[{"images": ["samples/CAM_FRONT_LEFT/n015-2018-08-02-17-28-51+0800__CAM_FRONT_LEFT__1533202750654844.jpg", "samples/CAM_FRONT/n015-2018-08-02-17-28-51+0800__CAM_FRONT__1533202750662460.jpg", "samples/CAM_FRONT_RIGHT/n015-2018-08-02-17-28-51+0800__CAM_FRONT_RIGHT__1533202750670339.jpg", "samples/CAM_BACK_LEFT/n015-2018-08-02-17-28-51+0800__CAM_BACK_LEFT__1533202750697423.jpg", "samples/CAM_BACK/n015-2018-08-02-17-28-51+0800__CAM_BACK__1533202750687525.jpg", "samples/CAM_BACK_RIGHT/n015-2018-08-02-17-28-51+0800__CAM_BACK_RIGHT__1533202750677893.jpg"], "intrinsics": [[[1272.5979470598488, 0.0, 826.6154927353808], [0.0, 1272.5979470598488, 479.75165386361925], [0.0, 0.0, 1.0]], [[1266.417203046554, 0.0, 816.2670197447984], [0.0, 1266.417203046554, 491.50706579294757], [0.0, 0.0, 1.0]], [[1260.8474446004698, 0.0, 807.968244525554], [0.0, 1260.8474446004698, 495.3344268742088], [0.0, 0.0, 1.0]], [[1256.7414812095406, 0.0, 792.1125740759628], [0.0, 1256.7414812095406, 492.7757465151356], [0.0, 0.0, 1.0]], [[809.2209905677063, 0.0, 829.2196003259838], [0.0, 809.2209905677063, 481.77842384512485], [0.0, 0.0, 1.0]], [[1259.5137405846733, 0.0, 807.2529053838625], [0.0, 1259.5137405846733, 501.19579884916527], [0.0, 0.0, 1.0]]], "extrinsics": [[[0.8202895522117615, -0.5718032717704773, 0.012889904901385307, -0.546875], [0.0024096949491649866, -0.019081512466073036, -0.9998149871826172, 1.509484052658081], [0.5719434022903442, 0.8201687932014465, -0.014274495653808117, -0.98919677734375], [0.0, 0.0, 0.0, 1.0]], [[0.005006194114685059, -0.9997262358665466, 0.022857582196593285, 0.00750732421875], [-0.002588205737993121, -0.0228707455098629, -0.9997351169586182, 1.5194473266601562], [0.9999840259552002, 0.004945653025060892, -0.0027019931003451347, -1.27008056640625], [0.0, 0.0, 0.0, 1.0]], [[-0.8331897854804993, -0.5529870986938477, 0.00016831260290928185, 0.75567626953125], [0.003363135037943721, -0.005371622275561094, -0.9999798536300659, 1.504762887954712], [0.5529769062995911, -0.8331724405288696, 0.0063353534787893295, -1.0648193359375], [0.0, 0.0, 0.0, 1.0]], [[0.9477485418319702, 0.3190153241157532, 0.0013528229901567101, -1.12091064453125], [0.013107827864587307, -0.03470376878976822, -0.9993116855621338, 1.5888481140136719], [-0.31874880194664, 0.9471139311790466, -0.03707204759120941, -0.11083984375], [0.0, 0.0, 0.0, 1.0]], [[0.002661797683686018, 0.9996824264526367, -0.025062398985028267, 0.00311279296875], [-0.012694058939814568, -0.02502668835222721, -0.999606192111969, 1.5776376724243164], [-0.9999158978462219, 0.002978871576488018, 0.012623409740626812, -0.13372802734375], [0.0, 0.0, 0.0, 1.0]], [[-0.9345882534980774, 0.35505911707878113, -0.021858522668480873, 0.90655517578125], [0.019550733268260956, -0.01008662674576044, -0.9997580051422119, 1.556253433227539], [-0.3551936447620392, -0.9347894787788391, 0.002485179342329502, -0.1507568359375], [0.0, 0.0, 0.0, 1.0]]], "view": [[0.0, -2.0, 100.0], [-2.0, 0.0, 100.0], [0.0, 0.0, 1.0]], "bev": "bev_d74a5ac7f8214c5d9651711b122fbdbe.png", "aux": "aux_d74a5ac7f8214c5d9651711b122fbdbe.npz", "visibility": "visibility_d74a5ac7f8214c5d9651711b122fbdbe.png", "pose": [[-0.37918373942375183, 0.9253214001655579, 0.0, 320.30096435546875], [-0.9253214001655579, -0.37918373942375183, 0.0, 973.2714233398438], [0.0, 0.0, 1.0, 0.0], [0.0, 0.0, 0.0, 1.0]], "pose_inverse": [[-0.37918373942375183, -0.9253214001655579, 0.0, 1022.0418090820312], [0.9253214001655579, -0.37918373942375183, 0.0, 72.6673583984375], [0.0, 0.0, 1.0, 0.0], [0.0, 0.0, 0.0, 1.0]], "cam_ids": [0, 1, 2, 3, 4, 5], "cam_channels": ["CAM_FRONT_LEFT", "CAM_FRONT", "CAM_FRONT_RIGHT", "CAM_BACK_LEFT", "CAM_BACK", "CAM_BACK_RIGHT"], "token": "d74a5ac7f8214c5d9651711b122fbdbe", "scene": "scene-0359"}, {"images": ["samples/CAM_FRONT_LEFT/n015-2018-08-02-17-28-51+0800__CAM_FRONT_LEFT__1533202751154844.jpg", "samples/CAM_FRONT/n015-2018-08-02-17-28-51+0800__CAM_FRONT__1533202751162460.jpg", "samples/CAM_FRONT_RIGHT/n015-2018-08-02-17-28-51+0800__CAM_FRONT_RIGHT__1533202751170339.jpg", "samples/CAM_BACK_LEFT/n015-2018-08-02-17-28-51+0800__CAM_BACK_LEFT__1533202751197423.jpg", "samples/CAM_BACK/n015-2018-08-02-17-28-51+0800__CAM_BACK__1533202751187525.jpg", "samples/CAM_BACK_RIGHT/n015-2018-08-02-17-28-51+0800__CAM_BACK_RIGHT__1533202751177893.jpg"], "intrinsics": [[[1272.5979470598488, 0.0, 826.6154927353808], [0.0, 1272.5979470598488, 479.75165386361925], [0.0, 0.0, 1.0]], [[1266.417203046554, 0.0, 816.2670197447984], [0.0, 1266.417203046554, 491.50706579294757], [0.0, 0.0, 1.0]], [[1260.8474446004698, 0.0, 807.968244525554], [0.0, 1260.8474446004698, 495.3344268742088], [0.0, 0.0, 1.0]], [[1256.7414812095406, 0.0, 792.1125740759628], [0.0, 1256.7414812095406, 492.7757465151356], [0.0, 0.0, 1.0]], [[809.2209905677063, 0.0, 829.2196003259838], [0.0, 809.2209905677063, 481.77842384512485], [0.0, 0.0, 1.0]], [[1259.5137405846733, 0.0, 807.2529053838625], [0.0, 1259.5137405846733, 501.19579884916527], [0.0, 0.0, 1.0]]], "extrinsics": [[[0.8207991719245911, -0.5711986422538757, 0.004579139873385429, -0.53704833984375], [-0.002669817768037319, -0.011852594092488289, -0.9999262094497681, 1.5068564414978027], [0.5712108016014099, 0.8207262754440308, -0.011253593489527702, -0.982421875], [0.0, 0.0, 0.0, 1.0]], [[0.005724169779568911, -0.9998587369918823, 0.01580272614955902, 0.00753021240234375], [-0.007864883169531822, -0.01584751345217228, -0.9998434782028198, 1.51713228225708], [0.9999526739120483, 0.0055989548563957214, -0.007954484783113003, -1.25982666015625], [0.0, 0.0, 0.0, 1.0]], [[-0.8329282402992249, -0.5533800721168518, 0.0009903376922011375, 0.7490234375], [-0.0021269950084388256, 0.0014118690742179751, -0.9999967217445374, 1.5029208660125732], [0.5533768534660339, -0.8329275846481323, -0.002353022340685129, -1.060546875], [0.0, 0.0, 0.0, 1.0]], [[0.9479007720947266, 0.31855595111846924, -0.0024859432596713305, -1.11749267578125], [0.006990065332502127, -0.028600165620446205, -0.9995664954185486, 1.588648796081543], [-0.3184889853000641, 0.9474725723266602, -0.029336847364902496, -0.1089630126953125], [0.0, 0.0, 0.0, 1.0]], [[0.0025947957765311003, 0.9998200535774231, -0.01879870519042015, 0.00452423095703125], [-0.01859743893146515, -0.018747268244624138, -0.9996512532234192, 1.5767383575439453], [-0.9998237490653992, 0.0029435211326926947, 0.01854543946683407, -0.13763427734375], [0.0, 0.0, 0.0, 1.0]], [[-0.9348095059394836, 0.3548644781112671, -0.014228749088943005, 0.9013671875], [0.013875420205295086, -0.003540560370311141, -0.9998974800109863, 1.5549354553222656], [-0.35487842559814453, -0.9349110722541809, -0.0016141441883519292, -0.152801513671875], [0.0, 0.0, 0.0, 1.0]]], "view": [[0.0, -2.0, 100.0], [-2.0, 0.0, 100.0], [0.0, 0.0, 1.0]], "bev": "bev_72bb457fb5af40e8990e28fcc0e27cfa.png", "aux": "aux_72bb457fb5af40e8990e28fcc0e27cfa.npz", "visibility": "visibility_72bb457fb5af40e8990e28fcc0e27cfa.png", "pose": [[-0.3802517056465149, 0.9248830676078796, 0.0, 318.07373046875], [-0.9248830676078796, -0.3802517056465149, 0.0, 967.905517578125], [0.0, 0.0, 1.0, 0.0], [0.0, 0.0, 0.0, 1.0]], "pose_inverse": [[-0.3802517056465149, -0.9248830676078796, 0.0, 1016.1474609375], [0.9248830676078796, -0.3802517056465149, 0.0, 73.86671447753906], [0.0, 0.0, 1.0, 0.0], [0.0, 0.0, 0.0, 1.0]], "cam_ids": [0, 1, 2, 3, 4, 5], "cam_channels": ["CAM_FRONT_LEFT", "CAM_FRONT", "CAM_FRONT_RIGHT", "CAM_BACK_LEFT", "CAM_BACK", "CAM_BACK_RIGHT"], "token": "72bb457fb5af40e8990e28fcc0e27cfa", "scene": "scene-0359"}, {"images": ["samples/CAM_FRONT_LEFT/n015-2018-08-02-17-28-51+0800__CAM_FRONT_LEFT__1533202751654844.jpg", "samples/CAM_FRONT/n015-2018-08-02-17-28-51+0800__CAM_FRONT__1533202751662460.jpg", "samples/CAM_FRONT_RIGHT/n015-2018-08-02-17-28-51+0800__CAM_FRONT_RIGHT__1533202751670339.jpg", "samples/CAM_BACK_LEFT/n015-2018-08-02-17-28-51+0800__CAM_BACK_LEFT__1533202751697423.jpg", "samples/CAM_BACK/n015-2018-08-02-17-28-51+0800__CAM_BACK__1533202751687525.jpg", "samples/CAM_BACK_RIGHT/n015-2018-08-02-17-28-51+0800__CAM_BACK_RIGHT__1533202751677893.jpg"], "intrinsics": [[[1272.5979470598488, 0.0, 826.6154927353808], [0.0, 1272.5979470598488, 479.75165386361925], [0.0, 0.0, 1.0]], [[1266.417203046554, 0.0, 816.2670197447984], [0.0, 1266.417203046554, 491.50706579294757], [0.0, 0.0, 1.0]], [[1260.8474446004698, 0.0, 807.968244525554], [0.0, 1260.8474446004698, 495.3344268742088], [0.0, 0.0, 1.0]], [[1256.7414812095406, 0.0, 792.1125740759628], [0.0, 1256.7414812095406, 492.7757465151356], [0.0, 0.0, 1.0]], [[809.2209905677063, 0.0, 829.2196003259838], [0.0, 809.2209905677063, 481.77842384512485], [0.0, 0.0, 1.0]], [[1259.5137405846733, 0.0, 807.2529053838625], [0.0, 1259.5137405846733, 501.19579884916527], [0.0, 0.0, 1.0]]], "extrinsics": [[[0.8212239146232605, -0.5705565810203552, 0.007508089300245047, -0.53424072265625], [-0.00293045025318861, -0.017375100404024124, -0.9998447299003601, 1.5067253112792969], [0.5705985426902771, 0.8210744261741638, -0.015940837562084198, -0.9818115234375], [0.0, 0.0, 0.0, 1.0]], [[0.0062614670023322105, -0.999738872051239, 0.021977251395583153, 0.00811004638671875], [-0.007992301136255264, -0.022027011960744858, -0.9997254610061646, 1.5170764923095703], [0.9999483823776245, 0.006084028631448746, -0.008128134533762932, -1.25872802734375], [0.0, 0.0, 0.0, 1.0]], [[-0.8327669501304626, -0.5536034107208252, 0.004736325703561306, 0.7489013671875], [-0.0021183171775192022, -0.005368791986256838, -0.9999833106994629, 1.5029232501983643], [0.5536196231842041, -0.8327630758285522, 0.0032982456032186747, -1.060394287109375], [0.0, 0.0, 0.0, 1.0]], [[0.9477328658103943, 0.3190269470214844, -0.004908321890980005, -1.123291015625], [0.007355065550655127, -0.03722389042377472, -0.9992798566818237, 1.588698387145996], [-0.3189798891544342, 0.947014331817627, -0.037624772638082504, -0.109954833984375], [0.0, 0.0, 0.0, 1.0]], [[0.0023250035010278225, 0.999638557434082, -0.026784056797623634, 0.00337982177734375], [-0.01833907514810562, -0.026737000793218613, -0.999474287033081, 1.5768394470214844], [-0.9998291730880737, 0.002814986277371645, 0.018270283937454224, -0.13482666015625], [0.0, 0.0, 0.0, 1.0]], [[-0.9348242282867432, 0.3547055721282959, -0.016955973580479622, 0.90203857421875], [0.014011278748512268, -0.010868801735341549, -0.9998428225517273, 1.5549564361572266], [-0.3548341691493988, -0.9349148869514465, 0.0051905387081205845, -0.1529541015625], [0.0, 0.0, 0.0, 1.0]]], "view": [[0.0, -2.0, 100.0], [-2.0, 0.0, 100.0], [0.0, 0.0, 1.0]], "bev": "bev_bccf0d493e1e473ca757fe8eb68f81f7.png", "aux": "aux_bccf0d493e1e473ca757fe8eb68f81f7.npz", "visibility": "visibility_bccf0d493e1e473ca757fe8eb68f81f7.png", "pose": [[-0.38275212049484253, 0.9238510727882385, 0.0, 315.7995910644531], [-0.9238510727882385, -0.38275212049484253, 0.0, 962.4671630859375], [0.0, 0.0, 1.0, 0.0], [0.0, 0.0, 0.0, 1.0]], "pose_inverse": [[-0.38275212049484253, -0.9238510727882385, 0.0, 1010.04931640625], [0.9238510727882385, -0.38275212049484253, 0.0, 76.63455963134766], [0.0, 0.0, 1.0, 0.0], [0.0, 0.0, 0.0, 1.0]], "cam_ids": [0, 1, 2, 3, 4, 5], "cam_channels": ["CAM_FRONT_LEFT", "CAM_FRONT", "CAM_FRONT_RIGHT", "CAM_BACK_LEFT", "CAM_BACK", "CAM_BACK_RIGHT"], "token": "bccf0d493e1e473ca757fe8eb68f81f7", "scene": "scene-0359"}, {"images": ["samples/CAM_FRONT_LEFT/n015-2018-08-02-17-28-51+0800__CAM_FRONT_LEFT__1533202752154844.jpg", "samples/CAM_FRONT/n015-2018-08-02-17-28-51+0800__CAM_FRONT__1533202752162460.jpg", "samples/CAM_FRONT_RIGHT/n015-2018-08-02-17-28-51+0800__CAM_FRONT_RIGHT__1533202752170339.jpg", "samples/CAM_BACK_LEFT/n015-2018-08-02-17-28-51+0800__CAM_BACK_LEFT__1533202752197423.jpg", "samples/CAM_BACK/n015-2018-08-02-17-28-51+0800__CAM_BACK__1533202752187525.jpg", "samples/CAM_BACK_RIGHT/n015-2018-08-02-17-28-51+0800__CAM_BACK_RIGHT__1533202752177893.jpg"], "intrinsics": [[[1272.5979470598488, 0.0, 826.6154927353808], [0.0, 1272.5979470598488, 479.75165386361925], [0.0, 0.0, 1.0]], [[1266.417203046554, 0.0, 816.2670197447984], [0.0, 1266.417203046554, 491.50706579294757], [0.0, 0.0, 1.0]], [[1260.8474446004698, 0.0, 807.968244525554], [0.0, 1260.8474446004698, 495.3344268742088], [0.0, 0.0, 1.0]], [[1256.7414812095406, 0.0, 792.1125740759628], [0.0, 1256.7414812095406, 492.7757465151356], [0.0, 0.0, 1.0]], [[809.2209905677063, 0.0, 829.2196003259838], [0.0, 809.2209905677063, 481.77842384512485], [0.0, 0.0, 1.0]], [[1259.5137405846733, 0.0, 807.2529053838625], [0.0, 1259.5137405846733, 501.19579884916527], [0.0, 0.0, 1.0]]], "extrinsics": [[[0.8206962943077087, -0.5711204409599304, 0.01670127362012863, -0.54498291015625], [0.00011454486957518384, -0.029066037386655807, -0.9995774626731873, 1.5082286596298218], [0.5713645815849304, 0.8203514814376831, -0.023788973689079285, -0.9844970703125], [0.0, 0.0, 0.0, 1.0]], [[0.005631680600345135, -0.9994462132453918, 0.03279624134302139, 0.0053863525390625], [-0.0052892956882715225, -0.032826073467731476, -0.9994471073150635, 1.5182113647460938], [0.9999701976776123, 0.005455121863633394, -0.005471233744174242, -1.2664794921875], [0.0, 0.0, 0.0, 1.0]], [[-0.832922637462616, -0.5533266663551331, 0.008323236368596554, 0.752197265625], [0.0002273184945806861, -0.015382572077214718, -0.9998816251754761, 1.5036988258361816], [0.5533892512321472, -0.8328222632408142, 0.012938277795910835, -1.064422607421875], [0.0, 0.0, 0.0, 1.0]], [[0.9477074146270752, 0.31907960772514343, -0.0062194885686039925, -1.1246337890625], [0.008637568913400173, -0.045126065611839294, -0.9989439249038696, 1.5887126922607422], [-0.31902334094047546, 0.9466529488563538, -0.045522380620241165, -0.1095733642578125], [0.0, 0.0, 0.0, 1.0]], [[0.0023056312929838896, 0.9993715882301331, -0.03537105768918991, 0.00350189208984375], [-0.01671553961932659, -0.035327691584825516, -0.999235987663269, 1.5770854949951172], [-0.9998576641082764, 0.0028950523119419813, 0.016623584553599358, -0.1329345703125], [0.0, 0.0, 0.0, 1.0]], [[-0.9347977042198181, 0.35448986291885376, -0.022139104083180428, 0.904541015625], [0.01601364091038704, -0.0202043354511261, -0.9996676445007324, 1.555405616760254], [-0.3548193573951721, -0.934841513633728, 0.013210293836891651, -0.152435302734375], [0.0, 0.0, 0.0, 1.0]]], "view": [[0.0, -2.0, 100.0], [-2.0, 0.0, 100.0], [0.0, 0.0, 1.0]], "bev": "bev_ce0debc00191416b8b2114d1cae85086.png", "aux": "aux_ce0debc00191416b8b2114d1cae85086.npz", "visibility": "visibility_ce0debc00191416b8b2114d1cae85086.png", "pose": [[-0.38635820150375366, 0.9223487973213196, 0.0, 313.526611328125], [-0.9223487973213196, -0.38635820150375366, 0.0, 957.030517578125], [0.0, 0.0, 1.0, 0.0], [0.0, 0.0, 0.0, 1.0]], "pose_inverse": [[-0.38635820150375366, -0.9223487973213196, 0.0, 1003.8495483398438], [0.9223487973213196, -0.38635820150375366, 0.0, 80.57568359375], [0.0, 0.0, 1.0, 0.0], [0.0, 0.0, 0.0, 1.0]], "cam_ids": [0, 1, 2, 3, 4, 5], "cam_channels": ["CAM_FRONT_LEFT", "CAM_FRONT", "CAM_FRONT_RIGHT", "CAM_BACK_LEFT", "CAM_BACK", "CAM_BACK_RIGHT"], "token": "ce0debc00191416b8b2114d1cae85086", "scene": "scene-0359"}, {"images": ["samples/CAM_FRONT_LEFT/n015-2018-08-02-17-28-51+0800__CAM_FRONT_LEFT__1533202752654844.jpg", "samples/CAM_FRONT/n015-2018-08-02-17-28-51+0800__CAM_FRONT__1533202752662460.jpg", "samples/CAM_FRONT_RIGHT/n015-2018-08-02-17-28-51+0800__CAM_FRONT_RIGHT__1533202752670339.jpg", "samples/CAM_BACK_LEFT/n015-2018-08-02-17-28-51+0800__CAM_BACK_LEFT__1533202752697423.jpg", "samples/CAM_BACK/n015-2018-08-02-17-28-51+0800__CAM_BACK__1533202752687525.jpg", "samples/CAM_BACK_RIGHT/n015-2018-08-02-17-28-51+0800__CAM_BACK_RIGHT__1533202752677943.jpg"], "intrinsics": [[[1272.5979470598488, 0.0, 826.6154927353808], [0.0, 1272.5979470598488, 479.75165386361925], [0.0, 0.0, 1.0]], [[1266.417203046554, 0.0, 816.2670197447984], [0.0, 1266.417203046554, 491.50706579294757], [0.0, 0.0, 1.0]], [[1260.8474446004698, 0.0, 807.968244525554], [0.0, 1260.8474446004698, 495.3344268742088], [0.0, 0.0, 1.0]], [[1256.7414812095406, 0.0, 792.1125740759628], [0.0, 1256.7414812095406, 492.7757465151356], [0.0, 0.0, 1.0]], [[809.2209905677063, 0.0, 829.2196003259838], [0.0, 809.2209905677063, 481.77842384512485], [0.0, 0.0, 1.0]], [[1259.5137405846733, 0.0, 807.2529053838625], [0.0, 1259.5137405846733, 501.19579884916527], [0.0, 0.0, 1.0]]], "extrinsics": [[[0.8212665319442749, -0.5703391432762146, 0.015314918011426926, -0.52667236328125], [-0.0032284834887832403, -0.03148774430155754, -0.9994989037513733, 1.5065984725952148], [0.5705355405807495, 0.8208056092262268, -0.027701159939169884, -0.97845458984375], [0.0, 0.0, 0.0, 1.0]], [[0.006508511491119862, -0.9993494749069214, 0.035470910370349884, 0.0098114013671875], [-0.008433463051915169, -0.035525258630514145, -0.9993332028388977, 1.5168933868408203], [0.9999432563781738, 0.006205038633197546, -0.008659192360937595, -1.252685546875], [0.0, 0.0, 0.0, 1.0]], [[-0.8325453400611877, -0.5538185238838196, 0.012380538508296013, 0.74639892578125], [-0.002684543840587139, -0.018315410241484642, -0.9998286366462708, 1.5027496814727783], [0.5539504289627075, -0.8324359655380249, 0.01376166008412838, -1.056671142578125], [0.0, 0.0, 0.0, 1.0]], [[0.947669506072998, 0.31911614537239075, -0.009350934065878391, -1.125732421875], [0.006551575381308794, -0.048723187297582626, -0.9987908005714417, 1.5886759757995605], [-0.31918588280677795, 0.9464623332023621, -0.04826418682932854, -0.1093902587890625], [0.0, 0.0, 0.0, 1.0]], [[0.0019340120488777757, 0.9992473125457764, -0.03874405473470688, 0.002288818359375], [-0.019054001197218895, -0.038700271397829056, -0.9990691542625427, 1.5767803192138672], [-0.9998165965080261, 0.0026704110205173492, 0.01896481215953827, -0.13482666015625], [0.0, 0.0, 0.0, 1.0]], [[-0.9350285530090332, 0.3539641499519348, -0.020759155973792076, 0.89984130859375], [0.013362515717744827, -0.02332812175154686, -0.999638557434082, 1.554854393005371], [-0.3543204963207245, -0.9349679946899414, 0.017082609236240387, -0.151824951171875], [0.0, 0.0, 0.0, 1.0]]], "view": [[0.0, -2.0, 100.0], [-2.0, 0.0, 100.0], [0.0, 0.0, 1.0]], "bev": "bev_6cd4e483f154478fa7a992a9b000b8bf.png", "aux": "aux_6cd4e483f154478fa7a992a9b000b8bf.npz", "visibility": "visibility_6cd4e483f154478fa7a992a9b000b8bf.png", "pose": [[-0.3873388171195984, 0.9219374656677246, 0.0, 311.2688293457031], [-0.9219374656677246, -0.3873388171195984, 0.0, 951.6311645507812], [0.0, 0.0, 1.0, 0.0], [0.0, 0.0, 0.0, 1.0]], "pose_inverse": [[-0.3873388171195984, -0.9219374656677246, 0.0, 997.910888671875], [0.9219374656677246, -0.3873388171195984, 0.0, 81.63330078125], [0.0, 0.0, 1.0, 0.0], [0.0, 0.0, 0.0, 1.0]], "cam_ids": [0, 1, 2, 3, 4, 5], "cam_channels": ["CAM_FRONT_LEFT", "CAM_FRONT", "CAM_FRONT_RIGHT", "CAM_BACK_LEFT", "CAM_BACK", "CAM_BACK_RIGHT"], "token": "6cd4e483f154478fa7a992a9b000b8bf", "scene": "scene-0359"}, {"images": ["samples/CAM_FRONT_LEFT/n015-2018-08-02-17-28-51+0800__CAM_FRONT_LEFT__1533202753154844.jpg", "samples/CAM_FRONT/n015-2018-08-02-17-28-51+0800__CAM_FRONT__1533202753162460.jpg", "samples/CAM_FRONT_RIGHT/n015-2018-08-02-17-28-51+0800__CAM_FRONT_RIGHT__1533202753170339.jpg", "samples/CAM_BACK_LEFT/n015-2018-08-02-17-28-51+0800__CAM_BACK_LEFT__1533202753197423.jpg", "samples/CAM_BACK/n015-2018-08-02-17-28-51+0800__CAM_BACK__1533202753187525.jpg", "samples/CAM_BACK_RIGHT/n015-2018-08-02-17-28-51+0800__CAM_BACK_RIGHT__1533202753177893.jpg"], "intrinsics": [[[1272.5979470598488, 0.0, 826.6154927353808], [0.0, 1272.5979470598488, 479.75165386361925], [0.0, 0.0, 1.0]], [[1266.417203046554, 0.0, 816.2670197447984], [0.0, 1266.417203046554, 491.50706579294757], [0.0, 0.0, 1.0]], [[1260.8474446004698, 0.0, 807.968244525554], [0.0, 1260.8474446004698, 495.3344268742088], [0.0, 0.0, 1.0]], [[1256.7414812095406, 0.0, 792.1125740759628], [0.0, 1256.7414812095406, 492.7757465151356], [0.0, 0.0, 1.0]], [[809.2209905677063, 0.0, 829.2196003259838], [0.0, 809.2209905677063, 481.77842384512485], [0.0, 0.0, 1.0]], [[1259.5137405846733, 0.0, 807.2529053838625], [0.0, 1259.5137405846733, 501.19579884916527], [0.0, 0.0, 1.0]]], "extrinsics": [[[0.8211294412612915, -0.5704697370529175, 0.01762954145669937, -0.53558349609375], [-0.005643900018185377, -0.03900332748889923, -0.9992231726646423, 1.5052309036254883], [0.5707141160964966, 0.8203919529914856, -0.03524645045399666, -0.97979736328125], [0.0, 0.0, 0.0, 1.0]], [[0.006424017250537872, -0.9990513920783997, 0.04306810349225998, 0.0067291259765625], [-0.01069870125502348, -0.04313519597053528, -0.9990119934082031, 1.5158414840698242], [0.9999221563339233, 0.005956960376352072, -0.01096565742045641, -1.258544921875], [0.0, 0.0, 0.0, 1.0]], [[-0.8325350284576416, -0.553663969039917, 0.018481571227312088, 0.748291015625], [-0.004858940839767456, -0.02606244385242462, -0.9996484518051147, 1.5019726753234863], [0.5539510250091553, -0.832332193851471, 0.01900768093764782, -1.060699462890625], [0.0, 0.0, 0.0, 1.0]], [[0.9476079940795898, 0.31914037466049194, -0.013727324083447456, -1.12115478515625], [0.004680224694311619, -0.056840185075998306, -0.9983723163604736, 1.5886582136154175], [-0.31940117478370667, 0.9460013508796692, -0.05535586178302765, -0.110748291015625], [0.0, 0.0, 0.0, 1.0]], [[0.0017414494650438428, 0.9989061951637268, -0.04672883823513985, 0.00319671630859375], [-0.02105299010872841, -0.046681929379701614, -0.9986879229545593, 1.5764408111572266], [-0.9997768402099609, 0.0027229832485318184, 0.020948665216565132, -0.13629150390625], [0.0, 0.0, 0.0, 1.0]], [[-0.9351029992103577, 0.3537188768386841, -0.02157147042453289, 0.90155029296875], [0.011258154176175594, -0.031188830733299255, -0.9994500875473022, 1.554265022277832], [-0.3541971743106842, -0.9348316192626953, 0.02518254704773426, -0.152801513671875], [0.0, 0.0, 0.0, 1.0]]], "view": [[0.0, -2.0, 100.0], [-2.0, 0.0, 100.0], [0.0, 0.0, 1.0]], "bev": "bev_0f8be4217fd845df97a01f8e6ce1bbbc.png", "aux": "aux_0f8be4217fd845df97a01f8e6ce1bbbc.npz", "visibility": "visibility_0f8be4217fd845df97a01f8e6ce1bbbc.png", "pose": [[-0.38616180419921875, 0.9224310517311096, 0.0, 308.9745788574219], [-0.9224310517311096, -0.38616180419921875, 0.0, 946.1311645507812], [0.0, 0.0, 1.0, 0.0], [0.0, 0.0, 0.0, 1.0]], "pose_inverse": [[-0.38616180419921875, -0.9224310517311096, 0.0, 992.054931640625], [0.9224310517311096, -0.38616180419921875, 0.0, 80.35198211669922], [0.0, 0.0, 1.0, 0.0], [0.0, 0.0, 0.0, 1.0]], "cam_ids": [0, 1, 2, 3, 4, 5], "cam_channels": ["CAM_FRONT_LEFT", "CAM_FRONT", "CAM_FRONT_RIGHT", "CAM_BACK_LEFT", "CAM_BACK", "CAM_BACK_RIGHT"], "token": "0f8be4217fd845df97a01f8e6ce1bbbc", "scene": "scene-0359"}, {"images": ["samples/CAM_FRONT_LEFT/n015-2018-08-02-17-28-51+0800__CAM_FRONT_LEFT__1533202753654844.jpg", "samples/CAM_FRONT/n015-2018-08-02-17-28-51+0800__CAM_FRONT__1533202753662460.jpg", "samples/CAM_FRONT_RIGHT/n015-2018-08-02-17-28-51+0800__CAM_FRONT_RIGHT__1533202753670339.jpg", "samples/CAM_BACK_LEFT/n015-2018-08-02-17-28-51+0800__CAM_BACK_LEFT__1533202753697423.jpg", "samples/CAM_BACK/n015-2018-08-02-17-28-51+0800__CAM_BACK__1533202753687525.jpg", "samples/CAM_BACK_RIGHT/n015-2018-08-02-17-28-51+0800__CAM_BACK_RIGHT__1533202753677893.jpg"], "intrinsics": [[[1272.5979470598488, 0.0, 826.6154927353808], [0.0, 1272.5979470598488, 479.75165386361925], [0.0, 0.0, 1.0]], [[1266.417203046554, 0.0, 816.2670197447984], [0.0, 1266.417203046554, 491.50706579294757], [0.0, 0.0, 1.0]], [[1260.8474446004698, 0.0, 807.968244525554], [0.0, 1260.8474446004698, 495.3344268742088], [0.0, 0.0, 1.0]], [[1256.7414812095406, 0.0, 792.1125740759628], [0.0, 1256.7414812095406, 492.7757465151356], [0.0, 0.0, 1.0]], [[809.2209905677063, 0.0, 829.2196003259838], [0.0, 809.2209905677063, 481.77842384512485], [0.0, 0.0, 1.0]], [[1259.5137405846733, 0.0, 807.2529053838625], [0.0, 1259.5137405846733, 501.19579884916527], [0.0, 0.0, 1.0]]], "extrinsics": [[[0.8211688995361328, -0.5703650712966919, 0.019109956920146942, -0.53369140625], [-0.0033314628526568413, -0.03827643394470215, -0.9992616176605225, 1.5065760612487793], [0.5706753134727478, 0.8204989433288574, -0.03333156928420067, -0.9827880859375], [0.0, 0.0, 0.0, 1.0]], [[0.00630961824208498, -0.9990848302841187, 0.04230370745062828, 0.0093841552734375], [-0.008790395222604275, -0.04235833138227463, -0.9990638494491577, 1.5167856216430664], [0.9999414682388306, 0.005931891966611147, -0.009049614891409874, -1.25836181640625], [0.0, 0.0, 0.0, 1.0]], [[-0.8326660394668579, -0.553520917892456, 0.016783088445663452, 0.748779296875], [-0.003361489623785019, -0.025254040956497192, -0.9996753931045532, 1.5025289058685303], [0.5537651181221008, -0.8324522972106934, 0.019167529419064522, -1.058685302734375], [0.0, 0.0, 0.0, 1.0]], [[0.947623610496521, 0.31911033391952515, -0.013342469930648804, -1.122314453125], [0.004871005192399025, -0.05620969831943512, -0.9984070658683777, 1.5886605978012085], [-0.3193519711494446, 0.9460492134094238, -0.05482003092765808, -0.1104888916015625], [0.0, 0.0, 0.0, 1.0]], [[0.0019723603036254644, 0.9989389777183533, -0.04601190611720085, 0.002655029296875], [-0.020432569086551666, -0.0459621325135231, -0.998734176158905, 1.5765514373779297], [-0.9997892379760742, 0.002910032169893384, 0.020320232957601547, -0.136474609375], [0.0, 0.0, 0.0, 1.0]], [[-0.9349589347839355, 0.3540526032447815, -0.022328130900859833, 0.9000244140625], [0.012356464751064777, -0.030400339514017105, -0.9994614720344543, 1.5545940399169922], [-0.35454073548316956, -0.9347313046455383, 0.024048229679465294, -0.152313232421875], [0.0, 0.0, 0.0, 1.0]]], "view": [[0.0, -2.0, 100.0], [-2.0, 0.0, 100.0], [0.0, 0.0, 1.0]], "bev": "bev_ee21ad8eaaf744fe9f2a9b5827c67fae.png", "aux": "aux_ee21ad8eaaf744fe9f2a9b5827c67fae.npz", "visibility": "visibility_ee21ad8eaaf744fe9f2a9b5827c67fae.png", "pose": [[-0.3867940306663513, 0.922166109085083, 0.0, 306.7067565917969], [-0.922166109085083, -0.3867940306663513, 0.0, 940.7319946289062], [0.0, 0.0, 1.0, 0.0], [0.0, 0.0, 0.0, 1.0]], "pose_inverse": [[-0.3867940306663513, -0.922166109085083, 0.0, 986.1435546875], [0.922166109085083, -0.3867940306663513, 0.0, 81.03495025634766], [0.0, 0.0, 1.0, 0.0], [0.0, 0.0, 0.0, 1.0]], "cam_ids": [0, 1, 2, 3, 4, 5], "cam_channels": ["CAM_FRONT_LEFT", "CAM_FRONT", "CAM_FRONT_RIGHT", "CAM_BACK_LEFT", "CAM_BACK", "CAM_BACK_RIGHT"], "token": "ee21ad8eaaf744fe9f2a9b5827c67fae", "scene": "scene-0359"}, {"images": ["samples/CAM_FRONT_LEFT/n015-2018-08-02-17-28-51+0800__CAM_FRONT_LEFT__1533202754154844.jpg", "samples/CAM_FRONT/n015-2018-08-02-17-28-51+0800__CAM_FRONT__1533202754162460.jpg", "samples/CAM_FRONT_RIGHT/n015-2018-08-02-17-28-51+0800__CAM_FRONT_RIGHT__1533202754170339.jpg", "samples/CAM_BACK_LEFT/n015-2018-08-02-17-28-51+0800__CAM_BACK_LEFT__1533202754197423.jpg", "samples/CAM_BACK/n015-2018-08-02-17-28-51+0800__CAM_BACK__1533202754187525.jpg", "samples/CAM_BACK_RIGHT/n015-2018-08-02-17-28-51+0800__CAM_BACK_RIGHT__1533202754177893.jpg"], "intrinsics": [[[1272.5979470598488, 0.0, 826.6154927353808], [0.0, 1272.5979470598488, 479.75165386361925], [0.0, 0.0, 1.0]], [[1266.417203046554, 0.0, 816.2670197447984], [0.0, 1266.417203046554, 491.50706579294757], [0.0, 0.0, 1.0]], [[1260.8474446004698, 0.0, 807.968244525554], [0.0, 1260.8474446004698, 495.3344268742088], [0.0, 0.0, 1.0]], [[1256.7414812095406, 0.0, 792.1125740759628], [0.0, 1256.7414812095406, 492.7757465151356], [0.0, 0.0, 1.0]], [[809.2209905677063, 0.0, 829.2196003259838], [0.0, 809.2209905677063, 481.77842384512485], [0.0, 0.0, 1.0]], [[1259.5137405846733, 0.0, 807.2529053838625], [0.0, 1259.5137405846733, 501.19579884916527], [0.0, 0.0, 1.0]]], "extrinsics": [[[0.8205981254577637, -0.5711526274681091, 0.020084712654352188, -0.52215576171875], [-0.0007232688367366791, -0.03618134930729866, -0.9993449449539185, 1.5078644752502441], [0.5715051889419556, 0.8200461268424988, -0.030103443190455437, -0.97198486328125], [0.0, 0.0, 0.0, 1.0]], [[0.005409720819443464, -0.9991844296455383, 0.04001452401280403, 0.00748443603515625], [-0.005934907589107752, -0.04004649072885513, -0.9991801977157593, 1.5178675651550293], [0.9999676942825317, 0.005167780909687281, -0.006146707106381655, -1.24310302734375], [0.0, 0.0, 0.0, 1.0]], [[-0.8330813646316528, -0.5530053377151489, 0.012668171897530556, 0.7357177734375], [-0.00019192372565157712, -0.022612879052758217, -0.9997442364692688, 1.5035698413848877], [0.5531503558158875, -0.8328707814216614, 0.018732234835624695, -1.05206298828125], [0.0, 0.0, 0.0, 1.0]], [[0.9477007389068604, 0.3190571665763855, -0.008108505047857761, -1.11083984375], [0.009001651778817177, -0.05211614444851875, -0.998600423336029, 1.5888500213623047], [-0.3190331757068634, 0.9463014602661133, -0.052262552082538605, -0.1142120361328125], [0.0, 0.0, 0.0, 1.0]], [[0.00246656802482903, 0.9990948438644409, -0.04246755689382553, 0.00342559814453125], [-0.01662023365497589, -0.04242086410522461, -0.9989615678787231, 1.5768299102783203], [-0.9998587965965271, 0.003169780829921365, 0.01650056056678295, -0.14935302734375], [0.0, 0.0, 0.0, 1.0]], [[-0.9346821308135986, 0.3546386957168579, -0.024510934948921204, 0.88751220703125], [0.01581753045320511, -0.027392124757170677, -0.9994996786117554, 1.555649757385254], [-0.35513266921043396, -0.9346021413803101, 0.01999342069029808, -0.1585693359375], [0.0, 0.0, 0.0, 1.0]]], "view": [[0.0, -2.0, 100.0], [-2.0, 0.0, 100.0], [0.0, 0.0, 1.0]], "bev": "bev_1edfa17bad944bf88368ecf37e85fe25.png", "aux": "aux_1edfa17bad944bf88368ecf37e85fe25.npz", "visibility": "visibility_1edfa17bad944bf88368ecf37e85fe25.png", "pose": [[-0.38665392994880676, 0.9222248792648315, 0.0, 304.4298400878906], [-0.9222248792648315, -0.38665392994880676, 0.0, 935.310791015625], [0.0, 0.0, 1.0, 0.0], [0.0, 0.0, 0.0, 1.0]], "pose_inverse": [[-0.38665392994880676, -0.9222248792648315, 0.0, 980.27587890625], [0.9222248792648315, -0.38665392994880676, 0.0, 80.8888168334961], [0.0, 0.0, 1.0, 0.0], [0.0, 0.0, 0.0, 1.0]], "cam_ids": [0, 1, 2, 3, 4, 5], "cam_channels": ["CAM_FRONT_LEFT", "CAM_FRONT", "CAM_FRONT_RIGHT", "CAM_BACK_LEFT", "CAM_BACK", "CAM_BACK_RIGHT"], "token": "1edfa17bad944bf88368ecf37e85fe25", "scene": "scene-0359"}, {"images": ["samples/CAM_FRONT_LEFT/n015-2018-08-02-17-28-51+0800__CAM_FRONT_LEFT__1533202754654844.jpg", "samples/CAM_FRONT/n015-2018-08-02-17-28-51+0800__CAM_FRONT__1533202754662460.jpg", "samples/CAM_FRONT_RIGHT/n015-2018-08-02-17-28-51+0800__CAM_FRONT_RIGHT__1533202754670339.jpg", "samples/CAM_BACK_LEFT/n015-2018-08-02-17-28-51+0800__CAM_BACK_LEFT__1533202754697423.jpg", "samples/CAM_BACK/n015-2018-08-02-17-28-51+0800__CAM_BACK__1533202754687525.jpg", "samples/CAM_BACK_RIGHT/n015-2018-08-02-17-28-51+0800__CAM_BACK_RIGHT__1533202754677893.jpg"], "intrinsics": [[[1272.5979470598488, 0.0, 826.6154927353808], [0.0, 1272.5979470598488, 479.75165386361925], [0.0, 0.0, 1.0]], [[1266.417203046554, 0.0, 816.2670197447984], [0.0, 1266.417203046554, 491.50706579294757], [0.0, 0.0, 1.0]], [[1260.8474446004698, 0.0, 807.968244525554], [0.0, 1260.8474446004698, 495.3344268742088], [0.0, 0.0, 1.0]], [[1256.7414812095406, 0.0, 792.1125740759628], [0.0, 1256.7414812095406, 492.7757465151356], [0.0, 0.0, 1.0]], [[809.2209905677063, 0.0, 829.2196003259838], [0.0, 809.2209905677063, 481.77842384512485], [0.0, 0.0, 1.0]], [[1259.5137405846733, 0.0, 807.2529053838625], [0.0, 1259.5137405846733, 501.19579884916527], [0.0, 0.0, 1.0]]], "extrinsics": [[[0.8208332657814026, -0.5709661841392517, 0.015177978202700615, -0.51904296875], [-0.001456328434869647, -0.02866566739976406, -0.9995880126953125, 1.5075266361236572], [0.5711660385131836, 0.8204730153083801, -0.024361249059438705, -0.97283935546875], [0.0, 0.0, 0.0, 1.0]], [[0.005825564730912447, -0.9994509816169739, 0.032616399228572845, 0.00960540771484375], [-0.0067957122810184956, -0.03265577182173729, -0.9994435906410217, 1.517530918121338], [0.9999600052833557, 0.005600708536803722, -0.006982219871133566, -1.24127197265625], [0.0, 0.0, 0.0, 1.0]], [[-0.8328588604927063, -0.5534035563468933, 0.00951328407973051, 0.73516845703125], [-0.0011835374170914292, -0.015407252125442028, -0.9998805522918701, 1.5032446384429932], [0.5534840226173401, -0.8327707648277283, 0.012177095748484135, -1.049407958984375], [0.0, 0.0, 0.0, 1.0]], [[0.9477003216743469, 0.3190752863883972, -0.00741905253380537, -1.10662841796875], [0.00755210779607296, -0.0456576868891716, -0.9989286065101624, 1.5888466835021973], [-0.3190721571445465, 0.946628987789154, -0.045679494738578796, -0.1158447265625], [0.0, 0.0, 0.0, 1.0]], [[0.0022412424441426992, 0.9993592500686646, -0.03572383522987366, 0.00247955322265625], [-0.017929578199982643, -0.03567802533507347, -0.9992024898529053, 1.5766105651855469], [-0.999836802482605, 0.002879955805838108, 0.0178381260484457, -0.1524658203125], [0.0, 0.0, 0.0, 1.0]], [[-0.9348413944244385, 0.35444584488868713, -0.020968221127986908, 0.88507080078125], [0.014694444835186005, -0.02038288488984108, -0.9996842741966248, 1.5554141998291016], [-0.35476136207580566, -0.9348543882369995, 0.013846377842128277, -0.15771484375], [0.0, 0.0, 0.0, 1.0]]], "view": [[0.0, -2.0, 100.0], [-2.0, 0.0, 100.0], [0.0, 0.0, 1.0]], "bev": "bev_b3160c6dbfa84ddbb25b444472c57124.png", "aux": "aux_b3160c6dbfa84ddbb25b444472c57124.npz", "visibility": "visibility_b3160c6dbfa84ddbb25b444472c57124.png", "pose": [[-0.38251209259033203, 0.9239504933357239, 0.0, 302.1236267089844], [-0.9239504933357239, -0.38251209259033203, 0.0, 929.8178100585938], [0.0, 0.0, 1.0, 0.0], [0.0, 0.0, 0.0, 1.0]], "pose_inverse": [[-0.38251209259033203, -0.9239504933357239, 0.0, 974.6715698242188], [0.9239504933357239, -0.38251209259033203, 0.0, 76.51930236816406], [0.0, 0.0, 1.0, 0.0], [0.0, 0.0, 0.0, 1.0]], "cam_ids": [0, 1, 2, 3, 4, 5], "cam_channels": ["CAM_FRONT_LEFT", "CAM_FRONT", "CAM_FRONT_RIGHT", "CAM_BACK_LEFT", "CAM_BACK", "CAM_BACK_RIGHT"], "token": "b3160c6dbfa84ddbb25b444472c57124", "scene": "scene-0359"}, {"images": ["samples/CAM_FRONT_LEFT/n015-2018-08-02-17-28-51+0800__CAM_FRONT_LEFT__1533202755154844.jpg", "samples/CAM_FRONT/n015-2018-08-02-17-28-51+0800__CAM_FRONT__1533202755162468.jpg", "samples/CAM_FRONT_RIGHT/n015-2018-08-02-17-28-51+0800__CAM_FRONT_RIGHT__1533202755170339.jpg", "samples/CAM_BACK_LEFT/n015-2018-08-02-17-28-51+0800__CAM_BACK_LEFT__1533202755197423.jpg", "samples/CAM_BACK/n015-2018-08-02-17-28-51+0800__CAM_BACK__1533202755187525.jpg", "samples/CAM_BACK_RIGHT/n015-2018-08-02-17-28-51+0800__CAM_BACK_RIGHT__1533202755177893.jpg"], "intrinsics": [[[1272.5979470598488, 0.0, 826.6154927353808], [0.0, 1272.5979470598488, 479.75165386361925], [0.0, 0.0, 1.0]], [[1266.417203046554, 0.0, 816.2670197447984], [0.0, 1266.417203046554, 491.50706579294757], [0.0, 0.0, 1.0]], [[1260.8474446004698, 0.0, 807.968244525554], [0.0, 1260.8474446004698, 495.3344268742088], [0.0, 0.0, 1.0]], [[1256.7414812095406, 0.0, 792.1125740759628], [0.0, 1256.7414812095406, 492.7757465151356], [0.0, 0.0, 1.0]], [[809.2209905677063, 0.0, 829.2196003259838], [0.0, 809.2209905677063, 481.77842384512485], [0.0, 0.0, 1.0]], [[1259.5137405846733, 0.0, 807.2529053838625], [0.0, 1259.5137405846733, 501.19579884916527], [0.0, 0.0, 1.0]]], "extrinsics": [[[0.8204602599143982, -0.571596086025238, 0.011087681166827679, -0.53936767578125], [-0.0064775762148201466, -0.02868717536330223, -0.999567449092865, 1.5048389434814453], [0.571666955947876, 0.8200335502624512, -0.027239244431257248, -0.98193359375], [0.0, 0.0, 0.0, 1.0]], [[0.005444502457976341, -0.9994470477104187, 0.03280189260840416, 0.00604248046875], [-0.011691686697304249, -0.03286375850439072, -0.999391496181488, 1.5154304504394531], [0.9999168515205383, 0.005057652015239, -0.011864147149026394, -1.25970458984375], [0.0, 0.0, 0.0, 1.0]], [[-0.83298659324646, -0.5531247854232788, 0.013649986125528812, 0.74603271484375], [-0.005935723893344402, -0.01573546603322029, -0.999858558177948, 1.5015897750854492], [0.5532612800598145, -0.8329498171806335, 0.00982423685491085, -1.059967041015625], [0.0, 0.0, 0.0, 1.0]], [[0.9476701617240906, 0.3190405070781708, -0.0115922586992383, -1.10943603515625], [0.0032937873620539904, -0.04607974737882614, -0.9989323616027832, 1.5886644124984741], [-0.3192340135574341, 0.9466201663017273, -0.04471925273537636, -0.1146240234375], [0.0, 0.0, 0.0, 1.0]], [[0.0021559428423643112, 0.999343991279602, -0.03615247830748558, 0.003753662109375], [-0.022345315665006638, -0.03609539195895195, -0.999098539352417, 1.5760478973388672], [-0.9997479915618896, 0.0029618358239531517, 0.02225283347070217, -0.14532470703125], [0.0, 0.0, 0.0, 1.0]], [[-0.9348830580711365, 0.3545580804347992, -0.016802163794636726, 0.8966064453125], [0.010088018141686916, -0.020776746794581413, -0.9997332692146301, 1.5540189743041992], [-0.3548125922679901, -0.9348031878471375, 0.015847040340304375, -0.15570068359375], [0.0, 0.0, 0.0, 1.0]]], "view": [[0.0, -2.0, 100.0], [-2.0, 0.0, 100.0], [0.0, 0.0, 1.0]], "bev": "bev_3a8e7003ede54b008ec4589adc8c9db8.png", "aux": "aux_3a8e7003ede54b008ec4589adc8c9db8.npz", "visibility": "visibility_3a8e7003ede54b008ec4589adc8c9db8.png", "pose": [[-0.37645581364631653, 0.9264345765113831, 0.0, 299.94708251953125], [-0.9264345765113831, -0.37645581364631653, 0.0, 924.4992065429688], [0.0, 0.0, 1.0, 0.0], [0.0, 0.0, 0.0, 1.0]], "pose_inverse": [[-0.37645581364631653, -0.9264345765113831, 0.0, 969.4048461914062], [0.9264345765113831, -0.37645581364631653, 0.0, 70.15174102783203], [0.0, 0.0, 1.0, 0.0], [0.0, 0.0, 0.0, 1.0]], "cam_ids": [0, 1, 2, 3, 4, 5], "cam_channels": ["CAM_FRONT_LEFT", "CAM_FRONT", "CAM_FRONT_RIGHT", "CAM_BACK_LEFT", "CAM_BACK", "CAM_BACK_RIGHT"], "token": "3a8e7003ede54b008ec4589adc8c9db8", "scene": "scene-0359"}, {"images": ["samples/CAM_FRONT_LEFT/n015-2018-08-02-17-28-51+0800__CAM_FRONT_LEFT__1533202755654844.jpg", "samples/CAM_FRONT/n015-2018-08-02-17-28-51+0800__CAM_FRONT__1533202755662460.jpg", "samples/CAM_FRONT_RIGHT/n015-2018-08-02-17-28-51+0800__CAM_FRONT_RIGHT__1533202755670339.jpg", "samples/CAM_BACK_LEFT/n015-2018-08-02-17-28-51+0800__CAM_BACK_LEFT__1533202755697423.jpg", "samples/CAM_BACK/n015-2018-08-02-17-28-51+0800__CAM_BACK__1533202755687525.jpg", "samples/CAM_BACK_RIGHT/n015-2018-08-02-17-28-51+0800__CAM_BACK_RIGHT__1533202755677893.jpg"], "intrinsics": [[[1272.5979470598488, 0.0, 826.6154927353808], [0.0, 1272.5979470598488, 479.75165386361925], [0.0, 0.0, 1.0]], [[1266.417203046554, 0.0, 816.2670197447984], [0.0, 1266.417203046554, 491.50706579294757], [0.0, 0.0, 1.0]], [[1260.8474446004698, 0.0, 807.968244525554], [0.0, 1260.8474446004698, 495.3344268742088], [0.0, 0.0, 1.0]], [[1256.7414812095406, 0.0, 792.1125740759628], [0.0, 1256.7414812095406, 492.7757465151356], [0.0, 0.0, 1.0]], [[809.2209905677063, 0.0, 829.2196003259838], [0.0, 809.2209905677063, 481.77842384512485], [0.0, 0.0, 1.0]], [[1259.5137405846733, 0.0, 807.2529053838625], [0.0, 1259.5137405846733, 501.19579884916527], [0.0, 0.0, 1.0]]], "extrinsics": [[[0.8210923671722412, -0.5706143379211426, 0.014372264966368675, -0.53802490234375], [-0.003388160839676857, -0.03005126677453518, -0.9995425939559937, 1.506575107574463], [0.5707852840423584, 0.82066810131073, -0.026608195155858994, -0.98675537109375], [0.0, 0.0, 0.0, 1.0]], [[0.0062296632677316666, -0.9994006752967834, 0.03405164182186127, 0.010040283203125], [-0.008766911923885345, -0.0341055803000927, -0.9993798136711121, 1.5168237686157227], [0.9999421834945679, 0.005927283316850662, -0.008974123746156693, -1.26031494140625], [0.0, 0.0, 0.0, 1.0]], [[-0.8326889872550964, -0.5536097884178162, 0.012047829106450081, 0.74737548828125], [-0.0032321661710739136, -0.01689756102859974, -0.9998519420623779, 1.502565622329712], [0.5537315011024475, -0.832604706287384, 0.012281056493520737, -1.057098388671875], [0.0, 0.0, 0.0, 1.0]], [[0.9476686716079712, 0.31909337639808655, -0.010178561322391033, -1.10540771484375], [0.005191778298467398, -0.04728122428059578, -0.9988681077957153, 1.588767647743225], [-0.3192134499549866, 0.9465431571