[{"images": ["samples/CAM_FRONT_LEFT/n008-2018-08-29-16-04-13-0400__CAM_FRONT_LEFT__1535573154904799.jpg", "samples/CAM_FRONT/n008-2018-08-29-16-04-13-0400__CAM_FRONT__1535573154912404.jpg", "samples/CAM_FRONT_RIGHT/n008-2018-08-29-16-04-13-0400__CAM_FRONT_RIGHT__1535573154920482.jpg", "samples/CAM_BACK_LEFT/n008-2018-08-29-16-04-13-0400__CAM_BACK_LEFT__1535573154947405.jpg", "samples/CAM_BACK/n008-2018-08-29-16-04-13-0400__CAM_BACK__1535573154937558.jpg", "samples/CAM_BACK_RIGHT/n008-2018-08-29-16-04-13-0400__CAM_BACK_RIGHT__1535573154928122.jpg"], "intrinsics": [[[1257.8625342125129, 0.0, 827.2410631095686], [0.0, 1257.8625342125129, 450.915498205774], [0.0, 0.0, 1.0]], [[1252.8131021185304, 0.0, 826.588114781398], [0.0, 1252.8131021185304, 469.9846626224581], [0.0, 0.0, 1.0]], [[1256.7485116440405, 0.0, 817.7887570959712], [0.0, 1256.7485116440403, 451.9541780095127], [0.0, 0.0, 1.0]], [[1254.9860565800168, 0.0, 829.5769333630991], [0.0, 1254.9860565800168, 467.1680561863987], [0.0, 0.0, 1.0]], [[796.8910634503094, 0.0, 857.7774326863696], [0.0, 796.8910634503094, 476.8848988407415], [0.0, 0.0, 1.0]], [[1249.9629280788233, 0.0, 825.3768045375984], [0.0, 1249.9629280788233, 462.54816385708756], [0.0, 0.0, 1.0]]], "extrinsics": [[[0.8218740224838257, -0.5689878463745117, -0.02785935439169407, -0.828857421875], [-0.008087962865829468, 0.03724478557705879, -0.999273419380188, 1.4865021705627441], [0.5696120262145996, 0.8215020895004272, 0.026008566841483116, -1.2135009765625], [0.0, 0.0, 0.0, 1.0]], [[0.009343300014734268, -0.9994046092033386, -0.03321331739425659, 0.0084381103515625], [-0.00608723983168602, 0.03315730765461922, -0.9994316101074219, 1.4790396690368652], [0.9999377131462097, 0.009540160186588764, -0.0057738167233765125, -1.5570068359375], [0.0, 0.0, 0.0, 1.0]], [[-0.8444107174873352, -0.535491943359375, -0.01479488704353571, 0.9727783203125], [0.0019831336103379726, 0.02449306659400463, -0.9996979832649231, 1.4933252334594727], [0.5356926321983337, -0.8441851139068604, -0.01962025836110115, -1.20159912109375], [0.0, 0.0, 0.0, 1.0]], [[0.9477531313896179, 0.3188651502132416, -0.00942835584282875, -1.1317138671875], [-0.023274142295122147, 0.039639800786972046, -0.9989429712295532, 1.5617351531982422], [-0.31815439462661743, 0.9469707608222961, 0.04499006271362305, -0.1602783203125], [0.0, 0.0, 0.0, 1.0]], [[0.009604847058653831, 0.9994432330131531, 0.03195228800177574, -0.028778076171875], [-0.02120063081383705, 0.032150112092494965, -0.9992581605911255, 1.5667858123779297], [-0.9997290372848511, 0.008920254185795784, 0.02149762585759163, -0.01513671875], [0.0, 0.0, 0.0, 1.0]], [[-0.9235142469406128, 0.3830745220184326, 0.01937233656644821, 1.0643310546875], [-0.01705111190676689, 0.009454319253563881, -0.9998099207878113, 1.546030044555664], [-0.3831848204135895, -0.9236690402030945, -0.0021993506234139204, -0.08282470703125], [0.0, 0.0, 0.0, 1.0]]], "view": [[0.0, -2.0, 100.0], [-2.0, 0.0, 100.0], [0.0, 0.0, 1.0]], "bev": "bev_989173ef44c7461787842da003a57655.png", "aux": "aux_989173ef44c7461787842da003a57655.npz", "visibility": "visibility_989173ef44c7461787842da003a57655.png", "pose": [[-0.9408500790596008, 0.3388231098651886, 0.0, 1593.5101318359375], [-0.3388231098651886, -0.9408500790596008, 0.0, 861.7561645507812], [0.0, 0.0, 1.0, 0.0], [0.0, 0.0, 0.0, 1.0]], "pose_inverse": [[-0.9408500790596008, -0.3388231098651886, 0.0, 1791.237060546875], [0.3388231098651886, -0.9408500790596008, 0.0, 270.86529541015625], [0.0, 0.0, 1.0, 0.0], [0.0, 0.0, 0.0, 1.0]], "cam_ids": [0, 1, 2, 3, 4, 5], "cam_channels": ["CAM_FRONT_LEFT", "CAM_FRONT", "CAM_FRONT_RIGHT", "CAM_BACK_LEFT", "CAM_BACK", "CAM_BACK_RIGHT"], "token": "989173ef44c7461787842da003a57655", "scene": "scene-0700"}, {"images": ["samples/CAM_FRONT_LEFT/n008-2018-08-29-16-04-13-0400__CAM_FRONT_LEFT__1535573155504799.jpg", "samples/CAM_FRONT/n008-2018-08-29-16-04-13-0400__CAM_FRONT__1535573155512404.jpg", "samples/CAM_FRONT_RIGHT/n008-2018-08-29-16-04-13-0400__CAM_FRONT_RIGHT__1535573155520482.jpg", "samples/CAM_BACK_LEFT/n008-2018-08-29-16-04-13-0400__CAM_BACK_LEFT__1535573155547405.jpg", "samples/CAM_BACK/n008-2018-08-29-16-04-13-0400__CAM_BACK__1535573155537558.jpg", "samples/CAM_BACK_RIGHT/n008-2018-08-29-16-04-13-0400__CAM_BACK_RIGHT__1535573155528113.jpg"], "intrinsics": [[[1257.8625342125129, 0.0, 827.2410631095686], [0.0, 1257.8625342125129, 450.915498205774], [0.0, 0.0, 1.0]], [[1252.8131021185304, 0.0, 826.588114781398], [0.0, 1252.8131021185304, 469.9846626224581], [0.0, 0.0, 1.0]], [[1256.7485116440405, 0.0, 817.7887570959712], [0.0, 1256.7485116440403, 451.9541780095127], [0.0, 0.0, 1.0]], [[1254.9860565800168, 0.0, 829.5769333630991], [0.0, 1254.9860565800168, 467.1680561863987], [0.0, 0.0, 1.0]], [[796.8910634503094, 0.0, 857.7774326863696], [0.0, 796.8910634503094, 476.8848988407415], [0.0, 0.0, 1.0]], [[1249.9629280788233, 0.0, 825.3768045375984], [0.0, 1249.9629280788233, 462.54816385708756], [0.0, 0.0, 1.0]]], "extrinsics": [[[0.8224920630455017, -0.5680811405181885, -0.028119293972849846, -0.8297119140625], [-0.0062887887470424175, 0.04035225510597229, -0.9991657137870789, 1.486814260482788], [0.5687419176101685, 0.821982741355896, 0.029616866260766983, -1.216796875], [0.0, 0.0, 0.0, 1.0]], [[0.01027578953653574, -0.9992818832397461, -0.03647160157561302, 0.010467529296875], [-0.004170526284724474, 0.03643038123846054, -0.999327540397644, 1.4793179035186768], [0.9999384880065918, 0.010420989245176315, -0.0037931797560304403, -1.5604248046875], [0.0, 0.0, 0.0, 1.0]], [[-0.8439899682998657, -0.536043643951416, -0.018388455733656883, 0.9769287109375], [0.004029156174510717, 0.027946526184678078, -0.9996013045310974, 1.493546485900879], [0.5363438725471497, -0.8437275886535645, -0.021426783874630928, -1.2022705078125], [0.0, 0.0, 0.0, 1.0]], [[0.9477683305740356, 0.3189096748828888, -0.005646443925797939, -1.1319580078125], [-0.020663024857640266, 0.04372373968362808, -0.9988299608230591, 1.5617733001708984], [-0.3182896375656128, 0.9467760920524597, 0.04802961274981499, -0.160247802734375], [0.0, 0.0, 0.0, 1.0]], [[0.009226834401488304, 0.9993159174919128, 0.03581301122903824, -0.029510498046875], [-0.018766863271594048, 0.03598128631711006, -0.9991762042045593, 1.5669384002685547], [-0.9997813701629639, 0.008547178469598293, 0.019086020067334175, -0.01318359375], [0.0, 0.0, 0.0, 1.0]], [[-0.9237599968910217, 0.3825153112411499, 0.018697883933782578, 1.0662841796875], [-0.01482477504760027, 0.01307058334350586, -0.999804675579071, 1.546285629272461], [-0.38268494606018066, -0.9238566756248474, -0.006403377279639244, -0.08050537109375], [0.0, 0.0, 0.0, 1.0]]], "view": [[0.0, -2.0, 100.0], [-2.0, 0.0, 100.0], [0.0, 0.0, 1.0]], "bev": "bev_5b42cf0f07cf4c5db23cc69f14d6c7a8.png", "aux": "aux_5b42cf0f07cf4c5db23cc69f14d6c7a8.npz", "visibility": "visibility_5b42cf0f07cf4c5db23cc69f14d6c7a8.png", "pose": [[-0.9403990507125854, 0.3400730490684509, 0.0, 1590.849609375], [-0.3400730490684509, -0.9403990507125854, 0.0, 860.8343505859375], [0.0, 0.0, 1.0, 0.0], [0.0, 0.0, 0.0, 1.0]], "pose_inverse": [[-0.9403990507125854, -0.3400730490684509, 0.0, 1788.780029296875], [0.3400730490684509, -0.9403990507125854, 0.0, 268.522705078125], [0.0, 0.0, 1.0, 0.0], [0.0, 0.0, 0.0, 1.0]], "cam_ids": [0, 1, 2, 3, 4, 5], "cam_channels": ["CAM_FRONT_LEFT", "CAM_FRONT", "CAM_FRONT_RIGHT", "CAM_BACK_LEFT", "CAM_BACK", "CAM_BACK_RIGHT"], "token": "5b42cf0f07cf4c5db23cc69f14d6c7a8", "scene": "scene-0700"}, {"images": ["samples/CAM_FRONT_LEFT/n008-2018-08-29-16-04-13-0400__CAM_FRONT_LEFT__1535573156004799.jpg", "samples/CAM_FRONT/n008-2018-08-29-16-04-13-0400__CAM_FRONT__1535573156012404.jpg", "samples/CAM_FRONT_RIGHT/n008-2018-08-29-16-04-13-0400__CAM_FRONT_RIGHT__1535573156020482.jpg", "samples/CAM_BACK_LEFT/n008-2018-08-29-16-04-13-0400__CAM_BACK_LEFT__1535573156047405.jpg", "samples/CAM_BACK/n008-2018-08-29-16-04-13-0400__CAM_BACK__1535573156037558.jpg", "samples/CAM_BACK_RIGHT/n008-2018-08-29-16-04-13-0400__CAM_BACK_RIGHT__1535573156028113.jpg"], "intrinsics": [[[1257.8625342125129, 0.0, 827.2410631095686], [0.0, 1257.8625342125129, 450.915498205774], [0.0, 0.0, 1.0]], [[1252.8131021185304, 0.0, 826.588114781398], [0.0, 1252.8131021185304, 469.9846626224581], [0.0, 0.0, 1.0]], [[1256.7485116440405, 0.0, 817.7887570959712], [0.0, 1256.7485116440403, 451.9541780095127], [0.0, 0.0, 1.0]], [[1254.9860565800168, 0.0, 829.5769333630991], [0.0, 1254.9860565800168, 467.1680561863987], [0.0, 0.0, 1.0]], [[796.8910634503094, 0.0, 857.7774326863696], [0.0, 796.8910634503094, 476.8848988407415], [0.0, 0.0, 1.0]], [[1249.9629280788233, 0.0, 825.3768045375984], [0.0, 1249.9629280788233, 462.54816385708756], [0.0, 0.0, 1.0]]], "extrinsics": [[[0.8213733434677124, -0.5698677897453308, -0.02442616969347, -0.836181640625], [0.001025528647005558, 0.04429890215396881, -0.9990177750587463, 1.4884929656982422], [0.5703901052474976, 0.8205414414405823, 0.0369703508913517, -1.2164306640625], [0.0, 0.0, 0.0, 1.0]], [[0.008478776551783085, -0.9991617798805237, -0.04004684090614319, 0.0069122314453125], [0.0028472570702433586, 0.0400722399353981, -0.9991927742958069, 1.4806480407714844], [0.9999600052833557, 0.008357934653759003, 0.0031846354249864817, -1.563720703125], [0.0, 0.0, 0.0, 1.0]], [[-0.844811201095581, -0.5344430208206177, -0.025778084993362427, 0.976318359375], [0.010724516585469246, 0.03125462308526039, -0.9994539022445679, 1.4945240020751953], [0.5349568724632263, -0.8446264266967773, -0.020672615617513657, -1.20538330078125], [0.0, 0.0, 0.0, 1.0]], [[0.9478453993797302, 0.31873029470443726, 0.00039712339639663696, -1.132568359375], [-0.015044072642922401, 0.04598280414938927, -0.9988289475440979, 1.5618581771850586], [-0.31837525963783264, 0.9467294216156006, 0.04837958887219429, -0.1600341796875], [0.0, 0.0, 0.0, 1.0]], [[0.009823844768106937, 0.9992092251777649, 0.038528140634298325, -0.028228759765625], [-0.012759651988744736, 0.038652125746011734, -0.9991711974143982, 1.5673370361328125], [-0.9998703598976135, 0.009324105456471443, 0.013129275292158127, -0.0126953125], [0.0, 0.0, 0.0, 1.0]], [[-0.9233390092849731, 0.38373079895973206, 0.013988497667014599, 1.068115234375], [-0.008452636189758778, 0.016109036281704903, -0.9998345375061035, 1.5469646453857422], [-0.38389262557029724, -0.9233044385910034, -0.01163056306540966, -0.08221435546875], [0.0, 0.0, 0.0, 1.0]]], "view": [[0.0, -2.0, 100.0], [-2.0, 0.0, 100.0], [0.0, 0.0, 1.0]], "bev": "bev_2ae5c6055fc0431d8b6a9c0f1c16d394.png", "aux": "aux_2ae5c6055fc0431d8b6a9c0f1c16d394.npz", "visibility": "visibility_2ae5c6055fc0431d8b6a9c0f1c16d394.png", "pose": [[-0.9373666048049927, 0.34834444522857666, 0.0, 1588.718017578125], [-0.34834444522857666, -0.9373666048049927, 0.0, 860.081787109375], [0.0, 0.0, 1.0, 0.0], [0.0, 0.0, 0.0, 1.0]], "pose_inverse": [[-0.9373666048049927, -0.34834444522857666, 0.0, 1788.81591796875], [0.34834444522857666, -0.9373666048049927, 0.0, 252.79086303710938], [0.0, 0.0, 1.0, 0.0], [0.0, 0.0, 0.0, 1.0]], "cam_ids": [0, 1, 2, 3, 4, 5], "cam_channels": ["CAM_FRONT_LEFT", "CAM_FRONT", "CAM_FRONT_RIGHT", "CAM_BACK_LEFT", "CAM_BACK", "CAM_BACK_RIGHT"], "token": "2ae5c6055fc0431d8b6a9c0f1c16d394", "scene": "scene-0700"}, {"images": ["samples/CAM_FRONT_LEFT/n008-2018-08-29-16-04-13-0400__CAM_FRONT_LEFT__1535573156504799.jpg", "samples/CAM_FRONT/n008-2018-08-29-16-04-13-0400__CAM_FRONT__1535573156512404.jpg", "samples/CAM_FRONT_RIGHT/n008-2018-08-29-16-04-13-0400__CAM_FRONT_RIGHT__1535573156520482.jpg", "samples/CAM_BACK_LEFT/n008-2018-08-29-16-04-13-0400__CAM_BACK_LEFT__1535573156547405.jpg", "samples/CAM_BACK/n008-2018-08-29-16-04-13-0400__CAM_BACK__1535573156537558.jpg", "samples/CAM_BACK_RIGHT/n008-2018-08-29-16-04-13-0400__CAM_BACK_RIGHT__1535573156528113.jpg"], "intrinsics": [[[1257.8625342125129, 0.0, 827.2410631095686], [0.0, 1257.8625342125129, 450.915498205774], [0.0, 0.0, 1.0]], [[1252.8131021185304, 0.0, 826.588114781398], [0.0, 1252.8131021185304, 469.9846626224581], [0.0, 0.0, 1.0]], [[1256.7485116440405, 0.0, 817.7887570959712], [0.0, 1256.7485116440403, 451.9541780095127], [0.0, 0.0, 1.0]], [[1254.9860565800168, 0.0, 829.5769333630991], [0.0, 1254.9860565800168, 467.1680561863987], [0.0, 0.0, 1.0]], [[796.8910634503094, 0.0, 857.7774326863696], [0.0, 796.8910634503094, 476.8848988407415], [0.0, 0.0, 1.0]], [[1249.9629280788233, 0.0, 825.3768045375984], [0.0, 1249.9629280788233, 462.54816385708756], [0.0, 0.0, 1.0]]], "extrinsics": [[[0.8195827603340149, -0.5722399353981018, -0.028735144063830376, -0.8265380859375], [-0.005043089855462313, 0.04294534772634506, -0.9990646839141846, 1.487101674079895], [0.5729387402534485, 0.8189611434936523, 0.03231140598654747, -1.2115478515625], [0.0, 0.0, 0.0, 1.0]], [[0.005914662964642048, -0.9992318153381348, -0.03873955458402634, 0.00830078125], [-0.0030659630428999662, 0.03872193023562431, -0.9992453455924988, 1.4795373678207397], [0.9999778270721436, 0.0060289716348052025, -0.002834582468494773, -1.554443359375], [0.0, 0.0, 0.0, 1.0]], [[-0.8458943963050842, -0.5329697132110596, -0.020151376724243164, 0.970947265625], [0.004972981289029121, 0.02989945374429226, -0.9995405077934265, 1.4937362670898438], [0.5333273410797119, -0.8456059694290161, -0.02264133282005787, -1.2003173828125], [0.0, 0.0, 0.0, 1.0]], [[0.9478652477264404, 0.31863030791282654, -0.0051298439502716064, -1.1290283203125], [-0.020423108711838722, 0.044674668461084366, -0.998792827129364, 1.5617008209228516], [-0.31801649928092957, 0.9468257427215576, 0.048852983862161636, -0.1614990234375], [0.0, 0.0, 0.0, 1.0]], [[0.010781357064843178, 0.9992512464523315, 0.03715697303414345, -0.0288238525390625], [-0.01829516887664795, 0.03735003620386124, -0.9991347193717957, 1.5669002532958984], [-0.9997745156288147, 0.010092271491885185, 0.018684156239032745, -0.01806640625], [0.0, 0.0, 0.0, 1.0]], [[-0.922739565372467, 0.3849678039550781, 0.018745791167020798, 1.0618896484375], [-0.014138364233076572, 0.014795618131756783, -0.999790608882904, 1.5462894439697266], [-0.3851644992828369, -0.9228113889694214, -0.008209685795009136, -0.0836181640625], [0.0, 0.0, 0.0, 1.0]]], "view": [[0.0, -2.0, 100.0], [-2.0, 0.0, 100.0], [0.0, 0.0, 1.0]], "bev": "bev_6ea1ebe1c6ff4d98b23e6bc7a6ec71c7.png", "aux": "aux_6ea1ebe1c6ff4d98b23e6bc7a6ec71c7.npz", "visibility": "visibility_6ea1ebe1c6ff4d98b23e6bc7a6ec71c7.png", "pose": [[-0.9211942553520203, 0.3891030550003052, 0.0, 1586.5517578125], [-0.3891030550003052, -0.9211942553520203, 0.0, 859.239990234375], [0.0, 0.0, 1.0, 0.0], [0.0, 0.0, 0.0, 1.0]], "pose_inverse": [[-0.9211942553520203, -0.3891030550003052, 0.0, 1795.855224609375], [0.3891030550003052, -0.9211942553520203, 0.0, 174.19480895996094], [0.0, 0.0, 1.0, 0.0], [0.0, 0.0, 0.0, 1.0]], "cam_ids": [0, 1, 2, 3, 4, 5], "cam_channels": ["CAM_FRONT_LEFT", "CAM_FRONT", "CAM_FRONT_RIGHT", "CAM_BACK_LEFT", "CAM_BACK", "CAM_BACK_RIGHT"], "token": "6ea1ebe1c6ff4d98b23e6bc7a6ec71c7", "scene": "scene-0700"}, {"images": ["samples/CAM_FRONT_LEFT/n008-2018-08-29-16-04-13-0400__CAM_FRONT_LEFT__1535573156904799.jpg", "samples/CAM_FRONT/n008-2018-08-29-16-04-13-0400__CAM_FRONT__1535573156912404.jpg", "samples/CAM_FRONT_RIGHT/n008-2018-08-29-16-04-13-0400__CAM_FRONT_RIGHT__1535573156920482.jpg", "samples/CAM_BACK_LEFT/n008-2018-08-29-16-04-13-0400__CAM_BACK_LEFT__1535573156947405.jpg", "samples/CAM_BACK/n008-2018-08-29-16-04-13-0400__CAM_BACK__1535573156937558.jpg", "samples/CAM_BACK_RIGHT/n008-2018-08-29-16-04-13-0400__CAM_BACK_RIGHT__1535573156928113.jpg"], "intrinsics": [[[1257.8625342125129, 0.0, 827.2410631095686], [0.0, 1257.8625342125129, 450.915498205774], [0.0, 0.0, 1.0]], [[1252.8131021185304, 0.0, 826.588114781398], [0.0, 1252.8131021185304, 469.9846626224581], [0.0, 0.0, 1.0]], [[1256.7485116440405, 0.0, 817.7887570959712], [0.0, 1256.7485116440403, 451.9541780095127], [0.0, 0.0, 1.0]], [[1254.9860565800168, 0.0, 829.5769333630991], [0.0, 1254.9860565800168, 467.1680561863987], [0.0, 0.0, 1.0]], [[796.8910634503094, 0.0, 857.7774326863696], [0.0, 796.8910634503094, 476.8848988407415], [0.0, 0.0, 1.0]], [[1249.9629280788233, 0.0, 825.3768045375984], [0.0, 1249.9629280788233, 462.54816385708756], [0.0, 0.0, 1.0]]], "extrinsics": [[[0.8188461065292358, -0.5736770033836365, -0.019640298560261726, -0.82861328125], [-0.005745518486946821, 0.02602270431816578, -0.9996448159217834, 1.4870052337646484], [0.5739843249320984, 0.8186681270599365, 0.0180125180631876, -1.2125244140625], [0.0, 0.0, 0.0, 1.0]], [[0.004994881339371204, -0.999751091003418, -0.021745741367340088, 0.00830078125], [-0.003888517851009965, 0.02172643132507801, -0.999756395816803, 1.4794349670410156], [0.9999799728393555, 0.00507823470979929, -0.0037790273781865835, -1.5577392578125], [0.0, 0.0, 0.0, 1.0]], [[-0.8461838364601135, -0.5327926278114319, -0.010238321498036385, 0.9747314453125], [0.004024054389446974, 0.012823577038943768, -0.9999096393585205, 1.4936037063598633], [0.5328757762908936, -0.846148669719696, -0.008707119151949883, -1.20269775390625], [0.0, 0.0, 0.0, 1.0]], [[0.9477970600128174, 0.31866633892059326, -0.0115145118907094, -1.13916015625], [-0.021534116938710213, 0.0279371440410614, -0.9993776679039001, 1.5619239807128906], [-0.31814637780189514, 0.947455108165741, 0.0333409421145916, -0.157928466796875], [0.0, 0.0, 0.0, 1.0]], [[0.010894659906625748, 0.9997374415397644, 0.020156798884272575, -0.02886962890625], [-0.01934260129928589, 0.020364923402667046, -0.9996054768562317, 1.5670127868652344], [-0.9997535943984985, 0.010500462725758553, 0.01955939270555973, -0.00927734375], [0.0, 0.0, 0.0, 1.0]], [[-0.922600269317627, 0.38553565740585327, 0.013075885362923145, 1.068115234375], [-0.015133492648601532, -0.0023028026334941387, -0.9998828172683716, 1.5462989807128906], [-0.38546037673950195, -0.9226900339126587, 0.007959067821502686, -0.08111572265625], [0.0, 0.0, 0.0, 1.0]]], "view": [[0.0, -2.0, 100.0], [-2.0, 0.0, 100.0], [0.0, 0.0, 1.0]], "bev": "bev_07c29bc32e884c18939af4421408dddf.png", "aux": "aux_07c29bc32e884c18939af4421408dddf.npz", "visibility": "visibility_07c29bc32e884c18939af4421408dddf.png", "pose": [[-0.9008703827857971, 0.43408820033073425, 0.0, 1584.8175048828125], [-0.43408820033073425, -0.9008703827857971, 0.0, 858.4754638671875], [0.0, 0.0, 1.0, 0.0], [0.0, 0.0, 0.0, 1.0]], "pose_inverse": [[-0.9008703827857971, -0.43408820033073425, 0.0, 1800.3692626953125], [0.43408820033073425, -0.9008703827857971, 0.0, 85.42455291748047], [0.0, 0.0, 1.0, 0.0], [0.0, 0.0, 0.0, 1.0]], "cam_ids": [0, 1, 2, 3, 4, 5], "cam_channels": ["CAM_FRONT_LEFT", "CAM_FRONT", "CAM_FRONT_RIGHT", "CAM_BACK_LEFT", "CAM_BACK", "CAM_BACK_RIGHT"], "token": "07c29bc32e884c18939af4421408dddf", "scene": "scene-0700"}, {"images": ["samples/CAM_FRONT_LEFT/n008-2018-08-29-16-04-13-0400__CAM_FRONT_LEFT__1535573157404799.jpg", "samples/CAM_FRONT/n008-2018-08-29-16-04-13-0400__CAM_FRONT__1535573157412404.jpg", "samples/CAM_FRONT_RIGHT/n008-2018-08-29-16-04-13-0400__CAM_FRONT_RIGHT__1535573157420533.jpg", "samples/CAM_BACK_LEFT/n008-2018-08-29-16-04-13-0400__CAM_BACK_LEFT__1535573157447405.jpg", "samples/CAM_BACK/n008-2018-08-29-16-04-13-0400__CAM_BACK__1535573157437558.jpg", "samples/CAM_BACK_RIGHT/n008-2018-08-29-16-04-13-0400__CAM_BACK_RIGHT__1535573157428113.jpg"], "intrinsics": [[[1257.8625342125129, 0.0, 827.2410631095686], [0.0, 1257.8625342125129, 450.915498205774], [0.0, 0.0, 1.0]], [[1252.8131021185304, 0.0, 826.588114781398], [0.0, 1252.8131021185304, 469.9846626224581], [0.0, 0.0, 1.0]], [[1256.7485116440405, 0.0, 817.7887570959712], [0.0, 1256.7485116440403, 451.9541780095127], [0.0, 0.0, 1.0]], [[1254.9860565800168, 0.0, 829.5769333630991], [0.0, 1254.9860565800168, 467.1680561863987], [0.0, 0.0, 1.0]], [[796.8910634503094, 0.0, 857.7774326863696], [0.0, 796.8910634503094, 476.8848988407415], [0.0, 0.0, 1.0]], [[1249.9629280788233, 0.0, 825.3768045375984], [0.0, 1249.9629280788233, 462.54816385708756], [0.0, 0.0, 1.0]]], "extrinsics": [[[0.8192710876464844, -0.5730112791061401, -0.02128325030207634, -0.84326171875], [-0.010643458925187588, 0.021914148703217506, -0.9997031688690186, 1.4861564636230469], [0.5733076333999634, 0.819254457950592, 0.011854805052280426, -1.2235107421875], [0.0, 0.0, 0.0, 1.0]], [[0.005683214403688908, -0.9998408555984497, -0.01690925844013691, 0.008544921875], [-0.008883068338036537, 0.016858385875821114, -0.9998184442520142, 1.4786968231201172], [0.9999443888664246, 0.005832382012158632, -0.008785842917859554, -1.573974609375], [0.0, 0.0, 0.0, 1.0]], [[-0.8458723425865173, -0.533377468585968, -0.0029048691503703594, 0.987060546875], [-0.0010701451683416963, 0.007143156602978706, -0.9999738931655884, 1.492925763130188], [0.5333842635154724, -0.8458471298217773, -0.006612991448491812, -1.21014404296875], [0.0, 0.0, 0.0, 1.0]], [[0.9477399587631226, 0.3184191584587097, -0.0199523214250803, -1.1417236328125], [-0.027287088334560394, 0.0185906570404768, -0.9994547963142395, 1.561981201171875], [-0.31787464022636414, 0.9477676749229431, 0.026307841762900352, -0.15673828125], [0.0, 0.0, 0.0, 1.0]], [[0.010693409480154514, 0.9998681545257568, 0.012219833210110664, -0.028995513916015625], [-0.024829909205436707, 0.012482274323701859, -0.9996137619018555, 1.5668983459472656], [-0.9996345639228821, 0.010385880246758461, 0.024960117414593697, -0.002197265625], [0.0, 0.0, 0.0, 1.0]], [[-0.9227123260498047, 0.38518381118774414, 0.015342270955443382, 1.0777587890625], [-0.020322000607848167, -0.008860340341925621, -0.9997542500495911, 1.5460090637207031], [-0.3849531412124634, -0.9227972626686096, 0.01600325107574463, -0.07696533203125], [0.0, 0.0, 0.0, 1.0]]], "view": [[0.0, -2.0, 100.0], [-2.0, 0.0, 100.0], [0.0, 0.0, 1.0]], "bev": "bev_11f4100b362c4628b083762f0467dbdb.png", "aux": "aux_11f4100b362c4628b083762f0467dbdb.npz", "visibility": "visibility_11f4100b362c4628b083762f0467dbdb.png", "pose": [[-0.8670694231987, 0.4981873035430908, 0.0, 1582.7568359375], [-0.4981873035430908, -0.8670694231987, 0.0, 857.4129638671875], [0.0, 0.0, 1.0, 0.0], [0.0, 0.0, 0.0, 1.0]], "pose_inverse": [[-0.8670694231987, -0.4981873035430908, 0.0, 1799.5123291015625], [0.4981873035430908, -0.8670694231987, 0.0, -45.07280349731445], [0.0, 0.0, 1.0, 0.0], [0.0, 0.0, 0.0, 1.0]], "cam_ids": [0, 1, 2, 3, 4, 5], "cam_channels": ["CAM_FRONT_LEFT", "CAM_FRONT", "CAM_FRONT_RIGHT", "CAM_BACK_LEFT", "CAM_BACK", "CAM_BACK_RIGHT"], "token": "11f4100b362c4628b083762f0467dbdb", "scene": "scene-0700"}, {"images": ["samples/CAM_FRONT_LEFT/n008-2018-08-29-16-04-13-0400__CAM_FRONT_LEFT__1535573157904799.jpg", "samples/CAM_FRONT/n008-2018-08-29-16-04-13-0400__CAM_FRONT__1535573157912404.jpg", "samples/CAM_FRONT_RIGHT/n008-2018-08-29-16-04-13-0400__CAM_FRONT_RIGHT__1535573157920482.jpg", "samples/CAM_BACK_LEFT/n008-2018-08-29-16-04-13-0400__CAM_BACK_LEFT__1535573157947405.jpg", "samples/CAM_BACK/n008-2018-08-29-16-04-13-0400__CAM_BACK__1535573157937558.jpg", "samples/CAM_BACK_RIGHT/n008-2018-08-29-16-04-13-0400__CAM_BACK_RIGHT__1535573157928113.jpg"], "intrinsics": [[[1257.8625342125129, 0.0, 827.2410631095686], [0.0, 1257.8625342125129, 450.915498205774], [0.0, 0.0, 1.0]], [[1252.8131021185304, 0.0, 826.588114781398], [0.0, 1252.8131021185304, 469.9846626224581], [0.0, 0.0, 1.0]], [[1256.7485116440405, 0.0, 817.7887570959712], [0.0, 1256.7485116440403, 451.9541780095127], [0.0, 0.0, 1.0]], [[1254.9860565800168, 0.0, 829.5769333630991], [0.0, 1254.9860565800168, 467.1680561863987], [0.0, 0.0, 1.0]], [[796.8910634503094, 0.0, 857.7774326863696], [0.0, 796.8910634503094, 476.8848988407415], [0.0, 0.0, 1.0]], [[1249.9629280788233, 0.0, 825.3768045375984], [0.0, 1249.9629280788233, 462.54816385708756], [0.0, 0.0, 1.0]]], "extrinsics": [[[0.8187863826751709, -0.5736611485481262, -0.022401362657546997, -0.84716796875], [-0.010414223186671734, 0.024172073230147362, -0.9996535778045654, 1.4862308502197266], [0.5740038752555847, 0.8187360763549805, 0.013817528262734413, -1.22686767578125], [0.0, 0.0, 0.0, 1.0]], [[0.004823753144592047, -0.9997897148132324, -0.019932659342885017, 0.0088653564453125], [-0.008614350110292435, 0.01989060640335083, -0.9997650384902954, 1.4787654876708984], [0.9999513030052185, 0.004994362127035856, -0.008516590110957623, -1.5784912109375], [0.0, 0.0, 0.0, 1.0]], [[-0.8463361859321594, -0.5326237678527832, -0.005212428048253059, 0.98974609375], [-0.0007650548359379172, 0.011001398786902428, -0.9999392032623291, 1.4929548501968384], [0.5326486825942993, -0.8462806940078735, -0.009718368761241436, -1.211669921875], [0.0, 0.0, 0.0, 1.0]], [[0.947700560092926, 0.31873276829719543, -0.016529126092791557, -1.142822265625], [-0.025972435250878334, 0.025400197133421898, -0.9993398785591125, 1.5620079040527344], [-0.31810253858566284, 0.9475042819976807, 0.03235004469752312, -0.15655517578125], [0.0, 0.0, 0.0, 1.0]], [[0.011010498739778996, 0.9997775554656982, 0.017988339066505432, -0.0290985107421875], [-0.023939307779073715, 0.018247827887535095, -0.9995468258857727, 1.5669746398925781], [-0.9996528029441833, 0.010574874468147755, 0.02413490228354931, -0.00048828125], [0.0, 0.0, 0.0, 1.0]], [[-0.9224783778190613, 0.3856865465641022, 0.016717758029699326, 1.0804443359375], [-0.019863327965140343, -0.004172236658632755, -0.9997940063476562, 1.5461006164550781], [-0.38553735613822937, -0.922620415687561, 0.011509815230965614, -0.0758056640625], [0.0, 0.0, 0.0, 1.0]]], "view": [[0.0, -2.0, 100.0], [-2.0, 0.0, 100.0], [0.0, 0.0, 1.0]], "bev": "bev_28d808bae25643efa2c8ef38a1966d71.png", "aux": "aux_28d808bae25643efa2c8ef38a1966d71.npz", "visibility": "visibility_28d808bae25643efa2c8ef38a1966d71.png", "pose": [[-0.8304033279418945, 0.5571627616882324, 0.0, 1580.7894287109375], [-0.5571627616882324, -0.8304033279418945, 0.0, 856.2241821289062], [0.0, 0.0, 1.0, 0.0], [0.0, 0.0, 0.0, 1.0]], "pose_inverse": [[-0.8304033279418945, -0.5571627616882324, 0.0, 1789.7490234375], [0.5571627616882324, -0.8304033279418945, 0.0, -169.74557495117188], [0.0, 0.0, 1.0, 0.0], [0.0, 0.0, 0.0, 1.0]], "cam_ids": [0, 1, 2, 3, 4, 5], "cam_channels": ["CAM_FRONT_LEFT", "CAM_FRONT", "CAM_FRONT_RIGHT", "CAM_BACK_LEFT", "CAM_BACK", "CAM_BACK_RIGHT"], "token": "28d808bae25643efa2c8ef38a1966d71", "scene": "scene-0700"}, {"images": ["samples/CAM_FRONT_LEFT/n008-2018-08-29-16-04-13-0400__CAM_FRONT_LEFT__1535573158404799.jpg", "samples/CAM_FRONT/n008-2018-08-29-16-04-13-0400__CAM_FRONT__1535573158412404.jpg", "samples/CAM_FRONT_RIGHT/n008-2018-08-29-16-04-13-0400__CAM_FRONT_RIGHT__1535573158420482.jpg", "samples/CAM_BACK_LEFT/n008-2018-08-29-16-04-13-0400__CAM_BACK_LEFT__1535573158447405.jpg", "samples/CAM_BACK/n008-2018-08-29-16-04-13-0400__CAM_BACK__1535573158437558.jpg", "samples/CAM_BACK_RIGHT/n008-2018-08-29-16-04-13-0400__CAM_BACK_RIGHT__1535573158428113.jpg"], "intrinsics": [[[1257.8625342125129, 0.0, 827.2410631095686], [0.0, 1257.8625342125129, 450.915498205774], [0.0, 0.0, 1.0]], [[1252.8131021185304, 0.0, 826.588114781398], [0.0, 1252.8131021185304, 469.9846626224581], [0.0, 0.0, 1.0]], [[1256.7485116440405, 0.0, 817.7887570959712], [0.0, 1256.7485116440403, 451.9541780095127], [0.0, 0.0, 1.0]], [[1254.9860565800168, 0.0, 829.5769333630991], [0.0, 1254.9860565800168, 467.1680561863987], [0.0, 0.0, 1.0]], [[796.8910634503094, 0.0, 857.7774326863696], [0.0, 796.8910634503094, 476.8848988407415], [0.0, 0.0, 1.0]], [[1249.9629280788233, 0.0, 825.3768045375984], [0.0, 1249.9629280788233, 462.54816385708756], [0.0, 0.0, 1.0]]], "extrinsics": [[[0.8193232417106628, -0.5730780959129333, -0.01705598086118698, -0.85693359375], [-0.007429823745042086, 0.019133446738123894, -0.999789297580719, 1.4869155883789062], [0.5732837319374084, 0.8192773461341858, 0.011418606154620647, -1.233154296875], [0.0, 0.0, 0.0, 1.0]], [[0.005539000499993563, -0.9998711943626404, -0.015059939585626125, 0.00823974609375], [-0.005416437052190304, 0.015029950998723507, -0.9998723864555359, 1.4793386459350586], [0.9999698996543884, 0.005619854666292667, -0.0053324890322983265, -1.587890625], [0.0, 0.0, 0.0, 1.0]], [[-0.8460618257522583, -0.5330550670623779, -0.005625966936349869, 0.9952392578125], [0.0026598903350532055, 0.006332183722406626, -0.999976396560669, 1.4933676719665527], [0.533078134059906, -0.8460568785667419, -0.003939550369977951, -1.2159423828125], [0.0, 0.0, 0.0, 1.0]], [[0.9477513432502747, 0.3186776340007782, -0.014557089656591415, -1.14306640625], [-0.022640688344836235, 0.021676480770111084, -0.9995086789131165, 1.5620231628417969], [-0.31820547580718994, 0.9476152658462524, 0.027758996933698654, -0.156494140625], [0.0, 0.0, 0.0, 1.0]], [[0.010753299109637737, 0.9998454451560974, 0.013904604129493237, -0.0289306640625], [-0.020522989332675934, 0.014123160392045975, -0.9996895790100098, 1.5671958923339844], [-0.9997315406799316, 0.010464649647474289, 0.02067168988287449, 0.0023193359375], [0.0, 0.0, 0.0, 1.0]], [[-0.9226651787757874, 0.3854212462902069, 0.011808225885033607, 1.0850830078125], [-0.016401752829551697, -0.008632443845272064, -0.9998282194137573, 1.5464859008789062], [-0.38525310158729553, -0.9227002859115601, 0.014286438934504986, -0.074127197265625], [0.0, 0.0, 0.0, 1.0]]], "view": [[0.0, -2.0, 100.0], [-2.0, 0.0, 100.0], [0.0, 0.0, 1.0]], "bev": "bev_2ebd123a080144919081049f132efee7.png", "aux": "aux_2ebd123a080144919081049f132efee7.npz", "visibility": "visibility_2ebd123a080144919081049f132efee7.png", "pose": [[-0.7889001965522766, 0.614521324634552, 0.0, 1579.023681640625], [-0.614521324634552, -0.7889001965522766, 0.0, 854.9815063476562], [0.0, 0.0, 1.0, 0.0], [0.0, 0.0, 0.0, 1.0]], "pose_inverse": [[-0.7889001965522766, -0.614521324634552, 0.0, 1771.096435546875], [0.614521324634552, -0.7889001965522766, 0.0, -295.8486022949219], [0.0, 0.0, 1.0, 0.0], [0.0, 0.0, 0.0, 1.0]], "cam_ids": [0, 1, 2, 3, 4, 5], "cam_channels": ["CAM_FRONT_LEFT", "CAM_FRONT", "CAM_FRONT_RIGHT", "CAM_BACK_LEFT", "CAM_BACK", "CAM_BACK_RIGHT"], "token": "2ebd123a080144919081049f132efee7", "scene": "scene-0700"}, {"images": ["samples/CAM_FRONT_LEFT/n008-2018-08-29-16-04-13-0400__CAM_FRONT_LEFT__1535573158904799.jpg", "samples/CAM_FRONT/n008-2018-08-29-16-04-13-0400__CAM_FRONT__1535573158912404.jpg", "samples/CAM_FRONT_RIGHT/n008-2018-08-29-16-04-13-0400__CAM_FRONT_RIGHT__1535573158920482.jpg", "samples/CAM_BACK_LEFT/n008-2018-08-29-16-04-13-0400__CAM_BACK_LEFT__1535573158947405.jpg", "samples/CAM_BACK/n008-2018-08-29-16-04-13-0400__CAM_BACK__1535573158937558.jpg", "samples/CAM_BACK_RIGHT/n008-2018-08-29-16-04-13-0400__CAM_BACK_RIGHT__1535573158931149.jpg"], "intrinsics": [[[1257.8625342125129, 0.0, 827.2410631095686], [0.0, 1257.8625342125129, 450.915498205774], [0.0, 0.0, 1.0]], [[1252.8131021185304, 0.0, 826.588114781398], [0.0, 1252.8131021185304, 469.9846626224581], [0.0, 0.0, 1.0]], [[1256.7485116440405, 0.0, 817.7887570959712], [0.0, 1256.7485116440403, 451.9541780095127], [0.0, 0.0, 1.0]], [[1254.9860565800168, 0.0, 829.5769333630991], [0.0, 1254.9860565800168, 467.1680561863987], [0.0, 0.0, 1.0]], [[796.8910634503094, 0.0, 857.7774326863696], [0.0, 796.8910634503094, 476.8848988407415], [0.0, 0.0, 1.0]], [[1249.9629280788233, 0.0, 825.3768045375984], [0.0, 1249.9629280788233, 462.54816385708756], [0.0, 0.0, 1.0]]], "extrinsics": [[[0.820112407207489, -0.5719307661056519, -0.017633123323321342, -0.8638916015625], [-0.009170920588076115, 0.017674239352345467, -0.9998016953468323, 1.486703872680664], [0.5721290111541748, 0.8201114535331726, 0.009249730966985226, -1.2359619140625], [0.0, 0.0, 0.0, 1.0]], [[0.006878468208014965, -0.9998834133148193, -0.013631812296807766, 0.006988525390625], [-0.007430023048073053, 0.013580654747784138, -0.9998801946640015, 1.4791069030761719], [0.9999486804008484, 0.006978886667639017, -0.007335744798183441, -1.5933837890625], [0.0, 0.0, 0.0, 1.0]], [[-0.8453841209411621, -0.5341508388519287, -0.002923521213233471, 0.9984130859375], [0.00036192452535033226, 0.004900339990854263, -0.9999879002571106, 1.49311101436615], [0.5341587662696838, -0.8453750014305115, -0.003949346952140331, -1.2186279296875], [0.0, 0.0, 0.0, 1.0]], [[0.9477513432502747, 0.31853047013282776, -0.0174860917031765, -1.1396484375], [-0.025233203545212746, 0.02021109312772751, -0.999477207660675, 1.5619277954101562], [-0.3180105686187744, 0.9476970434188843, 0.027192633599042892, -0.15753173828125], [0.0, 0.0, 0.0, 1.0]], [[0.010365389287471771, 0.9998694062232971, 0.012402010150253773, -0.028564453125], [-0.02299756370484829, 0.012637768872082233, -0.9996556043624878, 1.56707763671875], [-0.9996817708015442, 0.010076549835503101, 0.023125551640987396, 0.0013427734375], [0.0, 0.0, 0.0, 1.0]], [[-0.9230762124061584, 0.38438138365745544, 0.013456159271299839, 1.0980224609375], [-0.018781768158078194, -0.010104301385581493, -0.9997725486755371, 1.5465431213378906], [-0.38415801525115967, -0.923119068145752, 0.016546403989195824, -0.069488525390625], [0.0, 0.0, 0.0, 1.0]]], "view": [[0.0, -2.0, 100.0], [-2.0, 0.0, 100.0], [0.0, 0.0, 1.0]], "bev": "bev_1241df487fcb4c668c4cd5926ad52cc5.png", "aux": "aux_1241df487fcb4c668c4cd5926ad52cc5.npz", "visibility": "visibility_1241df487fcb4c668c4cd5926ad52cc5.png", "pose": [[-0.7546294331550598, 0.6561512351036072, 0.0, 1577.501953125], [-0.6561512351036072, -0.7546294331550598, 0.0, 853.7346801757812], [0.0, 0.0, 1.0, 0.0], [0.0, 0.0, 0.0, 1.0]], "pose_inverse": [[-0.7546294331550598, -0.6561512351036072, 0.0, 1750.6083984375], [0.6561512351036072, -0.7546294331550598, 0.0, -390.82647705078125], [0.0, 0.0, 1.0, 0.0], [0.0, 0.0, 0.0, 1.0]], "cam_ids": [0, 1, 2, 3, 4, 5], "cam_channels": ["CAM_FRONT_LEFT", "CAM_FRONT", "CAM_FRONT_RIGHT", "CAM_BACK_LEFT", "CAM_BACK", "CAM_BACK_RIGHT"], "token": "1241df487fcb4c668c4cd5926ad52cc5", "scene": "scene-0700"}, {"images": ["samples/CAM_FRONT_LEFT/n008-2018-08-29-16-04-13-0400__CAM_FRONT_LEFT__1535573159404799.jpg", "samples/CAM_FRONT/n008-2018-08-29-16-04-13-0400__CAM_FRONT__1535573159412404.jpg", "samples/CAM_FRONT_RIGHT/n008-2018-08-29-16-04-13-0400__CAM_FRONT_RIGHT__1535573159420482.jpg", "samples/CAM_BACK_LEFT/n008-2018-08-29-16-04-13-0400__CAM_BACK_LEFT__1535573159447405.jpg", "samples/CAM_BACK/n008-2018-08-29-16-04-13-0400__CAM_BACK__1535573159437558.jpg", "samples/CAM_BACK_RIGHT/n008-2018-08-29-16-04-13-0400__CAM_BACK_RIGHT__1535573159428113.jpg"], "intrinsics": [[[1257.8625342125129, 0.0, 827.2410631095686], [0.0, 1257.8625342125129, 450.915498205774], [0.0, 0.0, 1.0]], [[1252.8131021185304, 0.0, 826.588114781398], [0.0, 1252.8131021185304, 469.9846626224581], [0.0, 0.0, 1.0]], [[1256.7485116440405, 0.0, 817.7887570959712], [0.0, 1256.7485116440403, 451.9541780095127], [0.0, 0.0, 1.0]], [[1254.9860565800168, 0.0, 829.5769333630991], [0.0, 1254.9860565800168, 467.1680561863987], [0.0, 0.0, 1.0]], [[796.8910634503094, 0.0, 857.7774326863696], [0.0, 796.8910634503094, 476.8848988407415], [0.0, 0.0, 1.0]], [[1249.9629280788233, 0.0, 825.3768045375984], [0.0, 1249.9629280788233, 462.54816385708756], [0.0, 0.0, 1.0]]], "extrinsics": [[[0.8211385011672974, -0.5703504085540771, -0.02078414522111416, -0.8792724609375], [-0.01385505124926567, 0.016485324129462242, -0.999768078327179, 1.4861717224121094], [0.5705607533454895, 0.8212360739707947, 0.005634500179439783, -1.24664306640625], [0.0, 0.0, 0.0, 1.0]], [[0.008263347670435905, -0.9998875856399536, -0.012511364184319973, 0.0067138671875], [-0.011876103468239307, 0.012412777170538902, -0.9998524188995361, 1.4786624908447266], [0.9998952746391296, 0.008410687558352947, -0.011772196739912033, -1.6082763671875], [0.0, 0.0, 0.0, 1.0]], [[-0.8449010252952576, -0.5349212884902954, 0.0012285185512155294, 1.007568359375], [-0.0038307602517306805, 0.0037540337070822716, -0.9999856352806091, 1.4926905632019043], [0.5349090099334717, -0.8448935747146606, -0.005220943596214056, -1.224853515625], [0.0, 0.0, 0.0, 1.0]], [[0.9477022886276245, 0.3184394836425781, -0.021369071677327156, -1.138427734375], [-0.0289533082395792, 0.01910223439335823, -0.9993982315063477, 1.5618782043457031], [-0.3178395628929138, 0.9477507472038269, 0.027323106303811073, -0.15789794921875], [0.0, 0.0, 0.0, 1.0]], [[0.010080567561089993, 0.9998863339424133, 0.011208373121917248, -0.02838134765625], [-0.02692587673664093, 0.011476303450763226, -0.9995715022087097, 1.5669975280761719], [-0.9995866417884827, 0.009774431586265564, 0.02703850530087948, 0.004638671875], [0.0, 0.0, 0.0, 1.0]], [[-0.9231711030006409, 0.38402432203292847, 0.016744570806622505, 1.093994140625], [-0.02283565141260624, -0.011306777596473694, -0.9996752738952637, 1.5461654663085938], [-0.38371026515960693, -0.9232537746429443, 0.019207535311579704, -0.071380615234375], [0.0, 0.0, 0.0, 1.0]]], "view": [[0.0, -2.0, 100.0], [-2.0, 0.0, 100.0], [0.0, 0.0, 1.0]], "bev": "bev_fbc59c0d59e84264a1f7f1c2103818cf.png", "aux": "aux_fbc59c0d59e84264a1f7f1c2103818cf.npz", "visibility": "visibility_fbc59c0d59e84264a1f7f1c2103818cf.png", "pose": [[-0.7340257167816162, 0.6791216731071472, 0.0, 1576.1220703125], [-0.6791216731071472, -0.7340257167816162, 0.0, 852.497802734375], [0.0, 0.0, 1.0, 0.0], [0.0, 0.0, 0.0, 1.0]], "pose_inverse": [[-0.7340257167816162, -0.6791216731071472, 0.0, 1735.8638916015625], [0.6791216731071472, -0.7340257167816162, 0.0, -444.6233215332031], [0.0, 0.0, 1.0, 0.0], [0.0, 0.0, 0.0, 1.0]], "cam_ids": [0, 1, 2, 3, 4, 5], "cam_channels": ["CAM_FRONT_LEFT", "CAM_FRONT", "CAM_FRONT_RIGHT", "CAM_BACK_LEFT", "CAM_BACK", "CAM_BACK_RIGHT"], "token": "fbc59c0d59e84264a1f7f1c2103818cf", "scene": "scene-0700"}, {"images": ["samples/CAM_FRONT_LEFT/n008-2018-08-29-16-04-13-0400__CAM_FRONT_LEFT__1535573159904799.jpg", "samples/CAM_FRONT/n008-2018-08-29-16-04-13-0400__CAM_FRONT__1535573159912404.jpg", "samples/CAM_FRONT_RIGHT/n008-2018-08-29-16-04-13-0400__CAM_FRONT_RIGHT__1535573159920482.jpg", "samples/CAM_BACK_LEFT/n008-2018-08-29-16-04-13-0400__CAM_BACK_LEFT__1535573159947405.jpg", "samples/CAM_BACK/n008-2018-08-29-16-04-13-0400__CAM_BACK__1535573159937558.jpg", "samples/CAM_BACK_RIGHT/n008-2018-08-29-16-04-13-0400__CAM_BACK_RIGHT__1535573159928113.jpg"], "intrinsics": [[[1257.8625342125129, 0.0, 827.2410631095686], [0.0, 1257.8625342125129, 450.915498205774], [0.0, 0.0, 1.0]], [[1252.8131021185304, 0.0, 826.588114781398], [0.0, 1252.8131021185304, 469.9846626224581], [0.0, 0.0, 1.0]], [[1256.7485116440405, 0.0, 817.7887570959712], [0.0, 1256.7485116440403, 451.9541780095127], [0.0, 0.0, 1.0]], [[1254.9860565800168, 0.0, 829.5769333630991], [0.0, 1254.9860565800168, 467.1680561863987], [0.0, 0.0, 1.0]], [[796.8910634503094, 0.0, 857.7774326863696], [0.0, 796.8910634503094, 476.8848988407415], [0.0, 0.0, 1.0]], [[1249.9629280788233, 0.0, 825.3768045375984], [0.0, 1249.9629280788233, 462.54816385708756], [0.0, 0.0, 1.0]]], "extrinsics": [[[0.821875810623169, -0.5693320631980896, -0.019523778930306435, -0.891357421875], [-0.012706957757472992, 0.01594180054962635, -0.9997921586036682, 1.4865303039550781], [0.5695250630378723, 0.8219531178474426, 0.005867700558155775, -1.25640869140625], [0.0, 0.0, 0.0, 1.0]], [[0.009366326034069061, -0.9998862743377686, -0.011816008016467094, 0.00762939453125], [-0.01076824963092804, 0.01171498466283083, -0.9998733997344971, 1.4789257049560547], [0.9998981356620789, 0.00949237123131752, -0.010657299309968948, -1.62109375], [0.0, 0.0, 0.0, 1.0]], [[-0.8444111347198486, -0.5356950759887695, 0.0007801047177053988, 1.0159912109375], [-0.002764431294053793, 0.002901314292103052, -0.9999919533729553, 1.4928221702575684], [0.535688579082489, -0.8444065451622009, -0.003930796403437853, -1.229248046875], [0.0, 0.0, 0.0, 1.0]], [[0.9475905299186707, 0.31878861784935, -0.02111874893307686, -1.146728515625], [-0.02829185128211975, 0.017887011170387268, -0.9994396567344666, 1.5620918273925781], [-0.3182322382926941, 0.9476569890975952, 0.025968682020902634, -0.1563720703125], [0.0, 0.0, 0.0, 1.0]], [[0.009500873275101185, 0.9999018311500549, 0.010301445610821247, -0.02960205078125], [-0.02609107829630375, 0.010546289384365082, 