[{"images": ["samples/CAM_FRONT_LEFT/n015-2018-08-03-15-21-40+0800__CAM_FRONT_LEFT__1533281210754844.jpg", "samples/CAM_FRONT/n015-2018-08-03-15-21-40+0800__CAM_FRONT__1533281210762460.jpg", "samples/CAM_FRONT_RIGHT/n015-2018-08-03-15-21-40+0800__CAM_FRONT_RIGHT__1533281210770339.jpg", "samples/CAM_BACK_LEFT/n015-2018-08-03-15-21-40+0800__CAM_BACK_LEFT__1533281210797423.jpg", "samples/CAM_BACK/n015-2018-08-03-15-21-40+0800__CAM_BACK__1533281210787525.jpg", "samples/CAM_BACK_RIGHT/n015-2018-08-03-15-21-40+0800__CAM_BACK_RIGHT__1533281210777893.jpg"], "intrinsics": [[[1272.5979470598488, 0.0, 826.6154927353808], [0.0, 1272.5979470598488, 479.75165386361925], [0.0, 0.0, 1.0]], [[1266.417203046554, 0.0, 816.2670197447984], [0.0, 1266.417203046554, 491.50706579294757], [0.0, 0.0, 1.0]], [[1260.8474446004698, 0.0, 807.968244525554], [0.0, 1260.8474446004698, 495.3344268742088], [0.0, 0.0, 1.0]], [[1256.7414812095406, 0.0, 792.1125740759628], [0.0, 1256.7414812095406, 492.7757465151356], [0.0, 0.0, 1.0]], [[809.2209905677063, 0.0, 829.2196003259838], [0.0, 809.2209905677063, 481.77842384512485], [0.0, 0.0, 1.0]], [[1259.5137405846733, 0.0, 807.2529053838625], [0.0, 1259.5137405846733, 501.19579884916527], [0.0, 0.0, 1.0]]], "extrinsics": [[[0.820967435836792, -0.5708803534507751, 0.010397887788712978, -0.723388671875], [-0.008367626927793026, -0.030238067731261253, -0.9995077252388, 1.505772590637207], [0.5709137320518494, 0.8204761743545532, -0.029601378366351128, -1.11181640625], [0.0, 0.0, 0.0, 1.0]], [[0.006106100045144558, -0.999394953250885, 0.034238751977682114, 0.00634765625], [-0.013710925355553627, -0.03431984782218933, -0.9993168711662292, 1.517188549041748], [0.9998872876167297, 0.005632486660033464, -0.013912190683186054, -1.448974609375], [0.0, 0.0, 0.0, 1.0]], [[-0.8327642679214478, -0.5533887147903442, 0.01626698113977909, 0.87359619140625], [-0.008136730641126633, -0.01714540272951126, -0.9998198747634888, 1.5020908117294312], [0.5535680055618286, -0.8327465653419495, 0.009775303304195404, -1.1435546875], [0.0, 0.0, 0.0, 1.0]], [[0.9476246237754822, 0.31903737783432007, -0.014918215572834015, -1.1319580078125], [0.0003590855048969388, -0.047773268073797226, -0.9988581538200378, 1.5885734558105469], [-0.31938573718070984, 0.9465372562408447, -0.0453856959939003, -0.1075439453125], [0.0, 0.0, 0.0, 1.0]], [[0.002024669200181961, 0.9992865920066833, -0.037712786346673965, 0.0030517578125], [-0.024966135621070862, -0.03765059635043144, -0.9989790320396423, 1.5774636268615723], [-0.9996861815452576, 0.002964144106954336, 0.02487209439277649, -0.073974609375], [0.0, 0.0, 0.0, 1.0]], [[-0.9349569082260132, 0.3544405400753021, -0.015082372352480888, 1.0057373046875], [0.007710355333983898, -0.02220219373703003, -0.9997237324714661, 1.552520751953125], [-0.3546774983406067, -0.9348149299621582, 0.01802523247897625, -0.113311767578125], [0.0, 0.0, 0.0, 1.0]]], "view": [[0.0, -2.0, 100.0], [-2.0, 0.0, 100.0], [0.0, 0.0, 1.0]], "bev": "bev_b94e98e801444b00ae1f120ab8f833e1.png", "aux": "aux_b94e98e801444b00ae1f120ab8f833e1.npz", "visibility": "visibility_b94e98e801444b00ae1f120ab8f833e1.png", "pose": [[0.02988358400762081, 0.999553382396698, 0.0, 776.6356201171875], [-0.999553382396698, 0.02988358400762081, 0.0, 1575.738525390625], [0.0, 0.0, 1.0, 0.0], [0.0, 0.0, 0.0, 1.0]], "pose_inverse": [[0.02988358400762081, -0.999553382396698, 0.0, 1551.826171875], [0.999553382396698, 0.02988358400762081, 0.0, -823.3775024414062], [0.0, 0.0, 1.0, 0.0], [0.0, 0.0, 0.0, 1.0]], "cam_ids": [0, 1, 2, 3, 4, 5], "cam_channels": ["CAM_FRONT_LEFT", "CAM_FRONT", "CAM_FRONT_RIGHT", "CAM_BACK_LEFT", "CAM_BACK", "CAM_BACK_RIGHT"], "token": "b94e98e801444b00ae1f120ab8f833e1", "scene": "scene-0380"}, {"images": ["samples/CAM_FRONT_LEFT/n015-2018-08-03-15-21-40+0800__CAM_FRONT_LEFT__1533281211254844.jpg", "samples/CAM_FRONT/n015-2018-08-03-15-21-40+0800__CAM_FRONT__1533281211262460.jpg", "samples/CAM_FRONT_RIGHT/n015-2018-08-03-15-21-40+0800__CAM_FRONT_RIGHT__1533281211270339.jpg", "samples/CAM_BACK_LEFT/n015-2018-08-03-15-21-40+0800__CAM_BACK_LEFT__1533281211297423.jpg", "samples/CAM_BACK/n015-2018-08-03-15-21-40+0800__CAM_BACK__1533281211287525.jpg", "samples/CAM_BACK_RIGHT/n015-2018-08-03-15-21-40+0800__CAM_BACK_RIGHT__1533281211277893.jpg"], "intrinsics": [[[1272.5979470598488, 0.0, 826.6154927353808], [0.0, 1272.5979470598488, 479.75165386361925], [0.0, 0.0, 1.0]], [[1266.417203046554, 0.0, 816.2670197447984], [0.0, 1266.417203046554, 491.50706579294757], [0.0, 0.0, 1.0]], [[1260.8474446004698, 0.0, 807.968244525554], [0.0, 1260.8474446004698, 495.3344268742088], [0.0, 0.0, 1.0]], [[1256.7414812095406, 0.0, 792.1125740759628], [0.0, 1256.7414812095406, 492.7757465151356], [0.0, 0.0, 1.0]], [[809.2209905677063, 0.0, 829.2196003259838], [0.0, 809.2209905677063, 481.77842384512485], [0.0, 0.0, 1.0]], [[1259.5137405846733, 0.0, 807.2529053838625], [0.0, 1259.5137405846733, 501.19579884916527], [0.0, 0.0, 1.0]]], "extrinsics": [[[0.8211555480957031, -0.5704862475395203, 0.015778502449393272, -0.7283935546875], [-0.0037765391170978546, -0.03307859227061272, -0.9994456171989441, 1.5072078704833984], [0.5706918239593506, 0.8206408023834229, -0.029317136853933334, -1.11737060546875], [0.0, 0.0, 0.0, 1.0]], [[0.006284087430685759, -0.9992940425872803, 0.03703746944665909, 0.0076904296875], [-0.008904091082513332, -0.0370926558971405, -0.9992721676826477, 1.5184555053710938], [0.9999405145645142, 0.005949723534286022, -0.009130898863077164, -1.454345703125], [0.0, 0.0, 0.0, 1.0]], [[-0.8326857686042786, -0.5535790324211121, 0.013586863875389099, 0.87725830078125], [-0.0031202463433146477, -0.01984529197216034, -0.9997981786727905, 1.5030794143676758], [0.5537368655204773, -0.832560122013092, 0.014797589741647243, -1.14453125], [0.0, 0.0, 0.0, 1.0]], [[0.947627604007721, 0.3192104995250702, -0.010318107903003693, -1.131591796875], [0.005988714750856161, -0.05006118491292, -0.9987282156944275, 1.5886650085449219], [-0.31932106614112854, 0.9463606476783752, -0.04935102537274361, -0.1082763671875], [0.0, 0.0, 0.0, 1.0]], [[0.002047584392130375, 0.9991917610168457, -0.04014518857002258, 0.00238037109375], [-0.019558241590857506, -0.04009757563471794, -0.9990043640136719, 1.5779056549072266], [-0.9998065829277039, 0.002830715849995613, 0.01946032978594303, -0.07373046875], [0.0, 0.0, 0.0, 1.0]], [[-0.9349370002746582, 0.35419967770576477, -0.02086286060512066, 1.007080078125], [0.012906217947602272, -0.02481142058968544, -0.9996088743209839, 1.5532455444335938], [-0.35457873344421387, -0.9348406195640564, 0.018625739961862564, -0.1119384765625], [0.0, 0.0, 0.0, 1.0]]], "view": [[0.0, -2.0, 100.0], [-2.0, 0.0, 100.0], [0.0, 0.0, 1.0]], "bev": "bev_106ead79ec5241ca99c09c30e0a5a738.png", "aux": "aux_106ead79ec5241ca99c09c30e0a5a738.npz", "visibility": "visibility_106ead79ec5241ca99c09c30e0a5a738.png", "pose": [[0.02915010415017605, 0.9995750188827515, 0.0, 776.731689453125], [-0.9995750188827515, 0.02915010415017605, 0.0, 1572.4652099609375], [0.0, 0.0, 1.0, 0.0], [0.0, 0.0, 0.0, 1.0]], "pose_inverse": [[0.02915010415017605, -0.9995750188827515, 0.0, 1549.1551513671875], [0.9995750188827515, 0.02915010415017605, 0.0, -822.2391357421875], [0.0, 0.0, 1.0, 0.0], [0.0, 0.0, 0.0, 1.0]], "cam_ids": [0, 1, 2, 3, 4, 5], "cam_channels": ["CAM_FRONT_LEFT", "CAM_FRONT", "CAM_FRONT_RIGHT", "CAM_BACK_LEFT", "CAM_BACK", "CAM_BACK_RIGHT"], "token": "106ead79ec5241ca99c09c30e0a5a738", "scene": "scene-0380"}, {"images": ["samples/CAM_FRONT_LEFT/n015-2018-08-03-15-21-40+0800__CAM_FRONT_LEFT__1533281211754844.jpg", "samples/CAM_FRONT/n015-2018-08-03-15-21-40+0800__CAM_FRONT__1533281211762460.jpg", "samples/CAM_FRONT_RIGHT/n015-2018-08-03-15-21-40+0800__CAM_FRONT_RIGHT__1533281211770339.jpg", "samples/CAM_BACK_LEFT/n015-2018-08-03-15-21-40+0800__CAM_BACK_LEFT__1533281211797423.jpg", "samples/CAM_BACK/n015-2018-08-03-15-21-40+0800__CAM_BACK__1533281211787525.jpg", "samples/CAM_BACK_RIGHT/n015-2018-08-03-15-21-40+0800__CAM_BACK_RIGHT__1533281211777893.jpg"], "intrinsics": [[[1272.5979470598488, 0.0, 826.6154927353808], [0.0, 1272.5979470598488, 479.75165386361925], [0.0, 0.0, 1.0]], [[1266.417203046554, 0.0, 816.2670197447984], [0.0, 1266.417203046554, 491.50706579294757], [0.0, 0.0, 1.0]], [[1260.8474446004698, 0.0, 807.968244525554], [0.0, 1260.8474446004698, 495.3344268742088], [0.0, 0.0, 1.0]], [[1256.7414812095406, 0.0, 792.1125740759628], [0.0, 1256.7414812095406, 492.7757465151356], [0.0, 0.0, 1.0]], [[809.2209905677063, 0.0, 829.2196003259838], [0.0, 809.2209905677063, 481.77842384512485], [0.0, 0.0, 1.0]], [[1259.5137405846733, 0.0, 807.2529053838625], [0.0, 1259.5137405846733, 501.19579884916527], [0.0, 0.0, 1.0]]], "extrinsics": [[[0.8208075761795044, -0.570997953414917, 0.015369448810815811, -0.739013671875], [-0.002992752706632018, -0.031205661594867706, -0.9995085000991821, 1.507497787475586], [0.5711969137191772, 0.8203580975532532, -0.02732269838452339, -1.1255950927734375], [0.0, 0.0, 0.0, 1.0]], [[0.005780654028058052, -0.999366819858551, 0.03510737046599388, 0.0081787109375], [-0.008298496715724468, -0.03515469282865524, -0.999347448348999, 1.5187149047851562], [0.9999487400054932, 0.0054855444468557835, -0.008496459573507309, -1.465576171875], [0.0, 0.0, 0.0, 1.0]], [[-0.8329010605812073, -0.5532897114753723, 0.012098169885575771, 0.88494873046875], [-0.0026883960235863924, -0.017815330997109413, -0.9998376965522766, 1.503190040588379], [0.5534153580665588, -0.8327983617782593, 0.01335094403475523, -1.1490478515625], [0.0, 0.0, 0.0, 1.0]], [[0.947728157043457, 0.31893137097358704, -0.009702109731733799, -1.1314697265625], [0.0058145662769675255, -0.047664009034633636, -0.9988464713096619, 1.5886383056640625], [-0.3190259039402008, 0.9465785622596741, -0.04702696576714516, -0.1077880859375], [0.0, 0.0, 0.0, 1.0]], [[0.002311545889824629, 0.9992796778678894, -0.03787798807024956, 0.002197265625], [-0.019517377018928528, -0.03782578930258751, -0.999093770980835, 1.5779869556427002], [-0.999806821346283, 0.0030487296171486378, 0.019415881484746933, -0.070068359375], [0.0, 0.0, 0.0, 1.0]], [[-0.9348320364952087, 0.35450589656829834, -0.020360160619020462, 1.0133056640625], [0.013172195293009281, -0.022677667438983917, -0.9996560215950012, 1.5531959533691406], [-0.35484570264816284, -0.9347787499427795, 0.016530189663171768, -0.1091461181640625], [0.0, 0.0, 0.0, 1.0]]], "view": [[0.0, -2.0, 100.0], [-2.0, 0.0, 100.0], [0.0, 0.0, 1.0]], "bev": "bev_34bd6c1fa85649c3b8298b4eb6f9c53d.png", "aux": "aux_34bd6c1fa85649c3b8298b4eb6f9c53d.npz", "visibility": "visibility_34bd6c1fa85649c3b8298b4eb6f9c53d.png", "pose": [[0.02861863560974598, 0.9995903968811035, 0.0, 776.806884765625], [-0.9995903968811035, 0.02861863560974598, 0.0, 1569.25927734375], [0.0, 0.0, 1.0, 0.0], [0.0, 0.0, 0.0, 1.0]], "pose_inverse": [[0.02861863560974598, -0.9995903968811035, 0.0, 1546.3853759765625], [0.9995903968811035, 0.02861863560974598, 0.0, -821.3987426757812], [0.0, 0.0, 1.0, 0.0], [0.0, 0.0, 0.0, 1.0]], "cam_ids": [0, 1, 2, 3, 4, 5], "cam_channels": ["CAM_FRONT_LEFT", "CAM_FRONT", "CAM_FRONT_RIGHT", "CAM_BACK_LEFT", "CAM_BACK", "CAM_BACK_RIGHT"], "token": "34bd6c1fa85649c3b8298b4eb6f9c53d", "scene": "scene-0380"}, {"images": ["samples/CAM_FRONT_LEFT/n015-2018-08-03-15-21-40+0800__CAM_FRONT_LEFT__1533281212254844.jpg", "samples/CAM_FRONT/n015-2018-08-03-15-21-40+0800__CAM_FRONT__1533281212262460.jpg", "samples/CAM_FRONT_RIGHT/n015-2018-08-03-15-21-40+0800__CAM_FRONT_RIGHT__1533281212270339.jpg", "samples/CAM_BACK_LEFT/n015-2018-08-03-15-21-40+0800__CAM_BACK_LEFT__1533281212297423.jpg", "samples/CAM_BACK/n015-2018-08-03-15-21-40+0800__CAM_BACK__1533281212287525.jpg", "samples/CAM_BACK_RIGHT/n015-2018-08-03-15-21-40+0800__CAM_BACK_RIGHT__1533281212277893.jpg"], "intrinsics": [[[1272.5979470598488, 0.0, 826.6154927353808], [0.0, 1272.5979470598488, 479.75165386361925], [0.0, 0.0, 1.0]], [[1266.417203046554, 0.0, 816.2670197447984], [0.0, 1266.417203046554, 491.50706579294757], [0.0, 0.0, 1.0]], [[1260.8474446004698, 0.0, 807.968244525554], [0.0, 1260.8474446004698, 495.3344268742088], [0.0, 0.0, 1.0]], [[1256.7414812095406, 0.0, 792.1125740759628], [0.0, 1256.7414812095406, 492.7757465151356], [0.0, 0.0, 1.0]], [[809.2209905677063, 0.0, 829.2196003259838], [0.0, 809.2209905677063, 481.77842384512485], [0.0, 0.0, 1.0]], [[1259.5137405846733, 0.0, 807.2529053838625], [0.0, 1259.5137405846733, 501.19579884916527], [0.0, 0.0, 1.0]]], "extrinsics": [[[0.8207914233207703, -0.5711255669593811, 0.010813777334988117, -0.753662109375], [-0.005596377421170473, -0.026969783008098602, -0.9996206164360046, 1.5068559646606445], [0.5712004899978638, 0.8204194903373718, -0.025332802906632423, -1.1349029541015625], [0.0, 0.0, 0.0, 1.0]], [[0.005796622484922409, -0.9995056390762329, 0.030900685116648674, 0.0074462890625], [-0.010905271396040916, -0.03096255101263523, -0.9994611144065857, 1.5182466506958008], [0.9999237060546875, 0.005456514190882444, -0.011079358868300915, -1.4791259765625], [0.0, 0.0, 0.0, 1.0]], [[-0.8329018354415894, -0.5532911419868469, 0.011974485591053963, 0.89239501953125], [-0.005272747483104467, -0.01370257418602705, -0.9998921751976013, 1.5027697086334229], [0.5533955693244934, -0.8328751921653748, 0.008495536632835865, -1.154541015625], [0.0, 0.0, 0.0, 1.0]], [[0.9476810097694397, 0.319041907787323, -0.010629010386765003, -1.13134765625], [0.0035744234919548035, -0.04390052706003189, -0.9990295171737671, 1.5886039733886719], [-0.3191989064216614, 0.9467233419418335, -0.04274408891797066, -0.107666015625], [0.0, 0.0, 0.0, 1.0]], [[0.002220237860456109, 0.9994186162948608, -0.034021470695734024, 0.0025634765625], [-0.021915463730692863, -0.03396475315093994, -0.9991827607154846, 1.5778422355651855], [-0.9997572898864746, 0.0029640193097293377, 0.02182731218636036, -0.068115234375], [0.0, 0.0, 0.0, 1.0]], [[-0.934862494468689, 0.3546224534511566, -0.01658276468515396, 1.0185546875], [0.010649072006344795, -0.018677648156881332, -0.999768853187561, 1.5528068542480469], [-0.3548502027988434, -0.9348230361938477, 0.013684631325304508, -0.10760498046875], [0.0, 0.0, 0.0, 1.0]]], "view": [[0.0, -2.0, 100.0], [-2.0, 0.0, 100.0], [0.0, 0.0, 1.0]], "bev": "bev_fa79b94984ac4ae2a62773701566e70c.png", "aux": "aux_fa79b94984ac4ae2a62773701566e70c.npz", "visibility": "visibility_fa79b94984ac4ae2a62773701566e70c.png", "pose": [[0.028152838349342346, 0.9996036291122437, 0.0, 776.8778076171875], [-0.9996036291122437, 0.028152838349342346, 0.0, 1566.243896484375], [0.0, 0.0, 1.0, 0.0], [0.0, 0.0, 0.0, 1.0]], "pose_inverse": [[0.028152838349342346, -0.9996036291122437, 0.0, 1543.751708984375], [0.9996036291122437, 0.028152838349342346, 0.0, -820.6640625], [0.0, 0.0, 1.0, 0.0], [0.0, 0.0, 0.0, 1.0]], "cam_ids": [0, 1, 2, 3, 4, 5], "cam_channels": ["CAM_FRONT_LEFT", "CAM_FRONT", "CAM_FRONT_RIGHT", "CAM_BACK_LEFT", "CAM_BACK", "CAM_BACK_RIGHT"], "token": "fa79b94984ac4ae2a62773701566e70c", "scene": "scene-0380"}, {"images": ["samples/CAM_FRONT_LEFT/n015-2018-08-03-15-21-40+0800__CAM_FRONT_LEFT__1533281212754844.jpg", "samples/CAM_FRONT/n015-2018-08-03-15-21-40+0800__CAM_FRONT__1533281212762460.jpg", "samples/CAM_FRONT_RIGHT/n015-2018-08-03-15-21-40+0800__CAM_FRONT_RIGHT__1533281212770339.jpg", "samples/CAM_BACK_LEFT/n015-2018-08-03-15-21-40+0800__CAM_BACK_LEFT__1533281212797423.jpg", "samples/CAM_BACK/n015-2018-08-03-15-21-40+0800__CAM_BACK__1533281212787525.jpg", "samples/CAM_BACK_RIGHT/n015-2018-08-03-15-21-40+0800__CAM_BACK_RIGHT__1533281212777893.jpg"], "intrinsics": [[[1272.5979470598488, 0.0, 826.6154927353808], [0.0, 1272.5979470598488, 479.75165386361925], [0.0, 0.0, 1.0]], [[1266.417203046554, 0.0, 816.2670197447984], [0.0, 1266.417203046554, 491.50706579294757], [0.0, 0.0, 1.0]], [[1260.8474446004698, 0.0, 807.968244525554], [0.0, 1260.8474446004698, 495.3344268742088], [0.0, 0.0, 1.0]], [[1256.7414812095406, 0.0, 792.1125740759628], [0.0, 1256.7414812095406, 492.7757465151356], [0.0, 0.0, 1.0]], [[809.2209905677063, 0.0, 829.2196003259838], [0.0, 809.2209905677063, 481.77842384512485], [0.0, 0.0, 1.0]], [[1259.5137405846733, 0.0, 807.2529053838625], [0.0, 1259.5137405846733, 501.19579884916527], [0.0, 0.0, 1.0]]], "extrinsics": [[[0.8207947611808777, -0.5711582899093628, 0.008610053919255733, -0.759765625], [-0.0061544375494122505, -0.023914486169815063, -0.9996950626373291, 1.5067768096923828], [0.5711899995803833, 0.8204914927482605, -0.02314404398202896, -1.1402435302734375], [0.0, 0.0, 0.0, 1.0]], [[0.005799138452857733, -0.9995944499969482, 0.02787846513092518, 0.00830078125], [-0.011480567045509815, -0.027943648397922516, -0.9995436072349548, 1.5182194709777832], [0.9999172687530518, 0.0054764337837696075, -0.011637961491942406, -1.4859619140625], [0.0, 0.0, 0.0, 1.0]], [[-0.8329026103019714, -0.5533134341239929, 0.010826735757291317, 0.89739990234375], [-0.005884822923690081, -0.010707207024097443, -0.9999253153800964, 1.5027023553848267], [0.5533881187438965, -0.8329042196273804, 0.005661910865455866, -1.1572265625], [0.0, 0.0, 0.0, 1.0]], [[0.9477154612541199, 0.31894418597221375, -0.01048754807561636, -1.1295166015625], [0.002762354677543044, -0.04106231778860092, -0.9991527795791626, 1.5886077880859375], [-0.3191045820713043, 0.9468835592269897, -0.039796434342861176, -0.1083984375], [0.0, 0.0, 0.0, 1.0]], [[0.002256424631923437, 0.9995153546333313, -0.031047584488987923, 0.002197265625], [-0.02266586199402809, -0.03098856471478939, -0.9992626905441284, 1.5778374671936035], [-0.9997405409812927, 0.002958479803055525, 0.022584954276680946, -0.0662841796875], [0.0, 0.0, 0.0, 1.0]], [[-0.9348681569099426, 0.3546826243400574, -0.01489344984292984, 1.0225830078125], [0.009976653382182121, -0.015687324106693268, -0.9998271465301514, 1.5526809692382812], [-0.3548549711704254, -0.9348551630973816, 0.01112703513354063, -0.1055450439453125], [0.0, 0.0, 0.0, 1.0]]], "view": [[0.0, -2.0, 100.0], [-2.0, 0.0, 100.0], [0.0, 0.0, 1.0]], "bev": "bev_8464f323d93348dfaf976c07c52c7b44.png", "aux": "aux_8464f323d93348dfaf976c07c52c7b44.npz", "visibility": "visibility_8464f323d93348dfaf976c07c52c7b44.png", "pose": [[0.027161316946148872, 0.9996310472488403, 0.0, 776.9322509765625], [-0.9996310472488403, 0.027161316946148872, 0.0, 1563.4036865234375], [0.0, 0.0, 1.0, 0.0], [0.0, 0.0, 0.0, 1.0]], "pose_inverse": [[0.027161316946148872, -0.9996310472488403, 0.0, 1541.724365234375], [0.9996310472488403, 0.027161316946148872, 0.0, -819.1097412109375], [0.0, 0.0, 1.0, 0.0], [0.0, 0.0, 0.0, 1.0]], "cam_ids": [0, 1, 2, 3, 4, 5], "cam_channels": ["CAM_FRONT_LEFT", "CAM_FRONT", "CAM_FRONT_RIGHT", "CAM_BACK_LEFT", "CAM_BACK", "CAM_BACK_RIGHT"], "token": "8464f323d93348dfaf976c07c52c7b44", "scene": "scene-0380"}, {"images": ["samples/CAM_FRONT_LEFT/n015-2018-08-03-15-21-40+0800__CAM_FRONT_LEFT__1533281213254844.jpg", "samples/CAM_FRONT/n015-2018-08-03-15-21-40+0800__CAM_FRONT__1533281213262460.jpg", "samples/CAM_FRONT_RIGHT/n015-2018-08-03-15-21-40+0800__CAM_FRONT_RIGHT__1533281213270339.jpg", "samples/CAM_BACK_LEFT/n015-2018-08-03-15-21-40+0800__CAM_BACK_LEFT__1533281213297432.jpg", "samples/CAM_BACK/n015-2018-08-03-15-21-40+0800__CAM_BACK__1533281213287525.jpg", "samples/CAM_BACK_RIGHT/n015-2018-08-03-15-21-40+0800__CAM_BACK_RIGHT__1533281213277893.jpg"], "intrinsics": [[[1272.5979470598488, 0.0, 826.6154927353808], [0.0, 1272.5979470598488, 479.75165386361925], [0.0, 0.0, 1.0]], [[1266.417203046554, 0.0, 816.2670197447984], [0.0, 1266.417203046554, 491.50706579294757], [0.0, 0.0, 1.0]], [[1260.8474446004698, 0.0, 807.968244525554], [0.0, 1260.8474446004698, 495.3344268742088], [0.0, 0.0, 1.0]], [[1256.7414812095406, 0.0, 792.1125740759628], [0.0, 1256.7414812095406, 492.7757465151356], [0.0, 0.0, 1.0]], [[809.2209905677063, 0.0, 829.2196003259838], [0.0, 809.2209905677063, 481.77842384512485], [0.0, 0.0, 1.0]], [[1259.5137405846733, 0.0, 807.2529053838625], [0.0, 1259.5137405846733, 501.19579884916527], [0.0, 0.0, 1.0]]], "extrinsics": [[[0.8206254839897156, -0.5713942646980286, 0.009072496555745602, -0.7745361328125], [-0.005687460768967867, -0.024041196331381798, -0.9996947646141052, 1.5069732666015625], [0.5714380145072937, 0.8203234672546387, -0.02297860197722912, -1.149566650390625], [0.0, 0.0, 0.0, 1.0]], [[0.005549298599362373, -0.9995900392532349, 0.028087597340345383, 0.0074462890625], [-0.010906320065259933, -0.028146861121058464, -0.9995443224906921, 1.5184807777404785], [0.9999251961708069, 0.005240431986749172, -0.01105804368853569, -1.500732421875], [0.0, 0.0, 0.0, 1.0]], [[-0.8330118060112, -0.5531570911407471, 0.010418075136840343, 0.906982421875], [-0.005191116593778133, -0.011015028692781925, -0.9999257922172546, 1.5028703212738037], [0.553230881690979, -0.8330040574073792, 0.006304146721959114, -1.1641845703125], [0.0, 0.0, 0.0, 1.0]], [[0.9478237628936768, 0.3186470866203308, -0.009705286473035812, -1.12744140625], [0.003773082047700882, -0.04165426641702652, -0.9991249442100525, 1.5886039733886719], [-0.31877249479293823, 0.9469577670097351, -0.040683187544345856, -0.1085205078125], [0.0, 0.0, 0.0, 1.0]], [[0.002480550669133663, 0.9994981288909912, -0.03158121183514595, 0.0025634765625], [-0.021765606477856636, -0.03151986747980118, -0.9992661476135254, 1.577970027923584], [-0.9997599720954895, 0.0031661121174693108, 0.021676495671272278, -0.0625], [0.0, 0.0, 0.0, 1.0]], [[-0.9348075985908508, 0.3548032343387604, -0.01578853838145733, 1.0308837890625], [0.010771408677101135, -0.016111403703689575, -0.9998121857643127, 1.55267333984375], [-0.35499101877212524, -0.934802234172821, 0.01123933494091034, -0.1027374267578125], [0.0, 0.0, 0.0, 1.0]]], "view": [[0.0, -2.0, 100.0], [-2.0, 0.0, 100.0], [0.0, 0.0, 1.0]], "bev": "bev_db13ac2e42264f1aa5a1f625f4cbe354.png", "aux": "aux_db13ac2e42264f1aa5a1f625f4cbe354.npz", "visibility": "visibility_db13ac2e42264f1aa5a1f625f4cbe354.png", "pose": [[0.029440755024552345, 0.9995665550231934, 0.0, 776.9888305664062], [-0.9995665550231934, 0.029440755024552345, 0.0, 1560.761474609375], [0.0, 0.0, 1.0, 0.0], [0.0, 0.0, 0.0, 1.0]], "pose_inverse": [[0.029440755024552345, -0.9995665550231934, 0.0, 1537.2098388671875], [0.9995665550231934, 0.029440755024552345, 0.0, -822.60205078125], [0.0, 0.0, 1.0, 0.0], [0.0, 0.0, 0.0, 1.0]], "cam_ids": [0, 1, 2, 3, 4, 5], "cam_channels": ["CAM_FRONT_LEFT", "CAM_FRONT", "CAM_FRONT_RIGHT", "CAM_BACK_LEFT", "CAM_BACK", "CAM_BACK_RIGHT"], "token": "db13ac2e42264f1aa5a1f625f4cbe354", "scene": "scene-0380"}, {"images": ["samples/CAM_FRONT_LEFT/n015-2018-08-03-15-21-40+0800__CAM_FRONT_LEFT__1533281213754844.jpg", "samples/CAM_FRONT/n015-2018-08-03-15-21-40+0800__CAM_FRONT__1533281213762460.jpg", "samples/CAM_FRONT_RIGHT/n015-2018-08-03-15-21-40+0800__CAM_FRONT_RIGHT__1533281213770339.jpg", "samples/CAM_BACK_LEFT/n015-2018-08-03-15-21-40+0800__CAM_BACK_LEFT__1533281213797423.jpg", "samples/CAM_BACK/n015-2018-08-03-15-21-40+0800__CAM_BACK__1533281213787525.jpg", "samples/CAM_BACK_RIGHT/n015-2018-08-03-15-21-40+0800__CAM_BACK_RIGHT__1533281213777893.jpg"], "intrinsics": [[[1272.5979470598488, 0.0, 826.6154927353808], [0.0, 1272.5979470598488, 479.75165386361925], [0.0, 0.0, 1.0]], [[1266.417203046554, 0.0, 816.2670197447984], [0.0, 1266.417203046554, 491.50706579294757], [0.0, 0.0, 1.0]], [[1260.8474446004698, 0.0, 807.968244525554], [0.0, 1260.8474446004698, 495.3344268742088], [0.0, 0.0, 1.0]], [[1256.7414812095406, 0.0, 792.1125740759628], [0.0, 1256.7414812095406, 492.7757465151356], [0.0, 0.0, 1.0]], [[809.2209905677063, 0.0, 829.2196003259838], [0.0, 809.2209905677063, 481.77842384512485], [0.0, 0.0, 1.0]], [[1259.5137405846733, 0.0, 807.2529053838625], [0.0, 1259.5137405846733, 501.19579884916527], [0.0, 0.0, 1.0]]], "extrinsics": [[[0.820872962474823, -0.57103031873703, 0.009592744521796703, -0.7938232421875], [-0.005905908532440662, -0.025283267721533775, -0.9996628761291504, 1.5070266723632812], [0.5710802674293518, 0.8205394744873047, -0.024126801639795303, -1.1614990234375], [0.0, 0.0, 0.0, 1.0]], [[0.0059252711944282055, -0.9995521903038025, 0.029331183061003685, 0.00640869140625], [-0.011254954151809216, -0.029396504163742065, -0.9995044469833374, 1.5185999870300293], [0.999919056892395, 0.0055922106839716434, -0.011424095369875431, -1.519775390625], [0.0, 0.0, 0.0, 1.0]], [[-0.8328462243080139, -0.5533846616744995, 0.0115145118907094, 0.9197998046875], [-0.005680098198354244, -0.012256957590579987, -0.9999087452888489, 1.502878189086914], [0.5534752607345581, -0.8328356146812439, 0.0070648822002112865, -1.173583984375], [0.0, 0.0, 0.0, 1.0]], [[0.9477419853210449, 0.3188480734825134, -0.011003636755049229, -1.1334228515625], [0.00282561918720603, -0.042877573519945145, -0.9990763068199158, 1.58856201171875], [-0.31902533769607544, 0.9468355774879456, -0.0415378175675869, -0.106201171875], [0.0, 0.0, 0.0, 1.0]], [[0.0022482741624116898, 0.9994579553604126, -0.03284572437405586, 0.00299072265625], [-0.02252945490181446, -0.03278684616088867, -0.999208390712738, 1.5781188011169434], [-0.999743640422821, 0.002986488165333867, 0.022443527355790138, -0.052978515625], [0.0, 0.0, 0.0, 1.0]], [[-0.9348940253257751, 0.3545815944671631, -0.01565495878458023, 1.04296875], [0.010164111852645874, -0.01734277792274952, -0.9997979402542114, 1.552469253540039], [-0.3547814190387726, -0.9348642826080322, 0.012609650380909443, -0.09893798828125], [0.0, 0.0, 0.0, 1.0]]], "view": [[0.0, -2.0, 100.0], [-2.0, 0.0, 100.0], [0.0, 0.0, 1.0]], "bev": "bev_da33baf36b484b8a9654c1eb5f23baf6.png", "aux": "aux_da33baf36b484b8a9654c1eb5f23baf6.npz", "visibility": "visibility_da33baf36b484b8a9654c1eb5f23baf6.png", "pose": [[0.028458671644330025, 0.9995949864387512, 0.0, 777.0379638671875], [-0.9995949864387512, 0.028458671644330025, 0.0, 1558.3428955078125], [0.0, 0.0, 1.0, 0.0], [0.0, 0.0, 0.0, 1.0]], "pose_inverse": [[0.028458671644330025, -0.9995949864387512, 0.0, 1535.5982666015625], [0.9995949864387512, 0.028458671644330025, 0.0, -821.0715942382812], [0.0, 0.0, 1.0, 0.0], [0.0, 0.0, 0.0, 1.0]], "cam_ids": [0, 1, 2, 3, 4, 5], "cam_channels": ["CAM_FRONT_LEFT", "CAM_FRONT", "CAM_FRONT_RIGHT", "CAM_BACK_LEFT", "CAM_BACK", "CAM_BACK_RIGHT"], "token": "da33baf36b484b8a9654c1eb5f23baf6", "scene": "scene-0380"}, {"images": ["samples/CAM_FRONT_LEFT/n015-2018-08-03-15-21-40+0800__CAM_FRONT_LEFT__1533281214154844.jpg", "samples/CAM_FRONT/n015-2018-08-03-15-21-40+0800__CAM_FRONT__1533281214162460.jpg", "samples/CAM_FRONT_RIGHT/n015-2018-08-03-15-21-40+0800__CAM_FRONT_RIGHT__1533281214170339.jpg", "samples/CAM_BACK_LEFT/n015-2018-08-03-15-21-40+0800__CAM_BACK_LEFT__1533281214197427.jpg", "samples/CAM_BACK/n015-2018-08-03-15-21-40+0800__CAM_BACK__1533281214187525.jpg", "samples/CAM_BACK_RIGHT/n015-2018-08-03-15-21-40+0800__CAM_BACK_RIGHT__1533281214177893.jpg"], "intrinsics": [[[1272.5979470598488, 0.0, 826.6154927353808], [0.0, 1272.5979470598488, 479.75165386361925], [0.0, 0.0, 1.0]], [[1266.417203046554, 0.0, 816.2670197447984], [0.0, 1266.417203046554, 491.50706579294757], [0.0, 0.0, 1.0]], [[1260.8474446004698, 0.0, 807.968244525554], [0.0, 1260.8474446004698, 495.3344268742088], [0.0, 0.0, 1.0]], [[1256.7414812095406, 0.0, 792.1125740759628], [0.0, 1256.7414812095406, 492.7757465151356], [0.0, 0.0, 1.0]], [[809.2209905677063, 0.0, 829.2196003259838], [0.0, 809.2209905677063, 481.77842384512485], [0.0, 0.0, 1.0]], [[1259.5137405846733, 0.0, 807.2529053838625], [0.0, 1259.5137405846733, 501.19579884916527], [0.0, 0.0, 1.0]]], "extrinsics": [[[0.8207026720046997, -0.5712823271751404, 0.009146402589976788, -0.811767578125], [-0.006745645776391029, -0.025695430114865303, -0.9996470212936401, 1.5070257186889648], [0.5713157057762146, 0.8203513622283936, -0.024941975250840187, -1.175048828125], [0.0, 0.0, 0.0, 1.0]], [[0.005684055853635073, -0.9995461106300354, 0.029583945870399475, 0.00689697265625], [-0.012118340469896793, -0.029651103541254997, -0.9994868636131287, 1.518693447113037], [0.9999104142189026, 0.005322631914168596, -0.012281378731131554, -1.5380859375], [0.0, 0.0, 0.0, 1.0]], [[-0.8329521417617798, -0.5532087087631226, 0.012280839495360851, 0.931640625], [-0.006549138575792313, -0.012336250394582748, -0.9999024271965027, 1.5028586387634277], [0.5533062219619751, -0.8329513072967529, 0.006652468349784613, -1.180908203125], [0.0, 0.0, 0.0, 1.0]], [[0.9477161765098572, 0.31890517473220825, -0.011556926183402538, -1.133056640625], [0.002061390783637762, -0.04233282059431076, -0.999101459980011, 1.5885581970214844], [-0.3191078305244446, 0.9468408226966858, -0.04077688604593277, -0.1064453125], [0.0, 0.0, 0.0, 1.0]], [[0.002281968481838703, 0.9994690418243408, -0.03250376507639885, 0.00274658203125], [-0.02336461842060089, -0.03244168683886528, -0.9992005228996277, 1.5781893730163574], [-0.9997243285179138, 0.003039581933990121, 0.02327818237245083, -0.04833984375], [0.0, 0.0, 0.0, 1.0]], [[-0.9348517656326294, 0.35472893714904785, -0.014816186390817165, 1.0521240234375], [0.009301607497036457, -0.017246181145310402, -0.9998080134391785, 1.5522937774658203], [-0.3549163341522217, -0.9348101615905762, 0.0128230731934309, -0.0950469970703125], [0.0, 0.0, 0.0, 1.0]]], "view": [[0.0, -2.0, 100.0], [-2.0, 0.0, 100.0], [0.0, 0.0, 1.0]], "bev": "bev_1aa3e126a90d44efb0b678b78175e08c.png", "aux": "aux_1aa3e126a90d44efb0b678b78175e08c.npz", "visibility": "visibility_1aa3e126a90d44efb0b678b78175e08c.png", "pose": [[0.027045413851737976, 0.9996342062950134, 0.0, 777.0675048828125], [-0.9996342062950134, 0.027045413851737976, 0.0, 1556.56689453125], [0.0, 0.0, 1.0, 0.0], [0.0, 0.0, 0.0, 1.0]], "pose_inverse": [[0.027045413851737976, -0.9996342062950134, 0.0, 1534.9814453125], [0.9996342062950134, 0.027045413851737976, 0.0, -818.8812255859375], [0.0, 0.0, 1.0, 0.0], [0.0, 0.0, 0.0, 1.0]], "cam_ids": [0, 1, 2, 3, 4, 5], "cam_channels": ["CAM_FRONT_LEFT", "CAM_FRONT", "CAM_FRONT_RIGHT", "CAM_BACK_LEFT", "CAM_BACK", "CAM_BACK_RIGHT"], "token": "1aa3e126a90d44efb0b678b78175e08c", "scene": "scene-0380"}, {"images": ["samples/CAM_FRONT_LEFT/n015-2018-08-03-15-21-40+0800__CAM_FRONT_LEFT__1533281214654844.jpg", "samples/CAM_FRONT/n015-2018-08-03-15-21-40+0800__CAM_FRONT__1533281214662460.jpg", "samples/CAM_FRONT_RIGHT/n015-2018-08-03-15-21-40+0800__CAM_FRONT_RIGHT__1533281214670339.jpg", "samples/CAM_BACK_LEFT/n015-2018-08-03-15-21-40+0800__CAM_BACK_LEFT__1533281214697423.jpg", "samples/CAM_BACK/n015-2018-08-03-15-21-40+0800__CAM_BACK__1533281214687525.jpg", "samples/CAM_BACK_RIGHT/n015-2018-08-03-15-21-40+0800__CAM_BACK_RIGHT__1533281214677893.jpg"], "intrinsics": [[[1272.5979470598488, 0.0, 826.6154927353808], [0.0, 1272.5979470598488, 479.75165386361925], [0.0, 0.0, 1.0]], [[1266.417203046554, 0.0, 816.2670197447984], [0.0, 1266.417203046554, 491.50706579294757], [0.0, 0.0, 1.0]], [[1260.8474446004698, 0.0, 807.968244525554], [0.0, 1260.8474446004698, 495.3344268742088], [0.0, 0.0, 1.0]], [[1256.7414812095406, 0.0, 792.1125740759628], [0.0, 1256.7414812095406, 492.7757465151356], [0.0, 0.0, 1.0]], [[809.2209905677063, 0.0, 829.2196003259838], [0.0, 809.2209905677063, 481.77842384512485], [0.0, 0.0, 1.0]], [[1259.5137405846733, 0.0, 807.2529053838625], [0.0, 1259.5137405846733, 501.19579884916527], [0.0, 0.0, 1.0]]], "extrinsics": [[[0.8205481767654419, -0.5715070366859436, 0.008961234241724014, -0.826416015625], [-0.006997390184551477, -0.025721022859215736, -0.9996446371078491, 1.5070686340332031], [0.5715344548225403, 0.8201939463615417, -0.025104396045207977, -1.1838836669921875], [0.0, 0.0, 0.0, 1.0]], [[0.005461167078465223, -0.9995458722114563, 0.02963554859161377, 0.00579833984375], [-0.012329147197306156, -0.02970104292035103, -0.9994828104972839, 1.5188117027282715], [0.9999091029167175, 0.005092957988381386, -0.012485749088227749, -1.552490234375], [0.0, 0.0, 0.0, 1.0]], [[-0.8330495357513428, -0.5530579686164856, 0.012461231090128422, 0.94061279296875], [-0.006719925440847874, -0.012407307513058186, -0.9999004602432251, 1.502906322479248], [0.5531575679779053, -0.8330503702163696, 0.0066193933598697186, -1.1878662109375], [0.0, 0.0, 0.0, 1.0]], [[0.9477308392524719, 0.3188565969467163, -0.011693459935486317, -1.13525390625], [0.0019563292153179646, -0.04245472699403763, -0.9990964531898499, 1.5885429382324219], [-0.3190649449825287, 0.9468516707420349, -0.040859438478946686, -0.1055908203125], [0.0, 0.0, 0.0, 1.0]], [[0.00236664991825819, 0.9994655251502991, -0.03260496258735657, 0.00311279296875], [-0.02347598224878311, -0.03254053741693497, -0.9991946816444397, 1.578305721282959], [-0.9997216463088989, 0.0031301758717745543, 0.02338641881942749, -0.042724609375], [0.0, 0.0, 0.0, 1.0]], [[-0.9348068237304688, 0.3548518717288971, -0.014711808413267136, 1.0604248046875], [0.009156690910458565, -0.017329057678580284, -0.9998079538345337, 1.5521926879882812], [-0.35503867268562317, -0.9347620010375977, 0.01295005064457655, -0.0924224853515625], [0.0, 0.0, 0.0, 1.0]]], "view": [[0.0, -2.0, 100.0], [-2.0, 0.0, 100.0], [0.0, 0.0, 1.0]], "bev": "bev_97fbee69cda54948b5d11236dc89b9f7.png", "aux": "aux_97fbee69cda54948b5d11236dc89b9f7.npz", "visibility": "visibility_97fbee69cda54948b5d11236dc89b9f7.png", "pose": [[0.02813032642006874, 0.9996042847633362, 0.0, 777.109130859375], [-0.9996042847633362, 0.02813032642006874, 0.0, 1554.5411376953125], [0.0, 0.0, 1.0, 0.0], [0.0, 0.0, 0.0, 1.0]], "pose_inverse": [[0.02813032642006874, -0.9996042847633362, 0.0, 1532.065673828125], [0.9996042847633362, 0.02813032642006874, 0.0, -820.5313720703125], [0.0, 0.0, 1.0, 0.0], [0.0, 0.0, 0.0, 1.0]], "cam_ids": [0, 1, 2, 3, 4, 5], "cam_channels": ["CAM_FRONT_LEFT", "CAM_FRONT", "CAM_FRONT_RIGHT", "CAM_BACK_LEFT", "CAM_BACK", "CAM_BACK_RIGHT"], "token": "97fbee69cda54948b5d11236dc89b9f7", "scene": "scene-0380"}, {"images": ["samples/CAM_FRONT_LEFT/n015-2018-08-03-15-21-40+0800__CAM_FRONT_LEFT__1533281215154844.jpg", "samples/CAM_FRONT/n015-2018-08-03-15-21-40+0800__CAM_FRONT__1533281215162460.jpg", "samples/CAM_FRONT_RIGHT/n015-2018-08-03-15-21-40+0800__CAM_FRONT_RIGHT__1533281215170339.jpg", "samples/CAM_BACK_LEFT/n015-2018-08-03-15-21-40+0800__CAM_BACK_LEFT__1533281215197423.jpg", "samples/CAM_BACK/n015-2018-08-03-15-21-40+0800__CAM_BACK__1533281215187525.jpg", "samples/CAM_BACK_RIGHT/n015-2018-08-03-15-21-40+0800__CAM_BACK_RIGHT__1533281215177893.jpg"], "intrinsics": [[[1272.5979470598488, 0.0, 826.6154927353808], [0.0, 1272.5979470598488, 479.75165386361925], [0.0, 0.0, 1.0]], [[1266.417203046554, 0.0, 816.2670197447984], [0.0, 1266.417203046554, 491.50706579294757], [0.0, 0.0, 1.0]], [[1260.8474446004698, 0.0, 807.968244525554], [0.0, 1260.8474446004698, 495.3344268742088], [0.0, 0.0, 1.0]], [[1256.7414812095406, 0.0, 792.1125740759628], [0.0, 1256.7414812095406, 492.7757465151356], [0.0, 0.0, 1.0]], [[809.2209905677063, 0.0, 829.2196003259838], [0.0, 809.2209905677063, 481.77842384512485], [0.0, 0.0, 1.0]], [[1259.5137405846733, 0.0, 807.2529053838625], [0.0, 1259.5137405846733, 501.19579884916527], [0.0, 0.0, 1.0]]], "extrinsics": [[[0.8209816217422485, -0.5708808898925781, 0.009174587205052376, -0.8411865234375], [-0.0060681309551000595, -0.024792250245809555, -0.9996742010116577, 1.5073528289794922], [0.5709222555160522, 0.8206585049629211, -0.023818161338567734, -1.1949462890625], [0.0, 0.0, 0.0, 1.0]], [[0.00607891334220767, -0.9995654225349426, 0.02884490415453911, 0.00640869140625], [-0.011413796804845333, -0.028912916779518127, -0.9995167851448059, 1.5191287994384766], [0.9999163150787354, 0.005746754352003336, -0.01158459484577179, -1.5677490234375], [0.0, 0.0, 0.0, 1.0]], [[-0.8327798843383789, -0.5534873604774475, 0.011371699161827564, 0.95111083984375], [-0.005838155746459961, -0.011759649030864239, -0.99991375207901, 1.5030796527862549], [0.5535733699798584, -0.8327745199203491, 0.006561857182532549, -1.1942138671875], [0.0, 0.0, 0.0, 1.0]], [[0.9477222561836243, 0.3189109265804291, -0.010877271182835102, -1.1331787109375], [0.002734833164140582, -0.04220426082611084, -0.9991052746772766, 1.5885810852050781], [-0.31908464431762695, 0.9468444585800171, -0.04087008908390999, -0.1068115234375], [0.0, 0.0, 0.0, 1.0]], [[0.002178891096264124, 0.9994782209396362, -0.03222883492708206, 0.00286865234375], [-0.02265940047800541, -0.03217128664255142, -0.9992254972457886, 1.5784354209899902], [-0.9997408986091614, 0.0029074889607727528, 0.022577475756406784, -0.0390625], [0.0, 0.0, 0.0, 1.0]], [[-0.9349266886711121, 0.35451027750968933, -0.015315577387809753, 1.0684814453125], [0.010007916949689388, -0.016800586134195328, -0.9998087882995605, 1.5521793365478516], [-0.3546997904777527, -0.9349011778831482, 0.012159407138824463, -0.0889129638671875], [0.0, 0.0, 0.0, 1.0]]], "view": [[0.0, -2.0, 100.0], [-2.0, 0.0, 100.0], [0.0, 0.0, 1.0]], "bev": "bev_7940c881b626432f8c7546b01fc5b26a.png", "aux": "aux_7940c881b626432f8c7546b01fc5b26a.npz", "visibility": "visibility_7940c881b626432f8c7546b01fc5b26a.png", "pose": [[0.028487341478466988, 0.9995941519737244, 0.0, 777.155029296875], [-0.9995941519737244, 0.028487341478466988, 0.0, 1552.7557373046875], [0.0, 0.0, 1.0, 0.0], [0.0, 0.0, 0.0, 1.0]], "pose_inverse": [[0.028487341478466988, -0.9995941519737244, 0.0, 1529.9864501953125], [0.9995941519737244, 0.028487341478466988, 0.0, -821.073486328125], [0.0, 0.0, 1.0, 0.0], [0.0, 0.0, 0.0, 1.0]], "cam_ids": [0, 1, 2, 3, 4, 5], "cam_channels": ["CAM_FRONT_LEFT", "CAM_FRONT", "CAM_FRONT_RIGHT", "CAM_BACK_LEFT", "CAM_BACK", "CAM_BACK_RIGHT"], "token": "7940c881b626432f8c7546b01fc5b26a", "scene": "scene-0380"}, {"images": ["samples/CAM_FRONT_LEFT/n015-2018-08-03-15-21-40+0800__CAM_FRONT_LEFT__1533281215654844.jpg", "samples/CAM_FRONT/n015-2018-08-03-15-21-40+0800__CAM_FRONT__1533281215662460.jpg", "samples/CAM_FRONT_RIGHT/n015-2018-08-03-15-21-40+0800__CAM_FRONT_RIGHT__1533281215670339.jpg", "samples/CAM_BACK_LEFT/n015-2018-08-03-15-21-40+0800__CAM_BACK_LEFT__1533281215697423.jpg", "samples/CAM_BACK/n015-2018-08-03-15-21-40+0800__CAM_BACK__1533281215687525.jpg", "samples/CAM_BACK_RIGHT/n015-2018-08-03-15-21-40+0800__CAM_BACK_RIGHT__1533281215677893.jpg"], "intrinsics": [[[1272.5979470598488, 0.0, 826.6154927353808], [0.0, 1272.5979470598488, 479.75165386361925], [0.0, 0.0, 1.0]], [[1266.417203046554, 0.0, 816.2670197447984], [0.0, 1266.417203046554, 491.50706579294757], [0.0, 0.0, 1.0]], [[1260.8474446004698, 0.0, 807.968244525554], [0.0, 1260.8474446004698, 495.3344268742088], [0.0, 0.0, 1.0]], [[1256.7414812095406, 0.0, 792.1125740759628], [0.0, 1256.7414812095406, 492.7757465151356], [0.0, 0.0, 1.0]], [[809.2209905677063, 0.0, 829.2196003259838], [0.0, 809.2209905677063, 481.77842384512485], [0.0, 0.0, 1.0]], [[1259.5137405846733, 0.0, 807.2529053838625], [0.0, 1259.5137405846733, 501.19579884916527], [0.0, 0.0, 1.0]]], "extrinsics": [[[0.8211565613746643, -0.5706595778465271, 0.007038028445094824, -0.8543701171875], [-0.007524698041379452, -0.023157231509685516, -0.9997035264968872, 1.5072507858276367], [0.5706533193588257, 0.8208600282669067, -0.023309754207730293, -1.2040252685546875], [0.0, 0.0, 0.0, 1.0]], [[0.006418105214834213, -0.99960857629776, 0.027226468548178673, 0.00628662109375], [-0.012784180231392384, -0.027306824922561646, -0.9995453953742981, 1.5191223621368408], [0.9998976588249207, 0.006067121867090464, -0.012954437173902988, -1.5810546875], [0.0, 0.0, 0.0, 1.0]], [[-0.8325885534286499, -0.5537710189819336, 0.011569852940738201, 0.95947265625], [-0.007129488047212362, -0.01017212588340044, -0.9999228119850159, 1.5030238628387451], [0.5538459420204163, -0.832606852054596, 0.004521094262599945, -1.1995849609375], [0.0, 0.0, 0.0, 1.0]], [[0.9476882219314575, 0.31899359822273254, -0.011404486373066902, -1.135986328125], [0.0016782009042799473, -0.04070748761296272, -0.9991697072982788, 1.5885696411132812], [-0.3191929757595062, 0.9468821883201599, -0.03911334276199341, -0.1058349609375], [0.0, 0.0, 0.0, 1.0]], [[0.0019033700227737427, 0.9995269775390625, -0.030694490298628807, 0.002685546875