[{"images": ["samples/CAM_FRONT_LEFT/n015-2018-11-14-18-57-54+0800__CAM_FRONT_LEFT__1542193381904844.jpg", "samples/CAM_FRONT/n015-2018-11-14-18-57-54+0800__CAM_FRONT__1542193381912470.jpg", "samples/CAM_FRONT_RIGHT/n015-2018-11-14-18-57-54+0800__CAM_FRONT_RIGHT__1542193381920339.jpg", "samples/CAM_BACK_LEFT/n015-2018-11-14-18-57-54+0800__CAM_BACK_LEFT__1542193381947423.jpg", "samples/CAM_BACK/n015-2018-11-14-18-57-54+0800__CAM_BACK__1542193381937525.jpg", "samples/CAM_BACK_RIGHT/n015-2018-11-14-18-57-54+0800__CAM_BACK_RIGHT__1542193381927893.jpg"], "intrinsics": [[[1272.5979470598488, 0.0, 826.6154927353808], [0.0, 1272.5979470598488, 479.75165386361925], [0.0, 0.0, 1.0]], [[1266.417203046554, 0.0, 816.2670197447984], [0.0, 1266.417203046554, 491.50706579294757], [0.0, 0.0, 1.0]], [[1260.8474446004698, 0.0, 807.968244525554], [0.0, 1260.8474446004698, 495.3344268742088], [0.0, 0.0, 1.0]], [[1256.7414812095406, 0.0, 792.1125740759628], [0.0, 1256.7414812095406, 492.7757465151356], [0.0, 0.0, 1.0]], [[809.2209905677063, 0.0, 829.2196003259838], [0.0, 809.2209905677063, 481.77842384512485], [0.0, 0.0, 1.0]], [[1259.5137405846733, 0.0, 807.2529053838625], [0.0, 1259.5137405846733, 501.19579884916527], [0.0, 0.0, 1.0]]], "extrinsics": [[[0.8181251883506775, -0.5688076019287109, -0.08443409204483032, -0.72064208984375], [-0.06576704233884811, 0.05331376940011978, -0.9964097142219543, 1.48858642578125], [0.5712669491767883, 0.8207408785820007, 0.006208541803061962, -1.1129150390625], [0.0, 0.0, 0.0, 1.0]], [[0.004606611095368862, -0.9987600445747375, -0.04957045987248421, 0.008544921875], [-0.07124216109514236, 0.04911724105477333, -0.9962490200996399, 1.5030288696289062], [0.9974483847618103, 0.008120852522552013, -0.07092755287885666, -1.44866943359375], [0.0, 0.0, 0.0, 1.0]], [[-0.8322420716285706, -0.5541147589683533, 0.018165992572903633, 0.8751220703125], [-0.06579630076885223, 0.0661807432770729, -0.9956359267234802, 1.4910354614257812], [0.5504944324493408, -0.829805314540863, -0.09153708815574646, -1.142822265625], [0.0, 0.0, 0.0, 1.0]], [[0.9459959864616394, 0.32133299112319946, -0.042858537286520004, -1.1396484375], [-0.05732113867998123, 0.03567897528409958, -0.9977180361747742, 1.5883941650390625], [-0.3190705478191376, 0.9462938904762268, 0.05217134207487106, -0.1048583984375], [0.0, 0.0, 0.0, 1.0]], [[0.0026585899759083986, 0.9989565014839172, 0.04559551551938057, 0.002197265625], [-0.08277268707752228, 0.04565903916954994, -0.9955219030380249, 1.5734310150146484], [-0.9965648651123047, -0.001127369236201048, 0.08280770480632782, -0.06903076171875], [0.0, 0.0, 0.0, 1.0]], [[-0.9331841468811035, 0.35280221700668335, 0.06854123622179031, 1.00726318359375], [-0.050117574632167816, 0.06110487878322601, -0.9968723058700562, 1.5444717407226562], [-0.35588696599006653, -0.9337006211280823, -0.039340514689683914, -0.111572265625], [0.0, 0.0, 0.0, 1.0]]], "view": [[0.0, -2.0, 100.0], [-2.0, 0.0, 100.0], [0.0, 0.0, 1.0]], "bev": "bev_b7af6c7226454d968d3a8198ce7cb0cc.png", "aux": "aux_b7af6c7226454d968d3a8198ce7cb0cc.npz", "visibility": "visibility_b7af6c7226454d968d3a8198ce7cb0cc.png", "pose": [[-0.9869925379753113, 0.1607661098241806, 0.0, 477.9496154785156], [-0.1607661098241806, -0.9869925379753113, 0.0, 2001.829833984375], [0.0, 0.0, 1.0, 0.0], [0.0, 0.0, 0.0, 1.0]], "pose_inverse": [[-0.9869925379753113, -0.1607661098241806, 0.0, 793.55908203125], [0.1607661098241806, -0.9869925379753113, 0.0, 1898.9530029296875], [0.0, 0.0, 1.0, 0.0], [0.0, 0.0, 0.0, 1.0]], "cam_ids": [0, 1, 2, 3, 4, 5], "cam_channels": ["CAM_FRONT_LEFT", "CAM_FRONT", "CAM_FRONT_RIGHT", "CAM_BACK_LEFT", "CAM_BACK", "CAM_BACK_RIGHT"], "token": "b7af6c7226454d968d3a8198ce7cb0cc", "scene": "scene-1002"}, {"images": ["samples/CAM_FRONT_LEFT/n015-2018-11-14-18-57-54+0800__CAM_FRONT_LEFT__1542193382354844.jpg", "samples/CAM_FRONT/n015-2018-11-14-18-57-54+0800__CAM_FRONT__1542193382362460.jpg", "samples/CAM_FRONT_RIGHT/n015-2018-11-14-18-57-54+0800__CAM_FRONT_RIGHT__1542193382370339.jpg", "samples/CAM_BACK_LEFT/n015-2018-11-14-18-57-54+0800__CAM_BACK_LEFT__1542193382397423.jpg", "samples/CAM_BACK/n015-2018-11-14-18-57-54+0800__CAM_BACK__1542193382387525.jpg", "samples/CAM_BACK_RIGHT/n015-2018-11-14-18-57-54+0800__CAM_BACK_RIGHT__1542193382377893.jpg"], "intrinsics": [[[1272.5979470598488, 0.0, 826.6154927353808], [0.0, 1272.5979470598488, 479.75165386361925], [0.0, 0.0, 1.0]], [[1266.417203046554, 0.0, 816.2670197447984], [0.0, 1266.417203046554, 491.50706579294757], [0.0, 0.0, 1.0]], [[1260.8474446004698, 0.0, 807.968244525554], [0.0, 1260.8474446004698, 495.3344268742088], [0.0, 0.0, 1.0]], [[1256.7414812095406, 0.0, 792.1125740759628], [0.0, 1256.7414812095406, 492.7757465151356], [0.0, 0.0, 1.0]], [[809.2209905677063, 0.0, 829.2196003259838], [0.0, 809.2209905677063, 481.77842384512485], [0.0, 0.0, 1.0]], [[1259.5137405846733, 0.0, 807.2529053838625], [0.0, 1259.5137405846733, 501.19579884916527], [0.0, 0.0, 1.0]]], "extrinsics": [[[0.8188064694404602, -0.5689550638198853, -0.07645950466394424, -0.714996337890625], [-0.05533416196703911, 0.05434736981987953, -0.9969877004623413, 1.4913063049316406], [0.57139652967453, 0.8205707669258118, 0.013017324730753899, -1.110107421875], [0.0, 0.0, 0.0, 1.0]], [[0.004854517988860607, -0.9987055659294128, -0.05063346400856972, 0.0091552734375], [-0.060774628072977066, 0.05024580657482147, -0.9968860745429993, 1.5052375793457031], [0.9981396198272705, 0.007916650734841824, -0.06045203655958176, -1.4434814453125], [0.0, 0.0, 0.0, 1.0]], [[-0.8325467705726624, -0.5538864731788635, 0.008703336119651794, 0.8720703125], [-0.05526550114154816, 0.06741616874933243, -0.9961931109428406, 1.4927825927734375], [0.5511911511421204, -0.8298583030700684, -0.08673791587352753, -1.1400146484375], [0.0, 0.0, 0.0, 1.0]], [[0.9465498328208923, 0.3209013342857361, -0.03264472633600235, -1.138671875], [-0.04695390537381172, 0.03695157542824745, -0.9982132911682129, 1.5883731842041016], [-0.31912171840667725, 0.9463915228843689, 0.05004407465457916, -0.1051025390625], [0.0, 0.0, 0.0, 1.0]], [[0.0025510082487016916, 0.9988939762115479, 0.046950869262218475, 0.0020751953125], [-0.07222699373960495, 0.04701244458556175, -0.9962795972824097, 1.5740242004394531], [-0.9973849058151245, -0.0008496142691001296, 0.07226702570915222, -0.07122802734375], [0.0, 0.0, 0.0, 1.0]], [[-0.9337445497512817, 0.3530305027961731, 0.05908244475722313, 1.0041046142578125], [-0.03949978947639465, 0.06242604926228523, -0.9972676634788513, 1.5457839965820312], [-0.35575416684150696, -0.9335269331932068, -0.044345349073410034, -0.1123046875], [0.0, 0.0, 0.0, 1.0]]], "view": [[0.0, -2.0, 100.0], [-2.0, 0.0, 100.0], [0.0, 0.0, 1.0]], "bev": "bev_03e57ee708214088bd00e25fffb22c72.png", "aux": "aux_03e57ee708214088bd00e25fffb22c72.npz", "visibility": "visibility_03e57ee708214088bd00e25fffb22c72.png", "pose": [[-0.9842770099639893, 0.17663176357746124, 0.0, 474.8653564453125], [-0.17663176357746124, -0.9842770099639893, 0.0, 2001.3193359375], [0.0, 0.0, 1.0, 0.0], [0.0, 0.0, 0.0, 1.0]], "pose_inverse": [[-0.9842770099639893, -0.17663176357746124, 0.0, 820.8956298828125], [0.17663176357746124, -0.9842770099639893, 0.0, 1885.976318359375], [0.0, 0.0, 1.0, 0.0], [0.0, 0.0, 0.0, 1.0]], "cam_ids": [0, 1, 2, 3, 4, 5], "cam_channels": ["CAM_FRONT_LEFT", "CAM_FRONT", "CAM_FRONT_RIGHT", "CAM_BACK_LEFT", "CAM_BACK", "CAM_BACK_RIGHT"], "token": "03e57ee708214088bd00e25fffb22c72", "scene": "scene-1002"}, {"images": ["samples/CAM_FRONT_LEFT/n015-2018-11-14-18-57-54+0800__CAM_FRONT_LEFT__1542193382854844.jpg", "samples/CAM_FRONT/n015-2018-11-14-18-57-54+0800__CAM_FRONT__1542193382862460.jpg", "samples/CAM_FRONT_RIGHT/n015-2018-11-14-18-57-54+0800__CAM_FRONT_RIGHT__1542193382870339.jpg", "samples/CAM_BACK_LEFT/n015-2018-11-14-18-57-54+0800__CAM_BACK_LEFT__1542193382897423.jpg", "samples/CAM_BACK/n015-2018-11-14-18-57-54+0800__CAM_BACK__1542193382887525.jpg", "samples/CAM_BACK_RIGHT/n015-2018-11-14-18-57-54+0800__CAM_BACK_RIGHT__1542193382877893.jpg"], "intrinsics": [[[1272.5979470598488, 0.0, 826.6154927353808], [0.0, 1272.5979470598488, 479.75165386361925], [0.0, 0.0, 1.0]], [[1266.417203046554, 0.0, 816.2670197447984], [0.0, 1266.417203046554, 491.50706579294757], [0.0, 0.0, 1.0]], [[1260.8474446004698, 0.0, 807.968244525554], [0.0, 1260.8474446004698, 495.3344268742088], [0.0, 0.0, 1.0]], [[1256.7414812095406, 0.0, 792.1125740759628], [0.0, 1256.7414812095406, 492.7757465151356], [0.0, 0.0, 1.0]], [[809.2209905677063, 0.0, 829.2196003259838], [0.0, 809.2209905677063, 481.77842384512485], [0.0, 0.0, 1.0]], [[1259.5137405846733, 0.0, 807.2529053838625], [0.0, 1259.5137405846733, 501.19579884916527], [0.0, 0.0, 1.0]]], "extrinsics": [[[0.8180297613143921, -0.5711803436279297, -0.06767833977937698, -0.720947265625], [-0.059040509164333344, 0.03365832567214966, -0.9976879954338074, 1.4906578063964844], [0.572137713432312, 0.820134162902832, -0.006189262494444847, -1.11328125], [0.0, 0.0, 0.0, 1.0]], [[0.003968927543610334, -0.9995559453964233, -0.02953452803194523, 0.0086669921875], [-0.0647842288017273, 0.029215702787041664, -0.9974715113639832, 1.5046690702438354], [0.997891366481781, 0.005872262176126242, -0.06463950872421265, -1.4490966796875], [0.0, 0.0, 0.0, 1.0]], [[-0.832786500453949, -0.553063690662384, 0.02423170581459999, 0.875732421875], [-0.05956248193979263, 0.04599803313612938, -0.9971641898155212, 1.4922676086425781], [0.5503807663917542, -0.8318681716918945, -0.0712483823299408, -1.142822265625], [0.0, 0.0, 0.0, 1.0]], [[0.946475088596344, 0.31964045763015747, -0.04488791525363922, -1.1422119140625], [-0.05212067812681198, 0.014104900881648064, -0.9985411167144775, 1.5885677337646484], [-0.3185409903526306, 0.9474339485168457, 0.030009817332029343, -0.103515625], [0.0, 0.0, 0.0, 1.0]], [[0.0031062501948326826, 0.9996944665908813, 0.024523170664906502, 0.0023193359375], [-0.07709953933954239, 0.02468971163034439, -0.9967176914215088, 1.5739707946777344], [-0.997018575668335, 0.0012053443351760507, 0.07715266942977905, -0.06756591796875], [0.0, 0.0, 0.0, 1.0]], [[-0.9333349466323853, 0.3546675145626068, 0.055649977177381516, 1.0074844360351562], [-0.04408998787403107, 0.040599171072244644, -0.9982022643089294, 1.5453338623046875], [-0.356289267539978, -0.9341106414794922, -0.02225533500313759, -0.111328125], [0.0, 0.0, 0.0, 1.0]]], "view": [[0.0, -2.0, 100.0], [-2.0, 0.0, 100.0], [0.0, 0.0, 1.0]], "bev": "bev_7c2cadf574114819a990ba74617da534.png", "aux": "aux_7c2cadf574114819a990ba74617da534.npz", "visibility": "visibility_7c2cadf574114819a990ba74617da534.png", "pose": [[-0.9813017249107361, 0.19247588515281677, 0.0, 471.4320983886719], [-0.19247588515281677, -0.9813017249107361, 0.0, 2000.708740234375], [0.0, 0.0, 1.0, 0.0], [0.0, 0.0, 0.0, 1.0]], "pose_inverse": [[-0.9813017249107361, -0.19247588515281677, 0.0, 847.705322265625], [0.19247588515281677, -0.9813017249107361, 0.0, 1872.5595703125], [0.0, 0.0, 1.0, 0.0], [0.0, 0.0, 0.0, 1.0]], "cam_ids": [0, 1, 2, 3, 4, 5], "cam_channels": ["CAM_FRONT_LEFT", "CAM_FRONT", "CAM_FRONT_RIGHT", "CAM_BACK_LEFT", "CAM_BACK", "CAM_BACK_RIGHT"], "token": "7c2cadf574114819a990ba74617da534", "scene": "scene-1002"}, {"images": ["samples/CAM_FRONT_LEFT/n015-2018-11-14-18-57-54+0800__CAM_FRONT_LEFT__1542193383354844.jpg", "samples/CAM_FRONT/n015-2018-11-14-18-57-54+0800__CAM_FRONT__1542193383362460.jpg", "samples/CAM_FRONT_RIGHT/n015-2018-11-14-18-57-54+0800__CAM_FRONT_RIGHT__1542193383370339.jpg", "samples/CAM_BACK_LEFT/n015-2018-11-14-18-57-54+0800__CAM_BACK_LEFT__1542193383397423.jpg", "samples/CAM_BACK/n015-2018-11-14-18-57-54+0800__CAM_BACK__1542193383387525.jpg", "samples/CAM_BACK_RIGHT/n015-2018-11-14-18-57-54+0800__CAM_BACK_RIGHT__1542193383377893.jpg"], "intrinsics": [[[1272.5979470598488, 0.0, 826.6154927353808], [0.0, 1272.5979470598488, 479.75165386361925], [0.0, 0.0, 1.0]], [[1266.417203046554, 0.0, 816.2670197447984], [0.0, 1266.417203046554, 491.50706579294757], [0.0, 0.0, 1.0]], [[1260.8474446004698, 0.0, 807.968244525554], [0.0, 1260.8474446004698, 495.3344268742088], [0.0, 0.0, 1.0]], [[1256.7414812095406, 0.0, 792.1125740759628], [0.0, 1256.7414812095406, 492.7757465151356], [0.0, 0.0, 1.0]], [[809.2209905677063, 0.0, 829.2196003259838], [0.0, 809.2209905677063, 481.77842384512485], [0.0, 0.0, 1.0]], [[1259.5137405846733, 0.0, 807.2529053838625], [0.0, 1259.5137405846733, 501.19579884916527], [0.0, 0.0, 1.0]]], "extrinsics": [[[0.8187685608863831, -0.5711312294006348, -0.05854178965091705, -0.7132568359375], [-0.05047129467129707, 0.02996954321861267, -0.9982757568359375, 1.4927558898925781], [0.5719009041786194, 0.8203114867210388, -0.004287610296159983, -1.1099853515625], [0.0, 0.0, 0.0, 1.0]], [[0.004472566768527031, -0.999646782875061, -0.026197031140327454, 0.0098876953125], [-0.05570002272725105, 0.02590758539736271, -0.998111367225647, 1.5064966678619385], [0.9984375834465027, 0.005923263728618622, -0.05556447431445122, -1.44256591796875], [0.0, 0.0, 0.0, 1.0]], [[-0.8329018354415894, -0.5531332492828369, 0.017834242433309555, 0.8720703125], [-0.04999731853604317, 0.043113529682159424, -0.9978183507919312, 1.4938011169433594], [0.5511577725410461, -0.8319764137268066, -0.06356452405452728, -1.13916015625], [0.0, 0.0, 0.0, 1.0]], [[0.9471319317817688, 0.3189477324485779, -0.034835319966077805, -1.1405029296875], [-0.04112653434276581, 0.013009504415094852, -0.9990692138671875, 1.5885181427001953], [-0.3181976079940796, 0.9476830363273621, 0.025438930839300156, -0.102783203125], [0.0, 0.0, 0.0, 1.0]], [[0.003125986084342003, 0.9997360706329346, 0.022762181237339973, 0.0025634765625], [-0.06662056595087051, 0.022919924929738045, -0.9975151419639587, 1.574554443359375], [-0.9977734088897705, 0.001601757830940187, 0.06667463481426239, -0.06988525390625], [0.0, 0.0, 0.0, 1.0]], [[-0.9338647127151489, 0.3547306954860687, 0.04541892558336258, 1.004119873046875], [-0.034088023006916046, 0.03812998905777931, -0.998691201210022, 1.5465736389160156], [-0.3559982478618622, -0.9341906905174255, -0.023516183719038963, -0.11181640625], [0.0, 0.0, 0.0, 1.0]]], "view": [[0.0, -2.0, 100.0], [-2.0, 0.0, 100.0], [0.0, 0.0, 1.0]], "bev": "bev_b495711811b4416cbe46a3ae5fd55f7d.png", "aux": "aux_b495711811b4416cbe46a3ae5fd55f7d.npz", "visibility": "visibility_b495711811b4416cbe46a3ae5fd55f7d.png", "pose": [[-0.9795319437980652, 0.20128880441188812, 0.0, 467.919677734375], [-0.20128880441188812, -0.9795319437980652, 0.0, 2000.0599365234375], [0.0, 0.0, 1.0, 0.0], [0.0, 0.0, 0.0, 1.0]], "pose_inverse": [[-0.9795319437980652, -0.20128880441188812, 0.0, 860.9319458007812], [0.20128880441188812, -0.9795319437980652, 0.0, 1864.935546875], [0.0, 0.0, 1.0, 0.0], [0.0, 0.0, 0.0, 1.0]], "cam_ids": [0, 1, 2, 3, 4, 5], "cam_channels": ["CAM_FRONT_LEFT", "CAM_FRONT", "CAM_FRONT_RIGHT", "CAM_BACK_LEFT", "CAM_BACK", "CAM_BACK_RIGHT"], "token": "b495711811b4416cbe46a3ae5fd55f7d", "scene": "scene-1002"}, {"images": ["samples/CAM_FRONT_LEFT/n015-2018-11-14-18-57-54+0800__CAM_FRONT_LEFT__1542193383854844.jpg", "samples/CAM_FRONT/n015-2018-11-14-18-57-54+0800__CAM_FRONT__1542193383862460.jpg", "samples/CAM_FRONT_RIGHT/n015-2018-11-14-18-57-54+0800__CAM_FRONT_RIGHT__1542193383870339.jpg", "samples/CAM_BACK_LEFT/n015-2018-11-14-18-57-54+0800__CAM_BACK_LEFT__1542193383897423.jpg", "samples/CAM_BACK/n015-2018-11-14-18-57-54+0800__CAM_BACK__1542193383887525.jpg", "samples/CAM_BACK_RIGHT/n015-2018-11-14-18-57-54+0800__CAM_BACK_RIGHT__1542193383877893.jpg"], "intrinsics": [[[1272.5979470598488, 0.0, 826.6154927353808], [0.0, 1272.5979470598488, 479.75165386361925], [0.0, 0.0, 1.0]], [[1266.417203046554, 0.0, 816.2670197447984], [0.0, 1266.417203046554, 491.50706579294757], [0.0, 0.0, 1.0]], [[1260.8474446004698, 0.0, 807.968244525554], [0.0, 1260.8474446004698, 495.3344268742088], [0.0, 0.0, 1.0]], [[1256.7414812095406, 0.0, 792.1125740759628], [0.0, 1256.7414812095406, 492.7757465151356], [0.0, 0.0, 1.0]], [[809.2209905677063, 0.0, 829.2196003259838], [0.0, 809.2209905677063, 481.77842384512485], [0.0, 0.0, 1.0]], [[1259.5137405846733, 0.0, 807.2529053838625], [0.0, 1259.5137405846733, 501.19579884916527], [0.0, 0.0, 1.0]]], "extrinsics": [[[0.8198588490486145, -0.569216787815094, -0.06183506175875664, -0.70947265625], [-0.053287237882614136, 0.031671807169914246, -0.9980767965316772, 1.4916648864746094], [0.5700805187225342, 0.8215771317481995, -0.004365579225122929, -1.1072998046875], [0.0, 0.0, 0.0, 1.0]], [[0.0061966124922037125, -0.9995858669281006, -0.028101854026317596, 0.0098876953125], [-0.05857161059975624, 0.02769133634865284, -0.9978991150856018, 1.5055828094482422], [0.998263955116272, 0.007829574868083, -0.058375757187604904, -1.43902587890625], [0.0, 0.0, 0.0, 1.0]], [[-0.832070529460907, -0.5543380975723267, 0.019177943468093872, 0.8701171875], [-0.052927542477846146, 0.04493248090147972, -0.9975869655609131, 1.4931106567382812], [0.5521387457847595, -0.8310778141021729, -0.06672674417495728, -1.137939453125], [0.0, 0.0, 0.0, 1.0]], [[0.9468424916267395, 0.3195325434207916, -0.0372573658823967, -1.140869140625], [-0.04411231726408005, 0.014239870011806488, -0.9989250302314758, 1.5885047912597656], [-0.3186585009098053, 0.9474682211875916, 0.027578236535191536, -0.1036376953125], [0.0, 0.0, 0.0, 1.0]], [[0.002422300400212407, 0.9997026324272156, 0.02426421083509922, 0.0023193359375], [-0.0695628821849823, 0.02437395602464676, -0.9972797632217407, 1.5742835998535156], [-0.9975746273994446, 0.0007278490229509771, 0.06960123777389526, -0.07061767578125], [0.0, 0.0, 0.0, 1.0]], [[-0.9340934157371521, 0.35368385910987854, 0.0487564317882061, 1.0026702880859375], [-0.037023577839136124, 0.03986818343400955, -0.9985188245773315, 1.5461158752441406], [-0.35510382056236267, -0.9345149397850037, -0.02414597012102604, -0.11279296875], [0.0, 0.0, 0.0, 1.0]]], "view": [[0.0, -2.0, 100.0], [-2.0, 0.0, 100.0], [0.0, 0.0, 1.0]], "bev": "bev_8712249d9f5c42c9bfab4dcd85a69b33.png", "aux": "aux_8712249d9f5c42c9bfab4dcd85a69b33.npz", "visibility": "visibility_8712249d9f5c42c9bfab4dcd85a69b33.png", "pose": [[-0.9808647632598877, 0.19469019770622253, 0.0, 464.3827209472656], [-0.19469019770622253, -0.9808647632598877, 0.0, 1999.3948974609375], [0.0, 0.0, 1.0, 0.0], [0.0, 0.0, 0.0, 1.0]], "pose_inverse": [[-0.9808647632598877, -0.19469019770622253, 0.0, 844.75927734375], [0.19469019770622253, -0.9808647632598877, 0.0, 1870.7252197265625], [0.0, 0.0, 1.0, 0.0], [0.0, 0.0, 0.0, 1.0]], "cam_ids": [0, 1, 2, 3, 4, 5], "cam_channels": ["CAM_FRONT_LEFT", "CAM_FRONT", "CAM_FRONT_RIGHT", "CAM_BACK_LEFT", "CAM_BACK", "CAM_BACK_RIGHT"], "token": "8712249d9f5c42c9bfab4dcd85a69b33", "scene": "scene-1002"}, {"images": ["samples/CAM_FRONT_LEFT/n015-2018-11-14-18-57-54+0800__CAM_FRONT_LEFT__1542193384354844.jpg", "samples/CAM_FRONT/n015-2018-11-14-18-57-54+0800__CAM_FRONT__1542193384362460.jpg", "samples/CAM_FRONT_RIGHT/n015-2018-11-14-18-57-54+0800__CAM_FRONT_RIGHT__1542193384370339.jpg", "samples/CAM_BACK_LEFT/n015-2018-11-14-18-57-54+0800__CAM_BACK_LEFT__1542193384397423.jpg", "samples/CAM_BACK/n015-2018-11-14-18-57-54+0800__CAM_BACK__1542193384387525.jpg", "samples/CAM_BACK_RIGHT/n015-2018-11-14-18-57-54+0800__CAM_BACK_RIGHT__1542193384377893.jpg"], "intrinsics": [[[1272.5979470598488, 0.0, 826.6154927353808], [0.0, 1272.5979470598488, 479.75165386361925], [0.0, 0.0, 1.0]], [[1266.417203046554, 0.0, 816.2670197447984], [0.0, 1266.417203046554, 491.50706579294757], [0.0, 0.0, 1.0]], [[1260.8474446004698, 0.0, 807.968244525554], [0.0, 1260.8474446004698, 495.3344268742088], [0.0, 0.0, 1.0]], [[1256.7414812095406, 0.0, 792.1125740759628], [0.0, 1256.7414812095406, 492.7757465151356], [0.0, 0.0, 1.0]], [[809.2209905677063, 0.0, 829.2196003259838], [0.0, 809.2209905677063, 481.77842384512485], [0.0, 0.0, 1.0]], [[1259.5137405846733, 0.0, 807.2529053838625], [0.0, 1259.5137405846733, 501.19579884916527], [0.0, 0.0, 1.0]]], "extrinsics": [[[0.8217856884002686, -0.5668692588806152, -0.057686083018779755, -0.70904541015625], [-0.05222257226705551, 0.02588297240436077, -0.9983000159263611, 1.4920110702514648], [0.5673986673355103, 0.8234010338783264, -0.008333115838468075, -1.10693359375], [0.0, 0.0, 0.0, 1.0]], [[0.00887384545058012, -0.9997041821479797, -0.02264939434826374, 0.0098876953125], [-0.05769640952348709, 0.022100673988461494, -0.9980895519256592, 1.5058246850967407], [0.9982947707176208, 0.010163716971874237, -0.05748322233557701, -1.43878173828125], [0.0, 0.0, 0.0, 1.0]], [[-0.8309370875358582, -0.5559499859809875, 0.02152067981660366, 0.8697509765625], [-0.052324481308460236, 0.039579179137945175, -0.9978454113006592, 1.4932670593261719], [0.5539003610610962, -0.8302729725837708, -0.06197759881615639, -1.137939453125], [0.0, 0.0, 0.0, 1.0]], [[0.9467648863792419, 0.3195668160915375, -0.03890182077884674, -1.1416015625], [-0.04430864378809929, 0.009663292206823826, -0.9989711046218872, 1.588517189025879], [-0.3188621401786804, 0.9475144147872925, 0.023308435454964638, -0.1038818359375], [0.0, 0.0, 0.0, 1.0]], [[0.0015652809524908662, 0.9998087882995605, 0.019499095156788826, 0.0020751953125], [-0.06946928799152374, 0.01956072822213173, -0.9973922967910767, 1.574315071105957], [-0.9975829124450684, 0.00020659825531765819, 0.06948661059141159, -0.0701904296875], [0.0, 0.0, 0.0, 1.0]], [[-0.9346447587013245, 0.352520227432251, 0.046568553894758224, 1.0030403137207031], [-0.03664612025022507, 0.03477243334054947, -0.9987231492996216, 1.5461997985839844], [-0.35368943214416504, -0.9351578950881958, -0.019581371918320656, -0.11279296875], [0.0, 0.0, 0.0, 1.0]]], "view": [[0.0, -2.0, 100.0], [-2.0, 0.0, 100.0], [0.0, 0.0, 1.0]], "bev": "bev_83f89c7cc860470da0ab07253979fc07.png", "aux": "aux_83f89c7cc860470da0ab07253979fc07.npz", "visibility": "visibility_83f89c7cc860470da0ab07253979fc07.png", "pose": [[-0.9877329468727112, 0.15615271031856537, 0.0, 460.86944580078125], [-0.15615271031856537, -0.9877329468727112, 0.0, 1998.8118896484375], [0.0, 0.0, 1.0, 0.0], [0.0, 0.0, 0.0, 1.0]], "pose_inverse": [[-0.9877329468727112, -0.15615271031856537, 0.0, 767.3358154296875], [0.15615271031856537, -0.9877329468727112, 0.0, 1902.3262939453125], [0.0, 0.0, 1.0, 0.0], [0.0, 0.0, 0.0, 1.0]], "cam_ids": [0, 1, 2, 3, 4, 5], "cam_channels": ["CAM_FRONT_LEFT", "CAM_FRONT", "CAM_FRONT_RIGHT", "CAM_BACK_LEFT", "CAM_BACK", "CAM_BACK_RIGHT"], "token": "83f89c7cc860470da0ab07253979fc07", "scene": "scene-1002"}, {"images": ["samples/CAM_FRONT_LEFT/n015-2018-11-14-18-57-54+0800__CAM_FRONT_LEFT__1542193384854859.jpg", "samples/CAM_FRONT/n015-2018-11-14-18-57-54+0800__CAM_FRONT__1542193384862460.jpg", "samples/CAM_FRONT_RIGHT/n015-2018-11-14-18-57-54+0800__CAM_FRONT_RIGHT__1542193384870339.jpg", "samples/CAM_BACK_LEFT/n015-2018-11-14-18-57-54+0800__CAM_BACK_LEFT__1542193384897423.jpg", "samples/CAM_BACK/n015-2018-11-14-18-57-54+0800__CAM_BACK__1542193384887525.jpg", "samples/CAM_BACK_RIGHT/n015-2018-11-14-18-57-54+0800__CAM_BACK_RIGHT__1542193384877901.jpg"], "intrinsics": [[[1272.5979470598488, 0.0, 826.6154927353808], [0.0, 1272.5979470598488, 479.75165386361925], [0.0, 0.0, 1.0]], [[1266.417203046554, 0.0, 816.2670197447984], [0.0, 1266.417203046554, 491.50706579294757], [0.0, 0.0, 1.0]], [[1260.8474446004698, 0.0, 807.968244525554], [0.0, 1260.8474446004698, 495.3344268742088], [0.0, 0.0, 1.0]], [[1256.7414812095406, 0.0, 792.1125740759628], [0.0, 1256.7414812095406, 492.7757465151356], [0.0, 0.0, 1.0]], [[809.2209905677063, 0.0, 829.2196003259838], [0.0, 809.2209905677063, 481.77842384512485], [0.0, 0.0, 1.0]], [[1259.5137405846733, 0.0, 807.2529053838625], [0.0, 1259.5137405846733, 501.19579884916527], [0.0, 0.0, 1.0]]], "extrinsics": [[[0.8231937885284424, -0.5656929016113281, -0.04841025546193123, -0.71307373046875], [-0.04586298018693924, 0.018732240423560143, -0.9987720847129822, 1.4942221641540527], [0.5659050941467285, 0.8244032859802246, -0.010524095967411995, -1.1077880859375], [0.0, 0.0, 0.0, 1.0]], [[0.010537880472838879, -0.9998297095298767, -0.015146346762776375, 0.0081787109375], [-0.05123841390013695, 0.01458737626671791, -0.9985799193382263, 1.5076661109924316], [0.9986307621002197, 0.011298992671072483, -0.051075972616672516, -1.441650390625], [0.0, 0.0, 0.0, 1.0]], [[-0.8304120898246765, -0.5567773580551147, 0.020367788150906563, 0.87109375], [-0.0457991287112236, 0.03178296610713005, -0.9984449148178101, 1.4947395324707031], [0.5552641749382019, -0.8300535082817078, -0.051892876625061035, -1.1405029296875], [0.0, 0.0, 0.0, 1.0]], [[0.9469648599624634, 0.319413959980011, -0.03510316088795662, -1.144287109375], [-0.0375511609017849, 0.001506711239926517, -0.9992935657501221, 1.5886516571044922], [-0.3191354274749756, 0.9476140737533569, 0.013421167619526386, -0.1021728515625], [0.0, 0.0, 0.0, 1.0]], [[0.0009585290681570768, 0.999934732913971, 0.011384967714548111, 0.0029296875], [-0.06275603920221329, 0.011422681622207165, -0.9979634881019592, 1.574981689453125], [-0.9980284571647644, 0.00024210484116338193, 0.06276288628578186, -0.06768798828125], [0.0, 0.0, 0.0, 1.0]], [[-0.935224175453186, 0.352059930562973, 0.03754308819770813, 1.0054550170898438], [-0.030021660029888153, 0.026801355183124542, -0.9991899132728577, 1.5472450256347656], [-0.35278093814849854, -0.9355936646461487, -0.014495852403342724, -0.11279296875], [0.0, 0.0, 0.0, 1.0]]], "view": [[0.0, -2.0, 100.0], [-2.0, 0.0, 100.0], [0.0, 0.0, 1.0]], "bev": "bev_99433030073e4843b210cde7090a2698.png", "aux": "aux_99433030073e4843b210cde7090a2698.npz", "visibility": "visibility_99433030073e4843b210cde7090a2698.png", "pose": [[-0.9953439235687256, 0.09638728201389313, 0.0, 457.2561950683594], [-0.09638728201389313, -0.9953439235687256, 0.0, 1998.3707275390625], [0.0, 0.0, 1.0, 0.0], [0.0, 0.0, 0.0, 1.0]], "pose_inverse": [[-0.9953439235687256, -0.09638728201389313, 0.0, 647.7446899414062], [0.09638728201389313, -0.9953439235687256, 0.0, 1944.992431640625], [0.0, 0.0, 1.0, 0.0], [0.0, 0.0, 0.0, 1.0]], "cam_ids": [0, 1, 2, 3, 4, 5], "cam_channels": ["CAM_FRONT_LEFT", "CAM_FRONT", "CAM_FRONT_RIGHT", "CAM_BACK_LEFT", "CAM_BACK", "CAM_BACK_RIGHT"], "token": "99433030073e4843b210cde7090a2698", "scene": "scene-1002"}, {"images": ["samples/CAM_FRONT_LEFT/n015-2018-11-14-18-57-54+0800__CAM_FRONT_LEFT__1542193385354844.jpg", "samples/CAM_FRONT/n015-2018-11-14-18-57-54+0800__CAM_FRONT__1542193385362460.jpg", "samples/CAM_FRONT_RIGHT/n015-2018-11-14-18-57-54+0800__CAM_FRONT_RIGHT__1542193385370339.jpg", "samples/CAM_BACK_LEFT/n015-2018-11-14-18-57-54+0800__CAM_BACK_LEFT__1542193385397423.jpg", "samples/CAM_BACK/n015-2018-11-14-18-57-54+0800__CAM_BACK__1542193385387525.jpg", "samples/CAM_BACK_RIGHT/n015-2018-11-14-18-57-54+0800__CAM_BACK_RIGHT__1542193385377893.jpg"], "intrinsics": [[[1272.5979470598488, 0.0, 826.6154927353808], [0.0, 1272.5979470598488, 479.75165386361925], [0.0, 0.0, 1.0]], [[1266.417203046554, 0.0, 816.2670197447984], [0.0, 1266.417203046554, 491.50706579294757], [0.0, 0.0, 1.0]], [[1260.8474446004698, 0.0, 807.968244525554], [0.0, 1260.8474446004698, 495.3344268742088], [0.0, 0.0, 1.0]], [[1256.7414812095406, 0.0, 792.1125740759628], [0.0, 1256.7414812095406, 492.7757465151356], [0.0, 0.0, 1.0]], [[809.2209905677063, 0.0, 829.2196003259838], [0.0, 809.2209905677063, 481.77842384512485], [0.0, 0.0, 1.0]], [[1259.5137405846733, 0.0, 807.2529053838625], [0.0, 1259.5137405846733, 501.19579884916527], [0.0, 0.0, 1.0]]], "extrinsics": [[[0.8228817582130432, -0.5658279657363892, -0.05200299620628357, -0.705322265625], [-0.049573641270399094, 0.019680414348840714, -0.9985765218734741, 1.492600440979004], [0.566045880317688, 0.8242884278297424, -0.01185549609363079, -1.1016845703125], [0.0, 0.0, 0.0, 1.0]], [[0.010231321677565575, -0.9998137950897217, -0.0163629911839962, 0.0078125], [-0.05473398044705391, 0.015779361128807068, -0.9983763098716736, 1.5063488483428955], [0.9984485507011414, 0.011110322549939156, -0.05456233769655228, -1.43359375], [0.0, 0.0, 0.0, 1.0]], [[-0.8304462432861328, -0.5566525459289551, 0.02228870615363121, 0.8658447265625], [-0.04905308783054352, 0.03320992738008499, -0.9982438683509827, 1.4938163757324219], [0.5549347996711731, -0.8300813436508179, -0.054884590208530426, -1.137451171875], [0.0, 0.0, 0.0, 1.0]], [[0.9466816782951355, 0.3200783431529999, -0.0366586335003376, -1.1500244140625], [-0.03987487778067589, 0.0034977616742253304, -0.9991985559463501, 1.5888910293579102], [-0.31969359517097473, 0.9473846554756165, 0.016074351966381073, -0.100830078125], [0.0, 0.0, 0.0, 1.0]], [[0.000764890224672854, 0.9999123811721802, 0.01322348415851593, 0.0029296875], [-0.06544755399227142, 0.013245193287730217, -0.9977681040763855, 1.5748286247253418], [-0.9978557825088501, -0.00010226168524241075, 0.06545194238424301, -0.067230224609375], [0.0, 0.0, 0.0, 1.0]], [[-0.935067355632782, 0.35209760069847107, 0.04094245657324791, 1.00146484375], [-0.033031463623046875, 0.02844918891787529, -0.9990493059158325, 1.54669189453125], [-0.35292768478393555, -0.9355308413505554, -0.014971609227359295, -0.114501953125], [0.0, 0.0, 0.0, 1.0]]], "view": [[0.0, -2.0, 100.0], [-2.0, 0.0, 100.0], [0.0, 0.0, 1.0]], "bev": "bev_5b7a2867a0974ade8f136a7f8f110400.png", "aux": "aux_5b7a2867a0974ade8f136a7f8f110400.npz", "visibility": "visibility_5b7a2867a0974ade8f136a7f8f110400.png", "pose": [[-0.9996270537376404, 0.02730906940996647, 0.0, 453.56121826171875], [-0.02730906940996647, -0.9996270537376404, 0.0, 1998.162841796875], [0.0, 0.0, 1.0, 0.0], [0.0, 0.0, 0.0, 1.0]], "pose_inverse": [[-0.9996270537376404, -0.02730906940996647, 0.0, 507.96002197265625], [0.02730906940996647, -0.9996270537376404, 0.0, 1985.03125], [0.0, 0.0, 1.0, 0.0], [0.0, 0.0, 0.0, 1.0]], "cam_ids": [0, 1, 2, 3, 4, 5], "cam_channels": ["CAM_FRONT_LEFT", "CAM_FRONT", "CAM_FRONT_RIGHT", "CAM_BACK_LEFT", "CAM_BACK", "CAM_BACK_RIGHT"], "token": "5b7a2867a0974ade8f136a7f8f110400", "scene": "scene-1002"}, {"images": ["samples/CAM_FRONT_LEFT/n015-2018-11-14-18-57-54+0800__CAM_FRONT_LEFT__1542193385854844.jpg", "samples/CAM_FRONT/n015-2018-11-14-18-57-54+0800__CAM_FRONT__1542193385862460.jpg", "samples/CAM_FRONT_RIGHT/n015-2018-11-14-18-57-54+0800__CAM_FRONT_RIGHT__1542193385870339.jpg", "samples/CAM_BACK_LEFT/n015-2018-11-14-18-57-54+0800__CAM_BACK_LEFT__1542193385897423.jpg", "samples/CAM_BACK/n015-2018-11-14-18-57-54+0800__CAM_BACK__1542193385887525.jpg", "samples/CAM_BACK_RIGHT/n015-2018-11-14-18-57-54+0800__CAM_BACK_RIGHT__1542193385877893.jpg"], "intrinsics": [[[1272.5979470598488, 0.0, 826.6154927353808], [0.0, 1272.5979470598488, 479.75165386361925], [0.0, 0.0, 1.0]], [[1266.417203046554, 0.0, 816.2670197447984], [0.0, 1266.417203046554, 491.50706579294757], [0.0, 0.0, 1.0]], [[1260.8474446004698, 0.0, 807.968244525554], [0.0, 1260.8474446004698, 495.3344268742088], [0.0, 0.0, 1.0]], [[1256.7414812095406, 0.0, 792.1125740759628], [0.0, 1256.7414812095406, 492.7757465151356], [0.0, 0.0, 1.0]], [[809.2209905677063, 0.0, 829.2196003259838], [0.0, 809.2209905677063, 481.77842384512485], [0.0, 0.0, 1.0]], [[1259.5137405846733, 0.0, 807.2529053838625], [0.0, 1259.5137405846733, 501.19579884916527], [0.0, 0.0, 1.0]]], "extrinsics": [[[0.8218156099319458, -0.5677615404129028, -0.04760148748755455, -0.68963623046875], [-0.04201860725879669, 0.022924017161130905, -0.9988538026809692, 1.4941730499267578], [0.5682018995285034, 0.8228737711906433, -0.005017232149839401, -1.09033203125], [0.0, 0.0, 0.0, 1.0]], [[0.008336122147738934, -0.999779999256134, -0.019246315583586693, 0.0078125], [-0.04734547808766365, 0.018830779939889908, -0.9987010955810547, 1.5075416564941406], [0.9988436698913574, 0.009236520156264305, -0.04717808589339256, -1.418426513671875], [0.0, 0.0, 0.0, 1.0]], [[-0.8314575552940369, -0.5553923845291138, 0.014745357446372509, 0.8564453125], [-0.04180901497602463, 0.03608183190226555, -0.9984738826751709, 1.4947891235351562], [0.5540127158164978, -0.8308051824569702, -0.053220927715301514, -1.1312255859375], [0.0, 0.0, 0.0, 1.0]], [[0.9470809102058411, 0.31962621212005615, -0.02961088716983795, -1.144775390625], [-0.03327617794275284, 0.0060110134072601795, -0.9994280934333801, 1.5886441469192505], [-0.3192653954029083, 0.9475245475769043, 0.016328854486346245, -0.1025390625], [0.0, 0.0, 0.0, 1.0]], [[0.0015121395699679852, 0.999873697757721, 0.01581757329404354, 0.0029296875], [-0.05859902501106262, 0.015879008919000626, -0.9981552958488464, 1.5749297142028809], [-0.99828040599823, 0.0005824548425152898, 0.058615636080503464, -0.073638916015625], [0.0, 0.0, 0.0, 1.0]], [[-0.9349242448806763, 0.3530844449996948, 0.03532640263438225, 0.99420166015625], [-0.02597864903509617, 0.031180156394839287, -0.9991760849952698, 1.5475044250488281], [-0.35389500856399536, -0.9350717067718506, -0.019978433847427368, -0.1170654296875], [0.0, 0.0, 0.0, 1.0]]], "view": [[0.0, -2.0, 100.0], [-2.0, 0.0, 100.0], [0.0, 0.0, 1.0]], "bev": "bev_1d65e55875ef44fdb5eea7b51d845677.png", "aux": "aux_1d65e55875ef44fdb5eea7b51d845677.npz", "visibility": "visibility_1d65e55875ef44fdb5eea7b51d845677.png", "pose": [[-0.9998773336410522, -0.015660759061574936, 0.0, 449.6311950683594], [0.015660759061574936, -0.9998773336410522, 0.0, 1998.1614990234375], [0.0, 0.0, 1.0, 0.0], [0.0, 0.0, 0.0, 1.0]], "pose_inverse": [[-0.9998773336410522, 0.015660759061574936, 0.0, 418.2833251953125], [-0.015660759061574936, -0.9998773336410522, 0.0, 2004.9580078125], [0.0, 0.0, 1.0, 0.0], [0.0, 0.0, 0.0, 1.0]], "cam_ids": [0, 1, 2, 3, 4, 5], "cam_channels": ["CAM_FRONT_LEFT", "CAM_FRONT", "CAM_FRONT_RIGHT", "CAM_BACK_LEFT", "CAM_BACK", "CAM_BACK_RIGHT"], "token": "1d65e55875ef44fdb5eea7b51d845677", "scene": "scene-1002"}, {"images": ["samples/CAM_FRONT_LEFT/n015-2018-11-14-18-57-54+0800__CAM_FRONT_LEFT__1542193386354844.jpg", "samples/CAM_FRONT/n015-2018-11-14-18-57-54+0800__CAM_FRONT__1542193386362460.jpg", "samples/CAM_FRONT_RIGHT/n015-2018-11-14-18-57-54+0800__CAM_FRONT_RIGHT__1542193386370339.jpg", "samples/CAM_BACK_LEFT/n015-2018-11-14-18-57-54+0800__CAM_BACK_LEFT__1542193386397423.jpg", "samples/CAM_BACK/n015-2018-11-14-18-57-54+0800__CAM_BACK__1542193386387525.jpg", "samples/CAM_BACK_RIGHT/n015-2018-11-14-18-57-54+0800__CAM_BACK_RIGHT__1542193386377893.jpg"], "intrinsics": [[[1272.5979470598488, 0.0, 826.6154927353808], [0.0, 1272.5979470598488, 479.75165386361925], [0.0, 0.0, 1.0]], [[1266.417203046554, 0.0, 816.2670197447984], [0.0, 1266.417203046554, 491.50706579294757], [0.0, 0.0, 1.0]], [[1260.8474446004698, 0.0, 807.968244525554], [0.0, 1260.8474446004698, 495.3344268742088], [0.0, 0.0, 1.0]], [[1256.7414812095406, 0.0, 792.1125740759628], [0.0, 1256.7414812095406, 492.7757465151356], [0.0, 0.0, 1.0]], [[809.2209905677063, 0.0, 829.2196003259838], [0.0, 809.2209905677063, 481.77842384512485], [0.0, 0.0, 1.0]], [[1259.5137405846733, 0.0, 807.2529053838625], [0.0, 1259.5137405846733, 501.19579884916527], [0.0, 0.0, 1.0]]], "extrinsics": [[[0.8202599287033081, -0.5696056485176086, -0.052182361483573914, -0.7099609375], [-0.048125430941581726, 0.022179698571562767, -0.9985949993133545, 1.4932918548583984], [0.569962739944458, 0.8216187953948975, -0.009219396859407425, -1.103515625], [0.0, 0.0, 0.0, 1.0]], [[0.006564717274159193, -0.9998088479042053, -0.018413525074720383, 0.0072021484375], [-0.053493134677410126, 0.018036440014839172, -0.9984053373336792, 1.5068531036376953], [0.9985465407371521, 0.007539247628301382, -0.053364504128694534, -1.437103271484375], [0.0, 0.0, 0.0, 1.0]], [[-0.8319811224937439, -0.5544266104698181, 0.02045481465756893, 0.8673095703125], [-0.04797152057290077, 0.03515848517417908, -0.9982297420501709, 1.4941062927246094], [0.5527259707450867, -0.8314895629882812, -0.0558478906750679, -1.138671875], [0.0, 0.0, 0.0, 1.0]], [[0.9468245506286621, 0.31971654295921326, -0.03611774742603302, -1.1416015625], [-0.03961768373847008, 0.004447567276656628, -0.9992049932479858, 1.5885357856750488], [-0.3193017542362213, 0.9475027322769165, 0.016877498477697372, -0.1038818359375], [0.0, 0.0, 0.0, 1.0]], [[0.0018414086662232876, 0.9998937249183655, 0.014463153667747974, 0.0028076171875], [-0.06489326804876328, 0.01455217320472002, -0.9977861642837524, 1.5745997428894043], [-0.9978904724121094, 0.0008987664477899671, 0.06491316109895706, -0.07135009765625], [0.0, 0.0, 0.0, 1.0]], [[-0.934459388256073, 0.3537294864654541, 0.040754761546850204, 1.001495361328125], [-0.032190315425395966, 0.030064387246966362, -0.9990295171737671, 1.5468063354492188], [-0.35461148619651794, -0.9348644614219666, -0.0167072881013155, -0.1146240234375], [0.0, 0.0, 0.0, 1.0]]], "view": [[0.0, -2.0, 100.0], [-2.0, 0.0, 100.0], [0.0, 0.0, 1.0]], "bev": "bev_aa5689c761e14745848930f5fdc0333d.png", "aux": "aux_aa5689c761e14745848930f5fdc0333d.npz", "visibility": "visibility_aa5689c761e14745848930f5fdc0333d.png", "pose": [[-0.9993672370910645, -0.03556779399514198, 0.0, 445.87237548828125], [0.03556779399514198, -0.9993672370910645, 0.0, 1998.278564453125], [0.0, 0.0, 1.0, 0.0], [0.0, 0.0, 0.0, 1.0]], "pose_inverse": [[-0.9993672370910645, 0.03556779399514198, 0.0, 374.5158996582031], [-0.03556779399514198, -0.9993672370910645, 0.0, 2012.8729248046875], [0.0, 0.0, 1.0, 0.0], [0.0, 0.0, 0.0, 1.0]], "cam_ids": [0, 1, 2, 3, 4, 5], "cam_channels": ["CAM_FRONT_LEFT", "CAM_FRONT", "CAM_FRONT_RIGHT", "CAM_BACK_LEFT", "CAM_BACK", "CAM_BACK_RIGHT"], "token": "aa5689c761e14745848930f5fdc0333d", "scene": "scene-1002"}, {"images": ["samples/CAM_FRONT_LEFT/n015-2018-11-14-18-57-54+0800__CAM_FRONT_LEFT__1542193386854844.jpg", "samples/CAM_FRONT/n015-2018-11-14-18-57-54+0800__CAM_FRONT__1542193386862460.jpg", "samples/CAM_FRONT_RIGHT/n015-2018-11-14-18-57-54+0800__CAM_FRONT_RIGHT__1542193386870339.jpg", "samples/CAM_BACK_LEFT/n015-2018-11-14-18-57-54+0800__CAM_BACK_LEFT__1542193386897423.jpg", "samples/CAM_BACK/n015-2018-11-14-18-57-54+0800__CAM_BACK__1542193386888689.jpg", "samples/CAM_BACK_RIGHT/n015-2018-11-14-18-57-54+0800__CAM_BACK_RIGHT__1542193386877893.jpg"], "intrinsics": [[[1272.5979470598488, 0.0, 826.6154927353808], [0.0, 1272.5979470598488, 479.75165386361925], [0.0, 0.0, 1.0]], [[1266.417203046554, 0.0, 816.2670197447984], [0.0, 1266.417203046554, 491.50706579294757], [0.0, 0.0, 1.0]], [[1260.8474446004698, 0.0, 807.968244525554], [0.0, 1260.8474446004698, 495.3344268742088], [0.0, 0.0, 1.0]], [[1256.7414812095406, 0.0, 792.1125740759628], [0.0, 1256.7414812095406, 492.7757465151356], [0.0, 0.0, 1.0]], [[809.2209905677063, 0.0, 829.2196003259838], [0.0, 809.2209905677063, 481.77842384512485], [0.0, 0.0, 1.0]], [[1259.5137405846733, 0.0, 807.2529053838625], [0.0, 1259.5137405846733, 501.19579884916527], [0.0, 0.0, 1.0]]], "extrinsics": [[[0.8196586966514587, -0.5707712769508362, -0.048782698810100555, -0.70709228515625], [-0.04564568027853966, 0.019812460988759995, -0.9987611770629883, 1.493896484375], [0.5710307359695435, 0.8208699822425842, -0.009813789278268814, -1.1019287109375], [0.0, 0.0, 0.0, 1.0]], [[0.005404638592153788, -0.9998567700386047, -0.01603524200618267, 0.0074462890625], [-0.05087009817361832, 0.015739811584353447, -0.9985812306404114, 1.5073575973510742], [0.998690664768219, 0.006212687119841576, -0.05077774450182915, -1.433990478515625], [0.0, 0.0, 0.0, 1.0]], [[-0.8326749205589294, -0.553421139717102, 0.019428173080086708, 0.864990234375], [-0.045189857482910156, 0.03294181078672409, -0.9984350800514221, 1.4945144653320312], [0.5519151091575623, -0.8322498798370361, -0.052438847720623016, -1.1368408203125], [0.0, 0.0, 0.0, 1.0]], [[0.9469571113586426, 0.31958088278770447, -0.03376638516783714, -1.138671875], [-0.03646015748381615, 0.002448117360472679, -0.999332070350647, 1.58842134475708], [-0.3192847669124603, 0.9475557804107666, 0.013970229774713516, -0.1048583984375], [0.0, 0.0, 0.0, 1.0]], [[0.002412694739177823, 0.9999202489852905, 0.01239863969385624, 0.0029296875], [-0.0618634894490242, 0.012524174526333809, -0.9980060458183289, 1.5751652717590332], [-0.9980816841125488, 0.001640863949432969, 0.