[{"images": ["samples/CAM_FRONT_LEFT/n015-2018-11-14-19-09-14+0800__CAM_FRONT_LEFT__1542193792104844.jpg", "samples/CAM_FRONT/n015-2018-11-14-19-09-14+0800__CAM_FRONT__1542193792112460.jpg", "samples/CAM_FRONT_RIGHT/n015-2018-11-14-19-09-14+0800__CAM_FRONT_RIGHT__1542193792120339.jpg", "samples/CAM_BACK_LEFT/n015-2018-11-14-19-09-14+0800__CAM_BACK_LEFT__1542193792147423.jpg", "samples/CAM_BACK/n015-2018-11-14-19-09-14+0800__CAM_BACK__1542193792137525.jpg", "samples/CAM_BACK_RIGHT/n015-2018-11-14-19-09-14+0800__CAM_BACK_RIGHT__1542193792127893.jpg"], "intrinsics": [[[1272.5979470598488, 0.0, 826.6154927353808], [0.0, 1272.5979470598488, 479.75165386361925], [0.0, 0.0, 1.0]], [[1266.417203046554, 0.0, 816.2670197447984], [0.0, 1266.417203046554, 491.50706579294757], [0.0, 0.0, 1.0]], [[1260.8474446004698, 0.0, 807.968244525554], [0.0, 1260.8474446004698, 495.3344268742088], [0.0, 0.0, 1.0]], [[1256.7414812095406, 0.0, 792.1125740759628], [0.0, 1256.7414812095406, 492.7757465151356], [0.0, 0.0, 1.0]], [[809.2209905677063, 0.0, 829.2196003259838], [0.0, 809.2209905677063, 481.77842384512485], [0.0, 0.0, 1.0]], [[1259.5137405846733, 0.0, 807.2529053838625], [0.0, 1259.5137405846733, 501.19579884916527], [0.0, 0.0, 1.0]]], "extrinsics": [[[0.8172593116760254, -0.5756746530532837, -0.026191754266619682, -0.7464599609375], [-0.018241850659251213, 0.019584069028496742, -0.9996417760848999, 1.5033645629882812], [0.5759813189506531, 0.8174443244934082, 0.005503892432898283, -1.1278076171875], [0.0, 0.0, 0.0, 1.0]], [[0.0008625212940387428, -0.9998794198036194, -0.015507030300796032, 0.0062255859375], [-0.02356307953596115, 0.015482409857213497, -0.9996024966239929, 1.5153465270996094], [0.9997220039367676, 0.001227582455612719, -0.02354688197374344, -1.47283935546875], [0.0, 0.0, 0.0, 1.0]], [[-0.8350735902786255, -0.5501300692558289, -0.0030095430556684732, 0.8896484375], [-0.017872760072350502, 0.0325968973338604, -0.999308705329895, 1.500579833984375], [0.5498478412628174, -0.8344424962997437, -0.037053149193525314, -1.1541748046875], [0.0, 0.0, 0.0, 1.0]], [[0.9477624893188477, 0.318877249956131, -0.007970647886395454, -1.1383514404296875], [-0.009084813296794891, 0.0020068632438778877, -0.9999567270278931, 1.5885162353515625], [-0.3188474178314209, 0.9477939009666443, 0.004798969253897667, -0.10498046875], [0.0, 0.0, 0.0, 1.0]], [[0.0039353519678115845, 0.999920666217804, 0.011968731880187988, 0.0028076171875], [-0.03455737605690956, 0.012097662314772606, -0.9993295073509216, 1.5770912170410156], [-0.9993950724601746, 0.0035191283095628023, 0.034602243453264236, -0.06365966796875], [0.0, 0.0, 0.0, 1.0]], [[-0.9338029026985168, 0.3575975000858307, 0.011672049760818481, 1.0194091796875], [-0.0019769370555877686, 0.02746538817882538, -0.999620795249939, 1.5511894226074219], [-0.3577824831008911, -0.9334719181060791, -0.024940311908721924, -0.1077880859375], [0.0, 0.0, 0.0, 1.0]]], "view": [[0.0, -2.0, 100.0], [-2.0, 0.0, 100.0], [0.0, 0.0, 1.0]], "bev": "bev_c9942b5883a24bc899eb76252a579a01.png", "aux": "aux_c9942b5883a24bc899eb76252a579a01.npz", "visibility": "visibility_c9942b5883a24bc899eb76252a579a01.png", "pose": [[-0.539631187915802, -0.8419015407562256, 0.0, 1434.3331298828125], [0.8419015407562256, -0.539631187915802, 0.0, 1533.1431884765625], [0.0, 0.0, 1.0, 0.0], [0.0, 0.0, 0.0, 1.0]], "pose_inverse": [[-0.539631187915802, 0.8419015407562256, 0.0, -516.7447509765625], [-0.8419015407562256, -0.539631187915802, 0.0, 2034.899169921875], [0.0, 0.0, 1.0, 0.0], [0.0, 0.0, 0.0, 1.0]], "cam_ids": [0, 1, 2, 3, 4, 5], "cam_channels": ["CAM_FRONT_LEFT", "CAM_FRONT", "CAM_FRONT_RIGHT", "CAM_BACK_LEFT", "CAM_BACK", "CAM_BACK_RIGHT"], "token": "c9942b5883a24bc899eb76252a579a01", "scene": "scene-1011"}, {"images": ["samples/CAM_FRONT_LEFT/n015-2018-11-14-19-09-14+0800__CAM_FRONT_LEFT__1542193792604844.jpg", "samples/CAM_FRONT/n015-2018-11-14-19-09-14+0800__CAM_FRONT__1542193792612460.jpg", "samples/CAM_FRONT_RIGHT/n015-2018-11-14-19-09-14+0800__CAM_FRONT_RIGHT__1542193792620339.jpg", "samples/CAM_BACK_LEFT/n015-2018-11-14-19-09-14+0800__CAM_BACK_LEFT__1542193792647423.jpg", "samples/CAM_BACK/n015-2018-11-14-19-09-14+0800__CAM_BACK__1542193792637525.jpg", "samples/CAM_BACK_RIGHT/n015-2018-11-14-19-09-14+0800__CAM_BACK_RIGHT__1542193792627893.jpg"], "intrinsics": [[[1272.5979470598488, 0.0, 826.6154927353808], [0.0, 1272.5979470598488, 479.75165386361925], [0.0, 0.0, 1.0]], [[1266.417203046554, 0.0, 816.2670197447984], [0.0, 1266.417203046554, 491.50706579294757], [0.0, 0.0, 1.0]], [[1260.8474446004698, 0.0, 807.968244525554], [0.0, 1260.8474446004698, 495.3344268742088], [0.0, 0.0, 1.0]], [[1256.7414812095406, 0.0, 792.1125740759628], [0.0, 1256.7414812095406, 492.7757465151356], [0.0, 0.0, 1.0]], [[809.2209905677063, 0.0, 829.2196003259838], [0.0, 809.2209905677063, 481.77842384512485], [0.0, 0.0, 1.0]], [[1259.5137405846733, 0.0, 807.2529053838625], [0.0, 1259.5137405846733, 501.19579884916527], [0.0, 0.0, 1.0]]], "extrinsics": [[[0.8169926404953003, -0.5760694146156311, -0.02582680620253086, -0.7464599609375], [-0.019327575340867043, 0.017406897619366646, -0.9996616840362549, 1.5030708312988281], [0.5763241052627563, 0.8172154426574707, 0.0030872831121087074, -1.12939453125], [0.0, 0.0, 0.0, 1.0]], [[0.0005198459839448333, -0.999909520149231, -0.013435513712465763, 0.007080078125], [-0.02470182068645954, 0.013418575748801231, -0.9996048212051392, 1.5150909423828125], [0.9996947050094604, 0.0008515357039868832, -0.024692611768841743, -1.47296142578125], [0.0, 0.0, 0.0, 1.0]], [[-0.8352055549621582, -0.5499371290206909, -0.0009350702748633921, 0.88983154296875], [-0.019060540944337845, 0.03064701147377491, -0.9993484616279602, 1.5003280639648438], [0.549607515335083, -0.834643542766571, -0.03607865050435066, -1.1531982421875], [0.0, 0.0, 0.0, 1.0]], [[0.947816789150238, 0.31866157054901123, -0.009910126216709614, -1.135833740234375], [-0.010620998218655586, 0.0004932917654514313, -0.9999434351921082, 1.5884814262390137], [-0.3186386525630951, 0.9478684663772583, 0.0038520528469234705, -0.105712890625], [0.0, 0.0, 0.0, 1.0]], [[0.004037940874695778, 0.9999381303787231, 0.010365307331085205, 0.002197265625], [-0.035985808819532394, 0.010503982193768024, -0.9992970824241638, 1.5769233703613281], [-0.9993441700935364, 0.0036621035542339087, 0.0360259972512722, -0.0654296875], [0.0, 0.0, 0.0, 1.0]], [[-0.9337285757064819, 0.3577736020088196, 0.01221031416207552, 1.018310546875], [-0.0032394672743976116, 0.025662720203399658, -0.9996654391288757, 1.5510101318359375], [-0.35796719789505005, -0.9334556460380554, -0.022803019732236862, -0.107666015625], [0.0, 0.0, 0.0, 1.0]]], "view": [[0.0, -2.0, 100.0], [-2.0, 0.0, 100.0], [0.0, 0.0, 1.0]], "bev": "bev_859cfdbe4b414140be354a1c0441f384.png", "aux": "aux_859cfdbe4b414140be354a1c0441f384.npz", "visibility": "visibility_859cfdbe4b414140be354a1c0441f384.png", "pose": [[-0.5874647498130798, -0.809249758720398, 0.0, 1432.6278076171875], [0.809249758720398, -0.5874647498130798, 0.0, 1535.7109375], [0.0, 0.0, 1.0, 0.0], [0.0, 0.0, 0.0, 1.0]], "pose_inverse": [[-0.5874647498130798, 0.809249758720398, 0.0, -401.1553039550781], [-0.809249758720398, -0.5874647498130798, 0.0, 2061.52978515625], [0.0, 0.0, 1.0, 0.0], [0.0, 0.0, 0.0, 1.0]], "cam_ids": [0, 1, 2, 3, 4, 5], "cam_channels": ["CAM_FRONT_LEFT", "CAM_FRONT", "CAM_FRONT_RIGHT", "CAM_BACK_LEFT", "CAM_BACK", "CAM_BACK_RIGHT"], "token": "859cfdbe4b414140be354a1c0441f384", "scene": "scene-1011"}, {"images": ["samples/CAM_FRONT_LEFT/n015-2018-11-14-19-09-14+0800__CAM_FRONT_LEFT__1542193793104844.jpg", "samples/CAM_FRONT/n015-2018-11-14-19-09-14+0800__CAM_FRONT__1542193793112460.jpg", "samples/CAM_FRONT_RIGHT/n015-2018-11-14-19-09-14+0800__CAM_FRONT_RIGHT__1542193793120339.jpg", "samples/CAM_BACK_LEFT/n015-2018-11-14-19-09-14+0800__CAM_BACK_LEFT__1542193793147423.jpg", "samples/CAM_BACK/n015-2018-11-14-19-09-14+0800__CAM_BACK__1542193793137525.jpg", "samples/CAM_BACK_RIGHT/n015-2018-11-14-19-09-14+0800__CAM_BACK_RIGHT__1542193793127893.jpg"], "intrinsics": [[[1272.5979470598488, 0.0, 826.6154927353808], [0.0, 1272.5979470598488, 479.75165386361925], [0.0, 0.0, 1.0]], [[1266.417203046554, 0.0, 816.2670197447984], [0.0, 1266.417203046554, 491.50706579294757], [0.0, 0.0, 1.0]], [[1260.8474446004698, 0.0, 807.968244525554], [0.0, 1260.8474446004698, 495.3344268742088], [0.0, 0.0, 1.0]], [[1256.7414812095406, 0.0, 792.1125740759628], [0.0, 1256.7414812095406, 492.7757465151356], [0.0, 0.0, 1.0]], [[809.2209905677063, 0.0, 829.2196003259838], [0.0, 809.2209905677063, 481.77842384512485], [0.0, 0.0, 1.0]], [[1259.5137405846733, 0.0, 807.2529053838625], [0.0, 1259.5137405846733, 501.19579884916527], [0.0, 0.0, 1.0]]], "extrinsics": [[[0.8180598616600037, -0.5745193958282471, -0.02656162902712822, -0.7376708984375], [-0.01853695511817932, 0.01982092671096325, -0.9996317028999329, 1.5030593872070312], [0.5748341679573059, 0.8182508945465088, 0.0055648647248744965, -1.1278076171875], [0.0, 0.0, 0.0, 1.0]], [[0.002007596893236041, -0.9998730421066284, -0.015807004645466805, 0.010498046875], [-0.02397553063929081, 0.01575436256825924, -0.9995884299278259, 1.515045166015625], [0.9997105002403259, 0.0023858107160776854, -0.023940857499837875, -1.466552734375], [0.0, 0.0, 0.0, 1.0]], [[-0.8345851302146912, -0.5508719682693481, -0.0027558791916817427, 0.88726806640625], [-0.018427718430757523, 0.03291766345500946, -0.9992881417274475, 1.5002822875976562], [0.550570547580719, -0.8339402675628662, -0.03762390464544296, -1.148681640625], [0.0, 0.0, 0.0, 1.0]], [[0.9477413296699524, 0.31891390681266785, -0.008957059122622013, -1.1356201171875], [-0.010273623280227184, 0.002446357160806656, -0.9999442100524902, 1.5884828567504883], [-0.3188742399215698, 0.9477804899215698, 0.005594915710389614, -0.106201171875], [0.0, 0.0, 0.0, 1.0]], [[0.0035977987572550774, 0.999916672706604, 0.012399624101817608, 0.00146484375], [-0.03547098860144615, 0.01251950766891241, -0.9992923140525818, 1.5769081115722656], [-0.9993642568588257, 0.003155395621433854, 0.035513073205947876, -0.066650390625], [0.0, 0.0, 0.0, 1.0]], [[-0.934027910232544, 0.35698390007019043, 0.01242207083851099, 1.0150146484375], [-0.002652444178238511, 0.027843696996569633, -0.9996087551116943, 1.5510368347167969], [-0.35719019174575806, -0.9336954355239868, -0.025059912353754044, -0.107177734375], [0.0, 0.0, 0.0, 1.0]]], "view": [[0.0, -2.0, 100.0], [-2.0, 0.0, 100.0], [0.0, 0.0, 1.0]], "bev": "bev_b4390b1b080d46498f4df16be9cda79e.png", "aux": "aux_b4390b1b080d46498f4df16be9cda79e.npz", "visibility": "visibility_b4390b1b080d46498f4df16be9cda79e.png", "pose": [[-0.6328722834587097, -0.77425616979599, 0.0, 1430.75927734375], [0.77425616979599, -0.6328722834587097, 0.0, 1538.1995849609375], [0.0, 0.0, 1.0, 0.0], [0.0, 0.0, 0.0, 1.0]], "pose_inverse": [[-0.6328722834587097, 0.77425616979599, 0.0, -285.47265625], [-0.77425616979599, -0.6328722834587097, 0.0, 2081.258056640625], [0.0, 0.0, 1.0, 0.0], [0.0, 0.0, 0.0, 1.0]], "cam_ids": [0, 1, 2, 3, 4, 5], "cam_channels": ["CAM_FRONT_LEFT", "CAM_FRONT", "CAM_FRONT_RIGHT", "CAM_BACK_LEFT", "CAM_BACK", "CAM_BACK_RIGHT"], "token": "b4390b1b080d46498f4df16be9cda79e", "scene": "scene-1011"}, {"images": ["samples/CAM_FRONT_LEFT/n015-2018-11-14-19-09-14+0800__CAM_FRONT_LEFT__1542193793654844.jpg", "samples/CAM_FRONT/n015-2018-11-14-19-09-14+0800__CAM_FRONT__1542193793662460.jpg", "samples/CAM_FRONT_RIGHT/n015-2018-11-14-19-09-14+0800__CAM_FRONT_RIGHT__1542193793670339.jpg", "samples/CAM_BACK_LEFT/n015-2018-11-14-19-09-14+0800__CAM_BACK_LEFT__1542193793697423.jpg", "samples/CAM_BACK/n015-2018-11-14-19-09-14+0800__CAM_BACK__1542193793687525.jpg", "samples/CAM_BACK_RIGHT/n015-2018-11-14-19-09-14+0800__CAM_BACK_RIGHT__1542193793677893.jpg"], "intrinsics": [[[1272.5979470598488, 0.0, 826.6154927353808], [0.0, 1272.5979470598488, 479.75165386361925], [0.0, 0.0, 1.0]], [[1266.417203046554, 0.0, 816.2670197447984], [0.0, 1266.417203046554, 491.50706579294757], [0.0, 0.0, 1.0]], [[1260.8474446004698, 0.0, 807.968244525554], [0.0, 1260.8474446004698, 495.3344268742088], [0.0, 0.0, 1.0]], [[1256.7414812095406, 0.0, 792.1125740759628], [0.0, 1256.7414812095406, 492.7757465151356], [0.0, 0.0, 1.0]], [[809.2209905677063, 0.0, 829.2196003259838], [0.0, 809.2209905677063, 481.77842384512485], [0.0, 0.0, 1.0]], [[1259.5137405846733, 0.0, 807.2529053838625], [0.0, 1259.5137405846733, 501.19579884916527], [0.0, 0.0, 1.0]]], "extrinsics": [[[0.8178693056106567, -0.5747882723808289, -0.026611177250742912, -0.744384765625], [-0.022371554747223854, 0.014448331668972969, -0.9996452927589417, 1.5022201538085938], [0.5749689340591431, 0.8181746006011963, -0.0010420589242130518, -1.1302490234375], [0.0, 0.0, 0.0, 1.0]], [[0.0018652642611414194, -0.9999439120292664, -0.010422902181744576, 0.0087890625], [-0.027630163356661797, 0.010367405600845814, -0.9995644688606262, 1.5144081115722656], [0.9996164441108704, 0.0021525383926928043, -0.02760927379131317, -1.4721832275390625], [0.0, 0.0, 0.0, 1.0]], [[-0.8345891833305359, -0.5508641004562378, 0.0031195408664643764, 0.889892578125], [-0.021914783865213394, 0.027542607858777046, -0.999380350112915, 1.4997940063476562], [0.550436794757843, -0.8341403603553772, -0.03505882993340492, -1.15185546875], [0.0, 0.0, 0.0, 1.0]], [[0.9476560354232788, 0.3190068304538727, -0.013514489866793156, -1.13525390625], [-0.013359617441892624, -0.0026736482977867126, -0.9999071955680847, 1.5884588956832886], [-0.31901341676712036, 0.947748601436615, 0.001728111645206809, -0.106689453125], [0.0, 0.0, 0.0, 1.0]], [[0.0035284613259136677, 0.9999682307243347, 0.0071554058231413364, 0.001708984375], [-0.03874571621417999, 0.00728678610175848, -0.9992225766181946, 1.5767269134521484], [-0.999242901802063, 0.0032484654802829027, 0.038770195096731186, -0.0658721923828125], [0.0, 0.0, 0.0, 1.0]], [[-0.933997392654419, 0.35701653361320496, 0.01371424924582243, 1.01739501953125], [-0.006069210823625326, 0.022525258362293243, -0.9997278451919556, 1.5506401062011719], [-0.35722827911376953, -0.9338264465332031, -0.018871724605560303, -0.10693359375], [0.0, 0.0, 0.0, 1.0]]], "view": [[0.0, -2.0, 100.0], [-2.0, 0.0, 100.0], [0.0, 0.0, 1.0]], "bev": "bev_666856eceada49329a979d6afa2ec677.png", "aux": "aux_666856eceada49329a979d6afa2ec677.npz", "visibility": "visibility_666856eceada49329a979d6afa2ec677.png", "pose": [[-0.6816677451133728, -0.731661856174469, 0.0, 1428.595703125], [0.731661856174469, -0.6816677451133728, 0.0, 1540.7310791015625], [0.0, 0.0, 1.0, 0.0], [0.0, 0.0, 0.0, 1.0]], "pose_inverse": [[-0.6816677451133728, 0.731661856174469, 0.0, -153.46658325195312], [-0.731661856174469, -0.6816677451133728, 0.0, 2095.515625], [0.0, 0.0, 1.0, 0.0], [0.0, 0.0, 0.0, 1.0]], "cam_ids": [0, 1, 2, 3, 4, 5], "cam_channels": ["CAM_FRONT_LEFT", "CAM_FRONT", "CAM_FRONT_RIGHT", "CAM_BACK_LEFT", "CAM_BACK", "CAM_BACK_RIGHT"], "token": "666856eceada49329a979d6afa2ec677", "scene": "scene-1011"}, {"images": ["samples/CAM_FRONT_LEFT/n015-2018-11-14-19-09-14+0800__CAM_FRONT_LEFT__1542193794154844.jpg", "samples/CAM_FRONT/n015-2018-11-14-19-09-14+0800__CAM_FRONT__1542193794162460.jpg", "samples/CAM_FRONT_RIGHT/n015-2018-11-14-19-09-14+0800__CAM_FRONT_RIGHT__1542193794170339.jpg", "samples/CAM_BACK_LEFT/n015-2018-11-14-19-09-14+0800__CAM_BACK_LEFT__1542193794197423.jpg", "samples/CAM_BACK/n015-2018-11-14-19-09-14+0800__CAM_BACK__1542193794187525.jpg", "samples/CAM_BACK_RIGHT/n015-2018-11-14-19-09-14+0800__CAM_BACK_RIGHT__1542193794177893.jpg"], "intrinsics": [[[1272.5979470598488, 0.0, 826.6154927353808], [0.0, 1272.5979470598488, 479.75165386361925], [0.0, 0.0, 1.0]], [[1266.417203046554, 0.0, 816.2670197447984], [0.0, 1266.417203046554, 491.50706579294757], [0.0, 0.0, 1.0]], [[1260.8474446004698, 0.0, 807.968244525554], [0.0, 1260.8474446004698, 495.3344268742088], [0.0, 0.0, 1.0]], [[1256.7414812095406, 0.0, 792.1125740759628], [0.0, 1256.7414812095406, 492.7757465151356], [0.0, 0.0, 1.0]], [[809.2209905677063, 0.0, 829.2196003259838], [0.0, 809.2209905677063, 481.77842384512485], [0.0, 0.0, 1.0]], [[1259.5137405846733, 0.0, 807.2529053838625], [0.0, 1259.5137405846733, 501.19579884916527], [0.0, 0.0, 1.0]]], "extrinsics": [[[0.8172451257705688, -0.5755388736724854, -0.02941783517599106, -0.748779296875], [-0.0276670940220356, 0.011804109439253807, -0.9995474815368652, 1.5009651184082031], [0.5756256580352783, 0.8176892399787903, -0.006276637315750122, -1.133544921875], [0.0, 0.0, 0.0, 1.0]], [[0.0011884799459949136, -0.9999703168869019, -0.007604589685797691, 0.008544921875], [-0.03316624090075493, 0.00756099633872509, -0.999421238899231, 1.513376235961914], [0.9994490742683411, 0.0014400130603462458, -0.033156268298625946, -1.4774646759033203], [0.0, 0.0, 0.0, 1.0]], [[-0.8347888588905334, -0.5504859089851379, 0.009630123153328896, 0.8941650390625], [-0.027690427377820015, 0.024509483948349953, -0.9993159770965576, 1.4989471435546875], [0.5498732924461365, -0.8344845771789551, -0.03570343554019928, -1.1546630859375], [0.0, 0.0, 0.0, 1.0]], [[0.9474804997444153, 0.31912121176719666, -0.021026339381933212, -1.1387939453125], [-0.019875844940543175, -0.006861691828817129, -0.9997788667678833, 1.588486671447754], [-0.3191950023174286, 0.9476890563964844, -0.00015851391071919352, -0.105224609375], [0.0, 0.0, 0.0, 1.0]], [[0.00357838231138885, 0.999987781047821, 0.0034039169549942017, 0.002197265625], [-0.04498744010925293, 0.0035614760126918554, -0.9989811778068542, 1.5764999389648438], [-0.9989811182022095, 0.0034216358326375484, 0.044999636709690094, -0.06150054931640625], [0.0, 0.0, 0.0, 1.0]], [[-0.9338158965110779, 0.3572936952114105, 0.018136410042643547, 1.02203369140625], [-0.01207067258656025, 0.019199766218662262, -0.9997428059577942, 1.5499458312988281], [-0.3575500547885895, -0.9337947368621826, -0.013616274110972881, -0.1053466796875], [0.0, 0.0, 0.0, 1.0]]], "view": [[0.0, -2.0, 100.0], [-2.0, 0.0, 100.0], [0.0, 0.0, 1.0]], "bev": "bev_5acec11c0fd14d438e01006eb6c35d62.png", "aux": "aux_5acec11c0fd14d438e01006eb6c35d62.npz", "visibility": "visibility_5acec11c0fd14d438e01006eb6c35d62.png", "pose": [[-0.7246668338775635, -0.6890993714332581, 0.0, 1426.517333984375], [0.6890993714332581, -0.7246668338775635, 0.0, 1542.8701171875], [0.0, 0.0, 1.0, 0.0], [0.0, 0.0, 0.0, 1.0]], "pose_inverse": [[-0.7246668338775635, 0.6890993714332581, 0.0, -29.44102668762207], [-0.6890993714332581, -0.7246668338775635, 0.0, 2101.0791015625], [0.0, 0.0, 1.0, 0.0], [0.0, 0.0, 0.0, 1.0]], "cam_ids": [0, 1, 2, 3, 4, 5], "cam_channels": ["CAM_FRONT_LEFT", "CAM_FRONT", "CAM_FRONT_RIGHT", "CAM_BACK_LEFT", "CAM_BACK", "CAM_BACK_RIGHT"], "token": "5acec11c0fd14d438e01006eb6c35d62", "scene": "scene-1011"}, {"images": ["samples/CAM_FRONT_LEFT/n015-2018-11-14-19-09-14+0800__CAM_FRONT_LEFT__1542193794654844.jpg", "samples/CAM_FRONT/n015-2018-11-14-19-09-14+0800__CAM_FRONT__1542193794662460.jpg", "samples/CAM_FRONT_RIGHT/n015-2018-11-14-19-09-14+0800__CAM_FRONT_RIGHT__1542193794670339.jpg", "samples/CAM_BACK_LEFT/n015-2018-11-14-19-09-14+0800__CAM_BACK_LEFT__1542193794697423.jpg", "samples/CAM_BACK/n015-2018-11-14-19-09-14+0800__CAM_BACK__1542193794687525.jpg", "samples/CAM_BACK_RIGHT/n015-2018-11-14-19-09-14+0800__CAM_BACK_RIGHT__1542193794677893.jpg"], "intrinsics": [[[1272.5979470598488, 0.0, 826.6154927353808], [0.0, 1272.5979470598488, 479.75165386361925], [0.0, 0.0, 1.0]], [[1266.417203046554, 0.0, 816.2670197447984], [0.0, 1266.417203046554, 491.50706579294757], [0.0, 0.0, 1.0]], [[1260.8474446004698, 0.0, 807.968244525554], [0.0, 1260.8474446004698, 495.3344268742088], [0.0, 0.0, 1.0]], [[1256.7414812095406, 0.0, 792.1125740759628], [0.0, 1256.7414812095406, 492.7757465151356], [0.0, 0.0, 1.0]], [[809.2209905677063, 0.0, 829.2196003259838], [0.0, 809.2209905677063, 481.77842384512485], [0.0, 0.0, 1.0]], [[1259.5137405846733, 0.0, 807.2529053838625], [0.0, 1259.5137405846733, 501.19579884916527], [0.0, 0.0, 1.0]]], "extrinsics": [[[0.8174224495887756, -0.575272798538208, -0.02969333529472351, -0.751953125], [-0.0320751890540123, 0.006011993158608675, -0.9994673728942871, 1.499990463256836], [0.5751449465751648, 0.8179395198822021, -0.013537648133933544, -1.1378173828125], [0.0, 0.0, 0.0, 1.0]], [[0.0016297557158395648, -0.9999968409538269, -0.0019002807093784213, 0.01025390625], [-0.03731168806552887, 0.0018381503177806735, -0.9993019700050354, 1.5126327276229858], [0.999302327632904, 0.0016995504265651107, -0.03730856999754906, -1.4810409545898438], [0.0, 0.0, 0.0, 1.0]], [[-0.8345305919647217, -0.5507310032844543, 0.015935413539409637, 0.8966064453125], [-0.03156410902738571, 0.018914122134447098, -0.9993227124214172, 1.4983596801757812], [0.5500565767288208, -0.834468424320221, -0.03316774591803551, -1.15478515625], [0.0, 0.0, 0.0, 1.0]], [[0.9474033713340759, 0.3190429210662842, -0.02526908740401268, -1.13836669921875], [-0.022789955139160156, -0.011501818895339966, -0.9996740818023682, 1.5884666442871094], [-0.3192295432090759, 0.9476704597473145, -0.003625888377428055, -0.10595703125], [0.0, 0.0, 0.0, 1.0]], [[0.0034062706399708986, 0.9999927878379822, -0.0016921499045565724, 0.001220703125], [-0.04825451970100403, -0.0015258209314197302, -0.9988338947296143, 1.576298713684082], [-0.9988292455673218, 0.003483864478766918, 0.04824896529316902, -0.0614013671875], [0.0, 0.0, 0.0, 1.0]], [[-0.9338551759719849, 0.35711589455604553, 0.01956028677523136, 1.0224609375], [-0.015667829662561417, 0.013789747841656208, -0.999782145023346, 1.549520492553711], [-0.35730788111686707, -0.9339582920074463, -0.007282396778464317, -0.1041259765625], [0.0, 0.0, 0.0, 1.0]]], "view": [[0.0, -2.0, 100.0], [-2.0, 0.0, 100.0], [0.0, 0.0, 1.0]], "bev": "bev_0f9771f952e8404c82cc38c86efe183b.png", "aux": "aux_0f9771f952e8404c82cc38c86efe183b.npz", "visibility": "visibility_0f9771f952e8404c82cc38c86efe183b.png", "pose": [[-0.7651240229606628, -0.6438829302787781, 0.0, 1424.3167724609375], [0.6438829302787781, -0.7651240229606628, 0.0, 1544.89892578125], [0.0, 0.0, 1.0, 0.0], [0.0, 0.0, 0.0, 1.0]], "pose_inverse": [[-0.7651240229606628, 0.6438829302787781, 0.0, 95.044921875], [-0.6438829302787781, -0.7651240229606628, 0.0, 2099.132568359375], [0.0, 0.0, 1.0, 0.0], [0.0, 0.0, 0.0, 1.0]], "cam_ids": [0, 1, 2, 3, 4, 5], "cam_channels": ["CAM_FRONT_LEFT", "CAM_FRONT", "CAM_FRONT_RIGHT", "CAM_BACK_LEFT", "CAM_BACK", "CAM_BACK_RIGHT"], "token": "0f9771f952e8404c82cc38c86efe183b", "scene": "scene-1011"}, {"images": ["samples/CAM_FRONT_LEFT/n015-2018-11-14-19-09-14+0800__CAM_FRONT_LEFT__1542193795154844.jpg", "samples/CAM_FRONT/n015-2018-11-14-19-09-14+0800__CAM_FRONT__1542193795162460.jpg", "samples/CAM_FRONT_RIGHT/n015-2018-11-14-19-09-14+0800__CAM_FRONT_RIGHT__1542193795170339.jpg", "samples/CAM_BACK_LEFT/n015-2018-11-14-19-09-14+0800__CAM_BACK_LEFT__1542193795197423.jpg", "samples/CAM_BACK/n015-2018-11-14-19-09-14+0800__CAM_BACK__1542193795187525.jpg", "samples/CAM_BACK_RIGHT/n015-2018-11-14-19-09-14+0800__CAM_BACK_RIGHT__1542193795177893.jpg"], "intrinsics": [[[1272.5979470598488, 0.0, 826.6154927353808], [0.0, 1272.5979470598488, 479.75165386361925], [0.0, 0.0, 1.0]], [[1266.417203046554, 0.0, 816.2670197447984], [0.0, 1266.417203046554, 491.50706579294757], [0.0, 0.0, 1.0]], [[1260.8474446004698, 0.0, 807.968244525554], [0.0, 1260.8474446004698, 495.3344268742088], [0.0, 0.0, 1.0]], [[1256.7414812095406, 0.0, 792.1125740759628], [0.0, 1256.7414812095406, 492.7757465151356], [0.0, 0.0, 1.0]], [[809.2209905677063, 0.0, 829.2196003259838], [0.0, 809.2209905677063, 481.77842384512485], [0.0, 0.0, 1.0]], [[1259.5137405846733, 0.0, 807.2529053838625], [0.0, 1259.5137405846733, 501.19579884916527], [0.0, 0.0, 1.0]]], "extrinsics": [[[0.8176247477531433, -0.5752108693122864, -0.024945935234427452, -0.757568359375], [-0.025461221113801003, 0.007161698769778013, -0.9996501803398132, 1.5018310546875], [0.5751883387565613, 0.817973792552948, -0.008789989165961742, -1.1390380859375], [0.0, 0.0, 0.0, 1.0]], [[0.0016665587900206447, -0.9999930262565613, -0.0033101618755608797, 0.008544921875], [-0.030665060505270958, 0.0032575037330389023, -0.9995244741439819, 1.5141758918762207], [0.9995282888412476, 0.0017672446556389332, -0.030659418553113937, -1.4853973388671875], [0.0, 0.0, 0.0, 1.0]], [[-0.8346229791641235, -0.5507409572601318, 0.00942362193018198, 0.8988037109375], [-0.02486453764140606, 0.020579196512699127, -0.9994789361953735, 1.4995841979980469], [0.5502600073814392, -0.8344224691390991, -0.03086979128420353, -1.1578369140625], [0.0, 0.0, 0.0, 1.0]], [[0.9476903080940247, 0.3186817467212677, -0.01803106628358364, -1.14215087890625], [-0.015847494825720787, -0.009443539194762707, -0.9998298287391663, 1.5885562896728516], [-0.3187977969646454, 0.9478147625923157, -0.0038992431946098804, -0.104248046875], [0.0, 0.0, 0.0, 1.0]], [[0.0036031503695994616, 0.9999934434890747, 0.00036188040394335985, 0.001953125], [-0.041385848075151443, 0.0005106927710585296, -0.999143123626709, 1.5768604278564453], [-0.999136745929718, 0.003585095051676035, 0.0413874126970768, -0.0584259033203125], [0.0, 0.0, 0.0, 1.0]], [[-0.9339528679847717, 0.35712599754333496, 0.013896211050450802, 1.02569580078125], [-0.008892758749425411, 0.015648655593395233, -0.9998379945755005, 1.550374984741211], [-0.35728564858436584, -0.9339251518249512, -0.01143927127122879, -0.1041259765625], [0.0, 0.0, 0.0, 1.0]]], "view": [[0.0, -2.0, 100.0], [-2.0, 0.0, 100.0], [0.0, 0.0, 1.0]], "bev": "bev_d8d56115886b4a25970b28adaad99443.png", "aux": "aux_d8d56115886b4a25970b28adaad99443.npz", "visibility": "visibility_d8d56115886b4a25970b28adaad99443.png", "pose": [[-0.8010009527206421, -0.5986630916595459, 0.0, 1422.06201171875], [0.5986630916595459, -0.8010009527206421, 0.0, 1546.7283935546875], [0.0, 0.0, 1.0, 0.0], [0.0, 0.0, 0.0, 1.0]], "pose_inverse": [[-0.8010009527206421, 0.5986630916595459, 0.0, 213.10379028320312], [-0.5986630916595459, -0.8010009527206421, 0.0, 2090.266845703125], [0.0, 0.0, 1.0, 0.0], [0.0, 0.0, 0.0, 1.0]], "cam_ids": [0, 1, 2, 3, 4, 5], "cam_channels": ["CAM_FRONT_LEFT", "CAM_FRONT", "CAM_FRONT_RIGHT", "CAM_BACK_LEFT", "CAM_BACK", "CAM_BACK_RIGHT"], "token": "d8d56115886b4a25970b28adaad99443", "scene": "scene-1011"}, {"images": ["samples/CAM_FRONT_LEFT/n015-2018-11-14-19-09-14+0800__CAM_FRONT_LEFT__1542193795604844.jpg", "samples/CAM_FRONT/n015-2018-11-14-19-09-14+0800__CAM_FRONT__1542193795612460.jpg", "samples/CAM_FRONT_RIGHT/n015-2018-11-14-19-09-14+0800__CAM_FRONT_RIGHT__1542193795620339.jpg", "samples/CAM_BACK_LEFT/n015-2018-11-14-19-09-14+0800__CAM_BACK_LEFT__1542193795647423.jpg", "samples/CAM_BACK/n015-2018-11-14-19-09-14+0800__CAM_BACK__1542193795637525.jpg", "samples/CAM_BACK_RIGHT/n015-2018-11-14-19-09-14+0800__CAM_BACK_RIGHT__1542193795627893.jpg"], "intrinsics": [[[1272.5979470598488, 0.0, 826.6154927353808], [0.0, 1272.5979470598488, 479.75165386361925], [0.0, 0.0, 1.0]], [[1266.417203046554, 0.0, 816.2670197447984], [0.0, 1266.417203046554, 491.50706579294757], [0.0, 0.0, 1.0]], [[1260.8474446004698, 0.0, 807.968244525554], [0.0, 1260.8474446004698, 495.3344268742088], [0.0, 0.0, 1.0]], [[1256.7414812095406, 0.0, 792.1125740759628], [0.0, 1256.7414812095406, 492.7757465151356], [0.0, 0.0, 1.0]], [[809.2209905677063, 0.0, 829.2196003259838], [0.0, 809.2209905677063, 481.77842384512485], [0.0, 0.0, 1.0]], [[1259.5137405846733, 0.0, 807.2529053838625], [0.0, 1259.5137405846733, 501.19579884916527], [0.0, 0.0, 1.0]]], "extrinsics": [[[0.8171902894973755, -0.5759268403053284, -0.022544367238879204, -0.7655029296875], [-0.02209186926484108, 0.007787306793034077, -0.9997255802154541, 1.5028657913208008], [0.5759443640708923, 0.8174641132354736, -0.0063595883548259735, -1.1417236328125], [0.0, 0.0, 0.0, 1.0]], [[0.0009220911888405681, -0.9999929666519165, -0.003635988337919116, 0.006591796875], [-0.027318058535456657, 0.0036094426177442074, -0.9996203184127808, 1.5150649547576904], [0.9996263384819031, 0.00102114153560251, -0.02731453813612461, -1.49237060546875], [0.0, 0.0, 0.0, 1.0]], [[-0.8349844813346863, -0.5502334833145142, 0.006620509549975395, 0.903076171875], [-0.021531639620661736, 0.02064763940870762, -0.9995549321174622, 1.500274658203125], [0.5498519539833069, -0.8347554802894592, -0.029087888076901436, -1.162353515625], [0.0, 0.0, 0.0, 1.0]], [[0.9476622939109802, 0.3189169764518738, -0.015103349462151527, -1.1400146484375], [-0.012501271441578865, -0.01020453218370676, -0.9998697638511658, 1.5885276794433594], [-0.3190295398235321, 0.9477276802062988, -0.005683582741767168, -0.1043701171875], [0.0, 0.0, 0.0, 1.0]], [[0.003688853234052658, 0.9999932050704956, -0.00012924638576805592, 0.00244140625], [-0.03808194771409035, 1.132590386987431e-05, -0.9992746114730835, 1.577143669128418], [-0.9992678165435791, 0.0036910846829414368, 0.038081731647253036, -0.056182861328125], [0.0, 0.0, 0.0, 1.0]], [[-0.9338346123695374, 0.3575440049171448, 0.01073388196527958, 1.030609130859375], [-0.005574515555053949, 0.015457556582987309, -0.9998649954795837, 1.5508079528808594], [-0.3576616048812866, -0.9337683916091919, -0.012441666796803474, -0.103271484375], [0.0, 0.0, 0.0, 1.0]]], "view": [[0.0, -2.0, 100.0], [-2.0, 0.0, 100.0], [0.0, 0.0, 1.0]], "bev": "bev_06dde81b4e6f4b2db6209d35e31db62c.png", "aux": "aux_06dde81b4e6f4b2db6209d35e31db62c.npz", "visibility": "visibility_06dde81b4e6f4b2db6209d35e31db62c.png", "pose": [[-0.8267210721969604, -0.562611997127533, 0.0, 1419.967529296875], [0.562611997127533, -0.8267210721969604, 0.0, 1548.2637939453125], [0.0, 0.0, 1.0, 0.0], [0.0, 0.0, 0.0, 1.0]], "pose_inverse": [[-0.8267210721969604, 0.562611997127533, 0.0, 302.8453674316406], [-0.562611997127533, -0.8267210721969604, 0.0, 2078.873046875], [0.0, 0.0, 1.0, 0.0], [0.0, 0.0, 0.0, 1.0]], "cam_ids": [0, 1, 2, 3, 4, 5], "cam_channels": ["CAM_FRONT_LEFT", "CAM_FRONT", "CAM_FRONT_RIGHT", "CAM_BACK_LEFT", "CAM_BACK", "CAM_BACK_RIGHT"], "token": "06dde81b4e6f4b2db6209d35e31db62c", "scene": "scene-1011"}, {"images": ["samples/CAM_FRONT_LEFT/n015-2018-11-14-19-09-14+0800__CAM_FRONT_LEFT__1542193796004844.jpg", "samples/CAM_FRONT/n015-2018-11-14-19-09-14+0800__CAM_FRONT__1542193796012460.jpg", "samples/CAM_FRONT_RIGHT/n015-2018-11-14-19-09-14+0800__CAM_FRONT_RIGHT__1542193796020339.jpg", "samples/CAM_BACK_LEFT/n015-2018-11-14-19-09-14+0800__CAM_BACK_LEFT__1542193796047423.jpg", "samples/CAM_BACK/n015-2018-11-14-19-09-14+0800__CAM_BACK__1542193796037525.jpg", "samples/CAM_BACK_RIGHT/n015-2018-11-14-19-09-14+0800__CAM_BACK_RIGHT__1542193796027893.jpg"], "intrinsics": [[[1272.5979470598488, 0.0, 826.6154927353808], [0.0, 1272.5979470598488, 479.75165386361925], [0.0, 0.0, 1.0]], [[1266.417203046554, 0.0, 816.2670197447984], [0.0, 1266.417203046554, 491.50706579294757], [0.0, 0.0, 1.0]], [[1260.8474446004698, 0.0, 807.968244525554], [0.0, 1260.8474446004698, 495.3344268742088], [0.0, 0.0, 1.0]], [[1256.7414812095406, 0.0, 792.1125740759628], [0.0, 1256.7414812095406, 492.7757465151356], [0.0, 0.0, 1.0]], [[809.2209905677063, 0.0, 829.2196003259838], [0.0, 809.2209905677063, 481.77842384512485], [0.0, 0.0, 1.0]], [[1259.5137405846733, 0.0, 807.2529053838625], [0.0, 1259.5137405846733, 501.19579884916527], [0.0, 0.0, 1.0]]], "extrinsics": [[[0.8178750872612, -0.5752413868904114, -0.013332976959645748, -0.77374267578125], [-0.013553649187088013, 0.0039052441716194153, -0.9999005198478699, 1.5051064491271973], [0.5752361416816711, 0.8179743885993958, -0.004602617584168911, -1.15087890625], [0.0, 0.0, 0.0, 1.0]], [[0.0016754561802372336, -0.9999985694885254, 0.00014139653649181128, 0.009033203125], [-0.018599094823002815, -0.00017253523401450366, -0.9998270273208618, 1.51701021194458], [0.9998255968093872, 0.001672563492320478, -0.018599357455968857, -1.502716064453125], [0.0, 0.0, 0.0, 1.0]], [[-0.8347184658050537, -0.5506754517555237, 0.001201083417981863, 0.910888671875], [-0.01263889018446207, 0.016977515071630478, -0.9997759461402893, 1.5017414093017578], [0.5505317449569702, -0.8345467448234558, -0.021131375804543495, -1.1654052734375], [0.0, 0.0, 0.0, 1.0]], [[0.9477317929267883, 0.31898942589759827, -0.007080273702740669, -1.1405029296875], [-0.002907526446506381, -0.01355542428791523, -0.9999039173126221, 1.588552474975586], [-0.3190547227859497, 0.947661280632019, -0.011919436976313591, -0.1043701171875], [0.0, 0.0, 0.0, 1.0]], [[0.003529920941218734, 0.9999874830245972, -0.0035461352672427893, 0.001953125], [-0.02876785211265087, -0.003443140769377351, -0.9995802044868469, 1.5777854919433594], [-0.999579906463623, 0.0036305130925029516, 0.028755338862538338, -0.052764892578125], [0.0, 0.0, 0.0, 1.0]], [[-0.934024453163147, 0.35720765590667725, 0.0009764052229002118, 1.03594970703125], [0.0035010511055588722, 0.011887758038938046, -0.9999232292175293, 1.5518035888671875], [-0.357191801071167, -0.93394935131073, -0.01235406007617712, -0.10009765625], [0.0, 0.0, 0.0, 1.0]]], "view": [[0.0, -2.0, 100.0], [-2.0, 0.0, 100.0], [0.0, 0.0, 1.0]], "bev": "bev_36f62a3c51a645408e6af81032bedc62.png", "aux": "aux_36f62a3c51a645408e6af81032bedc62.npz", "visibility": "visibility_36f62a3c51a645408e6af81032bedc62.png", "pose": [[-0.8513320088386536, -0.5246272683143616, 0.0, 1418.112060546875], [0.5246272683143616, -0.8513320088386536, 0.0, 1549.4940185546875], [0.0, 0.0, 1.0, 0.0], [0.0, 0.0, 0.0, 1.0]], "pose_inverse": [[-0.8513320088386536, 0.5246272683143616, 0.0, 394.3773498535156], [-0.5246272683143616, -0.8513320088386536, 0.0, 2063.1142578125], [0.0, 0.0, 1.0, 0.0], [0.0, 0.0, 0.0, 1.0]], "cam_ids": [0, 1, 2, 3, 4, 5], "cam_channels": ["CAM_FRONT_LEFT", "CAM_FRONT", "CAM_FRONT_RIGHT", "CAM_BACK_LEFT", "CAM_BACK", "CAM_BACK_RIGHT"], "token": "36f62a3c51a645408e6af81032bedc62", "scene": "scene-1011"}, {"images": ["samples/CAM_FRONT_LEFT/n015-2018-11-14-19-09-14+0800__CAM_FRONT_LEFT__1542193796504844.jpg", "samples/CAM_FRONT/n015-2018-11-14-19-09-14+0800__CAM_FRONT__1542193796512460.jpg", "samples/CAM_FRONT_RIGHT/n015-2018-11-14-19-09-14+0800__CAM_FRONT_RIGHT__1542193796520339.jpg", "samples/CAM_BACK_LEFT/n015-2018-11-14-19-09-14+0800__CAM_BACK_LEFT__1542193796547423.jpg", "samples/CAM_BACK/n015-2018-11-14-19-09-14+0800__CAM_BACK__1542193796537525.jpg", "samples/CAM_BACK_RIGHT/n015-2018-11-14-19-09-14+0800__CAM_BACK_RIGHT__1542193796527893.jpg"], "intrinsics": [[[1272.5979470598488, 0.0, 826.6154927353808], [0.0, 1272.5979470598488, 479.75165386361925], [0.0, 0.0, 1.0]], [[1266.417203046554, 0.0, 816.2670197447984], [0.0, 1266.417203046554, 491.50706579294757], [0.0, 0.0, 1.0]], [[1260.8474446004698, 0.0, 807.968244525554], [0.0, 1260.8474446004698, 495.3344268742088], [0.0, 0.0, 1.0]], [[1256.7414812095406, 0.0, 792.1125740759628], [0.0, 1256.7414812095406, 492.7757465151356], [0.0, 0.0, 1.0]], [[809.2209905677063, 0.0, 829.2196003259838], [0.0, 809.2209905677063, 481.77842384512485], [0.0, 0.0, 1.0]], [[1259.5137405846733, 0.0, 807.2529053838625], [0.0, 1259.5137405846733, 501.19579884916527], [0.0, 0.0, 1.0]]], "extrinsics": [[[0.8172921538352966, -0.5762174129486084, 0.002656202996149659, -0.7825927734375], [0.006688504945486784, 0.004877239931374788, -0.9999657273292542, 1.5097131729125977], [0.5761847496032715, 0.81728196144104, 0.007840163074433804, -1.1552734375], [0.0, 0.0, 0.0, 1.0]], [[0.000718749884981662, -0.9999994039535522, -0.0008337785257026553, 0.00732421875], [0.0015485816402360797, 0.0008348908158950508, -0.9999985098838806, 1.52081298828125], [0.9999985694885254, 0.0007174374186433852, 0.0015491802478209138, -1.5106201171875], [0.0, 0.0, 0.0, 1.0]], [[-0.8349648118019104, -0.5500674247741699, -0.016110969707369804, 0.915771484375], [0.007426412310451269, 0.018010735511779785, -0.9998101592063904, 1.5046539306640625], [0.5502532124519348, -0.8349260091781616, -0.010953301563858986, -1.1697998046875], [0.0, 0.0, 0.0, 1.0]], [[0.9477390646934509, 0.3188358545303345, 0.011592049151659012, -1.1414794921875], [0.016385264694690704, -0.012355410493910313, -0.9997894167900085, 1.5885705947875977], [-0.31862547993659973, 0.9477294087409973, -0.01693391427397728, -0.10400390625], [0.0, 0.0, 0.0, 1.0]], [[0.0038581262342631817, 0.9999898076057434, -0.002356849843636155, 0.0023193359375], [-0.009116165339946747, -0.0023215969558805227, -0.9999557733535767, 1.578885555267334], [-0.9999509453773499, 0.003879432799294591, 0.009107115678489208, -0.0496826171875], [0.0, 0.0, 0.0, 1.0]], [[-0.9336776733398438, 0.35769906640052795, -0.01724555343389511, 1.041046142578125], [0.023428283631801605, 0.012958073988556862, -0.9996415376663208, 1.5538101196289062], [-0.35734739899635315, -0.9337469935417175, -0.02047893963754177, -0.09912109375], [0.0, 0.0, 0.0, 1.0]]], "view": [[0.0, -2.0, 100.0], [-2.0, 0.0, 100.0], [0.0, 0.0, 1.0]], "bev": "bev_4912b2fbbc164e089f11cadbed667d52.png", "aux": "aux_4912b2fbbc164e089f11cadbed667d52.npz", "visibility": "visibility_4912b2fbbc164e089f11cadbed667d52.png", "pose": [[-0.8835119009017944, -0.4684087336063385, 0.0, 1415.805419921875], [0.4684087336063385, -0.8835119009017944, 0.0, 1550.8411865234375], [0.0, 0.0, 1.0, 0.0], [0.0, 0.0, 0.0, 1.0]], "pose_inverse": [[-0.8835119009017944, 0.4684087336063385, 0.0, 524.453369140625], [-0.4684087336063385, -0.8835119009017944, 0.0, 2033.3623046875], [0.0, 0.0, 1.0, 0.0], [0.0, 0.0, 0.0, 1.0]], "cam_ids": [0, 1, 2, 3, 4, 5], "cam_channels": ["CAM_FRONT_LEFT", "CAM_FRONT", "CAM_FRONT_RIGHT", "CAM_BACK_LEFT", "CAM_BACK", "CAM_BACK_RIGHT"], "token": "4912b2fbbc164e089f11cadbed667d52", "scene": "scene-1011"}, {"images": ["samples/CAM_FRONT_LEFT/n015-2018-11-14-19-09-14+0800__CAM_FRONT_LEFT__1542193797004844.jpg", "samples/CAM_FRONT/n015-2018-11-14-19-09-14+0800__CAM_FRONT__1542193797012460.jpg", "samples/CAM_FRONT_RIGHT/n015-2018-11-14-19-09-14+0800__CAM_FRONT_RIGHT__1542193797020339.jpg", "samples/CAM_BACK_LEFT/n015-2018-11-14-19-09-14+0800__CAM_BACK_LEFT__1542193797047423.jpg", "samples/CAM_BACK/n015-2018-11-14-19-09-14+0800__CAM_BACK__1542193797037525.jpg", "samples/CAM_BACK_RIGHT/n015-2018-11-14-19-09-14+0800__CAM_BACK_RIGHT__1542193797027893.jpg"], "intrinsics": [[[1272.5979470598488, 0.0, 826.6154927353808], [0.0, 1272.5979470598488, 479.75165386361925], [0.0, 0.0, 1.0]], [[1266.417203046554, 0.0, 816.2670197447984], [0.0, 1266.417203046554, 491.50706579294757], [0.0, 0.0, 1.0]], [[1260.8474446004698, 0.0, 807.968244525554], [0.0, 1260.8474446004698, 495.3344268742088], [0.0, 0.0, 1.0]], [[1256.7414812095406, 0.0, 792.1125740759628], [0.0, 1256.7414812095406, 492.7757465151356], [0.0, 0.0, 1.0]], [[809.2209905677063, 0.0, 829.2196003259838], [0.0, 809.2209905677063, 481.77842384512485], [0.0, 0.0, 1.0]], [[1259.5137405846733, 0.0, 807.2529053838625], [0.0, 1259.5137405846733, 501.19579884916527], [0.0, 0.0, 1.0]]], "extrinsics": [[[0.8183985352516174, -0.5746510028839111, 0.00048494443763047457, -0.79058837890625], [0.007576208095997572, 0.009945950470864773, -0.9999217987060547, 1.5097732543945312], [0.5746012330055237, 0.81833815574646, 0.012493424117565155, -1.164794921875], [0.0, 0.0, 0.0, 1.0]], [[0.0023864698596298695, -0.9999805092811584, -0.005771846976131201, 0.0107421875], [0.0024023731239140034, 0.005777580197900534, -0.9999804496765137, 1.5209131240844727], [0.9999942779541016, 0.0023725228384137154, 0.0024161129258573055, -1.52099609375], [0.0, 0.0, 0.0, 1.0]], [[-0.8341818451881409, -0.5511466860771179, -0.019445117563009262, 0.9241943359375], [0.008213049732148647, 0.022840045392513275, -0.9997053742408752, 1.5046348571777344], [0.5514283776283264, -0.8340957760810852, -0.014526154845952988, -1.1719970703125], [0.0, 0.0, 0.0, 1.0]], [[0.9475913643836975, 0.319185733795166, 0.01382562518119812, -1.14306640625], [0.017289074137806892, -0.008019979111850262, -0.9998183250427246, 1.5885677337646484], [-0.31901687383651733, 0.9476583003997803, -0.01311808917671442, -0.105712890625], [0.0, 0.0, 0.0, 1.0]], [[0.0033288670238107443, 0.9999922513961792, 0.002134649781510234, -0.0003662109375], [-0.00828554108738899