[{"images": ["samples/CAM_FRONT_LEFT/n008-2018-07-27-12-07-38-0400__CAM_FRONT_LEFT__1532707917104799.jpg", "samples/CAM_FRONT/n008-2018-07-27-12-07-38-0400__CAM_FRONT__1532707917112404.jpg", "samples/CAM_FRONT_RIGHT/n008-2018-07-27-12-07-38-0400__CAM_FRONT_RIGHT__1532707917120482.jpg", "samples/CAM_BACK_LEFT/n008-2018-07-27-12-07-38-0400__CAM_BACK_LEFT__1532707917147405.jpg", "samples/CAM_BACK/n008-2018-07-27-12-07-38-0400__CAM_BACK__1532707917137558.jpg", "samples/CAM_BACK_RIGHT/n008-2018-07-27-12-07-38-0400__CAM_BACK_RIGHT__1532707917128113.jpg"], "intrinsics": [[[1257.8625342125129, 0.0, 827.2410631095686], [0.0, 1257.8625342125129, 450.915498205774], [0.0, 0.0, 1.0]], [[1252.8131021185304, 0.0, 826.588114781398], [0.0, 1252.8131021185304, 469.9846626224581], [0.0, 0.0, 1.0]], [[1256.7485116440405, 0.0, 817.7887570959712], [0.0, 1256.7485116440403, 451.9541780095127], [0.0, 0.0, 1.0]], [[1254.9860565800168, 0.0, 829.5769333630991], [0.0, 1254.9860565800168, 467.1680561863987], [0.0, 0.0, 1.0]], [[796.8910634503094, 0.0, 857.7774326863696], [0.0, 796.8910634503094, 476.8848988407415], [0.0, 0.0, 1.0]], [[1249.9629280788233, 0.0, 825.3768045375984], [0.0, 1249.9629280788233, 462.54816385708756], [0.0, 0.0, 1.0]]], "extrinsics": [[[0.8201801776885986, -0.5716966986656189, -0.02161589451134205, -0.8333740234375], [-0.006326694972813129, 0.028717180714011192, -0.9995675683021545, 1.4869098663330078], [0.5720702409744263, 0.8199623227119446, 0.01993631199002266, -1.2169189453125], [0.0, 0.0, 0.0, 1.0]], [[0.006866538897156715, -0.9996750354766846, -0.024550331756472588, 0.00850677490234375], [-0.004325526300817728, 0.024520987644791603, -0.9996899366378784, 1.4793806076049805], [0.9999670386314392, 0.006970642134547234, -0.004155745264142752, -1.5643310546875], [0.0, 0.0, 0.0, 1.0]], [[-0.8454468846321106, -0.5339342951774597, -0.011564260348677635, 0.9803466796875], [0.003741654334589839, 0.01573110558092594, -0.9998692274093628, 1.4935426712036133], [0.5340463519096375, -0.845379650592804, -0.011302017606794834, -1.2060546875], [0.0, 0.0, 0.0, 1.0]], [[0.9477677345275879, 0.31878915429115295, -0.01048318762332201, -1.1436767578125], [-0.021411487832665443, 0.03079560585319996, -0.9992963671684265, 1.5620460510253906], [-0.31824198365211487, 0.9473252296447754, 0.03601282835006714, -0.1558837890625], [0.0, 0.0, 0.0, 1.0]], [[0.010318106040358543, 0.9996801614761353, 0.023089563474059105, -0.02874755859375], [-0.01934743858873844, 0.023286057636141777, -0.9995415806770325, 1.567108154296875], [-0.9997596144676208, 0.009866658598184586, 0.019581520929932594, -0.00439453125], [0.0, 0.0, 0.0, 1.0]], [[-0.9229933619499207, 0.3845498263835907, 0.014309097081422806, 1.073486328125], [-0.015238909982144833, 0.000629363174084574, -0.9998836517333984, 1.5463752746582031], [-0.38451412320137024, -0.9231039881706238, 0.005279222037643194, -0.0789794921875], [0.0, 0.0, 0.0, 1.0]]], "view": [[0.0, -2.0, 100.0], [-2.0, 0.0, 100.0], [0.0, 0.0, 1.0]], "bev": "bev_b62eb0769e4f45c7b0142195dd115d39.png", "aux": "aux_b62eb0769e4f45c7b0142195dd115d39.npz", "visibility": "visibility_b62eb0769e4f45c7b0142195dd115d39.png", "pose": [[-0.8530979156494141, 0.5217508673667908, 0.0, 1584.1968994140625], [-0.5217508673667908, -0.8530979156494141, 0.0, 857.8816528320312], [0.0, 0.0, 1.0, 0.0], [0.0, 0.0, 0.0, 1.0]], "pose_inverse": [[-0.8530979156494141, -0.5217508673667908, 0.0, 1799.0755615234375], [0.5217508673667908, -0.8530979156494141, 0.0, -94.69904327392578], [0.0, 0.0, 1.0, 0.0], [0.0, 0.0, 0.0, 1.0]], "cam_ids": [0, 1, 2, 3, 4, 5], "cam_channels": ["CAM_FRONT_LEFT", "CAM_FRONT", "CAM_FRONT_RIGHT", "CAM_BACK_LEFT", "CAM_BACK", "CAM_BACK_RIGHT"], "token": "b62eb0769e4f45c7b0142195dd115d39", "scene": "scene-0224"}, {"images": ["samples/CAM_FRONT_LEFT/n008-2018-07-27-12-07-38-0400__CAM_FRONT_LEFT__1532707917604799.jpg", "samples/CAM_FRONT/n008-2018-07-27-12-07-38-0400__CAM_FRONT__1532707917612404.jpg", "samples/CAM_FRONT_RIGHT/n008-2018-07-27-12-07-38-0400__CAM_FRONT_RIGHT__1532707917620482.jpg", "samples/CAM_BACK_LEFT/n008-2018-07-27-12-07-38-0400__CAM_BACK_LEFT__1532707917647405.jpg", "samples/CAM_BACK/n008-2018-07-27-12-07-38-0400__CAM_BACK__1532707917637558.jpg", "samples/CAM_BACK_RIGHT/n008-2018-07-27-12-07-38-0400__CAM_BACK_RIGHT__1532707917628113.jpg"], "intrinsics": [[[1257.8625342125129, 0.0, 827.2410631095686], [0.0, 1257.8625342125129, 450.915498205774], [0.0, 0.0, 1.0]], [[1252.8131021185304, 0.0, 826.588114781398], [0.0, 1252.8131021185304, 469.9846626224581], [0.0, 0.0, 1.0]], [[1256.7485116440405, 0.0, 817.7887570959712], [0.0, 1256.7485116440403, 451.9541780095127], [0.0, 0.0, 1.0]], [[1254.9860565800168, 0.0, 829.5769333630991], [0.0, 1254.9860565800168, 467.1680561863987], [0.0, 0.0, 1.0]], [[796.8910634503094, 0.0, 857.7774326863696], [0.0, 796.8910634503094, 476.8848988407415], [0.0, 0.0, 1.0]], [[1249.9629280788233, 0.0, 825.3768045375984], [0.0, 1249.9629280788233, 462.54816385708756], [0.0, 0.0, 1.0]]], "extrinsics": [[[0.8209313154220581, -0.5707976222038269, -0.016184136271476746, -0.8521728515625], [-0.00761303910985589, 0.017399227246642113, -0.9998196363449097, 1.4868431091308594], [0.570976197719574, 0.8209065198898315, 0.009938066825270653, -1.23040771484375], [0.0, 0.0, 0.0, 1.0]], [[0.007940583862364292, -0.9998816251754761, -0.013178631663322449, 0.0087432861328125], [-0.005754942540079355, 0.013133133761584759, -0.9998972415924072, 1.479262351989746], [0.9999518990516663, 0.008015521802008152, -0.0056499759666621685, -1.5830078125], [0.0, 0.0, 0.0, 1.0]], [[-0.8450151681900024, -0.5347265005111694, -0.004111043643206358, 0.9921875], [0.0021614760626107454, 0.004272309131920338, -0.9999885559082031, 1.4933171272277832], [0.5347378849983215, -0.8450144529342651, -0.0024543688632547855, -1.2132568359375], [0.0, 0.0, 0.0, 1.0]], [[0.9477097392082214, 0.3187321424484253, -0.016002990305423737, -1.142822265625], [-0.02323717437684536, 0.018907053396105766, -0.9995511770248413, 1.5620155334472656], [-0.31828659772872925, 0.9476562142372131, 0.025324834510684013, -0.15631103515625], [0.0, 0.0, 0.0, 1.0]], [[0.01004798710346222, 0.9998847842216492, 0.01138058677315712, -0.02886962890625], [-0.021102070808410645, 0.011590657755732536, -0.9997100830078125, 1.5671119689941406], [-0.9997268915176392, 0.009804914705455303, 0.021216100081801414, -0.00048828125], [0.0, 0.0, 0.0, 1.0]], [[-0.9231997132301331, 0.3841507136821747, 0.011421927250921726, 1.0819091796875], [-0.016910802572965622, -0.010913512669503689, -0.9997974038124084, 1.5463886260986328], [-0.3839482069015503, -0.9232059121131897, 0.01657164841890335, -0.0751953125], [0.0, 0.0, 0.0, 1.0]]], "view": [[0.0, -2.0, 100.0], [-2.0, 0.0, 100.0], [0.0, 0.0, 1.0]], "bev": "bev_3858db7f435d471092208f6a7e8ed85a.png", "aux": "aux_3858db7f435d471092208f6a7e8ed85a.npz", "visibility": "visibility_3858db7f435d471092208f6a7e8ed85a.png", "pose": [[-0.830525815486908, 0.5569801330566406, 0.0, 1582.18212890625], [-0.5569801330566406, -0.830525815486908, 0.0, 856.6270141601562], [0.0, 0.0, 1.0, 0.0], [0.0, 0.0, 0.0, 1.0]], "pose_inverse": [[-0.830525815486908, -0.5569801330566406, 0.0, 1791.1673583984375], [0.5569801330566406, -0.830525815486908, 0.0, -169.79319763183594], [0.0, 0.0, 1.0, 0.0], [0.0, 0.0, 0.0, 1.0]], "cam_ids": [0, 1, 2, 3, 4, 5], "cam_channels": ["CAM_FRONT_LEFT", "CAM_FRONT", "CAM_FRONT_RIGHT", "CAM_BACK_LEFT", "CAM_BACK", "CAM_BACK_RIGHT"], "token": "3858db7f435d471092208f6a7e8ed85a", "scene": "scene-0224"}, {"images": ["samples/CAM_FRONT_LEFT/n008-2018-07-27-12-07-38-0400__CAM_FRONT_LEFT__1532707918104799.jpg", "samples/CAM_FRONT/n008-2018-07-27-12-07-38-0400__CAM_FRONT__1532707918112404.jpg", "samples/CAM_FRONT_RIGHT/n008-2018-07-27-12-07-38-0400__CAM_FRONT_RIGHT__1532707918120482.jpg", "samples/CAM_BACK_LEFT/n008-2018-07-27-12-07-38-0400__CAM_BACK_LEFT__1532707918147405.jpg", "samples/CAM_BACK/n008-2018-07-27-12-07-38-0400__CAM_BACK__1532707918137558.jpg", "samples/CAM_BACK_RIGHT/n008-2018-07-27-12-07-38-0400__CAM_BACK_RIGHT__1532707918128113.jpg"], "intrinsics": [[[1257.8625342125129, 0.0, 827.2410631095686], [0.0, 1257.8625342125129, 450.915498205774], [0.0, 0.0, 1.0]], [[1252.8131021185304, 0.0, 826.588114781398], [0.0, 1252.8131021185304, 469.9846626224581], [0.0, 0.0, 1.0]], [[1256.7485116440405, 0.0, 817.7887570959712], [0.0, 1256.7485116440403, 451.9541780095127], [0.0, 0.0, 1.0]], [[1254.9860565800168, 0.0, 829.5769333630991], [0.0, 1254.9860565800168, 467.1680561863987], [0.0, 0.0, 1.0]], [[796.8910634503094, 0.0, 857.7774326863696], [0.0, 796.8910634503094, 476.8848988407415], [0.0, 0.0, 1.0]], [[1249.9629280788233, 0.0, 825.3768045375984], [0.0, 1249.9629280788233, 462.54816385708756], [0.0, 0.0, 1.0]]], "extrinsics": [[[0.8208797574043274, -0.5709649920463562, -0.012470499612390995, -0.8548583984375], [-0.002870060270652175, 0.017711274325847626, -0.9998390078544617, 1.4877128601074219], [0.5710939168930054, 0.8207833766937256, 0.012900121510028839, -1.2332763671875], [0.0, 0.0, 0.0, 1.0]], [[0.007905163802206516, -0.9998766183853149, -0.013570547103881836, 0.0095367431640625], [-0.0008077622042037547, 0.013564581982791424, -0.9999076724052429, 1.4800043106079102], [0.999968409538269, 0.007915390655398369, -0.0007004328654147685, -1.586181640625], [0.0, 0.0, 0.0, 1.0]], [[-0.84498131275177, -0.5347238183021545, -0.008774527348577976, 0.994873046875], [0.007326540537178516, 0.004831276834011078, -0.9999614953994751, 1.4939031600952148], [0.5347456336021423, -0.8450130224227905, -0.00016466446686536074, -1.214111328125], [0.0, 0.0, 0.0, 1.0]], [[0.9477972984313965, 0.31869760155677795, -0.010588414967060089, -1.141845703125], [-0.017921974882483482, 0.020087450742721558, -0.9996375441551208, 1.5619964599609375], [-0.31836947798728943, 0.9476435780525208, 0.024750523269176483, -0.15692138671875], [0.0, 0.0, 0.0, 1.0]], [[0.009967400692403316, 0.9998732209205627, 0.012416171841323376, -0.0291748046875], [-0.01583499275147915, 0.01257306057959795, -0.9997955560684204, 1.567361831665039], [-0.9998249411582947, 0.009768784046173096, 0.015958305448293686, 0.0008544921875], [0.0, 0.0, 0.0, 1.0]], [[-0.9232512712478638, 0.3841358423233032, 0.006828665267676115, 1.0836181640625], [-0.011636244133114815, -0.010192567482590675, -0.999880313873291, 1.5468635559082031], [-0.3840201795101166, -0.9232202768325806, 0.013880199752748013, -0.074127197265625], [0.0, 0.0, 0.0, 1.0]]], "view": [[0.0, -2.0, 100.0], [-2.0, 0.0, 100.0], [0.0, 0.0, 1.0]], "bev": "bev_3b655484706342dbae708372d009e99f.png", "aux": "aux_3b655484706342dbae708372d009e99f.npz", "visibility": "visibility_3b655484706342dbae708372d009e99f.png", "pose": [[-0.8105534911155701, 0.5856645703315735, 0.0, 1580.3572998046875], [-0.5856645703315735, -0.8105534911155701, 0.0, 855.3975219726562], [0.0, 0.0, 1.0, 0.0], [0.0, 0.0, 0.0, 1.0]], "pose_inverse": [[-0.8105534911155701, -0.5856645703315735, 0.0, 1781.940185546875], [0.5856645703315735, -0.8105534911155701, 0.0, -232.2138671875], [0.0, 0.0, 1.0, 0.0], [0.0, 0.0, 0.0, 1.0]], "cam_ids": [0, 1, 2, 3, 4, 5], "cam_channels": ["CAM_FRONT_LEFT", "CAM_FRONT", "CAM_FRONT_RIGHT", "CAM_BACK_LEFT", "CAM_BACK", "CAM_BACK_RIGHT"], "token": "3b655484706342dbae708372d009e99f", "scene": "scene-0224"}, {"images": ["samples/CAM_FRONT_LEFT/n008-2018-07-27-12-07-38-0400__CAM_FRONT_LEFT__1532707918604799.jpg", "samples/CAM_FRONT/n008-2018-07-27-12-07-38-0400__CAM_FRONT__1532707918612404.jpg", "samples/CAM_FRONT_RIGHT/n008-2018-07-27-12-07-38-0400__CAM_FRONT_RIGHT__1532707918620482.jpg", "samples/CAM_BACK_LEFT/n008-2018-07-27-12-07-38-0400__CAM_BACK_LEFT__1532707918647405.jpg", "samples/CAM_BACK/n008-2018-07-27-12-07-38-0400__CAM_BACK__1532707918637558.jpg", "samples/CAM_BACK_RIGHT/n008-2018-07-27-12-07-38-0400__CAM_BACK_RIGHT__1532707918628113.jpg"], "intrinsics": [[[1257.8625342125129, 0.0, 827.2410631095686], [0.0, 1257.8625342125129, 450.915498205774], [0.0, 0.0, 1.0]], [[1252.8131021185304, 0.0, 826.588114781398], [0.0, 1252.8131021185304, 469.9846626224581], [0.0, 0.0, 1.0]], [[1256.7485116440405, 0.0, 817.7887570959712], [0.0, 1256.7485116440403, 451.9541780095127], [0.0, 0.0, 1.0]], [[1254.9860565800168, 0.0, 829.5769333630991], [0.0, 1254.9860565800168, 467.1680561863987], [0.0, 0.0, 1.0]], [[796.8910634503094, 0.0, 857.7774326863696], [0.0, 796.8910634503094, 476.8848988407415], [0.0, 0.0, 1.0]], [[1249.9629280788233, 0.0, 825.3768045375984], [0.0, 1249.9629280788233, 462.54816385708756], [0.0, 0.0, 1.0]]], "extrinsics": [[[0.8209603428840637, -0.5709038972854614, -0.00964358914643526, -0.868408203125], [0.00026756481383927166, 0.017274029552936554, -0.9998507499694824, 1.488302230834961], [0.5709852576255798, 0.8208351731300354, 0.014334045350551605, -1.24066162109375], [0.0, 0.0, 0.0, 1.0]], [[0.00796164944767952, -0.9998807311058044, -0.013229153119027615, 0.008209228515625], [0.002151355380192399, 0.013246670365333557, -0.9999099373817444, 1.4804362058639526], [0.9999659061431885, 0.007932503707706928, 0.002256564097478986, -1.5982666015625], [0.0, 0.0, 0.0, 1.0]], [[-0.8449769020080566, -0.5346894264221191, -0.011011355556547642, 1.0018310546875], [0.010094990953803062, 0.004639407154172659, -0.9999382495880127, 1.4941329956054688], [0.5347074866294861, -0.8450358510017395, 0.0014774927403777838, -1.219970703125], [0.0, 0.0, 0.0, 1.0]], [[0.9478249549865723, 0.31869277358055115, -0.007916048169136047, -1.1402587890625], [-0.01512343343347311, 0.020147403702139854, -0.999682605266571, 1.5619792938232422], [-0.3184322416782379, 0.9476439356803894, 0.023915942758321762, -0.1575927734375], [0.0, 0.0, 0.0, 1.0]], [[0.009959929622709751, 0.9998732805252075, 0.012417995370924473, -0.02899169921875], [-0.012972057797014713, 0.012546763755381107, -0.9998371005058289, 1.5675182342529297], [-0.999866247177124, 0.009797201491892338, 0.013095379807054996, 0.0028076171875], [0.0, 0.0, 0.0, 1.0]], [[-0.9232524037361145, 0.3841700255870819, 0.004281245172023773, 1.0892333984375], [-0.008918849751353264, -0.01029102224856615, -0.9999072551727295, 1.547135353088379], [-0.3840903341770172, -0.9232050180435181, 0.012927566654980183, -0.072357177734375], [0.0, 0.0, 0.0, 1.0]]], "view": [[0.0, -2.0, 100.0], [-2.0, 0.0, 100.0], [0.0, 0.0, 1.0]], "bev": "bev_0af51647d5414f828de34706ad9f4d77.png", "aux": "aux_0af51647d5414f828de34706ad9f4d77.npz", "visibility": "visibility_0af51647d5414f828de34706ad9f4d77.png", "pose": [[-0.7913062572479248, 0.6114199757575989, 0.0, 1578.7066650390625], [-0.6114199757575989, -0.7913062572479248, 0.0, 854.1967163085938], [0.0, 0.0, 1.0, 0.0], [0.0, 0.0, 0.0, 1.0]], "pose_inverse": [[-0.7913062572479248, -0.6114199757575989, 0.0, 1771.513427734375], [0.6114199757575989, -0.7913062572479248, 0.0, -289.32159423828125], [0.0, 0.0, 1.0, 0.0], [0.0, 0.0, 0.0, 1.0]], "cam_ids": [0, 1, 2, 3, 4, 5], "cam_channels": ["CAM_FRONT_LEFT", "CAM_FRONT", "CAM_FRONT_RIGHT", "CAM_BACK_LEFT", "CAM_BACK", "CAM_BACK_RIGHT"], "token": "0af51647d5414f828de34706ad9f4d77", "scene": "scene-0224"}, {"images": ["samples/CAM_FRONT_LEFT/n008-2018-07-27-12-07-38-0400__CAM_FRONT_LEFT__1532707919104799.jpg", "samples/CAM_FRONT/n008-2018-07-27-12-07-38-0400__CAM_FRONT__1532707919112404.jpg", "samples/CAM_FRONT_RIGHT/n008-2018-07-27-12-07-38-0400__CAM_FRONT_RIGHT__1532707919120482.jpg", "samples/CAM_BACK_LEFT/n008-2018-07-27-12-07-38-0400__CAM_BACK_LEFT__1532707919147405.jpg", "samples/CAM_BACK/n008-2018-07-27-12-07-38-0400__CAM_BACK__1532707919137558.jpg", "samples/CAM_BACK_RIGHT/n008-2018-07-27-12-07-38-0400__CAM_BACK_RIGHT__1532707919128113.jpg"], "intrinsics": [[[1257.8625342125129, 0.0, 827.2410631095686], [0.0, 1257.8625342125129, 450.915498205774], [0.0, 0.0, 1.0]], [[1252.8131021185304, 0.0, 826.588114781398], [0.0, 1252.8131021185304, 469.9846626224581], [0.0, 0.0, 1.0]], [[1256.7485116440405, 0.0, 817.7887570959712], [0.0, 1256.7485116440403, 451.9541780095127], [0.0, 0.0, 1.0]], [[1254.9860565800168, 0.0, 829.5769333630991], [0.0, 1254.9860565800168, 467.1680561863987], [0.0, 0.0, 1.0]], [[796.8910634503094, 0.0, 857.7774326863696], [0.0, 796.8910634503094, 476.8848988407415], [0.0, 0.0, 1.0]], [[1249.9629280788233, 0.0, 825.3768045375984], [0.0, 1249.9629280788233, 462.54816385708756], [0.0, 0.0, 1.0]]], "extrinsics": [[[0.8212063908576965, -0.5704848170280457, -0.012927481904625893, -0.8720703125], [-0.004671073984354734, 0.015933437272906303, -0.9998621344566345, 1.487513542175293], [0.5706121921539307, 0.8211535811424255, 0.01041986234486103, -1.24365234375], [0.0, 0.0, 0.0, 1.0]], [[0.00830972008407116, -0.9998981952667236, -0.011602663435041904, 0.00823974609375], [-0.002884194254875183, 0.011579049751162529, -0.9999288320541382, 1.479762077331543], [0.999961256980896, 0.008342583663761616, -0.0027876815292984247, -1.60205078125], [0.0, 0.0, 0.0, 1.0]], [[-0.8448646664619446, -0.5349507927894592, -0.005592689849436283, 1.004150390625], [0.004957052879035473, 0.002625591354444623, -0.9999842643737793, 1.493577480316162], [0.5349570512771606, -0.8448790907859802, 0.0004335082194302231, -1.22119140625], [0.0, 0.0, 0.0, 1.0]], [[0.9477822184562683, 0.3186020851135254, -0.014194102957844734, -1.1390380859375], [-0.0208694189786911, 0.017548028379678726, -0.9996281862258911, 1.5619354248046875], [-0.3182345926761627, 0.9477260112762451, 0.023280750960111618, -0.15777587890625], [0.0, 0.0, 0.0, 1.0]], [[0.009933107532560825, 0.9999005198478699, 0.010016275569796562, -0.0289306640625], [-0.018607094883918762, 0.010199862532317638, -0.9997748136520386, 1.567291259765625], [-0.9997775554656982, 0.009744519367814064, 0.018706558272242546, 0.0029296875], [0.0, 0.0, 0.0, 1.0]], [[-0.9232953190803528, 0.383998841047287, 0.008393687196075916, 1.0904541015625], [-0.014238860458135605, -0.012381498701870441, -0.9998219609260559, 1.5467472076416016], [-0.3838265836238861, -0.9232504367828369, 0.016899487003684044, -0.07171630859375], [0.0, 0.0, 0.0, 1.0]]], "view": [[0.0, -2.0, 100.0], [-2.0, 0.0, 100.0], [0.0, 0.0, 1.0]], "bev": "bev_0b2c1361f81a4af9af065f1a53852e17.png", "aux": "aux_0b2c1361f81a4af9af065f1a53852e17.npz", "visibility": "visibility_0b2c1361f81a4af9af065f1a53852e17.png", "pose": [[-0.7719384431838989, 0.6356972455978394, 0.0, 1577.2281494140625], [-0.6356972455978394, -0.7719384431838989, 0.0, 853.0437622070312], [0.0, 0.0, 1.0, 0.0], [0.0, 0.0, 0.0, 1.0]], "pose_inverse": [[-0.7719384431838989, -0.6356972455978394, 0.0, 1759.8006591796875], [0.6356972455978394, -0.7719384431838989, 0.0, -344.1423034667969], [0.0, 0.0, 1.0, 0.0], [0.0, 0.0, 0.0, 1.0]], "cam_ids": [0, 1, 2, 3, 4, 5], "cam_channels": ["CAM_FRONT_LEFT", "CAM_FRONT", "CAM_FRONT_RIGHT", "CAM_BACK_LEFT", "CAM_BACK", "CAM_BACK_RIGHT"], "token": "0b2c1361f81a4af9af065f1a53852e17", "scene": "scene-0224"}, {"images": ["samples/CAM_FRONT_LEFT/n008-2018-07-27-12-07-38-0400__CAM_FRONT_LEFT__1532707919654799.jpg", "samples/CAM_FRONT/n008-2018-07-27-12-07-38-0400__CAM_FRONT__1532707919662404.jpg", "samples/CAM_FRONT_RIGHT/n008-2018-07-27-12-07-38-0400__CAM_FRONT_RIGHT__1532707919670482.jpg", "samples/CAM_BACK_LEFT/n008-2018-07-27-12-07-38-0400__CAM_BACK_LEFT__1532707919697405.jpg", "samples/CAM_BACK/n008-2018-07-27-12-07-38-0400__CAM_BACK__1532707919687558.jpg", "samples/CAM_BACK_RIGHT/n008-2018-07-27-12-07-38-0400__CAM_BACK_RIGHT__1532707919678113.jpg"], "intrinsics": [[[1257.8625342125129, 0.0, 827.2410631095686], [0.0, 1257.8625342125129, 450.915498205774], [0.0, 0.0, 1.0]], [[1252.8131021185304, 0.0, 826.588114781398], [0.0, 1252.8131021185304, 469.9846626224581], [0.0, 0.0, 1.0]], [[1256.7485116440405, 0.0, 817.7887570959712], [0.0, 1256.7485116440403, 451.9541780095127], [0.0, 0.0, 1.0]], [[1254.9860565800168, 0.0, 829.5769333630991], [0.0, 1254.9860565800168, 467.1680561863987], [0.0, 0.0, 1.0]], [[796.8910634503094, 0.0, 857.7774326863696], [0.0, 796.8910634503094, 476.8848988407415], [0.0, 0.0, 1.0]], [[1249.9629280788233, 0.0, 825.3768045375984], [0.0, 1249.9629280788233, 462.54816385708756], [0.0, 0.0, 1.0]]], "extrinsics": [[[0.820896327495575, -0.5708684921264648, -0.015442418865859509, -0.884033203125], [-0.005083566065877676, 0.019735071808099747, -0.9997922778129578, 1.487508773803711], [0.5710546374320984, 0.8208043575286865, 0.013298398815095425, -1.2515869140625], [0.0, 0.0, 0.0, 1.0]], [[0.007774072699248791, -0.9998486638069153, -0.015560365281999111, 0.008148193359375], [-0.003155325073748827, 0.015536228194832802, -0.9998743534088135, 1.4797563552856445], [0.9999647736549377, 0.007822282612323761, -0.0030340675730258226, -1.6136474609375], [0.0, 0.0, 0.0, 1.0]], [[-0.8451661467552185, -0.5344480872154236, -0.007710738107562065, 1.01123046875], [0.004844493232667446, 0.006765988189727068, -0.9999653697013855, 1.493520736694336], [0.5344817638397217, -0.845174252986908, -0.0031292561907321215, -1.2259521484375], [0.0, 0.0, 0.0, 1.0]], [[0.9480288624763489, 0.3179357647895813, -0.012580174952745438, -1.137939453125], [-0.020596656948328018, 0.02186518721282482, -0.9995487332344055, 1.5619087219238281], [-0.3175172507762909, 0.947860062122345, 0.02727724052965641, -0.15826416015625], [0.0, 0.0, 0.0, 1.0]], [[0.010555247776210308, 0.999843955039978, 0.01416139118373394, -0.02899169921875], [-0.01849251613020897, 0.014354942366480827, -0.9997259378433228, 1.5673370361328125], [-0.9997732639312744, 0.01029051560908556, 0.01864115335047245, 0.0057373046875], [0.0, 0.0, 0.0, 1.0]], [[-0.9230688810348511, 0.3845050036907196, 0.00998773705214262, 1.095947265625], [-0.014278994873166084, -0.008307100273668766, -0.9998635053634644, 1.5468254089355469], [-0.38436955213546753, -0.9230854511260986, 0.013158369809389114, -0.069488525390625], [0.0, 0.0, 0.0, 1.0]]], "view": [[0.0, -2.0, 100.0], [-2.0, 0.0, 100.0], [0.0, 0.0, 1.0]], "bev": "bev_1a28cf60bb974ceba99337bfd023192b.png", "aux": "aux_1a28cf60bb974ceba99337bfd023192b.npz", "visibility": "visibility_1a28cf60bb974ceba99337bfd023192b.png", "pose": [[-0.7543799877166748, 0.6564379930496216, 0.0, 1575.756103515625], [-0.6564379930496216, -0.7543799877166748, 0.0, 851.81884765625], [0.0, 0.0, 1.0, 0.0], [0.0, 0.0, 0.0, 1.0]], "pose_inverse": [[-0.7543799877166748, -0.6564379930496216, 0.0, 1747.8851318359375], [0.6564379930496216, -0.7543799877166748, 0.0, -391.7910461425781], [0.0, 0.0, 1.0, 0.0], [0.0, 0.0, 0.0, 1.0]], "cam_ids": [0, 1, 2, 3, 4, 5], "cam_channels": ["CAM_FRONT_LEFT", "CAM_FRONT", "CAM_FRONT_RIGHT", "CAM_BACK_LEFT", "CAM_BACK", "CAM_BACK_RIGHT"], "token": "1a28cf60bb974ceba99337bfd023192b", "scene": "scene-0224"}, {"images": ["samples/CAM_FRONT_LEFT/n008-2018-07-27-12-07-38-0400__CAM_FRONT_LEFT__1532707920154799.jpg", "samples/CAM_FRONT/n008-2018-07-27-12-07-38-0400__CAM_FRONT__1532707920162404.jpg", "samples/CAM_FRONT_RIGHT/n008-2018-07-27-12-07-38-0400__CAM_FRONT_RIGHT__1532707920170482.jpg", "samples/CAM_BACK_LEFT/n008-2018-07-27-12-07-38-0400__CAM_BACK_LEFT__1532707920197405.jpg", "samples/CAM_BACK/n008-2018-07-27-12-07-38-0400__CAM_BACK__1532707920187558.jpg", "samples/CAM_BACK_RIGHT/n008-2018-07-27-12-07-38-0400__CAM_BACK_RIGHT__1532707920178113.jpg"], "intrinsics": [[[1257.8625342125129, 0.0, 827.2410631095686], [0.0, 1257.8625342125129, 450.915498205774], [0.0, 0.0, 1.0]], [[1252.8131021185304, 0.0, 826.588114781398], [0.0, 1252.8131021185304, 469.9846626224581], [0.0, 0.0, 1.0]], [[1256.7485116440405, 0.0, 817.7887570959712], [0.0, 1256.7485116440403, 451.9541780095127], [0.0, 0.0, 1.0]], [[1254.9860565800168, 0.0, 829.5769333630991], [0.0, 1254.9860565800168, 467.1680561863987], [0.0, 0.0, 1.0]], [[796.8910634503094, 0.0, 857.7774326863696], [0.0, 796.8910634503094, 476.8848988407415], [0.0, 0.0, 1.0]], [[1249.9629280788233, 0.0, 825.3768045375984], [0.0, 1249.9629280788233, 462.54816385708756], [0.0, 0.0, 1.0]]], "extrinsics": [[[0.8215529322624207, -0.5698969960212708, -0.016377128660678864, -0.8907470703125], [-0.01152996625751257, 0.01211159024387598, -0.9998601675033569, 1.4866828918457031], [0.5700157284736633, 0.8216269016265869, 0.0033794185146689415, -1.2568359375], [0.0, 0.0, 0.0, 1.0]], [[0.008913516998291016, -0.9999228715896606, -0.00864560529589653, 0.008026123046875], [-0.009541313163936138, 0.00856050942093134, -0.9999178051948547, 1.4790668487548828], [0.9999147057533264, 0.00899526383727789, -0.009464273229241371, -1.62109375], [0.0, 0.0, 0.0, 1.0]], [[-0.8445966839790344, -0.535402238368988, 0.0009537540026940405, 1.0166015625], [-0.001419724547304213, 0.00045824047992937267, -0.9999988675117493, 1.492946982383728], [0.5354012846946716, -0.8445971012115479, -0.00114715367089957, -1.22900390625], [0.0, 0.0, 0.0, 1.0]], [[0.9477285146713257, 0.31849339604377747, -0.019304657354950905, -1.1392822265625], [-0.026240825653076172, 0.01750154048204422, -0.999502420425415, 1.5619125366210938], [-0.3179970681667328, 0.9477635025978088, 0.0249442420899868, -0.15771484375], [0.0, 0.0, 0.0, 1.0]], [[0.00978605356067419, 0.9999112486839294, 0.009043419733643532, -0.029052734375], [-0.024328261613845825, 0.009279254823923111, -0.9996609091758728, 1.5671958923339844], [-0.9996561408042908, 0.009562733583152294, 0.024416910484433174, 0.0089111328125], [0.0, 0.0, 0.0, 1.0]], [[-0.9233815670013428, 0.3836500942707062, 0.013384279794991016, 1.1005859375], [-0.020336098968982697, -0.01406957395374775, -0.9996942281723022, 1.5465087890625], [-0.3833443820476532, -0.9233713746070862, 0.020793531090021133, -0.067596435546875], [0.0, 0.0, 0.0, 1.0]]], "view": [[0.0, -2.0, 100.0], [-2.0, 0.0, 100.0], [0.0, 0.0, 1.0]], "bev": "bev_f7c7f51f3618479db3946c2031969195.png", "aux": "aux_f7c7f51f3618479db3946c2031969195.npz", "visibility": "visibility_f7c7f51f3618479db3946c2031969195.png", "pose": [[-0.743642270565033, 0.6685777306556702, 0.0, 1574.527099609375], [-0.6685777306556702, -0.743642270565033, 0.0, 850.7576293945312], [0.0, 0.0, 1.0, 0.0], [0.0, 0.0, 0.0, 1.0]], "pose_inverse": [[-0.743642270565033, -0.6685777306556702, 0.0, 1739.6824951171875], [0.6685777306556702, -0.743642270565033, 0.0, -420.034423828125], [0.0, 0.0, 1.0, 0.0], [0.0, 0.0, 0.0, 1.0]], "cam_ids": [0, 1, 2, 3, 4, 5], "cam_channels": ["CAM_FRONT_LEFT", "CAM_FRONT", "CAM_FRONT_RIGHT", "CAM_BACK_LEFT", "CAM_BACK", "CAM_BACK_RIGHT"], "token": "f7c7f51f3618479db3946c2031969195", "scene": "scene-0224"}, {"images": ["samples/CAM_FRONT_LEFT/n008-2018-07-27-12-07-38-0400__CAM_FRONT_LEFT__1532707920654799.jpg", "samples/CAM_FRONT/n008-2018-07-27-12-07-38-0400__CAM_FRONT__1532707920662404.jpg", "samples/CAM_FRONT_RIGHT/n008-2018-07-27-12-07-38-0400__CAM_FRONT_RIGHT__1532707920670482.jpg", "samples/CAM_BACK_LEFT/n008-2018-07-27-12-07-38-0400__CAM_BACK_LEFT__1532707920697405.jpg", "samples/CAM_BACK/n008-2018-07-27-12-07-38-0400__CAM_BACK__1532707920687558.jpg", "samples/CAM_BACK_RIGHT/n008-2018-07-27-12-07-38-0400__CAM_BACK_RIGHT__1532707920678113.jpg"], "intrinsics": [[[1257.8625342125129, 0.0, 827.2410631095686], [0.0, 1257.8625342125129, 450.915498205774], [0.0, 0.0, 1.0]], [[1252.8131021185304, 0.0, 826.588114781398], [0.0, 1252.8131021185304, 469.9846626224581], [0.0, 0.0, 1.0]], [[1256.7485116440405, 0.0, 817.7887570959712], [0.0, 1256.7485116440403, 451.9541780095127], [0.0, 0.0, 1.0]], [[1254.9860565800168, 0.0, 829.5769333630991], [0.0, 1254.9860565800168, 467.1680561863987], [0.0, 0.0, 1.0]], [[796.8910634503094, 0.0, 857.7774326863696], [0.0, 796.8910634503094, 476.8848988407415], [0.0, 0.0, 1.0]], [[1249.9629280788233, 0.0, 825.3768045375984], [0.0, 1249.9629280788233, 462.54816385708756], [0.0, 0.0, 1.0]]], "extrinsics": [[[0.8219966292381287, -0.5691185593605042, -0.02063172683119774, -0.90869140625], [-0.005286106839776039, 0.028601832687854767, -0.9995769262313843, 1.487640380859375], [0.5694678425788879, 0.8217578530311584, 0.020502187311649323, -1.268310546875], [0.0, 0.0, 0.0, 1.0]], [[0.009471829980611801, -0.9996584057807922, -0.024359362199902534, 0.007476806640625], [-0.003344571450725198, 0.024328649044036865, -0.9996984601020813, 1.479818344116211], [0.9999495148658752, 0.009550459682941437, -0.0031129904091358185, -1.638671875], [0.0, 0.0, 0.0, 1.0]], [[-0.8443792462348938, -0.5356062054634094, -0.012234239839017391, 1.02783203125], [0.004685276187956333, 0.015452573075890541, -0.9998695850372314, 1.4934097528457642], [0.535725474357605, -0.8443264365196228, -0.010538369417190552, -1.2366943359375], [0.0, 0.0, 0.0, 1.0]], [[0.9478119611740112, 0.3186728358268738, -0.010001998394727707, -1.14013671875], [-0.020641157403588295, 0.030026337131857872, -0.9993359446525574, 1.5619544982910156], [-0.31816089153289795, 0.9473890066146851, 0.035037100315093994, -0.1575927734375], [0.0, 0.0, 0.0, 1.0]], [[0.0095807034522295, 0.9997003078460693, 0.022529661655426025, -0.02880859375], [-0.018599973991513252, 0.0227049607783556, -0.9995691180229187, 1.5674972534179688], [-0.9997811317443848, 0.009157532826066017, 0.01881192810833454, 0.0146484375], [0.0, 0.0, 0.0, 1.0]], [[-0.9235503673553467, 0.38324353098869324, 0.013377958908677101, 1.1099853515625], [-0.01439611241221428, 0.00021144954371266067, -0.9998963475227356, 1.5470256805419922], [-0.38320663571357727, -0.9236472845077515, 0.005321932956576347, -0.06402587890625], [0.0, 0.0, 0.0, 1.0]]], "view": [[0.0, -2.0, 100.0], [-2.0, 0.0, 100.0], [0.0, 0.0, 1.0]], "bev": "bev_16e1863fa07e494b93f7da754bbca6e7.png", "aux": "aux_16e1863fa07e494b93f7da754bbca6e7.npz", "visibility": "visibility_16e1863fa07e494b93f7da754bbca6e7.png", "pose": [[-0.73689866065979, 0.6760032176971436, 0.0, 1573.4764404296875], [-0.6760032176971436, -0.73689866065979, 0.0, 849.81982421875], [0.0, 0.0, 1.0, 0.0], [0.0, 0.0, 0.0, 1.0]], "pose_inverse": [[-0.73689866065979, -0.6760032176971436, 0.0, 1733.9736328125], [0.6760032176971436, -0.73689866065979, 0.0, -437.44403076171875], [0.0, 0.0, 1.0, 0.0], [0.0, 0.0, 0.0, 1.0]], "cam_ids": [0, 1, 2, 3, 4, 5], "cam_channels": ["CAM_FRONT_LEFT", "CAM_FRONT", "CAM_FRONT_RIGHT", "CAM_BACK_LEFT", "CAM_BACK", "CAM_BACK_RIGHT"], "token": "16e1863fa07e494b93f7da754bbca6e7", "scene": "scene-0224"}, {"images": ["samples/CAM_FRONT_LEFT/n008-2018-07-27-12-07-38-0400__CAM_FRONT_LEFT__1532707921104799.jpg", "samples/CAM_FRONT/n008-2018-07-27-12-07-38-0400__CAM_FRONT__1532707921112434.jpg", "samples/CAM_FRONT_RIGHT/n008-2018-07-27-12-07-38-0400__CAM_FRONT_RIGHT__1532707921120482.jpg", "samples/CAM_BACK_LEFT/n008-2018-07-27-12-07-38-0400__CAM_BACK_LEFT__1532707921147405.jpg", "samples/CAM_BACK/n008-2018-07-27-12-07-38-0400__CAM_BACK__1532707921137558.jpg", "samples/CAM_BACK_RIGHT/n008-2018-07-27-12-07-38-0400__CAM_BACK_RIGHT__1532707921128113.jpg"], "intrinsics": [[[1257.8625342125129, 0.0, 827.2410631095686], [0.0, 1257.8625342125129, 450.915498205774], [0.0, 0.0, 1.0]], [[1252.8131021185304, 0.0, 826.588114781398], [0.0, 1252.8131021185304, 469.9846626224581], [0.0, 0.0, 1.0]], [[1256.7485116440405, 0.0, 817.7887570959712], [0.0, 1256.7485116440403, 451.9541780095127], [0.0, 0.0, 1.0]], [[1254.9860565800168, 0.0, 829.5769333630991], [0.0, 1254.9860565800168, 467.1680561863987], [0.0, 0.0, 1.0]], [[796.8910634503094, 0.0, 857.7774326863696], [0.0, 796.8910634503094, 476.8848988407415], [0.0, 0.0, 1.0]], [[1249.9629280788233, 0.0, 825.3768045375984], [0.0, 1249.9629280788233, 462.54816385708756], [0.0, 0.0, 1.0]]], "extrinsics": [[[0.8217905163764954, -0.5696142911911011, -0.014141382649540901, -0.9154052734375], [0.00024582160403952, 0.025173025205731392, -0.9996830821037292, 1.4882936477661133], [0.5697897672653198, 0.8215265870094299, 0.020826974883675575, -1.272705078125], [0.0, 0.0, 0.0, 1.0]], [[0.009157300926744938, -0.999731183052063, -0.021299997344613075, 0.007110595703125], [0.00189746986143291, 0.0213182233273983, -0.9997709393501282, 1.4803133010864258], [0.9999562501907349, 0.009114810265600681, 0.0020921763498336077, -1.6455078125], [0.0, 0.0, 0.0, 1.0]], [[-0.844486653804779, -0.5353661775588989, -0.015012083575129509, 1.0325927734375], [0.009598576463758945, 0.012896358035504818, -0.9998707175254822, 1.4937267303466797], [0.5354905724525452, -0.8445216417312622, -0.0057520512491464615, -1.2398681640625], [0.0, 0.0, 0.0, 1.0]], [[0.9478600025177002, 0.3186168968677521, -0.006693994160741568, -1.1409912109375], [-0.016860878095030785, 0.029162149876356125, -0.9994325041770935, 1.5619926452636719], [-0.31824085116386414, 0.9474349021911621, 0.03301379084587097, -0.1571044921875], [0.0, 0.0, 0.0, 1.0]], [[0.00962140504270792, 0.9997316002845764, 0.021075069904327393, -0.028961181640625], [-0.014370974153280258, 0.021212110295891762, -0.9996716976165771, 1.5676651000976562], [-0.9998504519462585, 0.00931535940617323, 0.014571206644177437, 0.0172119140625], [0.0, 0.0, 0.0, 1.0]], [[-0.9235062003135681, 0.38349345326423645, 0.008301189169287682, 1.11376953125], [-0.009771032258868217, -0.0018848621984943748, -0.9999504685401917, 1.5473194122314453], [-0.38345882296562195, -0.9235416650772095, 0.005487808957695961, -0.0624542236328125], [0.0, 0.0, 0.0, 1.0]]], "view": [[0.0, -2.0, 100.0], [-2.0, 0.0, 100.0], [0.0, 0.0, 1.0]], "bev": "bev_999e53560269473aa61c5c6759190e38.png", "aux": "aux_999e53560269473aa61c5c6759190e38.npz", "visibility": "visibility_999e53560269473aa61c5c6759190e38.png", "pose": [[-0.732213020324707, 0.6810756921768188, 0.0, 1572.6119384765625], [-0.6810756921768188, -0.732213020324707, 0.0, 849.04248046875], [0.0, 0.0, 1.0, 0.0], [0.0, 0.0, 0.0, 1.0]], "pose_inverse": [[-0.732213020324707, -0.6810756921768188, 0.0, 1729.7491455078125], [0.6810756921768188, -0.732213020324707, 0.0, -449.3878173828125], [0.0, 0.0, 1.0, 0.0], [0.0, 0.0, 0.0, 1.0]], "cam_ids": [0, 1, 2, 3, 4, 5], "cam_channels": ["CAM_FRONT_LEFT", "CAM_FRONT", "CAM_FRONT_RIGHT", "CAM_BACK_LEFT", "CAM_BACK", "CAM_BACK_RIGHT"], "token": "999e53560269473aa61c5c6759190e38", "scene": "scene-0224"}, {"images": ["samples/CAM_FRONT_LEFT/n008-2018-07-27-12-07-38-0400__CAM_FRONT_LEFT__1532707921604799.jpg", "samples/CAM_FRONT/n008-2018-07-27-12-07-38-0400__CAM_FRONT__1532707921612404.jpg", "samples/CAM_FRONT_RIGHT/n008-2018-07-27-12-07-38-0400__CAM_FRONT_RIGHT__1532707921620482.jpg", "samples/CAM_BACK_LEFT/n008-2018-07-27-12-07-38-0400__CAM_BACK_LEFT__1532707921647405.jpg", "samples/CAM_BACK/n008-2018-07-27-12-07-38-0400__CAM_BACK__1532707921637558.jpg", "samples/CAM_BACK_RIGHT/n008-2018-07-27-12-07-38-0400__CAM_BACK_RIGHT__1532707921628113.jpg"], "intrinsics": [[[1257.8625342125129, 0.0, 827.2410631095686], [0.0, 1257.8625342125129, 450.915498205774], [0.0, 0.0, 1.0]], [[1252.8131021185304, 0.0, 826.588114781398], [0.0, 1252.8131021185304, 469.9846626224581], [0.0, 0.0, 1.0]], [[1256.7485116440405, 0.0, 817.7887570959712], [0.0, 1256.7485116440403, 451.9541780095127], [0.0, 0.0, 1.0]], [[1254.9860565800168, 0.0, 829.5769333630991], [0.0, 1254.9860565800168, 467.1680561863987], [0.0, 0.0, 1.0]], [[796.8910634503094, 0.0, 857.7774326863696], [0.0, 796.8910634503094, 476.8848988407415], [0.0, 0.0, 1.0]], [[1249.9629280788233, 0.0, 825.3768045375984], [0.0, 1249.9629280788233, 462.54816385708756], [0.0, 0.0, 1.0]]], "extrinsics": [[[0.8221845030784607, -0.5688388347625732, -0.020859109237790108, -0.9261474609375], [-0.0014551981585100293, 0.03454439342021942, -0.9994021058082581, 1.4881229400634766], [0.5692192912101746, 0.821723222732544, 0.027574090287089348, -1.27960205078125], [0.0, 0.0, 0.0, 1.0]], [[0.009720745496451855, -0.9994964599609375, -0.030204445123672485, 0.006805419921875], [0.000550630793441087, 0.03021121770143509, -0.9995433688163757, 1.4801883697509766], [0.9999526143074036, 0.009699615649878979, 0.0008440307574346662, -1.656005859375], [0.0, 0.0, 0.0, 1.0]], [[-0.8442630767822266, -0.5356029272079468, -0.018688514828681946, 1.0394287109375], [0.008626357652246952, 0.02128567174077034, -0.9997361898422241, 1.4935832023620605], [0.5358594059944153, -0.8442016243934631, -0.013350406661629677, -1.2442626953125], [0.0, 0.0, 0.0, 1.0]], [[0.9478392601013184, 0.31871914863586426, -0.004334094002842903, -1.1424560546875], [-0.016596470028162003, 0.03576836362481117, -0.9992222785949707, 1.5620193481445312], [-0.3183162212371826, 0.9471740126609802, 0.03919227421283722, -0.15673828125], [0.0, 0.0, 0.0, 1.0]], [[0.009437293745577335, 0.9995542764663696, 0.02832449972629547, -0.028778076171875], [-0.014511115849018097, 0.02845967374742031, -0.9994896054267883, 1.5677146911621094], [-0.9998501539230347, 0.009021463803946972, 0.014773230068385601, 0.0205078125], [0.0, 0.0, 0.0, 1.0]], [[-0.9236270785331726, 0.3831077814102173, 0.011897740885615349, 1.119384765625], [-0.010386685840785503, 0.006012563593685627, -0.9999279379844666, 1.5473480224609375], [-0.38315168023109436, -0.9236841201782227, -0.0015741471434012055, -0.060272216796875], [0.0, 0.0, 0.0, 1.0]]], "view": [[0.0, -2.0, 100.0], [-2.0, 0.0, 100.0], [0.0, 0.0, 1.0]], "bev": "bev_f174e437b3254325ab6ec7ce5e2a2e7f.png", "aux": "aux_f174e437b3254325ab6ec7ce5e2a2e7f.npz", "visibility": "visibility_f174e437b3254325ab6ec7ce5e2a2e7f.png", "pose": [[-0.7282239198684692, 0.6853392720222473, 0.0, 1571.8197021484375], [-0.6853392720222473, -0.7282239198684692, 0.0, 848.3201293945312], [0.0, 0.0, 1.0, 0.0], [0.0, 0.0, 0.0, 1.0]], "pose_inverse": [[-0.7282239198684692, -0.6853392720222473, 0.0, 1726.0238037109375], [0.6853392720222473, -0.7282239198684692, 0.0, -459.4627380371094], [0.0, 0.0, 1.0, 0.0], [0.0, 0.0, 0.0, 1.0]], "cam_ids": [0, 1, 2, 3, 4, 5], "cam_channels": ["CAM_FRONT_LEFT", "CAM_FRONT", "CAM_FRONT_RIGHT", "CAM_BACK_LEFT", "CAM_BACK", "CAM_BACK_RIGHT"], "token": "f174e437b3254325ab6ec7ce5e2a2e7f", "scene": "scene-0224"}, {"images": ["samples/CAM_FRONT_LEFT/n008-2018-07-27-12-07-38-0400__CAM_FRONT_LEFT__1532707922104799.jpg", "samples/CAM_FRONT/n008-2018-07-27-12-07-38-0400__CAM_FRONT__1532707922112414.jpg", "samples/CAM_FRONT_RIGHT/n008-2018-07-27-12-07-38-0400__CAM_FRONT_RIGHT__1532707922120482.jpg", "samples/CAM_BACK_LEFT/n008-2018-07-27-12-07-38-0400__CAM_BACK_LEFT__1532707922147405.jpg", "samples/CAM_BACK/n008-2018-07-27-12-07-38-0400__CAM_BACK__1532707922137558.jpg", "samples/CAM_BACK_RIGHT/n008-2018-07-27-12-07-38-0400__CAM_BACK_RIGHT__1532707922128113.jpg"], "intrinsics": [[[1257.8625342125129, 0.0, 827.2410631095686], [0.0, 1257.8625342125129, 450.915498205774], [0.0, 0.0, 1.0]], [[1252.8131021185304, 0.0, 826.588114781398], [0.0, 1252.8131021185304, 469.9846626224581], [0.0, 0.0, 1.0]], [[1256.7485116440405, 0.0, 817.7887570959712], [0.0, 1256.7485116440403, 451.9541780095127], [0.0, 0.0, 1.0]], [[1254.9860565800168, 0.0, 829.5769333630991], [0.0, 1254.9860565800168, 467.1680561863987], [0.0, 0.0, 1.0]], [[796.8910634503094, 0.0, 857.7774326863696], [0.0, 796.8910634503094, 476.8848988407415], [0.0, 0.0, 1.0]], [[1249.9629280788233, 0.0, 825.3768045375984], [0.0, 1249.9629280788233, 462.54816385708756], [0.0, 0.0, 1.0]]], "extrinsics": [[[0.8223390579223633, -0.5685887336730957, -0.021575069054961205, -0.9375], [-0.0010342015884816647, 0.036423999816179276, -0.9993358850479126, 1.4881629943847656], [0.5689969062805176, 0.8218151926994324, 0.02936484105885029, -1.2880859375], [0.0, 0.0, 0.0, 1.0]], [[0.009947762824594975, -0.9994266629219055, -0.03236151114106178, 0.007110595703125], [0.0009462758898735046, 0.03237250819802284, -0.9994754791259766, 1.4801912307739258], [0.9999499917030334, 0.009911905974149704, 0.0012677672784775496, -1.6678466796875], [0.0, 0.0, 0.0, 1.0]], [[-0.8441643118858337, -0.5356991291046143, -0.020321344956755638, 1.047607421875], [0.008995321579277515, 0.023747028782963753, -0.9996774792671204, 1.4935150146484375], [0.5360089540481567, -0.8440749645233154, -0.015227612107992172, -1.249267578125], [0.0, 0.0, 0.0, 1.0]], [[0.9478252530097961, 0.31877604126930237, -0.0030468988697975874, -1.1434326171875], [-0.016376443207263947, 0.03914300724864006, -0.9990994334220886, 1.5620346069335938], [-0.31836971640586853, 0.947021484375, 0.04232114553451538, -0.1561279296875], [0.0, 0.0, 0.0, 1.0]], [[0.009350746870040894, 0.9994626641273499, 0.03141482174396515, -0.02899169921875], [-0.014277014881372452, 0.03154643252491951, -0.99940025806427, 1