[{"images": ["samples/CAM_FRONT_LEFT/n015-2018-11-21-19-21-35+0800__CAM_FRONT_LEFT__1542799562354844.jpg", "samples/CAM_FRONT/n015-2018-11-21-19-21-35+0800__CAM_FRONT__1542799562362460.jpg", "samples/CAM_FRONT_RIGHT/n015-2018-11-21-19-21-35+0800__CAM_FRONT_RIGHT__1542799562370339.jpg", "samples/CAM_BACK_LEFT/n015-2018-11-21-19-21-35+0800__CAM_BACK_LEFT__1542799562397423.jpg", "samples/CAM_BACK/n015-2018-11-21-19-21-35+0800__CAM_BACK__1542799562387525.jpg", "samples/CAM_BACK_RIGHT/n015-2018-11-21-19-21-35+0800__CAM_BACK_RIGHT__1542799562377893.jpg"], "intrinsics": [[[1272.5979470598488, 0.0, 826.6154927353808], [0.0, 1272.5979470598488, 479.75165386361925], [0.0, 0.0, 1.0]], [[1266.417203046554, 0.0, 816.2670197447984], [0.0, 1266.417203046554, 491.50706579294757], [0.0, 0.0, 1.0]], [[1260.8474446004698, 0.0, 807.968244525554], [0.0, 1260.8474446004698, 495.3344268742088], [0.0, 0.0, 1.0]], [[1256.7414812095406, 0.0, 792.1125740759628], [0.0, 1256.7414812095406, 492.7757465151356], [0.0, 0.0, 1.0]], [[809.2209905677063, 0.0, 829.2196003259838], [0.0, 809.2209905677063, 481.77842384512485], [0.0, 0.0, 1.0]], [[1259.5137405846733, 0.0, 807.2529053838625], [0.0, 1259.5137405846733, 501.19579884916527], [0.0, 0.0, 1.0]]], "extrinsics": [[[0.8207734823226929, -0.5711281895637512, -0.01197756826877594, -0.677490234375], [-0.019398704171180725, -0.006910732947289944, -0.9997879266738892, 1.5014686584472656], [0.5709244012832642, 0.8208317160606384, -0.01675129309296608, -1.081298828125], [0.0, 0.0, 0.0, 1.0]], [[0.006040174979716539, -0.9999215602874756, 0.010968315415084362, 0.00732421875], [-0.024799136444926262, -0.011114927940070629, -0.9996306896209717, 1.5134048461914062], [0.9996742010116577, 0.0057659270241856575, -0.024864327162504196, -1.40472412109375], [0.0, 0.0, 0.0, 1.0]], [[-0.8327703475952148, -0.5534714460372925, 0.012759546749293804, 0.846435546875], [-0.01927347481250763, 0.005950496532022953, -0.9997965097427368, 1.4993305206298828], [0.5532829761505127, -0.8328468203544617, -0.015622715465724468, -1.124755859375], [0.0, 0.0, 0.0, 1.0]], [[0.9476034045219421, 0.3189268708229065, -0.0182577446103096, -1.140167236328125], [-0.010915439575910568, -0.024794192984700203, -0.9996329545974731, 1.588531494140625], [-0.31926241517066956, 0.9474549293518066, -0.0200138371437788, -0.1044921875], [0.0, 0.0, 0.0, 1.0]], [[0.002119841519743204, 0.9998893141746521, -0.014725997112691402, 0.00244140625], [-0.036214426159858704, -0.014639611355960369, -0.9992368221282959, 1.5763530731201172], [-0.9993418455123901, 0.0026514751370996237, 0.03617938235402107, -0.08111572265625], [0.0, 0.0, 0.0, 1.0]], [[-0.9349139332771301, 0.3548569977283478, 0.0035416868049651384, 0.984619140625], [-0.0034751202911138535, 0.000824910937808454, -0.999993622303009, 1.5508885383605957], [-0.35485753417015076, -0.9349202513694763, 0.00046194822061806917, -0.12109375], [0.0, 0.0, 0.0, 1.0]]], "view": [[0.0, -2.0, 100.0], [-2.0, 0.0, 100.0], [0.0, 0.0, 1.0]], "bev": "bev_21bb21c84c3e43908cd554db2686278f.png", "aux": "aux_21bb21c84c3e43908cd554db2686278f.npz", "visibility": "visibility_21bb21c84c3e43908cd554db2686278f.png", "pose": [[-0.776770293712616, -0.6297839879989624, 0.0, 1414.1849365234375], [0.6297839879989624, -0.776770293712616, 0.0, 2628.34521484375], [0.0, 0.0, 1.0, 0.0], [0.0, 0.0, 0.0, 1.0]], "pose_inverse": [[-0.776770293712616, 0.6297839879989624, 0.0, -556.79296875], [-0.6297839879989624, -0.776770293712616, 0.0, 2932.25146484375], [0.0, 0.0, 1.0, 0.0], [0.0, 0.0, 0.0, 1.0]], "cam_ids": [0, 1, 2, 3, 4, 5], "cam_channels": ["CAM_FRONT_LEFT", "CAM_FRONT", "CAM_FRONT_RIGHT", "CAM_BACK_LEFT", "CAM_BACK", "CAM_BACK_RIGHT"], "token": "21bb21c84c3e43908cd554db2686278f", "scene": "scene-1066"}, {"images": ["samples/CAM_FRONT_LEFT/n015-2018-11-21-19-21-35+0800__CAM_FRONT_LEFT__1542799562854844.jpg", "samples/CAM_FRONT/n015-2018-11-21-19-21-35+0800__CAM_FRONT__1542799562862460.jpg", "samples/CAM_FRONT_RIGHT/n015-2018-11-21-19-21-35+0800__CAM_FRONT_RIGHT__1542799562870373.jpg", "samples/CAM_BACK_LEFT/n015-2018-11-21-19-21-35+0800__CAM_BACK_LEFT__1542799562897423.jpg", "samples/CAM_BACK/n015-2018-11-21-19-21-35+0800__CAM_BACK__1542799562887525.jpg", "samples/CAM_BACK_RIGHT/n015-2018-11-21-19-21-35+0800__CAM_BACK_RIGHT__1542799562877893.jpg"], "intrinsics": [[[1272.5979470598488, 0.0, 826.6154927353808], [0.0, 1272.5979470598488, 479.75165386361925], [0.0, 0.0, 1.0]], [[1266.417203046554, 0.0, 816.2670197447984], [0.0, 1266.417203046554, 491.50706579294757], [0.0, 0.0, 1.0]], [[1260.8474446004698, 0.0, 807.968244525554], [0.0, 1260.8474446004698, 495.3344268742088], [0.0, 0.0, 1.0]], [[1256.7414812095406, 0.0, 792.1125740759628], [0.0, 1256.7414812095406, 492.7757465151356], [0.0, 0.0, 1.0]], [[809.2209905677063, 0.0, 829.2196003259838], [0.0, 809.2209905677063, 481.77842384512485], [0.0, 0.0, 1.0]], [[1259.5137405846733, 0.0, 807.2529053838625], [0.0, 1259.5137405846733, 501.19579884916527], [0.0, 0.0, 1.0]]], "extrinsics": [[[0.8207504153251648, -0.571275532245636, -0.003612281521782279, -0.704345703125], [-0.007617079187184572, -0.0046205073595047, -0.9999603033065796, 1.505854606628418], [0.5712361335754395, 0.8207454085350037, -0.008143733255565166, -1.10205078125], [0.0, 0.0, 0.0, 1.0]], [[0.0056249890476465225, -0.999947726726532, 0.008540099486708641, 0.008544921875], [-0.012995521537959576, -0.008612612262368202, -0.999878466129303, 1.5171775817871094], [0.999899685382843, 0.005513397511094809, -0.013043287210166454, -1.43292236328125], [0.0, 0.0, 0.0, 1.0]], [[-0.8330759406089783, -0.5531567931175232, 0.001423157867975533, 0.8658447265625], [-0.007502100896090269, 0.008725837804377079, -0.9999337196350098, 1.5021343231201172], [0.553107738494873, -0.8330314755439758, -0.011419122107326984, -1.136962890625], [0.0, 0.0, 0.0, 1.0]], [[0.9477534890174866, 0.3189438581466675, -0.006170182954519987, -1.141143798828125], [0.0006310114404186606, -0.021216386929154396, -0.9997746348381042, 1.5885505676269531], [-0.3190028667449951, 0.9475361108779907, -0.020309163257479668, -0.104248046875], [0.0, 0.0, 0.0, 1.0]], [[0.0025006260257214308, 0.9999329447746277, -0.011312637478113174, 0.00244140625], [-0.024592747911810875, -0.011247756890952587, -0.9996342658996582, 1.5775394439697266], [-0.9996944069862366, 0.0027779852971434593, 0.02456296980381012, -0.07220458984375], [0.0, 0.0, 0.0, 1.0]], [[-0.9347454309463501, 0.3552618622779846, -0.006313691381365061, 1.00048828125], [0.008229140192270279, 0.003880857490003109, -0.9999586343765259, 1.5526437759399414], [-0.3552227020263672, -0.9347587823867798, -0.006551115307956934, -0.11474609375], [0.0, 0.0, 0.0, 1.0]]], "view": [[0.0, -2.0, 100.0], [-2.0, 0.0, 100.0], [0.0, 0.0, 1.0]], "bev": "bev_26b9393e37b942d9ad7a8a32adc0a225.png", "aux": "aux_26b9393e37b942d9ad7a8a32adc0a225.npz", "visibility": "visibility_26b9393e37b942d9ad7a8a32adc0a225.png", "pose": [[-0.7738267779350281, -0.6333972811698914, 0.0, 1411.2076416015625], [0.6333972811698914, -0.7738267779350281, 0.0, 2630.80517578125], [0.0, 0.0, 1.0, 0.0], [0.0, 0.0, 0.0, 1.0]], "pose_inverse": [[-0.7738267779350281, 0.6333972811698914, 0.0, -574.3146362304688], [-0.6333972811698914, -0.7738267779350281, 0.0, 2929.642578125], [0.0, 0.0, 1.0, 0.0], [0.0, 0.0, 0.0, 1.0]], "cam_ids": [0, 1, 2, 3, 4, 5], "cam_channels": ["CAM_FRONT_LEFT", "CAM_FRONT", "CAM_FRONT_RIGHT", "CAM_BACK_LEFT", "CAM_BACK", "CAM_BACK_RIGHT"], "token": "26b9393e37b942d9ad7a8a32adc0a225", "scene": "scene-1066"}, {"images": ["samples/CAM_FRONT_LEFT/n015-2018-11-21-19-21-35+0800__CAM_FRONT_LEFT__1542799563354844.jpg", "samples/CAM_FRONT/n015-2018-11-21-19-21-35+0800__CAM_FRONT__1542799563362460.jpg", "samples/CAM_FRONT_RIGHT/n015-2018-11-21-19-21-35+0800__CAM_FRONT_RIGHT__1542799563370339.jpg", "samples/CAM_BACK_LEFT/n015-2018-11-21-19-21-35+0800__CAM_BACK_LEFT__1542799563397423.jpg", "samples/CAM_BACK/n015-2018-11-21-19-21-35+0800__CAM_BACK__1542799563387525.jpg", "samples/CAM_BACK_RIGHT/n015-2018-11-21-19-21-35+0800__CAM_BACK_RIGHT__1542799563377893.jpg"], "intrinsics": [[[1272.5979470598488, 0.0, 826.6154927353808], [0.0, 1272.5979470598488, 479.75165386361925], [0.0, 0.0, 1.0]], [[1266.417203046554, 0.0, 816.2670197447984], [0.0, 1266.417203046554, 491.50706579294757], [0.0, 0.0, 1.0]], [[1260.8474446004698, 0.0, 807.968244525554], [0.0, 1260.8474446004698, 495.3344268742088], [0.0, 0.0, 1.0]], [[1256.7414812095406, 0.0, 792.1125740759628], [0.0, 1256.7414812095406, 492.7757465151356], [0.0, 0.0, 1.0]], [[809.2209905677063, 0.0, 829.2196003259838], [0.0, 809.2209905677063, 481.77842384512485], [0.0, 0.0, 1.0]], [[1259.5137405846733, 0.0, 807.2529053838625], [0.0, 1259.5137405846733, 501.19579884916527], [0.0, 0.0, 1.0]]], "extrinsics": [[[0.8207645416259766, -0.5712623000144958, -0.0022436599247157574, -0.726318359375], [-0.009303263388574123, -0.00943931844085455, -0.9999121427536011, 1.5055885314941406], [0.5711908936500549, 0.8207133412361145, -0.013062060810625553, -1.11767578125], [0.0, 0.0, 0.0, 1.0]], [[0.005786519031971693, -0.9998913407325745, 0.013557427562773228, 0.0087890625], [-0.014473726972937584, -0.013639980927109718, -0.9998022317886353, 1.5171318054199219], [0.999878466129303, 0.005589088890701532, -0.014551081694662571, -1.45513916015625], [0.0, 0.0, 0.0, 1.0]], [[-0.8329290747642517, -0.5533539056777954, 0.005350878927856684, 0.8802490234375], [-0.00872196163982153, 0.0034591464791446924, -0.999955952167511, 1.502039909362793], [0.5533109903335571, -0.832939088344574, -0.007707554381340742, -1.145751953125], [0.0, 0.0, 0.0, 1.0]], [[0.9477489590644836, 0.3189062476158142, -0.008417843841016293, -1.141876220703125], [0.00029747351072728634, -0.027270227670669556, -0.9996280074119568, 1.58856201171875], [-0.31901711225509644, 0.9473938941955566, -0.025940194725990295, -0.10400390625], [0.0, 0.0, 0.0, 1.0]], [[0.0023414765018969774, 0.9998499751091003, -0.017166277393698692, 0.002197265625], [-0.02522565983235836, -0.017101803794503212, -0.9995355010032654, 1.5776748657226562], [-0.9996790289878845, 0.0027734441682696342, 0.025181828066706657, -0.065185546875], [0.0, 0.0, 0.0, 1.0]], [[-0.9348599314689636, 0.35493987798690796, -0.007383312564343214, 1.0120849609375], [0.007277885917574167, -0.0016321229049935937, -0.9999721646308899, 1.5524139404296875], [-0.35494205355644226, -0.9348877668380737, -0.0010574044426903129, -0.109619140625], [0.0, 0.0, 0.0, 1.0]]], "view": [[0.0, -2.0, 100.0], [-2.0, 0.0, 100.0], [0.0, 0.0, 1.0]], "bev": "bev_3254a488120c40ea83c267121b188991.png", "aux": "aux_3254a488120c40ea83c267121b188991.npz", "visibility": "visibility_3254a488120c40ea83c267121b188991.png", "pose": [[-0.7742514610290527, -0.6328781247138977, 0.0, 1408.50390625], [0.6328781247138977, -0.7742514610290527, 0.0, 2633.05322265625], [0.0, 0.0, 1.0, 0.0], [0.0, 0.0, 0.0, 1.0]], "pose_inverse": [[-0.7742514610290527, 0.6328781247138977, 0.0, -575.8656005859375], [-0.6328781247138977, -0.7742514610290527, 0.0, 2930.056640625], [0.0, 0.0, 1.0, 0.0], [0.0, 0.0, 0.0, 1.0]], "cam_ids": [0, 1, 2, 3, 4, 5], "cam_channels": ["CAM_FRONT_LEFT", "CAM_FRONT", "CAM_FRONT_RIGHT", "CAM_BACK_LEFT", "CAM_BACK", "CAM_BACK_RIGHT"], "token": "3254a488120c40ea83c267121b188991", "scene": "scene-1066"}, {"images": ["samples/CAM_FRONT_LEFT/n015-2018-11-21-19-21-35+0800__CAM_FRONT_LEFT__1542799563854844.jpg", "samples/CAM_FRONT/n015-2018-11-21-19-21-35+0800__CAM_FRONT__1542799563862460.jpg", "samples/CAM_FRONT_RIGHT/n015-2018-11-21-19-21-35+0800__CAM_FRONT_RIGHT__1542799563870339.jpg", "samples/CAM_BACK_LEFT/n015-2018-11-21-19-21-35+0800__CAM_BACK_LEFT__1542799563897423.jpg", "samples/CAM_BACK/n015-2018-11-21-19-21-35+0800__CAM_BACK__1542799563887525.jpg", "samples/CAM_BACK_RIGHT/n015-2018-11-21-19-21-35+0800__CAM_BACK_RIGHT__1542799563878008.jpg"], "intrinsics": [[[1272.5979470598488, 0.0, 826.6154927353808], [0.0, 1272.5979470598488, 479.75165386361925], [0.0, 0.0, 1.0]], [[1266.417203046554, 0.0, 816.2670197447984], [0.0, 1266.417203046554, 491.50706579294757], [0.0, 0.0, 1.0]], [[1260.8474446004698, 0.0, 807.968244525554], [0.0, 1260.8474446004698, 495.3344268742088], [0.0, 0.0, 1.0]], [[1256.7414812095406, 0.0, 792.1125740759628], [0.0, 1256.7414812095406, 492.7757465151356], [0.0, 0.0, 1.0]], [[809.2209905677063, 0.0, 829.2196003259838], [0.0, 809.2209905677063, 481.77842384512485], [0.0, 0.0, 1.0]], [[1259.5137405846733, 0.0, 807.2529053838625], [0.0, 1259.5137405846733, 501.19579884916527], [0.0, 0.0, 1.0]]], "extrinsics": [[[0.8207345008850098, -0.5712978839874268, -0.0036972020752727985, -0.74951171875], [-0.012971321120858192, -0.012164220213890076, -0.9998418688774109, 1.504903793334961], [0.5711625814437866, 0.8206526637077332, -0.017394082620739937, -1.13427734375], [0.0, 0.0, 0.0, 1.0]], [[0.005792235489934683, -0.9998511672019958, 0.016253534704446793, 0.009033203125], [-0.01832486316561699, -0.016357209533452988, -0.999698281288147, 1.5166473388671875], [0.9998152852058411, 0.0054926518350839615, -0.018416877835989, -1.47833251953125], [0.0, 0.0, 0.0, 1.0]], [[-0.8329338431358337, -0.553277850151062, 0.010243421420454979, 0.89501953125], [-0.012764021754264832, 0.0007030862616375089, -0.9999182820320129, 1.5015192031860352], [0.5532253980636597, -0.8329965472221375, -0.007647674065083265, -1.155029296875], [0.0, 0.0, 0.0, 1.0]], [[0.9477087259292603, 0.31884413957595825, -0.013660749420523643, -1.139190673828125], [-0.004249812103807926, -0.03019285574555397, -0.9995350241661072, 1.5885467529296875], [-0.3191083073616028, 0.9473261833190918, -0.02725900523364544, -0.10498046875], [0.0, 0.0, 0.0, 1.0]], [[0.002308044582605362, 0.9997959733009338, -0.02006952278316021, 0.002197265625], [-0.029628388583660126, -0.019992398098111153, -0.9993610978126526, 1.5775222778320312], [-0.9995583891868591, 0.0029011480510234833, 0.029576197266578674, -0.060546875], [0.0, 0.0, 0.0, 1.0]], [[-0.934859573841095, 0.3549899160861969, -0.004447461571544409, 1.0234375], [0.0030605981592088938, -0.004468204919248819, -0.9999853372573853, 1.551823616027832], [-0.35500457882881165, -0.9348595142364502, 0.0030906617175787687, -0.104736328125], [0.0, 0.0, 0.0, 1.0]]], "view": [[0.0, -2.0, 100.0], [-2.0, 0.0, 100.0], [0.0, 0.0, 1.0]], "bev": "bev_f13ad971e0d74e6bbb41ce7cc2aa5f0e.png", "aux": "aux_f13ad971e0d74e6bbb41ce7cc2aa5f0e.npz", "visibility": "visibility_f13ad971e0d74e6bbb41ce7cc2aa5f0e.png", "pose": [[-0.7748156785964966, -0.6321872472763062, 0.0, 1406.097900390625], [0.6321872472763062, -0.7748156785964966, 0.0, 2635.044677734375], [0.0, 0.0, 1.0, 0.0], [0.0, 0.0, 0.0, 1.0]], "pose_inverse": [[-0.7748156785964966, 0.6321872472763062, 0.0, -576.3748779296875], [-0.6321872472763062, -0.7748156785964966, 0.0, 2930.591064453125], [0.0, 0.0, 1.0, 0.0], [0.0, 0.0, 0.0, 1.0]], "cam_ids": [0, 1, 2, 3, 4, 5], "cam_channels": ["CAM_FRONT_LEFT", "CAM_FRONT", "CAM_FRONT_RIGHT", "CAM_BACK_LEFT", "CAM_BACK", "CAM_BACK_RIGHT"], "token": "f13ad971e0d74e6bbb41ce7cc2aa5f0e", "scene": "scene-1066"}, {"images": ["samples/CAM_FRONT_LEFT/n015-2018-11-21-19-21-35+0800__CAM_FRONT_LEFT__1542799564354844.jpg", "samples/CAM_FRONT/n015-2018-11-21-19-21-35+0800__CAM_FRONT__1542799564362461.jpg", "samples/CAM_FRONT_RIGHT/n015-2018-11-21-19-21-35+0800__CAM_FRONT_RIGHT__1542799564370339.jpg", "samples/CAM_BACK_LEFT/n015-2018-11-21-19-21-35+0800__CAM_BACK_LEFT__1542799564397423.jpg", "samples/CAM_BACK/n015-2018-11-21-19-21-35+0800__CAM_BACK__1542799564387525.jpg", "samples/CAM_BACK_RIGHT/n015-2018-11-21-19-21-35+0800__CAM_BACK_RIGHT__1542799564377911.jpg"], "intrinsics": [[[1272.5979470598488, 0.0, 826.6154927353808], [0.0, 1272.5979470598488, 479.75165386361925], [0.0, 0.0, 1.0]], [[1266.417203046554, 0.0, 816.2670197447984], [0.0, 1266.417203046554, 491.50706579294757], [0.0, 0.0, 1.0]], [[1260.8474446004698, 0.0, 807.968244525554], [0.0, 1260.8474446004698, 495.3344268742088], [0.0, 0.0, 1.0]], [[1256.7414812095406, 0.0, 792.1125740759628], [0.0, 1256.7414812095406, 492.7757465151356], [0.0, 0.0, 1.0]], [[809.2209905677063, 0.0, 829.2196003259838], [0.0, 809.2209905677063, 481.77842384512485], [0.0, 0.0, 1.0]], [[1259.5137405846733, 0.0, 807.2529053838625], [0.0, 1259.5137405846733, 501.19579884916527], [0.0, 0.0, 1.0]]], "extrinsics": [[[0.8209827542304993, -0.5709357261657715, -0.004437850788235664, -0.779052734375], [-0.009562617167830467, -0.00597821269184351, -0.9999364018440247, 1.5061044692993164], [0.5708727836608887, 0.8209730386734009, -0.010367649607360363, -1.153076171875], [0.0, 0.0, 0.0, 1.0]], [[0.006104492116719484, -0.9999303817749023, 0.010088272392749786, 0.00732421875], [-0.014981617219746113, -0.010178780183196068, -0.9998359680175781, 1.5177631378173828], [0.999869167804718, 0.005952371284365654, -0.015042710117995739, -1.50665283203125], [0.0, 0.0, 0.0, 1.0]], [[-0.8327937722206116, -0.5535681843757629, 0.004083582200109959, 0.912353515625], [-0.00947669055312872, 0.006880501750856638, -0.9999313950538635, 1.5022697448730469], [0.5535021424293518, -0.8327754139900208, -0.010976034216582775, -1.167724609375], [0.0, 0.0, 0.0, 1.0]], [[0.9477376937866211, 0.3189329206943512, -0.008658386766910553, -1.1378173828125], [-0.0010409918613731861, -0.024046722799539566, -0.9997102618217468, 1.5885543823242188], [-0.3190487325191498, 0.9474722146987915, -0.02245797961950302, -0.10546875], [0.0, 0.0, 0.0, 1.0]], [[0.0022300719283521175, 0.9999008178710938, -0.01390798669308424, 0.00244140625], [-0.026395784690976143, -0.013844314962625504, -0.9995557069778442, 1.5778884887695312], [-0.9996491074562073, 0.0025961855426430702, 0.026362290605902672, -0.05401611328125], [0.0, 0.0, 0.0, 1.0]], [[-0.9349266886711121, 0.3548014163970947, -0.005305986385792494, 1.0369873046875], [0.006322345696389675, 0.001705337781459093, -0.9999785423278809, 1.5521180629730225], [-0.3547847270965576, -0.9349401593208313, -0.0038375440053641796, -0.100341796875], [0.0, 0.0, 0.0, 1.0]]], "view": [[0.0, -2.0, 100.0], [-2.0, 0.0, 100.0], [0.0, 0.0, 1.0]], "bev": "bev_d15d80fd4f7b4a0b99f3c63cc13768db.png", "aux": "aux_d15d80fd4f7b4a0b99f3c63cc13768db.npz", "visibility": "visibility_d15d80fd4f7b4a0b99f3c63cc13768db.png", "pose": [[-0.774524450302124, -0.6325439810752869, 0.0, 1403.96826171875], [0.6325439810752869, -0.774524450302124, 0.0, 2636.8076171875], [0.0, 0.0, 1.0, 0.0], [0.0, 0.0, 0.0, 1.0]], "pose_inverse": [[-0.774524450302124, 0.6325439810752869, 0.0, -580.4891357421875], [-0.6325439810752869, -0.774524450302124, 0.0, 2930.343505859375], [0.0, 0.0, 1.0, 0.0], [0.0, 0.0, 0.0, 1.0]], "cam_ids": [0, 1, 2, 3, 4, 5], "cam_channels": ["CAM_FRONT_LEFT", "CAM_FRONT", "CAM_FRONT_RIGHT", "CAM_BACK_LEFT", "CAM_BACK", "CAM_BACK_RIGHT"], "token": "d15d80fd4f7b4a0b99f3c63cc13768db", "scene": "scene-1066"}, {"images": ["samples/CAM_FRONT_LEFT/n015-2018-11-21-19-21-35+0800__CAM_FRONT_LEFT__1542799564904844.jpg", "samples/CAM_FRONT/n015-2018-11-21-19-21-35+0800__CAM_FRONT__1542799564912460.jpg", "samples/CAM_FRONT_RIGHT/n015-2018-11-21-19-21-35+0800__CAM_FRONT_RIGHT__1542799564920339.jpg", "samples/CAM_BACK_LEFT/n015-2018-11-21-19-21-35+0800__CAM_BACK_LEFT__1542799564947423.jpg", "samples/CAM_BACK/n015-2018-11-21-19-21-35+0800__CAM_BACK__1542799564937525.jpg", "samples/CAM_BACK_RIGHT/n015-2018-11-21-19-21-35+0800__CAM_BACK_RIGHT__1542799564927893.jpg"], "intrinsics": [[[1272.5979470598488, 0.0, 826.6154927353808], [0.0, 1272.5979470598488, 479.75165386361925], [0.0, 0.0, 1.0]], [[1266.417203046554, 0.0, 816.2670197447984], [0.0, 1266.417203046554, 491.50706579294757], [0.0, 0.0, 1.0]], [[1260.8474446004698, 0.0, 807.968244525554], [0.0, 1260.8474446004698, 495.3344268742088], [0.0, 0.0, 1.0]], [[1256.7414812095406, 0.0, 792.1125740759628], [0.0, 1256.7414812095406, 492.7757465151356], [0.0, 0.0, 1.0]], [[809.2209905677063, 0.0, 829.2196003259838], [0.0, 809.2209905677063, 481.77842384512485], [0.0, 0.0, 1.0]], [[1259.5137405846733, 0.0, 807.2529053838625], [0.0, 1259.5137405846733, 501.19579884916527], [0.0, 0.0, 1.0]]], "extrinsics": [[[0.8206278085708618, -0.5709452033042908, 0.024320662021636963, -0.781982421875], [0.026479234918951988, -0.004522828850895166, -0.999639093875885, 1.5141410827636719], [0.5708491206169128, 0.820975661277771, 0.011406634002923965, -1.154541015625], [0.0, 0.0, 0.0, 1.0]], [[0.005833249539136887, -0.9999457597732544, 0.00861932523548603, 0.00732421875], [0.02211897075176239, -0.008488340303301811, -0.9997193217277527, 1.5245933532714844], [0.999738335609436, 0.006022191606462002, 0.02206825651228428, -1.50909423828125], [0.0, 0.0, 0.0, 1.0]], [[-0.8322369456291199, -0.5536723732948303, -0.028786802664399147, 0.914306640625], [0.0287020280957222, 0.008826404809951782, -0.9995489716529846, 1.5077276229858398], [0.5536767244338989, -0.8326877951622009, 0.008545859716832638, -1.168701171875], [0.0, 0.0, 0.0, 1.0]], [[0.9472019076347351, 0.3191160261631012, 0.031201420351862907, -1.141632080078125], [0.04005445912480354, -0.021215807646512985, -0.9989722371101379, 1.5885848999023438], [-0.31812605261802673, 0.947478175163269, -0.03287767246365547, -0.10400390625], [0.0, 0.0, 0.0, 1.0]], [[0.002429584739729762, 0.9999335408210754, -0.011276688426733017, 0.002197265625], [0.013761769980192184, -0.011309086345136166, -0.9998413920402527, 1.5801010131835938], [-0.9999023675918579, 0.0022739802952855825, -0.013788329437375069, -0.05181884765625], [0.0, 0.0, 0.0, 1.0]], [[-0.9341033697128296, 0.3546338379383087, -0.04105819761753082, 1.0390625], [0.0453956238925457, 0.0039157141000032425, -0.9989613890647888, 1.55615234375], [-0.35410475730895996, -0.9349970817565918, -0.019756507128477097, -0.099609375], [0.0, 0.0, 0.0, 1.0]]], "view": [[0.0, -2.0, 100.0], [-2.0, 0.0, 100.0], [0.0, 0.0, 1.0]], "bev": "bev_fc6ff393834243af95604b50850c6304.png", "aux": "aux_fc6ff393834243af95604b50850c6304.npz", "visibility": "visibility_fc6ff393834243af95604b50850c6304.png", "pose": [[-0.7727612257003784, -0.6346968412399292, 0.0, 1401.7325439453125], [0.6346968412399292, -0.7727612257003784, 0.0, 2638.66455078125], [0.0, 0.0, 1.0, 0.0], [0.0, 0.0, 0.0, 1.0]], "pose_inverse": [[-0.7727612257003784, 0.6346968412399292, 0.0, -591.5475463867188], [-0.6346968412399292, -0.7727612257003784, 0.0, 2928.73291015625], [0.0, 0.0, 1.0, 0.0], [0.0, 0.0, 0.0, 1.0]], "cam_ids": [0, 1, 2, 3, 4, 5], "cam_channels": ["CAM_FRONT_LEFT", "CAM_FRONT", "CAM_FRONT_RIGHT", "CAM_BACK_LEFT", "CAM_BACK", "CAM_BACK_RIGHT"], "token": "fc6ff393834243af95604b50850c6304", "scene": "scene-1066"}, {"images": ["samples/CAM_FRONT_LEFT/n015-2018-11-21-19-21-35+0800__CAM_FRONT_LEFT__1542799565404844.jpg", "samples/CAM_FRONT/n015-2018-11-21-19-21-35+0800__CAM_FRONT__1542799565412460.jpg", "samples/CAM_FRONT_RIGHT/n015-2018-11-21-19-21-35+0800__CAM_FRONT_RIGHT__1542799565420339.jpg", "samples/CAM_BACK_LEFT/n015-2018-11-21-19-21-35+0800__CAM_BACK_LEFT__1542799565447423.jpg", "samples/CAM_BACK/n015-2018-11-21-19-21-35+0800__CAM_BACK__1542799565437525.jpg", "samples/CAM_BACK_RIGHT/n015-2018-11-21-19-21-35+0800__CAM_BACK_RIGHT__1542799565427893.jpg"], "intrinsics": [[[1272.5979470598488, 0.0, 826.6154927353808], [0.0, 1272.5979470598488, 479.75165386361925], [0.0, 0.0, 1.0]], [[1266.417203046554, 0.0, 816.2670197447984], [0.0, 1266.417203046554, 491.50706579294757], [0.0, 0.0, 1.0]], [[1260.8474446004698, 0.0, 807.968244525554], [0.0, 1260.8474446004698, 495.3344268742088], [0.0, 0.0, 1.0]], [[1256.7414812095406, 0.0, 792.1125740759628], [0.0, 1256.7414812095406, 492.7757465151356], [0.0, 0.0, 1.0]], [[809.2209905677063, 0.0, 829.2196003259838], [0.0, 809.2209905677063, 481.77842384512485], [0.0, 0.0, 1.0]], [[1259.5137405846733, 0.0, 807.2529053838625], [0.0, 1259.5137405846733, 501.19579884916527], [0.0, 0.0, 1.0]]], "extrinsics": [[[0.8205291032791138, -0.5713038444519043, -0.01854783669114113, -0.779052734375], [-0.026847336441278458, -0.006105705630034208, -0.9996209144592285, 1.5021860599517822], [0.5709739923477173, 0.8207159638404846, -0.020347893238067627, -1.151611328125], [0.0, 0.0, 0.0, 1.0]], [[0.005955788306891918, -0.9999309182167053, 0.010128668509423733, 0.007080078125], [-0.03353026509284973, -0.010322848334908485, -0.9993844032287598, 1.5143003463745117], [0.9994199275970459, 0.005612588953226805, -0.033589430153369904, -1.5064697265625], [0.0, 0.0, 0.0, 1.0]], [[-0.8326773047447205, -0.5533707141876221, 0.02072267234325409, 0.9122314453125], [-0.029346220195293427, 0.006727233529090881, -0.9995466470718384, 1.4993934631347656], [0.5529804229736328, -0.832908034324646, -0.021840950474143028, -1.168212890625], [0.0, 0.0, 0.0, 1.0]], [[0.9472501873970032, 0.3189818859100342, -0.031107472255825996, -1.13970947265625], [-0.024641485884785652, -0.024287261068820953, -0.9994012713432312, 1.5884933471679688], [-0.3195464611053467, 0.9474495053291321, -0.01514592207968235, -0.104248046875], [0.0, 0.0, 0.0, 1.0]], [[0.00195092533249408, 0.9998982548713684, -0.01413311529904604, 0.002685546875], [-0.04866184666752815, -0.014021474868059158, -0.9987168908119202, 1.5767240524291992], [-0.9988134503364563, 0.0026361665222793818, 0.04862954095005989, -0.05242919921875], [0.0, 0.0, 0.0, 1.0]], [[-0.9347822666168213, 0.35493704676628113, 0.014206109568476677, 1.0379638671875], [-0.014607539400458336, 0.0015487500932067633, -0.9998921155929565, 1.5499191284179688], [-0.35492077469825745, -0.9348889589309692, 0.0037370091304183006, -0.1005859375], [0.0, 0.0, 0.0, 1.0]]], "view": [[0.0, -2.0, 100.0], [-2.0, 0.0, 100.0], [0.0, 0.0, 1.0]], "bev": "bev_79406e8b19fd4b1590c1817d6a4508d8.png", "aux": "aux_79406e8b19fd4b1590c1817d6a4508d8.npz", "visibility": "visibility_79406e8b19fd4b1590c1817d6a4508d8.png", "pose": [[-0.7706326842308044, -0.6372796297073364, 0.0, 1399.798095703125], [0.6372796297073364, -0.7706326842308044, 0.0, 2640.280517578125], [0.0, 0.0, 1.0, 0.0], [0.0, 0.0, 0.0, 1.0]], "pose_inverse": [[-0.7706326842308044, 0.6372796297073364, 0.0, -603.8668212890625], [-0.6372796297073364, -0.7706326842308044, 0.0, 2926.749267578125], [0.0, 0.0, 1.0, 0.0], [0.0, 0.0, 0.0, 1.0]], "cam_ids": [0, 1, 2, 3, 4, 5], "cam_channels": ["CAM_FRONT_LEFT", "CAM_FRONT", "CAM_FRONT_RIGHT", "CAM_BACK_LEFT", "CAM_BACK", "CAM_BACK_RIGHT"], "token": "79406e8b19fd4b1590c1817d6a4508d8", "scene": "scene-1066"}, {"images": ["samples/CAM_FRONT_LEFT/n015-2018-11-21-19-21-35+0800__CAM_FRONT_LEFT__1542799565904844.jpg", "samples/CAM_FRONT/n015-2018-11-21-19-21-35+0800__CAM_FRONT__1542799565912460.jpg", "samples/CAM_FRONT_RIGHT/n015-2018-11-21-19-21-35+0800__CAM_FRONT_RIGHT__1542799565920349.jpg", "samples/CAM_BACK_LEFT/n015-2018-11-21-19-21-35+0800__CAM_BACK_LEFT__1542799565947423.jpg", "samples/CAM_BACK/n015-2018-11-21-19-21-35+0800__CAM_BACK__1542799565938948.jpg", "samples/CAM_BACK_RIGHT/n015-2018-11-21-19-21-35+0800__CAM_BACK_RIGHT__1542799565927893.jpg"], "intrinsics": [[[1272.5979470598488, 0.0, 826.6154927353808], [0.0, 1272.5979470598488, 479.75165386361925], [0.0, 0.0, 1.0]], [[1266.417203046554, 0.0, 816.2670197447984], [0.0, 1266.417203046554, 491.50706579294757], [0.0, 0.0, 1.0]], [[1260.8474446004698, 0.0, 807.968244525554], [0.0, 1260.8474446004698, 495.3344268742088], [0.0, 0.0, 1.0]], [[1256.7414812095406, 0.0, 792.1125740759628], [0.0, 1256.7414812095406, 492.7757465151356], [0.0, 0.0, 1.0]], [[809.2209905677063, 0.0, 829.2196003259838], [0.0, 809.2209905677063, 481.77842384512485], [0.0, 0.0, 1.0]], [[1259.5137405846733, 0.0, 807.2529053838625], [0.0, 1259.5137405846733, 501.19579884916527], [0.0, 0.0, 1.0]]], "extrinsics": [[[0.8209835886955261, -0.5708123445510864, 0.012617843225598335, -0.753662109375], [0.007847444154322147, -0.010816328227519989, -0.9999107122421265, 1.5102767944335938], [0.5708978772163391, 0.8210092782974243, -0.004400609992444515, -1.13525390625], [0.0, 0.0, 0.0, 1.0]], [[0.005989671219140291, -0.9998663663864136, 0.015214270912110806, 0.0078125], [0.0036628330126404762, -0.015192506834864616, -0.9998778700828552, 1.521331787109375], [0.999975323677063, 0.0060446858406066895, 0.0035713454708456993, -1.4814453125], [0.0, 0.0, 0.0, 1.0]], [[-0.8326702117919922, -0.5536854267120361, -0.009627079591155052, 0.8963623046875], [0.010432947427034378, 0.0016965182730928063, -0.9999441504478455, 1.5053584575653076], [0.5536708831787109, -0.8327242136001587, 0.0043639312498271465, -1.15673828125], [0.0, 0.0, 0.0, 1.0]], [[0.9476668238639832, 0.3190425634384155, 0.011808235198259354, -1.141876220703125], [0.02246101386845112, -0.02973121777176857, -0.9993055462837219, 1.58856201171875], [-0.31846997141838074, 0.9472739696502686, -0.03534131124615669, -0.103759765625], [0.0, 0.0, 0.0, 1.0]], [[0.002487737452611327, 0.999809741973877, -0.01935049705207348, 0.00244140625], [-0.003918417263776064, -0.01934066228568554, -0.9998052716255188, 1.5791587829589844], [-0.9999892711639404, 0.0025630963500589132, 0.0038695577532052994, -0.05035400390625], [0.0, 0.0, 0.0, 1.0]], [[-0.9346365332603455, 0.3545933961868286, -0.02679860033094883, 1.0250244140625], [0.027294762432575226, -0.00360345677472651, -0.9996209740638733, 1.5546894073486328], [-0.35455557703971863, -0.9350137114524841, -0.006310620345175266, -0.10498046875], [0.0, 0.0, 0.0, 1.0]]], "view": [[0.0, -2.0, 100.0], [-2.0, 0.0, 100.0], [0.0, 0.0, 1.0]], "bev": "bev_f38b2f1a03b442318bf2eb0e60eea0b5.png", "aux": "aux_f38b2f1a03b442318bf2eb0e60eea0b5.npz", "visibility": "visibility_f38b2f1a03b442318bf2eb0e60eea0b5.png", "pose": [[-0.7690350413322449, -0.6392066478729248, 0.0, 1397.647216796875], [0.6392066478729248, -0.7690350413322449, 0.0, 2642.086181640625], [0.0, 0.0, 1.0, 0.0], [0.0, 0.0, 0.0, 1.0]], "pose_inverse": [[-0.7690350413322449, 0.6392066478729248, 0.0, -613.9993896484375], [-0.6392066478729248, -0.7690350413322449, 0.0, 2925.2421875], [0.0, 0.0, 1.0, 0.0], [0.0, 0.0, 0.0, 1.0]], "cam_ids": [0, 1, 2, 3, 4, 5], "cam_channels": ["CAM_FRONT_LEFT", "CAM_FRONT", "CAM_FRONT_RIGHT", "CAM_BACK_LEFT", "CAM_BACK", "CAM_BACK_RIGHT"], "token": "f38b2f1a03b442318bf2eb0e60eea0b5", "scene": "scene-1066"}, {"images": ["samples/CAM_FRONT_LEFT/n015-2018-11-21-19-21-35+0800__CAM_FRONT_LEFT__1542799566404844.jpg", "samples/CAM_FRONT/n015-2018-11-21-19-21-35+0800__CAM_FRONT__1542799566412460.jpg", "samples/CAM_FRONT_RIGHT/n015-2018-11-21-19-21-35+0800__CAM_FRONT_RIGHT__1542799566420361.jpg", "samples/CAM_BACK_LEFT/n015-2018-11-21-19-21-35+0800__CAM_BACK_LEFT__1542799566447423.jpg", "samples/CAM_BACK/n015-2018-11-21-19-21-35+0800__CAM_BACK__1542799566437525.jpg", "samples/CAM_BACK_RIGHT/n015-2018-11-21-19-21-35+0800__CAM_BACK_RIGHT__1542799566427893.jpg"], "intrinsics": [[[1272.5979470598488, 0.0, 826.6154927353808], [0.0, 1272.5979470598488, 479.75165386361925], [0.0, 0.0, 1.0]], [[1266.417203046554, 0.0, 816.2670197447984], [0.0, 1266.417203046554, 491.50706579294757], [0.0, 0.0, 1.0]], [[1260.8474446004698, 0.0, 807.968244525554], [0.0, 1260.8474446004698, 495.3344268742088], [0.0, 0.0, 1.0]], [[1256.7414812095406, 0.0, 792.1125740759628], [0.0, 1256.7414812095406, 492.7757465151356], [0.0, 0.0, 1.0]], [[809.2209905677063, 0.0, 829.2196003259838], [0.0, 809.2209905677063, 481.77842384512485], [0.0, 0.0, 1.0]], [[1259.5137405846733, 0.0, 807.2529053838625], [0.0, 1259.5137405846733, 501.19579884916527], [0.0, 0.0, 1.0]]], "extrinsics": [[[0.820744514465332, -0.5712049603462219, 0.010167150758206844, -0.731689453125], [0.0031513068825006485, -0.013269822113215923, -0.9999070167541504, 1.5091705322265625], [0.5712867379188538, 0.8207001686096191, -0.009091091342270374, -1.1209716796875], [0.0, 0.0, 0.0, 1.0]], [[0.005641490686684847, -0.9998362064361572, 0.017196664586663246, 0.00830078125], [-0.0019954207818955183, -0.01720815896987915, -0.9998499155044556, 1.5201034545898438], [0.9999821186065674, 0.0056062848307192326, -0.0020921730902045965, -1.46026611328125], [0.0, 0.0, 0.0, 1.0]], [[-0.8329176306724548, -0.5533875823020935, -0.0032250790391117334, 0.8834228515625], [0.0037859096191823483, 0.00012957652506884187, -0.9999927878379822, 1.5043240785598755], [0.553384006023407, -0.8329238891601562, 0.001987150404602289, -1.147705078125], [0.0, 0.0, 0.0, 1.0]], [[0.9477737545967102, 0.318931519985199, 0.0027303367387503386, -1.142364501953125], [0.012980329804122448, -0.030017537996172905, -0.9994650483131409, 1.58856201171875], [-0.31867900490760803, 0.9473022818565369, -0.03258967399597168, -0.10400390625], [0.0, 0.0, 0.0, 1.0]], [[0.0025192301254719496, 0.999794602394104, -0.02011304721236229, 0.002197265625], [-0.01260938961058855, -0.020079754292964935, -0.9997189044952393, 1.5785369873046875], [-0.9999173879623413, 0.0027721435762941837, 0.01255621388554573, -0.0645751953125], [0.0, 0.0, 0.0, 1.0]], [[-0.9347037076950073, 0.3548511862754822, -0.020239010453224182, 1.0140380859375], [0.019829021766781807, -0.004792261403053999, -0.9997919201850891, 1.5540409088134766], [-0.35487431287765503, -0.9349105358123779, -0.0025570092257112265, -0.109130859375], [0.0, 0.0, 0.0, 1.0]]], "view": [[0.0, -2.0, 100.0], [-2.0, 0.0, 100.0], [0.0, 0.0, 1.0]], "bev": "bev_c13f03c36a0247f98f499cb7378a6f6c.png", "aux": "aux_c13f03c36a0247f98f499cb7378a6f6c.npz", "visibility": "visibility_c13f03c36a0247f98f499cb7378a6f6c.png", "pose": [[-0.7675082087516785, -0.6410391330718994, 0.0, 1395.1859130859375], [0.6410391330718994, -0.7675082087516785, 0.0, 2644.165283203125], [0.0, 0.0, 1.0, 0.0], [0.0, 0.0, 0.0, 1.0]], "pose_inverse": [[-0.7675082087516785, 0.6410391330718994, 0.0, -624.1967163085938], [-0.6410391330718994, -0.7675082087516785, 0.0, 2923.787353515625], [0.0, 0.0, 1.0, 0.0], [0.0, 0.0, 0.0, 1.0]], "cam_ids": [0, 1, 2, 3, 4, 5], "cam_channels": ["CAM_FRONT_LEFT", "CAM_FRONT", "CAM_FRONT_RIGHT", "CAM_BACK_LEFT", "CAM_BACK", "CAM_BACK_RIGHT"], "token": "c13f03c36a0247f98f499cb7378a6f6c", "scene": "scene-1066"}, {"images": ["samples/CAM_FRONT_LEFT/n015-2018-11-21-19-21-35+0800__CAM_FRONT_LEFT__1542799566904844.jpg", "samples/CAM_FRONT/n015-2018-11-21-19-21-35+0800__CAM_FRONT__1542799566912469.jpg", "samples/CAM_FRONT_RIGHT/n015-2018-11-21-19-21-35+0800__CAM_FRONT_RIGHT__1542799566920339.jpg", "samples/CAM_BACK_LEFT/n015-2018-11-21-19-21-35+0800__CAM_BACK_LEFT__1542799566947423.jpg", "samples/CAM_BACK/n015-2018-11-21-19-21-35+0800__CAM_BACK__1542799566937525.jpg", "samples/CAM_BACK_RIGHT/n015-2018-11-21-19-21-35+0800__CAM_BACK_RIGHT__1542799566927893.jpg"], "intrinsics": [[[1272.5979470598488, 0.0, 826.6154927353808], [0.0, 1272.5979470598488, 479.75165386361925], [0.0, 0.0, 1.0]], [[1266.417203046554, 0.0, 816.2670197447984], [0.0, 1266.417203046554, 491.50706579294757], [0.0, 0.0, 1.0]], [[1260.8474446004698, 0.0, 807.968244525554], [0.0, 1260.8474446004698, 495.3344268742088], [0.0, 0.0, 1.0]], [[1256.7414812095406, 0.0, 792.1125740759628], [0.0, 1256.7414812095406, 492.7757465151356], [0.0, 0.0, 1.0]], [[809.2209905677063, 0.0, 829.2196003259838], [0.0, 809.2209905677063, 481.77842384512485], [0.0, 0.0, 1.0]], [[1259.5137405846733, 0.0, 807.2529053838625], [0.0, 1259.5137405846733, 501.19579884916527], [0.0, 0.0, 1.0]]], "extrinsics": [[[0.820694088935852, -0.5712429285049438, 0.011941686272621155, -0.710205078125], [0.003769388422369957, -0.015486675314605236, -0.9998729825019836, 1.5094528198242188], [0.5713552832603455, 0.8206348419189453, -0.01055658608675003, -1.10595703125], [0.0, 0.0, 0.0, 1.0]], [[0.005563586018979549, -0.9997948408126831, 0.019472189247608185, 0.008544921875], [-0.0016191001050174236, -0.019481470808386803, -0.9998089075088501, 1.5201606750488281], [0.9999831914901733, 0.005530958995223045, -0.0017271536635234952, -1.43792724609375], [0.0, 0.0, 0.0, 1.0]], [[-0.832952618598938, -0.553340494632721, -0.002040199702605605, 0.8682861328125], [0.003913428168743849, -0.0022039248142391443, -0.9999898672103882, 1.5044183731079102], [0.5533304214477539, -0.8329522609710693, 0.004001225344836712, -1.137451171875], [0.0, 0.0, 0.0, 1.0]], [[0.9477431774139404, 0.31903183460235596, 0.001232803799211979, -1.13818359375], [0.012179982848465443, -0.03232099488377571, -0.9994032979011536, 1.588623046875], [-0.31880173087120056, 0.9471927285194397, -0.0345178060233593, -0.10595703125], [0.0, 0.0, 0.0, 1.0]], [[0.002536806045100093, 0.9997460246086121, -0.022392941638827324, 0.002197265625], [-0.013098650611937046, -0.022357868030667305, -0.9996642470359802, 1.5783882141113281], [-0.9999110102653503, 0.0028293286450207233, 0.013038604520261288, -0.0732421875], [0.0, 0.0, 0.0, 1.0]], [[-0.9346870183944702, 0.3548547923564911, -0.020932750776410103, 1.0010986328125], [0.019682180136442184, -0.007133862469345331, -0.9997808933258057, 1.5542945861816406], [-0.35492628812789917, -0.9348942637443542, -0.0003163881483487785, -0.11328125], [0.0, 0.0, 0.0, 1.0]]], "view": [[0.0, -2.0, 100.0], [-2.0, 0.0, 100.0], [0.0, 0.0, 1.0]], "bev": "bev_99a4c956cb4f44cc975680994c6bb40a.png", "aux": "aux_99a4c956cb4f44cc975680994c6bb40a.npz", "visibility": "visibility_99a4c956cb4f44cc975680994c6bb40a.png", "pose": [[-0.7678819894790649, -0.6405913233757019, 0.0, 1392.54345703125], [0.6405913233757019, -0.7678819894790649, 0.0, 2646.399169921875], [0.0, 0.0, 1.0, 0.0], [0.0, 0.0, 0.0, 1.0]], "pose_inverse": [[-0.7678819894790649, 0.6405913233757019, 0.0, -625.9512329101562], [-0.6405913233757019, -0.7678819894790649, 0.0, 2924.173583984375], [0.0, 0.0, 1.0, 0.0], [0.0, 0.0, 0.0, 1.0]], "cam_ids": [0, 1, 2, 3, 4, 5], "cam_channels": ["CAM_FRONT_LEFT", "CAM_FRONT", "CAM_FRONT_RIGHT", "CAM_BACK_LEFT", "CAM_BACK", "CAM_BACK_RIGHT"], "token": "99a4c956cb4f44cc975680994c6bb40a", "scene": "scene-1066"}, {"images": ["samples/CAM_FRONT_LEFT/n015-2018-11-21-19-21-35+0800__CAM_FRONT_LEFT__1542799567404844.jpg", "samples/CAM_FRONT/n015-2018-11-21-19-21-35+0800__CAM_FRONT__1542799567412460.jpg", "samples/CAM_FRONT_RIGHT/n015-2018-11-21-19-21-35+0800__CAM_FRONT_RIGHT__1542799567420339.jpg", "samples/CAM_BACK_LEFT/n015-2018-11-21-19-21-35+0800__CAM_BACK_LEFT__1542799567447423.jpg", "samples/CAM_BACK/n015-2018-11-21-19-21-35+0800__CAM_BACK__1542799567437525.jpg", "samples/CAM_BACK_RIGHT/n015-2018-11-21-19-21-35+0800__CAM_BACK_RIGHT__1542799567427893.jpg"], "intrinsics": [[[1272.5979470598488, 0.0, 826.6154927353808], [0.0, 1272.5979470598488, 479.75165386361925], [0.0, 0.0, 1.0]], [[1266.417203046554, 0.0, 816.2670197447984], [0.0, 1266.417203046554, 491.50706579294757], [0.0, 0.0, 1.0]], [[1260.8474446004698, 0.0, 807.968244525554], [0.0, 1260.8474446004698, 495.3344268742088], [0.0, 0.0, 1.0]], [[1256.7414812095406, 0.0, 792.1125740759628], [0.0, 1256.7414812095406, 492.7757465151356], [0.0, 0.0, 1.0]], [[809.2209905677063, 0.0, 829.2196003259838], [0.0, 809.2209905677063, 481.77842384512485], [0.0, 0.0, 1.0]], [[1259.5137405846733, 0.0, 807.2529053838625], [0.0, 1259.5137405846733, 501.19579884916527], [0.0, 0.0, 1.0]]], "extrinsics": [[[0.8205618262290955, -0.571476936340332, 0.009608300402760506, -0.704345703125], [-0.0006430688663385808, -0.01773381233215332, -0.9998425245285034, 1.5080795288085938], [0.5715574622154236, 0.8204264640808105, -0.014919186942279339, -1.100830078125], [0.0, 0.0, 0.0, 1.0]], [[0.00538410060107708, -0.9997466802597046, 0.02185179479420185, 0.0078125], [-0.005958826281130314, -0.021883800625801086, -0.9997428059577942, 1.5190162658691406], [0.9999676942825317, 0.005252578761428595, -0.006075141951441765, -1.4317626953125], [0.0, 0.0, 0.0, 1.0]], [[-0.8330754041671753, -0.5531517267227173, 0.00292821042239666, 0.8642578125], [-0.00034742304706014693, -0.004770383238792419, -0.9999885559082031, 1.503580093383789], [0.5531592965126038, -0.8330668807029724, 0.003781912848353386, -1.1357421875], [0.0, 0.0, 0.0, 1.0]], [[0.9477663636207581, 0.3189471364021301, -0.003426558105275035, -1.13995361328125], [0.008329118601977825, -0.03548656776547432, -0.9993354082107544, 1.58856201171875], [-0.31885674595832825, 0.9471079707145691, -0.0362895242869854, -0.1044921875], [0.0, 0.0, 0.0, 1.0]], [[0.002567845629528165, 0.9996745586395264, -0.02538251504302025, 0.002197265625], [-0.017106082290410995, -0.025334972888231277, -0.9995326399803162, 1.5780715942