[{"images": ["samples/CAM_FRONT_LEFT/n015-2018-09-27-15-33-17+0800__CAM_FRONT_LEFT__1538033672754844.jpg", "samples/CAM_FRONT/n015-2018-09-27-15-33-17+0800__CAM_FRONT__1538033672762460.jpg", "samples/CAM_FRONT_RIGHT/n015-2018-09-27-15-33-17+0800__CAM_FRONT_RIGHT__1538033672770339.jpg", "samples/CAM_BACK_LEFT/n015-2018-09-27-15-33-17+0800__CAM_BACK_LEFT__1538033672797423.jpg", "samples/CAM_BACK/n015-2018-09-27-15-33-17+0800__CAM_BACK__1538033672787525.jpg", "samples/CAM_BACK_RIGHT/n015-2018-09-27-15-33-17+0800__CAM_BACK_RIGHT__1538033672777893.jpg"], "intrinsics": [[[1272.5979470598488, 0.0, 826.6154927353808], [0.0, 1272.5979470598488, 479.75165386361925], [0.0, 0.0, 1.0]], [[1266.417203046554, 0.0, 816.2670197447984], [0.0, 1266.417203046554, 491.50706579294757], [0.0, 0.0, 1.0]], [[1260.8474446004698, 0.0, 807.968244525554], [0.0, 1260.8474446004698, 495.3344268742088], [0.0, 0.0, 1.0]], [[1256.7414812095406, 0.0, 792.1125740759628], [0.0, 1256.7414812095406, 492.7757465151356], [0.0, 0.0, 1.0]], [[809.2209905677063, 0.0, 829.2196003259838], [0.0, 809.2209905677063, 481.77842384512485], [0.0, 0.0, 1.0]], [[1259.5137405846733, 0.0, 807.2529053838625], [0.0, 1259.5137405846733, 501.19579884916527], [0.0, 0.0, 1.0]]], "extrinsics": [[[0.822621762752533, -0.5682377815246582, 0.019979558885097504, -0.922607421875], [0.01873612403869629, -0.008029494434595108, -0.999792218208313, 1.5092124938964844], [0.5682801008224487, 0.8228251338005066, 0.004041336942464113, -1.25054931640625], [0.0, 0.0, 0.0, 1.0]], [[0.008506265468895435, -0.9998883605003357, 0.012281368486583233, 0.0050048828125], [0.01342418696731329, -0.01216652151197195, -0.9998358488082886, 1.5211029052734375], [0.9998736381530762, 0.008669711649417877, 0.013319196179509163, -1.6497802734375], [0.0, 0.0, 0.0, 1.0]], [[-0.8313925266265869, -0.5553755164146423, -0.01855645515024662, 1.0047035217285156], [0.018976368010044098, 0.004998544231057167, -0.9998074173927307, 1.5042724609375], [0.555361270904541, -0.8315845727920532, 0.006383258383721113, -1.23095703125], [0.0, 0.0, 0.0, 1.0]], [[0.9475337266921997, 0.319150447845459, 0.017967207357287407, -1.141845703125], [0.027559559792280197, -0.02556505985558033, -0.9992931485176086, 1.5885543823242188], [-0.31846559047698975, 0.9473590850830078, -0.033019404858350754, -0.103515625], [0.0, 0.0, 0.0, 1.0]], [[0.001725402195006609, 0.9998784065246582, -0.01549819577485323, 0.0029296875], [0.002198887290433049, -0.015501974150538445, -0.9998774528503418, 1.5793838500976562], [-0.9999960660934448, 0.0016909916885197163, -0.0022253659553825855, -0.01025390625], [0.0, 0.0, 0.0, 1.0]], [[-0.9349568486213684, 0.3532591164112091, -0.03261364623904228, 1.1138916015625], [0.03484371304512024, -4.662679566536099e-05, -0.9993928074836731, 1.5522842407226562], [-0.35304611921310425, -0.9355255961418152, -0.012265264987945557, -0.0721435546875], [0.0, 0.0, 0.0, 1.0]]], "view": [[0.0, -2.0, 100.0], [-2.0, 0.0, 100.0], [0.0, 0.0, 1.0]], "bev": "bev_d0ca5661e108494f94cf37c773230c67.png", "aux": "aux_d0ca5661e108494f94cf37c773230c67.npz", "visibility": "visibility_d0ca5661e108494f94cf37c773230c67.png", "pose": [[-0.6559509634971619, -0.754803478717804, 0.0, 600.398681640625], [0.754803478717804, -0.6559509634971619, 0.0, 1995.916259765625], [0.0, 0.0, 1.0, 0.0], [0.0, 0.0, 0.0, 1.0]], "pose_inverse": [[-0.6559509634971619, 0.754803478717804, 0.0, -1112.6925048828125], [-0.754803478717804, -0.6559509634971619, 0.0, 1762.40625], [0.0, 0.0, 1.0, 0.0], [0.0, 0.0, 0.0, 1.0]], "cam_ids": [0, 1, 2, 3, 4, 5], "cam_channels": ["CAM_FRONT_LEFT", "CAM_FRONT", "CAM_FRONT_RIGHT", "CAM_BACK_LEFT", "CAM_BACK", "CAM_BACK_RIGHT"], "token": "d0ca5661e108494f94cf37c773230c67", "scene": "scene-0401"}, {"images": ["samples/CAM_FRONT_LEFT/n015-2018-09-27-15-33-17+0800__CAM_FRONT_LEFT__1538033673254844.jpg", "samples/CAM_FRONT/n015-2018-09-27-15-33-17+0800__CAM_FRONT__1538033673262460.jpg", "samples/CAM_FRONT_RIGHT/n015-2018-09-27-15-33-17+0800__CAM_FRONT_RIGHT__1538033673270339.jpg", "samples/CAM_BACK_LEFT/n015-2018-09-27-15-33-17+0800__CAM_BACK_LEFT__1538033673297423.jpg", "samples/CAM_BACK/n015-2018-09-27-15-33-17+0800__CAM_BACK__1538033673287525.jpg", "samples/CAM_BACK_RIGHT/n015-2018-09-27-15-33-17+0800__CAM_BACK_RIGHT__1538033673277893.jpg"], "intrinsics": [[[1272.5979470598488, 0.0, 826.6154927353808], [0.0, 1272.5979470598488, 479.75165386361925], [0.0, 0.0, 1.0]], [[1266.417203046554, 0.0, 816.2670197447984], [0.0, 1266.417203046554, 491.50706579294757], [0.0, 0.0, 1.0]], [[1260.8474446004698, 0.0, 807.968244525554], [0.0, 1260.8474446004698, 495.3344268742088], [0.0, 0.0, 1.0]], [[1256.7414812095406, 0.0, 792.1125740759628], [0.0, 1256.7414812095406, 492.7757465151356], [0.0, 0.0, 1.0]], [[809.2209905677063, 0.0, 829.2196003259838], [0.0, 809.2209905677063, 481.77842384512485], [0.0, 0.0, 1.0]], [[1259.5137405846733, 0.0, 807.2529053838625], [0.0, 1259.5137405846733, 501.19579884916527], [0.0, 0.0, 1.0]]], "extrinsics": [[[0.8234564065933228, -0.5670746564865112, 0.018591929227113724, -0.9080810546875], [0.017088761553168297, -0.007965035736560822, -0.999822199344635, 1.509429931640625], [0.5671220421791077, 0.8236277103424072, 0.0031317449174821377, -1.24041748046875], [0.0, 0.0, 0.0, 1.0]], [[0.009692694991827011, -0.999878466129303, 0.012204302474856377, 0.0052490234375], [0.01177418977022171, -0.012089909054338932, -0.9998576045036316, 1.5212059020996094], [0.9998837113380432, 0.009835032746195793, 0.011655574664473534, -1.6346435546875], [0.0, 0.0, 0.0, 1.0]], [[-0.8309175968170166, -0.5561289191246033, -0.017221864312887192, 0.9949531555175781], [0.017308352515101433, 0.005101778078824282, -0.9998371601104736, 1.5044174194335938], [0.5561262369155884, -0.8310803771018982, 0.0053865197114646435, -1.223876953125], [0.0, 0.0, 0.0, 1.0]], [[0.9475806355476379, 0.31909292936325073, 0.016452109441161156, -1.142333984375], [0.025897664949297905, -0.025380810722708702, -0.9993423223495483, 1.5885467529296875], [-0.3184654712677002, 0.9473835229873657, -0.03231412544846535, -0.103515625], [0.0, 0.0, 0.0, 1.0]], [[0.0013914642622694373, 0.9998812079429626, -0.015349178574979305, 0.0029296875], [0.0005395522457547486, -0.01534994039684534, -0.9998821020126343, 1.5793628692626953], [-0.9999988675117493, 0.0013830249663442373, -0.0005608491483144462, -0.0145263671875], [0.0, 0.0, 0.0, 1.0]], [[-0.9352375268936157, 0.35265931487083435, -0.031017431989312172, 1.1060791015625], [0.03318231925368309, 9.357235830975696e-05, -0.9994493126869202, 1.552520751953125], [-0.3524622917175293, -0.9357517957687378, -0.011789566837251186, -0.0751953125], [0.0, 0.0, 0.0, 1.0]]], "view": [[0.0, -2.0, 100.0], [-2.0, 0.0, 100.0], [0.0, 0.0, 1.0]], "bev": "bev_04ff414b2dbb4cc284324b92b37d0145.png", "aux": "aux_04ff414b2dbb4cc284324b92b37d0145.npz", "visibility": "visibility_04ff414b2dbb4cc284324b92b37d0145.png", "pose": [[-0.6180984377861023, -0.7861006855964661, 0.0, 599.933837890625], [0.7861006855964661, -0.6180984377861023, 0.0, 1996.4771728515625], [0.0, 0.0, 1.0, 0.0], [0.0, 0.0, 0.0, 1.0]], "pose_inverse": [[-0.6180984377861023, 0.7861006855964661, 0.0, -1198.6138916015625], [-0.7861006855964661, -0.6180984377861023, 0.0, 1705.6279296875], [0.0, 0.0, 1.0, 0.0], [0.0, 0.0, 0.0, 1.0]], "cam_ids": [0, 1, 2, 3, 4, 5], "cam_channels": ["CAM_FRONT_LEFT", "CAM_FRONT", "CAM_FRONT_RIGHT", "CAM_BACK_LEFT", "CAM_BACK", "CAM_BACK_RIGHT"], "token": "04ff414b2dbb4cc284324b92b37d0145", "scene": "scene-0401"}, {"images": ["samples/CAM_FRONT_LEFT/n015-2018-09-27-15-33-17+0800__CAM_FRONT_LEFT__1538033673754844.jpg", "samples/CAM_FRONT/n015-2018-09-27-15-33-17+0800__CAM_FRONT__1538033673762460.jpg", "samples/CAM_FRONT_RIGHT/n015-2018-09-27-15-33-17+0800__CAM_FRONT_RIGHT__1538033673770339.jpg", "samples/CAM_BACK_LEFT/n015-2018-09-27-15-33-17+0800__CAM_BACK_LEFT__1538033673797423.jpg", "samples/CAM_BACK/n015-2018-09-27-15-33-17+0800__CAM_BACK__1538033673787525.jpg", "samples/CAM_BACK_RIGHT/n015-2018-09-27-15-33-17+0800__CAM_BACK_RIGHT__1538033673777893.jpg"], "intrinsics": [[[1272.5979470598488, 0.0, 826.6154927353808], [0.0, 1272.5979470598488, 479.75165386361925], [0.0, 0.0, 1.0]], [[1266.417203046554, 0.0, 816.2670197447984], [0.0, 1266.417203046554, 491.50706579294757], [0.0, 0.0, 1.0]], [[1260.8474446004698, 0.0, 807.968244525554], [0.0, 1260.8474446004698, 495.3344268742088], [0.0, 0.0, 1.0]], [[1256.7414812095406, 0.0, 792.1125740759628], [0.0, 1256.7414812095406, 492.7757465151356], [0.0, 0.0, 1.0]], [[809.2209905677063, 0.0, 829.2196003259838], [0.0, 809.2209905677063, 481.77842384512485], [0.0, 0.0, 1.0]], [[1259.5137405846733, 0.0, 807.2529053838625], [0.0, 1259.5137405846733, 501.19579884916527], [0.0, 0.0, 1.0]]], "extrinsics": [[[0.8250855803489685, -0.5646979212760925, 0.01871178112924099, -0.888427734375], [0.017078282311558723, -0.008176728151738644, -0.9998207092285156, 1.5098381042480469], [0.5647496581077576, 0.8252572417259216, 0.0028975694440305233, -1.2259521484375], [0.0, 0.0, 0.0, 1.0]], [[0.012038457207381725, -0.9998503923416138, 0.01241947803646326, 0.004638671875], [0.011784245260059834, -0.012277652509510517, -0.9998552203178406, 1.5214271545410156], [0.999858021736145, 0.0121831139549613, 0.011634675785899162, -1.615234375], [0.0, 0.0, 0.0, 1.0]], [[-0.829916775226593, -0.5576246976852417, -0.017113203182816505, 0.9822235107421875], [0.017284376546740532, 0.004960045684129, -0.9998382925987244, 1.504685401916504], [0.5576193928718567, -0.8300783038139343, 0.00552176870405674, -1.216552734375], [0.0, 0.0, 0.0, 1.0]], [[0.9476076364517212, 0.3190154433250427, 0.01640523225069046, -1.14361572265625], [0.02585703693330288, -0.025415314361453056, -0.9993425011634827, 1.5884857177734375], [-0.3183886706829071, 0.9474087357521057, -0.032332535833120346, -0.1026611328125], [0.0, 0.0, 0.0, 1.0]], [[0.0007551306625828147, 0.9998804330825806, -0.015442376025021076, 0.00341796875], [0.000525535608176142, -0.015442774631083012, -0.9998806715011597, 1.5793609619140625], [-0.9999995827674866, 0.0007468955009244382, -0.0005371337756514549, -0.02001953125], [0.0, 0.0, 0.0, 1.0]], [[-0.9356915354728699, 0.3514501750469208, -0.03105057403445244, 1.0960693359375], [0.03316385671496391, -6.704502993670758e-06, -0.9994499683380127, 1.5528793334960938], [-0.3512570559978485, -0.9362066388130188, -0.011649170890450478, -0.0794677734375], [0.0, 0.0, 0.0, 1.0]]], "view": [[0.0, -2.0, 100.0], [-2.0, 0.0, 100.0], [0.0, 0.0, 1.0]], "bev": "bev_8aaf054488c54036bde9395f06f35d3b.png", "aux": "aux_8aaf054488c54036bde9395f06f35d3b.npz", "visibility": "visibility_8aaf054488c54036bde9395f06f35d3b.png", "pose": [[-0.5570434331893921, -0.8304833769798279, 0.0, 599.3687744140625], [0.8304833769798279, -0.5570434331893921, 0.0, 1997.2401123046875], [0.0, 0.0, 1.0, 0.0], [0.0, 0.0, 0.0, 1.0]], "pose_inverse": [[-0.5570434331893921, 0.8304833769798279, 0.0, -1324.80029296875], [-0.8304833769798279, -0.5570434331893921, 0.0, 1610.3153076171875], [0.0, 0.0, 1.0, 0.0], [0.0, 0.0, 0.0, 1.0]], "cam_ids": [0, 1, 2, 3, 4, 5], "cam_channels": ["CAM_FRONT_LEFT", "CAM_FRONT", "CAM_FRONT_RIGHT", "CAM_BACK_LEFT", "CAM_BACK", "CAM_BACK_RIGHT"], "token": "8aaf054488c54036bde9395f06f35d3b", "scene": "scene-0401"}, {"images": ["samples/CAM_FRONT_LEFT/n015-2018-09-27-15-33-17+0800__CAM_FRONT_LEFT__1538033674254844.jpg", "samples/CAM_FRONT/n015-2018-09-27-15-33-17+0800__CAM_FRONT__1538033674262460.jpg", "samples/CAM_FRONT_RIGHT/n015-2018-09-27-15-33-17+0800__CAM_FRONT_RIGHT__1538033674270339.jpg", "samples/CAM_BACK_LEFT/n015-2018-09-27-15-33-17+0800__CAM_BACK_LEFT__1538033674297423.jpg", "samples/CAM_BACK/n015-2018-09-27-15-33-17+0800__CAM_BACK__1538033674287525.jpg", "samples/CAM_BACK_RIGHT/n015-2018-09-27-15-33-17+0800__CAM_BACK_RIGHT__1538033674277893.jpg"], "intrinsics": [[[1272.5979470598488, 0.0, 826.6154927353808], [0.0, 1272.5979470598488, 479.75165386361925], [0.0, 0.0, 1.0]], [[1266.417203046554, 0.0, 816.2670197447984], [0.0, 1266.417203046554, 491.50706579294757], [0.0, 0.0, 1.0]], [[1260.8474446004698, 0.0, 807.968244525554], [0.0, 1260.8474446004698, 495.3344268742088], [0.0, 0.0, 1.0]], [[1256.7414812095406, 0.0, 792.1125740759628], [0.0, 1256.7414812095406, 492.7757465151356], [0.0, 0.0, 1.0]], [[809.2209905677063, 0.0, 829.2196003259838], [0.0, 809.2209905677063, 481.77842384512485], [0.0, 0.0, 1.0]], [[1259.5137405846733, 0.0, 807.2529053838625], [0.0, 1259.5137405846733, 501.19579884916527], [0.0, 0.0, 1.0]]], "extrinsics": [[[0.8265697360038757, -0.5626819133758545, 0.013101961463689804, -0.865478515625], [0.013045283034443855, -0.004119378048926592, -0.9999064207077026, 1.5098285675048828], [0.5626831650733948, 0.8266632556915283, 0.003935391549021006, -1.21002197265625], [0.0, 0.0, 0.0, 1.0]], [[0.014157515950500965, -0.9998654723167419, 0.008278531953692436, 0.0048828125], [0.0077645364217460155, -0.00816917885094881, -0.9999365210533142, 1.5212974548339844], [0.9998695850372314, 0.014220896176993847, 0.007647835649549961, -1.592041015625], [0.0, 0.0, 0.0, 1.0]], [[-0.8290823698043823, -0.5588945746421814, -0.01610405743122101, 0.96746826171875], [0.01325457263737917, 0.009148124605417252, -0.9998703002929688, 1.504683494567871], [0.5589693784713745, -0.8291882872581482, -0.00017664054757915437, -1.2064208984375], [0.0, 0.0, 0.0, 1.0]], [[0.9476670026779175, 0.3189486563205719, 0.014108776114881039, -1.14300537109375], [0.021947229281067848, -0.02099521830677986, -0.9995386600494385, 1.5885009765625], [-0.31850528717041016, 0.9475394487380981, -0.026896515861153603, -0.102294921875], [0.0, 0.0, 0.0, 1.0]], [[0.00011964495206484571, 0.999938428401947, -0.011093838140368462, 0.0032958984375], [-0.0034278822131454945, -0.011093362234532833, -0.999932587146759, 1.579254150390625], [-0.9999940991401672, 0.00015769479796290398, 0.0034263425040990114, -0.0262451171875], [0.0, 0.0, 0.0, 1.0]], [[-0.9362125396728516, 0.3504842519760132, -0.02582644112408161, 1.083984375], [0.02917321026325226, 0.0042715431191027164, -0.9995652437210083, 1.5530815124511719], [-0.35022154450416565, -0.9365589022636414, -0.014223822392523289, -0.08404541015625], [0.0, 0.0, 0.0, 1.0]]], "view": [[0.0, -2.0, 100.0], [-2.0, 0.0, 100.0], [0.0, 0.0, 1.0]], "bev": "bev_f9810780ba2041cb9dd1f303b8635f64.png", "aux": "aux_f9810780ba2041cb9dd1f303b8635f64.npz", "visibility": "visibility_f9810780ba2041cb9dd1f303b8635f64.png", "pose": [[-0.4622993469238281, -0.8867239356040955, 0.0, 598.7005004882812], [0.8867239356040955, -0.4622993469238281, 0.0, 1998.3470458984375], [0.0, 0.0, 1.0, 0.0], [0.0, 0.0, 0.0, 1.0]], "pose_inverse": [[-0.4622993469238281, 0.8867239356040955, 0.0, -1495.2032470703125], [-0.8867239356040955, -0.4622993469238281, 0.0, 1454.716552734375], [0.0, 0.0, 1.0, 0.0], [0.0, 0.0, 0.0, 1.0]], "cam_ids": [0, 1, 2, 3, 4, 5], "cam_channels": ["CAM_FRONT_LEFT", "CAM_FRONT", "CAM_FRONT_RIGHT", "CAM_BACK_LEFT", "CAM_BACK", "CAM_BACK_RIGHT"], "token": "f9810780ba2041cb9dd1f303b8635f64", "scene": "scene-0401"}, {"images": ["samples/CAM_FRONT_LEFT/n015-2018-09-27-15-33-17+0800__CAM_FRONT_LEFT__1538033674754844.jpg", "samples/CAM_FRONT/n015-2018-09-27-15-33-17+0800__CAM_FRONT__1538033674762460.jpg", "samples/CAM_FRONT_RIGHT/n015-2018-09-27-15-33-17+0800__CAM_FRONT_RIGHT__1538033674770339.jpg", "samples/CAM_BACK_LEFT/n015-2018-09-27-15-33-17+0800__CAM_BACK_LEFT__1538033674797423.jpg", "samples/CAM_BACK/n015-2018-09-27-15-33-17+0800__CAM_BACK__1538033674787525.jpg", "samples/CAM_BACK_RIGHT/n015-2018-09-27-15-33-17+0800__CAM_BACK_RIGHT__1538033674777893.jpg"], "intrinsics": [[[1272.5979470598488, 0.0, 826.6154927353808], [0.0, 1272.5979470598488, 479.75165386361925], [0.0, 0.0, 1.0]], [[1266.417203046554, 0.0, 816.2670197447984], [0.0, 1266.417203046554, 491.50706579294757], [0.0, 0.0, 1.0]], [[1260.8474446004698, 0.0, 807.968244525554], [0.0, 1260.8474446004698, 495.3344268742088], [0.0, 0.0, 1.0]], [[1256.7414812095406, 0.0, 792.1125740759628], [0.0, 1256.7414812095406, 492.7757465151356], [0.0, 0.0, 1.0]], [[809.2209905677063, 0.0, 829.2196003259838], [0.0, 809.2209905677063, 481.77842384512485], [0.0, 0.0, 1.0]], [[1259.5137405846733, 0.0, 807.2529053838625], [0.0, 1259.5137405846733, 501.19579884916527], [0.0, 0.0, 1.0]]], "extrinsics": [[[0.8271756172180176, -0.5618607997894287, 0.009631859138607979, -0.84033203125], [0.011936780996620655, 0.000431857886724174, -0.9999286532402039, 1.5100746154785156], [0.5618165135383606, 0.8272316455841064, 0.00706403236836195, -1.1919403076171875], [0.0, 0.0, 0.0, 1.0]], [[0.015028518624603748, -0.9998804330825806, 0.0036375492345541716, 0.00439453125], [0.0068605029955506325, -0.0035347603261470795, -0.9999702572822571, 1.5213899612426758], [0.9998635053634644, 0.015053076669573784, 0.006806559395045042, -1.56640625], [0.0, 0.0, 0.0, 1.0]], [[-0.828709602355957, -0.5593830347061157, -0.018194235861301422, 0.950439453125], [0.012559236958622932, 0.013913685455918312, -0.9998242855072021, 1.5048961639404297], [0.5595378279685974, -0.8287925124168396, -0.00450498191639781, -1.1954345703125], [0.0, 0.0, 0.0, 1.0]], [[0.9476113319396973, 0.3190222680568695, 0.016047976911067963, -1.1409912109375], [0.02219090797007084, -0.015629921108484268, -0.9996315240859985, 1.5885505676269531], [-0.31865394115448, 0.9476182460784912, -0.021890485659241676, -0.1029052734375], [0.0, 0.0, 0.0, 1.0]], [[-0.00023489455634262413, 0.9999819993972778, -0.006002101115882397, 0.0035400390625], [-0.003564616199582815, -0.0060028997249901295, -0.9999756813049316, 1.579223394393921], [-0.9999936819076538, -0.00021348550217226148, 0.0035659626591950655, -0.034423828125], [0.0, 0.0, 0.0, 1.0]], [[-0.9364133477210999, 0.35009896755218506, -0.023678427562117577, 1.0703125], [0.028712235391139984, 0.00919412449002266, -0.9995454549789429, 1.5534934997558594], [-0.34972211718559265, -0.9366675615310669, -0.018661625683307648, -0.08953857421875], [0.0, 0.0, 0.0, 1.0]]], "view": [[0.0, -2.0, 100.0], [-2.0, 0.0, 100.0], [0.0, 0.0, 1.0]], "bev": "bev_b782a24c61e14e3488d716177366a5ce.png", "aux": "aux_b782a24c61e14e3488d716177366a5ce.npz", "visibility": "visibility_b782a24c61e14e3488d716177366a5ce.png", "pose": [[-0.34101393818855286, -0.9400582313537598, 0.0, 598.0390625], [0.9400582313537598, -0.34101393818855286, 0.0, 1999.823486328125], [0.0, 0.0, 1.0, 0.0], [0.0, 0.0, 0.0, 1.0]], "pose_inverse": [[-0.34101393818855286, 0.9400582313537598, 0.0, -1676.0108642578125], [-0.9400582313537598, -0.34101393818855286, 0.0, 1244.1591796875], [0.0, 0.0, 1.0, 0.0], [0.0, 0.0, 0.0, 1.0]], "cam_ids": [0, 1, 2, 3, 4, 5], "cam_channels": ["CAM_FRONT_LEFT", "CAM_FRONT", "CAM_FRONT_RIGHT", "CAM_BACK_LEFT", "CAM_BACK", "CAM_BACK_RIGHT"], "token": "b782a24c61e14e3488d716177366a5ce", "scene": "scene-0401"}, {"images": ["samples/CAM_FRONT_LEFT/n015-2018-09-27-15-33-17+0800__CAM_FRONT_LEFT__1538033675254844.jpg", "samples/CAM_FRONT/n015-2018-09-27-15-33-17+0800__CAM_FRONT__1538033675262460.jpg", "samples/CAM_FRONT_RIGHT/n015-2018-09-27-15-33-17+0800__CAM_FRONT_RIGHT__1538033675270339.jpg", "samples/CAM_BACK_LEFT/n015-2018-09-27-15-33-17+0800__CAM_BACK_LEFT__1538033675297423.jpg", "samples/CAM_BACK/n015-2018-09-27-15-33-17+0800__CAM_BACK__1538033675287525.jpg", "samples/CAM_BACK_RIGHT/n015-2018-09-27-15-33-17+0800__CAM_BACK_RIGHT__1538033675277893.jpg"], "intrinsics": [[[1272.5979470598488, 0.0, 826.6154927353808], [0.0, 1272.5979470598488, 479.75165386361925], [0.0, 0.0, 1.0]], [[1266.417203046554, 0.0, 816.2670197447984], [0.0, 1266.417203046554, 491.50706579294757], [0.0, 0.0, 1.0]], [[1260.8474446004698, 0.0, 807.968244525554], [0.0, 1260.8474446004698, 495.3344268742088], [0.0, 0.0, 1.0]], [[1256.7414812095406, 0.0, 792.1125740759628], [0.0, 1256.7414812095406, 492.7757465151356], [0.0, 0.0, 1.0]], [[809.2209905677063, 0.0, 829.2196003259838], [0.0, 809.2209905677063, 481.77842384512485], [0.0, 0.0, 1.0]], [[1259.5137405846733, 0.0, 807.2529053838625], [0.0, 1259.5137405846733, 501.19579884916527], [0.0, 0.0, 1.0]]], "extrinsics": [[[0.8271422386169434, -0.5618911385536194, 0.010685304179787636, -0.822021484375], [0.015238272957503796, 0.003417419968172908, -0.9998780488967896, 1.5109195709228516], [0.5617860555648804, 0.8272041082382202, 0.011388943530619144, -1.1797027587890625], [0.0, 0.0, 0.0, 1.0]], [[0.01502186805009842, -0.9998867511749268, 0.0008693817653693259, 0.0050048828125], [0.009777428582310677, -0.0007225467124953866, -0.999951958656311, 1.5219383239746094], [0.9998393058776855, 0.015029636211693287, 0.009765466675162315, -1.54833984375], [0.0, 0.0, 0.0, 1.0]], [[-0.8286617398262024, -0.5593277812004089, -0.021729763597249985, 0.93890380859375], [0.015062651596963406, 0.01652427762746811, -0.9997499585151672, 1.5053520202636719], [0.5595470070838928, -0.8287818431854248, -0.005268077366054058, -1.1875], [0.0, 0.0, 0.0, 1.0]], [[0.947593629360199, 0.31899523735046387, 0.01756030134856701, -1.1436767578125], [0.023168280720710754, -0.013793934136629105, -0.9996364116668701, 1.5885009765625], [-0.318636953830719, 0.9476560354232788, -0.020461615175008774, -0.102294921875], [0.0, 0.0, 0.0, 1.0]], [[-0.00021887992625124753, 0.9999926090240479, -0.0038554470520466566, 0.0035400390625], [-0.0019966987892985344, -0.0038558768574148417, -0.9999906420707703, 1.5792734622955322], [-0.9999979734420776, -0.00021119315351825207, 0.001997529063373804, -0.0391845703125], [0.0, 0.0, 0.0, 1.0]], [[-0.936360239982605, 0.3501635491847992, -0.02479822002351284, 1.061279296875], [0.03080563060939312, 0.01159567292779684, -0.9994581341743469, 1.5539474487304688], [-0.34968626499176025, -0.9366167783737183, -0.02164473570883274, -0.093048095703125], [0.0, 0.0, 0.0, 1.0]]], "view": [[0.0, -2.0, 100.0], [-2.0, 0.0, 100.0], [0.0, 0.0, 1.0]], "bev": "bev_2357cabb8fb44c9a974ebadc9a85aa36.png", "aux": "aux_2357cabb8fb44c9a974ebadc9a85aa36.npz", "visibility": "visibility_2357cabb8fb44c9a974ebadc9a85aa36.png", "pose": [[-0.2125362753868103, -0.9771531820297241, 0.0, 597.5115966796875], [0.9771531820297241, -0.2125362753868103, 0.0, 2001.6163330078125], [0.0, 0.0, 1.0, 0.0], [0.0, 0.0, 0.0, 1.0]], "pose_inverse": [[-0.2125362753868103, 0.9771531820297241, 0.0, -1828.892822265625], [-0.9771531820297241, -0.2125362753868103, 0.0, 1009.2764282226562], [0.0, 0.0, 1.0, 0.0], [0.0, 0.0, 0.0, 1.0]], "cam_ids": [0, 1, 2, 3, 4, 5], "cam_channels": ["CAM_FRONT_LEFT", "CAM_FRONT", "CAM_FRONT_RIGHT", "CAM_BACK_LEFT", "CAM_BACK", "CAM_BACK_RIGHT"], "token": "2357cabb8fb44c9a974ebadc9a85aa36", "scene": "scene-0401"}, {"images": ["samples/CAM_FRONT_LEFT/n015-2018-09-27-15-33-17+0800__CAM_FRONT_LEFT__1538033675754844.jpg", "samples/CAM_FRONT/n015-2018-09-27-15-33-17+0800__CAM_FRONT__1538033675762460.jpg", "samples/CAM_FRONT_RIGHT/n015-2018-09-27-15-33-17+0800__CAM_FRONT_RIGHT__1538033675770339.jpg", "samples/CAM_BACK_LEFT/n015-2018-09-27-15-33-17+0800__CAM_BACK_LEFT__1538033675797423.jpg", "samples/CAM_BACK/n015-2018-09-27-15-33-17+0800__CAM_BACK__1538033675787525.jpg", "samples/CAM_BACK_RIGHT/n015-2018-09-27-15-33-17+0800__CAM_BACK_RIGHT__1538033675777893.jpg"], "intrinsics": [[[1272.5979470598488, 0.0, 826.6154927353808], [0.0, 1272.5979470598488, 479.75165386361925], [0.0, 0.0, 1.0]], [[1266.417203046554, 0.0, 816.2670197447984], [0.0, 1266.417203046554, 491.50706579294757], [0.0, 0.0, 1.0]], [[1260.8474446004698, 0.0, 807.968244525554], [0.0, 1260.8474446004698, 495.3344268742088], [0.0, 0.0, 1.0]], [[1256.7414812095406, 0.0, 792.1125740759628], [0.0, 1256.7414812095406, 492.7757465151356], [0.0, 0.0, 1.0]], [[809.2209905677063, 0.0, 829.2196003259838], [0.0, 809.2209905677063, 481.77842384512485], [0.0, 0.0, 1.0]], [[1259.5137405846733, 0.0, 807.2529053838625], [0.0, 1259.5137405846733, 501.19579884916527], [0.0, 0.0, 1.0]]], "extrinsics": [[[0.8276109099388123, -0.5612800717353821, 0.004979435354471207, -0.809326171875], [0.010427632369101048, 0.006504708435386419, -0.9999244809150696, 1.5102500915527344], [0.5612053275108337, 0.8276003003120422, 0.011236189864575863, -1.17095947265625], [0.0, 0.0, 0.0, 1.0]], [[0.01565265841782093, -0.9998753666877747, -0.0020340022165328264, 0.005126953125], [0.005154937505722046, 0.002114922972396016, -0.9999845027923584, 1.5213398933410645], [0.9998641610145569, 0.01564192958176136, 0.005187399219721556, -1.5361328125], [0.0, 0.0, 0.0, 1.0]], [[-0.8284776210784912, -0.5596821904182434, -0.019509775564074516, 0.93115234375], [0.010620610788464546, 0.019129011780023575, -0.9997605681419373, 1.5049653053283691], [0.559921383857727, -0.8284865021705627, -0.00990379136055708, -1.182373046875], [0.0, 0.0, 0.0, 1.0]], [[0.9477123618125916, 0.318794846534729, 0.014524380676448345, -1.1456298828125], [0.01930335722863674, -0.011836379766464233, -0.999743640422821, 1.5884628295898438], [-0.31854113936424255, 0.9477497935295105, -0.017371296882629395, -0.1015625], [0.0, 0.0, 0.0, 1.0]], [[-0.0003866296319756657, 0.9999985098838806, -0.0016980476211756468, 0.0035400390625], [-0.006045993883162737, -0.0017003541579470038, -0.9999802708625793, 1.5790929794311523], [-0.9999815821647644, -0.000376351410523057, 0.006046641618013382, -0.0421142578125], [0.0, 0.0, 0.0, 1.0]], [[-0.9365774393081665, 0.3498910069465637, -0.019973808899521828, 1.0546875], [0.02654583752155304, 0.013996988534927368, -0.9995496273040771, 1.5537834167480469], [-0.3494538366794586, -0.9366858005523682, -0.022397415712475777, -0.09531784057617188], [0.0, 0.0, 0.0, 1.0]]], "view": [[0.0, -2.0, 100.0], [-2.0, 0.0, 100.0], [0.0, 0.0, 1.0]], "bev": "bev_3c94caa1e77f499c85283df835752a06.png", "aux": "aux_3c94caa1e77f499c85283df835752a06.npz", "visibility": "visibility_3c94caa1e77f499c85283df835752a06.png", "pose": [[-0.07923318445682526, -0.9968560934066772, 0.0, 597.1934204101562], [0.9968560934066772, -0.07923318445682526, 0.0, 2003.7042236328125], [0.0, 0.0, 1.0, 0.0], [0.0, 0.0, 0.0, 1.0]], "pose_inverse": [[-0.07923318445682526, 0.9968560934066772, 0.0, -1950.0872802734375], [-0.9968560934066772, -0.07923318445682526, 0.0, 754.0758056640625], [0.0, 0.0, 1.0, 0.0], [0.0, 0.0, 0.0, 1.0]], "cam_ids": [0, 1, 2, 3, 4, 5], "cam_channels": ["CAM_FRONT_LEFT", "CAM_FRONT", "CAM_FRONT_RIGHT", "CAM_BACK_LEFT", "CAM_BACK", "CAM_BACK_RIGHT"], "token": "3c94caa1e77f499c85283df835752a06", "scene": "scene-0401"}, {"images": ["samples/CAM_FRONT_LEFT/n015-2018-09-27-15-33-17+0800__CAM_FRONT_LEFT__1538033676254844.jpg", "samples/CAM_FRONT/n015-2018-09-27-15-33-17+0800__CAM_FRONT__1538033676262460.jpg", "samples/CAM_FRONT_RIGHT/n015-2018-09-27-15-33-17+0800__CAM_FRONT_RIGHT__1538033676270339.jpg", "samples/CAM_BACK_LEFT/n015-2018-09-27-15-33-17+0800__CAM_BACK_LEFT__1538033676297423.jpg", "samples/CAM_BACK/n015-2018-09-27-15-33-17+0800__CAM_BACK__1538033676287525.jpg", "samples/CAM_BACK_RIGHT/n015-2018-09-27-15-33-17+0800__CAM_BACK_RIGHT__1538033676277893.jpg"], "intrinsics": [[[1272.5979470598488, 0.0, 826.6154927353808], [0.0, 1272.5979470598488, 479.75165386361925], [0.0, 0.0, 1.0]], [[1266.417203046554, 0.0, 816.2670197447984], [0.0, 1266.417203046554, 491.50706579294757], [0.0, 0.0, 1.0]], [[1260.8474446004698, 0.0, 807.968244525554], [0.0, 1260.8474446004698, 495.3344268742088], [0.0, 0.0, 1.0]], [[1256.7414812095406, 0.0, 792.1125740759628], [0.0, 1256.7414812095406, 492.7757465151356], [0.0, 0.0, 1.0]], [[809.2209905677063, 0.0, 829.2196003259838], [0.0, 809.2209905677063, 481.77842384512485], [0.0, 0.0, 1.0]], [[1259.5137405846733, 0.0, 807.2529053838625], [0.0, 1259.5137405846733, 501.19579884916527], [0.0, 0.0, 1.0]]], "extrinsics": [[[0.8279833197593689, -0.560750424861908, 0.0015923556638881564, -0.797119140625], [0.009633920155465603, 0.011385715566575527, -0.9998887777328491, 1.510249137878418], [0.5606698989868164, 0.8279064893722534, 0.014829408377408981, -1.16339111328125], [0.0, 0.0, 0.0, 1.0]], [[0.016181660816073418, -0.999843955039978, -0.007075372617691755, 0.00579833984375], [0.004404739942401648, 0.007147513795644045, -0.9999647736549377, 1.521286964416504], [0.9998593330383301, 0.01614992879331112, 0.004519711248576641, -1.5244140625], [0.0, 0.0, 0.0, 1.0]], [[-0.8282631635665894, -0.5599138140678406, -0.021832825616002083, 0.9237060546875], [0.00991578958928585, 0.024311626330018044, -0.9996552467346191, 1.5049686431884766], [0.5602515935897827, -0.8281940221786499, -0.014584438875317574, -1.1768798828125], [0.0, 0.0, 0.0, 1.0]], [[0.9476498365402222, 0.318914532661438, 0.015910927206277847, -1.14697265625], [0.0188952274620533, -0.006265898700803518, -0.9998018145561218, 1.5884590148925781], [-0.31875160336494446, 0.9477627873420715, -0.011963841505348682, -0.10205078125], [0.0, 0.0, 0.0, 1.0]], [[-0.0005576208350248635, 0.9999927878379822, 0.0037567170802503824, 0.003326416015625], [-0.0065886760130524635, 0.00375296245329082, -0.9999712705612183, 1.579045295715332], [-0.9999781250953674, -0.000582359149120748, 0.0065865349024534225, -0.045166015625], [0.0, 0.0, 0.0, 1.0]], [[-0.9366942644119263, 0.349709689617157, -0.017521532252430916, 1.048828125], [0.02590729109942913, 0.019315525889396667, -0.9994776844978333, 1.5539016723632812], [-0.34918856620788574, -0.9366589784622192, -0.0271527748554945, -0.097259521484375], [0.0, 0.0, 0.0, 1.0]]], "view": [[0.0, -2.0, 100.0], [-2.0, 0.0, 100.0], [0.0, 0.0, 1.0]], "bev": "bev_8039886af4784ae6ae8c17c6ccdda218.png", "aux": "aux_8039886af4784ae6ae8c17c6ccdda218.npz", "visibility": "visibility_8039886af4784ae6ae8c17c6ccdda218.png", "pose": [[0.06761934608221054, -0.997711181640625, 0.0, 597.1648559570312], [0.997711181640625, 0.06761934608221054, 0.0, 2006.0299072265625], [0.0, 0.0, 1.0, 0.0], [0.0, 0.0, 0.0, 1.0]], "pose_inverse": [[0.06761934608221054, 0.997711181640625, 0.0, -2041.818359375], [-0.997711181640625, 0.06761934608221054, 0.0, 460.1516418457031], [0.0, 0.0, 1.0, 0.0], [0.0, 0.0, 0.0, 1.0]], "cam_ids": [0, 1, 2, 3, 4, 5], "cam_channels": ["CAM_FRONT_LEFT", "CAM_FRONT", "CAM_FRONT_RIGHT", "CAM_BACK_LEFT", "CAM_BACK", "CAM_BACK_RIGHT"], "token": "8039886af4784ae6ae8c17c6ccdda218", "scene": "scene-0401"}, {"images": ["samples/CAM_FRONT_LEFT/n015-2018-09-27-15-33-17+0800__CAM_FRONT_LEFT__1538033676754844.jpg", "samples/CAM_FRONT/n015-2018-09-27-15-33-17+0800__CAM_FRONT__1538033676762460.jpg", "samples/CAM_FRONT_RIGHT/n015-2018-09-27-15-33-17+0800__CAM_FRONT_RIGHT__1538033676770339.jpg", "samples/CAM_BACK_LEFT/n015-2018-09-27-15-33-17+0800__CAM_BACK_LEFT__1538033676797423.jpg", "samples/CAM_BACK/n015-2018-09-27-15-33-17+0800__CAM_BACK__1538033676787525.jpg", "samples/CAM_BACK_RIGHT/n015-2018-09-27-15-33-17+0800__CAM_BACK_RIGHT__1538033676777893.jpg"], "intrinsics": [[[1272.5979470598488, 0.0, 826.6154927353808], [0.0, 1272.5979470598488, 479.75165386361925], [0.0, 0.0, 1.0]], [[1266.417203046554, 0.0, 816.2670197447984], [0.0, 1266.417203046554, 491.50706579294757], [0.0, 0.0, 1.0]], [[1260.8474446004698, 0.0, 807.968244525554], [0.0, 1260.8474446004698, 495.3344268742088], [0.0, 0.0, 1.0]], [[1256.7414812095406, 0.0, 792.1125740759628], [0.0, 1256.7414812095406, 492.7757465151356], [0.0, 0.0, 1.0]], [[809.2209905677063, 0.0, 829.2196003259838], [0.0, 809.2209905677063, 481.77842384512485], [0.0, 0.0, 1.0]], [[1259.5137405846733, 0.0, 807.2529053838625], [0.0, 1259.5137405846733, 501.19579884916527], [0.0, 0.0, 1.0]]], "extrinsics": [[[0.8267082571983337, -0.5626063346862793, -0.005253895185887814, -0.79248046875], [0.005682901479303837, 0.01768748089671135, -0.9998273849487305, 1.509474754333496], [0.5626021027565002, 0.8265356421470642, 0.01781962253153324, -1.16064453125], [0.0, 0.0, 0.0, 1.0]], [[0.014322280883789062, -0.999805748462677, -0.013536346144974232, 0.0061492919921875], [0.00017169336206279695, 0.013540194369852543, -0.9999083280563354, 1.520582914352417], [0.9998973608016968, 0.014318645931780338, 0.00036558619467541575, -1.51953125], [0.0, 0.0, 0.0, 1.0]], [[-0.8291248083114624, -0.5586439371109009, -0.02165566012263298, 0.92041015625], [0.00539704505354166, 0.030735652893781662, -0.9995129108428955, 1.5043995380401611], [0.559037446975708, -0.8288378715515137, -0.02246866561472416, -1.1744384765625], [0.0, 0.0, 0.0, 1.0]], [[0.9476789832115173, 0.3189811408519745, 0.012470254674553871, -1.1417236328125], [0.013184466399252415, -7.985266711330041e-05, -0.9999130368232727, 1.58856201171875], [-0.31895244121551514, 0.9477611184120178, -0.004281270317733288, -0.10382080078125], [0.0, 0.0, 0.0, 1.0]], [[-0.00013057563046459109, 0.9999486207962036, 0.010138686746358871, 0.0031280517578125], [-0.011871407739818096, 0.010136421769857407, -0.9998781681060791, 1.5787620544433594], [-0.9999294877052307, -0.0002509206242393702, 0.01186947338283062, -0.04833984375], [0.0, 0.0, 0.0, 1.0]], [[-0.9364355206489563, 0.35067644715309143, -0.010700119659304619, 1.0452880859375], [0.021051445975899696, 0.02571917697787285, -0.9994475841522217, 1.5535240173339844], [-0.3502075672149658, -0.9361433982849121, -0.03146659955382347, -0.0985107421875], [0.0, 0.0, 0.0, 1.0]]], "view": [[0.0, -2.0, 100.0], [-2.0, 0.0, 100.0], [0.0, 0.0, 1.0]], "bev": "bev_30930c33dabe47959589d9f2aa796720.png", "aux": "aux_30930c33dabe47959589d9f2aa796720.npz", "visibility": "visibility_30930c33dabe47959589d9f2aa796720.png", "pose": [[0.19521385431289673, -0.9807606935501099, 0.0, 597.4951171875], [0.9807606935501099, 0.19521385431289673, 0.0, 2008.5050048828125], [0.0, 0.0, 1.0, 0.0], [0.0, 0.0, 0.0, 1.0]], "pose_inverse": [[0.19521385431289673, 0.9807606935501099, 0.0, -2086.502197265625], [-0.9807606935501099, 0.19521385431289673, 0.0, 193.91172790527344], [0.0, 0.0, 1.0, 0.0], [0.0, 0.0, 0.0, 1.0]], "cam_ids": [0, 1, 2, 3, 4, 5], "cam_channels": ["CAM_FRONT_LEFT", "CAM_FRONT", "CAM_FRONT_RIGHT", "CAM_BACK_LEFT", "CAM_BACK", "CAM_BACK_RIGHT"], "token": "30930c33dabe47959589d9f2aa796720", "scene": "scene-0401"}, {"images": ["samples/CAM_FRONT_LEFT/n015-2018-09-27-15-33-17+0800__CAM_FRONT_LEFT__1538033677254844.jpg", "samples/CAM_FRONT/n015-2018-09-27-15-33-17+0800__CAM_FRONT__1538033677262460.jpg", "samples/CAM_FRONT_RIGHT/n015-2018-09-27-15-33-17+0800__CAM_FRONT_RIGHT__1538033677270339.jpg", "samples/CAM_BACK_LEFT/n015-2018-09-27-15-33-17+0800__CAM_BACK_LEFT__1538033677297423.jpg", "samples/CAM_BACK/n015-2018-09-27-15-33-17+0800__CAM_BACK__1538033677287525.jpg", "samples/CAM_BACK_RIGHT/n015-2018-09-27-15-33-17+0800__CAM_BACK_RIGHT__1538033677277893.jpg"], "intrinsics": [[[1272.5979470598488, 0.0, 826.6154927353808], [0.0, 1272.5979470598488, 479.75165386361925], [0.0, 0.0, 1.0]], [[1266.417203046554, 0.0, 816.2670197447984], [0.0, 1266.417203046554, 491.50706579294757], [0.0, 0.0, 1.0]], [[1260.8474446004698, 0.0, 807.968244525554], [0.0, 1260.8474446004698, 495.3344268742088], [0.0, 0.0, 1.0]], [[1256.7414812095406, 0.0, 792.1125740759628], [0.0, 1256.7414812095406, 492.7757465151356], [0.0, 0.0, 1.0]], [[809.2209905677063, 0.0, 829.2196003259838], [0.0, 809.2209905677063, 481.77842384512485], [0.0, 0.0, 1.0]], [[1259.5137405846733, 0.0, 807.2529053838625], [0.0, 1259.5137405846733, 501.19579884916527], [0.0, 0.0, 1.0]]], "extrinsics": [[[0.8261901140213013, -0.5632709264755249, -0.011657597497105598, -0.7672119140625], [-0.00042334108729846776, 0.020071135833859444, -0.9997984766960144, 1.5082277059555054], [0.563391387462616, 0.8260284662246704, 0.016344115138053894, -1.1405029296875], [0.0, 0.0, 0.0, 1.0]], [[0.013566371984779835, -0.999779462814331, -0.016027675941586494, 0.004535675048828125], [-0.005721634719520807, 0.01595127023756504, -0.9998564124107361, 1.5194463729858398], [0.9998916387557983, 0.013656176626682281, -0.005503972060978413, -1.493408203125], [0.0, 0.0, 0.0, 1.0]], [[-0.8295238018035889, -0.558170735836029, -0.01832089014351368, 0.90283203125], [-0.0002549568598624319, 0.03318391740322113, -0.9994491934776306, 1.5036832094192505], [0.5584712624549866, -0.8290622234344482, -0.027669161558151245, -1.164306640625], [0.0, 0.0, 0.0, 1.0]], [[0.9477438926696777, 0.3189105689525604, 0.008811095729470253, -1.142822265625], [0.008402099832892418, 0.0026581566780805588, -0.9999611377716064, 1.5885486602783203], [-0.31892159581184387, 0.9477810859680176, -0.00016026641242206097, -0.10308837890625], [0.0, 0.0, 0.0, 1.0]], [[0.00012174478615634143, 0.9999189376831055, 0.01273328997194767, 0.003658294677734375], [-0.01695026084780693, 0.012733527459204197, -0.9997752904891968, 1.5784034729003906], [-0.9998562932014465, -9.412861982127652e-05, 0.016950435936450958, -0.054931640625], [0.0, 0.0, 0.0, 1.0]], [[-0.9363475441932678, 0.3510426878929138, -0.004735022317618132, 1.0321044921875], [0.015635138377547264, 0.02822268195450306, -0.9994794130325317, 1.5532417297363281], [-0.3507262170314789, -0.9359340071678162, -0.031914837658405304, -0.1044921875], [0.0, 0.0, 0.0, 1.0]]], "view": [[0.0, -2.0, 100.0], [-2.0, 0.0, 100.0], [0.0, 0.0, 1.0]], "bev": "bev_28a38febbcca4bcb848ef4d6eb5280b5.png", "aux": "aux_28a38febbcca4bcb848ef4d6eb5280b5.npz", "visibility": "visibility_28a38febbcca4bcb848ef4d6eb5280b5.png", "pose": [[0.31223779916763306, -0.950003981590271, 0.0, 598.169921875], [0.950003981590271, 0.31223779916763306, 0.0, 2011.0938720703125], [0.0, 0.0, 1.0, 0.0], [0.0, 0.0, 0.0, 1.0]], "pose_inverse": [[0.31223779916763306, 0.950003981590271, 0.0, -2097.318359375], [-0.950003981590271, 0.31223779916763306, 0.0, -59.67571258544922], [0.0, 0.0, 1.0, 0.0], [0.0, 0.0, 0.0, 1.0]], "cam_ids": [0, 1, 2, 3, 4, 5], "cam_channels": ["CAM_FRONT_LEFT", "CAM_FRONT", "CAM_FRONT_RIGHT", "CAM_BACK_LEFT", "CAM_BACK", "CAM_BACK_RIGHT"], "token": "28a38febbcca4bcb848ef4d6eb5280b5", "scene": "scene-0401"}, {"images": ["samples/CAM_FRONT_LEFT/n015-2018-09-27-15-33-17+0800__CAM_FRONT_LEFT__1538033677754844.jpg", "samples/CAM_FRONT/n015-2018-09-27-15-33-17+0800__CAM_FRONT__1538033677762460.jpg", "samples/CAM_FRONT_RIGHT/n015-2018-09-27-15-33-17+0800__CAM_FRONT_RIGHT__1538033677770339.jpg", "samples/CAM_BACK_LEFT/n015-2018-09-27-15-33-17+0800__CAM_BACK_LEFT__1538033677797423.jpg", "samples/CAM_BACK/n015-2018-09-27-15-33-17+0800__CAM_BACK__1538033677787525.jpg", "samples/CAM_BACK_RIGHT/n015-2018-09-27-15-33-17+0800__CAM_BACK_RIGHT__1538033677777893.jpg"], "intrinsics": [[[1272.5979470598488, 0.0, 826.6154927353808], [0.0, 1272.5979470598488, 479.75165386361925], [0.0, 0.0, 1.0]], [[1266.417203046554, 0.0, 816.2670197447984], [0.0, 1266.417203046554, 491.50706579294757], [0.0, 0.0, 1.0]], [[1260.8474446004698, 0.0, 807.968244525554], [0.0, 1260.8474446004698, 495.3344268742088], [0.0, 0.0, 1.0]], [[1256.7414812095406, 0.0, 792.1125740759628], [0.0, 1256.7414812095406, 492.7757465151356], [0.0, 0.0, 1.0]], [[809.2209905677063, 0.0, 829.2196003259838], [0.0, 809.2209905677063, 481.77842384512485], [0.0, 0.0, 1.0]], [[1259.5137405846733, 0.0, 807.2529053838625], [0.0, 1259.5137405846733, 501.19579884916527], [0.0, 0.0, 1.0]]], "extrinsics": [[[0.8257466554641724, -0.5638216733932495, -0.01573348604142666, -0.7607421875], [-0.00882241316139698, 0.014979965053498745, -0.9998489022254944, 1.5060615539550781], [0.5639721155166626, 0.8257607221603394, 0.007395389024168253, -1.1417236328125], [0.0, 0.0, 0.0, 1.0]], [[0.012899985536932945, -0.9998565316200256, -0.010973541997373104, 0.008514404296875], [-0.01397221814841032, 0.010793138295412064, -0.9998441338539124, 1.5176925659179688], [0.9998191595077515, 0.013051288202404976, -0.013830983079969883, -1.48974609375], [0.0, 0.0, 0.0, 1.0]], [[-0.8298893570899963, -0.5578597784042358, -0.008721952326595783, 0.90283203125], [-0.008328519761562347, 0.028017748147249222, -0.9995726943016052, 1.5023117065429688], [0.5578657388687134, -0.8294621706008911, -0.027897778898477554, -1.1605224609375], [0.0, 0.0, 0.0, 1.0]], [[0.947822093963623, 0.31879982352256775, 0.00010793464025482535, -1.1435546875], [0.0008492242777720094, -0.002186258090659976, -0.9999971985816956, 1.588557481765747], [-0.31879866123199463, 0.9478195309638977, -0.002342915628105402, -0.104583740234375], [0.0, 0.0, 0.0, 1.0]], [[0.00031579320784658194, 0.9999703168869019, 0.007696212735027075, 0.001678466796875], [-0.024708114564418793, 0.007701668422669172, 