[{"images": ["samples/CAM_FRONT_LEFT/n015-2018-08-01-16-32-59+0800__CAM_FRONT_LEFT__1533112762154844.jpg", "samples/CAM_FRONT/n015-2018-08-01-16-32-59+0800__CAM_FRONT__1533112762162460.jpg", "samples/CAM_FRONT_RIGHT/n015-2018-08-01-16-32-59+0800__CAM_FRONT_RIGHT__1533112762170339.jpg", "samples/CAM_BACK_LEFT/n015-2018-08-01-16-32-59+0800__CAM_BACK_LEFT__1533112762197423.jpg", "samples/CAM_BACK/n015-2018-08-01-16-32-59+0800__CAM_BACK__1533112762187525.jpg", "samples/CAM_BACK_RIGHT/n015-2018-08-01-16-32-59+0800__CAM_BACK_RIGHT__1533112762177893.jpg"], "intrinsics": [[[1272.5979470598488, 0.0, 826.6154927353808], [0.0, 1272.5979470598488, 479.75165386361925], [0.0, 0.0, 1.0]], [[1266.417203046554, 0.0, 816.2670197447984], [0.0, 1266.417203046554, 491.50706579294757], [0.0, 0.0, 1.0]], [[1260.8474446004698, 0.0, 807.968244525554], [0.0, 1260.8474446004698, 495.3344268742088], [0.0, 0.0, 1.0]], [[1256.7414812095406, 0.0, 792.1125740759628], [0.0, 1256.7414812095406, 492.7757465151356], [0.0, 0.0, 1.0]], [[809.2209905677063, 0.0, 829.2196003259838], [0.0, 809.2209905677063, 481.77842384512485], [0.0, 0.0, 1.0]], [[1259.5137405846733, 0.0, 807.2529053838625], [0.0, 1259.5137405846733, 501.19579884916527], [0.0, 0.0, 1.0]]], "extrinsics": [[[0.8196542859077454, -0.5725724101066589, 0.018102172762155533, -0.91754150390625], [0.019901620224118233, -0.003119345288723707, -0.9997971057891846, 1.5093927383422852], [0.572512686252594, 0.8198481798171997, 0.008838332258164883, -1.24774169921875], [0.0, 0.0, 0.0, 1.0]], [[0.004288922529667616, -0.9999648928642273, 0.007199497893452644, 0.005615234375], [0.014559903182089329, -0.0071363565512001514, -0.9998685717582703, 1.521216869354248], [0.9998847842216492, 0.004393179435282946, 0.014528784900903702, -1.6455917358398438], [0.0, 0.0, 0.0, 1.0]], [[-0.8331554532051086, -0.5525855422019958, -0.02238554134964943, 1.00262451171875], [0.020162727683782578, 0.010100082494318485, -0.9997456669807434, 1.5043601989746094], [0.5526711344718933, -0.8333949446678162, 0.002726695267483592, -1.22869873046875], [0.0, 0.0, 0.0, 1.0]], [[0.9474530816078186, 0.3192138671875, 0.020859837532043457, -1.14501953125], [0.02879561297595501, -0.0201606135815382, -0.999381959438324, 1.5884723663330078], [-0.3185960054397583, 0.9474682211875916, -0.028293194249272346, -0.10284423828125], [0.0, 0.0, 0.0, 1.0]], [[0.0028222675900906324, 0.9999443292617798, -0.010167180560529232, 0.002685546875], [0.0033839663956314325, -0.010176713578402996, -0.9999425411224365, 1.5794000625610352], [-0.9999902248382568, 0.0027877117972820997, -0.0034124997910112143, -0.00991058349609375], [0.0, 0.0, 0.0, 1.0]], [[-0.9341089725494385, 0.3555639982223511, -0.031852882355451584, 1.112548828125], [0.03602137044072151, 0.005107630509883165, -0.9993379712104797, 1.552358627319336], [-0.35516592860221863, -0.9346380233764648, -0.017578987404704094, -0.07232666015625], [0.0, 0.0, 0.0, 1.0]]], "view": [[0.0, -2.0, 100.0], [-2.0, 0.0, 100.0], [0.0, 0.0, 1.0]], "bev": "bev_1a229d68b67e467c8189c7bf492b5a2d.png", "aux": "aux_1a229d68b67e467c8189c7bf492b5a2d.npz", "visibility": "visibility_1a229d68b67e467c8189c7bf492b5a2d.png", "pose": [[-0.9744044542312622, -0.22480201721191406, 0.0, 334.7740173339844], [0.22480201721191406, -0.9744044542312622, 0.0, 975.53125], [0.0, 0.0, 1.0, 0.0], [0.0, 0.0, 0.0, 1.0]], "pose_inverse": [[-0.9744044542312622, 0.22480201721191406, 0.0, 106.9039077758789], [-0.22480201721191406, -0.9744044542312622, 0.0, 1025.81982421875], [0.0, 0.0, 1.0, 0.0], [0.0, 0.0, 0.0, 1.0]], "cam_ids": [0, 1, 2, 3, 4, 5], "cam_channels": ["CAM_FRONT_LEFT", "CAM_FRONT", "CAM_FRONT_RIGHT", "CAM_BACK_LEFT", "CAM_BACK", "CAM_BACK_RIGHT"], "token": "1a229d68b67e467c8189c7bf492b5a2d", "scene": "scene-0126"}, {"images": ["samples/CAM_FRONT_LEFT/n015-2018-08-01-16-32-59+0800__CAM_FRONT_LEFT__1533112762654844.jpg", "samples/CAM_FRONT/n015-2018-08-01-16-32-59+0800__CAM_FRONT__1533112762662460.jpg", "samples/CAM_FRONT_RIGHT/n015-2018-08-01-16-32-59+0800__CAM_FRONT_RIGHT__1533112762670339.jpg", "samples/CAM_BACK_LEFT/n015-2018-08-01-16-32-59+0800__CAM_BACK_LEFT__1533112762697423.jpg", "samples/CAM_BACK/n015-2018-08-01-16-32-59+0800__CAM_BACK__1533112762687525.jpg", "samples/CAM_BACK_RIGHT/n015-2018-08-01-16-32-59+0800__CAM_BACK_RIGHT__1533112762677893.jpg"], "intrinsics": [[[1272.5979470598488, 0.0, 826.6154927353808], [0.0, 1272.5979470598488, 479.75165386361925], [0.0, 0.0, 1.0]], [[1266.417203046554, 0.0, 816.2670197447984], [0.0, 1266.417203046554, 491.50706579294757], [0.0, 0.0, 1.0]], [[1260.8474446004698, 0.0, 807.968244525554], [0.0, 1260.8474446004698, 495.3344268742088], [0.0, 0.0, 1.0]], [[1256.7414812095406, 0.0, 792.1125740759628], [0.0, 1256.7414812095406, 492.7757465151356], [0.0, 0.0, 1.0]], [[809.2209905677063, 0.0, 829.2196003259838], [0.0, 809.2209905677063, 481.77842384512485], [0.0, 0.0, 1.0]], [[1259.5137405846733, 0.0, 807.2529053838625], [0.0, 1259.5137405846733, 501.19579884916527], [0.0, 0.0, 1.0]]], "extrinsics": [[[0.8197640776634216, -0.5723956227302551, 0.01871126890182495, -0.92413330078125], [0.01978025957942009, -0.004354127682745457, -0.9997949004173279, 1.5092283487319946], [0.5723596811294556, 0.8199660181999207, 0.007752774748951197, -1.252197265625], [0.0, 0.0, 0.0, 1.0]], [[0.004422474652528763, -0.9999539852142334, 0.008500578813254833, 0.0054931640625], [0.014512177556753159, -0.008435588330030441, -0.9998591542243958, 1.5211215019226074], [0.9998849034309387, 0.004545244388282299, 0.014474202878773212, -1.6518707275390625], [0.0, 0.0, 0.0, 1.0]], [[-0.833104133605957, -0.5526922941207886, -0.021650493144989014, 1.00653076171875], [0.020180270075798035, 0.00874444842338562, -0.9997580647468567, 1.5042695999145508], [0.5527479648590088, -0.833339512348175, 0.003868446685373783, -1.2313232421875], [0.0, 0.0, 0.0, 1.0]], [[0.9474695324897766, 0.3191879689693451, 0.020505934953689575, -1.14361572265625], [0.028942402452230453, -0.02170988917350769, -0.9993452429771423, 1.5885066986083984], [-0.3185338079929352, 0.9474427700042725, -0.029807526618242264, -0.10308837890625], [0.0, 0.0, 0.0, 1.0]], [[0.0028120295610278845, 0.99992835521698, -0.01163911446928978, 0.002685546875], [0.0034868265502154827, -0.011648893356323242, -0.9999260902404785, 1.5793943405151367], [-0.9999899864196777, 0.00277124485000968, -0.003519333666190505, -0.00875091552734375], [0.0, 0.0, 0.0, 1.0]], [[-0.9341283440589905, 0.3554634153842926, -0.032404325902462006, 1.1154022216796875], [0.03607607260346413, 0.003704091999679804, -0.9993422031402588, 1.5522489547729492], [-0.35510945320129395, -0.9346828460693359, -0.016283821314573288, -0.0714111328125], [0.0, 0.0, 0.0, 1.0]]], "view": [[0.0, -2.0, 100.0], [-2.0, 0.0, 100.0], [0.0, 0.0, 1.0]], "bev": "bev_bb5b65334c594f3f94b54137a1f021a4.png", "aux": "aux_bb5b65334c594f3f94b54137a1f021a4.npz", "visibility": "visibility_bb5b65334c594f3f94b54137a1f021a4.png", "pose": [[-0.9785467982292175, -0.2060246765613556, 0.0, 334.153564453125], [0.2060246765613556, -0.9785467982292175, 0.0, 975.6736450195312], [0.0, 0.0, 1.0, 0.0], [0.0, 0.0, 0.0, 1.0]], "pose_inverse": [[-0.9785467982292175, 0.2060246765613556, 0.0, 125.97205352783203], [-0.2060246765613556, -0.9785467982292175, 0.0, 1023.586181640625], [0.0, 0.0, 1.0, 0.0], [0.0, 0.0, 0.0, 1.0]], "cam_ids": [0, 1, 2, 3, 4, 5], "cam_channels": ["CAM_FRONT_LEFT", "CAM_FRONT", "CAM_FRONT_RIGHT", "CAM_BACK_LEFT", "CAM_BACK", "CAM_BACK_RIGHT"], "token": "bb5b65334c594f3f94b54137a1f021a4", "scene": "scene-0126"}, {"images": ["samples/CAM_FRONT_LEFT/n015-2018-08-01-16-32-59+0800__CAM_FRONT_LEFT__1533112763104844.jpg", "samples/CAM_FRONT/n015-2018-08-01-16-32-59+0800__CAM_FRONT__1533112763112460.jpg", "samples/CAM_FRONT_RIGHT/n015-2018-08-01-16-32-59+0800__CAM_FRONT_RIGHT__1533112763120339.jpg", "samples/CAM_BACK_LEFT/n015-2018-08-01-16-32-59+0800__CAM_BACK_LEFT__1533112763147423.jpg", "samples/CAM_BACK/n015-2018-08-01-16-32-59+0800__CAM_BACK__1533112763137525.jpg", "samples/CAM_BACK_RIGHT/n015-2018-08-01-16-32-59+0800__CAM_BACK_RIGHT__1533112763127893.jpg"], "intrinsics": [[[1272.5979470598488, 0.0, 826.6154927353808], [0.0, 1272.5979470598488, 479.75165386361925], [0.0, 0.0, 1.0]], [[1266.417203046554, 0.0, 816.2670197447984], [0.0, 1266.417203046554, 491.50706579294757], [0.0, 0.0, 1.0]], [[1260.8474446004698, 0.0, 807.968244525554], [0.0, 1260.8474446004698, 495.3344268742088], [0.0, 0.0, 1.0]], [[1256.7414812095406, 0.0, 792.1125740759628], [0.0, 1256.7414812095406, 492.7757465151356], [0.0, 0.0, 1.0]], [[809.2209905677063, 0.0, 829.2196003259838], [0.0, 809.2209905677063, 481.77842384512485], [0.0, 0.0, 1.0]], [[1259.5137405846733, 0.0, 807.2529053838625], [0.0, 1259.5137405846733, 501.19579884916527], [0.0, 0.0, 1.0]]], "extrinsics": [[[0.8196412324905396, -0.5724995136260986, 0.02079756185412407, -0.923370361328125], [0.020760973915457726, -0.006595773156732321, -0.9997627139091492, 1.5092954635620117], [0.5725008249282837, 0.8198785185813904, 0.006479479372501373, -1.2520751953125], [0.0, 0.0, 0.0, 1.0]], [[0.004268525168299675, -0.9999331831932068, 0.010745634324848652, 0.00592041015625], [0.015461132861673832, -0.010678455233573914, -0.9998235106468201, 1.5211730003356934], [0.9998713135719299, 0.004433910828083754, 0.015414517372846603, -1.65130615234375], [0.0, 0.0, 0.0, 1.0]], [[-0.8331463932991028, -0.552646815776825, -0.021178685128688812, 1.0062255859375], [0.021104037761688232, 0.006497402209788561, -0.9997561573982239, 1.5043058395385742], [0.552649736404419, -0.8333901762962341, 0.006249794736504555, -1.23095703125], [0.0, 0.0, 0.0, 1.0]], [[0.9474526047706604, 0.31923168897628784, 0.02060968428850174, -1.142974853515625], [0.02980571985244751, -0.023947784677147865, -0.9992687702178955, 1.5885295867919922], [-0.3185046911239624, 0.9473740458488464, -0.03220432251691818, -0.1033935546875], [0.0, 0.0, 0.0, 1.0]], [[0.0028643175028264523, 0.9998993277549744, -0.013892346993088722, 0.0028076171875], [0.004371541552245617, -0.013904791325330734, -0.9998937845230103, 1.5794076919555664], [-0.9999863505363464, 0.002803265582770109, -0.004410930443555117, -0.0090789794921875], [0.0, 0.0, 0.0, 1.0]], [[-0.9340687990188599, 0.3554650545120239, -0.03405936434864998, 1.1151580810546875], [0.036989979445934296, 0.0014492523623630404, -0.9993146061897278, 1.552278995513916], [-0.3551720678806305, -0.9346884489059448, -0.014502347446978092, -0.07135009765625], [0.0, 0.0, 0.0, 1.0]]], "view": [[0.0, -2.0, 100.0], [-2.0, 0.0, 100.0], [0.0, 0.0, 1.0]], "bev": "bev_31094689d26b4fbeb8bb4938d0f3c6dd.png", "aux": "aux_31094689d26b4fbeb8bb4938d0f3c6dd.npz", "visibility": "visibility_31094689d26b4fbeb8bb4938d0f3c6dd.png", "pose": [[-0.9819782972335815, -0.1889936327934265, 0.0, 333.6346130371094], [0.1889936327934265, -0.9819782972335815, 0.0, 975.7843627929688], [0.0, 0.0, 1.0, 0.0], [0.0, 0.0, 0.0, 1.0]], "pose_inverse": [[-0.9819782972335815, 0.1889936327934265, 0.0, 143.20492553710938], [-0.1889936327934265, -0.9819782972335815, 0.0, 1021.25390625], [0.0, 0.0, 1.0, 0.0], [0.0, 0.0, 0.0, 1.0]], "cam_ids": [0, 1, 2, 3, 4, 5], "cam_channels": ["CAM_FRONT_LEFT", "CAM_FRONT", "CAM_FRONT_RIGHT", "CAM_BACK_LEFT", "CAM_BACK", "CAM_BACK_RIGHT"], "token": "31094689d26b4fbeb8bb4938d0f3c6dd", "scene": "scene-0126"}, {"images": ["samples/CAM_FRONT_LEFT/n015-2018-08-01-16-32-59+0800__CAM_FRONT_LEFT__1533112763604844.jpg", "samples/CAM_FRONT/n015-2018-08-01-16-32-59+0800__CAM_FRONT__1533112763612460.jpg", "samples/CAM_FRONT_RIGHT/n015-2018-08-01-16-32-59+0800__CAM_FRONT_RIGHT__1533112763620339.jpg", "samples/CAM_BACK_LEFT/n015-2018-08-01-16-32-59+0800__CAM_BACK_LEFT__1533112763647423.jpg", "samples/CAM_BACK/n015-2018-08-01-16-32-59+0800__CAM_BACK__1533112763637525.jpg", "samples/CAM_BACK_RIGHT/n015-2018-08-01-16-32-59+0800__CAM_BACK_RIGHT__1533112763627893.jpg"], "intrinsics": [[[1272.5979470598488, 0.0, 826.6154927353808], [0.0, 1272.5979470598488, 479.75165386361925], [0.0, 0.0, 1.0]], [[1266.417203046554, 0.0, 816.2670197447984], [0.0, 1266.417203046554, 491.50706579294757], [0.0, 0.0, 1.0]], [[1260.8474446004698, 0.0, 807.968244525554], [0.0, 1260.8474446004698, 495.3344268742088], [0.0, 0.0, 1.0]], [[1256.7414812095406, 0.0, 792.1125740759628], [0.0, 1256.7414812095406, 492.7757465151356], [0.0, 0.0, 1.0]], [[809.2209905677063, 0.0, 829.2196003259838], [0.0, 809.2209905677063, 481.77842384512485], [0.0, 0.0, 1.0]], [[1259.5137405846733, 0.0, 807.2529053838625], [0.0, 1259.5137405846733, 501.19579884916527], [0.0, 0.0, 1.0]]], "extrinsics": [[[0.8196823596954346, -0.5723357200622559, 0.02350703440606594, -0.9285888671875], [0.023077551275491714, -0.008008860051631927, -0.9997016191482544, 1.509263515472412], [0.5723532438278198, 0.8199803233146667, 0.006643387023359537, -1.2562255859375], [0.0, 0.0, 0.0, 1.0]], [[0.004378160461783409, -0.999917209148407, 0.012095371261239052, 0.00604248046875], [0.01779632456600666, -0.012015661224722862, -0.9997694492340088, 1.5211787223815918], [0.999832034111023, 0.004592417273670435, 0.01774224266409874, -1.65655517578125], [0.0, 0.0, 0.0, 1.0]], [[-0.8330343961715698, -0.5527657866477966, -0.022442474961280823, 1.00958251953125], [0.02345556579530239, 0.005240376573055983, -0.9997110962867737, 1.5042877197265625], [0.5527237057685852, -0.833320140838623, 0.008600020781159401, -1.23291015625], [0.0, 0.0, 0.0, 1.0]], [[0.9473987221717834, 0.31926003098487854, 0.02255546674132347, -1.1424560546875], [0.0321819894015789, -0.02490881271660328, -0.9991716146469116, 1.5885505676269531], [-0.3184337019920349, 0.9473397731781006, -0.033872995525598526, -0.10369873046875], [0.0, 0.0, 0.0, 1.0]], [[0.002851584693416953, 0.9998841285705566, -0.01495534647256136, 0.0025634765625], [0.00674346461892128, -0.014974295161664486, -0.9998651742935181, 1.5794296264648438], [-0.9999732375144958, 0.0027503131423145533, -0.006785382982343435, -0.008026123046875], [0.0, 0.0, 0.0, 1.0]], [[-0.9340149760246277, 0.35534578561782837, -0.03668033704161644, 1.1174163818359375], [0.03934524580836296, 0.0002732893917709589, -0.9992256164550781, 1.552229881286621], [-0.3550606071949005, -0.9347349405288696, -0.014236422255635262, -0.0701904296875], [0.0, 0.0, 0.0, 1.0]]], "view": [[0.0, -2.0, 100.0], [-2.0, 0.0, 100.0], [0.0, 0.0, 1.0]], "bev": "bev_34411ab5467041d797df0a32b766acaa.png", "aux": "aux_34411ab5467041d797df0a32b766acaa.npz", "visibility": "visibility_34411ab5467041d797df0a32b766acaa.png", "pose": [[-0.98540860414505, -0.17020545899868011, 0.0, 333.09002685546875], [0.17020545899868011, -0.98540860414505, 0.0, 975.891845703125], [0.0, 0.0, 1.0, 0.0], [0.0, 0.0, 0.0, 1.0]], "pose_inverse": [[-0.98540860414505, 0.17020545899868011, 0.0, 162.12765502929688], [-0.17020545899868011, -0.98540860414505, 0.0, 1018.345947265625], [0.0, 0.0, 1.0, 0.0], [0.0, 0.0, 0.0, 1.0]], "cam_ids": [0, 1, 2, 3, 4, 5], "cam_channels": ["CAM_FRONT_LEFT", "CAM_FRONT", "CAM_FRONT_RIGHT", "CAM_BACK_LEFT", "CAM_BACK", "CAM_BACK_RIGHT"], "token": "34411ab5467041d797df0a32b766acaa", "scene": "scene-0126"}, {"images": ["samples/CAM_FRONT_LEFT/n015-2018-08-01-16-32-59+0800__CAM_FRONT_LEFT__1533112764104844.jpg", "samples/CAM_FRONT/n015-2018-08-01-16-32-59+0800__CAM_FRONT__1533112764112460.jpg", "samples/CAM_FRONT_RIGHT/n015-2018-08-01-16-32-59+0800__CAM_FRONT_RIGHT__1533112764120339.jpg", "samples/CAM_BACK_LEFT/n015-2018-08-01-16-32-59+0800__CAM_BACK_LEFT__1533112764147423.jpg", "samples/CAM_BACK/n015-2018-08-01-16-32-59+0800__CAM_BACK__1533112764137525.jpg", "samples/CAM_BACK_RIGHT/n015-2018-08-01-16-32-59+0800__CAM_BACK_RIGHT__1533112764127893.jpg"], "intrinsics": [[[1272.5979470598488, 0.0, 826.6154927353808], [0.0, 1272.5979470598488, 479.75165386361925], [0.0, 0.0, 1.0]], [[1266.417203046554, 0.0, 816.2670197447984], [0.0, 1266.417203046554, 491.50706579294757], [0.0, 0.0, 1.0]], [[1260.8474446004698, 0.0, 807.968244525554], [0.0, 1260.8474446004698, 495.3344268742088], [0.0, 0.0, 1.0]], [[1256.7414812095406, 0.0, 792.1125740759628], [0.0, 1256.7414812095406, 492.7757465151356], [0.0, 0.0, 1.0]], [[809.2209905677063, 0.0, 829.2196003259838], [0.0, 809.2209905677063, 481.77842384512485], [0.0, 0.0, 1.0]], [[1259.5137405846733, 0.0, 807.2529053838625], [0.0, 1259.5137405846733, 501.19579884916527], [0.0, 0.0, 1.0]]], "extrinsics": [[[0.8195903301239014, -0.5724102854728699, 0.024861719459295273, -0.9266357421875], [0.02495846152305603, -0.007682477124035358, -0.99965900182724, 1.5094074010849], [0.572405993938446, 0.8199313879013062, 0.007989991456270218, -1.25421142578125], [0.0, 0.0, 0.0, 1.0]], [[0.004289968404918909, -0.9999203085899353, 0.011871244758367538, 0.0057373046875], [0.019695071503520012, -0.011784565635025501, -0.9997366070747375, 1.521287441253662], [0.9997969269752502, 0.004522665403783321, 0.019642949104309082, -1.6543121337890625], [0.0, 0.0, 0.0, 1.0]], [[-0.8330166339874268, -0.5527220964431763, -0.024114178493618965, 1.00799560546875], [0.02537374570965767, 0.005372161976993084, -0.9996635317802429, 1.5043907165527344], [0.5526657700538635, -0.8333483338356018, 0.009549531154334545, -1.2320556640625], [0.0, 0.0, 0.0, 1.0]], [[0.9473484754562378, 0.3192746639251709, 0.024387435987591743, -1.141998291015625], [0.03418395668268204, -0.025115149095654488, -0.9990999102592468, 1.5885639190673828], [-0.31837478280067444, 0.9473292827606201, -0.03470686450600624, -0.103759765625], [0.0, 0.0, 0.0, 1.0]], [[0.002892837394028902, 0.9998826384544373, -0.015047057531774044, 0.00274658203125], [0.008720875717699528, -0.015071774832904339, -0.9998484253883362, 1.5794572830200195], [-0.9999578595161438, 0.0027611833065748215, -0.0087634501978755, -0.0090179443359375], [0.0, 0.0, 0.0, 1.0]], [[-0.9339303970336914, 0.3553774952888489, -0.038481879979372025, 1.1161956787109375], [0.04128499701619148, 0.0003045758930966258, -0.999147355556488, 1.5523290634155273], [-0.3550627529621124, -0.934722900390625, -0.014956210739910603, -0.07098388671875], [0.0, 0.0, 0.0, 1.0]]], "view": [[0.0, -2.0, 100.0], [-2.0, 0.0, 100.0], [0.0, 0.0, 1.0]], "bev": "bev_1062a0889bc344879c71cede2f6fe8cb.png", "aux": "aux_1062a0889bc344879c71cede2f6fe8cb.npz", "visibility": "visibility_1062a0889bc344879c71cede2f6fe8cb.png", "pose": [[-0.9882150888442993, -0.1530718356370926, 0.0, 332.5975646972656], [0.1530718356370926, -0.9882150888442993, 0.0, 975.978515625], [0.0, 0.0, 1.0, 0.0], [0.0, 0.0, 0.0, 1.0]], "pose_inverse": [[-0.9882150888442993, 0.1530718356370926, 0.0, 179.28309631347656], [-0.1530718356370926, -0.9882150888442993, 0.0, 1015.3880004882812], [0.0, 0.0, 1.0, 0.0], [0.0, 0.0, 0.0, 1.0]], "cam_ids": [0, 1, 2, 3, 4, 5], "cam_channels": ["CAM_FRONT_LEFT", "CAM_FRONT", "CAM_FRONT_RIGHT", "CAM_BACK_LEFT", "CAM_BACK", "CAM_BACK_RIGHT"], "token": "1062a0889bc344879c71cede2f6fe8cb", "scene": "scene-0126"}, {"images": ["samples/CAM_FRONT_LEFT/n015-2018-08-01-16-32-59+0800__CAM_FRONT_LEFT__1533112764604844.jpg", "samples/CAM_FRONT/n015-2018-08-01-16-32-59+0800__CAM_FRONT__1533112764612460.jpg", "samples/CAM_FRONT_RIGHT/n015-2018-08-01-16-32-59+0800__CAM_FRONT_RIGHT__1533112764620339.jpg", "samples/CAM_BACK_LEFT/n015-2018-08-01-16-32-59+0800__CAM_BACK_LEFT__1533112764647423.jpg", "samples/CAM_BACK/n015-2018-08-01-16-32-59+0800__CAM_BACK__1533112764637525.jpg", "samples/CAM_BACK_RIGHT/n015-2018-08-01-16-32-59+0800__CAM_BACK_RIGHT__1533112764627893.jpg"], "intrinsics": [[[1272.5979470598488, 0.0, 826.6154927353808], [0.0, 1272.5979470598488, 479.75165386361925], [0.0, 0.0, 1.0]], [[1266.417203046554, 0.0, 816.2670197447984], [0.0, 1266.417203046554, 491.50706579294757], [0.0, 0.0, 1.0]], [[1260.8474446004698, 0.0, 807.968244525554], [0.0, 1260.8474446004698, 495.3344268742088], [0.0, 0.0, 1.0]], [[1256.7414812095406, 0.0, 792.1125740759628], [0.0, 1256.7414812095406, 492.7757465151356], [0.0, 0.0, 1.0]], [[809.2209905677063, 0.0, 829.2196003259838], [0.0, 809.2209905677063, 481.77842384512485], [0.0, 0.0, 1.0]], [[1259.5137405846733, 0.0, 807.2529053838625], [0.0, 1259.5137405846733, 501.19579884916527], [0.0, 0.0, 1.0]]], "extrinsics": [[[0.8198189735412598, -0.572080671787262, 0.024911794811487198, -0.93475341796875], [0.026241932064294815, -0.005924245808273554, -0.9996380805969238, 1.5092090368270874], [0.5720211267471313, 0.8201760053634644, 0.010155691765248775, -1.25970458984375], [0.0, 0.0, 0.0, 1.0]], [[0.004654784686863422, -0.9999381899833679, 0.010092618875205517, 0.00555419921875], [0.02095901221036911, -0.009992956183850765, -0.9997304677963257, 1.5211668014526367], [0.9997695088386536, 0.004865062423050404, 0.0209111999720335, -1.662322998046875], [0.0, 0.0, 0.0, 1.0]], [[-0.832819938659668, -0.552925705909729, -0.026153672486543655, 1.01312255859375], [0.02661016583442688, 0.007202148903161287, -0.9996199011802673, 1.5042591094970703], [0.5529040098190308, -0.8331993818283081, 0.008715352974832058, -1.23565673828125], [0.0, 0.0, 0.0, 1.0]], [[0.9473114013671875, 0.3192499279975891, 0.02608894556760788, -1.14215087890625], [0.035341713577508926, -0.023223185911774635, -0.9991054534912109, 1.5885591506958008], [-0.318358451128006, 0.9473859667778015, -0.03328242897987366, -0.10382080078125], [0.0, 0.0, 0.0, 1.0]], [[0.0027856575325131416, 0.9999096393585205, -0.013152528554201126, 0.0028076171875], [0.009903278201818466, -0.013179518282413483, -0.9998641014099121, 1.5794439315795898], [-0.9999470710754395, 0.002655026502907276, -0.009939094074070454, -0.006622314453125], [0.0, 0.0, 0.0, 1.0]], [[-0.9339624643325806, 0.35524114966392517, -0.03895983844995499, 1.1204681396484375], [0.042502425611019135, 0.0021707129199057817, -0.9990940093994141, 1.5521612167358398], [-0.35483476519584656, -0.9347721934318542, -0.01712597720324993, -0.06939697265625], [0.0, 0.0, 0.0, 1.0]]], "view": [[0.0, -2.0, 100.0], [-2.0, 0.0, 100.0], [0.0, 0.0, 1.0]], "bev": "bev_b781c2fe1c954dbbbee9cabe4d98b0d2.png", "aux": "aux_b781c2fe1c954dbbbee9cabe4d98b0d2.npz", "visibility": "visibility_b781c2fe1c954dbbbee9cabe4d98b0d2.png", "pose": [[-0.990588366985321, -0.136874720454216, 0.0, 332.1341857910156], [0.136874720454216, -0.990588366985321, 0.0, 976.0487670898438], [0.0, 0.0, 1.0, 0.0], [0.0, 0.0, 0.0, 1.0]], "pose_inverse": [[-0.990588366985321, 0.136874720454216, 0.0, 195.411865234375], [-0.136874720454216, -0.990588366985321, 0.0, 1012.3233032226562], [0.0, 0.0, 1.0, 0.0], [0.0, 0.0, 0.0, 1.0]], "cam_ids": [0, 1, 2, 3, 4, 5], "cam_channels": ["CAM_FRONT_LEFT", "CAM_FRONT", "CAM_FRONT_RIGHT", "CAM_BACK_LEFT", "CAM_BACK", "CAM_BACK_RIGHT"], "token": "b781c2fe1c954dbbbee9cabe4d98b0d2", "scene": "scene-0126"}, {"images": ["samples/CAM_FRONT_LEFT/n015-2018-08-01-16-32-59+0800__CAM_FRONT_LEFT__1533112765254844.jpg", "samples/CAM_FRONT/n015-2018-08-01-16-32-59+0800__CAM_FRONT__1533112765262460.jpg", "samples/CAM_FRONT_RIGHT/n015-2018-08-01-16-32-59+0800__CAM_FRONT_RIGHT__1533112765270339.jpg", "samples/CAM_BACK_LEFT/n015-2018-08-01-16-32-59+0800__CAM_BACK_LEFT__1533112765297423.jpg", "samples/CAM_BACK/n015-2018-08-01-16-32-59+0800__CAM_BACK__1533112765287525.jpg", "samples/CAM_BACK_RIGHT/n015-2018-08-01-16-32-59+0800__CAM_BACK_RIGHT__1533112765277893.jpg"], "intrinsics": [[[1272.5979470598488, 0.0, 826.6154927353808], [0.0, 1272.5979470598488, 479.75165386361925], [0.0, 0.0, 1.0]], [[1266.417203046554, 0.0, 816.2670197447984], [0.0, 1266.417203046554, 491.50706579294757], [0.0, 0.0, 1.0]], [[1260.8474446004698, 0.0, 807.968244525554], [0.0, 1260.8474446004698, 495.3344268742088], [0.0, 0.0, 1.0]], [[1256.7414812095406, 0.0, 792.1125740759628], [0.0, 1256.7414812095406, 492.7757465151356], [0.0, 0.0, 1.0]], [[809.2209905677063, 0.0, 829.2196003259838], [0.0, 809.2209905677063, 481.77842384512485], [0.0, 0.0, 1.0]], [[1259.5137405846733, 0.0, 807.2529053838625], [0.0, 1259.5137405846733, 501.19579884916527], [0.0, 0.0, 1.0]]], "extrinsics": [[[0.8198481798171997, -0.5719102025032043, 0.02770506776869297, -0.941680908203125], [0.028425177559256554, -0.0076738023199141026, -0.9995664954185486, 1.5090504884719849], [0.5718747973442078, 0.8202803730964661, 0.009965294972062111, -1.264404296875], [0.0, 0.0, 0.0, 1.0]], [[0.004757472779601812, -0.9999182224273682, 0.011870836839079857, 0.0054931640625], [0.023182781413197517, -0.011757496744394302, -0.9996621012687683, 1.5210719108581543], [0.9997198581695557, 0.005031066946685314, 0.023124948143959045, -1.6692352294921875], [0.0, 0.0, 0.0, 1.0]], [[-0.832703173160553, -0.5530581474304199, -0.02705768495798111, 1.017578125], [0.02887863479554653, 0.005421978421509266, -0.9995682239532471, 1.5041589736938477], [0.5529660582542419, -0.8331250548362732, 0.011456667445600033, -1.238525390625], [0.0, 0.0, 0.0, 1.0]], [[0.9472386240959167, 0.3193196654319763, 0.027819108217954636, -1.14202880859375], [0.037778206169605255, -0.02503589354455471, -0.998972475528717, 1.5885629653930664], [-0.31829509139060974, 0.9473162889480591, -0.035778291523456573, -0.10382080078125], [0.0, 0.0, 0.0, 1.0]], [[0.0027697922196239233, 0.9998844265937805, -0.01495001558214426, 0.00274658203125], [0.012278749607503414, -0.014982951804995537, -0.9998123645782471, 1.579442024230957], [-0.9999207258224487, 0.0025857086293399334, -0.01231883093714714, -0.004791259765625], [0.0, 0.0, 0.0, 1.0]], [[-0.9338968992233276, 0.3550955355167389, -0.04175839573144913, 1.1240692138671875], [0.04481453448534012, 0.0003821797436103225, -0.9989952445030212, 1.5520305633544922], [-0.3547228276729584, -0.9348299503326416, -0.016270358115434647, -0.068115234375], [0.0, 0.0, 0.0, 1.0]]], "view": [[0.0, -2.0, 100.0], [-2.0, 0.0, 100.0], [0.0, 0.0, 1.0]], "bev": "bev_9d7046afc6b44d30bb6713dbf88033e2.png", "aux": "aux_9d7046afc6b44d30bb6713dbf88033e2.npz", "visibility": "visibility_9d7046afc6b44d30bb6713dbf88033e2.png", "pose": [[-0.9928189516067505, -0.11962654441595078, 0.0, 331.6578063964844], [0.11962654441595078, -0.9928189516067505, 0.0, 976.1138305664062], [0.0, 0.0, 1.0, 0.0], [0.0, 0.0, 0.0, 1.0]], "pose_inverse": [[-0.9928189516067505, 0.11962654441595078, 0.0, 212.5070343017578], [-0.11962654441595078, -0.9928189516067505, 0.0, 1008.7794189453125], [0.0, 0.0, 1.0, 0.0], [0.0, 0.0, 0.0, 1.0]], "cam_ids": [0, 1, 2, 3, 4, 5], "cam_channels": ["CAM_FRONT_LEFT", "CAM_FRONT", "CAM_FRONT_RIGHT", "CAM_BACK_LEFT", "CAM_BACK", "CAM_BACK_RIGHT"], "token": "9d7046afc6b44d30bb6713dbf88033e2", "scene": "scene-0126"}, {"images": ["samples/CAM_FRONT_LEFT/n015-2018-08-01-16-32-59+0800__CAM_FRONT_LEFT__1533112765754844.jpg", "samples/CAM_FRONT/n015-2018-08-01-16-32-59+0800__CAM_FRONT__1533112765762460.jpg", "samples/CAM_FRONT_RIGHT/n015-2018-08-01-16-32-59+0800__CAM_FRONT_RIGHT__1533112765770339.jpg", "samples/CAM_BACK_LEFT/n015-2018-08-01-16-32-59+0800__CAM_BACK_LEFT__1533112765797423.jpg", "samples/CAM_BACK/n015-2018-08-01-16-32-59+0800__CAM_BACK__1533112765787525.jpg", "samples/CAM_BACK_RIGHT/n015-2018-08-01-16-32-59+0800__CAM_BACK_RIGHT__1533112765777893.jpg"], "intrinsics": [[[1272.5979470598488, 0.0, 826.6154927353808], [0.0, 1272.5979470598488, 479.75165386361925], [0.0, 0.0, 1.0]], [[1266.417203046554, 0.0, 816.2670197447984], [0.0, 1266.417203046554, 491.50706579294757], [0.0, 0.0, 1.0]], [[1260.8474446004698, 0.0, 807.968244525554], [0.0, 1260.8474446004698, 495.3344268742088], [0.0, 0.0, 1.0]], [[1256.7414812095406, 0.0, 792.1125740759628], [0.0, 1256.7414812095406, 492.7757465151356], [0.0, 0.0, 1.0]], [[809.2209905677063, 0.0, 829.2196003259838], [0.0, 809.2209905677063, 481.77842384512485], [0.0, 0.0, 1.0]], [[1259.5137405846733, 0.0, 807.2529053838625], [0.0, 1259.5137405846733, 501.19579884916527], [0.0, 0.0, 1.0]]], "extrinsics": [[[0.8199001550674438, -0.5717288851737976, 0.02983054146170616, -0.946929931640625], [0.03078862838447094, -0.007996521890163422, -0.9994939565658569, 1.5089231729507446], [0.571678102016449, 0.8204036355018616, 0.011046399362385273, -1.2679443359375], [0.0, 0.0, 0.0, 1.0]], [[0.0049051037058234215, -0.9999134540557861, 0.012206207029521465, 0.00531005859375], [0.025526653975248337, -0.012077175080776215, -0.9996011853218079, 1.5209970474243164], [0.9996619820594788, 0.005214713513851166, 0.025465205311775208, -1.6741943359375], [0.0, 0.0, 0.0, 1.0]], [[-0.8325604796409607, -0.5531840324401855, -0.028817569836974144, 1.02056884765625], [0.03119380585849285, 0.005120246205478907, -0.9995002150535583, 1.504084587097168], [0.5530550479888916, -0.8330433964729309, 0.012993003241717815, -1.24078369140625], [0.0, 0.0, 0.0, 1.0]], [[0.9471666812896729, 0.31935325264930725, 0.029811682179570198, -1.1419677734375], [0.039964571595191956, -0.025284815579652786, -0.9988811016082764, 1.588566780090332], [-0.3182421624660492, 0.9472984075546265, -0.03671175241470337, -0.103759765625], [0.0, 0.0, 0.0, 1.0]], [[0.0027380213141441345, 0.9998805522918701, -0.015213968232274055, 0.0028076171875], [0.014511020854115486, -0.015252150595188141, -0.9997783899307251, 1.579437255859375], [-0.999890923500061, 0.002516641514375806, -0.014551050961017609, -0.0035400390625], [0.0, 0.0, 0.0, 1.0]], [[-0.9338371157646179, 0.3549831509590149, -0.04399067163467407, 1.1266021728515625], [0.047093749046325684, 0.00010148937872145325, -0.9988904595375061, 1.5519351959228516], [-0.35458484292030334, -0.9348726868629456, -0.016812263056635857, -0.06732177734375], [0.0, 0.0, 0.0, 1.0]]], "view": [[0.0, -2.0, 100.0], [-2.0, 0.0, 100.0], [0.0, 0.0, 1.0]], "bev": "bev_ab256e0594844adfaf7ea6b5aeef9ba5.png", "aux": "aux_ab256e0594844adfaf7ea6b5aeef9ba5.npz", "visibility": "visibility_ab256e0594844adfaf7ea6b5aeef9ba5.png", "pose": [[-0.9941308498382568, -0.1081843227148056, 0.0, 331.3819274902344], [0.1081843227148056, -0.9941308498382568, 0.0, 976.1490478515625], [0.0, 0.0, 1.0, 0.0], [0.0, 0.0, 0.0, 1.0]], "pose_inverse": [[-0.9941308498382568, 0.1081843227148056, 0.0, 223.83297729492188], [-0.1081843227148056, -0.9941308498382568, 0.0, 1006.2702026367188], [0.0, 0.0, 1.0, 0.0], [0.0, 0.0, 0.0, 1.0]], "cam_ids": [0, 1, 2, 3, 4, 5], "cam_channels": ["CAM_FRONT_LEFT", "CAM_FRONT", "CAM_FRONT_RIGHT", "CAM_BACK_LEFT", "CAM_BACK", "CAM_BACK_RIGHT"], "token": "ab256e0594844adfaf7ea6b5aeef9ba5", "scene": "scene-0126"}, {"images": ["samples/CAM_FRONT_LEFT/n015-2018-08-01-16-32-59+0800__CAM_FRONT_LEFT__1533112766254844.jpg", "samples/CAM_FRONT/n015-2018-08-01-16-32-59+0800__CAM_FRONT__1533112766262460.jpg", "samples/CAM_FRONT_RIGHT/n015-2018-08-01-16-32-59+0800__CAM_FRONT_RIGHT__1533112766270339.jpg", "samples/CAM_BACK_LEFT/n015-2018-08-01-16-32-59+0800__CAM_BACK_LEFT__1533112766297423.jpg", "samples/CAM_BACK/n015-2018-08-01-16-32-59+0800__CAM_BACK__1533112766287525.jpg", "samples/CAM_BACK_RIGHT/n015-2018-08-01-16-32-59+0800__CAM_BACK_RIGHT__1533112766277893.jpg"], "intrinsics": [[[1272.5979470598488, 0.0, 826.6154927353808], [0.0, 1272.5979470598488, 479.75165386361925], [0.0, 0.0, 1.0]], [[1266.417203046554, 0.0, 816.2670197447984], [0.0, 1266.417203046554, 491.50706579294757], [0.0, 0.0, 1.0]], [[1260.8474446004698, 0.0, 807.968244525554], [0.0, 1260.8474446004698, 495.3344268742088], [0.0, 0.0, 1.0]], [[1256.7414812095406, 0.0, 792.1125740759628], [0.0, 1256.7414812095406, 492.7757465151356], [0.0, 0.0, 1.0]], [[809.2209905677063, 0.0, 829.2196003259838], [0.0, 809.2209905677063, 481.77842384512485], [0.0, 0.0, 1.0]], [[1259.5137405846733, 0.0, 807.2529053838625], [0.0, 1259.5137405846733, 501.19579884916527], [0.0, 0.0, 1.0]]], "extrinsics": [[[0.8190809488296509, -0.572808027267456, 0.03158121928572655, -0.939605712890625], [0.03344464674592018, -0.007277905009686947, -0.9994140863418579, 1.509275197982788], [0.572702169418335, 0.8196573853492737, 0.01319616287946701, -1.26287841796875], [0.0, 0.0, 0.0, 1.0]], [[0.0038031695876270533, -0.9999280571937561, 0.011368741281330585, 0.00543212890625], [0.028119556605815887, -0.01125739049166441, -0.999541163444519, 1.5212492942810059], [0.9995973110198975, 0.004121124278753996, 0.02807472087442875, -1.666961669921875], [0.0, 0.0, 0.0, 1.0]], [[-0.8329437375068665, -0.5524629950523376, -0.03145251423120499, 1.015869140625], [0.033742740750312805, 0.006024337839335203, -0.9994123578071594, 1.5043106079101562], [0.5523278713226318, -0.8335156440734863, 0.013623683713376522, -1.23760986328125], [0.0, 0.0, 0.0, 1.0]], [[0.9470739364624023, 0.31937718391418457, 0.032390154898166656, -1.14324951171875], [0.04229021072387695, -0.024110065773129463, -0.9988144040107727, 1.5885038375854492], [-0.31821760535240173, 0.9473208785057068, -0.03634054586291313, -0.10321044921875], [0.0, 0.0, 0.0, 1.0]], [[0.003057472174987197, 0.9998957514762878, -0.014115399681031704, 0.00274658203125], [0.016923237591981888, -0.014165179803967476, -0.9997564554214478, 1.5794782638549805], [-0.9998521208763123, 0.002817857079207897, -0.016964785754680634, -0.0052490234375], [0.0, 0.0, 0.0, 1.0]], [[-0.9335132837295532, 0.3555856943130493, -0.04595361649990082, 1.1227264404296875], [0.04957552254199982, 0.0010751842055469751, -0.9987697601318359, 1.5521621704101562], [-0.3550989031791687, -0.934643030166626, -0.01863204501569271, -0.06866455078125], [0.0, 0.0, 0.0, 1.0]]], "view": [[0.0, -2.0, 100.0], [-2.0, 0.0, 100.0], [0.0, 0.0, 1.0]], "bev": "bev_168ee8f9f25c4adca1f2c609763bfbfe.png", "aux": "aux_168ee8f9f25c4adca1f2c609763bfbfe.npz", "visibility": "visibility_168ee8f9f25c4adca1f2c609763bfbfe.png", "pose": [[-0.9960408806800842, -0.08889647573232651, 0.0, 331.0744323730469], [0.08889647573232651, -0.9960408806800842, 0.0, 976.1817626953125], [0.0, 0.0, 1.0, 0.0], [0.0, 0.0, 0.0, 1.0]], "pose_inverse": [[-0.9960408806800842, 0.08889647573232651, 0.0, 242.9845428466797], [-0.08889647573232651, -0.9960408806800842, 0.0, 1001.748291015625], [0.0, 0.0, 1.0, 0.0], [0.0, 0.0, 0.0, 1.0]], "cam_ids": [0, 1, 2, 3, 4, 5], "cam_channels": ["CAM_FRONT_LEFT", "CAM_FRONT", "CAM_FRONT_RIGHT", "CAM_BACK_LEFT", "CAM_BACK", "CAM_BACK_RIGHT"], "token": "168ee8f9f25c4adca1f2c609763bfbfe", "scene": "scene-0126"}, {"images": ["samples/CAM_FRONT_LEFT/n015-2018-08-01-16-32-59+0800__CAM_FRONT_LEFT__1533112766754844.jpg", "samples/CAM_FRONT/n015-2018-08-01-16-32-59+0800__CAM_FRONT__1533112766762460.jpg", "samples/CAM_FRONT_RIGHT/n015-2018-08-01-16-32-59+0800__CAM_FRONT_RIGHT__1533112766770339.jpg", "samples/CAM_BACK_LEFT/n015-2018-08-01-16-32-59+0800__CAM_BACK_LEFT__1533112766797423.jpg", "samples/CAM_BACK/n015-2018-08-01-16-32-59+0800__CAM_BACK__1533112766787525.jpg", "samples/CAM_BACK_RIGHT/n015-2018-08-01-16-32-59+0800__CAM_BACK_RIGHT__1533112766777893.jpg"], "intrinsics": [[[1272.5979470598488, 0.0, 826.6154927353808], [0.0, 1272.5979470598488, 479.75165386361925], [0.0, 0.0, 1.0]], [[1266.417203046554, 0.0, 816.2670197447984], [0.0, 1266.417203046554, 491.50706579294757], [0.0, 0.0, 1.0]], [[1260.8474446004698, 0.0, 807.968244525554], [0.0, 1260.8474446004698, 495.3344268742088], [0.0, 0.0, 1.0]], [[1256.7414812095406, 0.0, 792.1125740759628], [0.0, 1256.7414812095406, 492.7757465151356], [0.0, 0.0, 1.0]], [[809.2209905677063, 0.0, 829.2196003259838], [0.0, 809.2209905677063, 481.77842384512485], [0.0, 0.0, 1.0]], [[1259.5137405846733, 0.0, 807.2529053838625], [0.0, 1259.5137405846733, 501.19579884916527], [0.0, 0.0, 1.0]]], "extrinsics": [[[0.8176512718200684, -0.5747753381729126, 0.032856523990631104, -0.924224853515625], [0.035104475915431976, -0.007189243566244841, -0.9993577599525452, 1.5099937915802002], [0.5746424794197083, 0.8182796239852905, 0.014298895373940468, -1.25189208984375], [0.0, 0.0, 0.0, 1.0]], [[0.0017752341227605939, -0.9999343156814575, 0.011318511329591274, 0.00531005859375], [0.029853222891688347, -0.011260493658483028, -0.9994908571243286, 1.5217641592025757], [0.9995526671409607, 0.002112222369760275, 0.02983126975595951, -1.651123046875], [0.0, 0.0, 0.0, 1.0]], [[-0.8337587714195251, -0.551145076751709, -0.032944317907094955, 1.00543212890625], [0.0355786569416523, 0.005912896245718002, -0.9993493556976318, 1.5047893524169922], [0.550981342792511, -0.8343883752822876, 0.014679077081382275, -1.23095703125], [0.0, 0.0, 0.0, 1.0]], [[0.947003960609436, 0.3193966746330261, 0.03419345244765282, -1.14202880859375], [0.044306881725788116, -0.024449700489640236, -0.9987186789512634, 1.5885677337646484], [-0.3181513845920563, 0.9473056197166443, -0.03730543330311775, -0.103759765625], [0.0, 0.0, 0.0, 1.0]], [[0.00370052014477551, 0.9998900294303894, -0.014363936148583889, 0.00274658203125], [0.01886514574289322, -0.014431281946599483, -0.9997178912162781, 1.5795931816101074], [-0.9998151063919067, 0.003428505500778556, -0.018916476517915726, -0.010528564453125], [0.0, 0.0, 0.0, 1.0]], [[-0.9330100417137146, 0.3566661477088928, -0.047764457762241364, 1.1141891479492188], [0.051457878202199936, 0.0008679128950461745, -0.9986748099327087, 1.552663803100586], [-0.35615208745002747, -0.9342315196990967, -0.019163057208061218, -0.0718994140625], [0.0, 0.0, 0.0, 1.0]]], "view": [[0.0, -2.0, 100.0], [-2.0, 0.0, 100.0], [0.0, 0.0, 1.0]], "bev": "bev_cee8a0d44d434c7c8e83f5995f2b3e0a.png", "aux": "aux_cee8a0d44d434c7c8e83f5995f2b3e0a.npz", "visibility": "visibility_cee8a0d44d434c7c8e83f5995f2b3e0a.png", "pose": [[-0.9989132285118103, -0.04660846292972565, 0.0, 330.5655212402344], [0.04660846292972565, -0.9989132285118103, 0.0, 976.220947265625], [0.0, 0.0, 1.0, 0.0], [0.0, 0.0, 0.0, 1.0]], "pose_inverse": [[-0.9989132285118103, 0.04660846292972565, 0.0, 284.70611572265625], [-0.04660846292972565, -0.9989132285118103, 0.0, 990.5671997070312], [0.0, 0.0, 1.0, 0.0], [0.0, 0.0, 0.0, 1.0]], "cam_ids": [0, 1, 2, 3, 4, 5], "cam_channels": ["CAM_FRONT_LEFT", "CAM_FRONT", "CAM_FRONT_RIGHT", "CAM_BACK_LEFT", "CAM_BACK", "CAM_BACK_RIGHT"], "token": "cee8a0d44d434c7c8e83f5995f2b3e0a", "scene": "scene-0126"}, {"images": ["samples/CAM_FRONT_LEFT/n015-2018-08-01-16-32-59+0800__CAM_FRONT_LEFT__1533112767154844.jpg", "samples/CAM_FRONT/n015-2018-08-01-16-32-59+0800__CAM_FRONT__1533112767162460.jpg", "samples/CAM_FRONT_RIGHT/n015-2018-08-01-16-32-59+0800__CAM_FRONT_RIGHT__1533112767170339.jpg", "samples/CAM_BACK_LEFT/n015-2018-08-01-16-32-59+0800__CAM_BACK_LEFT__1533112767197423.jpg", "samples/CAM_BACK/n015-2018-08-01-16-32-59+0800__CAM_BACK__1533112767187525.jpg", "samples/CAM_BACK_RIGHT/n015-2018-08-01-16-32-59+0800__CAM_BACK_RIGHT__1533112767177893.jpg"], "intrinsics": [[[1272.5979470598488, 0.0, 826.6154927353808], [0.0, 1272.5979470598488, 479.75165386361925], [0.0, 0.0, 1.0]], [[1266.417203046554, 0.0, 816.2670197447984], [0.0, 1266.417203046554, 491.50706579294757], [0.0, 0.0, 1.0]], [[1260.8474446004698, 0.0, 807.968244525554], [0.0, 1260.8474446004698, 495.3344268742088], [0.0, 0.0, 1.0]], [[1256.7414812095406, 0.0, 792.1125740759628], [0.0, 1256.7414812095406, 492.7757465151356], [0.0, 0.0, 1.0]], [[809.2209905677063, 0.0, 829.2196003259838], [0.0, 809.2209905677063, 481.77842384512485], [0.0, 0.0, 1.0]], [[1259.5137405846733, 0.0, 807.2529053838625], [0.0, 1259.5137405846733, 501.19579884916527], [0.0, 0.0, 1.0]]], "extrinsics": [[[0.8160569071769714, -0.5770306587219238, 0.0329667329788208, -0.90667724609375], [0.035536378622055054, -0.006837476510554552, -0.9993450045585632, 1.5107650756835938], [0.576878011226654, 0.816693902015686, 0.014925808645784855, -1.240478515625], [0.0, 0.0, 0.0, 1.0]], [[-0.0004877311585005373, -0.999941885471344, 0.010767102241516113, 0.005859375], [0.03026709146797657, -0.010776933282613754, -0.9994837641716003, 1.5223076343536377], [0.999541699886322, -0.00016159041842911392, 0.030270587652921677, -1.634063720703125], [0.0, 0.0, 0.0, 1.0]], [[-0.834712564945221, -0.549656331539154, -0.03365558385848999, 0.9947509765625], [0.0360151082277298, 0.006496370304375887, -0.9993301033973694, 1.5052757263183594], [0.5495068430900574, -0.8353655934333801, 0.014373332262039185, -1.22314453125], [0.0, 0.0, 0.0, 1.0]], [[0.947044312953949, 0.31920289993286133, 0.034879203885793686, -1.1409912109375], [0.04472462460398674, -0.0235636867582798, -0.9987214207649231, 1.5886178016662598], [-0.31797289848327637, 0.9473934173583984, -0.036592088639736176, -0.10418701171875], [0.0, 0.0, 0.0, 1.0]], [[0.004405952990055084, 