[{"images": ["samples/CAM_FRONT_LEFT/n008-2018-08-30-15-52-26-0400__CAM_FRONT_LEFT__1535659267004799.jpg", "samples/CAM_FRONT/n008-2018-08-30-15-52-26-0400__CAM_FRONT__1535659267012404.jpg", "samples/CAM_FRONT_RIGHT/n008-2018-08-30-15-52-26-0400__CAM_FRONT_RIGHT__1535659267020482.jpg", "samples/CAM_BACK_LEFT/n008-2018-08-30-15-52-26-0400__CAM_BACK_LEFT__1535659267047405.jpg", "samples/CAM_BACK/n008-2018-08-30-15-52-26-0400__CAM_BACK__1535659267037558.jpg", "samples/CAM_BACK_RIGHT/n008-2018-08-30-15-52-26-0400__CAM_BACK_RIGHT__1535659267028113.jpg"], "intrinsics": [[[1257.8625342125129, 0.0, 827.2410631095686], [0.0, 1257.8625342125129, 450.915498205774], [0.0, 0.0, 1.0]], [[1252.8131021185304, 0.0, 826.588114781398], [0.0, 1252.8131021185304, 469.9846626224581], [0.0, 0.0, 1.0]], [[1256.7485116440405, 0.0, 817.7887570959712], [0.0, 1256.7485116440403, 451.9541780095127], [0.0, 0.0, 1.0]], [[1254.9860565800168, 0.0, 829.5769333630991], [0.0, 1254.9860565800168, 467.1680561863987], [0.0, 0.0, 1.0]], [[796.8910634503094, 0.0, 857.7774326863696], [0.0, 796.8910634503094, 476.8848988407415], [0.0, 0.0, 1.0]], [[1249.9629280788233, 0.0, 825.3768045375984], [0.0, 1249.9629280788233, 462.54816385708756], [0.0, 0.0, 1.0]]], "extrinsics": [[[0.8218133449554443, -0.5673347115516663, -0.052480682730674744, -1.005035400390625], [-0.023004239425063133, 0.05899547040462494, -0.9979931116104126, 1.4882926940917969], [0.5692922472953796, 0.8213713765144348, 0.035432156175374985, -1.333251953125], [0.0, 0.0, 0.0, 1.0]], [[0.009442036971449852, -0.9984360933303833, -0.0551016628742218, 0.00531005859375], [-0.02107129618525505, 0.05489322543144226, -0.9982698559761047, 1.4801597595214844], [0.9997333288192749, 0.010586734861135483, -0.020520037040114403, -1.7346839904785156], [0.0, 0.0, 0.0, 1.0]], [[-0.8443230986595154, -0.5356584191322327, -0.01373437698930502, 1.09063720703125], [-0.013075071386992931, 0.04621995612978935, -0.998845636844635, 1.493072509765625], [0.5356749296188354, -0.8431689143180847, -0.04602834954857826, -1.27752685546875], [0.0, 0.0, 0.0, 1.0]], [[0.9475382566452026, 0.3191952705383301, -0.016900936141610146, -1.1438751220703125], [-0.038461897522211075, 0.06136545166373253, -0.9973739981651306, 1.562042236328125], [-0.31731995940208435, 0.9457001090049744, 0.07042296975851059, -0.15606689453125], [0.0, 0.0, 0.0, 1.0]], [[0.010000167414546013, 0.9985170960426331, 0.05351248010993004, -0.02880859375], [-0.03633877635002136, 0.053842704743146896, -0.9978879690170288, 1.5680618286132812], [-0.9992895126342773, 0.008034463971853256, 0.0368233248591423, 0.044315338134765625], [0.0, 0.0, 0.0, 1.0]], [[-0.9232169389724731, 0.3820195496082306, 0.041612159460783005, 1.160675048828125], [-0.032136235386133194, 0.031154794618487358, -0.9989978075027466, 1.547811508178711], [-0.3829330503940582, -0.9236289858818054, -0.01648596301674843, -0.04376220703125], [0.0, 0.0, 0.0, 1.0]]], "view": [[0.0, -2.0, 100.0], [-2.0, 0.0, 100.0], [0.0, 0.0, 1.0]], "bev": "bev_5865c1e3b8874499807d2d399880ee4e.png", "aux": "aux_5865c1e3b8874499807d2d399880ee4e.npz", "visibility": "visibility_5865c1e3b8874499807d2d399880ee4e.png", "pose": [[-0.8875791430473328, -0.4606553018093109, 0.0, 309.1439514160156], [0.4606553018093109, -0.8875791430473328, 0.0, 668.7799072265625], [0.0, 0.0, 1.0, 0.0], [0.0, 0.0, 0.0, 1.0]], "pose_inverse": [[-0.8875791430473328, 0.4606553018093109, 0.0, -33.68729782104492], [-0.4606553018093109, -0.8875791430473328, 0.0, 736.00390625], [0.0, 0.0, 1.0, 0.0], [0.0, 0.0, 0.0, 1.0]], "cam_ids": [0, 1, 2, 3, 4, 5], "cam_channels": ["CAM_FRONT_LEFT", "CAM_FRONT", "CAM_FRONT_RIGHT", "CAM_BACK_LEFT", "CAM_BACK", "CAM_BACK_RIGHT"], "token": "5865c1e3b8874499807d2d399880ee4e", "scene": "scene-0536"}, {"images": ["samples/CAM_FRONT_LEFT/n008-2018-08-30-15-52-26-0400__CAM_FRONT_LEFT__1535659267504799.jpg", "samples/CAM_FRONT/n008-2018-08-30-15-52-26-0400__CAM_FRONT__1535659267512404.jpg", "samples/CAM_FRONT_RIGHT/n008-2018-08-30-15-52-26-0400__CAM_FRONT_RIGHT__1535659267520482.jpg", "samples/CAM_BACK_LEFT/n008-2018-08-30-15-52-26-0400__CAM_BACK_LEFT__1535659267547405.jpg", "samples/CAM_BACK/n008-2018-08-30-15-52-26-0400__CAM_BACK__1535659267537558.jpg", "samples/CAM_BACK_RIGHT/n008-2018-08-30-15-52-26-0400__CAM_BACK_RIGHT__1535659267528113.jpg"], "intrinsics": [[[1257.8625342125129, 0.0, 827.2410631095686], [0.0, 1257.8625342125129, 450.915498205774], [0.0, 0.0, 1.0]], [[1252.8131021185304, 0.0, 826.588114781398], [0.0, 1252.8131021185304, 469.9846626224581], [0.0, 0.0, 1.0]], [[1256.7485116440405, 0.0, 817.7887570959712], [0.0, 1256.7485116440403, 451.9541780095127], [0.0, 0.0, 1.0]], [[1254.9860565800168, 0.0, 829.5769333630991], [0.0, 1254.9860565800168, 467.1680561863987], [0.0, 0.0, 1.0]], [[796.8910634503094, 0.0, 857.7774326863696], [0.0, 796.8910634503094, 476.8848988407415], [0.0, 0.0, 1.0]], [[1249.9629280788233, 0.0, 825.3768045375984], [0.0, 1249.9629280788233, 462.54816385708756], [0.0, 0.0, 1.0]]], "extrinsics": [[[0.8218041062355042, -0.5673430562019348, -0.05253494903445244, -1.0050048828125], [-0.02307710610330105, 0.05898478254675865, -0.9979920983314514, 1.4882888793945312], [0.5693026781082153, 0.8213664293289185, 0.03538129851222038, -1.3333740234375], [0.0, 0.0, 0.0, 1.0]], [[0.00943237915635109, -0.9984369874000549, -0.05508706718683243, 0.00537109375], [-0.021130481734871864, 0.054878197610378265, -0.9982694983482361, 1.4801673889160156], [0.9997321963310242, 0.01058009173721075, -0.020579824224114418, -1.7347030639648438], [0.0, 0.0, 0.0, 1.0]], [[-0.8443253636360168, -0.5356560349464417, -0.013685954734683037, 1.09063720703125], [-0.013119719922542572, 0.046200308948755264, -0.9988459944725037, 1.493072509765625], [0.5356702208518982, -0.8431715369224548, -0.04603574797511101, -1.27752685546875], [0.0, 0.0, 0.0, 1.0]], [[0.9475369453430176, 0.3191972076892853, -0.016934387385845184, -1.1439056396484375], [-0.03849027678370476, 0.06134464591741562, -0.9973742365837097, 1.5620460510253906], [-0.3173202574253082, 0.9457007646560669, 0.07041231542825699, -0.15606689453125], [0.0, 0.0, 0.0, 1.0]], [[0.010001879185438156, 0.9985181093215942, 0.05349459871649742, -0.0289306640625], [-0.03636454418301582, 0.053825102746486664, -0.9978879690170288, 1.5680618286132812], [-0.9992886185646057, 0.00803548377007246, 0.0368490070104599, 0.044307708740234375], [0.0, 0.0, 0.0, 1.0]], [[-0.9232147336006165, 0.38202163577079773, 0.04164079204201698, 1.16064453125], [-0.03217507153749466, 0.031135763972997665, -0.998997151851654, 1.547811508178711], [-0.38293495774269104, -0.9236287474632263, -0.016453424468636513, -0.043701171875], [0.0, 0.0, 0.0, 1.0]]], "view": [[0.0, -2.0, 100.0], [-2.0, 0.0, 100.0], [0.0, 0.0, 1.0]], "bev": "bev_f58329ddcc194f819ba7e7070bb9b34a.png", "aux": "aux_f58329ddcc194f819ba7e7070bb9b34a.npz", "visibility": "visibility_f58329ddcc194f819ba7e7070bb9b34a.png", "pose": [[-0.8875954151153564, -0.46062391996383667, 0.0, 309.14398193359375], [0.46062391996383667, -0.8875954151153564, 0.0, 668.7799072265625], [0.0, 0.0, 1.0, 0.0], [0.0, 0.0, 0.0, 1.0]], "pose_inverse": [[-0.8875954151153564, 0.46062391996383667, 0.0, -33.66123962402344], [-0.46062391996383667, -0.8875954151153564, 0.0, 736.0050659179688], [0.0, 0.0, 1.0, 0.0], [0.0, 0.0, 0.0, 1.0]], "cam_ids": [0, 1, 2, 3, 4, 5], "cam_channels": ["CAM_FRONT_LEFT", "CAM_FRONT", "CAM_FRONT_RIGHT", "CAM_BACK_LEFT", "CAM_BACK", "CAM_BACK_RIGHT"], "token": "f58329ddcc194f819ba7e7070bb9b34a", "scene": "scene-0536"}, {"images": ["samples/CAM_FRONT_LEFT/n008-2018-08-30-15-52-26-0400__CAM_FRONT_LEFT__1535659268004799.jpg", "samples/CAM_FRONT/n008-2018-08-30-15-52-26-0400__CAM_FRONT__1535659268012404.jpg", "samples/CAM_FRONT_RIGHT/n008-2018-08-30-15-52-26-0400__CAM_FRONT_RIGHT__1535659268020482.jpg", "samples/CAM_BACK_LEFT/n008-2018-08-30-15-52-26-0400__CAM_BACK_LEFT__1535659268047405.jpg", "samples/CAM_BACK/n008-2018-08-30-15-52-26-0400__CAM_BACK__1535659268037558.jpg", "samples/CAM_BACK_RIGHT/n008-2018-08-30-15-52-26-0400__CAM_BACK_RIGHT__1535659268028113.jpg"], "intrinsics": [[[1257.8625342125129, 0.0, 827.2410631095686], [0.0, 1257.8625342125129, 450.915498205774], [0.0, 0.0, 1.0]], [[1252.8131021185304, 0.0, 826.588114781398], [0.0, 1252.8131021185304, 469.9846626224581], [0.0, 0.0, 1.0]], [[1256.7485116440405, 0.0, 817.7887570959712], [0.0, 1256.7485116440403, 451.9541780095127], [0.0, 0.0, 1.0]], [[1254.9860565800168, 0.0, 829.5769333630991], [0.0, 1254.9860565800168, 467.1680561863987], [0.0, 0.0, 1.0]], [[796.8910634503094, 0.0, 857.7774326863696], [0.0, 796.8910634503094, 476.8848988407415], [0.0, 0.0, 1.0]], [[1249.9629280788233, 0.0, 825.3768045375984], [0.0, 1249.9629280788233, 462.54816385708756], [0.0, 0.0, 1.0]]], "extrinsics": [[[0.8218210935592651, -0.567324161529541, -0.052472930401563644, -1.0050048828125], [-0.023081617429852486, 0.05887101963162422, -0.9979987144470215, 1.4883003234863281], [0.5692779421806335, 0.821387529373169, 0.035286687314510345, -1.33331298828125], [0.0, 0.0, 0.0, 1.0]], [[0.009455918334424496, -0.9984427690505981, -0.05497802793979645, 0.00537109375], [-0.021136127412319183, 0.0547686368227005, -0.9982753396034241, 1.48016357421875], [0.9997318983078003, 0.01060163788497448, -0.020585324615240097, -1.734689712524414], [0.0, 0.0, 0.0, 1.0]], [[-0.8443162441253662, -0.5356718897819519, -0.013624624349176884, 1.090606689453125], [-0.013126549310982227, 0.04609524458646774, -0.9988507628440857, 1.493072509765625], [0.5356842875480652, -0.8431671261787415, -0.04595049098134041, -1.2774658203125], [0.0, 0.0, 0.0, 1.0]], [[0.947535514831543, 0.3191998302936554, -0.016966475173830986, -1.1439361572265625], [-0.03849238529801369, 0.061249665915966034, -0.9973799586296082, 1.562042236328125], [-0.31732434034347534, 0.9457060694694519, 0.07032299786806107, -0.156005859375], [0.0, 0.0, 0.0, 1.0]], [[0.009994755499064922, 0.9985231757164001, 0.05340040847659111, -0.02886962890625], [-0.03638816252350807, 0.05373089388012886, -0.9978922009468079, 1.5680618286132812], [-0.9992878437042236, 0.008030523546040058, 0.03687145560979843, 0.0443267822265625], [0.0, 0.0, 0.0, 1.0]], [[-0.9232190251350403, 0.3820142149925232, 0.04161440208554268, 1.160675048828125], [-0.03218669444322586, 0.031039176508784294, -0.998999834060669, 1.5478134155273438], [-0.38292381167411804, -0.9236350655555725, -0.01636018045246601, -0.043701171875], [0.0, 0.0, 0.0, 1.0]]], "view": [[0.0, -2.0, 100.0], [-2.0, 0.0, 100.0], [0.0, 0.0, 1.0]], "bev": "bev_f36921bef91a4848ab850761d00ae072.png", "aux": "aux_f36921bef91a4848ab850761d00ae072.npz", "visibility": "visibility_f36921bef91a4848ab850761d00ae072.png", "pose": [[-0.8875751495361328, -0.46066293120384216, 0.0, 309.14398193359375], [0.46066293120384216, -0.8875751495361328, 0.0, 668.7799072265625], [0.0, 0.0, 1.0, 0.0], [0.0, 0.0, 0.0, 1.0]], "pose_inverse": [[-0.8875751495361328, 0.46066293120384216, 0.0, -33.69359588623047], [-0.46066293120384216, -0.8875751495361328, 0.0, 736.0036010742188], [0.0, 0.0, 1.0, 0.0], [0.0, 0.0, 0.0, 1.0]], "cam_ids": [0, 1, 2, 3, 4, 5], "cam_channels": ["CAM_FRONT_LEFT", "CAM_FRONT", "CAM_FRONT_RIGHT", "CAM_BACK_LEFT", "CAM_BACK", "CAM_BACK_RIGHT"], "token": "f36921bef91a4848ab850761d00ae072", "scene": "scene-0536"}, {"images": ["samples/CAM_FRONT_LEFT/n008-2018-08-30-15-52-26-0400__CAM_FRONT_LEFT__1535659268504799.jpg", "samples/CAM_FRONT/n008-2018-08-30-15-52-26-0400__CAM_FRONT__1535659268512404.jpg", "samples/CAM_FRONT_RIGHT/n008-2018-08-30-15-52-26-0400__CAM_FRONT_RIGHT__1535659268520482.jpg", "samples/CAM_BACK_LEFT/n008-2018-08-30-15-52-26-0400__CAM_BACK_LEFT__1535659268547405.jpg", "samples/CAM_BACK/n008-2018-08-30-15-52-26-0400__CAM_BACK__1535659268537558.jpg", "samples/CAM_BACK_RIGHT/n008-2018-08-30-15-52-26-0400__CAM_BACK_RIGHT__1535659268528113.jpg"], "intrinsics": [[[1257.8625342125129, 0.0, 827.2410631095686], [0.0, 1257.8625342125129, 450.915498205774], [0.0, 0.0, 1.0]], [[1252.8131021185304, 0.0, 826.588114781398], [0.0, 1252.8131021185304, 469.9846626224581], [0.0, 0.0, 1.0]], [[1256.7485116440405, 0.0, 817.7887570959712], [0.0, 1256.7485116440403, 451.9541780095127], [0.0, 0.0, 1.0]], [[1254.9860565800168, 0.0, 829.5769333630991], [0.0, 1254.9860565800168, 467.1680561863987], [0.0, 0.0, 1.0]], [[796.8910634503094, 0.0, 857.7774326863696], [0.0, 796.8910634503094, 476.8848988407415], [0.0, 0.0, 1.0]], [[1249.9629280788233, 0.0, 825.3768045375984], [0.0, 1249.9629280788233, 462.54816385708756], [0.0, 0.0, 1.0]]], "extrinsics": [[[0.8218161463737488, -0.5673342347145081, -0.05244014412164688, -1.0050048828125], [-0.02307320013642311, 0.05882495269179344, -0.9980016350746155, 1.4882965087890625], [0.5692852735519409, 0.8213838338851929, 0.03525308519601822, -1.33331298828125], [0.0, 0.0, 0.0, 1.0]], [[0.009451008401811123, -0.9984455704689026, -0.054928138852119446, 0.00537109375], [-0.021127568557858467, 0.054718952625989914, -0.9982782602310181, 1.4801597595214844], [0.9997320771217346, 0.010595223866403103, -0.020577576011419296, -1.7346763610839844], [0.0, 0.0, 0.0, 1.0]], [[-0.8443167805671692, -0.5356715321540833, -0.013603249564766884, 1.090576171875], [-0.013117807917296886, 0.04604170843958855, -0.9988533854484558, 1.493072509765625], [0.5356836915016174, -0.8431702256202698, -0.045900627970695496, -1.27752685546875], [0.0, 0.0, 0.0, 1.0]], [[0.9475356340408325, 0.3191995322704315, -0.016963794827461243, -1.1439208984375], [-0.03846391290426254, 0.06117327883839607, -0.9973857998847961, 1.5620384216308594], [-0.3173273503780365, 0.9457110166549683, 0.0702415332198143, -0.156005859375], [0.0, 0.0, 0.0, 1.0]], [[0.009993704035878181, 0.9985266327857971, 0.05333616957068443, -0.02886962890625], [-0.036366015672683716, 0.05366647616028786, -0.9978964924812317, 1.5680618286132812], [-0.9992886185646057, 0.008033069781959057, 0.0368487611413002, 0.044345855712890625], [0.0, 0.0, 0.0, 1.0]], [[-0.9232195019721985, 0.3820163607597351, 0.04158325120806694, 1.160675048828125], [-0.03217729181051254, 0.030980456620454788, -0.9990019202232361, 1.547811508178711], [-0.3829233646392822, -0.9236361384391785, -0.01630951091647148, -0.04364013671875], [0.0, 0.0, 0.0, 1.0]]], "view": [[0.0, -2.0, 100.0], [-2.0, 0.0, 100.0], [0.0, 0.0, 1.0]], "bev": "bev_4ea675ca91b94fb8a3c71787216e45b0.png", "aux": "aux_4ea675ca91b94fb8a3c71787216e45b0.npz", "visibility": "visibility_4ea675ca91b94fb8a3c71787216e45b0.png", "pose": [[-0.887596845626831, -0.46062108874320984, 0.0, 309.14398193359375], [0.46062108874320984, -0.887596845626831, 0.0, 668.7799072265625], [0.0, 0.0, 1.0, 0.0], [0.0, 0.0, 0.0, 1.0]], "pose_inverse": [[-0.887596845626831, 0.46062108874320984, 0.0, -33.658905029296875], [-0.46062108874320984, -0.887596845626831, 0.0, 736.0051879882812], [0.0, 0.0, 1.0, 0.0], [0.0, 0.0, 0.0, 1.0]], "cam_ids": [0, 1, 2, 3, 4, 5], "cam_channels": ["CAM_FRONT_LEFT", "CAM_FRONT", "CAM_FRONT_RIGHT", "CAM_BACK_LEFT", "CAM_BACK", "CAM_BACK_RIGHT"], "token": "4ea675ca91b94fb8a3c71787216e45b0", "scene": "scene-0536"}, {"images": ["samples/CAM_FRONT_LEFT/n008-2018-08-30-15-52-26-0400__CAM_FRONT_LEFT__1535659269004799.jpg", "samples/CAM_FRONT/n008-2018-08-30-15-52-26-0400__CAM_FRONT__1535659269012404.jpg", "samples/CAM_FRONT_RIGHT/n008-2018-08-30-15-52-26-0400__CAM_FRONT_RIGHT__1535659269020482.jpg", "samples/CAM_BACK_LEFT/n008-2018-08-30-15-52-26-0400__CAM_BACK_LEFT__1535659269047405.jpg", "samples/CAM_BACK/n008-2018-08-30-15-52-26-0400__CAM_BACK__1535659269037558.jpg", "samples/CAM_BACK_RIGHT/n008-2018-08-30-15-52-26-0400__CAM_BACK_RIGHT__1535659269028113.jpg"], "intrinsics": [[[1257.8625342125129, 0.0, 827.2410631095686], [0.0, 1257.8625342125129, 450.915498205774], [0.0, 0.0, 1.0]], [[1252.8131021185304, 0.0, 826.588114781398], [0.0, 1252.8131021185304, 469.9846626224581], [0.0, 0.0, 1.0]], [[1256.7485116440405, 0.0, 817.7887570959712], [0.0, 1256.7485116440403, 451.9541780095127], [0.0, 0.0, 1.0]], [[1254.9860565800168, 0.0, 829.5769333630991], [0.0, 1254.9860565800168, 467.1680561863987], [0.0, 0.0, 1.0]], [[796.8910634503094, 0.0, 857.7774326863696], [0.0, 796.8910634503094, 476.8848988407415], [0.0, 0.0, 1.0]], [[1249.9629280788233, 0.0, 825.3768045375984], [0.0, 1249.9629280788233, 462.54816385708756], [0.0, 0.0, 1.0]]], "extrinsics": [[[0.8218153119087219, -0.5673322677612305, -0.05247541889548302, -1.005035400390625], [-0.02314058132469654, 0.058789703994989395, -0.9980021715164185, 1.4882888793945312], [0.5692838430404663, 0.821387767791748, 0.03518587723374367, -1.33331298828125], [0.0, 0.0, 0.0, 1.0]], [[0.009450005367398262, -0.998447597026825, -0.054890986531972885, 0.00537109375], [-0.021175215020775795, 0.05468131974339485, -0.9982792735099792, 1.48016357421875], [0.9997310638427734, 0.010596032254397869, -0.020625604316592216, -1.7346954345703125], [0.0, 0.0, 0.0, 1.0]], [[-0.8443180918693542, -0.535670816898346, -0.013559037819504738, 1.0906982421875], [-0.01314452476799488, 0.04600151628255844, -0.9988548755645752, 1.4930763244628906], [0.5356811285018921, -0.8431730270385742, -0.04588105157017708, -1.2774658203125], [0.0, 0.0, 0.0, 1.0]], [[0.9475347995758057, 0.319199800491333, -0.017007553949952126, -1.1438751220703125], [-0.03849717974662781, 0.06113508716225624, -0.9973868131637573, 1.562042236328125], [-0.31732597947120667, 0.9457135200500488, 0.07021591067314148, -0.15606689453125], [0.0, 0.0, 0.0, 1.0]], [[0.009994657710194588, 0.9985290169715881, 0.05329135060310364, -0.02886962890625], [-0.036387596279382706, 0.05362189933657646, -0.9978981018066406, 1.5680618286132812], [-0.9992877840995789, 0.008034488186240196, 0.03686999902129173, 0.04431915283203125], [0.0, 0.0, 0.0, 1.0]], [[-0.9232175946235657, 0.382019966840744, 0.04159120097756386, 1.160675048828125], [-0.032204050570726395, 0.03093649633228779, -0.9990023970603943, 1.5478153228759766], [-0.3829255700111389, -0.9236361980438232, -0.01625853404402733, -0.043701171875], [0.0, 0.0, 0.0, 1.0]]], "view": [[0.0, -2.0, 100.0], [-2.0, 0.0, 100.0], [0.0, 0.0, 1.0]], "bev": "bev_e550bd50ec30465fb8b330f80f8c7592.png", "aux": "aux_e550bd50ec30465fb8b330f80f8c7592.npz", "visibility": "visibility_e550bd50ec30465fb8b330f80f8c7592.png", "pose": [[-0.8875685334205627, -0.4606757164001465, 0.0, 309.14398193359375], [0.4606757164001465, -0.8875685334205627, 0.0, 668.7799072265625], [0.0, 0.0, 1.0, 0.0], [0.0, 0.0, 0.0, 1.0]], "pose_inverse": [[-0.8875685334205627, 0.4606757164001465, 0.0, -33.70420455932617], [-0.4606757164001465, -0.8875685334205627, 0.0, 736.0031127929688], [0.0, 0.0, 1.0, 0.0], [0.0, 0.0, 0.0, 1.0]], "cam_ids": [0, 1, 2, 3, 4, 5], "cam_channels": ["CAM_FRONT_LEFT", "CAM_FRONT", "CAM_FRONT_RIGHT", "CAM_BACK_LEFT", "CAM_BACK", "CAM_BACK_RIGHT"], "token": "e550bd50ec30465fb8b330f80f8c7592", "scene": "scene-0536"}, {"images": ["samples/CAM_FRONT_LEFT/n008-2018-08-30-15-52-26-0400__CAM_FRONT_LEFT__1535659269504799.jpg", "samples/CAM_FRONT/n008-2018-08-30-15-52-26-0400__CAM_FRONT__1535659269512404.jpg", "samples/CAM_FRONT_RIGHT/n008-2018-08-30-15-52-26-0400__CAM_FRONT_RIGHT__1535659269520482.jpg", "samples/CAM_BACK_LEFT/n008-2018-08-30-15-52-26-0400__CAM_BACK_LEFT__1535659269547405.jpg", "samples/CAM_BACK/n008-2018-08-30-15-52-26-0400__CAM_BACK__1535659269537558.jpg", "samples/CAM_BACK_RIGHT/n008-2018-08-30-15-52-26-0400__CAM_BACK_RIGHT__1535659269528113.jpg"], "intrinsics": [[[1257.8625342125129, 0.0, 827.2410631095686], [0.0, 1257.8625342125129, 450.915498205774], [0.0, 0.0, 1.0]], [[1252.8131021185304, 0.0, 826.588114781398], [0.0, 1252.8131021185304, 469.9846626224581], [0.0, 0.0, 1.0]], [[1256.7485116440405, 0.0, 817.7887570959712], [0.0, 1256.7485116440403, 451.9541780095127], [0.0, 0.0, 1.0]], [[1254.9860565800168, 0.0, 829.5769333630991], [0.0, 1254.9860565800168, 467.1680561863987], [0.0, 0.0, 1.0]], [[796.8910634503094, 0.0, 857.7774326863696], [0.0, 796.8910634503094, 476.8848988407415], [0.0, 0.0, 1.0]], [[1249.9629280788233, 0.0, 825.3768045375984], [0.0, 1249.9629280788233, 462.54816385708756], [0.0, 0.0, 1.0]]], "extrinsics": [[[0.8218089938163757, -0.567350447177887, -0.052378635853528976, -1.004974365234375], [-0.023057959973812103, 0.058737970888614655, -0.99800705909729, 1.4882888793945312], [0.5692964792251587, 0.8213789463043213, 0.035189442336559296, -1.33331298828125], [0.0, 0.0, 0.0, 1.0]], [[0.009437790140509605, -0.9984508156776428, -0.05483444035053253, 0.00537109375], [-0.021102482452988625, 0.05462580546736717, -0.9982839226722717, 1.4801597595214844], [0.9997327327728271, 0.01057874783873558, -0.02055423893034458, -1.7346515655517578], [0.0, 0.0, 0.0, 1.0]], [[-0.8443244099617004, -0.5356603264808655, -0.013579033315181732, 1.09063720703125], [-0.01308231707662344, 0.04594189301133156, -0.9988583922386169, 1.493072509765625], [0.5356727242469788, -0.8431829214096069, -0.04579754173755646, -1.27752685546875], [0.0, 0.0, 0.0, 1.0]], [[0.9475361108779907, 0.3191978633403778, -0.016972312703728676, -1.143890380859375], [-0.03843887150287628, 0.06107231229543686, -0.9973928928375244, 1.562042236328125], [-0.31732919812202454, 0.9457181692123413, 0.07013782113790512, -0.15606689453125], [0.0, 0.0, 0.0, 1.0]], [[0.009997379966080189, 0.9985323548316956, 0.05322825908660889, -0.02886962890625], [-0.0363328643143177, 0.053558509796857834, -0.9979034662246704, 1.5680580139160156], [-0.999289870262146, 0.008042465895414352, 0.03681498393416405, 0.04434967041015625], [0.0, 0.0, 0.0, 1.0]], [[-0.9232165217399597, 0.3820318877696991, 0.04150663688778877, 1.16070556640625], [-0.0321386344730854, 0.030873021110892296, -0.9990065097808838, 1.5478134155273438], [-0.3829337954521179, -0.9236332774162292, -0.01622450165450573, -0.043701171875], [0.0, 0.0, 0.0, 1.0]]], "view": [[0.0, -2.0, 100.0], [-2.0, 0.0, 100.0], [0.0, 0.0, 1.0]], "bev": "bev_a4560a3ded0b49ebb2a0bb5bfd7e42c6.png", "aux": "aux_a4560a3ded0b49ebb2a0bb5bfd7e42c6.npz", "visibility": "visibility_a4560a3ded0b49ebb2a0bb5bfd7e42c6.png", "pose": [[-0.8875750303268433, -0.46066322922706604, 0.0, 309.1440124511719], [0.46066322922706604, -0.8875750303268433, 0.0, 668.7799682617188], [0.0, 0.0, 1.0, 0.0], [0.0, 0.0, 0.0, 1.0]], "pose_inverse": [[-0.8875750303268433, 0.46066322922706604, 0.0, -33.69384765625], [-0.46066322922706604, -0.8875750303268433, 0.0, 736.003662109375], [0.0, 0.0, 1.0, 0.0], [0.0, 0.0, 0.0, 1.0]], "cam_ids": [0, 1, 2, 3, 4, 5], "cam_channels": ["CAM_FRONT_LEFT", "CAM_FRONT", "CAM_FRONT_RIGHT", "CAM_BACK_LEFT", "CAM_BACK", "CAM_BACK_RIGHT"], "token": "a4560a3ded0b49ebb2a0bb5bfd7e42c6", "scene": "scene-0536"}, {"images": ["samples/CAM_FRONT_LEFT/n008-2018-08-30-15-52-26-0400__CAM_FRONT_LEFT__1535659270104799.jpg", "samples/CAM_FRONT/n008-2018-08-30-15-52-26-0400__CAM_FRONT__1535659270112404.jpg", "samples/CAM_FRONT_RIGHT/n008-2018-08-30-15-52-26-0400__CAM_FRONT_RIGHT__1535659270120482.jpg", "samples/CAM_BACK_LEFT/n008-2018-08-30-15-52-26-0400__CAM_BACK_LEFT__1535659270147405.jpg", "samples/CAM_BACK/n008-2018-08-30-15-52-26-0400__CAM_BACK__1535659270137558.jpg", "samples/CAM_BACK_RIGHT/n008-2018-08-30-15-52-26-0400__CAM_BACK_RIGHT__1535659270128113.jpg"], "intrinsics": [[[1257.8625342125129, 0.0, 827.2410631095686], [0.0, 1257.8625342125129, 450.915498205774], [0.0, 0.0, 1.0]], [[1252.8131021185304, 0.0, 826.588114781398], [0.0, 1252.8131021185304, 469.9846626224581], [0.0, 0.0, 1.0]], [[1256.7485116440405, 0.0, 817.7887570959712], [0.0, 1256.7485116440403, 451.9541780095127], [0.0, 0.0, 1.0]], [[1254.9860565800168, 0.0, 829.5769333630991], [0.0, 1254.9860565800168, 467.1680561863987], [0.0, 0.0, 1.0]], [[796.8910634503094, 0.0, 857.7774326863696], [0.0, 796.8910634503094, 476.8848988407415], [0.0, 0.0, 1.0]], [[1249.9629280788233, 0.0, 825.3768045375984], [0.0, 1249.9629280788233, 462.54816385708756], [0.0, 0.0, 1.0]]], "extrinsics": [[[0.8217980265617371, -0.5673605799674988, -0.052441321313381195, -1.0050048828125], [-0.02317182533442974, 0.05868275836110115, -0.9980077147483826, 1.4882926940917969], [0.5693075656890869, 0.8213759064674377, 0.03507859632372856, -1.33331298828125], [0.0, 0.0, 0.0, 1.0]], [[0.00942630972713232, -0.9984537363052368, -0.05478409677743912, 0.00531005859375], [-0.02122894860804081, 0.05457436665892601, -0.9982839822769165, 1.48016357421875], [0.9997302293777466, 0.010573121719062328, -0.02068168669939041, -1.7347087860107422], [0.0, 0.0, 0.0, 1.0]], [[-0.8443263173103333, -0.5356608033180237, -0.013435369357466698, 1.09063720703125], [-0.013222177512943745, 0.04589447006583214, -0.9988587498664856, 1.4930763244628906], [0.5356661081314087, -0.8431851863861084, -0.045832518488168716, -1.277587890625], [0.0, 0.0, 0.0, 1.0]], [[0.9475309252738953, 0.3192039132118225, -0.01714811660349369, -1.143951416015625], [-0.03860533609986305, 0.06101552024483681, -0.9973899722099304, 1.5620460510253906], [-0.3173244893550873, 0.945719838142395, 0.07013706862926483, -0.156005859375], [0.0, 0.0, 0.0, 1.0]], [[0.010000095702707767, 0.9985347390174866, 0.05318323150277138, -0.02880859375], [-0.036474261432886124, 0.0535147450864315, -0.997900664806366, 1.5680618286132812], [-0.999284565448761, 0.008039281703531742, 0.03695596754550934, 0.0443115234375], [0.0, 0.0, 0.0, 1.0]], [[-0.9232116937637329, 0.3820313811302185, 0.041618991643190384, 1.16064453125], [-0.03227771446108818, 0.03083084151148796, -0.9990033507347107, 1.547811508178711], [-0.38293370604515076, -0.923634946346283, -0.0161322969943285, -0.04376220703125], [0.0, 0.0, 0.0, 1.0]]], "view": [[0.0, -2.0, 100.0], [-2.0, 0.0, 100.0], [0.0, 0.0, 1.0]], "bev": "bev_070cb239614943bcbfd8005b813815f7.png", "aux": "aux_070cb239614943bcbfd8005b813815f7.npz", "visibility": "visibility_070cb239614943bcbfd8005b813815f7.png", "pose": [[-0.8876091241836548, -0.46059751510620117, 0.0, 309.14398193359375], [0.46059751510620117, -0.8876091241836548, 0.0, 668.7799682617188], [0.0, 0.0, 1.0, 0.0], [0.0, 0.0, 0.0, 1.0]], "pose_inverse": [[-0.8876091241836548, 0.46059751510620117, 0.0, -33.639366149902344], [-0.46059751510620117, -0.8876091241836548, 0.0, 736.0061645507812], [0.0, 0.0, 1.0, 0.0], [0.0, 0.0, 0.0, 1.0]], "cam_ids": [0, 1, 2, 3, 4, 5], "cam_channels": ["CAM_FRONT_LEFT", "CAM_FRONT", "CAM_FRONT_RIGHT", "CAM_BACK_LEFT", "CAM_BACK", "CAM_BACK_RIGHT"], "token": "070cb239614943bcbfd8005b813815f7", "scene": "scene-0536"}, {"images": ["samples/CAM_FRONT_LEFT/n008-2018-08-30-15-52-26-0400__CAM_FRONT_LEFT__1535659270604799.jpg", "samples/CAM_FRONT/n008-2018-08-30-15-52-26-0400__CAM_FRONT__1535659270612404.jpg", "samples/CAM_FRONT_RIGHT/n008-2018-08-30-15-52-26-0400__CAM_FRONT_RIGHT__1535659270620482.jpg", "samples/CAM_BACK_LEFT/n008-2018-08-30-15-52-26-0400__CAM_BACK_LEFT__1535659270647405.jpg", "samples/CAM_BACK/n008-2018-08-30-15-52-26-0400__CAM_BACK__1535659270637558.jpg", "samples/CAM_BACK_RIGHT/n008-2018-08-30-15-52-26-0400__CAM_BACK_RIGHT__1535659270628113.jpg"], "intrinsics": [[[1257.8625342125129, 0.0, 827.2410631095686], [0.0, 1257.8625342125129, 450.915498205774], [0.0, 0.0, 1.0]], [[1252.8131021185304, 0.0, 826.588114781398], [0.0, 1252.8131021185304, 469.9846626224581], [0.0, 0.0, 1.0]], [[1256.7485116440405, 0.0, 817.7887570959712], [0.0, 1256.7485116440403, 451.9541780095127], [0.0, 0.0, 1.0]], [[1254.9860565800168, 0.0, 829.5769333630991], [0.0, 1254.9860565800168, 467.1680561863987], [0.0, 0.0, 1.0]], [[796.8910634503094, 0.0, 857.7774326863696], [0.0, 796.8910634503094, 476.8848988407415], [0.0, 0.0, 1.0]], [[1249.9629280788233, 0.0, 825.3768045375984], [0.0, 1249.9629280788233, 462.54816385708756], [0.0, 0.0, 1.0]]], "extrinsics": [[[0.8218101263046265, -0.5673395991325378, -0.05247807130217552, -1.005035400390625], [-0.02322634495794773, 0.05867006257176399, -0.9980071783065796, 1.4882926940917969], [0.569287896156311, 0.8213912844657898, 0.03503842279314995, -1.333251953125], [0.0, 0.0, 0.0, 1.0]], [[0.009449457749724388, -0.9984550476074219, -0.05475590005517006, 0.00537109375], [-0.021257683634757996, 0.054545387625694275, -0.9982849955558777, 1.4801673889160156], [0.999729335308075, 0.010597174987196922, -0.02070941962301731, -1.73468017578125], [0.0, 0.0, 0.0, 1.0]], [[-0.8443139791488647, -0.5356808304786682, -0.013410614803433418, 1.09063720703125], [-0.013223431073129177, 0.045848313719034195, -0.9988608956336975, 1.493072509765625], [0.5356855392456055, -0.843174934387207, -0.04579392075538635, -1.27752685546875], [0.0, 0.0, 0.0, 1.0]], [[0.9475307464599609, 0.31920409202575684, -0.01715688966214657, -1.1439361572265625], [-0.03859724849462509, 0.06096383556723595, -0.9973934292793274, 1.562042236328125], [-0.317326158285141, 0.9457231163978577, 0.07008550316095352, -0.15606689453125], [0.0, 0.0, 0.0, 1.0]], [[0.009990086778998375, 0.998538076877594, 0.05312163382768631, -0.02886962890625], [-0.03648865967988968, 0.053452927619218826, -0.9979034066200256, 1.5680618286132812], [-0.9992842078208923, 0.008030787110328674, 0.03696931526064873, 0.044307708740234375], [0.0, 0.0, 0.0, 1.0]], [[-0.9232186079025269, 0.38201653957366943, 0.04160209745168686, 1.16064453125], [-0.03228265047073364, 0.030775509774684906, -0.9990048408508301, 1.5478096008300781], [-0.38291656970977783, -0.9236429333686829, -0.016080021858215332, -0.043701171875], [0.0, 0.0, 0.0, 1.0]]], "view": [[0.0, -2.0, 100.0], [-2.0, 0.0, 100.0], [0.0, 0.0, 1.0]], "bev": "bev_e71beed4ea4f49c4a55f08a076d541eb.png", "aux": "aux_e71beed4ea4f49c4a55f08a076d541eb.npz", "visibility": "visibility_e71beed4ea4f49c4a55f08a076d541eb.png", "pose": [[-0.8875967264175415, -0.4606213867664337, 0.0, 309.14398193359375], [0.4606213867664337, -0.8875967264175415, 0.0, 668.7799682617188], [0.0, 0.0, 1.0, 0.0], [0.0, 0.0, 0.0, 1.0]], "pose_inverse": [[-0.8875967264175415, 0.4606213867664337, 0.0, -33.6591796875], [-0.4606213867664337, -0.8875967264175415, 0.0, 736.0052490234375], [0.0, 0.0, 1.0, 0.0], [0.0, 0.0, 0.0, 1.0]], "cam_ids": [0, 1, 2, 3, 4, 5], "cam_channels": ["CAM_FRONT_LEFT", "CAM_FRONT", "CAM_FRONT_RIGHT", "CAM_BACK_LEFT", "CAM_BACK", "CAM_BACK_RIGHT"], "token": "e71beed4ea4f49c4a55f08a076d541eb", "scene": "scene-0536"}, {"images": ["samples/CAM_FRONT_LEFT/n008-2018-08-30-15-52-26-0400__CAM_FRONT_LEFT__1535659271104799.jpg", "samples/CAM_FRONT/n008-2018-08-30-15-52-26-0400__CAM_FRONT__1535659271112404.jpg", "samples/CAM_FRONT_RIGHT/n008-2018-08-30-15-52-26-0400__CAM_FRONT_RIGHT__1535659271120482.jpg", "samples/CAM_BACK_LEFT/n008-2018-08-30-15-52-26-0400__CAM_BACK_LEFT__1535659271147405.jpg", "samples/CAM_BACK/n008-2018-08-30-15-52-26-0400__CAM_BACK__1535659271137558.jpg", "samples/CAM_BACK_RIGHT/n008-2018-08-30-15-52-26-0400__CAM_BACK_RIGHT__1535659271128113.jpg"], "intrinsics": [[[1257.8625342125129, 0.0, 827.2410631095686], [0.0, 1257.8625342125129, 450.915498205774], [0.0, 0.0, 1.0]], [[1252.8131021185304, 0.0, 826.588114781398], [0.0, 1252.8131021185304, 469.9846626224581], [0.0, 0.0, 1.0]], [[1256.7485116440405, 0.0, 817.7887570959712], [0.0, 1256.7485116440403, 451.9541780095127], [0.0, 0.0, 1.0]], [[1254.9860565800168, 0.0, 829.5769333630991], [0.0, 1254.9860565800168, 467.1680561863987], [0.0, 0.0, 1.0]], [[796.8910634503094, 0.0, 857.7774326863696], [0.0, 796.8910634503094, 476.8848988407415], [0.0, 0.0, 1.0]], [[1249.9629280788233, 0.0, 825.3768045375984], [0.0, 1249.9629280788233, 462.54816385708756], [0.0, 0.0, 1.0]]], "extrinsics": [[[0.8218144774436951, -0.567333996295929, -0.05247114226222038, -1.0050048828125], [-0.023300809785723686, 0.058550894260406494, -0.9980124831199646, 1.4882965087890625], [0.5692785382270813, 0.8214037418365479, 0.034898631274700165, -1.33331298828125], [0.0, 0.0, 0.0, 1.0]], [[0.009454838000237942, -0.9984604120254517, -0.05465741455554962, 0.00537109375], [-0.021353455260396004, 0.054445795714855194, -0.9982883930206299, 1.4801597595214844], [0.9997273087501526, 0.010605779476463795, -0.020805800333619118, -1.7347049713134766], [0.0, 0.0, 0.0, 1.0]], [[-0.8443120718002319, -0.5356874465942383, -0.013268533162772655, 1.09063720703125], [-0.013341880403459072, 0.04576952010393143, -0.9988628625869751, 1.493072509765625], [0.535685658454895, -0.8431750535964966, -0.045790836215019226, -1.27752685546875], [0.0, 0.0, 0.0, 1.0]], [[0.9475257992744446, 0.3192110061645508, -0.017298024147748947, -1.143951416015625], [-0.038727227598428726, 0.06090686097741127, -0.9973918795585632, 1.5620460510253906], [-0.3173249065876007, 0.9457244277000427, 0.07007297873497009, -0.15606689453125], [0.0, 0.0, 0.0, 1.0]], [[0.009990363381803036, 0.9985417127609253, 0.05305423587560654, -0.02886962890625], [-0.03661368414759636, 0.05338658392429352, -0.9979024529457092, 1.5680618286132812], [-0.9992795586585999, 0.008026877418160439, 0.037093643099069595, 0.044338226318359375], [0.0, 0.0, 0.0, 1.0]], [[-0.923215925693512, 0.38201433420181274, 0.04168301448225975, 1.16070556640625], [-0.03239980340003967, 0.030704231932759285, -0.9990032315254211, 1.5478096008300781], [-0.38291341066360474, -0.923646092414856, -0.015969445928931236, -0.0438232421875], [0.0, 0.0, 0.0, 1.0]]], "view": [[0.0, -2.0, 100.0], [-2.0, 0.0, 100.0], [0.0, 0.0, 1.0]], "bev": "bev_af3104d17d2d4b4b967cdf09594376b8.png", "aux": "aux_af3104d17d2d4b4b967cdf09594376b8.npz", "visibility": "visibility_af3104d17d2d4b4b967cdf09594376b8.png", "pose": [[-0.8876152634620667, -0.46058568358421326, 0.0, 309.14398193359375], [0.46058568358421326, -0.8876152634620667, 0.0, 668.7799682617188], [0.0, 0.0, 1.0, 0.0], [0.0, 0.0, 0.0, 1.0]], "pose_inverse": [[-0.8876152634620667, 0.46058568358421326, 0.0, -33.629573822021484], [-0.46058568358421326, -0.8876152634620667, 0.0, 736.006591796875], [0.0, 0.0, 1.0, 0.0], [0.0, 0.0, 0.0, 1.0]], "cam_ids": [0, 1, 2, 3, 4, 5], "cam_channels": ["CAM_FRONT_LEFT", "CAM_FRONT", "CAM_FRONT_RIGHT", "CAM_BACK_LEFT", "CAM_BACK", "CAM_BACK_RIGHT"], "token": "af3104d17d2d4b4b967cdf09594376b8", "scene": "scene-0536"}, {"images": ["samples/CAM_FRONT_LEFT/n008-2018-08-30-15-52-26-0400__CAM_FRONT_LEFT__1535659271604799.jpg", "samples/CAM_FRONT/n008-2018-08-30-15-52-26-0400__CAM_FRONT__1535659271612404.jpg", "samples/CAM_FRONT_RIGHT/n008-2018-08-30-15-52-26-0400__CAM_FRONT_RIGHT__1535659271620482.jpg", "samples/CAM_BACK_LEFT/n008-2018-08-30-15-52-26-0400__CAM_BACK_LEFT__1535659271647405.jpg", "samples/CAM_BACK/n008-2018-08-30-15-52-26-0400__CAM_BACK__1535659271637558.jpg", "samples/CAM_BACK_RIGHT/n008-2018-08-30-15-52-26-0400__CAM_BACK_RIGHT__1535659271628113.jpg"], "intrinsics": [[[1257.8625342125129, 0.0, 827.2410631095686], [0.0, 1257.8625342125129, 450.915498205774], [0.0, 0.0, 1.0]], [[1252.8131021185304, 0.0, 826.588114781398], [0.0, 1252.8131021185304, 469.9846626224581], [0.0, 0.0, 1.0]], [[1256.7485116440405, 0.0, 817.7887570959712], [0.0, 1256.7485116440403, 451.9541780095127], [0.0, 0.0, 1.0]], [[1254.9860565800168, 0.0, 829.5769333630991], [0.0, 1254.9860565800168, 467.1680561863987], [0.0, 0.0, 1.0]], [[796.8910634503094, 0.0, 857.7774326863696], [0.0, 796.8910634503094, 476.8848988407415], [0.0, 0.0, 1.0]], [[1249.9629280788233, 0.0, 825.3768045375984], [0.0, 1249.9629280788233, 462.54816385708756], [0.0, 0.0, 1.0]]], "extrinsics": [[[0.8217913508415222, -0.5673612952232361, -0.052536945790052414, -1.00506591796875], [-0.02336704172194004, 0.058568596839904785, -0.9980098605155945, 1.4882926940917969], [0.5693092346191406, 0.821383535861969, 0.034873612225055695, -1.33331298828125], [0.0, 0.0, 0.0, 1.0]], [[0.009424680843949318, -0.9984596967697144, -0.054675862193107605, 0.00537109375], [-0.021427975967526436, 0.05446407571434975, -0.9982857704162598, 1.48016357421875], [0.9997259974479675, 0.010580106638371944, -0.020881662145256996, -1.7346725463867188], [0.0, 0.0, 0.0, 1.0]], [[-0.8443223237991333, -0.5356727242469788, -0.013207392767071724, 1.09063720703125], [-0.013425234705209732, 0.04578835517168045, -0.9988608956336975, 1.493072509765625], [0.5356673002243042, -0.8431833982467651, -0.04585166648030281, -1.27752685546875], [0.0, 0.0, 0.0, 1.0]], [[0.947523295879364, 0.3192143440246582, -0.017373286187648773, -1.1439208984375], [-0.03881005942821503, 0.06091683730483055, -0.9973880648612976, 1.562042236328125], [-0.3173222541809082, 0.9457226395606995, 0.07010885328054428, -0.156005859375], [0.0, 0.0, 0.0, 1.0]], [[0.009998663328588009, 0.9985403418540955, 0.05307747423648834, -0.02880859375], [-0.036686934530735016, 0.053410716354846954, -0.9978984594345093, 1.5680618286132812], [-0.9992768168449402, 0.008030376397073269, 0.037167418748140335, 0.04431915283203125], [0.0, 0.0, 0.0, 1.0]], [[-0.9232081770896912, 0.3820230960845947, 0.04177200794219971, 1.1607666015625], [-0.03248593956232071, 0.03072834573686123, -0.9989997148513794, 1.547811508178711], [-0.3829246163368225, -0.9236416816711426, -0.015958279371261597, -0.04376220703125], [0.0, 0.0, 0.0, 1.0]]], "view": [[0.0, -2.0, 100.0], [-2.0, 0.0, 100.0], [0.0, 0.0, 1.0]], "bev": "bev_dc2f861d22a24a6d9ba8c5f11969e1ce.png", "aux": "aux_dc2f861d22a24a6d9ba8c5f11969e1ce.npz", "visibility": "visibility_dc2f861d22a24a6d9ba8c5f11969e1ce.png", "pose": [[-0.8876304626464844, -0.46055635809898376, 0.0, 309.1439514160156], [0.46055635809898376, -0.8876304626464844, 0.0, 668.7799682617188], [0.0, 0.0, 1.0, 0.0], [0.0, 0.0, 0.0, 1.0]], "pose_inverse": [[-0.8876304626464844, 0.46055635809898376, 0.0, -33.60527038574219], [-0.46055635809898376, -0.8876304626464844, 0.0, 736.0076904296875], [0.0, 0.0, 1.0, 0.0], [0.0, 0.0, 0.0, 1.0]], "cam_ids": [0, 1, 2, 3, 4, 5], "cam_channels": ["CAM_FRONT_LEFT", "CAM_FRONT", "CAM_FRONT_RIGHT", "CAM_BACK_LEFT", "CAM_BACK", "CAM_BACK_RIGHT"], "token": "dc2f861d22a24a6d9ba8c5f11969e1ce", "scene": "scene-0536"}, {"images": ["samples/CAM_FRONT_LEFT/n008-2018-08-30-15-52-26-0400__CAM_FRONT_LEFT__1535659272104799.jpg", "samples/CAM_FRONT/n008-2018-08-30-15-52-26-0400__CAM_FRONT__1535659272112404.jpg", "samples/CAM_FRONT_RIGHT/n008-2018-08-30-15-52-26-0400__CAM_FRONT_RIGHT__1535659272120482.jpg", "samples/CAM_BACK_LEFT/n008-2018-08-30-15-52-26-0400__CAM_BACK_LEFT__1535659272147405.jpg", "samples/CAM_BACK/n008-2018-08-30-15-52-26-0400__CAM_BACK__1535659272137558.jpg", "samples/CAM_BACK_RIGHT/n008-2018-08-30-15-52-26-0400__CAM_BACK_RIGHT__1535659272128113.jpg"], "intrinsics": [[[1257.8625342125129, 0.0, 827.2410631095686], [0.0, 1257.8625342125129, 450.915498205774], [0.0, 0.0, 1.0]], [[1252.8131021185304, 0.0, 826.588114781398], [0.0, 1252.8131021185304, 469.9846626224581], [0.0, 0.0, 1.0]], [[1256.7485116440405, 0.0, 817.7887570959712], [0.0, 1256.7485116440403, 451.9541780095127], [0.0, 0.0, 1.0]], [[1254.9860565800168, 0.0, 829.5769333630991], [0.0, 1254.9860565800168, 467.1680561863987], [0.0, 0.0, 1.0]], [[796.8910634503094, 0.0, 857.7774326863696], [0.0, 796.8910634503094, 476.8848988407415], [0.0, 0.0, 1.0]], [[1249.9629280788233, 0.0, 825.3768045375984], [0.0, 1249.9629280788233, 462.54816385708756], [0.0, 0.0, 1.0]]], "extrinsics": [[[0.8218030333518982, -0.567329466342926, -0.0526978075504303, -1.00506591796875], [-0.023535283282399178, 0.05861007049679756, -0.9980034828186035, 1.4882926940917969], [0.56928551197052, 0.8214025497436523, 0.03481367602944374, -1.333251953125], [0.0, 0.0, 0.0, 1.0]], [[0.009445421397686005, -0.9984573721885681, -0.054714638739824295, 0.00537109375], [-0.021572520956397057, 0.05450088158249855, -0.9982807040214539, 1.48016357421875], [0.9997226595878601, 0.010609546676278114, -0.02102445624768734, -1.7347259521484375], [0.0, 0.0, 0.0, 1.0]], [[-0.844312846660614, -0.5356898307800293, -0.013124569319188595, 1.09063720703125], [-0.013544607907533646, 0.04582029581069946, -0.998857855796814, 1.4930686950683594], [0.5356793403625488, -0.8431707620620728, -0.04594237357378006, -1.2774658203125], [0.0, 0.0, 0.0, 1.0]], [[0.9475216269493103, 0.3192155659198761, -0.017437895759940147, -1.1439056396484375], [-0.038897380232810974, 0.06097410246729851, -0.9973810911178589, 1.5620460510253906], [-0.3173163831233978, 0.94571852684021, 0.07019093632698059, -0.1561279296875], [0.0, 0.0, 0.0, 1.0]], [[0.00999515876173973, 0.9985379576683044, 0.05312327295541763, -0.02880859375], [-0.03679