[{"images": ["samples/CAM_FRONT_LEFT/n008-2018-08-01-15-52-19-0400__CAM_FRONT_LEFT__1533153245254799.jpg", "samples/CAM_FRONT/n008-2018-08-01-15-52-19-0400__CAM_FRONT__1533153245262404.jpg", "samples/CAM_FRONT_RIGHT/n008-2018-08-01-15-52-19-0400__CAM_FRONT_RIGHT__1533153245270482.jpg", "samples/CAM_BACK_LEFT/n008-2018-08-01-15-52-19-0400__CAM_BACK_LEFT__1533153245297405.jpg", "samples/CAM_BACK/n008-2018-08-01-15-52-19-0400__CAM_BACK__1533153245287558.jpg", "samples/CAM_BACK_RIGHT/n008-2018-08-01-15-52-19-0400__CAM_BACK_RIGHT__1533153245278113.jpg"], "intrinsics": [[[1257.8625342125129, 0.0, 827.2410631095686], [0.0, 1257.8625342125129, 450.915498205774], [0.0, 0.0, 1.0]], [[1252.8131021185304, 0.0, 826.588114781398], [0.0, 1252.8131021185304, 469.9846626224581], [0.0, 0.0, 1.0]], [[1256.7485116440405, 0.0, 817.7887570959712], [0.0, 1256.7485116440403, 451.9541780095127], [0.0, 0.0, 1.0]], [[1254.9860565800168, 0.0, 829.5769333630991], [0.0, 1254.9860565800168, 467.1680561863987], [0.0, 0.0, 1.0]], [[796.8910634503094, 0.0, 857.7774326863696], [0.0, 796.8910634503094, 476.8848988407415], [0.0, 0.0, 1.0]], [[1249.9629280788233, 0.0, 825.3768045375984], [0.0, 1249.9629280788233, 462.54816385708756], [0.0, 0.0, 1.0]]], "extrinsics": [[[0.8225743174552917, -0.5686458349227905, -0.0036652106791734695, -0.6956787109375], [0.004453578032553196, 0.012887230142951012, -0.9999070167541504, 1.4899158477783203], [0.5686402320861816, 0.822481632232666, 0.013133211992681026, -1.1239013671875], [0.0, 0.0, 0.0, 1.0]], [[0.010155302472412586, -0.9999099969863892, -0.008766371756792068, 0.01080322265625], [0.006360065191984177, 0.008831235580146313, -0.999940812587738, 1.4821014404296875], [0.9999282360076904, 0.010098939761519432, 0.006449175998568535, -1.42724609375], [0.0, 0.0, 0.0, 1.0]], [[-0.8441396355628967, -0.5359876751899719, -0.012058030813932419, 0.890625], [0.014153733849525452, 0.00020353579020593315, -0.9998998045921326, 1.4964408874511719], [0.5359365344047546, -0.8442257642745972, 0.00741441547870636, -1.1492919921875], [0.0, 0.0, 0.0, 1.0]], [[0.9478680491447449, 0.31860607862472534, -0.006028442643582821, -1.140869140625], [-0.011476058512926102, 0.01522394735366106, -0.9998182654380798, 1.5620059967041016], [-0.31845641136169434, 0.9477649331092834, 0.018086636438965797, -0.15702056884765625], [0.0, 0.0, 0.0, 1.0]], [[0.00933549739420414, 0.9999265670776367, 0.007732524070888758, -0.02838134765625], [-0.009303634986281395, 0.007819382473826408, -0.9999261498451233, 1.5672292709350586], [-0.9999130964279175, 0.009262863546609879, 0.009375949390232563, -0.04443359375], [0.0, 0.0, 0.0, 1.0]], [[-0.9236701726913452, 0.38318684697151184, -0.0010957693448290229, 1.0020751953125], [-0.004972424823790789, -0.014845279976725578, -0.9998774528503418, 1.5469703674316406], [-0.3831561207771301, -0.9235514998435974, 0.015617510303854942, -0.108642578125], [0.0, 0.0, 0.0, 1.0]]], "view": [[0.0, -2.0, 100.0], [-2.0, 0.0, 100.0], [0.0, 0.0, 1.0]], "bev": "bev_9cd981bf4a4547bc97c62058f5291d92.png", "aux": "aux_9cd981bf4a4547bc97c62058f5291d92.npz", "visibility": "visibility_9cd981bf4a4547bc97c62058f5291d92.png", "pose": [[-0.9995477795600891, 0.03007073514163494, 0.0, 2265.234375], [-0.03007073514163494, -0.9995477795600891, 0.0, 793.91357421875], [0.0, 0.0, 1.0, 0.0], [0.0, 0.0, 0.0, 1.0]], "pose_inverse": [[-0.9995477795600891, -0.03007073514163494, 0.0, 2288.08349609375], [0.03007073514163494, -0.9995477795600891, 0.0, 725.437255859375], [0.0, 0.0, 1.0, 0.0], [0.0, 0.0, 0.0, 1.0]], "cam_ids": [0, 1, 2, 3, 4, 5], "cam_channels": ["CAM_FRONT_LEFT", "CAM_FRONT", "CAM_FRONT_RIGHT", "CAM_BACK_LEFT", "CAM_BACK", "CAM_BACK_RIGHT"], "token": "9cd981bf4a4547bc97c62058f5291d92", "scene": "scene-0062"}, {"images": ["samples/CAM_FRONT_LEFT/n008-2018-08-01-15-52-19-0400__CAM_FRONT_LEFT__1533153245754799.jpg", "samples/CAM_FRONT/n008-2018-08-01-15-52-19-0400__CAM_FRONT__1533153245762404.jpg", "samples/CAM_FRONT_RIGHT/n008-2018-08-01-15-52-19-0400__CAM_FRONT_RIGHT__1533153245770482.jpg", "samples/CAM_BACK_LEFT/n008-2018-08-01-15-52-19-0400__CAM_BACK_LEFT__1533153245797405.jpg", "samples/CAM_BACK/n008-2018-08-01-15-52-19-0400__CAM_BACK__1533153245787558.jpg", "samples/CAM_BACK_RIGHT/n008-2018-08-01-15-52-19-0400__CAM_BACK_RIGHT__1533153245778113.jpg"], "intrinsics": [[[1257.8625342125129, 0.0, 827.2410631095686], [0.0, 1257.8625342125129, 450.915498205774], [0.0, 0.0, 1.0]], [[1252.8131021185304, 0.0, 826.588114781398], [0.0, 1252.8131021185304, 469.9846626224581], [0.0, 0.0, 1.0]], [[1256.7485116440405, 0.0, 817.7887570959712], [0.0, 1256.7485116440403, 451.9541780095127], [0.0, 0.0, 1.0]], [[1254.9860565800168, 0.0, 829.5769333630991], [0.0, 1254.9860565800168, 467.1680561863987], [0.0, 0.0, 1.0]], [[796.8910634503094, 0.0, 857.7774326863696], [0.0, 796.8910634503094, 476.8848988407415], [0.0, 0.0, 1.0]], [[1249.9629280788233, 0.0, 825.3768045375984], [0.0, 1249.9629280788233, 462.54816385708756], [0.0, 0.0, 1.0]]], "extrinsics": [[[0.8230952620506287, -0.5678917765617371, -0.00364863034337759, -0.7093505859375], [0.004612016957253218, 0.01310885138809681, -0.9999034404754639, 1.4898948669433594], [0.5678847432136536, 0.8229989409446716, 0.013408957049250603, -1.1334228515625], [0.0, 0.0, 0.0, 1.0]], [[0.011005224660038948, -0.9999002814292908, -0.008851979859173298, 0.01141357421875], [0.006647925823926926, 0.008925484493374825, -0.9999380707740784, 1.4820747375488281], [0.9999173879623413, 0.010945701040327549, 0.006745490245521069, -1.443603515625], [0.0, 0.0, 0.0, 1.0]], [[-0.8437157273292542, -0.5366422533988953, -0.012607217766344547, 0.90478515625], [0.014828781597316265, 0.0001761999592417851, -0.9998900294303894, 1.4963607788085938], [0.5365854501724243, -0.8438099026679993, 0.007809087168425322, -1.15673828125], [0.0, 0.0, 0.0, 1.0]], [[0.9478644728660583, 0.3186432421207428, -0.00442500738427043, -1.142333984375], [-0.01020057499408722, 0.016459112986922264, -0.9998125433921814, 1.5620241165161133], [-0.31851065158843994, 0.9477318525314331, 0.018851350992918015, -0.15665817260742188], [0.0, 0.0, 0.0, 1.0]], [[0.009034235961735249, 0.9999250769615173, 0.008261636830866337, -0.0289306640625], [-0.008171017281711102, 0.008335517719388008, -0.999931812286377, 1.5673837661743164], [-0.9999258518218994, 0.008966111578047276, 0.008245709352195263, -0.03759765625], [0.0, 0.0, 0.0, 1.0]], [[-0.9238839149475098, 0.38266849517822266, -0.0018664072267711163, 1.0135498046875], [-0.0040848334319889545, -0.014738869853317738, -0.9998830556869507, 1.5471858978271484], [-0.3826512098312378, -0.9237682223320007, 0.015180140733718872, -0.102783203125], [0.0, 0.0, 0.0, 1.0]]], "view": [[0.0, -2.0, 100.0], [-2.0, 0.0, 100.0], [0.0, 0.0, 1.0]], "bev": "bev_ee6c72d8922a47efbe27d93d826009a8.png", "aux": "aux_ee6c72d8922a47efbe27d93d826009a8.npz", "visibility": "visibility_ee6c72d8922a47efbe27d93d826009a8.png", "pose": [[-0.9996627569198608, 0.025969352573156357, 0.0, 2260.939453125], [-0.025969352573156357, -0.9996627569198608, 0.0, 793.818359375], [0.0, 0.0, 1.0, 0.0], [0.0, 0.0, 0.0, 1.0]], "pose_inverse": [[-0.9996627569198608, -0.025969352573156357, 0.0, 2280.7919921875], [0.025969352573156357, -0.9996627569198608, 0.0, 734.8355102539062], [0.0, 0.0, 1.0, 0.0], [0.0, 0.0, 0.0, 1.0]], "cam_ids": [0, 1, 2, 3, 4, 5], "cam_channels": ["CAM_FRONT_LEFT", "CAM_FRONT", "CAM_FRONT_RIGHT", "CAM_BACK_LEFT", "CAM_BACK", "CAM_BACK_RIGHT"], "token": "ee6c72d8922a47efbe27d93d826009a8", "scene": "scene-0062"}, {"images": ["samples/CAM_FRONT_LEFT/n008-2018-08-01-15-52-19-0400__CAM_FRONT_LEFT__1533153246254799.jpg", "samples/CAM_FRONT/n008-2018-08-01-15-52-19-0400__CAM_FRONT__1533153246262404.jpg", "samples/CAM_FRONT_RIGHT/n008-2018-08-01-15-52-19-0400__CAM_FRONT_RIGHT__1533153246270482.jpg", "samples/CAM_BACK_LEFT/n008-2018-08-01-15-52-19-0400__CAM_BACK_LEFT__1533153246297405.jpg", "samples/CAM_BACK/n008-2018-08-01-15-52-19-0400__CAM_BACK__1533153246287558.jpg", "samples/CAM_BACK_RIGHT/n008-2018-08-01-15-52-19-0400__CAM_BACK_RIGHT__1533153246278113.jpg"], "intrinsics": [[[1257.8625342125129, 0.0, 827.2410631095686], [0.0, 1257.8625342125129, 450.915498205774], [0.0, 0.0, 1.0]], [[1252.8131021185304, 0.0, 826.588114781398], [0.0, 1252.8131021185304, 469.9846626224581], [0.0, 0.0, 1.0]], [[1256.7485116440405, 0.0, 817.7887570959712], [0.0, 1256.7485116440403, 451.9541780095127], [0.0, 0.0, 1.0]], [[1254.9860565800168, 0.0, 829.5769333630991], [0.0, 1254.9860565800168, 467.1680561863987], [0.0, 0.0, 1.0]], [[796.8910634503094, 0.0, 857.7774326863696], [0.0, 796.8910634503094, 476.8848988407415], [0.0, 0.0, 1.0]], [[1249.9629280788233, 0.0, 825.3768045375984], [0.0, 1249.9629280788233, 462.54816385708756], [0.0, 0.0, 1.0]]], "extrinsics": [[[0.822578489780426, -0.5686256289482117, 0.005433631129562855, -0.71337890625], [0.017587723210453987, 0.015889504924416542, -0.9997190833091736, 1.4944076538085938], [0.5683796405792236, 0.8224429488182068, 0.02307119593024254, -1.1370849609375], [0.0, 0.0, 0.0, 1.0]], [[0.0104580819606781, -0.9998847246170044, -0.011008231900632381, 0.01214599609375], [0.01942918635904789, 0.011209947057068348, -0.9997484087944031, 1.4857330322265625], [0.9997565746307373, 0.010241566225886345, 0.01954418048262596, -1.44580078125], [0.0, 0.0, 0.0, 1.0]], [[-0.8437268137931824, -0.5362348556518555, -0.024028431624174118, 0.905029296875], [0.027286604046821594, 0.001859272364526987, -0.9996258616447449, 1.4991188049316406], [0.536078929901123, -0.8440667986869812, 0.013063307851552963, -1.156005859375], [0.0, 0.0, 0.0, 1.0]], [[0.9478542804718018, 0.3186400830745697, 0.0063900877721607685, -1.143310546875], [0.001621678122319281, 0.015227915719151497, -0.999882698059082, 1.5620441436767578], [-0.31870001554489136, 0.9477534890174866, 0.013917111791670322, -0.15636825561523438], [0.0, 0.0, 0.0, 1.0]], [[0.009074773639440536, 0.9999236464500427, 0.008396058343350887, -0.02923583984375], [0.0038009423296898603, 0.008361851796507835, -0.9999577403068542, 1.5683660507202148], [-0.9999516010284424, 0.009106303565204144, -0.0037247720174491405, -0.037353515625], [0.0, 0.0, 0.0, 1.0]], [[-0.9236785769462585, 0.38295626640319824, -0.012740777805447578, 1.0126953125], [0.008092562668025494, -0.013746295124292374, -0.9998727440834045, 1.5491294860839844], [-0.38308262825012207, -0.9236641526222229, 0.009598061442375183, -0.102783203125], [0.0, 0.0, 0.0, 1.0]]], "view": [[0.0, -2.0, 100.0], [-2.0, 0.0, 100.0], [0.0, 0.0, 1.0]], "bev": "bev_cc1567e902724f82898f405601923c3c.png", "aux": "aux_cc1567e902724f82898f405601923c3c.npz", "visibility": "visibility_cc1567e902724f82898f405601923c3c.png", "pose": [[-0.9996545910835266, 0.02628200873732567, 0.0, 2256.7646484375], [-0.02628200873732567, -0.9996545910835266, 0.0, 793.7483520507812], [0.0, 0.0, 1.0, 0.0], [0.0, 0.0, 0.0, 1.0]], "pose_inverse": [[-0.9996545910835266, -0.02628200873732567, 0.0, 2276.846435546875], [0.02628200873732567, -0.9996545910835266, 0.0, 734.161865234375], [0.0, 0.0, 1.0, 0.0], [0.0, 0.0, 0.0, 1.0]], "cam_ids": [0, 1, 2, 3, 4, 5], "cam_channels": ["CAM_FRONT_LEFT", "CAM_FRONT", "CAM_FRONT_RIGHT", "CAM_BACK_LEFT", "CAM_BACK", "CAM_BACK_RIGHT"], "token": "cc1567e902724f82898f405601923c3c", "scene": "scene-0062"}, {"images": ["samples/CAM_FRONT_LEFT/n008-2018-08-01-15-52-19-0400__CAM_FRONT_LEFT__1533153246754799.jpg", "samples/CAM_FRONT/n008-2018-08-01-15-52-19-0400__CAM_FRONT__1533153246763147.jpg", "samples/CAM_FRONT_RIGHT/n008-2018-08-01-15-52-19-0400__CAM_FRONT_RIGHT__1533153246770482.jpg", "samples/CAM_BACK_LEFT/n008-2018-08-01-15-52-19-0400__CAM_BACK_LEFT__1533153246797405.jpg", "samples/CAM_BACK/n008-2018-08-01-15-52-19-0400__CAM_BACK__1533153246787558.jpg", "samples/CAM_BACK_RIGHT/n008-2018-08-01-15-52-19-0400__CAM_BACK_RIGHT__1533153246778113.jpg"], "intrinsics": [[[1257.8625342125129, 0.0, 827.2410631095686], [0.0, 1257.8625342125129, 450.915498205774], [0.0, 0.0, 1.0]], [[1252.8131021185304, 0.0, 826.588114781398], [0.0, 1252.8131021185304, 469.9846626224581], [0.0, 0.0, 1.0]], [[1256.7485116440405, 0.0, 817.7887570959712], [0.0, 1256.7485116440403, 451.9541780095127], [0.0, 0.0, 1.0]], [[1254.9860565800168, 0.0, 829.5769333630991], [0.0, 1254.9860565800168, 467.1680561863987], [0.0, 0.0, 1.0]], [[796.8910634503094, 0.0, 857.7774326863696], [0.0, 796.8910634503094, 476.8848988407415], [0.0, 0.0, 1.0]], [[1249.9629280788233, 0.0, 825.3768045375984], [0.0, 1249.9629280788233, 462.54816385708756], [0.0, 0.0, 1.0]]], "extrinsics": [[[0.8225847482681274, -0.5683560967445374, 0.01804937794804573, -0.7156982421875], [0.014406408183276653, -0.010901511646807194, -0.999836802482605, 1.4933605194091797], [0.5684601664543152, 0.8227104544639587, -0.0007794489501975477, -1.133544921875], [0.0, 0.0, 0.0, 1.0]], [[0.010326901450753212, -0.9998296499252319, 0.015296381898224354, 0.0079345703125], [0.0161711648106575, -0.015128210186958313, -0.999754786491394, 1.4847335815429688], [0.9998158812522888, 0.010571730323135853, 0.01601218245923519, -1.45166015625], [0.0, 0.0, 0.0, 1.0]], [[-0.843890368938446, -0.5364636778831482, -0.00747167132794857, 0.902587890625], [0.024083171039819717, -0.023964710533618927, -0.9994226694107056, 1.4984130859375], [0.53597491979599, -0.8435831069946289, 0.033143334090709686, -1.158935546875], [0.0, 0.0, 0.0, 1.0]], [[0.9478662014007568, 0.3186352550983429, -0.004611276555806398, -1.144287109375], [-0.0016749647911638021, -0.009488656185567379, -0.99995356798172, 1.562042236328125], [-0.31866422295570374, 0.9478299021720886, -0.008460275828838348, -0.156005859375], [0.0, 0.0, 0.0, 1.0]], [[0.009164692834019661, 0.9998171925544739, -0.01678282953798771, -0.02783203125], [0.0005223254556767642, -0.016788316890597343, -0.9998588562011719, 1.5680999755859375], [-0.999957799911499, 0.009154630824923515, -0.0006760897231288254, -0.037109375], [0.0, 0.0, 0.0, 1.0]], [[-0.9236677885055542, 0.3826977014541626, -0.019500184804201126, 1.013916015625], [0.004830854944884777, -0.03925506770610809, -0.9992175698280334, 1.5485610961914062], [-0.383163720369339, -0.9230393171310425, 0.03440988436341286, -0.1051025390625], [0.0, 0.0, 0.0, 1.0]]], "view": [[0.0, -2.0, 100.0], [-2.0, 0.0, 100.0], [0.0, 0.0, 1.0]], "bev": "bev_95cf14e1ffd3417cb9a742227a575164.png", "aux": "aux_95cf14e1ffd3417cb9a742227a575164.npz", "visibility": "visibility_95cf14e1ffd3417cb9a742227a575164.png", "pose": [[-0.9996022582054138, 0.028201719745993614, 0.0, 2252.55810546875], [-0.028201719745993614, -0.9996022582054138, 0.0, 793.6657104492188], [0.0, 0.0, 1.0, 0.0], [0.0, 0.0, 0.0, 1.0]], "pose_inverse": [[-0.9996022582054138, -0.028201719745993614, 0.0, 2274.044921875], [0.028201719745993614, -0.9996022582054138, 0.0, 729.8240356445312], [0.0, 0.0, 1.0, 0.0], [0.0, 0.0, 0.0, 1.0]], "cam_ids": [0, 1, 2, 3, 4, 5], "cam_channels": ["CAM_FRONT_LEFT", "CAM_FRONT", "CAM_FRONT_RIGHT", "CAM_BACK_LEFT", "CAM_BACK", "CAM_BACK_RIGHT"], "token": "95cf14e1ffd3417cb9a742227a575164", "scene": "scene-0062"}, {"images": ["samples/CAM_FRONT_LEFT/n008-2018-08-01-15-52-19-0400__CAM_FRONT_LEFT__1533153247254799.jpg", "samples/CAM_FRONT/n008-2018-08-01-15-52-19-0400__CAM_FRONT__1533153247262404.jpg", "samples/CAM_FRONT_RIGHT/n008-2018-08-01-15-52-19-0400__CAM_FRONT_RIGHT__1533153247270482.jpg", "samples/CAM_BACK_LEFT/n008-2018-08-01-15-52-19-0400__CAM_BACK_LEFT__1533153247297405.jpg", "samples/CAM_BACK/n008-2018-08-01-15-52-19-0400__CAM_BACK__1533153247287558.jpg", "samples/CAM_BACK_RIGHT/n008-2018-08-01-15-52-19-0400__CAM_BACK_RIGHT__1533153247278113.jpg"], "intrinsics": [[[1257.8625342125129, 0.0, 827.2410631095686], [0.0, 1257.8625342125129, 450.915498205774], [0.0, 0.0, 1.0]], [[1252.8131021185304, 0.0, 826.588114781398], [0.0, 1252.8131021185304, 469.9846626224581], [0.0, 0.0, 1.0]], [[1256.7485116440405, 0.0, 817.7887570959712], [0.0, 1256.7485116440403, 451.9541780095127], [0.0, 0.0, 1.0]], [[1254.9860565800168, 0.0, 829.5769333630991], [0.0, 1254.9860565800168, 467.1680561863987], [0.0, 0.0, 1.0]], [[796.8910634503094, 0.0, 857.7774326863696], [0.0, 796.8910634503094, 476.8848988407415], [0.0, 0.0, 1.0]], [[1249.9629280788233, 0.0, 825.3768045375984], [0.0, 1249.9629280788233, 462.54816385708756], [0.0, 0.0, 1.0]]], "extrinsics": [[[0.8226764798164368, -0.5684975385665894, 0.0037538716569542885, -0.708251953125], [0.009252016432583332, 0.006785944569855928, -0.9999341368675232, 1.4916019439697266], [0.5684346556663513, 0.82265704870224, 0.010842382907867432, -1.131103515625], [0.0, 0.0, 0.0, 1.0]], [[0.010484391823410988, -0.9999380707740784, -0.0037283594720065594, 0.010498046875], [0.010593078099191189, 0.0038394222501665354, -0.999936580657959, 1.4832935333251953], [0.9998889565467834, 0.010444230400025845, 0.010632675141096115, -1.438720703125], [0.0, 0.0, 0.0, 1.0]], [[-0.8438584804534912, -0.536401093006134, -0.013294006697833538, 0.898193359375], [0.018047956749796867, -0.003613279666751623, -0.9998305439949036, 1.4972190856933594], [0.5362622737884521, -0.8439554572105408, 0.012730039656162262, -1.153076171875], [0.0, 0.0, 0.0, 1.0]], [[0.9478700757026672, 0.31862887740135193, -0.004236333537846804, -1.140380859375], [-0.009594137780368328, 0.015247679315507412, -0.9998376965522766, 1.5620050430297852], [-0.31851255893707275, 0.9477569460868835, 0.017509786412119865, -0.1573314666748047], [0.0, 0.0, 0.0, 1.0]], [[0.009145339019596577, 0.9999371767044067, 0.006485615391284227, -0.02874755859375], [-0.006645259913057089, 0.006546518299728632, -0.9999564290046692, 1.5674848556518555], [-0.999936044216156, 0.009101836942136288, 0.0067047118209302425, -0.041748046875], [0.0, 0.0, 0.0, 1.0]], [[-0.9237834811210632, 0.38288021087646484, -0.005178868770599365, 1.007568359375], [-0.001639533438719809, -0.017479734495282173, -0.9998458623886108, 1.5475635528564453], [-0.382911741733551, -0.9236326217651367, 0.016775235533714294, -0.105712890625], [0.0, 0.0, 0.0, 1.0]]], "view": [[0.0, -2.0, 100.0], [-2.0, 0.0, 100.0], [0.0, 0.0, 1.0]], "bev": "bev_e3ed49fbeb5f4c55a43d511366a00a48.png", "aux": "aux_e3ed49fbeb5f4c55a43d511366a00a48.npz", "visibility": "visibility_e3ed49fbeb5f4c55a43d511366a00a48.png", "pose": [[-0.9996188282966614, 0.02760852314531803, 0.0, 2248.176513671875], [-0.02760852314531803, -0.9996188282966614, 0.0, 793.5552978515625], [0.0, 0.0, 1.0, 0.0], [0.0, 0.0, 0.0, 1.0]], "pose_inverse": [[-0.9996188282966614, -0.02760852314531803, 0.0, 2269.228515625], [0.02760852314531803, -0.9996188282966614, 0.0, 731.1839599609375], [0.0, 0.0, 1.0, 0.0], [0.0, 0.0, 0.0, 1.0]], "cam_ids": [0, 1, 2, 3, 4, 5], "cam_channels": ["CAM_FRONT_LEFT", "CAM_FRONT", "CAM_FRONT_RIGHT", "CAM_BACK_LEFT", "CAM_BACK", "CAM_BACK_RIGHT"], "token": "e3ed49fbeb5f4c55a43d511366a00a48", "scene": "scene-0062"}, {"images": ["samples/CAM_FRONT_LEFT/n008-2018-08-01-15-52-19-0400__CAM_FRONT_LEFT__1533153247754799.jpg", "samples/CAM_FRONT/n008-2018-08-01-15-52-19-0400__CAM_FRONT__1533153247762404.jpg", "samples/CAM_FRONT_RIGHT/n008-2018-08-01-15-52-19-0400__CAM_FRONT_RIGHT__1533153247770482.jpg", "samples/CAM_BACK_LEFT/n008-2018-08-01-15-52-19-0400__CAM_BACK_LEFT__1533153247797405.jpg", "samples/CAM_BACK/n008-2018-08-01-15-52-19-0400__CAM_BACK__1533153247787558.jpg", "samples/CAM_BACK_RIGHT/n008-2018-08-01-15-52-19-0400__CAM_BACK_RIGHT__1533153247778401.jpg"], "intrinsics": [[[1257.8625342125129, 0.0, 827.2410631095686], [0.0, 1257.8625342125129, 450.915498205774], [0.0, 0.0, 1.0]], [[1252.8131021185304, 0.0, 826.588114781398], [0.0, 1252.8131021185304, 469.9846626224581], [0.0, 0.0, 1.0]], [[1256.7485116440405, 0.0, 817.7887570959712], [0.0, 1256.7485116440403, 451.9541780095127], [0.0, 0.0, 1.0]], [[1254.9860565800168, 0.0, 829.5769333630991], [0.0, 1254.9860565800168, 467.1680561863987], [0.0, 0.0, 1.0]], [[796.8910634503094, 0.0, 857.7774326863696], [0.0, 796.8910634503094, 476.8848988407415], [0.0, 0.0, 1.0]], [[1249.9629280788233, 0.0, 825.3768045375984], [0.0, 1249.9629280788233, 462.54816385708756], [0.0, 0.0, 1.0]]], "extrinsics": [[[0.822576105594635, -0.5684215426445007, 0.016296349465847015, -0.7069091796875], [0.024692002683877945, 0.007072353735566139, -0.9996700882911682, 1.4971961975097656], [0.5681188106536865, 0.8227070569992065, 0.0198530163615942, -1.129638671875], [0.0, 0.0, 0.0, 1.0]], [[0.010634551756083965, -0.9999406337738037, -0.0023722979240119457, 0.00994873046875], [0.026709455996751785, 0.0026556430384516716, -0.9996397495269775, 1.48809814453125], [0.9995866417884827, 0.010567356832325459, 0.02673611044883728, -1.43701171875], [0.0, 0.0, 0.0, 1.0]], [[-0.843473494052887, -0.5365475416183472, -0.02586853876709938, 0.89697265625], [0.03481719270348549, -0.0065512871369719505, -0.9993721842765808, 1.5010757446289062], [0.536041259765625, -0.8438446521759033, 0.024206915870308876, -1.15380859375], [0.0, 0.0, 0.0, 1.0]], [[0.9477684497833252, 0.31877395510673523, 0.010871234349906445, -1.141845703125], [0.009493999183177948, 0.005873887334018946, -0.9999376535415649, 1.5620708465576172], [-0.31881794333457947, 0.9478124976158142, 0.0025406437925994396, -0.1568317413330078], [0.0, 0.0, 0.0, 1.0]], [[0.008956975303590298, 0.9999597072601318, -0.0005723009817302227, -0.02838134765625], [0.011424428783357143, -0.0006746178260073066, -0.9999344348907471, 1.5690422058105469], [-0.9998946785926819, 0.008949851617217064, -0.011430015787482262, -0.041259765625], [0.0, 0.0, 0.0, 1.0]], [[-0.9235854148864746, 0.3827032744884491, -0.022982873022556305, 1.0098876953125], [0.015603736974298954, -0.022374873980879784, -0.9996278882026672, 1.5503692626953125], [-0.3830750584602356, -0.9236003756523132, 0.014693506062030792, -0.105712890625], [0.0, 0.0, 0.0, 1.0]]], "view": [[0.0, -2.0, 100.0], [-2.0, 0.0, 100.0], [0.0, 0.0, 1.0]], "bev": "bev_9fb44c7c030a4827bf0c8491348a0445.png", "aux": "aux_9fb44c7c030a4827bf0c8491348a0445.npz", "visibility": "visibility_9fb44c7c030a4827bf0c8491348a0445.png", "pose": [[-0.999626874923706, 0.027314551174640656, 0.0, 2244.012451171875], [-0.027314551174640656, -0.999626874923706, 0.0, 793.4762573242188], [0.0, 0.0, 1.0, 0.0], [0.0, 0.0, 0.0, 1.0]], "pose_inverse": [[-0.999626874923706, -0.027314551174640656, 0.0, 2264.8486328125], [0.027314551174640656, -0.999626874923706, 0.0, 731.885986328125], [0.0, 0.0, 1.0, 0.0], [0.0, 0.0, 0.0, 1.0]], "cam_ids": [0, 1, 2, 3, 4, 5], "cam_channels": ["CAM_FRONT_LEFT", "CAM_FRONT", "CAM_FRONT_RIGHT", "CAM_BACK_LEFT", "CAM_BACK", "CAM_BACK_RIGHT"], "token": "9fb44c7c030a4827bf0c8491348a0445", "scene": "scene-0062"}, {"images": ["samples/CAM_FRONT_LEFT/n008-2018-08-01-15-52-19-0400__CAM_FRONT_LEFT__1533153248254799.jpg", "samples/CAM_FRONT/n008-2018-08-01-15-52-19-0400__CAM_FRONT__1533153248262404.jpg", "samples/CAM_FRONT_RIGHT/n008-2018-08-01-15-52-19-0400__CAM_FRONT_RIGHT__1533153248270482.jpg", "samples/CAM_BACK_LEFT/n008-2018-08-01-15-52-19-0400__CAM_BACK_LEFT__1533153248297405.jpg", "samples/CAM_BACK/n008-2018-08-01-15-52-19-0400__CAM_BACK__1533153248287558.jpg", "samples/CAM_BACK_RIGHT/n008-2018-08-01-15-52-19-0400__CAM_BACK_RIGHT__1533153248278113.jpg"], "intrinsics": [[[1257.8625342125129, 0.0, 827.2410631095686], [0.0, 1257.8625342125129, 450.915498205774], [0.0, 0.0, 1.0]], [[1252.8131021185304, 0.0, 826.588114781398], [0.0, 1252.8131021185304, 469.9846626224581], [0.0, 0.0, 1.0]], [[1256.7485116440405, 0.0, 817.7887570959712], [0.0, 1256.7485116440403, 451.9541780095127], [0.0, 0.0, 1.0]], [[1254.9860565800168, 0.0, 829.5769333630991], [0.0, 1254.9860565800168, 467.1680561863987], [0.0, 0.0, 1.0]], [[796.8910634503094, 0.0, 857.7774326863696], [0.0, 796.8910634503094, 476.8848988407415], [0.0, 0.0, 1.0]], [[1249.9629280788233, 0.0, 825.3768045375984], [0.0, 1249.9629280788233, 462.54816385708756], [0.0, 0.0, 1.0]]], "extrinsics": [[[0.8224735856056213, -0.5687689185142517, 0.006258131004869938, -0.7110595703125], [0.006789841689169407, -0.0011841650120913982, -0.9999762177467346, 1.4907150268554688], [0.5687627792358398, 0.8224964737892151, 0.002887905575335026, -1.133056640625], [0.0, 0.0, 0.0, 1.0]], [[0.010051500983536243, -0.9999332427978516, 0.005694772116839886, 0.0098876953125], [0.008912989869713783, -0.0056052422150969505, -0.9999445676803589, 1.4827823638916016], [0.9999096989631653, 0.010101702064275742, 0.008856053464114666, -1.44189453125], [0.0, 0.0, 0.0, 1.0]], [[-0.8441335558891296, -0.5360934734344482, -0.006506080739200115, 0.90087890625], [0.016976673156023026, -0.014598439447581768, -0.9997493028640747, 1.496908187866211], [0.5358641743659973, -0.8440324068069458, 0.02142411656677723, -1.15618896484375], [0.0, 0.0, 0.0, 1.0]], [[0.9478808641433716, 0.31853732466697693, -0.007483347784727812, -1.142822265625], [-0.007782412692904472, -0.0003337804228067398, -0.9999696612358093, 1.5620346069335938], [-0.3185301721096039, 0.9479102492332458, 0.0021626055240631104, -0.1564464569091797], [0.0, 0.0, 0.0, 1.0]], [[0.009320292621850967, 0.9999275803565979, -0.007618151139467955, -0.0283203125], [-0.005759130697697401, -0.007564678322523832, -0.9999547600746155, 1.5675849914550781], [-0.999940037727356, 0.009363743476569653, 0.005688208155333996, -0.03857421875], [0.0, 0.0, 0.0, 1.0]], [[-0.923646092414856, 0.3831201195716858, -0.009837391786277294, 1.0107421875], [-0.001773745403625071, -0.029941730201244354, -0.9995500445365906, 1.5475349426269531], [-0.38324227929115295, -0.923213005065918, 0.028335120528936386, -0.1053466796875], [0.0, 0.0, 0.0, 1.0]]], "view": [[0.0, -2.0, 100.0], [-2.0, 0.0, 100.0], [0.0, 0.0, 1.0]], "bev": "bev_aa938d311fab4b7a884fc88a1ceb6df9.png", "aux": "aux_aa938d311fab4b7a884fc88a1ceb6df9.npz", "visibility": "visibility_aa938d311fab4b7a884fc88a1ceb6df9.png", "pose": [[-0.9996644854545593, 0.025901859626173973, 0.0, 2239.839599609375], [-0.025901859626173973, -0.9996644854545593, 0.0, 793.3919067382812], [0.0, 0.0, 1.0, 0.0], [0.0, 0.0, 0.0, 1.0]], "pose_inverse": [[-0.9996644854545593, -0.025901859626173973, 0.0, 2259.638427734375], [0.025901859626173973, -0.9996644854545593, 0.0, 735.1096801757812], [0.0, 0.0, 1.0, 0.0], [0.0, 0.0, 0.0, 1.0]], "cam_ids": [0, 1, 2, 3, 4, 5], "cam_channels": ["CAM_FRONT_LEFT", "CAM_FRONT", "CAM_FRONT_RIGHT", "CAM_BACK_LEFT", "CAM_BACK", "CAM_BACK_RIGHT"], "token": "aa938d311fab4b7a884fc88a1ceb6df9", "scene": "scene-0062"}, {"images": ["samples/CAM_FRONT_LEFT/n008-2018-08-01-15-52-19-0400__CAM_FRONT_LEFT__1533153248754799.jpg", "samples/CAM_FRONT/n008-2018-08-01-15-52-19-0400__CAM_FRONT__1533153248762404.jpg", "samples/CAM_FRONT_RIGHT/n008-2018-08-01-15-52-19-0400__CAM_FRONT_RIGHT__1533153248770482.jpg", "samples/CAM_BACK_LEFT/n008-2018-08-01-15-52-19-0400__CAM_BACK_LEFT__1533153248797405.jpg", "samples/CAM_BACK/n008-2018-08-01-15-52-19-0400__CAM_BACK__1533153248787558.jpg", "samples/CAM_BACK_RIGHT/n008-2018-08-01-15-52-19-0400__CAM_BACK_RIGHT__1533153248778113.jpg"], "intrinsics": [[[1257.8625342125129, 0.0, 827.2410631095686], [0.0, 1257.8625342125129, 450.915498205774], [0.0, 0.0, 1.0]], [[1252.8131021185304, 0.0, 826.588114781398], [0.0, 1252.8131021185304, 469.9846626224581], [0.0, 0.0, 1.0]], [[1256.7485116440405, 0.0, 817.7887570959712], [0.0, 1256.7485116440403, 451.9541780095127], [0.0, 0.0, 1.0]], [[1254.9860565800168, 0.0, 829.5769333630991], [0.0, 1254.9860565800168, 467.1680561863987], [0.0, 0.0, 1.0]], [[796.8910634503094, 0.0, 857.7774326863696], [0.0, 796.8910634503094, 476.8848988407415], [0.0, 0.0, 1.0]], [[1249.9629280788233, 0.0, 825.3768045375984], [0.0, 1249.9629280788233, 462.54816385708756], [0.0, 0.0, 1.0]]], "extrinsics": [[[0.8224501609802246, -0.5686969757080078, 0.012628097087144852, -0.7135009765625], [0.010098771192133427, -0.00759868836030364, -0.999920129776001, 1.4918746948242188], [0.5687475204467773, 0.8225119709968567, -0.0005064039141871035, -1.1353759765625], [0.0, 0.0, 0.0, 1.0]], [[0.010172433219850063, -0.999877393245697, 0.011905479244887829, 0.01104736328125], [0.011981939896941185, -0.011783357709646225, -0.9998587965965271, 1.4836673736572266], [0.9998764991760254, 0.010313650593161583, 0.011860604397952557, -1.44482421875], [0.0, 0.0, 0.0, 1.0]], [[-0.8439587354660034, -0.5363755822181702, -0.005903111770749092, 0.903564453125], [0.020023711025714874, -0.02050522342324257, -0.999589204788208, 1.4975852966308594], [0.5360341668128967, -0.8437302708625793, 0.028045792132616043, -1.15594482421875], [0.0, 0.0, 0.0, 1.0]], [[0.9478811621665955, 0.31854721903800964, -0.006999991834163666, -1.1396484375], [-0.005651745013892651, -0.005156548228114843, -0.9999707341194153, 1.5620145797729492], [-0.3185739815235138, 0.9478929042816162, -0.0030874470248818398, -0.15767478942871094], [0.0, 0.0, 0.0, 1.0]], [[0.009201442822813988, 0.9998754858970642, -0.012822305783629417, -0.02899169921875], [-0.003265452804043889, -0.012792733497917652, -0.9999127984046936, 1.567793846130371], [-0.9999522566795349, 0.009242508560419083, 0.003147334326058626, -0.04052734375], [0.0, 0.0, 0.0, 1.0]], [[-0.9237023591995239, 0.38283398747444153, -0.014563060365617275, 1.0113525390625], [0.0010190346511080861, -0.0355573408305645, -0.9993670582771301, 1.5480327606201172], [-0.38310950994491577, -0.9231326580047607, 0.03245427832007408, -0.103759765625], [0.0, 0.0, 0.0, 1.0]]], "view": [[0.0, -2.0, 100.0], [-2.0, 0.0, 100.0], [0.0, 0.0, 1.0]], "bev": "bev_6426aa95c5da4dccaa6f5ac1e179cfae.png", "aux": "aux_6426aa95c5da4dccaa6f5ac1e179cfae.npz", "visibility": "visibility_6426aa95c5da4dccaa6f5ac1e179cfae.png", "pose": [[-0.9996294379234314, 0.027220511808991432, 0.0, 2235.764892578125], [-0.027220511808991432, -0.9996294379234314, 0.0, 793.3080444335938], [0.0, 0.0, 1.0, 0.0], [0.0, 0.0, 0.0, 1.0]], "pose_inverse": [[-0.9996294379234314, -0.027220511808991432, 0.0, 2256.53076171875], [0.027220511808991432, -0.9996294379234314, 0.0, 732.1553955078125], [0.0, 0.0, 1.0, 0.0], [0.0, 0.0, 0.0, 1.0]], "cam_ids": [0, 1, 2, 3, 4, 5], "cam_channels": ["CAM_FRONT_LEFT", "CAM_FRONT", "CAM_FRONT_RIGHT", "CAM_BACK_LEFT", "CAM_BACK", "CAM_BACK_RIGHT"], "token": "6426aa95c5da4dccaa6f5ac1e179cfae", "scene": "scene-0062"}, {"images": ["samples/CAM_FRONT_LEFT/n008-2018-08-01-15-52-19-0400__CAM_FRONT_LEFT__1533153249254799.jpg", "samples/CAM_FRONT/n008-2018-08-01-15-52-19-0400__CAM_FRONT__1533153249262404.jpg", "samples/CAM_FRONT_RIGHT/n008-2018-08-01-15-52-19-0400__CAM_FRONT_RIGHT__1533153249270482.jpg", "samples/CAM_BACK_LEFT/n008-2018-08-01-15-52-19-0400__CAM_BACK_LEFT__1533153249297405.jpg", "samples/CAM_BACK/n008-2018-08-01-15-52-19-0400__CAM_BACK__1533153249287558.jpg", "samples/CAM_BACK_RIGHT/n008-2018-08-01-15-52-19-0400__CAM_BACK_RIGHT__1533153249278113.jpg"], "intrinsics": [[[1257.8625342125129, 0.0, 827.2410631095686], [0.0, 1257.8625342125129, 450.915498205774], [0.0, 0.0, 1.0]], [[1252.8131021185304, 0.0, 826.588114781398], [0.0, 1252.8131021185304, 469.9846626224581], [0.0, 0.0, 1.0]], [[1256.7485116440405, 0.0, 817.7887570959712], [0.0, 1256.7485116440403, 451.9541780095127], [0.0, 0.0, 1.0]], [[1254.9860565800168, 0.0, 829.5769333630991], [0.0, 1254.9860565800168, 467.1680561863987], [0.0, 0.0, 1.0]], [[796.8910634503094, 0.0, 857.7774326863696], [0.0, 796.8910634503094, 476.8848988407415], [0.0, 0.0, 1.0]], [[1249.9629280788233, 0.0, 825.3768045375984], [0.0, 1249.9629280788233, 462.54816385708756], [0.0, 0.0, 1.0]]], "extrinsics": [[[0.8226442933082581, -0.5682669281959534, 0.018143119290471077, -0.708251953125], [0.015276736579835415, -0.009806674905121326, -0.999835193157196, 1.4938030242919922], [0.5683512687683105, 0.8227858543395996, 0.0006138582248240709, -1.130615234375], [0.0, 0.0, 0.0, 1.0]], [[0.010575354099273682, -0.9998435974121094, 0.014173072762787342, 0.01019287109375], [0.0172529686242342, -0.013989308848977089, -0.9997532963752747, 1.4853134155273438], [0.9997952580451965, 0.010817265138030052, 0.017102329060435295, -1.437744140625], [0.0, 0.0, 0.0, 1.0]], [[-0.8436721563339233, -0.536781370639801, -0.00911351852118969, 0.897216796875], [0.025266174226999283, -0.02274318039417267, -0.999422013759613, 1.4989356994628906], [0.5362638831138611, -0.8434147834777832, 0.0327502004802227, -1.15252685546875], [0.0, 0.0, 0.0, 1.0]], [[0.9478592276573181, 0.3186784088611603, -0.0026523228734731674, -1.140380859375], [-0.00027581307222135365, -0.007502284832298756, -0.9999718070030212, 1.5620417594909668], [-0.31868937611579895, 0.947833240032196, -0.007023213431239128, -0.1573028564453125], [0.0, 0.0, 0.0, 1.0]], [[0.009013155475258827, 0.9998459219932556, -0.015063461847603321, -0.0286865234375], [0.001855186652392149, -0.015080767683684826, -0.9998844861984253, 1.568232536315918], [-0.9999577403068542, 0.00898416806012392, -0.00199082656763494, -0.042236328125], [0.0, 0.0, 0.0, 1.0]], [[-0.9237573742866516, 0.38245123624801636, -0.020083045586943626, 1.0064697265625], [0.0060674226842820644, -0.037817854434251785, -0.9992662072181702, 1.5488691329956055], [-0.38293009996414185, -0.9232014417648315, 0.032614026218652725, -0.1060791015625], [0.0, 0.0, 0.0, 1.0]]], "view": [[0.0, -2.0, 100.0], [-2.0, 0.0, 100.0], [0.0, 0.0, 1.0]], "bev": "bev_5ac8509410e14e0ea5423aff1584a723.png", "aux": "aux_5ac8509410e14e0ea5423aff1584a723.npz", "visibility": "visibility_5ac8509410e14e0ea5423aff1584a723.png", "pose": [[-0.9995715618133545, 0.029269734397530556, 0.0, 2231.607666015625], [-0.029269734397530556, -0.9995715618133545, 0.0, 793.2088623046875], [0.0, 0.0, 1.0, 0.0], [0.0, 0.0, 0.0, 1.0]], "pose_inverse": [[-0.9995715618133545, -0.029269734397530556, 0.0, 2253.86865234375], [0.029269734397530556, -0.9995715618133545, 0.0, 727.5504760742188], [0.0, 0.0, 1.0, 0.0], [0.0, 0.0, 0.0, 1.0]], "cam_ids": [0, 1, 2, 3, 4, 5], "cam_channels": ["CAM_FRONT_LEFT", "CAM_FRONT", "CAM_FRONT_RIGHT", "CAM_BACK_LEFT", "CAM_BACK", "CAM_BACK_RIGHT"], "token": "5ac8509410e14e0ea5423aff1584a723", "scene": "scene-0062"}, {"images": ["samples/CAM_FRONT_LEFT/n008-2018-08-01-15-52-19-0400__CAM_FRONT_LEFT__1533153249754799.jpg", "samples/CAM_FRONT/n008-2018-08-01-15-52-19-0400__CAM_FRONT__1533153249762404.jpg", "samples/CAM_FRONT_RIGHT/n008-2018-08-01-15-52-19-0400__CAM_FRONT_RIGHT__1533153249770482.jpg", "samples/CAM_BACK_LEFT/n008-2018-08-01-15-52-19-0400__CAM_BACK_LEFT__1533153249797415.jpg", "samples/CAM_BACK/n008-2018-08-01-15-52-19-0400__CAM_BACK__1533153249787558.jpg", "samples/CAM_BACK_RIGHT/n008-2018-08-01-15-52-19-0400__CAM_BACK_RIGHT__1533153249778113.jpg"], "intrinsics": [[[1257.8625342125129, 0.0, 827.2410631095686], [0.0, 1257.8625342125129, 450.915498205774], [0.0, 0.0, 1.0]], [[1252.8131021185304, 0.0, 826.588114781398], [0.0, 1252.8131021185304, 469.9846626224581], [0.0, 0.0, 1.0]], [[1256.7485116440405, 0.0, 817.7887570959712], [0.0, 1256.7485116440403, 451.9541780095127], [0.0, 0.0, 1.0]], [[1254.9860565800168, 0.0, 829.5769333630991], [0.0, 1254.9860565800168, 467.1680561863987], [0.0, 0.0, 1.0]], [[796.8910634503094, 0.0, 857.7774326863696], [0.0, 796.8910634503094, 476.8848988407415], [0.0, 0.0, 1.0]], [[1249.9629280788233, 0.0, 825.3768045375984], [0.0, 1249.9629280788233, 462.54816385708756], [0.0, 0.0, 1.0]]], "extrinsics": [[[0.8224142789840698, -0.5686105489730835, 0.017798682674765587, -0.7152099609375], [0.015668543055653572, -0.008634734898805618, -0.9998399615287781, 1.4938106536865234], [0.568673312664032, 0.822561502456665, 0.0018079695291817188, -1.1368408203125], [0.0, 0.0, 0.0, 1.0]], [[0.010199708864092827, -0.9998644590377808, 0.01292222086340189, 0.01104736328125], [0.01760811358690262, -0.012741297483444214, -0.9997637867927551, 1.4852943420410156], [0.9997928738594055, 0.010424835607409477, 0.01747577078640461, -1.4453125], [0.0, 0.0, 0.0, 1.0]], [[-0.8438559174537659, -0.5364747047424316, -0.010097725316882133, 0.902099609375], [0.025586290284991264, -0.02143445983529091, -0.9994427561759949, 1.4988670349121094], [0.5359593033790588, -0.8436441421508789, 0.03181399777531624, -1.1551513671875], [0.0, 0.0, 0.0, 1.0]], [[0.9478657841682434, 0.31865760684013367, -0.0027674499433487654, -1.13720703125], [-0.000824063434265554, -0.0062333145178854465, -0.9999802112579346, 1.5620384216308594], [-0.3186686038970947, 0.9478493332862854, -0.005645752418786287, -0.15834808349609375], [0.0, 0.0, 0.0, 1.0]], [[0.009154638275504112, 0.99986332654953, -0.013766021467745304, -0.02899169921875], [0.001554878312163055, -0.013780812732875347, -0.9999037981033325, 1.5682063102722168], [-0.9999569058418274, 0.009132351726293564, -0.0016808243235573173, -0.042236328125], [0.0, 0.0, 0.0, 1.0]], [[-0.9236562848091125, 0.38271600008010864, -0.019683649763464928, 1.0093994140625], [0.006172365043312311, -0.03649968281388283, -0.9993146061897278, 1.5488824844360352], [-0.38317209482192993, -0.9231447577476501, 0.03135089948773384, -0.1046142578125], [0.0, 0.0, 0.0, 1.0]]], "view": [[0.0, -2.0, 100.0], [-2.0, 0.0, 100.0], [0.0, 0.0, 1.0]], "bev": "bev_c9c16c6da913418584e88113e4fb0bb7.png", "aux": "aux_c9c16c6da913418584e88113e4fb0bb7.npz", "visibility": "visibility_c9c16c6da913418584e88113e4fb0bb7.png", "pose": [[-0.9995390772819519, 0.030357522889971733, 0.0, 2227.464111328125], [-0.030357522889971733, -0.9995390772819519, 0.0, 793.1185913085938], [0.0, 0.0, 1.0, 0.0], [0.0, 0.0, 0.0, 1.0]], "pose_inverse": [[-0.9995390772819519, -0.030357522889971733, 0.0, 2250.5146484375], [0.030357522889971733, -0.9995390772819519, 0.0, 725.1327514648438], [0.0, 0.0, 1.0, 0.0], [0.0, 0.0, 0.0, 1.0]], "cam_ids": [0, 1, 2, 3, 4, 5], "cam_channels": ["CAM_FRONT_LEFT", "CAM_FRONT", "CAM_FRONT_RIGHT", "CAM_BACK_LEFT", "CAM_BACK", "CAM_BACK_RIGHT"], "token": "c9c16c6da913418584e88113e4fb0bb7", "scene": "scene-0062"}, {"images": ["samples/CAM_FRONT_LEFT/n008-2018-08-01-15-52-19-0400__CAM_FRONT_LEFT__1533153250254799.jpg", "samples/CAM_FRONT/n008-2018-08-01-15-52-19-0400__CAM_FRONT__1533153250262404.jpg", "samples/CAM_FRONT_RIGHT/n008-2018-08-01-15-52-19-0400__CAM_FRONT_RIGHT__1533153250270482.jpg", "samples/CAM_BACK_LEFT/n008-2018-08-01-15-52-19-0400__CAM_BACK_LEFT__1533153250297405.jpg", "samples/CAM_BACK/n008-2018-08-01-15-52-19-0400__CAM_BACK__1533153250287558.jpg", "samples/CAM_BACK_RIGHT/n008-2018-08-01-15-52-19-0400__CAM_BACK_RIGHT__1533153250278113.jpg"], "intrinsics": [[[1257.8625342125129, 0.0, 827.2410631095686], [0.0, 1257.8625342125129, 450.915498205774], [0.0, 0.0, 1.0]], [[1252.8131021185304, 0.0, 826.588114781398], [0.0, 1252.8131021185304, 469.9846626224581], [0.0, 0.0, 1.0]], [[1256.7485116440405, 0.0, 817.7887570959712], [0.0, 1256.7485116440403, 451.9541780095127], [0.0, 0.0, 1.0]], [[1254.9860565800168, 0.0, 829.5769333630991], [0.0, 1254.9860565800168, 467.1680561863987], [0.0, 0.0, 1.0]], [[796.8910634503094, 0.0, 857.7774326863696], [0.0, 796.8910634503094, 476.8848988407415], [0.0, 0.0, 1.0]], [[1249.9629280788233, 0.0, 825.3768045375984], [0.0, 1249.9629280788233, 462.54816385708756], [0.0, 0.0, 1.0]]], "extrinsics": [[[0.8225587606430054, -0.5684464573860168, 0.016298988834023476, -0.69677734375], [0.01273588091135025, -0.010239840485155582, -0.9998664259910583, 1.4930706024169922], [0.5685375928878784, 0.822656512260437, -0.001183204003609717, -1.1253662109375], [0.0, 0.0, 0.0, 1.0]], [[0.010379157029092312, -0.9998399019241333, 0.014570998959243298, 0.0120849609375], [0.014832318760454655, -0.014416242018342018, -0.9997860789299011, 1.4847602844238281], [0.9998360872268677, 0.010593060404062271, 0.014680316671729088, -1.427978515625], [0.0, 0.0, 0.0, 1.0]], [[-0.8438167572021484, -0.5365866422653198, -0.006925900001078844, 0.891357421875], [0.022959701716899872, -0.02320515364408493, -0.9994670152664185, 1.4986076354980469], [0.536139965057373, -0.8435261845588684, 0.03190077096223831, -1.14752197265625], [0.0, 0.0, 0.0, 1.0]], [[0.9478689432144165, 0.31861546635627747, -0.005363508127629757, -1.1376953125], [-0.00283936713822186, -0.008386127650737762, -0.9999607801437378, 1.5620250701904297], [-0.31864795088768005, 0.9478469491004944, -0.007044283673167229, -0.15833282470703125], [0.0, 0.0, 0.0, 1.0]], [[0.009108384139835835, 0.9998337030410767, -0.015793347731232643, -0.0291748046875], [-0.0