[{"images": ["samples/CAM_FRONT_LEFT/n008-2018-09-18-13-10-39-0400__CAM_FRONT_LEFT__1537291001254799.jpg", "samples/CAM_FRONT/n008-2018-09-18-13-10-39-0400__CAM_FRONT__1537291001262404.jpg", "samples/CAM_FRONT_RIGHT/n008-2018-09-18-13-10-39-0400__CAM_FRONT_RIGHT__1537291001270482.jpg", "samples/CAM_BACK_LEFT/n008-2018-09-18-13-10-39-0400__CAM_BACK_LEFT__1537291001297405.jpg", "samples/CAM_BACK/n008-2018-09-18-13-10-39-0400__CAM_BACK__1537291001287558.jpg", "samples/CAM_BACK_RIGHT/n008-2018-09-18-13-10-39-0400__CAM_BACK_RIGHT__1537291001278113.jpg"], "intrinsics": [[[1257.8625342125129, 0.0, 827.2410631095686], [0.0, 1257.8625342125129, 450.915498205774], [0.0, 0.0, 1.0]], [[1252.8131021185304, 0.0, 826.588114781398], [0.0, 1252.8131021185304, 469.9846626224581], [0.0, 0.0, 1.0]], [[1256.7485116440405, 0.0, 817.7887570959712], [0.0, 1256.7485116440403, 451.9541780095127], [0.0, 0.0, 1.0]], [[1254.9860565800168, 0.0, 829.5769333630991], [0.0, 1254.9860565800168, 467.1680561863987], [0.0, 0.0, 1.0]], [[796.8910634503094, 0.0, 857.7774326863696], [0.0, 796.8910634503094, 476.8848988407415], [0.0, 0.0, 1.0]], [[1249.9629280788233, 0.0, 825.3768045375984], [0.0, 1249.9629280788233, 462.54816385708756], [0.0, 0.0, 1.0]]], "extrinsics": [[[0.8225437998771667, -0.568696916103363, -0.0023433479946106672, -1.00494384765625], [0.008035704493522644, 0.015742480754852295, -0.9998437762260437, 1.4882936477661133], [0.5686450600624084, 0.8223965167999268, 0.01751876063644886, -1.33331298828125], [0.0, 0.0, 0.0, 1.0]], [[0.010267451405525208, -0.9998809695243835, -0.011519373394548893, 0.00537109375], [0.009995191358029842, 0.011622030287981033, -0.9998824596405029, 1.4801654815673828], [0.9998973608016968, 0.010151163674890995, 0.010113329626619816, -1.734710693359375], [0.0, 0.0, 0.0, 1.0]], [[-0.8439589142799377, -0.5361455678939819, -0.016768895089626312, 1.090667724609375], [0.01800820790231228, 0.0029244229663163424, -0.9998335838317871, 1.4930723905563354], [0.5361054539680481, -0.844120442867279, 0.007186928763985634, -1.27752685546875], [0.0, 0.0, 0.0, 1.0]], [[0.9478817582130432, 0.3186202347278595, -0.0012258869828656316, -1.1439056396484375], [-0.007377488072961569, 0.018100963905453682, -0.9998089671134949, 1.5620412826538086], [-0.318537175655365, 0.9477096199989319, 0.01950818859040737, -0.15606689453125], [0.0, 0.0, 0.0, 1.0]], [[0.00920175388455391, 0.9999022483825684, 0.010524469427764416, -0.02886962890625], [-0.005255254451185465, 0.010573126375675201, -0.9999302625656128, 1.5680608749389648], [-0.9999437928199768, 0.009145799092948437, 0.005352031905204058, 0.04433441162109375], [0.0, 0.0, 0.0, 1.0]], [[-0.9237295389175415, 0.3830277621746063, -0.0036696414463222027, 1.16064453125], [-0.0010624135611578822, -0.012142074294388294, -0.9999257326126099, 1.5478134155273438], [-0.3830438554286957, -0.9236569404602051, 0.011622927151620388, -0.04364013671875], [0.0, 0.0, 0.0, 1.0]]], "view": [[0.0, -2.0, 100.0], [-2.0, 0.0, 100.0], [0.0, 0.0, 1.0]], "bev": "bev_c4b53bcffe8e44ebbd074d8df7f45782.png", "aux": "aux_c4b53bcffe8e44ebbd074d8df7f45782.npz", "visibility": "visibility_c4b53bcffe8e44ebbd074d8df7f45782.png", "pose": [[0.7751284837722778, 0.6318036317825317, 0.0, 506.70062255859375], [-0.6318036317825317, 0.7751284837722778, 0.0, 778.1871948242188], [0.0, 0.0, 1.0, 0.0], [0.0, 0.0, 0.0, 1.0]], "pose_inverse": [[0.7751284837722778, -0.6318036317825317, 0.0, 98.90339660644531], [0.6318036317825317, 0.7751284837722778, 0.0, -923.3303833007812], [0.0, 0.0, 1.0, 0.0], [0.0, 0.0, 0.0, 1.0]], "cam_ids": [0, 1, 2, 3, 4, 5], "cam_channels": ["CAM_FRONT_LEFT", "CAM_FRONT", "CAM_FRONT_RIGHT", "CAM_BACK_LEFT", "CAM_BACK", "CAM_BACK_RIGHT"], "token": "c4b53bcffe8e44ebbd074d8df7f45782", "scene": "scene-0578"}, {"images": ["samples/CAM_FRONT_LEFT/n008-2018-09-18-13-10-39-0400__CAM_FRONT_LEFT__1537291001754799.jpg", "samples/CAM_FRONT/n008-2018-09-18-13-10-39-0400__CAM_FRONT__1537291001762404.jpg", "samples/CAM_FRONT_RIGHT/n008-2018-09-18-13-10-39-0400__CAM_FRONT_RIGHT__1537291001770482.jpg", "samples/CAM_BACK_LEFT/n008-2018-09-18-13-10-39-0400__CAM_BACK_LEFT__1537291001797405.jpg", "samples/CAM_BACK/n008-2018-09-18-13-10-39-0400__CAM_BACK__1537291001787558.jpg", "samples/CAM_BACK_RIGHT/n008-2018-09-18-13-10-39-0400__CAM_BACK_RIGHT__1537291001778113.jpg"], "intrinsics": [[[1257.8625342125129, 0.0, 827.2410631095686], [0.0, 1257.8625342125129, 450.915498205774], [0.0, 0.0, 1.0]], [[1252.8131021185304, 0.0, 826.588114781398], [0.0, 1252.8131021185304, 469.9846626224581], [0.0, 0.0, 1.0]], [[1256.7485116440405, 0.0, 817.7887570959712], [0.0, 1256.7485116440403, 451.9541780095127], [0.0, 0.0, 1.0]], [[1254.9860565800168, 0.0, 829.5769333630991], [0.0, 1254.9860565800168, 467.1680561863987], [0.0, 0.0, 1.0]], [[796.8910634503094, 0.0, 857.7774326863696], [0.0, 796.8910634503094, 476.8848988407415], [0.0, 0.0, 1.0]], [[1249.9629280788233, 0.0, 825.3768045375984], [0.0, 1249.9629280788233, 462.54816385708756], [0.0, 0.0, 1.0]]], "extrinsics": [[[0.822551429271698, -0.5686877965927124, -0.0018591340631246567, -1.0050048828125], [0.008549578487873077, 0.015634777024388313, -0.9998412132263184, 1.488295555114746], [0.5686265826225281, 0.8224049806594849, 0.017722448334097862, -1.33331298828125], [0.0, 0.0, 0.0, 1.0]], [[0.01028549112379551, -0.9998822212219238, -0.0113897155970335, 0.00537109375], [0.010592001490294933, 0.011498621664941311, -0.9998778104782104, 1.4801654815673828], [0.9998910427093506, 0.01016369927674532, 0.010709023103117943, -1.7346267700195312], [0.0, 0.0, 0.0, 1.0]], [[-0.8439409136772156, -0.5361574292182922, -0.01728888787329197, 1.09063720703125], [0.018711751326918602, 0.0027868321631103754, -0.9998210072517395, 1.4930729866027832], [0.5361096858978271, -0.8441135287284851, 0.007680521346628666, -1.27764892578125], [0.0, 0.0, 0.0, 1.0]], [[0.9478816390037537, 0.3186226785182953, -0.00023879107902757823, -1.1439666748046875], [-0.006279483903199434, 0.017931733280420303, -0.9998194575309753, 1.5620450973510742], [-0.31856101751327515, 0.9477120041847229, 0.01899794489145279, -0.1561279296875], [0.0, 0.0, 0.0, 1.0]], [[0.009184306487441063, 0.9999039173126221, 0.010380959138274193, -0.0289306640625], [-0.004286033101379871, 0.010420666076242924, -0.9999364614486694, 1.5680599212646484], [-0.9999486207962036, 0.009139248169958591, 0.004381327424198389, 0.04437255859375], [0.0, 0.0, 0.0, 1.0]], [[-0.9237304925918579, 0.38301682472229004, -0.004477190785109997, 1.16070556640625], [-0.0002487008459866047, -0.01228819414973259, -0.9999244809150696, 1.5478124618530273], [-0.3830428421497345, -0.9236595630645752, 0.011446237564086914, -0.043701171875], [0.0, 0.0, 0.0, 1.0]]], "view": [[0.0, -2.0, 100.0], [-2.0, 0.0, 100.0], [0.0, 0.0, 1.0]], "bev": "bev_16434831f5784745b4992d4efa1bbecd.png", "aux": "aux_16434831f5784745b4992d4efa1bbecd.npz", "visibility": "visibility_16434831f5784745b4992d4efa1bbecd.png", "pose": [[0.77519291639328, 0.6317245960235596, 0.0, 506.70062255859375], [-0.6317245960235596, 0.77519291639328, 0.0, 778.1871948242188], [0.0, 0.0, 1.0, 0.0], [0.0, 0.0, 0.0, 1.0]], "pose_inverse": [[0.77519291639328, -0.6317245960235596, 0.0, 98.80926513671875], [0.6317245960235596, 0.77519291639328, 0.0, -923.3404541015625], [0.0, 0.0, 1.0, 0.0], [0.0, 0.0, 0.0, 1.0]], "cam_ids": [0, 1, 2, 3, 4, 5], "cam_channels": ["CAM_FRONT_LEFT", "CAM_FRONT", "CAM_FRONT_RIGHT", "CAM_BACK_LEFT", "CAM_BACK", "CAM_BACK_RIGHT"], "token": "16434831f5784745b4992d4efa1bbecd", "scene": "scene-0578"}, {"images": ["samples/CAM_FRONT_LEFT/n008-2018-09-18-13-10-39-0400__CAM_FRONT_LEFT__1537291002254799.jpg", "samples/CAM_FRONT/n008-2018-09-18-13-10-39-0400__CAM_FRONT__1537291002262404.jpg", "samples/CAM_FRONT_RIGHT/n008-2018-09-18-13-10-39-0400__CAM_FRONT_RIGHT__1537291002270482.jpg", "samples/CAM_BACK_LEFT/n008-2018-09-18-13-10-39-0400__CAM_BACK_LEFT__1537291002297405.jpg", "samples/CAM_BACK/n008-2018-09-18-13-10-39-0400__CAM_BACK__1537291002287558.jpg", "samples/CAM_BACK_RIGHT/n008-2018-09-18-13-10-39-0400__CAM_BACK_RIGHT__1537291002278113.jpg"], "intrinsics": [[[1257.8625342125129, 0.0, 827.2410631095686], [0.0, 1257.8625342125129, 450.915498205774], [0.0, 0.0, 1.0]], [[1252.8131021185304, 0.0, 826.588114781398], [0.0, 1252.8131021185304, 469.9846626224581], [0.0, 0.0, 1.0]], [[1256.7485116440405, 0.0, 817.7887570959712], [0.0, 1256.7485116440403, 451.9541780095127], [0.0, 0.0, 1.0]], [[1254.9860565800168, 0.0, 829.5769333630991], [0.0, 1254.9860565800168, 467.1680561863987], [0.0, 0.0, 1.0]], [[796.8910634503094, 0.0, 857.7774326863696], [0.0, 796.8910634503094, 476.8848988407415], [0.0, 0.0, 1.0]], [[1249.9629280788233, 0.0, 825.3768045375984], [0.0, 1249.9629280788233, 462.54816385708756], [0.0, 0.0, 1.0]]], "extrinsics": [[[0.8225598931312561, -0.568678617477417, 6.294754712143913e-05, -1.00006103515625], [0.010773162357509136, 0.015472070313990116, -0.999822199344635, 1.488358497619629], [0.5685765147209167, 0.822414219379425, 0.018853170797228813, -1.3299560546875], [0.0, 0.0, 0.0, 1.0]], [[0.010322152636945248, -0.9998837113380432, -0.011223136447370052, 0.00543212890625], [0.012834045104682446, 0.011355284601449966, -0.9998531937599182, 1.4802322387695312], [0.9998642802238464, 0.010176603682339191, 0.012949764728546143, -1.7294998168945312], [0.0, 0.0, 0.0, 1.0]], [[-0.8438956141471863, -0.5361661911010742, -0.019130641594529152, 1.08709716796875], [0.020973041653633118, 0.0026620610151439905, -0.9997764825820923, 1.493159294128418], [0.5360972881317139, -0.8441082835197449, 0.008998533710837364, -1.2752685546875], [0.0, 0.0, 0.0, 1.0]], [[0.9478781819343567, 0.31862765550613403, 0.0018724693218246102, -1.1436004638671875], [-0.0040268306620419025, 0.01785501092672348, -0.9998324513435364, 1.5620431900024414], [-0.31860774755477905, 0.9477118253707886, 0.018207432702183723, -0.1561279296875], [0.0, 0.0, 0.0, 1.0]], [[0.009156663902103901, 0.9999050498008728, 0.010305213741958141, -0.02886962890625], [-0.0020501085091382265, 0.010324397124350071, -0.9999445676803589, 1.5680570602416992], [-0.9999560117721558, 0.009135053493082523, 0.002144450321793556, 0.042510986328125], [0.0, 0.0, 0.0, 1.0]], [[-0.923719584941864, 0.3830121159553528, -0.006620187312364578, 1.15771484375], [0.002025182358920574, -0.012398989871144295, -0.9999210834503174, 1.5478191375732422], [-0.38306403160095215, -0.9236600995063782, 0.010677520185709, -0.0450439453125], [0.0, 0.0, 0.0, 1.0]]], "view": [[0.0, -2.0, 100.0], [-2.0, 0.0, 100.0], [0.0, 0.0, 1.0]], "bev": "bev_ffd1bdf020d145759224c629b501d2b2.png", "aux": "aux_ffd1bdf020d145759224c629b501d2b2.npz", "visibility": "visibility_ffd1bdf020d145759224c629b501d2b2.png", "pose": [[0.775160014629364, 0.6317649483680725, 0.0, 506.71038818359375], [-0.6317649483680725, 0.775160014629364, 0.0, 778.1792602539062], [0.0, 0.0, 1.0, 0.0], [0.0, 0.0, 0.0, 1.0]], "pose_inverse": [[0.775160014629364, -0.6317649483680725, 0.0, 98.84476470947266], [0.6317649483680725, 0.775160014629364, 0.0, -923.3353271484375], [0.0, 0.0, 1.0, 0.0], [0.0, 0.0, 0.0, 1.0]], "cam_ids": [0, 1, 2, 3, 4, 5], "cam_channels": ["CAM_FRONT_LEFT", "CAM_FRONT", "CAM_FRONT_RIGHT", "CAM_BACK_LEFT", "CAM_BACK", "CAM_BACK_RIGHT"], "token": "ffd1bdf020d145759224c629b501d2b2", "scene": "scene-0578"}, {"images": ["samples/CAM_FRONT_LEFT/n008-2018-09-18-13-10-39-0400__CAM_FRONT_LEFT__1537291002754799.jpg", "samples/CAM_FRONT/n008-2018-09-18-13-10-39-0400__CAM_FRONT__1537291002762404.jpg", "samples/CAM_FRONT_RIGHT/n008-2018-09-18-13-10-39-0400__CAM_FRONT_RIGHT__1537291002770482.jpg", "samples/CAM_BACK_LEFT/n008-2018-09-18-13-10-39-0400__CAM_BACK_LEFT__1537291002797405.jpg", "samples/CAM_BACK/n008-2018-09-18-13-10-39-0400__CAM_BACK__1537291002787558.jpg", "samples/CAM_BACK_RIGHT/n008-2018-09-18-13-10-39-0400__CAM_BACK_RIGHT__1537291002778113.jpg"], "intrinsics": [[[1257.8625342125129, 0.0, 827.2410631095686], [0.0, 1257.8625342125129, 450.915498205774], [0.0, 0.0, 1.0]], [[1252.8131021185304, 0.0, 826.588114781398], [0.0, 1252.8131021185304, 469.9846626224581], [0.0, 0.0, 1.0]], [[1256.7485116440405, 0.0, 817.7887570959712], [0.0, 1256.7485116440403, 451.9541780095127], [0.0, 0.0, 1.0]], [[1254.9860565800168, 0.0, 829.5769333630991], [0.0, 1254.9860565800168, 467.1680561863987], [0.0, 0.0, 1.0]], [[796.8910634503094, 0.0, 857.7774326863696], [0.0, 796.8910634503094, 476.8848988407415], [0.0, 0.0, 1.0]], [[1249.9629280788233, 0.0, 825.3768045375984], [0.0, 1249.9629280788233, 462.54816385708756], [0.0, 0.0, 1.0]]], "extrinsics": [[[0.8225826621055603, -0.5686455965042114, -0.00015554013953078538, -0.98065185546875], [0.01186672318726778, 0.017439451068639755, -0.9997774958610535, 1.4886465072631836], [0.5685217976570129, 0.822397768497467, 0.021093349903821945, -1.31640625], [0.0, 0.0, 0.0, 1.0]], [[0.01037447527050972, -0.9998594522476196, -0.013177895918488503, 0.00555419921875], [0.013802415691316128, 0.013320538215339184, -0.9998160600662231, 1.4805107116699219], [0.999850869178772, 0.010190658271312714, 0.013938666321337223, -1.7097930908203125], [0.0, 0.0, 0.0, 1.0]], [[-0.8438588976860046, -0.5361591577529907, -0.020869269967079163, 1.074005126953125], [0.021790914237499237, 0.004617351572960615, -0.9997518658638, 1.4935027360916138], [0.5361225008964539, -0.8441042900085449, 0.007787005975842476, -1.2669677734375], [0.0, 0.0, 0.0, 1.0]], [[0.9478747844696045, 0.31863105297088623, 0.002776395296677947, -1.1424407958984375], [-0.003693670267239213, 0.019699813798069954, -0.9997991323471069, 1.5620403289794922], [-0.31862178444862366, 0.947674036026001, 0.019849874079227448, -0.1566162109375], [0.0, 0.0, 0.0, 1.0]], [[0.009126844815909863, 0.9998838901519775, 0.012201346457004547, -0.02886962890625], [-0.0015229110140353441, 0.012215739116072655, -0.9999242424964905, 1.5680475234985352], [-0.9999573230743408, 0.009107605554163456, 0.0016342252492904663, 0.03589630126953125], [0.0, 0.0, 0.0, 1.0]], [[-0.9237287640571594, 0.3829919397830963, -0.006501626688987017, 1.14691162109375], [0.0026987383607774973, -0.010465873405337334, -0.9999415874481201, 1.5478515625], [-0.38303759694099426, -0.9236923456192017, 0.008634033612906933, -0.04931640625], [0.0, 0.0, 0.0, 1.0]]], "view": [[0.0, -2.0, 100.0], [-2.0, 0.0, 100.0], [0.0, 0.0, 1.0]], "bev": "bev_eaa31d6f13124411afeed978da03b200.png", "aux": "aux_eaa31d6f13124411afeed978da03b200.npz", "visibility": "visibility_eaa31d6f13124411afeed978da03b200.png", "pose": [[0.7749033570289612, 0.6320797801017761, 0.0, 506.86279296875], [-0.6320797801017761, 0.7749033570289612, 0.0, 778.0555419921875], [0.0, 0.0, 1.0, 0.0], [0.0, 0.0, 0.0, 1.0]], "pose_inverse": [[0.7749033570289612, -0.6320797801017761, 0.0, 99.02348327636719], [0.6320797801017761, 0.7749033570289612, 0.0, -923.2955322265625], [0.0, 0.0, 1.0, 0.0], [0.0, 0.0, 0.0, 1.0]], "cam_ids": [0, 1, 2, 3, 4, 5], "cam_channels": ["CAM_FRONT_LEFT", "CAM_FRONT", "CAM_FRONT_RIGHT", "CAM_BACK_LEFT", "CAM_BACK", "CAM_BACK_RIGHT"], "token": "eaa31d6f13124411afeed978da03b200", "scene": "scene-0578"}, {"images": ["samples/CAM_FRONT_LEFT/n008-2018-09-18-13-10-39-0400__CAM_FRONT_LEFT__1537291003154799.jpg", "samples/CAM_FRONT/n008-2018-09-18-13-10-39-0400__CAM_FRONT__1537291003162404.jpg", "samples/CAM_FRONT_RIGHT/n008-2018-09-18-13-10-39-0400__CAM_FRONT_RIGHT__1537291003170482.jpg", "samples/CAM_BACK_LEFT/n008-2018-09-18-13-10-39-0400__CAM_BACK_LEFT__1537291003197405.jpg", "samples/CAM_BACK/n008-2018-09-18-13-10-39-0400__CAM_BACK__1537291003187558.jpg", "samples/CAM_BACK_RIGHT/n008-2018-09-18-13-10-39-0400__CAM_BACK_RIGHT__1537291003178113.jpg"], "intrinsics": [[[1257.8625342125129, 0.0, 827.2410631095686], [0.0, 1257.8625342125129, 450.915498205774], [0.0, 0.0, 1.0]], [[1252.8131021185304, 0.0, 826.588114781398], [0.0, 1252.8131021185304, 469.9846626224581], [0.0, 0.0, 1.0]], [[1256.7485116440405, 0.0, 817.7887570959712], [0.0, 1256.7485116440403, 451.9541780095127], [0.0, 0.0, 1.0]], [[1254.9860565800168, 0.0, 829.5769333630991], [0.0, 1254.9860565800168, 467.1680561863987], [0.0, 0.0, 1.0]], [[796.8910634503094, 0.0, 857.7774326863696], [0.0, 796.8910634503094, 476.8848988407415], [0.0, 0.0, 1.0]], [[1249.9629280788233, 0.0, 825.3768045375984], [0.0, 1249.9629280788233, 462.54816385708756], [0.0, 0.0, 1.0]]], "extrinsics": [[[0.8227965831756592, -0.5683352947235107, 0.0009372669155709445, -0.96246337890625], [0.01213027723133564, 0.01591256447136402, -0.9997997879981995, 1.4889211654663086], [0.5682065486907959, 0.8226432204246521, 0.019986866042017937, -1.30389404296875], [0.0, 0.0, 0.0, 1.0]], [[0.010669481940567493, -0.999875545501709, -0.01162171270698309, 0.005859375], [0.01403810828924179, 0.011771006509661674, -0.9998322129249573, 1.480769157409668], [0.999844491481781, 0.010504543781280518, 0.014161951839923859, -1.6916732788085938], [0.0, 0.0, 0.0, 1.0]], [[-0.8437373042106628, -0.5363759994506836, -0.020204752683639526, 1.062225341796875], [0.021992994472384453, 0.003064010990783572, -0.9997534155845642, 1.4938127994537354], [0.5363056659698486, -0.8439735770225525, 0.00921129435300827, -1.2593994140625], [0.0, 0.0, 0.0, 1.0]], [[0.9478386044502258, 0.3187415599822998, 0.00243066786788404, -1.1421051025390625], [-0.0035813357681035995, 0.01827428489923477, -0.9998266100883484, 1.562037467956543], [-0.3187307119369507, 0.9476654529571533, 0.018462590873241425, -0.15667724609375], [0.0, 0.0, 0.0, 1.0]], [[0.008997472003102303, 0.9999023079872131, 0.010698887519538403, -0.02874755859375], [-0.0013796582352370024, 0.010711723938584328, -0.9999416470527649, 1.5680418014526367], [-0.9999586343765259, 0.00898206327110529, 0.0014759022742509842, 0.0306396484375], [0.0, 0.0, 0.0, 1.0]], [[-0.9237850904464722, 0.38284265995025635, -0.007250291761010885, 1.137786865234375], [0.0028702574782073498, -0.01201077364385128, -0.9999237060546875, 1.5478830337524414], [-0.38290056586265564, -0.923735499382019, 0.009996515698730946, -0.05316162109375], [0.0, 0.0, 0.0, 1.0]]], "view": [[0.0, -2.0, 100.0], [-2.0, 0.0, 100.0], [0.0, 0.0, 1.0]], "bev": "bev_cf7bbae2f83f4228a3d18951e67b0f67.png", "aux": "aux_cf7bbae2f83f4228a3d18951e67b0f67.npz", "visibility": "visibility_cf7bbae2f83f4228a3d18951e67b0f67.png", "pose": [[0.7737932801246643, 0.633438229560852, 0.0, 507.1371765136719], [-0.633438229560852, 0.7737932801246643, 0.0, 777.8313598632812], [0.0, 0.0, 1.0, 0.0], [0.0, 0.0, 0.0, 1.0]], "pose_inverse": [[0.7737932801246643, -0.633438229560852, 0.0, 100.28875732421875], [0.633438229560852, 0.7737932801246643, 0.0, -923.1207275390625], [0.0, 0.0, 1.0, 0.0], [0.0, 0.0, 0.0, 1.0]], "cam_ids": [0, 1, 2, 3, 4, 5], "cam_channels": ["CAM_FRONT_LEFT", "CAM_FRONT", "CAM_FRONT_RIGHT", "CAM_BACK_LEFT", "CAM_BACK", "CAM_BACK_RIGHT"], "token": "cf7bbae2f83f4228a3d18951e67b0f67", "scene": "scene-0578"}, {"images": ["samples/CAM_FRONT_LEFT/n008-2018-09-18-13-10-39-0400__CAM_FRONT_LEFT__1537291003654799.jpg", "samples/CAM_FRONT/n008-2018-09-18-13-10-39-0400__CAM_FRONT__1537291003662404.jpg", "samples/CAM_FRONT_RIGHT/n008-2018-09-18-13-10-39-0400__CAM_FRONT_RIGHT__1537291003670482.jpg", "samples/CAM_BACK_LEFT/n008-2018-09-18-13-10-39-0400__CAM_BACK_LEFT__1537291003697405.jpg", "samples/CAM_BACK/n008-2018-09-18-13-10-39-0400__CAM_BACK__1537291003687558.jpg", "samples/CAM_BACK_RIGHT/n008-2018-09-18-13-10-39-0400__CAM_BACK_RIGHT__1537291003678113.jpg"], "intrinsics": [[[1257.8625342125129, 0.0, 827.2410631095686], [0.0, 1257.8625342125129, 450.915498205774], [0.0, 0.0, 1.0]], [[1252.8131021185304, 0.0, 826.588114781398], [0.0, 1252.8131021185304, 469.9846626224581], [0.0, 0.0, 1.0]], [[1256.7485116440405, 0.0, 817.7887570959712], [0.0, 1256.7485116440403, 451.9541780095127], [0.0, 0.0, 1.0]], [[1254.9860565800168, 0.0, 829.5769333630991], [0.0, 1254.9860565800168, 467.1680561863987], [0.0, 0.0, 1.0]], [[796.8910634503094, 0.0, 857.7774326863696], [0.0, 796.8910634503094, 476.8848988407415], [0.0, 0.0, 1.0]], [[1249.9629280788233, 0.0, 825.3768045375984], [0.0, 1249.9629280788233, 462.54816385708756], [0.0, 0.0, 1.0]]], "extrinsics": [[[0.8224404454231262, -0.5688507556915283, -0.0007778034778311849, -0.9246826171875], [0.0095436479896307, 0.015165245160460472, -0.9998394250869751, 1.4892234802246094], [0.5687711834907532, 0.822300910949707, 0.017901422455906868, -1.2779541015625], [0.0, 0.0, 0.0, 1.0]], [[0.010162930004298687, -0.9998888969421387, -0.010901651345193386, 0.00634765625], [0.01149030402302742, 0.011018268764019012, -0.9998733401298523, 1.481095314025879], [0.9998823404312134, 0.010036411695182323, 0.011601004749536514, -1.653656005859375], [0.0, 0.0, 0.0, 1.0]], [[-0.8439717292785645, -0.536095142364502, -0.01771104708313942, 1.03717041015625], [0.01952236145734787, 0.002296796999871731, -0.9998067617416382, 1.494309902191162], [0.5360321998596191, -0.8441544771194458, 0.00852740928530693, -1.243408203125], [0.0, 0.0, 0.0, 1.0]], [[0.9478824734687805, 0.3186199963092804, 8.951818017521873e-05, -1.1397857666015625], [-0.0057664066553115845, 0.017435751855373383, -0.9998313784599304, 1.562016487121582], [-0.3185678720474243, 0.9477221369743347, 0.01836433820426464, -0.15740966796875], [0.0, 0.0, 0.0, 1.0]], [[0.009195608086884022, 0.999908983707428, 0.009863819926977158, -0.02880859375], [-0.0036744303070008755, 0.009897957555949688, -0.9999442100524902, 1.567965030670166], [-0.9999510645866394, 0.009158860892057419, 0.0037651138845831156, 0.01837158203125], [0.0, 0.0, 0.0, 1.0]], [[-0.9237123131752014, 0.38304954767227173, -0.005352013278752565, 1.11749267578125], [0.0004908324335701764, -0.012787348590791225, -0.9999181628227234, 1.547837257385254], [-0.3830864727497101, -0.9236392974853516, 0.011623818427324295, -0.0615234375], [0.0, 0.0, 0.0, 1.0]]], "view": [[0.0, -2.0, 100.0], [-2.0, 0.0, 100.0], [0.0, 0.0, 1.0]], "bev": "bev_bc44bc62066046f0bc6929b49d7a3293.png", "aux": "aux_bc44bc62066046f0bc6929b49d7a3293.npz", "visibility": "visibility_bc44bc62066046f0bc6929b49d7a3293.png", "pose": [[0.7750529646873474, 0.6318962574005127, 0.0, 507.8095397949219], [-0.6318962574005127, 0.7750529646873474, 0.0, 777.283203125], [0.0, 0.0, 1.0, 0.0], [0.0, 0.0, 0.0, 1.0]], "pose_inverse": [[0.7750529646873474, -0.6318962574005127, 0.0, 97.5830307006836], [0.6318962574005127, 0.7750529646873474, 0.0, -923.318603515625], [0.0, 0.0, 1.0, 0.0], [0.0, 0.0, 0.0, 1.0]], "cam_ids": [0, 1, 2, 3, 4, 5], "cam_channels": ["CAM_FRONT_LEFT", "CAM_FRONT", "CAM_FRONT_RIGHT", "CAM_BACK_LEFT", "CAM_BACK", "CAM_BACK_RIGHT"], "token": "bc44bc62066046f0bc6929b49d7a3293", "scene": "scene-0578"}, {"images": ["samples/CAM_FRONT_LEFT/n008-2018-09-18-13-10-39-0400__CAM_FRONT_LEFT__1537291004154799.jpg", "samples/CAM_FRONT/n008-2018-09-18-13-10-39-0400__CAM_FRONT__1537291004162404.jpg", "samples/CAM_FRONT_RIGHT/n008-2018-09-18-13-10-39-0400__CAM_FRONT_RIGHT__1537291004170482.jpg", "samples/CAM_BACK_LEFT/n008-2018-09-18-13-10-39-0400__CAM_BACK_LEFT__1537291004197405.jpg", "samples/CAM_BACK/n008-2018-09-18-13-10-39-0400__CAM_BACK__1537291004187558.jpg", "samples/CAM_BACK_RIGHT/n008-2018-09-18-13-10-39-0400__CAM_BACK_RIGHT__1537291004178113.jpg"], "intrinsics": [[[1257.8625342125129, 0.0, 827.2410631095686], [0.0, 1257.8625342125129, 450.915498205774], [0.0, 0.0, 1.0]], [[1252.8131021185304, 0.0, 826.588114781398], [0.0, 1252.8131021185304, 469.9846626224581], [0.0, 0.0, 1.0]], [[1256.7485116440405, 0.0, 817.7887570959712], [0.0, 1256.7485116440403, 451.9541780095127], [0.0, 0.0, 1.0]], [[1254.9860565800168, 0.0, 829.5769333630991], [0.0, 1254.9860565800168, 467.1680561863987], [0.0, 0.0, 1.0]], [[796.8910634503094, 0.0, 857.7774326863696], [0.0, 796.8910634503094, 476.8848988407415], [0.0, 0.0, 1.0]], [[1249.9629280788233, 0.0, 825.3768045375984], [0.0, 1249.9629280788233, 462.54816385708756], [0.0, 0.0, 1.0]]], "extrinsics": [[[0.8222813010215759, -0.5690702795982361, -0.0035397312603890896, -0.89385986328125], [0.006722271908074617, 0.015932653099298477, -0.9998504519462585, 1.4891986846923828], [0.5690416693687439, 0.8221344947814941, 0.016926568001508713, -1.256591796875], [0.0, 0.0, 0.0, 1.0]], [[0.00986486952751875, -0.9998823404312134, -0.011743650771677494, 0.00665283203125], [0.008657337166368961, 0.01182918343693018, -0.9998925924301147, 1.4811439514160156], [0.9999139308929443, 0.009762254543602467, 0.008773012086749077, -1.6214523315429688], [0.0, 0.0, 0.0, 1.0]], [[-0.8441430926322937, -0.5358863472938538, -0.01575535349547863, 1.01611328125], [0.016660599038004875, 0.0031520805787295103, -0.9998562335968018, 1.4945452213287354], [0.5358589887619019, -0.8442842364311218, 0.006267382297664881, -1.22991943359375], [0.0, 0.0, 0.0, 1.0]], [[0.9478650093078613, 0.3186630606651306, -0.0024072478991001844, -1.1400299072265625], [-0.008712082169950008, 0.018361486494541168, -0.9997934699058533, 1.5620079040527344], [-0.31855306029319763, 0.9476901888847351, 0.02018043026328087, -0.15740966796875], [0.0, 0.0, 0.0, 1.0]], [[0.00931179616600275, 0.9998987913131714, 0.010755136609077454, -0.02862548828125], [-0.006585342809557915, 0.01081668958067894, -0.9999197721481323, 1.567826271057129], [-0.99993497133255, 0.009240256622433662, 0.006685398984700441, 0.00902557373046875], [0.0, 0.0, 0.0, 1.0]], [[-0.9236481785774231, 0.3832343816757202, -0.002336433855816722, 1.1005859375], [-0.0024054795503616333, -0.011893708258867264, -0.9999263882637024, 1.5476570129394531], [-0.3832339644432068, -0.9235745072364807, 0.011907463893294334, -0.0684814453125], [0.0, 0.0, 0.0, 1.0]]], "view": [[0.0, -2.0, 100.0], [-2.0, 0.0, 100.0], [0.0, 0.0, 1.0]], "bev": "bev_29af2c1762694eb98edf0dd403dfb229.png", "aux": "aux_29af2c1762694eb98edf0dd403dfb229.npz", "visibility": "visibility_29af2c1762694eb98edf0dd403dfb229.png", "pose": [[0.7748598456382751, 0.6321330666542053, 0.0, 508.8258361816406], [-0.6321330666542053, 0.7748598456382751, 0.0, 776.4465942382812], [0.0, 0.0, 1.0, 0.0], [0.0, 0.0, 0.0, 1.0]], "pose_inverse": [[0.7748598456382751, -0.6321330666542053, 0.0, 96.54887390136719], [0.6321330666542053, 0.7748598456382751, 0.0, -923.2828979492188], [0.0, 0.0, 1.0, 0.0], [0.0, 0.0, 0.0, 1.0]], "cam_ids": [0, 1, 2, 3, 4, 5], "cam_channels": ["CAM_FRONT_LEFT", "CAM_FRONT", "CAM_FRONT_RIGHT", "CAM_BACK_LEFT", "CAM_BACK", "CAM_BACK_RIGHT"], "token": "29af2c1762694eb98edf0dd403dfb229", "scene": "scene-0578"}, {"images": ["samples/CAM_FRONT_LEFT/n008-2018-09-18-13-10-39-0400__CAM_FRONT_LEFT__1537291004654799.jpg", "samples/CAM_FRONT/n008-2018-09-18-13-10-39-0400__CAM_FRONT__1537291004662404.jpg", "samples/CAM_FRONT_RIGHT/n008-2018-09-18-13-10-39-0400__CAM_FRONT_RIGHT__1537291004670482.jpg", "samples/CAM_BACK_LEFT/n008-2018-09-18-13-10-39-0400__CAM_BACK_LEFT__1537291004697405.jpg", "samples/CAM_BACK/n008-2018-09-18-13-10-39-0400__CAM_BACK__1537291004687558.jpg", "samples/CAM_BACK_RIGHT/n008-2018-09-18-13-10-39-0400__CAM_BACK_RIGHT__1537291004678113.jpg"], "intrinsics": [[[1257.8625342125129, 0.0, 827.2410631095686], [0.0, 1257.8625342125129, 450.915498205774], [0.0, 0.0, 1.0]], [[1252.8131021185304, 0.0, 826.588114781398], [0.0, 1252.8131021185304, 469.9846626224581], [0.0, 0.0, 1.0]], [[1256.7485116440405, 0.0, 817.7887570959712], [0.0, 1256.7485116440403, 451.9541780095127], [0.0, 0.0, 1.0]], [[1254.9860565800168, 0.0, 829.5769333630991], [0.0, 1254.9860565800168, 467.1680561863987], [0.0, 0.0, 1.0]], [[796.8910634503094, 0.0, 857.7774326863696], [0.0, 796.8910634503094, 476.8848988407415], [0.0, 0.0, 1.0]], [[1249.9629280788233, 0.0, 825.3768045375984], [0.0, 1249.9629280788233, 462.54816385708756], [0.0, 0.0, 1.0]]], "extrinsics": [[[0.8219677805900574, -0.569533109664917, -0.001091949874535203, -0.883056640625], [0.005261701997369528, 0.009511011652648449, -0.9999409317970276, 1.4890670776367188], [0.569509744644165, 0.8219134211540222, 0.010814457200467587, -1.24957275390625], [0.0, 0.0, 0.0, 1.0]], [[0.009396485984325409, -0.9999420642852783, -0.005255483090877533, 0.0069580078125], [0.007167852483689785, 0.005322935059666634, -0.99996018409729, 1.4810452461242676], [0.9999301433563232, 0.00935850664973259, 0.007217454258352518, -1.6115798950195312], [0.0, 0.0, 0.0, 1.0]], [[-0.8443614840507507, -0.5356624722480774, -0.010932479985058308, 1.00927734375], [0.015125186182558537, -0.0034349251072853804, -0.9998797178268433, 1.494534969329834], [0.5355604887008667, -0.8444252610206604, 0.011002312414348125, -1.22540283203125], [0.0, 0.0, 0.0, 1.0]], [[0.9478931427001953, 0.3185279369354248, -0.006208408158272505, -1.1366424560546875], [-0.010501911863684654, 0.01176365651190281, -0.9998756647109985, 1.5619630813598633], [-0.3184153437614441, 0.9478405117988586, 0.014495840296149254, -0.15850830078125], [0.0, 0.0, 0.0, 1.0]], [[0.009523735381662846, 0.9999462366104126, 0.0041076308116316795, -0.0286865234375], [-0.008323212154209614, 0.004186945967376232, -0.9999565482139587, 1.5677247047424316], [-0.9999200105667114, 0.009489131160080433, 0.00836263969540596, 0.00400543212890625], [0.0, 0.0, 0.0, 1.0]], [[-0.9235424399375916, 0.3834811747074127, -0.0033956519328057766, 1.09454345703125], [-0.004015019629150629, -0.01852264069020748, -0.999820351600647, 1.5475311279296875], [-0.3834751844406128, -0.9233628511428833, 0.018646128475666046, -0.07080078125], [0.0, 0.0, 0.0, 1.0]]], "view": [[0.0, -2.0, 100.0], [-2.0, 0.0, 100.0], [0.0, 0.0, 1.0]], "bev": "bev_84a36595c9c642568df07e53e893c22c.png", "aux": "aux_84a36595c9c642568df07e53e893c22c.npz", "visibility": "visibility_84a36595c9c642568df07e53e893c22c.png", "pose": [[0.7803426384925842, 0.6253522038459778, 0.0, 510.0467834472656], [-0.6253522038459778, 0.7803426384925842, 0.0, 775.4554443359375], [0.0, 0.0, 1.0, 0.0], [0.0, 0.0, 0.0, 1.0]], "pose_inverse": [[0.7803426384925842, -0.6253522038459778, 0.0, 86.92149353027344], [0.6253522038459778, 0.7803426384925842, 0.0, -924.079833984375], [0.0, 0.0, 1.0, 0.0], [0.0, 0.0, 0.0, 1.0]], "cam_ids": [0, 1, 2, 3, 4, 5], "cam_channels": ["CAM_FRONT_LEFT", "CAM_FRONT", "CAM_FRONT_RIGHT", "CAM_BACK_LEFT", "CAM_BACK", "CAM_BACK_RIGHT"], "token": "84a36595c9c642568df07e53e893c22c", "scene": "scene-0578"}, {"images": ["samples/CAM_FRONT_LEFT/n008-2018-09-18-13-10-39-0400__CAM_FRONT_LEFT__1537291005154799.jpg", "samples/CAM_FRONT/n008-2018-09-18-13-10-39-0400__CAM_FRONT__1537291005162404.jpg", "samples/CAM_FRONT_RIGHT/n008-2018-09-18-13-10-39-0400__CAM_FRONT_RIGHT__1537291005170482.jpg", "samples/CAM_BACK_LEFT/n008-2018-09-18-13-10-39-0400__CAM_BACK_LEFT__1537291005197405.jpg", "samples/CAM_BACK/n008-2018-09-18-13-10-39-0400__CAM_BACK__1537291005187558.jpg", "samples/CAM_BACK_RIGHT/n008-2018-09-18-13-10-39-0400__CAM_BACK_RIGHT__1537291005178113.jpg"], "intrinsics": [[[1257.8625342125129, 0.0, 827.2410631095686], [0.0, 1257.8625342125129, 450.915498205774], [0.0, 0.0, 1.0]], [[1252.8131021185304, 0.0, 826.588114781398], [0.0, 1252.8131021185304, 469.9846626224581], [0.0, 0.0, 1.0]], [[1256.7485116440405, 0.0, 817.7887570959712], [0.0, 1256.7485116440403, 451.9541780095127], [0.0, 0.0, 1.0]], [[1254.9860565800168, 0.0, 829.5769333630991], [0.0, 1254.9860565800168, 467.1680561863987], [0.0, 0.0, 1.0]], [[796.8910634503094, 0.0, 857.7774326863696], [0.0, 796.8910634503094, 476.8848988407415], [0.0, 0.0, 1.0]], [[1249.9629280788233, 0.0, 825.3768045375984], [0.0, 1249.9629280788233, 462.54816385708756], [0.0, 0.0, 1.0]]], "extrinsics": [[[0.8218141198158264, -0.5696938633918762, -0.008398893289268017, -0.8690185546875], [-0.0009253917960450053, 0.013406562618911266, -0.9999096989631653, 1.488133430480957], [0.569754958152771, 0.8217476606369019, 0.010490510612726212, -1.23968505859375], [0.0, 0.0, 0.0, 1.0]], [[0.009146732278168201, -0.999916136264801, -0.009165127761662006, 0.0069580078125], [0.0008665804634802043, 0.009173434227705002, -0.9999575614929199, 1.480280876159668], [0.9999577403068542, 0.009138448163866997, 0.000950415211264044, -1.59722900390625], [0.0, 0.0, 0.0, 1.0]], [[-0.8444987535476685, -0.5355036854743958, -0.0075838603079319, 0.999908447265625], [0.0087434072047472, 0.0003730527823790908, -0.9999616742134094, 1.4940125942230225], [0.535486102104187, -0.8445327281951904, 0.004367084242403507, -1.2196044921875], [0.0, 0.0, 0.0, 1.0]], [[0.9478395581245422, 0.31855079531669617, -0.01120422687381506, -1.1363372802734375], [-0.01696874387562275, 0.015326752327382565, -0.9997385144233704, 1.5619068145751953], [-0.3182958960533142, 0.9477818608283997, 0.019932709634304047, -0.1585693359375], [0.0, 0.0, 0.0, 1.0]], [[0.009610225446522236, 0.9999239444732666, 0.007728401105850935, -0.02850341796875], [-0.01474797073751688, 0.007869650609791279, -0.9998602867126465, 1.5674042701721191], [-0.9998450875282288, 0.00949492584913969, 0.014822479337453842, -0.00023651123046875], [0.0, 0.0, 0.0, 1.0]], [[-0.9235056638717651, 0.38356417417526245, 0.0039770882576704025, 1.08721923828125], [-0.010434085503220558, -0.014755024574697018, -0.9998366832733154, 1.5469856262207031], [-0.38344281911849976, -0.9233963489532471, 0.017628490924835205, -0.073974609375], [0.0, 0.0, 0.0, 1.0]]], "view": [[0.0, -2.0, 100.0], [-2.0, 0.0, 100.0], [0.0, 0.0, 1.0]], "bev": "bev_d9075c2a5f864a2b8abf41e703f4cf1c.png", "aux": "aux_d9075c2a5f864a2b8abf41e703f4cf1c.npz", "visibility": "visibility_d9075c2a5f864a2b8abf41e703f4cf1c.png", "pose": [[0.7884135246276855, 0.6151456236839294, 0.0, 511.43963623046875], [-0.6151456236839294, 0.7884135246276855, 0.0, 774.343505859375], [0.0, 0.0, 1.0, 0.0], [0.0, 0.0, 0.0, 1.0]], "pose_inverse": [[0.7884135246276855, -0.6151456236839294, 0.0, 73.10809326171875], [0.6151456236839294, 0.7884135246276855, 0.0, -925.1127319335938], [0.0, 0.0, 1.0, 0.0], [0.0, 0.0, 0.0, 1.0]], "cam_ids": [0, 1, 2, 3, 4, 5], "cam_channels": ["CAM_FRONT_LEFT", "CAM_FRONT", "CAM_FRONT_RIGHT", "CAM_BACK_LEFT", "CAM_BACK", "CAM_BACK_RIGHT"], "token": "d9075c2a5f864a2b8abf41e703f4cf1c", "scene": "scene-0578"}, {"images": ["samples/CAM_FRONT_LEFT/n008-2018-09-18-13-10-39-0400__CAM_FRONT_LEFT__1537291005604799.jpg", "samples/CAM_FRONT/n008-2018-09-18-13-10-39-0400__CAM_FRONT__1537291005612404.jpg", "samples/CAM_FRONT_RIGHT/n008-2018-09-18-13-10-39-0400__CAM_FRONT_RIGHT__1537291005620482.jpg", "samples/CAM_BACK_LEFT/n008-2018-09-18-13-10-39-0400__CAM_BACK_LEFT__1537291005647405.jpg", "samples/CAM_BACK/n008-2018-09-18-13-10-39-0400__CAM_BACK__1537291005637558.jpg", "samples/CAM_BACK_RIGHT/n008-2018-09-18-13-10-39-0400__CAM_BACK_RIGHT__1537291005628113.jpg"], "intrinsics": [[[1257.8625342125129, 0.0, 827.2410631095686], [0.0, 1257.8625342125129, 450.915498205774], [0.0, 0.0, 1.0]], [[1252.8131021185304, 0.0, 826.588114781398], [0.0, 1252.8131021185304, 469.9846626224581], [0.0, 0.0, 1.0]], [[1256.7485116440405, 0.0, 817.7887570959712], [0.0, 1256.7485116440403, 451.9541780095127], [0.0, 0.0, 1.0]], [[1254.9860565800168, 0.0, 829.5769333630991], [0.0, 1254.9860565800168, 467.1680561863987], [0.0, 0.0, 1.0]], [[796.8910634503094, 0.0, 857.7774326863696], [0.0, 796.8910634503094, 476.8848988407415], [0.0, 0.0, 1.0]], [[1249.9629280788233, 0.0, 825.3768045375984], [0.0, 1249.9629280788233, 462.54816385708756], [0.0, 0.0, 1.0]]], "extrinsics": [[[0.821994423866272, -0.5694030523300171, -0.010264813899993896, -0.86920166015625], [-0.004686485510319471, 0.01126053836196661, -0.9999255537986755, 1.487518310546875], [0.569476306438446, 0.8219814300537109, 0.006587598007172346, -1.23956298828125], [0.0, 0.0, 0.0, 1.0]], [[0.00944742001593113, -0.9999297261238098, -0.007158677093684673, 0.0068359375], [-0.002813071245327592, 0.007132391445338726, -0.9999706149101257, 1.4797792434692383], [0.9999514818191528, 0.009467288851737976, -0.002745490986853838, -1.5979194641113281], [0.0, 0.0, 0.0, 1.0]], [[-0.8443925976753235, -0.5357136130332947, -0.003480138024315238, 1.00048828125], [0.005121494643390179, -0.001576335052959621, -0.9999856352806091, 1.4936193227767944], [0.5357004404067993, -0.8443983197212219, 0.0040746997110545635, -1.22021484375], [0.0, 0.0, 0.0, 1.0]], [[0.9477837085723877, 0.3185634911060333, -0.014945859089493752, -1.1358489990234375], [-0.0203455351293087, 0.013629273511469364, -0.9997000694274902, 1.561868667602539], [-0.31826427578926086, 0.9478034973144531, 0.019398948177695274, -0.15887451171875], [0.0, 0.0, 0.0, 1.0]], [[0.009538082405924797, 0.999937117099762, 0.0058983988128602505, -0.02850341796875], [-0.018272098153829575, 0.006071968469768763, -0.9998145699501038, 1.5672507286071777], [-0.9997875690460205, 0.009428558871150017, 0.018328864127397537, -4.57763671875e-05], [0.0, 0.0, 0.0, 1.0]], [[-0.9235514998435974, 0.3834182322025299, 0.006564261391758919, 1.0877685546875], [-0.014011519029736519, -0.016633665189146996, -0.9997634887695312, 1.5467090606689453], [-0.38321828842163086, -0.923425018787384, 0.02073431760072708, -0.07379150390625], [0.0, 0.0, 0.0, 1.0]]], "view": [[0.0, -2.0, 100.0], [-2.0, 0.0, 100.0], [0.0, 0.0, 1.0]], "bev": "bev_ed2c356bfcff4a3eb81c45894c6b875a.png", "aux": "aux_ed2c356bfcff4a3eb81c45894c6b875a.npz", "visibility": "visibility_ed2c356bfcff4a3eb81c45894c6b875a.png", "pose": [[0.7946293354034424, 0.6070948839187622, 0.0, 512.7593994140625], [-0.6070948839187622, 0.7946293354034424, 0.0, 773.3211059570312], [0.0, 0.0, 1.0, 0.0], [0.0, 0.0, 0.0, 1.0]], "pose_inverse": [[0.7946293354034424, -0.6070948839187622, 0.0, 62.02560043334961], [0.6070948839187622, 0.7946293354034424, 0.0, -925.7972412109375], [0.0, 0.0, 1.0, 0.0], [0.0, 0.0, 0.0, 1.0]], "cam_ids": [0, 1, 2, 3, 4, 5], "cam_channels": ["CAM_FRONT_LEFT", "CAM_FRONT", "CAM_FRONT_RIGHT", "CAM_BACK_LEFT", "CAM_BACK", "CAM_BACK_RIGHT"], "token": "ed2c356bfcff4a3eb81c45894c6b875a", "scene": "scene-0578"}, {"images": ["samples/CAM_FRONT_LEFT/n008-2018-09-18-13-10-39-0400__CAM_FRONT_LEFT__1537291006104799.jpg", "samples/CAM_FRONT/n008-2018-09-18-13-10-39-0400__CAM_FRONT__1537291006112404.jpg", "samples/CAM_FRONT_RIGHT/n008-2018-09-18-13-10-39-0400__CAM_FRONT_RIGHT__1537291006120482.jpg", "samples/CAM_BACK_LEFT/n008-2018-09-18-13-10-39-0400__CAM_BACK_LEFT__1537291006147405.jpg", "samples/CAM_BACK/n008-2018-09-18-13-10-39-0400__CAM_BACK__1537291006137558.jpg", "samples/CAM_BACK_RIGHT/n008-2018-09-18-13-10-39-0400__CAM_BACK_RIGHT__1537291006128113.jpg"], "intrinsics": [[[1257.8625342125129, 0.0, 827.2410631095686], [0.0, 1257.8625342125129, 450.915498205774], [0.0, 0.0, 1.0]], [[1252.8131021185304, 0.0, 826.588114781398], [0.0, 1252.8131021185304, 469.9846626224581], [0.0, 0.0, 1.0]], [[1256.7485116440405, 0.0, 817.7887570959712], [0.0, 1256.7485116440403, 451.9541780095127], [0.0, 0.0, 1.0]], [[1254.9860565800168, 0.0, 829.5769333630991], [0.0, 1254.9860565800168, 467.1680561863987], [0.0, 0.0, 1.0]], [[796.8910634503094, 0.0, 857.7774326863696], [0.0, 796.8910634503094, 476.8848988407415], [0.0, 0.0, 1.0]], [[1249.9629280788233, 0.0, 825.3768045375984], [0.0, 1249.9629280788233, 462.54816385708756], [0.0, 0.0, 1.0]]], "extrinsics": [[[0.8219552040100098, -0.5693424940109253, -0.015450567938387394, -0.87530517578125], [-0.007814038544893265, 0.01585225574672222, -0.9998437762260437, 1.4870586395263672], [0.5694985389709473, 0.8219475746154785, 0.008580979891121387, -1.24365234375], [0.0, 0.0, 0.0, 1.0]], [[0.0094605078920722, -0.9998827576637268, -0.012037450447678566, 0.00665283203125], [-0.006002161651849747, 0.011980989947915077, -0.9999102354049683, 1.479386329650879], [0.9999371767044067, 0.009531954303383827, -0.005888110958039761, -1.60504150390625], [0.0, 0.0, 0.0, 1.0]], [[-0.8443616032600403, -0.5357622504234314, -0.003476750338450074, 1.00616455078125], [0.001867742626927793, 0.003545737126842141, -0.9999919533729553, 1.493259072303772], [0.5357702970504761, -0.844361424446106, -0.0019932189024984837, -1.2239990234375], [0.0, 0.0, 0.0, 1.0]], [[0.9477218389511108, 0.3186674416065216, -0.016560932621359825, -1.1383819580078125], [-0.02397751994431019, 0.01936487667262554, -0.9995248913764954, 1.5619029998779297], [-0.3181954324245453, 0.947668731212616, 0.02599337510764599, -0.1578369140625], [0.0, 0.0, 0.0, 1.0]], [[0.009531817398965359, 0.9998890161514282, 0.011443979106843472, -0.028442