[{"images": ["samples/CAM_FRONT_LEFT/n015-2018-10-02-10-50-40+0800__CAM_FRONT_LEFT__1538448844104844.jpg", "samples/CAM_FRONT/n015-2018-10-02-10-50-40+0800__CAM_FRONT__1538448844112460.jpg", "samples/CAM_FRONT_RIGHT/n015-2018-10-02-10-50-40+0800__CAM_FRONT_RIGHT__1538448844120339.jpg", "samples/CAM_BACK_LEFT/n015-2018-10-02-10-50-40+0800__CAM_BACK_LEFT__1538448844147423.jpg", "samples/CAM_BACK/n015-2018-10-02-10-50-40+0800__CAM_BACK__1538448844137525.jpg", "samples/CAM_BACK_RIGHT/n015-2018-10-02-10-50-40+0800__CAM_BACK_RIGHT__1538448844127893.jpg"], "intrinsics": [[[1272.5979470598488, 0.0, 826.6154927353808], [0.0, 1272.5979470598488, 479.75165386361925], [0.0, 0.0, 1.0]], [[1266.417203046554, 0.0, 816.2670197447984], [0.0, 1266.417203046554, 491.50706579294757], [0.0, 0.0, 1.0]], [[1260.8474446004698, 0.0, 807.968244525554], [0.0, 1260.8474446004698, 495.3344268742088], [0.0, 0.0, 1.0]], [[1256.7414812095406, 0.0, 792.1125740759628], [0.0, 1256.7414812095406, 492.7757465151356], [0.0, 0.0, 1.0]], [[809.2209905677063, 0.0, 829.2196003259838], [0.0, 809.2209905677063, 481.77842384512485], [0.0, 0.0, 1.0]], [[1259.5137405846733, 0.0, 807.2529053838625], [0.0, 1259.5137405846733, 501.19579884916527], [0.0, 0.0, 1.0]]], "extrinsics": [[[0.8206451535224915, -0.570744514465332, 0.028144918382167816, -0.62353515625], [0.013719091191887856, -0.029560444876551628, -0.9994688034057617, 1.5140151977539062], [0.5712732672691345, 0.820595383644104, -0.016428541392087936, -1.0455322265625], [0.0, 0.0, 0.0, 1.0]], [[0.005485322326421738, -0.9994266033172607, 0.033410392701625824, 0.009033203125], [0.008611682802438736, -0.03336244821548462, -0.9994062781333923, 1.523529052734375], [0.9999478459358215, 0.00576980784535408, 0.008423738181591034, -1.3536376953125], [0.0, 0.0, 0.0, 1.0]], [[-0.8328607678413391, -0.5534729361534119, -0.003229716792702675, 0.8167266845703125], [0.014435168355703354, -0.015887882560491562, -0.9997695684432983, 1.5074310302734375], [0.5532941818237305, -0.8327155113220215, 0.021221870556473732, -1.103515625], [0.0, 0.0, 0.0, 1.0]], [[0.9477579593658447, 0.3188927471637726, 0.007889646105468273, -1.15203857421875], [0.023606183007359505, -0.04544992744922638, -0.9986876249313354, 1.5883331298828125], [-0.3181156814098358, 0.9467003345489502, -0.050603367388248444, -0.1005859375], [0.0, 0.0, 0.0, 1.0]], [[0.002906461711972952, 0.9993577599525452, -0.03571614995598793, 0.002197265625], [-0.0019357342971488833, -0.03571061044931412, -0.9993603229522705, 1.5792160034179688], [-0.9999938607215881, 0.0029737192671746016, 0.0018306989222764969, -0.0865478515625], [0.0, 0.0, 0.0, 1.0]], [[-0.9343957304954529, 0.35442909598350525, -0.03584049269556999, 0.96337890625], [0.03049577958881855, -0.020655879750847816, -0.9993214011192322, 1.5571060180664062], [-0.3549288809299469, -0.9348546862602234, 0.008492174558341503, -0.128173828125], [0.0, 0.0, 0.0, 1.0]]], "view": [[0.0, -2.0, 100.0], [-2.0, 0.0, 100.0], [0.0, 0.0, 1.0]], "bev": "bev_94cd383effba4e688570233a060a13f4.png", "aux": "aux_94cd383effba4e688570233a060a13f4.npz", "visibility": "visibility_94cd383effba4e688570233a060a13f4.png", "pose": [[-0.5664469599723816, -0.8240981698036194, 0.0, 1483.4549560546875], [0.8240981698036194, -0.5664469599723816, 0.0, 3019.16259765625], [0.0, 0.0, 1.0, 0.0], [0.0, 0.0, 0.0, 1.0]], "pose_inverse": [[-0.5664469599723816, 0.8240981698036194, 0.0, -1647.787841796875], [-0.8240981698036194, -0.5664469599723816, 0.0, 2932.7080078125], [0.0, 0.0, 1.0, 0.0], [0.0, 0.0, 0.0, 1.0]], "cam_ids": [0, 1, 2, 3, 4, 5], "cam_channels": ["CAM_FRONT_LEFT", "CAM_FRONT", "CAM_FRONT_RIGHT", "CAM_BACK_LEFT", "CAM_BACK", "CAM_BACK_RIGHT"], "token": "94cd383effba4e688570233a060a13f4", "scene": "scene-0800"}, {"images": ["samples/CAM_FRONT_LEFT/n015-2018-10-02-10-50-40+0800__CAM_FRONT_LEFT__1538448844604844.jpg", "samples/CAM_FRONT/n015-2018-10-02-10-50-40+0800__CAM_FRONT__1538448844612460.jpg", "samples/CAM_FRONT_RIGHT/n015-2018-10-02-10-50-40+0800__CAM_FRONT_RIGHT__1538448844620339.jpg", "samples/CAM_BACK_LEFT/n015-2018-10-02-10-50-40+0800__CAM_BACK_LEFT__1538448844647423.jpg", "samples/CAM_BACK/n015-2018-10-02-10-50-40+0800__CAM_BACK__1538448844637525.jpg", "samples/CAM_BACK_RIGHT/n015-2018-10-02-10-50-40+0800__CAM_BACK_RIGHT__1538448844627893.jpg"], "intrinsics": [[[1272.5979470598488, 0.0, 826.6154927353808], [0.0, 1272.5979470598488, 479.75165386361925], [0.0, 0.0, 1.0]], [[1266.417203046554, 0.0, 816.2670197447984], [0.0, 1266.417203046554, 491.50706579294757], [0.0, 0.0, 1.0]], [[1260.8474446004698, 0.0, 807.968244525554], [0.0, 1260.8474446004698, 495.3344268742088], [0.0, 0.0, 1.0]], [[1256.7414812095406, 0.0, 792.1125740759628], [0.0, 1256.7414812095406, 492.7757465151356], [0.0, 0.0, 1.0]], [[809.2209905677063, 0.0, 829.2196003259838], [0.0, 809.2209905677063, 481.77842384512485], [0.0, 0.0, 1.0]], [[1259.5137405846733, 0.0, 807.2529053838625], [0.0, 1259.5137405846733, 501.19579884916527], [0.0, 0.0, 1.0]]], "extrinsics": [[[0.8203948140144348, -0.571420431137085, 0.02076020836830139, -0.618408203125], [0.008672119118273258, -0.023868506774306297, -0.9996775388717651, 1.5119476318359375], [0.571731686592102, 0.8203103542327881, -0.014626172371208668, -1.0401611328125], [0.0, 0.0, 0.0, 1.0]], [[0.005106569733470678, -0.9995959997177124, 0.027958454564213753, 0.008056640625], [0.0034682031255215406, -0.02794094942510128, -0.9996036291122437, 1.5217666625976562], [0.9999809265136719, 0.005201446823775768, 0.003324121003970504, -1.3468017578125], [0.0, 0.0, 0.0, 1.0]], [[-0.833103597164154, -0.5531142950057983, -0.001718424609862268, 0.810577392578125], [0.009199488908052444, -0.010749811306595802, -0.9998998641967773, 1.5061111450195312], [0.5530405044555664, -0.8330360054969788, 0.014044075272977352, -1.1005859375], [0.0, 0.0, 0.0, 1.0]], [[0.9477863311767578, 0.31887972354888916, 0.004109518602490425, -1.14794921875], [0.018205268308520317, -0.04123612120747566, -0.9989835619926453, 1.5884552001953125], [-0.31838613748550415, 0.9468977451324463, -0.044888321310281754, -0.101806640625], [0.0, 0.0, 0.0, 1.0]], [[0.0028614134062081575, 0.9995123147964478, -0.031098080798983574, 0.002685546875], [-0.007351108826696873, -0.03107634373009205, -0.999489963054657, 1.5786895751953125], [-0.9999688863754272, 0.00308859720826149, 0.007258599624037743, -0.0916748046875], [0.0, 0.0, 0.0, 1.0]], [[-0.9344642162322998, 0.3548646867275238, -0.02911326475441456, 0.9580078125], [0.025160977616906166, -0.01574798673391342, -0.9995594024658203, 1.5562667846679688], [-0.35516682267189026, -0.9347850680351257, 0.005787186790257692, -0.130859375], [0.0, 0.0, 0.0, 1.0]]], "view": [[0.0, -2.0, 100.0], [-2.0, 0.0, 100.0], [0.0, 0.0, 1.0]], "bev": "bev_2a86b2b0a481470a83c81f4d2b514276.png", "aux": "aux_2a86b2b0a481470a83c81f4d2b514276.npz", "visibility": "visibility_2a86b2b0a481470a83c81f4d2b514276.png", "pose": [[-0.5700337886810303, -0.821621298789978, 0.0, 1480.626220703125], [0.821621298789978, -0.5700337886810303, 0.0, 3023.308837890625], [0.0, 0.0, 1.0, 0.0], [0.0, 0.0, 0.0, 1.0]], "pose_inverse": [[-0.5700337886810303, 0.821621298789978, 0.0, -1640.0079345703125], [-0.821621298789978, -0.5700337886810303, 0.0, 2939.902099609375], [0.0, 0.0, 1.0, 0.0], [0.0, 0.0, 0.0, 1.0]], "cam_ids": [0, 1, 2, 3, 4, 5], "cam_channels": ["CAM_FRONT_LEFT", "CAM_FRONT", "CAM_FRONT_RIGHT", "CAM_BACK_LEFT", "CAM_BACK", "CAM_BACK_RIGHT"], "token": "2a86b2b0a481470a83c81f4d2b514276", "scene": "scene-0800"}, {"images": ["samples/CAM_FRONT_LEFT/n015-2018-10-02-10-50-40+0800__CAM_FRONT_LEFT__1538448845104844.jpg", "samples/CAM_FRONT/n015-2018-10-02-10-50-40+0800__CAM_FRONT__1538448845112460.jpg", "samples/CAM_FRONT_RIGHT/n015-2018-10-02-10-50-40+0800__CAM_FRONT_RIGHT__1538448845120339.jpg", "samples/CAM_BACK_LEFT/n015-2018-10-02-10-50-40+0800__CAM_BACK_LEFT__1538448845147423.jpg", "samples/CAM_BACK/n015-2018-10-02-10-50-40+0800__CAM_BACK__1538448845137525.jpg", "samples/CAM_BACK_RIGHT/n015-2018-10-02-10-50-40+0800__CAM_BACK_RIGHT__1538448845127893.jpg"], "intrinsics": [[[1272.5979470598488, 0.0, 826.6154927353808], [0.0, 1272.5979470598488, 479.75165386361925], [0.0, 0.0, 1.0]], [[1266.417203046554, 0.0, 816.2670197447984], [0.0, 1266.417203046554, 491.50706579294757], [0.0, 0.0, 1.0]], [[1260.8474446004698, 0.0, 807.968244525554], [0.0, 1260.8474446004698, 495.3344268742088], [0.0, 0.0, 1.0]], [[1256.7414812095406, 0.0, 792.1125740759628], [0.0, 1256.7414812095406, 492.7757465151356], [0.0, 0.0, 1.0]], [[809.2209905677063, 0.0, 829.2196003259838], [0.0, 809.2209905677063, 481.77842384512485], [0.0, 0.0, 1.0]], [[1259.5137405846733, 0.0, 807.2529053838625], [0.0, 1259.5137405846733, 501.19579884916527], [0.0, 0.0, 1.0]]], "extrinsics": [[[0.8203738331794739, -0.5710933804512024, 0.028966426849365234, -0.606689453125], [0.016406390815973282, -0.02712777629494667, -0.9994973540306091, 1.5154495239257812], [0.5715920925140381, 0.8204367160797119, -0.012885337695479393, -1.032470703125], [0.0, 0.0, 0.0, 1.0]], [[0.005251383408904076, -0.9994944930076599, 0.03135767951607704, 0.0087890625], [0.011278067715466022, -0.031296923756599426, -0.9994465112686157, 1.5246200561523438], [0.999922513961792, 0.005602201446890831, 0.01110801286995411, -1.335205078125], [0.0, 0.0, 0.0, 1.0]], [[-0.8328194618225098, -0.5535081028938293, -0.006365898996591568, 0.80352783203125], [0.01708148419857025, -0.01420297846198082, -0.9997532367706299, 1.5083847045898438], [0.5532811284065247, -0.8327226638793945, 0.021283255890011787, -1.094482421875], [0.0, 0.0, 0.0, 1.0]], [[0.947719931602478, 0.31893762946128845, 0.01028409879654646, -1.1497802734375], [0.02601875178515911, -0.04511336609721184, -0.9986429810523987, 1.5883636474609375], [-0.31804075837135315, 0.9467014074325562, -0.05105319246649742, -0.10107421875], [0.0, 0.0, 0.0, 1.0]], [[0.002896425314247608, 0.9993878602981567, -0.0348660871386528, 0.001953125], [0.0006272188038565218, -0.03486804664134979, -0.9993917346000671, 1.5794525146484375], [-0.9999956488609314, 0.0028728621546179056, -0.0007278264965862036, -0.094482421875], [0.0, 0.0, 0.0, 1.0]], [[-0.9343509078025818, 0.35434257984161377, -0.03781277313828468, 0.951416015625], [0.033108726143836975, -0.019331028684973717, -0.9992648363113403, 1.558013916015625], [-0.35481300950050354, -0.9349159002304077, 0.0063301315531134605, -0.132568359375], [0.0, 0.0, 0.0, 1.0]]], "view": [[0.0, -2.0, 100.0], [-2.0, 0.0, 100.0], [0.0, 0.0, 1.0]], "bev": "bev_2da362aa50914fb69f1206e4161c2b49.png", "aux": "aux_2da362aa50914fb69f1206e4161c2b49.npz", "visibility": "visibility_2da362aa50914fb69f1206e4161c2b49.png", "pose": [[-0.5726068615913391, -0.8198301196098328, 0.0, 1477.7596435546875], [0.8198301196098328, -0.5726068615913391, 0.0, 3027.4833984375], [0.0, 0.0, 1.0, 0.0], [0.0, 0.0, 0.0, 1.0]], "pose_inverse": [[-0.5726068615913391, 0.8198301196098328, 0.0, -1635.8468017578125], [-0.8198301196098328, -0.5726068615913391, 0.0, 2945.069580078125], [0.0, 0.0, 1.0, 0.0], [0.0, 0.0, 0.0, 1.0]], "cam_ids": [0, 1, 2, 3, 4, 5], "cam_channels": ["CAM_FRONT_LEFT", "CAM_FRONT", "CAM_FRONT_RIGHT", "CAM_BACK_LEFT", "CAM_BACK", "CAM_BACK_RIGHT"], "token": "2da362aa50914fb69f1206e4161c2b49", "scene": "scene-0800"}, {"images": ["samples/CAM_FRONT_LEFT/n015-2018-10-02-10-50-40+0800__CAM_FRONT_LEFT__1538448845604844.jpg", "samples/CAM_FRONT/n015-2018-10-02-10-50-40+0800__CAM_FRONT__1538448845612460.jpg", "samples/CAM_FRONT_RIGHT/n015-2018-10-02-10-50-40+0800__CAM_FRONT_RIGHT__1538448845620339.jpg", "samples/CAM_BACK_LEFT/n015-2018-10-02-10-50-40+0800__CAM_BACK_LEFT__1538448845647423.jpg", "samples/CAM_BACK/n015-2018-10-02-10-50-40+0800__CAM_BACK__1538448845637525.jpg", "samples/CAM_BACK_RIGHT/n015-2018-10-02-10-50-40+0800__CAM_BACK_RIGHT__1538448845627893.jpg"], "intrinsics": [[[1272.5979470598488, 0.0, 826.6154927353808], [0.0, 1272.5979470598488, 479.75165386361925], [0.0, 0.0, 1.0]], [[1266.417203046554, 0.0, 816.2670197447984], [0.0, 1266.417203046554, 491.50706579294757], [0.0, 0.0, 1.0]], [[1260.8474446004698, 0.0, 807.968244525554], [0.0, 1260.8474446004698, 495.3344268742088], [0.0, 0.0, 1.0]], [[1256.7414812095406, 0.0, 792.1125740759628], [0.0, 1256.7414812095406, 492.7757465151356], [0.0, 0.0, 1.0]], [[809.2209905677063, 0.0, 829.2196003259838], [0.0, 809.2209905677063, 481.77842384512485], [0.0, 0.0, 1.0]], [[1259.5137405846733, 0.0, 807.2529053838625], [0.0, 1259.5137405846733, 501.19579884916527], [0.0, 0.0, 1.0]]], "extrinsics": [[[0.8200139999389648, -0.5714603066444397, 0.031783342361450195, -0.58837890625], [0.015973899513483047, -0.03265932947397232, -0.9993388652801514, 1.5156631469726562], [0.5721205472946167, 0.8199796676635742, -0.017652656883001328, -1.0216064453125], [0.0, 0.0, 0.0, 1.0]], [[0.0045854938216507435, -0.9993188381195068, 0.03661734238266945, 0.010009765625], [0.010804703459143639, -0.03656608238816261, -0.9992728233337402, 1.5246810913085938], [0.9999311566352844, 0.004977786913514137, 0.010629668831825256, -1.3179931640625], [0.0, 0.0, 0.0, 1.0]], [[-0.8332159519195557, -0.5529385209083557, -0.003194058546796441, 0.79315185546875], [0.016580570489168167, -0.019210392609238625, -0.9996778964996338, 1.5084762573242188], [0.552699089050293, -0.8330005407333374, 0.025174438953399658, -1.087158203125], [0.0, 0.0, 0.0, 1.0]], [[0.947762131690979, 0.3188663125038147, 0.008443756029009819, -1.14544677734375], [0.02544465661048889, -0.04918890818953514, -0.9984652996063232, 1.588470458984375], [-0.3179616630077362, 0.9465224742889404, -0.05473282188177109, -0.102783203125], [0.0, 0.0, 0.0, 1.0]], [[0.0032500296365469694, 0.9992238879203796, -0.03925652801990509, 0.00244140625], [-7.744132744846866e-06, -0.039256706833839417, -0.9992291927337646, 1.5793838500976562], [-0.9999947547912598, 0.003247818211093545, -0.00011984416778432205, -0.101318359375], [0.0, 0.0, 0.0, 1.0]], [[-0.9341449737548828, 0.35475796461105347, -0.03898574411869049, 0.94189453125], [0.03254815563559532, -0.02409830130636692, -0.9991796612739563, 1.5582504272460938], [-0.35540640354156494, -0.9346475601196289, 0.010964591056108475, -0.13525390625], [0.0, 0.0, 0.0, 1.0]]], "view": [[0.0, -2.0, 100.0], [-2.0, 0.0, 100.0], [0.0, 0.0, 1.0]], "bev": "bev_9019e415f3864cee8db416c9b6154fec.png", "aux": "aux_9019e415f3864cee8db416c9b6154fec.npz", "visibility": "visibility_9019e415f3864cee8db416c9b6154fec.png", "pose": [[-0.5741806030273438, -0.8187286853790283, 0.0, 1474.7503662109375], [0.8187286853790283, -0.5741806030273438, 0.0, 3031.842041015625], [0.0, 0.0, 1.0, 0.0], [0.0, 0.0, 0.0, 1.0]], "pose_inverse": [[-0.5741806030273438, 0.8187286853790283, 0.0, -1635.4830322265625], [-0.8187286853790283, -0.5741806030273438, 0.0, 2948.245361328125], [0.0, 0.0, 1.0, 0.0], [0.0, 0.0, 0.0, 1.0]], "cam_ids": [0, 1, 2, 3, 4, 5], "cam_channels": ["CAM_FRONT_LEFT", "CAM_FRONT", "CAM_FRONT_RIGHT", "CAM_BACK_LEFT", "CAM_BACK", "CAM_BACK_RIGHT"], "token": "9019e415f3864cee8db416c9b6154fec", "scene": "scene-0800"}, {"images": ["samples/CAM_FRONT_LEFT/n015-2018-10-02-10-50-40+0800__CAM_FRONT_LEFT__1538448846104844.jpg", "samples/CAM_FRONT/n015-2018-10-02-10-50-40+0800__CAM_FRONT__1538448846112460.jpg", "samples/CAM_FRONT_RIGHT/n015-2018-10-02-10-50-40+0800__CAM_FRONT_RIGHT__1538448846120339.jpg", "samples/CAM_BACK_LEFT/n015-2018-10-02-10-50-40+0800__CAM_BACK_LEFT__1538448846147423.jpg", "samples/CAM_BACK/n015-2018-10-02-10-50-40+0800__CAM_BACK__1538448846137525.jpg", "samples/CAM_BACK_RIGHT/n015-2018-10-02-10-50-40+0800__CAM_BACK_RIGHT__1538448846127893.jpg"], "intrinsics": [[[1272.5979470598488, 0.0, 826.6154927353808], [0.0, 1272.5979470598488, 479.75165386361925], [0.0, 0.0, 1.0]], [[1266.417203046554, 0.0, 816.2670197447984], [0.0, 1266.417203046554, 491.50706579294757], [0.0, 0.0, 1.0]], [[1260.8474446004698, 0.0, 807.968244525554], [0.0, 1260.8474446004698, 495.3344268742088], [0.0, 0.0, 1.0]], [[1256.7414812095406, 0.0, 792.1125740759628], [0.0, 1256.7414812095406, 492.7757465151356], [0.0, 0.0, 1.0]], [[809.2209905677063, 0.0, 829.2196003259838], [0.0, 809.2209905677063, 481.77842384512485], [0.0, 0.0, 1.0]], [[1259.5137405846733, 0.0, 807.2529053838625], [0.0, 1259.5137405846733, 501.19579884916527], [0.0, 0.0, 1.0]]], "extrinsics": [[[0.8210370540618896, -0.5704347491264343, 0.02241205796599388, -0.596923828125], [0.004318916704505682, -0.033051300793886185, -0.999444305896759, 1.5102767944335938], [0.5708585977554321, 0.820677638053894, -0.02467268519103527, -1.0281982421875], [0.0, 0.0, 0.0, 1.0]], [[0.0062772901728749275, -0.9992902278900146, 0.03714430332183838, 0.010498046875], [-0.0009134405991062522, -0.037150751799345016, -0.999309241771698, 1.5203170776367188], [0.9999797940254211, 0.006239001173526049, -0.0011459978995844722, -1.3265380859375], [0.0, 0.0, 0.0, 1.0]], [[-0.8324840068817139, -0.5540035367012024, 0.007106147240847349, 0.7987060546875], [0.004767220932990313, -0.019987743347883224, -0.9997888207435608, 1.5050506591796875], [0.5540285110473633, -0.832274317741394, 0.019280536100268364, -1.08984375], [0.0, 0.0, 0.0, 1.0]], [[0.9478681683540344, 0.3186471164226532, -0.00316171464510262, -1.14654541015625], [0.013628714717924595, -0.05044960230588913, -0.9986335635185242, 1.5885009765625], [-0.3183712661266327, 0.9465298652648926, -0.05216231942176819, -0.1025390625], [0.0, 0.0, 0.0, 1.0]], [[0.0023505648132413626, 0.9991769790649414, -0.0404948852956295, 0.00146484375], [-0.011755994521081448, -0.04046458378434181, -0.9991118311882019, 1.5782394409179688], [-0.9999281167984009, 0.0028244643472135067, 0.011651203036308289, -0.098388671875], [0.0, 0.0, 0.0, 1.0]], [[-0.934933066368103, 0.3536945581436157, -0.028288431465625763, 0.94580078125], [0.020751792937517166, -0.025083502754569054, -0.9994699358940125, 1.55572509765625], [-0.35421663522720337, -0.935024619102478, 0.016111595556139946, -0.132568359375], [0.0, 0.0, 0.0, 1.0]]], "view": [[0.0, -2.0, 100.0], [-2.0, 0.0, 100.0], [0.0, 0.0, 1.0]], "bev": "bev_b4a22db7d3a2450f936d22248f139efb.png", "aux": "aux_b4a22db7d3a2450f936d22248f139efb.npz", "visibility": "visibility_b4a22db7d3a2450f936d22248f139efb.png", "pose": [[-0.5734001398086548, -0.819275438785553, 0.0, 1471.72314453125], [0.819275438785553, -0.5734001398086548, 0.0, 3036.238525390625], [0.0, 0.0, 1.0, 0.0], [0.0, 0.0, 0.0, 1.0]], "pose_inverse": [[-0.5734001398086548, 0.819275438785553, 0.0, -1643.62939453125], [-0.819275438785553, -0.5734001398086548, 0.0, 2946.726318359375], [0.0, 0.0, 1.0, 0.0], [0.0, 0.0, 0.0, 1.0]], "cam_ids": [0, 1, 2, 3, 4, 5], "cam_channels": ["CAM_FRONT_LEFT", "CAM_FRONT", "CAM_FRONT_RIGHT", "CAM_BACK_LEFT", "CAM_BACK", "CAM_BACK_RIGHT"], "token": "b4a22db7d3a2450f936d22248f139efb", "scene": "scene-0800"}, {"images": ["samples/CAM_FRONT_LEFT/n015-2018-10-02-10-50-40+0800__CAM_FRONT_LEFT__1538448846604844.jpg", "samples/CAM_FRONT/n015-2018-10-02-10-50-40+0800__CAM_FRONT__1538448846612460.jpg", "samples/CAM_FRONT_RIGHT/n015-2018-10-02-10-50-40+0800__CAM_FRONT_RIGHT__1538448846620339.jpg", "samples/CAM_BACK_LEFT/n015-2018-10-02-10-50-40+0800__CAM_BACK_LEFT__1538448846647423.jpg", "samples/CAM_BACK/n015-2018-10-02-10-50-40+0800__CAM_BACK__1538448846637525.jpg", "samples/CAM_BACK_RIGHT/n015-2018-10-02-10-50-40+0800__CAM_BACK_RIGHT__1538448846627893.jpg"], "intrinsics": [[[1272.5979470598488, 0.0, 826.6154927353808], [0.0, 1272.5979470598488, 479.75165386361925], [0.0, 0.0, 1.0]], [[1266.417203046554, 0.0, 816.2670197447984], [0.0, 1266.417203046554, 491.50706579294757], [0.0, 0.0, 1.0]], [[1260.8474446004698, 0.0, 807.968244525554], [0.0, 1260.8474446004698, 495.3344268742088], [0.0, 0.0, 1.0]], [[1256.7414812095406, 0.0, 792.1125740759628], [0.0, 1256.7414812095406, 492.7757465151356], [0.0, 0.0, 1.0]], [[809.2209905677063, 0.0, 829.2196003259838], [0.0, 809.2209905677063, 481.77842384512485], [0.0, 0.0, 1.0]], [[1259.5137405846733, 0.0, 807.2529053838625], [0.0, 1259.5137405846733, 501.19579884916527], [0.0, 0.0, 1.0]]], "extrinsics": [[[0.8204188942909241, -0.5713253021240234, 0.022368092089891434, -0.58056640625], [0.0024856787640601397, -0.035556942224502563, -0.9993645548820496, 1.5095062255859375], [0.5717576146125793, 0.8199531435966492, -0.027751455083489418, -1.0157470703125], [0.0, 0.0, 0.0, 1.0]], [[0.005075916647911072, -0.9991925358772278, 0.03985493630170822, 0.00927734375], [-0.0029101220425218344, -0.03987004607915878, -0.9992006421089172, 1.519500732421875], [0.9999828934669495, 0.004955903626978397, -0.0031101491767913103, -1.308837890625], [0.0, 0.0, 0.0, 1.0]], [[-0.8332427144050598, -0.5528077483177185, 0.010495158843696117, 0.7850494384765625], [0.0026253366377204657, -0.02293727546930313, -0.9997333884239197, 1.50445556640625], [0.5529010891914368, -0.8329930901527405, 0.020563624799251556, -1.083251953125], [0.0, 0.0, 0.0, 1.0]], [[0.9478903412818909, 0.3185259997844696, -0.0067152054980397224, -1.14215087890625], [0.011014221236109734, -0.05382710322737694, -0.998489499092102, 1.58856201171875], [-0.3184063136577606, 0.946384608745575, -0.05453050881624222, -0.103759765625], [0.0, 0.0, 0.0, 1.0]], [[0.002944947686046362, 0.9990413188934326, -0.04367958754301071, 0.00244140625], [-0.014373348094522953, -0.04363297298550606, -0.9989442825317383, 1.5778121948242188], [-0.9998922944068909, 0.003569666761904955, 0.01423107273876667, -0.107177734375], [0.0, 0.0, 0.0, 1.0]], [[-0.9345338940620422, 0.3548318147659302, -0.02721596509218216, 0.935302734375], [0.018409449607133865, -0.028171923011541367, -0.9994335770606995, 1.5554275512695312], [-0.3553975224494934, -0.9345056414604187, 0.019795361906290054, -0.13916015625], [0.0, 0.0, 0.0, 1.0]]], "view": [[0.0, -2.0, 100.0], [-2.0, 0.0, 100.0], [0.0, 0.0, 1.0]], "bev": "bev_fa4978c3e74f4d288f1daed5909dc6ee.png", "aux": "aux_fa4978c3e74f4d288f1daed5909dc6ee.npz", "visibility": "visibility_fa4978c3e74f4d288f1daed5909dc6ee.png", "pose": [[-0.5734620094299316, -0.819232165813446, 0.0, 1468.671142578125], [0.819232165813446, -0.5734620094299316, 0.0, 3040.6708984375], [0.0, 0.0, 1.0, 0.0], [0.0, 0.0, 0.0, 1.0]], "pose_inverse": [[-0.5734620094299316, 0.819232165813446, 0.0, -1648.788330078125], [-0.819232165813446, -0.5734620094299316, 0.0, 2946.891845703125], [0.0, 0.0, 1.0, 0.0], [0.0, 0.0, 0.0, 1.0]], "cam_ids": [0, 1, 2, 3, 4, 5], "cam_channels": ["CAM_FRONT_LEFT", "CAM_FRONT", "CAM_FRONT_RIGHT", "CAM_BACK_LEFT", "CAM_BACK", "CAM_BACK_RIGHT"], "token": "fa4978c3e74f4d288f1daed5909dc6ee", "scene": "scene-0800"}, {"images": ["samples/CAM_FRONT_LEFT/n015-2018-10-02-10-50-40+0800__CAM_FRONT_LEFT__1538448847104844.jpg", "samples/CAM_FRONT/n015-2018-10-02-10-50-40+0800__CAM_FRONT__1538448847112460.jpg", "samples/CAM_FRONT_RIGHT/n015-2018-10-02-10-50-40+0800__CAM_FRONT_RIGHT__1538448847120339.jpg", "samples/CAM_BACK_LEFT/n015-2018-10-02-10-50-40+0800__CAM_BACK_LEFT__1538448847147423.jpg", "samples/CAM_BACK/n015-2018-10-02-10-50-40+0800__CAM_BACK__1538448847137525.jpg", "samples/CAM_BACK_RIGHT/n015-2018-10-02-10-50-40+0800__CAM_BACK_RIGHT__1538448847127893.jpg"], "intrinsics": [[[1272.5979470598488, 0.0, 826.6154927353808], [0.0, 1272.5979470598488, 479.75165386361925], [0.0, 0.0, 1.0]], [[1266.417203046554, 0.0, 816.2670197447984], [0.0, 1266.417203046554, 491.50706579294757], [0.0, 0.0, 1.0]], [[1260.8474446004698, 0.0, 807.968244525554], [0.0, 1260.8474446004698, 495.3344268742088], [0.0, 0.0, 1.0]], [[1256.7414812095406, 0.0, 792.1125740759628], [0.0, 1256.7414812095406, 492.7757465151356], [0.0, 0.0, 1.0]], [[809.2209905677063, 0.0, 829.2196003259838], [0.0, 809.2209905677063, 481.77842384512485], [0.0, 0.0, 1.0]], [[1259.5137405846733, 0.0, 807.2529053838625], [0.0, 1259.5137405846733, 501.19579884916527], [0.0, 0.0, 1.0]]], "extrinsics": [[[0.8210472464561462, -0.5700377821922302, 0.03063247911632061, -0.57568359375], [0.011013674549758434, -0.03783247992396355, -0.9992234110832214, 1.513671875], [0.5707539319992065, 0.8207470178604126, -0.024784043431282043, -1.0174560546875], [0.0, 0.0, 0.0, 1.0]], [[0.0060794055461883545, -0.9990985989570618, 0.042012281715869904, 0.012939453125], [0.005934556480497122, -0.04197627678513527, -0.9991009831428528, 1.5230712890625], [0.9999638795852661, 0.006323328707367182, 0.00567401759326458, -1.305908203125], [0.0, 0.0, 0.0, 1.0]], [[-0.8326282501220703, -0.5538181662559509, 0.003961231093853712, 0.7848358154296875], [0.011776236817240715, -0.02485465444624424, -0.9996216893196106, 1.5073013305664062], [0.5537070631980896, -0.832266628742218, 0.027216585353016853, -1.078369140625], [0.0, 0.0, 0.0, 1.0]], [[0.9478601813316345, 0.31867843866348267, 0.0022884649224579334, -1.13787841796875], [0.021108463406562805, -0.05561548471450806, -0.9982291460037231, 1.5886688232421875], [-0.31798678636550903, 0.946229875087738, -0.059442512691020966, -0.10498046875], [0.0, 0.0, 0.0, 1.0]], [[0.002797876950353384, 0.9989602565765381, -0.045504942536354065, 0.0009765625], [-0.00451822392642498, -0.045492030680179596, -0.9989545345306396, 1.5789566040039062], [-0.9999858736991882, 0.0030005036387592554, 0.0043862489983439445, -0.1107177734375], [0.0, 0.0, 0.0, 1.0]], [[-0.9345938563346863, 0.3538207411766052, -0.03667844086885452, 0.930908203125], [0.027869367972016335, -0.029962027445435524, -0.9991624355316162, 1.557647705078125], [-0.35462334752082825, -0.9348332285881042, 0.01814156584441662, -0.1376953125], [0.0, 0.0, 0.0, 1.0]]], "view": [[0.0, -2.0, 100.0], [-2.0, 0.0, 100.0], [0.0, 0.0, 1.0]], "bev": "bev_dcdbd1100ef14eb0b00e272bc01b8b21.png", "aux": "aux_dcdbd1100ef14eb0b00e272bc01b8b21.npz", "visibility": "visibility_dcdbd1100ef14eb0b00e272bc01b8b21.png", "pose": [[-0.5701269507408142, -0.8215566277503967, 0.0, 1465.5404052734375], [0.8215566277503967, -0.5701269507408142, 0.0, 3045.22314453125], [0.0, 0.0, 1.0, 0.0], [0.0, 0.0, 0.0, 1.0]], "pose_inverse": [[-0.5701269507408142, 0.8215566277503967, 0.0, -1666.279052734375], [-0.8215566277503967, -0.5701269507408142, 0.0, 2940.188232421875], [0.0, 0.0, 1.0, 0.0], [0.0, 0.0, 0.0, 1.0]], "cam_ids": [0, 1, 2, 3, 4, 5], "cam_channels": ["CAM_FRONT_LEFT", "CAM_FRONT", "CAM_FRONT_RIGHT", "CAM_BACK_LEFT", "CAM_BACK", "CAM_BACK_RIGHT"], "token": "dcdbd1100ef14eb0b00e272bc01b8b21", "scene": "scene-0800"}, {"images": ["samples/CAM_FRONT_LEFT/n015-2018-10-02-10-50-40+0800__CAM_FRONT_LEFT__1538448847604844.jpg", "samples/CAM_FRONT/n015-2018-10-02-10-50-40+0800__CAM_FRONT__1538448847612460.jpg", "samples/CAM_FRONT_RIGHT/n015-2018-10-02-10-50-40+0800__CAM_FRONT_RIGHT__1538448847620339.jpg", "samples/CAM_BACK_LEFT/n015-2018-10-02-10-50-40+0800__CAM_BACK_LEFT__1538448847647423.jpg", "samples/CAM_BACK/n015-2018-10-02-10-50-40+0800__CAM_BACK__1538448847637525.jpg", "samples/CAM_BACK_RIGHT/n015-2018-10-02-10-50-40+0800__CAM_BACK_RIGHT__1538448847627893.jpg"], "intrinsics": [[[1272.5979470598488, 0.0, 826.6154927353808], [0.0, 1272.5979470598488, 479.75165386361925], [0.0, 0.0, 1.0]], [[1266.417203046554, 0.0, 816.2670197447984], [0.0, 1266.417203046554, 491.50706579294757], [0.0, 0.0, 1.0]], [[1260.8474446004698, 0.0, 807.968244525554], [0.0, 1260.8474446004698, 495.3344268742088], [0.0, 0.0, 1.0]], [[1256.7414812095406, 0.0, 792.1125740759628], [0.0, 1256.7414812095406, 492.7757465151356], [0.0, 0.0, 1.0]], [[809.2209905677063, 0.0, 829.2196003259838], [0.0, 809.2209905677063, 481.77842384512485], [0.0, 0.0, 1.0]], [[1259.5137405846733, 0.0, 807.2529053838625], [0.0, 1259.5137405846733, 501.19579884916527], [0.0, 0.0, 1.0]]], "extrinsics": [[[0.8206619620323181, -0.5704523324966431, 0.03313690423965454, -0.583984375], [0.012351399287581444, -0.04026835411787033, -0.9991125464439392, 1.514068603515625], [0.5712803602218628, 0.8203429579734802, -0.02600082755088806, -1.0179443359375], [0.0, 0.0, 0.0, 1.0]], [[0.005575769580900669, -0.9989983439445496, 0.04439833015203476, 0.009765625], [0.007285199593752623, -0.044357262551784515, -0.9989891648292542, 1.5234222412109375], [0.9999579191207886, 0.005893549416214228, 0.007030574604868889, -1.309814453125], [0.0, 0.0, 0.0, 1.0]], [[-0.8327915072441101, -0.5535715222358704, 0.004100798163563013, 0.7846221923828125], [0.013148601166903973, -0.027185233309864998, -0.9995439052581787, 1.5076217651367188], [0.5534306168556213, -0.8323577642440796, 0.029918324202299118, -1.081787109375], [0.0, 0.0, 0.0, 1.0]], [[0.9478685855865479, 0.318646103143692, 0.003104852745309472, -1.138916015625], [0.022631630301475525, -0.057596515864133835, -0.9980833530426025, 1.5886383056640625], [-0.31785663962364197, 0.9461221694946289, -0.06180541589856148, -0.104736328125], [0.0, 0.0, 0.0, 1.0]], [[0.0029753886628896, 0.9988629221916199, -0.04758100584149361, 0.00244140625], [-0.0030834958888590336, -0.047571826726198196, -0.9988631010055542, 1.579071044921875], [-0.9999907612800598, 0.0031187087297439575, 0.0029384465888142586, -0.110107421875], [0.0, 0.0, 0.0, 1.0]], [[-0.9344756007194519, 0.35390907526016235, -0.03877798095345497, 0.93212890625], [0.029255647212266922, -0.03221888467669487, -0.9990525841712952, 1.5578765869140625], [-0.35482314229011536, -0.9347246885299683, 0.019753919914364815, -0.139404296875], [0.0, 0.0, 0.0, 1.0]]], "view": [[0.0, -2.0, 100.0], [-2.0, 0.0, 100.0], [0.0, 0.0, 1.0]], "bev": "bev_fee2ac7d0102464a94b6bc788be71be4.png", "aux": "aux_fee2ac7d0102464a94b6bc788be71be4.npz", "visibility": "visibility_fee2ac7d0102464a94b6bc788be71be4.png", "pose": [[-0.565769374370575, -0.8245635032653809, 0.0, 1462.496337890625], [0.8245635032653809, -0.565769374370575, 0.0, 3049.73779296875], [0.0, 0.0, 1.0, 0.0], [0.0, 0.0, 0.0, 1.0]], "pose_inverse": [[-0.565769374370575, 0.8245635032653809, 0.0, -1687.2669677734375], [-0.8245635032653809, -0.565769374370575, 0.0, 2931.369384765625], [0.0, 0.0, 1.0, 0.0], [0.0, 0.0, 0.0, 1.0]], "cam_ids": [0, 1, 2, 3, 4, 5], "cam_channels": ["CAM_FRONT_LEFT", "CAM_FRONT", "CAM_FRONT_RIGHT", "CAM_BACK_LEFT", "CAM_BACK", "CAM_BACK_RIGHT"], "token": "fee2ac7d0102464a94b6bc788be71be4", "scene": "scene-0800"}, {"images": ["samples/CAM_FRONT_LEFT/n015-2018-10-02-10-50-40+0800__CAM_FRONT_LEFT__1538448848104844.jpg", "samples/CAM_FRONT/n015-2018-10-02-10-50-40+0800__CAM_FRONT__1538448848112460.jpg", "samples/CAM_FRONT_RIGHT/n015-2018-10-02-10-50-40+0800__CAM_FRONT_RIGHT__1538448848120339.jpg", "samples/CAM_BACK_LEFT/n015-2018-10-02-10-50-40+0800__CAM_BACK_LEFT__1538448848147423.jpg", "samples/CAM_BACK/n015-2018-10-02-10-50-40+0800__CAM_BACK__1538448848137525.jpg", "samples/CAM_BACK_RIGHT/n015-2018-10-02-10-50-40+0800__CAM_BACK_RIGHT__1538448848127893.jpg"], "intrinsics": [[[1272.5979470598488, 0.0, 826.6154927353808], [0.0, 1272.5979470598488, 479.75165386361925], [0.0, 0.0, 1.0]], [[1266.417203046554, 0.0, 816.2670197447984], [0.0, 1266.417203046554, 491.50706579294757], [0.0, 0.0, 1.0]], [[1260.8474446004698, 0.0, 807.968244525554], [0.0, 1260.8474446004698, 495.3344268742088], [0.0, 0.0, 1.0]], [[1256.7414812095406, 0.0, 792.1125740759628], [0.0, 1256.7414812095406, 492.7757465151356], [0.0, 0.0, 1.0]], [[809.2209905677063, 0.0, 829.2196003259838], [0.0, 809.2209905677063, 481.77842384512485], [0.0, 0.0, 1.0]], [[1259.5137405846733, 0.0, 807.2529053838625], [0.0, 1259.5137405846733, 501.19579884916527], [0.0, 0.0, 1.0]]], "extrinsics": [[[0.8204086422920227, -0.5710940361022949, 0.027950584888458252, -0.565673828125], [0.007668634410947561, -0.03788916766643524, -0.9992524981498718, 1.51214599609375], [0.5717262029647827, 0.8200097680091858, -0.026705089956521988, -1.0079345703125], [0.0, 0.0, 0.0, 1.0]], [[0.005077832844108343, -0.9991121292114258, 0.0418202169239521, 0.0107421875], [0.002350611612200737, -0.04180872067809105, -0.9991229176521301, 1.5216293334960938], [0.9999842643737793, 0.005171653348952532, 0.0021362260449677706, -1.294677734375], [0.0, 0.0, 0.0, 1.0]], [[-0.8331656455993652, -0.5529803037643433, 0.00689581036567688, 0.7761383056640625], [0.00796547345817089, -0.024467570707201958, -0.9996688365936279, 1.5061798095703125], [0.5529659986495972, -0.8328349590301514, 0.024790292605757713, -1.075439453125], [0.0, 0.0, 0.0, 1.0]], [[0.9478877186775208, 0.31859979033470154, -0.001708021853119135, -1.1346435546875], [0.01649891771376133, -0.054439399391412735, -0.9983807802200317, 1.588714599609375], [-0.3181767761707306, 0.9463247060775757, -0.05685899034142494, -0.1064453125], [0.0, 0.0, 0.0, 1.0]], [[0.003049642313271761, 0.9989998936653137, -0.04460807144641876, 0.001953125], [-0.008836283348500729, -0.04457961022853851, -0.9989668130874634, 1.5783767700195312], [-0.9999563097953796, 0.0034406566992402077, 0.008691496215760708, -0.1162109375], [0.0, 0.0, 0.0, 1.0]], [[-0.9344450831413269, 0.35460275411605835, -0.03269890695810318, 0.92529296875], [0.023824619129300117, -0.02936447225511074, -0.9992848038673401, 1.5568695068359375], [-0.3553093373775482, -0.9345558285713196, 0.01899121142923832, -0.141845703125], [0.0, 0.0, 0.0, 1.0]]], "view": [[0.0, -2.0, 100.0], [-2.0, 0.0, 100.0], [0.0, 0.0, 1.0]], "bev": "bev_5c9e4d30d07a4df0b20056d97659c6b8.png", "aux": "aux_5c9e4d30d07a4df0b20056d97659c6b8.npz", "visibility": "visibility_5c9e4d30d07a4df0b20056d97659c6b8.png", "pose": [[-0.5631393194198608, -0.8263619542121887, 0.0, 1459.4105224609375], [0.8263619542121887, -0.5631393194198608, 0.0, 3054.35302734375], [0.0, 0.0, 1.0, 0.0], [0.0, 0.0, 0.0, 1.0]], "pose_inverse": [[-0.5631393194198608, 0.8263619542121887, 0.0, -1702.149658203125], [-0.8263619542121887, -0.5631393194198608, 0.0, 2926.027587890625], [0.0, 0.0, 1.0, 0.0], [0.0, 0.0, 0.0, 1.0]], "cam_ids": [0, 1, 2, 3, 4, 5], "cam_channels": ["CAM_FRONT_LEFT", "CAM_FRONT", "CAM_FRONT_RIGHT", "CAM_BACK_LEFT", "CAM_BACK", "CAM_BACK_RIGHT"], "token": "5c9e4d30d07a4df0b20056d97659c6b8", "scene": "scene-0800"}, {"images": ["samples/CAM_FRONT_LEFT/n015-2018-10-02-10-50-40+0800__CAM_FRONT_LEFT__1538448848604844.jpg", "samples/CAM_FRONT/n015-2018-10-02-10-50-40+0800__CAM_FRONT__1538448848612460.jpg", "samples/CAM_FRONT_RIGHT/n015-2018-10-02-10-50-40+0800__CAM_FRONT_RIGHT__1538448848620339.jpg", "samples/CAM_BACK_LEFT/n015-2018-10-02-10-50-40+0800__CAM_BACK_LEFT__1538448848647423.jpg", "samples/CAM_BACK/n015-2018-10-02-10-50-40+0800__CAM_BACK__1538448848637525.jpg", "samples/CAM_BACK_RIGHT/n015-2018-10-02-10-50-40+0800__CAM_BACK_RIGHT__1538448848627893.jpg"], "intrinsics": [[[1272.5979470598488, 0.0, 826.6154927353808], [0.0, 1272.5979470598488, 479.75165386361925], [0.0, 0.0, 1.0]], [[1266.417203046554, 0.0, 816.2670197447984], [0.0, 1266.417203046554, 491.50706579294757], [0.0, 0.0, 1.0]], [[1260.8474446004698, 0.0, 807.968244525554], [0.0, 1260.8474446004698, 495.3344268742088], [0.0, 0.0, 1.0]], [[1256.7414812095406, 0.0, 792.1125740759628], [0.0, 1256.7414812095406, 492.7757465151356], [0.0, 0.0, 1.0]], [[809.2209905677063, 0.0, 829.2196003259838], [0.0, 809.2209905677063, 481.77842384512485], [0.0, 0.0, 1.0]], [[1259.5137405846733, 0.0, 807.2529053838625], [0.0, 1259.5137405846733, 501.19579884916527], [0.0, 0.0, 1.0]]], "extrinsics": [[[0.8201576471328735, -0.5715331435203552, 0.026291372254490852, -0.5595703125], [0.009629742242395878, -0.032156746834516525, -0.9994364380836487, 1.5130386352539062], [0.5720564723014832, 0.8199486136436462, -0.02086988463997841, -0.998779296875], [0.0, 0.0, 0.0, 1.0]], [[0.004718352574855089, -0.9993345141410828, 0.0361667275428772, 0.007568359375], [0.004511719103902578, -0.03614548593759537, -0.9993364214897156, 1.5223922729492188], [0.9999786615371704, 0.0048784008249640465, 0.00433817133307457, -1.28466796875], [0.0, 0.0, 0.0, 1.0]], [[-0.8332877159118652, -0.5528364181518555, 0.0018194683361798525, 0.766571044921875], [0.010339793749153614, -0.01887551322579384, -0.9997683167457581, 1.5069580078125], [0.5527427196502686, -0.8330759406089783, 0.02144494839012623, -1.072509765625], [0.0, 0.0, 0.0, 1.0]], [[0.9478347897529602, 0.3187474012374878, 0.0030368021689355373, -1.12994384765625], [0.019725168123841286, -0.049141284078359604, -0.9985970258712769, 1.58880615234375], [-0.3181510269641876, 0.9465649127960205, -0.052865169942379, -0.107666015625], [0.0, 0.0, 0.0, 1.0]], [[0.0031452798284590244, 0.9992278218269348, -0.03916557878255844, 0.0029296875], [-0.005996474996209145, -0.03914622217416763, -0.9992154836654663, 1.5786209106445312], [-0.9999771118164062, 0.003377626184374094, 0.005868719890713692, -0.123046875], [0.0, 0.0, 0.0, 1.0]], [[-0.9343196153640747, 0.3548913300037384, -0.03314945846796036, 0.91796875], [0.026401998475193977, -0.023839885368943214, -0.9993671178817749, 1.5576248168945312], [-0.355457067489624, -0.9346035718917847, 0.012904231436550617, -0.146728515625], [0.0, 0.0, 0.0, 1.0]]], "view": [[0.0, -2.0, 100.0], [-2.0, 0.0, 100.0], [0.0, 0.0, 1.0]], "bev": "bev_4a74ff52d7fa4336bdd80958bd483e5b.png", "aux": "aux_4a74ff52d7fa4336bdd80958bd483e5b.npz", "visibility": "visibility_4a74ff52d7fa4336bdd80958bd483e5b.png", "pose": [[-0.562429666519165, -0.826845109462738, 0.0, 1456.28955078125], [0.826845109462738, -0.562429666519165, 0.0, 3058.99462890625], [0.0, 0.0, 1.0, 0.0], [0.0, 0.0, 0.0, 1.0]], "pose_inverse": [[-0.562429666519165, 0.826845109462738, 0.0, -1710.2542724609375], [-0.826845109462738, -0.562429666519165, 0.0, 2924.59521484375], [0.0, 0.0, 1.0, 0.0], [0.0, 0.0, 0.0, 1.0]], "cam_ids": [0, 1, 2, 3, 4, 5], "cam_channels": ["CAM_FRONT_LEFT", "CAM_FRONT", "CAM_FRONT_RIGHT", "CAM_BACK_LEFT", "CAM_BACK", "CAM_BACK_RIGHT"], "token": "4a74ff52d7fa4336bdd80958bd483e5b", "scene": "scene-0800"}, {"images": ["samples/CAM_FRONT_LEFT/n015-2018-10-02-10-50-40+0800__CAM_FRONT_LEFT__1538448849104844.jpg", "samples/CAM_FRONT/n015-2018-10-02-10-50-40+0800__CAM_FRONT__1538448849112460.jpg", "samples/CAM_FRONT_RIGHT/n015-2018-10-02-10-50-40+0800__CAM_FRONT_RIGHT__1538448849120339.jpg", "samples/CAM_BACK_LEFT/n015-2018-10-02-10-50-40+0800__CAM_BACK_LEFT__1538448849147423.jpg", "samples/CAM_BACK/n015-2018-10-02-10-50-40+0800__CAM_BACK__1538448849137525.jpg", "samples/CAM_BACK_RIGHT/n015-2018-10-02-10-50-40+0800__CAM_BACK_RIGHT__1538448849127893.jpg"], "intrinsics": [[[1272.5979470598488, 0.0, 826.6154927353808], [0.0, 1272.5979470598488, 479.75165386361925], [0.0, 0.0, 1.0]], [[1266.417203046554, 0.0, 816.2670197447984], [0.0, 1266.417203046554, 491.50706579294757], [0.0, 0.0, 1.0]], [[1260.8474446004698, 0.0, 807.968244525554], [0.0, 1260.8474446004698, 495.3344268742088], [0.0, 0.0, 1.0]], [[1256.7414812095406, 0.0, 792.1125740759628], [0.0, 1256.7414812095406, 492.7757465151356], [0.0, 0.0, 1.0]], [[809.2209905677063, 0.0, 829.2196003259838], [0.0, 809.2209905677063, 481.77842384512485], [0.0, 0.0, 1.0]], [[1259.5137405846733, 0.0, 807.2529053838625], [0.0, 1259.5137405846733, 501.19579884916527], [0.0, 0.0, 1.0]]], "extrinsics": [[[0.820452868938446, -0.5712776184082031, 0.02233673632144928, -0.56494140625], [0.004874837584793568, -0.03207792714238167, -0.9994734525680542, 1.5107040405273438], [0.5716933608055115, 0.8201296925544739, -0.023533539846539497, -1.00439453125], [0.0, 0.0, 0.0, 1.0]], [[0.005181112792342901, -0.9993318915367126, 0.03617756441235542, 0.009033203125], [-0.000622692343313247, -0.03618127107620239, -0.999345064163208, 1.520355224609375], [0.9999863505363464, 0.005155322141945362, -0.0008097362006083131, -1.2913818359375], [0.0, 0.0, 0.0, 1.0]], [[-0.8331332206726074, -0.5530339479446411, 0.006521033123135567, 0.77197265625], [0.004804407246410847, -0.01902683824300766, -0.9998073577880859, 1.50518798828125], [0.5530514717102051, -0.8329414129257202, 0.01850889064371586, -1.073974609375], [0.0, 0.0, 0.0, 1.0]], [[0.9478611350059509, 0.31866568326950073, -0.003394362283870578, -1.13116455078125], [0.013083680532872677, -0.04955480247735977, -0.9986857175827026, 1.588714599609375], [-0.31841498613357544, 0.9465709328651428, -0.05114039033651352, -0.107421875], [0.0, 0.0, 0.0, 1.0]], [[0.0028570538852363825, 0.9992153644561768, -0.03950156643986702, 0.002197265625], [-0.012259852141141891, -0.03946375474333763, -0.9991458058357239, 1.5778884887695312], [-0.9999207258224487, 0.0033388505689799786, 0.01213748287409544, -0.1199951171875], [0.0, 0.0, 0.0, 