[{"images": ["samples/CAM_FRONT_LEFT/n015-2018-09-27-15-33-17+0800__CAM_FRONT_LEFT__1538033992754844.jpg", "samples/CAM_FRONT/n015-2018-09-27-15-33-17+0800__CAM_FRONT__1538033992762460.jpg", "samples/CAM_FRONT_RIGHT/n015-2018-09-27-15-33-17+0800__CAM_FRONT_RIGHT__1538033992770343.jpg", "samples/CAM_BACK_LEFT/n015-2018-09-27-15-33-17+0800__CAM_BACK_LEFT__1538033992797423.jpg", "samples/CAM_BACK/n015-2018-09-27-15-33-17+0800__CAM_BACK__1538033992787525.jpg", "samples/CAM_BACK_RIGHT/n015-2018-09-27-15-33-17+0800__CAM_BACK_RIGHT__1538033992777893.jpg"], "intrinsics": [[[1272.5979470598488, 0.0, 826.6154927353808], [0.0, 1272.5979470598488, 479.75165386361925], [0.0, 0.0, 1.0]], [[1266.417203046554, 0.0, 816.2670197447984], [0.0, 1266.417203046554, 491.50706579294757], [0.0, 0.0, 1.0]], [[1260.8474446004698, 0.0, 807.968244525554], [0.0, 1260.8474446004698, 495.3344268742088], [0.0, 0.0, 1.0]], [[1256.7414812095406, 0.0, 792.1125740759628], [0.0, 1256.7414812095406, 492.7757465151356], [0.0, 0.0, 1.0]], [[809.2209905677063, 0.0, 829.2196003259838], [0.0, 809.2209905677063, 481.77842384512485], [0.0, 0.0, 1.0]], [[1259.5137405846733, 0.0, 807.2529053838625], [0.0, 1259.5137405846733, 501.19579884916527], [0.0, 0.0, 1.0]]], "extrinsics": [[[0.8241831660270691, -0.5661225914955139, 0.015077872201800346, -0.72265625], [0.03190077841281891, 0.019827604293823242, -0.9992943406105042, 1.5175704956054688], [0.5654240250587463, 0.8240825533866882, 0.03440132737159729, -1.11572265625], [0.0, 0.0, 0.0, 1.0]], [[0.011170845478773117, -0.99981689453125, -0.015536341816186905, 0.00927734375], [0.026626648381352425, 0.01582922600209713, -0.9995201230049133, 1.5269241333007812], [0.9995829463005066, 0.010751797817647457, 0.02679860219359398, -1.45147705078125], [0.0, 0.0, 0.0, 1.0]], [[-0.8297967910766602, -0.556232213973999, -0.04519849643111229, 0.8779296875], [0.032185107469558716, 0.03315722569823265, -0.9989317655563354, 1.5096435546875], [0.5571367144584656, -0.8303651213645935, -0.00961136631667614, -1.1435546875], [0.0, 0.0, 0.0, 1.0]], [[0.9470204710960388, 0.3186871111392975, 0.03988620266318321, -1.1383056640625], [0.04104025289416313, 0.0030953611712902784, -0.9991527199745178, 1.5887374877929688], [-0.3185405135154724, 0.9478548765182495, -0.010147631168365479, -0.10546875], [0.0, 0.0, 0.0, 1.0]], [[0.0007354607223533094, 0.9999154210090637, 0.01299085933715105, 0.002197265625], [0.01559533178806305, 0.012977813370525837, -0.9997941851615906, 1.5804557800292969], [-0.9998779892921448, 0.0009379214025102556, -0.015584468841552734, -0.06878662109375], [0.0, 0.0, 0.0, 1.0]], [[-0.935076892375946, 0.35270437598228455, -0.0350816436111927, 1.0089111328125], [0.048122502863407135, 0.02827092632651329, -0.9984412789344788, 1.5579833984375], [-0.35116297006607056, -0.9353076219558716, -0.04340851306915283, -0.110595703125], [0.0, 0.0, 0.0, 1.0]]], "view": [[0.0, -2.0, 100.0], [-2.0, 0.0, 100.0], [0.0, 0.0, 1.0]], "bev": "bev_f30c78ea5fc14dee81a07c7d9e0753f0.png", "aux": "aux_f30c78ea5fc14dee81a07c7d9e0753f0.npz", "visibility": "visibility_f30c78ea5fc14dee81a07c7d9e0753f0.png", "pose": [[0.8815965056419373, 0.4720037877559662, 0.0, 2396.813232421875], [-0.4720037877559662, 0.8815965056419373, 0.0, 2396.272705078125], [0.0, 0.0, 1.0, 0.0], [0.0, 0.0, 0.0, 1.0]], "pose_inverse": [[0.8815965056419373, -0.4720037877559662, 0.0, -981.9724731445312], [0.4720037877559662, 0.8815965056419373, 0.0, -3243.8505859375], [0.0, 0.0, 1.0, 0.0], [0.0, 0.0, 0.0, 1.0]], "cam_ids": [0, 1, 2, 3, 4, 5], "cam_channels": ["CAM_FRONT_LEFT", "CAM_FRONT", "CAM_FRONT_RIGHT", "CAM_BACK_LEFT", "CAM_BACK", "CAM_BACK_RIGHT"], "token": "f30c78ea5fc14dee81a07c7d9e0753f0", "scene": "scene-0417"}, {"images": ["samples/CAM_FRONT_LEFT/n015-2018-09-27-15-33-17+0800__CAM_FRONT_LEFT__1538033993254844.jpg", "samples/CAM_FRONT/n015-2018-09-27-15-33-17+0800__CAM_FRONT__1538033993262460.jpg", "samples/CAM_FRONT_RIGHT/n015-2018-09-27-15-33-17+0800__CAM_FRONT_RIGHT__1538033993270339.jpg", "samples/CAM_BACK_LEFT/n015-2018-09-27-15-33-17+0800__CAM_BACK_LEFT__1538033993297433.jpg", "samples/CAM_BACK/n015-2018-09-27-15-33-17+0800__CAM_BACK__1538033993287525.jpg", "samples/CAM_BACK_RIGHT/n015-2018-09-27-15-33-17+0800__CAM_BACK_RIGHT__1538033993277893.jpg"], "intrinsics": [[[1272.5979470598488, 0.0, 826.6154927353808], [0.0, 1272.5979470598488, 479.75165386361925], [0.0, 0.0, 1.0]], [[1266.417203046554, 0.0, 816.2670197447984], [0.0, 1266.417203046554, 491.50706579294757], [0.0, 0.0, 1.0]], [[1260.8474446004698, 0.0, 807.968244525554], [0.0, 1260.8474446004698, 495.3344268742088], [0.0, 0.0, 1.0]], [[1256.7414812095406, 0.0, 792.1125740759628], [0.0, 1256.7414812095406, 492.7757465151356], [0.0, 0.0, 1.0]], [[809.2209905677063, 0.0, 829.2196003259838], [0.0, 809.2209905677063, 481.77842384512485], [0.0, 0.0, 1.0]], [[1259.5137405846733, 0.0, 807.2529053838625], [0.0, 1259.5137405846733, 501.19579884916527], [0.0, 0.0, 1.0]]], "extrinsics": [[[0.822860836982727, -0.5681962370872498, 0.007277782075107098, -0.728515625], [0.01969124563038349, 0.015712320804595947, -0.999682605266571, 1.5138320922851562], [0.567901611328125, 0.8227429986000061, 0.024117548018693924, -1.1201171875], [0.0, 0.0, 0.0, 1.0]], [[0.008868222124874592, -0.9998939633369446, -0.011550924740731716, 0.009033203125], [0.014055874198675156, 0.011674884706735611, -0.9998331069946289, 1.5238075256347656], [0.9998618960380554, 0.008704442530870438, 0.014157919213175774, -1.45733642578125], [0.0, 0.0, 0.0, 1.0]], [[-0.8312281370162964, -0.5550019145011902, -0.03213360533118248, 0.881103515625], [0.019298920407891273, 0.028959060087800026, -0.9993942975997925, 1.5071182250976562], [0.5555962920188904, -0.8313448429107666, -0.013360649347305298, -1.14599609375], [0.0, 0.0, 0.0, 1.0]], [[0.9474749565124512, 0.3188306391239166, 0.025266312062740326, -1.137451171875], [0.02701469697058201, -0.0010622189147397876, -0.9996344447135925, 1.5886898040771484], [-0.31868723034858704, 0.9478110671043396, -0.009619536809623241, -0.10595703125], [0.0, 0.0, 0.0, 1.0]], [[0.0015002466971054673, 0.9999603033065796, 0.008787993341684341, 0.001953125], [0.001944641931913793, 0.008785068988800049, -0.9999595284461975, 1.5794849395751953], [-0.9999970197677612, 0.001517315860837698, -0.0019313839729875326, -0.0679931640625], [0.0, 0.0, 0.0, 1.0]], [[-0.935038685798645, 0.35372194647789, -0.024153567850589752, 1.011474609375], [0.034904491156339645, 0.024044834077358246, -0.9991013407707214, 1.556060791015625], [-0.35282328724861145, -0.9350414872169495, -0.034829333424568176, -0.109130859375], [0.0, 0.0, 0.0, 1.0]]], "view": [[0.0, -2.0, 100.0], [-2.0, 0.0, 100.0], [0.0, 0.0, 1.0]], "bev": "bev_7ce80999434d4b6986827cf690943044.png", "aux": "aux_7ce80999434d4b6986827cf690943044.npz", "visibility": "visibility_7ce80999434d4b6986827cf690943044.png", "pose": [[0.8518475890159607, 0.5237897038459778, 0.0, 2399.70263671875], [-0.5237897038459778, 0.8518475890159607, 0.0, 2394.577880859375], [0.0, 0.0, 1.0, 0.0], [0.0, 0.0, 0.0, 1.0]], "pose_inverse": [[0.8518475890159607, -0.5237897038459778, 0.0, -789.92578125], [0.5237897038459778, 0.8518475890159607, 0.0, -3296.7548828125], [0.0, 0.0, 1.0, 0.0], [0.0, 0.0, 0.0, 1.0]], "cam_ids": [0, 1, 2, 3, 4, 5], "cam_channels": ["CAM_FRONT_LEFT", "CAM_FRONT", "CAM_FRONT_RIGHT", "CAM_BACK_LEFT", "CAM_BACK", "CAM_BACK_RIGHT"], "token": "7ce80999434d4b6986827cf690943044", "scene": "scene-0417"}, {"images": ["samples/CAM_FRONT_LEFT/n015-2018-09-27-15-33-17+0800__CAM_FRONT_LEFT__1538033993754844.jpg", "samples/CAM_FRONT/n015-2018-09-27-15-33-17+0800__CAM_FRONT__1538033993762460.jpg", "samples/CAM_FRONT_RIGHT/n015-2018-09-27-15-33-17+0800__CAM_FRONT_RIGHT__1538033993770339.jpg", "samples/CAM_BACK_LEFT/n015-2018-09-27-15-33-17+0800__CAM_BACK_LEFT__1538033993797423.jpg", "samples/CAM_BACK/n015-2018-09-27-15-33-17+0800__CAM_BACK__1538033993787525.jpg", "samples/CAM_BACK_RIGHT/n015-2018-09-27-15-33-17+0800__CAM_BACK_RIGHT__1538033993777893.jpg"], "intrinsics": [[[1272.5979470598488, 0.0, 826.6154927353808], [0.0, 1272.5979470598488, 479.75165386361925], [0.0, 0.0, 1.0]], [[1266.417203046554, 0.0, 816.2670197447984], [0.0, 1266.417203046554, 491.50706579294757], [0.0, 0.0, 1.0]], [[1260.8474446004698, 0.0, 807.968244525554], [0.0, 1260.8474446004698, 495.3344268742088], [0.0, 0.0, 1.0]], [[1256.7414812095406, 0.0, 792.1125740759628], [0.0, 1256.7414812095406, 492.7757465151356], [0.0, 0.0, 1.0]], [[809.2209905677063, 0.0, 829.2196003259838], [0.0, 809.2209905677063, 481.77842384512485], [0.0, 0.0, 1.0]], [[1259.5137405846733, 0.0, 807.2529053838625], [0.0, 1259.5137405846733, 501.19579884916527], [0.0, 0.0, 1.0]]], "extrinsics": [[[0.8221036195755005, -0.5692493319511414, 0.01003936119377613, -0.750732421875], [0.01886974461376667, 0.009619290940463543, -0.9997756481170654, 1.5131454467773438], [0.5690250992774963, 0.8221086859703064, 0.018649643287062645, -1.133056640625], [0.0, 0.0, 0.0, 1.0]], [[0.007791868411004543, -0.9999558329582214, -0.005241773556917906, 0.0078125], [0.013699285686016083, 0.005348186008632183, -0.9998918771743774, 1.5234489440917969], [0.9998757243156433, 0.007719206158071756, 0.013740353286266327, -1.4794921875], [0.0, 0.0, 0.0, 1.0]], [[-0.8316656947135925, -0.5545415878295898, -0.028560398146510124, 0.89599609375], [0.019398944452404976, 0.0223868228495121, -0.9995611310005188, 1.5068283081054688], [0.5549376606941223, -0.8318548202514648, -0.007860830053687096, -1.15673828125], [0.0, 0.0, 0.0, 1.0]], [[0.9474679827690125, 0.31893637776374817, 0.024167079478502274, -1.143310546875], [0.028351135551929474, -0.008482255972921848, -0.9995620250701904, 1.5885286331176758], [-0.3185916543006897, 0.9477381706237793, -0.01707887463271618, -0.103759765625], [0.0, 0.0, 0.0, 1.0]], [[0.0018156864680349827, 0.9999969601631165, 0.0017025403212755919, 0.00244140625], [0.0028684884309768677, 0.0016973281744867563, -0.9999944567680359, 1.5795278549194336], [-0.9999942183494568, 0.0018205958185717463, -0.002865395974367857, -0.05743408203125], [0.0, 0.0, 0.0, 1.0]], [[-0.9348289966583252, 0.35407087206840515, -0.026993807405233383, 1.025634765625], [0.03538178279995918, 0.017236720770597458, -0.9992251992225647, 1.5556259155273438], [-0.35333123803138733, -0.935059666633606, -0.028641045093536377, -0.104736328125], [0.0, 0.0, 0.0, 1.0]]], "view": [[0.0, -2.0, 100.0], [-2.0, 0.0, 100.0], [0.0, 0.0, 1.0]], "bev": "bev_cd18a9beb377464ebd7664167edb5bf5.png", "aux": "aux_cd18a9beb377464ebd7664167edb5bf5.npz", "visibility": "visibility_cd18a9beb377464ebd7664167edb5bf5.png", "pose": [[0.8374848961830139, 0.5464604496955872, 0.0, 2402.400146484375], [-0.5464604496955872, 0.8374848961830139, 0.0, 2392.846923828125], [0.0, 0.0, 1.0, 0.0], [0.0, 0.0, 0.0, 1.0]], "pose_inverse": [[0.8374848961830139, -0.5464604496955872, 0.0, -704.377685546875], [0.5464604496955872, 0.8374848961830139, 0.0, -3316.789794921875], [0.0, 0.0, 1.0, 0.0], [0.0, 0.0, 0.0, 1.0]], "cam_ids": [0, 1, 2, 3, 4, 5], "cam_channels": ["CAM_FRONT_LEFT", "CAM_FRONT", "CAM_FRONT_RIGHT", "CAM_BACK_LEFT", "CAM_BACK", "CAM_BACK_RIGHT"], "token": "cd18a9beb377464ebd7664167edb5bf5", "scene": "scene-0417"}, {"images": ["samples/CAM_FRONT_LEFT/n015-2018-09-27-15-33-17+0800__CAM_FRONT_LEFT__1538033994254844.jpg", "samples/CAM_FRONT/n015-2018-09-27-15-33-17+0800__CAM_FRONT__1538033994262461.jpg", "samples/CAM_FRONT_RIGHT/n015-2018-09-27-15-33-17+0800__CAM_FRONT_RIGHT__1538033994270339.jpg", "samples/CAM_BACK_LEFT/n015-2018-09-27-15-33-17+0800__CAM_BACK_LEFT__1538033994297423.jpg", "samples/CAM_BACK/n015-2018-09-27-15-33-17+0800__CAM_BACK__1538033994287525.jpg", "samples/CAM_BACK_RIGHT/n015-2018-09-27-15-33-17+0800__CAM_BACK_RIGHT__1538033994277893.jpg"], "intrinsics": [[[1272.5979470598488, 0.0, 826.6154927353808], [0.0, 1272.5979470598488, 479.75165386361925], [0.0, 0.0, 1.0]], [[1266.417203046554, 0.0, 816.2670197447984], [0.0, 1266.417203046554, 491.50706579294757], [0.0, 0.0, 1.0]], [[1260.8474446004698, 0.0, 807.968244525554], [0.0, 1260.8474446004698, 495.3344268742088], [0.0, 0.0, 1.0]], [[1256.7414812095406, 0.0, 792.1125740759628], [0.0, 1256.7414812095406, 492.7757465151356], [0.0, 0.0, 1.0]], [[809.2209905677063, 0.0, 829.2196003259838], [0.0, 809.2209905677063, 481.77842384512485], [0.0, 0.0, 1.0]], [[1259.5137405846733, 0.0, 807.2529053838625], [0.0, 1259.5137405846733, 501.19579884916527], [0.0, 0.0, 1.0]]], "extrinsics": [[[0.8224958777427673, -0.5685396194458008, 0.016222529113292694, -0.745361328125], [0.024078918620944023, 0.006309692282229662, -0.9996901154518127, 1.5146331787109375], [0.5682611465454102, 0.8226317167282104, 0.018879516050219536, -1.130615234375], [0.0, 0.0, 0.0, 1.0]], [[0.008498313836753368, -0.9999619126319885, -0.0019535506144165993, 0.0087890625], [0.018767433241009712, 0.0021127755753695965, -0.999821662902832, 1.524618148803711], [0.9997876882553101, 0.008460162207484245, 0.018784670159220695, -1.47467041015625], [0.0, 0.0, 0.0, 1.0]], [[-0.8312073945999146, -0.5551037192344666, -0.030889296904206276, 0.8935546875], [0.024317441508173943, 0.01920654997229576, -0.9995197057723999, 1.5077056884765625], [0.5554303526878357, -0.8315593600273132, -0.002465922152623534, -1.15380859375], [0.0, 0.0, 0.0, 1.0]], [[0.9473485946655273, 0.3190293312072754, 0.027402639389038086, -1.144287109375], [0.03285873681306839, -0.011731591075658798, -0.9993911385536194, 1.5885009765625], [-0.3185136914253235, 0.9476722478866577, -0.02159680798649788, -0.103759765625], [0.0, 0.0, 0.0, 1.0]], [[0.0015980502357706428, 0.9999976754188538, -0.0014368840493261814, 0.00146484375], [0.007520155515521765, -0.0014488636516034603, -0.9999706745147705, 1.5798112154006958], [-0.9999704360961914, 0.001587182399816811, -0.007522453088313341, -0.0584716796875], [0.0, 0.0, 0.0, 1.0]], [[-0.934833288192749, 0.35358694195747375, -0.0326048918068409, 1.02313232421875], [0.040176086127758026, 0.014091609045863152, -0.999093234539032, 1.5562820434570312], [-0.35280680656433105, -0.935295581817627, -0.02737904153764248, -0.10498046875], [0.0, 0.0, 0.0, 1.0]]], "view": [[0.0, -2.0, 100.0], [-2.0, 0.0, 100.0], [0.0, 0.0, 1.0]], "bev": "bev_00014584c6de4789a69b4717fa3c0d22.png", "aux": "aux_00014584c6de4789a69b4717fa3c0d22.npz", "visibility": "visibility_00014584c6de4789a69b4717fa3c0d22.png", "pose": [[0.8242712020874023, 0.5661951899528503, 0.0, 2404.98193359375], [-0.5661951899528503, 0.8242712020874023, 0.0, 2391.109375], [0.0, 0.0, 1.0, 0.0], [0.0, 0.0, 0.0, 1.0]], "pose_inverse": [[0.8242712020874023, -0.5661951899528503, 0.0, -628.522705078125], [0.5661951899528503, 0.8242712020874023, 0.0, -3332.61181640625], [0.0, 0.0, 1.0, 0.0], [0.0, 0.0, 0.0, 1.0]], "cam_ids": [0, 1, 2, 3, 4, 5], "cam_channels": ["CAM_FRONT_LEFT", "CAM_FRONT", "CAM_FRONT_RIGHT", "CAM_BACK_LEFT", "CAM_BACK", "CAM_BACK_RIGHT"], "token": "00014584c6de4789a69b4717fa3c0d22", "scene": "scene-0417"}, {"images": ["samples/CAM_FRONT_LEFT/n015-2018-09-27-15-33-17+0800__CAM_FRONT_LEFT__1538033994754844.jpg", "samples/CAM_FRONT/n015-2018-09-27-15-33-17+0800__CAM_FRONT__1538033994762460.jpg", "samples/CAM_FRONT_RIGHT/n015-2018-09-27-15-33-17+0800__CAM_FRONT_RIGHT__1538033994770339.jpg", "samples/CAM_BACK_LEFT/n015-2018-09-27-15-33-17+0800__CAM_BACK_LEFT__1538033994797423.jpg", "samples/CAM_BACK/n015-2018-09-27-15-33-17+0800__CAM_BACK__1538033994787525.jpg", "samples/CAM_BACK_RIGHT/n015-2018-09-27-15-33-17+0800__CAM_BACK_RIGHT__1538033994777893.jpg"], "intrinsics": [[[1272.5979470598488, 0.0, 826.6154927353808], [0.0, 1272.5979470598488, 479.75165386361925], [0.0, 0.0, 1.0]], [[1266.417203046554, 0.0, 816.2670197447984], [0.0, 1266.417203046554, 491.50706579294757], [0.0, 0.0, 1.0]], [[1260.8474446004698, 0.0, 807.968244525554], [0.0, 1260.8474446004698, 495.3344268742088], [0.0, 0.0, 1.0]], [[1256.7414812095406, 0.0, 792.1125740759628], [0.0, 1256.7414812095406, 492.7757465151356], [0.0, 0.0, 1.0]], [[809.2209905677063, 0.0, 829.2196003259838], [0.0, 809.2209905677063, 481.77842384512485], [0.0, 0.0, 1.0]], [[1259.5137405846733, 0.0, 807.2529053838625], [0.0, 1259.5137405846733, 501.19579884916527], [0.0, 0.0, 1.0]]], "extrinsics": [[[0.8222907185554504, -0.5689994096755981, 0.008815024048089981, -0.7576904296875], [0.016004184260964394, 0.007638765033334494, -0.9998427033424377, 1.5122528076171875], [0.5688425898551941, 0.8223024606704712, 0.015387656167149544, -1.138916015625], [0.0, 0.0, 0.0, 1.0]], [[0.007990039885044098, -0.999962329864502, -0.0033685306552797556, 0.00830078125], [0.01084719505161047, 0.0034551117569208145, -0.9999352693557739, 1.5227651596069336], [0.9999092221260071, 0.007952999323606491, 0.010874391533434391, -1.48590087890625], [0.0, 0.0, 0.0, 1.0]], [[-0.831665575504303, -0.5547047853469849, -0.02519722655415535, 0.900146484375], [0.016592375934123993, 0.02053188718855381, -0.9996514916419983, 1.5062713623046875], [0.5550288558006287, -0.8317938446998596, -0.007871793583035469, -1.158935546875], [0.0, 0.0, 0.0, 1.0]], [[0.9475232362747192, 0.3189796805381775, 0.021255455911159515, -1.141357421875], [0.025954589247703552, -0.010487975552678108, -0.9996080994606018, 1.5885791778564453], [-0.31863167881965637, 0.9477035999298096, -0.018216585740447044, -0.103759765625], [0.0, 0.0, 0.0, 1.0]], [[0.001775063225068152, 0.9999984502792358, -0.00024342253163922578, 0.00244140625], [0.0002582564775366336, -0.00024388093152083457, -0.9999999403953552, 1.5793722867965698], [-0.9999983906745911, 0.001774934004060924, -0.0002586898917797953, -0.0572509765625], [0.0, 0.0, 0.0, 1.0]], [[-0.9349281787872314, 0.35394787788391113, -0.025105034932494164, 1.02752685546875], [0.03265181556344032, 0.015365018509328365, -0.9993487000465393, 1.5552215576171875], [-0.353331595659256, -0.9351389408111572, -0.025922229513525963, -0.103515625], [0.0, 0.0, 0.0, 1.0]]], "view": [[0.0, -2.0, 100.0], [-2.0, 0.0, 100.0], [0.0, 0.0, 1.0]], "bev": "bev_91ba6bd3329a4e2d8c3772d906670663.png", "aux": "aux_91ba6bd3329a4e2d8c3772d906670663.npz", "visibility": "visibility_91ba6bd3329a4e2d8c3772d906670663.png", "pose": [[0.8085376620292664, 0.5884444713592529, 0.0, 2407.45458984375], [-0.5884444713592529, 0.8085376620292664, 0.0, 2389.3408203125], [0.0, 0.0, 1.0, 0.0], [0.0, 0.0, 0.0, 1.0]], "pose_inverse": [[0.8085376620292664, -0.5884444713592529, 0.0, -540.5233154296875], [0.5884444713592529, 0.8085376620292664, 0.0, -3348.525390625], [0.0, 0.0, 1.0, 0.0], [0.0, 0.0, 0.0, 1.0]], "cam_ids": [0, 1, 2, 3, 4, 5], "cam_channels": ["CAM_FRONT_LEFT", "CAM_FRONT", "CAM_FRONT_RIGHT", "CAM_BACK_LEFT", "CAM_BACK", "CAM_BACK_RIGHT"], "token": "91ba6bd3329a4e2d8c3772d906670663", "scene": "scene-0417"}, {"images": ["samples/CAM_FRONT_LEFT/n015-2018-09-27-15-33-17+0800__CAM_FRONT_LEFT__1538033995254844.jpg", "samples/CAM_FRONT/n015-2018-09-27-15-33-17+0800__CAM_FRONT__1538033995262460.jpg", "samples/CAM_FRONT_RIGHT/n015-2018-09-27-15-33-17+0800__CAM_FRONT_RIGHT__1538033995270339.jpg", "samples/CAM_BACK_LEFT/n015-2018-09-27-15-33-17+0800__CAM_BACK_LEFT__1538033995297423.jpg", "samples/CAM_BACK/n015-2018-09-27-15-33-17+0800__CAM_BACK__1538033995287525.jpg", "samples/CAM_BACK_RIGHT/n015-2018-09-27-15-33-17+0800__CAM_BACK_RIGHT__1538033995277893.jpg"], "intrinsics": [[[1272.5979470598488, 0.0, 826.6154927353808], [0.0, 1272.5979470598488, 479.75165386361925], [0.0, 0.0, 1.0]], [[1266.417203046554, 0.0, 816.2670197447984], [0.0, 1266.417203046554, 491.50706579294757], [0.0, 0.0, 1.0]], [[1260.8474446004698, 0.0, 807.968244525554], [0.0, 1260.8474446004698, 495.3344268742088], [0.0, 0.0, 1.0]], [[1256.7414812095406, 0.0, 792.1125740759628], [0.0, 1256.7414812095406, 492.7757465151356], [0.0, 0.0, 1.0]], [[809.2209905677063, 0.0, 829.2196003259838], [0.0, 809.2209905677063, 481.77842384512485], [0.0, 0.0, 1.0]], [[1259.5137405846733, 0.0, 807.2529053838625], [0.0, 1259.5137405846733, 501.19579884916527], [0.0, 0.0, 1.0]]], "extrinsics": [[[0.823348879814148, -0.5673861503601074, 0.013018814846873283, -0.7647705078125], [0.019131336361169815, 0.004821200855076313, -0.9998053312301636, 1.5128765106201172], [0.5672128796577454, 0.8234376907348633, 0.01482438575476408, -1.14404296875], [0.0, 0.0, 0.0, 1.0]], [[0.009702268056571484, -0.9999527335166931, -0.0004698379198089242, 0.008056640625], [0.01368717197328806, 0.0006026190822012722, -0.9999061822891235, 1.5232605934143066], [0.9998592138290405, 0.009694944135844707, 0.013692372478544712, -1.493011474609375], [0.0, 0.0, 0.0, 1.0]], [[-0.8307772874832153, -0.5560111999511719, -0.025701912119984627, 0.904052734375], [0.019079258665442467, 0.017702143639326096, -0.9996612071990967, 1.5065841674804688], [0.556277871131897, -0.8309862017631531, -0.0040982561185956, -1.161376953125], [0.0, 0.0, 0.0, 1.0]], [[0.9475005269050598, 0.3190191686153412, 0.021667512133717537, -1.142333984375], [0.02726207859814167, -0.013081448152661324, -0.9995427131652832, 1.5885581970214844], [-0.31858980655670166, 0.9476579427719116, -0.021091803908348083, -0.104248046875], [0.0, 0.0, 0.0, 1.0]], [[0.0011933102505281568, 0.9999948740005493, -0.0029520816169679165, 0.001953125], [0.0020425310358405113, -0.002954514930024743, -0.9999935626983643, 1.5794754028320312], [-0.9999971389770508, 0.0011872384930029511, -0.002046044683083892, -0.05474853515625], [0.0, 0.0, 0.0, 1.0]], [[-0.9352803826332092, 0.35278642177581787, -0.028144901618361473, 1.03118896484375], [0.03482547029852867, 0.012602494098246098, -0.9993139505386353, 1.555328369140625], [-0.35218966007232666, -0.9356189370155334, -0.02407282218337059, -0.101806640625], [0.0, 0.0, 0.0, 1.0]]], "view": [[0.0, -2.0, 100.0], [-2.0, 0.0, 100.0], [0.0, 0.0, 1.0]], "bev": "bev_571c4b84d9a74ddd8691c95a2bae5a38.png", "aux": "aux_571c4b84d9a74ddd8691c95a2bae5a38.npz", "visibility": "visibility_571c4b84d9a74ddd8691c95a2bae5a38.png", "pose": [[0.7835382223129272, 0.6213435530662537, 0.0, 2409.738037109375], [-0.6213435530662537, 0.7835382223129272, 0.0, 2387.58203125], [0.0, 0.0, 1.0, 0.0], [0.0, 0.0, 0.0, 1.0]], "pose_inverse": [[0.7835382223129272, -0.6213435530662537, 0.0, -404.6131896972656], [0.6213435530662537, 0.7835382223129272, 0.0, -3368.037109375], [0.0, 0.0, 1.0, 0.0], [0.0, 0.0, 0.0, 1.0]], "cam_ids": [0, 1, 2, 3, 4, 5], "cam_channels": ["CAM_FRONT_LEFT", "CAM_FRONT", "CAM_FRONT_RIGHT", "CAM_BACK_LEFT", "CAM_BACK", "CAM_BACK_RIGHT"], "token": "571c4b84d9a74ddd8691c95a2bae5a38", "scene": "scene-0417"}, {"images": ["samples/CAM_FRONT_LEFT/n015-2018-09-27-15-33-17+0800__CAM_FRONT_LEFT__1538033995754844.jpg", "samples/CAM_FRONT/n015-2018-09-27-15-33-17+0800__CAM_FRONT__1538033995762460.jpg", "samples/CAM_FRONT_RIGHT/n015-2018-09-27-15-33-17+0800__CAM_FRONT_RIGHT__1538033995770339.jpg", "samples/CAM_BACK_LEFT/n015-2018-09-27-15-33-17+0800__CAM_BACK_LEFT__1538033995797423.jpg", "samples/CAM_BACK/n015-2018-09-27-15-33-17+0800__CAM_BACK__1538033995787525.jpg", "samples/CAM_BACK_RIGHT/n015-2018-09-27-15-33-17+0800__CAM_BACK_RIGHT__1538033995777893.jpg"], "intrinsics": [[[1272.5979470598488, 0.0, 826.6154927353808], [0.0, 1272.5979470598488, 479.75165386361925], [0.0, 0.0, 1.0]], [[1266.417203046554, 0.0, 816.2670197447984], [0.0, 1266.417203046554, 491.50706579294757], [0.0, 0.0, 1.0]], [[1260.8474446004698, 0.0, 807.968244525554], [0.0, 1260.8474446004698, 495.3344268742088], [0.0, 0.0, 1.0]], [[1256.7414812095406, 0.0, 792.1125740759628], [0.0, 1256.7414812095406, 492.7757465151356], [0.0, 0.0, 1.0]], [[809.2209905677063, 0.0, 829.2196003259838], [0.0, 809.2209905677063, 481.77842384512485], [0.0, 0.0, 1.0]], [[1259.5137405846733, 0.0, 807.2529053838625], [0.0, 1259.5137405846733, 501.19579884916527], [0.0, 0.0, 1.0]]], "extrinsics": [[[0.8244593143463135, -0.5655909776687622, 0.019327420741319656, -0.76171875], [0.026649726554751396, 0.004687613807618618, -0.9996337890625, 1.5147781372070312], [0.5652932524681091, 0.824672520160675, 0.018937593325972557, -1.142822265625], [0.0, 0.0, 0.0, 1.0]], [[0.01136535219848156, -0.9999352693557739, -0.00035887715057469904, 0.009033203125], [0.021585915237665176, 0.0006041635060682893, -0.9997668266296387, 1.5248808860778809], [0.9997023344039917, 0.01135502103716135, 0.02159138396382332, -1.4905548095703125], [0.0, 0.0, 0.0, 1.0]], [[-0.8299102187156677, -0.5569431781768799, -0.0326070673763752, 0.90283203125], [0.02730080857872963, 0.01783396303653717, -0.9994681477546692, 1.5079002380371094], [0.5572285056114197, -0.8303591012954712, 0.0004044114029966295, -1.160888671875], [0.0, 0.0, 0.0, 1.0]], [[0.9472032189369202, 0.3191750645637512, 0.030549895018339157, -1.139892578125], [0.036426905542612076, -0.012458479963243008, -0.9992586374282837, 1.5886573791503906], [-0.31855788826942444, 0.9476138949394226, -0.023427274078130722, -0.104736328125], [0.0, 0.0, 0.0, 1.0]], [[0.0007532574236392975, 0.9999964237213135, -0.0025718852411955595, 0.00244140625], [0.010906798765063286, -0.0025799470022320747, -0.9999371767044067, 1.5800056457519531], [-0.9999402165412903, 0.0007251516217365861, -0.010908703319728374, -0.0569915771484375], [0.0, 0.0, 0.0, 1.0]], [[-0.9352702498435974, 0.35209402441978455, -0.03604693338274956, 1.02972412109375], [0.04333656653761864, 0.012841187417507172, -0.9989780187606812, 1.556365966796875], [-0.35127127170562744, -0.9358765482902527, -0.027268527075648308, -0.10302734375], [0.0, 0.0, 0.0, 1.0]]], "view": [[0.0, -2.0, 100.0], [-2.0, 0.0, 100.0], [0.0, 0.0, 1.0]], "bev": "bev_89442bbaaaf6493a89bafebd36b5eb68.png", "aux": "aux_89442bbaaaf6493a89bafebd36b5eb68.npz", "visibility": "visibility_89442bbaaaf6493a89bafebd36b5eb68.png", "pose": [[0.7407527565956116, 0.6717777252197266, 0.0, 2411.840087890625], [-0.6717777252197266, 0.7407527565956116, 0.0, 2385.760009765625], [0.0, 0.0, 1.0, 0.0], [0.0, 0.0, 0.0, 1.0]], "pose_inverse": [[0.7407527565956116, -0.6717777252197266, 0.0, -183.87669372558594], [0.6717777252197266, 0.7407527565956116, 0.0, -3387.478759765625], [0.0, 0.0, 1.0, 0.0], [0.0, 0.0, 0.0, 1.0]], "cam_ids": [0, 1, 2, 3, 4, 5], "cam_channels": ["CAM_FRONT_LEFT", "CAM_FRONT", "CAM_FRONT_RIGHT", "CAM_BACK_LEFT", "CAM_BACK", "CAM_BACK_RIGHT"], "token": "89442bbaaaf6493a89bafebd36b5eb68", "scene": "scene-0417"}, {"images": ["samples/CAM_FRONT_LEFT/n015-2018-09-27-15-33-17+0800__CAM_FRONT_LEFT__1538033996254844.jpg", "samples/CAM_FRONT/n015-2018-09-27-15-33-17+0800__CAM_FRONT__1538033996262460.jpg", "samples/CAM_FRONT_RIGHT/n015-2018-09-27-15-33-17+0800__CAM_FRONT_RIGHT__1538033996270339.jpg", "samples/CAM_BACK_LEFT/n015-2018-09-27-15-33-17+0800__CAM_BACK_LEFT__1538033996297423.jpg", "samples/CAM_BACK/n015-2018-09-27-15-33-17+0800__CAM_BACK__1538033996287525.jpg", "samples/CAM_BACK_RIGHT/n015-2018-09-27-15-33-17+0800__CAM_BACK_RIGHT__1538033996277893.jpg"], "intrinsics": [[[1272.5979470598488, 0.0, 826.6154927353808], [0.0, 1272.5979470598488, 479.75165386361925], [0.0, 0.0, 1.0]], [[1266.417203046554, 0.0, 816.2670197447984], [0.0, 1266.417203046554, 491.50706579294757], [0.0, 0.0, 1.0]], [[1260.8474446004698, 0.0, 807.968244525554], [0.0, 1260.8474446004698, 495.3344268742088], [0.0, 0.0, 1.0]], [[1256.7414812095406, 0.0, 792.1125740759628], [0.0, 1256.7414812095406, 492.7757465151356], [0.0, 0.0, 1.0]], [[809.2209905677063, 0.0, 829.2196003259838], [0.0, 809.2209905677063, 481.77842384512485], [0.0, 0.0, 1.0]], [[1259.5137405846733, 0.0, 807.2529053838625], [0.0, 1259.5137405846733, 501.19579884916527], [0.0, 0.0, 1.0]]], "extrinsics": [[[0.8247815370559692, -0.5651922225952148, 0.01712433621287346, -0.7562255859375], [0.03170738369226456, 0.015991253778338432, -0.9993692636489868, 1.5161857604980469], [0.5645619034767151, 0.8248042464256287, 0.031110059469938278, -1.140380859375], [0.0, 0.0, 0.0, 1.0]], [[0.012131262570619583, -0.9998540878295898, -0.01202276349067688, 0.009521484375], [0.026607567444443703, 0.012342176400125027, -0.9995697736740112, 1.5260391235351562], [0.9995723962783813, 0.011806140653789043, 0.026753412559628487, -1.4845161437988281], [0.0, 0.0, 0.0, 1.0]], [[-0.8293086886405945, -0.5570908188819885, -0.043553873896598816, 0.8983154296875], [0.03230509161949158, 0.030014177784323692, -0.9990272521972656, 1.5088577270507812], [0.5578560829162598, -0.8299090266227722, -0.006894147489219904, -1.15625], [0.0, 0.0, 0.0, 1.0]], [[0.9469219446182251, 0.3189982771873474, 0.03973417356610298, -1.1375732421875], [0.0415809191763401, 0.0010216401424258947, -0.9991346001625061, 1.5887681245803833], [-0.31876280903816223, 0.9477548003196716, -0.012296825647354126, -0.10595703125], [0.0, 0.0, 0.0, 1.0]], [[0.00024586552171967924, 0.9999452233314514, 0.010465077124536037, 0.001708984375], [0.016011683270335197, 0.010459798388183117, -0.9998170733451843, 1.580352783203125], [-0.9998717308044434, 0.00041335803689435124, -0.01600823365151882, -0.06116485595703125], [0.0, 0.0, 0.0, 1.0]], [[-0.9353213906288147, 0.35192593932151794, -0.036358997225761414, 1.024169921875], [0.04838132485747337, 0.025424214079976082, -0.9985052943229675, 1.5571746826171875], [-0.3504755198955536, -0.9356825351715088, -0.04080645740032196, -0.10400390625], [0.0, 0.0, 0.0, 1.0]]], "view": [[0.0, -2.0, 100.0], [-2.0, 0.0, 100.0], [0.0, 0.0, 1.0]], "bev": "bev_72ee50be13934e9599bddc8c23a42b6a.png", "aux": "aux_72ee50be13934e9599bddc8c23a42b6a.npz", "visibility": "visibility_72ee50be13934e9599bddc8c23a42b6a.png", "pose": [[0.6856120228767395, 0.7279671430587769, 0.0, 2413.872802734375], [-0.7279671430587769, 0.6856120228767395, 0.0, 2383.732666015625], [0.0, 0.0, 1.0, 0.0], [0.0, 0.0, 0.0, 1.0]], "pose_inverse": [[0.6856120228767395, -0.7279671430587769, 0.0, 80.29888916015625], [0.7279671430587769, 0.6856120228767395, 0.0, -3391.535888671875], [0.0, 0.0, 1.0, 0.0], [0.0, 0.0, 0.0, 1.0]], "cam_ids": [0, 1, 2, 3, 4, 5], "cam_channels": ["CAM_FRONT_LEFT", "CAM_FRONT", "CAM_FRONT_RIGHT", "CAM_BACK_LEFT", "CAM_BACK", "CAM_BACK_RIGHT"], "token": "72ee50be13934e9599bddc8c23a42b6a", "scene": "scene-0417"}, {"images": ["samples/CAM_FRONT_LEFT/n015-2018-09-27-15-33-17+0800__CAM_FRONT_LEFT__1538033996754844.jpg", "samples/CAM_FRONT/n015-2018-09-27-15-33-17+0800__CAM_FRONT__1538033996762460.jpg", "samples/CAM_FRONT_RIGHT/n015-2018-09-27-15-33-17+0800__CAM_FRONT_RIGHT__1538033996770339.jpg", "samples/CAM_BACK_LEFT/n015-2018-09-27-15-33-17+0800__CAM_BACK_LEFT__1538033996797423.jpg", "samples/CAM_BACK/n015-2018-09-27-15-33-17+0800__CAM_BACK__1538033996787525.jpg", "samples/CAM_BACK_RIGHT/n015-2018-09-27-15-33-17+0800__CAM_BACK_RIGHT__1538033996777893.jpg"], "intrinsics": [[[1272.5979470598488, 0.0, 826.6154927353808], [0.0, 1272.5979470598488, 479.75165386361925], [0.0, 0.0, 1.0]], [[1266.417203046554, 0.0, 816.2670197447984], [0.0, 1266.417203046554, 491.50706579294757], [0.0, 0.0, 1.0]], [[1260.8474446004698, 0.0, 807.968244525554], [0.0, 1260.8474446004698, 495.3344268742088], [0.0, 0.0, 1.0]], [[1256.7414812095406, 0.0, 792.1125740759628], [0.0, 1256.7414812095406, 492.7757465151356], [0.0, 0.0, 1.0]], [[809.2209905677063, 0.0, 829.2196003259838], [0.0, 809.2209905677063, 481.77842384512485], [0.0, 0.0, 1.0]], [[1259.5137405846733, 0.0, 807.2529053838625], [0.0, 1259.5137405846733, 501.19579884916527], [0.0, 0.0, 1.0]]], "extrinsics": [[[0.8238125443458557, -0.5668622255325317, -0.00031433923868462443, -0.75390625], [0.024192703887820244, 0.03571290895342827, -0.9990692138671875, 1.5144119262695312], [0.5663458108901978, 0.8230381608009338, 0.043134670704603195, -1.135986328125], [0.0, 0.0, 0.0, 1.0]], [[0.010374749079346657, -0.9994401335716248, -0.03180928900837898, 0.0078125], [0.018969474360346794, 0.03200199455022812, -0.9993078112602234, 1.5244979858398438], [0.9997662305831909, 0.009764198213815689, 0.01929086446762085, -1.481475830078125], [0.0, 0.0, 0.0, 1.0]], [[-0.8304125666618347, -0.5550752282142639, -0.04802447557449341, 0.896728515625], [0.024589234963059425, 0.049599789083004, -0.998466432094574, 1.507659912109375], [0.5566060543060303, -0.8303200006484985, -0.027539413422346115, -1.157470703125], [0.0, 0.0, 0.0, 1.0]], [[0.947219729423523, 0.31828418374061584, 0.038342688232660294, -1.13812255859375], [0.03356810659170151, 0.020474376156926155, -0.9992266893386841, 1.5887031555175781], [-0.31882306933403015, 0.9477742910385132, 0.008709533140063286, -0.105224609375], [0.0, 0.0, 0.0, 1.0]], [[0.0009021699079312384, 0.9995479583740234, 0.030052784830331802, 0.0029296875], [0.008062557317316532, 0.030044548213481903, -0.9995160102844238, 1.5798568725585938], [-0.9999670386314392, 0.00114405935164541, -0.008031806908547878, -0.060821533203125], [0.0, 0.0, 0.0, 1.0]], [[-0.935192883014679, 0.35344967246055603, -0.02207944542169571, 1.024658203125], [0.04056378826498985, 0.04497402161359787, -0.9981642365455627, 1.5562744140625], [-0.3518078625202179, -0.934371829032898, -0.056396644562482834, -0.10546875], [0.0, 0.0, 0.0, 1.0]]], "view": [[0.0, -2.0, 100.0], [-2.0, 0.0, 100.0], [0.0, 0.0, 1.0]], "bev": "bev_96d26a0e436d4af29c7bca2b6cc183e3.png", "aux": "aux_96d26a0e436d4af29c7bca2b6cc183e3.npz", "visibility": "visibility_96d26a0e436d4af29c7bca2b6cc183e3.png", "pose": [[0.6317471265792847, 0.7751745581626892, 0.0, 2415.771484375], [-0.7751745581626892, 0.6317471265792847, 0.0, 2381.516357421875], [0.0, 0.0, 1.0, 0.0], [0.0, 0.0, 0.0, 1.0]], "pose_inverse": [[0.6317471265792847, -0.7751745581626892, 0.0, 319.9341735839844], [0.7751745581626892, 0.6317471265792847, 0.0, -3377.16064453125], [0.0, 0.0, 1.0, 0.0], [0.0, 0.0, 0.0, 1.0]], "cam_ids": [0, 1, 2, 3, 4, 5], "cam_channels": ["CAM_FRONT_LEFT", "CAM_FRONT", "CAM_FRONT_RIGHT", "CAM_BACK_LEFT", "CAM_BACK", "CAM_BACK_RIGHT"], "token": "96d26a0e436d4af29c7bca2b6cc183e3", "scene": "scene-0417"}, {"images": ["samples/CAM_FRONT_LEFT/n015-2018-09-27-15-33-17+0800__CAM_FRONT_LEFT__1538033997254844.jpg", "samples/CAM_FRONT/n015-2018-09-27-15-33-17+0800__CAM_FRONT__1538033997262460.jpg", "samples/CAM_FRONT_RIGHT/n015-2018-09-27-15-33-17+0800__CAM_FRONT_RIGHT__1538033997270339.jpg", "samples/CAM_BACK_LEFT/n015-2018-09-27-15-33-17+0800__CAM_BACK_LEFT__1538033997297423.jpg", "samples/CAM_BACK/n015-2018-09-27-15-33-17+0800__CAM_BACK__1538033997287525.jpg", "samples/CAM_BACK_RIGHT/n015-2018-09-27-15-33-17+0800__CAM_BACK_RIGHT__1538033997277893.jpg"], "intrinsics": [[[1272.5979470598488, 0.0, 826.6154927353808], [0.0, 1272.5979470598488, 479.75165386361925], [0.0, 0.0, 1.0]], [[1266.417203046554, 0.0, 816.2670197447984], [0.0, 1266.417203046554, 491.50706579294757], [0.0, 0.0, 1.0]], [[1260.8474446004698, 0.0, 807.968244525554], [0.0, 1260.8474446004698, 495.3344268742088], [0.0, 0.0, 1.0]], [[1256.7414812095406, 0.0, 792.1125740759628], [0.0, 1256.7414812095406, 492.7757465151356], [0.0, 0.0, 1.0]], [[809.2209905677063, 0.0, 829.2196003259838], [0.0, 809.2209905677063, 481.77842384512485], [0.0, 0.0, 1.0]], [[1259.5137405846733, 0.0, 807.2529053838625], [0.0, 1259.5137405846733, 501.19579884916527], [0.0, 0.0, 1.0]]], "extrinsics": [[[0.8226997256278992, -0.5683237314224243, -0.01316530629992485, -0.751220703125], [0.01649847812950611, 0.04701940342783928, -0.9987577199935913, 1.5124359130859375], [0.568236768245697, 0.821460485458374, 0.04805932566523552, -1.135009765625], [0.0, 0.0, 0.0, 1.0]], [[0.00860175583511591, -0.999038815498352, -0.042979832738637924, 0.009521484375], [0.01071951724588871, 0.04307108372449875, -0.9990145564079285, 1.5227508544921875], [0.9999054670333862, 0.008132553659379482, 0.011079702526330948, -1.478790283203125], [0.0, 0.0, 0.0, 1.0]], [[-0.8314106464385986, -0.5536980628967285, -0.04663288965821266, 0.89453125], [0.015824969857931137, 0.060294851660728455, -0.9980551600456238, 1.506195068359375], [0.5554329752922058, -0.8305317163467407, -0.04136752337217331, -1.155029296875], [0.0, 0.0, 0.0, 1.0]], [[0.9475891590118408, 0.3179524838924408, 0.03132157772779465, -1.13897705078125], [0.023213202133774757, 0.029259545728564262, -0.9993022680282593, 1.5886306762695312], [-0.3186471164226532, 0.9476550817489624, 0.020345330238342285, -0.104736328125], [0.0, 0.0, 0.0, 1.0]], [[0.0016073820879682899, 0.9992115497589111, 0.03967241942882538, 0.002685546875], [-0.0017805523239076138, 0.0396752692759037, -0.9992110133171082, 1.5792236328125], [-0.9999971389770508, 0.0015355064533650875, 0.0018429222982376814, -0.061553955078125], [0.0, 0.0, 0.0, 1.0]], [[-0.9350894689559937, 0.35427820682525635, -0.0097333500161767, 1.022216796875], [0.031304098665714264, 0.05520632490515709, -0.9979841113090515, 1.5551910400390625], [-0.3530266582965851, -0.933509111404419, -0.06271321326494217, -0.105712890625], [0.0, 0.0, 0.0, 1.0]]], "view": [[0.0, -2.0, 100.0], [-2.0, 0.0, 100.0], [0.0, 0.0, 1.0]], "bev": "bev_bbc65cb590c94137836c45043ab004f0.png", "aux": "aux_bbc65cb590c94137836c45043ab004f0.npz", "visibility": "visibility_bbc65cb590c94137836c45043ab004f0.png", "pose": [[0.6002650260925293, 0.7998011708259583, 0.0, 2417.6083984375], [-0.7998011708259583, 0.6002650260925293, 0.0, 2379.1396484375], [0.0, 0.0, 1.0, 0.0], [0.0, 0.0, 0.0, 1.0]], "pose_inverse": [[0.6002650260925293, -0.7998011708259583, 0.0, 451.6329650878906], [0.7998011708259583, 0.6002650260925293, 0.0, -3361.72021484375], [0.0, 0.0, 1.0, 0.0], [0.0, 0.0, 0.0, 1.0]], "cam_ids": [0, 1, 2, 3, 4, 5], "cam_channels": ["CAM_FRONT_LEFT", "CAM_FRONT", "CAM_FRONT_RIGHT", "CAM_BACK_LEFT", "CAM_BACK", "CAM_BACK_RIGHT"], "token": "bbc65cb590c94137836c45043ab004f0", "scene": "scene-0417"}, {"images": ["samples/CAM_FRONT_LEFT/n015-2018-09-27-15-33-17+0800__CAM_FRONT_LEFT__1538033997754844.jpg", "samples/CAM_FRONT/n015-2018-09-27-15-33-17+0800__CAM_FRONT__1538033997762460.jpg", "samples/CAM_FRONT_RIGHT/n015-2018-09-27-15-33-17+0800__CAM_FRONT_RIGHT__1538033997770339.jpg", "samples/CAM_BACK_LEFT/n015-2018-09-27-15-33-17+0800__CAM_BACK_LEFT__1538033997797423.jpg", "samples/CAM_BACK/n015-2018-09-27-15-33-17+0800__CAM_BACK__1538033997787525.jpg", "samples/CAM_BACK_RIGHT/n015-2018-09-27-15-33-17+0800__CAM_BACK_RIGHT__1538033997777893.jpg"], "intrinsics": [[[1272.5979470598488, 0.0, 826.6154927353808], [0.0, 1272.5979470598488, 479.75165386361925], [0.0, 0.0, 1.0]], [[1266.417203046554, 0.0, 816.2670197447984], [0.0, 1266.417203046554, 491.50706579294757], [0.0, 0.0, 1.0]], [[1260.8474446004698, 0.0, 807.968244525554], [0.0, 1260.8474446004698, 495.3344268742088], [0.0, 0.0, 1.0]], [[1256.7414812095406, 0.0, 792.1125740759628], [0.0, 1256.7414812095406, 492.7757465151356], [0.0, 0.0, 1.0]], [[809.2209905677063, 0.0, 829.2196003259838], [0.0, 809.2209905677063, 481.77842384512485], [0.0, 0.0, 1.0]], [[1259.5137405846733, 0.0, 807.2529053838625], [0.0, 1259.5137405846733, 501.19579884916527], [0.0, 0.0, 1.0]]], "extrinsics": [[[0.8201277256011963, -0.5719189047813416, -0.01729712449014187, -0.75537109375], [0.010192980989813805, 0.04482869803905487, -0.9989426732063293, 1.5107879638671875], [0.5720896124839783, 0.8190843462944031, 0.04259481653571129, -1.13525390625], [0.0, 0.0, 0.0, 1.0]], [[0.004791152663528919, -0.9991579055786133, -0.040749311447143555, 0.00732421875], [0.004997973795980215, 0.04077319800853729, -0.9991559386253357, 1.5215301513671875], [0.9999760985374451, 0.0045834374614059925, 0.005189117044210434, -1.4835205078125], [0.0, 0.0, 0.0, 1.0]], [[-0.8331722021102905, -0.5514948964118958, -0.040956590324640274, 0.8983154296875], [0.010740440338850021, 0.05790961533784866, -0.9982640147209167, 1.505340576171875], [0.552909255027771, -0.8321657776832581, -0.04232538491487503, -1.158935546875], [0.0, 0.0, 0.0, 1.0]], [[0.9476869702339172, 0.31803756952285767, 0.027230070903897285, -1.14276123046875], [0.019672008231282234, 0.026952793821692467, -0.9994431138038635, 1.5885467529296875], [-0.31859442591667175, 0.9476948976516724, 0.019286371767520905, -0.103515625], [0.0, 0.0, 0.0, 1.0]], [[0.0027657728642225266, 0.9992995262145996, 0.037321269512176514, 0.002685546875], [-0.005800866987556219, 0.037336818873882294, -0.9992859363555908, 1.5789947509765625], [-0.9999793171882629, 0.002547332551330328, 0.005900069605559111, -0.05670166015625], [0.0, 0.0, 0.0, 1.0]], [[-0.9344167709350586, 0.35612788796424866, -0.00