[{"images": ["samples/CAM_FRONT_LEFT/n008-2018-09-18-15-12-01-0400__CAM_FRONT_LEFT__1537298205654799.jpg", "samples/CAM_FRONT/n008-2018-09-18-15-12-01-0400__CAM_FRONT__1537298205662404.jpg", "samples/CAM_FRONT_RIGHT/n008-2018-09-18-15-12-01-0400__CAM_FRONT_RIGHT__1537298205670482.jpg", "samples/CAM_BACK_LEFT/n008-2018-09-18-15-12-01-0400__CAM_BACK_LEFT__1537298205697405.jpg", "samples/CAM_BACK/n008-2018-09-18-15-12-01-0400__CAM_BACK__1537298205687564.jpg", "samples/CAM_BACK_RIGHT/n008-2018-09-18-15-12-01-0400__CAM_BACK_RIGHT__1537298205678113.jpg"], "intrinsics": [[[1257.8625342125129, 0.0, 827.2410631095686], [0.0, 1257.8625342125129, 450.915498205774], [0.0, 0.0, 1.0]], [[1252.8131021185304, 0.0, 826.588114781398], [0.0, 1252.8131021185304, 469.9846626224581], [0.0, 0.0, 1.0]], [[1256.7485116440405, 0.0, 817.7887570959712], [0.0, 1256.7485116440403, 451.9541780095127], [0.0, 0.0, 1.0]], [[1254.9860565800168, 0.0, 829.5769333630991], [0.0, 1254.9860565800168, 467.1680561863987], [0.0, 0.0, 1.0]], [[796.8910634503094, 0.0, 857.7774326863696], [0.0, 796.8910634503094, 476.8848988407415], [0.0, 0.0, 1.0]], [[1249.9629280788233, 0.0, 825.3768045375984], [0.0, 1249.9629280788233, 462.54816385708756], [0.0, 0.0, 1.0]]], "extrinsics": [[[0.8233137130737305, -0.5673375725746155, -0.016813630238175392, -0.740966796875], [-0.006041646935045719, 0.020861469209194183, -0.999764084815979, 1.4863243103027344], [0.5675545334815979, 0.8232210874557495, 0.013747877441346645, -1.15362548828125], [0.0, 0.0, 0.0, 1.0]], [[0.011445763520896435, -0.999794602394104, -0.0167208444327116, 0.01019287109375], [-0.004152657464146614, 0.016674267128109932, -0.9998523592948914, 1.4790363311767578], [0.9999258518218994, 0.011513540521264076, -0.003960954025387764, -1.4698677062988281], [0.0, 0.0, 0.0, 1.0]], [[-0.8435434103012085, -0.5370088815689087, -0.007477853912860155, 0.916656494140625], [0.003820875659584999, 0.00792256835848093, -0.9999613165855408, 1.493852138519287], [0.5370473861694336, -0.8435394167900085, -0.004631187301129103, -1.1650390625], [0.0, 0.0, 0.0, 1.0]], [[0.9477429986000061, 0.31875404715538025, -0.013382495380938053, -1.12957763671875], [-0.021816793829202652, 0.02290453389286995, -0.9994996190071106, 1.5617122650146484], [-0.31828808784484863, 0.9475606679916382, 0.028661804273724556, -0.16094970703125], [0.0, 0.0, 0.0, 1.0]], [[0.008915957994759083, 0.9998436570167542, 0.015269792638719082, -0.02874755859375], [-0.01960747130215168, 0.015442268922924995, -0.999688446521759, 1.5663814544677734], [-0.9997680187225342, 0.00861379411071539, 0.0197420883923769, -0.040927886962890625], [0.0, 0.0, 0.0, 1.0]], [[-0.9239879846572876, 0.3822533190250397, 0.011345290578901768, 1.019134521484375], [-0.015259618870913982, -0.007209956180304289, -0.9998575448989868, 1.5454907417297363], [-0.3821169435977936, -0.9240294694900513, 0.01249495055526495, -0.10101318359375], [0.0, 0.0, 0.0, 1.0]]], "view": [[0.0, -2.0, 100.0], [-2.0, 0.0, 100.0], [0.0, 0.0, 1.0]], "bev": "bev_f8de6e9a14d34f2791c21a07ce5d47c5.png", "aux": "aux_f8de6e9a14d34f2791c21a07ce5d47c5.npz", "visibility": "visibility_f8de6e9a14d34f2791c21a07ce5d47c5.png", "pose": [[-0.8149433732032776, -0.5795406103134155, 0.0, 507.90057373046875], [0.5795406103134155, -0.8149433732032776, 0.0, 785.2736206054688], [0.0, 0.0, 1.0, 0.0], [0.0, 0.0, 0.0, 1.0]], "pose_inverse": [[-0.8149433732032776, 0.5795406103134155, 0.0, -41.18773651123047], [-0.5795406103134155, -0.8149433732032776, 0.0, 934.3025512695312], [0.0, 0.0, 1.0, 0.0], [0.0, 0.0, 0.0, 1.0]], "cam_ids": [0, 1, 2, 3, 4, 5], "cam_channels": ["CAM_FRONT_LEFT", "CAM_FRONT", "CAM_FRONT_RIGHT", "CAM_BACK_LEFT", "CAM_BACK", "CAM_BACK_RIGHT"], "token": "f8de6e9a14d34f2791c21a07ce5d47c5", "scene": "scene-0914"}, {"images": ["samples/CAM_FRONT_LEFT/n008-2018-09-18-15-12-01-0400__CAM_FRONT_LEFT__1537298206154799.jpg", "samples/CAM_FRONT/n008-2018-09-18-15-12-01-0400__CAM_FRONT__1537298206162404.jpg", "samples/CAM_FRONT_RIGHT/n008-2018-09-18-15-12-01-0400__CAM_FRONT_RIGHT__1537298206170482.jpg", "samples/CAM_BACK_LEFT/n008-2018-09-18-15-12-01-0400__CAM_BACK_LEFT__1537298206197405.jpg", "samples/CAM_BACK/n008-2018-09-18-15-12-01-0400__CAM_BACK__1537298206187558.jpg", "samples/CAM_BACK_RIGHT/n008-2018-09-18-15-12-01-0400__CAM_BACK_RIGHT__1537298206178113.jpg"], "intrinsics": [[[1257.8625342125129, 0.0, 827.2410631095686], [0.0, 1257.8625342125129, 450.915498205774], [0.0, 0.0, 1.0]], [[1252.8131021185304, 0.0, 826.588114781398], [0.0, 1252.8131021185304, 469.9846626224581], [0.0, 0.0, 1.0]], [[1256.7485116440405, 0.0, 817.7887570959712], [0.0, 1256.7485116440403, 451.9541780095127], [0.0, 0.0, 1.0]], [[1254.9860565800168, 0.0, 829.5769333630991], [0.0, 1254.9860565800168, 467.1680561863987], [0.0, 0.0, 1.0]], [[796.8910634503094, 0.0, 857.7774326863696], [0.0, 796.8910634503094, 476.8848988407415], [0.0, 0.0, 1.0]], [[1249.9629280788233, 0.0, 825.3768045375984], [0.0, 1249.9629280788233, 462.54816385708756], [0.0, 0.0, 1.0]]], "extrinsics": [[[0.8228238224983215, -0.5680246353149414, -0.017582347616553307, -0.73419189453125], [-0.007612977176904678, 0.019918520003557205, -0.9997726082801819, 1.4857616424560547], [0.5682456493377686, 0.8227705359458923, 0.012065071612596512, -1.14874267578125], [0.0, 0.0, 0.0, 1.0]], [[0.010794027708470821, -0.9998142719268799, -0.01596113294363022, 0.0101318359375], [-0.005765179637819529, 0.015899572521448135, -0.9998569488525391, 1.4785633087158203], [0.9999250173568726, 0.010884515941143036, -0.005592490080744028, -1.4619636535644531], [0.0, 0.0, 0.0, 1.0]], [[-0.8438140749931335, -0.5366050004959106, -0.005728245247155428, 0.910797119140625], [0.00210959417745471, 0.007357315625995398, -0.9999706745147705, 1.4935131072998047], [0.5366314649581909, -0.8438014984130859, -0.005076189525425434, -1.16143798828125], [0.0, 0.0, 0.0, 1.0]], [[0.9477100968360901, 0.3187626302242279, -0.015360346995294094, -1.126800537109375], [-0.024011949077248573, 0.02322917804121971, -0.9994417428970337, 1.5616111755371094], [-0.31822797656059265, 0.9475498795509338, 0.029668640345335007, -0.16192626953125], [0.0, 0.0, 0.0, 1.0]], [[0.009123618714511395, 0.9998427629470825, 0.015205085277557373, -0.0286865234375], [-0.021538199856877327, 0.015398681163787842, -0.9996494054794312, 1.5661191940307617], [-0.9997264742851257, 0.00879290048032999, 0.02167530730366707, -0.045475006103515625], [0.0, 0.0, 0.0, 1.0]], [[-0.9238320589065552, 0.3825797140598297, 0.01292529795318842, 1.0137939453125], [-0.017113439738750458, -0.007545898202806711, -0.9998250603675842, 1.5451064109802246], [-0.38241520524024963, -0.9238916039466858, 0.013518397696316242, -0.1033935546875], [0.0, 0.0, 0.0, 1.0]]], "view": [[0.0, -2.0, 100.0], [-2.0, 0.0, 100.0], [0.0, 0.0, 1.0]], "bev": "bev_eaddf0d5cd0747c2846a43776b2fb9f3.png", "aux": "aux_eaddf0d5cd0747c2846a43776b2fb9f3.npz", "visibility": "visibility_eaddf0d5cd0747c2846a43776b2fb9f3.png", "pose": [[-0.808242917060852, -0.5888491868972778, 0.0, 505.0223388671875], [0.5888491868972778, -0.808242917060852, 0.0, 787.3775634765625], [0.0, 0.0, 1.0, 0.0], [0.0, 0.0, 0.0, 1.0]], "pose_inverse": [[-0.808242917060852, 0.5888491868972778, 0.0, -55.465885162353516], [-0.5888491868972778, -0.808242917060852, 0.0, 933.7743530273438], [0.0, 0.0, 1.0, 0.0], [0.0, 0.0, 0.0, 1.0]], "cam_ids": [0, 1, 2, 3, 4, 5], "cam_channels": ["CAM_FRONT_LEFT", "CAM_FRONT", "CAM_FRONT_RIGHT", "CAM_BACK_LEFT", "CAM_BACK", "CAM_BACK_RIGHT"], "token": "eaddf0d5cd0747c2846a43776b2fb9f3", "scene": "scene-0914"}, {"images": ["samples/CAM_FRONT_LEFT/n008-2018-09-18-15-12-01-0400__CAM_FRONT_LEFT__1537298206654799.jpg", "samples/CAM_FRONT/n008-2018-09-18-15-12-01-0400__CAM_FRONT__1537298206662404.jpg", "samples/CAM_FRONT_RIGHT/n008-2018-09-18-15-12-01-0400__CAM_FRONT_RIGHT__1537298206670482.jpg", "samples/CAM_BACK_LEFT/n008-2018-09-18-15-12-01-0400__CAM_BACK_LEFT__1537298206697405.jpg", "samples/CAM_BACK/n008-2018-09-18-15-12-01-0400__CAM_BACK__1537298206687558.jpg", "samples/CAM_BACK_RIGHT/n008-2018-09-18-15-12-01-0400__CAM_BACK_RIGHT__1537298206678113.jpg"], "intrinsics": [[[1257.8625342125129, 0.0, 827.2410631095686], [0.0, 1257.8625342125129, 450.915498205774], [0.0, 0.0, 1.0]], [[1252.8131021185304, 0.0, 826.588114781398], [0.0, 1252.8131021185304, 469.9846626224581], [0.0, 0.0, 1.0]], [[1256.7485116440405, 0.0, 817.7887570959712], [0.0, 1256.7485116440403, 451.9541780095127], [0.0, 0.0, 1.0]], [[1254.9860565800168, 0.0, 829.5769333630991], [0.0, 1254.9860565800168, 467.1680561863987], [0.0, 0.0, 1.0]], [[796.8910634503094, 0.0, 857.7774326863696], [0.0, 796.8910634503094, 476.8848988407415], [0.0, 0.0, 1.0]], [[1249.9629280788233, 0.0, 825.3768045375984], [0.0, 1249.9629280788233, 462.54816385708756], [0.0, 0.0, 1.0]]], "extrinsics": [[[0.8229000568389893, -0.5678836703300476, -0.01853976771235466, -0.74493408203125], [-0.0008393662283197045, 0.0314147025346756, -0.9995061159133911, 1.4879703521728516], [0.568185567855835, 0.8225091695785522, 0.02537449635565281, -1.1561279296875], [0.0, 0.0, 0.0, 1.0]], [[0.01074482686817646, -0.9995600581169128, -0.02764325961470604, 0.00958251953125], [0.0013660162221640348, 0.027659501880407333, -0.9996164441108704, 1.4804821014404297], [0.9999412298202515, 0.01070291455835104, 0.001662612659856677, -1.4734420776367188], [0.0, 0.0, 0.0, 1.0]], [[-0.843838632106781, -0.5362780094146729, -0.018500354140996933, 0.91845703125], [0.009662702679634094, 0.019285311922430992, -0.9997673034667969, 1.4950294494628906], [0.5365100502967834, -0.8438210487365723, -0.011091799475252628, -1.166748046875], [0.0, 0.0, 0.0, 1.0]], [[0.9478605389595032, 0.3186715841293335, -0.0029736082069575787, -1.128204345703125], [-0.014956780709326267, 0.03516318276524544, -0.9992696046829224, 1.5617904663085938], [-0.31833428144454956, 0.9472126960754395, 0.038096096366643906, -0.1614990234375], [0.0, 0.0, 0.0, 1.0]], [[0.009159449487924576, 0.9995854496955872, 0.027297409251332283, -0.02850341796875], [-0.01310078427195549, 0.0274161659181118, -0.9995381832122803, 1.5669288635253906], [-0.9998722672462463, 0.008797550573945045, 0.013346469029784203, -0.04103851318359375], [0.0, 0.0, 0.0, 1.0]], [[-0.9238411784172058, 0.3826412260532379, 0.01014946773648262, 1.020477294921875], [-0.009141296148300171, 0.004452830646187067, -0.999948263168335, 1.5464239120483398], [-0.3826667070388794, -0.923886239528656, -0.0006158709875307977, -0.10089111328125], [0.0, 0.0, 0.0, 1.0]]], "view": [[0.0, -2.0, 100.0], [-2.0, 0.0, 100.0], [0.0, 0.0, 1.0]], "bev": "bev_507225f1a70e4f6d8d876cb1aaed73b7.png", "aux": "aux_507225f1a70e4f6d8d876cb1aaed73b7.npz", "visibility": "visibility_507225f1a70e4f6d8d876cb1aaed73b7.png", "pose": [[-0.8019890785217285, -0.5973386764526367, 0.0, 502.1974182128906], [0.5973386764526367, -0.8019890785217285, 0.0, 789.4942626953125], [0.0, 0.0, 1.0, 0.0], [0.0, 0.0, 0.0, 1.0]], "pose_inverse": [[-0.8019890785217285, 0.5973386764526367, 0.0, -68.83859252929688], [-0.5973386764526367, -0.8019890785217285, 0.0, 933.147705078125], [0.0, 0.0, 1.0, 0.0], [0.0, 0.0, 0.0, 1.0]], "cam_ids": [0, 1, 2, 3, 4, 5], "cam_channels": ["CAM_FRONT_LEFT", "CAM_FRONT", "CAM_FRONT_RIGHT", "CAM_BACK_LEFT", "CAM_BACK", "CAM_BACK_RIGHT"], "token": "507225f1a70e4f6d8d876cb1aaed73b7", "scene": "scene-0914"}, {"images": ["samples/CAM_FRONT_LEFT/n008-2018-09-18-15-12-01-0400__CAM_FRONT_LEFT__1537298207154799.jpg", "samples/CAM_FRONT/n008-2018-09-18-15-12-01-0400__CAM_FRONT__1537298207162404.jpg", "samples/CAM_FRONT_RIGHT/n008-2018-09-18-15-12-01-0400__CAM_FRONT_RIGHT__1537298207170484.jpg", "samples/CAM_BACK_LEFT/n008-2018-09-18-15-12-01-0400__CAM_BACK_LEFT__1537298207197405.jpg", "samples/CAM_BACK/n008-2018-09-18-15-12-01-0400__CAM_BACK__1537298207187558.jpg", "samples/CAM_BACK_RIGHT/n008-2018-09-18-15-12-01-0400__CAM_BACK_RIGHT__1537298207178113.jpg"], "intrinsics": [[[1257.8625342125129, 0.0, 827.2410631095686], [0.0, 1257.8625342125129, 450.915498205774], [0.0, 0.0, 1.0]], [[1252.8131021185304, 0.0, 826.588114781398], [0.0, 1252.8131021185304, 469.9846626224581], [0.0, 0.0, 1.0]], [[1256.7485116440405, 0.0, 817.7887570959712], [0.0, 1256.7485116440403, 451.9541780095127], [0.0, 0.0, 1.0]], [[1254.9860565800168, 0.0, 829.5769333630991], [0.0, 1254.9860565800168, 467.1680561863987], [0.0, 0.0, 1.0]], [[796.8910634503094, 0.0, 857.7774326863696], [0.0, 796.8910634503094, 476.8848988407415], [0.0, 0.0, 1.0]], [[1249.9629280788233, 0.0, 825.3768045375984], [0.0, 1249.9629280788233, 462.54816385708756], [0.0, 0.0, 1.0]]], "extrinsics": [[[0.8227578997612, -0.5683659911155701, -0.005441135261207819, -0.7391357421875], [0.014664805494248867, 0.030796270817518234, -0.9994180798530579, 1.4929084777832031], [0.5682028532028198, 0.822199285030365, 0.03367285057902336, -1.1534423828125], [0.0, 0.0, 0.0, 1.0]], [[0.010598341003060341, -0.9995957612991333, -0.02637987770140171, 0.0106201171875], [0.01700477860867977, 0.026557715609669685, -0.9995026588439941, 1.484649658203125], [0.9997993111610413, 0.010144556872546673, 0.01727937161922455, -1.4673690795898438], [0.0, 0.0, 0.0, 1.0]], [[-0.8437036871910095, -0.5359158515930176, -0.03095787577331066, 0.914306640625], [0.02542227879166603, 0.017715737223625183, -0.9995197653770447, 1.4983816146850586], [0.5362069606781006, -0.8440856337547302, -0.00132263102568686, -1.16314697265625], [0.0, 0.0, 0.0, 1.0]], [[0.9478313326835632, 0.31856870651245117, 0.011401742696762085, -1.1253814697265625], [0.0011676955036818981, 0.032297611236572266, -0.9994776248931885, 1.5620651245117188], [-0.3187705874443054, 0.9473493099212646, 0.03024069406092167, -0.1624755859375], [0.0, 0.0, 0.0, 1.0]], [[0.009001065976917744, 0.9996465444564819, 0.02501916140317917, -0.02886962890625], [0.0028565709944814444, 0.024994367733597755, -0.9996834993362427, 1.5682964324951172], [-0.9999555349349976, 0.009069634601473808, -0.002630583941936493, -0.04498291015625], [0.0, 0.0, 0.0, 1.0]], [[-0.9237340688705444, 0.3829985558986664, -0.005231100600212812, 1.015838623046875], [0.006695827469229698, 0.0024913824163377285, -0.9999744892120361, 1.5488544702529907], [-0.3829757273197174, -0.9237456321716309, -0.004865865223109722, -0.1021728515625], [0.0, 0.0, 0.0, 1.0]]], "view": [[0.0, -2.0, 100.0], [-2.0, 0.0, 100.0], [0.0, 0.0, 1.0]], "bev": "bev_599a18f58a534717bc1b52d1ddc49a8f.png", "aux": "aux_599a18f58a534717bc1b52d1ddc49a8f.npz", "visibility": "visibility_599a18f58a534717bc1b52d1ddc49a8f.png", "pose": [[-0.7985572814941406, -0.6019188761711121, 0.0, 499.39715576171875], [0.6019188761711121, -0.7985572814941406, 0.0, 791.6411743164062], [0.0, 0.0, 1.0, 0.0], [0.0, 0.0, 0.0, 1.0]], "pose_inverse": [[-0.7985572814941406, 0.6019188761711121, 0.0, -77.70653533935547], [-0.6019188761711121, -0.7985572814941406, 0.0, 932.7673950195312], [0.0, 0.0, 1.0, 0.0], [0.0, 0.0, 0.0, 1.0]], "cam_ids": [0, 1, 2, 3, 4, 5], "cam_channels": ["CAM_FRONT_LEFT", "CAM_FRONT", "CAM_FRONT_RIGHT", "CAM_BACK_LEFT", "CAM_BACK", "CAM_BACK_RIGHT"], "token": "599a18f58a534717bc1b52d1ddc49a8f", "scene": "scene-0914"}, {"images": ["samples/CAM_FRONT_LEFT/n008-2018-09-18-15-12-01-0400__CAM_FRONT_LEFT__1537298207604822.jpg", "samples/CAM_FRONT/n008-2018-09-18-15-12-01-0400__CAM_FRONT__1537298207612404.jpg", "samples/CAM_FRONT_RIGHT/n008-2018-09-18-15-12-01-0400__CAM_FRONT_RIGHT__1537298207620482.jpg", "samples/CAM_BACK_LEFT/n008-2018-09-18-15-12-01-0400__CAM_BACK_LEFT__1537298207647415.jpg", "samples/CAM_BACK/n008-2018-09-18-15-12-01-0400__CAM_BACK__1537298207637558.jpg", "samples/CAM_BACK_RIGHT/n008-2018-09-18-15-12-01-0400__CAM_BACK_RIGHT__1537298207628113.jpg"], "intrinsics": [[[1257.8625342125129, 0.0, 827.2410631095686], [0.0, 1257.8625342125129, 450.915498205774], [0.0, 0.0, 1.0]], [[1252.8131021185304, 0.0, 826.588114781398], [0.0, 1252.8131021185304, 469.9846626224581], [0.0, 0.0, 1.0]], [[1256.7485116440405, 0.0, 817.7887570959712], [0.0, 1256.7485116440403, 451.9541780095127], [0.0, 0.0, 1.0]], [[1254.9860565800168, 0.0, 829.5769333630991], [0.0, 1254.9860565800168, 467.1680561863987], [0.0, 0.0, 1.0]], [[796.8910634503094, 0.0, 857.7774326863696], [0.0, 796.8910634503094, 476.8848988407415], [0.0, 0.0, 1.0]], [[1249.9629280788233, 0.0, 825.3768045375984], [0.0, 1249.9629280788233, 462.54816385708756], [0.0, 0.0, 1.0]]], "extrinsics": [[[0.8206921219825745, -0.5713541507720947, 0.004352059680968523, -0.7344970703125], [0.02545538917183876, 0.028952639549970627, -0.9992566108703613, 1.4965476989746094], [0.5708034634590149, 0.820192813873291, 0.03830524533987045, -1.1488037109375], [0.0, 0.0, 0.0, 1.0]], [[0.007974841631948948, -0.9996634125709534, -0.024687975645065308, 0.01007080078125], [0.02715466544032097, 0.024896152317523956, -0.9993211627006531, 1.487518310546875], [0.9995995163917542, 0.007298995275050402, 0.02734406478703022, -1.461700439453125], [0.0, 0.0, 0.0, 1.0]], [[-0.8445385098457336, -0.5341318249702454, -0.038182687014341354, 0.91009521484375], [0.03489873930811882, 0.01625264249742031, -0.9992586374282837, 1.5005435943603516], [0.534356415271759, -0.8452450037002563, 0.004914541728794575, -1.160888671875], [0.0, 0.0, 0.0, 1.0]], [[0.9478043913841248, 0.3183385133743286, 0.018090171739459038, -1.124114990234375], [0.00859781727194786, 0.03119838796555996, -0.9994761943817139, 1.562215805053711], [-0.31873619556427, 0.9474635720252991, 0.026832954958081245, -0.16302490234375], [0.0, 0.0, 0.0, 1.0]], [[0.00972686242312193, 0.9996658563613892, 0.023950397968292236, -0.02886962890625], [0.011061645112931728, 0.023842494934797287, -0.9996544718742371, 1.5690593719482422], [-0.9998915195465088, 0.009988456033170223, -0.010826034471392632, -0.04770660400390625], [0.0, 0.0, 0.0, 1.0]], [[-0.9230399131774902, 0.3844526410102844, -0.013910810463130474, 1.0123291015625], [0.0155800711363554, 0.00122749840375036, -0.9998778700828552, 1.5503031015396118], [-0.38438865542411804, -0.9231438040733337, -0.007122827228158712, -0.1038818359375], [0.0, 0.0, 0.0, 1.0]]], "view": [[0.0, -2.0, 100.0], [-2.0, 0.0, 100.0], [0.0, 0.0, 1.0]], "bev": "bev_10e6d20748d4434986cfff5b74222781.png", "aux": "aux_10e6d20748d4434986cfff5b74222781.npz", "visibility": "visibility_10e6d20748d4434986cfff5b74222781.png", "pose": [[-0.810674250125885, -0.5854974389076233, 0.0, 496.7935791015625], [0.5854974389076233, -0.810674250125885, 0.0, 793.598876953125], [0.0, 0.0, 1.0, 0.0], [0.0, 0.0, 0.0, 1.0]], "pose_inverse": [[-0.810674250125885, 0.5854974389076233, 0.0, -61.91233825683594], [-0.5854974389076233, -0.810674250125885, 0.0, 934.2215576171875], [0.0, 0.0, 1.0, 0.0], [0.0, 0.0, 0.0, 1.0]], "cam_ids": [0, 1, 2, 3, 4, 5], "cam_channels": ["CAM_FRONT_LEFT", "CAM_FRONT", "CAM_FRONT_RIGHT", "CAM_BACK_LEFT", "CAM_BACK", "CAM_BACK_RIGHT"], "token": "10e6d20748d4434986cfff5b74222781", "scene": "scene-0914"}, {"images": ["samples/CAM_FRONT_LEFT/n008-2018-09-18-15-12-01-0400__CAM_FRONT_LEFT__1537298208104799.jpg", "samples/CAM_FRONT/n008-2018-09-18-15-12-01-0400__CAM_FRONT__1537298208112404.jpg", "samples/CAM_FRONT_RIGHT/n008-2018-09-18-15-12-01-0400__CAM_FRONT_RIGHT__1537298208120482.jpg", "samples/CAM_BACK_LEFT/n008-2018-09-18-15-12-01-0400__CAM_BACK_LEFT__1537298208147405.jpg", "samples/CAM_BACK/n008-2018-09-18-15-12-01-0400__CAM_BACK__1537298208137558.jpg", "samples/CAM_BACK_RIGHT/n008-2018-09-18-15-12-01-0400__CAM_BACK_RIGHT__1537298208128113.jpg"], "intrinsics": [[[1257.8625342125129, 0.0, 827.2410631095686], [0.0, 1257.8625342125129, 450.915498205774], [0.0, 0.0, 1.0]], [[1252.8131021185304, 0.0, 826.588114781398], [0.0, 1252.8131021185304, 469.9846626224581], [0.0, 0.0, 1.0]], [[1256.7485116440405, 0.0, 817.7887570959712], [0.0, 1256.7485116440403, 451.9541780095127], [0.0, 0.0, 1.0]], [[1254.9860565800168, 0.0, 829.5769333630991], [0.0, 1254.9860565800168, 467.1680561863987], [0.0, 0.0, 1.0]], [[796.8910634503094, 0.0, 857.7774326863696], [0.0, 796.8910634503094, 476.8848988407415], [0.0, 0.0, 1.0]], [[1249.9629280788233, 0.0, 825.3768045375984], [0.0, 1249.9629280788233, 462.54816385708756], [0.0, 0.0, 1.0]]], "extrinsics": [[[0.8196494579315186, -0.5728625059127808, 0.0018253609305247664, -0.7286376953125], [0.020130671560764313, 0.02561819553375244, -0.9994690418243408, 1.4949569702148438], [0.572511613368988, 0.8192510604858398, 0.0325300469994545, -1.14422607421875], [0.0, 0.0, 0.0, 1.0]], [[0.0061582657508552074, -0.9997512698173523, -0.021435799077153206, 0.0096435546875], [0.022073820233345032, 0.02156689204275608, -0.9995236992835999, 1.4862442016601562], [0.9997374415397644, 0.0056821927428245544, 0.022201143205165863, -1.4569358825683594], [0.0, 0.0, 0.0, 1.0]], [[-0.8455305099487305, -0.5329471826553345, -0.03233309090137482, 0.9078369140625], [0.03007345274090767, 0.012923873960971832, -0.9994641542434692, 1.4995861053466797], [0.5330795049667358, -0.8460498452186584, 0.005100030917674303, -1.1602783203125], [0.0, 0.0, 0.0, 1.0]], [[0.9479286074638367, 0.31820952892303467, 0.013190149329602718, -1.12481689453125], [0.004400978330522776, 0.028323829174041748, -0.9995890855789185, 1.5621223449707031], [-0.31845247745513916, 0.9475972056388855, 0.02544853277504444, -0.162841796875], [0.0, 0.0, 0.0, 1.0]], [[0.01052122749388218, 0.9997288584709167, 0.02077336050570011, -0.02874755859375], [0.006691067013889551, 0.02070365846157074, -0.9997632503509521, 1.5686588287353516], [-0.9999222755432129, 0.010657704435288906, -0.006471424363553524, -0.047641754150390625], [0.0, 0.0, 0.0, 1.0]], [[-0.9226304292678833, 0.38553282618522644, -0.010837961919605732, 1.011627197265625], [0.010889041237533092, -0.002051020273938775, -0.9999386072158813, 1.549567461013794], [-0.3855312466621399, -0.9226918816566467, -0.002305747242644429, -0.1044921875], [0.0, 0.0, 0.0, 1.0]]], "view": [[0.0, -2.0, 100.0], [-2.0, 0.0, 100.0], [0.0, 0.0, 1.0]], "bev": "bev_f9fe6f80b12f4bb2b7dc4d577444d0f9.png", "aux": "aux_f9fe6f80b12f4bb2b7dc4d577444d0f9.npz", "visibility": "visibility_f9fe6f80b12f4bb2b7dc4d577444d0f9.png", "pose": [[-0.8354828357696533, -0.5495165586471558, 0.0, 493.845703125], [0.5495165586471558, -0.8354828357696533, 0.0, 795.6813354492188], [0.0, 0.0, 1.0, 0.0], [0.0, 0.0, 0.0, 1.0]], "pose_inverse": [[-0.8354828357696533, 0.5495165586471558, 0.0, -24.640460968017578], [-0.5495165586471558, -0.8354828357696533, 0.0, 936.1544799804688], [0.0, 0.0, 1.0, 0.0], [0.0, 0.0, 0.0, 1.0]], "cam_ids": [0, 1, 2, 3, 4, 5], "cam_channels": ["CAM_FRONT_LEFT", "CAM_FRONT", "CAM_FRONT_RIGHT", "CAM_BACK_LEFT", "CAM_BACK", "CAM_BACK_RIGHT"], "token": "f9fe6f80b12f4bb2b7dc4d577444d0f9", "scene": "scene-0914"}, {"images": ["samples/CAM_FRONT_LEFT/n008-2018-09-18-15-12-01-0400__CAM_FRONT_LEFT__1537298208604809.jpg", "samples/CAM_FRONT/n008-2018-09-18-15-12-01-0400__CAM_FRONT__1537298208612404.jpg", "samples/CAM_FRONT_RIGHT/n008-2018-09-18-15-12-01-0400__CAM_FRONT_RIGHT__1537298208620482.jpg", "samples/CAM_BACK_LEFT/n008-2018-09-18-15-12-01-0400__CAM_BACK_LEFT__1537298208647405.jpg", "samples/CAM_BACK/n008-2018-09-18-15-12-01-0400__CAM_BACK__1537298208637558.jpg", "samples/CAM_BACK_RIGHT/n008-2018-09-18-15-12-01-0400__CAM_BACK_RIGHT__1537298208628113.jpg"], "intrinsics": [[[1257.8625342125129, 0.0, 827.2410631095686], [0.0, 1257.8625342125129, 450.915498205774], [0.0, 0.0, 1.0]], [[1252.8131021185304, 0.0, 826.588114781398], [0.0, 1252.8131021185304, 469.9846626224581], [0.0, 0.0, 1.0]], [[1256.7485116440405, 0.0, 817.7887570959712], [0.0, 1256.7485116440403, 451.9541780095127], [0.0, 0.0, 1.0]], [[1254.9860565800168, 0.0, 829.5769333630991], [0.0, 1254.9860565800168, 467.1680561863987], [0.0, 0.0, 1.0]], [[796.8910634503094, 0.0, 857.7774326863696], [0.0, 796.8910634503094, 476.8848988407415], [0.0, 0.0, 1.0]], [[1249.9629280788233, 0.0, 825.3768045375984], [0.0, 1249.9629280788233, 462.54816385708756], [0.0, 0.0, 1.0]]], "extrinsics": [[[0.8197627663612366, -0.5727031826972961, -0.0003183946537319571, -0.71575927734375], [0.01611640490591526, 0.023624617606401443, -0.9995909929275513, 1.4938697814941406], [0.5724765062332153, 0.8194223642349243, 0.02859649807214737, -1.1351318359375], [0.0, 0.0, 0.0, 1.0]], [[0.006337413564324379, -0.9997923970222473, -0.019362322986125946, 0.0098876953125], [0.017977090552449226, 0.019473489373922348, -0.9996487498283386, 1.4853572845458984], [0.9998182058334351, 0.005987042095512152, 0.018096769228577614, -1.4430217742919922], [0.0, 0.0, 0.0, 1.0]], [[-0.8454755544662476, -0.5332992672920227, -0.0276224035769701, 0.8980712890625], [0.025891978293657303, 0.010726658627390862, -0.9996071457862854, 1.4989824295043945], [0.5333861112594604, -0.845858633518219, 0.004739046562463045, -1.15350341796875], [0.0, 0.0, 0.0, 1.0]], [[0.9479739665985107, 0.3182358145713806, 0.008437681011855602, -1.121002197265625], [0.0002817822387441993, 0.025665799155831337, -0.9996705651283264, 1.562042236328125], [-0.3183475732803345, 0.9476640820503235, 0.02424083836376667, -0.16412353515625], [0.0, 0.0, 0.0, 1.0]], [[0.01045334804803133, 0.9997777938842773, 0.018307572230696678, -0.02886962890625], [0.002533438615500927, 0.018282033503055573, -0.9998295903205872, 1.5682945251464844], [-0.9999422430992126, 0.010497894138097763, -0.002341769402846694, -0.05461597442626953], [0.0, 0.0, 0.0, 1.0]], [[-0.9227807521820068, 0.3852442502975464, -0.007900274358689785, 1.0025634765625], [0.006751911714673042, -0.0043335785157978535, -0.9999678134918213, 1.548971176147461], [-0.38526609539985657, -0.9228044748306274, 0.0013978076167404652, -0.10797119140625], [0.0, 0.0, 0.0, 1.0]]], "view": [[0.0, -2.0, 100.0], [-2.0, 0.0, 100.0], [0.0, 0.0, 1.0]], "bev": "bev_ecb7bc8b12064ecd8a7e958c7172d46a.png", "aux": "aux_ecb7bc8b12064ecd8a7e958c7172d46a.npz", "visibility": "visibility_ecb7bc8b12064ecd8a7e958c7172d46a.png", "pose": [[-0.8619663119316101, -0.5069655179977417, 0.0, 490.6312255859375], [0.5069655179977417, -0.8619663119316101, 0.0, 797.7102661132812], [0.0, 0.0, 1.0, 0.0], [0.0, 0.0, 0.0, 1.0]], "pose_inverse": [[-0.8619663119316101, 0.5069655179977417, 0.0, 18.495988845825195], [-0.5069655179977417, -0.8619663119316101, 0.0, 936.33251953125], [0.0, 0.0, 1.0, 0.0], [0.0, 0.0, 0.0, 1.0]], "cam_ids": [0, 1, 2, 3, 4, 5], "cam_channels": ["CAM_FRONT_LEFT", "CAM_FRONT", "CAM_FRONT_RIGHT", "CAM_BACK_LEFT", "CAM_BACK", "CAM_BACK_RIGHT"], "token": "ecb7bc8b12064ecd8a7e958c7172d46a", "scene": "scene-0914"}, {"images": ["samples/CAM_FRONT_LEFT/n008-2018-09-18-15-12-01-0400__CAM_FRONT_LEFT__1537298209104799.jpg", "samples/CAM_FRONT/n008-2018-09-18-15-12-01-0400__CAM_FRONT__1537298209112404.jpg", "samples/CAM_FRONT_RIGHT/n008-2018-09-18-15-12-01-0400__CAM_FRONT_RIGHT__1537298209120482.jpg", "samples/CAM_BACK_LEFT/n008-2018-09-18-15-12-01-0400__CAM_BACK_LEFT__1537298209147405.jpg", "samples/CAM_BACK/n008-2018-09-18-15-12-01-0400__CAM_BACK__1537298209137558.jpg", "samples/CAM_BACK_RIGHT/n008-2018-09-18-15-12-01-0400__CAM_BACK_RIGHT__1537298209128113.jpg"], "intrinsics": [[[1257.8625342125129, 0.0, 827.2410631095686], [0.0, 1257.8625342125129, 450.915498205774], [0.0, 0.0, 1.0]], [[1252.8131021185304, 0.0, 826.588114781398], [0.0, 1252.8131021185304, 469.9846626224581], [0.0, 0.0, 1.0]], [[1256.7485116440405, 0.0, 817.7887570959712], [0.0, 1256.7485116440403, 451.9541780095127], [0.0, 0.0, 1.0]], [[1254.9860565800168, 0.0, 829.5769333630991], [0.0, 1254.9860565800168, 467.1680561863987], [0.0, 0.0, 1.0]], [[796.8910634503094, 0.0, 857.7774326863696], [0.0, 796.8910634503094, 476.8848988407415], [0.0, 0.0, 1.0]], [[1249.9629280788233, 0.0, 825.3768045375984], [0.0, 1249.9629280788233, 462.54816385708756], [0.0, 0.0, 1.0]]], "extrinsics": [[[0.8205869793891907, -0.5715214610099792, 0.0005413588369265199, -0.7288818359375], [0.01857156679034233, 0.025718191638588905, -0.9994966983795166, 1.494415283203125], [0.5712199211120605, 0.8201839923858643, 0.03171806037425995, -1.1451416015625], [0.0, 0.0, 0.0, 1.0]], [[0.007497359532862902, -0.9997379183769226, -0.021626170724630356, 0.01019287109375], [0.020463204011321068, 0.021775638684630394, -0.9995534420013428, 1.4858036041259766], [0.9997624754905701, 0.007051490712910891, 0.020621102303266525, -1.4563674926757812], [0.0, 0.0, 0.0, 1.0]], [[-0.8449984788894653, -0.5338636636734009, -0.031097212806344032, 0.906494140625], [0.028410715982317924, 0.013252283446490765, -0.9995084404945374, 1.4992704391479492], [0.5340133905410767, -0.845466673374176, 0.0039692893624305725, -1.15887451171875], [0.0, 0.0, 0.0, 1.0]], [[0.9479182958602905, 0.3182835578918457, 0.012104064226150513, -1.12261962890625], [0.0029930344317108393, 0.029099000617861748, -0.9995720982551575, 1.562103271484375], [-0.3184995949268341, 0.9475488662719727, 0.026630841195583344, -0.16351318359375], [0.0, 0.0, 0.0, 1.0]], [[0.010103771463036537, 0.999720573425293, 0.02136995829641819, -0.02880859375], [0.005131323356181383, 0.021318932995200157, -0.9997595548629761, 1.5685272216796875], [-0.9999357461929321, 0.010210996493697166, -0.004914488177746534, -0.049976348876953125], [0.0, 0.0, 0.0, 1.0]], [[-0.9229581952095032, 0.3847898542881012, -0.009208755567669868, 1.009429931640625], [0.00930178165435791, -0.0016195587813854218, -0.999955415725708, 1.5493329763412476], [-0.38478749990463257, -0.9230027794837952, -0.0020844456739723682, -0.10516357421875], [0.0, 0.0, 0.0, 1.0]]], "view": [[0.0, -2.0, 100.0], [-2.0, 0.0, 100.0], [0.0, 0.0, 1.0]], "bev": "bev_cb5658489f1a4e1a9af288f684be5b8e.png", "aux": "aux_cb5658489f1a4e1a9af288f684be5b8e.npz", "visibility": "visibility_cb5658489f1a4e1a9af288f684be5b8e.png", "pose": [[-0.8811919093132019, -0.4727587103843689, 0.0, 487.38037109375], [0.4727587103843689, -0.8811919093132019, 0.0, 799.5836181640625], [0.0, 0.0, 1.0, 0.0], [0.0, 0.0, 0.0, 1.0]], "pose_inverse": [[-0.8811919093132019, 0.4727587103843689, 0.0, 51.46551513671875], [-0.4727587103843689, -0.8811919093132019, 0.0, 934.9999389648438], [0.0, 0.0, 1.0, 0.0], [0.0, 0.0, 0.0, 1.0]], "cam_ids": [0, 1, 2, 3, 4, 5], "cam_channels": ["CAM_FRONT_LEFT", "CAM_FRONT", "CAM_FRONT_RIGHT", "CAM_BACK_LEFT", "CAM_BACK", "CAM_BACK_RIGHT"], "token": "cb5658489f1a4e1a9af288f684be5b8e", "scene": "scene-0914"}, {"images": ["samples/CAM_FRONT_LEFT/n008-2018-09-18-15-12-01-0400__CAM_FRONT_LEFT__1537298209604799.jpg", "samples/CAM_FRONT/n008-2018-09-18-15-12-01-0400__CAM_FRONT__1537298209612404.jpg", "samples/CAM_FRONT_RIGHT/n008-2018-09-18-15-12-01-0400__CAM_FRONT_RIGHT__1537298209620482.jpg", "samples/CAM_BACK_LEFT/n008-2018-09-18-15-12-01-0400__CAM_BACK_LEFT__1537298209647405.jpg", "samples/CAM_BACK/n008-2018-09-18-15-12-01-0400__CAM_BACK__1537298209637558.jpg", "samples/CAM_BACK_RIGHT/n008-2018-09-18-15-12-01-0400__CAM_BACK_RIGHT__1537298209628113.jpg"], "intrinsics": [[[1257.8625342125129, 0.0, 827.2410631095686], [0.0, 1257.8625342125129, 450.915498205774], [0.0, 0.0, 1.0]], [[1252.8131021185304, 0.0, 826.588114781398], [0.0, 1252.8131021185304, 469.9846626224581], [0.0, 0.0, 1.0]], [[1256.7485116440405, 0.0, 817.7887570959712], [0.0, 1256.7485116440403, 451.9541780095127], [0.0, 0.0, 1.0]], [[1254.9860565800168, 0.0, 829.5769333630991], [0.0, 1254.9860565800168, 467.1680561863987], [0.0, 0.0, 1.0]], [[796.8910634503094, 0.0, 857.7774326863696], [0.0, 796.8910634503094, 476.8848988407415], [0.0, 0.0, 1.0]], [[1249.9629280788233, 0.0, 825.3768045375984], [0.0, 1249.9629280788233, 462.54816385708756], [0.0, 0.0, 1.0]]], "extrinsics": [[[0.8208568096160889, -0.5711249113082886, -0.003234144300222397, -0.736053466796875], [0.017778979614377022, 0.031212184578180313, -0.9993546009063721, 1.493886947631836], [0.5708571672439575, 0.8202695846557617, 0.035774752497673035, -1.15277099609375], [0.0, 0.0, 0.0, 1.0]], [[0.00791168212890625, -0.999603807926178, -0.02700979821383953, 0.01171875], [0.019605951383709908, 0.027160517871379852, -0.9994388222694397, 1.4853172302246094], [0.9997764229774475, 0.007377728819847107, 0.019813070073723793, -1.4661026000976562], [0.0, 0.0, 0.0, 1.0]], [[-0.8448177576065063, -0.5340272188186646, -0.03313580900430679, 0.9149169921875], [0.027492115274071693, 0.018522972241044044, -0.9994503259658813, 1.498788833618164], [0.534347414970398, -0.8452643752098083, -0.0009669996798038483, -1.16265869140625], [0.0, 0.0, 0.0, 1.0]], [[0.9479050040245056, 0.31829726696014404, 0.012768248096108437, -1.127777099609375], [0.0019777417182922363, 0.034200865775346756, -0.999413013458252, 1.5620689392089844], [-0.3185471296310425, 0.9473738074302673, 0.03178966045379639, -0.1617431640625], [0.0, 0.0, 0.0, 1.0]], [[0.00992501713335514, 0.9995994567871094, 0.026502296328544617, -0.029296875], [0.0042298766784369946, 0.026461394503712654, -0.9996408820152283, 1.568399429321289], [-0.9999418258666992, 0.010033581405878067, -0.003965551964938641, -0.043243408203125], [0.0, 0.0, 0.0, 1.0]], [[-0.9230884313583374, 0.3845347762107849, -0.006373107433319092, 1.01666259765625], [0.008389418944716454, 0.003566216677427292, -0.9999583959579468, 1.5491044521331787], [-0.3844960927963257, -0.9231035709381104, -0.006517957430332899, -0.10125732421875], [0.0, 0.0, 0.0, 1.0]]], "view": [[0.0, -2.0, 100.0], [-2.0, 0.0, 100.0], [0.0, 0.0, 1.0]], "bev": "bev_72e0baaa98de4f688c57c7da3b7b102b.png", "aux": "aux_72e0baaa98de4f688c57c7da3b7b102b.npz", "visibility": "visibility_72e0baaa98de4f688c57c7da3b7b102b.png", "pose": [[-0.8961083889007568, -0.4438352584838867, 0.0, 484.1650390625], [0.4438352584838867, -0.8961083889007568, 0.0, 801.28955078125], [0.0, 0.0, 1.0, 0.0], [0.0, 0.0, 0.0, 1.0]], "pose_inverse": [[-0.8961083889007568, 0.4438352584838867, 0.0, 78.22379302978516], [-0.4438352584838867, -0.8961083889007568, 0.0, 932.9318237304688], [0.0, 0.0, 1.0, 0.0], [0.0, 0.0, 0.0, 1.0]], "cam_ids": [0, 1, 2, 3, 4, 5], "cam_channels": ["CAM_FRONT_LEFT", "CAM_FRONT", "CAM_FRONT_RIGHT", "CAM_BACK_LEFT", "CAM_BACK", "CAM_BACK_RIGHT"], "token": "72e0baaa98de4f688c57c7da3b7b102b", "scene": "scene-0914"}, {"images": ["samples/CAM_FRONT_LEFT/n008-2018-09-18-15-12-01-0400__CAM_FRONT_LEFT__1537298210004799.jpg", "samples/CAM_FRONT/n008-2018-09-18-15-12-01-0400__CAM_FRONT__1537298210012404.jpg", "samples/CAM_FRONT_RIGHT/n008-2018-09-18-15-12-01-0400__CAM_FRONT_RIGHT__1537298210020482.jpg", "samples/CAM_BACK_LEFT/n008-2018-09-18-15-12-01-0400__CAM_BACK_LEFT__1537298210047405.jpg", "samples/CAM_BACK/n008-2018-09-18-15-12-01-0400__CAM_BACK__1537298210037558.jpg", "samples/CAM_BACK_RIGHT/n008-2018-09-18-15-12-01-0400__CAM_BACK_RIGHT__1537298210028113.jpg"], "intrinsics": [[[1257.8625342125129, 0.0, 827.2410631095686], [0.0, 1257.8625342125129, 450.915498205774], [0.0, 0.0, 1.0]], [[1252.8131021185304, 0.0, 826.588114781398], [0.0, 1252.8131021185304, 469.9846626224581], [0.0, 0.0, 1.0]], [[1256.7485116440405, 0.0, 817.7887570959712], [0.0, 1256.7485116440403, 451.9541780095127], [0.0, 0.0, 1.0]], [[1254.9860565800168, 0.0, 829.5769333630991], [0.0, 1254.9860565800168, 467.1680561863987], [0.0, 0.0, 1.0]], [[796.8910634503094, 0.0, 857.7774326863696], [0.0, 796.8910634503094, 476.8848988407415], [0.0, 0.0, 1.0]], [[1249.9629280788233, 0.0, 825.3768045375984], [0.0, 1249.9629280788233, 462.54816385708756], [0.0, 0.0, 1.0]]], "extrinsics": [[[0.8205406665802002, -0.5713240504264832, -0.01737883687019348, -0.733489990234375], [0.003333313623443246, 0.03518686443567276, -0.9993751645088196, 1.4892005920410156], [0.5715785622596741, 0.8199700713157654, 0.030776649713516235, -1.1505126953125], [0.0, 0.0, 0.0, 1.0]], [[0.007290039211511612, -0.9994816780090332, -0.031357068568468094, 0.01165771484375], [0.005041566211730242, 0.031394243240356445, -0.9994943737983704, 1.4813995361328125], [0.9999606609344482, 0.007128201425075531, 0.005267817061394453, -1.4632034301757812], [0.0, 0.0, 0.0, 1.0]], [[-0.845281720161438, -0.5338206887245178, -0.023119637742638588, 0.9129638671875], [0.012796163558959961, 0.023032547906041145, -0.9996528029441833, 1.4957141876220703], [0.5341678261756897, -0.8452839851379395, -0.012638131156563759, -1.161376953125], [0.0, 0.0, 0.0, 1.0]], [[0.9479526281356812, 0.318411648273468, 7.790585368638858e-05, -1.128936767578125], [-0.01320694014430046, 0.03956322371959686, -0.9991297721862793, 1.5618209838867188], [-0.31813761591911316, 0.947126567363739, 0.041709303855895996, -0.161376953125], [0.0, 0.0, 0.0, 1.0]], [[0.010283846408128738, 0.9994499683380127, 0.03152699023485184, -0.02923583984375], [-0.010807390324771404, 0.031637903302907944, -0.9994409084320068, 1.5670738220214844], [-0.9998887181282043, 0.00993738416582346, 0.0111268050968647, -0.04335784912109375], [0.0, 0.0, 0.0, 1.0]], [[-0.9230647683143616, 0.38453710079193115, 0.009091436862945557, 1.0152587890625], [-0.006371750961989164, 0.008346131071448326, -0.9999448657035828, 1.5467948913574219], [-0.3845917880535126, -0.9230718016624451, -0.0052538467571139336, -0.10174560546875], [0.0, 0.0, 0.0, 1.0]]], "view": [[0.0, -2.0, 100.0], [-2.0, 0.0, 100.0], [0.0, 0.0, 1.0]], "bev": "bev_1424390fe04948cb9592b685f5626cf9.png", "aux": "aux_1424390fe04948cb9592b685f5626cf9.npz", "visibility": "visibility_1424390fe04948cb9592b685f5626cf9.png", "pose": [[-0.9084309935569763, -0.4180349111557007, 0.0, 481.5528564453125], [0.4180349111557007, -0.9084309935569763, 0.0, 802.5794677734375], [0.0, 0.0, 1.0, 0.0], [0.0, 0.0, 0.0, 1.0]], "pose_inverse": [[-0.9084309935569763, 0.4180349111557007, 0.0, 101.95130157470703], [-0.4180349111557007, -0.9084309935569763, 0.0, 930.3939208984375], [0.0, 0.0, 1.0, 0.0], [0.0, 0.0, 0.0, 1.0]], "cam_ids": [0, 1, 2, 3, 4, 5], "cam_channels": ["CAM_FRONT_LEFT", "CAM_FRONT", "CAM_FRONT_RIGHT", "CAM_BACK_LEFT", "CAM_BACK", "CAM_BACK_RIGHT"], "token": "1424390fe04948cb9592b685f5626cf9", "scene": "scene-0914"}, {"images": ["samples/CAM_FRONT_LEFT/n008-2018-09-18-15-12-01-0400__CAM_FRONT_LEFT__1537298210504799.jpg", "samples/CAM_FRONT/n008-2018-09-18-15-12-01-0400__CAM_FRONT__1537298210512404.jpg", "samples/CAM_FRONT_RIGHT/n008-2018-09-18-15-12-01-0400__CAM_FRONT_RIGHT__1537298210520482.jpg", "samples/CAM_BACK_LEFT/n008-2018-09-18-15-12-01-0400__CAM_BACK_LEFT__1537298210547405.jpg", "samples/CAM_BACK/n008-2018-09-18-15-12-01-0400__CAM_BACK__1537298210537558.jpg", "samples/CAM_BACK_RIGHT/n008-2018-09-18-15-12-01-0400__CAM_BACK_RIGHT__1537298210528113.jpg"], "intrinsics": [[[1257.8625342125129, 0.0, 827.2410631095686], [0.0, 1257.8625342125129, 450.915498205774], [0.0, 0.0, 1.0]], [[1252.8131021185304, 0.0, 826.588114781398], [0.0, 1252.8131021185304, 469.9846626224581], [0.0, 0.0, 1.0]], [[1256.7485116440405, 0.0, 817.7887570959712], [0.0, 1256.7485116440403, 451.9541780095127], [0.0, 0.0, 1.0]], [[1254.9860565800168, 0.0, 829.5769333630991], [0.0, 1254.9860565800168, 467.1680561863987], [0.0, 0.0, 1.0]], [[796.8910634503094, 0.0, 857.7774326863696], [0.0, 796.8910634503094, 476.8848988407415], [0.0, 0.0, 1.0]], [[1249.9629280788233, 0.0, 825.3768045375984], [0.0, 1249.9629280788233, 462.54816385708756], [0.0, 0.0, 1.0]]], "extrinsics": [[[0.8213075399398804, -0.5700712203979492, -0.021740935742855072, -0.7315673828125], [-0.007294036913663149, 0.027613075450062752, -0.9995920658111572, 1.4857597351074219], [0.5704390406608582, 0.8211311101913452, 0.01852070540189743, -1.14886474609375], [0.0, 0.0, 0.0, 1.0]], [[0.008550836704671383, -0.9996874332427979, -0.02349178120493889, 0.0115966796875], [-0.005928725004196167, 0.02344154566526413, -0.9997076392173767, 1.47845458984375], [0.9999458193778992, 0.008687610737979412, -0.005726426374167204, -1.461456298828125], [0.0, 0.0, 0.0, 1.0]], [[-0.844711422920227, -0.5351445078849792, -0.00910239014774561, 0.91217041015625], [0.0014715839643031359, 0.01468451414257288, -0.9998910427093506, 1.4933395385742188], [0.5352198481559753, -0.8446329236030579, -0.011616670526564121, -1.1607666015625], [0.0, 0.0, 0.0, 1.0]], [[0.9477493762969971, 0.3187108635902405, -0.013946451246738434, -1.13299560546875], [-0.024817952886223793, 0.03007539175450802, -0.999239444732666, 1.5617504119873047], [-0.31804901361465454, 0.9473747611045837, 0.03641368821263313, -0.15997314453125], [0.0, 0.0, 0.0, 1.0]], [[0.009813698939979076, 0.99970400