[{"images": ["samples/CAM_FRONT_LEFT/n015-2018-09-26-11-17-24+0800__CAM_FRONT_LEFT__1537932239354844.jpg", "samples/CAM_FRONT/n015-2018-09-26-11-17-24+0800__CAM_FRONT__1537932239362460.jpg", "samples/CAM_FRONT_RIGHT/n015-2018-09-26-11-17-24+0800__CAM_FRONT_RIGHT__1537932239370339.jpg", "samples/CAM_BACK_LEFT/n015-2018-09-26-11-17-24+0800__CAM_BACK_LEFT__1537932239397423.jpg", "samples/CAM_BACK/n015-2018-09-26-11-17-24+0800__CAM_BACK__1537932239387525.jpg", "samples/CAM_BACK_RIGHT/n015-2018-09-26-11-17-24+0800__CAM_BACK_RIGHT__1537932239377893.jpg"], "intrinsics": [[[1272.5979470598488, 0.0, 826.6154927353808], [0.0, 1272.5979470598488, 479.75165386361925], [0.0, 0.0, 1.0]], [[1266.417203046554, 0.0, 816.2670197447984], [0.0, 1266.417203046554, 491.50706579294757], [0.0, 0.0, 1.0]], [[1260.8474446004698, 0.0, 807.968244525554], [0.0, 1260.8474446004698, 495.3344268742088], [0.0, 0.0, 1.0]], [[1256.7414812095406, 0.0, 792.1125740759628], [0.0, 1256.7414812095406, 492.7757465151356], [0.0, 0.0, 1.0]], [[809.2209905677063, 0.0, 829.2196003259838], [0.0, 809.2209905677063, 481.77842384512485], [0.0, 0.0, 1.0]], [[1259.5137405846733, 0.0, 807.2529053838625], [0.0, 1259.5137405846733, 501.19579884916527], [0.0, 0.0, 1.0]]], "extrinsics": [[[0.820348858833313, -0.5710847973823547, -0.02983139641582966, -0.965087890625], [-0.05309942737221718, -0.024128541350364685, -0.9982976913452148, 1.5082473754882812], [0.5693928003311157, 0.8205364346504211, -0.0501180961728096, -1.2802257537841797], [0.0, 0.0, 0.0, 1.0]], [[0.007203053683042526, -0.9995869994163513, 0.027819104492664337, 0.00506591796875], [-0.05838000401854515, -0.028192736208438873, -0.9978962540626526, 1.520538330078125], [0.9982683658599854, 0.005563818383961916, -0.05855896696448326, -1.6922607421875], [0.0, 0.0, 0.0, 1.0]], [[-0.8314248919487, -0.5533808469772339, 0.05002279952168465, 1.03240966796875], [-0.052773501724004745, -0.01097413431853056, -0.9985461831092834, 1.5036468505859375], [0.5531253218650818, -0.8328559994697571, -0.020079677924513817, -1.2486572265625], [0.0, 0.0, 0.0, 1.0]], [[0.9461591839790344, 0.31899940967559814, -0.054973311722278595, -1.1419677734375], [-0.044070079922676086, -0.04130299761891365, -0.998174250125885, 1.5885562896728516], [-0.32068753242492676, 0.9468544721603394, -0.025020886212587357, -0.103759765625], [0.0, 0.0, 0.0, 1.0]], [[0.0007119101355783641, 0.9995061755180359, -0.03141702339053154, 0.0029296875], [-0.06946420669555664, -0.03129171207547188, -0.9970935583114624, 1.5793533325195312], [-0.9975841641426086, 0.002892192220315337, 0.0694076269865036, 0.0018310546875], [0.0, 0.0, 0.0, 1.0]], [[-0.9345719814300537, 0.35460302233695984, 0.028843004256486893, 1.13623046875], [-0.03689732775092125, -0.015971459448337555, -0.999191403388977, 1.5514488220214844], [-0.3538556396961212, -0.9348805546760559, 0.028010379523038864, -0.0635986328125], [0.0, 0.0, 0.0, 1.0]]], "view": [[0.0, -2.0, 100.0], [-2.0, 0.0, 100.0], [0.0, 0.0, 1.0]], "bev": "bev_ad29d877c88042e68b78eca3fda41b1e.png", "aux": "aux_ad29d877c88042e68b78eca3fda41b1e.npz", "visibility": "visibility_ad29d877c88042e68b78eca3fda41b1e.png", "pose": [[0.06368586421012878, 0.9979699850082397, 0.0, 908.7616577148438], [-0.9979699850082397, 0.06368586421012878, 0.0, 1566.47412109375], [0.0, 0.0, 1.0, 0.0], [0.0, 0.0, 0.0, 1.0]], "pose_inverse": [[0.06368586421012878, -0.9979699850082397, 0.0, 1505.4189453125], [0.9979699850082397, 0.06368586421012878, 0.0, -1006.6791381835938], [0.0, 0.0, 1.0, 0.0], [0.0, 0.0, 0.0, 1.0]], "cam_ids": [0, 1, 2, 3, 4, 5], "cam_channels": ["CAM_FRONT_LEFT", "CAM_FRONT", "CAM_FRONT_RIGHT", "CAM_BACK_LEFT", "CAM_BACK", "CAM_BACK_RIGHT"], "token": "ad29d877c88042e68b78eca3fda41b1e", "scene": "scene-0957"}, {"images": ["samples/CAM_FRONT_LEFT/n015-2018-09-26-11-17-24+0800__CAM_FRONT_LEFT__1537932239754844.jpg", "samples/CAM_FRONT/n015-2018-09-26-11-17-24+0800__CAM_FRONT__1537932239762460.jpg", "samples/CAM_FRONT_RIGHT/n015-2018-09-26-11-17-24+0800__CAM_FRONT_RIGHT__1537932239770339.jpg", "samples/CAM_BACK_LEFT/n015-2018-09-26-11-17-24+0800__CAM_BACK_LEFT__1537932239797423.jpg", "samples/CAM_BACK/n015-2018-09-26-11-17-24+0800__CAM_BACK__1537932239787525.jpg", "samples/CAM_BACK_RIGHT/n015-2018-09-26-11-17-24+0800__CAM_BACK_RIGHT__1537932239777893.jpg"], "intrinsics": [[[1272.5979470598488, 0.0, 826.6154927353808], [0.0, 1272.5979470598488, 479.75165386361925], [0.0, 0.0, 1.0]], [[1266.417203046554, 0.0, 816.2670197447984], [0.0, 1266.417203046554, 491.50706579294757], [0.0, 0.0, 1.0]], [[1260.8474446004698, 0.0, 807.968244525554], [0.0, 1260.8474446004698, 495.3344268742088], [0.0, 0.0, 1.0]], [[1256.7414812095406, 0.0, 792.1125740759628], [0.0, 1256.7414812095406, 492.7757465151356], [0.0, 0.0, 1.0]], [[809.2209905677063, 0.0, 829.2196003259838], [0.0, 809.2209905677063, 481.77842384512485], [0.0, 0.0, 1.0]], [[1259.5137405846733, 0.0, 807.2529053838625], [0.0, 1259.5137405846733, 501.19579884916527], [0.0, 0.0, 1.0]]], "extrinsics": [[[0.820367157459259, -0.5710619688034058, -0.02976631373167038, -0.9649658203125], [-0.05301058664917946, -0.024117082357406616, -0.998302698135376, 1.5082473754882812], [0.5693749189376831, 0.8205525875091553, -0.05005719140172005, -1.2803363800048828], [0.0, 0.0, 0.0, 1.0]], [[0.007224712986499071, -0.9995875358581543, 0.027795255184173584, 0.005126953125], [-0.05829085782170296, -0.028169699013233185, -0.9979021549224854, 1.5205345153808594], [0.998273491859436, 0.005589337088167667, -0.05847032740712166, -1.6922607421875], [0.0, 0.0, 0.0, 1.0]], [[-0.8314172029495239, -0.5533999800682068, 0.04993792995810509, 1.03216552734375], [-0.05268571898341179, -0.010953658260405064, -0.998551070690155, 1.5036468505859375], [0.5531451106071472, -0.8328436017036438, -0.020049216225743294, -1.2486572265625], [0.0, 0.0, 0.0, 1.0]], [[0.946164608001709, 0.31900283694267273, -0.054860346019268036, -1.1422119140625], [-0.04395400360226631, -0.04129357263445854, -0.9981797933578491, 1.5885543823242188], [-0.32068753242492676, 0.946853756904602, -0.02504906989634037, -0.1036376953125], [0.0, 0.0, 0.0, 1.0]], [[0.0007077779737301171, 0.9995065331459045, -0.031403880566358566, 0.0028076171875], [-0.06936179101467133, -0.03127918764948845, -0.9971011281013489, 1.5793533325195312], [-0.9975913166999817, 0.0028839532751590014, 0.0693054273724556, 0.001953125], [0.0, 0.0, 0.0, 1.0]], [[-0.9345805048942566, 0.3545871376991272, 0.028764350339770317, 1.13623046875], [-0.03680603578686714, -0.015953779220581055, -0.9991950988769531, 1.5514488220214844], [-0.3538428246974945, -0.9348868727684021, 0.027961034327745438, -0.06353759765625], [0.0, 0.0, 0.0, 1.0]]], "view": [[0.0, -2.0, 100.0], [-2.0, 0.0, 100.0], [0.0, 0.0, 1.0]], "bev": "bev_e89674b33b244a0c876bdc745ebc209f.png", "aux": "aux_e89674b33b244a0c876bdc745ebc209f.npz", "visibility": "visibility_e89674b33b244a0c876bdc745ebc209f.png", "pose": [[0.0636976808309555, 0.9979692697525024, 0.0, 908.7616577148438], [-0.9979692697525024, 0.0636976808309555, 0.0, 1566.47412109375], [0.0, 0.0, 1.0, 0.0], [0.0, 0.0, 0.0, 1.0]], "pose_inverse": [[0.0636976808309555, -0.9979692697525024, 0.0, 1505.406982421875], [0.9979692697525024, 0.0636976808309555, 0.0, -1006.6969604492188], [0.0, 0.0, 1.0, 0.0], [0.0, 0.0, 0.0, 1.0]], "cam_ids": [0, 1, 2, 3, 4, 5], "cam_channels": ["CAM_FRONT_LEFT", "CAM_FRONT", "CAM_FRONT_RIGHT", "CAM_BACK_LEFT", "CAM_BACK", "CAM_BACK_RIGHT"], "token": "e89674b33b244a0c876bdc745ebc209f", "scene": "scene-0957"}, {"images": ["samples/CAM_FRONT_LEFT/n015-2018-09-26-11-17-24+0800__CAM_FRONT_LEFT__1537932240254844.jpg", "samples/CAM_FRONT/n015-2018-09-26-11-17-24+0800__CAM_FRONT__1537932240262460.jpg", "samples/CAM_FRONT_RIGHT/n015-2018-09-26-11-17-24+0800__CAM_FRONT_RIGHT__1537932240270339.jpg", "samples/CAM_BACK_LEFT/n015-2018-09-26-11-17-24+0800__CAM_BACK_LEFT__1537932240297423.jpg", "samples/CAM_BACK/n015-2018-09-26-11-17-24+0800__CAM_BACK__1537932240287525.jpg", "samples/CAM_BACK_RIGHT/n015-2018-09-26-11-17-24+0800__CAM_BACK_RIGHT__1537932240277893.jpg"], "intrinsics": [[[1272.5979470598488, 0.0, 826.6154927353808], [0.0, 1272.5979470598488, 479.75165386361925], [0.0, 0.0, 1.0]], [[1266.417203046554, 0.0, 816.2670197447984], [0.0, 1266.417203046554, 491.50706579294757], [0.0, 0.0, 1.0]], [[1260.8474446004698, 0.0, 807.968244525554], [0.0, 1260.8474446004698, 495.3344268742088], [0.0, 0.0, 1.0]], [[1256.7414812095406, 0.0, 792.1125740759628], [0.0, 1256.7414812095406, 492.7757465151356], [0.0, 0.0, 1.0]], [[809.2209905677063, 0.0, 829.2196003259838], [0.0, 809.2209905677063, 481.77842384512485], [0.0, 0.0, 1.0]], [[1259.5137405846733, 0.0, 807.2529053838625], [0.0, 1259.5137405846733, 501.19579884916527], [0.0, 0.0, 1.0]]], "extrinsics": [[[0.8203591704368591, -0.5710769295692444, -0.029698820784687996, -0.965087890625], [-0.053012698888778687, -0.02423689514398575, -0.9982996582984924, 1.5082511901855469], [0.5693860054016113, 0.8205387592315674, -0.05015728250145912, -1.2802295684814453], [0.0, 0.0, 0.0, 1.0]], [[0.007216083351522684, -0.9995843172073364, 0.027914419770240784, 0.00506591796875], [-0.05829127877950668, -0.028288163244724274, -0.9978987574577332, 1.5205345153808594], [0.9982735514640808, 0.0055737579241395, -0.05847116932272911, -1.6922607421875], [0.0, 0.0, 0.0, 1.0]], [[-0.8314191699028015, -0.5533913373947144, 0.05000096559524536, 1.0322265625], [-0.052682727575302124, -0.011071781627833843, -0.9985498785972595, 1.5036392211914062], [0.5531424880027771, -0.8328477740287781, -0.019948873668909073, -1.2486572265625], [0.0, 0.0, 0.0, 1.0]], [[0.9461643695831299, 0.31899991631507874, -0.054882947355508804, -1.1422119140625], [-0.043944794684648514, -0.041391413658857346, -0.998176097869873, 1.5885581970214844], [-0.32068973779678345, 0.9468505382537842, -0.02514469251036644, -0.103759765625], [0.0, 0.0, 0.0, 1.0]], [[0.0007052578730508685, 0.9995031356811523, -0.03151191398501396, 0.00274658203125], [-0.069351926445961, -0.03138716146349907, -0.9970983862876892, 1.5793609619140625], [-0.997592031955719, 0.002888623857870698, 0.06929533183574677, 0.0015869140625], [0.0, 0.0, 0.0, 1.0]], [[-0.9345807433128357, 0.3545903265476227, 0.02871500700712204, 1.1361083984375], [-0.03679724782705307, -0.016069652512669563, -0.999193549156189, 1.55145263671875], [-0.35384294390678406, -0.934883713722229, 0.028066331520676613, -0.0635986328125], [0.0, 0.0, 0.0, 1.0]]], "view": [[0.0, -2.0, 100.0], [-2.0, 0.0, 100.0], [0.0, 0.0, 1.0]], "bev": "bev_faa810cfd0cf490ab55afdd2a47e1d03.png", "aux": "aux_faa810cfd0cf490ab55afdd2a47e1d03.npz", "visibility": "visibility_faa810cfd0cf490ab55afdd2a47e1d03.png", "pose": [[0.06379374861717224, 0.9979631304740906, 0.0, 908.7616577148438], [-0.9979631304740906, 0.06379374861717224, 0.0, 1566.47412109375], [0.0, 0.0, 1.0, 0.0], [0.0, 0.0, 0.0, 1.0]], "pose_inverse": [[0.06379374861717224, -0.9979631304740906, 0.0, 1505.31005859375], [0.9979631304740906, 0.06379374861717224, 0.0, -1006.8418579101562], [0.0, 0.0, 1.0, 0.0], [0.0, 0.0, 0.0, 1.0]], "cam_ids": [0, 1, 2, 3, 4, 5], "cam_channels": ["CAM_FRONT_LEFT", "CAM_FRONT", "CAM_FRONT_RIGHT", "CAM_BACK_LEFT", "CAM_BACK", "CAM_BACK_RIGHT"], "token": "faa810cfd0cf490ab55afdd2a47e1d03", "scene": "scene-0957"}, {"images": ["samples/CAM_FRONT_LEFT/n015-2018-09-26-11-17-24+0800__CAM_FRONT_LEFT__1537932240754844.jpg", "samples/CAM_FRONT/n015-2018-09-26-11-17-24+0800__CAM_FRONT__1537932240762460.jpg", "samples/CAM_FRONT_RIGHT/n015-2018-09-26-11-17-24+0800__CAM_FRONT_RIGHT__1537932240770339.jpg", "samples/CAM_BACK_LEFT/n015-2018-09-26-11-17-24+0800__CAM_BACK_LEFT__1537932240797423.jpg", "samples/CAM_BACK/n015-2018-09-26-11-17-24+0800__CAM_BACK__1537932240787544.jpg", "samples/CAM_BACK_RIGHT/n015-2018-09-26-11-17-24+0800__CAM_BACK_RIGHT__1537932240777893.jpg"], "intrinsics": [[[1272.5979470598488, 0.0, 826.6154927353808], [0.0, 1272.5979470598488, 479.75165386361925], [0.0, 0.0, 1.0]], [[1266.417203046554, 0.0, 816.2670197447984], [0.0, 1266.417203046554, 491.50706579294757], [0.0, 0.0, 1.0]], [[1260.8474446004698, 0.0, 807.968244525554], [0.0, 1260.8474446004698, 495.3344268742088], [0.0, 0.0, 1.0]], [[1256.7414812095406, 0.0, 792.1125740759628], [0.0, 1256.7414812095406, 492.7757465151356], [0.0, 0.0, 1.0]], [[809.2209905677063, 0.0, 829.2196003259838], [0.0, 809.2209905677063, 481.77842384512485], [0.0, 0.0, 1.0]], [[1259.5137405846733, 0.0, 807.2529053838625], [0.0, 1259.5137405846733, 501.19579884916527], [0.0, 0.0, 1.0]]], "extrinsics": [[[0.8203806281089783, -0.5710494518280029, -0.029630951583385468, -0.96484375], [-0.05289774388074875, -0.024193175137043, -0.9983068108558655, 1.5082550048828125], [0.5693657994270325, 0.820559024810791, -0.05005483701825142, -1.2803192138671875], [0.0, 0.0, 0.0, 1.0]], [[0.00723451329395175, -0.9995852708816528, 0.027871448546648026, 0.005126953125], [-0.05818641558289528, -0.028245756402611732, -0.9979060888290405, 1.5205307006835938], [0.9982795715332031, 0.005597604438662529, -0.05836663022637367, -1.6925048828125], [0.0, 0.0, 0.0, 1.0]], [[-0.8314173221588135, -0.5534021854400635, 0.049911241978406906, 1.0322265625], [-0.05259745568037033, -0.011038391850888729, -0.9985547661781311, 1.5036468505859375], [0.5531533360481262, -0.8328410387039185, -0.0199300367385149, -1.24853515625], [0.0, 0.0, 0.0, 1.0]], [[0.9461671113967896, 0.31899961829185486, -0.05483660474419594, -1.1422119140625], [-0.043895937502384186, -0.04139130935072899, -0.998178243637085, 1.5885562896728516], [-0.32068824768066406, 0.9468506574630737, -0.025160308927297592, -0.1036376953125], [0.0, 0.0, 0.0, 1.0]], [[0.0007045405218377709, 0.9995036721229553, -0.031494878232479095, 0.00286865234375], [-0.06930113583803177, -0.031370360404253006, -0.9971024394035339, 1.5793609619140625], [-0.997595489025116, 0.0028851195238530636, 0.0692446380853653, 0.0018310546875], [0.0, 0.0, 0.0, 1.0]], [[-0.9345845580101013, 0.35458439588546753, 0.028664356097579002, 1.13623046875], [-0.0367329940199852, -0.016043489798903465, -0.9991962909698486, 1.5514450073242188], [-0.35383957624435425, -0.9348863959312439, 0.028018943965435028, -0.0635986328125], [0.0, 0.0, 0.0, 1.0]]], "view": [[0.0, -2.0, 100.0], [-2.0, 0.0, 100.0], [0.0, 0.0, 1.0]], "bev": "bev_57b5c58fedca4877a6b799e505464b77.png", "aux": "aux_57b5c58fedca4877a6b799e505464b77.npz", "visibility": "visibility_57b5c58fedca4877a6b799e505464b77.png", "pose": [[0.06384942680597305, 0.997959554195404, 0.0, 908.7615966796875], [-0.997959554195404, 0.06384942680597305, 0.0, 1566.47412109375], [0.0, 0.0, 1.0, 0.0], [0.0, 0.0, 0.0, 1.0]], "pose_inverse": [[0.06384942680597305, -0.997959554195404, 0.0, 1505.25390625], [0.997959554195404, 0.06384942680597305, 0.0, -1006.92578125], [0.0, 0.0, 1.0, 0.0], [0.0, 0.0, 0.0, 1.0]], "cam_ids": [0, 1, 2, 3, 4, 5], "cam_channels": ["CAM_FRONT_LEFT", "CAM_FRONT", "CAM_FRONT_RIGHT", "CAM_BACK_LEFT", "CAM_BACK", "CAM_BACK_RIGHT"], "token": "57b5c58fedca4877a6b799e505464b77", "scene": "scene-0957"}, {"images": ["samples/CAM_FRONT_LEFT/n015-2018-09-26-11-17-24+0800__CAM_FRONT_LEFT__1537932241254844.jpg", "samples/CAM_FRONT/n015-2018-09-26-11-17-24+0800__CAM_FRONT__1537932241262460.jpg", "samples/CAM_FRONT_RIGHT/n015-2018-09-26-11-17-24+0800__CAM_FRONT_RIGHT__1537932241270339.jpg", "samples/CAM_BACK_LEFT/n015-2018-09-26-11-17-24+0800__CAM_BACK_LEFT__1537932241297423.jpg", "samples/CAM_BACK/n015-2018-09-26-11-17-24+0800__CAM_BACK__1537932241287532.jpg", "samples/CAM_BACK_RIGHT/n015-2018-09-26-11-17-24+0800__CAM_BACK_RIGHT__1537932241277893.jpg"], "intrinsics": [[[1272.5979470598488, 0.0, 826.6154927353808], [0.0, 1272.5979470598488, 479.75165386361925], [0.0, 0.0, 1.0]], [[1266.417203046554, 0.0, 816.2670197447984], [0.0, 1266.417203046554, 491.50706579294757], [0.0, 0.0, 1.0]], [[1260.8474446004698, 0.0, 807.968244525554], [0.0, 1260.8474446004698, 495.3344268742088], [0.0, 0.0, 1.0]], [[1256.7414812095406, 0.0, 792.1125740759628], [0.0, 1256.7414812095406, 492.7757465151356], [0.0, 0.0, 1.0]], [[809.2209905677063, 0.0, 829.2196003259838], [0.0, 809.2209905677063, 481.77842384512485], [0.0, 0.0, 1.0]], [[1259.5137405846733, 0.0, 807.2529053838625], [0.0, 1259.5137405846733, 501.19579884916527], [0.0, 0.0, 1.0]]], "extrinsics": [[[0.8203725218772888, -0.5710685849189758, -0.02949150837957859, -0.9649658203125], [-0.052848946303129196, -0.024365367367863655, -0.9983052015304565, 1.5082435607910156], [0.5693820714950562, 0.8205407857894897, -0.050169046968221664, -1.2801437377929688], [0.0, 0.0, 0.0, 1.0]], [[0.007220065221190453, -0.9995807409286499, 0.028038404881954193, 0.00506591796875], [-0.05813274532556534, -0.02841128781437874, -0.9979044795036316, 1.5205307006835938], [0.9982827305793762, 0.005574978422373533, -0.05831350013613701, -1.6922607421875], [0.0, 0.0, 0.0, 1.0]], [[-0.8314257860183716, -0.5533868670463562, 0.0499410554766655, 1.032470703125], [-0.052526284009218216, -0.011198806576430798, -0.9985566735267639, 1.5036468505859375], [0.5531474947929382, -0.8328489661216736, -0.01975638046860695, -1.2486572265625], [0.0, 0.0, 0.0, 1.0]], [[0.9461696147918701, 0.31899797916412354, -0.054802823811769485, -1.1422119140625], [-0.04381365701556206, -0.041529182344675064, -0.9981761574745178, 1.5885581970214844], [-0.3206920921802521, 0.9468451142311096, -0.025317180901765823, -0.103759765625], [0.0, 0.0, 0.0, 1.0]], [[0.0007055300520732999, 0.9994990229606628, -0.03164531663060188, 0.0029296875], [-0.06922194361686707, -0.03152060508728027, -0.997103214263916, 1.5793609619140625], [-0.9976010322570801, 0.002894027391448617, 0.06916501373052597, 0.001708984375], [0.0, 0.0, 0.0, 1.0]], [[-0.9345853328704834, 0.3545929789543152, 0.02853383868932724, 1.1363525390625], [-0.03665328398346901, -0.01620083674788475, -0.9991967082023621, 1.5514488220214844], [-0.35384586453437805, -0.9348804354667664, 0.0281380582600832, -0.063629150390625], [0.0, 0.0, 0.0, 1.0]]], "view": [[0.0, -2.0, 100.0], [-2.0, 0.0, 100.0], [0.0, 0.0, 1.0]], "bev": "bev_b2c9dbbf286547be8c5c6040fdee7dae.png", "aux": "aux_b2c9dbbf286547be8c5c6040fdee7dae.npz", "visibility": "visibility_b2c9dbbf286547be8c5c6040fdee7dae.png", "pose": [[0.06373313069343567, 0.997967004776001, 0.0, 908.7615966796875], [-0.997967004776001, 0.06373313069343567, 0.0, 1566.47412109375], [0.0, 0.0, 1.0, 0.0], [0.0, 0.0, 0.0, 1.0]], "pose_inverse": [[0.06373313069343567, -0.997967004776001, 0.0, 1505.3712158203125], [0.997967004776001, 0.06373313069343567, 0.0, -1006.7503662109375], [0.0, 0.0, 1.0, 0.0], [0.0, 0.0, 0.0, 1.0]], "cam_ids": [0, 1, 2, 3, 4, 5], "cam_channels": ["CAM_FRONT_LEFT", "CAM_FRONT", "CAM_FRONT_RIGHT", "CAM_BACK_LEFT", "CAM_BACK", "CAM_BACK_RIGHT"], "token": "b2c9dbbf286547be8c5c6040fdee7dae", "scene": "scene-0957"}, {"images": ["samples/CAM_FRONT_LEFT/n015-2018-09-26-11-17-24+0800__CAM_FRONT_LEFT__1537932241754844.jpg", "samples/CAM_FRONT/n015-2018-09-26-11-17-24+0800__CAM_FRONT__1537932241762460.jpg", "samples/CAM_FRONT_RIGHT/n015-2018-09-26-11-17-24+0800__CAM_FRONT_RIGHT__1537932241770339.jpg", "samples/CAM_BACK_LEFT/n015-2018-09-26-11-17-24+0800__CAM_BACK_LEFT__1537932241797423.jpg", "samples/CAM_BACK/n015-2018-09-26-11-17-24+0800__CAM_BACK__1537932241787525.jpg", "samples/CAM_BACK_RIGHT/n015-2018-09-26-11-17-24+0800__CAM_BACK_RIGHT__1537932241777893.jpg"], "intrinsics": [[[1272.5979470598488, 0.0, 826.6154927353808], [0.0, 1272.5979470598488, 479.75165386361925], [0.0, 0.0, 1.0]], [[1266.417203046554, 0.0, 816.2670197447984], [0.0, 1266.417203046554, 491.50706579294757], [0.0, 0.0, 1.0]], [[1260.8474446004698, 0.0, 807.968244525554], [0.0, 1260.8474446004698, 495.3344268742088], [0.0, 0.0, 1.0]], [[1256.7414812095406, 0.0, 792.1125740759628], [0.0, 1256.7414812095406, 492.7757465151356], [0.0, 0.0, 1.0]], [[809.2209905677063, 0.0, 829.2196003259838], [0.0, 809.2209905677063, 481.77842384512485], [0.0, 0.0, 1.0]], [[1259.5137405846733, 0.0, 807.2529053838625], [0.0, 1259.5137405846733, 501.19579884916527], [0.0, 0.0, 1.0]]], "extrinsics": [[[0.8203827142715454, -0.5710581541061401, -0.029408210888504982, -0.9649658203125], [-0.05275515839457512, -0.02437739633023739, -0.998309850692749, 1.5082473754882812], [0.5693760514259338, 0.8205475807189941, -0.050125058740377426, -1.2801589965820312], [0.0, 0.0, 0.0, 1.0]], [[0.007230857387185097, -0.9995801448822021, 0.028058499097824097, 0.00506591796875], [-0.05802776664495468, -0.02843138948082924, -0.9979100823402405, 1.5205307006835938], [0.9982888102531433, 0.005587567109614611, -0.05820898711681366, -1.6923828125], [0.0, 0.0, 0.0, 1.0]], [[-0.8314228653907776, -0.5533975958824158, 0.0498715415596962, 1.0322265625], [-0.052427370101213455, -0.011222477070987225, -0.998561680316925, 1.5036392211914062], [0.5531612634658813, -0.8328415751457214, -0.01968255639076233, -1.24853515625], [0.0, 0.0, 0.0, 1.0]], [[0.9461739659309387, 0.31899815797805786, -0.05472628399729729, -1.142333984375], [-0.0437188558280468, -0.04157065227627754, -0.9981785416603088, 1.5885639190673828], [-0.32069215178489685, 0.9468432664871216, -0.025386840105056763, -0.1036376953125], [0.0, 0.0, 0.0, 1.0]], [[0.0007023987709544599, 0.9994979500770569, -0.031677037477493286, 0.0028076171875], [-0.06911369413137436, -0.03155277296900749, -0.9971097111701965, 1.5793609619140625], [-0.9976085424423218, 0.0028896895237267017, 0.06905682384967804, 0.0018310546875], [0.0, 0.0, 0.0, 1.0]], [[-0.9345924258232117, 0.35458266735076904, 0.028429344296455383, 1.13623046875], [-0.03655076399445534, -0.016226010397076607, -0.9992001056671143, 1.5514488220214844], [-0.3538377583026886, -0.9348838925361633, 0.028124969452619553, -0.063507080078125], [0.0, 0.0, 0.0, 1.0]]], "view": [[0.0, -2.0, 100.0], [-2.0, 0.0, 100.0], [0.0, 0.0, 1.0]], "bev": "bev_5609287fb9a948ae85a2cdb42840117b.png", "aux": "aux_5609287fb9a948ae85a2cdb42840117b.npz", "visibility": "visibility_5609287fb9a948ae85a2cdb42840117b.png", "pose": [[0.0636984184384346, 0.9979692101478577, 0.0, 908.7615966796875], [-0.9979692101478577, 0.0636984184384346, 0.0, 1566.47412109375], [0.0, 0.0, 1.0, 0.0], [0.0, 0.0, 0.0, 1.0]], "pose_inverse": [[0.0636984184384346, -0.9979692101478577, 0.0, 1505.40625], [0.9979692101478577, 0.0636984184384346, 0.0, -1006.697998046875], [0.0, 0.0, 1.0, 0.0], [0.0, 0.0, 0.0, 1.0]], "cam_ids": [0, 1, 2, 3, 4, 5], "cam_channels": ["CAM_FRONT_LEFT", "CAM_FRONT", "CAM_FRONT_RIGHT", "CAM_BACK_LEFT", "CAM_BACK", "CAM_BACK_RIGHT"], "token": "5609287fb9a948ae85a2cdb42840117b", "scene": "scene-0957"}, {"images": ["samples/CAM_FRONT_LEFT/n015-2018-09-26-11-17-24+0800__CAM_FRONT_LEFT__1537932242254844.jpg", "samples/CAM_FRONT/n015-2018-09-26-11-17-24+0800__CAM_FRONT__1537932242262460.jpg", "samples/CAM_FRONT_RIGHT/n015-2018-09-26-11-17-24+0800__CAM_FRONT_RIGHT__1537932242270339.jpg", "samples/CAM_BACK_LEFT/n015-2018-09-26-11-17-24+0800__CAM_BACK_LEFT__1537932242297423.jpg", "samples/CAM_BACK/n015-2018-09-26-11-17-24+0800__CAM_BACK__1537932242287525.jpg", "samples/CAM_BACK_RIGHT/n015-2018-09-26-11-17-24+0800__CAM_BACK_RIGHT__1537932242277893.jpg"], "intrinsics": [[[1272.5979470598488, 0.0, 826.6154927353808], [0.0, 1272.5979470598488, 479.75165386361925], [0.0, 0.0, 1.0]], [[1266.417203046554, 0.0, 816.2670197447984], [0.0, 1266.417203046554, 491.50706579294757], [0.0, 0.0, 1.0]], [[1260.8474446004698, 0.0, 807.968244525554], [0.0, 1260.8474446004698, 495.3344268742088], [0.0, 0.0, 1.0]], [[1256.7414812095406, 0.0, 792.1125740759628], [0.0, 1256.7414812095406, 492.7757465151356], [0.0, 0.0, 1.0]], [[809.2209905677063, 0.0, 829.2196003259838], [0.0, 809.2209905677063, 481.77842384512485], [0.0, 0.0, 1.0]], [[1259.5137405846733, 0.0, 807.2529053838625], [0.0, 1259.5137405846733, 501.19579884916527], [0.0, 0.0, 1.0]]], "extrinsics": [[[0.8203796744346619, -0.5710691213607788, -0.029280073940753937, -0.9649658203125], [-0.05263593792915344, -0.024429120123386383, -0.9983149170875549, 1.5082511901855469], [0.5693914890289307, 0.8205384612083435, -0.05009990930557251, -1.280130386352539], [0.0, 0.0, 0.0, 1.0]], [[0.007217945996671915, -0.9995785355567932, 0.0281175896525383, 0.00506591796875], [-0.05792168900370598, -0.02848903462290764, -0.9979145526885986, 1.5205345153808594], [0.9982950091362, 0.0055742827244102955, -0.05810290947556496, -1.6922607421875], [0.0, 0.0, 0.0, 1.0]], [[-0.8314330577850342, -0.553387463092804, 0.049812834709882736, 1.0323486328125], [-0.052322112023830414, -0.011274375952780247, -0.9985665678977966, 1.5036468505859375], [0.5531559586524963, -0.8328475952148438, -0.01958051137626171, -1.248779296875], [0.0, 0.0, 0.0, 1.0]], [[0.946179211139679, 0.31899958848953247, -0.05462713539600372, -1.1422119140625], [-0.0435938760638237, -0.04163071885704994, -0.9981815218925476, 1.5885543823242188], [-0.320693701505661, 0.9468401074409485, -0.025483690202236176, -0.103759765625], [0.0, 0.0, 0.0, 1.0]], [[0.000707397295627743, 0.9994960427284241, -0.03173840045928955, 0.0028076171875], [-0.06900325417518616, -0.03161396458745003, -0.9971153736114502, 1.5793609619140625], [-0.9976162314414978, 0.0028954127337783575, 0.06894610822200775, 0.0018310546875], [0.0, 0.0, 0.0, 1.0]], [[-0.934593141078949, 0.3545899987220764, 0.028312554582953453, 1.13623046875], [-0.03644658997654915, -0.0162800382822752, -0.9992029666900635, 1.5514564514160156], [-0.3538464605808258, -0.9348801970481873, 0.02813880518078804, -0.063629150390625], [0.0, 0.0, 0.0, 1.0]]], "view": [[0.0, -2.0, 100.0], [-2.0, 0.0, 100.0], [0.0, 0.0, 1.0]], "bev": "bev_7409b623e58f4dfaa6872aa5fa23aaab.png", "aux": "aux_7409b623e58f4dfaa6872aa5fa23aaab.npz", "visibility": "visibility_7409b623e58f4dfaa6872aa5fa23aaab.png", "pose": [[0.06370125710964203, 0.9979690313339233, 0.0, 908.7615966796875], [-0.9979690313339233, 0.06370125710964203, 0.0, 1566.47412109375], [0.0, 0.0, 1.0, 0.0], [0.0, 0.0, 0.0, 1.0]], "pose_inverse": [[0.06370125710964203, -0.9979690313339233, 0.0, 1505.4033203125], [0.9979690313339233, 0.06370125710964203, 0.0, -1006.7022705078125], [0.0, 0.0, 1.0, 0.0], [0.0, 0.0, 0.0, 1.0]], "cam_ids": [0, 1, 2, 3, 4, 5], "cam_channels": ["CAM_FRONT_LEFT", "CAM_FRONT", "CAM_FRONT_RIGHT", "CAM_BACK_LEFT", "CAM_BACK", "CAM_BACK_RIGHT"], "token": "7409b623e58f4dfaa6872aa5fa23aaab", "scene": "scene-0957"}, {"images": ["samples/CAM_FRONT_LEFT/n015-2018-09-26-11-17-24+0800__CAM_FRONT_LEFT__1537932242754844.jpg", "samples/CAM_FRONT/n015-2018-09-26-11-17-24+0800__CAM_FRONT__1537932242762460.jpg", "samples/CAM_FRONT_RIGHT/n015-2018-09-26-11-17-24+0800__CAM_FRONT_RIGHT__1537932242770339.jpg", "samples/CAM_BACK_LEFT/n015-2018-09-26-11-17-24+0800__CAM_BACK_LEFT__1537932242797423.jpg", "samples/CAM_BACK/n015-2018-09-26-11-17-24+0800__CAM_BACK__1537932242787525.jpg", "samples/CAM_BACK_RIGHT/n015-2018-09-26-11-17-24+0800__CAM_BACK_RIGHT__1537932242777893.jpg"], "intrinsics": [[[1272.5979470598488, 0.0, 826.6154927353808], [0.0, 1272.5979470598488, 479.75165386361925], [0.0, 0.0, 1.0]], [[1266.417203046554, 0.0, 816.2670197447984], [0.0, 1266.417203046554, 491.50706579294757], [0.0, 0.0, 1.0]], [[1260.8474446004698, 0.0, 807.968244525554], [0.0, 1260.8474446004698, 495.3344268742088], [0.0, 0.0, 1.0]], [[1256.7414812095406, 0.0, 792.1125740759628], [0.0, 1256.7414812095406, 492.7757465151356], [0.0, 0.0, 1.0]], [[809.2209905677063, 0.0, 829.2196003259838], [0.0, 809.2209905677063, 481.77842384512485], [0.0, 0.0, 1.0]], [[1259.5137405846733, 0.0, 807.2529053838625], [0.0, 1259.5137405846733, 501.19579884916527], [0.0, 0.0, 1.0]]], "extrinsics": [[[0.8203822374343872, -0.5710672736167908, -0.029242176562547684, -0.96484375], [-0.052609048783779144, -0.024457033723592758, -0.9983156323432922, 1.5082473754882812], [0.5693901777267456, 0.8205388784408569, -0.05010741949081421, -1.2802143096923828], [0.0, 0.0, 0.0, 1.0]], [[0.007221548818051815, -0.9995778799057007, 0.02814055234193802, 0.00506591796875], [-0.05788066238164902, -0.02851194143295288, -0.9979163408279419, 1.5205345153808594], [0.998297393321991, 0.0055777085945010185, -0.058062124997377396, -1.6922607421875], [0.0, 0.0, 0.0, 1.0]], [[-0.8314315676689148, -0.5533918738365173, 0.049789950251579285, 1.03240966796875], [-0.052280575037002563, -0.01129571907222271, -0.9985685348510742, 1.5036392211914062], [0.553162157535553, -0.8328444361686707, -0.019540026783943176, -1.24853515625], [0.0, 0.0, 0.0, 1.0]], [[0.9461807608604431, 0.31899553537368774, -0.05462443456053734, -1.14208984375], [-0.04359101504087448, -0.04163109138607979, -0.9981817007064819, 1.5885601043701172], [-0.3206895887851715, 0.9468414783477783, -0.02548520267009735, -0.103759765625], [0.0, 0.0, 0.0, 1.0]], [[0.000705915386788547, 0.9994960427284241, -0.03173767030239105, 0.0028076171875], [-0.06897401064634323, -0.03161342814564705, -0.9971174001693726, 1.5793533325195312], [-0.9976181983947754, 0.0028929514810442924, 0.0689169317483902, 0.001708984375], [0.0, 0.0, 0.0, 1.0]], [[-0.9345963001251221, 0.3545852601528168, 0.028269952163100243, 1.1363525390625], [-0.03640561178326607, -0.016292529180645943, -0.9992042779922485, 1.5514488220214844], [-0.35384252667427063, -0.9348818063735962, 0.02813582867383957, -0.063629150390625], [0.0, 0.0, 0.0, 1.0]]], "view": [[0.0, -2.0, 100.0], [-2.0, 0.0, 100.0], [0.0, 0.0, 1.0]], "bev": "bev_b10aa90e6f26480eb80e721f9e827f9d.png", "aux": "aux_b10aa90e6f26480eb80e721f9e827f9d.npz", "visibility": "visibility_b10aa90e6f26480eb80e721f9e827f9d.png", "pose": [[0.06384599208831787, 0.9979597926139832, 0.0, 908.7615356445312], [-0.9979597926139832, 0.06384599208831787, 0.0, 1566.47412109375], [0.0, 0.0, 1.0, 0.0], [0.0, 0.0, 0.0, 1.0]], "pose_inverse": [[0.06384599208831787, -0.9979597926139832, 0.0, 1505.25732421875], [0.9979597926139832, 0.06384599208831787, 0.0, -1006.9205322265625], [0.0, 0.0, 1.0, 0.0], [0.0, 0.0, 0.0, 1.0]], "cam_ids": [0, 1, 2, 3, 4, 5], "cam_channels": ["CAM_FRONT_LEFT", "CAM_FRONT", "CAM_FRONT_RIGHT", "CAM_BACK_LEFT", "CAM_BACK", "CAM_BACK_RIGHT"], "token": "b10aa90e6f26480eb80e721f9e827f9d", "scene": "scene-0957"}, {"images": ["samples/CAM_FRONT_LEFT/n015-2018-09-26-11-17-24+0800__CAM_FRONT_LEFT__1537932243254844.jpg", "samples/CAM_FRONT/n015-2018-09-26-11-17-24+0800__CAM_FRONT__1537932243262460.jpg", "samples/CAM_FRONT_RIGHT/n015-2018-09-26-11-17-24+0800__CAM_FRONT_RIGHT__1537932243270339.jpg", "samples/CAM_BACK_LEFT/n015-2018-09-26-11-17-24+0800__CAM_BACK_LEFT__1537932243297423.jpg", "samples/CAM_BACK/n015-2018-09-26-11-17-24+0800__CAM_BACK__1537932243287525.jpg", "samples/CAM_BACK_RIGHT/n015-2018-09-26-11-17-24+0800__CAM_BACK_RIGHT__1537932243277893.jpg"], "intrinsics": [[[1272.5979470598488, 0.0, 826.6154927353808], [0.0, 1272.5979470598488, 479.75165386361925], [0.0, 0.0, 1.0]], [[1266.417203046554, 0.0, 816.2670197447984], [0.0, 1266.417203046554, 491.50706579294757], [0.0, 0.0, 1.0]], [[1260.8474446004698, 0.0, 807.968244525554], [0.0, 1260.8474446004698, 495.3344268742088], [0.0, 0.0, 1.0]], [[1256.7414812095406, 0.0, 792.1125740759628], [0.0, 1256.7414812095406, 492.7757465151356], [0.0, 0.0, 1.0]], [[809.2209905677063, 0.0, 829.2196003259838], [0.0, 809.2209905677063, 481.77842384512485], [0.0, 0.0, 1.0]], [[1259.5137405846733, 0.0, 807.2529053838625], [0.0, 1259.5137405846733, 501.19579884916527], [0.0, 0.0, 1.0]]], "extrinsics": [[[0.8203805088996887, -0.571073591709137, -0.029167259112000465, -0.9649658203125], [-0.05251060426235199, -0.02444586530327797, -0.9983210563659668, 1.5082435607910156], [0.5694018006324768, 0.8205347061157227, -0.05004233121871948, -1.2802505493164062], [0.0, 0.0, 0.0, 1.0]], [[0.007212886121124029, -0.9995782375335693, 0.02812821790575981, 0.00506591796875], [-0.05780184268951416, -0.028498686850070953, -0.9979212284088135, 1.5205345153808594], [0.9983019828796387, 0.005572024267166853, -0.057983022183179855, -1.6922607421875], [0.0, 0.0, 0.0, 1.0]], [[-0.8314370512962341, -0.5533886551856995, 0.04973244294524193, 1.0323486328125], [-0.05221683904528618, -0.011287562549114227, -0.9985719323158264, 1.5036468505859375], [0.5531598329544067, -0.8328465819358826, -0.019511312246322632, -1.2486572265625], [0.0, 0.0, 0.0, 1.0]], [[0.9461840391159058, 0.31899604201316833, -0.054564863443374634, -1.1422119140625], [-0.04352777451276779, -0.04163220524787903, -0.9981843829154968, 1.5885543823242188], [-0.32068851590156555, 0.9468411803245544, -0.02550653927028179, -0.103759765625], [0.0, 0.0, 0.0, 1.0]], [[0.0007080772193148732, 0.9994956254959106, -0.03174842894077301, 0.00286865234375], [-0.06892967969179153, -0.031624142080545425, -0.9971201419830322, 1.5793609619140625], [-0.9976212382316589, 0.002894447650760412, 0.06887251883745193, 0.0015869140625], [0.0, 0.0, 0.0, 1.0]], [[-0.934596836566925, 0.35458746552467346, 0.028222544118762016, 1.1363525390625], [-0.03635610640048981, -0.01629546470940113, -0.999206006526947, 1.55145263671875], [-0.35384607315063477, -0.9348808526992798, 0.028121110051870346, -0.06353759765625], [0.0, 0.0, 0.0, 1.0]]], "view": [[0.0, -2.0, 100.0], [-2.0, 0.0, 100.0], [0.0, 0.0, 1.0]], "bev": "bev_45d0f6156cba4a43b6bea09b8c850dbb.png", "aux": "aux_45d0f6156cba4a43b6bea09b8c850dbb.npz", "visibility": "visibility_45d0f6156cba4a43b6bea09b8c850dbb.png", "pose": [[0.06383434683084488, 0.9979605078697205, 0.0, 908.7615356445312], [-0.9979605078697205, 0.06383434683084488, 0.0, 1566.47412109375], [0.0, 0.0, 1.0, 0.0], [0.0, 0.0, 0.0, 1.0]], "pose_inverse": [[0.06383434683084488, -0.9979605078697205, 0.0, 1505.2691650390625], [0.9979605078697205, 0.06383434683084488, 0.0, -1006.9029541015625], [0.0, 0.0, 1.0, 0.0], [0.0, 0.0, 0.0, 1.0]], "cam_ids": [0, 1, 2, 3, 4, 5], "cam_channels": ["CAM_FRONT_LEFT", "CAM_FRONT", "CAM_FRONT_RIGHT", "CAM_BACK_LEFT", "CAM_BACK", "CAM_BACK_RIGHT"], "token": "45d0f6156cba4a43b6bea09b8c850dbb", "scene": "scene-0957"}, {"images": ["samples/CAM_FRONT_LEFT/n015-2018-09-26-11-17-24+0800__CAM_FRONT_LEFT__1537932243754844.jpg", "samples/CAM_FRONT/n015-2018-09-26-11-17-24+0800__CAM_FRONT__1537932243762460.jpg", "samples/CAM_FRONT_RIGHT/n015-2018-09-26-11-17-24+0800__CAM_FRONT_RIGHT__1537932243770339.jpg", "samples/CAM_BACK_LEFT/n015-2018-09-26-11-17-24+0800__CAM_BACK_LEFT__1537932243797423.jpg", "samples/CAM_BACK/n015-2018-09-26-11-17-24+0800__CAM_BACK__1537932243787525.jpg", "samples/CAM_BACK_RIGHT/n015-2018-09-26-11-17-24+0800__CAM_BACK_RIGHT__1537932243777893.jpg"], "intrinsics": [[[1272.5979470598488, 0.0, 826.6154927353808], [0.0, 1272.5979470598488, 479.75165386361925], [0.0, 0.0, 1.0]], [[1266.417203046554, 0.0, 816.2670197447984], [0.0, 1266.417203046554, 491.50706579294757], [0.0, 0.0, 1.0]], [[1260.8474446004698, 0.0, 807.968244525554], [0.0, 1260.8474446004698, 495.3344268742088], [0.0, 0.0, 1.0]], [[1256.7414812095406, 0.0, 792.1125740759628], [0.0, 1256.7414812095406, 492.7757465151356], [0.0, 0.0, 1.0]], [[809.2209905677063, 0.0, 829.2196003259838], [0.0, 809.2209905677063, 481.77842384512485], [0.0, 0.0, 1.0]], [[1259.5137405846733, 0.0, 807.2529053838625], [0.0, 1259.5137405846733, 501.19579884916527], [0.0, 0.0, 1.0]]], "extrinsics": [[[0.82037752866745, -0.5710769891738892, -0.029183298349380493, -0.9649658203125], [-0.05254669114947319, -0.024469371885061264, -0.998318612575531, 1.5082473754882812], [0.5694026350975037, 0.8205317258834839, -0.05008232966065407, -1.2801265716552734], [0.0, 0.0, 0.0, 1.0]], [[0.007210225332528353, -0.9995775818824768, 0.02815343253314495, 0.00494384765625], [-0.05782075598835945, -0.028523806482553482, -0.9979194402694702, 1.5205345153808594], [0.9983009696006775, 0.005567358806729317, -0.05800199881196022, -1.6923828125], [0.0, 0.0, 0.0, 1.0]], [[-0.8314384818077087, -0.5533848404884338, 0.049750808626413345, 1.0322265625], [-0.05222580209374428, -0.011307104490697384, -0.9985712170600891, 1.5036392211914062], [0.5531567335128784, -0.8328489065170288, -0.019499804824590683, -1.248779296875], [0.0, 0.0, 0.0, 1.0]], [[0.9461854100227356, 0.3189936876296997, -0.054555099457502365, -1.142333984375], [-0.04351239651441574, -0.04164741188287735, -0.9981843829154968, 1.5885581970214844], [-0.32068657875061035, 0.9468413591384888, -0.02552599459886551, -0.103759765625], [0.0, 0.0, 0.0, 1.0]], [[0.0007090899744071066, 0.9994948506355286, -0.031772833317518234, 0.00274658203125], [-0.06891590356826782, -0.031648457050323486, -0.9971203207969666, 1.5793609619140625], [-0.9976221919059753, 0.00289669306948781, 0.06885865330696106, 0.001708984375], [0.0, 0.0, 0.0, 1.0]], [[-0.9345960021018982, 0.35459038615226746, 0.02821282483637333, 1.1361083984375], [-0.03635391220450401, -0.0163168553262949, -0.9992057681083679, 1.55145263671875], [-0.3538484275341034, -0.9348793625831604, 0.028140414506196976, -0.063690185546875], [0.0, 0.0, 0.0, 1.0]]], "view": [[0.0, -2.0, 100.0], [-2.0, 0.0, 100.0], [0.0, 0.0, 1.0]], "bev": "bev_2950668a348f412cb8c996656bf81a9f.png", "aux": "aux_2950668a348f412cb8c996656bf81a9f.npz", "visibility": "visibility_2950668a348f412cb8c996656bf81a9f.png", "pose": [[0.06390314549207687, 0.9979560971260071, 0.0, 908.7615356445312], [-0.9979560971260071, 0.06390314549207687, 0.0, 1566.47412109375], [0.0, 0.0, 1.0, 0.0], [0.0, 0.0, 0.0, 1.0]], "pose_inverse": [[0.06390314549207687, -0.9979560971260071, 0.0, 1505.19970703125], [0.9979560971260071, 0.06390314549207687, 0.0, -1007.0067749023438], [0.0, 0.0, 1.0, 0.0], [0.0, 0.0, 0.0, 1.0]], "cam_ids": [0, 1, 2, 3, 4, 5], "cam_channels": ["CAM_FRONT_LEFT", "CAM_FRONT", "CAM_FRONT_RIGHT", "CAM_BACK_LEFT", "CAM_BACK", "CAM_BACK_RIGHT"], "token": "2950668a348f412cb8c996656bf81a9f", "scene": "scene-0957"}, {"images": ["samples/CAM_FRONT_LEFT/n015-2018-09-26-11-17-24+0800__CAM_FRONT_LEFT__1537932244254844.jpg", "samples/CAM_FRONT/n015-2018-09-26-11-17-24+0800__CAM_FRONT__1537932244262460.jpg", "samples/CAM_FRONT_RIGHT/n015-2018-09-26-11-17-24+0800__CAM_FRONT_RIGHT__1537932244270339.jpg", "samples/CAM_BACK_LEFT/n015-2018-09-26-11-17-24+0800__CAM_BACK_LEFT__1537932244297423.jpg", "samples/CAM_BACK/n015-2018-09-26-11-17-24+0800__CAM_BACK__1537932244287525.jpg", "samples/CAM_BACK_RIGHT/n015-2018-09-26-11-17-24+0800__CAM_BACK_RIGHT__1537932244277893.jpg"], "intrinsics": [[[1272.5979470598488, 0.0, 826.6154927353808], [0.0, 1272.5979470598488, 479.75165386361925], [0.0, 0.0, 1.0]], [[1266.417203046554, 0.0, 816.2670197447984], [0.0, 1266.417203046554, 491.50706579294757], [0.0, 0.0, 1.0]], [[1260.8474446004698, 0.0, 807.968244525554], [0.0, 1260.8474446004698, 495.3344268742088], [0.0, 0.0, 1.0]], [[1256.7414812095406, 0.0, 792.1125740759628], [0.0, 1256.7414812095406, 492.7757465151356], [0.0, 0.0, 1.0]], [[809.2209905677063, 0.0, 829.2196003259838], [0.0, 809.2209905677063, 481.77842384512485], [0.0, 0.0, 1.0]], [[1259.5137405846733, 0.0, 807.2529053838625], [0.0, 1259.5137405846733, 501.19579884916527], [0.0, 0.0, 1.0]]], "extrinsics": [[[0.8203923106193542, -0.5710589289665222, -0.029123300686478615, -0.9649658203125], [-0.05244962126016617, -0.024436647072434425, -0.9983245134353638, 1.50823974609375], [0.5693904161453247, 0.8205452561378479, -0.04999946057796478, -1.2801895141601562], [0.0, 0.0, 0.0, 1.0]], [[0.007224514149129391, -0.9995782375335693, 0.02812621369957924, 0.00506591796875], [-0.057716645300388336, -0.0284968800842762, -0.9979262351989746, 1.5205307006835938], [0.9983068108558655, 0.005586183629930019, -0.057898178696632385, -1.6922607421875], [0.0, 0.0, 0.0, 1.0]], [[-0.8314365148544312, -0.5533970594406128, 0.04964757338166237, 1.0322265625], [-0.05211316794157028, -0.011290526017546654, -0.998577356338501, 1.5036468505859375], [0.5531703233718872, -0.8328409790992737, -0.019451919943094254, -1.24853515625], [0.0, 0.0, 0.0, 1.0]], [[0.9461907744407654, 0.31899312138557434, -0.054463181644678116, -1.1422119140625], [-0.043413322418928146, -0.04165366291999817, -0.9981884360313416, 1.5885658264160156], [-0.32068386673927307, 0.9468412399291992, -0.025563767179846764, -0.1038818359375], [0.0, 0.0, 0.0, 1.0]], [[0.0007085695979185402, 0.9994956254959106, -0.03174972161650658, 0.00274658203125], [-0.06881090253591537, -0.03162573650479317, -0.9971283674240112, 1.579360