[{"images": ["samples/CAM_FRONT_LEFT/n015-2018-11-14-18-57-54+0800__CAM_FRONT_LEFT__1542193561504844.jpg", "samples/CAM_FRONT/n015-2018-11-14-18-57-54+0800__CAM_FRONT__1542193561512460.jpg", "samples/CAM_FRONT_RIGHT/n015-2018-11-14-18-57-54+0800__CAM_FRONT_RIGHT__1542193561520339.jpg", "samples/CAM_BACK_LEFT/n015-2018-11-14-18-57-54+0800__CAM_BACK_LEFT__1542193561547423.jpg", "samples/CAM_BACK/n015-2018-11-14-18-57-54+0800__CAM_BACK__1542193561537525.jpg", "samples/CAM_BACK_RIGHT/n015-2018-11-14-18-57-54+0800__CAM_BACK_RIGHT__1542193561527893.jpg"], "intrinsics": [[[1272.5979470598488, 0.0, 826.6154927353808], [0.0, 1272.5979470598488, 479.75165386361925], [0.0, 0.0, 1.0]], [[1266.417203046554, 0.0, 816.2670197447984], [0.0, 1266.417203046554, 491.50706579294757], [0.0, 0.0, 1.0]], [[1260.8474446004698, 0.0, 807.968244525554], [0.0, 1260.8474446004698, 495.3344268742088], [0.0, 0.0, 1.0]], [[1256.7414812095406, 0.0, 792.1125740759628], [0.0, 1256.7414812095406, 492.7757465151356], [0.0, 0.0, 1.0]], [[809.2209905677063, 0.0, 829.2196003259838], [0.0, 809.2209905677063, 481.77842384512485], [0.0, 0.0, 1.0]], [[1259.5137405846733, 0.0, 807.2529053838625], [0.0, 1259.5137405846733, 501.19579884916527], [0.0, 0.0, 1.0]]], "extrinsics": [[[0.813775897026062, -0.5710331201553345, 0.10812023282051086, -0.7498550415039062], [0.1339183747768402, 0.003211335511878133, -0.9909871220588684, 1.543548583984375], [0.5655393004417419, 0.8209208250045776, 0.07908512651920319, -1.1318359375], [0.0, 0.0, 0.0, 1.0]], [[0.005541967693716288, -0.999983012676239, 0.0017919574165716767, 0.007080078125], [0.12874311208724976, -0.0010635696817189455, -0.991677463054657, 1.5485382080078125], [0.9916624426841736, 0.005726553965359926, 0.1287350356578827, -1.4766845703125], [0.0, 0.0, 0.0, 1.0]], [[-0.8242812156677246, -0.5531674027442932, -0.12069124728441238, 0.8927001953125], [0.13438166677951813, 0.015931544825434685, -0.9908015131950378, 1.5264434814453125], [0.5500019192695618, -0.8329178094863892, 0.06120346859097481, -1.15484619140625], [0.0, 0.0, 0.0, 1.0]], [[0.9389113783836365, 0.3180864751338959, 0.13140182197093964, -1.13671875], [0.14312726259231567, -0.013666876591742039, -0.9896098971366882, 1.5893630981445312], [-0.31298568844795227, 0.9479632377624512, -0.058358822017908096, -0.1048583984375], [0.0, 0.0, 0.0, 1.0]], [[0.00359257310628891, 0.9999868869781494, -0.003659704700112343, 0.0030517578125], [0.11791377514600754, -0.004057810176163912, -0.9930155873298645, 1.5870819091796875], [-0.993017315864563, 0.003135933307930827, -0.11792680621147156, -0.063232421875], [0.0, 0.0, 0.0, 1.0]], [[-0.9247064590454102, 0.35542982816696167, -0.13633625209331512, 1.021484375], [0.15017302334308624, 0.01149283442646265, -0.9885929822921753, 1.5700531005859375], [-0.34980857372283936, -0.9346323609352112, -0.06400346755981445, -0.1064453125], [0.0, 0.0, 0.0, 1.0]]], "view": [[0.0, -2.0, 100.0], [-2.0, 0.0, 100.0], [0.0, 0.0, 1.0]], "bev": "bev_fe63e53e2814428ca0f3e3f13cd70354.png", "aux": "aux_fe63e53e2814428ca0f3e3f13cd70354.npz", "visibility": "visibility_fe63e53e2814428ca0f3e3f13cd70354.png", "pose": [[0.9952118992805481, -0.09774106740951538, 0.0, 896.544677734375], [0.09774106740951538, 0.9952118992805481, 0.0, 1722.71826171875], [0.0, 0.0, 1.0, 0.0], [0.0, 0.0, 0.0, 1.0]], "pose_inverse": [[0.9952118992805481, 0.09774106740951538, 0.0, -1060.6322021484375], [-0.09774106740951538, 0.9952118992805481, 0.0, -1626.8404541015625], [0.0, 0.0, 1.0, 0.0], [0.0, 0.0, 0.0, 1.0]], "cam_ids": [0, 1, 2, 3, 4, 5], "cam_channels": ["CAM_FRONT_LEFT", "CAM_FRONT", "CAM_FRONT_RIGHT", "CAM_BACK_LEFT", "CAM_BACK", "CAM_BACK_RIGHT"], "token": "fe63e53e2814428ca0f3e3f13cd70354", "scene": "scene-1008"}, {"images": ["samples/CAM_FRONT_LEFT/n015-2018-11-14-18-57-54+0800__CAM_FRONT_LEFT__1542193562004844.jpg", "samples/CAM_FRONT/n015-2018-11-14-18-57-54+0800__CAM_FRONT__1542193562012460.jpg", "samples/CAM_FRONT_RIGHT/n015-2018-11-14-18-57-54+0800__CAM_FRONT_RIGHT__1542193562020339.jpg", "samples/CAM_BACK_LEFT/n015-2018-11-14-18-57-54+0800__CAM_BACK_LEFT__1542193562047423.jpg", "samples/CAM_BACK/n015-2018-11-14-18-57-54+0800__CAM_BACK__1542193562037525.jpg", "samples/CAM_BACK_RIGHT/n015-2018-11-14-18-57-54+0800__CAM_BACK_RIGHT__1542193562027893.jpg"], "intrinsics": [[[1272.5979470598488, 0.0, 826.6154927353808], [0.0, 1272.5979470598488, 479.75165386361925], [0.0, 0.0, 1.0]], [[1266.417203046554, 0.0, 816.2670197447984], [0.0, 1266.417203046554, 491.50706579294757], [0.0, 0.0, 1.0]], [[1260.8474446004698, 0.0, 807.968244525554], [0.0, 1260.8474446004698, 495.3344268742088], [0.0, 0.0, 1.0]], [[1256.7414812095406, 0.0, 792.1125740759628], [0.0, 1256.7414812095406, 492.7757465151356], [0.0, 0.0, 1.0]], [[809.2209905677063, 0.0, 829.2196003259838], [0.0, 809.2209905677063, 481.77842384512485], [0.0, 0.0, 1.0]], [[1259.5137405846733, 0.0, 807.2529053838625], [0.0, 1259.5137405846733, 501.19579884916527], [0.0, 0.0, 1.0]]], "extrinsics": [[[0.8123964071273804, -0.5723758935928345, 0.11134589463472366, -0.7446823120117188], [0.1431266963481903, 0.010626651346683502, -0.9896473288536072, 1.5467987060546875], [0.565267026424408, 0.8199225068092346, 0.09055532515048981, -1.1300048828125], [0.0, 0.0, 0.0, 1.0]], [[0.005082317627966404, -0.9999694228172302, -0.00595009746029973, 0.008056640625], [0.1380479782819748, 0.006594803184270859, -0.9904035925865173, 1.5512542724609375], [0.9904124736785889, 0.004212147556245327, 0.1380772441625595, -1.4718017578125], [0.0, 0.0, 0.0, 1.0]], [[-0.8232670426368713, -0.5518696308135986, -0.13293330371379852, 0.8897705078125], [0.14377860724925995, 0.023820487782359123, -0.989323079586029, 1.528656005859375], [0.5491438508033752, -0.8335900902748108, 0.05973641574382782, -1.15185546875], [0.0, 0.0, 0.0, 1.0]], [[0.9376391768455505, 0.3168575167655945, 0.14294777810573578, -1.1368408203125], [0.1527930498123169, -0.006306566298007965, -0.9882380366325378, 1.589385986328125], [-0.31222912669181824, 0.9484521746635437, -0.054326895624399185, -0.105224609375], [0.0, 0.0, 0.0, 1.0]], [[0.003783295163884759, 0.999984085559845, 0.004186458885669708, 0.0025634765625], [0.12748371064662933, 0.003670021891593933, -0.9918339252471924, 1.5880126953125], [-0.991833508014679, 0.004286117386072874, -0.1274677813053131, -0.0655517578125], [0.0, 0.0, 0.0, 1.0]], [[-0.9232627749443054, 0.356763631105423, -0.14249764382839203, 1.017852783203125], [0.15960977971553802, 0.018826143816113472, -0.9870006442070007, 1.5718231201171875], [-0.3494432866573334, -0.934005081653595, -0.07432443648576736, -0.1072998046875], [0.0, 0.0, 0.0, 1.0]]], "view": [[0.0, -2.0, 100.0], [-2.0, 0.0, 100.0], [0.0, 0.0, 1.0]], "bev": "bev_61fedb60e18143218c49b9fe0f436be8.png", "aux": "aux_61fedb60e18143218c49b9fe0f436be8.npz", "visibility": "visibility_61fedb60e18143218c49b9fe0f436be8.png", "pose": [[0.9962158203125, -0.0869143009185791, 0.0, 899.6198120117188], [0.0869143009185791, 0.9962158203125, 0.0, 1722.9781494140625], [0.0, 0.0, 1.0, 0.0], [0.0, 0.0, 0.0, 1.0]], "pose_inverse": [[0.9962158203125, 0.0869143009185791, 0.0, -1045.9669189453125], [-0.0869143009185791, 0.9962158203125, 0.0, -1638.2681884765625], [0.0, 0.0, 1.0, 0.0], [0.0, 0.0, 0.0, 1.0]], "cam_ids": [0, 1, 2, 3, 4, 5], "cam_channels": ["CAM_FRONT_LEFT", "CAM_FRONT", "CAM_FRONT_RIGHT", "CAM_BACK_LEFT", "CAM_BACK", "CAM_BACK_RIGHT"], "token": "61fedb60e18143218c49b9fe0f436be8", "scene": "scene-1008"}, {"images": ["samples/CAM_FRONT_LEFT/n015-2018-11-14-18-57-54+0800__CAM_FRONT_LEFT__1542193562504844.jpg", "samples/CAM_FRONT/n015-2018-11-14-18-57-54+0800__CAM_FRONT__1542193562512460.jpg", "samples/CAM_FRONT_RIGHT/n015-2018-11-14-18-57-54+0800__CAM_FRONT_RIGHT__1542193562520339.jpg", "samples/CAM_BACK_LEFT/n015-2018-11-14-18-57-54+0800__CAM_BACK_LEFT__1542193562547423.jpg", "samples/CAM_BACK/n015-2018-11-14-18-57-54+0800__CAM_BACK__1542193562537525.jpg", "samples/CAM_BACK_RIGHT/n015-2018-11-14-18-57-54+0800__CAM_BACK_RIGHT__1542193562527893.jpg"], "intrinsics": [[[1272.5979470598488, 0.0, 826.6154927353808], [0.0, 1272.5979470598488, 479.75165386361925], [0.0, 0.0, 1.0]], [[1266.417203046554, 0.0, 816.2670197447984], [0.0, 1266.417203046554, 491.50706579294757], [0.0, 0.0, 1.0]], [[1260.8474446004698, 0.0, 807.968244525554], [0.0, 1260.8474446004698, 495.3344268742088], [0.0, 0.0, 1.0]], [[1256.7414812095406, 0.0, 792.1125740759628], [0.0, 1256.7414812095406, 492.7757465151356], [0.0, 0.0, 1.0]], [[809.2209905677063, 0.0, 829.2196003259838], [0.0, 809.2209905677063, 481.77842384512485], [0.0, 0.0, 1.0]], [[1259.5137405846733, 0.0, 807.2529053838625], [0.0, 1259.5137405846733, 501.19579884916527], [0.0, 0.0, 1.0]]], "extrinsics": [[[0.8136162757873535, -0.5728969573974609, 0.09908440709114075, -0.7496337890625], [0.1322108805179596, 0.016351450234651566, -0.9910867214202881, 1.5431060791015625], [0.5661703944206238, 0.8194643259048462, 0.08904701471328735, -1.1319580078125], [0.0, 0.0, 0.0, 1.0]], [[0.00513596972450614, -0.9999168515205383, -0.01182563416659832, 0.00732421875], [0.12689343094825745, 0.012381874956190586, -0.9918391108512878, 1.54815673828125], [0.9919030070304871, 0.003593469737097621, 0.12694646418094635, -1.4761962890625], [0.0, 0.0, 0.0, 1.0]], [[-0.8246522545814514, -0.5512669682502747, -0.12670224905014038, 0.892333984375], [0.13239437341690063, 0.029661398380994797, -0.990753173828125, 1.526153564453125], [0.5499276518821716, -0.8338015079498291, 0.04852430522441864, -1.1544189453125], [0.0, 0.0, 0.0, 1.0]], [[0.9390903115272522, 0.3166983723640442, 0.1334601193666458, -1.133056640625], [0.1407654583454132, -0.00019019129103980958, -0.9900429248809814, 1.5899505615234375], [-0.31351956725120544, 0.9485263228416443, -0.04475879296660423, -0.107177734375], [0.0, 0.0, 0.0, 1.0]], [[0.0034509135875850916, 0.999942421913147, 0.010163621976971626, 0.0025634765625], [0.11564949154853821, 0.009696406312286854, -0.9932427406311035, 1.5871734619140625], [-0.9932839870452881, 0.004602997563779354, -0.11560936272144318, -0.065185546875], [0.0, 0.0, 0.0, 1.0]], [[-0.9249350428581238, 0.357354998588562, -0.12958575785160065, 1.02069091796875], [0.14806699752807617, 0.024723324924707413, -0.9886682629585266, 1.5699310302734375], [-0.3501018285751343, -0.9336413145065308, -0.07577995210886002, -0.106689453125], [0.0, 0.0, 0.0, 1.0]]], "view": [[0.0, -2.0, 100.0], [-2.0, 0.0, 100.0], [0.0, 0.0, 1.0]], "bev": "bev_6ca71efe35114627aa31290b7454279f.png", "aux": "aux_6ca71efe35114627aa31290b7454279f.npz", "visibility": "visibility_6ca71efe35114627aa31290b7454279f.png", "pose": [[0.996729850769043, -0.08080612868070602, 0.0, 902.6376342773438], [0.08080612868070602, 0.996729850769043, 0.0, 1723.206787109375], [0.0, 0.0, 1.0, 0.0], [0.0, 0.0, 0.0, 1.0]], "pose_inverse": [[0.996729850769043, 0.08080612868070602, 0.0, -1038.9315185546875], [-0.08080612868070602, 0.996729850769043, 0.0, -1644.6329345703125], [0.0, 0.0, 1.0, 0.0], [0.0, 0.0, 0.0, 1.0]], "cam_ids": [0, 1, 2, 3, 4, 5], "cam_channels": ["CAM_FRONT_LEFT", "CAM_FRONT", "CAM_FRONT_RIGHT", "CAM_BACK_LEFT", "CAM_BACK", "CAM_BACK_RIGHT"], "token": "6ca71efe35114627aa31290b7454279f", "scene": "scene-1008"}, {"images": ["samples/CAM_FRONT_LEFT/n015-2018-11-14-18-57-54+0800__CAM_FRONT_LEFT__1542193563004850.jpg", "samples/CAM_FRONT/n015-2018-11-14-18-57-54+0800__CAM_FRONT__1542193563012460.jpg", "samples/CAM_FRONT_RIGHT/n015-2018-11-14-18-57-54+0800__CAM_FRONT_RIGHT__1542193563020339.jpg", "samples/CAM_BACK_LEFT/n015-2018-11-14-18-57-54+0800__CAM_BACK_LEFT__1542193563047423.jpg", "samples/CAM_BACK/n015-2018-11-14-18-57-54+0800__CAM_BACK__1542193563037525.jpg", "samples/CAM_BACK_RIGHT/n015-2018-11-14-18-57-54+0800__CAM_BACK_RIGHT__1542193563027893.jpg"], "intrinsics": [[[1272.5979470598488, 0.0, 826.6154927353808], [0.0, 1272.5979470598488, 479.75165386361925], [0.0, 0.0, 1.0]], [[1266.417203046554, 0.0, 816.2670197447984], [0.0, 1266.417203046554, 491.50706579294757], [0.0, 0.0, 1.0]], [[1260.8474446004698, 0.0, 807.968244525554], [0.0, 1260.8474446004698, 495.3344268742088], [0.0, 0.0, 1.0]], [[1256.7414812095406, 0.0, 792.1125740759628], [0.0, 1256.7414812095406, 492.7757465151356], [0.0, 0.0, 1.0]], [[809.2209905677063, 0.0, 829.2196003259838], [0.0, 809.2209905677063, 481.77842384512485], [0.0, 0.0, 1.0]], [[1259.5137405846733, 0.0, 807.2529053838625], [0.0, 1259.5137405846733, 501.19579884916527], [0.0, 0.0, 1.0]]], "extrinsics": [[[0.8128781914710999, -0.5729777216911316, 0.10452523827552795, -0.744171142578125], [0.14250648021697998, 0.0216530654579401, -0.9895569682121277, 1.546356201171875], [0.5647307634353638, 0.8192849159240723, 0.09925434738397598, -1.1328125], [0.0, 0.0, 0.0, 1.0]], [[0.005703211762011051, -0.9998413324356079, -0.01687478832900524, 0.0101318359375], [0.13730311393737793, 0.017498202621936798, -0.9903745651245117, 1.55084228515625], [0.9905126690864563, 0.0033313455060124397, 0.13738112151622772, -1.47314453125], [0.0, 0.0, 0.0, 1.0]], [[-0.8230822682380676, -0.5508590340614319, -0.1381656676530838, 0.8919677734375], [0.1428932249546051, 0.03458492457866669, -0.9891335964202881, 1.528228759765625], [0.5496516227722168, -0.8338814377784729, 0.050247788429260254, -1.15142822265625], [0.0, 0.0, 0.0, 1.0]], [[0.9377313852310181, 0.31575632095336914, 0.14476817846298218, -1.1343994140625], [0.1514381468296051, 0.0034499643370509148, -0.9884606599807739, 1.58984375], [-0.3126121163368225, 0.9488341212272644, -0.04458240792155266, -0.1064453125], [0.0, 0.0, 0.0, 1.0]], [[0.003413194790482521, 0.9998902082443237, 0.014424911700189114, 0.001953125], [0.1263578087091446, 0.013878132216632366, -0.9918876886367798, 1.5879058837890625], [-0.9919788837432861, 0.005208201706409454, -0.12629656493663788, -0.06549072265625], [0.0, 0.0, 0.0, 1.0]], [[-0.9235665798187256, 0.3578217625617981, -0.13779808580875397, 1.018707275390625], [0.15863379836082458, 0.02938876487314701, -0.9869000315666199, 1.5714263916015625], [-0.34908461570739746, -0.9333273768424988, -0.08390510827302933, -0.1055908203125], [0.0, 0.0, 0.0, 1.0]]], "view": [[0.0, -2.0, 100.0], [-2.0, 0.0, 100.0], [0.0, 0.0, 1.0]], "bev": "bev_2f80aa634cdb4615b84ee369b1805693.png", "aux": "aux_2f80aa634cdb4615b84ee369b1805693.npz", "visibility": "visibility_2f80aa634cdb4615b84ee369b1805693.png", "pose": [[0.9973008036613464, -0.07342421263456345, 0.0, 905.650146484375], [0.07342421263456345, 0.9973008036613464, 0.0, 1723.4219970703125], [0.0, 0.0, 1.0, 0.0], [0.0, 0.0, 0.0, 1.0]], "pose_inverse": [[0.9973008036613464, 0.07342421263456345, 0.0, -1029.7464599609375], [-0.07342421263456345, 0.9973008036613464, 0.0, -1652.2734375], [0.0, 0.0, 1.0, 0.0], [0.0, 0.0, 0.0, 1.0]], "cam_ids": [0, 1, 2, 3, 4, 5], "cam_channels": ["CAM_FRONT_LEFT", "CAM_FRONT", "CAM_FRONT_RIGHT", "CAM_BACK_LEFT", "CAM_BACK", "CAM_BACK_RIGHT"], "token": "2f80aa634cdb4615b84ee369b1805693", "scene": "scene-1008"}, {"images": ["samples/CAM_FRONT_LEFT/n015-2018-11-14-18-57-54+0800__CAM_FRONT_LEFT__1542193563504844.jpg", "samples/CAM_FRONT/n015-2018-11-14-18-57-54+0800__CAM_FRONT__1542193563512460.jpg", "samples/CAM_FRONT_RIGHT/n015-2018-11-14-18-57-54+0800__CAM_FRONT_RIGHT__1542193563520339.jpg", "samples/CAM_BACK_LEFT/n015-2018-11-14-18-57-54+0800__CAM_BACK_LEFT__1542193563547423.jpg", "samples/CAM_BACK/n015-2018-11-14-18-57-54+0800__CAM_BACK__1542193563537525.jpg", "samples/CAM_BACK_RIGHT/n015-2018-11-14-18-57-54+0800__CAM_BACK_RIGHT__1542193563527893.jpg"], "intrinsics": [[[1272.5979470598488, 0.0, 826.6154927353808], [0.0, 1272.5979470598488, 479.75165386361925], [0.0, 0.0, 1.0]], [[1266.417203046554, 0.0, 816.2670197447984], [0.0, 1266.417203046554, 491.50706579294757], [0.0, 0.0, 1.0]], [[1260.8474446004698, 0.0, 807.968244525554], [0.0, 1260.8474446004698, 495.3344268742088], [0.0, 0.0, 1.0]], [[1256.7414812095406, 0.0, 792.1125740759628], [0.0, 1256.7414812095406, 492.7757465151356], [0.0, 0.0, 1.0]], [[809.2209905677063, 0.0, 829.2196003259838], [0.0, 809.2209905677063, 481.77842384512485], [0.0, 0.0, 1.0]], [[1259.5137405846733, 0.0, 807.2529053838625], [0.0, 1259.5137405846733, 501.19579884916527], [0.0, 0.0, 1.0]]], "extrinsics": [[[0.8147450685501099, -0.5722331404685974, 0.09348626434803009, -0.7561798095703125], [0.12587888538837433, 0.017179138958454132, -0.9918968677520752, 1.54022216796875], [0.5659902691841125, 0.819911003112793, 0.08602869510650635, -1.1383056640625], [0.0, 0.0, 0.0, 1.0]], [[0.005829780828207731, -0.9999107122421265, -0.012021061964333057, 0.0084228515625], [0.12047996371984482, 0.012636030092835426, -0.9926353693008423, 1.545806884765625], [0.9926986694335938, 0.004338544327765703, 0.12054288387298584, -1.48388671875], [0.0, 0.0, 0.0, 1.0]], [[-0.8251063227653503, -0.5518510341644287, -0.12107785791158676, 0.8980712890625], [0.12589327991008759, 0.02933158539235592, -0.991610050201416, 1.524200439453125], [0.5507723689079285, -0.8334267139434814, 0.045272670686244965, -1.15716552734375], [0.0, 0.0, 0.0, 1.0]], [[0.9398642778396606, 0.31742042303085327, 0.12609286606311798, -1.139404296875], [0.13370124995708466, -0.0022071553394198418, -0.9910191893577576, 1.5889892578125], [-0.31429147720336914, 0.9482823014259338, -0.04451394081115723, -0.10546875], [0.0, 0.0, 0.0, 1.0]], [[0.0030638736207038164, 0.999959409236908, 0.008482021279633045, 0.0023193359375], [0.10884564369916916, 0.008098185993731022, -0.994025707244873, 1.5861587524414062], [-0.9940539598464966, 0.0039687990210950375, -0.10881640017032623, -0.06024169921875], [0.0, 0.0, 0.0, 1.0]], [[-0.9259636998176575, 0.3567458987236023, -0.12378828227519989, 1.025177001953125], [0.14148978888988495, 0.023846207186579704, -0.9896524548530579, 1.568328857421875], [-0.35010257363319397, -0.9338970184326172, -0.07255662977695465, -0.104248046875], [0.0, 0.0, 0.0, 1.0]]], "view": [[0.0, -2.0, 100.0], [-2.0, 0.0, 100.0], [0.0, 0.0, 1.0]], "bev": "bev_3d38aef57e6c4276b6ed05bc7dfb4b93.png", "aux": "aux_3d38aef57e6c4276b6ed05bc7dfb4b93.npz", "visibility": "visibility_3d38aef57e6c4276b6ed05bc7dfb4b93.png", "pose": [[0.9975753426551819, -0.0695946216583252, 0.0, 908.6143188476562], [0.0695946216583252, 0.9975753426551819, 0.0, 1723.6053466796875], [0.0, 0.0, 1.0, 0.0], [0.0, 0.0, 0.0, 1.0]], "pose_inverse": [[0.9975753426551819, 0.0695946216583252, 0.0, -1026.3648681640625], [-0.0695946216583252, 0.9975753426551819, 0.0, -1656.1915283203125], [0.0, 0.0, 1.0, 0.0], [0.0, 0.0, 0.0, 1.0]], "cam_ids": [0, 1, 2, 3, 4, 5], "cam_channels": ["CAM_FRONT_LEFT", "CAM_FRONT", "CAM_FRONT_RIGHT", "CAM_BACK_LEFT", "CAM_BACK", "CAM_BACK_RIGHT"], "token": "3d38aef57e6c4276b6ed05bc7dfb4b93", "scene": "scene-1008"}, {"images": ["samples/CAM_FRONT_LEFT/n015-2018-11-14-18-57-54+0800__CAM_FRONT_LEFT__1542193564004844.jpg", "samples/CAM_FRONT/n015-2018-11-14-18-57-54+0800__CAM_FRONT__1542193564012460.jpg", "samples/CAM_FRONT_RIGHT/n015-2018-11-14-18-57-54+0800__CAM_FRONT_RIGHT__1542193564020339.jpg", "samples/CAM_BACK_LEFT/n015-2018-11-14-18-57-54+0800__CAM_BACK_LEFT__1542193564047423.jpg", "samples/CAM_BACK/n015-2018-11-14-18-57-54+0800__CAM_BACK__1542193564037525.jpg", "samples/CAM_BACK_RIGHT/n015-2018-11-14-18-57-54+0800__CAM_BACK_RIGHT__1542193564027893.jpg"], "intrinsics": [[[1272.5979470598488, 0.0, 826.6154927353808], [0.0, 1272.5979470598488, 479.75165386361925], [0.0, 0.0, 1.0]], [[1266.417203046554, 0.0, 816.2670197447984], [0.0, 1266.417203046554, 491.50706579294757], [0.0, 0.0, 1.0]], [[1260.8474446004698, 0.0, 807.968244525554], [0.0, 1260.8474446004698, 495.3344268742088], [0.0, 0.0, 1.0]], [[1256.7414812095406, 0.0, 792.1125740759628], [0.0, 1256.7414812095406, 492.7757465151356], [0.0, 0.0, 1.0]], [[809.2209905677063, 0.0, 829.2196003259838], [0.0, 809.2209905677063, 481.77842384512485], [0.0, 0.0, 1.0]], [[1259.5137405846733, 0.0, 807.2529053838625], [0.0, 1259.5137405846733, 501.19579884916527], [0.0, 0.0, 1.0]]], "extrinsics": [[[0.8142251372337341, -0.5720648765563965, 0.09889033436775208, -0.755889892578125], [0.12653200328350067, 0.008624418638646603, -0.9919250011444092, 1.54058837890625], [0.5665925741195679, 0.8201630711555481, 0.0794067233800888, -1.1368408203125], [0.0, 0.0, 0.0, 1.0]], [[0.005195900797843933, -0.9999794363975525, -0.0037520057521760464, 0.007568359375], [0.12127135694026947, 0.004354482050985098, -0.9926098585128784, 1.5460968017578125], [0.9926056861877441, 0.0047024888917803764, 0.12129149585962296, -1.48309326171875], [0.0, 0.0, 0.0, 1.0]], [[-0.8252600431442261, -0.5524076223373413, -0.11743777990341187, 0.8974609375], [0.1268383115530014, 0.021338827908039093, -0.9916938543319702, 1.5244598388671875], [0.550325334072113, -0.8333009481430054, 0.05245637521147728, -1.1573486328125], [0.0, 0.0, 0.0, 1.0]], [[0.939750611782074, 0.31812939047813416, 0.12514911592006683, -1.142822265625], [0.13530871272087097, -0.009947290644049644, -0.9907535314559937, 1.5884323120117188], [-0.31394290924072266, 0.9479951858520508, -0.05239364877343178, -0.1029052734375], [0.0, 0.0, 0.0, 1.0]], [[0.003312033601105213, 0.9999942183494568, 0.00083908811211586, 0.0029296875], [0.11015871167182922, 0.000469135120511055, -0.9939138889312744, 1.5860977172851562], [-0.9939084649085999, 0.003384307026863098, -0.11015651375055313, -0.0587158203125], [0.0, 0.0, 0.0, 1.0]], [[-0.9257082343101501, 0.3560772240161896, -0.1275673359632492, 1.0250244140625], [0.14256702363491058, 0.01608601026237011, -0.9896544814109802, 1.568511962890625], [-0.3503413796424866, -0.9343181252479553, -0.06565582007169724, -0.1046142578125], [0.0, 0.0, 0.0, 1.0]]], "view": [[0.0, -2.0, 100.0], [-2.0, 0.0, 100.0], [0.0, 0.0, 1.0]], "bev": "bev_e1c7930eebd846418cd837315947fcd8.png", "aux": "aux_e1c7930eebd846418cd837315947fcd8.npz", "visibility": "visibility_e1c7930eebd846418cd837315947fcd8.png", "pose": [[0.997807502746582, -0.06618323922157288, 0.0, 911.606689453125], [0.06618323922157288, 0.997807502746582, 0.0, 1723.7838134765625], [0.0, 0.0, 1.0, 0.0], [0.0, 0.0, 0.0, 1.0]], "pose_inverse": [[0.997807502746582, 0.06618323922157288, 0.0, -1023.6935424804688], [-0.06618323922157288, 0.997807502746582, 0.0, -1659.6712646484375], [0.0, 0.0, 1.0, 0.0], [0.0, 0.0, 0.0, 1.0]], "cam_ids": [0, 1, 2, 3, 4, 5], "cam_channels": ["CAM_FRONT_LEFT", "CAM_FRONT", "CAM_FRONT_RIGHT", "CAM_BACK_LEFT", "CAM_BACK", "CAM_BACK_RIGHT"], "token": "e1c7930eebd846418cd837315947fcd8", "scene": "scene-1008"}, {"images": ["samples/CAM_FRONT_LEFT/n015-2018-11-14-18-57-54+0800__CAM_FRONT_LEFT__1542193564404844.jpg", "samples/CAM_FRONT/n015-2018-11-14-18-57-54+0800__CAM_FRONT__1542193564412460.jpg", "samples/CAM_FRONT_RIGHT/n015-2018-11-14-18-57-54+0800__CAM_FRONT_RIGHT__1542193564420339.jpg", "samples/CAM_BACK_LEFT/n015-2018-11-14-18-57-54+0800__CAM_BACK_LEFT__1542193564447423.jpg", "samples/CAM_BACK/n015-2018-11-14-18-57-54+0800__CAM_BACK__1542193564437525.jpg", "samples/CAM_BACK_RIGHT/n015-2018-11-14-18-57-54+0800__CAM_BACK_RIGHT__1542193564427893.jpg"], "intrinsics": [[[1272.5979470598488, 0.0, 826.6154927353808], [0.0, 1272.5979470598488, 479.75165386361925], [0.0, 0.0, 1.0]], [[1266.417203046554, 0.0, 816.2670197447984], [0.0, 1266.417203046554, 491.50706579294757], [0.0, 0.0, 1.0]], [[1260.8474446004698, 0.0, 807.968244525554], [0.0, 1260.8474446004698, 495.3344268742088], [0.0, 0.0, 1.0]], [[1256.7414812095406, 0.0, 792.1125740759628], [0.0, 1256.7414812095406, 492.7757465151356], [0.0, 0.0, 1.0]], [[809.2209905677063, 0.0, 829.2196003259838], [0.0, 809.2209905677063, 481.77842384512485], [0.0, 0.0, 1.0]], [[1259.5137405846733, 0.0, 807.2529053838625], [0.0, 1259.5137405846733, 501.19579884916527], [0.0, 0.0, 1.0]]], "extrinsics": [[[0.8142626881599426, -0.5725109577178955, 0.09595610946416855, -0.7525405883789062], [0.11957919597625732, 0.003671434707939625, -0.9928178787231445, 1.5394210815429688], [0.5680467486381531, 0.8198888897895813, 0.07144991308450699, -1.1322021484375], [0.0, 0.0, 0.0, 1.0]], [[0.004275706596672535, -0.9999904036521912, 0.0009531879331916571, 0.0059814453125], [0.11431743949651718, -0.00045815546764060855, -0.9934442043304443, 1.5450668334960938], [0.9934350252151489, 0.0043566301465034485, 0.11431436985731125, -1.4788818359375], [0.0, 0.0, 0.0, 1.0]], [[-0.8264378905296326, -0.5523548126220703, -0.10910748690366745, 0.894287109375], [0.11991079896688461, 0.016667066141963005, -0.992644727230072, 1.523681640625], [0.5501106381416321, -0.8334424495697021, 0.05245901271700859, -1.15667724609375], [0.0, 0.0, 0.0, 1.0]], [[0.9406773447990417, 0.31832659244537354, 0.11744926124811172, -1.137451171875], [0.12860479950904846, -0.014179066754877567, -0.9915945529937744, 1.5891876220703125], [-0.31398555636405945, 0.9478750824928284, -0.054276250302791595, -0.105224609375], [0.0, 0.0, 0.0, 1.0]], [[0.003662767820060253, 0.9999871253967285, -0.003523098537698388, 0.003173828125], [0.10331946611404419, -0.0038827010430395603, -0.9946406483650208, 1.5859451293945312], [-0.9946414828300476, 0.0032791176345199347, -0.10333235561847687, -0.0615234375], [0.0, 0.0, 0.0, 1.0]], [[-0.9264028668403625, 0.3559706211090088, -0.12273062020540237, 1.023590087890625], [0.1356872320175171, 0.011556333862245083, -0.9906843304634094, 1.5679168701171875], [-0.35123616456985474, -0.9344257116317749, -0.05900648608803749, -0.1060791015625], [0.0, 0.0, 0.0, 1.0]]], "view": [[0.0, -2.0, 100.0], [-2.0, 0.0, 100.0], [0.0, 0.0, 1.0]], "bev": "bev_1fcf12ada7fd417db8cef0123c516638.png", "aux": "aux_1fcf12ada7fd417db8cef0123c516638.npz", "visibility": "visibility_1fcf12ada7fd417db8cef0123c516638.png", "pose": [[0.9976344704627991, -0.0687420517206192, 0.0, 914.0458984375], [0.0687420517206192, 0.9976344704627991, 0.0, 1723.93798828125], [0.0, 0.0, 1.0, 0.0], [0.0, 0.0, 0.0, 1.0]], "pose_inverse": [[0.9976344704627991, 0.0687420517206192, 0.0, -1030.3907470703125], [-0.0687420517206192, 0.9976344704627991, 0.0, -1657.026611328125], [0.0, 0.0, 1.0, 0.0], [0.0, 0.0, 0.0, 1.0]], "cam_ids": [0, 1, 2, 3, 4, 5], "cam_channels": ["CAM_FRONT_LEFT", "CAM_FRONT", "CAM_FRONT_RIGHT", "CAM_BACK_LEFT", "CAM_BACK", "CAM_BACK_RIGHT"], "token": "1fcf12ada7fd417db8cef0123c516638", "scene": "scene-1008"}, {"images": ["samples/CAM_FRONT_LEFT/n015-2018-11-14-18-57-54+0800__CAM_FRONT_LEFT__1542193564904844.jpg", "samples/CAM_FRONT/n015-2018-11-14-18-57-54+0800__CAM_FRONT__1542193564912460.jpg", "samples/CAM_FRONT_RIGHT/n015-2018-11-14-18-57-54+0800__CAM_FRONT_RIGHT__1542193564920339.jpg", "samples/CAM_BACK_LEFT/n015-2018-11-14-18-57-54+0800__CAM_BACK_LEFT__1542193564947423.jpg", "samples/CAM_BACK/n015-2018-11-14-18-57-54+0800__CAM_BACK__1542193564937525.jpg", "samples/CAM_BACK_RIGHT/n015-2018-11-14-18-57-54+0800__CAM_BACK_RIGHT__1542193564927893.jpg"], "intrinsics": [[[1272.5979470598488, 0.0, 826.6154927353808], [0.0, 1272.5979470598488, 479.75165386361925], [0.0, 0.0, 1.0]], [[1266.417203046554, 0.0, 816.2670197447984], [0.0, 1266.417203046554, 491.50706579294757], [0.0, 0.0, 1.0]], [[1260.8474446004698, 0.0, 807.968244525554], [0.0, 1260.8474446004698, 495.3344268742088], [0.0, 0.0, 1.0]], [[1256.7414812095406, 0.0, 792.1125740759628], [0.0, 1256.7414812095406, 492.7757465151356], [0.0, 0.0, 1.0]], [[809.2209905677063, 0.0, 829.2196003259838], [0.0, 809.2209905677063, 481.77842384512485], [0.0, 0.0, 1.0]], [[1259.5137405846733, 0.0, 807.2529053838625], [0.0, 1259.5137405846733, 501.19579884916527], [0.0, 0.0, 1.0]]], "extrinsics": [[[0.8136839270591736, -0.5720793604850769, 0.10316886752843857, -0.754241943359375], [0.12790364027023315, 0.0030627064406871796, -0.9917818903923035, 1.541290283203125], [0.5670620203018188, 0.8201926350593567, 0.07566310465335846, -1.134521484375], [0.0, 0.0, 0.0, 1.0]], [[0.0045991442166268826, -0.9999880790710449, 0.0016323970630764961, 0.0067138671875], [0.1226898655295372, -0.0010558083886280656, -0.9924445152282715, 1.54669189453125], [0.9924343824386597, 0.004764665383845568, 0.12268354743719101, -1.480712890625], [0.0, 0.0, 0.0, 1.0]], [[-0.8253605365753174, -0.5526099801063538, -0.11576749384403229, 0.895263671875], [0.1283145695924759, 0.016086598858237267, -0.9916030168533325, 1.524993896484375], [0.5498319864273071, -0.8332847356796265, 0.057630665600299835, -1.15667724609375], [0.0, 0.0, 0.0, 1.0]], [[0.9396432638168335, 0.318325936794281, 0.12545545399188995, -1.137939453125], [0.1369854062795639, -0.014001574367284775, -0.9904741048812866, 1.5891876220703125], [-0.31353703141212463, 0.9478779435157776, -0.05676249787211418, -0.1055908203125], [0.0, 0.0, 0.0, 1.0]], [[0.0036247442476451397, 0.9999866485595703, -0.0037088915705680847, 0.0028076171875], [0.11174917966127396, -0.004090746399015188, -0.9937280416488647, 1.5865554809570312], [-0.9937298893928528, 0.0031875416170805693, -0.11176250129938126, -0.062255859375], [0.0, 0.0, 0.0, 1.0]], [[-0.9253864884376526, 0.355787992477417, -0.1306709349155426, 1.02325439453125], [0.14408758282661438, 0.011348937638103962, -0.9894998669624329, 1.5689849853515625], [-0.3505692183971405, -0.9344978332519531, -0.061766788363456726, -0.1058349609375], [0.0, 0.0, 0.0, 1.0]]], "view": [[0.0, -2.0, 100.0], [-2.0, 0.0, 100.0], [0.0, 0.0, 1.0]], "bev": "bev_79d5bc30d0214986b51e5c460c294fdc.png", "aux": "aux_79d5bc30d0214986b51e5c460c294fdc.npz", "visibility": "visibility_79d5bc30d0214986b51e5c460c294fdc.png", "pose": [[0.9973965883255005, -0.07211153209209442, 0.0, 917.0674438476562], [0.07211153209209442, 0.9973965883255005, 0.0, 1724.1431884765625], [0.0, 0.0, 1.0, 0.0], [0.0, 0.0, 0.0, 1.0]], "pose_inverse": [[0.9973965883255005, 0.07211153209209442, 0.0, -1039.010498046875], [-0.07211153209209442, 0.9973965883255005, 0.0, -1653.5233154296875], [0.0, 0.0, 1.0, 0.0], [0.0, 0.0, 0.0, 1.0]], "cam_ids": [0, 1, 2, 3, 4, 5], "cam_channels": ["CAM_FRONT_LEFT", "CAM_FRONT", "CAM_FRONT_RIGHT", "CAM_BACK_LEFT", "CAM_BACK", "CAM_BACK_RIGHT"], "token": "79d5bc30d0214986b51e5c460c294fdc", "scene": "scene-1008"}, {"images": ["samples/CAM_FRONT_LEFT/n015-2018-11-14-18-57-54+0800__CAM_FRONT_LEFT__1542193565404844.jpg", "samples/CAM_FRONT/n015-2018-11-14-18-57-54+0800__CAM_FRONT__1542193565412460.jpg", "samples/CAM_FRONT_RIGHT/n015-2018-11-14-18-57-54+0800__CAM_FRONT_RIGHT__1542193565420339.jpg", "samples/CAM_BACK_LEFT/n015-2018-11-14-18-57-54+0800__CAM_BACK_LEFT__1542193565447423.jpg", "samples/CAM_BACK/n015-2018-11-14-18-57-54+0800__CAM_BACK__1542193565437525.jpg", "samples/CAM_BACK_RIGHT/n015-2018-11-14-18-57-54+0800__CAM_BACK_RIGHT__1542193565427893.jpg"], "intrinsics": [[[1272.5979470598488, 0.0, 826.6154927353808], [0.0, 1272.5979470598488, 479.75165386361925], [0.0, 0.0, 1.0]], [[1266.417203046554, 0.0, 816.2670197447984], [0.0, 1266.417203046554, 491.50706579294757], [0.0, 0.0, 1.0]], [[1260.8474446004698, 0.0, 807.968244525554], [0.0, 1260.8474446004698, 495.3344268742088], [0.0, 0.0, 1.0]], [[1256.7414812095406, 0.0, 792.1125740759628], [0.0, 1256.7414812095406, 492.7757465151356], [0.0, 0.0, 1.0]], [[809.2209905677063, 0.0, 829.2196003259838], [0.0, 809.2209905677063, 481.77842384512485], [0.0, 0.0, 1.0]], [[1259.5137405846733, 0.0, 807.2529053838625], [0.0, 1259.5137405846733, 501.19579884916527], [0.0, 0.0, 1.0]]], "extrinsics": [[[0.813991904258728, -0.5712632536888123, 0.10523992776870728, -0.7476348876953125], [0.12967829406261444, 0.002111186273396015, -0.9915538430213928, 1.542724609375], [0.5662161111831665, 0.8207641839981079, 0.07579893618822098, -1.1309814453125], [0.0, 0.0, 0.0, 1.0]], [[0.005309178493916988, -0.9999818205833435, 0.0028578320052474737, 0.007568359375], [0.1244366466999054, -0.0021749967709183693, -0.992225170135498, 1.5478057861328125], [0.9922133684158325, 0.005623509641736746, 0.1244228333234787, -1.4749755859375], [0.0, 0.0, 0.0, 1.0]], [[-0.8248521089553833, -0.5532284379005432, -0.11643543094396591, 0.8919677734375], [0.13001655042171478, 0.01480365265160799, -0.9914012551307678, 1.5258636474609375], [0.5501951575279236, -0.8328980207443237, 0.05971803143620491, -1.15362548828125], [0.0, 0.0, 0.0, 1.0]], [[0.9392988085746765, 0.3190009295940399, 0.12631742656230927, -1.13525390625], [0.13865360617637634, -0.01616464927792549, -0.9902089834213257, 1.5896072387695312], [-0.3138357102870941, 0.9476165771484375, -0.05941407382488251, -0.1065673828125], [0.0, 0.0, 0.0, 1.0]], [[0.00327645824290812, 0.9999794960021973, -0.0055059888400137424, 0.00244140625], [0.1134689599275589, -0.005842229351401329, -0.9935243725776672, 1.586944580078125], [-0.9935360550880432, 0.002630476839840412, -0.11348577588796616, -0.064453125], [0.0, 0.0, 0.0, 1.0]], [[-0.925293505191803, 0.35520967841148376, -0.13288317620754242, 1.02044677734375], [0.14578725397586823, 0.009681159630417824, -0.9892686009407043, 1.5696258544921875], [-0.35011133551597595, -0.9347364902496338, -0.06074295938014984, -0.1064453125], [0.0, 0.0, 0.0, 1.0]]], "view": [[0.0, -2.0, 100.0], [-2.0, 0.0, 100.0], [0.0, 0.0, 1.0]], "bev": "bev_f815eda24aec48198b648ac7c54f601c.png", "aux": "aux_f815eda24aec48198b648ac7c54f601c.npz", "visibility": "visibility_f815eda24aec48198b648ac7c54f601c.png", "pose": [[0.9974266886711121, -0.07169369608163834, 0.0, 920.0631713867188], [0.07169369608163834, 0.9974266886711121, 0.0, 1724.3492431640625], [0.0, 0.0, 1.0, 0.0], [0.0, 0.0, 0.0, 1.0]], "pose_inverse": [[0.9974266886711121, 0.07169369608163834, 0.0, -1041.320556640625], [-0.07169369608163834, 0.9974266886711121, 0.0, -1653.94921875], [0.0, 0.0, 1.0, 0.0], [0.0, 0.0, 0.0, 1.0]], "cam_ids": [0, 1, 2, 3, 4, 5], "cam_channels": ["CAM_FRONT_LEFT", "CAM_FRONT", "CAM_FRONT_RIGHT", "CAM_BACK_LEFT", "CAM_BACK", "CAM_BACK_RIGHT"], "token": "f815eda24aec48198b648ac7c54f601c", "scene": "scene-1008"}, {"images": ["samples/CAM_FRONT_LEFT/n015-2018-11-14-18-57-54+0800__CAM_FRONT_LEFT__1542193565904844.jpg", "samples/CAM_FRONT/n015-2018-11-14-18-57-54+0800__CAM_FRONT__1542193565912460.jpg", "samples/CAM_FRONT_RIGHT/n015-2018-11-14-18-57-54+0800__CAM_FRONT_RIGHT__1542193565920339.jpg", "samples/CAM_BACK_LEFT/n015-2018-11-14-18-57-54+0800__CAM_BACK_LEFT__1542193565947423.jpg", "samples/CAM_BACK/n015-2018-11-14-18-57-54+0800__CAM_BACK__1542193565937525.jpg", "samples/CAM_BACK_RIGHT/n015-2018-11-14-18-57-54+0800__CAM_BACK_RIGHT__1542193565927893.jpg"], "intrinsics": [[[1272.5979470598488, 0.0, 826.6154927353808], [0.0, 1272.5979470598488, 479.75165386361925], [0.0, 0.0, 1.0]], [[1266.417203046554, 0.0, 816.2670197447984], [0.0, 1266.417203046554, 491.50706579294757], [0.0, 0.0, 1.0]], [[1260.8474446004698, 0.0, 807.968244525554], [0.0, 1260.8474446004698, 495.3344268742088], [0.0, 0.0, 1.0]], [[1256.7414812095406, 0.0, 792.1125740759628], [0.0, 1256.7414812095406, 492.7757465151356], [0.0, 0.0, 1.0]], [[809.2209905677063, 0.0, 829.2196003259838], [0.0, 809.2209905677063, 481.77842384512485], [0.0, 0.0, 1.0]], [[1259.5137405846733, 0.0, 807.2529053838625], [0.0, 1259.5137405846733, 501.19579884916527], [0.0, 0.0, 1.0]]], "extrinsics": [[[0.813834011554718, -0.5721853375434875, 0.10138005018234253, -0.7614517211914062], [0.1272178441286087, 0.005206850357353687, -0.99186110496521, 1.5400238037109375], [0.5670005679130554, 0.8201076984405518, 0.07702970504760742, -1.138916015625], [0.0, 0.0, 0.0, 1.0]], [[0.004728824365884066, -0.9999887347221375, -0.00039664929499849677, 0.006103515625], [0.12165828049182892, 0.0009690152364782989, -0.9925715923309326, 1.5454940795898438], [0.9925607442855835, 0.004645440261811018, 0.1216614842414856, -1.4884033203125], [0.0, 0.0, 0.0, 1.0]], [[-0.8254579305648804, -0.5524864792823792, -0.11566201597452164, 0.901123046875], [0.1269243061542511, 0.017986007034778595, -0.9917492866516113, 1.5238494873046875], [0.5500082969665527, -0.8333277702331543, 0.055277273058891296, -1.16094970703125], [0.0, 0.0, 0.0, 1.0]], [[0.9401553273200989, 0.31767305731773376, 0.12325487285852432, -1.14111328125], [0.13433188199996948, -0.013113490305840969, -0.9908495545387268, 1.588653564453125], [-0.31314992904663086, 0.9481096267700195, -0.05500234290957451, -0.1029052734375], [0.0, 0.0, 0.0, 1.0]], [[0.003749743103981018, 0.9999900460243225, -0.0024264466483145952, 0.003173828125], [0.10960011184215546, -0.0028228184673935175, -0.9939717650413513, 1.5858001708984375], [-0.9939687252044678, 0.0034612019080668688, -0.10960961133241653, -0.0567626953125], [0.0, 0.0, 0.0, 1.0]], [[-0.9256324768066406, 0.3559178113937378, -0.12855713069438934, 1.02960205078125], [0.142367422580719, 0.012763801030814648, -0.9897316098213196, 1.5678253173828125], [-0.3506222367286682, -0.9344300627708435, -0.062485698610544205, -0.1038818359375], [0.0, 0.0, 0.0, 1.0]]], "view": [[0.0, -2.0, 100.0], [-2.0, 0.0, 100.0], [0.0, 0.0, 1.0]], "bev": "bev_a9c8d6335a834e34a5fbbca5551c5c39.png", "aux": "aux_a9c8d6335a834e34a5fbbca5551c5c39.npz", "visibility": "visibility_a9c8d6335a834e34a5fbbca5551c5c39.png", "pose": [[0.9975075721740723, -0.07055912166833878, 0.0, 922.9833374023438], [0.07055912166833878, 0.9975075721740723, 0.0, 1724.5361328125], [0.0, 0.0, 1.0, 0.0], [0.0, 0.0, 0.0, 1.0]], "pose_inverse": [[0.9975075721740723, 0.07055912166833878, 0.0, -1042.3646240234375], [-0.07055912166833878, 0.9975075721740723, 0.0, -1655.113037109375], [0.0, 0.0, 1.0, 0.0], [0.0, 0.0, 0.0, 1.0]], "cam_ids": [0, 1, 2, 3, 4, 5], "cam_channels": ["CAM_FRONT_LEFT", "CAM_FRONT", "CAM_FRONT_RIGHT", "CAM_BACK_LEFT", "CAM_BACK", "CAM_BACK_RIGHT"], "token": "a9c8d6335a834e34a5fbbca5551c5c39", "scene": "scene-1008"}, {"images": ["samples/CAM_FRONT_LEFT/n015-2018-11-14-18-57-54+0800__CAM_FRONT_LEFT__1542193566404844.jpg", "samples/CAM_FRONT/n015-2018-11-14-18-57-54+0800__CAM_FRONT__1542193566412460.jpg", "samples/CAM_FRONT_RIGHT/n015-2018-11-14-18-57-54+0800__CAM_FRONT_RIGHT__1542193566420339.jpg", "samples/CAM_BACK_LEFT/n015-2018-11-14-18-57-54+0800__CAM_BACK_LEFT__1542193566447423.jpg", "samples/CAM_BACK/n015-2018-11-14-18-57-54+0800__CAM_BACK__1542193566437525.jpg", "samples/CAM_BACK_RIGHT/n015-2018-11-14-18-57-54+0800__CAM_BACK_RIGHT__1542193566427893.jpg"], "intrinsics": [[[1272.5979470598488, 0.0, 826.6154927353808], [0.0, 1272.5979470598488, 479.75165386361925], [0.0, 0.0, 1.0]], [[1266.417203046554, 0.0, 816.2670197447984], [0.0, 1266.417203046554, 491.50706579294757], [0.0, 0.0, 1.0]], [[1260.8474446004698, 0.0, 807.968244525554], [0.0, 1260.8474446004698, 495.3344268742088], [0.0, 0.0, 1.0]], [[1256.7414812095406, 0.0, 792.1125740759628], [0.0, 1256.7414812095406, 492.7757465151356], [0.0, 0.0, 1.0]], [[809.2209905677063, 0.0, 829.2196003259838], [0.0, 809.2209905677063, 481.77842384512485], [0.0, 0.0, 1.0]], [[1259.5137405846733, 0.0, 807.2529053838625], [0.0, 1259.5137405846733, 501.19579884916527], [0.0, 0.0, 1.0]]], "extrinsics": [[[0.8150190711021423, -0.5721143484115601, 0.09180983155965805, -0.7615585327148438], [0.1212247684597969, 0.013417039066553116, -0.9925343990325928, 1.538421630859375], [0.5666114091873169, 0.820064127445221, 0.0802895575761795, -1.14013671875], [0.0, 0.0, 0.0, 1.0]], [[0.005564566235989332, -0.9999448657035828, -0.008900267072021961, 0.0069580078125], [0.11603697389364243, 0.009485959075391293, -0.9931996464729309, 1.54425048828125], [0.993229329586029, 0.00449396064504981, 0.11608336120843887, -1.4893798828125], [0.0, 0.0, 0.0, 1.0]], [[-0.8256964087486267, -0.5520213842391968, -0.11618024110794067, 0.902099609375], [0.12168052792549133, 0.026817213743925095, -0.9922069311141968, 1.5229034423828125], [0.5508351922035217, -0.8333985805511475, 0.04502738639712334, -1.16082763671875], [0.0, 0.0, 0.0, 1.0]], [[0.9402528405189514, 0.31756529211997986, 0.12278782576322556, -1.146728515625], [0.13040393590927124, -0.0027515743859112263, -0.9914571046829224, 1.58795166015625], [-0.31451448798179626, 0.9482324719429016, -0.04399893432855606, -0.1025390625], [0.0, 0.0, 0.0, 1.0]], [[0.0031030182726681232, 0.9999686479568481, 0.007292165420949459, 0.0025634765625], [0.10512912273406982, 0.006925580557435751, -0.9944344758987427, 1.5852813720703125], [-0.9944537878036499, 0.0038523694965988398, -0.10510432720184326, -0.0543212890625], [0.0, 0.0, 0.0, 1.0]], [[-0.9264237880706787, 0.3565995693206787, -0.12072942405939