[{"images": ["samples/CAM_FRONT_LEFT/n015-2018-07-24-11-22-45+0800__CAM_FRONT_LEFT__1532402741504844.jpg", "samples/CAM_FRONT/n015-2018-07-24-11-22-45+0800__CAM_FRONT__1532402741512460.jpg", "samples/CAM_FRONT_RIGHT/n015-2018-07-24-11-22-45+0800__CAM_FRONT_RIGHT__1532402741520348.jpg", "samples/CAM_BACK_LEFT/n015-2018-07-24-11-22-45+0800__CAM_BACK_LEFT__1532402741547932.jpg", "samples/CAM_BACK/n015-2018-07-24-11-22-45+0800__CAM_BACK__1532402741537525.jpg", "samples/CAM_BACK_RIGHT/n015-2018-07-24-11-22-45+0800__CAM_BACK_RIGHT__1532402741527893.jpg"], "intrinsics": [[[1272.5979470598488, 0.0, 826.6154927353808], [0.0, 1272.5979470598488, 479.75165386361925], [0.0, 0.0, 1.0]], [[1266.417203046554, 0.0, 816.2670197447984], [0.0, 1266.417203046554, 491.50706579294757], [0.0, 0.0, 1.0]], [[1260.8474446004698, 0.0, 807.968244525554], [0.0, 1260.8474446004698, 495.3344268742088], [0.0, 0.0, 1.0]], [[1256.7414812095406, 0.0, 792.1125740759628], [0.0, 1256.7414812095406, 492.7757465151356], [0.0, 0.0, 1.0]], [[809.2209905677063, 0.0, 829.2196003259838], [0.0, 809.2209905677063, 481.77842384512485], [0.0, 0.0, 1.0]], [[1259.5137405846733, 0.0, 807.2529053838625], [0.0, 1259.5137405846733, 501.19579884916527], [0.0, 0.0, 1.0]]], "extrinsics": [[[0.8297647833824158, -0.5580777525901794, 0.006298437248915434, -0.7137451171875], [-0.0003993588325101882, -0.01187892910093069, -0.9999293684959412, 1.507939338684082], [0.5581132173538208, 0.8297036290168762, -0.010079589672386646, -1.092529296875], [0.0, 0.0, 0.0, 1.0]], [[0.018651485443115234, -0.9996974468231201, 0.016036996617913246, -0.00390625], [-0.005713626276701689, -0.01614609733223915, -0.9998533129692078, 1.5188344717025757], [0.999809741973877, 0.018557099625468254, -0.0060130455531179905, -1.43408203125], [0.0, 0.0, 0.0, 1.0]], [[-0.8272864818572998, -0.5617800951004028, -0.0002717115276027471, 0.85931396484375], [-0.0003457632556091994, 0.0009928373619914055, -0.9999994039535522, 1.5035902261734009], [0.5617800951004028, -0.8272860050201416, -0.0010156047064810991, -1.1485595703125], [0.0, 0.0, 0.0, 1.0]], [[0.9479785561561584, 0.31833159923553467, -0.0012373833451420069, -1.1453857421875], [0.008538764901459217, -0.029313376173377037, -0.9995337724685669, 1.5881786346435547], [-0.31821945309638977, 0.9475261569023132, -0.030506614595651627, -0.09130859375], [0.0, 0.0, 0.0, 1.0]], [[-0.001269376021809876, 0.9998112320899963, -0.019385630264878273, 0.01409912109375], [-0.016541818156838417, -0.019403986632823944, -0.999674916267395, 1.5779314041137695], [-0.9998624324798584, -0.0009482925524935126, 0.016563327983021736, -0.0712890625], [0.0, 0.0, 0.0, 1.0]], [[-0.937385618686676, 0.34791189432144165, -0.016295302659273148, 1.005615234375], [0.01590508595108986, -0.003977778367698193, -0.9998655915260315, 1.5536918640136719], [-0.3479299545288086, -0.9375188946723938, -0.0018048553029075265, -0.12630081176757812], [0.0, 0.0, 0.0, 1.0]]], "view": [[0.0, -2.0, 100.0], [-2.0, 0.0, 100.0], [0.0, 0.0, 1.0]], "bev": "bev_07900d5585594008b24500c059f30677.png", "aux": "aux_07900d5585594008b24500c059f30677.npz", "visibility": "visibility_07900d5585594008b24500c059f30677.png", "pose": [[0.15225264430046082, -0.9883416295051575, 0.0, 848.475341796875], [0.9883416295051575, 0.15225264430046082, 0.0, 1435.2666015625], [0.0, 0.0, 1.0, 0.0], [0.0, 0.0, 0.0, 1.0]], "pose_inverse": [[0.15225264430046082, 0.9883416295051575, 0.0, -1547.71630859375], [-0.9883416295051575, 0.15225264430046082, 0.0, 620.0603637695312], [0.0, 0.0, 1.0, 0.0], [0.0, 0.0, 0.0, 1.0]], "cam_ids": [0, 1, 2, 3, 4, 5], "cam_channels": ["CAM_FRONT_LEFT", "CAM_FRONT", "CAM_FRONT_RIGHT", "CAM_BACK_LEFT", "CAM_BACK", "CAM_BACK_RIGHT"], "token": "07900d5585594008b24500c059f30677", "scene": "scene-0057"}, {"images": ["samples/CAM_FRONT_LEFT/n015-2018-07-24-11-22-45+0800__CAM_FRONT_LEFT__1532402742004844.jpg", "samples/CAM_FRONT/n015-2018-07-24-11-22-45+0800__CAM_FRONT__1532402742012460.jpg", "samples/CAM_FRONT_RIGHT/n015-2018-07-24-11-22-45+0800__CAM_FRONT_RIGHT__1532402742020339.jpg", "samples/CAM_BACK_LEFT/n015-2018-07-24-11-22-45+0800__CAM_BACK_LEFT__1532402742047423.jpg", "samples/CAM_BACK/n015-2018-07-24-11-22-45+0800__CAM_BACK__1532402742037525.jpg", "samples/CAM_BACK_RIGHT/n015-2018-07-24-11-22-45+0800__CAM_BACK_RIGHT__1532402742027893.jpg"], "intrinsics": [[[1272.5979470598488, 0.0, 826.6154927353808], [0.0, 1272.5979470598488, 479.75165386361925], [0.0, 0.0, 1.0]], [[1266.417203046554, 0.0, 816.2670197447984], [0.0, 1266.417203046554, 491.50706579294757], [0.0, 0.0, 1.0]], [[1260.8474446004698, 0.0, 807.968244525554], [0.0, 1260.8474446004698, 495.3344268742088], [0.0, 0.0, 1.0]], [[1256.7414812095406, 0.0, 792.1125740759628], [0.0, 1256.7414812095406, 492.7757465151356], [0.0, 0.0, 1.0]], [[809.2209905677063, 0.0, 829.2196003259838], [0.0, 809.2209905677063, 481.77842384512485], [0.0, 0.0, 1.0]], [[1259.5137405846733, 0.0, 807.2529053838625], [0.0, 1259.5137405846733, 501.19579884916527], [0.0, 0.0, 1.0]]], "extrinsics": [[[0.8297082185745239, -0.5581924915313721, 0.0023545839358121157, -0.7060546875], [-0.005274344701319933, -0.012057753279805183, -0.9999133944511414, 1.5063419342041016], [0.5581725239753723, 0.8296239376068115, -0.012948513962328434, -1.08599853515625], [0.0, 0.0, 0.0, 1.0]], [[0.018608098849654198, -0.9996976852416992, 0.016069887205958366, -0.004852294921875], [-0.010304853320121765, -0.016263579949736595, -0.9998146295547485, 1.5175552368164062], [0.9997738003730774, 0.018439030274748802, -0.01060437224805355, -1.426513671875], [0.0, 0.0, 0.0, 1.0]], [[-0.8273339867591858, -0.5617005228996277, 0.0033153449185192585, 0.8551025390625], [-0.004641943145543337, 0.000934894080273807, -0.9999887943267822, 1.5027122497558594], [0.5616911053657532, -0.8273400664329529, -0.0033808511216193438, -1.1466064453125], [0.0, 0.0, 0.0, 1.0]], [[0.9479856491088867, 0.3182826340198517, -0.0044149127788841724, -1.1431884765625], [0.005361831746995449, -0.02983456663787365, -0.9995404481887817, 1.5882015228271484], [-0.3182680904865265, 0.9475263357162476, -0.02998931333422661, -0.09173583984375], [0.0, 0.0, 0.0, 1.0]], [[-0.0012164999498054385, 0.9998059272766113, -0.01966557651758194, 0.0142822265625], [-0.020464615896344185, -0.019686361774802208, -0.9995967149734497, 1.5776309967041016], [-0.9997899532318115, -0.00081352808047086, 0.020484590902924538, -0.071533203125], [0.0, 0.0, 0.0, 1.0]], [[-0.9374175071716309, 0.3479897677898407, -0.01231213565915823, 1.0035400390625], [0.01163247600197792, -0.004042414482682943, -0.9999241828918457, 1.5531005859375], [-0.3480132222175598, -0.9374896883964539, -0.0002585538022685796, -0.127685546875], [0.0, 0.0, 0.0, 1.0]]], "view": [[0.0, -2.0, 100.0], [-2.0, 0.0, 100.0], [0.0, 0.0, 1.0]], "bev": "bev_a01ab509e6944e788f1a30120213f941.png", "aux": "aux_a01ab509e6944e788f1a30120213f941.npz", "visibility": "visibility_a01ab509e6944e788f1a30120213f941.png", "pose": [[0.34059345722198486, -0.9402107000350952, 0.0, 849.393798828125], [0.9402107000350952, 0.34059345722198486, 0.0, 1438.97265625], [0.0, 0.0, 1.0, 0.0], [0.0, 0.0, 0.0, 1.0]], "pose_inverse": [[0.34059345722198486, 0.9402107000350952, 0.0, -1642.2353515625], [-0.9402107000350952, 0.34059345722198486, 0.0, 308.50445556640625], [0.0, 0.0, 1.0, 0.0], [0.0, 0.0, 0.0, 1.0]], "cam_ids": [0, 1, 2, 3, 4, 5], "cam_channels": ["CAM_FRONT_LEFT", "CAM_FRONT", "CAM_FRONT_RIGHT", "CAM_BACK_LEFT", "CAM_BACK", "CAM_BACK_RIGHT"], "token": "a01ab509e6944e788f1a30120213f941", "scene": "scene-0057"}, {"images": ["samples/CAM_FRONT_LEFT/n015-2018-07-24-11-22-45+0800__CAM_FRONT_LEFT__1532402742504844.jpg", "samples/CAM_FRONT/n015-2018-07-24-11-22-45+0800__CAM_FRONT__1532402742512460.jpg", "samples/CAM_FRONT_RIGHT/n015-2018-07-24-11-22-45+0800__CAM_FRONT_RIGHT__1532402742520339.jpg", "samples/CAM_BACK_LEFT/n015-2018-07-24-11-22-45+0800__CAM_BACK_LEFT__1532402742547423.jpg", "samples/CAM_BACK/n015-2018-07-24-11-22-45+0800__CAM_BACK__1532402742537525.jpg", "samples/CAM_BACK_RIGHT/n015-2018-07-24-11-22-45+0800__CAM_BACK_RIGHT__1532402742527893.jpg"], "intrinsics": [[[1272.5979470598488, 0.0, 826.6154927353808], [0.0, 1272.5979470598488, 479.75165386361925], [0.0, 0.0, 1.0]], [[1266.417203046554, 0.0, 816.2670197447984], [0.0, 1266.417203046554, 491.50706579294757], [0.0, 0.0, 1.0]], [[1260.8474446004698, 0.0, 807.968244525554], [0.0, 1260.8474446004698, 495.3344268742088], [0.0, 0.0, 1.0]], [[1256.7414812095406, 0.0, 792.1125740759628], [0.0, 1256.7414812095406, 492.7757465151356], [0.0, 0.0, 1.0]], [[809.2209905677063, 0.0, 829.2196003259838], [0.0, 809.2209905677063, 481.77842384512485], [0.0, 0.0, 1.0]], [[1259.5137405846733, 0.0, 807.2529053838625], [0.0, 1259.5137405846733, 501.19579884916527], [0.0, 0.0, 1.0]]], "extrinsics": [[[0.8296127319335938, -0.5578442215919495, 0.023508647456765175, -0.703125], [0.012638052925467491, -0.023332109674811363, -0.999647855758667, 1.5120124816894531], [0.5581963062286377, 0.8296176791191101, -0.01230655051767826, -1.086181640625], [0.0, 0.0, 0.0, 1.0]], [[0.018311019986867905, -0.9994458556175232, 0.027797561138868332, -0.0031681060791015625], [0.0077973660081624985, -0.027658633887767792, -0.9995870590209961, 1.5222644805908203], [0.9998018741607666, 0.01852026768028736, 0.007286586333066225, -1.4237060546875], [0.0, 0.0, 0.0, 1.0]], [[-0.8272426724433899, -0.5618192553520203, -0.005360656417906284, 0.8543701171875], [0.013665938749909401, -0.010582037270069122, -0.9998506307601929, 1.5063190460205078], [0.5616785883903503, -0.8271923065185547, 0.01643170230090618, -1.1439208984375], [0.0, 0.0, 0.0, 1.0]], [[0.9477456212043762, 0.31889021396636963, 0.009337019175291061, -1.1407470703125], [0.02392006106674671, -0.04184500500559807, -0.9988377094268799, 1.5881462097167969], [-0.31812888383865356, 0.9468674659729004, -0.047286298125982285, -0.09478759765625], [0.0, 0.0, 0.0, 1.0]], [[-0.0010825714562088251, 0.9995025396347046, -0.031520117074251175, 0.01242828369140625], [-0.001975272549316287, -0.03152221068739891, -0.99950110912323, 1.5788977146148682], [-0.9999974370002747, -0.0010197232477366924, 0.00200841436162591, -0.0736083984375], [0.0, 0.0, 0.0, 1.0]], [[-0.9370552897453308, 0.34756070375442505, -0.033602215349674225, 1.0013427734375], [0.030029593035578728, -0.015662170946598053, -0.9994263052940369, 1.5557174682617188], [-0.34788763523101807, -0.9375267028808594, 0.004239210393279791, -0.12664794921875], [0.0, 0.0, 0.0, 1.0]]], "view": [[0.0, -2.0, 100.0], [-2.0, 0.0, 100.0], [0.0, 0.0, 1.0]], "bev": "bev_51be19b45ee844d7b70f577df4b01c58.png", "aux": "aux_51be19b45ee844d7b70f577df4b01c58.npz", "visibility": "visibility_51be19b45ee844d7b70f577df4b01c58.png", "pose": [[0.518857479095459, -0.854860782623291, 0.0, 851.0449829101562], [0.854860782623291, 0.518857479095459, 0.0, 1442.4801025390625], [0.0, 0.0, 1.0, 0.0], [0.0, 0.0, 0.0, 1.0]], "pose_inverse": [[0.518857479095459, 0.854860782623291, 0.0, -1674.690673828125], [-0.854860782623291, 0.518857479095459, 0.0, -20.916603088378906], [0.0, 0.0, 1.0, 0.0], [0.0, 0.0, 0.0, 1.0]], "cam_ids": [0, 1, 2, 3, 4, 5], "cam_channels": ["CAM_FRONT_LEFT", "CAM_FRONT", "CAM_FRONT_RIGHT", "CAM_BACK_LEFT", "CAM_BACK", "CAM_BACK_RIGHT"], "token": "51be19b45ee844d7b70f577df4b01c58", "scene": "scene-0057"}, {"images": ["samples/CAM_FRONT_LEFT/n015-2018-07-24-11-22-45+0800__CAM_FRONT_LEFT__1532402743004844.jpg", "samples/CAM_FRONT/n015-2018-07-24-11-22-45+0800__CAM_FRONT__1532402743012460.jpg", "samples/CAM_FRONT_RIGHT/n015-2018-07-24-11-22-45+0800__CAM_FRONT_RIGHT__1532402743020339.jpg", "samples/CAM_BACK_LEFT/n015-2018-07-24-11-22-45+0800__CAM_BACK_LEFT__1532402743047423.jpg", "samples/CAM_BACK/n015-2018-07-24-11-22-45+0800__CAM_BACK__1532402743037525.jpg", "samples/CAM_BACK_RIGHT/n015-2018-07-24-11-22-45+0800__CAM_BACK_RIGHT__1532402743027893.jpg"], "intrinsics": [[[1272.5979470598488, 0.0, 826.6154927353808], [0.0, 1272.5979470598488, 479.75165386361925], [0.0, 0.0, 1.0]], [[1266.417203046554, 0.0, 816.2670197447984], [0.0, 1266.417203046554, 491.50706579294757], [0.0, 0.0, 1.0]], [[1260.8474446004698, 0.0, 807.968244525554], [0.0, 1260.8474446004698, 495.3344268742088], [0.0, 0.0, 1.0]], [[1256.7414812095406, 0.0, 792.1125740759628], [0.0, 1256.7414812095406, 492.7757465151356], [0.0, 0.0, 1.0]], [[809.2209905677063, 0.0, 829.2196003259838], [0.0, 809.2209905677063, 481.77842384512485], [0.0, 0.0, 1.0]], [[1259.5137405846733, 0.0, 807.2529053838625], [0.0, 1259.5137405846733, 501.19579884916527], [0.0, 0.0, 1.0]]], "extrinsics": [[[0.824546754360199, -0.5652437806129456, 0.024944543838500977, -0.6744384765625], [0.017766406759619713, -0.018199654296040535, -0.999676525592804, 1.5144710540771484], [0.565514862537384, 0.8247231245040894, -0.004964114166796207, -1.07373046875], [0.0, 0.0, 0.0, 1.0]], [[0.011194880120456219, -0.9996886849403381, 0.022299766540527344, 0.00372314453125], [0.0128335477784276, -0.022155683487653732, -0.9996721744537354, 1.5242118835449219], [0.9998549818992615, 0.011477389372885227, 0.012581520713865757, -1.3978271484375], [0.0, 0.0, 0.0, 1.0]], [[-0.8301885724067688, -0.5573334097862244, -0.012894551269710064, 0.8397216796875], [0.0187318567186594, -0.004770627245306969, -0.9998131394386292, 1.507925033569336], [0.5571678280830383, -0.8302750587463379, 0.014400409534573555, -1.1240234375], [0.0, 0.0, 0.0, 1.0]], [[0.9475266337394714, 0.31927627325057983, 0.01600230112671852, -1.1356201171875], [0.028558457270264626, -0.034683942794799805, -0.9989901781082153, 1.5887451171875], [-0.31839874386787415, 0.947026789188385, -0.04198199510574341, -0.105804443359375], [0.0, 0.0, 0.0, 1.0]], [[0.0007893037982285023, 0.9996911883354187, -0.02484210953116417, 0.003936767578125], [0.002778724767267704, -0.02484421245753765, -0.9996874928474426, 1.5795800685882568], [-0.9999958872795105, 0.0007199600804597139, -0.0027974762488156557, -0.08740234375], [0.0, 0.0, 0.0, 1.0]], [[-0.9355527758598328, 0.351336270570755, -0.03610802814364433, 0.9798583984375], [0.034975823014974594, -0.00957075972110033, -0.9993423819541931, 1.5573005676269531], [-0.3514508605003357, -0.9362003803253174, -0.0033343248069286346, -0.1251220703125], [0.0, 0.0, 0.0, 1.0]]], "view": [[0.0, -2.0, 100.0], [-2.0, 0.0, 100.0], [0.0, 0.0, 1.0]], "bev": "bev_0503c1c5e89b423f964322fa046b2824.png", "aux": "aux_0503c1c5e89b423f964322fa046b2824.npz", "visibility": "visibility_0503c1c5e89b423f964322fa046b2824.png", "pose": [[0.6317590475082397, -0.7751648426055908, 0.0, 853.3367309570312], [0.7751648426055908, 0.6317590475082397, 0.0, 1445.731689453125], [0.0, 0.0, 1.0, 0.0], [0.0, 0.0, 0.0, 1.0]], "pose_inverse": [[0.6317590475082397, 0.7751648426055908, 0.0, -1659.7835693359375], [-0.7751648426055908, 0.6317590475082397, 0.0, -251.87742614746094], [0.0, 0.0, 1.0, 0.0], [0.0, 0.0, 0.0, 1.0]], "cam_ids": [0, 1, 2, 3, 4, 5], "cam_channels": ["CAM_FRONT_LEFT", "CAM_FRONT", "CAM_FRONT_RIGHT", "CAM_BACK_LEFT", "CAM_BACK", "CAM_BACK_RIGHT"], "token": "0503c1c5e89b423f964322fa046b2824", "scene": "scene-0057"}, {"images": ["samples/CAM_FRONT_LEFT/n015-2018-07-24-11-22-45+0800__CAM_FRONT_LEFT__1532402743504844.jpg", "samples/CAM_FRONT/n015-2018-07-24-11-22-45+0800__CAM_FRONT__1532402743512460.jpg", "samples/CAM_FRONT_RIGHT/n015-2018-07-24-11-22-45+0800__CAM_FRONT_RIGHT__1532402743520339.jpg", "samples/CAM_BACK_LEFT/n015-2018-07-24-11-22-45+0800__CAM_BACK_LEFT__1532402743547423.jpg", "samples/CAM_BACK/n015-2018-07-24-11-22-45+0800__CAM_BACK__1532402743537525.jpg", "samples/CAM_BACK_RIGHT/n015-2018-07-24-11-22-45+0800__CAM_BACK_RIGHT__1532402743527893.jpg"], "intrinsics": [[[1272.5979470598488, 0.0, 826.6154927353808], [0.0, 1272.5979470598488, 479.75165386361925], [0.0, 0.0, 1.0]], [[1266.417203046554, 0.0, 816.2670197447984], [0.0, 1266.417203046554, 491.50706579294757], [0.0, 0.0, 1.0]], [[1260.8474446004698, 0.0, 807.968244525554], [0.0, 1260.8474446004698, 495.3344268742088], [0.0, 0.0, 1.0]], [[1256.7414812095406, 0.0, 792.1125740759628], [0.0, 1256.7414812095406, 492.7757465151356], [0.0, 0.0, 1.0]], [[809.2209905677063, 0.0, 829.2196003259838], [0.0, 809.2209905677063, 481.77842384512485], [0.0, 0.0, 1.0]], [[1259.5137405846733, 0.0, 807.2529053838625], [0.0, 1259.5137405846733, 501.19579884916527], [0.0, 0.0, 1.0]]], "extrinsics": [[[0.8200281262397766, -0.5713046789169312, 0.03412872925400734, -0.6737060546875], [0.027697348967194557, -0.019947737455368042, -0.9994173049926758, 1.5180892944335938], [0.5716525912284851, 0.82049560546875, -0.0005340787465684116, -1.07080078125], [0.0, 0.0, 0.0, 1.0]], [[0.004897699691355228, -0.9996886849403381, 0.024463901296257973, 0.002105712890625], [0.022475633770227432, -0.02434796467423439, -0.9994509220123291, 1.5270404815673828], [0.9997352957725525, 0.005444962531328201, 0.022349385544657707, -1.398193359375], [0.0, 0.0, 0.0, 1.0]], [[-0.832726776599884, -0.5533464550971985, -0.01933453418314457, 0.8414306640625], [0.028186719864606857, -0.0074917408637702465, -0.9995745420455933, 1.5100212097167969], [0.5529662370681763, -0.8329174518585205, 0.02183559536933899, -1.12591552734375], [0.0, 0.0, 0.0, 1.0]], [[0.9473366737365723, 0.31944042444229126, 0.022607751190662384, -1.1480712890625], [0.03700999915599823, -0.0390869602560997, -0.9985501766204834, 1.5882797241210938], [-0.3180936574935913, 0.9467999339103699, -0.048851002007722855, -0.1009368896484375], [0.0, 0.0, 0.0, 1.0]], [[0.0029977892991155386, 0.9995887279510498, -0.02852034941315651, 0.00445556640625], [0.011550648137927055, -0.02855318784713745, -0.9995255470275879, 1.5802431106567383], [-0.9999287724494934, 0.002666943706572056, -0.011631492525339127, -0.0780029296875], [0.0, 0.0, 0.0, 1.0]], [[-0.9338755011558533, 0.3546556830406189, -0.04577973857522011, 0.9849853515625], [0.044121887534856796, -0.01276469137519598, -0.9989446401596069, 1.5586090087890625], [-0.35486575961112976, -0.9349098205566406, -0.0037274460773915052, -0.1236572265625], [0.0, 0.0, 0.0, 1.0]]], "view": [[0.0, -2.0, 100.0], [-2.0, 0.0, 100.0], [0.0, 0.0, 1.0]], "bev": "bev_b01197abfe0a4b9eabed74f578a53b35.png", "aux": "aux_b01197abfe0a4b9eabed74f578a53b35.npz", "visibility": "visibility_b01197abfe0a4b9eabed74f578a53b35.png", "pose": [[0.6498680114746094, -0.7600470781326294, 0.0, 856.0224609375], [0.7600470781326294, 0.6498680114746094, 0.0, 1448.9580078125], [0.0, 0.0, 1.0, 0.0], [0.0, 0.0, 0.0, 1.0]], "pose_inverse": [[0.6498680114746094, 0.7600470781326294, 0.0, -1657.577880859375], [-0.7600470781326294, 0.6498680114746094, 0.0, -291.0141296386719], [0.0, 0.0, 1.0, 0.0], [0.0, 0.0, 0.0, 1.0]], "cam_ids": [0, 1, 2, 3, 4, 5], "cam_channels": ["CAM_FRONT_LEFT", "CAM_FRONT", "CAM_FRONT_RIGHT", "CAM_BACK_LEFT", "CAM_BACK", "CAM_BACK_RIGHT"], "token": "b01197abfe0a4b9eabed74f578a53b35", "scene": "scene-0057"}, {"images": ["samples/CAM_FRONT_LEFT/n015-2018-07-24-11-22-45+0800__CAM_FRONT_LEFT__1532402743904844.jpg", "samples/CAM_FRONT/n015-2018-07-24-11-22-45+0800__CAM_FRONT__1532402743912460.jpg", "samples/CAM_FRONT_RIGHT/n015-2018-07-24-11-22-45+0800__CAM_FRONT_RIGHT__1532402743920339.jpg", "samples/CAM_BACK_LEFT/n015-2018-07-24-11-22-45+0800__CAM_BACK_LEFT__1532402743947423.jpg", "samples/CAM_BACK/n015-2018-07-24-11-22-45+0800__CAM_BACK__1532402743937525.jpg", "samples/CAM_BACK_RIGHT/n015-2018-07-24-11-22-45+0800__CAM_BACK_RIGHT__1532402743927893.jpg"], "intrinsics": [[[1272.5979470598488, 0.0, 826.6154927353808], [0.0, 1272.5979470598488, 479.75165386361925], [0.0, 0.0, 1.0]], [[1266.417203046554, 0.0, 816.2670197447984], [0.0, 1266.417203046554, 491.50706579294757], [0.0, 0.0, 1.0]], [[1260.8474446004698, 0.0, 807.968244525554], [0.0, 1260.8474446004698, 495.3344268742088], [0.0, 0.0, 1.0]], [[1256.7414812095406, 0.0, 792.1125740759628], [0.0, 1256.7414812095406, 492.7757465151356], [0.0, 0.0, 1.0]], [[809.2209905677063, 0.0, 829.2196003259838], [0.0, 809.2209905677063, 481.77842384512485], [0.0, 0.0, 1.0]], [[1259.5137405846733, 0.0, 807.2529053838625], [0.0, 1259.5137405846733, 501.19579884916527], [0.0, 0.0, 1.0]]], "extrinsics": [[[0.8189760446548462, -0.572565495967865, 0.038039036095142365, -0.649658203125], [0.028626898303627968, -0.025440555065870285, -0.9992663860321045, 1.5192642211914062], [0.5731131434440613, 0.8194641470909119, -0.004444432910531759, -1.0604248046875], [0.0, 0.0, 0.0, 1.0]], [[0.0034600014332681894, -0.9995607137680054, 0.029433395713567734, 0.00653076171875], [0.023302312940359116, -0.029344988986849785, -0.9992977380752563, 1.5278568267822266], [0.9997224807739258, 0.00414348253980279, 0.023190544918179512, -1.37841796875], [0.0, 0.0, 0.0, 1.0]], [[-0.8333131670951843, -0.5525244474411011, -0.017491132020950317, 0.831787109375], [0.028931735083460808, -0.011993395164608955, -0.9995093941688538, 1.5106124877929688], [0.5520435571670532, -0.8334103226661682, 0.025979746133089066, -1.11553955078125], [0.0, 0.0, 0.0, 1.0]], [[0.9474238157272339, 0.31920111179351807, 0.022330094128847122, -1.1484375], [0.037616338580846786, -0.04180392995476723, -0.9984174370765686, 1.5882797241210938], [-0.31776249408721924, 0.9467645287513733, -0.0516132190823555, -0.101104736328125], [0.0, 0.0, 0.0, 1.0]], [[0.003501550992950797, 0.999483585357666, -0.031941067427396774, 0.003143310546875], [0.012141845189034939, -0.03198140114545822, -0.9994147419929504, 1.5803604125976562], [-0.9999200701713562, 0.003111608326435089, -0.012247557751834393, -0.0806884765625], [0.0, 0.0, 0.0, 1.0]], [[-0.9335685968399048, 0.35519057512283325, -0.047846704721450806, 0.9769287109375], [0.044779349118471146, -0.01685660518705845, -0.9988546967506409, 1.5590972900390625], [-0.35559025406837463, -0.9346418976783752, -0.0001684011658653617, -0.1241455078125], [0.0, 0.0, 0.0, 1.0]]], "view": [[0.0, -2.0, 100.0], [-2.0, 0.0, 100.0], [0.0, 0.0, 1.0]], "bev": "bev_d6ae8dceddb74764ac10cac4ae1681c6.png", "aux": "aux_d6ae8dceddb74764ac10cac4ae1681c6.npz", "visibility": "visibility_d6ae8dceddb74764ac10cac4ae1681c6.png", "pose": [[0.6386265754699707, -0.7695167660713196, 0.0, 858.3630981445312], [0.7695167660713196, 0.6386265754699707, 0.0, 1451.7403564453125], [0.0, 0.0, 1.0, 0.0], [0.0, 0.0, 0.0, 1.0]], "pose_inverse": [[0.6386265754699707, 0.7695167660713196, 0.0, -1665.31201171875], [-0.7695167660713196, 0.6386265754699707, 0.0, -266.59515380859375], [0.0, 0.0, 1.0, 0.0], [0.0, 0.0, 0.0, 1.0]], "cam_ids": [0, 1, 2, 3, 4, 5], "cam_channels": ["CAM_FRONT_LEFT", "CAM_FRONT", "CAM_FRONT_RIGHT", "CAM_BACK_LEFT", "CAM_BACK", "CAM_BACK_RIGHT"], "token": "d6ae8dceddb74764ac10cac4ae1681c6", "scene": "scene-0057"}, {"images": ["samples/CAM_FRONT_LEFT/n015-2018-07-24-11-22-45+0800__CAM_FRONT_LEFT__1532402744404844.jpg", "samples/CAM_FRONT/n015-2018-07-24-11-22-45+0800__CAM_FRONT__1532402744412460.jpg", "samples/CAM_FRONT_RIGHT/n015-2018-07-24-11-22-45+0800__CAM_FRONT_RIGHT__1532402744420339.jpg", "samples/CAM_BACK_LEFT/n015-2018-07-24-11-22-45+0800__CAM_BACK_LEFT__1532402744447423.jpg", "samples/CAM_BACK/n015-2018-07-24-11-22-45+0800__CAM_BACK__1532402744437525.jpg", "samples/CAM_BACK_RIGHT/n015-2018-07-24-11-22-45+0800__CAM_BACK_RIGHT__1532402744427893.jpg"], "intrinsics": [[[1272.5979470598488, 0.0, 826.6154927353808], [0.0, 1272.5979470598488, 479.75165386361925], [0.0, 0.0, 1.0]], [[1266.417203046554, 0.0, 816.2670197447984], [0.0, 1266.417203046554, 491.50706579294757], [0.0, 0.0, 1.0]], [[1260.8474446004698, 0.0, 807.968244525554], [0.0, 1260.8474446004698, 495.3344268742088], [0.0, 0.0, 1.0]], [[1256.7414812095406, 0.0, 792.1125740759628], [0.0, 1256.7414812095406, 492.7757465151356], [0.0, 0.0, 1.0]], [[809.2209905677063, 0.0, 829.2196003259838], [0.0, 809.2209905677063, 481.77842384512485], [0.0, 0.0, 1.0]], [[1259.5137405846733, 0.0, 807.2529053838625], [0.0, 1259.5137405846733, 501.19579884916527], [0.0, 0.0, 1.0]]], "extrinsics": [[[0.8189024329185486, -0.5730032920837402, 0.03264985606074333, -0.64697265625], [0.026284273713827133, -0.019385898485779762, -0.9994664788246155, 1.5184593200683594], [0.5733305215835571, 0.8193237781524658, -0.0008141843718476593, -1.0615234375], [0.0, 0.0, 0.0, 1.0]], [[0.0033166029024869204, -0.9997206330299377, 0.023404425010085106, 0.00860595703125], [0.020833907648921013, -0.02333039790391922, -0.9995107650756836, 1.5271549224853516], [0.9997774958610535, 0.0038026098627597094, 0.020750705152750015, -1.3773193359375], [0.0, 0.0, 0.0, 1.0]], [[-0.8334465026855469, -0.5522860884666443, -0.01863096095621586, 0.832275390625], [0.026336591690778732, -0.006022204644978046, -0.9996349215507507, 1.510009765625], [0.5519722700119019, -0.8336328864097595, 0.019564514979720116, -1.1138916015625], [0.0, 0.0, 0.0, 1.0]], [[0.9473442435264587, 0.3195194900035858, 0.021126672625541687, -1.15625], [0.03440238535404205, -0.03596152365207672, -0.9987608194351196, 1.5880813598632812], [-0.3183637857437134, 0.9468971490859985, -0.0450601689517498, -0.099761962890625], [0.0, 0.0, 0.0, 1.0]], [[0.0033156792633235455, 0.9996544122695923, -0.026080351322889328, 0.0020294189453125], [0.009226076304912567, -0.02610996551811695, -0.9996165037155151, 1.5801153182983398], [-0.999951958656311, 0.0030738618224859238, -0.009309462271630764, -0.0777587890625], [0.0, 0.0, 0.0, 1.0]], [[-0.9336559772491455, 0.3555569052696228, -0.04319401830434799, 0.9765625], [0.04205355793237686, -0.010939626954495907, -0.9990555047988892, 1.5586395263671875], [-0.35569363832473755, -0.9345906972885132, -0.0047385841608047485, -0.12298583984375], [0.0, 0.0, 0.0, 1.0]]], "view": [[0.0, -2.0, 100.0], [-2.0, 0.0, 100.0], [0.0, 0.0, 1.0]], "bev": "bev_d8ffd0f9b62f467584fb7f5b16681d49.png", "aux": "aux_d8ffd0f9b62f467584fb7f5b16681d49.npz", "visibility": "visibility_d8ffd0f9b62f467584fb7f5b16681d49.png", "pose": [[0.6174331903457642, -0.7866233587265015, 0.0, 861.3020629882812], [0.7866233587265015, 0.6174331903457642, 0.0, 1455.3436279296875], [0.0, 0.0, 1.0, 0.0], [0.0, 0.0, 0.0, 1.0]], "pose_inverse": [[0.6174331903457642, 0.7866233587265015, 0.0, -1676.603759765625], [-0.7866233587265015, 0.6174331903457642, 0.0, -221.05712890625], [0.0, 0.0, 1.0, 0.0], [0.0, 0.0, 0.0, 1.0]], "cam_ids": [0, 1, 2, 3, 4, 5], "cam_channels": ["CAM_FRONT_LEFT", "CAM_FRONT", "CAM_FRONT_RIGHT", "CAM_BACK_LEFT", "CAM_BACK", "CAM_BACK_RIGHT"], "token": "d8ffd0f9b62f467584fb7f5b16681d49", "scene": "scene-0057"}, {"images": ["samples/CAM_FRONT_LEFT/n015-2018-07-24-11-22-45+0800__CAM_FRONT_LEFT__1532402745004844.jpg", "samples/CAM_FRONT/n015-2018-07-24-11-22-45+0800__CAM_FRONT__1532402745012460.jpg", "samples/CAM_FRONT_RIGHT/n015-2018-07-24-11-22-45+0800__CAM_FRONT_RIGHT__1532402745020339.jpg", "samples/CAM_BACK_LEFT/n015-2018-07-24-11-22-45+0800__CAM_BACK_LEFT__1532402745047423.jpg", "samples/CAM_BACK/n015-2018-07-24-11-22-45+0800__CAM_BACK__1532402745037525.jpg", "samples/CAM_BACK_RIGHT/n015-2018-07-24-11-22-45+0800__CAM_BACK_RIGHT__1532402745027893.jpg"], "intrinsics": [[[1272.5979470598488, 0.0, 826.6154927353808], [0.0, 1272.5979470598488, 479.75165386361925], [0.0, 0.0, 1.0]], [[1266.417203046554, 0.0, 816.2670197447984], [0.0, 1266.417203046554, 491.50706579294757], [0.0, 0.0, 1.0]], [[1260.8474446004698, 0.0, 807.968244525554], [0.0, 1260.8474446004698, 495.3344268742088], [0.0, 0.0, 1.0]], [[1256.7414812095406, 0.0, 792.1125740759628], [0.0, 1256.7414812095406, 492.7757465151356], [0.0, 0.0, 1.0]], [[809.2209905677063, 0.0, 829.2196003259838], [0.0, 809.2209905677063, 481.77842384512485], [0.0, 0.0, 1.0]], [[1259.5137405846733, 0.0, 807.2529053838625], [0.0, 1259.5137405846733, 501.19579884916527], [0.0, 0.0, 1.0]]], "extrinsics": [[[0.8180133700370789, -0.5741586685180664, 0.03458161652088165, -0.6326904296875], [0.026696961373090744, -0.022158212959766388, -0.9993979334831238, 1.5190925598144531], [0.5745792388916016, 0.8184440732002258, -0.0027974217664450407, -1.0479736328125], [0.0, 0.0, 0.0, 1.0]], [[0.0021191544365137815, -0.999643087387085, 0.026626314967870712, 0.00666046142578125], [0.021104684099555016, -0.026575738564133644, -0.9994239807128906, 1.5275402069091797], [0.9997749924659729, 0.0026798672042787075, 0.021040834486484528, -1.361572265625], [0.0, 0.0, 0.0, 1.0]], [[-0.8339532017707825, -0.5515822768211365, -0.01670023612678051, 0.8216552734375], [0.026481298729777336, -0.009772948920726776, -0.9996015429496765, 1.5103569030761719], [0.5511993169784546, -0.8340631723403931, 0.022756800055503845, -1.1085205078125], [0.0, 0.0, 0.0, 1.0]], [[0.9476180076599121, 0.318838506937027, 0.019026530906558037, -1.1553955078125], [0.03399738669395447, -0.041454751044511795, -0.9985617995262146, 1.5880661010742188], [-0.3175911605358124, 0.9469019770622253, -0.0501229502260685, -0.09893798828125], [0.0, 0.0, 0.0, 1.0]], [[0.003919253591448069, 0.9995129704475403, -0.030958302319049835, 0.003021240234375], [0.009008964523673058, -0.030992571264505386, -0.9994789958000183, 1.5801153182983398], [-0.9999516606330872, 0.0036383129190653563, -0.009126047603785992, -0.08203125], [0.0, 0.0, 0.0, 1.0]], [[-0.9334180355072021, 0.35599538683891296, -0.0446985587477684, 0.96923828125], [0.042042993009090424, -0.01519733015447855, -0.9990002512931824, 1.5589828491210938], [-0.35631871223449707, -0.9343640804290771, -0.0007816487923264503, -0.1268310546875], [0.0, 0.0, 0.0, 1.0]]], "view": [[0.0, -2.0, 100.0], [-2.0, 0.0, 100.0], [0.0, 0.0, 1.0]], "bev": "bev_440f83dbc92c4ba8910cc44d2cc3ec71.png", "aux": "aux_440f83dbc92c4ba8910cc44d2cc3ec71.npz", "visibility": "visibility_440f83dbc92c4ba8910cc44d2cc3ec71.png", "pose": [[0.5726428627967834, -0.8198049068450928, 0.0, 864.8240966796875], [0.8198049068450928, 0.5726428627967834, 0.0, 1460.045166015625], [0.0, 0.0, 1.0, 0.0], [0.0, 0.0, 0.0, 1.0]], "pose_inverse": [[0.5726428627967834, 0.8198049068450928, 0.0, -1692.1876220703125], [-0.8198049068450928, 0.5726428627967834, 0.0, -127.09740447998047], [0.0, 0.0, 1.0, 0.0], [0.0, 0.0, 0.0, 1.0]], "cam_ids": [0, 1, 2, 3, 4, 5], "cam_channels": ["CAM_FRONT_LEFT", "CAM_FRONT", "CAM_FRONT_RIGHT", "CAM_BACK_LEFT", "CAM_BACK", "CAM_BACK_RIGHT"], "token": "440f83dbc92c4ba8910cc44d2cc3ec71", "scene": "scene-0057"}, {"images": ["samples/CAM_FRONT_LEFT/n015-2018-07-24-11-22-45+0800__CAM_FRONT_LEFT__1532402745604844.jpg", "samples/CAM_FRONT/n015-2018-07-24-11-22-45+0800__CAM_FRONT__1532402745612460.jpg", "samples/CAM_FRONT_RIGHT/n015-2018-07-24-11-22-45+0800__CAM_FRONT_RIGHT__1532402745620339.jpg", "samples/CAM_BACK_LEFT/n015-2018-07-24-11-22-45+0800__CAM_BACK_LEFT__1532402745647423.jpg", "samples/CAM_BACK/n015-2018-07-24-11-22-45+0800__CAM_BACK__1532402745637525.jpg", "samples/CAM_BACK_RIGHT/n015-2018-07-24-11-22-45+0800__CAM_BACK_RIGHT__1532402745627893.jpg"], "intrinsics": [[[1272.5979470598488, 0.0, 826.6154927353808], [0.0, 1272.5979470598488, 479.75165386361925], [0.0, 0.0, 1.0]], [[1266.417203046554, 0.0, 816.2670197447984], [0.0, 1266.417203046554, 491.50706579294757], [0.0, 0.0, 1.0]], [[1260.8474446004698, 0.0, 807.968244525554], [0.0, 1260.8474446004698, 495.3344268742088], [0.0, 0.0, 1.0]], [[1256.7414812095406, 0.0, 792.1125740759628], [0.0, 1256.7414812095406, 492.7757465151356], [0.0, 0.0, 1.0]], [[809.2209905677063, 0.0, 829.2196003259838], [0.0, 809.2209905677063, 481.77842384512485], [0.0, 0.0, 1.0]], [[1259.5137405846733, 0.0, 807.2529053838625], [0.0, 1259.5137405846733, 501.19579884916527], [0.0, 0.0, 1.0]]], "extrinsics": [[[0.8182288408279419, -0.5738371014595032, 0.034823521971702576, -0.6129150390625], [0.02370181679725647, -0.026850251480937004, -0.9993584752082825, 1.5184974670410156], [0.5744038820266724, 0.8185292482376099, -0.00836866907775402, -1.0391845703125], [0.0, 0.0, 0.0, 1.0]], [[0.002291075885295868, -0.9995189309120178, 0.03092965856194496, 0.009929656982421875], [0.01850108802318573, -0.030882081016898155, -0.9993517994880676, 1.5271110534667969], [0.9998262524604797, 0.0028618555516004562, 0.018421433866024017, -1.3436279296875], [0.0, 0.0, 0.0, 1.0]], [[-0.833954393863678, -0.5516871213912964, -0.012708587571978569, 0.8104248046875], [0.024281224235892296, -0.013677641749382019, -0.9996115565299988, 1.5102005004882812], [0.5512989163398743, -0.8339390158653259, 0.02480216510593891, -1.098388671875], [0.0, 0.0, 0.0, 1.0]], [[0.9474978446960449, 0.319284588098526, 0.01747131533920765, -1.149658203125], [0.033136095851659775, -0.04369566962122917, -0.9984952211380005, 1.5883293151855469], [-0.31804075837135315, 0.946651041507721, -0.05198139697313309, -0.101898193359375], [0.0, 0.0, 0.0, 1.0]], [[0.0037413088139146566, 0.9994195699691772, -0.03386254608631134, 0.001766204833984375], [0.007631973829120398, -0.03389033302664757, -0.9993964433670044, 1.580113410949707], [-0.9999638795852661, 0.003480682848021388, -0.007754336576908827, -0.0909423828125], [0.0, 0.0, 0.0, 1.0]], [[-0.9335043430328369, 0.35582590103149414, -0.04424489662051201, 0.9571533203125], [0.04022477567195892, -0.018692707642912865, -0.999015748500824, 1.5591812133789062], [-0.35630279779434204, -0.9343653321266174, 0.0031367060728371143, -0.12969970703125], [0.0, 0.0, 0.0, 1.0]]], "view": [[0.0, -2.0, 100.0], [-2.0, 0.0, 100.0], [0.0, 0.0, 1.0]], "bev": "bev_c518e13716c94ea68094c6173ee586b1.png", "aux": "aux_c518e13716c94ea68094c6173ee586b1.npz", "visibility": "visibility_c518e13716c94ea68094c6173ee586b1.png", "pose": [[0.5356778502464294, -0.844422459602356, 0.0, 868.2122802734375], [0.844422459602356, 0.5356778502464294, 0.0, 1465.045654296875], [0.0, 0.0, 1.0, 0.0], [0.0, 0.0, 0.0, 1.0]], "pose_inverse": [[0.5356778502464294, 0.844422459602356, 0.0, -1702.199462890625], [-0.844422459602356, 0.5356778502464294, 0.0, -51.65454864501953], [0.0, 0.0, 1.0, 0.0], [0.0, 0.0, 0.0, 1.0]], "cam_ids": [0, 1, 2, 3, 4, 5], "cam_channels": ["CAM_FRONT_LEFT", "CAM_FRONT", "CAM_FRONT_RIGHT", "CAM_BACK_LEFT", "CAM_BACK", "CAM_BACK_RIGHT"], "token": "c518e13716c94ea68094c6173ee586b1", "scene": "scene-0057"}, {"images": ["samples/CAM_FRONT_LEFT/n015-2018-07-24-11-22-45+0800__CAM_FRONT_LEFT__1532402746104844.jpg", "samples/CAM_FRONT/n015-2018-07-24-11-22-45+0800__CAM_FRONT__1532402746112460.jpg", "samples/CAM_FRONT_RIGHT/n015-2018-07-24-11-22-45+0800__CAM_FRONT_RIGHT__1532402746120342.jpg", "samples/CAM_BACK_LEFT/n015-2018-07-24-11-22-45+0800__CAM_BACK_LEFT__1532402746147423.jpg", "samples/CAM_BACK/n015-2018-07-24-11-22-45+0800__CAM_BACK__1532402746137525.jpg", "samples/CAM_BACK_RIGHT/n015-2018-07-24-11-22-45+0800__CAM_BACK_RIGHT__1532402746127893.jpg"], "intrinsics": [[[1272.5979470598488, 0.0, 826.6154927353808], [0.0, 1272.5979470598488, 479.75165386361925], [0.0, 0.0, 1.0]], [[1266.417203046554, 0.0, 816.2670197447984], [0.0, 1266.417203046554, 491.50706579294757], [0.0, 0.0, 1.0]], [[1260.8474446004698, 0.0, 807.968244525554], [0.0, 1260.8474446004698, 495.3344268742088], [0.0, 0.0, 1.0]], [[1256.7414812095406, 0.0, 792.1125740759628], [0.0, 1256.7414812095406, 492.7757465151356], [0.0, 0.0, 1.0]], [[809.2209905677063, 0.0, 829.2196003259838], [0.0, 809.2209905677063, 481.77842384512485], [0.0, 0.0, 1.0]], [[1259.5137405846733, 0.0, 807.2529053838625], [0.0, 1259.5137405846733, 501.19579884916527], [0.0, 0.0, 1.0]]], "extrinsics": [[[0.817984938621521, -0.5741015076637268, 0.03616798669099808, -0.6165771484375], [0.02721421979367733, -0.02418246492743492, -0.9993370771408081, 1.5198516845703125], [0.5745955109596252, 0.8184269666671753, -0.004157169256359339, -1.03851318359375], [0.0, 0.0, 0.0, 1.0]], [[0.001997515792027116, -0.9995960593223572, 0.028351841494441032, 0.007909774780273438], [0.02203119359910488, -0.02830103039741516, -0.9993566870689392, 1.5282783508300781], [0.9997552633285522, 0.0026208222843706608, 0.021965758875012398, -1.34375], [0.0, 0.0, 0.0, 1.0]], [[-0.8339972496032715, -0.5515050888061523, -0.01705121621489525, 0.807861328125], [0.027834508568048477, -0.011188223958015442, -0.999549925327301, 1.5111923217773438], [0.5510661005973816, -0.8340965509414673, 0.024681823328137398, -1.0982666015625], [0.0, 0.0, 0.0, 1.0]], [[0.9475049376487732, 0.319015234708786, 0.021533844992518425, -1.1414794921875], [0.036762598901987076, -0.04179199039936066, -0.9984498023986816, 1.5885543823242188], [-0.31762072443962097, 0.9468276500701904, -0.05132594704627991, -0.103515625], [0.0, 0.0, 0.0, 1.0]], [[0.0040359036065638065, 0.9994926452636719, -0.031594168394804, 0.002658843994140625], [0.011265655048191547, -0.03163786232471466, -0.9994359612464905, 1.5804901123046875], [-0.9999284744262695, 0.0036776612978428602, -0.011387629434466362, -0.0977783203125], [0.0, 0.0, 0.0, 1.0]], [[-0.9332857728004456, 0.3560813069343567, -0.04672849923372269, 0.953369140625], [0.04379768297076225, -0.01629316247999668, -0.9989075660705566, 1.5600357055664062], [-0.35645368695259094, -0.9343129396438599, -0.0003893579123541713, -0.13214111328125], [0.0, 0.0, 0.0, 1.0]]], "view": [[0.0, -2.0, 100.0], [-2.0, 0.0, 100.0], [0.0, 0.0, 1.0]], "bev": "bev_d68346673a064d2cbf80f56c29e8fae6.png", "aux": "aux_d68346673a064d2cbf80f56c29e8fae6.npz", "visibility": "visibility_d68346673a064d2cbf80f56c29e8fae6.png", "pose": [[0.5000997185707092, -0.8659678101539612, 0.0, 870.837890625], [0.8659678101539612, 0.5000997185707092, 0.0, 1469.3289794921875], [0.0, 0.0, 1.0, 0.0], [0.0, 0.0, 0.0, 1.0]], "pose_inverse": [[0.5000997185707092, 0.8659678101539612, 0.0, -1707.8974609375], [-0.8659678101539612, 0.5000997185707092, 0.0, 19.306537628173828], [0.0, 0.0, 1.0, 0.0], [0.0, 0.0, 0.0, 1.0]], "cam_ids": [0, 1, 2, 3, 4, 5], "cam_channels": ["CAM_FRONT_LEFT", "CAM_FRONT", "CAM_FRONT_RIGHT", "CAM_BACK_LEFT", "CAM_BACK", "CAM_BACK_RIGHT"], "token": "d68346673a064d2cbf80f56c29e8fae6", "scene": "scene-0057"}, {"images": ["samples/CAM_FRONT_LEFT/n015-2018-07-24-11-22-45+0800__CAM_FRONT_LEFT__1532402746654844.jpg", "samples/CAM_FRONT/n015-2018-07-24-11-22-45+0800__CAM_FRONT__1532402746662460.jpg", "samples/CAM_FRONT_RIGHT/n015-2018-07-24-11-22-45+0800__CAM_FRONT_RIGHT__1532402746670339.jpg", "samples/CAM_BACK_LEFT/n015-2018-07-24-11-22-45+0800__CAM_BACK_LEFT__1532402746697423.jpg", "samples/CAM_BACK/n015-2018-07-24-11-22-45+0800__CAM_BACK__1532402746687525.jpg", "samples/CAM_BACK_RIGHT/n015-2018-07-24-11-22-45+0800__CAM_BACK_RIGHT__1532402746677893.jpg"], "intrinsics": [[[1272.5979470598488, 0.0, 826.6154927353808], [0.0, 1272.5979470598488, 479.75165386361925], [0.0, 0.0, 1.0]], [[1266.417203046554, 0.0, 816.2670197447984], [0.0, 1266.417203046554, 491.50706579294757], [0.0, 0.0, 1.0]], [[1260.8474446004698, 0.0, 807.968244525554], [0.0, 1260.8474446004698, 495.3344268742088], [0.0, 0.0, 1.0]], [[1256.7414812095406, 0.0, 792.1125740759628], [0.0, 1256.7414812095406, 492.7757465151356], [0.0, 0.0, 1.0]], [[809.2209905677063, 0.0, 829.2196003259838], [0.0, 809.2209905677063, 481.77842384512485], [0.0, 0.0, 1.0]], [[1259.5137405846733, 0.0, 807.2529053838625], [0.0, 1259.5137405846733, 501.19579884916527], [0.0, 0.0, 1.0]]], "extrinsics": [[[0.8191708922386169, -0.5723499655723572, 0.037074074149131775, -0.60400390625], [0.027058130130171776, -0.02600283734500408, -0.9992955923080444, 1.5201988220214844], [0.5729108452796936, 0.8195971250534058, -0.00581405172124505, -1.031982421875], [0.0, 0.0, 0.0, 1.0]], [[0.0036509030032902956, -0.9995335936546326, 0.030319059267640114, 0.00923919677734375], [0.021849585697054863, -0.030232291668653488, -0.9993041157722473, 1.5284996032714844], [0.9997546672821045, 0.004310852847993374, 0.02172902040183544, -1.3316650390625], [0.0, 0.0, 0.0, 1.0]], [[-0.8332852721214294, -0.5526192784309387, -0.01573619805276394, 0.8001708984375], [0.02761766128242016, -0.01318188477307558, -0.999531626701355, 1.51141357421875], [0.5521529912948608, -0.8333295583724976, 0.026246322318911552, -1.09210205078125], [0.0, 0.0, 0.0, 1.0]], [[0.9474247694015503, 0.3193029463291168, 0.02078464813530445, -1.138916015625], [0.03668361157178879, -0.043859027326107025, -0.9983639717102051, 1.5886993408203125], [-0.3178689777851105, 0.9466372132301331, -0.053266312927007675, -0.105224609375], [0.0, 0.0, 0.0, 1.0]], [[0.003547147149220109, 0.9994254112243652, -0.0337090939283371, 0.00225067138671875], [0.011146946