[{"images": ["samples/CAM_FRONT_LEFT/n008-2018-09-18-13-10-39-0400__CAM_FRONT_LEFT__1537290736254799.jpg", "samples/CAM_FRONT/n008-2018-09-18-13-10-39-0400__CAM_FRONT__1537290736262404.jpg", "samples/CAM_FRONT_RIGHT/n008-2018-09-18-13-10-39-0400__CAM_FRONT_RIGHT__1537290736270482.jpg", "samples/CAM_BACK_LEFT/n008-2018-09-18-13-10-39-0400__CAM_BACK_LEFT__1537290736297405.jpg", "samples/CAM_BACK/n008-2018-09-18-13-10-39-0400__CAM_BACK__1537290736287558.jpg", "samples/CAM_BACK_RIGHT/n008-2018-09-18-13-10-39-0400__CAM_BACK_RIGHT__1537290736278113.jpg"], "intrinsics": [[[1257.8625342125129, 0.0, 827.2410631095686], [0.0, 1257.8625342125129, 450.915498205774], [0.0, 0.0, 1.0]], [[1252.8131021185304, 0.0, 826.588114781398], [0.0, 1252.8131021185304, 469.9846626224581], [0.0, 0.0, 1.0]], [[1256.7485116440405, 0.0, 817.7887570959712], [0.0, 1256.7485116440403, 451.9541780095127], [0.0, 0.0, 1.0]], [[1254.9860565800168, 0.0, 829.5769333630991], [0.0, 1254.9860565800168, 467.1680561863987], [0.0, 0.0, 1.0]], [[796.8910634503094, 0.0, 857.7774326863696], [0.0, 796.8910634503094, 476.8848988407415], [0.0, 0.0, 1.0]], [[1249.9629280788233, 0.0, 825.3768045375984], [0.0, 1249.9629280788233, 462.54816385708756], [0.0, 0.0, 1.0]]], "extrinsics": [[[0.8254149556159973, -0.5642465353012085, 0.01777607761323452, -0.8094482421875], [0.006626653950661421, -0.021802028641104698, -0.9997403621673584, 1.4898881912231445], [0.564487636089325, 0.8253185153007507, -0.014256656169891357, -1.201446533203125], [0.0, 0.0, 0.0, 1.0]], [[0.014485995285212994, -0.9995570778846741, 0.02599406987428665, 0.009368896484375], [0.008589527569711208, -0.025871438905596733, -0.9996283650398254, 1.4818706512451172], [0.9998581409454346, 0.01470393966883421, 0.008210950531065464, -1.539794921875], [0.0, 0.0, 0.0, 1.0]], [[-0.8421801924705505, -0.5391764640808105, 0.004622605629265308, 0.96343994140625], [0.016600996255874634, -0.03449751436710358, -0.9992668628692627, 1.495615005493164], [0.5389406085014343, -0.8414860963821411, 0.038003984838724136, -1.1951904296875], [0.0, 0.0, 0.0, 1.0]], [[0.9477172493934631, 0.3187844157218933, -0.014442584477365017, -1.13690185546875], [-0.00872777309268713, -0.019348088651895523, -0.999774694442749, 1.561976432800293], [-0.31899207830429077, 0.9476296901702881, -0.015554238110780716, -0.158447265625], [0.0, 0.0, 0.0, 1.0]], [[0.007666195742785931, 0.9996082186698914, -0.026920383796095848, -0.02874755859375], [-0.006732286419719458, -0.026868967339396477, -0.999616265296936, 1.5676662921905518], [-0.9999479055404663, 0.007844450883567333, 0.006523665506392717, -0.01611328125], [0.0, 0.0, 0.0, 1.0]], [[-0.9247065782546997, 0.38031893968582153, -0.016587572172284126, 1.05810546875], [-0.002477191621437669, -0.04958415403962135, -0.9987668395042419, 1.547567367553711], [-0.380672425031662, -0.9235252737998962, 0.04679291695356369, -0.0853118896484375], [0.0, 0.0, 0.0, 1.0]]], "view": [[0.0, -2.0, 100.0], [-2.0, 0.0, 100.0], [0.0, 0.0, 1.0]], "bev": "bev_e244ff3c37a64b6dbf9e09e63b1ccfa6.png", "aux": "aux_e244ff3c37a64b6dbf9e09e63b1ccfa6.npz", "visibility": "visibility_e244ff3c37a64b6dbf9e09e63b1ccfa6.png", "pose": [[-0.7681719660758972, 0.6402435898780823, 0.0, 1071.5089111328125], [-0.6402435898780823, -0.7681719660758972, 0.0, 533.2625122070312], [0.0, 0.0, 1.0, 0.0], [0.0, 0.0, 0.0, 1.0]], "pose_inverse": [[-0.7681719660758972, -0.6402435898780823, 0.0, 1164.52099609375], [0.6402435898780823, -0.7681719660758972, 0.0, -276.3893737792969], [0.0, 0.0, 1.0, 0.0], [0.0, 0.0, 0.0, 1.0]], "cam_ids": [0, 1, 2, 3, 4, 5], "cam_channels": ["CAM_FRONT_LEFT", "CAM_FRONT", "CAM_FRONT_RIGHT", "CAM_BACK_LEFT", "CAM_BACK", "CAM_BACK_RIGHT"], "token": "e244ff3c37a64b6dbf9e09e63b1ccfa6", "scene": "scene-0568"}, {"images": ["samples/CAM_FRONT_LEFT/n008-2018-09-18-13-10-39-0400__CAM_FRONT_LEFT__1537290736754799.jpg", "samples/CAM_FRONT/n008-2018-09-18-13-10-39-0400__CAM_FRONT__1537290736762436.jpg", "samples/CAM_FRONT_RIGHT/n008-2018-09-18-13-10-39-0400__CAM_FRONT_RIGHT__1537290736770482.jpg", "samples/CAM_BACK_LEFT/n008-2018-09-18-13-10-39-0400__CAM_BACK_LEFT__1537290736797405.jpg", "samples/CAM_BACK/n008-2018-09-18-13-10-39-0400__CAM_BACK__1537290736787558.jpg", "samples/CAM_BACK_RIGHT/n008-2018-09-18-13-10-39-0400__CAM_BACK_RIGHT__1537290736778113.jpg"], "intrinsics": [[[1257.8625342125129, 0.0, 827.2410631095686], [0.0, 1257.8625342125129, 450.915498205774], [0.0, 0.0, 1.0]], [[1252.8131021185304, 0.0, 826.588114781398], [0.0, 1252.8131021185304, 469.9846626224581], [0.0, 0.0, 1.0]], [[1256.7485116440405, 0.0, 817.7887570959712], [0.0, 1256.7485116440403, 451.9541780095127], [0.0, 0.0, 1.0]], [[1254.9860565800168, 0.0, 829.5769333630991], [0.0, 1254.9860565800168, 467.1680561863987], [0.0, 0.0, 1.0]], [[796.8910634503094, 0.0, 857.7774326863696], [0.0, 796.8910634503094, 476.8848988407415], [0.0, 0.0, 1.0]], [[1249.9629280788233, 0.0, 825.3768045375984], [0.0, 1249.9629280788233, 462.54816385708756], [0.0, 0.0, 1.0]]], "extrinsics": [[[0.823333740234375, -0.5674067735671997, 0.013079853728413582, -0.8009033203125], [0.00630737142637372, -0.013897008262574673, -0.9998835325241089, 1.4898748397827148], [0.5675224661827087, 0.8233203291893005, -0.007863028906285763, -1.194671630859375], [0.0, 0.0, 0.0, 1.0]], [[0.011425377801060677, -0.9997740983963013, 0.01792570762336254, 0.0091552734375], [0.008202376775443554, -0.017832566052675247, -0.9998073577880859, 1.4818658828735352], [0.9999011158943176, 0.011570221744477749, 0.007996780797839165, -1.531005859375], [0.0, 0.0, 0.0, 1.0]], [[-0.8434787392616272, -0.5371624231338501, 0.00054813182214275, 0.9573974609375], [0.016147632151842117, -0.02637573517858982, -0.9995216131210327, 1.4956645965576172], [0.5369199514389038, -0.843066394329071, 0.030921272933483124, -1.19146728515625], [0.0, 0.0, 0.0, 1.0]], [[0.9478161931037903, 0.3185655474662781, -0.012667402625083923, -1.135498046875], [-0.009643526747822762, -0.011067574843764305, -0.9998922944068909, 1.5619592666625977], [-0.31867143511772156, 0.9478362798690796, -0.007417932152748108, -0.1588134765625], [0.0, 0.0, 0.0, 1.0]], [[0.008714179508388042, 0.9997872710227966, -0.01869705691933632, -0.028839111328125], [-0.0073601678013801575, -0.018633130937814713, -0.9997992515563965, 1.56760835647583], [-0.9999350309371948, 0.008850045502185822, 0.007196229882538319, -0.018310546875], [0.0, 0.0, 0.0, 1.0]], [[-0.9240230321884155, 0.3821140229701996, -0.013053671456873417, 1.0535888671875], [-0.0029945217538625, -0.04137362912297249, -0.9991392493247986, 1.547499179840088], [-0.3823251724243164, -0.9231885671615601, 0.03937442973256111, -0.0871429443359375], [0.0, 0.0, 0.0, 1.0]]], "view": [[0.0, -2.0, 100.0], [-2.0, 0.0, 100.0], [0.0, 0.0, 1.0]], "bev": "bev_14f50093671c440b990d7d25ba7ae3f2.png", "aux": "aux_14f50093671c440b990d7d25ba7ae3f2.npz", "visibility": "visibility_14f50093671c440b990d7d25ba7ae3f2.png", "pose": [[-0.7914091944694519, 0.6112867593765259, 0.0, 1069.3052978515625], [-0.6112867593765259, -0.7914091944694519, 0.0, 531.528076171875], [0.0, 0.0, 1.0, 0.0], [0.0, 0.0, 0.0, 1.0]], "pose_inverse": [[-0.7914091944694519, -0.6112867593765259, 0.0, 1171.174072265625], [0.6112867593765259, -0.7914091944694519, 0.0, -232.99594116210938], [0.0, 0.0, 1.0, 0.0], [0.0, 0.0, 0.0, 1.0]], "cam_ids": [0, 1, 2, 3, 4, 5], "cam_channels": ["CAM_FRONT_LEFT", "CAM_FRONT", "CAM_FRONT_RIGHT", "CAM_BACK_LEFT", "CAM_BACK", "CAM_BACK_RIGHT"], "token": "14f50093671c440b990d7d25ba7ae3f2", "scene": "scene-0568"}, {"images": ["samples/CAM_FRONT_LEFT/n008-2018-09-18-13-10-39-0400__CAM_FRONT_LEFT__1537290737254799.jpg", "samples/CAM_FRONT/n008-2018-09-18-13-10-39-0400__CAM_FRONT__1537290737262404.jpg", "samples/CAM_FRONT_RIGHT/n008-2018-09-18-13-10-39-0400__CAM_FRONT_RIGHT__1537290737270482.jpg", "samples/CAM_BACK_LEFT/n008-2018-09-18-13-10-39-0400__CAM_BACK_LEFT__1537290737297405.jpg", "samples/CAM_BACK/n008-2018-09-18-13-10-39-0400__CAM_BACK__1537290737287558.jpg", "samples/CAM_BACK_RIGHT/n008-2018-09-18-13-10-39-0400__CAM_BACK_RIGHT__1537290737278113.jpg"], "intrinsics": [[[1257.8625342125129, 0.0, 827.2410631095686], [0.0, 1257.8625342125129, 450.915498205774], [0.0, 0.0, 1.0]], [[1252.8131021185304, 0.0, 826.588114781398], [0.0, 1252.8131021185304, 469.9846626224581], [0.0, 0.0, 1.0]], [[1256.7485116440405, 0.0, 817.7887570959712], [0.0, 1256.7485116440403, 451.9541780095127], [0.0, 0.0, 1.0]], [[1254.9860565800168, 0.0, 829.5769333630991], [0.0, 1254.9860565800168, 467.1680561863987], [0.0, 0.0, 1.0]], [[796.8910634503094, 0.0, 857.7774326863696], [0.0, 796.8910634503094, 476.8848988407415], [0.0, 0.0, 1.0]], [[1249.9629280788233, 0.0, 825.3768045375984], [0.0, 1249.9629280788233, 462.54816385708756], [0.0, 0.0, 1.0]]], "extrinsics": [[[0.8225144147872925, -0.5686846375465393, 0.008235554210841656, -0.8013916015625], [0.0044038547202944756, -0.008111643604934216, -0.9999573826789856, 1.489396572113037], [0.5687272548675537, 0.8225156664848328, -0.004167541395872831, -1.195526123046875], [0.0, 0.0, 0.0, 1.0]], [[0.010171937756240368, -0.9998737573623657, 0.012202832847833633, 0.0092315673828125], [0.0063952193595469, -0.012138165533542633, -0.9999059438705444, 1.481490135192871], [0.9999277591705322, 0.010248982347548008, 0.006270944606512785, -1.5311279296875], [0.0, 0.0, 0.0, 1.0]], [[-0.8440490961074829, -0.5362647771835327, -0.0011040798854082823, 0.95733642578125], [0.0144807705655694, -0.020733702927827835, -0.9996801614761353, 1.4953956604003906], [0.5360704064369202, -0.8437951803207397, 0.02526579052209854, -1.19140625], [0.0, 0.0, 0.0, 1.0]], [[0.9478262662887573, 0.3185734450817108, -0.011672058142721653, -1.1376953125], [-0.010558414272964, -0.00522236293181777, -0.9999306201934814, 1.5619745254516602], [-0.31861236691474915, 0.9478837847709656, -0.001586260972544551, -0.158203125], [0.0, 0.0, 0.0, 1.0]], [[0.009172088466584682, 0.9998738169670105, -0.012967691756784916, -0.0287322998046875], [-0.008529337123036385, -0.012889535166323185, -0.9998805522918701, 1.5675358772277832], [-0.9999215602874756, 0.009281630627810955, 0.00841003842651844, -0.0179443359375], [0.0, 0.0, 0.0, 1.0]], [[-0.9237333536148071, 0.3829173743724823, -0.009531275369226933, 1.0533447265625], [-0.004489258863031864, -0.035704776644706726, -0.9993523359298706, 1.5473251342773438], [-0.383009672164917, -0.9230923056602478, 0.03470071032643318, -0.087127685546875], [0.0, 0.0, 0.0, 1.0]]], "view": [[0.0, -2.0, 100.0], [-2.0, 0.0, 100.0], [0.0, 0.0, 1.0]], "bev": "bev_d5dd9caf17e2407fbcfd24829aacbfb7.png", "aux": "aux_d5dd9caf17e2407fbcfd24829aacbfb7.npz", "visibility": "visibility_d5dd9caf17e2407fbcfd24829aacbfb7.png", "pose": [[-0.7955149412155151, 0.6059339642524719, 0.0, 1067.044677734375], [-0.6059339642524719, -0.7955149412155151, 0.0, 529.8368530273438], [0.0, 0.0, 1.0, 0.0], [0.0, 0.0, 0.0, 1.0]], "pose_inverse": [[-0.7955149412155151, -0.6059339642524719, 0.0, 1169.8961181640625], [0.6059339642524719, -0.7955149412155151, 0.0, -225.0655059814453], [0.0, 0.0, 1.0, 0.0], [0.0, 0.0, 0.0, 1.0]], "cam_ids": [0, 1, 2, 3, 4, 5], "cam_channels": ["CAM_FRONT_LEFT", "CAM_FRONT", "CAM_FRONT_RIGHT", "CAM_BACK_LEFT", "CAM_BACK", "CAM_BACK_RIGHT"], "token": "d5dd9caf17e2407fbcfd24829aacbfb7", "scene": "scene-0568"}, {"images": ["samples/CAM_FRONT_LEFT/n008-2018-09-18-13-10-39-0400__CAM_FRONT_LEFT__1537290737754799.jpg", "samples/CAM_FRONT/n008-2018-09-18-13-10-39-0400__CAM_FRONT__1537290737762782.jpg", "samples/CAM_FRONT_RIGHT/n008-2018-09-18-13-10-39-0400__CAM_FRONT_RIGHT__1537290737770482.jpg", "samples/CAM_BACK_LEFT/n008-2018-09-18-13-10-39-0400__CAM_BACK_LEFT__1537290737797425.jpg", "samples/CAM_BACK/n008-2018-09-18-13-10-39-0400__CAM_BACK__1537290737787558.jpg", "samples/CAM_BACK_RIGHT/n008-2018-09-18-13-10-39-0400__CAM_BACK_RIGHT__1537290737778113.jpg"], "intrinsics": [[[1257.8625342125129, 0.0, 827.2410631095686], [0.0, 1257.8625342125129, 450.915498205774], [0.0, 0.0, 1.0]], [[1252.8131021185304, 0.0, 826.588114781398], [0.0, 1252.8131021185304, 469.9846626224581], [0.0, 0.0, 1.0]], [[1256.7485116440405, 0.0, 817.7887570959712], [0.0, 1256.7485116440403, 451.9541780095127], [0.0, 0.0, 1.0]], [[1254.9860565800168, 0.0, 829.5769333630991], [0.0, 1254.9860565800168, 467.1680561863987], [0.0, 0.0, 1.0]], [[796.8910634503094, 0.0, 857.7774326863696], [0.0, 796.8910634503094, 476.8848988407415], [0.0, 0.0, 1.0]], [[1249.9629280788233, 0.0, 825.3768045375984], [0.0, 1249.9629280788233, 462.54816385708756], [0.0, 0.0, 1.0]]], "extrinsics": [[[0.8208968043327332, -0.571060061454773, 0.004352242220193148, -0.7919921875], [0.008500942029058933, 0.004599091596901417, -0.9999532699584961, 1.490464210510254], [0.571013331413269, 0.8208953738212585, 0.008629927411675453, -1.189239501953125], [0.0, 0.0, 0.0, 1.0]], [[0.007950223982334137, -0.9999681115150452, -0.0006959988386370242, 0.0096588134765625], [0.010440247133374214, 0.0007789867231622338, -0.9999452233314514, 1.4823627471923828], [0.9999138712882996, 0.007942456752061844, 0.01044610794633627, -1.524169921875], [0.0, 0.0, 0.0, 1.0]], [[-0.8449075222015381, -0.5347890257835388, -0.011480627581477165, 0.95147705078125], [0.018405960872769356, -0.007616062182933092, -0.9998015761375427, 1.4961433410644531], [0.5345954298973083, -0.8449512720108032, 0.01627817563712597, -1.1868896484375], [0.0, 0.0, 0.0, 1.0]], [[0.9478922486305237, 0.3185652792453766, -0.004054265562444925, -1.1351318359375], [-0.007218163460493088, 0.008751852437853813, -0.9999356269836426, 1.5619726181030273], [-0.3185093402862549, 0.9478604793548584, 0.010595271363854408, -0.15924072265625], [0.0, 0.0, 0.0, 1.0]], [[0.009906998835504055, 0.999950647354126, 0.0007381366449408233, -0.029052734375], [-0.004925091285258532, 0.0007869598339311779, -0.9999875426292419, 1.5677309036254883], [-0.9999387860298157, 0.00990318227559328, 0.004932645242661238, -0.0224609375], [0.0, 0.0, 0.0, 1.0]], [[-0.9232279658317566, 0.3841710090637207, -0.007907580584287643, 1.047607421875], [-0.0007279221899807453, -0.022327667102217674, -0.9997504353523254, 1.5477595329284668], [-0.38425174355506897, -0.9229918718338013, 0.020893175154924393, -0.0889892578125], [0.0, 0.0, 0.0, 1.0]]], "view": [[0.0, -2.0, 100.0], [-2.0, 0.0, 100.0], [0.0, 0.0, 1.0]], "bev": "bev_9f1c6e1343134a89bea90b3276f8abff.png", "aux": "aux_9f1c6e1343134a89bea90b3276f8abff.npz", "visibility": "visibility_9f1c6e1343134a89bea90b3276f8abff.png", "pose": [[-0.786959171295166, 0.6170050501823425, 0.0, 1064.7388916015625], [-0.6170050501823425, -0.786959171295166, 0.0, 528.1190185546875], [0.0, 0.0, 1.0, 0.0], [0.0, 0.0, 0.0, 1.0]], "pose_inverse": [[-0.786959171295166, -0.6170050501823425, 0.0, 1163.7581787109375], [0.6170050501823425, -0.786959171295166, 0.0, -241.34117126464844], [0.0, 0.0, 1.0, 0.0], [0.0, 0.0, 0.0, 1.0]], "cam_ids": [0, 1, 2, 3, 4, 5], "cam_channels": ["CAM_FRONT_LEFT", "CAM_FRONT", "CAM_FRONT_RIGHT", "CAM_BACK_LEFT", "CAM_BACK", "CAM_BACK_RIGHT"], "token": "9f1c6e1343134a89bea90b3276f8abff", "scene": "scene-0568"}, {"images": ["samples/CAM_FRONT_LEFT/n008-2018-09-18-13-10-39-0400__CAM_FRONT_LEFT__1537290738254799.jpg", "samples/CAM_FRONT/n008-2018-09-18-13-10-39-0400__CAM_FRONT__1537290738262404.jpg", "samples/CAM_FRONT_RIGHT/n008-2018-09-18-13-10-39-0400__CAM_FRONT_RIGHT__1537290738270482.jpg", "samples/CAM_BACK_LEFT/n008-2018-09-18-13-10-39-0400__CAM_BACK_LEFT__1537290738297405.jpg", "samples/CAM_BACK/n008-2018-09-18-13-10-39-0400__CAM_BACK__1537290738287558.jpg", "samples/CAM_BACK_RIGHT/n008-2018-09-18-13-10-39-0400__CAM_BACK_RIGHT__1537290738278113.jpg"], "intrinsics": [[[1257.8625342125129, 0.0, 827.2410631095686], [0.0, 1257.8625342125129, 450.915498205774], [0.0, 0.0, 1.0]], [[1252.8131021185304, 0.0, 826.588114781398], [0.0, 1252.8131021185304, 469.9846626224581], [0.0, 0.0, 1.0]], [[1256.7485116440405, 0.0, 817.7887570959712], [0.0, 1256.7485116440403, 451.9541780095127], [0.0, 0.0, 1.0]], [[1254.9860565800168, 0.0, 829.5769333630991], [0.0, 1254.9860565800168, 467.1680561863987], [0.0, 0.0, 1.0]], [[796.8910634503094, 0.0, 857.7774326863696], [0.0, 796.8910634503094, 476.8848988407415], [0.0, 0.0, 1.0]], [[1249.9629280788233, 0.0, 825.3768045375984], [0.0, 1249.9629280788233, 462.54816385708756], [0.0, 0.0, 1.0]]], "extrinsics": [[[0.8191906213760376, -0.5734682083129883, -0.007809482514858246, -0.785888671875], [0.004470276180654764, 0.020000848919153214, -0.9997899532318115, 1.4893561601638794], [0.5735039710998535, 0.8189836740493774, 0.018948068842291832, -1.186981201171875], [0.0, 0.0, 0.0, 1.0]], [[0.005453168880194426, -0.999857485294342, -0.01597609929740429, 0.011383056640625], [0.006441987585276365, 0.016011131927371025, -0.9998511075973511, 1.481489658355713], [0.9999643564224243, 0.005349432118237019, 0.006528381258249283, -1.517333984375], [0.0, 0.0, 0.0, 1.0]], [[-0.8459668159484863, -0.5329889059066772, -0.01622285135090351, 0.94989013671875], [0.01450152788311243, 0.007416456006467342, -0.99986732006073, 1.4954948425292969], [0.5330385565757751, -0.8460897207260132, 0.001455077901482582, -1.18438720703125], [0.0, 0.0, 0.0, 1.0]], [[0.9479332566261292, 0.31845542788505554, -0.0029674444813281298, -1.1356201171875], [-0.010819689370691776, 0.022891268134117126, -0.999679446220398, 1.5619430541992188], [-0.31828543543815613, 0.9476613402366638, 0.02514498122036457, -0.1590576171875], [0.0, 0.0, 0.0, 1.0]], [[0.010699820704758167, 0.9998270869255066, 0.01521589420735836, -0.0296630859375], [-0.008682666346430779, 0.015309089794754982, -0.9998450875282288, 1.567453384399414], [-0.9999051690101624, 0.010566155426204205, 0.008844968862831593, -0.02294921875], [0.0, 0.0, 0.0, 1.0]], [[-0.9227086901664734, 0.38549572229385376, 0.001294040703214705, 1.0455322265625], [-0.004531051032245159, -0.007488667033612728, -0.9999616742134094, 1.5472729206085205], [-0.3854711949825287, -0.9226792454719543, 0.008656559512019157, -0.0887603759765625], [0.0, 0.0, 0.0, 1.0]]], "view": [[0.0, -2.0, 100.0], [-2.0, 0.0, 100.0], [0.0, 0.0, 1.0]], "bev": "bev_1e9200f8f4e04b21936f56fd242a305a.png", "aux": "aux_1e9200f8f4e04b21936f56fd242a305a.npz", "visibility": "visibility_1e9200f8f4e04b21936f56fd242a305a.png", "pose": [[-0.7521316409111023, 0.6590129137039185, 0.0, 1062.443603515625], [-0.6590129137039185, -0.7521316409111023, 0.0, 526.2952270507812], [0.0, 0.0, 1.0, 0.0], [0.0, 0.0, 0.0, 1.0]], "pose_inverse": [[-0.7521316409111023, -0.6590129137039185, 0.0, 1145.9327392578125], [0.6590129137039185, -0.7521316409111023, 0.0, -304.3207702636719], [0.0, 0.0, 1.0, 0.0], [0.0, 0.0, 0.0, 1.0]], "cam_ids": [0, 1, 2, 3, 4, 5], "cam_channels": ["CAM_FRONT_LEFT", "CAM_FRONT", "CAM_FRONT_RIGHT", "CAM_BACK_LEFT", "CAM_BACK", "CAM_BACK_RIGHT"], "token": "1e9200f8f4e04b21936f56fd242a305a", "scene": "scene-0568"}, {"images": ["samples/CAM_FRONT_LEFT/n008-2018-09-18-13-10-39-0400__CAM_FRONT_LEFT__1537290738754799.jpg", "samples/CAM_FRONT/n008-2018-09-18-13-10-39-0400__CAM_FRONT__1537290738762404.jpg", "samples/CAM_FRONT_RIGHT/n008-2018-09-18-13-10-39-0400__CAM_FRONT_RIGHT__1537290738770482.jpg", "samples/CAM_BACK_LEFT/n008-2018-09-18-13-10-39-0400__CAM_BACK_LEFT__1537290738797405.jpg", "samples/CAM_BACK/n008-2018-09-18-13-10-39-0400__CAM_BACK__1537290738787558.jpg", "samples/CAM_BACK_RIGHT/n008-2018-09-18-13-10-39-0400__CAM_BACK_RIGHT__1537290738778113.jpg"], "intrinsics": [[[1257.8625342125129, 0.0, 827.2410631095686], [0.0, 1257.8625342125129, 450.915498205774], [0.0, 0.0, 1.0]], [[1252.8131021185304, 0.0, 826.588114781398], [0.0, 1252.8131021185304, 469.9846626224581], [0.0, 0.0, 1.0]], [[1256.7485116440405, 0.0, 817.7887570959712], [0.0, 1256.7485116440403, 451.9541780095127], [0.0, 0.0, 1.0]], [[1254.9860565800168, 0.0, 829.5769333630991], [0.0, 1254.9860565800168, 467.1680561863987], [0.0, 0.0, 1.0]], [[796.8910634503094, 0.0, 857.7774326863696], [0.0, 796.8910634503094, 476.8848988407415], [0.0, 0.0, 1.0]], [[1249.9629280788233, 0.0, 825.3768045375984], [0.0, 1249.9629280788233, 462.54816385708756], [0.0, 0.0, 1.0]]], "extrinsics": [[[0.8196811676025391, -0.572701632976532, -0.011649132706224918, -0.79248046875], [0.004561332520097494, 0.026861537247896194, -0.9996287226676941, 1.4892959594726562], [0.5728020071983337, 0.8193236589431763, 0.024630175903439522, -1.192169189453125], [0.0, 0.0, 0.0, 1.0]], [[0.006242004223167896, -0.9997226595878601, -0.022707244381308556, 0.011688232421875], [0.006538282614201307, 0.022748006507754326, -0.9997198581695557, 1.4814295768737793], [0.9999591708183289, 0.006091699469834566, 0.006678462028503418, -1.524169921875], [0.0, 0.0, 0.0, 1.0]], [[-0.8456015586853027, -0.5334460735321045, -0.01983189396560192, 0.9542236328125], [0.014584878459572792, 0.014049839228391647, -0.9997949004173279, 1.495406150817871], [0.5336152911186218, -0.8457174301147461, -0.004100320860743523, -1.1865234375], [0.0, 0.0, 0.0, 1.0]], [[0.9479197859764099, 0.3185083568096161, -0.0006915091071277857, -1.136474609375], [-0.010564724914729595, 0.02927188202738762, -0.9995156526565552, 1.5619544982910156], [-0.31833383440971375, 0.9474679827690125, 0.031112348660826683, -0.1588134765625], [0.0, 0.0, 0.0, 1.0]], [[0.010406024754047394, 0.9997107982635498, 0.021680349484086037, -0.02984619140625], [-0.008555707521736622, 0.021769743412733078, -0.9997263550758362, 1.5674686431884766], [-0.9999093413352966, 0.010217663832008839, 0.008779771625995636, -0.0206298828125], [0.0, 0.0, 0.0, 1.0]], [[-0.9229044318199158, 0.38501086831092834, 0.0037477610167115927, 1.049072265625], [-0.004456454422324896, -0.0009484395268373191, -0.9999895691871643, 1.5472822189331055], [-0.38500332832336426, -0.922911524772644, 0.002591102384030819, -0.0869293212890625], [0.0, 0.0, 0.0, 1.0]]], "view": [[0.0, -2.0, 100.0], [-2.0, 0.0, 100.0], [0.0, 0.0, 1.0]], "bev": "bev_b8e8ae549ee340698074f155acc0c385.png", "aux": "aux_b8e8ae549ee340698074f155acc0c385.npz", "visibility": "visibility_b8e8ae549ee340698074f155acc0c385.png", "pose": [[-0.7090050578117371, 0.7052034139633179, 0.0, 1060.2742919921875], [-0.7052034139633179, -0.7090050578117371, 0.0, 524.336669921875], [0.0, 0.0, 1.0, 0.0], [0.0, 0.0, 0.0, 1.0]], "pose_inverse": [[-0.7090050578117371, -0.7052034139633179, 0.0, 1121.5037841796875], [0.7052034139633179, -0.7090050578117371, 0.0, -375.9516906738281], [0.0, 0.0, 1.0, 0.0], [0.0, 0.0, 0.0, 1.0]], "cam_ids": [0, 1, 2, 3, 4, 5], "cam_channels": ["CAM_FRONT_LEFT", "CAM_FRONT", "CAM_FRONT_RIGHT", "CAM_BACK_LEFT", "CAM_BACK", "CAM_BACK_RIGHT"], "token": "b8e8ae549ee340698074f155acc0c385", "scene": "scene-0568"}, {"images": ["samples/CAM_FRONT_LEFT/n008-2018-09-18-13-10-39-0400__CAM_FRONT_LEFT__1537290739254799.jpg", "samples/CAM_FRONT/n008-2018-09-18-13-10-39-0400__CAM_FRONT__1537290739262429.jpg", "samples/CAM_FRONT_RIGHT/n008-2018-09-18-13-10-39-0400__CAM_FRONT_RIGHT__1537290739270482.jpg", "samples/CAM_BACK_LEFT/n008-2018-09-18-13-10-39-0400__CAM_BACK_LEFT__1537290739297405.jpg", "samples/CAM_BACK/n008-2018-09-18-13-10-39-0400__CAM_BACK__1537290739287558.jpg", "samples/CAM_BACK_RIGHT/n008-2018-09-18-13-10-39-0400__CAM_BACK_RIGHT__1537290739278113.jpg"], "intrinsics": [[[1257.8625342125129, 0.0, 827.2410631095686], [0.0, 1257.8625342125129, 450.915498205774], [0.0, 0.0, 1.0]], [[1252.8131021185304, 0.0, 826.588114781398], [0.0, 1252.8131021185304, 469.9846626224581], [0.0, 0.0, 1.0]], [[1256.7485116440405, 0.0, 817.7887570959712], [0.0, 1256.7485116440403, 451.9541780095127], [0.0, 0.0, 1.0]], [[1254.9860565800168, 0.0, 829.5769333630991], [0.0, 1254.9860565800168, 467.1680561863987], [0.0, 0.0, 1.0]], [[796.8910634503094, 0.0, 857.7774326863696], [0.0, 796.8910634503094, 476.8848988407415], [0.0, 0.0, 1.0]], [[1249.9629280788233, 0.0, 825.3768045375984], [0.0, 1249.9629280788233, 462.54816385708756], [0.0, 0.0, 1.0]]], "extrinsics": [[[0.82126784324646, -0.5704142451286316, -0.012112822383642197, -0.7900390625], [0.005652874708175659, 0.02936449833214283, -0.9995527863502502, 1.4895691871643066], [0.5705148577690125, 0.8208320736885071, 0.0273405984044075, -1.1915283203125], [0.0, 0.0, 0.0, 1.0]], [[0.008416645228862762, -0.9996453523635864, -0.025265270844101906, 0.01226806640625], [0.007489680778235197, 0.02532847598195076, -0.9996511340141296, 1.4816242456436157], [0.9999365210533142, 0.008224553428590298, 0.007700206711888313, -1.522705078125], [0.0, 0.0, 0.0, 1.0]], [[-0.8447500467300415, -0.5347108244895935, -0.021944742649793625, 0.9541015625], [0.015397987328469753, 0.016703655943274498, -0.9997418522834778, 1.4955329895019531], [0.5349393486976624, -0.8448699712753296, -0.0058769467286765575, -1.1864013671875], [0.0, 0.0, 0.0, 1.0]], [[0.9478893876075745, 0.31859901547431946, 0.0005395498010329902, -1.1341552734375], [-0.010247072204947472, 0.03217943012714386, -0.9994295835494995, 1.5619258880615234], [-0.3184346854686737, 0.9473432302474976, 0.033767249435186386, -0.15966796875], [0.0, 0.0, 0.0, 1.0]], [[0.009780296124517918, 0.9996526837348938, 0.024472257122397423, -0.02978515625], [-0.00803922675549984, 0.02455124258995056, -0.9996662139892578, 1.5674858093261719], [-0.9999199509620667, 0.00958026573061943, 0.008276551961898804, -0.0223388671875], [0.0, 0.0, 0.0, 1.0]], [[-0.9233447313308716, 0.3839498460292816, 0.004126690793782473, 1.0482177734375], [-0.003747588722035289, 0.0017354830633848906, -0.9999914765357971, 1.5473546981811523], [-0.38395366072654724, -0.9233523011207581, -0.00016356263950001448, -0.08727645874023438], [0.0, 0.0, 0.0, 1.0]]], "view": [[0.0, -2.0, 100.0], [-2.0, 0.0, 100.0], [0.0, 0.0, 1.0]], "bev": "bev_be4a324eea79470d9c6c1bc168194851.png", "aux": "aux_be4a324eea79470d9c6c1bc168194851.npz", "visibility": "visibility_be4a324eea79470d9c6c1bc168194851.png", "pose": [[-0.6823487281799316, 0.731026828289032, 0.0, 1058.167724609375], [-0.731026828289032, -0.6823487281799316, 0.0, 522.2330322265625], [0.0, 0.0, 1.0, 0.0], [0.0, 0.0, 0.0, 1.0]], "pose_inverse": [[-0.6823487281799316, -0.731026828289032, 0.0, 1103.8057861328125], [0.731026828289032, -0.6823487281799316, 0.0, -417.20391845703125], [0.0, 0.0, 1.0, 0.0], [0.0, 0.0, 0.0, 1.0]], "cam_ids": [0, 1, 2, 3, 4, 5], "cam_channels": ["CAM_FRONT_LEFT", "CAM_FRONT", "CAM_FRONT_RIGHT", "CAM_BACK_LEFT", "CAM_BACK", "CAM_BACK_RIGHT"], "token": "be4a324eea79470d9c6c1bc168194851", "scene": "scene-0568"}, {"images": ["samples/CAM_FRONT_LEFT/n008-2018-09-18-13-10-39-0400__CAM_FRONT_LEFT__1537290739754799.jpg", "samples/CAM_FRONT/n008-2018-09-18-13-10-39-0400__CAM_FRONT__1537290739762404.jpg", "samples/CAM_FRONT_RIGHT/n008-2018-09-18-13-10-39-0400__CAM_FRONT_RIGHT__1537290739770482.jpg", "samples/CAM_BACK_LEFT/n008-2018-09-18-13-10-39-0400__CAM_BACK_LEFT__1537290739797405.jpg", "samples/CAM_BACK/n008-2018-09-18-13-10-39-0400__CAM_BACK__1537290739787558.jpg", "samples/CAM_BACK_RIGHT/n008-2018-09-18-13-10-39-0400__CAM_BACK_RIGHT__1537290739778113.jpg"], "intrinsics": [[[1257.8625342125129, 0.0, 827.2410631095686], [0.0, 1257.8625342125129, 450.915498205774], [0.0, 0.0, 1.0]], [[1252.8131021185304, 0.0, 826.588114781398], [0.0, 1252.8131021185304, 469.9846626224581], [0.0, 0.0, 1.0]], [[1256.7485116440405, 0.0, 817.7887570959712], [0.0, 1256.7485116440403, 451.9541780095127], [0.0, 0.0, 1.0]], [[1254.9860565800168, 0.0, 829.5769333630991], [0.0, 1254.9860565800168, 467.1680561863987], [0.0, 0.0, 1.0]], [[796.8910634503094, 0.0, 857.7774326863696], [0.0, 796.8910634503094, 476.8848988407415], [0.0, 0.0, 1.0]], [[1249.9629280788233, 0.0, 825.3768045375984], [0.0, 1249.9629280788233, 462.54816385708756], [0.0, 0.0, 1.0]]], "extrinsics": [[[0.820951521396637, -0.5707711577415466, -0.01608920469880104, -0.7801513671875], [0.0066714296117424965, 0.037763457745313644, -0.9992644190788269, 1.4899358749389648], [0.5709588527679443, 0.8202403783798218, 0.03480983152985573, -1.1823883056640625], [0.0, 0.0, 0.0, 1.0]], [[0.0080583356320858, -0.9993969202041626, -0.033773135393857956, 0.0111083984375], [0.008586246520280838, 0.033842142671346664, -0.9993903040885925, 1.481961727142334], [0.9999306797981262, 0.007763517554849386, 0.00885378010571003, -1.51025390625], [0.0, 0.0, 0.0, 1.0]], [[-0.8448367118835449, -0.5343136191368103, -0.027566060423851013, 0.9443359375], [0.01658455841243267, 0.025344980880618095, -0.9995412230491638, 1.495893955230713], [0.5347670912742615, -0.8449062705039978, -0.012551017105579376, -1.18096923828125], [0.0, 0.0, 0.0, 1.0]], [[0.9478743076324463, 0.3186079263687134, 0.004830431658774614, -1.13427734375], [-0.008745118044316769, 0.04116477444767952, -0.9991140961647034, 1.56195068359375], [-0.3185245990753174, 0.9469922780990601, 0.041805293411016464, -0.15948486328125], [0.0, 0.0, 0.0, 1.0]], [[0.009784717112779617, 0.9993951320648193, 0.0333724319934845, -0.02947998046875], [-0.0066251736134290695, 0.03343808650970459, -0.9994187951087952, 1.5675487518310547], [-0.999930202960968, 0.009557942859828472, 0.006948350463062525, -0.0264892578125], [0.0, 0.0, 0.0, 1.0]], [[-0.9232975840568542, 0.3840334713459015, 0.006317693740129471, 1.041259765625], [-0.0024735876359045506, 0.010502909310162067, -0.9999418258666992, 1.547469139099121], [-0.38407737016677856, -0.923259437084198, -0.008747371844947338, -0.09086775779724121], [0.0, 0.0, 0.0, 1.0]]], "view": [[0.0, -2.0, 100.0], [-2.0, 0.0, 100.0], [0.0, 0.0, 1.0]], "bev": "bev_b6a3cf5cfb884b7e8ea984da794643fc.png", "aux": "aux_b6a3cf5cfb884b7e8ea984da794643fc.npz", "visibility": "visibility_b6a3cf5cfb884b7e8ea984da794643fc.png", "pose": [[-0.6609453558921814, 0.7504340410232544, 0.0, 1056.163818359375], [-0.7504340410232544, -0.6609453558921814, 0.0, 520.1034545898438], [0.0, 0.0, 1.0, 0.0], [0.0, 0.0, 0.0, 1.0]], "pose_inverse": [[-0.6609453558921814, -0.7504340410232544, 0.0, 1088.369873046875], [0.7504340410232544, -0.6609453558921814, 0.0, -448.8213195800781], [0.0, 0.0, 1.0, 0.0], [0.0, 0.0, 0.0, 1.0]], "cam_ids": [0, 1, 2, 3, 4, 5], "cam_channels": ["CAM_FRONT_LEFT", "CAM_FRONT", "CAM_FRONT_RIGHT", "CAM_BACK_LEFT", "CAM_BACK", "CAM_BACK_RIGHT"], "token": "b6a3cf5cfb884b7e8ea984da794643fc", "scene": "scene-0568"}, {"images": ["samples/CAM_FRONT_LEFT/n008-2018-09-18-13-10-39-0400__CAM_FRONT_LEFT__1537290740254799.jpg", "samples/CAM_FRONT/n008-2018-09-18-13-10-39-0400__CAM_FRONT__1537290740262415.jpg", "samples/CAM_FRONT_RIGHT/n008-2018-09-18-13-10-39-0400__CAM_FRONT_RIGHT__1537290740270482.jpg", "samples/CAM_BACK_LEFT/n008-2018-09-18-13-10-39-0400__CAM_BACK_LEFT__1537290740297405.jpg", "samples/CAM_BACK/n008-2018-09-18-13-10-39-0400__CAM_BACK__1537290740287558.jpg", "samples/CAM_BACK_RIGHT/n008-2018-09-18-13-10-39-0400__CAM_BACK_RIGHT__1537290740278113.jpg"], "intrinsics": [[[1257.8625342125129, 0.0, 827.2410631095686], [0.0, 1257.8625342125129, 450.915498205774], [0.0, 0.0, 1.0]], [[1252.8131021185304, 0.0, 826.588114781398], [0.0, 1252.8131021185304, 469.9846626224581], [0.0, 0.0, 1.0]], [[1256.7485116440405, 0.0, 817.7887570959712], [0.0, 1256.7485116440403, 451.9541780095127], [0.0, 0.0, 1.0]], [[1254.9860565800168, 0.0, 829.5769333630991], [0.0, 1254.9860565800168, 467.1680561863987], [0.0, 0.0, 1.0]], [[796.8910634503094, 0.0, 857.7774326863696], [0.0, 796.8910634503094, 476.8848988407415], [0.0, 0.0, 1.0]], [[1249.9629280788233, 0.0, 825.3768045375984], [0.0, 1249.9629280788233, 462.54816385708756], [0.0, 0.0, 1.0]]], "extrinsics": [[[0.8217239379882812, -0.5695453882217407, -0.019696032628417015, -0.7886962890625], [0.006882930640131235, 0.04447748512029648, -0.9989866614341736, 1.4899721145629883], [0.5698442459106445, 0.8207557201385498, 0.040468353778123856, -1.18670654296875], [0.0, 0.0, 0.0, 1.0]], [[0.009138822555541992, -0.9991456270217896, -0.04030540585517883, 0.009490966796875], [0.008854493498802185, 0.040386371314525604, -0.9991449117660522, 1.4819936752319336], [0.999919056892395, 0.008774158544838428, 0.009216013364493847, -1.5185546875], [0.0, 0.0, 0.0, 1.0]], [[-0.8444023132324219, -0.534797728061676, -0.031240714713931084, 0.948974609375], [0.016885433346033096, 0.03171748295426369, -0.9993541836738586, 1.495870590209961], [0.5354433059692383, -0.8443846106529236, -0.0177520290017128, -1.1859130859375], [0.0, 0.0, 0.0, 1.0]], [[0.9478377103805542, 0.3186757266521454, 0.0070368205197155476, -1.1351318359375], [-0.008394956588745117, 0.047025371342897415, -0.9988584518432617, 1.5619583129882812], [-0.31864285469055176, 0.9466966390609741, 0.047247689217329025, -0.1591796875], [0.0, 0.0, 0.0, 1.0]], [[0.00940683949738741, 0.9991797804832458, 0.03938506916165352, -0.0289306640625], [-0.00628272071480751, 0.039445094764232635, -0.9992019534111023, 1.5676097869873047], [-0.999936044216156, 0.009151896461844444, 0.006648621521890163, -0.0234375], [0.0, 0.0, 0.0, 1.0]], [[-0.9235312938690186, 0.38343119621276855, 0.008393383584916592, 1.0460205078125], [-0.002153110457584262, 0.016701117157936096, -0.9998582005500793, 1.547525405883789], [-0.3835170269012451, -0.923418402671814, -0.01459843385964632, -0.08992385864257812], [0.0, 0.0, 0.0, 1.0]]], "view": [[0.0, -2.0, 100.0], [-2.0, 0.0, 100.0], [0.0, 0.0, 1.0]], "bev": "bev_801ee00b2692483ba352b375abd258e3.png", "aux": "aux_801ee00b2692483ba352b375abd258e3.npz", "visibility": "visibility_801ee00b2692483ba352b375abd258e3.png", "pose": [[-0.6402934193611145, 0.7681304216384888, 0.0, 1054.194580078125], [-0.7681304216384888, -0.6402934193611145, 0.0, 517.8483276367188], [0.0, 0.0, 1.0, 0.0], [0.0, 0.0, 0.0, 1.0]], "pose_inverse": [[-0.6402934193611145, -0.7681304216384888, 0.0, 1072.7689208984375], [0.7681304216384888, -0.6402934193611145, 0.0, -478.18408203125], [0.0, 0.0, 1.0, 0.0], [0.0, 0.0, 0.0, 1.0]], "cam_ids": [0, 1, 2, 3, 4, 5], "cam_channels": ["CAM_FRONT_LEFT", "CAM_FRONT", "CAM_FRONT_RIGHT", "CAM_BACK_LEFT", "CAM_BACK", "CAM_BACK_RIGHT"], "token": "801ee00b2692483ba352b375abd258e3", "scene": "scene-0568"}, {"images": ["samples/CAM_FRONT_LEFT/n008-2018-09-18-13-10-39-0400__CAM_FRONT_LEFT__1537290740754799.jpg", "samples/CAM_FRONT/n008-2018-09-18-13-10-39-0400__CAM_FRONT__1537290740762404.jpg", "samples/CAM_FRONT_RIGHT/n008-2018-09-18-13-10-39-0400__CAM_FRONT_RIGHT__1537290740770482.jpg", "samples/CAM_BACK_LEFT/n008-2018-09-18-13-10-39-0400__CAM_BACK_LEFT__1537290740797405.jpg", "samples/CAM_BACK/n008-2018-09-18-13-10-39-0400__CAM_BACK__1537290740787558.jpg", "samples/CAM_BACK_RIGHT/n008-2018-09-18-13-10-39-0400__CAM_BACK_RIGHT__1537290740778113.jpg"], "intrinsics": [[[1257.8625342125129, 0.0, 827.2410631095686], [0.0, 1257.8625342125129, 450.915498205774], [0.0, 0.0, 1.0]], [[1252.8131021185304, 0.0, 826.588114781398], [0.0, 1252.8131021185304, 469.9846626224581], [0.0, 0.0, 1.0]], [[1256.7485116440405, 0.0, 817.7887570959712], [0.0, 1256.7485116440403, 451.9541780095127], [0.0, 0.0, 1.0]], [[1254.9860565800168, 0.0, 829.5769333630991], [0.0, 1254.9860565800168, 467.1680561863987], [0.0, 0.0, 1.0]], [[796.8910634503094, 0.0, 857.7774326863696], [0.0, 796.8910634503094, 476.8848988407415], [0.0, 0.0, 1.0]], [[1249.9629280788233, 0.0, 825.3768045375984], [0.0, 1249.9629280788233, 462.54816385708756], [0.0, 0.0, 1.0]]], "extrinsics": [[[0.8224377632141113, -0.5684505701065063, -0.021455371752381325, -0.7750244140625], [0.007267913781106472, 0.048213981091976166, -0.9988105893135071, 1.4901342391967773], [0.5688087940216064, 0.8213036060333252, 0.04378444328904152, -1.1787109375], [0.0, 0.0, 0.0, 1.0]], [[0.010142325423657894, -0.9989797472953796, -0.04400830715894699, 0.010650634765625], [0.009302874095737934, 0.04410293698310852, -0.9989836812019348, 1.4821882247924805], [0.9999053478240967, 0.009722533635795116, 0.009740686044096947, -1.5035400390625], [0.0, 0.0, 0.0, 1.0]], [[-0.8439932465553284, -0.5352961421012878, -0.03366744518280029, 0.937744140625], [0.017406873404979706, 0.035400886088609695, -0.9992215633392334, 1.4961715936660767], [0.5360713601112366, -0.8439223766326904, -0.02056027576327324, -1.17779541015625], [0.0, 0.0, 0.0, 1.0]], [[0.9478076696395874, 0.318720281124115, 0.00883113406598568, -1.1287841796875], [-0.007665839046239853, 0.050468578934669495, -0.9986962676048279, 1.5619068145751953], [-0.3187505006790161, 0.9465042948722839, 0.05027776584029198, -0.161376953125], [0.0, 0.0, 0.0, 1.0]], [[0.00906981062144041, 0.9990370869636536, 0.042926859110593796, -0.029144287109375], [-0.005679133348166943, 0.042979393154382706, -0.999059796333313, 1.5675811767578125], [-0.9999427199363708, 0.008817479014396667, 0.00606347993016243, -0.0325927734375], [0.0, 0.0, 0.0, 1.0]], [[-0.9237449765205383, 0.3828968107700348, 0.009231123141944408, 1.0350341796875], [-0.0015683476813137531, 0.020319972187280655, -0.9997922778129578, 1.547567367553711], [-0.38300493359565735, -0.9235676527023315, -0.018169958144426346, -0.09392929077148438], [0.0, 0.0, 0.0, 1.0]]], "view": [[0.0, -2.0, 100.0], [-2.0, 0.0, 100.0], [0.0, 0.0, 1.0]], "bev": "bev_2e0605ca09194f179b4272b4c1b42193.png", "aux": "aux_2e0605ca09194f179b4272b4c1b42193.npz", "visibility": "visibility_2e0605ca09194f179b4272b4c1b42193.png", "pose": [[-0.6325454115867615, 0.7745233178138733, 0.0, 1052.2354736328125], [-0.7745233178138733, -0.6325454115867615, 0.0, 515.5286865234375], [0.0, 0.0, 1.0, 0.0], [0.0, 0.0, 0.0, 1.0]], "pose_inverse": [[-0.6325454115867615, -0.7745233178138733, 0.0, 1064.8756103515625], [0.7745233178138733, -0.6325454115867615, 0.0, -488.8855895996094], [0.0, 0.0, 1.0, 0.0], [0.0, 0.0, 0.0, 1.0]], "cam_ids": [0, 1, 2, 3, 4, 5], "cam_channels": ["CAM_FRONT_LEFT", "CAM_FRONT", "CAM_FRONT_RIGHT", "CAM_BACK_LEFT", "CAM_BACK", "CAM_BACK_RIGHT"], "token": "2e0605ca09194f179b4272b4c1b42193", "scene": "scene-0568"}, {"images": ["samples/CAM_FRONT_LEFT/n008-2018-09-18-13-10-39-0400__CAM_FRONT_LEFT__1537290741254799.jpg", "samples/CAM_FRONT/n008-2018-09-18-13-10-39-0400__CAM_FRONT__1537290741262404.jpg", "samples/CAM_FRONT_RIGHT/n008-2018-09-18-13-10-39-0400__CAM_FRONT_RIGHT__1537290741270482.jpg", "samples/CAM_BACK_LEFT/n008-2018-09-18-13-10-39-0400__CAM_BACK_LEFT__1537290741297405.jpg", "samples/CAM_BACK/n008-2018-09-18-13-10-39-0400__CAM_BACK__1537290741287558.jpg", "samples/CAM_BACK_RIGHT/n008-2018-09-18-13-10-39-0400__CAM_BACK_RIGHT__1537290741278113.jpg"], "intrinsics": [[[1257.8625342125129, 0.0, 827.2410631095686], [0.0, 1257.8625342125129, 450.915498205774], [0.0, 0.0, 1.0]], [[1252.8131021185304, 0.0, 826.588114781398], [0.0, 1252.8131021185304, 469.9846626224581], [0.0, 0.0, 1.0]], [[1256.7485116440405, 0.0, 817.7887570959712], [0.0, 1256.7485116440403, 451.9541780095127], [0.0, 0.0, 1.0]], [[1254.9860565800168, 0.0, 829.5769333630991], [0.0, 1254.9860565800168, 467.1680561863987], [0.0, 0.0, 1.0]], [[796.8910634503094, 0.0, 857.7774326863696], [0.0, 796.8910634503094, 476.8848988407415], [0.0, 0.0, 1.0]], [[1249.9629280788233, 0.0, 825.3768045375984], [0.0, 1249.9629280788233, 462.54816385708756], [0.0, 0.0, 1.0]]], "extrinsics": [[[0.8233283758163452, -0.5671282410621643, -0.022269168868660927, -0.7879638671875], [0.00923875067383051, 0.05262282118201256, -0.9985716938972473, 1.4904966354370117], [0.5674900412559509, 0.8219466209411621, 0.048565421253442764, -1.1885986328125], [0.0, 0.0, 0.0, 1.0]], [[0.01153781358152628, -0.9987602233886719, -0.04842175915837288, 0.01116943359375], [0.011290324851870537, 0.0485520176589489, -0.9987568259239197, 1.4824409484863281], [0.999869704246521, 0.010976753197610378, 0.011836513876914978, -1.519287109375], [0.0, 0.0, 0.0, 1.0]], [[-0.8433417677879333, -0.5360455513000488, -0.03781268745660782, 0.95025634765625], [0.019418930634856224, 0.03991939499974251, -0.999014139175415, 1.4962297677993774], [0.537026584148407, -0.843244731426239, -0.023256264626979828, -1.18511962890625], [0.0, 0.0, 0.0, 1.0]], [[0.9477371573448181, 0.3188227713108063, 0.012094248086214066, -1.133544921875], [-0.005870745051652193, 0.05532677099108696, -0.9984510540962219, 1.5619792938232422], [-0.3189980685710907, 0.9461981058120728, 0.05430696904659271, -0.15960693359375], [0.0, 0.0, 0.0, 1.0]], [[0.008502966724336147, 0.9988278150558472, 0.047650933265686035, -0.02935791015625], [-0.0037804264575242996, 0