[{"images": ["samples/CAM_FRONT_LEFT/n015-2018-11-14-18-57-54+0800__CAM_FRONT_LEFT__1542193161604844.jpg", "samples/CAM_FRONT/n015-2018-11-14-18-57-54+0800__CAM_FRONT__1542193161612460.jpg", "samples/CAM_FRONT_RIGHT/n015-2018-11-14-18-57-54+0800__CAM_FRONT_RIGHT__1542193161620339.jpg", "samples/CAM_BACK_LEFT/n015-2018-11-14-18-57-54+0800__CAM_BACK_LEFT__1542193161647423.jpg", "samples/CAM_BACK/n015-2018-11-14-18-57-54+0800__CAM_BACK__1542193161637525.jpg", "samples/CAM_BACK_RIGHT/n015-2018-11-14-18-57-54+0800__CAM_BACK_RIGHT__1542193161627893.jpg"], "intrinsics": [[[1272.5979470598488, 0.0, 826.6154927353808], [0.0, 1272.5979470598488, 479.75165386361925], [0.0, 0.0, 1.0]], [[1266.417203046554, 0.0, 816.2670197447984], [0.0, 1266.417203046554, 491.50706579294757], [0.0, 0.0, 1.0]], [[1260.8474446004698, 0.0, 807.968244525554], [0.0, 1260.8474446004698, 495.3344268742088], [0.0, 0.0, 1.0]], [[1256.7414812095406, 0.0, 792.1125740759628], [0.0, 1256.7414812095406, 492.7757465151356], [0.0, 0.0, 1.0]], [[809.2209905677063, 0.0, 829.2196003259838], [0.0, 809.2209905677063, 481.77842384512485], [0.0, 0.0, 1.0]], [[1259.5137405846733, 0.0, 807.2529053838625], [0.0, 1259.5137405846733, 501.19579884916527], [0.0, 0.0, 1.0]]], "extrinsics": [[[0.8181892037391663, -0.5689548850059509, -0.08280584961175919, -0.8271484375], [-0.08400120586156845, 0.024184687063097954, -0.9961721301078796, 1.4941253662109375], [0.5687795877456665, 0.8220130205154419, -0.028005244210362434, -1.185791015625], [0.0, 0.0, 0.0, 1.0]], [[0.006614352576434612, -0.9997624158859253, -0.020768508315086365, 0.00732421875], [-0.0893818587064743, 0.020094742998480797, -0.9957947134971619, 1.5081863403320312], [0.9959754347801208, 0.008442885242402554, -0.08922771364450455, -1.554931640625], [0.0, 0.0, 0.0, 1.0]], [[-0.8302518725395203, -0.5552172064781189, 0.049150366336107254, 0.9437255859375], [-0.08389260619878769, 0.037299301475286484, -0.9957764744758606, 1.49462890625], [0.551038920879364, -0.830868661403656, -0.07754643261432648, -1.189453125], [0.0, 0.0, 0.0, 1.0]], [[0.9443945288658142, 0.32140567898750305, -0.06940822303295135, -1.141845703125], [-0.07559994608163834, 0.006808177102357149, -0.9971149563789368, 1.588531494140625], [-0.320005863904953, 0.9469170570373535, 0.030727853998541832, -0.10400390625], [0.0, 0.0, 0.0, 1.0]], [[0.0011230616364628077, 0.9998582005500793, 0.016803031787276268, 0.00244140625], [-0.1007852852344513, 0.016830652952194214, -0.9947658777236938, 1.5753631591796875], [-0.994907557964325, -0.0005763529916293919, 0.10078988969326019, -0.03759765625], [0.0, 0.0, 0.0, 1.0]], [[-0.9327116012573242, 0.3527017831802368, 0.07516960799694061, 1.063232421875], [-0.06814758479595184, 0.03230346366763115, -0.9971521496772766, 1.546142578125], [-0.3541257083415985, -0.9351779818534851, -0.006094034295529127, -0.090576171875], [0.0, 0.0, 0.0, 1.0]]], "view": [[0.0, -2.0, 100.0], [-2.0, 0.0, 100.0], [0.0, 0.0, 1.0]], "bev": "bev_0e449f05cf5941aa9965b215e6d0b346.png", "aux": "aux_0e449f05cf5941aa9965b215e6d0b346.npz", "visibility": "visibility_0e449f05cf5941aa9965b215e6d0b346.png", "pose": [[0.8761274814605713, 0.48207950592041016, 0.0, 863.1701049804688], [-0.48207950592041016, 0.8761274814605713, 0.0, 2870.661865234375], [0.0, 0.0, 1.0, 0.0], [0.0, 0.0, 0.0, 1.0]], "pose_inverse": [[0.8761274814605713, -0.48207950592041016, 0.0, 627.64013671875], [0.48207950592041016, 0.8761274814605713, 0.0, -2931.182373046875], [0.0, 0.0, 1.0, 0.0], [0.0, 0.0, 0.0, 1.0]], "cam_ids": [0, 1, 2, 3, 4, 5], "cam_channels": ["CAM_FRONT_LEFT", "CAM_FRONT", "CAM_FRONT_RIGHT", "CAM_BACK_LEFT", "CAM_BACK", "CAM_BACK_RIGHT"], "token": "0e449f05cf5941aa9965b215e6d0b346", "scene": "scene-0994"}, {"images": ["samples/CAM_FRONT_LEFT/n015-2018-11-14-18-57-54+0800__CAM_FRONT_LEFT__1542193162104844.jpg", "samples/CAM_FRONT/n015-2018-11-14-18-57-54+0800__CAM_FRONT__1542193162112460.jpg", "samples/CAM_FRONT_RIGHT/n015-2018-11-14-18-57-54+0800__CAM_FRONT_RIGHT__1542193162120339.jpg", "samples/CAM_BACK_LEFT/n015-2018-11-14-18-57-54+0800__CAM_BACK_LEFT__1542193162147423.jpg", "samples/CAM_BACK/n015-2018-11-14-18-57-54+0800__CAM_BACK__1542193162137525.jpg", "samples/CAM_BACK_RIGHT/n015-2018-11-14-18-57-54+0800__CAM_BACK_RIGHT__1542193162127893.jpg"], "intrinsics": [[[1272.5979470598488, 0.0, 826.6154927353808], [0.0, 1272.5979470598488, 479.75165386361925], [0.0, 0.0, 1.0]], [[1266.417203046554, 0.0, 816.2670197447984], [0.0, 1266.417203046554, 491.50706579294757], [0.0, 0.0, 1.0]], [[1260.8474446004698, 0.0, 807.968244525554], [0.0, 1260.8474446004698, 495.3344268742088], [0.0, 0.0, 1.0]], [[1256.7414812095406, 0.0, 792.1125740759628], [0.0, 1256.7414812095406, 492.7757465151356], [0.0, 0.0, 1.0]], [[809.2209905677063, 0.0, 829.2196003259838], [0.0, 809.2209905677063, 481.77842384512485], [0.0, 0.0, 1.0]], [[1259.5137405846733, 0.0, 807.2529053838625], [0.0, 1259.5137405846733, 501.19579884916527], [0.0, 0.0, 1.0]]], "extrinsics": [[[0.8175145983695984, -0.5691789984703064, -0.08777900785207748, -0.835205078125], [-0.09077045321464539, 0.023168135434389114, -0.9956023097038269, 1.4938278198242188], [0.5687095522880554, 0.821887195110321, -0.03272433951497078, -1.189697265625], [0.0, 0.0, 0.0, 1.0]], [[0.006431700196117163, -0.999784529209137, -0.01973249949514866, 0.006103515625], [-0.09614726155996323, 0.01902320235967636, -0.995185375213623, 1.5078964233398438], [0.9953463077545166, 0.008298025466501713, -0.0960041955113411, -1.56134033203125], [0.0, 0.0, 0.0, 1.0]], [[-0.8298524618148804, -0.5552242994308472, 0.05541449785232544, 0.9468994140625], [-0.0906575620174408, 0.036170076578855515, -0.9952250719070435, 1.494293212890625], [0.5505687594413757, -0.8309137225151062, -0.08035110682249069, -1.19140625], [0.0, 0.0, 0.0, 1.0]], [[0.943782389163971, 0.32168450951576233, -0.07611744850873947, -1.13714599609375], [-0.08224783837795258, 0.005488808732479811, -0.9965967535972595, 1.5881271362304688], [-0.32017192244529724, 0.9468309879302979, 0.031638093292713165, -0.105224609375], [0.0, 0.0, 0.0, 1.0]], [[0.000930450449232012, 0.9998785853385925, 0.015555990859866142, 0.002685546875], [-0.10749653726816177, 0.01556586753576994, -0.9940836429595947, 1.5749282836914062], [-0.9942049980163574, -0.0007472827564924955, 0.10749797523021698, -0.03924560546875], [0.0, 0.0, 0.0, 1.0]], [[-0.9322519898414612, 0.3526078462600708, 0.08107878267765045, 1.06494140625], [-0.07491584122180939, 0.031114254146814346, -0.9967043399810791, 1.5457305908203125], [-0.35396841168403625, -0.9352537989616394, -0.0025904206559062004, -0.090576171875], [0.0, 0.0, 0.0, 1.0]]], "view": [[0.0, -2.0, 100.0], [-2.0, 0.0, 100.0], [0.0, 0.0, 1.0]], "bev": "bev_79bba29228ba4b42909ab5782955cda7.png", "aux": "aux_79bba29228ba4b42909ab5782955cda7.npz", "visibility": "visibility_79bba29228ba4b42909ab5782955cda7.png", "pose": [[0.8768643736839294, 0.4807378351688385, 0.0, 864.867919921875], [-0.4807378351688385, 0.8768643736839294, 0.0, 2869.712646484375], [0.0, 0.0, 1.0, 0.0], [0.0, 0.0, 0.0, 1.0]], "pose_inverse": [[0.8768643736839294, -0.4807378351688385, 0.0, 621.20751953125], [0.4807378351688385, 0.8768643736839294, 0.0, -2932.12353515625], [0.0, 0.0, 1.0, 0.0], [0.0, 0.0, 0.0, 1.0]], "cam_ids": [0, 1, 2, 3, 4, 5], "cam_channels": ["CAM_FRONT_LEFT", "CAM_FRONT", "CAM_FRONT_RIGHT", "CAM_BACK_LEFT", "CAM_BACK", "CAM_BACK_RIGHT"], "token": "79bba29228ba4b42909ab5782955cda7", "scene": "scene-0994"}, {"images": ["samples/CAM_FRONT_LEFT/n015-2018-11-14-18-57-54+0800__CAM_FRONT_LEFT__1542193162604844.jpg", "samples/CAM_FRONT/n015-2018-11-14-18-57-54+0800__CAM_FRONT__1542193162612460.jpg", "samples/CAM_FRONT_RIGHT/n015-2018-11-14-18-57-54+0800__CAM_FRONT_RIGHT__1542193162620339.jpg", "samples/CAM_BACK_LEFT/n015-2018-11-14-18-57-54+0800__CAM_BACK_LEFT__1542193162647423.jpg", "samples/CAM_BACK/n015-2018-11-14-18-57-54+0800__CAM_BACK__1542193162637525.jpg", "samples/CAM_BACK_RIGHT/n015-2018-11-14-18-57-54+0800__CAM_BACK_RIGHT__1542193162627893.jpg"], "intrinsics": [[[1272.5979470598488, 0.0, 826.6154927353808], [0.0, 1272.5979470598488, 479.75165386361925], [0.0, 0.0, 1.0]], [[1266.417203046554, 0.0, 816.2670197447984], [0.0, 1266.417203046554, 491.50706579294757], [0.0, 0.0, 1.0]], [[1260.8474446004698, 0.0, 807.968244525554], [0.0, 1260.8474446004698, 495.3344268742088], [0.0, 0.0, 1.0]], [[1256.7414812095406, 0.0, 792.1125740759628], [0.0, 1256.7414812095406, 492.7757465151356], [0.0, 0.0, 1.0]], [[809.2209905677063, 0.0, 829.2196003259838], [0.0, 809.2209905677063, 481.77842384512485], [0.0, 0.0, 1.0]], [[1259.5137405846733, 0.0, 807.2529053838625], [0.0, 1259.5137405846733, 501.19579884916527], [0.0, 0.0, 1.0]]], "extrinsics": [[[0.8176756501197815, -0.5691535472869873, -0.0864335298538208, -0.841064453125], [-0.08899276703596115, 0.023367462679743767, -0.9957581162452698, 1.4948577880859375], [0.568759024143219, 0.8218991160392761, -0.0315435416996479, -1.197021484375], [0.0, 0.0, 0.0, 1.0]], [[0.006419128738343716, -0.9997788667678833, -0.020023426041007042, 0.0078125], [-0.09426224231719971, 0.019329704344272614, -0.9953597187995911, 1.508819580078125], [0.9955266714096069, 0.008276816457509995, -0.09411732107400894, -1.56903076171875], [0.0, 0.0, 0.0, 1.0]], [[-0.8300192952156067, -0.5551604628562927, 0.05352429300546646, 0.95263671875], [-0.08865911513566971, 0.03658624738454819, -0.9953898787498474, 1.4949951171875], [0.5506428480148315, -0.8309382796287537, -0.07958732545375824, -1.194091796875], [0.0, 0.0, 0.0, 1.0]], [[0.9440264105796814, 0.32152846455574036, -0.07371269911527634, -1.137237548828125], [-0.07995095103979111, 0.006221846677362919, -0.9967793226242065, 1.588134765625], [-0.32003429532051086, 0.946879506111145, 0.03158009052276611, -0.10546875], [0.0, 0.0, 0.0, 1.0]], [[0.0010897580068558455, 0.9998683333396912, 0.016189923509955406, 0.001708984375], [-0.10529564321041107, 0.016214659437537193, -0.9943087697029114, 1.5752716064453125], [-0.9944403767585754, -0.00062119762878865, 0.1052994355559349, -0.03668212890625], [0.0, 0.0, 0.0, 1.0]], [[-0.9323654174804688, 0.35271161794662476, 0.07930488884449005, 1.0694580078125], [-0.07281903177499771, 0.03164221718907356, -0.996843159198761, 1.546234130859375], [-0.35410743951797485, -0.9351969957351685, -0.00381799740716815, -0.087890625], [0.0, 0.0, 0.0, 1.0]]], "view": [[0.0, -2.0, 100.0], [-2.0, 0.0, 100.0], [0.0, 0.0, 1.0]], "bev": "bev_1e5f033045b543109bee2b530bb17667.png", "aux": "aux_1e5f033045b543109bee2b530bb17667.npz", "visibility": "visibility_1e5f033045b543109bee2b530bb17667.png", "pose": [[0.8785586953163147, 0.4776344299316406, 0.0, 866.4203491210938], [-0.4776344299316406, 0.8785586953163147, 0.0, 2868.84033203125], [0.0, 0.0, 1.0, 0.0], [0.0, 0.0, 0.0, 1.0]], "pose_inverse": [[0.8785586953163147, -0.4776344299316406, 0.0, 609.0557861328125], [0.4776344299316406, 0.8785586953163147, 0.0, -2934.27685546875], [0.0, 0.0, 1.0, 0.0], [0.0, 0.0, 0.0, 1.0]], "cam_ids": [0, 1, 2, 3, 4, 5], "cam_channels": ["CAM_FRONT_LEFT", "CAM_FRONT", "CAM_FRONT_RIGHT", "CAM_BACK_LEFT", "CAM_BACK", "CAM_BACK_RIGHT"], "token": "1e5f033045b543109bee2b530bb17667", "scene": "scene-0994"}, {"images": ["samples/CAM_FRONT_LEFT/n015-2018-11-14-18-57-54+0800__CAM_FRONT_LEFT__1542193163104844.jpg", "samples/CAM_FRONT/n015-2018-11-14-18-57-54+0800__CAM_FRONT__1542193163112460.jpg", "samples/CAM_FRONT_RIGHT/n015-2018-11-14-18-57-54+0800__CAM_FRONT_RIGHT__1542193163120339.jpg", "samples/CAM_BACK_LEFT/n015-2018-11-14-18-57-54+0800__CAM_BACK_LEFT__1542193163147423.jpg", "samples/CAM_BACK/n015-2018-11-14-18-57-54+0800__CAM_BACK__1542193163137525.jpg", "samples/CAM_BACK_RIGHT/n015-2018-11-14-18-57-54+0800__CAM_BACK_RIGHT__1542193163127893.jpg"], "intrinsics": [[[1272.5979470598488, 0.0, 826.6154927353808], [0.0, 1272.5979470598488, 479.75165386361925], [0.0, 0.0, 1.0]], [[1266.417203046554, 0.0, 816.2670197447984], [0.0, 1266.417203046554, 491.50706579294757], [0.0, 0.0, 1.0]], [[1260.8474446004698, 0.0, 807.968244525554], [0.0, 1260.8474446004698, 495.3344268742088], [0.0, 0.0, 1.0]], [[1256.7414812095406, 0.0, 792.1125740759628], [0.0, 1256.7414812095406, 492.7757465151356], [0.0, 0.0, 1.0]], [[809.2209905677063, 0.0, 829.2196003259838], [0.0, 809.2209905677063, 481.77842384512485], [0.0, 0.0, 1.0]], [[1259.5137405846733, 0.0, 807.2529053838625], [0.0, 1259.5137405846733, 501.19579884916527], [0.0, 0.0, 1.0]]], "extrinsics": [[[0.8190003037452698, -0.5707831382751465, -0.058695774525403976, -0.851318359375], [-0.05854253098368645, 0.01863851211965084, -0.9981108903884888, 1.5001754760742188], [0.5707987546920776, 0.8208893537521362, -0.01815013401210308, -1.204833984375], [0.0, 0.0, 0.0, 1.0]], [[0.005429838318377733, -0.9998703002929688, -0.015161657705903053, 0.00830078125], [-0.06290236115455627, 0.014790342189371586, -0.9979101419448853, 1.5133819580078125], [0.9980049133300781, 0.00637220311909914, -0.0628138929605484, -1.57952880859375], [0.0, 0.0, 0.0, 1.0]], [[-0.832202136516571, -0.553709089756012, 0.029084360226988792, 0.960205078125], [-0.056315772235393524, 0.03222455084323883, -0.9978927969932556, 1.4986114501953125], [0.5516051054000854, -0.8320863842964172, -0.05799989402294159, -1.198486328125], [0.0, 0.0, 0.0, 1.0]], [[0.9464898109436035, 0.3200545310974121, -0.04149983078241348, -1.140045166015625], [-0.044693704694509506, 0.0026367998216301203, -0.9989972710609436, 1.588460922241211], [-0.319624125957489, 0.9473955035209656, 0.01680012233555317, -0.104736328125], [0.0, 0.0, 0.0, 1.0]], [[0.0020251048263162374, 0.9999229311943054, 0.012250293977558613, 0.001708984375], [-0.07104302942752838, 0.012363223358988762, -0.9973966479301453, 1.5769500732421875], [-0.9974712133407593, 0.0011495571816340089, 0.0710625872015953, -0.03167724609375], [0.0, 0.0, 0.0, 1.0]], [[-0.9339313507080078, 0.35438671708106995, 0.04671364277601242, 1.0758056640625], [-0.03954622521996498, 0.02744467370212078, -0.9988408088684082, 1.5488739013671875], [-0.3552580177783966, -0.9346960783004761, -0.011616786010563374, -0.0849609375], [0.0, 0.0, 0.0, 1.0]]], "view": [[0.0, -2.0, 100.0], [-2.0, 0.0, 100.0], [0.0, 0.0, 1.0]], "bev": "bev_4ce671d35bdc45c6a65af91365e5cea9.png", "aux": "aux_4ce671d35bdc45c6a65af91365e5cea9.npz", "visibility": "visibility_4ce671d35bdc45c6a65af91365e5cea9.png", "pose": [[0.8837301135063171, 0.4679969251155853, 0.0, 867.8842163085938], [-0.4679969251155853, 0.8837301135063171, 0.0, 2868.026611328125], [0.0, 0.0, 1.0, 0.0], [0.0, 0.0, 0.0, 1.0]], "pose_inverse": [[0.8837301135063171, -0.4679969251155853, 0.0, 575.2522583007812], [0.4679969251155853, 0.8837301135063171, 0.0, -2940.728515625], [0.0, 0.0, 1.0, 0.0], [0.0, 0.0, 0.0, 1.0]], "cam_ids": [0, 1, 2, 3, 4, 5], "cam_channels": ["CAM_FRONT_LEFT", "CAM_FRONT", "CAM_FRONT_RIGHT", "CAM_BACK_LEFT", "CAM_BACK", "CAM_BACK_RIGHT"], "token": "4ce671d35bdc45c6a65af91365e5cea9", "scene": "scene-0994"}, {"images": ["samples/CAM_FRONT_LEFT/n015-2018-11-14-18-57-54+0800__CAM_FRONT_LEFT__1542193163604844.jpg", "samples/CAM_FRONT/n015-2018-11-14-18-57-54+0800__CAM_FRONT__1542193163612485.jpg", "samples/CAM_FRONT_RIGHT/n015-2018-11-14-18-57-54+0800__CAM_FRONT_RIGHT__1542193163620339.jpg", "samples/CAM_BACK_LEFT/n015-2018-11-14-18-57-54+0800__CAM_BACK_LEFT__1542193163647423.jpg", "samples/CAM_BACK/n015-2018-11-14-18-57-54+0800__CAM_BACK__1542193163637525.jpg", "samples/CAM_BACK_RIGHT/n015-2018-11-14-18-57-54+0800__CAM_BACK_RIGHT__1542193163627893.jpg"], "intrinsics": [[[1272.5979470598488, 0.0, 826.6154927353808], [0.0, 1272.5979470598488, 479.75165386361925], [0.0, 0.0, 1.0]], [[1266.417203046554, 0.0, 816.2670197447984], [0.0, 1266.417203046554, 491.50706579294757], [0.0, 0.0, 1.0]], [[1260.8474446004698, 0.0, 807.968244525554], [0.0, 1260.8474446004698, 495.3344268742088], [0.0, 0.0, 1.0]], [[1256.7414812095406, 0.0, 792.1125740759628], [0.0, 1256.7414812095406, 492.7757465151356], [0.0, 0.0, 1.0]], [[809.2209905677063, 0.0, 829.2196003259838], [0.0, 809.2209905677063, 481.77842384512485], [0.0, 0.0, 1.0]], [[1259.5137405846733, 0.0, 807.2529053838625], [0.0, 1259.5137405846733, 501.19579884916527], [0.0, 0.0, 1.0]]], "extrinsics": [[[0.8190317749977112, -0.5709947347640991, -0.05614234507083893, -0.8544921875], [-0.054883360862731934, 0.019432565197348595, -0.9983036518096924, 1.5008544921875], [0.571117103099823, 0.8207236528396606, -0.015422215685248375, -1.204833984375], [0.0, 0.0, 0.0, 1.0]], [[0.005232522264122963, -0.9998669624328613, -0.015448866412043571, 0.0068359375], [-0.06000077724456787, 0.015107325278222561, -0.9980840086936951, 1.513885498046875], [0.9981845617294312, 0.0061493790708482265, -0.059913743287324905, -1.582275390625], [0.0, 0.0, 0.0, 1.0]], [[-0.8323593735694885, -0.5535574555397034, 0.02742299623787403, 0.96142578125], [-0.05419377610087395, 0.03204745054244995, -0.9980159997940063, 1.49896240234375], [0.5515803694725037, -0.8321941494941711, -0.05667436122894287, -1.20068359375], [0.0, 0.0, 0.0, 1.0]], [[0.9465126991271973, 0.3198854923248291, -0.042272329330444336, -1.14056396484375], [-0.04494191333651543, 0.0009643748635426164, -0.9989891052246094, 1.5884685516357422], [-0.31952139735221863, 0.9474557042121887, 0.015289059840142727, -0.104248046875], [0.0, 0.0, 0.0, 1.0]], [[0.002120762364938855, 0.999936580657959, 0.011061863042414188, 0.001953125], [-0.07050756365060806, 0.011183877475559711, -0.9974485635757446, 1.5770492553710938], [-0.9975090026855469, 0.0013353987596929073, 0.07052680850028992, -0.03057861328125], [0.0, 0.0, 0.0, 1.0]], [[-0.9339551329612732, 0.3545222878456116, 0.04518608748912811, 1.07763671875], [-0.038152653723955154, 0.02680809795856476, -0.9989122748374939, 1.5490570068359375], [-0.35534802079200745, -0.9346632957458496, -0.011511591263115406, -0.085693359375], [0.0, 0.0, 0.0, 1.0]]], "view": [[0.0, -2.0, 100.0], [-2.0, 0.0, 100.0], [0.0, 0.0, 1.0]], "bev": "bev_2ce41a85d30245b787dbb06538618976.png", "aux": "aux_2ce41a85d30245b787dbb06538618976.npz", "visibility": "visibility_2ce41a85d30245b787dbb06538618976.png", "pose": [[0.8890121579170227, 0.4578836262226105, 0.0, 869.2745971679688], [-0.4578836262226105, 0.8890121579170227, 0.0, 2867.273193359375], [0.0, 0.0, 1.0, 0.0], [0.0, 0.0, 0.0, 1.0]], "pose_inverse": [[0.8890121579170227, -0.4578836262226105, 0.0, 540.0817260742188], [0.4578836262226105, 0.8890121579170227, 0.0, -2947.0673828125], [0.0, 0.0, 1.0, 0.0], [0.0, 0.0, 0.0, 1.0]], "cam_ids": [0, 1, 2, 3, 4, 5], "cam_channels": ["CAM_FRONT_LEFT", "CAM_FRONT", "CAM_FRONT_RIGHT", "CAM_BACK_LEFT", "CAM_BACK", "CAM_BACK_RIGHT"], "token": "2ce41a85d30245b787dbb06538618976", "scene": "scene-0994"}, {"images": ["samples/CAM_FRONT_LEFT/n015-2018-11-14-18-57-54+0800__CAM_FRONT_LEFT__1542193164154844.jpg", "samples/CAM_FRONT/n015-2018-11-14-18-57-54+0800__CAM_FRONT__1542193164162460.jpg", "samples/CAM_FRONT_RIGHT/n015-2018-11-14-18-57-54+0800__CAM_FRONT_RIGHT__1542193164170339.jpg", "samples/CAM_BACK_LEFT/n015-2018-11-14-18-57-54+0800__CAM_BACK_LEFT__1542193164197423.jpg", "samples/CAM_BACK/n015-2018-11-14-18-57-54+0800__CAM_BACK__1542193164187525.jpg", "samples/CAM_BACK_RIGHT/n015-2018-11-14-18-57-54+0800__CAM_BACK_RIGHT__1542193164177893.jpg"], "intrinsics": [[[1272.5979470598488, 0.0, 826.6154927353808], [0.0, 1272.5979470598488, 479.75165386361925], [0.0, 0.0, 1.0]], [[1266.417203046554, 0.0, 816.2670197447984], [0.0, 1266.417203046554, 491.50706579294757], [0.0, 0.0, 1.0]], [[1260.8474446004698, 0.0, 807.968244525554], [0.0, 1260.8474446004698, 495.3344268742088], [0.0, 0.0, 1.0]], [[1256.7414812095406, 0.0, 792.1125740759628], [0.0, 1256.7414812095406, 492.7757465151356], [0.0, 0.0, 1.0]], [[809.2209905677063, 0.0, 829.2196003259838], [0.0, 809.2209905677063, 481.77842384512485], [0.0, 0.0, 1.0]], [[1259.5137405846733, 0.0, 807.2529053838625], [0.0, 1259.5137405846733, 501.19579884916527], [0.0, 0.0, 1.0]]], "extrinsics": [[[0.8148640394210815, -0.5683780312538147, -0.11376780271530151, -0.857177734375], [-0.1263287514448166, 0.017414811998605728, -0.9918355345726013, 1.4915847778320312], [0.5657187104225159, 0.8225832581520081, -0.05761178582906723, -1.207275390625], [0.0, 0.0, 0.0, 1.0]], [[0.0075375996530056, -0.9998667240142822, -0.014482215978205204, 0.007568359375], [-0.1317070871591568, 0.013363780453801155, -0.9911986589431763, 1.5061798095703125], [0.9912599921226501, 0.009378679096698761, -0.13158878684043884, -1.58447265625], [0.0, 0.0, 0.0, 1.0]], [[-0.8263072967529297, -0.5563062429428101, 0.08797471970319748, 0.9625244140625], [-0.12618757784366608, 0.030630307272076607, -0.9915333390235901, 1.49285888671875], [0.5489014983177185, -0.8304126858711243, -0.09550897032022476, -1.201171875], [0.0, 0.0, 0.0, 1.0]], [[0.9398213028907776, 0.3232463598251343, -0.11066986620426178, -1.13934326171875], [-0.11706443130970001, 0.0003425211471039802, -0.99312424659729, 1.5881843566894531], [-0.32098588347435, 0.946314811706543, 0.03816256299614906, -0.104736328125], [0.0, 0.0, 0.0, 1.0]], [[-0.0005602944293059409, 0.9999452829360962, 0.010450759902596474, 0.002197265625], [-0.1425812840461731, 0.010264096781611443, -0.9897298812866211, 1.574554443359375], [-0.9897829294204712, -0.0020445981062948704, 0.1425677239894867, -0.03131103515625], [0.0, 0.0, 0.0, 1.0]], [[-0.9294543862342834, 0.3514186143875122, 0.11233643442392349, 1.0777587890625], [-0.11036300659179688, 0.025711404159665108, -0.9935587048530579, 1.544525146484375], [-0.35204336047172546, -0.9358652830123901, 0.014886036515235901, -0.084716796875], [0.0, 0.0, 0.0, 1.0]]], "view": [[0.0, -2.0, 100.0], [-2.0, 0.0, 100.0], [0.0, 0.0, 1.0]], "bev": "bev_a6e0ffad47ac4979991cdf9bf9f8df41.png", "aux": "aux_a6e0ffad47ac4979991cdf9bf9f8df41.npz", "visibility": "visibility_a6e0ffad47ac4979991cdf9bf9f8df41.png", "pose": [[0.8941333889961243, 0.44780075550079346, 0.0, 870.696533203125], [-0.44780075550079346, 0.8941333889961243, 0.0, 2866.53173828125], [0.0, 0.0, 1.0, 0.0], [0.0, 0.0, 0.0, 1.0]], "pose_inverse": [[0.8941333889961243, -0.44780075550079346, 0.0, 505.1162414550781], [0.44780075550079346, 0.8941333889961243, 0.0, -2952.960205078125], [0.0, 0.0, 1.0, 0.0], [0.0, 0.0, 0.0, 1.0]], "cam_ids": [0, 1, 2, 3, 4, 5], "cam_channels": ["CAM_FRONT_LEFT", "CAM_FRONT", "CAM_FRONT_RIGHT", "CAM_BACK_LEFT", "CAM_BACK", "CAM_BACK_RIGHT"], "token": "a6e0ffad47ac4979991cdf9bf9f8df41", "scene": "scene-0994"}, {"images": ["samples/CAM_FRONT_LEFT/n015-2018-11-14-18-57-54+0800__CAM_FRONT_LEFT__1542193164654844.jpg", "samples/CAM_FRONT/n015-2018-11-14-18-57-54+0800__CAM_FRONT__1542193164662460.jpg", "samples/CAM_FRONT_RIGHT/n015-2018-11-14-18-57-54+0800__CAM_FRONT_RIGHT__1542193164670341.jpg", "samples/CAM_BACK_LEFT/n015-2018-11-14-18-57-54+0800__CAM_BACK_LEFT__1542193164697423.jpg", "samples/CAM_BACK/n015-2018-11-14-18-57-54+0800__CAM_BACK__1542193164687525.jpg", "samples/CAM_BACK_RIGHT/n015-2018-11-14-18-57-54+0800__CAM_BACK_RIGHT__1542193164677893.jpg"], "intrinsics": [[[1272.5979470598488, 0.0, 826.6154927353808], [0.0, 1272.5979470598488, 479.75165386361925], [0.0, 0.0, 1.0]], [[1266.417203046554, 0.0, 816.2670197447984], [0.0, 1266.417203046554, 491.50706579294757], [0.0, 0.0, 1.0]], [[1260.8474446004698, 0.0, 807.968244525554], [0.0, 1260.8474446004698, 495.3344268742088], [0.0, 0.0, 1.0]], [[1256.7414812095406, 0.0, 792.1125740759628], [0.0, 1256.7414812095406, 492.7757465151356], [0.0, 0.0, 1.0]], [[809.2209905677063, 0.0, 829.2196003259838], [0.0, 809.2209905677063, 481.77842384512485], [0.0, 0.0, 1.0]], [[1259.5137405846733, 0.0, 807.2529053838625], [0.0, 1259.5137405846733, 501.19579884916527], [0.0, 0.0, 1.0]]], "extrinsics": [[[0.8158168196678162, -0.5687252283096313, -0.10485480725765228, -0.846435546875], [-0.11662881076335907, 0.01578676514327526, -0.9930500388145447, 1.4913253784179688], [0.5664278268814087, 0.8223760724067688, -0.05345063656568527, -1.198486328125], [0.0, 0.0, 0.0, 1.0]], [[0.007378913462162018, -0.999893069267273, -0.01262565329670906, 0.005859375], [-0.12116343528032303, 0.011638971045613289, -0.9925643801689148, 1.5060577392578125], [0.9926051497459412, 0.008853798732161522, -0.12106458842754364, -1.57373046875], [0.0, 0.0, 0.0, 1.0]], [[-0.8274998068809509, -0.5558105111122131, 0.0794905573129654, 0.9554443359375], [-0.11472955346107483, 0.028797943145036697, -0.9929792284965515, 1.492950439453125], [0.5496191382408142, -0.830810010433197, -0.08759818226099014, -1.197265625], [0.0, 0.0, 0.0, 1.0]], [[0.9416409730911255, 0.32221585512161255, -0.09741312265396118, -1.14031982421875], [-0.10234033316373825, -0.0016562360106036067, -0.994748055934906, 1.5883674621582031], [-0.32068488001823425, 0.9466647505760193, 0.03141609579324722, -0.1044921875], [0.0, 0.0, 0.0, 1.0]], [[-3.264488259446807e-05, 0.9999650120735168, 0.008366378955543041, 0.00244140625], [-0.12909771502017975, 0.008292153477668762, -0.9915972352027893, 1.5748214721679688], [-0.9916319251060486, -0.0011125185992568731, 0.12909293174743652, -0.033203125], [0.0, 0.0, 0.0, 1.0]], [[-0.9305970668792725, 0.3521088659763336, 0.10004220902919769, 1.0732421875], [-0.09795518964529037, 0.023787597194314003, -0.994906485080719, 1.5448074340820312], [-0.35269516706466675, -0.935656726360321, 0.012354218401014805, -0.08740234375], [0.0, 0.0, 0.0, 1.0]]], "view": [[0.0, -2.0, 100.0], [-2.0, 0.0, 100.0], [0.0, 0.0, 1.0]], "bev": "bev_581aadbc314c419097197f573ef16b62.png", "aux": "aux_581aadbc314c419097197f573ef16b62.npz", "visibility": "visibility_581aadbc314c419097197f573ef16b62.png", "pose": [[0.899151086807251, 0.4376383125782013, 0.0, 872.1417236328125], [-0.4376383125782013, 0.899151086807251, 0.0, 2865.8134765625], [0.0, 0.0, 1.0, 0.0], [0.0, 0.0, 0.0, 1.0]], "pose_inverse": [[0.899151086807251, -0.4376383125782013, 0.0, 470.00262451171875], [0.4376383125782013, 0.899151086807251, 0.0, -2958.48193359375], [0.0, 0.0, 1.0, 0.0], [0.0, 0.0, 0.0, 1.0]], "cam_ids": [0, 1, 2, 3, 4, 5], "cam_channels": ["CAM_FRONT_LEFT", "CAM_FRONT", "CAM_FRONT_RIGHT", "CAM_BACK_LEFT", "CAM_BACK", "CAM_BACK_RIGHT"], "token": "581aadbc314c419097197f573ef16b62", "scene": "scene-0994"}, {"images": ["samples/CAM_FRONT_LEFT/n015-2018-11-14-18-57-54+0800__CAM_FRONT_LEFT__1542193165104844.jpg", "samples/CAM_FRONT/n015-2018-11-14-18-57-54+0800__CAM_FRONT__1542193165112460.jpg", "samples/CAM_FRONT_RIGHT/n015-2018-11-14-18-57-54+0800__CAM_FRONT_RIGHT__1542193165120339.jpg", "samples/CAM_BACK_LEFT/n015-2018-11-14-18-57-54+0800__CAM_BACK_LEFT__1542193165147423.jpg", "samples/CAM_BACK/n015-2018-11-14-18-57-54+0800__CAM_BACK__1542193165137525.jpg", "samples/CAM_BACK_RIGHT/n015-2018-11-14-18-57-54+0800__CAM_BACK_RIGHT__1542193165127893.jpg"], "intrinsics": [[[1272.5979470598488, 0.0, 826.6154927353808], [0.0, 1272.5979470598488, 479.75165386361925], [0.0, 0.0, 1.0]], [[1266.417203046554, 0.0, 816.2670197447984], [0.0, 1266.417203046554, 491.50706579294757], [0.0, 0.0, 1.0]], [[1260.8474446004698, 0.0, 807.968244525554], [0.0, 1260.8474446004698, 495.3344268742088], [0.0, 0.0, 1.0]], [[1256.7414812095406, 0.0, 792.1125740759628], [0.0, 1256.7414812095406, 492.7757465151356], [0.0, 0.0, 1.0]], [[809.2209905677063, 0.0, 829.2196003259838], [0.0, 809.2209905677063, 481.77842384512485], [0.0, 0.0, 1.0]], [[1259.5137405846733, 0.0, 807.2529053838625], [0.0, 1259.5137405846733, 501.19579884916527], [0.0, 0.0, 1.0]]], "extrinsics": [[[0.8189530968666077, -0.5693329572677612, -0.07194169610738754, -0.8369140625], [-0.07974591851234436, 0.011240948922932148, -0.9967518448829651, 1.4958343505859375], [0.5682923793792725, 0.8220301270484924, -0.03619617223739624, -1.193115234375], [0.0, 0.0, 0.0, 1.0]], [[0.007308693137019873, -0.9999405145645142, -0.008093839511275291, 0.007568359375], [-0.08563607186079025, 0.007438437081873417, -0.9962987899780273, 1.50958251953125], [0.996299684047699, 0.007974761538207531, -0.0855766087770462, -1.56500244140625], [0.0, 0.0, 0.0, 1.0]], [[-0.8301234841346741, -0.555023729801178, 0.05332615599036217, 0.95068359375], [-0.08068437874317169, 0.024940092116594315, -0.996427595615387, 1.4956207275390625], [0.5517110228538513, -0.8314605355262756, -0.06548510491847992, -1.193115234375], [0.0, 0.0, 0.0, 1.0]], [[0.9444012641906738, 0.32098084688186646, -0.07125695049762726, -1.14251708984375], [-0.07372719794511795, -0.004468339029699564, -0.9972684383392334, 1.5885868072509766], [-0.3204224407672882, 0.9470751285552979, 0.019445108249783516, -0.10400390625], [0.0, 0.0, 0.0, 1.0]], [[0.0006980548496358097, 0.9999866485595703, 0.00512737175449729, 0.002197265625], [-0.09854114055633545, 0.005171203054487705, -0.995119571685791, 1.575775146484375], [-0.9951326251029968, 0.00018941715825349092, 0.0985434278845787, -0.03411865234375], [0.0, 0.0, 0.0, 1.0]], [[-0.933061420917511, 0.3531738221645355, 0.06829788535833359, 1.069091796875], [-0.0653664842247963, 0.020236101001501083, -0.9976561069488525, 1.5467529296875], [-0.35372814536094666, -0.9353387951850891, 0.004204205237329006, -0.088134765625], [0.0, 0.0, 0.0, 1.0]]], "view": [[0.0, -2.0, 100.0], [-2.0, 0.0, 100.0], [0.0, 0.0, 1.0]], "bev": "bev_bb1b49389b124729820036b3cafac4fa.png", "aux": "aux_bb1b49389b124729820036b3cafac4fa.npz", "visibility": "visibility_bb1b49389b124729820036b3cafac4fa.png", "pose": [[0.9001262784004211, 0.4356290102005005, 0.0, 873.564453125], [-0.4356290102005005, 0.9001262784004211, 0.0, 2865.114013671875], [0.0, 0.0, 1.0, 0.0], [0.0, 0.0, 0.0, 1.0]], "pose_inverse": [[0.9001262784004211, -0.4356290102005005, 0.0, 461.8084716796875], [0.4356290102005005, 0.9001262784004211, 0.0, -2959.514404296875], [0.0, 0.0, 1.0, 0.0], [0.0, 0.0, 0.0, 1.0]], "cam_ids": [0, 1, 2, 3, 4, 5], "cam_channels": ["CAM_FRONT_LEFT", "CAM_FRONT", "CAM_FRONT_RIGHT", "CAM_BACK_LEFT", "CAM_BACK", "CAM_BACK_RIGHT"], "token": "bb1b49389b124729820036b3cafac4fa", "scene": "scene-0994"}, {"images": ["samples/CAM_FRONT_LEFT/n015-2018-11-14-18-57-54+0800__CAM_FRONT_LEFT__1542193165604844.jpg", "samples/CAM_FRONT/n015-2018-11-14-18-57-54+0800__CAM_FRONT__1542193165612460.jpg", "samples/CAM_FRONT_RIGHT/n015-2018-11-14-18-57-54+0800__CAM_FRONT_RIGHT__1542193165620339.jpg", "samples/CAM_BACK_LEFT/n015-2018-11-14-18-57-54+0800__CAM_BACK_LEFT__1542193165647423.jpg", "samples/CAM_BACK/n015-2018-11-14-18-57-54+0800__CAM_BACK__1542193165637525.jpg", "samples/CAM_BACK_RIGHT/n015-2018-11-14-18-57-54+0800__CAM_BACK_RIGHT__1542193165627893.jpg"], "intrinsics": [[[1272.5979470598488, 0.0, 826.6154927353808], [0.0, 1272.5979470598488, 479.75165386361925], [0.0, 0.0, 1.0]], [[1266.417203046554, 0.0, 816.2670197447984], [0.0, 1266.417203046554, 491.50706579294757], [0.0, 0.0, 1.0]], [[1260.8474446004698, 0.0, 807.968244525554], [0.0, 1260.8474446004698, 495.3344268742088], [0.0, 0.0, 1.0]], [[1256.7414812095406, 0.0, 792.1125740759628], [0.0, 1256.7414812095406, 492.7757465151356], [0.0, 0.0, 1.0]], [[809.2209905677063, 0.0, 829.2196003259838], [0.0, 809.2209905677063, 481.77842384512485], [0.0, 0.0, 1.0]], [[1259.5137405846733, 0.0, 807.2529053838625], [0.0, 1259.5137405846733, 501.19579884916527], [0.0, 0.0, 1.0]]], "extrinsics": [[[0.8197080492973328, -0.5687251687049866, -0.06804665178060532, -0.813720703125], [-0.07382424175739288, 0.012907738797366619, -0.9971876740455627, 1.494659423828125], [0.5680040717124939, 0.8224262595176697, -0.03140512853860855, -1.1767578125], [0.0, 0.0, 0.0, 1.0]], [[0.007802542764693499, -0.9999262094497681, -0.009308322332799435, 0.007080078125], [-0.0793086588382721, 0.008660485967993736, -0.9968124628067017, 1.5085525512695312], [0.9968194961547852, 0.008515916764736176, -0.07923523336648941, -1.5416259765625], [0.0, 0.0, 0.0, 1.0]], [[-0.8303096890449524, -0.5552944540977478, 0.04726392403244972, 0.9354248046875], [-0.07394129037857056, 0.025707608088850975, -0.9969311952590942, 1.4949798583984375], [0.5523752570152283, -0.8312563896179199, -0.062404464930295944, -1.183837890625], [0.0, 0.0, 0.0, 1.0]], [[0.9451209902763367, 0.3203772306442261, -0.06406688690185547, -1.136871337890625], [-0.06591001152992249, -0.005099637433886528, -0.9978125691413879, 1.5881872177124023], [-0.3200031816959381, 0.9472762942314148, 0.01629629358649254, -0.105224609375], [0.0, 0.0, 0.0, 1.0]], [[0.0008765959064476192, 0.9999874234199524, 0.004927375353872776, 0.0029296875], [-0.09100577980279922, 0.004986701533198357, -0.9958378672599792, 1.575225830078125], [-0.9958499073982239, 0.0004245067830197513, 0.09100900590419769, -0.0433349609375], [0.0, 0.0, 0.0, 1.0]], [[-0.9335695505142212, 0.3530353307723999, 0.061755742877721786, 1.057373046875], [-0.05824682489037514, 0.020565485581755638, -0.9980903267860413, 1.5465316772460938], [-0.3536311089992523, -0.9353839755058289, 0.0013638741802424192, -0.09326171875], [0.0, 0.0, 0.0, 1.0]]], "view": [[0.0, -2.0, 100.0], [-2.0, 0.0, 100.0], [0.0, 0.0, 1.0]], "bev": "bev_2fbb6a34cdfa4991aaf5e7cd78130120.png", "aux": "aux_2fbb6a34cdfa4991aaf5e7cd78130120.npz", "visibility": "visibility_2fbb6a34cdfa4991aaf5e7cd78130120.png", "pose": [[0.8975021839141846, 0.4410099387168884, 0.0, 875.3659057617188], [-0.4410099387168884, 0.8975021839141846, 0.0, 2864.226318359375], [0.0, 0.0, 1.0, 0.0], [0.0, 0.0, 0.0, 1.0]], "pose_inverse": [[0.8975021839141846, -0.4410099387168884, 0.0, 477.50946044921875], [0.4410099387168884, 0.8975021839141846, 0.0, -2956.694580078125], [0.0, 0.0, 1.0, 0.0], [0.0, 0.0, 0.0, 1.0]], "cam_ids": [0, 1, 2, 3, 4, 5], "cam_channels": ["CAM_FRONT_LEFT", "CAM_FRONT", "CAM_FRONT_RIGHT", "CAM_BACK_LEFT", "CAM_BACK", "CAM_BACK_RIGHT"], "token": "2fbb6a34cdfa4991aaf5e7cd78130120", "scene": "scene-0994"}, {"images": ["samples/CAM_FRONT_LEFT/n015-2018-11-14-18-57-54+0800__CAM_FRONT_LEFT__1542193166154844.jpg", "samples/CAM_FRONT/n015-2018-11-14-18-57-54+0800__CAM_FRONT__1542193166162460.jpg", "samples/CAM_FRONT_RIGHT/n015-2018-11-14-18-57-54+0800__CAM_FRONT_RIGHT__1542193166170339.jpg", "samples/CAM_BACK_LEFT/n015-2018-11-14-18-57-54+0800__CAM_BACK_LEFT__1542193166197423.jpg", "samples/CAM_BACK/n015-2018-11-14-18-57-54+0800__CAM_BACK__1542193166187525.jpg", "samples/CAM_BACK_RIGHT/n015-2018-11-14-18-57-54+0800__CAM_BACK_RIGHT__1542193166177893.jpg"], "intrinsics": [[[1272.5979470598488, 0.0, 826.6154927353808], [0.0, 1272.5979470598488, 479.75165386361925], [0.0, 0.0, 1.0]], [[1266.417203046554, 0.0, 816.2670197447984], [0.0, 1266.417203046554, 491.50706579294757], [0.0, 0.0, 1.0]], [[1260.8474446004698, 0.0, 807.968244525554], [0.0, 1260.8474446004698, 495.3344268742088], [0.0, 0.0, 1.0]], [[1256.7414812095406, 0.0, 792.1125740759628], [0.0, 1256.7414812095406, 492.7757465151356], [0.0, 0.0, 1.0]], [[809.2209905677063, 0.0, 829.2196003259838], [0.0, 809.2209905677063, 481.77842384512485], [0.0, 0.0, 1.0]], [[1259.5137405846733, 0.0, 807.2529053838625], [0.0, 1259.5137405846733, 501.19579884916527], [0.0, 0.0, 1.0]]], "extrinsics": [[[0.8189067244529724, -0.5696634650230408, -0.06982310861349106, -0.79931640625], [-0.0758843719959259, 0.013119206763803959, -0.9970303177833557, 1.4928970336914062], [0.5688877701759338, 0.8217732906341553, -0.032485153526067734, -1.165771484375], [0.0, 0.0, 0.0, 1.0]], [[0.006844247691333294, -0.999931275844574, -0.009521245956420898, 0.006591796875], [-0.08104223012924194, 0.008935489691793919, -0.996670663356781, 1.5070343017578125], [0.996687114238739, 0.007593099493533373, -0.0809755027294159, -1.5262451171875], [0.0, 0.0, 0.0, 1.0]], [[-0.830646276473999, -0.5547036528587341, 0.04827531799674034, 0.924560546875], [-0.07531841844320297, 0.026034057140350342, -0.9968196153640747, 1.4938507080078125], [0.551682710647583, -0.8316405415534973, -0.06340450048446655, -1.177001953125], [0.0, 0.0, 0.0, 1.0]], [[0.9450967311859131, 0.32040777802467346, -0.0642726942896843, -1.139892578125], [-0.06625863164663315, -0.004712509457021952, -0.9977912902832031, 1.5883979797363281], [-0.3200030028820038, 0.947268009185791, 0.016776004806160927, -0.1044921875], [0.0, 0.0, 0.0, 1.0]], [[0.0011001303791999817, 0.9999851584434509, 0.005328959785401821, 0.002197265625], [-0.09175249189138412, 0.005407415330410004, -0.9957671761512756, 1.57476806640625], [-0.9957812428474426, 0.0006064870394766331, 0.09175708144903183, -0.04779052734375], [0.0, 0.0, 0.0, 1.0]], [[-0.9333157539367676, 0.35350069403648376, 0.06291953474283218, 1.0477294921875], [-0.0593511201441288, 0.020937606692314148, -0.9980176091194153, 1.5458221435546875], [-0.3541172742843628, -0.9351999163627625, 0.0014392625307664275, -0.09716796875], [0.0, 0.0, 0.0, 1.0]]], "view": [[0.0, -2.0, 100.0], [-2.0, 0.0, 100.0], [0.0, 0.0, 1.0]], "bev": "bev_2326b09f39844a27bf92211cd0ec0a85.png", "aux": "aux_2326b09f39844a27bf92211cd0ec0a85.npz", "visibility": "visibility_2326b09f39844a27bf92211cd0ec0a85.png", "pose": [[0.8929893970489502, 0.4500776529312134, 0.0, 877.5708618164062], [-0.4500776529312134, 0.8929893970489502, 0.0, 2863.108154296875], [0.0, 0.0, 1.0, 0.0], [0.0, 0.0, 0.0, 1.0]], "pose_inverse": [[0.8929893970489502, -0.4500776529312134, 0.0, 504.95953369140625], [0.4500776529312134, 0.8929893970489502, 0.0, -2951.700439453125], [0.0, 0.0, 1.0, 0.0], [0.0, 0.0, 0.0, 1.0]], "cam_ids": [0, 1, 2, 3, 4, 5], "cam_channels": ["CAM_FRONT_LEFT", "CAM_FRONT", "CAM_FRONT_RIGHT", "CAM_BACK_LEFT", "CAM_BACK", "CAM_BACK_RIGHT"], "token": "2326b09f39844a27bf92211cd0ec0a85", "scene": "scene-0994"}, {"images": ["samples/CAM_FRONT_LEFT/n015-2018-11-14-18-57-54+0800__CAM_FRONT_LEFT__1542193166604844.jpg", "samples/CAM_FRONT/n015-2018-11-14-18-57-54+0800__CAM_FRONT__1542193166612460.jpg", "samples/CAM_FRONT_RIGHT/n015-2018-11-14-18-57-54+0800__CAM_FRONT_RIGHT__1542193166620339.jpg", "samples/CAM_BACK_LEFT/n015-2018-11-14-18-57-54+0800__CAM_BACK_LEFT__1542193166647423.jpg", "samples/CAM_BACK/n015-2018-11-14-18-57-54+0800__CAM_BACK__1542193166637525.jpg", "samples/CAM_BACK_RIGHT/n015-2018-11-14-18-57-54+0800__CAM_BACK_RIGHT__1542193166627893.jpg"], "intrinsics": [[[1272.5979470598488, 0.0, 826.6154927353808], [0.0, 1272.5979470598488, 479.75165386361925], [0.0, 0.0, 1.0]], [[1266.417203046554, 0.0, 816.2670197447984], [0.0, 1266.417203046554, 491.50706579294757], [0.0, 0.0, 1.0]], [[1260.8474446004698, 0.0, 807.968244525554], [0.0, 1260.8474446004698, 495.3344268742088], [0.0, 0.0, 1.0]], [[1256.7414812095406, 0.0, 792.1125740759628], [0.0, 1256.7414812095406, 492.7757465151356], [0.0, 0.0, 1.0]], [[809.2209905677063, 0.0, 829.2196003259838], [0.0, 809.2209905677063, 481.77842384512485], [0.0, 0.0, 1.0]], [[1259.5137405846733, 0.0, 807.2529053838625], [0.0, 1259.5137405846733, 501.19579884916527], [0.0, 0.0, 1.0]]], "extrinsics": [[[0.8194363713264465, -0.5692925453186035, -0.06655778735876083, -0.7841796875], [-0.07441261410713196, 0.009474677965044975, -0.9971825480461121, 1.4919281005859375], [0.5683192014694214, 0.8220803737640381, -0.03459864854812622, -1.157470703125], [0.0, 0.0, 0.0, 1.0]], [[0.007473216392099857, -0.9999535083770752, -0.006093743722885847, 0.00830078125], [-0.0799018144607544, 0.005477299448102713, -0.9967877268791199, 1.5061187744140625], [0.9967747330665588, 0.007936091162264347, -0.07985716313123703, -1.512725830078125], [0.0, 0.0, 0.0, 1.0]], [[-0.8304101824760437, -0.5549578666687012, 0.04940366744995117, 0.9168701171875], [-0.07453389465808868, 0.022777043282985687, -0.996958315372467, 1.4931716918945312], [0.5521445870399475, -0.8315666317939758, -0.060277458280324936, -1.170654296875], [0.0, 0.0, 0.0, 1.0]], [[0.9449188709259033, 0.3207034170627594, -0.06540265679359436, -1.142242431640625], [-0.06655983626842499, -0.007365638855844736, -0.997755229473114, 1.5885486602783203], [-0.3204652667045593, 0.9471510052680969, 0.014386041089892387, -0.103759765625], [0.0, 0.0, 0.0, 1.0]], [[0.0007193003548309207, 0.9999966621398926, 0.002492433413863182, 0.002197265625], [-0.09166000038385391, 0.002547872718423605, -0.9957870841026306, 1.5746269226074219], [-0.9957901239395142, 0.00048782629892230034, 0.09166152030229568, -0.0494384765625], [0.0, 0.0, 0.0, 1.0]], [[-0.9334779381752014, 0.3533378839492798, 0.06141068413853645, 1.0411376953125], [-0.05889902636408806, 0.017