[{"images": ["samples/CAM_FRONT_LEFT/n008-2018-08-29-16-04-13-0400__CAM_FRONT_LEFT__1535573999854799.jpg", "samples/CAM_FRONT/n008-2018-08-29-16-04-13-0400__CAM_FRONT__1535573999862404.jpg", "samples/CAM_FRONT_RIGHT/n008-2018-08-29-16-04-13-0400__CAM_FRONT_RIGHT__1535573999870482.jpg", "samples/CAM_BACK_LEFT/n008-2018-08-29-16-04-13-0400__CAM_BACK_LEFT__1535573999897405.jpg", "samples/CAM_BACK/n008-2018-08-29-16-04-13-0400__CAM_BACK__1535573999887558.jpg", "samples/CAM_BACK_RIGHT/n008-2018-08-29-16-04-13-0400__CAM_BACK_RIGHT__1535573999878113.jpg"], "intrinsics": [[[1257.8625342125129, 0.0, 827.2410631095686], [0.0, 1257.8625342125129, 450.915498205774], [0.0, 0.0, 1.0]], [[1252.8131021185304, 0.0, 826.588114781398], [0.0, 1252.8131021185304, 469.9846626224581], [0.0, 0.0, 1.0]], [[1256.7485116440405, 0.0, 817.7887570959712], [0.0, 1256.7485116440403, 451.9541780095127], [0.0, 0.0, 1.0]], [[1254.9860565800168, 0.0, 829.5769333630991], [0.0, 1254.9860565800168, 467.1680561863987], [0.0, 0.0, 1.0]], [[796.8910634503094, 0.0, 857.7774326863696], [0.0, 796.8910634503094, 476.8848988407415], [0.0, 0.0, 1.0]], [[1249.9629280788233, 0.0, 825.3768045375984], [0.0, 1249.9629280788233, 462.54816385708756], [0.0, 0.0, 1.0]]], "extrinsics": [[[0.8225269913673401, -0.5686953067779541, 0.005919679533690214, -1.00494384765625], [0.008040359243750572, 0.0012202123180031776, -0.9999669194221497, 1.4882946014404297], [0.5686692595481873, 0.822547435760498, 0.005576171912252903, -1.333251953125], [0.0, 0.0, 0.0, 1.0]], [[0.010235132649540901, -0.9999430775642395, 0.0030061930883675814, 0.00537109375], [0.010019658133387566, -0.0029036428313702345, -0.9999456405639648, 1.4801671504974365], [0.9998973608016968, 0.010264672338962555, 0.009989369660615921, -1.734619140625], [0.0, 0.0, 0.0, 1.0]], [[-0.8439785242080688, -0.5363013744354248, -0.00900969747453928, 1.0906982421875], [0.01805274933576584, -0.011613825336098671, -0.9997695684432983, 1.4930706024169922], [0.5360731482505798, -0.8439466953277588, 0.019483532756567, -1.277587890625], [0.0, 0.0, 0.0, 1.0]], [[0.9478985667228699, 0.31851881742477417, -0.005840616300702095, -1.1439208984375], [-0.0073372540064156055, 0.003499162383377552, -0.9999669194221497, 1.5620418787002563], [-0.31848791241645813, 0.9479100704193115, 0.0056539056822657585, -0.1561279296875], [0.0, 0.0, 0.0, 1.0]], [[0.009249000810086727, 0.9999489784240723, -0.004060692153871059, -0.0289306640625], [-0.005205309484153986, -0.004012664780020714, -0.9999784231185913, 1.5680608749389648], [-0.999943733215332, 0.00926993042230606, 0.005167931318283081, 0.04425048828125], [0.0, 0.0, 0.0, 1.0]], [[-0.923712968826294, 0.3829723298549652, -0.009299838915467262, 1.16058349609375], [-0.0010054544545710087, -0.02669975906610489, -0.9996429681777954, 1.5478096008300781], [-0.38308393955230713, -0.923373818397522, 0.02504797652363777, -0.043701171875], [0.0, 0.0, 0.0, 1.0]]], "view": [[0.0, -2.0, 100.0], [-2.0, 0.0, 100.0], [0.0, 0.0, 1.0]], "bev": "bev_20d404c7a0d9453c9e9976998acbc239.png", "aux": "aux_20d404c7a0d9453c9e9976998acbc239.npz", "visibility": "visibility_20d404c7a0d9453c9e9976998acbc239.png", "pose": [[0.8749086260795593, 0.4842880070209503, 0.0, 1420.0216064453125], [-0.4842880070209503, 0.8749086260795593, 0.0, 1254.170654296875], [0.0, 0.0, 1.0, 0.0], [0.0, 0.0, 0.0, 1.0]], "pose_inverse": [[0.8749086260795593, -0.4842880070209503, 0.0, -635.0093383789062], [0.4842880070209503, 0.8749086260795593, 0.0, -1784.984130859375], [0.0, 0.0, 1.0, 0.0], [0.0, 0.0, 0.0, 1.0]], "cam_ids": [0, 1, 2, 3, 4, 5], "cam_channels": ["CAM_FRONT_LEFT", "CAM_FRONT", "CAM_FRONT_RIGHT", "CAM_BACK_LEFT", "CAM_BACK", "CAM_BACK_RIGHT"], "token": "20d404c7a0d9453c9e9976998acbc239", "scene": "scene-0733"}, {"images": ["samples/CAM_FRONT_LEFT/n008-2018-08-29-16-04-13-0400__CAM_FRONT_LEFT__1535574000354799.jpg", "samples/CAM_FRONT/n008-2018-08-29-16-04-13-0400__CAM_FRONT__1535574000362404.jpg", "samples/CAM_FRONT_RIGHT/n008-2018-08-29-16-04-13-0400__CAM_FRONT_RIGHT__1535574000370482.jpg", "samples/CAM_BACK_LEFT/n008-2018-08-29-16-04-13-0400__CAM_BACK_LEFT__1535574000397405.jpg", "samples/CAM_BACK/n008-2018-08-29-16-04-13-0400__CAM_BACK__1535574000387558.jpg", "samples/CAM_BACK_RIGHT/n008-2018-08-29-16-04-13-0400__CAM_BACK_RIGHT__1535574000378126.jpg"], "intrinsics": [[[1257.8625342125129, 0.0, 827.2410631095686], [0.0, 1257.8625342125129, 450.915498205774], [0.0, 0.0, 1.0]], [[1252.8131021185304, 0.0, 826.588114781398], [0.0, 1252.8131021185304, 469.9846626224581], [0.0, 0.0, 1.0]], [[1256.7485116440405, 0.0, 817.7887570959712], [0.0, 1256.7485116440403, 451.9541780095127], [0.0, 0.0, 1.0]], [[1254.9860565800168, 0.0, 829.5769333630991], [0.0, 1254.9860565800168, 467.1680561863987], [0.0, 0.0, 1.0]], [[796.8910634503094, 0.0, 857.7774326863696], [0.0, 796.8910634503094, 476.8848988407415], [0.0, 0.0, 1.0]], [[1249.9629280788233, 0.0, 825.3768045375984], [0.0, 1249.9629280788233, 462.54816385708756], [0.0, 0.0, 1.0]]], "extrinsics": [[[0.8225217461585999, -0.5687016248703003, 0.006042443215847015, -1.004974365234375], [0.008199585601687431, 0.0012345720315352082, -0.9999656081199646, 1.4882946014404297], [0.568674623966217, 0.8225429654121399, 0.005678579211235046, -1.3333740234375], [0.0, 0.0, 0.0, 1.0]], [[0.010228849947452545, -0.999943196773529, 0.0029838511254638433, 0.00537109375], [0.010150058194994926, -0.0028800247237086296, -0.9999443292617798, 1.4801664352416992], [0.9998961687088013, 0.010258556343615055, 0.010120023041963577, -1.734619140625], [0.0, 0.0, 0.0, 1.0]], [[-0.8439796566963196, -0.5362975597381592, -0.009124326519668102, 1.090576171875], [0.01816958375275135, -0.011584148742258549, -0.9997677803039551, 1.4930715560913086], [0.5360673666000366, -0.8439494967460632, 0.019521087408065796, -1.277587890625], [0.0, 0.0, 0.0, 1.0]], [[0.9478994607925415, 0.31851863861083984, -0.005700424313545227, -1.14404296875], [-0.007213633507490158, 0.0035714053083211184, -0.9999675750732422, 1.5620440244674683], [-0.3184880018234253, 0.9479098916053772, 0.005683009047061205, -0.1561279296875], [0.0, 0.0, 0.0, 1.0]], [[0.00925078522413969, 0.9999492168426514, -0.003994953818619251, -0.02880859375], [-0.0050759874284267426, -0.003948114346712828, -0.9999792575836182, 1.5680608749389648], [-0.9999443888664246, 0.009270822629332542, 0.005039207637310028, 0.0443115234375], [0.0, 0.0, 0.0, 1.0]], [[-0.923710823059082, 0.38297510147094727, -0.009396206587553024, 1.160675048828125], [-0.0008827358251437545, -0.02665514312684536, -0.9996442794799805, 1.5478134155273438], [-0.3830893635749817, -0.9233739376068115, 0.024959713220596313, -0.043701171875], [0.0, 0.0, 0.0, 1.0]]], "view": [[0.0, -2.0, 100.0], [-2.0, 0.0, 100.0], [0.0, 0.0, 1.0]], "bev": "bev_1823d82ce473494e846d3f854c42c063.png", "aux": "aux_1823d82ce473494e846d3f854c42c063.npz", "visibility": "visibility_1823d82ce473494e846d3f854c42c063.png", "pose": [[0.8748908638954163, 0.48432013392448425, 0.0, 1420.0216064453125], [-0.48432013392448425, 0.8748908638954163, 0.0, 1254.170654296875], [0.0, 0.0, 1.0, 0.0], [0.0, 0.0, 0.0, 1.0]], "pose_inverse": [[0.8748908638954163, -0.48432013392448425, 0.0, -634.9437866210938], [0.48432013392448425, 0.8748908638954163, 0.0, -1785.0074462890625], [0.0, 0.0, 1.0, 0.0], [0.0, 0.0, 0.0, 1.0]], "cam_ids": [0, 1, 2, 3, 4, 5], "cam_channels": ["CAM_FRONT_LEFT", "CAM_FRONT", "CAM_FRONT_RIGHT", "CAM_BACK_LEFT", "CAM_BACK", "CAM_BACK_RIGHT"], "token": "1823d82ce473494e846d3f854c42c063", "scene": "scene-0733"}, {"images": ["samples/CAM_FRONT_LEFT/n008-2018-08-29-16-04-13-0400__CAM_FRONT_LEFT__1535574000854799.jpg", "samples/CAM_FRONT/n008-2018-08-29-16-04-13-0400__CAM_FRONT__1535574000862404.jpg", "samples/CAM_FRONT_RIGHT/n008-2018-08-29-16-04-13-0400__CAM_FRONT_RIGHT__1535574000870482.jpg", "samples/CAM_BACK_LEFT/n008-2018-08-29-16-04-13-0400__CAM_BACK_LEFT__1535574000897405.jpg", "samples/CAM_BACK/n008-2018-08-29-16-04-13-0400__CAM_BACK__1535574000887558.jpg", "samples/CAM_BACK_RIGHT/n008-2018-08-29-16-04-13-0400__CAM_BACK_RIGHT__1535574000878113.jpg"], "intrinsics": [[[1257.8625342125129, 0.0, 827.2410631095686], [0.0, 1257.8625342125129, 450.915498205774], [0.0, 0.0, 1.0]], [[1252.8131021185304, 0.0, 826.588114781398], [0.0, 1252.8131021185304, 469.9846626224581], [0.0, 0.0, 1.0]], [[1256.7485116440405, 0.0, 817.7887570959712], [0.0, 1256.7485116440403, 451.9541780095127], [0.0, 0.0, 1.0]], [[1254.9860565800168, 0.0, 829.5769333630991], [0.0, 1254.9860565800168, 467.1680561863987], [0.0, 0.0, 1.0]], [[796.8910634503094, 0.0, 857.7774326863696], [0.0, 796.8910634503094, 476.8848988407415], [0.0, 0.0, 1.0]], [[1249.9629280788233, 0.0, 825.3768045375984], [0.0, 1249.9629280788233, 462.54816385708756], [0.0, 0.0, 1.0]]], "extrinsics": [[[0.8225353360176086, -0.5686811208724976, 0.006116952281445265, -1.0050048828125], [0.008256558328866959, 0.0011862062383443117, -0.9999651908874512, 1.488295555114746], [0.5686540603637695, 0.8225572109222412, 0.00567104434594512, -1.333251953125], [0.0, 0.0, 0.0, 1.0]], [[0.0102466382086277, -0.9999428987503052, 0.0030395102221518755, 0.00537109375], [0.01021621748805046, -0.0029348228126764297, -0.9999434947967529, 1.4801669120788574], [0.9998953342437744, 0.010277144610881805, 0.010185562074184418, -1.73455810546875], [0.0, 0.0, 0.0, 1.0]], [[-0.8439714908599854, -0.5363097190856934, -0.009164583869278431, 1.0904541015625], [0.018248511478304863, -0.01163280475884676, -0.9997658133506775, 1.493072509765625], [0.5360774993896484, -0.8439410924911499, 0.01960461214184761, -1.2777099609375], [0.0, 0.0, 0.0, 1.0]], [[0.9478989243507385, 0.3185212016105652, -0.005636607296764851, -1.1439208984375], [-0.0071272095665335655, 0.003514505224302411, -0.999968409538269, 1.5620399713516235], [-0.3184913694858551, 0.9479092359542847, 0.005601564422249794, -0.15625], [0.0, 0.0, 0.0, 1.0]], [[0.009244541637599468, 0.999949038028717, -0.0040520899929106236, -0.0289306640625], [-0.005001468118280172, -0.004005973692983389, -0.9999794363975525, 1.5680618286132812], [-0.999944806098938, 0.009264584630727768, 0.004964179825037718, 0.04425048828125], [0.0, 0.0, 0.0, 1.0]], [[-0.9237141013145447, 0.382965087890625, -0.009487730450928211, 1.1606979370117188], [-0.0008046097354963422, -0.026706282049417496, -0.9996430277824402, 1.5478134155273438], [-0.38308173418045044, -0.9233766794204712, 0.02497710846364498, -0.043701171875], [0.0, 0.0, 0.0, 1.0]]], "view": [[0.0, -2.0, 100.0], [-2.0, 0.0, 100.0], [0.0, 0.0, 1.0]], "bev": "bev_47beca3cf205463d8f2afd814887e3bd.png", "aux": "aux_47beca3cf205463d8f2afd814887e3bd.npz", "visibility": "visibility_47beca3cf205463d8f2afd814887e3bd.png", "pose": [[0.8748957514762878, 0.4843112528324127, 0.0, 1420.0216064453125], [-0.4843112528324127, 0.8748957514762878, 0.0, 1254.170654296875], [0.0, 0.0, 1.0, 0.0], [0.0, 0.0, 0.0, 1.0]], "pose_inverse": [[0.8748957514762878, -0.4843112528324127, 0.0, -634.9619140625], [0.4843112528324127, 0.8748957514762878, 0.0, -1785.0010986328125], [0.0, 0.0, 1.0, 0.0], [0.0, 0.0, 0.0, 1.0]], "cam_ids": [0, 1, 2, 3, 4, 5], "cam_channels": ["CAM_FRONT_LEFT", "CAM_FRONT", "CAM_FRONT_RIGHT", "CAM_BACK_LEFT", "CAM_BACK", "CAM_BACK_RIGHT"], "token": "47beca3cf205463d8f2afd814887e3bd", "scene": "scene-0733"}, {"images": ["samples/CAM_FRONT_LEFT/n008-2018-08-29-16-04-13-0400__CAM_FRONT_LEFT__1535574001354799.jpg", "samples/CAM_FRONT/n008-2018-08-29-16-04-13-0400__CAM_FRONT__1535574001362404.jpg", "samples/CAM_FRONT_RIGHT/n008-2018-08-29-16-04-13-0400__CAM_FRONT_RIGHT__1535574001370482.jpg", "samples/CAM_BACK_LEFT/n008-2018-08-29-16-04-13-0400__CAM_BACK_LEFT__1535574001397405.jpg", "samples/CAM_BACK/n008-2018-08-29-16-04-13-0400__CAM_BACK__1535574001387558.jpg", "samples/CAM_BACK_RIGHT/n008-2018-08-29-16-04-13-0400__CAM_BACK_RIGHT__1535574001378113.jpg"], "intrinsics": [[[1257.8625342125129, 0.0, 827.2410631095686], [0.0, 1257.8625342125129, 450.915498205774], [0.0, 0.0, 1.0]], [[1252.8131021185304, 0.0, 826.588114781398], [0.0, 1252.8131021185304, 469.9846626224581], [0.0, 0.0, 1.0]], [[1256.7485116440405, 0.0, 817.7887570959712], [0.0, 1256.7485116440403, 451.9541780095127], [0.0, 0.0, 1.0]], [[1254.9860565800168, 0.0, 829.5769333630991], [0.0, 1254.9860565800168, 467.1680561863987], [0.0, 0.0, 1.0]], [[796.8910634503094, 0.0, 857.7774326863696], [0.0, 796.8910634503094, 476.8848988407415], [0.0, 0.0, 1.0]], [[1249.9629280788233, 0.0, 825.3768045375984], [0.0, 1249.9629280788233, 462.54816385708756], [0.0, 0.0, 1.0]]], "extrinsics": [[[0.8225236535072327, -0.5686980485916138, 0.006114038173109293, -1.004913330078125], [0.008287397213280201, 0.0012357307132333517, -0.9999648928642273, 1.4882969856262207], [0.5686705708503723, 0.8225454688072205, 0.005729443859308958, -1.333251953125], [0.0, 0.0, 0.0, 1.0]], [[0.01023407094180584, -0.999943196773529, 0.0029706775676459074, 0.00537109375], [0.010244786739349365, -0.0028658269438892603, -0.9999434351921082, 1.4801651239395142], [0.9998950958251953, 0.010263887234032154, 0.010214876383543015, -1.73480224609375], [0.0, 0.0, 0.0, 1.0]], [[-0.8439761996269226, -0.53630131483078, -0.00921980943530798, 1.090576171875], [0.018257342278957367, -0.011544081382453442, -0.9997666478157043, 1.4930744171142578], [0.5360697507858276, -0.8439476490020752, 0.019534368067979813, -1.277587890625], [0.0, 0.0, 0.0, 1.0]], [[0.9478983283042908, 0.31852370500564575, -0.005595770198851824, -1.1439208984375], [-0.007136068306863308, 0.003669043770059943, -0.9999678134918213, 1.5620399713516235], [-0.31849294900894165, 0.9479077458381653, 0.005750889889895916, -0.1561279296875], [0.0, 0.0, 0.0, 1.0]], [[0.009247086942195892, 0.9999495148658752, -0.003915803972631693, -0.0289306640625], [-0.0050148870795965195, -0.003869547275826335, -0.9999799132347107, 1.5680618286132812], [-0.9999446868896484, 0.00926654040813446, 0.004978852346539497, 0.0443115234375], [0.0, 0.0, 0.0, 1.0]], [[-0.9237117171287537, 0.38297200202941895, -0.00943934265524149, 1.1607437133789062], [-0.0008112654904834926, -0.026595616713166237, -0.9996459484100342, 1.5478172302246094], [-0.3830873668193817, -0.9233770370483398, 0.02487737499177456, -0.043701171875], [0.0, 0.0, 0.0, 1.0]]], "view": [[0.0, -2.0, 100.0], [-2.0, 0.0, 100.0], [0.0, 0.0, 1.0]], "bev": "bev_37ace619a3d642e19db7c4b985029c44.png", "aux": "aux_37ace619a3d642e19db7c4b985029c44.npz", "visibility": "visibility_37ace619a3d642e19db7c4b985029c44.png", "pose": [[0.8748866319656372, 0.4843277335166931, 0.0, 1420.0216064453125], [-0.4843277335166931, 0.8748866319656372, 0.0, 1254.170654296875], [0.0, 0.0, 1.0, 0.0], [0.0, 0.0, 0.0, 1.0]], "pose_inverse": [[0.8748866319656372, -0.4843277335166931, 0.0, -634.9283447265625], [0.4843277335166931, 0.8748866319656372, 0.0, -1785.012939453125], [0.0, 0.0, 1.0, 0.0], [0.0, 0.0, 0.0, 1.0]], "cam_ids": [0, 1, 2, 3, 4, 5], "cam_channels": ["CAM_FRONT_LEFT", "CAM_FRONT", "CAM_FRONT_RIGHT", "CAM_BACK_LEFT", "CAM_BACK", "CAM_BACK_RIGHT"], "token": "37ace619a3d642e19db7c4b985029c44", "scene": "scene-0733"}, {"images": ["samples/CAM_FRONT_LEFT/n008-2018-08-29-16-04-13-0400__CAM_FRONT_LEFT__1535574001854799.jpg", "samples/CAM_FRONT/n008-2018-08-29-16-04-13-0400__CAM_FRONT__1535574001862404.jpg", "samples/CAM_FRONT_RIGHT/n008-2018-08-29-16-04-13-0400__CAM_FRONT_RIGHT__1535574001870482.jpg", "samples/CAM_BACK_LEFT/n008-2018-08-29-16-04-13-0400__CAM_BACK_LEFT__1535574001897405.jpg", "samples/CAM_BACK/n008-2018-08-29-16-04-13-0400__CAM_BACK__1535574001887558.jpg", "samples/CAM_BACK_RIGHT/n008-2018-08-29-16-04-13-0400__CAM_BACK_RIGHT__1535574001878113.jpg"], "intrinsics": [[[1257.8625342125129, 0.0, 827.2410631095686], [0.0, 1257.8625342125129, 450.915498205774], [0.0, 0.0, 1.0]], [[1252.8131021185304, 0.0, 826.588114781398], [0.0, 1252.8131021185304, 469.9846626224581], [0.0, 0.0, 1.0]], [[1256.7485116440405, 0.0, 817.7887570959712], [0.0, 1256.7485116440403, 451.9541780095127], [0.0, 0.0, 1.0]], [[1254.9860565800168, 0.0, 829.5769333630991], [0.0, 1254.9860565800168, 467.1680561863987], [0.0, 0.0, 1.0]], [[796.8910634503094, 0.0, 857.7774326863696], [0.0, 796.8910634503094, 476.8848988407415], [0.0, 0.0, 1.0]], [[1249.9629280788233, 0.0, 825.3768045375984], [0.0, 1249.9629280788233, 462.54816385708756], [0.0, 0.0, 1.0]]], "extrinsics": [[[0.8225176930427551, -0.5687074661254883, 0.006047418341040611, -1.0050048828125], [0.008206170983612537, 0.0012352765770629048, -0.9999655485153198, 1.488293170928955], [0.568680465221405, 0.8225389719009399, 0.005682947114109993, -1.3333740234375], [0.0, 0.0, 0.0, 1.0]], [[0.010224349796772003, -0.9999433755874634, 0.0029763663187623024, 0.00537109375], [0.010156601667404175, -0.0028725191950798035, -0.9999443292617798, 1.4801645278930664], [0.9998961687088013, 0.010254010558128357, 0.010126656852662563, -1.7347412109375], [0.0, 0.0, 0.0, 1.0]], [[-0.8439813852310181, -0.5362946391105652, -0.00914462935179472, 1.0904541015625], [0.018176278099417686, -0.011556951329112053, -0.9997679591178894, 1.493072509765625], [0.5360645055770874, -0.8439518213272095, 0.019501691684126854, -1.2774658203125], [0.0, 0.0, 0.0, 1.0]], [[0.9478951692581177, 0.3185318410396576, -0.005686630494892597, -1.14404296875], [-0.007217788137495518, 0.003626828780397773, -0.9999673962593079, 1.5620417594909668], [-0.3185008466243744, 0.9479052424430847, 0.005736949387937784, -0.15625], [0.0, 0.0, 0.0, 1.0]], [[0.009247491136193275, 0.9999495148658752, -0.003949913661926985, -0.02880859375], [-0.005086847580969334, -0.0039029878098517656, -0.9999793767929077, 1.5680618286132812], [-0.9999443292617798, 0.009267400950193405, 0.005050497129559517, 0.0443115234375], [0.0, 0.0, 0.0, 1.0]], [[-0.9237099885940552, 0.38297760486602783, -0.00937994010746479, 1.1606597900390625], [-0.0008842266979627311, -0.026616135612130165, -0.9996453523635864, 1.5478134155273438], [-0.38309139013290405, -0.9233741164207458, 0.024924229830503464, -0.043701171875], [0.0, 0.0, 0.0, 1.0]]], "view": [[0.0, -2.0, 100.0], [-2.0, 0.0, 100.0], [0.0, 0.0, 1.0]], "bev": "bev_005fa19df0fb45628927f563e0d099f8.png", "aux": "aux_005fa19df0fb45628927f563e0d099f8.npz", "visibility": "visibility_005fa19df0fb45628927f563e0d099f8.png", "pose": [[0.8748592734336853, 0.4843772351741791, 0.0, 1420.0216064453125], [-0.4843772351741791, 0.8748592734336853, 0.0, 1254.170654296875], [0.0, 0.0, 1.0, 0.0], [0.0, 0.0, 0.0, 1.0]], "pose_inverse": [[0.8748592734336853, -0.4843772351741791, 0.0, -634.8273315429688], [0.4843772351741791, 0.8748592734336853, 0.0, -1785.0489501953125], [0.0, 0.0, 1.0, 0.0], [0.0, 0.0, 0.0, 1.0]], "cam_ids": [0, 1, 2, 3, 4, 5], "cam_channels": ["CAM_FRONT_LEFT", "CAM_FRONT", "CAM_FRONT_RIGHT", "CAM_BACK_LEFT", "CAM_BACK", "CAM_BACK_RIGHT"], "token": "005fa19df0fb45628927f563e0d099f8", "scene": "scene-0733"}, {"images": ["samples/CAM_FRONT_LEFT/n008-2018-08-29-16-04-13-0400__CAM_FRONT_LEFT__1535574002354799.jpg", "samples/CAM_FRONT/n008-2018-08-29-16-04-13-0400__CAM_FRONT__1535574002362404.jpg", "samples/CAM_FRONT_RIGHT/n008-2018-08-29-16-04-13-0400__CAM_FRONT_RIGHT__1535574002370482.jpg", "samples/CAM_BACK_LEFT/n008-2018-08-29-16-04-13-0400__CAM_BACK_LEFT__1535574002397405.jpg", "samples/CAM_BACK/n008-2018-08-29-16-04-13-0400__CAM_BACK__1535574002387558.jpg", "samples/CAM_BACK_RIGHT/n008-2018-08-29-16-04-13-0400__CAM_BACK_RIGHT__1535574002378113.jpg"], "intrinsics": [[[1257.8625342125129, 0.0, 827.2410631095686], [0.0, 1257.8625342125129, 450.915498205774], [0.0, 0.0, 1.0]], [[1252.8131021185304, 0.0, 826.588114781398], [0.0, 1252.8131021185304, 469.9846626224581], [0.0, 0.0, 1.0]], [[1256.7485116440405, 0.0, 817.7887570959712], [0.0, 1256.7485116440403, 451.9541780095127], [0.0, 0.0, 1.0]], [[1254.9860565800168, 0.0, 829.5769333630991], [0.0, 1254.9860565800168, 467.1680561863987], [0.0, 0.0, 1.0]], [[796.8910634503094, 0.0, 857.7774326863696], [0.0, 796.8910634503094, 476.8848988407415], [0.0, 0.0, 1.0]], [[1249.9629280788233, 0.0, 825.3768045375984], [0.0, 1249.9629280788233, 462.54816385708756], [0.0, 0.0, 1.0]]], "extrinsics": [[[0.8225197792053223, -0.5687048435211182, 0.0060067749582231045, -1.0050048828125], [0.008189070969820023, 0.0012820439878851175, -0.9999656081199646, 1.4882960319519043], [0.5686776041984558, 0.8225407600402832, 0.005711669102311134, -1.333251953125], [0.0, 0.0, 0.0, 1.0]], [[0.01022963598370552, -0.9999433159828186, 0.0029345094226300716, 0.0054931640625], [0.010149877518415451, -0.002830677665770054, -0.9999445080757141, 1.4801653623580933], [0.9998961687088013, 0.01025883387774229, 0.010120345279574394, -1.73468017578125], [0.0, 0.0, 0.0, 1.0]], [[-0.8439790606498718, -0.5362979173660278, -0.009158022701740265, 1.090576171875], [0.01817196235060692, -0.011525038629770279, -0.9997683763504028, 1.493072509765625], [0.5360682010650635, -0.8439500331878662, 0.019472477957606316, -1.277587890625], [0.0, 0.0, 0.0, 1.0]], [[0.9478998184204102, 0.3185182213783264, -0.005662926007062197, -1.1439208984375], [-0.007193450815975666, 0.0036290809512138367, -0.9999675154685974, 1.562041997909546], [-0.31848737597465515, 0.9479097723960876, 0.005731250159442425, -0.1561279296875], [0.0, 0.0, 0.0, 1.0]], [[0.009250378236174583, 0.9999495148658752, -0.0039321971125900745, -0.02880859375], [-0.005065229255706072, -0.003885456593707204, -0.9999796152114868, 1.5680618286132812], [-0.9999443888664246, 0.009270112961530685, 0.005029031075537205, 0.04425048828125], [0.0, 0.0, 0.0, 1.0]], [[-0.9237112402915955, 0.382974773645401, -0.009375139139592648, 1.1606063842773438], [-0.0008787984843365848, -0.02659071609377861, -0.999646008014679, 1.5478134155273438], [-0.3830885589122772, -0.9233759641647339, 0.024898702278733253, -0.043701171875], [0.0, 0.0, 0.0, 1.0]]], "view": [[0.0, -2.0, 100.0], [-2.0, 0.0, 100.0], [0.0, 0.0, 1.0]], "bev": "bev_782deb7fcf834d57b152e45b2ab7793e.png", "aux": "aux_782deb7fcf834d57b152e45b2ab7793e.npz", "visibility": "visibility_782deb7fcf834d57b152e45b2ab7793e.png", "pose": [[0.8748967051506042, 0.4843095541000366, 0.0, 1420.0216064453125], [-0.4843095541000366, 0.8748967051506042, 0.0, 1254.170654296875], [0.0, 0.0, 1.0, 0.0], [0.0, 0.0, 0.0, 1.0]], "pose_inverse": [[0.8748967051506042, -0.4843095541000366, 0.0, -634.9654541015625], [0.4843095541000366, 0.8748967051506042, 0.0, -1784.999755859375], [0.0, 0.0, 1.0, 0.0], [0.0, 0.0, 0.0, 1.0]], "cam_ids": [0, 1, 2, 3, 4, 5], "cam_channels": ["CAM_FRONT_LEFT", "CAM_FRONT", "CAM_FRONT_RIGHT", "CAM_BACK_LEFT", "CAM_BACK", "CAM_BACK_RIGHT"], "token": "782deb7fcf834d57b152e45b2ab7793e", "scene": "scene-0733"}, {"images": ["samples/CAM_FRONT_LEFT/n008-2018-08-29-16-04-13-0400__CAM_FRONT_LEFT__1535574002904799.jpg", "samples/CAM_FRONT/n008-2018-08-29-16-04-13-0400__CAM_FRONT__1535574002912404.jpg", "samples/CAM_FRONT_RIGHT/n008-2018-08-29-16-04-13-0400__CAM_FRONT_RIGHT__1535574002920482.jpg", "samples/CAM_BACK_LEFT/n008-2018-08-29-16-04-13-0400__CAM_BACK_LEFT__1535574002947418.jpg", "samples/CAM_BACK/n008-2018-08-29-16-04-13-0400__CAM_BACK__1535574002937558.jpg", "samples/CAM_BACK_RIGHT/n008-2018-08-29-16-04-13-0400__CAM_BACK_RIGHT__1535574002928113.jpg"], "intrinsics": [[[1257.8625342125129, 0.0, 827.2410631095686], [0.0, 1257.8625342125129, 450.915498205774], [0.0, 0.0, 1.0]], [[1252.8131021185304, 0.0, 826.588114781398], [0.0, 1252.8131021185304, 469.9846626224581], [0.0, 0.0, 1.0]], [[1256.7485116440405, 0.0, 817.7887570959712], [0.0, 1256.7485116440403, 451.9541780095127], [0.0, 0.0, 1.0]], [[1254.9860565800168, 0.0, 829.5769333630991], [0.0, 1254.9860565800168, 467.1680561863987], [0.0, 0.0, 1.0]], [[796.8910634503094, 0.0, 857.7774326863696], [0.0, 796.8910634503094, 476.8848988407415], [0.0, 0.0, 1.0]], [[1249.9629280788233, 0.0, 825.3768045375984], [0.0, 1249.9629280788233, 462.54816385708756], [0.0, 0.0, 1.0]]], "extrinsics": [[[0.8225185871124268, -0.5687050819396973, 0.006149620283395052, -1.004974365234375], [0.00825428869575262, 0.0011251871474087238, -0.999965250492096, 1.4882926940917969], [0.5686784386634827, 0.822540819644928, 0.005619741976261139, -1.33349609375], [0.0, 0.0, 0.0, 1.0]], [[0.010223607532680035, -0.9999428987503052, 0.0031090511474758387, 0.00537109375], [0.010205852799117565, -0.003004704602062702, -0.9999433755874634, 1.4801676273345947], [0.9998956322669983, 0.010254807770252228, 0.010174551047384739, -1.73455810546875], [0.0, 0.0, 0.0, 1.0]], [[-0.8439814448356628, -0.5362952351570129, -0.00910197477787733, 1.090576171875], [0.01822374202311039, -0.011711198836565018, -0.9997652769088745, 1.4930706024169922], [0.5360627770423889, -0.8439492583274841, 0.01965733803808689, -1.277587890625], [0.0, 0.0, 0.0, 1.0]], [[0.947899341583252, 0.31851962208747864, -0.005667346529662609, -1.14404296875], [-0.007141346577554941, 0.0034600987564772367, -0.9999685287475586, 1.5620436668395996], [-0.31849002838134766, 0.9479100108146667, 0.005554486066102982, -0.1561279296875], [0.0, 0.0, 0.0, 1.0]], [[0.009251927956938744, 0.9999487400054932, -0.004115345887839794, -0.02880859375], [-0.005033834371715784, -0.0040688952431082726, -0.9999790191650391, 1.5680608749389648], [-0.9999445676803589, 0.009272431023418903, 0.004995930939912796, 0.0443115234375], [0.0, 0.0, 0.0, 1.0]], [[-0.9237093329429626, 0.3829767107963562, -0.009481854736804962, 1.1606674194335938], [-0.0008430065354332328, -0.02678268402814865, -0.9996408820152283, 1.5478134155273438], [-0.38309311866760254, -0.9233696460723877, 0.025062264874577522, -0.043701171875], [0.0, 0.0, 0.0, 1.0]]], "view": [[0.0, -2.0, 100.0], [-2.0, 0.0, 100.0], [0.0, 0.0, 1.0]], "bev": "bev_23038177fc2d44458c0bf3b5e984e7c1.png", "aux": "aux_23038177fc2d44458c0bf3b5e984e7c1.npz", "visibility": "visibility_23038177fc2d44458c0bf3b5e984e7c1.png", "pose": [[0.8748863935470581, 0.4843282401561737, 0.0, 1420.0216064453125], [-0.4843282401561737, 0.8748863935470581, 0.0, 1254.170654296875], [0.0, 0.0, 1.0, 0.0], [0.0, 0.0, 0.0, 1.0]], "pose_inverse": [[0.8748863935470581, -0.4843282401561737, 0.0, -634.9273071289062], [0.4843282401561737, 0.8748863935470581, 0.0, -1785.013427734375], [0.0, 0.0, 1.0, 0.0], [0.0, 0.0, 0.0, 1.0]], "cam_ids": [0, 1, 2, 3, 4, 5], "cam_channels": ["CAM_FRONT_LEFT", "CAM_FRONT", "CAM_FRONT_RIGHT", "CAM_BACK_LEFT", "CAM_BACK", "CAM_BACK_RIGHT"], "token": "23038177fc2d44458c0bf3b5e984e7c1", "scene": "scene-0733"}, {"images": ["samples/CAM_FRONT_LEFT/n008-2018-08-29-16-04-13-0400__CAM_FRONT_LEFT__1535574003404799.jpg", "samples/CAM_FRONT/n008-2018-08-29-16-04-13-0400__CAM_FRONT__1535574003412404.jpg", "samples/CAM_FRONT_RIGHT/n008-2018-08-29-16-04-13-0400__CAM_FRONT_RIGHT__1535574003420482.jpg", "samples/CAM_BACK_LEFT/n008-2018-08-29-16-04-13-0400__CAM_BACK_LEFT__1535574003447405.jpg", "samples/CAM_BACK/n008-2018-08-29-16-04-13-0400__CAM_BACK__1535574003437558.jpg", "samples/CAM_BACK_RIGHT/n008-2018-08-29-16-04-13-0400__CAM_BACK_RIGHT__1535574003428113.jpg"], "intrinsics": [[[1257.8625342125129, 0.0, 827.2410631095686], [0.0, 1257.8625342125129, 450.915498205774], [0.0, 0.0, 1.0]], [[1252.8131021185304, 0.0, 826.588114781398], [0.0, 1252.8131021185304, 469.9846626224581], [0.0, 0.0, 1.0]], [[1256.7485116440405, 0.0, 817.7887570959712], [0.0, 1256.7485116440403, 451.9541780095127], [0.0, 0.0, 1.0]], [[1254.9860565800168, 0.0, 829.5769333630991], [0.0, 1254.9860565800168, 467.1680561863987], [0.0, 0.0, 1.0]], [[796.8910634503094, 0.0, 857.7774326863696], [0.0, 796.8910634503094, 476.8848988407415], [0.0, 0.0, 1.0]], [[1249.9629280788233, 0.0, 825.3768045375984], [0.0, 1249.9629280788233, 462.54816385708756], [0.0, 0.0, 1.0]]], "extrinsics": [[[0.8225066065788269, -0.5687222480773926, 0.006159257609397173, -1.005035400390625], [0.008344016969203949, 0.001237811055034399, -0.9999644160270691, 1.4882965087890625], [0.5686944127082825, 0.8225287795066833, 0.005763534922152758, -1.33349609375], [0.0, 0.0, 0.0, 1.0]], [[0.01020880974829197, -0.9999433755874634, 0.002993340604007244, 0.00537109375], [0.01030594203621149, -0.0028881204780191183, -0.9999427199363708, 1.4801654815673828], [0.9998947381973267, 0.010239049792289734, 0.01027587428689003, -1.73468017578125], [0.0, 0.0, 0.0, 1.0]], [[-0.8439850211143494, -0.5362868309020996, -0.009260695427656174, 1.090576171875], [0.018334830179810524, -0.011590451002120972, -0.9997646808624268, 1.4930753707885742], [0.5360532999038696, -0.8439562320709229, 0.019614895805716515, -1.2774658203125], [0.0, 0.0, 0.0, 1.0]], [[0.9478995203971863, 0.3185214102268219, -0.005535700358450413, -1.1439208984375], [-0.007039118558168411, 0.0035691431257873774, -0.9999688267707825, 1.5620448589324951], [-0.31849175691604614, 0.9479089379310608, 0.0056252977810800076, -0.1561279296875], [0.0, 0.0, 0.0, 1.0]], [[0.00925428606569767, 0.9999492168426514, -0.003994397819042206, -0.0289306640625], [-0.004920667503029108, -0.003948980942368507, -0.999980092048645, 1.5680608749389648], [-0.9999450445175171, 0.009273734875023365, 0.004883872345089912, 0.0443115234375], [0.0, 0.0, 0.0, 1.0]], [[-0.9237061738967896, 0.38298267126083374, -0.009543349035084248, 1.1607284545898438], [-0.0007241488783620298, -0.02665618062019348, -0.99964439868927, 1.5478134155273438], [-0.3831007778644562, -0.9233708381652832, 0.024899818003177643, -0.043701171875], [0.0, 0.0, 0.0, 1.0]]], "view": [[0.0, -2.0, 100.0], [-2.0, 0.0, 100.0], [0.0, 0.0, 1.0]], "bev": "bev_20eef6494dfc435f9e147d523cf7eb88.png", "aux": "aux_20eef6494dfc435f9e147d523cf7eb88.npz", "visibility": "visibility_20eef6494dfc435f9e147d523cf7eb88.png", "pose": [[0.8748819231987, 0.484336256980896, 0.0, 1420.0216064453125], [-0.484336256980896, 0.8748819231987, 0.0, 1254.170654296875], [0.0, 0.0, 1.0, 0.0], [0.0, 0.0, 0.0, 1.0]], "pose_inverse": [[0.8748819231987, -0.484336256980896, 0.0, -634.910888671875], [0.484336256980896, 0.8748819231987, 0.0, -1785.0191650390625], [0.0, 0.0, 1.0, 0.0], [0.0, 0.0, 0.0, 1.0]], "cam_ids": [0, 1, 2, 3, 4, 5], "cam_channels": ["CAM_FRONT_LEFT", "CAM_FRONT", "CAM_FRONT_RIGHT", "CAM_BACK_LEFT", "CAM_BACK", "CAM_BACK_RIGHT"], "token": "20eef6494dfc435f9e147d523cf7eb88", "scene": "scene-0733"}, {"images": ["samples/CAM_FRONT_LEFT/n008-2018-08-29-16-04-13-0400__CAM_FRONT_LEFT__1535574003904799.jpg", "samples/CAM_FRONT/n008-2018-08-29-16-04-13-0400__CAM_FRONT__1535574003912404.jpg", "samples/CAM_FRONT_RIGHT/n008-2018-08-29-16-04-13-0400__CAM_FRONT_RIGHT__1535574003920482.jpg", "samples/CAM_BACK_LEFT/n008-2018-08-29-16-04-13-0400__CAM_BACK_LEFT__1535574003947405.jpg", "samples/CAM_BACK/n008-2018-08-29-16-04-13-0400__CAM_BACK__1535574003937558.jpg", "samples/CAM_BACK_RIGHT/n008-2018-08-29-16-04-13-0400__CAM_BACK_RIGHT__1535574003928113.jpg"], "intrinsics": [[[1257.8625342125129, 0.0, 827.2410631095686], [0.0, 1257.8625342125129, 450.915498205774], [0.0, 0.0, 1.0]], [[1252.8131021185304, 0.0, 826.588114781398], [0.0, 1252.8131021185304, 469.9846626224581], [0.0, 0.0, 1.0]], [[1256.7485116440405, 0.0, 817.7887570959712], [0.0, 1256.7485116440403, 451.9541780095127], [0.0, 0.0, 1.0]], [[1254.9860565800168, 0.0, 829.5769333630991], [0.0, 1254.9860565800168, 467.1680561863987], [0.0, 0.0, 1.0]], [[796.8910634503094, 0.0, 857.7774326863696], [0.0, 796.8910634503094, 476.8848988407415], [0.0, 0.0, 1.0]], [[1249.9629280788233, 0.0, 825.3768045375984], [0.0, 1249.9629280788233, 462.54816385708756], [0.0, 0.0, 1.0]]], "extrinsics": [[[0.822537899017334, -0.5686768293380737, 0.006176359951496124, -1.005096435546875], [0.008353354409337044, 0.0012218044139444828, -0.9999643564224243, 1.4882926940917969], [0.5686489939689636, 0.82256019115448, 0.0057553378865122795, -1.33349609375], [0.0, 0.0, 0.0, 1.0]], [[0.010253197513520718, -0.9999428987503052, 0.002995990216732025, 0.00537109375], [0.010310469195246696, -0.0028902690391987562, -0.9999427199363708, 1.4801653623580933], [0.9998943209648132, 0.010283544659614563, 0.010280245915055275, -1.734619140625], [0.0, 0.0, 0.0, 1.0]], [[-0.8439673781394958, -0.5363145470619202, -0.009266415610909462, 1.0904541015625], [0.018334291875362396, -0.011577731929719448, -0.9997648596763611, 1.493072509765625], [0.5360811352729797, -0.8439387679100037, 0.01960417442023754, -1.2774658203125], [0.0, 0.0, 0.0, 1.0]], [[0.9478985071182251, 0.31852424144744873, -0.005545927211642265, -1.14404296875], [-0.007056886330246925, 0.003589860163629055, -0.9999686479568481, 1.5620445013046265], [-0.31849437952041626, 0.9479078650474548, 0.005650612059980631, -0.15625], [0.0, 0.0, 0.0, 1.0]], [[0.009241406805813313, 0.9999493956565857, -0.003979862667620182, -0.02880859375], [-0.004929243121296167, -0.003934429492801428, -0.999980092048645, 1.5680599212646484], [-0.9999452233314514, 0.009260762482881546, 0.004892634227871895, 0.04425048828125], [0.0, 0.0, 0.0, 1.0]], [[-0.923715353012085, 0.3829609155654907, -0.009534038603305817, 1.160614013671875], [-0.0007285563042387366, -0.02664404921233654, -0.9996446967124939, 1.5478134155273438], [-0.38307884335517883, -0.9233801364898682, 0.02489052340388298, -0.043701171875], [0.0, 0.0, 0.0, 1.0]]], "view": [[0.0, -2.0, 100.0], [-2.0, 0.0, 100.0], [0.0, 0.0, 1.0]], "bev": "bev_702e61cafb1048f2a2aeb43b98620337.png", "aux": "aux_702e61cafb1048f2a2aeb43b98620337.npz", "visibility": "visibility_702e61cafb1048f2a2aeb43b98620337.png", "pose": [[0.8748892545700073, 0.48432305455207825, 0.0, 1420.0216064453125], [-0.48432305455207825, 0.8748892545700073, 0.0, 1254.170654296875], [0.0, 0.0, 1.0, 0.0], [0.0, 0.0, 0.0, 1.0]], "pose_inverse": [[0.8748892545700073, -0.48432305455207825, 0.0, -634.9378662109375], [0.48432305455207825, 0.8748892545700073, 0.0, -1785.0096435546875], [0.0, 0.0, 1.0, 0.0], [0.0, 0.0, 0.0, 1.0]], "cam_ids": [0, 1, 2, 3, 4, 5], "cam_channels": ["CAM_FRONT_LEFT", "CAM_FRONT", "CAM_FRONT_RIGHT", "CAM_BACK_LEFT", "CAM_BACK", "CAM_BACK_RIGHT"], "token": "702e61cafb1048f2a2aeb43b98620337", "scene": "scene-0733"}, {"images": ["samples/CAM_FRONT_LEFT/n008-2018-08-29-16-04-13-0400__CAM_FRONT_LEFT__1535574004404799.jpg", "samples/CAM_FRONT/n008-2018-08-29-16-04-13-0400__CAM_FRONT__1535574004412404.jpg", "samples/CAM_FRONT_RIGHT/n008-2018-08-29-16-04-13-0400__CAM_FRONT_RIGHT__1535574004420482.jpg", "samples/CAM_BACK_LEFT/n008-2018-08-29-16-04-13-0400__CAM_BACK_LEFT__1535574004447405.jpg", "samples/CAM_BACK/n008-2018-08-29-16-04-13-0400__CAM_BACK__1535574004437558.jpg", "samples/CAM_BACK_RIGHT/n008-2018-08-29-16-04-13-0400__CAM_BACK_RIGHT__1535574004428113.jpg"], "intrinsics": [[[1257.8625342125129, 0.0, 827.2410631095686], [0.0, 1257.8625342125129, 450.915498205774], [0.0, 0.0, 1.0]], [[1252.8131021185304, 0.0, 826.588114781398], [0.0, 1252.8131021185304, 469.9846626224581], [0.0, 0.0, 1.0]], [[1256.7485116440405, 0.0, 817.7887570959712], [0.0, 1256.7485116440403, 451.9541780095127], [0.0, 0.0, 1.0]], [[1254.9860565800168, 0.0, 829.5769333630991], [0.0, 1254.9860565800168, 467.1680561863987], [0.0, 0.0, 1.0]], [[796.8910634503094, 0.0, 857.7774326863696], [0.0, 796.8910634503094, 476.8848988407415], [0.0, 0.0, 1.0]], [[1249.9629280788233, 0.0, 825.3768045375984], [0.0, 1249.9629280788233, 462.54816385708756], [0.0, 0.0, 1.0]]], "extrinsics": [[[0.822513997554779, -0.568711519241333, 0.006164454389363527, -1.00494384765625], [0.008371744304895401, 0.0012689093127846718, -0.99996417760849, 1.4882917404174805], [0.5686833262443542, 0.8225361704826355, 0.005804803688079119, -1.3333740234375], [0.0, 0.0, 0.0, 1.0]], [[0.010219881311058998, -0.9999434351921082, 0.0029469679575413465, 0.00537109375], [0.01032201386988163, -0.002841469831764698, -0.9999427199363708, 1.4801654815673828], [0.9998944997787476, 0.01024971716105938, 0.010292389430105686, -1.734619140625], [0.0, 0.0, 0.0, 1.0]], [[-0.8439802527427673, -0.5362936854362488, -0.009297395125031471, 1.090576171875], [0.018338318914175034, -0.01152720395475626, -0.9997653961181641, 1.493072509765625], [0.5360606908798218, -0.8439527153968811, 0.019563456997275352, -1.277587890625], [0.0, 0.0, 0.0, 1.0]], [[0.9478995203971863, 0.31852152943611145, -0.005533913150429726, -1.1439208984375], [-0.007064618170261383, 0.0036506466567516327, -0.9999683499336243, 1.5620423555374146], [-0.31849128007888794, 0.9479085803031921, 0.005710680037736893, -0.1561279296875], [0.0, 0.0, 0.0, 1.0]], [[0.00925044622272253, 0.9999495148658752, -0.003925126977264881, -0.0289306640625], [-0.004941895604133606, -0.0038795298896729946, -0.9999802112579346, 1.5680608749389648], [-0.9999451041221619, 0.009269675239920616, 0.0049057588912546635, 0.0443115234375], [0.0, 0.0, 0.0, 1.0]], [[-0.9237088561058044, 0.3829772472381592, -0.009510197676718235, 1.160736083984375], [-0.0007320783333852887, -0.02658921107649803, -0.9996461272239685, 1.5478134155273438], [-0.3830944895744324, -0.9233750700950623, 0.024841058999300003, -0.043701171875], [0.0, 0.0, 0.0, 1.0]]], "view": [[0.0, -2.0, 100.0], [-2.0, 0.0, 100.0], [0.0, 0.0, 1.0]], "bev": "bev_dcb54abc782548afa5be3e77bc3dbeb2.png", "aux": "aux_dcb54abc782548afa5be3e77bc3dbeb2.npz", "visibility": "visibility_dcb54abc782548afa5be3e77bc3dbeb2.png", "pose": [[0.8749174475669861, 0.4842721223831177, 0.0, 1420.0216064453125], [-0.4842721223831177, 0.8749174475669861, 0.0, 1254.170654296875], [0.0, 0.0, 1.0, 0.0], [0.0, 0.0, 0.0, 1.0]], "pose_inverse": [[0.8749174475669861, -0.4842721223831177, 0.0, -635.0418090820312], [0.4842721223831177, 0.8749174475669861, 0.0, -1784.97265625], [0.0, 0.0, 1.0, 0.0], [0.0, 0.0, 0.0, 1.0]], "cam_ids": [0, 1, 2, 3, 4, 5], "cam_channels": ["CAM_FRONT_LEFT", "CAM_FRONT", "CAM_FRONT_RIGHT", "CAM_BACK_LEFT", "CAM_BACK", "CAM_BACK_RIGHT"], "token": "dcb54abc782548afa5be3e77bc3dbeb2", "scene": "scene-0733"}, {"images": ["samples/CAM_FRONT_LEFT/n008-2018-08-29-16-04-13-0400__CAM_FRONT_LEFT__1535574004904799.jpg", "samples/CAM_FRONT/n008-2018-08-29-16-04-13-0400__CAM_FRONT__1535574004912404.jpg", "samples/CAM_FRONT_RIGHT/n008-2018-08-29-16-04-13-0400__CAM_FRONT_RIGHT__1535574004920482.jpg", "samples/CAM_BACK_LEFT/n008-2018-08-29-16-04-13-0400__CAM_BACK_LEFT__1535574004947405.jpg", "samples/CAM_BACK/n008-2018-08-29-16-04-13-0400__CAM_BACK__1535574004937558.jpg", "samples/CAM_BACK_RIGHT/n008-2018-08-29-16-04-13-0400__CAM_BACK_RIGHT__1535574004928113.jpg"], "intrinsics": [[[1257.8625342125129, 0.0, 827.2410631095686], [0.0, 1257.8625342125129, 450.915498205774], [0.0, 0.0, 1.0]], [[1252.8131021185304, 0.0, 826.588114781398], [0.0, 1252.8131021185304, 469.9846626224581], [0.0, 0.0, 1.0]], [[1256.7485116440405, 0.0, 817.7887570959712], [0.0, 1256.7485116440403, 451.9541780095127], [0.0, 0.0, 1.0]], [[1254.9860565800168, 0.0, 829.5769333630991], [0.0, 1254.9860565800168, 467.1680561863987], [0.0, 0.0, 1.0]], [[796.8910634503094, 0.0, 857.7774326863696], [0.0, 796.8910634503094, 476.8848988407415], [0.0, 0.0, 1.0]], [[1249.9629280788233, 0.0, 825.3768045375984], [0.0, 1249.9629280788233, 462.54816385708756], [0.0, 0.0, 1.0]]], "extrinsics": [[[0.8225215077400208, -0.5687005519866943, 0.006167109590023756, -1.004974365234375], [0.008427710272371769, 0.00134532549418509, -0.9999635815620422, 1.488295555114746], [0.5686716437339783, 0.8225435614585876, 0.005899401381611824, -1.333251953125], [0.0, 0.0, 0.0, 1.0]], [[0.010228417813777924, -0.9999436140060425, 0.0028693056665360928, 0.0054931640625], [0.01038467139005661, -0.0027630769181996584, -0.9999422430992126, 1.4801669120788574], [0.9998937845230103, 0.010257599875330925, 0.010355822741985321, -1.734619140625], [0.0, 0.0, 0.0, 1.0]], [[-0.8439778685569763, -0.5362956523895264, -0.00939952116459608, 1.090576171875], [0.018408263102173805, -0.01144676934927702, -0.9997649788856506, 1.4930763244628906], [0.5360620617866516, -0.8439525961875916, 0.01953309215605259, -1.2774658203125], [0.0, 0.0, 0.0, 1.0]], [[0.9478991031646729, 0.31852465867996216, -0.005421080626547337, -1.1439208984375], [-0.0069729117676615715, 0.0037319103721529245, -0.9999687671661377, 1.5620437860488892], [-0.3184944689273834, 0.9479072690010071, 0.005758517887443304, -0.1561279296875], [0.0, 0.0, 0.0, 1.0]], [[0.009249300695955753, 0.9999498724937439, -0.0038411340210586786, -0.02880859375], [-0.004837930202484131, -0.0037965036