[{"images": ["samples/CAM_FRONT_LEFT/n008-2018-09-18-15-26-58-0400__CAM_FRONT_LEFT__1537299101354799.jpg", "samples/CAM_FRONT/n008-2018-09-18-15-26-58-0400__CAM_FRONT__1537299101362404.jpg", "samples/CAM_FRONT_RIGHT/n008-2018-09-18-15-26-58-0400__CAM_FRONT_RIGHT__1537299101370482.jpg", "samples/CAM_BACK_LEFT/n008-2018-09-18-15-26-58-0400__CAM_BACK_LEFT__1537299101397405.jpg", "samples/CAM_BACK/n008-2018-09-18-15-26-58-0400__CAM_BACK__1537299101387558.jpg", "samples/CAM_BACK_RIGHT/n008-2018-09-18-15-26-58-0400__CAM_BACK_RIGHT__1537299101378113.jpg"], "intrinsics": [[[1257.8625342125129, 0.0, 827.2410631095686], [0.0, 1257.8625342125129, 450.915498205774], [0.0, 0.0, 1.0]], [[1252.8131021185304, 0.0, 826.588114781398], [0.0, 1252.8131021185304, 469.9846626224581], [0.0, 0.0, 1.0]], [[1256.7485116440405, 0.0, 817.7887570959712], [0.0, 1256.7485116440403, 451.9541780095127], [0.0, 0.0, 1.0]], [[1254.9860565800168, 0.0, 829.5769333630991], [0.0, 1254.9860565800168, 467.1680561863987], [0.0, 0.0, 1.0]], [[796.8910634503094, 0.0, 857.7774326863696], [0.0, 796.8910634503094, 476.8848988407415], [0.0, 0.0, 1.0]], [[1249.9629280788233, 0.0, 825.3768045375984], [0.0, 1249.9629280788233, 462.54816385708756], [0.0, 0.0, 1.0]]], "extrinsics": [[[0.8224596381187439, -0.5687928199768066, 0.00590165238827467, -0.8680419921875], [0.016176512464880943, 0.013017300516366959, -0.9997844099998474, 1.4909801483154297], [0.568593442440033, 0.8223778009414673, 0.019907286390662193, -1.239013671875], [0.0, 0.0, 0.0, 1.0]], [[0.01028982363641262, -0.9999111294746399, -0.008471472188830376, 0.007080078125], [0.01805722527205944, 0.008656349033117294, -0.9997994899749756, 1.4826583862304688], [0.999783992767334, 0.010134769603610039, 0.018144693225622177, -1.5965576171875], [0.0, 0.0, 0.0, 1.0]], [[-0.8437998294830322, -0.5362146496772766, -0.021810444071888924, 0.9993896484375], [0.02600662223994732, -0.0002635443233884871, -0.9996617436408997, 1.4958915710449219], [0.5360275506973267, -0.844081699848175, 0.014167509973049164, -1.21923828125], [0.0, 0.0, 0.0, 1.0]], [[0.9478740692138672, 0.3186056315898895, 0.005027875769883394, -1.13623046875], [0.0005173264071345329, 0.014240188524127007, -0.9998984932899475, 1.5620436668395996], [-0.3186449110507965, 0.947780430316925, 0.013333081267774105, -0.15863037109375], [0.0, 0.0, 0.0, 1.0]], [[0.009129269048571587, 0.9999339580535889, 0.00697818398475647, -0.0286865234375], [0.002655585063621402, 0.006954206619411707, -0.9999722838401794, 1.5681771039962769], [-0.9999548196792603, 0.00914746429771185, -0.002591923577710986, -0.0006103515625], [0.0, 0.0, 0.0, 1.0]], [[-0.9236745834350586, 0.38297978043556213, -0.012314348481595516, 1.086669921875], [0.006895285565406084, -0.015519286505877972, -0.9998558163642883, 1.548370361328125], [-0.38311561942100525, -0.9236263036727905, 0.011694017797708511, -0.073974609375], [0.0, 0.0, 0.0, 1.0]]], "view": [[0.0, -2.0, 100.0], [-2.0, 0.0, 100.0], [0.0, 0.0, 1.0]], "bev": "bev_5f7a75e6f5ff49dba366afdb654e6082.png", "aux": "aux_5f7a75e6f5ff49dba366afdb654e6082.npz", "visibility": "visibility_5f7a75e6f5ff49dba366afdb654e6082.png", "pose": [[0.6338269114494324, -0.773474931716919, 0.0, 1452.2850341796875], [0.773474931716919, 0.6338269114494324, 0.0, 1221.158935546875], [0.0, 0.0, 1.0, 0.0], [0.0, 0.0, 0.0, 1.0]], "pose_inverse": [[0.6338269114494324, 0.773474931716919, 0.0, -1865.0330810546875], [-0.773474931716919, 0.6338269114494324, 0.0, 349.30267333984375], [0.0, 0.0, 1.0, 0.0], [0.0, 0.0, 0.0, 1.0]], "cam_ids": [0, 1, 2, 3, 4, 5], "cam_channels": ["CAM_FRONT_LEFT", "CAM_FRONT", "CAM_FRONT_RIGHT", "CAM_BACK_LEFT", "CAM_BACK", "CAM_BACK_RIGHT"], "token": "5f7a75e6f5ff49dba366afdb654e6082", "scene": "scene-0812"}, {"images": ["samples/CAM_FRONT_LEFT/n008-2018-09-18-15-26-58-0400__CAM_FRONT_LEFT__1537299101854799.jpg", "samples/CAM_FRONT/n008-2018-09-18-15-26-58-0400__CAM_FRONT__1537299101862404.jpg", "samples/CAM_FRONT_RIGHT/n008-2018-09-18-15-26-58-0400__CAM_FRONT_RIGHT__1537299101870482.jpg", "samples/CAM_BACK_LEFT/n008-2018-09-18-15-26-58-0400__CAM_BACK_LEFT__1537299101897405.jpg", "samples/CAM_BACK/n008-2018-09-18-15-26-58-0400__CAM_BACK__1537299101887558.jpg", "samples/CAM_BACK_RIGHT/n008-2018-09-18-15-26-58-0400__CAM_BACK_RIGHT__1537299101878113.jpg"], "intrinsics": [[[1257.8625342125129, 0.0, 827.2410631095686], [0.0, 1257.8625342125129, 450.915498205774], [0.0, 0.0, 1.0]], [[1252.8131021185304, 0.0, 826.588114781398], [0.0, 1252.8131021185304, 469.9846626224581], [0.0, 0.0, 1.0]], [[1256.7485116440405, 0.0, 817.7887570959712], [0.0, 1256.7485116440403, 451.9541780095127], [0.0, 0.0, 1.0]], [[1254.9860565800168, 0.0, 829.5769333630991], [0.0, 1254.9860565800168, 467.1680561863987], [0.0, 0.0, 1.0]], [[796.8910634503094, 0.0, 857.7774326863696], [0.0, 796.8910634503094, 476.8848988407415], [0.0, 0.0, 1.0]], [[1249.9629280788233, 0.0, 825.3768045375984], [0.0, 1249.9629280788233, 462.54816385708756], [0.0, 0.0, 1.0]]], "extrinsics": [[[0.8229692578315735, -0.5680434703826904, 0.006944702938199043, -0.84814453125], [0.018763257190585136, 0.014961674809455872, -0.9997120499610901, 1.4918365478515625], [0.5677760243415833, 0.8228625655174255, 0.022971343249082565, -1.22662353515625], [0.0, 0.0, 0.0, 1.0]], [[0.011105441488325596, -0.999882161617279, -0.010599518194794655, 0.008453369140625], [0.02085721306502819, 0.010829495266079903, -0.9997237920761108, 1.4834327697753906], [0.9997208118438721, 0.010881328023970127, 0.02097502164542675, -1.5772705078125], [0.0, 0.0, 0.0, 1.0]], [[-0.8433853983879089, -0.5367010831832886, -0.025552259758114815, 0.9871826171875], [0.028943896293640137, 0.0021066381596028805, -0.9995787739753723, 1.49664306640625], [0.5365288257598877, -0.8437698483467102, 0.013757514767348766, -1.21044921875], [0.0, 0.0, 0.0, 1.0]], [[0.9478340744972229, 0.3186379075050354, 0.008962628431618214, -1.1358642578125], [0.0037331264466047287, 0.01701895147562027, -0.9998481869697571, 1.562076210975647], [-0.3187420666217804, 0.9477236866950989, 0.014941627159714699, -0.15887451171875], [0.0, 0.0, 0.0, 1.0]], [[0.008834916166961193, 0.9999144077301025, 0.00965436827391386, -0.028961181640625], [0.005821548402309418, 0.009603149257600307, -0.9999369382858276, 1.5683488845825195], [-0.9999440312385559, 0.008890504017472267, -0.00573620805516839, -0.00634765625], [0.0, 0.0, 0.0, 1.0]], [[-0.9238184690475464, 0.3825691044330597, -0.014148557558655739, 1.0762939453125], [0.009919831529259682, -0.013023885898292065, -0.9998660087585449, 1.548727035522461], [-0.3827020525932312, -0.923835039138794, 0.008236686699092388, -0.0775146484375], [0.0, 0.0, 0.0, 1.0]]], "view": [[0.0, -2.0, 100.0], [-2.0, 0.0, 100.0], [0.0, 0.0, 1.0]], "bev": "bev_e4493276edc84fe190836de5311b68ac.png", "aux": "aux_e4493276edc84fe190836de5311b68ac.npz", "visibility": "visibility_e4493276edc84fe190836de5311b68ac.png", "pose": [[0.6362709403038025, -0.7714656591415405, 0.0, 1453.5731201171875], [0.7714656591415405, 0.6362709403038025, 0.0, 1222.709716796875], [0.0, 0.0, 1.0, 0.0], [0.0, 0.0, 0.0, 1.0]], "pose_inverse": [[0.6362709403038025, 0.7714656591415405, 0.0, -1868.1448974609375], [-0.7714656591415405, 0.6362709403038025, 0.0, 343.4071044921875], [0.0, 0.0, 1.0, 0.0], [0.0, 0.0, 0.0, 1.0]], "cam_ids": [0, 1, 2, 3, 4, 5], "cam_channels": ["CAM_FRONT_LEFT", "CAM_FRONT", "CAM_FRONT_RIGHT", "CAM_BACK_LEFT", "CAM_BACK", "CAM_BACK_RIGHT"], "token": "e4493276edc84fe190836de5311b68ac", "scene": "scene-0812"}, {"images": ["samples/CAM_FRONT_LEFT/n008-2018-09-18-15-26-58-0400__CAM_FRONT_LEFT__1537299102354799.jpg", "samples/CAM_FRONT/n008-2018-09-18-15-26-58-0400__CAM_FRONT__1537299102362404.jpg", "samples/CAM_FRONT_RIGHT/n008-2018-09-18-15-26-58-0400__CAM_FRONT_RIGHT__1537299102370482.jpg", "samples/CAM_BACK_LEFT/n008-2018-09-18-15-26-58-0400__CAM_BACK_LEFT__1537299102397405.jpg", "samples/CAM_BACK/n008-2018-09-18-15-26-58-0400__CAM_BACK__1537299102387558.jpg", "samples/CAM_BACK_RIGHT/n008-2018-09-18-15-26-58-0400__CAM_BACK_RIGHT__1537299102378113.jpg"], "intrinsics": [[[1257.8625342125129, 0.0, 827.2410631095686], [0.0, 1257.8625342125129, 450.915498205774], [0.0, 0.0, 1.0]], [[1252.8131021185304, 0.0, 826.588114781398], [0.0, 1252.8131021185304, 469.9846626224581], [0.0, 0.0, 1.0]], [[1256.7485116440405, 0.0, 817.7887570959712], [0.0, 1256.7485116440403, 451.9541780095127], [0.0, 0.0, 1.0]], [[1254.9860565800168, 0.0, 829.5769333630991], [0.0, 1254.9860565800168, 467.1680561863987], [0.0, 0.0, 1.0]], [[796.8910634503094, 0.0, 857.7774326863696], [0.0, 796.8910634503094, 476.8848988407415], [0.0, 0.0, 1.0]], [[1249.9629280788233, 0.0, 825.3768045375984], [0.0, 1249.9629280788233, 462.54816385708756], [0.0, 0.0, 1.0]]], "extrinsics": [[[0.8225030303001404, -0.5687063932418823, 0.007862932980060577, -0.8280029296875], [0.015595304779708385, 0.008731236681342125, -0.999840259552002, 1.4916419982910156], [0.5685468316078186, 0.8224943280220032, 0.016050618141889572, -1.2115478515625], [0.0, 0.0, 0.0, 1.0]], [[0.010214872658252716, -0.999937117099762, -0.004635250195860863, 0.00738525390625], [0.017379900440573692, 0.004812332801520824, -0.9998373985290527, 1.4832630157470703], [0.9997967481613159, 0.010132686235010624, 0.017427964136004448, -1.5565185546875], [0.0, 0.0, 0.0, 1.0]], [[-0.8439341187477112, -0.5360991954803467, -0.01931278593838215, 0.9725341796875], [0.025195498019456863, -0.0036500957794487476, -0.9996758699417114, 1.4965934753417969], [0.5358549356460571, -0.8441470861434937, 0.016587726771831512, -1.202880859375], [0.0, 0.0, 0.0, 1.0]], [[0.9478891491889954, 0.31858527660369873, 0.0030729426071047783, -1.1328125], [-0.0009121205657720566, 0.012358687818050385, -0.9999232292175293, 1.562032699584961], [-0.31859877705574036, 0.9478135704994202, 0.012005256488919258, -0.15985107421875], [0.0, 0.0, 0.0, 1.0]], [[0.009267342276871204, 0.999946653842926, 0.004559465683996677, -0.02825927734375], [0.001408182899467647, 0.004546605981886387, -0.9999886155128479, 1.5681462287902832], [-0.9999560117721558, 0.009273601695895195, -0.001365972333587706, -0.01416015625], [0.0, 0.0, 0.0, 1.0]], [[-0.9235981702804565, 0.38315683603286743, -0.01254007313400507, 1.0653076171875], [0.005910743493586779, -0.01847432181239128, -0.9998118877410889, 1.5484180450439453], [-0.3833164572715759, -0.9234985113143921, 0.014798109419643879, -0.08343505859375], [0.0, 0.0, 0.0, 1.0]]], "view": [[0.0, -2.0, 100.0], [-2.0, 0.0, 100.0], [0.0, 0.0, 1.0]], "bev": "bev_b93eca10a3ae44e8b33bdcfd89413dc4.png", "aux": "aux_b93eca10a3ae44e8b33bdcfd89413dc4.npz", "visibility": "visibility_b93eca10a3ae44e8b33bdcfd89413dc4.png", "pose": [[0.6368396282196045, -0.7709962725639343, 0.0, 1455.037841796875], [0.7709962725639343, 0.6368396282196045, 0.0, 1224.4674072265625], [0.0, 0.0, 1.0, 0.0], [0.0, 0.0, 0.0, 1.0]], "pose_inverse": [[0.6368396282196045, 0.7709962725639343, 0.0, -1870.685546875], [-0.7709962725639343, 0.6368396282196045, 0.0, 342.0394287109375], [0.0, 0.0, 1.0, 0.0], [0.0, 0.0, 0.0, 1.0]], "cam_ids": [0, 1, 2, 3, 4, 5], "cam_channels": ["CAM_FRONT_LEFT", "CAM_FRONT", "CAM_FRONT_RIGHT", "CAM_BACK_LEFT", "CAM_BACK", "CAM_BACK_RIGHT"], "token": "b93eca10a3ae44e8b33bdcfd89413dc4", "scene": "scene-0812"}, {"images": ["samples/CAM_FRONT_LEFT/n008-2018-09-18-15-26-58-0400__CAM_FRONT_LEFT__1537299102854799.jpg", "samples/CAM_FRONT/n008-2018-09-18-15-26-58-0400__CAM_FRONT__1537299102862404.jpg", "samples/CAM_FRONT_RIGHT/n008-2018-09-18-15-26-58-0400__CAM_FRONT_RIGHT__1537299102870482.jpg", "samples/CAM_BACK_LEFT/n008-2018-09-18-15-26-58-0400__CAM_BACK_LEFT__1537299102897405.jpg", "samples/CAM_BACK/n008-2018-09-18-15-26-58-0400__CAM_BACK__1537299102887558.jpg", "samples/CAM_BACK_RIGHT/n008-2018-09-18-15-26-58-0400__CAM_BACK_RIGHT__1537299102878113.jpg"], "intrinsics": [[[1257.8625342125129, 0.0, 827.2410631095686], [0.0, 1257.8625342125129, 450.915498205774], [0.0, 0.0, 1.0]], [[1252.8131021185304, 0.0, 826.588114781398], [0.0, 1252.8131021185304, 469.9846626224581], [0.0, 0.0, 1.0]], [[1256.7485116440405, 0.0, 817.7887570959712], [0.0, 1256.7485116440403, 451.9541780095127], [0.0, 0.0, 1.0]], [[1254.9860565800168, 0.0, 829.5769333630991], [0.0, 1254.9860565800168, 467.1680561863987], [0.0, 0.0, 1.0]], [[796.8910634503094, 0.0, 857.7774326863696], [0.0, 796.8910634503094, 476.8848988407415], [0.0, 0.0, 1.0]], [[1249.9629280788233, 0.0, 825.3768045375984], [0.0, 1249.9629280788233, 462.54816385708756], [0.0, 0.0, 1.0]]], "extrinsics": [[[0.8226402997970581, -0.5684599876403809, 0.010780257172882557, -0.8096923828125], [0.014559202827513218, 0.0021072658710181713, -0.9998917579650879, 1.4917163848876953], [0.5683757662773132, 0.822708249092102, 0.010009845718741417, -1.20172119140625], [0.0, 0.0, 0.0, 1.0]], [[0.0104851508513093, -0.9999427199363708, 0.0021327538415789604, 0.00970458984375], [0.01651773601770401, -0.001959380926564336, -0.9998616576194763, 1.4833984375], [0.9998084902763367, 0.010518880560994148, 0.016496244817972183, -1.5394287109375], [0.0, 0.0, 0.0, 1.0]], [[-0.8437720537185669, -0.5364893078804016, -0.015096861869096756, 0.962646484375], [0.024594273418188095, -0.010551013983786106, -0.9996418356895447, 1.496856689453125], [0.5361379384994507, -0.8438411355018616, 0.022097216919064522, -1.19384765625], [0.0, 0.0, 0.0, 1.0]], [[0.9478725790977478, 0.3186473250389099, 0.001205803593620658, -1.1324462890625], [-0.00047269550850614905, 0.005190195050090551, -0.9999864101409912, 1.5620348453521729], [-0.3186493217945099, 0.9478590488433838, 0.005070267245173454, -0.16015625], [0.0, 0.0, 0.0, 1.0]], [[0.00910518690943718, 0.9999552965164185, -0.0025729513727128506, -0.029144287109375], [0.001584173645824194, -0.00258747860789299, -0.9999954104423523, 1.5681631565093994], [-0.9999573230743408, 0.009101001545786858, -0.00160766311455518, -0.019287109375], [0.0, 0.0, 0.0, 1.0]], [[-0.9237116575241089, 0.3827954828739166, -0.014973974786698818, 1.055908203125], [0.005645633675158024, -0.025480803102254868, -0.9996593594551086, 1.5484867095947266], [-0.38304662704467773, -0.9234815835952759, 0.02137579396367073, -0.085693359375], [0.0, 0.0, 0.0, 1.0]]], "view": [[0.0, -2.0, 100.0], [-2.0, 0.0, 100.0], [0.0, 0.0, 1.0]], "bev": "bev_6276445570dc49a489a67ca457ee18f7.png", "aux": "aux_6276445570dc49a489a67ca457ee18f7.npz", "visibility": "visibility_6276445570dc49a489a67ca457ee18f7.png", "pose": [[0.6398321986198425, -0.7685146331787109, 0.0, 1456.6207275390625], [0.7685146331787109, 0.6398321986198425, 0.0, 1226.341796875], [0.0, 0.0, 1.0, 0.0], [0.0, 0.0, 0.0, 1.0]], "pose_inverse": [[0.6398321986198425, 0.7685146331787109, 0.0, -1874.4544677734375], [-0.7685146331787109, 0.6398321986198425, 0.0, 334.7814025878906], [0.0, 0.0, 1.0, 0.0], [0.0, 0.0, 0.0, 1.0]], "cam_ids": [0, 1, 2, 3, 4, 5], "cam_channels": ["CAM_FRONT_LEFT", "CAM_FRONT", "CAM_FRONT_RIGHT", "CAM_BACK_LEFT", "CAM_BACK", "CAM_BACK_RIGHT"], "token": "6276445570dc49a489a67ca457ee18f7", "scene": "scene-0812"}, {"images": ["samples/CAM_FRONT_LEFT/n008-2018-09-18-15-26-58-0400__CAM_FRONT_LEFT__1537299103354799.jpg", "samples/CAM_FRONT/n008-2018-09-18-15-26-58-0400__CAM_FRONT__1537299103362404.jpg", "samples/CAM_FRONT_RIGHT/n008-2018-09-18-15-26-58-0400__CAM_FRONT_RIGHT__1537299103370482.jpg", "samples/CAM_BACK_LEFT/n008-2018-09-18-15-26-58-0400__CAM_BACK_LEFT__1537299103397405.jpg", "samples/CAM_BACK/n008-2018-09-18-15-26-58-0400__CAM_BACK__1537299103387558.jpg", "samples/CAM_BACK_RIGHT/n008-2018-09-18-15-26-58-0400__CAM_BACK_RIGHT__1537299103378113.jpg"], "intrinsics": [[[1257.8625342125129, 0.0, 827.2410631095686], [0.0, 1257.8625342125129, 450.915498205774], [0.0, 0.0, 1.0]], [[1252.8131021185304, 0.0, 826.588114781398], [0.0, 1252.8131021185304, 469.9846626224581], [0.0, 0.0, 1.0]], [[1256.7485116440405, 0.0, 817.7887570959712], [0.0, 1256.7485116440403, 451.9541780095127], [0.0, 0.0, 1.0]], [[1254.9860565800168, 0.0, 829.5769333630991], [0.0, 1254.9860565800168, 467.1680561863987], [0.0, 0.0, 1.0]], [[796.8910634503094, 0.0, 857.7774326863696], [0.0, 796.8910634503094, 476.8848988407415], [0.0, 0.0, 1.0]], [[1249.9629280788233, 0.0, 825.3768045375984], [0.0, 1249.9629280788233, 462.54816385708756], [0.0, 0.0, 1.0]]], "extrinsics": [[[0.8222918510437012, -0.5688811540603638, 0.014507558196783066, -0.7930908203125], [0.01825713738799095, 0.0008922102861106396, -0.9998329281806946, 1.4929771423339844], [0.568773090839386, 0.8224194049835205, 0.011119795963168144, -1.18896484375], [0.0, 0.0, 0.0, 1.0]], [[0.009959731251001358, -0.9999439716339111, 0.0035840459167957306, 0.00872802734375], [0.02007162943482399, -0.003383585484698415, -0.9997928142547607, 1.4844627380371094], [0.999748945236206, 0.010029615834355354, 0.02003680355846882, -1.5208740234375], [0.0, 0.0, 0.0, 1.0]], [[-0.8439870476722717, -0.5360944271087646, -0.016994250938296318, 0.9483642578125], [0.027879415079951286, -0.012205841019749641, -0.9995367527008057, 1.4977836608886719], [0.5356385707855225, -0.84406977891922, 0.025247568264603615, -1.1868896484375], [0.0, 0.0, 0.0, 1.0]], [[0.9478881359100342, 0.31859105825424194, 0.0028072302229702473, -1.1290283203125], [0.0020216878037899733, 0.0027963127940893173, -0.9999940395355225, 1.5620776414871216], [-0.31859710812568665, 0.9478881359100342, 0.0020065000280737877, -0.16119384765625], [0.0, 0.0, 0.0, 1.0]], [[0.009344171732664108, 0.9999454617500305, -0.004683995619416237, -0.028350830078125], [0.004326431080698967, -0.004724584519863129, -0.9999794363975525, 1.5683727264404297], [-0.9999470114707947, 0.009323725476861, -0.004370342940092087, -0.027587890625], [0.0, 0.0, 0.0, 1.0]], [[-0.9235062599182129, 0.38313964009284973, -0.018447931855916977, 1.0443115234375], [0.008618856780230999, -0.027354979887604713, -0.9995886087417603, 1.5489044189453125], [-0.3834865987300873, -0.9232853055000305, 0.021960267797112465, -0.0916748046875], [0.0, 0.0, 0.0, 1.0]]], "view": [[0.0, -2.0, 100.0], [-2.0, 0.0, 100.0], [0.0, 0.0, 1.0]], "bev": "bev_aa302488c5be4cc982dd2a894b63fe3e.png", "aux": "aux_aa302488c5be4cc982dd2a894b63fe3e.npz", "visibility": "visibility_aa302488c5be4cc982dd2a894b63fe3e.png", "pose": [[0.6382814049720764, -0.7698031663894653, 0.0, 1458.3658447265625], [0.7698031663894653, 0.6382814049720764, 0.0, 1228.406982421875], [0.0, 0.0, 1.0, 0.0], [0.0, 0.0, 0.0, 1.0]], "pose_inverse": [[0.6382814049720764, 0.7698031663894653, 0.0, -1876.4793701171875], [-0.7698031663894653, 0.6382814049720764, 0.0, 338.5852966308594], [0.0, 0.0, 1.0, 0.0], [0.0, 0.0, 0.0, 1.0]], "cam_ids": [0, 1, 2, 3, 4, 5], "cam_channels": ["CAM_FRONT_LEFT", "CAM_FRONT", "CAM_FRONT_RIGHT", "CAM_BACK_LEFT", "CAM_BACK", "CAM_BACK_RIGHT"], "token": "aa302488c5be4cc982dd2a894b63fe3e", "scene": "scene-0812"}, {"images": ["samples/CAM_FRONT_LEFT/n008-2018-09-18-15-26-58-0400__CAM_FRONT_LEFT__1537299103854799.jpg", "samples/CAM_FRONT/n008-2018-09-18-15-26-58-0400__CAM_FRONT__1537299103862404.jpg", "samples/CAM_FRONT_RIGHT/n008-2018-09-18-15-26-58-0400__CAM_FRONT_RIGHT__1537299103870482.jpg", "samples/CAM_BACK_LEFT/n008-2018-09-18-15-26-58-0400__CAM_BACK_LEFT__1537299103897405.jpg", "samples/CAM_BACK/n008-2018-09-18-15-26-58-0400__CAM_BACK__1537299103887558.jpg", "samples/CAM_BACK_RIGHT/n008-2018-09-18-15-26-58-0400__CAM_BACK_RIGHT__1537299103878113.jpg"], "intrinsics": [[[1257.8625342125129, 0.0, 827.2410631095686], [0.0, 1257.8625342125129, 450.915498205774], [0.0, 0.0, 1.0]], [[1252.8131021185304, 0.0, 826.588114781398], [0.0, 1252.8131021185304, 469.9846626224581], [0.0, 0.0, 1.0]], [[1256.7485116440405, 0.0, 817.7887570959712], [0.0, 1256.7485116440403, 451.9541780095127], [0.0, 0.0, 1.0]], [[1254.9860565800168, 0.0, 829.5769333630991], [0.0, 1254.9860565800168, 467.1680561863987], [0.0, 0.0, 1.0]], [[796.8910634503094, 0.0, 857.7774326863696], [0.0, 796.8910634503094, 476.8848988407415], [0.0, 0.0, 1.0]], [[1249.9629280788233, 0.0, 825.3768045375984], [0.0, 1249.9629280788233, 462.54816385708756], [0.0, 0.0, 1.0]]], "extrinsics": [[[0.8225048184394836, -0.5686671137809753, 0.010183250531554222, -0.7730712890625], [0.013285438530147076, 0.0013100687647238374, -0.9999108910560608, 1.492025375366211], [0.5686030387878418, 0.82256680727005, 0.008632528595626354, -1.17474365234375], [0.0, 0.0, 0.0, 1.0]], [[0.010282187722623348, -0.9999421238899231, 0.0031663228292018175, 0.009033203125], [0.015327155590057373, -0.0030085158068686724, -0.9998780488967896, 1.4837608337402344], [0.9998296499252319, 0.010329409502446651, 0.015295333229005337, -1.5006103515625], [0.0, 0.0, 0.0, 1.0]], [[-0.8438671231269836, -0.5363841652870178, -0.013424822129309177, 0.935546875], [0.023465121164917946, -0.011896827258169651, -0.9996538758277893, 1.4974136352539062], [0.536038875579834, -0.8438901305198669, 0.022625664249062538, -1.1778564453125], [0.0, 0.0, 0.0, 1.0]], [[0.947873592376709, 0.31864598393440247, -0.0007674979860894382, -1.125244140625], [-0.00170619017444551, 0.002666776068508625, -0.9999949932098389, 1.5620112419128418], [-0.31864234805107117, 0.9478700160980225, 0.003071438055485487, -0.1624755859375], [0.0, 0.0, 0.0, 1.0]], [[0.009156180545687675, 0.9999474883079529, -0.004615067970007658, -0.028717041015625], [0.00031242938712239265, -0.004618121311068535, -0.9999892115592957, 1.5680886507034302], [-0.9999580979347229, 0.009154649451375008, -0.0003546976367942989, -0.0357666015625], [0.0, 0.0, 0.0, 1.0]], [[-0.923689603805542, 0.3828656077384949, -0.014542446471750736, 1.033203125], [0.00449399696663022, -0.027126723900437355, -0.9996218681335449, 1.5484580993652344], [-0.38311535120010376, -0.9234057068824768, 0.023336075246334076, -0.09552001953125], [0.0, 0.0, 0.0, 1.0]]], "view": [[0.0, -2.0, 100.0], [-2.0, 0.0, 100.0], [0.0, 0.0, 1.0]], "bev": "bev_1d502625fb0748a4b2621ae3e01a30b1.png", "aux": "aux_1d502625fb0748a4b2621ae3e01a30b1.npz", "visibility": "visibility_1d502625fb0748a4b2621ae3e01a30b1.png", "pose": [[0.6372942328453064, -0.770620584487915, 0.0, 1460.2266845703125], [0.770620584487915, 0.6372942328453064, 0.0, 1230.6331787109375], [0.0, 0.0, 1.0, 0.0], [0.0, 0.0, 0.0, 1.0]], "pose_inverse": [[0.6372942328453064, 0.770620584487915, 0.0, -1878.9453125], [-0.770620584487915, 0.6372942328453064, 0.0, 341.0052795410156], [0.0, 0.0, 1.0, 0.0], [0.0, 0.0, 0.0, 1.0]], "cam_ids": [0, 1, 2, 3, 4, 5], "cam_channels": ["CAM_FRONT_LEFT", "CAM_FRONT", "CAM_FRONT_RIGHT", "CAM_BACK_LEFT", "CAM_BACK", "CAM_BACK_RIGHT"], "token": "1d502625fb0748a4b2621ae3e01a30b1", "scene": "scene-0812"}, {"images": ["samples/CAM_FRONT_LEFT/n008-2018-09-18-15-26-58-0400__CAM_FRONT_LEFT__1537299104354799.jpg", "samples/CAM_FRONT/n008-2018-09-18-15-26-58-0400__CAM_FRONT__1537299104362404.jpg", "samples/CAM_FRONT_RIGHT/n008-2018-09-18-15-26-58-0400__CAM_FRONT_RIGHT__1537299104370482.jpg", "samples/CAM_BACK_LEFT/n008-2018-09-18-15-26-58-0400__CAM_BACK_LEFT__1537299104397405.jpg", "samples/CAM_BACK/n008-2018-09-18-15-26-58-0400__CAM_BACK__1537299104387558.jpg", "samples/CAM_BACK_RIGHT/n008-2018-09-18-15-26-58-0400__CAM_BACK_RIGHT__1537299104378113.jpg"], "intrinsics": [[[1257.8625342125129, 0.0, 827.2410631095686], [0.0, 1257.8625342125129, 450.915498205774], [0.0, 0.0, 1.0]], [[1252.8131021185304, 0.0, 826.588114781398], [0.0, 1252.8131021185304, 469.9846626224581], [0.0, 0.0, 1.0]], [[1256.7485116440405, 0.0, 817.7887570959712], [0.0, 1256.7485116440403, 451.9541780095127], [0.0, 0.0, 1.0]], [[1254.9860565800168, 0.0, 829.5769333630991], [0.0, 1254.9860565800168, 467.1680561863987], [0.0, 0.0, 1.0]], [[796.8910634503094, 0.0, 857.7774326863696], [0.0, 796.8910634503094, 476.8848988407415], [0.0, 0.0, 1.0]], [[1249.9629280788233, 0.0, 825.3768045375984], [0.0, 1249.9629280788233, 462.54816385708756], [0.0, 0.0, 1.0]]], "extrinsics": [[[0.8225943446159363, -0.568571925163269, 0.008031603880226612, -0.76708984375], [0.007375271059572697, -0.0034551143180578947, -0.9999668002128601, 1.4904232025146484], [0.5685808658599854, 0.8226263523101807, 0.001351213431917131, -1.1715087890625], [0.0, 0.0, 0.0, 1.0]], [[0.01039885450154543, -0.9999157786369324, 0.0077693588100373745, 0.009765625], [0.009454223327338696, -0.007671115454286337, -0.9999258518218994, 1.4824485778808594], [0.9999012351036072, 0.010471516288816929, 0.009373657405376434, -1.4945068359375], [0.0, 0.0, 0.0, 1.0]], [[-0.8438664078712463, -0.536519467830658, -0.006033812649548054, 0.93115234375], [0.017625221982598305, -0.016478950157761574, -0.9997088313102722, 1.4964447021484375], [0.5362637639045715, -0.8437270522117615, 0.023362306877970695, -1.174560546875], [0.0, 0.0, 0.0, 1.0]], [[0.9478520750999451, 0.3186221420764923, -0.007513413205742836, -1.12841796875], [-0.007319783326238394, -0.001805048668757081, -0.9999715685844421, 1.5619230270385742], [-0.31862664222717285, 0.9478800296783447, 0.000621326151303947, -0.1612548828125], [0.0, 0.0, 0.0, 1.0]], [[0.00906221941113472, 0.9999168515205383, -0.009179256856441498, -0.0286865234375], [-0.005335935391485691, -0.00913114845752716, -0.9999440908432007, 1.5676393508911133], [-0.9999446868896484, 0.009110691957175732, 0.005252743139863014, -0.035888671875], [0.0, 0.0, 0.0, 1.0]], [[-0.9238007664680481, 0.38271722197532654, -0.010932772420346737, 1.02978515625], [-0.0012932668905705214, -0.03167351335287094, -0.9994974136352539, 1.5476679801940918], [-0.382871150970459, -0.9233224391937256, 0.02975497581064701, -0.096771240234375], [0.0, 0.0, 0.0, 1.0]]], "view": [[0.0, -2.0, 100.0], [-2.0, 0.0, 100.0], [0.0, 0.0, 1.0]], "bev": "bev_3b1bfa4c33034b2d82bc3d3d97fc316a.png", "aux": "aux_3b1bfa4c33034b2d82bc3d3d97fc316a.npz", "visibility": "visibility_3b1bfa4c33034b2d82bc3d3d97fc316a.png", "pose": [[0.6348947882652283, -0.7725986242294312, 0.0, 1462.214599609375], [0.7725986242294312, 0.6348947882652283, 0.0, 1233.010986328125], [0.0, 0.0, 1.0, 0.0], [0.0, 0.0, 0.0, 1.0]], "pose_inverse": [[0.6348947882652283, 0.7725986242294312, 0.0, -1880.9749755859375], [-0.7725986242294312, 0.6348947882652283, 0.0, 346.8726806640625], [0.0, 0.0, 1.0, 0.0], [0.0, 0.0, 0.0, 1.0]], "cam_ids": [0, 1, 2, 3, 4, 5], "cam_channels": ["CAM_FRONT_LEFT", "CAM_FRONT", "CAM_FRONT_RIGHT", "CAM_BACK_LEFT", "CAM_BACK", "CAM_BACK_RIGHT"], "token": "3b1bfa4c33034b2d82bc3d3d97fc316a", "scene": "scene-0812"}, {"images": ["samples/CAM_FRONT_LEFT/n008-2018-09-18-15-26-58-0400__CAM_FRONT_LEFT__1537299104854799.jpg", "samples/CAM_FRONT/n008-2018-09-18-15-26-58-0400__CAM_FRONT__1537299104862404.jpg", "samples/CAM_FRONT_RIGHT/n008-2018-09-18-15-26-58-0400__CAM_FRONT_RIGHT__1537299104870482.jpg", "samples/CAM_BACK_LEFT/n008-2018-09-18-15-26-58-0400__CAM_BACK_LEFT__1537299104897405.jpg", "samples/CAM_BACK/n008-2018-09-18-15-26-58-0400__CAM_BACK__1537299104887558.jpg", "samples/CAM_BACK_RIGHT/n008-2018-09-18-15-26-58-0400__CAM_BACK_RIGHT__1537299104878113.jpg"], "intrinsics": [[[1257.8625342125129, 0.0, 827.2410631095686], [0.0, 1257.8625342125129, 450.915498205774], [0.0, 0.0, 1.0]], [[1252.8131021185304, 0.0, 826.588114781398], [0.0, 1252.8131021185304, 469.9846626224581], [0.0, 0.0, 1.0]], [[1256.7485116440405, 0.0, 817.7887570959712], [0.0, 1256.7485116440403, 451.9541780095127], [0.0, 0.0, 1.0]], [[1254.9860565800168, 0.0, 829.5769333630991], [0.0, 1254.9860565800168, 467.1680561863987], [0.0, 0.0, 1.0]], [[796.8910634503094, 0.0, 857.7774326863696], [0.0, 796.8910634503094, 476.8848988407415], [0.0, 0.0, 1.0]], [[1249.9629280788233, 0.0, 825.3768045375984], [0.0, 1249.9629280788233, 462.54816385708756], [0.0, 0.0, 1.0]]], "extrinsics": [[[0.8224243521690369, -0.5688412189483643, 0.00615189503878355, -0.760986328125], [0.0028681084513664246, -0.006667817942798138, -0.9999736547470093, 1.4891538619995117], [0.5688672661781311, 0.8224204182624817, -0.003852280555292964, -1.16632080078125], [0.0, 0.0, 0.0, 1.0]], [[0.010081390850245953, -0.9998894929885864, 0.010920851491391659, 0.00909423828125], [0.004407278727740049, -0.010876870714128017, -0.9999311566352844, 1.4812650680541992], [0.9999394416809082, 0.010128875263035297, 0.004297137726098299, -1.48828125], [0.0, 0.0, 0.0, 1.0]], [[-0.8440832495689392, -0.5362118482589722, 0.0003853181842714548, 0.9271240234375], [0.012018564157187939, -0.019637545570731163, -0.9997348785400391, 1.49542236328125], [0.5360773205757141, -0.8438549041748047, 0.023020222783088684, -1.1729736328125], [0.0, 0.0, 0.0, 1.0]], [[0.9477915167808533, 0.31852075457572937, -0.015352634713053703, -1.12548828125], [-0.014686545357108116, -0.004492767155170441, -0.9998820424079895, 1.5617599487304688], [-0.3185521364212036, 0.9479051828384399, 0.00041976466309279203, -0.16229248046875], [0.0, 0.0, 0.0, 1.0]], [[0.009193864651024342, 0.9998837113380432, -0.012168621644377708, -0.02838134765625], [-0.012060829438269138, -0.012057367712259293, -0.999854564666748, 1.5670604705810547], [-0.9998849034309387, 0.009339289739727974, 0.011948573403060436, -0.0389404296875], [0.0, 0.0, 0.0, 1.0]], [[-0.9237303137779236, 0.38298889994621277, -0.006469861604273319, 1.02685546875], [-0.007402773946523666, -0.03473715856671333, -0.9993690252304077, 1.5467607975006104], [-0.38297197222709656, -0.9230995178222656, 0.03492294251918793, -0.0985107421875], [0.0, 0.0, 0.0, 1.0]]], "view": [[0.0, -2.0, 100.0], [-2.0, 0.0, 100.0], [0.0, 0.0, 1.0]], "bev": "bev_aba3daeb0e974f00847851af8aa7e60e.png", "aux": "aux_aba3daeb0e974f00847851af8aa7e60e.npz", "visibility": "visibility_aba3daeb0e974f00847851af8aa7e60e.png", "pose": [[0.6327228546142578, -0.7743782997131348, 0.0, 1464.2978515625], [0.7743782997131348, 0.6327228546142578, 0.0, 1235.5150146484375], [0.0, 0.0, 1.0, 0.0], [0.0, 0.0, 0.0, 1.0]], "pose_inverse": [[0.6327228546142578, 0.7743782997131348, 0.0, -1883.250732421875], [-0.7743782997131348, 0.6327228546142578, 0.0, 352.1819152832031], [0.0, 0.0, 1.0, 0.0], [0.0, 0.0, 0.0, 1.0]], "cam_ids": [0, 1, 2, 3, 4, 5], "cam_channels": ["CAM_FRONT_LEFT", "CAM_FRONT", "CAM_FRONT_RIGHT", "CAM_BACK_LEFT", "CAM_BACK", "CAM_BACK_RIGHT"], "token": "aba3daeb0e974f00847851af8aa7e60e", "scene": "scene-0812"}, {"images": ["samples/CAM_FRONT_LEFT/n008-2018-09-18-15-26-58-0400__CAM_FRONT_LEFT__1537299105354799.jpg", "samples/CAM_FRONT/n008-2018-09-18-15-26-58-0400__CAM_FRONT__1537299105362404.jpg", "samples/CAM_FRONT_RIGHT/n008-2018-09-18-15-26-58-0400__CAM_FRONT_RIGHT__1537299105370482.jpg", "samples/CAM_BACK_LEFT/n008-2018-09-18-15-26-58-0400__CAM_BACK_LEFT__1537299105397405.jpg", "samples/CAM_BACK/n008-2018-09-18-15-26-58-0400__CAM_BACK__1537299105387558.jpg", "samples/CAM_BACK_RIGHT/n008-2018-09-18-15-26-58-0400__CAM_BACK_RIGHT__1537299105378113.jpg"], "intrinsics": [[[1257.8625342125129, 0.0, 827.2410631095686], [0.0, 1257.8625342125129, 450.915498205774], [0.0, 0.0, 1.0]], [[1252.8131021185304, 0.0, 826.588114781398], [0.0, 1252.8131021185304, 469.9846626224581], [0.0, 0.0, 1.0]], [[1256.7485116440405, 0.0, 817.7887570959712], [0.0, 1256.7485116440403, 451.9541780095127], [0.0, 0.0, 1.0]], [[1254.9860565800168, 0.0, 829.5769333630991], [0.0, 1254.9860565800168, 467.1680561863987], [0.0, 0.0, 1.0]], [[796.8910634503094, 0.0, 857.7774326863696], [0.0, 796.8910634503094, 476.8848988407415], [0.0, 0.0, 1.0]], [[1249.9629280788233, 0.0, 825.3768045375984], [0.0, 1249.9629280788233, 462.54816385708756], [0.0, 0.0, 1.0]]], "extrinsics": [[[0.8229705691337585, -0.5680593252182007, 0.00531631289049983, -0.75], [0.004004344809800386, -0.0035573372151702642, -0.9999856352806091, 1.4895362854003906], [0.5680699944496155, 0.8229799866676331, -0.0006528800586238503, -1.15966796875], [0.0, 0.0, 0.0, 1.0]], [[0.010834846645593643, -0.9999112486839294, 0.007756784558296204, 0.00958251953125], [0.006291599478572607, -0.007688914891332388, -0.999950647354126, 1.4817934036254883], [0.9999215006828308, 0.010883045382797718, 0.006207733415067196, -1.477783203125], [0.0, 0.0, 0.0, 1.0]], [[-0.8437803387641907, -0.5366772413253784, -0.0034964578226208687, 0.92041015625], [0.014570290222764015, -0.016394412145018578, -0.9997593760490417, 1.49603271484375], [0.5364908576011658, -0.8436283469200134, 0.021652827039361, -1.1683349609375], [0.0, 0.0, 0.0, 1.0]], [[0.9478275775909424, 0.3186219334602356, -0.010147957131266594, -1.125732421875], [-0.010294735431671143, -0.0012233227025717497, -0.9999462366104126, 1.5618476867675781], [-0.31861722469329834, 0.9478811621665955, 0.002120628487318754, -0.16229248046875], [0.0, 0.0, 0.0, 1.0]], [[0.009004524908959866, 0.9999203085899353, -0.008848078548908234, -0.0284423828125], [-0.008246777579188347, -0.008773875422775745, -0.9999274611473083, 1.5673542022705078], [-0.9999254941940308, 0.0090768588706851, 0.008167115971446037, -0.0418701171875], [0.0, 0.0, 0.0, 1.0]], [[-0.9238587617874146, 0.38264814019203186, -0.008073834702372551, 1.0216064453125], [-0.0043029491789639, -0.03147820383310318, -0.9994951486587524, 1.547182321548462], [-0.3827091157436371, -0.9233576655387878, 0.03072793409228325, -0.100738525390625], [0.0, 0.0, 0.0, 1.0]]], "view": [[0.0, -2.0, 100.0], [-2.0, 0.0, 100.0], [0.0, 0.0, 1.0]], "bev": "bev_75a9409f158946c7b4a6969a575a2d49.png", "aux": "aux_75a9409f158946c7b4a6969a575a2d49.npz", "visibility": "visibility_75a9409f158946c7b4a6969a575a2d49.png", "pose": [[0.6359788775444031, -0.7717064619064331, 0.0, 1466.4652099609375], [0.7717064619064331, 0.6359788775444031, 0.0, 1238.1163330078125], [0.0, 0.0, 1.0, 0.0], [0.0, 0.0, 0.0, 1.0]], "pose_inverse": [[0.6359788775444031, 0.7717064619064331, 0.0, -1888.103271484375], [-0.7717064619064331, 0.6359788775444031, 0.0, 344.2647705078125], [0.0, 0.0, 1.0, 0.0], [0.0, 0.0, 0.0, 1.0]], "cam_ids": [0, 1, 2, 3, 4, 5], "cam_channels": ["CAM_FRONT_LEFT", "CAM_FRONT", "CAM_FRONT_RIGHT", "CAM_BACK_LEFT", "CAM_BACK", "CAM_BACK_RIGHT"], "token": "75a9409f158946c7b4a6969a575a2d49", "scene": "scene-0812"}, {"images": ["samples/CAM_FRONT_LEFT/n008-2018-09-18-15-26-58-0400__CAM_FRONT_LEFT__1537299105854799.jpg", "samples/CAM_FRONT/n008-2018-09-18-15-26-58-0400__CAM_FRONT__1537299105862404.jpg", "samples/CAM_FRONT_RIGHT/n008-2018-09-18-15-26-58-0400__CAM_FRONT_RIGHT__1537299105870482.jpg", "samples/CAM_BACK_LEFT/n008-2018-09-18-15-26-58-0400__CAM_BACK_LEFT__1537299105897405.jpg", "samples/CAM_BACK/n008-2018-09-18-15-26-58-0400__CAM_BACK__1537299105887558.jpg", "samples/CAM_BACK_RIGHT/n008-2018-09-18-15-26-58-0400__CAM_BACK_RIGHT__1537299105878113.jpg"], "intrinsics": [[[1257.8625342125129, 0.0, 827.2410631095686], [0.0, 1257.8625342125129, 450.915498205774], [0.0, 0.0, 1.0]], [[1252.8131021185304, 0.0, 826.588114781398], [0.0, 1252.8131021185304, 469.9846626224581], [0.0, 0.0, 1.0]], [[1256.7485116440405, 0.0, 817.7887570959712], [0.0, 1256.7485116440403, 451.9541780095127], [0.0, 0.0, 1.0]], [[1254.9860565800168, 0.0, 829.5769333630991], [0.0, 1254.9860565800168, 467.1680561863987], [0.0, 0.0, 1.0]], [[796.8910634503094, 0.0, 857.7774326863696], [0.0, 796.8910634503094, 476.8848988407415], [0.0, 0.0, 1.0]], [[1249.9629280788233, 0.0, 825.3768045375984], [0.0, 1249.9629280788233, 462.54816385708756], [0.0, 0.0, 1.0]]], "extrinsics": [[[0.8228229284286499, -0.5682567358016968, -0.006838774308562279, -0.746337890625], [-0.01064654253423214, -0.0033820485696196556, -0.9999375939369202, 1.4849777221679688], [0.5681981444358826, 0.822844386100769, -0.008832799270749092, -1.15777587890625], [0.0, 0.0, 0.0, 1.0]], [[0.010821050964295864, -0.999913215637207, 0.007501799613237381, 0.0103759765625], [-0.008903887122869492, -0.007598294410854578, -0.9999315142631531, 1.4778594970703125], [0.9999018311500549, 0.010753540322184563, -0.008985335938632488, -1.473876953125], [0.0, 0.0, 0.0, 1.0]], [[-0.8437372446060181, -0.5366669297218323, 0.009799269028007984, 0.91796875], [-0.0011756746098399162, -0.016408657655119896, -0.9998646378517151, 1.4928523302078247], [0.5367550849914551, -0.8436346650123596, 0.01321365311741829, -1.1656494140625], [0.0, 0.0, 0.0, 1.0]], [[0.9475710391998291, 0.318419486284256, -0.0267985500395298, -1.126220703125], [-0.027675092220306396, -0.0017716530710458755, -0.9996153712272644, 1.5615196228027344], [-0.3183445334434509, 0.9479482769966125, 0.007133522070944309, -0.16229248046875], [0.0, 0.0, 0.0, 1.0]], [[0.008955148980021477, 0.9999166131019592, -0.009302121587097645, -0.028839111328125], [-0.025124017149209976, -0.009074567817151546, -0.999643087387085, 1.5658760070800781], [-0.9996442794799805, 0.009185625240206718, 0.025040660053491592, -0.0430908203125], [0.0, 0.0, 0.0, 1.0]], [[-0.9238634705543518, 0.3826597034931183, 0.00690825842320919, 1.018798828125], [-0.020564306527376175, -0.03160841763019562, -0.9992887377738953, 1.5447120666503906], [-0.3821691870689392, -0.9233484864234924, 0.037071000784635544, -0.100921630859375], [0.0, 0.0, 0.0, 1.0]]], "view": [[0.0, -2.0, 100.0], [-2.0, 0.0, 100.0], [0.0, 0.0, 1.0]], "bev": "bev_464e56093764462d947d7a3d181ba9b0.png", "aux": "aux_464e56093764462d947d7a3d181ba9b0.npz", "visibility": "visibility_464e56093764462d947d7a3d181ba9b0.png", "pose": [[0.6406118869781494, -0.7678648233413696, 0.0, 1468.6783447265625], [0.7678648233413696, 0.6406118869781494, 0.0, 1240.7415771484375], [0.0, 0.0, 1.0, 0.0], [0.0, 0.0, 0.0, 1.0]], "pose_inverse": [[0.6406118869781494, 0.7678648233413696, 0.0, -1893.5745849609375], [-0.7678648233413696, 0.6406118869781494, 0.0, 332.91265869140625], [0.0, 0.0, 1.0, 0.0], [0.0, 0.0, 0.0, 1.0]], "cam_ids": [0, 1, 2, 3, 4, 5], "cam_channels": ["CAM_FRONT_LEFT", "CAM_FRONT", "CAM_FRONT_RIGHT", "CAM_BACK_LEFT", "CAM_BACK", "CAM_BACK_RIGHT"], "token": "464e56093764462d947d7a3d181ba9b0", "scene": "scene-0812"}, {"images": ["samples/CAM_FRONT_LEFT/n008-2018-09-18-15-26-58-0400__CAM_FRONT_LEFT__1537299106354799.jpg", "samples/CAM_FRONT/n008-2018-09-18-15-26-58-0400__CAM_FRONT__1537299106362404.jpg", "samples/CAM_FRONT_RIGHT/n008-2018-09-18-15-26-58-0400__CAM_FRONT_RIGHT__1537299106370482.jpg", "samples/CAM_BACK_LEFT/n008-2018-09-18-15-26-58-0400__CAM_BACK_LEFT__1537299106397405.jpg", "samples/CAM_BACK/n008-2018-09-18-15-26-58-0400__CAM_BACK__1537299106387558.jpg", "samples/CAM_BACK_RIGHT/n008-2018-09-18-15-26-58-0400__CAM_BACK_RIGHT__1537299106378118.jpg"], "intrinsics": [[[1257.8625342125129, 0.0, 827.2410631095686], [0.0, 1257.8625342125129, 450.915498205774], [0.0, 0.0, 1.0]], [[1252.8131021185304, 0.0, 826.588114781398], [0.0, 1252.8131021185304, 469.9846626224581], [0.0, 0.0, 1.0]], [[1256.7485116440405, 0.0, 817.7887570959712], [0.0, 1256.7485116440403, 451.9541780095127], [0.0, 0.0, 1.0]], [[1254.9860565800168, 0.0, 829.5769333630991], [0.0, 1254.9860565800168, 467.1680561863987], [0.0, 0.0, 1.0]], [[796.8910634503094, 0.0, 857.7774326863696], [0.0, 796.8910634503094, 476.8848988407415], [0.0, 0.0, 1.0]], [[1249.9629280788233, 0.0, 825.3768045375984], [0.0, 1249.9629280788233, 462.54816385708756], [0.0, 0.0, 1.0]]], "extrinsics": [[[0.8231117129325867, -0.5678792595863342, 0.0005736328312195837, -0.748046875], [-0.0029008635319769382, -0.005214765202254057, -0.9999822378158569, 1.487414836883545], [0.5678721070289612, 0.8230953812599182, -0.005939675495028496, -1.16046142578125], [0.0, 0.0, 0.0, 1.0]], [[0.011172855272889137, -0.9998892545700073, 0.009831181727349758, 0.011505126953125], [-0.0005094639491289854, -0.009837486781179905, -0.9999514818191528, 1.4800664186477661], [0.9999374747276306, 0.01116728875786066, -0.0006193204317241907, -1.476318359375], [0.0, 0.0, 0.0, 1.0]], [[-0.8435937166213989, -0.536970317363739, 0.0035259537398815155, 0.9202880859375], [0.007935813628137112, -0.019032351672649384, -0.9997873902320862, 1.4947433471679688], [0.5369232892990112, -0.8433864116668701, 0.020316867157816887, -1.1656494140625], [0.0, 0.0, 0.0, 1.0]], [[0.9477452039718628, 0.31854596734046936, -0.017534546554088593, -1.1270751953125], [-0.016626380383968353, -0.005569934379309416, -0.9998462200164795, 1.5617485046386719], [-0.31859472393989563, 0.9478910565376282, 1.738936589390505e-05, -0.162109375], [0.0, 0.0, 0.0, 1.0]], [[0.008770804852247238, 0.999883770942688, -0.012466666288673878, -0.029388427734375], [-0.014610087499022484, -0.012337676249444485, -0.9998170733451843, 1.56681