[{"images": ["samples/CAM_FRONT_LEFT/n008-2018-09-18-13-41-50-0400__CAM_FRONT_LEFT__1537292943354799.jpg", "samples/CAM_FRONT/n008-2018-09-18-13-41-50-0400__CAM_FRONT__1537292943362404.jpg", "samples/CAM_FRONT_RIGHT/n008-2018-09-18-13-41-50-0400__CAM_FRONT_RIGHT__1537292943370482.jpg", "samples/CAM_BACK_LEFT/n008-2018-09-18-13-41-50-0400__CAM_BACK_LEFT__1537292943397405.jpg", "samples/CAM_BACK/n008-2018-09-18-13-41-50-0400__CAM_BACK__1537292943387558.jpg", "samples/CAM_BACK_RIGHT/n008-2018-09-18-13-41-50-0400__CAM_BACK_RIGHT__1537292943378113.jpg"], "intrinsics": [[[1257.8625342125129, 0.0, 827.2410631095686], [0.0, 1257.8625342125129, 450.915498205774], [0.0, 0.0, 1.0]], [[1252.8131021185304, 0.0, 826.588114781398], [0.0, 1252.8131021185304, 469.9846626224581], [0.0, 0.0, 1.0]], [[1256.7485116440405, 0.0, 817.7887570959712], [0.0, 1256.7485116440403, 451.9541780095127], [0.0, 0.0, 1.0]], [[1254.9860565800168, 0.0, 829.5769333630991], [0.0, 1254.9860565800168, 467.1680561863987], [0.0, 0.0, 1.0]], [[796.8910634503094, 0.0, 857.7774326863696], [0.0, 796.8910634503094, 476.8848988407415], [0.0, 0.0, 1.0]], [[1249.9629280788233, 0.0, 825.3768045375984], [0.0, 1249.9629280788233, 462.54816385708756], [0.0, 0.0, 1.0]]], "extrinsics": [[[0.8284216523170471, -0.5600917935371399, 0.0038444893434643745, -0.869384765625], [0.02284328266978264, 0.026927338913083076, -0.9993763566017151, 1.4920120239257812], [0.5596388578414917, 0.827992856502533, 0.035101525485515594, -1.2423095703125], [0.0, 0.0, 0.0, 1.0]], [[0.019199471920728683, -0.9995734691619873, -0.022004390135407448, 0.0084228515625], [0.024927079677581787, 0.022480163723230362, -0.9994364976882935, 1.4835205078125], [0.9995048642158508, 0.018640149384737015, 0.025348056107759476, -1.5998458862304688], [0.0, 0.0, 0.0, 1.0]], [[-0.8398911356925964, -0.5416170954704285, -0.035124097019433975, 1.00244140625], [0.03311903774738312, 0.013450942933559418, -0.9993608593940735, 1.4965457916259766], [0.5417434573173523, -0.8405176401138306, 0.006640509702265263, -1.22021484375], [0.0, 0.0, 0.0, 1.0]], [[0.9475806951522827, 0.319108247756958, 0.016146643087267876, -1.13665771484375], [0.007790149189531803, 0.027446091175079346, -0.9995929598808289, 1.5620956420898438], [-0.31942152976989746, 0.9473207592964172, 0.023521486669778824, -0.158935546875], [0.0, 0.0, 0.0, 1.0]], [[0.006096209865063429, 0.9997760057449341, 0.02026716247200966, -0.0289306640625], [0.010034190490841866, 0.020205358043313026, -0.9997454285621643, 1.5684928894042969], [-0.9999309778213501, 0.006298005115240812, -0.009908768348395824, 0.00067138671875], [0.0, 0.0, 0.0, 1.0]], [[-0.9255191683769226, 0.3784424662590027, -0.013979132287204266, 1.0888671875], [0.014245638623833656, -0.002095617353916168, -0.9998962879180908, 1.5489165782928467], [-0.3784325122833252, -0.9256224036216736, -0.00345161953009665, -0.072509765625], [0.0, 0.0, 0.0, 1.0]]], "view": [[0.0, -2.0, 100.0], [-2.0, 0.0, 100.0], [0.0, 0.0, 1.0]], "bev": "bev_ad4b2f2f60084f479261bfce1448af5e.png", "aux": "aux_ad4b2f2f60084f479261bfce1448af5e.npz", "visibility": "visibility_ad4b2f2f60084f479261bfce1448af5e.png", "pose": [[-0.7845286726951599, -0.620092511177063, 0.0, 1192.6390380859375], [0.620092511177063, -0.7845286726951599, 0.0, 1393.3212890625], [0.0, 0.0, 1.0, 0.0], [0.0, 0.0, 0.0, 1.0]], "pose_inverse": [[-0.7845286726951599, 0.620092511177063, 0.0, 71.67138671875], [-0.620092511177063, -0.7845286726951599, 0.0, 1832.6470947265625], [0.0, 0.0, 1.0, 0.0], [0.0, 0.0, 0.0, 1.0]], "cam_ids": [0, 1, 2, 3, 4, 5], "cam_channels": ["CAM_FRONT_LEFT", "CAM_FRONT", "CAM_FRONT_RIGHT", "CAM_BACK_LEFT", "CAM_BACK", "CAM_BACK_RIGHT"], "token": "ad4b2f2f60084f479261bfce1448af5e", "scene": "scene-0594"}, {"images": ["samples/CAM_FRONT_LEFT/n008-2018-09-18-13-41-50-0400__CAM_FRONT_LEFT__1537292943854799.jpg", "samples/CAM_FRONT/n008-2018-09-18-13-41-50-0400__CAM_FRONT__1537292943862404.jpg", "samples/CAM_FRONT_RIGHT/n008-2018-09-18-13-41-50-0400__CAM_FRONT_RIGHT__1537292943870482.jpg", "samples/CAM_BACK_LEFT/n008-2018-09-18-13-41-50-0400__CAM_BACK_LEFT__1537292943897405.jpg", "samples/CAM_BACK/n008-2018-09-18-13-41-50-0400__CAM_BACK__1537292943887558.jpg", "samples/CAM_BACK_RIGHT/n008-2018-09-18-13-41-50-0400__CAM_BACK_RIGHT__1537292943878113.jpg"], "intrinsics": [[[1257.8625342125129, 0.0, 827.2410631095686], [0.0, 1257.8625342125129, 450.915498205774], [0.0, 0.0, 1.0]], [[1252.8131021185304, 0.0, 826.588114781398], [0.0, 1252.8131021185304, 469.9846626224581], [0.0, 0.0, 1.0]], [[1256.7485116440405, 0.0, 817.7887570959712], [0.0, 1256.7485116440403, 451.9541780095127], [0.0, 0.0, 1.0]], [[1254.9860565800168, 0.0, 829.5769333630991], [0.0, 1254.9860565800168, 467.1680561863987], [0.0, 0.0, 1.0]], [[796.8910634503094, 0.0, 857.7774326863696], [0.0, 796.8910634503094, 476.8848988407415], [0.0, 0.0, 1.0]], [[1249.9629280788233, 0.0, 825.3768045375984], [0.0, 1249.9629280788233, 462.54816385708756], [0.0, 0.0, 1.0]]], "extrinsics": [[[0.8288633823394775, -0.5594509840011597, -0.000495126994792372, -0.8538818359375], [0.019093835726380348, 0.029173260554671288, -0.9993919730186462, 1.4918060302734375], [0.5591251850128174, 0.8283499479293823, 0.0348627083003521, -1.2305908203125], [0.0, 0.0, 0.0, 1.0]], [[0.01967380754649639, -0.9995116591453552, -0.02427729032933712, 0.0076904296875], [0.02129671908915043, 0.02469542622566223, -0.9994681477546692, 1.4833946228027344], [0.9995795488357544, 0.019146306440234184, 0.021772174164652824, -1.583709716796875], [0.0, 0.0, 0.0, 1.0]], [[-0.839837908744812, -0.5418151617050171, -0.03329665586352348, 0.99200439453125], [0.029514344409108162, 0.0156710222363472, -0.9994415044784546, 1.4965400695800781], [0.5420343279838562, -0.8403515219688416, 0.0028302010614424944, -1.2142333984375], [0.0, 0.0, 0.0, 1.0]], [[0.9476286172866821, 0.31909307837486267, 0.0134068438783288, -1.13604736328125], [0.004160018637776375, 0.029642395675182343, -0.9995518922805786, 1.5620689392089844], [-0.3193475008010864, 0.9472596645355225, 0.026762546971440315, -0.158935546875], [0.0, 0.0, 0.0, 1.0]], [[0.006076935678720474, 0.9997294545173645, 0.022450091317296028, -0.0283203125], [0.006237811874598265, 0.022412167862057686, -0.999729335308075, 1.5683670043945312], [-0.9999620914459229, 0.006215338595211506, -0.006099928170442581, -0.004119873046875], [0.0, 0.0, 0.0, 1.0]], [[-0.9256347417831421, 0.378292977809906, -0.009730360470712185, 1.08087158203125], [0.010565587319433689, 0.00013232341734692454, -0.9999441504478455, 1.5487239360809326], [-0.37827053666114807, -0.9256859421730042, -0.00411936966702342, -0.076416015625], [0.0, 0.0, 0.0, 1.0]]], "view": [[0.0, -2.0, 100.0], [-2.0, 0.0, 100.0], [0.0, 0.0, 1.0]], "bev": "bev_f69cee4a000d4cd1b935f822f348b5cd.png", "aux": "aux_f69cee4a000d4cd1b935f822f348b5cd.npz", "visibility": "visibility_f69cee4a000d4cd1b935f822f348b5cd.png", "pose": [[-0.704955518245697, -0.7092515230178833, 0.0, 1191.2022705078125], [0.7092515230178833, -0.704955518245697, 0.0, 1394.6168212890625], [0.0, 0.0, 1.0, 0.0], [0.0, 0.0, 0.0, 1.0]], "pose_inverse": [[-0.704955518245697, 0.7092515230178833, 0.0, -149.3895263671875], [-0.7092515230178833, -0.704955518245697, 0.0, 1828.0048828125], [0.0, 0.0, 1.0, 0.0], [0.0, 0.0, 0.0, 1.0]], "cam_ids": [0, 1, 2, 3, 4, 5], "cam_channels": ["CAM_FRONT_LEFT", "CAM_FRONT", "CAM_FRONT_RIGHT", "CAM_BACK_LEFT", "CAM_BACK", "CAM_BACK_RIGHT"], "token": "f69cee4a000d4cd1b935f822f348b5cd", "scene": "scene-0594"}, {"images": ["samples/CAM_FRONT_LEFT/n008-2018-09-18-13-41-50-0400__CAM_FRONT_LEFT__1537292944354799.jpg", "samples/CAM_FRONT/n008-2018-09-18-13-41-50-0400__CAM_FRONT__1537292944362404.jpg", "samples/CAM_FRONT_RIGHT/n008-2018-09-18-13-41-50-0400__CAM_FRONT_RIGHT__1537292944370482.jpg", "samples/CAM_BACK_LEFT/n008-2018-09-18-13-41-50-0400__CAM_BACK_LEFT__1537292944397405.jpg", "samples/CAM_BACK/n008-2018-09-18-13-41-50-0400__CAM_BACK__1537292944387558.jpg", "samples/CAM_BACK_RIGHT/n008-2018-09-18-13-41-50-0400__CAM_BACK_RIGHT__1537292944378113.jpg"], "intrinsics": [[[1257.8625342125129, 0.0, 827.2410631095686], [0.0, 1257.8625342125129, 450.915498205774], [0.0, 0.0, 1.0]], [[1252.8131021185304, 0.0, 826.588114781398], [0.0, 1252.8131021185304, 469.9846626224581], [0.0, 0.0, 1.0]], [[1256.7485116440405, 0.0, 817.7887570959712], [0.0, 1256.7485116440403, 451.9541780095127], [0.0, 0.0, 1.0]], [[1254.9860565800168, 0.0, 829.5769333630991], [0.0, 1254.9860565800168, 467.1680561863987], [0.0, 0.0, 1.0]], [[796.8910634503094, 0.0, 857.7774326863696], [0.0, 796.8910634503094, 476.8848988407415], [0.0, 0.0, 1.0]], [[1249.9629280788233, 0.0, 825.3768045375984], [0.0, 1249.9629280788233, 462.54816385708756], [0.0, 0.0, 1.0]]], "extrinsics": [[[0.8289926648139954, -0.5591267347335815, -0.012181061320006847, -0.8502197265625], [0.006101940292865038, 0.030822189524769783, -0.9995062947273254, 1.4894599914550781], [0.5592261552810669, 0.8285090923309326, 0.028963128104805946, -1.22802734375], [0.0, 0.0, 0.0, 1.0]], [[0.019766392186284065, -0.9994438290596008, -0.026857033371925354, 0.008056640625], [0.00794908870011568, 0.027018532156944275, -0.9996033310890198, 1.481414794921875], [0.9997730255126953, 0.01954510062932968, 0.008478726260364056, -1.578948974609375], [0.0, 0.0, 0.0, 1.0]], [[-0.8399585485458374, -0.542143702507019, -0.023447198793292046, 0.9876708984375], [0.0158515777438879, 0.018676768988370895, -0.9996998906135559, 1.4950180053710938], [0.5424189567565918, -0.8400782346725464, -0.007093879859894514, -1.21142578125], [0.0, 0.0, 0.0, 1.0]], [[0.9476723074913025, 0.31924188137054443, 0.0013059263583272696, -1.1341705322265625], [-0.010269438847899437, 0.034572962671518326, -0.9993494153022766, 1.5619277954101562], [-0.31907936930656433, 0.9470424056053162, 0.03604227676987648, -0.1595458984375], [0.0, 0.0, 0.0, 1.0]], [[0.006104393862187862, 0.9996243119239807, 0.026724055409431458, -0.028564453125], [-0.007843457162380219, 0.02677159383893013, -0.9996107816696167, 1.567657470703125], [-0.999950647354126, 0.005892424378544092, 0.008003934286534786, -0.007537841796875], [0.0, 0.0, 0.0, 1.0]], [[-0.9258427619934082, 0.37788212299346924, 0.004497768357396126, 1.07666015625], [-0.0033266632817685604, 0.0037518192548304796, -0.9999874234199524, 1.5475115776062012], [-0.3778942823410034, -0.9258461594581604, -0.002216506749391556, -0.078125], [0.0, 0.0, 0.0, 1.0]]], "view": [[0.0, -2.0, 100.0], [-2.0, 0.0, 100.0], [0.0, 0.0, 1.0]], "bev": "bev_f18e90fc4e8a4541b292767df839b02c.png", "aux": "aux_f18e90fc4e8a4541b292767df839b02c.npz", "visibility": "visibility_f18e90fc4e8a4541b292767df839b02c.png", "pose": [[-0.6128442287445068, -0.7902037501335144, 0.0, 1189.81982421875], [0.7902037501335144, -0.6128442287445068, 0.0, 1396.18798828125], [0.0, 0.0, 1.0, 0.0], [0.0, 0.0, 0.0, 1.0]], "pose_inverse": [[-0.6128442287445068, 0.7902037501335144, 0.0, -374.0987548828125], [-0.7902037501335144, -0.6128442287445068, 0.0, 1795.8458251953125], [0.0, 0.0, 1.0, 0.0], [0.0, 0.0, 0.0, 1.0]], "cam_ids": [0, 1, 2, 3, 4, 5], "cam_channels": ["CAM_FRONT_LEFT", "CAM_FRONT", "CAM_FRONT_RIGHT", "CAM_BACK_LEFT", "CAM_BACK", "CAM_BACK_RIGHT"], "token": "f18e90fc4e8a4541b292767df839b02c", "scene": "scene-0594"}, {"images": ["samples/CAM_FRONT_LEFT/n008-2018-09-18-13-41-50-0400__CAM_FRONT_LEFT__1537292944854814.jpg", "samples/CAM_FRONT/n008-2018-09-18-13-41-50-0400__CAM_FRONT__1537292944862404.jpg", "samples/CAM_FRONT_RIGHT/n008-2018-09-18-13-41-50-0400__CAM_FRONT_RIGHT__1537292944870482.jpg", "samples/CAM_BACK_LEFT/n008-2018-09-18-13-41-50-0400__CAM_BACK_LEFT__1537292944897405.jpg", "samples/CAM_BACK/n008-2018-09-18-13-41-50-0400__CAM_BACK__1537292944887558.jpg", "samples/CAM_BACK_RIGHT/n008-2018-09-18-13-41-50-0400__CAM_BACK_RIGHT__1537292944878113.jpg"], "intrinsics": [[[1257.8625342125129, 0.0, 827.2410631095686], [0.0, 1257.8625342125129, 450.915498205774], [0.0, 0.0, 1.0]], [[1252.8131021185304, 0.0, 826.588114781398], [0.0, 1252.8131021185304, 469.9846626224581], [0.0, 0.0, 1.0]], [[1256.7485116440405, 0.0, 817.7887570959712], [0.0, 1256.7485116440403, 451.9541780095127], [0.0, 0.0, 1.0]], [[1254.9860565800168, 0.0, 829.5769333630991], [0.0, 1254.9860565800168, 467.1680561863987], [0.0, 0.0, 1.0]], [[796.8910634503094, 0.0, 857.7774326863696], [0.0, 796.8910634503094, 476.8848988407415], [0.0, 0.0, 1.0]], [[1249.9629280788233, 0.0, 825.3768045375984], [0.0, 1249.9629280788233, 462.54816385708756], [0.0, 0.0, 1.0]]], "extrinsics": [[[0.8301746845245361, -0.5571135878562927, -0.020845510065555573, -0.840576171875], [-0.004218415357172489, 0.03111252561211586, -0.999506950378418, 1.4875106811523438], [0.5574874877929688, 0.8298532962799072, 0.023478692397475243, -1.2208251953125], [0.0, 0.0, 0.0, 1.0]], [[0.021516520529985428, -0.9993968605995178, -0.027256755158305168, 0.0078125], [-0.002273902064189315, 0.02721407637000084, -0.9996270537376404, 1.4798240661621094], [0.999765932559967, 0.021570462733507156, -0.0016869781538844109, -1.56842041015625], [0.0, 0.0, 0.0, 1.0]], [[-0.8392823338508606, -0.5434874296188354, -0.015056231059134007, 0.9801025390625], [0.005769442301243544, 0.01878816820681095, -0.999806821346283, 1.4938468933105469], [0.5436652898788452, -0.8392070531845093, -0.01263295765966177, -1.2071533203125], [0.0, 0.0, 0.0, 1.0]], [[0.947549045085907, 0.31951746344566345, -0.0077181714586913586, -1.1320724487304688], [-0.019756754860281944, 0.03445323556661606, -0.9992109537124634, 1.561767578125], [-0.3189994692802429, 0.9469538331031799, 0.038958750665187836, -0.1607666015625], [0.0, 0.0, 0.0, 1.0]], [[0.005579759366810322, 0.9996306300163269, 0.0265976432710886, -0.0279541015625], [-0.017611412331461906, 0.026692165061831474, -0.9994885325431824, 1.5670738220214844], [-0.9998293519020081, 0.005108520854264498, 0.0177538450807333, -0.01239013671875], [0.0, 0.0, 0.0, 1.0]], [[-0.9262158870697021, 0.3767453134059906, 0.013679949566721916, 1.070068359375], [-0.013241559267044067, 0.0037535009905695915, -0.9999052882194519, 1.546518325805664], [-0.37676092982292175, -0.9263092875480652, 0.0015121429460123181, -0.0811767578125], [0.0, 0.0, 0.0, 1.0]]], "view": [[0.0, -2.0, 100.0], [-2.0, 0.0, 100.0], [0.0, 0.0, 1.0]], "bev": "bev_e541111901544e30939cb1a2988d5b3f.png", "aux": "aux_e541111901544e30939cb1a2988d5b3f.npz", "visibility": "visibility_e541111901544e30939cb1a2988d5b3f.png", "pose": [[-0.498328298330307, -0.8669884204864502, 0.0, 1188.63720703125], [0.8669884204864502, -0.498328298330307, 0.0, 1397.9481201171875], [0.0, 0.0, 1.0, 0.0], [0.0, 0.0, 0.0, 1.0]], "pose_inverse": [[-0.498328298330307, 0.8669884204864502, 0.0, -619.6732788085938], [-0.8669884204864502, -0.498328298330307, 0.0, 1727.1717529296875], [0.0, 0.0, 1.0, 0.0], [0.0, 0.0, 0.0, 1.0]], "cam_ids": [0, 1, 2, 3, 4, 5], "cam_channels": ["CAM_FRONT_LEFT", "CAM_FRONT", "CAM_FRONT_RIGHT", "CAM_BACK_LEFT", "CAM_BACK", "CAM_BACK_RIGHT"], "token": "e541111901544e30939cb1a2988d5b3f", "scene": "scene-0594"}, {"images": ["samples/CAM_FRONT_LEFT/n008-2018-09-18-13-41-50-0400__CAM_FRONT_LEFT__1537292945354799.jpg", "samples/CAM_FRONT/n008-2018-09-18-13-41-50-0400__CAM_FRONT__1537292945362404.jpg", "samples/CAM_FRONT_RIGHT/n008-2018-09-18-13-41-50-0400__CAM_FRONT_RIGHT__1537292945370482.jpg", "samples/CAM_BACK_LEFT/n008-2018-09-18-13-41-50-0400__CAM_BACK_LEFT__1537292945397408.jpg", "samples/CAM_BACK/n008-2018-09-18-13-41-50-0400__CAM_BACK__1537292945387558.jpg", "samples/CAM_BACK_RIGHT/n008-2018-09-18-13-41-50-0400__CAM_BACK_RIGHT__1537292945378113.jpg"], "intrinsics": [[[1257.8625342125129, 0.0, 827.2410631095686], [0.0, 1257.8625342125129, 450.915498205774], [0.0, 0.0, 1.0]], [[1252.8131021185304, 0.0, 826.588114781398], [0.0, 1252.8131021185304, 469.9846626224581], [0.0, 0.0, 1.0]], [[1256.7485116440405, 0.0, 817.7887570959712], [0.0, 1256.7485116440403, 451.9541780095127], [0.0, 0.0, 1.0]], [[1254.9860565800168, 0.0, 829.5769333630991], [0.0, 1254.9860565800168, 467.1680561863987], [0.0, 0.0, 1.0]], [[796.8910634503094, 0.0, 857.7774326863696], [0.0, 796.8910634503094, 476.8848988407415], [0.0, 0.0, 1.0]], [[1249.9629280788233, 0.0, 825.3768045375984], [0.0, 1249.9629280788233, 462.54816385708756], [0.0, 0.0, 1.0]]], "extrinsics": [[[0.8312510848045349, -0.555491030216217, -0.021244119852781296, -0.83154296875], [-0.0077924225479364395, 0.02656841091811657, -0.9996166229248047, 1.4867095947265625], [0.5558424592018127, 0.8310979604721069, 0.017756400629878044, -1.21514892578125], [0.0, 0.0, 0.0, 1.0]], [[0.023296143859624863, -0.9994701743125916, -0.02272791974246502, 0.00830078125], [-0.005565177649259567, 0.022604087367653847, -0.9997290372848511, 1.4792137145996094], [0.999713122844696, 0.023416345939040184, -0.005035639274865389, -1.5594482421875], [0.0, 0.0, 0.0, 1.0]], [[-0.8384232521057129, -0.5449276566505432, -0.010004554875195026, 0.9743270874023438], [0.002741382922977209, 0.014139632694423199, -0.999896228313446, 1.493459701538086], [0.5450125932693481, -0.838363766670227, -0.0103611433878541, -1.20263671875], [0.0, 0.0, 0.0, 1.0]], [[0.9474123120307922, 0.31980666518211365, -0.0115559296682477, -1.130279541015625], [-0.02215730771422386, 0.02953052520751953, -0.9993182420730591, 1.5616836547851562], [-0.31924736499786377, 0.947022557258606, 0.03506363928318024, -0.161865234375], [0.0, 0.0, 0.0, 1.0]], [[0.004767096135765314, 0.9997512102127075, 0.021788494661450386, -0.0283203125], [-0.020193396136164665, 0.021880540996789932, -0.9995566010475159, 1.5668373107910156], [-0.9997847080230713, 0.004324988927692175, 0.020292680710554123, -0.0164794921875], [0.0, 0.0, 0.0, 1.0]], [[-0.9266833662986755, 0.37556272745132446, 0.014506543055176735, 1.064697265625], [-0.016044981777668, -0.0009690715814940631, -0.999870777130127, 1.5461483001708984], [-0.3755001127719879, -0.9267963767051697, 0.006923919077962637, -0.0828857421875], [0.0, 0.0, 0.0, 1.0]]], "view": [[0.0, -2.0, 100.0], [-2.0, 0.0, 100.0], [0.0, 0.0, 1.0]], "bev": "bev_6a12e3eed1c9406fb21a61832d6b86d9.png", "aux": "aux_6a12e3eed1c9406fb21a61832d6b86d9.npz", "visibility": "visibility_6a12e3eed1c9406fb21a61832d6b86d9.png", "pose": [[-0.3506227433681488, -0.9365167617797852, 0.0, 1187.6785888671875], [0.9365167617797852, -0.3506227433681488, 0.0, 1399.9854736328125], [0.0, 0.0, 1.0, 0.0], [0.0, 0.0, 0.0, 1.0]], "pose_inverse": [[-0.3506227433681488, 0.9365167617797852, 0.0, -894.6827392578125], [-0.9365167617797852, -0.3506227433681488, 0.0, 1603.147705078125], [0.0, 0.0, 1.0, 0.0], [0.0, 0.0, 0.0, 1.0]], "cam_ids": [0, 1, 2, 3, 4, 5], "cam_channels": ["CAM_FRONT_LEFT", "CAM_FRONT", "CAM_FRONT_RIGHT", "CAM_BACK_LEFT", "CAM_BACK", "CAM_BACK_RIGHT"], "token": "6a12e3eed1c9406fb21a61832d6b86d9", "scene": "scene-0594"}, {"images": ["samples/CAM_FRONT_LEFT/n008-2018-09-18-13-41-50-0400__CAM_FRONT_LEFT__1537292945854799.jpg", "samples/CAM_FRONT/n008-2018-09-18-13-41-50-0400__CAM_FRONT__1537292945862404.jpg", "samples/CAM_FRONT_RIGHT/n008-2018-09-18-13-41-50-0400__CAM_FRONT_RIGHT__1537292945870482.jpg", "samples/CAM_BACK_LEFT/n008-2018-09-18-13-41-50-0400__CAM_BACK_LEFT__1537292945897405.jpg", "samples/CAM_BACK/n008-2018-09-18-13-41-50-0400__CAM_BACK__1537292945887558.jpg", "samples/CAM_BACK_RIGHT/n008-2018-09-18-13-41-50-0400__CAM_BACK_RIGHT__1537292945878113.jpg"], "intrinsics": [[[1257.8625342125129, 0.0, 827.2410631095686], [0.0, 1257.8625342125129, 450.915498205774], [0.0, 0.0, 1.0]], [[1252.8131021185304, 0.0, 826.588114781398], [0.0, 1252.8131021185304, 469.9846626224581], [0.0, 0.0, 1.0]], [[1256.7485116440405, 0.0, 817.7887570959712], [0.0, 1256.7485116440403, 451.9541780095127], [0.0, 0.0, 1.0]], [[1254.9860565800168, 0.0, 829.5769333630991], [0.0, 1254.9860565800168, 467.1680561863987], [0.0, 0.0, 1.0]], [[796.8910634503094, 0.0, 857.7774326863696], [0.0, 796.8910634503094, 476.8848988407415], [0.0, 0.0, 1.0]], [[1249.9629280788233, 0.0, 825.3768045375984], [0.0, 1249.9629280788233, 462.54816385708756], [0.0, 0.0, 1.0]]], "extrinsics": [[[0.8321384191513062, -0.5543692111968994, -0.014843549579381943, -0.8204345703125], [-0.0024157846346497536, 0.023142093792557716, -0.9997292160987854, 1.4877738952636719], [0.5545626282691956, 0.83194899559021, 0.017918186262249947, -1.20941162109375], [0.0, 0.0, 0.0, 1.0]], [[0.024569524452090263, -0.9995096921920776, -0.019408419728279114, 0.0096435546875], [-0.0005823971587233245, 0.019399967044591904, -0.9998116493225098, 1.480062484741211], [0.9996978640556335, 0.024576198309659958, -0.00010546270641498268, -1.5487060546875], [0.0, 0.0, 0.0, 1.0]], [[-0.8378802537918091, -0.5457155704498291, -0.012291635386645794, 0.96673583984375], [0.007459629792720079, 0.011068517342209816, -0.9999108910560608, 1.494173526763916], [0.5458030104637146, -0.8378973007202148, -0.005203257780522108, -1.19677734375], [0.0, 0.0, 0.0, 1.0]], [[0.947303831577301, 0.3202207088470459, -0.0086048673838377, -1.12493896484375], [-0.018051395192742348, 0.026543324813246727, -0.999484658241272, 1.5616378784179688], [-0.3198273181915283, 0.9469709992408752, 0.030925026163458824, -0.1639404296875], [0.0, 0.0, 0.0, 1.0]], [[0.0040993173606693745, 0.9998144507408142, 0.018818272277712822, -0.028564453125], [-0.015696022659540176, 0.018880445510149002, -0.9996984601020813, 1.5670013427734375], [-0.9998683929443359, 0.003802712308242917, 0.015770507976412773, -0.023193359375], [0.0, 0.0, 0.0, 1.0]], [[-0.9270071983337402, 0.3749336004257202, 0.009071224369108677, 1.056884765625], [-0.011410079896450043, -0.004018488805741072, -0.9999268054962158, 1.5465364456176758], [-0.3748697340488434, -0.9270429015159607, 0.008003192022442818, -0.08544921875], [0.0, 0.0, 0.0, 1.0]]], "view": [[0.0, -2.0, 100.0], [-2.0, 0.0, 100.0], [0.0, 0.0, 1.0]], "bev": "bev_733295ca0d904dc58dc3e2fc1244b3e6.png", "aux": "aux_733295ca0d904dc58dc3e2fc1244b3e6.npz", "visibility": "visibility_733295ca0d904dc58dc3e2fc1244b3e6.png", "pose": [[-0.17735014855861664, -0.9841477870941162, 0.0, 1187.0662841796875], [0.9841477870941162, -0.17735014855861664, 0.0, 1402.2354736328125], [0.0, 0.0, 1.0, 0.0], [0.0, 0.0, 0.0, 1.0]], "pose_inverse": [[-0.17735014855861664, 0.9841477870941162, 0.0, -1169.4805908203125], [-0.9841477870941162, -0.17735014855861664, 0.0, 1416.9354248046875], [0.0, 0.0, 1.0, 0.0], [0.0, 0.0, 0.0, 1.0]], "cam_ids": [0, 1, 2, 3, 4, 5], "cam_channels": ["CAM_FRONT_LEFT", "CAM_FRONT", "CAM_FRONT_RIGHT", "CAM_BACK_LEFT", "CAM_BACK", "CAM_BACK_RIGHT"], "token": "733295ca0d904dc58dc3e2fc1244b3e6", "scene": "scene-0594"}, {"images": ["samples/CAM_FRONT_LEFT/n008-2018-09-18-13-41-50-0400__CAM_FRONT_LEFT__1537292946354833.jpg", "samples/CAM_FRONT/n008-2018-09-18-13-41-50-0400__CAM_FRONT__1537292946362404.jpg", "samples/CAM_FRONT_RIGHT/n008-2018-09-18-13-41-50-0400__CAM_FRONT_RIGHT__1537292946370482.jpg", "samples/CAM_BACK_LEFT/n008-2018-09-18-13-41-50-0400__CAM_BACK_LEFT__1537292946397405.jpg", "samples/CAM_BACK/n008-2018-09-18-13-41-50-0400__CAM_BACK__1537292946387558.jpg", "samples/CAM_BACK_RIGHT/n008-2018-09-18-13-41-50-0400__CAM_BACK_RIGHT__1537292946378113.jpg"], "intrinsics": [[[1257.8625342125129, 0.0, 827.2410631095686], [0.0, 1257.8625342125129, 450.915498205774], [0.0, 0.0, 1.0]], [[1252.8131021185304, 0.0, 826.588114781398], [0.0, 1252.8131021185304, 469.9846626224581], [0.0, 0.0, 1.0]], [[1256.7485116440405, 0.0, 817.7887570959712], [0.0, 1256.7485116440403, 451.9541780095127], [0.0, 0.0, 1.0]], [[1254.9860565800168, 0.0, 829.5769333630991], [0.0, 1254.9860565800168, 467.1680561863987], [0.0, 0.0, 1.0]], [[796.8910634503094, 0.0, 857.7774326863696], [0.0, 796.8910634503094, 476.8848988407415], [0.0, 0.0, 1.0]], [[1249.9629280788233, 0.0, 825.3768045375984], [0.0, 1249.9629280788233, 462.54816385708756], [0.0, 0.0, 1.0]]], "extrinsics": [[[0.8323951959609985, -0.5540024638175964, -0.014130597934126854, -0.81396484375], [-0.004947484936565161, 0.018068257719278336, -0.9998244643211365, 1.4872055053710938], [0.554160475730896, 0.8323189616203308, 0.0122990095987916, -1.202545166015625], [0.0, 0.0, 0.0, 1.0]], [[0.025029724463820457, -0.9995861649513245, -0.014180675148963928, 0.0079345703125], [-0.0030461393762379885, 0.014108794741332531, -0.9998958110809326, 1.4796066284179688], [0.9996821284294128, 0.02507031336426735, -0.0026917404029518366, -1.540283203125], [0.0, 0.0, 0.0, 1.0]], [[-0.8376544117927551, -0.5461528897285461, -0.007234686054289341, 0.9600830078125], [0.0049774846993386745, 0.005612115375697613, -0.9999718070030212, 1.4938528537750244], [0.5461780428886414, -0.8376668095588684, -0.0019825466442853212, -1.1942138671875], [0.0, 0.0, 0.0, 1.0]], [[0.9472518563270569, 0.3202110528945923, -0.013374489732086658, -1.12432861328125], [-0.02114182710647583, 0.020792614668607712, -0.9995602369308472, 1.5615730285644531], [-0.31979215145111084, 0.9471180438995361, 0.02646568790078163, -0.163818359375], [0.0, 0.0, 0.0, 1.0]], [[0.003922489006072283, 0.999906063079834, 0.013133996166288853, -0.02783203125], [-0.01881926879286766, 0.01320558413863182, -0.9997356534004211, 1.5667381286621094], [-0.9998152256011963, 0.0036742789670825005, 0.018869299441576004, -0.0262451171875], [0.0, 0.0, 0.0, 1.0]], [[-0.9271236062049866, 0.3746364414691925, 0.009458073414862156, 1.0521240234375], [-0.014072573743760586, -0.00958345364779234, -0.9998550415039062, 1.5461492538452148], [-0.37449145317077637, -0.9271222949028015, 0.014157143421471119, -0.08856201171875], [0.0, 0.0, 0.0, 1.0]]], "view": [[0.0, -2.0, 100.0], [-2.0, 0.0, 100.0], [0.0, 0.0, 1.0]], "bev": "bev_0cdfec394c264b6c93571a2195877d62.png", "aux": "aux_0cdfec394c264b6c93571a2195877d62.npz", "visibility": "visibility_0cdfec394c264b6c93571a2195877d62.png", "pose": [[0.0048379553481936455, -0.999988317489624, 0.0, 1186.8651123046875], [0.999988317489624, 0.0048379553481936455, 0.0, 1404.5963134765625], [0.0, 0.0, 1.0, 0.0], [0.0, 0.0, 0.0, 1.0]], "pose_inverse": [[0.0048379553481936455, 0.999988317489624, 0.0, -1410.3218994140625], [-0.999988317489624, 0.0048379553481936455, 0.0, 1180.055908203125], [0.0, 0.0, 1.0, 0.0], [0.0, 0.0, 0.0, 1.0]], "cam_ids": [0, 1, 2, 3, 4, 5], "cam_channels": ["CAM_FRONT_LEFT", "CAM_FRONT", "CAM_FRONT_RIGHT", "CAM_BACK_LEFT", "CAM_BACK", "CAM_BACK_RIGHT"], "token": "0cdfec394c264b6c93571a2195877d62", "scene": "scene-0594"}, {"images": ["samples/CAM_FRONT_LEFT/n008-2018-09-18-13-41-50-0400__CAM_FRONT_LEFT__1537292946904799.jpg", "samples/CAM_FRONT/n008-2018-09-18-13-41-50-0400__CAM_FRONT__1537292946912404.jpg", "samples/CAM_FRONT_RIGHT/n008-2018-09-18-13-41-50-0400__CAM_FRONT_RIGHT__1537292946920482.jpg", "samples/CAM_BACK_LEFT/n008-2018-09-18-13-41-50-0400__CAM_BACK_LEFT__1537292946947405.jpg", "samples/CAM_BACK/n008-2018-09-18-13-41-50-0400__CAM_BACK__1537292946937565.jpg", "samples/CAM_BACK_RIGHT/n008-2018-09-18-13-41-50-0400__CAM_BACK_RIGHT__1537292946928113.jpg"], "intrinsics": [[[1257.8625342125129, 0.0, 827.2410631095686], [0.0, 1257.8625342125129, 450.915498205774], [0.0, 0.0, 1.0]], [[1252.8131021185304, 0.0, 826.588114781398], [0.0, 1252.8131021185304, 469.9846626224581], [0.0, 0.0, 1.0]], [[1256.7485116440405, 0.0, 817.7887570959712], [0.0, 1256.7485116440403, 451.9541780095127], [0.0, 0.0, 1.0]], [[1254.9860565800168, 0.0, 829.5769333630991], [0.0, 1254.9860565800168, 467.1680561863987], [0.0, 0.0, 1.0]], [[796.8910634503094, 0.0, 857.7774326863696], [0.0, 796.8910634503094, 476.8848988407415], [0.0, 0.0, 1.0]], [[1249.9629280788233, 0.0, 825.3768045375984], [0.0, 1249.9629280788233, 462.54816385708756], [0.0, 0.0, 1.0]]], "extrinsics": [[[0.8293405771255493, -0.5577348470687866, -0.03355851396918297, -0.80029296875], [-0.02308594062924385, 0.02580489031970501, -0.9994003772735596, 1.4823722839355469], [0.5582663416862488, 0.829617977142334, 0.008525208570063114, -1.221588134765625], [0.0, 0.0, 0.0, 1.0]], [[0.02040787972509861, -0.9995441436767578, -0.022251484915614128, 0.03033447265625], [-0.021092990413308144, 0.02182072028517723, -0.9995393753051758, 1.4756278991699219], [0.999569296836853, 0.020867828279733658, -0.020638057962059975, -1.5419921875], [0.0, 0.0, 0.0, 1.0]], [[-0.8396635055541992, -0.5430941581726074, 0.0037186923436820507, 0.977294921875], [-0.01302869338542223, 0.013297272846102715, -0.9998266696929932, 1.4907875061035156], [0.5429506301879883, -0.8395665287971497, -0.018241042271256447, -1.17529296875], [0.0, 0.0, 0.0, 1.0]], [[0.947448194026947, 0.3187097907066345, -0.02767721563577652, -1.1395263671875], [-0.03890180587768555, 0.02890639752149582, -0.9988248348236084, 1.5608901977539062], [-0.31753525137901306, 0.9474114179611206, 0.03978570178151131, -0.18212890625], [0.0, 0.0, 0.0, 1.0]], [[0.006415401119738817, 0.9997622966766357, 0.02083885855972767, -0.05133056640625], [-0.03652780130505562, 0.02105967327952385, -0.9991106986999512, 1.5652694702148438], [-0.9993121027946472, 0.005648502614349127, 0.03665422275662422, -0.01904296875], [0.0, 0.0, 0.0, 1.0]], [[-0.9256879687309265, 0.3771741986274719, 0.02900613844394684, 1.0482177734375], [-0.0321035236120224, -0.0019267327152192593, -0.9994826912879944, 1.5442848205566406], [-0.37692320346832275, -0.9261403679847717, 0.013892174698412418, -0.0627593994140625], [0.0, 0.0, 0.0, 1.0]]], "view": [[0.0, -2.0, 100.0], [-2.0, 0.0, 100.0], [0.0, 0.0, 1.0]], "bev": "bev_ff1e5c4de0a64093bae33da28ad321b1.png", "aux": "aux_ff1e5c4de0a64093bae33da28ad321b1.npz", "visibility": "visibility_ff1e5c4de0a64093bae33da28ad321b1.png", "pose": [[0.1940237283706665, -0.98099684715271, 0.0, 1187.1650390625], [0.98099684715271, 0.1940237283706665, 0.0, 1407.37353515625], [0.0, 0.0, 1.0, 0.0], [0.0, 0.0, 0.0, 1.0]], "pose_inverse": [[0.1940237283706665, 0.98099684715271, 0.0, -1610.9671630859375], [-0.98099684715271, 0.1940237283706665, 0.0, 891.541259765625], [0.0, 0.0, 1.0, 0.0], [0.0, 0.0, 0.0, 1.0]], "cam_ids": [0, 1, 2, 3, 4, 5], "cam_channels": ["CAM_FRONT_LEFT", "CAM_FRONT", "CAM_FRONT_RIGHT", "CAM_BACK_LEFT", "CAM_BACK", "CAM_BACK_RIGHT"], "token": "ff1e5c4de0a64093bae33da28ad321b1", "scene": "scene-0594"}, {"images": ["samples/CAM_FRONT_LEFT/n008-2018-09-18-13-41-50-0400__CAM_FRONT_LEFT__1537292947404799.jpg", "samples/CAM_FRONT/n008-2018-09-18-13-41-50-0400__CAM_FRONT__1537292947412404.jpg", "samples/CAM_FRONT_RIGHT/n008-2018-09-18-13-41-50-0400__CAM_FRONT_RIGHT__1537292947420486.jpg", "samples/CAM_BACK_LEFT/n008-2018-09-18-13-41-50-0400__CAM_BACK_LEFT__1537292947451690.jpg", "samples/CAM_BACK/n008-2018-09-18-13-41-50-0400__CAM_BACK__1537292947437558.jpg", "samples/CAM_BACK_RIGHT/n008-2018-09-18-13-41-50-0400__CAM_BACK_RIGHT__1537292947428113.jpg"], "intrinsics": [[[1257.8625342125129, 0.0, 827.2410631095686], [0.0, 1257.8625342125129, 450.915498205774], [0.0, 0.0, 1.0]], [[1252.8131021185304, 0.0, 826.588114781398], [0.0, 1252.8131021185304, 469.9846626224581], [0.0, 0.0, 1.0]], [[1256.7485116440405, 0.0, 817.7887570959712], [0.0, 1256.7485116440403, 451.9541780095127], [0.0, 0.0, 1.0]], [[1254.9860565800168, 0.0, 829.5769333630991], [0.0, 1254.9860565800168, 467.1680561863987], [0.0, 0.0, 1.0]], [[796.8910634503094, 0.0, 857.7774326863696], [0.0, 796.8910634503094, 476.8848988407415], [0.0, 0.0, 1.0]], [[1249.9629280788233, 0.0, 825.3768045375984], [0.0, 1249.9629280788233, 462.54816385708756], [0.0, 0.0, 1.0]]], "extrinsics": [[[0.8261027932167053, -0.5621415972709656, -0.03938370943069458, -0.7955322265625], [-0.022818278521299362, 0.03646237030625343, -0.9990744590759277, 1.482452392578125], [0.5630573630332947, 0.82623690366745, 0.01729455776512623, -1.19439697265625], [0.0, 0.0, 0.0, 1.0]], [[0.015568831004202366, -0.999341607093811, -0.03276870399713516, 0.011474609375], [-0.0207917969673872, 0.03244202211499214, -0.9992573857307434, 1.4757308959960938], [0.9996625781059265, 0.016238609328866005, -0.02027302421629429, -1.5260009765625], [0.0, 0.0, 0.0, 1.0]], [[-0.841772735118866, -0.5398275256156921, -0.002201771829277277, 0.955078125], [-0.012692844495177269, 0.023869583383202553, -0.9996344447135925, 1.4909133911132812], [0.5396827459335327, -0.8414372205734253, -0.026944711804389954, -1.1864013671875], [0.0, 0.0, 0.0, 1.0]], [[0.9477586150169373, 0.3181383013725281, -0.023272404447197914, -1.15625], [-0.037683747708797455, 0.03921923041343689, -0.998519778251648, 1.5623245239257812], [-0.31675469875335693, 0.947232723236084, 0.049159009009599686, -0.1563720703125], [0.0, 0.0, 0.0, 1.0]], [[0.008137882687151432, 0.9994808435440063, 0.03117312304675579, -0.03192138671875], [-0.03587212413549423, 0.031445879489183426, -0.9988614916801453, 1.5655288696289062], [-0.9993232488632202, 0.007010355591773987, 0.036109406501054764, -0.023193359375], [0.0, 0.0, 0.0, 1.0]], [[-0.9245548248291016, 0.37965482473373413, 0.03256448358297348, 1.048095703125], [-0.0316503569483757, 0.008651169948279858, -0.9994615912437439, 1.5439720153808594], [-0.379732221364975, -0.9250876903533936, 0.00401772977784276, -0.08603565394878387], [0.0, 0.0, 0.0, 1.0]]], "view": [[0.0, -2.0, 100.0], [-2.0, 0.0, 100.0], [0.0, 0.0, 1.0]], "bev": "bev_f8843c27ac0046719f5f06630657d19a.png", "aux": "aux_f8843c27ac0046719f5f06630657d19a.npz", "visibility": "visibility_f8843c27ac0046719f5f06630657d19a.png", "pose": [[0.3057074546813965, -0.9521254897117615, 0.0, 1187.814697265625], [0.9521254897117615, 0.3057074546813965, 0.0, 1409.95654296875], [0.0, 0.0, 1.0, 0.0], [0.0, 0.0, 0.0, 1.0]], "pose_inverse": [[0.3057074546813965, 0.9521254897117615, 0.0, -1705.579345703125], [-0.9521254897117615, 0.3057074546813965, 0.0, 699.9144287109375], [0.0, 0.0, 1.0, 0.0], [0.0, 0.0, 0.0, 1.0]], "cam_ids": [0, 1, 2, 3, 4, 5], "cam_channels": ["CAM_FRONT_LEFT", "CAM_FRONT", "CAM_FRONT_RIGHT", "CAM_BACK_LEFT", "CAM_BACK", "CAM_BACK_RIGHT"], "token": "f8843c27ac0046719f5f06630657d19a", "scene": "scene-0594"}, {"images": ["samples/CAM_FRONT_LEFT/n008-2018-09-18-13-41-50-0400__CAM_FRONT_LEFT__1537292947904799.jpg", "samples/CAM_FRONT/n008-2018-09-18-13-41-50-0400__CAM_FRONT__1537292947912404.jpg", "samples/CAM_FRONT_RIGHT/n008-2018-09-18-13-41-50-0400__CAM_FRONT_RIGHT__1537292947920482.jpg", "samples/CAM_BACK_LEFT/n008-2018-09-18-13-41-50-0400__CAM_BACK_LEFT__1537292947947405.jpg", "samples/CAM_BACK/n008-2018-09-18-13-41-50-0400__CAM_BACK__1537292947937558.jpg", "samples/CAM_BACK_RIGHT/n008-2018-09-18-13-41-50-0400__CAM_BACK_RIGHT__1537292947928113.jpg"], "intrinsics": [[[1257.8625342125129, 0.0, 827.2410631095686], [0.0, 1257.8625342125129, 450.915498205774], [0.0, 0.0, 1.0]], [[1252.8131021185304, 0.0, 826.588114781398], [0.0, 1252.8131021185304, 469.9846626224581], [0.0, 0.0, 1.0]], [[1256.7485116440405, 0.0, 817.7887570959712], [0.0, 1256.7485116440403, 451.9541780095127], [0.0, 0.0, 1.0]], [[1254.9860565800168, 0.0, 829.5769333630991], [0.0, 1254.9860565800168, 467.1680561863987], [0.0, 0.0, 1.0]], [[796.8910634503094, 0.0, 857.7774326863696], [0.0, 796.8910634503094, 476.8848988407415], [0.0, 0.0, 1.0]], [[1249.9629280788233, 0.0, 825.3768045375984], [0.0, 1249.9629280788233, 462.54816385708756], [0.0, 0.0, 1.0]]], "extrinsics": [[[0.8246177434921265, -0.5641543865203857, -0.041661277413368225, -0.795654296875], [-0.017256826162338257, 0.04852520301938057, -0.9986728429794312, 1.4838752746582031], [0.565427303314209, 0.8242422342300415, 0.03027922287583351, -1.19122314453125], [0.0, 0.0, 0.0, 1.0]], [[0.013266170397400856, -0.998888373374939, -0.04523235559463501, 0.00946044921875], [-0.015095679089426994, 0.0450311079621315, -0.9988715052604675, 1.4769515991210938], [0.999798059463501, 0.013934059999883175, -0.014481506310403347, -1.5260009765625], [0.0, 0.0, 0.0, 1.0]], [[-0.8428267240524292, -0.5379992723464966, -0.01414440106600523, 0.955322265625], [-0.0068554324097931385, 0.037011805921792984, -0.9992912411689758, 1.4918861389160156], [0.5381414890289307, -0.8421324491500854, -0.03488275036215782, -1.188720703125], [0.0, 0.0, 0.0, 1.0]], [[0.9478150010108948, 0.318553626537323, -0.013057197444140911, -1.139404296875], [-0.031739141792058945, 0.0535261332988739, -0.9980619549751282, 1.5617294311523438], [-0.31723737716674805, 0.9463924169540405, 0.06084348261356354, -0.1602783203125], [0.0, 0.0, 0.0, 1.0]], [[0.008969778195023537, 0.9989330172538757, 0.045303843915462494, -0.03057861328125], [-0.029856588691473007, 0.04555301368236542, -0.9985156059265137, 1.5660858154296875], [-0.999514102935791, 0.007603842299431562, 0.030233332887291908, -0.0186767578125], [0.0, 0.0, 0.0, 1.0]], [[-0.9241437911987305, 0.3806779682636261, 0.032287705689668655, 1.051025390625], [-0.02575555630028248, 0.022242330014705658, -0.9994207620620728, 1.5447273254394531], [-0.38117551803588867, -0.9244401454925537, -0.0107505414634943, -0.0862274169921875], [0.0, 0.0, 0.0, 1.0]]], "view": [[0.0, -2.0, 100.0], [-2.0, 0.0, 100.0], [0.0, 0.0, 1.0]], "bev": "bev_99fdcacf88a143d899a582c0b6ae5b60.png", "aux": "aux_99fdcacf88a143d899a582c0b6ae5b60.npz", "visibility": "visibility_99fdcacf88a143d899a582c0b6ae5b60.png", "pose": [[0.369613915681839, -0.9291854500770569, 0.0, 1188.7708740234375], [0.9291854500770569, 0.369613915681839, 0.0, 1412.636962890625], [0.0, 0.0, 1.0, 0.0], [0.0, 0.0, 0.0, 1.0]], "pose_inverse": [[0.369613915681839, 0.9291854500770569, 0.0, -1751.9879150390625], [-0.9291854500770569, 0.369613915681839, 0.0, 582.4583129882812], [0.0, 0.0, 1.0, 0.0], [0.0, 0.0, 0.0, 1.0]], "cam_ids": [0, 1, 2, 3, 4, 5], "cam_channels": ["CAM_FRONT_LEFT", "CAM_FRONT", "CAM_FRONT_RIGHT", "CAM_BACK_LEFT", "CAM_BACK", "CAM_BACK_RIGHT"], "token": "99fdcacf88a143d899a582c0b6ae5b60", "scene": "scene-0594"}, {"images": ["samples/CAM_FRONT_LEFT/n008-2018-09-18-13-41-50-0400__CAM_FRONT_LEFT__1537292948404799.jpg", "samples/CAM_FRONT/n008-2018-09-18-13-41-50-0400__CAM_FRONT__1537292948412404.jpg", "samples/CAM_FRONT_RIGHT/n008-2018-09-18-13-41-50-0400__CAM_FRONT_RIGHT__1537292948420482.jpg", "samples/CAM_BACK_LEFT/n008-2018-09-18-13-41-50-0400__CAM_BACK_LEFT__1537292948447405.jpg", "samples/CAM_BACK/n008-2018-09-18-13-41-50-0400__CAM_BACK__1537292948437558.jpg", "samples/CAM_BACK_RIGHT/n008-2018-09-18-13-41-50-0400__CAM_BACK_RIGHT__1537292948428113.jpg"], "intrinsics": [[[1257.8625342125129, 0.0, 827.2410631095686], [0.0, 1257.8625342125129, 450.915498205774], [0.0, 0.0, 1.0]], [[1252.8131021185304, 0.0, 826.588114781398], [0.0, 1252.8131021185304, 469.9846626224581], [0.0, 0.0, 1.0]], [[1256.7485116440405, 0.0, 817.7887570959712], [0.0, 1256.7485116440403, 451.9541780095127], [0.0, 0.0, 1.0]], [[1254.9860565800168, 0.0, 829.5769333630991], [0.0, 1254.9860565800168, 467.1680561863987], [0.0, 0.0, 1.0]], [[796.8910634503094, 0.0, 857.7774326863696], [0.0, 796.8910634503094, 476.8848988407415], [0.0, 0.0, 1.0]], [[1249.9629280788233, 0.0, 825.3768045375984], [0.0, 1249.9629280788233, 462.54816385708756], [0.0, 0.0, 1.0]]], "extrinsics": [[[0.8237951397895813, -0.564826488494873, -0.04829758405685425, -0.7869873046875], [-0.01998521015048027, 0.05620812997221947, -0.9982190132141113, 1.4829673767089844], [0.5665352940559387, 0.8232932090759277, 0.035015806555747986, -1.18450927734375], [0.0, 0.0, 0.0, 1.0]], [[0.012216505594551563, -0.9985647201538086, -0.052146416157484055, 0.00921630859375], [-0.017704421654343605, 0.051926132291555405, -0.998494029045105, 1.4762344360351562], [0.9997685551643372, 0.013121262192726135, -0.017044655978679657, -1.5164794921875], [0.0, 0.0, 0.0, 1.0]], [[-0.8432343006134033, -0.5373286604881287, -0.015291375108063221, 0.9483642578125], [-0.009326011873781681, 0.043065886944532394, -0.9990286827087402, 1.4914283752441406], [0.5374652743339539, -0.8422725796699524, -0.04132576659321785, -1.185302734375], [0.0, 0.0, 0.0, 1.0]], [[0.9477928280830383, 0.31862467527389526, -0.012923584319651127, -1.139404296875], [-0.03285571187734604, 0.057261787354946136, -0.9978184103965759, 1.5618057250976562], [-0.3171895444393158, 0.9461497664451599, 0.06474095582962036, -0.1588134765625], [0.0, 0.0, 0.0, 1.0]], [[0.009295313619077206, 0.9987211227416992, 0.04969498887658119, -0.02947998046875], [-0.031437020748853683, 0.049964435398578644, -0.9982560873031616, 1.565948486328125], [-0.9994624853134155, 0