[{"images": ["samples/CAM_FRONT_LEFT/n008-2018-08-28-13-40-50-0400__CAM_FRONT_LEFT__1535478550154799.jpg", "samples/CAM_FRONT/n008-2018-08-28-13-40-50-0400__CAM_FRONT__1535478550162410.jpg", "samples/CAM_FRONT_RIGHT/n008-2018-08-28-13-40-50-0400__CAM_FRONT_RIGHT__1535478550170482.jpg", "samples/CAM_BACK_LEFT/n008-2018-08-28-13-40-50-0400__CAM_BACK_LEFT__1535478550197405.jpg", "samples/CAM_BACK/n008-2018-08-28-13-40-50-0400__CAM_BACK__1535478550187558.jpg", "samples/CAM_BACK_RIGHT/n008-2018-08-28-13-40-50-0400__CAM_BACK_RIGHT__1535478550178113.jpg"], "intrinsics": [[[1257.8625342125129, 0.0, 827.2410631095686], [0.0, 1257.8625342125129, 450.915498205774], [0.0, 0.0, 1.0]], [[1252.8131021185304, 0.0, 826.588114781398], [0.0, 1252.8131021185304, 469.9846626224581], [0.0, 0.0, 1.0]], [[1256.7485116440405, 0.0, 817.7887570959712], [0.0, 1256.7485116440403, 451.9541780095127], [0.0, 0.0, 1.0]], [[1254.9860565800168, 0.0, 829.5769333630991], [0.0, 1254.9860565800168, 467.1680561863987], [0.0, 0.0, 1.0]], [[796.8910634503094, 0.0, 857.7774326863696], [0.0, 796.8910634503094, 476.8848988407415], [0.0, 0.0, 1.0]], [[1249.9629280788233, 0.0, 825.3768045375984], [0.0, 1249.9629280788233, 462.54816385708756], [0.0, 0.0, 1.0]]], "extrinsics": [[[0.8225280046463013, -0.5686203241348267, -0.010891376063227654, -0.940185546875], [0.007315831258893013, 0.029727648943662643, -0.9995312690734863, 1.4888687133789062], [0.5686776041984558, 0.8220627903938293, 0.02861175313591957, -1.288818359375], [0.0, 0.0, 0.0, 1.0]], [[0.010218605399131775, -0.9996248483657837, -0.025410275906324387, 0.006103515625], [0.00954592227935791, 0.025507964193820953, -0.999629020690918, 1.4807815551757812], [0.9999021887779236, 0.009972242638468742, 0.009802996180951595, -1.6697311401367188], [0.0, 0.0, 0.0, 1.0]], [[-0.8439967632293701, -0.5358099341392517, -0.024025356397032738, 1.0479736328125], [0.017852118238806725, 0.01670563593506813, -0.9997010827064514, 1.4939727783203125], [0.5360512137413025, -0.8441733717918396, -0.004534161649644375, -1.25048828125], [0.0, 0.0, 0.0, 1.0]], [[0.9478886127471924, 0.3185788691043854, 0.003836669260635972, -1.1444091796875], [-0.006548330653458834, 0.03152050822973251, -0.9994816184043884, 1.5620498657226562], [-0.3185347318649292, 0.9473721385002136, 0.03196408972144127, -0.15576171875], [0.0, 0.0, 0.0, 1.0]], [[0.00923959445208311, 0.9996671676635742, 0.0240897499024868, -0.028564453125], [-0.004766459111124277, 0.024134531617164612, -0.9996973276138306, 1.5679740905761719], [-0.9999459981918335, 0.009121838957071304, 0.004987862892448902, 0.0261993408203125], [0.0, 0.0, 0.0, 1.0]], [[-0.9237056374549866, 0.3831002414226532, 0.0014568635961040854, 1.12738037109375], [-0.0009366697631776333, 0.0015443837037310004, -0.9999983310699463, 1.547776460647583], [-0.38310179114341736, -0.923705518245697, -0.0010677172103896737, -0.0576171875], [0.0, 0.0, 0.0, 1.0]]], "view": [[0.0, -2.0, 100.0], [-2.0, 0.0, 100.0], [0.0, 0.0, 1.0]], "bev": "bev_b08a467f5709444396221fb08672d35d.png", "aux": "aux_b08a467f5709444396221fb08672d35d.npz", "visibility": "visibility_b08a467f5709444396221fb08672d35d.png", "pose": [[0.8470590710639954, 0.5314987897872925, 0.0, 1215.6019287109375], [-0.5314987897872925, 0.8470590710639954, 0.0, 1746.7626953125], [0.0, 0.0, 1.0, 0.0], [0.0, 0.0, 0.0, 1.0]], "pose_inverse": [[0.8470590710639954, -0.5314987897872925, 0.0, -101.28436279296875], [0.5314987897872925, 0.8470590710639954, 0.0, -2125.7021484375], [0.0, 0.0, 1.0, 0.0], [0.0, 0.0, 0.0, 1.0]], "cam_ids": [0, 1, 2, 3, 4, 5], "cam_channels": ["CAM_FRONT_LEFT", "CAM_FRONT", "CAM_FRONT_RIGHT", "CAM_BACK_LEFT", "CAM_BACK", "CAM_BACK_RIGHT"], "token": "b08a467f5709444396221fb08672d35d", "scene": "scene-0502"}, {"images": ["samples/CAM_FRONT_LEFT/n008-2018-08-28-13-40-50-0400__CAM_FRONT_LEFT__1535478550604799.jpg", "samples/CAM_FRONT/n008-2018-08-28-13-40-50-0400__CAM_FRONT__1535478550612404.jpg", "samples/CAM_FRONT_RIGHT/n008-2018-08-28-13-40-50-0400__CAM_FRONT_RIGHT__1535478550620482.jpg", "samples/CAM_BACK_LEFT/n008-2018-08-28-13-40-50-0400__CAM_BACK_LEFT__1535478550647405.jpg", "samples/CAM_BACK/n008-2018-08-28-13-40-50-0400__CAM_BACK__1535478550637558.jpg", "samples/CAM_BACK_RIGHT/n008-2018-08-28-13-40-50-0400__CAM_BACK_RIGHT__1535478550628113.jpg"], "intrinsics": [[[1257.8625342125129, 0.0, 827.2410631095686], [0.0, 1257.8625342125129, 450.915498205774], [0.0, 0.0, 1.0]], [[1252.8131021185304, 0.0, 826.588114781398], [0.0, 1252.8131021185304, 469.9846626224581], [0.0, 0.0, 1.0]], [[1256.7485116440405, 0.0, 817.7887570959712], [0.0, 1256.7485116440403, 451.9541780095127], [0.0, 0.0, 1.0]], [[1254.9860565800168, 0.0, 829.5769333630991], [0.0, 1254.9860565800168, 467.1680561863987], [0.0, 0.0, 1.0]], [[796.8910634503094, 0.0, 857.7774326863696], [0.0, 796.8910634503094, 476.8848988407415], [0.0, 0.0, 1.0]], [[1249.9629280788233, 0.0, 825.3768045375984], [0.0, 1249.9629280788233, 462.54816385708756], [0.0, 0.0, 1.0]]], "extrinsics": [[[0.822313666343689, -0.5689755082130432, -0.008194461464881897, -0.9453125], [0.014023245312273502, 0.03465920314192772, -0.9993007779121399, 1.4893112182617188], [0.568861722946167, 0.8216237425804138, 0.03647962212562561, -1.2919921875], [0.0, 0.0, 0.0, 1.0]], [[0.010000521317124367, -0.9994760155677795, -0.030783066526055336, 0.006103515625], [0.01588747650384903, 0.030939534306526184, -0.9993950128555298, 1.481109619140625], [0.9998237490653992, 0.009505386464297771, 0.01618856191635132, -1.675384521484375], [0.0, 0.0, 0.0, 1.0]], [[-0.8439891934394836, -0.5353897213935852, -0.03224864974617958, 1.05224609375], [0.023811303079128265, 0.0226652342826128, -0.9994595050811768, 1.4941520690917969], [0.5358312726020813, -0.8443009853363037, -0.006380886305123568, -1.25341796875], [0.0, 0.0, 0.0, 1.0]], [[0.9478862881660461, 0.31842729449272156, 0.010748480446636677, -1.145263671875], [-0.0018577432492747903, 0.03925889730453491, -0.9992273449897766, 1.5620498657226562], [-0.3186033070087433, 0.9471339583396912, 0.03780452907085419, -0.15576171875], [0.0, 0.0, 0.0, 1.0]], [[0.009260930120944977, 0.9994693398475647, 0.03122876212000847, -0.028564453125], [0.0003742678090929985, 0.031226633116602898, -0.999512255191803, 1.5680694580078125], [-0.9999570250511169, 0.009268092922866344, -8.488158346153796e-05, 0.0286102294921875], [0.0, 0.0, 0.0, 1.0]], [[-0.9236173033714294, 0.3833138048648834, -0.0012369758915156126, 1.1309814453125], [0.004663954023271799, 0.008011152036488056, -0.9999570250511169, 1.5479621887207031], [-0.3832874298095703, -0.9235833883285522, -0.009186997078359127, -0.0560302734375], [0.0, 0.0, 0.0, 1.0]]], "view": [[0.0, -2.0, 100.0], [-2.0, 0.0, 100.0], [0.0, 0.0, 1.0]], "bev": "bev_9bba815d58d14aee9a63ee43103cc588.png", "aux": "aux_9bba815d58d14aee9a63ee43103cc588.npz", "visibility": "visibility_9bba815d58d14aee9a63ee43103cc588.png", "pose": [[0.8489439487457275, 0.5284828543663025, 0.0, 1216.28955078125], [-0.5284828543663025, 0.8489439487457275, 0.0, 1746.334228515625], [0.0, 0.0, 1.0, 0.0], [0.0, 0.0, 0.0, 1.0]], "pose_inverse": [[0.8489439487457275, -0.5284828543663025, 0.0, -109.65396881103516], [0.5284828543663025, 0.8489439487457275, 0.0, -2125.328125], [0.0, 0.0, 1.0, 0.0], [0.0, 0.0, 0.0, 1.0]], "cam_ids": [0, 1, 2, 3, 4, 5], "cam_channels": ["CAM_FRONT_LEFT", "CAM_FRONT", "CAM_FRONT_RIGHT", "CAM_BACK_LEFT", "CAM_BACK", "CAM_BACK_RIGHT"], "token": "9bba815d58d14aee9a63ee43103cc588", "scene": "scene-0502"}, {"images": ["samples/CAM_FRONT_LEFT/n008-2018-08-28-13-40-50-0400__CAM_FRONT_LEFT__1535478551104799.jpg", "samples/CAM_FRONT/n008-2018-08-28-13-40-50-0400__CAM_FRONT__1535478551112404.jpg", "samples/CAM_FRONT_RIGHT/n008-2018-08-28-13-40-50-0400__CAM_FRONT_RIGHT__1535478551120482.jpg", "samples/CAM_BACK_LEFT/n008-2018-08-28-13-40-50-0400__CAM_BACK_LEFT__1535478551147405.jpg", "samples/CAM_BACK/n008-2018-08-28-13-40-50-0400__CAM_BACK__1535478551137558.jpg", "samples/CAM_BACK_RIGHT/n008-2018-08-28-13-40-50-0400__CAM_BACK_RIGHT__1535478551128113.jpg"], "intrinsics": [[[1257.8625342125129, 0.0, 827.2410631095686], [0.0, 1257.8625342125129, 450.915498205774], [0.0, 0.0, 1.0]], [[1252.8131021185304, 0.0, 826.588114781398], [0.0, 1252.8131021185304, 469.9846626224581], [0.0, 0.0, 1.0]], [[1256.7485116440405, 0.0, 817.7887570959712], [0.0, 1256.7485116440403, 451.9541780095127], [0.0, 0.0, 1.0]], [[1254.9860565800168, 0.0, 829.5769333630991], [0.0, 1254.9860565800168, 467.1680561863987], [0.0, 0.0, 1.0]], [[796.8910634503094, 0.0, 857.7774326863696], [0.0, 796.8910634503094, 476.8848988407415], [0.0, 0.0, 1.0]], [[1249.9629280788233, 0.0, 825.3768045375984], [0.0, 1249.9629280788233, 462.54816385708756], [0.0, 0.0, 1.0]]], "extrinsics": [[[0.8222898244857788, -0.5690645575523376, 0.0022566269617527723, -0.9483642578125], [0.021901963278651237, 0.027684981003403664, -0.9993767142295837, 1.4897918701171875], [0.5686473250389099, 0.8218267560005188, 0.035228706896305084, -1.29443359375], [0.0, 0.0, 0.0, 1.0]], [[0.010167509317398071, -0.999679446220398, -0.023189272731542587, 0.005859375], [0.023965204134583473, 0.02342742495238781, -0.9994382858276367, 1.4815025329589844], [0.9996610879898071, 0.00960612017661333, 0.02419571951031685, -1.678466796875], [0.0, 0.0, 0.0, 1.0]], [[-0.843729555606842, -0.5356313586235046, -0.03492200747132301, 1.0546875], [0.03210711479187012, 0.014581980183720589, -0.9993780851364136, 1.4944381713867188], [0.5358074903488159, -0.8443260192871094, 0.004894329700618982, -1.254638671875], [0.0, 0.0, 0.0, 1.0]], [[0.9477688670158386, 0.318556547164917, 0.01599542796611786, -1.14630126953125], [0.0069688716903328896, 0.02945542149245739, -0.9995417594909668, 1.5620269775390625], [-0.3188817799091339, 0.9474460482597351, 0.025696951895952225, -0.1552734375], [0.0, 0.0, 0.0, 1.0]], [[0.00903918407857418, 0.9997152090072632, 0.022088315337896347, -0.028564453125], [0.00901744607836008, 0.022006824612617493, -0.999717116355896, 1.5681877136230469], [-0.9999185800552368, 0.009235795587301254, -0.008815955370664597, 0.030303955078125], [0.0, 0.0, 0.0, 1.0]], [[-0.9235517382621765, 0.38327452540397644, -0.012357499450445175, 1.133056640625], [0.013131693005561829, -0.0005965277669019997, -0.9999135732650757, 1.5482051372528076], [-0.38324883580207825, -0.9236342906951904, -0.004482118878513575, -0.05517578125], [0.0, 0.0, 0.0, 1.0]]], "view": [[0.0, -2.0, 100.0], [-2.0, 0.0, 100.0], [0.0, 0.0, 1.0]], "bev": "bev_7d887bf051914b929c909be5b22edcab.png", "aux": "aux_7d887bf051914b929c909be5b22edcab.npz", "visibility": "visibility_7d887bf051914b929c909be5b22edcab.png", "pose": [[0.8504174947738647, 0.52610844373703, 0.0, 1217.0445556640625], [-0.52610844373703, 0.8504174947738647, 0.0, 1745.859130859375], [0.0, 0.0, 1.0, 0.0], [0.0, 0.0, 0.0, 1.0]], "pose_inverse": [[0.8504174947738647, -0.52610844373703, 0.0, -116.4847640991211], [0.52610844373703, 0.8504174947738647, 0.0, -2125.006591796875], [0.0, 0.0, 1.0, 0.0], [0.0, 0.0, 0.0, 1.0]], "cam_ids": [0, 1, 2, 3, 4, 5], "cam_channels": ["CAM_FRONT_LEFT", "CAM_FRONT", "CAM_FRONT_RIGHT", "CAM_BACK_LEFT", "CAM_BACK", "CAM_BACK_RIGHT"], "token": "7d887bf051914b929c909be5b22edcab", "scene": "scene-0502"}, {"images": ["samples/CAM_FRONT_LEFT/n008-2018-08-28-13-40-50-0400__CAM_FRONT_LEFT__1535478551604799.jpg", "samples/CAM_FRONT/n008-2018-08-28-13-40-50-0400__CAM_FRONT__1535478551612668.jpg", "samples/CAM_FRONT_RIGHT/n008-2018-08-28-13-40-50-0400__CAM_FRONT_RIGHT__1535478551620482.jpg", "samples/CAM_BACK_LEFT/n008-2018-08-28-13-40-50-0400__CAM_BACK_LEFT__1535478551647405.jpg", "samples/CAM_BACK/n008-2018-08-28-13-40-50-0400__CAM_BACK__1535478551637558.jpg", "samples/CAM_BACK_RIGHT/n008-2018-08-28-13-40-50-0400__CAM_BACK_RIGHT__1535478551628113.jpg"], "intrinsics": [[[1257.8625342125129, 0.0, 827.2410631095686], [0.0, 1257.8625342125129, 450.915498205774], [0.0, 0.0, 1.0]], [[1252.8131021185304, 0.0, 826.588114781398], [0.0, 1252.8131021185304, 469.9846626224581], [0.0, 0.0, 1.0]], [[1256.7485116440405, 0.0, 817.7887570959712], [0.0, 1256.7485116440403, 451.9541780095127], [0.0, 0.0, 1.0]], [[1254.9860565800168, 0.0, 829.5769333630991], [0.0, 1254.9860565800168, 467.1680561863987], [0.0, 0.0, 1.0]], [[796.8910634503094, 0.0, 857.7774326863696], [0.0, 796.8910634503094, 476.8848988407415], [0.0, 0.0, 1.0]], [[1249.9629280788233, 0.0, 825.3768045375984], [0.0, 1249.9629280788233, 462.54816385708756], [0.0, 0.0, 1.0]]], "extrinsics": [[[0.8226861357688904, -0.5684916973114014, 0.0021762275137007236, -0.94287109375], [0.023646513000130653, 0.03039454109966755, -0.9992582201957703, 1.4900436401367188], [0.5680038928985596, 0.8221273422241211, 0.03844801336526871, -1.291748046875], [0.0, 0.0, 0.0, 1.0]], [[0.010752297937870026, -0.999606728553772, -0.025899279862642288, 0.0068359375], [0.025553585961461067, 0.0261670034378767, -0.9993309378623962, 1.4816932678222656], [0.9996156692504883, 0.010083315894007683, 0.02582489140331745, -1.6740570068359375], [0.0, 0.0, 0.0, 1.0]], [[-0.8434580564498901, -0.5358770489692688, -0.03760852664709091, 1.05126953125], [0.03352600708603859, 0.017362073063850403, -0.9992870092391968, 1.4946365356445312], [0.5361478924751282, -0.8441175818443298, 0.0033216350711882114, -1.2520751953125], [0.0, 0.0, 0.0, 1.0]], [[0.9477566480636597, 0.3185034990310669, 0.01768914796411991, -1.14459228515625], [0.007858608849346638, 0.03212342411279678, -0.9994530081748962, 1.562042236328125], [-0.3188975155353546, 0.9473772048950195, 0.027942193672060966, -0.15576171875], [0.0, 0.0, 0.0, 1.0]], [[0.008881273679435253, 0.9996521472930908, 0.024834316223859787, -0.02880859375], [0.010093394666910172, 0.024744411930441856, -0.9996427893638611, 1.5682220458984375], [-0.9999096989631653, 0.00912882387638092, -0.009870123118162155, 0.02777862548828125], [0.0, 0.0, 0.0, 1.0]], [[-0.9236434698104858, 0.3830498456954956, -0.012472878210246563, 1.12969970703125], [0.014406492933630943, 0.0021796361543238163, -0.999893844127655, 1.5482888221740723], [-0.38298195600509644, -0.9237251281738281, -0.007531612180173397, -0.0560302734375], [0.0, 0.0, 0.0, 1.0]]], "view": [[0.0, -2.0, 100.0], [-2.0, 0.0, 100.0], [0.0, 0.0, 1.0]], "bev": "bev_9229e0d71922452887c8a11d2e9ed17e.png", "aux": "aux_9229e0d71922452887c8a11d2e9ed17e.npz", "visibility": "visibility_9229e0d71922452887c8a11d2e9ed17e.png", "pose": [[0.8500027656555176, 0.5267782211303711, 0.0, 1217.7698974609375], [-0.5267782211303711, 0.8500027656555176, 0.0, 1745.403564453125], [0.0, 0.0, 1.0, 0.0], [0.0, 0.0, 0.0, 1.0]], "pose_inverse": [[0.8500027656555176, -0.5267782211303711, 0.0, -115.66712951660156], [0.5267782211303711, 0.8500027656555176, 0.0, -2125.092529296875], [0.0, 0.0, 1.0, 0.0], [0.0, 0.0, 0.0, 1.0]], "cam_ids": [0, 1, 2, 3, 4, 5], "cam_channels": ["CAM_FRONT_LEFT", "CAM_FRONT", "CAM_FRONT_RIGHT", "CAM_BACK_LEFT", "CAM_BACK", "CAM_BACK_RIGHT"], "token": "9229e0d71922452887c8a11d2e9ed17e", "scene": "scene-0502"}, {"images": ["samples/CAM_FRONT_LEFT/n008-2018-08-28-13-40-50-0400__CAM_FRONT_LEFT__1535478552104799.jpg", "samples/CAM_FRONT/n008-2018-08-28-13-40-50-0400__CAM_FRONT__1535478552112407.jpg", "samples/CAM_FRONT_RIGHT/n008-2018-08-28-13-40-50-0400__CAM_FRONT_RIGHT__1535478552120482.jpg", "samples/CAM_BACK_LEFT/n008-2018-08-28-13-40-50-0400__CAM_BACK_LEFT__1535478552147405.jpg", "samples/CAM_BACK/n008-2018-08-28-13-40-50-0400__CAM_BACK__1535478552137558.jpg", "samples/CAM_BACK_RIGHT/n008-2018-08-28-13-40-50-0400__CAM_BACK_RIGHT__1535478552128113.jpg"], "intrinsics": [[[1257.8625342125129, 0.0, 827.2410631095686], [0.0, 1257.8625342125129, 450.915498205774], [0.0, 0.0, 1.0]], [[1252.8131021185304, 0.0, 826.588114781398], [0.0, 1252.8131021185304, 469.9846626224581], [0.0, 0.0, 1.0]], [[1256.7485116440405, 0.0, 817.7887570959712], [0.0, 1256.7485116440403, 451.9541780095127], [0.0, 0.0, 1.0]], [[1254.9860565800168, 0.0, 829.5769333630991], [0.0, 1254.9860565800168, 467.1680561863987], [0.0, 0.0, 1.0]], [[796.8910634503094, 0.0, 857.7774326863696], [0.0, 796.8910634503094, 476.8848988407415], [0.0, 0.0, 1.0]], [[1249.9629280788233, 0.0, 825.3768045375984], [0.0, 1249.9629280788233, 462.54816385708756], [0.0, 0.0, 1.0]]], "extrinsics": [[[0.8223568201065063, -0.5689707398414612, 0.0012619446497410536, -0.9425048828125], [0.02464129589498043, 0.03339904174208641, -0.9991382956504822, 1.4901580810546875], [0.5684382915496826, 0.8216792941093445, 0.04148610308766365, -1.2904052734375], [0.0, 0.0, 0.0, 1.0]], [[0.010323799215257168, -0.9995198249816895, -0.029212666675448418, 0.0068359375], [0.026797102764248848, 0.02948027476668358, -0.9992060661315918, 1.4818115234375], [0.9995874762535095, 0.009532698430120945, 0.027088582515716553, -1.67279052734375], [0.0, 0.0, 0.0, 1.0]], [[-0.8435918092727661, -0.5354307889938354, -0.04082461819052696, 1.0506591796875], [0.035028789192438126, 0.020993489772081375, -0.9991657733917236, 1.4947280883789062], [0.5358412265777588, -0.8443180918693542, 0.0010455565061420202, -1.251953125], [0.0, 0.0, 0.0, 1.0]], [[0.947719931602478, 0.31837794184684753, 0.02150275744497776, -1.14501953125], [0.010291186161339283, 0.03685509040951729, -0.999267578125, 1.5620269775390625], [-0.3189372420310974, 0.9472470879554749, 0.0316518172621727, -0.1558837890625], [0.0, 0.0, 0.0, 1.0]], [[0.008971068076789379, 0.9995331764221191, 0.029205217957496643, -0.02880859375], [0.012166800908744335, 0.02909512259066105, -0.9995025992393494, 1.5682601928710938], [-0.9998857378959656, 0.00932183489203453, -0.011900107376277447, 0.02744293212890625], [0.0, 0.0, 0.0, 1.0]], [[-0.9235216975212097, 0.38333991169929504, -0.012573739513754845, 1.12957763671875], [0.016160182654857635, 0.006136646028608084, -0.9998506307601929, 1.548356056213379], [-0.38320544362068176, -0.9235869646072388, -0.011862168088555336, -0.056396484375], [0.0, 0.0, 0.0, 1.0]]], "view": [[0.0, -2.0, 100.0], [-2.0, 0.0, 100.0], [0.0, 0.0, 1.0]], "bev": "bev_d4b84e9767a6435bb90bad4cc47b4395.png", "aux": "aux_d4b84e9767a6435bb90bad4cc47b4395.npz", "visibility": "visibility_d4b84e9767a6435bb90bad4cc47b4395.png", "pose": [[0.8506214022636414, 0.5257786512374878, 0.0, 1218.5203857421875], [-0.5257786512374878, 0.8506214022636414, 0.0, 1744.93212890625], [0.0, 0.0, 1.0, 0.0], [0.0, 0.0, 0.0, 1.0]], "pose_inverse": [[0.8506214022636414, -0.5257786512374878, 0.0, -119.05143737792969], [0.5257786512374878, 0.8506214022636414, 0.0, -2124.94873046875], [0.0, 0.0, 1.0, 0.0], [0.0, 0.0, 0.0, 1.0]], "cam_ids": [0, 1, 2, 3, 4, 5], "cam_channels": ["CAM_FRONT_LEFT", "CAM_FRONT", "CAM_FRONT_RIGHT", "CAM_BACK_LEFT", "CAM_BACK", "CAM_BACK_RIGHT"], "token": "d4b84e9767a6435bb90bad4cc47b4395", "scene": "scene-0502"}, {"images": ["samples/CAM_FRONT_LEFT/n008-2018-08-28-13-40-50-0400__CAM_FRONT_LEFT__1535478552604799.jpg", "samples/CAM_FRONT/n008-2018-08-28-13-40-50-0400__CAM_FRONT__1535478552612404.jpg", "samples/CAM_FRONT_RIGHT/n008-2018-08-28-13-40-50-0400__CAM_FRONT_RIGHT__1535478552620482.jpg", "samples/CAM_BACK_LEFT/n008-2018-08-28-13-40-50-0400__CAM_BACK_LEFT__1535478552647405.jpg", "samples/CAM_BACK/n008-2018-08-28-13-40-50-0400__CAM_BACK__1535478552637558.jpg", "samples/CAM_BACK_RIGHT/n008-2018-08-28-13-40-50-0400__CAM_BACK_RIGHT__1535478552628113.jpg"], "intrinsics": [[[1257.8625342125129, 0.0, 827.2410631095686], [0.0, 1257.8625342125129, 450.915498205774], [0.0, 0.0, 1.0]], [[1252.8131021185304, 0.0, 826.588114781398], [0.0, 1252.8131021185304, 469.9846626224581], [0.0, 0.0, 1.0]], [[1256.7485116440405, 0.0, 817.7887570959712], [0.0, 1256.7485116440403, 451.9541780095127], [0.0, 0.0, 1.0]], [[1254.9860565800168, 0.0, 829.5769333630991], [0.0, 1254.9860565800168, 467.1680561863987], [0.0, 0.0, 1.0]], [[796.8910634503094, 0.0, 857.7774326863696], [0.0, 796.8910634503094, 476.8848988407415], [0.0, 0.0, 1.0]], [[1249.9629280788233, 0.0, 825.3768045375984], [0.0, 1249.9629280788233, 462.54816385708756], [0.0, 0.0, 1.0]]], "extrinsics": [[[0.8231897354125977, -0.5677608251571655, -0.002524375217035413, -0.93115234375], [0.01766778714954853, 0.030059807002544403, -0.9993919730186462, 1.4898605346679688], [0.5674914717674255, 0.8226445317268372, 0.034776002168655396, -1.2830810546875], [0.0, 0.0, 0.0, 1.0]], [[0.011351941153407097, -0.9996103644371033, -0.025499427691102028, 0.00634765625], [0.01944628171622753, 0.02571694552898407, -0.9994800686836243, 1.4815788269042969], [0.9997464418411255, 0.010850146412849426, 0.019730640575289726, -1.6616058349609375], [0.0, 0.0, 0.0, 1.0]], [[-0.8433625102043152, -0.5363898277282715, -0.03202453628182411, 1.04345703125], [0.027278639376163483, 0.016783174127340317, -0.9994869828224182, 1.4945907592773438], [0.5366520881652832, -0.8438035249710083, 0.0004776817513629794, -1.247314453125], [0.0, 0.0, 0.0, 1.0]], [[0.947860598564148, 0.31849145889282227, 0.01111587043851614, -1.14544677734375], [0.0012324675917625427, 0.031216656789183617, -0.9995118379592896, 1.5620346069335938], [-0.3186829686164856, 0.9474115371704102, 0.02919650822877884, -0.1556396484375], [0.0, 0.0, 0.0, 1.0]], [[0.008832817897200584, 0.9996741414070129, 0.023951450362801552, -0.0283203125], [0.0036132403183728456, 0.023920321837067604, -0.9997072815895081, 1.5681304931640625], [-0.9999544620513916, 0.00891672819852829, -0.0034007809590548277, 0.02489471435546875], [0.0, 0.0, 0.0, 1.0]], [[-0.923865556716919, 0.382655531167984, -0.006873624864965677, 1.12396240234375], [0.00805185828357935, 0.0014776744646951556, -0.9999665021896362, 1.5481328964233398], [-0.3826324939727783, -0.9238898754119873, -0.004446260165423155, -0.0584716796875], [0.0, 0.0, 0.0, 1.0]]], "view": [[0.0, -2.0, 100.0], [-2.0, 0.0, 100.0], [0.0, 0.0, 1.0]], "bev": "bev_60baf5de99c84be598822ae7620a0e9b.png", "aux": "aux_60baf5de99c84be598822ae7620a0e9b.npz", "visibility": "visibility_60baf5de99c84be598822ae7620a0e9b.png", "pose": [[0.8479700088500977, 0.5300441980361938, 0.0, 1219.3177490234375], [-0.5300441980361938, 0.8479700088500977, 0.0, 1744.4298095703125], [0.0, 0.0, 1.0, 0.0], [0.0, 0.0, 0.0, 1.0]], "pose_inverse": [[0.8479700088500977, -0.5300441980361938, 0.0, -109.32003021240234], [0.5300441980361938, 0.8479700088500977, 0.0, -2125.516357421875], [0.0, 0.0, 1.0, 0.0], [0.0, 0.0, 0.0, 1.0]], "cam_ids": [0, 1, 2, 3, 4, 5], "cam_channels": ["CAM_FRONT_LEFT", "CAM_FRONT", "CAM_FRONT_RIGHT", "CAM_BACK_LEFT", "CAM_BACK", "CAM_BACK_RIGHT"], "token": "60baf5de99c84be598822ae7620a0e9b", "scene": "scene-0502"}, {"images": ["samples/CAM_FRONT_LEFT/n008-2018-08-28-13-40-50-0400__CAM_FRONT_LEFT__1535478553104799.jpg", "samples/CAM_FRONT/n008-2018-08-28-13-40-50-0400__CAM_FRONT__1535478553112404.jpg", "samples/CAM_FRONT_RIGHT/n008-2018-08-28-13-40-50-0400__CAM_FRONT_RIGHT__1535478553120482.jpg", "samples/CAM_BACK_LEFT/n008-2018-08-28-13-40-50-0400__CAM_BACK_LEFT__1535478553147405.jpg", "samples/CAM_BACK/n008-2018-08-28-13-40-50-0400__CAM_BACK__1535478553137558.jpg", "samples/CAM_BACK_RIGHT/n008-2018-08-28-13-40-50-0400__CAM_BACK_RIGHT__1535478553128113.jpg"], "intrinsics": [[[1257.8625342125129, 0.0, 827.2410631095686], [0.0, 1257.8625342125129, 450.915498205774], [0.0, 0.0, 1.0]], [[1252.8131021185304, 0.0, 826.588114781398], [0.0, 1252.8131021185304, 469.9846626224581], [0.0, 0.0, 1.0]], [[1256.7485116440405, 0.0, 817.7887570959712], [0.0, 1256.7485116440403, 451.9541780095127], [0.0, 0.0, 1.0]], [[1254.9860565800168, 0.0, 829.5769333630991], [0.0, 1254.9860565800168, 467.1680561863987], [0.0, 0.0, 1.0]], [[796.8910634503094, 0.0, 857.7774326863696], [0.0, 796.8910634503094, 476.8848988407415], [0.0, 0.0, 1.0]], [[1249.9629280788233, 0.0, 825.3768045375984], [0.0, 1249.9629280788233, 462.54816385708756], [0.0, 0.0, 1.0]]], "extrinsics": [[[0.824176549911499, -0.5660603046417236, -0.017570041120052338, -0.9293212890625], [-0.0010240559931844473, 0.0295345950871706, -0.9995632171630859, 1.4881858825683594], [0.5663320422172546, 0.8238345384597778, 0.023762041702866554, -1.2822265625], [0.0, 0.0, 0.0, 1.0]], [[0.012651228345930576, -0.9995946288108826, -0.02550305426120758, 0.0068359375], [0.0005230900133028626, 0.025511708110570908, -0.9996744394302368, 1.4801902770996094], [0.9999198317527771, 0.012633765116333961, 0.0008456316427327693, -1.6591796875], [0.0, 0.0, 0.0, 1.0]], [[-0.8430657982826233, -0.5375739932060242, -0.015945415943861008, 1.0421142578125], [0.008116442710161209, 0.01692773401737213, -0.9998237490653992, 1.4935340881347656], [0.537749171257019, -0.8430466651916504, -0.009908005595207214, -1.2462158203125], [0.0, 0.0, 0.0, 1.0]], [[0.9478458166122437, 0.318649023771286, -0.007141700014472008, -1.1446533203125], [-0.0184476338326931, 0.03247710317373276, -0.9993022084236145, 1.5620651245117188], [-0.31819474697113037, 0.9473161697387695, 0.03666161000728607, -0.156005859375], [0.0, 0.0, 0.0, 1.0]], [[0.008685808628797531, 0.9996584057807922, 0.024650435894727707, -0.028564453125], [-0.015911150723695755, 0.024786407127976418, -0.9995660781860352, 1.5677337646484375], [-0.9998356699943542, 0.00828978605568409, 0.01612100377678871, 0.023647308349609375], [0.0, 0.0, 0.0, 1.0]], [[-0.9242280125617981, 0.38167837262153625, 0.011144481599330902, 1.1224365234375], [-0.011260193772614002, 0.0019303315784782171, -0.999934732913971, 1.5473458766937256], [-0.3816749155521393, -0.9242931604385376, 0.0025137043558061123, -0.0592041015625], [0.0, 0.0, 0.0, 1.0]]], "view": [[0.0, -2.0, 100.0], [-2.0, 0.0, 100.0], [0.0, 0.0, 1.0]], "bev": "bev_30b33a4536914735a4c883036fad3e7c.png", "aux": "aux_30b33a4536914735a4c883036fad3e7c.npz", "visibility": "visibility_30b33a4536914735a4c883036fad3e7c.png", "pose": [[0.8339205384254456, 0.5518845319747925, 0.0, 1220.215087890625], [-0.5518845319747925, 0.8339205384254456, 0.0, 1743.8480224609375], [0.0, 0.0, 1.0, 0.0], [0.0, 0.0, 0.0, 1.0]], "pose_inverse": [[0.8339205384254456, -0.5518845319747925, 0.0, -55.159629821777344], [0.5518845319747925, 0.8339205384254456, 0.0, -2127.6484375], [0.0, 0.0, 1.0, 0.0], [0.0, 0.0, 0.0, 1.0]], "cam_ids": [0, 1, 2, 3, 4, 5], "cam_channels": ["CAM_FRONT_LEFT", "CAM_FRONT", "CAM_FRONT_RIGHT", "CAM_BACK_LEFT", "CAM_BACK", "CAM_BACK_RIGHT"], "token": "30b33a4536914735a4c883036fad3e7c", "scene": "scene-0502"}, {"images": ["samples/CAM_FRONT_LEFT/n008-2018-08-28-13-40-50-0400__CAM_FRONT_LEFT__1535478553604799.jpg", "samples/CAM_FRONT/n008-2018-08-28-13-40-50-0400__CAM_FRONT__1535478553612404.jpg", "samples/CAM_FRONT_RIGHT/n008-2018-08-28-13-40-50-0400__CAM_FRONT_RIGHT__1535478553620482.jpg", "samples/CAM_BACK_LEFT/n008-2018-08-28-13-40-50-0400__CAM_BACK_LEFT__1535478553647405.jpg", "samples/CAM_BACK/n008-2018-08-28-13-40-50-0400__CAM_BACK__1535478553637558.jpg", "samples/CAM_BACK_RIGHT/n008-2018-08-28-13-40-50-0400__CAM_BACK_RIGHT__1535478553628113.jpg"], "intrinsics": [[[1257.8625342125129, 0.0, 827.2410631095686], [0.0, 1257.8625342125129, 450.915498205774], [0.0, 0.0, 1.0]], [[1252.8131021185304, 0.0, 826.588114781398], [0.0, 1252.8131021185304, 469.9846626224581], [0.0, 0.0, 1.0]], [[1256.7485116440405, 0.0, 817.7887570959712], [0.0, 1256.7485116440403, 451.9541780095127], [0.0, 0.0, 1.0]], [[1254.9860565800168, 0.0, 829.5769333630991], [0.0, 1254.9860565800168, 467.1680561863987], [0.0, 0.0, 1.0]], [[796.8910634503094, 0.0, 857.7774326863696], [0.0, 796.8910634503094, 476.8848988407415], [0.0, 0.0, 1.0]], [[1249.9629280788233, 0.0, 825.3768045375984], [0.0, 1249.9629280788233, 462.54816385708756], [0.0, 0.0, 1.0]]], "extrinsics": [[[0.8267286419868469, -0.5620867013931274, -0.02404968813061714, -0.9105224609375], [-0.008786729536950588, 0.029842030256986618, -0.9995160102844238, 1.4872817993164062], [0.5625323057174683, 0.8265398144721985, 0.019732356071472168, -1.2696533203125], [0.0, 0.0, 0.0, 1.0]], [[0.01633293181657791, -0.9995351433753967, -0.025743065401911736, 0.00732421875], [-0.006854162085801363, 0.02563397027552128, -0.999647855758667, 1.4795112609863281], [0.9998431205749512, 0.01650369167327881, -0.006432295776903629, -1.6411857604980469], [0.0, 0.0, 0.0, 1.0]], [[-0.8415361046791077, -0.5401067733764648, -0.010079304687678814, 1.0286865234375], [0.0011507184244692326, 0.01686609536409378, -0.9998570680618286, 1.4931488037109375], [0.5401996374130249, -0.8414275050163269, -0.013571918942034245, -1.2374267578125], [0.0, 0.0, 0.0, 1.0]], [[0.9478393197059631, 0.3184761703014374, -0.013181929476559162, -1.1405029296875], [-0.024511894211173058, 0.03159404173493385, -0.999200165271759, 1.56195068359375], [-0.3178049325942993, 0.9474042057991028, 0.03775252774357796, -0.1572265625], [0.0, 0.0, 0.0, 1.0]], [[0.007753364276140928, 0.9996812343597412, 0.024028334766626358, -0.028564453125], [-0.02226150967180729, 0.024195656180381775, -0.9994593262672424, 1.5674095153808594], [-0.9997221827507019, 0.007214182522147894, 0.022442009299993515, 0.01507568359375], [0.0, 0.0, 0.0, 1.0]], [[-0.9249669909477234, 0.37965765595436096, 0.017202915623784065, 1.1104736328125], [-0.017932714894413948, 0.0016145000699907541, -0.9998378753662109, 1.546837329864502], [-0.3796239495277405, -0.9251256585121155, 0.005314932204782963, -0.0640869140625], [0.0, 0.0, 0.0, 1.0]]], "view": [[0.0, -2.0, 100.0], [-2.0, 0.0, 100.0], [0.0, 0.0, 1.0]], "bev": "bev_9ae8e7ae0ae140d28e8f4343b0bc02c6.png", "aux": "aux_9ae8e7ae0ae140d28e8f4343b0bc02c6.npz", "visibility": "visibility_9ae8e7ae0ae140d28e8f4343b0bc02c6.png", "pose": [[0.7966349124908447, 0.6044607758522034, 0.0, 1221.187255859375], [-0.6044607758522034, 0.7966349124908447, 0.0, 1743.1533203125], [0.0, 0.0, 1.0, 0.0], [0.0, 0.0, 0.0, 1.0]], "pose_inverse": [[0.7966349124908447, -0.6044607758522034, 0.0, 80.82740783691406], [0.6044607758522034, 0.7966349124908447, 0.0, -2126.816650390625], [0.0, 0.0, 1.0, 0.0], [0.0, 0.0, 0.0, 1.0]], "cam_ids": [0, 1, 2, 3, 4, 5], "cam_channels": ["CAM_FRONT_LEFT", "CAM_FRONT", "CAM_FRONT_RIGHT", "CAM_BACK_LEFT", "CAM_BACK", "CAM_BACK_RIGHT"], "token": "9ae8e7ae0ae140d28e8f4343b0bc02c6", "scene": "scene-0502"}, {"images": ["samples/CAM_FRONT_LEFT/n008-2018-08-28-13-40-50-0400__CAM_FRONT_LEFT__1535478554104799.jpg", "samples/CAM_FRONT/n008-2018-08-28-13-40-50-0400__CAM_FRONT__1535478554112404.jpg", "samples/CAM_FRONT_RIGHT/n008-2018-08-28-13-40-50-0400__CAM_FRONT_RIGHT__1535478554120482.jpg", "samples/CAM_BACK_LEFT/n008-2018-08-28-13-40-50-0400__CAM_BACK_LEFT__1535478554147405.jpg", "samples/CAM_BACK/n008-2018-08-28-13-40-50-0400__CAM_BACK__1535478554137558.jpg", "samples/CAM_BACK_RIGHT/n008-2018-08-28-13-40-50-0400__CAM_BACK_RIGHT__1535478554128113.jpg"], "intrinsics": [[[1257.8625342125129, 0.0, 827.2410631095686], [0.0, 1257.8625342125129, 450.915498205774], [0.0, 0.0, 1.0]], [[1252.8131021185304, 0.0, 826.588114781398], [0.0, 1252.8131021185304, 469.9846626224581], [0.0, 0.0, 1.0]], [[1256.7485116440405, 0.0, 817.7887570959712], [0.0, 1256.7485116440403, 451.9541780095127], [0.0, 0.0, 1.0]], [[1254.9860565800168, 0.0, 829.5769333630991], [0.0, 1254.9860565800168, 467.1680561863987], [0.0, 0.0, 1.0]], [[796.8910634503094, 0.0, 857.7774326863696], [0.0, 796.8910634503094, 476.8848988407415], [0.0, 0.0, 1.0]], [[1249.9629280788233, 0.0, 825.3768045375984], [0.0, 1249.9629280788233, 462.54816385708756], [0.0, 0.0, 1.0]]], "extrinsics": [[[0.8301069736480713, -0.5573760867118835, -0.015951398760080338, -0.89404296875], [-0.007998845539987087, 0.016701053828001022, -0.9998285174369812, 1.4872474670410156], [0.5575469136238098, 0.830092191696167, 0.009405293501913548, -1.2567138671875], [0.0, 0.0, 0.0, 1.0]], [[0.021254055202007294, -0.9996907711029053, -0.012912883423268795, 0.006103515625], [-0.005750781856477261, 0.012793343514204025, -0.9999015927314758, 1.4795475006103516], [0.9997576475143433, 0.021326186135411263, -0.005477092694491148, -1.6239013671875], [0.0, 0.0, 0.0, 1.0]], [[-0.8394342064857483, -0.5434422492980957, -0.004545135889202356, 1.0146484375], [0.0025945946108549833, 0.0043557267636060715, -0.9999871253967285, 1.4933085441589355], [0.5434551239013672, -0.8394352793693542, -0.0022463351488113403, -1.2301025390625], [0.0, 0.0, 0.0, 1.0]], [[0.9477058053016663, 0.3188169598579407, -0.01447231788188219, -1.131988525390625], [-0.022149352356791496, 0.02046733722090721, -0.999545156955719, 1.5617942810058594], [-0.31837576627731323, 0.9475951790809631, 0.026458607986569405, -0.15869140625], [0.0, 0.0, 0.0, 1.0]], [[0.006021496374160051, 0.9999070763587952, 0.012230695225298405, -0.027587890625], [-0.02029283344745636, 0.012350584380328655, -0.9997177720069885, 1.5672645568847656], [-0.9997760057449341, 0.00577160669490695, 0.020365316420793533, 0.00445556640625], [0.0, 0.0, 0.0, 1.0]], [[-0.9260805249214172, 0.37716713547706604, 0.010948233306407928, 1.0986328125], [-0.01619449444115162, -0.010741234757006168, -0.9998111724853516, 1.5467033386230469], [-0.3769782781600952, -0.9260828495025635, 0.016055278480052948, -0.0703125], [0.0, 0.0, 0.0, 1.0]]], "view": [[0.0, -2.0, 100.0], [-2.0, 0.0, 100.0], [0.0, 0.0, 1.0]], "bev": "bev_86368a81f46846b78c0068142038b0fc.png", "aux": "aux_86368a81f46846b78c0068142038b0fc.npz", "visibility": "visibility_86368a81f46846b78c0068142038b0fc.png", "pose": [[0.7139666676521301, 0.7001796960830688, 0.0, 1222.18701171875], [-0.7001796960830688, 0.7139666676521301, 0.0, 1742.290283203125], [0.0, 0.0, 1.0, 0.0], [0.0, 0.0, 0.0, 1.0]], "pose_inverse": [[0.7139666676521301, -0.7001796960830688, 0.0, 347.3155212402344], [0.7001796960830688, 0.7139666676521301, 0.0, -2099.687744140625], [0.0, 0.0, 1.0, 0.0], [0.0, 0.0, 0.0, 1.0]], "cam_ids": [0, 1, 2, 3, 4, 5], "cam_channels": ["CAM_FRONT_LEFT", "CAM_FRONT", "CAM_FRONT_RIGHT", "CAM_BACK_LEFT", "CAM_BACK", "CAM_BACK_RIGHT"], "token": "86368a81f46846b78c0068142038b0fc", "scene": "scene-0502"}, {"images": ["samples/CAM_FRONT_LEFT/n008-2018-08-28-13-40-50-0400__CAM_FRONT_LEFT__1535478554504799.jpg", "samples/CAM_FRONT/n008-2018-08-28-13-40-50-0400__CAM_FRONT__1535478554512404.jpg", "samples/CAM_FRONT_RIGHT/n008-2018-08-28-13-40-50-0400__CAM_FRONT_RIGHT__1535478554520482.jpg", "samples/CAM_BACK_LEFT/n008-2018-08-28-13-40-50-0400__CAM_BACK_LEFT__1535478554547405.jpg", "samples/CAM_BACK/n008-2018-08-28-13-40-50-0400__CAM_BACK__1535478554537558.jpg", "samples/CAM_BACK_RIGHT/n008-2018-08-28-13-40-50-0400__CAM_BACK_RIGHT__1535478554528113.jpg"], "intrinsics": [[[1257.8625342125129, 0.0, 827.2410631095686], [0.0, 1257.8625342125129, 450.915498205774], [0.0, 0.0, 1.0]], [[1252.8131021185304, 0.0, 826.588114781398], [0.0, 1252.8131021185304, 469.9846626224581], [0.0, 0.0, 1.0]], [[1256.7485116440405, 0.0, 817.7887570959712], [0.0, 1256.7485116440403, 451.9541780095127], [0.0, 0.0, 1.0]], [[1254.9860565800168, 0.0, 829.5769333630991], [0.0, 1254.9860565800168, 467.1680561863987], [0.0, 0.0, 1.0]], [[796.8910634503094, 0.0, 857.7774326863696], [0.0, 796.8910634503094, 476.8848988407415], [0.0, 0.0, 1.0]], [[1249.9629280788233, 0.0, 825.3768045375984], [0.0, 1249.9629280788233, 462.54816385708756], [0.0, 0.0, 1.0]]], "extrinsics": [[[0.8307825922966003, -0.5561369061470032, -0.02263111248612404, -0.8839111328125], [-0.010751553811132908, 0.02461758255958557, -0.9996391534805298, 1.4868392944335938], [0.5564932823181152, 0.8307260274887085, 0.01447252370417118, -1.244140625], [0.0, 0.0, 0.0, 1.0]], [[0.022320836782455444, -0.9995436668395996, -0.020354323089122772, 0.0020751953125], [-0.008743109181523323, 0.020163455978035927, -0.9997584819793701, 1.4791831970214844], [0.9997126460075378, 0.02249339036643505, -0.008289054036140442, -1.6085205078125], [0.0, 0.0, 0.0, 1.0]], [[-0.8389468193054199, -0.5441854596138, -0.005520947743207216, 0.99908447265625], [-0.0006534308195114136, 0.011152074672281742, -0.9999375343322754, 1.4930744171142578], [0.544213056564331, -0.838890790939331, -0.009711584076285362, -1.225341796875], [0.0, 0.0, 0.0, 1.0]], [[0.947582483291626, 0.31905925273895264, -0.016991106793284416, -1.1184539794921875], [-0.02619980089366436, 0.02459210716187954, -0.9993541836738586, 1.5615081787109375], [-0.31843534111976624, 0.9474157094955444, 0.031662337481975555, -0.158935546875], [0.0, 0.0, 0.0, 1.0]], [[0.005591972265392542, 0.999830424785614, 0.017546871677041054, -0.0234375], [-0.02404078282415867, 0.017676491290330887, -0.9995546340942383, 1.5668754577636719], [-0.999695360660553, 0.005167696624994278, 0.02413555234670639, -0.00872802734375], [0.0, 0.0, 0.0, 1.0]], [[-0.9263142347335815, 0.37639009952545166, 0.01650962606072426, 1.086669921875], [-0.019649241119623184, -0.004503577947616577, -0.9997967481613159, 1.5461747646331787], [-0.37623918056488037, -0.9264503717422485, 0.011567509733140469, -0.079833984375], [0.0, 0.0, 0.0, 1.0]]], "view": [[0.0, -2.0, 100.0], [-2.0, 0.0, 100.0], [0.0, 0.0, 1.0]], "bev": "bev_2685cf6d112a49119a49c683cc1b7ddf.png", "aux": "aux_2685cf6d112a49119a49c683cc1b7ddf.npz", "visibility": "visibility_2685cf6d112a49119a49c683cc1b7ddf.png", "pose": [[0.6113399267196655, 0.7913681268692017, 0.0, 1222.9508056640625], [-0.7913681268692017, 0.6113399267196655, 0.0, 1741.430419921875], [0.0, 0.0, 1.0, 0.0], [0.0, 0.0, 0.0, 1.0]], "pose_inverse": [[0.6113399267196655, -0.7913681268692017, 0.0, 630.473876953125], [0.7913681268692017, 0.6113399267196655, 0.0, -2032.41015625], [0.0, 0.0, 1.0, 0.0], [0.0, 0.0, 0.0, 1.0]], "cam_ids": [0, 1, 2, 3, 4, 5], "cam_channels": ["CAM_FRONT_LEFT", "CAM_FRONT", "CAM_FRONT_RIGHT", "CAM_BACK_LEFT", "CAM_BACK", "CAM_BACK_RIGHT"], "token": "2685cf6d112a49119a49c683cc1b7ddf", "scene": "scene-0502"}, {"images": ["samples/CAM_FRONT_LEFT/n008-2018-08-28-13-40-50-0400__CAM_FRONT_LEFT__1535478555004799.jpg", "samples/CAM_FRONT/n008-2018-08-28-13-40-50-0400__CAM_FRONT__1535478555012404.jpg", "samples/CAM_FRONT_RIGHT/n008-2018-08-28-13-40-50-0400__CAM_FRONT_RIGHT__1535478555020482.jpg", "samples/CAM_BACK_LEFT/n008-2018-08-28-13-40-50-0400__CAM_BACK_LEFT__1535478555047405.jpg", "samples/CAM_BACK/n008-2018-08-28-13-40-50-0400__CAM_BACK__1535478555037558.jpg", "samples/CAM_BACK_RIGHT/n008-2018-08-28-13-40-50-0400__CAM_BACK_RIGHT__1535478555028113.jpg"], "intrinsics": [[[1257.8625342125129, 0.0, 827.2410631095686], [0.0, 1257.8625342125129, 450.915498205774], [0.0, 0.0, 1.0]], [[1252.8131021185304, 0.0, 826.588114781398], [0.0, 1252.8131021185304, 469.9846626224581], [0.0, 0.0, 1.0]], [[1256.7485116440405, 0.0, 817.7887570959712], [0.0, 1256.7485116440403, 451.9541780095127], [0.0, 0.0, 1.0]], [[1254.9860565800168, 0.0, 829.5769333630991], [0.0, 1254.9860565800168, 467.1680561863987], [0.0, 0.0, 1.0]], [[796.8910634503094, 0.0, 857.7774326863696], [0.0, 796.8910634503094, 476.8848988407415], [0.0, 0.0, 1.0]], [[1249.9629280788233, 0.0, 825.3768045375984], [0.0, 1249.9629280788233, 462.54816385708756], [0.0, 0.0, 1.0]]], "extrinsics": [[[0.8324393033981323, -0.5539435148239136, -0.013836083933711052, -0.89111328125], [-0.011668556369841099, 0.007440098561346531, -0.999904215335846, 1.4866962432861328], [0.5539934039115906, 0.8325210809707642, -0.0002702903875615448, -1.255126953125], [0.0, 0.0, 0.0, 1.0]], [[0.025039702653884888, -0.9996796250343323, -0.0036835218779742718, 0.0068359375], [-0.00975199043750763, 0.0034402403980493546, -0.9999465346336365, 1.4790496826171875], [0.9996389150619507, 0.025074295699596405, -0.009662722237408161, -1.61962890625], [0.0, 0.0, 0.0, 1.0]], [[-0.8377397656440735, -0.546053409576416, 0.004221795592457056, 1.0140533447265625], [-0.001734958146698773, -0.005069635342806578, -0.9999855756759644, 1.4929089546203613], [0.5460669994354248, -0.837735116481781, 0.003299655392765999, -1.2294921875], [0.0, 0.0, 0.0, 1.0]], [[0.9473345875740051, 0.31942009925842285, -0.0229787677526474, -1.136993408203125], [-0.027698392048478127, 0.010240109637379646, -0.9995638728141785, 1.5618476867675781], [-0.3190455138683319, 0.9475579261779785, 0.018548233434557915, -0.157958984375], [0.0, 0.0, 0.0, 1.0]], [[0.0044156466610729694, 0.9999871850013733, 0.002470561536028981, -0.0279541015625], [-0.02539604716002941, 0.0025819288566708565, -0.9996740818023682, 1.5671005249023438], [-0.999667763710022, 0.004351475741714239, 0.025407124310731888, 0.0064697265625], [0.0, 0.0, 0.