[{"images": ["samples/CAM_FRONT_LEFT/n015-2018-09-25-11-10-38+0800__CAM_FRONT_LEFT__1537845352254844.jpg", "samples/CAM_FRONT/n015-2018-09-25-11-10-38+0800__CAM_FRONT__1537845352262460.jpg", "samples/CAM_FRONT_RIGHT/n015-2018-09-25-11-10-38+0800__CAM_FRONT_RIGHT__1537845352270339.jpg", "samples/CAM_BACK_LEFT/n015-2018-09-25-11-10-38+0800__CAM_BACK_LEFT__1537845352297423.jpg", "samples/CAM_BACK/n015-2018-09-25-11-10-38+0800__CAM_BACK__1537845352287525.jpg", "samples/CAM_BACK_RIGHT/n015-2018-09-25-11-10-38+0800__CAM_BACK_RIGHT__1537845352277893.jpg"], "intrinsics": [[[1272.5979470598488, 0.0, 826.6154927353808], [0.0, 1272.5979470598488, 479.75165386361925], [0.0, 0.0, 1.0]], [[1266.417203046554, 0.0, 816.2670197447984], [0.0, 1266.417203046554, 491.50706579294757], [0.0, 0.0, 1.0]], [[1260.8474446004698, 0.0, 807.968244525554], [0.0, 1260.8474446004698, 495.3344268742088], [0.0, 0.0, 1.0]], [[1256.7414812095406, 0.0, 792.1125740759628], [0.0, 1256.7414812095406, 492.7757465151356], [0.0, 0.0, 1.0]], [[809.2209905677063, 0.0, 829.2196003259838], [0.0, 809.2209905677063, 481.77842384512485], [0.0, 0.0, 1.0]], [[1259.5137405846733, 0.0, 807.2529053838625], [0.0, 1259.5137405846733, 501.19579884916527], [0.0, 0.0, 1.0]]], "extrinsics": [[[0.821022093296051, -0.5707401633262634, 0.013349986635148525, -0.87933349609375], [-0.007996810600161552, -0.03487925976514816, -0.9993595480918884, 1.5074167251586914], [0.5708402395248413, 0.8203895688056946, -0.03320075199007988, -1.22088623046875], [0.0, 0.0, 0.0, 1.0]], [[0.006232969928532839, -0.9992280006408691, 0.038787841796875, 0.00565338134765625], [-0.013422426767647266, -0.038868699222803116, -0.9991541504859924, 1.5193710327148438], [0.9998904466629028, 0.00570706045255065, -0.013654331676661968, -1.6055908203125], [0.0, 0.0, 0.0, 1.0]], [[-0.8326777815818787, -0.5534461736679077, 0.01857398822903633, 0.9764404296875], [-0.007947281934320927, -0.02159476839005947, -0.9997351765632629, 1.5031089782714844], [0.5537007451057434, -0.8326048851013184, 0.01358309481292963, -1.21136474609375], [0.0, 0.0, 0.0, 1.0]], [[0.9475774168968201, 0.3191114664077759, -0.01627066731452942, -1.1416015625], [0.0002593942917883396, -0.05168949440121651, -0.9986631274223328, 1.588557243347168], [-0.31952589750289917, 0.9463065266609192, -0.049062579870224, -0.103851318359375], [0.0, 0.0, 0.0, 1.0]], [[0.0018446078756824136, 0.999122679233551, -0.041838135570287704, 0.002777099609375], [-0.024982135742902756, -0.04177910462021828, -0.9988145232200623, 1.5787353515625], [-0.9996861815452576, 0.002887601964175701, 0.024883151054382324, -0.023193359375], [0.0, 0.0, 0.0, 1.0]], [[-0.9350212216377258, 0.35419800877571106, -0.0167018324136734, 1.090576171875], [0.007804737892001867, -0.026532746851444244, -0.9996174573898315, 1.551832675933838], [-0.354505717754364, -0.9347939491271973, 0.022044260054826736, -0.08087158203125], [0.0, 0.0, 0.0, 1.0]]], "view": [[0.0, -2.0, 100.0], [-2.0, 0.0, 100.0], [0.0, 0.0, 1.0]], "bev": "bev_f7d0cc48fec147f18f8a5957c95002cf.png", "aux": "aux_f7d0cc48fec147f18f8a5957c95002cf.npz", "visibility": "visibility_f7d0cc48fec147f18f8a5957c95002cf.png", "pose": [[-0.4217665493488312, 0.9067044258117676, 0.0, 440.8624267578125], [-0.9067044258117676, -0.4217665493488312, 0.0, 1258.7794189453125], [0.0, 0.0, 1.0, 0.0], [0.0, 0.0, 0.0, 1.0]], "pose_inverse": [[-0.4217665493488312, -0.9067044258117676, 0.0, 1327.281982421875], [0.9067044258117676, -0.4217665493488312, 0.0, 131.17913818359375], [0.0, 0.0, 1.0, 0.0], [0.0, 0.0, 0.0, 1.0]], "cam_ids": [0, 1, 2, 3, 4, 5], "cam_channels": ["CAM_FRONT_LEFT", "CAM_FRONT", "CAM_FRONT_RIGHT", "CAM_BACK_LEFT", "CAM_BACK", "CAM_BACK_RIGHT"], "token": "f7d0cc48fec147f18f8a5957c95002cf", "scene": "scene-0980"}, {"images": ["samples/CAM_FRONT_LEFT/n015-2018-09-25-11-10-38+0800__CAM_FRONT_LEFT__1537845352754844.jpg", "samples/CAM_FRONT/n015-2018-09-25-11-10-38+0800__CAM_FRONT__1537845352762460.jpg", "samples/CAM_FRONT_RIGHT/n015-2018-09-25-11-10-38+0800__CAM_FRONT_RIGHT__1537845352770339.jpg", "samples/CAM_BACK_LEFT/n015-2018-09-25-11-10-38+0800__CAM_BACK_LEFT__1537845352797423.jpg", "samples/CAM_BACK/n015-2018-09-25-11-10-38+0800__CAM_BACK__1537845352787525.jpg", "samples/CAM_BACK_RIGHT/n015-2018-09-25-11-10-38+0800__CAM_BACK_RIGHT__1537845352777893.jpg"], "intrinsics": [[[1272.5979470598488, 0.0, 826.6154927353808], [0.0, 1272.5979470598488, 479.75165386361925], [0.0, 0.0, 1.0]], [[1266.417203046554, 0.0, 816.2670197447984], [0.0, 1266.417203046554, 491.50706579294757], [0.0, 0.0, 1.0]], [[1260.8474446004698, 0.0, 807.968244525554], [0.0, 1260.8474446004698, 495.3344268742088], [0.0, 0.0, 1.0]], [[1256.7414812095406, 0.0, 792.1125740759628], [0.0, 1256.7414812095406, 492.7757465151356], [0.0, 0.0, 1.0]], [[809.2209905677063, 0.0, 829.2196003259838], [0.0, 809.2209905677063, 481.77842384512485], [0.0, 0.0, 1.0]], [[1259.5137405846733, 0.0, 807.2529053838625], [0.0, 1259.5137405846733, 501.19579884916527], [0.0, 0.0, 1.0]]], "extrinsics": [[[0.8206070065498352, -0.5713775753974915, 0.011480016633868217, -0.87738037109375], [-0.01110477838665247, -0.036026112735271454, -0.9992890954017639, 1.5070648193359375], [0.5713850259780884, 0.8198962211608887, -0.035908300429582596, -1.21929931640625], [0.0, 0.0, 0.0, 1.0]], [[0.0056885951198637486, -0.9991798996925354, 0.040088847279548645, 0.00553131103515625], [-0.016422288492321968, -0.04017743840813637, -0.9990575909614563, 1.5190925598144531], [0.9998489022254944, 0.005024813115596771, -0.016637371852993965, -1.6043701171875], [0.0, 0.0, 0.0, 1.0]], [[-0.8329023122787476, -0.5529918074607849, 0.02176634967327118, 0.9755859375], [-0.010817567817866802, -0.02305515483021736, -0.9996756315231323, 1.502903938293457], [0.5533142685890198, -0.8328676223754883, 0.013220664113759995, -1.2110595703125], [0.0, 0.0, 0.0, 1.0]], [[0.9475488066673279, 0.31903547048568726, -0.019172104075551033, -1.1416015625], [-0.0021705066319555044, -0.05356106162071228, -0.998562216758728, 1.5885567665100098], [-0.31960365176200867, 0.9462280869483948, -0.050059251487255096, -0.10394287109375], [0.0, 0.0, 0.0, 1.0]], [[0.0019337619887664914, 0.9990478754043579, -0.04358645901083946, 0.00286865234375], [-0.027593158185482025, -0.04351663962006569, -0.9986715912818909, 1.5786590576171875], [-0.999617338180542, 0.003133885096758604, 0.027482731267809868, -0.0235595703125], [0.0, 0.0, 0.0, 1.0]], [[-0.9349352717399597, 0.35451367497444153, -0.014697413891553879, 1.09033203125], [0.00504781911149621, -0.028128748759627342, -0.999591588973999, 1.5516984462738037], [-0.3547823429107666, -0.9346276521682739, 0.024509040638804436, -0.0810546875], [0.0, 0.0, 0.0, 1.0]]], "view": [[0.0, -2.0, 100.0], [-2.0, 0.0, 100.0], [0.0, 0.0, 1.0]], "bev": "bev_ef7ef6f1497842fb8021be0720145b05.png", "aux": "aux_ef7ef6f1497842fb8021be0720145b05.npz", "visibility": "visibility_ef7ef6f1497842fb8021be0720145b05.png", "pose": [[-0.41734251379966736, 0.9087492823600769, 0.0, 440.3363952636719], [-0.9087492823600769, -0.41734251379966736, 0.0, 1257.64990234375], [0.0, 0.0, 1.0, 0.0], [0.0, 0.0, 0.0, 1.0]], "pose_inverse": [[-0.41734251379966736, -0.9087492823600769, 0.0, 1326.6595458984375], [0.9087492823600769, -0.41734251379966736, 0.0, 124.71540069580078], [0.0, 0.0, 1.0, 0.0], [0.0, 0.0, 0.0, 1.0]], "cam_ids": [0, 1, 2, 3, 4, 5], "cam_channels": ["CAM_FRONT_LEFT", "CAM_FRONT", "CAM_FRONT_RIGHT", "CAM_BACK_LEFT", "CAM_BACK", "CAM_BACK_RIGHT"], "token": "ef7ef6f1497842fb8021be0720145b05", "scene": "scene-0980"}, {"images": ["samples/CAM_FRONT_LEFT/n015-2018-09-25-11-10-38+0800__CAM_FRONT_LEFT__1537845353254844.jpg", "samples/CAM_FRONT/n015-2018-09-25-11-10-38+0800__CAM_FRONT__1537845353262460.jpg", "samples/CAM_FRONT_RIGHT/n015-2018-09-25-11-10-38+0800__CAM_FRONT_RIGHT__1537845353270339.jpg", "samples/CAM_BACK_LEFT/n015-2018-09-25-11-10-38+0800__CAM_BACK_LEFT__1537845353297423.jpg", "samples/CAM_BACK/n015-2018-09-25-11-10-38+0800__CAM_BACK__1537845353287525.jpg", "samples/CAM_BACK_RIGHT/n015-2018-09-25-11-10-38+0800__CAM_BACK_RIGHT__1537845353277893.jpg"], "intrinsics": [[[1272.5979470598488, 0.0, 826.6154927353808], [0.0, 1272.5979470598488, 479.75165386361925], [0.0, 0.0, 1.0]], [[1266.417203046554, 0.0, 816.2670197447984], [0.0, 1266.417203046554, 491.50706579294757], [0.0, 0.0, 1.0]], [[1260.8474446004698, 0.0, 807.968244525554], [0.0, 1260.8474446004698, 495.3344268742088], [0.0, 0.0, 1.0]], [[1256.7414812095406, 0.0, 792.1125740759628], [0.0, 1256.7414812095406, 492.7757465151356], [0.0, 0.0, 1.0]], [[809.2209905677063, 0.0, 829.2196003259838], [0.0, 809.2209905677063, 481.77842384512485], [0.0, 0.0, 1.0]], [[1259.5137405846733, 0.0, 807.2529053838625], [0.0, 1259.5137405846733, 501.19579884916527], [0.0, 0.0, 1.0]]], "extrinsics": [[[0.8207595348358154, -0.5711268186569214, 0.012958584353327751, -0.87213134765625], [-0.009663715027272701, -0.03656088188290596, -0.9992846846580505, 1.5071802139282227], [0.5711920261383057, 0.8200473189353943, -0.03552690148353577, -1.21624755859375], [0.0, 0.0, 0.0, 1.0]], [[0.0058749280869960785, -0.9991634488105774, 0.04047171026468277, 0.0060272216796875], [-0.014940718188881874, -0.040555600076913834, -0.9990655779838562, 1.5191707611083984], [0.9998711943626404, 0.005264779552817345, -0.015166480094194412, -1.60009765625], [0.0, 0.0, 0.0, 1.0]], [[-0.8328261971473694, -0.5531492829322815, 0.020645949989557266, 0.97314453125], [-0.009304046630859375, -0.02330436371266842, -0.9996851086616516, 1.5029878616333008], [0.5534562468528748, -0.8327561616897583, 0.014261960983276367, -1.208984375], [0.0, 0.0, 0.0, 1.0]], [[0.947539210319519, 0.3191530406475067, -0.017626330256462097, -1.1416015625], [-0.0005605308106169105, -0.05348522216081619, -0.9985684752464294, 1.5885558128356934], [-0.3196389377117157, 0.9461926817893982, -0.05050045624375343, -0.103851318359375], [0.0, 0.0, 0.0, 1.0]], [[0.0018753743497654796, 0.9990472793579102, -0.04360092058777809, 0.00273895263671875], [-0.02601577714085579, -0.04353749379515648, -0.9987130165100098, 1.5786857604980469], [-0.9996597766876221, 0.0030072303488850594, 0.025909338146448135, -0.024169921875], [0.0, 0.0, 0.0, 1.0]], [[-0.9349636435508728, 0.35437390208244324, -0.016187986359000206, 1.08837890625], [0.006592039484530687, -0.028269149363040924, -0.9995786547660828, 1.5517940521240234], [-0.35468220710754395, -0.934676468372345, 0.024094577878713608, -0.08154296875], [0.0, 0.0, 0.0, 1.0]]], "view": [[0.0, -2.0, 100.0], [-2.0, 0.0, 100.0], [0.0, 0.0, 1.0]], "bev": "bev_83fce6504b1f41d3a86738fe10bd6cfc.png", "aux": "aux_83fce6504b1f41d3a86738fe10bd6cfc.npz", "visibility": "visibility_83fce6504b1f41d3a86738fe10bd6cfc.png", "pose": [[-0.41084611415863037, 0.9117047190666199, 0.0, 439.8074645996094], [-0.9117047190666199, -0.41084611415863037, 0.0, 1256.502685546875], [0.0, 0.0, 1.0, 0.0], [0.0, 0.0, 0.0, 1.0]], "pose_inverse": [[-0.41084611415863037, -0.9117047190666199, 0.0, 1326.2525634765625], [0.9117047190666199, -0.41084611415863037, 0.0, 115.25470733642578], [0.0, 0.0, 1.0, 0.0], [0.0, 0.0, 0.0, 1.0]], "cam_ids": [0, 1, 2, 3, 4, 5], "cam_channels": ["CAM_FRONT_LEFT", "CAM_FRONT", "CAM_FRONT_RIGHT", "CAM_BACK_LEFT", "CAM_BACK", "CAM_BACK_RIGHT"], "token": "83fce6504b1f41d3a86738fe10bd6cfc", "scene": "scene-0980"}, {"images": ["samples/CAM_FRONT_LEFT/n015-2018-09-25-11-10-38+0800__CAM_FRONT_LEFT__1537845353754844.jpg", "samples/CAM_FRONT/n015-2018-09-25-11-10-38+0800__CAM_FRONT__1537845353762460.jpg", "samples/CAM_FRONT_RIGHT/n015-2018-09-25-11-10-38+0800__CAM_FRONT_RIGHT__1537845353770339.jpg", "samples/CAM_BACK_LEFT/n015-2018-09-25-11-10-38+0800__CAM_BACK_LEFT__1537845353797423.jpg", "samples/CAM_BACK/n015-2018-09-25-11-10-38+0800__CAM_BACK__1537845353787525.jpg", "samples/CAM_BACK_RIGHT/n015-2018-09-25-11-10-38+0800__CAM_BACK_RIGHT__1537845353777893.jpg"], "intrinsics": [[[1272.5979470598488, 0.0, 826.6154927353808], [0.0, 1272.5979470598488, 479.75165386361925], [0.0, 0.0, 1.0]], [[1266.417203046554, 0.0, 816.2670197447984], [0.0, 1266.417203046554, 491.50706579294757], [0.0, 0.0, 1.0]], [[1260.8474446004698, 0.0, 807.968244525554], [0.0, 1260.8474446004698, 495.3344268742088], [0.0, 0.0, 1.0]], [[1256.7414812095406, 0.0, 792.1125740759628], [0.0, 1256.7414812095406, 492.7757465151356], [0.0, 0.0, 1.0]], [[809.2209905677063, 0.0, 829.2196003259838], [0.0, 809.2209905677063, 481.77842384512485], [0.0, 0.0, 1.0]], [[1259.5137405846733, 0.0, 807.2529053838625], [0.0, 1259.5137405846733, 501.19579884916527], [0.0, 0.0, 1.0]]], "extrinsics": [[[0.8206930160522461, -0.5711080431938171, 0.017277436330914497, -0.877685546875], [-0.0051294188015162945, -0.03760175406932831, -0.9992796778678894, 1.507725715637207], [0.5713463425636292, 0.8200131058692932, -0.03378894925117493, -1.2200927734375], [0.0, 0.0, 0.0, 1.0]], [[0.00571850361302495, -0.999114990234375, 0.04167214781045914, 0.006011962890625], [-0.01043247152119875, -0.04173017293214798, -0.9990745186805725, 1.5196380615234375], [0.9999291896820068, 0.005278505850583315, -0.010661874897778034, -1.6048583984375], [0.0, 0.0, 0.0, 1.0]], [[-0.8328920006752014, -0.5531545281410217, 0.01762869581580162, 0.97607421875], [-0.004822790157049894, -0.02459762990474701, -0.9996857643127441, 1.5033245086669922], [0.5534144043922424, -0.8327153921127319, 0.017819425091147423, -1.21087646484375], [0.0, 0.0, 0.0, 1.0]], [[0.9476197361946106, 0.3190922141075134, -0.014033068902790546, -1.1409912109375], [0.003772860625758767, -0.05511532723903656, -0.9984728693962097, 1.5885586738586426], [-0.3193783462047577, 0.9461196660995483, -0.053432267159223557, -0.1041259765625], [0.0, 0.0, 0.0, 1.0]], [[0.0020594254601746798, 0.9989790916442871, -0.04512736201286316, 0.00275421142578125], [-0.021617954596877098, -0.04507243633270264, -0.9987497925758362, 1.5788002014160156], [-0.9997641444206238, 0.0030324526596814394, 0.021503064781427383, -0.02392578125], [0.0, 0.0, 0.0, 1.0]], [[-0.9348964095115662, 0.35430794954299927, -0.020844874903559685, 1.090087890625], [0.011041409336030483, -0.02966870181262493, -0.9994988441467285, 1.552001953125], [-0.35474875569343567, -0.9346580505371094, 0.023825103417038918, -0.08087158203125], [0.0, 0.0, 0.0, 1.0]]], "view": [[0.0, -2.0, 100.0], [-2.0, 0.0, 100.0], [0.0, 0.0, 1.0]], "bev": "bev_8efb06a0ddae43b4ba39d2a5128ded4f.png", "aux": "aux_8efb06a0ddae43b4ba39d2a5128ded4f.npz", "visibility": "visibility_8efb06a0ddae43b4ba39d2a5128ded4f.png", "pose": [[-0.4034672677516937, 0.9149940609931946, 0.0, 439.2816467285156], [-0.9149940609931946, -0.4034672677516937, 0.0, 1255.340087890625], [0.0, 0.0, 1.0, 0.0], [0.0, 0.0, 0.0, 1.0]], "pose_inverse": [[-0.4034672677516937, -0.9149940609931946, 0.0, 1325.864501953125], [0.9149940609931946, -0.4034672677516937, 0.0, 104.54854583740234], [0.0, 0.0, 1.0, 0.0], [0.0, 0.0, 0.0, 1.0]], "cam_ids": [0, 1, 2, 3, 4, 5], "cam_channels": ["CAM_FRONT_LEFT", "CAM_FRONT", "CAM_FRONT_RIGHT", "CAM_BACK_LEFT", "CAM_BACK", "CAM_BACK_RIGHT"], "token": "8efb06a0ddae43b4ba39d2a5128ded4f", "scene": "scene-0980"}, {"images": ["samples/CAM_FRONT_LEFT/n015-2018-09-25-11-10-38+0800__CAM_FRONT_LEFT__1537845354254844.jpg", "samples/CAM_FRONT/n015-2018-09-25-11-10-38+0800__CAM_FRONT__1537845354262460.jpg", "samples/CAM_FRONT_RIGHT/n015-2018-09-25-11-10-38+0800__CAM_FRONT_RIGHT__1537845354270339.jpg", "samples/CAM_BACK_LEFT/n015-2018-09-25-11-10-38+0800__CAM_BACK_LEFT__1537845354297423.jpg", "samples/CAM_BACK/n015-2018-09-25-11-10-38+0800__CAM_BACK__1537845354287525.jpg", "samples/CAM_BACK_RIGHT/n015-2018-09-25-11-10-38+0800__CAM_BACK_RIGHT__1537845354277893.jpg"], "intrinsics": [[[1272.5979470598488, 0.0, 826.6154927353808], [0.0, 1272.5979470598488, 479.75165386361925], [0.0, 0.0, 1.0]], [[1266.417203046554, 0.0, 816.2670197447984], [0.0, 1266.417203046554, 491.50706579294757], [0.0, 0.0, 1.0]], [[1260.8474446004698, 0.0, 807.968244525554], [0.0, 1260.8474446004698, 495.3344268742088], [0.0, 0.0, 1.0]], [[1256.7414812095406, 0.0, 792.1125740759628], [0.0, 1256.7414812095406, 492.7757465151356], [0.0, 0.0, 1.0]], [[809.2209905677063, 0.0, 829.2196003259838], [0.0, 809.2209905677063, 481.77842384512485], [0.0, 0.0, 1.0]], [[1259.5137405846733, 0.0, 807.2529053838625], [0.0, 1259.5137405846733, 501.19579884916527], [0.0, 0.0, 1.0]]], "extrinsics": [[[0.8210650682449341, -0.570620059967041, 0.015647737309336662, -0.8734130859375], [-0.0061873700469732285, -0.03630673885345459, -0.9993215203285217, 1.5075788497924805], [0.5708010196685791, 0.8204112648963928, -0.033340830355882645, -1.21710205078125], [0.0, 0.0, 0.0, 1.0]], [[0.006256970576941967, -0.9991683959960938, 0.04029091075062752, 0.00601959228515625], [-0.011481604538857937, -0.04036083072423935, -0.999119222164154, 1.5194988250732422], [0.9999145269393921, 0.005788795184344053, -0.011724591255187988, -1.6009521484375], [0.0, 0.0, 0.0, 1.0]], [[-0.8326658010482788, -0.5534931421279907, 0.01769217476248741, 0.9732666015625], [-0.0058662244118750095, -0.023130422458052635, -0.9997152090072632, 1.5032310485839844], [0.5537447333335876, -0.8325324654579163, 0.016012996435165405, -1.20904541015625], [0.0, 0.0, 0.0, 1.0]], [[0.9476166367530823, 0.3190852701663971, -0.014396816492080688, -1.14111328125], [0.002796157030388713, -0.05335857346653938, -0.998571515083313, 1.5885579586029053], [-0.3193976879119873, 0.946222722530365, -0.05145568028092384, -0.10400390625], [0.0, 0.0, 0.0, 1.0]], [[0.0018999245949089527, 0.9990543127059937, -0.043439023196697235, 0.00279998779296875], [-0.022615784779191017, -0.043385058641433716, -0.9988024234771729, 1.5787582397460938], [-0.9997424483299255, 0.002880093175917864, 0.02251196652650833, -0.0247802734375], [0.0, 0.0, 0.0, 1.0]], [[-0.9350095391273499, 0.35409578680992126, -0.019324563443660736, 1.0880126953125], [0.010017957538366318, -0.028097141534090042, -0.9995549917221069, 1.5519733428955078], [-0.35448113083839417, -0.9347870349884033, 0.02272377908229828, -0.08172607421875], [0.0, 0.0, 0.0, 1.0]]], "view": [[0.0, -2.0, 100.0], [-2.0, 0.0, 100.0], [0.0, 0.0, 1.0]], "bev": "bev_2cfa454969884d15bcb0663162bcf609.png", "aux": "aux_2cfa454969884d15bcb0663162bcf609.npz", "visibility": "visibility_2cfa454969884d15bcb0663162bcf609.png", "pose": [[-0.400838702917099, 0.9161486625671387, 0.0, 438.774658203125], [-0.9161486625671387, -0.400838702917099, 0.0, 1254.20263671875], [0.0, 0.0, 1.0, 0.0], [0.0, 0.0, 0.0, 1.0]], "pose_inverse": [[-0.400838702917099, -0.9161486625671387, 0.0, 1324.9139404296875], [0.9161486625671387, -0.400838702917099, 0.0, 100.75013732910156], [0.0, 0.0, 1.0, 0.0], [0.0, 0.0, 0.0, 1.0]], "cam_ids": [0, 1, 2, 3, 4, 5], "cam_channels": ["CAM_FRONT_LEFT", "CAM_FRONT", "CAM_FRONT_RIGHT", "CAM_BACK_LEFT", "CAM_BACK", "CAM_BACK_RIGHT"], "token": "2cfa454969884d15bcb0663162bcf609", "scene": "scene-0980"}, {"images": ["samples/CAM_FRONT_LEFT/n015-2018-09-25-11-10-38+0800__CAM_FRONT_LEFT__1537845354654844.jpg", "samples/CAM_FRONT/n015-2018-09-25-11-10-38+0800__CAM_FRONT__1537845354662460.jpg", "samples/CAM_FRONT_RIGHT/n015-2018-09-25-11-10-38+0800__CAM_FRONT_RIGHT__1537845354670339.jpg", "samples/CAM_BACK_LEFT/n015-2018-09-25-11-10-38+0800__CAM_BACK_LEFT__1537845354697423.jpg", "samples/CAM_BACK/n015-2018-09-25-11-10-38+0800__CAM_BACK__1537845354687525.jpg", "samples/CAM_BACK_RIGHT/n015-2018-09-25-11-10-38+0800__CAM_BACK_RIGHT__1537845354677893.jpg"], "intrinsics": [[[1272.5979470598488, 0.0, 826.6154927353808], [0.0, 1272.5979470598488, 479.75165386361925], [0.0, 0.0, 1.0]], [[1266.417203046554, 0.0, 816.2670197447984], [0.0, 1266.417203046554, 491.50706579294757], [0.0, 0.0, 1.0]], [[1260.8474446004698, 0.0, 807.968244525554], [0.0, 1260.8474446004698, 495.3344268742088], [0.0, 0.0, 1.0]], [[1256.7414812095406, 0.0, 792.1125740759628], [0.0, 1256.7414812095406, 492.7757465151356], [0.0, 0.0, 1.0]], [[809.2209905677063, 0.0, 829.2196003259838], [0.0, 809.2209905677063, 481.77842384512485], [0.0, 0.0, 1.0]], [[1259.5137405846733, 0.0, 807.2529053838625], [0.0, 1259.5137405846733, 501.19579884916527], [0.0, 0.0, 1.0]]], "extrinsics": [[[0.8212467432022095, -0.5703644156455994, 0.015432706102728844, -0.869384765625], [-0.005579965189099312, -0.03507493808865547, -0.9993690848350525, 1.5076217651367188], [0.5705459117889404, 0.8206425309181213, -0.03198779374361038, -1.21453857421875], [0.0, 0.0, 0.0, 1.0]], [[0.006499037146568298, -0.9992135167121887, 0.03911545127630234, 0.00624847412109375], [-0.010884765535593033, -0.03918464481830597, -0.9991727471351624, 1.5195121765136719], [0.999919593334198, 0.006067922804504633, -0.011130867525935173, -1.5966796875], [0.0, 0.0, 0.0, 1.0]], [[-0.8325620889663696, -0.5536828637123108, 0.01660115085542202, 0.9705810546875], [-0.005277028772979975, -0.0220404751598835, -0.9997431039810181, 1.503260612487793], [0.5539065599441528, -0.8324359059333801, 0.015428267419338226, -1.2071533203125], [0.0, 0.0, 0.0, 1.0]], [[0.9476459622383118, 0.3190324008464813, -0.013609428890049458, -1.140380859375], [0.0033792774192988873, -0.05263679474592209, -0.9986079931259155, 1.5885604619979858], [-0.3193046748638153, 0.9462808966636658, -0.05095915496349335, -0.104217529296875], [0.0, 0.0, 0.0, 1.0]], [[0.0018769216258078814, 0.9990909099578857, -0.04258944094181061, 0.00267791748046875], [-0.022029174491763115, -0.0425378680229187, -0.9988519549369812, 1.5787429809570312], [-0.9997555017471313, 0.002812993945553899, 0.0219293050467968, -0.0264892578125], [0.0, 0.0, 0.0, 1.0]], [[-0.9350504279136658, 0.3539768159389496, -0.01952173002064228, 1.08544921875], [0.010606945492327213, -0.02710750885307789, -0.9995762705802917, 1.552032470703125], [-0.3543560206890106, -0.9348611831665039, 0.0215922724455595, -0.0826416015625], [0.0, 0.0, 0.0, 1.0]]], "view": [[0.0, -2.0, 100.0], [-2.0, 0.0, 100.0], [0.0, 0.0, 1.0]], "bev": "bev_3bfc8918d6664a25a702f03a72843b1f.png", "aux": "aux_3bfc8918d6664a25a702f03a72843b1f.npz", "visibility": "visibility_3bfc8918d6664a25a702f03a72843b1f.png", "pose": [[-0.4034022092819214, 0.9150227308273315, 0.0, 438.346435546875], [-0.9150227308273315, -0.4034022092819214, 0.0, 1253.2430419921875], [0.0, 0.0, 1.0, 0.0], [0.0, 0.0, 0.0, 1.0]], "pose_inverse": [[-0.4034022092819214, -0.9150227308273315, 0.0, 1323.5758056640625], [0.9150227308273315, -0.4034022092819214, 0.0, 104.46406555175781], [0.0, 0.0, 1.0, 0.0], [0.0, 0.0, 0.0, 1.0]], "cam_ids": [0, 1, 2, 3, 4, 5], "cam_channels": ["CAM_FRONT_LEFT", "CAM_FRONT", "CAM_FRONT_RIGHT", "CAM_BACK_LEFT", "CAM_BACK", "CAM_BACK_RIGHT"], "token": "3bfc8918d6664a25a702f03a72843b1f", "scene": "scene-0980"}, {"images": ["samples/CAM_FRONT_LEFT/n015-2018-09-25-11-10-38+0800__CAM_FRONT_LEFT__1537845355154844.jpg", "samples/CAM_FRONT/n015-2018-09-25-11-10-38+0800__CAM_FRONT__1537845355162460.jpg", "samples/CAM_FRONT_RIGHT/n015-2018-09-25-11-10-38+0800__CAM_FRONT_RIGHT__1537845355170339.jpg", "samples/CAM_BACK_LEFT/n015-2018-09-25-11-10-38+0800__CAM_BACK_LEFT__1537845355197423.jpg", "samples/CAM_BACK/n015-2018-09-25-11-10-38+0800__CAM_BACK__1537845355187525.jpg", "samples/CAM_BACK_RIGHT/n015-2018-09-25-11-10-38+0800__CAM_BACK_RIGHT__1537845355177893.jpg"], "intrinsics": [[[1272.5979470598488, 0.0, 826.6154927353808], [0.0, 1272.5979470598488, 479.75165386361925], [0.0, 0.0, 1.0]], [[1266.417203046554, 0.0, 816.2670197447984], [0.0, 1266.417203046554, 491.50706579294757], [0.0, 0.0, 1.0]], [[1260.8474446004698, 0.0, 807.968244525554], [0.0, 1260.8474446004698, 495.3344268742088], [0.0, 0.0, 1.0]], [[1256.7414812095406, 0.0, 792.1125740759628], [0.0, 1256.7414812095406, 492.7757465151356], [0.0, 0.0, 1.0]], [[809.2209905677063, 0.0, 829.2196003259838], [0.0, 809.2209905677063, 481.77842384512485], [0.0, 0.0, 1.0]], [[1259.5137405846733, 0.0, 807.2529053838625], [0.0, 1259.5137405846733, 501.19579884916527], [0.0, 0.0, 1.0]]], "extrinsics": [[[0.821466326713562, -0.5700678825378418, 0.014686629176139832, -0.84796142578125], [-0.005463441368192434, -0.03362080454826355, -0.9994197487831116, 1.507491111755371], [0.5702307820320129, 0.8209093809127808, -0.0307328924536705, -1.19952392578125], [0.0, 0.0, 0.0, 1.0]], [[0.006814390886574984, -0.9992715120315552, 0.03754926472902298, 0.00641632080078125], [-0.01072706375271082, -0.03762102499604225, -0.9992345571517944, 1.5192852020263672], [0.9999192357063293, 0.006406391970813274, -0.010975614190101624, -1.573974609375], [0.0, 0.0, 0.0, 1.0]], [[-0.8324294686317444, -0.5539143085479736, 0.015497513115406036, 0.955322265625], [-0.005083688069134951, -0.020332200452685356, -0.9997803568840027, 1.5031805038452148], [0.554107666015625, -0.8323253989219666, 0.01410919614136219, -1.19677734375], [0.0, 0.0, 0.0, 1.0]], [[0.9476251006126404, 0.3191400468349457, -0.01249974500387907, -1.1378173828125], [0.0037741379346698523, -0.05032363161444664, -0.9987257719039917, 1.5885812044143677], [-0.31936243176460266, 0.9463704824447632, -0.04889241233468056, -0.1053466796875], [0.0, 0.0, 0.0, 1.0]], [[0.001772519899532199, 0.9991776347160339, -0.04050900787115097, 0.002685546875], [-0.021722331643104553, -0.040461041033267975, -0.9989449977874756, 1.5785675048828125], [-0.9997624158859253, 0.002650599693879485, 0.02163274772465229, -0.0350341796875], [0.0, 0.0, 0.0, 1.0]], [[-0.9351063966751099, 0.35385289788246155, -0.019079986959695816, 1.0723876953125], [0.010844462551176548, -0.025242295116186142, -0.9996225833892822, 1.5521974563598633], [-0.35420095920562744, -0.9349603652954102, 0.019766883924603462, -0.08758544921875], [0.0, 0.0, 0.0, 1.0]]], "view": [[0.0, -2.0, 100.0], [-2.0, 0.0, 100.0], [0.0, 0.0, 1.0]], "bev": "bev_b4437279beaf4738b3cd051d2bcaff55.png", "aux": "aux_b4437279beaf4738b3cd051d2bcaff55.npz", "visibility": "visibility_b4437279beaf4738b3cd051d2bcaff55.png", "pose": [[-0.41047078371047974, 0.9118737578392029, 0.0, 437.738525390625], [-0.9118737578392029, -0.41047078371047974, 0.0, 1251.901611328125], [0.0, 0.0, 1.0, 0.0], [0.0, 0.0, 0.0, 1.0]], "pose_inverse": [[-0.41047078371047974, -0.9118737578392029, 0.0, 1321.255126953125], [0.9118737578392029, -0.41047078371047974, 0.0, 114.7067642211914], [0.0, 0.0, 1.0, 0.0], [0.0, 0.0, 0.0, 1.0]], "cam_ids": [0, 1, 2, 3, 4, 5], "cam_channels": ["CAM_FRONT_LEFT", "CAM_FRONT", "CAM_FRONT_RIGHT", "CAM_BACK_LEFT", "CAM_BACK", "CAM_BACK_RIGHT"], "token": "b4437279beaf4738b3cd051d2bcaff55", "scene": "scene-0980"}, {"images": ["samples/CAM_FRONT_LEFT/n015-2018-09-25-11-10-38+0800__CAM_FRONT_LEFT__1537845355654844.jpg", "samples/CAM_FRONT/n015-2018-09-25-11-10-38+0800__CAM_FRONT__1537845355662460.jpg", "samples/CAM_FRONT_RIGHT/n015-2018-09-25-11-10-38+0800__CAM_FRONT_RIGHT__1537845355670339.jpg", "samples/CAM_BACK_LEFT/n015-2018-09-25-11-10-38+0800__CAM_BACK_LEFT__1537845355697423.jpg", "samples/CAM_BACK/n015-2018-09-25-11-10-38+0800__CAM_BACK__1537845355687525.jpg", "samples/CAM_BACK_RIGHT/n015-2018-09-25-11-10-38+0800__CAM_BACK_RIGHT__1537845355677893.jpg"], "intrinsics": [[[1272.5979470598488, 0.0, 826.6154927353808], [0.0, 1272.5979470598488, 479.75165386361925], [0.0, 0.0, 1.0]], [[1266.417203046554, 0.0, 816.2670197447984], [0.0, 1266.417203046554, 491.50706579294757], [0.0, 0.0, 1.0]], [[1260.8474446004698, 0.0, 807.968244525554], [0.0, 1260.8474446004698, 495.3344268742088], [0.0, 0.0, 1.0]], [[1256.7414812095406, 0.0, 792.1125740759628], [0.0, 1256.7414812095406, 492.7757465151356], [0.0, 0.0, 1.0]], [[809.2209905677063, 0.0, 829.2196003259838], [0.0, 809.2209905677063, 481.77842384512485], [0.0, 0.0, 1.0]], [[1259.5137405846733, 0.0, 807.2529053838625], [0.0, 1259.5137405846733, 501.19579884916527], [0.0, 0.0, 1.0]]], "extrinsics": [[[0.8213662505149841, -0.5702056288719177, 0.014934138394892216, -0.81353759765625], [-0.004490595310926437, -0.03264515474438667, -0.9994569420814514, 1.507431983947754], [0.5703834891319275, 0.8208531141281128, -0.029374191537499428, -1.175537109375], [0.0, 0.0, 0.0, 1.0]], [[0.006659029982984066, -0.9993070363998413, 0.03662107139825821, 0.00643157958984375], [-0.009719394147396088, -0.03668483719229698, -0.9992796778678894, 1.519057273864746], [0.9999305605888367, 0.006298288237303495, -0.009956944733858109, -1.5389404296875], [0.0, 0.0, 0.0, 1.0]], [[-0.8324902653694153, -0.5538591146469116, 0.014138583093881607, 0.931396484375], [-0.004052429459989071, -0.01943127065896988, -0.9998029470443726, 1.503157615661621], [0.5540247559547424, -0.8323836326599121, 0.013931872323155403, -1.18133544921875], [0.0, 0.0, 0.0, 1.0]], [[0.9476313591003418, 0.31916728615760803, -0.011273822747170925, -1.1324462890625], [0.00482537504285574, -0.04960561916232109, -0.9987572431564331, 1.5886045694351196], [-0.31932979822158813, 0.9463992714881897, -0.04854794591665268, -0.10699462890625], [0.0, 0.0, 0.0, 1.0]], [[0.0018266647821292281, 0.9992101192474365, -0.03969651088118553, 0.002838134765625], [-0.020668746903538704, -0.03965037316083908, -0.998999834060669, 1.5783119201660156], [-0.9997847080230713, 0.00264530535787344, 0.02057999186217785, -0.049072265625], [0.0, 0.0, 0.0, 1.0]], [[-0.9350694417953491, 0.3539138436317444, -0.019748877733945847, 1.0516357421875], [0.011886646039783955, -0.02437535673379898, -0.9996322393417358, 1.552525520324707], [-0.354265034198761, -0.9349603056907654, 0.018585804849863052, -0.0955810546875], [0.0, 0.0, 0.0, 1.0]]], "view": [[0.0, -2.0, 100.0], [-2.0, 0.0, 100.0], [0.0, 0.0, 1.0]], "bev": "bev_317027e758554b18ab8e98a9a0cd3a7a.png", "aux": "aux_317027e758554b18ab8e98a9a0cd3a7a.npz", "visibility": "visibility_317027e758554b18ab8e98a9a0cd3a7a.png", "pose": [[-0.41872814297676086, 0.9081116318702698, 0.0, 436.9519348144531], [-0.9081116318702698, -0.41872814297676086, 0.0, 1250.189208984375], [0.0, 0.0, 1.0, 0.0], [0.0, 0.0, 0.0, 1.0]], "pose_inverse": [[-0.41872814297676086, -0.9081116318702698, 0.0, 1318.275390625], [0.9081116318702698, -0.41872814297676086, 0.0, 126.68829345703125], [0.0, 0.0, 1.0, 0.0], [0.0, 0.0, 0.0, 1.0]], "cam_ids": [0, 1, 2, 3, 4, 5], "cam_channels": ["CAM_FRONT_LEFT", "CAM_FRONT", "CAM_FRONT_RIGHT", "CAM_BACK_LEFT", "CAM_BACK", "CAM_BACK_RIGHT"], "token": "317027e758554b18ab8e98a9a0cd3a7a", "scene": "scene-0980"}, {"images": ["samples/CAM_FRONT_LEFT/n015-2018-09-25-11-10-38+0800__CAM_FRONT_LEFT__1537845356154844.jpg", "samples/CAM_FRONT/n015-2018-09-25-11-10-38+0800__CAM_FRONT__1537845356162460.jpg", "samples/CAM_FRONT_RIGHT/n015-2018-09-25-11-10-38+0800__CAM_FRONT_RIGHT__1537845356170339.jpg", "samples/CAM_BACK_LEFT/n015-2018-09-25-11-10-38+0800__CAM_BACK_LEFT__1537845356197423.jpg", "samples/CAM_BACK/n015-2018-09-25-11-10-38+0800__CAM_BACK__1537845356187525.jpg", "samples/CAM_BACK_RIGHT/n015-2018-09-25-11-10-38+0800__CAM_BACK_RIGHT__1537845356177893.jpg"], "intrinsics": [[[1272.5979470598488, 0.0, 826.6154927353808], [0.0, 1272.5979470598488, 479.75165386361925], [0.0, 0.0, 1.0]], [[1266.417203046554, 0.0, 816.2670197447984], [0.0, 1266.417203046554, 491.50706579294757], [0.0, 0.0, 1.0]], [[1260.8474446004698, 0.0, 807.968244525554], [0.0, 1260.8474446004698, 495.3344268742088], [0.0, 0.0, 1.0]], [[1256.7414812095406, 0.0, 792.1125740759628], [0.0, 1256.7414812095406, 492.7757465151356], [0.0, 0.0, 1.0]], [[809.2209905677063, 0.0, 829.2196003259838], [0.0, 809.2209905677063, 481.77842384512485], [0.0, 0.0, 1.0]], [[1259.5137405846733, 0.0, 807.2529053838625], [0.0, 1259.5137405846733, 501.19579884916527], [0.0, 0.0, 1.0]]], "extrinsics": [[[0.8209158182144165, -0.5708773732185364, 0.014009845443069935, -0.7930908203125], [-0.005671218037605286, -0.032682549208402634, -0.9994497299194336, 1.5070905685424805], [0.5710210800170898, 0.8203846216201782, -0.030067192390561104, -1.16168212890625], [0.0, 0.0, 0.0, 1.0]], [[0.006025451701134443, -0.9993065595626831, 0.03674283251166344, 0.00665283203125], [-0.010947789996862411, -0.03680722415447235, -0.9992624521255493, 1.5186824798583984], [0.9999218583106995, 0.005618707742542028, -0.011161979287862778, -1.5211181640625], [0.0, 0.0, 0.0, 1.0]], [[-0.8327711224555969, -0.5534054040908813, 0.015318939462304115, 0.92236328125], [-0.005307651590555906, -0.019688447937369347, -0.9997920989990234, 1.5029478073120117], [0.5535919666290283, -0.832679271697998, 0.013458690606057644, -1.1751708984375], [0.0, 0.0, 0.0, 1.0]], [[0.9476380944252014, 0.3190866708755493, -0.012876151129603386, -1.142822265625], [0.0033816497307270765, -0.05034472048282623, -0.9987261295318604, 1.5885528326034546], [-0.3193283975124359, 0.9463873505592346, -0.04878761246800423, -0.103515625], [0.0, 0.0, 0.0, 1.0]], [[0.0020155180245637894, 0.9991860389709473, -0.04029037803411484, 0.0027313232421875], [-0.02202991396188736, -0.04023631662130356, -0.9989473223686218, 1.57830810546875], [-0.9997552633285522, 0.002900982741266489, 0.021930884569883347, -0.0458984375], [0.0, 0.0, 0.0, 1.0]], [[-0.9349496364593506, 0.35428762435913086, -0.018692919984459877, 1.0469970703125], [0.010594073683023453, -0.024785522371530533, -0.9996366500854492, 1.552464485168457], [-0.3546222150325775, -0.9348080158233643, 0.019419865682721138, -0.09710693359375], [0.0, 0.0, 0.0, 1.0]]], "view": [[0.0, -2.0, 100.0], [-2.0, 0.0, 100.0], [0.0, 0.0, 1.0]], "bev": "bev_7670e82a79b14b95a0ef57397e705f2f.png", "aux": "aux_7670e82a79b14b95a0ef57397e705f2f.npz", "visibility": "visibility_7670e82a79b14b95a0ef57397e705f2f.png", "pose": [[-0.4214630722999573, 0.9068455696105957, 0.0, 435.96649169921875], [-0.9068455696105957, -0.4214630722999573, 0.0, 1248.087158203125], [0.0, 0.0, 1.0, 0.0], [0.0, 0.0, 0.0, 1.0]], "pose_inverse": [[-0.4214630722999573, -0.9068455696105957, 0.0, 1315.5660400390625], [0.9068455696105957, -0.4214630722999573, 0.0, 130.66836547851562], [0.0, 0.0, 1.0, 0.0], [0.0, 0.0, 0.0, 1.0]], "cam_ids": [0, 1, 2, 3, 4, 5], "cam_channels": ["CAM_FRONT_LEFT", "CAM_FRONT", "CAM_FRONT_RIGHT", "CAM_BACK_LEFT", "CAM_BACK", "CAM_BACK_RIGHT"], "token": "7670e82a79b14b95a0ef57397e705f2f", "scene": "scene-0980"}, {"images": ["samples/CAM_FRONT_LEFT/n015-2018-09-25-11-10-38+0800__CAM_FRONT_LEFT__1537845356654844.jpg", "samples/CAM_FRONT/n015-2018-09-25-11-10-38+0800__CAM_FRONT__1537845356662460.jpg", "samples/CAM_FRONT_RIGHT/n015-2018-09-25-11-10-38+0800__CAM_FRONT_RIGHT__1537845356670339.jpg", "samples/CAM_BACK_LEFT/n015-2018-09-25-11-10-38+0800__CAM_BACK_LEFT__1537845356697423.jpg", "samples/CAM_BACK/n015-2018-09-25-11-10-38+0800__CAM_BACK__1537845356687525.jpg", "samples/CAM_BACK_RIGHT/n015-2018-09-25-11-10-38+0800__CAM_BACK_RIGHT__1537845356677893.jpg"], "intrinsics": [[[1272.5979470598488, 0.0, 826.6154927353808], [0.0, 1272.5979470598488, 479.75165386361925], [0.0, 0.0, 1.0]], [[1266.417203046554, 0.0, 816.2670197447984], [0.0, 1266.417203046554, 491.50706579294757], [0.0, 0.0, 1.0]], [[1260.8474446004698, 0.0, 807.968244525554], [0.0, 1260.8474446004698, 495.3344268742088], [0.0, 0.0, 1.0]], [[1256.7414812095406, 0.0, 792.1125740759628], [0.0, 1256.7414812095406, 492.7757465151356], [0.0, 0.0, 1.0]], [[809.2209905677063, 0.0, 829.2196003259838], [0.0, 809.2209905677063, 481.77842384512485], [0.0, 0.0, 1.0]], [[1259.5137405846733, 0.0, 807.2529053838625], [0.0, 1259.5137405846733, 501.19579884916527], [0.0, 0.0, 1.0]]], "extrinsics": [[[0.8209543824195862, -0.5707518458366394, 0.016620781272649765, -0.77850341796875], [-0.006151069421321154, -0.03794686868786812, -0.9992608428001404, 1.5068883895874023], [0.5709607005119324, 0.8202452659606934, -0.034663379192352295, -1.151611328125], [0.0, 0.0, 0.0, 1.0]], [[0.00610320083796978, -0.9991016387939453, 0.041934311389923096, 0.0069732666015625], [-0.011454152874648571, -0.04200218990445137, -0.9990518689155579, 1.5184211730957031], [0.9999157786369324, 0.00561707466840744, -0.011700212955474854, -1.5052490234375], [0.0, 0.0, 0.0, 1.0]], [[-0.8327268362045288, -0.5533720254898071, 0.018586160615086555, 0.9114990234375], [-0.0058380537666380405, -0.024790966883301735, -0.9996755719184875, 1.5028095245361328], [0.5536532998085022, -0.832565188407898, 0.017413487657904625, -1.1676025390625], [0.0, 0.0, 0.0, 1.0]], [[0.9476034641265869, 0.31910261511802673, -0.014872683212161064, -1.137939453125], [0.002875950187444687, -0.055077292025089264, -0.9984779357910156, 1.5885733366012573], [-0.31943607330322266, 0.9461184144020081, -0.05310915783047676, -0.105194091796875], [0.0, 0.0, 0.0, 1.0]], [[0.0019148285500705242, 0.9989780783653259, -0.0451582670211792, 0.00262451171875], [-0.022566568106412888, -0.045103684067726135, -0.9987273812294006, 1.5780982971191406], [-0.9997435212135315, 0.0029314891435205936, 0.02245713770389557, -0.0543212890625], [0.0, 0.0, 0.0, 1.0]], [[-0.9349848628044128, 0.3541259169578552, -0.019953524693846703, 1.0367431640625], [0.01004942599684, -0.029784904792904854, -0.9995058178901672, 1.5525293350219727], [-0.3545452356338501, -0.9347233772277832, 0.024289675056934357, -0.1009521484375], [0.0, 0.0, 0.0, 1.0]]], "view": [[0.0, -2.0, 100.0], [-2.0, 0.0, 100.0], [0.0, 0.0, 1.0]], "bev": "bev_c827c16d2ddd498dae73e8bbe71b102a.png", "aux": "aux_c827c16d2ddd498dae73e8bbe71b102a.npz", "visibility": "visibility_c827c16d2ddd498dae73e8bbe71b102a.png", "pose": [[-0.42138099670410156, 0.906883716583252, 0.0, 434.9112854003906], [-0.906883716583252, -0.42138099670410156, 0.0, 1245.8470458984375], [0.0, 0.0, 1.0, 0.0], [0.0, 0.0, 0.0, 1.0]], "pose_inverse": [[-0.42138099670410156, -0.906883716583252, 0.0, 1313.1016845703125], [0.906883716583252, -0.42138099670410156, 0.0, 130.5623321533203], [0.0, 0.0, 1.0, 0.0], [0.0, 0.0, 0.0, 1.0]], "cam_ids": [0, 1, 2, 3, 4, 5], "cam_channels": ["CAM_FRONT_LEFT", "CAM_FRONT", "CAM_FRONT_RIGHT", "CAM_BACK_LEFT", "CAM_BACK", "CAM_BACK_RIGHT"], "token": "c827c16d2ddd498dae73e8bbe71b102a", "scene": "scene-0980"}, {"images": ["samples/CAM_FRONT_LEFT/n015-2018-09-25-11-10-38+0800__CAM_FRONT_LEFT__1537845357154844.jpg", "samples/CAM_FRONT/n015-2018-09-25-11-10-38+0800__CAM_FRONT__1537845357162460.jpg", "samples/CAM_FRONT_RIGHT/n015-2018-09-25-11-10-38+0800__CAM_FRONT_RIGHT__1537845357170339.jpg", "samples/CAM_BACK_LEFT/n015-2018-09-25-11-10-38+0800__CAM_BACK_LEFT__1537845357197423.jpg", "samples/CAM_BACK/n015-2018-09-25-11-10-38+0800__CAM_BACK__1537845357187525.jpg", "samples/CAM_BACK_RIGHT/n015-2018-09-25-11-10-38+0800__CAM_BACK_RIGHT__1537845357177893.jpg"], "intrinsics": [[[1272.5979470598488, 0.0, 826.6154927353808], [0.0, 1272.5979470598488, 479.75165386361925], [0.0, 0.0, 1.0]], [[1266.417203046554, 0.0, 816.2670197447984], [0.0, 1266.417203046554, 491.50706579294757], [0.0, 0.0, 1.0]], [[1260.8474446004698, 0.0, 807.968244525554], [0.0, 1260.8474446004698, 495.3344268742088], [0.0, 0.0, 1.0]], [[1256.7414812095406, 0.0, 792.1125740759628], [0.0, 1256.7414812095406, 492.7757465151356], [0.0, 0.0, 1.0]], [[809.2209905677063, 0.0, 829.2196003259838], [0.0, 809.2209905677063, 481.77842384512485], [0.0, 0.0, 1.0]], [[1259.5137405846733, 0.0, 807.2529053838625], [0.0, 1259.5137405846733, 501.19579884916527], [0.0, 0.0, 1.0]]], "extrinsics": [[[0.8205893039703369, -0.5713103413581848, 0.015419105999171734, -0.78204345703125], [-0.006151001434773207, -0.03580605983734131, -0.9993398189544678, 1.5069255828857422], [0.5714852809906006, 0.8199527263641357, -0.03289619833230972, -1.1541748046875], [0.0, 0.0, 0.0, 1.0]], [[0.005586336366832256, -0.9991904497146606, 0.03984043002128601, 0.00717926025390625], [-0.011393844150006771, -0.03990207239985466, -0.9991386532783508, 1.5184974670410156], [0.9999194145202637, 0.005127521697431803, -0.011607524007558823, -1.5093994140625], [0.0, 0.0, 0.0, 1.0]], [[-0.8329542279243469, -0.5530703663825989, 0.017333926633000374, 0.9149169921875], [-0.005702540744096041, -0.022744309157133102, -0.9997250437736511, 1.5028553009033203], [0.5533125400543213, -0.8328239917755127, 0.015791064128279686, -1.1695556640625], [0.0, 0.0, 0.0, 1.0]], [[0.9476144313812256, 0.3191099762916565, -0.013992763124406338, -1.1416015625], [0.0031701778061687946, -0.053201042115688324, -0.9985787868499756, 1.5885566473007202], [-0.3194008767604828, 0.946223258972168, -0.05142571032047272, -0.103912353515625], [0.0, 0.0, 0.0, 1.0]], [[0.002091206843033433, 0.99