[{"images": ["samples/CAM_FRONT_LEFT/n015-2018-07-18-11-50-34+0800__CAM_FRONT_LEFT__1531886242504844.jpg", "samples/CAM_FRONT/n015-2018-07-18-11-50-34+0800__CAM_FRONT__1531886242512469.jpg", "samples/CAM_FRONT_RIGHT/n015-2018-07-18-11-50-34+0800__CAM_FRONT_RIGHT__1531886242520339.jpg", "samples/CAM_BACK_LEFT/n015-2018-07-18-11-50-34+0800__CAM_BACK_LEFT__1531886242547423.jpg", "samples/CAM_BACK/n015-2018-07-18-11-50-34+0800__CAM_BACK__1531886242537525.jpg", "samples/CAM_BACK_RIGHT/n015-2018-07-18-11-50-34+0800__CAM_BACK_RIGHT__1531886242527893.jpg"], "intrinsics": [[[1272.5979470598488, 0.0, 826.6154927353808], [0.0, 1272.5979470598488, 479.75165386361925], [0.0, 0.0, 1.0]], [[1266.417203046554, 0.0, 816.2670197447984], [0.0, 1266.417203046554, 491.50706579294757], [0.0, 0.0, 1.0]], [[1260.8474446004698, 0.0, 807.968244525554], [0.0, 1260.8474446004698, 495.3344268742088], [0.0, 0.0, 1.0]], [[1256.7414812095406, 0.0, 792.1125740759628], [0.0, 1256.7414812095406, 492.7757465151356], [0.0, 0.0, 1.0]], [[809.2209905677063, 0.0, 829.2196003259838], [0.0, 809.2209905677063, 481.77842384512485], [0.0, 0.0, 1.0]], [[1259.5137405846733, 0.0, 807.2529053838625], [0.0, 1259.5137405846733, 501.19579884916527], [0.0, 0.0, 1.0]]], "extrinsics": [[[0.8205493092536926, -0.571575403213501, 0.0006356518715620041, -0.7159423828125], [-0.014514279551804066, -0.02194831147789955, -0.9996537566184998, 1.503885269165039], [0.5713913440704346, 0.8202559947967529, -0.026305677369236946, -1.108642578125], [0.0, 0.0, 0.0, 1.0]], [[0.005602755583822727, -0.9996458292007446, 0.02601514384150505, 0.007537841796875], [-0.01992485672235489, -0.026121988892555237, -0.9994601607322693, 1.5155754089355469], [0.9997857809066772, 0.005081379786133766, -0.020064152777194977, -1.4420166015625], [0.0, 0.0, 0.0, 1.0]], [[-0.8329803347587585, -0.5530411601066589, 0.017007870599627495, 0.8690185546875], [-0.014415782876312733, -0.009036115370690823, -0.9998552799224854, 1.5008163452148438], [0.5531147718429565, -0.8331049084663391, -0.00044561270624399185, -1.13922119140625], [0.0, 0.0, 0.0, 1.0]], [[0.9474862813949585, 0.3192623257637024, -0.01847444474697113, -1.13134765625], [-0.006050573196262121, -0.039862457662820816, -0.9991868138313293, 1.5885009765625], [-0.3197392523288727, 0.9468276500701904, -0.035837411880493164, -0.10771942138671875], [0.0, 0.0, 0.0, 1.0]], [[0.0020648085046559572, 0.9995549917221069, -0.029759619385004044, 0.00244140625], [-0.03136536851525307, -0.02968030795454979, -0.9990672469139099, 1.5768775939941406], [-0.999505877494812, 0.0029963436536490917, 0.03129012510180473, -0.0775146484375], [0.0, 0.0, 0.0, 1.0]], [[-0.9348572492599487, 0.35496795177459717, -0.006307112518697977, 1.000244140625], [0.00136245705652982, -0.01417810469865799, -0.9998985528945923, 1.5516529083251953], [-0.3550214469432831, -0.9347710013389587, 0.012770874425768852, -0.11456298828125], [0.0, 0.0, 0.0, 1.0]]], "view": [[0.0, -2.0, 100.0], [-2.0, 0.0, 100.0], [0.0, 0.0, 1.0]], "bev": "bev_9aaa0c5d15694673871772c685fbfae5.png", "aux": "aux_9aaa0c5d15694673871772c685fbfae5.npz", "visibility": "visibility_9aaa0c5d15694673871772c685fbfae5.png", "pose": [[-0.7430418729782104, 0.6692449450492859, 0.0, 853.3978271484375], [-0.6692449450492859, -0.7430418729782104, 0.0, 1311.72607421875], [0.0, 0.0, 1.0, 0.0], [0.0, 0.0, 0.0, 1.0]], "pose_inverse": [[-0.7430418729782104, -0.6692449450492859, 0.0, 1511.976318359375], [0.6692449450492859, -0.7430418729782104, 0.0, 403.5352478027344], [0.0, 0.0, 1.0, 0.0], [0.0, 0.0, 0.0, 1.0]], "cam_ids": [0, 1, 2, 3, 4, 5], "cam_channels": ["CAM_FRONT_LEFT", "CAM_FRONT", "CAM_FRONT_RIGHT", "CAM_BACK_LEFT", "CAM_BACK", "CAM_BACK_RIGHT"], "token": "9aaa0c5d15694673871772c685fbfae5", "scene": "scene-0032"}, {"images": ["samples/CAM_FRONT_LEFT/n015-2018-07-18-11-50-34+0800__CAM_FRONT_LEFT__1531886243004844.jpg", "samples/CAM_FRONT/n015-2018-07-18-11-50-34+0800__CAM_FRONT__1531886243012466.jpg", "samples/CAM_FRONT_RIGHT/n015-2018-07-18-11-50-34+0800__CAM_FRONT_RIGHT__1531886243020339.jpg", "samples/CAM_BACK_LEFT/n015-2018-07-18-11-50-34+0800__CAM_BACK_LEFT__1531886243047423.jpg", "samples/CAM_BACK/n015-2018-07-18-11-50-34+0800__CAM_BACK__1531886243037525.jpg", "samples/CAM_BACK_RIGHT/n015-2018-07-18-11-50-34+0800__CAM_BACK_RIGHT__1531886243027893.jpg"], "intrinsics": [[[1272.5979470598488, 0.0, 826.6154927353808], [0.0, 1272.5979470598488, 479.75165386361925], [0.0, 0.0, 1.0]], [[1266.417203046554, 0.0, 816.2670197447984], [0.0, 1266.417203046554, 491.50706579294757], [0.0, 0.0, 1.0]], [[1260.8474446004698, 0.0, 807.968244525554], [0.0, 1260.8474446004698, 495.3344268742088], [0.0, 0.0, 1.0]], [[1256.7414812095406, 0.0, 792.1125740759628], [0.0, 1256.7414812095406, 492.7757465151356], [0.0, 0.0, 1.0]], [[809.2209905677063, 0.0, 829.2196003259838], [0.0, 809.2209905677063, 481.77842384512485], [0.0, 0.0, 1.0]], [[1259.5137405846733, 0.0, 807.2529053838625], [0.0, 1259.5137405846733, 501.19579884916527], [0.0, 0.0, 1.0]]], "extrinsics": [[[0.8200932741165161, -0.5722140073776245, -0.004249248653650284, -0.73236083984375], [-0.026023019105196, -0.029875867068767548, -0.999214768409729, 1.5009651184082031], [0.571637749671936, 0.8195599317550659, -0.03939173370599747, -1.12060546875], [0.0, 0.0, 0.0, 1.0]], [[0.005303159821778536, -0.9994127750396729, 0.03385235369205475, 0.008026123046875], [-0.031625326722860336, -0.034003518521785736, -0.998921275138855, 1.5132102966308594], [0.9994857907295227, 0.004226881545037031, -0.03178707882761955, -1.4591064453125], [0.0, 0.0, 0.0, 1.0]], [[-0.8329921960830688, -0.5524010062217712, 0.03125738352537155, 0.8802490234375], [-0.026310034096240997, -0.016882752999663353, -0.9995112419128418, 1.49884033203125], [0.5526586771011353, -0.8334075212478638, -0.0004704859165940434, -1.14630126953125], [0.0, 0.0, 0.0, 1.0]], [[0.9473307132720947, 0.3185543715953827, -0.03298090398311615, -1.1319580078125], [-0.018755385652184486, -0.047621775418519974, -0.9986893534660339, 1.5883560180664062], [-0.319707453250885, 0.9467076063156128, -0.03913895785808563, -0.10749053955078125], [0.0, 0.0, 0.0, 1.0]], [[0.002066725632175803, 0.9992939233779907, -0.037515316158533096, 0.00238037109375], [-0.04374360293149948, -0.03738914057612419, -0.9983429312705994, 1.5761489868164062], [-0.9990406632423401, 0.0037043942138552666, 0.04363543912768364, -0.0721435546875], [0.0, 0.0, 0.0, 1.0]], [[-0.9347264766693115, 0.3553609848022461, 0.002214517444372177, 1.0096435546875], [-0.010721714235842228, -0.02197207324206829, -0.9997010827064514, 1.5500221252441406], [-0.35520607233047485, -0.9344708323478699, 0.024347959086298943, -0.1107177734375], [0.0, 0.0, 0.0, 1.0]]], "view": [[0.0, -2.0, 100.0], [-2.0, 0.0, 100.0], [0.0, 0.0, 1.0]], "bev": "bev_3f96a29d46084f43aca1dfdd3840a98b.png", "aux": "aux_3f96a29d46084f43aca1dfdd3840a98b.npz", "visibility": "visibility_3f96a29d46084f43aca1dfdd3840a98b.png", "pose": [[-0.7364106774330139, 0.6765347719192505, 0.0, 850.9561157226562], [-0.6765347719192505, -0.7364106774330139, 0.0, 1309.5233154296875], [0.0, 0.0, 1.0, 0.0], [0.0, 0.0, 0.0, 1.0]], "pose_inverse": [[-0.7364106774330139, -0.6765347719192505, 0.0, 1512.5911865234375], [0.6765347719192505, -0.7364106774330139, 0.0, 388.64556884765625], [0.0, 0.0, 1.0, 0.0], [0.0, 0.0, 0.0, 1.0]], "cam_ids": [0, 1, 2, 3, 4, 5], "cam_channels": ["CAM_FRONT_LEFT", "CAM_FRONT", "CAM_FRONT_RIGHT", "CAM_BACK_LEFT", "CAM_BACK", "CAM_BACK_RIGHT"], "token": "3f96a29d46084f43aca1dfdd3840a98b", "scene": "scene-0032"}, {"images": ["samples/CAM_FRONT_LEFT/n015-2018-07-18-11-50-34+0800__CAM_FRONT_LEFT__1531886243504844.jpg", "samples/CAM_FRONT/n015-2018-07-18-11-50-34+0800__CAM_FRONT__1531886243512464.jpg", "samples/CAM_FRONT_RIGHT/n015-2018-07-18-11-50-34+0800__CAM_FRONT_RIGHT__1531886243520339.jpg", "samples/CAM_BACK_LEFT/n015-2018-07-18-11-50-34+0800__CAM_BACK_LEFT__1531886243547423.jpg", "samples/CAM_BACK/n015-2018-07-18-11-50-34+0800__CAM_BACK__1531886243537525.jpg", "samples/CAM_BACK_RIGHT/n015-2018-07-18-11-50-34+0800__CAM_BACK_RIGHT__1531886243527893.jpg"], "intrinsics": [[[1272.5979470598488, 0.0, 826.6154927353808], [0.0, 1272.5979470598488, 479.75165386361925], [0.0, 0.0, 1.0]], [[1266.417203046554, 0.0, 816.2670197447984], [0.0, 1266.417203046554, 491.50706579294757], [0.0, 0.0, 1.0]], [[1260.8474446004698, 0.0, 807.968244525554], [0.0, 1260.8474446004698, 495.3344268742088], [0.0, 0.0, 1.0]], [[1256.7414812095406, 0.0, 792.1125740759628], [0.0, 1256.7414812095406, 492.7757465151356], [0.0, 0.0, 1.0]], [[809.2209905677063, 0.0, 829.2196003259838], [0.0, 809.2209905677063, 481.77842384512485], [0.0, 0.0, 1.0]], [[1259.5137405846733, 0.0, 807.2529053838625], [0.0, 1259.5137405846733, 501.19579884916527], [0.0, 0.0, 1.0]]], "extrinsics": [[[0.8180656433105469, -0.5751247406005859, 0.0002754386223386973, -0.756591796875], [-0.02471277117729187, -0.03563027083873749, -0.9990594387054443, 1.5018577575683594], [0.5745936036109924, 0.817289412021637, -0.04336082935333252, -1.1318359375], [0.0, 0.0, 0.0, 1.0]], [[0.002364472486078739, -0.9992008805274963, 0.03990055248141289, 0.004058837890625], [-0.02994490973651409, -0.03995351865887642, -0.998752772808075, 1.5141334533691406], [0.9995487928390503, 0.0011666937498375773, -0.030015448108315468, -1.4805908203125], [0.0, 0.0, 0.0, 1.0]], [[-0.8342610001564026, -0.5503872036933899, 0.032900843769311905, 0.8931884765625], [-0.024193067103624344, -0.02307305857539177, -0.9994409680366516, 1.4995994567871094], [0.5508387088775635, -0.8345906138420105, 0.0059333979152143, -1.15826416015625], [0.0, 0.0, 0.0, 1.0]], [[0.9475634694099426, 0.3179880976676941, -0.031732749193906784, -1.1357421875], [-0.01508765947073698, -0.05467234179377556, -0.9983903765678406, 1.5883941650390625], [-0.31921109557151794, 0.9465170502662659, -0.04700781777501106, -0.1046905517578125], [0.0, 0.0, 0.0, 1.0]], [[0.0030010133050382137, 0.9990124702453613, -0.04432929307222366, 0.003875732421875], [-0.040700048208236694, -0.04417073726654053, -0.9981945753097534, 1.57666015625], [-0.9991669058799744, 0.004799934569746256, 0.04052729532122612, -0.063720703125], [0.0, 0.0, 0.0, 1.0]], [[-0.9341915249824524, 0.35676348209381104, -0.0024632131680846214, 1.022216796875], [-0.00822723563760519, -0.028444472700357437, -0.9995615482330322, 1.5504207611083984], [-0.3566770553588867, -0.9337615966796875, 0.02950775809586048, -0.108154296875], [0.0, 0.0, 0.0, 1.0]]], "view": [[0.0, -2.0, 100.0], [-2.0, 0.0, 100.0], [0.0, 0.0, 1.0]], "bev": "bev_4eedf7c1cd0d49349d2c2450edd1989d.png", "aux": "aux_4eedf7c1cd0d49349d2c2450edd1989d.npz", "visibility": "visibility_4eedf7c1cd0d49349d2c2450edd1989d.png", "pose": [[-0.713471531867981, 0.7006841897964478, 0.0, 848.7943115234375], [-0.7006841897964478, -0.713471531867981, 0.0, 1307.4715576171875], [0.0, 0.0, 1.0, 0.0], [0.0, 0.0, 0.0, 1.0]], "pose_inverse": [[-0.713471531867981, -0.7006841897964478, 0.0, 1521.7152099609375], [0.7006841897964478, -0.713471531867981, 0.0, 338.10699462890625], [0.0, 0.0, 1.0, 0.0], [0.0, 0.0, 0.0, 1.0]], "cam_ids": [0, 1, 2, 3, 4, 5], "cam_channels": ["CAM_FRONT_LEFT", "CAM_FRONT", "CAM_FRONT_RIGHT", "CAM_BACK_LEFT", "CAM_BACK", "CAM_BACK_RIGHT"], "token": "4eedf7c1cd0d49349d2c2450edd1989d", "scene": "scene-0032"}, {"images": ["samples/CAM_FRONT_LEFT/n015-2018-07-18-11-50-34+0800__CAM_FRONT_LEFT__1531886244004844.jpg", "samples/CAM_FRONT/n015-2018-07-18-11-50-34+0800__CAM_FRONT__1531886244012464.jpg", "samples/CAM_FRONT_RIGHT/n015-2018-07-18-11-50-34+0800__CAM_FRONT_RIGHT__1531886244020339.jpg", "samples/CAM_BACK_LEFT/n015-2018-07-18-11-50-34+0800__CAM_BACK_LEFT__1531886244047423.jpg", "samples/CAM_BACK/n015-2018-07-18-11-50-34+0800__CAM_BACK__1531886244037525.jpg", "samples/CAM_BACK_RIGHT/n015-2018-07-18-11-50-34+0800__CAM_BACK_RIGHT__1531886244027893.jpg"], "intrinsics": [[[1272.5979470598488, 0.0, 826.6154927353808], [0.0, 1272.5979470598488, 479.75165386361925], [0.0, 0.0, 1.0]], [[1266.417203046554, 0.0, 816.2670197447984], [0.0, 1266.417203046554, 491.50706579294757], [0.0, 0.0, 1.0]], [[1260.8474446004698, 0.0, 807.968244525554], [0.0, 1260.8474446004698, 495.3344268742088], [0.0, 0.0, 1.0]], [[1256.7414812095406, 0.0, 792.1125740759628], [0.0, 1256.7414812095406, 492.7757465151356], [0.0, 0.0, 1.0]], [[809.2209905677063, 0.0, 829.2196003259838], [0.0, 809.2209905677063, 481.77842384512485], [0.0, 0.0, 1.0]], [[1259.5137405846733, 0.0, 807.2529053838625], [0.0, 1259.5137405846733, 501.19579884916527], [0.0, 0.0, 1.0]]], "extrinsics": [[[0.8172576427459717, -0.5760886669158936, 0.014548779465258121, -0.751708984375], [-0.01681486889719963, -0.049074508249759674, -0.9986535906791687, 1.5039863586425781], [0.5760270357131958, 0.815912663936615, -0.04979337751865387, -1.132568359375], [0.0, 0.0, 0.0, 1.0]], [[0.0009760233224369586, -0.9985860586166382, 0.05315044894814491, 0.006927490234375], [-0.021966449916362762, -0.05315906181931496, -0.9983444213867188, 1.5159072875976562], [0.999758243560791, -0.0001931509468704462, -0.021987272426486015, -1.4774169921875], [0.0, 0.0, 0.0, 1.0]], [[-0.8348938226699829, -0.5494040846824646, 0.03328028321266174, 0.89208984375], [-0.016101891174912453, -0.03605898842215538, -0.9992198944091797, 1.5009746551513672], [0.5501754879951477, -0.834778368473053, 0.02125898376107216, -1.15460205078125], [0.0, 0.0, 0.0, 1.0]], [[0.9473778605461121, 0.31891030073165894, -0.02777213416993618, -1.1263427734375], [-0.006871741730719805, -0.06647608429193497, -0.9977643489837646, 1.5885028839111328], [-0.32004356384277344, 0.9454508423805237, -0.06078650429844856, -0.110076904296875], [0.0, 0.0, 0.0, 1.0]], [[0.0030711411964148283, 0.9983944892883301, -0.05655991658568382, 0.002166748046875], [-0.03252491354942322, -0.05643052980303764, -0.9978766441345215, 1.5770950317382812], [-0.9994661808013916, 0.004904171451926231, 0.03229938820004463, -0.069091796875], [0.0, 0.0, 0.0, 1.0]], [[-0.9340081810951233, 0.3569522202014923, -0.014624451287090778, 1.018798828125], [-8.56606347952038e-05, -0.04115975275635719, -0.9991526007652283, 1.5514812469482422], [-0.35725167393684387, -0.9332154393196106, 0.03847412019968033, -0.1075439453125], [0.0, 0.0, 0.0, 1.0]]], "view": [[0.0, -2.0, 100.0], [-2.0, 0.0, 100.0], [0.0, 0.0, 1.0]], "bev": "bev_f069f4c2bb91479db96f8702eeaf5f85.png", "aux": "aux_f069f4c2bb91479db96f8702eeaf5f85.npz", "visibility": "visibility_f069f4c2bb91479db96f8702eeaf5f85.png", "pose": [[-0.6622416973114014, 0.7492902874946594, 0.0, 846.7139282226562], [-0.7492902874946594, -0.6622416973114014, 0.0, 1305.297607421875], [0.0, 0.0, 1.0, 0.0], [0.0, 0.0, 0.0, 1.0]], "pose_inverse": [[-0.6622416973114014, -0.7492902874946594, 0.0, 1538.776123046875], [0.7492902874946594, -0.6622416973114014, 0.0, 229.98802185058594], [0.0, 0.0, 1.0, 0.0], [0.0, 0.0, 0.0, 1.0]], "cam_ids": [0, 1, 2, 3, 4, 5], "cam_channels": ["CAM_FRONT_LEFT", "CAM_FRONT", "CAM_FRONT_RIGHT", "CAM_BACK_LEFT", "CAM_BACK", "CAM_BACK_RIGHT"], "token": "f069f4c2bb91479db96f8702eeaf5f85", "scene": "scene-0032"}, {"images": ["samples/CAM_FRONT_LEFT/n015-2018-07-18-11-50-34+0800__CAM_FRONT_LEFT__1531886244504844.jpg", "samples/CAM_FRONT/n015-2018-07-18-11-50-34+0800__CAM_FRONT__1531886244512468.jpg", "samples/CAM_FRONT_RIGHT/n015-2018-07-18-11-50-34+0800__CAM_FRONT_RIGHT__1531886244520339.jpg", "samples/CAM_BACK_LEFT/n015-2018-07-18-11-50-34+0800__CAM_BACK_LEFT__1531886244547423.jpg", "samples/CAM_BACK/n015-2018-07-18-11-50-34+0800__CAM_BACK__1531886244537525.jpg", "samples/CAM_BACK_RIGHT/n015-2018-07-18-11-50-34+0800__CAM_BACK_RIGHT__1531886244527893.jpg"], "intrinsics": [[[1272.5979470598488, 0.0, 826.6154927353808], [0.0, 1272.5979470598488, 479.75165386361925], [0.0, 0.0, 1.0]], [[1266.417203046554, 0.0, 816.2670197447984], [0.0, 1266.417203046554, 491.50706579294757], [0.0, 0.0, 1.0]], [[1260.8474446004698, 0.0, 807.968244525554], [0.0, 1260.8474446004698, 495.3344268742088], [0.0, 0.0, 1.0]], [[1256.7414812095406, 0.0, 792.1125740759628], [0.0, 1256.7414812095406, 492.7757465151356], [0.0, 0.0, 1.0]], [[809.2209905677063, 0.0, 829.2196003259838], [0.0, 809.2209905677063, 481.77842384512485], [0.0, 0.0, 1.0]], [[1259.5137405846733, 0.0, 807.2529053838625], [0.0, 1259.5137405846733, 501.19579884916527], [0.0, 0.0, 1.0]]], "extrinsics": [[[0.8153894543647766, -0.5785483121871948, 0.020538518205285072, -0.7806396484375], [-0.0005201693275012076, -0.03620991110801697, -0.9993440508842468, 1.5083221197128296], [0.5789125561714172, 0.8148438930511475, -0.029826121404767036, -1.1556396484375], [0.0, 0.0, 0.0, 1.0]], [[-0.0019112559966742992, -0.9992023706436157, 0.03988682106137276, 0.0095367431640625], [-0.005728257354348898, -0.03987530246376991, -0.999188244342804, 1.519662857055664], [0.999981701374054, -0.002138169715180993, -0.0056474776938557625, -1.5068359375], [0.0, 0.0, 0.0, 1.0]], [[-0.8361861109733582, -0.5483106374740601, 0.012177163735032082, 0.9111328125], [9.715603664517403e-05, -0.022351128980517387, -0.9997501373291016, 1.5037809610366821], [0.5484458208084106, -0.8359760046005249, 0.01874297298491001, -1.16265869140625], [0.0, 0.0, 0.0, 1.0]], [[0.9475651383399963, 0.3194552958011627, -0.008282842114567757, -1.1253662109375], [0.00856401864439249, -0.051295433193445206, -0.9986467957496643, 1.589055061340332], [-0.31944793462753296, 0.9462119936943054, -0.05134158581495285, -0.116119384765625], [0.0, 0.0, 0.0, 1.0]], [[0.004472621250897646, 0.999113142490387, -0.04186815395951271, -0.00211334228515625], [-0.016804175451397896, -0.041787564754486084, -0.9989851713180542, 1.578460693359375], [-0.9998488426208496, 0.005171612836420536, 0.016602374613285065, -0.0643310546875], [0.0, 0.0, 0.0, 1.0]], [[-0.9332423806190491, 0.3584260940551758, -0.02427777089178562, 1.029296875], [0.015604289248585701, -0.027072062715888023, -0.99951171875, 1.553354263305664], [-0.3589083254337311, -0.9331655502319336, 0.019671810790896416, -0.09912109375], [0.0, 0.0, 0.0, 1.0]]], "view": [[0.0, -2.0, 100.0], [-2.0, 0.0, 100.0], [0.0, 0.0, 1.0]], "bev": "bev_d538bb728f8f40698d8147a0361a6e92.png", "aux": "aux_d538bb728f8f40698d8147a0361a6e92.npz", "visibility": "visibility_d538bb728f8f40698d8147a0361a6e92.png", "pose": [[-0.5823310613632202, 0.8129517436027527, 0.0, 845.1196899414062], [-0.8129517436027527, -0.5823310613632202, 0.0, 1303.285400390625], [0.0, 0.0, 1.0, 0.0], [0.0, 0.0, 0.0, 1.0]], "pose_inverse": [[-0.5823310613632202, -0.8129517436027527, 0.0, 1551.6475830078125], [0.8129517436027527, -0.5823310613632202, 0.0, 71.90206146240234], [0.0, 0.0, 1.0, 0.0], [0.0, 0.0, 0.0, 1.0]], "cam_ids": [0, 1, 2, 3, 4, 5], "cam_channels": ["CAM_FRONT_LEFT", "CAM_FRONT", "CAM_FRONT_RIGHT", "CAM_BACK_LEFT", "CAM_BACK", "CAM_BACK_RIGHT"], "token": "d538bb728f8f40698d8147a0361a6e92", "scene": "scene-0032"}, {"images": ["samples/CAM_FRONT_LEFT/n015-2018-07-18-11-50-34+0800__CAM_FRONT_LEFT__1531886245004844.jpg", "samples/CAM_FRONT/n015-2018-07-18-11-50-34+0800__CAM_FRONT__1531886245012465.jpg", "samples/CAM_FRONT_RIGHT/n015-2018-07-18-11-50-34+0800__CAM_FRONT_RIGHT__1531886245020339.jpg", "samples/CAM_BACK_LEFT/n015-2018-07-18-11-50-34+0800__CAM_BACK_LEFT__1531886245047423.jpg", "samples/CAM_BACK/n015-2018-07-18-11-50-34+0800__CAM_BACK__1531886245037525.jpg", "samples/CAM_BACK_RIGHT/n015-2018-07-18-11-50-34+0800__CAM_BACK_RIGHT__1531886245027893.jpg"], "intrinsics": [[[1272.5979470598488, 0.0, 826.6154927353808], [0.0, 1272.5979470598488, 479.75165386361925], [0.0, 0.0, 1.0]], [[1266.417203046554, 0.0, 816.2670197447984], [0.0, 1266.417203046554, 491.50706579294757], [0.0, 0.0, 1.0]], [[1260.8474446004698, 0.0, 807.968244525554], [0.0, 1260.8474446004698, 495.3344268742088], [0.0, 0.0, 1.0]], [[1256.7414812095406, 0.0, 792.1125740759628], [0.0, 1256.7414812095406, 492.7757465151356], [0.0, 0.0, 1.0]], [[809.2209905677063, 0.0, 829.2196003259838], [0.0, 809.2209905677063, 481.77842384512485], [0.0, 0.0, 1.0]], [[1259.5137405846733, 0.0, 807.2529053838625], [0.0, 1259.5137405846733, 501.19579884916527], [0.0, 0.0, 1.0]]], "extrinsics": [[[0.8141776919364929, -0.5806110501289368, -0.002364936051890254, -0.791015625], [0.0012968771625310183, 0.005891691893339157, -0.9999818205833435, 1.508473515510559], [0.5806143283843994, 0.8141597509384155, 0.0055498648434877396, -1.16534423828125], [0.0, 0.0, 0.0, 1.0]], [[-0.0036413611378520727, -0.9999898672103882, -0.002624230459332466, 0.01139068603515625], [-0.003814645344391465, 0.002638119738548994, -0.9999892711639404, 1.51985502243042], [0.9999861121177673, -0.003631270956248045, -0.0038242130540311337, -1.5191650390625], [0.0, 0.0, 0.0, 1.0]], [[-0.8369253873825073, -0.5471614599227905, -0.013043960556387901, 0.920654296875], [0.0021517486311495304, 0.020542975515127182, -0.9997866153717041, 1.503785490989685], [0.5473126769065857, -0.8367749452590942, -0.016015583649277687, -1.166748046875], [0.0, 0.0, 0.0, 1.0]], [[0.9477643966674805, 0.31888145208358765, 0.007565576117485762, -1.1300048828125], [0.010792382061481476, -0.008353463374078274, -0.9999068379402161, 1.5887699127197266], [-0.3187885582447052, 0.9477578401565552, -0.01135860662907362, -0.11431884765625], [0.0, 0.0, 0.0, 1.0]], [[0.0052562011405825615, 0.9999858140945435, 0.0008534110384061933, -0.00316619873046875], [-0.014794564805924892, 0.0009310939349234104, -0.999890148639679, 1.5784721374511719], [-0.9998767375946045, 0.005243014078587294, 0.014799248427152634, -0.0579833984375], [0.0, 0.0, 0.0, 1.0]], [[-0.9328283667564392, 0.36015206575393677, -0.011029890738427639, 1.0364990234375], [0.01778554916381836, 0.015449123457074165, -0.9997224807739258, 1.5531883239746094], [-0.359881728887558, -0.932765781879425, -0.020816883072257042, -0.09423828125], [0.0, 0.0, 0.0, 1.0]]], "view": [[0.0, -2.0, 100.0], [-2.0, 0.0, 100.0], [0.0, 0.0, 1.0]], "bev": "bev_97f1dba070874a2996ca717b112be788.png", "aux": "aux_97f1dba070874a2996ca717b112be788.npz", "visibility": "visibility_97f1dba070874a2996ca717b112be788.png", "pose": [[-0.4708428680896759, 0.8822171092033386, 0.0, 843.8855590820312], [-0.8822171092033386, -0.4708428680896759, 0.0, 1301.2740478515625], [0.0, 0.0, 1.0, 0.0], [0.0, 0.0, 0.0, 1.0]], "pose_inverse": [[-0.4708428680896759, -0.8822171092033386, 0.0, 1545.34375], [0.8822171092033386, -0.4708428680896759, 0.0, -131.79464721679688], [0.0, 0.0, 1.0, 0.0], [0.0, 0.0, 0.0, 1.0]], "cam_ids": [0, 1, 2, 3, 4, 5], "cam_channels": ["CAM_FRONT_LEFT", "CAM_FRONT", "CAM_FRONT_RIGHT", "CAM_BACK_LEFT", "CAM_BACK", "CAM_BACK_RIGHT"], "token": "97f1dba070874a2996ca717b112be788", "scene": "scene-0032"}, {"images": ["samples/CAM_FRONT_LEFT/n015-2018-07-18-11-50-34+0800__CAM_FRONT_LEFT__1531886245504844.jpg", "samples/CAM_FRONT/n015-2018-07-18-11-50-34+0800__CAM_FRONT__1531886245512467.jpg", "samples/CAM_FRONT_RIGHT/n015-2018-07-18-11-50-34+0800__CAM_FRONT_RIGHT__1531886245520339.jpg", "samples/CAM_BACK_LEFT/n015-2018-07-18-11-50-34+0800__CAM_BACK_LEFT__1531886245547423.jpg", "samples/CAM_BACK/n015-2018-07-18-11-50-34+0800__CAM_BACK__1531886245537525.jpg", "samples/CAM_BACK_RIGHT/n015-2018-07-18-11-50-34+0800__CAM_BACK_RIGHT__1531886245527893.jpg"], "intrinsics": [[[1272.5979470598488, 0.0, 826.6154927353808], [0.0, 1272.5979470598488, 479.75165386361925], [0.0, 0.0, 1.0]], [[1266.417203046554, 0.0, 816.2670197447984], [0.0, 1266.417203046554, 491.50706579294757], [0.0, 0.0, 1.0]], [[1260.8474446004698, 0.0, 807.968244525554], [0.0, 1260.8474446004698, 495.3344268742088], [0.0, 0.0, 1.0]], [[1256.7414812095406, 0.0, 792.1125740759628], [0.0, 1256.7414812095406, 492.7757465151356], [0.0, 0.0, 1.0]], [[809.2209905677063, 0.0, 829.2196003259838], [0.0, 809.2209905677063, 481.77842384512485], [0.0, 0.0, 1.0]], [[1259.5137405846733, 0.0, 807.2529053838625], [0.0, 1259.5137405846733, 501.19579884916527], [0.0, 0.0, 1.0]]], "extrinsics": [[[0.8145777583122253, -0.579996645450592, -0.008174709044396877, -0.8162841796875], [0.012143622152507305, 0.031141670420765877, -0.9994412064552307, 1.5102825164794922], [0.5799271464347839, 0.8140233755111694, 0.032410576939582825, -1.17999267578125], [0.0, 0.0, 0.0, 1.0]], [[-0.003194288583472371, -0.9996144771575928, -0.027579164132475853, 0.0081787109375], [0.007106976583600044, 0.0275559201836586, -0.9995949864387512, 1.521488904953003], [0.9999696016311646, -0.0033890020567923784, 0.007016215473413467, -1.5435791015625], [0.0, 0.0, 0.0, 1.0]], [[-0.83650803565979, -0.5467885136604309, -0.03572928532958031, 0.9366455078125], [0.013154493644833565, 0.045147109776735306, -0.9988937377929688, 1.5050430297851562], [0.5477967262268066, -0.8360525965690613, -0.030573192983865738, -1.182373046875], [0.0, 0.0, 0.0, 1.0]], [[0.9475327134132385, 0.318539559841156, 0.026725923642516136, -1.1380615234375], [0.02270573377609253, 0.016327790915966034, -0.9996088147163391, 1.5886516571044922], [-0.3188513219356537, 0.9477689862251282, 0.008238440379500389, -0.1058349609375], [0.0, 0.0, 0.0, 1.0]], [[0.004830846097320318, 0.9996559619903564, 0.02578049711883068, 0.00164794921875], [-0.0030733023304492235, 0.02579551562666893, -0.9996625185012817, 1.5791826248168945], [-0.9999836683273315, 0.004749988205730915, 0.003196859732270241, -0.043701171875], [0.0, 0.0, 0.0, 1.0]], [[-0.9328053593635559, 0.3601551353931427, -0.012745684012770653, 1.055908203125], [0.029256848618388176, 0.04043019190430641, -0.9987539052963257, 1.553853988647461], [-0.35919103026390076, -0.9320159554481506, -0.048250503838062286, -0.092193603515625], [0.0, 0.0, 0.0, 1.0]]], "view": [[0.0, -2.0, 100.0], [-2.0, 0.0, 100.0], [0.0, 0.0, 1.0]], "bev": "bev_17a9d3f4cf624ab38bee0b73ccb77e2e.png", "aux": "aux_17a9d3f4cf624ab38bee0b73ccb77e2e.npz", "visibility": "visibility_17a9d3f4cf624ab38bee0b73ccb77e2e.png", "pose": [[-0.3479493260383606, 0.9375133514404297, 0.0, 842.9910278320312], [-0.9375133514404297, -0.3479493260383606, 0.0, 1299.2962646484375], [0.0, 0.0, 1.0, 0.0], [0.0, 0.0, 0.0, 1.0]], "pose_inverse": [[-0.3479493260383606, -0.9375133514404297, 0.0, 1511.42578125], [0.9375133514404297, -0.3479493260383606, 0.0, -338.2260437011719], [0.0, 0.0, 1.0, 0.0], [0.0, 0.0, 0.0, 1.0]], "cam_ids": [0, 1, 2, 3, 4, 5], "cam_channels": ["CAM_FRONT_LEFT", "CAM_FRONT", "CAM_FRONT_RIGHT", "CAM_BACK_LEFT", "CAM_BACK", "CAM_BACK_RIGHT"], "token": "17a9d3f4cf624ab38bee0b73ccb77e2e", "scene": "scene-0032"}, {"images": ["samples/CAM_FRONT_LEFT/n015-2018-07-18-11-50-34+0800__CAM_FRONT_LEFT__1531886246004844.jpg", "samples/CAM_FRONT/n015-2018-07-18-11-50-34+0800__CAM_FRONT__1531886246012465.jpg", "samples/CAM_FRONT_RIGHT/n015-2018-07-18-11-50-34+0800__CAM_FRONT_RIGHT__1531886246020339.jpg", "samples/CAM_BACK_LEFT/n015-2018-07-18-11-50-34+0800__CAM_BACK_LEFT__1531886246047423.jpg", "samples/CAM_BACK/n015-2018-07-18-11-50-34+0800__CAM_BACK__1531886246037525.jpg", "samples/CAM_BACK_RIGHT/n015-2018-07-18-11-50-34+0800__CAM_BACK_RIGHT__1531886246027893.jpg"], "intrinsics": [[[1272.5979470598488, 0.0, 826.6154927353808], [0.0, 1272.5979470598488, 479.75165386361925], [0.0, 0.0, 1.0]], [[1266.417203046554, 0.0, 816.2670197447984], [0.0, 1266.417203046554, 491.50706579294757], [0.0, 0.0, 1.0]], [[1260.8474446004698, 0.0, 807.968244525554], [0.0, 1260.8474446004698, 495.3344268742088], [0.0, 0.0, 1.0]], [[1256.7414812095406, 0.0, 792.1125740759628], [0.0, 1256.7414812095406, 492.7757465151356], [0.0, 0.0, 1.0]], [[809.2209905677063, 0.0, 829.2196003259838], [0.0, 809.2209905677063, 481.77842384512485], [0.0, 0.0, 1.0]], [[1259.5137405846733, 0.0, 807.2529053838625], [0.0, 1259.5137405846733, 501.19579884916527], [0.0, 0.0, 1.0]]], "extrinsics": [[[0.8148531317710876, -0.5796670317649841, -0.0007468149997293949, -0.833984375], [0.027797985821962357, 0.04036315903067589, -0.9987983107566833, 1.5124969482421875], [0.5790006518363953, 0.8138532042503357, 0.049003615975379944, -1.1915283203125], [0.0, 0.0, 0.0, 1.0]], [[-0.002258386928588152, -0.9993444085121155, -0.036132048815488815, 0.00732421875], [0.022684680297970772, 0.036071643233299255, -0.9990916848182678, 1.5234088897705078], [0.9997400045394897, -0.003075988031923771, 0.022588346153497696, -1.5615234375], [0.0, 0.0, 0.0, 1.0]], [[-0.835612416267395, -0.5467599630355835, -0.052964355796575546, 0.947998046875], [0.02863582968711853, 0.05292980372905731, -0.9981875419616699, 1.5064678192138672], [0.5485724210739136, -0.8356146812438965, -0.028571879491209984, -1.19091796875], [0.0, 0.0, 0.0, 1.0]], [[0.9469677805900574, 0.3184301257133484, 0.04305986687541008, -1.1387939453125], [0.03815479204058647, 0.021628204733133316, -0.9990377426147461, 1.58868408203125], [-0.3190550208091736, 0.9476995468139648, 0.00833157915621996, -0.10540771484375], [0.0, 0.0, 0.0, 1.0]], [[0.004195496439933777, 0.9994776248931885, 0.032045137137174606, 0.00201416015625], [0.012354820966720581, 0.03199116140604019, -0.9994118213653564, 1.5798169374465942], [-0.9999148845672607, 0.004588932264596224, -0.012214147485792637, -0.037841796875], [0.0, 0.0, 0.0, 1.0]], [[-0.9326228499412537, 0.36001142859458923, -0.02462119050323963, 1.06591796875], [0.044693972915410995, 0.047537095844745636, -0.997869074344635, 1.5547218322753906], [-0.3580738604068756, -0.9317359924316406, -0.06042453646659851, -0.08913040161132812], [0.0, 0.0, 0.0, 1.0]]], "view": [[0.0, -2.0, 100.0], [-2.0, 0.0, 100.0], [0.0, 0.0, 1.0]], "bev": "bev_c7ef305389fd4fa2b19ab0f7447d9206.png", "aux": "aux_c7ef305389fd4fa2b19ab0f7447d9206.npz", "visibility": "visibility_c7ef305389fd4fa2b19ab0f7447d9206.png", "pose": [[-0.22702693939208984, 0.9738884568214417, 0.0, 842.4048461914062], [-0.9738884568214417, -0.22702693939208984, 0.0, 1297.4437255859375], [0.0, 0.0, 1.0, 0.0], [0.0, 0.0, 0.0, 1.0]], "pose_inverse": [[-0.22702693939208984, -0.9738884568214417, 0.0, 1454.8140869140625], [0.9738884568214417, -0.22702693939208984, 0.0, -525.8536987304688], [0.0, 0.0, 1.0, 0.0], [0.0, 0.0, 0.0, 1.0]], "cam_ids": [0, 1, 2, 3, 4, 5], "cam_channels": ["CAM_FRONT_LEFT", "CAM_FRONT", "CAM_FRONT_RIGHT", "CAM_BACK_LEFT", "CAM_BACK", "CAM_BACK_RIGHT"], "token": "c7ef305389fd4fa2b19ab0f7447d9206", "scene": "scene-0032"}, {"images": ["samples/CAM_FRONT_LEFT/n015-2018-07-18-11-50-34+0800__CAM_FRONT_LEFT__1531886246504844.jpg", "samples/CAM_FRONT/n015-2018-07-18-11-50-34+0800__CAM_FRONT__1531886246512465.jpg", "samples/CAM_FRONT_RIGHT/n015-2018-07-18-11-50-34+0800__CAM_FRONT_RIGHT__1531886246520339.jpg", "samples/CAM_BACK_LEFT/n015-2018-07-18-11-50-34+0800__CAM_BACK_LEFT__1531886246547423.jpg", "samples/CAM_BACK/n015-2018-07-18-11-50-34+0800__CAM_BACK__1531886246537525.jpg", "samples/CAM_BACK_RIGHT/n015-2018-07-18-11-50-34+0800__CAM_BACK_RIGHT__1531886246527893.jpg"], "intrinsics": [[[1272.5979470598488, 0.0, 826.6154927353808], [0.0, 1272.5979470598488, 479.75165386361925], [0.0, 0.0, 1.0]], [[1266.417203046554, 0.0, 816.2670197447984], [0.0, 1266.417203046554, 491.50706579294757], [0.0, 0.0, 1.0]], [[1260.8474446004698, 0.0, 807.968244525554], [0.0, 1260.8474446004698, 495.3344268742088], [0.0, 0.0, 1.0]], [[1256.7414812095406, 0.0, 792.1125740759628], [0.0, 1256.7414812095406, 492.7757465151356], [0.0, 0.0, 1.0]], [[809.2209905677063, 0.0, 829.2196003259838], [0.0, 809.2209905677063, 481.77842384512485], [0.0, 0.0, 1.0]], [[1259.5137405846733, 0.0, 807.2529053838625], [0.0, 1259.5137405846733, 501.19579884916527], [0.0, 0.0, 1.0]]], "extrinsics": [[[0.814522922039032, -0.5797679424285889, 0.020530711859464645, -0.843017578125], [0.04840923845767975, 0.032659199088811874, -0.9982935190200806, 1.5147514343261719], [0.5781081318855286, 0.8141268491744995, 0.05466778948903084, -1.207305908203125], [0.0, 0.0, 0.0, 1.0]], [[-0.0017702850745990872, -0.9995853900909424, -0.028737656772136688, 0.01495361328125], [0.04330575466156006, 0.02863411232829094, -0.9986515045166016, 1.52532958984375], [0.9990602731704712, -0.003012394532561302, 0.0432371087372303, -1.574951171875], [0.0, 0.0, 0.0, 1.0]], [[-0.8345084190368652, -0.5469943881034851, -0.06627857685089111, 0.9600830078125], [0.049247805029153824, 0.0457608588039875, -0.99773770570755, 1.5077667236328125], [0.548789918422699, -0.8358846306800842, -0.011249544098973274, -1.18896484375], [0.0, 0.0, 0.0, 1.0]], [[0.9459388256072998, 0.31871163845062256, 0.06018729507923126, -1.1375732421875], [0.058507658541202545, 0.014850021339952946, -0.9981764554977417, 1.5888748168945312], [-0.3190242052078247, 0.9477353692054749, -0.004599857144057751, -0.11279296875], [0.0, 0.0, 0.0, 1.0]], [[0.003865766106173396, 0.999674379825592, 0.02522609941661358, -0.0047607421875], [0.03287707269191742, 0.02508559636771679, -0.9991445541381836, 1.580434799194336], [-0.9994519352912903, 0.004691820591688156, -0.03276938945055008, -0.0367431640625], [0.0, 0.0, 0.0, 1.0]], [[-0.9317849278450012, 0.3600335121154785, -0.04639779031276703, 1.0682373046875], [0.06527755409479141, 0.040451426059007645, -0.9970468878746033, 1.5555992126464844], [-0.3570934534072876, -0.9320619702339172, -0.06119413673877716, -0.07965087890625], [0.0, 0.0, 0.0, 1.0]]], "view": [[0.0, -2.0, 100.0], [-2.0, 0.0, 100.0], [0.0, 0.0, 1.0]], "bev": "bev_1de8245a7c92454a81b13883ae1a5eca.png", "aux": "aux_1de8245a7c92454a81b13883ae1a5eca.npz", "visibility": "visibility_1de8245a7c92454a81b13883ae1a5eca.png", "pose": [[-0.10299445688724518, 0.9946819543838501, 0.0, 842.0880126953125], [-0.9946819543838501, -0.10299445688724518, 0.0, 1295.7667236328125], [0.0, 0.0, 1.0, 0.0], [0.0, 0.0, 0.0, 1.0]], "pose_inverse": [[-0.10299445688724518, -0.9946819543838501, 0.0, 1375.606201171875], [0.9946819543838501, -0.10299445688724518, 0.0, -704.1529541015625], [0.0, 0.0, 1.0, 0.0], [0.0, 0.0, 0.0, 1.0]], "cam_ids": [0, 1, 2, 3, 4, 5], "cam_channels": ["CAM_FRONT_LEFT", "CAM_FRONT", "CAM_FRONT_RIGHT", "CAM_BACK_LEFT", "CAM_BACK", "CAM_BACK_RIGHT"], "token": "1de8245a7c92454a81b13883ae1a5eca", "scene": "scene-0032"}, {"images": ["samples/CAM_FRONT_LEFT/n015-2018-07-18-11-50-34+0800__CAM_FRONT_LEFT__1531886247004844.jpg", "samples/CAM_FRONT/n015-2018-07-18-11-50-34+0800__CAM_FRONT__1531886247012803.jpg", "samples/CAM_FRONT_RIGHT/n015-2018-07-18-11-50-34+0800__CAM_FRONT_RIGHT__1531886247020339.jpg", "samples/CAM_BACK_LEFT/n015-2018-07-18-11-50-34+0800__CAM_BACK_LEFT__1531886247047423.jpg", "samples/CAM_BACK/n015-2018-07-18-11-50-34+0800__CAM_BACK__1531886247037525.jpg", "samples/CAM_BACK_RIGHT/n015-2018-07-18-11-50-34+0800__CAM_BACK_RIGHT__1531886247027893.jpg"], "intrinsics": [[[1272.5979470598488, 0.0, 826.6154927353808], [0.0, 1272.5979470598488, 479.75165386361925], [0.0, 0.0, 1.0]], [[1266.417203046554, 0.0, 816.2670197447984], [0.0, 1266.417203046554, 491.50706579294757], [0.0, 0.0, 1.0]], [[1260.8474446004698, 0.0, 807.968244525554], [0.0, 1260.8474446004698, 495.3344268742088], [0.0, 0.0, 1.0]], [[1256.7414812095406, 0.0, 792.1125740759628], [0.0, 1256.7414812095406, 492.7757465151356], [0.0, 0.0, 1.0]], [[809.2209905677063, 0.0, 829.2196003259838], [0.0, 809.2209905677063, 481.77842384512485], [0.0, 0.0, 1.0]], [[1259.5137405846733, 0.0, 807.2529053838625], [0.0, 1259.5137405846733, 501.19579884916527], [0.0, 0.0, 1.0]]], "extrinsics": [[[0.8128133416175842, -0.5813146233558655, 0.03751937299966812, -0.861083984375], [0.052882302552461624, 0.009492723271250725, -0.9985556602478027, 1.5148887634277344], [0.5801188349723816, 0.8136233687400818, 0.03845706954598427, -1.2090892791748047], [0.0, 0.0, 0.0, 1.0]], [[-0.004251720383763313, -0.9999761581420898, -0.005436854902654886, 0.00653076171875], [0.04736107960343361, 0.005229438189417124, -0.9988641738891602, 1.5253944396972656], [0.9988687634468079, -0.004504386335611343, 0.04733772203326225, -1.589599609375], [0.0, 0.0, 0.0, 1.0]], [[-0.8356157541275024, -0.5464087724685669, -0.05642468109726906, 0.96575927734375], [0.052935097366571426, 0.022141505032777786, -0.9983524680137634, 1.5078773498535156], [0.5467578172683716, -0.8372259140014648, 0.010422409512102604, -1.2034912109375], [0.0, 0.0, 0.0, 1.0]], [[0.9465308785438538, 0.31791648268699646, 0.05484822392463684, -1.13897705078125], [0.060862425714731216, -0.009008178487420082, -0.998105525970459, 1.588775634765625], [-0.3168201148509979, 0.9480758905410767, -0.027875687927007675, -0.105224609375], [0.0, 0.0, 0.0, 1.0]], [[0.005948349367827177, 0.9999812841415405, 0.0014710405375808477, 0.00244140625], [0.03569408506155014, 0.0012578051537275314, -0.9993619918823242, 1.5804481506347656], [-0.9993450045585632, 0.005997060798108578, -0.035685934126377106, -0.02880859375], [0.0, 0.0, 0.0, 1.0]], [[-0.9308191537857056, 0.3608589470386505, -0.05793607234954834, 1.081787109375], [0.06856116652488708, 0.016700148582458496, -0.9975071549415588, 1.5554275512695312], [-0.3589918613433838, -0.9324709177017212, -0.04028572514653206, -0.083587646484375], [0.0, 0.0, 0.0, 1.0]]], "view": [[0.0, -2.0, 100.0], [-2.0, 0.0, 100.0], [0.0, 0.0, 1.0]], "bev": "bev_81e2df0d68144fc1bca59c11e4f1c3ff.png", "aux": "aux_81e2df0d68144fc1bca59c11e4f1c3ff.npz", "visibility": "visibility_81e2df0d68144fc1bca59c11e4f1c3ff.png", "pose": [[0.02805076725780964, 0.9996064901351929, 0.0, 842.0159912109375], [-0.9996064901351929, 0.02805076725780964, 0.0, 1294.2427978515625], [0.0, 0.0, 1.0, 0.0], [0.0, 0.0, 0.0, 1.0]], "pose_inverse": [[0.02805076725780964, -0.9996064901351929, 0.0, 1270.1143798828125], [0.9996064901351929, 0.02805076725780964, 0.0, -877.9891357421875], [0.0, 0.0, 1.0, 0.0], [0.0, 0.0, 0.0, 1.0]], "cam_ids": [0, 1, 2, 3, 4, 5], "cam_channels": ["CAM_FRONT_LEFT", "CAM_FRONT", "CAM_FRONT_RIGHT", "CAM_BACK_LEFT", "CAM_BACK", "CAM_BACK_RIGHT"], "token": "81e2df0d68144fc1bca59c11e4f1c3ff", "scene": "scene-0032"}, {"images": ["samples/CAM_FRONT_LEFT/n015-2018-07-18-11-50-34+0800__CAM_FRONT_LEFT__1531886247404844.jpg", "samples/CAM_FRONT/n015-2018-07-18-11-50-34+0800__CAM_FRONT__1531886247412465.jpg", "samples/CAM_FRONT_RIGHT/n015-2018-07-18-11-50-34+0800__CAM_FRONT_RIGHT__1531886247420339.jpg", "samples/CAM_BACK_LEFT/n015-2018-07-18-11-50-34+0800__CAM_BACK_LEFT__1531886247447423.jpg", "samples/CAM_BACK/n015-2018-07-18-11-50-34+0800__CAM_BACK__1531886247437525.jpg", "samples/CAM_BACK_RIGHT/n015-2018-07-18-11-50-34+0800__CAM_BACK_RIGHT__1531886247427905.jpg"], "intrinsics": [[[1272.5979470598488, 0.0, 826.6154927353808], [0.0, 1272.5979470598488, 479.75165386361925], [0.0, 0.0, 1.0]], [[1266.417203046554, 0.0, 816.2670197447984], [0.0, 1266.417203046554, 491.50706579294757], [0.0, 0.0, 1.0]], [[1260.8474446004698, 0.0, 807.968244525554], [0.0, 1260.8474446004698, 495.3344268742088], [0.0, 0.0, 1.0]], [[1256.7414812095406, 0.0, 792.1125740759628], [0.0, 1256.7414812095406, 492.7757465151356], [0.0, 0.0, 1.0]], [[809.2209905677063, 0.0, 829.2196003259838], [0.0, 809.2209905677063, 481.77842384512485], [0.0, 0.0, 1.0]], [[1259.5137405846733, 0.0, 807.2529053838625], [0.0, 1259.5137405846733, 501.19579884916527], [0.0, 0.0, 1.0]]], "extrinsics": [[[0.8130210041999817, -0.5810843110084534, 0.03657516464591026, -0.8681640625], [0.042903631925582886, -0.0028563502710312605, -0.9990751147270203, 1.5133476257324219], [0.5806512832641602, 0.8138383626937866, 0.022608354687690735, -1.2113189697265625], [0.0, 0.0, 0.0, 1.0]], [[-0.004565868526697159, -0.9999673366546631, 0.006660357117652893, 0.0047607421875], [0.03753666207194328, -0.006827117409557104, -0.9992719292640686, 1.5242347717285156], [0.9992847442626953, -0.004312553443014622, 0.03756660968065262, -1.5936279296875], [0.0, 0.0, 0.0, 1.0]], [[-0.836186945438385, -0.5468423366546631, -0.04188835993409157, 0.967559814453125], [0.04326419532299042, 0.010368479415774345, -0.9990098476409912, 1.506988525390625], [0.5467352271080017, -0.8371713757514954, 0.014988710172474384, -1.206298828125], [0.0, 0.0, 0.0, 1.0]], [[0.9469512104988098, 0.3185419738292694, 0.04259461909532547, -1.13739013671875], [0.05162877216935158, -0.019967934116721153, -0.9984667301177979, 1.5887985229492188], [-0.31720298528671265, 0.9476984143257141, -0.03535459190607071, -0.1051025390625], [0.0, 0.0, 0.0, 1.0]], [[0.005941248498857021, 0.9999350309371948, -0.0097315963357687, 0.0030517578125], [0.026313945651