[{"images": ["samples/CAM_FRONT_LEFT/n015-2018-08-03-15-21-40+0800__CAM_FRONT_LEFT__1533281191154844.jpg", "samples/CAM_FRONT/n015-2018-08-03-15-21-40+0800__CAM_FRONT__1533281191162460.jpg", "samples/CAM_FRONT_RIGHT/n015-2018-08-03-15-21-40+0800__CAM_FRONT_RIGHT__1533281191170339.jpg", "samples/CAM_BACK_LEFT/n015-2018-08-03-15-21-40+0800__CAM_BACK_LEFT__1533281191197423.jpg", "samples/CAM_BACK/n015-2018-08-03-15-21-40+0800__CAM_BACK__1533281191187525.jpg", "samples/CAM_BACK_RIGHT/n015-2018-08-03-15-21-40+0800__CAM_BACK_RIGHT__1533281191177893.jpg"], "intrinsics": [[[1272.5979470598488, 0.0, 826.6154927353808], [0.0, 1272.5979470598488, 479.75165386361925], [0.0, 0.0, 1.0]], [[1266.417203046554, 0.0, 816.2670197447984], [0.0, 1266.417203046554, 491.50706579294757], [0.0, 0.0, 1.0]], [[1260.8474446004698, 0.0, 807.968244525554], [0.0, 1260.8474446004698, 495.3344268742088], [0.0, 0.0, 1.0]], [[1256.7414812095406, 0.0, 792.1125740759628], [0.0, 1256.7414812095406, 492.7757465151356], [0.0, 0.0, 1.0]], [[809.2209905677063, 0.0, 829.2196003259838], [0.0, 809.2209905677063, 481.77842384512485], [0.0, 0.0, 1.0]], [[1259.5137405846733, 0.0, 807.2529053838625], [0.0, 1259.5137405846733, 501.19579884916527], [0.0, 0.0, 1.0]]], "extrinsics": [[[0.818056583404541, -0.5741918683052063, 0.032971031963825226, -0.9064178466796875], [-0.005578193347901106, -0.06524568051099777, -0.9978536367416382, 1.507843017578125], [0.575110673904419, 0.8161168098449707, -0.05657761171460152, -1.2388916015625], [0.0, 0.0, 0.0, 1.0]], [[0.0018680555513128638, -0.9975945353507996, 0.06929256021976471, 0.0050048828125], [-0.010884249582886696, -0.06930886209011078, -0.9975358843803406, 1.5198822021484375], [0.99993896484375, 0.0011092466302216053, -0.010987541638314724, -1.63250732421875], [0.0, 0.0, 0.0, 1.0]], [[-0.8346039056777954, -0.5498566031455994, 0.03307325765490532, 0.9927978515625], [-0.005193566437810659, -0.052183013409376144, -0.9986240267753601, 1.5034103393554688], [0.5508258938789368, -0.8336272835731506, 0.040696434676647186, -1.22265625], [0.0, 0.0, 0.0, 1.0]], [[0.9477489590644836, 0.3181838393211365, -0.023037808015942574, -1.1395263671875], [0.003502807579934597, -0.08258980512619019, -0.9965774416923523, 1.5885772705078125], [-0.3189975321292877, 0.9444246292114258, -0.07938894629478455, -0.104736328125], [0.0, 0.0, 0.0, 1.0]], [[0.003478632541373372, 0.9973537921905518, -0.07261741906404495, 0.0029296875], [-0.021943112835288048, -0.07252424210309982, -0.9971252679824829, 1.57891845703125], [-0.9997531175613403, 0.005062080919742584, 0.021632762625813484, -0.017822265625], [0.0, 0.0, 0.0, 1.0]], [[-0.9340533018112183, 0.3558371365070343, -0.030404968187212944, 1.103118896484375], [0.010687433183193207, -0.0572473481297493, -0.9983028769493103, 1.5518417358398438], [-0.356973797082901, -0.9327929615974426, 0.049669086933135986, -0.0762939453125], [0.0, 0.0, 0.0, 1.0]]], "view": [[0.0, -2.0, 100.0], [-2.0, 0.0, 100.0], [0.0, 0.0, 1.0]], "bev": "bev_5527b3b156854b79b051338b7fe6a23d.png", "aux": "aux_5527b3b156854b79b051338b7fe6a23d.npz", "visibility": "visibility_5527b3b156854b79b051338b7fe6a23d.png", "pose": [[-0.9947363138198853, 0.1024675965309143, 0.0, 784.859375], [-0.1024675965309143, -0.9947363138198853, 0.0, 1699.0504150390625], [0.0, 0.0, 1.0, 0.0], [0.0, 0.0, 0.0, 1.0]], "pose_inverse": [[-0.9947363138198853, -0.1024675965309143, 0.0, 954.8257446289062], [0.1024675965309143, -0.9947363138198853, 0.0, 1609.6845703125], [0.0, 0.0, 1.0, 0.0], [0.0, 0.0, 0.0, 1.0]], "cam_ids": [0, 1, 2, 3, 4, 5], "cam_channels": ["CAM_FRONT_LEFT", "CAM_FRONT", "CAM_FRONT_RIGHT", "CAM_BACK_LEFT", "CAM_BACK", "CAM_BACK_RIGHT"], "token": "5527b3b156854b79b051338b7fe6a23d", "scene": "scene-0379"}, {"images": ["samples/CAM_FRONT_LEFT/n015-2018-08-03-15-21-40+0800__CAM_FRONT_LEFT__1533281191654844.jpg", "samples/CAM_FRONT/n015-2018-08-03-15-21-40+0800__CAM_FRONT__1533281191662460.jpg", "samples/CAM_FRONT_RIGHT/n015-2018-08-03-15-21-40+0800__CAM_FRONT_RIGHT__1533281191670350.jpg", "samples/CAM_BACK_LEFT/n015-2018-08-03-15-21-40+0800__CAM_BACK_LEFT__1533281191697423.jpg", "samples/CAM_BACK/n015-2018-08-03-15-21-40+0800__CAM_BACK__1533281191687525.jpg", "samples/CAM_BACK_RIGHT/n015-2018-08-03-15-21-40+0800__CAM_BACK_RIGHT__1533281191677893.jpg"], "intrinsics": [[[1272.5979470598488, 0.0, 826.6154927353808], [0.0, 1272.5979470598488, 479.75165386361925], [0.0, 0.0, 1.0]], [[1266.417203046554, 0.0, 816.2670197447984], [0.0, 1266.417203046554, 491.50706579294757], [0.0, 0.0, 1.0]], [[1260.8474446004698, 0.0, 807.968244525554], [0.0, 1260.8474446004698, 495.3344268742088], [0.0, 0.0, 1.0]], [[1256.7414812095406, 0.0, 792.1125740759628], [0.0, 1256.7414812095406, 492.7757465151356], [0.0, 0.0, 1.0]], [[809.2209905677063, 0.0, 829.2196003259838], [0.0, 809.2209905677063, 481.77842384512485], [0.0, 0.0, 1.0]], [[1259.5137405846733, 0.0, 807.2529053838625], [0.0, 1259.5137405846733, 501.19579884916527], [0.0, 0.0, 1.0]]], "extrinsics": [[[0.8176913857460022, -0.5748605728149414, 0.030264591798186302, -0.8881816864013672], [-0.009938769042491913, -0.06666417419910431, -0.9977259635925293, 1.5074844360351562], [0.5755709409713745, 0.8155311942100525, -0.06022414192557335, -1.22900390625], [0.0, 0.0, 0.0, 1.0]], [[0.0013836333528161049, -0.9974963665008545, 0.07070377469062805, 0.0068359375], [-0.015245328657329082, -0.07071667164564133, -0.9973799586296082, 1.5194854736328125], [0.999882698059082, 0.00030211740522645414, -0.015305005945265293, -1.61572265625], [0.0, 0.0, 0.0, 1.0]], [[-0.8347914814949036, -0.549289882183075, 0.037464551627635956, 0.9830322265625], [-0.00954460073262453, -0.05359871685504913, -0.9985169172286987, 1.503143310546875], [0.5504833459854126, -0.833911120891571, 0.03950100764632225, -1.21453857421875], [0.0, 0.0, 0.0, 1.0]], [[0.9474008679389954, 0.31885379552841187, -0.027638843283057213, -1.1431884765625], [-0.0007802467443980277, -0.08405674993991852, -0.9964606165885925, 1.588592529296875], [-0.3200484812259674, 0.9440692067146301, -0.0793866440653801, -0.103759765625], [0.0, 0.0, 0.0, 1.0]], [[0.0031518239993602037, 0.9972485303878784, -0.07406435161828995, 0.0020751953125], [-0.026287833228707314, -0.07395648956298828, -0.9969149231910706, 1.5788116455078125], [-0.9996494054794312, 0.005089102778583765, 0.025982404127717018, -0.0208740234375], [0.0, 0.0, 0.0, 1.0]], [[-0.9340142607688904, 0.35622432827949524, -0.026860374957323074, 1.094512939453125], [0.00633210688829422, -0.05866890400648117, -0.9982573986053467, 1.5517959594726562], [-0.3571794331073761, -0.9325568079948425, 0.05254194885492325, -0.0784912109375], [0.0, 0.0, 0.0, 1.0]]], "view": [[0.0, -2.0, 100.0], [-2.0, 0.0, 100.0], [0.0, 0.0, 1.0]], "bev": "bev_f71eb4333060439eb194310a113250e2.png", "aux": "aux_f71eb4333060439eb194310a113250e2.npz", "visibility": "visibility_f71eb4333060439eb194310a113250e2.png", "pose": [[-0.9857172966003418, 0.1684083342552185, 0.0, 783.8942260742188], [-0.1684083342552185, -0.9857172966003418, 0.0, 1698.921630859375], [0.0, 0.0, 1.0, 0.0], [0.0, 0.0, 0.0, 1.0]], "pose_inverse": [[-0.9857172966003418, -0.1684083342552185, 0.0, 1058.8106689453125], [0.1684083342552185, -0.9857172966003418, 0.0, 1542.6422119140625], [0.0, 0.0, 1.0, 0.0], [0.0, 0.0, 0.0, 1.0]], "cam_ids": [0, 1, 2, 3, 4, 5], "cam_channels": ["CAM_FRONT_LEFT", "CAM_FRONT", "CAM_FRONT_RIGHT", "CAM_BACK_LEFT", "CAM_BACK", "CAM_BACK_RIGHT"], "token": "f71eb4333060439eb194310a113250e2", "scene": "scene-0379"}, {"images": ["samples/CAM_FRONT_LEFT/n015-2018-08-03-15-21-40+0800__CAM_FRONT_LEFT__1533281192154844.jpg", "samples/CAM_FRONT/n015-2018-08-03-15-21-40+0800__CAM_FRONT__1533281192162460.jpg", "samples/CAM_FRONT_RIGHT/n015-2018-08-03-15-21-40+0800__CAM_FRONT_RIGHT__1533281192170339.jpg", "samples/CAM_BACK_LEFT/n015-2018-08-03-15-21-40+0800__CAM_BACK_LEFT__1533281192197522.jpg", "samples/CAM_BACK/n015-2018-08-03-15-21-40+0800__CAM_BACK__1533281192187525.jpg", "samples/CAM_BACK_RIGHT/n015-2018-08-03-15-21-40+0800__CAM_BACK_RIGHT__1533281192177893.jpg"], "intrinsics": [[[1272.5979470598488, 0.0, 826.6154927353808], [0.0, 1272.5979470598488, 479.75165386361925], [0.0, 0.0, 1.0]], [[1266.417203046554, 0.0, 816.2670197447984], [0.0, 1266.417203046554, 491.50706579294757], [0.0, 0.0, 1.0]], [[1260.8474446004698, 0.0, 807.968244525554], [0.0, 1260.8474446004698, 495.3344268742088], [0.0, 0.0, 1.0]], [[1256.7414812095406, 0.0, 792.1125740759628], [0.0, 1256.7414812095406, 492.7757465151356], [0.0, 0.0, 1.0]], [[809.2209905677063, 0.0, 829.2196003259838], [0.0, 809.2209905677063, 481.77842384512485], [0.0, 0.0, 1.0]], [[1259.5137405846733, 0.0, 807.2529053838625], [0.0, 1259.5137405846733, 501.19579884916527], [0.0, 0.0, 1.0]]], "extrinsics": [[[0.8158294558525085, -0.5775488615036011, 0.02932015061378479, -0.8641815185546875], [-0.010050041601061821, -0.0648534893989563, -0.9978441596031189, 1.5070648193359375], [0.5782052278518677, 0.8137759566307068, -0.058713775128126144, -1.2099609375], [0.0, 0.0, 0.0, 1.0]], [[-0.001230251626111567, -0.9976346492767334, 0.06872812658548355, 0.005615234375], [-0.015151808969676495, -0.06870170682668686, -0.9975221753120422, 1.51904296875], [0.9998844265937805, -0.002268594689667225, -0.015031449496746063, -1.590576171875], [0.0, 0.0, 0.0, 1.0]], [[-0.8358937501907349, -0.547716498374939, 0.03589130565524101, 0.966064453125], [-0.009200705215334892, -0.05139799788594246, -0.9986358284950256, 1.5029449462890625], [0.5488139986991882, -0.8350837826728821, 0.037923894822597504, -1.20458984375], [0.0, 0.0, 0.0, 1.0]], [[0.9476411938667297, 0.3182871639728546, -0.025873776525259018, -1.13916015625], [0.0001069394129444845, -0.08133968710899353, -0.9966864585876465, 1.5885696411132812], [-0.31933704018592834, 0.9444983601570129, -0.07711488753557205, -0.10504150390625], [0.0, 0.0, 0.0, 1.0]], [[0.004107929766178131, 0.9974294304847717, -0.07153765112161636, 0.0028076171875], [-0.025580957531929016, -0.07141002267599106, -0.9971189498901367, 1.5785675048828125], [-0.9996643662452698, 0.005926069337874651, 0.02522185631096363, -0.029541015625], [0.0, 0.0, 0.0, 1.0]], [[-0.9335053563117981, 0.35757699608802795, -0.026575155556201935, 1.0814208984375], [0.006847072392702103, -0.05632510781288147, -0.9983890056610107, 1.5518798828125], [-0.35849782824516296, -0.932183563709259, 0.05013144016265869, -0.0841064453125], [0.0, 0.0, 0.0, 1.0]]], "view": [[0.0, -2.0, 100.0], [-2.0, 0.0, 100.0], [0.0, 0.0, 1.0]], "bev": "bev_afdc5f78fac045e3ae9c147180062fdc.png", "aux": "aux_afdc5f78fac045e3ae9c147180062fdc.npz", "visibility": "visibility_afdc5f78fac045e3ae9c147180062fdc.png", "pose": [[-0.9646521210670471, 0.2635266184806824, 0.0, 782.5841064453125], [-0.2635266184806824, -0.9646521210670471, 0.0, 1698.6376953125], [0.0, 0.0, 1.0, 0.0], [0.0, 0.0, 0.0, 1.0]], "pose_inverse": [[-0.9646521210670471, -0.2635266184806824, 0.0, 1202.5576171875], [0.2635266184806824, -0.9646521210670471, 0.0, 1432.3626708984375], [0.0, 0.0, 1.0, 0.0], [0.0, 0.0, 0.0, 1.0]], "cam_ids": [0, 1, 2, 3, 4, 5], "cam_channels": ["CAM_FRONT_LEFT", "CAM_FRONT", "CAM_FRONT_RIGHT", "CAM_BACK_LEFT", "CAM_BACK", "CAM_BACK_RIGHT"], "token": "afdc5f78fac045e3ae9c147180062fdc", "scene": "scene-0379"}, {"images": ["samples/CAM_FRONT_LEFT/n015-2018-08-03-15-21-40+0800__CAM_FRONT_LEFT__1533281192604844.jpg", "samples/CAM_FRONT/n015-2018-08-03-15-21-40+0800__CAM_FRONT__1533281192612460.jpg", "samples/CAM_FRONT_RIGHT/n015-2018-08-03-15-21-40+0800__CAM_FRONT_RIGHT__1533281192620339.jpg", "samples/CAM_BACK_LEFT/n015-2018-08-03-15-21-40+0800__CAM_BACK_LEFT__1533281192647423.jpg", "samples/CAM_BACK/n015-2018-08-03-15-21-40+0800__CAM_BACK__1533281192637525.jpg", "samples/CAM_BACK_RIGHT/n015-2018-08-03-15-21-40+0800__CAM_BACK_RIGHT__1533281192627893.jpg"], "intrinsics": [[[1272.5979470598488, 0.0, 826.6154927353808], [0.0, 1272.5979470598488, 479.75165386361925], [0.0, 0.0, 1.0]], [[1266.417203046554, 0.0, 816.2670197447984], [0.0, 1266.417203046554, 491.50706579294757], [0.0, 0.0, 1.0]], [[1260.8474446004698, 0.0, 807.968244525554], [0.0, 1260.8474446004698, 495.3344268742088], [0.0, 0.0, 1.0]], [[1256.7414812095406, 0.0, 792.1125740759628], [0.0, 1256.7414812095406, 492.7757465151356], [0.0, 0.0, 1.0]], [[809.2209905677063, 0.0, 829.2196003259838], [0.0, 809.2209905677063, 481.77842384512485], [0.0, 0.0, 1.0]], [[1259.5137405846733, 0.0, 807.2529053838625], [0.0, 1259.5137405846733, 501.19579884916527], [0.0, 0.0, 1.0]]], "extrinsics": [[[0.814811646938324, -0.5789003968238831, 0.030926309525966644, -0.84637451171875], [-0.0071063051000237465, -0.063316211104393, -0.9979682564735413, 1.5072555541992188], [0.5796822905540466, 0.8129363656044006, -0.05570462346076965, -1.1966552734375], [0.0, 0.0, 0.0, 1.0]], [[-0.0027134553529322147, -0.9977259635925293, 0.06734676659107208, 0.0052490234375], [-0.012255866080522537, -0.06730877608060837, -0.9976568818092346, 1.5190811157226562], [0.9999211430549622, -0.003532442031428218, -0.012045358307659626, -1.5718994140625], [0.0, 0.0, 0.0, 1.0]], [[-0.8365311026573181, -0.5469385981559753, 0.03276900202035904, 0.953369140625], [-0.006323997862637043, -0.05016443505883217, -0.9987208843231201, 1.5030593872070312], [0.5478829145431519, -0.8356683850288391, 0.03850527107715607, -1.196746826171875], [0.0, 0.0, 0.0, 1.0]], [[0.9476454257965088, 0.31850922107696533, -0.02280142903327942, -1.1376953125], [0.0029663864988833666, -0.08018289506435394, -0.99677574634552, 1.5885467529296875], [-0.3193105459213257, 0.9445223808288574, -0.07692978531122208, -0.10498046875], [0.0, 0.0, 0.0, 1.0]], [[0.00450897729024291, 0.9975131750106812, -0.07033684849739075, 0.003173828125], [-0.022733084857463837, -0.07021714001893997, -0.9972726702690125, 1.5784988403320312], [-0.9997314214706421, 0.006095681805163622, 0.02235993929207325, -0.0361328125], [0.0, 0.0, 0.0, 1.0]], [[-0.9331963658332825, 0.3582078516483307, -0.02884114906191826, 1.07110595703125], [0.009700062684714794, -0.05511851981282234, -0.9984327554702759, 1.5521316528320312], [-0.35923612117767334, -0.9320134520530701, 0.0479617565870285, -0.0887451171875], [0.0, 0.0, 0.0, 1.0]]], "view": [[0.0, -2.0, 100.0], [-2.0, 0.0, 100.0], [0.0, 0.0, 1.0]], "bev": "bev_b6288b6da11144fea3dd42b7255b3021.png", "aux": "aux_b6288b6da11144fea3dd42b7255b3021.npz", "visibility": "visibility_b6288b6da11144fea3dd42b7255b3021.png", "pose": [[-0.9328597784042358, 0.36023974418640137, 0.0, 781.277587890625], [-0.36023974418640137, -0.9328597784042358, 0.0, 1698.213134765625], [0.0, 0.0, 1.0, 0.0], [0.0, 0.0, 0.0, 1.0]], "pose_inverse": [[-0.9328597784042358, -0.36023974418640137, 0.0, 1340.5863037109375], [0.36023974418640137, -0.9328597784042358, 0.0, 1302.7474365234375], [0.0, 0.0, 1.0, 0.0], [0.0, 0.0, 0.0, 1.0]], "cam_ids": [0, 1, 2, 3, 4, 5], "cam_channels": ["CAM_FRONT_LEFT", "CAM_FRONT", "CAM_FRONT_RIGHT", "CAM_BACK_LEFT", "CAM_BACK", "CAM_BACK_RIGHT"], "token": "b6288b6da11144fea3dd42b7255b3021", "scene": "scene-0379"}, {"images": ["samples/CAM_FRONT_LEFT/n015-2018-08-03-15-21-40+0800__CAM_FRONT_LEFT__1533281193104844.jpg", "samples/CAM_FRONT/n015-2018-08-03-15-21-40+0800__CAM_FRONT__1533281193112460.jpg", "samples/CAM_FRONT_RIGHT/n015-2018-08-03-15-21-40+0800__CAM_FRONT_RIGHT__1533281193120339.jpg", "samples/CAM_BACK_LEFT/n015-2018-08-03-15-21-40+0800__CAM_BACK_LEFT__1533281193147423.jpg", "samples/CAM_BACK/n015-2018-08-03-15-21-40+0800__CAM_BACK__1533281193137525.jpg", "samples/CAM_BACK_RIGHT/n015-2018-08-03-15-21-40+0800__CAM_BACK_RIGHT__1533281193127893.jpg"], "intrinsics": [[[1272.5979470598488, 0.0, 826.6154927353808], [0.0, 1272.5979470598488, 479.75165386361925], [0.0, 0.0, 1.0]], [[1266.417203046554, 0.0, 816.2670197447984], [0.0, 1266.417203046554, 491.50706579294757], [0.0, 0.0, 1.0]], [[1260.8474446004698, 0.0, 807.968244525554], [0.0, 1260.8474446004698, 495.3344268742088], [0.0, 0.0, 1.0]], [[1256.7414812095406, 0.0, 792.1125740759628], [0.0, 1256.7414812095406, 492.7757465151356], [0.0, 0.0, 1.0]], [[809.2209905677063, 0.0, 829.2196003259838], [0.0, 809.2209905677063, 481.77842384512485], [0.0, 0.0, 1.0]], [[1259.5137405846733, 0.0, 807.2529053838625], [0.0, 1259.5137405846733, 501.19579884916527], [0.0, 0.0, 1.0]]], "extrinsics": [[[0.8145751357078552, -0.5793263912200928, 0.02912297658622265, -0.82049560546875], [-0.0013733222149312496, -0.052132997661828995, -0.9986392259597778, 1.5080070495605469], [0.5800563097000122, 0.8134267330169678, -0.043261852115392685, -1.1776123046875], [0.0, 0.0, 0.0, 1.0]], [[-0.0029070135205984116, -0.9984225630760193, 0.05607098340988159, 0.003662109375], [-0.0064899735152721405, -0.056051209568977356, -0.9984068274497986, 1.5195159912109375], [0.9999746680259705, -0.003266293089836836, -0.006316795013844967, -1.543212890625], [0.0, 0.0, 0.0, 1.0]], [[-0.8364453315734863, -0.5476202368736267, 0.021710246801376343, 0.9345703125], [-0.0005244418862275779, -0.03881378844380379, -0.9992462992668152, 1.5035591125488281], [0.5480501055717468, -0.8358262181282043, 0.03217841312289238, -1.1854019165039062], [0.0, 0.0, 0.0, 1.0]], [[0.9475694298744202, 0.31926509737968445, -0.013490854762494564, -1.131591796875], [0.008899698033928871, -0.0685688778758049, -0.997606635093689, 1.58856201171875], [-0.3194259703159332, 0.9451814889907837, -0.0678151324391365, -0.10589599609375], [0.0, 0.0, 0.0, 1.0]], [[0.004537687636911869, 0.9982588291168213, -0.05881211906671524, 0.004638671875], [-0.016903650015592575, -0.05872774496674538, -0.9981309175491333, 1.5783767700195312], [-0.9998468160629272, 0.005523328669369221, 0.016607729718089104, -0.050048828125], [0.0, 0.0, 0.0, 1.0]], [[-0.9331855177879333, 0.35812750458717346, -0.03015725314617157, 1.05340576171875], [0.015516371466219425, -0.043686047196388245, -0.9989248514175415, 1.5527801513671875], [-0.3590599000453949, -0.932650089263916, 0.035210348665714264, -0.0970458984375], [0.0, 0.0, 0.0, 1.0]]], "view": [[0.0, -2.0, 100.0], [-2.0, 0.0, 100.0], [0.0, 0.0, 1.0]], "bev": "bev_5f57265ab1d6485c8f6ee8fa98f3df49.png", "aux": "aux_5f57265ab1d6485c8f6ee8fa98f3df49.npz", "visibility": "visibility_5f57265ab1d6485c8f6ee8fa98f3df49.png", "pose": [[-0.8783711791038513, 0.4779791831970215, 0.0, 779.6248168945312], [-0.4779791831970215, -0.8783711791038513, 0.0, 1697.4560546875], [0.0, 0.0, 1.0, 0.0], [0.0, 0.0, 0.0, 1.0]], "pose_inverse": [[-0.8783711791038513, -0.4779791831970215, 0.0, 1496.1485595703125], [0.4779791831970215, -0.8783711791038513, 0.0, 1118.35205078125], [0.0, 0.0, 1.0, 0.0], [0.0, 0.0, 0.0, 1.0]], "cam_ids": [0, 1, 2, 3, 4, 5], "cam_channels": ["CAM_FRONT_LEFT", "CAM_FRONT", "CAM_FRONT_RIGHT", "CAM_BACK_LEFT", "CAM_BACK", "CAM_BACK_RIGHT"], "token": "5f57265ab1d6485c8f6ee8fa98f3df49", "scene": "scene-0379"}, {"images": ["samples/CAM_FRONT_LEFT/n015-2018-08-03-15-21-40+0800__CAM_FRONT_LEFT__1533281193604844.jpg", "samples/CAM_FRONT/n015-2018-08-03-15-21-40+0800__CAM_FRONT__1533281193612460.jpg", "samples/CAM_FRONT_RIGHT/n015-2018-08-03-15-21-40+0800__CAM_FRONT_RIGHT__1533281193620339.jpg", "samples/CAM_BACK_LEFT/n015-2018-08-03-15-21-40+0800__CAM_BACK_LEFT__1533281193647423.jpg", "samples/CAM_BACK/n015-2018-08-03-15-21-40+0800__CAM_BACK__1533281193637525.jpg", "samples/CAM_BACK_RIGHT/n015-2018-08-03-15-21-40+0800__CAM_BACK_RIGHT__1533281193627893.jpg"], "intrinsics": [[[1272.5979470598488, 0.0, 826.6154927353808], [0.0, 1272.5979470598488, 479.75165386361925], [0.0, 0.0, 1.0]], [[1266.417203046554, 0.0, 816.2670197447984], [0.0, 1266.417203046554, 491.50706579294757], [0.0, 0.0, 1.0]], [[1260.8474446004698, 0.0, 807.968244525554], [0.0, 1260.8474446004698, 495.3344268742088], [0.0, 0.0, 1.0]], [[1256.7414812095406, 0.0, 792.1125740759628], [0.0, 1256.7414812095406, 492.7757465151356], [0.0, 0.0, 1.0]], [[809.2209905677063, 0.0, 829.2196003259838], [0.0, 809.2209905677063, 481.77842384512485], [0.0, 0.0, 1.0]], [[1259.5137405846733, 0.0, 807.2529053838625], [0.0, 1259.5137405846733, 501.19579884916527], [0.0, 0.0, 1.0]]], "extrinsics": [[[0.8112901449203491, -0.5842142105102539, 0.02240862138569355, -0.80609130859375], [-0.0019773412495851517, -0.04107033088803291, -0.999154269695282, 1.5079383850097656], [0.5846404433250427, 0.8105597496032715, -0.03447514399886131, -1.1683349609375], [0.0, 0.0, 0.0, 1.0]], [[-0.00785285234451294, -0.9989580512046814, 0.04495684802532196, 0.00531005859375], [-0.0071828048676252365, -0.04490072652697563, -0.9989656805992126, 1.5194320678710938], [0.9999433159828186, -0.008167590945959091, -0.006822724360972643, -1.5306396484375], [0.0, 0.0, 0.0, 1.0]], [[-0.8387627601623535, -0.5442602634429932, 0.016055427491664886, 0.9261474609375], [-0.0012136970181018114, -0.02761782892048359, -0.9996177554130554, 1.5035114288330078], [0.544495701789856, -0.8384616374969482, 0.022504238411784172, -1.178863525390625], [0.0, 0.0, 0.0, 1.0]], [[0.9478627443313599, 0.318498432636261, -0.010721156373620033, -1.134033203125], [0.007959074340760708, -0.057291705161333084, -0.998325765132904, 1.5886306762695312], [-0.31857940554618835, 0.9461904764175415, -0.05683962628245354, -0.106597900390625], [0.0, 0.0, 0.0, 1.0]], [[0.006444984581321478, 0.9988520741462708, -0.04746580123901367, 0.00299072265625], [-0.017754588276147842, -0.04734499752521515, -0.9987208247184753, 1.5784454345703125], [-0.9998215436935425, 0.007279552984982729, 0.017429064959287643, -0.05029296875], [0.0, 0.0, 0.0, 1.0]], [[-0.9320168495178223, 0.36151784658432007, -0.025483818724751472, 1.048095703125], [0.01474376954138279, -0.032436009496450424, -0.9993650913238525, 1.5528485774993896], [-0.36211490631103516, -0.9318008422851562, 0.02490077167749405, -0.097412109375], [0.0, 0.0, 0.0, 1.0]]], "view": [[0.0, -2.0, 100.0], [-2.0, 0.0, 100.0], [0.0, 0.0, 1.0]], "bev": "bev_91f6f2a3f7514abeb092bf4f96053879.png", "aux": "aux_91f6f2a3f7514abeb092bf4f96053879.npz", "visibility": "visibility_91f6f2a3f7514abeb092bf4f96053879.png", "pose": [[-0.7839112877845764, 0.6208728551864624, 0.0, 777.8931274414062], [-0.6208728551864624, -0.7839112877845764, 0.0, 1696.3311767578125], [0.0, 0.0, 1.0, 0.0], [0.0, 0.0, 0.0, 1.0]], "pose_inverse": [[-0.7839112877845764, -0.6208728551864624, 0.0, 1663.005126953125], [0.6208728551864624, -0.7839112877845764, 0.0, 846.8004760742188], [0.0, 0.0, 1.0, 0.0], [0.0, 0.0, 0.0, 1.0]], "cam_ids": [0, 1, 2, 3, 4, 5], "cam_channels": ["CAM_FRONT_LEFT", "CAM_FRONT", "CAM_FRONT_RIGHT", "CAM_BACK_LEFT", "CAM_BACK", "CAM_BACK_RIGHT"], "token": "91f6f2a3f7514abeb092bf4f96053879", "scene": "scene-0379"}, {"images": ["samples/CAM_FRONT_LEFT/n015-2018-08-03-15-21-40+0800__CAM_FRONT_LEFT__1533281194104844.jpg", "samples/CAM_FRONT/n015-2018-08-03-15-21-40+0800__CAM_FRONT__1533281194112460.jpg", "samples/CAM_FRONT_RIGHT/n015-2018-08-03-15-21-40+0800__CAM_FRONT_RIGHT__1533281194120339.jpg", "samples/CAM_BACK_LEFT/n015-2018-08-03-15-21-40+0800__CAM_BACK_LEFT__1533281194147423.jpg", "samples/CAM_BACK/n015-2018-08-03-15-21-40+0800__CAM_BACK__1533281194137525.jpg", "samples/CAM_BACK_RIGHT/n015-2018-08-03-15-21-40+0800__CAM_BACK_RIGHT__1533281194127893.jpg"], "intrinsics": [[[1272.5979470598488, 0.0, 826.6154927353808], [0.0, 1272.5979470598488, 479.75165386361925], [0.0, 0.0, 1.0]], [[1266.417203046554, 0.0, 816.2670197447984], [0.0, 1266.417203046554, 491.50706579294757], [0.0, 0.0, 1.0]], [[1260.8474446004698, 0.0, 807.968244525554], [0.0, 1260.8474446004698, 495.3344268742088], [0.0, 0.0, 1.0]], [[1256.7414812095406, 0.0, 792.1125740759628], [0.0, 1256.7414812095406, 492.7757465151356], [0.0, 0.0, 1.0]], [[809.2209905677063, 0.0, 829.2196003259838], [0.0, 809.2209905677063, 481.77842384512485], [0.0, 0.0, 1.0]], [[1259.5137405846733, 0.0, 807.2529053838625], [0.0, 1259.5137405846733, 501.19579884916527], [0.0, 0.0, 1.0]]], "extrinsics": [[[0.810398519039154, -0.5855588316917419, 0.019369296729564667, -0.7919921875], [-0.0009252505842596292, -0.03433931618928909, -0.9994097948074341, 1.5081424713134766], [0.585878312587738, 0.8099023103713989, -0.028370318934321404, -1.1585693359375], [0.0, 0.0, 0.0, 1.0]], [[-0.009197195991873741, -0.9992231130599976, 0.038321204483509064, 0.00543212890625], [-0.0063356561586260796, -0.03826382756233215, -0.9992476105690002, 1.5194969177246094], [0.9999376535415649, -0.009432965889573097, -0.005978814791887999, -1.5162353515625], [0.0, 0.0, 0.0, 1.0]], [[-0.839384138584137, -0.543407678604126, 0.0119260149076581, 0.9161376953125], [-0.0005519901751540601, -0.021089190617203712, -0.9997774362564087, 1.5035934448242188], [0.5435382127761841, -0.8392038941383362, 0.017401978373527527, -1.1719970703125], [0.0, 0.0, 0.0, 1.0]], [[0.9479740858078003, 0.3182215690612793, -0.008959915488958359, -1.131103515625], [0.007649828214198351, -0.050907526165246964, -0.9986740350723267, 1.5886497497558594], [-0.318255752325058, 0.9466485381126404, -0.05069335177540779, -0.10747528076171875], [0.0, 0.0, 0.0, 1.0]], [[0.007118353620171547, 0.999131441116333, -0.04105875641107559, 0.00286865234375], [-0.016897164285182953, -0.040933746844530106, -0.9990190267562866, 1.5783805847167969], [-0.9998319149017334, 0.00780523382127285, 0.016591105610132217, -0.0567626953125], [0.0, 0.0, 0.0, 1.0]], [[-0.9316659569740295, 0.36252978444099426, -0.023890428245067596, 1.0391845703125], [0.015506280586123466, -0.026019366458058357, -0.999541163444519, 1.5530805587768555], [-0.3629849851131439, -0.9316089749336243, 0.018619870766997337, -0.1005859375], [0.0, 0.0, 0.0, 1.0]]], "view": [[0.0, -2.0, 100.0], [-2.0, 0.0, 100.0], [0.0, 0.0, 1.0]], "bev": "bev_508971edde75426780eb1e0b6a8678c8.png", "aux": "aux_508971edde75426780eb1e0b6a8678c8.npz", "visibility": "visibility_508971edde75426780eb1e0b6a8678c8.png", "pose": [[-0.6483312249183655, 0.7613584399223328, 0.0, 776.2269897460938], [-0.7613584399223328, -0.6483312249183655, 0.0, 1694.73779296875], [0.0, 0.0, 1.0, 0.0], [0.0, 0.0, 0.0, 1.0]], "pose_inverse": [[-0.6483312249183655, -0.7613584399223328, 0.0, 1793.5550537109375], [0.7613584399223328, -0.6483312249183655, 0.0, 507.76446533203125], [0.0, 0.0, 1.0, 0.0], [0.0, 0.0, 0.0, 1.0]], "cam_ids": [0, 1, 2, 3, 4, 5], "cam_channels": ["CAM_FRONT_LEFT", "CAM_FRONT", "CAM_FRONT_RIGHT", "CAM_BACK_LEFT", "CAM_BACK", "CAM_BACK_RIGHT"], "token": "508971edde75426780eb1e0b6a8678c8", "scene": "scene-0379"}, {"images": ["samples/CAM_FRONT_LEFT/n015-2018-08-03-15-21-40+0800__CAM_FRONT_LEFT__1533281194604844.jpg", "samples/CAM_FRONT/n015-2018-08-03-15-21-40+0800__CAM_FRONT__1533281194612461.jpg", "samples/CAM_FRONT_RIGHT/n015-2018-08-03-15-21-40+0800__CAM_FRONT_RIGHT__1533281194620339.jpg", "samples/CAM_BACK_LEFT/n015-2018-08-03-15-21-40+0800__CAM_BACK_LEFT__1533281194647423.jpg", "samples/CAM_BACK/n015-2018-08-03-15-21-40+0800__CAM_BACK__1533281194637525.jpg", "samples/CAM_BACK_RIGHT/n015-2018-08-03-15-21-40+0800__CAM_BACK_RIGHT__1533281194627893.jpg"], "intrinsics": [[[1272.5979470598488, 0.0, 826.6154927353808], [0.0, 1272.5979470598488, 479.75165386361925], [0.0, 0.0, 1.0]], [[1266.417203046554, 0.0, 816.2670197447984], [0.0, 1266.417203046554, 491.50706579294757], [0.0, 0.0, 1.0]], [[1260.8474446004698, 0.0, 807.968244525554], [0.0, 1260.8474446004698, 495.3344268742088], [0.0, 0.0, 1.0]], [[1256.7414812095406, 0.0, 792.1125740759628], [0.0, 1256.7414812095406, 492.7757465151356], [0.0, 0.0, 1.0]], [[809.2209905677063, 0.0, 829.2196003259838], [0.0, 809.2209905677063, 481.77842384512485], [0.0, 0.0, 1.0]], [[1259.5137405846733, 0.0, 807.2529053838625], [0.0, 1259.5137405846733, 501.19579884916527], [0.0, 0.0, 1.0]]], "extrinsics": [[[0.8101598620414734, -0.586047887802124, 0.013739910908043385, -0.7679443359375], [-0.0026761810295283794, -0.02713589556515217, -0.9996281266212463, 1.507716178894043], [0.5862029194831848, 0.8098218441009521, -0.023552782833576202, -1.1427001953125], [0.0, 0.0, 0.0, 1.0]], [[-0.009534000419080257, -0.999471127986908, 0.031087806448340416, 0.0063629150390625], [-0.007861709222197533, -0.03101333975791931, -0.9994880557060242, 1.519052505493164], [0.999923586845398, -0.009773576632142067, -0.007561872247606516, -1.4918212890625], [0.0, 0.0, 0.0, 1.0]], [[-0.8395453095436096, -0.5432144999504089, 0.009035065770149231, 0.9002685546875], [-0.0018392815254628658, -0.013788346201181412, -0.9999032020568848, 1.5033814907073975], [0.5432865023612976, -0.8394806981086731, 0.010576818138360977, -1.16058349609375], [0.0, 0.0, 0.0, 1.0]], [[0.9481028914451599, 0.3178890347480774, -0.006878455635160208, -1.127685546875], [0.007323736324906349, -0.043459903448820114, -0.9990282654762268, 1.5886898040771484], [-0.3178791105747223, 0.947131335735321, -0.0435325987637043, -0.109130859375], [0.0, 0.0, 0.0, 1.0]], [[0.0073860324919223785, 0.9994062781333923, -0.03365286439657211, 0.002288818359375], [-0.018314095214009285, -0.033512938767671585, -0.999270498752594, 1.5781440734863281], [-0.9998049736022949, 0.007996952161192894, 0.018055694177746773, -0.0662841796875], [0.0, 0.0, 0.0, 1.0]], [[-0.9315822124481201, 0.3629819452762604, -0.019963331520557404, 1.024658203125], [0.014157602563500404, -0.01864800415933132, -0.999725878238678, 1.5531654357910156], [-0.36325475573539734, -0.931609570980072, 0.012233196757733822, -0.1053466796875], [0.0, 0.0, 0.0, 1.0]]], "view": [[0.0, -2.0, 100.0], [-2.0, 0.0, 100.0], [0.0, 0.0, 1.0]], "bev": "bev_181da81d8dc34e68b1730f4cc675e820.png", "aux": "aux_181da81d8dc34e68b1730f4cc675e820.npz", "visibility": "visibility_181da81d8dc34e68b1730f4cc675e820.png", "pose": [[-0.47764354944229126, 0.8785536885261536, 0.0, 774.7868041992188], [-0.8785536885261536, -0.47764354944229126, 0.0, 1692.648193359375], [0.0, 0.0, 1.0, 0.0], [0.0, 0.0, 0.0, 1.0]], "pose_inverse": [[-0.47764354944229126, -0.8785536885261536, 0.0, 1857.154296875], [0.8785536885261536, -0.47764354944229126, 0.0, 127.79067993164062], [0.0, 0.0, 1.0, 0.0], [0.0, 0.0, 0.0, 1.0]], "cam_ids": [0, 1, 2, 3, 4, 5], "cam_channels": ["CAM_FRONT_LEFT", "CAM_FRONT", "CAM_FRONT_RIGHT", "CAM_BACK_LEFT", "CAM_BACK", "CAM_BACK_RIGHT"], "token": "181da81d8dc34e68b1730f4cc675e820", "scene": "scene-0379"}, {"images": ["samples/CAM_FRONT_LEFT/n015-2018-08-03-15-21-40+0800__CAM_FRONT_LEFT__1533281195104844.jpg", "samples/CAM_FRONT/n015-2018-08-03-15-21-40+0800__CAM_FRONT__1533281195112460.jpg", "samples/CAM_FRONT_RIGHT/n015-2018-08-03-15-21-40+0800__CAM_FRONT_RIGHT__1533281195120339.jpg", "samples/CAM_BACK_LEFT/n015-2018-08-03-15-21-40+0800__CAM_BACK_LEFT__1533281195147423.jpg", "samples/CAM_BACK/n015-2018-08-03-15-21-40+0800__CAM_BACK__1533281195137525.jpg", "samples/CAM_BACK_RIGHT/n015-2018-08-03-15-21-40+0800__CAM_BACK_RIGHT__1533281195127893.jpg"], "intrinsics": [[[1272.5979470598488, 0.0, 826.6154927353808], [0.0, 1272.5979470598488, 479.75165386361925], [0.0, 0.0, 1.0]], [[1266.417203046554, 0.0, 816.2670197447984], [0.0, 1266.417203046554, 491.50706579294757], [0.0, 0.0, 1.0]], [[1260.8474446004698, 0.0, 807.968244525554], [0.0, 1260.8474446004698, 495.3344268742088], [0.0, 0.0, 1.0]], [[1256.7414812095406, 0.0, 792.1125740759628], [0.0, 1256.7414812095406, 492.7757465151356], [0.0, 0.0, 1.0]], [[809.2209905677063, 0.0, 829.2196003259838], [0.0, 809.2209905677063, 481.77842384512485], [0.0, 0.0, 1.0]], [[1259.5137405846733, 0.0, 807.2529053838625], [0.0, 1259.5137405846733, 501.19579884916527], [0.0, 0.0, 1.0]]], "extrinsics": [[[0.8106739521026611, -0.5854050517082214, 0.01042921282351017, -0.7515869140625], [-0.0014387000119313598, -0.019804194569587708, -0.999802827835083, 1.5079249143600464], [0.5854960680007935, 0.8104990720748901, -0.016896966844797134, -1.12945556640625], [0.0, 0.0, 0.0, 1.0]], [[-0.008881094865500927, -0.9996792674064636, 0.023720042780041695, 0.0052947998046875], [-0.0067369891330599785, -0.023660624399781227, -0.9996973872184753, 1.5191130638122559], [0.999937891960144, -0.009038213640451431, -0.006524696014821529, -1.4742431640625], [0.0, 0.0, 0.0, 1.0]], [[-0.8393032550811768, -0.5436474084854126, 0.004188209772109985, 0.8876953125], [-0.0008423083345405757, -0.006403359118849039, -0.9999791383743286, 1.5035068988800049], [0.5436629056930542, -0.8392893075942993, 0.004916442558169365, -1.1533203125], [0.0, 0.0, 0.0, 1.0]], [[0.9481132626533508, 0.3179077208042145, -0.0040068733505904675, -1.1258544921875], [0.007878606207668781, -0.03609208017587662, -0.9993174076080322, 1.5887088775634766], [-0.3178353011608124, 0.9474344253540039, -0.036724042147397995, -0.109619140625], [0.0, 0.0, 0.0, 1.0]], [[0.007379965391010046, 0.9996275901794434, -0.0262724868953228, 0.0026092529296875], [-0.017606623470783234, -0.026139235123991966, -0.9995032548904419, 1.5780487060546875], [-0.9998177886009216, 0.007838859222829342, 0.017407160252332687, -0.0736083984375], [0.0, 0.0, 0.0, 1.0]], [[-0.931660532951355, 0.36287829279899597, -0.01811107061803341, 1.014404296875], [0.01503929402679205, -0.011288503184914589, -0.9998231530189514, 1.5534229278564453], [-0.36301854252815247, -0.9317681789398193, 0.00505962036550045, -0.10992431640625], [0.0, 0.0, 0.0, 1.0]]], "view": [[0.0, -2.0, 100.0], [-2.0, 0.0, 100.0], [0.0, 0.0, 1.0]], "bev": "bev_01235b3712504fe48429d520be787730.png", "aux": "aux_01235b3712504fe48429d520be787730.npz", "visibility": "visibility_01235b3712504fe48429d520be787730.png", "pose": [[-0.30389517545700073, 0.9527055025100708, 0.0, 773.6912231445312], [-0.9527055025100708, -0.30389517545700073, 0.0, 1690.1043701171875], [0.0, 0.0, 1.0, 0.0], [0.0, 0.0, 0.0, 1.0]], "pose_inverse": [[-0.30389517545700073, -0.9527055025100708, 0.0, 1845.292724609375], [0.9527055025100708, -0.30389517545700073, 0.0, -223.48532104492188], [0.0, 0.0, 1.0, 0.0], [0.0, 0.0, 0.0, 1.0]], "cam_ids": [0, 1, 2, 3, 4, 5], "cam_channels": ["CAM_FRONT_LEFT", "CAM_FRONT", "CAM_FRONT_RIGHT", "CAM_BACK_LEFT", "CAM_BACK", "CAM_BACK_RIGHT"], "token": "01235b3712504fe48429d520be787730", "scene": "scene-0379"}, {"images": ["samples/CAM_FRONT_LEFT/n015-2018-08-03-15-21-40+0800__CAM_FRONT_LEFT__1533281195604844.jpg", "samples/CAM_FRONT/n015-2018-08-03-15-21-40+0800__CAM_FRONT__1533281195612460.jpg", "samples/CAM_FRONT_RIGHT/n015-2018-08-03-15-21-40+0800__CAM_FRONT_RIGHT__1533281195620339.jpg", "samples/CAM_BACK_LEFT/n015-2018-08-03-15-21-40+0800__CAM_BACK_LEFT__1533281195647423.jpg", "samples/CAM_BACK/n015-2018-08-03-15-21-40+0800__CAM_BACK__1533281195637525.jpg", "samples/CAM_BACK_RIGHT/n015-2018-08-03-15-21-40+0800__CAM_BACK_RIGHT__1533281195627893.jpg"], "intrinsics": [[[1272.5979470598488, 0.0, 826.6154927353808], [0.0, 1272.5979470598488, 479.75165386361925], [0.0, 0.0, 1.0]], [[1266.417203046554, 0.0, 816.2670197447984], [0.0, 1266.417203046554, 491.50706579294757], [0.0, 0.0, 1.0]], [[1260.8474446004698, 0.0, 807.968244525554], [0.0, 1260.8474446004698, 495.3344268742088], [0.0, 0.0, 1.0]], [[1256.7414812095406, 0.0, 792.1125740759628], [0.0, 1256.7414812095406, 492.7757465151356], [0.0, 0.0, 1.0]], [[809.2209905677063, 0.0, 829.2196003259838], [0.0, 809.2209905677063, 481.77842384512485], [0.0, 0.0, 1.0]], [[1259.5137405846733, 0.0, 807.2529053838625], [0.0, 1259.5137405846733, 501.19579884916527], [0.0, 0.0, 1.0]]], "extrinsics": [[[0.8136175274848938, -0.5813141465187073, 0.010013732127845287, -0.7296142578125], [-0.0020346944220364094, -0.020070314407348633, -0.9997965097427368, 1.5077457427978516], [0.581396758556366, 0.8134316205978394, -0.017512356862425804, -1.1168212890625], [0.0, 0.0, 0.0, 1.0]], [[-0.004679260775446892, -0.9997007846832275, 0.024004006758332253, 0.007232666015625], [-0.007314916700124741, -0.023969408124685287, -0.9996859431266785, 1.5188605785369873], [0.999962329864502, -0.004853358957916498, -0.0072005693800747395, -1.4530029296875], [0.0, 0.0, 0.0, 1.0]], [[-0.8374956846237183, -0.5464218854904175, 0.004904933273792267, 0.8741455078125], [-0.001479036291129887, -0.006709339562803507, -0.999976396560669, 1.503377914428711], [0.546441912651062, -0.8374831676483154, 0.004810866434127092, -1.142822265625], [0.0, 0.0, 0.0, 1.0]], [[0.9480583071708679, 0.3180573582649231, -0.0050041209906339645, -1.1221923828125], [0.007020017597824335, -0.03664754703640938, -0.9993035793304443, 1.5887222290039062], [-0.31801924109458923, 0.9473628997802734, -0.03697677701711655, -0.11083984375], [0.0, 0.0, 0.0, 1.0]], [[0.006013885140419006, 0.9996257424354553, -0.02668766863644123, 0.002288818359375], [-0.018323881551623344, -0.026573507115244865, -0.9994788765907288, 1.5778541564941406], [-0.9998140335083008, 0.006499768700450659, 0.01815721206367016, -0.081787109375], [0.0, 0.0, 0.0, 1.0]], [[-0.9325602054595947, 0.36058568954467773, -0.01758827269077301, 1.0018310546875], [0.014386449009180069, -0.011561880819499493, -0.9998296499252319, 1.5535316467285156], [-0.3607276678085327, -0.9326543807983398, 0.005594599526375532, -0.1138763427734375], [0.0, 0.0, 0.0, 1.0]]], "view": [[0.0, -2.0, 100.0], [-2.0, 0.0, 100.0], [0.0, 0.0, 1.0]], "bev": "bev_0ffbcb63b0f94c53bca8acb143713a7a.png", "aux": "aux_0ffbcb63b0f94c53bca8acb143713a7a.npz", "visibility": "visibility_0ffbcb63b0f94c53bca8acb143713a7a.png", "pose": [[-0.14492277801036835, 0.9894429445266724, 0.0, 773.023193359375], [-0.9894429445266724, -0.14492277801036835, 0.0, 1687.182861328125], [0.0, 0.0, 1.0, 0.0], [0.0, 0.0, 0.0, 1.0]], "pose_inverse": [[-0.14492277801036835, -0.9894429445266724, 0.0, 1781.39990234375], [0.9894429445266724, -0.14492277801036835, 0.0, -520.3511352539062], [0.0, 0.0, 1.0, 0.0], [0.0, 0.0, 0.0, 1.0]], "cam_ids": [0, 1, 2, 3, 4, 5], "cam_channels": ["CAM_FRONT_LEFT", "CAM_FRONT", "CAM_FRONT_RIGHT", "CAM_BACK_LEFT", "CAM_BACK", "CAM_BACK_RIGHT"], "token": "0ffbcb63b0f94c53bca8acb143713a7a", "scene": "scene-0379"}, {"images": ["samples/CAM_FRONT_LEFT/n015-2018-08-03-15-21-40+0800__CAM_FRONT_LEFT__1533281196154844.jpg", "samples/CAM_FRONT/n015-2018-08-03-15-21-40+0800__CAM_FRONT__1533281196162460.jpg", "samples/CAM_FRONT_RIGHT/n015-2018-08-03-15-21-40+0800__CAM_FRONT_RIGHT__1533281196170339.jpg", "samples/CAM_BACK_LEFT/n015-2018-08-03-15-21-40+0800__CAM_BACK_LEFT__1533281196197423.jpg", "samples/CAM_BACK/n015-2018-08-03-15-21-40+0800__CAM_BACK__1533281196187525.jpg", "samples/CAM_BACK_RIGHT/n015-2018-08-03-15-21-40+0800__CAM_BACK_RIGHT__1533281196177893.jpg"], "intrinsics": [[[1272.5979470598488, 0.0, 826.6154927353808], [0.0, 1272.5979470598488, 479.75165386361925], [0.0, 0.0, 1.0]], [[1266.417203046554, 0.0, 816.2670197447984], [0.0, 1266.417203046554, 491.50706579294757], [0.0, 0.0, 1.0]], [[1260.8474446004698, 0.0, 807.968244525554], [0.0, 1260.8474446004698, 495.3344268742088], [0.0, 0.0, 1.0]], [[1256.7414812095406, 0.0, 792.1125740759628], [0.0, 1256.7414812095406, 492.7757465151356], [0.0, 0.0, 1.0]], [[809.2209905677063, 0.0, 829.2196003259838], [0.0, 809.2209905677063, 481.77842384512485], [0.0, 0.0, 1.0]], [[1259.5137405846733, 0.0, 807.2529053838625], [0.0, 1259.5137405846733, 501.19579884916527], [0.0, 0.0, 1.0]]], "extrinsics": [[[0.8169284462928772, -0.5766729712486267, 0.008726853877305984, -0.7093505859375], [-0.004238445311784744, -0.021133871749043465, -0.9997676610946655, 1.5070219039916992], [0.5767233967781067, 0.8167017102241516, -0.019709059968590736, -1.104736328125], [0.0, 0.0, 0.0, 1.0]], [[0.00013728145859204233, -0.9996788501739502, 0.025342212989926338, 0.00830078125], [-0.009511233307421207, -0.025342373177409172, -0.9996336102485657, 1.5181465148925781], [0.9999547600746155, -0.00010380566527601331, -0.009511657059192657, -1.432861328125], [0.0, 0.0, 0.0, 1.0]], [[-0.8353931307792664, -0.5495989322662354, 0.007701515685766935, 0.8603515625], [-0.003766863839700818, -0.008286739699542522, -0.9999585151672363, 1.5028873682022095], [0.5496400594711304, -0.8353874683380127, 0.00485242297872901, -1.1326904296875], [0.0, 0.0, 0.0, 1.0]], [[0.9479063153266907, 0.3184533417224884, -0.00782044231891632, -1.1177978515625], [0.004903625231236219, -0.039134569466114044, -0.999221920967102, 1.5887336730957031], [-0.31851160526275635, 0.9471304416656494, -0.03865748271346092, -0.1134033203125], [0.0, 0.0, 0.0, 1.0]], [[0.004316006787121296, 0.9995719194412231, -0.028935715556144714, 0.0