[{"images": ["samples/CAM_FRONT_LEFT/n008-2018-08-29-16-04-13-0400__CAM_FRONT_LEFT__1535573386854799.jpg", "samples/CAM_FRONT/n008-2018-08-29-16-04-13-0400__CAM_FRONT__1535573386862404.jpg", "samples/CAM_FRONT_RIGHT/n008-2018-08-29-16-04-13-0400__CAM_FRONT_RIGHT__1535573386870482.jpg", "samples/CAM_BACK_LEFT/n008-2018-08-29-16-04-13-0400__CAM_BACK_LEFT__1535573386897405.jpg", "samples/CAM_BACK/n008-2018-08-29-16-04-13-0400__CAM_BACK__1535573386887558.jpg", "samples/CAM_BACK_RIGHT/n008-2018-08-29-16-04-13-0400__CAM_BACK_RIGHT__1535573386878113.jpg"], "intrinsics": [[[1257.8625342125129, 0.0, 827.2410631095686], [0.0, 1257.8625342125129, 450.915498205774], [0.0, 0.0, 1.0]], [[1252.8131021185304, 0.0, 826.588114781398], [0.0, 1252.8131021185304, 469.9846626224581], [0.0, 0.0, 1.0]], [[1256.7485116440405, 0.0, 817.7887570959712], [0.0, 1256.7485116440403, 451.9541780095127], [0.0, 0.0, 1.0]], [[1254.9860565800168, 0.0, 829.5769333630991], [0.0, 1254.9860565800168, 467.1680561863987], [0.0, 0.0, 1.0]], [[796.8910634503094, 0.0, 857.7774326863696], [0.0, 796.8910634503094, 476.8848988407415], [0.0, 0.0, 1.0]], [[1249.9629280788233, 0.0, 825.3768045375984], [0.0, 1249.9629280788233, 462.54816385708756], [0.0, 0.0, 1.0]]], "extrinsics": [[[0.8230863809585571, -0.5678779482841492, -0.006597151979804039, -0.66448974609375], [0.007238793186843395, 0.022106019780039787, -0.9997294545173645, 1.4911422729492188], [0.5678700804710388, 0.8228158950805664, 0.022305913269519806, -1.1048583984375], [0.0, 0.0, 0.0, 1.0]], [[0.010876800864934921, -0.9997820854187012, -0.01781933568418026, 0.013427734375], [0.008975682780146599, 0.017917290329933167, -0.9997991919517517, 1.4831466674804688], [0.9999005794525146, 0.010714604519307613, 0.009168609976768494, -1.3939208984375], [0.0, 0.0, 0.0, 1.0]], [[-0.8438342809677124, -0.5362623333930969, -0.019141919910907745, 0.86676025390625], [0.016844162717461586, 0.00918340589851141, -0.9998159408569336, 1.4975452423095703], [0.5363394618034363, -0.8440014123916626, 0.0012836167588829994, -1.1317138671875], [0.0, 0.0, 0.0, 1.0]], [[0.947880744934082, 0.3186247646808624, -0.0005957801477052271, -1.12689208984375], [-0.008782328106462955, 0.02425742708146572, -0.9996671676635742, 1.5618782043457031], [-0.31850430369377136, 0.9475705027580261, 0.025791414082050323, -0.162109375], [0.0, 0.0, 0.0, 1.0]], [[0.009190480224788189, 0.9998184442520142, 0.016693441197276115, -0.0289306640625], [-0.00645075086504221, 0.016753077507019043, -0.9998388290405273, 1.5673389434814453], [-0.9999369978904724, 0.009081263095140457, 0.006603547837585211, -0.06512451171875], [0.0, 0.0, 0.0, 1.0]], [[-0.9237513542175293, 0.38299259543418884, -0.00020472129108384252, 0.97772216796875], [-0.002232764381915331, -0.005919790826737881, -0.9999799728393555, 1.547384262084961], [-0.3829861879348755, -0.9237323999404907, 0.006323548033833504, -0.1173095703125], [0.0, 0.0, 0.0, 1.0]]], "view": [[0.0, -2.0, 100.0], [-2.0, 0.0, 100.0], [0.0, 0.0, 1.0]], "bev": "bev_9bdd24370f1046cbb12829f521291e03.png", "aux": "aux_9bdd24370f1046cbb12829f521291e03.npz", "visibility": "visibility_9bdd24370f1046cbb12829f521291e03.png", "pose": [[-0.8578164577484131, -0.5139561891555786, 0.0, 934.748779296875], [0.5139561891555786, -0.8578164577484131, 0.0, 1306.4696044921875], [0.0, 0.0, 1.0, 0.0], [0.0, 0.0, 0.0, 1.0]], "pose_inverse": [[-0.8578164577484131, 0.5139561891555786, 0.0, 130.37474060058594], [-0.5139561891555786, -0.8578164577484131, 0.0, 1601.1309814453125], [0.0, 0.0, 1.0, 0.0], [0.0, 0.0, 0.0, 1.0]], "cam_ids": [0, 1, 2, 3, 4, 5], "cam_channels": ["CAM_FRONT_LEFT", "CAM_FRONT", "CAM_FRONT_RIGHT", "CAM_BACK_LEFT", "CAM_BACK", "CAM_BACK_RIGHT"], "token": "9bdd24370f1046cbb12829f521291e03", "scene": "scene-0709"}, {"images": ["samples/CAM_FRONT_LEFT/n008-2018-08-29-16-04-13-0400__CAM_FRONT_LEFT__1535573387404799.jpg", "samples/CAM_FRONT/n008-2018-08-29-16-04-13-0400__CAM_FRONT__1535573387412404.jpg", "samples/CAM_FRONT_RIGHT/n008-2018-08-29-16-04-13-0400__CAM_FRONT_RIGHT__1535573387420482.jpg", "samples/CAM_BACK_LEFT/n008-2018-08-29-16-04-13-0400__CAM_BACK_LEFT__1535573387447405.jpg", "samples/CAM_BACK/n008-2018-08-29-16-04-13-0400__CAM_BACK__1535573387437558.jpg", "samples/CAM_BACK_RIGHT/n008-2018-08-29-16-04-13-0400__CAM_BACK_RIGHT__1535573387428113.jpg"], "intrinsics": [[[1257.8625342125129, 0.0, 827.2410631095686], [0.0, 1257.8625342125129, 450.915498205774], [0.0, 0.0, 1.0]], [[1252.8131021185304, 0.0, 826.588114781398], [0.0, 1252.8131021185304, 469.9846626224581], [0.0, 0.0, 1.0]], [[1256.7485116440405, 0.0, 817.7887570959712], [0.0, 1256.7485116440403, 451.9541780095127], [0.0, 0.0, 1.0]], [[1254.9860565800168, 0.0, 829.5769333630991], [0.0, 1254.9860565800168, 467.1680561863987], [0.0, 0.0, 1.0]], [[796.8910634503094, 0.0, 857.7774326863696], [0.0, 796.8910634503094, 476.8848988407415], [0.0, 0.0, 1.0]], [[1249.9629280788233, 0.0, 825.3768045375984], [0.0, 1249.9629280788233, 462.54816385708756], [0.0, 0.0, 1.0]]], "extrinsics": [[[0.8236206769943237, -0.5670319199562073, -0.011128506623208523, -0.6495361328125], [0.00218901876360178, 0.022800318896770477, -0.9997376203536987, 1.4891128540039062], [0.5671368837356567, 0.823380172252655, 0.020020054653286934, -1.0948486328125], [0.0, 0.0, 0.0, 1.0]], [[0.011714441701769829, -0.9997556209564209, -0.01874706707894802, 0.013671875], [0.004094111267477274, 0.018796153366565704, -0.9998149275779724, 1.481546401977539], [0.9999229311943054, 0.011635550297796726, 0.004313297104090452, -1.3778076171875], [0.0, 0.0, 0.0, 1.0]], [[-0.8434286713600159, -0.5370122194290161, -0.015684638172388077, 0.8553466796875], [0.012083730660378933, 0.010224925354123116, -0.9998747110366821, 1.4964370727539062], [0.5371052622795105, -0.8435125350952148, -0.002134885173290968, -1.1240234375], [0.0, 0.0, 0.0, 1.0]], [[0.9478659629821777, 0.31864362955093384, -0.0040517705492675304, -1.119873046875], [-0.012915926054120064, 0.025710448622703552, -0.9995859861373901, 1.5617103576660156], [-0.3184075951576233, 0.9475257992744446, 0.02848563715815544, -0.1641845703125], [0.0, 0.0, 0.0, 1.0]], [[0.008806779980659485, 0.9997996091842651, 0.01797677017748356, -0.0289306640625], [-0.010911909863352776, 0.01807248406112194, -0.99977707862854, 1.5667400360107422], [-0.9999016523361206, 0.008608674630522728, 0.011068884283304214, -0.07460784912109375], [0.0, 0.0, 0.0, 1.0]], [[-0.9240588545799255, 0.3822239637374878, 0.004485861863940954, 0.9669189453125], [-0.0068243867717683315, -0.004762731026858091, -0.9999653697013855, 1.5464015007019043], [-0.38218924403190613, -0.9240574836730957, 0.007009487599134445, -0.12109375], [0.0, 0.0, 0.0, 1.0]]], "view": [[0.0, -2.0, 100.0], [-2.0, 0.0, 100.0], [0.0, 0.0, 1.0]], "bev": "bev_8d244368208a4022867d2181f5b77480.png", "aux": "aux_8d244368208a4022867d2181f5b77480.npz", "visibility": "visibility_8d244368208a4022867d2181f5b77480.png", "pose": [[-0.8504624366760254, -0.5260357856750488, 0.0, 930.3887939453125], [0.5260357856750488, -0.8504624366760254, 0.0, 1309.1650390625], [0.0, 0.0, 1.0, 0.0], [0.0, 0.0, 0.0, 1.0]], "pose_inverse": [[-0.8504624366760254, 0.5260357856750488, 0.0, 102.59310150146484], [-0.5260357856750488, -0.8504624366760254, 0.0, 1602.8134765625], [0.0, 0.0, 1.0, 0.0], [0.0, 0.0, 0.0, 1.0]], "cam_ids": [0, 1, 2, 3, 4, 5], "cam_channels": ["CAM_FRONT_LEFT", "CAM_FRONT", "CAM_FRONT_RIGHT", "CAM_BACK_LEFT", "CAM_BACK", "CAM_BACK_RIGHT"], "token": "8d244368208a4022867d2181f5b77480", "scene": "scene-0709"}, {"images": ["samples/CAM_FRONT_LEFT/n008-2018-08-29-16-04-13-0400__CAM_FRONT_LEFT__1535573387904806.jpg", "samples/CAM_FRONT/n008-2018-08-29-16-04-13-0400__CAM_FRONT__1535573387912404.jpg", "samples/CAM_FRONT_RIGHT/n008-2018-08-29-16-04-13-0400__CAM_FRONT_RIGHT__1535573387920482.jpg", "samples/CAM_BACK_LEFT/n008-2018-08-29-16-04-13-0400__CAM_BACK_LEFT__1535573387947405.jpg", "samples/CAM_BACK/n008-2018-08-29-16-04-13-0400__CAM_BACK__1535573387937558.jpg", "samples/CAM_BACK_RIGHT/n008-2018-08-29-16-04-13-0400__CAM_BACK_RIGHT__1535573387928113.jpg"], "intrinsics": [[[1257.8625342125129, 0.0, 827.2410631095686], [0.0, 1257.8625342125129, 450.915498205774], [0.0, 0.0, 1.0]], [[1252.8131021185304, 0.0, 826.588114781398], [0.0, 1252.8131021185304, 469.9846626224581], [0.0, 0.0, 1.0]], [[1256.7485116440405, 0.0, 817.7887570959712], [0.0, 1256.7485116440403, 451.9541780095127], [0.0, 0.0, 1.0]], [[1254.9860565800168, 0.0, 829.5769333630991], [0.0, 1254.9860565800168, 467.1680561863987], [0.0, 0.0, 1.0]], [[796.8910634503094, 0.0, 857.7774326863696], [0.0, 796.8910634503094, 476.8848988407415], [0.0, 0.0, 1.0]], [[1249.9629280788233, 0.0, 825.3768045375984], [0.0, 1249.9629280788233, 462.54816385708756], [0.0, 0.0, 1.0]]], "extrinsics": [[[0.8232605457305908, -0.5675196647644043, -0.012793040834367275, -0.64617919921875], [0.002363049192354083, 0.02596227079629898, -0.9996601343154907, 1.4892730712890625], [0.5676589012145996, 0.8229504823684692, 0.02271478809416294, -1.0882568359375], [0.0, 0.0, 0.0, 1.0]], [[0.01112036406993866, -0.9996976852416992, -0.021927664056420326, 0.0108642578125], [0.004310814198106527, 0.02197674661874771, -0.9997491836547852, 1.4816932678222656], [0.9999289512634277, 0.011023109778761864, 0.00455390103161335, -1.3724441528320312], [0.0, 0.0, 0.0, 1.0]], [[-0.843700647354126, -0.5365252494812012, -0.017602045089006424, 0.8509521484375], [0.012322330847382545, 0.013424836099147797, -0.9998339414596558, 1.4965686798095703], [0.5366724729537964, -0.8437774777412415, -0.004715302959084511, -1.1236572265625], [0.0, 0.0, 0.0, 1.0]], [[0.9478687644004822, 0.3186425268650055, -0.00341442390345037, -1.120361328125], [-0.013384757563471794, 0.02910573035478592, -0.9994867444038391, 1.5617141723632812], [-0.31837958097457886, 0.9474279880523682, 0.031853366643190384, -0.1639404296875], [0.0, 0.0, 0.0, 1.0]], [[0.009024152532219887, 0.999733030796051, 0.021270185708999634, -0.028076171875], [-0.011008803732693195, 0.02136909030377865, -0.9997110366821289, 1.5667343139648438], [-0.9998986721038818, 0.008787374943494797, 0.01119870413094759, -0.07546234130859375], [0.0, 0.0, 0.0, 1.0]], [[-0.923911988735199, 0.3825635015964508, 0.005647163838148117, 0.96514892578125], [-0.006741947960108519, -0.0015211553545668721, -0.9999760985374451, 1.546388864517212], [-0.38254573941230774, -0.923927903175354, 0.003984637092798948, -0.1236572265625], [0.0, 0.0, 0.0, 1.0]]], "view": [[0.0, -2.0, 100.0], [-2.0, 0.0, 100.0], [0.0, 0.0, 1.0]], "bev": "bev_2e76bf58ff69439b8f4096d50c4f1046.png", "aux": "aux_2e76bf58ff69439b8f4096d50c4f1046.npz", "visibility": "visibility_2e76bf58ff69439b8f4096d50c4f1046.png", "pose": [[-0.8450400233268738, -0.5347030758857727, 0.0, 926.341796875], [0.5347030758857727, -0.8450400233268738, 0.0, 1311.7310791015625], [0.0, 0.0, 1.0, 0.0], [0.0, 0.0, 0.0, 1.0]], "pose_inverse": [[-0.8450400233268738, 0.5347030758857727, 0.0, 81.40925598144531], [-0.5347030758857727, -0.8450400233268738, 0.0, 1603.7830810546875], [0.0, 0.0, 1.0, 0.0], [0.0, 0.0, 0.0, 1.0]], "cam_ids": [0, 1, 2, 3, 4, 5], "cam_channels": ["CAM_FRONT_LEFT", "CAM_FRONT", "CAM_FRONT_RIGHT", "CAM_BACK_LEFT", "CAM_BACK", "CAM_BACK_RIGHT"], "token": "2e76bf58ff69439b8f4096d50c4f1046", "scene": "scene-0709"}, {"images": ["samples/CAM_FRONT_LEFT/n008-2018-08-29-16-04-13-0400__CAM_FRONT_LEFT__1535573388404810.jpg", "samples/CAM_FRONT/n008-2018-08-29-16-04-13-0400__CAM_FRONT__1535573388412404.jpg", "samples/CAM_FRONT_RIGHT/n008-2018-08-29-16-04-13-0400__CAM_FRONT_RIGHT__1535573388420482.jpg", "samples/CAM_BACK_LEFT/n008-2018-08-29-16-04-13-0400__CAM_BACK_LEFT__1535573388447405.jpg", "samples/CAM_BACK/n008-2018-08-29-16-04-13-0400__CAM_BACK__1535573388437558.jpg", "samples/CAM_BACK_RIGHT/n008-2018-08-29-16-04-13-0400__CAM_BACK_RIGHT__1535573388428113.jpg"], "intrinsics": [[[1257.8625342125129, 0.0, 827.2410631095686], [0.0, 1257.8625342125129, 450.915498205774], [0.0, 0.0, 1.0]], [[1252.8131021185304, 0.0, 826.588114781398], [0.0, 1252.8131021185304, 469.9846626224581], [0.0, 0.0, 1.0]], [[1256.7485116440405, 0.0, 817.7887570959712], [0.0, 1256.7485116440403, 451.9541780095127], [0.0, 0.0, 1.0]], [[1254.9860565800168, 0.0, 829.5769333630991], [0.0, 1254.9860565800168, 467.1680561863987], [0.0, 0.0, 1.0]], [[796.8910634503094, 0.0, 857.7774326863696], [0.0, 796.8910634503094, 476.8848988407415], [0.0, 0.0, 1.0]], [[1249.9629280788233, 0.0, 825.3768045375984], [0.0, 1249.9629280788233, 462.54816385708756], [0.0, 0.0, 1.0]]], "extrinsics": [[[0.8231720328330994, -0.5676497220993042, -0.012717435136437416, -0.63885498046875], [0.003956514876335859, 0.028132129460573196, -0.999596357345581, 1.489959716796875], [0.5677782893180847, 0.8227894306182861, 0.025403492152690887, -1.084716796875], [0.0, 0.0, 0.0, 1.0]], [[0.011092852801084518, -0.9996545910835266, -0.02382444590330124, 0.01220703125], [0.006087326444685459, 0.023892980068922043, -0.9996960163116455, 1.4823493957519531], [0.9999199509620667, 0.010944387875497341, 0.006350265815854073, -1.364532470703125], [0.0, 0.0, 0.0, 1.0]], [[-0.8436694145202637, -0.5364847183227539, -0.020150672644376755, 0.84613037109375], [0.014295668341219425, 0.015071270056068897, -0.9997842311859131, 1.4972038269042969], [0.5366726517677307, -0.8437754511833191, -0.005045762751251459, -1.119384765625], [0.0, 0.0, 0.0, 1.0]], [[0.947884202003479, 0.31861385703086853, -0.0007794257253408432, -1.121826171875], [-0.010899501852691174, 0.029981235042214394, -0.9994910359382629, 1.5617904663085938], [-0.3184283673763275, 0.9474103450775146, 0.03189147636294365, -0.1636962890625], [0.0, 0.0, 0.0, 1.0]], [[0.008998881094157696, 0.9997075200080872, 0.022447042167186737, -0.0284423828125], [-0.008825329132378101, 0.02252647653222084, -0.9997072815895081, 1.5669708251953125], [-0.9999206066131592, 0.008798180148005486, 0.009025461971759796, -0.07729721069335938], [0.0, 0.0, 0.0, 1.0]], [[-0.9239158034324646, 0.382571816444397, 0.0042723133228719234, 0.96087646484375], [-0.00466866884380579, -0.0001076668340829201, -0.9999890923500061, 1.5468065738677979], [-0.3825671374797821, -0.9239256978034973, 0.0018855765229091048, -0.1246337890625], [0.0, 0.0, 0.0, 1.0]]], "view": [[0.0, -2.0, 100.0], [-2.0, 0.0, 100.0], [0.0, 0.0, 1.0]], "bev": "bev_7a77c4d49b3843fdbc222a3bb4327a2f.png", "aux": "aux_7a77c4d49b3843fdbc222a3bb4327a2f.npz", "visibility": "visibility_7a77c4d49b3843fdbc222a3bb4327a2f.png", "pose": [[-0.8382035493850708, -0.5453574657440186, 0.0, 922.3569946289062], [0.5453574657440186, -0.8382035493850708, 0.0, 1314.317626953125], [0.0, 0.0, 1.0, 0.0], [0.0, 0.0, 0.0, 1.0]], "pose_inverse": [[-0.8382035493850708, 0.5453574657440186, 0.0, 56.34994888305664], [-0.5453574657440186, -0.8382035493850708, 0.0, 1604.6800537109375], [0.0, 0.0, 1.0, 0.0], [0.0, 0.0, 0.0, 1.0]], "cam_ids": [0, 1, 2, 3, 4, 5], "cam_channels": ["CAM_FRONT_LEFT", "CAM_FRONT", "CAM_FRONT_RIGHT", "CAM_BACK_LEFT", "CAM_BACK", "CAM_BACK_RIGHT"], "token": "7a77c4d49b3843fdbc222a3bb4327a2f", "scene": "scene-0709"}, {"images": ["samples/CAM_FRONT_LEFT/n008-2018-08-29-16-04-13-0400__CAM_FRONT_LEFT__1535573388904799.jpg", "samples/CAM_FRONT/n008-2018-08-29-16-04-13-0400__CAM_FRONT__1535573388912404.jpg", "samples/CAM_FRONT_RIGHT/n008-2018-08-29-16-04-13-0400__CAM_FRONT_RIGHT__1535573388920482.jpg", "samples/CAM_BACK_LEFT/n008-2018-08-29-16-04-13-0400__CAM_BACK_LEFT__1535573388947405.jpg", "samples/CAM_BACK/n008-2018-08-29-16-04-13-0400__CAM_BACK__1535573388937558.jpg", "samples/CAM_BACK_RIGHT/n008-2018-08-29-16-04-13-0400__CAM_BACK_RIGHT__1535573388928113.jpg"], "intrinsics": [[[1257.8625342125129, 0.0, 827.2410631095686], [0.0, 1257.8625342125129, 450.915498205774], [0.0, 0.0, 1.0]], [[1252.8131021185304, 0.0, 826.588114781398], [0.0, 1252.8131021185304, 469.9846626224581], [0.0, 0.0, 1.0]], [[1256.7485116440405, 0.0, 817.7887570959712], [0.0, 1256.7485116440403, 451.9541780095127], [0.0, 0.0, 1.0]], [[1254.9860565800168, 0.0, 829.5769333630991], [0.0, 1254.9860565800168, 467.1680561863987], [0.0, 0.0, 1.0]], [[796.8910634503094, 0.0, 857.7774326863696], [0.0, 796.8910634503094, 476.8848988407415], [0.0, 0.0, 1.0]], [[1249.9629280788233, 0.0, 825.3768045375984], [0.0, 1249.9629280788233, 462.54816385708756], [0.0, 0.0, 1.0]]], "extrinsics": [[[0.8229547739028931, -0.5680218935012817, -0.009831259027123451, -0.6407470703125], [0.0065061552450060844, 0.02672751247882843, -0.9996216297149658, 1.4910812377929688], [0.5680697560310364, 0.8225793242454529, 0.02569117210805416, -1.0855712890625], [0.0, 0.0, 0.0, 1.0]], [[0.010857528075575829, -0.9996880292892456, -0.022491659969091415, 0.0118408203125], [0.008609810844063759, 0.022585615515708923, -0.9997078776359558, 1.4832572937011719], [0.9999040365219116, 0.010660715401172638, 0.008852347731590271, -1.3694190979003906], [0.0, 0.0, 0.0, 1.0]], [[-0.8437259793281555, -0.5363390445709229, -0.021608823910355568, 0.8502197265625], [0.016790520399808884, 0.013866421766579151, -0.9997628927230835, 1.4978504180908203], [0.5365114808082581, -0.8438887596130371, -0.0026940496172755957, -1.12255859375], [0.0, 0.0, 0.0, 1.0]], [[0.9478771090507507, 0.3186347484588623, 0.0009354989160783589, -1.12237548828125], [-0.008768799714744091, 0.029020102694630623, -0.9995403289794922, 1.5618362426757812], [-0.31851550936698914, 0.9474332928657532, 0.030301533639431, -0.16357421875], [0.0, 0.0, 0.0, 1.0]], [[0.009036978706717491, 0.9997298717498779, 0.021410787478089333, -0.0284423828125], [-0.006636534817516804, 0.021471155807375908, -0.9997473955154419, 1.5672531127929688], [-0.9999371767044067, 0.008892587386071682, 0.006828776095062494, -0.07464790344238281], [0.0, 0.0, 0.0, 1.0]], [[-0.9238640069961548, 0.38271698355674744, 0.0017083038110285997, 0.9647216796875], [-0.0023591937497258186, -0.0012313980842009187, -0.9999964237213135, 1.5473144054412842], [-0.3827134370803833, -0.9238648414611816, 0.0020405484829097986, -0.1234130859375], [0.0, 0.0, 0.0, 1.0]]], "view": [[0.0, -2.0, 100.0], [-2.0, 0.0, 100.0], [0.0, 0.0, 1.0]], "bev": "bev_cb358f68fce7424fb521b6c5c020cfad.png", "aux": "aux_cb358f68fce7424fb521b6c5c020cfad.npz", "visibility": "visibility_cb358f68fce7424fb521b6c5c020cfad.png", "pose": [[-0.833537220954895, -0.5524633526802063, 0.0, 918.2376098632812], [0.5524633526802063, -0.833537220954895, 0.0, 1317.061279296875], [0.0, 0.0, 1.0, 0.0], [0.0, 0.0, 0.0, 1.0]], "pose_inverse": [[-0.833537220954895, 0.5524633526802063, 0.0, 37.75715255737305], [-0.5524633526802063, -0.833537220954895, 0.0, 1605.1121826171875], [0.0, 0.0, 1.0, 0.0], [0.0, 0.0, 0.0, 1.0]], "cam_ids": [0, 1, 2, 3, 4, 5], "cam_channels": ["CAM_FRONT_LEFT", "CAM_FRONT", "CAM_FRONT_RIGHT", "CAM_BACK_LEFT", "CAM_BACK", "CAM_BACK_RIGHT"], "token": "cb358f68fce7424fb521b6c5c020cfad", "scene": "scene-0709"}, {"images": ["samples/CAM_FRONT_LEFT/n008-2018-08-29-16-04-13-0400__CAM_FRONT_LEFT__1535573389504799.jpg", "samples/CAM_FRONT/n008-2018-08-29-16-04-13-0400__CAM_FRONT__1535573389512404.jpg", "samples/CAM_FRONT_RIGHT/n008-2018-08-29-16-04-13-0400__CAM_FRONT_RIGHT__1535573389520482.jpg", "samples/CAM_BACK_LEFT/n008-2018-08-29-16-04-13-0400__CAM_BACK_LEFT__1535573389547405.jpg", "samples/CAM_BACK/n008-2018-08-29-16-04-13-0400__CAM_BACK__1535573389537558.jpg", "samples/CAM_BACK_RIGHT/n008-2018-08-29-16-04-13-0400__CAM_BACK_RIGHT__1535573389528113.jpg"], "intrinsics": [[[1257.8625342125129, 0.0, 827.2410631095686], [0.0, 1257.8625342125129, 450.915498205774], [0.0, 0.0, 1.0]], [[1252.8131021185304, 0.0, 826.588114781398], [0.0, 1252.8131021185304, 469.9846626224581], [0.0, 0.0, 1.0]], [[1256.7485116440405, 0.0, 817.7887570959712], [0.0, 1256.7485116440403, 451.9541780095127], [0.0, 0.0, 1.0]], [[1254.9860565800168, 0.0, 829.5769333630991], [0.0, 1254.9860565800168, 467.1680561863987], [0.0, 0.0, 1.0]], [[796.8910634503094, 0.0, 857.7774326863696], [0.0, 796.8910634503094, 476.8848988407415], [0.0, 0.0, 1.0]], [[1249.9629280788233, 0.0, 825.3768045375984], [0.0, 1249.9629280788233, 462.54816385708756], [0.0, 0.0, 1.0]]], "extrinsics": [[[0.8220030665397644, -0.5692802667617798, -0.0151985390111804, -0.64532470703125], [0.0034212740138173103, 0.03162439912557602, -0.9994939565658569, 1.4897079467773438], [0.5694728493690491, 0.8215351700782776, 0.027943015098571777, -1.0875244140625], [0.0, 0.0, 0.0, 1.0]], [[0.00943075306713581, -0.9995746612548828, -0.02759610302746296, 0.0113525390625], [0.005369185470044613, 0.027647553011775017, -0.999603271484375, 1.4820213317871094], [0.9999410510063171, 0.009278833866119385, 0.005627639591693878, -1.3755989074707031], [0.0, 0.0, 0.0, 1.0]], [[-0.844366192817688, -0.5353338122367859, -0.02152922749519348, 0.856689453125], [0.013381927274167538, 0.01909860037267208, -0.9997280240058899, 1.4967575073242188], [0.535599410533905, -0.8444246649742126, -0.008962415158748627, -1.126953125], [0.0, 0.0, 0.0, 1.0]], [[0.9478722214698792, 0.31865009665489197, -0.0006698622019030154, -1.133056640625], [-0.01241216342896223, 0.034821074455976486, -0.9993164539337158, 1.5618896484375], [-0.3184090256690979, 0.9472326636314392, 0.036961063742637634, -0.16015625], [0.0, 0.0, 0.0, 1.0]], [[0.009535019285976887, 0.999589741230011, 0.0270099975168705, -0.028564453125], [-0.010052134282886982, 0.027105676010251045, -0.9995819926261902, 1.5669441223144531], [-0.9999040961265564, 0.009259460493922234, 0.010306463576853275, -0.06470298767089844], [0.0, 0.0, 0.0, 1.0]], [[-0.9235524535179138, 0.38340964913368225, 0.006914905272424221, 0.972900390625], [-0.005741999018937349, 0.004203580319881439, -0.9999746680259705, 1.5466418266296387], [-0.38342902064323425, -0.923568844795227, -0.0016806902131065726, -0.1199951171875], [0.0, 0.0, 0.0, 1.0]]], "view": [[0.0, -2.0, 100.0], [-2.0, 0.0, 100.0], [0.0, 0.0, 1.0]], "bev": "bev_438701af3b2443c7b084b9615f7e8e96.png", "aux": "aux_438701af3b2443c7b084b9615f7e8e96.npz", "visibility": "visibility_438701af3b2443c7b084b9615f7e8e96.png", "pose": [[-0.8360089659690857, -0.5487158298492432, 0.0, 913.3153076171875], [0.5487158298492432, -0.8360089659690857, 0.0, 1320.34765625], [0.0, 0.0, 1.0, 0.0], [0.0, 0.0, 0.0, 1.0]], "pose_inverse": [[-0.8360089659690857, 0.5487158298492432, 0.0, 39.044151306152344], [-0.5487158298492432, -0.8360089659690857, 0.0, 1604.9730224609375], [0.0, 0.0, 1.0, 0.0], [0.0, 0.0, 0.0, 1.0]], "cam_ids": [0, 1, 2, 3, 4, 5], "cam_channels": ["CAM_FRONT_LEFT", "CAM_FRONT", "CAM_FRONT_RIGHT", "CAM_BACK_LEFT", "CAM_BACK", "CAM_BACK_RIGHT"], "token": "438701af3b2443c7b084b9615f7e8e96", "scene": "scene-0709"}, {"images": ["samples/CAM_FRONT_LEFT/n008-2018-08-29-16-04-13-0400__CAM_FRONT_LEFT__1535573390004799.jpg", "samples/CAM_FRONT/n008-2018-08-29-16-04-13-0400__CAM_FRONT__1535573390012404.jpg", "samples/CAM_FRONT_RIGHT/n008-2018-08-29-16-04-13-0400__CAM_FRONT_RIGHT__1535573390020497.jpg", "samples/CAM_BACK_LEFT/n008-2018-08-29-16-04-13-0400__CAM_BACK_LEFT__1535573390047405.jpg", "samples/CAM_BACK/n008-2018-08-29-16-04-13-0400__CAM_BACK__1535573390037558.jpg", "samples/CAM_BACK_RIGHT/n008-2018-08-29-16-04-13-0400__CAM_BACK_RIGHT__1535573390028113.jpg"], "intrinsics": [[[1257.8625342125129, 0.0, 827.2410631095686], [0.0, 1257.8625342125129, 450.915498205774], [0.0, 0.0, 1.0]], [[1252.8131021185304, 0.0, 826.588114781398], [0.0, 1252.8131021185304, 469.9846626224581], [0.0, 0.0, 1.0]], [[1256.7485116440405, 0.0, 817.7887570959712], [0.0, 1256.7485116440403, 451.9541780095127], [0.0, 0.0, 1.0]], [[1254.9860565800168, 0.0, 829.5769333630991], [0.0, 1254.9860565800168, 467.1680561863987], [0.0, 0.0, 1.0]], [[796.8910634503094, 0.0, 857.7774326863696], [0.0, 796.8910634503094, 476.8848988407415], [0.0, 0.0, 1.0]], [[1249.9629280788233, 0.0, 825.3768045375984], [0.0, 1249.9629280788233, 462.54816385708756], [0.0, 0.0, 1.0]]], "extrinsics": [[[0.8215619921684265, -0.569815456867218, -0.018607985228300095, -0.64910888671875], [0.0026560097467154264, 0.036463771015405655, -0.9993314146995544, 1.4892921447753906], [0.5701130628585815, 0.8209632635116577, 0.031470682471990585, -1.0911865234375], [0.0, 0.0, 0.0, 1.0]], [[0.00868956744670868, -0.9994391202926636, -0.03234211727976799, 0.011474609375], [0.004699468147009611, 0.03238379955291748, -0.9994645118713379, 1.4817276000976562], [0.999951183795929, 0.00853301677852869, 0.004978236276656389, -1.3801345825195312], [0.0, 0.0, 0.0, 1.0]], [[-0.844703197479248, -0.5347182154655457, -0.023513413965702057, 0.86041259765625], [0.01280919648706913, 0.023722579702734947, -0.9996364712715149, 1.4965248107910156], [0.5350817441940308, -0.8446974158287048, -0.013189228251576424, -1.129150390625], [0.0, 0.0, 0.0, 1.0]], [[0.9478733539581299, 0.318645179271698, 0.0011917166411876678, -1.13916015625], [-0.011805577203631401, 0.038854893296957016, -0.9991751313209534, 1.5619697570800781], [-0.3184286952018738, 0.9470773935317993, 0.04059130698442459, -0.1580810546875], [0.0, 0.0, 0.0, 1.0]], [[0.009776993654668331, 0.9994610548019409, 0.03133653476834297, -0.0286865234375], [-0.010000316426157951, 0.03143419697880745, -0.9994558095932007, 1.5670013427734375], [-0.9999022483825684, 0.009458298794925213, 0.010302258655428886, -0.05918121337890625], [0.0, 0.0, 0.0, 1.0]], [[-0.9233784675598145, 0.3837858736515045, 0.008978675119578838, 0.977294921875], [-0.006094320211559534, 0.008730912581086159, -0.9999433159828186, 1.546595573425293], [-0.3838423788547516, -0.9233808517456055, -0.005723022390156984, -0.1181640625], [0.0, 0.0, 0.0, 1.0]]], "view": [[0.0, -2.0, 100.0], [-2.0, 0.0, 100.0], [0.0, 0.0, 1.0]], "bev": "bev_0c8107d439104028a9df47f337b816df.png", "aux": "aux_0c8107d439104028a9df47f337b816df.npz", "visibility": "visibility_0c8107d439104028a9df47f337b816df.png", "pose": [[-0.8439759612083435, -0.5363810062408447, 0.0, 909.1193237304688], [0.5363810062408447, -0.8439759612083435, 0.0, 1323.1005859375], [0.0, 0.0, 1.0, 0.0], [0.0, 0.0, 0.0, 1.0]], "pose_inverse": [[-0.8439759612083435, 0.5363810062408447, 0.0, 57.58878707885742], [-0.5363810062408447, -0.8439759612083435, 0.0, 1604.2994384765625], [0.0, 0.0, 1.0, 0.0], [0.0, 0.0, 0.0, 1.0]], "cam_ids": [0, 1, 2, 3, 4, 5], "cam_channels": ["CAM_FRONT_LEFT", "CAM_FRONT", "CAM_FRONT_RIGHT", "CAM_BACK_LEFT", "CAM_BACK", "CAM_BACK_RIGHT"], "token": "0c8107d439104028a9df47f337b816df", "scene": "scene-0709"}, {"images": ["samples/CAM_FRONT_LEFT/n008-2018-08-29-16-04-13-0400__CAM_FRONT_LEFT__1535573390504799.jpg", "samples/CAM_FRONT/n008-2018-08-29-16-04-13-0400__CAM_FRONT__1535573390512404.jpg", "samples/CAM_FRONT_RIGHT/n008-2018-08-29-16-04-13-0400__CAM_FRONT_RIGHT__1535573390520482.jpg", "samples/CAM_BACK_LEFT/n008-2018-08-29-16-04-13-0400__CAM_BACK_LEFT__1535573390547405.jpg", "samples/CAM_BACK/n008-2018-08-29-16-04-13-0400__CAM_BACK__1535573390537558.jpg", "samples/CAM_BACK_RIGHT/n008-2018-08-29-16-04-13-0400__CAM_BACK_RIGHT__1535573390528113.jpg"], "intrinsics": [[[1257.8625342125129, 0.0, 827.2410631095686], [0.0, 1257.8625342125129, 450.915498205774], [0.0, 0.0, 1.0]], [[1252.8131021185304, 0.0, 826.588114781398], [0.0, 1252.8131021185304, 469.9846626224581], [0.0, 0.0, 1.0]], [[1256.7485116440405, 0.0, 817.7887570959712], [0.0, 1256.7485116440403, 451.9541780095127], [0.0, 0.0, 1.0]], [[1254.9860565800168, 0.0, 829.5769333630991], [0.0, 1254.9860565800168, 467.1680561863987], [0.0, 0.0, 1.0]], [[796.8910634503094, 0.0, 857.7774326863696], [0.0, 796.8910634503094, 476.8848988407415], [0.0, 0.0, 1.0]], [[1249.9629280788233, 0.0, 825.3768045375984], [0.0, 1249.9629280788233, 462.54816385708756], [0.0, 0.0, 1.0]]], "extrinsics": [[[0.8216462731361389, -0.56982421875, -0.01405846606940031, -0.64044189453125], [0.008449023589491844, 0.03683685138821602, -0.9992855787277222, 1.4918327331542969], [0.5699350833892822, 0.8209405541419983, 0.03508131951093674, -1.0863037109375], [0.0, 0.0, 0.0, 1.0]], [[0.008976571261882782, -0.9994336366653442, -0.032431088387966156, 0.0125732421875], [0.010444932617247105, 0.032524339854717255, -0.9994163513183594, 1.4838218688964844], [0.9999051094055176, 0.008632654324173927, 0.010730976238846779, -1.372406005859375], [0.0, 0.0, 0.0, 1.0]], [[-0.8444907665252686, -0.5348230600357056, -0.02827378176152706, 0.85626220703125], [0.018508723005652428, 0.02361641265451908, -0.9995496869087219, 1.4981689453125], [0.5352500677108765, -0.844633936882019, -0.010044950060546398, -1.1251220703125], [0.0, 0.0, 0.0, 1.0]], [[0.9478700757026672, 0.31860846281051636, 0.005571814253926277, -1.14031982421875], [-0.00700870156288147, 0.03832579031586647, -0.9992407560348511, 1.5619964599609375], [-0.31858012080192566, 0.9471112489700317, 0.0385609045624733, -0.157958984375], [0.0, 0.0, 0.0, 1.0]], [[0.009599459357559681, 0.9994762539863586, 0.030902570113539696, -0.0291748046875], [-0.004940920043736696, 0.03095102496445179, -0.9995086789131165, 1.5675048828125], [-0.9999417662620544, 0.009441995993256569, 0.005235446151345968, -0.060268402099609375], [0.0, 0.0, 0.0, 1.0]], [[-0.92344069480896, 0.38372156023979187, 0.003864509053528309, 0.97381591796875], [-0.0006918142316862941, 0.008405890315771103, -0.9999644160270691, 1.547654151916504], [-0.3837403357028961, -0.9234105944633484, -0.0074968780390918255, -0.11865234375], [0.0, 0.0, 0.0, 1.0]]], "view": [[0.0, -2.0, 100.0], [-2.0, 0.0, 100.0], [0.0, 0.0, 1.0]], "bev": "bev_48bcb28de46f4d439c684f4de5125815.png", "aux": "aux_48bcb28de46f4d439c684f4de5125815.npz", "visibility": "visibility_48bcb28de46f4d439c684f4de5125815.png", "pose": [[-0.8523228764533997, -0.5230159759521484, 0.0, 904.80029296875], [0.5230159759521484, -0.8523228764533997, 0.0, 1325.836669921875], [0.0, 0.0, 1.0, 0.0], [0.0, 0.0, 0.0, 1.0]], "pose_inverse": [[-0.8523228764533997, 0.5230159759521484, 0.0, 77.74822235107422], [-0.5230159759521484, -0.8523228764533997, 0.0, 1603.2659912109375], [0.0, 0.0, 1.0, 0.0], [0.0, 0.0, 0.0, 1.0]], "cam_ids": [0, 1, 2, 3, 4, 5], "cam_channels": ["CAM_FRONT_LEFT", "CAM_FRONT", "CAM_FRONT_RIGHT", "CAM_BACK_LEFT", "CAM_BACK", "CAM_BACK_RIGHT"], "token": "48bcb28de46f4d439c684f4de5125815", "scene": "scene-0709"}, {"images": ["samples/CAM_FRONT_LEFT/n008-2018-08-29-16-04-13-0400__CAM_FRONT_LEFT__1535573390904799.jpg", "samples/CAM_FRONT/n008-2018-08-29-16-04-13-0400__CAM_FRONT__1535573390912404.jpg", "samples/CAM_FRONT_RIGHT/n008-2018-08-29-16-04-13-0400__CAM_FRONT_RIGHT__1535573390920482.jpg", "samples/CAM_BACK_LEFT/n008-2018-08-29-16-04-13-0400__CAM_BACK_LEFT__1535573390947405.jpg", "samples/CAM_BACK/n008-2018-08-29-16-04-13-0400__CAM_BACK__1535573390937558.jpg", "samples/CAM_BACK_RIGHT/n008-2018-08-29-16-04-13-0400__CAM_BACK_RIGHT__1535573390928113.jpg"], "intrinsics": [[[1257.8625342125129, 0.0, 827.2410631095686], [0.0, 1257.8625342125129, 450.915498205774], [0.0, 0.0, 1.0]], [[1252.8131021185304, 0.0, 826.588114781398], [0.0, 1252.8131021185304, 469.9846626224581], [0.0, 0.0, 1.0]], [[1256.7485116440405, 0.0, 817.7887570959712], [0.0, 1256.7485116440403, 451.9541780095127], [0.0, 0.0, 1.0]], [[1254.9860565800168, 0.0, 829.5769333630991], [0.0, 1254.9860565800168, 467.1680561863987], [0.0, 0.0, 1.0]], [[796.8910634503094, 0.0, 857.7774326863696], [0.0, 796.8910634503094, 476.8848988407415], [0.0, 0.0, 1.0]], [[1249.9629280788233, 0.0, 825.3768045375984], [0.0, 1249.9629280788233, 462.54816385708756], [0.0, 0.0, 1.0]]], "extrinsics": [[[0.8214318752288818, -0.5702553987503052, -0.0076435646042227745, -0.65179443359375], [0.00910612940788269, 0.026515530422329903, -0.9996069073677063, 1.4921073913574219], [0.5702338218688965, 0.8210394382476807, 0.02697352133691311, -1.092041015625], [0.0, 0.0, 0.0, 1.0]], [[0.008603853173553944, -0.9997168183326721, -0.022185318171977997, 0.0108642578125], [0.010664891451597214, 0.0222766175866127, -0.9996949434280396, 1.4838447570800781], [0.9999060034751892, 0.008364605717360973, 0.010853538289666176, -1.3841781616210938], [0.0, 0.0, 0.0, 1.0]], [[-0.8446626663208008, -0.5348207950592041, -0.022621966898441315, 0.8641357421875], [0.018261797726154327, 0.013445794582366943, -0.9997428059577942, 1.497964859008789], [0.5349874496459961, -0.8448585271835327, -0.0015903719468042254, -1.1318359375], [0.0, 0.0, 0.0, 1.0]], [[0.9478451013565063, 0.3187280297279358, 0.0014115463709458709, -1.14251708984375], [-0.00797428097575903, 0.028140997514128685, -0.9995721578598022, 1.5620231628417969], [-0.31863144040107727, 0.947428286075592, 0.02921493723988533, -0.156982421875], [0.0, 0.0, 0.0, 1.0]], [[0.009678316302597523, 0.9997396469116211, 0.020663360133767128, -0.0286865234375], [-0.005506897810846567, 0.020717302337288857, -0.9997701644897461, 1.5674972534179688], [-0.9999379515647888, 0.00956233311444521, 0.005705974530428648, -0.05510711669921875], [0.0, 0.0, 0.0, 1.0]], [[-0.923363447189331, 0.3839266002178192, 0.0002907373709604144, 0.98150634765625], [-0.0010492915753275156, -0.0017663281178101897, -0.9999979138374329, 1.5476124286651611], [-0.38392531871795654, -0.9233618974685669, 0.002033814089372754, -0.1165771484375], [0.0, 0.0, 0.0, 1.0]]], "view": [[0.0, -2.0, 100.0], [-2.0, 0.0, 100.0], [0.0, 0.0, 1.0]], "bev": "bev_de2009db847d4453852f99dfe5ecebb1.png", "aux": "aux_de2009db847d4453852f99dfe5ecebb1.npz", "visibility": "visibility_de2009db847d4453852f99dfe5ecebb1.png", "pose": [[-0.8610881567001343, -0.5084556341171265, 0.0, 901.3167724609375], [0.5084556341171265, -0.8610881567001343, 0.0, 1327.9561767578125], [0.0, 0.0, 1.0, 0.0], [0.0, 0.0, 0.0, 1.0]], "pose_inverse": [[-0.8610881567001343, 0.5084556341171265, 0.0, 100.9063720703125], [-0.5084556341171265, -0.8610881567001343, 0.0, 1601.7669677734375], [0.0, 0.0, 1.0, 0.0], [0.0, 0.0, 0.0, 1.0]], "cam_ids": [0, 1, 2, 3, 4, 5], "cam_channels": ["CAM_FRONT_LEFT", "CAM_FRONT", "CAM_FRONT_RIGHT", "CAM_BACK_LEFT", "CAM_BACK", "CAM_BACK_RIGHT"], "token": "de2009db847d4453852f99dfe5ecebb1", "scene": "scene-0709"}, {"images": ["samples/CAM_FRONT_LEFT/n008-2018-08-29-16-04-13-0400__CAM_FRONT_LEFT__1535573391354799.jpg", "samples/CAM_FRONT/n008-2018-08-29-16-04-13-0400__CAM_FRONT__1535573391362404.jpg", "samples/CAM_FRONT_RIGHT/n008-2018-08-29-16-04-13-0400__CAM_FRONT_RIGHT__1535573391370482.jpg", "samples/CAM_BACK_LEFT/n008-2018-08-29-16-04-13-0400__CAM_BACK_LEFT__1535573391397405.jpg", "samples/CAM_BACK/n008-2018-08-29-16-04-13-0400__CAM_BACK__1535573391387558.jpg", "samples/CAM_BACK_RIGHT/n008-2018-08-29-16-04-13-0400__CAM_BACK_RIGHT__1535573391378113.jpg"], "intrinsics": [[[1257.8625342125129, 0.0, 827.2410631095686], [0.0, 1257.8625342125129, 450.915498205774], [0.0, 0.0, 1.0]], [[1252.8131021185304, 0.0, 826.588114781398], [0.0, 1252.8131021185304, 469.9846626224581], [0.0, 0.0, 1.0]], [[1256.7485116440405, 0.0, 817.7887570959712], [0.0, 1256.7485116440403, 451.9541780095127], [0.0, 0.0, 1.0]], [[1254.9860565800168, 0.0, 829.5769333630991], [0.0, 1254.9860565800168, 467.1680561863987], [0.0, 0.0, 1.0]], [[796.8910634503094, 0.0, 857.7774326863696], [0.0, 796.8910634503094, 476.8848988407415], [0.0, 0.0, 1.0]], [[1249.9629280788233, 0.0, 825.3768045375984], [0.0, 1249.9629280788233, 462.54816385708756], [0.0, 0.0, 1.0]]], "extrinsics": [[[0.8216149210929871, -0.5694302320480347, -0.026424219831824303, -0.62725830078125], [-0.0090213343501091, 0.0333603210747242, -0.999402642250061, 1.4840507507324219], [0.5699715614318848, 0.8213625550270081, 0.022272314876317978, -1.0753173828125], [0.0, 0.0, 0.0, 1.0]], [[0.008925084955990314, -0.9995255470275879, -0.029480822384357452, 0.0115966796875], [-0.007656083907932043, 0.029412832111120224, -0.9995380640029907, 1.4771881103515625], [0.9999308586120605, 0.009146691299974918, -0.007389937061816454, -1.3566741943359375], [0.0, 0.0, 0.0, 1.0]], [[-0.8446107506752014, -0.535270094871521, -0.010892201215028763, 0.8436279296875], [-0.00034282897831872106, 0.020885497331619263, -0.9997817873954773, 1.4929351806640625], [0.5353808403015137, -0.8444227576255798, -0.01782362349331379, -1.11865234375], [0.0, 0.0, 0.0, 1.0]], [[0.9477124214172363, 0.31880974769592285, -0.014196722768247128, -1.13189697265625], [-0.02731606736779213, 0.03671758994460106, -0.9989522695541382, 1.5616912841796875], [-0.31795448064804077, 0.9471073150634766, 0.04350633919239044, -0.16015625], [0.0, 0.0, 0.0, 1.0]], [[0.00981710385531187, 0.9995402097702026, 0.028688613325357437, -0.0284423828125], [-0.0246697086840868, 0.028923360630869865, -0.9992771148681641, 1.5651931762695312], [-0.9996474981307983, 0.009102248586714268, 0.0249423086643219, -0.07105255126953125], [0.0, 0.0, 0.0, 1.0]], [[-0.9233702421188354, 0.38335028290748596, 0.02073596976697445, 0.962554931640625], [-0.01996404305100441, 0.0059925951063632965, -0.9997827410697937, 1.5435290336608887], [-0.3833913207054138, -0.9235836267471313, 0.0021198380272835493, -0.1243896484375], [0.0, 0.0, 0.0, 1.0]]], "view": [[0.0, -2.0, 100.0], [-2.0, 0.0, 100.0], [0.0, 0.0, 1.0]], "bev": "bev_2fa8650e7a1744e192c92a8212f6923c.png", "aux": "aux_2fa8650e7a1744e192c92a8212f6923c.npz", "visibility": "visibility_2fa8650e7a1744e192c92a8212f6923c.png", "pose": [[-0.8673393130302429, -0.49771735072135925, 0.0, 897.2951049804688], [0.49771735072135925, -0.8673393130302429, 0.0, 1330.32470703125], [0.0, 0.0, 1.0, 0.0], [0.0, 0.0, 0.0, 1.0]], "pose_inverse": [[-0.8673393130302429, 0.49771735072135925, 0.0, 116.13362121582031], [-0.49771735072135925, -0.8673393130302429, 0.0, 1600.4422607421875], [0.0, 0.0, 1.0, 0.0], [0.0, 0.0, 0.0, 1.0]], "cam_ids": [0, 1, 2, 3, 4, 5], "cam_channels": ["CAM_FRONT_LEFT", "CAM_FRONT", "CAM_FRONT_RIGHT", "CAM_BACK_LEFT", "CAM_BACK", "CAM_BACK_RIGHT"], "token": "2fa8650e7a1744e192c92a8212f6923c", "scene": "scene-0709"}, {"images": ["samples/CAM_FRONT_LEFT/n008-2018-08-29-16-04-13-0400__CAM_FRONT_LEFT__1535573391854799.jpg", "samples/CAM_FRONT/n008-2018-08-29-16-04-13-0400__CAM_FRONT__1535573391862404.jpg", "samples/CAM_FRONT_RIGHT/n008-2018-08-29-16-04-13-0400__CAM_FRONT_RIGHT__1535573391870482.jpg", "samples/CAM_BACK_LEFT/n008-2018-08-29-16-04-13-0400__CAM_BACK_LEFT__1535573391897405.jpg", "samples/CAM_BACK/n008-2018-08-29-16-04-13-0400__CAM_BACK__1535573391887558.jpg", "samples/CAM_BACK_RIGHT/n008-2018-08-29-16-04-13-0400__CAM_BACK_RIGHT__1535573391878113.jpg"], "intrinsics": [[[1257.8625342125129, 0.0, 827.2410631095686], [0.0, 1257.8625342125129, 450.915498205774], [0.0, 0.0, 1.0]], [[1252.8131021185304, 0.0, 826.588114781398], [0.0, 1252.8131021185304, 469.9846626224581], [0.0, 0.0, 1.0]], [[1256.7485116440405, 0.0, 817.7887570959712], [0.0, 1256.7485116440403, 451.9541780095127], [0.0, 0.0, 1.0]], [[1254.9860565800168, 0.0, 829.5769333630991], [0.0, 1254.9860565800168, 467.1680561863987], [0.0, 0.0, 1.0]], [[796.8910634503094, 0.0, 857.7774326863696], [0.0, 796.8910634503094, 476.8848988407415], [0.0, 0.0, 1.0]], [[1249.9629280788233, 0.0, 825.3768045375984], [0.0, 1249.9629280788233, 462.54816385708756], [0.0, 0.0, 1.0]]], "extrinsics": [[[0.8220394849777222, -0.5691260099411011, -0.018621079623699188, -0.6500244140625], [-0.004229692742228508, 0.026597538962960243, -0.999637246131897, 1.4863777160644531], [0.5694147944450378, 0.821820080280304, 0.019456997513771057, -1.0919189453125], [0.0, 0.0, 0.0, 1.0]], [[0.00933871790766716, -0.9997058510780334, -0.022382333874702454, 0.011474609375], [-0.0029928868170827627, 0.02235526777803898, -0.9997456073760986, 1.4790420532226562], [0.9999518990516663, 0.009403310716152191, -0.0027832367923110723, -1.380950927734375], [0.0, 0.0, 0.0, 1.0]], [[-0.8445546627044678, -0.5353574752807617, -0.010946015827357769, 0.8603515625], [0.0043596443720161915, 0.013566535897552967, -0.9998984336853027, 1.494241714477539], [0.5354516506195068, -0.8445166945457458, -0.009123715572059155, -1.1292724609375], [0.0, 0.0, 0.0, 1.0]], [[0.9477658271789551, 0.31871944665908813, -0.012561931274831295, -1.13739013671875], [-0.02279789187014103, 0.028405753895640373, -0.9993364810943604, 1.5618820190429688], [-0.31815117597579956, 0.9474233388900757, 0.03418813645839691, -0.1583251953125], [0.0, 0.0, 0.0, 1.0]], [[0.009781270287930965, 0.9997349381446838, 0.020841697230935097, -0.0283203125], [-0.02002172172069