[{"images": ["samples/CAM_FRONT_LEFT/n008-2018-08-30-15-16-55-0400__CAM_FRONT_LEFT__1535657168254799.jpg", "samples/CAM_FRONT/n008-2018-08-30-15-16-55-0400__CAM_FRONT__1535657168262404.jpg", "samples/CAM_FRONT_RIGHT/n008-2018-08-30-15-16-55-0400__CAM_FRONT_RIGHT__1535657168270482.jpg", "samples/CAM_BACK_LEFT/n008-2018-08-30-15-16-55-0400__CAM_BACK_LEFT__1535657168297405.jpg", "samples/CAM_BACK/n008-2018-08-30-15-16-55-0400__CAM_BACK__1535657168287558.jpg", "samples/CAM_BACK_RIGHT/n008-2018-08-30-15-16-55-0400__CAM_BACK_RIGHT__1535657168278113.jpg"], "intrinsics": [[[1257.8625342125129, 0.0, 827.2410631095686], [0.0, 1257.8625342125129, 450.915498205774], [0.0, 0.0, 1.0]], [[1252.8131021185304, 0.0, 826.588114781398], [0.0, 1252.8131021185304, 469.9846626224581], [0.0, 0.0, 1.0]], [[1256.7485116440405, 0.0, 817.7887570959712], [0.0, 1256.7485116440403, 451.9541780095127], [0.0, 0.0, 1.0]], [[1254.9860565800168, 0.0, 829.5769333630991], [0.0, 1254.9860565800168, 467.1680561863987], [0.0, 0.0, 1.0]], [[796.8910634503094, 0.0, 857.7774326863696], [0.0, 796.8910634503094, 476.8848988407415], [0.0, 0.0, 1.0]], [[1249.9629280788233, 0.0, 825.3768045375984], [0.0, 1249.9629280788233, 462.54816385708756], [0.0, 0.0, 1.0]]], "extrinsics": [[[0.8217758536338806, -0.5673627257347107, -0.05276334285736084, -1.00506591796875], [-0.02636146731674671, 0.054643917828798294, -0.9981578588485718, 1.4883003234863281], [0.5692008137702942, 0.8216529488563538, 0.029948536306619644, -1.33331298828125], [0.0, 0.0, 0.0, 1.0]], [[0.009512280113995075, -0.9986647367477417, -0.050775568932294846, 0.00537109375], [-0.0244098212569952, 0.05053083226084709, -0.9984241724014282, 1.48016357421875], [0.9996567964553833, 0.010736735537648201, -0.023896563798189163, -1.734689712524414], [0.0, 0.0, 0.0, 1.0]], [[-0.8442251682281494, -0.5359199047088623, -0.008590461686253548, 1.090667724609375], [-0.016400016844272614, 0.0418478325009346, -0.9989893436431885, 1.493072509765625], [0.5357377529144287, -0.8432310819625854, -0.044118091464042664, -1.27752685546875], [0.0, 0.0, 0.0, 1.0]], [[0.9473909139633179, 0.3193623125553131, -0.021403227001428604, -1.1439056396484375], [-0.04174843430519104, 0.05699591711163521, -0.9975011348724365, 1.5620460510253906], [-0.31734439730644226, 0.9459170699119568, 0.06733030080795288, -0.156005859375], [0.0, 0.0, 0.0, 1.0]], [[0.009910248219966888, 0.9987433552742004, 0.04912806674838066, -0.02886962890625], [-0.03963819146156311, 0.04948423057794571, -0.9979879856109619, 1.5680618286132812], [-0.9991649985313416, 0.007942963391542435, 0.0400787852704525, 0.04432487487792969], [0.0, 0.0, 0.0, 1.0]], [[-0.9231744408607483, 0.3819679617881775, 0.043004050850868225, 1.160675048828125], [-0.0354527086019516, 0.02678898349404335, -0.9990122318267822, 1.5478134155273438], [-0.3827427327632904, -0.9237872362136841, -0.011189109645783901, -0.04364013671875], [0.0, 0.0, 0.0, 1.0]]], "view": [[0.0, -2.0, 100.0], [-2.0, 0.0, 100.0], [0.0, 0.0, 1.0]], "bev": "bev_18900730a0dd4c8ebda2b0082f044805.png", "aux": "aux_18900730a0dd4c8ebda2b0082f044805.npz", "visibility": "visibility_18900730a0dd4c8ebda2b0082f044805.png", "pose": [[-0.894142210483551, -0.44778311252593994, 0.0, 309.1878967285156], [0.44778311252593994, -0.894142210483551, 0.0, 668.66796875], [0.0, 0.0, 1.0, 0.0], [0.0, 0.0, 0.0, 1.0]], "pose_inverse": [[-0.894142210483551, 0.44778311252593994, 0.0, -22.960275650024414], [-0.44778311252593994, -0.894142210483551, 0.0, 736.3333740234375], [0.0, 0.0, 1.0, 0.0], [0.0, 0.0, 0.0, 1.0]], "cam_ids": [0, 1, 2, 3, 4, 5], "cam_channels": ["CAM_FRONT_LEFT", "CAM_FRONT", "CAM_FRONT_RIGHT", "CAM_BACK_LEFT", "CAM_BACK", "CAM_BACK_RIGHT"], "token": "18900730a0dd4c8ebda2b0082f044805", "scene": "scene-0760"}, {"images": ["samples/CAM_FRONT_LEFT/n008-2018-08-30-15-16-55-0400__CAM_FRONT_LEFT__1535657168754799.jpg", "samples/CAM_FRONT/n008-2018-08-30-15-16-55-0400__CAM_FRONT__1535657168762404.jpg", "samples/CAM_FRONT_RIGHT/n008-2018-08-30-15-16-55-0400__CAM_FRONT_RIGHT__1535657168770482.jpg", "samples/CAM_BACK_LEFT/n008-2018-08-30-15-16-55-0400__CAM_BACK_LEFT__1535657168797405.jpg", "samples/CAM_BACK/n008-2018-08-30-15-16-55-0400__CAM_BACK__1535657168787596.jpg", "samples/CAM_BACK_RIGHT/n008-2018-08-30-15-16-55-0400__CAM_BACK_RIGHT__1535657168778113.jpg"], "intrinsics": [[[1257.8625342125129, 0.0, 827.2410631095686], [0.0, 1257.8625342125129, 450.915498205774], [0.0, 0.0, 1.0]], [[1252.8131021185304, 0.0, 826.588114781398], [0.0, 1252.8131021185304, 469.9846626224581], [0.0, 0.0, 1.0]], [[1256.7485116440405, 0.0, 817.7887570959712], [0.0, 1256.7485116440403, 451.9541780095127], [0.0, 0.0, 1.0]], [[1254.9860565800168, 0.0, 829.5769333630991], [0.0, 1254.9860565800168, 467.1680561863987], [0.0, 0.0, 1.0]], [[796.8910634503094, 0.0, 857.7774326863696], [0.0, 796.8910634503094, 476.8848988407415], [0.0, 0.0, 1.0]], [[1249.9629280788233, 0.0, 825.3768045375984], [0.0, 1249.9629280788233, 462.54816385708756], [0.0, 0.0, 1.0]]], "extrinsics": [[[0.821793794631958, -0.567340075969696, -0.05272751674056053, -1.005035400390625], [-0.026232346892356873, 0.05476894974708557, -0.9981544017791748, 1.4882888793945312], [0.5691808462142944, 0.8216602802276611, 0.030126122757792473, -1.3333740234375], [0.0, 0.0, 0.0, 1.0]], [[0.009537914767861366, -0.9986583590507507, -0.050897739827632904, 0.00537109375], [-0.024283595383167267, 0.050653718411922455, -0.9984210133552551, 1.48016357421875], [0.9996595978736877, 0.010758836753666401, -0.023767881095409393, -1.7347097396850586], [0.0, 0.0, 0.0, 1.0]], [[-0.8442176580429077, -0.5359287261962891, -0.008769433945417404, 1.09063720703125], [-0.016271065920591354, 0.04197734221816063, -0.9989860653877258, 1.493072509765625], [0.5357534885406494, -0.8432190418243408, -0.044158145785331726, -1.27752685546875], [0.0, 0.0, 0.0, 1.0]], [[0.9473951458930969, 0.3193597197532654, -0.02125459536910057, -1.1439056396484375], [-0.04162825644016266, 0.057104725390672684, -0.997499942779541, 1.562042236328125], [-0.31734761595726013, 0.9459114074707031, 0.06739512830972672, -0.15606689453125], [0.0, 0.0, 0.0, 1.0]], [[0.009902986697852612, 0.9987379312515259, 0.049238380044698715, -0.02880859375], [-0.03949590027332306, 0.049593038856983185, -0.9979882836341858, 1.5680580139160156], [-0.9991706609725952, 0.007938309572637081, 0.03993717581033707, 0.04434394836425781], [0.0, 0.0, 0.0, 1.0]], [[-0.9231823682785034, 0.38195785880088806, 0.04292425140738487, 1.16064453125], [-0.035317134112119675, 0.026908110827207565, -0.9990138411521912, 1.5478134155273438], [-0.38273611664772034, -0.9237878918647766, -0.011351439170539379, -0.043701171875], [0.0, 0.0, 0.0, 1.0]]], "view": [[0.0, -2.0, 100.0], [-2.0, 0.0, 100.0], [0.0, 0.0, 1.0]], "bev": "bev_ed5e0fb659eb48d3adf425a3777f21d6.png", "aux": "aux_ed5e0fb659eb48d3adf425a3777f21d6.npz", "visibility": "visibility_ed5e0fb659eb48d3adf425a3777f21d6.png", "pose": [[-0.8941474556922913, -0.4477725923061371, 0.0, 309.1878967285156], [0.4477725923061371, -0.8941474556922913, 0.0, 668.66796875], [0.0, 0.0, 1.0, 0.0], [0.0, 0.0, 0.0, 1.0]], "pose_inverse": [[-0.8941474556922913, 0.4477725923061371, 0.0, -22.951608657836914], [-0.4477725923061371, -0.8941474556922913, 0.0, 736.3336181640625], [0.0, 0.0, 1.0, 0.0], [0.0, 0.0, 0.0, 1.0]], "cam_ids": [0, 1, 2, 3, 4, 5], "cam_channels": ["CAM_FRONT_LEFT", "CAM_FRONT", "CAM_FRONT_RIGHT", "CAM_BACK_LEFT", "CAM_BACK", "CAM_BACK_RIGHT"], "token": "ed5e0fb659eb48d3adf425a3777f21d6", "scene": "scene-0760"}, {"images": ["samples/CAM_FRONT_LEFT/n008-2018-08-30-15-16-55-0400__CAM_FRONT_LEFT__1535657169254799.jpg", "samples/CAM_FRONT/n008-2018-08-30-15-16-55-0400__CAM_FRONT__1535657169262404.jpg", "samples/CAM_FRONT_RIGHT/n008-2018-08-30-15-16-55-0400__CAM_FRONT_RIGHT__1535657169270482.jpg", "samples/CAM_BACK_LEFT/n008-2018-08-30-15-16-55-0400__CAM_BACK_LEFT__1535657169297405.jpg", "samples/CAM_BACK/n008-2018-08-30-15-16-55-0400__CAM_BACK__1535657169287562.jpg", "samples/CAM_BACK_RIGHT/n008-2018-08-30-15-16-55-0400__CAM_BACK_RIGHT__1535657169278113.jpg"], "intrinsics": [[[1257.8625342125129, 0.0, 827.2410631095686], [0.0, 1257.8625342125129, 450.915498205774], [0.0, 0.0, 1.0]], [[1252.8131021185304, 0.0, 826.588114781398], [0.0, 1252.8131021185304, 469.9846626224581], [0.0, 0.0, 1.0]], [[1256.7485116440405, 0.0, 817.7887570959712], [0.0, 1256.7485116440403, 451.9541780095127], [0.0, 0.0, 1.0]], [[1254.9860565800168, 0.0, 829.5769333630991], [0.0, 1254.9860565800168, 467.1680561863987], [0.0, 0.0, 1.0]], [[796.8910634503094, 0.0, 857.7774326863696], [0.0, 796.8910634503094, 476.8848988407415], [0.0, 0.0, 1.0]], [[1249.9629280788233, 0.0, 825.3768045375984], [0.0, 1249.9629280788233, 462.54816385708756], [0.0, 0.0, 1.0]]], "extrinsics": [[[0.8217825293540955, -0.567359983921051, -0.0526886060833931, -1.0050048828125], [-0.026231631636619568, 0.05470047891139984, -0.9981581568717957, 1.4882926940917969], [0.5691970586776733, 0.8216511607170105, 0.030069122090935707, -1.33331298828125], [0.0, 0.0, 0.0, 1.0]], [[0.00951742846518755, -0.9986612796783447, -0.05084266513586044, 0.00531005859375], [-0.02427622303366661, 0.05059922859072685, -0.9984239935874939, 1.48016357421875], [0.9996599555015564, 0.010736684314906597, -0.02376214973628521, -1.734670639038086], [0.0, 0.0, 0.0, 1.0]], [[-0.8442258834838867, -0.5359162092208862, -0.008741907775402069, 1.09063720703125], [-0.016263078898191452, 0.04191472753882408, -0.9989887475967407, 1.493072509765625], [0.5357407331466675, -0.8432300686836243, -0.04410114511847496, -1.2774658203125], [0.0, 0.0, 0.0, 1.0]], [[0.9473955035209656, 0.3193589746952057, -0.021250059828162193, -1.1439208984375], [-0.04160663112998009, 0.05705468729138374, -0.9975036978721619, 1.562042236328125], [-0.317349374294281, 0.9459146857261658, 0.06734080612659454, -0.15606689453125], [0.0, 0.0, 0.0, 1.0]], [[0.009908536449074745, 0.9987401366233826, 0.0491926446557045, -0.02880859375], [-0.03949391841888428, 0.04954754188656807, -0.9979905486106873, 1.5680618286132812], [-0.99917072057724, 0.007945789955556393, 0.03993510827422142, 0.04432868957519531], [0.0, 0.0, 0.0, 1.0]], [[-0.923178493976593, 0.3819704055786133, 0.04289565607905388, 1.160675048828125], [-0.035310111939907074, 0.02684997394680977, -0.9990156292915344, 1.547811508178711], [-0.3827461004257202, -0.9237843751907349, -0.011299905367195606, -0.043701171875], [0.0, 0.0, 0.0, 1.0]]], "view": [[0.0, -2.0, 100.0], [-2.0, 0.0, 100.0], [0.0, 0.0, 1.0]], "bev": "bev_29d439459cbb462c8880f526cebfbc69.png", "aux": "aux_29d439459cbb462c8880f526cebfbc69.npz", "visibility": "visibility_29d439459cbb462c8880f526cebfbc69.png", "pose": [[-0.8941546678543091, -0.4477582275867462, 0.0, 309.1878662109375], [0.4477582275867462, -0.8941546678543091, 0.0, 668.66796875], [0.0, 0.0, 1.0, 0.0], [0.0, 0.0, 0.0, 1.0]], "pose_inverse": [[-0.8941546678543091, 0.4477582275867462, 0.0, -22.939807891845703], [-0.4477582275867462, -0.8941546678543091, 0.0, 736.333984375], [0.0, 0.0, 1.0, 0.0], [0.0, 0.0, 0.0, 1.0]], "cam_ids": [0, 1, 2, 3, 4, 5], "cam_channels": ["CAM_FRONT_LEFT", "CAM_FRONT", "CAM_FRONT_RIGHT", "CAM_BACK_LEFT", "CAM_BACK", "CAM_BACK_RIGHT"], "token": "29d439459cbb462c8880f526cebfbc69", "scene": "scene-0760"}, {"images": ["samples/CAM_FRONT_LEFT/n008-2018-08-30-15-16-55-0400__CAM_FRONT_LEFT__1535657169754799.jpg", "samples/CAM_FRONT/n008-2018-08-30-15-16-55-0400__CAM_FRONT__1535657169762404.jpg", "samples/CAM_FRONT_RIGHT/n008-2018-08-30-15-16-55-0400__CAM_FRONT_RIGHT__1535657169770482.jpg", "samples/CAM_BACK_LEFT/n008-2018-08-30-15-16-55-0400__CAM_BACK_LEFT__1535657169797405.jpg", "samples/CAM_BACK/n008-2018-08-30-15-16-55-0400__CAM_BACK__1535657169787558.jpg", "samples/CAM_BACK_RIGHT/n008-2018-08-30-15-16-55-0400__CAM_BACK_RIGHT__1535657169778113.jpg"], "intrinsics": [[[1257.8625342125129, 0.0, 827.2410631095686], [0.0, 1257.8625342125129, 450.915498205774], [0.0, 0.0, 1.0]], [[1252.8131021185304, 0.0, 826.588114781398], [0.0, 1252.8131021185304, 469.9846626224581], [0.0, 0.0, 1.0]], [[1256.7485116440405, 0.0, 817.7887570959712], [0.0, 1256.7485116440403, 451.9541780095127], [0.0, 0.0, 1.0]], [[1254.9860565800168, 0.0, 829.5769333630991], [0.0, 1254.9860565800168, 467.1680561863987], [0.0, 0.0, 1.0]], [[796.8910634503094, 0.0, 857.7774326863696], [0.0, 796.8910634503094, 476.8848988407415], [0.0, 0.0, 1.0]], [[1249.9629280788233, 0.0, 825.3768045375984], [0.0, 1249.9629280788233, 462.54816385708756], [0.0, 0.0, 1.0]]], "extrinsics": [[[0.8217995166778564, -0.567344069480896, -0.05259663984179497, -1.004974365234375], [-0.026102248579263687, 0.054727036505937576, -0.9981601238250732, 1.4882926940917969], [0.5691786408424377, 0.8216603994369507, 0.030165696516633034, -1.33331298828125], [0.0, 0.0, 0.0, 1.0]], [[0.009540143422782421, -0.9986602067947388, -0.050861380994319916, 0.00543212890625], [-0.024146519601345062, 0.050618790090084076, -0.998426079750061, 1.4801597595214844], [0.9996629357337952, 0.010753212496638298, -0.023631257936358452, -1.734684944152832], [0.0, 0.0, 0.0, 1.0]], [[-0.8442187905311584, -0.535925567150116, -0.008860751986503601, 1.09063720703125], [-0.0161431971937418, 0.041946474462747574, -0.9989894032478333, 1.4930706024169922], [0.5357557535171509, -0.8432225584983826, -0.04406355321407318, -1.2774658203125], [0.0, 0.0, 0.0, 1.0]], [[0.947401762008667, 0.3193508982658386, -0.021096443757414818, -1.1439056396484375], [-0.04146410524845123, 0.05711374059319496, -0.9975062608718872, 1.5620460510253906], [-0.3173496723175049, 0.9459138512611389, 0.06735125184059143, -0.15606689453125], [0.0, 0.0, 0.0, 1.0]], [[0.00990248192101717, 0.9987384080886841, 0.04923003166913986, -0.02886962890625], [-0.03935910016298294, 0.04958358779549599, -0.9979941248893738, 1.5680618286132812], [-0.9991760849952698, 0.007945017889142036, 0.03980045020580292, 0.04430389404296875], [0.0, 0.0, 0.0, 1.0]], [[-0.9231864809989929, 0.3819621205329895, 0.04279641434550285, 1.16064453125], [-0.03518791124224663, 0.026885980740189552, -0.9990189671516418, 1.547811508178711], [-0.38273802399635315, -0.9237868189811707, -0.011380327865481377, -0.043701171875], [0.0, 0.0, 0.0, 1.0]]], "view": [[0.0, -2.0, 100.0], [-2.0, 0.0, 100.0], [0.0, 0.0, 1.0]], "bev": "bev_3a97ddeb5d4f4994b1e46ffff9f40587.png", "aux": "aux_3a97ddeb5d4f4994b1e46ffff9f40587.npz", "visibility": "visibility_3a97ddeb5d4f4994b1e46ffff9f40587.png", "pose": [[-0.8941349983215332, -0.4477975368499756, 0.0, 309.1878967285156], [0.4477975368499756, -0.8941349983215332, 0.0, 668.66796875], [0.0, 0.0, 1.0, 0.0], [0.0, 0.0, 0.0, 1.0]], "pose_inverse": [[-0.8941349983215332, 0.4477975368499756, 0.0, -22.972164154052734], [-0.4477975368499756, -0.8941349983215332, 0.0, 736.3330078125], [0.0, 0.0, 1.0, 0.0], [0.0, 0.0, 0.0, 1.0]], "cam_ids": [0, 1, 2, 3, 4, 5], "cam_channels": ["CAM_FRONT_LEFT", "CAM_FRONT", "CAM_FRONT_RIGHT", "CAM_BACK_LEFT", "CAM_BACK", "CAM_BACK_RIGHT"], "token": "3a97ddeb5d4f4994b1e46ffff9f40587", "scene": "scene-0760"}, {"images": ["samples/CAM_FRONT_LEFT/n008-2018-08-30-15-16-55-0400__CAM_FRONT_LEFT__1535657170254799.jpg", "samples/CAM_FRONT/n008-2018-08-30-15-16-55-0400__CAM_FRONT__1535657170262404.jpg", "samples/CAM_FRONT_RIGHT/n008-2018-08-30-15-16-55-0400__CAM_FRONT_RIGHT__1535657170270482.jpg", "samples/CAM_BACK_LEFT/n008-2018-08-30-15-16-55-0400__CAM_BACK_LEFT__1535657170297405.jpg", "samples/CAM_BACK/n008-2018-08-30-15-16-55-0400__CAM_BACK__1535657170287558.jpg", "samples/CAM_BACK_RIGHT/n008-2018-08-30-15-16-55-0400__CAM_BACK_RIGHT__1535657170278113.jpg"], "intrinsics": [[[1257.8625342125129, 0.0, 827.2410631095686], [0.0, 1257.8625342125129, 450.915498205774], [0.0, 0.0, 1.0]], [[1252.8131021185304, 0.0, 826.588114781398], [0.0, 1252.8131021185304, 469.9846626224581], [0.0, 0.0, 1.0]], [[1256.7485116440405, 0.0, 817.7887570959712], [0.0, 1256.7485116440403, 451.9541780095127], [0.0, 0.0, 1.0]], [[1254.9860565800168, 0.0, 829.5769333630991], [0.0, 1254.9860565800168, 467.1680561863987], [0.0, 0.0, 1.0]], [[796.8910634503094, 0.0, 857.7774326863696], [0.0, 796.8910634503094, 476.8848988407415], [0.0, 0.0, 1.0]], [[1249.9629280788233, 0.0, 825.3768045375984], [0.0, 1249.9629280788233, 462.54816385708756], [0.0, 0.0, 1.0]]], "extrinsics": [[[0.8217817544937134, -0.5673601627349854, -0.05269988626241684, -1.004974365234375], [-0.026137307286262512, 0.05485641583800316, -0.9981520771980286, 1.4882965087890625], [0.5692026615142822, 0.82164067029953, 0.03025073930621147, -1.33331298828125], [0.0, 0.0, 0.0, 1.0]], [[0.009515148587524891, -0.998653769493103, -0.05099056661128998, 0.00537109375], [-0.024176884442567825, 0.05074821412563324, -0.9984188079833984, 1.4801597595214844], [0.9996623992919922, 0.010732948780059814, -0.023661455139517784, -1.734705924987793], [0.0, 0.0, 0.0, 1.0]], [[-0.8442284464836121, -0.5359093546867371, -0.008918065577745438, 1.090667724609375], [-0.016148000955581665, 0.04206236079335213, -0.9989844560623169, 1.493072509765625], [0.5357402563095093, -0.8432271480560303, -0.044164109975099564, -1.27752685546875], [0.0, 0.0, 0.0, 1.0]], [[0.947401225566864, 0.31935179233551025, -0.021102890372276306, -1.1439208984375], [-0.04150213301181793, 0.057206686586141586, -0.9974993467330933, 1.562042236328125], [-0.3173460066318512, 0.9459079504013062, 0.06745146960020065, -0.15606689453125], [0.0, 0.0, 0.0, 1.0]], [[0.009911509230732918, 0.9987333416938782, 0.04933004081249237, -0.02880859375], [-0.03939534351229668, 0.049684178084135056, -0.997987687587738, 1.5680618286132812], [-0.9991745948791504, 0.007948219776153564, 0.03983788937330246, 0.044315338134765625], [0.0, 0.0, 0.0, 1.0]], [[-0.923180878162384, 0.3819695711135864, 0.04285242035984993, 1.160736083984375], [-0.03520458936691284, 0.026991762220859528, -0.9990155696868896, 1.547811508178711], [-0.3827502727508545, -0.923780620098114, -0.011471194215118885, -0.043701171875], [0.0, 0.0, 0.0, 1.0]]], "view": [[0.0, -2.0, 100.0], [-2.0, 0.0, 100.0], [0.0, 0.0, 1.0]], "bev": "bev_ca4a1a7449bf4ed4bcf50918e47e0bb3.png", "aux": "aux_ca4a1a7449bf4ed4bcf50918e47e0bb3.npz", "visibility": "visibility_ca4a1a7449bf4ed4bcf50918e47e0bb3.png", "pose": [[-0.8941200375556946, -0.44782736897468567, 0.0, 309.18792724609375], [0.44782736897468567, -0.8941200375556946, 0.0, 668.66796875], [0.0, 0.0, 1.0, 0.0], [0.0, 0.0, 0.0, 1.0]], "pose_inverse": [[-0.8941200375556946, 0.44782736897468567, 0.0, -22.996688842773438], [-0.44782736897468567, -0.8941200375556946, 0.0, 736.332275390625], [0.0, 0.0, 1.0, 0.0], [0.0, 0.0, 0.0, 1.0]], "cam_ids": [0, 1, 2, 3, 4, 5], "cam_channels": ["CAM_FRONT_LEFT", "CAM_FRONT", "CAM_FRONT_RIGHT", "CAM_BACK_LEFT", "CAM_BACK", "CAM_BACK_RIGHT"], "token": "ca4a1a7449bf4ed4bcf50918e47e0bb3", "scene": "scene-0760"}, {"images": ["samples/CAM_FRONT_LEFT/n008-2018-08-30-15-16-55-0400__CAM_FRONT_LEFT__1535657170754799.jpg", "samples/CAM_FRONT/n008-2018-08-30-15-16-55-0400__CAM_FRONT__1535657170762404.jpg", "samples/CAM_FRONT_RIGHT/n008-2018-08-30-15-16-55-0400__CAM_FRONT_RIGHT__1535657170770482.jpg", "samples/CAM_BACK_LEFT/n008-2018-08-30-15-16-55-0400__CAM_BACK_LEFT__1535657170797405.jpg", "samples/CAM_BACK/n008-2018-08-30-15-16-55-0400__CAM_BACK__1535657170787558.jpg", "samples/CAM_BACK_RIGHT/n008-2018-08-30-15-16-55-0400__CAM_BACK_RIGHT__1535657170778113.jpg"], "intrinsics": [[[1257.8625342125129, 0.0, 827.2410631095686], [0.0, 1257.8625342125129, 450.915498205774], [0.0, 0.0, 1.0]], [[1252.8131021185304, 0.0, 826.588114781398], [0.0, 1252.8131021185304, 469.9846626224581], [0.0, 0.0, 1.0]], [[1256.7485116440405, 0.0, 817.7887570959712], [0.0, 1256.7485116440403, 451.9541780095127], [0.0, 0.0, 1.0]], [[1254.9860565800168, 0.0, 829.5769333630991], [0.0, 1254.9860565800168, 467.1680561863987], [0.0, 0.0, 1.0]], [[796.8910634503094, 0.0, 857.7774326863696], [0.0, 796.8910634503094, 476.8848988407415], [0.0, 0.0, 1.0]], [[1249.9629280788233, 0.0, 825.3768045375984], [0.0, 1249.9629280788233, 462.54816385708756], [0.0, 0.0, 1.0]]], "extrinsics": [[[0.8217955231666565, -0.5673394203186035, -0.0527096763253212, -1.004974365234375], [-0.026064977049827576, 0.05497933179140091, -0.998147189617157, 1.4882965087890625], [0.5691861510276794, 0.8216468095779419, 0.03039407543838024, -1.33331298828125], [0.0, 0.0, 0.0, 1.0]], [[0.009530454874038696, -0.9986476898193359, -0.05110738426446915, 0.00543212890625], [-0.024119842797517776, 0.050865255296230316, -0.9984142184257507, 1.48016357421875], [0.9996636509895325, 0.010748080909252167, -0.023602450266480446, -1.7347135543823242], [0.0, 0.0, 0.0, 1.0]], [[-0.8442233204841614, -0.5359158515930176, -0.00900803878903389, 1.090606689453125], [-0.016113024204969406, 0.04217424616217613, -0.9989802837371826, 1.4930706024169922], [0.5357492566108704, -0.8432174324989319, -0.04423971101641655, -1.27752685546875], [0.0, 0.0, 0.0, 1.0]], [[0.9474018216133118, 0.31935277581214905, -0.021064506843686104, -1.1439361572265625], [-0.04149342700839043, 0.05730096995830536, -0.9974943399429321, 1.562042236328125], [-0.31734558939933777, 0.9459019303321838, 0.0675380751490593, -0.156005859375], [0.0, 0.0, 0.0, 1.0]], [[0.009908345527946949, 0.9987285733222961, 0.04942784458398819, -0.02886962890625], [-0.039379239082336426, 0.04978165403008461, -0.997983455657959, 1.5680618286132812], [-0.9991753101348877, 0.0079419557005167, 0.039822421967983246, 0.04432487487792969], [0.0, 0.0, 0.0, 1.0]], [[-0.9231840968132019, 0.3819599747657776, 0.04286833480000496, 1.16064453125], [-0.03517862781882286, 0.027096306905150414, -0.9990136623382568, 1.5478134155273438], [-0.38274475932121277, -0.9237816333770752, -0.01157805509865284, -0.04364013671875], [0.0, 0.0, 0.0, 1.0]]], "view": [[0.0, -2.0, 100.0], [-2.0, 0.0, 100.0], [0.0, 0.0, 1.0]], "bev": "bev_4611c578a7d0485da7a0499db2e48cf5.png", "aux": "aux_4611c578a7d0485da7a0499db2e48cf5.npz", "visibility": "visibility_4611c578a7d0485da7a0499db2e48cf5.png", "pose": [[-0.8940949440002441, -0.44787752628326416, 0.0, 309.18792724609375], [0.44787752628326416, -0.8940949440002441, 0.0, 668.66796875], [0.0, 0.0, 1.0, 0.0], [0.0, 0.0, 0.0, 1.0]], "pose_inverse": [[-0.8940949440002441, 0.44787752628326416, 0.0, -23.037992477416992], [-0.44787752628326416, -0.8940949440002441, 0.0, 736.3309326171875], [0.0, 0.0, 1.0, 0.0], [0.0, 0.0, 0.0, 1.0]], "cam_ids": [0, 1, 2, 3, 4, 5], "cam_channels": ["CAM_FRONT_LEFT", "CAM_FRONT", "CAM_FRONT_RIGHT", "CAM_BACK_LEFT", "CAM_BACK", "CAM_BACK_RIGHT"], "token": "4611c578a7d0485da7a0499db2e48cf5", "scene": "scene-0760"}, {"images": ["samples/CAM_FRONT_LEFT/n008-2018-08-30-15-16-55-0400__CAM_FRONT_LEFT__1535657171254799.jpg", "samples/CAM_FRONT/n008-2018-08-30-15-16-55-0400__CAM_FRONT__1535657171262404.jpg", "samples/CAM_FRONT_RIGHT/n008-2018-08-30-15-16-55-0400__CAM_FRONT_RIGHT__1535657171270482.jpg", "samples/CAM_BACK_LEFT/n008-2018-08-30-15-16-55-0400__CAM_BACK_LEFT__1535657171297405.jpg", "samples/CAM_BACK/n008-2018-08-30-15-16-55-0400__CAM_BACK__1535657171287558.jpg", "samples/CAM_BACK_RIGHT/n008-2018-08-30-15-16-55-0400__CAM_BACK_RIGHT__1535657171278113.jpg"], "intrinsics": [[[1257.8625342125129, 0.0, 827.2410631095686], [0.0, 1257.8625342125129, 450.915498205774], [0.0, 0.0, 1.0]], [[1252.8131021185304, 0.0, 826.588114781398], [0.0, 1252.8131021185304, 469.9846626224581], [0.0, 0.0, 1.0]], [[1256.7485116440405, 0.0, 817.7887570959712], [0.0, 1256.7485116440403, 451.9541780095127], [0.0, 0.0, 1.0]], [[1254.9860565800168, 0.0, 829.5769333630991], [0.0, 1254.9860565800168, 467.1680561863987], [0.0, 0.0, 1.0]], [[796.8910634503094, 0.0, 857.7774326863696], [0.0, 796.8910634503094, 476.8848988407415], [0.0, 0.0, 1.0]], [[1249.9629280788233, 0.0, 825.3768045375984], [0.0, 1249.9629280788233, 462.54816385708756], [0.0, 0.0, 1.0]]], "extrinsics": [[[0.8217769265174866, -0.5673626661300659, -0.05274730920791626, -1.0050048828125], [-0.026105733588337898, 0.05498496815562248, -0.9981458187103271, 1.4882926940917969], [0.569210946559906, 0.8216302394866943, 0.030373962596058846, -1.33331298828125], [0.0, 0.0, 0.0, 1.0]], [[0.009507842361927032, -0.998647153377533, -0.051122602075338364, 0.00543212890625], [-0.024139178916811943, 0.0508807934820652, -0.9984129667282104, 1.4801597595214844], [0.9996634125709534, 0.010726836510002613, -0.023622756823897362, -1.7347078323364258], [0.0, 0.0, 0.0, 1.0]], [[-0.8442314267158508, -0.5359025001525879, -0.009035909548401833, 1.09063720703125], [-0.01610155589878559, 0.04220939427614212, -0.9989790320396423, 1.4930686950683594], [0.5357367992401123, -0.8432241082191467, -0.04426337033510208, -1.27740478515625], [0.0, 0.0, 0.0, 1.0]], [[0.9474032521247864, 0.3193507194519043, -0.02102886512875557, -1.1439666748046875], [-0.041459664702415466, 0.057312656193971634, -0.9974950551986694, 1.562042236328125], [-0.3173454999923706, 0.9459018111228943, 0.06753836572170258, -0.156005859375], [0.0, 0.0, 0.0, 1.0]], [[0.009911921806633472, 0.9987274408340454, 0.04944920539855957, -0.02880859375], [-0.03934185579419136, 0.04980284348130226, -0.9979839324951172, 1.5680618286132812], [-0.9991766810417175, 0.007946486584842205, 0.03978543356060982, 0.04434776306152344], [0.0, 0.0, 0.0, 1.0]], [[-0.92318195104599, 0.3819667398929596, 0.042854320257902145, 1.160614013671875], [-0.03515158221125603, 0.027124745771288872, -0.9990138411521912, 1.5478096008300781], [-0.3827524185180664, -0.9237778186798096, -0.011614340357482433, -0.043701171875], [0.0, 0.0, 0.0, 1.0]]], "view": [[0.0, -2.0, 100.0], [-2.0, 0.0, 100.0], [0.0, 0.0, 1.0]], "bev": "bev_0a1b4e0aa3824b0a96bafae7105c58cc.png", "aux": "aux_0a1b4e0aa3824b0a96bafae7105c58cc.npz", "visibility": "visibility_0a1b4e0aa3824b0a96bafae7105c58cc.png", "pose": [[-0.894092321395874, -0.44788265228271484, 0.0, 309.18798828125], [0.44788265228271484, -0.894092321395874, 0.0, 668.66796875], [0.0, 0.0, 1.0, 0.0], [0.0, 0.0, 0.0, 1.0]], "pose_inverse": [[-0.894092321395874, 0.44788265228271484, 0.0, -23.042179107666016], [-0.44788265228271484, -0.894092321395874, 0.0, 736.3308715820312], [0.0, 0.0, 1.0, 0.0], [0.0, 0.0, 0.0, 1.0]], "cam_ids": [0, 1, 2, 3, 4, 5], "cam_channels": ["CAM_FRONT_LEFT", "CAM_FRONT", "CAM_FRONT_RIGHT", "CAM_BACK_LEFT", "CAM_BACK", "CAM_BACK_RIGHT"], "token": "0a1b4e0aa3824b0a96bafae7105c58cc", "scene": "scene-0760"}, {"images": ["samples/CAM_FRONT_LEFT/n008-2018-08-30-15-16-55-0400__CAM_FRONT_LEFT__1535657171754799.jpg", "samples/CAM_FRONT/n008-2018-08-30-15-16-55-0400__CAM_FRONT__1535657171762404.jpg", "samples/CAM_FRONT_RIGHT/n008-2018-08-30-15-16-55-0400__CAM_FRONT_RIGHT__1535657171770482.jpg", "samples/CAM_BACK_LEFT/n008-2018-08-30-15-16-55-0400__CAM_BACK_LEFT__1535657171797405.jpg", "samples/CAM_BACK/n008-2018-08-30-15-16-55-0400__CAM_BACK__1535657171787558.jpg", "samples/CAM_BACK_RIGHT/n008-2018-08-30-15-16-55-0400__CAM_BACK_RIGHT__1535657171778113.jpg"], "intrinsics": [[[1257.8625342125129, 0.0, 827.2410631095686], [0.0, 1257.8625342125129, 450.915498205774], [0.0, 0.0, 1.0]], [[1252.8131021185304, 0.0, 826.588114781398], [0.0, 1252.8131021185304, 469.9846626224581], [0.0, 0.0, 1.0]], [[1256.7485116440405, 0.0, 817.7887570959712], [0.0, 1256.7485116440403, 451.9541780095127], [0.0, 0.0, 1.0]], [[1254.9860565800168, 0.0, 829.5769333630991], [0.0, 1254.9860565800168, 467.1680561863987], [0.0, 0.0, 1.0]], [[796.8910634503094, 0.0, 857.7774326863696], [0.0, 796.8910634503094, 476.8848988407415], [0.0, 0.0, 1.0]], [[1249.9629280788233, 0.0, 825.3768045375984], [0.0, 1249.9629280788233, 462.54816385708756], [0.0, 0.0, 1.0]]], "extrinsics": [[[0.8217941522598267, -0.5673351287841797, -0.05277633294463158, -1.005126953125], [-0.026116304099559784, 0.055022381246089935, -0.9981434941291809, 1.4883003234863281], [0.569185733795166, 0.8216467499732971, 0.030400367453694344, -1.333251953125], [0.0, 0.0, 0.0, 1.0]], [[0.009528436698019505, -0.9986454248428345, -0.051151618361473083, 0.00537109375], [-0.024169448763132095, 0.05090899392962456, -0.9984107613563538, 1.48016357421875], [0.999662458896637, 0.010749614797532558, -0.023651622235774994, -1.7347211837768555], [0.0, 0.0, 0.0, 1.0]], [[-0.8442249298095703, -0.535913348197937, -0.009010693058371544, 1.09063720703125], [-0.016146637499332428, 0.04223233461380005, -0.9989773035049438, 1.493072509765625], [0.5357458591461182, -0.8432161211967468, -0.044306788593530655, -1.277587890625], [0.0, 0.0, 0.0, 1.0]], [[0.9474027156829834, 0.31935206055641174, -0.021035678684711456, -1.143890380859375], [-0.04148390516638756, 0.05736319720745087, -0.997491180896759, 1.562042236328125], [-0.31734421849250793, 0.9458984136581421, 0.067594014108181, -0.156005859375], [0.0, 0.0, 0.0, 1.0]], [[0.009911342523992062, 0.998725414276123, 0.049491479992866516, -0.02886962890625], [-0.039365921169519424, 0.04984525218605995, -0.9979808330535889, 1.5680618286132812], [-0.9991757273674011, 0.007943068630993366, 0.039809782058000565, 0.044307708740234375], [0.0, 0.0, 0.0, 1.0]], [[-0.9231817722320557, 0.38196173310279846, 0.042901452630758286, 1.16064453125], [-0.035190753638744354, 0.02715347707271576, -0.9990116357803345, 1.547811508178711], [-0.382749080657959, -0.9237792491912842, -0.011626078747212887, -0.043701171875], [0.0, 0.0, 0.0, 1.0]]], "view": [[0.0, -2.0, 100.0], [-2.0, 0.0, 100.0], [0.0, 0.0, 1.0]], "bev": "bev_9d1f25685d1744048c8108fd2b337ced.png", "aux": "aux_9d1f25685d1744048c8108fd2b337ced.npz", "visibility": "visibility_9d1f25685d1744048c8108fd2b337ced.png", "pose": [[-0.8940575122833252, -0.4479522407054901, 0.0, 309.18798828125], [0.4479522407054901, -0.8940575122833252, 0.0, 668.6679077148438], [0.0, 0.0, 1.0, 0.0], [0.0, 0.0, 0.0, 1.0]], "pose_inverse": [[-0.8940575122833252, 0.4479522407054901, 0.0, -23.099445343017578], [-0.4479522407054901, -0.8940575122833252, 0.0, 736.3289794921875], [0.0, 0.0, 1.0, 0.0], [0.0, 0.0, 0.0, 1.0]], "cam_ids": [0, 1, 2, 3, 4, 5], "cam_channels": ["CAM_FRONT_LEFT", "CAM_FRONT", "CAM_FRONT_RIGHT", "CAM_BACK_LEFT", "CAM_BACK", "CAM_BACK_RIGHT"], "token": "9d1f25685d1744048c8108fd2b337ced", "scene": "scene-0760"}, {"images": ["samples/CAM_FRONT_LEFT/n008-2018-08-30-15-16-55-0400__CAM_FRONT_LEFT__1535657172254799.jpg", "samples/CAM_FRONT/n008-2018-08-30-15-16-55-0400__CAM_FRONT__1535657172262404.jpg", "samples/CAM_FRONT_RIGHT/n008-2018-08-30-15-16-55-0400__CAM_FRONT_RIGHT__1535657172270482.jpg", "samples/CAM_BACK_LEFT/n008-2018-08-30-15-16-55-0400__CAM_BACK_LEFT__1535657172297405.jpg", "samples/CAM_BACK/n008-2018-08-30-15-16-55-0400__CAM_BACK__1535657172287562.jpg", "samples/CAM_BACK_RIGHT/n008-2018-08-30-15-16-55-0400__CAM_BACK_RIGHT__1535657172278113.jpg"], "intrinsics": [[[1257.8625342125129, 0.0, 827.2410631095686], [0.0, 1257.8625342125129, 450.915498205774], [0.0, 0.0, 1.0]], [[1252.8131021185304, 0.0, 826.588114781398], [0.0, 1252.8131021185304, 469.9846626224581], [0.0, 0.0, 1.0]], [[1256.7485116440405, 0.0, 817.7887570959712], [0.0, 1256.7485116440403, 451.9541780095127], [0.0, 0.0, 1.0]], [[1254.9860565800168, 0.0, 829.5769333630991], [0.0, 1254.9860565800168, 467.1680561863987], [0.0, 0.0, 1.0]], [[796.8910634503094, 0.0, 857.7774326863696], [0.0, 796.8910634503094, 476.8848988407415], [0.0, 0.0, 1.0]], [[1249.9629280788233, 0.0, 825.3768045375984], [0.0, 1249.9629280788233, 462.54816385708756], [0.0, 0.0, 1.0]]], "extrinsics": [[[0.821780800819397, -0.567362368106842, -0.052689604461193085, -1.00506591796875], [-0.025987641885876656, 0.055054277181625366, -0.9981451034545898, 1.4882965087890625], [0.5692107677459717, 0.8216257691383362, 0.030498137697577477, -1.333251953125], [0.0, 0.0, 0.0, 1.0]], [[0.009502244181931019, -0.9986441135406494, -0.051181960850954056, 0.00543212890625], [-0.024041717872023582, 0.05094131827354431, -0.9984122514724731, 1.48016357421875], [0.9996657967567444, 0.010717667639255524, -0.023525064811110497, -1.7347173690795898], [0.0, 0.0, 0.0, 1.0]], [[-0.844239354133606, -0.5358885526657104, -0.009127167984843254, 1.09063720703125], [-0.01602288894355297, 0.042256910353899, -0.998978316783905, 1.4930686950683594], [0.5357266664505005, -0.8432306051254272, -0.04426143318414688, -1.27752685546875], [0.0, 0.0, 0.0, 1.0]], [[0.9474071264266968, 0.3193454444408417, -0.020932979881763458, -1.1438751220703125], [-0.041386209428310394, 0.05739578977227211, -0.997493326663971, 1.562042236328125], [-0.31734350323677063, 0.9458985924720764, 0.06759368628263474, -0.15606689453125], [0.0, 0.0, 0.0, 1.0]], [[0.009924231097102165, 0.9987230896949768, 0.04953412711620331, -0.02880859375], [-0.0392688512802124, 0.049887605011463165, -0.9979825019836426, 1.5680580139160156], [-0.9991794228553772, 0.00795904453843832, 0.03971380367875099, 0.044315338134765625], [0.0, 0.0, 0.0, 1.0]], [[-0.9231768250465393, 0.3819843828678131, 0.04280703142285347, 1.16070556640625], [-0.03507234528660774, 0.027191903442144394, -0.9990147948265076, 1.547811508178711], [-0.3827720284461975, -0.9237686395645142, -0.011705848388373852, -0.043701171875], [0.0, 0.0, 0.0, 1.0]]], "view": [[0.0, -2.0, 100.0], [-2.0, 0.0, 100.0], [0.0, 0.0, 1.0]], "bev": "bev_6a972fa6eb2c4f4ebde544a831a94145.png", "aux": "aux_6a972fa6eb2c4f4ebde544a831a94145.npz", "visibility": "visibility_6a972fa6eb2c4f4ebde544a831a94145.png", "pose": [[-0.8940718770027161, -0.4479235112667084, 0.0, 309.1880187988281], [0.4479235112667084, -0.8940718770027161, 0.0, 668.6679077148438], [0.0, 0.0, 1.0, 0.0], [0.0, 0.0, 0.0, 1.0]], "pose_inverse": [[-0.8940718770027161, 0.4479235112667084, 0.0, -23.075769424438477], [-0.4479235112667084, -0.8940718770027161, 0.0, 736.3297729492188], [0.0, 0.0, 1.0, 0.0], [0.0, 0.0, 0.0, 1.0]], "cam_ids": [0, 1, 2, 3, 4, 5], "cam_channels": ["CAM_FRONT_LEFT", "CAM_FRONT", "CAM_FRONT_RIGHT", "CAM_BACK_LEFT", "CAM_BACK", "CAM_BACK_RIGHT"], "token": "6a972fa6eb2c4f4ebde544a831a94145", "scene": "scene-0760"}, {"images": ["samples/CAM_FRONT_LEFT/n008-2018-08-30-15-16-55-0400__CAM_FRONT_LEFT__1535657172754799.jpg", "samples/CAM_FRONT/n008-2018-08-30-15-16-55-0400__CAM_FRONT__1535657172762404.jpg", "samples/CAM_FRONT_RIGHT/n008-2018-08-30-15-16-55-0400__CAM_FRONT_RIGHT__1535657172770482.jpg", "samples/CAM_BACK_LEFT/n008-2018-08-30-15-16-55-0400__CAM_BACK_LEFT__1535657172797405.jpg", "samples/CAM_BACK/n008-2018-08-30-15-16-55-0400__CAM_BACK__1535657172787558.jpg", "samples/CAM_BACK_RIGHT/n008-2018-08-30-15-16-55-0400__CAM_BACK_RIGHT__1535657172778113.jpg"], "intrinsics": [[[1257.8625342125129, 0.0, 827.2410631095686], [0.0, 1257.8625342125129, 450.915498205774], [0.0, 0.0, 1.0]], [[1252.8131021185304, 0.0, 826.588114781398], [0.0, 1252.8131021185304, 469.9846626224581], [0.0, 0.0, 1.0]], [[1256.7485116440405, 0.0, 817.7887570959712], [0.0, 1256.7485116440403, 451.9541780095127], [0.0, 0.0, 1.0]], [[1254.9860565800168, 0.0, 829.5769333630991], [0.0, 1254.9860565800168, 467.1680561863987], [0.0, 0.0, 1.0]], [[796.8910634503094, 0.0, 857.7774326863696], [0.0, 796.8910634503094, 476.8848988407415], [0.0, 0.0, 1.0]], [[1249.9629280788233, 0.0, 825.3768045375984], [0.0, 1249.9629280788233, 462.54816385708756], [0.0, 0.0, 1.0]]], "extrinsics": [[[0.8218022584915161, -0.5673394203186035, -0.05260291323065758, -1.005035400390625], [-0.025911370292305946, 0.05501387640833855, -0.9981493353843689, 1.4882926940917969], [0.569183349609375, 0.8216443657875061, 0.030509982258081436, -1.33331298828125], [0.0, 0.0, 0.0, 1.0]], [[0.009534954093396664, -0.9986460208892822, -0.051138829439878464, 0.00543212890625], [-0.0239607822149992, 0.050898294895887375, -0.9984163641929626, 1.48016357421875], [0.9996674656867981, 0.010745201259851456, -0.02344302274286747, -1.7346992492675781], [0.0, 0.0, 0.0, 1.0]], [[-0.8442251682281494, -0.5359103083610535, -0.009161402471363544, 1.090606689453125], [-0.015954766422510147, 0.04221132770180702, -0.9989812970161438, 1.4930706024169922], [0.5357511043548584, -0.8432190418243408, -0.04418618977069855, -1.277587890625], [0.0, 0.0, 0.0, 1.0]], [[0.9474080204963684, 0.31934621930122375, -0.02088288590312004, -1.143890380859375], [-0.04132287949323654, 0.05736405402421951, -0.9974977374076843, 1.562042236328125], [-0.31734922528266907, 0.9459003210067749, 0.06754346936941147, -0.1561279296875], [0.0, 0.0, 0.0, 1.0]], [[0.009908599779009819, 0.9987255334854126, 0.04949035868048668, -0.0289306640625], [-0.03920644894242287, 0.04984275624155998, -0.9979872703552246, 1.5680618286132812], [-0.9991820454597473, 0.007948338985443115, 0.03965035453438759, 0.04430198669433594], [0.0, 0.0, 0.0, 1.0]], [[-0.9231880903244019, 0.38196584582328796, 0.042729903012514114, 1.16070556640625], [-0.03500659018754959, 0.02714977227151394, -0.9990182518959045, 1.5478096008300781], [-0.382750928401947, -0.9237775206565857, -0.011693025939166546, -0.043701171875], [0.0, 0.0, 0.0, 1.0]]], "view": [[0.0, -2.0, 100.0], [-2.0, 0.0, 100.0], [0.0, 0.0, 1.0]], "bev": "bev_58c81d0998044d979f33af086cf49630.png", "aux": "aux_58c81d0998044d979f33af086cf49630.npz", "visibility": "visibility_58c81d0998044d979f33af086cf49630.png", "pose": [[-0.8940958976745605, -0.44787561893463135, 0.0, 309.1879577636719], [0.44787561893463135, -0.8940958976745605, 0.0, 668.66796875], [0.0, 0.0, 1.0, 0.0], [0.0, 0.0, 0.0, 1.0]], "pose_inverse": [[-0.8940958976745605, 0.44787561893463135, 0.0, -23.03641128540039], [-0.44787561893463135, -0.8940958976745605, 0.0, 736.3309936523438], [0.0, 0.0, 1.0, 0.0], [0.0, 0.0, 0.0, 1.0]], "cam_ids": [0, 1, 2, 3, 4, 5], "cam_channels": ["CAM_FRONT_LEFT", "CAM_FRONT", "CAM_FRONT_RIGHT", "CAM_BACK_LEFT", "CAM_BACK", "CAM_BACK_RIGHT"], "token": "58c81d0998044d979f33af086cf49630", "scene": "scene-0760"}, {"images": ["samples/CAM_FRONT_LEFT/n008-2018-08-30-15-16-55-0400__CAM_FRONT_LEFT__1535657173254799.jpg", "samples/CAM_FRONT/n008-2018-08-30-15-16-55-0400__CAM_FRONT__1535657173262404.jpg", "samples/CAM_FRONT_RIGHT/n008-2018-08-30-15-16-55-0400__CAM_FRONT_RIGHT__1535657173270482.jpg", "samples/CAM_BACK_LEFT/n008-2018-08-30-15-16-55-0400__CAM_BACK_LEFT__1535657173297405.jpg", "samples/CAM_BACK/n008-2018-08-30-15-16-55-0400__CAM_BACK__1535657173287558.jpg", "samples/CAM_BACK_RIGHT/n008-2018-08-30-15-16-55-0400__CAM_BACK_RIGHT__1535657173278113.jpg"], "intrinsics": [[[1257.8625342125129, 0.0, 827.2410631095686], [0.0, 1257.8625342125129, 450.915498205774], [0.0, 0.0, 1.0]], [[1252.8131021185304, 0.0, 826.588114781398], [0.0, 1252.8131021185304, 469.9846626224581], [0.0, 0.0, 1.0]], [[1256.7485116440405, 0.0, 817.7887570959712], [0.0, 1256.7485116440403, 451.9541780095127], [0.0, 0.0, 1.0]], [[1254.9860565800168, 0.0, 829.5769333630991], [0.0, 1254.9860565800168, 467.1680561863987], [0.0, 0.0, 1.0]], [[796.8910634503094, 0.0, 857.7774326863696], [0.0, 796.8910634503094, 476.8848988407415], [0.0, 0.0, 1.0]], [[1249.9629280788233, 0.0, 825.3768045375984], [0.0, 1249.9629280788233, 462.54816385708756], [0.0, 0.0, 1.0]]], "extrinsics": [[[0.8217766880989075, -0.5673778057098389, -0.05258854478597641, -1.005035400390625], [-0.025816893205046654, 0.05512254685163498, -0.9981457591056824, 1.4882926940917969], [0.5692246556282043, 0.8216105699539185, 0.030650490894913673, -1.3333740234375], [0.0, 0.0, 0.0, 1.0]], [[0.00949464924633503, -0.9986405372619629, -0.051253609359264374, 0.00537109375], [-0.023847850039601326, 0.051015205681324005, -0.9984130859375, 1.48016357421875], [0.9996705055236816, 0.010701797902584076, -0.023331059142947197, -1.7346525192260742], [0.0, 0.0, 0.0, 1.0]], [[-0.844243586063385, -0.5358784198760986, -0.009328740648925304, 1.090667724609375], [-0.015828073024749756, 0.04232669621706009, -0.9989784359931946, 1.493072509765625], [0.5357258319854736, -0.843233585357666, -0.04421596601605415, -1.2774658203125], [0.0, 0.0, 0.0, 1.0]], [[0.9474153518676758, 0.3193367123603821, -0.02069826051592827, -1.1439361572265625], [-0.04115498438477516, 0.05744516849517822, -0.9975000023841858, 1.562042236328125], [-0.31734931468963623, 0.9458985328674316, 0.06756672263145447, -0.156005859375], [0.0, 0.0, 0.0, 1.0]], [[0.009920569136738777, 0.9987203478813171, 0.04959109053015709, -0.02886962890625], [-0.03904879465699196, 0.049942631274461746, 