[{"images": ["samples/CAM_FRONT_LEFT/n008-2018-09-18-12-07-26-0400__CAM_FRONT_LEFT__1537287160504799.jpg", "samples/CAM_FRONT/n008-2018-09-18-12-07-26-0400__CAM_FRONT__1537287160512404.jpg", "samples/CAM_FRONT_RIGHT/n008-2018-09-18-12-07-26-0400__CAM_FRONT_RIGHT__1537287160520482.jpg", "samples/CAM_BACK_LEFT/n008-2018-09-18-12-07-26-0400__CAM_BACK_LEFT__1537287160547405.jpg", "samples/CAM_BACK/n008-2018-09-18-12-07-26-0400__CAM_BACK__1537287160537604.jpg", "samples/CAM_BACK_RIGHT/n008-2018-09-18-12-07-26-0400__CAM_BACK_RIGHT__1537287160528113.jpg"], "intrinsics": [[[1257.8625342125129, 0.0, 827.2410631095686], [0.0, 1257.8625342125129, 450.915498205774], [0.0, 0.0, 1.0]], [[1252.8131021185304, 0.0, 826.588114781398], [0.0, 1252.8131021185304, 469.9846626224581], [0.0, 0.0, 1.0]], [[1256.7485116440405, 0.0, 817.7887570959712], [0.0, 1256.7485116440403, 451.9541780095127], [0.0, 0.0, 1.0]], [[1254.9860565800168, 0.0, 829.5769333630991], [0.0, 1254.9860565800168, 467.1680561863987], [0.0, 0.0, 1.0]], [[796.8910634503094, 0.0, 857.7774326863696], [0.0, 796.8910634503094, 476.8848988407415], [0.0, 0.0, 1.0]], [[1249.9629280788233, 0.0, 825.3768045375984], [0.0, 1249.9629280788233, 462.54816385708756], [0.0, 0.0, 1.0]]], "extrinsics": [[[0.8251977562904358, -0.5648185014724731, -0.0053678578697144985, -0.7359619140625], [0.010488061234354973, 0.024823253974318504, -0.9996368288993835, 1.4916925430297852], [0.564746618270874, 0.8248416781425476, 0.026407940313220024, -1.15008544921875], [0.0, 0.0, 0.0, 1.0]], [[0.014127539470791817, -0.9996935129165649, -0.02033010683953762, 0.0096435546875], [0.012685895897448063, 0.02050970122218132, -0.9997091889381409, 1.4836111068725586], [0.9998197555541992, 0.013865447603166103, 0.012971756979823112, -1.4625244140625], [0.0, 0.0, 0.0, 1.0]], [[-0.8422427177429199, -0.5385672450065613, -0.023926621302962303, 0.9095458984375], [0.020968018099665642, 0.01162265706807375, -0.9997125864028931, 1.4975776672363281], [0.5386905670166016, -0.8425023555755615, 0.001503589446656406, -1.1614990234375], [0.0, 0.0, 0.0, 1.0]], [[0.9477526545524597, 0.3189690113067627, 0.004871087614446878, -1.12109375], [-0.0035808205138891935, 0.025905819609761238, -0.999657928943634, 1.5619544982910156], [-0.31898611783981323, 0.947411060333252, 0.025694478303194046, -0.1639404296875], [0.0, 0.0, 0.0, 1.0]], [[0.007718420587480068, 0.9997954368591309, 0.018693992868065834, -0.02862548828125], [-0.001853698049671948, 0.01870882324874401, -0.9998232126235962, 1.5678787231445312], [-0.9999685287475586, 0.00768232112750411, 0.001997720217332244, -0.0491943359375], [0.0, 0.0, 0.0, 1.0]], [[-0.924629271030426, 0.38085317611694336, -0.0033780403900891542, 1.0113525390625], [0.0021245230454951525, -0.003711701137945056, -0.9999908208847046, 1.5481557846069336], [-0.3808622658252716, -0.9246281385421753, 0.0026228162460029125, -0.1047210693359375], [0.0, 0.0, 0.0, 1.0]]], "view": [[0.0, -2.0, 100.0], [-2.0, 0.0, 100.0], [0.0, 0.0, 1.0]], "bev": "bev_8a6294e9e9f34948b59b6ddfd03a908d.png", "aux": "aux_8a6294e9e9f34948b59b6ddfd03a908d.npz", "visibility": "visibility_8a6294e9e9f34948b59b6ddfd03a908d.png", "pose": [[-0.5261934995651245, 0.8503648638725281, 0.0, 1722.49755859375], [-0.8503648638725281, -0.5261934995651245, 0.0, 1023.2708129882812], [0.0, 0.0, 1.0, 0.0], [0.0, 0.0, 0.0, 1.0]], "pose_inverse": [[-0.5261934995651245, -0.8503648638725281, 0.0, 1776.5206298828125], [0.8503648638725281, -0.5261934995651245, 0.0, -926.3129272460938], [0.0, 0.0, 1.0, 0.0], [0.0, 0.0, 0.0, 1.0]], "cam_ids": [0, 1, 2, 3, 4, 5], "cam_channels": ["CAM_FRONT_LEFT", "CAM_FRONT", "CAM_FRONT_RIGHT", "CAM_BACK_LEFT", "CAM_BACK", "CAM_BACK_RIGHT"], "token": "8a6294e9e9f34948b59b6ddfd03a908d", "scene": "scene-0449"}, {"images": ["samples/CAM_FRONT_LEFT/n008-2018-09-18-12-07-26-0400__CAM_FRONT_LEFT__1537287160904799.jpg", "samples/CAM_FRONT/n008-2018-09-18-12-07-26-0400__CAM_FRONT__1537287160912404.jpg", "samples/CAM_FRONT_RIGHT/n008-2018-09-18-12-07-26-0400__CAM_FRONT_RIGHT__1537287160920482.jpg", "samples/CAM_BACK_LEFT/n008-2018-09-18-12-07-26-0400__CAM_BACK_LEFT__1537287160947405.jpg", "samples/CAM_BACK/n008-2018-09-18-12-07-26-0400__CAM_BACK__1537287160937558.jpg", "samples/CAM_BACK_RIGHT/n008-2018-09-18-12-07-26-0400__CAM_BACK_RIGHT__1537287160928113.jpg"], "intrinsics": [[[1257.8625342125129, 0.0, 827.2410631095686], [0.0, 1257.8625342125129, 450.915498205774], [0.0, 0.0, 1.0]], [[1252.8131021185304, 0.0, 826.588114781398], [0.0, 1252.8131021185304, 469.9846626224581], [0.0, 0.0, 1.0]], [[1256.7485116440405, 0.0, 817.7887570959712], [0.0, 1256.7485116440403, 451.9541780095127], [0.0, 0.0, 1.0]], [[1254.9860565800168, 0.0, 829.5769333630991], [0.0, 1254.9860565800168, 467.1680561863987], [0.0, 0.0, 1.0]], [[796.8910634503094, 0.0, 857.7774326863696], [0.0, 796.8910634503094, 476.8848988407415], [0.0, 0.0, 1.0]], [[1249.9629280788233, 0.0, 825.3768045375984], [0.0, 1249.9629280788233, 462.54816385708756], [0.0, 0.0, 1.0]]], "extrinsics": [[[0.8235058188438416, -0.5673064589500427, 0.0012535705463960767, -0.747802734375], [0.014083079062402248, 0.018233992159366608, -0.9997345209121704, 1.4927330017089844], [0.5671330094337463, 0.8233048915863037, 0.02300521731376648, -1.15447998046875], [0.0, 0.0, 0.0, 1.0]], [[0.011689897626638412, -0.9998352527618408, -0.01389085128903389, 0.007080078125], [0.015950139611959457, 0.014076483435928822, -0.9997736811637878, 1.4843502044677734], [0.9998044371604919, 0.011465692892670631, 0.016112063080072403, -1.4735107421875], [0.0, 0.0, 0.0, 1.0]], [[-0.8432731628417969, -0.5369924902915955, -0.02301342412829399, 0.916259765625], [0.02387862280011177, 0.00534520298242569, -0.9997006058692932, 1.4979972839355469], [0.5369547009468079, -0.8435701131820679, 0.008315174840390682, -1.1680908203125], [0.0, 0.0, 0.0, 1.0]], [[0.9478938579559326, 0.31855177879333496, 0.004699268843978643, -1.1243896484375], [-0.0018124842317774892, 0.020142246037721634, -0.9997954368591309, 1.5620079040527344], [-0.31858140230178833, 0.9476914405822754, 0.01967007853090763, -0.1627197265625], [0.0, 0.0, 0.0, 1.0]], [[0.008743979036808014, 0.9998798966407776, 0.012801116332411766, -0.02752685546875], [0.00046123878564685583, 0.01279757171869278, -0.9999179840087891, 1.5681095123291016], [-0.9999617338180542, 0.008749174885451794, -0.00034928234526887536, -0.0443115234375], [0.0, 0.0, 0.0, 1.0]], [[-0.9239973425865173, 0.3823119103908539, -0.008153180591762066, 1.018798828125], [0.004769975319504738, -0.009796327911317348, -0.9999406337738037, 1.5485343933105469], [-0.3823690712451935, -0.9239814281463623, 0.007228162605315447, -0.10344696044921875], [0.0, 0.0, 0.0, 1.0]]], "view": [[0.0, -2.0, 100.0], [-2.0, 0.0, 100.0], [0.0, 0.0, 1.0]], "bev": "bev_67dc56ba3ba44d1e85ef83f7eda4c273.png", "aux": "aux_67dc56ba3ba44d1e85ef83f7eda4c273.npz", "visibility": "visibility_67dc56ba3ba44d1e85ef83f7eda4c273.png", "pose": [[-0.5534157752990723, 0.8329051733016968, 0.0, 1720.9908447265625], [-0.8329051733016968, -0.5534157752990723, 0.0, 1020.9273681640625], [0.0, 0.0, 1.0, 0.0], [0.0, 0.0, 0.0, 1.0]], "pose_inverse": [[-0.5534157752990723, -0.8329051733016968, 0.0, 1802.7591552734375], [0.8329051733016968, -0.5534157752990723, 0.0, -868.4248657226562], [0.0, 0.0, 1.0, 0.0], [0.0, 0.0, 0.0, 1.0]], "cam_ids": [0, 1, 2, 3, 4, 5], "cam_channels": ["CAM_FRONT_LEFT", "CAM_FRONT", "CAM_FRONT_RIGHT", "CAM_BACK_LEFT", "CAM_BACK", "CAM_BACK_RIGHT"], "token": "67dc56ba3ba44d1e85ef83f7eda4c273", "scene": "scene-0449"}, {"images": ["samples/CAM_FRONT_LEFT/n008-2018-09-18-12-07-26-0400__CAM_FRONT_LEFT__1537287161404799.jpg", "samples/CAM_FRONT/n008-2018-09-18-12-07-26-0400__CAM_FRONT__1537287161412404.jpg", "samples/CAM_FRONT_RIGHT/n008-2018-09-18-12-07-26-0400__CAM_FRONT_RIGHT__1537287161420486.jpg", "samples/CAM_BACK_LEFT/n008-2018-09-18-12-07-26-0400__CAM_BACK_LEFT__1537287161447405.jpg", "samples/CAM_BACK/n008-2018-09-18-12-07-26-0400__CAM_BACK__1537287161437558.jpg", "samples/CAM_BACK_RIGHT/n008-2018-09-18-12-07-26-0400__CAM_BACK_RIGHT__1537287161428113.jpg"], "intrinsics": [[[1257.8625342125129, 0.0, 827.2410631095686], [0.0, 1257.8625342125129, 450.915498205774], [0.0, 0.0, 1.0]], [[1252.8131021185304, 0.0, 826.588114781398], [0.0, 1252.8131021185304, 469.9846626224581], [0.0, 0.0, 1.0]], [[1256.7485116440405, 0.0, 817.7887570959712], [0.0, 1256.7485116440403, 451.9541780095127], [0.0, 0.0, 1.0]], [[1254.9860565800168, 0.0, 829.5769333630991], [0.0, 1254.9860565800168, 467.1680561863987], [0.0, 0.0, 1.0]], [[796.8910634503094, 0.0, 857.7774326863696], [0.0, 796.8910634503094, 476.8848988407415], [0.0, 0.0, 1.0]], [[1249.9629280788233, 0.0, 825.3768045375984], [0.0, 1249.9629280788233, 462.54816385708756], [0.0, 0.0, 1.0]]], "extrinsics": [[[0.8223002552986145, -0.5690479874610901, -0.0025841689202934504, -0.7291259765625], [0.00925440900027752, 0.0179133340716362, -0.9997966885566711, 1.491414189338684], [0.5689785480499268, 0.8221091628074646, 0.019996343180537224, -1.141571044921875], [0.0, 0.0, 0.0, 1.0]], [[0.009916129522025585, -0.9998559355735779, -0.013780266977846622, 0.00750732421875], [0.010765181854367256, 0.01388689037412405, -0.9998456239700317, 1.4831938743591309], [0.9998928904533386, 0.009766303934156895, 0.010901334695518017, -1.4542236328125], [0.0, 0.0, 0.0, 1.0]], [[-0.8441065549850464, -0.5358632206916809, -0.018295664340257645, 0.903076171875], [0.01831420324742794, 0.005287170875817537, -0.9998183250427246, 1.4971389770507812], [0.5358625650405884, -0.8442882299423218, 0.005350972060114145, -1.1590576171875], [0.0, 0.0, 0.0, 1.0]], [[0.9479002952575684, 0.3185596168041229, -0.002221002010628581, -1.1185302734375], [-0.009157668799161911, 0.020279107615351677, -0.999752402305603, 1.5618019104003906], [-0.3184356689453125, 0.9476858973503113, 0.022139834240078926, -0.1644287109375], [0.0, 0.0, 0.0, 1.0]], [[0.009350418113172054, 0.999873161315918, 0.01289633009582758, -0.027587890625], [-0.006162687204778194, 0.012954271398484707, -0.9998970627784729, 1.5674629211425781], [-0.9999373555183411, 0.009269935078918934, 0.006283033639192581, -0.0537109375], [0.0, 0.0, 0.0, 1.0]], [[-0.923647940158844, 0.38323312997817993, -0.0026171179488301277, 1.0072021484375], [-0.001192751806229353, -0.009703430347144604, -0.9999521970748901, 1.547609806060791], [-0.3832401633262634, -0.9236006736755371, 0.009419656358659267, -0.10787200927734375], [0.0, 0.0, 0.0, 1.0]]], "view": [[0.0, -2.0, 100.0], [-2.0, 0.0, 100.0], [0.0, 0.0, 1.0]], "bev": "bev_44b46394ca774a44b1f9d889a0def5fd.png", "aux": "aux_44b46394ca774a44b1f9d889a0def5fd.npz", "visibility": "visibility_44b46394ca774a44b1f9d889a0def5fd.png", "pose": [[-0.5611258745193481, 0.8277304768562317, 0.0, 1719.02294921875], [-0.8277304768562317, -0.5611258745193481, 0.0, 1018.0040283203125], [0.0, 0.0, 1.0, 0.0], [0.0, 0.0, 0.0, 1.0]], "pose_inverse": [[-0.5611258745193481, -0.8277304768562317, 0.0, 1807.22119140625], [0.8277304768562317, -0.5611258745193481, 0.0, -851.6593627929688], [0.0, 0.0, 1.0, 0.0], [0.0, 0.0, 0.0, 1.0]], "cam_ids": [0, 1, 2, 3, 4, 5], "cam_channels": ["CAM_FRONT_LEFT", "CAM_FRONT", "CAM_FRONT_RIGHT", "CAM_BACK_LEFT", "CAM_BACK", "CAM_BACK_RIGHT"], "token": "44b46394ca774a44b1f9d889a0def5fd", "scene": "scene-0449"}, {"images": ["samples/CAM_FRONT_LEFT/n008-2018-09-18-12-07-26-0400__CAM_FRONT_LEFT__1537287161904799.jpg", "samples/CAM_FRONT/n008-2018-09-18-12-07-26-0400__CAM_FRONT__1537287161912404.jpg", "samples/CAM_FRONT_RIGHT/n008-2018-09-18-12-07-26-0400__CAM_FRONT_RIGHT__1537287161920482.jpg", "samples/CAM_BACK_LEFT/n008-2018-09-18-12-07-26-0400__CAM_BACK_LEFT__1537287161947405.jpg", "samples/CAM_BACK/n008-2018-09-18-12-07-26-0400__CAM_BACK__1537287161937558.jpg", "samples/CAM_BACK_RIGHT/n008-2018-09-18-12-07-26-0400__CAM_BACK_RIGHT__1537287161928113.jpg"], "intrinsics": [[[1257.8625342125129, 0.0, 827.2410631095686], [0.0, 1257.8625342125129, 450.915498205774], [0.0, 0.0, 1.0]], [[1252.8131021185304, 0.0, 826.588114781398], [0.0, 1252.8131021185304, 469.9846626224581], [0.0, 0.0, 1.0]], [[1256.7485116440405, 0.0, 817.7887570959712], [0.0, 1256.7485116440403, 451.9541780095127], [0.0, 0.0, 1.0]], [[1254.9860565800168, 0.0, 829.5769333630991], [0.0, 1254.9860565800168, 467.1680561863987], [0.0, 0.0, 1.0]], [[796.8910634503094, 0.0, 857.7774326863696], [0.0, 796.8910634503094, 476.8848988407415], [0.0, 0.0, 1.0]], [[1249.9629280788233, 0.0, 825.3768045375984], [0.0, 1249.9629280788233, 462.54816385708756], [0.0, 0.0, 1.0]]], "extrinsics": [[[0.8225451707839966, -0.5683059692382812, 0.021160323172807693, -0.734619140625], [0.03312378749251366, 0.010730696842074394, -0.9993936419487, 1.4992294311523438], [0.5677343010902405, 0.8227474093437195, 0.027650928124785423, -1.145050048828125], [0.0, 0.0, 0.0, 1.0]], [[0.010746513493359089, -0.9999235272407532, -0.0061197588220238686, 0.00701904296875], [0.03501824662089348, 0.0064926957711577415, -0.9993656277656555, 1.4898338317871094], [0.9993288516998291, 0.010525280609726906, 0.035085342824459076, -1.458984375], [0.0, 0.0, 0.0, 1.0]], [[-0.8432176113128662, -0.5364307165145874, -0.03501836955547333, 0.9056396484375], [0.04297041893005371, -0.0023255201522260904, -0.9990736246109009, 1.5024795532226562], [0.535852313041687, -0.8439412117004395, 0.025011572986841202, -1.1611328125], [0.0, 0.0, 0.0, 1.0]], [[0.9477126002311707, 0.3185659646987915, 0.018882138654589653, -1.1168212890625], [0.01564018242061138, 0.012731748633086681, -0.9997966289520264, 1.562490463256836], [-0.3187415599822998, 0.9478152394294739, 0.007083609700202942, -0.1651611328125], [0.0, 0.0, 0.0, 1.0]], [[0.009010635316371918, 0.9999449849128723, 0.005373434629291296, -0.02764892578125], [0.018648792058229446, 0.005204676650464535, -0.9998124837875366, 1.5698909759521484], [-0.9997854232788086, 0.00910914596170187, -0.018600869923830032, -0.053955078125], [0.0, 0.0, 0.0, 1.0]], [[-0.9233705997467041, 0.3828490078449249, -0.028519364073872566, 1.0087890625], [0.023625032976269722, -0.017480475828051567, -0.9995680451393127, 1.5517005920410156], [-0.383182168006897, -0.923645555973053, 0.007096138782799244, -0.1075439453125], [0.0, 0.0, 0.0, 1.0]]], "view": [[0.0, -2.0, 100.0], [-2.0, 0.0, 100.0], [0.0, 0.0, 1.0]], "bev": "bev_e7e14cfd9b734e6da4c42991ff0f4c43.png", "aux": "aux_e7e14cfd9b734e6da4c42991ff0f4c43.npz", "visibility": "visibility_e7e14cfd9b734e6da4c42991ff0f4c43.png", "pose": [[-0.563359260559082, 0.8262120485305786, 0.0, 1717.0413818359375], [-0.8262120485305786, -0.563359260559082, 0.0, 1015.0741577148438], [0.0, 0.0, 1.0, 0.0], [0.0, 0.0, 0.0, 1.0]], "pose_inverse": [[-0.563359260559082, -0.8262120485305786, 0.0, 1805.9776611328125], [0.8262120485305786, -0.563359260559082, 0.0, -846.7888793945312], [0.0, 0.0, 1.0, 0.0], [0.0, 0.0, 0.0, 1.0]], "cam_ids": [0, 1, 2, 3, 4, 5], "cam_channels": ["CAM_FRONT_LEFT", "CAM_FRONT", "CAM_FRONT_RIGHT", "CAM_BACK_LEFT", "CAM_BACK", "CAM_BACK_RIGHT"], "token": "e7e14cfd9b734e6da4c42991ff0f4c43", "scene": "scene-0449"}, {"images": ["samples/CAM_FRONT_LEFT/n008-2018-09-18-12-07-26-0400__CAM_FRONT_LEFT__1537287162404799.jpg", "samples/CAM_FRONT/n008-2018-09-18-12-07-26-0400__CAM_FRONT__1537287162412404.jpg", "samples/CAM_FRONT_RIGHT/n008-2018-09-18-12-07-26-0400__CAM_FRONT_RIGHT__1537287162420482.jpg", "samples/CAM_BACK_LEFT/n008-2018-09-18-12-07-26-0400__CAM_BACK_LEFT__1537287162447405.jpg", "samples/CAM_BACK/n008-2018-09-18-12-07-26-0400__CAM_BACK__1537287162437558.jpg", "samples/CAM_BACK_RIGHT/n008-2018-09-18-12-07-26-0400__CAM_BACK_RIGHT__1537287162428113.jpg"], "intrinsics": [[[1257.8625342125129, 0.0, 827.2410631095686], [0.0, 1257.8625342125129, 450.915498205774], [0.0, 0.0, 1.0]], [[1252.8131021185304, 0.0, 826.588114781398], [0.0, 1252.8131021185304, 469.9846626224581], [0.0, 0.0, 1.0]], [[1256.7485116440405, 0.0, 817.7887570959712], [0.0, 1256.7485116440403, 451.9541780095127], [0.0, 0.0, 1.0]], [[1254.9860565800168, 0.0, 829.5769333630991], [0.0, 1254.9860565800168, 467.1680561863987], [0.0, 0.0, 1.0]], [[796.8910634503094, 0.0, 857.7774326863696], [0.0, 796.8910634503094, 476.8848988407415], [0.0, 0.0, 1.0]], [[1249.9629280788233, 0.0, 825.3768045375984], [0.0, 1249.9629280788233, 462.54816385708756], [0.0, 0.0, 1.0]]], "extrinsics": [[[0.8227708339691162, -0.5682958960533142, 0.009383135475218296, -0.7291259765625], [0.0162199679762125, 0.006974609103053808, -0.9998440742492676, 1.4937286376953125], [0.5681418776512146, 0.8227946758270264, 0.014956246130168438, -1.143280029296875], [0.0, 0.0, 0.0, 1.0]], [[0.010637573897838593, -0.9999400973320007, -0.0025938686449080706, 0.0086669921875], [0.01844308339059353, 0.0027897737454622984, -0.9998260140419006, 1.4853286743164062], [0.9997732639312744, 0.010587870143353939, 0.018471654504537582, -1.454833984375], [0.0, 0.0, 0.0, 1.0]], [[-0.843703031539917, -0.5364606380462646, -0.019369564950466156, 0.9034423828125], [0.026748014613986015, -0.0059745172038674355, -0.9996243715286255, 1.4989967346191406], [0.53614342212677, -0.8439042568206787, 0.01938997395336628, -1.15869140625], [0.0, 0.0, 0.0, 1.0]], [[0.9478722214698792, 0.3186136782169342, 0.004861815366894007, -1.117431640625], [0.002087173517793417, 0.009049304760992527, -0.9999569058418274, 1.5621018409729004], [-0.3186439573764801, 0.947841465473175, 0.007912582717835903, -0.1650390625], [0.0, 0.0, 0.0, 1.0]], [[0.009154168888926506, 0.9999567866325378, 0.001591819804161787, -0.02777099609375], [0.004030200187116861, 0.0015549794770777225, -0.9999906420707703, 1.568458080291748], [-0.9999499917030334, 0.009160483255982399, -0.00401579262688756, -0.05419921875], [0.0, 0.0, 0.0, 1.0]], [[-0.9236668944358826, 0.3828851282596588, -0.015440654009580612, 1.007080078125], [0.007967409677803516, -0.02109639346599579, -0.9997456669807434, 1.5491409301757812], [-0.3831135034561157, -0.9235549569129944, 0.01643543690443039, -0.107452392578125], [0.0, 0.0, 0.0, 1.0]]], "view": [[0.0, -2.0, 100.0], [-2.0, 0.0, 100.0], [0.0, 0.0, 1.0]], "bev": "bev_2c60f18379964019a719e150a38282fc.png", "aux": "aux_2c60f18379964019a719e150a38282fc.npz", "visibility": "visibility_2c60f18379964019a719e150a38282fc.png", "pose": [[-0.5658228993415833, 0.8245267868041992, 0.0, 1715.0272216796875], [-0.8245267868041992, -0.5658228993415833, 0.0, 1012.142333984375], [0.0, 0.0, 1.0, 0.0], [0.0, 0.0, 0.0, 1.0]], "pose_inverse": [[-0.5658228993415833, -0.8245267868041992, 0.0, 1804.940185546875], [0.8245267868041992, -0.5658228993415833, 0.0, -841.392578125], [0.0, 0.0, 1.0, 0.0], [0.0, 0.0, 0.0, 1.0]], "cam_ids": [0, 1, 2, 3, 4, 5], "cam_channels": ["CAM_FRONT_LEFT", "CAM_FRONT", "CAM_FRONT_RIGHT", "CAM_BACK_LEFT", "CAM_BACK", "CAM_BACK_RIGHT"], "token": "2c60f18379964019a719e150a38282fc", "scene": "scene-0449"}, {"images": ["samples/CAM_FRONT_LEFT/n008-2018-09-18-12-07-26-0400__CAM_FRONT_LEFT__1537287162904799.jpg", "samples/CAM_FRONT/n008-2018-09-18-12-07-26-0400__CAM_FRONT__1537287162912404.jpg", "samples/CAM_FRONT_RIGHT/n008-2018-09-18-12-07-26-0400__CAM_FRONT_RIGHT__1537287162920482.jpg", "samples/CAM_BACK_LEFT/n008-2018-09-18-12-07-26-0400__CAM_BACK_LEFT__1537287162947405.jpg", "samples/CAM_BACK/n008-2018-09-18-12-07-26-0400__CAM_BACK__1537287162937558.jpg", "samples/CAM_BACK_RIGHT/n008-2018-09-18-12-07-26-0400__CAM_BACK_RIGHT__1537287162928113.jpg"], "intrinsics": [[[1257.8625342125129, 0.0, 827.2410631095686], [0.0, 1257.8625342125129, 450.915498205774], [0.0, 0.0, 1.0]], [[1252.8131021185304, 0.0, 826.588114781398], [0.0, 1252.8131021185304, 469.9846626224581], [0.0, 0.0, 1.0]], [[1256.7485116440405, 0.0, 817.7887570959712], [0.0, 1256.7485116440403, 451.9541780095127], [0.0, 0.0, 1.0]], [[1254.9860565800168, 0.0, 829.5769333630991], [0.0, 1254.9860565800168, 467.1680561863987], [0.0, 0.0, 1.0]], [[796.8910634503094, 0.0, 857.7774326863696], [0.0, 796.8910634503094, 476.8848988407415], [0.0, 0.0, 1.0]], [[1249.9629280788233, 0.0, 825.3768045375984], [0.0, 1249.9629280788233, 462.54816385708756], [0.0, 0.0, 1.0]]], "extrinsics": [[[0.8224547505378723, -0.5687310695648193, 0.010638542473316193, -0.729248046875], [0.014777286909520626, 0.002666124375537038, -0.999887228012085, 1.4932441711425781], [0.5686385035514832, 0.8225192427635193, 0.010597067885100842, -1.14324951171875], [0.0, 0.0, 0.0, 1.0]], [[0.010292323306202888, -0.9999455213546753, 0.0017362155485898256, 0.00897216796875], [0.01673067919909954, -0.0015638578915968537, -0.9998587965965271, 1.4848480224609375], [0.9998070597648621, 0.01031988114118576, 0.016713671386241913, -1.4547119140625], [0.0, 0.0, 0.0, 1.0]], [[-0.8438469767570496, -0.5363650321960449, -0.015324772335588932, 0.9029541015625], [0.02475021593272686, -0.010377527214586735, -0.9996398091316223, 1.4985923767089844], [0.5360128283500671, -0.8439222574234009, 0.022032195702195168, -1.1578369140625], [0.0, 0.0, 0.0, 1.0]], [[0.9478806257247925, 0.3186247646808624, 0.00069876026827842, -1.11474609375], [-0.0007057686452753842, 0.004292626399546862, -0.9999905228614807, 1.5620217323303223], [-0.31862470507621765, 0.9478711485862732, 0.004293773323297501, -0.1661376953125], [0.0, 0.0, 0.0, 1.0]], [[0.009155835025012493, 0.9999534487724304, -0.003025073790922761, -0.02825927734375], [0.0014054294442757964, -0.0030380638781934977, -0.9999943971633911, 1.5682029724121094], [-0.9999570250511169, 0.009151524864137173, -0.0014331800630316138, -0.056640625], [0.0, 0.0, 0.0, 1.0]], [[-0.9236751198768616, 0.38288256525993347, -0.015004296787083149, 1.005126953125], [0.005644797347486019, -0.025556655600667, -0.999657392501831, 1.5487728118896484], [-0.3831348121166229, -0.9234434366226196, 0.02144475467503071, -0.10774993896484375], [0.0, 0.0, 0.0, 1.0]]], "view": [[0.0, -2.0, 100.0], [-2.0, 0.0, 100.0], [0.0, 0.0, 1.0]], "bev": "bev_e4091b538df546559eee393988e82e5c.png", "aux": "aux_e4091b538df546559eee393988e82e5c.npz", "visibility": "visibility_e4091b538df546559eee393988e82e5c.png", "pose": [[-0.567726731300354, 0.8232170343399048, 0.0, 1712.986083984375], [-0.8232170343399048, -0.567726731300354, 0.0, 1009.1932373046875], [0.0, 0.0, 1.0, 0.0], [0.0, 0.0, 0.0, 1.0]], "pose_inverse": [[-0.567726731300354, -0.8232170343399048, 0.0, 1803.2930908203125], [0.8232170343399048, -0.567726731300354, 0.0, -837.21337890625], [0.0, 0.0, 1.0, 0.0], [0.0, 0.0, 0.0, 1.0]], "cam_ids": [0, 1, 2, 3, 4, 5], "cam_channels": ["CAM_FRONT_LEFT", "CAM_FRONT", "CAM_FRONT_RIGHT", "CAM_BACK_LEFT", "CAM_BACK", "CAM_BACK_RIGHT"], "token": "e4091b538df546559eee393988e82e5c", "scene": "scene-0449"}, {"images": ["samples/CAM_FRONT_LEFT/n008-2018-09-18-12-07-26-0400__CAM_FRONT_LEFT__1537287163404802.jpg", "samples/CAM_FRONT/n008-2018-09-18-12-07-26-0400__CAM_FRONT__1537287163412404.jpg", "samples/CAM_FRONT_RIGHT/n008-2018-09-18-12-07-26-0400__CAM_FRONT_RIGHT__1537287163420482.jpg", "samples/CAM_BACK_LEFT/n008-2018-09-18-12-07-26-0400__CAM_BACK_LEFT__1537287163447405.jpg", "samples/CAM_BACK/n008-2018-09-18-12-07-26-0400__CAM_BACK__1537287163437558.jpg", "samples/CAM_BACK_RIGHT/n008-2018-09-18-12-07-26-0400__CAM_BACK_RIGHT__1537287163428117.jpg"], "intrinsics": [[[1257.8625342125129, 0.0, 827.2410631095686], [0.0, 1257.8625342125129, 450.915498205774], [0.0, 0.0, 1.0]], [[1252.8131021185304, 0.0, 826.588114781398], [0.0, 1252.8131021185304, 469.9846626224581], [0.0, 0.0, 1.0]], [[1256.7485116440405, 0.0, 817.7887570959712], [0.0, 1256.7485116440403, 451.9541780095127], [0.0, 0.0, 1.0]], [[1254.9860565800168, 0.0, 829.5769333630991], [0.0, 1254.9860565800168, 467.1680561863987], [0.0, 0.0, 1.0]], [[796.8910634503094, 0.0, 857.7774326863696], [0.0, 796.8910634503094, 476.8848988407415], [0.0, 0.0, 1.0]], [[1249.9629280788233, 0.0, 825.3768045375984], [0.0, 1249.9629280788233, 462.54816385708756], [0.0, 0.0, 1.0]]], "extrinsics": [[[0.8225012421607971, -0.5686567425727844, 0.011007561348378658, -0.72216796875], [0.012285725213587284, -0.0015856503741815686, -0.9999232888221741, 1.4925079345703125], [0.568630576133728, 0.8225734233856201, 0.005682159680873156, -1.13983154296875], [0.0, 0.0, 0.0, 1.0]], [[0.010238106362521648, -0.9999301433563232, 0.0058969734236598015, 0.00946044921875], [0.014208542183041573, -0.00575121259316802, -0.9998825192451477, 1.4842529296875], [0.9998466968536377, 0.010320698842406273, 0.014148669317364693, -1.4476318359375], [0.0, 0.0, 0.0, 1.0]], [[-0.8439135551452637, -0.5363671779632568, -0.010960648767650127, 0.8992919921875], [0.022195618599653244, -0.014494526199996471, -0.9996485710144043, 1.4981269836425781], [0.5360198020935059, -0.8438602685928345, 0.02413712814450264, -1.1549072265625], [0.0, 0.0, 0.0, 1.0]], [[0.9478799700737, 0.31861412525177, -0.0029460068326443434, -1.1180419921875], [-0.0032539055682718754, 0.0004341348248999566, -0.9999946355819702, 1.5619525909423828], [-0.31861111521720886, 0.9478843808174133, 0.001448249095119536, -0.1650390625], [0.0, 0.0, 0.0, 1.0]], [[0.009182291105389595, 0.9999334216117859, -0.006992949638515711, -0.0281982421875], [-0.0010391046525910497, -0.006983696948736906, -0.9999750256538391, 1.5679607391357422], [-0.9999573230743408, 0.009189356118440628, 0.0009749081800691783, -0.0562744140625], [0.0, 0.0, 0.0, 1.0]], [[-0.9236889481544495, 0.3828781247138977, -0.014246192760765553, 1.0028076171875], [0.0031427284702658653, -0.029609868302941322, -0.9995566010475159, 1.548370361328125], [-0.38313016295433044, -0.9233241677284241, 0.026147030293941498, -0.10845184326171875], [0.0, 0.0, 0.0, 1.0]]], "view": [[0.0, -2.0, 100.0], [-2.0, 0.0, 100.0], [0.0, 0.0, 1.0]], "bev": "bev_27b1e021192540dcb40958da8373d9f3.png", "aux": "aux_27b1e021192540dcb40958da8373d9f3.npz", "visibility": "visibility_27b1e021192540dcb40958da8373d9f3.png", "pose": [[-0.5671899318695068, 0.8235870003700256, 0.0, 1710.904296875], [-0.8235870003700256, -0.5671899318695068, 0.0, 1006.1845092773438], [0.0, 0.0, 1.0, 0.0], [0.0, 0.0, 0.0, 1.0]], "pose_inverse": [[-0.5671899318695068, -0.8235870003700256, 0.0, 1799.0882568359375], [0.8235870003700256, -0.5671899318695068, 0.0, -838.380859375], [0.0, 0.0, 1.0, 0.0], [0.0, 0.0, 0.0, 1.0]], "cam_ids": [0, 1, 2, 3, 4, 5], "cam_channels": ["CAM_FRONT_LEFT", "CAM_FRONT", "CAM_FRONT_RIGHT", "CAM_BACK_LEFT", "CAM_BACK", "CAM_BACK_RIGHT"], "token": "27b1e021192540dcb40958da8373d9f3", "scene": "scene-0449"}, {"images": ["samples/CAM_FRONT_LEFT/n008-2018-09-18-12-07-26-0400__CAM_FRONT_LEFT__1537287163904799.jpg", "samples/CAM_FRONT/n008-2018-09-18-12-07-26-0400__CAM_FRONT__1537287163912404.jpg", "samples/CAM_FRONT_RIGHT/n008-2018-09-18-12-07-26-0400__CAM_FRONT_RIGHT__1537287163920482.jpg", "samples/CAM_BACK_LEFT/n008-2018-09-18-12-07-26-0400__CAM_BACK_LEFT__1537287163947405.jpg", "samples/CAM_BACK/n008-2018-09-18-12-07-26-0400__CAM_BACK__1537287163937558.jpg", "samples/CAM_BACK_RIGHT/n008-2018-09-18-12-07-26-0400__CAM_BACK_RIGHT__1537287163928113.jpg"], "intrinsics": [[[1257.8625342125129, 0.0, 827.2410631095686], [0.0, 1257.8625342125129, 450.915498205774], [0.0, 0.0, 1.0]], [[1252.8131021185304, 0.0, 826.588114781398], [0.0, 1252.8131021185304, 469.9846626224581], [0.0, 0.0, 1.0]], [[1256.7485116440405, 0.0, 817.7887570959712], [0.0, 1256.7485116440403, 451.9541780095127], [0.0, 0.0, 1.0]], [[1254.9860565800168, 0.0, 829.5769333630991], [0.0, 1254.9860565800168, 467.1680561863987], [0.0, 0.0, 1.0]], [[796.8910634503094, 0.0, 857.7774326863696], [0.0, 796.8910634503094, 476.8848988407415], [0.0, 0.0, 1.0]], [[1249.9629280788233, 0.0, 825.3768045375984], [0.0, 1249.9629280788233, 462.54816385708756], [0.0, 0.0, 1.0]]], "extrinsics": [[[0.8223880529403687, -0.568850576877594, 0.009332246147096157, -0.7353515625], [0.006834406405687332, -0.006524199154227972, -0.9999553561210632, 1.4905452728271484], [0.5688860416412354, 0.8224151134490967, -0.0014776682946830988, -1.15057373046875], [0.0, 0.0, 0.0, 1.0]], [[0.010061115957796574, -0.999891459941864, 0.010767164640128613, 0.01068115234375], [0.008753828704357147, -0.010679224506020546, -0.9999046921730042, 1.4825763702392578], [0.9999110698699951, 0.010154401883482933, 0.008645433932542801, -1.4630126953125], [0.0, 0.0, 0.0, 1.0]], [[-0.8440466523170471, -0.5362568497657776, -0.0037191985175013542, 0.9110107421875], [0.016737887635827065, -0.01941155642271042, -0.9996713995933533, 1.4966926574707031], [0.5360085368156433, -0.8438315391540527, 0.02536006271839142, -1.1610107421875], [0.0, 0.0, 0.0, 1.0]], [[0.9478501677513123, 0.31857162714004517, -0.009603824466466904, -1.1234130859375], [-0.008624238893389702, -0.004485286772251129, -0.9999527931213379, 1.5618581771850586], [-0.318599671125412, 0.947888195514679, -0.0015039423014968634, -0.1630859375], [0.0, 0.0, 0.0, 1.0]], [[0.009201143868267536, 0.999886155128479, -0.01196899265050888, -0.02886962890625], [-0.006516118533909321, -0.011909290216863155, -0.9999077916145325, 1.567473292350769], [-0.9999365210533142, 0.00927828624844551, 0.006405796390026808, -0.0474853515625], [0.0, 0.0, 0.0, 1.0]], [[-0.9237095713615417, 0.38293328881263733, -0.011075914837419987, 1.0126953125], [-0.002332149539142847, -0.03453213721513748, -0.9994008541107178, 1.547494888305664], [-0.38308635354042053, -0.9231303334236145, 0.03279072418808937, -0.1034393310546875], [0.0, 0.0, 0.0, 1.0]]], "view": [[0.0, -2.0, 100.0], [-2.0, 0.0, 100.0], [0.0, 0.0, 1.0]], "bev": "bev_9cf6c8d2e66f46959af898f3081c2f33.png", "aux": "aux_9cf6c8d2e66f46959af898f3081c2f33.npz", "visibility": "visibility_9cf6c8d2e66f46959af898f3081c2f33.png", "pose": [[-0.5646045804023743, 0.8253615498542786, 0.0, 1708.798095703125], [-0.8253615498542786, -0.5646045804023743, 0.0, 1003.1607055664062], [0.0, 0.0, 1.0, 0.0], [0.0, 0.0, 0.0, 1.0]], "pose_inverse": [[-0.5646045804023743, -0.8253615498542786, 0.0, 1792.7655029296875], [0.8253615498542786, -0.5646045804023743, 0.0, -843.987060546875], [0.0, 0.0, 1.0, 0.0], [0.0, 0.0, 0.0, 1.0]], "cam_ids": [0, 1, 2, 3, 4, 5], "cam_channels": ["CAM_FRONT_LEFT", "CAM_FRONT", "CAM_FRONT_RIGHT", "CAM_BACK_LEFT", "CAM_BACK", "CAM_BACK_RIGHT"], "token": "9cf6c8d2e66f46959af898f3081c2f33", "scene": "scene-0449"}, {"images": ["samples/CAM_FRONT_LEFT/n008-2018-09-18-12-07-26-0400__CAM_FRONT_LEFT__1537287164504799.jpg", "samples/CAM_FRONT/n008-2018-09-18-12-07-26-0400__CAM_FRONT__1537287164512404.jpg", "samples/CAM_FRONT_RIGHT/n008-2018-09-18-12-07-26-0400__CAM_FRONT_RIGHT__1537287164520482.jpg", "samples/CAM_BACK_LEFT/n008-2018-09-18-12-07-26-0400__CAM_BACK_LEFT__1537287164547405.jpg", "samples/CAM_BACK/n008-2018-09-18-12-07-26-0400__CAM_BACK__1537287164537558.jpg", "samples/CAM_BACK_RIGHT/n008-2018-09-18-12-07-26-0400__CAM_BACK_RIGHT__1537287164528113.jpg"], "intrinsics": [[[1257.8625342125129, 0.0, 827.2410631095686], [0.0, 1257.8625342125129, 450.915498205774], [0.0, 0.0, 1.0]], [[1252.8131021185304, 0.0, 826.588114781398], [0.0, 1252.8131021185304, 469.9846626224581], [0.0, 0.0, 1.0]], [[1256.7485116440405, 0.0, 817.7887570959712], [0.0, 1256.7485116440403, 451.9541780095127], [0.0, 0.0, 1.0]], [[1254.9860565800168, 0.0, 829.5769333630991], [0.0, 1254.9860565800168, 467.1680561863987], [0.0, 0.0, 1.0]], [[796.8910634503094, 0.0, 857.7774326863696], [0.0, 796.8910634503094, 476.8848988407415], [0.0, 0.0, 1.0]], [[1249.9629280788233, 0.0, 825.3768045375984], [0.0, 1249.9629280788233, 462.54816385708756], [0.0, 0.0, 1.0]]], "extrinsics": [[[0.8224294185638428, -0.5687984228134155, 0.008847945369780064, -0.7410888671875], [0.006029599811881781, -0.006836615968495607, -0.9999584555625916, 1.490243911743164], [0.5688352584838867, 0.8224485516548157, -0.0021930080838501453, -1.156402587890625], [0.0, 0.0, 0.0, 1.0]], [[0.010114236734807491, -0.9998874664306641, 0.0110778184607625, 0.01171875], [0.007980946451425552, -0.01099731307476759, -0.9999076724052429, 1.4823112487792969], [0.9999169707298279, 0.010201750323176384, 0.007868819870054722, -1.470703125], [0.0, 0.0, 0.0, 1.0]], [[-0.8440303802490234, -0.5362873077392578, -0.002920872997492552, 0.9173583984375], [0.015999145805835724, -0.019735386595129967, -0.9996771812438965, 1.4964447021484375], [0.5360565781593323, -0.8438047170639038, 0.02523740753531456, -1.1640625], [0.0, 0.0, 0.0, 1.0]], [[0.9478473663330078, 0.31855493783950806, -0.01039586029946804, -1.12744140625], [-0.00943370908498764, -0.00456301961094141, -0.9999451041221619, 1.561880111694336], [-0.3185848593711853, 0.9478934407234192, -0.0013198908418416977, -0.1617431640625], [0.0, 0.0, 0.0, 1.0]], [[0.009185184724628925, 0.9998835921287537, -0.012182270176708698, -0.02923583984375], [-0.007266999687999487, -0.012115714140236378, -0.9999001622200012, 1.567444920539856], [-0.9999313950538635, 0.00927288830280304, 0.007154868450015783, -0.0421142578125], [0.0, 0.0, 0.0, 1.0]], [[-0.9237273931503296, 0.3829065263271332, -0.010499618016183376, 1.018310546875], [-0.0030797154176980257, -0.03483359515666962, -0.9993883371353149, 1.5474128723144531], [-0.3830380439758301, -0.9231299757957458, 0.033355988562107086, -0.1003265380859375], [0.0, 0.0, 0.0, 1.0]]], "view": [[0.0, -2.0, 100.0], [-2.0, 0.0, 100.0], [0.0, 0.0, 1.0]], "bev": "bev_57f2ab326922401a9e3a59c85f067aa3.png", "aux": "aux_57f2ab326922401a9e3a59c85f067aa3.npz", "visibility": "visibility_57f2ab326922401a9e3a59c85f067aa3.png", "pose": [[-0.5607434511184692, 0.8279895782470703, 0.0, 1706.3294677734375], [-0.8279895782470703, -0.5607434511184692, 0.0, 999.6505126953125], [0.0, 0.0, 1.0, 0.0], [0.0, 0.0, 0.0, 1.0]], "pose_inverse": [[-0.5607434511184692, -0.8279895782470703, 0.0, 1784.5133056640625], [0.8279895782470703, -0.5607434511184692, 0.0, -852.2755126953125], [0.0, 0.0, 1.0, 0.0], [0.0, 0.0, 0.0, 1.0]], "cam_ids": [0, 1, 2, 3, 4, 5], "cam_channels": ["CAM_FRONT_LEFT", "CAM_FRONT", "CAM_FRONT_RIGHT", "CAM_BACK_LEFT", "CAM_BACK", "CAM_BACK_RIGHT"], "token": "57f2ab326922401a9e3a59c85f067aa3", "scene": "scene-0449"}, {"images": ["samples/CAM_FRONT_LEFT/n008-2018-09-18-12-07-26-0400__CAM_FRONT_LEFT__1537287165004799.jpg", "samples/CAM_FRONT/n008-2018-09-18-12-07-26-0400__CAM_FRONT__1537287165012404.jpg", "samples/CAM_FRONT_RIGHT/n008-2018-09-18-12-07-26-0400__CAM_FRONT_RIGHT__1537287165020482.jpg", "samples/CAM_BACK_LEFT/n008-2018-09-18-12-07-26-0400__CAM_BACK_LEFT__1537287165047405.jpg", "samples/CAM_BACK/n008-2018-09-18-12-07-26-0400__CAM_BACK__1537287165037558.jpg", "samples/CAM_BACK_RIGHT/n008-2018-09-18-12-07-26-0400__CAM_BACK_RIGHT__1537287165028113.jpg"], "intrinsics": [[[1257.8625342125129, 0.0, 827.2410631095686], [0.0, 1257.8625342125129, 450.915498205774], [0.0, 0.0, 1.0]], [[1252.8131021185304, 0.0, 826.588114781398], [0.0, 1252.8131021185304, 469.9846626224581], [0.0, 0.0, 1.0]], [[1256.7485116440405, 0.0, 817.7887570959712], [0.0, 1256.7485116440403, 451.9541780095127], [0.0, 0.0, 1.0]], [[1254.9860565800168, 0.0, 829.5769333630991], [0.0, 1254.9860565800168, 467.1680561863987], [0.0, 0.0, 1.0]], [[796.8910634503094, 0.0, 857.7774326863696], [0.0, 796.8910634503094, 476.8848988407415], [0.0, 0.0, 1.0]], [[1249.9629280788233, 0.0, 825.3768045375984], [0.0, 1249.9629280788233, 462.54816385708756], [0.0, 0.0, 1.0]]], "extrinsics": [[[0.8224601745605469, -0.5687862634658813, 0.006445018574595451, -0.75146484375], [0.0028644052799791098, -0.007188931107521057, -0.999970018863678, 1.4891843795776367], [0.5688155889511108, 0.8224539160728455, -0.00428337836638093, -1.159942626953125], [0.0, 0.0, 0.0, 1.0]], [[0.01020503044128418, -0.9998841881752014, 0.011290742084383965, 0.0091552734375], [0.004723755642771721, -0.011242999695241451, -0.9999256134033203, 1.48138427734375], [0.9999367594718933, 0.010257566347718239, 0.004608473740518093, -1.479736328125], [0.0, 0.0, 0.0, 1.0]], [[-0.8439897298812866, -0.5363594889640808, -1.6551583030377515e-05, 0.9222412109375], [0.012645315378904343, -0.01986721158027649, -0.9997226595878601, 1.4956130981445312], [0.5362103581428528, -0.8437557816505432, 0.023550154641270638, -1.169677734375], [0.0, 0.0, 0.0, 1.0]], [[0.9477231502532959, 0.3188071846961975, -0.013523823581635952, -1.128173828125], [-0.012752704322338104, -0.004506024066358805, -0.9999085664749146, 1.5618305206298828], [-0.318838894367218, 0.9478088617324829, -0.00020480919920373708, -0.1614990234375], [0.0, 0.0, 0.0, 1.0]], [[0.008964942768216133, 0.9998856782913208, -0.012177618220448494, -0.0281982421875], [-0.010623090900480747, -0.012082185596227646, -0.9998705387115479, 1.5671734809875488], [-0.9999035000801086, 0.00909315887838602, 0.01051355991512537, -0.039306640625], [0.0, 0.0, 0.0, 1.0]], [[-0.9238011837005615, 0.3828006088733673, -0.007425364106893539, 1.02392578125], [-0.006416216492652893, -0.03486934304237366, -0.9993712902069092, 1.546875], [-0.3828188478946686, -0.9231727123260498, 0.034668467938899994, -0.0998382568359375], [0.0, 0.0, 0.0, 1.0]]], "view": [[0.0, -2.0, 100.0], [-2.0, 0.0, 100.0], [0.0, 0.0, 1.0]], "bev": "bev_b17b5c6e78d542c68b84f7c3d43381e9.png", "aux": "aux_b17b5c6e78d542c68b84f7c3d43381e9.npz", "visibility": "visibility_b17b5c6e78d542c68b84f7c3d43381e9.png", "pose": [[-0.5624012351036072, 0.82686448097229, 0.0, 1704.364501953125], [-0.82686448097229, -0.5624012351036072, 0.0, 996.8283081054688], [0.0, 0.0, 1.0, 0.0], [0.0, 0.0, 0.0, 1.0]], "pose_inverse": [[-0.5624012351036072, -0.82686448097229, 0.0, 1782.7786865234375], [0.82686448097229, -0.5624012351036072, 0.0, -848.6609497070312], [0.0, 0.0, 1.0, 0.0], [0.0, 0.0, 0.0, 1.0]], "cam_ids": [0, 1, 2, 3, 4, 5], "cam_channels": ["CAM_FRONT_LEFT", "CAM_FRONT", "CAM_FRONT_RIGHT", "CAM_BACK_LEFT", "CAM_BACK", "CAM_BACK_RIGHT"], "token": "b17b5c6e78d542c68b84f7c3d43381e9", "scene": "scene-0449"}, {"images": ["samples/CAM_FRONT_LEFT/n008-2018-09-18-12-07-26-0400__CAM_FRONT_LEFT__1537287165504799.jpg", "samples/CAM_FRONT/n008-2018-09-18-12-07-26-0400__CAM_FRONT__1537287165512404.jpg", "samples/CAM_FRONT_RIGHT/n008-2018-09-18-12-07-26-0400__CAM_FRONT_RIGHT__1537287165520482.jpg", "samples/CAM_BACK_LEFT/n008-2018-09-18-12-07-26-0400__CAM_BACK_LEFT__1537287165547405.jpg", "samples/CAM_BACK/n008-2018-09-18-12-07-26-0400__CAM_BACK__1537287165537558.jpg", "samples/CAM_BACK_RIGHT/n008-2018-09-18-12-07-26-0400__CAM_BACK_RIGHT__1537287165528113.jpg"], "intrinsics": [[[1257.8625342125129, 0.0, 827.2410631095686], [0.0, 1257.8625342125129, 450.915498205774], [0.0, 0.0, 1.0]], [[1252.8131021185304, 0.0, 826.588114781398], [0.0, 1252.8131021185304, 469.9846626224581], [0.0, 0.0, 1.0]], [[1256.7485116440405, 0.0, 817.7887570959712], [0.0, 1256.7485116440403, 451.9541780095127], [0.0, 0.0, 1.0]], [[1254.9860565800168, 0.0, 829.5769333630991], [0.0, 1254.9860565800168, 467.1680561863987], [0.0, 0.0, 1.0]], [[796.8910634503094, 0.0, 857.7774326863696], [0.0, 796.8910634503094, 476.8848988407415], [0.0, 0.0, 1.0]], [[1249.9629280788233, 0.0, 825.3768045375984], [0.0, 1249.9629280788233, 462.54816385708756], [0.0, 0.0, 1.0]]], "extrinsics": [[[0.8228098750114441, -0.5682409405708313, 0.009284178726375103, -0.7520751953125], [0.0077165598049759865, -0.005164209753274918, -0.9999568462371826, 1.4906692504882812], [0.5682644248008728, 0.822845995426178, 0.00013570075680036098, -1.16229248046875], [0.0, 0.0, 0.0, 1.0]], [[0.010599492117762566, -0.9999009966850281, 0.00925143901258707, 0.01043701171875], [0.009816194884479046, -0.009147466160356998, -0.9999099969863892, 1.482675552368164], [0.9998956322669983, 0.010689262300729752, 0.009718265384435654, -1.4813232421875], [0.0, 0.0, 0.0, 1.0]], [[-0.843810498714447, -0.5366110801696777, -0.00568908778950572, 0.92333984375], [0.017992811277508736, -0.01769484207034111, -0.9996815323829651, 1.4966888427734375], [0.536339521408081, -0.8436441421508789, 0.024586234241724014, -1.169189453125], [0.0, 0.0, 0.0, 1.0]], [[0.9478522539138794, 0.31862443685531616, -0.007388599216938019, -1.12646484375], [-0.007074237335473299, -0.0021437951363623142, -0.9999726414680481, 1.5619125366210938], [-0.31863150000572205, 0.9478785991668701, 0.00022202417312655598, -0.1622314453125], [0.0, 0.0, 0.0, 1.0]], [[0.009039309807121754, 0.9999107122421265, -0.009833489544689655, -0.02886962890625], [-0.005070963408797979, -0.0097879264503717