[{"images": ["samples/CAM_FRONT_LEFT/n015-2018-09-25-13-17-43+0800__CAM_FRONT_LEFT__1537852974154844.jpg", "samples/CAM_FRONT/n015-2018-09-25-13-17-43+0800__CAM_FRONT__1537852974162460.jpg", "samples/CAM_FRONT_RIGHT/n015-2018-09-25-13-17-43+0800__CAM_FRONT_RIGHT__1537852974170339.jpg", "samples/CAM_BACK_LEFT/n015-2018-09-25-13-17-43+0800__CAM_BACK_LEFT__1537852974197423.jpg", "samples/CAM_BACK/n015-2018-09-25-13-17-43+0800__CAM_BACK__1537852974187525.jpg", "samples/CAM_BACK_RIGHT/n015-2018-09-25-13-17-43+0800__CAM_BACK_RIGHT__1537852974177897.jpg"], "intrinsics": [[[1272.5979470598488, 0.0, 826.6154927353808], [0.0, 1272.5979470598488, 479.75165386361925], [0.0, 0.0, 1.0]], [[1266.417203046554, 0.0, 816.2670197447984], [0.0, 1266.417203046554, 491.50706579294757], [0.0, 0.0, 1.0]], [[1260.8474446004698, 0.0, 807.968244525554], [0.0, 1260.8474446004698, 495.3344268742088], [0.0, 0.0, 1.0]], [[1256.7414812095406, 0.0, 792.1125740759628], [0.0, 1256.7414812095406, 492.7757465151356], [0.0, 0.0, 1.0]], [[809.2209905677063, 0.0, 829.2196003259838], [0.0, 809.2209905677063, 481.77842384512485], [0.0, 0.0, 1.0]], [[1259.5137405846733, 0.0, 807.2529053838625], [0.0, 1259.5137405846733, 501.19579884916527], [0.0, 0.0, 1.0]]], "extrinsics": [[[0.8207526803016663, -0.5712397694587708, -0.007079933304339647, -0.964874267578125], [0.0050610085017979145, 0.019663037732243538, -0.9997938871383667, 1.5082473754882812], [0.5712611675262451, 0.8205476999282837, 0.019029540941119194, -1.28033447265625], [0.0, 0.0, 0.0, 1.0]], [[0.005670760292559862, -0.9998620748519897, -0.01560524944216013, 0.00518798828125], [-0.00024066449259407818, 0.015604137443006039, -0.9998782277107239, 1.5205307006835938], [0.9999837875366211, 0.005673826206475496, -0.00015214462473522872, -1.692291259765625], [0.0, 0.0, 0.0, 1.0]], [[-0.832873523235321, -0.5530001521110535, -0.022639423608779907, 1.0323486328125], [0.005381335504353046, 0.03281180560588837, -0.9994469881057739, 1.5036430358886719], [0.5534371733665466, -0.8325347900390625, -0.02435220405459404, -1.24859619140625], [0.0, 0.0, 0.0, 1.0]], [[0.9477276802062988, 0.31876829266548157, 0.014103146269917488, -1.142181396484375], [0.01405051164329052, 0.0024646406527608633, -0.9998982548713684, 1.5885562896728516], [-0.3187705874443054, 0.9478294849395752, -0.0021430496126413345, -0.103759765625], [0.0, 0.0, 0.0, 1.0]], [[0.002450357424095273, 0.9999194741249084, 0.012452478520572186, 0.00274658203125], [-0.011375757865607738, 0.012479583732783794, -0.9998574256896973, 1.5793561935424805], [-0.9999321699142456, 0.002308355877175927, 0.011405423283576965, 0.001861572265625], [0.0, 0.0, 0.0, 1.0]], [[-0.9347008466720581, 0.35529446601867676, -0.010004742071032524, 1.1361846923828125], [0.021263161674141884, 0.02779689058661461, -0.9993874430656433, 1.5514488220214844], [-0.35479873418807983, -0.9343410134315491, -0.03353646397590637, -0.0635986328125], [0.0, 0.0, 0.0, 1.0]]], "view": [[0.0, -2.0, 100.0], [-2.0, 0.0, 100.0], [0.0, 0.0, 1.0]], "bev": "bev_923b34d42c5048c0a4db75c65de52f3c.png", "aux": "aux_923b34d42c5048c0a4db75c65de52f3c.npz", "visibility": "visibility_923b34d42c5048c0a4db75c65de52f3c.png", "pose": [[-0.9987003207206726, -0.05096694827079773, 0.0, 268.9977722167969], [0.05096694827079773, -0.9987003207206726, 0.0, 911.9953002929688], [0.0, 0.0, 1.0, 0.0], [0.0, 0.0, 0.0, 1.0]], "pose_inverse": [[-0.9987003207206726, 0.05096694827079773, 0.0, 222.1665496826172], [-0.05096694827079773, -0.9987003207206726, 0.0, 924.52001953125], [0.0, 0.0, 1.0, 0.0], [0.0, 0.0, 0.0, 1.0]], "cam_ids": [0, 1, 2, 3, 4, 5], "cam_channels": ["CAM_FRONT_LEFT", "CAM_FRONT", "CAM_FRONT_RIGHT", "CAM_BACK_LEFT", "CAM_BACK", "CAM_BACK_RIGHT"], "token": "923b34d42c5048c0a4db75c65de52f3c", "scene": "scene-0969"}, {"images": ["samples/CAM_FRONT_LEFT/n015-2018-09-25-13-17-43+0800__CAM_FRONT_LEFT__1537852974654844.jpg", "samples/CAM_FRONT/n015-2018-09-25-13-17-43+0800__CAM_FRONT__1537852974662460.jpg", "samples/CAM_FRONT_RIGHT/n015-2018-09-25-13-17-43+0800__CAM_FRONT_RIGHT__1537852974670339.jpg", "samples/CAM_BACK_LEFT/n015-2018-09-25-13-17-43+0800__CAM_BACK_LEFT__1537852974697423.jpg", "samples/CAM_BACK/n015-2018-09-25-13-17-43+0800__CAM_BACK__1537852974687525.jpg", "samples/CAM_BACK_RIGHT/n015-2018-09-25-13-17-43+0800__CAM_BACK_RIGHT__1537852974677893.jpg"], "intrinsics": [[[1272.5979470598488, 0.0, 826.6154927353808], [0.0, 1272.5979470598488, 479.75165386361925], [0.0, 0.0, 1.0]], [[1266.417203046554, 0.0, 816.2670197447984], [0.0, 1266.417203046554, 491.50706579294757], [0.0, 0.0, 1.0]], [[1260.8474446004698, 0.0, 807.968244525554], [0.0, 1260.8474446004698, 495.3344268742088], [0.0, 0.0, 1.0]], [[1256.7414812095406, 0.0, 792.1125740759628], [0.0, 1256.7414812095406, 492.7757465151356], [0.0, 0.0, 1.0]], [[809.2209905677063, 0.0, 829.2196003259838], [0.0, 809.2209905677063, 481.77842384512485], [0.0, 0.0, 1.0]], [[1259.5137405846733, 0.0, 807.2529053838625], [0.0, 1259.5137405846733, 501.19579884916527], [0.0, 0.0, 1.0]]], "extrinsics": [[[0.8207533955574036, -0.5712382197380066, -0.007132301572710276, -0.964935302734375], [0.004966682754456997, 0.01961924321949482, -0.9997951984405518, 1.5082454681396484], [0.5712611675262451, 0.8205497860908508, 0.01893971860408783, -1.2802734375], [0.0, 0.0, 0.0, 1.0]], [[0.00567324785515666, -0.9998628497123718, -0.015560679137706757, 0.005126953125], [-0.00032349975663237274, 0.01555909588932991, -0.9998789429664612, 1.5205326080322266], [0.9999839067459106, 0.005677591543644667, -0.00023518482339568436, -1.69232177734375], [0.0, 0.0, 0.0, 1.0]], [[-0.8328732848167419, -0.55300372838974, -0.02256009355187416, 1.0323486328125], [0.0053176190704107285, 0.032764263451099396, -0.9994488954544067, 1.5036449432373047], [0.5534382462501526, -0.8325343132019043, -0.024347815662622452, -1.2486572265625], [0.0, 0.0, 0.0, 1.0]], [[0.9477291703224182, 0.31876635551452637, 0.014056315645575523, -1.1422119140625], [0.014021849259734154, 0.002402943791821599, -0.9998987913131714, 1.5885567665100098], [-0.31876784563064575, 0.947830319404602, -0.002192352432757616, -0.10369873046875], [0.0, 0.0, 0.0, 1.0]], [[0.0024498654529452324, 0.999920129776001, 0.012400277890264988, 0.0028076171875], [-0.011400158517062664, 0.01242743618786335, -0.9998578429222107, 1.579355239868164], [-0.999932050704956, 0.0023081451654434204, 0.01142969261854887, 0.0018768310546875], [0.0, 0.0, 0.0, 1.0]], [[-0.9347021579742432, 0.3552919030189514, -0.009975329041481018, 1.136138916015625], [0.02121744118630886, 0.02775956131517887, -0.9993894100189209, 1.5514488220214844], [-0.3547980785369873, -0.934343159198761, -0.03348530828952789, -0.0635986328125], [0.0, 0.0, 0.0, 1.0]]], "view": [[0.0, -2.0, 100.0], [-2.0, 0.0, 100.0], [0.0, 0.0, 1.0]], "bev": "bev_93fdce35d7db4764ad5f822f57ab49e2.png", "aux": "aux_93fdce35d7db4764ad5f822f57ab49e2.npz", "visibility": "visibility_93fdce35d7db4764ad5f822f57ab49e2.png", "pose": [[-0.9986995458602905, -0.05098291113972664, 0.0, 268.9978332519531], [0.05098291113972664, -0.9986995458602905, 0.0, 911.99658203125], [0.0, 0.0, 1.0, 0.0], [0.0, 0.0, 0.0, 1.0]], "pose_inverse": [[-0.9986995458602905, 0.05098291113972664, 0.0, 222.15176391601562], [-0.05098291113972664, -0.9986995458602905, 0.0, 924.5248413085938], [0.0, 0.0, 1.0, 0.0], [0.0, 0.0, 0.0, 1.0]], "cam_ids": [0, 1, 2, 3, 4, 5], "cam_channels": ["CAM_FRONT_LEFT", "CAM_FRONT", "CAM_FRONT_RIGHT", "CAM_BACK_LEFT", "CAM_BACK", "CAM_BACK_RIGHT"], "token": "93fdce35d7db4764ad5f822f57ab49e2", "scene": "scene-0969"}, {"images": ["samples/CAM_FRONT_LEFT/n015-2018-09-25-13-17-43+0800__CAM_FRONT_LEFT__1537852975154844.jpg", "samples/CAM_FRONT/n015-2018-09-25-13-17-43+0800__CAM_FRONT__1537852975162460.jpg", "samples/CAM_FRONT_RIGHT/n015-2018-09-25-13-17-43+0800__CAM_FRONT_RIGHT__1537852975170496.jpg", "samples/CAM_BACK_LEFT/n015-2018-09-25-13-17-43+0800__CAM_BACK_LEFT__1537852975197423.jpg", "samples/CAM_BACK/n015-2018-09-25-13-17-43+0800__CAM_BACK__1537852975187525.jpg", "samples/CAM_BACK_RIGHT/n015-2018-09-25-13-17-43+0800__CAM_BACK_RIGHT__1537852975177893.jpg"], "intrinsics": [[[1272.5979470598488, 0.0, 826.6154927353808], [0.0, 1272.5979470598488, 479.75165386361925], [0.0, 0.0, 1.0]], [[1266.417203046554, 0.0, 816.2670197447984], [0.0, 1266.417203046554, 491.50706579294757], [0.0, 0.0, 1.0]], [[1260.8474446004698, 0.0, 807.968244525554], [0.0, 1260.8474446004698, 495.3344268742088], [0.0, 0.0, 1.0]], [[1256.7414812095406, 0.0, 792.1125740759628], [0.0, 1256.7414812095406, 492.7757465151356], [0.0, 0.0, 1.0]], [[809.2209905677063, 0.0, 829.2196003259838], [0.0, 809.2209905677063, 481.77842384512485], [0.0, 0.0, 1.0]], [[1259.5137405846733, 0.0, 807.2529053838625], [0.0, 1259.5137405846733, 501.19579884916527], [0.0, 0.0, 1.0]]], "extrinsics": [[[0.820739209651947, -0.5712587237358093, -0.007111771032214165, -0.96490478515625], [0.004943811800330877, 0.019549645483493805, -0.9997966289520264, 1.5082454681396484], [0.5712815523147583, 0.8205371499061584, 0.01886935904622078, -1.2802734375], [0.0, 0.0, 0.0, 1.0]], [[0.0056501952931284904, -0.9998639225959778, -0.015496340580284595, 0.005126953125], [-0.00035989625030197203, 0.015494554303586483, -0.9998798966407776, 1.5205316543579102], [0.9999839663505554, 0.0056551056914031506, -0.0002722999488469213, -1.6923675537109375], [0.0, 0.0, 0.0, 1.0]], [[-0.8328840136528015, -0.5529910922050476, -0.022471129894256592, 1.0323486328125], [0.005249812267720699, 0.03270633518695831, -0.9994511604309082, 1.5036430358886719], [0.5534225702285767, -0.8325449228286743, -0.024337485432624817, -1.2486572265625], [0.0, 0.0, 0.0, 1.0]], [[0.9477275013923645, 0.3187780976295471, 0.013898225501179695, -1.142181396484375], [0.013869290240108967, 0.002360708313062787, -0.9999009966850281, 1.5885543823242188], [-0.3187793791294098, 0.9478263854980469, -0.00218391721136868, -0.10369873046875], [0.0, 0.0, 0.0, 1.0]], [[0.0024535858538001776, 0.9999207258224487, 0.012349618598818779, 0.0028076171875], [-0.011545496992766857, 0.012377157807350159, -0.99985671043396, 1.5793581008911133], [-0.9999302625656128, 0.00231065321713686, 0.011574950069189072, 0.0018768310546875], [0.0, 0.0, 0.0, 1.0]], [[-0.9346991777420044, 0.35530200600624084, -0.009897434152662754, 1.1362228393554688], [0.0211117472499609, 0.027699537575244904, -0.9993933439254761, 1.5514488220214844], [-0.3548123240470886, -0.9343411326408386, -0.03339178115129471, -0.0635986328125], [0.0, 0.0, 0.0, 1.0]]], "view": [[0.0, -2.0, 100.0], [-2.0, 0.0, 100.0], [0.0, 0.0, 1.0]], "bev": "bev_2ab5a11c73a946f0ac511d3f7ea1d69c.png", "aux": "aux_2ab5a11c73a946f0ac511d3f7ea1d69c.npz", "visibility": "visibility_2ab5a11c73a946f0ac511d3f7ea1d69c.png", "pose": [[-0.9987015724182129, -0.050942324101924896, 0.0, 268.9978942871094], [0.050942324101924896, -0.9987015724182129, 0.0, 911.9976196289062], [0.0, 0.0, 1.0, 0.0], [0.0, 0.0, 0.0, 1.0]], "pose_inverse": [[-0.9987015724182129, 0.050942324101924896, 0.0, 222.18934631347656], [-0.050942324101924896, -0.9987015724182129, 0.0, 924.516845703125], [0.0, 0.0, 1.0, 0.0], [0.0, 0.0, 0.0, 1.0]], "cam_ids": [0, 1, 2, 3, 4, 5], "cam_channels": ["CAM_FRONT_LEFT", "CAM_FRONT", "CAM_FRONT_RIGHT", "CAM_BACK_LEFT", "CAM_BACK", "CAM_BACK_RIGHT"], "token": "2ab5a11c73a946f0ac511d3f7ea1d69c", "scene": "scene-0969"}, {"images": ["samples/CAM_FRONT_LEFT/n015-2018-09-25-13-17-43+0800__CAM_FRONT_LEFT__1537852975654844.jpg", "samples/CAM_FRONT/n015-2018-09-25-13-17-43+0800__CAM_FRONT__1537852975662567.jpg", "samples/CAM_FRONT_RIGHT/n015-2018-09-25-13-17-43+0800__CAM_FRONT_RIGHT__1537852975670339.jpg", "samples/CAM_BACK_LEFT/n015-2018-09-25-13-17-43+0800__CAM_BACK_LEFT__1537852975697423.jpg", "samples/CAM_BACK/n015-2018-09-25-13-17-43+0800__CAM_BACK__1537852975687525.jpg", "samples/CAM_BACK_RIGHT/n015-2018-09-25-13-17-43+0800__CAM_BACK_RIGHT__1537852975677893.jpg"], "intrinsics": [[[1272.5979470598488, 0.0, 826.6154927353808], [0.0, 1272.5979470598488, 479.75165386361925], [0.0, 0.0, 1.0]], [[1266.417203046554, 0.0, 816.2670197447984], [0.0, 1266.417203046554, 491.50706579294757], [0.0, 0.0, 1.0]], [[1260.8474446004698, 0.0, 807.968244525554], [0.0, 1260.8474446004698, 495.3344268742088], [0.0, 0.0, 1.0]], [[1256.7414812095406, 0.0, 792.1125740759628], [0.0, 1256.7414812095406, 492.7757465151356], [0.0, 0.0, 1.0]], [[809.2209905677063, 0.0, 829.2196003259838], [0.0, 809.2209905677063, 481.77842384512485], [0.0, 0.0, 1.0]], [[1259.5137405846733, 0.0, 807.2529053838625], [0.0, 1259.5137405846733, 501.19579884916527], [0.0, 0.0, 1.0]]], "extrinsics": [[[0.8206902146339417, -0.5713733434677124, 4.373195224616211e-06, -0.961517333984375], [0.01328914426267147, 0.01908016763627529, -0.9997296333312988, 1.5082988739013672], [0.571218729019165, 0.8204684853553772, 0.0232519693672657, -1.2779541015625], [0.0, 0.0, 0.0, 1.0]], [[0.005648818798363209, -0.9998720288276672, -0.014964854344725609, 0.005126953125], [0.007992599159479141, 0.015009762719273567, -0.9998553991317749, 1.5205612182617188], [0.9999520778656006, 0.005528400652110577, 0.008076363243162632, -1.6886444091796875], [0.0, 0.0, 0.0, 1.0]], [[-0.8327398300170898, -0.5528963804244995, -0.029152652248740196, 1.0299072265625], [0.013603606261312962, 0.0322059690952301, -0.9993886351585388, 1.5036811828613281], [0.5534972548484802, -0.8326274156570435, -0.019297810271382332, -1.2470703125], [0.0, 0.0, 0.0, 1.0]], [[0.9476289749145508, 0.3186412453651428, 0.02161061204969883, -1.14239501953125], [0.022182147949934006, 0.0018353305058553815, -0.9997522830963135, 1.5885510444641113], [-0.31860196590423584, 0.9478736519813538, -0.005328934174031019, -0.1036376953125], [0.0, 0.0, 0.0, 1.0]], [[0.00249068858101964, 0.9999266266822815, 0.011858648620545864, 0.0028076171875], [-0.0031901358161121607, 0.011866571381688118, -0.9999245405197144, 1.5793542861938477], [-0.9999917149543762, 0.002452672692015767, 0.0032194582745432854, 0.0008087158203125], [0.0, 0.0, 0.0, 1.0]], [[-0.9345370531082153, 0.35541602969169617, -0.017887232825160027, 1.1341629028320312], [0.029465703293681145, 0.027190502732992172, -0.99919593334198, 1.5515155792236328], [-0.35464391112327576, -0.9343127012252808, -0.03588311746716499, -0.064453125], [0.0, 0.0, 0.0, 1.0]]], "view": [[0.0, -2.0, 100.0], [-2.0, 0.0, 100.0], [0.0, 0.0, 1.0]], "bev": "bev_b8adf91e3d5f49a3b6282a675ea8513c.png", "aux": "aux_b8adf91e3d5f49a3b6282a675ea8513c.npz", "visibility": "visibility_b8adf91e3d5f49a3b6282a675ea8513c.png", "pose": [[-0.9987300634384155, -0.050381358712911606, 0.0, 268.9930114746094], [0.050381358712911606, -0.9987300634384155, 0.0, 911.998779296875], [0.0, 0.0, 1.0, 0.0], [0.0, 0.0, 0.0, 1.0]], "pose_inverse": [[-0.9987300634384155, 0.050381358712911606, 0.0, 222.70367431640625], [-0.050381358712911606, -0.9987300634384155, 0.0, 924.392822265625], [0.0, 0.0, 1.0, 0.0], [0.0, 0.0, 0.0, 1.0]], "cam_ids": [0, 1, 2, 3, 4, 5], "cam_channels": ["CAM_FRONT_LEFT", "CAM_FRONT", "CAM_FRONT_RIGHT", "CAM_BACK_LEFT", "CAM_BACK", "CAM_BACK_RIGHT"], "token": "b8adf91e3d5f49a3b6282a675ea8513c", "scene": "scene-0969"}, {"images": ["samples/CAM_FRONT_LEFT/n015-2018-09-25-13-17-43+0800__CAM_FRONT_LEFT__1537852976154844.jpg", "samples/CAM_FRONT/n015-2018-09-25-13-17-43+0800__CAM_FRONT__1537852976162460.jpg", "samples/CAM_FRONT_RIGHT/n015-2018-09-25-13-17-43+0800__CAM_FRONT_RIGHT__1537852976170339.jpg", "samples/CAM_BACK_LEFT/n015-2018-09-25-13-17-43+0800__CAM_BACK_LEFT__1537852976197423.jpg", "samples/CAM_BACK/n015-2018-09-25-13-17-43+0800__CAM_BACK__1537852976187525.jpg", "samples/CAM_BACK_RIGHT/n015-2018-09-25-13-17-43+0800__CAM_BACK_RIGHT__1537852976177893.jpg"], "intrinsics": [[[1272.5979470598488, 0.0, 826.6154927353808], [0.0, 1272.5979470598488, 479.75165386361925], [0.0, 0.0, 1.0]], [[1266.417203046554, 0.0, 816.2670197447984], [0.0, 1266.417203046554, 491.50706579294757], [0.0, 0.0, 1.0]], [[1260.8474446004698, 0.0, 807.968244525554], [0.0, 1260.8474446004698, 495.3344268742088], [0.0, 0.0, 1.0]], [[1256.7414812095406, 0.0, 792.1125740759628], [0.0, 1256.7414812095406, 492.7757465151356], [0.0, 0.0, 1.0]], [[809.2209905677063, 0.0, 829.2196003259838], [0.0, 809.2209905677063, 481.77842384512485], [0.0, 0.0, 1.0]], [[1259.5137405846733, 0.0, 807.2529053838625], [0.0, 1259.5137405846733, 501.19579884916527], [0.0, 0.0, 1.0]]], "extrinsics": [[[0.8206806778907776, -0.5713871717453003, 2.4845894586178474e-05, -0.928070068359375], [0.013440913520753384, 0.019261648878455162, -0.9997240900993347, 1.50885009765625], [0.5712290406227112, 0.8204545974731445, 0.023487625643610954, -1.25457763671875], [0.0, 0.0, 0.0, 1.0]], [[0.005633102264255285, -0.9998694658279419, -0.01514585129916668, 0.00531005859375], [0.008127106353640556, 0.015191368758678436, -0.999851644039154, 1.5208368301391602], [0.9999511241912842, 0.005509173963218927, 0.008211619220674038, -1.6549224853515625], [0.0, 0.0, 0.0, 1.0]], [[-0.8327438235282898, -0.5528796315193176, -0.02935628406703472, 1.00799560546875], [0.013732130639255047, 0.03238096088171005, -0.9993812441825867, 1.5040435791015625], [0.5534881353378296, -0.8326317071914673, -0.01937282830476761, -1.2325439453125], [0.0, 0.0, 0.0, 1.0]], [[0.9476112127304077, 0.31868284940719604, 0.02177843637764454, -1.141632080078125], [0.02232614904642105, 0.001934394589625299, -0.9997488856315613, 1.5885701179504395], [-0.3186449408531189, 0.9478594660758972, -0.005281907506287098, -0.10400390625], [0.0, 0.0, 0.0, 1.0]], [[0.0024775515776127577, 0.9999253153800964, 0.011970493011176586, 0.0028076171875], [-0.003051591105759144, 0.011978032998740673, -0.999923586845398, 1.5793228149414062], [-0.9999921917915344, 0.002440837910398841, 0.0030810402240604162, -0.0093231201171875], [0.0, 0.0, 0.0, 1.0]], [[-0.9345309138298035, 0.355428546667099, -0.01795892044901848, 1.1162643432617188], [0.029597589746117592, 0.0273346658796072, -0.9991880655288696, 1.5520801544189453], [-0.3546490967273712, -0.9343037009239197, -0.03606491908431053, -0.07122802734375], [0.0, 0.0, 0.0, 1.0]]], "view": [[0.0, -2.0, 100.0], [-2.0, 0.0, 100.0], [0.0, 0.0, 1.0]], "bev": "bev_ea7c5f516d85421d8f31551b016f207f.png", "aux": "aux_ea7c5f516d85421d8f31551b016f207f.npz", "visibility": "visibility_ea7c5f516d85421d8f31551b016f207f.png", "pose": [[-0.9987631440162659, -0.04972132667899132, 0.0, 268.6790466308594], [0.04972132667899132, -0.9987631440162659, 0.0, 912.01513671875], [0.0, 0.0, 1.0, 0.0], [0.0, 0.0, 0.0, 1.0]], "pose_inverse": [[-0.9987631440162659, 0.04972132667899132, 0.0, 223.0001220703125], [-0.04972132667899132, -0.9987631440162659, 0.0, 924.2461547851562], [0.0, 0.0, 1.0, 0.0], [0.0, 0.0, 0.0, 1.0]], "cam_ids": [0, 1, 2, 3, 4, 5], "cam_channels": ["CAM_FRONT_LEFT", "CAM_FRONT", "CAM_FRONT_RIGHT", "CAM_BACK_LEFT", "CAM_BACK", "CAM_BACK_RIGHT"], "token": "ea7c5f516d85421d8f31551b016f207f", "scene": "scene-0969"}, {"images": ["samples/CAM_FRONT_LEFT/n015-2018-09-25-13-17-43+0800__CAM_FRONT_LEFT__1537852976654844.jpg", "samples/CAM_FRONT/n015-2018-09-25-13-17-43+0800__CAM_FRONT__1537852976662460.jpg", "samples/CAM_FRONT_RIGHT/n015-2018-09-25-13-17-43+0800__CAM_FRONT_RIGHT__1537852976670344.jpg", "samples/CAM_BACK_LEFT/n015-2018-09-25-13-17-43+0800__CAM_BACK_LEFT__1537852976697423.jpg", "samples/CAM_BACK/n015-2018-09-25-13-17-43+0800__CAM_BACK__1537852976687525.jpg", "samples/CAM_BACK_RIGHT/n015-2018-09-25-13-17-43+0800__CAM_BACK_RIGHT__1537852976677893.jpg"], "intrinsics": [[[1272.5979470598488, 0.0, 826.6154927353808], [0.0, 1272.5979470598488, 479.75165386361925], [0.0, 0.0, 1.0]], [[1266.417203046554, 0.0, 816.2670197447984], [0.0, 1266.417203046554, 491.50706579294757], [0.0, 0.0, 1.0]], [[1260.8474446004698, 0.0, 807.968244525554], [0.0, 1260.8474446004698, 495.3344268742088], [0.0, 0.0, 1.0]], [[1256.7414812095406, 0.0, 792.1125740759628], [0.0, 1256.7414812095406, 492.7757465151356], [0.0, 0.0, 1.0]], [[809.2209905677063, 0.0, 829.2196003259838], [0.0, 809.2209905677063, 481.77842384512485], [0.0, 0.0, 1.0]], [[1259.5137405846733, 0.0, 807.2529053838625], [0.0, 1259.5137405846733, 501.19579884916527], [0.0, 0.0, 1.0]]], "extrinsics": [[[0.8205670714378357, -0.5715476870536804, -0.001706746406853199, -0.892059326171875], [0.012113929726183414, 0.020377231761813164, -0.999718964099884, 1.5093193054199219], [0.5714218020439148, 0.8203158378601074, 0.023644572123885155, -1.2296142578125], [0.0, 0.0, 0.0, 1.0]], [[0.005459199659526348, -0.9998514652252197, -0.016342543065547943, 0.005615234375], [0.006763393059372902, 0.016379330307245255, -0.9998430013656616, 1.521026611328125], [0.9999622702598572, 0.00534781301394105, 0.0068518067710101604, -1.61895751953125], [0.0, 0.0, 0.0, 1.0]], [[-0.8328473567962646, -0.5527480244636536, -0.02889620140194893, 0.98468017578125], [0.012344121001660824, 0.03364439308643341, -0.9993575811386108, 1.5043449401855469], [0.553365170955658, -0.8326689600944519, -0.021197453141212463, -1.217041015625], [0.0, 0.0, 0.0, 1.0]], [[0.9476935267448425, 0.3184983730316162, 0.020875358954072, -1.141021728515625], [0.020881837233901024, 0.003394389059394598, -0.9997761845588684, 1.5885796546936035], [-0.3184979259967804, 0.9479174017906189, -0.0034339900594204664, -0.10406494140625], [0.0, 0.0, 0.0, 1.0]], [[0.002592972479760647, 0.9999070763587952, 0.013381743803620338, 0.0029296875], [-0.004489383194595575, 0.013393294997513294, -0.999900221824646, 1.5792579650878906], [-0.9999865889549255, 0.0025326358154416084, 0.0045236945152282715, -0.019927978515625], [0.0, 0.0, 0.0, 1.0]], [[-0.9345276355743408, 0.3555232286453247, -0.01616409793496132, 1.0971298217773438], [0.02818770334124565, 0.028665240854024887, -0.9991915225982666, 1.5526237487792969], [-0.3547724485397339, -0.9342278242111206, -0.03680984303355217, -0.07843017578125], [0.0, 0.0, 0.0, 1.0]]], "view": [[0.0, -2.0, 100.0], [-2.0, 0.0, 100.0], [0.0, 0.0, 1.0]], "bev": "bev_e3a3363b3b134f1b822188198ddef02b.png", "aux": "aux_e3a3363b3b134f1b822188198ddef02b.npz", "visibility": "visibility_e3a3363b3b134f1b822188198ddef02b.png", "pose": [[-0.9988870024681091, -0.04716740548610687, 0.0, 267.8458251953125], [0.04716740548610687, -0.9988870024681091, 0.0, 912.0560913085938], [0.0, 0.0, 1.0, 0.0], [0.0, 0.0, 0.0, 1.0]], "pose_inverse": [[-0.9988870024681091, 0.04716740548610687, 0.0, 224.5283966064453], [-0.04716740548610687, -0.9988870024681091, 0.0, 923.674560546875], [0.0, 0.0, 1.0, 0.0], [0.0, 0.0, 0.0, 1.0]], "cam_ids": [0, 1, 2, 3, 4, 5], "cam_channels": ["CAM_FRONT_LEFT", "CAM_FRONT", "CAM_FRONT_RIGHT", "CAM_BACK_LEFT", "CAM_BACK", "CAM_BACK_RIGHT"], "token": "e3a3363b3b134f1b822188198ddef02b", "scene": "scene-0969"}, {"images": ["samples/CAM_FRONT_LEFT/n015-2018-09-25-13-17-43+0800__CAM_FRONT_LEFT__1537852977154844.jpg", "samples/CAM_FRONT/n015-2018-09-25-13-17-43+0800__CAM_FRONT__1537852977162460.jpg", "samples/CAM_FRONT_RIGHT/n015-2018-09-25-13-17-43+0800__CAM_FRONT_RIGHT__1537852977170339.jpg", "samples/CAM_BACK_LEFT/n015-2018-09-25-13-17-43+0800__CAM_BACK_LEFT__1537852977197423.jpg", "samples/CAM_BACK/n015-2018-09-25-13-17-43+0800__CAM_BACK__1537852977187525.jpg", "samples/CAM_BACK_RIGHT/n015-2018-09-25-13-17-43+0800__CAM_BACK_RIGHT__1537852977177893.jpg"], "intrinsics": [[[1272.5979470598488, 0.0, 826.6154927353808], [0.0, 1272.5979470598488, 479.75165386361925], [0.0, 0.0, 1.0]], [[1266.417203046554, 0.0, 816.2670197447984], [0.0, 1266.417203046554, 491.50706579294757], [0.0, 0.0, 1.0]], [[1260.8474446004698, 0.0, 807.968244525554], [0.0, 1260.8474446004698, 495.3344268742088], [0.0, 0.0, 1.0]], [[1256.7414812095406, 0.0, 792.1125740759628], [0.0, 1256.7414812095406, 492.7757465151356], [0.0, 0.0, 1.0]], [[809.2209905677063, 0.0, 829.2196003259838], [0.0, 809.2209905677063, 481.77842384512485], [0.0, 0.0, 1.0]], [[1259.5137405846733, 0.0, 807.2529053838625], [0.0, 1259.5137405846733, 501.19579884916527], [0.0, 0.0, 1.0]]], "extrinsics": [[[0.8213713765144348, -0.5703932642936707, -0.0008593132370151579, -0.85552978515625], [0.010704591870307922, 0.01692093349993229, -0.9997995495796204, 1.5096721649169922], [0.5702934265136719, 0.8211974501609802, 0.02000419609248638, -1.20416259765625], [0.0, 0.0, 0.0, 1.0]], [[0.00659599294885993, -0.9998964667320251, -0.01278364472091198, 0.00579833984375], [0.005395515356212854, 0.012819324620068073, -0.9999033212661743, 1.5211267471313477], [0.999963641166687, 0.006526379846036434, 0.005479512270539999, -1.58233642578125], [0.0, 0.0, 0.0, 1.0]], [[-0.8323807716369629, -0.5536055564880371, -0.025749672204256058, 0.9605712890625], [0.010972416028380394, 0.029991228133440018, -0.9994899034500122, 1.5045909881591797], [0.554095447063446, -0.8322387337684631, -0.01888973079621792, -1.20111083984375], [0.0, 0.0, 0.0, 1.0]], [[0.9476564526557922, 0.31876879930496216, 0.018269192427396774, -1.139373779296875], [0.019468063488602638, -0.000575047975871712, -0.9998103380203247, 1.5886120796203613], [-0.31869783997535706, 0.9478323459625244, -0.006750758271664381, -0.10455322265625], [0.0, 0.0, 0.0, 1.0]], [[0.002183957025408745, 0.9999524354934692, 0.009509501978754997, 0.00286865234375], [-0.005865079816430807, 0.009522168897092342, -0.9999374747276306, 1.5791621208190918], [-0.9999804496765137, 0.0021280429791659117, 0.005885597784072161, -0.03167724609375], [0.0, 0.0, 0.0, 1.0]], [[-0.9347885251045227, 0.35483330488204956, -0.016240635886788368, 1.0771865844726562], [0.026825353503227234, 0.024930831044912338, -0.9993292093276978, 1.5531425476074219], [-0.3541904091835022, -0.9345971345901489, -0.032823581248521805, -0.0860595703125], [0.0, 0.0, 0.0, 1.0]]], "view": [[0.0, -2.0, 100.0], [-2.0, 0.0, 100.0], [0.0, 0.0, 1.0]], "bev": "bev_cf1f764135e34227bb074c1899959042.png", "aux": "aux_cf1f764135e34227bb074c1899959042.npz", "visibility": "visibility_cf1f764135e34227bb074c1899959042.png", "pose": [[-0.9985344409942627, -0.054120022803545, 0.0, 266.5499267578125], [0.054120022803545, -0.9985344409942627, 0.0, 912.1254272460938], [0.0, 0.0, 1.0, 0.0], [0.0, 0.0, 0.0, 1.0]], "pose_inverse": [[-0.9985344409942627, 0.054120022803545, 0.0, 216.79502868652344], [-0.054120022803545, -0.9985344409942627, 0.0, 925.21435546875], [0.0, 0.0, 1.0, 0.0], [0.0, 0.0, 0.0, 1.0]], "cam_ids": [0, 1, 2, 3, 4, 5], "cam_channels": ["CAM_FRONT_LEFT", "CAM_FRONT", "CAM_FRONT_RIGHT", "CAM_BACK_LEFT", "CAM_BACK", "CAM_BACK_RIGHT"], "token": "cf1f764135e34227bb074c1899959042", "scene": "scene-0969"}, {"images": ["samples/CAM_FRONT_LEFT/n015-2018-09-25-13-17-43+0800__CAM_FRONT_LEFT__1537852977654844.jpg", "samples/CAM_FRONT/n015-2018-09-25-13-17-43+0800__CAM_FRONT__1537852977662460.jpg", "samples/CAM_FRONT_RIGHT/n015-2018-09-25-13-17-43+0800__CAM_FRONT_RIGHT__1537852977670339.jpg", "samples/CAM_BACK_LEFT/n015-2018-09-25-13-17-43+0800__CAM_BACK_LEFT__1537852977697423.jpg", "samples/CAM_BACK/n015-2018-09-25-13-17-43+0800__CAM_BACK__1537852977687525.jpg", "samples/CAM_BACK_RIGHT/n015-2018-09-25-13-17-43+0800__CAM_BACK_RIGHT__1537852977677898.jpg"], "intrinsics": [[[1272.5979470598488, 0.0, 826.6154927353808], [0.0, 1272.5979470598488, 479.75165386361925], [0.0, 0.0, 1.0]], [[1266.417203046554, 0.0, 816.2670197447984], [0.0, 1266.417203046554, 491.50706579294757], [0.0, 0.0, 1.0]], [[1260.8474446004698, 0.0, 807.968244525554], [0.0, 1260.8474446004698, 495.3344268742088], [0.0, 0.0, 1.0]], [[1256.7414812095406, 0.0, 792.1125740759628], [0.0, 1256.7414812095406, 492.7757465151356], [0.0, 0.0, 1.0]], [[809.2209905677063, 0.0, 829.2196003259838], [0.0, 809.2209905677063, 481.77842384512485], [0.0, 0.0, 1.0]], [[1259.5137405846733, 0.0, 807.2529053838625], [0.0, 1259.5137405846733, 501.19579884916527], [0.0, 0.0, 1.0]]], "extrinsics": [[[0.8212506175041199, -0.5705371499061584, -0.005891171284019947, -0.8568115234375], [0.007283858954906464, 0.02080778405070305, -0.999756932258606, 1.5092029571533203], [0.5705211162567139, 0.8210081458091736, 0.021244119852781296, -1.20513916015625], [0.0, 0.0, 0.0, 1.0]], [[0.006405956111848354, -0.9998382925987244, -0.01679815910756588, 0.0057373046875], [0.0020176246762275696, 0.016811393201351166, -0.9998566508293152, 1.520751953125], [0.9999774098396301, 0.006371146533638239, 0.002124992199242115, -1.583709716796875], [0.0, 0.0, 0.0, 1.0]], [[-0.8325213193893433, -0.5534163117408752, -0.02526918426156044, 0.96160888671875], [0.007679626811295748, 0.03407978266477585, -0.9993895888328552, 1.5042915344238281], [0.5539396405220032, -0.8322072625160217, -0.024122117087244987, -1.20159912109375], [0.0, 0.0, 0.0, 1.0]], [[0.947725236415863, 0.3186347484588623, 0.016991717740893364, -1.13531494140625], [0.016617681831121445, 0.003892363514751196, -0.999854326248169, 1.588676929473877], [-0.31865444779396057, 0.9478695392608643, -0.0016060777707025409, -0.105712890625], [0.0, 0.0, 0.0, 1.0]], [[0.002270754659548402, 0.9999019503593445, 0.013820277526974678, 0.00299072265625], [-0.00890294462442398, 0.013839978724718094, -0.9998645782470703, 1.5790538787841797], [-0.999957799911499, 0.002147392835468054, 0.008933496661484241, -0.0327301025390625], [0.0, 0.0, 0.0, 1.0]], [[-0.9348101019859314, 0.35495319962501526, -0.01176205463707447, 1.0780181884765625], [0.023627689108252525, 0.029112616553902626, -0.9992968440055847, 1.5529155731201172], [-0.35436123609542847, -0.934430718421936, -0.03560149297118187, -0.08563232421875], [0.0, 0.0, 0.0, 1.0]]], "view": [[0.0, -2.0, 100.0], [-2.0, 0.0, 100.0], [0.0, 0.0, 1.0]], "bev": "bev_46ad5083ad2c4207994cf8b0ff2db6a5.png", "aux": "aux_46ad5083ad2c4207994cf8b0ff2db6a5.npz", "visibility": "visibility_46ad5083ad2c4207994cf8b0ff2db6a5.png", "pose": [[-0.9978904128074646, -0.06492052972316742, 0.0, 265.0619201660156], [0.06492052972316742, -0.9978904128074646, 0.0, 912.2145385742188], [0.0, 0.0, 1.0, 0.0], [0.0, 0.0, 0.0, 1.0]], "pose_inverse": [[-0.9978904128074646, 0.06492052972316742, 0.0, 205.28131103515625], [-0.06492052972316742, -0.9978904128074646, 0.0, 927.4981079101562], [0.0, 0.0, 1.0, 0.0], [0.0, 0.0, 0.0, 1.0]], "cam_ids": [0, 1, 2, 3, 4, 5], "cam_channels": ["CAM_FRONT_LEFT", "CAM_FRONT", "CAM_FRONT_RIGHT", "CAM_BACK_LEFT", "CAM_BACK", "CAM_BACK_RIGHT"], "token": "46ad5083ad2c4207994cf8b0ff2db6a5", "scene": "scene-0969"}, {"images": ["samples/CAM_FRONT_LEFT/n015-2018-09-25-13-17-43+0800__CAM_FRONT_LEFT__1537852978154844.jpg", "samples/CAM_FRONT/n015-2018-09-25-13-17-43+0800__CAM_FRONT__1537852978162460.jpg", "samples/CAM_FRONT_RIGHT/n015-2018-09-25-13-17-43+0800__CAM_FRONT_RIGHT__1537852978170339.jpg", "samples/CAM_BACK_LEFT/n015-2018-09-25-13-17-43+0800__CAM_BACK_LEFT__1537852978197423.jpg", "samples/CAM_BACK/n015-2018-09-25-13-17-43+0800__CAM_BACK__1537852978187525.jpg", "samples/CAM_BACK_RIGHT/n015-2018-09-25-13-17-43+0800__CAM_BACK_RIGHT__1537852978177893.jpg"], "intrinsics": [[[1272.5979470598488, 0.0, 826.6154927353808], [0.0, 1272.5979470598488, 479.75165386361925], [0.0, 0.0, 1.0]], [[1266.417203046554, 0.0, 816.2670197447984], [0.0, 1266.417203046554, 491.50706579294757], [0.0, 0.0, 1.0]], [[1260.8474446004698, 0.0, 807.968244525554], [0.0, 1260.8474446004698, 495.3344268742088], [0.0, 0.0, 1.0]], [[1256.7414812095406, 0.0, 792.1125740759628], [0.0, 1256.7414812095406, 492.7757465151356], [0.0, 0.0, 1.0]], [[809.2209905677063, 0.0, 829.2196003259838], [0.0, 809.2209905677063, 481.77842384512485], [0.0, 0.0, 1.0]], [[1259.5137405846733, 0.0, 807.2529053838625], [0.0, 1259.5137405846733, 501.19579884916527], [0.0, 0.0, 1.0]]], "extrinsics": [[[0.8214747309684753, -0.5702434182167053, -0.00129076954908669, -0.86846923828125], [0.0066967071034014225, 0.011910396628081799, -0.999906599521637, 1.5090179443359375], [0.570205569267273, 0.821389377117157, 0.013602843508124352, -1.21435546875], [0.0, 0.0, 0.0, 1.0]], [[0.006708038039505482, -0.9999473690986633, -0.007760404609143734, 0.006591796875], [0.0012883358867838979, 0.007769214920699596, -0.9999690055847168, 1.5206518173217773], [0.9999766945838928, 0.006697824224829674, 0.0013403843622654676, -1.5959014892578125], [0.0, 0.0, 0.0, 1.0]], [[-0.8324036002159119, -0.5538282990455627, -0.019455891102552414, 0.96990966796875], [0.006792988162487745, 0.02490825764834881, -0.9996666312217712, 1.504140853881836], [0.5541283488273621, -0.8322582244873047, -0.016971571370959282, -1.20648193359375], [0.0, 0.0, 0.0, 1.0]], [[0.9477038383483887, 0.31890246272087097, 0.012600750662386417, -1.13800048828125], [0.015189917758107185, -0.005633210297673941, -0.9998687505722046, 1.5886226892471313], [-0.31878963112831116, 0.9477708339691162, -0.010182715952396393, -0.10516357421875], [0.0, 0.0, 0.0, 1.0]], [[0.00213293032720685, 0.9999880790710449, 0.004399423487484455, 0.00262451171875], [-0.010126981884241104, 0.004420807119458914, -0.99993896484375, 1.5790541172027588], [-0.9999464750289917, 0.002088257810100913, 0.010136288590729237, -0.028045654296875], [0.0, 0.0, 0.0, 1.0]], [[-0.93489009141922, 0.35465705394744873, -0.014104599133133888, 1.08447265625], [0.022608324885368347, 0.019844749942421913, -0.9995474219322205, 1.5526866912841797], [-0.35421663522720337, -0.9347859025001526, -0.026570862159132957, -0.08270263671875], [0.0, 0.0, 0.0, 1.0]]], "view": [[0.0, -2.0, 100.0], [-2.0, 0.0, 100.0], [0.0, 0.0, 1.0]], "bev": "bev_267475230bc34893b291b22c642161f6.png", "aux": "aux_267475230bc34893b291b22c642161f6.npz", "visibility": "visibility_267475230bc34893b291b22c642161f6.png", "pose": [[-0.9970368146896362, -0.07692594081163406, 0.0, 263.7013854980469], [0.07692594081163406, -0.9970368146896362, 0.0, 912.3201904296875], [0.0, 0.0, 1.0, 0.0], [0.0, 0.0, 0.0, 1.0]], "pose_inverse": [[-0.9970368146896362, 0.07692594081163406, 0.0, 192.73890686035156], [-0.07692594081163406, -0.9970368146896362, 0.0, 929.9022827148438], [0.0, 0.0, 1.0, 0.0], [0.0, 0.0, 0.0, 1.0]], "cam_ids": [0, 1, 2, 3, 4, 5], "cam_channels": ["CAM_FRONT_LEFT", "CAM_FRONT", "CAM_FRONT_RIGHT", "CAM_BACK_LEFT", "CAM_BACK", "CAM_BACK_RIGHT"], "token": "267475230bc34893b291b22c642161f6", "scene": "scene-0969"}, {"images": ["samples/CAM_FRONT_LEFT/n015-2018-09-25-13-17-43+0800__CAM_FRONT_LEFT__1537852978604844.jpg", "samples/CAM_FRONT/n015-2018-09-25-13-17-43+0800__CAM_FRONT__1537852978612460.jpg", "samples/CAM_FRONT_RIGHT/n015-2018-09-25-13-17-43+0800__CAM_FRONT_RIGHT__1537852978620339.jpg", "samples/CAM_BACK_LEFT/n015-2018-09-25-13-17-43+0800__CAM_BACK_LEFT__1537852978647423.jpg", "samples/CAM_BACK/n015-2018-09-25-13-17-43+0800__CAM_BACK__1537852978637525.jpg", "samples/CAM_BACK_RIGHT/n015-2018-09-25-13-17-43+0800__CAM_BACK_RIGHT__1537852978627893.jpg"], "intrinsics": [[[1272.5979470598488, 0.0, 826.6154927353808], [0.0, 1272.5979470598488, 479.75165386361925], [0.0, 0.0, 1.0]], [[1266.417203046554, 0.0, 816.2670197447984], [0.0, 1266.417203046554, 491.50706579294757], [0.0, 0.0, 1.0]], [[1260.8474446004698, 0.0, 807.968244525554], [0.0, 1260.8474446004698, 495.3344268742088], [0.0, 0.0, 1.0]], [[1256.7414812095406, 0.0, 792.1125740759628], [0.0, 1256.7414812095406, 492.7757465151356], [0.0, 0.0, 1.0]], [[809.2209905677063, 0.0, 829.2196003259838], [0.0, 809.2209905677063, 481.77842384512485], [0.0, 0.0, 1.0]], [[1259.5137405846733, 0.0, 807.2529053838625], [0.0, 1259.5137405846733, 501.19579884916527], [0.0, 0.0, 1.0]]], "extrinsics": [[[0.821067750453949, -0.5707917213439941, -0.006677350495010614, -0.87371826171875], [0.003563139121979475, 0.016822146251797676, -0.999852180480957, 1.508636474609375], [0.570819616317749, 0.8209226131439209, 0.01584593392908573, -1.21722412109375], [0.0, 0.0, 0.0, 1.0]], [[0.00613643042743206, -0.9999010562896729, -0.01265503466129303, 0.00592041015625], [-0.0017760128248482943, 0.012644357047975063, -0.999918520450592, 1.5203666687011719], [0.9999796152114868, 0.006158416625112295, -0.0016982459928840399, -1.6013946533203125], [0.0, 0.0, 0.0, 1.0]], [[-0.8326850533485413, -0.5533989667892456, -0.019625714048743248, 0.97393798828125], [0.0037961588241159916, 0.029736032709479332, -0.9995505809783936, 1.5039024353027344], [0.5537338852882385, -0.8323853015899658, -0.02265995927155018, -1.20947265625], [0.0, 0.0, 0.0, 1.0]], [[0.9477447867393494, 0.31883153319358826, 0.011233887635171413, -1.14068603515625], [0.012267537415027618, -0.0012340681860223413, -0.9999240040779114, 1.5885745286941528], [-0.3187934160232544, 0.9478105902671814, -0.005080858711153269, -0.1041259765625], [0.0, 0.0, 0.0, 1.0]], [[0.002298582810908556, 0.9999568462371826, 0.009012050926685333, 0.00262451171875], [-0.01306557934731245, 0.009041336365044117, -0.9998737573623657, 1.5790081024169922], [-0.9999120831489563, 0.002180534414947033, 0.013085795566439629, -0.0247802734375], [0.0, 0.0, 0.0, 1.0]], [[-0.9348238706588745, 0.3549811542034149, -0.00963470246642828, 1.0883331298828125], [0.01964397169649601, 0.024603351950645447, -0.9995043277740479, 1.5524463653564453], [-0.35456815361976624, -0.9345497488975525, -0.029973041266202927, -0.0814208984375], [0.0, 0.0, 0.0, 1.0]]], "view": [[0.0, -2.0, 100.0], [-2.0, 0.0, 100.0], [0.0, 0.0, 1.0]], "bev": "bev_a04f92ca8aea48e285714e22af462950.png", "aux": "aux_a04f92ca8aea48e285714e22af462950.npz", "visibility": "visibility_a04f92ca8aea48e285714e22af462950.png", "pose": [[-0.9964585900306702, -0.08408518135547638, 0.0, 262.5550842285156], [0.08408518135547638, -0.9964585900306702, 0.0, 912.4215087890625], [0.0, 0.0, 1.0, 0.0], [0.0, 0.0, 0.0, 1.0]], "pose_inverse": [[-0.9964585900306702, 0.08408518135547638, 0.0, 184.9041290283203], [-0.08408518135547638, -0.9964585900306702, 0.0, 931.2672119140625], [0.0, 0.0, 1.0, 0.0], [0.0, 0.0, 0.0, 1.0]], "cam_ids": [0, 1, 2, 3, 4, 5], "cam_channels": ["CAM_FRONT_LEFT", "CAM_FRONT", "CAM_FRONT_RIGHT", "CAM_BACK_LEFT", "CAM_BACK", "CAM_BACK_RIGHT"], "token": "a04f92ca8aea48e285714e22af462950", "scene": "scene-0969"}, {"images": ["samples/CAM_FRONT_LEFT/n015-2018-09-25-13-17-43+0800__CAM_FRONT_LEFT__1537852979104844.jpg", "samples/CAM_FRONT/n015-2018-09-25-13-17-43+0800__CAM_FRONT__1537852979112460.jpg", "samples/CAM_FRONT_RIGHT/n015-2018-09-25-13-17-43+0800__CAM_FRONT_RIGHT__1537852979120339.jpg", "samples/CAM_BACK_LEFT/n015-2018-09-25-13-17-43+0800__CAM_BACK_LEFT__1537852979147463.jpg", "samples/CAM_BACK/n015-2018-09-25-13-17-43+0800__CAM_BACK__1537852979137525.jpg", "samples/CAM_BACK_RIGHT/n015-2018-09-25-13-17-43+0800__CAM_BACK_RIGHT__1537852979127893.jpg"], "intrinsics": [[[1272.5979470598488, 0.0, 826.6154927353808], [0.0, 1272.5979470598488, 479.75165386361925], [0.0, 0.0, 1.0]], [[1266.417203046554, 0.0, 816.2670197447984], [0.0, 1266.417203046554, 491.50706579294757], [0.0, 0.0, 1.0]], [[1260.8474446004698, 0.0, 807.968244525554], [0.0, 1260.8474446004698, 495.3344268742088], [0.0, 0.0, 1.0]], [[1256.7414812095406, 0.0, 792.1125740759628], [0.0, 1256.7414812095406, 492.7757465151356], [0.0, 0.0, 1.0]], [[809.2209905677063, 0.0, 829.2196003259838], [0.0, 809.2209905677063, 481.77842384512485], [0.0, 0.0, 1.0]], [[1259.5137405846733, 0.0, 807.2529053838625], [0.0, 1259.5137405846733, 501.19579884916527], [0.0, 0.0, 1.0]]], "extrinsics": [[[0.8208078145980835, -0.5711973309516907, -0.0028735387604683638, -0.87530517578125], [0.0010451719863340259, 0.006532525643706322, -0.9999781250953674, 1.508357048034668], [0.5712035894393921, 0.8207867741584778, 0.005958947353065014, -1.21881103515625], [0.0, 0.0, 0.0, 1.0]], [[0.00574756134301424, -0.9999804496765137, -0.0024736695922911167, 0.0062255859375], [-0.004203032702207565, 0.0024495311081409454, -0.9999881982803345, 1.5201557874679565], [0.9999746680259705, 0.005757893435657024, -0.00418887147679925, -1.602813720703125], [0.0, 0.0, 0.0, 1.0]], [[-0.8328905701637268, -0.5533055067062378, -0.012093586847186089, 0.97454833984375], [0.0014710543910041451, 0.019638363271951675, -0.9998059868812561, 1.5037364959716797], [0.5534356832504272, -0.8327468633651733, -0.015542663633823395, -1.20977783203125], [0.0, 0.0, 0.0, 1.0]], [[0.9477585554122925, 0.3189260959625244, 0.006307748146355152, -1.14166259765625], [0.010345835238695145, -0.010969070717692375, -0.9998862743377686, 1.5885586738586426], [-0.31882062554359436, 0.9477161169052124, -0.0136955874040