[{"images": ["samples/CAM_FRONT_LEFT/n015-2018-11-21-19-21-35+0800__CAM_FRONT_LEFT__1542799602104844.jpg", "samples/CAM_FRONT/n015-2018-11-21-19-21-35+0800__CAM_FRONT__1542799602112460.jpg", "samples/CAM_FRONT_RIGHT/n015-2018-11-21-19-21-35+0800__CAM_FRONT_RIGHT__1542799602120339.jpg", "samples/CAM_BACK_LEFT/n015-2018-11-21-19-21-35+0800__CAM_BACK_LEFT__1542799602147423.jpg", "samples/CAM_BACK/n015-2018-11-21-19-21-35+0800__CAM_BACK__1542799602137525.jpg", "samples/CAM_BACK_RIGHT/n015-2018-11-21-19-21-35+0800__CAM_BACK_RIGHT__1542799602127893.jpg"], "intrinsics": [[[1272.5979470598488, 0.0, 826.6154927353808], [0.0, 1272.5979470598488, 479.75165386361925], [0.0, 0.0, 1.0]], [[1266.417203046554, 0.0, 816.2670197447984], [0.0, 1266.417203046554, 491.50706579294757], [0.0, 0.0, 1.0]], [[1260.8474446004698, 0.0, 807.968244525554], [0.0, 1260.8474446004698, 495.3344268742088], [0.0, 0.0, 1.0]], [[1256.7414812095406, 0.0, 792.1125740759628], [0.0, 1256.7414812095406, 492.7757465151356], [0.0, 0.0, 1.0]], [[809.2209905677063, 0.0, 829.2196003259838], [0.0, 809.2209905677063, 481.77842384512485], [0.0, 0.0, 1.0]], [[1259.5137405846733, 0.0, 807.2529053838625], [0.0, 1259.5137405846733, 501.19579884916527], [0.0, 0.0, 1.0]]], "extrinsics": [[[0.8206438422203064, -0.571144700050354, 0.018367715179920197, -0.929931640625], [-0.003002352314069867, -0.036451853811740875, -0.9993309378623962, 1.50811767578125], [0.5714321136474609, 0.8200395703315735, -0.031628768891096115, -1.2554931640625], [0.0, 0.0, 0.0, 1.0]], [[0.00547114759683609, -0.9991670250892639, 0.04043880105018616, 0.005615234375], [-0.00830219965428114, -0.040483396500349045, -0.9991457462310791, 1.520233154296875], [0.9999505281448364, 0.005130654666572809, -0.008516774512827396, -1.6568603515625], [0.0, 0.0, 0.0, 1.0]], [[-0.8330855965614319, -0.5529380440711975, 0.015092638321220875, 1.009521484375], [-0.002674899296835065, -0.023257719352841377, -0.999725878238678, 1.5035781860351562], [0.5531375408172607, -0.8328976631164551, 0.017896618694067, -1.23388671875], [0.0, 0.0, 0.0, 1.0]], [[0.9478759169578552, 0.3184383511543274, -0.011324898339807987, -1.142486572265625], [0.00603926507756114, -0.05348901450634003, -0.9985501170158386, 1.5885467529296875], [-0.3185824453830719, 0.9464332461357117, -0.05262408405542374, -0.103759765625], [0.0, 0.0, 0.0, 1.0]], [[0.002716895192861557, 0.9990463852882385, -0.043575920164585114, 0.002685546875], [-0.019389163702726364, -0.04351525753736496, -0.9988646507263184, 1.5791702270507812], [-0.9998083114624023, 0.0035586648155003786, 0.01925245113670826, -0.00787353515625], [0.0, 0.0, 0.0, 1.0]], [[-0.9347047209739685, 0.35471928119659424, -0.022387200966477394, 1.1180419921875], [0.013222289271652699, -0.028240293264389038, -0.9995137453079224, 1.5517120361328125], [-0.3551790714263916, -0.9345462322235107, 0.02170613594353199, -0.070556640625], [0.0, 0.0, 0.0, 1.0]]], "view": [[0.0, -2.0, 100.0], [-2.0, 0.0, 100.0], [0.0, 0.0, 1.0]], "bev": "bev_2920a3315ccd4fefb30fb0468ebb2351.png", "aux": "aux_2920a3315ccd4fefb30fb0468ebb2351.npz", "visibility": "visibility_2920a3315ccd4fefb30fb0468ebb2351.png", "pose": [[-0.7716541290283203, -0.6360423564910889, 0.0, 1216.984130859375], [0.6360423564910889, -0.7716541290283203, 0.0, 2792.731201171875], [0.0, 0.0, 1.0, 0.0], [0.0, 0.0, 0.0, 1.0]], "pose_inverse": [[-0.7716541290283203, 0.6360423564910889, 0.0, -837.2045288085938], [-0.6360423564910889, -0.7716541290283203, 0.0, 2929.076171875], [0.0, 0.0, 1.0, 0.0], [0.0, 0.0, 0.0, 1.0]], "cam_ids": [0, 1, 2, 3, 4, 5], "cam_channels": ["CAM_FRONT_LEFT", "CAM_FRONT", "CAM_FRONT_RIGHT", "CAM_BACK_LEFT", "CAM_BACK", "CAM_BACK_RIGHT"], "token": "2920a3315ccd4fefb30fb0468ebb2351", "scene": "scene-1068"}, {"images": ["samples/CAM_FRONT_LEFT/n015-2018-11-21-19-21-35+0800__CAM_FRONT_LEFT__1542799602604844.jpg", "samples/CAM_FRONT/n015-2018-11-21-19-21-35+0800__CAM_FRONT__1542799602612460.jpg", "samples/CAM_FRONT_RIGHT/n015-2018-11-21-19-21-35+0800__CAM_FRONT_RIGHT__1542799602620339.jpg", "samples/CAM_BACK_LEFT/n015-2018-11-21-19-21-35+0800__CAM_BACK_LEFT__1542799602647423.jpg", "samples/CAM_BACK/n015-2018-11-21-19-21-35+0800__CAM_BACK__1542799602637525.jpg", "samples/CAM_BACK_RIGHT/n015-2018-11-21-19-21-35+0800__CAM_BACK_RIGHT__1542799602627893.jpg"], "intrinsics": [[[1272.5979470598488, 0.0, 826.6154927353808], [0.0, 1272.5979470598488, 479.75165386361925], [0.0, 0.0, 1.0]], [[1266.417203046554, 0.0, 816.2670197447984], [0.0, 1266.417203046554, 491.50706579294757], [0.0, 0.0, 1.0]], [[1260.8474446004698, 0.0, 807.968244525554], [0.0, 1260.8474446004698, 495.3344268742088], [0.0, 0.0, 1.0]], [[1256.7414812095406, 0.0, 792.1125740759628], [0.0, 1256.7414812095406, 492.7757465151356], [0.0, 0.0, 1.0]], [[809.2209905677063, 0.0, 829.2196003259838], [0.0, 809.2209905677063, 481.77842384512485], [0.0, 0.0, 1.0]], [[1259.5137405846733, 0.0, 807.2529053838625], [0.0, 1259.5137405846733, 501.19579884916527], [0.0, 0.0, 1.0]]], "extrinsics": [[[0.8206225037574768, -0.5712671279907227, 0.015246376395225525, -0.93115234375], [-0.00582585483789444, -0.03504066541790962, -0.9993689060211182, 1.5080184936523438], [0.5714408159255981, 0.8200158476829529, -0.03208328038454056, -1.2569580078125], [0.0, 0.0, 0.0, 1.0]], [[0.005475795362144709, -0.9992229342460632, 0.0390317365527153, 0.005615234375], [-0.011124310083687305, -0.039090778678655624, -0.9991737604141235, 1.520172119140625], [0.999923050403595, 0.005037024151533842, -0.011329717934131622, -1.65814208984375], [0.0, 0.0, 0.0, 1.0]], [[-0.8330918550491333, -0.5528831481933594, 0.016682108864188194, 1.01043701171875], [-0.005495576653629541, -0.02188444510102272, -0.9997453689575195, 1.5035057067871094], [0.5531073808670044, -0.8329713344573975, 0.015193342231214046, -1.23388671875], [0.0, 0.0, 0.0, 1.0]], [[0.9478498697280884, 0.31842684745788574, -0.01359876524657011, -1.14166259765625], [0.0032159460242837667, -0.05222039669752121, -0.9986304044723511, 1.5885772705078125], [-0.3187008500099182, 0.94650799036026, -0.05052114650607109, -0.10400390625], [0.0, 0.0, 0.0, 1.0]], [[0.0026497573126107454, 0.9991029500961304, -0.04226396977901459, 0.002685546875], [-0.022233454510569572, -0.042194806039333344, -0.9988619685173035, 1.5791549682617188], [-0.9997493028640747, 0.003586367703974247, 0.02210170403122902, -0.0079345703125], [0.0, 0.0, 0.0, 1.0]], [[-0.9347364902496338, 0.35481926798820496, -0.01926281675696373, 1.1182861328125], [0.010393400676548481, -0.026886146515607834, -0.9995844960212708, 1.551666259765625], [-0.3551897406578064, -0.9345482587814331, 0.021443679928779602, -0.0703125], [0.0, 0.0, 0.0, 1.0]]], "view": [[0.0, -2.0, 100.0], [-2.0, 0.0, 100.0], [0.0, 0.0, 1.0]], "bev": "bev_f0c5f2e39613434ab3062df609f6a46a.png", "aux": "aux_f0c5f2e39613434ab3062df609f6a46a.npz", "visibility": "visibility_f0c5f2e39613434ab3062df609f6a46a.png", "pose": [[-0.7712106704711914, -0.6365799903869629, 0.0, 1216.57958984375], [0.6365799903869629, -0.7712106704711914, 0.0, 2793.067138671875], [0.0, 0.0, 1.0, 0.0], [0.0, 0.0, 0.0, 1.0]], "pose_inverse": [[-0.7712106704711914, 0.6365799903869629, 0.0, -839.771484375], [-0.6365799903869629, -0.7712106704711914, 0.0, 2928.493408203125], [0.0, 0.0, 1.0, 0.0], [0.0, 0.0, 0.0, 1.0]], "cam_ids": [0, 1, 2, 3, 4, 5], "cam_channels": ["CAM_FRONT_LEFT", "CAM_FRONT", "CAM_FRONT_RIGHT", "CAM_BACK_LEFT", "CAM_BACK", "CAM_BACK_RIGHT"], "token": "f0c5f2e39613434ab3062df609f6a46a", "scene": "scene-1068"}, {"images": ["samples/CAM_FRONT_LEFT/n015-2018-11-21-19-21-35+0800__CAM_FRONT_LEFT__1542799603104844.jpg", "samples/CAM_FRONT/n015-2018-11-21-19-21-35+0800__CAM_FRONT__1542799603112460.jpg", "samples/CAM_FRONT_RIGHT/n015-2018-11-21-19-21-35+0800__CAM_FRONT_RIGHT__1542799603120339.jpg", "samples/CAM_BACK_LEFT/n015-2018-11-21-19-21-35+0800__CAM_BACK_LEFT__1542799603147426.jpg", "samples/CAM_BACK/n015-2018-11-21-19-21-35+0800__CAM_BACK__1542799603137525.jpg", "samples/CAM_BACK_RIGHT/n015-2018-11-21-19-21-35+0800__CAM_BACK_RIGHT__1542799603127893.jpg"], "intrinsics": [[[1272.5979470598488, 0.0, 826.6154927353808], [0.0, 1272.5979470598488, 479.75165386361925], [0.0, 0.0, 1.0]], [[1266.417203046554, 0.0, 816.2670197447984], [0.0, 1266.417203046554, 491.50706579294757], [0.0, 0.0, 1.0]], [[1260.8474446004698, 0.0, 807.968244525554], [0.0, 1260.8474446004698, 495.3344268742088], [0.0, 0.0, 1.0]], [[1256.7414812095406, 0.0, 792.1125740759628], [0.0, 1256.7414812095406, 492.7757465151356], [0.0, 0.0, 1.0]], [[809.2209905677063, 0.0, 829.2196003259838], [0.0, 809.2209905677063, 481.77842384512485], [0.0, 0.0, 1.0]], [[1259.5137405846733, 0.0, 807.2529053838625], [0.0, 1259.5137405846733, 501.19579884916527], [0.0, 0.0, 1.0]]], "extrinsics": [[[0.8205686807632446, -0.5713370442390442, 0.015526209026575089, -0.946533203125], [-0.00530261779204011, -0.03477415814995766, -0.9993811249732971, 1.5081253051757812], [0.5715233683586121, 0.8199785351753235, -0.03156416863203049, -1.2674560546875], [0.0, 0.0, 0.0, 1.0]], [[0.005403210408985615, -0.9992339015007019, 0.038759563118219376, 0.005126953125], [-0.010591857135295868, -0.03881514444947243, -0.9991903305053711, 1.5203399658203125], [0.9999292492866516, 0.0049882675521075726, -0.010793469846248627, -1.673828125], [0.0, 0.0, 0.0, 1.0]], [[-0.8331202864646912, -0.552858293056488, 0.016071725636720657, 1.02032470703125], [-0.0049527352675795555, -0.0215996652841568, -0.9997544288635254, 1.5035743713378906], [0.5530696511268616, -0.8329952359199524, 0.015256958082318306, -1.2412109375], [0.0, 0.0, 0.0, 1.0]], [[0.9478539228439331, 0.31843841075897217, -0.013029607944190502, -1.1417694091796875], [0.0037110198754817247, -0.05190786346793175, -0.9986449480056763, 1.58856201171875], [-0.31868329644203186, 0.9465212821960449, -0.05038280412554741, -0.103759765625], [0.0, 0.0, 0.0, 1.0]], [[0.002677933080121875, 0.9991154074668884, -0.04196583479642868, 0.002685546875], [-0.02169954776763916, -0.04189804196357727, -0.998886227607727, 1.5792465209960938], [-0.9997609257698059, 0.0035855986643582582, 0.02156814932823181, -0.00341796875], [0.0, 0.0, 0.0, 1.0]], [[-0.934718132019043, 0.3548451066017151, -0.019672153517603874, 1.1265869140625], [0.010938898660242558, -0.02660098858177662, -0.999586284160614, 1.5515670776367188], [-0.35522159934043884, -0.9345465898513794, 0.020982811227440834, -0.0673828125], [0.0, 0.0, 0.0, 1.0]]], "view": [[0.0, -2.0, 100.0], [-2.0, 0.0, 100.0], [0.0, 0.0, 1.0]], "bev": "bev_15e3c606ce914cb9a30c3ea7747a1779.png", "aux": "aux_15e3c606ce914cb9a30c3ea7747a1779.npz", "visibility": "visibility_15e3c606ce914cb9a30c3ea7747a1779.png", "pose": [[-0.7714020609855652, -0.6363480687141418, 0.0, 1216.2955322265625], [0.6363480687141418, -0.7714020609855652, 0.0, 2793.302001953125], [0.0, 0.0, 1.0, 0.0], [0.0, 0.0, 0.0, 1.0]], "pose_inverse": [[-0.7714020609855652, 0.6363480687141418, 0.0, -839.2594604492188], [-0.6363480687141418, -0.7714020609855652, 0.0, 2928.746337890625], [0.0, 0.0, 1.0, 0.0], [0.0, 0.0, 0.0, 1.0]], "cam_ids": [0, 1, 2, 3, 4, 5], "cam_channels": ["CAM_FRONT_LEFT", "CAM_FRONT", "CAM_FRONT_RIGHT", "CAM_BACK_LEFT", "CAM_BACK", "CAM_BACK_RIGHT"], "token": "15e3c606ce914cb9a30c3ea7747a1779", "scene": "scene-1068"}, {"images": ["samples/CAM_FRONT_LEFT/n015-2018-11-21-19-21-35+0800__CAM_FRONT_LEFT__1542799603604844.jpg", "samples/CAM_FRONT/n015-2018-11-21-19-21-35+0800__CAM_FRONT__1542799603612460.jpg", "samples/CAM_FRONT_RIGHT/n015-2018-11-21-19-21-35+0800__CAM_FRONT_RIGHT__1542799603620339.jpg", "samples/CAM_BACK_LEFT/n015-2018-11-21-19-21-35+0800__CAM_BACK_LEFT__1542799603647423.jpg", "samples/CAM_BACK/n015-2018-11-21-19-21-35+0800__CAM_BACK__1542799603637525.jpg", "samples/CAM_BACK_RIGHT/n015-2018-11-21-19-21-35+0800__CAM_BACK_RIGHT__1542799603627893.jpg"], "intrinsics": [[[1272.5979470598488, 0.0, 826.6154927353808], [0.0, 1272.5979470598488, 479.75165386361925], [0.0, 0.0, 1.0]], [[1266.417203046554, 0.0, 816.2670197447984], [0.0, 1266.417203046554, 491.50706579294757], [0.0, 0.0, 1.0]], [[1260.8474446004698, 0.0, 807.968244525554], [0.0, 1260.8474446004698, 495.3344268742088], [0.0, 0.0, 1.0]], [[1256.7414812095406, 0.0, 792.1125740759628], [0.0, 1256.7414812095406, 492.7757465151356], [0.0, 0.0, 1.0]], [[809.2209905677063, 0.0, 829.2196003259838], [0.0, 809.2209905677063, 481.77842384512485], [0.0, 0.0, 1.0]], [[1259.5137405846733, 0.0, 807.2529053838625], [0.0, 1259.5137405846733, 501.19579884916527], [0.0, 0.0, 1.0]]], "extrinsics": [[[0.8205714225769043, -0.5713320374488831, 0.015560310333967209, -0.96435546875], [-0.005096585489809513, -0.034538473933935165, -0.9993903636932373, 1.50823974609375], [0.5715211629867554, 0.819991946220398, -0.03125312924385071, -1.2799072265625], [0.0, 0.0, 0.0, 1.0]], [[0.005393991246819496, -0.9992419481277466, 0.03855343908071518, 0.005126953125], [-0.010314088314771652, -0.03860754519701004, -0.999201238155365, 1.5205230712890625], [0.9999322891235352, 0.0049920156598091125, -0.010514519177377224, -1.69146728515625], [0.0, 0.0, 0.0, 1.0]], [[-0.8331239819526672, -0.5528640151023865, 0.015679193660616875, 1.031982421875], [-0.004600181244313717, -0.02142101339995861, -0.9997599720954895, 1.5036506652832031], [0.5530672073364258, -0.832996129989624, 0.015303084626793861, -1.248291015625], [0.0, 0.0, 0.0, 1.0]], [[0.9478539228439331, 0.3184663653373718, -0.012341490015387535, -1.14215087890625], [0.004411897622048855, -0.051831599324941635, -0.998646080493927, 1.5885467529296875], [-0.318674772977829, 0.9465160965919495, -0.05053382366895676, -0.103515625], [0.0, 0.0, 0.0, 1.0]], [[0.002685698214918375, 0.9991199970245361, -0.041857942938804626, 0.002685546875], [-0.021155130118131638, -0.04179195687174797, -0.9989023208618164, 1.5793609619140625], [-0.9997725486755371, 0.003568239975720644, 0.021024269983172417, 0.001953125], [0.0, 0.0, 0.0, 1.0]], [[-0.9347122311592102, 0.3548413813114166, -0.020014425739645958, 1.135986328125], [0.011361631564795971, -0.026452023535966873, -0.9995855093002319, 1.55145263671875], [-0.3552238345146179, -0.9345523118972778, 0.020693454891443253, -0.063720703125], [0.0, 0.0, 0.0, 1.0]]], "view": [[0.0, -2.0, 100.0], [-2.0, 0.0, 100.0], [0.0, 0.0, 1.0]], "bev": "bev_1835a3f7c52240c2b779b6ee8b48c6f7.png", "aux": "aux_1835a3f7c52240c2b779b6ee8b48c6f7.npz", "visibility": "visibility_1835a3f7c52240c2b779b6ee8b48c6f7.png", "pose": [[-0.771521806716919, -0.636202871799469, 0.0, 1216.211181640625], [0.636202871799469, -0.771521806716919, 0.0, 2793.37158203125], [0.0, 0.0, 1.0, 0.0], [0.0, 0.0, 0.0, 1.0]], "pose_inverse": [[-0.771521806716919, 0.636202871799469, 0.0, -838.8175659179688], [-0.636202871799469, -0.771521806716919, 0.0, 2928.904052734375], [0.0, 0.0, 1.0, 0.0], [0.0, 0.0, 0.0, 1.0]], "cam_ids": [0, 1, 2, 3, 4, 5], "cam_channels": ["CAM_FRONT_LEFT", "CAM_FRONT", "CAM_FRONT_RIGHT", "CAM_BACK_LEFT", "CAM_BACK", "CAM_BACK_RIGHT"], "token": "1835a3f7c52240c2b779b6ee8b48c6f7", "scene": "scene-1068"}, {"images": ["samples/CAM_FRONT_LEFT/n015-2018-11-21-19-21-35+0800__CAM_FRONT_LEFT__1542799604104844.jpg", "samples/CAM_FRONT/n015-2018-11-21-19-21-35+0800__CAM_FRONT__1542799604112460.jpg", "samples/CAM_FRONT_RIGHT/n015-2018-11-21-19-21-35+0800__CAM_FRONT_RIGHT__1542799604120339.jpg", "samples/CAM_BACK_LEFT/n015-2018-11-21-19-21-35+0800__CAM_BACK_LEFT__1542799604147423.jpg", "samples/CAM_BACK/n015-2018-11-21-19-21-35+0800__CAM_BACK__1542799604137525.jpg", "samples/CAM_BACK_RIGHT/n015-2018-11-21-19-21-35+0800__CAM_BACK_RIGHT__1542799604127893.jpg"], "intrinsics": [[[1272.5979470598488, 0.0, 826.6154927353808], [0.0, 1272.5979470598488, 479.75165386361925], [0.0, 0.0, 1.0]], [[1266.417203046554, 0.0, 816.2670197447984], [0.0, 1266.417203046554, 491.50706579294757], [0.0, 0.0, 1.0]], [[1260.8474446004698, 0.0, 807.968244525554], [0.0, 1260.8474446004698, 495.3344268742088], [0.0, 0.0, 1.0]], [[1256.7414812095406, 0.0, 792.1125740759628], [0.0, 1256.7414812095406, 492.7757465151356], [0.0, 0.0, 1.0]], [[809.2209905677063, 0.0, 829.2196003259838], [0.0, 809.2209905677063, 481.77842384512485], [0.0, 0.0, 1.0]], [[1259.5137405846733, 0.0, 807.2529053838625], [0.0, 1259.5137405846733, 501.19579884916527], [0.0, 0.0, 1.0]]], "extrinsics": [[[0.8205526471138, -0.5712929368019104, 0.01782432198524475, -0.9658203125], [-0.0025441113393753767, -0.03483505919575691, -0.9993898272514343, 1.5082550048828125], [0.5715652704238892, 0.8200066685676575, -0.03003743290901184, -1.281005859375], [0.0, 0.0, 0.0, 1.0]], [[0.005342748016119003, -0.9992309212684631, 0.038844846189022064, 0.005126953125], [-0.007804192136973143, -0.03888588771224022, -0.9992132186889648, 1.520538330078125], [0.9999552369117737, 0.005035431124269962, -0.00800594873726368, -1.6934814453125], [0.0, 0.0, 0.0, 1.0]], [[-0.8331345915794373, -0.5528987646102905, 0.013767784461379051, 1.03302001953125], [-0.002133615082129836, -0.02168015018105507, -0.9997626543045044, 1.5036430358886719], [0.553066074848175, -0.8329663276672363, 0.01688281074166298, -1.2490234375], [0.0, 0.0, 0.0, 1.0]], [[0.9478709697723389, 0.3184887766838074, -0.010271130129694939, -1.1421356201171875], [0.006655352655798197, -0.052012547850608826, -0.9986242055892944, 1.58856201171875], [-0.3185848593711853, 0.9464985728263855, -0.05142084136605263, -0.103759765625], [0.0, 0.0, 0.0, 1.0]], [[0.002744413912296295, 0.9991116523742676, -0.04205240681767464, 0.002685546875], [-0.018807031214237213, -0.041993554681539536, -0.9989408254623413, 1.5793609619140625], [-0.9998193979263306, 0.0035324194468557835, 0.018675079569220543, 0.00201416015625], [0.0, 0.0, 0.0, 1.0]], [[-0.9346770644187927, 0.3547936677932739, -0.022364994511008263, 1.1368408203125], [0.01378688681870699, -0.02668767236173153, -0.9995487332344055, 1.5514450073242188], [-0.3552304208278656, -0.9345636963844299, 0.020052853971719742, -0.0634765625], [0.0, 0.0, 0.0, 1.0]]], "view": [[0.0, -2.0, 100.0], [-2.0, 0.0, 100.0], [0.0, 0.0, 1.0]], "bev": "bev_f634fd065ee24e3f9524e44b8853d67e.png", "aux": "aux_f634fd065ee24e3f9524e44b8853d67e.npz", "visibility": "visibility_f634fd065ee24e3f9524e44b8853d67e.png", "pose": [[-0.7714180946350098, -0.6363286375999451, 0.0, 1216.2293701171875], [0.6363286375999451, -0.7714180946350098, 0.0, 2793.358154296875], [0.0, 0.0, 1.0, 0.0], [0.0, 0.0, 0.0, 1.0]], "pose_inverse": [[-0.7714180946350098, 0.6363286375999451, 0.0, -839.2723999023438], [-0.6363286375999451, -0.7714180946350098, 0.0, 2928.7685546875], [0.0, 0.0, 1.0, 0.0], [0.0, 0.0, 0.0, 1.0]], "cam_ids": [0, 1, 2, 3, 4, 5], "cam_channels": ["CAM_FRONT_LEFT", "CAM_FRONT", "CAM_FRONT_RIGHT", "CAM_BACK_LEFT", "CAM_BACK", "CAM_BACK_RIGHT"], "token": "f634fd065ee24e3f9524e44b8853d67e", "scene": "scene-1068"}, {"images": ["samples/CAM_FRONT_LEFT/n015-2018-11-21-19-21-35+0800__CAM_FRONT_LEFT__1542799604604844.jpg", "samples/CAM_FRONT/n015-2018-11-21-19-21-35+0800__CAM_FRONT__1542799604612460.jpg", "samples/CAM_FRONT_RIGHT/n015-2018-11-21-19-21-35+0800__CAM_FRONT_RIGHT__1542799604620339.jpg", "samples/CAM_BACK_LEFT/n015-2018-11-21-19-21-35+0800__CAM_BACK_LEFT__1542799604647423.jpg", "samples/CAM_BACK/n015-2018-11-21-19-21-35+0800__CAM_BACK__1542799604637525.jpg", "samples/CAM_BACK_RIGHT/n015-2018-11-21-19-21-35+0800__CAM_BACK_RIGHT__1542799604627893.jpg"], "intrinsics": [[[1272.5979470598488, 0.0, 826.6154927353808], [0.0, 1272.5979470598488, 479.75165386361925], [0.0, 0.0, 1.0]], [[1266.417203046554, 0.0, 816.2670197447984], [0.0, 1266.417203046554, 491.50706579294757], [0.0, 0.0, 1.0]], [[1260.8474446004698, 0.0, 807.968244525554], [0.0, 1260.8474446004698, 495.3344268742088], [0.0, 0.0, 1.0]], [[1256.7414812095406, 0.0, 792.1125740759628], [0.0, 1256.7414812095406, 492.7757465151356], [0.0, 0.0, 1.0]], [[809.2209905677063, 0.0, 829.2196003259838], [0.0, 809.2209905677063, 481.77842384512485], [0.0, 0.0, 1.0]], [[1259.5137405846733, 0.0, 807.2529053838625], [0.0, 1259.5137405846733, 501.19579884916527], [0.0, 0.0, 1.0]]], "extrinsics": [[[0.8205715417861938, -0.5712540745735168, 0.018198275938630104, -0.965087890625], [-0.0021378479432314634, -0.03490810841321945, -0.9993882179260254, 1.5082473754882812], [0.5715399384498596, 0.8200305700302124, -0.029865849763154984, -1.2802734375], [0.0, 0.0, 0.0, 1.0]], [[0.005366398487240076, -0.9992278218269348, 0.0389198400080204, 0.0048828125], [-0.007451966404914856, -0.038959283381700516, -0.9992130398750305, 1.5205307006835938], [0.9999577403068542, 0.005072193685919046, -0.007655283436179161, -1.69244384765625], [0.0, 0.0, 0.0, 1.0]], [[-0.8331223726272583, -0.5529223680496216, 0.01356230117380619, 1.03240966796875], [-0.0018377224914729595, -0.021753542125225067, -0.9997616410255432, 1.5036430358886719], [0.5530855655670166, -0.8329487442970276, 0.017107246443629265, -1.248779296875], [0.0, 0.0, 0.0, 1.0]], [[0.9478698372840881, 0.3184952735900879, -0.010170923545956612, -1.1421966552734375], [0.00678043719381094, -0.052069421857595444, -0.9986204504966736, 1.58856201171875], [-0.31858548521995544, 0.9464933276176453, -0.05151456966996193, -0.10400390625], [0.0, 0.0, 0.0, 1.0]], [[0.002738636452704668, 0.9991089701652527, -0.04211742430925369, 0.0029296875], [-0.018617575988173485, -0.042059339582920074, -0.9989416599273682, 1.5793609619140625], [-0.9998228549957275, 0.0035197699908167124, 0.01848580501973629, 0.00213623046875], [0.0, 0.0, 0.0, 1.0]], [[-0.934679388999939, 0.35477137565612793, -0.022620731964707375, 1.1363525390625], [0.014032364822924137, -0.026762705296278, -0.999543309211731, 1.55145263671875], [-0.35521480441093445, -0.9345699548721313, 0.02003626711666584, -0.06396484375], [0.0, 0.0, 0.0, 1.0]]], "view": [[0.0, -2.0, 100.0], [-2.0, 0.0, 100.0], [0.0, 0.0, 1.0]], "bev": "bev_23529e9ba7ec409185a315f007455400.png", "aux": "aux_23529e9ba7ec409185a315f007455400.npz", "visibility": "visibility_23529e9ba7ec409185a315f007455400.png", "pose": [[-0.7713950276374817, -0.6363565921783447, 0.0, 1216.233154296875], [0.6363565921783447, -0.7713950276374817, 0.0, 2793.3564453125], [0.0, 0.0, 1.0, 0.0], [0.0, 0.0, 0.0, 1.0]], "pose_inverse": [[-0.7713950276374817, 0.6363565921783447, 0.0, -839.3745727539062], [-0.6363565921783447, -0.7713950276374817, 0.0, 2928.7392578125], [0.0, 0.0, 1.0, 0.0], [0.0, 0.0, 0.0, 1.0]], "cam_ids": [0, 1, 2, 3, 4, 5], "cam_channels": ["CAM_FRONT_LEFT", "CAM_FRONT", "CAM_FRONT_RIGHT", "CAM_BACK_LEFT", "CAM_BACK", "CAM_BACK_RIGHT"], "token": "23529e9ba7ec409185a315f007455400", "scene": "scene-1068"}, {"images": ["samples/CAM_FRONT_LEFT/n015-2018-11-21-19-21-35+0800__CAM_FRONT_LEFT__1542799605104844.jpg", "samples/CAM_FRONT/n015-2018-11-21-19-21-35+0800__CAM_FRONT__1542799605112460.jpg", "samples/CAM_FRONT_RIGHT/n015-2018-11-21-19-21-35+0800__CAM_FRONT_RIGHT__1542799605120339.jpg", "samples/CAM_BACK_LEFT/n015-2018-11-21-19-21-35+0800__CAM_BACK_LEFT__1542799605147423.jpg", "samples/CAM_BACK/n015-2018-11-21-19-21-35+0800__CAM_BACK__1542799605137525.jpg", "samples/CAM_BACK_RIGHT/n015-2018-11-21-19-21-35+0800__CAM_BACK_RIGHT__1542799605127893.jpg"], "intrinsics": [[[1272.5979470598488, 0.0, 826.6154927353808], [0.0, 1272.5979470598488, 479.75165386361925], [0.0, 0.0, 1.0]], [[1266.417203046554, 0.0, 816.2670197447984], [0.0, 1266.417203046554, 491.50706579294757], [0.0, 0.0, 1.0]], [[1260.8474446004698, 0.0, 807.968244525554], [0.0, 1260.8474446004698, 495.3344268742088], [0.0, 0.0, 1.0]], [[1256.7414812095406, 0.0, 792.1125740759628], [0.0, 1256.7414812095406, 492.7757465151356], [0.0, 0.0, 1.0]], [[809.2209905677063, 0.0, 829.2196003259838], [0.0, 809.2209905677063, 481.77842384512485], [0.0, 0.0, 1.0]], [[1259.5137405846733, 0.0, 807.2529053838625], [0.0, 1259.5137405846733, 501.19579884916527], [0.0, 0.0, 1.0]]], "extrinsics": [[[0.8205705881118774, -0.5712551474571228, 0.018206369131803513, -0.965087890625], [-0.002146095270290971, -0.03493402153253555, -0.9993873238563538, 1.5082550048828125], [0.5715410709381104, 0.8200287818908691, -0.02989180013537407, -1.2802734375], [0.0, 0.0, 0.0, 1.0]], [[0.005364579148590565, -0.9992271661758423, 0.03893817216157913, 0.005126953125], [-0.0074367946945130825, -0.038977522403001785, -0.9992124438285828, 1.5205307006835938], [0.9999580383300781, 0.005070721730589867, -0.007640142925083637, -1.69219970703125], [0.0, 0.0, 0.0, 1.0]], [[-0.8331233263015747, -0.5529216527938843, 0.01353512890636921, 1.03240966796875], [-0.0017982748104259372, -0.021763870492577553, -0.9997615218162537, 1.5036430358886719], [0.5530843734741211, -0.8329489231109619, 0.017137683928012848, -1.248779296875], [0.0, 0.0, 0.0, 1.0]], [[0.9478708505630493, 0.3184959292411804, -0.01005716435611248, -1.1420745849609375], [0.006902175024151802, -0.05207490921020508, -0.9986193180084229, 1.58856201171875], [-0.3185799717903137, 0.9464927315711975, -0.05155860632658005, -0.103759765625], [0.0, 0.0, 0.0, 1.0]], [[0.002742005977779627, 0.9991089105606079, -0.04211848974227905, 0.00244140625], [-0.018522188067436218, -0.04206068068742752, -0.9989433884620667, 1.5793685913085938], [-0.9998247027397156, 0.003519248915836215, 0.0183903519064188, 0.00189208984375], [0.0, 0.0, 0.0, 1.0]], [[-0.93467777967453, 0.35477128624916077, -0.02268538810312748, 1.136474609375], [0.014100586995482445, -0.026765134185552597, -0.9995422959327698, 1.5514602661132812], [-0.3552161753177643, -0.9345699548721313, 0.020014291629195213, -0.063720703125], [0.0, 0.0, 0.0, 1.0]]], "view": [[0.0, -2.0, 100.0], [-2.0, 0.0, 100.0], [0.0, 0.0, 1.0]], "bev": "bev_48c925efa9084287ba628933921b4f1c.png", "aux": "aux_48c925efa9084287ba628933921b4f1c.npz", "visibility": "visibility_48c925efa9084287ba628933921b4f1c.png", "pose": [[-0.7714282274246216, -0.6363163590431213, 0.0, 1216.2337646484375], [0.6363163590431213, -0.7714282274246216, 0.0, 2793.357177734375], [0.0, 0.0, 1.0, 0.0], [0.0, 0.0, 0.0, 1.0]], "pose_inverse": [[-0.7714282274246216, 0.6363163590431213, 0.0, -839.2218627929688], [-0.6363163590431213, -0.7714282274246216, 0.0, 2928.783935546875], [0.0, 0.0, 1.0, 0.0], [0.0, 0.0, 0.0, 1.0]], "cam_ids": [0, 1, 2, 3, 4, 5], "cam_channels": ["CAM_FRONT_LEFT", "CAM_FRONT", "CAM_FRONT_RIGHT", "CAM_BACK_LEFT", "CAM_BACK", "CAM_BACK_RIGHT"], "token": "48c925efa9084287ba628933921b4f1c", "scene": "scene-1068"}, {"images": ["samples/CAM_FRONT_LEFT/n015-2018-11-21-19-21-35+0800__CAM_FRONT_LEFT__1542799605604844.jpg", "samples/CAM_FRONT/n015-2018-11-21-19-21-35+0800__CAM_FRONT__1542799605612460.jpg", "samples/CAM_FRONT_RIGHT/n015-2018-11-21-19-21-35+0800__CAM_FRONT_RIGHT__1542799605620339.jpg", "samples/CAM_BACK_LEFT/n015-2018-11-21-19-21-35+0800__CAM_BACK_LEFT__1542799605647423.jpg", "samples/CAM_BACK/n015-2018-11-21-19-21-35+0800__CAM_BACK__1542799605637525.jpg", "samples/CAM_BACK_RIGHT/n015-2018-11-21-19-21-35+0800__CAM_BACK_RIGHT__1542799605627893.jpg"], "intrinsics": [[[1272.5979470598488, 0.0, 826.6154927353808], [0.0, 1272.5979470598488, 479.75165386361925], [0.0, 0.0, 1.0]], [[1266.417203046554, 0.0, 816.2670197447984], [0.0, 1266.417203046554, 491.50706579294757], [0.0, 0.0, 1.0]], [[1260.8474446004698, 0.0, 807.968244525554], [0.0, 1260.8474446004698, 495.3344268742088], [0.0, 0.0, 1.0]], [[1256.7414812095406, 0.0, 792.1125740759628], [0.0, 1256.7414812095406, 492.7757465151356], [0.0, 0.0, 1.0]], [[809.2209905677063, 0.0, 829.2196003259838], [0.0, 809.2209905677063, 481.77842384512485], [0.0, 0.0, 1.0]], [[1259.5137405846733, 0.0, 807.2529053838625], [0.0, 1259.5137405846733, 501.19579884916527], [0.0, 0.0, 1.0]]], "extrinsics": [[[0.8205597996711731, -0.5712674856185913, 0.018301011994481087, -0.965087890625], [-0.0020085189025849104, -0.034901224076747894, -0.9993887543678284, 1.5082473754882812], [0.5715571641921997, 0.8200215697288513, -0.029785946011543274, -1.280517578125], [0.0, 0.0, 0.0, 1.0]], [[0.005345501936972141, -0.9992280602455139, 0.03891793265938759, 0.00537109375], [-0.007305092178285122, -0.038956474512815475, -0.999214231967926, 1.5205307006835938], [0.9999589920043945, 0.005056961439549923, -0.007507695350795984, -1.6922607421875], [0.0, 0.0, 0.0, 1.0]], [[-0.833130955696106, -0.5529127717018127, 0.01342505682259798, 1.0322265625], [-0.0016722127329558134, -0.021755125373601913, -0.9997619390487671, 1.5036392211914062], [0.5530732870101929, -0.8329550623893738, 0.017200279980897903, -1.24853515625], [0.0, 0.0, 0.0, 1.0]], [[0.9478718042373657, 0.31849583983421326, -0.009975794702768326, -1.14215087890625], [0.00698887137696147, -0.05207780748605728, -0.9986186027526855, 1.5885772705078125], [-0.31857532262802124, 0.946492612361908, -0.051589012145996094, -0.103759765625], [0.0, 0.0, 0.0, 1.0]], [[0.002749362960457802, 0.9991089105606079, -0.042118851095438004, 0.002685546875], [-0.01842658594250679, -0.04206124320626259, -0.9989451169967651, 1.5793685913085938], [-0.9998264312744141, 0.0035226016771048307, 0.018294520676136017, 0.001708984375], [0.0, 0.0, 0.0, 1.0]], [[-0.9346726536750793, 0.3547782003879547, -0.02279072441160679, 1.13623046875], [0.014214212074875832, -0.026762139052152634, -0.9995407462120056, 1.5514450073242188], [-0.35522523522377014, -0.9345674514770508, 0.01997094601392746, -0.0634765625], [0.0, 0.0, 0.0, 1.0]]], "view": [[0.0, -2.0, 100.0], [-2.0, 0.0, 100.0], [0.0, 0.0, 1.0]], "bev": "bev_7115cfb231ab46edb37692f015cd3140.png", "aux": "aux_7115cfb231ab46edb37692f015cd3140.npz", "visibility": "visibility_7115cfb231ab46edb37692f015cd3140.png", "pose": [[-0.771460235118866, -0.6362775564193726, 0.0, 1216.234130859375], [0.6362775564193726, -0.771460235118866, 0.0, 2793.35791015625], [0.0, 0.0, 1.0, 0.0], [0.0, 0.0, 0.0, 1.0]], "pose_inverse": [[-0.771460235118866, 0.6362775564193726, 0.0, -839.0747680664062], [-0.6362775564193726, -0.771460235118866, 0.0, 2928.826904296875], [0.0, 0.0, 1.0, 0.0], [0.0, 0.0, 0.0, 1.0]], "cam_ids": [0, 1, 2, 3, 4, 5], "cam_channels": ["CAM_FRONT_LEFT", "CAM_FRONT", "CAM_FRONT_RIGHT", "CAM_BACK_LEFT", "CAM_BACK", "CAM_BACK_RIGHT"], "token": "7115cfb231ab46edb37692f015cd3140", "scene": "scene-1068"}, {"images": ["samples/CAM_FRONT_LEFT/n015-2018-11-21-19-21-35+0800__CAM_FRONT_LEFT__1542799606104844.jpg", "samples/CAM_FRONT/n015-2018-11-21-19-21-35+0800__CAM_FRONT__1542799606112495.jpg", "samples/CAM_FRONT_RIGHT/n015-2018-11-21-19-21-35+0800__CAM_FRONT_RIGHT__1542799606120339.jpg", "samples/CAM_BACK_LEFT/n015-2018-11-21-19-21-35+0800__CAM_BACK_LEFT__1542799606147423.jpg", "samples/CAM_BACK/n015-2018-11-21-19-21-35+0800__CAM_BACK__1542799606137525.jpg", "samples/CAM_BACK_RIGHT/n015-2018-11-21-19-21-35+0800__CAM_BACK_RIGHT__1542799606127893.jpg"], "intrinsics": [[[1272.5979470598488, 0.0, 826.6154927353808], [0.0, 1272.5979470598488, 479.75165386361925], [0.0, 0.0, 1.0]], [[1266.417203046554, 0.0, 816.2670197447984], [0.0, 1266.417203046554, 491.50706579294757], [0.0, 0.0, 1.0]], [[1260.8474446004698, 0.0, 807.968244525554], [0.0, 1260.8474446004698, 495.3344268742088], [0.0, 0.0, 1.0]], [[1256.7414812095406, 0.0, 792.1125740759628], [0.0, 1256.7414812095406, 492.7757465151356], [0.0, 0.0, 1.0]], [[809.2209905677063, 0.0, 829.2196003259838], [0.0, 809.2209905677063, 481.77842384512485], [0.0, 0.0, 1.0]], [[1259.5137405846733, 0.0, 807.2529053838625], [0.0, 1259.5137405846733, 501.19579884916527], [0.0, 0.0, 1.0]]], "extrinsics": [[[0.8205541372299194, -0.5712772011756897, 0.018254287540912628, -0.965087890625], [-0.0020474744960665703, -0.034874849021434784, -0.9993895888328552, 1.5082473754882812], [0.5715650916099548, 0.8200159072875977, -0.029786378145217896, -1.2803955078125], [0.0, 0.0, 0.0, 1.0]], [[0.005340402014553547, -0.9992292523384094, 0.038888875395059586, 0.00537109375], [-0.0073449681513011456, -0.03892757371068001, -0.9992150664329529, 1.520538330078125], [0.9999586939811707, 0.005050533451139927, -0.0075471955351531506, -1.69232177734375], [0.0, 0.0, 0.0, 1.0]], [[-0.8331329822540283, -0.552909255027771, 0.013441592454910278, 1.03253173828125], [-0.0017130441265180707, -0.02172364853322506, -0.9997625350952148, 1.5036354064941406], [0.5530699491500854, -0.8329582214355469, 0.01715153269469738, -1.24853515625], [0.0, 0.0, 0.0, 1.0]], [[0.9478704929351807, 0.3184991776943207, -0.009987814351916313, -1.1422119140625], [0.006970689166337252, -0.052060842514038086, -0.998619556427002, 1.58856201171875], [-0.31857946515083313, 0.9464923739433289, -0.05156709998846054, -0.103759765625], [0.0, 0.0, 0.0, 1.0]], [[0.0027491850778460503, 0.9991096258163452, -0.04209953546524048, 0.002685546875], [-0.018451282754540443, -0.0420418456196785, -0.9989454746246338, 1.5793609619140625], [-0.9998259544372559, 0.0035230594221502542, 0.018319277092814445, 0.00189208984375], [0.0, 0.0, 0.0, 1.0]], [[-0.9346722364425659, 0.3547821044921875, -0.02274547703564167, 1.1361083984375], [0.014176935888826847, -0.026732666417956352, -0.9995421171188354, 1.5514602661132812], [-0.3552277386188507, -0.9345667362213135, 0.01995656080543995, -0.063720703125], [0.0, 0.0, 0.0, 1.0]]], "view": [[0.0, -2.0, 100.0], [-2.0, 0.0, 100.0], [0.0, 0.0, 1.0]], "bev": "bev_e5a370b735c14373843d8a220867bacf.png", "aux": "aux_e5a370b735c14373843d8a220867bacf.npz", "visibility": "visibility_e5a370b735c14373843d8a220867bacf.png", "pose": [[-0.7714495062828064, -0.6362904906272888, 0.0, 1216.234619140625], [0.6362904906272888, -0.7714495062828064, 0.0, 2793.3583984375], [0.0, 0.0, 1.0, 0.0], [0.0, 0.0, 0.0, 1.0]], "pose_inverse": [[-0.7714495062828064, 0.6362904906272888, 0.0, -839.1238403320312], [-0.6362904906272888, -0.7714495062828064, 0.0, 2928.8134765625], [0.0, 0.0, 1.0, 0.0], [0.0, 0.0, 0.0, 1.0]], "cam_ids": [0, 1, 2, 3, 4, 5], "cam_channels": ["CAM_FRONT_LEFT", "CAM_FRONT", "CAM_FRONT_RIGHT", "CAM_BACK_LEFT", "CAM_BACK", "CAM_BACK_RIGHT"], "token": "e5a370b735c14373843d8a220867bacf", "scene": "scene-1068"}, {"images": ["samples/CAM_FRONT_LEFT/n015-2018-11-21-19-21-35+0800__CAM_FRONT_LEFT__1542799606604844.jpg", "samples/CAM_FRONT/n015-2018-11-21-19-21-35+0800__CAM_FRONT__1542799606612460.jpg", "samples/CAM_FRONT_RIGHT/n015-2018-11-21-19-21-35+0800__CAM_FRONT_RIGHT__1542799606620339.jpg", "samples/CAM_BACK_LEFT/n015-2018-11-21-19-21-35+0800__CAM_BACK_LEFT__1542799606647423.jpg", "samples/CAM_BACK/n015-2018-11-21-19-21-35+0800__CAM_BACK__1542799606637525.jpg", "samples/CAM_BACK_RIGHT/n015-2018-11-21-19-21-35+0800__CAM_BACK_RIGHT__1542799606627893.jpg"], "intrinsics": [[[1272.5979470598488, 0.0, 826.6154927353808], [0.0, 1272.5979470598488, 479.75165386361925], [0.0, 0.0, 1.0]], [[1266.417203046554, 0.0, 816.2670197447984], [0.0, 1266.417203046554, 491.50706579294757], [0.0, 0.0, 1.0]], [[1260.8474446004698, 0.0, 807.968244525554], [0.0, 1260.8474446004698, 495.3344268742088], [0.0, 0.0, 1.0]], [[1256.7414812095406, 0.0, 792.1125740759628], [0.0, 1256.7414812095406, 492.7757465151356], [0.0, 0.0, 1.0]], [[809.2209905677063, 0.0, 829.2196003259838], [0.0, 809.2209905677063, 481.77842384512485], [0.0, 0.0, 1.0]], [[1259.5137405846733, 0.0, 807.2529053838625], [0.0, 1259.5137405846733, 501.19579884916527], [0.0, 0.0, 1.0]]], "extrinsics": [[[0.8205345273017883, -0.5712482333183289, 0.019965417683124542, -0.96484375], [0.0002584372414276004, -0.03455841541290283, -0.999402642250061, 1.5082550048828125], [0.5715969204902649, 0.820049524307251, -0.028208741918206215, -1.2803955078125], [0.0, 0.0, 0.0, 1.0]], [[0.005293671973049641, -0.9992414712905884, 0.038578879088163376, 0.005126953125], [-0.004898817278444767, -0.03860487416386604, -0.9992426037788391, 1.520538330078125], [0.9999740123748779, 0.005100633017718792, -0.0050994642078876495, -1.69207763671875], [0.0, 0.0, 0.0, 1.0]], [[-0.8331352472305298, -0.5529579520225525, 0.011100143194198608, 1.0323486328125], [0.0008788704872131348, -0.021393701434135437, -0.9997707009315491, 1.5036506652832031], [0.5530686378479004, -0.8329344987869263, 0.0183098241686821, -1.24853515625], [0.0, 0.0, 0.0, 1.0]], [[0.9478758573532104, 0.3185604512691498, -0.007110799662768841, -1.142303466796875], [0.009886853396892548, -0.051709022372961044, -0.9986132383346558, 1.58856201171875], [-0.3184863328933716, 0.9464911222457886, -0.052163295447826385, -0.103759765625], [0.0, 0.0, 0.0, 1.0]], [[0.0028011780232191086, 0.99912428855896, -0.04174700379371643, 0.00244140625], [-0.01572592370212078, -0.04169799014925957, -0.9990065097808838, 1.5793609619140625], [-0.9998724460601807, 0.003454946679994464, 0.015595348551869392, 0.00164794921875], [0.0, 0.0, 0.0, 1.0]], [[-0.9346305727958679, 0.35473522543907166, -0.025070998817682266, 1.1361083984375], [0.01679256744682789, -0.02639680914580822, -0.9995105266571045, 1.55145263671875], [-0.3552234470844269, -0.9345941543579102, 0.01871434785425663, -0.063232421875], [0.0, 0.0, 0.0, 1.0]]], "view": [[0.0, -2.0, 100.0], [-2.0, 0.0, 100.0], [0.0, 0.0, 1.0]], "bev": "bev_7b0c6e14258946f9aa3b81f39a5e0816.png", "aux": "aux_7b0c6e14258946f9aa3b81f39a5e0816.npz", "visibility": "visibility_7b0c6e14258946f9aa3b81f39a5e0816.png", "pose": [[-0.7714574337005615, -0.6362809538841248, 0.0, 1216.2349853515625], [0.6362809538841248, -0.7714574337005615, 0.0, 2793.35888671875], [0.0, 0.0, 1.0, 0.0], [0.0, 0.0, 0.0, 1.0]], "pose_inverse": [[-0.7714574337005615, 0.6362809538841248, 0.0, -839.0875854492188], [-0.6362809538841248, -0.7714574337005615, 0.0, 2928.824462890625], [0.0, 0.0, 1.0, 0.0], [0.0, 0.0, 0.0, 1.0]], "cam_ids": [0, 1, 2, 3, 4, 5], "cam_channels": ["CAM_FRONT_LEFT", "CAM_FRONT", "CAM_FRONT_RIGHT", "CAM_BACK_LEFT", "CAM_BACK", "CAM_BACK_RIGHT"], "token": "7b0c6e14258946f9aa3b81f39a5e0816", "scene": "scene-1068"}, {"images": ["samples/CAM_FRONT_LEFT/n015-2018-11-21-19-21-35+0800__CAM_FRONT_LEFT__1542799607154844.jpg", "samples/CAM_FRONT/n015-2018-11-21-19-21-35+0800__CAM_FRONT__1542799607162460.jpg", "samples/CAM_FRONT_RIGHT/n015-2018-11-21-19-21-35+0800__CAM_FRONT_RIGHT__1542799607170339.jpg", "samples/CAM_BACK_LEFT/n015-2018-11-21-19-21-35+0800__CAM_BACK_LEFT__1542799607197423.jpg", "samples/CAM_BACK/n015-2018-11-21-19-21-35+0800__CAM_BACK__1542799607187525.jpg", "samples/CAM_BACK_RIGHT/n015-2018-11-21-19-21-35+0800__CAM_BACK_RIGHT__1542799607177893.jpg"], "intrinsics": [[[1272.5979470598488, 0.0, 826.6154927353808], [0.0, 1272.5979470598488, 479.75165386361925], [0.0, 0.0, 1.0]], [[1266.417203046554, 0.0, 816.2670197447984], [0.0, 1266.417203046554, 491.50706579294757], [0.0, 0.0, 1.0]], [[1260.8474446004698, 0.0, 807.968244525554], [0.0, 1260.8474446004698, 495.3344268742088], [0.0, 0.0, 1.0]], [[1256.7414812095406, 0.0, 792.1125740759628], [0.0, 1256.7414812095406, 492.7757465151356], [0.0, 0.0, 1.0]], [[809.2209905677063, 0.0, 829.2196003259838], [0.0, 809.2209905677063, 481.77842384512485], [0.0, 0.0, 1.0]], [[1259.5137405846733, 0.0, 807.2529053838625], [0.0, 1259.5137405846733, 501.19579884916527], [0.0, 0.0, 1.0]]], "extrinsics": [[[0.8205416798591614, -0.5711485147476196, 0.022375844419002533, -0.944580078125], [0.003511185524985194, -0.034109536558389664, -0.9994118809700012, 1.508331298828125], [0.5715758800506592, 0.8201377391815186, -0.025982888415455818, -1.2659912109375], [0.0, 0.0, 0.0, 1.0]], [[0.005295951385051012, -0.9992582201957703, 0.038143277168273926, 0.005126953125], [-0.0017420987132936716, -0.03815297409892082, -0.9992704391479492, 1.5204849243164062], [0.9999845027923584, 0.005225548055022955, -0.001942858682014048, -1.67144775390625], [0.0, 0.0, 0.0, 1.0]], [[-0.8331025242805481, -0.5530563592910767, 0.008298270404338837, 1.01873779296875], [0.003941565286368132, -0.02093839831650257, -0.9997729659080505, 1.5037040710449219], [0.5531045794487, -0.8328807353973389, 0.01962374337017536, -1.23974609375], [0.0, 0.0, 0.0, 1.0]], [[0.947863757610321, 0.3186477720737457, -0.00423450767993927, -1.1419219970703125], [0.012764615938067436, -0.05124063789844513, -0.9986047744750977, 1.5885467529296875], [-0.3184201717376709, 0.9464871883392334, -0.05263655260205269, -0.103515625], [0.0, 0.0, 0.0, 1.0]], [[0.002832945669069886, 0.9991434812545776, -0.04128441959619522, 0.002685546875], [-0.012716381810605526, -0.04124525561928749, -0.9990681409835815, 1.5792694091796875], [-0.9999151825904846, 0.003355196211487055, 0