[{"images": ["samples/CAM_FRONT_LEFT/n008-2018-09-18-12-53-31-0400__CAM_FRONT_LEFT__1537289751504799.jpg", "samples/CAM_FRONT/n008-2018-09-18-12-53-31-0400__CAM_FRONT__1537289751512404.jpg", "samples/CAM_FRONT_RIGHT/n008-2018-09-18-12-53-31-0400__CAM_FRONT_RIGHT__1537289751520482.jpg", "samples/CAM_BACK_LEFT/n008-2018-09-18-12-53-31-0400__CAM_BACK_LEFT__1537289751547405.jpg", "samples/CAM_BACK/n008-2018-09-18-12-53-31-0400__CAM_BACK__1537289751537558.jpg", "samples/CAM_BACK_RIGHT/n008-2018-09-18-12-53-31-0400__CAM_BACK_RIGHT__1537289751528113.jpg"], "intrinsics": [[[1257.8625342125129, 0.0, 827.2410631095686], [0.0, 1257.8625342125129, 450.915498205774], [0.0, 0.0, 1.0]], [[1252.8131021185304, 0.0, 826.588114781398], [0.0, 1252.8131021185304, 469.9846626224581], [0.0, 0.0, 1.0]], [[1256.7485116440405, 0.0, 817.7887570959712], [0.0, 1256.7485116440403, 451.9541780095127], [0.0, 0.0, 1.0]], [[1254.9860565800168, 0.0, 829.5769333630991], [0.0, 1254.9860565800168, 467.1680561863987], [0.0, 0.0, 1.0]], [[796.8910634503094, 0.0, 857.7774326863696], [0.0, 796.8910634503094, 476.8848988407415], [0.0, 0.0, 1.0]], [[1249.9629280788233, 0.0, 825.3768045375984], [0.0, 1249.9629280788233, 462.54816385708756], [0.0, 0.0, 1.0]]], "extrinsics": [[[0.8206950426101685, -0.5711216926574707, 0.016724728047847748, -0.901611328125], [0.03100632131099701, 0.01528921164572239, -0.9994022846221924, 1.4922070503234863], [0.5705246329307556, 0.8207229375839233, 0.030256163328886032, -1.2613525390625], [0.0, 0.0, 0.0, 1.0]], [[0.008100801147520542, -0.999907374382019, -0.010938326828181744, 0.0062255859375], [0.032754212617874146, 0.01119814533740282, -0.9994006752967834, 1.4835710525512695], [0.9994305968284607, 0.0077376700937747955, 0.032841891050338745, -1.63092041015625], [0.0, 0.0, 0.0, 1.0]], [[-0.8443628549575806, -0.5345861911773682, -0.0356222540140152, 1.022705078125], [0.040557052940130234, 0.0025215086061507463, -0.9991739988327026, 1.4963302612304688], [0.5342345237731934, -0.8451101779937744, 0.019552171230316162, -1.234619140625], [0.0, 0.0, 0.0, 1.0]], [[0.947708785533905, 0.3185303509235382, 0.0196581669151783, -1.1399078369140625], [0.014823680743575096, 0.017594655975699425, -0.9997352957725525, 1.5621089935302734], [-0.318791925907135, 0.9477493762969971, 0.011952817440032959, -0.157470703125], [0.0, 0.0, 0.0, 1.0]], [[0.009703042916953564, 0.9998995661735535, 0.010331159457564354, -0.0283203125], [0.01703622378408909, 0.010164844803512096, -0.9998031854629517, 1.5686073303222656], [-0.9998078346252441, 0.009877138771116734, -0.016935883089900017, 0.012451171875], [0.0, 0.0, 0.0, 1.0]], [[-0.9228973388671875, 0.3842644989490509, -0.024520479142665863, 1.106689453125], [0.021354885771870613, -0.012503375299274921, -0.999693751335144, 1.5490646362304688], [-0.3844533860683441, -0.9231383800506592, 0.0033334093168377876, -0.066162109375], [0.0, 0.0, 0.0, 1.0]]], "view": [[0.0, -2.0, 100.0], [-2.0, 0.0, 100.0], [0.0, 0.0, 1.0]], "bev": "bev_a80aeae72cb64ad3b0bd4c086c86cfed.png", "aux": "aux_a80aeae72cb64ad3b0bd4c086c86cfed.npz", "visibility": "visibility_a80aeae72cb64ad3b0bd4c086c86cfed.png", "pose": [[-0.025113044306635857, -0.9996846318244934, 0.0, 1937.3873291015625], [0.9996846318244934, -0.025113044306635857, 0.0, 861.115478515625], [0.0, 0.0, 1.0, 0.0], [0.0, 0.0, 0.0, 1.0]], "pose_inverse": [[-0.025113044306635857, 0.9996846318244934, 0.0, -812.190185546875], [-0.9996846318244934, -0.025113044306635857, 0.0, 1958.4014892578125], [0.0, 0.0, 1.0, 0.0], [0.0, 0.0, 0.0, 1.0]], "cam_ids": [0, 1, 2, 3, 4, 5], "cam_channels": ["CAM_FRONT_LEFT", "CAM_FRONT", "CAM_FRONT_RIGHT", "CAM_BACK_LEFT", "CAM_BACK", "CAM_BACK_RIGHT"], "token": "a80aeae72cb64ad3b0bd4c086c86cfed", "scene": "scene-0458"}, {"images": ["samples/CAM_FRONT_LEFT/n008-2018-09-18-12-53-31-0400__CAM_FRONT_LEFT__1537289752004799.jpg", "samples/CAM_FRONT/n008-2018-09-18-12-53-31-0400__CAM_FRONT__1537289752012404.jpg", "samples/CAM_FRONT_RIGHT/n008-2018-09-18-12-53-31-0400__CAM_FRONT_RIGHT__1537289752020482.jpg", "samples/CAM_BACK_LEFT/n008-2018-09-18-12-53-31-0400__CAM_BACK_LEFT__1537289752047405.jpg", "samples/CAM_BACK/n008-2018-09-18-12-53-31-0400__CAM_BACK__1537289752037558.jpg", "samples/CAM_BACK_RIGHT/n008-2018-09-18-12-53-31-0400__CAM_BACK_RIGHT__1537289752028113.jpg"], "intrinsics": [[[1257.8625342125129, 0.0, 827.2410631095686], [0.0, 1257.8625342125129, 450.915498205774], [0.0, 0.0, 1.0]], [[1252.8131021185304, 0.0, 826.588114781398], [0.0, 1252.8131021185304, 469.9846626224581], [0.0, 0.0, 1.0]], [[1256.7485116440405, 0.0, 817.7887570959712], [0.0, 1256.7485116440403, 451.9541780095127], [0.0, 0.0, 1.0]], [[1254.9860565800168, 0.0, 829.5769333630991], [0.0, 1254.9860565800168, 467.1680561863987], [0.0, 0.0, 1.0]], [[796.8910634503094, 0.0, 857.7774326863696], [0.0, 796.8910634503094, 476.8848988407415], [0.0, 0.0, 1.0]], [[1249.9629280788233, 0.0, 825.3768045375984], [0.0, 1249.9629280788233, 462.54816385708756], [0.0, 0.0, 1.0]]], "extrinsics": [[[0.8187815546989441, -0.5739709138870239, 0.012415565550327301, -0.8951416015625], [0.022902289405465126, 0.011046593077480793, -0.9996767044067383, 1.4913454055786133], [0.5736481547355652, 0.81880122423172, 0.022189993411302567, -1.25732421875], [0.0, 0.0, 0.0, 1.0]], [[0.004988028202205896, -0.9999643564224243, -0.0068214344792068005, 0.0067138671875], [0.024695025756955147, 0.006942616775631905, -0.9996709227561951, 1.4829158782958984], [0.999682605266571, 0.004817924462258816, 0.024728773161768913, -1.623291015625], [0.0, 0.0, 0.0, 1.0]], [[-0.8459473252296448, -0.5326027274131775, -0.026599371805787086, 1.016510009765625], [0.03253381326794624, -0.0017586111789569259, -0.9994691014289856, 1.4959297180175781], [0.5322731733322144, -0.8463636040687561, 0.018815290182828903, -1.230712890625], [0.0, 0.0, 0.0, 1.0]], [[0.9479174017906189, 0.31833332777023315, 0.010795438662171364, -1.138275146484375], [0.006841954775154591, 0.013534833677113056, -0.9998849630355835, 1.5620880126953125], [-0.31844285130500793, 0.9478822350502014, 0.01065188180655241, -0.157958984375], [0.0, 0.0, 0.0, 1.0]], [[0.0108810905367136, 0.9999221563339233, 0.006100403144955635, -0.0284423828125], [0.009042886085808277, 0.006002114620059729, -0.9999410510063171, 1.5683889389038086], [-0.9998999238014221, 0.010935625061392784, -0.008976873010396957, 0.00823974609375], [0.0, 0.0, 0.0, 1.0]], [[-0.9223308563232422, 0.38594549894332886, -0.018756141886115074, 1.1007080078125], [0.013330518268048763, -0.01672957092523575, -0.9997711777687073, 1.5486831665039062], [-0.38617098331451416, -0.9223697781562805, 0.010285347700119019, -0.0687255859375], [0.0, 0.0, 0.0, 1.0]]], "view": [[0.0, -2.0, 100.0], [-2.0, 0.0, 100.0], [0.0, 0.0, 1.0]], "bev": "bev_a2da6e6dba4440db8f55e9c1a703023a.png", "aux": "aux_a2da6e6dba4440db8f55e9c1a703023a.npz", "visibility": "visibility_a2da6e6dba4440db8f55e9c1a703023a.png", "pose": [[-0.07415306568145752, -0.9972468614578247, 0.0, 1937.322021484375], [0.9972468614578247, -0.07415306568145752, 0.0, 862.6033325195312], [0.0, 0.0, 1.0, 0.0], [0.0, 0.0, 0.0, 1.0]], "pose_inverse": [[-0.07415306568145752, 0.9972468614578247, 0.0, -716.5701293945312], [-0.9972468614578247, -0.07415306568145752, 0.0, 1995.9530029296875], [0.0, 0.0, 1.0, 0.0], [0.0, 0.0, 0.0, 1.0]], "cam_ids": [0, 1, 2, 3, 4, 5], "cam_channels": ["CAM_FRONT_LEFT", "CAM_FRONT", "CAM_FRONT_RIGHT", "CAM_BACK_LEFT", "CAM_BACK", "CAM_BACK_RIGHT"], "token": "a2da6e6dba4440db8f55e9c1a703023a", "scene": "scene-0458"}, {"images": ["samples/CAM_FRONT_LEFT/n008-2018-09-18-12-53-31-0400__CAM_FRONT_LEFT__1537289752404799.jpg", "samples/CAM_FRONT/n008-2018-09-18-12-53-31-0400__CAM_FRONT__1537289752412404.jpg", "samples/CAM_FRONT_RIGHT/n008-2018-09-18-12-53-31-0400__CAM_FRONT_RIGHT__1537289752420482.jpg", "samples/CAM_BACK_LEFT/n008-2018-09-18-12-53-31-0400__CAM_BACK_LEFT__1537289752447405.jpg", "samples/CAM_BACK/n008-2018-09-18-12-53-31-0400__CAM_BACK__1537289752437558.jpg", "samples/CAM_BACK_RIGHT/n008-2018-09-18-12-53-31-0400__CAM_BACK_RIGHT__1537289752428113.jpg"], "intrinsics": [[[1257.8625342125129, 0.0, 827.2410631095686], [0.0, 1257.8625342125129, 450.915498205774], [0.0, 0.0, 1.0]], [[1252.8131021185304, 0.0, 826.588114781398], [0.0, 1252.8131021185304, 469.9846626224581], [0.0, 0.0, 1.0]], [[1256.7485116440405, 0.0, 817.7887570959712], [0.0, 1256.7485116440403, 451.9541780095127], [0.0, 0.0, 1.0]], [[1254.9860565800168, 0.0, 829.5769333630991], [0.0, 1254.9860565800168, 467.1680561863987], [0.0, 0.0, 1.0]], [[796.8910634503094, 0.0, 857.7774326863696], [0.0, 796.8910634503094, 476.8848988407415], [0.0, 0.0, 1.0]], [[1249.9629280788233, 0.0, 825.3768045375984], [0.0, 1249.9629280788233, 462.54816385708756], [0.0, 0.0, 1.0]]], "extrinsics": [[[0.8175441026687622, -0.5757735967636108, 0.010321921668946743, -0.88916015625], [0.020131735131144524, 0.010662764310836792, -0.999740481376648, 1.4911556243896484], [0.5755140781402588, 0.8175396919250488, 0.0203086007386446, -1.25146484375], [0.0, 0.0, 0.0, 1.0]], [[0.0031876310240477324, -0.9999743103981018, -0.0064192055724561214, 0.005615234375], [0.02201714552938938, 0.006487863138318062, -0.9997365474700928, 1.4827649593353271], [0.9997524619102478, 0.003045474411919713, 0.022037262097001076, -1.61669921875], [0.0, 0.0, 0.0, 1.0]], [[-0.846720814704895, -0.5314889550209045, -0.024152599275112152, 1.011962890625], [0.029952995479106903, -0.0022956759203225374, -0.9995486736297607, 1.495849609375], [0.5311936736106873, -0.8470621109008789, 0.017863482236862183, -1.2283935546875], [0.0, 0.0, 0.0, 1.0]], [[0.9479670524597168, 0.31826403737068176, 0.008162821643054485, -1.1384963989257812], [0.004401303827762604, 0.01253616251051426, -0.9999117255210876, 1.5620689392089844], [-0.3183383345603943, 0.9479191899299622, 0.01048309076577425, -0.15771484375], [0.0, 0.0, 0.0, 1.0]], [[0.0114046111702919, 0.9999210238456726, 0.005276685114949942, -0.0284423828125], [0.006631769239902496, 0.005201275460422039, -0.9999644160270691, 1.568312644958496], [-0.9999129772186279, 0.011439203284680843, -0.006571927573531866, 0.00677490234375], [0.0, 0.0, 0.0, 1.0]], [[-0.9220114946365356, 0.3868027925491333, -0.016685988754034042, 1.0977783203125], [0.010812360793352127, -0.017356080934405327, -0.9997909069061279, 1.5485496520996094], [-0.38701149821281433, -0.9219990968704224, 0.011820255778729916, -0.0703125], [0.0, 0.0, 0.0, 1.0]]], "view": [[0.0, -2.0, 100.0], [-2.0, 0.0, 100.0], [0.0, 0.0, 1.0]], "bev": "bev_ff2cc39033244c65a13c93b257e3eed3.png", "aux": "aux_ff2cc39033244c65a13c93b257e3eed3.npz", "visibility": "visibility_ff2cc39033244c65a13c93b257e3eed3.png", "pose": [[-0.14730674028396606, -0.9890908598899841, 0.0, 1937.177490234375], [0.9890908598899841, -0.14730674028396606, 0.0, 863.87451171875], [0.0, 0.0, 1.0, 0.0], [0.0, 0.0, 0.0, 1.0]], "pose_inverse": [[-0.14730674028396606, 0.9890908598899841, 0.0, -569.091064453125], [-0.9890908598899841, -0.14730674028396606, 0.0, 2043.299072265625], [0.0, 0.0, 1.0, 0.0], [0.0, 0.0, 0.0, 1.0]], "cam_ids": [0, 1, 2, 3, 4, 5], "cam_channels": ["CAM_FRONT_LEFT", "CAM_FRONT", "CAM_FRONT_RIGHT", "CAM_BACK_LEFT", "CAM_BACK", "CAM_BACK_RIGHT"], "token": "ff2cc39033244c65a13c93b257e3eed3", "scene": "scene-0458"}, {"images": ["samples/CAM_FRONT_LEFT/n008-2018-09-18-12-53-31-0400__CAM_FRONT_LEFT__1537289752904799.jpg", "samples/CAM_FRONT/n008-2018-09-18-12-53-31-0400__CAM_FRONT__1537289752912404.jpg", "samples/CAM_FRONT_RIGHT/n008-2018-09-18-12-53-31-0400__CAM_FRONT_RIGHT__1537289752920483.jpg", "samples/CAM_BACK_LEFT/n008-2018-09-18-12-53-31-0400__CAM_BACK_LEFT__1537289752947405.jpg", "samples/CAM_BACK/n008-2018-09-18-12-53-31-0400__CAM_BACK__1537289752937558.jpg", "samples/CAM_BACK_RIGHT/n008-2018-09-18-12-53-31-0400__CAM_BACK_RIGHT__1537289752928126.jpg"], "intrinsics": [[[1257.8625342125129, 0.0, 827.2410631095686], [0.0, 1257.8625342125129, 450.915498205774], [0.0, 0.0, 1.0]], [[1252.8131021185304, 0.0, 826.588114781398], [0.0, 1252.8131021185304, 469.9846626224581], [0.0, 0.0, 1.0]], [[1256.7485116440405, 0.0, 817.7887570959712], [0.0, 1256.7485116440403, 451.9541780095127], [0.0, 0.0, 1.0]], [[1254.9860565800168, 0.0, 829.5769333630991], [0.0, 1254.9860565800168, 467.1680561863987], [0.0, 0.0, 1.0]], [[796.8910634503094, 0.0, 857.7774326863696], [0.0, 796.8910634503094, 476.8848988407415], [0.0, 0.0, 1.0]], [[1249.9629280788233, 0.0, 825.3768045375984], [0.0, 1249.9629280788233, 462.54816385708756], [0.0, 0.0, 1.0]]], "extrinsics": [[[0.8173535466194153, -0.5761189460754395, 0.004492605570703745, -0.8988037109375], [0.0128885293379426, 0.010488285683095455, -0.9998618960380554, 1.4899559020996094], [0.5759922862052917, 0.8172986507415771, 0.015997963026165962, -1.259521484375], [0.0, 0.0, 0.0, 1.0]], [[0.0027672976721078157, -0.9999762773513794, -0.006315670907497406, 0.006103515625], [0.014583355747163296, 0.006355379708111286, -0.9998734593391418, 1.4817171096801758], [0.9998897314071655, 0.0026748680975288153, 0.014600596390664577, -1.628082275390625], [0.0, 0.0, 0.0, 1.0]], [[-0.8470496535301208, -0.5312207937240601, -0.017641980201005936, 1.0206298828125], [0.02231680601835251, -0.0023830148857086897, -0.9997481107711792, 1.4949226379394531], [0.5310449600219727, -0.847230076789856, 0.013873682357370853, -1.2333984375], [0.0, 0.0, 0.0, 1.0]], [[0.9480021595954895, 0.3182635009288788, 0.0005536395474337041, -1.1395263671875], [-0.003800168400630355, 0.013058857060968876, -0.9999074935913086, 1.5620250701904297], [-0.3182412087917328, 0.9479122757911682, 0.013589279726147652, -0.15771484375], [0.0, 0.0, 0.0, 1.0]], [[0.01157295797020197, 0.9999182224273682, 0.005439795553684235, -0.028564453125], [-0.0014007347635924816, 0.0054563661105930805, -0.999984085559845, 1.568014144897461], [-0.999932050704956, 0.01156515721231699, 0.0014637658605352044, 0.011199951171875], [0.0, 0.0, 0.0, 1.0]], [[-0.9220210909843445, 0.3870239853858948, -0.009456783533096313, 1.10498046875], [0.0029865726828575134, -0.017315827310085297, -0.9998456239700317, 1.5479927062988281], [-0.38712796568870544, -0.9219070672988892, 0.0148096838966012, -0.067138671875], [0.0, 0.0, 0.0, 1.0]]], "view": [[0.0, -2.0, 100.0], [-2.0, 0.0, 100.0], [0.0, 0.0, 1.0]], "bev": "bev_e53b9cab8dad40749b01f6bc032d52f2.png", "aux": "aux_e53b9cab8dad40749b01f6bc032d52f2.npz", "visibility": "visibility_e53b9cab8dad40749b01f6bc032d52f2.png", "pose": [[-0.24182336032390594, -0.9703202843666077, 0.0, 1936.880859375], [0.9703202843666077, -0.24182336032390594, 0.0, 865.3536987304688], [0.0, 0.0, 1.0, 0.0], [0.0, 0.0, 0.0, 1.0]], "pose_inverse": [[-0.24182336032390594, 0.9703202843666077, 0.0, -371.2872314453125], [-0.9703202843666077, -0.24182336032390594, 0.0, 2088.657470703125], [0.0, 0.0, 1.0, 0.0], [0.0, 0.0, 0.0, 1.0]], "cam_ids": [0, 1, 2, 3, 4, 5], "cam_channels": ["CAM_FRONT_LEFT", "CAM_FRONT", "CAM_FRONT_RIGHT", "CAM_BACK_LEFT", "CAM_BACK", "CAM_BACK_RIGHT"], "token": "e53b9cab8dad40749b01f6bc032d52f2", "scene": "scene-0458"}, {"images": ["samples/CAM_FRONT_LEFT/n008-2018-09-18-12-53-31-0400__CAM_FRONT_LEFT__1537289753404799.jpg", "samples/CAM_FRONT/n008-2018-09-18-12-53-31-0400__CAM_FRONT__1537289753412404.jpg", "samples/CAM_FRONT_RIGHT/n008-2018-09-18-12-53-31-0400__CAM_FRONT_RIGHT__1537289753420482.jpg", "samples/CAM_BACK_LEFT/n008-2018-09-18-12-53-31-0400__CAM_BACK_LEFT__1537289753447405.jpg", "samples/CAM_BACK/n008-2018-09-18-12-53-31-0400__CAM_BACK__1537289753437558.jpg", "samples/CAM_BACK_RIGHT/n008-2018-09-18-12-53-31-0400__CAM_BACK_RIGHT__1537289753428113.jpg"], "intrinsics": [[[1257.8625342125129, 0.0, 827.2410631095686], [0.0, 1257.8625342125129, 450.915498205774], [0.0, 0.0, 1.0]], [[1252.8131021185304, 0.0, 826.588114781398], [0.0, 1252.8131021185304, 469.9846626224581], [0.0, 0.0, 1.0]], [[1256.7485116440405, 0.0, 817.7887570959712], [0.0, 1256.7485116440403, 451.9541780095127], [0.0, 0.0, 1.0]], [[1254.9860565800168, 0.0, 829.5769333630991], [0.0, 1254.9860565800168, 467.1680561863987], [0.0, 0.0, 1.0]], [[796.8910634503094, 0.0, 857.7774326863696], [0.0, 796.8910634503094, 476.8848988407415], [0.0, 0.0, 1.0]], [[1249.9629280788233, 0.0, 825.3768045375984], [0.0, 1249.9629280788233, 462.54816385708756], [0.0, 0.0, 1.0]]], "extrinsics": [[[0.8155413866043091, -0.5785912871360779, -0.011155051179230213, -0.9005126953125], [-0.000640859710983932, 0.01837310567498207, -0.999830961227417, 1.4881706237792969], [0.5786983966827393, 0.8154106736183167, 0.014613230712711811, -1.26220703125], [0.0, 0.0, 0.0, 1.0]], [[1.195564072986599e-05, -0.9998968839645386, -0.014358824118971825, 0.00732421875], [0.0009663071250542998, 0.014358829706907272, -0.9998964071273804, 1.4802379608154297], [0.9999995827674866, -1.9091260128334397e-06, 0.0009663794771768153, -1.6292724609375], [0.0, 0.0, 0.0, 1.0]], [[-0.8483768105506897, -0.5292919278144836, -0.010332062840461731, 1.02069091796875], [0.008601371198892593, 0.005732762161642313, -0.9999465346336365, 1.4937820434570312], [0.5293229222297668, -0.8484203815460205, -0.00031090682023204863, -1.2325439453125], [0.0, 0.0, 0.0, 1.0]], [[0.9480088949203491, 0.31807851791381836, -0.010257987305521965, -1.1385498046875], [-0.017895670607686043, 0.02109917625784874, -0.9996172189712524, 1.5619354248046875], [-0.31774038076400757, 0.94782954454422, 0.025694435462355614, -0.158203125], [0.0, 0.0, 0.0, 1.0]], [[0.012656795792281628, 0.9998309016227722, 0.01334073394536972, -0.029052734375], [-0.015323285013437271, 0.013534178026020527, -0.9997909665107727, 1.567525863647461], [-0.9998025298118591, 0.012449722737073898, 0.01549199316650629, 0.0101165771484375], [0.0, 0.0, 0.0, 1.0]], [[-0.9214038848876953, 0.3885541260242462, 0.006371632218360901, 1.10357666015625], [-0.010813359171152115, -0.00924577284604311, -0.9998987913131714, 1.5471515655517578], [-0.388455867767334, -0.9213795065879822, 0.012720666825771332, -0.06689453125], [0.0, 0.0, 0.0, 1.0]]], "view": [[0.0, -2.0, 100.0], [-2.0, 0.0, 100.0], [0.0, 0.0, 1.0]], "bev": "bev_4b1716e2d4f94a6fbb71e7403b941028.png", "aux": "aux_4b1716e2d4f94a6fbb71e7403b941028.npz", "visibility": "visibility_4b1716e2d4f94a6fbb71e7403b941028.png", "pose": [[-0.3538737893104553, -0.9352931976318359, 0.0, 1936.4552001953125], [0.9352931976318359, -0.3538737893104553, 0.0, 866.7445678710938], [0.0, 0.0, 1.0, 0.0], [0.0, 0.0, 0.0, 1.0]], "pose_inverse": [[-0.3538737893104553, 0.9352931976318359, 0.0, -125.3995590209961], [-0.9352931976318359, -0.3538737893104553, 0.0, 2117.87158203125], [0.0, 0.0, 1.0, 0.0], [0.0, 0.0, 0.0, 1.0]], "cam_ids": [0, 1, 2, 3, 4, 5], "cam_channels": ["CAM_FRONT_LEFT", "CAM_FRONT", "CAM_FRONT_RIGHT", "CAM_BACK_LEFT", "CAM_BACK", "CAM_BACK_RIGHT"], "token": "4b1716e2d4f94a6fbb71e7403b941028", "scene": "scene-0458"}, {"images": ["samples/CAM_FRONT_LEFT/n008-2018-09-18-12-53-31-0400__CAM_FRONT_LEFT__1537289753904799.jpg", "samples/CAM_FRONT/n008-2018-09-18-12-53-31-0400__CAM_FRONT__1537289753912404.jpg", "samples/CAM_FRONT_RIGHT/n008-2018-09-18-12-53-31-0400__CAM_FRONT_RIGHT__1537289753921934.jpg", "samples/CAM_BACK_LEFT/n008-2018-09-18-12-53-31-0400__CAM_BACK_LEFT__1537289753947405.jpg", "samples/CAM_BACK/n008-2018-09-18-12-53-31-0400__CAM_BACK__1537289753937558.jpg", "samples/CAM_BACK_RIGHT/n008-2018-09-18-12-53-31-0400__CAM_BACK_RIGHT__1537289753928113.jpg"], "intrinsics": [[[1257.8625342125129, 0.0, 827.2410631095686], [0.0, 1257.8625342125129, 450.915498205774], [0.0, 0.0, 1.0]], [[1252.8131021185304, 0.0, 826.588114781398], [0.0, 1252.8131021185304, 469.9846626224581], [0.0, 0.0, 1.0]], [[1256.7485116440405, 0.0, 817.7887570959712], [0.0, 1256.7485116440403, 451.9541780095127], [0.0, 0.0, 1.0]], [[1254.9860565800168, 0.0, 829.5769333630991], [0.0, 1254.9860565800168, 467.1680561863987], [0.0, 0.0, 1.0]], [[796.8910634503094, 0.0, 857.7774326863696], [0.0, 796.8910634503094, 476.8848988407415], [0.0, 0.0, 1.0]], [[1249.9629280788233, 0.0, 825.3768045375984], [0.0, 1249.9629280788233, 462.54816385708756], [0.0, 0.0, 1.0]]], "extrinsics": [[[0.8119405508041382, -0.5836465954780579, -0.010448072105646133, -0.88775634765625], [-0.002551853423938155, 0.014349452219903469, -0.9998937845230103, 1.4878921508789062], [0.5837345123291016, 0.8118809461593628, 0.010161521844565868, -1.2529296875], [0.0, 0.0, 0.0, 1.0]], [[-0.005030172877013683, -0.9999345541000366, -0.010273709893226624, 0.00732421875], [-0.0007535138283856213, 0.01027762796729803, -0.9999468922615051, 1.480051040649414], [0.9999869465827942, -0.005022145342081785, -0.0008051625336520374, -1.617279052734375], [0.0, 0.0, 0.0, 1.0]], [[-0.8500894904136658, -0.5265934467315674, -0.006859826855361462, 1.0181884765625], [0.007077076472342014, 0.0016017963644117117, -0.9999736547470093, 1.4936809539794922], [0.5265906453132629, -0.8501156568527222, 0.002365072723478079, -1.2305908203125], [0.0, 0.0, 0.0, 1.0]], [[0.9480684995651245, 0.31784313917160034, -0.01190814096480608, -1.13848876953125], [-0.018428679555654526, 0.017516056075692177, -0.9996767044067383, 1.5619277954101562], [-0.31753185391426086, 0.9479815363883972, 0.022463850677013397, -0.1583251953125], [0.0, 0.0, 0.0, 1.0]], [[0.014154976233839989, 0.9998543858528137, 0.009530581533908844, -0.029052734375], [-0.016206836327910423, 0.009759703651070595, -0.9998210072517395, 1.5674571990966797], [-0.9997684955596924, 0.013998030684888363, 0.01634262502193451, 0.0074615478515625], [0.0, 0.0, 0.0, 1.0]], [[-0.9203290939331055, 0.39109861850738525, 0.00601573009043932, 1.09869384765625], [-0.012123959138989449, -0.013150813989341259, -0.9998400211334229, 1.5470218658447266], [-0.39095690846443176, -0.9202547669410706, 0.016844742000102997, -0.068603515625], [0.0, 0.0, 0.0, 1.0]]], "view": [[0.0, -2.0, 100.0], [-2.0, 0.0, 100.0], [0.0, 0.0, 1.0]], "bev": "bev_937d29a0baf4446f9a849d25bbd9350d.png", "aux": "aux_937d29a0baf4446f9a849d25bbd9350d.npz", "visibility": "visibility_937d29a0baf4446f9a849d25bbd9350d.png", "pose": [[-0.5169569253921509, -0.8560113906860352, 0.0, 1935.8011474609375], [0.8560113906860352, -0.5169569253921509, 0.0, 868.1339721679688], [0.0, 0.0, 1.0, 0.0], [0.0, 0.0, 0.0, 1.0]], "pose_inverse": [[-0.5169569253921509, 0.8560113906860352, 0.0, 257.5932922363281], [-0.8560113906860352, -0.5169569253921509, 0.0, 2105.855712890625], [0.0, 0.0, 1.0, 0.0], [0.0, 0.0, 0.0, 1.0]], "cam_ids": [0, 1, 2, 3, 4, 5], "cam_channels": ["CAM_FRONT_LEFT", "CAM_FRONT", "CAM_FRONT_RIGHT", "CAM_BACK_LEFT", "CAM_BACK", "CAM_BACK_RIGHT"], "token": "937d29a0baf4446f9a849d25bbd9350d", "scene": "scene-0458"}, {"images": ["samples/CAM_FRONT_LEFT/n008-2018-09-18-12-53-31-0400__CAM_FRONT_LEFT__1537289754404799.jpg", "samples/CAM_FRONT/n008-2018-09-18-12-53-31-0400__CAM_FRONT__1537289754412404.jpg", "samples/CAM_FRONT_RIGHT/n008-2018-09-18-12-53-31-0400__CAM_FRONT_RIGHT__1537289754420482.jpg", "samples/CAM_BACK_LEFT/n008-2018-09-18-12-53-31-0400__CAM_BACK_LEFT__1537289754447405.jpg", "samples/CAM_BACK/n008-2018-09-18-12-53-31-0400__CAM_BACK__1537289754437558.jpg", "samples/CAM_BACK_RIGHT/n008-2018-09-18-12-53-31-0400__CAM_BACK_RIGHT__1537289754428113.jpg"], "intrinsics": [[[1257.8625342125129, 0.0, 827.2410631095686], [0.0, 1257.8625342125129, 450.915498205774], [0.0, 0.0, 1.0]], [[1252.8131021185304, 0.0, 826.588114781398], [0.0, 1252.8131021185304, 469.9846626224581], [0.0, 0.0, 1.0]], [[1256.7485116440405, 0.0, 817.7887570959712], [0.0, 1256.7485116440403, 451.9541780095127], [0.0, 0.0, 1.0]], [[1254.9860565800168, 0.0, 829.5769333630991], [0.0, 1254.9860565800168, 467.1680561863987], [0.0, 0.0, 1.0]], [[796.8910634503094, 0.0, 857.7774326863696], [0.0, 796.8910634503094, 476.8848988407415], [0.0, 0.0, 1.0]], [[1249.9629280788233, 0.0, 825.3768045375984], [0.0, 1249.9629280788233, 462.54816385708756], [0.0, 0.0, 1.0]]], "extrinsics": [[[0.8161976337432861, -0.5776470899581909, -0.012055293656885624, -0.87371826171875], [-0.00046049727825447917, 0.020214715972542763, -0.9997955560684204, 1.4880447387695312], [0.5777726769447327, 0.8160363435745239, 0.01623319648206234, -1.2510986328125], [0.0, 0.0, 0.0, 1.0]], [[0.0025309291668236256, -0.9998738765716553, -0.015677522867918015, 0.0142822265625], [0.001300085219554603, 0.01568084955215454, -0.9998762011528015, 1.480194091796875], [0.9999958872795105, 0.0025102209765464067, 0.001339609152637422, -1.6075439453125], [0.0, 0.0, 0.0, 1.0]], [[-0.8462563753128052, -0.532658040523529, -0.011209741234779358, 1.01123046875], [0.009133923798799515, 0.006532133556902409, -0.9999369382858276, 1.4939212799072266], [0.5326976776123047, -0.8463053703308105, -0.0006626021349802613, -1.21826171875], [0.0, 0.0, 0.0, 1.0]], [[0.9457653164863586, 0.3247215747833252, -0.009160219691693783, -1.14599609375], [-0.01658676005899906, 0.020109770819544792, -0.9996601939201355, 1.5619239807128906], [-0.32442706823349, 0.9455958604812622, 0.024405205622315407, -0.161865234375], [0.0, 0.0, 0.0, 1.0]], [[0.006985665764659643, 0.9998894929885864, 0.013123747892677784, -0.0352783203125], [-0.01426213514059782, 0.013222359120845795, -0.9998108148574829, 1.5674552917480469], [-0.9998738765716553, 0.006797200534492731, 0.01435292512178421, 0.00799560546875], [0.0, 0.0, 0.0, 1.0]], [[-0.9233210682868958, 0.3839852213859558, 0.0057825627736747265, 1.0922088623046875], [-0.009967124089598656, -0.008908700197935104, -0.9999106526374817, 1.5471649169921875], [-0.38389939069747925, -0.9232962131500244, 0.012052820064127445, -0.064453125], [0.0, 0.0, 0.0, 1.0]]], "view": [[0.0, -2.0, 100.0], [-2.0, 0.0, 100.0], [0.0, 0.0, 1.0]], "bev": "bev_424d17c1abb543478b432cdc3d348127.png", "aux": "aux_424d17c1abb543478b432cdc3d348127.npz", "visibility": "visibility_424d17c1abb543478b432cdc3d348127.png", "pose": [[-0.6796410083770752, -0.7335448861122131, 0.0, 1934.782470703125], [0.7335448861122131, -0.6796410083770752, 0.0, 869.5220947265625], [0.0, 0.0, 1.0, 0.0], [0.0, 0.0, 0.0, 1.0]], "pose_inverse": [[-0.6796410083770752, 0.7335448861122131, 0.0, 677.1240234375], [-0.7335448861122131, -0.6796410083770752, 0.0, 2010.212646484375], [0.0, 0.0, 1.0, 0.0], [0.0, 0.0, 0.0, 1.0]], "cam_ids": [0, 1, 2, 3, 4, 5], "cam_channels": ["CAM_FRONT_LEFT", "CAM_FRONT", "CAM_FRONT_RIGHT", "CAM_BACK_LEFT", "CAM_BACK", "CAM_BACK_RIGHT"], "token": "424d17c1abb543478b432cdc3d348127", "scene": "scene-0458"}, {"images": ["samples/CAM_FRONT_LEFT/n008-2018-09-18-12-53-31-0400__CAM_FRONT_LEFT__1537289754904799.jpg", "samples/CAM_FRONT/n008-2018-09-18-12-53-31-0400__CAM_FRONT__1537289754912404.jpg", "samples/CAM_FRONT_RIGHT/n008-2018-09-18-12-53-31-0400__CAM_FRONT_RIGHT__1537289754920482.jpg", "samples/CAM_BACK_LEFT/n008-2018-09-18-12-53-31-0400__CAM_BACK_LEFT__1537289754947405.jpg", "samples/CAM_BACK/n008-2018-09-18-12-53-31-0400__CAM_BACK__1537289754937558.jpg", "samples/CAM_BACK_RIGHT/n008-2018-09-18-12-53-31-0400__CAM_BACK_RIGHT__1537289754928113.jpg"], "intrinsics": [[[1257.8625342125129, 0.0, 827.2410631095686], [0.0, 1257.8625342125129, 450.915498205774], [0.0, 0.0, 1.0]], [[1252.8131021185304, 0.0, 826.588114781398], [0.0, 1252.8131021185304, 469.9846626224581], [0.0, 0.0, 1.0]], [[1256.7485116440405, 0.0, 817.7887570959712], [0.0, 1256.7485116440403, 451.9541780095127], [0.0, 0.0, 1.0]], [[1254.9860565800168, 0.0, 829.5769333630991], [0.0, 1254.9860565800168, 467.1680561863987], [0.0, 0.0, 1.0]], [[796.8910634503094, 0.0, 857.7774326863696], [0.0, 796.8910634503094, 476.8848988407415], [0.0, 0.0, 1.0]], [[1249.9629280788233, 0.0, 825.3768045375984], [0.0, 1249.9629280788233, 462.54816385708756], [0.0, 0.0, 1.0]]], "extrinsics": [[[0.8114175796508789, -0.5843461751937866, -0.011880332604050636, -0.85400390625], [0.0019033527933061123, 0.022968560457229614, -0.9997344017028809, 1.4885368347167969], [0.5844638347625732, 0.8111793994903564, 0.019749309867620468, -1.230224609375], [0.0, 0.0, 0.0, 1.0]], [[-0.005869649350643158, -0.9998027086257935, -0.018974537029862404, 0.0086669921875], [0.003623570781201124, 0.01895347237586975, -0.9998138546943665, 1.4806365966796875], [0.9999761581420898, -0.005937337409704924, 0.0035116062499582767, -1.5831298828125], [0.0, 0.0, 0.0, 1.0]], [[-0.8507862091064453, -0.5252951383590698, -0.015093381516635418, 0.9906005859375], [0.0113756088539958, 0.010305426083505154, -0.999882161617279, 1.4943981170654297], [0.5253888368606567, -0.8508577346801758, -0.0027921623550355434, -1.21234130859375], [0.0, 0.0, 0.0, 1.0]], [[0.9482147693634033, 0.31758424639701843, -0.005383143667131662, -1.136474609375], [-0.014328700490295887, 0.025838468223810196, -0.999563455581665, 1.5619068145751953], [-0.3173065185546875, 0.9478778839111328, 0.02905098721385002, -0.159423828125], [0.0, 0.0, 0.0, 1.0]], [[0.014563142322003841, 0.9997285604476929, 0.01818363554775715, -0.0299072265625], [-0.011965909972786903, 0.018358511850237846, -0.9997598528862, 1.567453384399414], [-0.9998223781585693, 0.014342054724693298, 0.012230020016431808, -0.00390625], [0.0, 0.0, 0.0, 1.0]], [[-0.9200840592384338, 0.3916824162006378, 0.00549056101590395, 1.078948974609375], [-0.007847768254578114, -0.00441752839833498, -0.999959409236908, 1.5471343994140625], [-0.391642302274704, -0.920089840888977, 0.007138330955058336, -0.07568359375], [0.0, 0.0, 0.0, 1.0]]], "view": [[0.0, -2.0, 100.0], [-2.0, 0.0, 100.0], [0.0, 0.0, 1.0]], "bev": "bev_eb3ec30a7560441483ba5f63881525af.png", "aux": "aux_eb3ec30a7560441483ba5f63881525af.npz", "visibility": "visibility_eb3ec30a7560441483ba5f63881525af.png", "pose": [[-0.8314459323883057, -0.5556056499481201, 0.0, 1933.330810546875], [0.5556056499481201, -0.8314459323883057, 0.0, 870.765869140625], [0.0, 0.0, 1.0, 0.0], [0.0, 0.0, 0.0, 1.0]], "pose_inverse": [[-0.8314459323883057, 0.5556056499481201, 0.0, 1123.6575927734375], [-0.5556056499481201, -0.8314459323883057, 0.0, 1798.164306640625], [0.0, 0.0, 1.0, 0.0], [0.0, 0.0, 0.0, 1.0]], "cam_ids": [0, 1, 2, 3, 4, 5], "cam_channels": ["CAM_FRONT_LEFT", "CAM_FRONT", "CAM_FRONT_RIGHT", "CAM_BACK_LEFT", "CAM_BACK", "CAM_BACK_RIGHT"], "token": "eb3ec30a7560441483ba5f63881525af", "scene": "scene-0458"}, {"images": ["samples/CAM_FRONT_LEFT/n008-2018-09-18-12-53-31-0400__CAM_FRONT_LEFT__1537289755404799.jpg", "samples/CAM_FRONT/n008-2018-09-18-12-53-31-0400__CAM_FRONT__1537289755412404.jpg", "samples/CAM_FRONT_RIGHT/n008-2018-09-18-12-53-31-0400__CAM_FRONT_RIGHT__1537289755420491.jpg", "samples/CAM_BACK_LEFT/n008-2018-09-18-12-53-31-0400__CAM_BACK_LEFT__1537289755447405.jpg", "samples/CAM_BACK/n008-2018-09-18-12-53-31-0400__CAM_BACK__1537289755437558.jpg", "samples/CAM_BACK_RIGHT/n008-2018-09-18-12-53-31-0400__CAM_BACK_RIGHT__1537289755428113.jpg"], "intrinsics": [[[1257.8625342125129, 0.0, 827.2410631095686], [0.0, 1257.8625342125129, 450.915498205774], [0.0, 0.0, 1.0]], [[1252.8131021185304, 0.0, 826.588114781398], [0.0, 1252.8131021185304, 469.9846626224581], [0.0, 0.0, 1.0]], [[1256.7485116440405, 0.0, 817.7887570959712], [0.0, 1256.7485116440403, 451.9541780095127], [0.0, 0.0, 1.0]], [[1254.9860565800168, 0.0, 829.5769333630991], [0.0, 1254.9860565800168, 467.1680561863987], [0.0, 0.0, 1.0]], [[796.8910634503094, 0.0, 857.7774326863696], [0.0, 796.8910634503094, 476.8848988407415], [0.0, 0.0, 1.0]], [[1249.9629280788233, 0.0, 825.3768045375984], [0.0, 1249.9629280788233, 462.54816385708756], [0.0, 0.0, 1.0]]], "extrinsics": [[[0.8129863739013672, -0.58221834897995, -0.008663750253617764, -0.847625732421875], [0.0022502306383103132, 0.0180202666670084, -0.9998350739479065, 1.4886627197265625], [0.5822783708572388, 0.8128328919410706, 0.01596035622060299, -1.224609375], [0.0, 0.0, 0.0, 1.0]], [[-0.003614848479628563, -0.9998992681503296, -0.01372649148106575, 0.0074462890625], [0.004096945747733116, 0.01371165830641985, -0.9998975992202759, 1.4807777404785156], [0.9999849796295166, -0.00367071945220232, 0.004046967253088951, -1.576171875], [0.0, 0.0, 0.0, 1.0]], [[-0.8498374223709106, -0.5268921256065369, -0.012692434713244438, 0.9866943359375], [0.011982562020421028, 0.004760274197906256, -0.9999168515205383, 1.4945430755615234], [0.5269087553024292, -0.8499189019203186, 0.0022680582478642464, -1.210693359375], [0.0, 0.0, 0.0, 1.0]], [[0.9481340050697327, 0.31780481338500977, -0.00648806057870388, -1.1358642578125], [-0.013383534736931324, 0.01951870694756508, -0.9997198581695557, 1.561924934387207], [-0.3175891935825348, 0.9479551911354065, 0.022759700194001198, -0.15887451171875], [0.0, 0.0, 0.0, 1.0]], [[0.013768565841019154, 0.9998325109481812, 0.012060136534273624, -0.02880859375], [-0.011195395141839981, 0.01221467088907957, -0.9998626708984375, 1.56748628616333], [-0.999842643737793, 0.01363168191164732, 0.011361698620021343, -0.00634765625], [0.0, 0.0, 0.0, 1.0]], [[-0.9206123948097229, 0.3904693126678467, 0.002547288779169321, 1.07635498046875], [-0.007132170721888542, -0.010292422957718372, -0.9999215602874756, 1.5471782684326172], [-0.39041244983673096, -0.9205583930015564, 0.012260226532816887, -0.078125], [0.0, 0.0, 0.0, 1.0]]], "view": [[0.0, -2.0, 100.0], [-2.0, 0.0, 100.0], [0.0, 0.0, 1.0]], "bev": "bev_8dd415096335439da87ab19d63d4637f.png", "aux": "aux_8dd415096335439da87ab19d63d4637f.npz", "visibility": "visibility_8dd415096335439da87ab19d63d4637f.png", "pose": [[-0.9209747314453125, -0.38962236046791077, 0.0, 1931.4947509765625], [0.38962236046791077, -0.9209747314453125, 0.0, 871.7780151367188], [0.0, 0.0, 1.0, 0.0], [0.0, 0.0, 0.0, 1.0]], "pose_inverse": [[-0.9209747314453125, 0.38962236046791077, 0.0, 1439.193603515625], [-0.38962236046791077, -0.9209747314453125, 0.0, 1555.4390869140625], [0.0, 0.0, 1.0, 0.0], [0.0, 0.0, 0.0, 1.0]], "cam_ids": [0, 1, 2, 3, 4, 5], "cam_channels": ["CAM_FRONT_LEFT", "CAM_FRONT", "CAM_FRONT_RIGHT", "CAM_BACK_LEFT", "CAM_BACK", "CAM_BACK_RIGHT"], "token": "8dd415096335439da87ab19d63d4637f", "scene": "scene-0458"}, {"images": ["samples/CAM_FRONT_LEFT/n008-2018-09-18-12-53-31-0400__CAM_FRONT_LEFT__1537289755904799.jpg", "samples/CAM_FRONT/n008-2018-09-18-12-53-31-0400__CAM_FRONT__1537289755912404.jpg", "samples/CAM_FRONT_RIGHT/n008-2018-09-18-12-53-31-0400__CAM_FRONT_RIGHT__1537289755920482.jpg", "samples/CAM_BACK_LEFT/n008-2018-09-18-12-53-31-0400__CAM_BACK_LEFT__1537289755947405.jpg", "samples/CAM_BACK/n008-2018-09-18-12-53-31-0400__CAM_BACK__1537289755937558.jpg", "samples/CAM_BACK_RIGHT/n008-2018-09-18-12-53-31-0400__CAM_BACK_RIGHT__1537289755928113.jpg"], "intrinsics": [[[1257.8625342125129, 0.0, 827.2410631095686], [0.0, 1257.8625342125129, 450.915498205774], [0.0, 0.0, 1.0]], [[1252.8131021185304, 0.0, 826.588114781398], [0.0, 1252.8131021185304, 469.9846626224581], [0.0, 0.0, 1.0]], [[1256.7485116440405, 0.0, 817.7887570959712], [0.0, 1256.7485116440403, 451.9541780095127], [0.0, 0.0, 1.0]], [[1254.9860565800168, 0.0, 829.5769333630991], [0.0, 1254.9860565800168, 467.1680561863987], [0.0, 0.0, 1.0]], [[796.8910634503094, 0.0, 857.7774326863696], [0.0, 796.8910634503094, 476.8848988407415], [0.0, 0.0, 1.0]], [[1249.9629280788233, 0.0, 825.3768045375984], [0.0, 1249.9629280788233, 462.54816385708756], [0.0, 0.0, 1.0]]], "extrinsics": [[[0.8151423931121826, -0.57906574010849, -0.015021629631519318, -0.82843017578125], [0.0019311202922835946, 0.02864885702729225, -0.9995876550674438, 1.48858642578125], [0.5792573690414429, 0.8147772550582886, 0.024471145123243332, -1.212890625], [0.0, 0.0, 0.0, 1.0]], [[-0.0004438508185558021, -0.9996964931488037, -0.024631790816783905, 0.0087890625], [0.0038460351061075926, 0.024629903957247734, -0.9996892213821411, 1.4807624816894531], [0.9999924898147583, -0.0005384511314332485, 0.0038339365273714066, -1.5574951171875], [0.0, 0.0, 0.0, 1.0]], [[-0.8484694361686707, -0.5289214849472046, -0.018485944718122482, 0.97412109375], [0.011809207499027252, 0.01599961146712303, -0.9998022317886353, 1.4946670532226562], [0.5291126370429993, -0.8485199213027954, -0.007329038344323635, -1.2015228271484375], [0.0, 0.0, 0.0, 1.0]], [[0.9480105638504028, 0.318225622177124, -0.0028878150042146444, -1.1375732421875], [-0.013554924167692661, 0.031311362981796265, -0.999417781829834, 1.5619449615478516], [-0.31794995069503784, 0.9474977850914001, 0.033997029066085815, -0.158447265625], [0.0, 0.0, 0.0, 1.0]], [[0.012584722600877285, 0.9996379017829895, 0.023781295865774155, -0.029296875], [-0.011376753449440002, 0.023924782872200012, -0.9996489882469177, 1.5674047470092773], [-0.9998560547828674, 0.01230976078659296, 0.011673721484839916, -0.010986328125], [0.0, 0.0, 0.0, 1.0]], [[-0.9213879108428955, 0.38857847452163696, 0.007147421594709158, 1.06591796875], [-0.007262091152369976, 0.0011735701700672507, -0.999972939491272, 1.5470685958862305], [-0.38857635855674744, -0.9214149117469788, 0.0017405791440978646, -0.0814208984375], [0.0, 0.0, 0.0, 1.0]]], "view": [[0.0, -2.0, 100.0], [-2.0, 0.0, 100.0], [0.0, 0.0, 1.0]], "bev": "bev_f8edbbff08e140f38ac5eda3b0aa60e8.png", "aux": "aux_f8edbbff08e140f38ac5eda3b0aa60e8.npz", "visibility": "visibility_f8edbbff08e140f38ac5eda3b0aa60e8.png", "pose": [[-0.9710947275161743, -0.23869435489177704, 0.0, 1929.3319091796875], [0.23869435489177704, -0.9710947275161743, 0.0, 872.5142211914062], [0.0, 0.0, 1.0, 0.0], [0.0, 0.0, 0.0, 1.0]], "pose_inverse": [[-0.9710947275161743, 0.23869435489177704, 0.0, 1665.2999267578125], [-0.23869435489177704, -0.9710947275161743, 0.0, 1307.8145751953125], [0.0, 0.0, 1.0, 0.0], [0.0, 0.0, 0.0, 1.0]], "cam_ids": [0, 1, 2, 3, 4, 5], "cam_channels": ["CAM_FRONT_LEFT", "CAM_FRONT", "CAM_FRONT_RIGHT", "CAM_BACK_LEFT", "CAM_BACK", "CAM_BACK_RIGHT"], "token": "f8edbbff08e140f38ac5eda3b0aa60e8", "scene": "scene-0458"}, {"images": ["samples/CAM_FRONT_LEFT/n008-2018-09-18-12-53-31-0400__CAM_FRONT_LEFT__1537289756404806.jpg", "samples/CAM_FRONT/n008-2018-09-18-12-53-31-0400__CAM_FRONT__1537289756412404.jpg", "samples/CAM_FRONT_RIGHT/n008-2018-09-18-12-53-31-0400__CAM_FRONT_RIGHT__1537289756420482.jpg", "samples/CAM_BACK_LEFT/n008-2018-09-18-12-53-31-0400__CAM_BACK_LEFT__1537289756447405.jpg", "samples/CAM_BACK/n008-2018-09-18-12-53-31-0400__CAM_BACK__1537289756437558.jpg", "samples/CAM_BACK_RIGHT/n008-2018-09-18-12-53-31-0400__CAM_BACK_RIGHT__1537289756428113.jpg"], "intrinsics": [[[1257.8625342125129, 0.0, 827.2410631095686], [0.0, 1257.8625342125129, 450.915498205774], [0.0, 0.0, 1.0]], [[1252.8131021185304, 0.0, 826.588114781398], [0.0, 1252.8131021185304, 469.9846626224581], [0.0, 0.0, 1.0]], [[1256.7485116440405, 0.0, 817.7887570959712], [0.0, 1256.7485116440403, 451.9541780095127], [0.0, 0.0, 1.0]], [[1254.9860565800168, 0.0, 829.5769333630991], [0.0, 1254.9860565800168, 467.1680561863987], [0.0, 0.0, 1.0]], [[796.8910634503094, 0.0, 857.7774326863696], [0.0, 796.8910634503094, 476.8848988407415], [0.0, 0.0, 1.0]], [[1249.9629280788233, 0.0, 825.3768045375984], [0.0, 1249.9629280788233, 462.54816385708756], [0.0, 0.0, 1.0]]], "extrinsics": [[[0.8181707262992859, -0.5749695897102356, -0.002607242204248905, -0.8148193359375], [0.010191570967435837, 0.019035929813981056, -0.9997668266296387, 1.4905624389648438], [0.5748851895332336, 0.8179534077644348, 0.02143448032438755, -1.204833984375], [0.0, 0.0, 0.0, 1.0]], [[0.003940378315746784, -0.9998787641525269, -0.015064138919115067, 0.009521484375], [0.012135169468820095, 0.015110958367586136, -0.9998121857643127, 1.482421875], [0.9999186396598816, 0.0037568463012576103, 0.012193242087960243, -1.5445556640625], [0.0, 0.0, 0.0, 1.0]], [[-0.8465754389762878, -0.5318716168403625, -0.020556986331939697, 0.96630859375], [0.02013266086578369, 0.006596622057259083, -0.9997755289077759, 1.4960403442382812], [0.5318878889083862, -0.8467993140220642, 0.005123453214764595, -1.1964635848999023], [0.0, 0.0, 0.0, 1.0]], [[0.9479897618293762, 0.3182934522628784, 0.002186526544392109, -1.13525390625], [-0.005265372805297375, 0.022549819201231003, -0.9997318983078003, 1.5619897842407227], [-0.3182574212551117, 0.9477240443229675, 0.02305293083190918, -0.15924072265625], [0.0, 0.0, 0.0, 1.0]], [[0.011198443360626698, 0.9998286366462708, 0.014746284112334251, -0.0291748046875], [-0.003120573004707694, 0.014782081358134747, -0.9998858571052551, 1.56