[{"images": ["samples/CAM_FRONT_LEFT/n008-2018-09-18-12-07-26-0400__CAM_FRONT_LEFT__1537286927504799.jpg", "samples/CAM_FRONT/n008-2018-09-18-12-07-26-0400__CAM_FRONT__1537286927512404.jpg", "samples/CAM_FRONT_RIGHT/n008-2018-09-18-12-07-26-0400__CAM_FRONT_RIGHT__1537286927520482.jpg", "samples/CAM_BACK_LEFT/n008-2018-09-18-12-07-26-0400__CAM_BACK_LEFT__1537286927547405.jpg", "samples/CAM_BACK/n008-2018-09-18-12-07-26-0400__CAM_BACK__1537286927537558.jpg", "samples/CAM_BACK_RIGHT/n008-2018-09-18-12-07-26-0400__CAM_BACK_RIGHT__1537286927528113.jpg"], "intrinsics": [[[1257.8625342125129, 0.0, 827.2410631095686], [0.0, 1257.8625342125129, 450.915498205774], [0.0, 0.0, 1.0]], [[1252.8131021185304, 0.0, 826.588114781398], [0.0, 1252.8131021185304, 469.9846626224581], [0.0, 0.0, 1.0]], [[1256.7485116440405, 0.0, 817.7887570959712], [0.0, 1256.7485116440403, 451.9541780095127], [0.0, 0.0, 1.0]], [[1254.9860565800168, 0.0, 829.5769333630991], [0.0, 1254.9860565800168, 467.1680561863987], [0.0, 0.0, 1.0]], [[796.8910634503094, 0.0, 857.7774326863696], [0.0, 796.8910634503094, 476.8848988407415], [0.0, 0.0, 1.0]], [[1249.9629280788233, 0.0, 825.3768045375984], [0.0, 1249.9629280788233, 462.54816385708756], [0.0, 0.0, 1.0]]], "extrinsics": [[[0.8225972056388855, -0.5686237812042236, -0.0009540682076476514, -0.9013671875], [-0.0029194604139775038, -0.0025455800350755453, -0.9999924898147583, 1.4879441261291504], [0.5686171054840088, 0.8225938677787781, -0.0037540632765740156, -1.2664794921875], [0.0, 0.0, 0.0, 1.0]], [[0.010267644189298153, -0.9999260306358337, 0.006518412381410599, 0.00958251953125], [-0.0010708114132285118, -0.0065297470428049564, -0.9999781250953674, 1.4800801277160645], [0.999946653842926, 0.010260439477860928, -0.0011377763003110886, -1.633056640625], [0.0, 0.0, 0.0, 1.0]], [[-0.8440793752670288, -0.5362132787704468, 0.002315778285264969, 1.025390625], [0.0068379235453903675, -0.015082075260579586, -0.9998628497123718, 1.4936439990997314], [0.5361747145652771, -0.8439477682113647, 0.016397053375840187, -1.23333740234375], [0.0, 0.0, 0.0, 1.0]], [[0.947806179523468, 0.31836453080177307, -0.017532872036099434, -1.137451171875], [-0.018717629835009575, 0.0006624148809351027, -0.999824583530426, 1.5619087219238281], [-0.3182970881462097, 0.9479681253433228, 0.006586870644241571, -0.15859222412109375], [0.0, 0.0, 0.0, 1.0]], [[0.00931164063513279, 0.9999305009841919, -0.007237051613628864, -0.02960205078125], [-0.016503438353538513, -0.007082702126353979, -0.9998387098312378, 1.5675277709960938], [-0.9998204708099365, 0.009429574012756348, 0.016436338424682617, 0.0111083984375], [0.0, 0.0, 0.0, 1.0]], [[-0.9237197041511536, 0.38306906819343567, -0.0001688867196207866, 1.10595703125], [-0.012261198833584785, -0.030006881803274155, -0.9994744658470154, 1.547149658203125], [-0.3828728199005127, -0.9232321977615356, 0.03241483494639397, -0.064453125], [0.0, 0.0, 0.0, 1.0]]], "view": [[0.0, -2.0, 100.0], [-2.0, 0.0, 100.0], [0.0, 0.0, 1.0]], "bev": "bev_604726ccdcb64dc09b189c3edf31aec2.png", "aux": "aux_604726ccdcb64dc09b189c3edf31aec2.npz", "visibility": "visibility_604726ccdcb64dc09b189c3edf31aec2.png", "pose": [[-0.9996313452720642, 0.027151204645633698, 0.0, 1960.6292724609375], [-0.027151204645633698, -0.9996313452720642, 0.0, 783.6979370117188], [0.0, 0.0, 1.0, 0.0], [0.0, 0.0, 0.0, 1.0]], "pose_inverse": [[-0.9996313452720642, -0.027151204645633698, 0.0, 1981.184814453125], [0.027151204645633698, -0.9996313452720642, 0.0, 730.1755981445312], [0.0, 0.0, 1.0, 0.0], [0.0, 0.0, 0.0, 1.0]], "cam_ids": [0, 1, 2, 3, 4, 5], "cam_channels": ["CAM_FRONT_LEFT", "CAM_FRONT", "CAM_FRONT_RIGHT", "CAM_BACK_LEFT", "CAM_BACK", "CAM_BACK_RIGHT"], "token": "604726ccdcb64dc09b189c3edf31aec2", "scene": "scene-0441"}, {"images": ["samples/CAM_FRONT_LEFT/n008-2018-09-18-12-07-26-0400__CAM_FRONT_LEFT__1537286928004799.jpg", "samples/CAM_FRONT/n008-2018-09-18-12-07-26-0400__CAM_FRONT__1537286928012404.jpg", "samples/CAM_FRONT_RIGHT/n008-2018-09-18-12-07-26-0400__CAM_FRONT_RIGHT__1537286928020482.jpg", "samples/CAM_BACK_LEFT/n008-2018-09-18-12-07-26-0400__CAM_BACK_LEFT__1537286928047405.jpg", "samples/CAM_BACK/n008-2018-09-18-12-07-26-0400__CAM_BACK__1537286928037558.jpg", "samples/CAM_BACK_RIGHT/n008-2018-09-18-12-07-26-0400__CAM_BACK_RIGHT__1537286928028113.jpg"], "intrinsics": [[[1257.8625342125129, 0.0, 827.2410631095686], [0.0, 1257.8625342125129, 450.915498205774], [0.0, 0.0, 1.0]], [[1252.8131021185304, 0.0, 826.588114781398], [0.0, 1252.8131021185304, 469.9846626224581], [0.0, 0.0, 1.0]], [[1256.7485116440405, 0.0, 817.7887570959712], [0.0, 1256.7485116440403, 451.9541780095127], [0.0, 0.0, 1.0]], [[1254.9860565800168, 0.0, 829.5769333630991], [0.0, 1254.9860565800168, 467.1680561863987], [0.0, 0.0, 1.0]], [[796.8910634503094, 0.0, 857.7774326863696], [0.0, 796.8910634503094, 476.8848988407415], [0.0, 0.0, 1.0]], [[1249.9629280788233, 0.0, 825.3768045375984], [0.0, 1249.9629280788233, 462.54816385708756], [0.0, 0.0, 1.0]]], "extrinsics": [[[0.8224560022354126, -0.568825364112854, -0.002002353547140956, -0.9365234375], [-0.0036610173992812634, -0.00177328335121274, -0.9999917149543762, 1.4879941940307617], [0.5688170194625854, 0.8224564790725708, -0.0035409291740506887, -1.2869873046875], [0.0, 0.0, 0.0, 1.0]], [[0.01012334879487753, -0.9999315738677979, 0.00586713757365942, 0.0067138671875], [-0.0016463659703731537, -0.00588409835472703, -0.9999813437461853, 1.4800562858581543], [0.9999473690986633, 0.010113505646586418, -0.0017058186931535602, -1.666748046875], [0.0, 0.0, 0.0, 1.0]], [[-0.8441029787063599, -0.5361759066581726, 0.0023773685097694397, 1.04638671875], [0.006439363118261099, -0.014570874162018299, -0.9998731017112732, 1.493417501449585], [0.5361424684524536, -0.8439804911613464, 0.015751948580145836, -1.248992919921875], [0.0, 0.0, 0.0, 1.0]], [[0.9478077292442322, 0.3183588981628418, -0.0175519660115242, -1.140380859375], [-0.018753256648778915, 0.0007086502155289054, -0.9998238682746887, 1.561981201171875], [-0.31829047203063965, 0.9479700326919556, 0.0066419318318367004, -0.1572418212890625], [0.0, 0.0, 0.0, 1.0]], [[0.009328787215054035, 0.999931812286377, -0.007025841157883406, -0.02874755859375], [-0.016717949882149696, -0.006869204342365265, -0.9998366236686707, 1.5677070617675781], [-0.9998167157173157, 0.00944471824914217, 0.016652729362249374, 0.02294921875], [0.0, 0.0, 0.0, 1.0]], [[-0.9237067103385925, 0.3831002116203308, 0.00026428772252984345, 1.1248779296875], [-0.012571778148412704, -0.02962275967001915, -0.9994820952415466, 1.5473365783691406], [-0.38289394974708557, -0.9232316613197327, 0.03217899426817894, -0.0582275390625], [0.0, 0.0, 0.0, 1.0]]], "view": [[0.0, -2.0, 100.0], [-2.0, 0.0, 100.0], [0.0, 0.0, 1.0]], "bev": "bev_5ea151ee5c164e8d8b9959d6aff4402d.png", "aux": "aux_5ea151ee5c164e8d8b9959d6aff4402d.npz", "visibility": "visibility_5ea151ee5c164e8d8b9959d6aff4402d.png", "pose": [[-0.999592661857605, 0.02853974886238575, 0.0, 1959.4879150390625], [-0.02853974886238575, -0.999592661857605, 0.0, 783.6806640625], [0.0, 0.0, 1.0, 0.0], [0.0, 0.0, 0.0, 1.0]], "pose_inverse": [[-0.999592661857605, -0.02853974886238575, 0.0, 1981.0557861328125], [0.02853974886238575, -0.999592661857605, 0.0, 727.4381713867188], [0.0, 0.0, 1.0, 0.0], [0.0, 0.0, 0.0, 1.0]], "cam_ids": [0, 1, 2, 3, 4, 5], "cam_channels": ["CAM_FRONT_LEFT", "CAM_FRONT", "CAM_FRONT_RIGHT", "CAM_BACK_LEFT", "CAM_BACK", "CAM_BACK_RIGHT"], "token": "5ea151ee5c164e8d8b9959d6aff4402d", "scene": "scene-0441"}, {"images": ["samples/CAM_FRONT_LEFT/n008-2018-09-18-12-07-26-0400__CAM_FRONT_LEFT__1537286928504799.jpg", "samples/CAM_FRONT/n008-2018-09-18-12-07-26-0400__CAM_FRONT__1537286928512404.jpg", "samples/CAM_FRONT_RIGHT/n008-2018-09-18-12-07-26-0400__CAM_FRONT_RIGHT__1537286928520482.jpg", "samples/CAM_BACK_LEFT/n008-2018-09-18-12-07-26-0400__CAM_BACK_LEFT__1537286928547405.jpg", "samples/CAM_BACK/n008-2018-09-18-12-07-26-0400__CAM_BACK__1537286928537558.jpg", "samples/CAM_BACK_RIGHT/n008-2018-09-18-12-07-26-0400__CAM_BACK_RIGHT__1537286928528113.jpg"], "intrinsics": [[[1257.8625342125129, 0.0, 827.2410631095686], [0.0, 1257.8625342125129, 450.915498205774], [0.0, 0.0, 1.0]], [[1252.8131021185304, 0.0, 826.588114781398], [0.0, 1252.8131021185304, 469.9846626224581], [0.0, 0.0, 1.0]], [[1256.7485116440405, 0.0, 817.7887570959712], [0.0, 1256.7485116440403, 451.9541780095127], [0.0, 0.0, 1.0]], [[1254.9860565800168, 0.0, 829.5769333630991], [0.0, 1254.9860565800168, 467.1680561863987], [0.0, 0.0, 1.0]], [[796.8910634503094, 0.0, 857.7774326863696], [0.0, 796.8910634503094, 476.8848988407415], [0.0, 0.0, 1.0]], [[1249.9629280788233, 0.0, 825.3768045375984], [0.0, 1249.9629280788233, 462.54816385708756], [0.0, 0.0, 1.0]]], "extrinsics": [[[0.8223331570625305, -0.5690062046051025, 0.0004597201768774539, -0.9842529296875], [-0.0005778952036052942, -0.0016431122785434127, -0.9999985098838806, 1.488281011581421], [0.569006085395813, 0.8223316073417664, -0.001680012559518218, -1.3189697265625], [0.0, 0.0, 0.0, 1.0]], [[0.009934804402291775, -0.9999337196350098, 0.005805359687656164, 0.00555419921875], [0.0014105535810813308, -0.005791625939309597, -0.9999822378158569, 1.4801968336105347], [0.99994957447052, 0.009942818433046341, 0.001352921943180263, -1.7139892578125], [0.0, 0.0, 0.0, 1.0]], [[-0.8441699147224426, -0.5360755920410156, -0.00020943122217431664, 1.0771484375], [0.009468059055507183, -0.014518942683935165, -0.999849796295166, 1.4932222366333008], [0.5359920263290405, -0.8440451622009277, 0.0173320509493351, -1.26904296875], [0.0, 0.0, 0.0, 1.0]], [[0.9478408694267273, 0.31840014457702637, -0.014806140214204788, -1.14306640625], [-0.01580308936536312, 0.0005481267580762506, -0.9998749494552612, 1.5620250701904297], [-0.31835219264030457, 0.9479562640190125, 0.005551242735236883, -0.15654754638671875], [0.0, 0.0, 0.0, 1.0]], [[0.009364994242787361, 0.9999312162399292, -0.007056200411170721, -0.02880859375], [-0.013676945120096207, -0.0069277617149055, -0.9998824000358582, 1.5679740905761719], [-0.9998626112937927, 0.00946040265262127, 0.013611127622425556, 0.037841796875], [0.0, 0.0, 0.0, 1.0]], [[-0.923675537109375, 0.38316720724105835, -0.002513103885576129, 1.1497802734375], [-0.009558402933180332, -0.029597392305731773, -0.9995161890983582, 1.5477027893066406], [-0.3830561935901642, -0.9232046604156494, 0.031000854447484016, -0.048095703125], [0.0, 0.0, 0.0, 1.0]]], "view": [[0.0, -2.0, 100.0], [-2.0, 0.0, 100.0], [0.0, 0.0, 1.0]], "bev": "bev_5586b3fdde0e4306a8b8186daacd1f02.png", "aux": "aux_5586b3fdde0e4306a8b8186daacd1f02.npz", "visibility": "visibility_5586b3fdde0e4306a8b8186daacd1f02.png", "pose": [[-0.9995797276496887, 0.02898831106722355, 0.0, 1958.9173583984375], [-0.02898831106722355, -0.9995797276496887, 0.0, 783.6732177734375], [0.0, 0.0, 1.0, 0.0], [0.0, 0.0, 0.0, 1.0]], "pose_inverse": [[-0.9995797276496887, -0.02898831106722355, 0.0, 1980.8115234375], [0.02898831106722355, -0.9995797276496887, 0.0, 726.5581665039062], [0.0, 0.0, 1.0, 0.0], [0.0, 0.0, 0.0, 1.0]], "cam_ids": [0, 1, 2, 3, 4, 5], "cam_channels": ["CAM_FRONT_LEFT", "CAM_FRONT", "CAM_FRONT_RIGHT", "CAM_BACK_LEFT", "CAM_BACK", "CAM_BACK_RIGHT"], "token": "5586b3fdde0e4306a8b8186daacd1f02", "scene": "scene-0441"}, {"images": ["samples/CAM_FRONT_LEFT/n008-2018-09-18-12-07-26-0400__CAM_FRONT_LEFT__1537286929004799.jpg", "samples/CAM_FRONT/n008-2018-09-18-12-07-26-0400__CAM_FRONT__1537286929012404.jpg", "samples/CAM_FRONT_RIGHT/n008-2018-09-18-12-07-26-0400__CAM_FRONT_RIGHT__1537286929020482.jpg", "samples/CAM_BACK_LEFT/n008-2018-09-18-12-07-26-0400__CAM_BACK_LEFT__1537286929047405.jpg", "samples/CAM_BACK/n008-2018-09-18-12-07-26-0400__CAM_BACK__1537286929037558.jpg", "samples/CAM_BACK_RIGHT/n008-2018-09-18-12-07-26-0400__CAM_BACK_RIGHT__1537286929028113.jpg"], "intrinsics": [[[1257.8625342125129, 0.0, 827.2410631095686], [0.0, 1257.8625342125129, 450.915498205774], [0.0, 0.0, 1.0]], [[1252.8131021185304, 0.0, 826.588114781398], [0.0, 1252.8131021185304, 469.9846626224581], [0.0, 0.0, 1.0]], [[1256.7485116440405, 0.0, 817.7887570959712], [0.0, 1256.7485116440403, 451.9541780095127], [0.0, 0.0, 1.0]], [[1254.9860565800168, 0.0, 829.5769333630991], [0.0, 1254.9860565800168, 467.1680561863987], [0.0, 0.0, 1.0]], [[796.8910634503094, 0.0, 857.7774326863696], [0.0, 796.8910634503094, 476.8848988407415], [0.0, 0.0, 1.0]], [[1249.9629280788233, 0.0, 825.3768045375984], [0.0, 1249.9629280788233, 462.54816385708756], [0.0, 0.0, 1.0]]], "extrinsics": [[[0.8225100636482239, -0.5687386989593506, 0.0036713716108351946, -1.006591796875], [0.002848393516615033, -0.0023358967155218124, -0.9999932050704956, 1.4882898330688477], [0.5687434673309326, 0.8225149512290955, -0.0003013065434060991, -1.33544921875], [0.0, 0.0, 0.0, 1.0]], [[0.010198710486292839, -0.9999268651008606, 0.006496352143585682, 0.0059814453125], [0.0049239699728786945, -0.006446391344070435, -0.9999671578407288, 1.4801573753356934], [0.9999358654022217, 0.01023036427795887, 0.00485786609351635, -1.737060546875], [0.0, 0.0, 0.0, 1.0]], [[-0.844032883644104, -0.5362834930419922, -0.002920683240517974, 1.092529296875], [0.013074271380901337, -0.015131953172385693, -0.9997999668121338, 1.4930505752563477], [0.5361320972442627, -0.8439023494720459, 0.0197833813726902, -1.278228759765625], [0.0, 0.0, 0.0, 1.0]], [[0.9478664398193359, 0.3184654116630554, -0.01135924644768238, -1.14404296875], [-0.011975537054240704, -2.267499439767562e-05, -0.9999282956123352, 1.5620441436767578], [-0.31844285130500793, 0.9479344487190247, 0.0037922998890280724, -0.15598297119140625], [0.0, 0.0, 0.0, 1.0]], [[0.009251236915588379, 0.9999282956123352, -0.007613790221512318, -0.02911376953125], [-0.00997471995651722, -0.007521457504481077, -0.999921977519989, 1.5680732727050781], [-0.9999074935913086, 0.009326457977294922, 0.00990442093461752, 0.0452880859375], [0.0, 0.0, 0.0, 1.0]], [[-0.9237357974052429, 0.38298118114471436, -0.006128714419901371, 1.1619873046875], [-0.00588865065947175, -0.030198272317647934, -0.9995265603065491, 1.5478324890136719], [-0.3829849362373352, -0.923262357711792, 0.03015046752989292, -0.042724609375], [0.0, 0.0, 0.0, 1.0]]], "view": [[0.0, -2.0, 100.0], [-2.0, 0.0, 100.0], [0.0, 0.0, 1.0]], "bev": "bev_4d11d0cfea294de4ba28ecae7cc5497f.png", "aux": "aux_4d11d0cfea294de4ba28ecae7cc5497f.npz", "visibility": "visibility_4d11d0cfea294de4ba28ecae7cc5497f.png", "pose": [[-0.9995519518852234, 0.02993161790072918, 0.0, 1958.8173828125], [-0.02993161790072918, -0.9995519518852234, 0.0, 783.6771240234375], [0.0, 0.0, 1.0, 0.0], [0.0, 0.0, 0.0, 1.0]], "pose_inverse": [[-0.9995519518852234, -0.02993161790072918, 0.0, 1981.396484375], [0.02993161790072918, -0.9995519518852234, 0.0, 724.6954345703125], [0.0, 0.0, 1.0, 0.0], [0.0, 0.0, 0.0, 1.0]], "cam_ids": [0, 1, 2, 3, 4, 5], "cam_channels": ["CAM_FRONT_LEFT", "CAM_FRONT", "CAM_FRONT_RIGHT", "CAM_BACK_LEFT", "CAM_BACK", "CAM_BACK_RIGHT"], "token": "4d11d0cfea294de4ba28ecae7cc5497f", "scene": "scene-0441"}, {"images": ["samples/CAM_FRONT_LEFT/n008-2018-09-18-12-07-26-0400__CAM_FRONT_LEFT__1537286929504799.jpg", "samples/CAM_FRONT/n008-2018-09-18-12-07-26-0400__CAM_FRONT__1537286929512404.jpg", "samples/CAM_FRONT_RIGHT/n008-2018-09-18-12-07-26-0400__CAM_FRONT_RIGHT__1537286929520482.jpg", "samples/CAM_BACK_LEFT/n008-2018-09-18-12-07-26-0400__CAM_BACK_LEFT__1537286929547405.jpg", "samples/CAM_BACK/n008-2018-09-18-12-07-26-0400__CAM_BACK__1537286929537558.jpg", "samples/CAM_BACK_RIGHT/n008-2018-09-18-12-07-26-0400__CAM_BACK_RIGHT__1537286929528113.jpg"], "intrinsics": [[[1257.8625342125129, 0.0, 827.2410631095686], [0.0, 1257.8625342125129, 450.915498205774], [0.0, 0.0, 1.0]], [[1252.8131021185304, 0.0, 826.588114781398], [0.0, 1252.8131021185304, 469.9846626224581], [0.0, 0.0, 1.0]], [[1256.7485116440405, 0.0, 817.7887570959712], [0.0, 1256.7485116440403, 451.9541780095127], [0.0, 0.0, 1.0]], [[1254.9860565800168, 0.0, 829.5769333630991], [0.0, 1254.9860565800168, 467.1680561863987], [0.0, 0.0, 1.0]], [[796.8910634503094, 0.0, 857.7774326863696], [0.0, 796.8910634503094, 476.8848988407415], [0.0, 0.0, 1.0]], [[1249.9629280788233, 0.0, 825.3768045375984], [0.0, 1249.9629280788233, 462.54816385708756], [0.0, 0.0, 1.0]]], "extrinsics": [[[0.822523295879364, -0.568712592124939, 0.004634917713701725, -1.005615234375], [0.004020895808935165, -0.0023343698121607304, -0.9999891519546509, 1.4882893562316895], [0.5687171816825867, 0.822533130645752, 0.00036665669176727533, -1.3345947265625], [0.0, 0.0, 0.0, 1.0]], [[0.010211938992142677, -0.9999266862869263, 0.0065024676732718945, 0.00579833984375], [0.00596545310690999, -0.006441769190132618, -0.9999614357948303, 1.480161190032959], [0.9999300837516785, 0.010250331833958626, 0.005899232812225819, -1.73583984375], [0.0, 0.0, 0.0, 1.0]], [[-0.8440256118774414, -0.5362902283668518, -0.0036863444838672876, 1.091552734375], [0.013976401649415493, -0.015124043449759483, -0.9997879266738892, 1.4930667877197266], [0.5361208319664001, -0.8438981771469116, 0.020260486751794815, -1.27777099609375], [0.0, 0.0, 0.0, 1.0]], [[0.9478658437728882, 0.3184860348701477, -0.010820334777235985, -1.144287109375], [-0.011439407244324684, 7.34594723326154e-05, -0.9999345541000366, 1.5620479583740234], [-0.31846439838409424, 0.9479275345802307, 0.003712921403348446, -0.15610504150390625], [0.0, 0.0, 0.0, 1.0]], [[0.00924748182296753, 0.9999287724494934, -0.007546259555965662, -0.029052734375], [-0.009292799979448318, -0.007460318971425295, -0.9999289512634277, 1.5680656433105469], [-0.9999141097068787, 0.009316952899098396, 0.009223148226737976, 0.044677734375], [0.0, 0.0, 0.0, 1.0]], [[-0.9237338304519653, 0.3829735219478607, -0.006863813381642103, 1.1610107421875], [-0.005086340941488743, -0.030182301998138428, -0.9995314478874207, 1.5478229522705078], [-0.3830012381076813, -0.9232660531997681, 0.029828349128365517, -0.0433349609375], [0.0, 0.0, 0.0, 1.0]]], "view": [[0.0, -2.0, 100.0], [-2.0, 0.0, 100.0], [0.0, 0.0, 1.0]], "bev": "bev_32a0b3bfd2b64527ba3e253682db7146.png", "aux": "aux_32a0b3bfd2b64527ba3e253682db7146.npz", "visibility": "visibility_32a0b3bfd2b64527ba3e253682db7146.png", "pose": [[-0.9995370507240295, 0.03042520023882389, 0.0, 1958.846923828125], [-0.03042520023882389, -0.9995370507240295, 0.0, 783.685546875], [0.0, 0.0, 1.0, 0.0], [0.0, 0.0, 0.0, 1.0]], "pose_inverse": [[-0.9995370507240295, -0.03042520023882389, 0.0, 1981.7838134765625], [0.03042520023882389, -0.9995370507240295, 0.0, 723.7244262695312], [0.0, 0.0, 1.0, 0.0], [0.0, 0.0, 0.0, 1.0]], "cam_ids": [0, 1, 2, 3, 4, 5], "cam_channels": ["CAM_FRONT_LEFT", "CAM_FRONT", "CAM_FRONT_RIGHT", "CAM_BACK_LEFT", "CAM_BACK", "CAM_BACK_RIGHT"], "token": "32a0b3bfd2b64527ba3e253682db7146", "scene": "scene-0441"}, {"images": ["samples/CAM_FRONT_LEFT/n008-2018-09-18-12-07-26-0400__CAM_FRONT_LEFT__1537286930104799.jpg", "samples/CAM_FRONT/n008-2018-09-18-12-07-26-0400__CAM_FRONT__1537286930112404.jpg", "samples/CAM_FRONT_RIGHT/n008-2018-09-18-12-07-26-0400__CAM_FRONT_RIGHT__1537286930120482.jpg", "samples/CAM_BACK_LEFT/n008-2018-09-18-12-07-26-0400__CAM_BACK_LEFT__1537286930147405.jpg", "samples/CAM_BACK/n008-2018-09-18-12-07-26-0400__CAM_BACK__1537286930137558.jpg", "samples/CAM_BACK_RIGHT/n008-2018-09-18-12-07-26-0400__CAM_BACK_RIGHT__1537286930128113.jpg"], "intrinsics": [[[1257.8625342125129, 0.0, 827.2410631095686], [0.0, 1257.8625342125129, 450.915498205774], [0.0, 0.0, 1.0]], [[1252.8131021185304, 0.0, 826.588114781398], [0.0, 1252.8131021185304, 469.9846626224581], [0.0, 0.0, 1.0]], [[1256.7485116440405, 0.0, 817.7887570959712], [0.0, 1256.7485116440403, 451.9541780095127], [0.0, 0.0, 1.0]], [[1254.9860565800168, 0.0, 829.5769333630991], [0.0, 1254.9860565800168, 467.1680561863987], [0.0, 0.0, 1.0]], [[796.8910634503094, 0.0, 857.7774326863696], [0.0, 796.8910634503094, 476.8848988407415], [0.0, 0.0, 1.0]], [[1249.9629280788233, 0.0, 825.3768045375984], [0.0, 1249.9629280788233, 462.54816385708756], [0.0, 0.0, 1.0]]], "extrinsics": [[[0.8225380778312683, -0.5686867833137512, 0.005140809342265129, -1.0047607421875], [0.00476537412032485, -0.002147116931155324, -0.9999863505363464, 1.4882936477661133], [0.5686900615692139, 0.822551429271698, 0.000943917955737561, -1.3336181640625], [0.0, 0.0, 0.0, 1.0]], [[0.010239973664283752, -0.9999274611473083, 0.006338580511510372, 0.00579833984375], [0.006710993591696024, -0.006270048674196005, -0.999957799911499, 1.480168342590332], [0.9999250173568726, 0.010282078757882118, 0.006646302528679371, -1.73486328125], [0.0, 0.0, 0.0, 1.0]], [[-0.8440051078796387, -0.5363171696662903, -0.004399396013468504, 1.0908203125], [0.014723097905516624, -0.014968651346862316, -0.9997795224189758, 1.4930782318115234], [0.5361331105232239, -0.8438838124275208, 0.020529869943857193, -1.277313232421875], [0.0, 0.0, 0.0, 1.0]], [[0.9478723406791687, 0.3184921443462372, -0.0100341085344553, -1.14404296875], [-0.010656772181391716, 0.00021263140661176294, -0.999943196773529, 1.562042236328125], [-0.3184719681739807, 0.9479254484176636, 0.0035956455394625664, -0.15605545043945312], [0.0, 0.0, 0.0, 1.0]], [[0.009231156669557095, 0.9999300241470337, -0.007403225172311068, -0.02899169921875], [-0.008535139262676239, -0.007324479054659605, -0.9999367594718933, 1.568063735961914], [-0.9999210238456726, 0.009293759241700172, 0.008466927334666252, 0.04443359375], [0.0, 0.0, 0.0, 1.0]], [[-0.9237391352653503, 0.3829488754272461, -0.007493707817047834, 1.1605224609375], [-0.004340817220509052, -0.030030222609639168, -0.9995395541191101, 1.5478172302246094], [-0.3829975724220276, -0.9232813119888306, 0.02940240502357483, -0.04345703125], [0.0, 0.0, 0.0, 1.0]]], "view": [[0.0, -2.0, 100.0], [-2.0, 0.0, 100.0], [0.0, 0.0, 1.0]], "bev": "bev_f76f9782f7554384a6d7f50aa3c17ad2.png", "aux": "aux_f76f9782f7554384a6d7f50aa3c17ad2.npz", "visibility": "visibility_f76f9782f7554384a6d7f50aa3c17ad2.png", "pose": [[-0.9995250701904297, 0.03081604652106762, 0.0, 1958.8502197265625], [-0.03081604652106762, -0.9995250701904297, 0.0, 783.6922607421875], [0.0, 0.0, 1.0, 0.0], [0.0, 0.0, 0.0, 1.0]], "pose_inverse": [[-0.9995250701904297, -0.03081604652106762, 0.0, 1982.0701904296875], [0.03081604652106762, -0.9995250701904297, 0.0, 722.9560546875], [0.0, 0.0, 1.0, 0.0], [0.0, 0.0, 0.0, 1.0]], "cam_ids": [0, 1, 2, 3, 4, 5], "cam_channels": ["CAM_FRONT_LEFT", "CAM_FRONT", "CAM_FRONT_RIGHT", "CAM_BACK_LEFT", "CAM_BACK", "CAM_BACK_RIGHT"], "token": "f76f9782f7554384a6d7f50aa3c17ad2", "scene": "scene-0441"}, {"images": ["samples/CAM_FRONT_LEFT/n008-2018-09-18-12-07-26-0400__CAM_FRONT_LEFT__1537286930604799.jpg", "samples/CAM_FRONT/n008-2018-09-18-12-07-26-0400__CAM_FRONT__1537286930612404.jpg", "samples/CAM_FRONT_RIGHT/n008-2018-09-18-12-07-26-0400__CAM_FRONT_RIGHT__1537286930620482.jpg", "samples/CAM_BACK_LEFT/n008-2018-09-18-12-07-26-0400__CAM_BACK_LEFT__1537286930647405.jpg", "samples/CAM_BACK/n008-2018-09-18-12-07-26-0400__CAM_BACK__1537286930637558.jpg", "samples/CAM_BACK_RIGHT/n008-2018-09-18-12-07-26-0400__CAM_BACK_RIGHT__1537286930628113.jpg"], "intrinsics": [[[1257.8625342125129, 0.0, 827.2410631095686], [0.0, 1257.8625342125129, 450.915498205774], [0.0, 0.0, 1.0]], [[1252.8131021185304, 0.0, 826.588114781398], [0.0, 1252.8131021185304, 469.9846626224581], [0.0, 0.0, 1.0]], [[1256.7485116440405, 0.0, 817.7887570959712], [0.0, 1256.7485116440403, 451.9541780095127], [0.0, 0.0, 1.0]], [[1254.9860565800168, 0.0, 829.5769333630991], [0.0, 1254.9860565800168, 467.1680561863987], [0.0, 0.0, 1.0]], [[796.8910634503094, 0.0, 857.7774326863696], [0.0, 796.8910634503094, 476.8848988407415], [0.0, 0.0, 1.0]], [[1249.9629280788233, 0.0, 825.3768045375984], [0.0, 1249.9629280788233, 462.54816385708756], [0.0, 0.0, 1.0]]], "extrinsics": [[[0.8225336670875549, -0.5686649084091187, 0.007657824084162712, -0.995361328125], [0.007922451943159103, -0.0020066015422344208, -0.9999666213989258, 1.488387107849121], [0.5686613917350769, 0.8225668668746948, 0.0028547218535095453, -1.3271484375], [0.0, 0.0, 0.0, 1.0]], [[0.010255968198180199, -0.9999280571937561, 0.006210448686033487, 0.00567626953125], [0.010014805942773819, -0.006107749883085489, -0.9999312162399292, 1.4802684783935547], [0.9998973608016968, 0.010317454114556313, 0.009951445274055004, -1.72509765625], [0.0, 0.0, 0.0, 1.0]], [[-0.8439598679542542, -0.5363550782203674, -0.007418432272970676, 1.083984375], [0.01818249374628067, -0.014782930724322796, -0.9997254014015198, 1.4932212829589844], [0.5360981822013855, -0.8438629508018494, 0.02222847193479538, -1.273193359375], [0.0, 0.0, 0.0, 1.0]], [[0.9478811025619507, 0.3185630440711975, -0.0062460582703351974, -1.14306640625], [-0.006730292923748493, 0.00041938619688153267, -0.9999772310256958, 1.562037467956543], [-0.31855320930480957, 0.9479015469551086, 0.0025415492709726095, -0.15636825561523438], [0.0, 0.0, 0.0, 1.0]], [[0.009197103790938854, 0.9999321103096008, -0.007162642665207386, -0.0289306640625], [-0.004791891667991877, -0.00711878901347518, -0.9999631643295288, 1.5680437088012695], [-0.9999462962150574, 0.009231089614331722, 0.004726093262434006, 0.040771484375], [0.0, 0.0, 0.0, 1.0]], [[-0.9237268567085266, 0.38290169835090637, -0.010718466714024544, 1.155029296875], [-0.0007701970171183348, -0.02983831986784935, -0.999554455280304, 1.547811508178711], [-0.3830508887767792, -0.9233071208000183, 0.02785736881196499, -0.0457763671875], [0.0, 0.0, 0.0, 1.0]]], "view": [[0.0, -2.0, 100.0], [-2.0, 0.0, 100.0], [0.0, 0.0, 1.0]], "bev": "bev_efac5381e79a4a9c90c5826179ec0051.png", "aux": "aux_efac5381e79a4a9c90c5826179ec0051.npz", "visibility": "visibility_efac5381e79a4a9c90c5826179ec0051.png", "pose": [[-0.9995253682136536, 0.030807388946413994, 0.0, 1958.801513671875], [-0.030807388946413994, -0.9995253682136536, 0.0, 783.6949462890625], [0.0, 0.0, 1.0, 0.0], [0.0, 0.0, 0.0, 1.0]], "pose_inverse": [[-0.9995253682136536, -0.030807388946413994, 0.0, 1982.015380859375], [0.030807388946413994, -0.9995253682136536, 0.0, 722.9774169921875], [0.0, 0.0, 1.0, 0.0], [0.0, 0.0, 0.0, 1.0]], "cam_ids": [0, 1, 2, 3, 4, 5], "cam_channels": ["CAM_FRONT_LEFT", "CAM_FRONT", "CAM_FRONT_RIGHT", "CAM_BACK_LEFT", "CAM_BACK", "CAM_BACK_RIGHT"], "token": "efac5381e79a4a9c90c5826179ec0051", "scene": "scene-0441"}, {"images": ["samples/CAM_FRONT_LEFT/n008-2018-09-18-12-07-26-0400__CAM_FRONT_LEFT__1537286931154799.jpg", "samples/CAM_FRONT/n008-2018-09-18-12-07-26-0400__CAM_FRONT__1537286931162404.jpg", "samples/CAM_FRONT_RIGHT/n008-2018-09-18-12-07-26-0400__CAM_FRONT_RIGHT__1537286931170482.jpg", "samples/CAM_BACK_LEFT/n008-2018-09-18-12-07-26-0400__CAM_BACK_LEFT__1537286931197430.jpg", "samples/CAM_BACK/n008-2018-09-18-12-07-26-0400__CAM_BACK__1537286931187558.jpg", "samples/CAM_BACK_RIGHT/n008-2018-09-18-12-07-26-0400__CAM_BACK_RIGHT__1537286931178113.jpg"], "intrinsics": [[[1257.8625342125129, 0.0, 827.2410631095686], [0.0, 1257.8625342125129, 450.915498205774], [0.0, 0.0, 1.0]], [[1252.8131021185304, 0.0, 826.588114781398], [0.0, 1252.8131021185304, 469.9846626224581], [0.0, 0.0, 1.0]], [[1256.7485116440405, 0.0, 817.7887570959712], [0.0, 1256.7485116440403, 451.9541780095127], [0.0, 0.0, 1.0]], [[1254.9860565800168, 0.0, 829.5769333630991], [0.0, 1254.9860565800168, 467.1680561863987], [0.0, 0.0, 1.0]], [[796.8910634503094, 0.0, 857.7774326863696], [0.0, 796.8910634503094, 476.8848988407415], [0.0, 0.0, 1.0]], [[1249.9629280788233, 0.0, 825.3768045375984], [0.0, 1249.9629280788233, 462.54816385708756], [0.0, 0.0, 1.0]]], "extrinsics": [[[0.8226717710494995, -0.5684112906455994, 0.010945003479719162, -0.9736328125], [0.012293593026697636, -0.001461218693293631, -0.9999233484268188, 1.4887619018554688], [0.5683836936950684, 0.8227432370185852, 0.005785712972283363, -1.31201171875], [0.0, 0.0, 0.0, 1.0]], [[0.010506217367947102, -0.9999282360076904, 0.0057560112327337265, 0.00579833984375], [0.014260083436965942, -0.005605918355286121, -0.9998825788497925, 1.4806251525878906], [0.9998431205749512, 0.010587062686681747, 0.014200162142515182, -1.70263671875], [0.0, 0.0, 0.0, 1.0]], [[-0.8437979817390442, -0.5365453362464905, -0.011137761175632477, 1.069091796875], [0.022298729047179222, -0.014317097142338753, -0.9996488094329834, 1.4936485290527344], [0.5361974835395813, -0.8437500596046448, 0.02404501661658287, -1.263824462890625], [0.0, 0.0, 0.0, 1.0]], [[0.9478697776794434, 0.3186470866203308, -0.0026429668068885803, -1.140869140625], [-0.0030583275947719812, 0.0008032161858864129, -0.9999949932098389, 1.5620312690734863], [-0.31864339113235474, 0.9478731751441956, 0.001735870260745287, -0.15727615356445312], [0.0, 0.0, 0.0, 1.0]], [[0.009084492921829224, 0.9999362230300903, -0.006714218761771917, -0.02880859375], [-0.000933109491597861, -0.00670601474121213, -0.9999770522117615, 1.5680503845214844], [-0.9999583959579468, 0.009090549312531948, 0.0008721289923414588, 0.0325927734375], [0.0, 0.0, 0.0, 1.0]], [[-0.9237493276596069, 0.38273194432258606, -0.014263644814491272, 1.142578125], [0.0032516836654394865, -0.02940351329743862, -0.9995623230934143, 1.5478763580322266], [-0.3829838037490845, -0.9233913421630859, 0.025916950777173042, -0.05126953125], [0.0, 0.0, 0.0, 1.0]]], "view": [[0.0, -2.0, 100.0], [-2.0, 0.0, 100.0], [0.0, 0.0, 1.0]], "bev": "bev_00e9fc91faa042729ed3b5aaad0f78f4.png", "aux": "aux_00e9fc91faa042729ed3b5aaad0f78f4.npz", "visibility": "visibility_00e9fc91faa042729ed3b5aaad0f78f4.png", "pose": [[-0.9995489120483398, 0.030033009126782417, 0.0, 1958.5374755859375], [-0.030033009126782417, -0.9995489120483398, 0.0, 783.6900024414062], [0.0, 0.0, 1.0, 0.0], [0.0, 0.0, 0.0, 1.0]], "pose_inverse": [[-0.9995489120483398, -0.030033009126782417, 0.0, 1981.1905517578125], [0.030033009126782417, -0.9995489120483398, 0.0, 724.5156860351562], [0.0, 0.0, 1.0, 0.0], [0.0, 0.0, 0.0, 1.0]], "cam_ids": [0, 1, 2, 3, 4, 5], "cam_channels": ["CAM_FRONT_LEFT", "CAM_FRONT", "CAM_FRONT_RIGHT", "CAM_BACK_LEFT", "CAM_BACK", "CAM_BACK_RIGHT"], "token": "00e9fc91faa042729ed3b5aaad0f78f4", "scene": "scene-0441"}, {"images": ["samples/CAM_FRONT_LEFT/n008-2018-09-18-12-07-26-0400__CAM_FRONT_LEFT__1537286931654799.jpg", "samples/CAM_FRONT/n008-2018-09-18-12-07-26-0400__CAM_FRONT__1537286931662404.jpg", "samples/CAM_FRONT_RIGHT/n008-2018-09-18-12-07-26-0400__CAM_FRONT_RIGHT__1537286931670482.jpg", "samples/CAM_BACK_LEFT/n008-2018-09-18-12-07-26-0400__CAM_BACK_LEFT__1537286931697405.jpg", "samples/CAM_BACK/n008-2018-09-18-12-07-26-0400__CAM_BACK__1537286931687565.jpg", "samples/CAM_BACK_RIGHT/n008-2018-09-18-12-07-26-0400__CAM_BACK_RIGHT__1537286931678113.jpg"], "intrinsics": [[[1257.8625342125129, 0.0, 827.2410631095686], [0.0, 1257.8625342125129, 450.915498205774], [0.0, 0.0, 1.0]], [[1252.8131021185304, 0.0, 826.588114781398], [0.0, 1252.8131021185304, 469.9846626224581], [0.0, 0.0, 1.0]], [[1256.7485116440405, 0.0, 817.7887570959712], [0.0, 1256.7485116440403, 451.9541780095127], [0.0, 0.0, 1.0]], [[1254.9860565800168, 0.0, 829.5769333630991], [0.0, 1254.9860565800168, 467.1680561863987], [0.0, 0.0, 1.0]], [[796.8910634503094, 0.0, 857.7774326863696], [0.0, 796.8910634503094, 476.8848988407415], [0.0, 0.0, 1.0]], [[1249.9629280788233, 0.0, 825.3768045375984], [0.0, 1249.9629280788233, 462.54816385708756], [0.0, 0.0, 1.0]]], "extrinsics": [[[0.8232691287994385, -0.5675579905509949, 0.010290400125086308, -0.9267578125], [0.011412432417273521, -0.001575547270476818, -0.9999336004257202, 1.4893760681152344], [0.5675365924835205, 0.8233319520950317, 0.005180116277188063, -1.27978515625], [0.0, 0.0, 0.0, 1.0]], [[0.011386164464056492, -0.9999172687530518, 0.0059816474094986916, 0.00653076171875], [0.013318991288542747, -0.005829846486449242, -0.9998943209648132, 1.4812297821044922], [0.9998464584350586, 0.01146462932229042, 0.01325150951743126, -1.6546630859375], [0.0, 0.0, 0.0, 1.0]], [[-0.8434320688247681, -0.5371412634849548, -0.01008019968867302, 1.03662109375], [0.021284235641360283, -0.014660898596048355, -0.9996659755706787, 1.4944381713867188], [0.5368140339851379, -0.8433648943901062, 0.02379811368882656, -1.242889404296875], [0.0, 0.0, 0.0, 1.0]], [[0.947841465473175, 0.31871533393859863, -0.004136155359447002, -1.1357421875], [-0.004355429206043482, -2.4659342670929618e-05, -0.9999904632568359, 1.5620050430297852], [-0.318712443113327, 0.9478504657745361, 0.001364768366329372, -0.15891265869140625], [0.0, 0.0, 0.0, 1.0]], [[0.008761950768530369, 0.9999342560768127, -0.00739328796043992, -0.02874755859375], [-0.0021266373805701733, -0.007374920416623354, -0.999970555305481, 1.5679988861083984], [-0.9999593496322632, 0.00877741351723671, 0.0020618790294975042, 0.0147705078125], [0.0, 0.0, 0.0, 1.0]], [[-0.923970639705658, 0.38222736120224, -0.013432182371616364, 1.115234375], [0.002165354322642088, -0.02989169768989086, -0.9995508193969727, 1.547922134399414], [-0.3824571371078491, -0.9235846400260925, 0.026791395619511604, -0.0623779296875], [0.0, 0.0, 0.0, 1.0]]], "view": [[0.0, -2.0, 100.0], [-2.0, 0.0, 100.0], [0.0, 0.0, 1.0]], "bev": "bev_b552dab1f4154dd2b9978984614a18ff.png", "aux": "aux_b552dab1f4154dd2b9978984614a18ff.npz", "visibility": "visibility_b552dab1f4154dd2b9978984614a18ff.png", "pose": [[-0.9997022151947021, 0.0244015883654356, 0.0, 1957.8079833984375], [-0.0244015883654356, -0.9997022151947021, 0.0, 783.671630859375], [0.0, 0.0, 1.0, 0.0], [0.0, 0.0, 0.0, 1.0]], "pose_inverse": [[-0.9997022151947021, -0.0244015883654356, 0.0, 1976.347900390625], [0.0244015883654356, -0.9997022151947021, 0.0, 735.6646728515625], [0.0, 0.0, 1.0, 0.0], [0.0, 0.0, 0.0, 1.0]], "cam_ids": [0, 1, 2, 3, 4, 5], "cam_channels": ["CAM_FRONT_LEFT", "CAM_FRONT", "CAM_FRONT_RIGHT", "CAM_BACK_LEFT", "CAM_BACK", "CAM_BACK_RIGHT"], "token": "b552dab1f4154dd2b9978984614a18ff", "scene": "scene-0441"}, {"images": ["samples/CAM_FRONT_LEFT/n008-2018-09-18-12-07-26-0400__CAM_FRONT_LEFT__1537286932154799.jpg", "samples/CAM_FRONT/n008-2018-09-18-12-07-26-0400__CAM_FRONT__1537286932162404.jpg", "samples/CAM_FRONT_RIGHT/n008-2018-09-18-12-07-26-0400__CAM_FRONT_RIGHT__1537286932170482.jpg", "samples/CAM_BACK_LEFT/n008-2018-09-18-12-07-26-0400__CAM_BACK_LEFT__1537286932197405.jpg", "samples/CAM_BACK/n008-2018-09-18-12-07-26-0400__CAM_BACK__1537286932187558.jpg", "samples/CAM_BACK_RIGHT/n008-2018-09-18-12-07-26-0400__CAM_BACK_RIGHT__1537286932178113.jpg"], "intrinsics": [[[1257.8625342125129, 0.0, 827.2410631095686], [0.0, 1257.8625342125129, 450.915498205774], [0.0, 0.0, 1.0]], [[1252.8131021185304, 0.0, 826.588114781398], [0.0, 1252.8131021185304, 469.9846626224581], [0.0, 0.0, 1.0]], [[1256.7485116440405, 0.0, 817.7887570959712], [0.0, 1256.7485116440403, 451.9541780095127], [0.0, 0.0, 1.0]], [[1254.9860565800168, 0.0, 829.5769333630991], [0.0, 1254.9860565800168, 467.1680561863987], [0.0, 0.0, 1.0]], [[796.8910634503094, 0.0, 857.7774326863696], [0.0, 796.8910634503094, 476.8848988407415], [0.0, 0.0, 1.0]], [[1249.9629280788233, 0.0, 825.3768045375984], [0.0, 1249.9629280788233, 462.54816385708756], [0.0, 0.0, 1.0]]], "extrinsics": [[[0.8241286873817444, -0.5663698315620422, 0.00608815997838974, -0.8824462890625], [0.008824389427900314, 0.0020914317574352026, -0.999958872795105, 1.4896068572998047], [0.5663337707519531, 0.8241486549377441, 0.006721475627273321, -1.2486572265625], [0.0, 0.0, 0.0, 1.0]], [[0.012618137523531914, -0.9999186396598816, 0.0018835094524547458, 0.00653076171875], [0.010672306641936302, -0.001748877577483654, -0.9999415278434753, 1.481485366821289], [0.9998633861541748, 0.012637501582503319, 0.010649371892213821, -1.6112060546875], [0.0, 0.0, 0.0, 1.0]], [[-0.842943549156189, -0.5379053354263306, -0.010194152593612671, 1.007568359375], [0.01857377588748932, -0.01015936303883791, -0.9997758269309998, 1.494894027709961], [0.5376813411712646, -0.8429440259933472, 0.018554704263806343, -1.22509765625], [0.0, 0.0, 0.0, 1.0]], [[0.9477945566177368, 0.3188425898551941, -0.004995059221982956, -1.130615234375], [-0.007145348004996777, 0.005574747454375029, -0.9999589323997498, 1.5619430541992188], [-0.3188016712665558, 0.9477912783622742, 0.007561957463622093, -0.160675048828125], [0.0, 0.0, 0.0, 1.0]], [[0.008333238773047924, 0.9999628663063049, -0.0021830862388014793, -0.02838134765625], [-0.004899120423942804, -0.002142309444025159, -0.9999856948852539, 1.5678415298461914], [-0.9999532699584961, 0.008343813009560108, 0.004881085827946663, -0.0006103515625], [0.0, 0.0, 0.0, 1.0]], [[-0.9242736101150513, 0.38162288069725037, -0.009056228213012218, 1.0921630859375], [-0.0005547782056964934, -0.02506702020764351, -0.9996855854988098, 1.5477657318115234], [-0.3817298710346222, -0.9239781498908997, 0.023380504921078682, -0.0721435546875], [0.0, 0.0, 0.0, 1.0]]], "view": [[0.0, -2.0, 100.0], [-2.0, 0.0, 100.0], [0.0, 0.0, 1.0]], "bev": "bev_cafa1c5b297348ddb009dc4b702b71ef.png", "aux": "aux_cafa1c5b297348ddb009dc4b702b71ef.npz", "visibility": "visibility_cafa1c5b297348ddb009dc4b702b71ef.png", "pose": [[-0.999995768070221, 0.0028991405852138996, 0.0, 1956.43017578125], [-0.0028991405852138996, -0.999995768070221, 0.0, 783.650390625], [0.0, 0.0, 1.0, 0.0], [0.0, 0.0, 0.0, 1.0]], "pose_inverse": [[-0.999995768070221, -0.0028991405852138996, 0.0, 1958.69384765625], [0.0028991405852138996, -0.999995768070221, 0.0, 777.9751586914062], [0.0, 0.0, 1.0, 0.0], [0.0, 0.0, 0.0, 1.0]], "cam_ids": [0, 1, 2, 3, 4, 5], "cam_channels": ["CAM_FRONT_LEFT", "CAM_FRONT", "CAM_FRONT_RIGHT", "CAM_BACK_LEFT", "CAM_BACK", "CAM_BACK_RIGHT"], "token": "cafa1c5b297348ddb009dc4b702b71ef", "scene": "scene-0441"}, {"images": ["samples/CAM_FRONT_LEFT/n008-2018-09-18-12-07-26-0400__CAM_FRONT_LEFT__1537286932654799.jpg", "samples/CAM_FRONT/n008-2018-09-18-12-07-26-0400__CAM_FRONT__1537286932662404.jpg", "samples/CAM_FRONT_RIGHT/n008-2018-09-18-12-07-26-0400__CAM_FRONT_RIGHT__1537286932670482.jpg", "samples/CAM_BACK_LEFT/n008-2018-09-18-12-07-26-0400__CAM_BACK_LEFT__1537286932697405.jpg", "samples/CAM_BACK/n008-2018-09-18-12-07-26-0400__CAM_BACK__1537286932687558.jpg", "samples/CAM_BACK_RIGHT/n008-2018-09-18-12-07-26-0400__CAM_BACK_RIGHT__1537286932678113.jpg"], "intrinsics": [[[1257.8625342125129, 0.0, 827.2410631095686], [0.0, 1257.8625342125129, 450.915498205774], [0.0, 0.0, 1.0]], [[1252.8131021185304, 0.0, 826.588114781398], [0.0, 1252.8131021185304, 469.9846626224581], [0.0, 0.0, 1.0]], [[1256.7485116440405, 0.0, 817.7887570959712], [0.0, 1256.7485116440403, 451.9541780095127], [0.0, 0.0, 1.0]], [[1254.9860565800168, 0.0, 829.5769333630991], [0.0, 1254.9860565800168, 467.1680561863987], [0.0, 0.0, 1.0]], [[796.8910634503094, 0.0, 857.7774326863696], [0.0, 796.8910634503094, 476.8848988407415], [0.0, 0.0, 1.0]], [[1249.9629280788233, 0.0, 825.3768045375984], [0.0, 1249.9629280788233, 462.54816385708756], [0.0, 0.0, 1.0]]], "extrinsics": [[[0.824856162071228, -0.5652270317077637, 0.011440487578511238, -0.86474609375], [0.010473296046257019, -0.004955099895596504, -0.9999328851699829, 1.490077018737793], [0.5652457475662231, 0.8249205350875854, 0.0018325436394661665, -1.2359619140625], [0.0, 0.0, 0.0, 1.0]], [[0.013790521770715714, -0.9998642206192017, 0.00902362447232008, 0.006591796875], [0.012395326048135757, -0.008852843195199966, -0.9998840093612671, 1.4819164276123047], [0.9998281002044678, 0.013900772668421268, 0.012271556071937084, -1.5928955078125], [0.0, 0.0, 0.0, 1.0]], [[-0.8423628211021423, -0.5388541221618652, -0.007816617377102375, 0.996826171875], [0.0203318502753973, -0.01728290133178234, -0.999643862247467, 1.4953269958496094], [0.5385271310806274, -0.8422217965126038, 0.025514373555779457, -1.2181396484375], [0.0, 0.0, 0.0, 1.0]], [[0.9477425217628479, 0.3189893662929535, -0.005486370529979467, -1.12939453125], [-0.0053609092719852924, -0.0012712854659184813, -0.9999848008155823, 1.5619621276855469], [-0.318991482257843, 0.9477574229240417, 0.0005052214837633073, -0.160980224609375], [0.0, 0.0, 0.0, 1.0]], [[0.007758426014333963, 0.9999281167984009, -0.00914