[{"images": ["samples/CAM_FRONT_LEFT/n015-2018-10-08-15-52-24+0800__CAM_FRONT_LEFT__1538985560354844.jpg", "samples/CAM_FRONT/n015-2018-10-08-15-52-24+0800__CAM_FRONT__1538985560362460.jpg", "samples/CAM_FRONT_RIGHT/n015-2018-10-08-15-52-24+0800__CAM_FRONT_RIGHT__1538985560370339.jpg", "samples/CAM_BACK_LEFT/n015-2018-10-08-15-52-24+0800__CAM_BACK_LEFT__1538985560397423.jpg", "samples/CAM_BACK/n015-2018-10-08-15-52-24+0800__CAM_BACK__1538985560387525.jpg", "samples/CAM_BACK_RIGHT/n015-2018-10-08-15-52-24+0800__CAM_BACK_RIGHT__1538985560377893.jpg"], "intrinsics": [[[1272.5979470598488, 0.0, 826.6154927353808], [0.0, 1272.5979470598488, 479.75165386361925], [0.0, 0.0, 1.0]], [[1266.417203046554, 0.0, 816.2670197447984], [0.0, 1266.417203046554, 491.50706579294757], [0.0, 0.0, 1.0]], [[1260.8474446004698, 0.0, 807.968244525554], [0.0, 1260.8474446004698, 495.3344268742088], [0.0, 0.0, 1.0]], [[1256.7414812095406, 0.0, 792.1125740759628], [0.0, 1256.7414812095406, 492.7757465151356], [0.0, 0.0, 1.0]], [[809.2209905677063, 0.0, 829.2196003259838], [0.0, 809.2209905677063, 481.77842384512485], [0.0, 0.0, 1.0]], [[1259.5137405846733, 0.0, 807.2529053838625], [0.0, 1259.5137405846733, 501.19579884916527], [0.0, 0.0, 1.0]]], "extrinsics": [[[0.817122220993042, -0.5720014572143555, 0.07159469276666641, -0.763671875], [0.07239638268947601, -0.021387562155723572, -0.9971466064453125, 1.52606201171875], [0.571900486946106, 0.8199737071990967, 0.02393457666039467, -1.1402587890625], [0.0, 0.0, 0.0, 1.0]], [[0.0030503002926707268, -0.9996653199195862, 0.025686755776405334, 0.00616455078125], [0.0670713260769844, -0.02542451024055481, -0.9974242448806763, 1.534027099609375], [0.9977434873580933, 0.004765271209180355, 0.06697133183479309, -1.49169921875], [0.0, 0.0, 0.0, 1.0]], [[-0.8313286304473877, -0.5529482960700989, -0.056043170392513275, 0.90380859375], [0.07271109521389008, -0.00823566596955061, -0.9973189830780029, 1.514892578125], [0.5510042905807495, -0.8331748843193054, 0.04705202952027321, -1.163330078125], [0.0, 0.0, 0.0, 1.0]], [[0.9453989267349243, 0.3194290101528168, 0.06469839066267014, -1.1474609375], [0.08132989704608917, -0.03898990526795387, -0.9959242939949036, 1.588134765625], [-0.3156045377254486, 0.9468078017234802, -0.06284014880657196, -0.1020050048828125], [0.0, 0.0, 0.0, 1.0]], [[0.004376730415970087, 0.9995819330215454, -0.02858050912618637, 0.0029296875], [0.055976226925849915, -0.0287808645516634, -0.9980172514915466, 1.5823516845703125], [-0.9984225630760193, 0.002768221078440547, -0.056078776717185974, -0.05126953125], [0.0, 0.0, 0.0, 1.0]], [[-0.9308003187179565, 0.35490331053733826, -0.08748885244131088, 1.0340576171875], [0.08853988349437714, -0.013312112540006638, -0.9959837198257446, 1.5612030029296875], [-0.3546425402164459, -0.9348081946372986, -0.019032178446650505, -0.1021728515625], [0.0, 0.0, 0.0, 1.0]]], "view": [[0.0, -2.0, 100.0], [-2.0, 0.0, 100.0], [0.0, 0.0, 1.0]], "bev": "bev_62fc55e457a14c1d939a5959600a6c9a.png", "aux": "aux_62fc55e457a14c1d939a5959600a6c9a.npz", "visibility": "visibility_62fc55e457a14c1d939a5959600a6c9a.png", "pose": [[0.8855971693992615, -0.46445414423942566, 0.0, 1720.5655517578125], [0.46445414423942566, 0.8855971693992615, 0.0, 1512.8701171875], [0.0, 0.0, 1.0, 0.0], [0.0, 0.0, 0.0, 1.0]], "pose_inverse": [[0.8855971693992615, 0.46445414423942566, 0.0, -2226.38671875], [-0.46445414423942566, 0.8855971693992615, 0.0, -540.669677734375], [0.0, 0.0, 1.0, 0.0], [0.0, 0.0, 0.0, 1.0]], "cam_ids": [0, 1, 2, 3, 4, 5], "cam_channels": ["CAM_FRONT_LEFT", "CAM_FRONT", "CAM_FRONT_RIGHT", "CAM_BACK_LEFT", "CAM_BACK", "CAM_BACK_RIGHT"], "token": "62fc55e457a14c1d939a5959600a6c9a", "scene": "scene-0435"}, {"images": ["samples/CAM_FRONT_LEFT/n015-2018-10-08-15-52-24+0800__CAM_FRONT_LEFT__1538985560854844.jpg", "samples/CAM_FRONT/n015-2018-10-08-15-52-24+0800__CAM_FRONT__1538985560862460.jpg", "samples/CAM_FRONT_RIGHT/n015-2018-10-08-15-52-24+0800__CAM_FRONT_RIGHT__1538985560870339.jpg", "samples/CAM_BACK_LEFT/n015-2018-10-08-15-52-24+0800__CAM_BACK_LEFT__1538985560897423.jpg", "samples/CAM_BACK/n015-2018-10-08-15-52-24+0800__CAM_BACK__1538985560887525.jpg", "samples/CAM_BACK_RIGHT/n015-2018-10-08-15-52-24+0800__CAM_BACK_RIGHT__1538985560877893.jpg"], "intrinsics": [[[1272.5979470598488, 0.0, 826.6154927353808], [0.0, 1272.5979470598488, 479.75165386361925], [0.0, 0.0, 1.0]], [[1266.417203046554, 0.0, 816.2670197447984], [0.0, 1266.417203046554, 491.50706579294757], [0.0, 0.0, 1.0]], [[1260.8474446004698, 0.0, 807.968244525554], [0.0, 1260.8474446004698, 495.3344268742088], [0.0, 0.0, 1.0]], [[1256.7414812095406, 0.0, 792.1125740759628], [0.0, 1256.7414812095406, 492.7757465151356], [0.0, 0.0, 1.0]], [[809.2209905677063, 0.0, 829.2196003259838], [0.0, 809.2209905677063, 481.77842384512485], [0.0, 0.0, 1.0]], [[1259.5137405846733, 0.0, 807.2529053838625], [0.0, 1259.5137405846733, 501.19579884916527], [0.0, 0.0, 1.0]]], "extrinsics": [[[0.817425549030304, -0.5719928741455078, 0.06811436265707016, -0.7529296875], [0.07071182876825333, -0.017712624743580818, -0.9973394870758057, 1.5265655517578125], [0.571677565574646, 0.8200673460960388, 0.025967903435230255, -1.1337890625], [0.0, 0.0, 0.0, 1.0]], [[0.00335271330550313, -0.9997588992118835, 0.0216987244784832, 0.007080078125], [0.06571000814437866, -0.0214316938072443, -0.9976086020469666, 1.5344390869140625], [0.9978330731391907, 0.004770542494952679, 0.06562231481075287, -1.48193359375], [0.0, 0.0, 0.0, 1.0]], [[-0.8312734365463257, -0.5528745651245117, -0.05756920576095581, 0.89794921875], [0.07165739685297012, -0.003881732001900673, -0.9974216818809509, 1.5152740478515625], [0.5512256026268005, -0.8332554697990417, 0.04284433647990227, -1.158447265625], [0.0, 0.0, 0.0, 1.0]], [[0.9454389214515686, 0.3189126253128052, 0.06663361191749573, -1.149169921875], [0.08132213354110718, -0.03295101597905159, -0.9961430430412292, 1.58795166015625], [-0.31548696756362915, 0.9472111463546753, -0.05708782374858856, -0.1016082763671875], [0.0, 0.0, 0.0, 1.0]], [[0.004313861485570669, 0.9997212290763855, -0.02321416512131691, 0.002685546875], [0.05560014024376869, -0.023418260738253593, -0.9981784820556641, 1.5824356079101562], [-0.9984437823295593, 0.003015295835211873, -0.05568566173315048, -0.05322265625], [0.0, 0.0, 0.0, 1.0]], [[-0.9309176206588745, 0.3551784157752991, -0.08509241789579391, 1.028564453125], [0.08778664469718933, -0.008555283769965172, -0.9961025714874268, 1.561614990234375], [-0.35452210903167725, -0.9347594380378723, -0.023215653374791145, -0.1038818359375], [0.0, 0.0, 0.0, 1.0]]], "view": [[0.0, -2.0, 100.0], [-2.0, 0.0, 100.0], [0.0, 0.0, 1.0]], "bev": "bev_fdb73aa1952247e192e65e0f162a6416.png", "aux": "aux_fdb73aa1952247e192e65e0f162a6416.npz", "visibility": "visibility_fdb73aa1952247e192e65e0f162a6416.png", "pose": [[0.8789583444595337, -0.4768986105918884, 0.0, 1723.220947265625], [0.4768986105918884, 0.8789583444595337, 0.0, 1514.26953125], [0.0, 0.0, 1.0, 0.0], [0.0, 0.0, 0.0, 1.0]], "pose_inverse": [[0.8789583444595337, 0.4768986105918884, 0.0, -2236.79248046875], [-0.4768986105918884, 0.8789583444595337, 0.0, -509.17816162109375], [0.0, 0.0, 1.0, 0.0], [0.0, 0.0, 0.0, 1.0]], "cam_ids": [0, 1, 2, 3, 4, 5], "cam_channels": ["CAM_FRONT_LEFT", "CAM_FRONT", "CAM_FRONT_RIGHT", "CAM_BACK_LEFT", "CAM_BACK", "CAM_BACK_RIGHT"], "token": "fdb73aa1952247e192e65e0f162a6416", "scene": "scene-0435"}, {"images": ["samples/CAM_FRONT_LEFT/n015-2018-10-08-15-52-24+0800__CAM_FRONT_LEFT__1538985561354844.jpg", "samples/CAM_FRONT/n015-2018-10-08-15-52-24+0800__CAM_FRONT__1538985561362460.jpg", "samples/CAM_FRONT_RIGHT/n015-2018-10-08-15-52-24+0800__CAM_FRONT_RIGHT__1538985561370339.jpg", "samples/CAM_BACK_LEFT/n015-2018-10-08-15-52-24+0800__CAM_BACK_LEFT__1538985561397423.jpg", "samples/CAM_BACK/n015-2018-10-08-15-52-24+0800__CAM_BACK__1538985561387525.jpg", "samples/CAM_BACK_RIGHT/n015-2018-10-08-15-52-24+0800__CAM_BACK_RIGHT__1538985561377893.jpg"], "intrinsics": [[[1272.5979470598488, 0.0, 826.6154927353808], [0.0, 1272.5979470598488, 479.75165386361925], [0.0, 0.0, 1.0]], [[1266.417203046554, 0.0, 816.2670197447984], [0.0, 1266.417203046554, 491.50706579294757], [0.0, 0.0, 1.0]], [[1260.8474446004698, 0.0, 807.968244525554], [0.0, 1260.8474446004698, 495.3344268742088], [0.0, 0.0, 1.0]], [[1256.7414812095406, 0.0, 792.1125740759628], [0.0, 1256.7414812095406, 492.7757465151356], [0.0, 0.0, 1.0]], [[809.2209905677063, 0.0, 829.2196003259838], [0.0, 809.2209905677063, 481.77842384512485], [0.0, 0.0, 1.0]], [[1259.5137405846733, 0.0, 807.2529053838625], [0.0, 1259.5137405846733, 501.19579884916527], [0.0, 0.0, 1.0]]], "extrinsics": [[[0.8167934417724609, -0.573772668838501, 0.060277797281742096, -0.7625732421875], [0.07246480137109756, -0.001621677540242672, -0.997369647026062, 1.526214599609375], [0.572361171245575, 0.8190129995346069, 0.04025374725461006, -1.138427734375], [0.0, 0.0, 0.0, 1.0]], [[0.002632969059050083, -0.9999808073043823, 0.005599216092377901, 0.005462646484375], [0.06701258569955826, -0.005410207435488701, -0.9977375268936157, 1.5341644287109375], [0.9977486729621887, 0.003002223325893283, 0.06699705123901367, -1.489501953125], [0.0, 0.0, 0.0, 1.0]], [[-0.8314980268478394, -0.5514623522758484, -0.06708470731973648, 0.9013671875], [0.07249020040035248, 0.012018770910799503, -0.9972966909408569, 1.51507568359375], [0.5507778525352478, -0.8341132402420044, 0.029982032254338264, -1.162109375], [0.0, 0.0, 0.0, 1.0]], [[0.945547878742218, 0.31772124767303467, 0.07065750658512115, -1.142578125], [0.08044132590293884, -0.017763309180736542, -0.9966010451316833, 1.58843994140625], [-0.3153861165046692, 0.9480177760124207, -0.04235397279262543, -0.10247802734375], [0.0, 0.0, 0.0, 1.0]], [[0.004429604392498732, 0.9999610185623169, -0.007639650255441666, 0.00323486328125], [0.055335633456707, -0.007873130030930042, -0.9984368085861206, 1.58251953125], [-0.9984579682350159, 0.003999980632215738, -0.05536835268139839, -0.055419921875], [0.0, 0.0, 0.0, 1.0]], [[-0.9307763576507568, 0.356778085231781, -0.07977958768606186, 1.0306396484375], [0.08812984079122543, 0.0071811494417488575, -0.99608314037323, 1.56146240234375], [-0.3548077344894409, -0.9341616034507751, -0.03812684118747711, -0.10400390625], [0.0, 0.0, 0.0, 1.0]]], "view": [[0.0, -2.0, 100.0], [-2.0, 0.0, 100.0], [0.0, 0.0, 1.0]], "bev": "bev_9cc137954f864de5b92f96d46f69507a.png", "aux": "aux_9cc137954f864de5b92f96d46f69507a.npz", "visibility": "visibility_9cc137954f864de5b92f96d46f69507a.png", "pose": [[0.872104823589325, -0.4893191158771515, 0.0, 1725.82666015625], [0.4893191158771515, 0.872104823589325, 0.0, 1515.6883544921875], [0.0, 0.0, 1.0, 0.0], [0.0, 0.0, 0.0, 1.0]], "pose_inverse": [[0.872104823589325, 0.4893191158771515, 0.0, -2246.757080078125], [-0.4893191158771515, 0.872104823589325, 0.0, -477.3591613769531], [0.0, 0.0, 1.0, 0.0], [0.0, 0.0, 0.0, 1.0]], "cam_ids": [0, 1, 2, 3, 4, 5], "cam_channels": ["CAM_FRONT_LEFT", "CAM_FRONT", "CAM_FRONT_RIGHT", "CAM_BACK_LEFT", "CAM_BACK", "CAM_BACK_RIGHT"], "token": "9cc137954f864de5b92f96d46f69507a", "scene": "scene-0435"}, {"images": ["samples/CAM_FRONT_LEFT/n015-2018-10-08-15-52-24+0800__CAM_FRONT_LEFT__1538985561854844.jpg", "samples/CAM_FRONT/n015-2018-10-08-15-52-24+0800__CAM_FRONT__1538985561862460.jpg", "samples/CAM_FRONT_RIGHT/n015-2018-10-08-15-52-24+0800__CAM_FRONT_RIGHT__1538985561870339.jpg", "samples/CAM_BACK_LEFT/n015-2018-10-08-15-52-24+0800__CAM_BACK_LEFT__1538985561897423.jpg", "samples/CAM_BACK/n015-2018-10-08-15-52-24+0800__CAM_BACK__1538985561887525.jpg", "samples/CAM_BACK_RIGHT/n015-2018-10-08-15-52-24+0800__CAM_BACK_RIGHT__1538985561877893.jpg"], "intrinsics": [[[1272.5979470598488, 0.0, 826.6154927353808], [0.0, 1272.5979470598488, 479.75165386361925], [0.0, 0.0, 1.0]], [[1266.417203046554, 0.0, 816.2670197447984], [0.0, 1266.417203046554, 491.50706579294757], [0.0, 0.0, 1.0]], [[1260.8474446004698, 0.0, 807.968244525554], [0.0, 1260.8474446004698, 495.3344268742088], [0.0, 0.0, 1.0]], [[1256.7414812095406, 0.0, 792.1125740759628], [0.0, 1256.7414812095406, 492.7757465151356], [0.0, 0.0, 1.0]], [[809.2209905677063, 0.0, 829.2196003259838], [0.0, 809.2209905677063, 481.77842384512485], [0.0, 0.0, 1.0]], [[1259.5137405846733, 0.0, 807.2529053838625], [0.0, 1259.5137405846733, 501.19579884916527], [0.0, 0.0, 1.0]]], "extrinsics": [[[0.8174912929534912, -0.5735177397727966, 0.052777521312236786, -0.766845703125], [0.0664595440030098, 0.0029109478928148746, -0.9977849125862122, 1.52435302734375], [0.572093665599823, 0.8191880583763123, 0.04049539566040039, -1.14208984375], [0.0, 0.0, 0.0, 1.0]], [[0.0031735256779938936, -0.9999942183494568, 0.0012019651476293802, 0.006134033203125], [0.06101477891206741, -0.0010061039356514812, -0.9981364011764526, 1.5326995849609375], [0.9981318116188049, 0.0032409518025815487, 0.06101122498512268, -1.493408203125], [0.0, 0.0, 0.0, 1.0]], [[-0.8316710591316223, -0.5515464544296265, -0.06418530642986298, 0.903564453125], [0.06651094555854797, 0.015809934586286545, -0.9976603984832764, 1.5139312744140625], [0.5512708425521851, -0.8339943885803223, 0.02353520691394806, -1.16314697265625], [0.0, 0.0, 0.0, 1.0]], [[0.9457833170890808, 0.3179798126220703, 0.06620334088802338, -1.14306640625], [0.07463771849870682, -0.014401241205632687, -0.9971067309379578, 1.5884857177734375], [-0.3161064088344574, 0.9479880928993225, -0.037353742867708206, -0.1031494140625], [0.0, 0.0, 0.0, 1.0]], [[0.004089334513992071, 0.9999841451644897, -0.0038891672156751156, 0.003082275390625], [0.049450721591711044, -0.004086663015186787, -0.9987682104110718, 1.5822067260742188], [-0.9987682104110718, 0.003891870379447937, -0.049466636031866074, -0.0556640625], [0.0, 0.0, 0.0, 1.0]], [[-0.9313502311706543, 0.3567503094673157, -0.07291068881750107, 1.0316162109375], [0.0822029709815979, 0.010932561941444874, -0.9965556263923645, 1.560699462890625], [-0.3547244966030121, -0.9341358542442322, -0.03950798138976097, -0.103271484375], [0.0, 0.0, 0.0, 1.0]]], "view": [[0.0, -2.0, 100.0], [-2.0, 0.0, 100.0], [0.0, 0.0, 1.0]], "bev": "bev_f17407664bab411e95131c8e6c1336e8.png", "aux": "aux_f17407664bab411e95131c8e6c1336e8.npz", "visibility": "visibility_f17407664bab411e95131c8e6c1336e8.png", "pose": [[0.8626889586448669, -0.505734920501709, 0.0, 1728.30224609375], [0.505734920501709, 0.8626889586448669, 0.0, 1517.089111328125], [0.0, 0.0, 1.0, 0.0], [0.0, 0.0, 0.0, 1.0]], "pose_inverse": [[0.8626889586448669, 0.505734920501709, 0.0, -2258.232177734375], [-0.505734920501709, 0.8626889586448669, 0.0, -434.7132263183594], [0.0, 0.0, 1.0, 0.0], [0.0, 0.0, 0.0, 1.0]], "cam_ids": [0, 1, 2, 3, 4, 5], "cam_channels": ["CAM_FRONT_LEFT", "CAM_FRONT", "CAM_FRONT_RIGHT", "CAM_BACK_LEFT", "CAM_BACK", "CAM_BACK_RIGHT"], "token": "f17407664bab411e95131c8e6c1336e8", "scene": "scene-0435"}, {"images": ["samples/CAM_FRONT_LEFT/n015-2018-10-08-15-52-24+0800__CAM_FRONT_LEFT__1538985562354844.jpg", "samples/CAM_FRONT/n015-2018-10-08-15-52-24+0800__CAM_FRONT__1538985562362460.jpg", "samples/CAM_FRONT_RIGHT/n015-2018-10-08-15-52-24+0800__CAM_FRONT_RIGHT__1538985562370339.jpg", "samples/CAM_BACK_LEFT/n015-2018-10-08-15-52-24+0800__CAM_BACK_LEFT__1538985562397423.jpg", "samples/CAM_BACK/n015-2018-10-08-15-52-24+0800__CAM_BACK__1538985562387531.jpg", "samples/CAM_BACK_RIGHT/n015-2018-10-08-15-52-24+0800__CAM_BACK_RIGHT__1538985562377893.jpg"], "intrinsics": [[[1272.5979470598488, 0.0, 826.6154927353808], [0.0, 1272.5979470598488, 479.75165386361925], [0.0, 0.0, 1.0]], [[1266.417203046554, 0.0, 816.2670197447984], [0.0, 1266.417203046554, 491.50706579294757], [0.0, 0.0, 1.0]], [[1260.8474446004698, 0.0, 807.968244525554], [0.0, 1260.8474446004698, 495.3344268742088], [0.0, 0.0, 1.0]], [[1256.7414812095406, 0.0, 792.1125740759628], [0.0, 1256.7414812095406, 492.7757465151356], [0.0, 0.0, 1.0]], [[809.2209905677063, 0.0, 829.2196003259838], [0.0, 809.2209905677063, 481.77842384512485], [0.0, 0.0, 1.0]], [[1259.5137405846733, 0.0, 807.2529053838625], [0.0, 1259.5137405846733, 501.19579884916527], [0.0, 0.0, 1.0]]], "extrinsics": [[[0.8170431852340698, -0.5736570358276367, 0.05794810876250267, -0.772705078125], [0.07276454567909241, 0.0028893956914544106, -0.9973449110984802, 1.525238037109375], [0.5719665288925171, 0.8190904855728149, 0.044102657586336136, -1.1484375], [0.0, 0.0, 0.0, 1.0]], [[0.002980397315695882, -0.9999947547912598, 0.001188656548038125, 0.007598876953125], [0.06768983602523804, -0.0009841967839747667, -0.9977059364318848, 1.5335540771484375], [0.9977019429206848, 0.0030539603903889656, 0.06768655776977539, -1.500732421875], [0.0, 0.0, 0.0, 1.0]], [[-0.8312984704971313, -0.5513743162155151, -0.07020686566829681, 0.908935546875], [0.07354876399040222, 0.016080962494015694, -0.9971619248390198, 1.5146026611328125], [0.5509384870529175, -0.8341028690338135, 0.027184827253222466, -1.16534423828125], [0.0, 0.0, 0.0, 1.0]], [[0.9451842308044434, 0.3180094063282013, 0.07413928955793381, -1.13916015625], [0.08282279968261719, -0.013853007927536964, -0.9964679479598999, 1.5888519287109375], [-0.3158591687679291, 0.9479863047599792, -0.03943208232522011, -0.105255126953125], [0.0, 0.0, 0.0, 1.0]], [[0.004306254908442497, 0.9999836683273315, -0.003752657677978277, 0.002410888671875], [0.05723370239138603, -0.003993004094809294, -0.9983528256416321, 1.58258056640625], [-0.9983514547348022, 0.004084368702024221, -0.057249970734119415, -0.053466796875], [0.0, 0.0, 0.0, 1.0]], [[-0.9307169318199158, 0.35695815086364746, -0.07966625690460205, 1.0355224609375], [0.08956724405288696, 0.01126400101929903, -0.9959170818328857, 1.5611419677734375], [-0.3546033501625061, -0.9340524077415466, -0.04245536029338837, -0.100830078125], [0.0, 0.0, 0.0, 1.0]]], "view": [[0.0, -2.0, 100.0], [-2.0, 0.0, 100.0], [0.0, 0.0, 1.0]], "bev": "bev_77ba930d436b4e4286edb58d65562ac8.png", "aux": "aux_77ba930d436b4e4286edb58d65562ac8.npz", "visibility": "visibility_77ba930d436b4e4286edb58d65562ac8.png", "pose": [[0.851523756980896, -0.5243159532546997, 0.0, 1730.713134765625], [0.5243159532546997, 0.851523756980896, 0.0, 1518.5220947265625], [0.0, 0.0, 1.0, 0.0], [0.0, 0.0, 0.0, 1.0]], "pose_inverse": [[0.851523756980896, 0.5243159532546997, 0.0, -2269.9287109375], [-0.5243159532546997, 0.851523756980896, 0.0, -385.61712646484375], [0.0, 0.0, 1.0, 0.0], [0.0, 0.0, 0.0, 1.0]], "cam_ids": [0, 1, 2, 3, 4, 5], "cam_channels": ["CAM_FRONT_LEFT", "CAM_FRONT", "CAM_FRONT_RIGHT", "CAM_BACK_LEFT", "CAM_BACK", "CAM_BACK_RIGHT"], "token": "77ba930d436b4e4286edb58d65562ac8", "scene": "scene-0435"}, {"images": ["samples/CAM_FRONT_LEFT/n015-2018-10-08-15-52-24+0800__CAM_FRONT_LEFT__1538985562854844.jpg", "samples/CAM_FRONT/n015-2018-10-08-15-52-24+0800__CAM_FRONT__1538985562862460.jpg", "samples/CAM_FRONT_RIGHT/n015-2018-10-08-15-52-24+0800__CAM_FRONT_RIGHT__1538985562870339.jpg", "samples/CAM_BACK_LEFT/n015-2018-10-08-15-52-24+0800__CAM_BACK_LEFT__1538985562897423.jpg", "samples/CAM_BACK/n015-2018-10-08-15-52-24+0800__CAM_BACK__1538985562887525.jpg", "samples/CAM_BACK_RIGHT/n015-2018-10-08-15-52-24+0800__CAM_BACK_RIGHT__1538985562877893.jpg"], "intrinsics": [[[1272.5979470598488, 0.0, 826.6154927353808], [0.0, 1272.5979470598488, 479.75165386361925], [0.0, 0.0, 1.0]], [[1266.417203046554, 0.0, 816.2670197447984], [0.0, 1266.417203046554, 491.50706579294757], [0.0, 0.0, 1.0]], [[1260.8474446004698, 0.0, 807.968244525554], [0.0, 1260.8474446004698, 495.3344268742088], [0.0, 0.0, 1.0]], [[1256.7414812095406, 0.0, 792.1125740759628], [0.0, 1256.7414812095406, 492.7757465151356], [0.0, 0.0, 1.0]], [[809.2209905677063, 0.0, 829.2196003259838], [0.0, 809.2209905677063, 481.77842384512485], [0.0, 0.0, 1.0]], [[1259.5137405846733, 0.0, 807.2529053838625], [0.0, 1259.5137405846733, 501.19579884916527], [0.0, 0.0, 1.0]]], "extrinsics": [[[0.8175315260887146, -0.573619544506073, 0.05101585015654564, -0.783935546875], [0.06585188955068588, 0.005110621452331543, -0.9978163242340088, 1.522674560546875], [0.5721062421798706, 0.819105863571167, 0.04195202887058258, -1.156982421875], [0.0, 0.0, 0.0, 1.0]], [[0.0031910554971545935, -0.9999944567680359, -0.0009127294761128724, 0.008056640625], [0.06047973409295082, 0.0011040542740374804, -0.9981688261032104, 1.531463623046875], [0.9981642961502075, 0.0031299537513405085, 0.06048291549086571, -1.51171875], [0.0, 0.0, 0.0, 1.0]], [[-0.8316758871078491, -0.5514193177223206, -0.06520617008209229, 0.916259765625], [0.06603458523750305, 0.018376996740698814, -0.9976480603218079, 1.5128936767578125], [0.5513207912445068, -0.8340258002281189, 0.021129045635461807, -1.16949462890625], [0.0, 0.0, 0.0, 1.0]], [[0.9457023739814758, 0.318106472492218, 0.06674707680940628, -1.136962890625], [0.07426045835018158, -0.011536919511854649, -0.9971721172332764, 1.5889892578125], [-0.3164368271827698, 0.9479848146438599, -0.03453322872519493, -0.105865478515625], [0.0, 0.0, 0.0, 1.0]], [[0.004023601766675711, 0.9999908208847046, -0.0014965430600568652, 0.002105712890625], [0.04906269907951355, -0.001692162943072617, -0.9987942576408386, 1.5820159912109375], [-0.998787522315979, 0.003945341799408197, -0.049069058150053024, -0.052001953125], [0.0, 0.0, 0.0, 1.0]], [[-0.9313933849334717, 0.35689854621887207, -0.071621373295784, 1.040283203125], [0.0817786157131195, 0.013429802842438221, -0.9965600371360779, 1.559814453125], [-0.3547089993953705, -0.9340466260910034, -0.04169510677456856, -0.0987548828125], [0.0, 0.0, 0.0, 1.0]]], "view": [[0.0, -2.0, 100.0], [-2.0, 0.0, 100.0], [0.0, 0.0, 1.0]], "bev": "bev_ebb77bcd19f74ad4aee3e9ca0eefa3fe.png", "aux": "aux_ebb77bcd19f74ad4aee3e9ca0eefa3fe.npz", "visibility": "visibility_ebb77bcd19f74ad4aee3e9ca0eefa3fe.png", "pose": [[0.8394237756729126, -0.5434774160385132, 0.0, 1732.9617919921875], [0.5434774160385132, 0.8394237756729126, 0.0, 1519.911865234375], [0.0, 0.0, 1.0, 0.0], [0.0, 0.0, 0.0, 1.0]], "pose_inverse": [[0.8394237756729126, 0.5434774160385132, 0.0, -2280.72705078125], [-0.5434774160385132, 0.8394237756729126, 0.0, -334.0245361328125], [0.0, 0.0, 1.0, 0.0], [0.0, 0.0, 0.0, 1.0]], "cam_ids": [0, 1, 2, 3, 4, 5], "cam_channels": ["CAM_FRONT_LEFT", "CAM_FRONT", "CAM_FRONT_RIGHT", "CAM_BACK_LEFT", "CAM_BACK", "CAM_BACK_RIGHT"], "token": "ebb77bcd19f74ad4aee3e9ca0eefa3fe", "scene": "scene-0435"}, {"images": ["samples/CAM_FRONT_LEFT/n015-2018-10-08-15-52-24+0800__CAM_FRONT_LEFT__1538985563354844.jpg", "samples/CAM_FRONT/n015-2018-10-08-15-52-24+0800__CAM_FRONT__1538985563362460.jpg", "samples/CAM_FRONT_RIGHT/n015-2018-10-08-15-52-24+0800__CAM_FRONT_RIGHT__1538985563370339.jpg", "samples/CAM_BACK_LEFT/n015-2018-10-08-15-52-24+0800__CAM_BACK_LEFT__1538985563397423.jpg", "samples/CAM_BACK/n015-2018-10-08-15-52-24+0800__CAM_BACK__1538985563387525.jpg", "samples/CAM_BACK_RIGHT/n015-2018-10-08-15-52-24+0800__CAM_BACK_RIGHT__1538985563377893.jpg"], "intrinsics": [[[1272.5979470598488, 0.0, 826.6154927353808], [0.0, 1272.5979470598488, 479.75165386361925], [0.0, 0.0, 1.0]], [[1266.417203046554, 0.0, 816.2670197447984], [0.0, 1266.417203046554, 491.50706579294757], [0.0, 0.0, 1.0]], [[1260.8474446004698, 0.0, 807.968244525554], [0.0, 1260.8474446004698, 495.3344268742088], [0.0, 0.0, 1.0]], [[1256.7414812095406, 0.0, 792.1125740759628], [0.0, 1256.7414812095406, 492.7757465151356], [0.0, 0.0, 1.0]], [[809.2209905677063, 0.0, 829.2196003259838], [0.0, 809.2209905677063, 481.77842384512485], [0.0, 0.0, 1.0]], [[1259.5137405846733, 0.0, 807.2529053838625], [0.0, 1259.5137405846733, 501.19579884916527], [0.0, 0.0, 1.0]]], "extrinsics": [[[0.8185685276985168, -0.5730321407318115, 0.039744023233652115, -0.804931640625], [0.06035646051168442, 0.016997449100017548, -0.9980321526527405, 1.5199432373046875], [0.5712289810180664, 0.8193565011024475, 0.04849977418780327, -1.1708984375], [0.0, 0.0, 0.0, 1.0]], [[0.004370253067463636, -0.9999088048934937, -0.012770364992320538, 0.007293701171875], [0.054747484624385834, 0.012990574352443218, -0.9984157085418701, 1.5292892456054688], [0.9984906315803528, 0.003664181800559163, 0.054799262434244156, -1.53173828125], [0.0, 0.0, 0.0, 1.0]], [[-0.8314875364303589, -0.551516592502594, -0.06676673889160156, 0.927978515625], [0.06006147339940071, 0.030235271900892258, -0.9977366328239441, 1.5111846923828125], [0.5522871017456055, -0.833615779876709, 0.007984651252627373, -1.17816162109375], [0.0, 0.0, 0.0, 1.0]], [[0.9460340142250061, 0.31764912605285645, 0.06417714804410934, -1.135009765625], [0.06765930354595184, 6.952988769626245e-05, -0.9977084398269653, 1.589080810546875], [-0.3169257640838623, 0.9482082724571228, -0.021426143124699593, -0.106292724609375], [0.0, 0.0, 0.0, 1.0]], [[0.0033886453602463007, 0.999942421913147, 0.010190040804445744, 0.002593994140625], [0.042648397386074066, 0.010036313906311989, -0.9990397095680237, 1.5815200805664062], [-0.9990843534469604, 0.0038199867121875286, -0.042611926794052124, -0.049072265625], [0.0, 0.0, 0.0, 1.0]], [[-0.9321250915527344, 0.35684841871261597, -0.061659056693315506, 1.04931640625], [0.07560250908136368, 0.025243550539016724, -0.996818482875824, 1.5584564208984375], [-0.35415661334991455, -0.9338212609291077, -0.050508785992860794, -0.095947265625], [0.0, 0.0, 0.0, 1.0]]], "view": [[0.0, -2.0, 100.0], [-2.0, 0.0, 100.0], [0.0, 0.0, 1.0]], "bev": "bev_1dd5ae0d54a84c7392fe30a3c68bf850.png", "aux": "aux_1dd5ae0d54a84c7392fe30a3c68bf850.npz", "visibility": "visibility_1dd5ae0d54a84c7392fe30a3c68bf850.png", "pose": [[0.8298392295837402, -0.5580025315284729, 0.0, 1734.9375], [0.5580025315284729, 0.8298392295837402, 0.0, 1521.1865234375], [0.0, 0.0, 1.0, 0.0], [0.0, 0.0, 0.0, 1.0]], "pose_inverse": [[0.8298392295837402, 0.5580025315284729, 0.0, -2288.545166015625], [-0.5580025315284729, 0.8298392295837402, 0.0, -294.24072265625], [0.0, 0.0, 1.0, 0.0], [0.0, 0.0, 0.0, 1.0]], "cam_ids": [0, 1, 2, 3, 4, 5], "cam_channels": ["CAM_FRONT_LEFT", "CAM_FRONT", "CAM_FRONT_RIGHT", "CAM_BACK_LEFT", "CAM_BACK", "CAM_BACK_RIGHT"], "token": "1dd5ae0d54a84c7392fe30a3c68bf850", "scene": "scene-0435"}, {"images": ["samples/CAM_FRONT_LEFT/n015-2018-10-08-15-52-24+0800__CAM_FRONT_LEFT__1538985563854844.jpg", "samples/CAM_FRONT/n015-2018-10-08-15-52-24+0800__CAM_FRONT__1538985563862460.jpg", "samples/CAM_FRONT_RIGHT/n015-2018-10-08-15-52-24+0800__CAM_FRONT_RIGHT__1538985563870339.jpg", "samples/CAM_BACK_LEFT/n015-2018-10-08-15-52-24+0800__CAM_BACK_LEFT__1538985563897423.jpg", "samples/CAM_BACK/n015-2018-10-08-15-52-24+0800__CAM_BACK__1538985563887525.jpg", "samples/CAM_BACK_RIGHT/n015-2018-10-08-15-52-24+0800__CAM_BACK_RIGHT__1538985563877893.jpg"], "intrinsics": [[[1272.5979470598488, 0.0, 826.6154927353808], [0.0, 1272.5979470598488, 479.75165386361925], [0.0, 0.0, 1.0]], [[1266.417203046554, 0.0, 816.2670197447984], [0.0, 1266.417203046554, 491.50706579294757], [0.0, 0.0, 1.0]], [[1260.8474446004698, 0.0, 807.968244525554], [0.0, 1260.8474446004698, 495.3344268742088], [0.0, 0.0, 1.0]], [[1256.7414812095406, 0.0, 792.1125740759628], [0.0, 1256.7414812095406, 492.7757465151356], [0.0, 0.0, 1.0]], [[809.2209905677063, 0.0, 829.2196003259838], [0.0, 809.2209905677063, 481.77842384512485], [0.0, 0.0, 1.0]], [[1259.5137405846733, 0.0, 807.2529053838625], [0.0, 1259.5137405846733, 501.19579884916527], [0.0, 0.0, 1.0]]], "extrinsics": [[[0.8192560076713562, -0.5726717710494995, 0.02944137528538704, -0.8397216796875], [0.05621155723929405, 0.029107987880706787, -0.9979944825172424, 1.516693115234375], [0.5706662535667419, 0.8192678689956665, 0.05603766068816185, -1.195556640625], [0.0, 0.0, 0.0, 1.0]], [[0.005163800437003374, -0.9996786117553711, -0.024818168953061104, 0.0074462890625], [0.050991352647542953, 0.025049448013305664, -0.9983848929405212, 1.5268936157226562], [0.9986857175827026, 0.003890024730935693, 0.051104310899972916, -1.56689453125], [0.0, 0.0, 0.0, 1.0]], [[-0.8312938213348389, -0.5513345003128052, -0.0705747902393341, 0.95068359375], [0.05668168514966965, 0.042223285883665085, -0.9974990487098694, 1.5092010498046875], [0.5529356002807617, -0.8332151174545288, -0.003849388100206852, -1.19287109375], [0.0, 0.0, 0.0, 1.0]], [[0.9460933804512024, 0.31712406873703003, 0.06587700545787811, -1.13671875], [0.06557036191225052, 0.01165183074772358, -0.997779905796051, 1.5889129638671875], [-0.3171876072883606, 0.948312520980835, -0.009770218282938004, -0.105499267578125], [0.0, 0.0, 0.0, 1.0]], [[0.002904714783653617, 0.9997554421424866, 0.021927770227193832, 0.002410888671875], [0.040101557970047, 0.02179376594722271, -0.9989579319953918, 1.5809783935546875], [-0.9991914629936218, 0.0037810339126735926, -0.040028441697359085, -0.03857421875], [0.0, 0.0, 0.0, 1.0]], [[-0.9325392842292786, 0.3569107949733734, -0.054635945707559586, 1.067626953125], [0.07260674983263016, 0.03713726997375488, -0.9966689944267273, 1.556732177734375], [-0.3536929488182068, -0.93340003490448, -0.06054609641432762, -0.088623046875], [0.0, 0.0, 0.0, 1.0]]], "view": [[0.0, -2.0, 100.0], [-2.0, 0.0, 100.0], [0.0, 0.0, 1.0]], "bev": "bev_a91191ade0b94a0ba5826918505e2d7d.png", "aux": "aux_a91191ade0b94a0ba5826918505e2d7d.npz", "visibility": "visibility_a91191ade0b94a0ba5826918505e2d7d.png", "pose": [[0.8246840238571167, -0.5655937790870667, 0.0, 1736.56396484375], [0.5655937790870667, 0.8246840238571167, 0.0, 1522.2655029296875], [0.0, 0.0, 1.0, 0.0], [0.0, 0.0, 0.0, 1.0]], "pose_inverse": [[0.8246840238571167, 0.5655937790870667, 0.0, -2293.100341796875], [-0.5655937790870667, 0.8246840238571167, 0.0, -273.1982421875], [0.0, 0.0, 1.0, 0.0], [0.0, 0.0, 0.0, 1.0]], "cam_ids": [0, 1, 2, 3, 4, 5], "cam_channels": ["CAM_FRONT_LEFT", "CAM_FRONT", "CAM_FRONT_RIGHT", "CAM_BACK_LEFT", "CAM_BACK", "CAM_BACK_RIGHT"], "token": "a91191ade0b94a0ba5826918505e2d7d", "scene": "scene-0435"}, {"images": ["samples/CAM_FRONT_LEFT/n015-2018-10-08-15-52-24+0800__CAM_FRONT_LEFT__1538985564354844.jpg", "samples/CAM_FRONT/n015-2018-10-08-15-52-24+0800__CAM_FRONT__1538985564362460.jpg", "samples/CAM_FRONT_RIGHT/n015-2018-10-08-15-52-24+0800__CAM_FRONT_RIGHT__1538985564370339.jpg", "samples/CAM_BACK_LEFT/n015-2018-10-08-15-52-24+0800__CAM_BACK_LEFT__1538985564397423.jpg", "samples/CAM_BACK/n015-2018-10-08-15-52-24+0800__CAM_BACK__1538985564387525.jpg", "samples/CAM_BACK_RIGHT/n015-2018-10-08-15-52-24+0800__CAM_BACK_RIGHT__1538985564377893.jpg"], "intrinsics": [[[1272.5979470598488, 0.0, 826.6154927353808], [0.0, 1272.5979470598488, 479.75165386361925], [0.0, 0.0, 1.0]], [[1266.417203046554, 0.0, 816.2670197447984], [0.0, 1266.417203046554, 491.50706579294757], [0.0, 0.0, 1.0]], [[1260.8474446004698, 0.0, 807.968244525554], [0.0, 1260.8474446004698, 495.3344268742088], [0.0, 0.0, 1.0]], [[1256.7414812095406, 0.0, 792.1125740759628], [0.0, 1256.7414812095406, 492.7757465151356], [0.0, 0.0, 1.0]], [[809.2209905677063, 0.0, 829.2196003259838], [0.0, 809.2209905677063, 481.77842384512485], [0.0, 0.0, 1.0]], [[1259.5137405846733, 0.0, 807.2529053838625], [0.0, 1259.5137405846733, 501.19579884916527], [0.0, 0.0, 1.0]]], "extrinsics": [[[0.8193092346191406, -0.5726709961891174, 0.027935920283198357, -0.8687744140625], [0.05809604004025459, 0.034446462988853455, -0.9977165460586548, 1.5150299072265625], [0.5704009532928467, 0.8190613389015198, 0.06149221211671829, -1.21435546875], [0.0, 0.0, 0.0, 1.0]], [[0.005389799363911152, -0.9995324015617371, -0.030097180977463722, 0.0063323974609375], [0.05272665247321129, 0.030339816585183144, -0.9981479644775391, 1.5256118774414062], [0.9985944032669067, 0.003792842384427786, 0.05286552011966705, -1.595703125], [0.0, 0.0, 0.0, 1.0]], [[-0.8310867547988892, -0.5510911345481873, -0.0747881755232811, 0.9697265625], [0.05826333537697792, 0.04746006056666374, -0.9971724152565002, 1.5080413818359375], [0.5530824661254883, -0.8330942392349243, -0.0073350174352526665, -1.2060546875], [0.0, 0.0, 0.0, 1.0]], [[0.94594407081604, 0.31696489453315735, 0.06872452050447464, -1.138427734375], [0.06682221591472626, 0.016882052645087242, -0.9976220726966858, 1.5888214111328125], [-0.31737127900123596, 0.9482870697975159, -0.005210811272263527, -0.104827880859375], [0.0, 0.0, 0.0, 1.0]], [[0.002721392782405019, 0.9996277689933777, 0.027149107307195663, 0.002685546875], [0.04144963622093201, 0.027013111859560013, -0.9987753629684448, 1.5806121826171875], [-0.9991369247436523, 0.0038434092421084642, -0.04136068746447563, -0.028076171875], [0.0, 0.0, 0.0, 1.0]], [[-0.9325138330459595, 0.35705283284187317, -0.05414051562547684, 1.084228515625], [0.07406420260667801, 0.04235449060797691, -0.9963536858558655, 1.5555572509765625], [-0.35345780849456787, -0.9331234693527222, -0.0659409835934639, -0.082763671875], [0.0, 0.0, 0.0, 1.0]]], "view": [[0.0, -2.0, 100.0], [-2.0, 0.0, 100.0], [0.0, 0.0, 1.0]], "bev": "bev_0a91fb19f1ee415fac15ba0f37fce229.png", "aux": "aux_0a91fb19f1ee415fac15ba0f37fce229.npz", "visibility": "visibility_0a91fb19f1ee415fac15ba0f37fce229.png", "pose": [[0.8225559592247009, -0.5686842203140259, 0.0, 1737.8515625], [0.5686842203140259, 0.8225559592247009, 0.0, 1523.1290283203125], [0.0, 0.0, 1.0, 0.0], [0.0, 0.0, 0.0, 1.0]], "pose_inverse": [[0.8225559592247009, 0.5686842203140259, 0.0, -2295.65966796875], [-0.5686842203140259, 0.8225559592247009, 0.0, -264.5700988769531], [0.0, 0.0, 1.0, 0.0], [0.0, 0.0, 0.0, 1.0]], "cam_ids": [0, 1, 2, 3, 4, 5], "cam_channels": ["CAM_FRONT_LEFT", "CAM_FRONT", "CAM_FRONT_RIGHT", "CAM_BACK_LEFT", "CAM_BACK", "CAM_BACK_RIGHT"], "token": "0a91fb19f1ee415fac15ba0f37fce229", "scene": "scene-0435"}, {"images": ["samples/CAM_FRONT_LEFT/n015-2018-10-08-15-52-24+0800__CAM_FRONT_LEFT__1538985564904844.jpg", "samples/CAM_FRONT/n015-2018-10-08-15-52-24+0800__CAM_FRONT__1538985564912460.jpg", "samples/CAM_FRONT_RIGHT/n015-2018-10-08-15-52-24+0800__CAM_FRONT_RIGHT__1538985564920339.jpg", "samples/CAM_BACK_LEFT/n015-2018-10-08-15-52-24+0800__CAM_BACK_LEFT__1538985564947423.jpg", "samples/CAM_BACK/n015-2018-10-08-15-52-24+0800__CAM_BACK__1538985564937525.jpg", "samples/CAM_BACK_RIGHT/n015-2018-10-08-15-52-24+0800__CAM_BACK_RIGHT__1538985564927893.jpg"], "intrinsics": [[[1272.5979470598488, 0.0, 826.6154927353808], [0.0, 1272.5979470598488, 479.75165386361925], [0.0, 0.0, 1.0]], [[1266.417203046554, 0.0, 816.2670197447984], [0.0, 1266.417203046554, 491.50706579294757], [0.0, 0.0, 1.0]], [[1260.8474446004698, 0.0, 807.968244525554], [0.0, 1260.8474446004698, 495.3344268742088], [0.0, 0.0, 1.0]], [[1256.7414812095406, 0.0, 792.1125740759628], [0.0, 1256.7414812095406, 492.7757465151356], [0.0, 0.0, 1.0]], [[809.2209905677063, 0.0, 829.2196003259838], [0.0, 809.2209905677063, 481.77842384512485], [0.0, 0.0, 1.0]], [[1259.5137405846733, 0.0, 807.2529053838625], [0.0, 1259.5137405846733, 501.19579884916527], [0.0, 0.0, 1.0]]], "extrinsics": [[[0.8197357654571533, -0.5723676681518555, 0.020703108981251717, -0.892333984375], [0.05718664452433586, 0.04582805559039116, -0.9973111152648926, 1.5131683349609375], [0.5698798298835754, 0.8187155723571777, 0.0702986791729927, -1.23193359375], [0.0, 0.0, 0.0, 1.0]], [[0.006011473014950752, -0.9991100430488586, -0.04174824804067612, 0.006866455078125], [0.05192863196134567, 0.042004574090242386, -0.9977670311927795, 1.524200439453125], [0.9986326694488525, 0.0038300936575978994, 0.0521349236369133, -1.620849609375], [0.0, 0.0, 0.0, 1.0]], [[-0.830808162689209, -0.5506601929664612, -0.08081607520580292, 0.986083984375], [0.057560764253139496, 0.05941436439752579, -0.9965724349021912, 1.5068206787109375], [0.5535744428634644, -0.8326122760772705, -0.01766551099717617, -1.2166748046875], [0.0, 0.0, 0.0, 1.0]], [[0.9458061456680298, 0.3165591061115265, 0.0723952203989029, -1.14111328125], [0.06635648757219315, 0.029830148443579674, -0.9973499774932861, 1.5886383056640625], [-0.3178797960281372, 0.9481036067008972, 0.007207786664366722, -0.1041259765625], [0.0, 0.0, 0.0, 1.0]], [[0.00220055365934968, 0.9992080330848694, 0.03973040729761124, 0.00238037109375], [0.04093041270971298, 0.039607204496860504, -0.9983766674995422, 1.5802078247070312], [-0.9991595149040222, 0.003823196282610297, -0.04081083461642265, -0.019287109375], [0.0, 0.0, 0.0, 1.0]], [[-0.932744562625885, 0.3571607172489166, -0.04923123121261597, 1.0980224609375], [0.07345842570066452, 0.0545785129070282, -0.995803713798523, 1.554412841796875], [-0.3529750406742096, -0.9324470162391663, -0.07714427262544632, -0.0772705078125], [0.0, 0.0, 0.0, 1.0]]], "view": [[0.0, -2.0, 100.0], [-2.0, 0.0, 100.0], [0.0, 0.0, 1.0]], "bev": "bev_e4feffd5513847ce84fa21ae29b2705e.png", "aux": "aux_e4feffd5513847ce84fa21ae29b2705e.npz", "visibility": "visibility_e4feffd5513847ce84fa21ae29b2705e.png", "pose": [[0.8226097822189331, -0.5686063170433044, 0.0, 1738.937255859375], [0.5686063170433044, 0.8226097822189331, 0.0, 1523.853515625], [0.0, 0.0, 1.0, 0.0], [0.0, 0.0, 0.0, 1.0]], "pose_inverse": [[0.8226097822189331, 0.5686063170433044, 0.0, -2296.939453125], [-0.5686063170433044, 0.8226097822189331, 0.0, -264.7660827636719], [0.0, 0.0, 1.0, 0.0], [0.0, 0.0, 0.0, 1.0]], "cam_ids": [0, 1, 2, 3, 4, 5], "cam_channels": ["CAM_FRONT_LEFT", "CAM_FRONT", "CAM_FRONT_RIGHT", "CAM_BACK_LEFT", "CAM_BACK", "CAM_BACK_RIGHT"], "token": "e4feffd5513847ce84fa21ae29b2705e", "scene": "scene-0435"}, {"images": ["samples/CAM_FRONT_LEFT/n015-2018-10-08-15-52-24+0800__CAM_FRONT_LEFT__1538985565404844.jpg", "samples/CAM_FRONT/n015-2018-10-08-15-52-24+0800__CAM_FRONT__1538985565412463.jpg", "samples/CAM_FRONT_RIGHT/n015-2018-10-08-15-52-24+0800__CAM_FRONT_RIGHT__1538985565420339.jpg", "samples/CAM_BACK_LEFT/n015-2018-10-08-15-52-24+0800__CAM_BACK_LEFT__1538985565447423.jpg", "samples/CAM_BACK/n015-2018-10-08-15-52-24+0800__CAM_BACK__1538985565437525.jpg", "samples/CAM_BACK_RIGHT/n015-2018-10-08-15-52-24+0800__CAM_BACK_RIGHT__1538985565427893.jpg"], "intrinsics": [[[1272.5979470598488, 0.0, 826.6154927353808], [0.0, 1272.5979470598488, 479.75165386361925], [0.0, 0.0, 1.0]], [[1266.417203046554, 0.0, 816.2670197447984], [0.0, 1266.417203046554, 491.50706579294757], [0.0, 0.0, 1.0]], [[1260.8474446004698, 0.0, 807.968244525554], [0.0, 1260.8474446004698, 495.3344268742088], [0.0, 0.0, 1.0]], [[1256.7414812095406, 0.0, 792.1125740759628], [0.0, 1256.7414812095406, 492.7757465151356], [0.0, 0.0, 1.0]], [[809.2209905677063, 0.0, 829.2196003259838], [0.0, 809.2209905677063, 481.77842384512485], [0.0, 0.0, 1.0]], [[1259.5137405846733, 0.0, 807.2529053838625], [0.0, 1259.5137405846733, 501.19579884916527], [0.0, 0.0, 1.0]]], "extrinsics": [[[0.8193727135658264, -0.5727012157440186, 0.025330739095807076, -0.9073486328125], [0.06330737471580505, 0.04648120701313019, -0.9969110488891602, 1.5126190185546875], [0.5697547793388367, 0.8184453248977661, 0.07434164732694626, -1.241455078125], [0.0, 0.0, 0.0, 1.0]], [[0.005909272935241461, -0.9990943670272827, -0.04213516041636467, 0.00634765625], [0.058159489184617996, 0.04240795224905014, -0.9974061846733093, 1.523834228515625], [0.9982897639274597, 0.0034433489199727774, 0.058357417583465576, -1.635498046875], [0.0, 0.0, 0.0, 1.0]], [[-0.8304697275161743, -0.5503579378128052, -0.08617483824491501, 0.995849609375], [0.06390269845724106, 0.059554290026426315, -0.9961775541305542, 1.50640869140625], [0.5533863306045532, -0.8328021168708801, -0.014288680627942085, -1.2237548828125], [0.0, 0.0, 0.0, 1.0]], [[0.9454394578933716, 0.3162152171134949, 0.07843665778636932, -1.142333984375], [0.07302327454090118, 0.02895244024693966, -0.9969098567962646, 1.58856201171875], [-0.3175089359283447, 0.948245644569397, 0.004281715955585241, -0.10357666015625], [0.0, 0.0, 0.0, 1.0]], [[0.0023207070771604776, 0.9992253184318542, 0.039287369698286057, 0.00262451171875], [0.04749920219182968, 0.0391329787671566, -0.998104453086853, 1.5801162719726562], [-0.9988685250282288, 0.004182393662631512, -0.04737159237265587, -0.01416015625], [0.0, 0.0, 0.0, 1.0]], [[-0.932286262512207, 0.35747450590133667, -0.05526648089289665, 1.106689453125], [0.07988586276769638, 0.05446239933371544, -0.9953150749206543