[{"images": ["samples/CAM_FRONT_LEFT/n008-2018-08-06-15-06-32-0400__CAM_FRONT_LEFT__1533582886154799.jpg", "samples/CAM_FRONT/n008-2018-08-06-15-06-32-0400__CAM_FRONT__1533582886162404.jpg", "samples/CAM_FRONT_RIGHT/n008-2018-08-06-15-06-32-0400__CAM_FRONT_RIGHT__1533582886170482.jpg", "samples/CAM_BACK_LEFT/n008-2018-08-06-15-06-32-0400__CAM_BACK_LEFT__1533582886197405.jpg", "samples/CAM_BACK/n008-2018-08-06-15-06-32-0400__CAM_BACK__1533582886187558.jpg", "samples/CAM_BACK_RIGHT/n008-2018-08-06-15-06-32-0400__CAM_BACK_RIGHT__1533582886178113.jpg"], "intrinsics": [[[1257.8625342125129, 0.0, 827.2410631095686], [0.0, 1257.8625342125129, 450.915498205774], [0.0, 0.0, 1.0]], [[1252.8131021185304, 0.0, 826.588114781398], [0.0, 1252.8131021185304, 469.9846626224581], [0.0, 0.0, 1.0]], [[1256.7485116440405, 0.0, 817.7887570959712], [0.0, 1256.7485116440403, 451.9541780095127], [0.0, 0.0, 1.0]], [[1254.9860565800168, 0.0, 829.5769333630991], [0.0, 1254.9860565800168, 467.1680561863987], [0.0, 0.0, 1.0]], [[796.8910634503094, 0.0, 857.7774326863696], [0.0, 796.8910634503094, 476.8848988407415], [0.0, 0.0, 1.0]], [[1249.9629280788233, 0.0, 825.3768045375984], [0.0, 1249.9629280788233, 462.54816385708756], [0.0, 0.0, 1.0]]], "extrinsics": [[[0.8221153616905212, -0.568693995475769, -0.02671216055750847, -0.78515625], [-0.011496228165924549, 0.030327169224619865, -0.9994738698005676, 1.4851875305175781], [0.5692049264907837, 0.8219899535179138, 0.01839459501206875, -1.18310546875], [0.0, 0.0, 0.0, 1.0]], [[0.009709639474749565, -0.9996057748794556, -0.026341600343585014, 0.0087890625], [-0.009539269842207432, 0.026249047368764877, -0.9996099472045898, 1.4780387878417969], [0.9999072551727295, 0.00995709840208292, -0.009280640631914139, -1.515655517578125], [0.0, 0.0, 0.0, 1.0]], [[-0.8442680239677429, -0.5358589887619019, -0.008163785561919212, 0.9486083984375], [-0.001538754440844059, 0.017656927928328514, -0.9998428821563721, 1.4927959442138672], [0.5359189510345459, -0.8441228866577148, -0.01573173701763153, -1.1861572265625], [0.0, 0.0, 0.0, 1.0]], [[0.9476950764656067, 0.31881898641586304, -0.015119330026209354, -1.1420745849609375], [-0.027106327936053276, 0.03319467604160309, -0.9990812540054321, 1.5619964599609375], [-0.3180241882801056, 0.9472342133522034, 0.04010044038295746, -0.15673828125], [0.0, 0.0, 0.0, 1.0]], [[0.009540056809782982, 0.9996339678764343, 0.02531661093235016, -0.0286865234375], [-0.02485594153404236, 0.025546997785568237, -0.9993645548820496, 1.5664901733398438], [-0.9996455311775208, 0.008904662914574146, 0.025090564042329788, -0.018524169921875], [0.0, 0.0, 0.0, 1.0]], [[-0.923545777797699, 0.38296255469322205, 0.020069384947419167, 1.048095703125], [-0.02060559205710888, 0.002702199388295412, -0.9997840523719788, 1.5453071594238281], [-0.38293397426605225, -0.923759937286377, 0.005395565647631884, -0.0894775390625], [0.0, 0.0, 0.0, 1.0]]], "view": [[0.0, -2.0, 100.0], [-2.0, 0.0, 100.0], [0.0, 0.0, 1.0]], "bev": "bev_a24259cab390421082cfe0f74f1ff8fd.png", "aux": "aux_a24259cab390421082cfe0f74f1ff8fd.npz", "visibility": "visibility_a24259cab390421082cfe0f74f1ff8fd.png", "pose": [[-0.8607558608055115, -0.5090180039405823, 0.0, 439.3919982910156], [0.5090180039405823, -0.8607558608055115, 0.0, 1615.2550048828125], [0.0, 0.0, 1.0, 0.0], [0.0, 0.0, 0.0, 1.0]], "pose_inverse": [[-0.8607558608055115, 0.5090180039405823, 0.0, -443.984619140625], [-0.5090180039405823, -0.8607558608055115, 0.0, 1613.9986572265625], [0.0, 0.0, 1.0, 0.0], [0.0, 0.0, 0.0, 1.0]], "cam_ids": [0, 1, 2, 3, 4, 5], "cam_channels": ["CAM_FRONT_LEFT", "CAM_FRONT", "CAM_FRONT_RIGHT", "CAM_BACK_LEFT", "CAM_BACK", "CAM_BACK_RIGHT"], "token": "a24259cab390421082cfe0f74f1ff8fd", "scene": "scene-0259"}, {"images": ["samples/CAM_FRONT_LEFT/n008-2018-08-06-15-06-32-0400__CAM_FRONT_LEFT__1533582886654799.jpg", "samples/CAM_FRONT/n008-2018-08-06-15-06-32-0400__CAM_FRONT__1533582886662404.jpg", "samples/CAM_FRONT_RIGHT/n008-2018-08-06-15-06-32-0400__CAM_FRONT_RIGHT__1533582886670482.jpg", "samples/CAM_BACK_LEFT/n008-2018-08-06-15-06-32-0400__CAM_BACK_LEFT__1533582886697405.jpg", "samples/CAM_BACK/n008-2018-08-06-15-06-32-0400__CAM_BACK__1533582886687558.jpg", "samples/CAM_BACK_RIGHT/n008-2018-08-06-15-06-32-0400__CAM_BACK_RIGHT__1533582886678113.jpg"], "intrinsics": [[[1257.8625342125129, 0.0, 827.2410631095686], [0.0, 1257.8625342125129, 450.915498205774], [0.0, 0.0, 1.0]], [[1252.8131021185304, 0.0, 826.588114781398], [0.0, 1252.8131021185304, 469.9846626224581], [0.0, 0.0, 1.0]], [[1256.7485116440405, 0.0, 817.7887570959712], [0.0, 1256.7485116440403, 451.9541780095127], [0.0, 0.0, 1.0]], [[1254.9860565800168, 0.0, 829.5769333630991], [0.0, 1254.9860565800168, 467.1680561863987], [0.0, 0.0, 1.0]], [[796.8910634503094, 0.0, 857.7774326863696], [0.0, 796.8910634503094, 476.8848988407415], [0.0, 0.0, 1.0]], [[1249.9629280788233, 0.0, 825.3768045375984], [0.0, 1249.9629280788233, 462.54816385708756], [0.0, 0.0, 1.0]]], "extrinsics": [[[0.8221457600593567, -0.5684975981712341, -0.029780948534607887, -0.8079833984375], [-0.015652621164917946, 0.029719403013586998, -0.9994356632232666, 1.4845085144042969], [0.569061815738678, 0.8221479654312134, 0.015535203740000725, -1.1993408203125], [0.0, 0.0, 0.0, 1.0]], [[0.009824788197875023, -0.99962317943573, -0.025629596784710884, 0.0089111328125], [-0.01351960375905037, 0.025495702400803566, -0.9995835423469543, 1.4774627685546875], [0.9998602867126465, 0.01016717217862606, -0.013264020904898643, -1.538299560546875], [0.0, 0.0, 0.0, 1.0]], [[-0.8441938757896423, -0.5360183715820312, -0.004578373394906521, 0.962982177734375], [-0.005188974551856518, 0.016712436452507973, -0.999846875667572, 1.4922637939453125], [0.5360127687454224, -0.8440408706665039, -0.016889924183487892, -1.1949462890625], [0.0, 0.0, 0.0, 1.0]], [[0.947607696056366, 0.31890252232551575, -0.018460454419255257, -1.1404495239257812], [-0.03008982539176941, 0.031578510999679565, -0.9990482330322266, 1.561920166015625], [-0.3180161118507385, 0.9472613334655762, 0.03951976075768471, -0.1575927734375], [0.0, 0.0, 0.0, 1.0]], [[0.009501472115516663, 0.9996688961982727, 0.023913851007819176, -0.02880859375], [-0.028076620772480965, 0.024172209203243256, -0.9993134140968323, 1.5664176940917969], [-0.9995605945587158, 0.0088235754519701, 0.028296995908021927, -0.013671875], [0.0, 0.0, 0.0, 1.0]], [[-0.9235302805900574, 0.38284730911254883, 0.022796085104346275, 1.0587158203125], [-0.024024875834584236, 0.0015718378126621246, -0.9997101426124573, 1.5451679229736328], [-0.3827720880508423, -0.9238102436065674, 0.00774622056633234, -0.0850830078125], [0.0, 0.0, 0.0, 1.0]]], "view": [[0.0, -2.0, 100.0], [-2.0, 0.0, 100.0], [0.0, 0.0, 1.0]], "bev": "bev_3c465fb0bc4f48289fa4340cc864f410.png", "aux": "aux_3c465fb0bc4f48289fa4340cc864f410.npz", "visibility": "visibility_3c465fb0bc4f48289fa4340cc864f410.png", "pose": [[-0.8607084155082703, -0.50909823179245, 0.0, 436.8395690917969], [0.50909823179245, -0.8607084155082703, 0.0, 1616.80029296875], [0.0, 0.0, 1.0, 0.0], [0.0, 0.0, 0.0, 1.0]], "pose_inverse": [[-0.8607084155082703, 0.50909823179245, 0.0, -447.11871337890625], [-0.50909823179245, -0.8607084155082703, 0.0, 1613.9879150390625], [0.0, 0.0, 1.0, 0.0], [0.0, 0.0, 0.0, 1.0]], "cam_ids": [0, 1, 2, 3, 4, 5], "cam_channels": ["CAM_FRONT_LEFT", "CAM_FRONT", "CAM_FRONT_RIGHT", "CAM_BACK_LEFT", "CAM_BACK", "CAM_BACK_RIGHT"], "token": "3c465fb0bc4f48289fa4340cc864f410", "scene": "scene-0259"}, {"images": ["samples/CAM_FRONT_LEFT/n008-2018-08-06-15-06-32-0400__CAM_FRONT_LEFT__1533582887154799.jpg", "samples/CAM_FRONT/n008-2018-08-06-15-06-32-0400__CAM_FRONT__1533582887162404.jpg", "samples/CAM_FRONT_RIGHT/n008-2018-08-06-15-06-32-0400__CAM_FRONT_RIGHT__1533582887170482.jpg", "samples/CAM_BACK_LEFT/n008-2018-08-06-15-06-32-0400__CAM_BACK_LEFT__1533582887197405.jpg", "samples/CAM_BACK/n008-2018-08-06-15-06-32-0400__CAM_BACK__1533582887187558.jpg", "samples/CAM_BACK_RIGHT/n008-2018-08-06-15-06-32-0400__CAM_BACK_RIGHT__1533582887178113.jpg"], "intrinsics": [[[1257.8625342125129, 0.0, 827.2410631095686], [0.0, 1257.8625342125129, 450.915498205774], [0.0, 0.0, 1.0]], [[1252.8131021185304, 0.0, 826.588114781398], [0.0, 1252.8131021185304, 469.9846626224581], [0.0, 0.0, 1.0]], [[1256.7485116440405, 0.0, 817.7887570959712], [0.0, 1256.7485116440403, 451.9541780095127], [0.0, 0.0, 1.0]], [[1254.9860565800168, 0.0, 829.5769333630991], [0.0, 1254.9860565800168, 467.1680561863987], [0.0, 0.0, 1.0]], [[796.8910634503094, 0.0, 857.7774326863696], [0.0, 796.8910634503094, 476.8848988407415], [0.0, 0.0, 1.0]], [[1249.9629280788233, 0.0, 825.3768045375984], [0.0, 1249.9629280788233, 462.54816385708756], [0.0, 0.0, 1.0]]], "extrinsics": [[[0.8225940465927124, -0.5679856538772583, -0.027044570073485374, -0.8282470703125], [-0.013351574540138245, 0.028254998847842216, -0.9995115399360657, 1.4853744506835938], [0.5684723854064941, 0.8225533366203308, 0.015658890828490257, -1.2147216796875], [0.0, 0.0, 0.0, 1.0]], [[0.010434399358928204, -0.9996545910835266, -0.024120653048157692, 0.009521484375], [-0.011373452842235565, 0.02400175854563713, -0.9996472001075745, 1.4781150817871094], [0.999880850315094, 0.010705041699111462, -0.011119077913463116, -1.559661865234375], [0.0, 0.0, 0.0, 1.0]], [[-0.8439537286758423, -0.5363898873329163, -0.005279981065541506, 0.977691650390625], [-0.003369443118572235, 0.015143832191824913, -0.9998796582221985, 1.4925899505615234], [0.5364053249359131, -0.843834400177002, -0.01458803005516529, -1.203857421875], [0.0, 0.0, 0.0, 1.0]], [[0.9475743770599365, 0.3190166652202606, -0.018196972087025642, -1.1430435180664062], [-0.029223980382084846, 0.02981281839311123, -0.9991282224655151, 1.5620193481445312], [-0.3181961178779602, 0.9472800493240356, 0.03757280483841896, -0.156494140625], [0.0, 0.0, 0.0, 1.0]], [[0.009287863038480282, 0.9997106790542603, 0.022190630435943604, -0.029052734375], [-0.02693047560751438, 0.02243361808359623, -0.9993855357170105, 1.5666961669921875], [-0.9995941519737244, 0.008684639818966389, 0.027131041511893272, -0.005706787109375], [0.0, 0.0, 0.0, 1.0]], [[-0.9236823320388794, 0.3825951814651489, 0.02078237570822239, 1.0706787109375], [-0.02253185212612152, -9.193560254061595e-05, -0.9997461438179016, 1.5456256866455078], [-0.38249608874320984, -0.9239160418510437, 0.008705499581992626, -0.0797119140625], [0.0, 0.0, 0.0, 1.0]]], "view": [[0.0, -2.0, 100.0], [-2.0, 0.0, 100.0], [0.0, 0.0, 1.0]], "bev": "bev_8ed9a76e64614eaa837f412dcc83c9a7.png", "aux": "aux_8ed9a76e64614eaa837f412dcc83c9a7.npz", "visibility": "visibility_8ed9a76e64614eaa837f412dcc83c9a7.png", "pose": [[-0.8607122302055359, -0.5090917944908142, 0.0, 434.61004638671875], [0.5090917944908142, -0.8607122302055359, 0.0, 1618.1424560546875], [0.0, 0.0, 1.0, 0.0], [0.0, 0.0, 0.0, 1.0]], "pose_inverse": [[-0.8607122302055359, 0.5090917944908142, 0.0, -449.70892333984375], [-0.5090917944908142, -0.8607122302055359, 0.0, 1614.0113525390625], [0.0, 0.0, 1.0, 0.0], [0.0, 0.0, 0.0, 1.0]], "cam_ids": [0, 1, 2, 3, 4, 5], "cam_channels": ["CAM_FRONT_LEFT", "CAM_FRONT", "CAM_FRONT_RIGHT", "CAM_BACK_LEFT", "CAM_BACK", "CAM_BACK_RIGHT"], "token": "8ed9a76e64614eaa837f412dcc83c9a7", "scene": "scene-0259"}, {"images": ["samples/CAM_FRONT_LEFT/n008-2018-08-06-15-06-32-0400__CAM_FRONT_LEFT__1533582887654799.jpg", "samples/CAM_FRONT/n008-2018-08-06-15-06-32-0400__CAM_FRONT__1533582887662404.jpg", "samples/CAM_FRONT_RIGHT/n008-2018-08-06-15-06-32-0400__CAM_FRONT_RIGHT__1533582887670482.jpg", "samples/CAM_BACK_LEFT/n008-2018-08-06-15-06-32-0400__CAM_BACK_LEFT__1533582887697405.jpg", "samples/CAM_BACK/n008-2018-08-06-15-06-32-0400__CAM_BACK__1533582887687558.jpg", "samples/CAM_BACK_RIGHT/n008-2018-08-06-15-06-32-0400__CAM_BACK_RIGHT__1533582887678113.jpg"], "intrinsics": [[[1257.8625342125129, 0.0, 827.2410631095686], [0.0, 1257.8625342125129, 450.915498205774], [0.0, 0.0, 1.0]], [[1252.8131021185304, 0.0, 826.588114781398], [0.0, 1252.8131021185304, 469.9846626224581], [0.0, 0.0, 1.0]], [[1256.7485116440405, 0.0, 817.7887570959712], [0.0, 1256.7485116440403, 451.9541780095127], [0.0, 0.0, 1.0]], [[1254.9860565800168, 0.0, 829.5769333630991], [0.0, 1254.9860565800168, 467.1680561863987], [0.0, 0.0, 1.0]], [[796.8910634503094, 0.0, 857.7774326863696], [0.0, 796.8910634503094, 476.8848988407415], [0.0, 0.0, 1.0]], [[1249.9629280788233, 0.0, 825.3768045375984], [0.0, 1249.9629280788233, 462.54816385708756], [0.0, 0.0, 1.0]]], "extrinsics": [[[0.8222537636756897, -0.568397045135498, -0.028696099296212196, -0.8406982421875], [-0.017197156324982643, 0.025584286078810692, -0.999524712562561, 1.4848480224609375], [0.5688611268997192, 0.8223565220832825, 0.011261960491538048, -1.2205810546875], [0.0, 0.0, 0.0, 1.0]], [[0.010024313814938068, -0.999717116355896, -0.021567324176430702, 0.007568359375], [-0.015436078421771526, 0.02141113020479679, -0.9996516108512878, 1.477630615234375], [0.9998306632041931, 0.010353649966418743, -0.01521708071231842, -1.571075439453125], [0.0, 0.0, 0.0, 1.0]], [[-0.8440843820571899, -0.536210298538208, -0.0002640608581714332, 0.984771728515625], [-0.007708368822932243, 0.012626657262444496, -0.9998905658721924, 1.4920997619628906], [0.5361549854278564, -0.8439900279045105, -0.014791272580623627, -1.209716796875], [0.0, 0.0, 0.0, 1.0]], [[0.9474916458129883, 0.318938672542572, -0.023187505081295967, -1.144622802734375], [-0.03367247059941292, 0.027399441227316856, -0.9990572929382324, 1.5620689392089844], [-0.3180026710033417, 0.9473792314529419, 0.03670019656419754, -0.15576171875], [0.0, 0.0, 0.0, 1.0]], [[0.00942170713096857, 0.999760627746582, 0.019743362441658974, -0.0283203125], [-0.03139343485236168, 0.020030243322253227, -0.999306321144104, 1.5666275024414062], [-0.9994626641273499, 0.00879538431763649, 0.03157464414834976, -0.00115966796875], [0.0, 0.0, 0.0, 1.0]], [[-0.9235318303108215, 0.38277167081832886, 0.02397226169705391, 1.0775146484375], [-0.02700071968138218, -0.002540900371968746, -0.9996321797370911, 1.5453863143920898], [-0.3825698792934418, -0.9238395094871521, 0.012681713327765465, -0.07763671875], [0.0, 0.0, 0.0, 1.0]]], "view": [[0.0, -2.0, 100.0], [-2.0, 0.0, 100.0], [0.0, 0.0, 1.0]], "bev": "bev_8b4c1b747e7c4a0c91370df519d417ee.png", "aux": "aux_8b4c1b747e7c4a0c91370df519d417ee.npz", "visibility": "visibility_8b4c1b747e7c4a0c91370df519d417ee.png", "pose": [[-0.8600972294807434, -0.5101301074028015, 0.0, 432.5893249511719], [0.5101301074028015, -0.8600972294807434, 0.0, 1619.3626708984375], [0.0, 0.0, 1.0, 0.0], [0.0, 0.0, 0.0, 1.0]], "pose_inverse": [[-0.8600972294807434, 0.5101301074028015, 0.0, -454.0167236328125], [-0.5101301074028015, -0.8600972294807434, 0.0, 1613.4862060546875], [0.0, 0.0, 1.0, 0.0], [0.0, 0.0, 0.0, 1.0]], "cam_ids": [0, 1, 2, 3, 4, 5], "cam_channels": ["CAM_FRONT_LEFT", "CAM_FRONT", "CAM_FRONT_RIGHT", "CAM_BACK_LEFT", "CAM_BACK", "CAM_BACK_RIGHT"], "token": "8b4c1b747e7c4a0c91370df519d417ee", "scene": "scene-0259"}, {"images": ["samples/CAM_FRONT_LEFT/n008-2018-08-06-15-06-32-0400__CAM_FRONT_LEFT__1533582888154799.jpg", "samples/CAM_FRONT/n008-2018-08-06-15-06-32-0400__CAM_FRONT__1533582888162404.jpg", "samples/CAM_FRONT_RIGHT/n008-2018-08-06-15-06-32-0400__CAM_FRONT_RIGHT__1533582888170482.jpg", "samples/CAM_BACK_LEFT/n008-2018-08-06-15-06-32-0400__CAM_BACK_LEFT__1533582888197405.jpg", "samples/CAM_BACK/n008-2018-08-06-15-06-32-0400__CAM_BACK__1533582888187558.jpg", "samples/CAM_BACK_RIGHT/n008-2018-08-06-15-06-32-0400__CAM_BACK_RIGHT__1533582888178113.jpg"], "intrinsics": [[[1257.8625342125129, 0.0, 827.2410631095686], [0.0, 1257.8625342125129, 450.915498205774], [0.0, 0.0, 1.0]], [[1252.8131021185304, 0.0, 826.588114781398], [0.0, 1252.8131021185304, 469.9846626224581], [0.0, 0.0, 1.0]], [[1256.7485116440405, 0.0, 817.7887570959712], [0.0, 1256.7485116440403, 451.9541780095127], [0.0, 0.0, 1.0]], [[1254.9860565800168, 0.0, 829.5769333630991], [0.0, 1254.9860565800168, 467.1680561863987], [0.0, 0.0, 1.0]], [[796.8910634503094, 0.0, 857.7774326863696], [0.0, 796.8910634503094, 476.8848988407415], [0.0, 0.0, 1.0]], [[1249.9629280788233, 0.0, 825.3768045375984], [0.0, 1249.9629280788233, 462.54816385708756], [0.0, 0.0, 1.0]]], "extrinsics": [[[0.8223276734352112, -0.568455696105957, -0.025207318365573883, -0.8663330078125], [-0.014331919141113758, 0.02359406091272831, -0.9996188282966614, 1.4858551025390625], [0.5688338279724121, 0.8223755359649658, 0.011254987679421902, -1.2392578125], [0.0, 0.0, 0.0, 1.0]], [[0.01008914690464735, -0.9997568726539612, -0.019607963040471077, 0.00830078125], [-0.012177770957350731, 0.019484661519527435, -0.9997360110282898, 1.4784660339355469], [0.9998749494552612, 0.010325189679861069, -0.011978225782513618, -1.59759521484375], [0.0, 0.0, 0.0, 1.0]], [[-0.8440849781036377, -0.5362036824226379, -0.0024676984176039696, 1.002655029296875], [-0.00395170459523797, 0.010822584852576256, -0.9999336004257202, 1.492645263671875], [0.5361948609352112, -0.8440192937850952, -0.011254101060330868, -1.2200927734375], [0.0, 0.0, 0.0, 1.0]], [[0.9476796388626099, 0.3186545670032501, -0.01904783397912979, -1.14508056640625], [-0.02883552387356758, 0.026026226580142975, -0.999245285987854, 1.5620841979980469], [-0.3179182708263397, 0.9475135207176208, 0.033853091299533844, -0.1553955078125], [0.0, 0.0, 0.0, 1.0]], [[0.009403921663761139, 0.9997891783714294, 0.018256839364767075, -0.0289306640625], [-0.02686867117881775, 0.018503693863749504, -0.999467670917511, 1.5670356750488281], [-0.9995948076248169, 0.008908401243388653, 0.027037015184760094, 0.0064697265625], [0.0, 0.0, 0.0, 1.0]], [[-0.9236125946044922, 0.3828318417072296, 0.019483251497149467, 1.0911865234375], [-0.022837650030851364, -0.004218938294798136, -0.9997302889823914, 1.546104907989502], [-0.3826464116573334, -0.9238083362579346, 0.012639643624424934, -0.0716552734375], [0.0, 0.0, 0.0, 1.0]]], "view": [[0.0, -2.0, 100.0], [-2.0, 0.0, 100.0], [0.0, 0.0, 1.0]], "bev": "bev_1165c9dd417941f6a1bccdee03a438d0.png", "aux": "aux_1165c9dd417941f6a1bccdee03a438d0.npz", "visibility": "visibility_1165c9dd417941f6a1bccdee03a438d0.png", "pose": [[-0.859384298324585, -0.511330246925354, 0.0, 430.72125244140625], [0.511330246925354, -0.859384298324585, 0.0, 1620.494873046875], [0.0, 0.0, 1.0, 0.0], [0.0, 0.0, 0.0, 1.0]], "pose_inverse": [[-0.859384298324585, 0.511330246925354, 0.0, -458.4530029296875], [-0.511330246925354, -0.859384298324585, 0.0, 1612.86865234375], [0.0, 0.0, 1.0, 0.0], [0.0, 0.0, 0.0, 1.0]], "cam_ids": [0, 1, 2, 3, 4, 5], "cam_channels": ["CAM_FRONT_LEFT", "CAM_FRONT", "CAM_FRONT_RIGHT", "CAM_BACK_LEFT", "CAM_BACK", "CAM_BACK_RIGHT"], "token": "1165c9dd417941f6a1bccdee03a438d0", "scene": "scene-0259"}, {"images": ["samples/CAM_FRONT_LEFT/n008-2018-08-06-15-06-32-0400__CAM_FRONT_LEFT__1533582888654799.jpg", "samples/CAM_FRONT/n008-2018-08-06-15-06-32-0400__CAM_FRONT__1533582888662404.jpg", "samples/CAM_FRONT_RIGHT/n008-2018-08-06-15-06-32-0400__CAM_FRONT_RIGHT__1533582888670482.jpg", "samples/CAM_BACK_LEFT/n008-2018-08-06-15-06-32-0400__CAM_BACK_LEFT__1533582888697405.jpg", "samples/CAM_BACK/n008-2018-08-06-15-06-32-0400__CAM_BACK__1533582888687558.jpg", "samples/CAM_BACK_RIGHT/n008-2018-08-06-15-06-32-0400__CAM_BACK_RIGHT__1533582888678113.jpg"], "intrinsics": [[[1257.8625342125129, 0.0, 827.2410631095686], [0.0, 1257.8625342125129, 450.915498205774], [0.0, 0.0, 1.0]], [[1252.8131021185304, 0.0, 826.588114781398], [0.0, 1252.8131021185304, 469.9846626224581], [0.0, 0.0, 1.0]], [[1256.7485116440405, 0.0, 817.7887570959712], [0.0, 1256.7485116440403, 451.9541780095127], [0.0, 0.0, 1.0]], [[1254.9860565800168, 0.0, 829.5769333630991], [0.0, 1254.9860565800168, 467.1680561863987], [0.0, 0.0, 1.0]], [[796.8910634503094, 0.0, 857.7774326863696], [0.0, 796.8910634503094, 476.8848988407415], [0.0, 0.0, 1.0]], [[1249.9629280788233, 0.0, 825.3768045375984], [0.0, 1249.9629280788233, 462.54816385708756], [0.0, 0.0, 1.0]]], "extrinsics": [[[0.8220341801643372, -0.5688055157661438, -0.02683328278362751, -0.8751220703125], [-0.017380982637405396, 0.022037312388420105, -0.9996060132980347, 1.48553466796875], [0.5691728591918945, 0.8221766948699951, 0.008229023776948452, -1.2451171875], [0.0, 0.0, 0.0, 1.0]], [[0.009727292694151402, -0.9997868537902832, -0.01820804364979267, 0.0076904296875], [-0.015240614302456379, 0.01805855706334114, -0.9997208118438721, 1.4781875610351562], [0.9998365640640259, 0.010002060793340206, -0.015061706304550171, -1.6064453125], [0.0, 0.0, 0.0, 1.0]], [[-0.8442065119743347, -0.5360173583030701, 0.0008322301437146962, 1.008453369140625], [-0.0070577748119831085, 0.009563210420310497, -0.9999293088912964, 1.4923725128173828], [0.5359715819358826, -0.8441527485847473, -0.01185641624033451, -1.2242431640625], [0.0, 0.0, 0.0, 1.0]], [[0.947584867477417, 0.31875962018966675, -0.021798502653837204, -1.1455230712890625], [-0.031565017998218536, 0.025505082681775093, -0.9991762042045593, 1.5620956420898438], [-0.3179410696029663, 0.9474923610687256, 0.03422988951206207, -0.1556396484375], [0.0, 0.0, 0.0, 1.0]], [[0.00948964711278677, 0.9998040199279785, 0.017375947907567024, -0.02880859375], [-0.029819775372743607, 0.01765195094048977, -0.9993993639945984, 1.5670509338378906], [-0.9995102882385254, 0.008965696208178997, 0.029981443658471107, 0.01068115234375], [0.0, 0.0, 0.0, 1.0]], [[-0.9234939217567444, 0.38298678398132324, 0.021911639720201492, 1.0965576171875], [-0.025922603905200958, -0.005314546171575785, -0.9996498227119446, 1.5460214614868164], [-0.3827362358570099, -0.9237384796142578, 0.014835967682301998, -0.069580078125], [0.0, 0.0, 0.0, 1.0]]], "view": [[0.0, -2.0, 100.0], [-2.0, 0.0, 100.0], [0.0, 0.0, 1.0]], "bev": "bev_9c7106edb0d640a885edccaaac30a7d8.png", "aux": "aux_9c7106edb0d640a885edccaaac30a7d8.npz", "visibility": "visibility_9c7106edb0d640a885edccaaac30a7d8.png", "pose": [[-0.8586645126342773, -0.5125380158424377, 0.0, 429.04736328125], [0.5125380158424377, -0.8586645126342773, 0.0, 1621.5194091796875], [0.0, 0.0, 1.0, 0.0], [0.0, 0.0, 0.0, 1.0]], "pose_inverse": [[-0.8586645126342773, 0.5125380158424377, 0.0, -462.6825866699219], [-0.5125380158424377, -0.8586645126342773, 0.0, 1612.2442626953125], [0.0, 0.0, 1.0, 0.0], [0.0, 0.0, 0.0, 1.0]], "cam_ids": [0, 1, 2, 3, 4, 5], "cam_channels": ["CAM_FRONT_LEFT", "CAM_FRONT", "CAM_FRONT_RIGHT", "CAM_BACK_LEFT", "CAM_BACK", "CAM_BACK_RIGHT"], "token": "9c7106edb0d640a885edccaaac30a7d8", "scene": "scene-0259"}, {"images": ["samples/CAM_FRONT_LEFT/n008-2018-08-06-15-06-32-0400__CAM_FRONT_LEFT__1533582889104799.jpg", "samples/CAM_FRONT/n008-2018-08-06-15-06-32-0400__CAM_FRONT__1533582889112404.jpg", "samples/CAM_FRONT_RIGHT/n008-2018-08-06-15-06-32-0400__CAM_FRONT_RIGHT__1533582889120482.jpg", "samples/CAM_BACK_LEFT/n008-2018-08-06-15-06-32-0400__CAM_BACK_LEFT__1533582889147405.jpg", "samples/CAM_BACK/n008-2018-08-06-15-06-32-0400__CAM_BACK__1533582889137558.jpg", "samples/CAM_BACK_RIGHT/n008-2018-08-06-15-06-32-0400__CAM_BACK_RIGHT__1533582889128113.jpg"], "intrinsics": [[[1257.8625342125129, 0.0, 827.2410631095686], [0.0, 1257.8625342125129, 450.915498205774], [0.0, 0.0, 1.0]], [[1252.8131021185304, 0.0, 826.588114781398], [0.0, 1252.8131021185304, 469.9846626224581], [0.0, 0.0, 1.0]], [[1256.7485116440405, 0.0, 817.7887570959712], [0.0, 1256.7485116440403, 451.9541780095127], [0.0, 0.0, 1.0]], [[1254.9860565800168, 0.0, 829.5769333630991], [0.0, 1254.9860565800168, 467.1680561863987], [0.0, 0.0, 1.0]], [[796.8910634503094, 0.0, 857.7774326863696], [0.0, 796.8910634503094, 476.8848988407415], [0.0, 0.0, 1.0]], [[1249.9629280788233, 0.0, 825.3768045375984], [0.0, 1249.9629280788233, 462.54816385708756], [0.0, 0.0, 1.0]]], "extrinsics": [[[0.8221666216850281, -0.5686053037643433, -0.027020499110221863, -0.8787841796875], [-0.016546504572033882, 0.023575766012072563, -0.9995851516723633, 1.4857368469238281], [0.5690065026283264, 0.8222725987434387, 0.009974776767194271, -1.246826171875], [0.0, 0.0, 0.0, 1.0]], [[0.009890175424516201, -0.9997624158859253, -0.019421596080064774, 0.00732421875], [-0.014362746849656105, 0.01927851140499115, -0.9997109770774841, 1.4783439636230469], [0.9998478889465332, 0.010166273452341557, -0.014168665744364262, -1.609161376953125], [0.0, 0.0, 0.0, 1.0]], [[-0.8441511988639832, -0.5361049771308899, -0.00042457826202735305, 1.009521484375], [-0.006097466219216585, 0.010392984375357628, -0.9999273419380188, 1.4924793243408203], [0.5360704064369202, -0.8440873622894287, -0.012042133137583733, -1.2254638671875], [0.0, 0.0, 0.0, 1.0]], [[0.9476702809333801, 0.31856340169906616, -0.020934458822011948, -1.146209716796875], [-0.03044787608087063, 0.024912768974900246, -0.9992258548736572, 1.5621414184570312], [-0.3177953064441681, 0.9475740790367126, 0.03330867365002632, -0.1544189453125], [0.0, 0.0, 0.0, 1.0]], [[0.00957887340337038, 0.9998034238815308, 0.017358355224132538, -0.0281982421875], [-0.028776094317436218, 0.017627572640776634, -0.9994304180145264, 1.5670928955078125], [-0.9995400309562683, 0.009073863737285137, 0.02893928997218609, 0.01055908203125], [0.0, 0.0, 0.0, 1.0]], [[-0.9235352873802185, 0.3829284906387329, 0.02116996794939041, 1.0970458984375], [-0.024926532059907913, -0.0048504965379834175, -0.9996774792671204, 1.5461010932922363], [-0.3827022612094879, -0.923765242099762, 0.014024680480360985, -0.0697021484375], [0.0, 0.0, 0.0, 1.0]]], "view": [[0.0, -2.0, 100.0], [-2.0, 0.0, 100.0], [0.0, 0.0, 1.0]], "bev": "bev_926c21bf9e4e414abea8228ca7691e37.png", "aux": "aux_926c21bf9e4e414abea8228ca7691e37.npz", "visibility": "visibility_926c21bf9e4e414abea8228ca7691e37.png", "pose": [[-0.858562171459198, -0.5127094388008118, 0.0, 427.6470947265625], [0.5127094388008118, -0.858562171459198, 0.0, 1622.370361328125], [0.0, 0.0, 1.0, 0.0], [0.0, 0.0, 0.0, 1.0]], "pose_inverse": [[-0.858562171459198, 0.5127094388008118, 0.0, -464.64300537109375], [-0.5127094388008118, -0.858562171459198, 0.0, 1612.16455078125], [0.0, 0.0, 1.0, 0.0], [0.0, 0.0, 0.0, 1.0]], "cam_ids": [0, 1, 2, 3, 4, 5], "cam_channels": ["CAM_FRONT_LEFT", "CAM_FRONT", "CAM_FRONT_RIGHT", "CAM_BACK_LEFT", "CAM_BACK", "CAM_BACK_RIGHT"], "token": "926c21bf9e4e414abea8228ca7691e37", "scene": "scene-0259"}, {"images": ["samples/CAM_FRONT_LEFT/n008-2018-08-06-15-06-32-0400__CAM_FRONT_LEFT__1533582889604799.jpg", "samples/CAM_FRONT/n008-2018-08-06-15-06-32-0400__CAM_FRONT__1533582889612404.jpg", "samples/CAM_FRONT_RIGHT/n008-2018-08-06-15-06-32-0400__CAM_FRONT_RIGHT__1533582889620482.jpg", "samples/CAM_BACK_LEFT/n008-2018-08-06-15-06-32-0400__CAM_BACK_LEFT__1533582889647405.jpg", "samples/CAM_BACK/n008-2018-08-06-15-06-32-0400__CAM_BACK__1533582889637558.jpg", "samples/CAM_BACK_RIGHT/n008-2018-08-06-15-06-32-0400__CAM_BACK_RIGHT__1533582889628113.jpg"], "intrinsics": [[[1257.8625342125129, 0.0, 827.2410631095686], [0.0, 1257.8625342125129, 450.915498205774], [0.0, 0.0, 1.0]], [[1252.8131021185304, 0.0, 826.588114781398], [0.0, 1252.8131021185304, 469.9846626224581], [0.0, 0.0, 1.0]], [[1256.7485116440405, 0.0, 817.7887570959712], [0.0, 1256.7485116440403, 451.9541780095127], [0.0, 0.0, 1.0]], [[1254.9860565800168, 0.0, 829.5769333630991], [0.0, 1254.9860565800168, 467.1680561863987], [0.0, 0.0, 1.0]], [[796.8910634503094, 0.0, 857.7774326863696], [0.0, 796.8910634503094, 476.8848988407415], [0.0, 0.0, 1.0]], [[1249.9629280788233, 0.0, 825.3768045375984], [0.0, 1249.9629280788233, 462.54816385708756], [0.0, 0.0, 1.0]]], "extrinsics": [[[0.8223208785057068, -0.5682103037834167, -0.030423972755670547, -0.890380859375], [-0.014046822674572468, 0.033180009573698044, -0.9993506669998169, 1.4863319396972656], [0.5688507556915283, 0.8222141861915588, 0.019303061068058014, -1.2547607421875], [0.0, 0.0, 0.0, 1.0]], [[0.010040114633738995, -0.9995266795158386, -0.029080281034111977, 0.0072021484375], [-0.01202467642724514, 0.028958961367607117, -0.999508261680603, 1.4787750244140625], [0.9998772740364075, 0.010384758934378624, -0.011728235520422459, -1.6204833984375], [0.0, 0.0, 0.0, 1.0]], [[-0.8441234827041626, -0.5360966324806213, -0.007488411385565996, 1.016571044921875], [-0.0039311619475483894, 0.02015535719692707, -0.9997891187667847, 1.4927177429199219], [0.5361344218254089, -0.8439159989356995, -0.019121091812849045, -1.2301025390625], [0.0, 0.0, 0.0, 1.0]], [[0.9476550817489624, 0.3188733160495758, -0.016423286870121956, -1.143280029296875], [-0.028971094638109207, 0.03464721888303757, -0.9989796280860901, 1.5620269775390625], [-0.31797897815704346, 0.9471638202667236, 0.04207172244787216, -0.1561279296875], [0.0, 0.0, 0.0, 1.0]], [[0.009472968988120556, 0.9995858669281006, 0.02717449702322483, -0.0286865234375], [-0.02700866013765335, 0.02742156945168972, -0.9992589950561523, 1.5671844482421875], [-0.9995903372764587, 0.008731993846595287, 0.027257241308689117, 0.0118408203125], [0.0, 0.0, 0.0, 1.0]], [[-0.9235794544219971, 0.3827112317085266, 0.02309131622314453, 1.1019287109375], [-0.02293863706290722, 0.004962760955095291, -0.9997245669364929, 1.546356201171875], [-0.382720410823822, -0.9238547086715698, 0.004195368383079767, -0.067626953125], [0.0, 0.0, 0.0, 1.0]]], "view": [[0.0, -2.0, 100.0], [-2.0, 0.0, 100.0], [0.0, 0.0, 1.0]], "bev": "bev_5be0cf4ce4c44f99a61c13eb988dedd8.png", "aux": "aux_5be0cf4ce4c44f99a61c13eb988dedd8.npz", "visibility": "visibility_5be0cf4ce4c44f99a61c13eb988dedd8.png", "pose": [[-0.8578725457191467, -0.5138625502586365, 0.0, 426.153564453125], [0.5138625502586365, -0.8578725457191467, 0.0, 1623.27734375], [0.0, 0.0, 1.0, 0.0], [0.0, 0.0, 0.0, 1.0]], "pose_inverse": [[-0.8578725457191467, 0.5138625502586365, 0.0, -468.5560302734375], [-0.5138625502586365, -0.8578725457191467, 0.0, 1611.5494384765625], [0.0, 0.0, 1.0, 0.0], [0.0, 0.0, 0.0, 1.0]], "cam_ids": [0, 1, 2, 3, 4, 5], "cam_channels": ["CAM_FRONT_LEFT", "CAM_FRONT", "CAM_FRONT_RIGHT", "CAM_BACK_LEFT", "CAM_BACK", "CAM_BACK_RIGHT"], "token": "5be0cf4ce4c44f99a61c13eb988dedd8", "scene": "scene-0259"}, {"images": ["samples/CAM_FRONT_LEFT/n008-2018-08-06-15-06-32-0400__CAM_FRONT_LEFT__1533582890154799.jpg", "samples/CAM_FRONT/n008-2018-08-06-15-06-32-0400__CAM_FRONT__1533582890162404.jpg", "samples/CAM_FRONT_RIGHT/n008-2018-08-06-15-06-32-0400__CAM_FRONT_RIGHT__1533582890170482.jpg", "samples/CAM_BACK_LEFT/n008-2018-08-06-15-06-32-0400__CAM_BACK_LEFT__1533582890197405.jpg", "samples/CAM_BACK/n008-2018-08-06-15-06-32-0400__CAM_BACK__1533582890187558.jpg", "samples/CAM_BACK_RIGHT/n008-2018-08-06-15-06-32-0400__CAM_BACK_RIGHT__1533582890178113.jpg"], "intrinsics": [[[1257.8625342125129, 0.0, 827.2410631095686], [0.0, 1257.8625342125129, 450.915498205774], [0.0, 0.0, 1.0]], [[1252.8131021185304, 0.0, 826.588114781398], [0.0, 1252.8131021185304, 469.9846626224581], [0.0, 0.0, 1.0]], [[1256.7485116440405, 0.0, 817.7887570959712], [0.0, 1256.7485116440403, 451.9541780095127], [0.0, 0.0, 1.0]], [[1254.9860565800168, 0.0, 829.5769333630991], [0.0, 1254.9860565800168, 467.1680561863987], [0.0, 0.0, 1.0]], [[796.8910634503094, 0.0, 857.7774326863696], [0.0, 796.8910634503094, 476.8848988407415], [0.0, 0.0, 1.0]], [[1249.9629280788233, 0.0, 825.3768045375984], [0.0, 1249.9629280788233, 462.54816385708756], [0.0, 0.0, 1.0]]], "extrinsics": [[[0.8223868608474731, -0.568422257900238, -0.02400164119899273, -0.890625], [-0.008291607722640038, 0.030208097770810127, -0.9995092153549194, 1.4871406555175781], [0.5688683390617371, 0.822182297706604, 0.020129606127738953, -1.25439453125], [0.0, 0.0, 0.0, 1.0]], [[0.010068594478070736, -0.9996079802513123, -0.02612438052892685, 0.0067138671875], [-0.006292036734521389, 0.026061857119202614, -0.9996405243873596, 1.4794464111328125], [0.9999295473098755, 0.010229396633803844, -0.0060271648690104485, -1.62078857421875], [0.0, 0.0, 0.0, 1.0]], [[-0.8441278338432312, -0.5360331535339355, -0.010803955607116222, 1.016845703125], [0.0017989943735301495, 0.017319330945611, -0.9998483657836914, 1.4932270050048828], [0.5361390113830566, -0.8440192341804504, -0.013655410148203373, -1.2305908203125], [0.0, 0.0, 0.0, 1.0]], [[0.9477683305740356, 0.3187236487865448, -0.012270385399460793, -1.1458587646484375], [-0.023753585293889046, 0.03216681629419327, -0.9992002248764038, 1.5620956420898438], [-0.31807398796081543, 0.9473016858100891, 0.038057517260313034, -0.1553955078125], [0.0, 0.0, 0.0, 1.0]], [[0.009417536668479443, 0.9996532797813416, 0.024589387699961662, -0.028564453125], [-0.021524768322706223, 0.024787437170743942, -0.9994609951972961, 1.5673789978027344], [-0.9997239708900452, 0.008883176371455193, 0.021750740706920624, 0.012786865234375], [0.0, 0.0, 0.0, 1.0]], [[-0.9236573576927185, 0.3828510642051697, 0.01679893583059311, 1.1026611328125], [-0.017282405868172646, 0.0021767341531813145, -0.9998482465744019, 1.5467309951782227], [-0.3828294277191162, -0.9238075613975525, 0.00460602855309844, -0.0673828125], [0.0, 0.0, 0.0, 1.0]]], "view": [[0.0, -2.0, 100.0], [-2.0, 0.0, 100.0], [0.0, 0.0, 1.0]], "bev": "bev_4e176f721663410f93ab04f6c012697f.png", "aux": "aux_4e176f721663410f93ab04f6c012697f.npz", "visibility": "visibility_4e176f721663410f93ab04f6c012697f.png", "pose": [[-0.8556200265884399, -0.5176044702529907, 0.0, 424.5926818847656], [0.5176044702529907, -0.8556200265884399, 0.0, 1624.23486328125], [0.0, 0.0, 1.0, 0.0], [0.0, 0.0, 0.0, 1.0]], "pose_inverse": [[-0.8556200265884399, 0.5176044702529907, 0.0, -477.42120361328125], [-0.5176044702529907, -0.8556200265884399, 0.0, 1609.4989013671875], [0.0, 0.0, 1.0, 0.0], [0.0, 0.0, 0.0, 1.0]], "cam_ids": [0, 1, 2, 3, 4, 5], "cam_channels": ["CAM_FRONT_LEFT", "CAM_FRONT", "CAM_FRONT_RIGHT", "CAM_BACK_LEFT", "CAM_BACK", "CAM_BACK_RIGHT"], "token": "4e176f721663410f93ab04f6c012697f", "scene": "scene-0259"}, {"images": ["samples/CAM_FRONT_LEFT/n008-2018-08-06-15-06-32-0400__CAM_FRONT_LEFT__1533582890654799.jpg", "samples/CAM_FRONT/n008-2018-08-06-15-06-32-0400__CAM_FRONT__1533582890662404.jpg", "samples/CAM_FRONT_RIGHT/n008-2018-08-06-15-06-32-0400__CAM_FRONT_RIGHT__1533582890670482.jpg", "samples/CAM_BACK_LEFT/n008-2018-08-06-15-06-32-0400__CAM_BACK_LEFT__1533582890697405.jpg", "samples/CAM_BACK/n008-2018-08-06-15-06-32-0400__CAM_BACK__1533582890687558.jpg", "samples/CAM_BACK_RIGHT/n008-2018-08-06-15-06-32-0400__CAM_BACK_RIGHT__1533582890678113.jpg"], "intrinsics": [[[1257.8625342125129, 0.0, 827.2410631095686], [0.0, 1257.8625342125129, 450.915498205774], [0.0, 0.0, 1.0]], [[1252.8131021185304, 0.0, 826.588114781398], [0.0, 1252.8131021185304, 469.9846626224581], [0.0, 0.0, 1.0]], [[1256.7485116440405, 0.0, 817.7887570959712], [0.0, 1256.7485116440403, 451.9541780095127], [0.0, 0.0, 1.0]], [[1254.9860565800168, 0.0, 829.5769333630991], [0.0, 1254.9860565800168, 467.1680561863987], [0.0, 0.0, 1.0]], [[796.8910634503094, 0.0, 857.7774326863696], [0.0, 796.8910634503094, 476.8848988407415], [0.0, 0.0, 1.0]], [[1249.9629280788233, 0.0, 825.3768045375984], [0.0, 1249.9629280788233, 462.54816385708756], [0.0, 0.0, 1.0]]], "extrinsics": [[[0.8237380385398865, -0.5663661956787109, -0.026174353435635567, -0.8968505859375], [-0.010216091759502888, 0.031330887228250504, -0.9994568824768066, 1.4869194030761719], [0.566878616809845, 0.8235580325126648, 0.02002239227294922, -1.260498046875], [0.0, 0.0, 0.0, 1.0]], [[0.012057350017130375, -0.999581515789032, -0.026292430236935616, 0.0076904296875], [-0.007969338446855545, 0.026197444647550583, -0.9996250867843628, 1.4792747497558594], [0.9998955726623535, 0.012262418866157532, -0.007650131359696388, -1.626800537109375], [0.0, 0.0, 0.0, 1.0]], [[-0.8432972431182861, -0.537371814250946, -0.009016463533043861, 1.020843505859375], [0.0002723623183555901, 0.016349157318472862, -0.9998663067817688, 1.4930782318115234], [0.5374473929405212, -0.8431869745254517, -0.013640840537846088, -1.2320556640625], [0.0, 0.0, 0.0, 1.0]], [[0.9477038979530334, 0.3188100755214691, -0.014746682718396187, -1.1446819305419922], [-0.024983016774058342, 0.028042463585734367, -0.9992944598197937, 1.5620651245117188], [-0.31817173957824707, 0.9474037289619446, 0.03454078733921051, -0.1558837890625], [0.0, 0.0, 0.0, 1.0]], [[0.008829198777675629, 0.9997324347496033, 0.02137933112680912, -0.0289306640625], [-0.022792482748627663, 0.02157580852508545, -0.9995073676109314, 1.5673751831054688], [-0.9997013211250305, 0.00833753403276205, 0.02297688089311123, 0.01446533203125], [0.0, 0.0, 0.0, 1.0]], [[-0.9240707755088806, 0.3818309009075165, 0.01727629080414772, 1.10546875], [-0.01863572932779789, 0.0001376532600261271, -0.9998263120651245, 1.5467042922973633], [-0.3817669451236725, -0.9242321848869324, 0.0069884960539639, -0.06591796875], [0.0, 0.0, 0.0, 1.0]]], "view": [[0.0, -2.0, 100.0], [-2.0, 0.0, 100.0], [0.0, 0.0, 1.0]], "bev": "bev_eb856aee20864989a4cc39483e5fdf4f.png", "aux": "aux_eb856aee20864989a4cc39483e5fdf4f.npz", "visibility": "visibility_eb856aee20864989a4cc39483e5fdf4f.png", "pose": [[-0.8461992740631104, -0.5328665971755981, 0.0, 423.23162841796875], [0.5328665971755981, -0.8461992740631104, 0.0, 1625.0806884765625], [0.0, 0.0, 1.0, 0.0], [0.0, 0.0, 0.0, 1.0]], "pose_inverse": [[-0.8461992740631104, 0.5328665971755981, 0.0, -507.8128967285156], [-0.5328665971755981, -0.8461992740631104, 0.0, 1600.6680908203125], [0.0, 0.0, 1.0, 0.0], [0.0, 0.0, 0.0, 1.0]], "cam_ids": [0, 1, 2, 3, 4, 5], "cam_channels": ["CAM_FRONT_LEFT", "CAM_FRONT", "CAM_FRONT_RIGHT", "CAM_BACK_LEFT", "CAM_BACK", "CAM_BACK_RIGHT"], "token": "eb856aee20864989a4cc39483e5fdf4f", "scene": "scene-0259"}, {"images": ["samples/CAM_FRONT_LEFT/n008-2018-08-06-15-06-32-0400__CAM_FRONT_LEFT__1533582891154799.jpg", "samples/CAM_FRONT/n008-2018-08-06-15-06-32-0400__CAM_FRONT__1533582891162404.jpg", "samples/CAM_FRONT_RIGHT/n008-2018-08-06-15-06-32-0400__CAM_FRONT_RIGHT__1533582891170482.jpg", "samples/CAM_BACK_LEFT/n008-2018-08-06-15-06-32-0400__CAM_BACK_LEFT__1533582891197405.jpg", "samples/CAM_BACK/n008-2018-08-06-15-06-32-0400__CAM_BACK__1533582891187558.jpg", "samples/CAM_BACK_RIGHT/n008-2018-08-06-15-06-32-0400__CAM_BACK_RIGHT__1533582891178113.jpg"], "intrinsics": [[[1257.8625342125129, 0.0, 827.2410631095686], [0.0, 1257.8625342125129, 450.915498205774], [0.0, 0.0, 1.0]], [[1252.8131021185304, 0.0, 826.588114781398], [0.0, 1252.8131021185304, 469.9846626224581], [0.0, 0.0, 1.0]], [[1256.7485116440405, 0.0, 817.7887570959712], [0.0, 1256.7485116440403, 451.9541780095127], [0.0, 0.0, 1.0]], [[1254.9860565800168, 0.0, 829.5769333630991], [0.0, 1254.9860565800168, 467.1680561863987], [0.0, 0.0, 1.0]], [[796.8910634503094, 0.0, 857.7774326863696], [0.0, 796.8910634503094, 476.8848988407415], [0.0, 0.0, 1.0]], [[1249.9629280788233, 0.0, 825.3768045375984], [0.0, 1249.9629280788233, 462.54816385708756], [0.0, 0.0, 1.0]]], "extrinsics": [[[0.8241481184959412, -0.5649668574333191, -0.03990385681390762, -0.91015625], [-0.030354022979736328, 0.02629438228905201, -0.9991933107376099, 1.4847984313964844], [0.5655603408813477, 0.8246945738792419, 0.004521448630839586, -1.2698974609375], [0.0, 0.0, 0.0, 1.0]], [[0.013225628063082695, -0.9996616244316101, -0.02239900454878807, 0.0079345703125], [-0.02830035425722599, 0.022017763927578926, -0.9993569850921631, 1.4774627685546875], [0.9995120167732239, 0.013850961811840534, -0.027999579906463623, -1.64031982421875], [0.0, 0.0, 0.0, 1.0]], [[-0.8425456881523132, -0.5385332107543945, 0.009940418414771557, 1.029815673828125], [-0.020232629030942917, 0.013201410882174969, -0.9997081160545349, 1.4915924072265625], [0.5382447838783264, -0.8425009250640869, -0.022018738090991974, -1.237548828125], [0.0, 0.0, 0.0, 1.0]], [[0.9471209049224854, 0.3190820515155792, -0.03389149531722069, -1.1451072692871094], [-0.045194633305072784, 0.02808462083339691, -0.9985833168029785, 1.562103271484375], [-0.31767821311950684, 0.9473108649253845, 0.04102033004164696, -0.15576171875], [0.0, 0.0, 0.0, 1.0]], [[0.008544309064745903, 0.9997583627700806, 0.020255234092473984, -0.0289306640625], [-0.04328284040093422, 0.02060674875974655