[{"images": ["samples/CAM_FRONT_LEFT/n008-2018-08-30-15-52-26-0400__CAM_FRONT_LEFT__1535659327004799.jpg", "samples/CAM_FRONT/n008-2018-08-30-15-52-26-0400__CAM_FRONT__1535659327012404.jpg", "samples/CAM_FRONT_RIGHT/n008-2018-08-30-15-52-26-0400__CAM_FRONT_RIGHT__1535659327020482.jpg", "samples/CAM_BACK_LEFT/n008-2018-08-30-15-52-26-0400__CAM_BACK_LEFT__1535659327047405.jpg", "samples/CAM_BACK/n008-2018-08-30-15-52-26-0400__CAM_BACK__1535659327037558.jpg", "samples/CAM_BACK_RIGHT/n008-2018-08-30-15-52-26-0400__CAM_BACK_RIGHT__1535659327028113.jpg"], "intrinsics": [[[1257.8625342125129, 0.0, 827.2410631095686], [0.0, 1257.8625342125129, 450.915498205774], [0.0, 0.0, 1.0]], [[1252.8131021185304, 0.0, 826.588114781398], [0.0, 1252.8131021185304, 469.9846626224581], [0.0, 0.0, 1.0]], [[1256.7485116440405, 0.0, 817.7887570959712], [0.0, 1256.7485116440403, 451.9541780095127], [0.0, 0.0, 1.0]], [[1254.9860565800168, 0.0, 829.5769333630991], [0.0, 1254.9860565800168, 467.1680561863987], [0.0, 0.0, 1.0]], [[796.8910634503094, 0.0, 857.7774326863696], [0.0, 796.8910634503094, 476.8848988407415], [0.0, 0.0, 1.0]], [[1249.9629280788233, 0.0, 825.3768045375984], [0.0, 1249.9629280788233, 462.54816385708756], [0.0, 0.0, 1.0]]], "extrinsics": [[[0.8224958181381226, -0.5687706470489502, 0.0007762277964502573, -0.921600341796875], [0.018609946593642235, 0.02554766833782196, -0.9995003938674927, 1.4901084899902344], [0.5684666037559509, 0.8220993280410767, 0.03159764036536217, -1.27801513671875], [0.0, 0.0, 0.0, 1.0]], [[0.010346222668886185, -0.9997212290763855, -0.02122196927666664, 0.0078125], [0.020647507160902023, 0.021432166919112206, -0.9995570778846741, 1.4818458557128906], [0.9997332096099854, 0.009903401136398315, 0.020863493904471397, -1.6517333984375], [0.0, 0.0, 0.0, 1.0]], [[-0.8437517881393433, -0.5358315110206604, -0.031103292480111122, 1.03656005859375], [0.02875552512705326, 0.012737918645143509, -0.9995052814483643, 1.4949226379394531], [0.5359626412391663, -0.8442288041114807, 0.00466047553345561, -1.24169921875], [0.0, 0.0, 0.0, 1.0]], [[0.9478273391723633, 0.3185483515262604, 0.012260234914720058, -1.14215087890625], [0.003538397839292884, 0.027944199740886688, -0.9996032118797302, 1.5620498657226562], [-0.3187645673751831, 0.9474945664405823, 0.025359123945236206, -0.15673828125], [0.0, 0.0, 0.0, 1.0]], [[0.009083696641027927, 0.9997492432594299, 0.02046814374625683, -0.02899169921875], [0.005604316480457783, 0.020417766645550728, -0.999775767326355, 1.5681915283203125], [-0.9999431371688843, 0.009196342900395393, -0.0054174442775547504, 0.019439697265625], [0.0, 0.0, 0.0, 1.0]], [[-0.9236266613006592, 0.3831659257411957, -0.009876188822090626, 1.1168212890625], [0.009733120910823345, -0.0023121151607483625, -0.9999499320983887, 1.548272728919983], [-0.38316965103149414, -0.9236765503883362, -0.001593870110809803, -0.0609130859375], [0.0, 0.0, 0.0, 1.0]]], "view": [[0.0, -2.0, 100.0], [-2.0, 0.0, 100.0], [0.0, 0.0, 1.0]], "bev": "bev_58a4b98af7bf4cff9ee5667b103d0f12.png", "aux": "aux_58a4b98af7bf4cff9ee5667b103d0f12.npz", "visibility": "visibility_58a4b98af7bf4cff9ee5667b103d0f12.png", "pose": [[0.9356195330619812, 0.35301002860069275, 0.0, 417.192138671875], [-0.35301002860069275, 0.9356195330619812, 0.0, 826.7566528320312], [0.0, 0.0, 1.0, 0.0], [0.0, 0.0, 0.0, 1.0]], "pose_inverse": [[0.9356195330619812, -0.35301002860069275, 0.0, -98.4797134399414], [0.35301002860069275, 0.9356195330619812, 0.0, -920.8026733398438], [0.0, 0.0, 1.0, 0.0], [0.0, 0.0, 0.0, 1.0]], "cam_ids": [0, 1, 2, 3, 4, 5], "cam_channels": ["CAM_FRONT_LEFT", "CAM_FRONT", "CAM_FRONT_RIGHT", "CAM_BACK_LEFT", "CAM_BACK", "CAM_BACK_RIGHT"], "token": "58a4b98af7bf4cff9ee5667b103d0f12", "scene": "scene-0539"}, {"images": ["samples/CAM_FRONT_LEFT/n008-2018-08-30-15-52-26-0400__CAM_FRONT_LEFT__1535659327504799.jpg", "samples/CAM_FRONT/n008-2018-08-30-15-52-26-0400__CAM_FRONT__1535659327512404.jpg", "samples/CAM_FRONT_RIGHT/n008-2018-08-30-15-52-26-0400__CAM_FRONT_RIGHT__1535659327521416.jpg", "samples/CAM_BACK_LEFT/n008-2018-08-30-15-52-26-0400__CAM_BACK_LEFT__1535659327547405.jpg", "samples/CAM_BACK/n008-2018-08-30-15-52-26-0400__CAM_BACK__1535659327538011.jpg", "samples/CAM_BACK_RIGHT/n008-2018-08-30-15-52-26-0400__CAM_BACK_RIGHT__1535659327528123.jpg"], "intrinsics": [[[1257.8625342125129, 0.0, 827.2410631095686], [0.0, 1257.8625342125129, 450.915498205774], [0.0, 0.0, 1.0]], [[1252.8131021185304, 0.0, 826.588114781398], [0.0, 1252.8131021185304, 469.9846626224581], [0.0, 0.0, 1.0]], [[1256.7485116440405, 0.0, 817.7887570959712], [0.0, 1256.7485116440403, 451.9541780095127], [0.0, 0.0, 1.0]], [[1254.9860565800168, 0.0, 829.5769333630991], [0.0, 1254.9860565800168, 467.1680561863987], [0.0, 0.0, 1.0]], [[796.8910634503094, 0.0, 857.7774326863696], [0.0, 796.8910634503094, 476.8848988407415], [0.0, 0.0, 1.0]], [[1249.9629280788233, 0.0, 825.3768045375984], [0.0, 1249.9629280788233, 462.54816385708756], [0.0, 0.0, 1.0]]], "extrinsics": [[[0.8227565884590149, -0.5683901906013489, 0.002017684979364276, -0.941558837890625], [0.020108653232455254, 0.025559747591614723, -0.9994710683822632, 1.4897880554199219], [0.5680379867553711, 0.822361946105957, 0.032459016889333725, -1.29132080078125], [0.0, 0.0, 0.0, 1.0]], [[0.010763207450509071, -0.9997162222862244, -0.02124994434416294, 0.0072021484375], [0.022055670619010925, 0.02148335427045822, -0.9995259046554565, 1.481515884399414], [0.99969881772995, 0.010289453901350498, 0.02228064276278019, -1.67236328125], [0.0, 0.0, 0.0, 1.0]], [[-0.8435502648353577, -0.5360801815986633, -0.032261669635772705, 1.05218505859375], [0.030066676437854767, 0.012837019748985767, -0.9994654059410095, 1.4944496154785156], [0.5362077951431274, -0.8440694212913513, 0.0052894772961735725, -1.252197265625], [0.0, 0.0, 0.0, 1.0]], [[0.9478147029876709, 0.3185403347015381, 0.013395637273788452, -1.142791748046875], [0.004694811999797821, 0.02806677669286728, -0.9995949864387512, 1.562051773071289], [-0.31878727674484253, 0.9474936723709106, 0.02510661631822586, -0.15643310546875], [0.0, 0.0, 0.0, 1.0]], [[0.008946706540882587, 0.9997479319572449, 0.020590590313076973, -0.029052734375], [0.006845531053841114, 0.020529696717858315, -0.9997657537460327, 1.5681743621826172], [-0.999936580657959, 0.009085563011467457, -0.006660132668912411, 0.02704620361328125], [0.0, 0.0, 0.0, 1.0]], [[-0.9236985445022583, 0.3829612731933594, -0.011024650186300278, 1.128692626953125], [0.011018632911145687, -0.0022092510480433702, -0.9999368786811829, 1.5481923818588257], [-0.3829614520072937, -0.9237616658210754, -0.0021790270693600178, -0.05621337890625], [0.0, 0.0, 0.0, 1.0]]], "view": [[0.0, -2.0, 100.0], [-2.0, 0.0, 100.0], [0.0, 0.0, 1.0]], "bev": "bev_712387afceff4321b0a5ee5e9155cb30.png", "aux": "aux_712387afceff4321b0a5ee5e9155cb30.npz", "visibility": "visibility_712387afceff4321b0a5ee5e9155cb30.png", "pose": [[0.9346023201942444, 0.35569432377815247, 0.0, 418.0802307128906], [-0.35569432377815247, 0.9346023201942444, 0.0, 826.4029541015625], [0.0, 0.0, 1.0, 0.0], [0.0, 0.0, 0.0, 1.0]], "pose_inverse": [[0.9346023201942444, -0.35569432377815247, 0.0, -96.79192352294922], [0.35569432377815247, 0.9346023201942444, 0.0, -921.06689453125], [0.0, 0.0, 1.0, 0.0], [0.0, 0.0, 0.0, 1.0]], "cam_ids": [0, 1, 2, 3, 4, 5], "cam_channels": ["CAM_FRONT_LEFT", "CAM_FRONT", "CAM_FRONT_RIGHT", "CAM_BACK_LEFT", "CAM_BACK", "CAM_BACK_RIGHT"], "token": "712387afceff4321b0a5ee5e9155cb30", "scene": "scene-0539"}, {"images": ["samples/CAM_FRONT_LEFT/n008-2018-08-30-15-52-26-0400__CAM_FRONT_LEFT__1535659328004799.jpg", "samples/CAM_FRONT/n008-2018-08-30-15-52-26-0400__CAM_FRONT__1535659328012404.jpg", "samples/CAM_FRONT_RIGHT/n008-2018-08-30-15-52-26-0400__CAM_FRONT_RIGHT__1535659328020482.jpg", "samples/CAM_BACK_LEFT/n008-2018-08-30-15-52-26-0400__CAM_BACK_LEFT__1535659328047405.jpg", "samples/CAM_BACK/n008-2018-08-30-15-52-26-0400__CAM_BACK__1535659328037558.jpg", "samples/CAM_BACK_RIGHT/n008-2018-08-30-15-52-26-0400__CAM_BACK_RIGHT__1535659328028113.jpg"], "intrinsics": [[[1257.8625342125129, 0.0, 827.2410631095686], [0.0, 1257.8625342125129, 450.915498205774], [0.0, 0.0, 1.0]], [[1252.8131021185304, 0.0, 826.588114781398], [0.0, 1252.8131021185304, 469.9846626224581], [0.0, 0.0, 1.0]], [[1256.7485116440405, 0.0, 817.7887570959712], [0.0, 1256.7485116440403, 451.9541780095127], [0.0, 0.0, 1.0]], [[1254.9860565800168, 0.0, 829.5769333630991], [0.0, 1254.9860565800168, 467.1680561863987], [0.0, 0.0, 1.0]], [[796.8910634503094, 0.0, 857.7774326863696], [0.0, 796.8910634503094, 476.8848988407415], [0.0, 0.0, 1.0]], [[1249.9629280788233, 0.0, 825.3768045375984], [0.0, 1249.9629280788233, 462.54816385708756], [0.0, 0.0, 1.0]]], "extrinsics": [[[0.8232064247131348, -0.5677282214164734, 0.003977132961153984, -0.952789306640625], [0.02236238680779934, 0.025424156337976456, -0.9994266033172607, 1.489645004272461], [0.5673015117645264, 0.8228234052658081, 0.03362508863210678, -1.29931640625], [0.0, 0.0, 0.0, 1.0]], [[0.011469599790871143, -0.9997124075889587, -0.02105841599404812, 0.00738525390625], [0.02433982864022255, 0.02133268676698208, -0.9994761347770691, 1.4813899993896484], [0.9996379017829895, 0.010951081290841103, 0.024577507749199867, -1.6831436157226562], [0.0, 0.0, 0.0, 1.0]], [[-0.8431986570358276, -0.5365179181098938, -0.03412419185042381, 1.05743408203125], [0.032385051250457764, 0.012667831964790821, -0.9993951320648193, 1.494354248046875], [0.5366257429122925, -0.8437939286231995, 0.006693657953292131, -1.2552490234375], [0.0, 0.0, 0.0, 1.0]], [[0.9477764368057251, 0.3185523748397827, 0.015629958361387253, -1.142364501953125], [0.007115064654499292, 0.027876099571585655, -0.9995860457420349, 1.5620555877685547], [-0.31885620951652527, 0.9474952816963196, 0.02415378950536251, -0.1566162109375], [0.0, 0.0, 0.0, 1.0]], [[0.008699750527739525, 0.9997537732124329, 0.02041356824338436, -0.0291748046875], [0.00920204259455204, 0.020333435386419296, -0.9997508525848389, 1.5681991577148438], [-0.9999198317527771, 0.008885439485311508, -0.009022879414260387, 0.0286712646484375], [0.0, 0.0, 0.0, 1.0]], [[-0.9238097667694092, 0.3826221227645874, -0.013261892832815647, 1.133514404296875], [0.013362309895455837, -0.0023951539769768715, -0.9999078512191772, 1.548202633857727], [-0.3826185464859009, -0.9239017963409424, -0.0029000474605709314, -0.05419921875], [0.0, 0.0, 0.0, 1.0]]], "view": [[0.0, -2.0, 100.0], [-2.0, 0.0, 100.0], [0.0, 0.0, 1.0]], "bev": "bev_00f3fcf9af844852a2052f0f511865ea.png", "aux": "aux_00f3fcf9af844852a2052f0f511865ea.npz", "visibility": "visibility_00f3fcf9af844852a2052f0f511865ea.png", "pose": [[0.9312835335731506, 0.36429518461227417, 0.0, 418.7333984375], [-0.36429518461227417, 0.9312835335731506, 0.0, 826.1351928710938], [0.0, 0.0, 1.0, 0.0], [0.0, 0.0, 0.0, 1.0]], "pose_inverse": [[0.9312835335731506, -0.36429518461227417, 0.0, -89.00245666503906], [0.36429518461227417, 0.9312835335731506, 0.0, -921.9086303710938], [0.0, 0.0, 1.0, 0.0], [0.0, 0.0, 0.0, 1.0]], "cam_ids": [0, 1, 2, 3, 4, 5], "cam_channels": ["CAM_FRONT_LEFT", "CAM_FRONT", "CAM_FRONT_RIGHT", "CAM_BACK_LEFT", "CAM_BACK", "CAM_BACK_RIGHT"], "token": "00f3fcf9af844852a2052f0f511865ea", "scene": "scene-0539"}, {"images": ["samples/CAM_FRONT_LEFT/n008-2018-08-30-15-52-26-0400__CAM_FRONT_LEFT__1535659328504799.jpg", "samples/CAM_FRONT/n008-2018-08-30-15-52-26-0400__CAM_FRONT__1535659328512404.jpg", "samples/CAM_FRONT_RIGHT/n008-2018-08-30-15-52-26-0400__CAM_FRONT_RIGHT__1535659328520482.jpg", "samples/CAM_BACK_LEFT/n008-2018-08-30-15-52-26-0400__CAM_BACK_LEFT__1535659328547405.jpg", "samples/CAM_BACK/n008-2018-08-30-15-52-26-0400__CAM_BACK__1535659328537558.jpg", "samples/CAM_BACK_RIGHT/n008-2018-08-30-15-52-26-0400__CAM_BACK_RIGHT__1535659328528113.jpg"], "intrinsics": [[[1257.8625342125129, 0.0, 827.2410631095686], [0.0, 1257.8625342125129, 450.915498205774], [0.0, 0.0, 1.0]], [[1252.8131021185304, 0.0, 826.588114781398], [0.0, 1252.8131021185304, 469.9846626224581], [0.0, 0.0, 1.0]], [[1256.7485116440405, 0.0, 817.7887570959712], [0.0, 1256.7485116440403, 451.9541780095127], [0.0, 0.0, 1.0]], [[1254.9860565800168, 0.0, 829.5769333630991], [0.0, 1254.9860565800168, 467.1680561863987], [0.0, 0.0, 1.0]], [[796.8910634503094, 0.0, 857.7774326863696], [0.0, 796.8910634503094, 476.8848988407415], [0.0, 0.0, 1.0]], [[1249.9629280788233, 0.0, 825.3768045375984], [0.0, 1249.9629280788233, 462.54816385708756], [0.0, 0.0, 1.0]]], "extrinsics": [[[0.8230528831481934, -0.5679522156715393, 0.0037674487102776766, -0.96575927734375], [0.022372571751475334, 0.02579188533127308, -0.9994169473648071, 1.4892997741699219], [0.5675239562988281, 0.8226573467254639, 0.033934637904167175, -1.30804443359375], [0.0, 0.0, 0.0, 1.0]], [[0.011245307512581348, -0.9997075796127319, -0.021407976746559143, 0.007080078125], [0.024351613596081734, 0.02167677693068981, -0.9994683861732483, 1.481069564819336], [0.9996402263641357, 0.010718002915382385, 0.02458825334906578, -1.6965255737304688], [0.0, 0.0, 0.0, 1.0]], [[-0.8432926535606384, -0.5363585948944092, -0.03430715948343277, 1.0665283203125], [0.032398175448179245, 0.012985927052795887, -0.9993906617164612, 1.4940061569213867], [0.5364773273468018, -0.8438902497291565, 0.006426103878766298, -1.260986328125], [0.0, 0.0, 0.0, 1.0]], [[0.947773814201355, 0.3185608983039856, 0.015614219009876251, -1.142486572265625], [0.0070011247880756855, 0.028164666146039963, -0.9995787739753723, 1.562051773071289], [-0.318866491317749, 0.9474839568138123, 0.02446344867348671, -0.15655517578125], [0.0, 0.0, 0.0, 1.0]], [[0.00876447930932045, 0.9997469782829285, 0.02071698196232319, -0.02923583984375], [0.009120306000113487, 0.020636996254324913, -0.9997453689575195, 1.5681610107421875], [-0.9999199509620667, 0.008951198309659958, -0.008937124162912369, 0.0327301025390625], [0.0, 0.0, 0.0, 1.0]], [[-0.9237621426582336, 0.3827421963214874, -0.013120315968990326, 1.1407470703125], [0.013338999822735786, -0.0020824989769607782, -0.9999088048934937, 1.5480977296829224], [-0.38273459672927856, -0.923852801322937, -0.00318166334182024, -0.05108642578125], [0.0, 0.0, 0.0, 1.0]]], "view": [[0.0, -2.0, 100.0], [-2.0, 0.0, 100.0], [0.0, 0.0, 1.0]], "bev": "bev_1c47053affaf46699a10890b350c41db.png", "aux": "aux_1c47053affaf46699a10890b350c41db.npz", "visibility": "visibility_1c47053affaf46699a10890b350c41db.png", "pose": [[0.9264863729476929, 0.37632834911346436, 0.0, 419.335693359375], [-0.37632834911346436, 0.9264863729476929, 0.0, 825.8765869140625], [0.0, 0.0, 1.0, 0.0], [0.0, 0.0, 0.0, 1.0]], "pose_inverse": [[0.9264863729476929, -0.37632834911346436, 0.0, -77.70802307128906], [0.37632834911346436, 0.9264863729476929, 0.0, -922.9713134765625], [0.0, 0.0, 1.0, 0.0], [0.0, 0.0, 0.0, 1.0]], "cam_ids": [0, 1, 2, 3, 4, 5], "cam_channels": ["CAM_FRONT_LEFT", "CAM_FRONT", "CAM_FRONT_RIGHT", "CAM_BACK_LEFT", "CAM_BACK", "CAM_BACK_RIGHT"], "token": "1c47053affaf46699a10890b350c41db", "scene": "scene-0539"}, {"images": ["samples/CAM_FRONT_LEFT/n008-2018-08-30-15-52-26-0400__CAM_FRONT_LEFT__1535659329004799.jpg", "samples/CAM_FRONT/n008-2018-08-30-15-52-26-0400__CAM_FRONT__1535659329012404.jpg", "samples/CAM_FRONT_RIGHT/n008-2018-08-30-15-52-26-0400__CAM_FRONT_RIGHT__1535659329020482.jpg", "samples/CAM_BACK_LEFT/n008-2018-08-30-15-52-26-0400__CAM_BACK_LEFT__1535659329047405.jpg", "samples/CAM_BACK/n008-2018-08-30-15-52-26-0400__CAM_BACK__1535659329037558.jpg", "samples/CAM_BACK_RIGHT/n008-2018-08-30-15-52-26-0400__CAM_BACK_RIGHT__1535659329028113.jpg"], "intrinsics": [[[1257.8625342125129, 0.0, 827.2410631095686], [0.0, 1257.8625342125129, 450.915498205774], [0.0, 0.0, 1.0]], [[1252.8131021185304, 0.0, 826.588114781398], [0.0, 1252.8131021185304, 469.9846626224581], [0.0, 0.0, 1.0]], [[1256.7485116440405, 0.0, 817.7887570959712], [0.0, 1256.7485116440403, 451.9541780095127], [0.0, 0.0, 1.0]], [[1254.9860565800168, 0.0, 829.5769333630991], [0.0, 1254.9860565800168, 467.1680561863987], [0.0, 0.0, 1.0]], [[796.8910634503094, 0.0, 857.7774326863696], [0.0, 796.8910634503094, 476.8848988407415], [0.0, 0.0, 1.0]], [[1249.9629280788233, 0.0, 825.3768045375984], [0.0, 1249.9629280788233, 462.54816385708756], [0.0, 0.0, 1.0]]], "extrinsics": [[[0.823276162147522, -0.5676288604736328, 0.0037255119532346725, -0.97113037109375], [0.02255450002849102, 0.026153165847063065, -0.9994034767150879, 1.4891624450683594], [0.567192792892456, 0.822869062423706, 0.034333862364292145, -1.31170654296875], [0.0, 0.0, 0.0, 1.0]], [[0.011595644988119602, -0.9996961951255798, -0.021749289706349373, 0.0069580078125], [0.024533074349164963, 0.02202863246202469, -0.9994563460350037, 1.4809532165527344], [0.9996317625045776, 0.011055756360292435, 0.024781057611107826, -1.7014694213867188], [0.0, 0.0, 0.0, 1.0]], [[-0.8431278467178345, -0.5365961790084839, -0.03464297205209732, 1.06927490234375], [0.03257995471358299, 0.013329273089766502, -0.9993802309036255, 1.4939050674438477], [0.5367253422737122, -0.8437339663505554, 0.0062439958564937115, -1.26287841796875], [0.0, 0.0, 0.0, 1.0]], [[0.947758674621582, 0.3185902535915375, 0.015931779518723488, -1.14227294921875], [0.0072394246235489845, 0.028449347242712975, -0.9995689988136292, 1.5620574951171875], [-0.3189062178134918, 0.9474655389785767, 0.02465670369565487, -0.15667724609375], [0.0, 0.0, 0.0, 1.0]], [[0.008631830103695393, 0.9997420310974121, 0.021009624004364014, -0.0291748046875], [0.009340758435428143, 0.020928876474499702, -0.9997373223304749, 1.5681533813476562], [-0.9999191164970398, 0.008825852535665035, -0.009157695807516575, 0.0338287353515625], [0.0, 0.0, 0.0, 1.0]], [[-0.9238449335098267, 0.3825400471687317, -0.013177517801523209, 1.142852783203125], [0.01353292353451252, -0.001761824358254671, -0.9999068975448608, 1.5480703115463257], [-0.38252755999565125, -0.9239372611045837, -0.003549231681972742, -0.05035400390625], [0.0, 0.0, 0.0, 1.0]]], "view": [[0.0, -2.0, 100.0], [-2.0, 0.0, 100.0], [0.0, 0.0, 1.0]], "bev": "bev_b2bb02e8331642db9b0cef439b2d9d24.png", "aux": "aux_b2bb02e8331642db9b0cef439b2d9d24.npz", "visibility": "visibility_b2bb02e8331642db9b0cef439b2d9d24.png", "pose": [[0.9211843013763428, 0.38912656903266907, 0.0, 419.8038330078125], [-0.38912656903266907, 0.9211843013763428, 0.0, 825.6675415039062], [0.0, 0.0, 1.0, 0.0], [0.0, 0.0, 0.0, 1.0]], "pose_inverse": [[0.9211843013763428, -0.38912656903266907, 0.0, -65.42752838134766], [0.38912656903266907, 0.9211843013763428, 0.0, -923.9487915039062], [0.0, 0.0, 1.0, 0.0], [0.0, 0.0, 0.0, 1.0]], "cam_ids": [0, 1, 2, 3, 4, 5], "cam_channels": ["CAM_FRONT_LEFT", "CAM_FRONT", "CAM_FRONT_RIGHT", "CAM_BACK_LEFT", "CAM_BACK", "CAM_BACK_RIGHT"], "token": "b2bb02e8331642db9b0cef439b2d9d24", "scene": "scene-0539"}, {"images": ["samples/CAM_FRONT_LEFT/n008-2018-08-30-15-52-26-0400__CAM_FRONT_LEFT__1535659329504799.jpg", "samples/CAM_FRONT/n008-2018-08-30-15-52-26-0400__CAM_FRONT__1535659329512404.jpg", "samples/CAM_FRONT_RIGHT/n008-2018-08-30-15-52-26-0400__CAM_FRONT_RIGHT__1535659329520482.jpg", "samples/CAM_BACK_LEFT/n008-2018-08-30-15-52-26-0400__CAM_BACK_LEFT__1535659329547405.jpg", "samples/CAM_BACK/n008-2018-08-30-15-52-26-0400__CAM_BACK__1535659329537558.jpg", "samples/CAM_BACK_RIGHT/n008-2018-08-30-15-52-26-0400__CAM_BACK_RIGHT__1535659329528113.jpg"], "intrinsics": [[[1257.8625342125129, 0.0, 827.2410631095686], [0.0, 1257.8625342125129, 450.915498205774], [0.0, 0.0, 1.0]], [[1252.8131021185304, 0.0, 826.588114781398], [0.0, 1252.8131021185304, 469.9846626224581], [0.0, 0.0, 1.0]], [[1256.7485116440405, 0.0, 817.7887570959712], [0.0, 1256.7485116440403, 451.9541780095127], [0.0, 0.0, 1.0]], [[1254.9860565800168, 0.0, 829.5769333630991], [0.0, 1254.9860565800168, 467.1680561863987], [0.0, 0.0, 1.0]], [[796.8910634503094, 0.0, 857.7774326863696], [0.0, 796.8910634503094, 476.8848988407415], [0.0, 0.0, 1.0]], [[1249.9629280788233, 0.0, 825.3768045375984], [0.0, 1249.9629280788233, 462.54816385708756], [0.0, 0.0, 1.0]]], "extrinsics": [[[0.822891891002655, -0.5681844353675842, 0.003925043158233166, -0.9853515625], [0.023100577294826508, 0.026552408933639526, -0.9993804693222046, 1.4887924194335938], [0.5677282214164734, 0.8224727511405945, 0.03497514873743057, -1.3212890625], [0.0, 0.0, 0.0, 1.0]], [[0.011042490601539612, -0.9996934533119202, -0.022160589694976807, 0.00665283203125], [0.025069784373044968, 0.022431757301092148, -0.9994339942932129, 1.4806175231933594], [0.9996246099472046, 0.010480639524757862, 0.02530980110168457, -1.7157821655273438], [0.0, 0.0, 0.0, 1.0]], [[-0.843350887298584, -0.5362020134925842, -0.03530672937631607, 1.0787353515625], [0.03310567885637283, 0.01373425591737032, -0.9993574619293213, 1.4935455322265625], [0.536342442035675, -0.8439779281616211, 0.006168534979224205, -1.2689208984375], [0.0, 0.0, 0.0, 1.0]], [[0.9477573037147522, 0.31856080889701843, 0.016585934907197952, -1.142913818359375], [0.007783505134284496, 0.028885021805763245, -0.9995524287223816, 1.5620479583740234], [-0.3188973665237427, 0.9474622011184692, 0.024896470829844475, -0.15655517578125], [0.0, 0.0, 0.0, 1.0]], [[0.008801576681435108, 0.9997310638427734, 0.021456368267536163, -0.0291748046875], [0.00988251157104969, 0.02136918716132641, -0.9997227787971497, 1.568115234375], [-0.999912440776825, 0.009011182934045792, -0.009691772051155567, 0.038265228271484375], [0.0, 0.0, 0.0, 1.0]], [[-0.9237107634544373, 0.3828526735305786, -0.01350314449518919, 1.150482177734375], [0.014061959460377693, -0.0013389383675530553, -0.999900221824646, 1.5479638576507568], [-0.3828325569629669, -0.9238083958625793, -0.004146866500377655, -0.04718017578125], [0.0, 0.0, 0.0, 1.0]]], "view": [[0.0, -2.0, 100.0], [-2.0, 0.0, 100.0], [0.0, 0.0, 1.0]], "bev": "bev_3817fa568c9e4f72bf433a02276f62ab.png", "aux": "aux_3817fa568c9e4f72bf433a02276f62ab.npz", "visibility": "visibility_3817fa568c9e4f72bf433a02276f62ab.png", "pose": [[0.9172560572624207, 0.3982980251312256, 0.0, 420.1181945800781], [-0.3982980251312256, 0.9172560572624207, 0.0, 825.5145874023438], [0.0, 0.0, 1.0, 0.0], [0.0, 0.0, 0.0, 1.0]], "pose_inverse": [[0.9172560572624207, -0.3982980251312256, 0.0, -56.55513381958008], [0.3982980251312256, 0.9172560572624207, 0.0, -924.54052734375], [0.0, 0.0, 1.0, 0.0], [0.0, 0.0, 0.0, 1.0]], "cam_ids": [0, 1, 2, 3, 4, 5], "cam_channels": ["CAM_FRONT_LEFT", "CAM_FRONT", "CAM_FRONT_RIGHT", "CAM_BACK_LEFT", "CAM_BACK", "CAM_BACK_RIGHT"], "token": "3817fa568c9e4f72bf433a02276f62ab", "scene": "scene-0539"}, {"images": ["samples/CAM_FRONT_LEFT/n008-2018-08-30-15-52-26-0400__CAM_FRONT_LEFT__1535659330004799.jpg", "samples/CAM_FRONT/n008-2018-08-30-15-52-26-0400__CAM_FRONT__1535659330012404.jpg", "samples/CAM_FRONT_RIGHT/n008-2018-08-30-15-52-26-0400__CAM_FRONT_RIGHT__1535659330020482.jpg", "samples/CAM_BACK_LEFT/n008-2018-08-30-15-52-26-0400__CAM_BACK_LEFT__1535659330047405.jpg", "samples/CAM_BACK/n008-2018-08-30-15-52-26-0400__CAM_BACK__1535659330037558.jpg", "samples/CAM_BACK_RIGHT/n008-2018-08-30-15-52-26-0400__CAM_BACK_RIGHT__1535659330028113.jpg"], "intrinsics": [[[1257.8625342125129, 0.0, 827.2410631095686], [0.0, 1257.8625342125129, 450.915498205774], [0.0, 0.0, 1.0]], [[1252.8131021185304, 0.0, 826.588114781398], [0.0, 1252.8131021185304, 469.9846626224581], [0.0, 0.0, 1.0]], [[1256.7485116440405, 0.0, 817.7887570959712], [0.0, 1256.7485116440403, 451.9541780095127], [0.0, 0.0, 1.0]], [[1254.9860565800168, 0.0, 829.5769333630991], [0.0, 1254.9860565800168, 467.1680561863987], [0.0, 0.0, 1.0]], [[796.8910634503094, 0.0, 857.7774326863696], [0.0, 796.8910634503094, 476.8848988407415], [0.0, 0.0, 1.0]], [[1249.9629280788233, 0.0, 825.3768045375984], [0.0, 1249.9629280788233, 462.54816385708756], [0.0, 0.0, 1.0]]], "extrinsics": [[[0.8227218389511108, -0.568425714969635, 0.0045732976868748665, -0.997650146484375], [0.023787302896380424, 0.026388542726635933, -0.9993686676025391, 1.4884529113769531], [0.5679461359977722, 0.8223113417625427, 0.03523174673318863, -1.3297119140625], [0.0, 0.0, 0.0, 1.0]], [[0.010815522633492947, -0.9996996521949768, -0.02198932133615017, 0.0064697265625], [0.025762872770428658, 0.02226189523935318, -0.9994202256202698, 1.480316162109375], [0.9996094703674316, 0.010242713615298271, 0.02599591389298439, -1.7279205322265625], [0.0, 0.0, 0.0, 1.0]], [[-0.843426525592804, -0.5360502004623413, -0.035803187638521194, 1.08648681640625], [0.03380509465932846, 0.013557161204516888, -0.9993364810943604, 1.4932441711425781], [0.5361799597740173, -0.8440772294998169, 0.006686759181320667, -1.27386474609375], [0.0, 0.0, 0.0, 1.0]], [[0.947749674320221, 0.31855282187461853, 0.01715884730219841, -1.14324951171875], [0.008449489250779152, 0.028702186420559883, -0.999552309513092, 1.5620479583740234], [-0.31890273094177246, 0.9474704265594482, 0.024510884657502174, -0.1563720703125], [0.0, 0.0, 0.0, 1.0]], [[0.008856233209371567, 0.9997340440750122, 0.021291345357894897, -0.02923583984375], [0.010573843494057655, 0.02119736187160015, -0.9997193813323975, 1.5680789947509766], [-0.9999048709869385, 0.00907884445041418, -0.01038330513983965, 0.04183197021484375], [0.0, 0.0, 0.0, 1.0]], [[-0.923649787902832, 0.38297367095947266, -0.014216696843504906, 1.1566162109375], [0.01476276945322752, -0.0015131671680137515, -0.9998899102210999, 1.547873854637146], [-0.3829529583454132, -0.9237579703330994, -0.004256115294992924, -0.04461669921875], [0.0, 0.0, 0.0, 1.0]]], "view": [[0.0, -2.0, 100.0], [-2.0, 0.0, 100.0], [0.0, 0.0, 1.0]], "bev": "bev_f9996561781046e9a49e9ce17876693b.png", "aux": "aux_f9996561781046e9a49e9ce17876693b.npz", "visibility": "visibility_f9996561781046e9a49e9ce17876693b.png", "pose": [[0.9156432747840881, 0.40199172496795654, 0.0, 420.2373352050781], [-0.40199172496795654, 0.9156432747840881, 0.0, 825.446044921875], [0.0, 0.0, 1.0, 0.0], [0.0, 0.0, 0.0, 1.0]], "pose_inverse": [[0.9156432747840881, -0.40199172496795654, 0.0, -52.965023040771484], [0.40199172496795654, 0.9156432747840881, 0.0, -924.74609375], [0.0, 0.0, 1.0, 0.0], [0.0, 0.0, 0.0, 1.0]], "cam_ids": [0, 1, 2, 3, 4, 5], "cam_channels": ["CAM_FRONT_LEFT", "CAM_FRONT", "CAM_FRONT_RIGHT", "CAM_BACK_LEFT", "CAM_BACK", "CAM_BACK_RIGHT"], "token": "f9996561781046e9a49e9ce17876693b", "scene": "scene-0539"}, {"images": ["samples/CAM_FRONT_LEFT/n008-2018-08-30-15-52-26-0400__CAM_FRONT_LEFT__1535659330504799.jpg", "samples/CAM_FRONT/n008-2018-08-30-15-52-26-0400__CAM_FRONT__1535659330512404.jpg", "samples/CAM_FRONT_RIGHT/n008-2018-08-30-15-52-26-0400__CAM_FRONT_RIGHT__1535659330520482.jpg", "samples/CAM_BACK_LEFT/n008-2018-08-30-15-52-26-0400__CAM_BACK_LEFT__1535659330547405.jpg", "samples/CAM_BACK/n008-2018-08-30-15-52-26-0400__CAM_BACK__1535659330537558.jpg", "samples/CAM_BACK_RIGHT/n008-2018-08-30-15-52-26-0400__CAM_BACK_RIGHT__1535659330528113.jpg"], "intrinsics": [[[1257.8625342125129, 0.0, 827.2410631095686], [0.0, 1257.8625342125129, 450.915498205774], [0.0, 0.0, 1.0]], [[1252.8131021185304, 0.0, 826.588114781398], [0.0, 1252.8131021185304, 469.9846626224581], [0.0, 0.0, 1.0]], [[1256.7485116440405, 0.0, 817.7887570959712], [0.0, 1256.7485116440403, 451.9541780095127], [0.0, 0.0, 1.0]], [[1254.9860565800168, 0.0, 829.5769333630991], [0.0, 1254.9860565800168, 467.1680561863987], [0.0, 0.0, 1.0]], [[796.8910634503094, 0.0, 857.7774326863696], [0.0, 796.8910634503094, 476.8848988407415], [0.0, 0.0, 1.0]], [[1249.9629280788233, 0.0, 825.3768045375984], [0.0, 1249.9629280788233, 462.54816385708756], [0.0, 0.0, 1.0]]], "extrinsics": [[[0.8226709365844727, -0.5684795379638672, 0.006597734056413174, -0.99884033203125], [0.026104385033249855, 0.026178771629929543, -0.9993163347244263, 1.4884471893310547], [0.5679181814193726, 0.8222808241844177, 0.03637632355093956, -1.33026123046875], [0.0, 0.0, 0.0, 1.0]], [[0.010813183151185513, -0.9997047185897827, -0.021756645292043686, 0.00634765625], [0.028183432295918465, 0.022053971886634827, -0.9993594288825989, 1.480306625366211], [0.9995442628860474, 0.01019306294620037, 0.028413590043783188, -1.7290725708007812], [0.0, 0.0, 0.0, 1.0]], [[-0.8433563709259033, -0.5360214114189148, -0.037828247994184494, 1.0872802734375], [0.03633512929081917, 0.0133510148152709, -0.9992504715919495, 1.4932260513305664], [0.5361247658729553, -0.8440988063812256, 0.008216744288802147, -1.27459716796875], [0.0, 0.0, 0.0, 1.0]], [[0.947698175907135, 0.3185460865497589, 0.019915012642741203, -1.143463134765625], [0.011420441791415215, 0.028512300923466682, -0.9995282292366028, 1.5620479583740234], [-0.3189636468887329, 0.9474784731864929, 0.023383118212223053, -0.15625], [0.0, 0.0, 0.0, 1.0]], [[0.008821767754852772, 0.9997383952140808, 0.02110353298485279, -0.02911376953125], [0.013367921113967896, 0.020984560251235962, -0.9996904134750366, 1.5680809020996094], [-0.9998717308044434, 0.00910119991749525, -0.013179305009543896, 0.042385101318359375], [0.0, 0.0, 0.0, 1.0]], [[-0.9235955476760864, 0.3830024302005768, -0.01674431934952736, 1.157470703125], [0.017410287633538246, -0.0017276438884437084, -0.9998469352722168, 1.5478708744049072], [-0.3829726278781891, -0.9237456917762756, -0.0050725373439490795, -0.0445556640625], [0.0, 0.0, 0.0, 1.0]]], "view": [[0.0, -2.0, 100.0], [-2.0, 0.0, 100.0], [0.0, 0.0, 1.0]], "bev": "bev_701f5de5b95f46b683d78bed13e34a1a.png", "aux": "aux_701f5de5b95f46b683d78bed13e34a1a.npz", "visibility": "visibility_701f5de5b95f46b683d78bed13e34a1a.png", "pose": [[0.9147350788116455, 0.40405407547950745, 0.0, 420.30596923828125], [-0.40405407547950745, 0.9147350788116455, 0.0, 825.4022216796875], [0.0, 0.0, 1.0, 0.0], [0.0, 0.0, 0.0, 1.0]], "pose_inverse": [[0.9147350788116455, -0.40405407547950745, 0.0, -50.96149444580078], [0.40405407547950745, 0.9147350788116455, 0.0, -924.8507080078125], [0.0, 0.0, 1.0, 0.0], [0.0, 0.0, 0.0, 1.0]], "cam_ids": [0, 1, 2, 3, 4, 5], "cam_channels": ["CAM_FRONT_LEFT", "CAM_FRONT", "CAM_FRONT_RIGHT", "CAM_BACK_LEFT", "CAM_BACK", "CAM_BACK_RIGHT"], "token": "701f5de5b95f46b683d78bed13e34a1a", "scene": "scene-0539"}, {"images": ["samples/CAM_FRONT_LEFT/n008-2018-08-30-15-52-26-0400__CAM_FRONT_LEFT__1535659331004799.jpg", "samples/CAM_FRONT/n008-2018-08-30-15-52-26-0400__CAM_FRONT__1535659331012404.jpg", "samples/CAM_FRONT_RIGHT/n008-2018-08-30-15-52-26-0400__CAM_FRONT_RIGHT__1535659331020482.jpg", "samples/CAM_BACK_LEFT/n008-2018-08-30-15-52-26-0400__CAM_BACK_LEFT__1535659331047405.jpg", "samples/CAM_BACK/n008-2018-08-30-15-52-26-0400__CAM_BACK__1535659331037558.jpg", "samples/CAM_BACK_RIGHT/n008-2018-08-30-15-52-26-0400__CAM_BACK_RIGHT__1535659331028113.jpg"], "intrinsics": [[[1257.8625342125129, 0.0, 827.2410631095686], [0.0, 1257.8625342125129, 450.915498205774], [0.0, 0.0, 1.0]], [[1252.8131021185304, 0.0, 826.588114781398], [0.0, 1252.8131021185304, 469.9846626224581], [0.0, 0.0, 1.0]], [[1256.7485116440405, 0.0, 817.7887570959712], [0.0, 1256.7485116440403, 451.9541780095127], [0.0, 0.0, 1.0]], [[1254.9860565800168, 0.0, 829.5769333630991], [0.0, 1254.9860565800168, 467.1680561863987], [0.0, 0.0, 1.0]], [[796.8910634503094, 0.0, 857.7774326863696], [0.0, 796.8910634503094, 476.8848988407415], [0.0, 0.0, 1.0]], [[1249.9629280788233, 0.0, 825.3768045375984], [0.0, 1249.9629280788233, 462.54816385708756], [0.0, 0.0, 1.0]]], "extrinsics": [[[0.8226117491722107, -0.5685299038887024, 0.009150019846856594, -0.993377685546875], [0.028875786811113358, 0.025698523968458176, -0.9992526173591614, 1.4886817932128906], [0.5678699612617493, 0.8222610950469971, 0.03755665570497513, -1.32586669921875], [0.0, 0.0, 0.0, 1.0]], [[0.010814754292368889, -0.9997156262397766, -0.0212505254894495, 0.0059814453125], [0.030848996713757515, 0.02157522179186344, -0.999291181564331, 1.4805145263671875], [0.9994655847549438, 0.01015153992921114, 0.03107355535030365, -1.7231292724609375], [0.0, 0.0, 0.0, 1.0]], [[-0.8432814478874207, -0.5360019207000732, -0.03972698748111725, 1.0830078125], [0.03888773173093796, 0.012873716652393341, -0.999160647392273, 1.4934263229370117], [0.5360634922981262, -0.844118595123291, 0.009987732395529747, -1.27227783203125], [0.0, 0.0, 0.0, 1.0]], [[0.9476543664932251, 0.31855475902557373, 0.021771270781755447, -1.14312744140625], [0.013535335659980774, 0.028045065701007843, -0.9995149970054626, 1.5620536804199219], [-0.319010853767395, 0.9474893808364868, 0.02226528339087963, -0.1563720703125], [0.0, 0.0, 0.0, 1.0]], [[0.008793589659035206, 0.9997480511665344, 0.020650848746299744, -0.0289306640625], [0.015653511509299278, 0.020511489361524582, -0.9996670484542847, 1.5681209564208984], [-0.9998388290405273, 0.009113929234445095, -0.0154692018404603, 0.040363311767578125], [0.0, 0.0, 0.0, 1.0]], [[-0.9235387444496155, 0.38302507996559143, -0.01917816698551178, 1.154266357421875], [0.019851384684443474, -0.0021952094975858927, -0.9998005032539368, 1.5479482412338257], [-0.3829907178878784, -0.9237353205680847, -0.005576214753091335, -0.046142578125], [0.0, 0.0, 0.0, 1.0]]], "view": [[0.0, -2.0, 100.0], [-2.0, 0.0, 100.0], [0.0, 0.0, 1.0]], "bev": "bev_cbc5df424ab74edb9ecef9533816e26e.png", "aux": "aux_cbc5df424ab74edb9ecef9533816e26e.npz", "visibility": "visibility_cbc5df424ab74edb9ecef9533816e26e.png", "pose": [[0.9134079217910767, 0.4070453941822052, 0.0, 420.3984375], [-0.4070453941822052, 0.9134079217910767, 0.0, 825.3538818359375], [0.0, 0.0, 1.0, 0.0], [0.0, 0.0, 0.0, 1.0]], "pose_inverse": [[0.9134079217910767, -0.4070453941822052, 0.0, -48.03877639770508], [0.4070453941822052, 0.9134079217910767, 0.0, -925.0060424804688], [0.0, 0.0, 1.0, 0.0], [0.0, 0.0, 0.0, 1.0]], "cam_ids": [0, 1, 2, 3, 4, 5], "cam_channels": ["CAM_FRONT_LEFT", "CAM_FRONT", "CAM_FRONT_RIGHT", "CAM_BACK_LEFT", "CAM_BACK", "CAM_BACK_RIGHT"], "token": "cbc5df424ab74edb9ecef9533816e26e", "scene": "scene-0539"}, {"images": ["samples/CAM_FRONT_LEFT/n008-2018-08-30-15-52-26-0400__CAM_FRONT_LEFT__1535659331604799.jpg", "samples/CAM_FRONT/n008-2018-08-30-15-52-26-0400__CAM_FRONT__1535659331612404.jpg", "samples/CAM_FRONT_RIGHT/n008-2018-08-30-15-52-26-0400__CAM_FRONT_RIGHT__1535659331620482.jpg", "samples/CAM_BACK_LEFT/n008-2018-08-30-15-52-26-0400__CAM_BACK_LEFT__1535659331647405.jpg", "samples/CAM_BACK/n008-2018-08-30-15-52-26-0400__CAM_BACK__1535659331637558.jpg", "samples/CAM_BACK_RIGHT/n008-2018-08-30-15-52-26-0400__CAM_BACK_RIGHT__1535659331628113.jpg"], "intrinsics": [[[1257.8625342125129, 0.0, 827.2410631095686], [0.0, 1257.8625342125129, 450.915498205774], [0.0, 0.0, 1.0]], [[1252.8131021185304, 0.0, 826.588114781398], [0.0, 1252.8131021185304, 469.9846626224581], [0.0, 0.0, 1.0]], [[1256.7485116440405, 0.0, 817.7887570959712], [0.0, 1256.7485116440403, 451.9541780095127], [0.0, 0.0, 1.0]], [[1254.9860565800168, 0.0, 829.5769333630991], [0.0, 1254.9860565800168, 467.1680561863987], [0.0, 0.0, 1.0]], [[796.8910634503094, 0.0, 857.7774326863696], [0.0, 796.8910634503094, 476.8848988407415], [0.0, 0.0, 1.0]], [[1249.9629280788233, 0.0, 825.3768045375984], [0.0, 1249.9629280788233, 462.54816385708756], [0.0, 0.0, 1.0]]], "extrinsics": [[[0.8223692178726196, -0.5688765048980713, 0.009409934282302856, -0.978851318359375], [0.02908516861498356, 0.02551671862602234, -0.9992511868476868, 1.4892005920410156], [0.5682103037834167, 0.8220270276069641, 0.03753002732992172, -1.3157958984375], [0.0, 0.0, 0.0, 1.0]], [[0.010468038730323315, -0.9997230172157288, -0.02107502520084381, 0.00616455078125], [0.03105943091213703, 0.021391090005636215, -0.9992886185646057, 1.4809741973876953], [0.9994627237319946, 0.009806067682802677, 0.03127475455403328, -1.7082710266113281], [0.0, 0.0, 0.0, 1.0]], [[-0.8434203267097473, -0.5357774496078491, -0.03980708494782448, 1.07318115234375], [0.039098720997571945, 0.012685826048254967, -0.999154806137085, 1.4938859939575195], [0.5358296036720276, -0.8442639708518982, 0.010248729959130287, -1.2659912109375], [0.0, 0.0, 0.0, 1.0]], [[0.947658360004425, 0.3185325264930725, 0.02192222699522972, -1.14202880859375], [0.013766402378678322, 0.02783328853547573, -0.9995177984237671, 1.56207275390625], [-0.3189891278743744, 0.9475032091140747, 0.02199140377342701, -0.15673828125], [0.0, 0.0, 0.0, 1.0]], [[0.008906600065529346, 0.9997510313987732, 0.020459884777665138, -0.0289306640625], [0.015870226547122, 0.020316792652010918, -0.9996675848960876, 1.5682029724121094], [-0.999834418296814, 0.009228391572833061, -0.015685323625802994, 0.035335540771484375], [0.0, 0.0, 0.0, 1.0]], [[-0.9234567284584045, 0.3832099139690399, -0.019438324496150017, 1.146148681640625], [0.020057231187820435, -0.0023808700498193502, -0.9997959733009338, 1.5481257438659668], [-0.3831779956817627, -0.9236581325531006, -0.005487499758601189, -0.0494384765625], [0.0, 0.0, 0.0, 1.0]]], "view": [[0.0, -2.0, 100.0], [-2.0, 0.0, 100.0], [0.0, 0.0, 1.0]], "bev": "bev_134555c482b54700b4632391bc006c7e.png", "aux": "aux_134555c482b54700b4632391bc006c7e.npz", "visibility": "visibility_134555c482b54700b4632391bc006c7e.png", "pose": [[0.913252055644989, 0.40739497542381287, 0.0, 420.67364501953125], [-0.40739497542381287, 0.913252055644989, 0.0, 825.224609375], [0.0, 0.0, 1.0, 0.0], [0.0, 0.0, 0.0, 1.0]], "pose_inverse": [[0.913252055644989, -0.40739497542381287, 0.0, -47.98872375488281], [0.40739497542381287, 0.913252055644989, 0.0, -925.0184326171875], [0.0, 0.0, 1.0, 0.0], [0.0, 0.0, 0.0, 1.0]], "cam_ids": [0, 1, 2, 3, 4, 5], "cam_channels": ["CAM_FRONT_LEFT", "CAM_FRONT", "CAM_FRONT_RIGHT", "CAM_BACK_LEFT", "CAM_BACK", "CAM_BACK_RIGHT"], "token": "134555c482b54700b4632391bc006c7e", "scene": "scene-0539"}, {"images": ["samples/CAM_FRONT_LEFT/n008-2018-08-30-15-52-26-0400__CAM_FRONT_LEFT__1535659332104799.jpg", "samples/CAM_FRONT/n008-2018-08-30-15-52-26-0400__CAM_FRONT__1535659332112404.jpg", "samples/CAM_FRONT_RIGHT/n008-2018-08-30-15-52-26-0400__CAM_FRONT_RIGHT__1535659332120482.jpg", "samples/CAM_BACK_LEFT/n008-2018-08-30-15-52-26-0400__CAM_BACK_LEFT__1535659332147405.jpg", "samples/CAM_BACK/n008-2018-08-30-15-52-26-0400__CAM_BACK__1535659332137558.jpg", "samples/CAM_BACK_RIGHT/n008-2018-08-30-15-52-26-0400__CAM_BACK_RIGHT__1535659332128113.jpg"], "intrinsics": [[[1257.8625342125129, 0.0, 827.2410631095686], [0.0, 1257.8625342125129, 450.915498205774], [0.0, 0.0, 1.0]], [[1252.8131021185304, 0.0, 826.588114781398], [0.0, 1252.8131021185304, 469.9846626224581], [0.0, 0.0, 1.0]], [[1256.7485116440405, 0.0, 817.7887570959712], [0.0, 1256.7485116440403, 451.9541780095127], [0.0, 0.0, 1.0]], [[1254.9860565800168, 0.0, 829.5769333630991], [0.0, 1254.9860565800168, 467.1680561863987], [0.0, 0.0, 1.0]], [[796.8910634503094, 0.0, 857.7774326863696], [0.0, 796.8910634503094, 476.8848988407415], [0.0, 0.0, 1.0]], [[1249.9629280788233, 0.0, 825.3768045375984], [0.0, 1249.9629280788233, 462.54816385708756], [0.0, 0.0, 1.0]]], "extrinsics": [[[0.8219383358955383, -0.5694880485534668, 0.010033794678747654, -0.958251953125], [0.030199643224477768, 0.025981957092881203, -0.9992061257362366, 1.4899654388427734], [0.5687754154205322, 0.821588933467865, 0.03855390474200249, -1.3021240234375], [0.0, 0.0, 0.0, 1.0]], [[0.009879035875201225, -0.9997182488441467, -0.021578913554549217, 0.0067138671875], [0.03216303884983063, 0.02188648283481598, -0.9992429614067078, 1.4816474914550781], [0.9994338154792786, 0.009177474305033684, 0.0323701947927475, -1.6881446838378906], [0.0, 0.0, 0.0, 1.0]], [[-0.8436329364776611, -0.535351574420929, -0.041014477610588074, 1.0601806640625], [0.04018964618444443, 0.01321085263043642, -0.9991047382354736, 1.494527816772461], [0.5354140996932983, -0.8445261120796204, 0.010370476171374321, -1.257568359375], [0.0, 0.0, 0.0, 1.0]], [[0.9476448893547058, 0.31848981976509094, 0.0230946596711874, -1.141815185546875], [0.014796199277043343, 0.028450636193156242, -0.9994856715202332, 1.5620765686035156], [-0.3189831078052521, 0.9474992156028748, 0.022248661145567894, -0.1568603515625], [0.0, 0.0, 0.0, 1.0]], [[0.00907612033188343, 0.9997369647026062, 0.021063175052404404, -0.029052734375], [0.01693221926689148, 0.020907372236