[{"images": ["samples/CAM_FRONT_LEFT/n015-2018-09-25-13-17-43+0800__CAM_FRONT_LEFT__1537852859254844.jpg", "samples/CAM_FRONT/n015-2018-09-25-13-17-43+0800__CAM_FRONT__1537852859262460.jpg", "samples/CAM_FRONT_RIGHT/n015-2018-09-25-13-17-43+0800__CAM_FRONT_RIGHT__1537852859270339.jpg", "samples/CAM_BACK_LEFT/n015-2018-09-25-13-17-43+0800__CAM_BACK_LEFT__1537852859297423.jpg", "samples/CAM_BACK/n015-2018-09-25-13-17-43+0800__CAM_BACK__1537852859287525.jpg", "samples/CAM_BACK_RIGHT/n015-2018-09-25-13-17-43+0800__CAM_BACK_RIGHT__1537852859277893.jpg"], "intrinsics": [[[1272.5979470598488, 0.0, 826.6154927353808], [0.0, 1272.5979470598488, 479.75165386361925], [0.0, 0.0, 1.0]], [[1266.417203046554, 0.0, 816.2670197447984], [0.0, 1266.417203046554, 491.50706579294757], [0.0, 0.0, 1.0]], [[1260.8474446004698, 0.0, 807.968244525554], [0.0, 1260.8474446004698, 495.3344268742088], [0.0, 0.0, 1.0]], [[1256.7414812095406, 0.0, 792.1125740759628], [0.0, 1256.7414812095406, 492.7757465151356], [0.0, 0.0, 1.0]], [[809.2209905677063, 0.0, 829.2196003259838], [0.0, 809.2209905677063, 481.77842384512485], [0.0, 0.0, 1.0]], [[1259.5137405846733, 0.0, 807.2529053838625], [0.0, 1259.5137405846733, 501.19579884916527], [0.0, 0.0, 1.0]]], "extrinsics": [[[0.8212829232215881, -0.567909300327301, -0.05452750250697136, -0.80322265625], [-0.027323240414261818, 0.05631263926625252, -0.9980392456054688, 1.5028533935546875], [0.5698662996292114, 0.8211624622344971, 0.03073149360716343, -1.16839599609375], [0.0, 0.0, 0.0, 1.0]], [[0.0068336594849824905, -0.9985904097557068, -0.052634865045547485, 0.0064697265625], [-0.032616447657346725, 0.05238550528883934, -0.9980941414833069, 1.5152587890625], [0.9994444847106934, 0.008537394925951958, -0.03221248462796211, -1.5312576293945312], [0.0, 0.0, 0.0, 1.0]], [[-0.8324986696243286, -0.5537903308868408, -0.016192467883229256, 0.928955078125], [-0.02695632539689541, 0.06968037039041519, -0.9972050786018372, 1.5002822875976562], [0.5533707737922668, -0.8297354578971863, -0.07293697446584702, -1.17974853515625], [0.0, 0.0, 0.0, 1.0]], [[0.9478518962860107, 0.31868207454681396, -0.004303256049752235, -1.144195556640625], [-0.017879869788885117, 0.03968936949968338, -0.9990520477294922, 1.5885963439941406], [-0.3182092607021332, 0.9470303058624268, 0.04331763833761215, -0.1029052734375], [0.0, 0.0, 0.0, 1.0]], [[0.0027005935553461313, 0.9987716674804688, 0.049476586282253265, 0.00286865234375], [-0.04343477264046669, 0.049547228962183, -0.997826874256134, 1.5774497985839844], [-0.9990525841712952, 0.000545827962923795, 0.04351522773504257, -0.042022705078125], [0.0, 0.0, 0.0, 1.0]], [[-0.9348025918006897, 0.3536100387573242, 0.03322703391313553, 1.052886962890625], [-0.010968748480081558, 0.06476528942584991, -0.9978402256965637, 1.5504684448242188], [-0.35499823093414307, -0.9331481456756592, -0.056664109230041504, -0.0950927734375], [0.0, 0.0, 0.0, 1.0]]], "view": [[0.0, -2.0, 100.0], [-2.0, 0.0, 100.0], [0.0, 0.0, 1.0]], "bev": "bev_b5cbf927fe0d47c39a9c1d1b05279c55.png", "aux": "aux_b5cbf927fe0d47c39a9c1d1b05279c55.npz", "visibility": "visibility_b5cbf927fe0d47c39a9c1d1b05279c55.png", "pose": [[-0.8253251910209656, -0.5646576881408691, 0.0, 611.9020385742188], [0.5646576881408691, -0.8253251910209656, 0.0, 811.0137939453125], [0.0, 0.0, 1.0, 0.0], [0.0, 0.0, 0.0, 1.0]], "pose_inverse": [[-0.8253251910209656, 0.5646576881408691, 0.0, 47.07297134399414], [-0.5646576881408691, -0.8253251910209656, 0.0, 1014.8652954101562], [0.0, 0.0, 1.0, 0.0], [0.0, 0.0, 0.0, 1.0]], "cam_ids": [0, 1, 2, 3, 4, 5], "cam_channels": ["CAM_FRONT_LEFT", "CAM_FRONT", "CAM_FRONT_RIGHT", "CAM_BACK_LEFT", "CAM_BACK", "CAM_BACK_RIGHT"], "token": "b5cbf927fe0d47c39a9c1d1b05279c55", "scene": "scene-0966"}, {"images": ["samples/CAM_FRONT_LEFT/n015-2018-09-25-13-17-43+0800__CAM_FRONT_LEFT__1537852859754844.jpg", "samples/CAM_FRONT/n015-2018-09-25-13-17-43+0800__CAM_FRONT__1537852859762460.jpg", "samples/CAM_FRONT_RIGHT/n015-2018-09-25-13-17-43+0800__CAM_FRONT_RIGHT__1537852859770339.jpg", "samples/CAM_BACK_LEFT/n015-2018-09-25-13-17-43+0800__CAM_BACK_LEFT__1537852859797423.jpg", "samples/CAM_BACK/n015-2018-09-25-13-17-43+0800__CAM_BACK__1537852859787525.jpg", "samples/CAM_BACK_RIGHT/n015-2018-09-25-13-17-43+0800__CAM_BACK_RIGHT__1537852859777893.jpg"], "intrinsics": [[[1272.5979470598488, 0.0, 826.6154927353808], [0.0, 1272.5979470598488, 479.75165386361925], [0.0, 0.0, 1.0]], [[1266.417203046554, 0.0, 816.2670197447984], [0.0, 1266.417203046554, 491.50706579294757], [0.0, 0.0, 1.0]], [[1260.8474446004698, 0.0, 807.968244525554], [0.0, 1260.8474446004698, 495.3344268742088], [0.0, 0.0, 1.0]], [[1256.7414812095406, 0.0, 792.1125740759628], [0.0, 1256.7414812095406, 492.7757465151356], [0.0, 0.0, 1.0]], [[809.2209905677063, 0.0, 829.2196003259838], [0.0, 809.2209905677063, 481.77842384512485], [0.0, 0.0, 1.0]], [[1259.5137405846733, 0.0, 807.2529053838625], [0.0, 1259.5137405846733, 501.19579884916527], [0.0, 0.0, 1.0]]], "extrinsics": [[[0.8219331502914429, -0.5672935247421265, -0.051028791815042496, -0.8172607421875], [-0.022771388292312622, 0.056790050119161606, -0.9981264472007751, 1.5041160583496094], [0.5691285729408264, 0.8215552568435669, 0.03375956788659096, -1.17913818359375], [0.0, 0.0, 0.0, 1.0]], [[0.0075599029660224915, -0.9985688924789429, -0.052942290902137756, 0.0069580078125], [-0.028039222583174706, 0.052711304277181625, -0.9982160925865173, 1.5163841247558594], [0.9995782375335693, 0.009030926041305065, -0.02760060504078865, -1.546107292175293], [0.0, 0.0, 0.0, 1.0]], [[-0.8322600722312927, -0.5540204644203186, -0.020112870261073112, 0.93890380859375], [-0.02242446504533291, 0.06989201158285141, -0.9973024725914001, 1.5010757446289062], [0.5539316534996033, -0.8295640349388123, -0.07059194147586823, -1.18585205078125], [0.0, 0.0, 0.0, 1.0]], [[0.9479374885559082, 0.31845623254776, -0.00047491121222265065, -1.14453125], [-0.013778126798570156, 0.03952287510037422, -0.9991236329078674, 1.588592529296875], [-0.31815844774246216, 0.9471133351325989, 0.04185293987393379, -0.102783203125], [0.0, 0.0, 0.0, 1.0]], [[0.002554809208959341, 0.9987725019454956, 0.04946772754192352, 0.00262451171875], [-0.03916572034358978, 0.049529869109392166, -0.9980044364929199, 1.5778045654296875], [-0.9992294907569885, 0.0006122249760665, 0.03924418240785599, -0.03744173049926758], [0.0, 0.0, 0.0, 1.0]], [[-0.9349863529205322, 0.3534868359565735, 0.029114510864019394, 1.060821533203125], [-0.006538147106766701, 0.06489475071430206, -0.9978707432746887, 1.5508956909179688], [-0.35462358593940735, -0.933185875415802, -0.05836455523967743, -0.09173583984375], [0.0, 0.0, 0.0, 1.0]]], "view": [[0.0, -2.0, 100.0], [-2.0, 0.0, 100.0], [0.0, 0.0, 1.0]], "bev": "bev_4b441f70360f4c09a148684797a3c892.png", "aux": "aux_4b441f70360f4c09a148684797a3c892.npz", "visibility": "visibility_4b441f70360f4c09a148684797a3c892.png", "pose": [[-0.8038973808288574, -0.5947680473327637, 0.0, 610.082763671875], [0.5947680473327637, -0.8038973808288574, 0.0, 812.3232421875], [0.0, 0.0, 1.0, 0.0], [0.0, 0.0, 0.0, 1.0]], "pose_inverse": [[-0.8038973808288574, 0.5947680473327637, 0.0, 7.300002574920654], [-0.5947680473327637, -0.8038973808288574, 0.0, 1015.8822631835938], [0.0, 0.0, 1.0, 0.0], [0.0, 0.0, 0.0, 1.0]], "cam_ids": [0, 1, 2, 3, 4, 5], "cam_channels": ["CAM_FRONT_LEFT", "CAM_FRONT", "CAM_FRONT_RIGHT", "CAM_BACK_LEFT", "CAM_BACK", "CAM_BACK_RIGHT"], "token": "4b441f70360f4c09a148684797a3c892", "scene": "scene-0966"}, {"images": ["samples/CAM_FRONT_LEFT/n015-2018-09-25-13-17-43+0800__CAM_FRONT_LEFT__1537852860154844.jpg", "samples/CAM_FRONT/n015-2018-09-25-13-17-43+0800__CAM_FRONT__1537852860162460.jpg", "samples/CAM_FRONT_RIGHT/n015-2018-09-25-13-17-43+0800__CAM_FRONT_RIGHT__1537852860170339.jpg", "samples/CAM_BACK_LEFT/n015-2018-09-25-13-17-43+0800__CAM_BACK_LEFT__1537852860197423.jpg", "samples/CAM_BACK/n015-2018-09-25-13-17-43+0800__CAM_BACK__1537852860187525.jpg", "samples/CAM_BACK_RIGHT/n015-2018-09-25-13-17-43+0800__CAM_BACK_RIGHT__1537852860177893.jpg"], "intrinsics": [[[1272.5979470598488, 0.0, 826.6154927353808], [0.0, 1272.5979470598488, 479.75165386361925], [0.0, 0.0, 1.0]], [[1266.417203046554, 0.0, 816.2670197447984], [0.0, 1266.417203046554, 491.50706579294757], [0.0, 0.0, 1.0]], [[1260.8474446004698, 0.0, 807.968244525554], [0.0, 1260.8474446004698, 495.3344268742088], [0.0, 0.0, 1.0]], [[1256.7414812095406, 0.0, 792.1125740759628], [0.0, 1256.7414812095406, 492.7757465151356], [0.0, 0.0, 1.0]], [[809.2209905677063, 0.0, 829.2196003259838], [0.0, 809.2209905677063, 481.77842384512485], [0.0, 0.0, 1.0]], [[1259.5137405846733, 0.0, 807.2529053838625], [0.0, 1259.5137405846733, 501.19579884916527], [0.0, 0.0, 1.0]]], "extrinsics": [[[0.8217906951904297, -0.5673419237136841, -0.05275533348321915, -0.822021484375], [-0.02443244494497776, 0.05741541460156441, -0.9980514049530029, 1.5039405822753906], [0.5692653059959412, 0.8214782476425171, 0.03332190588116646, -1.182861328125], [0.0, 0.0, 0.0, 1.0]], [[0.007497728336602449, -0.9985345005989075, -0.05359659343957901, 0.00732421875], [-0.029665594920516014, 0.05335239693522453, -0.998134970664978, 1.5162620544433594], [0.9995316863059998, 0.009073692373931408, -0.029222099110484123, -1.550461769104004], [0.0, 0.0, 0.0, 1.0]], [[-0.8322461247444153, -0.5540745854377747, -0.019175224006175995, 0.9415283203125], [-0.024002332240343094, 0.07056402415037155, -0.9972184300422668, 1.500946044921875], [0.5538864731788635, -0.8294709324836731, -0.07202572375535965, -1.1871337890625], [0.0, 0.0, 0.0, 1.0]], [[0.9479387998580933, 0.31844907999038696, -0.0014776599127799273, -1.143218994140625], [-0.015116884373128414, 0.04036310687661171, -0.9990707039833069, 1.5885734558105469], [-0.318093478679657, 0.9470801949501038, 0.04307571426033974, -0.10321044921875], [0.0, 0.0, 0.0, 1.0]], [[0.002590702846646309, 0.9987345933914185, 0.0502253957092762, 0.0025634765625], [-0.040597911924123764, 0.050289202481508255, -0.9979091882705688, 1.5777473449707031], [-0.9991722106933594, 0.0005462743574753404, 0.040676817297935486, -0.03737068176269531], [0.0, 0.0, 0.0, 1.0]], [[-0.9349629282951355, 0.35340702533721924, 0.03078225627541542, 1.062408447265625], [-0.008051957003772259, 0.0656089037656784, -0.9978129267692566, 1.5507736206054688], [-0.3546537756919861, -0.9331660866737366, -0.058496274054050446, -0.09088134765625], [0.0, 0.0, 0.0, 1.0]]], "view": [[0.0, -2.0, 100.0], [-2.0, 0.0, 100.0], [0.0, 0.0, 1.0]], "bev": "bev_5bdc6f6d074b4749a5dae9ed57f0eba7.png", "aux": "aux_5bdc6f6d074b4749a5dae9ed57f0eba7.npz", "visibility": "visibility_5bdc6f6d074b4749a5dae9ed57f0eba7.png", "pose": [[-0.7856641411781311, -0.6186532378196716, 0.0, 608.7615966796875], [0.6186532378196716, -0.7856641411781311, 0.0, 813.3474731445312], [0.0, 0.0, 1.0, 0.0], [0.0, 0.0, 0.0, 1.0]], "pose_inverse": [[-0.7856641411781311, 0.6186532378196716, 0.0, -24.897907257080078], [-0.6186532378196716, -0.7856641411781311, 0.0, 1015.6303100585938], [0.0, 0.0, 1.0, 0.0], [0.0, 0.0, 0.0, 1.0]], "cam_ids": [0, 1, 2, 3, 4, 5], "cam_channels": ["CAM_FRONT_LEFT", "CAM_FRONT", "CAM_FRONT_RIGHT", "CAM_BACK_LEFT", "CAM_BACK", "CAM_BACK_RIGHT"], "token": "5bdc6f6d074b4749a5dae9ed57f0eba7", "scene": "scene-0966"}, {"images": ["samples/CAM_FRONT_LEFT/n015-2018-09-25-13-17-43+0800__CAM_FRONT_LEFT__1537852860654844.jpg", "samples/CAM_FRONT/n015-2018-09-25-13-17-43+0800__CAM_FRONT__1537852860662460.jpg", "samples/CAM_FRONT_RIGHT/n015-2018-09-25-13-17-43+0800__CAM_FRONT_RIGHT__1537852860670339.jpg", "samples/CAM_BACK_LEFT/n015-2018-09-25-13-17-43+0800__CAM_BACK_LEFT__1537852860697423.jpg", "samples/CAM_BACK/n015-2018-09-25-13-17-43+0800__CAM_BACK__1537852860687525.jpg", "samples/CAM_BACK_RIGHT/n015-2018-09-25-13-17-43+0800__CAM_BACK_RIGHT__1537852860678655.jpg"], "intrinsics": [[[1272.5979470598488, 0.0, 826.6154927353808], [0.0, 1272.5979470598488, 479.75165386361925], [0.0, 0.0, 1.0]], [[1266.417203046554, 0.0, 816.2670197447984], [0.0, 1266.417203046554, 491.50706579294757], [0.0, 0.0, 1.0]], [[1260.8474446004698, 0.0, 807.968244525554], [0.0, 1260.8474446004698, 495.3344268742088], [0.0, 0.0, 1.0]], [[1256.7414812095406, 0.0, 792.1125740759628], [0.0, 1256.7414812095406, 492.7757465151356], [0.0, 0.0, 1.0]], [[809.2209905677063, 0.0, 829.2196003259838], [0.0, 809.2209905677063, 481.77842384512485], [0.0, 0.0, 1.0]], [[1259.5137405846733, 0.0, 807.2529053838625], [0.0, 1259.5137405846733, 501.19579884916527], [0.0, 0.0, 1.0]]], "extrinsics": [[[0.8214990496635437, -0.5680151581764221, -0.0499800443649292, -0.83648681640625], [-0.021653233096003532, 0.056513138115406036, -0.9981669783592224, 1.5048179626464844], [0.5697985291481018, 0.8210755586624146, 0.034126125276088715, -1.1925048828125], [0.0, 0.0, 0.0, 1.0]], [[0.006925039924681187, -0.9985917210578918, -0.05259723588824272, 0.0068359375], [-0.026955582201480865, 0.052392974495887756, -0.9982627034187317, 1.51702880859375], [0.99961256980896, 0.00833078008145094, -0.026554802432656288, -1.5641212463378906], [0.0, 0.0, 0.0, 1.0]], [[-0.8325320482254028, -0.5535879731178284, -0.020755711942911148, 0.949554443359375], [-0.021368306130170822, 0.06952919811010361, -0.9973509907722473, 1.50146484375], [0.5535646677017212, -0.8298831582069397, -0.06971452385187149, -1.1927490234375], [0.0, 0.0, 0.0, 1.0]], [[0.9479379653930664, 0.3184550404548645, 0.0002310039708390832, -1.140655517578125], [-0.01285586692392826, 0.038992542773485184, -0.9991567730903625, 1.5885276794433594], [-0.3181955814361572, 0.9471356868743896, 0.04105652496218681, -0.10443115234375], [0.0, 0.0, 0.0, 1.0]], [[0.002708699321374297, 0.9987962245941162, 0.04897847771644592, 0.0025634765625], [-0.03820822387933731, 0.049046263098716736, -0.9980654120445251, 1.5778923034667969], [-0.9992660284042358, 0.000832093064673245, 0.03829507902264595, -0.036060333251953125], [0.0, 0.0, 0.0, 1.0]], [[-0.9348610043525696, 0.3539046049118042, 0.02804451808333397, 1.070587158203125], [-0.005528334993869066, 0.06447364389896393, -0.9979041218757629, 1.5510330200195312], [-0.35497093200683594, -0.933056652545929, -0.0583173893392086, -0.0880126953125], [0.0, 0.0, 0.0, 1.0]]], "view": [[0.0, -2.0, 100.0], [-2.0, 0.0, 100.0], [0.0, 0.0, 1.0]], "bev": "bev_093cfa9fb2a04b5d8193cd406e096419.png", "aux": "aux_093cfa9fb2a04b5d8193cd406e096419.npz", "visibility": "visibility_093cfa9fb2a04b5d8193cd406e096419.png", "pose": [[-0.7638275027275085, -0.6454204320907593, 0.0, 607.2972412109375], [0.6454204320907593, -0.7638275027275085, 0.0, 814.566162109375], [0.0, 0.0, 1.0, 0.0], [0.0, 0.0, 0.0, 1.0]], "pose_inverse": [[-0.7638275027275085, 0.6454204320907593, 0.0, -61.867286682128906], [-0.6454204320907593, -0.7638275027275085, 0.0, 1014.1500854492188], [0.0, 0.0, 1.0, 0.0], [0.0, 0.0, 0.0, 1.0]], "cam_ids": [0, 1, 2, 3, 4, 5], "cam_channels": ["CAM_FRONT_LEFT", "CAM_FRONT", "CAM_FRONT_RIGHT", "CAM_BACK_LEFT", "CAM_BACK", "CAM_BACK_RIGHT"], "token": "093cfa9fb2a04b5d8193cd406e096419", "scene": "scene-0966"}, {"images": ["samples/CAM_FRONT_LEFT/n015-2018-09-25-13-17-43+0800__CAM_FRONT_LEFT__1537852861104844.jpg", "samples/CAM_FRONT/n015-2018-09-25-13-17-43+0800__CAM_FRONT__1537852861112460.jpg", "samples/CAM_FRONT_RIGHT/n015-2018-09-25-13-17-43+0800__CAM_FRONT_RIGHT__1537852861120339.jpg", "samples/CAM_BACK_LEFT/n015-2018-09-25-13-17-43+0800__CAM_BACK_LEFT__1537852861147423.jpg", "samples/CAM_BACK/n015-2018-09-25-13-17-43+0800__CAM_BACK__1537852861137525.jpg", "samples/CAM_BACK_RIGHT/n015-2018-09-25-13-17-43+0800__CAM_BACK_RIGHT__1537852861127893.jpg"], "intrinsics": [[[1272.5979470598488, 0.0, 826.6154927353808], [0.0, 1272.5979470598488, 479.75165386361925], [0.0, 0.0, 1.0]], [[1266.417203046554, 0.0, 816.2670197447984], [0.0, 1266.417203046554, 491.50706579294757], [0.0, 0.0, 1.0]], [[1260.8474446004698, 0.0, 807.968244525554], [0.0, 1260.8474446004698, 495.3344268742088], [0.0, 0.0, 1.0]], [[1256.7414812095406, 0.0, 792.1125740759628], [0.0, 1256.7414812095406, 492.7757465151356], [0.0, 0.0, 1.0]], [[809.2209905677063, 0.0, 829.2196003259838], [0.0, 809.2209905677063, 481.77842384512485], [0.0, 0.0, 1.0]], [[1259.5137405846733, 0.0, 807.2529053838625], [0.0, 1259.5137405846733, 501.19579884916527], [0.0, 0.0, 1.0]]], "extrinsics": [[[0.8207473754882812, -0.5691241025924683, -0.04971320182085037, -0.8428955078125], [-0.02096913382411003, 0.05694928765296936, -0.9981568455696106, 1.50506591796875], [0.5709061622619629, 0.8202770948410034, 0.03480694442987442, -1.19708251953125], [0.0, 0.0, 0.0, 1.0]], [[0.005771381314843893, -0.9985657930374146, -0.053225886076688766, 0.007080078125], [-0.026188747957348824, 0.053057584911584854, -0.9982479810714722, 1.5172958374023438], [0.9996403455734253, 0.0071551501750946045, -0.02584497258067131, -1.5710601806640625], [0.0, 0.0, 0.0, 1.0]], [[-0.833064615726471, -0.5527410507202148, -0.02192031778395176, 0.954620361328125], [-0.020481837913393974, 0.07041993737220764, -0.9973071217536926, 1.50164794921875], [0.5527961850166321, -0.8303723931312561, -0.06998550891876221, -1.19598388671875], [0.0, 0.0, 0.0, 1.0]], [[0.9479919075965881, 0.318287193775177, 0.0021063361782580614, -1.1396636962890625], [-0.011446313001215458, 0.04070369154214859, -0.99910569190979, 1.5885200500488281], [-0.31808820366859436, 0.9471200704574585, 0.04222998768091202, -0.1046142578125], [0.0, 0.0, 0.0, 1.0]], [[0.0031369223725050688, 0.9987257719039917, 0.05036896467208862, 0.00250244140625], [-0.03702536225318909, 0.05045067146420479, -0.9980400204658508, 1.5780143737792969], [-0.9993093609809875, 0.0012658888008445501, 0.037136442959308624, -0.0338897705078125], [0.0, 0.0, 0.0, 1.0]], [[-0.934624195098877, 0.3545697331428528, 0.02752954699099064, 1.072479248046875], [-0.004519381560385227, 0.0655614510178566, -0.9978383183479309, 1.5510940551757812], [-0.35560813546180725, -0.9327282905578613, -0.05967288464307785, -0.0870361328125], [0.0, 0.0, 0.0, 1.0]]], "view": [[0.0, -2.0, 100.0], [-2.0, 0.0, 100.0], [0.0, 0.0, 1.0]], "bev": "bev_70fef2d1874f4a4197bcc6ce86fe9845.png", "aux": "aux_70fef2d1874f4a4197bcc6ce86fe9845.npz", "visibility": "visibility_70fef2d1874f4a4197bcc6ce86fe9845.png", "pose": [[-0.7483472228050232, -0.6633071899414062, 0.0, 606.1036376953125], [0.6633071899414062, -0.7483472228050232, 0.0, 815.6184692382812], [0.0, 0.0, 1.0, 0.0], [0.0, 0.0, 0.0, 1.0]], "pose_inverse": [[-0.7483472228050232, 0.6633071899414062, 0.0, -87.4295883178711], [-0.6633071899414062, -0.7483472228050232, 0.0, 1012.3987426757812], [0.0, 0.0, 1.0, 0.0], [0.0, 0.0, 0.0, 1.0]], "cam_ids": [0, 1, 2, 3, 4, 5], "cam_channels": ["CAM_FRONT_LEFT", "CAM_FRONT", "CAM_FRONT_RIGHT", "CAM_BACK_LEFT", "CAM_BACK", "CAM_BACK_RIGHT"], "token": "70fef2d1874f4a4197bcc6ce86fe9845", "scene": "scene-0966"}, {"images": ["samples/CAM_FRONT_LEFT/n015-2018-09-25-13-17-43+0800__CAM_FRONT_LEFT__1537852861604844.jpg", "samples/CAM_FRONT/n015-2018-09-25-13-17-43+0800__CAM_FRONT__1537852861612460.jpg", "samples/CAM_FRONT_RIGHT/n015-2018-09-25-13-17-43+0800__CAM_FRONT_RIGHT__1537852861620339.jpg", "samples/CAM_BACK_LEFT/n015-2018-09-25-13-17-43+0800__CAM_BACK_LEFT__1537852861647423.jpg", "samples/CAM_BACK/n015-2018-09-25-13-17-43+0800__CAM_BACK__1537852861638719.jpg", "samples/CAM_BACK_RIGHT/n015-2018-09-25-13-17-43+0800__CAM_BACK_RIGHT__1537852861627893.jpg"], "intrinsics": [[[1272.5979470598488, 0.0, 826.6154927353808], [0.0, 1272.5979470598488, 479.75165386361925], [0.0, 0.0, 1.0]], [[1266.417203046554, 0.0, 816.2670197447984], [0.0, 1266.417203046554, 491.50706579294757], [0.0, 0.0, 1.0]], [[1260.8474446004698, 0.0, 807.968244525554], [0.0, 1260.8474446004698, 495.3344268742088], [0.0, 0.0, 1.0]], [[1256.7414812095406, 0.0, 792.1125740759628], [0.0, 1256.7414812095406, 492.7757465151356], [0.0, 0.0, 1.0]], [[809.2209905677063, 0.0, 829.2196003259838], [0.0, 809.2209905677063, 481.77842384512485], [0.0, 0.0, 1.0]], [[1259.5137405846733, 0.0, 807.2529053838625], [0.0, 1259.5137405846733, 501.19579884916527], [0.0, 0.0, 1.0]]], "extrinsics": [[[0.8160739541053772, -0.5751706957817078, -0.05658573657274246, -0.86553955078125], [-0.025847595185041428, 0.061488136649131775, -0.9977731108665466, 1.5050468444824219], [0.5773691534996033, 0.8157192468643188, 0.03531209006905556, -1.2113037109375], [0.0, 0.0, 0.0, 1.0]], [[-0.0007843041676096618, -0.9983607530593872, -0.0572274886071682, 0.00579833984375], [-0.031274791806936264, 0.05722399801015854, -0.9978713989257812, 1.5173873901367188], [0.9995105266571045, 0.0010071935830637813, -0.0312684066593647, -1.59326171875], [0.0, 0.0, 0.0, 1.0]], [[-0.8358252048492432, -0.5486569404602051, -0.019280996173620224, 0.96875], [-0.025662070140242577, 0.07412753254175186, -0.9969184994697571, 1.5016403198242188], [0.5483955144882202, -0.8327548503875732, -0.07603733241558075, -1.20623779296875], [0.0, 0.0, 0.0, 1.0]], [[0.9479364156723022, 0.31844741106033325, -0.0027892370708286762, -1.141845703125], [-0.017398254945874214, 0.04304073005914688, -0.998921811580658, 1.5885467529296875], [-0.3179839849472046, 0.946962833404541, 0.046340301632881165, -0.103759765625], [0.0, 0.0, 0.0, 1.0]], [[0.004890970885753632, 0.9985747933387756, 0.05314580351114273, 0.0028076171875], [-0.042717866599559784, 0.053306564688682556, -0.9976640939712524, 1.5782928466796875], [-0.9990752339363098, 0.002609273651614785, 0.042917706072330475, -0.02276611328125], [0.0, 0.0, 0.0, 1.0]], [[-0.9332377910614014, 0.3576504588127136, 0.03396186977624893, 1.08477783203125], [-0.009919585660099983, 0.06884455680847168, -0.9975780844688416, 1.5508880615234375], [-0.3591223657131195, -0.9313145279884338, -0.06070060282945633, -0.08306884765625], [0.0, 0.0, 0.0, 1.0]]], "view": [[0.0, -2.0, 100.0], [-2.0, 0.0, 100.0], [0.0, 0.0, 1.0]], "bev": "bev_d2db7e12be3741f9894b16fd07e032e2.png", "aux": "aux_d2db7e12be3741f9894b16fd07e032e2.npz", "visibility": "visibility_d2db7e12be3741f9894b16fd07e032e2.png", "pose": [[-0.7695927619934082, -0.6385350227355957, 0.0, 604.9428100585938], [0.6385350227355957, -0.7695927619934082, 0.0, 816.6502685546875], [0.0, 0.0, 1.0, 0.0], [0.0, 0.0, 0.0, 1.0]], "pose_inverse": [[-0.7695927619934082, 0.6385350227355957, 0.0, -55.900150299072266], [-0.6385350227355957, -0.7695927619934082, 0.0, 1014.7653198242188], [0.0, 0.0, 1.0, 0.0], [0.0, 0.0, 0.0, 1.0]], "cam_ids": [0, 1, 2, 3, 4, 5], "cam_channels": ["CAM_FRONT_LEFT", "CAM_FRONT", "CAM_FRONT_RIGHT", "CAM_BACK_LEFT", "CAM_BACK", "CAM_BACK_RIGHT"], "token": "d2db7e12be3741f9894b16fd07e032e2", "scene": "scene-0966"}, {"images": ["samples/CAM_FRONT_LEFT/n015-2018-09-25-13-17-43+0800__CAM_FRONT_LEFT__1537852862104844.jpg", "samples/CAM_FRONT/n015-2018-09-25-13-17-43+0800__CAM_FRONT__1537852862112460.jpg", "samples/CAM_FRONT_RIGHT/n015-2018-09-25-13-17-43+0800__CAM_FRONT_RIGHT__1537852862120339.jpg", "samples/CAM_BACK_LEFT/n015-2018-09-25-13-17-43+0800__CAM_BACK_LEFT__1537852862147423.jpg", "samples/CAM_BACK/n015-2018-09-25-13-17-43+0800__CAM_BACK__1537852862137525.jpg", "samples/CAM_BACK_RIGHT/n015-2018-09-25-13-17-43+0800__CAM_BACK_RIGHT__1537852862127893.jpg"], "intrinsics": [[[1272.5979470598488, 0.0, 826.6154927353808], [0.0, 1272.5979470598488, 479.75165386361925], [0.0, 0.0, 1.0]], [[1266.417203046554, 0.0, 816.2670197447984], [0.0, 1266.417203046554, 491.50706579294757], [0.0, 0.0, 1.0]], [[1260.8474446004698, 0.0, 807.968244525554], [0.0, 1260.8474446004698, 495.3344268742088], [0.0, 0.0, 1.0]], [[1256.7414812095406, 0.0, 792.1125740759628], [0.0, 1256.7414812095406, 492.7757465151356], [0.0, 0.0, 1.0]], [[809.2209905677063, 0.0, 829.2196003259838], [0.0, 809.2209905677063, 481.77842384512485], [0.0, 0.0, 1.0]], [[1259.5137405846733, 0.0, 807.2529053838625], [0.0, 1259.5137405846733, 501.19579884916527], [0.0, 0.0, 1.0]]], "extrinsics": [[[0.8172416090965271, -0.5737546682357788, -0.054052866995334625, -0.90087890625], [-0.027745995670557022, 0.05451193451881409, -0.9981275200843811, 1.5060768127441406], [0.5756268501281738, 0.8172111511230469, 0.028630031272768974, -1.2347412109375], [0.0, 0.0, 0.0, 1.0]], [[0.0010213241912424564, -0.9987295866012573, -0.05037935823202133, 0.00506591796875], [-0.033074792474508286, 0.05031808093190193, -0.9981854557991028, 1.5183830261230469], [0.9994523525238037, 0.002685785759240389, -0.03298138454556465, -1.6270265579223633], [0.0, 0.0, 0.0, 1.0]], [[-0.8349894881248474, -0.5500826835632324, -0.014196657575666904, 0.9891357421875], [-0.027394279837608337, 0.06732268631458282, -0.997355043888092, 1.5022354125976562], [0.5495835542678833, -0.8323920965194702, -0.07128285616636276, -1.2203369140625], [0.0, 0.0, 0.0, 1.0]], [[0.9478118419647217, 0.3187691867351532, -0.006244473159313202, -1.14117431640625], [-0.01882290653884411, 0.03639417886734009, -0.9991601705551147, 1.588531494140625], [-0.31827422976493835, 0.9471334218978882, 0.040494997054338455, -0.10406494140625], [0.0, 0.0, 0.0, 1.0]], [[0.004326896741986275, 0.998910129070282, 0.04647548496723175, 0.0029296875], [-0.04421686753630638, 0.04662157967686653, -0.9979335069656372, 1.5784797668457031], [-0.9990126490592957, 0.002262974390760064, 0.04437039792537689, -0.01804828643798828], [0.0, 0.0, 0.0, 1.0]], [[-0.9336322546005249, 0.35670962929725647, 0.03300075978040695, 1.1005859375], [-0.011540573090314865, 0.06212380900979042, -0.9980016946792603, 1.5510063171386719], [-0.3580470085144043, -0.9321475028991699, -0.05388415604829788, -0.077392578125], [0.0, 0.0, 0.0, 1.0]]], "view": [[0.0, -2.0, 100.0], [-2.0, 0.0, 100.0], [0.0, 0.0, 1.0]], "bev": "bev_9ea848e5af8b4f8090f9ee8fa1db74e4.png", "aux": "aux_9ea848e5af8b4f8090f9ee8fa1db74e4.npz", "visibility": "visibility_9ea848e5af8b4f8090f9ee8fa1db74e4.png", "pose": [[-0.8114917278289795, -0.5843639373779297, 0.0, 604.0349731445312], [0.5843639373779297, -0.8114917278289795, 0.0, 817.352783203125], [0.0, 0.0, 1.0, 0.0], [0.0, 0.0, 0.0, 1.0]], "pose_inverse": [[-0.8114917278289795, 0.5843639373779297, 0.0, 12.537893295288086], [-0.5843639373779297, -0.8114917278289795, 0.0, 1016.2512817382812], [0.0, 0.0, 1.0, 0.0], [0.0, 0.0, 0.0, 1.0]], "cam_ids": [0, 1, 2, 3, 4, 5], "cam_channels": ["CAM_FRONT_LEFT", "CAM_FRONT", "CAM_FRONT_RIGHT", "CAM_BACK_LEFT", "CAM_BACK", "CAM_BACK_RIGHT"], "token": "9ea848e5af8b4f8090f9ee8fa1db74e4", "scene": "scene-0966"}, {"images": ["samples/CAM_FRONT_LEFT/n015-2018-09-25-13-17-43+0800__CAM_FRONT_LEFT__1537852862604844.jpg", "samples/CAM_FRONT/n015-2018-09-25-13-17-43+0800__CAM_FRONT__1537852862612460.jpg", "samples/CAM_FRONT_RIGHT/n015-2018-09-25-13-17-43+0800__CAM_FRONT_RIGHT__1537852862620339.jpg", "samples/CAM_BACK_LEFT/n015-2018-09-25-13-17-43+0800__CAM_BACK_LEFT__1537852862647423.jpg", "samples/CAM_BACK/n015-2018-09-25-13-17-43+0800__CAM_BACK__1537852862637525.jpg", "samples/CAM_BACK_RIGHT/n015-2018-09-25-13-17-43+0800__CAM_BACK_RIGHT__1537852862627893.jpg"], "intrinsics": [[[1272.5979470598488, 0.0, 826.6154927353808], [0.0, 1272.5979470598488, 479.75165386361925], [0.0, 0.0, 1.0]], [[1266.417203046554, 0.0, 816.2670197447984], [0.0, 1266.417203046554, 491.50706579294757], [0.0, 0.0, 1.0]], [[1260.8474446004698, 0.0, 807.968244525554], [0.0, 1260.8474446004698, 495.3344268742088], [0.0, 0.0, 1.0]], [[1256.7414812095406, 0.0, 792.1125740759628], [0.0, 1256.7414812095406, 492.7757465151356], [0.0, 0.0, 1.0]], [[809.2209905677063, 0.0, 829.2196003259838], [0.0, 809.2209905677063, 481.77842384512485], [0.0, 0.0, 1.0]], [[1259.5137405846733, 0.0, 807.2529053838625], [0.0, 1259.5137405846733, 501.19579884916527], [0.0, 0.0, 1.0]]], "extrinsics": [[[0.8191726207733154, -0.5714260935783386, -0.049279313534498215, -0.9312744140625], [-0.02511938102543354, 0.050093553960323334, -0.9984285831451416, 1.5071945190429688], [0.5729967355728149, 0.8191232085227966, 0.026681402698159218, -1.25738525390625], [0.0, 0.0, 0.0, 1.0]], [[0.003724509384483099, -0.9989256262779236, -0.04619098827242851, 0.00567626953125], [-0.03041059337556362, 0.04605680704116821, -0.9984758496284485, 1.5194854736328125], [0.999530553817749, 0.005123511888086796, -0.030206384137272835, -1.6587448120117188], [0.0, 0.0, 0.0, 1.0]], [[-0.8338431119918823, -0.5518160462379456, -0.014307931065559387, 1.01055908203125], [-0.02474166825413704, 0.06325578689575195, -0.9976906180381775, 1.5029678344726562], [0.551446795463562, -0.831563413143158, -0.0663982480764389, -1.23388671875], [0.0, 0.0, 0.0, 1.0]], [[0.9478081464767456, 0.3188057541847229, -0.004762805998325348, -1.14129638671875], [-0.01613171398639679, 0.033030085265636444, -0.9993241429328918, 1.5885353088378906], [-0.31843301653862, 0.9472443461418152, 0.036449067294597626, -0.10400390625], [0.0, 0.0, 0.0, 1.0]], [[0.0034360215067863464, 0.9990738034248352, 0.042892858386039734, 0.00262451171875], [-0.04151212051510811, 0.04299864545464516, -0.9982123970985413, 1.5789222717285156], [-0.9991320967674255, 0.0016493051080033183, 0.041621413081884384, -0.008312225341796875], [0.0, 0.0, 0.0, 1.0]], [[-0.9342406392097473, 0.3554587960243225, 0.029041480273008347, 1.1181640625], [-0.008865617215633392, 0.05825819447636604, -0.9982621669769287, 1.5512657165527344], [-0.356533020734787, -0.9328746795654297, -0.05127581208944321, -0.07025146484375], [0.0, 0.0, 0.0, 1.0]]], "view": [[0.0, -2.0, 100.0], [-2.0, 0.0, 100.0], [0.0, 0.0, 1.0]], "bev": "bev_c2ca0236b2994dd8973b0aa94b126df6.png", "aux": "aux_c2ca0236b2994dd8973b0aa94b126df6.npz", "visibility": "visibility_c2ca0236b2994dd8973b0aa94b126df6.png", "pose": [[-0.8284379839897156, -0.5600808262825012, 0.0, 603.505126953125], [0.5600808262825012, -0.8284379839897156, 0.0, 817.7243041992188], [0.0, 0.0, 1.0, 0.0], [0.0, 0.0, 0.0, 1.0]], "pose_inverse": [[-0.8284379839897156, 0.5600808262825012, 0.0, 41.97483825683594], [-0.5600808262825012, -0.8284379839897156, 0.0, 1015.4454956054688], [0.0, 0.0, 1.0, 0.0], [0.0, 0.0, 0.0, 1.0]], "cam_ids": [0, 1, 2, 3, 4, 5], "cam_channels": ["CAM_FRONT_LEFT", "CAM_FRONT", "CAM_FRONT_RIGHT", "CAM_BACK_LEFT", "CAM_BACK", "CAM_BACK_RIGHT"], "token": "c2ca0236b2994dd8973b0aa94b126df6", "scene": "scene-0966"}, {"images": ["samples/CAM_FRONT_LEFT/n015-2018-09-25-13-17-43+0800__CAM_FRONT_LEFT__1537852863104844.jpg", "samples/CAM_FRONT/n015-2018-09-25-13-17-43+0800__CAM_FRONT__1537852863112460.jpg", "samples/CAM_FRONT_RIGHT/n015-2018-09-25-13-17-43+0800__CAM_FRONT_RIGHT__1537852863120339.jpg", "samples/CAM_BACK_LEFT/n015-2018-09-25-13-17-43+0800__CAM_BACK_LEFT__1537852863147423.jpg", "samples/CAM_BACK/n015-2018-09-25-13-17-43+0800__CAM_BACK__1537852863137525.jpg", "samples/CAM_BACK_RIGHT/n015-2018-09-25-13-17-43+0800__CAM_BACK_RIGHT__1537852863127893.jpg"], "intrinsics": [[[1272.5979470598488, 0.0, 826.6154927353808], [0.0, 1272.5979470598488, 479.75165386361925], [0.0, 0.0, 1.0]], [[1266.417203046554, 0.0, 816.2670197447984], [0.0, 1266.417203046554, 491.50706579294757], [0.0, 0.0, 1.0]], [[1260.8474446004698, 0.0, 807.968244525554], [0.0, 1260.8474446004698, 495.3344268742088], [0.0, 0.0, 1.0]], [[1256.7414812095406, 0.0, 792.1125740759628], [0.0, 1256.7414812095406, 492.7757465151356], [0.0, 0.0, 1.0]], [[809.2209905677063, 0.0, 829.2196003259838], [0.0, 809.2209905677063, 481.77842384512485], [0.0, 0.0, 1.0]], [[1259.5137405846733, 0.0, 807.2529053838625], [0.0, 1259.5137405846733, 501.19579884916527], [0.0, 0.0, 1.0]]], "extrinsics": [[[0.8197056651115417, -0.5704832077026367, -0.051300011575222015, -0.9495849609375], [-0.024423515424132347, 0.05466923862695694, -0.9982057809829712, 1.5077629089355469], [0.5722641348838806, 0.8194878101348877, 0.03087947517633438, -1.2705078125], [0.0, 0.0, 0.0, 1.0]], [[0.004452454391866922, -0.9987002015113831, -0.05077403783798218, 0.00579833984375], [-0.02973625436425209, 0.05061986297369003, -0.9982752203941345, 1.5200653076171875], [0.9995478391647339, 0.0059546055272221565, -0.029472222551703453, -1.6775016784667969], [0.0, 0.0, 0.0, 1.0]], [[-0.8335516452789307, -0.5521676540374756, -0.017396846786141396, 1.0228271484375], [-0.024102266877889633, 0.06780952215194702, -0.997407078742981, 1.5033340454101562], [0.5519155263900757, -0.8309709429740906, -0.0698312297463417, -1.24200439453125], [0.0, 0.0, 0.0, 1.0]], [[0.9478487372398376, 0.31870850920677185, -0.0027749822475016117, -1.141845703125], [-0.015518917702138424, 0.037453923374414444, -0.999177873134613, 1.5885467529296875], [-0.31834253668785095, 0.947112500667572, 0.04044666513800621, -0.10382080078125], [0.0, 0.0, 0.0, 1.0]], [[0.003300716634839773, 0.9988720417022705, 0.0473705418407917, 0.00262451171875], [-0.04090597853064537, 0.047466013580560684, -0.9980349540710449, 1.5791664123535156], [-0.9991576075553894, 0.0013565453700721264, 0.04101650416851044, -0.002655029296875], [0.0, 0.0, 0.0, 1.0]], [[-0.9343771934509277, 0.3550153970718384, 0.03005870245397091, 1.128021240234375], [-0.008243298158049583, 0.06280289590358734, -0.9979919195175171, 1.5513648986816406], [-0.35619020462036133, -0.9327486157417297, -0.055755093693733215, -0.06640625], [0.0, 0.0, 0.0, 1.0]]], "view": [[0.0, -2.0, 100.0], [-2.0, 0.0, 100.0], [0.0, 0.0, 1.0]], "bev": "bev_50f3fb5000ae4f6cbbe9cf0bc83d3bc5.png", "aux": "aux_50f3fb5000ae4f6cbbe9cf0bc83d3bc5.npz", "visibility": "visibility_50f3fb5000ae4f6cbbe9cf0bc83d3bc5.png", "pose": [[-0.8345965147018433, -0.5508617758750916, 0.0, 603.2108764648438], [0.5508617758750916, -0.8345965147018433, 0.0, 817.92919921875], [0.0, 0.0, 1.0, 0.0], [0.0, 0.0, 0.0, 1.0]], "pose_inverse": [[-0.8345965147018433, 0.5508617758750916, 0.0, 52.871742248535156], [-0.5508617758750916, -0.8345965147018433, 0.0, 1014.9266357421875], [0.0, 0.0, 1.0, 0.0], [0.0, 0.0, 0.0, 1.0]], "cam_ids": [0, 1, 2, 3, 4, 5], "cam_channels": ["CAM_FRONT_LEFT", "CAM_FRONT", "CAM_FRONT_RIGHT", "CAM_BACK_LEFT", "CAM_BACK", "CAM_BACK_RIGHT"], "token": "50f3fb5000ae4f6cbbe9cf0bc83d3bc5", "scene": "scene-0966"}, {"images": ["samples/CAM_FRONT_LEFT/n015-2018-09-25-13-17-43+0800__CAM_FRONT_LEFT__1537852863604844.jpg", "samples/CAM_FRONT/n015-2018-09-25-13-17-43+0800__CAM_FRONT__1537852863612460.jpg", "samples/CAM_FRONT_RIGHT/n015-2018-09-25-13-17-43+0800__CAM_FRONT_RIGHT__1537852863620339.jpg", "samples/CAM_BACK_LEFT/n015-2018-09-25-13-17-43+0800__CAM_BACK_LEFT__1537852863647423.jpg", "samples/CAM_BACK/n015-2018-09-25-13-17-43+0800__CAM_BACK__1537852863637525.jpg", "samples/CAM_BACK_RIGHT/n015-2018-09-25-13-17-43+0800__CAM_BACK_RIGHT__1537852863627893.jpg"], "intrinsics": [[[1272.5979470598488, 0.0, 826.6154927353808], [0.0, 1272.5979470598488, 479.75165386361925], [0.0, 0.0, 1.0]], [[1266.417203046554, 0.0, 816.2670197447984], [0.0, 1266.417203046554, 491.50706579294757], [0.0, 0.0, 1.0]], [[1260.8474446004698, 0.0, 807.968244525554], [0.0, 1260.8474446004698, 495.3344268742088], [0.0, 0.0, 1.0]], [[1256.7414812095406, 0.0, 792.1125740759628], [0.0, 1256.7414812095406, 492.7757465151356], [0.0, 0.0, 1.0]], [[809.2209905677063, 0.0, 829.2196003259838], [0.0, 809.2209905677063, 481.77842384512485], [0.0, 0.0, 1.0]], [[1259.5137405846733, 0.0, 807.2529053838625], [0.0, 1259.5137405846733, 501.19579884916527], [0.0, 0.0, 1.0]]], "extrinsics": [[[0.8200204372406006, -0.5701011419296265, -0.05050897225737572, -0.9622802734375], [-0.02417800948023796, 0.053665805608034134, -0.9982662200927734, 1.5081443786621094], [0.5718232989311218, 0.8198198676109314, 0.030223146080970764, -1.27886962890625], [0.0, 0.0, 0.0, 1.0]], [[0.00490703247487545, -0.9987470507621765, -0.04980046674609184, 0.0054931640625], [-0.029447827488183975, 0.049635149538517, -0.998333215713501, 1.5204429626464844], [0.9995542168617249, 0.006365328561514616, -0.02916737087070942, -1.6898841857910156], [0.0, 0.0, 0.0, 1.0]], [[-0.833349883556366, -0.5524792671203613, -0.01716068759560585, 1.03094482421875], [-0.023778347298502922, 0.06684978306293488, -0.9974796175956726, 1.5035781860351562], [0.5522339940071106, -0.8308415412902832, -0.06884630769491196, -1.2474365234375], [0.0, 0.0, 0.0, 1.0]], [[0.9478451609611511, 0.3187209665775299, -0.0025488310493528843, -1.14215087890625], [-0.014993550255894661, 0.03659855201840401, -0.9992175698280334, 1.5885505676269531], [-0.3183782696723938, 0.947141706943512, 0.039468519389629364, -0.103759765625], [0.0, 0.0, 0.0, 1.0]], [[0.0031350746285170317, 0.9989148378372192, 0.04646940901875496, 0.00262451171875], [-0.0404525101184845, 0.04655828699469566, -0.9980961680412292, 1.5793228149414062], [-0.999176561832428, 0.0012493421090766788, 0.04055457562208176, 0.0012054443359375], [0.0, 0.0, 0.0, 1.0]], [[-0.9344844818115234, 0.3547918498516083, 0.029352359473705292, 1.13494873046875], [-0.007861606776714325, 0.06186353415250778, -0.9980536699295044, 1.5514259338378906], [-0.35591718554496765, -0.9328963160514832, -0.05502127856016159, -0.06396484375], [0.0, 0.0, 0.0, 1.0]]], "view": [[0.0, -2.0, 100.0], [-2.0, 0.0, 100.0], [0.0, 0.0, 1.0]], "bev": "bev_586f3a3fa01f47cfbb9fb38e84622aa3.png", "aux": "aux_586f3a3fa01f47cfbb9fb38e84622aa3.npz", "visibility": "visibility_586f3a3fa01f47cfbb9fb38e84622aa3.png", "pose": [[-0.8357357382774353, -0.5491318106651306, 0.0, 603.1336669921875], [0.5491318106651306, -0.8357357382774353, 0.0, 817.9874877929688], [0.0, 0.0, 1.0, 0.0], [0.0, 0.0, 0.0, 1.0]], "pose_inverse": [[-0.8357357382774353, 0.5491318106651306, 0.0, 54.877410888671875], [-0.5491318106651306, -0.8357357382774353, 0.0, 1014.8212890625], [0.0, 0.0, 1.0, 0.0], [0.0, 0.0, 0.0, 1.0]], "cam_ids": [0, 1, 2, 3, 4, 5], "cam_channels": ["CAM_FRONT_LEFT", "CAM_FRONT", "CAM_FRONT_RIGHT", "CAM_BACK_LEFT", "CAM_BACK", "CAM_BACK_RIGHT"], "token": "586f3a3fa01f47cfbb9fb38e84622aa3", "scene": "scene-0966"}, {"images": ["samples/CAM_FRONT_LEFT/n015-2018-09-25-13-17-43+0800__CAM_FRONT_LEFT__1537852864104844.jpg", "samples/CAM_FRONT/n015-2018-09-25-13-17-43+0800__CAM_FRONT__1537852864112460.jpg", "samples/CAM_FRONT_RIGHT/n015-2018-09-25-13-17-43+0800__CAM_FRONT_RIGHT__1537852864120339.jpg", "samples/CAM_BACK_LEFT/n015-2018-09-25-13-17-43+0800__CAM_BACK_LEFT__1537852864147423.jpg", "samples/CAM_BACK/n015-2018-09-25-13-17-43+0800__CAM_BACK__1537852864137525.jpg", "samples/CAM_BACK_RIGHT/n015-2018-09-25-13-17-43+0800__CAM_BACK_RIGHT__1537852864127893.jpg"], "intrinsics": [[[1272.5979470598488, 0.0, 826.6154927353808], [0.0, 1272.5979470598488, 479.75165386361925], [0.0, 0.0, 1.0]], [[1266.417203046554, 0.0, 816.2670197447984], [0.0, 1266.417203046554, 491.50706579294757], [0.0, 0.0, 1.0]], [[1260.8474446004698, 0.0, 807.968244525554], [0.0, 1260.8474446004698, 495.3344268742088], [0.0, 0.0, 1.0]], [[1256.7414812095406, 0.0, 792.1125740759628], [0.0, 1256.7414812095406, 492.7757465151356], [0.0, 0.0, 1.0]], [[809.2209905677063, 0.0, 829.2196003259838], [0.0, 809.2209905677063, 481.77842384512485], [0.0, 0.0, 1.0]], [[1259.5137405846733, 0.0, 807.2529053838625], [0.0, 1259.5137405846733, 501.19579884916527], [0.0, 0.0, 1.0]]], "extrinsics": [[[0.8199803233146667, -0.5703468322753906, -0.048339471220970154, -0.9659423828125], [-0.021620146930217743, 0.053530145436525345, -0.998332142829895, 1.5082511901855469], [0.5719831585884094, 0.8196578025817871, 0.0315626859664917, -1.28155517578125], [0.0, 0.0, 0.0, 1.0]], [[0.0047696917317807674, -0.9987573027610779, -0.04960918053984642, 0.0054931640625], [-0.026925193145871162, 0.04946349188685417, -0.9984129667282104, 1.5205459594726562], [0.9996260404586792, 0.006097868550568819, -0.026655808091163635, -1.693603515625], [0.0, 0.0, 0.0, 1.0]], [[-0.8334314227104187, -0.5522924661636353, -0.0191071517765522, 1.033203125], [-0.021289533004164696, 0.06663807481527328, -0.9975500702857971, 1.5036544799804688], [0.5522125959396362, -0.8309828042984009, -0.06729631870985031, -1.24896240234375], [0.0, 0.0, 0.0, 1.0]], [[0.9478803873062134, 0.3186260461807251, -0.0004208926111459732, -1.1422119140625], [-0.012649156153202057, 0.03630997613072395, -0.9992605447769165, 1.5885543823242188], [-0.3183751702308655, 0.9471847414970398, 0.038447875529527664, -0.10369873046875], [0.0, 0.0, 0.0, 1.0]], [[0.0031727743335068226, 0.9989262223243713, 0.046220745891332626, 0.002685546875], [-0.038057