[{"images": ["samples/CAM_FRONT_LEFT/n008-2018-08-31-11-19-57-0400__CAM_FRONT_LEFT__1535728827404799.jpg", "samples/CAM_FRONT/n008-2018-08-31-11-19-57-0400__CAM_FRONT__1535728827412404.jpg", "samples/CAM_FRONT_RIGHT/n008-2018-08-31-11-19-57-0400__CAM_FRONT_RIGHT__1535728827420482.jpg", "samples/CAM_BACK_LEFT/n008-2018-08-31-11-19-57-0400__CAM_BACK_LEFT__1535728827447405.jpg", "samples/CAM_BACK/n008-2018-08-31-11-19-57-0400__CAM_BACK__1535728827437558.jpg", "samples/CAM_BACK_RIGHT/n008-2018-08-31-11-19-57-0400__CAM_BACK_RIGHT__1535728827428113.jpg"], "intrinsics": [[[1257.8625342125129, 0.0, 827.2410631095686], [0.0, 1257.8625342125129, 450.915498205774], [0.0, 0.0, 1.0]], [[1252.8131021185304, 0.0, 826.588114781398], [0.0, 1252.8131021185304, 469.9846626224581], [0.0, 0.0, 1.0]], [[1256.7485116440405, 0.0, 817.7887570959712], [0.0, 1256.7485116440403, 451.9541780095127], [0.0, 0.0, 1.0]], [[1254.9860565800168, 0.0, 829.5769333630991], [0.0, 1254.9860565800168, 467.1680561863987], [0.0, 0.0, 1.0]], [[796.8910634503094, 0.0, 857.7774326863696], [0.0, 796.8910634503094, 476.8848988407415], [0.0, 0.0, 1.0]], [[1249.9629280788233, 0.0, 825.3768045375984], [0.0, 1249.9629280788233, 462.54816385708756], [0.0, 0.0, 1.0]]], "extrinsics": [[[0.8224425315856934, -0.5687230229377747, 0.01193142682313919, -1.00146484375], [0.028694583103060722, 0.02052958495914936, -0.9993773698806763, 1.4884185791015625], [0.5681240558624268, 0.8222728371620178, 0.03320367634296417, -1.3309326171875], [0.0, 0.0, 0.0, 1.0]], [[0.010561920702457428, -0.9998148679733276, -0.016079358756542206, 0.0054931640625], [0.03068501129746437, 0.01639675348997116, -0.9993945956230164, 1.4802799224853516], [0.9994732737541199, 0.010062134824693203, 0.030852513387799263, -1.73089599609375], [0.0, 0.0, 0.0, 1.0]], [[-0.8433924913406372, -0.5360346436500549, -0.03682266175746918, 1.088165283203125], [0.03874169662594795, 0.007685083895921707, -0.9992197155952454, 1.4931907653808594], [0.53589928150177, -0.8441610336303711, 0.014285347424447536, -1.27587890625], [0.0, 0.0, 0.0, 1.0]], [[0.9476643204689026, 0.31863871216773987, 0.020043309777975082, -1.1438369750976562], [0.01347910426557064, 0.022792629897594452, -0.9996493458747864, 1.562042236328125], [-0.31898385286331177, 0.9476020932197571, 0.0173047985881567, -0.156005859375], [0.0, 0.0, 0.0, 1.0]], [[0.008884051814675331, 0.999841570854187, 0.015427961945533752, -0.0289306640625], [0.015561940148472786, 0.015288460068404675, -0.9997619986534119, 1.5680789947509766], [-0.9998394250869751, 0.009122023358941078, -0.015423654578626156, 0.0430908203125], [0.0, 0.0, 0.0, 1.0]], [[-0.9234841465950012, 0.3830587565898895, -0.021048182621598244, 1.158447265625], [0.01971776969730854, -0.007399560883641243, -0.9997782111167908, 1.5478572845458984], [-0.3831295371055603, -0.9236943125724792, -0.0007196866790764034, -0.044677734375], [0.0, 0.0, 0.0, 1.0]]], "view": [[0.0, -2.0, 100.0], [-2.0, 0.0, 100.0], [0.0, 0.0, 1.0]], "bev": "bev_e7ffd4f8a3254208a1d80f1582a10f95.png", "aux": "aux_e7ffd4f8a3254208a1d80f1582a10f95.npz", "visibility": "visibility_e7ffd4f8a3254208a1d80f1582a10f95.png", "pose": [[-0.04687962308526039, -0.9989005327224731, 0.0, 1936.735107421875], [0.9989005327224731, -0.04687962308526039, 0.0, 858.3289184570312], [0.0, 0.0, 1.0, 0.0], [0.0, 0.0, 0.0, 1.0]], "pose_inverse": [[-0.04687962308526039, 0.9989005327224731, 0.0, -766.591796875], [-0.9989005327224731, -0.04687962308526039, 0.0, 1974.8438720703125], [0.0, 0.0, 1.0, 0.0], [0.0, 0.0, 0.0, 1.0]], "cam_ids": [0, 1, 2, 3, 4, 5], "cam_channels": ["CAM_FRONT_LEFT", "CAM_FRONT", "CAM_FRONT_RIGHT", "CAM_BACK_LEFT", "CAM_BACK", "CAM_BACK_RIGHT"], "token": "e7ffd4f8a3254208a1d80f1582a10f95", "scene": "scene-0284"}, {"images": ["samples/CAM_FRONT_LEFT/n008-2018-08-31-11-19-57-0400__CAM_FRONT_LEFT__1535728827904799.jpg", "samples/CAM_FRONT/n008-2018-08-31-11-19-57-0400__CAM_FRONT__1535728827912404.jpg", "samples/CAM_FRONT_RIGHT/n008-2018-08-31-11-19-57-0400__CAM_FRONT_RIGHT__1535728827920482.jpg", "samples/CAM_BACK_LEFT/n008-2018-08-31-11-19-57-0400__CAM_BACK_LEFT__1535728827947405.jpg", "samples/CAM_BACK/n008-2018-08-31-11-19-57-0400__CAM_BACK__1535728827937558.jpg", "samples/CAM_BACK_RIGHT/n008-2018-08-31-11-19-57-0400__CAM_BACK_RIGHT__1535728827928113.jpg"], "intrinsics": [[[1257.8625342125129, 0.0, 827.2410631095686], [0.0, 1257.8625342125129, 450.915498205774], [0.0, 0.0, 1.0]], [[1252.8131021185304, 0.0, 826.588114781398], [0.0, 1252.8131021185304, 469.9846626224581], [0.0, 0.0, 1.0]], [[1256.7485116440405, 0.0, 817.7887570959712], [0.0, 1256.7485116440403, 451.9541780095127], [0.0, 0.0, 1.0]], [[1254.9860565800168, 0.0, 829.5769333630991], [0.0, 1254.9860565800168, 467.1680561863987], [0.0, 0.0, 1.0]], [[796.8910634503094, 0.0, 857.7774326863696], [0.0, 796.8910634503094, 476.8848988407415], [0.0, 0.0, 1.0]], [[1249.9629280788233, 0.0, 825.3768045375984], [0.0, 1249.9629280788233, 462.54816385708756], [0.0, 0.0, 1.0]]], "extrinsics": [[[0.8219957947731018, -0.5693318247795105, 0.013576237484812737, -0.989013671875], [0.03022526204586029, 0.019808601588010788, -0.9993468523025513, 1.4888973236083984], [0.5686910152435303, 0.8218691945075989, 0.03349079191684723, -1.322021484375], [0.0, 0.0, 0.0, 1.0]], [[0.009950254112482071, -0.9998325705528259, -0.015356087125837803, 0.0052490234375], [0.03216758742928505, 0.015668952837586403, -0.999359667301178, 1.480699062347412], [0.9994328618049622, 0.009449919685721397, 0.0323181077837944, -1.71826171875], [0.0, 0.0, 0.0, 1.0]], [[-0.8436068892478943, -0.5356402397155762, -0.03764206916093826, 1.079559326171875], [0.04017164558172226, 0.006948132999241352, -0.9991685748100281, 1.4935951232910156], [0.5354564785957336, -0.8444176912307739, 0.015656059607863426, -1.27099609375], [0.0, 0.0, 0.0, 1.0]], [[0.9476481080055237, 0.31862375140190125, 0.021024709567427635, -1.1433563232421875], [0.014757029712200165, 0.022072503343224525, -0.9996474385261536, 1.5620536804199219], [-0.3189755380153656, 0.9476242065429688, 0.016215024515986443, -0.156005859375], [0.0, 0.0, 0.0, 1.0]], [[0.00906878150999546, 0.9998505711555481, 0.01471704337745905, -0.0286865234375], [0.016885187476873398, 0.01456243172287941, -0.9997513890266418, 1.5681495666503906], [-0.999816358089447, 0.009315031580626965, -0.016750602051615715, 0.0391845703125], [0.0, 0.0, 0.0, 1.0]], [[-0.9233117699623108, 0.38338544964790344, -0.022601429373025894, 1.15185546875], [0.021098893135786057, -0.008124444633722305, -0.9997443556785583, 1.548013687133789], [-0.3834710419178009, -0.9235526323318481, -0.0005876116920262575, -0.047607421875], [0.0, 0.0, 0.0, 1.0]]], "view": [[0.0, -2.0, 100.0], [-2.0, 0.0, 100.0], [0.0, 0.0, 1.0]], "bev": "bev_0de2b4bff1b14be0b6d09f75b3f79638.png", "aux": "aux_0de2b4bff1b14be0b6d09f75b3f79638.npz", "visibility": "visibility_0de2b4bff1b14be0b6d09f75b3f79638.png", "pose": [[-0.05208638310432434, -0.9986425638198853, 0.0, 1936.7261962890625], [0.9986425638198853, -0.05208638310432434, 0.0, 858.48779296875], [0.0, 0.0, 1.0, 0.0], [0.0, 0.0, 0.0, 1.0]], "pose_inverse": [[-0.05208638310432434, 0.9986425638198853, 0.0, -756.4453735351562], [-0.9986425638198853, -0.05208638310432434, 0.0, 1978.812744140625], [0.0, 0.0, 1.0, 0.0], [0.0, 0.0, 0.0, 1.0]], "cam_ids": [0, 1, 2, 3, 4, 5], "cam_channels": ["CAM_FRONT_LEFT", "CAM_FRONT", "CAM_FRONT_RIGHT", "CAM_BACK_LEFT", "CAM_BACK", "CAM_BACK_RIGHT"], "token": "0de2b4bff1b14be0b6d09f75b3f79638", "scene": "scene-0284"}, {"images": ["samples/CAM_FRONT_LEFT/n008-2018-08-31-11-19-57-0400__CAM_FRONT_LEFT__1535728828404799.jpg", "samples/CAM_FRONT/n008-2018-08-31-11-19-57-0400__CAM_FRONT__1535728828412404.jpg", "samples/CAM_FRONT_RIGHT/n008-2018-08-31-11-19-57-0400__CAM_FRONT_RIGHT__1535728828420482.jpg", "samples/CAM_BACK_LEFT/n008-2018-08-31-11-19-57-0400__CAM_BACK_LEFT__1535728828447405.jpg", "samples/CAM_BACK/n008-2018-08-31-11-19-57-0400__CAM_BACK__1535728828437558.jpg", "samples/CAM_BACK_RIGHT/n008-2018-08-31-11-19-57-0400__CAM_BACK_RIGHT__1535728828428113.jpg"], "intrinsics": [[[1257.8625342125129, 0.0, 827.2410631095686], [0.0, 1257.8625342125129, 450.915498205774], [0.0, 0.0, 1.0]], [[1252.8131021185304, 0.0, 826.588114781398], [0.0, 1252.8131021185304, 469.9846626224581], [0.0, 0.0, 1.0]], [[1256.7485116440405, 0.0, 817.7887570959712], [0.0, 1256.7485116440403, 451.9541780095127], [0.0, 0.0, 1.0]], [[1254.9860565800168, 0.0, 829.5769333630991], [0.0, 1254.9860565800168, 467.1680561863987], [0.0, 0.0, 1.0]], [[796.8910634503094, 0.0, 857.7774326863696], [0.0, 796.8910634503094, 476.8848988407415], [0.0, 0.0, 1.0]], [[1249.9629280788233, 0.0, 825.3768045375984], [0.0, 1249.9629280788233, 462.54816385708756], [0.0, 0.0, 1.0]]], "extrinsics": [[[0.8207852840423584, -0.5710679888725281, 0.013895897194743156, -0.95947265625], [0.030311476439237595, 0.019248628988862038, -0.999355137348175, 1.489990234375], [0.5704322457313538, 0.8206771612167358, 0.033108901232481, -1.3013916015625], [0.0, 0.0, 0.0, 1.0]], [[0.008194269612431526, -0.9998555183410645, -0.01489673275500536, 0.0054931640625], [0.03224204480648041, 0.015153666958212852, -0.9993652105331421, 1.4816622734069824], [0.9994465112686157, 0.0077087669633328915, 0.032361555844545364, -1.68841552734375], [0.0, 0.0, 0.0, 1.0]], [[-0.8443378210067749, -0.5345001220703125, -0.037459880113601685, 1.0596923828125], [0.04023095592856407, 0.0064738052897155285, -0.9991694092750549, 1.4945363998413086], [0.5342987179756165, -0.8451436758041382, 0.01603737100958824, -1.25830078125], [0.0, 0.0, 0.0, 1.0]], [[0.9476701617240906, 0.3185565769672394, 0.021047556772828102, -1.1421546936035156], [0.014875628985464573, 0.021795306354761124, -0.9996517300605774, 1.5620689392089844], [-0.31890439987182617, 0.9476532936096191, 0.01591602899134159, -0.15673828125], [0.0, 0.0, 0.0, 1.0]], [[0.009617231786251068, 0.9998502731323242, 0.014387441799044609, -0.0283203125], [0.01700529083609581, 0.014222491532564163, -0.9997541904449463, 1.5683155059814453], [-0.9998091459274292, 0.00985953863710165, -0.016865961253643036, 0.02960205078125], [0.0, 0.0, 0.0, 1.0]], [[-0.9229249358177185, 0.3843032419681549, -0.022815097123384476, 1.1358642578125], [0.021158210933208466, -0.00853939913213253, -0.9997396469116211, 1.548379898071289], [-0.3843979835510254, -0.9231674075126648, -0.00024994436535052955, -0.0543212890625], [0.0, 0.0, 0.0, 1.0]]], "view": [[0.0, -2.0, 100.0], [-2.0, 0.0, 100.0], [0.0, 0.0, 1.0]], "bev": "bev_a1b3e60381d84aeb800a4e1783d86db4.png", "aux": "aux_a1b3e60381d84aeb800a4e1783d86db4.npz", "visibility": "visibility_a1b3e60381d84aeb800a4e1783d86db4.png", "pose": [[-0.07278374582529068, -0.9973477721214294, 0.0, 1936.6922607421875], [0.9973477721214294, -0.07278374582529068, 0.0, 858.92919921875], [0.0, 0.0, 1.0, 0.0], [0.0, 0.0, 0.0, 1.0]], "pose_inverse": [[-0.07278374582529068, 0.9973477721214294, 0.0, -715.69140625], [-0.9973477721214294, -0.07278374582529068, 0.0, 1994.07177734375], [0.0, 0.0, 1.0, 0.0], [0.0, 0.0, 0.0, 1.0]], "cam_ids": [0, 1, 2, 3, 4, 5], "cam_channels": ["CAM_FRONT_LEFT", "CAM_FRONT", "CAM_FRONT_RIGHT", "CAM_BACK_LEFT", "CAM_BACK", "CAM_BACK_RIGHT"], "token": "a1b3e60381d84aeb800a4e1783d86db4", "scene": "scene-0284"}, {"images": ["samples/CAM_FRONT_LEFT/n008-2018-08-31-11-19-57-0400__CAM_FRONT_LEFT__1535728828904799.jpg", "samples/CAM_FRONT/n008-2018-08-31-11-19-57-0400__CAM_FRONT__1535728828912404.jpg", "samples/CAM_FRONT_RIGHT/n008-2018-08-31-11-19-57-0400__CAM_FRONT_RIGHT__1535728828920482.jpg", "samples/CAM_BACK_LEFT/n008-2018-08-31-11-19-57-0400__CAM_BACK_LEFT__1535728828947405.jpg", "samples/CAM_BACK/n008-2018-08-31-11-19-57-0400__CAM_BACK__1535728828937558.jpg", "samples/CAM_BACK_RIGHT/n008-2018-08-31-11-19-57-0400__CAM_BACK_RIGHT__1535728828928113.jpg"], "intrinsics": [[[1257.8625342125129, 0.0, 827.2410631095686], [0.0, 1257.8625342125129, 450.915498205774], [0.0, 0.0, 1.0]], [[1252.8131021185304, 0.0, 826.588114781398], [0.0, 1252.8131021185304, 469.9846626224581], [0.0, 0.0, 1.0]], [[1256.7485116440405, 0.0, 817.7887570959712], [0.0, 1256.7485116440403, 451.9541780095127], [0.0, 0.0, 1.0]], [[1254.9860565800168, 0.0, 829.5769333630991], [0.0, 1254.9860565800168, 467.1680561863987], [0.0, 0.0, 1.0]], [[796.8910634503094, 0.0, 857.7774326863696], [0.0, 796.8910634503094, 476.8848988407415], [0.0, 0.0, 1.0]], [[1249.9629280788233, 0.0, 825.3768045375984], [0.0, 1249.9629280788233, 462.54816385708756], [0.0, 0.0, 1.0]]], "extrinsics": [[[0.8191046714782715, -0.5734865665435791, 0.013444623909890652, -0.937255859375], [0.030234796926379204, 0.019755667075514793, -0.9993475675582886, 1.4907913208007812], [0.5728468894958496, 0.8189767003059387, 0.03352120891213417, -1.2861328125], [0.0, 0.0, 0.0, 1.0]], [[0.0057493047788739204, -0.9998645186424255, -0.015426980331540108, 0.005859375], [0.032091714441776276, 0.015603776089847088, -0.9993631839752197, 1.4823637008666992], [0.9994684457778931, 0.0052505782805383205, 0.03217707574367523, -1.6661376953125], [0.0, 0.0, 0.0, 1.0]], [[-0.8453695774078369, -0.5328642725944519, -0.03749680891633034, 1.04534912109375], [0.039998751133680344, 0.006853883154690266, -0.9991762042045593, 1.4952154159545898], [0.5326822996139526, -0.8461729884147644, 0.015519839711487293, -1.2491455078125], [0.0, 0.0, 0.0, 1.0]], [[0.9477010369300842, 0.31849682331085205, 0.020552854984998703, -1.1416397094726562], [0.014321276918053627, 0.021895136684179306, -0.9996576905250549, 1.5620803833007812], [-0.31883785128593445, 0.9476709961891174, 0.016188764944672585, -0.156494140625], [0.0, 0.0, 0.0, 1.0]], [[0.010379515588283539, 0.9998393058776855, 0.01461880374699831, -0.0286865234375], [0.01658802106976509, 0.014445412904024124, -0.9997580647468567, 1.5684146881103516], [-0.9998086094856262, 0.010619503445923328, -0.016435420140624046, 0.02301025390625], [0.0, 0.0, 0.0, 1.0]], [[-0.9223854541778564, 0.385621041059494, -0.02239149995148182, 1.124267578125], [0.020837858319282532, -0.008208430372178555, -0.9997491836547852, 1.5486316680908203], [-0.3857080936431885, -0.9226207733154297, -0.0004641783598344773, -0.0589599609375], [0.0, 0.0, 0.0, 1.0]]], "view": [[0.0, -2.0, 100.0], [-2.0, 0.0, 100.0], [0.0, 0.0, 1.0]], "bev": "bev_455b438f7775423cba26243937872347.png", "aux": "aux_455b438f7775423cba26243937872347.npz", "visibility": "visibility_455b438f7775423cba26243937872347.png", "pose": [[-0.12684263288974762, -0.9919228553771973, 0.0, 1936.610107421875], [0.9919228553771973, -0.12684263288974762, 0.0, 859.7329711914062], [0.0, 0.0, 1.0, 0.0], [0.0, 0.0, 0.0, 1.0]], "pose_inverse": [[-0.12684263288974762, 0.9919228553771973, 0.0, -607.14404296875], [-0.9919228553771973, -0.12684263288974762, 0.0, 2030.0185546875], [0.0, 0.0, 1.0, 0.0], [0.0, 0.0, 0.0, 1.0]], "cam_ids": [0, 1, 2, 3, 4, 5], "cam_channels": ["CAM_FRONT_LEFT", "CAM_FRONT", "CAM_FRONT_RIGHT", "CAM_BACK_LEFT", "CAM_BACK", "CAM_BACK_RIGHT"], "token": "455b438f7775423cba26243937872347", "scene": "scene-0284"}, {"images": ["samples/CAM_FRONT_LEFT/n008-2018-08-31-11-19-57-0400__CAM_FRONT_LEFT__1535728829404799.jpg", "samples/CAM_FRONT/n008-2018-08-31-11-19-57-0400__CAM_FRONT__1535728829412404.jpg", "samples/CAM_FRONT_RIGHT/n008-2018-08-31-11-19-57-0400__CAM_FRONT_RIGHT__1535728829420482.jpg", "samples/CAM_BACK_LEFT/n008-2018-08-31-11-19-57-0400__CAM_BACK_LEFT__1535728829447405.jpg", "samples/CAM_BACK/n008-2018-08-31-11-19-57-0400__CAM_BACK__1535728829437558.jpg", "samples/CAM_BACK_RIGHT/n008-2018-08-31-11-19-57-0400__CAM_BACK_RIGHT__1535728829428113.jpg"], "intrinsics": [[[1257.8625342125129, 0.0, 827.2410631095686], [0.0, 1257.8625342125129, 450.915498205774], [0.0, 0.0, 1.0]], [[1252.8131021185304, 0.0, 826.588114781398], [0.0, 1252.8131021185304, 469.9846626224581], [0.0, 0.0, 1.0]], [[1256.7485116440405, 0.0, 817.7887570959712], [0.0, 1256.7485116440403, 451.9541780095127], [0.0, 0.0, 1.0]], [[1254.9860565800168, 0.0, 829.5769333630991], [0.0, 1254.9860565800168, 467.1680561863987], [0.0, 0.0, 1.0]], [[796.8910634503094, 0.0, 857.7774326863696], [0.0, 796.8910634503094, 476.8848988407415], [0.0, 0.0, 1.0]], [[1249.9629280788233, 0.0, 825.3768045375984], [0.0, 1249.9629280788233, 462.54816385708756], [0.0, 0.0, 1.0]]], "extrinsics": [[[0.81793212890625, -0.5751980543136597, 0.01158229261636734, -0.9171142578125], [0.03006574511528015, 0.022631598636507988, -0.9992916584014893, 1.491485595703125], [0.5745285153388977, 0.8177010416984558, 0.0358048714697361, -1.2728271484375], [0.0, 0.0, 0.0, 1.0]], [[0.004026615992188454, -0.9998207092285156, -0.018504083156585693, 0.0068359375], [0.03183856979012489, 0.018623031675815582, -0.9993195533752441, 1.4829826354980469], [0.9994848966598511, 0.0034347360488027334, 0.03190784528851509, -1.64556884765625], [0.0, 0.0, 0.0, 1.0]], [[-0.8461045622825623, -0.5315948724746704, -0.03890867903828621, 1.03143310546875], [0.03965281322598457, 0.010018330998718739, -0.9991632699966431, 1.4958584308624268], [0.5315398573875427, -0.8469395637512207, 0.012602675706148148, -1.2396240234375], [0.0, 0.0, 0.0, 1.0]], [[0.9476959109306335, 0.31846246123313904, 0.021310312673449516, -1.1412200927734375], [0.01386326551437378, 0.02563285455107689, -0.9995753169059753, 1.5620765686035156], [-0.31887346506118774, 0.9475888609886169, 0.019877221435308456, -0.1572265625], [0.0, 0.0, 0.0, 1.0]], [[0.01087990216910839, 0.9997764825820923, 0.01812754198908806, -0.02880859375], [0.01617959327995777, 0.017950229346752167, -0.9997079372406006, 1.568511962890625], [-0.9998099207878113, 0.011170029640197754, -0.015980679541826248, 0.016021728515625], [0.0, 0.0, 0.0, 1.0]], [[-0.9220029711723328, 0.3866274058818817, -0.02072860486805439, 1.1119384765625], [0.020420460030436516, -0.004904741421341896, -0.999779462814331, 1.54888916015625], [-0.38664376735687256, -0.922222912311554, -0.003372922306880355, -0.0634765625], [0.0, 0.0, 0.0, 1.0]]], "view": [[0.0, -2.0, 100.0], [-2.0, 0.0, 100.0], [0.0, 0.0, 1.0]], "bev": "bev_8db5f7622dba4feab4a3cd4ea5a14481.png", "aux": "aux_8db5f7622dba4feab4a3cd4ea5a14481.npz", "visibility": "visibility_8db5f7622dba4feab4a3cd4ea5a14481.png", "pose": [[-0.2027779072523117, -0.9792247414588928, 0.0, 1936.4368896484375], [0.9792247414588928, -0.2027779072523117, 0.0, 860.80224609375], [0.0, 0.0, 1.0, 0.0], [0.0, 0.0, 0.0, 1.0]], "pose_inverse": [[-0.2027779072523117, 0.9792247414588928, 0.0, -450.25225830078125], [-0.9792247414588928, -0.2027779072523117, 0.0, 2070.758544921875], [0.0, 0.0, 1.0, 0.0], [0.0, 0.0, 0.0, 1.0]], "cam_ids": [0, 1, 2, 3, 4, 5], "cam_channels": ["CAM_FRONT_LEFT", "CAM_FRONT", "CAM_FRONT_RIGHT", "CAM_BACK_LEFT", "CAM_BACK", "CAM_BACK_RIGHT"], "token": "8db5f7622dba4feab4a3cd4ea5a14481", "scene": "scene-0284"}, {"images": ["samples/CAM_FRONT_LEFT/n008-2018-08-31-11-19-57-0400__CAM_FRONT_LEFT__1535728829854799.jpg", "samples/CAM_FRONT/n008-2018-08-31-11-19-57-0400__CAM_FRONT__1535728829862404.jpg", "samples/CAM_FRONT_RIGHT/n008-2018-08-31-11-19-57-0400__CAM_FRONT_RIGHT__1535728829870482.jpg", "samples/CAM_BACK_LEFT/n008-2018-08-31-11-19-57-0400__CAM_BACK_LEFT__1535728829897405.jpg", "samples/CAM_BACK/n008-2018-08-31-11-19-57-0400__CAM_BACK__1535728829887558.jpg", "samples/CAM_BACK_RIGHT/n008-2018-08-31-11-19-57-0400__CAM_BACK_RIGHT__1535728829878113.jpg"], "intrinsics": [[[1257.8625342125129, 0.0, 827.2410631095686], [0.0, 1257.8625342125129, 450.915498205774], [0.0, 0.0, 1.0]], [[1252.8131021185304, 0.0, 826.588114781398], [0.0, 1252.8131021185304, 469.9846626224581], [0.0, 0.0, 1.0]], [[1256.7485116440405, 0.0, 817.7887570959712], [0.0, 1256.7485116440403, 451.9541780095127], [0.0, 0.0, 1.0]], [[1254.9860565800168, 0.0, 829.5769333630991], [0.0, 1254.9860565800168, 467.1680561863987], [0.0, 0.0, 1.0]], [[796.8910634503094, 0.0, 857.7774326863696], [0.0, 796.8910634503094, 476.8848988407415], [0.0, 0.0, 1.0]], [[1249.9629280788233, 0.0, 825.3768045375984], [0.0, 1249.9629280788233, 462.54816385708756], [0.0, 0.0, 1.0]]], "extrinsics": [[[0.8166220188140869, -0.5771458745002747, 0.005582610610872507, -0.9034423828125], [0.025619549676775932, 0.02658371813595295, -0.9993182420730591, 1.4913902282714844], [0.5766040086746216, 0.8162083029747009, 0.03649506717920303, -1.2640380859375], [0.0, 0.0, 0.0, 1.0]], [[0.0020203315652906895, -0.9997466206550598, -0.02241489663720131, 0.0068359375], [0.02746403217315674, 0.022461960092186928, -0.9993703961372375, 1.4829292297363281], [0.999620795249939, 0.001403394853696227, 0.027502458542585373, -1.632659912109375], [0.0, 0.0, 0.0, 1.0]], [[-0.8470455408096313, -0.5302138924598694, -0.0372423380613327, 1.02374267578125], [0.03534815087914467, 0.013719103299081326, -0.9992808699607849, 1.4958686828613281], [0.5303435325622559, -0.8477529287338257, 0.007121374364942312, -1.2347412109375], [0.0, 0.0, 0.0, 1.0]], [[0.9477787017822266, 0.3184051811695099, 0.018266139551997185, -1.14080810546875], [0.00954689271748066, 0.028923287987709045, -0.9995360374450684, 1.56207275390625], [-0.31878572702407837, 0.9475134015083313, 0.024373097345232964, -0.156982421875], [0.0, 0.0, 0.0, 1.0]], [[0.011467312462627888, 0.9997009634971619, 0.02159467525780201, -0.028564453125], [0.011860317550599575, 0.021458594128489494, -0.9996993541717529, 1.56842041015625], [-0.9998639822006226, 0.011720038019120693, -0.011610699817538261, 0.01300048828125], [0.0, 0.0, 0.0, 1.0]], [[-0.9217092394828796, 0.38758108019828796, -0.015265785157680511, 1.10693359375], [0.016043879091739655, -0.0012281796662136912, -0.9998705387115479, 1.5487432479858398], [-0.38754963874816895, -0.9218347668647766, -0.005086279474198818, -0.0655517578125], [0.0, 0.0, 0.0, 1.0]]], "view": [[0.0, -2.0, 100.0], [-2.0, 0.0, 100.0], [0.0, 0.0, 1.0]], "bev": "bev_fb915de4ae3942488c32a87f508d4732.png", "aux": "aux_fb915de4ae3942488c32a87f508d4732.npz", "visibility": "visibility_fb915de4ae3942488c32a87f508d4732.png", "pose": [[-0.2992343306541443, -0.9541796445846558, 0.0, 1936.1402587890625], [0.9541796445846558, -0.2992343306541443, 0.0, 861.9844970703125], [0.0, 0.0, 1.0, 0.0], [0.0, 0.0, 0.0, 1.0]], "pose_inverse": [[-0.2992343306541443, 0.9541796445846558, 0.0, -243.12843322753906], [-0.9541796445846558, -0.2992343306541443, 0.0, 2105.361083984375], [0.0, 0.0, 1.0, 0.0], [0.0, 0.0, 0.0, 1.0]], "cam_ids": [0, 1, 2, 3, 4, 5], "cam_channels": ["CAM_FRONT_LEFT", "CAM_FRONT", "CAM_FRONT_RIGHT", "CAM_BACK_LEFT", "CAM_BACK", "CAM_BACK_RIGHT"], "token": "fb915de4ae3942488c32a87f508d4732", "scene": "scene-0284"}, {"images": ["samples/CAM_FRONT_LEFT/n008-2018-08-31-11-19-57-0400__CAM_FRONT_LEFT__1535728830354799.jpg", "samples/CAM_FRONT/n008-2018-08-31-11-19-57-0400__CAM_FRONT__1535728830362404.jpg", "samples/CAM_FRONT_RIGHT/n008-2018-08-31-11-19-57-0400__CAM_FRONT_RIGHT__1535728830370482.jpg", "samples/CAM_BACK_LEFT/n008-2018-08-31-11-19-57-0400__CAM_BACK_LEFT__1535728830397405.jpg", "samples/CAM_BACK/n008-2018-08-31-11-19-57-0400__CAM_BACK__1535728830387558.jpg", "samples/CAM_BACK_RIGHT/n008-2018-08-31-11-19-57-0400__CAM_BACK_RIGHT__1535728830378113.jpg"], "intrinsics": [[[1257.8625342125129, 0.0, 827.2410631095686], [0.0, 1257.8625342125129, 450.915498205774], [0.0, 0.0, 1.0]], [[1252.8131021185304, 0.0, 826.588114781398], [0.0, 1252.8131021185304, 469.9846626224581], [0.0, 0.0, 1.0]], [[1256.7485116440405, 0.0, 817.7887570959712], [0.0, 1256.7485116440403, 451.9541780095127], [0.0, 0.0, 1.0]], [[1254.9860565800168, 0.0, 829.5769333630991], [0.0, 1254.9860565800168, 467.1680561863987], [0.0, 0.0, 1.0]], [[796.8910634503094, 0.0, 857.7774326863696], [0.0, 796.8910634503094, 476.8848988407415], [0.0, 0.0, 1.0]], [[1249.9629280788233, 0.0, 825.3768045375984], [0.0, 1249.9629280788233, 462.54816385708756], [0.0, 0.0, 1.0]]], "extrinsics": [[[0.8149411678314209, -0.5795435309410095, -0.00038622194551862776, -0.8817138671875], [0.016588080674409866, 0.023991933092474937, -0.9995744824409485, 1.4906654357910156], [0.5793062448501587, 0.8145880699157715, 0.02916552685201168, -1.2506103515625], [0.0, 0.0, 0.0, 1.0]], [[-0.0006163287325762212, -0.9998010993003845, -0.01993454247713089, 0.0087890625], [0.018315967172384262, 0.019919918850064278, -0.9996337890625, 1.4823493957519531], [0.9998320937156677, -0.0009812150383368134, 0.018300045281648636, -1.6119766235351562], [0.0, 0.0, 0.0, 1.0]], [[-0.8483530879020691, -0.5286881327629089, -0.028035659343004227, 1.0115966796875], [0.02604948915541172, 0.011207408271729946, -0.9995977878570557, 1.4955081939697266], [0.528789758682251, -0.8487421870231628, 0.004264215473085642, -1.224853515625], [0.0, 0.0, 0.0, 1.0]], [[0.94784015417099, 0.31863316893577576, 0.008482053875923157, -1.14410400390625], [4.9741793191060424e-05, 0.02646283432841301, -0.9996498227119446, 1.5619964599609375], [-0.3187461197376251, 0.9475086331367493, 0.025066688656806946, -0.1580810546875], [0.0, 0.0, 0.0, 1.0]], [[0.012312101200222969, 0.9997429847717285, 0.01903638243675232, -0.030029296875], [0.0024440912529826164, 0.01900768093764782, -0.9998162984848022, 1.568115234375], [-0.9999212622642517, 0.012356357648968697, -0.002209438942372799, 0.008758544921875], [0.0, 0.0, 0.0, 1.0]], [[-0.9212954640388489, 0.3887875974178314, -0.007669499609619379, 1.09674072265625], [0.006763060111552477, -0.0036999506410211325, -0.9999703168869019, 1.5482840538024902], [-0.3888043463230133, -0.9213199615478516, 0.0007793548284098506, -0.06787109375], [0.0, 0.0, 0.0, 1.0]]], "view": [[0.0, -2.0, 100.0], [-2.0, 0.0, 100.0], [0.0, 0.0, 1.0]], "bev": "bev_2a881c6bf5ca4dddb9bb14ceaf30a644.png", "aux": "aux_2a881c6bf5ca4dddb9bb14ceaf30a644.npz", "visibility": "visibility_2a881c6bf5ca4dddb9bb14ceaf30a644.png", "pose": [[-0.4280374050140381, -0.9037610292434692, 0.0, 1935.604736328125], [0.9037610292434692, -0.4280374050140381, 0.0, 863.3863525390625], [0.0, 0.0, 1.0, 0.0], [0.0, 0.0, 0.0, 1.0]], "pose_inverse": [[-0.4280374050140381, 0.9037610292434692, 0.0, 48.216331481933594], [-0.9037610292434692, -0.4280374050140381, 0.0, 2118.8857421875], [0.0, 0.0, 1.0, 0.0], [0.0, 0.0, 0.0, 1.0]], "cam_ids": [0, 1, 2, 3, 4, 5], "cam_channels": ["CAM_FRONT_LEFT", "CAM_FRONT", "CAM_FRONT_RIGHT", "CAM_BACK_LEFT", "CAM_BACK", "CAM_BACK_RIGHT"], "token": "2a881c6bf5ca4dddb9bb14ceaf30a644", "scene": "scene-0284"}, {"images": ["samples/CAM_FRONT_LEFT/n008-2018-08-31-11-19-57-0400__CAM_FRONT_LEFT__1535728830854799.jpg", "samples/CAM_FRONT/n008-2018-08-31-11-19-57-0400__CAM_FRONT__1535728830862404.jpg", "samples/CAM_FRONT_RIGHT/n008-2018-08-31-11-19-57-0400__CAM_FRONT_RIGHT__1535728830870482.jpg", "samples/CAM_BACK_LEFT/n008-2018-08-31-11-19-57-0400__CAM_BACK_LEFT__1535728830897405.jpg", "samples/CAM_BACK/n008-2018-08-31-11-19-57-0400__CAM_BACK__1535728830887558.jpg", "samples/CAM_BACK_RIGHT/n008-2018-08-31-11-19-57-0400__CAM_BACK_RIGHT__1535728830878113.jpg"], "intrinsics": [[[1257.8625342125129, 0.0, 827.2410631095686], [0.0, 1257.8625342125129, 450.915498205774], [0.0, 0.0, 1.0]], [[1252.8131021185304, 0.0, 826.588114781398], [0.0, 1252.8131021185304, 469.9846626224581], [0.0, 0.0, 1.0]], [[1256.7485116440405, 0.0, 817.7887570959712], [0.0, 1256.7485116440403, 451.9541780095127], [0.0, 0.0, 1.0]], [[1254.9860565800168, 0.0, 829.5769333630991], [0.0, 1254.9860565800168, 467.1680561863987], [0.0, 0.0, 1.0]], [[796.8910634503094, 0.0, 857.7774326863696], [0.0, 796.8910634503094, 476.8848988407415], [0.0, 0.0, 1.0]], [[1249.9629280788233, 0.0, 825.3768045375984], [0.0, 1249.9629280788233, 462.54816385708756], [0.0, 0.0, 1.0]]], "extrinsics": [[[0.8145958185195923, -0.5799940228462219, -0.006364643108099699, -0.873291015625], [0.006888534873723984, 0.02064591646194458, -0.9997630715370178, 1.4893379211425781], [0.5799880027770996, 0.8143590688705444, 0.020813386887311935, -1.2431640625], [0.0, 0.0, 0.0, 1.0]], [[-0.0011582942679524422, -0.999860405921936, -0.016667718067765236, 0.007568359375], [0.008869610726833344, 0.016656801104545593, -0.9998219609260559, 1.4812889099121094], [0.9999599456787109, -0.0013059654738754034, 0.008849079720675945, -1.603668212890625], [0.0, 0.0, 0.0, 1.0]], [[-0.8486829400062561, -0.5285787582397461, -0.018487976863980293, 1.0062255859375], [0.016752013936638832, 0.008073783479630947, -0.9998270869255066, 1.4947471618652344], [0.5286365747451782, -0.848845899105072, 0.002002674387767911, -1.2230224609375], [0.0, 0.0, 0.0, 1.0]], [[0.9479076266288757, 0.3185447156429291, -0.0006196850445121527, -1.142822265625], [-0.008722610771656036, 0.024011528119444847, -0.99967360496521, 1.5620193481445312], [-0.3184259235858917, 0.947603702545166, 0.025539252907037735, -0.1571044921875], [0.0, 0.0, 0.0, 1.0]], [[0.012534325011074543, 0.9997902512550354, 0.01619638130068779, -0.029052734375], [-0.006567193195223808, 0.016279613599181175, -0.9998459219932556, 1.5678043365478516], [-0.9998999238014221, 0.012426064349710941, 0.006769869942218065, 0.006591796875], [0.0, 0.0, 0.0, 1.0]], [[-0.9212750792503357, 0.38891130685806274, -0.00035618332913145423, 1.093505859375], [-0.002419615164399147, -0.00664754630997777, -0.9999749660491943, 1.5476436614990234], [-0.3889039158821106, -0.9212511777877808, 0.007065235171467066, -0.07080078125], [0.0, 0.0, 0.0, 1.0]]], "view": [[0.0, -2.0, 100.0], [-2.0, 0.0, 100.0], [0.0, 0.0, 1.0]], "bev": "bev_52e8f0fb8c24499aad54404875a13cdd.png", "aux": "aux_52e8f0fb8c24499aad54404875a13cdd.npz", "visibility": "visibility_52e8f0fb8c24499aad54404875a13cdd.png", "pose": [[-0.56817626953125, -0.8229068517684937, 0.0, 1934.7073974609375], [0.8229068517684937, -0.56817626953125, 0.0, 864.960205078125], [0.0, 0.0, 1.0, 0.0], [0.0, 0.0, 0.0, 1.0]], "pose_inverse": [[-0.56817626953125, 0.8229068517684937, 0.0, 387.4731140136719], [-0.8229068517684937, -0.56817626953125, 0.0, 2083.533935546875], [0.0, 0.0, 1.0, 0.0], [0.0, 0.0, 0.0, 1.0]], "cam_ids": [0, 1, 2, 3, 4, 5], "cam_channels": ["CAM_FRONT_LEFT", "CAM_FRONT", "CAM_FRONT_RIGHT", "CAM_BACK_LEFT", "CAM_BACK", "CAM_BACK_RIGHT"], "token": "52e8f0fb8c24499aad54404875a13cdd", "scene": "scene-0284"}, {"images": ["samples/CAM_FRONT_LEFT/n008-2018-08-31-11-19-57-0400__CAM_FRONT_LEFT__1535728831354799.jpg", "samples/CAM_FRONT/n008-2018-08-31-11-19-57-0400__CAM_FRONT__1535728831362404.jpg", "samples/CAM_FRONT_RIGHT/n008-2018-08-31-11-19-57-0400__CAM_FRONT_RIGHT__1535728831370482.jpg", "samples/CAM_BACK_LEFT/n008-2018-08-31-11-19-57-0400__CAM_BACK_LEFT__1535728831397405.jpg", "samples/CAM_BACK/n008-2018-08-31-11-19-57-0400__CAM_BACK__1535728831387558.jpg", "samples/CAM_BACK_RIGHT/n008-2018-08-31-11-19-57-0400__CAM_BACK_RIGHT__1535728831378113.jpg"], "intrinsics": [[[1257.8625342125129, 0.0, 827.2410631095686], [0.0, 1257.8625342125129, 450.915498205774], [0.0, 0.0, 1.0]], [[1252.8131021185304, 0.0, 826.588114781398], [0.0, 1252.8131021185304, 469.9846626224581], [0.0, 0.0, 1.0]], [[1256.7485116440405, 0.0, 817.7887570959712], [0.0, 1256.7485116440403, 451.9541780095127], [0.0, 0.0, 1.0]], [[1254.9860565800168, 0.0, 829.5769333630991], [0.0, 1254.9860565800168, 467.1680561863987], [0.0, 0.0, 1.0]], [[796.8910634503094, 0.0, 857.7774326863696], [0.0, 796.8910634503094, 476.8848988407415], [0.0, 0.0, 1.0]], [[1249.9629280788233, 0.0, 825.3768045375984], [0.0, 1249.9629280788233, 462.54816385708756], [0.0, 0.0, 1.0]]], "extrinsics": [[[0.8147472143173218, -0.5797628164291382, -0.007879837416112423, -0.8558349609375], [0.006930526811629534, 0.02332700975239277, -0.9997038245201111, 1.4893722534179688], [0.5797749161720276, 0.8144513964653015, 0.023023677989840508, -1.2354736328125], [0.0, 0.0, 0.0, 1.0]], [[-0.0008915016078390181, -0.9998138546943665, -0.01927475444972515, 0.0108642578125], [0.008592984639108181, 0.019266391173005104, -0.9997774958610535, 1.4813117980957031], [0.9999626874923706, -0.0010568959405645728, 0.008574209176003933, -1.58837890625], [0.0, 0.0, 0.0, 1.0]], [[-0.8485541939735413, -0.5287520289421082, -0.019418854266405106, 0.9976806640625], [0.016283472999930382, 0.010586777701973915, -0.9998113512992859, 1.4948501586914062], [0.5288578867912292, -0.8487103581428528, -0.0003735357604455203, -1.2139892578125], [0.0, 0.0, 0.0, 1.0]], [[0.9478086829185486, 0.31883856654167175, -0.0007750954828225076, -1.145751953125], [-0.009610573761165142, 0.026139218360185623, -0.9996120929718018, 1.5619964599609375], [-0.3186946511268616, 0.9474484920501709, 0.02783920243382454, -0.15771484375], [0.0, 0.0, 0.0, 1.0]], [[0.012424798682332039, 0.9997522830963135, 0.018468894064426422, -0.031005859375], [-0.00723898084834218, 0.01855977065861225, -0.999801516532898, 1.567718505859375], [-0.9998966455459595, 0.012288662604987621, 0.00746779004111886, 0.00341796875], [0.0, 0.0, 0.0, 1.0]], [[-0.921351969242096, 0.38872793316841125, 0.0010857140878215432, 1.0852584838867188], [-0.002971252426505089, -0.004249422810971737, -0.9999865889549255, 1.547593116760254], [-0.38871800899505615, -0.9213427901268005, 0.005070222541689873, -0.071044921875], [0.0, 0.0, 0.0, 1.0]]], "view": [[0.0, -2.0, 100.0], [-2.0, 0.0, 100.0], [0.0, 0.0, 1.0]], "bev": "bev_81bb51133a85471cbf2949c6b279b65a.png", "aux": "aux_81bb51133a85471cbf2949c6b279b65a.npz", "visibility": "visibility_81bb51133a85471cbf2949c6b279b65a.png", "pose": [[-0.7003596425056458, -0.7137901186943054, 0.0, 1933.4263916015625], [0.7137901186943054, -0.7003596425056458, 0.0, 866.556884765625], [0.0, 0.0, 1.0, 0.0], [0.0, 0.0, 0.0, 1.0]], "pose_inverse": [[-0.7003596425056458, 0.7137901186943054, 0.0, 735.5540771484375], [-0.7137901186943054, -0.7003596425056458, 0.0, 1986.962158203125], [0.0, 0.0, 1.0, 0.0], [0.0, 0.0, 0.0, 1.0]], "cam_ids": [0, 1, 2, 3, 4, 5], "cam_channels": ["CAM_FRONT_LEFT", "CAM_FRONT", "CAM_FRONT_RIGHT", "CAM_BACK_LEFT", "CAM_BACK", "CAM_BACK_RIGHT"], "token": "81bb51133a85471cbf2949c6b279b65a", "scene": "scene-0284"}, {"images": ["samples/CAM_FRONT_LEFT/n008-2018-08-31-11-19-57-0400__CAM_FRONT_LEFT__1535728831854799.jpg", "samples/CAM_FRONT/n008-2018-08-31-11-19-57-0400__CAM_FRONT__1535728831862404.jpg", "samples/CAM_FRONT_RIGHT/n008-2018-08-31-11-19-57-0400__CAM_FRONT_RIGHT__1535728831870482.jpg", "samples/CAM_BACK_LEFT/n008-2018-08-31-11-19-57-0400__CAM_BACK_LEFT__1535728831897405.jpg", "samples/CAM_BACK/n008-2018-08-31-11-19-57-0400__CAM_BACK__1535728831887558.jpg", "samples/CAM_BACK_RIGHT/n008-2018-08-31-11-19-57-0400__CAM_BACK_RIGHT__1535728831878113.jpg"], "intrinsics": [[[1257.8625342125129, 0.0, 827.2410631095686], [0.0, 1257.8625342125129, 450.915498205774], [0.0, 0.0, 1.0]], [[1252.8131021185304, 0.0, 826.588114781398], [0.0, 1252.8131021185304, 469.9846626224581], [0.0, 0.0, 1.0]], [[1256.7485116440405, 0.0, 817.7887570959712], [0.0, 1256.7485116440403, 451.9541780095127], [0.0, 0.0, 1.0]], [[1254.9860565800168, 0.0, 829.5769333630991], [0.0, 1254.9860565800168, 467.1680561863987], [0.0, 0.0, 1.0]], [[796.8910634503094, 0.0, 857.7774326863696], [0.0, 796.8910634503094, 476.8848988407415], [0.0, 0.0, 1.0]], [[1249.9629280788233, 0.0, 825.3768045375984], [0.0, 1249.9629280788233, 462.54816385708756], [0.0, 0.0, 1.0]]], "extrinsics": [[[0.8161202073097229, -0.5774533152580261, -0.022264491766691208, -0.8358917236328125], [-0.006763338111341, 0.02898058295249939, -0.9995570778846741, 1.4868087768554688], [0.5778427720069885, 0.815909206867218, 0.019746126607060432, -1.2177734375], [0.0, 0.0, 0.0, 1.0]], [[0.001220913603901863, -0.9996886253356934, -0.024923328310251236, 0.008544921875], [-0.004962934646755457, 0.024916984140872955, -0.9996771812438965, 1.4792518615722656], [0.9999869465827942, 0.00134419952519238, -0.0049309683963656425, -1.56658935546875], [0.0, 0.0, 0.0, 1.0]], [[-0.8476879000663757, -0.5303792953491211, -0.011093458160758018, 0.982421875], [0.0029132654890418053, 0.01625705510377884, -0.9998635649681091, 1.493408203125], [0.5304871797561646, -0.8476046323776245, -0.012235775589942932, -1.206787109375], [0.0, 0.0, 0.0, 1.0]], [[0.9478460550308228, 0.3185327649116516, -0.011173980310559273, -1.14404296875], [-0.022500569000840187, 0.03190130740404129, -0.9992377161979675, 1.5620231628417969], [-0.31793347001075745, 0.9473749399185181, 0.03740468993782997, -0.15673828125], [0.0, 0.0, 0.0, 1.0]], [[0.011881290934979916, 0.999642014503479, 0.023972559720277786, -0.029296875], [-0.020409876480698586, 0.0242116991430521, -0.9994984865188599, 1.567068099975586], [-0.9997211694717407, 0.011386086232960224, 0.02069023810327053, -0.003173828125], [0.0, 0.0, 0.0, 1.0]], [[-0.9218173623085022, 0.38731202483177185, 0.015558755956590176, 1.0746917724609375], [-0.01629040017724037, 0.0013939698692411184, -0.9998663067817688, 1.5463018417358398], [-0.38728201389312744, -0.9219475984573364, 0.005024483893066645, -0.077880859375], [0.0, 0.0, 0.0, 1.0]]], "view": [[0.0, -2.0, 100.0], [-2.0, 0.0, 100.0], [0.0, 0.0, 1.0]], "bev": "bev_af0db4e2e18942e3acd8b796e7593810.png", "aux": "aux_af0db4e2e18942e3acd8b796e7593810.npz", "visibility": "visibility_af0db4e2e18942e3acd8b796e7593810.png", "pose": [[-0.7953173518180847, -0.6061933040618896, 0.0, 1931.699951171875], [0.6061933040618896, -0.7953173518180847, 0.0, 868.1119995117188], [0.0, 0.0, 1.0, 0.0], [0.0, 0.0, 0.0, 1.0]], "pose_inverse": [[-0.7953173518180847, 0.6061933040618896, 0.0, 1010.0707397460938], [-0.6061933040618896, -0.7953173518180847, 0.0, 1861.4080810546875], [0.0, 0.0, 1.0, 0.0], [0.0, 0.0, 0.0, 1.0]], "cam_ids": [0, 1, 2, 3, 4, 5], "cam_channels": ["CAM_FRONT_LEFT", "CAM_FRONT", "CAM_FRONT_RIGHT", "CAM_BACK_LEFT", "CAM_BACK", "CAM_BACK_RIGHT"], "token": "af0db4e2e18942e3acd8b796e7593810", "scene": "scene-0284"}, {"images": ["samples/CAM_FRONT_LEFT/n008-2018-08-31-11-19-57-0400__CAM_FRONT_LEFT__1535728832354799.jpg", "samples/CAM_FRONT/n008-2018-08-31-11-19-57-0400__CAM_FRONT__1535728832362404.jpg", "samples/CAM_FRONT_RIGHT/n008-2018-08-31-11-19-57-0400__CAM_FRONT_RIGHT__1535728832370482.jpg", "samples/CAM_BACK_LEFT/n008-2018-08-31-11-19-57-0400__CAM_BACK_LEFT__1535728832397405.jpg", "samples/CAM_BACK/n008-2018-08-31-11-19-57-0400__CAM_BACK__1535728832387558.jpg", "samples/CAM_BACK_RIGHT/n008-2018-08-31-11-19-57-0400__CAM_BACK_RIGHT__1535728832378113.jpg"], "intrinsics": [[[1257.8625342125129, 0.0, 827.2410631095686], [0.0, 1257.8625342125129, 450.915498205774], [0.0, 0.0, 1.0]], [[1252.8131021185304, 0.0, 826.588114781398], [0.0, 1252.8131021185304, 469.9846626224581], [0.0, 0.0, 1.0]], [[1256.7485116440405, 0.0, 817.7887570959712], [0.0, 1256.7485116440403, 451.9541780095127], [0.0, 0.0, 1.0]], [[1254.9860565800168, 0.0, 829.5769333630991], [0.0, 1254.9860565800168, 467.1680561863987], [0.0, 0.0, 1.0]], [[796.8910634503094, 0.0, 857.7774326863696], [0.0, 796.8910634503094, 476.8848988407415], [0.0, 0.0, 1.0]], [[1249.9629280788233, 0.0, 825.3768045375984], [0.0, 1249.9629280788233, 462.54816385708756], [0.0, 0.0, 1.0]]], "extrinsics": [[[0.8155851364135742, -0.5783935189247131, -0.01678609475493431, -0.8077011108398438], [-0.00011904847633559257, 0.028841987252235413, -0.9995839595794678, 1.4880828857421875], [0.5786370635032654, 0.8152478933334351, 0.02345423772931099, -1.200927734375], [0.0, 0.0, 0.0, 1.0]], [[0.00022142087982501835, -0.9997022151947021, -0.02440253645181656, 0.0103759765625], [0.002125002443790436, 0.024402951821684837, -0.9996999502182007, 1.4804611206054688], [0.9999976754188538, 0.00016953096201177686, 0.002129774075001478, -1.53955078125], [0.0, 0.0, 0.0, 1.0]], [[-0.8481695652008057, -0.5294530391693115, -0.016965899616479874, 0.9652099609375], [0.010430951602756977, 0.015328585170209408, -0.9998281002044678, 1.4945793151855469], [0.5296220779418945, -0.848200798034668, -0.007478541694581509, -1.19500732421875], [0.0, 0.0, 0.0, 1.0]], [[0.9478638768196106, 0.3186538517475128, -0.0037147197872400284, -1.144287109375], [-0.013828475959599018, 0.029482660815119743, -0.9994696378707886, 1.5620269775390625], [-0.3183753788471222, 0.9474125504493713, 0.03235204517841339, -0.156494140625], [0.0, 0.0, 0.0, 1.0]], [[0.01211831159889698, 0.9996792078018188, 0.02224198915064335, -0.029541015625], [-0.012063969857990742, 0.022388173267245293, -0.999676525592804, 1.5673675537109375], [-0.999853789806366, 0.0118460