[{"images": ["samples/CAM_FRONT_LEFT/n008-2018-09-18-14-35-12-0400__CAM_FRONT_LEFT__1537295813854799.jpg", "samples/CAM_FRONT/n008-2018-09-18-14-35-12-0400__CAM_FRONT__1537295813862404.jpg", "samples/CAM_FRONT_RIGHT/n008-2018-09-18-14-35-12-0400__CAM_FRONT_RIGHT__1537295813870482.jpg", "samples/CAM_BACK_LEFT/n008-2018-09-18-14-35-12-0400__CAM_BACK_LEFT__1537295813897405.jpg", "samples/CAM_BACK/n008-2018-09-18-14-35-12-0400__CAM_BACK__1537295813887558.jpg", "samples/CAM_BACK_RIGHT/n008-2018-09-18-14-35-12-0400__CAM_BACK_RIGHT__1537295813878113.jpg"], "intrinsics": [[[1257.8625342125129, 0.0, 827.2410631095686], [0.0, 1257.8625342125129, 450.915498205774], [0.0, 0.0, 1.0]], [[1252.8131021185304, 0.0, 826.588114781398], [0.0, 1252.8131021185304, 469.9846626224581], [0.0, 0.0, 1.0]], [[1256.7485116440405, 0.0, 817.7887570959712], [0.0, 1256.7485116440403, 451.9541780095127], [0.0, 0.0, 1.0]], [[1254.9860565800168, 0.0, 829.5769333630991], [0.0, 1254.9860565800168, 467.1680561863987], [0.0, 0.0, 1.0]], [[796.8910634503094, 0.0, 857.7774326863696], [0.0, 796.8910634503094, 476.8848988407415], [0.0, 0.0, 1.0]], [[1249.9629280788233, 0.0, 825.3768045375984], [0.0, 1249.9629280788233, 462.54816385708756], [0.0, 0.0, 1.0]]], "extrinsics": [[[0.8278464674949646, -0.5609069466590881, -0.007323915604501963, -0.8195152282714844], [0.022038446739315987, 0.045567240566015244, -0.9987181425094604, 1.4932785034179688], [0.5605216026306152, 0.8266239166259766, 0.0500841960310936, -1.2069091796875], [0.0, 0.0, 0.0, 1.0]], [[0.01818363182246685, -0.9989746809005737, -0.04146065190434456, 0.0084228515625], [0.02418038807809353, 0.041894763708114624, -0.9988293647766113, 1.4846649169921875], [0.999542236328125, 0.01715986803174019, 0.024917393922805786, -1.5491943359375], [0.0, 0.0, 0.0, 1.0]], [[-0.8403893113136292, -0.540081262588501, -0.04536661505699158, 0.9691162109375], [0.03227982297539711, 0.03367938846349716, -0.9989112019538879, 1.49774169921875], [0.5410211682319641, -0.8409387469291687, -0.010870072059333324, -1.19964599609375], [0.0, 0.0, 0.0, 1.0]], [[0.9477307796478271, 0.3182776868343353, 0.022486230358481407, -1.136962890625], [0.006860454101115465, 0.0501309372484684, -0.9987190961837769, 1.5621109008789062], [-0.318997323513031, 0.9466711282730103, 0.04532710462808609, -0.157958984375], [0.0, 0.0, 0.0, 1.0]], [[0.006698841694742441, 0.9990895986557007, 0.04213092103600502, -0.0281982421875], [0.00903596356511116, 0.04206966608762741, -0.9990738034248352, 1.5685958862304688], [-0.9999367594718933, 0.007073335815221071, -0.008745919913053513, -0.01318359375], [0.0, 0.0, 0.0, 1.0]], [[-0.9252532124519348, 0.37931588292121887, -0.005076987203210592, 1.063232421875], [0.013240497559309006, 0.01891610398888588, -0.9997333884239197, 1.549224853515625], [-0.37911874055862427, -0.9250738620758057, -0.02252451702952385, -0.083984375], [0.0, 0.0, 0.0, 1.0]]], "view": [[0.0, -2.0, 100.0], [-2.0, 0.0, 100.0], [0.0, 0.0, 1.0]], "bev": "bev_67d2d74087714e4994a68c7347acf55a.png", "aux": "aux_67d2d74087714e4994a68c7347acf55a.npz", "visibility": "visibility_67d2d74087714e4994a68c7347acf55a.png", "pose": [[0.9599308371543884, 0.28023695945739746, 0.0, 1559.0274658203125], [-0.28023695945739746, 0.9599308371543884, 0.0, 1329.965087890625], [0.0, 0.0, 1.0, 0.0], [0.0, 0.0, 0.0, 1.0]], "pose_inverse": [[0.9599308371543884, -0.28023695945739746, 0.0, -1123.853271484375], [0.28023695945739746, 0.9599308371543884, 0.0, -1713.5716552734375], [0.0, 0.0, 1.0, 0.0], [0.0, 0.0, 0.0, 1.0]], "cam_ids": [0, 1, 2, 3, 4, 5], "cam_channels": ["CAM_FRONT_LEFT", "CAM_FRONT", "CAM_FRONT_RIGHT", "CAM_BACK_LEFT", "CAM_BACK", "CAM_BACK_RIGHT"], "token": "67d2d74087714e4994a68c7347acf55a", "scene": "scene-0625"}, {"images": ["samples/CAM_FRONT_LEFT/n008-2018-09-18-14-35-12-0400__CAM_FRONT_LEFT__1537295814354799.jpg", "samples/CAM_FRONT/n008-2018-09-18-14-35-12-0400__CAM_FRONT__1537295814362404.jpg", "samples/CAM_FRONT_RIGHT/n008-2018-09-18-14-35-12-0400__CAM_FRONT_RIGHT__1537295814370482.jpg", "samples/CAM_BACK_LEFT/n008-2018-09-18-14-35-12-0400__CAM_BACK_LEFT__1537295814397405.jpg", "samples/CAM_BACK/n008-2018-09-18-14-35-12-0400__CAM_BACK__1537295814387558.jpg", "samples/CAM_BACK_RIGHT/n008-2018-09-18-14-35-12-0400__CAM_BACK_RIGHT__1537295814378113.jpg"], "intrinsics": [[[1257.8625342125129, 0.0, 827.2410631095686], [0.0, 1257.8625342125129, 450.915498205774], [0.0, 0.0, 1.0]], [[1252.8131021185304, 0.0, 826.588114781398], [0.0, 1252.8131021185304, 469.9846626224581], [0.0, 0.0, 1.0]], [[1256.7485116440405, 0.0, 817.7887570959712], [0.0, 1256.7485116440403, 451.9541780095127], [0.0, 0.0, 1.0]], [[1254.9860565800168, 0.0, 829.5769333630991], [0.0, 1254.9860565800168, 467.1680561863987], [0.0, 0.0, 1.0]], [[796.8910634503094, 0.0, 857.7774326863696], [0.0, 796.8910634503094, 476.8848988407415], [0.0, 0.0, 1.0]], [[1249.9629280788233, 0.0, 825.3768045375984], [0.0, 1249.9629280788233, 462.54816385708756], [0.0, 0.0, 1.0]]], "extrinsics": [[[0.8251984119415283, -0.5647426247596741, -0.01065468043088913, -0.8076934814453125], [0.023617906495928764, 0.053344640880823135, -0.998296856880188, 1.493988037109375], [0.5643492341041565, 0.8235412240028381, 0.05735794082283974, -1.1976318359375], [0.0, 0.0, 0.0, 1.0]], [[0.014352565631270409, -0.9987139105796814, -0.048627302050590515, 0.0076904296875], [0.025687523186206818, 0.04898454621434212, -0.9984691739082336, 1.485260009765625], [0.999566912651062, 0.013081470504403114, 0.026357540860772133, -1.53765869140625], [0.0, 0.0, 0.0, 1.0]], [[-0.841973066329956, -0.5371926426887512, -0.050053808838129044, 0.9620361328125], [0.03384898230433464, 0.039995186030864716, -0.9986263513565063, 1.4982452392578125], [0.5384566783905029, -0.8425108194351196, -0.015491446480154991, -1.19561767578125], [0.0, 0.0, 0.0, 1.0]], [[0.9477488398551941, 0.3179957866668701, 0.025510648265480995, -1.1402587890625], [0.008778734132647514, 0.05393936485052109, -0.9985056519508362, 1.5620803833007812], [-0.318896621465683, 0.9465564489364624, 0.048329371958971024, -0.157470703125], [0.0, 0.0, 0.0, 1.0]], [[0.007901757024228573, 0.9988658428192139, 0.046953946352005005, -0.0283203125], [0.01078218873590231, 0.04686757177114487, -0.9988428354263306, 1.568695068359375], [-0.9999107122421265, 0.008398895151913166, -0.010399622842669487, -0.01397705078125], [0.0, 0.0, 0.0, 1.0]], [[-0.9243745803833008, 0.3814603388309479, -0.00442728353664279, 1.0584259033203125], [0.014929955825209618, 0.02457769401371479, -0.9995864033699036, 1.5494613647460938], [-0.38119372725486755, -0.9240583777427673, -0.028414182364940643, -0.0858154296875], [0.0, 0.0, 0.0, 1.0]]], "view": [[0.0, -2.0, 100.0], [-2.0, 0.0, 100.0], [0.0, 0.0, 1.0]], "bev": "bev_5c925e480ce5437eb6d362105100c760.png", "aux": "aux_5c925e480ce5437eb6d362105100c760.npz", "visibility": "visibility_5c925e480ce5437eb6d362105100c760.png", "pose": [[0.9352978467941284, 0.3538615107536316, 0.0, 1561.5074462890625], [-0.3538615107536316, 0.9352978467941284, 0.0, 1329.1114501953125], [0.0, 0.0, 1.0, 0.0], [0.0, 0.0, 0.0, 1.0]], "pose_inverse": [[0.9352978467941284, -0.3538615107536316, 0.0, -990.1531372070312], [0.3538615107536316, 0.9352978467941284, 0.0, -1795.6724853515625], [0.0, 0.0, 1.0, 0.0], [0.0, 0.0, 0.0, 1.0]], "cam_ids": [0, 1, 2, 3, 4, 5], "cam_channels": ["CAM_FRONT_LEFT", "CAM_FRONT", "CAM_FRONT_RIGHT", "CAM_BACK_LEFT", "CAM_BACK", "CAM_BACK_RIGHT"], "token": "5c925e480ce5437eb6d362105100c760", "scene": "scene-0625"}, {"images": ["samples/CAM_FRONT_LEFT/n008-2018-09-18-14-35-12-0400__CAM_FRONT_LEFT__1537295814854799.jpg", "samples/CAM_FRONT/n008-2018-09-18-14-35-12-0400__CAM_FRONT__1537295814862404.jpg", "samples/CAM_FRONT_RIGHT/n008-2018-09-18-14-35-12-0400__CAM_FRONT_RIGHT__1537295814870482.jpg", "samples/CAM_BACK_LEFT/n008-2018-09-18-14-35-12-0400__CAM_BACK_LEFT__1537295814897405.jpg", "samples/CAM_BACK/n008-2018-09-18-14-35-12-0400__CAM_BACK__1537295814887558.jpg", "samples/CAM_BACK_RIGHT/n008-2018-09-18-14-35-12-0400__CAM_BACK_RIGHT__1537295814878113.jpg"], "intrinsics": [[[1257.8625342125129, 0.0, 827.2410631095686], [0.0, 1257.8625342125129, 450.915498205774], [0.0, 0.0, 1.0]], [[1252.8131021185304, 0.0, 826.588114781398], [0.0, 1252.8131021185304, 469.9846626224581], [0.0, 0.0, 1.0]], [[1256.7485116440405, 0.0, 817.7887570959712], [0.0, 1256.7485116440403, 451.9541780095127], [0.0, 0.0, 1.0]], [[1254.9860565800168, 0.0, 829.5769333630991], [0.0, 1254.9860565800168, 467.1680561863987], [0.0, 0.0, 1.0]], [[796.8910634503094, 0.0, 857.7774326863696], [0.0, 796.8910634503094, 476.8848988407415], [0.0, 0.0, 1.0]], [[1249.9629280788233, 0.0, 825.3768045375984], [0.0, 1249.9629280788233, 462.54816385708756], [0.0, 0.0, 1.0]]], "extrinsics": [[[0.8246464729309082, -0.5656386613845825, -0.0033408263698220253, -0.810577392578125], [0.020492032170295715, 0.03577667474746704, -0.9991496801376343, 1.4931488037109375], [0.5652772188186646, 0.8238767981529236, 0.04109419137239456, -1.1993408203125], [0.0, 0.0, 0.0, 1.0]], [[0.013591524213552475, -0.999427080154419, -0.030994392931461334, 0.0076904296875], [0.022408293560147285, 0.03129391372203827, -0.9992590546607971, 1.4845428466796875], [0.9996565580368042, 0.012886960990726948, 0.022820789366960526, -1.5399169921875], [0.0, 0.0, 0.0, 1.0]], [[-0.8423671722412109, -0.5375913977622986, -0.03759009763598442, 0.9642333984375], [0.030401576310396194, 0.02223646454513073, -0.9992903470993042, 1.4976348876953125], [0.5380458235740662, -0.8429121971130371, -0.0023876414634287357, -1.197265625], [0.0, 0.0, 0.0, 1.0]], [[0.9478194713592529, 0.3184053301811218, 0.01600654236972332, -1.1439208984375], [0.004695065785199404, 0.036261219531297684, -0.9993312954902649, 1.562042236328125], [-0.3187728226184845, 0.9472607970237732, 0.03287415951490402, -0.1561279296875], [0.0, 0.0, 0.0, 1.0]], [[0.00815730169415474, 0.9995409846305847, 0.02917656861245632, -0.0284423828125], [0.006939943879842758, 0.029120247811079025, -0.9995517730712891, 1.5684471130371094], [-0.9999427199363708, 0.008356131613254547, -0.006699216086417437, -0.0106201171875], [0.0, 0.0, 0.0, 1.0]], [[-0.9242897629737854, 0.381610631942749, -0.007864423096179962, 1.061370849609375], [0.011314896866679192, 0.006798822432756424, -0.9999128580093384, 1.5490303039550781], [-0.38152387738227844, -0.9242982268333435, -0.010601965710520744, -0.0850830078125], [0.0, 0.0, 0.0, 1.0]]], "view": [[0.0, -2.0, 100.0], [-2.0, 0.0, 100.0], [0.0, 0.0, 1.0]], "bev": "bev_924154c08a8549c3b1e4a7e20aa0ab77.png", "aux": "aux_924154c08a8549c3b1e4a7e20aa0ab77.npz", "visibility": "visibility_924154c08a8549c3b1e4a7e20aa0ab77.png", "pose": [[0.9184352159500122, 0.39557141065597534, 0.0, 1563.9884033203125], [-0.39557141065597534, 0.9184352159500122, 0.0, 1328.0941162109375], [0.0, 0.0, 1.0, 0.0], [0.0, 0.0, 0.0, 1.0]], "pose_inverse": [[0.9184352159500122, -0.39557141065597534, 0.0, -911.0659790039062], [0.39557141065597534, 0.9184352159500122, 0.0, -1838.4375], [0.0, 0.0, 1.0, 0.0], [0.0, 0.0, 0.0, 1.0]], "cam_ids": [0, 1, 2, 3, 4, 5], "cam_channels": ["CAM_FRONT_LEFT", "CAM_FRONT", "CAM_FRONT_RIGHT", "CAM_BACK_LEFT", "CAM_BACK", "CAM_BACK_RIGHT"], "token": "924154c08a8549c3b1e4a7e20aa0ab77", "scene": "scene-0625"}, {"images": ["samples/CAM_FRONT_LEFT/n008-2018-09-18-14-35-12-0400__CAM_FRONT_LEFT__1537295815355092.jpg", "samples/CAM_FRONT/n008-2018-09-18-14-35-12-0400__CAM_FRONT__1537295815362404.jpg", "samples/CAM_FRONT_RIGHT/n008-2018-09-18-14-35-12-0400__CAM_FRONT_RIGHT__1537295815370482.jpg", "samples/CAM_BACK_LEFT/n008-2018-09-18-14-35-12-0400__CAM_BACK_LEFT__1537295815397405.jpg", "samples/CAM_BACK/n008-2018-09-18-14-35-12-0400__CAM_BACK__1537295815387558.jpg", "samples/CAM_BACK_RIGHT/n008-2018-09-18-14-35-12-0400__CAM_BACK_RIGHT__1537295815378113.jpg"], "intrinsics": [[[1257.8625342125129, 0.0, 827.2410631095686], [0.0, 1257.8625342125129, 450.915498205774], [0.0, 0.0, 1.0]], [[1252.8131021185304, 0.0, 826.588114781398], [0.0, 1252.8131021185304, 469.9846626224581], [0.0, 0.0, 1.0]], [[1256.7485116440405, 0.0, 817.7887570959712], [0.0, 1256.7485116440403, 451.9541780095127], [0.0, 0.0, 1.0]], [[1254.9860565800168, 0.0, 829.5769333630991], [0.0, 1254.9860565800168, 467.1680561863987], [0.0, 0.0, 1.0]], [[796.8910634503094, 0.0, 857.7774326863696], [0.0, 796.8910634503094, 476.8848988407415], [0.0, 0.0, 1.0]], [[1249.9629280788233, 0.0, 825.3768045375984], [0.0, 1249.9629280788233, 462.54816385708756], [0.0, 0.0, 1.0]]], "extrinsics": [[[0.824176013469696, -0.5663185715675354, 0.004138138610869646, -0.802642822265625], [0.019026558846235275, 0.020385531708598137, -0.9996111392974854, 1.4929389953613281], [0.5660140514373779, 0.8239342570304871, 0.02757636085152626, -1.1954345703125], [0.0, 0.0, 0.0, 1.0]], [[0.012822730466723442, -0.9997920393943787, -0.015857484191656113, 0.0086669921875], [0.020885271951556206, 0.016123123466968536, -0.9996518492698669, 1.4843902587890625], [0.9996996521949768, 0.012487075291574001, 0.02108767069876194, -1.53204345703125], [0.0, 0.0, 0.0, 1.0]], [[-0.8427221179008484, -0.5376091003417969, -0.02821267768740654, 0.95947265625], [0.028836939483880997, 0.0072518824599683285, -0.9995577931404114, 1.4975700378417969], [0.5375759601593018, -0.8431629538536072, 0.009391679428517818, -1.193115234375], [0.0, 0.0, 0.0, 1.0]], [[0.947831392288208, 0.31861966848373413, 0.009858136996626854, -1.14453125], [0.00312610249966383, 0.021633202210068703, -0.9997611045837402, 1.562042236328125], [-0.3187567889690399, 0.9476357698440552, 0.019508589059114456, -0.1558837890625], [0.0, 0.0, 0.0, 1.0]], [[0.00838813278824091, 0.9998602867126465, 0.014456639066338539, -0.028564453125], [0.00539061427116394, 0.014411723241209984, -0.9998815655708313, 1.5683631896972656], [-0.9999502301216125, 0.008465050719678402, -0.005268975161015987, -0.01239013671875], [0.0, 0.0, 0.0, 1.0]], [[-0.9241508841514587, 0.38183677196502686, -0.012077814899384975, 1.0571861267089844], [0.00974363088607788, -0.008046017959713936, -0.999920129776001, 1.548902988433838], [-0.3819034695625305, -0.9241946935653687, 0.0037152583245187998, -0.085693359375], [0.0, 0.0, 0.0, 1.0]]], "view": [[0.0, -2.0, 100.0], [-2.0, 0.0, 100.0], [0.0, 0.0, 1.0]], "bev": "bev_6a2b60e5f9ef4cb2a71ac115a3b105bc.png", "aux": "aux_6a2b60e5f9ef4cb2a71ac115a3b105bc.npz", "visibility": "visibility_6a2b60e5f9ef4cb2a71ac115a3b105bc.png", "pose": [[0.901531994342804, 0.4327124357223511, 0.0, 1566.5428466796875], [-0.4327124357223511, 0.901531994342804, 0.0, 1326.9166259765625], [0.0, 0.0, 1.0, 0.0], [0.0, 0.0, 0.0, 1.0]], "pose_inverse": [[0.901531994342804, -0.4327124357223511, 0.0, -838.1151733398438], [0.4327124357223511, 0.901531994342804, 0.0, -1874.120361328125], [0.0, 0.0, 1.0, 0.0], [0.0, 0.0, 0.0, 1.0]], "cam_ids": [0, 1, 2, 3, 4, 5], "cam_channels": ["CAM_FRONT_LEFT", "CAM_FRONT", "CAM_FRONT_RIGHT", "CAM_BACK_LEFT", "CAM_BACK", "CAM_BACK_RIGHT"], "token": "6a2b60e5f9ef4cb2a71ac115a3b105bc", "scene": "scene-0625"}, {"images": ["samples/CAM_FRONT_LEFT/n008-2018-09-18-14-35-12-0400__CAM_FRONT_LEFT__1537295815854799.jpg", "samples/CAM_FRONT/n008-2018-09-18-14-35-12-0400__CAM_FRONT__1537295815862404.jpg", "samples/CAM_FRONT_RIGHT/n008-2018-09-18-14-35-12-0400__CAM_FRONT_RIGHT__1537295815870482.jpg", "samples/CAM_BACK_LEFT/n008-2018-09-18-14-35-12-0400__CAM_BACK_LEFT__1537295815897405.jpg", "samples/CAM_BACK/n008-2018-09-18-14-35-12-0400__CAM_BACK__1537295815887558.jpg", "samples/CAM_BACK_RIGHT/n008-2018-09-18-14-35-12-0400__CAM_BACK_RIGHT__1537295815878113.jpg"], "intrinsics": [[[1257.8625342125129, 0.0, 827.2410631095686], [0.0, 1257.8625342125129, 450.915498205774], [0.0, 0.0, 1.0]], [[1252.8131021185304, 0.0, 826.588114781398], [0.0, 1252.8131021185304, 469.9846626224581], [0.0, 0.0, 1.0]], [[1256.7485116440405, 0.0, 817.7887570959712], [0.0, 1256.7485116440403, 451.9541780095127], [0.0, 0.0, 1.0]], [[1254.9860565800168, 0.0, 829.5769333630991], [0.0, 1254.9860565800168, 467.1680561863987], [0.0, 0.0, 1.0]], [[796.8910634503094, 0.0, 857.7774326863696], [0.0, 796.8910634503094, 476.8848988407415], [0.0, 0.0, 1.0]], [[1249.9629280788233, 0.0, 825.3768045375984], [0.0, 1249.9629280788233, 462.54816385708756], [0.0, 0.0, 1.0]]], "extrinsics": [[[0.823830783367157, -0.566821813583374, 0.003996421582996845, -0.79559326171875], [0.01490852702409029, 0.014619327150285244, -0.9997819662094116, 1.4920921325683594], [0.56663978099823, 0.8237107396125793, 0.020494328811764717, -1.1890869140625], [0.0, 0.0, 0.0, 1.0]], [[0.01216452568769455, -0.9998740553855896, -0.010196422226727009, 0.0076904296875], [0.01687469705939293, 0.010401003062725067, -0.9998035430908203, 1.4836978912353516], [0.9997836351394653, 0.011990095488727093, 0.01699909381568432, -1.52557373046875], [0.0, 0.0, 0.0, 1.0]], [[-0.8430685997009277, -0.537360668182373, -0.021882878616452217, 0.954345703125], [0.024915125221014023, 0.0016206951113417745, -0.9996882081031799, 1.4970932006835938], [0.5372286438941956, -0.8433510661125183, 0.012022050097584724, -1.1912841796875], [0.0, 0.0, 0.0, 1.0]], [[0.9478481411933899, 0.3186856806278229, 0.00483818631619215, -1.14208984375], [-0.00046302174450829625, 0.016556741669774055, -0.999862790107727, 1.5620441436767578], [-0.318722128868103, 0.9477158784866333, 0.015840832144021988, -0.15673828125], [0.0, 0.0, 0.0, 1.0]], [[0.008583850227296352, 0.9999216794967651, 0.009109877981245518, -0.028076171875], [0.001632930594496429, 0.009096185676753521, -0.999957263469696, 1.5681629180908203], [-0.9999618530273438, 0.008598361164331436, -0.001554722897708416, -0.015869140625], [0.0, 0.0, 0.0, 1.0]], [[-0.924070417881012, 0.3820750415325165, -0.010605056770145893, 1.0533480644226074], [0.00587460957467556, -0.013545368798077106, -0.9998909831047058, 1.5484943389892578], [-0.38217705488204956, -0.9240320324897766, 0.010272333398461342, -0.088134765625], [0.0, 0.0, 0.0, 1.0]]], "view": [[0.0, -2.0, 100.0], [-2.0, 0.0, 100.0], [0.0, 0.0, 1.0]], "bev": "bev_5bc6ae14c495473495ad8585b8eee2c6.png", "aux": "aux_5bc6ae14c495473495ad8585b8eee2c6.npz", "visibility": "visibility_5bc6ae14c495473495ad8585b8eee2c6.png", "pose": [[0.8865670561790466, 0.4626001715660095, 0.0, 1569.1473388671875], [-0.4626001715660095, 0.8865670561790466, 0.0, 1325.5902099609375], [0.0, 0.0, 1.0, 0.0], [0.0, 0.0, 0.0, 1.0]], "pose_inverse": [[0.8865670561790466, -0.4626001715660095, 0.0, -777.93603515625], [0.4626001715660095, 0.8865670561790466, 0.0, -1901.1124267578125], [0.0, 0.0, 1.0, 0.0], [0.0, 0.0, 0.0, 1.0]], "cam_ids": [0, 1, 2, 3, 4, 5], "cam_channels": ["CAM_FRONT_LEFT", "CAM_FRONT", "CAM_FRONT_RIGHT", "CAM_BACK_LEFT", "CAM_BACK", "CAM_BACK_RIGHT"], "token": "5bc6ae14c495473495ad8585b8eee2c6", "scene": "scene-0625"}, {"images": ["samples/CAM_FRONT_LEFT/n008-2018-09-18-14-35-12-0400__CAM_FRONT_LEFT__1537295816354799.jpg", "samples/CAM_FRONT/n008-2018-09-18-14-35-12-0400__CAM_FRONT__1537295816362404.jpg", "samples/CAM_FRONT_RIGHT/n008-2018-09-18-14-35-12-0400__CAM_FRONT_RIGHT__1537295816370482.jpg", "samples/CAM_BACK_LEFT/n008-2018-09-18-14-35-12-0400__CAM_BACK_LEFT__1537295816397405.jpg", "samples/CAM_BACK/n008-2018-09-18-14-35-12-0400__CAM_BACK__1537295816387558.jpg", "samples/CAM_BACK_RIGHT/n008-2018-09-18-14-35-12-0400__CAM_BACK_RIGHT__1537295816378113.jpg"], "intrinsics": [[[1257.8625342125129, 0.0, 827.2410631095686], [0.0, 1257.8625342125129, 450.915498205774], [0.0, 0.0, 1.0]], [[1252.8131021185304, 0.0, 826.588114781398], [0.0, 1252.8131021185304, 469.9846626224581], [0.0, 0.0, 1.0]], [[1256.7485116440405, 0.0, 817.7887570959712], [0.0, 1256.7485116440403, 451.9541780095127], [0.0, 0.0, 1.0]], [[1254.9860565800168, 0.0, 829.5769333630991], [0.0, 1254.9860565800168, 467.1680561863987], [0.0, 0.0, 1.0]], [[796.8910634503094, 0.0, 857.7774326863696], [0.0, 796.8910634503094, 476.8848988407415], [0.0, 0.0, 1.0]], [[1249.9629280788233, 0.0, 825.3768045375984], [0.0, 1249.9629280788233, 462.54816385708756], [0.0, 0.0, 1.0]]], "extrinsics": [[[0.8229941129684448, -0.568020761013031, 0.005750544369220734, -0.789154052734375], [0.01692126877605915, 0.01439556572586298, -0.9997531771659851, 1.4927291870117188], [0.567797839641571, 0.8228883147239685, 0.021459097042679787, -1.1845703125], [0.0, 0.0, 0.0, 1.0]], [[0.011121338233351707, -0.9998872876167297, -0.010081454180181026, 0.008056640625], [0.01886671409010887, 0.010290109552443027, -0.9997690320014954, 1.4842300415039062], [0.9997601509094238, 0.010928564704954624, 0.01897902972996235, -1.51904296875], [0.0, 0.0, 0.0, 1.0]], [[-0.8434641361236572, -0.5366698503494263, -0.023528195917606354, 0.9505615234375], [0.026850339025259018, 0.0016255457885563374, -0.9996381402015686, 1.4975318908691406], [0.5365139245986938, -0.8437907695770264, 0.013038678094744682, -1.188232421875], [0.0, 0.0, 0.0, 1.0]], [[0.947845458984375, 0.31866273283958435, 0.006558008957654238, -1.142578125], [0.0012069036019966006, 0.016986921429634094, -0.9998549222946167, 1.5620441436767578], [-0.318727970123291, 0.9477158784866333, 0.01571637950837612, -0.156494140625], [0.0, 0.0, 0.0, 1.0]], [[0.008875029161572456, 0.9999164938926697, 0.009390161372721195, -0.0281982421875], [0.0034851785749197006, 0.009359544143080711, -0.999950110912323, 1.568277359008789], [-0.9999545812606812, 0.008907337673008442, -0.0034018224105238914, -0.0172119140625], [0.0, 0.0, 0.0, 1.0]], [[-0.9238243699073792, 0.3826189935207367, -0.012292693369090557, 1.0504150390625], [0.007749727461487055, -0.01341237686574459, -0.9998800158500671, 1.548736572265625], [-0.38273799419403076, -0.9238088130950928, 0.009425489231944084, -0.089599609375], [0.0, 0.0, 0.0, 1.0]]], "view": [[0.0, -2.0, 100.0], [-2.0, 0.0, 100.0], [0.0, 0.0, 1.0]], "bev": "bev_a08cf86f5b2a4f5abdee5756820aa66f.png", "aux": "aux_a08cf86f5b2a4f5abdee5756820aa66f.npz", "visibility": "visibility_a08cf86f5b2a4f5abdee5756820aa66f.png", "pose": [[0.8788852095603943, 0.4770332872867584, 0.0, 1571.8397216796875], [-0.4770332872867584, 0.8788852095603943, 0.0, 1324.1461181640625], [0.0, 0.0, 1.0, 0.0], [0.0, 0.0, 0.0, 1.0]], "pose_inverse": [[0.8788852095603943, -0.4770332872867584, 0.0, -749.804931640625], [0.4770332872867584, 0.8788852095603943, 0.0, -1913.59228515625], [0.0, 0.0, 1.0, 0.0], [0.0, 0.0, 0.0, 1.0]], "cam_ids": [0, 1, 2, 3, 4, 5], "cam_channels": ["CAM_FRONT_LEFT", "CAM_FRONT", "CAM_FRONT_RIGHT", "CAM_BACK_LEFT", "CAM_BACK", "CAM_BACK_RIGHT"], "token": "a08cf86f5b2a4f5abdee5756820aa66f", "scene": "scene-0625"}, {"images": ["samples/CAM_FRONT_LEFT/n008-2018-09-18-14-35-12-0400__CAM_FRONT_LEFT__1537295816854799.jpg", "samples/CAM_FRONT/n008-2018-09-18-14-35-12-0400__CAM_FRONT__1537295816862404.jpg", "samples/CAM_FRONT_RIGHT/n008-2018-09-18-14-35-12-0400__CAM_FRONT_RIGHT__1537295816870482.jpg", "samples/CAM_BACK_LEFT/n008-2018-09-18-14-35-12-0400__CAM_BACK_LEFT__1537295816897405.jpg", "samples/CAM_BACK/n008-2018-09-18-14-35-12-0400__CAM_BACK__1537295816887558.jpg", "samples/CAM_BACK_RIGHT/n008-2018-09-18-14-35-12-0400__CAM_BACK_RIGHT__1537295816878113.jpg"], "intrinsics": [[[1257.8625342125129, 0.0, 827.2410631095686], [0.0, 1257.8625342125129, 450.915498205774], [0.0, 0.0, 1.0]], [[1252.8131021185304, 0.0, 826.588114781398], [0.0, 1252.8131021185304, 469.9846626224581], [0.0, 0.0, 1.0]], [[1256.7485116440405, 0.0, 817.7887570959712], [0.0, 1256.7485116440403, 451.9541780095127], [0.0, 0.0, 1.0]], [[1254.9860565800168, 0.0, 829.5769333630991], [0.0, 1254.9860565800168, 467.1680561863987], [0.0, 0.0, 1.0]], [[796.8910634503094, 0.0, 857.7774326863696], [0.0, 796.8910634503094, 476.8848988407415], [0.0, 0.0, 1.0]], [[1249.9629280788233, 0.0, 825.3768045375984], [0.0, 1249.9629280788233, 462.54816385708756], [0.0, 0.0, 1.0]]], "extrinsics": [[[0.8221510648727417, -0.5692653656005859, 0.0021244981326162815, -0.787445068359375], [0.014033637009561062, 0.01653670333325863, -0.9997647404670715, 1.491973876953125], [0.5690963268280029, 0.8219875693321228, 0.021584533154964447, -1.1842041015625], [0.0, 0.0, 0.0, 1.0]], [[0.00982840545475483, -0.9998747110366821, -0.012407572939991951, 0.008544921875], [0.01598372869193554, 0.012563676573336124, -0.9997933506965637, 1.4835929870605469], [0.9998239874839783, 0.009628083556890488, 0.016105210408568382, -1.51910400390625], [0.0, 0.0, 0.0, 1.0]], [[-0.8440506458282471, -0.5357950329780579, -0.022408340126276016, 0.9510498046875], [0.023997480049729347, 0.004006411414593458, -0.9997040033340454, 1.4970455169677734], [0.5357262492179871, -0.844338595867157, 0.009476116858422756, -1.1881103515625], [0.0, 0.0, 0.0, 1.0]], [[0.9478642344474792, 0.318636029958725, 0.004969908855855465, -1.142822265625], [-0.0013270475901663303, 0.01954209804534912, -0.999808132648468, 1.5620460510253906], [-0.31867197155952454, 0.9476756453514099, 0.018946098163723946, -0.1563720703125], [0.0, 0.0, 0.0, 1.0]], [[0.00926539208739996, 0.9998859167098999, 0.011931389570236206, -0.0284423828125], [0.0008303780923597515, 0.011924204416573048, -0.9999285340309143, 1.5681095123291016], [-0.9999567270278931, 0.009274642914533615, -0.0007198018720373511, -0.01678466796875], [0.0, 0.0, 0.0, 1.0]], [[-0.923586368560791, 0.3832903802394867, -0.008756198920309544, 1.0506019592285156], [0.0049441661685705185, -0.010929585434496403, -0.9999279975891113, 1.5484066009521484], [-0.3833584487438202, -0.9235632419586182, 0.008199365809559822, -0.088623046875], [0.0, 0.0, 0.0, 1.0]]], "view": [[0.0, -2.0, 100.0], [-2.0, 0.0, 100.0], [0.0, 0.0, 1.0]], "bev": "bev_ef659588544742c3beca0e3be01f3616.png", "aux": "aux_ef659588544742c3beca0e3be01f3616.npz", "visibility": "visibility_ef659588544742c3beca0e3be01f3616.png", "pose": [[0.8777883648872375, 0.47904860973358154, 0.0, 1574.5289306640625], [-0.47904860973358154, 0.8777883648872375, 0.0, 1322.664306640625], [0.0, 0.0, 1.0, 0.0], [0.0, 0.0, 0.0, 1.0]], "pose_inverse": [[0.8777883648872375, -0.47904860973358154, 0.0, -748.4827270507812], [0.47904860973358154, 0.8777883648872375, 0.0, -1915.2952880859375], [0.0, 0.0, 1.0, 0.0], [0.0, 0.0, 0.0, 1.0]], "cam_ids": [0, 1, 2, 3, 4, 5], "cam_channels": ["CAM_FRONT_LEFT", "CAM_FRONT", "CAM_FRONT_RIGHT", "CAM_BACK_LEFT", "CAM_BACK", "CAM_BACK_RIGHT"], "token": "ef659588544742c3beca0e3be01f3616", "scene": "scene-0625"}, {"images": ["samples/CAM_FRONT_LEFT/n008-2018-09-18-14-35-12-0400__CAM_FRONT_LEFT__1537295817354799.jpg", "samples/CAM_FRONT/n008-2018-09-18-14-35-12-0400__CAM_FRONT__1537295817362404.jpg", "samples/CAM_FRONT_RIGHT/n008-2018-09-18-14-35-12-0400__CAM_FRONT_RIGHT__1537295817370482.jpg", "samples/CAM_BACK_LEFT/n008-2018-09-18-14-35-12-0400__CAM_BACK_LEFT__1537295817397405.jpg", "samples/CAM_BACK/n008-2018-09-18-14-35-12-0400__CAM_BACK__1537295817387558.jpg", "samples/CAM_BACK_RIGHT/n008-2018-09-18-14-35-12-0400__CAM_BACK_RIGHT__1537295817378113.jpg"], "intrinsics": [[[1257.8625342125129, 0.0, 827.2410631095686], [0.0, 1257.8625342125129, 450.915498205774], [0.0, 0.0, 1.0]], [[1252.8131021185304, 0.0, 826.588114781398], [0.0, 1252.8131021185304, 469.9846626224581], [0.0, 0.0, 1.0]], [[1256.7485116440405, 0.0, 817.7887570959712], [0.0, 1256.7485116440403, 451.9541780095127], [0.0, 0.0, 1.0]], [[1254.9860565800168, 0.0, 829.5769333630991], [0.0, 1254.9860565800168, 467.1680561863987], [0.0, 0.0, 1.0]], [[796.8910634503094, 0.0, 857.7774326863696], [0.0, 796.8910634503094, 476.8848988407415], [0.0, 0.0, 1.0]], [[1249.9629280788233, 0.0, 825.3768045375984], [0.0, 1249.9629280788233, 462.54816385708756], [0.0, 0.0, 1.0]]], "extrinsics": [[[0.8227806687355042, -0.5683349370956421, -0.0052272905595600605, -0.78375244140625], [0.010333845391869545, 0.024154726415872574, -0.9996548295021057, 1.4910049438476562], [0.5682649612426758, 0.8224426507949829, 0.02574712596833706, -1.18310546875], [0.0, 0.0, 0.0, 1.0]], [[0.010701761581003666, -0.9997410774230957, -0.020078066736459732, 0.0093994140625], [0.012250851839780807, 0.020208796486258507, -0.9997207522392273, 1.4828262329101562], [0.9998676180839539, 0.010452798567712307, 0.012463950552046299, -1.5150146484375], [0.0, 0.0, 0.0, 1.0]], [[-0.843750536441803, -0.5362266302108765, -0.023366259410977364, 0.9478759765625], [0.020252414047718048, 0.011696325615048409, -0.999726414680481, 1.4964981079101562], [0.5363532900810242, -0.8439930081367493, 0.000991100911051035, -1.185302734375], [0.0, 0.0, 0.0, 1.0]], [[0.9478793740272522, 0.31860578060150146, 0.003867087885737419, -1.140869140625], [-0.005156004335731268, 0.027472341433167458, -0.9996092319488525, 1.5620193481445312], [-0.3185875415802002, 0.9474890232086182, 0.02768319845199585, -0.157470703125], [0.0, 0.0, 0.0, 1.0]], [[0.00905946921557188, 0.9997652173042297, 0.019682172685861588, -0.0286865234375], [-0.0030188083183020353, 0.0197102352976799, -0.9998010993003845, 1.5678558349609375], [-0.9999544024467468, 0.008998295292258263, 0.003196663921698928, -0.019775390625], [0.0, 0.0, 0.0, 1.0]], [[-0.923805296421051, 0.3828553259372711, -0.002327492693439126, 1.0470199584960938], [0.0011911424808204174, -0.0032051149755716324, -0.999994158744812, 1.5479602813720703], [-0.38286054134368896, -0.9238026738166809, 0.0025048675015568733, -0.08984375], [0.0, 0.0, 0.0, 1.0]]], "view": [[0.0, -2.0, 100.0], [-2.0, 0.0, 100.0], [0.0, 0.0, 1.0]], "bev": "bev_703ac7e5928a41c7a3138afa74e157ad.png", "aux": "aux_703ac7e5928a41c7a3138afa74e157ad.npz", "visibility": "visibility_703ac7e5928a41c7a3138afa74e157ad.png", "pose": [[0.8786934018135071, 0.477386474609375, 0.0, 1577.246337890625], [-0.477386474609375, 0.8786934018135071, 0.0, 1321.1669921875], [0.0, 0.0, 1.0, 0.0], [0.0, 0.0, 0.0, 1.0]], "pose_inverse": [[0.8786934018135071, -0.477386474609375, 0.0, -755.208740234375], [0.477386474609375, 0.8786934018135071, 0.0, -1913.8568115234375], [0.0, 0.0, 1.0, 0.0], [0.0, 0.0, 0.0, 1.0]], "cam_ids": [0, 1, 2, 3, 4, 5], "cam_channels": ["CAM_FRONT_LEFT", "CAM_FRONT", "CAM_FRONT_RIGHT", "CAM_BACK_LEFT", "CAM_BACK", "CAM_BACK_RIGHT"], "token": "703ac7e5928a41c7a3138afa74e157ad", "scene": "scene-0625"}, {"images": ["samples/CAM_FRONT_LEFT/n008-2018-09-18-14-35-12-0400__CAM_FRONT_LEFT__1537295817854799.jpg", "samples/CAM_FRONT/n008-2018-09-18-14-35-12-0400__CAM_FRONT__1537295817862404.jpg", "samples/CAM_FRONT_RIGHT/n008-2018-09-18-14-35-12-0400__CAM_FRONT_RIGHT__1537295817870482.jpg", "samples/CAM_BACK_LEFT/n008-2018-09-18-14-35-12-0400__CAM_BACK_LEFT__1537295817897405.jpg", "samples/CAM_BACK/n008-2018-09-18-14-35-12-0400__CAM_BACK__1537295817887558.jpg", "samples/CAM_BACK_RIGHT/n008-2018-09-18-14-35-12-0400__CAM_BACK_RIGHT__1537295817878113.jpg"], "intrinsics": [[[1257.8625342125129, 0.0, 827.2410631095686], [0.0, 1257.8625342125129, 450.915498205774], [0.0, 0.0, 1.0]], [[1252.8131021185304, 0.0, 826.588114781398], [0.0, 1252.8131021185304, 469.9846626224581], [0.0, 0.0, 1.0]], [[1256.7485116440405, 0.0, 817.7887570959712], [0.0, 1256.7485116440403, 451.9541780095127], [0.0, 0.0, 1.0]], [[1254.9860565800168, 0.0, 829.5769333630991], [0.0, 1254.9860565800168, 467.1680561863987], [0.0, 0.0, 1.0]], [[796.8910634503094, 0.0, 857.7774326863696], [0.0, 796.8910634503094, 476.8848988407415], [0.0, 0.0, 1.0]], [[1249.9629280788233, 0.0, 825.3768045375984], [0.0, 1249.9629280788233, 462.54816385708756], [0.0, 0.0, 1.0]]], "extrinsics": [[[0.8223550915718079, -0.5689162015914917, -0.00815712008625269, -0.7801513671875], [0.01237010769546032, 0.03221016749739647, -0.9994045495986938, 1.4915542602539062], [0.5688401460647583, 0.8217645287513733, 0.033525750041007996, -1.1815185546875], [0.0, 0.0, 0.0, 1.0]], [[0.010065793991088867, -0.9995600581169128, -0.02790053002536297, 0.0101318359375], [0.014275753870606422, 0.0280427485704422, -0.9995047450065613, 1.4832839965820312], [0.9998473525047302, 0.00966252014040947, 0.014551744796335697, -1.51092529296875], [0.0, 0.0, 0.0, 1.0]], [[-0.8439863920211792, -0.5355724096298218, -0.029140613973140717, 0.946044921875], [0.02226213738322258, 0.019304614514112473, -0.9995657801628113, 1.4968757629394531], [0.5359023809432983, -0.8442686200141907, -0.004369847942143679, -1.1832275390625], [0.0, 0.0, 0.0, 1.0]], [[0.9478912949562073, 0.31849613785743713, 0.007884113118052483, -1.1416015625], [-0.003245434956625104, 0.03439829498529434, -0.9994029402732849, 1.5620307922363281], [-0.31857722997665405, 0.9472997784614563, 0.03363950550556183, -0.156982421875], [0.0, 0.0, 0.0, 1.0]], [[0.00925145298242569, 0.9995954632759094, 0.026895001530647278, -0.029052734375], [-0.0010633780620992184, 0.0269059706479311, -0.9996373653411865, 1.5679702758789062], [-0.9999566078186035, 0.00921948254108429, 0.0013118665665388107, -0.0203857421875], [0.0, 0.0, 0.0, 1.0]], [[-0.9236485362052917, 0.38323819637298584, -0.0013248991454020143, 1.0452041625976562], [0.0031858752481639385, 0.0042212605476379395, -0.9999860525131226, 1.548201560974121], [-0.3832271993160248, -0.9236398935317993, -0.0051199099980294704, -0.08984375], [0.0, 0.0, 0.0, 1.0]]], "view": [[0.0, -2.0, 100.0], [-2.0, 0.0, 100.0], [0.0, 0.0, 1.0]], "bev": "bev_b39c76ccfad24cce9fedc2f27522e14a.png", "aux": "aux_b39c76ccfad24cce9fedc2f27522e14a.npz", "visibility": "visibility_b39c76ccfad24cce9fedc2f27522e14a.png", "pose": [[0.8804983496665955, 0.4740492105484009, 0.0, 1580.02978515625], [-0.4740492105484009, 0.8804983496665955, 0.0, 1319.647705078125], [0.0, 0.0, 1.0, 0.0], [0.0, 0.0, 0.0, 1.0]], "pose_inverse": [[0.8804983496665955, -0.4740492105484009, 0.0, -765.6356811523438], [0.4740492105484009, 0.8804983496665955, 0.0, -1910.95947265625], [0.0, 0.0, 1.0, 0.0], [0.0, 0.0, 0.0, 1.0]], "cam_ids": [0, 1, 2, 3, 4, 5], "cam_channels": ["CAM_FRONT_LEFT", "CAM_FRONT", "CAM_FRONT_RIGHT", "CAM_BACK_LEFT", "CAM_BACK", "CAM_BACK_RIGHT"], "token": "b39c76ccfad24cce9fedc2f27522e14a", "scene": "scene-0625"}, {"images": ["samples/CAM_FRONT_LEFT/n008-2018-09-18-14-35-12-0400__CAM_FRONT_LEFT__1537295818354799.jpg", "samples/CAM_FRONT/n008-2018-09-18-14-35-12-0400__CAM_FRONT__1537295818362404.jpg", "samples/CAM_FRONT_RIGHT/n008-2018-09-18-14-35-12-0400__CAM_FRONT_RIGHT__1537295818370482.jpg", "samples/CAM_BACK_LEFT/n008-2018-09-18-14-35-12-0400__CAM_BACK_LEFT__1537295818397405.jpg", "samples/CAM_BACK/n008-2018-09-18-14-35-12-0400__CAM_BACK__1537295818387558.jpg", "samples/CAM_BACK_RIGHT/n008-2018-09-18-14-35-12-0400__CAM_BACK_RIGHT__1537295818378113.jpg"], "intrinsics": [[[1257.8625342125129, 0.0, 827.2410631095686], [0.0, 1257.8625342125129, 450.915498205774], [0.0, 0.0, 1.0]], [[1252.8131021185304, 0.0, 826.588114781398], [0.0, 1252.8131021185304, 469.9846626224581], [0.0, 0.0, 1.0]], [[1256.7485116440405, 0.0, 817.7887570959712], [0.0, 1256.7485116440403, 451.9541780095127], [0.0, 0.0, 1.0]], [[1254.9860565800168, 0.0, 829.5769333630991], [0.0, 1254.9860565800168, 467.1680561863987], [0.0, 0.0, 1.0]], [[796.8910634503094, 0.0, 857.7774326863696], [0.0, 796.8910634503094, 476.8848988407415], [0.0, 0.0, 1.0]], [[1249.9629280788233, 0.0, 825.3768045375984], [0.0, 1249.9629280788233, 462.54816385708756], [0.0, 0.0, 1.0]]], "extrinsics": [[[0.8222310543060303, -0.5690102577209473, -0.012785742990672588, -0.787078857421875], [0.007606689818203449, 0.03344874083995819, -0.9994114637374878, 1.4902191162109375], [0.5691030025482178, 0.821649968624115, 0.03183087706565857, -1.185302734375], [0.0, 0.0, 0.0, 1.0]], [[0.009767331182956696, -0.999524712562561, -0.029241735115647316, 0.009033203125], [0.00948394276201725, 0.0293344147503376, -0.9995246529579163, 1.4821701049804688], [0.9999073147773743, 0.009485326707363129, 0.009765952825546265, -1.51776123046875], [0.0, 0.0, 0.0, 1.0]], [[-0.844180703163147, -0.5354369878768921, -0.0258142352104187, 0.949462890625], [0.017453884705901146, 0.020675737410783768, -0.9996338486671448, 1.4959793090820312], [0.5357746481895447, -0.844322144985199, -0.00810860376805067, -1.1865234375], [0.0, 0.0, 0.0, 1.0]], [[0.9479007124900818, 0.3185426592826843, 0.003855461021885276, -1.138916015625], [-0.008061196655035019, 0.036083199083805084, -0.9993162751197815, 1.5619926452636719], [-0.3184640109539032, 0.9472215175628662, 0.036771126091480255, -0.1580810546875], [0.0, 0.0, 0.0, 1.0]], [[0.009395619854331017, 0.9995519518852234, 0.028420569375157356, -0.02880859375], [-0.005910342559218407, 0.028476836159825325, -0.999576985836029, 1.5676651000976562], [-0.9999383687973022, 0.00922366976737976, 0.0061752526089549065, -0.02032470703125], [0.0, 0.0, 0.0, 1.0]], [[-0.9236150979995728, 0.38330337405204773, 0.0036950535140931606, 1.0477943420410156], [-0.0016417873557657003, 0.00568377273157239, -0.999982476234436, 1.5476055145263672], [-0.38331764936447144, -0.9236049652099609, -0.004620315041393042, -0.089599609375], [0.0, 0.0, 0.0, 1.0]]], "view": [[0.0, -2.0, 100.0], [-2.0, 0.0, 100.0], [0.0, 0.0, 1.0]], "bev": "bev_84a3ca70e40a4c5b94172cd8e20971a3.png", "aux": "aux_84a3ca70e40a4c5b94172cd8e20971a3.npz", "visibility": "visibility_84a3ca70e40a4c5b94172cd8e20971a3.png", "pose": [[0.8830384016036987, 0.4693007469177246, 0.0, 1582.7188720703125], [-0.4693007469177246, 0.8830384016036987, 0.0, 1318.1693115234375], [0.0, 0.0, 1.0, 0.0], [0.0, 0.0, 0.0, 1.0]], "pose_inverse": [[0.8830384016036987, -0.4693007469177246, 0.0, -778.9837036132812], [0.4693007469177246, 0.8830384016036987, 0.0, -1906.7652587890625], [0.0, 0.0, 1.0, 0.0], [0.0, 0.0, 0.0, 1.0]], "cam_ids": [0, 1, 2, 3, 4, 5], "cam_channels": ["CAM_FRONT_LEFT", "CAM_FRONT", "CAM_FRONT_RIGHT", "CAM_BACK_LEFT", "CAM_BACK", "CAM_BACK_RIGHT"], "token": "84a3ca70e40a4c5b94172cd8e20971a3", "scene": "scene-0625"}, {"images": ["samples/CAM_FRONT_LEFT/n008-2018-09-18-14-35-12-0400__CAM_FRONT_LEFT__1537295818854799.jpg", "samples/CAM_FRONT/n008-2018-09-18-14-35-12-0400__CAM_FRONT__1537295818862404.jpg", "samples/CAM_FRONT_RIGHT/n008-2018-09-18-14-35-12-0400__CAM_FRONT_RIGHT__1537295818870482.jpg", "samples/CAM_BACK_LEFT/n008-2018-09-18-14-35-12-0400__CAM_BACK_LEFT__1537295818897405.jpg", "samples/CAM_BACK/n008-2018-09-18-14-35-12-0400__CAM_BACK__1537295818887558.jpg", "samples/CAM_BACK_RIGHT/n008-2018-09-18-14-35-12-0400__CAM_BACK_RIGHT__1537295818878113.jpg"], "intrinsics": [[[1257.8625342125129, 0.0, 827.2410631095686], [0.0, 1257.8625342125129, 450.915498205774], [0.0, 0.0, 1.0]], [[1252.8131021185304, 0.0, 826.588114781398], [0.0, 1252.8131021185304, 469.9846626224581], [0.0, 0.0, 1.0]], [[1256.7485116440405, 0.0, 817.7887570959712], [0.0, 1256.7485116440403, 451.9541780095127], [0.0, 0.0, 1.0]], [[1254.9860565800168, 0.0, 829.5769333630991], [0.0, 1254.9860565800168, 467.1680561863987], [0.0, 0.0, 1.0]], [[796.8910634503094, 0.0, 857.7774326863696], [0.0, 796.8910634503094, 476.8848988407415], [0.0, 0.0, 1.0]], [[1249.9629280788233, 0.0, 825.3768045375984], [0.0, 1249.9629280788233, 462.54816385708756], [0.0, 0.0, 1.0]]], "extrinsics": [[[0.8224712610244751, -0.5685281157493591, -0.017797982320189476, -0.7923583984375], [0.0027438148390501738, 0.035255175083875656, -0.9993745684623718, 1.4889297485351562], [0.5688000321388245, 0.8219081163406372, 0.03055630624294281, -1.188720703125], [0.0, 0.0, 0.0, 1.0]], [[0.010124885477125645, -0.9994635581970215, -0.03114793263375759, 0.009033203125], [0.004656328819692135, 0.031196314841508865, -0.999502420425415, 1.4811058044433594], [0.9999379515647888, 0.00997483916580677, 0.004969688598066568, -1.52154541015625], [0.0, 0.0, 0.0, 1.0]], [[-0.844081699848175, -0.5357310771942139, -0.0227652620524168, 0.951171875], [0.012636242434382439, 0.022570323199033737, -0.999665379524231, 1.4951438903808594], [0.5360655784606934, -0.8440869450569153, -0.012281570583581924, -1.1873779296875], [0.0, 0.0, 0.0, 1.0]], [[0.9478630423545837, 0.318678081035614, -0.00017099424439948052, -1.132568359375], [-0.01295033935457468, 0.03798282518982887, -0.9991945028305054, 1.5618858337402344], [-0.3184148669242859, 0.9471017122268677, 0.04012950137257576, -0.159912109375], [0.0, 0.0, 0.0, 1.0]], [[0.009318607859313488, 0.9994980096817017, 0.030281582847237587, -0.0286865234375], [-0.010793260298669338, 0.030381668359041214, -0.9994800686836243, 1.5673141479492188], [-0.999898374080658, 0.00898692011833191, 0.011070