[{"images": ["samples/CAM_FRONT_LEFT/n008-2018-08-01-15-52-19-0400__CAM_FRONT_LEFT__1533153630254799.jpg", "samples/CAM_FRONT/n008-2018-08-01-15-52-19-0400__CAM_FRONT__1533153630262404.jpg", "samples/CAM_FRONT_RIGHT/n008-2018-08-01-15-52-19-0400__CAM_FRONT_RIGHT__1533153630270482.jpg", "samples/CAM_BACK_LEFT/n008-2018-08-01-15-52-19-0400__CAM_BACK_LEFT__1533153630297405.jpg", "samples/CAM_BACK/n008-2018-08-01-15-52-19-0400__CAM_BACK__1533153630287558.jpg", "samples/CAM_BACK_RIGHT/n008-2018-08-01-15-52-19-0400__CAM_BACK_RIGHT__1533153630278113.jpg"], "intrinsics": [[[1257.8625342125129, 0.0, 827.2410631095686], [0.0, 1257.8625342125129, 450.915498205774], [0.0, 0.0, 1.0]], [[1252.8131021185304, 0.0, 826.588114781398], [0.0, 1252.8131021185304, 469.9846626224581], [0.0, 0.0, 1.0]], [[1256.7485116440405, 0.0, 817.7887570959712], [0.0, 1256.7485116440403, 451.9541780095127], [0.0, 0.0, 1.0]], [[1254.9860565800168, 0.0, 829.5769333630991], [0.0, 1254.9860565800168, 467.1680561863987], [0.0, 0.0, 1.0]], [[796.8910634503094, 0.0, 857.7774326863696], [0.0, 796.8910634503094, 476.8848988407415], [0.0, 0.0, 1.0]], [[1249.9629280788233, 0.0, 825.3768045375984], [0.0, 1249.9629280788233, 462.54816385708756], [0.0, 0.0, 1.0]]], "extrinsics": [[[0.8223382830619812, -0.5686556696891785, -0.01976063661277294, -0.971923828125], [-0.0043345969170331955, 0.028467033058404922, -0.9995853304862976, 1.4880867004394531], [0.5689823627471924, 0.8220829963684082, 0.020944638177752495, -1.311798095703125], [0.0, 0.0, 0.0, 1.0]], [[0.009974481537938118, -0.9996519684791565, -0.024422144517302513, 0.00677490234375], [-0.0023758867755532265, 0.02439959906041622, -0.9996994733810425, 1.480062484741211], [0.9999474287033081, 0.01002949383109808, -0.00213168584741652, -1.7017822265625], [0.0, 0.0, 0.0, 1.0]], [[-0.8441563248634338, -0.5359342694282532, -0.013209380209445953, 1.0697021484375], [0.005643437150865793, 0.01575488969683647, -0.9998599290847778, 1.493199348449707], [0.5360674262046814, -0.8441126942634583, -0.010275079868733883, -1.26318359375], [0.0, 0.0, 0.0, 1.0]], [[0.947823703289032, 0.31867554783821106, -0.008719485253095627, -1.1435546875], [-0.019641201943159103, 0.03107489086687565, -0.9993240237236023, 1.5620269775390625], [-0.3181891441345215, 0.9473543167114258, 0.03571268916130066, -0.15625], [0.0, 0.0, 0.0, 1.0]], [[0.009391511790454388, 0.9996834993362427, 0.023334965109825134, -0.0291748046875], [-0.017557550221681595, 0.02349725179374218, -0.9995696544647217, 1.5678825378417969], [-0.9998018145561218, 0.008977784775197506, 0.017772670835256577, 0.0345458984375], [0.0, 0.0, 0.0, 1.0]], [[-0.9236830472946167, 0.38294851779937744, 0.012647654861211777, 1.1435546875], [-0.013390005566179752, 0.0007269796915352345, -0.9999101161956787, 1.5475635528564453], [-0.3829231858253479, -0.9237694144248962, 0.004456185270100832, -0.0500640869140625], [0.0, 0.0, 0.0, 1.0]]], "view": [[0.0, -2.0, 100.0], [-2.0, 0.0, 100.0], [0.0, 0.0, 1.0]], "bev": "bev_1100b838ee544231a494089ce390f503.png", "aux": "aux_1100b838ee544231a494089ce390f503.npz", "visibility": "visibility_1100b838ee544231a494089ce390f503.png", "pose": [[0.5508846640586853, -0.8345813751220703, 0.0, 1867.55322265625], [0.8345813751220703, 0.5508846640586853, 0.0, 1065.5267333984375], [0.0, 0.0, 1.0, 0.0], [0.0, 0.0, 0.0, 1.0]], "pose_inverse": [[0.5508846640586853, 0.8345813751220703, 0.0, -1918.0751953125], [-0.8345813751220703, 0.5508846640586853, 0.0, 971.642822265625], [0.0, 0.0, 1.0, 0.0], [0.0, 0.0, 0.0, 1.0]], "cam_ids": [0, 1, 2, 3, 4, 5], "cam_channels": ["CAM_FRONT_LEFT", "CAM_FRONT", "CAM_FRONT_RIGHT", "CAM_BACK_LEFT", "CAM_BACK", "CAM_BACK_RIGHT"], "token": "1100b838ee544231a494089ce390f503", "scene": "scene-0072"}, {"images": ["samples/CAM_FRONT_LEFT/n008-2018-08-01-15-52-19-0400__CAM_FRONT_LEFT__1533153630754799.jpg", "samples/CAM_FRONT/n008-2018-08-01-15-52-19-0400__CAM_FRONT__1533153630762404.jpg", "samples/CAM_FRONT_RIGHT/n008-2018-08-01-15-52-19-0400__CAM_FRONT_RIGHT__1533153630770482.jpg", "samples/CAM_BACK_LEFT/n008-2018-08-01-15-52-19-0400__CAM_BACK_LEFT__1533153630797405.jpg", "samples/CAM_BACK/n008-2018-08-01-15-52-19-0400__CAM_BACK__1533153630787558.jpg", "samples/CAM_BACK_RIGHT/n008-2018-08-01-15-52-19-0400__CAM_BACK_RIGHT__1533153630778113.jpg"], "intrinsics": [[[1257.8625342125129, 0.0, 827.2410631095686], [0.0, 1257.8625342125129, 450.915498205774], [0.0, 0.0, 1.0]], [[1252.8131021185304, 0.0, 826.588114781398], [0.0, 1252.8131021185304, 469.9846626224581], [0.0, 0.0, 1.0]], [[1256.7485116440405, 0.0, 817.7887570959712], [0.0, 1256.7485116440403, 451.9541780095127], [0.0, 0.0, 1.0]], [[1254.9860565800168, 0.0, 829.5769333630991], [0.0, 1254.9860565800168, 467.1680561863987], [0.0, 0.0, 1.0]], [[796.8910634503094, 0.0, 857.7774326863696], [0.0, 796.8910634503094, 476.8848988407415], [0.0, 0.0, 1.0]], [[1249.9629280788233, 0.0, 825.3768045375984], [0.0, 1249.9629280788233, 462.54816385708756], [0.0, 0.0, 1.0]]], "extrinsics": [[[0.8224904537200928, -0.568470299243927, -0.01873055100440979, -0.991455078125], [-0.002253530779853463, 0.029673926532268524, -0.9995570778846741, 1.48822021484375], [0.5687743425369263, 0.8221684098243713, 0.023125456646084785, -1.3255615234375], [0.0, 0.0, 0.0, 1.0]], [[0.010160434059798717, -0.9996214509010315, -0.025564899668097496, 0.0068359375], [-0.00023926746507640928, 0.025563785806298256, -0.9996731281280518, 1.480133056640625], [0.999948263168335, 0.01016316656023264, 2.0560355551424436e-05, -1.7218017578125], [0.0, 0.0, 0.0, 1.0]], [[-0.8440885543823242, -0.5359748601913452, -0.015666212886571884, 1.0826416015625], [0.007839948870241642, 0.016877448186278343, -0.9998267889022827, 1.4931339025497437], [0.5361464619636536, -0.8440651893615723, -0.010044046677649021, -1.2713623046875], [0.0, 0.0, 0.0, 1.0]], [[0.9478456974029541, 0.3186706006526947, -0.00613658269867301, -1.1436767578125], [-0.01725604012608528, 0.03208188712596893, -0.999336302280426, 1.5620346069335938], [-0.31826215982437134, 0.947322428226471, 0.03590766713023186, -0.1563720703125], [0.0, 0.0, 0.0, 1.0]], [[0.009350826032459736, 0.9996583461761475, 0.02440456859767437, -0.02923583984375], [-0.015251201577484608, 0.024545369669795036, -0.9995823502540588, 1.5679969787597656], [-0.9998399019241333, 0.008974769152700901, 0.01547551155090332, 0.0404052734375], [0.0, 0.0, 0.0, 1.0]], [[-0.9237114787101746, 0.38293036818504333, 0.011005853302776814, 1.154052734375], [-0.011157325468957424, 0.0018253920134156942, -0.999936044216156, 1.5477294921875], [-0.38292598724365234, -0.923775315284729, 0.0025863442569971085, -0.04571533203125], [0.0, 0.0, 0.0, 1.0]]], "view": [[0.0, -2.0, 100.0], [-2.0, 0.0, 100.0], [0.0, 0.0, 1.0]], "bev": "bev_cacbc816033d4ad08c20cebb3fe84cc7.png", "aux": "aux_cacbc816033d4ad08c20cebb3fe84cc7.npz", "visibility": "visibility_cacbc816033d4ad08c20cebb3fe84cc7.png", "pose": [[0.5512141585350037, -0.8343637585639954, 0.0, 1867.74658203125], [0.8343637585639954, 0.5512141585350037, 0.0, 1065.78857421875], [0.0, 0.0, 1.0, 0.0], [0.0, 0.0, 0.0, 1.0]], "pose_inverse": [[0.5512141585350037, 0.8343637585639954, 0.0, -1918.7838134765625], [-0.8343637585639954, 0.5512141585350037, 0.0, 970.90234375], [0.0, 0.0, 1.0, 0.0], [0.0, 0.0, 0.0, 1.0]], "cam_ids": [0, 1, 2, 3, 4, 5], "cam_channels": ["CAM_FRONT_LEFT", "CAM_FRONT", "CAM_FRONT_RIGHT", "CAM_BACK_LEFT", "CAM_BACK", "CAM_BACK_RIGHT"], "token": "cacbc816033d4ad08c20cebb3fe84cc7", "scene": "scene-0072"}, {"images": ["samples/CAM_FRONT_LEFT/n008-2018-08-01-15-52-19-0400__CAM_FRONT_LEFT__1533153631254809.jpg", "samples/CAM_FRONT/n008-2018-08-01-15-52-19-0400__CAM_FRONT__1533153631262404.jpg", "samples/CAM_FRONT_RIGHT/n008-2018-08-01-15-52-19-0400__CAM_FRONT_RIGHT__1533153631270482.jpg", "samples/CAM_BACK_LEFT/n008-2018-08-01-15-52-19-0400__CAM_BACK_LEFT__1533153631297405.jpg", "samples/CAM_BACK/n008-2018-08-01-15-52-19-0400__CAM_BACK__1533153631287558.jpg", "samples/CAM_BACK_RIGHT/n008-2018-08-01-15-52-19-0400__CAM_BACK_RIGHT__1533153631278113.jpg"], "intrinsics": [[[1257.8625342125129, 0.0, 827.2410631095686], [0.0, 1257.8625342125129, 450.915498205774], [0.0, 0.0, 1.0]], [[1252.8131021185304, 0.0, 826.588114781398], [0.0, 1252.8131021185304, 469.9846626224581], [0.0, 0.0, 1.0]], [[1256.7485116440405, 0.0, 817.7887570959712], [0.0, 1256.7485116440403, 451.9541780095127], [0.0, 0.0, 1.0]], [[1254.9860565800168, 0.0, 829.5769333630991], [0.0, 1254.9860565800168, 467.1680561863987], [0.0, 0.0, 1.0]], [[796.8910634503094, 0.0, 857.7774326863696], [0.0, 796.8910634503094, 476.8848988407415], [0.0, 0.0, 1.0]], [[1249.9629280788233, 0.0, 825.3768045375984], [0.0, 1249.9629280788233, 462.54816385708756], [0.0, 0.0, 1.0]]], "extrinsics": [[[0.8225083947181702, -0.5685898065567017, -0.013620557263493538, -0.99755859375], [0.004496437963098288, 0.030448067933321, -0.9995262622833252, 1.4883098602294922], [0.5687351822853088, 0.8220574855804443, 0.027600420638918877, -1.32904052734375], [0.0, 0.0, 0.0, 1.0]], [[0.010200229473412037, -0.9996029734611511, -0.02626604028046131, 0.00634765625], [0.0065256753005087376, 0.026333393529057503, -0.9996318817138672, 1.4801912307739258], [0.999926745891571, 0.010025039315223694, 0.006791688967496157, -1.7274169921875], [0.0, 0.0, 0.0, 1.0]], [[-0.8440195918083191, -0.5358689427375793, -0.021807651966810226, 1.0858154296875], [0.014634538441896439, 0.017635077238082886, -0.9997373819351196, 1.4931459426879883], [0.5361127853393555, -0.8441170454025269, -0.00704215606674552, -1.2740478515625], [0.0, 0.0, 0.0, 1.0]], [[0.9478645920753479, 0.31867295503616333, 0.0004922417574562132, -1.1439208984375], [-0.010508126579225063, 0.03279923275113106, -0.9994066953659058, 1.562042236328125], [-0.3185000717639923, 0.9472970366477966, 0.034437887370586395, -0.1561279296875], [0.0, 0.0, 0.0, 1.0]], [[0.009225691668689251, 0.9996396899223328, 0.025205451995134354, -0.029052734375], [-0.008459247648715973, 0.02528364211320877, -0.9996445178985596, 1.5680389404296875], [-0.9999216198921204, 0.009009194560348988, 0.00868945848196745, 0.042236328125], [0.0, 0.0, 0.0, 1.0]], [[-0.9237342476844788, 0.3830013871192932, 0.00500843208283186, 1.156494140625], [-0.004354229662567377, 0.0025749688502401114, -0.9999871850013733, 1.5477933883666992], [-0.3830093443393707, -0.923744261264801, -0.0007109114085324109, -0.0448760986328125], [0.0, 0.0, 0.0, 1.0]]], "view": [[0.0, -2.0, 100.0], [-2.0, 0.0, 100.0], [0.0, 0.0, 1.0]], "bev": "bev_47e6b3fa70cc4649a4d88c5a13e9c20a.png", "aux": "aux_47e6b3fa70cc4649a4d88c5a13e9c20a.npz", "visibility": "visibility_47e6b3fa70cc4649a4d88c5a13e9c20a.png", "pose": [[0.5508986711502075, -0.8345721364021301, 0.0, 1867.8380126953125], [0.8345721364021301, 0.5508986711502075, 0.0, 1065.901611328125], [0.0, 0.0, 1.0, 0.0], [0.0, 0.0, 0.0, 1.0]], "pose_inverse": [[0.5508986711502075, 0.8345721364021301, 0.0, -1918.561279296875], [-0.8345721364021301, 0.5508986711502075, 0.0, 971.6417236328125], [0.0, 0.0, 1.0, 0.0], [0.0, 0.0, 0.0, 1.0]], "cam_ids": [0, 1, 2, 3, 4, 5], "cam_channels": ["CAM_FRONT_LEFT", "CAM_FRONT", "CAM_FRONT_RIGHT", "CAM_BACK_LEFT", "CAM_BACK", "CAM_BACK_RIGHT"], "token": "47e6b3fa70cc4649a4d88c5a13e9c20a", "scene": "scene-0072"}, {"images": ["samples/CAM_FRONT_LEFT/n008-2018-08-01-15-52-19-0400__CAM_FRONT_LEFT__1533153631754799.jpg", "samples/CAM_FRONT/n008-2018-08-01-15-52-19-0400__CAM_FRONT__1533153631762404.jpg", "samples/CAM_FRONT_RIGHT/n008-2018-08-01-15-52-19-0400__CAM_FRONT_RIGHT__1533153631770482.jpg", "samples/CAM_BACK_LEFT/n008-2018-08-01-15-52-19-0400__CAM_BACK_LEFT__1533153631797405.jpg", "samples/CAM_BACK/n008-2018-08-01-15-52-19-0400__CAM_BACK__1533153631787558.jpg", "samples/CAM_BACK_RIGHT/n008-2018-08-01-15-52-19-0400__CAM_BACK_RIGHT__1533153631778113.jpg"], "intrinsics": [[[1257.8625342125129, 0.0, 827.2410631095686], [0.0, 1257.8625342125129, 450.915498205774], [0.0, 0.0, 1.0]], [[1252.8131021185304, 0.0, 826.588114781398], [0.0, 1252.8131021185304, 469.9846626224581], [0.0, 0.0, 1.0]], [[1256.7485116440405, 0.0, 817.7887570959712], [0.0, 1256.7485116440403, 451.9541780095127], [0.0, 0.0, 1.0]], [[1254.9860565800168, 0.0, 829.5769333630991], [0.0, 1254.9860565800168, 467.1680561863987], [0.0, 0.0, 1.0]], [[796.8910634503094, 0.0, 857.7774326863696], [0.0, 796.8910634503094, 476.8848988407415], [0.0, 0.0, 1.0]], [[1249.9629280788233, 0.0, 825.3768045375984], [0.0, 1249.9629280788233, 462.54816385708756], [0.0, 0.0, 1.0]]], "extrinsics": [[[0.8225137591362, -0.5686287879943848, -0.011515540070831776, -0.986328125], [0.007187477312982082, 0.03063798137009144, -0.9995046854019165, 1.488433837890625], [0.5686999559402466, 0.8220235109329224, 0.02928716503083706, -1.32098388671875], [0.0, 0.0, 0.0, 1.0]], [[0.010232100263237953, -0.9995983242988586, -0.02642882987856865, 0.00616455078125], [0.009174593724310398, 0.02652294933795929, -0.9996060729026794, 1.4803171157836914], [0.9999055862426758, 0.009985576383769512, 0.009442294016480446, -1.71630859375], [0.0, 0.0, 0.0, 1.0]], [[-0.843975841999054, -0.5358396172523499, -0.02409963123500347, 1.078857421875], [0.0172298401594162, 0.017823725938796997, -0.9996926784515381, 1.4933109283447266], [0.5361044406890869, -0.8441317081451416, -0.005810364615172148, -1.2696533203125], [0.0, 0.0, 0.0, 1.0]], [[0.9478715658187866, 0.3186396658420563, 0.0028746663592755795, -1.1424560546875], [-0.008061680011451244, 0.03299790620803833, -0.9994229078292847, 1.5620269775390625], [-0.3185506761074066, 0.9473013877868652, 0.033846545964479446, -0.156494140625], [0.0, 0.0, 0.0, 1.0]], [[0.009188933297991753, 0.9996344447135925, 0.025428587570786476, -0.029052734375], [-0.005959243047982454, 0.025483954697847366, -0.999657392501831, 1.568023681640625], [-0.999940037727356, 0.009034315124154091, 0.006191235966980457, 0.0384521484375], [0.0, 0.0, 0.0, 1.0]], [[-0.9237357378005981, 0.38302081823349, 0.0027190998662263155, 1.151123046875], [-0.001796077354811132, 0.0027674322482198477, -0.9999945759773254, 1.5477924346923828], [-0.38302624225616455, -0.9237356185913086, -0.0018684406531974673, -0.04742431640625], [0.0, 0.0, 0.0, 1.0]]], "view": [[0.0, -2.0, 100.0], [-2.0, 0.0, 100.0], [0.0, 0.0, 1.0]], "bev": "bev_4bbbf943032d41bcb5a3bf7b958684f8.png", "aux": "aux_4bbbf943032d41bcb5a3bf7b958684f8.npz", "visibility": "visibility_4bbbf943032d41bcb5a3bf7b958684f8.png", "pose": [[0.5501894950866699, -0.8350398540496826, 0.0, 1867.9505615234375], [0.8350398540496826, 0.5501894950866699, 0.0, 1066.0560302734375], [0.0, 0.0, 1.0, 0.0], [0.0, 0.0, 0.0, 1.0]], "pose_inverse": [[0.5501894950866699, 0.8350398540496826, 0.0, -1917.926025390625], [-0.8350398540496826, 0.5501894950866699, 0.0, 973.2802734375], [0.0, 0.0, 1.0, 0.0], [0.0, 0.0, 0.0, 1.0]], "cam_ids": [0, 1, 2, 3, 4, 5], "cam_channels": ["CAM_FRONT_LEFT", "CAM_FRONT", "CAM_FRONT_RIGHT", "CAM_BACK_LEFT", "CAM_BACK", "CAM_BACK_RIGHT"], "token": "4bbbf943032d41bcb5a3bf7b958684f8", "scene": "scene-0072"}, {"images": ["samples/CAM_FRONT_LEFT/n008-2018-08-01-15-52-19-0400__CAM_FRONT_LEFT__1533153632254799.jpg", "samples/CAM_FRONT/n008-2018-08-01-15-52-19-0400__CAM_FRONT__1533153632262404.jpg", "samples/CAM_FRONT_RIGHT/n008-2018-08-01-15-52-19-0400__CAM_FRONT_RIGHT__1533153632270482.jpg", "samples/CAM_BACK_LEFT/n008-2018-08-01-15-52-19-0400__CAM_BACK_LEFT__1533153632297405.jpg", "samples/CAM_BACK/n008-2018-08-01-15-52-19-0400__CAM_BACK__1533153632287558.jpg", "samples/CAM_BACK_RIGHT/n008-2018-08-01-15-52-19-0400__CAM_BACK_RIGHT__1533153632278113.jpg"], "intrinsics": [[[1257.8625342125129, 0.0, 827.2410631095686], [0.0, 1257.8625342125129, 450.915498205774], [0.0, 0.0, 1.0]], [[1252.8131021185304, 0.0, 826.588114781398], [0.0, 1252.8131021185304, 469.9846626224581], [0.0, 0.0, 1.0]], [[1256.7485116440405, 0.0, 817.7887570959712], [0.0, 1256.7485116440403, 451.9541780095127], [0.0, 0.0, 1.0]], [[1254.9860565800168, 0.0, 829.5769333630991], [0.0, 1254.9860565800168, 467.1680561863987], [0.0, 0.0, 1.0]], [[796.8910634503094, 0.0, 857.7774326863696], [0.0, 796.8910634503094, 476.8848988407415], [0.0, 0.0, 1.0]], [[1249.9629280788233, 0.0, 825.3768045375984], [0.0, 1249.9629280788233, 462.54816385708756], [0.0, 0.0, 1.0]]], "extrinsics": [[[0.8221595287322998, -0.5691646933555603, -0.010267732664942741, -0.97607421875], [0.008372683078050613, 0.030125541612505913, -0.9995110630989075, 1.4885663986206055], [0.5691956877708435, 0.8216715455055237, 0.02953343465924263, -1.314117431640625], [0.0, 0.0, 0.0, 1.0]], [[0.00972027238458395, -0.9996175765991211, -0.02588973008096218, 0.0062255859375], [0.01032461691647768, 0.025989903137087822, -0.9996088743209839, 1.4804463386535645], [0.9998993873596191, 0.009449205361306667, 0.010573296807706356, -1.7061767578125], [0.0, 0.0, 0.0, 1.0]], [[-0.8441743850708008, -0.535496711730957, -0.024757020175457, 1.072021484375], [0.01835913397371769, 0.01727525144815445, -0.9996821880340576, 1.4934673309326172], [0.5357542634010315, -0.8443606495857239, -0.004752067383378744, -1.265380859375], [0.0, 0.0, 0.0, 1.0]], [[0.9478556513786316, 0.3186783194541931, 0.0037195165641605854, -1.1424560546875], [-0.006960171274840832, 0.03236716613173485, -0.9994518160820007, 1.5620346069335938], [-0.31862401962280273, 0.9473101496696472, 0.0328974574804306, -0.1563720703125], [0.0, 0.0, 0.0, 1.0]], [[0.009304027073085308, 0.9996482729911804, 0.024837950244545937, -0.0289306640625], [-0.004863878712058067, 0.024883972480893135, -0.9996784925460815, 1.5680160522460938], [-0.9999449253082275, 0.009180284105241299, 0.005093688610941172, 0.0355224609375], [0.0, 0.0, 0.0, 1.0]], [[-0.9236197471618652, 0.3833070397377014, 0.0014899474335834384, 1.145751953125], [-0.00069926877040416, 0.0022021103650331497, -0.9999973177909851, 1.5477995872497559], [-0.3833092451095581, -0.9236184358596802, -0.001765878521837294, -0.0495758056640625], [0.0, 0.0, 0.0, 1.0]]], "view": [[0.0, -2.0, 100.0], [-2.0, 0.0, 100.0], [0.0, 0.0, 1.0]], "bev": "bev_010e6fcca00f4e94ba530ce141c7bf24.png", "aux": "aux_010e6fcca00f4e94ba530ce141c7bf24.npz", "visibility": "visibility_010e6fcca00f4e94ba530ce141c7bf24.png", "pose": [[0.5458502173423767, -0.8378828167915344, 0.0, 1868.1337890625], [0.8378828167915344, 0.5458502173423767, 0.0, 1066.3189697265625], [0.0, 0.0, 1.0, 0.0], [0.0, 0.0, 0.0, 1.0]], "pose_inverse": [[0.5458502173423767, 0.8378828167915344, 0.0, -1913.1715087890625], [-0.8378828167915344, 0.5458502173423767, 0.0, 983.2267456054688], [0.0, 0.0, 1.0, 0.0], [0.0, 0.0, 0.0, 1.0]], "cam_ids": [0, 1, 2, 3, 4, 5], "cam_channels": ["CAM_FRONT_LEFT", "CAM_FRONT", "CAM_FRONT_RIGHT", "CAM_BACK_LEFT", "CAM_BACK", "CAM_BACK_RIGHT"], "token": "010e6fcca00f4e94ba530ce141c7bf24", "scene": "scene-0072"}, {"images": ["samples/CAM_FRONT_LEFT/n008-2018-08-01-15-52-19-0400__CAM_FRONT_LEFT__1533153632754799.jpg", "samples/CAM_FRONT/n008-2018-08-01-15-52-19-0400__CAM_FRONT__1533153632762404.jpg", "samples/CAM_FRONT_RIGHT/n008-2018-08-01-15-52-19-0400__CAM_FRONT_RIGHT__1533153632770482.jpg", "samples/CAM_BACK_LEFT/n008-2018-08-01-15-52-19-0400__CAM_BACK_LEFT__1533153632797405.jpg", "samples/CAM_BACK/n008-2018-08-01-15-52-19-0400__CAM_BACK__1533153632787558.jpg", "samples/CAM_BACK_RIGHT/n008-2018-08-01-15-52-19-0400__CAM_BACK_RIGHT__1533153632778113.jpg"], "intrinsics": [[[1257.8625342125129, 0.0, 827.2410631095686], [0.0, 1257.8625342125129, 450.915498205774], [0.0, 0.0, 1.0]], [[1252.8131021185304, 0.0, 826.588114781398], [0.0, 1252.8131021185304, 469.9846626224581], [0.0, 0.0, 1.0]], [[1256.7485116440405, 0.0, 817.7887570959712], [0.0, 1256.7485116440403, 451.9541780095127], [0.0, 0.0, 1.0]], [[1254.9860565800168, 0.0, 829.5769333630991], [0.0, 1254.9860565800168, 467.1680561863987], [0.0, 0.0, 1.0]], [[796.8910634503094, 0.0, 857.7774326863696], [0.0, 796.8910634503094, 476.8848988407415], [0.0, 0.0, 1.0]], [[1249.9629280788233, 0.0, 825.3768045375984], [0.0, 1249.9629280788233, 462.54816385708756], [0.0, 0.0, 1.0]]], "extrinsics": [[[0.8216428160667419, -0.56993567943573, -0.00873771496117115, -0.953857421875], [0.009573171846568584, 0.029124924913048744, -0.9995299577713013, 1.4888648986816406], [0.5699222683906555, 0.8211728930473328, 0.029386380687355995, -1.29864501953125], [0.0, 0.0, 0.0, 1.0]], [[0.008991975337266922, -0.999649703502655, -0.024890683591365814, 0.00634765625], [0.01152057759463787, 0.02499360218644142, -0.9996212720870972, 1.4807381629943848], [0.9998931884765625, 0.008701886981725693, 0.011741286143660545, -1.68359375], [0.0, 0.0, 0.0, 1.0]], [[-0.8444589972496033, -0.5350267291069031, -0.025207065045833588, 1.0574951171875], [0.019527964293956757, 0.01627647876739502, -0.9996767640113831, 1.49383544921875], [0.5352640748023987, -0.8446782827377319, -0.003296836046501994, -1.256103515625], [0.0, 0.0, 0.0, 1.0]], [[0.9478695392608643, 0.31862741708755493, 0.004456521011888981, -1.1431884765625], [-0.005860014818608761, 0.031412165611982346, -0.9994893670082092, 1.5620384216308594], [-0.31860464811325073, 0.9473594427108765, 0.031641796231269836, -0.15625], [0.0, 0.0, 0.0, 1.0]], [[0.009517072699964046, 0.9996694326400757, 0.0238807313144207, -0.02886962890625], [-0.0037326139863580465, 0.02391716092824936, -0.9997069239616394, 1.5679988861083984], [-0.999947726726532, 0.00942518562078476, 0.00395900197327137, 0.0291748046875], [0.0, 0.0, 0.0, 1.0]], [[-0.923458456993103, 0.38369831442832947, 4.866176823270507e-05, 1.134033203125], [0.000454331049695611, 0.001220275997184217, -0.9999991655349731, 1.5478237867355347], [-0.3836979568004608, -0.9234577417373657, -0.001301200594753027, -0.0542755126953125], [0.0, 0.0, 0.0, 1.0]]], "view": [[0.0, -2.0, 100.0], [-2.0, 0.0, 100.0], [0.0, 0.0, 1.0]], "bev": "bev_1e623dd41bf44230b77ee28f8d1c0e83.png", "aux": "aux_1e623dd41bf44230b77ee28f8d1c0e83.npz", "visibility": "visibility_1e623dd41bf44230b77ee28f8d1c0e83.png", "pose": [[0.5326766967773438, -0.846318781375885, 0.0, 1868.446533203125], [0.846318781375885, 0.5326766967773438, 0.0, 1066.7894287109375], [0.0, 0.0, 1.0, 0.0], [0.0, 0.0, 0.0, 1.0]], "pose_inverse": [[0.5326766967773438, 0.846318781375885, 0.0, -1898.1219482421875], [-0.846318781375885, 0.5326766967773438, 0.0, 1013.0475463867188], [0.0, 0.0, 1.0, 0.0], [0.0, 0.0, 0.0, 1.0]], "cam_ids": [0, 1, 2, 3, 4, 5], "cam_channels": ["CAM_FRONT_LEFT", "CAM_FRONT", "CAM_FRONT_RIGHT", "CAM_BACK_LEFT", "CAM_BACK", "CAM_BACK_RIGHT"], "token": "1e623dd41bf44230b77ee28f8d1c0e83", "scene": "scene-0072"}, {"images": ["samples/CAM_FRONT_LEFT/n008-2018-08-01-15-52-19-0400__CAM_FRONT_LEFT__1533153633254799.jpg", "samples/CAM_FRONT/n008-2018-08-01-15-52-19-0400__CAM_FRONT__1533153633262404.jpg", "samples/CAM_FRONT_RIGHT/n008-2018-08-01-15-52-19-0400__CAM_FRONT_RIGHT__1533153633270482.jpg", "samples/CAM_BACK_LEFT/n008-2018-08-01-15-52-19-0400__CAM_BACK_LEFT__1533153633297420.jpg", "samples/CAM_BACK/n008-2018-08-01-15-52-19-0400__CAM_BACK__1533153633287558.jpg", "samples/CAM_BACK_RIGHT/n008-2018-08-01-15-52-19-0400__CAM_BACK_RIGHT__1533153633278113.jpg"], "intrinsics": [[[1257.8625342125129, 0.0, 827.2410631095686], [0.0, 1257.8625342125129, 450.915498205774], [0.0, 0.0, 1.0]], [[1252.8131021185304, 0.0, 826.588114781398], [0.0, 1252.8131021185304, 469.9846626224581], [0.0, 0.0, 1.0]], [[1256.7485116440405, 0.0, 817.7887570959712], [0.0, 1256.7485116440403, 451.9541780095127], [0.0, 0.0, 1.0]], [[1254.9860565800168, 0.0, 829.5769333630991], [0.0, 1254.9860565800168, 467.1680561863987], [0.0, 0.0, 1.0]], [[796.8910634503094, 0.0, 857.7774326863696], [0.0, 796.8910634503094, 476.8848988407415], [0.0, 0.0, 1.0]], [[1249.9629280788233, 0.0, 825.3768045375984], [0.0, 1249.9629280788233, 462.54816385708756], [0.0, 0.0, 1.0]]], "extrinsics": [[[0.8218567371368408, -0.5696199536323547, -0.009202687069773674, -0.947021484375], [0.008523155935108662, 0.02844606153666973, -0.9995589852333069, 1.4888763427734375], [0.56963050365448, 0.8214158415794373, 0.028233546763658524, -1.293701171875], [0.0, 0.0, 0.0, 1.0]], [[0.009294516406953335, -0.9996628761291504, -0.024243155494332314, 0.00634765625], [0.010465658269822598, 0.024340122938156128, -0.9996489882469177, 1.4807624816894531], [0.9999020099639893, 0.009037465788424015, 0.0106883579865098, -1.677001953125], [0.0, 0.0, 0.0, 1.0]], [[-0.844350278377533, -0.5352551341056824, -0.023969657719135284, 1.052978515625], [0.01845722459256649, 0.015652863308787346, -0.9997071027755737, 1.493896484375], [0.5354735851287842, -0.8445454239845276, -0.0033371762838214636, -1.25341796875], [0.0, 0.0, 0.0, 1.0]], [[0.9478610754013062, 0.3186686635017395, 0.003105274634435773, -1.1434326171875], [-0.007115194108337164, 0.030903346836566925, -0.9994970560073853, 1.5620346069335938], [-0.31860437989234924, 0.9473623037338257, 0.03155947104096413, -0.156494140625], [0.0, 0.0, 0.0, 1.0]], [[0.009435787796974182, 0.9996838569641113, 0.02330467849969864, -0.0286865234375], [-0.004906566813588142, 0.023351723328232765, -0.9997152090072632, 1.5679779052734375], [-0.9999434947967529, 0.009318704716861248, 0.0051253559067845345, 0.027587890625], [0.0, 0.0, 0.0, 1.0]], [[-0.9235271215438843, 0.3835320770740509, 0.0008393662283197045, 1.130859375], [-0.0006531986873596907, 0.0006156442104838789, -0.9999995827674866, 1.5477890968322754], [-0.3835325241088867, -0.9235273003578186, -0.0003180411586072296, -0.055908203125], [0.0, 0.0, 0.0, 1.0]]], "view": [[0.0, -2.0, 100.0], [-2.0, 0.0, 100.0], [0.0, 0.0, 1.0]], "bev": "bev_58957a5e92194fe4b5aff9d2d1f92b4a.png", "aux": "aux_58957a5e92194fe4b5aff9d2d1f92b4a.npz", "visibility": "visibility_58957a5e92194fe4b5aff9d2d1f92b4a.png", "pose": [[0.5176421999931335, -0.855597198009491, 0.0, 1868.866943359375], [0.855597198009491, 0.5176421999931335, 0.0, 1067.45947265625], [0.0, 0.0, 1.0, 0.0], [0.0, 0.0, 0.0, 1.0]], "pose_inverse": [[0.5176421999931335, 0.855597198009491, 0.0, -1880.7197265625], [-0.855597198009491, 0.5176421999931335, 0.0, 1046.4351806640625], [0.0, 0.0, 1.0, 0.0], [0.0, 0.0, 0.0, 1.0]], "cam_ids": [0, 1, 2, 3, 4, 5], "cam_channels": ["CAM_FRONT_LEFT", "CAM_FRONT", "CAM_FRONT_RIGHT", "CAM_BACK_LEFT", "CAM_BACK", "CAM_BACK_RIGHT"], "token": "58957a5e92194fe4b5aff9d2d1f92b4a", "scene": "scene-0072"}, {"images": ["samples/CAM_FRONT_LEFT/n008-2018-08-01-15-52-19-0400__CAM_FRONT_LEFT__1533153633654799.jpg", "samples/CAM_FRONT/n008-2018-08-01-15-52-19-0400__CAM_FRONT__1533153633662404.jpg", "samples/CAM_FRONT_RIGHT/n008-2018-08-01-15-52-19-0400__CAM_FRONT_RIGHT__1533153633670482.jpg", "samples/CAM_BACK_LEFT/n008-2018-08-01-15-52-19-0400__CAM_BACK_LEFT__1533153633697405.jpg", "samples/CAM_BACK/n008-2018-08-01-15-52-19-0400__CAM_BACK__1533153633687558.jpg", "samples/CAM_BACK_RIGHT/n008-2018-08-01-15-52-19-0400__CAM_BACK_RIGHT__1533153633678113.jpg"], "intrinsics": [[[1257.8625342125129, 0.0, 827.2410631095686], [0.0, 1257.8625342125129, 450.915498205774], [0.0, 0.0, 1.0]], [[1252.8131021185304, 0.0, 826.588114781398], [0.0, 1252.8131021185304, 469.9846626224581], [0.0, 0.0, 1.0]], [[1256.7485116440405, 0.0, 817.7887570959712], [0.0, 1256.7485116440403, 451.9541780095127], [0.0, 0.0, 1.0]], [[1254.9860565800168, 0.0, 829.5769333630991], [0.0, 1254.9860565800168, 467.1680561863987], [0.0, 0.0, 1.0]], [[796.8910634503094, 0.0, 857.7774326863696], [0.0, 796.8910634503094, 476.8848988407415], [0.0, 0.0, 1.0]], [[1249.9629280788233, 0.0, 825.3768045375984], [0.0, 1249.9629280788233, 462.54816385708756], [0.0, 0.0, 1.0]]], "extrinsics": [[[0.8223158717155457, -0.5688865780830383, -0.012838687747716904, -0.9443359375], [0.005779470317065716, 0.03091106005012989, -0.9995054006576538, 1.4887142181396484], [0.569002091884613, 0.821834921836853, 0.028706515207886696, -1.291595458984375], [0.0, 0.0, 0.0, 1.0]], [[0.009931521490216255, -0.9995926022529602, -0.02675771713256836, 0.0062255859375], [0.007681593298912048, 0.026834512129426003, -0.999610424041748, 1.4806280136108398], [0.9999212026596069, 0.009721997193992138, 0.007944969460368156, -1.674072265625], [0.0, 0.0, 0.0, 1.0]], [[-0.8441199660301208, -0.5356631875038147, -0.022945445030927658, 1.05120849609375], [0.015643339604139328, 0.01817185804247856, -0.9997124671936035, 1.4937992095947266], [0.5359261631965637, -0.8442361950874329, -0.00695966649800539, -1.2523193359375], [0.0, 0.0, 0.0, 1.0]], [[0.9478712677955627, 0.3186510503292084, 0.0012540766038000584, -1.1434326171875], [-0.009909882210195065, 0.03341149166226387, -0.999392569065094, 1.5620346069335938], [-0.3184994161128998, 0.9472830295562744, 0.034827589988708496, -0.1563720703125], [0.0, 0.0, 0.0, 1.0]], [[0.009299048222601414, 0.9996238946914673, 0.025798244401812553, -0.02880859375], [-0.007705028634518385, 0.025870222598314285, -0.9996355772018433, 1.5679206848144531], [-0.9999271631240845, 0.00909692607820034, 0.007942698895931244, 0.0267333984375], [0.0, 0.0, 0.0, 1.0]], [[-0.9236758947372437, 0.3831496834754944, 0.004391332156956196, 1.12939453125], [-0.003454911522567272, 0.0031321090646088123, -0.9999890923500061, 1.5476961135864258], [-0.38315925002098083, -0.9236809611320496, -0.0015693053137511015, -0.056396484375], [0.0, 0.0, 0.0, 1.0]]], "view": [[0.0, -2.0, 100.0], [-2.0, 0.0, 100.0], [0.0, 0.0, 1.0]], "bev": "bev_17be5f3012e741e98740c6520191b076.png", "aux": "aux_17be5f3012e741e98740c6520191b076.npz", "visibility": "visibility_17be5f3012e741e98740c6520191b076.png", "pose": [[0.5114722847938538, -0.8592997789382935, 0.0, 1869.2176513671875], [0.8592997789382935, 0.5114722847938538, 0.0, 1068.0347900390625], [0.0, 0.0, 1.0, 0.0], [0.0, 0.0, 0.0, 1.0]], "pose_inverse": [[0.5114722847938538, 0.8592997789382935, 0.0, -1873.8150634765625], [-0.8592997789382935, 0.5114722847938538, 0.0, 1059.9481201171875], [0.0, 0.0, 1.0, 0.0], [0.0, 0.0, 0.0, 1.0]], "cam_ids": [0, 1, 2, 3, 4, 5], "cam_channels": ["CAM_FRONT_LEFT", "CAM_FRONT", "CAM_FRONT_RIGHT", "CAM_BACK_LEFT", "CAM_BACK", "CAM_BACK_RIGHT"], "token": "17be5f3012e741e98740c6520191b076", "scene": "scene-0072"}, {"images": ["samples/CAM_FRONT_LEFT/n008-2018-08-01-15-52-19-0400__CAM_FRONT_LEFT__1533153634154799.jpg", "samples/CAM_FRONT/n008-2018-08-01-15-52-19-0400__CAM_FRONT__1533153634162404.jpg", "samples/CAM_FRONT_RIGHT/n008-2018-08-01-15-52-19-0400__CAM_FRONT_RIGHT__1533153634170482.jpg", "samples/CAM_BACK_LEFT/n008-2018-08-01-15-52-19-0400__CAM_BACK_LEFT__1533153634197405.jpg", "samples/CAM_BACK/n008-2018-08-01-15-52-19-0400__CAM_BACK__1533153634187574.jpg", "samples/CAM_BACK_RIGHT/n008-2018-08-01-15-52-19-0400__CAM_BACK_RIGHT__1533153634178113.jpg"], "intrinsics": [[[1257.8625342125129, 0.0, 827.2410631095686], [0.0, 1257.8625342125129, 450.915498205774], [0.0, 0.0, 1.0]], [[1252.8131021185304, 0.0, 826.588114781398], [0.0, 1252.8131021185304, 469.9846626224581], [0.0, 0.0, 1.0]], [[1256.7485116440405, 0.0, 817.7887570959712], [0.0, 1256.7485116440403, 451.9541780095127], [0.0, 0.0, 1.0]], [[1254.9860565800168, 0.0, 829.5769333630991], [0.0, 1254.9860565800168, 467.1680561863987], [0.0, 0.0, 1.0]], [[796.8910634503094, 0.0, 857.7774326863696], [0.0, 796.8910634503094, 476.8848988407415], [0.0, 0.0, 1.0]], [[1249.9629280788233, 0.0, 825.3768045375984], [0.0, 1249.9629280788233, 462.54816385708756], [0.0, 0.0, 1.0]]], "extrinsics": [[[0.8233349323272705, -0.5674107670783997, -0.01283291820436716, -0.95166015625], [0.005741792265325785, 0.030936991795897484, -0.999504804611206, 1.4886302947998047], [0.5675268173217773, 0.8228535652160645, 0.028729459270834923, -1.2978973388671875], [0.0, 0.0, 0.0, 1.0]], [[0.011412054300308228, -0.9995775818824768, -0.026727264747023582, 0.0067138671875], [0.007759528700262308, 0.026816729456186295, -0.9996102452278137, 1.4805517196655273], [0.9999047517776489, 0.011200202628970146, 0.008062286302447319, -1.6820068359375], [0.0, 0.0, 0.0, 1.0]], [[-0.8435022830963135, -0.5366285443305969, -0.02309994213283062, 1.0565185546875], [0.015858422964811325, 0.018106812611222267, -0.9997102618217468, 1.4937076568603516], [0.5368913412094116, -0.8436243534088135, -0.006763056386262178, -1.255126953125], [0.0, 0.0, 0.0, 1.0]], [[0.9478716254234314, 0.31864792108535767, 0.0017073823837563396, -1.1427001953125], [-0.00935507845133543, 0.0331832692027092, -0.9994055032730103, 1.5620307922363281], [-0.3185151517391205, 0.947292149066925, 0.03443445637822151, -0.156494140625], [0.0, 0.0, 0.0, 1.0]], [[0.0088682621717453, 0.9996322989463806, 0.025624584406614304, -0.02880859375], [-0.007294562645256519, 0.02568957954645157, -0.9996433258056641, 1.5679435729980469], [-0.9999340772628784, 0.008678103797137737, 0.007519701961427927, 0.028564453125], [0.0, 0.0, 0.0, 1.0]], [[-0.9239925742149353, 0.38238880038261414, 0.004049382638186216, 1.13330078125], [-0.003135110018774867, 0.003014014568179846, -0.9999905228614807, 1.5477190017700195], [-0.3823973536491394, -0.92399662733078, -0.001586095429956913, -0.054473876953125], [0.0, 0.0, 0.0, 1.0]]], "view": [[0.0, -2.0, 100.0], [-2.0, 0.0, 100.0], [0.0, 0.0, 1.0]], "bev": "bev_ba342f07fc704ffb9f868efce879a9c1.png", "aux": "aux_ba342f07fc704ffb9f868efce879a9c1.npz", "visibility": "visibility_ba342f07fc704ffb9f868efce879a9c1.png", "pose": [[0.5168544054031372, -0.8560733199119568, 0.0, 1869.6119384765625], [0.8560733199119568, 0.5168544054031372, 0.0, 1068.6817626953125], [0.0, 0.0, 1.0, 0.0], [0.0, 0.0, 0.0, 1.0]], "pose_inverse": [[0.5168544054031372, 0.8560733199119568, 0.0, -1881.1871337890625], [-0.8560733199119568, 0.5168544054031372, 0.0, 1048.1719970703125], [0.0, 0.0, 1.0, 0.0], [0.0, 0.0, 0.0, 1.0]], "cam_ids": [0, 1, 2, 3, 4, 5], "cam_channels": ["CAM_FRONT_LEFT", "CAM_FRONT", "CAM_FRONT_RIGHT", "CAM_BACK_LEFT", "CAM_BACK", "CAM_BACK_RIGHT"], "token": "ba342f07fc704ffb9f868efce879a9c1", "scene": "scene-0072"}, {"images": ["samples/CAM_FRONT_LEFT/n008-2018-08-01-15-52-19-0400__CAM_FRONT_LEFT__1533153634654799.jpg", "samples/CAM_FRONT/n008-2018-08-01-15-52-19-0400__CAM_FRONT__1533153634662404.jpg", "samples/CAM_FRONT_RIGHT/n008-2018-08-01-15-52-19-0400__CAM_FRONT_RIGHT__1533153634670482.jpg", "samples/CAM_BACK_LEFT/n008-2018-08-01-15-52-19-0400__CAM_BACK_LEFT__1533153634697405.jpg", "samples/CAM_BACK/n008-2018-08-01-15-52-19-0400__CAM_BACK__1533153634687558.jpg", "samples/CAM_BACK_RIGHT/n008-2018-08-01-15-52-19-0400__CAM_BACK_RIGHT__1533153634678113.jpg"], "intrinsics": [[[1257.8625342125129, 0.0, 827.2410631095686], [0.0, 1257.8625342125129, 450.915498205774], [0.0, 0.0, 1.0]], [[1252.8131021185304, 0.0, 826.588114781398], [0.0, 1252.8131021185304, 469.9846626224581], [0.0, 0.0, 1.0]], [[1256.7485116440405, 0.0, 817.7887570959712], [0.0, 1256.7485116440403, 451.9541780095127], [0.0, 0.0, 1.0]], [[1254.9860565800168, 0.0, 829.5769333630991], [0.0, 1254.9860565800168, 467.1680561863987], [0.0, 0.0, 1.0]], [[796.8910634503094, 0.0, 857.7774326863696], [0.0, 796.8910634503094, 476.8848988407415], [0.0, 0.0, 1.0]], [[1249.9629280788233, 0.0, 825.3768045375984], [0.0, 1249.9629280788233, 462.54816385708756], [0.0, 0.0, 1.0]]], "extrinsics": [[[0.8241123557090759, -0.5662965178489685, -0.012128921225667, -0.967041015625], [0.0051176417618989944, 0.028856299817562103, -0.9995704293251038, 1.4884986877441406], [0.5664032697677612, 0.8236962556838989, 0.026678936555981636, -1.308502197265625], [0.0, 0.0, 0.0, 1.0]], [[0.01262342557311058, -0.999616801738739, -0.024634860455989838, 0.0068359375], [0.007115377578884363, 0.02472599968314171, -0.9996689558029175, 1.4804143905639648], [0.9998949766159058, 0.012443948537111282, 0.007424776908010244, -1.6971435546875], [0.0, 0.0, 0.0, 1.0]], [[-0.8429400324821472, -0.5375816226005554, -0.021404065191745758, 1.0660400390625], [0.015161406248807907, 0.016032353043556213, -0.9997564554214478, 1.4935035705566406], [0.5377938747406006, -0.8430593013763428, -0.005363820120692253, -1.260986328125], [0.0, 0.0, 0.0, 1.0]], [[0.9477000832557678, 0.3191622197628021, 0.00030429911566898227, -1.1416015625], [-0.01017023902386427, 0.031151778995990753, -0.999462902545929, 1.5620079040527344], [-0.319000244140625, 0.9471880197525024, 0.03276849538087845, -0.156982421875], [0.0, 0.0, 0.0, 1.0]], [[0.00814455933868885, 0.9996890425682068, 0.023568788543343544, -0.0291748046875], [-0.008082929998636246, 0.023634616285562515, -0.9996879696846008, 1.5679512023925781], [-0.999934196472168, 0.007951587438583374, 0.008272910490632057, 0.0318603515625], [0.0, 0.0, 0.0, 1.0]], [[-0.9243452548980713, 0.38153672218322754, 0.003931803163141012, 1.140380859375], [-0.0038705789484083652, 0.0009278798243030906, -0.9999920725822449, 1.5477266311645508], [-0.3815373480319977, -0.9243531823158264, 0.0006190865533426404, -0.0514678955078125], [0.0, 0.0, 0.0, 1.0]]], "view": [[0.0, -2.0, 100.0], [-2.0, 0.0, 100.0], [0.0, 0.0, 1.0]], "bev": "bev_62eb73669a3044359c48fb42fd21a694.png", "aux": "aux_62eb73669a3044359c48fb42fd21a694.npz", "visibility": "visibility_62eb73669a3044359c48fb42fd21a694.png", "pose": [[0.5358135104179382, -0.8443363308906555, 0.0, 1869.9381103515625], [0.8443363308906555, 0.5358135104179382, 0.0, 1069.185302734375], [0.0, 0.0, 1.0, 0.0], [0.0, 0.0, 0.0, 1.0]], "pose_inverse": [[0.5358135104179382, 0.8443363308906555, 0.0, -1904.6900634765625], [-0.8443363308906555, 0.5358135104179382, 0.0, 1005.9727783203125], [0.0, 0.0, 1.0, 0.0], [0.0, 0.0, 0.0, 1.0]], "cam_ids": [0, 1, 2, 3, 4, 5], "cam_channels": ["CAM_FRONT_LEFT", "CAM_FRONT", "CAM_FRONT_RIGHT", "CAM_BACK_LEFT", "CAM_BACK", "CAM_BACK_RIGHT"], "token": "62eb73669a3044359c48fb42fd21a694", "scene": "scene-0072"}, {"images": ["samples/CAM_FRONT_LEFT/n008-2018-08-01-15-52-19-0400__CAM_FRONT_LEFT__1533153635154799.jpg", "samples/CAM_FRONT/n008-2018-08-01-15-52-19-0400__CAM_FRONT__1533153635162404.jpg", "samples/CAM_FRONT_RIGHT/n008-2018-08-01-15-52-19-0400__CAM_FRONT_RIGHT__1533153635170482.jpg", "samples/CAM_BACK_LEFT/n008-2018-08-01-15-52-19-0400__CAM_BACK_LEFT__1533153635197405.jpg", "samples/CAM_BACK/n008-2018-08-01-15-52-19-0400__CAM_BACK__1533153635187558.jpg", "samples/CAM_BACK_RIGHT/n008-2018-08-01-15-52-19-0400__CAM_BACK_RIGHT__1533153635178137.jpg"], "intrinsics": [[[1257.8625342125129, 0.0, 827.2410631095686], [0.0, 1257.8625342125129, 450.915498205774], [0.0, 0.0, 1.0]], [[1252.8131021185304, 0.0, 826.588114781398], [0.0, 1252.8131021185304, 469.9846626224581], [0.0, 0.0, 1.0]], [[1256.7485116440405, 0.0, 817.7887570959712], [0.0, 1256.7485116440403, 451.9541780095127], [0.0, 0.0, 1.0]], [[1254.9860565800168, 0.0, 829.5769333630991], [0.0, 1254.9860565800168, 467.1680561863987], [0.0, 0.0, 1.0]], [[796.8910634503094, 0.0, 857.7774326863696], [0.0, 796.8910634503094, 476.8848988407415], [0.0, 0.0, 1.0]], [[1249.9629280788233, 0.0, 825.3768045375984], [0.0, 1249.9629280788233, 462.54816385708756], [0.0, 0.0, 1.0]]], "extrinsics": [[[0.8238383531570435, -0.5666933655738831, -0.012211364693939686, -0.977783203125], [0.004711415618658066, 0.028388815000653267, -0.9995858073234558, 1.4884147644042969], [0.5668053030967712, 0.8234395384788513, 0.026057720184326172, -1.315887451171875], [0.0, 0.0, 0.0, 1.0]], [[0.012131515890359879, -0.9996336698532104, -0.024196673184633255, 0.0067138671875], [0.006671008188277483, 0.024278828874230385, -0.9996829628944397, 1.4803190231323242], [0.9999040961265564, 0.01196624618023634, 0.006963102612644434, -1.7083740234375], [0.0, 0.0, 0.0, 1.0]], [[-0.8432231545448303, -0.5371619462966919, -0.02077983319759369, 1.0738525390625], [0.014701951295137405, 0.015596850775182247, -0.9997702836990356, 1.493361473083496], [0.5373626351356506, -0.843334972858429, -0.00525429705157876, -1.2659912109375], [0.0, 0.0, 0.0, 1.0]], [[0.947849690914154, 0.3187175691127777, -0.0003501989122014493, -1.1436767578125], [-0.010710226371884346, 0.030753478407859802, -0.9994696378707886, 1.5620384216308594], [-0.31853777170181274, 0.9473506808280945, 0.032563213258981705, -0.156494140625], [0.0, 0.0, 0.0, 1.0]], [[0.008668591268360615, 0.9996942281723022, 0.023160018026828766, -0.0291748046875], [-0.008575293235480785, 0.023234354332089424, -0.9996932744979858, 1.5679893493652344], [-0.9999256730079651, 0.008467362262308598, 0.008774079382419586, 0.03662109375],