[{"images": ["samples/CAM_FRONT_LEFT/n008-2018-09-18-14-54-39-0400__CAM_FRONT_LEFT__1537297173104799.jpg", "samples/CAM_FRONT/n008-2018-09-18-14-54-39-0400__CAM_FRONT__1537297173112404.jpg", "samples/CAM_FRONT_RIGHT/n008-2018-09-18-14-54-39-0400__CAM_FRONT_RIGHT__1537297173120482.jpg", "samples/CAM_BACK_LEFT/n008-2018-09-18-14-54-39-0400__CAM_BACK_LEFT__1537297173147405.jpg", "samples/CAM_BACK/n008-2018-09-18-14-54-39-0400__CAM_BACK__1537297173137558.jpg", "samples/CAM_BACK_RIGHT/n008-2018-09-18-14-54-39-0400__CAM_BACK_RIGHT__1537297173128113.jpg"], "intrinsics": [[[1257.8625342125129, 0.0, 827.2410631095686], [0.0, 1257.8625342125129, 450.915498205774], [0.0, 0.0, 1.0]], [[1252.8131021185304, 0.0, 826.588114781398], [0.0, 1252.8131021185304, 469.9846626224581], [0.0, 0.0, 1.0]], [[1256.7485116440405, 0.0, 817.7887570959712], [0.0, 1256.7485116440403, 451.9541780095127], [0.0, 0.0, 1.0]], [[1254.9860565800168, 0.0, 829.5769333630991], [0.0, 1254.9860565800168, 467.1680561863987], [0.0, 0.0, 1.0]], [[796.8910634503094, 0.0, 857.7774326863696], [0.0, 796.8910634503094, 476.8848988407415], [0.0, 0.0, 1.0]], [[1249.9629280788233, 0.0, 825.3768045375984], [0.0, 1249.9629280788233, 462.54816385708756], [0.0, 0.0, 1.0]]], "extrinsics": [[[0.8224631547927856, -0.5687667727470398, -0.007664754055440426, -0.61981201171875], [0.0024003058206290007, 0.016945073381066322, -0.9998535513877869, 1.489370346069336], [0.5688133239746094, 0.8223243355751038, 0.01530191209167242, -1.0701904296875], [0.0, 0.0, 0.0, 1.0]], [[0.010116230696439743, -0.9998669028282166, -0.012803754769265652, 0.0113525390625], [0.0041277650743722916, 0.012846057303249836, -0.999908983707428, 1.4817314147949219], [0.9999403357505798, 0.01006249152123928, 0.004257169086486101, -1.348724365234375], [0.0, 0.0, 0.0, 1.0]], [[-0.8440824151039124, -0.5360725522041321, -0.012292337603867054, 0.837890625], [0.011913333088159561, 0.004170190077275038, -0.9999203085899353, 1.4966449737548828], [0.536081075668335, -0.8441616296768188, 0.002866426482796669, -1.115234375], [0.0, 0.0, 0.0, 1.0]], [[0.9479517936706543, 0.3183421492576599, -0.006756970193237066, -1.127197265625], [-0.013668697327375412, 0.019482839852571487, -0.9997167587280273, 1.5618133544921875], [-0.3181203603744507, 0.947775661945343, 0.022820116952061653, -0.1611328125], [0.0, 0.0, 0.0, 1.0]], [[0.009294886142015457, 0.9998878240585327, 0.011747465468943119, -0.0283203125], [-0.011510016396641731, 0.011854175478219986, -0.9998634457588196, 1.5666742324829102], [-0.9998906254768372, 0.009158399887382984, 0.011618908494710922, -0.07537841796875], [0.0, 0.0, 0.0, 1.0]], [[-0.9237151741981506, 0.3830716609954834, 0.002506611170247197, 0.957183837890625], [-0.0072257500141859055, -0.010880828835070133, -0.9999147057533264, 1.546234130859375], [-0.38301175832748413, -0.9236544966697693, 0.012818766757845879, -0.1268310546875], [0.0, 0.0, 0.0, 1.0]]], "view": [[0.0, -2.0, 100.0], [-2.0, 0.0, 100.0], [0.0, 0.0, 1.0]], "bev": "bev_6fe2b30a7c274b1e82bde25569a1b5e9.png", "aux": "aux_6fe2b30a7c274b1e82bde25569a1b5e9.npz", "visibility": "visibility_6fe2b30a7c274b1e82bde25569a1b5e9.png", "pose": [[0.8805768489837646, 0.4739033877849579, 0.0, 1264.33154296875], [-0.4739033877849579, 0.8805768489837646, 0.0, 1339.4886474609375], [0.0, 0.0, 1.0, 0.0], [0.0, 0.0, 0.0, 1.0]], "pose_inverse": [[0.8805768489837646, -0.4739033877849579, 0.0, -478.5528869628906], [0.4739033877849579, 0.8805768489837646, 0.0, -1778.6937255859375], [0.0, 0.0, 1.0, 0.0], [0.0, 0.0, 0.0, 1.0]], "cam_ids": [0, 1, 2, 3, 4, 5], "cam_channels": ["CAM_FRONT_LEFT", "CAM_FRONT", "CAM_FRONT_RIGHT", "CAM_BACK_LEFT", "CAM_BACK", "CAM_BACK_RIGHT"], "token": "6fe2b30a7c274b1e82bde25569a1b5e9", "scene": "scene-0877"}, {"images": ["samples/CAM_FRONT_LEFT/n008-2018-09-18-14-54-39-0400__CAM_FRONT_LEFT__1537297173654799.jpg", "samples/CAM_FRONT/n008-2018-09-18-14-54-39-0400__CAM_FRONT__1537297173662404.jpg", "samples/CAM_FRONT_RIGHT/n008-2018-09-18-14-54-39-0400__CAM_FRONT_RIGHT__1537297173670482.jpg", "samples/CAM_BACK_LEFT/n008-2018-09-18-14-54-39-0400__CAM_BACK_LEFT__1537297173697405.jpg", "samples/CAM_BACK/n008-2018-09-18-14-54-39-0400__CAM_BACK__1537297173687558.jpg", "samples/CAM_BACK_RIGHT/n008-2018-09-18-14-54-39-0400__CAM_BACK_RIGHT__1537297173678113.jpg"], "intrinsics": [[[1257.8625342125129, 0.0, 827.2410631095686], [0.0, 1257.8625342125129, 450.915498205774], [0.0, 0.0, 1.0]], [[1252.8131021185304, 0.0, 826.588114781398], [0.0, 1252.8131021185304, 469.9846626224581], [0.0, 0.0, 1.0]], [[1256.7485116440405, 0.0, 817.7887570959712], [0.0, 1256.7485116440403, 451.9541780095127], [0.0, 0.0, 1.0]], [[1254.9860565800168, 0.0, 829.5769333630991], [0.0, 1254.9860565800168, 467.1680561863987], [0.0, 0.0, 1.0]], [[796.8910634503094, 0.0, 857.7774326863696], [0.0, 796.8910634503094, 476.8848988407415], [0.0, 0.0, 1.0]], [[1249.9629280788233, 0.0, 825.3768045375984], [0.0, 1249.9629280788233, 462.54816385708756], [0.0, 0.0, 1.0]]], "extrinsics": [[[0.8224360346794128, -0.568784236907959, -0.009140296839177608, -0.61944580078125], [0.00322289508767426, 0.020726509392261505, -0.9997799396514893, 1.48968505859375], [0.5688484907150269, 0.8222256302833557, 0.01887935772538185, -1.072998046875], [0.0, 0.0, 0.0, 1.0]], [[0.01008573453873396, -0.9998119473457336, -0.016562262549996376, 0.0135498046875], [0.005095969419926405, 0.016614282503724098, -0.9998489618301392, 1.4820613861083984], [0.9999361038208008, 0.009999802336096764, 0.005262578371912241, -1.348907470703125], [0.0, 0.0, 0.0, 1.0]], [[-0.8440856337547302, -0.5359921455383301, -0.015228526666760445, 0.8375244140625], [0.013029017485678196, 0.007890327833592892, -0.9998839497566223, 1.496978759765625], [0.5360500812530518, -0.8441860675811768, 0.00032333750277757645, -1.1131591796875], [0.0, 0.0, 0.0, 1.0]], [[0.9478657841682434, 0.31863442063331604, -0.00475169625133276, -1.127197265625], [-0.01270288322120905, 0.022880639880895615, -0.9996575117111206, 1.5618171691894531], [-0.3184165954589844, 0.9476014971733093, 0.02573535218834877, -0.1617431640625], [0.0, 0.0, 0.0, 1.0]], [[0.009300519712269306, 0.999839186668396, 0.01533185038715601, -0.02880859375], [-0.010393746197223663, 0.01542834471911192, -0.9998269081115723, 1.5667781829833984], [-0.9999027252197266, 0.009139535017311573, 0.010535567067563534, -0.0775146484375], [0.0, 0.0, 0.0, 1.0]], [[-0.923707127571106, 0.38308852910995483, 0.002878225175663829, 0.9547882080078125], [-0.006110874004662037, -0.007221729028970003, -0.9999552369117737, 1.5464715957641602], [-0.3830505609512329, -0.9236834049224854, 0.009011768735945225, -0.126708984375], [0.0, 0.0, 0.0, 1.0]]], "view": [[0.0, -2.0, 100.0], [-2.0, 0.0, 100.0], [0.0, 0.0, 1.0]], "bev": "bev_a6600262e8ad4aca84c6bb6ae9dc4fe7.png", "aux": "aux_a6600262e8ad4aca84c6bb6ae9dc4fe7.npz", "visibility": "visibility_a6600262e8ad4aca84c6bb6ae9dc4fe7.png", "pose": [[0.8797783255577087, 0.4753841459751129, 0.0, 1269.420166015625], [-0.4753841459751129, 0.8797783255577087, 0.0, 1336.6678466796875], [0.0, 0.0, 1.0, 0.0], [0.0, 0.0, 0.0, 1.0]], "pose_inverse": [[0.8797783255577087, -0.4753841459751129, 0.0, -481.3776550292969], [0.4753841459751129, 0.8797783255577087, 0.0, -1779.43359375], [0.0, 0.0, 1.0, 0.0], [0.0, 0.0, 0.0, 1.0]], "cam_ids": [0, 1, 2, 3, 4, 5], "cam_channels": ["CAM_FRONT_LEFT", "CAM_FRONT", "CAM_FRONT_RIGHT", "CAM_BACK_LEFT", "CAM_BACK", "CAM_BACK_RIGHT"], "token": "a6600262e8ad4aca84c6bb6ae9dc4fe7", "scene": "scene-0877"}, {"images": ["samples/CAM_FRONT_LEFT/n008-2018-09-18-14-54-39-0400__CAM_FRONT_LEFT__1537297174154799.jpg", "samples/CAM_FRONT/n008-2018-09-18-14-54-39-0400__CAM_FRONT__1537297174162404.jpg", "samples/CAM_FRONT_RIGHT/n008-2018-09-18-14-54-39-0400__CAM_FRONT_RIGHT__1537297174170482.jpg", "samples/CAM_BACK_LEFT/n008-2018-09-18-14-54-39-0400__CAM_BACK_LEFT__1537297174197405.jpg", "samples/CAM_BACK/n008-2018-09-18-14-54-39-0400__CAM_BACK__1537297174187558.jpg", "samples/CAM_BACK_RIGHT/n008-2018-09-18-14-54-39-0400__CAM_BACK_RIGHT__1537297174178113.jpg"], "intrinsics": [[[1257.8625342125129, 0.0, 827.2410631095686], [0.0, 1257.8625342125129, 450.915498205774], [0.0, 0.0, 1.0]], [[1252.8131021185304, 0.0, 826.588114781398], [0.0, 1252.8131021185304, 469.9846626224581], [0.0, 0.0, 1.0]], [[1256.7485116440405, 0.0, 817.7887570959712], [0.0, 1256.7485116440403, 451.9541780095127], [0.0, 0.0, 1.0]], [[1254.9860565800168, 0.0, 829.5769333630991], [0.0, 1254.9860565800168, 467.1680561863987], [0.0, 0.0, 1.0]], [[796.8910634503094, 0.0, 857.7774326863696], [0.0, 796.8910634503094, 476.8848988407415], [0.0, 0.0, 1.0]], [[1249.9629280788233, 0.0, 825.3768045375984], [0.0, 1249.9629280788233, 462.54816385708756], [0.0, 0.0, 1.0]]], "extrinsics": [[[0.8226807713508606, -0.5684010982513428, -0.010797038674354553, -0.61578369140625], [0.0030394787900149822, 0.02338939532637596, -0.9997217655181885, 1.4895858764648438], [0.5684954524040222, 0.8224191069602966, 0.02096964791417122, -1.0716552734375], [0.0, 0.0, 0.0, 1.0]], [[0.010407387278974056, -0.9997612237930298, -0.019212782382965088, 0.0145263671875], [0.004938213154673576, 0.01926497370004654, -0.9998022317886353, 1.4819869995117188], [0.9999337196350098, 0.010310454294085503, 0.0051375324837863445, -1.3460693359375], [0.0, 0.0, 0.0, 1.0]], [[-0.8439711332321167, -0.5361325144767761, -0.016573186963796616, 0.83642578125], [0.012942161411046982, 0.010534834116697311, -0.9998607635498047, 1.4969596862792969], [0.5362324714660645, -0.8440680503845215, -0.0019523822702467442, -1.1114501953125], [0.0, 0.0, 0.0, 1.0]], [[0.9478664398193359, 0.3186463415622711, -0.0037027683574706316, -1.128173828125], [-0.012464310973882675, 0.025461524724960327, -0.9995980858802795, 1.5618324279785156], [-0.3184240460395813, 0.9475316405296326, 0.028105830773711205, -0.16162109375], [0.0, 0.0, 0.0, 1.0]], [[0.00923882145434618, 0.9997963309288025, 0.01794407144188881, -0.029296875], [-0.010332985781133175, 0.018039332702755928, -0.9997838139533997, 1.5667743682861328], [-0.9999039769172668, 0.009051362983882427, 0.010497543029487133, -0.077667236328125], [0.0, 0.0, 0.0, 1.0]], [[-0.92375248670578, 0.38297030329704285, 0.0038621672429144382, 0.9536590576171875], [-0.00608332734555006, -0.004588954616338015, -0.9999709725379944, 1.5464696884155273], [-0.38294145464897156, -0.9237491488456726, 0.00656879274174571, -0.1263427734375], [0.0, 0.0, 0.0, 1.0]]], "view": [[0.0, -2.0, 100.0], [-2.0, 0.0, 100.0], [0.0, 0.0, 1.0]], "bev": "bev_0de0ef1e703d46afaf3dd5e948f16d12.png", "aux": "aux_0de0ef1e703d46afaf3dd5e948f16d12.npz", "visibility": "visibility_0de0ef1e703d46afaf3dd5e948f16d12.png", "pose": [[0.8817334771156311, 0.47174790501594543, 0.0, 1274.06640625], [-0.47174790501594543, 0.8817334771156311, 0.0, 1334.1279296875], [0.0, 0.0, 1.0, 0.0], [0.0, 0.0, 0.0, 1.0]], "pose_inverse": [[0.8817334771156311, -0.47174790501594543, 0.0, -494.0149230957031], [0.47174790501594543, 0.8817334771156311, 0.0, -1777.3834228515625], [0.0, 0.0, 1.0, 0.0], [0.0, 0.0, 0.0, 1.0]], "cam_ids": [0, 1, 2, 3, 4, 5], "cam_channels": ["CAM_FRONT_LEFT", "CAM_FRONT", "CAM_FRONT_RIGHT", "CAM_BACK_LEFT", "CAM_BACK", "CAM_BACK_RIGHT"], "token": "0de0ef1e703d46afaf3dd5e948f16d12", "scene": "scene-0877"}, {"images": ["samples/CAM_FRONT_LEFT/n008-2018-09-18-14-54-39-0400__CAM_FRONT_LEFT__1537297174654799.jpg", "samples/CAM_FRONT/n008-2018-09-18-14-54-39-0400__CAM_FRONT__1537297174662404.jpg", "samples/CAM_FRONT_RIGHT/n008-2018-09-18-14-54-39-0400__CAM_FRONT_RIGHT__1537297174670482.jpg", "samples/CAM_BACK_LEFT/n008-2018-09-18-14-54-39-0400__CAM_BACK_LEFT__1537297174697405.jpg", "samples/CAM_BACK/n008-2018-09-18-14-54-39-0400__CAM_BACK__1537297174687558.jpg", "samples/CAM_BACK_RIGHT/n008-2018-09-18-14-54-39-0400__CAM_BACK_RIGHT__1537297174678113.jpg"], "intrinsics": [[[1257.8625342125129, 0.0, 827.2410631095686], [0.0, 1257.8625342125129, 450.915498205774], [0.0, 0.0, 1.0]], [[1252.8131021185304, 0.0, 826.588114781398], [0.0, 1252.8131021185304, 469.9846626224581], [0.0, 0.0, 1.0]], [[1256.7485116440405, 0.0, 817.7887570959712], [0.0, 1256.7485116440403, 451.9541780095127], [0.0, 0.0, 1.0]], [[1254.9860565800168, 0.0, 829.5769333630991], [0.0, 1254.9860565800168, 467.1680561863987], [0.0, 0.0, 1.0]], [[796.8910634503094, 0.0, 857.7774326863696], [0.0, 796.8910634503094, 476.8848988407415], [0.0, 0.0, 1.0]], [[1249.9629280788233, 0.0, 825.3768045375984], [0.0, 1249.9629280788233, 462.54816385708756], [0.0, 0.0, 1.0]]], "extrinsics": [[[0.8220549821853638, -0.5692797303199768, -0.012084859423339367, -0.6290283203125], [0.0004875456797890365, 0.021927254274487495, -0.9997594356536865, 1.4884262084960938], [0.5694077610969543, 0.8218514323234558, 0.018302958458662033, -1.078125], [0.0, 0.0, 0.0, 1.0]], [[0.00939346756786108, -0.9997941851615906, -0.01798011176288128, 0.012451171875], [0.0022252227645367384, 0.01800176128745079, -0.9998354911804199, 1.4809436798095703], [0.9999533295631409, 0.009351917542517185, 0.002393864095211029, -1.35931396484375], [0.0, 0.0, 0.0, 1.0]], [[-0.8444821834564209, -0.5354113578796387, -0.01358354277908802, 0.845703125], [0.010040787048637867, 0.00953094195574522, -0.9999041557312012, 1.4959754943847656], [0.5354894995689392, -0.8445376753807068, -0.0026727591175585985, -1.119140625], [0.0, 0.0, 0.0, 1.0]], [[0.9478576183319092, 0.3186185359954834, -0.0069276997819542885, -1.1302490234375], [-0.015883691608905792, 0.02551926113665104, -0.9995481371879578, 1.5618095397949219], [-0.3182978332042694, 0.9475393891334534, 0.029249468818306923, -0.1607666015625], [0.0, 0.0, 0.0, 1.0]], [[0.009698637761175632, 0.999798595905304, 0.017571380361914635, -0.0286865234375], [-0.013653233647346497, 0.017702972516417503, -0.999750018119812, 1.56646728515625], [-0.9998597502708435, 0.009456281550228596, 0.013822179287672043, -0.07135009765625], [0.0, 0.0, 0.0, 1.0]], [[-0.9234458804130554, 0.3836739659309387, 0.00646984064951539, 0.9636077880859375], [-0.00920669175684452, -0.005297224968671799, -0.9999435544013977, 1.5458641052246094], [-0.3836180567741394, -0.9234533905982971, 0.008424068801105022, -0.12353515625], [0.0, 0.0, 0.0, 1.0]]], "view": [[0.0, -2.0, 100.0], [-2.0, 0.0, 100.0], [0.0, 0.0, 1.0]], "bev": "bev_59490cd1851748dcad186b6052292ac2.png", "aux": "aux_59490cd1851748dcad186b6052292ac2.npz", "visibility": "visibility_59490cd1851748dcad186b6052292ac2.png", "pose": [[0.8839969038963318, 0.4674926996231079, 0.0, 1278.6558837890625], [-0.4674926996231079, 0.8839969038963318, 0.0, 1331.6463623046875], [0.0, 0.0, 1.0, 0.0], [0.0, 0.0, 0.0, 1.0]], "pose_inverse": [[0.8839969038963318, -0.4674926996231079, 0.0, -507.7929382324219], [0.4674926996231079, 0.8839969038963318, 0.0, -1774.93359375], [0.0, 0.0, 1.0, 0.0], [0.0, 0.0, 0.0, 1.0]], "cam_ids": [0, 1, 2, 3, 4, 5], "cam_channels": ["CAM_FRONT_LEFT", "CAM_FRONT", "CAM_FRONT_RIGHT", "CAM_BACK_LEFT", "CAM_BACK", "CAM_BACK_RIGHT"], "token": "59490cd1851748dcad186b6052292ac2", "scene": "scene-0877"}, {"images": ["samples/CAM_FRONT_LEFT/n008-2018-09-18-14-54-39-0400__CAM_FRONT_LEFT__1537297175104799.jpg", "samples/CAM_FRONT/n008-2018-09-18-14-54-39-0400__CAM_FRONT__1537297175112404.jpg", "samples/CAM_FRONT_RIGHT/n008-2018-09-18-14-54-39-0400__CAM_FRONT_RIGHT__1537297175120482.jpg", "samples/CAM_BACK_LEFT/n008-2018-09-18-14-54-39-0400__CAM_BACK_LEFT__1537297175147405.jpg", "samples/CAM_BACK/n008-2018-09-18-14-54-39-0400__CAM_BACK__1537297175137558.jpg", "samples/CAM_BACK_RIGHT/n008-2018-09-18-14-54-39-0400__CAM_BACK_RIGHT__1537297175128113.jpg"], "intrinsics": [[[1257.8625342125129, 0.0, 827.2410631095686], [0.0, 1257.8625342125129, 450.915498205774], [0.0, 0.0, 1.0]], [[1252.8131021185304, 0.0, 826.588114781398], [0.0, 1252.8131021185304, 469.9846626224581], [0.0, 0.0, 1.0]], [[1256.7485116440405, 0.0, 817.7887570959712], [0.0, 1256.7485116440403, 451.9541780095127], [0.0, 0.0, 1.0]], [[1254.9860565800168, 0.0, 829.5769333630991], [0.0, 1254.9860565800168, 467.1680561863987], [0.0, 0.0, 1.0]], [[796.8910634503094, 0.0, 857.7774326863696], [0.0, 796.8910634503094, 476.8848988407415], [0.0, 0.0, 1.0]], [[1249.9629280788233, 0.0, 825.3768045375984], [0.0, 1249.9629280788233, 462.54816385708756], [0.0, 0.0, 1.0]]], "extrinsics": [[[0.8228135108947754, -0.5681737065315247, -0.01251409761607647, -0.637451171875], [6.691379530820996e-05, 0.022116640582680702, -0.9997553825378418, 1.4882431030273438], [0.5683114528656006, 0.8226114511489868, 0.018235888332128525, -1.083984375], [0.0, 0.0, 0.0, 1.0]], [[0.010617895051836967, -0.9997833371162415, -0.017903827130794525, 0.01220703125], [0.002126104198396206, 0.017927369102835655, -0.9998370409011841, 1.4808940887451172], [0.999941349029541, 0.01057806983590126, 0.002315993420779705, -1.3673095703125], [0.0, 0.0, 0.0, 1.0]], [[-0.8438863754272461, -0.5363503694534302, -0.013569696806371212, 0.8504638671875], [0.010258102789521217, 0.00915770884603262, -0.9999054074287415, 1.4959850311279297], [0.5364239811897278, -0.8439456820487976, -0.0022261280100792646, -1.1220703125], [0.0, 0.0, 0.0, 1.0]], [[0.9478513598442078, 0.31864842772483826, -0.006399242207407951, -1.1290283203125], [-0.01480844710022211, 0.023974716663360596, -0.9996029138565063, 1.5618095397949219], [-0.31836849451065063, 0.947569727897644, 0.027443157508969307, -0.1612548828125], [0.0, 0.0, 0.0, 1.0]], [[0.00915517844259739, 0.9998224377632141, 0.016470370814204216, -0.0286865234375], [-0.012779825367033482, 0.016586707904934883, -0.9997807145118713, 1.5665836334228516], [-0.9998764395713806, 0.008942647837102413, 0.012929409742355347, -0.070281982421875], [0.0, 0.0, 0.0, 1.0]], [[-0.9238219261169434, 0.38277900218963623, 0.005768072325736284, 0.9665679931640625], [-0.008724009618163109, -0.005986959207803011, -0.9999439716339111, 1.5459957122802734], [-0.38272300362586975, -0.9238205552101135, 0.008870252408087254, -0.1224365234375], [0.0, 0.0, 0.0, 1.0]]], "view": [[0.0, -2.0, 100.0], [-2.0, 0.0, 100.0], [0.0, 0.0, 1.0]], "bev": "bev_6e9d8d3603114387b22a3f40364244b2.png", "aux": "aux_6e9d8d3603114387b22a3f40364244b2.npz", "visibility": "visibility_6e9d8d3603114387b22a3f40364244b2.png", "pose": [[0.8847259879112244, 0.46611151099205017, 0.0, 1282.643310546875], [-0.46611151099205017, 0.8847259879112244, 0.0, 1329.4945068359375], [0.0, 0.0, 1.0, 0.0], [0.0, 0.0, 0.0, 1.0]], "pose_inverse": [[0.8847259879112244, -0.46611151099205017, 0.0, -515.0951538085938], [0.46611151099205017, 0.8847259879112244, 0.0, -1774.0931396484375], [0.0, 0.0, 1.0, 0.0], [0.0, 0.0, 0.0, 1.0]], "cam_ids": [0, 1, 2, 3, 4, 5], "cam_channels": ["CAM_FRONT_LEFT", "CAM_FRONT", "CAM_FRONT_RIGHT", "CAM_BACK_LEFT", "CAM_BACK", "CAM_BACK_RIGHT"], "token": "6e9d8d3603114387b22a3f40364244b2", "scene": "scene-0877"}, {"images": ["samples/CAM_FRONT_LEFT/n008-2018-09-18-14-54-39-0400__CAM_FRONT_LEFT__1537297175604799.jpg", "samples/CAM_FRONT/n008-2018-09-18-14-54-39-0400__CAM_FRONT__1537297175612404.jpg", "samples/CAM_FRONT_RIGHT/n008-2018-09-18-14-54-39-0400__CAM_FRONT_RIGHT__1537297175620482.jpg", "samples/CAM_BACK_LEFT/n008-2018-09-18-14-54-39-0400__CAM_BACK_LEFT__1537297175647405.jpg", "samples/CAM_BACK/n008-2018-09-18-14-54-39-0400__CAM_BACK__1537297175637558.jpg", "samples/CAM_BACK_RIGHT/n008-2018-09-18-14-54-39-0400__CAM_BACK_RIGHT__1537297175628113.jpg"], "intrinsics": [[[1257.8625342125129, 0.0, 827.2410631095686], [0.0, 1257.8625342125129, 450.915498205774], [0.0, 0.0, 1.0]], [[1252.8131021185304, 0.0, 826.588114781398], [0.0, 1252.8131021185304, 469.9846626224581], [0.0, 0.0, 1.0]], [[1256.7485116440405, 0.0, 817.7887570959712], [0.0, 1256.7485116440403, 451.9541780095127], [0.0, 0.0, 1.0]], [[1254.9860565800168, 0.0, 829.5769333630991], [0.0, 1254.9860565800168, 467.1680561863987], [0.0, 0.0, 1.0]], [[796.8910634503094, 0.0, 857.7774326863696], [0.0, 796.8910634503094, 476.8848988407415], [0.0, 0.0, 1.0]], [[1249.9629280788233, 0.0, 825.3768045375984], [0.0, 1249.9629280788233, 462.54816385708756], [0.0, 0.0, 1.0]]], "extrinsics": [[[0.8225054740905762, -0.5686734914779663, -0.009760910645127296, -0.65167236328125], [0.0008783463854342699, 0.018431833013892174, -0.9998297095298767, 1.488637924194336], [0.5687565207481384, 0.8223568797111511, 0.015659773722290993, -1.0911865234375], [0.0, 0.0, 0.0, 1.0]], [[0.010092397220432758, -0.9998484253883362, -0.01418755017220974, 0.0106201171875], [0.002909066155552864, 0.014217572286725044, -0.9998946785926819, 1.481170654296875], [0.999944806098938, 0.010050084441900253, 0.003052114276215434, -1.380615234375], [0.0, 0.0, 0.0, 1.0]], [[-0.8441305756568909, -0.5359990000724792, -0.012193342670798302, 0.8585205078125], [0.011003251187503338, 0.0054183765314519405, -0.9999247193336487, 1.4960994720458984], [0.5360247492790222, -0.8442012071609497, 0.0013239134568721056, -1.128662109375], [0.0, 0.0, 0.0, 1.0]], [[0.9478635191917419, 0.3185979127883911, -0.0070871044881641865, -1.1259765625], [-0.014346894808113575, 0.020445849746465683, -0.9996880292892456, 1.5617733001708984], [-0.3183536231517792, 0.9476693868637085, 0.023950763046741486, -0.1622314453125], [0.0, 0.0, 0.0, 1.0]], [[0.009333859197795391, 0.9998743534088135, 0.012809240259230137, -0.0281982421875], [-0.012177960947155952, 0.012922510504722595, -0.9998422861099243, 1.5666799545288086], [-0.9998822808265686, 0.00917639397084713, 0.012297048233449459, -0.068511962890625], [0.0, 0.0, 0.0, 1.0]], [[-0.9236931800842285, 0.38311511278152466, 0.003702090820297599, 0.972747802734375], [-0.008046547882258892, -0.009737924672663212, -0.9999201893806458, 1.5461883544921875], [-0.3830484449863434, -0.923649251461029, 0.01207760814577341, -0.1207275390625], [0.0, 0.0, 0.0, 1.0]]], "view": [[0.0, -2.0, 100.0], [-2.0, 0.0, 100.0], [0.0, 0.0, 1.0]], "bev": "bev_19961f86f5944bcea577473de3f170ea.png", "aux": "aux_19961f86f5944bcea577473de3f170ea.npz", "visibility": "visibility_19961f86f5944bcea577473de3f170ea.png", "pose": [[0.8834738731384277, 0.4684804081916809, 0.0, 1286.9964599609375], [-0.4684804081916809, 0.8834738731384277, 0.0, 1327.149658203125], [0.0, 0.0, 1.0, 0.0], [0.0, 0.0, 0.0, 1.0]], "pose_inverse": [[0.8834738731384277, -0.4684804081916809, 0.0, -515.2841186523438], [0.4684804081916809, 0.8834738731384277, 0.0, -1775.4346923828125], [0.0, 0.0, 1.0, 0.0], [0.0, 0.0, 0.0, 1.0]], "cam_ids": [0, 1, 2, 3, 4, 5], "cam_channels": ["CAM_FRONT_LEFT", "CAM_FRONT", "CAM_FRONT_RIGHT", "CAM_BACK_LEFT", "CAM_BACK", "CAM_BACK_RIGHT"], "token": "19961f86f5944bcea577473de3f170ea", "scene": "scene-0877"}, {"images": ["samples/CAM_FRONT_LEFT/n008-2018-09-18-14-54-39-0400__CAM_FRONT_LEFT__1537297176104799.jpg", "samples/CAM_FRONT/n008-2018-09-18-14-54-39-0400__CAM_FRONT__1537297176112404.jpg", "samples/CAM_FRONT_RIGHT/n008-2018-09-18-14-54-39-0400__CAM_FRONT_RIGHT__1537297176120482.jpg", "samples/CAM_BACK_LEFT/n008-2018-09-18-14-54-39-0400__CAM_BACK_LEFT__1537297176147405.jpg", "samples/CAM_BACK/n008-2018-09-18-14-54-39-0400__CAM_BACK__1537297176137558.jpg", "samples/CAM_BACK_RIGHT/n008-2018-09-18-14-54-39-0400__CAM_BACK_RIGHT__1537297176128113.jpg"], "intrinsics": [[[1257.8625342125129, 0.0, 827.2410631095686], [0.0, 1257.8625342125129, 450.915498205774], [0.0, 0.0, 1.0]], [[1252.8131021185304, 0.0, 826.588114781398], [0.0, 1252.8131021185304, 469.9846626224581], [0.0, 0.0, 1.0]], [[1256.7485116440405, 0.0, 817.7887570959712], [0.0, 1256.7485116440403, 451.9541780095127], [0.0, 0.0, 1.0]], [[1254.9860565800168, 0.0, 829.5769333630991], [0.0, 1254.9860565800168, 467.1680561863987], [0.0, 0.0, 1.0]], [[796.8910634503094, 0.0, 857.7774326863696], [0.0, 796.8910634503094, 476.8848988407415], [0.0, 0.0, 1.0]], [[1249.9629280788233, 0.0, 825.3768045375984], [0.0, 1249.9629280788233, 462.54816385708756], [0.0, 0.0, 1.0]]], "extrinsics": [[[0.8228927254676819, -0.5681371688842773, -0.008228768594563007, -0.65179443359375], [0.003417834872379899, 0.01943136192858219, -0.9998053312301636, 1.4896125793457031], [0.5681864619255066, 0.8227044343948364, 0.017931725829839706, -1.0980224609375], [0.0, 0.0, 0.0, 1.0]], [[0.01069606188684702, -0.9998247623443604, -0.01536170020699501, 0.0150146484375], [0.005437744781374931, 0.015420511364936829, -0.9998663067817688, 1.4819965362548828], [0.9999279975891113, 0.010611141100525856, 0.00560173112899065, -1.38140869140625], [0.0, 0.0, 0.0, 1.0]], [[-0.843843936920166, -0.5363770127296448, -0.015074324794113636, 0.85888671875], [0.01351406704634428, 0.0068400283344089985, -0.9998852610588074, 1.4967918395996094], [0.5364185571670532, -0.8439508080482483, 0.0014767179964110255, -1.125], [0.0, 0.0, 0.0, 1.0]], [[0.9478630423545837, 0.31865134835243225, -0.004136505536735058, -1.1226806640625], [-0.011860985308885574, 0.02230464108288288, -0.9996808767318726, 1.5617713928222656], [-0.31845736503601074, 0.9476094841957092, 0.02492126077413559, -0.16357421875], [0.0, 0.0, 0.0, 1.0]], [[0.00911101046949625, 0.9998520016670227, 0.014589964412152767, -0.029541015625], [-0.00971698947250843, 0.014678405597805977, -0.999845027923584, 1.5669078826904297], [-0.9999113082885742, 0.008967834524810314, 0.009849287569522858, -0.071533203125], [0.0, 0.0, 0.0, 1.0]], [[-0.9238318800926208, 0.3827929198741913, 0.002026555361226201, 0.9700164794921875], [-0.005566330626606941, -0.008139906451106071, -0.9999513626098633, 1.5466976165771484], [-0.3827577531337738, -0.9237983226776123, 0.009650656953454018, -0.1192626953125], [0.0, 0.0, 0.0, 1.0]]], "view": [[0.0, -2.0, 100.0], [-2.0, 0.0, 100.0], [0.0, 0.0, 1.0]], "bev": "bev_607f799e7cba457dbc8a9dc4835dfda0.png", "aux": "aux_607f799e7cba457dbc8a9dc4835dfda0.npz", "visibility": "visibility_607f799e7cba457dbc8a9dc4835dfda0.png", "pose": [[0.8812839388847351, 0.47258713841438293, 0.0, 1291.12841796875], [-0.47258713841438293, 0.8812839388847351, 0.0, 1324.8861083984375], [0.0, 0.0, 1.0, 0.0], [0.0, 0.0, 0.0, 1.0]], "pose_inverse": [[0.8812839388847351, -0.47258713841438293, 0.0, -511.7265930175781], [0.47258713841438293, 0.8812839388847351, 0.0, -1777.7716064453125], [0.0, 0.0, 1.0, 0.0], [0.0, 0.0, 0.0, 1.0]], "cam_ids": [0, 1, 2, 3, 4, 5], "cam_channels": ["CAM_FRONT_LEFT", "CAM_FRONT", "CAM_FRONT_RIGHT", "CAM_BACK_LEFT", "CAM_BACK", "CAM_BACK_RIGHT"], "token": "607f799e7cba457dbc8a9dc4835dfda0", "scene": "scene-0877"}, {"images": ["samples/CAM_FRONT_LEFT/n008-2018-09-18-14-54-39-0400__CAM_FRONT_LEFT__1537297176604799.jpg", "samples/CAM_FRONT/n008-2018-09-18-14-54-39-0400__CAM_FRONT__1537297176612404.jpg", "samples/CAM_FRONT_RIGHT/n008-2018-09-18-14-54-39-0400__CAM_FRONT_RIGHT__1537297176620482.jpg", "samples/CAM_BACK_LEFT/n008-2018-09-18-14-54-39-0400__CAM_BACK_LEFT__1537297176647405.jpg", "samples/CAM_BACK/n008-2018-09-18-14-54-39-0400__CAM_BACK__1537297176637558.jpg", "samples/CAM_BACK_RIGHT/n008-2018-09-18-14-54-39-0400__CAM_BACK_RIGHT__1537297176628113.jpg"], "intrinsics": [[[1257.8625342125129, 0.0, 827.2410631095686], [0.0, 1257.8625342125129, 450.915498205774], [0.0, 0.0, 1.0]], [[1252.8131021185304, 0.0, 826.588114781398], [0.0, 1252.8131021185304, 469.9846626224581], [0.0, 0.0, 1.0]], [[1256.7485116440405, 0.0, 817.7887570959712], [0.0, 1256.7485116440403, 451.9541780095127], [0.0, 0.0, 1.0]], [[1254.9860565800168, 0.0, 829.5769333630991], [0.0, 1254.9860565800168, 467.1680561863987], [0.0, 0.0, 1.0]], [[796.8910634503094, 0.0, 857.7774326863696], [0.0, 796.8910634503094, 476.8848988407415], [0.0, 0.0, 1.0]], [[1249.9629280788233, 0.0, 825.3768045375984], [0.0, 1249.9629280788233, 462.54816385708756], [0.0, 0.0, 1.0]]], "extrinsics": [[[0.8225874304771423, -0.5685160756111145, -0.011806407943367958, -0.66339111328125], [0.0015603449428454041, 0.023019198328256607, -0.9997337460517883, 1.4887847900390625], [0.5686366558074951, 0.822350025177002, 0.019822383299469948, -1.1051025390625], [0.0, 0.0, 0.0, 1.0]], [[0.010381875559687614, -0.9997692704200745, -0.01880352385342121, 0.0147705078125], [0.00326043413951993, 0.01883828081190586, -0.9998172521591187, 1.4811630249023438], [0.9999407529830933, 0.01031867228448391, 0.00345525867305696, -1.3944091796875], [0.0, 0.0, 0.0, 1.0]], [[-0.8439481854438782, -0.5362221002578735, -0.01474169734865427, 0.86865234375], [0.011064901947975159, 0.010073887184262276, -0.999888002872467, 1.4959678649902344], [0.5363105535507202, -0.8440168499946594, -0.002568593015894294, -1.130859375], [0.0, 0.0, 0.0, 1.0]], [[0.9478607177734375, 0.3186414837837219, -0.005244238302111626, -1.1241455078125], [-0.013884730637073517, 0.024851374328136444, -0.9995947480201721, 1.5617446899414062], [-0.31838205456733704, 0.9475494027137756, 0.02797989547252655, -0.1632080078125], [0.0, 0.0, 0.0, 1.0]], [[0.00919891707599163, 0.9998067617416382, 0.017376631498336792, -0.0296630859375], [-0.011947091668844223, 0.01748601347208023, -0.9997757077217102, 1.5667057037353516], [-0.9998863339424133, 0.008989270776510239, 0.012105635367333889, -0.066070556640625], [0.0, 0.0, 0.0, 1.0]], [[-0.9237876534461975, 0.3828675150871277, 0.005362147465348244, 0.977874755859375], [-0.007912110537290573, -0.00508583290502429, -0.9999557733535767, 1.5462760925292969], [-0.38282322883605957, -0.9237892627716064, 0.007727519609034061, -0.1156005859375], [0.0, 0.0, 0.0, 1.0]]], "view": [[0.0, -2.0, 100.0], [-2.0, 0.0, 100.0], [0.0, 0.0, 1.0]], "bev": "bev_2a882f92e27e4006898322259a26a1a5.png", "aux": "aux_2a882f92e27e4006898322259a26a1a5.npz", "visibility": "visibility_2a882f92e27e4006898322259a26a1a5.png", "pose": [[0.880121648311615, 0.4747481942176819, 0.0, 1295.2181396484375], [-0.4747481942176819, 0.880121648311615, 0.0, 1322.6251220703125], [0.0, 0.0, 1.0, 0.0], [0.0, 0.0, 0.0, 1.0]], "pose_inverse": [[0.880121648311615, -0.4747481942176819, 0.0, -512.03564453125], [0.4747481942176819, 0.880121648311615, 0.0, -1778.9735107421875], [0.0, 0.0, 1.0, 0.0], [0.0, 0.0, 0.0, 1.0]], "cam_ids": [0, 1, 2, 3, 4, 5], "cam_channels": ["CAM_FRONT_LEFT", "CAM_FRONT", "CAM_FRONT_RIGHT", "CAM_BACK_LEFT", "CAM_BACK", "CAM_BACK_RIGHT"], "token": "2a882f92e27e4006898322259a26a1a5", "scene": "scene-0877"}, {"images": ["samples/CAM_FRONT_LEFT/n008-2018-09-18-14-54-39-0400__CAM_FRONT_LEFT__1537297177104799.jpg", "samples/CAM_FRONT/n008-2018-09-18-14-54-39-0400__CAM_FRONT__1537297177112404.jpg", "samples/CAM_FRONT_RIGHT/n008-2018-09-18-14-54-39-0400__CAM_FRONT_RIGHT__1537297177120482.jpg", "samples/CAM_BACK_LEFT/n008-2018-09-18-14-54-39-0400__CAM_BACK_LEFT__1537297177147405.jpg", "samples/CAM_BACK/n008-2018-09-18-14-54-39-0400__CAM_BACK__1537297177137558.jpg", "samples/CAM_BACK_RIGHT/n008-2018-09-18-14-54-39-0400__CAM_BACK_RIGHT__1537297177128113.jpg"], "intrinsics": [[[1257.8625342125129, 0.0, 827.2410631095686], [0.0, 1257.8625342125129, 450.915498205774], [0.0, 0.0, 1.0]], [[1252.8131021185304, 0.0, 826.588114781398], [0.0, 1252.8131021185304, 469.9846626224581], [0.0, 0.0, 1.0]], [[1256.7485116440405, 0.0, 817.7887570959712], [0.0, 1256.7485116440403, 451.9541780095127], [0.0, 0.0, 1.0]], [[1254.9860565800168, 0.0, 829.5769333630991], [0.0, 1254.9860565800168, 467.1680561863987], [0.0, 0.0, 1.0]], [[796.8910634503094, 0.0, 857.7774326863696], [0.0, 796.8910634503094, 476.8848988407415], [0.0, 0.0, 1.0]], [[1249.9629280788233, 0.0, 825.3768045375984], [0.0, 1249.9629280788233, 462.54816385708756], [0.0, 0.0, 1.0]]], "extrinsics": [[[0.8223997950553894, -0.5688386559486389, -0.00901433639228344, -0.6640625], [0.0017658360302448273, 0.018397167325019836, -0.9998291730880737, 1.4889297485351562], [0.5689073204994202, 0.8222433924674988, 0.01613430120050907, -1.103515625], [0.0, 0.0, 0.0, 1.0]], [[0.010017484426498413, -0.9998496174812317, -0.0141574926674366, 0.0130615234375], [0.003732002805918455, 0.014195487834513187, -0.9998922944068909, 1.4813785552978516], [0.9999428391456604, 0.009963581338524818, 0.003873643698170781, -1.39361572265625], [0.0, 0.0, 0.0, 1.0]], [[-0.8441272974014282, -0.5359892845153809, -0.012830890715122223, 0.8670654296875], [0.011763449758291245, 0.005410491954535246, -0.999916136264801, 1.4961919784545898], [0.5360137820243835, -0.8442075252532959, 0.0017379384953528643, -1.131591796875], [0.0, 0.0, 0.0, 1.0]], [[0.9478580951690674, 0.3186251223087311, -0.006560683250427246, -1.1209716796875], [-0.013826029375195503, 0.02054590918123722, -0.9996932744979858, 1.561697006225586], [-0.3183926045894623, 0.9476580619812012, 0.02387992851436138, -0.164306640625], [0.0, 0.0, 0.0, 1.0]], [[0.009332357905805111, 0.9998744130134583, 0.012807747349143028, -0.0291748046875], [-0.011616627685725689, 0.012915847823023796, -0.9998490214347839, 1.5667314529418945], [-0.9998890161514282, 0.009182149544358253, 0.011735704727470875, -0.068756103515625], [0.0, 0.0, 0.0, 1.0]], [[-0.9236916899681091, 0.38312432169914246, 0.0030656002927571535, 0.976593017578125], [-0.0073579358868300915, -0.009738595224916935, -0.9999254941940308, 1.5463790893554688], [-0.3830659091472626, -0.9236454367637634, 0.011814463883638382, -0.1173095703125], [0.0, 0.0, 0.0, 1.0]]], "view": [[0.0, -2.0, 100.0], [-2.0, 0.0, 100.0], [0.0, 0.0, 1.0]], "bev": "bev_5fef347234cc4f68bfddd5dba924de4f.png", "aux": "aux_5fef347234cc4f68bfddd5dba924de4f.npz", "visibility": "visibility_5fef347234cc4f68bfddd5dba924de4f.png", "pose": [[0.8808598518371582, 0.4733771085739136, 0.0, 1299.2188720703125], [-0.4733771085739136, 0.8808598518371582, 0.0, 1320.4105224609375], [0.0, 0.0, 1.0, 0.0], [0.0, 0.0, 0.0, 1.0]], "pose_inverse": [[0.8808598518371582, -0.4733771085739136, 0.0, -519.377685546875], [0.4733771085739136, 0.8808598518371582, 0.0, -1778.1170654296875], [0.0, 0.0, 1.0, 0.0], [0.0, 0.0, 0.0, 1.0]], "cam_ids": [0, 1, 2, 3, 4, 5], "cam_channels": ["CAM_FRONT_LEFT", "CAM_FRONT", "CAM_FRONT_RIGHT", "CAM_BACK_LEFT", "CAM_BACK", "CAM_BACK_RIGHT"], "token": "5fef347234cc4f68bfddd5dba924de4f", "scene": "scene-0877"}, {"images": ["samples/CAM_FRONT_LEFT/n008-2018-09-18-14-54-39-0400__CAM_FRONT_LEFT__1537297177604799.jpg", "samples/CAM_FRONT/n008-2018-09-18-14-54-39-0400__CAM_FRONT__1537297177612404.jpg", "samples/CAM_FRONT_RIGHT/n008-2018-09-18-14-54-39-0400__CAM_FRONT_RIGHT__1537297177620482.jpg", "samples/CAM_BACK_LEFT/n008-2018-09-18-14-54-39-0400__CAM_BACK_LEFT__1537297177647405.jpg", "samples/CAM_BACK/n008-2018-09-18-14-54-39-0400__CAM_BACK__1537297177637558.jpg", "samples/CAM_BACK_RIGHT/n008-2018-09-18-14-54-39-0400__CAM_BACK_RIGHT__1537297177628113.jpg"], "intrinsics": [[[1257.8625342125129, 0.0, 827.2410631095686], [0.0, 1257.8625342125129, 450.915498205774], [0.0, 0.0, 1.0]], [[1252.8131021185304, 0.0, 826.588114781398], [0.0, 1252.8131021185304, 469.9846626224581], [0.0, 0.0, 1.0]], [[1256.7485116440405, 0.0, 817.7887570959712], [0.0, 1256.7485116440403, 451.9541780095127], [0.0, 0.0, 1.0]], [[1254.9860565800168, 0.0, 829.5769333630991], [0.0, 1254.9860565800168, 467.1680561863987], [0.0, 0.0, 1.0]], [[796.8910634503094, 0.0, 857.7774326863696], [0.0, 796.8910634503094, 476.8848988407415], [0.0, 0.0, 1.0]], [[1249.9629280788233, 0.0, 825.3768045375984], [0.0, 1249.9629280788233, 462.54816385708756], [0.0, 0.0, 1.0]]], "extrinsics": [[[0.8230844736099243, -0.567870557308197, -0.007418592926114798, -0.64093017578125], [0.004279206972569227, 0.019263718277215958, -0.9998052716255188, 1.4900131225585938], [0.5679028034210205, 0.822892427444458, 0.018285702913999557, -1.0914306640625], [0.0, 0.0, 0.0, 1.0]], [[0.01122277695685625, -0.9998233318328857, -0.015076304785907269, 0.0159912109375], [0.006109821610152721, 0.015145539306104183, -0.9998666048049927, 1.4822616577148438], [0.9999182820320129, 0.011129186488687992, 0.0062787183560431, -1.37542724609375], [0.0, 0.0, 0.0, 1.0]], [[-0.8435273766517639, -0.5368685126304626, -0.015285370871424675, 0.8577880859375], [0.014010734856128693, 0.00645430339500308, -0.9998809695243835, 1.4969501495361328], [0.5369032621383667, -0.8436412215232849, 0.002077539684250951, -1.123046875], [0.0, 0.0, 0.0, 1.0]], [[0.9478439092636108, 0.31870925426483154, -0.004050795454531908, -1.1202392578125], [-0.011534870602190495, 0.021598603576421738, -0.9997001886367798, 1.5617389678955078], [-0.3185262382030487, 0.9476063847541809, 0.024148374795913696, -0.164794921875], [0.0, 0.0, 0.0, 1.0]], [[0.008861536160111427, 0.9998630285263062, 0.01397276297211647, -0.0301513671875], [-0.009354813024401665, 0.014055592007935047, -0.9998574256896973, 1.5669269561767578], [-0.9999169707298279, 0.008729520253837109, 0.009478086605668068, -0.07354736328125], [0.0, 0.0, 0.0, 1.0]], [[-0.9239962697029114, 0.38239890336990356, 0.0013830172829329967, 0.96771240234375], [-0.005072470288723707, -0.008640185929834843, -0.9999497532844543, 1.5467948913574219], [-0.38236767053604126, -0.9239569306373596, 0.009923206642270088, -0.119140625], [0.0, 0.0, 0.0, 1.0]]], "view": [[0.0, -2.0, 100.0], [-2.0, 0.0, 100.0], [0.0, 0.0, 1.0]], "bev": "bev_7c7c681bab9745159d2df66d1c95e913.png", "aux": "aux_7c7c681bab9745159d2df66d1c95e913.npz", "visibility": "visibility_7c7c681bab9745159d2df66d1c95e913.png", "pose": [[0.8804450035095215, 0.4741482436656952, 0.0, 1303.2138671875], [-0.4741482436656952, 0.8804450035095215, 0.0, 1318.184814453125], [0.0, 0.0, 1.0, 0.0], [0.0, 0.0, 0.0, 1.0]], "pose_inverse": [[0.8804450035095215, -0.4741482436656952, 0.0, -522.3931274414062], [0.4741482436656952, 0.8804450035095215, 0.0, -1778.505859375], [0.0, 0.0, 1.0, 0.0], [0.0, 0.0, 0.0, 1.0]], "cam_ids": [0, 1, 2, 3, 4, 5], "cam_channels": ["CAM_FRONT_LEFT", "CAM_FRONT", "CAM_FRONT_RIGHT", "CAM_BACK_LEFT", "CAM_BACK", "CAM_BACK_RIGHT"], "token": "7c7c681bab9745159d2df66d1c95e913", "scene": "scene-0877"}, {"images": ["samples/CAM_FRONT_LEFT/n008-2018-09-18-14-54-39-0400__CAM_FRONT_LEFT__1537297178104799.jpg", "samples/CAM_FRONT/n008-2018-09-18-14-54-39-0400__CAM_FRONT__1537297178112404.jpg", "samples/CAM_FRONT_RIGHT/n008-2018-09-18-14-54-39-0400__CAM_FRONT_RIGHT__1537297178120482.jpg", "samples/CAM_BACK_LEFT/n008-2018-09-18-14-54-39-0400__CAM_BACK_LEFT__1537297178147405.jpg", "samples/CAM_BACK/n008-2018-09-18-14-54-39-0400__CAM_BACK__1537297178137558.jpg", "samples/CAM_BACK_RIGHT/n008-2018-09-18-14-54-39-0400__CAM_BACK_RIGHT__1537297178128113.jpg"], "intrinsics": [[[1257.8625342125129, 0.0, 827.2410631095686], [0.0, 1257.8625342125129, 450.915498205774], [0.0, 0.0, 1.0]], [[1252.8131021185304, 0.0, 826.588114781398], [0.0, 1252.8131021185304, 469.9846626224581], [0.0, 0.0, 1.0]], [[1256.7485116440405, 0.0, 817.7887570959712], [0.0, 1256.7485116440403, 451.9541780095127], [0.0, 0.0, 1.0]], [[1254.9860565800168, 0.0, 829.5769333630991], [0.0, 1254.9860565800168, 467.1680561863987], [0.0, 0.0, 1.0]], [[796.8910634503094, 0.0, 857.7774326863696], [0.0, 796.8910634503094, 476.8848988407415], [0.0, 0.0, 1.0]], [[1249.9629280788233, 0.0, 825.3768045375984], [0.0, 1249.9629280788233, 462.54816385708756], [0.0, 0.0, 1.0]]], "extrinsics": [[[0.8224013447761536, -0.5688250660896301, -0.009700407274067402, -0.6768798828125], [0.00256818113848567, 0.020762726664543152, -0.9997811317443848, 1.4892349243164062], [0.5689019560813904, 0.8221964240074158, 0.018536139279603958, -1.111083984375], [0.0, 0.0, 0.0, 1.0]], [[0.009775199927389622, -0.9998148083686829, -0.01657768338918686, 0.0107421875], [0.004596890415996313, 0.016623232513666153, -0.9998512268066406, 1.4816303253173828], [0.9999416470527649, 0.009697512723505497, 0.004758534021675587, -1.40777587890625], [0.0, 0.0, 0.0, 1.0]], [[-0.8443132638931274, -0.535641610622406, -0.01493552140891552, 0.876708984375], [0.012674533762037754, 0.00790188368409872, -0.9998884797096252, 1.4962825775146484], [0.5356999039649963, -0.8444085121154785, 0.0001173414129880257, -1.140380859375], [0.0, 0.0, 0.0, 1.0]], [[0.9478738903999329, 0.31861069798469543, -0.00472232373431325, -1.1275634765625], [-0.012737809680402279, 0.0230787992477417, -0.9996524453163147, 1.5618247985839844], [-0.3183910846710205, 0.9476046562194824, 0.025934191420674324, -0.16162109375], [0.0, 0.0, 0.0, 1.0]], [[0.009472795762121677, 0.9998365044593811, 0.015407508239150047, -0.0281982421875], [-0.010590780526399612, 0.015507654286921024, -0.9998236298561096, 1.5669593811035156], [-0.99989908