[{"images": ["samples/CAM_FRONT_LEFT/n008-2018-05-21-11-06-59-0400__CAM_FRONT_LEFT__1526915617005022.jpg", "samples/CAM_FRONT/n008-2018-05-21-11-06-59-0400__CAM_FRONT__1526915617012465.jpg", "samples/CAM_FRONT_RIGHT/n008-2018-05-21-11-06-59-0400__CAM_FRONT_RIGHT__1526915617019956.jpg", "samples/CAM_BACK_LEFT/n008-2018-05-21-11-06-59-0400__CAM_BACK_LEFT__1526915617047295.jpg", "samples/CAM_BACK/n008-2018-05-21-11-06-59-0400__CAM_BACK__1526915617037570.jpg", "samples/CAM_BACK_RIGHT/n008-2018-05-21-11-06-59-0400__CAM_BACK_RIGHT__1526915617027813.jpg"], "intrinsics": [[[1256.4720761102153, 0.0, 759.9201772536986], [0.0, 1256.472076110215, 418.2347543062189], [0.0, 0.0, 1.0]], [[1262.8093578767177, 0.0, 786.6784634591471], [0.0, 1262.8093578767177, 437.9890946201144], [0.0, 0.0, 1.0]], [[1264.1253743585607, 0.0, 761.8659236816043], [0.0, 1264.125374358561, 415.0768894058469], [0.0, 0.0, 1.0]], [[1258.2338510172276, 0.0, 742.9036438917772], [0.0, 1258.2338510172278, 422.93240569290015], [0.0, 0.0, 1.0]], [[798.1242652672415, 0.0, 679.0081140747895], [0.0, 798.1242652672414, 419.2474525237902], [0.0, 0.0, 1.0]], [[1259.4297629105833, 0.0, 752.9541347831612], [0.0, 1259.4297629105833, 429.46398926977497], [0.0, 0.0, 1.0]]], "extrinsics": [[[0.8100125193595886, -0.5864089131355286, -0.002060870174318552, -0.7845458984375], [-0.003918161150068045, -0.001897835056297481, -0.9999905824661255, 1.4972202777862549], [0.5863993763923645, 0.8100128769874573, -0.00383491232059896, -1.152587890625], [0.0, 0.0, 0.0, 1.0]], [[-0.0041245585307478905, -0.9999667406082153, 0.007026268634945154, -0.026123046875], [-0.013531481847167015, -0.006969874259084463, -0.9998841881752014, 1.5097980499267578], [0.9998999238014221, -0.004219185560941696, -0.013502283953130245, -1.4555816650390625], [0.0, 0.0, 0.0, 1.0]], [[-0.8107563853263855, -0.585344672203064, 0.006761820986866951, 0.858154296875], [-0.00799784529954195, -0.00047373640700243413, -0.9999678730964661, 1.494384765625], [0.5853291153907776, -0.8107843995094299, -0.004297411534935236, -1.2655029296875], [0.0, 0.0, 0.0, 1.0]], [[0.9455422759056091, 0.3250204026699066, -0.017648126929998398, -1.15301513671875], [-0.02026546187698841, 0.004669076297432184, -0.9997836947441101, 1.5959138870239258], [-0.32486769556999207, 0.9456955194473267, 0.011001499369740486, -0.080078125], [0.0, 0.0, 0.0, 1.0]], [[0.017539463937282562, 0.9998446106910706, -0.0017824061214923859, 0.00634765625], [-0.011814059689640999, -0.0015753110637888312, -0.9999290108680725, 1.5387694835662842], [-0.9997764229774475, 0.01755928434431553, 0.011784592643380165, 0.04287910461425781], [0.0, 0.0, 0.0, 1.0]], [[-0.9350125193595886, 0.3543013334274292, 0.014904522337019444, 1.0277099609375], [-0.016973253339529037, -0.0027318100910633802, -0.999852180480957, 1.581697940826416], [-0.3542082607746124, -0.935127317905426, 0.008567922748625278, -0.099365234375], [0.0, 0.0, 0.0, 1.0]]], "view": [[0.0, -2.0, 100.0], [-2.0, 0.0, 100.0], [0.0, 0.0, 1.0]], "bev": "bev_45e59d8fd96543c8af0b9c566b0f5159.png", "aux": "aux_45e59d8fd96543c8af0b9c566b0f5159.npz", "visibility": "visibility_45e59d8fd96543c8af0b9c566b0f5159.png", "pose": [[-0.5494111180305481, -0.8355521559715271, 0.0, 1845.70556640625], [0.8355521559715271, -0.5494111180305481, 0.0, 1135.5177001953125], [0.0, 0.0, 1.0, 0.0], [0.0, 0.0, 0.0, 1.0]], "pose_inverse": [[-0.5494111180305481, 0.8355521559715271, 0.0, 65.26692962646484], [-0.8355521559715271, -0.5494111180305481, 0.0, 2166.04931640625], [0.0, 0.0, 1.0, 0.0], [0.0, 0.0, 0.0, 1.0]], "cam_ids": [0, 1, 2, 3, 4, 5], "cam_channels": ["CAM_FRONT_LEFT", "CAM_FRONT", "CAM_FRONT_RIGHT", "CAM_BACK_LEFT", "CAM_BACK", "CAM_BACK_RIGHT"], "token": "45e59d8fd96543c8af0b9c566b0f5159", "scene": "scene-0170"}, {"images": ["samples/CAM_FRONT_LEFT/n008-2018-05-21-11-06-59-0400__CAM_FRONT_LEFT__1526915617504917.jpg", "samples/CAM_FRONT/n008-2018-05-21-11-06-59-0400__CAM_FRONT__1526915617512465.jpg", "samples/CAM_FRONT_RIGHT/n008-2018-05-21-11-06-59-0400__CAM_FRONT_RIGHT__1526915617519956.jpg", "samples/CAM_BACK_LEFT/n008-2018-05-21-11-06-59-0400__CAM_BACK_LEFT__1526915617547295.jpg", "samples/CAM_BACK/n008-2018-05-21-11-06-59-0400__CAM_BACK__1526915617537570.jpg", "samples/CAM_BACK_RIGHT/n008-2018-05-21-11-06-59-0400__CAM_BACK_RIGHT__1526915617527813.jpg"], "intrinsics": [[[1256.4720761102153, 0.0, 759.9201772536986], [0.0, 1256.472076110215, 418.2347543062189], [0.0, 0.0, 1.0]], [[1262.8093578767177, 0.0, 786.6784634591471], [0.0, 1262.8093578767177, 437.9890946201144], [0.0, 0.0, 1.0]], [[1264.1253743585607, 0.0, 761.8659236816043], [0.0, 1264.125374358561, 415.0768894058469], [0.0, 0.0, 1.0]], [[1258.2338510172276, 0.0, 742.9036438917772], [0.0, 1258.2338510172278, 422.93240569290015], [0.0, 0.0, 1.0]], [[798.1242652672415, 0.0, 679.0081140747895], [0.0, 798.1242652672414, 419.2474525237902], [0.0, 0.0, 1.0]], [[1259.4297629105833, 0.0, 752.9541347831612], [0.0, 1259.4297629105833, 429.46398926977497], [0.0, 0.0, 1.0]]], "extrinsics": [[[0.8096628785133362, -0.5868746042251587, 0.004923383705317974, -0.8101806640625], [0.007546895649284124, 0.0020229315850883722, -0.999969482421875, 1.5002975463867188], [0.5868467688560486, 0.8096752166748047, 0.006066974252462387, -1.16748046875], [0.0, 0.0, 0.0, 1.0]], [[-0.00479972455650568, -0.999984085559845, 0.0029669576324522495, -0.0283203125], [-0.0021047552581876516, -0.0029568825848400593, -0.9999934434890747, 1.512533187866211], [0.9999862909317017, -0.004805963486433029, -0.002090530702844262, -1.4796066284179688], [0.0, 0.0, 0.0, 1.0]], [[-0.8110874891281128, -0.5849045515060425, -0.004875208716839552, 0.8719482421875], [0.0033960987348109484, 0.0036255710292607546, -0.9999876618385315, 1.496438980102539], [0.5849149823188782, -0.8110939860343933, -0.0009542625630274415, -1.2783203125], [0.0, 0.0, 0.0, 1.0]], [[0.9457560777664185, 0.32482463121414185, -0.005864644888788462, -1.1573486328125], [-0.009333537891507149, 0.009122166782617569, -0.999914824962616, 1.595968246459961], [-0.32474350929260254, 0.9457302689552307, 0.011659108102321625, -0.0777587890625], [0.0, 0.0, 0.0, 1.0]], [[0.01786472462117672, 0.999836802482605, 0.0026854851748794317, 0.007080078125], [-0.0006743452395312488, 0.002697961637750268, -0.9999961853027344, 1.5395140647888184], [-0.9998401999473572, 0.017862897366285324, 0.0007224332657642663, 0.05110931396484375], [0.0, 0.0, 0.0, 1.0]], [[-0.9349734783172607, 0.3546698987483978, 0.005818439181894064, 1.04083251953125], [-0.005670469254255295, 0.001456567319110036, -0.9999828338623047, 1.5832645893096924], [-0.35467231273651123, -0.9349904656410217, 0.0006492933025583625, -0.09619140625], [0.0, 0.0, 0.0, 1.0]]], "view": [[0.0, -2.0, 100.0], [-2.0, 0.0, 100.0], [0.0, 0.0, 1.0]], "bev": "bev_5ef6c71f4dde4810be23dabda73e1213.png", "aux": "aux_5ef6c71f4dde4810be23dabda73e1213.npz", "visibility": "visibility_5ef6c71f4dde4810be23dabda73e1213.png", "pose": [[-0.5544323921203613, -0.8322287797927856, 0.0, 1843.91796875], [0.8322287797927856, -0.5544323921203613, 0.0, 1138.2108154296875], [0.0, 0.0, 1.0, 0.0], [0.0, 0.0, 0.0, 1.0]], "pose_inverse": [[-0.5544323921203613, 0.8322287797927856, 0.0, 75.07604217529297], [-0.8322287797927856, -0.5544323921203613, 0.0, 2165.62255859375], [0.0, 0.0, 1.0, 0.0], [0.0, 0.0, 0.0, 1.0]], "cam_ids": [0, 1, 2, 3, 4, 5], "cam_channels": ["CAM_FRONT_LEFT", "CAM_FRONT", "CAM_FRONT_RIGHT", "CAM_BACK_LEFT", "CAM_BACK", "CAM_BACK_RIGHT"], "token": "5ef6c71f4dde4810be23dabda73e1213", "scene": "scene-0170"}, {"images": ["samples/CAM_FRONT_LEFT/n008-2018-05-21-11-06-59-0400__CAM_FRONT_LEFT__1526915617904917.jpg", "samples/CAM_FRONT/n008-2018-05-21-11-06-59-0400__CAM_FRONT__1526915617912465.jpg", "samples/CAM_FRONT_RIGHT/n008-2018-05-21-11-06-59-0400__CAM_FRONT_RIGHT__1526915617919956.jpg", "samples/CAM_BACK_LEFT/n008-2018-05-21-11-06-59-0400__CAM_BACK_LEFT__1526915617947295.jpg", "samples/CAM_BACK/n008-2018-05-21-11-06-59-0400__CAM_BACK__1526915617937570.jpg", "samples/CAM_BACK_RIGHT/n008-2018-05-21-11-06-59-0400__CAM_BACK_RIGHT__1526915617927813.jpg"], "intrinsics": [[[1256.4720761102153, 0.0, 759.9201772536986], [0.0, 1256.472076110215, 418.2347543062189], [0.0, 0.0, 1.0]], [[1262.8093578767177, 0.0, 786.6784634591471], [0.0, 1262.8093578767177, 437.9890946201144], [0.0, 0.0, 1.0]], [[1264.1253743585607, 0.0, 761.8659236816043], [0.0, 1264.125374358561, 415.0768894058469], [0.0, 0.0, 1.0]], [[1258.2338510172276, 0.0, 742.9036438917772], [0.0, 1258.2338510172278, 422.93240569290015], [0.0, 0.0, 1.0]], [[798.1242652672415, 0.0, 679.0081140747895], [0.0, 798.1242652672414, 419.2474525237902], [0.0, 0.0, 1.0]], [[1259.4297629105833, 0.0, 752.9541347831612], [0.0, 1259.4297629105833, 429.46398926977497], [0.0, 0.0, 1.0]]], "extrinsics": [[[0.8096321225166321, -0.586937665939331, 0.0001849486434366554, -0.812744140625], [0.0044492254965007305, 0.005822241306304932, -0.9999731779098511, 1.4994621276855469], [0.5869207978248596, 0.8096112012863159, 0.007325293030589819, -1.173095703125], [0.0, 0.0, 0.0, 1.0]], [[-0.004770597442984581, -0.9999883770942688, -0.0006757918163202703, -0.02587890625], [-0.005317915230989456, 0.0007011600537225604, -0.9999856352806091, 1.5118799209594727], [0.9999744892120361, -0.004766882862895727, -0.005321197677403688, -1.4847183227539062], [0.0, 0.0, 0.0, 1.0]], [[-0.8110823631286621, -0.584916353225708, -0.004284637980163097, 0.8770751953125], [0.00011801350774476305, 0.007161388639360666, -0.9999743103981018, 1.4958772659301758], [0.5849320292472839, -0.8110620379447937, -0.005739449989050627, -1.2791748046875], [0.0, 0.0, 0.0, 1.0]], [[0.9456981420516968, 0.3249475657939911, -0.008004111237823963, -1.15509033203125], [-0.012600941583514214, 0.0120443906635046, -0.9998480677604675, 1.5959453582763672], [-0.32480180263519287, 0.945655345916748, 0.015485003590583801, -0.0791015625], [0.0, 0.0, 0.0, 1.0]], [[0.017840417101979256, 0.9998239874839783, 0.005798551719635725, 0.00634765625], [-0.003960894886404276, 0.00587010383605957, -0.9999749660491943, 1.5393257141113281], [-0.9998329877853394, 0.01781698316335678, 0.00406492268666625, 0.052516937255859375], [0.0, 0.0, 0.0, 1.0]], [[-0.9349550604820251, 0.3546222448348999, 0.010107220150530338, 1.0438232421875], [-0.008970694616436958, 0.0048488168977200985, -0.9999480247497559, 1.5829010009765625], [-0.3546528220176697, -0.9349971413612366, -0.00135221763048321, -0.09326171875], [0.0, 0.0, 0.0, 1.0]]], "view": [[0.0, -2.0, 100.0], [-2.0, 0.0, 100.0], [0.0, 0.0, 1.0]], "bev": "bev_e067831bc8ea49a0851b8226ac2a4c9d.png", "aux": "aux_e067831bc8ea49a0851b8226ac2a4c9d.npz", "visibility": "visibility_e067831bc8ea49a0851b8226ac2a4c9d.png", "pose": [[-0.5562443137168884, -0.8310188055038452, 0.0, 1842.56787109375], [0.8310188055038452, -0.5562443137168884, 0.0, 1140.257080078125], [0.0, 0.0, 1.0, 0.0], [0.0, 0.0, 0.0, 1.0]], "pose_inverse": [[-0.5562443137168884, 0.8310188055038452, 0.0, 77.34281158447266], [-0.8310188055038452, -0.5562443137168884, 0.0, 2165.469970703125], [0.0, 0.0, 1.0, 0.0], [0.0, 0.0, 0.0, 1.0]], "cam_ids": [0, 1, 2, 3, 4, 5], "cam_channels": ["CAM_FRONT_LEFT", "CAM_FRONT", "CAM_FRONT_RIGHT", "CAM_BACK_LEFT", "CAM_BACK", "CAM_BACK_RIGHT"], "token": "e067831bc8ea49a0851b8226ac2a4c9d", "scene": "scene-0170"}, {"images": ["samples/CAM_FRONT_LEFT/n008-2018-05-21-11-06-59-0400__CAM_FRONT_LEFT__1526915618404917.jpg", "samples/CAM_FRONT/n008-2018-05-21-11-06-59-0400__CAM_FRONT__1526915618412465.jpg", "samples/CAM_FRONT_RIGHT/n008-2018-05-21-11-06-59-0400__CAM_FRONT_RIGHT__1526915618419956.jpg", "samples/CAM_BACK_LEFT/n008-2018-05-21-11-06-59-0400__CAM_BACK_LEFT__1526915618447295.jpg", "samples/CAM_BACK/n008-2018-05-21-11-06-59-0400__CAM_BACK__1526915618437570.jpg", "samples/CAM_BACK_RIGHT/n008-2018-05-21-11-06-59-0400__CAM_BACK_RIGHT__1526915618427813.jpg"], "intrinsics": [[[1256.4720761102153, 0.0, 759.9201772536986], [0.0, 1256.472076110215, 418.2347543062189], [0.0, 0.0, 1.0]], [[1262.8093578767177, 0.0, 786.6784634591471], [0.0, 1262.8093578767177, 437.9890946201144], [0.0, 0.0, 1.0]], [[1264.1253743585607, 0.0, 761.8659236816043], [0.0, 1264.125374358561, 415.0768894058469], [0.0, 0.0, 1.0]], [[1258.2338510172276, 0.0, 742.9036438917772], [0.0, 1258.2338510172278, 422.93240569290015], [0.0, 0.0, 1.0]], [[798.1242652672415, 0.0, 679.0081140747895], [0.0, 798.1242652672414, 419.2474525237902], [0.0, 0.0, 1.0]], [[1259.4297629105833, 0.0, 752.9541347831612], [0.0, 1259.4297629105833, 429.46398926977497], [0.0, 0.0, 1.0]]], "extrinsics": [[[0.8095623254776001, -0.5870334506034851, -0.0007777591818012297, -0.8221435546875], [0.0028937177266925573, 0.005315525457262993, -0.999981701374054, 1.4990520477294922], [0.5870267748832703, 0.8095452189445496, 0.006001956760883331, -1.177001953125], [0.0, 0.0, 0.0, 1.0]], [[-0.005158920772373676, -0.9999866485595703, -0.00012709559814538807, -0.028564453125], [-0.007019505370408297, 0.0001633080973988399, -0.9999753832817078, 1.5115877389907837], [0.9999620914459229, -0.00515799829736352, -0.007020255550742149, -1.4928207397460938], [0.0, 0.0, 0.0, 1.0]], [[-0.8112958669662476, -0.5846308469772339, -0.002423994243144989, 0.8809814453125], [-0.001752430689521134, 0.006577960215508938, -0.9999768137931824, 1.4955997467041016], [0.5846332311630249, -0.8112727999687195, -0.006361196283251047, -1.2847900390625], [0.0, 0.0, 0.0, 1.0]], [[0.9456558227539062, 0.3249957859516144, -0.010623039677739143, -1.15533447265625], [-0.015116958878934383, 0.011305658146739006, -0.9998218417167664, 1.5959548950195312], [-0.32481780648231506, 0.9456479549407959, 0.015604209154844284, -0.0791015625], [0.0, 0.0, 0.0, 1.0]], [[0.01794634573161602, 0.9998260736465454, 0.005068379454314709, 0.0068359375], [-0.006249102298170328, 0.00518126180395484, -0.999967098236084, 1.5392169952392578], [-0.9998193979263306, 0.017914041876792908, 0.006340997293591499, 0.0551910400390625], [0.0, 0.0, 0.0, 1.0]], [[-0.9348475933074951, 0.35485321283340454, 0.011804912239313126, 1.048828125], [-0.011026010848581791, 0.00421709893271327, -0.9999303221702576, 1.5827255249023438], [-0.3548782467842102, -0.9349125623703003, -2.9728407753282227e-05, -0.0927734375], [0.0, 0.0, 0.0, 1.0]]], "view": [[0.0, -2.0, 100.0], [-2.0, 0.0, 100.0], [0.0, 0.0, 1.0]], "bev": "bev_d7789cfca2ab4004a4ef48ec98d37a5d.png", "aux": "aux_d7789cfca2ab4004a4ef48ec98d37a5d.npz", "visibility": "visibility_d7789cfca2ab4004a4ef48ec98d37a5d.png", "pose": [[-0.5587713122367859, -0.8293218016624451, 0.0, 1840.91845703125], [0.8293218016624451, -0.5587713122367859, 0.0, 1142.7445068359375], [0.0, 0.0, 1.0, 0.0], [0.0, 0.0, 0.0, 1.0]], "pose_inverse": [[-0.5587713122367859, 0.8293218016624451, 0.0, 80.94950866699219], [-0.8293218016624451, -0.5587713122367859, 0.0, 2165.24658203125], [0.0, 0.0, 1.0, 0.0], [0.0, 0.0, 0.0, 1.0]], "cam_ids": [0, 1, 2, 3, 4, 5], "cam_channels": ["CAM_FRONT_LEFT", "CAM_FRONT", "CAM_FRONT_RIGHT", "CAM_BACK_LEFT", "CAM_BACK", "CAM_BACK_RIGHT"], "token": "d7789cfca2ab4004a4ef48ec98d37a5d", "scene": "scene-0170"}, {"images": ["samples/CAM_FRONT_LEFT/n008-2018-05-21-11-06-59-0400__CAM_FRONT_LEFT__1526915618904917.jpg", "samples/CAM_FRONT/n008-2018-05-21-11-06-59-0400__CAM_FRONT__1526915618912465.jpg", "samples/CAM_FRONT_RIGHT/n008-2018-05-21-11-06-59-0400__CAM_FRONT_RIGHT__1526915618919956.jpg", "samples/CAM_BACK_LEFT/n008-2018-05-21-11-06-59-0400__CAM_BACK_LEFT__1526915618947295.jpg", "samples/CAM_BACK/n008-2018-05-21-11-06-59-0400__CAM_BACK__1526915618937570.jpg", "samples/CAM_BACK_RIGHT/n008-2018-05-21-11-06-59-0400__CAM_BACK_RIGHT__1526915618927813.jpg"], "intrinsics": [[[1256.4720761102153, 0.0, 759.9201772536986], [0.0, 1256.472076110215, 418.2347543062189], [0.0, 0.0, 1.0]], [[1262.8093578767177, 0.0, 786.6784634591471], [0.0, 1262.8093578767177, 437.9890946201144], [0.0, 0.0, 1.0]], [[1264.1253743585607, 0.0, 761.8659236816043], [0.0, 1264.125374358561, 415.0768894058469], [0.0, 0.0, 1.0]], [[1258.2338510172276, 0.0, 742.9036438917772], [0.0, 1258.2338510172278, 422.93240569290015], [0.0, 0.0, 1.0]], [[798.1242652672415, 0.0, 679.0081140747895], [0.0, 798.1242652672414, 419.2474525237902], [0.0, 0.0, 1.0]], [[1259.4297629105833, 0.0, 752.9541347831612], [0.0, 1259.4297629105833, 429.46398926977497], [0.0, 0.0, 1.0]]], "extrinsics": [[[0.8101233243942261, -0.5862590074539185, 0.0007071603322401643, -0.8367919921875], [0.0032939433585852385, 0.003345535136759281, -0.9999889731407166, 1.4990801811218262], [0.5862501859664917, 0.8101167678833008, 0.004641400650143623, -1.1890869140625], [0.0, 0.0, 0.0, 1.0]], [[-0.004202015697956085, -0.99998939037323, 0.0019043018110096455, -0.02685546875], [-0.006346447393298149, -0.0018776117358356714, -0.9999781250953674, 1.5118186473846436], [0.9999710917472839, -0.0042139748111367226, -0.0063384887762367725, -1.5081367492675781], [0.0, 0.0, 0.0, 1.0]], [[-0.810854971408844, -0.5852439403533936, -0.0019494359148666263, 0.891357421875], [-0.0008302862988784909, 0.004481304902583361, -0.9999896287918091, 1.4957475662231445], [0.5852466225624084, -0.8108448386192322, -0.004119608551263809, -1.29052734375], [0.0, 0.0, 0.0, 1.0]], [[0.9457461833953857, 0.3247632086277008, -0.009641813114285469, -1.156005859375], [-0.013375106267631054, 0.009264965541660786, -0.9998676180839539, 1.595956802368164], [-0.32463085651397705, 0.9457499384880066, 0.013106048107147217, -0.0787353515625], [0.0, 0.0, 0.0, 1.0]], [[0.017809344455599785, 0.999836802482605, 0.0030070061329752207, 0.00634765625], [-0.004789919592440128, 0.0030927681364119053, -0.9999837279319763, 1.5393123626708984], [-0.999829888343811, 0.017794664949178696, 0.004844218026846647, 0.05951499938964844], [0.0, 0.0, 0.0, 1.0]], [[-0.9350293874740601, 0.35443007946014404, 0.009961612522602081, 1.05621337890625], [-0.009856795892119408, 0.002101162215694785, -0.9999492168426514, 1.582932710647583], [-0.3544330596923828, -0.9350801110267639, 0.001528896507807076, -0.089111328125], [0.0, 0.0, 0.0, 1.0]]], "view": [[0.0, -2.0, 100.0], [-2.0, 0.0, 100.0], [0.0, 0.0, 1.0]], "bev": "bev_80e84ccf181a428e939af2fbde7d4211.png", "aux": "aux_80e84ccf181a428e939af2fbde7d4211.npz", "visibility": "visibility_80e84ccf181a428e939af2fbde7d4211.png", "pose": [[-0.5526939630508423, -0.8333842754364014, 0.0, 1839.4390869140625], [0.8333842754364014, -0.5526939630508423, 0.0, 1144.9639892578125], [0.0, 0.0, 1.0, 0.0], [0.0, 0.0, 0.0, 1.0]], "pose_inverse": [[-0.5526939630508423, 0.8333842754364014, 0.0, 62.45186996459961], [-0.8333842754364014, -0.5526939630508423, 0.0, 2165.7744140625], [0.0, 0.0, 1.0, 0.0], [0.0, 0.0, 0.0, 1.0]], "cam_ids": [0, 1, 2, 3, 4, 5], "cam_channels": ["CAM_FRONT_LEFT", "CAM_FRONT", "CAM_FRONT_RIGHT", "CAM_BACK_LEFT", "CAM_BACK", "CAM_BACK_RIGHT"], "token": "80e84ccf181a428e939af2fbde7d4211", "scene": "scene-0170"}, {"images": ["samples/CAM_FRONT_LEFT/n008-2018-05-21-11-06-59-0400__CAM_FRONT_LEFT__1526915619404917.jpg", "samples/CAM_FRONT/n008-2018-05-21-11-06-59-0400__CAM_FRONT__1526915619412465.jpg", "samples/CAM_FRONT_RIGHT/n008-2018-05-21-11-06-59-0400__CAM_FRONT_RIGHT__1526915619419956.jpg", "samples/CAM_BACK_LEFT/n008-2018-05-21-11-06-59-0400__CAM_BACK_LEFT__1526915619447295.jpg", "samples/CAM_BACK/n008-2018-05-21-11-06-59-0400__CAM_BACK__1526915619437570.jpg", "samples/CAM_BACK_RIGHT/n008-2018-05-21-11-06-59-0400__CAM_BACK_RIGHT__1526915619427813.jpg"], "intrinsics": [[[1256.4720761102153, 0.0, 759.9201772536986], [0.0, 1256.472076110215, 418.2347543062189], [0.0, 0.0, 1.0]], [[1262.8093578767177, 0.0, 786.6784634591471], [0.0, 1262.8093578767177, 437.9890946201144], [0.0, 0.0, 1.0]], [[1264.1253743585607, 0.0, 761.8659236816043], [0.0, 1264.125374358561, 415.0768894058469], [0.0, 0.0, 1.0]], [[1258.2338510172276, 0.0, 742.9036438917772], [0.0, 1258.2338510172278, 422.93240569290015], [0.0, 0.0, 1.0]], [[798.1242652672415, 0.0, 679.0081140747895], [0.0, 798.1242652672414, 419.2474525237902], [0.0, 0.0, 1.0]], [[1259.4297629105833, 0.0, 752.9541347831612], [0.0, 1259.4297629105833, 429.46398926977497], [0.0, 0.0, 1.0]]], "extrinsics": [[[0.8101302981376648, -0.5862460732460022, -0.0020789802074432373, -0.8446044921875], [0.0009123696945607662, 0.004807015880942345, -0.9999880790710449, 1.4985418319702148], [0.586249053478241, 0.8101186752319336, 0.00442918436601758, -1.1939697265625], [0.0, 0.0, 0.0, 1.0]], [[-0.004159611649811268, -0.9999912977218628, 0.0003423023736104369, -0.027099609375], [-0.00883407797664404, -0.00030554577824659646, -0.9999609589576721, 1.5114262104034424], [0.9999523162841797, -0.004162499215453863, -0.008832729421555996, -1.5153942108154297], [0.0, 0.0, 0.0, 1.0]], [[-0.8108137845993042, -0.5853036046028137, -0.0008458650554530323, 0.8956298828125], [-0.0034182313829660416, 0.0061803762800991535, -0.9999750256538391, 1.495396614074707], [0.5852941870689392, -0.8107907176017761, -0.007011841516941786, -1.2939453125], [0.0, 0.0, 0.0, 1.0]], [[0.945646345615387, 0.324986070394516, -0.01170913502573967, -1.15374755859375], [-0.016281181946396828, 0.01135252695530653, -0.9998030066490173, 1.5959320068359375], [-0.3247891068458557, 0.9456506967544556, 0.016026632860302925, -0.0794677734375], [0.0, 0.0, 0.0, 1.0]], [[0.017652377486228943, 0.9998321533203125, 0.004905567038804293, 0.006591796875], [-0.00759774399921298, 0.0050403280183672905, -0.9999584555625916, 1.5391817092895508], [-0.9998152256011963, 0.01761438697576523, 0.007685440592467785, 0.06024372577667236], [0.0, 0.0, 0.0, 1.0]], [[-0.9350404143333435, 0.35429826378822327, 0.013117012567818165, 1.0596923828125], [-0.012544571422040462, 0.003912520594894886, -0.9999136924743652, 1.5827031135559082], [-0.3543189764022827, -0.9351242780685425, 0.0007861554040573537, -0.0882568359375], [0.0, 0.0, 0.0, 1.0]]], "view": [[0.0, -2.0, 100.0], [-2.0, 0.0, 100.0], [0.0, 0.0, 1.0]], "bev": "bev_af5fbdebfd7f468ba4110c5494eb2c2b.png", "aux": "aux_af5fbdebfd7f468ba4110c5494eb2c2b.npz", "visibility": "visibility_af5fbdebfd7f468ba4110c5494eb2c2b.png", "pose": [[-0.54500812292099, -0.8384307622909546, 0.0, 1837.9998779296875], [0.8384307622909546, -0.54500812292099, 0.0, 1147.17431640625], [0.0, 0.0, 1.0, 0.0], [0.0, 0.0, 0.0, 1.0]], "pose_inverse": [[-0.54500812292099, 0.8384307622909546, 0.0, 39.898590087890625], [-0.8384307622909546, -0.54500812292099, 0.0, 2166.2548828125], [0.0, 0.0, 1.0, 0.0], [0.0, 0.0, 0.0, 1.0]], "cam_ids": [0, 1, 2, 3, 4, 5], "cam_channels": ["CAM_FRONT_LEFT", "CAM_FRONT", "CAM_FRONT_RIGHT", "CAM_BACK_LEFT", "CAM_BACK", "CAM_BACK_RIGHT"], "token": "af5fbdebfd7f468ba4110c5494eb2c2b", "scene": "scene-0170"}, {"images": ["samples/CAM_FRONT_LEFT/n008-2018-05-21-11-06-59-0400__CAM_FRONT_LEFT__1526915619904917.jpg", "samples/CAM_FRONT/n008-2018-05-21-11-06-59-0400__CAM_FRONT__1526915619912465.jpg", "samples/CAM_FRONT_RIGHT/n008-2018-05-21-11-06-59-0400__CAM_FRONT_RIGHT__1526915619919956.jpg", "samples/CAM_BACK_LEFT/n008-2018-05-21-11-06-59-0400__CAM_BACK_LEFT__1526915619947295.jpg", "samples/CAM_BACK/n008-2018-05-21-11-06-59-0400__CAM_BACK__1526915619937570.jpg", "samples/CAM_BACK_RIGHT/n008-2018-05-21-11-06-59-0400__CAM_BACK_RIGHT__1526915619927813.jpg"], "intrinsics": [[[1256.4720761102153, 0.0, 759.9201772536986], [0.0, 1256.472076110215, 418.2347543062189], [0.0, 0.0, 1.0]], [[1262.8093578767177, 0.0, 786.6784634591471], [0.0, 1262.8093578767177, 437.9890946201144], [0.0, 0.0, 1.0]], [[1264.1253743585607, 0.0, 761.8659236816043], [0.0, 1264.125374358561, 415.0768894058469], [0.0, 0.0, 1.0]], [[1258.2338510172276, 0.0, 742.9036438917772], [0.0, 1258.2338510172278, 422.93240569290015], [0.0, 0.0, 1.0]], [[798.1242652672415, 0.0, 679.0081140747895], [0.0, 798.1242652672414, 419.2474525237902], [0.0, 0.0, 1.0]], [[1259.4297629105833, 0.0, 752.9541347831612], [0.0, 1259.4297629105833, 429.46398926977497], [0.0, 0.0, 1.0]]], "extrinsics": [[[0.8066943287849426, -0.5909491777420044, -0.00483350595459342, -0.8543701171875], [0.0013565673725679517, 0.010030632838606834, -0.9999487996101379, 1.4986419677734375], [0.5909673571586609, 0.8066464066505432, 0.008893316611647606, -1.197021484375], [0.0, 0.0, 0.0, 1.0]], [[-0.009063143283128738, -0.999947190284729, -0.004855329170823097, -0.02978515625], [-0.008422808721661568, 0.00493169529363513, -0.9999523758888245, 1.5115699768066406], [0.9999235272407532, -0.009021876379847527, -0.008467061445116997, -1.5228347778320312], [0.0, 0.0, 0.0, 1.0]], [[-0.8130820393562317, -0.5821341872215271, -0.004167498089373112, 0.89892578125], [-0.002986655803397298, 0.01133004855364561, -0.9999313354492188, 1.4954872131347656], [0.5821415185928345, -0.8130137920379639, -0.010950894095003605, -1.2989501953125], [0.0, 0.0, 0.0, 1.0]], [[0.9456693530082703, 0.3249819278717041, -0.00982351042330265, -1.15447998046875], [-0.015947656705975533, 0.01618623360991478, -0.999741792678833, 1.5959358215332031], [-0.3247389793395996, 0.9455817937850952, 0.020489521324634552, -0.07958984375], [0.0, 0.0, 0.0, 1.0]], [[0.019084449857473373, 0.9997692108154297, 0.009863615036010742, 0.0068359375], [-0.007217115256935358, 0.01000290922820568, -0.9999239444732666, 1.539224624633789], [-0.9997918009757996, 0.01901177503168583, 0.007406348828226328, 0.06261825561523438], [0.0, 0.0, 0.0, 1.0]], [[-0.9340509176254272, 0.3568432331085205, 0.0145528893917799, 1.06396484375], [-0.012137452140450478, 0.009007405489683151, -0.9998857975006104, 1.5828018188476562], [-0.35693350434303284, -0.9341208934783936, -0.004082206636667252, -0.088134765625], [0.0, 0.0, 0.0, 1.0]]], "view": [[0.0, -2.0, 100.0], [-2.0, 0.0, 100.0], [0.0, 0.0, 1.0]], "bev": "bev_1eea786f7d644e7caff1fc0ba0731682.png", "aux": "aux_1eea786f7d644e7caff1fc0ba0731682.npz", "visibility": "visibility_1eea786f7d644e7caff1fc0ba0731682.png", "pose": [[-0.5703163146972656, -0.821425199508667, 0.0, 1836.60791015625], [0.821425199508667, -0.5703163146972656, 0.0, 1149.2491455078125], [0.0, 0.0, 1.0, 0.0], [0.0, 0.0, 0.0, 1.0]], "pose_inverse": [[-0.5703163146972656, 0.821425199508667, 0.0, 103.42524719238281], [-0.821425199508667, -0.5703163146972656, 0.0, 2164.071533203125], [0.0, 0.0, 1.0, 0.0], [0.0, 0.0, 0.0, 1.0]], "cam_ids": [0, 1, 2, 3, 4, 5], "cam_channels": ["CAM_FRONT_LEFT", "CAM_FRONT", "CAM_FRONT_RIGHT", "CAM_BACK_LEFT", "CAM_BACK", "CAM_BACK_RIGHT"], "token": "1eea786f7d644e7caff1fc0ba0731682", "scene": "scene-0170"}, {"images": ["samples/CAM_FRONT_LEFT/n008-2018-05-21-11-06-59-0400__CAM_FRONT_LEFT__1526915620404917.jpg", "samples/CAM_FRONT/n008-2018-05-21-11-06-59-0400__CAM_FRONT__1526915620412465.jpg", "samples/CAM_FRONT_RIGHT/n008-2018-05-21-11-06-59-0400__CAM_FRONT_RIGHT__1526915620419956.jpg", "samples/CAM_BACK_LEFT/n008-2018-05-21-11-06-59-0400__CAM_BACK_LEFT__1526915620447295.jpg", "samples/CAM_BACK/n008-2018-05-21-11-06-59-0400__CAM_BACK__1526915620437570.jpg", "samples/CAM_BACK_RIGHT/n008-2018-05-21-11-06-59-0400__CAM_BACK_RIGHT__1526915620427813.jpg"], "intrinsics": [[[1256.4720761102153, 0.0, 759.9201772536986], [0.0, 1256.472076110215, 418.2347543062189], [0.0, 0.0, 1.0]], [[1262.8093578767177, 0.0, 786.6784634591471], [0.0, 1262.8093578767177, 437.9890946201144], [0.0, 0.0, 1.0]], [[1264.1253743585607, 0.0, 761.8659236816043], [0.0, 1264.125374358561, 415.0768894058469], [0.0, 0.0, 1.0]], [[1258.2338510172276, 0.0, 742.9036438917772], [0.0, 1258.2338510172278, 422.93240569290015], [0.0, 0.0, 1.0]], [[798.1242652672415, 0.0, 679.0081140747895], [0.0, 798.1242652672414, 419.2474525237902], [0.0, 0.0, 1.0]], [[1259.4297629105833, 0.0, 752.9541347831612], [0.0, 1259.4297629105833, 429.46398926977497], [0.0, 0.0, 1.0]]], "extrinsics": [[[0.8046043515205383, -0.5938063859939575, -0.00240354728884995, -0.8575439453125], [0.0002649239613674581, 0.004406629130244255, -0.9999902844429016, 1.498392105102539], [0.5938111543655396, 0.8045958280563354, 0.0037029078230261803, -1.2030029296875], [0.0, 0.0, 0.0, 1.0]], [[-0.011913014575839043, -0.9999286532402039, 0.000775002408772707, -0.02734375], [-0.009553139097988605, -0.0006612086435779929, -0.9999541640281677, 1.511418104171753], [0.9998834133148193, -0.011919832788407803, -0.00954458024352789, -1.527740478515625], [0.0, 0.0, 0.0, 1.0]], [[-0.8143574595451355, -0.5803636312484741, 4.315312980907038e-05, 0.9031982421875], [-0.004129279404878616, 0.005719785578548908, -0.9999750852584839, 1.4953327178955078], [0.5803490281105042, -0.8143373131752014, -0.007054433226585388, -1.2996826171875], [0.0, 0.0, 0.0, 1.0]], [[0.9455791115760803, 0.3251393735408783, -0.012818606570363045, -1.155517578125], [-0.01717595010995865, 0.010534621775150299, -0.999796986579895, 1.5959548950195312], [-0.32493826746940613, 0.9456074237823486, 0.01554589718580246, -0.0792236328125], [0.0, 0.0, 0.0, 1.0]], [[0.01973310112953186, 0.9997963309288025, 0.0042258682660758495, 0.006103515625], [-0.00841379351913929, 0.004392602015286684, -0.9999549388885498, 1.5391783714294434], [-0.9997698664665222, 0.019696611911058426, 0.008498759008944035, 0.0646514892578125], [0.0, 0.0, 0.0, 1.0]], [[-0.93349689245224, 0.3583255410194397, 0.01364930160343647, 1.06634521484375], [-0.013310786336660385, 0.0034115200396627188, -0.9999055862426758, 1.5827233791351318], [-0.35833829641342163, -0.9335904121398926, 0.0015849514165893197, -0.085693359375], [0.0, 0.0, 0.0, 1.0]]], "view": [[0.0, -2.0, 100.0], [-2.0, 0.0, 100.0], [0.0, 0.0, 1.0]], "bev": "bev_29d2420ab97f4366a08a18061facc8ce.png", "aux": "aux_29d2420ab97f4366a08a18061facc8ce.npz", "visibility": "visibility_29d2420ab97f4366a08a18061facc8ce.png", "pose": [[-0.6288056969642639, -0.7775624394416809, 0.0, 1835.2139892578125], [0.7775624394416809, -0.6288056969642639, 0.0, 1151.13330078125], [0.0, 0.0, 1.0, 0.0], [0.0, 0.0, 0.0, 1.0]], "pose_inverse": [[-0.6288056969642639, 0.7775624394416809, 0.0, 258.9150085449219], [-0.7775624394416809, -0.6288056969642639, 0.0, 2150.832763671875], [0.0, 0.0, 1.0, 0.0], [0.0, 0.0, 0.0, 1.0]], "cam_ids": [0, 1, 2, 3, 4, 5], "cam_channels": ["CAM_FRONT_LEFT", "CAM_FRONT", "CAM_FRONT_RIGHT", "CAM_BACK_LEFT", "CAM_BACK", "CAM_BACK_RIGHT"], "token": "29d2420ab97f4366a08a18061facc8ce", "scene": "scene-0170"}, {"images": ["samples/CAM_FRONT_LEFT/n008-2018-05-21-11-06-59-0400__CAM_FRONT_LEFT__1526915620904917.jpg", "samples/CAM_FRONT/n008-2018-05-21-11-06-59-0400__CAM_FRONT__1526915620912465.jpg", "samples/CAM_FRONT_RIGHT/n008-2018-05-21-11-06-59-0400__CAM_FRONT_RIGHT__1526915620919956.jpg", "samples/CAM_BACK_LEFT/n008-2018-05-21-11-06-59-0400__CAM_BACK_LEFT__1526915620947295.jpg", "samples/CAM_BACK/n008-2018-05-21-11-06-59-0400__CAM_BACK__1526915620937570.jpg", "samples/CAM_BACK_RIGHT/n008-2018-05-21-11-06-59-0400__CAM_BACK_RIGHT__1526915620927813.jpg"], "intrinsics": [[[1256.4720761102153, 0.0, 759.9201772536986], [0.0, 1256.472076110215, 418.2347543062189], [0.0, 0.0, 1.0]], [[1262.8093578767177, 0.0, 786.6784634591471], [0.0, 1262.8093578767177, 437.9890946201144], [0.0, 0.0, 1.0]], [[1264.1253743585607, 0.0, 761.8659236816043], [0.0, 1264.125374358561, 415.0768894058469], [0.0, 0.0, 1.0]], [[1258.2338510172276, 0.0, 742.9036438917772], [0.0, 1258.2338510172278, 422.93240569290015], [0.0, 0.0, 1.0]], [[798.1242652672415, 0.0, 679.0081140747895], [0.0, 798.1242652672414, 419.2474525237902], [0.0, 0.0, 1.0]], [[1259.4297629105833, 0.0, 752.9541347831612], [0.0, 1259.4297629105833, 429.46398926977497], [0.0, 0.0, 1.0]]], "extrinsics": [[[0.8025609850883484, -0.5965697765350342, -0.0005391574231907725, -0.8701171875], [0.0010088911512866616, 0.0022610195446759462, -0.9999969601631165, 1.498530387878418], [0.5965691208839417, 0.8025580048561096, 0.0024164817295968533, -1.21044921875], [0.0, 0.0, 0.0, 1.0]], [[-0.014688115566968918, -0.999888002872467, 0.0028485695365816355, -0.028564453125], [-0.008800236508250237, -0.002719493117183447, -0.9999576210975647, 1.5116510391235352], [0.9998533725738525, -0.014712546952068806, -0.008759306743741035, -1.54034423828125], [0.0, 0.0, 0.0, 1.0]], [[-0.8156043291091919, -0.578609824180603, 0.0005974062951281667, 0.9110107421875], [-0.00334009132348001, 0.003675694577395916, -0.9999876618385315, 1.4954719543457031], [0.5786004066467285, -0.8155961632728577, -0.004930521361529827, -1.3065185546875], [0.0, 0.0, 0.0, 1.0]], [[0.9456545114517212, 0.32492753863334656, -0.012630152516067028, -1.1553955078125], [-0.01631210371851921, 0.008609957061707973, -0.999829888343811, 1.5959539413452148], [-0.32476356625556946, 0.9456996917724609, 0.013442297466099262, -0.0792236328125], [0.0, 0.0, 0.0, 1.0]], [[0.020517079159617424, 0.9997868537902832, 0.00227833678945899, 0.00634765625], [-0.007568097673356533, 0.002434058114886284, -0.999968409538269, 1.5392446517944336], [-0.9997608661651611, 0.02049924246966839, 0.007616425398737192, 0.068115234375], [0.0, 0.0, 0.0, 1.0]], [[-0.9329661130905151, 0.3597583472728729, 0.012172243557870388, 1.0732421875], [-0.012497593648731709, 0.0014216435374692082, -0.9999209046363831, 1.5828876495361328], [-0.35974714159965515, -0.93304443359375, 0.0031697682570666075, -0.083740234375], [0.0, 0.0, 0.0, 1.0]]], "view": [[0.0, -2.0, 100.0], [-2.0, 0.0, 100.0], [0.0, 0.0, 1.0]], "bev": "bev_a8d59716265f4e8cbde25a511a898ec3.png", "aux": "aux_a8d59716265f4e8cbde25a511a898ec3.npz", "visibility": "visibility_a8d59716265f4e8cbde25a511a898ec3.png", "pose": [[-0.7155078053474426, -0.6986047029495239, 0.0, 1833.7144775390625], [0.6986047029495239, -0.7155078053474426, 0.0, 1152.7923583984375], [0.0, 0.0, 1.0, 0.0], [0.0, 0.0, 0.0, 1.0]], "pose_inverse": [[-0.7155078053474426, 0.6986047029495239, 0.0, 506.69085693359375], [-0.6986047029495239, -0.7155078053474426, 0.0, 2105.87353515625], [0.0, 0.0, 1.0, 0.0], [0.0, 0.0, 0.0, 1.0]], "cam_ids": [0, 1, 2, 3, 4, 5], "cam_channels": ["CAM_FRONT_LEFT", "CAM_FRONT", "CAM_FRONT_RIGHT", "CAM_BACK_LEFT", "CAM_BACK", "CAM_BACK_RIGHT"], "token": "a8d59716265f4e8cbde25a511a898ec3", "scene": "scene-0170"}, {"images": ["samples/CAM_FRONT_LEFT/n008-2018-05-21-11-06-59-0400__CAM_FRONT_LEFT__1526915621404917.jpg", "samples/CAM_FRONT/n008-2018-05-21-11-06-59-0400__CAM_FRONT__1526915621412465.jpg", "samples/CAM_FRONT_RIGHT/n008-2018-05-21-11-06-59-0400__CAM_FRONT_RIGHT__1526915621419956.jpg", "samples/CAM_BACK_LEFT/n008-2018-05-21-11-06-59-0400__CAM_BACK_LEFT__1526915621447295.jpg", "samples/CAM_BACK/n008-2018-05-21-11-06-59-0400__CAM_BACK__1526915621437570.jpg", "samples/CAM_BACK_RIGHT/n008-2018-05-21-11-06-59-0400__CAM_BACK_RIGHT__1526915621427813.jpg"], "intrinsics": [[[1256.4720761102153, 0.0, 759.9201772536986], [0.0, 1256.472076110215, 418.2347543062189], [0.0, 0.0, 1.0]], [[1262.8093578767177, 0.0, 786.6784634591471], [0.0, 1262.8093578767177, 437.9890946201144], [0.0, 0.0, 1.0]], [[1264.1253743585607, 0.0, 761.8659236816043], [0.0, 1264.125374358561, 415.0768894058469], [0.0, 0.0, 1.0]], [[1258.2338510172276, 0.0, 742.9036438917772], [0.0, 1258.2338510172278, 422.93240569290015], [0.0, 0.0, 1.0]], [[798.1242652672415, 0.0, 679.0081140747895], [0.0, 798.1242652672414, 419.2474525237902], [0.0, 0.0, 1.0]], [[1259.4297629105833, 0.0, 752.9541347831612], [0.0, 1259.4297629105833, 429.46398926977497], [0.0, 0.0, 1.0]]], "extrinsics": [[[0.8021050095558167, -0.5971676111221313, -0.004281789064407349, -0.8675537109375], [-0.0030794478952884674, 0.003033836605027318, -0.999990701675415, 1.497762680053711], [0.597175121307373, 0.8021106719970703, 0.0005945080192759633, -1.2099609375], [0.0, 0.0, 0.0, 1.0]], [[-0.015025985427200794, -0.9998846054077148, 0.002248814795166254, -0.0272216796875], [-0.012968276627361774, -0.002053997479379177, -0.9999138116836548, 1.510991096496582], [0.9998029470443726, -0.015053873881697655, -0.012935916893184185, -1.5379638671875], [0.0, 0.0, 0.0, 1.0]], [[-0.81573086977005, -0.578420102596283, 0.0036541856825351715, 0.910400390625], [-0.007520006503909826, 0.0042879837565124035, -0.9999625086784363, 1.4949567317962646], [0.578382670879364, -0.8157277703285217, -0.007847564294934273, -1.3043212890625], [0.0, 0.0, 0.0, 1.0]], [[0.9454162120819092, 0.3254522979259491, -0.016399234533309937, -1.1556396484375], [-0.020484736189246178, 0.009130342863500118, -0.9997484683990479, 1.5959599018096924], [-0.3252207636833191, 0.9455143809318542, 0.015298780053853989, -0.0799560546875], [0.0, 0.0, 0.0, 1.0]], [[0.020481590181589127, 0.9997864961624146, 0.0027123535983264446, 0.005859375], [-0.011765965260565281, 0.0029537708032876253, -0.9999263882637024, 1.5390586853027344], [-0.9997209906578064, 0.02044815756380558, 0.01182395126670599, 0.06719970703125], [0.0, 0.0, 0.0, 1.0]], [[-0.9328402280807495, 0.3599221110343933, 0.016287481412291527, 1.0716438293457031], [-0.01669403165578842, 0.0019790849182754755, -0.9998586773872375, 1.5825119018554688], [-0.35990339517593384, -0.9329802393913269, 0.0041623804718256, -0.083251953125], [0.0, 0.0, 0.0, 1.0]]], "view": [[0.0, -2.0, 100.0], [-2.0, 0.0, 100.0], [0.0, 0.0, 1.0]], "bev": "bev_3aaaf387d90445979e2e4a58b9e98c19.png", "aux": "aux_3aaaf387d90445979e2e4a58b9e98c19.npz", "visibility": "visibility_3aaaf387d90445979e2e4a58b9e98c19.png", "pose": [[-0.8137142062187195, -0.5812651515007019, 0.0, 1832.0028076171875], [0.5812651515007019, -0.8137142062187195, 0.0, 1154.2431640625], [0.0, 0.0, 1.0, 0.0], [0.0, 0.0, 0.0, 1.0]], "pose_inverse": [[-0.8137142062187195, 0.5812651515007019, 0.0, 819.805419921875], [-0.5812651515007019, -0.8137142062187195, 0.0, 2004.103515625], [0.0, 0.0, 1.0, 0.0], [0.0, 0.0, 0.0, 1.0]], "cam_ids": [0, 1, 2, 3, 4, 5], "cam_channels": ["CAM_FRONT_LEFT", "CAM_FRONT", "CAM_FRONT_RIGHT", "CAM_BACK_LEFT", "CAM_BACK", "CAM_BACK_RIGHT"], "token": "3aaaf387d90445979e2e4a58b9e98c19", "scene": "scene-0170"}, {"images": ["samples/CAM_FRONT_LEFT/n008-2018-05-21-11-06-59-0400__CAM_FRONT_LEFT__1526915621904917.jpg", "samples/CAM_FRONT/n008-2018-05-21-11-06-59-0400__CAM_FRONT__1526915621912465.jpg", "samples/CAM_FRONT_RIGHT/n008-2018-05-21-11-06-59-0400__CAM_FRONT_RIGHT__1526915621919956.jpg", "samples/CAM_BACK_LEFT/n008-2018-05-21-11-06-59-0400__CAM_BACK_LEFT__1526915621947295.jpg", "samples/CAM_BACK/n008-2018-05-21-11-06-59-0400__CAM_BACK__1526915621937570.jpg", "samples/CAM_BACK_RIGHT/n008-2018-05-21-11-06-59-0400__CAM_BACK_RIGHT__1526915621927813.jpg"], "intrinsics": [[[1256.4720761102153, 0.0, 759.9201772536986], [0.0, 1256.472076110215, 418.2347543062189], [0.0, 0.0, 1.0]], [[1262.8093578767177, 0.0, 786.6784634591471], [0.0, 1262.8093578767177, 437.9890946201144], [0.0, 0.0, 1.0]], [[1264.1253743585607, 0.0, 761.8659236816043], [0.0, 1264.125374358561, 415.0768894058469], [0.0, 0.0, 1.0]], [[1258.2338510172276, 0.0, 742.9036438917772], [0.0, 1258.2338510172278, 422.93240569290015], [0.0, 0.0, 1.0]], [[798.1242652672415, 0.0, 679.0081140747895], [0.0, 798.1242652672414, 419.2474525237902], [0.0, 0.0, 1.0]], [[1259.4297629105833, 0.0, 752.9541347831612], [0.0, 1259.4297629105833, 429.46398926977497], [0.0, 0.0, 1.0]]], "extrinsics": [[[0.8014734387397766, -0.5980279445648193, -0.0017212698003277183, -0.8738861083984375], [-0.0019985567778348923, 0.0001997810322791338, -0.9999980330467224, 1.4979900121688843], [0.5980271697044373, 0.8014752268791199, -0.0010350722586736083, -1.21435546875], [0.0, 0.0, 0.0, 1.0]], [[-0.01615099422633648, -0.9998566508293152, 0.005073748994618654, -0.0277099609375], [-0.011690743267536163, -0.004885225091129541, -0.9999197721481323, 1.5112628936767578], [0.9998012781143188, -0.01620899885892868, -0.011610166169703007, -1.5440673828125], [0.0, 0.0, 0.0, 1.0]], [[-0.8162893056869507, -0.577628493309021, 0.004158212803304195, 0.913330078125], [-0.006105807144194841, 0.0014299422036856413, -0.9999803304672241, 1.4951527118682861], [0.5776111483573914, -0.8162985444068909, -0.004694134928286076, -1.30706787109375], [0.0, 0.0, 0.0, 1.0]], [[0.9456159472465515, 0.3249117136001587, -0.015586145222187042, -1.152099609375], [-0.018579954281449318, 0.006113468669354916, -0.999808669090271, 1.5958948135375977], [-0.3247542679309845, 0.945724606513977, 0.011817838065326214, -0.0804443359375], [0.0, 0.0, 0.0, 1.0]], [[0.02102450467646122, 0.9997788667678833, -0.0002068890898954123