[{"images": ["samples/CAM_FRONT_LEFT/n015-2018-09-26-11-17-24+0800__CAM_FRONT_LEFT__1537932119354844.jpg", "samples/CAM_FRONT/n015-2018-09-26-11-17-24+0800__CAM_FRONT__1537932119362460.jpg", "samples/CAM_FRONT_RIGHT/n015-2018-09-26-11-17-24+0800__CAM_FRONT_RIGHT__1537932119370614.jpg", "samples/CAM_BACK_LEFT/n015-2018-09-26-11-17-24+0800__CAM_BACK_LEFT__1537932119397423.jpg", "samples/CAM_BACK/n015-2018-09-26-11-17-24+0800__CAM_BACK__1537932119387525.jpg", "samples/CAM_BACK_RIGHT/n015-2018-09-26-11-17-24+0800__CAM_BACK_RIGHT__1537932119377893.jpg"], "intrinsics": [[[1272.5979470598488, 0.0, 826.6154927353808], [0.0, 1272.5979470598488, 479.75165386361925], [0.0, 0.0, 1.0]], [[1266.417203046554, 0.0, 816.2670197447984], [0.0, 1266.417203046554, 491.50706579294757], [0.0, 0.0, 1.0]], [[1260.8474446004698, 0.0, 807.968244525554], [0.0, 1260.8474446004698, 495.3344268742088], [0.0, 0.0, 1.0]], [[1256.7414812095406, 0.0, 792.1125740759628], [0.0, 1256.7414812095406, 492.7757465151356], [0.0, 0.0, 1.0]], [[809.2209905677063, 0.0, 829.2196003259838], [0.0, 809.2209905677063, 481.77842384512485], [0.0, 0.0, 1.0]], [[1259.5137405846733, 0.0, 807.2529053838625], [0.0, 1259.5137405846733, 501.19579884916527], [0.0, 0.0, 1.0]]], "extrinsics": [[[0.8212155699729919, -0.5705996155738831, 0.0045761363580822945, -0.8564453125], [0.014737119898200035, 0.013191582635045052, -0.9998043775558472, 1.5101804733276367], [0.570427656173706, 0.821122407913208, 0.01924212835729122, -1.20556640625], [0.0, 0.0, 0.0, 1.0]], [[0.006435350980609655, -0.9999396800994873, -0.008896569721400738, 0.00628662109375], [0.009426928125321865, 0.008957023732364178, -0.9999154806137085, 1.5215449333190918], [0.9999348521232605, 0.006350946146994829, 0.009484000504016876, -1.58447265625], [0.0, 0.0, 0.0, 1.0]], [[-0.832358717918396, -0.5535845756530762, -0.02689000964164734, 0.96417236328125], [0.015023693442344666, 0.025963163003325462, -0.9995499849319458, 1.5048668384552002], [0.5540335774421692, -0.8323881030082703, -0.013293779455125332, -1.202880859375], [0.0, 0.0, 0.0, 1.0]], [[0.9475309252738953, 0.31898608803749084, 0.02080848440527916, -1.14453125], [0.023680241778492928, -0.0051268236711621284, -0.9997064471244812, 1.5885009765625], [-0.318785697221756, 0.9477455019950867, -0.012411491014063358, -0.10302734375], [0.0, 0.0, 0.0, 1.0]], [[0.002136001130566001, 0.9999844431877136, 0.0051571340300142765, 0.002685546875], [-0.0017395425820723176, 0.005160853732377291, -0.9999852180480957, 1.5793051719665527], [-0.9999961853027344, 0.002127003390341997, 0.0017505387077108026, -0.02685546875], [0.0, 0.0, 0.0, 1.0]], [[-0.9346786141395569, 0.3548416197299957, -0.0215243361890316, 1.0809326171875], [0.030894838273525238, 0.02076229266822338, -0.9993070363998413, 1.5532703399658203], [-0.35414883494377136, -0.9346958994865417, -0.030368845909833908, -0.084259033203125], [0.0, 0.0, 0.0, 1.0]]], "view": [[0.0, -2.0, 100.0], [-2.0, 0.0, 100.0], [0.0, 0.0, 1.0]], "bev": "bev_636dad7f489b44d1b568662f3420ea25.png", "aux": "aux_636dad7f489b44d1b568662f3420ea25.npz", "visibility": "visibility_636dad7f489b44d1b568662f3420ea25.png", "pose": [[-0.12186840176582336, -0.9925462603569031, 0.0, 771.8855590820312], [0.9925462603569031, -0.12186840176582336, 0.0, 1673.104248046875], [0.0, 0.0, 1.0, 0.0], [0.0, 0.0, 0.0, 1.0]], "pose_inverse": [[-0.12186840176582336, 0.9925462603569031, 0.0, -1566.56494140625], [-0.9925462603569031, -0.12186840176582336, 0.0, 970.0306396484375], [0.0, 0.0, 1.0, 0.0], [0.0, 0.0, 0.0, 1.0]], "cam_ids": [0, 1, 2, 3, 4, 5], "cam_channels": ["CAM_FRONT_LEFT", "CAM_FRONT", "CAM_FRONT_RIGHT", "CAM_BACK_LEFT", "CAM_BACK", "CAM_BACK_RIGHT"], "token": "636dad7f489b44d1b568662f3420ea25", "scene": "scene-0952"}, {"images": ["samples/CAM_FRONT_LEFT/n015-2018-09-26-11-17-24+0800__CAM_FRONT_LEFT__1537932119854844.jpg", "samples/CAM_FRONT/n015-2018-09-26-11-17-24+0800__CAM_FRONT__1537932119862460.jpg", "samples/CAM_FRONT_RIGHT/n015-2018-09-26-11-17-24+0800__CAM_FRONT_RIGHT__1537932119870339.jpg", "samples/CAM_BACK_LEFT/n015-2018-09-26-11-17-24+0800__CAM_BACK_LEFT__1537932119897423.jpg", "samples/CAM_BACK/n015-2018-09-26-11-17-24+0800__CAM_BACK__1537932119887525.jpg", "samples/CAM_BACK_RIGHT/n015-2018-09-26-11-17-24+0800__CAM_BACK_RIGHT__1537932119877893.jpg"], "intrinsics": [[[1272.5979470598488, 0.0, 826.6154927353808], [0.0, 1272.5979470598488, 479.75165386361925], [0.0, 0.0, 1.0]], [[1266.417203046554, 0.0, 816.2670197447984], [0.0, 1266.417203046554, 491.50706579294757], [0.0, 0.0, 1.0]], [[1260.8474446004698, 0.0, 807.968244525554], [0.0, 1260.8474446004698, 495.3344268742088], [0.0, 0.0, 1.0]], [[1256.7414812095406, 0.0, 792.1125740759628], [0.0, 1256.7414812095406, 492.7757465151356], [0.0, 0.0, 1.0]], [[809.2209905677063, 0.0, 829.2196003259838], [0.0, 809.2209905677063, 481.77842384512485], [0.0, 0.0, 1.0]], [[1259.5137405846733, 0.0, 807.2529053838625], [0.0, 1259.5137405846733, 501.19579884916527], [0.0, 0.0, 1.0]]], "extrinsics": [[[0.8208678364753723, -0.5710678696632385, 0.007585946936160326, -0.8309326171875], [0.014621957205235958, 0.007736007682979107, -0.9998631477355957, 1.510629653930664], [0.5709310173988342, 0.8208663463592529, 0.014700369909405708, -1.1874847412109375], [0.0, 0.0, 0.0, 1.0]], [[0.005904365796595812, -0.999976396560669, -0.0035034045577049255, 0.006103515625], [0.009331791661679745, 0.003558412427082658, -0.999950110912323, 1.5217828750610352], [0.9999390840530396, 0.005871374625712633, 0.009352580644190311, -1.55810546875], [0.0, 0.0, 0.0, 1.0]], [[-0.8326063752174377, -0.5533502101898193, -0.023878371343016624, 0.9459228515625], [0.01494769286364317, 0.020647084340453148, -0.9996750354766846, 1.505192756652832], [0.5536633729934692, -0.8326928019523621, -0.00891958549618721, -1.1910400390625], [0.0, 0.0, 0.0, 1.0]], [[0.9475775361061096, 0.3189545273780823, 0.01910177618265152, -1.14404296875], [0.02355920895934105, -0.010122699663043022, -0.9996711611747742, 1.5885086059570312], [-0.3186562657356262, 0.9477159976959229, -0.01710635796189308, -0.1031494140625], [0.0, 0.0, 0.0, 1.0]], [[0.002392513444647193, 0.9999971389770508, 4.079407881363295e-05, 0.00299072265625], [-0.001820390927605331, 4.5149783545639366e-05, -0.9999983906745911, 1.5792887210845947], [-0.9999954700469971, 0.002392448717728257, 0.0018204929074272513, -0.03515625], [0.0, 0.0, 0.0, 1.0]], [[-0.93454909324646, 0.355070024728775, -0.023308172821998596, 1.0662841796875], [0.03082277625799179, 0.015521182678639889, -0.9994043707847595, 1.5537605285644531], [-0.3544967472553253, -0.9347109198570251, -0.02544955164194107, -0.090179443359375], [0.0, 0.0, 0.0, 1.0]]], "view": [[0.0, -2.0, 100.0], [-2.0, 0.0, 100.0], [0.0, 0.0, 1.0]], "bev": "bev_fe7c08706c354580a41b1e87c23dabe3.png", "aux": "aux_fe7c08706c354580a41b1e87c23dabe3.npz", "visibility": "visibility_fe7c08706c354580a41b1e87c23dabe3.png", "pose": [[-0.11805661767721176, -0.9930068850517273, 0.0, 771.6788940429688], [0.9930068850517273, -0.11805661767721176, 0.0, 1674.845947265625], [0.0, 0.0, 1.0, 0.0], [0.0, 0.0, 0.0, 1.0]], "pose_inverse": [[-0.11805661767721176, 0.9930068850517273, 0.0, -1572.03173828125], [-0.9930068850517273, -0.11805661767721176, 0.0, 964.0090942382812], [0.0, 0.0, 1.0, 0.0], [0.0, 0.0, 0.0, 1.0]], "cam_ids": [0, 1, 2, 3, 4, 5], "cam_channels": ["CAM_FRONT_LEFT", "CAM_FRONT", "CAM_FRONT_RIGHT", "CAM_BACK_LEFT", "CAM_BACK", "CAM_BACK_RIGHT"], "token": "fe7c08706c354580a41b1e87c23dabe3", "scene": "scene-0952"}, {"images": ["samples/CAM_FRONT_LEFT/n015-2018-09-26-11-17-24+0800__CAM_FRONT_LEFT__1537932120354844.jpg", "samples/CAM_FRONT/n015-2018-09-26-11-17-24+0800__CAM_FRONT__1537932120362460.jpg", "samples/CAM_FRONT_RIGHT/n015-2018-09-26-11-17-24+0800__CAM_FRONT_RIGHT__1537932120370339.jpg", "samples/CAM_BACK_LEFT/n015-2018-09-26-11-17-24+0800__CAM_BACK_LEFT__1537932120397423.jpg", "samples/CAM_BACK/n015-2018-09-26-11-17-24+0800__CAM_BACK__1537932120387525.jpg", "samples/CAM_BACK_RIGHT/n015-2018-09-26-11-17-24+0800__CAM_BACK_RIGHT__1537932120377893.jpg"], "intrinsics": [[[1272.5979470598488, 0.0, 826.6154927353808], [0.0, 1272.5979470598488, 479.75165386361925], [0.0, 0.0, 1.0]], [[1266.417203046554, 0.0, 816.2670197447984], [0.0, 1266.417203046554, 491.50706579294757], [0.0, 0.0, 1.0]], [[1260.8474446004698, 0.0, 807.968244525554], [0.0, 1260.8474446004698, 495.3344268742088], [0.0, 0.0, 1.0]], [[1256.7414812095406, 0.0, 792.1125740759628], [0.0, 1256.7414812095406, 492.7757465151356], [0.0, 0.0, 1.0]], [[809.2209905677063, 0.0, 829.2196003259838], [0.0, 809.2209905677063, 481.77842384512485], [0.0, 0.0, 1.0]], [[1259.5137405846733, 0.0, 807.2529053838625], [0.0, 1259.5137405846733, 501.19579884916527], [0.0, 0.0, 1.0]]], "extrinsics": [[[0.8204742074012756, -0.5716087818145752, 0.00924600102007389, -0.8236083984375], [0.011508656665682793, 0.000344934145687148, -0.9999337196350098, 1.5102291107177734], [0.5715676546096802, 0.8205262422561646, 0.006861458532512188, -1.1816024780273438], [0.0, 0.0, 0.0, 1.0]], [[0.005269139539450407, -0.9999786615371704, 0.0038487627170979977, 0.00555419921875], [0.00616058986634016, -0.0038162819109857082, -0.9999737739562988, 1.5214052200317383], [0.9999670386314392, 0.005292726214975119, 0.0061403498984873295, -1.55078125], [0.0, 0.0, 0.0, 1.0]], [[-0.8329682946205139, -0.5530551075935364, -0.017138082534074783, 0.94085693359375], [0.011755764484405518, 0.013277530670166016, -0.9998427033424377, 1.5049381256103516], [0.5531957149505615, -0.8330388069152832, -0.00455817487090826, -1.188232421875], [0.0, 0.0, 0.0, 1.0]], [[0.9476635456085205, 0.31897807121276855, 0.013666527345776558, -1.1417236328125], [0.020280854776501656, -0.0174237173050642, -0.9996424913406372, 1.5885658264160156], [-0.31862592697143555, 0.9476019144058228, -0.02298096939921379, -0.1038818359375], [0.0, 0.0, 0.0, 1.0]], [[0.002650308422744274, 0.9999697208404541, -0.007306560408324003, 0.003173828125], [-0.005084032658487558, -0.007293017581105232, -0.9999604821205139, 1.5791513919830322], [-0.999983549118042, 0.002687351778149605, 0.005064550321549177, -0.03857421875], [0.0, 0.0, 0.0, 1.0]], [[-0.934468686580658, 0.3553076982498169, -0.022904466837644577, 1.0623779296875], [0.027601031586527824, 0.008154399693012238, -0.999585747718811, 1.5536422729492188], [-0.3549737334251404, -0.9347138404846191, -0.01742689125239849, -0.092193603515625], [0.0, 0.0, 0.0, 1.0]]], "view": [[0.0, -2.0, 100.0], [-2.0, 0.0, 100.0], [0.0, 0.0, 1.0]], "bev": "bev_5aa3874299f647f0b9d975aed7ff3999.png", "aux": "aux_5aa3874299f647f0b9d975aed7ff3999.npz", "visibility": "visibility_5aa3874299f647f0b9d975aed7ff3999.png", "pose": [[-0.12081266939640045, -0.9926753044128418, 0.0, 771.4351196289062], [0.9926753044128418, -0.12081266939640045, 0.0, 1676.869140625], [0.0, 0.0, 1.0, 0.0], [0.0, 0.0, 0.0, 1.0]], "pose_inverse": [[-0.12081266939640045, 0.9926753044128418, 0.0, -1571.387451171875], [-0.9926753044128418, -0.12081266939640045, 0.0, 968.3716430664062], [0.0, 0.0, 1.0, 0.0], [0.0, 0.0, 0.0, 1.0]], "cam_ids": [0, 1, 2, 3, 4, 5], "cam_channels": ["CAM_FRONT_LEFT", "CAM_FRONT", "CAM_FRONT_RIGHT", "CAM_BACK_LEFT", "CAM_BACK", "CAM_BACK_RIGHT"], "token": "5aa3874299f647f0b9d975aed7ff3999", "scene": "scene-0952"}, {"images": ["samples/CAM_FRONT_LEFT/n015-2018-09-26-11-17-24+0800__CAM_FRONT_LEFT__1537932120854844.jpg", "samples/CAM_FRONT/n015-2018-09-26-11-17-24+0800__CAM_FRONT__1537932120862460.jpg", "samples/CAM_FRONT_RIGHT/n015-2018-09-26-11-17-24+0800__CAM_FRONT_RIGHT__1537932120870339.jpg", "samples/CAM_BACK_LEFT/n015-2018-09-26-11-17-24+0800__CAM_BACK_LEFT__1537932120897423.jpg", "samples/CAM_BACK/n015-2018-09-26-11-17-24+0800__CAM_BACK__1537932120887525.jpg", "samples/CAM_BACK_RIGHT/n015-2018-09-26-11-17-24+0800__CAM_BACK_RIGHT__1537932120877893.jpg"], "intrinsics": [[[1272.5979470598488, 0.0, 826.6154927353808], [0.0, 1272.5979470598488, 479.75165386361925], [0.0, 0.0, 1.0]], [[1266.417203046554, 0.0, 816.2670197447984], [0.0, 1266.417203046554, 491.50706579294757], [0.0, 0.0, 1.0]], [[1260.8474446004698, 0.0, 807.968244525554], [0.0, 1260.8474446004698, 495.3344268742088], [0.0, 0.0, 1.0]], [[1256.7414812095406, 0.0, 792.1125740759628], [0.0, 1256.7414812095406, 492.7757465151356], [0.0, 0.0, 1.0]], [[809.2209905677063, 0.0, 829.2196003259838], [0.0, 809.2209905677063, 481.77842384512485], [0.0, 0.0, 1.0]], [[1259.5137405846733, 0.0, 807.2529053838625], [0.0, 1259.5137405846733, 501.19579884916527], [0.0, 0.0, 1.0]]], "extrinsics": [[[0.8204290866851807, -0.5716285109519958, 0.011698778718709946, -0.8193359375], [0.009203477762639523, -0.007255015894770622, -0.9999313354492188, 1.5098800659179688], [0.5716741681098938, 0.820480465888977, -0.0006912567187100649, -1.1782608032226562], [0.0, 0.0, 0.0, 1.0]], [[0.005149087402969599, -0.9999202489852905, 0.011533192358911037, 0.00531005859375], [0.0038794465363025665, -0.011513285338878632, -0.9999262690544128, 1.521092414855957], [0.9999792575836182, 0.0051934439688920975, 0.0038198535330593586, -1.546630859375], [0.0, 0.0, 0.0, 1.0]], [[-0.8330857753753662, -0.5530354976654053, -0.010946161113679409, 0.9384765625], [0.009491607546806335, 0.005493645090609789, -0.9999398589134216, 1.5047121047973633], [0.553062379360199, -0.8331395387649536, 0.000672518799547106, -1.1871337890625], [0.0, 0.0, 0.0, 1.0]], [[0.9477169513702393, 0.31898316740989685, 0.009069753810763359, -1.142578125], [0.018120553344488144, -0.025417709723114967, -0.9995126724243164, 1.5885467529296875], [-0.3185971975326538, 0.9474194049835205, -0.029868945479393005, -0.103515625], [0.0, 0.0, 0.0, 1.0]], [[0.002762956777587533, 0.9998798966407776, -0.015252395533025265, 0.00335693359375], [-0.007299225777387619, -0.01523188129067421, -0.9998573660850525, 1.579053521156311], [-0.9999695420265198, 0.002873898483812809, 0.007256262935698032, -0.0386962890625], [0.0, 0.0, 0.0, 1.0]], [[-0.9344590902328491, 0.35528799891471863, -0.0235931184142828, 1.0614013671875], [0.02535095252096653, 0.00029242029995657504, -0.9996786117553711, 1.5534858703613281], [-0.35516688227653503, -0.934756875038147, -0.009280145168304443, -0.092803955078125], [0.0, 0.0, 0.0, 1.0]]], "view": [[0.0, -2.0, 100.0], [-2.0, 0.0, 100.0], [0.0, 0.0, 1.0]], "bev": "bev_bd9aef977d55492e8b7925c95326476f.png", "aux": "aux_bd9aef977d55492e8b7925c95326476f.npz", "visibility": "visibility_bd9aef977d55492e8b7925c95326476f.png", "pose": [[-0.12574434280395508, -0.9920626878738403, 0.0, 771.1746215820312], [0.9920626878738403, -0.12574434280395508, 0.0, 1678.93505859375], [0.0, 0.0, 1.0, 0.0], [0.0, 0.0, 0.0, 1.0]], "pose_inverse": [[-0.12574434280395508, 0.9920626878738403, 0.0, -1568.637939453125], [-0.9920626878738403, -0.12574434280395508, 0.0, 976.170166015625], [0.0, 0.0, 1.0, 0.0], [0.0, 0.0, 0.0, 1.0]], "cam_ids": [0, 1, 2, 3, 4, 5], "cam_channels": ["CAM_FRONT_LEFT", "CAM_FRONT", "CAM_FRONT_RIGHT", "CAM_BACK_LEFT", "CAM_BACK", "CAM_BACK_RIGHT"], "token": "bd9aef977d55492e8b7925c95326476f", "scene": "scene-0952"}, {"images": ["samples/CAM_FRONT_LEFT/n015-2018-09-26-11-17-24+0800__CAM_FRONT_LEFT__1537932121404844.jpg", "samples/CAM_FRONT/n015-2018-09-26-11-17-24+0800__CAM_FRONT__1537932121412460.jpg", "samples/CAM_FRONT_RIGHT/n015-2018-09-26-11-17-24+0800__CAM_FRONT_RIGHT__1537932121420339.jpg", "samples/CAM_BACK_LEFT/n015-2018-09-26-11-17-24+0800__CAM_BACK_LEFT__1537932121447423.jpg", "samples/CAM_BACK/n015-2018-09-26-11-17-24+0800__CAM_BACK__1537932121437525.jpg", "samples/CAM_BACK_RIGHT/n015-2018-09-26-11-17-24+0800__CAM_BACK_RIGHT__1537932121427893.jpg"], "intrinsics": [[[1272.5979470598488, 0.0, 826.6154927353808], [0.0, 1272.5979470598488, 479.75165386361925], [0.0, 0.0, 1.0]], [[1266.417203046554, 0.0, 816.2670197447984], [0.0, 1266.417203046554, 491.50706579294757], [0.0, 0.0, 1.0]], [[1260.8474446004698, 0.0, 807.968244525554], [0.0, 1260.8474446004698, 495.3344268742088], [0.0, 0.0, 1.0]], [[1256.7414812095406, 0.0, 792.1125740759628], [0.0, 1256.7414812095406, 492.7757465151356], [0.0, 0.0, 1.0]], [[809.2209905677063, 0.0, 829.2196003259838], [0.0, 809.2209905677063, 481.77842384512485], [0.0, 0.0, 1.0]], [[1259.5137405846733, 0.0, 807.2529053838625], [0.0, 1259.5137405846733, 501.19579884916527], [0.0, 0.0, 1.0]]], "extrinsics": [[[0.8207033276557922, -0.5710819363594055, 0.017645888030529022, -0.8271484375], [0.011231277137994766, -0.01475323736667633, -0.9998281002044678, 1.5101432800292969], [0.5712440609931946, 0.8207604289054871, -0.005694051273167133, -1.1859283447265625], [0.0, 0.0, 0.0, 1.0]], [[0.005598398856818676, -0.9998047351837158, 0.018945664167404175, 0.00689697265625], [0.0059639280661940575, -0.018912239000201225, -0.999803364276886, 1.521371841430664], [0.999966561794281, 0.005710247438400984, 0.005856887437403202, -1.554931640625], [0.0, 0.0, 0.0, 1.0]], [[-0.8328294157981873, -0.5534615516662598, -0.00868021696805954, 0.94427490234375], [0.011619601398706436, -0.0018023457378149033, -0.9999307990074158, 1.5048828125], [0.553407609462738, -0.8328728079795837, 0.00793205201625824, -1.18896484375], [0.0, 0.0, 0.0, 1.0]], [[0.9476870894432068, 0.3190774917602539, 0.008870088495314121, -1.14111328125], [0.020322328433394432, -0.03258036822080612, -0.9992625117301941, 1.5885887145996094], [-0.3185531795024872, 0.9471684098243713, -0.03736039251089096, -0.1043701171875], [0.0, 0.0, 0.0, 1.0]], [[0.002652391092851758, 0.9997451901435852, -0.022417504340410233, 0.0025634765625], [-0.00510238204151392, -0.022403761744499207, -0.9997360110282898, 1.5791654586791992], [-0.9999834895133972, 0.0027660648338496685, 0.005041658878326416, -0.0374755859375], [0.0, 0.0, 0.0, 1.0]], [[-0.9345352649688721, 0.3547523319721222, -0.028187494724988937, 1.0643310546875], [0.027522936463356018, -0.006920280866324902, -0.9995972514152527, 1.5535659790039062], [-0.35480451583862305, -0.9349347352981567, -0.003296580398455262, -0.09033203125], [0.0, 0.0, 0.0, 1.0]]], "view": [[0.0, -2.0, 100.0], [-2.0, 0.0, 100.0], [0.0, 0.0, 1.0]], "bev": "bev_29935d8a91594e1bbebbca53346b4700.png", "aux": "aux_29935d8a91594e1bbebbca53346b4700.npz", "visibility": "visibility_29935d8a91594e1bbebbca53346b4700.png", "pose": [[-0.1296440213918686, -0.9915605783462524, 0.0, 770.89599609375], [0.9915605783462524, -0.1296440213918686, 0.0, 1681.0975341796875], [0.0, 0.0, 1.0, 0.0], [0.0, 0.0, 0.0, 1.0]], "pose_inverse": [[-0.1296440213918686, 0.9915605783462524, 0.0, -1566.968017578125], [-0.9915605783462524, -0.1296440213918686, 0.0, 982.3343505859375], [0.0, 0.0, 1.0, 0.0], [0.0, 0.0, 0.0, 1.0]], "cam_ids": [0, 1, 2, 3, 4, 5], "cam_channels": ["CAM_FRONT_LEFT", "CAM_FRONT", "CAM_FRONT_RIGHT", "CAM_BACK_LEFT", "CAM_BACK", "CAM_BACK_RIGHT"], "token": "29935d8a91594e1bbebbca53346b4700", "scene": "scene-0952"}, {"images": ["samples/CAM_FRONT_LEFT/n015-2018-09-26-11-17-24+0800__CAM_FRONT_LEFT__1537932121904844.jpg", "samples/CAM_FRONT/n015-2018-09-26-11-17-24+0800__CAM_FRONT__1537932121912461.jpg", "samples/CAM_FRONT_RIGHT/n015-2018-09-26-11-17-24+0800__CAM_FRONT_RIGHT__1537932121920600.jpg", "samples/CAM_BACK_LEFT/n015-2018-09-26-11-17-24+0800__CAM_BACK_LEFT__1537932121947423.jpg", "samples/CAM_BACK/n015-2018-09-26-11-17-24+0800__CAM_BACK__1537932121937525.jpg", "samples/CAM_BACK_RIGHT/n015-2018-09-26-11-17-24+0800__CAM_BACK_RIGHT__1537932121927893.jpg"], "intrinsics": [[[1272.5979470598488, 0.0, 826.6154927353808], [0.0, 1272.5979470598488, 479.75165386361925], [0.0, 0.0, 1.0]], [[1266.417203046554, 0.0, 816.2670197447984], [0.0, 1266.417203046554, 491.50706579294757], [0.0, 0.0, 1.0]], [[1260.8474446004698, 0.0, 807.968244525554], [0.0, 1260.8474446004698, 495.3344268742088], [0.0, 0.0, 1.0]], [[1256.7414812095406, 0.0, 792.1125740759628], [0.0, 1256.7414812095406, 492.7757465151356], [0.0, 0.0, 1.0]], [[809.2209905677063, 0.0, 829.2196003259838], [0.0, 809.2209905677063, 481.77842384512485], [0.0, 0.0, 1.0]], [[1259.5137405846733, 0.0, 807.2529053838625], [0.0, 1259.5137405846733, 501.19579884916527], [0.0, 0.0, 1.0]]], "extrinsics": [[[0.8203917145729065, -0.5714268684387207, 0.02070319652557373, -0.834228515625], [0.010588385164737701, -0.02101902663707733, -0.9997230172157288, 1.5099296569824219], [0.5717037320137024, 0.8203837871551514, -0.0111933508887887, -1.1886978149414062], [0.0, 0.0, 0.0, 1.0]], [[0.005136581137776375, -0.9996683597564697, 0.02523280493915081, 0.00543212890625], [0.005367679987102747, -0.025205211713910103, -0.9996679425239563, 1.521230697631836], [0.9999723434448242, 0.005270310677587986, 0.005236431024968624, -1.56103515625], [0.0, 0.0, 0.0, 1.0]], [[-0.8330439329147339, -0.5531866550445557, -0.004731401801109314, 0.9482421875], [0.01108187809586525, -0.008136015385389328, -0.9999054670333862, 1.5047588348388672], [0.553095817565918, -0.8330175280570984, 0.01290800515562296, -1.193359375], [0.0, 0.0, 0.0, 1.0]], [[0.9477419853210449, 0.3189733922481537, 0.006403118837624788, -1.1422119140625], [0.019881203770637512, -0.03901665657758713, -0.9990407228469849, 1.5885543823242188], [-0.3184175491333008, 0.9469602108001709, -0.043319299817085266, -0.1036376953125], [0.0, 0.0, 0.0, 1.0]], [[0.002839981112629175, 0.9995800852775574, -0.028836986050009727, 0.00299072265625], [-0.005563761573284864, -0.028820859268307686, -0.9995691180229187, 1.5791435241699219], [-0.9999805092811584, 0.0029991972260177135, 0.005479574203491211, -0.0355224609375], [0.0, 0.0, 0.0, 1.0]], [[-0.9344428181648254, 0.3548494875431061, -0.029972631484270096, 1.067626953125], [0.027012083679437637, -0.01329520158469677, -0.9995467066764832, 1.5534248352050781], [-0.3550871014595032, -0.9348288774490356, 0.0028383824974298477, -0.08990478515625], [0.0, 0.0, 0.0, 1.0]]], "view": [[0.0, -2.0, 100.0], [-2.0, 0.0, 100.0], [0.0, 0.0, 1.0]], "bev": "bev_9de02efb4b1d4b0e9f98e714d7ffc050.png", "aux": "aux_9de02efb4b1d4b0e9f98e714d7ffc050.npz", "visibility": "visibility_9de02efb4b1d4b0e9f98e714d7ffc050.png", "pose": [[-0.1349463313817978, -0.9908528923988342, 0.0, 770.63916015625], [0.9908528923988342, -0.1349463313817978, 0.0, 1683.01416015625], [0.0, 0.0, 1.0, 0.0], [0.0, 0.0, 0.0, 1.0]], "pose_inverse": [[-0.1349463313817978, 0.9908528923988342, 0.0, -1563.62451171875], [-0.9908528923988342, -0.1349463313817978, 0.0, 990.7066040039062], [0.0, 0.0, 1.0, 0.0], [0.0, 0.0, 0.0, 1.0]], "cam_ids": [0, 1, 2, 3, 4, 5], "cam_channels": ["CAM_FRONT_LEFT", "CAM_FRONT", "CAM_FRONT_RIGHT", "CAM_BACK_LEFT", "CAM_BACK", "CAM_BACK_RIGHT"], "token": "9de02efb4b1d4b0e9f98e714d7ffc050", "scene": "scene-0952"}, {"images": ["samples/CAM_FRONT_LEFT/n015-2018-09-26-11-17-24+0800__CAM_FRONT_LEFT__1537932122354844.jpg", "samples/CAM_FRONT/n015-2018-09-26-11-17-24+0800__CAM_FRONT__1537932122362460.jpg", "samples/CAM_FRONT_RIGHT/n015-2018-09-26-11-17-24+0800__CAM_FRONT_RIGHT__1537932122370339.jpg", "samples/CAM_BACK_LEFT/n015-2018-09-26-11-17-24+0800__CAM_BACK_LEFT__1537932122397423.jpg", "samples/CAM_BACK/n015-2018-09-26-11-17-24+0800__CAM_BACK__1537932122387525.jpg", "samples/CAM_BACK_RIGHT/n015-2018-09-26-11-17-24+0800__CAM_BACK_RIGHT__1537932122377893.jpg"], "intrinsics": [[[1272.5979470598488, 0.0, 826.6154927353808], [0.0, 1272.5979470598488, 479.75165386361925], [0.0, 0.0, 1.0]], [[1266.417203046554, 0.0, 816.2670197447984], [0.0, 1266.417203046554, 491.50706579294757], [0.0, 0.0, 1.0]], [[1260.8474446004698, 0.0, 807.968244525554], [0.0, 1260.8474446004698, 495.3344268742088], [0.0, 0.0, 1.0]], [[1256.7414812095406, 0.0, 792.1125740759628], [0.0, 1256.7414812095406, 492.7757465151356], [0.0, 0.0, 1.0]], [[809.2209905677063, 0.0, 829.2196003259838], [0.0, 809.2209905677063, 481.77842384512485], [0.0, 0.0, 1.0]], [[1259.5137405846733, 0.0, 807.2529053838625], [0.0, 1259.5137405846733, 501.19579884916527], [0.0, 0.0, 1.0]]], "extrinsics": [[[0.8203434944152832, -0.5713199377059937, 0.025101250037550926, -0.822509765625], [0.010409426875412464, -0.028968097642064095, -0.9995261430740356, 1.5100631713867188], [0.571776270866394, 0.8202161192893982, -0.017816677689552307, -1.1810302734375], [0.0, 0.0, 0.0, 1.0]], [[0.005019580479711294, -0.9994391202926636, 0.03311239182949066, 0.00592041015625], [0.005133742466568947, -0.033086616545915604, -0.9994392991065979, 1.5212745666503906], [0.999974250793457, 0.005186751484870911, 0.004964781925082207, -1.5491943359375], [0.0, 0.0, 0.0, 1.0]], [[-0.8331286311149597, -0.55307936668396, -0.0001610034378245473, 0.93963623046875], [0.010773485526442528, -0.01593754068017006, -0.9998149275779724, 1.5048465728759766], [0.5529744625091553, -0.8329761028289795, 0.01923661306500435, -1.1868896484375], [0.0, 0.0, 0.0, 1.0]], [[0.9477953314781189, 0.31885939836502075, 0.0035617041867226362, -1.141845703125], [0.019366523250937462, -0.046410124748945236, -0.998734712600708, 1.5885696411132812], [-0.318290650844574, 0.9466651678085327, -0.05016249418258667, -0.1038818359375], [0.0, 0.0, 0.0, 1.0]], [[0.0029659683350473642, 0.9993342757225037, -0.03636389970779419, 0.00286865234375], [-0.005985812749713659, -0.03634566441178322, -0.9993213415145874, 1.5791149139404297], [-0.999977707862854, 0.003181631676852703, 0.005874025169759989, -0.0394287109375], [0.0, 0.0, 0.0, 1.0]], [[-0.9343942999839783, 0.35476621985435486, -0.032377440482378006, 1.060791015625], [0.026661500334739685, -0.02098972164094448, -0.999424159526825, 1.5536041259765625], [-0.3552415370941162, -0.9347195029258728, 0.010154075920581818, -0.092041015625], [0.0, 0.0, 0.0, 1.0]]], "view": [[0.0, -2.0, 100.0], [-2.0, 0.0, 100.0], [0.0, 0.0, 1.0]], "bev": "bev_9898a07995ee44abb5d3df465bfe8e89.png", "aux": "aux_9898a07995ee44abb5d3df465bfe8e89.npz", "visibility": "visibility_9898a07995ee44abb5d3df465bfe8e89.png", "pose": [[-0.13794948160648346, -0.9904392957687378, 0.0, 770.3938598632812], [0.9904392957687378, -0.13794948160648346, 0.0, 1684.7813720703125], [0.0, 0.0, 1.0, 0.0], [0.0, 0.0, 0.0, 1.0]], "pose_inverse": [[-0.13794948160648346, 0.9904392957687378, 0.0, -1562.398193359375], [-0.9904392957687378, -0.13794948160648346, 0.0, 995.4430541992188], [0.0, 0.0, 1.0, 0.0], [0.0, 0.0, 0.0, 1.0]], "cam_ids": [0, 1, 2, 3, 4, 5], "cam_channels": ["CAM_FRONT_LEFT", "CAM_FRONT", "CAM_FRONT_RIGHT", "CAM_BACK_LEFT", "CAM_BACK", "CAM_BACK_RIGHT"], "token": "9898a07995ee44abb5d3df465bfe8e89", "scene": "scene-0952"}, {"images": ["samples/CAM_FRONT_LEFT/n015-2018-09-26-11-17-24+0800__CAM_FRONT_LEFT__1537932122854844.jpg", "samples/CAM_FRONT/n015-2018-09-26-11-17-24+0800__CAM_FRONT__1537932122862460.jpg", "samples/CAM_FRONT_RIGHT/n015-2018-09-26-11-17-24+0800__CAM_FRONT_RIGHT__1537932122870339.jpg", "samples/CAM_BACK_LEFT/n015-2018-09-26-11-17-24+0800__CAM_BACK_LEFT__1537932122897423.jpg", "samples/CAM_BACK/n015-2018-09-26-11-17-24+0800__CAM_BACK__1537932122887525.jpg", "samples/CAM_BACK_RIGHT/n015-2018-09-26-11-17-24+0800__CAM_BACK_RIGHT__1537932122877893.jpg"], "intrinsics": [[[1272.5979470598488, 0.0, 826.6154927353808], [0.0, 1272.5979470598488, 479.75165386361925], [0.0, 0.0, 1.0]], [[1266.417203046554, 0.0, 816.2670197447984], [0.0, 1266.417203046554, 491.50706579294757], [0.0, 0.0, 1.0]], [[1260.8474446004698, 0.0, 807.968244525554], [0.0, 1260.8474446004698, 495.3344268742088], [0.0, 0.0, 1.0]], [[1256.7414812095406, 0.0, 792.1125740759628], [0.0, 1256.7414812095406, 492.7757465151356], [0.0, 0.0, 1.0]], [[809.2209905677063, 0.0, 829.2196003259838], [0.0, 809.2209905677063, 481.77842384512485], [0.0, 0.0, 1.0]], [[1259.5137405846733, 0.0, 807.2529053838625], [0.0, 1259.5137405846733, 501.19579884916527], [0.0, 0.0, 1.0]]], "extrinsics": [[[0.8201590180397034, -0.571553111076355, 0.02581145241856575, -0.8272705078125], [0.00922982394695282, -0.03189082816243172, -0.9994487166404724, 1.509796142578125], [0.5720611810684204, 0.8199451565742493, -0.020880214869976044, -1.1840591430664062], [0.0, 0.0, 0.0, 1.0]], [[0.0047788918018341064, -0.9993411898612976, 0.03597771003842354, 0.00555419921875], [0.003917483147233725, -0.035959139466285706, -0.999345600605011, 1.5210685729980469], [0.9999808669090271, 0.004916682839393616, 0.0037430578377097845, -1.5543212890625], [0.0, 0.0, 0.0, 1.0]], [[-0.8332329988479614, -0.5529166460037231, 0.0024422272108495235, 0.94287109375], [0.009519997984170914, -0.018762433901429176, -0.9997786283493042, 1.5046615600585938], [0.5528400540351868, -0.8330252766609192, 0.020897243171930313, -1.189453125], [0.0, 0.0, 0.0, 1.0]], [[0.9478120803833008, 0.31882593035697937, 0.00147854199167341, -1.14208984375], [0.01808130368590355, -0.04912136495113373, -0.9986291527748108, 1.5885543823242188], [-0.31831619143486023, 0.946539580821991, -0.052322618663311005, -0.103759765625], [0.0, 0.0, 0.0, 1.0]], [[0.0029898842331022024, 0.9992294311523438, -0.03913582116365433, 0.0030517578125], [-0.007304603699594736, -0.039113130420446396, -0.9992080926895142, 1.5790672302246094], [-0.9999688863754272, 0.0032733792904764414, 0.007182031404227018, -0.0374755859375], [0.0, 0.0, 0.0, 1.0]], [[-0.9343989491462708, 0.35477355122566223, -0.03216024115681648, 1.0640869140625], [0.0253656804561615, -0.023787356913089752, -0.9993951916694641, 1.5534095764160156], [-0.35532402992248535, -0.934649646282196, 0.013227809220552444, -0.091278076171875], [0.0, 0.0, 0.0, 1.0]]], "view": [[0.0, -2.0, 100.0], [-2.0, 0.0, 100.0], [0.0, 0.0, 1.0]], "bev": "bev_0137505ac5df4782a954b7719aa06c95.png", "aux": "aux_0137505ac5df4782a954b7719aa06c95.npz", "visibility": "visibility_0137505ac5df4782a954b7719aa06c95.png", "pose": [[-0.14130429923534393, -0.9899662137031555, 0.0, 770.1195068359375], [0.9899662137031555, -0.14130429923534393, 0.0, 1686.741455078125], [0.0, 0.0, 1.0, 0.0], [0.0, 0.0, 0.0, 1.0]], "pose_inverse": [[-0.14130429923534393, 0.9899662137031555, 0.0, -1560.995849609375], [-0.9899662137031555, -0.14130429923534393, 0.0, 1000.736083984375], [0.0, 0.0, 1.0, 0.0], [0.0, 0.0, 0.0, 1.0]], "cam_ids": [0, 1, 2, 3, 4, 5], "cam_channels": ["CAM_FRONT_LEFT", "CAM_FRONT", "CAM_FRONT_RIGHT", "CAM_BACK_LEFT", "CAM_BACK", "CAM_BACK_RIGHT"], "token": "0137505ac5df4782a954b7719aa06c95", "scene": "scene-0952"}, {"images": ["samples/CAM_FRONT_LEFT/n015-2018-09-26-11-17-24+0800__CAM_FRONT_LEFT__1537932123354844.jpg", "samples/CAM_FRONT/n015-2018-09-26-11-17-24+0800__CAM_FRONT__1537932123362460.jpg", "samples/CAM_FRONT_RIGHT/n015-2018-09-26-11-17-24+0800__CAM_FRONT_RIGHT__1537932123370339.jpg", "samples/CAM_BACK_LEFT/n015-2018-09-26-11-17-24+0800__CAM_BACK_LEFT__1537932123397423.jpg", "samples/CAM_BACK/n015-2018-09-26-11-17-24+0800__CAM_BACK__1537932123387525.jpg", "samples/CAM_BACK_RIGHT/n015-2018-09-26-11-17-24+0800__CAM_BACK_RIGHT__1537932123377893.jpg"], "intrinsics": [[[1272.5979470598488, 0.0, 826.6154927353808], [0.0, 1272.5979470598488, 479.75165386361925], [0.0, 0.0, 1.0]], [[1266.417203046554, 0.0, 816.2670197447984], [0.0, 1266.417203046554, 491.50706579294757], [0.0, 0.0, 1.0]], [[1260.8474446004698, 0.0, 807.968244525554], [0.0, 1260.8474446004698, 495.3344268742088], [0.0, 0.0, 1.0]], [[1256.7414812095406, 0.0, 792.1125740759628], [0.0, 1256.7414812095406, 492.7757465151356], [0.0, 0.0, 1.0]], [[809.2209905677063, 0.0, 829.2196003259838], [0.0, 809.2209905677063, 481.77842384512485], [0.0, 0.0, 1.0]], [[1259.5137405846733, 0.0, 807.2529053838625], [0.0, 1259.5137405846733, 501.19579884916527], [0.0, 0.0, 1.0]]], "extrinsics": [[[0.8205845355987549, -0.5708776116371155, 0.027196088805794716, -0.823486328125], [0.0088684456422925, -0.034860674291849136, -0.9993528723716736, 1.5097885131835938], [0.5714561939239502, 0.8202947378158569, -0.023543333634734154, -1.18212890625], [0.0, 0.0, 0.0, 1.0]], [[0.005353021901100874, -0.9992263317108154, 0.03896186128258705, 0.00616455078125], [0.0034902947954833508, -0.038943514227867126, -0.9992353320121765, 1.5210456848144531], [0.9999794960021973, 0.0054848892614245415, 0.0032791285775601864, -1.550537109375], [0.0, 0.0, 0.0, 1.0]], [[-0.8330039381980896, -0.5532485246658325, 0.004512961022555828, 0.9404296875], [0.009035355411469936, -0.02175910584628582, -0.9997223615646362, 1.5046424865722656], [0.553193211555481, -0.8327319622039795, 0.023124223574995995, -1.1873779296875], [0.0, 0.0, 0.0, 1.0]], [[0.9478262066841125, 0.3187873363494873, -0.00017342409410048276, -1.139892578125], [0.017380354925990105, -0.05221887677907944, -0.9984843730926514, 1.5885848999023438], [-0.3183133006095886, 0.9463866949081421, -0.0550350658595562, -0.1046142578125], [0.0, 0.0, 0.0, 1.0]], [[0.0028494035359472036, 0.9991053938865662, -0.04219325631856918, 0.0028076171875], [-0.007916467264294624, -0.042169567197561264, -0.9990791082382202, 1.5790252685546875], [-0.9999645352363586, 0.0031808027997612953, 0.007789225783199072, -0.0401611328125], [0.0, 0.0, 0.0, 1.0]], [[-0.9345123171806335, 0.35442307591438293, -0.032726652920246124, 1.06103515625], [0.02483232691884041, -0.02680041827261448, -0.9993323087692261, 1.5534515380859375], [-0.3550635278224945, -0.9347010254859924, 0.01624417118728161, -0.092010498046875], [0.0, 0.0, 0.0, 1.0]]], "view": [[0.0, -2.0, 100.0], [-2.0, 0.0, 100.0], [0.0, 0.0, 1.0]], "bev": "bev_d1f4c9fc44eb4c89b8e4f43c00a753de.png", "aux": "aux_d1f4c9fc44eb4c89b8e4f43c00a753de.npz", "visibility": "visibility_d1f4c9fc44eb4c89b8e4f43c00a753de.png", "pose": [[-0.1419926881790161, -0.9898676872253418, 0.0, 769.8352661132812], [0.9898676872253418, -0.1419926881790161, 0.0, 1688.73828125], [0.0, 0.0, 1.0, 0.0], [0.0, 0.0, 0.0, 1.0]], "pose_inverse": [[-0.1419926881790161, 0.9898676872253418, 0.0, -1562.3165283203125], [-0.9898676872253418, -0.1419926881790161, 0.0, 1001.8235473632812], [0.0, 0.0, 1.0, 0.0], [0.0, 0.0, 0.0, 1.0]], "cam_ids": [0, 1, 2, 3, 4, 5], "cam_channels": ["CAM_FRONT_LEFT", "CAM_FRONT", "CAM_FRONT_RIGHT", "CAM_BACK_LEFT", "CAM_BACK", "CAM_BACK_RIGHT"], "token": "d1f4c9fc44eb4c89b8e4f43c00a753de", "scene": "scene-0952"}, {"images": ["samples/CAM_FRONT_LEFT/n015-2018-09-26-11-17-24+0800__CAM_FRONT_LEFT__1537932123854844.jpg", "samples/CAM_FRONT/n015-2018-09-26-11-17-24+0800__CAM_FRONT__1537932123862460.jpg", "samples/CAM_FRONT_RIGHT/n015-2018-09-26-11-17-24+0800__CAM_FRONT_RIGHT__1537932123870339.jpg", "samples/CAM_BACK_LEFT/n015-2018-09-26-11-17-24+0800__CAM_BACK_LEFT__1537932123897423.jpg", "samples/CAM_BACK/n015-2018-09-26-11-17-24+0800__CAM_BACK__1537932123887525.jpg", "samples/CAM_BACK_RIGHT/n015-2018-09-26-11-17-24+0800__CAM_BACK_RIGHT__1537932123877893.jpg"], "intrinsics": [[[1272.5979470598488, 0.0, 826.6154927353808], [0.0, 1272.5979470598488, 479.75165386361925], [0.0, 0.0, 1.0]], [[1266.417203046554, 0.0, 816.2670197447984], [0.0, 1266.417203046554, 491.50706579294757], [0.0, 0.0, 1.0]], [[1260.8474446004698, 0.0, 807.968244525554], [0.0, 1260.8474446004698, 495.3344268742088], [0.0, 0.0, 1.0]], [[1256.7414812095406, 0.0, 792.1125740759628], [0.0, 1256.7414812095406, 492.7757465151356], [0.0, 0.0, 1.0]], [[809.2209905677063, 0.0, 829.2196003259838], [0.0, 809.2209905677063, 481.77842384512485], [0.0, 0.0, 1.0]], [[1259.5137405846733, 0.0, 807.2529053838625], [0.0, 1259.5137405846733, 501.19579884916527], [0.0, 0.0, 1.0]]], "extrinsics": [[[0.8208383321762085, -0.5705162882804871, 0.027122294530272484, -0.81884765625], [0.00769713195040822, -0.03643258661031723, -0.9993064999580383, 1.5096359252929688], [0.5711087584495544, 0.8204778432846069, -0.02551392652094364, -1.1789398193359375], [0.0, 0.0, 0.0, 1.0]], [[0.005725577473640442, -0.9991593956947327, 0.04059147089719772, 0.00640869140625], [0.0023406806867569685, -0.04057863727211952, -0.999173641204834, 1.5208969116210938], [0.9999809265136719, 0.005815851967781782, 0.002106377389281988, -1.5458984375], [0.0, 0.0, 0.0, 1.0]], [[-0.8328685164451599, -0.553433895111084, 0.006398235447704792, 0.9376220703125], [0.007919666357338428, -0.02347581461071968, -0.9996930360794067, 1.5045547485351562], [0.5534142255783081, -0.8325621485710144, 0.023935280740261078, -1.185302734375], [0.0, 0.0, 0.0, 1.0]], [[0.9478325247764587, 0.31876420974731445, -0.0016910444246605039, -1.140869140625], [0.016435058787465096, -0.05416548252105713, -0.9983966946601868, 1.5885772705078125], [-0.31834471225738525, 0.9462851881980896, -0.05657871812582016, -0.1041259765625], [0.0, 0.0, 0.0, 1.0]], [[0.002742839278653264, 0.9990250468254089, -0.044062625616788864, 0.00274658203125], [-0.008937858045101166, -0.044036541134119034, -0.9989899396896362, 1.5789813995361328], [-0.9999563097953796, 0.00313390395604074, 0.008808358572423458, -0.041015625], [0.0, 0.0, 0.0, 1.0]], [[-0.9345990419387817, 0.354229211807251, -0.032347358763217926, 1.0587158203125], [0.023753143846988678, -0.02858416736125946, -0.9993091225624084, 1.5534286499023438], [-0.35490912199020386, -0.9347217082977295, 0.018300676718354225, -0.0926513671875], [0.0, 0.0, 0.0, 1.0]]], "view": [[0.0, -2.0, 100.0], [-2.0, 0.0, 100.0], [0.0, 0.0, 1.0]], "bev": "bev_33c061972cb44e749784eb66699b88c6.png", "aux": "aux_33c061972cb44e749784eb66699b88c6.npz", "visibility": "visibility_33c061972cb44e749784eb66699b88c6.png", "pose": [[-0.13628125190734863, -0.9906702041625977, 0.0, 769.5593872070312], [0.9906702041625977, -0.13628125190734863, 0.0, 1690.7215576171875], [0.0, 0.0, 1.0, 0.0], [0.0, 0.0, 0.0, 1.0]], "pose_inverse": [[-0.13628125190734863, 0.9906702041625977, 0.0, -1570.0709228515625], [-0.9906702041625977, -0.13628125190734863, 0.0, 992.793212890625], [0.0, 0.0, 1.0, 0.0], [0.0, 0.0, 0.0, 1.0]], "cam_ids": [0, 1, 2, 3, 4, 5], "cam_channels": ["CAM_FRONT_LEFT", "CAM_FRONT", "CAM_FRONT_RIGHT", "CAM_BACK_LEFT", "CAM_BACK", "CAM_BACK_RIGHT"], "token": "33c061972cb44e749784eb66699b88c6", "scene": "scene-0952"}, {"images": ["samples/CAM_FRONT_LEFT/n015-2018-09-26-11-17-24+0800__CAM_FRONT_LEFT__1537932124404844.jpg", "samples/CAM_FRONT/n015-2018-09-26-11-17-24+0800__CAM_FRONT__1537932124412460.jpg", "samples/CAM_FRONT_RIGHT/n015-2018-09-26-11-17-24+0800__CAM_FRONT_RIGHT__1537932124420895.jpg", "samples/CAM_BACK_LEFT/n015-2018-09-26-11-17-24+0800__CAM_BACK_LEFT__1537932124447433.jpg", "samples/CAM_BACK/n015-2018-09-26-11-17-24+0800__CAM_BACK__1537932124437525.jpg", "samples/CAM_BACK_RIGHT/n015-2018-09-26-11-17-24+0800__CAM_BACK_RIGHT__1537932124427893.jpg"], "intrinsics": [[[1272.5979470598488, 0.0, 826.6154927353808], [0.0, 1272.5979470598488, 479.75165386361925], [0.0, 0.0, 1.0]], [[1266.417203046554, 0.0, 816.2670197447984], [0.0, 1266.417203046554, 491.50706579294757], [0.0, 0.0, 1.0]], [[1260.8474446004698, 0.0, 807.968244525554], [0.0, 1260.8474446004698, 495.3344268742088], [0.0, 0.0, 1.0]], [[1256.7414812095406, 0.0, 792.1125740759628], [0.0, 1256.7414812095406, 492.7757465151356], [0.0, 0.0, 1.0]], [[809.2209905677063, 0.0, 829.2196003259838], [0.0, 809.2209905677063, 481.77842384512485], [0.0, 0.0, 1.0]], [[1259.5137405846733, 0.0, 807.2529053838625], [0.0, 1259.5137405846733, 501.19579884916527], [0.0, 0.0, 1.0]]], "extrinsics": [[[0.8210413455963135, -0.5701614618301392, 0.028407512232661247, -0.8294677734375], [0.006937555503100157, -0.03979277238249779, -0.9991838932037354, 1.5093574523925781], [0.570826530456543, 0.820568323135376, -0.028715990483760834, -1.1849212646484375], [0.0, 0.0, 0.0, 1.0]], [[0.0060051204636693, -0.9990209937095642, 0.04382802173495293, 0.00518798828125], [0.0015900596044957638, -0.04381922259926796, -0.9990382194519043, 1.5207138061523438], [0.9999806880950928, 0.006069042719900608, 0.0013253625947982073, -1.5560302734375], [0.0, 0.0, 0.0, 1.0]], [[-0.8327676653862, -0.5535534024238586, 0.008754207752645016, 0.94549560546875], [0.00715684425085783, -0.0265753585845232, -0.9996211528778076, 1.5043678283691406], [0.5535763502120972, -0.8323894739151001, 0.02609279379248619, -1.1917724609375], [0.0, 0.0, 0.0, 1.0]], [[0.9478917717933655, 0.3185775578022003, -0.003073442028835416, -1.1395263671875], [0.01585114374756813, -0.056793905794620514, -0.9982600212097168, 1.5885772705078125], [-0.3181978166103363, 0.9461938142776489, -0.05888430029153824, -0.104248046875], [0.0, 0.0, 0.0, 1.0]], [[0.00265129585750401, 0.998898446559906, -0.046850115060806274, 0.003173828125], [-0.009586779400706291, -0.04682273790240