[{"images": ["samples/CAM_FRONT_LEFT/n015-2018-09-25-13-17-43+0800__CAM_FRONT_LEFT__1537853014154844.jpg", "samples/CAM_FRONT/n015-2018-09-25-13-17-43+0800__CAM_FRONT__1537853014162460.jpg", "samples/CAM_FRONT_RIGHT/n015-2018-09-25-13-17-43+0800__CAM_FRONT_RIGHT__1537853014170352.jpg", "samples/CAM_BACK_LEFT/n015-2018-09-25-13-17-43+0800__CAM_BACK_LEFT__1537853014197606.jpg", "samples/CAM_BACK/n015-2018-09-25-13-17-43+0800__CAM_BACK__1537853014187525.jpg", "samples/CAM_BACK_RIGHT/n015-2018-09-25-13-17-43+0800__CAM_BACK_RIGHT__1537853014177893.jpg"], "intrinsics": [[[1272.5979470598488, 0.0, 826.6154927353808], [0.0, 1272.5979470598488, 479.75165386361925], [0.0, 0.0, 1.0]], [[1266.417203046554, 0.0, 816.2670197447984], [0.0, 1266.417203046554, 491.50706579294757], [0.0, 0.0, 1.0]], [[1260.8474446004698, 0.0, 807.968244525554], [0.0, 1260.8474446004698, 495.3344268742088], [0.0, 0.0, 1.0]], [[1256.7414812095406, 0.0, 792.1125740759628], [0.0, 1256.7414812095406, 492.7757465151356], [0.0, 0.0, 1.0]], [[809.2209905677063, 0.0, 829.2196003259838], [0.0, 809.2209905677063, 481.77842384512485], [0.0, 0.0, 1.0]], [[1259.5137405846733, 0.0, 807.2529053838625], [0.0, 1259.5137405846733, 501.19579884916527], [0.0, 0.0, 1.0]]], "extrinsics": [[[0.8206798434257507, -0.5713176727294922, -0.008982059545814991, -0.95703125], [-0.0016391263343393803, 0.013365675695240498, -0.9999093413352966, 1.5082263946533203], [0.57138592004776, 0.8206201791763306, 0.010032478719949722, -1.275146484375], [0.0, 0.0, 0.0, 1.0]], [[0.005575092975050211, -0.9999408721923828, -0.009342774748802185, 0.00555419921875], [-0.0069499146193265915, 0.00930395070463419, -0.999932587146759, 1.520474910736084], [0.9999603033065796, 0.0056396606378257275, -0.00689763342961669, -1.6845703125], [0.0, 0.0, 0.0, 1.0]], [[-0.8329874873161316, -0.5531259179115295, -0.013548755086958408, 1.0274658203125], [-0.0013448261888697743, 0.02651151455938816, -0.9996475577354431, 1.5036296844482422], [0.5532901287078857, -0.8326757550239563, -0.022827615961432457, -1.24517822265625], [0.0, 0.0, 0.0, 1.0]], [[0.947761595249176, 0.31892937421798706, 0.005659279879182577, -1.14215087890625], [0.0072779422625899315, -0.0038838281761854887, -0.9999659657478333, 1.5885560512542725], [-0.31889650225639343, 0.9477705955505371, -0.0060020931996405125, -0.103759765625], [0.0, 0.0, 0.0, 1.0]], [[0.0024417403619736433, 0.9999784827232361, 0.006104527041316032, 0.002685546875], [-0.01812019571661949, 0.006147787906229496, -0.99981689453125, 1.5793153047561646], [-0.9998328685760498, 0.0023306726943701506, 0.018134815618395805, -0.00042724609375], [0.0, 0.0, 0.0, 1.0]], [[-0.9347684383392334, 0.3552078902721405, -0.0059402622282505035, 1.1320476531982422], [0.014519800432026386, 0.02149272710084915, -0.9996635317802429, 1.5515098571777344], [-0.35496070981025696, -0.9345402121543884, -0.025248272344470024, -0.06512451171875], [0.0, 0.0, 0.0, 1.0]]], "view": [[0.0, -2.0, 100.0], [-2.0, 0.0, 100.0], [0.0, 0.0, 1.0]], "bev": "bev_45c4bd03ee6f4a369dd42abf08dc3957.png", "aux": "aux_45c4bd03ee6f4a369dd42abf08dc3957.npz", "visibility": "visibility_45c4bd03ee6f4a369dd42abf08dc3957.png", "pose": [[-0.9748262763023376, 0.22296583652496338, 0.0, 160.7694854736328], [-0.22296583652496338, -0.9748262763023376, 0.0, 916.3864135742188], [0.0, 0.0, 1.0, 0.0], [0.0, 0.0, 0.0, 1.0]], "pose_inverse": [[-0.9748262763023376, -0.22296583652496338, 0.0, 361.045166015625], [0.22296583652496338, -0.9748262763023376, 0.0, 857.471435546875], [0.0, 0.0, 1.0, 0.0], [0.0, 0.0, 0.0, 1.0]], "cam_ids": [0, 1, 2, 3, 4, 5], "cam_channels": ["CAM_FRONT_LEFT", "CAM_FRONT", "CAM_FRONT_RIGHT", "CAM_BACK_LEFT", "CAM_BACK", "CAM_BACK_RIGHT"], "token": "45c4bd03ee6f4a369dd42abf08dc3957", "scene": "scene-0971"}, {"images": ["samples/CAM_FRONT_LEFT/n015-2018-09-25-13-17-43+0800__CAM_FRONT_LEFT__1537853014654844.jpg", "samples/CAM_FRONT/n015-2018-09-25-13-17-43+0800__CAM_FRONT__1537853014662460.jpg", "samples/CAM_FRONT_RIGHT/n015-2018-09-25-13-17-43+0800__CAM_FRONT_RIGHT__1537853014670339.jpg", "samples/CAM_BACK_LEFT/n015-2018-09-25-13-17-43+0800__CAM_BACK_LEFT__1537853014697423.jpg", "samples/CAM_BACK/n015-2018-09-25-13-17-43+0800__CAM_BACK__1537853014687536.jpg", "samples/CAM_BACK_RIGHT/n015-2018-09-25-13-17-43+0800__CAM_BACK_RIGHT__1537853014677893.jpg"], "intrinsics": [[[1272.5979470598488, 0.0, 826.6154927353808], [0.0, 1272.5979470598488, 479.75165386361925], [0.0, 0.0, 1.0]], [[1266.417203046554, 0.0, 816.2670197447984], [0.0, 1266.417203046554, 491.50706579294757], [0.0, 0.0, 1.0]], [[1260.8474446004698, 0.0, 807.968244525554], [0.0, 1260.8474446004698, 495.3344268742088], [0.0, 0.0, 1.0]], [[1256.7414812095406, 0.0, 792.1125740759628], [0.0, 1256.7414812095406, 492.7757465151356], [0.0, 0.0, 1.0]], [[809.2209905677063, 0.0, 829.2196003259838], [0.0, 809.2209905677063, 481.77842384512485], [0.0, 0.0, 1.0]], [[1259.5137405846733, 0.0, 807.2529053838625], [0.0, 1259.5137405846733, 501.19579884916527], [0.0, 0.0, 1.0]]], "extrinsics": [[[0.8207973837852478, -0.5711605548858643, -0.008196019567549229, -0.9687652587890625], [-0.0005782293155789375, 0.013517494313418865, -0.999908447265625, 1.5082426071166992], [0.5712190866470337, 0.8207269906997681, 0.010764863342046738, -1.28375244140625], [0.0, 0.0, 0.0, 1.0]], [[0.005748168099671602, -0.9999381899833679, -0.009508569724857807, 0.00567626953125], [-0.00574959721416235, 0.009475521743297577, -0.9999386072158813, 1.5205559730529785], [0.9999669790267944, 0.005802458617836237, -0.0056947749108076096, -1.6973876953125], [0.0, 0.0, 0.0, 1.0]], [[-0.832897961139679, -0.5532292723655701, -0.014772260561585426, 1.03680419921875], [-4.689597517426591e-06, 0.02669941820204258, -0.9996434450149536, 1.5036277770996094], [0.5534265041351318, -0.832601010799408, -0.02224048599600792, -1.2509765625], [0.0, 0.0, 0.0, 1.0]], [[0.9477471709251404, 0.3189355134963989, 0.007449261378496885, -1.14453125], [0.009084099903702736, -0.0036387480795383453, -0.9999520778656006, 1.5885348320007324], [-0.31889304518699646, 0.9477695226669312, -0.006345855072140694, -0.1031494140625], [0.0, 0.0, 0.0, 1.0]], [[0.002383945742622018, 0.9999771118164062, 0.006334287114441395, 0.00244140625], [-0.016476424410939217, 0.00637272372841835, -0.9998440146446228, 1.5794038772583008], [-0.9998614192008972, 0.0022792068775743246, 0.0164912398904562, 0.00482177734375], [0.0, 0.0, 0.0, 1.0]], [[-0.9347904920578003, 0.35512542724609375, -0.007260350044816732, 1.139669418334961], [0.016005542129278183, 0.021694066002964973, -0.9996365308761597, 1.5513782501220703], [-0.35483884811401367, -0.9345669150352478, -0.02596338279545307, -0.0618896484375], [0.0, 0.0, 0.0, 1.0]]], "view": [[0.0, -2.0, 100.0], [-2.0, 0.0, 100.0], [0.0, 0.0, 1.0]], "bev": "bev_75385bf352fe4743a8cbf576b1e184fb.png", "aux": "aux_75385bf352fe4743a8cbf576b1e184fb.npz", "visibility": "visibility_75385bf352fe4743a8cbf576b1e184fb.png", "pose": [[-0.9747942686080933, 0.22310563921928406, 0.0, 160.7288360595703], [-0.22310563921928406, -0.9747942686080933, 0.0, 916.3822631835938], [0.0, 0.0, 1.0, 0.0], [0.0, 0.0, 0.0, 1.0]], "pose_inverse": [[-0.9747942686080933, -0.22310563921928406, 0.0, 361.1275939941406], [0.22310563921928406, -0.9747942686080933, 0.0, 857.4246826171875], [0.0, 0.0, 1.0, 0.0], [0.0, 0.0, 0.0, 1.0]], "cam_ids": [0, 1, 2, 3, 4, 5], "cam_channels": ["CAM_FRONT_LEFT", "CAM_FRONT", "CAM_FRONT_RIGHT", "CAM_BACK_LEFT", "CAM_BACK", "CAM_BACK_RIGHT"], "token": "75385bf352fe4743a8cbf576b1e184fb", "scene": "scene-0971"}, {"images": ["samples/CAM_FRONT_LEFT/n015-2018-09-25-13-17-43+0800__CAM_FRONT_LEFT__1537853015154844.jpg", "samples/CAM_FRONT/n015-2018-09-25-13-17-43+0800__CAM_FRONT__1537853015162460.jpg", "samples/CAM_FRONT_RIGHT/n015-2018-09-25-13-17-43+0800__CAM_FRONT_RIGHT__1537853015170339.jpg", "samples/CAM_BACK_LEFT/n015-2018-09-25-13-17-43+0800__CAM_BACK_LEFT__1537853015197423.jpg", "samples/CAM_BACK/n015-2018-09-25-13-17-43+0800__CAM_BACK__1537853015187525.jpg", "samples/CAM_BACK_RIGHT/n015-2018-09-25-13-17-43+0800__CAM_BACK_RIGHT__1537853015177893.jpg"], "intrinsics": [[[1272.5979470598488, 0.0, 826.6154927353808], [0.0, 1272.5979470598488, 479.75165386361925], [0.0, 0.0, 1.0]], [[1266.417203046554, 0.0, 816.2670197447984], [0.0, 1266.417203046554, 491.50706579294757], [0.0, 0.0, 1.0]], [[1260.8474446004698, 0.0, 807.968244525554], [0.0, 1260.8474446004698, 495.3344268742088], [0.0, 0.0, 1.0]], [[1256.7414812095406, 0.0, 792.1125740759628], [0.0, 1256.7414812095406, 492.7757465151356], [0.0, 0.0, 1.0]], [[809.2209905677063, 0.0, 829.2196003259838], [0.0, 809.2209905677063, 481.77842384512485], [0.0, 0.0, 1.0]], [[1259.5137405846733, 0.0, 807.2529053838625], [0.0, 1259.5137405846733, 501.19579884916527], [0.0, 0.0, 1.0]]], "extrinsics": [[[0.8207718133926392, -0.5712077617645264, -0.00745386304333806, -0.9651641845703125], [0.00024059604038484395, 0.013393847271800041, -0.999910295009613, 1.5082435607910156], [0.5712562799453735, 0.820696234703064, 0.011130722239613533, -1.28076171875], [0.0, 0.0, 0.0, 1.0]], [[0.0057039461098611355, -0.9999398589134216, -0.009362764656543732, 0.00537109375], [-0.005011001601815224, 0.009334217756986618, -0.9999439120292664, 1.5205321311950684], [0.9999712109565735, 0.005750549025833607, -0.004957458935678005, -1.69268798828125], [0.0, 0.0, 0.0, 1.0]], [[-0.8329133987426758, -0.5531936287879944, -0.015236560255289078, 1.03271484375], [0.0006548542878590524, 0.02654721401631832, -0.999647319316864, 1.5036392211914062], [0.5534030795097351, -0.8326296210289001, -0.021749267354607582, -1.2486572265625], [0.0, 0.0, 0.0, 1.0]], [[0.9477526545524597, 0.31891337037086487, 0.007703159470111132, -1.14227294921875], [0.009403444826602936, -0.003792175091803074, -0.9999485611915588, 1.5885555744171143], [-0.3188677430152893, 0.9477763175964355, -0.006592927034944296, -0.10369873046875], [0.0, 0.0, 0.0, 1.0]], [[0.002409200184047222, 0.9999780058860779, 0.006186578888446093, 0.00274658203125], [-0.016045162454247475, 0.006224455777555704, -0.9998519420623779, 1.5793598890304565], [-0.9998683333396912, 0.00230955658480525, 0.01605980470776558, 0.00201416015625], [0.0, 0.0, 0.0, 1.0]], [[-0.9347738027572632, 0.35515734553337097, -0.007830338552594185, 1.1363697052001953], [0.016558097675442696, 0.02154151163995266, -0.999630868434906, 1.5514450073242188], [-0.35485756397247314, -0.9345583319664001, -0.026017172262072563, -0.0633544921875], [0.0, 0.0, 0.0, 1.0]]], "view": [[0.0, -2.0, 100.0], [-2.0, 0.0, 100.0], [0.0, 0.0, 1.0]], "bev": "bev_956027b87e5242ec9d9d22c8be48b7ac.png", "aux": "aux_956027b87e5242ec9d9d22c8be48b7ac.npz", "visibility": "visibility_956027b87e5242ec9d9d22c8be48b7ac.png", "pose": [[-0.9748884439468384, 0.22269387543201447, 0.0, 160.74142456054688], [-0.22269387543201447, -0.9748884439468384, 0.0, 916.3895263671875], [0.0, 0.0, 1.0, 0.0], [0.0, 0.0, 0.0, 1.0]], "pose_inverse": [[-0.9748884439468384, -0.22269387543201447, 0.0, 360.779296875], [0.22269387543201447, -0.9748884439468384, 0.0, 857.5814208984375], [0.0, 0.0, 1.0, 0.0], [0.0, 0.0, 0.0, 1.0]], "cam_ids": [0, 1, 2, 3, 4, 5], "cam_channels": ["CAM_FRONT_LEFT", "CAM_FRONT", "CAM_FRONT_RIGHT", "CAM_BACK_LEFT", "CAM_BACK", "CAM_BACK_RIGHT"], "token": "956027b87e5242ec9d9d22c8be48b7ac", "scene": "scene-0971"}, {"images": ["samples/CAM_FRONT_LEFT/n015-2018-09-25-13-17-43+0800__CAM_FRONT_LEFT__1537853015654844.jpg", "samples/CAM_FRONT/n015-2018-09-25-13-17-43+0800__CAM_FRONT__1537853015662461.jpg", "samples/CAM_FRONT_RIGHT/n015-2018-09-25-13-17-43+0800__CAM_FRONT_RIGHT__1537853015670339.jpg", "samples/CAM_BACK_LEFT/n015-2018-09-25-13-17-43+0800__CAM_BACK_LEFT__1537853015697423.jpg", "samples/CAM_BACK/n015-2018-09-25-13-17-43+0800__CAM_BACK__1537853015687525.jpg", "samples/CAM_BACK_RIGHT/n015-2018-09-25-13-17-43+0800__CAM_BACK_RIGHT__1537853015677893.jpg"], "intrinsics": [[[1272.5979470598488, 0.0, 826.6154927353808], [0.0, 1272.5979470598488, 479.75165386361925], [0.0, 0.0, 1.0]], [[1266.417203046554, 0.0, 816.2670197447984], [0.0, 1266.417203046554, 491.50706579294757], [0.0, 0.0, 1.0]], [[1260.8474446004698, 0.0, 807.968244525554], [0.0, 1260.8474446004698, 495.3344268742088], [0.0, 0.0, 1.0]], [[1256.7414812095406, 0.0, 792.1125740759628], [0.0, 1256.7414812095406, 492.7757465151356], [0.0, 0.0, 1.0]], [[809.2209905677063, 0.0, 829.2196003259838], [0.0, 809.2209905677063, 481.77842384512485], [0.0, 0.0, 1.0]], [[1259.5137405846733, 0.0, 807.2529053838625], [0.0, 1259.5137405846733, 501.19579884916527], [0.0, 0.0, 1.0]]], "extrinsics": [[[0.8207768797874451, -0.571246325969696, -0.001706282258965075, -0.9640960693359375], [0.007303979247808456, 0.013481082394719124, -0.9998824596405029, 1.5082511901855469], [0.5712021589279175, 0.8206679821014404, 0.015237333253026009, -1.27996826171875], [0.0, 0.0, 0.0, 1.0]], [[0.005715762730687857, -0.9999395608901978, -0.009393775835633278, 0.00537109375], [0.002038302831351757, 0.009405560791492462, -0.9999537467956543, 1.5205316543579102], [0.9999815821647644, 0.005696374922990799, 0.002091938629746437, -1.69146728515625], [0.0, 0.0, 0.0, 1.0]], [[-0.8328180909156799, -0.5531441569328308, -0.021108193323016167, 1.03179931640625], [0.007666265591979027, 0.026603367179632187, -0.9996166229248047, 1.5036430358886719], [0.5534936189651489, -0.8326606750488281, -0.017915213480591774, -1.2481689453125], [0.0, 0.0, 0.0, 1.0]], [[0.9476994276046753, 0.31884825229644775, 0.014196274802088737, -1.14288330078125], [0.016253484413027763, -0.0037921506445854902, -0.9998607039451599, 1.5885443687438965], [-0.31874993443489075, 0.9477981925010681, -0.00877621304243803, -0.103515625], [0.0, 0.0, 0.0, 1.0]], [[0.0024318809155374765, 0.999977707862854, 0.006212517619132996, 0.002685546875], [-0.009121091105043888, 0.006234459578990936, -0.99993896484375, 1.5793566703796387], [-0.9999553561210632, 0.002375059761106968, 0.009136048145592213, 0.001861572265625], [0.0, 0.0, 0.0, 1.0]], [[-0.9346744418144226, 0.35521554946899414, -0.014337080530822277, 1.135690689086914], [0.02353111281991005, 0.021576078608632088, -0.9994902610778809, 1.5514583587646484], [-0.3547251224517822, -0.9345353245735168, -0.028525227680802345, -0.063720703125], [0.0, 0.0, 0.0, 1.0]]], "view": [[0.0, -2.0, 100.0], [-2.0, 0.0, 100.0], [0.0, 0.0, 1.0]], "bev": "bev_a2229d223c19406f9f71cb7a92b9ef54.png", "aux": "aux_a2229d223c19406f9f71cb7a92b9ef54.npz", "visibility": "visibility_a2229d223c19406f9f71cb7a92b9ef54.png", "pose": [[-0.9748712182044983, 0.22276915609836578, 0.0, 160.74111938476562], [-0.22276915609836578, -0.9748712182044983, 0.0, 916.3931884765625], [0.0, 0.0, 1.0, 0.0], [0.0, 0.0, 0.0, 1.0]], "pose_inverse": [[-0.9748712182044983, -0.22276915609836578, 0.0, 360.8460388183594], [0.22276915609836578, -0.9748712182044983, 0.0, 857.5571899414062], [0.0, 0.0, 1.0, 0.0], [0.0, 0.0, 0.0, 1.0]], "cam_ids": [0, 1, 2, 3, 4, 5], "cam_channels": ["CAM_FRONT_LEFT", "CAM_FRONT", "CAM_FRONT_RIGHT", "CAM_BACK_LEFT", "CAM_BACK", "CAM_BACK_RIGHT"], "token": "a2229d223c19406f9f71cb7a92b9ef54", "scene": "scene-0971"}, {"images": ["samples/CAM_FRONT_LEFT/n015-2018-09-25-13-17-43+0800__CAM_FRONT_LEFT__1537853016154844.jpg", "samples/CAM_FRONT/n015-2018-09-25-13-17-43+0800__CAM_FRONT__1537853016162460.jpg", "samples/CAM_FRONT_RIGHT/n015-2018-09-25-13-17-43+0800__CAM_FRONT_RIGHT__1537853016170339.jpg", "samples/CAM_BACK_LEFT/n015-2018-09-25-13-17-43+0800__CAM_BACK_LEFT__1537853016197423.jpg", "samples/CAM_BACK/n015-2018-09-25-13-17-43+0800__CAM_BACK__1537853016187525.jpg", "samples/CAM_BACK_RIGHT/n015-2018-09-25-13-17-43+0800__CAM_BACK_RIGHT__1537853016177893.jpg"], "intrinsics": [[[1272.5979470598488, 0.0, 826.6154927353808], [0.0, 1272.5979470598488, 479.75165386361925], [0.0, 0.0, 1.0]], [[1266.417203046554, 0.0, 816.2670197447984], [0.0, 1266.417203046554, 491.50706579294757], [0.0, 0.0, 1.0]], [[1260.8474446004698, 0.0, 807.968244525554], [0.0, 1260.8474446004698, 495.3344268742088], [0.0, 0.0, 1.0]], [[1256.7414812095406, 0.0, 792.1125740759628], [0.0, 1256.7414812095406, 492.7757465151356], [0.0, 0.0, 1.0]], [[809.2209905677063, 0.0, 829.2196003259838], [0.0, 809.2209905677063, 481.77842384512485], [0.0, 0.0, 1.0]], [[1259.5137405846733, 0.0, 807.2529053838625], [0.0, 1259.5137405846733, 501.19579884916527], [0.0, 0.0, 1.0]]], "extrinsics": [[[0.8210882544517517, -0.5707979202270508, -0.0019240642432123423, -0.933929443359375], [0.006185485981404781, 0.012268287129700184, -0.9999055862426758, 1.5084781646728516], [0.5707676410675049, 0.8209989070892334, 0.01360400952398777, -1.2589111328125], [0.0, 0.0, 0.0, 1.0]], [[0.0061673508025705814, -0.9999475479125977, -0.008177714422345161, 0.0054931640625], [0.0008384022512473166, 0.008183037862181664, -0.9999661445617676, 1.520556926727295], [0.999980628490448, 0.006160295568406582, 0.0008888260344974697, -1.661102294921875], [0.0, 0.0, 0.0, 1.0]], [[-0.8326405882835388, -0.5534747242927551, -0.019376209005713463, 1.01190185546875], [0.006398388184607029, 0.025370661169290543, -0.9996575713157654, 1.5037994384765625], [0.5537768006324768, -0.8324794769287109, -0.017583293840289116, -1.23492431640625], [0.0, 0.0, 0.0, 1.0]], [[0.9477214217185974, 0.3188541829586029, 0.01249691005796194, -1.14105224609375], [0.01489314716309309, -0.0050781541503965855, -0.9998761415481567, 1.5885734558105469], [-0.3187512755393982, 0.9477902054786682, -0.009561417624354362, -0.10406494140625], [0.0, 0.0, 0.0, 1.0]], [[0.0023003914393484592, 0.9999850988388062, 0.004952216055244207, 0.00274658203125], [-0.010459029115736485, 0.0049760183319449425, -0.9999328851699829, 1.5792527198791504], [-0.9999426603317261, 0.002248452277854085, 0.010470318607985973, -0.008087158203125], [0.0, 0.0, 0.0, 1.0]], [[-0.9347904920578003, 0.35494062304496765, -0.013562805950641632, 1.1190471649169922], [0.02222747914493084, 0.020345335826277733, -0.9995459318161011, 1.5518550872802734], [-0.3545035123825073, -0.9346674680709839, -0.026908060535788536, -0.07000732421875], [0.0, 0.0, 0.0, 1.0]]], "view": [[0.0, -2.0, 100.0], [-2.0, 0.0, 100.0], [0.0, 0.0, 1.0]], "bev": "bev_deefc5673f374152b60cb36fff7439a9.png", "aux": "aux_deefc5673f374152b60cb36fff7439a9.npz", "visibility": "visibility_deefc5673f374152b60cb36fff7439a9.png", "pose": [[-0.9753025770187378, 0.2208731323480606, 0.0, 160.50209045410156], [-0.2208731323480606, -0.9753025770187378, 0.0, 916.3416137695312], [0.0, 0.0, 1.0, 0.0], [0.0, 0.0, 0.0, 1.0]], "pose_inverse": [[-0.9753025770187378, -0.2208731323480606, 0.0, 358.933349609375], [0.2208731323480606, -0.9753025770187378, 0.0, 858.2597045898438], [0.0, 0.0, 1.0, 0.0], [0.0, 0.0, 0.0, 1.0]], "cam_ids": [0, 1, 2, 3, 4, 5], "cam_channels": ["CAM_FRONT_LEFT", "CAM_FRONT", "CAM_FRONT_RIGHT", "CAM_BACK_LEFT", "CAM_BACK", "CAM_BACK_RIGHT"], "token": "deefc5673f374152b60cb36fff7439a9", "scene": "scene-0971"}, {"images": ["samples/CAM_FRONT_LEFT/n015-2018-09-25-13-17-43+0800__CAM_FRONT_LEFT__1537853016654844.jpg", "samples/CAM_FRONT/n015-2018-09-25-13-17-43+0800__CAM_FRONT__1537853016662460.jpg", "samples/CAM_FRONT_RIGHT/n015-2018-09-25-13-17-43+0800__CAM_FRONT_RIGHT__1537853016670339.jpg", "samples/CAM_BACK_LEFT/n015-2018-09-25-13-17-43+0800__CAM_BACK_LEFT__1537853016697423.jpg", "samples/CAM_BACK/n015-2018-09-25-13-17-43+0800__CAM_BACK__1537853016687525.jpg", "samples/CAM_BACK_RIGHT/n015-2018-09-25-13-17-43+0800__CAM_BACK_RIGHT__1537853016677893.jpg"], "intrinsics": [[[1272.5979470598488, 0.0, 826.6154927353808], [0.0, 1272.5979470598488, 479.75165386361925], [0.0, 0.0, 1.0]], [[1266.417203046554, 0.0, 816.2670197447984], [0.0, 1266.417203046554, 491.50706579294757], [0.0, 0.0, 1.0]], [[1260.8474446004698, 0.0, 807.968244525554], [0.0, 1260.8474446004698, 495.3344268742088], [0.0, 0.0, 1.0]], [[1256.7414812095406, 0.0, 792.1125740759628], [0.0, 1256.7414812095406, 492.7757465151356], [0.0, 0.0, 1.0]], [[809.2209905677063, 0.0, 829.2196003259838], [0.0, 809.2209905677063, 481.77842384512485], [0.0, 0.0, 1.0]], [[1259.5137405846733, 0.0, 807.2529053838625], [0.0, 1259.5137405846733, 501.19579884916527], [0.0, 0.0, 1.0]]], "extrinsics": [[[0.8237623572349548, -0.5669221878051758, -0.003847616259008646, -0.9000701904296875], [0.002870480762794614, 0.01095734816044569, -0.9999358654022217, 1.5084733963012695], [0.566927969455719, 0.8236985206604004, 0.01065359078347683, -1.235595703125], [0.0, 0.0, 0.0, 1.0]], [[0.010190910659730434, -0.9999244213104248, -0.006887064315378666, 0.00579833984375], [-0.002459462033584714, 0.006862336304038763, -0.999973475933075, 1.5203700065612793], [0.9999449849128723, 0.010207592509686947, -0.0023893427569419146, -1.626068115234375], [0.0, 0.0, 0.0, 1.0]], [[-0.8308451175689697, -0.5562757253646851, -0.015929045155644417, 0.98828125], [0.0030444336589425802, 0.02407960593700409, -0.9997053742408752, 1.5038070678710938], [0.5564954280853271, -0.8306488394737244, -0.018312877044081688, -1.21923828125], [0.0, 0.0, 0.0, 1.0]], [[0.9474883675575256, 0.31966474652290344, 0.008963952772319317, -1.1353759765625], [0.011611424386501312, -0.00637706508859992, -0.9999122023582458, 1.5886387825012207], [-0.319579541683197, 0.947509229183197, -0.009753957390785217, -0.10589599609375], [0.0, 0.0, 0.0, 1.0]], [[0.00054635398555547, 0.9999933242797852, 0.0036334125325083733, 0.0029296875], [-0.013756275177001953, 0.0036405841819941998, -0.9998987317085266, 1.5790283679962158], [-0.9999052286148071, 0.0004963127430528402, 0.013758170418441296, -0.022125244140625], [0.0, 0.0, 0.0, 1.0]], [[-0.9357715845108032, 0.3524361848831177, -0.010965281166136265, 1.0985004901885986], [0.01890300028026104, 0.019088750705122948, -0.999639093875885, 1.5522098541259766], [-0.3520996570587158, -0.9356411695480347, -0.024524813517928123, -0.07781982421875], [0.0, 0.0, 0.0, 1.0]]], "view": [[0.0, -2.0, 100.0], [-2.0, 0.0, 100.0], [0.0, 0.0, 1.0]], "bev": "bev_d95a0f0adf7945c5aaf2fbd3dc110dcc.png", "aux": "aux_d95a0f0adf7945c5aaf2fbd3dc110dcc.npz", "visibility": "visibility_d95a0f0adf7945c5aaf2fbd3dc110dcc.png", "pose": [[-0.981643795967102, 0.1907235085964203, 0.0, 159.86598205566406], [-0.1907235085964203, -0.981643795967102, 0.0, 916.2086791992188], [0.0, 0.0, 1.0, 0.0], [0.0, 0.0, 0.0, 1.0]], "pose_inverse": [[-0.981643795967102, -0.1907235085964203, 0.0, 331.6739807128906], [0.1907235085964203, -0.981643795967102, 0.0, 868.900390625], [0.0, 0.0, 1.0, 0.0], [0.0, 0.0, 0.0, 1.0]], "cam_ids": [0, 1, 2, 3, 4, 5], "cam_channels": ["CAM_FRONT_LEFT", "CAM_FRONT", "CAM_FRONT_RIGHT", "CAM_BACK_LEFT", "CAM_BACK", "CAM_BACK_RIGHT"], "token": "d95a0f0adf7945c5aaf2fbd3dc110dcc", "scene": "scene-0971"}, {"images": ["samples/CAM_FRONT_LEFT/n015-2018-09-25-13-17-43+0800__CAM_FRONT_LEFT__1537853017154844.jpg", "samples/CAM_FRONT/n015-2018-09-25-13-17-43+0800__CAM_FRONT__1537853017162460.jpg", "samples/CAM_FRONT_RIGHT/n015-2018-09-25-13-17-43+0800__CAM_FRONT_RIGHT__1537853017170339.jpg", "samples/CAM_BACK_LEFT/n015-2018-09-25-13-17-43+0800__CAM_BACK_LEFT__1537853017197423.jpg", "samples/CAM_BACK/n015-2018-09-25-13-17-43+0800__CAM_BACK__1537853017187525.jpg", "samples/CAM_BACK_RIGHT/n015-2018-09-25-13-17-43+0800__CAM_BACK_RIGHT__1537853017177893.jpg"], "intrinsics": [[[1272.5979470598488, 0.0, 826.6154927353808], [0.0, 1272.5979470598488, 479.75165386361925], [0.0, 0.0, 1.0]], [[1266.417203046554, 0.0, 816.2670197447984], [0.0, 1266.417203046554, 491.50706579294757], [0.0, 0.0, 1.0]], [[1260.8474446004698, 0.0, 807.968244525554], [0.0, 1260.8474446004698, 495.3344268742088], [0.0, 0.0, 1.0]], [[1256.7414812095406, 0.0, 792.1125740759628], [0.0, 1256.7414812095406, 492.7757465151356], [0.0, 0.0, 1.0]], [[809.2209905677063, 0.0, 829.2196003259838], [0.0, 809.2209905677063, 481.77842384512485], [0.0, 0.0, 1.0]], [[1259.5137405846733, 0.0, 807.2529053838625], [0.0, 1259.5137405846733, 501.19579884916527], [0.0, 0.0, 1.0]]], "extrinsics": [[[0.826170802116394, -0.5634154677391052, -0.0021669839043170214, -0.861541748046875], [0.0021680647041648626, 0.0070252190344035625, -0.999972939491272, 1.508521556854248], [0.5634154677391052, 0.8261438012123108, 0.007025551982223988, -1.20928955078125], [0.0, 0.0, 0.0, 1.0]], [[0.013568790629506111, -0.9999036192893982, -0.0029216951224952936, 0.00628662109375], [-0.003092180471867323, 0.002879989566281438, -0.9999910593032837, 1.5202107429504395], [0.9999032020568848, 0.01357770524919033, -0.003052804619073868, -1.588043212890625], [0.0, 0.0, 0.0, 1.0]], [[-0.8294364809989929, -0.5584438443183899, -0.013249379582703114, 0.96380615234375], [0.0024337514769285917, 0.020105905830860138, -0.9997948408126831, 1.5038490295410156], [0.5585956573486328, -0.8292986154556274, -0.015317458659410477, -1.2027587890625], [0.0, 0.0, 0.0, 1.0]], [[0.9475684762001038, 0.3194658160209656, 0.007454568054527044, -1.13482666015625], [0.01134705264121294, -0.010324793867766857, -0.9998822808265686, 1.5886421203613281], [-0.3193512260913849, 0.9475415945053101, -0.01340844389051199, -0.10601806640625], [0.0, 0.0, 0.0, 1.0]], [[-0.00020428742573130876, 0.9999999403953552, -0.0003263149119447917, 0.0029296875], [-0.014132188633084297, -0.00032916912459768355, -0.9999001026153564, 1.5788636207580566], [-0.9999001622200012, -0.00019964583043474704, 0.01413225382566452, -0.03314208984375], [0.0, 0.0, 0.0, 1.0]], [[-0.936387836933136, 0.350764662027359, -0.011914229951798916, 1.0786056518554688], [0.01839129999279976, 0.015139888972043991, -0.9997162222862244, 1.552581787109375], [-0.3504847288131714, -0.9363412857055664, -0.02062782645225525, -0.0853271484375], [0.0, 0.0, 0.0, 1.0]]], "view": [[0.0, -2.0, 100.0], [-2.0, 0.0, 100.0], [0.0, 0.0, 1.0]], "bev": "bev_5e89b644b90d4955a33ffeb69a7ab62a.png", "aux": "aux_5e89b644b90d4955a33ffeb69a7ab62a.npz", "visibility": "visibility_5e89b644b90d4955a33ffeb69a7ab62a.png", "pose": [[-0.9933726787567139, 0.11493797600269318, 0.0, 158.80831909179688], [-0.11493797600269318, -0.9933726787567139, 0.0, 916.0489501953125], [0.0, 0.0, 1.0, 0.0], [0.0, 0.0, 0.0, 1.0]], "pose_inverse": [[-0.9933726787567139, -0.11493797600269318, 0.0, 263.0446472167969], [0.11493797600269318, -0.9933726787567139, 0.0, 891.7249145507812], [0.0, 0.0, 1.0, 0.0], [0.0, 0.0, 0.0, 1.0]], "cam_ids": [0, 1, 2, 3, 4, 5], "cam_channels": ["CAM_FRONT_LEFT", "CAM_FRONT", "CAM_FRONT_RIGHT", "CAM_BACK_LEFT", "CAM_BACK", "CAM_BACK_RIGHT"], "token": "5e89b644b90d4955a33ffeb69a7ab62a", "scene": "scene-0971"}, {"images": ["samples/CAM_FRONT_LEFT/n015-2018-09-25-13-17-43+0800__CAM_FRONT_LEFT__1537853017654844.jpg", "samples/CAM_FRONT/n015-2018-09-25-13-17-43+0800__CAM_FRONT__1537853017662460.jpg", "samples/CAM_FRONT_RIGHT/n015-2018-09-25-13-17-43+0800__CAM_FRONT_RIGHT__1537853017670339.jpg", "samples/CAM_BACK_LEFT/n015-2018-09-25-13-17-43+0800__CAM_BACK_LEFT__1537853017697423.jpg", "samples/CAM_BACK/n015-2018-09-25-13-17-43+0800__CAM_BACK__1537853017687525.jpg", "samples/CAM_BACK_RIGHT/n015-2018-09-25-13-17-43+0800__CAM_BACK_RIGHT__1537853017677893.jpg"], "intrinsics": [[[1272.5979470598488, 0.0, 826.6154927353808], [0.0, 1272.5979470598488, 479.75165386361925], [0.0, 0.0, 1.0]], [[1266.417203046554, 0.0, 816.2670197447984], [0.0, 1266.417203046554, 491.50706579294757], [0.0, 0.0, 1.0]], [[1260.8474446004698, 0.0, 807.968244525554], [0.0, 1260.8474446004698, 495.3344268742088], [0.0, 0.0, 1.0]], [[1256.7414812095406, 0.0, 792.1125740759628], [0.0, 1256.7414812095406, 492.7757465151356], [0.0, 0.0, 1.0]], [[809.2209905677063, 0.0, 829.2196003259838], [0.0, 809.2209905677063, 481.77842384512485], [0.0, 0.0, 1.0]], [[1259.5137405846733, 0.0, 807.2529053838625], [0.0, 1259.5137405846733, 501.19579884916527], [0.0, 0.0, 1.0]]], "extrinsics": [[[0.8277936577796936, -0.5610237121582031, 0.003176587400957942, -0.846160888671875], [0.0052354480139911175, 0.0020628967322409153, -0.9999841451644897, 1.5090091228485107], [0.5610082149505615, 0.8277971744537354, 0.004644863307476044, -1.1976318359375], [0.0, 0.0, 0.0, 1.0]], [[0.0160475205630064, -0.9998693466186523, 0.0019294171361252666, 0.005615234375], [-0.00010250524792354554, -0.0019313109805807471, -0.999998152256012, 1.520518183708191], [0.9998711943626404, 0.016047295182943344, -0.0001334853732259944, -1.57220458984375], [0.0, 0.0, 0.0, 1.0]], [[-0.8282298445701599, -0.5602371096611023, -0.013025968335568905, 0.95318603515625], [0.005276152864098549, 0.015447684563696384, -0.9998667240142822, 1.5041608810424805], [0.5603636503219604, -0.8281883001327515, -0.009838336147367954, -1.19647216796875], [0.0, 0.0, 0.0, 1.0]], [[0.9473084807395935, 0.32021504640579224, 0.008307312615215778, -1.1346435546875], [0.01373481098562479, -0.01469472423195839, -0.9997976422309875, 1.588658332824707], [-0.3200281262397766, 0.9472309350967407, -0.018318528309464455, -0.1058349609375], [0.0, 0.0, 0.0, 1.0]], [[-0.00144008279312402, 0.9999875426292419, -0.004790629725903273, 0.0032958984375], [-0.011542916297912598, -0.004806938581168652, -0.9999217987060547, 1.5788979530334473], [-0.9999323487281799, -0.0013846723595634103, 0.0115496926009655, -0.037750244140625], [0.0, 0.0, 0.0, 1.0]], [[-0.936950147151947, 0.34909194707870483, -0.01609797589480877, 1.07037353515625], [0.021127866581082344, 0.010605462826788425, -0.999720573425293, 1.5529499053955078], [-0.3488236665725708, -0.9370284676551819, -0.01731235906481743, -0.0889892578125], [0.0, 0.0, 0.0, 1.0]]], "view": [[0.0, -2.0, 100.0], [-2.0, 0.0, 100.0], [0.0, 0.0, 1.0]], "bev": "bev_42618734136040a6807f70b2d30fa562.png", "aux": "aux_42618734136040a6807f70b2d30fa562.npz", "visibility": "visibility_42618734136040a6807f70b2d30fa562.png", "pose": [[-0.9999999403953552, 0.00040553775033913553, 0.0, 157.33973693847656], [-0.00040553775033913553, -0.9999999403953552, 0.0, 915.958740234375], [0.0, 0.0, 1.0, 0.0], [0.0, 0.0, 0.0, 1.0]], "pose_inverse": [[-0.9999999403953552, -0.00040553775033913553, 0.0, 157.711181640625], [0.00040553775033913553, -0.9999999403953552, 0.0, 915.8948364257812], [0.0, 0.0, 1.0, 0.0], [0.0, 0.0, 0.0, 1.0]], "cam_ids": [0, 1, 2, 3, 4, 5], "cam_channels": ["CAM_FRONT_LEFT", "CAM_FRONT", "CAM_FRONT_RIGHT", "CAM_BACK_LEFT", "CAM_BACK", "CAM_BACK_RIGHT"], "token": "42618734136040a6807f70b2d30fa562", "scene": "scene-0971"}, {"images": ["samples/CAM_FRONT_LEFT/n015-2018-09-25-13-17-43+0800__CAM_FRONT_LEFT__1537853018154844.jpg", "samples/CAM_FRONT/n015-2018-09-25-13-17-43+0800__CAM_FRONT__1537853018162460.jpg", "samples/CAM_FRONT_RIGHT/n015-2018-09-25-13-17-43+0800__CAM_FRONT_RIGHT__1537853018170339.jpg", "samples/CAM_BACK_LEFT/n015-2018-09-25-13-17-43+0800__CAM_BACK_LEFT__1537853018197423.jpg", "samples/CAM_BACK/n015-2018-09-25-13-17-43+0800__CAM_BACK__1537853018187525.jpg", "samples/CAM_BACK_RIGHT/n015-2018-09-25-13-17-43+0800__CAM_BACK_RIGHT__1537853018177893.jpg"], "intrinsics": [[[1272.5979470598488, 0.0, 826.6154927353808], [0.0, 1272.5979470598488, 479.75165386361925], [0.0, 0.0, 1.0]], [[1266.417203046554, 0.0, 816.2670197447984], [0.0, 1266.417203046554, 491.50706579294757], [0.0, 0.0, 1.0]], [[1260.8474446004698, 0.0, 807.968244525554], [0.0, 1260.8474446004698, 495.3344268742088], [0.0, 0.0, 1.0]], [[1256.7414812095406, 0.0, 792.1125740759628], [0.0, 1256.7414812095406, 492.7757465151356], [0.0, 0.0, 1.0]], [[809.2209905677063, 0.0, 829.2196003259838], [0.0, 809.2209905677063, 481.77842384512485], [0.0, 0.0, 1.0]], [[1259.5137405846733, 0.0, 807.2529053838625], [0.0, 1259.5137405846733, 501.19579884916527], [0.0, 0.0, 1.0]]], "extrinsics": [[[0.8292702436447144, -0.5588434338569641, -0.002199783455580473, -0.8255615234375], [0.0009146513184532523, 0.005293513182550669, -0.9999855160713196, 1.508415699005127], [0.5588468909263611, 0.8292562365531921, 0.0049009001813828945, -1.183349609375], [0.0, 0.0, 0.0, 1.0]], [[0.018231555819511414, -0.9998329281806946, -0.0012659322237595916, 0.00592041015625], [-0.004168974235653877, 0.001190112205222249, -0.9999905824661255, 1.5199493169784546], [0.999825119972229, 0.018236694857478142, -0.004146580584347248, -1.551727294921875], [0.0, 0.0, 0.0, 1.0]], [[-0.8273934721946716, -0.561503529548645, -0.011560688726603985, 0.94024658203125], [0.001439075218513608, 0.018464751541614532, -0.9998284578323364, 1.5038261413574219], [0.5616207122802734, -0.8272681832313538, -0.0144695695489645, -1.18780517578125], [0.0, 0.0, 0.0, 1.0]], [[0.9474875926971436, 0.3197297155857086, 0.006342070642858744, -1.1336669921875], [0.010742527432739735, -0.012001272290945053, -0.9998703002929688, 1.588653564453125], [-0.3196121156215668, 0.947432816028595, -0.01480576116591692, -0.106689453125], [0.0, 0.0, 0.0, 1.0]], [[-0.0017087471205741167, 0.999996542930603, -0.001996689708903432, 0.0028076171875], [-0.014828598126769066, -0.00202181120403111, -0.9998880624771118, 1.5786839723587036], [-0.9998885989189148, -0.0016789452638477087, 0.01483200117945671, -0.043544769287109375], [0.0, 0.0, 0.0, 1.0]], [[-0.9373456239700317, 0.3482033908367157, -0.011728351004421711, 1.06011962890625], [0.01753872074186802, 0.01353912241756916, -0.9997544884681702, 1.5528898239135742], [-0.34795916080474854, -0.9373212456703186, -0.01879788190126419, -0.0927734375], [0.0, 0.0, 0.0, 1.0]]], "view": [[0.0, -2.0, 100.0], [-2.0, 0.0, 100.0], [0.0, 0.0, 1.0]], "bev": "bev_95c679992b8043b192c24d9b7c0cadc5.png", "aux": "aux_95c679992b8043b192c24d9b7c0cadc5.npz", "visibility": "visibility_95c679992b8043b192c24d9b7c0cadc5.png", "pose": [[-0.9889909029006958, -0.14797626435756683, 0.0, 155.54429626464844], [0.14797626435756683, -0.9889909029006958, 0.0, 916.0721435546875], [0.0, 0.0, 1.0, 0.0], [0.0, 0.0, 0.0, 1.0]], "pose_inverse": [[-0.9889909029006958, 0.14797626435756683, 0.0, 18.27495765686035], [-0.14797626435756683, -0.9889909029006958, 0.0, 929.00390625], [0.0, 0.0, 1.0, 0.0], [0.0, 0.0, 0.0, 1.0]], "cam_ids": [0, 1, 2, 3, 4, 5], "cam_channels": ["CAM_FRONT_LEFT", "CAM_FRONT", "CAM_FRONT_RIGHT", "CAM_BACK_LEFT", "CAM_BACK", "CAM_BACK_RIGHT"], "token": "95c679992b8043b192c24d9b7c0cadc5", "scene": "scene-0971"}, {"images": ["samples/CAM_FRONT_LEFT/n015-2018-09-25-13-17-43+0800__CAM_FRONT_LEFT__1537853018754844.jpg", "samples/CAM_FRONT/n015-2018-09-25-13-17-43+0800__CAM_FRONT__1537853018762460.jpg", "samples/CAM_FRONT_RIGHT/n015-2018-09-25-13-17-43+0800__CAM_FRONT_RIGHT__1537853018770339.jpg", "samples/CAM_BACK_LEFT/n015-2018-09-25-13-17-43+0800__CAM_BACK_LEFT__1537853018797423.jpg", "samples/CAM_BACK/n015-2018-09-25-13-17-43+0800__CAM_BACK__1537853018787525.jpg", "samples/CAM_BACK_RIGHT/n015-2018-09-25-13-17-43+0800__CAM_BACK_RIGHT__1537853018777893.jpg"], "intrinsics": [[[1272.5979470598488, 0.0, 826.6154927353808], [0.0, 1272.5979470598488, 479.75165386361925], [0.0, 0.0, 1.0]], [[1266.417203046554, 0.0, 816.2670197447984], [0.0, 1266.417203046554, 491.50706579294757], [0.0, 0.0, 1.0]], [[1260.8474446004698, 0.0, 807.968244525554], [0.0, 1260.8474446004698, 495.3344268742088], [0.0, 0.0, 1.0]], [[1256.7414812095406, 0.0, 792.1125740759628], [0.0, 1256.7414812095406, 492.7757465151356], [0.0, 0.0, 1.0]], [[809.2209905677063, 0.0, 829.2196003259838], [0.0, 809.2209905677063, 481.77842384512485], [0.0, 0.0, 1.0]], [[1259.5137405846733, 0.0, 807.2529053838625], [0.0, 1259.5137405846733, 501.19579884916527], [0.0, 0.0, 1.0]]], "extrinsics": [[[0.8304898738861084, -0.5570095181465149, 0.005204757675528526, -0.80596923828125], [0.004523462615907192, -0.002599591389298439, -0.9999863505363464, 1.5091158151626587], [0.5570154190063477, 0.8305019736289978, 0.00036067768814973533, -1.16888427734375], [0.0, 0.0, 0.0, 1.0]], [[0.019892899319529533, -0.999779224395752, 0.00675610126927495, 0.00506591796875], [-0.0010089051211252809, -0.006777509115636349, -0.9999765157699585, 1.520350456237793], [0.9998015761375427, 0.01988561637699604, -0.001143507077358663, -1.5319671630859375], [0.0, 0.0, 0.0, 1.0]], [[-0.8266064524650574, -0.5627045035362244, -0.009233621880412102, 0.9267578125], [0.00407431460916996, 0.010423212312161922, -0.9999373555183411, 1.5041828155517578], [0.5627655386924744, -0.8265923857688904, -0.006323258858174086, -1.17987060546875], [0.0, 0.0, 0.0, 1.0]], [[0.9474139213562012, 0.3199799060821533, 0.00443528825417161, -1.13446044921875], [0.011621917597949505, -0.020553523674607277, -0.9997211694717407, 1.5886344909667969], [-0.319799542427063, 0.9472013711929321, -0.02319147437810898, -0.1055908203125], [0.0, 0.0, 0.0, 1.0]], [[-0.002338897902518511, 0.9999438524246216, -0.010331820696592331, 0.00390625], [-0.013301794417202473, -0.010362043976783752, -0.9998578429222107, 1.5786662101745605], [-0.9999087452888489, -0.002201161812990904, 0.013325284235179424, -0.049163818359375], [0.0, 0.0, 0.0, 1.0]], [[-0.937678337097168, 0.34710803627967834, -0.016588378697633743, 1.049591064453125], [0.019684337079524994, 0.005395015235990286, -0.99979168176651, 1.5532913208007812], [-0.34694623947143555, -0.9378095865249634, -0.011891381815075874, -0.09771728515625], [0.0, 0.0, 0.0, 1.0]]], "view": [[0.0, -2.0, 100.0], [-2.0, 0.0, 100.0], [0.0, 0.0, 1.0]], "bev": "bev_ec55283a7cf346758faf11881b865297.png", "aux": "aux_ec55283a7cf346758faf11881b865297.npz", "visibility": "visibility_ec55283a7cf346758faf11881b865297.png", "pose": [[-0.9341599941253662, -0.3568544089794159, 0.0, 153.2236328125], [0.3568544089794159, -0.9341599941253662, 0.0, 916.66796875], [0.0, 0.0, 1.0, 0.0], [0.0, 0.0, 0.0, 1.0]], "pose_inverse": [[-0.9341599941253662, 0.3568544089794159, 0.0, -183.9816131591797], [-0.3568544089794159, -0.9341599941253662, 0.0, 910.9931030273438], [0.0, 0.0, 1.0, 0.0], [0.0, 0.0, 0.0, 1.0]], "cam_ids": [0, 1, 2, 3, 4, 5], "cam_channels": ["CAM_FRONT_LEFT", "CAM_FRONT", "CAM_FRONT_RIGHT", "CAM_BACK_LEFT", "CAM_BACK", "CAM_BACK_RIGHT"], "token": "ec55283a7cf346758faf11881b865297", "scene": "scene-0971"}, {"images": ["samples/CAM_FRONT_LEFT/n015-2018-09-25-13-17-43+0800__CAM_FRONT_LEFT__1537853019254844.jpg", "samples/CAM_FRONT/n015-2018-09-25-13-17-43+0800__CAM_FRONT__1537853019262460.jpg", "samples/CAM_FRONT_RIGHT/n015-2018-09-25-13-17-43+0800__CAM_FRONT_RIGHT__1537853019270339.jpg", "samples/CAM_BACK_LEFT/n015-2018-09-25-13-17-43+0800__CAM_BACK_LEFT__1537853019297423.jpg", "samples/CAM_BACK/n015-2018-09-25-13-17-43+0800__CAM_BACK__1537853019287525.jpg", "samples/CAM_BACK_RIGHT/n015-2018-09-25-13-17-43+0800__CAM_BACK_RIGHT__1537853019277893.jpg"], "intrinsics": [[[1272.5979470598488, 0.0, 826.6154927353808], [0.0, 1272.5979470598488, 479.75165386361925], [0.0, 0.0, 1.0]], [[1266.417203046554, 0.0, 816.2670197447984], [0.0, 1266.417203046554, 491.50706579294757], [0.0, 0.0, 1.0]], [[1260.8474446004698, 0.0, 807.968244525554], [0.0, 1260.8474446004698, 495.3344268742088], [0.0, 0.0, 1.0]], [[1256.7414812095406, 0.0, 792.1125740759628], [0.0, 1256.7414812095406, 492.7757465151356], [0.0, 0.0, 1.0]], [[809.2209905677063, 0.0, 829.2196003259838], [0.0, 809.2209905677063, 481.77842384512485], [0.0, 0.0, 1.0]], [[1259.5137405846733, 0.0, 807.2529053838625], [0.0, 1259.5137405846733, 501.19579884916527], [0.0, 0.0, 1.0]]], "extrinsics": [[[0.8307466506958008, -0.5566349625587463, -0.0041864169761538506, -0.80059814453125], [0.0034132462460547686, 0.012614376842975616, -0.9999146461486816, 1.5089797973632812], [0.5566402077674866, 0.830661416053772, 0.012379283085465431, -1.16552734375], [0.0, 0.0, 0.0, 1.0]], [[0.020211288705468178, -0.9997578263282776, -0.008709353394806385, 0.00555419921875], [-0.0016308334888890386, 0.008678154088556767, -0.9999610781669617, 1.520289421081543], [0.9997943639755249, 0.020224664360284805, -0.0014550423948094249, -1.52667236328125], [0.0, 0.0, 0.0, 1.0]], [[-0.8265188336372375, -0.5626217722892761, -0.017985418438911438, 0.9235992431640625], [0.00396921020001173, 0.02612503431737423, -0.999650776386261, 1.5042171478271484], [0.5628951191902161, -0.8263015151023865, -0.019359664991497993, -1.1773681640625], [0.0, 0.0, 0.0, 1.0]], [[0.9475156664848328, 0.31950369477272034, 0.011463130824267864, -1.1347846984863281], [0.013477024622261524, -0.00409290287643671, -0.9999008178710938, 1.5886597633361816], [-0.31942516565322876, 0.9475761651992798, -0.0081840492784