[{"images": ["samples/CAM_FRONT_LEFT/n008-2018-08-31-11-19-57-0400__CAM_FRONT_LEFT__1535729508404799.jpg", "samples/CAM_FRONT/n008-2018-08-31-11-19-57-0400__CAM_FRONT__1535729508412404.jpg", "samples/CAM_FRONT_RIGHT/n008-2018-08-31-11-19-57-0400__CAM_FRONT_RIGHT__1535729508420482.jpg", "samples/CAM_BACK_LEFT/n008-2018-08-31-11-19-57-0400__CAM_BACK_LEFT__1535729508447405.jpg", "samples/CAM_BACK/n008-2018-08-31-11-19-57-0400__CAM_BACK__1535729508437558.jpg", "samples/CAM_BACK_RIGHT/n008-2018-08-31-11-19-57-0400__CAM_BACK_RIGHT__1535729508428113.jpg"], "intrinsics": [[[1257.8625342125129, 0.0, 827.2410631095686], [0.0, 1257.8625342125129, 450.915498205774], [0.0, 0.0, 1.0]], [[1252.8131021185304, 0.0, 826.588114781398], [0.0, 1252.8131021185304, 469.9846626224581], [0.0, 0.0, 1.0]], [[1256.7485116440405, 0.0, 817.7887570959712], [0.0, 1256.7485116440403, 451.9541780095127], [0.0, 0.0, 1.0]], [[1254.9860565800168, 0.0, 829.5769333630991], [0.0, 1254.9860565800168, 467.1680561863987], [0.0, 0.0, 1.0]], [[796.8910634503094, 0.0, 857.7774326863696], [0.0, 796.8910634503094, 476.8848988407415], [0.0, 0.0, 1.0]], [[1249.9629280788233, 0.0, 825.3768045375984], [0.0, 1249.9629280788233, 462.54816385708756], [0.0, 0.0, 1.0]]], "extrinsics": [[[0.8231894373893738, -0.5676186084747314, -0.012982867658138275, -0.9107208251953125], [-0.0035025537945330143, 0.01778917945921421, -0.9998356103897095, 1.4878902435302734], [0.5677562355995178, 0.8230994939804077, 0.01265574712306261, -1.2685546875], [0.0, 0.0, 0.0, 1.0]], [[0.011155473999679089, -0.9998456835746765, -0.013574655167758465, 0.0064697265625], [-0.0016464540967717767, 0.013557115569710732, -0.9999067783355713, 1.480010986328125], [0.9999364018440247, 0.011176783591508865, -0.0014949634205549955, -1.6407470703125], [0.0, 0.0, 0.0, 1.0]], [[-0.843697190284729, -0.5367621183395386, -0.007838079705834389, 1.0299072265625], [0.006271766498684883, 0.0047439346089959145, -0.9999690651893616, 1.4935226440429688], [0.5367827415466309, -0.8437203168869019, -0.0006359971594065428, -1.2388916015625], [0.0, 0.0, 0.0, 1.0]], [[0.9478031992912292, 0.3186245560646057, -0.01215340569615364, -1.14404296875], [-0.019265886396169662, 0.0191804226487875, -0.9996303915977478, 1.5620460510253906], [-0.31827375292778015, 0.9476869702339172, 0.024317849427461624, -0.156005859375], [0.0, 0.0, 0.0, 1.0]], [[0.009078136645257473, 0.9998889565467834, 0.011821991764008999, -0.028564453125], [-0.01711086742579937, 0.011976078152656555, -0.9997818470001221, 1.5676147937774658], [-0.9998124837875366, 0.00887387152761221, 0.017217688262462616, 0.01806640625], [0.0, 0.0, 0.0, 1.0]], [[-0.9238978624343872, 0.38255777955055237, 0.007889341562986374, 1.11322021484375], [-0.012874717824161053, -0.010473371483385563, -0.9998622536659241, 1.547149658203125], [-0.38242244720458984, -0.9238722324371338, 0.014601649716496468, -0.0633544921875], [0.0, 0.0, 0.0, 1.0]]], "view": [[0.0, -2.0, 100.0], [-2.0, 0.0, 100.0], [0.0, 0.0, 1.0]], "bev": "bev_95a5b15fedb1432c85de263e32b8cdfd.png", "aux": "aux_95a5b15fedb1432c85de263e32b8cdfd.npz", "visibility": "visibility_95a5b15fedb1432c85de263e32b8cdfd.png", "pose": [[0.9999990463256836, 0.0014020124217495322, 0.0, 1140.478759765625], [-0.0014020124217495322, 0.9999990463256836, 0.0, 1391.1982421875], [0.0, 0.0, 1.0, 0.0], [0.0, 0.0, 0.0, 1.0]], "pose_inverse": [[0.9999990463256836, -0.0014020124217495322, 0.0, -1138.5272216796875], [0.0014020124217495322, 0.9999990463256836, 0.0, -1392.7958984375], [0.0, 0.0, 1.0, 0.0], [0.0, 0.0, 0.0, 1.0]], "cam_ids": [0, 1, 2, 3, 4, 5], "cam_channels": ["CAM_FRONT_LEFT", "CAM_FRONT", "CAM_FRONT_RIGHT", "CAM_BACK_LEFT", "CAM_BACK", "CAM_BACK_RIGHT"], "token": "95a5b15fedb1432c85de263e32b8cdfd", "scene": "scene-0304"}, {"images": ["samples/CAM_FRONT_LEFT/n008-2018-08-31-11-19-57-0400__CAM_FRONT_LEFT__1535729509004799.jpg", "samples/CAM_FRONT/n008-2018-08-31-11-19-57-0400__CAM_FRONT__1535729509012781.jpg", "samples/CAM_FRONT_RIGHT/n008-2018-08-31-11-19-57-0400__CAM_FRONT_RIGHT__1535729509020482.jpg", "samples/CAM_BACK_LEFT/n008-2018-08-31-11-19-57-0400__CAM_BACK_LEFT__1535729509048236.jpg", "samples/CAM_BACK/n008-2018-08-31-11-19-57-0400__CAM_BACK__1535729509037558.jpg", "samples/CAM_BACK_RIGHT/n008-2018-08-31-11-19-57-0400__CAM_BACK_RIGHT__1535729509028113.jpg"], "intrinsics": [[[1257.8625342125129, 0.0, 827.2410631095686], [0.0, 1257.8625342125129, 450.915498205774], [0.0, 0.0, 1.0]], [[1252.8131021185304, 0.0, 826.588114781398], [0.0, 1252.8131021185304, 469.9846626224581], [0.0, 0.0, 1.0]], [[1256.7485116440405, 0.0, 817.7887570959712], [0.0, 1256.7485116440403, 451.9541780095127], [0.0, 0.0, 1.0]], [[1254.9860565800168, 0.0, 829.5769333630991], [0.0, 1254.9860565800168, 467.1680561863987], [0.0, 0.0, 1.0]], [[796.8910634503094, 0.0, 857.7774326863696], [0.0, 796.8910634503094, 476.8848988407415], [0.0, 0.0, 1.0]], [[1249.9629280788233, 0.0, 825.3768045375984], [0.0, 1249.9629280788233, 462.54816385708756], [0.0, 0.0, 1.0]]], "extrinsics": [[[0.8231506943702698, -0.5676990151405334, -0.011868857778608799, -0.8985519409179688], [-0.002172861248254776, 0.017753014340996742, -0.9998400211334229, 1.487997055053711], [0.5678189396858215, 0.8230448365211487, 0.01337987370789051, -1.260986328125], [0.0, 0.0, 0.0, 1.0]], [[0.01109363790601492, -0.9998443722724915, -0.013716325163841248, 0.0072021484375], [-0.0002952961949631572, 0.013713892549276352, -0.9999058842658997, 1.4801273345947266], [0.9999383687973022, 0.011096645146608353, -0.00014311283302959055, -1.6304931640625], [0.0, 0.0, 0.0, 1.0]], [[-0.843701183795929, -0.5367343425750732, -0.009194303303956985, 1.0225830078125], [0.007653826382011175, 0.005098186898976564, -0.9999576807022095, 1.4936885833740234], [0.536758542060852, -0.8437358736991882, -0.00019327507470734417, -1.233642578125], [0.0, 0.0, 0.0, 1.0]], [[0.9478244781494141, 0.3186131715774536, -0.010692356154322624, -1.146728515625], [-0.018030619248747826, 0.020091459155082703, -0.9996355772018433, 1.5620927810668945], [-0.31828227639198303, 0.9476718902587891, 0.02478797174990177, -0.15521240234375], [0.0, 0.0, 0.0, 1.0]], [[0.009062312543392181, 0.9998796582221985, 0.012595352716743946, -0.0286865234375], [-0.01584640145301819, 0.012737886980175972, -0.999793291091919, 1.567597508430481], [-0.9998334050178528, 0.00886085070669651, 0.015959929674863815, 0.01513671875], [0.0, 0.0, 0.0, 1.0]], [[-0.9239089488983154, 0.3825521767139435, 0.006784691475331783, 1.107452392578125], [-0.011458898894488811, -0.00994130689650774, -0.9998849034309387, 1.5471553802490234], [-0.3824406564235687, -0.923880398273468, 0.013568487949669361, -0.0653076171875], [0.0, 0.0, 0.0, 1.0]]], "view": [[0.0, -2.0, 100.0], [-2.0, 0.0, 100.0], [0.0, 0.0, 1.0]], "bev": "bev_f4eefb40bf7148c29ee9427ebcbffeea.png", "aux": "aux_f4eefb40bf7148c29ee9427ebcbffeea.npz", "visibility": "visibility_f4eefb40bf7148c29ee9427ebcbffeea.png", "pose": [[0.999808132648468, 0.019588375464081764, 0.0, 1142.1234130859375], [-0.019588375464081764, 0.999808132648468, 0.0, 1391.1728515625], [0.0, 0.0, 1.0, 0.0], [0.0, 0.0, 0.0, 1.0]], "pose_inverse": [[0.999808132648468, -0.019588375464081764, 0.0, -1114.6534423828125], [0.019588375464081764, 0.999808132648468, 0.0, -1413.2783203125], [0.0, 0.0, 1.0, 0.0], [0.0, 0.0, 0.0, 1.0]], "cam_ids": [0, 1, 2, 3, 4, 5], "cam_channels": ["CAM_FRONT_LEFT", "CAM_FRONT", "CAM_FRONT_RIGHT", "CAM_BACK_LEFT", "CAM_BACK", "CAM_BACK_RIGHT"], "token": "f4eefb40bf7148c29ee9427ebcbffeea", "scene": "scene-0304"}, {"images": ["samples/CAM_FRONT_LEFT/n008-2018-08-31-11-19-57-0400__CAM_FRONT_LEFT__1535729509504799.jpg", "samples/CAM_FRONT/n008-2018-08-31-11-19-57-0400__CAM_FRONT__1535729509512404.jpg", "samples/CAM_FRONT_RIGHT/n008-2018-08-31-11-19-57-0400__CAM_FRONT_RIGHT__1535729509520482.jpg", "samples/CAM_BACK_LEFT/n008-2018-08-31-11-19-57-0400__CAM_BACK_LEFT__1535729509547405.jpg", "samples/CAM_BACK/n008-2018-08-31-11-19-57-0400__CAM_BACK__1535729509537558.jpg", "samples/CAM_BACK_RIGHT/n008-2018-08-31-11-19-57-0400__CAM_BACK_RIGHT__1535729509528113.jpg"], "intrinsics": [[[1257.8625342125129, 0.0, 827.2410631095686], [0.0, 1257.8625342125129, 450.915498205774], [0.0, 0.0, 1.0]], [[1252.8131021185304, 0.0, 826.588114781398], [0.0, 1252.8131021185304, 469.9846626224581], [0.0, 0.0, 1.0]], [[1256.7485116440405, 0.0, 817.7887570959712], [0.0, 1256.7485116440403, 451.9541780095127], [0.0, 0.0, 1.0]], [[1254.9860565800168, 0.0, 829.5769333630991], [0.0, 1254.9860565800168, 467.1680561863987], [0.0, 0.0, 1.0]], [[796.8910634503094, 0.0, 857.7774326863696], [0.0, 796.8910634503094, 476.8848988407415], [0.0, 0.0, 1.0]], [[1249.9629280788233, 0.0, 825.3768045375984], [0.0, 1249.9629280788233, 462.54816385708756], [0.0, 0.0, 1.0]]], "extrinsics": [[[0.823501467704773, -0.5672143697738647, -0.010650327429175377, -0.8906097412109375], [-0.005056912545114756, 0.011433281004428864, -0.9999218583106995, 1.4875917434692383], [0.567291796207428, 0.8234909176826477, 0.0065469699911773205, -1.254638671875], [0.0, 0.0, 0.0, 1.0]], [[0.01164636854082346, -0.9999052882194519, -0.007337620947510004, 0.006591796875], [-0.0032092793844640255, 0.0073007033206522465, -0.9999681711196899, 1.4797978401184082], [0.9999271035194397, 0.01166954729706049, -0.003123948583379388, -1.6202392578125], [0.0, 0.0, 0.0, 1.0]], [[-0.8434757590293884, -0.5371576547622681, -0.0032109932508319616, 1.0159912109375], [0.004701192490756512, -0.001404404523782432, -0.9999879598617554, 1.4934889078140259], [0.5371467471122742, -0.8434807062149048, 0.003709862707182765, -1.22998046875], [0.0, 0.0, 0.0, 1.0]], [[0.947780430316925, 0.3185386061668396, -0.015662025660276413, -1.144775390625], [-0.021053319796919823, 0.013489092700183392, -0.9996873140335083, 1.5620622634887695], [-0.31822773814201355, 0.9478139281272888, 0.01949099265038967, -0.15582275390625], [0.0, 0.0, 0.0, 1.0]], [[0.008922731503844261, 0.9999426603317261, 0.005928944330662489, -0.0284423828125], [-0.018750794231891632, 0.00609545037150383, -0.9998055696487427, 1.5674571990966797], [-0.9997844099998474, 0.008809821680188179, 0.01880410686135292, 0.011962890625], [0.0, 0.0, 0.0, 1.0]], [[-0.9240174293518066, 0.382285475730896, 0.007036866620182991, 1.1016845703125], [-0.014446244575083256, -0.016514910385012627, -0.9997592568397522, 1.5468902587890625], [-0.3820771872997284, -0.9238967299461365, 0.020782655104994774, -0.0679931640625], [0.0, 0.0, 0.0, 1.0]]], "view": [[0.0, -2.0, 100.0], [-2.0, 0.0, 100.0], [0.0, 0.0, 1.0]], "bev": "bev_9262c5f6efb040d59251de05a95f5130.png", "aux": "aux_9262c5f6efb040d59251de05a95f5130.npz", "visibility": "visibility_9262c5f6efb040d59251de05a95f5130.png", "pose": [[0.9993723630905151, 0.035425059497356415, 0.0, 1143.693359375], [-0.035425059497356415, 0.9993723630905151, 0.0, 1391.125732421875], [0.0, 0.0, 1.0, 0.0], [0.0, 0.0, 0.0, 1.0]], "pose_inverse": [[0.9993723630905151, -0.035425059497356415, 0.0, -1093.69482421875], [0.035425059497356415, 0.9993723630905151, 0.0, -1430.7679443359375], [0.0, 0.0, 1.0, 0.0], [0.0, 0.0, 0.0, 1.0]], "cam_ids": [0, 1, 2, 3, 4, 5], "cam_channels": ["CAM_FRONT_LEFT", "CAM_FRONT", "CAM_FRONT_RIGHT", "CAM_BACK_LEFT", "CAM_BACK", "CAM_BACK_RIGHT"], "token": "9262c5f6efb040d59251de05a95f5130", "scene": "scene-0304"}, {"images": ["samples/CAM_FRONT_LEFT/n008-2018-08-31-11-19-57-0400__CAM_FRONT_LEFT__1535729510004799.jpg", "samples/CAM_FRONT/n008-2018-08-31-11-19-57-0400__CAM_FRONT__1535729510012404.jpg", "samples/CAM_FRONT_RIGHT/n008-2018-08-31-11-19-57-0400__CAM_FRONT_RIGHT__1535729510020482.jpg", "samples/CAM_BACK_LEFT/n008-2018-08-31-11-19-57-0400__CAM_BACK_LEFT__1535729510047405.jpg", "samples/CAM_BACK/n008-2018-08-31-11-19-57-0400__CAM_BACK__1535729510037558.jpg", "samples/CAM_BACK_RIGHT/n008-2018-08-31-11-19-57-0400__CAM_BACK_RIGHT__1535729510028113.jpg"], "intrinsics": [[[1257.8625342125129, 0.0, 827.2410631095686], [0.0, 1257.8625342125129, 450.915498205774], [0.0, 0.0, 1.0]], [[1252.8131021185304, 0.0, 826.588114781398], [0.0, 1252.8131021185304, 469.9846626224581], [0.0, 0.0, 1.0]], [[1256.7485116440405, 0.0, 817.7887570959712], [0.0, 1256.7485116440403, 451.9541780095127], [0.0, 0.0, 1.0]], [[1254.9860565800168, 0.0, 829.5769333630991], [0.0, 1254.9860565800168, 467.1680561863987], [0.0, 0.0, 1.0]], [[796.8910634503094, 0.0, 857.7774326863696], [0.0, 796.8910634503094, 476.8848988407415], [0.0, 0.0, 1.0]], [[1249.9629280788233, 0.0, 825.3768045375984], [0.0, 1249.9629280788233, 462.54816385708756], [0.0, 0.0, 1.0]]], "extrinsics": [[[0.8231207132339478, -0.5678378343582153, -0.005702178925275803, -0.8768577575683594], [-0.0017232549143955112, 0.00754363602027297, -0.9999700784683228, 1.488022804260254], [0.5678637623786926, 0.8231059312820435, 0.005230792332440615, -1.2457275390625], [0.0, 0.0, 0.0, 1.0]], [[0.011029461398720741, -0.9999328851699829, -0.0035484982654452324, 0.00732421875], [0.0003512635303195566, 0.0035525884013623, -0.999993622303009, 1.4802088737487793], [0.9999390840530396, 0.01102814543992281, 0.0003904225886799395, -1.6070556640625], [0.0, 0.0, 0.0, 1.0]], [[-0.8437502384185791, -0.5367172956466675, -0.004486740101128817, 1.008056640625], [0.008501066826283932, -0.00500497268512845, -0.9999513626098633, 1.493909478187561], [0.5366687178611755, -0.8437473177909851, 0.008785616606473923, -1.224365234375], [0.0, 0.0, 0.0, 1.0]], [[0.9478347301483154, 0.3185294568538666, -0.012185093946754932, -1.1451416015625], [-0.0164775587618351, 0.01078477967530489, -0.9998060464859009, 1.5620677471160889], [-0.3183363080024719, 0.9478515982627869, 0.015470774844288826, -0.15576171875], [0.0, 0.0, 0.0, 1.0]], [[0.009108619764447212, 0.9999544024467468, 0.002870331984013319, -0.02880859375], [-0.014521097764372826, 0.0030024207662791014, -0.9998900294303894, 1.567549705505371], [-0.9998531341552734, 0.009065934456884861, 0.014547784812748432, 0.00927734375], [0.0, 0.0, 0.0, 1.0]], [[-0.9238708019256592, 0.38269907236099243, 0.002008541254326701, 1.095916748046875], [-0.010435336269438267, -0.01994483731687069, -0.9997466206550598, 1.547088623046875], [-0.3825620114803314, -0.9236577749252319, 0.022420046851038933, -0.0701904296875], [0.0, 0.0, 0.0, 1.0]]], "view": [[0.0, -2.0, 100.0], [-2.0, 0.0, 100.0], [0.0, 0.0, 1.0]], "bev": "bev_8c4423bb09d246b9b4c7c007f8f595ca.png", "aux": "aux_8c4423bb09d246b9b4c7c007f8f595ca.npz", "visibility": "visibility_8c4423bb09d246b9b4c7c007f8f595ca.png", "pose": [[0.9986793398857117, 0.05137705057859421, 0.0, 1145.437255859375], [-0.05137705057859421, 0.9986793398857117, 0.0, 1391.0452880859375], [0.0, 0.0, 1.0, 0.0], [0.0, 0.0, 0.0, 1.0]], "pose_inverse": [[0.9986793398857117, -0.05137705057859421, 0.0, -1072.4566650390625], [0.05137705057859421, 0.9986793398857117, 0.0, -1448.057373046875], [0.0, 0.0, 1.0, 0.0], [0.0, 0.0, 0.0, 1.0]], "cam_ids": [0, 1, 2, 3, 4, 5], "cam_channels": ["CAM_FRONT_LEFT", "CAM_FRONT", "CAM_FRONT_RIGHT", "CAM_BACK_LEFT", "CAM_BACK", "CAM_BACK_RIGHT"], "token": "8c4423bb09d246b9b4c7c007f8f595ca", "scene": "scene-0304"}, {"images": ["samples/CAM_FRONT_LEFT/n008-2018-08-31-11-19-57-0400__CAM_FRONT_LEFT__1535729510604799.jpg", "samples/CAM_FRONT/n008-2018-08-31-11-19-57-0400__CAM_FRONT__1535729510612404.jpg", "samples/CAM_FRONT_RIGHT/n008-2018-08-31-11-19-57-0400__CAM_FRONT_RIGHT__1535729510620482.jpg", "samples/CAM_BACK_LEFT/n008-2018-08-31-11-19-57-0400__CAM_BACK_LEFT__1535729510647405.jpg", "samples/CAM_BACK/n008-2018-08-31-11-19-57-0400__CAM_BACK__1535729510637558.jpg", "samples/CAM_BACK_RIGHT/n008-2018-08-31-11-19-57-0400__CAM_BACK_RIGHT__1535729510628113.jpg"], "intrinsics": [[[1257.8625342125129, 0.0, 827.2410631095686], [0.0, 1257.8625342125129, 450.915498205774], [0.0, 0.0, 1.0]], [[1252.8131021185304, 0.0, 826.588114781398], [0.0, 1252.8131021185304, 469.9846626224581], [0.0, 0.0, 1.0]], [[1256.7485116440405, 0.0, 817.7887570959712], [0.0, 1256.7485116440403, 451.9541780095127], [0.0, 0.0, 1.0]], [[1254.9860565800168, 0.0, 829.5769333630991], [0.0, 1254.9860565800168, 467.1680561863987], [0.0, 0.0, 1.0]], [[796.8910634503094, 0.0, 857.7774326863696], [0.0, 796.8910634503094, 476.8848988407415], [0.0, 0.0, 1.0]], [[1249.9629280788233, 0.0, 825.3768045375984], [0.0, 1249.9629280788233, 462.54816385708756], [0.0, 0.0, 1.0]]], "extrinsics": [[[0.8240801095962524, -0.5664712190628052, 0.0015045921318233013, -0.8626613616943359], [0.006275302730500698, 0.006473095156252384, -0.9999593496322632, 1.4893665313720703], [0.5664384961128235, 0.824056088924408, 0.00888912659138441, -1.2369384765625], [0.0, 0.0, 0.0, 1.0]], [[0.012475298717617989, -0.9999194741249084, -0.0023110967595130205, 0.0081787109375], [0.00867749284952879, 0.0024194519501179457, -0.9999594688415527, 1.4813814163208008], [0.9998844861984253, 0.012454741634428501, 0.008706978522241116, -1.59423828125], [0.0, 0.0, 0.0, 1.0]], [[-0.8430571556091309, -0.5377082824707031, -0.011150148697197437, 1.000732421875], [0.01717737875878811, -0.006198943592607975, -0.9998332262039185, 1.4949183464050293], [0.5375494956970215, -0.8431081771850586, 0.014462483115494251, -1.2193603515625], [0.0, 0.0, 0.0, 1.0]], [[0.9478903412818909, 0.31857380270957947, -0.0037912651896476746, -1.145751953125], [-0.007225801702588797, 0.009599899873137474, -0.999927818775177, 1.562056541442871], [-0.3185144364833832, 0.9478493928909302, 0.011401604861021042, -0.155517578125], [0.0, 0.0, 0.0, 1.0]], [[0.008598490618169308, 0.9999615550041199, 0.0017033640760928392, -0.02880859375], [-0.005580257624387741, 0.0017513843486085534, -0.9999828934669495, 1.5678486824035645], [-0.9999474287033081, 0.008588837459683418, 0.005595102906227112, 0.00634765625], [0.0, 0.0, 0.0, 1.0]], [[-0.9241964221000671, 0.3818601965904236, -0.006606944836676121, 1.09027099609375], [-0.001607590587809682, -0.021188858896493912, -0.9997742176055908, 1.5477066040039062], [-0.3819139301776886, -0.9239770770072937, 0.020196545869112015, -0.0721435546875], [0.0, 0.0, 0.0, 1.0]]], "view": [[0.0, -2.0, 100.0], [-2.0, 0.0, 100.0], [0.0, 0.0, 1.0]], "bev": "bev_bae64d45565d464f89619442943251b3.png", "aux": "aux_bae64d45565d464f89619442943251b3.npz", "visibility": "visibility_bae64d45565d464f89619442943251b3.png", "pose": [[0.9971293210983276, 0.07571706175804138, 0.0, 1147.768798828125], [-0.07571706175804138, 0.9971293210983276, 0.0, 1390.8907470703125], [0.0, 0.0, 1.0, 0.0], [0.0, 0.0, 0.0, 1.0]], "pose_inverse": [[0.9971293210983276, -0.07571706175804138, 0.0, -1039.1597900390625], [0.07571706175804138, 0.9971293210983276, 0.0, -1473.8037109375], [0.0, 0.0, 1.0, 0.0], [0.0, 0.0, 0.0, 1.0]], "cam_ids": [0, 1, 2, 3, 4, 5], "cam_channels": ["CAM_FRONT_LEFT", "CAM_FRONT", "CAM_FRONT_RIGHT", "CAM_BACK_LEFT", "CAM_BACK", "CAM_BACK_RIGHT"], "token": "bae64d45565d464f89619442943251b3", "scene": "scene-0304"}, {"images": ["samples/CAM_FRONT_LEFT/n008-2018-08-31-11-19-57-0400__CAM_FRONT_LEFT__1535729511104799.jpg", "samples/CAM_FRONT/n008-2018-08-31-11-19-57-0400__CAM_FRONT__1535729511112404.jpg", "samples/CAM_FRONT_RIGHT/n008-2018-08-31-11-19-57-0400__CAM_FRONT_RIGHT__1535729511120482.jpg", "samples/CAM_BACK_LEFT/n008-2018-08-31-11-19-57-0400__CAM_BACK_LEFT__1535729511147405.jpg", "samples/CAM_BACK/n008-2018-08-31-11-19-57-0400__CAM_BACK__1535729511137558.jpg", "samples/CAM_BACK_RIGHT/n008-2018-08-31-11-19-57-0400__CAM_BACK_RIGHT__1535729511128113.jpg"], "intrinsics": [[[1257.8625342125129, 0.0, 827.2410631095686], [0.0, 1257.8625342125129, 450.915498205774], [0.0, 0.0, 1.0]], [[1252.8131021185304, 0.0, 826.588114781398], [0.0, 1252.8131021185304, 469.9846626224581], [0.0, 0.0, 1.0]], [[1256.7485116440405, 0.0, 817.7887570959712], [0.0, 1256.7485116440403, 451.9541780095127], [0.0, 0.0, 1.0]], [[1254.9860565800168, 0.0, 829.5769333630991], [0.0, 1254.9860565800168, 467.1680561863987], [0.0, 0.0, 1.0]], [[796.8910634503094, 0.0, 857.7774326863696], [0.0, 796.8910634503094, 476.8848988407415], [0.0, 0.0, 1.0]], [[1249.9629280788233, 0.0, 825.3768045375984], [0.0, 1249.9629280788233, 462.54816385708756], [0.0, 0.0, 1.0]]], "extrinsics": [[[0.8232765793800354, -0.567634105682373, 0.00272114179097116, -0.8445186614990234], [0.014556441456079483, 0.01631946489214897, -0.9997608065605164, 1.491119384765625], [0.5674539804458618, 0.8231192827224731, 0.02169816382229328, -1.223388671875], [0.0, 0.0, 0.0, 1.0]], [[0.0113797876983881, -0.9998628497123718, -0.012036744505167007, 0.00732421875], [0.01637939177453518, 0.01222230214625597, -0.999791145324707, 1.4827690124511719], [0.9998010993003845, 0.011180250905454159, 0.016516229137778282, -1.5755615234375], [0.0, 0.0, 0.0, 1.0]], [[-0.8434256911277771, -0.5367797613143921, -0.02237621881067753, 0.9876708984375], [0.024261245504021645, 0.0035525495186448097, -0.9996992945671082, 1.4960346221923828], [0.5366979241371155, -0.8437150120735168, 0.010026631876826286, -1.21185302734375], [0.0, 0.0, 0.0, 1.0]], [[0.9478766918182373, 0.318610817193985, 0.0041268812492489815, -1.1463623046875], [-0.0019215679494664073, 0.018667174503207207, -0.9998239278793335, 1.5620479583740234], [-0.3186317980289459, 0.9477018117904663, 0.018306411802768707, -0.1552734375], [0.0, 0.0, 0.0, 1.0]], [[0.00887957215309143, 0.9998977780342102, 0.011207273229956627, -0.028564453125], [0.0005074423970654607, 0.01120320800691843, -0.999937117099762, 1.5680837631225586], [-0.9999604821205139, 0.008884686976671219, -0.00040791084757074714, 0.00146484375], [0.0, 0.0, 0.0, 1.0]], [[-0.9238890409469604, 0.38255372643470764, -0.009042193181812763, 1.08074951171875], [0.005022713914513588, -0.0115044005215168, -0.9999212026596069, 1.5482444763183594], [-0.38262754678726196, -0.9238616228103638, 0.008707331493496895, -0.0770263671875], [0.0, 0.0, 0.0, 1.0]]], "view": [[0.0, -2.0, 100.0], [-2.0, 0.0, 100.0], [0.0, 0.0, 1.0]], "bev": "bev_1affc9bf1d554aafafb9e6e16387c4ec.png", "aux": "aux_1affc9bf1d554aafafb9e6e16387c4ec.npz", "visibility": "visibility_1affc9bf1d554aafafb9e6e16387c4ec.png", "pose": [[0.9952120184898376, 0.09773989021778107, 0.0, 1149.873046875], [-0.09773989021778107, 0.9952120184898376, 0.0, 1390.7037353515625], [0.0, 0.0, 1.0, 0.0], [0.0, 0.0, 0.0, 1.0]], "pose_inverse": [[0.9952120184898376, -0.09773989021778107, 0.0, -1008.4402465820312], [0.09773989021778107, 0.9952120184898376, 0.0, -1496.4334716796875], [0.0, 0.0, 1.0, 0.0], [0.0, 0.0, 0.0, 1.0]], "cam_ids": [0, 1, 2, 3, 4, 5], "cam_channels": ["CAM_FRONT_LEFT", "CAM_FRONT", "CAM_FRONT_RIGHT", "CAM_BACK_LEFT", "CAM_BACK", "CAM_BACK_RIGHT"], "token": "1affc9bf1d554aafafb9e6e16387c4ec", "scene": "scene-0304"}, {"images": ["samples/CAM_FRONT_LEFT/n008-2018-08-31-11-19-57-0400__CAM_FRONT_LEFT__1535729511604799.jpg", "samples/CAM_FRONT/n008-2018-08-31-11-19-57-0400__CAM_FRONT__1535729511612404.jpg", "samples/CAM_FRONT_RIGHT/n008-2018-08-31-11-19-57-0400__CAM_FRONT_RIGHT__1535729511620482.jpg", "samples/CAM_BACK_LEFT/n008-2018-08-31-11-19-57-0400__CAM_BACK_LEFT__1535729511647405.jpg", "samples/CAM_BACK/n008-2018-08-31-11-19-57-0400__CAM_BACK__1535729511637558.jpg", "samples/CAM_BACK_RIGHT/n008-2018-08-31-11-19-57-0400__CAM_BACK_RIGHT__1535729511628113.jpg"], "intrinsics": [[[1257.8625342125129, 0.0, 827.2410631095686], [0.0, 1257.8625342125129, 450.915498205774], [0.0, 0.0, 1.0]], [[1252.8131021185304, 0.0, 826.588114781398], [0.0, 1252.8131021185304, 469.9846626224581], [0.0, 0.0, 1.0]], [[1256.7485116440405, 0.0, 817.7887570959712], [0.0, 1256.7485116440403, 451.9541780095127], [0.0, 0.0, 1.0]], [[1254.9860565800168, 0.0, 829.5769333630991], [0.0, 1254.9860565800168, 467.1680561863987], [0.0, 0.0, 1.0]], [[796.8910634503094, 0.0, 857.7774326863696], [0.0, 796.8910634503094, 476.8848988407415], [0.0, 0.0, 1.0]], [[1249.9629280788233, 0.0, 825.3768045375984], [0.0, 1249.9629280788233, 462.54816385708756], [0.0, 0.0, 1.0]]], "extrinsics": [[[0.8238176107406616, -0.5667993426322937, -0.00794860627502203, -0.8295707702636719], [0.0070747570134699345, 0.02430202066898346, -0.9996796250343323, 1.4897918701171875], [0.5668109655380249, 0.8234975337982178, 0.024030398577451706, -1.2127685546875], [0.0, 0.0, 0.0, 1.0]], [[0.01206408254802227, -0.9997212290763855, -0.020296931266784668, 0.007568359375], [0.009022181853652, 0.020406413823366165, -0.999751091003418, 1.4817352294921875], [0.9998865127563477, 0.011877937242388725, 0.009265851229429245, -1.56024169921875], [0.0, 0.0, 0.0, 1.0]], [[-0.8432568311691284, -0.5371087193489075, -0.02079189009964466, 0.977783203125], [0.01703803613781929, 0.011952790431678295, -0.9997833967208862, 1.4953498840332031], [0.5372408628463745, -0.8434284329414368, -0.0009279943187721074, -1.20574951171875], [0.0, 0.0, 0.0, 1.0]], [[0.9478906393051147, 0.3185953199863434, 0.0006912311655469239, -1.1470947265625], [-0.008472193032503128, 0.027375353500247, -0.9995893239974976, 1.5620746612548828], [-0.3184834122657776, 0.9474954605102539, 0.02864804118871689, -0.155029296875], [0.0, 0.0, 0.0, 1.0]], [[0.008767979219555855, 0.9997663497924805, 0.01975775696337223, -0.0284423828125], [-0.006343724671751261, 0.01981372945010662, -0.9997835755348206, 1.5677661895751953], [-0.9999414682388306, 0.008640754967927933, 0.006515969056636095, -0.00250244140625], [0.0, 0.0, 0.0, 1.0]], [[-0.9240802526473999, 0.38219761848449707, 0.0008011180907487869, 1.07275390625], [-0.002098863245919347, -0.002978578908368945, -0.9999933242797852, 1.5476102828979492], [-0.3821926712989807, -0.9240758419036865, 0.0035546261351555586, -0.0802001953125], [0.0, 0.0, 0.0, 1.0]]], "view": [[0.0, -2.0, 100.0], [-2.0, 0.0, 100.0], [0.0, 0.0, 1.0]], "bev": "bev_2619e2b61c1243dcb7887a5d746b592a.png", "aux": "aux_2619e2b61c1243dcb7887a5d746b592a.npz", "visibility": "visibility_2619e2b61c1243dcb7887a5d746b592a.png", "pose": [[0.9924045205116272, 0.1230175644159317, 0.0, 1152.2431640625], [-0.1230175644159317, 0.9924045205116272, 0.0, 1390.42724609375], [0.0, 0.0, 1.0, 0.0], [0.0, 0.0, 0.0, 1.0]], "pose_inverse": [[0.9924045205116272, -0.1230175644159317, 0.0, -972.4443359375], [0.1230175644159317, 0.9924045205116272, 0.0, -1521.6124267578125], [0.0, 0.0, 1.0, 0.0], [0.0, 0.0, 0.0, 1.0]], "cam_ids": [0, 1, 2, 3, 4, 5], "cam_channels": ["CAM_FRONT_LEFT", "CAM_FRONT", "CAM_FRONT_RIGHT", "CAM_BACK_LEFT", "CAM_BACK", "CAM_BACK_RIGHT"], "token": "2619e2b61c1243dcb7887a5d746b592a", "scene": "scene-0304"}, {"images": ["samples/CAM_FRONT_LEFT/n008-2018-08-31-11-19-57-0400__CAM_FRONT_LEFT__1535729512104799.jpg", "samples/CAM_FRONT/n008-2018-08-31-11-19-57-0400__CAM_FRONT__1535729512112404.jpg", "samples/CAM_FRONT_RIGHT/n008-2018-08-31-11-19-57-0400__CAM_FRONT_RIGHT__1535729512120482.jpg", "samples/CAM_BACK_LEFT/n008-2018-08-31-11-19-57-0400__CAM_BACK_LEFT__1535729512147405.jpg", "samples/CAM_BACK/n008-2018-08-31-11-19-57-0400__CAM_BACK__1535729512137558.jpg", "samples/CAM_BACK_RIGHT/n008-2018-08-31-11-19-57-0400__CAM_BACK_RIGHT__1535729512128113.jpg"], "intrinsics": [[[1257.8625342125129, 0.0, 827.2410631095686], [0.0, 1257.8625342125129, 450.915498205774], [0.0, 0.0, 1.0]], [[1252.8131021185304, 0.0, 826.588114781398], [0.0, 1252.8131021185304, 469.9846626224581], [0.0, 0.0, 1.0]], [[1256.7485116440405, 0.0, 817.7887570959712], [0.0, 1256.7485116440403, 451.9541780095127], [0.0, 0.0, 1.0]], [[1254.9860565800168, 0.0, 829.5769333630991], [0.0, 1254.9860565800168, 467.1680561863987], [0.0, 0.0, 1.0]], [[796.8910634503094, 0.0, 857.7774326863696], [0.0, 796.8910634503094, 476.8848988407415], [0.0, 0.0, 1.0]], [[1249.9629280788233, 0.0, 825.3768045375984], [0.0, 1249.9629280788233, 462.54816385708756], [0.0, 0.0, 1.0]]], "extrinsics": [[[0.8237694501876831, -0.5668700933456421, -0.007885471917688847, -0.8143768310546875], [0.004875181242823601, 0.020991874858736992, -0.9997677206993103, 1.4894027709960938], [0.5669040083885193, 0.823539674282074, 0.02005605958402157, -1.2032470703125], [0.0, 0.0, 0.0, 1.0]], [[0.01204015128314495, -0.999783456325531, -0.016971414908766747, 0.0084228515625], [0.0068779983557760715, 0.017055049538612366, -0.9998309016227722, 1.4814624786376953], [0.9999039173126221, 0.011921406723558903, 0.007081854157149792, -1.54473876953125], [0.0, 0.0, 0.0, 1.0]], [[-0.8432454466819763, -0.537253201007843, -0.01721036247909069, 0.9674072265625], [0.014953706413507462, 0.008558652363717556, -0.9998515844345093, 1.495260238647461], [0.5373207330703735, -0.8433776497840881, 0.000816880667116493, -1.1981201171875], [0.0, 0.0, 0.0, 1.0]], [[0.9478635191917419, 0.3186699450016022, -0.002086155815050006, -1.1405029296875], [-0.010315650142729282, 0.024139055982232094, -0.9996554255485535, 1.5620040893554688], [-0.3185097873210907, 0.9475583434104919, 0.026167817413806915, -0.1573486328125], [0.0, 0.0, 0.0, 1.0]], [[0.008688143454492092, 0.9998272061347961, 0.016433149576187134, -0.0289306640625], [-0.008349109441041946, 0.016505727544426918, -0.9998288750648499, 1.5675888061523438], [-0.9999274611473083, 0.008549431338906288, 0.008491070941090584, -0.01153564453125], [0.0, 0.0, 0.0, 1.0]], [[-0.9241346120834351, 0.38206470012664795, 0.001356505206786096, 1.062835693359375], [-0.004107147455215454, -0.006383973173797131, -0.9999712109565735, 1.5473833084106445], [-0.3820450007915497, -0.9241135716438293, 0.0074688466265797615, -0.083251953125], [0.0, 0.0, 0.0, 1.0]]], "view": [[0.0, -2.0, 100.0], [-2.0, 0.0, 100.0], [0.0, 0.0, 1.0]], "bev": "bev_bb67cee29cdb4d64bd82d3ed67a30a3c.png", "aux": "aux_bb67cee29cdb4d64bd82d3ed67a30a3c.npz", "visibility": "visibility_bb67cee29cdb4d64bd82d3ed67a30a3c.png", "pose": [[0.9891983270645142, 0.14658351242542267, 0.0, 1154.7750244140625], [-0.14658351242542267, 0.9891983270645142, 0.0, 1390.07275390625], [0.0, 0.0, 1.0, 0.0], [0.0, 0.0, 0.0, 1.0]], "pose_inverse": [[0.9891983270645142, -0.14658351242542267, 0.0, -938.5397338867188], [0.14658351242542267, 0.9891983270645142, 0.0, -1544.32861328125], [0.0, 0.0, 1.0, 0.0], [0.0, 0.0, 0.0, 1.0]], "cam_ids": [0, 1, 2, 3, 4, 5], "cam_channels": ["CAM_FRONT_LEFT", "CAM_FRONT", "CAM_FRONT_RIGHT", "CAM_BACK_LEFT", "CAM_BACK", "CAM_BACK_RIGHT"], "token": "bb67cee29cdb4d64bd82d3ed67a30a3c", "scene": "scene-0304"}, {"images": ["samples/CAM_FRONT_LEFT/n008-2018-08-31-11-19-57-0400__CAM_FRONT_LEFT__1535729512604799.jpg", "samples/CAM_FRONT/n008-2018-08-31-11-19-57-0400__CAM_FRONT__1535729512612404.jpg", "samples/CAM_FRONT_RIGHT/n008-2018-08-31-11-19-57-0400__CAM_FRONT_RIGHT__1535729512620482.jpg", "samples/CAM_BACK_LEFT/n008-2018-08-31-11-19-57-0400__CAM_BACK_LEFT__1535729512647405.jpg", "samples/CAM_BACK/n008-2018-08-31-11-19-57-0400__CAM_BACK__1535729512637558.jpg", "samples/CAM_BACK_RIGHT/n008-2018-08-31-11-19-57-0400__CAM_BACK_RIGHT__1535729512628113.jpg"], "intrinsics": [[[1257.8625342125129, 0.0, 827.2410631095686], [0.0, 1257.8625342125129, 450.915498205774], [0.0, 0.0, 1.0]], [[1252.8131021185304, 0.0, 826.588114781398], [0.0, 1252.8131021185304, 469.9846626224581], [0.0, 0.0, 1.0]], [[1256.7485116440405, 0.0, 817.7887570959712], [0.0, 1256.7485116440403, 451.9541780095127], [0.0, 0.0, 1.0]], [[1254.9860565800168, 0.0, 829.5769333630991], [0.0, 1254.9860565800168, 467.1680561863987], [0.0, 0.0, 1.0]], [[796.8910634503094, 0.0, 857.7774326863696], [0.0, 796.8910634503094, 476.8848988407415], [0.0, 0.0, 1.0]], [[1249.9629280788233, 0.0, 825.3768045375984], [0.0, 1249.9629280788233, 462.54816385708756], [0.0, 0.0, 1.0]]], "extrinsics": [[[0.8235564827919006, -0.5672324299812317, -0.001473371870815754, -0.7884674072265625], [0.007933946326375008, 0.014116315171122551, -0.9998688697814941, 1.490365982055664], [0.5671788454055786, 0.8234367966651917, 0.01612597331404686, -1.1851806640625], [0.0, 0.0, 0.0, 1.0]], [[0.011737844906747341, -0.9998838305473328, -0.009726165793836117, 0.0086669921875], [0.009956642985343933, 0.009843225590884686, -0.9999020099639893, 1.4823150634765625], [0.9998814463615417, 0.011639822274446487, 0.010071025229990482, -1.51800537109375], [0.0, 0.0, 0.0, 1.0]], [[-0.8433464765548706, -0.5371391773223877, -0.015758013352751732, 0.94921875], [0.018052315339446068, 0.0009887239430099726, -0.9998365640640259, 1.4961051940917969], [0.5370669960975647, -0.8434930443763733, 0.008862769231200218, -1.18695068359375], [0.0, 0.0, 0.0, 1.0]], [[0.9478716254234314, 0.3186461627483368, -0.0019930927082896233, -1.1395263671875], [-0.007365041878074408, 0.015654729679226875, -0.999850332736969, 1.5620079040527344], [-0.31856730580329895, 0.9477444291114807, 0.017185518518090248, -0.157470703125], [0.0, 0.0, 0.0, 1.0]], [[0.008763812482357025, 0.999927818775177, 0.008212023414671421, -0.028564453125], [-0.005217758938670158, 0.008257954381406307, -0.9999522566795349, 1.5677237510681152], [-0.9999480247497559, 0.008720523677766323, 0.005289754364639521, -0.020263671875], [0.0, 0.0, 0.0, 1.0]], [[-0.9240455031394958, 0.38225507736206055, -0.004579940345138311, 1.048004150390625], [-0.0009446350741200149, -0.014263663440942764, -0.999897837638855, 1.5477008819580078], [-0.3822813034057617, -0.923946738243103, 0.013541366904973984, -0.08984375], [0.0, 0.0, 0.0, 1.0]]], "view": [[0.0, -2.0, 100.0], [-2.0, 0.0, 100.0], [0.0, 0.0, 1.0]], "bev": "bev_c76bf158abdb4dc189638184b51e0fcc.png", "aux": "aux_c76bf158abdb4dc189638184b51e0fcc.npz", "visibility": "visibility_c76bf158abdb4dc189638184b51e0fcc.png", "pose": [[0.9852089285850525, 0.17135734856128693, 0.0, 1157.5751953125], [-0.17135734856128693, 0.9852089285850525, 0.0, 1389.60986328125], [0.0, 0.0, 1.0, 0.0], [0.0, 0.0, 0.0, 1.0]], "pose_inverse": [[0.9852089285850525, -0.17135734856128693, 0.0, -902.3335571289062], [0.17135734856128693, 0.9852089285850525, 0.0, -1567.4150390625], [0.0, 0.0, 1.0, 0.0], [0.0, 0.0, 0.0, 1.0]], "cam_ids": [0, 1, 2, 3, 4, 5], "cam_channels": ["CAM_FRONT_LEFT", "CAM_FRONT", "CAM_FRONT_RIGHT", "CAM_BACK_LEFT", "CAM_BACK", "CAM_BACK_RIGHT"], "token": "c76bf158abdb4dc189638184b51e0fcc", "scene": "scene-0304"}, {"images": ["samples/CAM_FRONT_LEFT/n008-2018-08-31-11-19-57-0400__CAM_FRONT_LEFT__1535729513104799.jpg", "samples/CAM_FRONT/n008-2018-08-31-11-19-57-0400__CAM_FRONT__1535729513112404.jpg", "samples/CAM_FRONT_RIGHT/n008-2018-08-31-11-19-57-0400__CAM_FRONT_RIGHT__1535729513120482.jpg", "samples/CAM_BACK_LEFT/n008-2018-08-31-11-19-57-0400__CAM_BACK_LEFT__1535729513147405.jpg", "samples/CAM_BACK/n008-2018-08-31-11-19-57-0400__CAM_BACK__1535729513137558.jpg", "samples/CAM_BACK_RIGHT/n008-2018-08-31-11-19-57-0400__CAM_BACK_RIGHT__1535729513128113.jpg"], "intrinsics": [[[1257.8625342125129, 0.0, 827.2410631095686], [0.0, 1257.8625342125129, 450.915498205774], [0.0, 0.0, 1.0]], [[1252.8131021185304, 0.0, 826.588114781398], [0.0, 1252.8131021185304, 469.9846626224581], [0.0, 0.0, 1.0]], [[1256.7485116440405, 0.0, 817.7887570959712], [0.0, 1256.7485116440403, 451.9541780095127], [0.0, 0.0, 1.0]], [[1254.9860565800168, 0.0, 829.5769333630991], [0.0, 1254.9860565800168, 467.1680561863987], [0.0, 0.0, 1.0]], [[796.8910634503094, 0.0, 857.7774326863696], [0.0, 796.8910634503094, 476.8848988407415], [0.0, 0.0, 1.0]], [[1249.9629280788233, 0.0, 825.3768045375984], [0.0, 1249.9629280788233, 462.54816385708756], [0.0, 0.0, 1.0]]], "extrinsics": [[[0.8241569995880127, -0.5663605332374573, 0.0010686763562262058, -0.7716064453125], [0.009018228389322758, 0.011236430145800114, -0.999896228313446, 1.4908008575439453], [0.5662897229194641, 0.8240811228752136, 0.014368150383234024, -1.1761474609375], [0.0, 0.0, 0.0, 1.0]], [[0.012671477161347866, -0.9998956322669983, -0.0069426619447767735, 0.0106201171875], [0.011418405920267105, 0.0070874630473554134, -0.9999096989631653, 1.4828033447265625], [0.9998545050621033, 0.012591068632900715, 0.011507024057209492, -1.50213623046875], [0.0, 0.0, 0.0, 1.0]], [[-0.8429003357887268, -0.5378344655036926, -0.01591389998793602, 0.9393310546875], [0.01991703175008297, -0.001631261082366109, -0.9998003244400024, 1.4966764450073242], [0.5377010703086853, -0.8430489897727966, 0.012087054550647736, -1.17877197265625], [0.0, 0.0, 0.0, 1.0]], [[0.9478515982627869, 0.3187117576599121, 0.00040103986975736916, -1.1368408203125], [-0.004005218856036663, 0.013169750571250916, -0.9999052286148071, 1.5620126724243164], [-0.3186868727207184, 0.9477602243423462, 0.01375947892665863, -0.1585693359375], [0.0, 0.0, 0.0, 1.0]], [[0.008398146368563175, 0.9999479651451111, 0.005791114643216133, -0.0291748046875], [-0.0025130363646894693, 0.005812406539916992, -0.9999799132347107, 1.567878246307373], [-0.9999616146087646, 0.008383434265851974, 0.0025617186911404133, -0.02667236328125], [0.0, 0.0, 0.0, 1.0]], [[-0.9242686033248901, 0.38166919350624084, -0.007495072670280933, 1.0381927490234375], [0.0011786756804212928, -0.01678050123155117, -0.9998584985733032, 1.5479965209960938], [-0.38174089789390564, -0.9241467118263245, 0.015059825964272022, -0.092529296875], [0.0, 0.0, 0.0, 1.0]]], "view": [[0.0, -2.0, 100.0], [-2.0, 0.0, 100.0], [0.0, 0.0, 1.0]], "bev": "bev_4b9404de003f4e6ba2100659bbaaee3f.png", "aux": "aux_4b9404de003f4e6ba2100659bbaaee3f.npz", "visibility": "visibility_4b9404de003f4e6ba2100659bbaaee3f.png", "pose": [[0.9796719551086426, 0.20060637593269348, 0.0, 1160.6402587890625], [-0.20060637593269348, 0.9796719551086426, 0.0, 1389.0135498046875], [0.0, 0.0, 1.0, 0.0], [0.0, 0.0, 0.0, 1.0]], "pose_inverse": [[0.9796719551086426, -0.20060637593269348, 0.0, -858.4017333984375], [0.20060637593269348, 0.9796719551086426, 0.0, -1593.609375], [0.0, 0.0, 1.0, 0.0], [0.0, 0.0, 0.0, 1.0]], "cam_ids": [0, 1, 2, 3, 4, 5], "cam_channels": ["CAM_FRONT_LEFT", "CAM_FRONT", "CAM_FRONT_RIGHT", "CAM_BACK_LEFT", "CAM_BACK", "CAM_BACK_RIGHT"], "token": "4b9404de003f4e6ba2100659bbaaee3f", "scene": "scene-0304"}, {"images": ["samples/CAM_FRONT_LEFT/n008-2018-08-31-11-19-57-0400__CAM_FRONT_LEFT__1535729513604799.jpg", "samples/CAM_FRONT/n008-2018-08-31-11-19-57-0400__CAM_FRONT__1535729513612404.jpg", "samples/CAM_FRONT_RIGHT/n008-2018-08-31-11-19-57-0400__CAM_FRONT_RIGHT__1535729513620482.jpg", "samples/CAM_BACK_LEFT/n008-2018-08-31-11-19-57-0400__CAM_BACK_LEFT__1535729513647405.jpg", "samples/CAM_BACK/n008-2018-08-31-11-19-57-0400__CAM_BACK__1535729513637558.jpg", "samples/CAM_BACK_RIGHT/n008-2018-08-31-11-19-57-0400__CAM_BACK_RIGHT__1535729513628117.jpg"], "intrinsics": [[[1257.8625342125129, 0.0, 827.2410631095686], [0.0, 1257.8625342125129, 450.915498205774], [0.0, 0.0, 1.0]], [[1252.8131021185304, 0.0, 826.588114781398], [0.0, 1252.8131021185304, 469.9846626224581], [0.0, 0.0, 1.0]], [[1256.7485116440405, 0.0, 817.7887570959712], [0.0, 1256.7485116440403, 451.9541780095127], [0.0, 0.0, 1.0]], [[1254.9860565800168, 0.0, 829.5769333630991], [0.0, 1254.9860565800168, 467.1680561863987], [0.0, 0.0, 1.0]], [[796.8910634503094, 0.0, 857.7774326863696], [0.0, 796.8910634503094, 476.8848988407415], [0.0, 0.0, 1.0]], [[1249.9629280788233, 0.0, 825.3768045375984], [0.0, 1249.9629280788233, 462.54816385708756], [0.0, 0.0, 1.0]]], "extrinsics": [[[0.824030339717865, -0.5664840340614319, 0.008359921164810658, -0.752288818359375], [0.018283661454916, 0.011842089705169201, -0.9997627139091492, 1.4939537048339844], [0.5662506222724915, 0.823987603187561, 0.020115643739700317, -1.1572265625], [0.0, 0.0, 0.0, 1.0]], [[0.012600362300872803, -0.9998922348022461, -0.007525154389441013, 0.0072021484375], [0.019962769001722336, 0.007775802630931139, -0.9997705221176147, 1.485269546508789], [0.9997212886810303, 0.012447274290025234, 0.02005859464406967, -1.4794921875], [0.0, 0.0, 0.0, 1.0]], [[-0.8428164124488831, -0.5377141833305359, -0.02288985624909401, 0.9224853515625], [0.02769402414560318, -0.000855310179758817, -0.9996160268783569, 1.4985771179199219], [0.5374881625175476, -0.8431267738342285, 0.015612338669598103, -1.171630859375], [0.0, 0.0, 0.0, 1.0]], [[0.9478164911270142, 0.3187572956085205, 0.006135081872344017, -1.13330078125], [0.0016673512291163206, 0.01428705733269453, -0.9998965263366699, 1.5620613098144531], [-0.3188120126724243, 0.9477287530899048, 0.013010029681026936, -0.15966796875], [0.0, 0.0, 0.0, 1.0]], [[0.008382980711758137, 0.9999416470527649, 0.006822074763476849, -0.0277099609375], [0.003958997316658497, 0.00678