[{"images": ["samples/CAM_FRONT_LEFT/n008-2018-07-27-12-07-38-0400__CAM_FRONT_LEFT__1532708226004799.jpg", "samples/CAM_FRONT/n008-2018-07-27-12-07-38-0400__CAM_FRONT__1532708226012404.jpg", "samples/CAM_FRONT_RIGHT/n008-2018-07-27-12-07-38-0400__CAM_FRONT_RIGHT__1532708226020482.jpg", "samples/CAM_BACK_LEFT/n008-2018-07-27-12-07-38-0400__CAM_BACK_LEFT__1532708226047405.jpg", "samples/CAM_BACK/n008-2018-07-27-12-07-38-0400__CAM_BACK__1532708226037558.jpg", "samples/CAM_BACK_RIGHT/n008-2018-07-27-12-07-38-0400__CAM_BACK_RIGHT__1532708226028113.jpg"], "intrinsics": [[[1257.8625342125129, 0.0, 827.2410631095686], [0.0, 1257.8625342125129, 450.915498205774], [0.0, 0.0, 1.0]], [[1252.8131021185304, 0.0, 826.588114781398], [0.0, 1252.8131021185304, 469.9846626224581], [0.0, 0.0, 1.0]], [[1256.7485116440405, 0.0, 817.7887570959712], [0.0, 1256.7485116440403, 451.9541780095127], [0.0, 0.0, 1.0]], [[1254.9860565800168, 0.0, 829.5769333630991], [0.0, 1254.9860565800168, 467.1680561863987], [0.0, 0.0, 1.0]], [[796.8910634503094, 0.0, 857.7774326863696], [0.0, 796.8910634503094, 476.8848988407415], [0.0, 0.0, 1.0]], [[1249.9629280788233, 0.0, 825.3768045375984], [0.0, 1249.9629280788233, 462.54816385708756], [0.0, 0.0, 1.0]]], "extrinsics": [[[0.8227205872535706, -0.5684434771537781, -0.0017450159648433328, -0.9361572265625], [0.01304211001843214, 0.021944938227534294, -0.9996740818023682, 1.4893722534179688], [0.5682965517044067, 0.8224296569824219, 0.0254682507365942, -1.2864990234375], [0.0, 0.0, 0.0, 1.0]], [[0.010575784370303154, -0.9997881650924683, -0.01765337958931923, 0.0064697265625], [0.015012887306511402, 0.017811134457588196, -0.9997286200523376, 1.4811897277832031], [0.9998313784599304, 0.010307864286005497, 0.015198074281215668, -1.6658954620361328], [0.0, 0.0, 0.0, 1.0]], [[-0.8437573313713074, -0.5361728072166443, -0.024335863068699837, 1.045654296875], [0.02305109240114689, 0.00909942016005516, -0.9996928572654724, 1.4943017959594727], [0.5362296104431152, -0.8440592288970947, 0.004681666847318411, -1.24853515625], [0.0, 0.0, 0.0, 1.0]], [[0.9478404521942139, 0.31869667768478394, 0.005550967995077372, -1.139678955078125], [-0.002322229789569974, 0.024319088086485863, -0.9997014999389648, 1.5620307922363281], [-0.31873664259910583, 0.9475446939468384, 0.02379070222377777, -0.1575927734375], [0.0, 0.0, 0.0, 1.0]], [[0.009030178189277649, 0.9998189210891724, 0.016749577596783638, -0.02880859375], [-0.00021160706819500774, 0.016752170398831367, -0.999859631061554, 1.56805419921875], [-0.9999591708183289, 0.00902529712766409, 0.00036284365341998637, 0.02254486083984375], [0.0, 0.0, 0.0, 1.0]], [[-0.9237561821937561, 0.3829346001148224, -0.00597518403083086, 1.1246337890625], [0.003992351703345776, -0.005972484592348337, -0.9999741911888123, 1.5479679107666016], [-0.38296037912368774, -0.9237561821937561, 0.003988310694694519, -0.0582275390625], [0.0, 0.0, 0.0, 1.0]]], "view": [[0.0, -2.0, 100.0], [-2.0, 0.0, 100.0], [0.0, 0.0, 1.0]], "bev": "bev_b51690510fe548268a42eb2df0b782b4.png", "aux": "aux_b51690510fe548268a42eb2df0b782b4.npz", "visibility": "visibility_b51690510fe548268a42eb2df0b782b4.png", "pose": [[-0.8470187187194824, -0.5315630435943604, 0.0, 811.2105712890625], [0.5315630435943604, -0.8470187187194824, 0.0, 1377.9173583984375], [0.0, 0.0, 1.0, 0.0], [0.0, 0.0, 0.0, 1.0]], "pose_inverse": [[-0.8470187187194824, 0.5315630435943604, 0.0, -45.33942413330078], [-0.5315630435943604, -0.8470187187194824, 0.0, 1598.3314208984375], [0.0, 0.0, 1.0, 0.0], [0.0, 0.0, 0.0, 1.0]], "cam_ids": [0, 1, 2, 3, 4, 5], "cam_channels": ["CAM_FRONT_LEFT", "CAM_FRONT", "CAM_FRONT_RIGHT", "CAM_BACK_LEFT", "CAM_BACK", "CAM_BACK_RIGHT"], "token": "b51690510fe548268a42eb2df0b782b4", "scene": "scene-0231"}, {"images": ["samples/CAM_FRONT_LEFT/n008-2018-07-27-12-07-38-0400__CAM_FRONT_LEFT__1532708226504799.jpg", "samples/CAM_FRONT/n008-2018-07-27-12-07-38-0400__CAM_FRONT__1532708226512404.jpg", "samples/CAM_FRONT_RIGHT/n008-2018-07-27-12-07-38-0400__CAM_FRONT_RIGHT__1532708226520482.jpg", "samples/CAM_BACK_LEFT/n008-2018-07-27-12-07-38-0400__CAM_BACK_LEFT__1532708226547405.jpg", "samples/CAM_BACK/n008-2018-07-27-12-07-38-0400__CAM_BACK__1532708226537558.jpg", "samples/CAM_BACK_RIGHT/n008-2018-07-27-12-07-38-0400__CAM_BACK_RIGHT__1532708226528113.jpg"], "intrinsics": [[[1257.8625342125129, 0.0, 827.2410631095686], [0.0, 1257.8625342125129, 450.915498205774], [0.0, 0.0, 1.0]], [[1252.8131021185304, 0.0, 826.588114781398], [0.0, 1252.8131021185304, 469.9846626224581], [0.0, 0.0, 1.0]], [[1256.7485116440405, 0.0, 817.7887570959712], [0.0, 1256.7485116440403, 451.9541780095127], [0.0, 0.0, 1.0]], [[1254.9860565800168, 0.0, 829.5769333630991], [0.0, 1254.9860565800168, 467.1680561863987], [0.0, 0.0, 1.0]], [[796.8910634503094, 0.0, 857.7774326863696], [0.0, 796.8910634503094, 476.8848988407415], [0.0, 0.0, 1.0]], [[1249.9629280788233, 0.0, 825.3768045375984], [0.0, 1249.9629280788233, 462.54816385708756], [0.0, 0.0, 1.0]]], "extrinsics": [[[0.8224719166755676, -0.5687995553016663, -0.002665469190105796, -0.9317626953125], [0.012942008674144745, 0.023398321121931076, -0.9996424317359924, 1.4894218444824219], [0.5686585307121277, 0.8221433162689209, 0.026605868712067604, -1.28369140625], [0.0, 0.0, 0.0, 1.0]], [[0.010223488323390484, -0.9997652769088745, -0.019105013459920883, 0.0069580078125], [0.014743640087544918, 0.019254647195339203, -0.9997059106826782, 1.4812278747558594], [0.9998390078544617, 0.009938801638782024, 0.014937026426196098, -1.6615791320800781], [0.0, 0.0, 0.0, 1.0]], [[-0.8439127206802368, -0.5359103083610535, -0.02472543716430664, 1.04290771484375], [0.022602079436182976, 0.01053080428391695, -0.9996890425682068, 1.494349479675293], [0.5360041260719299, -0.8442091941833496, 0.003225607331842184, -1.246826171875], [0.0, 0.0, 0.0, 1.0]], [[0.947864294052124, 0.31863921880722046, 0.004743623081594706, -1.1402587890625], [-0.0035895654000341892, 0.02556014060974121, -0.9996668100357056, 1.5620269775390625], [-0.31865429878234863, 0.9475314021110535, 0.02537132054567337, -0.1573486328125], [0.0, 0.0, 0.0, 1.0]], [[0.00916534848511219, 0.9997943639755249, 0.01809028349816799, -0.02880859375], [-0.0011129826307296753, 0.01810123212635517, -0.9998355507850647, 1.568033218383789], [-0.9999574422836304, 0.009143724106252193, 0.0012786571169272065, 0.02146148681640625], [0.0, 0.0, 0.0, 1.0]], [[-0.9236845374107361, 0.38312309980392456, -0.004855627194046974, 1.12225341796875], [0.003365033306181431, -0.004560730420053005, -0.9999839067459106, 1.5479531288146973], [-0.3831389844417572, -0.9236860871315002, 0.0029234541580080986, -0.0592041015625], [0.0, 0.0, 0.0, 1.0]]], "view": [[0.0, -2.0, 100.0], [-2.0, 0.0, 100.0], [0.0, 0.0, 1.0]], "bev": "bev_39e62d4b689b4d13bffaa49ef1fa3b65.png", "aux": "aux_39e62d4b689b4d13bffaa49ef1fa3b65.npz", "visibility": "visibility_39e62d4b689b4d13bffaa49ef1fa3b65.png", "pose": [[-0.8473978638648987, -0.5309584140777588, 0.0, 810.4229125976562], [0.5309584140777588, -0.8473978638648987, 0.0, 1378.4178466796875], [0.0, 0.0, 1.0, 0.0], [0.0, 0.0, 0.0, 1.0]], "pose_inverse": [[-0.8473978638648987, 0.5309584140777588, 0.0, -45.131919860839844], [-0.5309584140777588, -0.8473978638648987, 0.0, 1598.3692626953125], [0.0, 0.0, 1.0, 0.0], [0.0, 0.0, 0.0, 1.0]], "cam_ids": [0, 1, 2, 3, 4, 5], "cam_channels": ["CAM_FRONT_LEFT", "CAM_FRONT", "CAM_FRONT_RIGHT", "CAM_BACK_LEFT", "CAM_BACK", "CAM_BACK_RIGHT"], "token": "39e62d4b689b4d13bffaa49ef1fa3b65", "scene": "scene-0231"}, {"images": ["samples/CAM_FRONT_LEFT/n008-2018-07-27-12-07-38-0400__CAM_FRONT_LEFT__1532708227004799.jpg", "samples/CAM_FRONT/n008-2018-07-27-12-07-38-0400__CAM_FRONT__1532708227012404.jpg", "samples/CAM_FRONT_RIGHT/n008-2018-07-27-12-07-38-0400__CAM_FRONT_RIGHT__1532708227020482.jpg", "samples/CAM_BACK_LEFT/n008-2018-07-27-12-07-38-0400__CAM_BACK_LEFT__1532708227047405.jpg", "samples/CAM_BACK/n008-2018-07-27-12-07-38-0400__CAM_BACK__1532708227037558.jpg", "samples/CAM_BACK_RIGHT/n008-2018-07-27-12-07-38-0400__CAM_BACK_RIGHT__1532708227028113.jpg"], "intrinsics": [[[1257.8625342125129, 0.0, 827.2410631095686], [0.0, 1257.8625342125129, 450.915498205774], [0.0, 0.0, 1.0]], [[1252.8131021185304, 0.0, 826.588114781398], [0.0, 1252.8131021185304, 469.9846626224581], [0.0, 0.0, 1.0]], [[1256.7485116440405, 0.0, 817.7887570959712], [0.0, 1256.7485116440403, 451.9541780095127], [0.0, 0.0, 1.0]], [[1254.9860565800168, 0.0, 829.5769333630991], [0.0, 1254.9860565800168, 467.1680561863987], [0.0, 0.0, 1.0]], [[796.8910634503094, 0.0, 857.7774326863696], [0.0, 796.8910634503094, 476.8848988407415], [0.0, 0.0, 1.0]], [[1249.9629280788233, 0.0, 825.3768045375984], [0.0, 1249.9629280788233, 462.54816385708756], [0.0, 0.0, 1.0]]], "extrinsics": [[[0.8221948146820068, -0.5691759586334229, -0.00587591202929616, -0.930419921875], [0.010635190643370152, 0.025682460516691208, -0.9996135830879211, 1.4892234802246094], [0.5691069960594177, 0.8218145966529846, 0.027169277891516685, -1.2830810546875], [0.0, 0.0, 0.0, 1.0]], [[0.009806664660573006, -0.9997203350067139, -0.02152281440794468, 0.0072021484375], [0.012632292695343494, 0.021645991131663322, -0.9996858835220337, 1.4810752868652344], [0.9998721480369568, 0.009531627409160137, 0.01284103188663721, -1.6606273651123047], [0.0, 0.0, 0.0, 1.0]], [[-0.8441160917282104, -0.5356022119522095, -0.024460412561893463, 1.0423583984375], [0.020698465406894684, 0.013034272007644176, -0.9997007846832275, 1.4942550659179688], [0.5357608795166016, -0.8443698883056641, 8.370572322746739e-05, -1.245849609375], [0.0, 0.0, 0.0, 1.0]], [[0.9478937387466431, 0.31855306029319763, 0.004624388180673122, -1.14111328125], [-0.004655330907553434, 0.028363367542624474, -0.999586820602417, 1.5620231628417969], [-0.3185526430606842, 0.9474806189537048, 0.028368428349494934, -0.1573486328125], [0.0, 0.0, 0.0, 1.0]], [[0.009332351386547089, 0.9997401237487793, 0.020801391452550888, -0.0289306640625], [-0.0025003624614328146, 0.020825562998652458, -0.9997799396514893, 1.5679969787597656], [-0.9999532699584961, 0.009278335608541965, 0.0026940659154206514, 0.0213470458984375], [0.0, 0.0, 0.0, 1.0]], [[-0.9236084222793579, 0.38333046436309814, -0.0022867631632834673, 1.12152099609375], [0.0016673289937898517, -0.0019481803756207228, -0.9999967217445374, 1.547881841659546], [-0.3833337128162384, -0.92360919713974, 0.0011602194281294942, -0.0592041015625], [0.0, 0.0, 0.0, 1.0]]], "view": [[0.0, -2.0, 100.0], [-2.0, 0.0, 100.0], [0.0, 0.0, 1.0]], "bev": "bev_1bb96948462b436d9884202fcd8bd338.png", "aux": "aux_1bb96948462b436d9884202fcd8bd338.npz", "visibility": "visibility_1bb96948462b436d9884202fcd8bd338.png", "pose": [[-0.84878009557724, -0.5287460684776306, 0.0, 809.5567016601562], [0.5287460684776306, -0.84878009557724, 0.0, 1378.96826171875], [0.0, 0.0, 1.0, 0.0], [0.0, 0.0, 0.0, 1.0]], "pose_inverse": [[-0.84878009557724, 0.5287460684776306, 0.0, -41.98843002319336], [-0.5287460684776306, -0.84878009557724, 0.0, 1598.49072265625], [0.0, 0.0, 1.0, 0.0], [0.0, 0.0, 0.0, 1.0]], "cam_ids": [0, 1, 2, 3, 4, 5], "cam_channels": ["CAM_FRONT_LEFT", "CAM_FRONT", "CAM_FRONT_RIGHT", "CAM_BACK_LEFT", "CAM_BACK", "CAM_BACK_RIGHT"], "token": "1bb96948462b436d9884202fcd8bd338", "scene": "scene-0231"}, {"images": ["samples/CAM_FRONT_LEFT/n008-2018-07-27-12-07-38-0400__CAM_FRONT_LEFT__1532708227504799.jpg", "samples/CAM_FRONT/n008-2018-07-27-12-07-38-0400__CAM_FRONT__1532708227512404.jpg", "samples/CAM_FRONT_RIGHT/n008-2018-07-27-12-07-38-0400__CAM_FRONT_RIGHT__1532708227520482.jpg", "samples/CAM_BACK_LEFT/n008-2018-07-27-12-07-38-0400__CAM_BACK_LEFT__1532708227547405.jpg", "samples/CAM_BACK/n008-2018-07-27-12-07-38-0400__CAM_BACK__1532708227537561.jpg", "samples/CAM_BACK_RIGHT/n008-2018-07-27-12-07-38-0400__CAM_BACK_RIGHT__1532708227528113.jpg"], "intrinsics": [[[1257.8625342125129, 0.0, 827.2410631095686], [0.0, 1257.8625342125129, 450.915498205774], [0.0, 0.0, 1.0]], [[1252.8131021185304, 0.0, 826.588114781398], [0.0, 1252.8131021185304, 469.9846626224581], [0.0, 0.0, 1.0]], [[1256.7485116440405, 0.0, 817.7887570959712], [0.0, 1256.7485116440403, 451.9541780095127], [0.0, 0.0, 1.0]], [[1254.9860565800168, 0.0, 829.5769333630991], [0.0, 1254.9860565800168, 467.1680561863987], [0.0, 0.0, 1.0]], [[796.8910634503094, 0.0, 857.7774326863696], [0.0, 796.8910634503094, 476.8848988407415], [0.0, 0.0, 1.0]], [[1249.9629280788233, 0.0, 825.3768045375984], [0.0, 1249.9629280788233, 462.54816385708756], [0.0, 0.0, 1.0]]], "extrinsics": [[[0.8223816156387329, -0.5688714385032654, -0.00859876349568367, -0.92474365234375], [0.009074334055185318, 0.028227029368281364, -0.9995603561401367, 1.4891433715820312], [0.5688639283180237, 0.8219419717788696, 0.028375515714287758, -1.2791748046875], [0.0, 0.0, 0.0, 1.0]], [[0.01004089880734682, -0.999661922454834, -0.023983344435691833, 0.0068359375], [0.011056581512093544, 0.024094078689813614, -0.9996485710144043, 1.4810371398925781], [0.9998884797096252, 0.009772257879376411, 0.011294770985841751, -1.6545696258544922], [0.0, 0.0, 0.0, 1.0]], [[-0.844042181968689, -0.5357226133346558, -0.024374311789870262, 1.0380859375], [0.019106898456811905, 0.015380997210741043, -0.9996991157531738, 1.4942607879638672], [0.5359362959861755, -0.8442539572715759, -0.0027462125290185213, -1.243408203125], [0.0, 0.0, 0.0, 1.0]], [[0.947898805141449, 0.3185509741306305, 0.003633953630924225, -1.139373779296875], [-0.006394124589860439, 0.030428970232605934, -0.999516487121582, 1.5620079040527344], [-0.31850752234458923, 0.947417140007019, 0.030880438163876534, -0.1578369140625], [0.0, 0.0, 0.0, 1.0]], [[0.009287962689995766, 0.9996939897537231, 0.022927328944206238, -0.02880859375], [-0.004232016857713461, 0.02296740934252739, -0.9997272491455078, 1.5679473876953125], [-0.9999479651451111, 0.009188349358737469, 0.004444040823727846, 0.018398284912109375], [0.0, 0.0, 0.0, 1.0]], [[-0.9236692190170288, 0.38319090008735657, 9.690988372312859e-05, 1.11785888671875], [1.98940142581705e-05, 0.00030085392063483596, -0.9999999403953552, 1.5478154420852661], [-0.38319090008735657, -0.923669159412384, -0.00028551247669383883, -0.0609130859375], [0.0, 0.0, 0.0, 1.0]]], "view": [[0.0, -2.0, 100.0], [-2.0, 0.0, 100.0], [0.0, 0.0, 1.0]], "bev": "bev_93b6a64ad008483dbe20dba47396c9dc.png", "aux": "aux_93b6a64ad008483dbe20dba47396c9dc.npz", "visibility": "visibility_93b6a64ad008483dbe20dba47396c9dc.png", "pose": [[-0.8503894805908203, -0.5261537432670593, 0.0, 808.6730346679688], [0.5261537432670593, -0.8503894805908203, 0.0, 1379.5291748046875], [0.0, 0.0, 1.0, 0.0], [0.0, 0.0, 0.0, 1.0]], "pose_inverse": [[-0.8503894805908203, 0.5261537432670593, 0.0, -38.15744400024414], [-0.5261537432670593, -0.8503894805908203, 0.0, 1598.6234130859375], [0.0, 0.0, 1.0, 0.0], [0.0, 0.0, 0.0, 1.0]], "cam_ids": [0, 1, 2, 3, 4, 5], "cam_channels": ["CAM_FRONT_LEFT", "CAM_FRONT", "CAM_FRONT_RIGHT", "CAM_BACK_LEFT", "CAM_BACK", "CAM_BACK_RIGHT"], "token": "93b6a64ad008483dbe20dba47396c9dc", "scene": "scene-0231"}, {"images": ["samples/CAM_FRONT_LEFT/n008-2018-07-27-12-07-38-0400__CAM_FRONT_LEFT__1532708227904799.jpg", "samples/CAM_FRONT/n008-2018-07-27-12-07-38-0400__CAM_FRONT__1532708227912548.jpg", "samples/CAM_FRONT_RIGHT/n008-2018-07-27-12-07-38-0400__CAM_FRONT_RIGHT__1532708227920482.jpg", "samples/CAM_BACK_LEFT/n008-2018-07-27-12-07-38-0400__CAM_BACK_LEFT__1532708227947433.jpg", "samples/CAM_BACK/n008-2018-07-27-12-07-38-0400__CAM_BACK__1532708227937558.jpg", "samples/CAM_BACK_RIGHT/n008-2018-07-27-12-07-38-0400__CAM_BACK_RIGHT__1532708227928113.jpg"], "intrinsics": [[[1257.8625342125129, 0.0, 827.2410631095686], [0.0, 1257.8625342125129, 450.915498205774], [0.0, 0.0, 1.0]], [[1252.8131021185304, 0.0, 826.588114781398], [0.0, 1252.8131021185304, 469.9846626224581], [0.0, 0.0, 1.0]], [[1256.7485116440405, 0.0, 817.7887570959712], [0.0, 1256.7485116440403, 451.9541780095127], [0.0, 0.0, 1.0]], [[1254.9860565800168, 0.0, 829.5769333630991], [0.0, 1254.9860565800168, 467.1680561863987], [0.0, 0.0, 1.0]], [[796.8910634503094, 0.0, 857.7774326863696], [0.0, 796.8910634503094, 476.8848988407415], [0.0, 0.0, 1.0]], [[1249.9629280788233, 0.0, 825.3768045375984], [0.0, 1249.9629280788233, 462.54816385708756], [0.0, 0.0, 1.0]]], "extrinsics": [[[0.8223839998245239, -0.5689147114753723, -0.004543005023151636, -0.9249267578125], [0.013483371585607529, 0.02747228369116783, -0.999531626701355, 1.48956298828125], [0.5687729716300964, 0.8219375610351562, 0.03026365488767624, -1.279296875], [0.0, 0.0, 0.0, 1.0]], [[0.010101399384438992, -0.9996802806854248, -0.023180557414889336, 0.007080078125], [0.015721073374152184, 0.023337645456194878, -0.9996040463447571, 1.4813957214355469], [0.9998253583908081, 0.009733010083436966, 0.015951788052916527, -1.6550521850585938], [0.0, 0.0, 0.0, 1.0]], [[-0.8439373970031738, -0.535703718662262, -0.028125746175646782, 1.038330078125], [0.02403121627867222, 0.01462333183735609, -0.9996042251586914, 1.494558334350586], [0.5359030961990356, -0.844279408454895, 0.0005324340309016407, -1.2435302734375], [0.0, 0.0, 0.0, 1.0]], [[0.9478591680526733, 0.31856849789619446, 0.008784772828221321, -1.14019775390625], [-0.00072427251143381, 0.029718562960624695, -0.9995580315589905, 1.5620384216308594], [-0.31868883967399597, 0.9474338889122009, 0.028399741277098656, -0.157470703125], [0.0, 0.0, 0.0, 1.0]], [[0.00918441079556942, 0.9997105598449707, 0.0222377460449934, -0.0289306640625], [0.0012237172340974212, 0.02222742885351181, -0.9997521638870239, 1.5680885314941406], [-0.9999570846557617, 0.009209422394633293, -0.001019215676933527, 0.01898956298828125], [0.0, 0.0, 0.0, 1.0]], [[-0.9236406683921814, 0.3832271993160248, -0.004979801829904318, 1.11822509765625], [0.005205756053328514, -0.0004474789893720299, -0.9999862909317017, 1.5480504035949707], [-0.383224219083786, -0.9236540198326111, -0.0015816779341548681, -0.0606689453125], [0.0, 0.0, 0.0, 1.0]]], "view": [[0.0, -2.0, 100.0], [-2.0, 0.0, 100.0], [0.0, 0.0, 1.0]], "bev": "bev_1f645b7197f6409d89504efab094923d.png", "aux": "aux_1f645b7197f6409d89504efab094923d.npz", "visibility": "visibility_1f645b7197f6409d89504efab094923d.png", "pose": [[-0.8518645167350769, -0.5237622261047363, 0.0, 807.9240112304688], [0.5237622261047363, -0.8518645167350769, 0.0, 1380.00244140625], [0.0, 0.0, 1.0, 0.0], [0.0, 0.0, 0.0, 1.0]], "pose_inverse": [[-0.8518645167350769, 0.5237622261047363, 0.0, -34.55133056640625], [-0.5237622261047363, -0.8518645167350769, 0.0, 1598.7352294921875], [0.0, 0.0, 1.0, 0.0], [0.0, 0.0, 0.0, 1.0]], "cam_ids": [0, 1, 2, 3, 4, 5], "cam_channels": ["CAM_FRONT_LEFT", "CAM_FRONT", "CAM_FRONT_RIGHT", "CAM_BACK_LEFT", "CAM_BACK", "CAM_BACK_RIGHT"], "token": "1f645b7197f6409d89504efab094923d", "scene": "scene-0231"}, {"images": ["samples/CAM_FRONT_LEFT/n008-2018-07-27-12-07-38-0400__CAM_FRONT_LEFT__1532708228354799.jpg", "samples/CAM_FRONT/n008-2018-07-27-12-07-38-0400__CAM_FRONT__1532708228362404.jpg", "samples/CAM_FRONT_RIGHT/n008-2018-07-27-12-07-38-0400__CAM_FRONT_RIGHT__1532708228370482.jpg", "samples/CAM_BACK_LEFT/n008-2018-07-27-12-07-38-0400__CAM_BACK_LEFT__1532708228397405.jpg", "samples/CAM_BACK/n008-2018-07-27-12-07-38-0400__CAM_BACK__1532708228387558.jpg", "samples/CAM_BACK_RIGHT/n008-2018-07-27-12-07-38-0400__CAM_BACK_RIGHT__1532708228378113.jpg"], "intrinsics": [[[1257.8625342125129, 0.0, 827.2410631095686], [0.0, 1257.8625342125129, 450.915498205774], [0.0, 0.0, 1.0]], [[1252.8131021185304, 0.0, 826.588114781398], [0.0, 1252.8131021185304, 469.9846626224581], [0.0, 0.0, 1.0]], [[1256.7485116440405, 0.0, 817.7887570959712], [0.0, 1256.7485116440403, 451.9541780095127], [0.0, 0.0, 1.0]], [[1254.9860565800168, 0.0, 829.5769333630991], [0.0, 1254.9860565800168, 467.1680561863987], [0.0, 0.0, 1.0]], [[796.8910634503094, 0.0, 857.7774326863696], [0.0, 796.8910634503094, 476.8848988407415], [0.0, 0.0, 1.0]], [[1249.9629280788233, 0.0, 825.3768045375984], [0.0, 1249.9629280788233, 462.54816385708756], [0.0, 0.0, 1.0]]], "extrinsics": [[[0.8221875429153442, -0.5690269470214844, -0.014692368917167187, -0.94256591796875], [0.002331620780751109, 0.029178062453866005, -0.9995715022087097, 1.4884567260742188], [0.5692118406295776, 0.8218010663986206, 0.025316596031188965, -1.2908935546875], [0.0, 0.0, 0.0, 1.0]], [[0.009720519185066223, -0.9996390342712402, -0.025047386065125465, 0.0064697265625], [0.004420006647706032, 0.025091277435421944, -0.9996753931045532, 1.4804267883300781], [0.99994295835495, 0.009606626816093922, 0.004662310238927603, -1.6723031997680664], [0.0, 0.0, 0.0, 1.0]], [[-0.8442422747612, -0.5356101393699646, -0.01940976455807686, 1.0499267578125], [0.012568836100399494, 0.016419535502791405, -0.9997861385345459, 1.4936771392822266], [0.5358143448829651, -0.8443057537078857, -0.007130071055144072, -1.2513427734375], [0.0, 0.0, 0.0, 1.0]], [[0.9478947520256042, 0.3185795247554779, -0.001617668429389596, -1.14190673828125], [-0.012408999726176262, 0.03184669092297554, -0.9994157552719116, 1.5620193481445312], [-0.31834185123443604, 0.9473610520362854, 0.03414056450128555, -0.1568603515625], [0.0, 0.0, 0.0, 1.0]], [[0.009437115862965584, 0.9996655583381653, 0.02407650277018547, -0.02880859375], [-0.010445395484566689, 0.024174809455871582, -0.999653160572052, 1.5678558349609375], [-0.9999009370803833, 0.009182311594486237, 0.010670043528079987, 0.02518463134765625], [0.0, 0.0, 0.0, 1.0]], [[-0.9236242175102234, 0.38324499130249023, 0.0064408909529447556, 1.1278076171875], [-0.00639419537037611, 0.0013957603368908167, -0.9999785423278809, 1.54758620262146], [-0.3832456171512604, -0.9236456751823425, 0.0011613836977630854, -0.0570068359375], [0.0, 0.0, 0.0, 1.0]]], "view": [[0.0, -2.0, 100.0], [-2.0, 0.0, 100.0], [0.0, 0.0, 1.0]], "bev": "bev_cea3540b1b3e45a79b121dd02c8adb13.png", "aux": "aux_cea3540b1b3e45a79b121dd02c8adb13.npz", "visibility": "visibility_cea3540b1b3e45a79b121dd02c8adb13.png", "pose": [[-0.8537806868553162, -0.520632803440094, 0.0, 807.1800537109375], [0.520632803440094, -0.8537806868553162, 0.0, 1380.46630859375], [0.0, 0.0, 1.0, 0.0], [0.0, 0.0, 0.0, 1.0]], "pose_inverse": [[-0.8537806868553162, 0.520632803440094, 0.0, -29.56127166748047], [-0.520632803440094, -0.8537806868553162, 0.0, 1598.85986328125], [0.0, 0.0, 1.0, 0.0], [0.0, 0.0, 0.0, 1.0]], "cam_ids": [0, 1, 2, 3, 4, 5], "cam_channels": ["CAM_FRONT_LEFT", "CAM_FRONT", "CAM_FRONT_RIGHT", "CAM_BACK_LEFT", "CAM_BACK", "CAM_BACK_RIGHT"], "token": "cea3540b1b3e45a79b121dd02c8adb13", "scene": "scene-0231"}, {"images": ["samples/CAM_FRONT_LEFT/n008-2018-07-27-12-07-38-0400__CAM_FRONT_LEFT__1532708228904799.jpg", "samples/CAM_FRONT/n008-2018-07-27-12-07-38-0400__CAM_FRONT__1532708228912412.jpg", "samples/CAM_FRONT_RIGHT/n008-2018-07-27-12-07-38-0400__CAM_FRONT_RIGHT__1532708228920482.jpg", "samples/CAM_BACK_LEFT/n008-2018-07-27-12-07-38-0400__CAM_BACK_LEFT__1532708228947405.jpg", "samples/CAM_BACK/n008-2018-07-27-12-07-38-0400__CAM_BACK__1532708228937558.jpg", "samples/CAM_BACK_RIGHT/n008-2018-07-27-12-07-38-0400__CAM_BACK_RIGHT__1532708228928113.jpg"], "intrinsics": [[[1257.8625342125129, 0.0, 827.2410631095686], [0.0, 1257.8625342125129, 450.915498205774], [0.0, 0.0, 1.0]], [[1252.8131021185304, 0.0, 826.588114781398], [0.0, 1252.8131021185304, 469.9846626224581], [0.0, 0.0, 1.0]], [[1256.7485116440405, 0.0, 817.7887570959712], [0.0, 1256.7485116440403, 451.9541780095127], [0.0, 0.0, 1.0]], [[1254.9860565800168, 0.0, 829.5769333630991], [0.0, 1254.9860565800168, 467.1680561863987], [0.0, 0.0, 1.0]], [[796.8910634503094, 0.0, 857.7774326863696], [0.0, 796.8910634503094, 476.8848988407415], [0.0, 0.0, 1.0]], [[1249.9629280788233, 0.0, 825.3768045375984], [0.0, 1249.9629280788233, 462.54816385708756], [0.0, 0.0, 1.0]]], "extrinsics": [[[0.8225281834602356, -0.5684787631034851, -0.016713352873921394, -0.9642333984375], [0.0015555969439446926, 0.03163617104291916, -0.9994982481002808, 1.4883575439453125], [0.5687223076820374, 0.8220894932746887, 0.02690596505999565, -1.3056640625], [0.0, 0.0, 0.0, 1.0]], [[0.010203184559941292, -0.9995706081390381, -0.0274671483784914, 0.006103515625], [0.003559294855222106, 0.027504708617925644, -0.9996153712272644, 1.4802970886230469], [0.9999415874481201, 0.010101490654051304, 0.0038384022191166878, -1.6945276260375977], [0.0, 0.0, 0.0, 1.0]], [[-0.8440529704093933, -0.5358906984329224, -0.019895488396286964, 1.064453125], [0.011632848531007767, 0.018794670701026917, -0.9997556805610657, 1.493429183959961], [0.5361336469650269, -0.8440781831741333, -0.009629763662815094, -1.2606201171875], [0.0, 0.0, 0.0, 1.0]], [[0.9478766918182373, 0.3186311721801758, -0.0020027747377753258, -1.14227294921875], [-0.013510013930499554, 0.03390875831246376, -0.9993336200714111, 1.5620155334472656], [-0.3183509409427643, 0.9472720623016357, 0.03644603490829468, -0.15673828125], [0.0, 0.0, 0.0, 1.0]], [[0.009311853908002377, 0.9996105432510376, 0.026302717626094818, -0.0286865234375], [-0.011502855457365513, 0.026409197598695755, -0.9995850324630737, 1.5679168701171875], [-0.9998905062675476, 0.009005463682115078, 0.011744296178221703, 0.03174591064453125], [0.0, 0.0, 0.0, 1.0]], [[-0.9237247109413147, 0.38296833634376526, 0.008243304677307606, 1.13934326171875], [-0.007383253425359726, 0.003715529339388013, -0.9999658465385437, 1.547642707824707], [-0.38298577070236206, -0.9237539768218994, -0.0006045743939466774, -0.05224609375], [0.0, 0.0, 0.0, 1.0]]], "view": [[0.0, -2.0, 100.0], [-2.0, 0.0, 100.0], [0.0, 0.0, 1.0]], "bev": "bev_4b8a52b6213b4c10ba958091877c9e4f.png", "aux": "aux_4b8a52b6213b4c10ba958091877c9e4f.npz", "visibility": "visibility_4b8a52b6213b4c10ba958091877c9e4f.png", "pose": [[-0.8537452220916748, -0.5206909775733948, 0.0, 806.5103759765625], [0.5206909775733948, -0.8537452220916748, 0.0, 1380.881591796875], [0.0, 0.0, 1.0, 0.0], [0.0, 0.0, 0.0, 1.0]], "pose_inverse": [[-0.8537452220916748, 0.5206909775733948, 0.0, -30.45816993713379], [-0.5206909775733948, -0.8537452220916748, 0.0, 1598.86376953125], [0.0, 0.0, 1.0, 0.0], [0.0, 0.0, 0.0, 1.0]], "cam_ids": [0, 1, 2, 3, 4, 5], "cam_channels": ["CAM_FRONT_LEFT", "CAM_FRONT", "CAM_FRONT_RIGHT", "CAM_BACK_LEFT", "CAM_BACK", "CAM_BACK_RIGHT"], "token": "4b8a52b6213b4c10ba958091877c9e4f", "scene": "scene-0231"}, {"images": ["samples/CAM_FRONT_LEFT/n008-2018-07-27-12-07-38-0400__CAM_FRONT_LEFT__1532708229404799.jpg", "samples/CAM_FRONT/n008-2018-07-27-12-07-38-0400__CAM_FRONT__1532708229412404.jpg", "samples/CAM_FRONT_RIGHT/n008-2018-07-27-12-07-38-0400__CAM_FRONT_RIGHT__1532708229420482.jpg", "samples/CAM_BACK_LEFT/n008-2018-07-27-12-07-38-0400__CAM_BACK_LEFT__1532708229447405.jpg", "samples/CAM_BACK/n008-2018-07-27-12-07-38-0400__CAM_BACK__1532708229437558.jpg", "samples/CAM_BACK_RIGHT/n008-2018-07-27-12-07-38-0400__CAM_BACK_RIGHT__1532708229428113.jpg"], "intrinsics": [[[1257.8625342125129, 0.0, 827.2410631095686], [0.0, 1257.8625342125129, 450.915498205774], [0.0, 0.0, 1.0]], [[1252.8131021185304, 0.0, 826.588114781398], [0.0, 1252.8131021185304, 469.9846626224581], [0.0, 0.0, 1.0]], [[1256.7485116440405, 0.0, 817.7887570959712], [0.0, 1256.7485116440403, 451.9541780095127], [0.0, 0.0, 1.0]], [[1254.9860565800168, 0.0, 829.5769333630991], [0.0, 1254.9860565800168, 467.1680561863987], [0.0, 0.0, 1.0]], [[796.8910634503094, 0.0, 857.7774326863696], [0.0, 796.8910634503094, 476.8848988407415], [0.0, 0.0, 1.0]], [[1249.9629280788233, 0.0, 825.3768045375984], [0.0, 1249.9629280788233, 462.54816385708756], [0.0, 0.0, 1.0]]], "extrinsics": [[[0.8225759267807007, -0.5684828758239746, -0.014003632590174675, -0.97235107421875], [0.003900581505149603, 0.03026588074862957, -0.9995343089103699, 1.4884490966796875], [0.5686419606208801, 0.8221381902694702, 0.027113396674394608, -1.3106689453125], [0.0, 0.0, 0.0, 1.0]], [[0.010283533483743668, -0.9996060132980347, -0.026114000007510185, 0.005615234375], [0.005859594326466322, 0.02617517299950123, -0.9996402263641357, 1.4803581237792969], [0.9999299645423889, 0.010126881301403046, 0.006126461550593376, -1.701629638671875], [0.0, 0.0, 0.0, 1.0]], [[-0.8440009355545044, -0.5359261631965637, -0.021108251065015793, 1.0689697265625], [0.013885961845517159, 0.017508411779999733, -0.9997502565383911, 1.4934310913085938], [0.5361618995666504, -0.8440832495689392, -0.007335267961025238, -1.2640380859375], [0.0, 0.0, 0.0, 1.0]], [[0.9478856921195984, 0.31861013174057007, -0.0004049184499308467, -1.142913818359375], [-0.011431854218244553, 0.03274037688970566, -0.9993984699249268, 1.5620307922363281], [-0.31840527057647705, 0.9473202228546143, 0.034676443785429, -0.156494140625], [0.0, 0.0, 0.0, 1.0]], [[0.009263756684958935, 0.9996417760848999, 0.025109754875302315, -0.0286865234375], [-0.009333116002380848, 0.025196174159646034, -0.9996389150619507, 1.5679702758789062], [-0.9999135136604309, 0.009026055224239826, 0.009563184343278408, 0.034191131591796875], [0.0, 0.0, 0.0, 1.0]], [[-0.9237415194511414, 0.38297396898269653, 0.0056975060142576694, 1.14324951171875], [-0.005146732088178396, 0.0024627328384667635, -0.9999837279319763, 1.5477166175842285], [-0.38298168778419495, -0.9237558841705322, -0.0003038652357645333, -0.051025390625], [0.0, 0.0, 0.0, 1.0]]], "view": [[0.0, -2.0, 100.0], [-2.0, 0.0, 100.0], [0.0, 0.0, 1.0]], "bev": "bev_6799c3a074874bba9db2fc6325025844.png", "aux": "aux_6799c3a074874bba9db2fc6325025844.npz", "visibility": "visibility_6799c3a074874bba9db2fc6325025844.png", "pose": [[-0.8525235652923584, -0.5226888060569763, 0.0, 806.1340942382812], [0.5226888060569763, -0.8525235652923584, 0.0, 1381.1182861328125], [0.0, 0.0, 1.0, 0.0], [0.0, 0.0, 0.0, 1.0]], "pose_inverse": [[-0.8525235652923584, 0.5226888060569763, 0.0, -34.646724700927734], [-0.5226888060569763, -0.8525235652923584, 0.0, 1598.7930908203125], [0.0, 0.0, 1.0, 0.0], [0.0, 0.0, 0.0, 1.0]], "cam_ids": [0, 1, 2, 3, 4, 5], "cam_channels": ["CAM_FRONT_LEFT", "CAM_FRONT", "CAM_FRONT_RIGHT", "CAM_BACK_LEFT", "CAM_BACK", "CAM_BACK_RIGHT"], "token": "6799c3a074874bba9db2fc6325025844", "scene": "scene-0231"}, {"images": ["samples/CAM_FRONT_LEFT/n008-2018-07-27-12-07-38-0400__CAM_FRONT_LEFT__1532708229904799.jpg", "samples/CAM_FRONT/n008-2018-07-27-12-07-38-0400__CAM_FRONT__1532708229912404.jpg", "samples/CAM_FRONT_RIGHT/n008-2018-07-27-12-07-38-0400__CAM_FRONT_RIGHT__1532708229920483.jpg", "samples/CAM_BACK_LEFT/n008-2018-07-27-12-07-38-0400__CAM_BACK_LEFT__1532708229947405.jpg", "samples/CAM_BACK/n008-2018-07-27-12-07-38-0400__CAM_BACK__1532708229937558.jpg", "samples/CAM_BACK_RIGHT/n008-2018-07-27-12-07-38-0400__CAM_BACK_RIGHT__1532708229928113.jpg"], "intrinsics": [[[1257.8625342125129, 0.0, 827.2410631095686], [0.0, 1257.8625342125129, 450.915498205774], [0.0, 0.0, 1.0]], [[1252.8131021185304, 0.0, 826.588114781398], [0.0, 1252.8131021185304, 469.9846626224581], [0.0, 0.0, 1.0]], [[1256.7485116440405, 0.0, 817.7887570959712], [0.0, 1256.7485116440403, 451.9541780095127], [0.0, 0.0, 1.0]], [[1254.9860565800168, 0.0, 829.5769333630991], [0.0, 1254.9860565800168, 467.1680561863987], [0.0, 0.0, 1.0]], [[796.8910634503094, 0.0, 857.7774326863696], [0.0, 796.8910634503094, 476.8848988407415], [0.0, 0.0, 1.0]], [[1249.9629280788233, 0.0, 825.3768045375984], [0.0, 1249.9629280788233, 462.54816385708756], [0.0, 0.0, 1.0]]], "extrinsics": [[[0.8225730657577515, -0.5685207843780518, -0.012555846944451332, -0.9716796875], [0.004691531416028738, 0.028863681480288506, -0.9995723366737366, 1.4884605407714844], [0.5686401128768921, 0.822162389755249, 0.02640971913933754, -1.3111572265625], [0.0, 0.0, 0.0, 1.0]], [[0.01027444563806057, -0.9996429085731506, -0.024668237194418907, 0.0064697265625], [0.006634242366999388, 0.024737142026424408, -0.999671995639801, 1.4803619384765625], [0.9999251961708069, 0.010107429698109627, 0.0068860347382724285, -1.702463150024414], [0.0, 0.0, 0.0, 1.0]], [[-0.8439968824386597, -0.5359386205673218, -0.020955806598067284, 1.0697021484375], [0.014642884954810143, 0.016032282263040543, -0.9997642040252686, 1.4934310913085938], [0.536148190498352, -0.8441047072410583, -0.005683509632945061, -1.263671875], [0.0, 0.0, 0.0, 1.0]], [[0.9478884935379028, 0.3186022639274597, -0.00016537270857952535, -1.1429443359375], [-0.01064983755350113, 0.03116605430841446, -0.9994574785232544, 1.5620307922363281], [-0.3184242248535156, 0.9473758935928345, 0.0329350046813488, -0.1563720703125], [0.0, 0.0, 0.0, 1.0]], [[0.009255818091332912, 0.9996795654296875, 0.02356145717203617, -0.02880859375], [-0.008572455495595932, 0.02364092506468296, -0.9996837377548218, 1.5679740905761719], [-0.9999204277992249, 0.00905099231749773, 0.008788525126874447, 0.03436279296875], [0.0, 0.0, 0.0, 1.0]], [[-0.9237393140792847, 0.3829960525035858, 0.004431998357176781, 1.1435546875], [-0.004401919897645712, 0.0009549096575938165, -0.9999898672103882, 1.5477291345596313], [-0.3829963207244873, -0.9237495064735413, 0.0008038308005779982, -0.05029296875], [0.0, 0.0, 0.0, 1.0]]], "view": [[0.0, -2.0, 100.0], [-2.0, 0.0, 100.0], [0.0, 0.0, 1.0]], "bev": "bev_4bc6565a67c74650a45b1b2cddba2841.png", "aux": "aux_4bc6565a67c74650a45b1b2cddba2841.npz", "visibility": "visibility_4bc6565a67c74650a45b1b2cddba2841.png", "pose": [[-0.8514766693115234, -0.5243924856185913, 0.0, 805.72265625], [0.5243924856185913, -0.8514766693115234, 0.0, 1381.3779296875], [0.0, 0.0, 1.0, 0.0], [0.0, 0.0, 0.0, 1.0]], "pose_inverse": [[-0.8514766693115234, 0.5243924856185913, 0.0, -38.330108642578125], [-0.5243924856185913, -0.8514766693115234, 0.0, 1598.7259521484375], [0.0, 0.0, 1.0, 0.0], [0.0, 0.0, 0.0, 1.0]], "cam_ids": [0, 1, 2, 3, 4, 5], "cam_channels": ["CAM_FRONT_LEFT", "CAM_FRONT", "CAM_FRONT_RIGHT", "CAM_BACK_LEFT", "CAM_BACK", "CAM_BACK_RIGHT"], "token": "4bc6565a67c74650a45b1b2cddba2841", "scene": "scene-0231"}, {"images": ["samples/CAM_FRONT_LEFT/n008-2018-07-27-12-07-38-0400__CAM_FRONT_LEFT__1532708230354799.jpg", "samples/CAM_FRONT/n008-2018-07-27-12-07-38-0400__CAM_FRONT__1532708230362404.jpg", "samples/CAM_FRONT_RIGHT/n008-2018-07-27-12-07-38-0400__CAM_FRONT_RIGHT__1532708230370482.jpg", "samples/CAM_BACK_LEFT/n008-2018-07-27-12-07-38-0400__CAM_BACK_LEFT__1532708230397405.jpg", "samples/CAM_BACK/n008-2018-07-27-12-07-38-0400__CAM_BACK__1532708230387558.jpg", "samples/CAM_BACK_RIGHT/n008-2018-07-27-12-07-38-0400__CAM_BACK_RIGHT__1532708230378113.jpg"], "intrinsics": [[[1257.8625342125129, 0.0, 827.2410631095686], [0.0, 1257.8625342125129, 450.915498205774], [0.0, 0.0, 1.0]], [[1252.8131021185304, 0.0, 826.588114781398], [0.0, 1252.8131021185304, 469.9846626224581], [0.0, 0.0, 1.0]], [[1256.7485116440405, 0.0, 817.7887570959712], [0.0, 1256.7485116440403, 451.9541780095127], [0.0, 0.0, 1.0]], [[1254.9860565800168, 0.0, 829.5769333630991], [0.0, 1254.9860565800168, 467.1680561863987], [0.0, 0.0, 1.0]], [[796.8910634503094, 0.0, 857.7774326863696], [0.0, 796.8910634503094, 476.8848988407415], [0.0, 0.0, 1.0]], [[1249.9629280788233, 0.0, 825.3768045375984], [0.0, 1249.9629280788233, 462.54816385708756], [0.0, 0.0, 1.0]]], "extrinsics": [[[0.8225663304328918, -0.5685060620307922, -0.013623805716633797, -0.96221923828125], [0.004769109655171633, 0.030852923169732094, -0.9995125532150269, 1.488525390625], [0.5686492919921875, 0.8221003413200378, 0.028089841827750206, -1.3045654296875], [0.0, 0.0, 0.0, 1.0]], [[0.010272127576172352, -0.9995911717414856, -0.026683244854211807, 0.00634765625], [0.00670198816806078, 0.026752876117825508, -0.9996196031570435, 1.4804344177246094], [0.9999247789382935, 0.010089430958032608, 0.006974056828767061, -1.6921234130859375], [0.0, 0.0, 0.0, 1.0]], [[-0.8439974784851074, -0.5358911156654358, -0.0221113171428442, 1.06304931640625], [0.014716556295752525, 0.018071910366415977, -0.9997283220291138, 1.4935493469238281], [0.5361451506614685, -0.8440937399864197, -0.007366175763309002, -1.259521484375], [0.0, 0.0, 0.0, 1.0]], [[0.9478911757469177, 0.31859394907951355, 0.0004510656581260264, -1.143829345703125], [-0.010715760290622711, 0.03329681232571602, -0.9993880391120911, 1.5620384216308594], [-0.31841403245925903, 0.9473062753677368, 0.03497573360800743, -0.156005859375], [0.0, 0.0, 0.0, 1.0]], [[0.009262011386454105, 0.9996275305747986, 0.02567276917397976, -0.0286865234375], [-0.008575057610869408, 0.025752326473593712, -0.9996315240859985, 1.5679473876953125], [-0.9999203681945801, 0.00903841108083725, 0.008810381405055523, 0.0316925048828125], [0.0, 0.0, 0.0, 1.0]], [[-0.9237369894981384, 0.3829922080039978, 0.005187793169170618, 1.138427734375], [-0.004360351245850325, 0.0030285257380455732, -0.999985933303833, 1.5477080345153809], [-0.38300248980522156, -0.9237465858459473, -0.001127580413594842, -0.052734375], [0.0, 0.0, 0.0, 1.0]]], "view": [[0.0, -2.0, 100.0], [-2.0, 0.0, 100.0], [0.0, 0.0, 1.0]], "bev": "bev_0765142b66d345e3a1b0b73bee2a688f.png", "aux": "aux_0765142b66d345e3a1b0b73bee2a688f.npz", "visibility": "visibility_0765142b66d345e3a1b0b73bee2a688f.png", "pose": [[-0.8512687087059021, -0.5247300267219543, 0.0, 805.3118896484375], [0.5247300267219543, -0.8512687087059021, 0.0, 1381.64208984375], [0.0, 0.0, 1.0, 0.0], [0.0, 0.0, 0.0, 1.0]], "pose_inverse": [[-0.8512687087059021, 0.5247300267219543, 0.0, -39.452308654785156], [-0.5247300267219543, -0.8512687087059021, 0.0, 1598.719970703125], [0.0, 0.0, 1.0, 0.0], [0.0, 0.0, 0.0, 1.0]], "cam_ids": [0, 1, 2, 3, 4, 5], "cam_channels": ["CAM_FRONT_LEFT", "CAM_FRONT", "CAM_FRONT_RIGHT", "CAM_BACK_LEFT", "CAM_BACK", "CAM_BACK_RIGHT"], "token": "0765142b66d345e3a1b0b73bee2a688f", "scene": "scene-0231"}, {"images": ["samples/CAM_FRONT_LEFT/n008-2018-07-27-12-07-38-0400__CAM_FRONT_LEFT__1532708230854799.jpg", "samples/CAM_FRONT/n008-2018-07-27-12-07-38-0400__CAM_FRONT__1532708230862404.jpg", "samples/CAM_FRONT_RIGHT/n008-2018-07-27-12-07-38-0400__CAM_FRONT_RIGHT__1532708230870482.jpg", "samples/CAM_BACK_LEFT/n008-2018-07-27-12-07-38-0400__CAM_BACK_LEFT__1532708230897405.jpg", "samples/CAM_BACK/n008-2018-07-27-12-07-38-0400__CAM_BACK__1532708230887558.jpg", "samples/CAM_BACK_RIGHT/n008-2018-07-27-12-07-38-0400__CAM_BACK_RIGHT__1532708230878119.jpg"], "intrinsics": [[[1257.8625342125129, 0.0, 827.2410631095686], [0.0, 1257.8625342125129, 450.915498205774], [0.0, 0.0, 1.0]], [[1252.8131021185304, 0.0, 826.588114781398], [0.0, 1252.8131021185304, 469.9846626224581], [0.0, 0.0, 1.0]], [[1256.7485116440405, 0.0, 817.7887570959712], [0.0, 1256.7485116440403, 451.9541780095127], [0.0, 0.0, 1.0]], [[1254.9860565800168, 0.0, 829.5769333630991], [0.0, 1254.9860565800168, 467.1680561863987], [0.0, 0.0, 1.0]], [[796.8910634503094, 0.0, 857.7774326863696], [0.0, 796.8910634503094, 476.8848988407415], [0.0, 0.0, 1.0]], [[1249.9629280788233, 0.0, 825.3768045375984], [0.0, 1249.9629280788233, 462.54816385708756], [0.0, 0.0, 1.0]]], "extrinsics": [[[0.8226723670959473, -0.5683812499046326, -0.012370800599455833, -0.95635986328125], [0.00606232276186347, 0.030529005452990532, -0.9995154738426208, 1.4886322021484375], [0.5684835314750671, 0.8221988081932068, 0.028561079874634743, -1.300537109375], [0.0, 0.0, 0.0, 1.0]], [[0.010437986813485622, -0.999599039554596, -0.026319880038499832, 0.0062255859375], [0.008047687821090221, 0.02640444040298462, -0.9996189475059509, 1.4805374145507812], [0.9999130964279175, 0.010222131386399269, 0.008320070803165436, -1.6862964630126953], [0.0, 0.0, 0.0, 1.0]], [[-0.8439117074012756, -0.5359853506088257, -0.023080872371792793, 1.05926513671875], [0.01610070839524269, 0.017699528485536575, -0.999713659286499, 1.4936676025390625], [0.5362403392791748, -0.8440417647361755, -0.006307097151875496, -1.25732421875], [0.0, 0.0, 0.0, 1.0]], [[0.9478901624679565, 0.31859254837036133, 0.0017273284029215574, -1.14300537109375], [-0.009221011772751808, 0.03285334259271622, -0.9994176626205444, 1.5620307922363281], [-0.3184637427330017, 0.9473222494125366, 0.03407910466194153, -0.15625], [0.0, 0.0, 0.0, 1.0]], [[0.009193973615765572, 0.9996383786201477, 0.025269994512200356, -0.02880859375], [-0.0071069137193