[{"images": ["samples/CAM_FRONT_LEFT/n015-2018-08-02-17-16-37+0800__CAM_FRONT_LEFT__1533201470404874.jpg", "samples/CAM_FRONT/n015-2018-08-02-17-16-37+0800__CAM_FRONT__1533201470412460.jpg", "samples/CAM_FRONT_RIGHT/n015-2018-08-02-17-16-37+0800__CAM_FRONT_RIGHT__1533201470420339.jpg", "samples/CAM_BACK_LEFT/n015-2018-08-02-17-16-37+0800__CAM_BACK_LEFT__1533201470447423.jpg", "samples/CAM_BACK/n015-2018-08-02-17-16-37+0800__CAM_BACK__1533201470437525.jpg", "samples/CAM_BACK_RIGHT/n015-2018-08-02-17-16-37+0800__CAM_BACK_RIGHT__1533201470427893.jpg"], "intrinsics": [[[1272.5979470598488, 0.0, 826.6154927353808], [0.0, 1272.5979470598488, 479.75165386361925], [0.0, 0.0, 1.0]], [[1266.417203046554, 0.0, 816.2670197447984], [0.0, 1266.417203046554, 491.50706579294757], [0.0, 0.0, 1.0]], [[1260.8474446004698, 0.0, 807.968244525554], [0.0, 1260.8474446004698, 495.3344268742088], [0.0, 0.0, 1.0]], [[1256.7414812095406, 0.0, 792.1125740759628], [0.0, 1256.7414812095406, 492.7757465151356], [0.0, 0.0, 1.0]], [[809.2209905677063, 0.0, 829.2196003259838], [0.0, 809.2209905677063, 481.77842384512485], [0.0, 0.0, 1.0]], [[1259.5137405846733, 0.0, 807.2529053838625], [0.0, 1259.5137405846733, 501.19579884916527], [0.0, 0.0, 1.0]]], "extrinsics": [[[0.8209702968597412, -0.5709524750709534, 0.004597803577780724, -0.969329833984375], [-0.0043732901103794575, -0.01434029545634985, -0.9998875856399536, 1.5082635879516602], [0.5709542036056519, 0.82085782289505, -0.014269895851612091, -1.28271484375], [0.0, 0.0, 0.0, 1.0]], [[0.006010635290294886, -0.9998137354850769, 0.018338510766625404, 0.00469970703125], [-0.009716867469251156, -0.018396373838186264, -0.9997835755348206, 1.5205650329589844], [0.999934732913971, 0.005831144750118256, -0.00982563104480505, -1.696441650390625], [0.0, 0.0, 0.0, 1.0]], [[-0.8328232169151306, -0.5535237789154053, 0.004105191212147474, 1.03485107421875], [-0.004145896062254906, -0.0011785487877205014, -0.999990701675415, 1.5036574602127075], [0.5535234212875366, -0.8328325152397156, -0.0013133289758116007, -1.250732421875], [0.0, 0.0, 0.0, 1.0]], [[0.947767972946167, 0.3189077377319336, -0.005807919893413782, -1.142425537109375], [0.004476211499422789, -0.03150562942028046, -0.9994935393333435, 1.5885543823242188], [-0.31892919540405273, 0.9472619891166687, -0.03128752484917641, -0.10357666015625], [0.0, 0.0, 0.0, 1.0]], [[0.0023169629275798798, 0.9997648596763611, -0.02156035229563713, 0.0029296875], [-0.020916279405355453, -0.02150724269449711, -0.9995498657226562, 1.5793838500976562], [-0.9997785091400146, 0.002766883932054043, 0.020861530676484108, 0.003143310546875], [0.0, 0.0, 0.0, 1.0]], [[-0.9348750710487366, 0.3547326922416687, -0.013163458555936813, 1.138519287109375], [0.011732440441846848, -0.006184759084135294, -0.9999120831489563, 1.5514211654663086], [-0.3547828793525696, -0.9349473714828491, 0.0016200970858335495, -0.06298828125], [0.0, 0.0, 0.0, 1.0]]], "view": [[0.0, -2.0, 100.0], [-2.0, 0.0, 100.0], [0.0, 0.0, 1.0]], "bev": "bev_fd8420396768425eabec9bdddf7e64b6.png", "aux": "aux_fd8420396768425eabec9bdddf7e64b6.npz", "visibility": "visibility_fd8420396768425eabec9bdddf7e64b6.png", "pose": [[0.993894100189209, 0.11033833026885986, 0.0, 249.89610290527344], [-0.11033833026885986, 0.993894100189209, 0.0, 917.55224609375], [0.0, 0.0, 1.0, 0.0], [0.0, 0.0, 0.0, 1.0]], "pose_inverse": [[0.993894100189209, -0.11033833026885986, 0.0, -147.1290740966797], [0.11033833026885986, 0.993894100189209, 0.0, -939.5228881835938], [0.0, 0.0, 1.0, 0.0], [0.0, 0.0, 0.0, 1.0]], "cam_ids": [0, 1, 2, 3, 4, 5], "cam_channels": ["CAM_FRONT_LEFT", "CAM_FRONT", "CAM_FRONT_RIGHT", "CAM_BACK_LEFT", "CAM_BACK", "CAM_BACK_RIGHT"], "token": "fd8420396768425eabec9bdddf7e64b6", "scene": "scene-0003"}, {"images": ["samples/CAM_FRONT_LEFT/n015-2018-08-02-17-16-37+0800__CAM_FRONT_LEFT__1533201470904844.jpg", "samples/CAM_FRONT/n015-2018-08-02-17-16-37+0800__CAM_FRONT__1533201470912460.jpg", "samples/CAM_FRONT_RIGHT/n015-2018-08-02-17-16-37+0800__CAM_FRONT_RIGHT__1533201470920339.jpg", "samples/CAM_BACK_LEFT/n015-2018-08-02-17-16-37+0800__CAM_BACK_LEFT__1533201470947423.jpg", "samples/CAM_BACK/n015-2018-08-02-17-16-37+0800__CAM_BACK__1533201470937525.jpg", "samples/CAM_BACK_RIGHT/n015-2018-08-02-17-16-37+0800__CAM_BACK_RIGHT__1533201470927893.jpg"], "intrinsics": [[[1272.5979470598488, 0.0, 826.6154927353808], [0.0, 1272.5979470598488, 479.75165386361925], [0.0, 0.0, 1.0]], [[1266.417203046554, 0.0, 816.2670197447984], [0.0, 1266.417203046554, 491.50706579294757], [0.0, 0.0, 1.0]], [[1260.8474446004698, 0.0, 807.968244525554], [0.0, 1260.8474446004698, 495.3344268742088], [0.0, 0.0, 1.0]], [[1256.7414812095406, 0.0, 792.1125740759628], [0.0, 1256.7414812095406, 492.7757465151356], [0.0, 0.0, 1.0]], [[809.2209905677063, 0.0, 829.2196003259838], [0.0, 809.2209905677063, 481.77842384512485], [0.0, 0.0, 1.0]], [[1259.5137405846733, 0.0, 807.2529053838625], [0.0, 1259.5137405846733, 501.19579884916527], [0.0, 0.0, 1.0]]], "extrinsics": [[[0.8207864761352539, -0.5712159872055054, 0.004664816427975893, -0.965545654296875], [-0.00411577895283699, -0.014079595915973186, -0.9998924136161804, 1.5082473754882812], [0.5712200999259949, 0.8206790685653687, -0.013907341286540031, -1.28021240234375], [0.0, 0.0, 0.0, 1.0]], [[0.005712307523936033, -0.9998202919960022, 0.018076730892062187, 0.0047607421875], [-0.009383651427924633, -0.018129823729395866, -0.9997916221618652, 1.5205326080322266], [0.9999395608901978, 0.005541479215025902, -0.009485527873039246, -1.6927032470703125], [0.0, 0.0, 0.0, 1.0]], [[-0.8329712748527527, -0.5533044934272766, 0.0036084961611777544, 1.032470703125], [-0.0037281648255884647, -0.0009091117535717785, -0.9999926090240479, 1.5036449432373047], [0.5533037185668945, -0.8329785466194153, -0.0013055455638095737, -1.2490234375], [0.0, 0.0, 0.0, 1.0]], [[0.9477854371070862, 0.3188665807247162, -0.005203002132475376, -1.14215087890625], [0.00503803975880146, -0.03128383308649063, -0.9994978308677673, 1.5885562896728516], [-0.3188692331314087, 0.947283148765564, -0.03125682473182678, -0.1036376953125], [0.0, 0.0, 0.0, 1.0]], [[0.0024259379133582115, 0.9997699856758118, -0.02131088450551033, 0.0028076171875], [-0.020408926531672478, -0.021257007494568825, -0.9995657205581665, 1.5793590545654297], [-0.999788761138916, 0.0028598292265087366, 0.020352661609649658, 0.001983642578125], [0.0, 0.0, 0.0, 1.0]], [[-0.9348011016845703, 0.3549150824546814, -0.013495605438947678, 1.1364593505859375], [0.012187994085252285, -0.005919771734625101, -0.9999082088470459, 1.5514466762542725], [-0.35496237874031067, -0.9348797798156738, 0.0012081037275493145, -0.06365966796875], [0.0, 0.0, 0.0, 1.0]]], "view": [[0.0, -2.0, 100.0], [-2.0, 0.0, 100.0], [0.0, 0.0, 1.0]], "bev": "bev_6eb8a3ff0abf4f3a9380a48f2a0b87ef.png", "aux": "aux_6eb8a3ff0abf4f3a9380a48f2a0b87ef.npz", "visibility": "visibility_6eb8a3ff0abf4f3a9380a48f2a0b87ef.png", "pose": [[0.9935760498046875, 0.11316630244255066, 0.0, 249.87286376953125], [-0.11316630244255066, 0.9935760498046875, 0.0, 917.5586547851562], [0.0, 0.0, 1.0, 0.0], [0.0, 0.0, 0.0, 1.0]], "pose_inverse": [[0.9935760498046875, -0.11316630244255066, 0.0, -144.43096923828125], [0.11316630244255066, 0.9935760498046875, 0.0, -939.9415283203125], [0.0, 0.0, 1.0, 0.0], [0.0, 0.0, 0.0, 1.0]], "cam_ids": [0, 1, 2, 3, 4, 5], "cam_channels": ["CAM_FRONT_LEFT", "CAM_FRONT", "CAM_FRONT_RIGHT", "CAM_BACK_LEFT", "CAM_BACK", "CAM_BACK_RIGHT"], "token": "6eb8a3ff0abf4f3a9380a48f2a0b87ef", "scene": "scene-0003"}, {"images": ["samples/CAM_FRONT_LEFT/n015-2018-08-02-17-16-37+0800__CAM_FRONT_LEFT__1533201471404844.jpg", "samples/CAM_FRONT/n015-2018-08-02-17-16-37+0800__CAM_FRONT__1533201471412477.jpg", "samples/CAM_FRONT_RIGHT/n015-2018-08-02-17-16-37+0800__CAM_FRONT_RIGHT__1533201471420339.jpg", "samples/CAM_BACK_LEFT/n015-2018-08-02-17-16-37+0800__CAM_BACK_LEFT__1533201471447423.jpg", "samples/CAM_BACK/n015-2018-08-02-17-16-37+0800__CAM_BACK__1533201471437636.jpg", "samples/CAM_BACK_RIGHT/n015-2018-08-02-17-16-37+0800__CAM_BACK_RIGHT__1533201471427893.jpg"], "intrinsics": [[[1272.5979470598488, 0.0, 826.6154927353808], [0.0, 1272.5979470598488, 479.75165386361925], [0.0, 0.0, 1.0]], [[1266.417203046554, 0.0, 816.2670197447984], [0.0, 1266.417203046554, 491.50706579294757], [0.0, 0.0, 1.0]], [[1260.8474446004698, 0.0, 807.968244525554], [0.0, 1260.8474446004698, 495.3344268742088], [0.0, 0.0, 1.0]], [[1256.7414812095406, 0.0, 792.1125740759628], [0.0, 1256.7414812095406, 492.7757465151356], [0.0, 0.0, 1.0]], [[809.2209905677063, 0.0, 829.2196003259838], [0.0, 809.2209905677063, 481.77842384512485], [0.0, 0.0, 1.0]], [[1259.5137405846733, 0.0, 807.2529053838625], [0.0, 1259.5137405846733, 501.19579884916527], [0.0, 0.0, 1.0]]], "extrinsics": [[[0.8207538723945618, -0.5712634325027466, 0.00459060724824667, -0.96502685546875], [-0.0040548499673604965, -0.013860786333680153, -0.9998956918716431, 1.5082473754882812], [0.5712674856185913, 0.8206496238708496, -0.013692683540284634, -1.28009033203125], [0.0, 0.0, 0.0, 1.0]], [[0.00569187942892313, -0.9998239874839783, 0.017871415242552757, 0.0050048828125], [-0.009351936168968678, -0.017924148589372635, -0.99979567527771, 1.520528793334961], [0.9999400973320007, 0.00552360899746418, -0.00945231318473816, -1.6922454833984375], [0.0, 0.0, 0.0, 1.0]], [[-0.8329600691795349, -0.553321897983551, 0.0035014592576771975, 1.03228759765625], [-0.0037272970657795668, -0.0007170212338678539, -0.9999927878379822, 1.5036441087722778], [0.5533204078674316, -0.8329671621322632, -0.0014651436358690262, -1.248779296875], [0.0, 0.0, 0.0, 1.0]], [[0.9477787017822266, 0.31888547539711, -0.005257853306829929, -1.142181396484375], [0.004912083502858877, -0.031079553067684174, -0.9995048642158508, 1.5885581970214844], [-0.3188909590244293, 0.9472835063934326, -0.0310229305177927, -0.10369873046875], [0.0, 0.0, 0.0, 1.0]], [[0.0024190263357013464, 0.999774158000946, -0.021113287657499313, 0.00274658203125], [-0.020497145131230354, -0.021059339866042137, -0.9995681047439575, 1.5793571472167969], [-0.9997870326042175, 0.002850739285349846, 0.02044157311320305, 0.0018463134765625], [0.0, 0.0, 0.0, 1.0]], [[-0.9348065257072449, 0.3549046814441681, -0.013391018845140934, 1.136199951171875], [0.012148825451731682, -0.005728323478251696, -0.9999098181724548, 1.5514483451843262], [-0.354949414730072, -0.9348849654197693, 0.0010431971168145537, -0.063720703125], [0.0, 0.0, 0.0, 1.0]]], "view": [[0.0, -2.0, 100.0], [-2.0, 0.0, 100.0], [0.0, 0.0, 1.0]], "bev": "bev_b10f0cd792b64d16a1a5e8349b20504c.png", "aux": "aux_b10f0cd792b64d16a1a5e8349b20504c.npz", "visibility": "visibility_b10f0cd792b64d16a1a5e8349b20504c.png", "pose": [[0.9934242367744446, 0.11449143290519714, 0.0, 249.87228393554688], [-0.11449143290519714, 0.9934242367744446, 0.0, 917.5610961914062], [0.0, 0.0, 1.0, 0.0], [0.0, 0.0, 0.0, 1.0]], "pose_inverse": [[0.9934242367744446, -0.11449143290519714, 0.0, -143.17630004882812], [0.11449143290519714, 0.9934242367744446, 0.0, -940.1356811523438], [0.0, 0.0, 1.0, 0.0], [0.0, 0.0, 0.0, 1.0]], "cam_ids": [0, 1, 2, 3, 4, 5], "cam_channels": ["CAM_FRONT_LEFT", "CAM_FRONT", "CAM_FRONT_RIGHT", "CAM_BACK_LEFT", "CAM_BACK", "CAM_BACK_RIGHT"], "token": "b10f0cd792b64d16a1a5e8349b20504c", "scene": "scene-0003"}, {"images": ["samples/CAM_FRONT_LEFT/n015-2018-08-02-17-16-37+0800__CAM_FRONT_LEFT__1533201471904844.jpg", "samples/CAM_FRONT/n015-2018-08-02-17-16-37+0800__CAM_FRONT__1533201471912460.jpg", "samples/CAM_FRONT_RIGHT/n015-2018-08-02-17-16-37+0800__CAM_FRONT_RIGHT__1533201471920339.jpg", "samples/CAM_BACK_LEFT/n015-2018-08-02-17-16-37+0800__CAM_BACK_LEFT__1533201471947423.jpg", "samples/CAM_BACK/n015-2018-08-02-17-16-37+0800__CAM_BACK__1533201471937525.jpg", "samples/CAM_BACK_RIGHT/n015-2018-08-02-17-16-37+0800__CAM_BACK_RIGHT__1533201471927893.jpg"], "intrinsics": [[[1272.5979470598488, 0.0, 826.6154927353808], [0.0, 1272.5979470598488, 479.75165386361925], [0.0, 0.0, 1.0]], [[1266.417203046554, 0.0, 816.2670197447984], [0.0, 1266.417203046554, 491.50706579294757], [0.0, 0.0, 1.0]], [[1260.8474446004698, 0.0, 807.968244525554], [0.0, 1260.8474446004698, 495.3344268742088], [0.0, 0.0, 1.0]], [[1256.7414812095406, 0.0, 792.1125740759628], [0.0, 1256.7414812095406, 492.7757465151356], [0.0, 0.0, 1.0]], [[809.2209905677063, 0.0, 829.2196003259838], [0.0, 809.2209905677063, 481.77842384512485], [0.0, 0.0, 1.0]], [[1259.5137405846733, 0.0, 807.2529053838625], [0.0, 1259.5137405846733, 501.19579884916527], [0.0, 0.0, 1.0]]], "extrinsics": [[[0.8207547068595886, -0.5712624788284302, 0.004559047985821962, -0.96502685546875], [-0.004031160846352577, -0.013771556317806244, -0.9998970627784729, 1.5082454681396484], [0.5712664723396301, 0.8206518888473511, -0.013605919666588306, -1.280029296875], [0.0, 0.0, 0.0, 1.0]], [[0.005700587760657072, -0.9998257160186768, 0.01777486689388752, 0.00494384765625], [-0.009336793795228004, -0.017827600240707397, -0.999797523021698, 1.5205307006835938], [0.9999401569366455, 0.005533465184271336, -0.009436795487999916, -1.6923065185546875], [0.0, 0.0, 0.0, 1.0]], [[-0.8329530358314514, -0.5533328652381897, 0.0034383628517389297, 1.0322265625], [-0.0037207314744591713, -0.0006129094981588423, -0.999992847442627, 1.503644347190857], [0.5533310174942017, -0.8329600095748901, -0.001548277330584824, -1.24871826171875], [0.0, 0.0, 0.0, 1.0]], [[0.9477716088294983, 0.31890785694122314, -0.0051680756732821465, -1.14215087890625], [0.004967212211340666, -0.030959777534008026, -0.999508261680603, 1.5885581970214844], [-0.318911075592041, 0.9472799301147461, -0.030926883220672607, -0.10369873046875], [0.0, 0.0, 0.0, 1.0]], [[0.0024134290870279074, 0.9997764825820923, -0.0210037250071764, 0.00274658203125], [-0.02045975811779499, -0.020950019359588623, -0.9995712041854858, 1.5793590545654297], [-0.9997878074645996, 0.002842125715687871, 0.020404623821377754, 0.0018768310546875], [0.0, 0.0, 0.0, 1.0]], [[-0.9348097443580627, 0.35489723086357117, -0.013371025212109089, 1.13623046875], [0.012168130837380886, -0.005621172022074461, -0.9999101758003235, 1.5514473915100098], [-0.3549405336380005, -0.934888482093811, 0.0009362903656437993, -0.06365966796875], [0.0, 0.0, 0.0, 1.0]]], "view": [[0.0, -2.0, 100.0], [-2.0, 0.0, 100.0], [0.0, 0.0, 1.0]], "bev": "bev_163b70e627854893b88575caf85a56ea.png", "aux": "aux_163b70e627854893b88575caf85a56ea.npz", "visibility": "visibility_163b70e627854893b88575caf85a56ea.png", "pose": [[0.9933463931083679, 0.11516489833593369, 0.0, 249.87269592285156], [-0.11516489833593369, 0.9933463931083679, 0.0, 917.562744140625], [0.0, 0.0, 1.0, 0.0], [0.0, 0.0, 0.0, 1.0]], "pose_inverse": [[0.9933463931083679, -0.11516489833593369, 0.0, -142.53912353515625], [0.11516489833593369, 0.9933463931083679, 0.0, -940.2341918945312], [0.0, 0.0, 1.0, 0.0], [0.0, 0.0, 0.0, 1.0]], "cam_ids": [0, 1, 2, 3, 4, 5], "cam_channels": ["CAM_FRONT_LEFT", "CAM_FRONT", "CAM_FRONT_RIGHT", "CAM_BACK_LEFT", "CAM_BACK", "CAM_BACK_RIGHT"], "token": "163b70e627854893b88575caf85a56ea", "scene": "scene-0003"}, {"images": ["samples/CAM_FRONT_LEFT/n015-2018-08-02-17-16-37+0800__CAM_FRONT_LEFT__1533201472404844.jpg", "samples/CAM_FRONT/n015-2018-08-02-17-16-37+0800__CAM_FRONT__1533201472412460.jpg", "samples/CAM_FRONT_RIGHT/n015-2018-08-02-17-16-37+0800__CAM_FRONT_RIGHT__1533201472420339.jpg", "samples/CAM_BACK_LEFT/n015-2018-08-02-17-16-37+0800__CAM_BACK_LEFT__1533201472447423.jpg", "samples/CAM_BACK/n015-2018-08-02-17-16-37+0800__CAM_BACK__1533201472437525.jpg", "samples/CAM_BACK_RIGHT/n015-2018-08-02-17-16-37+0800__CAM_BACK_RIGHT__1533201472427893.jpg"], "intrinsics": [[[1272.5979470598488, 0.0, 826.6154927353808], [0.0, 1272.5979470598488, 479.75165386361925], [0.0, 0.0, 1.0]], [[1266.417203046554, 0.0, 816.2670197447984], [0.0, 1266.417203046554, 491.50706579294757], [0.0, 0.0, 1.0]], [[1260.8474446004698, 0.0, 807.968244525554], [0.0, 1260.8474446004698, 495.3344268742088], [0.0, 0.0, 1.0]], [[1256.7414812095406, 0.0, 792.1125740759628], [0.0, 1256.7414812095406, 492.7757465151356], [0.0, 0.0, 1.0]], [[809.2209905677063, 0.0, 829.2196003259838], [0.0, 809.2209905677063, 481.77842384512485], [0.0, 0.0, 1.0]], [[1259.5137405846733, 0.0, 807.2529053838625], [0.0, 1259.5137405846733, 501.19579884916527], [0.0, 0.0, 1.0]]], "extrinsics": [[[0.8207494616508484, -0.5712637901306152, 0.005279032979160547, -0.964996337890625], [-0.0031015127897262573, -0.01369608286768198, -0.9999014139175415, 1.508249282836914], [0.571279764175415, 0.8206522464752197, -0.013012836687266827, -1.28021240234375], [0.0, 0.0, 0.0, 1.0]], [[0.005686397198587656, -0.9998266696929932, 0.017722517251968384, 0.00506591796875], [-0.008380142040550709, -0.0177698265761137, -0.9998070001602173, 1.5205307006835938], [0.9999487400054932, 0.005536783952265978, -0.008479736745357513, -1.6923065185546875], [0.0, 0.0, 0.0, 1.0]], [[-0.8329524993896484, -0.553338348865509, 0.0025962323416024446, 1.0322265625], [-0.0027359742671251297, -0.0005734006990678608, -0.9999960660934448, 1.5036462545394897], [0.5533376932144165, -0.8329563736915588, -0.001036302070133388, -1.248779296875], [0.0, 0.0, 0.0, 1.0]], [[0.9477683901786804, 0.31893202662467957, -0.004182523116469383, -1.14215087890625], [0.006014217156916857, -0.030980030074715614, -0.9995018839836121, 1.5885581970214844], [-0.31890273094177246, 0.9472711086273193, -0.031280022114515305, -0.10369873046875], [0.0, 0.0, 0.0, 1.0]], [[0.0024216598831117153, 0.9997767210006714, -0.020993229001760483, 0.00286865234375], [-0.019426731392741203, -0.020942293107509613, -0.9995919466018677, 1.5793571472167969], [-0.9998083710670471, 0.0028285072185099125, 0.019371677190065384, 0.0018768310546875], [0.0, 0.0, 0.0, 1.0]], [[-0.9347992539405823, 0.3548886179924011, -0.014301983639597893, 1.13616943359375], [0.01317309495061636, -0.005597030743956566, -0.9998975396156311, 1.5514495372772217], [-0.35493233799934387, -0.9348918795585632, 0.0005571158835664392, -0.0635986328125], [0.0, 0.0, 0.0, 1.0]]], "view": [[0.0, -2.0, 100.0], [-2.0, 0.0, 100.0], [0.0, 0.0, 1.0]], "bev": "bev_f56a544064a548a39a81f18cc8f633c5.png", "aux": "aux_f56a544064a548a39a81f18cc8f633c5.npz", "visibility": "visibility_f56a544064a548a39a81f18cc8f633c5.png", "pose": [[0.9933252930641174, 0.11534668505191803, 0.0, 249.8728790283203], [-0.11534668505191803, 0.9933252930641174, 0.0, 917.5640258789062], [0.0, 0.0, 1.0, 0.0], [0.0, 0.0, 0.0, 1.0]], "pose_inverse": [[0.9933252930641174, -0.11534668505191803, 0.0, -142.36708068847656], [0.11534668505191803, 0.9933252930641174, 0.0, -940.2615356445312], [0.0, 0.0, 1.0, 0.0], [0.0, 0.0, 0.0, 1.0]], "cam_ids": [0, 1, 2, 3, 4, 5], "cam_channels": ["CAM_FRONT_LEFT", "CAM_FRONT", "CAM_FRONT_RIGHT", "CAM_BACK_LEFT", "CAM_BACK", "CAM_BACK_RIGHT"], "token": "f56a544064a548a39a81f18cc8f633c5", "scene": "scene-0003"}, {"images": ["samples/CAM_FRONT_LEFT/n015-2018-08-02-17-16-37+0800__CAM_FRONT_LEFT__1533201472854844.jpg", "samples/CAM_FRONT/n015-2018-08-02-17-16-37+0800__CAM_FRONT__1533201472862460.jpg", "samples/CAM_FRONT_RIGHT/n015-2018-08-02-17-16-37+0800__CAM_FRONT_RIGHT__1533201472870339.jpg", "samples/CAM_BACK_LEFT/n015-2018-08-02-17-16-37+0800__CAM_BACK_LEFT__1533201472897423.jpg", "samples/CAM_BACK/n015-2018-08-02-17-16-37+0800__CAM_BACK__1533201472887525.jpg", "samples/CAM_BACK_RIGHT/n015-2018-08-02-17-16-37+0800__CAM_BACK_RIGHT__1533201472877893.jpg"], "intrinsics": [[[1272.5979470598488, 0.0, 826.6154927353808], [0.0, 1272.5979470598488, 479.75165386361925], [0.0, 0.0, 1.0]], [[1266.417203046554, 0.0, 816.2670197447984], [0.0, 1266.417203046554, 491.50706579294757], [0.0, 0.0, 1.0]], [[1260.8474446004698, 0.0, 807.968244525554], [0.0, 1260.8474446004698, 495.3344268742088], [0.0, 0.0, 1.0]], [[1256.7414812095406, 0.0, 792.1125740759628], [0.0, 1256.7414812095406, 492.7757465151356], [0.0, 0.0, 1.0]], [[809.2209905677063, 0.0, 829.2196003259838], [0.0, 809.2209905677063, 481.77842384512485], [0.0, 0.0, 1.0]], [[1259.5137405846733, 0.0, 807.2529053838625], [0.0, 1259.5137405846733, 501.19579884916527], [0.0, 0.0, 1.0]]], "extrinsics": [[[0.8208638429641724, -0.5710744857788086, 0.007510836701840162, -0.960693359375], [-0.00028166183619759977, -0.013555767014622688, -0.9999080300331116, 1.508244514465332], [0.5711237192153931, 0.8207862973213196, -0.011288290843367577, -1.277099609375], [0.0, 0.0, 0.0, 1.0]], [[0.005837483797222376, -0.9998283386230469, 0.017582375556230545, 0.0050048828125], [-0.005524814128875732, -0.01761465333402157, -0.9998296499252319, 1.5205059051513672], [0.9999676942825317, 0.0057393526658415794, -0.00562669150531292, -1.6877593994140625], [0.0, 0.0, 0.0, 1.0]], [[-0.8328590393066406, -0.5534850358963013, 0.00010152552567888051, 1.0291748046875], [0.000152394495671615, -0.0004127456049900502, -0.9999998807907104, 1.5036448240280151], [0.5534849762916565, -0.8328589797019958, 0.00042810814920812845, -1.24676513671875], [0.0, 0.0, 0.0, 1.0]], [[0.9477618336677551, 0.3189760744571686, -0.0013072233414277434, -1.141998291015625], [0.008985175751149654, -0.03079340048134327, -0.9994853734970093, 1.5885581970214844], [-0.31885215640068054, 0.9472624063491821, -0.03205086663365364, -0.10369873046875], [0.0, 0.0, 0.0, 1.0]], [[0.002378250937908888, 0.9997807145118713, -0.02080651931464672, 0.00286865234375], [-0.016490977257490158, -0.020764539018273354, -0.9996483325958252, 1.5793304443359375], [-0.9998611807823181, 0.002720541087910533, 0.01643797568976879, 0.000396728515625], [0.0, 0.0, 0.0, 1.0]], [[-0.934807300567627, 0.35474973917007446, -0.016963696107268333, 1.133636474609375], [0.01608430966734886, -0.005427833180874586, -0.9998558759689331, 1.5514919757843018], [-0.35479068756103516, -0.9349455237388611, -0.0006319264066405594, -0.064697265625], [0.0, 0.0, 0.0, 1.0]]], "view": [[0.0, -2.0, 100.0], [-2.0, 0.0, 100.0], [0.0, 0.0, 1.0]], "bev": "bev_f286cdaef36648cba3b6a24d2178dc8a.png", "aux": "aux_f286cdaef36648cba3b6a24d2178dc8a.npz", "visibility": "visibility_f286cdaef36648cba3b6a24d2178dc8a.png", "pose": [[0.9932796955108643, 0.11573848873376846, 0.0, 249.8824005126953], [-0.11573848873376846, 0.9932796955108643, 0.0, 917.5639038085938], [0.0, 0.0, 1.0, 0.0], [0.0, 0.0, 0.0, 1.0]], "pose_inverse": [[0.9932796955108643, -0.11573848873376846, 0.0, -142.0056610107422], [0.11573848873376846, 0.9932796955108643, 0.0, -940.318603515625], [0.0, 0.0, 1.0, 0.0], [0.0, 0.0, 0.0, 1.0]], "cam_ids": [0, 1, 2, 3, 4, 5], "cam_channels": ["CAM_FRONT_LEFT", "CAM_FRONT", "CAM_FRONT_RIGHT", "CAM_BACK_LEFT", "CAM_BACK", "CAM_BACK_RIGHT"], "token": "f286cdaef36648cba3b6a24d2178dc8a", "scene": "scene-0003"}, {"images": ["samples/CAM_FRONT_LEFT/n015-2018-08-02-17-16-37+0800__CAM_FRONT_LEFT__1533201473354844.jpg", "samples/CAM_FRONT/n015-2018-08-02-17-16-37+0800__CAM_FRONT__1533201473362460.jpg", "samples/CAM_FRONT_RIGHT/n015-2018-08-02-17-16-37+0800__CAM_FRONT_RIGHT__1533201473370339.jpg", "samples/CAM_BACK_LEFT/n015-2018-08-02-17-16-37+0800__CAM_BACK_LEFT__1533201473397423.jpg", "samples/CAM_BACK/n015-2018-08-02-17-16-37+0800__CAM_BACK__1533201473387525.jpg", "samples/CAM_BACK_RIGHT/n015-2018-08-02-17-16-37+0800__CAM_BACK_RIGHT__1533201473377893.jpg"], "intrinsics": [[[1272.5979470598488, 0.0, 826.6154927353808], [0.0, 1272.5979470598488, 479.75165386361925], [0.0, 0.0, 1.0]], [[1266.417203046554, 0.0, 816.2670197447984], [0.0, 1266.417203046554, 491.50706579294757], [0.0, 0.0, 1.0]], [[1260.8474446004698, 0.0, 807.968244525554], [0.0, 1260.8474446004698, 495.3344268742088], [0.0, 0.0, 1.0]], [[1256.7414812095406, 0.0, 792.1125740759628], [0.0, 1256.7414812095406, 492.7757465151356], [0.0, 0.0, 1.0]], [[809.2209905677063, 0.0, 829.2196003259838], [0.0, 809.2209905677063, 481.77842384512485], [0.0, 0.0, 1.0]], [[1259.5137405846733, 0.0, 807.2529053838625], [0.0, 1259.5137405846733, 501.19579884916527], [0.0, 0.0, 1.0]]], "extrinsics": [[[0.8207882642745972, -0.571178674697876, 0.007843762636184692, -0.94940185546875], [-0.00011753405124181882, -0.013900157995522022, -0.9999033808708191, 1.508244514465332], [0.5712325572967529, 0.8207080960273743, -0.01147621963173151, -1.26904296875], [0.0, 0.0, 0.0, 1.0]], [[0.00572139723226428, -0.9998229742050171, 0.017925821244716644, 0.0050048828125], [-0.005428788252174854, -0.01795690506696701, -0.999824047088623, 1.5204448699951172], [0.999968945980072, 0.0056230779737234116, -0.00553056551143527, -1.676300048828125], [0.0, 0.0, 0.0, 1.0]], [[-0.8329136967658997, -0.553402841091156, 0.00026343934587202966, 1.02166748046875], [0.0001833033311413601, -0.0007519189966842532, -0.9999997019767761, 1.503645658493042], [0.553402841091156, -0.8329133987426758, 0.0007277256809175014, -1.2418212890625], [0.0, 0.0, 0.0, 1.0]], [[0.9477644562721252, 0.31896740198135376, -0.0015575304860249162, -1.14141845703125], [0.008836451917886734, -0.031136689707636833, -0.9994760751724243, 1.5885658264160156], [-0.31884878873825073, 0.9472540616989136, -0.03232878819108009, -0.10406494140625], [0.0, 0.0, 0.0, 1.0]], [[0.0024223695509135723, 0.9997735023498535, -0.021144364029169083, 0.0029296875], [-0.016572510823607445, -0.021101387217640877, -0.9996399879455566, 1.5792694091796875], [-0.9998596906661987, 0.0027719116769731045, 0.0165176410228014, -0.003326416015625], [0.0, 0.0, 0.0, 1.0]], [[-0.93477863073349, 0.3548206388950348, -0.01706269197165966, 1.127410888671875], [0.016062136739492416, -0.005765348207205534, -0.9998543858528137, 1.5516014099121094], [-0.3548673391342163, -0.934916615486145, -0.00030985375633463264, -0.067138671875], [0.0, 0.0, 0.0, 1.0]]], "view": [[0.0, -2.0, 100.0], [-2.0, 0.0, 100.0], [0.0, 0.0, 1.0]], "bev": "bev_877f55a6d8324fefb5e0f5e0bac3d7c1.png", "aux": "aux_877f55a6d8324fefb5e0f5e0bac3d7c1.npz", "visibility": "visibility_877f55a6d8324fefb5e0f5e0bac3d7c1.png", "pose": [[0.9928135871887207, 0.11967114359140396, 0.0, 250.03407287597656], [-0.11967114359140396, 0.9928135871887207, 0.0, 917.5474243164062], [0.0, 0.0, 1.0, 0.0], [0.0, 0.0, 0.0, 1.0]], "pose_inverse": [[0.9928135871887207, -0.11967114359140396, 0.0, -138.4332733154297], [0.11967114359140396, 0.9928135871887207, 0.0, -940.8754272460938], [0.0, 0.0, 1.0, 0.0], [0.0, 0.0, 0.0, 1.0]], "cam_ids": [0, 1, 2, 3, 4, 5], "cam_channels": ["CAM_FRONT_LEFT", "CAM_FRONT", "CAM_FRONT_RIGHT", "CAM_BACK_LEFT", "CAM_BACK", "CAM_BACK_RIGHT"], "token": "877f55a6d8324fefb5e0f5e0bac3d7c1", "scene": "scene-0003"}, {"images": ["samples/CAM_FRONT_LEFT/n015-2018-08-02-17-16-37+0800__CAM_FRONT_LEFT__1533201473854844.jpg", "samples/CAM_FRONT/n015-2018-08-02-17-16-37+0800__CAM_FRONT__1533201473862460.jpg", "samples/CAM_FRONT_RIGHT/n015-2018-08-02-17-16-37+0800__CAM_FRONT_RIGHT__1533201473870339.jpg", "samples/CAM_BACK_LEFT/n015-2018-08-02-17-16-37+0800__CAM_BACK_LEFT__1533201473897423.jpg", "samples/CAM_BACK/n015-2018-08-02-17-16-37+0800__CAM_BACK__1533201473887525.jpg", "samples/CAM_BACK_RIGHT/n015-2018-08-02-17-16-37+0800__CAM_BACK_RIGHT__1533201473877893.jpg"], "intrinsics": [[[1272.5979470598488, 0.0, 826.6154927353808], [0.0, 1272.5979470598488, 479.75165386361925], [0.0, 0.0, 1.0]], [[1266.417203046554, 0.0, 816.2670197447984], [0.0, 1266.417203046554, 491.50706579294757], [0.0, 0.0, 1.0]], [[1260.8474446004698, 0.0, 807.968244525554], [0.0, 1260.8474446004698, 495.3344268742088], [0.0, 0.0, 1.0]], [[1256.7414812095406, 0.0, 792.1125740759628], [0.0, 1256.7414812095406, 492.7757465151356], [0.0, 0.0, 1.0]], [[809.2209905677063, 0.0, 829.2196003259838], [0.0, 809.2209905677063, 481.77842384512485], [0.0, 0.0, 1.0]], [[1259.5137405846733, 0.0, 807.2529053838625], [0.0, 1259.5137405846733, 501.19579884916527], [0.0, 0.0, 1.0]]], "extrinsics": [[[0.8199014663696289, -0.5724557042121887, 0.0074877929873764515, -0.936309814453125], [-0.0002436542126815766, -0.013427922502160072, -0.9999098181724548, 1.5082321166992188], [0.5725046396255493, 0.8198257088661194, -0.011149054393172264, -1.25946044921875], [0.0, 0.0, 0.0, 1.0]], [[0.00440730806440115, -0.9998381733894348, 0.017441213130950928, 0.0047607421875], [-0.005568796303123236, -0.01746564917266369, -0.9998319745063782, 1.5203609466552734], [0.9999747276306152, 0.004309434909373522, -0.005644871387630701, -1.6627197265625], [0.0, 0.0, 0.0, 1.0]], [[-0.8334821462631226, -0.5525463819503784, 9.007709741126746e-05, 1.0125732421875], [5.92204523854889e-05, -0.00025235075736418366, -0.9999999403953552, 1.5036450624465942], [0.5525463819503784, -0.8334820866584778, 0.00024305324768647552, -1.23614501953125], [0.0, 0.0, 0.0, 1.0]], [[0.9477894902229309, 0.3188931941986084, -0.0015221885405480862, -1.140411376953125], [0.00868257787078619, -0.030576614663004875, -0.9994946718215942, 1.5885734558105469], [-0.3187785744667053, 0.9472973346710205, -0.03174900636076927, -0.10418701171875], [0.0, 0.0, 0.0, 1.0]], [[0.0028397084679454565, 0.9997836947441101, -0.02060384303331375, 0.00299072265625], [-0.016725024208426476, -0.020553559064865112, -0.9996488690376282, 1.5791912078857422], [-0.9998560547828674, 0.0031832971144467592, 0.016663039103150368, -0.00787353515625], [0.0, 0.0, 0.0, 1.0]], [[-0.9345136284828186, 0.35553258657455444, -0.016757117584347725, 1.119903564453125], [0.015926029533147812, -0.005264407489448786, -0.9998592734336853, 1.551727294921875], [-0.35557079315185547, -0.9346490502357483, -0.0007425629300996661, -0.07012939453125], [0.0, 0.0, 0.0, 1.0]]], "view": [[0.0, -2.0, 100.0], [-2.0, 0.0, 100.0], [0.0, 0.0, 1.0]], "bev": "bev_49f8376cd6b34f07b20ed6d5b5b42acd.png", "aux": "aux_49f8376cd6b34f07b20ed6d5b5b42acd.npz", "visibility": "visibility_49f8376cd6b34f07b20ed6d5b5b42acd.png", "pose": [[0.9936746954917908, 0.11229679733514786, 0.0, 250.32028198242188], [-0.11229679733514786, 0.9936746954917908, 0.0, 917.521484375], [0.0, 0.0, 1.0, 0.0], [0.0, 0.0, 0.0, 1.0]], "pose_inverse": [[0.9936746954917908, -0.11229679733514786, 0.0, -145.70220947265625], [0.11229679733514786, 0.9936746954917908, 0.0, -939.8280639648438], [0.0, 0.0, 1.0, 0.0], [0.0, 0.0, 0.0, 1.0]], "cam_ids": [0, 1, 2, 3, 4, 5], "cam_channels": ["CAM_FRONT_LEFT", "CAM_FRONT", "CAM_FRONT_RIGHT", "CAM_BACK_LEFT", "CAM_BACK", "CAM_BACK_RIGHT"], "token": "49f8376cd6b34f07b20ed6d5b5b42acd", "scene": "scene-0003"}, {"images": ["samples/CAM_FRONT_LEFT/n015-2018-08-02-17-16-37+0800__CAM_FRONT_LEFT__1533201474404844.jpg", "samples/CAM_FRONT/n015-2018-08-02-17-16-37+0800__CAM_FRONT__1533201474412460.jpg", "samples/CAM_FRONT_RIGHT/n015-2018-08-02-17-16-37+0800__CAM_FRONT_RIGHT__1533201474420339.jpg", "samples/CAM_BACK_LEFT/n015-2018-08-02-17-16-37+0800__CAM_BACK_LEFT__1533201474447423.jpg", "samples/CAM_BACK/n015-2018-08-02-17-16-37+0800__CAM_BACK__1533201474437525.jpg", "samples/CAM_BACK_RIGHT/n015-2018-08-02-17-16-37+0800__CAM_BACK_RIGHT__1533201474431975.jpg"], "intrinsics": [[[1272.5979470598488, 0.0, 826.6154927353808], [0.0, 1272.5979470598488, 479.75165386361925], [0.0, 0.0, 1.0]], [[1266.417203046554, 0.0, 816.2670197447984], [0.0, 1266.417203046554, 491.50706579294757], [0.0, 0.0, 1.0]], [[1260.8474446004698, 0.0, 807.968244525554], [0.0, 1260.8474446004698, 495.3344268742088], [0.0, 0.0, 1.0]], [[1256.7414812095406, 0.0, 792.1125740759628], [0.0, 1256.7414812095406, 492.7757465151356], [0.0, 0.0, 1.0]], [[809.2209905677063, 0.0, 829.2196003259838], [0.0, 809.2209905677063, 481.77842384512485], [0.0, 0.0, 1.0]], [[1259.5137405846733, 0.0, 807.2529053838625], [0.0, 1259.5137405846733, 501.19579884916527], [0.0, 0.0, 1.0]]], "extrinsics": [[[0.8199141621589661, -0.5724440217018127, 0.006971781142055988, -0.91339111328125], [-0.0003743395209312439, -0.012714157812297344, -0.9999191164970398, 1.5082111358642578], [0.5724862813949585, 0.8198452591896057, -0.010638806037604809, -1.24285888671875], [0.0, 0.0, 0.0, 1.0]], [[0.004453407134860754, -0.9998498558998108, 0.016742469742894173, 0.00439453125], [-0.00564725324511528, -0.01676751859486103, -0.9998434782028198, 1.5202159881591797], [0.9999740123748779, 0.004358155652880669, -0.0057210782542824745, -1.6393585205078125], [0.0, 0.0, 0.0, 1.0]], [[-0.8334696292877197, -0.5525652766227722, -0.0002628885267768055, 0.99700927734375], [2.5584298782632686e-05, 0.00043717207154259086, -0.9999998807907104, 1.5036461353302002], [0.5525652766227722, -0.8334695100784302, -0.0003502311010379344, -1.226318359375], [0.0, 0.0, 0.0, 1.0]], [[0.9477670788764954, 0.31896039843559265, -0.0013469643890857697, -1.139862060546875], [0.008680746890604496, -0.030015114694833755, -0.99951171875, 1.5885753631591797], [-0.31884506344795227, 0.947292685508728, -0.031216153874993324, -0.10443115234375], [0.0, 0.0, 0.0, 1.0]], [[0.00283302110619843, 0.9997962713241577, -0.019984127953648567, 0.003173828125], [-0.01677144691348076, -0.019933894276618958, -0.9996606707572937, 1.5790576934814453], [-0.9998553395271301, 0.0031672173645347357, 0.016711557283997536, -0.015472412109375], [0.0, 0.0, 0.0, 1.0]], [[-0.9345638751983643, 0.3554145395755768, -0.0164596289396286, 1.1127471923828125], [0.01586056873202324, -0.004599337466061115, -0.9998636841773987, 1.5518473386764526], [-0.35544174909591675, -0.9346974492073059, -0.0013387048384174705, -0.072998046875], [0.0, 0.0, 0.0, 1.0]]], "view": [[0.0, -2.0, 100.0], [-2.0, 0.0, 100.0], [0.0, 0.0, 1.0]], "bev": "bev_cc50000970584ba5aaf14760b1ced696.png", "aux": "aux_cc50000970584ba5aaf14760b1ced696.npz", "visibility": "visibility_cc50000970584ba5aaf14760b1ced696.png", "pose": [[0.9955794811248779, 0.09392278641462326, 0.0, 250.9709930419922], [-0.09392278641462326, 0.9955794811248779, 0.0, 917.4647827148438], [0.0, 0.0, 1.0, 0.0], [0.0, 0.0, 0.0, 1.0]], "pose_inverse": [[0.9955794811248779, -0.09392278641462326, 0.0, -163.6907196044922], [0.09392278641462326, 0.9955794811248779, 0.0, -936.9810180664062], [0.0, 0.0, 1.0, 0.0], [0.0, 0.0, 0.0, 1.0]], "cam_ids": [0, 1, 2, 3, 4, 5], "cam_channels": ["CAM_FRONT_LEFT", "CAM_FRONT", "CAM_FRONT_RIGHT", "CAM_BACK_LEFT", "CAM_BACK", "CAM_BACK_RIGHT"], "token": "cc50000970584ba5aaf14760b1ced696", "scene": "scene-0003"}, {"images": ["samples/CAM_FRONT_LEFT/n015-2018-08-02-17-16-37+0800__CAM_FRONT_LEFT__1533201474904844.jpg", "samples/CAM_FRONT/n015-2018-08-02-17-16-37+0800__CAM_FRONT__1533201474912460.jpg", "samples/CAM_FRONT_RIGHT/n015-2018-08-02-17-16-37+0800__CAM_FRONT_RIGHT__1533201474920339.jpg", "samples/CAM_BACK_LEFT/n015-2018-08-02-17-16-37+0800__CAM_BACK_LEFT__1533201474947423.jpg", "samples/CAM_BACK/n015-2018-08-02-17-16-37+0800__CAM_BACK__1533201474937525.jpg", "samples/CAM_BACK_RIGHT/n015-2018-08-02-17-16-37+0800__CAM_BACK_RIGHT__1533201474927893.jpg"], "intrinsics": [[[1272.5979470598488, 0.0, 826.6154927353808], [0.0, 1272.5979470598488, 479.75165386361925], [0.0, 0.0, 1.0]], [[1266.417203046554, 0.0, 816.2670197447984], [0.0, 1266.417203046554, 491.50706579294757], [0.0, 0.0, 1.0]], [[1260.8474446004698, 0.0, 807.968244525554], [0.0, 1260.8474446004698, 495.3344268742088], [0.0, 0.0, 1.0]], [[1256.7414812095406, 0.0, 792.1125740759628], [0.0, 1256.7414812095406, 492.7757465151356], [0.0, 0.0, 1.0]], [[809.2209905677063, 0.0, 829.2196003259838], [0.0, 809.2209905677063, 481.77842384512485], [0.0, 0.0, 1.0]], [[1259.5137405846733, 0.0, 807.2529053838625], [0.0, 1259.5137405846733, 501.19579884916527], [0.0, 0.0, 1.0]]], "extrinsics": [[[0.8206213116645813, -0.5714285373687744, 0.0070789954625070095, -0.900787353515625], [-0.00011485056165838614, -0.012552204541862011, -0.9999212026596069, 1.508223533630371], [0.5714723467826843, 0.8205558657646179, -0.010366233997046947, -1.23419189453125], [0.0, 0.0, 0.0, 1.0]], [[0.005496234633028507, -0.9998481869697571, 0.01653335429728031, 0.00439453125], [-0.005458248313516378, -0.016563354060053825, -0.999847948551178, 1.5201587677001953], [0.999970018863678, 0.005405164323747158, -0.005548455752432346, -1.6267852783203125], [0.0, 0.0, 0.0, 1.0]], [[-0.8330003619194031, -0.5532720685005188, -0.0004869908152613789, 0.989013671875], [0.0001219468904309906, 0.000696598261129111, -0.9999997615814209, 1.5036506652832031], [0.5532723069190979, -0.8330002427101135, -0.0005127974436618388, -1.2208251953125], [0.0, 0.0, 0.0, 1.0]], [[0.9476789832115173, 0.31922265887260437, -0.0012352258199825883, -1.139312744140625], [0.008657684549689293, -0.029569782316684723, -0.999525249004364, 1.5885810852050781], [-0.31910762190818787, 0.9472182989120483, -0.030786389485001564, -0.1046142578125], [0.0, 0.0, 0.0, 1.0]], [[0.0022684382274746895, 0.9998049736022949, -0.019620316103100777, 0.00323486328125], [-0.016718965023756027, -0.019579704850912094, -0.999668538570404, 1.5790081024169922], [-0.9998575448989868, 0.0025957212783396244, 0.01667128875851631, -0.018524169921875], [0.0, 0.0, 0.0, 1.0]], [[-0.934772789478302, 0.3548652231693268, -0.016444601118564606, 1.101043701171875], [0.015965791419148445, -0.004277591127902269, -0.9998633861541748, 1.5520501136779785], [-0.35488712787628174, -0.9349076747894287, -0.0016671286430209875, -0.07763671875], [0.0, 0.0, 0.0, 1.0]]], "view": [[0.0, -2.0, 100.0], [-2.0, 0.0, 100.0], [0.0, 0.0, 1.0]], "bev": "bev_21b99febc5c14f7385e787fe81e96670.png", "aux": "aux_21b99febc5c14f7385e787fe81e96670.npz", "visibility": "visibility_21b99febc5c14f7385e787fe81e96670.png", "pose": [[0.99652498960495, 0.08329460769891739, 0.0, 251.80218505859375], [-0.08329460769891739, 0.99652498960495, 0.0, 917.4031982421875], [0.0, 0.0, 1.0, 0.0], [0.0, 0.0, 0.0, 1.0]], "pose_inverse": [[0.99652498960495, -0.08329460769891739, 0.0, -174.51242065429688], [0.08329460769891739, 0.99652498960495, 0.0, -935.18896484375], [0.0, 0.0, 1.0, 0.0], [0.0, 0.0, 0.0, 1.0]], "cam_ids": [0, 1, 2, 3, 4, 5], "cam_channels": ["CAM_FRONT_LEFT", "CAM_FRONT", "CAM_FRONT_RIGHT", "CAM_BACK_LEFT", "CAM_BACK", "CAM_BACK_RIGHT"], "token": "21b99febc5c14f7385e787fe81e96670", "scene": "scene-0003"}, {"images": ["samples/CAM_FRONT_LEFT/n015-2018-08-02-17-16-37+0800__CAM_FRONT_LEFT__1533201475404844.jpg", "samples/CAM_FRONT/n015-2018-08-02-17-16-37+0800__CAM_FRONT__1533201475412460.jpg", "samples/CAM_FRONT_RIGHT/n015-2018-08-02-17-16-37+0800__CAM_FRONT_RIGHT__1533201475420339.jpg", "samples/CAM_BACK_LEFT/n015-2018-08-02-17-16-37+0800__CAM_BACK_LEFT__1533201475447423.jpg", "samples/CAM_BACK/n015-2018-08-02-17-16-37+0800__CAM_BACK__1533201475437525.jpg", "samples/CAM_BACK_RIGHT/n015-2018-08-02-17-16-37+0800__CAM_BACK_RIGHT__1533201475427893.jpg"], "intrinsics": [[[1272.5979470598488, 0.0, 826.6154927353808], [0.0, 1272.5979470598488, 479.75165386361925], [0.0, 0.0, 1.0]], [[1266.417203046554, 0.0, 816.2670197447984], [0.0, 1266.417203046554, 491.50706579294757], [0.0, 0.0, 1.0]], [[1260.8474446004698, 0.0, 807.968244525554], [0.0, 1260.8474446004698, 495.3344268742088], [0.0, 0.0, 1.0]], [[1256.7414812095406, 0.0, 792.1125740759628], [0.0, 1256.7414812095406, 492.7757465151356], [0.0, 0.0, 1.0]], [[809.2209905677063, 0.0, 829.2196003259838], [0.0, 809.2209905677063, 481.77842384512485], [0.0, 0.0, 1.0]], [[1259.5137405846733, 0.0, 807.2529053838625], [0.0, 1259.5137405846733, 501.19579884916527], [0.0, 0.0, 1.0]]], "extrinsics": [[[0.8200832009315491, -0.5722376108169556, 0.0027801685500890017, -0.893646240234375], [-0.004388689529150724, -0.011147572658956051, -0.9999282360076904, 1.507852554321289], [0.5722274780273438, 0.820012092590332, -0.011653308756649494, -1.22930908203125], [0.0, 0.0, 0.0, 1.0]], [[0.004734228365123272, -0.9998732805252075, 0.01519724726676941, 0.00457763671875], [-0.009692261926829815, -0.015242584981024265, -0.9998368620872498, 1.519815444946289], [0.9999417662620544, 0.004586153198033571, -0.009763196110725403, -1.6196746826171875], [0.0, 0.0, 0.0, 1.0]], [[-0.8333740234375, -0.5527045726776123, 0.002318114507943392, 0.9842529296875], [-0.00405611377209425, 0.0019217660883441567, -0.9999898672103882, 1.5034127235412598], [0.55269455909729, -0.8333750367164612, -0.0038433815352618694, -1.2176513671875], [0.0, 0.0, 0.0, 1.0]], [[0.9477580189704895, 0.31895560026168823, -0.004702524282038212, -1.13861083984375], [0.004696057178080082, -0.028691338375210762, -0.99