[{"images": ["samples/CAM_FRONT_LEFT/n015-2018-07-24-10-42-41+0800__CAM_FRONT_LEFT__1532400513654844.jpg", "samples/CAM_FRONT/n015-2018-07-24-10-42-41+0800__CAM_FRONT__1532400513662460.jpg", "samples/CAM_FRONT_RIGHT/n015-2018-07-24-10-42-41+0800__CAM_FRONT_RIGHT__1532400513670339.jpg", "samples/CAM_BACK_LEFT/n015-2018-07-24-10-42-41+0800__CAM_BACK_LEFT__1532400513697423.jpg", "samples/CAM_BACK/n015-2018-07-24-10-42-41+0800__CAM_BACK__1532400513687525.jpg", "samples/CAM_BACK_RIGHT/n015-2018-07-24-10-42-41+0800__CAM_BACK_RIGHT__1532400513677893.jpg"], "intrinsics": [[[1272.5979470598488, 0.0, 826.6154927353808], [0.0, 1272.5979470598488, 479.75165386361925], [0.0, 0.0, 1.0]], [[1266.417203046554, 0.0, 816.2670197447984], [0.0, 1266.417203046554, 491.50706579294757], [0.0, 0.0, 1.0]], [[1260.8474446004698, 0.0, 807.968244525554], [0.0, 1260.8474446004698, 495.3344268742088], [0.0, 0.0, 1.0]], [[1256.7414812095406, 0.0, 792.1125740759628], [0.0, 1256.7414812095406, 492.7757465151356], [0.0, 0.0, 1.0]], [[809.2209905677063, 0.0, 829.2196003259838], [0.0, 809.2209905677063, 481.77842384512485], [0.0, 0.0, 1.0]], [[1259.5137405846733, 0.0, 807.2529053838625], [0.0, 1259.5137405846733, 501.19579884916527], [0.0, 0.0, 1.0]]], "extrinsics": [[[0.8205283880233765, -0.5712410807609558, 0.02041620761156082, -0.72222900390625], [0.01400961447507143, -0.015608875080943108, -0.999779999256134, 1.5124006271362305], [0.571433961391449, 0.8206338882446289, -0.00480465916916728, -1.11279296875], [0.0, 0.0, 0.0, 1.0]], [[0.005381447728723288, -0.9997952580451965, 0.01950540393590927, 0.0074462890625], [0.008967239409685135, -0.019456658512353897, -0.9997705221176147, 1.5227231979370117], [0.9999452829360962, 0.005555070471018553, 0.008860697969794273, -1.4503173828125], [0.0, 0.0, 0.0, 1.0]], [[-0.832855224609375, -0.5533767342567444, -0.011237304657697678, 0.8770751953125], [0.014856641180813313, -0.0020553614012897015, -0.9998874664306641, 1.5064239501953125], [0.5532914400100708, -0.832928478717804, 0.009933140128850937, -1.14459228515625], [0.0, 0.0, 0.0, 1.0]], [[0.947550356388092, 0.3193422555923462, 0.01299472339451313, -1.1422119140625], [0.02444879151880741, -0.03188501298427582, -0.9991924166679382, 1.5885696411132812], [-0.31867000460624695, 0.9471029043197632, -0.03802018612623215, -0.10406494140625], [0.0, 0.0, 0.0, 1.0]], [[0.0026695148553699255, 0.9997529983520508, -0.022064534947276115, 0.002532958984375], [-0.001298709656111896, -0.022061128169298172, -0.9997557997703552, 1.5792795419692993], [-0.9999956488609314, 0.002697479445487261, 0.0012394968653097749, -0.0655517578125], [0.0, 0.0, 0.0, 1.0]], [[-0.9344128370285034, 0.35480356216430664, -0.03141901642084122, 1.010498046875], [0.03098258189857006, -0.006912730168551207, -0.9994960427284241, 1.5556144714355469], [-0.3548419177532196, -0.9349153637886047, -0.004533388186246157, -0.1107177734375], [0.0, 0.0, 0.0, 1.0]]], "view": [[0.0, -2.0, 100.0], [-2.0, 0.0, 100.0], [0.0, 0.0, 1.0]], "bev": "bev_15c59626df6b4f96bb7ef7c5c1797159.png", "aux": "aux_15c59626df6b4f96bb7ef7c5c1797159.npz", "visibility": "visibility_15c59626df6b4f96bb7ef7c5c1797159.png", "pose": [[-0.3924402594566345, 0.919777512550354, 0.0, 347.5447082519531], [-0.919777512550354, -0.3924402594566345, 0.0, 1035.66259765625], [0.0, 0.0, 1.0, 0.0], [0.0, 0.0, 0.0, 1.0]], "pose_inverse": [[-0.3924402594566345, -0.919777512550354, 0.0, 1088.9697265625], [0.919777512550354, -0.3924402594566345, 0.0, 86.77189636230469], [0.0, 0.0, 1.0, 0.0], [0.0, 0.0, 0.0, 1.0]], "cam_ids": [0, 1, 2, 3, 4, 5], "cam_channels": ["CAM_FRONT_LEFT", "CAM_FRONT", "CAM_FRONT_RIGHT", "CAM_BACK_LEFT", "CAM_BACK", "CAM_BACK_RIGHT"], "token": "15c59626df6b4f96bb7ef7c5c1797159", "scene": "scene-0039"}, {"images": ["samples/CAM_FRONT_LEFT/n015-2018-07-24-10-42-41+0800__CAM_FRONT_LEFT__1532400514154844.jpg", "samples/CAM_FRONT/n015-2018-07-24-10-42-41+0800__CAM_FRONT__1532400514162460.jpg", "samples/CAM_FRONT_RIGHT/n015-2018-07-24-10-42-41+0800__CAM_FRONT_RIGHT__1532400514170339.jpg", "samples/CAM_BACK_LEFT/n015-2018-07-24-10-42-41+0800__CAM_BACK_LEFT__1532400514197428.jpg", "samples/CAM_BACK/n015-2018-07-24-10-42-41+0800__CAM_BACK__1532400514187525.jpg", "samples/CAM_BACK_RIGHT/n015-2018-07-24-10-42-41+0800__CAM_BACK_RIGHT__1532400514177893.jpg"], "intrinsics": [[[1272.5979470598488, 0.0, 826.6154927353808], [0.0, 1272.5979470598488, 479.75165386361925], [0.0, 0.0, 1.0]], [[1266.417203046554, 0.0, 816.2670197447984], [0.0, 1266.417203046554, 491.50706579294757], [0.0, 0.0, 1.0]], [[1260.8474446004698, 0.0, 807.968244525554], [0.0, 1260.8474446004698, 495.3344268742088], [0.0, 0.0, 1.0]], [[1256.7414812095406, 0.0, 792.1125740759628], [0.0, 1256.7414812095406, 492.7757465151356], [0.0, 0.0, 1.0]], [[809.2209905677063, 0.0, 829.2196003259838], [0.0, 809.2209905677063, 481.77842384512485], [0.0, 0.0, 1.0]], [[1259.5137405846733, 0.0, 807.2529053838625], [0.0, 1259.5137405846733, 501.19579884916527], [0.0, 0.0, 1.0]]], "extrinsics": [[[0.8205440044403076, -0.5713977217674255, 0.014567029662430286, -0.69354248046875], [0.017810167744755745, 8.629517833469436e-05, -0.9998413920402527, 1.51409912109375], [0.5713058114051819, 0.8206732869148254, 0.01024749968200922, -1.09539794921875], [0.0, 0.0, 0.0, 1.0]], [[0.00548561243340373, -0.9999778270721436, 0.003772547235712409, 0.0092620849609375], [0.012546410784125328, -0.0037034829147160053, -0.9999144077301025, 1.5239219665527344], [0.9999062418937683, 0.005532450042665005, 0.01252581737935543, -1.423095703125], [0.0, 0.0, 0.0, 1.0]], [[-0.8327153325080872, -0.5532317161560059, -0.022798042744398117, 0.860595703125], [0.018221504986286163, 0.013771381229162216, -0.9997391104698181, 1.5074005126953125], [0.5534013509750366, -0.8329135179519653, -0.001386924646794796, -1.13201904296875], [0.0, 0.0, 0.0, 1.0]], [[0.9475541710853577, 0.3189227879047394, 0.02071976289153099, -1.1456298828125], [0.027146700769662857, -0.015719808638095856, -0.9995078444480896, 1.5884647369384766], [-0.31844013929367065, 0.9476503133773804, -0.023553073406219482, -0.10296630859375], [0.0, 0.0, 0.0, 1.0]], [[0.00260712718591094, 0.9999784827232361, -0.006019734777510166, 0.002105712890625], [0.001619418733753264, -0.0060239690355956554, -0.9999805688858032, 1.579482913017273], [-0.9999952912330627, 0.0025973075535148382, -0.0016350889345631003, -0.07177734375], [0.0, 0.0, 0.0, 1.0]], [[-0.9343715310096741, 0.3551389276981354, -0.02874235436320305, 0.99652099609375], [0.03416568413376808, 0.009007847867906094, -0.999375581741333, 1.5565223693847656], [-0.354658305644989, -0.9347701668739319, -0.02055024728178978, -0.114959716796875], [0.0, 0.0, 0.0, 1.0]]], "view": [[0.0, -2.0, 100.0], [-2.0, 0.0, 100.0], [0.0, 0.0, 1.0]], "bev": "bev_e46803a34fa744ad9372b5227798e00a.png", "aux": "aux_e46803a34fa744ad9372b5227798e00a.npz", "visibility": "visibility_e46803a34fa744ad9372b5227798e00a.png", "pose": [[-0.38583144545555115, 0.9225692749023438, 0.0, 346.1011962890625], [-0.9225692749023438, -0.38583144545555115, 0.0, 1032.287109375], [0.0, 0.0, 1.0, 0.0], [0.0, 0.0, 0.0, 1.0]], "pose_inverse": [[-0.38583144545555115, -0.9225692749023438, 0.0, 1085.89306640625], [0.9225692749023438, -0.38583144545555115, 0.0, 78.98648834228516], [0.0, 0.0, 1.0, 0.0], [0.0, 0.0, 0.0, 1.0]], "cam_ids": [0, 1, 2, 3, 4, 5], "cam_channels": ["CAM_FRONT_LEFT", "CAM_FRONT", "CAM_FRONT_RIGHT", "CAM_BACK_LEFT", "CAM_BACK", "CAM_BACK_RIGHT"], "token": "e46803a34fa744ad9372b5227798e00a", "scene": "scene-0039"}, {"images": ["samples/CAM_FRONT_LEFT/n015-2018-07-24-10-42-41+0800__CAM_FRONT_LEFT__1532400514654844.jpg", "samples/CAM_FRONT/n015-2018-07-24-10-42-41+0800__CAM_FRONT__1532400514662460.jpg", "samples/CAM_FRONT_RIGHT/n015-2018-07-24-10-42-41+0800__CAM_FRONT_RIGHT__1532400514670339.jpg", "samples/CAM_BACK_LEFT/n015-2018-07-24-10-42-41+0800__CAM_BACK_LEFT__1532400514697423.jpg", "samples/CAM_BACK/n015-2018-07-24-10-42-41+0800__CAM_BACK__1532400514687525.jpg", "samples/CAM_BACK_RIGHT/n015-2018-07-24-10-42-41+0800__CAM_BACK_RIGHT__1532400514677893.jpg"], "intrinsics": [[[1272.5979470598488, 0.0, 826.6154927353808], [0.0, 1272.5979470598488, 479.75165386361925], [0.0, 0.0, 1.0]], [[1266.417203046554, 0.0, 816.2670197447984], [0.0, 1266.417203046554, 491.50706579294757], [0.0, 0.0, 1.0]], [[1260.8474446004698, 0.0, 807.968244525554], [0.0, 1260.8474446004698, 495.3344268742088], [0.0, 0.0, 1.0]], [[1256.7414812095406, 0.0, 792.1125740759628], [0.0, 1256.7414812095406, 492.7757465151356], [0.0, 0.0, 1.0]], [[809.2209905677063, 0.0, 829.2196003259838], [0.0, 809.2209905677063, 481.77842384512485], [0.0, 0.0, 1.0]], [[1259.5137405846733, 0.0, 807.2529053838625], [0.0, 1259.5137405846733, 501.19579884916527], [0.0, 0.0, 1.0]]], "extrinsics": [[[0.820745050907135, -0.5712853074073792, 0.0032439804635941982, -0.6756591796875], [0.014437410980463028, 0.015064554288983345, -0.9997822642326355, 1.5132923126220703], [0.5711120963096619, 0.8206132054328918, 0.020612038671970367, -1.08099365234375], [0.0, 0.0, 0.0, 1.0]], [[0.005757024511694908, -0.9999213814735413, -0.011138341389596462, 0.00812530517578125], [0.008869779296219349, 0.01118914969265461, -0.9998980760574341, 1.5230684280395508], [0.9999440312385559, 0.005657606292515993, 0.008933497592806816, -1.4046630859375], [0.0, 0.0, 0.0, 1.0]], [[-0.8326634764671326, -0.5530881881713867, -0.027657220140099525, 0.84814453125], [0.014209815301001072, 0.028586991131305695, -0.9994902610778809, 1.5067672729492188], [0.5535969138145447, -0.8326320648193359, -0.015944061800837517, -1.125], [0.0, 0.0, 0.0, 1.0]], [[0.947591245174408, 0.31883201003074646, 0.02041882835328579, -1.14501953125], [0.0219675675034523, -0.0012620799243450165, -0.9997578859329224, 1.588491439819336], [-0.318729043006897, 0.9478104114532471, -0.008199898526072502, -0.102874755859375], [0.0, 0.0, 0.0, 1.0]], [[0.002356181852519512, 0.9999604225158691, 0.008573616854846478, 0.0025482177734375], [-0.0031369500793516636, 0.008580988273024559, -0.9999582767486572, 1.5791112184524536], [-0.999992311000824, 0.002329139271751046, 0.003157043131068349, -0.0767822265625], [0.0, 0.0, 0.0, 1.0]], [[-0.9345724582672119, 0.3552403748035431, -0.019453922286629677, 0.98760986328125], [0.02981850877404213, 0.023724118247628212, -0.9992737770080566, 1.5561637878417969], [-0.35452088713645935, -0.9344738721847534, -0.03276464715600014, -0.119171142578125], [0.0, 0.0, 0.0, 1.0]]], "view": [[0.0, -2.0, 100.0], [-2.0, 0.0, 100.0], [0.0, 0.0, 1.0]], "bev": "bev_926dde8427454373a0f4b61b1b3c6e2f.png", "aux": "aux_926dde8427454373a0f4b61b1b3c6e2f.npz", "visibility": "visibility_926dde8427454373a0f4b61b1b3c6e2f.png", "pose": [[-0.3826369643211365, 0.9238987565040588, 0.0, 344.5361328125], [-0.9238987565040588, -0.3826369643211365, 0.0, 1028.584228515625], [0.0, 0.0, 1.0, 0.0], [0.0, 0.0, 0.0, 1.0]], "pose_inverse": [[-0.3826369643211365, -0.9238987565040588, 0.0, 1082.1400146484375], [0.9238987565040588, -0.3826369643211365, 0.0, 75.25782775878906], [0.0, 0.0, 1.0, 0.0], [0.0, 0.0, 0.0, 1.0]], "cam_ids": [0, 1, 2, 3, 4, 5], "cam_channels": ["CAM_FRONT_LEFT", "CAM_FRONT", "CAM_FRONT_RIGHT", "CAM_BACK_LEFT", "CAM_BACK", "CAM_BACK_RIGHT"], "token": "926dde8427454373a0f4b61b1b3c6e2f", "scene": "scene-0039"}, {"images": ["samples/CAM_FRONT_LEFT/n015-2018-07-24-10-42-41+0800__CAM_FRONT_LEFT__1532400515154844.jpg", "samples/CAM_FRONT/n015-2018-07-24-10-42-41+0800__CAM_FRONT__1532400515162460.jpg", "samples/CAM_FRONT_RIGHT/n015-2018-07-24-10-42-41+0800__CAM_FRONT_RIGHT__1532400515170339.jpg", "samples/CAM_BACK_LEFT/n015-2018-07-24-10-42-41+0800__CAM_BACK_LEFT__1532400515197423.jpg", "samples/CAM_BACK/n015-2018-07-24-10-42-41+0800__CAM_BACK__1532400515187525.jpg", "samples/CAM_BACK_RIGHT/n015-2018-07-24-10-42-41+0800__CAM_BACK_RIGHT__1532400515177893.jpg"], "intrinsics": [[[1272.5979470598488, 0.0, 826.6154927353808], [0.0, 1272.5979470598488, 479.75165386361925], [0.0, 0.0, 1.0]], [[1266.417203046554, 0.0, 816.2670197447984], [0.0, 1266.417203046554, 491.50706579294757], [0.0, 0.0, 1.0]], [[1260.8474446004698, 0.0, 807.968244525554], [0.0, 1260.8474446004698, 495.3344268742088], [0.0, 0.0, 1.0]], [[1256.7414812095406, 0.0, 792.1125740759628], [0.0, 1256.7414812095406, 492.7757465151356], [0.0, 0.0, 1.0]], [[809.2209905677063, 0.0, 829.2196003259838], [0.0, 809.2209905677063, 481.77842384512485], [0.0, 0.0, 1.0]], [[1259.5137405846733, 0.0, 807.2529053838625], [0.0, 1259.5137405846733, 501.19579884916527], [0.0, 0.0, 1.0]]], "extrinsics": [[[0.8208962082862854, -0.5710310935974121, -0.007280006539076567, -0.6461181640625], [0.0016008743550628424, 0.015048786997795105, -0.9998854398727417, 1.50885009765625], [0.5710752010345459, 0.8207905888557434, 0.013267640955746174, -1.0599365234375], [0.0, 0.0, 0.0, 1.0]], [[0.005887375678867102, -0.9999226331710815, -0.010962260887026787, 0.00791168212890625], [-0.003741899039596319, 0.01094034593552351, -0.9999331831932068, 1.5193320512771606], [0.9999756813049316, 0.005927952006459236, -0.003677200525999069, -1.374267578125], [0.0, 0.0, 0.0, 1.0]], [[-0.8328185081481934, -0.5532824993133545, -0.01708126626908779, 0.8277587890625], [0.0018270976142957807, 0.028110139071941376, -0.9996031522750854, 1.5040717124938965], [0.5535430908203125, -0.8325192332267761, -0.022399744018912315, -1.11181640625], [0.0, 0.0, 0.0, 1.0]], [[0.9476519227027893, 0.319180428981781, 0.008933203294873238, -1.14501953125], [0.010186107829213142, -0.002256302861496806, -0.9999455809593201, 1.5885295867919922], [-0.3191428780555725, 0.9476913213729858, -0.005389397032558918, -0.10357666015625], [0.0, 0.0, 0.0, 1.0]], [[0.0022848001681268215, 0.9999674558639526, 0.007745674345642328, 0.002532958984375], [-0.015088867396116257, 0.007779288105666637, -0.9998558759689331, 1.5780105590820312], [-0.9998835325241089, 0.002167611615732312, 0.015106149949133396, -0.087158203125], [0.0, 0.0, 0.0, 1.0]], [[-0.9348018765449524, 0.35507282614707947, -0.008294368162751198, 0.97039794921875], [0.017642917111516, 0.023098837584257126, -0.999577522277832, 1.5545654296875], [-0.3547312021255493, -0.9345532059669495, -0.027857357636094093, -0.1259765625], [0.0, 0.0, 0.0, 1.0]]], "view": [[0.0, -2.0, 100.0], [-2.0, 0.0, 100.0], [0.0, 0.0, 1.0]], "bev": "bev_3219230d0e14480c9089c7c49e339a83.png", "aux": "aux_3219230d0e14480c9089c7c49e339a83.npz", "visibility": "visibility_3219230d0e14480c9089c7c49e339a83.png", "pose": [[-0.3816072642803192, 0.9243245720863342, 0.0, 342.8368225097656], [-0.9243245720863342, -0.3816072642803192, 0.0, 1024.5107421875], [0.0, 0.0, 1.0, 0.0], [0.0, 0.0, 0.0, 1.0]], "pose_inverse": [[-0.3816072642803192, -0.9243245720863342, 0.0, 1077.8094482421875], [0.9243245720863342, -0.3816072642803192, 0.0, 74.06822967529297], [0.0, 0.0, 1.0, 0.0], [0.0, 0.0, 0.0, 1.0]], "cam_ids": [0, 1, 2, 3, 4, 5], "cam_channels": ["CAM_FRONT_LEFT", "CAM_FRONT", "CAM_FRONT_RIGHT", "CAM_BACK_LEFT", "CAM_BACK", "CAM_BACK_RIGHT"], "token": "3219230d0e14480c9089c7c49e339a83", "scene": "scene-0039"}, {"images": ["samples/CAM_FRONT_LEFT/n015-2018-07-24-10-42-41+0800__CAM_FRONT_LEFT__1532400515654844.jpg", "samples/CAM_FRONT/n015-2018-07-24-10-42-41+0800__CAM_FRONT__1532400515662460.jpg", "samples/CAM_FRONT_RIGHT/n015-2018-07-24-10-42-41+0800__CAM_FRONT_RIGHT__1532400515670339.jpg", "samples/CAM_BACK_LEFT/n015-2018-07-24-10-42-41+0800__CAM_BACK_LEFT__1532400515697423.jpg", "samples/CAM_BACK/n015-2018-07-24-10-42-41+0800__CAM_BACK__1532400515687525.jpg", "samples/CAM_BACK_RIGHT/n015-2018-07-24-10-42-41+0800__CAM_BACK_RIGHT__1532400515677893.jpg"], "intrinsics": [[[1272.5979470598488, 0.0, 826.6154927353808], [0.0, 1272.5979470598488, 479.75165386361925], [0.0, 0.0, 1.0]], [[1266.417203046554, 0.0, 816.2670197447984], [0.0, 1266.417203046554, 491.50706579294757], [0.0, 0.0, 1.0]], [[1260.8474446004698, 0.0, 807.968244525554], [0.0, 1260.8474446004698, 495.3344268742088], [0.0, 0.0, 1.0]], [[1256.7414812095406, 0.0, 792.1125740759628], [0.0, 1256.7414812095406, 492.7757465151356], [0.0, 0.0, 1.0]], [[809.2209905677063, 0.0, 829.2196003259838], [0.0, 809.2209905677063, 481.77842384512485], [0.0, 0.0, 1.0]], [[1259.5137405846733, 0.0, 807.2529053838625], [0.0, 1259.5137405846733, 501.19579884916527], [0.0, 0.0, 1.0]]], "extrinsics": [[[0.8212631940841675, -0.5705391764640808, -0.0034233652986586094, -0.6285400390625], [-0.0019022267078980803, 0.0032620225101709366, -0.9999929070472717, 1.5074647665023804], [0.5705462098121643, 0.8212639093399048, 0.0015936847776174545, -1.049072265625], [0.0, 0.0, 0.0, 1.0]], [[0.0064108483493328094, -0.99997878074646, 0.0011407785350456834, 0.0089874267578125], [-0.007745387032628059, -0.0011904232669621706, -0.9999693632125854, 1.5179438591003418], [0.9999493360519409, 0.006401803344488144, -0.007752854842692614, -1.357666015625], [0.0, 0.0, 0.0, 1.0]], [[-0.8326420783996582, -0.553774893283844, -0.00636203633621335, 0.81787109375], [-0.00273526250384748, 0.015599719248712063, -0.9998745322227478, 1.5029155015945435], [0.5538046956062317, -0.8325202465057373, -0.014503701590001583, -1.10430908203125], [0.0, 0.0, 0.0, 1.0]], [[0.9476671814918518, 0.3192553222179413, -0.0017198342829942703, -1.145263671875], [0.003666313597932458, -0.01626923680305481, -0.999860942363739, 1.5885505676269531], [-0.3192388415336609, 0.9475290179252625, -0.01658831164240837, -0.10308837890625], [0.0, 0.0, 0.0, 1.0]], [[0.0021446344908326864, 0.999981164932251, -0.00573966559022665, 0.00243377685546875], [-0.02090229094028473, -0.005693597253412008, -0.9997652769088745, 1.5774192810058594], [-0.999779224395752, 0.0022641182877123356, 0.020889684557914734, -0.0911865234375], [0.0, 0.0, 0.0, 1.0]], [[-0.9349492192268372, 0.3546890914440155, -0.008102155290544033, 0.96221923828125], [0.012526541016995907, 0.010179557837545872, -0.999869704246521, 1.5537643432617188], [-0.35456034541130066, -0.9349288940429688, -0.013960398733615875, -0.128631591796875], [0.0, 0.0, 0.0, 1.0]]], "view": [[0.0, -2.0, 100.0], [-2.0, 0.0, 100.0], [0.0, 0.0, 1.0]], "bev": "bev_7c8ce823cc374a8f9376df6d8f0fed89.png", "aux": "aux_7c8ce823cc374a8f9376df6d8f0fed89.npz", "visibility": "visibility_7c8ce823cc374a8f9376df6d8f0fed89.png", "pose": [[-0.3844301402568817, 0.9231540560722351, 0.0, 341.0088806152344], [-0.9231540560722351, -0.3844301402568817, 0.0, 1020.136962890625], [0.0, 0.0, 1.0, 0.0], [0.0, 0.0, 0.0, 1.0]], "pose_inverse": [[-0.3844301402568817, -0.9231540560722351, 0.0, 1072.837646484375], [0.9231540560722351, -0.3844301402568817, 0.0, 77.36766815185547], [0.0, 0.0, 1.0, 0.0], [0.0, 0.0, 0.0, 1.0]], "cam_ids": [0, 1, 2, 3, 4, 5], "cam_channels": ["CAM_FRONT_LEFT", "CAM_FRONT", "CAM_FRONT_RIGHT", "CAM_BACK_LEFT", "CAM_BACK", "CAM_BACK_RIGHT"], "token": "7c8ce823cc374a8f9376df6d8f0fed89", "scene": "scene-0039"}, {"images": ["samples/CAM_FRONT_LEFT/n015-2018-07-24-10-42-41+0800__CAM_FRONT_LEFT__1532400516154844.jpg", "samples/CAM_FRONT/n015-2018-07-24-10-42-41+0800__CAM_FRONT__1532400516162468.jpg", "samples/CAM_FRONT_RIGHT/n015-2018-07-24-10-42-41+0800__CAM_FRONT_RIGHT__1532400516170339.jpg", "samples/CAM_BACK_LEFT/n015-2018-07-24-10-42-41+0800__CAM_BACK_LEFT__1532400516197423.jpg", "samples/CAM_BACK/n015-2018-07-24-10-42-41+0800__CAM_BACK__1532400516187525.jpg", "samples/CAM_BACK_RIGHT/n015-2018-07-24-10-42-41+0800__CAM_BACK_RIGHT__1532400516177893.jpg"], "intrinsics": [[[1272.5979470598488, 0.0, 826.6154927353808], [0.0, 1272.5979470598488, 479.75165386361925], [0.0, 0.0, 1.0]], [[1266.417203046554, 0.0, 816.2670197447984], [0.0, 1266.417203046554, 491.50706579294757], [0.0, 0.0, 1.0]], [[1260.8474446004698, 0.0, 807.968244525554], [0.0, 1260.8474446004698, 495.3344268742088], [0.0, 0.0, 1.0]], [[1256.7414812095406, 0.0, 792.1125740759628], [0.0, 1256.7414812095406, 492.7757465151356], [0.0, 0.0, 1.0]], [[809.2209905677063, 0.0, 829.2196003259838], [0.0, 809.2209905677063, 481.77842384512485], [0.0, 0.0, 1.0]], [[1259.5137405846733, 0.0, 807.2529053838625], [0.0, 1259.5137405846733, 501.19579884916527], [0.0, 0.0, 1.0]]], "extrinsics": [[[0.8214488625526428, -0.5702562928199768, 0.005425991956144571, -0.60980224609375], [-0.007211373187601566, -0.019900787621736526, -0.9997759461402893, 1.5051956176757812], [0.5702365636825562, 0.8212257027626038, -0.020459812134504318, -1.03680419921875], [0.0, 0.0, 0.0, 1.0]], [[0.00674914987757802, -0.9996717572212219, 0.024715041741728783, 0.00963592529296875], [-0.012420804239809513, -0.024797504767775536, -0.9996153712272644, 1.516204833984375], [0.9999000430107117, 0.006439605262130499, -0.012584090232849121, -1.339599609375], [0.0, 0.0, 0.0, 1.0]], [[-0.832491397857666, -0.553943395614624, 0.010240591131150723, 0.80633544921875], [-0.006717624608427286, -0.008390087634325027, -0.9999421834945679, 1.5018277168273926], [0.5539973378181458, -0.8325120806694031, 0.0032634942326694727, -1.0963134765625], [0.0, 0.0, 0.0, 1.0]], [[0.947608232498169, 0.31923922896385193, -0.011175709776580334, -1.143798828125], [0.001963757909834385, -0.04080718010663986, -0.9991650581359863, 1.5885791778564453], [-0.3194287419319153, 0.9467951655387878, -0.03929612785577774, -0.1038818359375], [0.0, 0.0, 0.0, 1.0]], [[0.0018597054295241833, 0.9995455741882324, -0.030085891485214233, 0.0021820068359375], [-0.02343559078872204, -0.03003411367535591, -0.9992741346359253, 1.5770912170410156], [-0.9997236132621765, 0.002563438145443797, 0.023369085043668747, -0.0960693359375], [0.0, 0.0, 0.0, 1.0]], [[-0.935075044631958, 0.3541913628578186, -0.01353228185325861, 0.952880859375], [0.009174639359116554, -0.013979491777718067, -0.9998601675033569, 1.553262710571289], [-0.35433095693588257, -0.9350684881210327, 0.009822296909987926, -0.131805419921875], [0.0, 0.0, 0.0, 1.0]]], "view": [[0.0, -2.0, 100.0], [-2.0, 0.0, 100.0], [0.0, 0.0, 1.0]], "bev": "bev_d7f3a1ff633c493a87a94ab0b39a14a7.png", "aux": "aux_d7f3a1ff633c493a87a94ab0b39a14a7.npz", "visibility": "visibility_d7f3a1ff633c493a87a94ab0b39a14a7.png", "pose": [[-0.3883676528930664, 0.9215044975280762, 0.0, 339.115478515625], [-0.9215044975280762, -0.3883676528930664, 0.0, 1015.6609497070312], [0.0, 0.0, 1.0, 0.0], [0.0, 0.0, 0.0, 1.0]], "pose_inverse": [[-0.3883676528930664, -0.9215044975280762, 0.0, 1067.6375732421875], [0.9215044975280762, -0.3883676528930664, 0.0, 81.95342254638672], [0.0, 0.0, 1.0, 0.0], [0.0, 0.0, 0.0, 1.0]], "cam_ids": [0, 1, 2, 3, 4, 5], "cam_channels": ["CAM_FRONT_LEFT", "CAM_FRONT", "CAM_FRONT_RIGHT", "CAM_BACK_LEFT", "CAM_BACK", "CAM_BACK_RIGHT"], "token": "d7f3a1ff633c493a87a94ab0b39a14a7", "scene": "scene-0039"}, {"images": ["samples/CAM_FRONT_LEFT/n015-2018-07-24-10-42-41+0800__CAM_FRONT_LEFT__1532400516654844.jpg", "samples/CAM_FRONT/n015-2018-07-24-10-42-41+0800__CAM_FRONT__1532400516662468.jpg", "samples/CAM_FRONT_RIGHT/n015-2018-07-24-10-42-41+0800__CAM_FRONT_RIGHT__1532400516670339.jpg", "samples/CAM_BACK_LEFT/n015-2018-07-24-10-42-41+0800__CAM_BACK_LEFT__1532400516697423.jpg", "samples/CAM_BACK/n015-2018-07-24-10-42-41+0800__CAM_BACK__1532400516687525.jpg", "samples/CAM_BACK_RIGHT/n015-2018-07-24-10-42-41+0800__CAM_BACK_RIGHT__1532400516677893.jpg"], "intrinsics": [[[1272.5979470598488, 0.0, 826.6154927353808], [0.0, 1272.5979470598488, 479.75165386361925], [0.0, 0.0, 1.0]], [[1266.417203046554, 0.0, 816.2670197447984], [0.0, 1266.417203046554, 491.50706579294757], [0.0, 0.0, 1.0]], [[1260.8474446004698, 0.0, 807.968244525554], [0.0, 1260.8474446004698, 495.3344268742088], [0.0, 0.0, 1.0]], [[1256.7414812095406, 0.0, 792.1125740759628], [0.0, 1256.7414812095406, 492.7757465151356], [0.0, 0.0, 1.0]], [[809.2209905677063, 0.0, 829.2196003259838], [0.0, 809.2209905677063, 481.77842384512485], [0.0, 0.0, 1.0]], [[1259.5137405846733, 0.0, 807.2529053838625], [0.0, 1259.5137405846733, 501.19579884916527], [0.0, 0.0, 1.0]]], "extrinsics": [[[0.8207674622535706, -0.570962131023407, 0.018520476296544075, -0.59332275390625], [0.0007182256085798144, -0.03138885647058487, -0.999506950378418, 1.5086212158203125], [0.5712619423866272, 0.8203761577606201, -0.025352872908115387, -1.02349853515625], [0.0, 0.0, 0.0, 1.0]], [[0.00572430994361639, -0.9993566274642944, 0.03540647774934769, 0.00843048095703125], [-0.004499180242419243, -0.035432443022727966, -0.9993619918823242, 1.5189094543457031], [0.999973475933075, 0.005561348050832748, -0.004699110984802246, -1.3212890625], [0.0, 0.0, 0.0, 1.0]], [[-0.8328795433044434, -0.5533798933029175, 0.00907549075782299, 0.793212890625], [0.0011898753000423312, -0.01818823628127575, -0.9998338222503662, 1.5040043592453003], [0.5534530282020569, -0.8327304124832153, 0.01580706611275673, -1.08868408203125], [0.0, 0.0, 0.0, 1.0]], [[0.9477604627609253, 0.3189278244972229, -0.00594077305868268, -1.1431884765625], [0.010034574195742607, -0.048424363136291504, -0.9987764358520508, 1.588548183441162], [-0.31882524490356445, 0.9465411305427551, -0.04909500107169151, -0.103424072265625], [0.0, 0.0, 0.0, 1.0]], [[0.0023254924453794956, 0.999256432056427, -0.03848610818386078, 0.00269317626953125], [-0.015440810471773148, -0.03844573721289635, -0.9991413950920105, 1.5777435302734375], [-0.9998781085014343, 0.0029177216347306967, 0.015339924022555351, -0.103515625], [0.0, 0.0, 0.0, 1.0]], [[-0.9347963333129883, 0.35435751080513, -0.024220768362283707, 0.94189453125], [0.01711842603981495, -0.023164402693510056, -0.9995850920677185, 1.5550193786621094], [-0.35477155447006226, -0.9348231554031372, 0.01558795478194952, -0.1365966796875], [0.0, 0.0, 0.0, 1.0]]], "view": [[0.0, -2.0, 100.0], [-2.0, 0.0, 100.0], [0.0, 0.0, 1.0]], "bev": "bev_4735f59f08ee4bff93c237f4df39453a.png", "aux": "aux_4735f59f08ee4bff93c237f4df39453a.npz", "visibility": "visibility_4735f59f08ee4bff93c237f4df39453a.png", "pose": [[-0.388799250125885, 0.9213225245475769, 0.0, 337.0892028808594], [-0.9213225245475769, -0.388799250125885, 0.0, 1010.8905639648438], [0.0, 0.0, 1.0, 0.0], [0.0, 0.0, 0.0, 1.0]], "pose_inverse": [[-0.388799250125885, -0.9213225245475769, 0.0, 1062.416259765625], [0.9213225245475769, -0.388799250125885, 0.0, 82.46562957763672], [0.0, 0.0, 1.0, 0.0], [0.0, 0.0, 0.0, 1.0]], "cam_ids": [0, 1, 2, 3, 4, 5], "cam_channels": ["CAM_FRONT_LEFT", "CAM_FRONT", "CAM_FRONT_RIGHT", "CAM_BACK_LEFT", "CAM_BACK", "CAM_BACK_RIGHT"], "token": "4735f59f08ee4bff93c237f4df39453a", "scene": "scene-0039"}, {"images": ["samples/CAM_FRONT_LEFT/n015-2018-07-24-10-42-41+0800__CAM_FRONT_LEFT__1532400517254844.jpg", "samples/CAM_FRONT/n015-2018-07-24-10-42-41+0800__CAM_FRONT__1532400517262460.jpg", "samples/CAM_FRONT_RIGHT/n015-2018-07-24-10-42-41+0800__CAM_FRONT_RIGHT__1532400517270339.jpg", "samples/CAM_BACK_LEFT/n015-2018-07-24-10-42-41+0800__CAM_BACK_LEFT__1532400517297423.jpg", "samples/CAM_BACK/n015-2018-07-24-10-42-41+0800__CAM_BACK__1532400517287525.jpg", "samples/CAM_BACK_RIGHT/n015-2018-07-24-10-42-41+0800__CAM_BACK_RIGHT__1532400517277893.jpg"], "intrinsics": [[[1272.5979470598488, 0.0, 826.6154927353808], [0.0, 1272.5979470598488, 479.75165386361925], [0.0, 0.0, 1.0]], [[1266.417203046554, 0.0, 816.2670197447984], [0.0, 1266.417203046554, 491.50706579294757], [0.0, 0.0, 1.0]], [[1260.8474446004698, 0.0, 807.968244525554], [0.0, 1260.8474446004698, 495.3344268742088], [0.0, 0.0, 1.0]], [[1256.7414812095406, 0.0, 792.1125740759628], [0.0, 1256.7414812095406, 492.7757465151356], [0.0, 0.0, 1.0]], [[809.2209905677063, 0.0, 829.2196003259838], [0.0, 809.2209905677063, 481.77842384512485], [0.0, 0.0, 1.0]], [[1259.5137405846733, 0.0, 807.2529053838625], [0.0, 1259.5137405846733, 501.19579884916527], [0.0, 0.0, 1.0]]], "extrinsics": [[[0.8205689787864685, -0.5712620615959167, 0.018062595278024673, -0.5701904296875], [6.6040952333423775e-06, -0.031593482941389084, -0.9995007514953613, 1.5083051919937134], [0.5715475082397461, 0.8201594948768616, -0.02592085674405098, -1.0072021484375], [0.0, 0.0, 0.0, 1.0]], [[0.005368952639400959, -0.9993516206741333, 0.03560251370072365, 0.00836944580078125], [-0.005429619457572699, -0.035631634294986725, -0.9993502497673035, 1.5184273719787598], [0.9999709129333496, 0.005172142293304205, -0.005617403890937567, -1.296630859375], [0.0, 0.0, 0.0, 1.0]], [[-0.833089292049408, -0.5530447959899902, 0.010182278230786324, 0.77569580078125], [6.399956328095868e-05, -0.018504561856389046, -0.9998287558555603, 1.503678798675537], [0.5531385540962219, -0.8329460620880127, 0.015451351180672646, -1.0775146484375], [0.0, 0.0, 0.0, 1.0]], [[0.9476927518844604, 0.31908801198005676, -0.007842931896448135, -1.135986328125], [0.008485856465995312, -0.0497509241104126, -0.9987255930900574, 1.5886149406433105], [-0.31907153129577637, 0.9464183449745178, -0.04985632002353668, -0.1058349609375], [0.0, 0.0, 0.0, 1.0]], [[0.0025744496379047632, 0.9992202520370483, -0.03939925134181976, 0.003204345703125], [-0.016902249306440353, -0.039350271224975586, -0.9990825057029724, 1.577362060546875], [-0.9998539090156555, 0.0032379990443587303, 0.016787763684988022, -0.115966796875], [0.0, 0.0, 0.0, 1.0]], [[-0.9346826672554016, 0.35472366213798523, -0.02322874777019024, 0.926025390625], [0.015837032347917557, -0.023727478459477425, -0.9995930194854736, 1.555018424987793], [-0.35513046383857727, -0.9346701502799988, 0.016559891402721405, -0.143218994140625], [0.0, 0.0, 0.0, 1.0]]], "view": [[0.0, -2.0, 100.0], [-2.0, 0.0, 100.0], [0.0, 0.0, 1.0]], "bev": "bev_f20177ef6307471083339ad1a6766e2a.png", "aux": "aux_f20177ef6307471083339ad1a6766e2a.npz", "visibility": "visibility_f20177ef6307471083339ad1a6766e2a.png", "pose": [[-0.39025816321372986, 0.9207054972648621, 0.0, 334.5249328613281], [-0.9207054972648621, -0.39025816321372986, 0.0, 1004.8761596679688], [0.0, 0.0, 1.0, 0.0], [0.0, 0.0, 0.0, 1.0]], "pose_inverse": [[-0.39025816321372986, -0.9207054972648621, 0.0, 1055.74609375], [0.9207054972648621, -0.39025816321372986, 0.0, 84.16219329833984], [0.0, 0.0, 1.0, 0.0], [0.0, 0.0, 0.0, 1.0]], "cam_ids": [0, 1, 2, 3, 4, 5], "cam_channels": ["CAM_FRONT_LEFT", "CAM_FRONT", "CAM_FRONT_RIGHT", "CAM_BACK_LEFT", "CAM_BACK", "CAM_BACK_RIGHT"], "token": "f20177ef6307471083339ad1a6766e2a", "scene": "scene-0039"}, {"images": ["samples/CAM_FRONT_LEFT/n015-2018-07-24-10-42-41+0800__CAM_FRONT_LEFT__1532400517754844.jpg", "samples/CAM_FRONT/n015-2018-07-24-10-42-41+0800__CAM_FRONT__1532400517762460.jpg", "samples/CAM_FRONT_RIGHT/n015-2018-07-24-10-42-41+0800__CAM_FRONT_RIGHT__1532400517770339.jpg", "samples/CAM_BACK_LEFT/n015-2018-07-24-10-42-41+0800__CAM_BACK_LEFT__1532400517797423.jpg", "samples/CAM_BACK/n015-2018-07-24-10-42-41+0800__CAM_BACK__1532400517787525.jpg", "samples/CAM_BACK_RIGHT/n015-2018-07-24-10-42-41+0800__CAM_BACK_RIGHT__1532400517777893.jpg"], "intrinsics": [[[1272.5979470598488, 0.0, 826.6154927353808], [0.0, 1272.5979470598488, 479.75165386361925], [0.0, 0.0, 1.0]], [[1266.417203046554, 0.0, 816.2670197447984], [0.0, 1266.417203046554, 491.50706579294757], [0.0, 0.0, 1.0]], [[1260.8474446004698, 0.0, 807.968244525554], [0.0, 1260.8474446004698, 495.3344268742088], [0.0, 0.0, 1.0]], [[1256.7414812095406, 0.0, 792.1125740759628], [0.0, 1256.7414812095406, 492.7757465151356], [0.0, 0.0, 1.0]], [[809.2209905677063, 0.0, 829.2196003259838], [0.0, 809.2209905677063, 481.77842384512485], [0.0, 0.0, 1.0]], [[1259.5137405846733, 0.0, 807.2529053838625], [0.0, 1259.5137405846733, 501.19579884916527], [0.0, 0.0, 1.0]]], "extrinsics": [[[0.8203703165054321, -0.5717017650604248, 0.01223603542894125, -0.550048828125], [-0.004176651127636433, -0.02738795429468155, -0.9996162056922913, 1.506131649017334], [0.5718172788619995, 0.8200043439865112, -0.02485606260597706, -0.99066162109375], [0.0, 0.0, 0.0, 1.0]], [[0.005207655020058155, -0.9994881749153137, 0.031562525779008865, 0.00707244873046875], [-0.00928651262074709, -0.03160993382334709, -0.9994571208953857, 1.5166511535644531], [0.9999432563781738, 0.004911694210022688, -0.009446373209357262, -1.2747802734375], [0.0, 0.0, 0.0, 1.0]], [[-0.8331306576728821, -0.5529692769050598, 0.01086997427046299, 0.76055908203125], [-0.003379184752702713, -0.01456401962786913, -0.9998882412910461, 1.5025417804718018], [0.5530657172203064, -0.8330743312835693, 0.010265148244798183, -1.068603515625], [0.0, 0.0, 0.0, 1.0]], [[0.9477725625038147, 0.3188323974609375, -0.00854941550642252, -1.12957763671875], [0.006402869708836079, -0.04581945389509201, -0.9989292025566101, 1.58860182762146], [-0.31888270378112793, 0.9467030167579651, -0.045467864722013474, -0.107086181640625], [0.0, 0.0, 0.0, 1.0]], [[0.0024230380076915026, 0.9993656873703003, -0.035530656576156616, 0.00330352783203125], [-0.019430333748459816, -0.03547700121998787, -0.9991815686225891, 1.5768890380859375], [-0.9998083114624023, 0.0031114222947508097, 0.019332043826580048, -0.1248779296875], [0.0, 0.0, 0.0, 1.0]], [[-0.9347452521324158, 0.3548107445240021, -0.0189888346940279, 0.91339111328125], [0.012799527496099472, -0.019783133640885353, -0.9997223615646362, 1.5544977188110352], [-0.35508784651756287, -0.9347288608551025, 0.013950780034065247, -0.148345947265625], [0.0, 0.0, 0.0, 1.0]]], "view": [[0.0, -2.0, 100.0], [-2.0, 0.0, 100.0], [0.0, 0.0, 1.0]], "bev": "bev_29560e3766b241d281b8b85cdcd790e8.png", "aux": "aux_29560e3766b241d281b8b85cdcd790e8.npz", "visibility": "visibility_29560e3766b241d281b8b85cdcd790e8.png", "pose": [[-0.38727816939353943, 0.9219629168510437, 0.0, 332.2867431640625], [-0.9219629168510437, -0.38727816939353943, 0.0, 999.5982055664062], [0.0, 0.0, 1.0, 0.0], [0.0, 0.0, 0.0, 1.0]], "pose_inverse": [[-0.38727816939353943, -0.9219629168510437, 0.0, 1050.2799072265625], [0.9219629168510437, -0.38727816939353943, 0.0, 80.7665023803711], [0.0, 0.0, 1.0, 0.0], [0.0, 0.0, 0.0, 1.0]], "cam_ids": [0, 1, 2, 3, 4, 5], "cam_channels": ["CAM_FRONT_LEFT", "CAM_FRONT", "CAM_FRONT_RIGHT", "CAM_BACK_LEFT", "CAM_BACK", "CAM_BACK_RIGHT"], "token": "29560e3766b241d281b8b85cdcd790e8", "scene": "scene-0039"}, {"images": ["samples/CAM_FRONT_LEFT/n015-2018-07-24-10-42-41+0800__CAM_FRONT_LEFT__1532400518254844.jpg", "samples/CAM_FRONT/n015-2018-07-24-10-42-41+0800__CAM_FRONT__1532400518262460.jpg", "samples/CAM_FRONT_RIGHT/n015-2018-07-24-10-42-41+0800__CAM_FRONT_RIGHT__1532400518270339.jpg", "samples/CAM_BACK_LEFT/n015-2018-07-24-10-42-41+0800__CAM_BACK_LEFT__1532400518297423.jpg", "samples/CAM_BACK/n015-2018-07-24-10-42-41+0800__CAM_BACK__1532400518287525.jpg", "samples/CAM_BACK_RIGHT/n015-2018-07-24-10-42-41+0800__CAM_BACK_RIGHT__1532400518277893.jpg"], "intrinsics": [[[1272.5979470598488, 0.0, 826.6154927353808], [0.0, 1272.5979470598488, 479.75165386361925], [0.0, 0.0, 1.0]], [[1266.417203046554, 0.0, 816.2670197447984], [0.0, 1266.417203046554, 491.50706579294757], [0.0, 0.0, 1.0]], [[1260.8474446004698, 0.0, 807.968244525554], [0.0, 1260.8474446004698, 495.3344268742088], [0.0, 0.0, 1.0]], [[1256.7414812095406, 0.0, 792.1125740759628], [0.0, 1256.7414812095406, 492.7757465151356], [0.0, 0.0, 1.0]], [[809.2209905677063, 0.0, 829.2196003259838], [0.0, 809.2209905677063, 481.77842384512485], [0.0, 0.0, 1.0]], [[1259.5137405846733, 0.0, 807.2529053838625], [0.0, 1259.5137405846733, 501.19579884916527], [0.0, 0.0, 1.0]]], "extrinsics": [[[0.8212024569511414, -0.5701360106468201, 0.023905690759420395, -0.53594970703125], [0.005892264191061258, -0.03341865539550781, -0.9994240999221802, 1.5113856792449951], [0.570606529712677, 0.8208702802658081, -0.024084091186523438, -0.9844970703125], [0.0, 0.0, 0.0, 1.0]], [[0.006305773742496967, -0.9992928504943848, 0.03706899285316467, 0.00945281982421875], [0.0010066336253657937, -0.037063371390104294, -0.9993124604225159, 1.5210314989089966], [0.9999796152114868, 0.006338735576719046, 0.0007722095469944179, -1.2613525390625], [0.0, 0.0, 0.0, 1.0]], [[-0.8325808048248291, -0.5538817048072815, 0.004930698778480291, 0.7518310546875], [0.006977159529924393, -0.019388072192668915, -0.9997876882553101, 1.5060272216796875], [0.5538597106933594, -0.8323695659637451, 0.020006660372018814, -1.06048583984375], [0.0, 0.0, 0.0, 1.0]], [[0.947632372379303, 0.3193627893924713, 0.0005327978287823498, -1.12554931640625], [0.01697937399148941, -0.04871611297130585, -0.9986683130264282, 1.5888786315917969], [-0.3189115822315216, 0.9463794827461243, -0.0515875481069088, -0.1097412109375], [0.0, 0.0, 0.0, 1.0]], [[0.0022372573148459196, 0.9992357492446899, -0.03902773559093475, 0.00246429443359375], [-0.00899397674947977, -0.039006151258945465, -0.9991984963417053, 1.5781736373901367], [-0.9999570250511169, 0.002586502581834793, 0.008899835869669914, -0.132568359375], [0.0, 0.0, 0.0, 1.0]], [[-0.9347934722900391, 0.3539067506790161, -0.030186204239726067, 0.90374755859375], [0.02317752316594124, -0.02402661368250847, -0.9994425773620605, 1.5572319030761719], [-0.3544348180294037, -0.9349720478057861, 0.014257239177823067, -0.150634765625], [0.0, 0.0, 0.0, 1.0]]], "view": [[0.0, -2.0, 100.0], [-2.0, 0.0, 100.0], [0.0, 0.0, 1.0]], "bev": "bev_17dd14b176364a539463dbe99d96918a.png", "aux": "aux_17dd14b176364a539463dbe99d96918a.npz", "visibility": "visibility_17dd14b176364a539463dbe99d96918a.png", "pose": [[-0.3914344310760498, 0.9202060103416443, 0.0, 329.9869079589844], [-0.9202060103416443, -0.3914344310760498, 0.0, 994.1825561523438], [0.0, 0.0, 1.0, 0.0], [0.0, 0.0, 0.0, 1.0]], "pose_inverse": [[-0.3914344310760498, -0.9202060103416443, 0.0, 1044.02099609375], [0.9202060103416443, -0.3914344310760498, 0.0, 85.50135803222656], [0.0, 0.0, 1.0, 0.0], [0.0, 0.0, 0.0, 1.0]], "cam_ids": [0, 1, 2, 3, 4, 5], "cam_channels": ["CAM_FRONT_LEFT", "CAM_FRONT", "CAM_FRONT_RIGHT", "CAM_BACK_LEFT", "CAM_BACK", "CAM_BACK_RIGHT"], "token": "17dd14b176364a539463dbe99d96918a", "scene": "scene-0039"}, {"images": ["samples/CAM_FRONT_LEFT/n015-2018-07-24-10-42-41+0800__CAM_FRONT_LEFT__1532400518754844.jpg", "samples/CAM_FRONT/n015-2018-07-24-10-42-41+0800__CAM_FRONT__1532400518762460.jpg", "samples/CAM_FRONT_RIGHT/n015-2018-07-24-10-42-41+0800__CAM_FRONT_RIGHT__1532400518770339.jpg", "samples/CAM_BACK_LEFT/n015-2018-07-24-10-42-41+0800__CAM_BACK_LEFT__1532400518797423.jpg", "samples/CAM_BACK/n015-2018-07-24-10-42-41+0800__CAM_BACK__1532400518787585.jpg", "samples/CAM_BACK_RIGHT/n015-2018-07-24-10-42-41+0800__CAM_BACK_RIGHT__1532400518777893.jpg"], "intrinsics": [[[1272.5979470598488, 0.0, 826.6154927353808], [0.0, 1272.5979470598488, 479.75165386361925], [0.0, 0.0, 1.0]], [[1266.417203046554, 0.0, 816.2670197447984], [0.0, 1266.417203046554, 491.50706579294757], [0.0, 0.0, 1.0]], [[1260.8474446004698, 0.0, 807.968244525554], [0.0, 1260.8474446004698, 495.3344268742088], [0.0, 0.0, 1.0]], [[1256.7414812095406, 0.0, 792.1125740759628], [0.0, 1256.7414812095406, 492.7757465151356], [0.0, 0.0, 1.0]], [[809.2209905677063, 0.0, 829.2196003259838], [0.0, 809.2209905677063, 481.77842384512485], [0.0, 0.0, 1.0]], [[1259.5137405846733, 0.0, 807.2529053838625], [0.0, 1259.5137405846733, 501.19579884916527], [0.0, 0.0, 1.0]]], "extrinsics": [[[0.8210594058036804, -0.5708085298538208, 0.006254121661186218, -0.5284423828125], [-0.006994480267167091, -0.021014882251620293, -0.9997547268867493, 1.5045404434204102], [0.5707998871803284, 0.820814311504364, -0.021246975287795067, -0.97723388671875], [0.0, 0.0, 0.0, 1.0]], [[0.006223136093467474, -0.9996633529663086, 0.02518489398062229, 0.0081329345703125], [-0.012594814412295818, -0.025261742994189262, -0.9996015429496765, 1.5150136947631836], [0.999901294708252, 0.005903472658246756, -0.012747782282531261, -1.25341796875], [0.0, 0.0, 0.0, 1.0]], [[-0.8327076435089111, -0.55361008644104, 0.010669373907148838, 0.74639892578125], [-0.00726430444046855, -0.008344641886651516, -0.9999387860298157, 1.501150131225586], [0.5536652207374573, -0.8327341675758362, 0.0029270551167428493, -1.058258056640625], [0.0, 0.0, 0.0, 1.0]], [[0.9476616382598877, 0.3190484642982483, -0.012061836197972298, -1.1273193359375], [0.0006148183601908386, -0.03960216045379639, -0.999215304851532, 1.5885628461837769], [-0.31927579641342163, 0.9469106197357178, -0.03772560507059097, -0.10870361328125], [0.0, 0.0, 0.0, 1.0]], [[0.00202695862390