[{"images": ["samples/CAM_FRONT_LEFT/n015-2018-09-27-15-33-17+0800__CAM_FRONT_LEFT__1538033952754844.jpg", "samples/CAM_FRONT/n015-2018-09-27-15-33-17+0800__CAM_FRONT__1538033952762460.jpg", "samples/CAM_FRONT_RIGHT/n015-2018-09-27-15-33-17+0800__CAM_FRONT_RIGHT__1538033952770339.jpg", "samples/CAM_BACK_LEFT/n015-2018-09-27-15-33-17+0800__CAM_BACK_LEFT__1538033952797423.jpg", "samples/CAM_BACK/n015-2018-09-27-15-33-17+0800__CAM_BACK__1538033952787525.jpg", "samples/CAM_BACK_RIGHT/n015-2018-09-27-15-33-17+0800__CAM_BACK_RIGHT__1538033952777893.jpg"], "intrinsics": [[[1272.5979470598488, 0.0, 826.6154927353808], [0.0, 1272.5979470598488, 479.75165386361925], [0.0, 0.0, 1.0]], [[1266.417203046554, 0.0, 816.2670197447984], [0.0, 1266.417203046554, 491.50706579294757], [0.0, 0.0, 1.0]], [[1260.8474446004698, 0.0, 807.968244525554], [0.0, 1260.8474446004698, 495.3344268742088], [0.0, 0.0, 1.0]], [[1256.7414812095406, 0.0, 792.1125740759628], [0.0, 1256.7414812095406, 492.7757465151356], [0.0, 0.0, 1.0]], [[809.2209905677063, 0.0, 829.2196003259838], [0.0, 809.2209905677063, 481.77842384512485], [0.0, 0.0, 1.0]], [[1259.5137405846733, 0.0, 807.2529053838625], [0.0, 1259.5137405846733, 501.19579884916527], [0.0, 0.0, 1.0]]], "extrinsics": [[[0.8117256760597229, -0.5839967131614685, -0.007015789858996868, -0.79638671875], [0.0021136468276381493, 0.014949898235499859, -0.9998859763145447, 1.5086174011230469], [0.5840351581573486, 0.8116183280944824, 0.013369577936828136, -1.1640777587890625], [0.0, 0.0, 0.0, 1.0]], [[-0.007143938448280096, -0.9999139308929443, -0.01100295502692461, 0.0068359375], [-0.0031542908400297165, 0.011025714688003063, -0.9999342560768127, 1.5199699401855469], [0.999969482421875, -0.007108761463314295, -0.003232786664739251, -1.524658203125], [0.0, 0.0, 0.0, 1.0]], [[-0.8383281230926514, -0.5448803305625916, -0.01764780469238758, 0.9241943359375], [0.0026971702463924885, 0.028225643560290337, -0.9995979070663452, 1.5039291381835938], [0.5451593995094299, -0.8380386829376221, -0.022192714735865593, -1.17626953125], [0.0, 0.0, 0.0, 1.0]], [[0.9477391242980957, 0.31888970732688904, 0.010004842653870583, -1.142333984375], [0.011183669790625572, -0.001865849015302956, -0.9999356865882874, 1.5885505676269531], [-0.3188505470752716, 0.9477900266647339, -0.005334694404155016, -0.103759765625], [0.0, 0.0, 0.0, 1.0]], [[0.00599838700145483, 0.999950110912323, 0.007998603396117687, 0.002197265625], [-0.01419197116047144, 0.008083070628345013, -0.9998666644096375, 1.57867431640625], [-0.9998812675476074, 0.0058840736746788025, 0.014239746145904064, -0.0458984375], [0.0, 0.0, 0.0, 1.0]], [[-0.9322130084037781, 0.361800879240036, -0.008893412537872791, 1.048095703125], [0.01852322369813919, 0.02315661869943142, -0.9995602369308472, 1.553152322769165], [-0.3614358603954315, -0.9319677948951721, -0.028288617730140686, -0.09619140625], [0.0, 0.0, 0.0, 1.0]]], "view": [[0.0, -2.0, 100.0], [-2.0, 0.0, 100.0], [0.0, 0.0, 1.0]], "bev": "bev_7da6789f862e4dafb190347ef02f3af5.png", "aux": "aux_7da6789f862e4dafb190347ef02f3af5.npz", "visibility": "visibility_7da6789f862e4dafb190347ef02f3af5.png", "pose": [[-0.015019265003502369, 0.999887228012085, 0.0, 2157.0224609375], [-0.999887228012085, -0.015019265003502369, 0.0, 2480.934814453125], [0.0, 0.0, 1.0, 0.0], [0.0, 0.0, 0.0, 1.0]], "pose_inverse": [[-0.015019265003502369, -0.999887228012085, 0.0, 2513.0517578125], [0.999887228012085, -0.015019265003502369, 0.0, -2119.517333984375], [0.0, 0.0, 1.0, 0.0], [0.0, 0.0, 0.0, 1.0]], "cam_ids": [0, 1, 2, 3, 4, 5], "cam_channels": ["CAM_FRONT_LEFT", "CAM_FRONT", "CAM_FRONT_RIGHT", "CAM_BACK_LEFT", "CAM_BACK", "CAM_BACK_RIGHT"], "token": "7da6789f862e4dafb190347ef02f3af5", "scene": "scene-0415"}, {"images": ["samples/CAM_FRONT_LEFT/n015-2018-09-27-15-33-17+0800__CAM_FRONT_LEFT__1538033953254844.jpg", "samples/CAM_FRONT/n015-2018-09-27-15-33-17+0800__CAM_FRONT__1538033953262460.jpg", "samples/CAM_FRONT_RIGHT/n015-2018-09-27-15-33-17+0800__CAM_FRONT_RIGHT__1538033953270339.jpg", "samples/CAM_BACK_LEFT/n015-2018-09-27-15-33-17+0800__CAM_BACK_LEFT__1538033953297423.jpg", "samples/CAM_BACK/n015-2018-09-27-15-33-17+0800__CAM_BACK__1538033953287525.jpg", "samples/CAM_BACK_RIGHT/n015-2018-09-27-15-33-17+0800__CAM_BACK_RIGHT__1538033953277893.jpg"], "intrinsics": [[[1272.5979470598488, 0.0, 826.6154927353808], [0.0, 1272.5979470598488, 479.75165386361925], [0.0, 0.0, 1.0]], [[1266.417203046554, 0.0, 816.2670197447984], [0.0, 1266.417203046554, 491.50706579294757], [0.0, 0.0, 1.0]], [[1260.8474446004698, 0.0, 807.968244525554], [0.0, 1260.8474446004698, 495.3344268742088], [0.0, 0.0, 1.0]], [[1256.7414812095406, 0.0, 792.1125740759628], [0.0, 1256.7414812095406, 492.7757465151356], [0.0, 0.0, 1.0]], [[809.2209905677063, 0.0, 829.2196003259838], [0.0, 809.2209905677063, 481.77842384512485], [0.0, 0.0, 1.0]], [[1259.5137405846733, 0.0, 807.2529053838625], [0.0, 1259.5137405846733, 501.19579884916527], [0.0, 0.0, 1.0]]], "extrinsics": [[[0.8103144764900208, -0.5858978629112244, -0.010688983835279942, -0.806396484375], [-0.0012249439023435116, 0.016547121107578278, -0.9998623728752136, 1.5079917907714844], [0.5859940052032471, 0.810215950012207, 0.012690679170191288, -1.1666259765625], [0.0, 0.0, 0.0, 1.0]], [[-0.009045468643307686, -0.9998816251754761, -0.012443742714822292, 0.004150390625], [-0.006710484623908997, 0.012504669837653637, -0.9998993277549744, 1.5194511413574219], [0.9999365210533142, -0.008961050771176815, -0.006822801660746336, -1.532470703125], [0.0, 0.0, 0.0, 1.0]], [[-0.8391373157501221, -0.5437058806419373, -0.015246687456965446, 0.92950439453125], [-0.0009890288347378373, 0.02955632470548153, -0.9995626211166382, 1.5035018920898438], [0.543918788433075, -0.838755190372467, -0.025339554995298386, -1.181640625], [0.0, 0.0, 0.0, 1.0]], [[0.9477624297142029, 0.3189101219177246, 0.006538135930895805, -1.1400146484375], [0.007277039345353842, -0.0011255391873419285, -0.9999728202819824, 1.5885868072509766], [-0.31889408826828003, 0.9477842450141907, -0.0033874656073749065, -0.108154296875], [0.0, 0.0, 0.0, 1.0]], [[0.006483278702944517, 0.9999389052391052, 0.008957266807556152, 0.003173828125], [-0.01810339093208313, 0.009073353372514248, -0.9997949600219727, 1.5785484313964844], [-0.9998151063919067, 0.006319797597825527, 0.0181611105799675, -0.042236328125], [0.0, 0.0, 0.0, 1.0]], [[-0.9319044947624207, 0.3626706600189209, -0.0048958854749798775, 1.054443359375], [0.014721310697495937, 0.024333234876394272, -0.9995955228805542, 1.5527496337890625], [-0.36240482330322266, -0.9315996170043945, -0.028015239164233208, -0.095458984375], [0.0, 0.0, 0.0, 1.0]]], "view": [[0.0, -2.0, 100.0], [-2.0, 0.0, 100.0], [0.0, 0.0, 1.0]], "bev": "bev_cd261e8d595e433da18f84ac4832930f.png", "aux": "aux_cd261e8d595e433da18f84ac4832930f.npz", "visibility": "visibility_cd261e8d595e433da18f84ac4832930f.png", "pose": [[0.1802109032869339, 0.98362797498703, 0.0, 2157.187255859375], [-0.98362797498703, 0.1802109032869339, 0.0, 2478.664306640625], [0.0, 0.0, 1.0, 0.0], [0.0, 0.0, 0.0, 1.0]], "pose_inverse": [[0.1802109032869339, -0.98362797498703, 0.0, 2049.3349609375], [0.98362797498703, 0.1802109032869339, 0.0, -2568.552001953125], [0.0, 0.0, 1.0, 0.0], [0.0, 0.0, 0.0, 1.0]], "cam_ids": [0, 1, 2, 3, 4, 5], "cam_channels": ["CAM_FRONT_LEFT", "CAM_FRONT", "CAM_FRONT_RIGHT", "CAM_BACK_LEFT", "CAM_BACK", "CAM_BACK_RIGHT"], "token": "cd261e8d595e433da18f84ac4832930f", "scene": "scene-0415"}, {"images": ["samples/CAM_FRONT_LEFT/n015-2018-09-27-15-33-17+0800__CAM_FRONT_LEFT__1538033953754844.jpg", "samples/CAM_FRONT/n015-2018-09-27-15-33-17+0800__CAM_FRONT__1538033953762460.jpg", "samples/CAM_FRONT_RIGHT/n015-2018-09-27-15-33-17+0800__CAM_FRONT_RIGHT__1538033953770339.jpg", "samples/CAM_BACK_LEFT/n015-2018-09-27-15-33-17+0800__CAM_BACK_LEFT__1538033953797423.jpg", "samples/CAM_BACK/n015-2018-09-27-15-33-17+0800__CAM_BACK__1538033953787525.jpg", "samples/CAM_BACK_RIGHT/n015-2018-09-27-15-33-17+0800__CAM_BACK_RIGHT__1538033953777893.jpg"], "intrinsics": [[[1272.5979470598488, 0.0, 826.6154927353808], [0.0, 1272.5979470598488, 479.75165386361925], [0.0, 0.0, 1.0]], [[1266.417203046554, 0.0, 816.2670197447984], [0.0, 1266.417203046554, 491.50706579294757], [0.0, 0.0, 1.0]], [[1260.8474446004698, 0.0, 807.968244525554], [0.0, 1260.8474446004698, 495.3344268742088], [0.0, 0.0, 1.0]], [[1256.7414812095406, 0.0, 792.1125740759628], [0.0, 1256.7414812095406, 492.7757465151356], [0.0, 0.0, 1.0]], [[809.2209905677063, 0.0, 829.2196003259838], [0.0, 809.2209905677063, 481.77842384512485], [0.0, 0.0, 1.0]], [[1259.5137405846733, 0.0, 807.2529053838625], [0.0, 1259.5137405846733, 501.19579884916527], [0.0, 0.0, 1.0]]], "extrinsics": [[[0.8148124814033508, -0.5797197818756104, -0.002342655323445797, -0.796142578125], [0.004804711323231459, 0.010793888010084629, -0.999930202960968, 1.509206771850586], [0.5797046422958374, 0.8147443532943726, 0.011580382473766804, -1.1634521484375], [0.0, 0.0, 0.0, 1.0]], [[-0.0018020643619820476, -0.9999768137931824, -0.006562387570738792, 0.010986328125], [-0.00047676762915216386, 0.006563256960362196, -0.9999783635139465, 1.520406723022461], [0.9999982118606567, -0.0017988389590755105, -0.0004885836387984455, -1.52099609375], [0.0, 0.0, 0.0, 1.0]], [[-0.8354118466377258, -0.5493513345718384, -0.017319682985544205, 0.925079345703125], [0.005282524041831493, 0.02348511666059494, -0.999710202217102, 1.5041961669921875], [0.5495988726615906, -0.8352612853050232, -0.016717784106731415, -1.1708984375], [0.0, 0.0, 0.0, 1.0]], [[0.9463698863983154, 0.32290118932724, 0.010896882973611355, -1.1461181640625], [0.01419883593916893, -0.007872083224356174, -0.9998682141304016, 1.5885162353515625], [-0.32277289032936096, 0.9463999271392822, -0.012034725397825241, -0.10400390625], [0.0, 0.0, 0.0, 1.0]], [[0.001341806841082871, 0.9999959468841553, 0.0025022372137755156, 0.00146484375], [-0.011386529542505741, 0.002517356537282467, -0.999932050704956, 1.5788497924804688], [-0.9999342560768127, 0.001313241315074265, 0.01138986088335514, -0.0428466796875], [0.0, 0.0, 0.0, 1.0]], [[-0.9340206980705261, 0.35697194933891296, -0.013282286003232002, 1.05029296875], [0.021166149526834488, 0.01818772777915001, -0.9996104836463928, 1.553365707397461], [-0.3565913140773773, -0.9339380264282227, -0.024543434381484985, -0.09521484375], [0.0, 0.0, 0.0, 1.0]]], "view": [[0.0, -2.0, 100.0], [-2.0, 0.0, 100.0], [0.0, 0.0, 1.0]], "bev": "bev_25f29dd917bf4925a4de8a47bb7cc6dd.png", "aux": "aux_25f29dd917bf4925a4de8a47bb7cc6dd.npz", "visibility": "visibility_25f29dd917bf4925a4de8a47bb7cc6dd.png", "pose": [[0.35920998454093933, 0.9332567453384399, 0.0, 2157.818115234375], [-0.9332567453384399, 0.35920998454093933, 0.0, 2476.463134765625], [0.0, 0.0, 1.0, 0.0], [0.0, 0.0, 0.0, 1.0]], "pose_inverse": [[0.35920998454093933, -0.9332567453384399, 0.0, 1536.066162109375], [0.9332567453384399, 0.35920998454093933, 0.0, -2903.36865234375], [0.0, 0.0, 1.0, 0.0], [0.0, 0.0, 0.0, 1.0]], "cam_ids": [0, 1, 2, 3, 4, 5], "cam_channels": ["CAM_FRONT_LEFT", "CAM_FRONT", "CAM_FRONT_RIGHT", "CAM_BACK_LEFT", "CAM_BACK", "CAM_BACK_RIGHT"], "token": "25f29dd917bf4925a4de8a47bb7cc6dd", "scene": "scene-0415"}, {"images": ["samples/CAM_FRONT_LEFT/n015-2018-09-27-15-33-17+0800__CAM_FRONT_LEFT__1538033954254844.jpg", "samples/CAM_FRONT/n015-2018-09-27-15-33-17+0800__CAM_FRONT__1538033954262483.jpg", "samples/CAM_FRONT_RIGHT/n015-2018-09-27-15-33-17+0800__CAM_FRONT_RIGHT__1538033954270339.jpg", "samples/CAM_BACK_LEFT/n015-2018-09-27-15-33-17+0800__CAM_BACK_LEFT__1538033954297423.jpg", "samples/CAM_BACK/n015-2018-09-27-15-33-17+0800__CAM_BACK__1538033954287525.jpg", "samples/CAM_BACK_RIGHT/n015-2018-09-27-15-33-17+0800__CAM_BACK_RIGHT__1538033954277894.jpg"], "intrinsics": [[[1272.5979470598488, 0.0, 826.6154927353808], [0.0, 1272.5979470598488, 479.75165386361925], [0.0, 0.0, 1.0]], [[1266.417203046554, 0.0, 816.2670197447984], [0.0, 1266.417203046554, 491.50706579294757], [0.0, 0.0, 1.0]], [[1260.8474446004698, 0.0, 807.968244525554], [0.0, 1260.8474446004698, 495.3344268742088], [0.0, 0.0, 1.0]], [[1256.7414812095406, 0.0, 792.1125740759628], [0.0, 1256.7414812095406, 492.7757465151356], [0.0, 0.0, 1.0]], [[809.2209905677063, 0.0, 829.2196003259838], [0.0, 809.2209905677063, 481.77842384512485], [0.0, 0.0, 1.0]], [[1259.5137405846733, 0.0, 807.2529053838625], [0.0, 1259.5137405846733, 501.19579884916527], [0.0, 0.0, 1.0]]], "extrinsics": [[[0.817185640335083, -0.5763429403305054, 0.0060422224923968315, -0.779296875], [0.005565126426517963, -0.002592845819890499, -0.999981164932251, 1.5095062255859375], [0.5763477683067322, 0.8172037601470947, 0.0010885850060731173, -1.1531982421875], [0.0, 0.0, 0.0, 1.0]], [[0.0005802747327834368, -0.9999787211418152, 0.006495724897831678, 0.0087890625], [0.00020805539679713547, -0.006495606154203415, -0.9999788999557495, 1.5205917358398438], [0.9999997615814209, 0.0005817037890665233, 0.00020428045536391437, -1.507080078125], [0.0, 0.0, 0.0, 1.0]], [[-0.8350502848625183, -0.5500666499137878, -0.010846451856195927, 0.9144287109375], [0.005866295658051968, 0.010811378248035908, -0.99992436170578, 1.5044517517089844], [0.5501423478126526, -0.8350507616996765, -0.005801190156489611, -1.16796875], [0.0, 0.0, 0.0, 1.0]], [[0.9477170705795288, 0.31902530789375305, 0.00742865726351738, -1.1439208984375], [0.014331086538732052, -0.019294094294309616, -0.9997110962867737, 1.5885391235351562], [-0.31878983974456787, 0.9475497603416443, -0.022857321426272392, -0.103759765625], [0.0, 0.0, 0.0, 1.0]], [[0.0038836055900901556, 0.999949038028717, -0.009326240047812462, 0.00244140625], [-0.011041444726288319, -0.009282863698899746, -0.9998959898948669, 1.5787973403930664], [-0.9999315142631531, 0.003986187744885683, 0.011004829779267311, -0.04931640625], [0.0, 0.0, 0.0, 1.0]], [[-0.9336750507354736, 0.3576608896255493, -0.018151847645640373, 1.0400390625], [0.02168182097375393, 0.005861707963049412, -0.9997477531433105, 1.5536623001098633], [-0.3574643135070801, -0.9338331818580627, -0.013227670453488827, -0.09912109375], [0.0, 0.0, 0.0, 1.0]]], "view": [[0.0, -2.0, 100.0], [-2.0, 0.0, 100.0], [0.0, 0.0, 1.0]], "bev": "bev_17eb8547591e41e3af8858e13cbebb19.png", "aux": "aux_17eb8547591e41e3af8858e13cbebb19.npz", "visibility": "visibility_17eb8547591e41e3af8858e13cbebb19.png", "pose": [[0.46787118911743164, 0.8837966918945312, 0.0, 2158.888427734375], [-0.8837966918945312, 0.46787118911743164, 0.0, 2474.131591796875], [0.0, 0.0, 1.0, 0.0], [0.0, 0.0, 0.0, 1.0]], "pose_inverse": [[0.46787118911743164, -0.8837966918945312, 0.0, 1176.547607421875], [0.8837966918945312, 0.46787118911743164, 0.0, -3065.59326171875], [0.0, 0.0, 1.0, 0.0], [0.0, 0.0, 0.0, 1.0]], "cam_ids": [0, 1, 2, 3, 4, 5], "cam_channels": ["CAM_FRONT_LEFT", "CAM_FRONT", "CAM_FRONT_RIGHT", "CAM_BACK_LEFT", "CAM_BACK", "CAM_BACK_RIGHT"], "token": "17eb8547591e41e3af8858e13cbebb19", "scene": "scene-0415"}, {"images": ["samples/CAM_FRONT_LEFT/n015-2018-09-27-15-33-17+0800__CAM_FRONT_LEFT__1538033954754844.jpg", "samples/CAM_FRONT/n015-2018-09-27-15-33-17+0800__CAM_FRONT__1538033954762460.jpg", "samples/CAM_FRONT_RIGHT/n015-2018-09-27-15-33-17+0800__CAM_FRONT_RIGHT__1538033954770339.jpg", "samples/CAM_BACK_LEFT/n015-2018-09-27-15-33-17+0800__CAM_BACK_LEFT__1538033954797423.jpg", "samples/CAM_BACK/n015-2018-09-27-15-33-17+0800__CAM_BACK__1538033954787525.jpg", "samples/CAM_BACK_RIGHT/n015-2018-09-27-15-33-17+0800__CAM_BACK_RIGHT__1538033954777893.jpg"], "intrinsics": [[[1272.5979470598488, 0.0, 826.6154927353808], [0.0, 1272.5979470598488, 479.75165386361925], [0.0, 0.0, 1.0]], [[1266.417203046554, 0.0, 816.2670197447984], [0.0, 1266.417203046554, 491.50706579294757], [0.0, 0.0, 1.0]], [[1260.8474446004698, 0.0, 807.968244525554], [0.0, 1260.8474446004698, 495.3344268742088], [0.0, 0.0, 1.0]], [[1256.7414812095406, 0.0, 792.1125740759628], [0.0, 1256.7414812095406, 492.7757465151356], [0.0, 0.0, 1.0]], [[809.2209905677063, 0.0, 829.2196003259838], [0.0, 809.2209905677063, 481.77842384512485], [0.0, 0.0, 1.0]], [[1259.5137405846733, 0.0, 807.2529053838625], [0.0, 1259.5137405846733, 501.19579884916527], [0.0, 0.0, 1.0]]], "extrinsics": [[[0.819648027420044, -0.5727577209472656, 0.01120968908071518, -0.7509765625], [0.008472185581922531, -0.007446019910275936, -0.9999364018440247, 1.5104637145996094], [0.5728048086166382, 0.8196908235549927, -0.0012506061466410756, -1.1343994140625], [0.0, 0.0, 0.0, 1.0]], [[0.004024042282253504, -0.9999246597290039, 0.011591802351176739, 0.008544921875], [0.00328280171379447, -0.011578625999391079, -0.9999275803565979, 1.5212669372558594], [0.999986469745636, 0.004061838146299124, 0.0032359613105654716, -1.4783935546875], [0.0, 0.0, 0.0, 1.0]], [[-0.8335814476013184, -0.5522947311401367, -0.010601991787552834, 0.8946533203125], [0.009045054204761982, 0.00554342707619071, -0.9999436736106873, 1.5051369667053223], [0.5523223876953125, -0.8336304426193237, 0.0003746381844393909, -1.1552734375], [0.0, 0.0, 0.0, 1.0]], [[0.9477108120918274, 0.31899842619895935, 0.009179883636534214, -1.141884446144104], [0.018129592761397362, -0.025097696110606194, -0.9995205998420715, 1.58856201171875], [-0.3186151385307312, 0.9474228620529175, -0.029568666592240334, -0.103515625], [0.0, 0.0, 0.0, 1.0]], [[0.003064874093979597, 0.999883234500885, -0.014975559897720814, 0.00244140625], [-0.007461800239980221, -0.014952347613871098, -0.999860405921936, 1.5789031982421875], [-0.9999674558639526, 0.0031761855352669954, 0.007415103260427713, -0.0595703125], [0.0, 0.0, 0.0, 1.0]], [[-0.9342432022094727, 0.35587918758392334, -0.02322974242269993, 1.0234375], [0.02502657286822796, 0.0004452065331861377, -0.9996866583824158, 1.5544662475585938], [-0.35575732588768005, -0.9345318675041199, -0.009322366677224636, -0.105712890625], [0.0, 0.0, 0.0, 1.0]]], "view": [[0.0, -2.0, 100.0], [-2.0, 0.0, 100.0], [0.0, 0.0, 1.0]], "bev": "bev_a12a3df0aa3d419a942c3703bf760186.png", "aux": "aux_a12a3df0aa3d419a942c3703bf760186.npz", "visibility": "visibility_a12a3df0aa3d419a942c3703bf760186.png", "pose": [[0.5040925145149231, 0.8636496663093567, 0.0, 2160.261474609375], [-0.8636496663093567, 0.5040925145149231, 0.0, 2471.630859375], [0.0, 0.0, 1.0, 0.0], [0.0, 0.0, 0.0, 1.0]], "pose_inverse": [[0.5040925145149231, -0.8636496663093567, 0.0, 1045.6513671875], [0.8636496663093567, 0.5040925145149231, 0.0, -3111.6396484375], [0.0, 0.0, 1.0, 0.0], [0.0, 0.0, 0.0, 1.0]], "cam_ids": [0, 1, 2, 3, 4, 5], "cam_channels": ["CAM_FRONT_LEFT", "CAM_FRONT", "CAM_FRONT_RIGHT", "CAM_BACK_LEFT", "CAM_BACK", "CAM_BACK_RIGHT"], "token": "a12a3df0aa3d419a942c3703bf760186", "scene": "scene-0415"}, {"images": ["samples/CAM_FRONT_LEFT/n015-2018-09-27-15-33-17+0800__CAM_FRONT_LEFT__1538033955254849.jpg", "samples/CAM_FRONT/n015-2018-09-27-15-33-17+0800__CAM_FRONT__1538033955262460.jpg", "samples/CAM_FRONT_RIGHT/n015-2018-09-27-15-33-17+0800__CAM_FRONT_RIGHT__1538033955270339.jpg", "samples/CAM_BACK_LEFT/n015-2018-09-27-15-33-17+0800__CAM_BACK_LEFT__1538033955297423.jpg", "samples/CAM_BACK/n015-2018-09-27-15-33-17+0800__CAM_BACK__1538033955287525.jpg", "samples/CAM_BACK_RIGHT/n015-2018-09-27-15-33-17+0800__CAM_BACK_RIGHT__1538033955277893.jpg"], "intrinsics": [[[1272.5979470598488, 0.0, 826.6154927353808], [0.0, 1272.5979470598488, 479.75165386361925], [0.0, 0.0, 1.0]], [[1266.417203046554, 0.0, 816.2670197447984], [0.0, 1266.417203046554, 491.50706579294757], [0.0, 0.0, 1.0]], [[1260.8474446004698, 0.0, 807.968244525554], [0.0, 1260.8474446004698, 495.3344268742088], [0.0, 0.0, 1.0]], [[1256.7414812095406, 0.0, 792.1125740759628], [0.0, 1256.7414812095406, 492.7757465151356], [0.0, 0.0, 1.0]], [[809.2209905677063, 0.0, 829.2196003259838], [0.0, 809.2209905677063, 481.77842384512485], [0.0, 0.0, 1.0]], [[1259.5137405846733, 0.0, 807.2529053838625], [0.0, 1259.5137405846733, 501.19579884916527], [0.0, 0.0, 1.0]]], "extrinsics": [[[0.8210123181343079, -0.5708314776420593, 0.009502300061285496, -0.7314453125], [0.0062437113374471664, -0.007665437180548906, -0.9999511241912842, 1.5100326538085938], [0.5708763599395752, 0.8210314512252808, -0.0027293115854263306, -1.1199951171875], [0.0, 0.0, 0.0, 1.0]], [[0.006055791396647692, -0.9999118447303772, 0.011812306940555573, 0.0078125], [0.0008235651184804738, -0.011807532981038094, -0.9999299645423889, 1.5207443237304688], [0.9999812245368958, 0.006065075285732746, 0.0007519882055930793, -1.4586181640625], [0.0, 0.0, 0.0, 1.0]], [[-0.8326901197433472, -0.5536782145500183, -0.008221019990742207, 0.88153076171875], [0.006300479639321566, 0.0053720553405582905, -0.9999657273292542, 1.5047845840454102], [0.5537033677101135, -0.8327133655548096, -0.0009848186746239662, -1.147216796875], [0.0, 0.0, 0.0, 1.0]], [[0.9477437734603882, 0.31897905468940735, 0.00583586236461997, -1.1424427032470703], [0.01455406378954649, -0.02495492249727249, -0.9995825886726379, 1.58856201171875], [-0.31870028376579285, 0.9474331736564636, -0.028293315321207047, -0.103759765625], [0.0, 0.0, 0.0, 1.0]], [[0.0023678760044276714, 0.9998851418495178, -0.014970509335398674, 0.002197265625], [-0.010734407231211662, -0.014944273978471756, -0.9998307228088379, 1.5786476135253906], [-0.999939501285553, 0.0025281417183578014, 0.010697788558900356, -0.0650634765625], [0.0, 0.0, 0.0, 1.0]], [[-0.9347684979438782, 0.35466617345809937, -0.02048218995332718, 1.01220703125], [0.022046737372875214, 0.0003704527043737471, -0.9997568726539612, 1.554361343383789], [-0.35457244515419006, -0.9349928498268127, -0.008165521547198296, -0.10986328125], [0.0, 0.0, 0.0, 1.0]]], "view": [[0.0, -2.0, 100.0], [-2.0, 0.0, 100.0], [0.0, 0.0, 1.0]], "bev": "bev_c7ae613eff524b1ba4e179e428df6755.png", "aux": "aux_c7ae613eff524b1ba4e179e428df6755.npz", "visibility": "visibility_c7ae613eff524b1ba4e179e428df6755.png", "pose": [[0.5086113810539246, 0.8609961867332458, 0.0, 2161.85546875], [-0.8609961867332458, 0.5086113810539246, 0.0, 2468.85595703125], [0.0, 0.0, 1.0, 0.0], [0.0, 0.0, 0.0, 1.0]], "pose_inverse": [[0.5086113810539246, -0.8609961867332458, 0.0, 1026.13134765625], [0.8609961867332458, 0.5086113810539246, 0.0, -3117.03759765625], [0.0, 0.0, 1.0, 0.0], [0.0, 0.0, 0.0, 1.0]], "cam_ids": [0, 1, 2, 3, 4, 5], "cam_channels": ["CAM_FRONT_LEFT", "CAM_FRONT", "CAM_FRONT_RIGHT", "CAM_BACK_LEFT", "CAM_BACK", "CAM_BACK_RIGHT"], "token": "c7ae613eff524b1ba4e179e428df6755", "scene": "scene-0415"}, {"images": ["samples/CAM_FRONT_LEFT/n015-2018-09-27-15-33-17+0800__CAM_FRONT_LEFT__1538033955754844.jpg", "samples/CAM_FRONT/n015-2018-09-27-15-33-17+0800__CAM_FRONT__1538033955762460.jpg", "samples/CAM_FRONT_RIGHT/n015-2018-09-27-15-33-17+0800__CAM_FRONT_RIGHT__1538033955770339.jpg", "samples/CAM_BACK_LEFT/n015-2018-09-27-15-33-17+0800__CAM_BACK_LEFT__1538033955797423.jpg", "samples/CAM_BACK/n015-2018-09-27-15-33-17+0800__CAM_BACK__1538033955787525.jpg", "samples/CAM_BACK_RIGHT/n015-2018-09-27-15-33-17+0800__CAM_BACK_RIGHT__1538033955777893.jpg"], "intrinsics": [[[1272.5979470598488, 0.0, 826.6154927353808], [0.0, 1272.5979470598488, 479.75165386361925], [0.0, 0.0, 1.0]], [[1266.417203046554, 0.0, 816.2670197447984], [0.0, 1266.417203046554, 491.50706579294757], [0.0, 0.0, 1.0]], [[1260.8474446004698, 0.0, 807.968244525554], [0.0, 1260.8474446004698, 495.3344268742088], [0.0, 0.0, 1.0]], [[1256.7414812095406, 0.0, 792.1125740759628], [0.0, 1256.7414812095406, 492.7757465151356], [0.0, 0.0, 1.0]], [[809.2209905677063, 0.0, 829.2196003259838], [0.0, 809.2209905677063, 481.77842384512485], [0.0, 0.0, 1.0]], [[1259.5137405846733, 0.0, 807.2529053838625], [0.0, 1259.5137405846733, 501.19579884916527], [0.0, 0.0, 1.0]]], "extrinsics": [[[0.8210153579711914, -0.5708398818969727, 0.008688672445714474, -0.7216796875], [0.005013550166040659, -0.008009396493434906, -0.9999553561210632, 1.5097427368164062], [0.5708839893341064, 0.8210223317146301, -0.003713903483003378, -1.1143798828125], [0.0, 0.0, 0.0, 1.0]], [[0.00603586295619607, -0.9999095797538757, 0.0120161734521389, 0.009033203125], [-0.00020787233370356262, -0.012017648667097092, -0.999927818775177, 1.5205154418945312], [0.9999817609786987, 0.006032884120941162, -0.00028039043536409736, -1.45013427734375], [0.0, 0.0, 0.0, 1.0]], [[-0.832724928855896, -0.5536367893218994, -0.007445472292602062, 0.87646484375], [0.005457981489598751, 0.005238565616309643, -0.9999713897705078, 1.5046634674072266], [0.5536598563194275, -0.8327417373657227, -0.0013405452482402325, -1.14306640625], [0.0, 0.0, 0.0, 1.0]], [[0.9477426409721375, 0.3189921975135803, 0.005275330506265163, -1.1398735046386719], [0.013978387229144573, -0.024999821558594704, -0.9995896816253662, 1.5885848999023438], [-0.318729430437088, 0.9474276304244995, -0.02815239503979683, -0.1044921875], [0.0, 0.0, 0.0, 1.0]], [[0.002389445435255766, 0.9998836517333984, -0.015065247192978859, 0.002197265625], [-0.01132049411535263, -0.015037276782095432, -0.9998228549957275, 1.5785713195800781], [-0.9999330043792725, 0.00255949841812253, 0.011283247731626034, -0.0687255859375], [0.0, 0.0, 0.0, 1.0]], [[-0.934761106967926, 0.35472097992897034, -0.019866973161697388, 1.00830078125], [0.02134833112359047, 0.00026257993886247277, -0.9997720718383789, 1.5543632507324219], [-0.3546348810195923, -0.9349721670150757, -0.007818149402737617, -0.111083984375], [0.0, 0.0, 0.0, 1.0]]], "view": [[0.0, -2.0, 100.0], [-2.0, 0.0, 100.0], [0.0, 0.0, 1.0]], "bev": "bev_4875a523725648ecaa52cb32f06ad6fa.png", "aux": "aux_4875a523725648ecaa52cb32f06ad6fa.npz", "visibility": "visibility_4875a523725648ecaa52cb32f06ad6fa.png", "pose": [[0.5028178095817566, 0.8643923997879028, 0.0, 2163.554931640625], [-0.8643923997879028, 0.5028178095817566, 0.0, 2465.91748046875], [0.0, 0.0, 1.0, 0.0], [0.0, 0.0, 0.0, 1.0]], "pose_inverse": [[0.5028178095817566, -0.8643923997879028, 0.0, 1043.646484375], [0.8643923997879028, 0.5028178095817566, 0.0, -3110.067626953125], [0.0, 0.0, 1.0, 0.0], [0.0, 0.0, 0.0, 1.0]], "cam_ids": [0, 1, 2, 3, 4, 5], "cam_channels": ["CAM_FRONT_LEFT", "CAM_FRONT", "CAM_FRONT_RIGHT", "CAM_BACK_LEFT", "CAM_BACK", "CAM_BACK_RIGHT"], "token": "4875a523725648ecaa52cb32f06ad6fa", "scene": "scene-0415"}, {"images": ["samples/CAM_FRONT_LEFT/n015-2018-09-27-15-33-17+0800__CAM_FRONT_LEFT__1538033956254844.jpg", "samples/CAM_FRONT/n015-2018-09-27-15-33-17+0800__CAM_FRONT__1538033956262460.jpg", "samples/CAM_FRONT_RIGHT/n015-2018-09-27-15-33-17+0800__CAM_FRONT_RIGHT__1538033956270339.jpg", "samples/CAM_BACK_LEFT/n015-2018-09-27-15-33-17+0800__CAM_BACK_LEFT__1538033956297423.jpg", "samples/CAM_BACK/n015-2018-09-27-15-33-17+0800__CAM_BACK__1538033956287525.jpg", "samples/CAM_BACK_RIGHT/n015-2018-09-27-15-33-17+0800__CAM_BACK_RIGHT__1538033956277893.jpg"], "intrinsics": [[[1272.5979470598488, 0.0, 826.6154927353808], [0.0, 1272.5979470598488, 479.75165386361925], [0.0, 0.0, 1.0]], [[1266.417203046554, 0.0, 816.2670197447984], [0.0, 1266.417203046554, 491.50706579294757], [0.0, 0.0, 1.0]], [[1260.8474446004698, 0.0, 807.968244525554], [0.0, 1260.8474446004698, 495.3344268742088], [0.0, 0.0, 1.0]], [[1256.7414812095406, 0.0, 792.1125740759628], [0.0, 1256.7414812095406, 492.7757465151356], [0.0, 0.0, 1.0]], [[809.2209905677063, 0.0, 829.2196003259838], [0.0, 809.2209905677063, 481.77842384512485], [0.0, 0.0, 1.0]], [[1259.5137405846733, 0.0, 807.2529053838625], [0.0, 1259.5137405846733, 501.19579884916527], [0.0, 0.0, 1.0]]], "extrinsics": [[[0.8211243152618408, -0.5707306265830994, 0.004623641259968281, -0.703125], [0.0016295446548610926, -0.005756655242294073, -0.9999820590019226, 1.5087738037109375], [0.5707470178604126, 0.821117103099823, -0.00379689852707088, -1.0999755859375], [0.0, 0.0, 0.0, 1.0]], [[0.006186637561768293, -0.9999335408210754, 0.009720428846776485, 0.008056640625], [-0.003648075507953763, -0.009743118658661842, -0.9999459385871887, 1.5195941925048828], [0.999974250793457, 0.006150765344500542, -0.003708109725266695, -1.43115234375], [0.0, 0.0, 0.0, 1.0]], [[-0.8327063322067261, -0.5536842942237854, -0.005814971402287483, 0.86444091796875], [0.0019815778359770775, 0.0075218393467366695, -0.9999697208404541, 1.5040302276611328], [0.5537112951278687, -0.8326927423477173, -0.005166314076632261, -1.1357421875], [0.0, 0.0, 0.0, 1.0]], [[0.9477556347846985, 0.3189838230609894, 0.0029218781273812056, -1.1372544765472412], [0.010734367184340954, -0.022736581042408943, -0.9996838569641113, 1.5886077880859375], [-0.31881657242774963, 0.947487473487854, -0.024972813203930855, -0.10546875], [0.0, 0.0, 0.0, 1.0]], [[0.0023139873519539833, 0.9999152421951294, -0.012814879417419434, 0.002197265625], [-0.014738497324287891, -0.012779418379068375, -0.9998096823692322, 1.5782337188720703], [-0.9998886585235596, 0.00250243884511292, 0.014707676135003567, -0.0750732421875], [0.0, 0.0, 0.0, 1.0]], [[-0.9348394274711609, 0.35471847653388977, -0.015812600031495094, 0.998779296875], [0.017874760553240776, 0.0025372421368956566, -0.9998370409011841, 1.554067611694336], [-0.3546206057071686, -0.9349697232246399, -0.008712423034012318, -0.114501953125], [0.0, 0.0, 0.0, 1.0]]], "view": [[0.0, -2.0, 100.0], [-2.0, 0.0, 100.0], [0.0, 0.0, 1.0]], "bev": "bev_2108dabb75c34d53b92840b51af56c03.png", "aux": "aux_2108dabb75c34d53b92840b51af56c03.npz", "visibility": "visibility_2108dabb75c34d53b92840b51af56c03.png", "pose": [[0.5009746551513672, 0.8654619455337524, 0.0, 2165.32080078125], [-0.8654619455337524, 0.5009746551513672, 0.0, 2462.83935546875], [0.0, 0.0, 1.0, 0.0], [0.0, 0.0, 0.0, 1.0]], "pose_inverse": [[0.5009746551513672, -0.8654619455337524, 0.0, 1046.722900390625], [0.8654619455337524, 0.5009746551513672, 0.0, -3107.822998046875], [0.0, 0.0, 1.0, 0.0], [0.0, 0.0, 0.0, 1.0]], "cam_ids": [0, 1, 2, 3, 4, 5], "cam_channels": ["CAM_FRONT_LEFT", "CAM_FRONT", "CAM_FRONT_RIGHT", "CAM_BACK_LEFT", "CAM_BACK", "CAM_BACK_RIGHT"], "token": "2108dabb75c34d53b92840b51af56c03", "scene": "scene-0415"}, {"images": ["samples/CAM_FRONT_LEFT/n015-2018-09-27-15-33-17+0800__CAM_FRONT_LEFT__1538033956754844.jpg", "samples/CAM_FRONT/n015-2018-09-27-15-33-17+0800__CAM_FRONT__1538033956762460.jpg", "samples/CAM_FRONT_RIGHT/n015-2018-09-27-15-33-17+0800__CAM_FRONT_RIGHT__1538033956770339.jpg", "samples/CAM_BACK_LEFT/n015-2018-09-27-15-33-17+0800__CAM_BACK_LEFT__1538033956797423.jpg", "samples/CAM_BACK/n015-2018-09-27-15-33-17+0800__CAM_BACK__1538033956787525.jpg", "samples/CAM_BACK_RIGHT/n015-2018-09-27-15-33-17+0800__CAM_BACK_RIGHT__1538033956777893.jpg"], "intrinsics": [[[1272.5979470598488, 0.0, 826.6154927353808], [0.0, 1272.5979470598488, 479.75165386361925], [0.0, 0.0, 1.0]], [[1266.417203046554, 0.0, 816.2670197447984], [0.0, 1266.417203046554, 491.50706579294757], [0.0, 0.0, 1.0]], [[1260.8474446004698, 0.0, 807.968244525554], [0.0, 1260.8474446004698, 495.3344268742088], [0.0, 0.0, 1.0]], [[1256.7414812095406, 0.0, 792.1125740759628], [0.0, 1256.7414812095406, 492.7757465151356], [0.0, 0.0, 1.0]], [[809.2209905677063, 0.0, 829.2196003259838], [0.0, 809.2209905677063, 481.77842384512485], [0.0, 0.0, 1.0]], [[1259.5137405846733, 0.0, 807.2529053838625], [0.0, 1259.5137405846733, 501.19579884916527], [0.0, 0.0, 1.0]]], "extrinsics": [[[0.8205403685569763, -0.5715799331665039, 0.0031280997209250927, -0.69580078125], [-0.00021772136096842587, -0.005785186775028706, -0.9999832510948181, 1.508188247680664], [0.5715885162353516, 0.8205260038375854, -0.004871424287557602, -1.0947265625], [0.0, 0.0, 0.0, 1.0]], [[0.005368733778595924, -0.9999366998672485, 0.009880060330033302, 0.00830078125], [-0.005509351845830679, -0.009909631684422493, -0.9999357461929321, 1.519063949584961], [0.9999703764915466, 0.005313941743224859, -0.005562205333262682, -1.4227294921875], [0.0, 0.0, 0.0, 1.0]], [[-0.8330668210983276, -0.5531569719314575, -0.004119495861232281, 0.8580322265625], [0.00013790889352094382, 0.007239357568323612, -0.9999737739562988, 1.503662109375], [0.55317223072052, -0.8330456018447876, -0.0059545827098190784, -1.131591796875], [0.0, 0.0, 0.0, 1.0]], [[0.9477837085723877, 0.3189120888710022, 0.0010200998513028026, -1.1362009048461914], [0.008944941684603691, -0.02338603511452675, -0.9996864795684814, 1.588623046875], [-0.31878820061683655, 0.947495698928833, -0.025017553940415382, -0.106689453125], [0.0, 0.0, 0.0, 1.0]], [[0.002558007137849927, 0.9999083280563354, -0.013298475183546543, 0.001953125], [-0.01654203236103058, -0.013254385441541672, -0.9997752904891968, 1.5780353546142578], [-0.9998598694801331, 0.002777403686195612, 0.016506610438227654, -0.078857421875], [0.0, 0.0, 0.0, 1.0]], [[-0.9347052574157715, 0.35513871908187866, -0.014231966808438301, 0.9931640625], [0.01604561135172844, 0.0021620148327201605, -0.9998689293861389, 1.5538997650146484], [-0.355061411857605, -0.9348111152648926, -0.007719266228377819, -0.116943359375], [0.0, 0.0, 0.0, 1.0]]], "view": [[0.0, -2.0, 100.0], [-2.0, 0.0, 100.0], [0.0, 0.0, 1.0]], "bev": "bev_a7af1e78e3fc40ff99f18db3e7b4d5cb.png", "aux": "aux_a7af1e78e3fc40ff99f18db3e7b4d5cb.npz", "visibility": "visibility_a7af1e78e3fc40ff99f18db3e7b4d5cb.png", "pose": [[0.49989053606987, 0.8660885691642761, 0.0, 2167.140869140625], [-0.8660885691642761, 0.49989053606987, 0.0, 2459.640625], [0.0, 0.0, 1.0, 0.0], [0.0, 0.0, 0.0, 1.0]], "pose_inverse": [[0.49989053606987, -0.8660885691642761, 0.0, 1046.9334716796875], [0.8660885691642761, 0.49989053606987, 0.0, -3106.487060546875], [0.0, 0.0, 1.0, 0.0], [0.0, 0.0, 0.0, 1.0]], "cam_ids": [0, 1, 2, 3, 4, 5], "cam_channels": ["CAM_FRONT_LEFT", "CAM_FRONT", "CAM_FRONT_RIGHT", "CAM_BACK_LEFT", "CAM_BACK", "CAM_BACK_RIGHT"], "token": "a7af1e78e3fc40ff99f18db3e7b4d5cb", "scene": "scene-0415"}, {"images": ["samples/CAM_FRONT_LEFT/n015-2018-09-27-15-33-17+0800__CAM_FRONT_LEFT__1538033957254844.jpg", "samples/CAM_FRONT/n015-2018-09-27-15-33-17+0800__CAM_FRONT__1538033957262460.jpg", "samples/CAM_FRONT_RIGHT/n015-2018-09-27-15-33-17+0800__CAM_FRONT_RIGHT__1538033957270339.jpg", "samples/CAM_BACK_LEFT/n015-2018-09-27-15-33-17+0800__CAM_BACK_LEFT__1538033957297423.jpg", "samples/CAM_BACK/n015-2018-09-27-15-33-17+0800__CAM_BACK__1538033957287525.jpg", "samples/CAM_BACK_RIGHT/n015-2018-09-27-15-33-17+0800__CAM_BACK_RIGHT__1538033957277893.jpg"], "intrinsics": [[[1272.5979470598488, 0.0, 826.6154927353808], [0.0, 1272.5979470598488, 479.75165386361925], [0.0, 0.0, 1.0]], [[1266.417203046554, 0.0, 816.2670197447984], [0.0, 1266.417203046554, 491.50706579294757], [0.0, 0.0, 1.0]], [[1260.8474446004698, 0.0, 807.968244525554], [0.0, 1260.8474446004698, 495.3344268742088], [0.0, 0.0, 1.0]], [[1256.7414812095406, 0.0, 792.1125740759628], [0.0, 1256.7414812095406, 492.7757465151356], [0.0, 0.0, 1.0]], [[809.2209905677063, 0.0, 829.2196003259838], [0.0, 809.2209905677063, 481.77842384512485], [0.0, 0.0, 1.0]], [[1259.5137405846733, 0.0, 807.2529053838625], [0.0, 1259.5137405846733, 501.19579884916527], [0.0, 0.0, 1.0]]], "extrinsics": [[[0.821042537689209, -0.5708116888999939, 0.007951999083161354, -0.685546875], [0.0023736481089144945, -0.010516028851270676, -0.9999418258666992, 1.5090713500976562], [0.5708621144294739, 0.8210136890411377, -0.007279200945049524, -1.088134765625], [0.0, 0.0, 0.0, 1.0]], [[0.006139684002846479, -0.9998743534088135, 0.01460973173379898, 0.00830078125], [-0.003042094875127077, -0.01462861429899931, -0.9998883605003357, 1.51971435546875], [0.9999764561653137, 0.006094539538025856, -0.003131528152152896, -1.4139404296875], [0.0, 0.0, 0.0, 1.0]], [[-0.8326718807220459, -0.5537557601928711, -0.0034574095625430346, 0.85333251953125], [0.0024393971543759108, 0.0025754491798579693, -0.9999936819076538, 1.5041682720184326], [0.5537612438201904, -0.8326750993728638, -0.0007936736801639199, -1.128662109375], [0.0, 0.0, 0.0, 1.0]], [[0.947766125202179, 0.31896355748176575, 0.001248353160917759, -1.1383957862854004], [0.010625822469592094, -0.027661439031362534, -0.9995608329772949, 1.5886001586914062], [-0.31878891587257385, 0.9473632574081421, -0.02960582822561264, -0.10546875], [0.0, 0.0, 0.0, 1.0]], [[0.0022739493288099766, 0.9998404383659363, -0.017722364515066147, 0.002685546875], [-0.014627644792199135, -0.017687255516648293, -0.9997365474700928, 1.57818603515625], [-0.9998903870582581, 0.002532609971240163, 0.014585088938474655, -0.0792236328125], [0.0, 0.0, 0.0, 1.0]], [[-0.9348739981651306, 0.35453057289123535, -0.017851296812295914, 0.990234375], [0.018183045089244843, -0.0023959577083587646, -0.9998318552970886, 1.5542869567871094], [-0.3545137345790863, -0.9350413680076599, -0.004206527955830097, -0.11865234375], [0.0, 0.0, 0.0, 1.0]]], "view": [[0.0, -2.0, 100.0], [-2.0, 0.0, 100.0], [0.0, 0.0, 1.0]], "bev": "bev_3d9c518d9cc64ab398d1bb4fe1fef8a5.png", "aux": "aux_3d9c518d9cc64ab398d1bb4fe1fef8a5.npz", "visibility": "visibility_3d9c518d9cc64ab398d1bb4fe1fef8a5.png", "pose": [[0.4976198673248291, 0.8673952221870422, 0.0, 2169.065673828125], [-0.8673952221870422, 0.4976198673248291, 0.0, 2456.270751953125], [0.0, 0.0, 1.0, 0.0], [0.0, 0.0, 0.0, 1.0]], "pose_inverse": [[0.4976198673248291, -0.8673952221870422, 0.0, 1051.187255859375], [0.8673952221870422, 0.4976198673248291, 0.0, -3103.726318359375], [0.0, 0.0, 1.0, 0.0], [0.0, 0.0, 0.0, 1.0]], "cam_ids": [0, 1, 2, 3, 4, 5], "cam_channels": ["CAM_FRONT_LEFT", "CAM_FRONT", "CAM_FRONT_RIGHT", "CAM_BACK_LEFT", "CAM_BACK", "CAM_BACK_RIGHT"], "token": "3d9c518d9cc64ab398d1bb4fe1fef8a5", "scene": "scene-0415"}, {"images": ["samples/CAM_FRONT_LEFT/n015-2018-09-27-15-33-17+0800__CAM_FRONT_LEFT__1538033957754844.jpg", "samples/CAM_FRONT/n015-2018-09-27-15-33-17+0800__CAM_FRONT__1538033957762460.jpg", "samples/CAM_FRONT_RIGHT/n015-2018-09-27-15-33-17+0800__CAM_FRONT_RIGHT__1538033957770339.jpg", "samples/CAM_BACK_LEFT/n015-2018-09-27-15-33-17+0800__CAM_BACK_LEFT__1538033957797423.jpg", "samples/CAM_BACK/n015-2018-09-27-15-33-17+0800__CAM_BACK__1538033957787525.jpg", "samples/CAM_BACK_RIGHT/n015-2018-09-27-15-33-17+0800__CAM_BACK_RIGHT__1538033957777893.jpg"], "intrinsics": [[[1272.5979470598488, 0.0, 826.6154927353808], [0.0, 1272.5979470598488, 479.75165386361925], [0.0, 0.0, 1.0]], [[1266.417203046554, 0.0, 816.2670197447984], [0.0, 1266.417203046554, 491.50706579294757], [0.0, 0.0, 1.0]], [[1260.8474446004698, 0.0, 807.968244525554], [0.0, 1260.8474446004698, 495.3344268742088], [0.0, 0.0, 1.0]], [[1256.7414812095406, 0.0, 792.1125740759628], [0.0, 1256.7414812095406, 492.7757465151356], [0.0, 0.0, 1.0]], [[809.2209905677063, 0.0, 829.2196003259838], [0.0, 809.2209905677063, 481.77842384512485], [0.0, 0.0, 1.0]], [[1259.5137405846733, 0.0, 807.2529053838625], [0.0, 1259.5137405846733, 501.19579884916527], [0.0, 0.0, 1.0]]], "extrinsics": [[[0.8208706378936768, -0.571045994758606, 0.008829426020383835, -0.67578125], [0.004118211101740599, -0.009541142731904984, -0.9999459981918335, 1.5097122192382812], [0.5710992813110352, 0.8208626508712769, -0.005480356514453888, -1.0810546875], [0.0, 0.0, 0.0, 1.0]], [[0.00586883258074522, -0.9998910427093506, 0.013543198816478252, 0.008056640625], [-0.0010928859701380134, -0.013549838215112686, -0.9999076128005981, 1.520233154296875], [0.9999821186065674, 0.005853497888892889, -0.001172289252281189, -1.4019775390625], [0.0, 0.0, 0.0, 1.0]], [[-0.8327786326408386, -0.5535746216773987, -0.005899033043533564, 0.843994140625], [0.004613522905856371, 0.003715645056217909, -0.9999824166297913, 1.504685401916504], [0.5535867810249329, -0.8327912092208862, -0.0005403803079389036, -1.122314453125], [0.0, 0.0, 0.0, 1.0]], [[0.9477522969245911, 0.31897732615470886, 0.0043693785555660725, -1.138803482055664], [0.013529361225664616, -0.026506712660193443, -0.9995570778846741, 1.5886077880859375], [-0.3187202513217926, 0.9473915696144104, -0.029437359422445297, -0.104736328125], [0.0, 0.0, 0.0, 1.0]], [[0.0023988764733076096, 0.9998601078987122, -0.016551176086068153, 0.00244140625], [-0.01196550764143467, -0.016521338373422623, -0.9997919201850891, 1.5783348083496094], [-0.9999254941940308, 0.002596388105303049, 0.01192420