[{"images": ["samples/CAM_FRONT_LEFT/n008-2018-07-26-12-13-50-0400__CAM_FRONT_LEFT__1532621688604799.jpg", "samples/CAM_FRONT/n008-2018-07-26-12-13-50-0400__CAM_FRONT__1532621688612404.jpg", "samples/CAM_FRONT_RIGHT/n008-2018-07-26-12-13-50-0400__CAM_FRONT_RIGHT__1532621688620482.jpg", "samples/CAM_BACK_LEFT/n008-2018-07-26-12-13-50-0400__CAM_BACK_LEFT__1532621688647405.jpg", "samples/CAM_BACK/n008-2018-07-26-12-13-50-0400__CAM_BACK__1532621688637558.jpg", "samples/CAM_BACK_RIGHT/n008-2018-07-26-12-13-50-0400__CAM_BACK_RIGHT__1532621688628113.jpg"], "intrinsics": [[[1257.8625342125129, 0.0, 827.2410631095686], [0.0, 1257.8625342125129, 450.915498205774], [0.0, 0.0, 1.0]], [[1252.8131021185304, 0.0, 826.588114781398], [0.0, 1252.8131021185304, 469.9846626224581], [0.0, 0.0, 1.0]], [[1256.7485116440405, 0.0, 817.7887570959712], [0.0, 1256.7485116440403, 451.9541780095127], [0.0, 0.0, 1.0]], [[1254.9860565800168, 0.0, 829.5769333630991], [0.0, 1254.9860565800168, 467.1680561863987], [0.0, 0.0, 1.0]], [[796.8910634503094, 0.0, 857.7774326863696], [0.0, 796.8910634503094, 476.8848988407415], [0.0, 0.0, 1.0]], [[1249.9629280788233, 0.0, 825.3768045375984], [0.0, 1249.9629280788233, 462.54816385708756], [0.0, 0.0, 1.0]]], "extrinsics": [[[0.8227791786193848, -0.5678417086601257, 0.024297744035720825, -0.92578125], [0.011778914369642735, -0.025705376639962196, -0.9996001720428467, 1.489436149597168], [0.5682392120361328, 0.822736382484436, -0.014461291953921318, -1.2789306640625], [0.0, 0.0, 0.0, 1.0]], [[0.010643417946994305, -0.9994933605194092, 0.029993811622262, 0.0064697265625], [0.013713224790990353, -0.029846791177988052, -0.9994603991508484, 1.4812488555908203], [0.9998493194580078, 0.011048982851207256, 0.01338860485702753, -1.656005859375], [0.0, 0.0, 0.0, 1.0]], [[-0.8437512516975403, -0.536729097366333, 0.002374679548665881, 1.039306640625], [0.021715404465794563, -0.03855716437101364, -0.9990203976631165, 1.4943962097167969], [0.5362949967384338, -0.8428731560707092, 0.04418794810771942, -1.244873046875], [0.0, 0.0, 0.0, 1.0]], [[0.9478507041931152, 0.3185288608074188, -0.010877206921577454, -1.146484375], [-0.0035918268840759993, -0.023450402542948723, -0.9997185468673706, 1.5620536804199219], [-0.3186942934989929, 0.947623074054718, -0.021083377301692963, -0.1552734375], [0.0, 0.0, 0.0, 1.0]], [[0.009038095362484455, 0.9994789958000183, -0.030985698103904724, -0.02880859375], [-0.0014701334293931723, -0.0309736505150795, -0.9995191097259521, 1.5680351257324219], [-0.9999581575393677, 0.009079302661120892, 0.0011894241906702518, 0.022705078125], [0.0, 0.0, 0.0, 1.0]], [[-0.9237834215164185, 0.38222187757492065, -0.023034853860735893, 1.120849609375], [0.0027049407362937927, -0.05364115908741951, -0.9985566139221191, 1.547933578491211], [-0.3829057812690735, -0.9225123524665833, 0.04851892963051796, -0.06005859375], [0.0, 0.0, 0.0, 1.0]]], "view": [[0.0, -2.0, 100.0], [-2.0, 0.0, 100.0], [0.0, 0.0, 1.0]], "bev": "bev_a4911d59395444b291ea9fced8eb11b1.png", "aux": "aux_a4911d59395444b291ea9fced8eb11b1.npz", "visibility": "visibility_a4911d59395444b291ea9fced8eb11b1.png", "pose": [[-0.9994648098945618, 0.03271196782588959, 0.0, 2387.674560546875], [-0.03271196782588959, -0.9994648098945618, 0.0, 797.0508422851562], [0.0, 0.0, 1.0, 0.0], [0.0, 0.0, 0.0, 1.0]], "pose_inverse": [[-0.9994648098945618, -0.03271196782588959, 0.0, 2412.4697265625], [0.03271196782588959, -0.9994648098945618, 0.0, 718.5187377929688], [0.0, 0.0, 1.0, 0.0], [0.0, 0.0, 0.0, 1.0]], "cam_ids": [0, 1, 2, 3, 4, 5], "cam_channels": ["CAM_FRONT_LEFT", "CAM_FRONT", "CAM_FRONT_RIGHT", "CAM_BACK_LEFT", "CAM_BACK", "CAM_BACK_RIGHT"], "token": "a4911d59395444b291ea9fced8eb11b1", "scene": "scene-0199"}, {"images": ["samples/CAM_FRONT_LEFT/n008-2018-07-26-12-13-50-0400__CAM_FRONT_LEFT__1532621689104799.jpg", "samples/CAM_FRONT/n008-2018-07-26-12-13-50-0400__CAM_FRONT__1532621689112404.jpg", "samples/CAM_FRONT_RIGHT/n008-2018-07-26-12-13-50-0400__CAM_FRONT_RIGHT__1532621689120482.jpg", "samples/CAM_BACK_LEFT/n008-2018-07-26-12-13-50-0400__CAM_BACK_LEFT__1532621689147405.jpg", "samples/CAM_BACK/n008-2018-07-26-12-13-50-0400__CAM_BACK__1532621689137558.jpg", "samples/CAM_BACK_RIGHT/n008-2018-07-26-12-13-50-0400__CAM_BACK_RIGHT__1532621689128113.jpg"], "intrinsics": [[[1257.8625342125129, 0.0, 827.2410631095686], [0.0, 1257.8625342125129, 450.915498205774], [0.0, 0.0, 1.0]], [[1252.8131021185304, 0.0, 826.588114781398], [0.0, 1252.8131021185304, 469.9846626224581], [0.0, 0.0, 1.0]], [[1256.7485116440405, 0.0, 817.7887570959712], [0.0, 1256.7485116440403, 451.9541780095127], [0.0, 0.0, 1.0]], [[1254.9860565800168, 0.0, 829.5769333630991], [0.0, 1254.9860565800168, 467.1680561863987], [0.0, 0.0, 1.0]], [[796.8910634503094, 0.0, 857.7774326863696], [0.0, 796.8910634503094, 476.8848988407415], [0.0, 0.0, 1.0]], [[1249.9629280788233, 0.0, 825.3768045375984], [0.0, 1249.9629280788233, 462.54816385708756], [0.0, 0.0, 1.0]]], "extrinsics": [[[0.8226045966148376, -0.567817211151123, 0.030089188367128372, -0.879638671875], [0.01668538525700569, -0.028789283707737923, -0.9994462132453918, 1.4908275604248047], [0.5683690309524536, 0.8226511478424072, -0.014207949861884117, -1.24658203125], [0.0, 0.0, 0.0, 1.0]], [[0.010469098575413227, -0.9993966817855835, 0.03311670571565628, 0.0064697265625], [0.018868712708353996, -0.032915182411670685, -0.9992800354957581, 1.4825077056884766], [0.9997671842575073, 0.011086431331932545, 0.01851273700594902, -1.610107421875], [0.0, 0.0, 0.0, 1.0]], [[-0.8437281250953674, -0.5367704629898071, -0.0005592880770564079, 1.009765625], [0.027132373303174973, -0.04160763695836067, -0.9987655878067017, 1.4956550598144531], [0.5360845327377319, -0.8427018523216248, 0.04966939240694046, -1.2264404296875], [0.0, 0.0, 0.0, 1.0]], [[0.9478821158409119, 0.31856080889701843, -0.006206003483384848, -1.150390625], [0.002321915002539754, -0.02638343721628189, -0.999649167060852, 1.5620222091674805], [-0.31861281394958496, 0.9475352168083191, -0.025748062878847122, -0.15354156494140625], [0.0, 0.0, 0.0, 1.0]], [[0.009077748283743858, 0.9993831515312195, -0.03392732888460159, -0.02850341796875], [0.004310814198106527, -0.0339675210416317, -0.9994136095046997, 1.5682001113891602], [-0.9999495148658752, 0.008926170878112316, -0.004616503603756428, 0.010986328125], [0.0, 0.0, 0.0, 1.0]], [[-0.9236802458763123, 0.38204026222229004, -0.029326286166906357, 1.097900390625], [0.008257823996245861, -0.0566709004342556, -0.9983587265014648, 1.548370361328125], [-0.38307514786720276, -0.9224063754081726, 0.04919097200036049, -0.0699462890625], [0.0, 0.0, 0.0, 1.0]]], "view": [[0.0, -2.0, 100.0], [-2.0, 0.0, 100.0], [0.0, 0.0, 1.0]], "bev": "bev_364aa5653f5c4aacb06d93cc55a5f08b.png", "aux": "aux_364aa5653f5c4aacb06d93cc55a5f08b.npz", "visibility": "visibility_364aa5653f5c4aacb06d93cc55a5f08b.png", "pose": [[-0.9995791912078857, 0.029007557779550552, 0.0, 2386.259765625], [-0.029007557779550552, -0.9995791912078857, 0.0, 797.0092163085938], [0.0, 0.0, 1.0, 0.0], [0.0, 0.0, 0.0, 1.0]], "pose_inverse": [[-0.9995791912078857, -0.029007557779550552, 0.0, 2408.375], [0.029007557779550552, -0.9995791912078857, 0.0, 727.4542846679688], [0.0, 0.0, 1.0, 0.0], [0.0, 0.0, 0.0, 1.0]], "cam_ids": [0, 1, 2, 3, 4, 5], "cam_channels": ["CAM_FRONT_LEFT", "CAM_FRONT", "CAM_FRONT_RIGHT", "CAM_BACK_LEFT", "CAM_BACK", "CAM_BACK_RIGHT"], "token": "364aa5653f5c4aacb06d93cc55a5f08b", "scene": "scene-0199"}, {"images": ["samples/CAM_FRONT_LEFT/n008-2018-07-26-12-13-50-0400__CAM_FRONT_LEFT__1532621689604799.jpg", "samples/CAM_FRONT/n008-2018-07-26-12-13-50-0400__CAM_FRONT__1532621689612404.jpg", "samples/CAM_FRONT_RIGHT/n008-2018-07-26-12-13-50-0400__CAM_FRONT_RIGHT__1532621689620482.jpg", "samples/CAM_BACK_LEFT/n008-2018-07-26-12-13-50-0400__CAM_BACK_LEFT__1532621689647405.jpg", "samples/CAM_BACK/n008-2018-07-26-12-13-50-0400__CAM_BACK__1532621689637558.jpg", "samples/CAM_BACK_RIGHT/n008-2018-07-26-12-13-50-0400__CAM_BACK_RIGHT__1532621689628113.jpg"], "intrinsics": [[[1257.8625342125129, 0.0, 827.2410631095686], [0.0, 1257.8625342125129, 450.915498205774], [0.0, 0.0, 1.0]], [[1252.8131021185304, 0.0, 826.588114781398], [0.0, 1252.8131021185304, 469.9846626224581], [0.0, 0.0, 1.0]], [[1256.7485116440405, 0.0, 817.7887570959712], [0.0, 1256.7485116440403, 451.9541780095127], [0.0, 0.0, 1.0]], [[1254.9860565800168, 0.0, 829.5769333630991], [0.0, 1254.9860565800168, 467.1680561863987], [0.0, 0.0, 1.0]], [[796.8910634503094, 0.0, 857.7774326863696], [0.0, 796.8910634503094, 476.8848988407415], [0.0, 0.0, 1.0]], [[1249.9629280788233, 0.0, 825.3768045375984], [0.0, 1249.9629280788233, 462.54816385708756], [0.0, 0.0, 1.0]]], "extrinsics": [[[0.8225511908531189, -0.5677831768989563, 0.03212111443281174, -0.888671875], [0.02040419913828373, -0.026980776339769363, -0.9994276762008667, 1.4911766052246094], [0.5683248043060303, 0.8227359056472778, -0.01060790941119194, -1.2525634765625], [0.0, 0.0, 0.0, 1.0]], [[0.010481985285878181, -0.9994557499885559, 0.03127707913517952, 0.00628662109375], [0.022232942283153534, -0.03103811666369438, -0.9992709159851074, 1.4827518463134766], [0.9996978044509888, 0.011169725097715855, 0.021895503625273705, -1.61767578125], [0.0, 0.0, 0.0, 1.0]], [[-0.8436567783355713, -0.536867082118988, -0.004124326631426811, 1.0146484375], [0.03011920303106308, -0.03965797275304794, -0.9987592697143555, 1.4957695007324219], [0.5360374450683594, -0.8427342772483826, 0.04962772876024246, -1.2296142578125], [0.0, 0.0, 0.0, 1.0]], [[0.9478115439414978, 0.3188115060329437, -0.0035281081218272448, -1.146240234375], [0.004532835446298122, -0.02453889697790146, -0.9996885657310486, 1.5620336532592773], [-0.31879881024360657, 0.9475003480911255, -0.0247033704072237, -0.15538787841796875], [0.0, 0.0, 0.0, 1.0]], [[0.009023851715028286, 0.9994491934776306, -0.03193508833646774, -0.02850341796875], [0.006716783158481121, -0.03199624642729759, -0.9994654059410095, 1.56827974319458], [-0.9999367594718933, 0.00880452524870634, -0.007001813966780901, 0.01171875], [0.0, 0.0, 0.0, 1.0]], [[-0.9236399531364441, 0.38199570775032043, -0.03111976757645607, 1.1009521484375], [0.011019514873623848, -0.05469492822885513, -0.9984422922134399, 1.5485172271728516], [-0.3831027150154114, -0.9225441813468933, 0.04630901664495468, -0.068603515625], [0.0, 0.0, 0.0, 1.0]]], "view": [[0.0, -2.0, 100.0], [-2.0, 0.0, 100.0], [0.0, 0.0, 1.0]], "bev": "bev_e1c8e1bdecb8434a8b4dc3fc953fcc9f.png", "aux": "aux_e1c8e1bdecb8434a8b4dc3fc953fcc9f.npz", "visibility": "visibility_e1c8e1bdecb8434a8b4dc3fc953fcc9f.png", "pose": [[-0.9996383786201477, 0.026889804750680923, 0.0, 2384.600341796875], [-0.026889804750680923, -0.9996383786201477, 0.0, 796.9661254882812], [0.0, 0.0, 1.0, 0.0], [0.0, 0.0, 0.0, 1.0]], "pose_inverse": [[-0.9996383786201477, -0.026889804750680923, 0.0, 2405.16845703125], [0.026889804750680923, -0.9996383786201477, 0.0, 732.5565185546875], [0.0, 0.0, 1.0, 0.0], [0.0, 0.0, 0.0, 1.0]], "cam_ids": [0, 1, 2, 3, 4, 5], "cam_channels": ["CAM_FRONT_LEFT", "CAM_FRONT", "CAM_FRONT_RIGHT", "CAM_BACK_LEFT", "CAM_BACK", "CAM_BACK_RIGHT"], "token": "e1c8e1bdecb8434a8b4dc3fc953fcc9f", "scene": "scene-0199"}, {"images": ["samples/CAM_FRONT_LEFT/n008-2018-07-26-12-13-50-0400__CAM_FRONT_LEFT__1532621690104799.jpg", "samples/CAM_FRONT/n008-2018-07-26-12-13-50-0400__CAM_FRONT__1532621690112404.jpg", "samples/CAM_FRONT_RIGHT/n008-2018-07-26-12-13-50-0400__CAM_FRONT_RIGHT__1532621690120482.jpg", "samples/CAM_BACK_LEFT/n008-2018-07-26-12-13-50-0400__CAM_BACK_LEFT__1532621690147405.jpg", "samples/CAM_BACK/n008-2018-07-26-12-13-50-0400__CAM_BACK__1532621690137558.jpg", "samples/CAM_BACK_RIGHT/n008-2018-07-26-12-13-50-0400__CAM_BACK_RIGHT__1532621690128113.jpg"], "intrinsics": [[[1257.8625342125129, 0.0, 827.2410631095686], [0.0, 1257.8625342125129, 450.915498205774], [0.0, 0.0, 1.0]], [[1252.8131021185304, 0.0, 826.588114781398], [0.0, 1252.8131021185304, 469.9846626224581], [0.0, 0.0, 1.0]], [[1256.7485116440405, 0.0, 817.7887570959712], [0.0, 1256.7485116440403, 451.9541780095127], [0.0, 0.0, 1.0]], [[1254.9860565800168, 0.0, 829.5769333630991], [0.0, 1254.9860565800168, 467.1680561863987], [0.0, 0.0, 1.0]], [[796.8910634503094, 0.0, 857.7774326863696], [0.0, 796.8910634503094, 476.8848988407415], [0.0, 0.0, 1.0]], [[1249.9629280788233, 0.0, 825.3768045375984], [0.0, 1249.9629280788233, 462.54816385708756], [0.0, 0.0, 1.0]]], "extrinsics": [[[0.8226680755615234, -0.5676373839378357, 0.031706295907497406, -0.8367919921875], [0.015245957300066948, -0.033722613006830215, -0.9993149042129517, 1.4914360046386719], [0.568317711353302, 0.8225878477096558, -0.019088340923190117, -1.2181396484375], [0.0, 0.0, 0.0, 1.0]], [[0.010556376539170742, -0.9992250204086304, 0.03792041167616844, 0.0079345703125], [0.01702539622783661, -0.037737421691417694, -0.9991427063941956, 1.4830455780029297], [0.9997994303703308, 0.011192930862307549, 0.016613833606243134, -1.567626953125], [0.0, 0.0, 0.0, 1.0]], [[-0.8437293171882629, -0.5367549657821655, 0.003887724131345749, 0.982177734375], [0.024860093370079994, -0.046310774981975555, -0.9986177086830139, 1.4963111877441406], [0.5361930131912231, -0.8424663543701172, 0.052417535334825516, -1.207763671875], [0.0, 0.0, 0.0, 1.0]], [[0.9478525519371033, 0.3185313045978546, -0.01064534205943346, -1.1416015625], [-0.0008082519052550197, -0.030998898670077324, -0.9995191097259521, 1.5620441436767578], [-0.3187081515789032, 0.9474053382873535, -0.029124924913048744, -0.15686798095703125], [0.0, 0.0, 0.0, 1.0]], [[0.009037441574037075, 0.9992155432701111, -0.0385577566921711, -0.02862548828125], [0.0013755280524492264, -0.03857171908020973, -0.9992548823356628, 1.5681400299072266], [-0.9999582767486572, 0.008977667428553104, -0.001723037799820304, -0.00439453125], [0.0, 0.0, 0.0, 1.0]], [[-0.9237348437309265, 0.38194847106933594, -0.028799349442124367, 1.074462890625], [0.005763950292021036, -0.06131800636649132, -0.9981015920639038, 1.5483760833740234], [-0.3829892873764038, -0.9221472144126892, 0.05444004386663437, -0.078857421875], [0.0, 0.0, 0.0, 1.0]]], "view": [[0.0, -2.0, 100.0], [-2.0, 0.0, 100.0], [0.0, 0.0, 1.0]], "bev": "bev_7b73712510ea4a07b55b1c2972eee8c8.png", "aux": "aux_7b73712510ea4a07b55b1c2972eee8c8.npz", "visibility": "visibility_7b73712510ea4a07b55b1c2972eee8c8.png", "pose": [[-0.9996916651725769, 0.024831892922520638, 0.0, 2382.557373046875], [-0.024831892922520638, -0.9996916651725769, 0.0, 796.9159545898438], [0.0, 0.0, 1.0, 0.0], [0.0, 0.0, 0.0, 1.0]], "pose_inverse": [[-0.9996916651725769, -0.024831892922520638, 0.0, 2401.611572265625], [0.024831892922520638, -0.9996916651725769, 0.0, 737.5068359375], [0.0, 0.0, 1.0, 0.0], [0.0, 0.0, 0.0, 1.0]], "cam_ids": [0, 1, 2, 3, 4, 5], "cam_channels": ["CAM_FRONT_LEFT", "CAM_FRONT", "CAM_FRONT_RIGHT", "CAM_BACK_LEFT", "CAM_BACK", "CAM_BACK_RIGHT"], "token": "7b73712510ea4a07b55b1c2972eee8c8", "scene": "scene-0199"}, {"images": ["samples/CAM_FRONT_LEFT/n008-2018-07-26-12-13-50-0400__CAM_FRONT_LEFT__1532621690604799.jpg", "samples/CAM_FRONT/n008-2018-07-26-12-13-50-0400__CAM_FRONT__1532621690612413.jpg", "samples/CAM_FRONT_RIGHT/n008-2018-07-26-12-13-50-0400__CAM_FRONT_RIGHT__1532621690620482.jpg", "samples/CAM_BACK_LEFT/n008-2018-07-26-12-13-50-0400__CAM_BACK_LEFT__1532621690647405.jpg", "samples/CAM_BACK/n008-2018-07-26-12-13-50-0400__CAM_BACK__1532621690637558.jpg", "samples/CAM_BACK_RIGHT/n008-2018-07-26-12-13-50-0400__CAM_BACK_RIGHT__1532621690628113.jpg"], "intrinsics": [[[1257.8625342125129, 0.0, 827.2410631095686], [0.0, 1257.8625342125129, 450.915498205774], [0.0, 0.0, 1.0]], [[1252.8131021185304, 0.0, 826.588114781398], [0.0, 1252.8131021185304, 469.9846626224581], [0.0, 0.0, 1.0]], [[1256.7485116440405, 0.0, 817.7887570959712], [0.0, 1256.7485116440403, 451.9541780095127], [0.0, 0.0, 1.0]], [[1254.9860565800168, 0.0, 829.5769333630991], [0.0, 1254.9860565800168, 467.1680561863987], [0.0, 0.0, 1.0]], [[796.8910634503094, 0.0, 857.7774326863696], [0.0, 796.8910634503094, 476.8848988407415], [0.0, 0.0, 1.0]], [[1249.9629280788233, 0.0, 825.3768045375984], [0.0, 1249.9629280788233, 462.54816385708756], [0.0, 0.0, 1.0]]], "extrinsics": [[[0.8223532438278198, -0.5681105852127075, 0.031392648816108704, -0.822265625], [0.01289831381291151, -0.03654586896300316, -0.9992486834526062, 1.4911847114562988], [0.5688310265541077, 0.8221403360366821, -0.022725943475961685, -1.2080078125], [0.0, 0.0, 0.0, 1.0]], [[0.010046427138149738, -0.9991070032119751, 0.041039515286684036, 0.00799560546875], [0.014903204515576363, -0.04088741913437843, -0.9990526437759399, 1.4829254150390625], [0.9998384118080139, 0.01064852625131607, 0.01447912584990263, -1.551513671875], [0.0, 0.0, 0.0, 1.0]], [[-0.8439789414405823, -0.5363261103630066, 0.007338413968682289, 0.97119140625], [0.022969501093029976, -0.049807652831077576, -0.9984946250915527, 1.496358871459961], [0.5358842611312866, -0.8425399661064148, 0.05435575917363167, -1.2010498046875], [0.0, 0.0, 0.0, 1.0]], [[0.9478662610054016, 0.31836947798728943, -0.013799633830785751, -1.14404296875], [-0.0026640689466148615, -0.03538580983877182, -0.9993702173233032, 1.5620479583740234], [-0.3186572790145874, 0.9473059773445129, -0.03269285336136818, -0.1562042236328125], [0.0, 0.0, 0.0, 1.0]], [[0.00920775905251503, 0.999045729637146, -0.0426931157708168, -0.028564453125], [-0.0004564523696899414, -0.042690716683864594, -0.9990881681442261, 1.5680427551269531], [-0.9999575018882751, 0.009218850173056126, 6.293001206358895e-05, -0.009521484375], [0.0, 0.0, 0.0, 1.0]], [[-0.9236462712287903, 0.3821878135204315, -0.028461212292313576, 1.0654296875], [0.003814249997958541, -0.06509268283843994, -0.9978719353675842, 1.5482406616210938], [-0.3832271099090576, -0.9217892289161682, 0.058664847165346146, -0.0826416015625], [0.0, 0.0, 0.0, 1.0]]], "view": [[0.0, -2.0, 100.0], [-2.0, 0.0, 100.0], [0.0, 0.0, 1.0]], "bev": "bev_4d53a55f5df24f19b0a9b68d78bbad01.png", "aux": "aux_4d53a55f5df24f19b0a9b68d78bbad01.npz", "visibility": "visibility_4d53a55f5df24f19b0a9b68d78bbad01.png", "pose": [[-0.9996598362922668, 0.02608068846166134, 0.0, 2380.1064453125], [-0.02608068846166134, -0.9996598362922668, 0.0, 796.86279296875], [0.0, 0.0, 1.0, 0.0], [0.0, 0.0, 0.0, 1.0]], "pose_inverse": [[-0.9996598362922668, -0.02608068846166134, 0.0, 2400.07958984375], [0.02608068846166134, -0.9996598362922668, 0.0, 734.5169067382812], [0.0, 0.0, 1.0, 0.0], [0.0, 0.0, 0.0, 1.0]], "cam_ids": [0, 1, 2, 3, 4, 5], "cam_channels": ["CAM_FRONT_LEFT", "CAM_FRONT", "CAM_FRONT_RIGHT", "CAM_BACK_LEFT", "CAM_BACK", "CAM_BACK_RIGHT"], "token": "4d53a55f5df24f19b0a9b68d78bbad01", "scene": "scene-0199"}, {"images": ["samples/CAM_FRONT_LEFT/n008-2018-07-26-12-13-50-0400__CAM_FRONT_LEFT__1532621691154799.jpg", "samples/CAM_FRONT/n008-2018-07-26-12-13-50-0400__CAM_FRONT__1532621691162404.jpg", "samples/CAM_FRONT_RIGHT/n008-2018-07-26-12-13-50-0400__CAM_FRONT_RIGHT__1532621691170482.jpg", "samples/CAM_BACK_LEFT/n008-2018-07-26-12-13-50-0400__CAM_BACK_LEFT__1532621691197405.jpg", "samples/CAM_BACK/n008-2018-07-26-12-13-50-0400__CAM_BACK__1532621691187558.jpg", "samples/CAM_BACK_RIGHT/n008-2018-07-26-12-13-50-0400__CAM_BACK_RIGHT__1532621691178113.jpg"], "intrinsics": [[[1257.8625342125129, 0.0, 827.2410631095686], [0.0, 1257.8625342125129, 450.915498205774], [0.0, 0.0, 1.0]], [[1252.8131021185304, 0.0, 826.588114781398], [0.0, 1252.8131021185304, 469.9846626224581], [0.0, 0.0, 1.0]], [[1256.7485116440405, 0.0, 817.7887570959712], [0.0, 1256.7485116440403, 451.9541780095127], [0.0, 0.0, 1.0]], [[1254.9860565800168, 0.0, 829.5769333630991], [0.0, 1254.9860565800168, 467.1680561863987], [0.0, 0.0, 1.0]], [[796.8910634503094, 0.0, 857.7774326863696], [0.0, 796.8910634503094, 476.8848988407415], [0.0, 0.0, 1.0]], [[1249.9629280788233, 0.0, 825.3768045375984], [0.0, 1249.9629280788233, 462.54816385708756], [0.0, 0.0, 1.0]]], "extrinsics": [[[0.8223668932914734, -0.5682363510131836, 0.028640588745474815, -0.799560546875], [0.01052873395383358, -0.03513122349977493, -0.9993272423744202, 1.490931510925293], [0.5688602924346924, 0.8221150636672974, -0.022907942533493042, -1.19140625], [0.0, 0.0, 0.0, 1.0]], [[0.010078804567456245, -0.9991642236709595, 0.03961433470249176, 0.00762939453125], [0.012263965792953968, -0.039489854127168655, -0.9991446733474731, 1.482710361480713], [0.9998739957809448, 0.01055601704865694, 0.01185570564121008, -1.528076171875], [0.0, 0.0, 0.0, 1.0]], [[-0.8439808487892151, -0.5362967252731323, 0.00906751211732626, 0.95458984375], [0.020064739510416985, -0.04846063256263733, -0.9986235499382019, 1.4963045120239258], [0.5359980463981628, -0.8426371216773987, 0.051660504192113876, -1.19110107421875], [0.0, 0.0, 0.0, 1.0]], [[0.9478697776794434, 0.31821319460868835, -0.016828009858727455, -1.14111328125], [-0.006252332124859095, -0.03422681987285614, -0.9993945360183716, 1.5620193481445312], [-0.3185965418815613, 0.9474011063575745, -0.030452987179160118, -0.15709686279296875], [0.0, 0.0, 0.0, 1.0]], [[0.00917865615338087, 0.9990977048873901, -0.04146752506494522, -0.02825927734375], [-0.003892565378919244, -0.04143325239419937, -0.9991337060928345, 1.5678215026855469], [-0.9999503493309021, 0.009332118555903435, 0.0035087517462670803, -0.01708984375], [0.0, 0.0, 0.0, 1.0]], [[-0.9237057566642761, 0.3822735548019409, -0.0251885075122118, 1.052001953125], [0.0008084456203505397, -0.06380355358123779, -0.9979621171951294, 1.54791259765625], [-0.38310161232948303, -0.9218438267707825, 0.05862667039036751, -0.0885009765625], [0.0, 0.0, 0.0, 1.0]]], "view": [[0.0, -2.0, 100.0], [-2.0, 0.0, 100.0], [0.0, 0.0, 1.0]], "bev": "bev_a82314b741be4cccacd165e413bacad2.png", "aux": "aux_a82314b741be4cccacd165e413bacad2.npz", "visibility": "visibility_a82314b741be4cccacd165e413bacad2.png", "pose": [[-0.9994914531707764, 0.03188781440258026, 0.0, 2377.134033203125], [-0.03188781440258026, -0.9994914531707764, 0.0, 796.7811279296875], [0.0, 0.0, 1.0, 0.0], [0.0, 0.0, 0.0, 1.0]], "pose_inverse": [[-0.9994914531707764, -0.03188781440258026, 0.0, 2401.332763671875], [0.03188781440258026, -0.9994914531707764, 0.0, 720.5743408203125], [0.0, 0.0, 1.0, 0.0], [0.0, 0.0, 0.0, 1.0]], "cam_ids": [0, 1, 2, 3, 4, 5], "cam_channels": ["CAM_FRONT_LEFT", "CAM_FRONT", "CAM_FRONT_RIGHT", "CAM_BACK_LEFT", "CAM_BACK", "CAM_BACK_RIGHT"], "token": "a82314b741be4cccacd165e413bacad2", "scene": "scene-0199"}, {"images": ["samples/CAM_FRONT_LEFT/n008-2018-07-26-12-13-50-0400__CAM_FRONT_LEFT__1532621691654799.jpg", "samples/CAM_FRONT/n008-2018-07-26-12-13-50-0400__CAM_FRONT__1532621691662404.jpg", "samples/CAM_FRONT_RIGHT/n008-2018-07-26-12-13-50-0400__CAM_FRONT_RIGHT__1532621691670482.jpg", "samples/CAM_BACK_LEFT/n008-2018-07-26-12-13-50-0400__CAM_BACK_LEFT__1532621691697405.jpg", "samples/CAM_BACK/n008-2018-07-26-12-13-50-0400__CAM_BACK__1532621691687558.jpg", "samples/CAM_BACK_RIGHT/n008-2018-07-26-12-13-50-0400__CAM_BACK_RIGHT__1532621691678113.jpg"], "intrinsics": [[[1257.8625342125129, 0.0, 827.2410631095686], [0.0, 1257.8625342125129, 450.915498205774], [0.0, 0.0, 1.0]], [[1252.8131021185304, 0.0, 826.588114781398], [0.0, 1252.8131021185304, 469.9846626224581], [0.0, 0.0, 1.0]], [[1256.7485116440405, 0.0, 817.7887570959712], [0.0, 1256.7485116440403, 451.9541780095127], [0.0, 0.0, 1.0]], [[1254.9860565800168, 0.0, 829.5769333630991], [0.0, 1254.9860565800168, 467.1680561863987], [0.0, 0.0, 1.0]], [[796.8910634503094, 0.0, 857.7774326863696], [0.0, 796.8910634503094, 476.8848988407415], [0.0, 0.0, 1.0]], [[1249.9629280788233, 0.0, 825.3768045375984], [0.0, 1249.9629280788233, 462.54816385708756], [0.0, 0.0, 1.0]]], "extrinsics": [[[0.8222813010215759, -0.5688643455505371, 0.01571730151772499, -0.7769775390625], [0.006678054109215736, -0.01797119341790676, -0.9998161792755127, 1.4901607036590576], [0.5690422058105469, 0.8222350478172302, -0.01097847055643797, -1.1768798828125], [0.0, 0.0, 0.0, 1.0]], [[0.009951511397957802, -0.9997079968452454, 0.02202080748975277, 0.00885009765625], [0.01001468300819397, -0.021921148523688316, -0.9997095465660095, 1.4824724197387695], [0.9999003410339355, 0.010169154964387417, 0.009793609380722046, -1.506591796875], [0.0, 0.0, 0.0, 1.0]], [[-0.8440240025520325, -0.5363054275512695, -2.4771779862930998e-05, 0.9423828125], [0.01934894174337387, -0.030404720455408096, -0.999350368976593, 1.4965171813964844], [0.5359563231468201, -0.8434761762619019, 0.03603925555944443, -1.18212890625], [0.0, 0.0, 0.0, 1.0]], [[0.947864830493927, 0.3186240792274475, -0.005558154080063105, -1.1376953125], [-0.0010652652708813548, -0.014273427426815033, -0.9998975396156311, 1.562037467956543], [-0.3186708092689514, 0.9477736949920654, -0.013189863413572311, -0.15831756591796875], [0.0, 0.0, 0.0, 1.0]], [[0.009189484640955925, 0.9997116327285767, -0.022186046466231346, -0.02874755859375], [-0.0006610378040932119, -0.02218090370297432, -0.9997537136077881, 1.5680265426635742], [-0.9999576210975647, 0.00920188520103693, 0.0004570160526782274, -0.02392578125], [0.0, 0.0, 0.0, 1.0]], [[-0.9236900210380554, 0.3826849162578583, -0.018676970154047012, 1.0419921875], [0.0014688019873574376, -0.04520987346768379, -0.9989764094352722, 1.548044204711914], [-0.3831375539302826, -0.9227721095085144, 0.041197825223207474, -0.091796875], [0.0, 0.0, 0.0, 1.0]]], "view": [[0.0, -2.0, 100.0], [-2.0, 0.0, 100.0], [0.0, 0.0, 1.0]], "bev": "bev_3bc293644fe84cb5a84f974a83fa0c6f.png", "aux": "aux_3bc293644fe84cb5a84f974a83fa0c6f.npz", "visibility": "visibility_3bc293644fe84cb5a84f974a83fa0c6f.png", "pose": [[-0.999446451663971, 0.03326856717467308, 0.0, 2374.003662109375], [-0.03326856717467308, -0.999446451663971, 0.0, 796.6943969726562], [0.0, 0.0, 1.0, 0.0], [0.0, 0.0, 0.0, 1.0]], "pose_inverse": [[-0.999446451663971, -0.03326856717467308, 0.0, 2399.1943359375], [0.03326856717467308, -0.999446451663971, 0.0, 717.273681640625], [0.0, 0.0, 1.0, 0.0], [0.0, 0.0, 0.0, 1.0]], "cam_ids": [0, 1, 2, 3, 4, 5], "cam_channels": ["CAM_FRONT_LEFT", "CAM_FRONT", "CAM_FRONT_RIGHT", "CAM_BACK_LEFT", "CAM_BACK", "CAM_BACK_RIGHT"], "token": "3bc293644fe84cb5a84f974a83fa0c6f", "scene": "scene-0199"}, {"images": ["samples/CAM_FRONT_LEFT/n008-2018-07-26-12-13-50-0400__CAM_FRONT_LEFT__1532621692154799.jpg", "samples/CAM_FRONT/n008-2018-07-26-12-13-50-0400__CAM_FRONT__1532621692162404.jpg", "samples/CAM_FRONT_RIGHT/n008-2018-07-26-12-13-50-0400__CAM_FRONT_RIGHT__1532621692170482.jpg", "samples/CAM_BACK_LEFT/n008-2018-07-26-12-13-50-0400__CAM_BACK_LEFT__1532621692197405.jpg", "samples/CAM_BACK/n008-2018-07-26-12-13-50-0400__CAM_BACK__1532621692187558.jpg", "samples/CAM_BACK_RIGHT/n008-2018-07-26-12-13-50-0400__CAM_BACK_RIGHT__1532621692178113.jpg"], "intrinsics": [[[1257.8625342125129, 0.0, 827.2410631095686], [0.0, 1257.8625342125129, 450.915498205774], [0.0, 0.0, 1.0]], [[1252.8131021185304, 0.0, 826.588114781398], [0.0, 1252.8131021185304, 469.9846626224581], [0.0, 0.0, 1.0]], [[1256.7485116440405, 0.0, 817.7887570959712], [0.0, 1256.7485116440403, 451.9541780095127], [0.0, 0.0, 1.0]], [[1254.9860565800168, 0.0, 829.5769333630991], [0.0, 1254.9860565800168, 467.1680561863987], [0.0, 0.0, 1.0]], [[796.8910634503094, 0.0, 857.7774326863696], [0.0, 796.8910634503094, 476.8848988407415], [0.0, 0.0, 1.0]], [[1249.9629280788233, 0.0, 825.3768045375984], [0.0, 1249.9629280788233, 462.54816385708756], [0.0, 0.0, 1.0]]], "extrinsics": [[[0.8227444887161255, -0.5682207345962524, 0.014725820161402225, -0.7677001953125], [0.004486800637096167, -0.019413944333791733, -0.9998014569282532, 1.489628553390503], [0.5683937668800354, 0.822647213935852, -0.013423224911093712, -1.1724853515625], [0.0, 0.0, 0.0, 1.0]], [[0.010571695864200592, -0.9996475577354431, 0.02435309812426567, 0.0098876953125], [0.006193863227963448, -0.02428853139281273, -0.9996858239173889, 1.4816807508468628], [0.9999249577522278, 0.01071921642869711, 0.005934908986091614, -1.498046875], [0.0, 0.0, 0.0, 1.0]], [[-0.8438509106636047, -0.5365415215492249, 0.00622665137052536, 0.93603515625], [0.014086626470088959, -0.03375227749347687, -0.9993309378623962, 1.4957218170166016], [0.5363927483558655, -0.8431986570358276, 0.03603995591402054, -1.1773681640625], [0.0, 0.0, 0.0, 1.0]], [[0.9478594660758972, 0.3182535767555237, -0.016645995900034904, -1.138427734375], [-0.010577433742582798, -0.020787032321095467, -0.9997279644012451, 1.561981201171875], [-0.31851300597190857, 0.9477777481079102, -0.016336878761649132, -0.15824127197265625], [0.0, 0.0, 0.0, 1.0]], [[0.009084384888410568, 0.9995750188827515, -0.027699066326022148, -0.02886962890625], [-0.008830566890537739, -0.027618935331702232, -0.9995794892311096, 1.5674514770507812], [-0.9999197721481323, 0.009325164370238781, 0.008575912564992905, -0.027099609375], [0.0, 0.0, 0.0, 1.0]], [[-0.9238359332084656, 0.38251814246177673, -0.014382208697497845, 1.0361328125], [-0.0049500130116939545, -0.04950718209147453, -0.9987614750862122, 1.5472145080566406], [-0.38275641202926636, -0.9226205945014954, 0.04762998968362808, -0.0938720703125], [0.0, 0.0, 0.0, 1.0]]], "view": [[0.0, -2.0, 100.0], [-2.0, 0.0, 100.0], [0.0, 0.0, 1.0]], "bev": "bev_4fafa40e8798492bbbe21f57bfbd1334.png", "aux": "aux_4fafa40e8798492bbbe21f57bfbd1334.npz", "visibility": "visibility_4fafa40e8798492bbbe21f57bfbd1334.png", "pose": [[-0.9991636276245117, 0.040890660136938095, 0.0, 2370.754638671875], [-0.040890660136938095, -0.9991636276245117, 0.0, 796.5928344726562], [0.0, 0.0, 1.0, 0.0], [0.0, 0.0, 0.0, 1.0]], "pose_inverse": [[-0.9991636276245117, -0.040890660136938095, 0.0, 2401.344970703125], [0.040890660136938095, -0.9991636276245117, 0.0, 698.98486328125], [0.0, 0.0, 1.0, 0.0], [0.0, 0.0, 0.0, 1.0]], "cam_ids": [0, 1, 2, 3, 4, 5], "cam_channels": ["CAM_FRONT_LEFT", "CAM_FRONT", "CAM_FRONT_RIGHT", "CAM_BACK_LEFT", "CAM_BACK", "CAM_BACK_RIGHT"], "token": "4fafa40e8798492bbbe21f57bfbd1334", "scene": "scene-0199"}, {"images": ["samples/CAM_FRONT_LEFT/n008-2018-07-26-12-13-50-0400__CAM_FRONT_LEFT__1532621692654799.jpg", "samples/CAM_FRONT/n008-2018-07-26-12-13-50-0400__CAM_FRONT__1532621692662404.jpg", "samples/CAM_FRONT_RIGHT/n008-2018-07-26-12-13-50-0400__CAM_FRONT_RIGHT__1532621692670482.jpg", "samples/CAM_BACK_LEFT/n008-2018-07-26-12-13-50-0400__CAM_BACK_LEFT__1532621692697405.jpg", "samples/CAM_BACK/n008-2018-07-26-12-13-50-0400__CAM_BACK__1532621692687558.jpg", "samples/CAM_BACK_RIGHT/n008-2018-07-26-12-13-50-0400__CAM_BACK_RIGHT__1532621692678113.jpg"], "intrinsics": [[[1257.8625342125129, 0.0, 827.2410631095686], [0.0, 1257.8625342125129, 450.915498205774], [0.0, 0.0, 1.0]], [[1252.8131021185304, 0.0, 826.588114781398], [0.0, 1252.8131021185304, 469.9846626224581], [0.0, 0.0, 1.0]], [[1256.7485116440405, 0.0, 817.7887570959712], [0.0, 1256.7485116440403, 451.9541780095127], [0.0, 0.0, 1.0]], [[1254.9860565800168, 0.0, 829.5769333630991], [0.0, 1254.9860565800168, 467.1680561863987], [0.0, 0.0, 1.0]], [[796.8910634503094, 0.0, 857.7774326863696], [0.0, 796.8910634503094, 476.8848988407415], [0.0, 0.0, 1.0]], [[1249.9629280788233, 0.0, 825.3768045375984], [0.0, 1249.9629280788233, 462.54816385708756], [0.0, 0.0, 1.0]]], "extrinsics": [[[0.8232257962226868, -0.5671597123146057, 0.025085804983973503, -0.7554931640625], [0.007826926186680794, -0.032844673842191696, -0.9994297623634338, 1.4907140731811523], [0.5676602721214294, 0.8229526877403259, -0.022599466145038605, -1.163330078125], [0.0, 0.0, 0.0, 1.0]], [[0.011320145800709724, -0.9992442727088928, 0.0371842235326767, 0.0096435546875], [0.009796572849154472, -0.03707399219274521, -0.9992645382881165, 1.482674241065979], [0.9998878836631775, 0.011676096357405186, 0.009369486942887306, -1.484130859375], [0.0, 0.0, 0.0, 1.0]], [[-0.8434802889823914, -0.5370743274688721, 0.009607216343283653, 0.92578125], [0.017877575010061264, -0.045943208038806915, -0.9987840056419373, 1.4966344833374023], [0.5368625521659851, -0.8422828912734985, 0.04835377633571625, -1.17120361328125], [0.0, 0.0, 0.0, 1.0]], [[0.9478598237037659, 0.31823596358299255, -0.016958458349108696, -1.138916015625], [-0.00714646652340889, -0.03197472169995308, -0.9994630813598633, 1.5620040893554688], [-0.318607360124588, 0.9474722146987915, -0.028033291921019554, -0.157989501953125], [0.0, 0.0, 0.0, 1.0]], [[0.008807453326880932, 0.9992006421089172, -0.03899386525154114, -0.02874755859375], [-0.005239870399236679, -0.038948722183704376, -0.9992274641990662, 1.56768798828125], [-0.9999475479125977, 0.009004971012473106, 0.004892642609775066, -0.03125], [0.0, 0.0, 0.0, 1.0]], [[-0.9239979982376099, 0.3817406892776489, -0.022398965433239937, 1.02783203125], [-0.001109353848733008, -0.06125083565711975, -0.9981217384338379, 1.5477104187011719], [-0.3823956549167633, -0.9222376942634583, 0.05701913684606552, -0.0977783203125], [0.0, 0.0, 0.0, 1.0]]], "view": [[0.0, -2.0, 100.0], [-2.0, 0.0, 100.0], [0.0, 0.0, 1.0]], "bev": "bev_560a38f9a8a84bd092ce43f68f2506d0.png", "aux": "aux_560a38f9a8a84bd092ce43f68f2506d0.npz", "visibility": "visibility_560a38f9a8a84bd092ce43f68f2506d0.png", "pose": [[-0.9995151162147522, 0.031136756762862206, 0.0, 2367.437255859375], [-0.031136756762862206, -0.9995151162147522, 0.0, 796.4942626953125], [0.0, 0.0, 1.0, 0.0], [0.0, 0.0, 0.0, 1.0]], "pose_inverse": [[-0.9995151162147522, -0.031136756762862206, 0.0, 2391.089599609375], [0.031136756762862206, -0.9995151162147522, 0.0, 722.3937377929688], [0.0, 0.0, 1.0, 0.0], [0.0, 0.0, 0.0, 1.0]], "cam_ids": [0, 1, 2, 3, 4, 5], "cam_channels": ["CAM_FRONT_LEFT", "CAM_FRONT", "CAM_FRONT_RIGHT", "CAM_BACK_LEFT", "CAM_BACK", "CAM_BACK_RIGHT"], "token": "560a38f9a8a84bd092ce43f68f2506d0", "scene": "scene-0199"}, {"images": ["samples/CAM_FRONT_LEFT/n008-2018-07-26-12-13-50-0400__CAM_FRONT_LEFT__1532621693154799.jpg", "samples/CAM_FRONT/n008-2018-07-26-12-13-50-0400__CAM_FRONT__1532621693162404.jpg", "samples/CAM_FRONT_RIGHT/n008-2018-07-26-12-13-50-0400__CAM_FRONT_RIGHT__1532621693170482.jpg", "samples/CAM_BACK_LEFT/n008-2018-07-26-12-13-50-0400__CAM_BACK_LEFT__1532621693197405.jpg", "samples/CAM_BACK/n008-2018-07-26-12-13-50-0400__CAM_BACK__1532621693187558.jpg", "samples/CAM_BACK_RIGHT/n008-2018-07-26-12-13-50-0400__CAM_BACK_RIGHT__1532621693178113.jpg"], "intrinsics": [[[1257.8625342125129, 0.0, 827.2410631095686], [0.0, 1257.8625342125129, 450.915498205774], [0.0, 0.0, 1.0]], [[1252.8131021185304, 0.0, 826.588114781398], [0.0, 1252.8131021185304, 469.9846626224581], [0.0, 0.0, 1.0]], [[1256.7485116440405, 0.0, 817.7887570959712], [0.0, 1256.7485116440403, 451.9541780095127], [0.0, 0.0, 1.0]], [[1254.9860565800168, 0.0, 829.5769333630991], [0.0, 1254.9860565800168, 467.1680561863987], [0.0, 0.0, 1.0]], [[796.8910634503094, 0.0, 857.7774326863696], [0.0, 796.8910634503094, 476.8848988407415], [0.0, 0.0, 1.0]], [[1249.9629280788233, 0.0, 825.3768045375984], [0.0, 1249.9629280788233, 462.54816385708756], [0.0, 0.0, 1.0]]], "extrinsics": [[[0.8230331540107727, -0.5672172904014587, 0.029682165011763573, -0.751220703125], [0.01522731687873602, -0.03020463138818741, -0.9994277358055115, 1.4930419921875], [0.5677891969680786, 0.8230140805244446, -0.016222218051552773, -1.160888671875], [0.0, 0.0, 0.0, 1.0]], [[0.011185111477971077, -0.9993565678596497, 0.03407834842801094, 0.01043701171875], [0.01709132269024849, -0.033884432166814804, -0.9992796182632446, 1.4845695495605469], [0.9997913837432861, 0.011759499087929726, 0.01670132577419281, -1.48193359375], [0.0, 0.0, 0.0, 1.0]], [[-0.8433910012245178, -0.5372985005378723, 0.0014257942093536258, 0.9267578125], [0.025081928819417953, -0.0420212559401989, -0.9988018274307251, 1.4980792999267578], [0.5367146134376526, -0.8423446416854858, 0.048916835337877274, -1.17059326171875], [0.0, 0.0, 0.0, 1.0]], [[0.9478487372398376, 0.3186236321926117, -0.007857129909098148, -1.1396484375], [-8.250365499407053e-05, -0.024406814947724342, -0.9997020959854126, 1.5620479583740234], [-0.3187204897403717, 0.9475669860839844, -0.023107679560780525, -0.15772247314453125], [0.0, 0.0, 0.0, 1.0]], [[0.008753253147006035, 0.9994194507598877, -0.03292616084218025, -0.0291748046875], [0.0019089877605438232, -0.03294406458735466, -0.9994553923606873, 1.5682373046875], [-0.9999598264694214, 0.00868563074618578, -0.0021962469909340143, -0.0302734375], [0.0, 0.0, 0.0, 1.0]], [[-0.9239403009414673, 0.38156625628471375, -0.027226079255342484, 1.0289306640625], [0.006087397690862417, -0.05649790167808533, -0.9983841776847839, 1.5487861633300781], [-0.3824878931045532, -0.9226131439208984, 0.04987794905900955, -0.0963134765625], [0.0, 0.0, 0.0, 1.0]]], "view": [[0.0, -2.0, 100.0], [-2.0, 0.0, 100.0], [0.0, 0.0, 1.0]], "bev": "bev_82862d947efb4e06a04c14aaab7f789a.png", "aux": "aux_82862d947efb4e06a04c14aaab7f789a.npz", "visibility": "visibility_82862d947efb4e06a04c14aaab7f789a.png", "pose": [[-0.9997648596763611, 0.02168365567922592, 0.0, 2364.029052734375], [-0.02168365567922592, -0.9997648596763611, 0.0, 796.4174194335938], [0.0, 0.0, 1.0, 0.0], [0.0, 0.0, 0.0, 1.0]], "pose_inverse": [[-0.9997648596763611, -0.02168365567922592, 0.0, 2380.742431640625], [0.02168365567922592, -0.9997648596763611, 0.0, 744.9693603515625], [0.0, 0.0, 1.0, 0.0], [0.0, 0.0, 0.0, 1.0]], "cam_ids": [0, 1, 2, 3, 4, 5], "cam_channels": ["CAM_FRONT_LEFT", "CAM_FRONT", "CAM_FRONT_RIGHT", "CAM_BACK_LEFT", "CAM_BACK", "CAM_BACK_RIGHT"], "token": "82862d947efb4e06a04c14aaab7f789a", "scene": "scene-0199"}, {"images": ["samples/CAM_FRONT_LEFT/n008-2018-07-26-12-13-50-0400__CAM_FRONT_LEFT__1532621693654799.jpg", "samples/CAM_FRONT/n008-2018-07-26-12-13-50-0400__CAM_FRONT__1532621693662404.jpg", "samples/CAM_FRONT_RIGHT/n008-2018-07-26-12-13-50-0400__CAM_FRONT_RIGHT__1532621693670482.jpg", "samples/CAM_BACK_LEFT/n008-2018-07-26-12-13-50-0400__CAM_BACK_LEFT__1532621693697405.jpg", "samples/CAM_BACK/n008-2018-07-26-12-13-50-0400__CAM_BACK__1532621693687558.jpg", "samples/CAM_BACK_RIGHT/n008-2018-07-26-12-13-50-0400__CAM_BACK_RIGHT__1532621693678113.jpg"], "intrinsics": [[[1257.8625342125129, 0.0, 827.2410631095686], [0.0, 1257.8625342125129, 450.915498205774], [0.0, 0.0, 1.0]], [[1252.8131021185304, 0.0, 826.588114781398], [0.0, 1252.8131021185304, 469.9846626224581], [0.0, 0.0, 1.0]], [[1256.7485116440405, 0.0, 817.7887570959712], [0.0, 1256.7485116440403, 451.9541780095127], [0.0, 0.0, 1.0]], [[1254.9860565800168, 0.0, 829.5769333630991], [0.0, 1254.9860565800168, 467.1680561863987], [0.0, 0.0, 1.0]], [[796.8910634503094, 0.0, 857.7774326863696], [0.0, 796.8910634503094, 476.8848988407415], [0.0, 0.0, 1.0]], [[1249.9629280788233, 0.0, 825.3768045375984], [0.0, 1249.9629280788233, 462.54816385708756], [0.0, 0.0, 1.0]]], "extrinsics": [[[0.8224932551383972, -0.5681408047676086, 0.026849830523133278, -0.7103271484375], [0.017039772123098373, -0.022571852430701256, -0.9995999336242676, 1.4944190979003906], [0.5685195326805115, 0.8226218223571777, -0.00888421293348074, -1.132568359375], [0.0, 0.0, 0.0, 1.0]], [[0.010315212421119213, -0.9995771050453186, 0.027185991406440735, 0.01025390625], [0.018817707896232605, -0.026988577097654343, -0.9994586110115051, 1.4858512878417969], [0.9997696876525879, 0.010821202769875526, 0.018531357869505882, -1.435302734375], [0.0, 0.0, 0.0, 1.0]], [[-0.8438024520874023, -0.5366438031196594, -0.003313422203063965, 0.889892578125], [0.026733217760920525, -0.03586633875966072, -0.9989989399909973, 1.4995155334472656], [0.5359877943992615, -0.8430463075637817, 0.044610317796468735, -1.14837646484375], [0.0, 0.0, 0.0, 1.0]], [[0.9478586912155151, 0.3186371326446533, -0.005858638323843479, -1.10986328125], [0.0007191107142716646, -0.020521827042102814, -0.9997891783714294, 1.5620708465576172], [-0.3186901807785034, 0.9476545453071594, -0.0196809284389019, -0.16780853271484375], [0.0, 0.0, 0.0, 1.0]], [[0.009128296747803688, 0.9995583891868591, -0.0282798632979393, -0.02850341796875], [0.0031650096643716097, -0.02830977737903595, -0.9995941519737244, 1.5684289932250977], [-0.9999533295631409