[{"images": ["samples/CAM_FRONT_LEFT/n015-2018-08-01-16-41-59+0800__CAM_FRONT_LEFT__1533112987504844.jpg", "samples/CAM_FRONT/n015-2018-08-01-16-41-59+0800__CAM_FRONT__1533112987512460.jpg", "samples/CAM_FRONT_RIGHT/n015-2018-08-01-16-41-59+0800__CAM_FRONT_RIGHT__1533112987520339.jpg", "samples/CAM_BACK_LEFT/n015-2018-08-01-16-41-59+0800__CAM_BACK_LEFT__1533112987547423.jpg", "samples/CAM_BACK/n015-2018-08-01-16-41-59+0800__CAM_BACK__1533112987537525.jpg", "samples/CAM_BACK_RIGHT/n015-2018-08-01-16-41-59+0800__CAM_BACK_RIGHT__1533112987527893.jpg"], "intrinsics": [[[1272.5979470598488, 0.0, 826.6154927353808], [0.0, 1272.5979470598488, 479.75165386361925], [0.0, 0.0, 1.0]], [[1266.417203046554, 0.0, 816.2670197447984], [0.0, 1266.417203046554, 491.50706579294757], [0.0, 0.0, 1.0]], [[1260.8474446004698, 0.0, 807.968244525554], [0.0, 1260.8474446004698, 495.3344268742088], [0.0, 0.0, 1.0]], [[1256.7414812095406, 0.0, 792.1125740759628], [0.0, 1256.7414812095406, 492.7757465151356], [0.0, 0.0, 1.0]], [[809.2209905677063, 0.0, 829.2196003259838], [0.0, 809.2209905677063, 481.77842384512485], [0.0, 0.0, 1.0]], [[1259.5137405846733, 0.0, 807.2529053838625], [0.0, 1259.5137405846733, 501.19579884916527], [0.0, 0.0, 1.0]]], "extrinsics": [[[0.822838544845581, -0.5682737827301025, -0.001285065896809101, -0.87249755859375], [-0.004657538142055273, -0.004482632968574762, -0.9999790787696838, 1.5077242851257324], [0.5682560801506042, 0.8228273391723633, -0.0063352398574352264, -1.21630859375], [0.0, 0.0, 0.0, 1.0]], [[0.008696027100086212, -0.9999269843101501, 0.008387320674955845, 0.00579833984375], [-0.009891393594443798, -0.008473243564367294, -0.9999151825904846, 1.519618034362793], [0.999913215637207, 0.008612330071628094, -0.00996435433626175, -1.5998077392578125], [0.0, 0.0, 0.0, 1.0]], [[-0.831667959690094, -0.555271565914154, -0.0013710104394704103, 0.972412109375], [-0.004256190732121468, 0.008843747898936272, -0.9999517798423767, 1.5033388137817383], [0.5552569627761841, -0.8316220045089722, -0.009718403220176697, -1.2088623046875], [0.0, 0.0, 0.0, 1.0]], [[0.947778582572937, 0.3189210891723633, -0.0022611403837800026, -1.13800048828125], [0.0047326115891337395, -0.021152807399630547, -0.9997650384902954, 1.5885696411132812], [-0.3188939690589905, 0.9475451707839966, -0.021557508036494255, -0.10467529296875], [0.0, 0.0, 0.0, 1.0]], [[0.0015407747123390436, 0.9999346733093262, -0.01132412999868393, 0.0029296875], [-0.020790565758943558, -0.011289664544165134, -0.9997201561927795, 1.5787792205810547], [-0.9997826218605042, 0.0017757759196683764, 0.02077181451022625, -0.02587890625], [0.0, 0.0, 0.0, 1.0]], [[-0.9354122877120972, 0.3534294068813324, -0.009565883316099644, 1.087371826171875], [0.011718752793967724, 0.003951888531446457, -0.9999235272407532, 1.5520634651184082], [-0.3533645570278168, -0.9354528784751892, -0.007838396355509758, -0.08221435546875], [0.0, 0.0, 0.0, 1.0]]], "view": [[0.0, -2.0, 100.0], [-2.0, 0.0, 100.0], [0.0, 0.0, 1.0]], "bev": "bev_5843e9c7574c45188ce50c8b80dd1122.png", "aux": "aux_5843e9c7574c45188ce50c8b80dd1122.npz", "visibility": "visibility_5843e9c7574c45188ce50c8b80dd1122.png", "pose": [[0.999362587928772, -0.0356987826526165, 0.0, 170.13108825683594], [0.0356987826526165, 0.999362587928772, 0.0, 921.9679565429688], [0.0, 0.0, 1.0, 0.0], [0.0, 0.0, 0.0, 1.0]], "pose_inverse": [[0.999362587928772, 0.0356987826526165, 0.0, -202.93577575683594], [-0.0356987826526165, 0.999362587928772, 0.0, -915.3068237304688], [0.0, 0.0, 1.0, 0.0], [0.0, 0.0, 0.0, 1.0]], "cam_ids": [0, 1, 2, 3, 4, 5], "cam_channels": ["CAM_FRONT_LEFT", "CAM_FRONT", "CAM_FRONT_RIGHT", "CAM_BACK_LEFT", "CAM_BACK", "CAM_BACK_RIGHT"], "token": "5843e9c7574c45188ce50c8b80dd1122", "scene": "scene-0133"}, {"images": ["samples/CAM_FRONT_LEFT/n015-2018-08-01-16-41-59+0800__CAM_FRONT_LEFT__1533112988005042.jpg", "samples/CAM_FRONT/n015-2018-08-01-16-41-59+0800__CAM_FRONT__1533112988012460.jpg", "samples/CAM_FRONT_RIGHT/n015-2018-08-01-16-41-59+0800__CAM_FRONT_RIGHT__1533112988020339.jpg", "samples/CAM_BACK_LEFT/n015-2018-08-01-16-41-59+0800__CAM_BACK_LEFT__1533112988047423.jpg", "samples/CAM_BACK/n015-2018-08-01-16-41-59+0800__CAM_BACK__1533112988037525.jpg", "samples/CAM_BACK_RIGHT/n015-2018-08-01-16-41-59+0800__CAM_BACK_RIGHT__1533112988027893.jpg"], "intrinsics": [[[1272.5979470598488, 0.0, 826.6154927353808], [0.0, 1272.5979470598488, 479.75165386361925], [0.0, 0.0, 1.0]], [[1266.417203046554, 0.0, 816.2670197447984], [0.0, 1266.417203046554, 491.50706579294757], [0.0, 0.0, 1.0]], [[1260.8474446004698, 0.0, 807.968244525554], [0.0, 1260.8474446004698, 495.3344268742088], [0.0, 0.0, 1.0]], [[1256.7414812095406, 0.0, 792.1125740759628], [0.0, 1256.7414812095406, 492.7757465151356], [0.0, 0.0, 1.0]], [[809.2209905677063, 0.0, 829.2196003259838], [0.0, 809.2209905677063, 481.77842384512485], [0.0, 0.0, 1.0]], [[1259.5137405846733, 0.0, 807.2529053838625], [0.0, 1259.5137405846733, 501.19579884916527], [0.0, 0.0, 1.0]]], "extrinsics": [[[0.8233176469802856, -0.56758052110672, 0.0006130879046395421, -0.879241943359375], [-0.001958368346095085, -0.003920926712453365, -0.9999904036521912, 1.5080480575561523], [0.5675773620605469, 0.8233085870742798, -0.004339699167758226, -1.22216796875], [0.0, 0.0, 0.0, 1.0]], [[0.009389643557369709, -0.9999234080314636, 0.008051993325352669, 0.00665283203125], [-0.007204873953014612, -0.008119791746139526, -0.9999411106109619, 1.5199213027954102], [0.9999299645423889, 0.00933107826858759, -0.007280564866960049, -1.6065826416015625], [0.0, 0.0, 0.0, 1.0]], [[-0.8313494920730591, -0.5557378530502319, -0.003667974378913641, 0.97705078125], [-0.0015952573157846928, 0.008986321277916431, -0.999958336353302, 1.5035343170166016], [0.5557476282119751, -0.8313090205192566, -0.008357316255569458, -1.2113037109375], [0.0, 0.0, 0.0, 1.0]], [[0.9477841854095459, 0.31891247630119324, -6.285971903707832e-05, -1.1412353515625], [0.007277723401784897, -0.02182590775191784, -0.9997352957725525, 1.588552474975586], [-0.3188294470310211, 0.9475328326225281, -0.023007206618785858, -0.103515625], [0.0, 0.0, 0.0, 1.0]], [[0.0013588035944849253, 0.9999309182167053, -0.011677529662847519, 0.00286865234375], [-0.01817665807902813, -0.011650913394987583, -0.9997669458389282, 1.578904151916504], [-0.9998338222503662, 0.0015707467682659626, 0.018159570172429085, -0.0230712890625], [0.0, 0.0, 0.0, 1.0]], [[-0.9355282783508301, 0.3530457615852356, -0.012068173848092556, 1.0908660888671875], [0.01436682976782322, 0.003891096683219075, -0.9998892545700073, 1.5521435737609863], [-0.3529597222805023, -0.9355980753898621, -0.008712380193173885, -0.08056640625], [0.0, 0.0, 0.0, 1.0]]], "view": [[0.0, -2.0, 100.0], [-2.0, 0.0, 100.0], [0.0, 0.0, 1.0]], "bev": "bev_9bd835a7c5ce44ecbf2b6e60bb0e2079.png", "aux": "aux_9bd835a7c5ce44ecbf2b6e60bb0e2079.npz", "visibility": "visibility_9bd835a7c5ce44ecbf2b6e60bb0e2079.png", "pose": [[0.9998281002044678, 0.01854090578854084, 0.0, 171.3699951171875], [-0.01854090578854084, 0.9998281002044678, 0.0, 921.9645385742188], [0.0, 0.0, 1.0, 0.0], [0.0, 0.0, 0.0, 1.0]], "pose_inverse": [[0.9998281002044678, -0.01854090578854084, 0.0, -154.24647521972656], [0.01854090578854084, 0.9998281002044678, 0.0, -924.9833984375], [0.0, 0.0, 1.0, 0.0], [0.0, 0.0, 0.0, 1.0]], "cam_ids": [0, 1, 2, 3, 4, 5], "cam_channels": ["CAM_FRONT_LEFT", "CAM_FRONT", "CAM_FRONT_RIGHT", "CAM_BACK_LEFT", "CAM_BACK", "CAM_BACK_RIGHT"], "token": "9bd835a7c5ce44ecbf2b6e60bb0e2079", "scene": "scene-0133"}, {"images": ["samples/CAM_FRONT_LEFT/n015-2018-08-01-16-41-59+0800__CAM_FRONT_LEFT__1533112988504844.jpg", "samples/CAM_FRONT/n015-2018-08-01-16-41-59+0800__CAM_FRONT__1533112988512460.jpg", "samples/CAM_FRONT_RIGHT/n015-2018-08-01-16-41-59+0800__CAM_FRONT_RIGHT__1533112988520339.jpg", "samples/CAM_BACK_LEFT/n015-2018-08-01-16-41-59+0800__CAM_BACK_LEFT__1533112988547423.jpg", "samples/CAM_BACK/n015-2018-08-01-16-41-59+0800__CAM_BACK__1533112988537525.jpg", "samples/CAM_BACK_RIGHT/n015-2018-08-01-16-41-59+0800__CAM_BACK_RIGHT__1533112988527896.jpg"], "intrinsics": [[[1272.5979470598488, 0.0, 826.6154927353808], [0.0, 1272.5979470598488, 479.75165386361925], [0.0, 0.0, 1.0]], [[1266.417203046554, 0.0, 816.2670197447984], [0.0, 1266.417203046554, 491.50706579294757], [0.0, 0.0, 1.0]], [[1260.8474446004698, 0.0, 807.968244525554], [0.0, 1260.8474446004698, 495.3344268742088], [0.0, 0.0, 1.0]], [[1256.7414812095406, 0.0, 792.1125740759628], [0.0, 1256.7414812095406, 492.7757465151356], [0.0, 0.0, 1.0]], [[809.2209905677063, 0.0, 829.2196003259838], [0.0, 809.2209905677063, 481.77842384512485], [0.0, 0.0, 1.0]], [[1259.5137405846733, 0.0, 807.2529053838625], [0.0, 1259.5137405846733, 501.19579884916527], [0.0, 0.0, 1.0]]], "extrinsics": [[[0.8238097429275513, -0.5668440461158752, 0.005021627992391586, -0.87432861328125], [0.00014091833145357668, -0.008653789758682251, -0.999962568283081, 1.5082664489746094], [0.5668663382530212, 0.8237795233726501, -0.0070491973310709, -1.21832275390625], [0.0, 0.0, 0.0, 1.0]], [[0.0100637786090374, -0.9998685717582703, 0.01270654983818531, 0.0062255859375], [-0.0051102833822369576, -0.012758455239236355, -0.999905526638031, 1.5200748443603516], [0.9999362826347351, 0.009997897781431675, -0.005238010548055172, -1.601959228515625], [0.0, 0.0, 0.0, 1.0]], [[-0.8310450911521912, -0.556197464466095, -0.0028781997971236706, 0.9739990234375], [0.00048124289605766535, 0.0044556776992976665, -0.999989926815033, 1.5036771297454834], [0.5562047362327576, -0.8310381174087524, -0.0034352021757513285, -1.2095947265625], [0.0, 0.0, 0.0, 1.0]], [[0.9478122591972351, 0.3188285827636719, 0.00048287934623658657, -1.14447021484375], [0.009261093102395535, -0.02601736970245838, -0.9996185302734375, 1.5885257720947266], [-0.31869441270828247, 0.9474552273750305, -0.02761228382587433, -0.1026611328125], [0.0, 0.0, 0.0, 1.0]], [[0.0012067019706591964, 0.9998713135719299, -0.01599559187889099, 0.00299072265625], [-0.016161063686013222, -0.0159740149974823, -0.999741792678833, 1.5789432525634766], [-0.999868631362915, 0.0014648925280198455, 0.016139710322022438, -0.023590087890625], [0.0, 0.0, 0.0, 1.0]], [[-0.9356362819671631, 0.35262295603752136, -0.015549278818070889, 1.0886688232421875], [0.016414625570178032, -0.0005361705552786589, -0.9998651146888733, 1.5522840023040771], [-0.35258376598358154, -0.9357653260231018, -0.005286513827741146, -0.0816650390625], [0.0, 0.0, 0.0, 1.0]]], "view": [[0.0, -2.0, 100.0], [-2.0, 0.0, 100.0], [0.0, 0.0, 1.0]], "bev": "bev_513813c50068490986ed099c03c3a235.png", "aux": "aux_513813c50068490986ed099c03c3a235.npz", "visibility": "visibility_513813c50068490986ed099c03c3a235.png", "pose": [[0.996605396270752, 0.08232638239860535, 0.0, 172.6497039794922], [-0.08232638239860535, 0.996605396270752, 0.0, 921.8858032226562], [0.0, 0.0, 1.0, 0.0], [0.0, 0.0, 0.0, 1.0]], "pose_inverse": [[0.996605396270752, -0.08232638239860535, 0.0, -96.16810607910156], [0.08232638239860535, 0.996605396270752, 0.0, -932.9700317382812], [0.0, 0.0, 1.0, 0.0], [0.0, 0.0, 0.0, 1.0]], "cam_ids": [0, 1, 2, 3, 4, 5], "cam_channels": ["CAM_FRONT_LEFT", "CAM_FRONT", "CAM_FRONT_RIGHT", "CAM_BACK_LEFT", "CAM_BACK", "CAM_BACK_RIGHT"], "token": "513813c50068490986ed099c03c3a235", "scene": "scene-0133"}, {"images": ["samples/CAM_FRONT_LEFT/n015-2018-08-01-16-41-59+0800__CAM_FRONT_LEFT__1533112989004844.jpg", "samples/CAM_FRONT/n015-2018-08-01-16-41-59+0800__CAM_FRONT__1533112989012460.jpg", "samples/CAM_FRONT_RIGHT/n015-2018-08-01-16-41-59+0800__CAM_FRONT_RIGHT__1533112989020339.jpg", "samples/CAM_BACK_LEFT/n015-2018-08-01-16-41-59+0800__CAM_BACK_LEFT__1533112989047423.jpg", "samples/CAM_BACK/n015-2018-08-01-16-41-59+0800__CAM_BACK__1533112989037525.jpg", "samples/CAM_BACK_RIGHT/n015-2018-08-01-16-41-59+0800__CAM_BACK_RIGHT__1533112989027893.jpg"], "intrinsics": [[[1272.5979470598488, 0.0, 826.6154927353808], [0.0, 1272.5979470598488, 479.75165386361925], [0.0, 0.0, 1.0]], [[1266.417203046554, 0.0, 816.2670197447984], [0.0, 1266.417203046554, 491.50706579294757], [0.0, 0.0, 1.0]], [[1260.8474446004698, 0.0, 807.968244525554], [0.0, 1260.8474446004698, 495.3344268742088], [0.0, 0.0, 1.0]], [[1256.7414812095406, 0.0, 792.1125740759628], [0.0, 1256.7414812095406, 492.7757465151356], [0.0, 0.0, 1.0]], [[809.2209905677063, 0.0, 829.2196003259838], [0.0, 809.2209905677063, 481.77842384512485], [0.0, 0.0, 1.0]], [[1259.5137405846733, 0.0, 807.2529053838625], [0.0, 1259.5137405846733, 501.19579884916527], [0.0, 0.0, 1.0]]], "extrinsics": [[[0.8228155374526978, -0.5682607293128967, 0.007365612778812647, -0.8519287109375], [0.00026227853959426284, -0.012580884620547295, -0.9999208450317383, 1.508279800415039], [0.568308413028717, 0.8227523565292358, -0.01020270399749279, -1.2017822265625], [0.0, 0.0, 0.0, 1.0]], [[0.008588394150137901, -0.9998235106468201, 0.01670222170650959, 0.005859375], [-0.005039790645241737, -0.016745904460549355, -0.9998471140861511, 1.519963264465332], [0.9999503493309021, 0.008502916432917118, -0.005182722117751837, -1.5796699523925781], [0.0, 0.0, 0.0, 1.0]], [[-0.8316928744316101, -0.5552355051040649, -0.0006542551564052701, 0.95989990234375], [0.0005269938847050071, 0.0003889487707056105, -0.9999997615814209, 1.5036885738372803], [0.5552356243133545, -0.8316930532455444, -3.087967343162745e-05, -1.20050048828125], [0.0, 0.0, 0.0, 1.0]], [[0.9477652311325073, 0.3189675211906433, -0.0008728769607841969, -1.143280029296875], [0.009232042357325554, -0.0301668681204319, -0.9995022416114807, 1.5885372161865234], [-0.3188350796699524, 0.9472853541374207, -0.03153583034873009, -0.10308837890625], [0.0, 0.0, 0.0, 1.0]], [[0.0016405044589191675, 0.9997958540916443, -0.02013743668794632, 0.0029296875], [-0.016188845038414, -0.020108269527554512, -0.9996667504310608, 1.5788555145263672], [-0.9998674988746643, 0.001965960720553994, 0.016152553260326385, -0.029010772705078125], [0.0, 0.0, 0.0, 1.0]], [[-0.9353315234184265, 0.3533628284931183, -0.017018292099237442, 1.078033447265625], [0.016425004228949547, -0.004677874036133289, -0.9998541474342346, 1.5524718761444092], [-0.3533909022808075, -0.9354747533798218, -0.0014286227524280548, -0.08587646484375], [0.0, 0.0, 0.0, 1.0]]], "view": [[0.0, -2.0, 100.0], [-2.0, 0.0, 100.0], [0.0, 0.0, 1.0]], "bev": "bev_7329a6e3d73f42148b1695c7d4287a00.png", "aux": "aux_7329a6e3d73f42148b1695c7d4287a00.npz", "visibility": "visibility_7329a6e3d73f42148b1695c7d4287a00.png", "pose": [[0.9902311563491821, 0.13943536579608917, 0.0, 174.1754913330078], [-0.13943536579608917, 0.9902311563491821, 0.0, 921.7019653320312], [0.0, 0.0, 1.0, 0.0], [0.0, 0.0, 0.0, 1.0]], "pose_inverse": [[0.9902311563491821, -0.13943536579608917, 0.0, -43.956146240234375], [0.13943536579608917, 0.9902311563491821, 0.0, -936.9842529296875], [0.0, 0.0, 1.0, 0.0], [0.0, 0.0, 0.0, 1.0]], "cam_ids": [0, 1, 2, 3, 4, 5], "cam_channels": ["CAM_FRONT_LEFT", "CAM_FRONT", "CAM_FRONT_RIGHT", "CAM_BACK_LEFT", "CAM_BACK", "CAM_BACK_RIGHT"], "token": "7329a6e3d73f42148b1695c7d4287a00", "scene": "scene-0133"}, {"images": ["samples/CAM_FRONT_LEFT/n015-2018-08-01-16-41-59+0800__CAM_FRONT_LEFT__1533112989504844.jpg", "samples/CAM_FRONT/n015-2018-08-01-16-41-59+0800__CAM_FRONT__1533112989512460.jpg", "samples/CAM_FRONT_RIGHT/n015-2018-08-01-16-41-59+0800__CAM_FRONT_RIGHT__1533112989520339.jpg", "samples/CAM_BACK_LEFT/n015-2018-08-01-16-41-59+0800__CAM_BACK_LEFT__1533112989547423.jpg", "samples/CAM_BACK/n015-2018-08-01-16-41-59+0800__CAM_BACK__1533112989537525.jpg", "samples/CAM_BACK_RIGHT/n015-2018-08-01-16-41-59+0800__CAM_BACK_RIGHT__1533112989527893.jpg"], "intrinsics": [[[1272.5979470598488, 0.0, 826.6154927353808], [0.0, 1272.5979470598488, 479.75165386361925], [0.0, 0.0, 1.0]], [[1266.417203046554, 0.0, 816.2670197447984], [0.0, 1266.417203046554, 491.50706579294757], [0.0, 0.0, 1.0]], [[1260.8474446004698, 0.0, 807.968244525554], [0.0, 1260.8474446004698, 495.3344268742088], [0.0, 0.0, 1.0]], [[1256.7414812095406, 0.0, 792.1125740759628], [0.0, 1256.7414812095406, 492.7757465151356], [0.0, 0.0, 1.0]], [[809.2209905677063, 0.0, 829.2196003259838], [0.0, 809.2209905677063, 481.77842384512485], [0.0, 0.0, 1.0]], [[1259.5137405846733, 0.0, 807.2529053838625], [0.0, 1259.5137405846733, 501.19579884916527], [0.0, 0.0, 1.0]]], "extrinsics": [[[0.8214238882064819, -0.5702345967292786, 0.009762736037373543, -0.8477783203125], [0.0012249238789081573, -0.015354025177657604, -0.9998813271522522, 1.5084314346313477], [0.570316731929779, 0.821338415145874, -0.011913669295608997, -1.1993408203125], [0.0, 0.0, 0.0, 1.0]], [[0.006618215702474117, -0.9997878074645996, 0.019506774842739105, 0.00616455078125], [-0.004057135432958603, -0.01953388936817646, -0.999800980091095, 1.5200653076171875], [0.9999698400497437, 0.006537759676575661, -0.004185554571449757, -1.5756340026855469], [0.0, 0.0, 0.0, 1.0]], [[-0.8325208425521851, -0.5539935827255249, 4.606826405506581e-05, 0.95745849609375], [0.0015660716453567147, -0.0024365894496440887, -0.999995768070221, 1.5037851333618164], [0.553991436958313, -0.8325172662734985, 0.0028961063362658024, -1.19866943359375], [0.0, 0.0, 0.0, 1.0]], [[0.947739839553833, 0.3190431594848633, -0.0007941556978039443, -1.143768310546875], [0.01033451221883297, -0.033187057822942734, -0.9993957281112671, 1.588531494140625], [-0.318876713514328, 0.947158932685852, -0.03474985435605049, -0.10308837890625], [0.0, 0.0, 0.0, 1.0]], [[0.002180420095100999, 0.9997317790985107, -0.023058155551552773, 0.00286865234375], [-0.01511344499886036, -0.02302263118326664, -0.9996207356452942, 1.5788764953613281], [-0.9998833537101746, 0.0025280884001404047, 0.015059191733598709, -0.029905319213867188], [0.0, 0.0, 0.0, 1.0]], [[-0.9349342584609985, 0.35431087017059326, -0.019016725942492485, 1.075927734375], [0.017477259039878845, -0.007544760592281818, -0.9998188018798828, 1.5525765419006348], [-0.35439011454582214, -0.9350972175598145, 0.0008614734979346395, -0.08624267578125], [0.0, 0.0, 0.0, 1.0]]], "view": [[0.0, -2.0, 100.0], [-2.0, 0.0, 100.0], [0.0, 0.0, 1.0]], "bev": "bev_183d76ea0c9b468e990a2cd2a5d69581.png", "aux": "aux_183d76ea0c9b468e990a2cd2a5d69581.npz", "visibility": "visibility_183d76ea0c9b468e990a2cd2a5d69581.png", "pose": [[0.9866751432418823, 0.16270263493061066, 0.0, 175.76681518554688], [-0.16270263493061066, 0.9866751432418823, 0.0, 921.4507446289062], [0.0, 0.0, 1.0, 0.0], [0.0, 0.0, 0.0, 1.0]], "pose_inverse": [[0.9866751432418823, -0.16270263493061066, 0.0, -23.502286911010742], [0.16270263493061066, 0.9866751432418823, 0.0, -937.770263671875], [0.0, 0.0, 1.0, 0.0], [0.0, 0.0, 0.0, 1.0]], "cam_ids": [0, 1, 2, 3, 4, 5], "cam_channels": ["CAM_FRONT_LEFT", "CAM_FRONT", "CAM_FRONT_RIGHT", "CAM_BACK_LEFT", "CAM_BACK", "CAM_BACK_RIGHT"], "token": "183d76ea0c9b468e990a2cd2a5d69581", "scene": "scene-0133"}, {"images": ["samples/CAM_FRONT_LEFT/n015-2018-08-01-16-41-59+0800__CAM_FRONT_LEFT__1533112990004844.jpg", "samples/CAM_FRONT/n015-2018-08-01-16-41-59+0800__CAM_FRONT__1533112990012460.jpg", "samples/CAM_FRONT_RIGHT/n015-2018-08-01-16-41-59+0800__CAM_FRONT_RIGHT__1533112990020339.jpg", "samples/CAM_BACK_LEFT/n015-2018-08-01-16-41-59+0800__CAM_BACK_LEFT__1533112990047423.jpg", "samples/CAM_BACK/n015-2018-08-01-16-41-59+0800__CAM_BACK__1533112990037525.jpg", "samples/CAM_BACK_RIGHT/n015-2018-08-01-16-41-59+0800__CAM_BACK_RIGHT__1533112990027893.jpg"], "intrinsics": [[[1272.5979470598488, 0.0, 826.6154927353808], [0.0, 1272.5979470598488, 479.75165386361925], [0.0, 0.0, 1.0]], [[1266.417203046554, 0.0, 816.2670197447984], [0.0, 1266.417203046554, 491.50706579294757], [0.0, 0.0, 1.0]], [[1260.8474446004698, 0.0, 807.968244525554], [0.0, 1260.8474446004698, 495.3344268742088], [0.0, 0.0, 1.0]], [[1256.7414812095406, 0.0, 792.1125740759628], [0.0, 1256.7414812095406, 492.7757465151356], [0.0, 0.0, 1.0]], [[809.2209905677063, 0.0, 829.2196003259838], [0.0, 809.2209905677063, 481.77842384512485], [0.0, 0.0, 1.0]], [[1259.5137405846733, 0.0, 807.2529053838625], [0.0, 1259.5137405846733, 501.19579884916527], [0.0, 0.0, 1.0]]], "extrinsics": [[[0.8210263848304749, -0.5708076357841492, 0.009711302816867828, -0.8209228515625], [-0.0002521194110158831, -0.017373336479067802, -0.9998490214347839, 1.5082149505615234], [0.5708901882171631, 0.820900022983551, -0.014407879672944546, -1.1807861328125], [0.0, 0.0, 0.0, 1.0]], [[0.006045965477824211, -0.9997544288635254, 0.02132299728691578, 0.00628662109375], [-0.005560954567044973, -0.021356670185923576, -0.9997564554214478, 1.5197486877441406], [0.9999662637710571, 0.005925902631133795, -0.005688709206879139, -1.5492916107177734], [0.0, 0.0, 0.0, 1.0]], [[-0.8327824473381042, -0.5535959601402283, 0.0022115223109722137, 0.94085693359375], [4.5499386033043265e-05, -0.0040632435120642185, -0.9999917149543762, 1.503650426864624], [0.5536004304885864, -0.8327754139900208, 0.0034089854452759027, -1.18743896484375], [0.0, 0.0, 0.0, 1.0]], [[0.94777911901474, 0.3189164400100708, -0.002651240210980177, -1.144805908203125], [0.008706900291144848, -0.03418390452861786, -0.9993776082992554, 1.5885295867919922], [-0.31880855560302734, 0.9471662044525146, -0.03517556190490723, -0.102783203125], [0.0, 0.0, 0.0, 1.0]], [[0.0023550984915345907, 0.9997021555900574, -0.02429313212633133, 0.002685546875], [-0.016702357679605484, -0.024250486865639687, -0.999566376209259, 1.5787181854248047], [-0.9998577237129211, 0.00275983358733356, 0.01664027012884617, -0.03658294677734375], [0.0, 0.0, 0.0, 1.0]], [[-0.934838593006134, 0.3546120524406433, -0.018086105585098267, 1.0626220703125], [0.015930484980344772, -0.008997570723295212, -0.9998326301574707, 1.552703857421875], [-0.35471540689468384, -0.9349702000617981, 0.0027621339540928602, -0.0911865234375], [0.0, 0.0, 0.0, 1.0]]], "view": [[0.0, -2.0, 100.0], [-2.0, 0.0, 100.0], [0.0, 0.0, 1.0]], "bev": "bev_7f0d7b4b20904237a2fee86496e998ae.png", "aux": "aux_7f0d7b4b20904237a2fee86496e998ae.npz", "visibility": "visibility_7f0d7b4b20904237a2fee86496e998ae.png", "pose": [[0.9856529831886292, 0.1687845140695572, 0.0, 177.6337432861328], [-0.1687845140695572, 0.9856529831886292, 0.0, 921.130126953125], [0.0, 0.0, 1.0, 0.0], [0.0, 0.0, 0.0, 1.0]], "pose_inverse": [[0.9856529831886292, -0.1687845140695572, 0.0, -19.612728118896484], [0.1687845140695572, 0.9856529831886292, 0.0, -937.896484375], [0.0, 0.0, 1.0, 0.0], [0.0, 0.0, 0.0, 1.0]], "cam_ids": [0, 1, 2, 3, 4, 5], "cam_channels": ["CAM_FRONT_LEFT", "CAM_FRONT", "CAM_FRONT_RIGHT", "CAM_BACK_LEFT", "CAM_BACK", "CAM_BACK_RIGHT"], "token": "7f0d7b4b20904237a2fee86496e998ae", "scene": "scene-0133"}, {"images": ["samples/CAM_FRONT_LEFT/n015-2018-08-01-16-41-59+0800__CAM_FRONT_LEFT__1533112990404844.jpg", "samples/CAM_FRONT/n015-2018-08-01-16-41-59+0800__CAM_FRONT__1533112990412460.jpg", "samples/CAM_FRONT_RIGHT/n015-2018-08-01-16-41-59+0800__CAM_FRONT_RIGHT__1533112990420339.jpg", "samples/CAM_BACK_LEFT/n015-2018-08-01-16-41-59+0800__CAM_BACK_LEFT__1533112990447423.jpg", "samples/CAM_BACK/n015-2018-08-01-16-41-59+0800__CAM_BACK__1533112990437579.jpg", "samples/CAM_BACK_RIGHT/n015-2018-08-01-16-41-59+0800__CAM_BACK_RIGHT__1533112990427893.jpg"], "intrinsics": [[[1272.5979470598488, 0.0, 826.6154927353808], [0.0, 1272.5979470598488, 479.75165386361925], [0.0, 0.0, 1.0]], [[1266.417203046554, 0.0, 816.2670197447984], [0.0, 1266.417203046554, 491.50706579294757], [0.0, 0.0, 1.0]], [[1260.8474446004698, 0.0, 807.968244525554], [0.0, 1260.8474446004698, 495.3344268742088], [0.0, 0.0, 1.0]], [[1256.7414812095406, 0.0, 792.1125740759628], [0.0, 1256.7414812095406, 492.7757465151356], [0.0, 0.0, 1.0]], [[809.2209905677063, 0.0, 829.2196003259838], [0.0, 809.2209905677063, 481.77842384512485], [0.0, 0.0, 1.0]], [[1259.5137405846733, 0.0, 807.2529053838625], [0.0, 1259.5137405846733, 501.19579884916527], [0.0, 0.0, 1.0]]], "extrinsics": [[[0.819854199886322, -0.5725178122520447, 0.007902813144028187, -0.8267822265625], [-0.00025130034191533923, -0.014162090606987476, -0.999899685382843, 1.5082216262817383], [0.5725722312927246, 0.8197699189186096, -0.011754723265767097, -1.1851806640625], [0.0, 0.0, 0.0, 1.0]], [[0.004368921276181936, -0.9998255372047424, 0.018156129866838455, 0.00665283203125], [-0.005593160167336464, -0.018180452287197113, -0.9998190999031067, 1.5197811126708984], [0.9999747276306152, 0.004266584292054176, -0.005671613849699497, -1.55474853515625], [0.0, 0.0, 0.0, 1.0]], [[-0.8334982395172119, -0.552521824836731, 0.0005116212414577603, 0.944091796875], [9.870831490843557e-06, -0.0009408656042069197, -0.9999995827674866, 1.5036466121673584], [0.5525220632553101, -0.8334978818893433, 0.0007896634051576257, -1.18939208984375], [0.0, 0.0, 0.0, 1.0]], [[0.9477691650390625, 0.31895262002944946, -0.0016879740869626403, -1.143157958984375], [0.008677949197590351, -0.03107605129480362, -0.999479353427887, 1.5885486602783203], [-0.3188389837741852, 0.9472610354423523, -0.03222077712416649, -0.10345458984375], [0.0, 0.0, 0.0, 1.0]], [[0.0028065009973943233, 0.9997711181640625, -0.021209359169006348, 0.00262451171875], [-0.01673160307109356, -0.021159525960683823, -0.9996361136436462, 1.5787296295166016], [-0.9998561143875122, 0.0031603348907083273, 0.01666838862001896, -0.03599357604980469], [0.0, 0.0, 0.0, 1.0]], [[-0.9345106482505798, 0.35553085803985596, -0.01696033775806427, 1.064727783203125], [0.015892110764980316, -0.0059250942431390285, -0.9998561143875122, 1.552663803100586], [-0.35558021068573, -0.9346457719802856, -0.00011307388194836676, -0.09033203125], [0.0, 0.0, 0.0, 1.0]]], "view": [[0.0, -2.0, 100.0], [-2.0, 0.0, 100.0], [0.0, 0.0, 1.0]], "bev": "bev_6d6e5b60e6314b6c8efbc143ad3a1d24.png", "aux": "aux_6d6e5b60e6314b6c8efbc143ad3a1d24.npz", "visibility": "visibility_6d6e5b60e6314b6c8efbc143ad3a1d24.png", "pose": [[0.9865087866783142, 0.16370820999145508, 0.0, 179.221435546875], [-0.16370820999145508, 0.9865087866783142, 0.0, 920.8566284179688], [0.0, 0.0, 1.0, 0.0], [0.0, 0.0, 0.0, 1.0]], "pose_inverse": [[0.9865087866783142, -0.16370820999145508, 0.0, -26.05173683166504], [0.16370820999145508, 0.9865087866783142, 0.0, -937.773193359375], [0.0, 0.0, 1.0, 0.0], [0.0, 0.0, 0.0, 1.0]], "cam_ids": [0, 1, 2, 3, 4, 5], "cam_channels": ["CAM_FRONT_LEFT", "CAM_FRONT", "CAM_FRONT_RIGHT", "CAM_BACK_LEFT", "CAM_BACK", "CAM_BACK_RIGHT"], "token": "6d6e5b60e6314b6c8efbc143ad3a1d24", "scene": "scene-0133"}, {"images": ["samples/CAM_FRONT_LEFT/n015-2018-08-01-16-41-59+0800__CAM_FRONT_LEFT__1533112990904844.jpg", "samples/CAM_FRONT/n015-2018-08-01-16-41-59+0800__CAM_FRONT__1533112990912460.jpg", "samples/CAM_FRONT_RIGHT/n015-2018-08-01-16-41-59+0800__CAM_FRONT_RIGHT__1533112990920339.jpg", "samples/CAM_BACK_LEFT/n015-2018-08-01-16-41-59+0800__CAM_BACK_LEFT__1533112990947423.jpg", "samples/CAM_BACK/n015-2018-08-01-16-41-59+0800__CAM_BACK__1533112990937525.jpg", "samples/CAM_BACK_RIGHT/n015-2018-08-01-16-41-59+0800__CAM_BACK_RIGHT__1533112990927893.jpg"], "intrinsics": [[[1272.5979470598488, 0.0, 826.6154927353808], [0.0, 1272.5979470598488, 479.75165386361925], [0.0, 0.0, 1.0]], [[1266.417203046554, 0.0, 816.2670197447984], [0.0, 1266.417203046554, 491.50706579294757], [0.0, 0.0, 1.0]], [[1260.8474446004698, 0.0, 807.968244525554], [0.0, 1260.8474446004698, 495.3344268742088], [0.0, 0.0, 1.0]], [[1256.7414812095406, 0.0, 792.1125740759628], [0.0, 1256.7414812095406, 492.7757465151356], [0.0, 0.0, 1.0]], [[809.2209905677063, 0.0, 829.2196003259838], [0.0, 809.2209905677063, 481.77842384512485], [0.0, 0.0, 1.0]], [[1259.5137405846733, 0.0, 807.2529053838625], [0.0, 1259.5137405846733, 501.19579884916527], [0.0, 0.0, 1.0]]], "extrinsics": [[[0.8193094730377197, -0.5732511281967163, 0.010725655592978, -0.809295654296875], [0.0029130224138498306, -0.0145447738468647, -0.9998899698257446, 1.5088176727294922], [0.5733440518379211, 0.8192507028579712, -0.010246778838336468, -1.17266845703125], [0.0, 0.0, 0.0, 1.0]], [[0.003619898110628128, -0.9998241662979126, 0.018398113548755646, 0.00665283203125], [-0.0024397638626396656, -0.018407009541988373, -0.9998276233673096, 1.520172119140625], [0.9999904632568359, 0.0035743957851082087, -0.0025059664621949196, -1.5373382568359375], [0.0, 0.0, 0.0, 1.0]], [[-0.8337764739990234, -0.5520981550216675, -0.0020788656547665596, 0.93304443359375], [0.003164509776979685, -0.0010136591736227274, -0.9999944567680359, 1.5040228366851807], [0.5520930290222168, -0.8337785005569458, 0.0025922853965312243, -1.1820068359375], [0.0, 0.0, 0.0, 1.0]], [[0.947740375995636, 0.3190402090549469, 0.0012213279260322452, -1.14031982421875], [0.01166123803704977, -0.030814800411462784, -0.999457061290741, 1.5885868072509766], [-0.31882938742637634, 0.9472401142120361, -0.0329248383641243, -0.1044921875], [0.0, 0.0, 0.0, 1.0]], [[0.003011830849573016, 0.9997748136520386, -0.021007772535085678, 0.0025634765625], [-0.013698676601052284, -0.020964644849300385, -0.9996863603591919, 1.5787696838378906], [-0.9999016523361206, 0.003298663068562746, 0.013632448390126228, -0.041538238525390625], [0.0, 0.0, 0.0, 1.0]], [[-0.9343295693397522, 0.35585784912109375, -0.01983288861811161, 1.0557861328125], [0.01899421401321888, -0.005850980058312416, -0.9998025298118591, 1.5530824661254883], [-0.35590362548828125, -0.9345217943191528, -0.0012924986658617854, -0.0936279296875], [0.0, 0.0, 0.0, 1.0]]], "view": [[0.0, -2.0, 100.0], [-2.0, 0.0, 100.0], [0.0, 0.0, 1.0]], "bev": "bev_273a9efdc1d44f3bbd3105f8fd4fc5c5.png", "aux": "aux_273a9efdc1d44f3bbd3105f8fd4fc5c5.npz", "visibility": "visibility_273a9efdc1d44f3bbd3105f8fd4fc5c5.png", "pose": [[0.9908844828605652, 0.13471433520317078, 0.0, 181.27072143554688], [-0.13471433520317078, 0.9908844828605652, 0.0, 920.5411987304688], [0.0, 0.0, 1.0, 0.0], [0.0, 0.0, 0.0, 1.0]], "pose_inverse": [[0.9908844828605652, -0.13471433520317078, 0.0, -55.60824966430664], [0.13471433520317078, 0.9908844828605652, 0.0, -936.5697631835938], [0.0, 0.0, 1.0, 0.0], [0.0, 0.0, 0.0, 1.0]], "cam_ids": [0, 1, 2, 3, 4, 5], "cam_channels": ["CAM_FRONT_LEFT", "CAM_FRONT", "CAM_FRONT_RIGHT", "CAM_BACK_LEFT", "CAM_BACK", "CAM_BACK_RIGHT"], "token": "273a9efdc1d44f3bbd3105f8fd4fc5c5", "scene": "scene-0133"}, {"images": ["samples/CAM_FRONT_LEFT/n015-2018-08-01-16-41-59+0800__CAM_FRONT_LEFT__1533112991404844.jpg", "samples/CAM_FRONT/n015-2018-08-01-16-41-59+0800__CAM_FRONT__1533112991412460.jpg", "samples/CAM_FRONT_RIGHT/n015-2018-08-01-16-41-59+0800__CAM_FRONT_RIGHT__1533112991420339.jpg", "samples/CAM_BACK_LEFT/n015-2018-08-01-16-41-59+0800__CAM_BACK_LEFT__1533112991447423.jpg", "samples/CAM_BACK/n015-2018-08-01-16-41-59+0800__CAM_BACK__1533112991437525.jpg", "samples/CAM_BACK_RIGHT/n015-2018-08-01-16-41-59+0800__CAM_BACK_RIGHT__1533112991427893.jpg"], "intrinsics": [[[1272.5979470598488, 0.0, 826.6154927353808], [0.0, 1272.5979470598488, 479.75165386361925], [0.0, 0.0, 1.0]], [[1266.417203046554, 0.0, 816.2670197447984], [0.0, 1266.417203046554, 491.50706579294757], [0.0, 0.0, 1.0]], [[1260.8474446004698, 0.0, 807.968244525554], [0.0, 1260.8474446004698, 495.3344268742088], [0.0, 0.0, 1.0]], [[1256.7414812095406, 0.0, 792.1125740759628], [0.0, 1256.7414812095406, 492.7757465151356], [0.0, 0.0, 1.0]], [[809.2209905677063, 0.0, 829.2196003259838], [0.0, 809.2209905677063, 481.77842384512485], [0.0, 0.0, 1.0]], [[1259.5137405846733, 0.0, 807.2529053838625], [0.0, 1259.5137405846733, 501.19579884916527], [0.0, 0.0, 1.0]]], "extrinsics": [[[0.8199869394302368, -0.5723674893379211, 0.004101570695638657, -0.801300048828125], [-0.0075586154125630856, -0.017993256449699402, -0.9998095035552979, 1.506765365600586], [0.5723323225975037, 0.8197997808456421, -0.019080542027950287, -1.1673583984375], [0.0, 0.0, 0.0, 1.0]], [[0.004640442319214344, -0.9997463226318359, 0.02203911542892456, 0.00677490234375], [-0.01309931743890047, -0.02209823578596115, -0.9996700286865234, 1.518423080444336], [0.9999033808708191, 0.004350200295448303, -0.013198540546000004, -1.5297775268554688], [0.0, 0.0, 0.0, 1.0]], [[-0.8334236145019531, -0.5525588393211365, 0.009157617576420307, 0.92828369140625], [-0.0077067348174750805, -0.004948356654495001, -0.9999579787254333, 1.5026817321777344], [0.5525809526443481, -0.833459198474884, -0.00013434700667858124, -1.178955078125], [0.0, 0.0, 0.0, 1.0]], [[0.9478060007095337, 0.31865501403808594, -0.011082993820309639, -1.144927978515625], [0.00014703322085551918, -0.03519633412361145, -0.999380350112915, 1.5885543823242188], [-0.3188476264476776, 0.9472171068191528, -0.03340614587068558, -0.102783203125], [0.0, 0.0, 0.0, 1.0]], [[0.002706072758883238, 0.9996755123138428, -0.025332113727927208, 0.002685546875], [-0.025023099035024643, -0.025256581604480743, -0.9993677735328674, 1.5782604217529297], [-0.999683141708374, 0.003338255686685443, 0.024946630001068115, -0.0421600341796875], [0.0, 0.0, 0.0, 1.0]], [[-0.9346238374710083, 0.3554688096046448, -0.01095890998840332, 1.05230712890625], [0.007923511788249016, -0.009993888437747955, -0.9999186992645264, 1.5521650314331055], [-0.3555493950843811, -0.9346347451210022, 0.006523964460939169, -0.09503173828125], [0.0, 0.0, 0.0, 1.0]]], "view": [[0.0, -2.0, 100.0], [-2.0, 0.0, 100.0], [0.0, 0.0, 1.0]], "bev": "bev_a1d0540ccf2548e288dccd813bc9c6d8.png", "aux": "aux_a1d0540ccf2548e288dccd813bc9c6d8.npz", "visibility": "visibility_a1d0540ccf2548e288dccd813bc9c6d8.png", "pose": [[0.9940966963768005, 0.10849768668413162, 0.0, 183.5321502685547], [-0.10849768668413162, 0.9940966963768005, 0.0, 920.2664184570312], [0.0, 0.0, 1.0, 0.0], [0.0, 0.0, 0.0, 1.0]], "pose_inverse": [[0.9940966963768005, -0.10849768668413162, 0.0, -82.60192108154297], [0.10849768668413162, 0.9940966963768005, 0.0, -934.7466430664062], [0.0, 0.0, 1.0, 0.0], [0.0, 0.0, 0.0, 1.0]], "cam_ids": [0, 1, 2, 3, 4, 5], "cam_channels": ["CAM_FRONT_LEFT", "CAM_FRONT", "CAM_FRONT_RIGHT", "CAM_BACK_LEFT", "CAM_BACK", "CAM_BACK_RIGHT"], "token": "a1d0540ccf2548e288dccd813bc9c6d8", "scene": "scene-0133"}, {"images": ["samples/CAM_FRONT_LEFT/n015-2018-08-01-16-41-59+0800__CAM_FRONT_LEFT__1533112991904844.jpg", "samples/CAM_FRONT/n015-2018-08-01-16-41-59+0800__CAM_FRONT__1533112991912460.jpg", "samples/CAM_FRONT_RIGHT/n015-2018-08-01-16-41-59+0800__CAM_FRONT_RIGHT__1533112991920339.jpg", "samples/CAM_BACK_LEFT/n015-2018-08-01-16-41-59+0800__CAM_BACK_LEFT__1533112991947423.jpg", "samples/CAM_BACK/n015-2018-08-01-16-41-59+0800__CAM_BACK__1533112991937525.jpg", "samples/CAM_BACK_RIGHT/n015-2018-08-01-16-41-59+0800__CAM_BACK_RIGHT__1533112991927893.jpg"], "intrinsics": [[[1272.5979470598488, 0.0, 826.6154927353808], [0.0, 1272.5979470598488, 479.75165386361925], [0.0, 0.0, 1.0]], [[1266.417203046554, 0.0, 816.2670197447984], [0.0, 1266.417203046554, 491.50706579294757], [0.0, 0.0, 1.0]], [[1260.8474446004698, 0.0, 807.968244525554], [0.0, 1260.8474446004698, 495.3344268742088], [0.0, 0.0, 1.0]], [[1256.7414812095406, 0.0, 792.1125740759628], [0.0, 1256.7414812095406, 492.7757465151356], [0.0, 0.0, 1.0]], [[809.2209905677063, 0.0, 829.2196003259838], [0.0, 809.2209905677063, 481.77842384512485], [0.0, 0.0, 1.0]], [[1259.5137405846733, 0.0, 807.2529053838625], [0.0, 1259.5137405846733, 501.19579884916527], [0.0, 0.0, 1.0]]], "extrinsics": [[[0.8198269605636597, -0.5725815892219543, 0.005833801347762346, -0.805267333984375], [-0.005119042471051216, -0.01751638762652874, -0.9998334646224976, 1.507293701171875], [0.5725883841514587, 0.8196606040000916, -0.01729147508740425, -1.17132568359375], [0.0, 0.0, 0.0, 1.0]], [[0.004455716349184513, -0.9997597336769104, 0.02146354503929615, 0.00775146484375], [-0.010325171984732151, -0.021508611738681793, -0.9997153878211975, 1.5189247131347656], [0.9999367594718933, 0.0042328317649662495, -0.010418527759611607, -1.5325088500976562], [0.0, 0.0, 0.0, 1.0]], [[-0.8335022330284119, -0.5524816513061523, 0.006165602244436741, 0.9298095703125], [-0.0045849839225411415, -0.004242472816258669, -0.9999804496765137, 1.5030817985534668], [0.5524970293045044, -0.8335142731666565, 0.001002990873530507, -1.17877197265625], [0.0, 0.0, 0.0, 1.0]], [[0.9478389024734497, 0.3186778426170349, -0.006780717521905899, -1.142547607421875], [0.004358591977506876, -0.03422868251800537, -0.9994045495986938, 1.5885581970214844], [-0.31872016191482544, 0.9472448825836182, -0.03383226320147514, -0.1036376953125], [0.0, 0.0, 0.0, 1.0]], [[0.002910654293373227, 0.9996970891952515, -0.02444140613079071, 0.0023193359375], [-0.021160585805773735, -0.0243744608014822, -0.9994789361953735, 1.5784187316894531], [-0.9997718930244446, 0.003426329931244254, 0.021083228290081024, -0.043304443359375], [0.0, 0.0, 0.0, 1.0]], [[-0.9345404505729675, 0.35558536648750305, -0.013904308900237083, 1.0522308349609375], [0.011379778385162354, -0.009190368466079235, -0.9998930096626282, 1.5524778366088867], [-0.3556751310825348, -0.9345986843109131, 0.004542286973446608, -0.0943603515625], [0.0, 0.0, 0.0, 1.0]]], "view": [[0.0, -2.0, 100.0], [-2.0, 0.0, 100.0], [0.0, 0.0, 1.0]], "bev": "bev_311b89a544904689b9b100748db2c8b5.png", "aux": "aux_311b89a544904689b9b100748db2c8b5.npz", "visibility": "visibility_311b89a544904689b9b100748db2c8b5.png", "pose": [[0.9955748319625854, 0.09397225081920624, 0.0, 185.8076629638672], [-0.09397225081920624, 0.9955748319625854, 0.0, 920.0175170898438], [0.0, 0.0, 1.0, 0.0], [0.0, 0.0, 0.0, 1.0]], "pose_inverse": [[0.9955748319625854, -0.09397225081920624, 0.0, -98.52931213378906], [0.09397225081920624, 0.9955748319625854, 0.0, -933.4070434570312], [0.0, 0.0, 1.0, 0.0], [0.0, 0.0, 0.0, 1.0]], "cam_ids": [0, 1, 2, 3, 4, 5], "cam_channels": ["CAM_FRONT_LEFT", "CAM_FRONT", "CAM_FRONT_RIGHT", "CAM_BACK_LEFT", "CAM_BACK", "CAM_BACK_RIGHT"], "token": "311b89a544904689b9b100748db2c8b5", "scene": "scene-0133"}, {"images": ["samples/CAM_FRONT_LEFT/n015-2018-08-01-16-41-59+0800__CAM_FRONT_LEFT__1533112992404844.jpg", "samples/CAM_FRONT/n015-2018-08-01-16-41-59+0800__CAM_FRONT__1533112992412460.jpg", "samples/CAM_FRONT_RIGHT/n015-2018-08-01-16-41-59+0800__CAM_FRONT_RIGHT__1533112992420340.jpg", "samples/CAM_BACK_LEFT/n015-2018-08-01-16-41-59+0800__CAM_BACK_LEFT__1533112992447423.jpg", "samples/CAM_BACK/n015-2018-08-01-16-41-59+0800__CAM_BACK__1533112992437525.jpg", "samples/CAM_BACK_RIGHT/n015-2018-08-01-16-41-59+0800__CAM_BACK_RIGHT__1533112992427893.jpg"], "intrinsics": [[[1272.5979470598488, 0.0, 826.6154927353808], [0.0, 1272.5979470598488, 479.75165386361925], [0.0, 0.0, 1.0]], [[1266.417203046554, 0.0, 816.2670197447984], [0.0, 1266.417203046554, 491.50706579294757], [0.0, 0.0, 1.0]], [[1260.8474446004698, 0.0, 807.968244525554], [0.0, 1260.8474446004698, 495.3344268742088], [0.0, 0.0, 1.0]], [[1256.7414812095406, 0.0, 792.1125740759628], [0.0, 1256.7414812095406, 492.7757465151356], [0.0, 0.0, 1.0]], [[809.2209905677063, 0.0, 829.2196003259838], [0.0, 809.2209905677063, 481.77842384512485], [0.0, 0.0, 1.0]], [[1259.5137405846733, 0.0, 807.2529053838625], [0.0, 1259.5137405846733, 501.19579884916527], [0.0, 0.0, 1.0]]], "extrinsics": [[[0.8188978433609009, -0.5739325284957886, 0.0027717784978449345, -0.809326171875], [-0.005551358684897423, -0.012749766930937767, -0.9999033212661743, 1.5072221755981445], [0.5739123821258545, 0.8188033103942871, -0.01362686324864626, -1.17327880859375], [0.0, 0.0, 0.0, 1.0]], [[0.003008251078426838, -0.9998540282249451, 0.0168168842792511, 0.00689697265625], [-0.010807571932673454, -0.01684848591685295, -0.9997996687889099, 1.5188884735107422], [0.9999370574951172, 0.0028258918318897486, -0.01085667870938778, -1.53802490234375], [0.0, 0.0, 0.0, 1.0]], [[-0.83411705493927, -0.551572322845459, 0.004084508866071701, 0.93353271484375], [-0.005089885089546442, 0.0002920825209002942, -0.999987006187439, 1.5030382871627808], [0.5515639781951904, -0.8341270089149475, -0.003051069099456072, -1.18212890625], [0.0, 0.0, 0.0, 1.0]], [[0.9477289319038391, 0.3190184533596039, -0.006093051750212908, -1.143096923828125], [0.003741535823792219, -0.030205747112631798, -0.9995366930961609, 1.5885601043701172],