[{"images": ["samples/CAM_FRONT_LEFT/n008-2018-07-26-12-13-50-0400__CAM_FRONT_LEFT__1532621788654799.jpg", "samples/CAM_FRONT/n008-2018-07-26-12-13-50-0400__CAM_FRONT__1532621788662404.jpg", "samples/CAM_FRONT_RIGHT/n008-2018-07-26-12-13-50-0400__CAM_FRONT_RIGHT__1532621788670482.jpg", "samples/CAM_BACK_LEFT/n008-2018-07-26-12-13-50-0400__CAM_BACK_LEFT__1532621788697476.jpg", "samples/CAM_BACK/n008-2018-07-26-12-13-50-0400__CAM_BACK__1532621788687558.jpg", "samples/CAM_BACK_RIGHT/n008-2018-07-26-12-13-50-0400__CAM_BACK_RIGHT__1532621788678113.jpg"], "intrinsics": [[[1257.8625342125129, 0.0, 827.2410631095686], [0.0, 1257.8625342125129, 450.915498205774], [0.0, 0.0, 1.0]], [[1252.8131021185304, 0.0, 826.588114781398], [0.0, 1252.8131021185304, 469.9846626224581], [0.0, 0.0, 1.0]], [[1256.7485116440405, 0.0, 817.7887570959712], [0.0, 1256.7485116440403, 451.9541780095127], [0.0, 0.0, 1.0]], [[1254.9860565800168, 0.0, 829.5769333630991], [0.0, 1254.9860565800168, 467.1680561863987], [0.0, 0.0, 1.0]], [[796.8910634503094, 0.0, 857.7774326863696], [0.0, 796.8910634503094, 476.8848988407415], [0.0, 0.0, 1.0]], [[1249.9629280788233, 0.0, 825.3768045375984], [0.0, 1249.9629280788233, 462.54816385708756], [0.0, 0.0, 1.0]]], "extrinsics": [[[0.8263115286827087, -0.5631099939346313, -0.010789813473820686, -0.7979965209960938], [0.0030367549043148756, 0.02361183799803257, -0.999716579914093, 1.4890327453613281], [0.5632051825523376, 0.826044499874115, 0.02122076228260994, -1.193115234375], [0.0, 0.0, 0.0, 1.0]], [[0.015754615887999535, -0.9996838569641113, -0.01959269866347313, 0.0093994140625], [0.005044589750468731, 0.019674349576234818, -0.9997937083244324, 1.4811897277832031], [0.9998630881309509, 0.0156524907797575, 0.005352958105504513, -1.5286865234375], [0.0, 0.0, 0.0, 1.0]], [[-0.8417061567306519, -0.5396658182144165, -0.017074499279260635, 0.95654296875], [0.013127212412655354, 0.011160068213939667, -0.9998515248298645, 1.4951610565185547], [0.5397762656211853, -0.8418053388595581, -0.0023091917391866446, -1.190673828125], [0.0, 0.0, 0.0, 1.0]], [[0.9478129744529724, 0.3188129663467407, -0.0029644444584846497, -1.1402587890625], [-0.0120626762509346, 0.026567237451672554, -0.9995741844177246, 1.5619926452636719], [-0.3185984492301941, 0.9474451541900635, 0.029026510193943977, -0.157470703125], [0.0, 0.0, 0.0, 1.0]], [[0.0076022883877158165, 0.9997923374176025, 0.01890932209789753, -0.0286865234375], [-0.010023262351751328, 0.01898510754108429, -0.9997694492340088, 1.5674419403076172], [-0.9999209046363831, 0.00741099426522851, 0.010165510699152946, -0.0169677734375], [0.0, 0.0, 0.0, 1.0]], [[-0.9249318242073059, 0.38011234998703003, 0.003957322333008051, 1.05340576171875], [-0.005865666549652815, -0.003862325567752123, -0.999975323677063, 1.5471343994140625], [-0.38008761405944824, -0.9249322414398193, 0.0058020008727908134, -0.087158203125], [0.0, 0.0, 0.0, 1.0]]], "view": [[0.0, -2.0, 100.0], [-2.0, 0.0, 100.0], [0.0, 0.0, 1.0]], "bev": "bev_15d505ed20664073b9035afa9d276592.png", "aux": "aux_15d505ed20664073b9035afa9d276592.npz", "visibility": "visibility_15d505ed20664073b9035afa9d276592.png", "pose": [[-0.8294917345046997, -0.5585189461708069, 0.0, 1712.10986328125], [0.5585189461708069, -0.8294917345046997, 0.0, 793.9135131835938], [0.0, 0.0, 1.0, 0.0], [0.0, 0.0, 0.0, 1.0]], "pose_inverse": [[-0.8294917345046997, 0.5585189461708069, 0.0, 976.7652587890625], [-0.5585189461708069, -0.8294917345046997, 0.0, 1614.79052734375], [0.0, 0.0, 1.0, 0.0], [0.0, 0.0, 0.0, 1.0]], "cam_ids": [0, 1, 2, 3, 4, 5], "cam_channels": ["CAM_FRONT_LEFT", "CAM_FRONT", "CAM_FRONT_RIGHT", "CAM_BACK_LEFT", "CAM_BACK", "CAM_BACK_RIGHT"], "token": "15d505ed20664073b9035afa9d276592", "scene": "scene-0202"}, {"images": ["samples/CAM_FRONT_LEFT/n008-2018-07-26-12-13-50-0400__CAM_FRONT_LEFT__1532621789154799.jpg", "samples/CAM_FRONT/n008-2018-07-26-12-13-50-0400__CAM_FRONT__1532621789162404.jpg", "samples/CAM_FRONT_RIGHT/n008-2018-07-26-12-13-50-0400__CAM_FRONT_RIGHT__1532621789170482.jpg", "samples/CAM_BACK_LEFT/n008-2018-07-26-12-13-50-0400__CAM_BACK_LEFT__1532621789197405.jpg", "samples/CAM_BACK/n008-2018-07-26-12-13-50-0400__CAM_BACK__1532621789187558.jpg", "samples/CAM_BACK_RIGHT/n008-2018-07-26-12-13-50-0400__CAM_BACK_RIGHT__1532621789178113.jpg"], "intrinsics": [[[1257.8625342125129, 0.0, 827.2410631095686], [0.0, 1257.8625342125129, 450.915498205774], [0.0, 0.0, 1.0]], [[1252.8131021185304, 0.0, 826.588114781398], [0.0, 1252.8131021185304, 469.9846626224581], [0.0, 0.0, 1.0]], [[1256.7485116440405, 0.0, 817.7887570959712], [0.0, 1256.7485116440403, 451.9541780095127], [0.0, 0.0, 1.0]], [[1254.9860565800168, 0.0, 829.5769333630991], [0.0, 1254.9860565800168, 467.1680561863987], [0.0, 0.0, 1.0]], [[796.8910634503094, 0.0, 857.7774326863696], [0.0, 796.8910634503094, 476.8848988407415], [0.0, 0.0, 1.0]], [[1249.9629280788233, 0.0, 825.3768045375984], [0.0, 1249.9629280788233, 462.54816385708756], [0.0, 0.0, 1.0]]], "extrinsics": [[[0.8267076015472412, -0.562334418296814, -0.01829078607261181, -0.7999114990234375], [-0.0034541920758783817, 0.02743595652282238, -0.9996175765991211, 1.4874038696289062], [0.5626212954521179, 0.8264546394348145, 0.020739102736115456, -1.1951904296875], [0.0, 0.0, 0.0, 1.0]], [[0.01634480059146881, -0.9995898604393005, -0.023516377434134483, 0.009765625], [-0.001383805414661765, 0.023496881127357483, -0.999722957611084, 1.4798583984375], [0.9998654127120972, 0.016372811049222946, -0.000999186304397881, -1.529296875], [0.0, 0.0, 0.0, 1.0]], [[-0.841492772102356, -0.5400919914245605, -0.01380532793700695, 0.9556884765625], [0.006756971590220928, 0.015029865317046642, -0.9998642206192017, 1.4941444396972656], [0.54022616147995, -0.841471791267395, -0.008998138830065727, -1.19000244140625], [0.0, 0.0, 0.0, 1.0]], [[0.9477137923240662, 0.3190303146839142, -0.007630838546901941, -1.13330078125], [-0.018405677750706673, 0.030772577971220016, -0.9993569254875183, 1.56182861328125], [-0.31859031319618225, 0.9472448229789734, 0.03503556549549103, -0.159912109375], [0.0, 0.0, 0.0, 1.0]], [[0.00737304612994194, 0.9997107982635498, 0.02288970910012722, -0.0286865234375], [-0.01637311466038227, 0.0230079535394907, -0.9996011853218079, 1.5669727325439453], [-0.9998388886451721, 0.006995277013629675, 0.016538018360733986, -0.0216064453125], [0.0, 0.0, 0.0, 1.0]], [[-0.92506343126297, 0.3796442747116089, 0.011308385990560055, 1.050872802734375], [-0.012195216491818428, 6.900142034282908e-05, -0.9999256134033203, 1.546370506286621], [-0.37961676716804504, -0.9251325726509094, 0.004566013813018799, -0.0880126953125], [0.0, 0.0, 0.0, 1.0]]], "view": [[0.0, -2.0, 100.0], [-2.0, 0.0, 100.0], [0.0, 0.0, 1.0]], "bev": "bev_7d0fb26782984c568b5c8f6e29e1291a.png", "aux": "aux_7d0fb26782984c568b5c8f6e29e1291a.npz", "visibility": "visibility_7d0fb26782984c568b5c8f6e29e1291a.png", "pose": [[-0.7853991389274597, -0.6189896464347839, 0.0, 1709.8017578125], [0.6189896464347839, -0.7853991389274597, 0.0, 795.6105346679688], [0.0, 0.0, 1.0, 0.0], [0.0, 0.0, 0.0, 1.0]], "pose_inverse": [[-0.7853991389274597, 0.6189896464347839, 0.0, 850.4021606445312], [-0.6189896464347839, -0.7853991389274597, 0.0, 1683.221435546875], [0.0, 0.0, 1.0, 0.0], [0.0, 0.0, 0.0, 1.0]], "cam_ids": [0, 1, 2, 3, 4, 5], "cam_channels": ["CAM_FRONT_LEFT", "CAM_FRONT", "CAM_FRONT_RIGHT", "CAM_BACK_LEFT", "CAM_BACK", "CAM_BACK_RIGHT"], "token": "7d0fb26782984c568b5c8f6e29e1291a", "scene": "scene-0202"}, {"images": ["samples/CAM_FRONT_LEFT/n008-2018-07-26-12-13-50-0400__CAM_FRONT_LEFT__1532621789654799.jpg", "samples/CAM_FRONT/n008-2018-07-26-12-13-50-0400__CAM_FRONT__1532621789662404.jpg", "samples/CAM_FRONT_RIGHT/n008-2018-07-26-12-13-50-0400__CAM_FRONT_RIGHT__1532621789670482.jpg", "samples/CAM_BACK_LEFT/n008-2018-07-26-12-13-50-0400__CAM_BACK_LEFT__1532621789697405.jpg", "samples/CAM_BACK/n008-2018-07-26-12-13-50-0400__CAM_BACK__1532621789687558.jpg", "samples/CAM_BACK_RIGHT/n008-2018-07-26-12-13-50-0400__CAM_BACK_RIGHT__1532621789678113.jpg"], "intrinsics": [[[1257.8625342125129, 0.0, 827.2410631095686], [0.0, 1257.8625342125129, 450.915498205774], [0.0, 0.0, 1.0]], [[1252.8131021185304, 0.0, 826.588114781398], [0.0, 1252.8131021185304, 469.9846626224581], [0.0, 0.0, 1.0]], [[1256.7485116440405, 0.0, 817.7887570959712], [0.0, 1256.7485116440403, 451.9541780095127], [0.0, 0.0, 1.0]], [[1254.9860565800168, 0.0, 829.5769333630991], [0.0, 1254.9860565800168, 467.1680561863987], [0.0, 0.0, 1.0]], [[796.8910634503094, 0.0, 857.7774326863696], [0.0, 796.8910634503094, 476.8848988407415], [0.0, 0.0, 1.0]], [[1249.9629280788233, 0.0, 825.3768045375984], [0.0, 1249.9629280788233, 462.54816385708756], [0.0, 0.0, 1.0]]], "extrinsics": [[[0.8256329894065857, -0.5641106367111206, -0.010458216071128845, -0.80902099609375], [0.006373460404574871, 0.02785993553698063, -0.9995915293693542, 1.4897880554199219], [0.564171552658081, 0.8252291679382324, 0.026597417891025543, -1.199951171875], [0.0, 0.0, 0.0, 1.0]], [[0.014835184440016747, -0.9996135830879211, -0.023507626727223396, 0.0087890625], [0.008460598066449165, 0.023634865880012512, -0.9996848702430725, 1.4818077087402344], [0.9998541474342346, 0.014631681144237518, 0.008807958103716373, -1.53863525390625], [0.0, 0.0, 0.0, 1.0]], [[-0.8420196771621704, -0.5390020608901978, -0.021900029852986336, 0.96240234375], [0.016501380130648613, 0.014842520467936993, -0.9997536540031433, 1.4955787658691406], [0.5391944050788879, -0.8421737551689148, -0.003603417193517089, -1.1947021484375], [0.0, 0.0, 0.0, 1.0]], [[0.947860598564148, 0.318683922290802, 0.0009876451222226024, -1.14111328125], [-0.008916161954402924, 0.029616964980959892, -0.9995215535163879, 1.5620155334472656], [-0.3185606896877289, 0.9473982453346252, 0.0309141892939806, -0.1571044921875], [0.0, 0.0, 0.0, 1.0]], [[0.007846137508749962, 0.9997245669364929, 0.02212013304233551, -0.0286865234375], [-0.00687586423009634, 0.022174227982759476, -0.9997304677963257, 1.567657470703125], [-0.9999456405639648, 0.007691914681345224, 0.007047951687127352, -0.01361083984375], [0.0, 0.0, 0.0, 1.0]], [[-0.9247457385063171, 0.3805789351463318, 0.0022711758501827717, 1.058267593383789], [-0.0026208441704511642, -0.00040056626312434673, -0.9999964833259583, 1.5475232601165771], [-0.38057655096054077, -0.9247483611106873, 0.0013678604736924171, -0.0850830078125], [0.0, 0.0, 0.0, 1.0]]], "view": [[0.0, -2.0, 100.0], [-2.0, 0.0, 100.0], [0.0, 0.0, 1.0]], "bev": "bev_46cabd849f6f4cbe90a431edf284e5a5.png", "aux": "aux_46cabd849f6f4cbe90a431edf284e5a5.npz", "visibility": "visibility_46cabd849f6f4cbe90a431edf284e5a5.png", "pose": [[-0.7422571182250977, -0.6701152324676514, 0.0, 1707.712646484375], [0.6701152324676514, -0.7422571182250977, 0.0, 797.3875732421875], [0.0, 0.0, 1.0, 0.0], [0.0, 0.0, 0.0, 1.0]], "pose_inverse": [[-0.7422571182250977, 0.6701152324676514, 0.0, 733.2202758789062], [-0.6701152324676514, -0.7422571182250977, 0.0, 1736.2308349609375], [0.0, 0.0, 1.0, 0.0], [0.0, 0.0, 0.0, 1.0]], "cam_ids": [0, 1, 2, 3, 4, 5], "cam_channels": ["CAM_FRONT_LEFT", "CAM_FRONT", "CAM_FRONT_RIGHT", "CAM_BACK_LEFT", "CAM_BACK", "CAM_BACK_RIGHT"], "token": "46cabd849f6f4cbe90a431edf284e5a5", "scene": "scene-0202"}, {"images": ["samples/CAM_FRONT_LEFT/n008-2018-07-26-12-13-50-0400__CAM_FRONT_LEFT__1532621790154799.jpg", "samples/CAM_FRONT/n008-2018-07-26-12-13-50-0400__CAM_FRONT__1532621790162404.jpg", "samples/CAM_FRONT_RIGHT/n008-2018-07-26-12-13-50-0400__CAM_FRONT_RIGHT__1532621790170482.jpg", "samples/CAM_BACK_LEFT/n008-2018-07-26-12-13-50-0400__CAM_BACK_LEFT__1532621790197405.jpg", "samples/CAM_BACK/n008-2018-07-26-12-13-50-0400__CAM_BACK__1532621790187558.jpg", "samples/CAM_BACK_RIGHT/n008-2018-07-26-12-13-50-0400__CAM_BACK_RIGHT__1532621790178113.jpg"], "intrinsics": [[[1257.8625342125129, 0.0, 827.2410631095686], [0.0, 1257.8625342125129, 450.915498205774], [0.0, 0.0, 1.0]], [[1252.8131021185304, 0.0, 826.588114781398], [0.0, 1252.8131021185304, 469.9846626224581], [0.0, 0.0, 1.0]], [[1256.7485116440405, 0.0, 817.7887570959712], [0.0, 1256.7485116440403, 451.9541780095127], [0.0, 0.0, 1.0]], [[1254.9860565800168, 0.0, 829.5769333630991], [0.0, 1254.9860565800168, 467.1680561863987], [0.0, 0.0, 1.0]], [[796.8910634503094, 0.0, 857.7774326863696], [0.0, 796.8910634503094, 476.8848988407415], [0.0, 0.0, 1.0]], [[1249.9629280788233, 0.0, 825.3768045375984], [0.0, 1249.9629280788233, 462.54816385708756], [0.0, 0.0, 1.0]]], "extrinsics": [[[0.8255845904350281, -0.5641887784004211, -0.010063588619232178, -0.82440185546875], [0.006591653451323509, 0.027475804090499878, -0.9996007680892944, 1.4897193908691406], [0.5642399191856384, 0.8251885175704956, 0.026402536779642105, -1.2105712890625], [0.0, 0.0, 0.0, 1.0]], [[0.014688637107610703, -0.9996246695518494, -0.023123156279325485, 0.0084228515625], [0.008676009252667427, 0.023252198472619057, -0.9996919631958008, 1.4817161560058594], [0.9998545050621033, 0.014483417384326458, 0.009014295414090157, -1.5548095703125], [0.0, 0.0, 0.0, 1.0]], [[-0.8421298265457153, -0.5388277173042297, -0.021958844736218452, 0.9739990234375], [0.01682237535715103, 0.014451409690082073, -0.9997540712356567, 1.4954032897949219], [0.5390125513076782, -0.8422920107841492, -0.003105600131675601, -1.2022705078125], [0.0, 0.0, 0.0, 1.0]], [[0.9478609561920166, 0.31868094205856323, 0.0014054689090698957, -1.14208984375], [-0.008339243941009045, 0.029211869463324547, -0.9995384216308594, 1.5620193481445312], [-0.31857484579086304, 0.947411835193634, 0.030346350744366646, -0.1571044921875], [0.0, 0.0, 0.0, 1.0]], [[0.007934697903692722, 0.9997326135635376, 0.02171959914267063, -0.0286865234375], [-0.0062964968383312225, 0.021769803017377853, -0.9997431635856628, 1.5677299499511719], [-0.9999487400054932, 0.007795876823365688, 0.006467548664659262, -0.0078125], [0.0, 0.0, 0.0, 1.0]], [[-0.9246783256530762, 0.38074564933776855, 0.0016693448415026069, 1.0679397583007812], [-0.0021327335853129625, -0.0007951564621180296, -0.9999974370002747, 1.5475974082946777], [-0.3807432949542999, -0.9246795177459717, 0.0015472933882847428, -0.0814208984375], [0.0, 0.0, 0.0, 1.0]]], "view": [[0.0, -2.0, 100.0], [-2.0, 0.0, 100.0], [0.0, 0.0, 1.0]], "bev": "bev_1890cf6125674495b2dd752d0f4f19de.png", "aux": "aux_1890cf6125674495b2dd752d0f4f19de.npz", "visibility": "visibility_1890cf6125674495b2dd752d0f4f19de.png", "pose": [[-0.7033370137214661, -0.710856556892395, 0.0, 1705.8126220703125], [0.710856556892395, -0.7033370137214661, 0.0, 799.206787109375], [0.0, 0.0, 1.0, 0.0], [0.0, 0.0, 0.0, 1.0]], "pose_inverse": [[-0.7033370137214661, 0.710856556892395, 0.0, 631.6397094726562], [-0.710856556892395, -0.7033370137214661, 0.0, 1774.6998291015625], [0.0, 0.0, 1.0, 0.0], [0.0, 0.0, 0.0, 1.0]], "cam_ids": [0, 1, 2, 3, 4, 5], "cam_channels": ["CAM_FRONT_LEFT", "CAM_FRONT", "CAM_FRONT_RIGHT", "CAM_BACK_LEFT", "CAM_BACK", "CAM_BACK_RIGHT"], "token": "1890cf6125674495b2dd752d0f4f19de", "scene": "scene-0202"}, {"images": ["samples/CAM_FRONT_LEFT/n008-2018-07-26-12-13-50-0400__CAM_FRONT_LEFT__1532621790654799.jpg", "samples/CAM_FRONT/n008-2018-07-26-12-13-50-0400__CAM_FRONT__1532621790662404.jpg", "samples/CAM_FRONT_RIGHT/n008-2018-07-26-12-13-50-0400__CAM_FRONT_RIGHT__1532621790670482.jpg", "samples/CAM_BACK_LEFT/n008-2018-07-26-12-13-50-0400__CAM_BACK_LEFT__1532621790697405.jpg", "samples/CAM_BACK/n008-2018-07-26-12-13-50-0400__CAM_BACK__1532621790687558.jpg", "samples/CAM_BACK_RIGHT/n008-2018-07-26-12-13-50-0400__CAM_BACK_RIGHT__1532621790678113.jpg"], "intrinsics": [[[1257.8625342125129, 0.0, 827.2410631095686], [0.0, 1257.8625342125129, 450.915498205774], [0.0, 0.0, 1.0]], [[1252.8131021185304, 0.0, 826.588114781398], [0.0, 1252.8131021185304, 469.9846626224581], [0.0, 0.0, 1.0]], [[1256.7485116440405, 0.0, 817.7887570959712], [0.0, 1256.7485116440403, 451.9541780095127], [0.0, 0.0, 1.0]], [[1254.9860565800168, 0.0, 829.5769333630991], [0.0, 1254.9860565800168, 467.1680561863987], [0.0, 0.0, 1.0]], [[796.8910634503094, 0.0, 857.7774326863696], [0.0, 796.8910634503094, 476.8848988407415], [0.0, 0.0, 1.0]], [[1249.9629280788233, 0.0, 825.3768045375984], [0.0, 1249.9629280788233, 462.54816385708756], [0.0, 0.0, 1.0]]], "extrinsics": [[[0.8250200152397156, -0.5649803280830383, -0.011802601628005505, -0.82977294921875], [0.007335362024605274, 0.03159086033701897, -0.9994739890098572, 1.4898338317871094], [0.5650559663772583, 0.8244993686676025, 0.030207425355911255, -1.2138671875], [0.0, 0.0, 0.0, 1.0]], [[0.013776038773357868, -0.9995309114456177, -0.027350272983312607, 0.00830078125], [0.009168938733637333, 0.027477996423840523, -0.9995803833007812, 1.4817466735839844], [0.9998630881309509, 0.01351951714605093, 0.009543175809085369, -1.560302734375], [0.0, 0.0, 0.0, 1.0]], [[-0.8425710201263428, -0.538027822971344, -0.024496449157595634, 0.9775390625], [0.017085080966353416, 0.018759559839963913, -0.9996780157089233, 1.4953651428222656], [0.538314163684845, -0.8427183628082275, -0.006614013575017452, -1.2047119140625], [0.0, 0.0, 0.0, 1.0]], [[0.9478695392608643, 0.3186488151550293, 0.0025092605501413345, -1.139892578125], [-0.00864546187222004, 0.03358718752861023, -0.999398410320282, 1.5620040893554688], [-0.3185415267944336, 0.9472776055335999, 0.03459113836288452, -0.157470703125], [0.0, 0.0, 0.0, 1.0]], [[0.00825116690248251, 0.9996242523193359, 0.026141474023461342, -0.028564453125], [-0.006422208622097969, 0.026194799691438675, -0.9996362328529358, 1.5677223205566406], [-0.9999454021453857, 0.00808031391352415, 0.0066359336487948895, -0.007568359375], [0.0, 0.0, 0.0, 1.0]], [[-0.9244429469108582, 0.38130632042884827, 0.003264421597123146, 1.0702362060546875], [-0.0020552496425807476, 0.0035783119965344667, -0.9999914765357971, 1.5476102828979492], [-0.3813146948814392, -0.9244418144226074, -0.0025242657866328955, -0.08056640625], [0.0, 0.0, 0.0, 1.0]]], "view": [[0.0, -2.0, 100.0], [-2.0, 0.0, 100.0], [0.0, 0.0, 1.0]], "bev": "bev_8ed2cd7a0b0d49a4b8318d386bd00e7c.png", "aux": "aux_8ed2cd7a0b0d49a4b8318d386bd00e7c.npz", "visibility": "visibility_8ed2cd7a0b0d49a4b8318d386bd00e7c.png", "pose": [[-0.6606865525245667, -0.7506619095802307, 0.0, 1704.1173095703125], [0.7506619095802307, -0.6606865525245667, 0.0, 801.0465087890625], [0.0, 0.0, 1.0, 0.0], [0.0, 0.0, 0.0, 1.0]], "pose_inverse": [[-0.6606865525245667, 0.7506619095802307, 0.0, 524.572265625], [-0.7506619095802307, -0.6606865525245667, 0.0, 1808.45654296875], [0.0, 0.0, 1.0, 0.0], [0.0, 0.0, 0.0, 1.0]], "cam_ids": [0, 1, 2, 3, 4, 5], "cam_channels": ["CAM_FRONT_LEFT", "CAM_FRONT", "CAM_FRONT_RIGHT", "CAM_BACK_LEFT", "CAM_BACK", "CAM_BACK_RIGHT"], "token": "8ed2cd7a0b0d49a4b8318d386bd00e7c", "scene": "scene-0202"}, {"images": ["samples/CAM_FRONT_LEFT/n008-2018-07-26-12-13-50-0400__CAM_FRONT_LEFT__1532621791154799.jpg", "samples/CAM_FRONT/n008-2018-07-26-12-13-50-0400__CAM_FRONT__1532621791162404.jpg", "samples/CAM_FRONT_RIGHT/n008-2018-07-26-12-13-50-0400__CAM_FRONT_RIGHT__1532621791170482.jpg", "samples/CAM_BACK_LEFT/n008-2018-07-26-12-13-50-0400__CAM_BACK_LEFT__1532621791197418.jpg", "samples/CAM_BACK/n008-2018-07-26-12-13-50-0400__CAM_BACK__1532621791187558.jpg", "samples/CAM_BACK_RIGHT/n008-2018-07-26-12-13-50-0400__CAM_BACK_RIGHT__1532621791178113.jpg"], "intrinsics": [[[1257.8625342125129, 0.0, 827.2410631095686], [0.0, 1257.8625342125129, 450.915498205774], [0.0, 0.0, 1.0]], [[1252.8131021185304, 0.0, 826.588114781398], [0.0, 1252.8131021185304, 469.9846626224581], [0.0, 0.0, 1.0]], [[1256.7485116440405, 0.0, 817.7887570959712], [0.0, 1256.7485116440403, 451.9541780095127], [0.0, 0.0, 1.0]], [[1254.9860565800168, 0.0, 829.5769333630991], [0.0, 1254.9860565800168, 467.1680561863987], [0.0, 0.0, 1.0]], [[796.8910634503094, 0.0, 857.7774326863696], [0.0, 796.8910634503094, 476.8848988407415], [0.0, 0.0, 1.0]], [[1249.9629280788233, 0.0, 825.3768045375984], [0.0, 1249.9629280788233, 462.54816385708756], [0.0, 0.0, 1.0]]], "extrinsics": [[[0.8275507688522339, -0.5613116025924683, -0.00944227073341608, -0.8349609375], [0.0033435223158448935, 0.021747136488556862, -0.9997578859329224, 1.4889678955078125], [0.5613810420036316, 0.8273188471794128, 0.019873613491654396, -1.21826171875], [0.0, 0.0, 0.0, 1.0]], [[0.017632022500038147, -0.9996876120567322, -0.017715400084853172, 0.0086669921875], [0.005419617984443903, 0.01781345345079899, -0.9998266100883484, 1.4810714721679688], [0.9998298287391663, 0.017532953992486, 0.005732011515647173, -1.5657958984375], [0.0, 0.0, 0.0, 1.0]], [[-0.8408753871917725, -0.5409774780273438, -0.01648906245827675, 0.9813232421875], [0.013591986149549484, 0.009349101223051548, -0.999863862991333, 1.4948368072509766], [0.5410581231117249, -0.840985119342804, -0.000508470693603158, -1.20654296875], [0.0, 0.0, 0.0, 1.0]], [[0.9477898478507996, 0.31888338923454285, -0.0027860531117767096, -1.1385498046875], [-0.011377601884305477, 0.02508307434618473, -0.9996206164360046, 1.5619697570800781], [-0.3186926245689392, 0.9474620223045349, 0.02740161120891571, -0.1583251953125], [0.0, 0.0, 0.0, 1.0]], [[0.006943393498659134, 0.9998276233673096, 0.017222626134753227, -0.02880859375], [-0.009460801258683205, 0.017287952825427055, -0.999805748462677, 1.5675716400146484], [-0.9999312162399292, 0.006779154762625694, 0.009579206816852093, -0.006988525390625], [0.0, 0.0, 0.0, 1.0]], [[-0.9253659248352051, 0.3790649473667145, 0.0027857788372784853, 1.072784423828125], [-0.0053221010603010654, -0.005643347278237343, -0.9999698996543884, 1.5473108291625977], [-0.3790378272533417, -0.9253528714179993, 0.007239582482725382, -0.0791015625], [0.0, 0.0, 0.0, 1.0]]], "view": [[0.0, -2.0, 100.0], [-2.0, 0.0, 100.0], [0.0, 0.0, 1.0]], "bev": "bev_03d675d8775140ee9af015466a07d3c7.png", "aux": "aux_03d675d8775140ee9af015466a07d3c7.npz", "visibility": "visibility_03d675d8775140ee9af015466a07d3c7.png", "pose": [[-0.6027289628982544, -0.797946035861969, 0.0, 1702.5985107421875], [0.797946035861969, -0.6027289628982544, 0.0, 802.9277954101562], [0.0, 0.0, 1.0, 0.0], [0.0, 0.0, 0.0, 1.0]], "pose_inverse": [[-0.6027289628982544, 0.797946035861969, 0.0, 385.5123596191406], [-0.797946035861969, -0.6027289628982544, 0.0, 1842.529541015625], [0.0, 0.0, 1.0, 0.0], [0.0, 0.0, 0.0, 1.0]], "cam_ids": [0, 1, 2, 3, 4, 5], "cam_channels": ["CAM_FRONT_LEFT", "CAM_FRONT", "CAM_FRONT_RIGHT", "CAM_BACK_LEFT", "CAM_BACK", "CAM_BACK_RIGHT"], "token": "03d675d8775140ee9af015466a07d3c7", "scene": "scene-0202"}, {"images": ["samples/CAM_FRONT_LEFT/n008-2018-07-26-12-13-50-0400__CAM_FRONT_LEFT__1532621791654799.jpg", "samples/CAM_FRONT/n008-2018-07-26-12-13-50-0400__CAM_FRONT__1532621791662404.jpg", "samples/CAM_FRONT_RIGHT/n008-2018-07-26-12-13-50-0400__CAM_FRONT_RIGHT__1532621791670482.jpg", "samples/CAM_BACK_LEFT/n008-2018-07-26-12-13-50-0400__CAM_BACK_LEFT__1532621791697405.jpg", "samples/CAM_BACK/n008-2018-07-26-12-13-50-0400__CAM_BACK__1532621791687558.jpg", "samples/CAM_BACK_RIGHT/n008-2018-07-26-12-13-50-0400__CAM_BACK_RIGHT__1532621791678113.jpg"], "intrinsics": [[[1257.8625342125129, 0.0, 827.2410631095686], [0.0, 1257.8625342125129, 450.915498205774], [0.0, 0.0, 1.0]], [[1252.8131021185304, 0.0, 826.588114781398], [0.0, 1252.8131021185304, 469.9846626224581], [0.0, 0.0, 1.0]], [[1256.7485116440405, 0.0, 817.7887570959712], [0.0, 1256.7485116440403, 451.9541780095127], [0.0, 0.0, 1.0]], [[1254.9860565800168, 0.0, 829.5769333630991], [0.0, 1254.9860565800168, 467.1680561863987], [0.0, 0.0, 1.0]], [[796.8910634503094, 0.0, 857.7774326863696], [0.0, 796.8910634503094, 476.8848988407415], [0.0, 0.0, 1.0]], [[1249.9629280788233, 0.0, 825.3768045375984], [0.0, 1249.9629280788233, 462.54816385708756], [0.0, 0.0, 1.0]]], "extrinsics": [[[0.82781583070755, -0.5609161853790283, -0.009689590893685818, -0.8292236328125], [0.00735698314383626, 0.028124919161200523, -0.9995773434638977, 1.4898948669433594], [0.5609515905380249, 0.8273947834968567, 0.027408907189965248, -1.212890625], [0.0, 0.0, 0.0, 1.0]], [[0.01804039068520069, -0.9995537400245667, -0.023808052763342857, 0.0078125], [0.00936354510486126, 0.023979786783456802, -0.9996685981750488, 1.4818458557128906], [0.9997934103012085, 0.017811601981520653, 0.009791973046958447, -1.5572357177734375], [0.0, 0.0, 0.0, 1.0]], [[-0.8406669497489929, -0.54106605052948, -0.022950204089283943, 0.9727783203125], [0.01746206171810627, 0.015274012461304665, -0.9997308254241943, 1.4955215454101562], [0.541270911693573, -0.8408414125442505, -0.003392227692529559, -1.202392578125], [0.0, 0.0, 0.0, 1.0]], [[0.9477649331092834, 0.3189622163772583, 0.0021484068129211664, -1.13629150390625], [-0.007850408554077148, 0.030059093609452248, -0.9995173215866089, 1.5619735717773438], [-0.3188727796077728, 0.9472906589508057, 0.030992941930890083, -0.158935546875], [0.0, 0.0, 0.0, 1.0]], [[0.006734372116625309, 0.9997214078903198, 0.02262210287153721, -0.0283203125], [-0.005743549671024084, 0.022660911083221436, -0.9997266530990601, 1.5677413940429688], [-0.9999607801437378, 0.006602588575333357, 0.005894557107239962, -0.0123291015625], [0.0, 0.0, 0.0, 1.0]], [[-0.9254481196403503, 0.3788716793060303, 0.0014091306366026402, 1.0654296875], [-0.0015051194932311773, 4.280898428987712e-05, -0.9999988675117493, 1.5476571321487427], [-0.37887126207351685, -0.9254491925239563, 0.0005306297680363059, -0.0831298828125], [0.0, 0.0, 0.0, 1.0]]], "view": [[0.0, -2.0, 100.0], [-2.0, 0.0, 100.0], [0.0, 0.0, 1.0]], "bev": "bev_55f52de03cd94f069bc393be63f0d69b.png", "aux": "aux_55f52de03cd94f069bc393be63f0d69b.npz", "visibility": "visibility_55f52de03cd94f069bc393be63f0d69b.png", "pose": [[-0.519244372844696, -0.8546258211135864, 0.0, 1701.2752685546875], [0.8546258211135864, -0.519244372844696, 0.0, 804.8922119140625], [0.0, 0.0, 1.0, 0.0], [0.0, 0.0, 0.0, 1.0]], "pose_inverse": [[-0.519244372844696, 0.8546258211135864, 0.0, 195.49591064453125], [-0.8546258211135864, -0.519244372844696, 0.0, 1871.8895263671875], [0.0, 0.0, 1.0, 0.0], [0.0, 0.0, 0.0, 1.0]], "cam_ids": [0, 1, 2, 3, 4, 5], "cam_channels": ["CAM_FRONT_LEFT", "CAM_FRONT", "CAM_FRONT_RIGHT", "CAM_BACK_LEFT", "CAM_BACK", "CAM_BACK_RIGHT"], "token": "55f52de03cd94f069bc393be63f0d69b", "scene": "scene-0202"}, {"images": ["samples/CAM_FRONT_LEFT/n008-2018-07-26-12-13-50-0400__CAM_FRONT_LEFT__1532621792104799.jpg", "samples/CAM_FRONT/n008-2018-07-26-12-13-50-0400__CAM_FRONT__1532621792112404.jpg", "samples/CAM_FRONT_RIGHT/n008-2018-07-26-12-13-50-0400__CAM_FRONT_RIGHT__1532621792120482.jpg", "samples/CAM_BACK_LEFT/n008-2018-07-26-12-13-50-0400__CAM_BACK_LEFT__1532621792147405.jpg", "samples/CAM_BACK/n008-2018-07-26-12-13-50-0400__CAM_BACK__1532621792137558.jpg", "samples/CAM_BACK_RIGHT/n008-2018-07-26-12-13-50-0400__CAM_BACK_RIGHT__1532621792128113.jpg"], "intrinsics": [[[1257.8625342125129, 0.0, 827.2410631095686], [0.0, 1257.8625342125129, 450.915498205774], [0.0, 0.0, 1.0]], [[1252.8131021185304, 0.0, 826.588114781398], [0.0, 1252.8131021185304, 469.9846626224581], [0.0, 0.0, 1.0]], [[1256.7485116440405, 0.0, 817.7887570959712], [0.0, 1256.7485116440403, 451.9541780095127], [0.0, 0.0, 1.0]], [[1254.9860565800168, 0.0, 829.5769333630991], [0.0, 1254.9860565800168, 467.1680561863987], [0.0, 0.0, 1.0]], [[796.8910634503094, 0.0, 857.7774326863696], [0.0, 796.8910634503094, 476.8848988407415], [0.0, 0.0, 1.0]], [[1249.9629280788233, 0.0, 825.3768045375984], [0.0, 1249.9629280788233, 462.54816385708756], [0.0, 0.0, 1.0]]], "extrinsics": [[[0.8266364932060242, -0.5625876784324646, -0.012932750396430492, -0.8349609375], [0.006151746027171612, 0.03201480582356453, -0.9994684457778931, 1.4895477294921875], [0.5627026557922363, 0.8261175751686096, 0.029925499111413956, -1.2178955078125], [0.0, 0.0, 0.0, 1.0]], [[0.01615644432604313, -0.9994834661483765, -0.027780959382653236, 0.0084228515625], [0.008366440422832966, 0.027918750420212746, -0.9995751976966858, 1.4815750122070312], [0.9998345375061035, 0.015917152166366577, 0.008813186548650265, -1.5649185180664062], [0.0, 0.0, 0.0, 1.0]], [[-0.8415151238441467, -0.5396806597709656, -0.02443421445786953, 0.980224609375], [0.01666972041130066, 0.019267797470092773, -0.9996753931045532, 1.4952507019042969], [0.5399763584136963, -0.8416492938995361, -0.00721781887114048, -1.205810546875], [0.0, 0.0, 0.0, 1.0]], [[0.9478423595428467, 0.31872111558914185, 0.003407770534977317, -1.141845703125], [-0.007955954410135746, 0.034345515072345734, -0.9993783235549927, 1.5619659423828125], [-0.3186400830745697, 0.9472259879112244, 0.03508986905217171, -0.158447265625], [0.0, 0.0, 0.0, 1.0]], [[0.007445771247148514, 0.9996143579483032, 0.026754183694720268, -0.0296630859375], [-0.006183708552271128, 0.02680043876171112, -0.9996216297149658, 1.5677146911621094], [-0.9999532103538513, 0.00727753434330225, 0.006380873266607523, -0.0062618255615234375], [0.0, 0.0, 0.0, 1.0]], [[-0.9250036478042603, 0.37994155287742615, 0.0035596645902842283, 1.07177734375], [-0.002154045971110463, 0.004124650731682777, -0.9999892115592957, 1.5476012229919434], [-0.3799521327018738, -0.9250012636184692, -0.0029969043098390102, -0.0791015625], [0.0, 0.0, 0.0, 1.0]]], "view": [[0.0, -2.0, 100.0], [-2.0, 0.0, 100.0], [0.0, 0.0, 1.0]], "bev": "bev_758638fe38554b8ca16a87acdbc02d4e.png", "aux": "aux_758638fe38554b8ca16a87acdbc02d4e.npz", "visibility": "visibility_758638fe38554b8ca16a87acdbc02d4e.png", "pose": [[-0.4465668201446533, -0.8947502970695496, 0.0, 1700.234375], [0.8947502970695496, -0.4465668201446533, 0.0, 806.7840576171875], [0.0, 0.0, 1.0, 0.0], [0.0, 0.0, 0.0, 1.0]], "pose_inverse": [[-0.4465668201446533, 0.8947502970695496, 0.0, 37.39799499511719], [-0.8947502970695496, -0.4465668201446533, 0.0, 1881.5682373046875], [0.0, 0.0, 1.0, 0.0], [0.0, 0.0, 0.0, 1.0]], "cam_ids": [0, 1, 2, 3, 4, 5], "cam_channels": ["CAM_FRONT_LEFT", "CAM_FRONT", "CAM_FRONT_RIGHT", "CAM_BACK_LEFT", "CAM_BACK", "CAM_BACK_RIGHT"], "token": "758638fe38554b8ca16a87acdbc02d4e", "scene": "scene-0202"}, {"images": ["samples/CAM_FRONT_LEFT/n008-2018-07-26-12-13-50-0400__CAM_FRONT_LEFT__1532621792604799.jpg", "samples/CAM_FRONT/n008-2018-07-26-12-13-50-0400__CAM_FRONT__1532621792612404.jpg", "samples/CAM_FRONT_RIGHT/n008-2018-07-26-12-13-50-0400__CAM_FRONT_RIGHT__1532621792620482.jpg", "samples/CAM_BACK_LEFT/n008-2018-07-26-12-13-50-0400__CAM_BACK_LEFT__1532621792647405.jpg", "samples/CAM_BACK/n008-2018-07-26-12-13-50-0400__CAM_BACK__1532621792637558.jpg", "samples/CAM_BACK_RIGHT/n008-2018-07-26-12-13-50-0400__CAM_BACK_RIGHT__1532621792628113.jpg"], "intrinsics": [[[1257.8625342125129, 0.0, 827.2410631095686], [0.0, 1257.8625342125129, 450.915498205774], [0.0, 0.0, 1.0]], [[1252.8131021185304, 0.0, 826.588114781398], [0.0, 1252.8131021185304, 469.9846626224581], [0.0, 0.0, 1.0]], [[1256.7485116440405, 0.0, 817.7887570959712], [0.0, 1256.7485116440403, 451.9541780095127], [0.0, 0.0, 1.0]], [[1254.9860565800168, 0.0, 829.5769333630991], [0.0, 1254.9860565800168, 467.1680561863987], [0.0, 0.0, 1.0]], [[796.8910634503094, 0.0, 857.7774326863696], [0.0, 796.8910634503094, 476.8848988407415], [0.0, 0.0, 1.0]], [[1249.9629280788233, 0.0, 825.3768045375984], [0.0, 1249.9629280788233, 462.54816385708756], [0.0, 0.0, 1.0]]], "extrinsics": [[[0.8265289664268494, -0.5627653002738953, -0.01204812340438366, -0.826904296875], [0.0065034618601202965, 0.030949661508202553, -0.9994997382164001, 1.489654541015625], [0.5628566741943359, 0.8260371088981628, 0.029240712523460388, -1.2135009765625], [0.0, 0.0, 0.0, 1.0]], [[0.015997154638171196, -0.9995155334472656, -0.026693664491176605, 0.0091552734375], [0.008533024229109287, 0.02683258056640625, -0.9996035099029541, 1.4816513061523438], [0.9998356103897095, 0.015763020142912865, 0.008958135731518269, -1.5570220947265625], [0.0, 0.0, 0.0, 1.0]], [[-0.8415738344192505, -0.5396170020103455, -0.02380944788455963, 0.97515869140625], [0.01663908362388611, 0.01815956085920334, -0.9996966123580933, 1.4953422546386719], [0.5398857593536377, -0.8417146801948547, -0.006303881295025349, -1.2015380859375], [0.0, 0.0, 0.0, 1.0]], [[0.9478710293769836, 0.3186468183994293, 0.002195111708715558, -1.13873291015625], [-0.008831513114273548, 0.033155690878629684, -0.9994111657142639, 1.5619392395019531], [-0.31853196024894714, 0.9472934007644653, 0.0342414490878582, -0.15966796875], [0.0, 0.0, 0.0, 1.0]], [[0.007508468348532915, 0.9996434450149536, 0.025626573711633682, -0.030029296875], [-0.006629932206124067, 0.02567649632692337, -0.9996482729911804, 1.5676536560058594], [-0.9999498128890991, 0.00733592314645648, 0.006820358335971832, -0.0103912353515625], [0.0, 0.0, 0.0, 1.0]], [[-0.924981415271759, 0.3799973726272583, 0.0033595957793295383, 1.06658935546875], [-0.0023985737934708595, 0.003002479439601302, -0.9999926090240479, 1.54756498336792], [-0.3800046145915985, -0.9249826669692993, -0.0018657863838598132, -0.08056640625], [0.0, 0.0, 0.0, 1.0]]], "view": [[0.0, -2.0, 100.0], [-2.0, 0.0, 100.0], [0.0, 0.0, 1.0]], "bev": "bev_b4cd7c72c5744ad9b3b97051fdff3029.png", "aux": "aux_b4cd7c72c5744ad9b3b97051fdff3029.npz", "visibility": "visibility_b4cd7c72c5744ad9b3b97051fdff3029.png", "pose": [[-0.3705815076828003, -0.9287999272346497, 0.0, 1699.2508544921875], [0.9287999272346497, -0.3705815076828003, 0.0, 808.96435546875], [0.0, 0.0, 1.0, 0.0], [0.0, 0.0, 0.0, 1.0]], "pose_inverse": [[-0.3705815076828003, 0.9287999272346497, 0.0, -121.65510559082031], [-0.9287999272346497, -0.3705815076828003, 0.0, 1878.0513916015625], [0.0, 0.0, 1.0, 0.0], [0.0, 0.0, 0.0, 1.0]], "cam_ids": [0, 1, 2, 3, 4, 5], "cam_channels": ["CAM_FRONT_LEFT", "CAM_FRONT", "CAM_FRONT_RIGHT", "CAM_BACK_LEFT", "CAM_BACK", "CAM_BACK_RIGHT"], "token": "b4cd7c72c5744ad9b3b97051fdff3029", "scene": "scene-0202"}, {"images": ["samples/CAM_FRONT_LEFT/n008-2018-07-26-12-13-50-0400__CAM_FRONT_LEFT__1532621793104799.jpg", "samples/CAM_FRONT/n008-2018-07-26-12-13-50-0400__CAM_FRONT__1532621793112404.jpg", "samples/CAM_FRONT_RIGHT/n008-2018-07-26-12-13-50-0400__CAM_FRONT_RIGHT__1532621793120482.jpg", "samples/CAM_BACK_LEFT/n008-2018-07-26-12-13-50-0400__CAM_BACK_LEFT__1532621793147405.jpg", "samples/CAM_BACK/n008-2018-07-26-12-13-50-0400__CAM_BACK__1532621793137558.jpg", "samples/CAM_BACK_RIGHT/n008-2018-07-26-12-13-50-0400__CAM_BACK_RIGHT__1532621793128113.jpg"], "intrinsics": [[[1257.8625342125129, 0.0, 827.2410631095686], [0.0, 1257.8625342125129, 450.915498205774], [0.0, 0.0, 1.0]], [[1252.8131021185304, 0.0, 826.588114781398], [0.0, 1252.8131021185304, 469.9846626224581], [0.0, 0.0, 1.0]], [[1256.7485116440405, 0.0, 817.7887570959712], [0.0, 1256.7485116440403, 451.9541780095127], [0.0, 0.0, 1.0]], [[1254.9860565800168, 0.0, 829.5769333630991], [0.0, 1254.9860565800168, 467.1680561863987], [0.0, 0.0, 1.0]], [[796.8910634503094, 0.0, 857.7774326863696], [0.0, 796.8910634503094, 476.8848988407415], [0.0, 0.0, 1.0]], [[1249.9629280788233, 0.0, 825.3768045375984], [0.0, 1249.9629280788233, 462.54816385708756], [0.0, 0.0, 1.0]]], "extrinsics": [[[0.8260112404823303, -0.5634599924087524, -0.014772838912904263, -0.829345703125], [0.0053034196607768536, 0.03397718816995621, -0.9994085431098938, 1.4893455505371094], [0.5636287331581116, 0.8254443407058716, 0.031053803861141205, -1.216064453125], [0.0, 0.0, 0.0, 1.0]], [[0.015222306363284588, -0.9994419813156128, -0.029731588438153267, 0.0101318359375], [0.00725785456597805, 0.029844695702195168, -0.999528169631958, 1.4813690185546875], [0.9998578429222107, 0.014999309554696083, 0.007708108983933926, -1.5602874755859375], [0.0, 0.0, 0.0, 1.0]], [[-0.8419293761253357, -0.5390415191650391, -0.02427157573401928, 0.97784423828125], [0.015276401303708553, 0.02115173079073429, -0.999659538269043, 1.4950904846191406], [0.5393713712692261, -0.8420135378837585, -0.009573651477694511, -1.2032470703125], [0.0, 0.0, 0.0, 1.0]], [[0.9480292797088623, 0.3181787133216858, 0.0016517634503543377, -1.142578125], [-0.01040896400809288, 0.03620165213942528, -0.9992902874946594, 1.561981201171875], [-0.31801271438598633, 0.9473392367362976, 0.03763214126229286, -0.15771484375], [0.0, 0.0, 0.0, 1.0]], [[0.00796708557754755, 0.9995585680007935, 0.028620654717087746, -0.0299072265625], [-0.008198951371014118, 0.02868589758872986, -0.9995548129081726, 1.5675926208496094], [-0.9999346733093262, 0.007728859782218933, 0.008423873223364353, -0.0069580078125], [0.0, 0.0, 0.0, 1.0]], [[-0.9247980117797852, 0.38041388988494873, 0.005824713967740536, 1.06927490234375], [-0.003830794943496585, 0.005998349282890558, -0.9999746680259705, 1.5474262237548828], [-0.3804391622543335, -0.9247968792915344, -0.004089974332600832, -0.079345703125], [0.0, 0.0, 0.0, 1.0]]], "view": [[0.0, -2.0, 100.0], [-2.0, 0.0, 100.0], [0.0, 0.0, 1.0]], "bev": "bev_aba7f63e9caa4c3286ec572cb7cb2f40.png", "aux": "aux_aba7f63e9caa4c3286ec572cb7cb2f40.npz", "visibility": "visibility_aba7f63e9caa4c3286ec572cb7cb2f40.png", "pose": [[-0.2926124632358551, -0.9562311172485352, 0.0, 1698.4345703125], [0.9562311172485352, -0.2926124632358551, 0.0, 811.3278198242188], [0.0, 0.0, 1.0, 0.0], [0.0, 0.0, 0.0, 1.0]], "pose_inverse": [[-0.2926124632358551, 0.9562311172485352, 0.0, -278.833740234375], [-0.9562311172485352, -0.2926124632358551, 0.0, 1861.5006103515625], [0.0, 0.0, 1.0, 0.0], [0.0, 0.0, 0.0, 1.0]], "cam_ids": [0, 1, 2, 3, 4, 5], "cam_channels": ["CAM_FRONT_LEFT", "CAM_FRONT", "CAM_FRONT_RIGHT", "CAM_BACK_LEFT", "CAM_BACK", "CAM_BACK_RIGHT"], "token": "aba7f63e9caa4c3286ec572cb7cb2f40", "scene": "scene-0202"}, {"images": ["samples/CAM_FRONT_LEFT/n008-2018-07-26-12-13-50-0400__CAM_FRONT_LEFT__1532621793604799.jpg", "samples/CAM_FRONT/n008-2018-07-26-12-13-50-0400__CAM_FRONT__1532621793612404.jpg", "samples/CAM_FRONT_RIGHT/n008-2018-07-26-12-13-50-0400__CAM_FRONT_RIGHT__1532621793620482.jpg", "samples/CAM_BACK_LEFT/n008-2018-07-26-12-13-50-0400__CAM_BACK_LEFT__1532621793647405.jpg", "samples/CAM_BACK/n008-2018-07-26-12-13-50-0400__CAM_BACK__1532621793637558.jpg", "samples/CAM_BACK_RIGHT/n008-2018-07-26-12-13-50-0400__CAM_BACK_RIGHT__1532621793628113.jpg"], "intrinsics": [[[1257.8625342125129, 0.0, 827.2410631095686], [0.0, 1257.8625342125129, 450.915498205774], [0.0, 0.0, 1.0]], [[1252.8131021185304, 0.0, 826.588114781398], [0.0, 1252.8131021185304, 469.9846626224581], [0.0, 0.0, 1.0]], [[1256.7485116440405, 0.0, 817.7887570959712], [0.0, 1256.7485116440403, 451.9541780095127], [0.0, 0.0, 1.0]], [[1254.9860565800168, 0.0, 829.5769333630991], [0.0, 1254.9860565800168, 467.1680561863987], [0.0, 0.0, 1.0]], [[796.8910634503094, 0.0, 857.7774326863696], [0.0, 796.8910634503094, 476.8848988407415], [0.0, 0.0, 1.0]], [[1249.9629280788233, 0.0, 825.3768045375984], [0.0, 1249.9629280788233, 462.54816385708756], [0.0, 0.0, 1.0]]], "extrinsics": [[[0.825705349445343, -0.5637868046760559, -0.018848292529582977, -0.8226318359375], [0.0009373827488161623, 0.034784216433763504, -0.999394416809082, 1.4885368347167969], [0.564100980758667, 0.825187623500824, 0.029249992221593857, -1.2073974609375], [0.0, 0.0, 0.0, 1.0]], [[0.014742592349648476, -0.9994150996208191, -0.030858712270855904, 0.0072021484375], [0.0027078441344201565, 0.03090186044573784, -0.9995187520980835, 1.4806785583496094], [0.9998877048492432, 0.014651915058493614, 0.0031618333887308836, -1.551971435546875], [0.0, 0.0, 0.0, 1.0]], [[-0.8421818614006042, -0.5387851595878601, -0.020988445729017258, 0.9716796875], [0.01053669024258852, 0.02247309871017933, -0.999691903591156, 1.4945564270019531], [0.5390908122062683, -0.8421435356140137, -0.013249424286186695, -1.201171875], [0.0, 0.0, 0.0, 1.0]], [[0.9480058550834656, 0.3182377815246582, -0.0031103226356208324, -1.1408233642578125], [-0.016072748228907585, 0.03811425715684891, -0.9991440773010254, 1.5619049072265625], [-0.3178469240665436, 0.94724440574646, 0.04124749079346657, -0.1591796875], [0.0, 0.0, 0.0, 1.0]], [[0.008219367824494839, 0.9995039105415344, 0.03040565550327301, -0.029541015625], [-0.013433672487735748, 0.0305143091827631, -0.9994440674781799, 1.5672988891601562], [-0.9998760223388672,