[{"images": ["samples/CAM_FRONT_LEFT/n008-2018-07-27-12-07-38-0400__CAM_FRONT_LEFT__1532708449104799.jpg", "samples/CAM_FRONT/n008-2018-07-27-12-07-38-0400__CAM_FRONT__1532708449112404.jpg", "samples/CAM_FRONT_RIGHT/n008-2018-07-27-12-07-38-0400__CAM_FRONT_RIGHT__1532708449120482.jpg", "samples/CAM_BACK_LEFT/n008-2018-07-27-12-07-38-0400__CAM_BACK_LEFT__1532708449147405.jpg", "samples/CAM_BACK/n008-2018-07-27-12-07-38-0400__CAM_BACK__1532708449137558.jpg", "samples/CAM_BACK_RIGHT/n008-2018-07-27-12-07-38-0400__CAM_BACK_RIGHT__1532708449128113.jpg"], "intrinsics": [[[1257.8625342125129, 0.0, 827.2410631095686], [0.0, 1257.8625342125129, 450.915498205774], [0.0, 0.0, 1.0]], [[1252.8131021185304, 0.0, 826.588114781398], [0.0, 1252.8131021185304, 469.9846626224581], [0.0, 0.0, 1.0]], [[1256.7485116440405, 0.0, 817.7887570959712], [0.0, 1256.7485116440403, 451.9541780095127], [0.0, 0.0, 1.0]], [[1254.9860565800168, 0.0, 829.5769333630991], [0.0, 1254.9860565800168, 467.1680561863987], [0.0, 0.0, 1.0]], [[796.8910634503094, 0.0, 857.7774326863696], [0.0, 796.8910634503094, 476.8848988407415], [0.0, 0.0, 1.0]], [[1249.9629280788233, 0.0, 825.3768045375984], [0.0, 1249.9629280788233, 462.54816385708756], [0.0, 0.0, 1.0]]], "extrinsics": [[[0.8226801753044128, -0.5683838725090027, -0.011714545078575611, -0.9111328125], [-0.005112682469189167, 0.013208095915615559, -0.9998997449874878, 1.4876976013183594], [0.5684816241264343, 0.8226575255393982, 0.007960070855915546, -1.2703857421875], [0.0, 0.0, 0.0, 1.0]], [[0.010465885512530804, -0.9999040365219116, -0.009081891737878323, 0.007568359375], [-0.0031592759769409895, 0.009049278683960438, -0.999954104423523, 1.4798619747161865], [0.9999402761459351, 0.010494098998606205, -0.0030642636120319366, -1.6419677734375], [0.0, 0.0, 0.0, 1.0]], [[-0.8439589142799377, -0.5363907217979431, -0.004270749166607857, 1.0311279296875], [0.004862058907747269, 0.00031194297480396926, -0.9999880790710449, 1.4934182167053223], [0.536385715007782, -0.8439697623252869, 0.002344694687053561, -1.23858642578125], [0.0, 0.0, 0.0, 1.0]], [[0.9477860331535339, 0.31857648491859436, -0.014513774774968624, -1.144287109375], [-0.020430199801921844, 0.015237778425216675, -0.9996751546859741, 1.5620536804199219], [-0.3182518780231476, 0.9477747082710266, 0.020950736477971077, -0.155914306640625], [0.0, 0.0, 0.0, 1.0]], [[0.0092367148026824, 0.9999280571937561, 0.0076532866805791855, -0.02899169921875], [-0.01835353672504425, 0.007821851409971714, -0.9998009204864502, 1.5675907135009766], [-0.9997889399528503, 0.00909436121582985, 0.018424464389681816, 0.018798828125], [0.0, 0.0, 0.0, 1.0]], [[-0.9237754940986633, 0.3828624188899994, 0.007438106462359428, 1.113525390625], [-0.01418807078152895, -0.014809627085924149, -0.9997896552085876, 1.5471038818359375], [-0.3826717138290405, -0.9236866235733032, 0.019112849608063698, -0.06243896484375], [0.0, 0.0, 0.0, 1.0]]], "view": [[0.0, -2.0, 100.0], [-2.0, 0.0, 100.0], [0.0, 0.0, 1.0]], "bev": "bev_8b9f3b0a8c234f0e8a45dea4383968dc.png", "aux": "aux_8b9f3b0a8c234f0e8a45dea4383968dc.npz", "visibility": "visibility_8b9f3b0a8c234f0e8a45dea4383968dc.png", "pose": [[0.43678000569343567, -0.8995683789253235, 0.0, 426.9932556152344], [0.8995683789253235, 0.43678000569343567, 0.0, 1663.6287841796875], [0.0, 0.0, 1.0, 0.0], [0.0, 0.0, 0.0, 1.0]], "pose_inverse": [[0.43678000569343567, 0.8995683789253235, 0.0, -1683.0499267578125], [-0.8995683789253235, 0.43678000569343567, 0.0, -342.5301513671875], [0.0, 0.0, 1.0, 0.0], [0.0, 0.0, 0.0, 1.0]], "cam_ids": [0, 1, 2, 3, 4, 5], "cam_channels": ["CAM_FRONT_LEFT", "CAM_FRONT", "CAM_FRONT_RIGHT", "CAM_BACK_LEFT", "CAM_BACK", "CAM_BACK_RIGHT"], "token": "8b9f3b0a8c234f0e8a45dea4383968dc", "scene": "scene-0235"}, {"images": ["samples/CAM_FRONT_LEFT/n008-2018-07-27-12-07-38-0400__CAM_FRONT_LEFT__1532708449604799.jpg", "samples/CAM_FRONT/n008-2018-07-27-12-07-38-0400__CAM_FRONT__1532708449612404.jpg", "samples/CAM_FRONT_RIGHT/n008-2018-07-27-12-07-38-0400__CAM_FRONT_RIGHT__1532708449620488.jpg", "samples/CAM_BACK_LEFT/n008-2018-07-27-12-07-38-0400__CAM_BACK_LEFT__1532708449647405.jpg", "samples/CAM_BACK/n008-2018-07-27-12-07-38-0400__CAM_BACK__1532708449637558.jpg", "samples/CAM_BACK_RIGHT/n008-2018-07-27-12-07-38-0400__CAM_BACK_RIGHT__1532708449628113.jpg"], "intrinsics": [[[1257.8625342125129, 0.0, 827.2410631095686], [0.0, 1257.8625342125129, 450.915498205774], [0.0, 0.0, 1.0]], [[1252.8131021185304, 0.0, 826.588114781398], [0.0, 1252.8131021185304, 469.9846626224581], [0.0, 0.0, 1.0]], [[1256.7485116440405, 0.0, 817.7887570959712], [0.0, 1256.7485116440403, 451.9541780095127], [0.0, 0.0, 1.0]], [[1254.9860565800168, 0.0, 829.5769333630991], [0.0, 1254.9860565800168, 467.1680561863987], [0.0, 0.0, 1.0]], [[796.8910634503094, 0.0, 857.7774326863696], [0.0, 796.8910634503094, 476.8848988407415], [0.0, 0.0, 1.0]], [[1249.9629280788233, 0.0, 825.3768045375984], [0.0, 1249.9629280788233, 462.54816385708756], [0.0, 0.0, 1.0]]], "extrinsics": [[[0.8227093815803528, -0.5683367252349854, -0.01194576546549797, -0.9140625], [-0.004437102936208248, 0.014593337662518024, -0.9998836517333984, 1.4877982139587402], [0.5684449076652527, 0.8226666450500488, 0.00948430597782135, -1.2711181640625], [0.0, 0.0, 0.0, 1.0]], [[0.010499143041670322, -0.9998899102210999, -0.010487192310392857, 0.00677490234375], [-0.002427502069622278, 0.010462252423167229, -0.9999423027038574, 1.4799389839172363], [0.999941885471344, 0.010523965582251549, -0.0023173890076577663, -1.6439208984375], [0.0, 0.0, 0.0, 1.0]], [[-0.8439458012580872, -0.5363980531692505, -0.005712403450161219, 1.0313720703125], [0.00565351452678442, 0.0017543755238875747, -0.999982476234436, 1.4934720993041992], [0.536398708820343, -0.8439633250236511, 0.0015519359149038792, -1.239501953125], [0.0, 0.0, 0.0, 1.0]], [[0.9477998614311218, 0.31859391927719116, -0.01317010447382927, -1.1435546875], [-0.01953437551856041, 0.01678922027349472, -0.9996681809425354, 1.5620365142822266], [-0.3182671368122101, 0.9477425813674927, 0.022136351093649864, -0.15618896484375], [0.0, 0.0, 0.0, 1.0]], [[0.009228136390447617, 0.999915599822998, 0.009144357405602932, -0.028656005859375], [-0.017488308250904083, 0.009304732084274292, -0.9998037815093994, 1.5676021575927734], [-0.9998044371604919, 0.009066415950655937, 0.01757270097732544, 0.018310546875], [0.0, 0.0, 0.0, 1.0]], [[-0.9237848520278931, 0.38284358382225037, 0.007221789099276066, 1.1136474609375], [-0.013348788022994995, -0.013349859975278378, -0.9998217821121216, 1.5471363067626953], [-0.3826788663864136, -0.92371666431427, 0.017442896962165833, -0.0628662109375], [0.0, 0.0, 0.0, 1.0]]], "view": [[0.0, -2.0, 100.0], [-2.0, 0.0, 100.0], [0.0, 0.0, 1.0]], "bev": "bev_63a9bc6a59e34631afeeb87415582ab9.png", "aux": "aux_63a9bc6a59e34631afeeb87415582ab9.npz", "visibility": "visibility_63a9bc6a59e34631afeeb87415582ab9.png", "pose": [[0.44379445910453796, -0.8961285948753357, 0.0, 427.55059814453125], [0.8961285948753357, 0.44379445910453796, 0.0, 1664.74951171875], [0.0, 0.0, 1.0, 0.0], [0.0, 0.0, 0.0, 1.0]], "pose_inverse": [[0.44379445910453796, 0.8961285948753357, 0.0, -1681.57421875], [-0.8961285948753357, 0.44379445910453796, 0.0, -355.6662902832031], [0.0, 0.0, 1.0, 0.0], [0.0, 0.0, 0.0, 1.0]], "cam_ids": [0, 1, 2, 3, 4, 5], "cam_channels": ["CAM_FRONT_LEFT", "CAM_FRONT", "CAM_FRONT_RIGHT", "CAM_BACK_LEFT", "CAM_BACK", "CAM_BACK_RIGHT"], "token": "63a9bc6a59e34631afeeb87415582ab9", "scene": "scene-0235"}, {"images": ["samples/CAM_FRONT_LEFT/n008-2018-07-27-12-07-38-0400__CAM_FRONT_LEFT__1532708450104799.jpg", "samples/CAM_FRONT/n008-2018-07-27-12-07-38-0400__CAM_FRONT__1532708450112404.jpg", "samples/CAM_FRONT_RIGHT/n008-2018-07-27-12-07-38-0400__CAM_FRONT_RIGHT__1532708450120482.jpg", "samples/CAM_BACK_LEFT/n008-2018-07-27-12-07-38-0400__CAM_BACK_LEFT__1532708450147405.jpg", "samples/CAM_BACK/n008-2018-07-27-12-07-38-0400__CAM_BACK__1532708450137558.jpg", "samples/CAM_BACK_RIGHT/n008-2018-07-27-12-07-38-0400__CAM_BACK_RIGHT__1532708450128113.jpg"], "intrinsics": [[[1257.8625342125129, 0.0, 827.2410631095686], [0.0, 1257.8625342125129, 450.915498205774], [0.0, 0.0, 1.0]], [[1252.8131021185304, 0.0, 826.588114781398], [0.0, 1252.8131021185304, 469.9846626224581], [0.0, 0.0, 1.0]], [[1256.7485116440405, 0.0, 817.7887570959712], [0.0, 1256.7485116440403, 451.9541780095127], [0.0, 0.0, 1.0]], [[1254.9860565800168, 0.0, 829.5769333630991], [0.0, 1254.9860565800168, 467.1680561863987], [0.0, 0.0, 1.0]], [[796.8910634503094, 0.0, 857.7774326863696], [0.0, 796.8910634503094, 476.8848988407415], [0.0, 0.0, 1.0]], [[1249.9629280788233, 0.0, 825.3768045375984], [0.0, 1249.9629280788233, 462.54816385708756], [0.0, 0.0, 1.0]]], "extrinsics": [[[0.8226851224899292, -0.5683727860450745, -0.011901648715138435, -0.9158935546875], [-0.0038500751834362745, 0.015364487655460835, -0.9998745322227478, 1.4878660440444946], [0.568484365940094, 0.8226277828216553, 0.010451856069266796, -1.272705078125], [0.0, 0.0, 0.0, 1.0]], [[0.010439933277666569, -0.9998818635940552, -0.011284626089036465, 0.00714111328125], [-0.0018704002723097801, 0.011265695095062256, -0.9999348521232605, 1.4799901247024536], [0.999943733215332, 0.010460345074534416, -0.0017525659641250968, -1.646240234375], [0.0, 0.0, 0.0, 1.0]], [[-0.843981921672821, -0.536331057548523, -0.0066045355051755905, 1.033447265625], [0.006178343668580055, 0.0025916392914950848, -0.9999775290489197, 1.4934911727905273], [0.5363360643386841, -0.8440037369728088, 0.0011263403575867414, -1.24041748046875], [0.0, 0.0, 0.0, 1.0]], [[0.9478064775466919, 0.3186032176017761, -0.01244279369711876, -1.1427001953125], [-0.019118931144475937, 0.01783568039536476, -0.9996581077575684, 1.5620155334472656], [-0.3182724416255951, 0.9477203488349915, 0.02299612946808338, -0.1565704345703125], [0.0, 0.0, 0.0, 1.0]], [[0.009263819083571434, 0.9999058246612549, 0.010128933936357498, -0.02899169921875], [-0.0170399509370327, 0.010285751894116402, -0.9998018741607666, 1.5676212310791016], [-0.9998119473457336, 0.009089372120797634, 0.01713363081216812, 0.0186767578125], [0.0, 0.0, 0.0, 1.0]], [[-0.9237604141235352, 0.3829050064086914, 0.007100306451320648, 1.115234375], [-0.01284937933087349, -0.012458913959562778, -0.9998397827148438, 1.5471916198730469], [-0.38275521993637085, -0.923703670501709, 0.016429143026471138, -0.0618896484375], [0.0, 0.0, 0.0, 1.0]]], "view": [[0.0, -2.0, 100.0], [-2.0, 0.0, 100.0], [0.0, 0.0, 1.0]], "bev": "bev_80153dcc28ab44e587126ebe6ce760bf.png", "aux": "aux_80153dcc28ab44e587126ebe6ce760bf.npz", "visibility": "visibility_80153dcc28ab44e587126ebe6ce760bf.png", "pose": [[0.4483407437801361, -0.8938627243041992, 0.0, 428.1247863769531], [0.8938627243041992, 0.4483407437801361, 0.0, 1665.880615234375], [0.0, 0.0, 1.0, 0.0], [0.0, 0.0, 0.0, 1.0]], "pose_inverse": [[0.4483407437801361, 0.8938627243041992, 0.0, -1681.014404296875], [-0.8938627243041992, 0.4483407437801361, 0.0, -364.1973571777344], [0.0, 0.0, 1.0, 0.0], [0.0, 0.0, 0.0, 1.0]], "cam_ids": [0, 1, 2, 3, 4, 5], "cam_channels": ["CAM_FRONT_LEFT", "CAM_FRONT", "CAM_FRONT_RIGHT", "CAM_BACK_LEFT", "CAM_BACK", "CAM_BACK_RIGHT"], "token": "80153dcc28ab44e587126ebe6ce760bf", "scene": "scene-0235"}, {"images": ["samples/CAM_FRONT_LEFT/n008-2018-07-27-12-07-38-0400__CAM_FRONT_LEFT__1532708450754799.jpg", "samples/CAM_FRONT/n008-2018-07-27-12-07-38-0400__CAM_FRONT__1532708450762404.jpg", "samples/CAM_FRONT_RIGHT/n008-2018-07-27-12-07-38-0400__CAM_FRONT_RIGHT__1532708450770482.jpg", "samples/CAM_BACK_LEFT/n008-2018-07-27-12-07-38-0400__CAM_BACK_LEFT__1532708450797405.jpg", "samples/CAM_BACK/n008-2018-07-27-12-07-38-0400__CAM_BACK__1532708450787558.jpg", "samples/CAM_BACK_RIGHT/n008-2018-07-27-12-07-38-0400__CAM_BACK_RIGHT__1532708450778113.jpg"], "intrinsics": [[[1257.8625342125129, 0.0, 827.2410631095686], [0.0, 1257.8625342125129, 450.915498205774], [0.0, 0.0, 1.0]], [[1252.8131021185304, 0.0, 826.588114781398], [0.0, 1252.8131021185304, 469.9846626224581], [0.0, 0.0, 1.0]], [[1256.7485116440405, 0.0, 817.7887570959712], [0.0, 1256.7485116440403, 451.9541780095127], [0.0, 0.0, 1.0]], [[1254.9860565800168, 0.0, 829.5769333630991], [0.0, 1254.9860565800168, 467.1680561863987], [0.0, 0.0, 1.0]], [[796.8910634503094, 0.0, 857.7774326863696], [0.0, 796.8910634503094, 476.8848988407415], [0.0, 0.0, 1.0]], [[1249.9629280788233, 0.0, 825.3768045375984], [0.0, 1249.9629280788233, 462.54816385708756], [0.0, 0.0, 1.0]]], "extrinsics": [[[0.8227420449256897, -0.5682892203330994, -0.011955679394304752, -0.9166259765625], [-0.004515053238719702, 0.014498915523290634, -0.9998846650123596, 1.487802267074585], [0.5683969855308533, 0.8227011561393738, 0.00936301052570343, -1.2734375], [0.0, 0.0, 0.0, 1.0]], [[0.010552280582487583, -0.9998913407325745, -0.010288620367646217, 0.006988525390625], [-0.0025813754182308912, 0.010261919349431992, -0.9999440312385559, 1.4799301624298096], [0.9999409914016724, 0.01057824119925499, -0.0024728078860789537, -1.646484375], [0.0, 0.0, 0.0, 1.0]], [[-0.8439224362373352, -0.5364384055137634, -0.00536576472222805, 1.033203125], [0.005433211103081703, 0.0014549156185239553, -0.9999841451644897, 1.4934453964233398], [0.5364376306533813, -0.8439382314682007, 0.0016867463709786534, -1.240478515625], [0.0, 0.0, 0.0, 1.0]], [[0.9477688074111938, 0.318665474653244, -0.013660820201039314, -1.138427734375], [-0.019933292642235756, 0.01643068715929985, -0.9996662735939026, 1.561929702758789], [-0.3183346688747406, 0.9477247595787048, 0.021924544125795364, -0.158050537109375], [0.0, 0.0, 0.0, 1.0]], [[0.009203708730638027, 0.9999191164970398, 0.00878345500677824, -0.02886962890625], [-0.01781405135989189, 0.008946389891207218, -0.9998012185096741, 1.5675888061523438], [-0.9997989535331726, 0.009045373648405075, 0.01789494976401329, 0.017578125], [0.0, 0.0, 0.0, 1.0]], [[-0.9237951040267944, 0.38281676173210144, 0.00734019884839654, 1.1148681640625], [-0.013616865500807762, -0.013688960112631321, -0.9998136162757874, 1.5471439361572266], [-0.3826448917388916, -0.9237228631973267, 0.017858561128377914, -0.062255859375], [0.0, 0.0, 0.0, 1.0]]], "view": [[0.0, -2.0, 100.0], [-2.0, 0.0, 100.0], [0.0, 0.0, 1.0]], "bev": "bev_16fff7d8efed4db8a33a7ff66c04e7fd.png", "aux": "aux_16fff7d8efed4db8a33a7ff66c04e7fd.npz", "visibility": "visibility_16fff7d8efed4db8a33a7ff66c04e7fd.png", "pose": [[0.4526396095752716, -0.8916935324668884, 0.0, 428.87451171875], [0.8916935324668884, 0.4526396095752716, 0.0, 1667.3406982421875], [0.0, 0.0, 1.0, 0.0], [0.0, 0.0, 0.0, 1.0]], "pose_inverse": [[0.4526396095752716, 0.8916935324668884, 0.0, -1680.882568359375], [-0.8916935324668884, 0.4526396095752716, 0.0, -372.2798156738281], [0.0, 0.0, 1.0, 0.0], [0.0, 0.0, 0.0, 1.0]], "cam_ids": [0, 1, 2, 3, 4, 5], "cam_channels": ["CAM_FRONT_LEFT", "CAM_FRONT", "CAM_FRONT_RIGHT", "CAM_BACK_LEFT", "CAM_BACK", "CAM_BACK_RIGHT"], "token": "16fff7d8efed4db8a33a7ff66c04e7fd", "scene": "scene-0235"}, {"images": ["samples/CAM_FRONT_LEFT/n008-2018-07-27-12-07-38-0400__CAM_FRONT_LEFT__1532708451254799.jpg", "samples/CAM_FRONT/n008-2018-07-27-12-07-38-0400__CAM_FRONT__1532708451262404.jpg", "samples/CAM_FRONT_RIGHT/n008-2018-07-27-12-07-38-0400__CAM_FRONT_RIGHT__1532708451270482.jpg", "samples/CAM_BACK_LEFT/n008-2018-07-27-12-07-38-0400__CAM_BACK_LEFT__1532708451297405.jpg", "samples/CAM_BACK/n008-2018-07-27-12-07-38-0400__CAM_BACK__1532708451287558.jpg", "samples/CAM_BACK_RIGHT/n008-2018-07-27-12-07-38-0400__CAM_BACK_RIGHT__1532708451278113.jpg"], "intrinsics": [[[1257.8625342125129, 0.0, 827.2410631095686], [0.0, 1257.8625342125129, 450.915498205774], [0.0, 0.0, 1.0]], [[1252.8131021185304, 0.0, 826.588114781398], [0.0, 1252.8131021185304, 469.9846626224581], [0.0, 0.0, 1.0]], [[1256.7485116440405, 0.0, 817.7887570959712], [0.0, 1256.7485116440403, 451.9541780095127], [0.0, 0.0, 1.0]], [[1254.9860565800168, 0.0, 829.5769333630991], [0.0, 1254.9860565800168, 467.1680561863987], [0.0, 0.0, 1.0]], [[796.8910634503094, 0.0, 857.7774326863696], [0.0, 796.8910634503094, 476.8848988407415], [0.0, 0.0, 1.0]], [[1249.9629280788233, 0.0, 825.3768045375984], [0.0, 1249.9629280788233, 462.54816385708756], [0.0, 0.0, 1.0]]], "extrinsics": [[[0.8221436142921448, -0.5691418647766113, -0.012544822879135609, -0.911865234375], [-0.00863322801887989, 0.009568838402628899, -0.9999169707298279, 1.4873132705688477], [0.5692146420478821, 0.8221836686134338, 0.0029534264467656612, -1.2701416015625], [0.0, 0.0, 0.0, 1.0]], [[0.009710608050227165, -0.99993896484375, -0.005265696439892054, 0.007080078125], [-0.006831891369074583, 0.005199478007853031, -0.9999631643295288, 1.4795093536376953], [0.9999294877052307, 0.009746210649609566, -0.006780983880162239, -1.6396484375], [0.0, 0.0, 0.0, 1.0]], [[-0.8442736268043518, -0.5359111428260803, 0.0011497833766043186, 1.0262451171875], [0.0010332687525078654, -0.0037732652854174376, -0.999992311000824, 1.4931519031524658], [0.5359114408493042, -0.8442659974098206, 0.003739407518878579, -1.23577880859375], [0.0, 0.0, 0.0, 1.0]], [[0.9477315545082092, 0.31842607259750366, -0.020241670310497284, -1.1287841796875], [-0.024823907762765884, 0.010338503867387772, -0.9996383786201477, 1.5616416931152344], [-0.3181016743183136, 0.9478912949562073, 0.017702704295516014, -0.1613311767578125], [0.0, 0.0, 0.0, 1.0]], [[0.009493612684309483, 0.9999504685401917, 0.0029983455315232277, -0.028900146484375], [-0.022546052932739258, 0.003211769973859191, -0.9997406005859375, 1.5672111511230469], [-0.9997008442878723, 0.009423560462892056, 0.02257542684674263, 0.006591796875], [0.0, 0.0, 0.0, 1.0]], [[-0.923578679561615, 0.3832923471927643, 0.009456400759518147, 1.105712890625], [-0.018176982179284096, -0.0191362127661705, -0.9996516108512878, 1.5467491149902344], [-0.3829779028892517, -0.9234288334846497, 0.024640893563628197, -0.06597900390625], [0.0, 0.0, 0.0, 1.0]]], "view": [[0.0, -2.0, 100.0], [-2.0, 0.0, 100.0], [0.0, 0.0, 1.0]], "bev": "bev_98829045b1524f399962fe3bb5ab53dd.png", "aux": "aux_98829045b1524f399962fe3bb5ab53dd.npz", "visibility": "visibility_98829045b1524f399962fe3bb5ab53dd.png", "pose": [[0.4534742832183838, -0.8912693858146667, 0.0, 429.4203796386719], [0.8912693858146667, 0.4534742832183838, 0.0, 1668.39453125], [0.0, 0.0, 1.0, 0.0], [0.0, 0.0, 0.0, 1.0]], "pose_inverse": [[0.4534742832183838, 0.8912693858146667, 0.0, -1681.719970703125], [-0.8912693858146667, 0.4534742832183838, 0.0, -373.84478759765625], [0.0, 0.0, 1.0, 0.0], [0.0, 0.0, 0.0, 1.0]], "cam_ids": [0, 1, 2, 3, 4, 5], "cam_channels": ["CAM_FRONT_LEFT", "CAM_FRONT", "CAM_FRONT_RIGHT", "CAM_BACK_LEFT", "CAM_BACK", "CAM_BACK_RIGHT"], "token": "98829045b1524f399962fe3bb5ab53dd", "scene": "scene-0235"}, {"images": ["samples/CAM_FRONT_LEFT/n008-2018-07-27-12-07-38-0400__CAM_FRONT_LEFT__1532708451754824.jpg", "samples/CAM_FRONT/n008-2018-07-27-12-07-38-0400__CAM_FRONT__1532708451762404.jpg", "samples/CAM_FRONT_RIGHT/n008-2018-07-27-12-07-38-0400__CAM_FRONT_RIGHT__1532708451770482.jpg", "samples/CAM_BACK_LEFT/n008-2018-07-27-12-07-38-0400__CAM_BACK_LEFT__1532708451797405.jpg", "samples/CAM_BACK/n008-2018-07-27-12-07-38-0400__CAM_BACK__1532708451787558.jpg", "samples/CAM_BACK_RIGHT/n008-2018-07-27-12-07-38-0400__CAM_BACK_RIGHT__1532708451778116.jpg"], "intrinsics": [[[1257.8625342125129, 0.0, 827.2410631095686], [0.0, 1257.8625342125129, 450.915498205774], [0.0, 0.0, 1.0]], [[1252.8131021185304, 0.0, 826.588114781398], [0.0, 1252.8131021185304, 469.9846626224581], [0.0, 0.0, 1.0]], [[1256.7485116440405, 0.0, 817.7887570959712], [0.0, 1256.7485116440403, 451.9541780095127], [0.0, 0.0, 1.0]], [[1254.9860565800168, 0.0, 829.5769333630991], [0.0, 1254.9860565800168, 467.1680561863987], [0.0, 0.0, 1.0]], [[796.8910634503094, 0.0, 857.7774326863696], [0.0, 796.8910634503094, 476.8848988407415], [0.0, 0.0, 1.0]], [[1249.9629280788233, 0.0, 825.3768045375984], [0.0, 1249.9629280788233, 462.54816385708756], [0.0, 0.0, 1.0]]], "extrinsics": [[[0.8226399421691895, -0.5684391856193542, -0.011852817609906197, -0.9178466796875], [-0.0029943003319203854, 0.016515253111720085, -0.9998591542243958, 1.4879707098007202], [0.5685548782348633, 0.8225595355033875, 0.011884029023349285, -1.2738037109375], [0.0, 0.0, 0.0, 1.0]], [[0.0103892358019948, -0.9998696446418762, -0.012355895712971687, 0.00665283203125], [-0.0009020969737321138, 0.012347185052931309, -0.9999233484268188, 1.4800821542739868], [0.9999456405639648, 0.010399586521089077, -0.0007737003616057336, -1.6474609375], [0.0, 0.0, 0.0, 1.0]], [[-0.843988299369812, -0.5363031625747681, -0.00791659764945507, 1.0333251953125], [0.007260266691446304, 0.003335359739139676, -0.9999680519104004, 1.4935646057128906], [0.536312460899353, -0.8440189957618713, 0.001078698318451643, -1.24078369140625], [0.0, 0.0, 0.0, 1.0]], [[0.9477985501289368, 0.3186791241168976, -0.011031392961740494, -1.140625], [-0.017821773886680603, 0.018399938941001892, -0.9996718168258667, 1.5619869232177734], [-0.31837159395217896, 0.9476840496063232, 0.02311886101961136, -0.156982421875], [0.0, 0.0, 0.0, 1.0]], [[0.009239450097084045, 0.9999010562896729, 0.010610016994178295, -0.028778076171875], [-0.01576385647058487, 0.010754799470305443, -0.9998179078102112, 1.5676326751708984], [-0.9998331069946289, 0.00907053891569376, 0.015861665830016136, 0.0172119140625], [0.0, 0.0, 0.0, 1.0]], [[-0.9237664937973022, 0.38290300965309143, 0.006383153609931469, 1.1146240234375], [-0.0116749731823802, -0.011498088017106056, -0.999865710735321, 1.5472354888916016], [-0.38277822732925415, -0.9237170219421387, 0.015091930516064167, -0.0626220703125], [0.0, 0.0, 0.0, 1.0]]], "view": [[0.0, -2.0, 100.0], [-2.0, 0.0, 100.0], [0.0, 0.0, 1.0]], "bev": "bev_e19a674b6355469abf6e9f99b7c6a467.png", "aux": "aux_e19a674b6355469abf6e9f99b7c6a467.npz", "visibility": "visibility_e19a674b6355469abf6e9f99b7c6a467.png", "pose": [[0.4527238607406616, -0.8916507959365845, 0.0, 429.93658447265625], [0.8916507959365845, 0.4527238607406616, 0.0, 1669.39892578125], [0.0, 0.0, 1.0, 0.0], [0.0, 0.0, 0.0, 1.0]], "pose_inverse": [[0.4527238607406616, 0.8916507959365845, 0.0, -1683.1634521484375], [-0.8916507959365845, 0.4527238607406616, 0.0, -372.4234313964844], [0.0, 0.0, 1.0, 0.0], [0.0, 0.0, 0.0, 1.0]], "cam_ids": [0, 1, 2, 3, 4, 5], "cam_channels": ["CAM_FRONT_LEFT", "CAM_FRONT", "CAM_FRONT_RIGHT", "CAM_BACK_LEFT", "CAM_BACK", "CAM_BACK_RIGHT"], "token": "e19a674b6355469abf6e9f99b7c6a467", "scene": "scene-0235"}, {"images": ["samples/CAM_FRONT_LEFT/n008-2018-07-27-12-07-38-0400__CAM_FRONT_LEFT__1532708452254799.jpg", "samples/CAM_FRONT/n008-2018-07-27-12-07-38-0400__CAM_FRONT__1532708452262404.jpg", "samples/CAM_FRONT_RIGHT/n008-2018-07-27-12-07-38-0400__CAM_FRONT_RIGHT__1532708452270482.jpg", "samples/CAM_BACK_LEFT/n008-2018-07-27-12-07-38-0400__CAM_BACK_LEFT__1532708452297405.jpg", "samples/CAM_BACK/n008-2018-07-27-12-07-38-0400__CAM_BACK__1532708452287558.jpg", "samples/CAM_BACK_RIGHT/n008-2018-07-27-12-07-38-0400__CAM_BACK_RIGHT__1532708452278113.jpg"], "intrinsics": [[[1257.8625342125129, 0.0, 827.2410631095686], [0.0, 1257.8625342125129, 450.915498205774], [0.0, 0.0, 1.0]], [[1252.8131021185304, 0.0, 826.588114781398], [0.0, 1252.8131021185304, 469.9846626224581], [0.0, 0.0, 1.0]], [[1256.7485116440405, 0.0, 817.7887570959712], [0.0, 1256.7485116440403, 451.9541780095127], [0.0, 0.0, 1.0]], [[1254.9860565800168, 0.0, 829.5769333630991], [0.0, 1254.9860565800168, 467.1680561863987], [0.0, 0.0, 1.0]], [[796.8910634503094, 0.0, 857.7774326863696], [0.0, 796.8910634503094, 476.8848988407415], [0.0, 0.0, 1.0]], [[1249.9629280788233, 0.0, 825.3768045375984], [0.0, 1249.9629280788233, 462.54816385708756], [0.0, 0.0, 1.0]]], "extrinsics": [[[0.8224050402641296, -0.5688847303390503, -0.004498819354921579, -0.9178466796875], [0.0004047339898534119, 0.008492955006659031, -0.9999638199806213, 1.4883251190185547], [0.5689024329185486, 0.8223734498023987, 0.007214894983917475, -1.274658203125], [0.0, 0.0, 0.0, 1.0]], [[0.010045984759926796, -0.9999412298202515, -0.004083629231899977, 0.0074462890625], [0.0026007741689682007, 0.004109950270503759, -0.9999881982803345, 1.4803900718688965], [0.9999461770057678, 0.010035259649157524, 0.002641908824443817, -1.6474609375], [0.0, 0.0, 0.0, 1.0]], [[-0.8441098928451538, -0.5361294150352478, -0.006608848925679922, 1.0335693359375], [0.010914693586528301, -0.004858570639044046, -0.9999285936355591, 1.4938240051269531], [0.5360590815544128, -0.8441217541694641, 0.009952856227755547, -1.2401123046875], [0.0, 0.0, 0.0, 1.0]], [[0.9478771686553955, 0.31848087906837463, -0.009932037442922592, -1.141845703125], [-0.01366522628813982, 0.009489716030657291, -0.9998615980148315, 1.5620136260986328], [-0.3183426260948181, 0.9478817582130432, 0.013347200118005276, -0.15679931640625], [0.0, 0.0, 0.0, 1.0]], [[0.00930180586874485, 0.9999544024467468, 0.002145509235560894, -0.029052734375], [-0.011839033104479313, 0.0022555815521627665, -0.9999273419380188, 1.5677299499511719], [-0.9998866319656372, 0.009275713935494423, 0.011859476566314697, 0.0162353515625], [0.0, 0.0, 0.0, 1.0]], [[-0.9237090349197388, 0.38309431076049805, -0.0004056488396599889, 1.1138916015625], [-0.007921298034489155, -0.02015829272568226, -0.9997653961181641, 1.54742431640625], [-0.3830126225948334, -0.9234892129898071, 0.02165500447154045, -0.06243896484375], [0.0, 0.0, 0.0, 1.0]]], "view": [[0.0, -2.0, 100.0], [-2.0, 0.0, 100.0], [0.0, 0.0, 1.0]], "bev": "bev_08d2c9515d1043649a423b206e20baf1.png", "aux": "aux_08d2c9515d1043649a423b206e20baf1.npz", "visibility": "visibility_08d2c9515d1043649a423b206e20baf1.png", "pose": [[0.45141342282295227, -0.8923149108886719, 0.0, 430.4755859375], [0.8923149108886719, 0.45141342282295227, 0.0, 1670.43701171875], [0.0, 0.0, 1.0, 0.0], [0.0, 0.0, 0.0, 1.0]], "pose_inverse": [[0.45141342282295227, 0.8923149108886719, 0.0, -1684.8782958984375], [-0.8923149108886719, 0.45141342282295227, 0.0, -369.9378967285156], [0.0, 0.0, 1.0, 0.0], [0.0, 0.0, 0.0, 1.0]], "cam_ids": [0, 1, 2, 3, 4, 5], "cam_channels": ["CAM_FRONT_LEFT", "CAM_FRONT", "CAM_FRONT_RIGHT", "CAM_BACK_LEFT", "CAM_BACK", "CAM_BACK_RIGHT"], "token": "08d2c9515d1043649a423b206e20baf1", "scene": "scene-0235"}, {"images": ["samples/CAM_FRONT_LEFT/n008-2018-07-27-12-07-38-0400__CAM_FRONT_LEFT__1532708452754799.jpg", "samples/CAM_FRONT/n008-2018-07-27-12-07-38-0400__CAM_FRONT__1532708452762404.jpg", "samples/CAM_FRONT_RIGHT/n008-2018-07-27-12-07-38-0400__CAM_FRONT_RIGHT__1532708452770482.jpg", "samples/CAM_BACK_LEFT/n008-2018-07-27-12-07-38-0400__CAM_BACK_LEFT__1532708452797405.jpg", "samples/CAM_BACK/n008-2018-07-27-12-07-38-0400__CAM_BACK__1532708452787558.jpg", "samples/CAM_BACK_RIGHT/n008-2018-07-27-12-07-38-0400__CAM_BACK_RIGHT__1532708452778113.jpg"], "intrinsics": [[[1257.8625342125129, 0.0, 827.2410631095686], [0.0, 1257.8625342125129, 450.915498205774], [0.0, 0.0, 1.0]], [[1252.8131021185304, 0.0, 826.588114781398], [0.0, 1252.8131021185304, 469.9846626224581], [0.0, 0.0, 1.0]], [[1256.7485116440405, 0.0, 817.7887570959712], [0.0, 1256.7485116440403, 451.9541780095127], [0.0, 0.0, 1.0]], [[1254.9860565800168, 0.0, 829.5769333630991], [0.0, 1254.9860565800168, 467.1680561863987], [0.0, 0.0, 1.0]], [[796.8910634503094, 0.0, 857.7774326863696], [0.0, 796.8910634503094, 476.8848988407415], [0.0, 0.0, 1.0]], [[1249.9629280788233, 0.0, 825.3768045375984], [0.0, 1249.9629280788233, 462.54816385708756], [0.0, 0.0, 1.0]]], "extrinsics": [[[0.8221997022628784, -0.5691955089569092, -0.002049167174845934, -0.9234619140625], [0.0023850768338888884, 0.007045240607112646, -0.9999723434448242, 1.4885239601135254], [0.5691942572593689, 0.8221719861030579, 0.007150166667997837, -1.2783203125], [0.0, 0.0, 0.0, 1.0]], [[0.009745738469064236, -0.9999475479125977, -0.00315505126491189, 0.006927490234375], [0.004116365220397711, 0.003195293713361025, -0.999986469745636, 1.4804973602294922], [0.9999440908432007, 0.009732626378536224, 0.004147289786487818, -1.653076171875], [0.0, 0.0, 0.0, 1.0]], [[-0.8442304134368896, -0.5359309911727905, -0.007286735810339451, 1.0374755859375], [0.01192918885499239, -0.005196312442421913, -0.999915361404419, 1.4938316345214844], [0.5358477830886841, -0.8442459106445312, 0.01078010629862547, -1.2430419921875], [0.0, 0.0, 0.0, 1.0]], [[0.9478216171264648, 0.31864768266677856, -0.009894602000713348, -1.141845703125], [-0.01414270605891943, 0.011020795442163944, -0.9998392462730408, 1.5620136260986328], [-0.31848740577697754, 0.9478091597557068, 0.014952286146581173, -0.1568145751953125], [0.0, 0.0, 0.0, 1.0]], [[0.009381815791130066, 0.9999515414237976, 0.0030057334806770086, -0.028839111328125], [-0.011791997589170933, 0.0031162926461547613, -0.9999256134033203, 1.5677623748779297], [-0.9998864531517029, 0.009345652535557747, 0.011820660904049873, 0.01904296875], [0.0, 0.0, 0.0, 1.0]], [[-0.9236410856246948, 0.38325756788253784, -0.000875536585226655, 1.11767578125], [-0.0073334393091499805, -0.019957346841692924, -0.9997739791870117, 1.5474796295166016], [-0.383188396692276, -0.9234258532524109, 0.021244021132588387, -0.06109619140625], [0.0, 0.0, 0.0, 1.0]]], "view": [[0.0, -2.0, 100.0], [-2.0, 0.0, 100.0], [0.0, 0.0, 1.0]], "bev": "bev_63259d97c0cf4d0ca3ee41e6b7f24965.png", "aux": "aux_63259d97c0cf4d0ca3ee41e6b7f24965.npz", "visibility": "visibility_63259d97c0cf4d0ca3ee41e6b7f24965.png", "pose": [[0.4490387439727783, -0.8935123085975647, 0.0, 431.0231018066406], [0.8935123085975647, 0.4490387439727783, 0.0, 1671.4974365234375], [0.0, 0.0, 1.0, 0.0], [0.0, 0.0, 0.0, 1.0]], "pose_inverse": [[0.4490387439727783, 0.8935123085975647, 0.0, -1687.049560546875], [-0.8935123085975647, 0.4490387439727783, 0.0, -365.4426574707031], [0.0, 0.0, 1.0, 0.0], [0.0, 0.0, 0.0, 1.0]], "cam_ids": [0, 1, 2, 3, 4, 5], "cam_channels": ["CAM_FRONT_LEFT", "CAM_FRONT", "CAM_FRONT_RIGHT", "CAM_BACK_LEFT", "CAM_BACK", "CAM_BACK_RIGHT"], "token": "63259d97c0cf4d0ca3ee41e6b7f24965", "scene": "scene-0235"}, {"images": ["samples/CAM_FRONT_LEFT/n008-2018-07-27-12-07-38-0400__CAM_FRONT_LEFT__1532708453254799.jpg", "samples/CAM_FRONT/n008-2018-07-27-12-07-38-0400__CAM_FRONT__1532708453262404.jpg", "samples/CAM_FRONT_RIGHT/n008-2018-07-27-12-07-38-0400__CAM_FRONT_RIGHT__1532708453270482.jpg", "samples/CAM_BACK_LEFT/n008-2018-07-27-12-07-38-0400__CAM_BACK_LEFT__1532708453297405.jpg", "samples/CAM_BACK/n008-2018-07-27-12-07-38-0400__CAM_BACK__1532708453287558.jpg", "samples/CAM_BACK_RIGHT/n008-2018-07-27-12-07-38-0400__CAM_BACK_RIGHT__1532708453278113.jpg"], "intrinsics": [[[1257.8625342125129, 0.0, 827.2410631095686], [0.0, 1257.8625342125129, 450.915498205774], [0.0, 0.0, 1.0]], [[1252.8131021185304, 0.0, 826.588114781398], [0.0, 1252.8131021185304, 469.9846626224581], [0.0, 0.0, 1.0]], [[1256.7485116440405, 0.0, 817.7887570959712], [0.0, 1256.7485116440403, 451.9541780095127], [0.0, 0.0, 1.0]], [[1254.9860565800168, 0.0, 829.5769333630991], [0.0, 1254.9860565800168, 467.1680561863987], [0.0, 0.0, 1.0]], [[796.8910634503094, 0.0, 857.7774326863696], [0.0, 796.8910634503094, 476.8848988407415], [0.0, 0.0, 1.0]], [[1249.9629280788233, 0.0, 825.3768045375984], [0.0, 1249.9629280788233, 462.54816385708756], [0.0, 0.0, 1.0]]], "extrinsics": [[[0.8225866556167603, -0.5686355233192444, -0.0022049429826438427, -0.922607421875], [0.004727947525680065, 0.010716772638261318, -0.9999313950538635, 1.4887619018554688], [0.5686202049255371, 0.8225197792053223, 0.01150395255535841, -1.2769775390625], [0.0, 0.0, 0.0, 1.0]], [[0.010310467332601547, -0.9999254941940308, -0.006519777700304985, 0.006561279296875], [0.006693500094115734, 0.00658899312838912, -0.9999558925628662, 1.4807147979736328], [0.9999244809150696, 0.010266396217048168, 0.006760938558727503, -1.652099609375], [0.0, 0.0, 0.0, 1.0]], [[-0.8439751267433167, -0.5362635850906372, -0.011285828426480293, 1.0367431640625], [0.014712107367813587, -0.0021110360976308584, -0.9998895525932312, 1.4940147399902344], [0.5361804962158203, -0.8440479636192322, 0.009671229869127274, -1.242919921875], [0.0, 0.0, 0.0, 1.0]], [[0.9478445649147034, 0.3186787962913513, -0.005875959526747465, -1.142822265625], [-0.010587351396679878, 0.01305400114506483, -0.9998587369918823, 1.5620317459106445], [-0.3185570538043976, 0.947772741317749, 0.015747128054499626, -0.1563262939453125], [0.0, 0.0, 0.0, 1.0]], [[0.009196441620588303, 0.9999428987503052, 0.005445449147373438, -0.028778076171875], [-0.008492139168083668, 0.005523583851754665, -0.9999486207962036, 1.5678520202636719], [-0.9999216794967651, 0.009149697609245777, 0.008542451076209545, 0.0198974609375], [0.0, 0.0, 0.0, 1.0]], [[-0.9237557053565979, 0.38297370076179504, -0.0025689052417874336, 1.1175537109375], [-0.004345014691352844, -0.01718716509640217, -0.9998428225517273, 1.5476140975952148], [-0.38295766711235046, -0.923599362373352, 0.017540767788887024, -0.06121826171875], [0.0, 0.0, 0.0, 1.0]]], "view": [[0.0, -2.0, 100.0], [-2.0, 0.0, 100.0], [0.0, 0.0, 1.0]], "bev": "bev_82ca223f55304cd5a825fa8bd8417b98.png", "aux": "aux_82ca223f55304cd5a825fa8bd8417b98.npz", "visibility": "visibility_82ca223f55304cd5a825fa8bd8417b98.png", "pose": [[0.44630178809165955, -0.8948825001716614, 0.0, 431.55035400390625], [0.8948825001716614, 0.44630178809165955, 0.0, 1672.5338134765625], [0.0, 0.0, 1.0, 0.0], [0.0, 0.0, 0.0, 1.0]], "pose_inverse": [[0.44630178809165955, 0.8948825001716614, 0.0, -1689.322998046875], [-0.8948825001716614, 0.44630178809165955, 0.0, -360.2679748535156], [0.0, 0.0, 1.0, 0.0], [0.0, 0.0, 0.0, 1.0]], "cam_ids": [0, 1, 2, 3, 4, 5], "cam_channels": ["CAM_FRONT_LEFT", "CAM_FRONT", "CAM_FRONT_RIGHT", "CAM_BACK_LEFT", "CAM_BACK", "CAM_BACK_RIGHT"], "token": "82ca223f55304cd5a825fa8bd8417b98", "scene": "scene-0235"}, {"images": ["samples/CAM_FRONT_LEFT/n008-2018-07-27-12-07-38-0400__CAM_FRONT_LEFT__1532708453754799.jpg", "samples/CAM_FRONT/n008-2018-07-27-12-07-38-0400__CAM_FRONT__1532708453762404.jpg", "samples/CAM_FRONT_RIGHT/n008-2018-07-27-12-07-38-0400__CAM_FRONT_RIGHT__1532708453770482.jpg", "samples/CAM_BACK_LEFT/n008-2018-07-27-12-07-38-0400__CAM_BACK_LEFT__1532708453797405.jpg", "samples/CAM_BACK/n008-2018-07-27-12-07-38-0400__CAM_BACK__1532708453787558.jpg", "samples/CAM_BACK_RIGHT/n008-2018-07-27-12-07-38-0400__CAM_BACK_RIGHT__1532708453778113.jpg"], "intrinsics": [[[1257.8625342125129, 0.0, 827.2410631095686], [0.0, 1257.8625342125129, 450.915498205774], [0.0, 0.0, 1.0]], [[1252.8131021185304, 0.0, 826.588114781398], [0.0, 1252.8131021185304, 469.9846626224581], [0.0, 0.0, 1.0]], [[1256.7485116440405, 0.0, 817.7887570959712], [0.0, 1256.7485116440403, 451.9541780095127], [0.0, 0.0, 1.0]], [[1254.9860565800168, 0.0, 829.5769333630991], [0.0, 1254.9860565800168, 467.1680561863987], [0.0, 0.0, 1.0]], [[796.8910634503094, 0.0, 857.7774326863696], [0.0, 796.8910634503094, 476.8848988407415], [0.0, 0.0, 1.0]], [[1249.9629280788233, 0.0, 825.3768045375984], [0.0, 1249.9629280788233, 462.54816385708756], [0.0, 0.0, 1.0]]], "extrinsics": [[[0.8221436142921448, -0.5692741274833679, -0.0026020794175565243, -0.8935546875], [0.0031408078502863646, 0.009106606245040894, -0.99995356798172, 1.4887008666992188], [0.569271445274353, 0.8220973610877991, 0.009274917654693127, -1.2581787109375], [0.0, 0.0, 0.0, 1.0]], [[0.009657896123826504, -0.9999412298202515, -0.004916386678814888, 0.00775146484375], [0.0049746399745345116, 0.004964600782841444, -0.9999752640724182, 1.4807090759277344], [0.9999409317970276, 0.009633183479309082, 0.005022296216338873, -1.6239013671875], [0.0, 0.0, 0.0, 1.0]], [[-0.8442621827125549, -0.5358570218086243, -0.008863428607583046, 1.0186767578125], [0.01287806872278452, -0.0037506946828216314, -0.9999099969863892, 1.494180679321289], [0.5357756018638611, -0.844300389289856, 0.010067373514175415, -1.23065185546875], [0.0, 0.0, 0.0, 1.0]], [[0.9478740096092224, 0.31853175163269043, -0.008509810082614422, -1.1451416015625], [-0.012826414778828621, 0.011456545442342758, -0.9998521208763123, 1.5620574951171875], [-0.3183871805667877, 0.9478429555892944, 0.014944982714951038, -0.1558074951171875], [0.0, 0.0, 0.0, 1.0]], [[0.00940947886556387, 0.9999484419822693, 0.003814412048086524, -0.028900146484375], [-0.010579971596598625, 0.003913923632353544, -0.9999363422393799, 1.5677165985107422], [-0.9998997449874878, 0.009368497878313065, 0.010616254061460495, 0.0118408203125], [0.0, 0.0, 0.0, 1.0]], [[-0.9236208200454712, 0.3833047151565552, -0.0014317553723230958, 1.10302734375], [-0.006257742177695036, -0.018813373520970345, -0.9998034238815308, 1.5474376678466797], [-0.38325631618499756, -0.9234302639961243, 0.019775046035647392, -0.06689453125], [0.0, 0.0, 0.0, 1.0]]], "view": [[0.0, -2.0, 100.0], [-2.0, 0.0, 100.0], [0.0, 0.0, 1.0]], "bev": "bev_94d63aa29aab442a82fca07e92e0be5f.png", "aux": "aux_94d63aa29aab442a82fca07e92e0be5f.npz", "visibility": "visibility_94d63aa29aab442a82fca07e92e0be5f.png", "pose": [[0.4410260021686554, -0.8974943161010742, 0.0, 432.18939208984375], [0.8974943161010742, 0.4410260021686554, 0.0, 1673.7996826171875], [0.0, 0.0, 1.0, 0.0], [0.0, 0.0, 0.0, 1.0]], "pose_inverse": [[0.4410260021686554, 0.8974943161010742, 0.0, -1692.83251953125], [-0.8974943161010742, 0.4410260021686554, 0.0, -350.3016357421875], [0.0, 0.0, 1.0, 0.0], [0.0, 0.0, 0.0, 1.0]], "cam_ids": [0, 1, 2, 3, 4, 5], "cam_channels": ["CAM_FRONT_LEFT", "CAM_FRONT", "CAM_FRONT_RIGHT", "CAM_BACK_LEFT", "CAM_BACK", "CAM_BACK_RIGHT"], "token": "94d63aa29aab442a82fca07e92e0be5f", "scene": "scene-0235"}, {"images": ["samples/CAM_FRONT_LEFT/n008-2018-07-27-12-07-38-0400__CAM_FRONT_LEFT__1532708454254799.jpg", "samples/CAM_FRONT/n008-2018-07-27-12-07-38-0400__CAM_FRONT__1532708454262404.jpg", "samples/CAM_FRONT_RIGHT/n008-2018-07-27-12-07-38-0400__CAM_FRONT_RIGHT__1532708454270482.jpg", "samples/CAM_BACK_LEFT/n008-2018-07-27-12-07-38-0400__CAM_BACK_LEFT__1532708454297405.jpg", "samples/CAM_BACK/n008-2018-07-27-12-07-38-0400__CAM_BACK__1532708454287568.jpg", "samples/CAM_BACK_RIGHT/n008-2018-07-27-12-07-38-0400__CAM_BACK_RIGHT__1532708454278113.jpg"], "intrinsics": [[[1257.8625342125129, 0.0, 827.2410631095686], [0.0, 1257.8625342125129, 450.915498205774], [0.0, 0.0, 1.0]], [[1252.8131021185304, 0.0, 826.588114781398], [0.0, 1252.8131021185304, 469.9846626224581], [0.0, 0.0, 1.0]], [[1256.7485116440405, 0.0, 817.7887570959712], [0.0, 1256.7485116440403, 451.9541780095127], [0.0, 0.0, 1.0]], [[1254.9860565800168, 0.0, 829.5769333630991], [0.0, 1254.9860565800168, 467.1680561863987], [0.0, 0.0, 1.0]], [[796.8910634503094, 0.0, 857.7774326863696], [0.0, 796.8910634503094, 476.8848988407415], [0.0, 0.0, 1.0]], [[1249.9629280788233, 0.0, 825.3768045375984], [0.0, 1249.9629280788233, 462.54816385708756], [0.0, 0.0, 1.0]]], "extrinsics": [[[0.822288453578949, -0.5690183639526367, -0.007729790639132261, -0.8785400390625], [-0.003470710013061762, 0.008568326942622662, -0.999957263469696, 1.4877524375915527], [0.5690603256225586, 0.82228022813797, 0.005070737563073635, -1.2474365234375], [0.0, 0.0, 0.0, 1.0]], [[0.00989203155040741, -0.9999411106109619, -0.004452618770301342, 0.007659912109375], [-0.0015801421832293272, 0.0044372002594172955, -0.9999889135360718, 1.4799633026123047], [0.9999498724937439, 0.009899008087813854, -0.0015361560508608818, -1.6090087890625], [0.0, 0.0, 0.0, 1.0]], [[-0.8441904783248901, -0.5360344052314758, -0.0030953779350966215, 1.0093994140625], [0.006376904901117086, -0.004268449265509844, -0.999970555305481, 1.4936890602111816], [0.5360053777694702, -0.8441854119300842, 0.007021624129265547, -1.22503662109375], [0.0, 0.0, 0.0, 1.0]], [[0.9477495551109314, 0.3186716139316559, -0.014803916215896606, -1.1441650390625], [-0.019266869872808456, 0.010857167653739452, -0.9997554421424866, 1.5620479583740234], [-0.3184329569339752, 0.9478029608726501, 0.016429681330919266, -0.1561431884765625], [0.0, 0.0, 0.0, 1.0]], [[0.009346885606646538, 0.9999513030052185, 0.0031822992023080587, -0.028839111328125], [-0.01702995970