[{"images": ["samples/CAM_FRONT_LEFT/n015-2018-11-21-19-38-26+0800__CAM_FRONT_LEFT__1542801327904844.jpg", "samples/CAM_FRONT/n015-2018-11-21-19-38-26+0800__CAM_FRONT__1542801327912465.jpg", "samples/CAM_FRONT_RIGHT/n015-2018-11-21-19-38-26+0800__CAM_FRONT_RIGHT__1542801327920339.jpg", "samples/CAM_BACK_LEFT/n015-2018-11-21-19-38-26+0800__CAM_BACK_LEFT__1542801327947423.jpg", "samples/CAM_BACK/n015-2018-11-21-19-38-26+0800__CAM_BACK__1542801327937525.jpg", "samples/CAM_BACK_RIGHT/n015-2018-11-21-19-38-26+0800__CAM_BACK_RIGHT__1542801327927893.jpg"], "intrinsics": [[[1272.5979470598488, 0.0, 826.6154927353808], [0.0, 1272.5979470598488, 479.75165386361925], [0.0, 0.0, 1.0]], [[1266.417203046554, 0.0, 816.2670197447984], [0.0, 1266.417203046554, 491.50706579294757], [0.0, 0.0, 1.0]], [[1260.8474446004698, 0.0, 807.968244525554], [0.0, 1260.8474446004698, 495.3344268742088], [0.0, 0.0, 1.0]], [[1256.7414812095406, 0.0, 792.1125740759628], [0.0, 1256.7414812095406, 492.7757465151356], [0.0, 0.0, 1.0]], [[809.2209905677063, 0.0, 829.2196003259838], [0.0, 809.2209905677063, 481.77842384512485], [0.0, 0.0, 1.0]], [[1259.5137405846733, 0.0, 807.2529053838625], [0.0, 1259.5137405846733, 501.19579884916527], [0.0, 0.0, 1.0]]], "extrinsics": [[[0.8203769326210022, -0.5717148780822754, -0.011126470752060413, -0.6600341796875], [-0.026868922635912895, -0.01910431869328022, -0.9994563460350037, 1.4983177185058594], [0.5711914896965027, 0.8202299475669861, -0.03103410266339779, -1.06976318359375], [0.0, 0.0, 0.0, 1.0]], [[0.005758584477007389, -0.9997182488441467, 0.02302510105073452, 0.0079345703125], [-0.032017916440963745, -0.02319801039993763, -0.9992180466651917, 1.5108184814453125], [0.9994706511497498, 0.005016866605728865, -0.032142482697963715, -1.3880615234375], [0.0, 0.0, 0.0, 1.0]], [[-0.8327863812446594, -0.5530206561088562, 0.025198951363563538, 0.8363037109375], [-0.026243969798088074, -0.006029060110449791, -0.9996373653411865, 1.4974555969238281], [0.5529720783233643, -0.833145797252655, -0.009492537938058376, -1.1175537109375], [0.0, 0.0, 0.0, 1.0]], [[0.9475850462913513, 0.31827831268310547, -0.027952034026384354, -1.1400146484375], [-0.01716635748744011, -0.03664263337850571, -0.9991809725761414, 1.5884876251220703], [-0.3190418779850006, 0.9472888708114624, -0.029258333146572113, -0.1033935546875], [0.0, 0.0, 0.0, 1.0]], [[0.0022324526216834784, 0.9996427297592163, -0.026636363938450813, 0.003173828125], [-0.04269074648618698, -0.026516873389482498, -0.9987363815307617, 1.5756301879882812], [-0.9990859031677246, 0.003366756485775113, 0.04261629283428192, -0.0850830078125], [0.0, 0.0, 0.0, 1.0]], [[-0.9348391890525818, 0.35502731800079346, 0.005610170308500528, 0.9769287109375], [-0.010218404233455658, -0.011106286197900772, -0.9998860955238342, 1.5497093200683594], [-0.3549245595932007, -0.9347900152206421, 0.014010405167937279, -0.123626708984375], [0.0, 0.0, 0.0, 1.0]]], "view": [[0.0, -2.0, 100.0], [-2.0, 0.0, 100.0], [0.0, 0.0, 1.0]], "bev": "bev_a7a2c378191b4c4c9abdac947d163e5f.png", "aux": "aux_a7a2c378191b4c4c9abdac947d163e5f.npz", "visibility": "visibility_a7a2c378191b4c4c9abdac947d163e5f.png", "pose": [[-0.08991575986146927, 0.995949387550354, 0.0, 446.4769592285156], [-0.995949387550354, -0.08991575986146927, 0.0, 2009.232666015625], [0.0, 0.0, 1.0, 0.0], [0.0, 0.0, 0.0, 1.0]], "pose_inverse": [[-0.08991575986146927, -0.995949387550354, 0.0, 2041.2393798828125], [0.995949387550354, -0.08991575986146927, 0.0, -264.00677490234375], [0.0, 0.0, 1.0, 0.0], [0.0, 0.0, 0.0, 1.0]], "cam_ids": [0, 1, 2, 3, 4, 5], "cam_channels": ["CAM_FRONT_LEFT", "CAM_FRONT", "CAM_FRONT_RIGHT", "CAM_BACK_LEFT", "CAM_BACK", "CAM_BACK_RIGHT"], "token": "a7a2c378191b4c4c9abdac947d163e5f", "scene": "scene-1105"}, {"images": ["samples/CAM_FRONT_LEFT/n015-2018-11-21-19-38-26+0800__CAM_FRONT_LEFT__1542801328404844.jpg", "samples/CAM_FRONT/n015-2018-11-21-19-38-26+0800__CAM_FRONT__1542801328412460.jpg", "samples/CAM_FRONT_RIGHT/n015-2018-11-21-19-38-26+0800__CAM_FRONT_RIGHT__1542801328420339.jpg", "samples/CAM_BACK_LEFT/n015-2018-11-21-19-38-26+0800__CAM_BACK_LEFT__1542801328447423.jpg", "samples/CAM_BACK/n015-2018-11-21-19-38-26+0800__CAM_BACK__1542801328437525.jpg", "samples/CAM_BACK_RIGHT/n015-2018-11-21-19-38-26+0800__CAM_BACK_RIGHT__1542801328427893.jpg"], "intrinsics": [[[1272.5979470598488, 0.0, 826.6154927353808], [0.0, 1272.5979470598488, 479.75165386361925], [0.0, 0.0, 1.0]], [[1266.417203046554, 0.0, 816.2670197447984], [0.0, 1266.417203046554, 491.50706579294757], [0.0, 0.0, 1.0]], [[1260.8474446004698, 0.0, 807.968244525554], [0.0, 1260.8474446004698, 495.3344268742088], [0.0, 0.0, 1.0]], [[1256.7414812095406, 0.0, 792.1125740759628], [0.0, 1256.7414812095406, 492.7757465151356], [0.0, 0.0, 1.0]], [[809.2209905677063, 0.0, 829.2196003259838], [0.0, 809.2209905677063, 481.77842384512485], [0.0, 0.0, 1.0]], [[1259.5137405846733, 0.0, 807.2529053838625], [0.0, 1259.5137405846733, 501.19579884916527], [0.0, 0.0, 1.0]]], "extrinsics": [[[0.8205738067626953, -0.5714650750160217, -0.009295588359236717, -0.6552734375], [-0.02306308038532734, -0.016856960952281952, -0.9995918273925781, 1.4995803833007812], [0.5710750222206116, 0.8204532861709595, -0.02701212279498577, -1.066162109375], [0.0, 0.0, 0.0, 1.0]], [[0.005856513977050781, -0.9997684359550476, 0.020705411210656166, 0.007965087890625], [-0.028425641357898712, -0.020863844081759453, -0.9993782043457031, 1.5117416381835938], [0.9995787143707275, 0.005264303181320429, -0.02854124829173088, -1.3822021484375], [0.0, 0.0, 0.0, 1.0]], [[-0.8328193426132202, -0.5531445741653442, 0.021046847105026245, 0.831787109375], [-0.022872645407915115, -0.003601993666961789, -0.9997318983078003, 1.4981269836425781], [0.5530721545219421, -0.8330774903297424, -0.00965206790715456, -1.114501953125], [0.0, 0.0, 0.0, 1.0]], [[0.9474567174911499, 0.31895673274993896, -0.024339988827705383, -1.137451171875], [-0.01432067435234785, -0.033720649778842926, -0.9993286728858948, 1.5884857177734375], [-0.3195633590221405, 0.9471691846847534, -0.027381179854273796, -0.1053466796875], [0.0, 0.0, 0.0, 1.0]], [[0.0020121990237385035, 0.9997125267982483, -0.02389487810432911, 0.0027008056640625], [-0.039723414927721024, -0.02379615604877472, -0.9989273548126221, 1.5757369995117188], [-0.9992087483406067, 0.0029592246282845736, 0.03966411203145981, -0.0894775390625], [0.0, 0.0, 0.0, 1.0]], [[-0.934849739074707, 0.3550257086753845, 0.0035514903720468283, 0.9718017578125], [-0.007048092316836119, -0.008556101471185684, -0.9999386072158813, 1.5502185821533203], [-0.35497352480888367, -0.9348174333572388, 0.010500920936465263, -0.12530517578125], [0.0, 0.0, 0.0, 1.0]]], "view": [[0.0, -2.0, 100.0], [-2.0, 0.0, 100.0], [0.0, 0.0, 1.0]], "bev": "bev_e789e3e84dd74a63901e381a483cf340.png", "aux": "aux_e789e3e84dd74a63901e381a483cf340.npz", "visibility": "visibility_e789e3e84dd74a63901e381a483cf340.png", "pose": [[-0.09311268478631973, 0.9956555962562561, 0.0, 446.0450134277344], [-0.9956555962562561, -0.09311268478631973, 0.0, 2004.90771484375], [0.0, 0.0, 1.0, 0.0], [0.0, 0.0, 0.0, 1.0]], "pose_inverse": [[-0.09311268478631973, -0.9956555962562561, 0.0, 2037.72998046875], [0.9956555962562561, -0.09311268478631973, 0.0, -257.42486572265625], [0.0, 0.0, 1.0, 0.0], [0.0, 0.0, 0.0, 1.0]], "cam_ids": [0, 1, 2, 3, 4, 5], "cam_channels": ["CAM_FRONT_LEFT", "CAM_FRONT", "CAM_FRONT_RIGHT", "CAM_BACK_LEFT", "CAM_BACK", "CAM_BACK_RIGHT"], "token": "e789e3e84dd74a63901e381a483cf340", "scene": "scene-1105"}, {"images": ["samples/CAM_FRONT_LEFT/n015-2018-11-21-19-38-26+0800__CAM_FRONT_LEFT__1542801328904844.jpg", "samples/CAM_FRONT/n015-2018-11-21-19-38-26+0800__CAM_FRONT__1542801328912460.jpg", "samples/CAM_FRONT_RIGHT/n015-2018-11-21-19-38-26+0800__CAM_FRONT_RIGHT__1542801328920343.jpg", "samples/CAM_BACK_LEFT/n015-2018-11-21-19-38-26+0800__CAM_BACK_LEFT__1542801328947423.jpg", "samples/CAM_BACK/n015-2018-11-21-19-38-26+0800__CAM_BACK__1542801328937525.jpg", "samples/CAM_BACK_RIGHT/n015-2018-11-21-19-38-26+0800__CAM_BACK_RIGHT__1542801328927893.jpg"], "intrinsics": [[[1272.5979470598488, 0.0, 826.6154927353808], [0.0, 1272.5979470598488, 479.75165386361925], [0.0, 0.0, 1.0]], [[1266.417203046554, 0.0, 816.2670197447984], [0.0, 1266.417203046554, 491.50706579294757], [0.0, 0.0, 1.0]], [[1260.8474446004698, 0.0, 807.968244525554], [0.0, 1260.8474446004698, 495.3344268742088], [0.0, 0.0, 1.0]], [[1256.7414812095406, 0.0, 792.1125740759628], [0.0, 1256.7414812095406, 492.7757465151356], [0.0, 0.0, 1.0]], [[809.2209905677063, 0.0, 829.2196003259838], [0.0, 809.2209905677063, 481.77842384512485], [0.0, 0.0, 1.0]], [[1259.5137405846733, 0.0, 807.2529053838625], [0.0, 1259.5137405846733, 501.19579884916527], [0.0, 0.0, 1.0]]], "extrinsics": [[[0.8208976984024048, -0.5709604024887085, -0.011446022428572178, -0.637939453125], [-0.018685629591345787, -0.0068222470581531525, -0.9998021125793457, 1.5008544921875], [0.5707693696022034, 0.8209491968154907, -0.016269121319055557, -1.05572509765625], [0.0, 0.0, 0.0, 1.0]], [[0.006248638965189457, -0.9999252557754517, 0.010504678823053837, 0.0091552734375], [-0.024169502779841423, -0.010652836412191391, -0.9996511340141296, 1.5126113891601562], [0.9996882677078247, 0.005992570426315069, -0.024234263226389885, -1.3634033203125], [0.0, 0.0, 0.0, 1.0]], [[-0.8326538801193237, -0.5536668300628662, 0.011848684400320053, 0.8177490234375], [-0.018749628216028214, 0.00680124806240201, -0.9998010396957397, 1.498779296875], [0.553476095199585, -0.8327105045318604, -0.0160441342741251, -1.1041259765625], [0.0, 0.0, 0.0, 1.0]], [[0.9475974440574646, 0.3189944922924042, -0.017365602776408195, -1.1292724609375], [-0.010600380599498749, -0.022931944578886032, -0.9996808171272278, 1.5884065628051758], [-0.3192909061908722, 0.9474790692329407, -0.01834878884255886, -0.10821533203125], [0.0, 0.0, 0.0, 1.0]], [[0.0019744103774428368, 0.9999120235443115, -0.013116990216076374, 0.002197265625], [-0.035800181329250336, -0.013037928380072117, -0.999273955821991, 1.575653076171875], [-0.9993569254875183, 0.002442572033032775, 0.035771291702985764, -0.10205078125], [0.0, 0.0, 0.0, 1.0]], [[-0.9350008368492126, 0.3546273112297058, 0.003574150148779154, 0.9566650390625], [-0.003046564059332013, 0.0020460477098822594, -0.9999932646751404, 1.5508675575256348], [-0.3546321988105774, -0.9350054860115051, -0.000832662801258266, -0.130218505859375], [0.0, 0.0, 0.0, 1.0]]], "view": [[0.0, -2.0, 100.0], [-2.0, 0.0, 100.0], [0.0, 0.0, 1.0]], "bev": "bev_418341f41530495dbc5c78e50ac45346.png", "aux": "aux_418341f41530495dbc5c78e50ac45346.npz", "visibility": "visibility_418341f41530495dbc5c78e50ac45346.png", "pose": [[-0.09414028376340866, 0.9955589175224304, 0.0, 445.6072998046875], [-0.9955589175224304, -0.09414028376340866, 0.0, 2000.4906005859375], [0.0, 0.0, 1.0, 0.0], [0.0, 0.0, 0.0, 1.0]], "pose_inverse": [[-0.09414028376340866, -0.9955589175224304, 0.0, 2033.555908203125], [0.9955589175224304, -0.09414028376340866, 0.0, -255.30157470703125], [0.0, 0.0, 1.0, 0.0], [0.0, 0.0, 0.0, 1.0]], "cam_ids": [0, 1, 2, 3, 4, 5], "cam_channels": ["CAM_FRONT_LEFT", "CAM_FRONT", "CAM_FRONT_RIGHT", "CAM_BACK_LEFT", "CAM_BACK", "CAM_BACK_RIGHT"], "token": "418341f41530495dbc5c78e50ac45346", "scene": "scene-1105"}, {"images": ["samples/CAM_FRONT_LEFT/n015-2018-11-21-19-38-26+0800__CAM_FRONT_LEFT__1542801329404844.jpg", "samples/CAM_FRONT/n015-2018-11-21-19-38-26+0800__CAM_FRONT__1542801329412460.jpg", "samples/CAM_FRONT_RIGHT/n015-2018-11-21-19-38-26+0800__CAM_FRONT_RIGHT__1542801329420339.jpg", "samples/CAM_BACK_LEFT/n015-2018-11-21-19-38-26+0800__CAM_BACK_LEFT__1542801329447423.jpg", "samples/CAM_BACK/n015-2018-11-21-19-38-26+0800__CAM_BACK__1542801329437525.jpg", "samples/CAM_BACK_RIGHT/n015-2018-11-21-19-38-26+0800__CAM_BACK_RIGHT__1542801329427893.jpg"], "intrinsics": [[[1272.5979470598488, 0.0, 826.6154927353808], [0.0, 1272.5979470598488, 479.75165386361925], [0.0, 0.0, 1.0]], [[1266.417203046554, 0.0, 816.2670197447984], [0.0, 1266.417203046554, 491.50706579294757], [0.0, 0.0, 1.0]], [[1260.8474446004698, 0.0, 807.968244525554], [0.0, 1260.8474446004698, 495.3344268742088], [0.0, 0.0, 1.0]], [[1256.7414812095406, 0.0, 792.1125740759628], [0.0, 1256.7414812095406, 492.7757465151356], [0.0, 0.0, 1.0]], [[809.2209905677063, 0.0, 829.2196003259838], [0.0, 809.2209905677063, 481.77842384512485], [0.0, 0.0, 1.0]], [[1259.5137405846733, 0.0, 807.2529053838625], [0.0, 1259.5137405846733, 501.19579884916527], [0.0, 0.0, 1.0]]], "extrinsics": [[[0.8200888633728027, -0.5717812776565552, -0.02281247079372406, -0.6431884765625], [-0.03077538311481476, -0.00426228204742074, -0.9995172619819641, 1.4961814880371094], [0.5714079141616821, 0.8203949928283691, -0.021092236042022705, -1.0562744140625], [0.0, 0.0, 0.0, 1.0]], [[0.005528316367417574, -0.9999535083770752, 0.007901464588940144, 0.007293701171875], [-0.03618955612182617, -0.008096473291516304, -0.999312162399292, 1.5088043212890625], [0.999329686164856, 0.005238567478954792, -0.03623263165354729, -1.3685302734375], [0.0, 0.0, 0.0, 1.0]], [[-0.8328009247779846, -0.5531966686248779, 0.020396407693624496, 0.8212890625], [-0.03068683296442032, 0.00934588722884655, -0.9994853138923645, 1.4958457946777344], [0.5527213215827942, -0.8329982757568359, -0.024759117513895035, -1.10791015625], [0.0, 0.0, 0.0, 1.0]], [[0.947379469871521, 0.3189414441585541, -0.027359643951058388, -1.1302490234375], [-0.022097764536738396, -0.020105449482798576, -0.9995536208152771, 1.5882720947265625], [-0.31934913992881775, 0.9475611448287964, -0.01199959684163332, -0.1077880859375], [0.0, 0.0, 0.0, 1.0]], [[0.0021036285907030106, 0.9999419450759888, -0.010571839287877083, 0.0025787353515625], [-0.04755064472556114, -0.010459880344569683, -0.998814046382904, 1.5745925903320312], [-0.9988665580749512, 0.002603833796456456, 0.04752587899565697, -0.0987548828125], [0.0, 0.0, 0.0, 1.0]], [[-0.9347438216209412, 0.3549816310405731, 0.015552396886050701, 0.9617919921875], [-0.014905260875821114, 0.0045577180571854115, -0.9998785257339478, 1.5486717224121094], [-0.35500937700271606, -0.9348621964454651, 0.0010307924821972847, -0.12896728515625], [0.0, 0.0, 0.0, 1.0]]], "view": [[0.0, -2.0, 100.0], [-2.0, 0.0, 100.0], [0.0, 0.0, 1.0]], "bev": "bev_1b7d0a6d69e542c7955bf942a42f6586.png", "aux": "aux_1b7d0a6d69e542c7955bf942a42f6586.npz", "visibility": "visibility_1b7d0a6d69e542c7955bf942a42f6586.png", "pose": [[-0.09238804876804352, 0.9957230687141418, 0.0, 445.16357421875], [-0.9957230687141418, -0.09238804876804352, 0.0, 1996.0245361328125], [0.0, 0.0, 1.0, 0.0], [0.0, 0.0, 0.0, 1.0]], "pose_inverse": [[-0.09238804876804352, -0.9957230687141418, 0.0, 2028.615478515625], [0.9957230687141418, -0.09238804876804352, 0.0, -258.850830078125], [0.0, 0.0, 1.0, 0.0], [0.0, 0.0, 0.0, 1.0]], "cam_ids": [0, 1, 2, 3, 4, 5], "cam_channels": ["CAM_FRONT_LEFT", "CAM_FRONT", "CAM_FRONT_RIGHT", "CAM_BACK_LEFT", "CAM_BACK", "CAM_BACK_RIGHT"], "token": "1b7d0a6d69e542c7955bf942a42f6586", "scene": "scene-1105"}, {"images": ["samples/CAM_FRONT_LEFT/n015-2018-11-21-19-38-26+0800__CAM_FRONT_LEFT__1542801329904844.jpg", "samples/CAM_FRONT/n015-2018-11-21-19-38-26+0800__CAM_FRONT__1542801329912460.jpg", "samples/CAM_FRONT_RIGHT/n015-2018-11-21-19-38-26+0800__CAM_FRONT_RIGHT__1542801329920341.jpg", "samples/CAM_BACK_LEFT/n015-2018-11-21-19-38-26+0800__CAM_BACK_LEFT__1542801329947423.jpg", "samples/CAM_BACK/n015-2018-11-21-19-38-26+0800__CAM_BACK__1542801329937525.jpg", "samples/CAM_BACK_RIGHT/n015-2018-11-21-19-38-26+0800__CAM_BACK_RIGHT__1542801329927893.jpg"], "intrinsics": [[[1272.5979470598488, 0.0, 826.6154927353808], [0.0, 1272.5979470598488, 479.75165386361925], [0.0, 0.0, 1.0]], [[1266.417203046554, 0.0, 816.2670197447984], [0.0, 1266.417203046554, 491.50706579294757], [0.0, 0.0, 1.0]], [[1260.8474446004698, 0.0, 807.968244525554], [0.0, 1260.8474446004698, 495.3344268742088], [0.0, 0.0, 1.0]], [[1256.7414812095406, 0.0, 792.1125740759628], [0.0, 1256.7414812095406, 492.7757465151356], [0.0, 0.0, 1.0]], [[809.2209905677063, 0.0, 829.2196003259838], [0.0, 809.2209905677063, 481.77842384512485], [0.0, 0.0, 1.0]], [[1259.5137405846733, 0.0, 807.2529053838625], [0.0, 1259.5137405846733, 501.19579884916527], [0.0, 0.0, 1.0]]], "extrinsics": [[[0.8203893303871155, -0.5712934136390686, -0.024189412593841553, -0.6455078125], [-0.028057530522346497, 0.0020335237495601177, -0.9996042251586914, 1.4973869323730469], [0.5711164474487305, 0.8207433819770813, -0.014360801316797733, -1.06231689453125], [0.0, 0.0, 0.0, 1.0]], [[0.005863701459020376, -0.9999806880950928, 0.001992866164073348, 0.0101318359375], [-0.03312794864177704, -0.002186061814427376, -0.9994487166404724, 1.5099411010742188], [0.9994339346885681, 0.005794446915388107, -0.03314013034105301, -1.372314453125], [0.0, 0.0, 0.0, 1.0]], [[-0.8327016234397888, -0.5535321235656738, 0.014491667971014977, 0.82470703125], [-0.027275042608380318, 0.014863277785480022, -0.9995174407958984, 1.4967575073242188], [0.553049623966217, -0.8326951265335083, -0.027474289759993553, -1.1075439453125], [0.0, 0.0, 0.0, 1.0]], [[0.9475144743919373, 0.3189629316329956, -0.021884407848119736, -1.13134765625], [-0.01782326027750969, -0.01564587466418743, -0.9997187256813049, 1.588357925415039], [-0.3192155957221985, 0.9476380348205566, -0.00913973432034254, -0.10748291015625], [0.0, 0.0, 0.0, 1.0]], [[0.0020555942319333553, 0.9999818205833435, -0.005667118355631828, 0.00177001953125], [-0.04352494329214096, -0.005572291556745768, -0.9990367889404297, 1.575042724609375], [-0.9990501999855042, 0.002300271997228265, 0.043512698262929916, -0.0975341796875], [0.0, 0.0, 0.0, 1.0]], [[-0.9348783493041992, 0.354695200920105, 0.013918825425207615, 0.962646484375], [-0.011182903312146664, 0.009762287139892578, -0.9998898506164551, 1.5493602752685547], [-0.3547919690608978, -0.9349310398101807, -0.005160030908882618, -0.12713623046875], [0.0, 0.0, 0.0, 1.0]]], "view": [[0.0, -2.0, 100.0], [-2.0, 0.0, 100.0], [0.0, 0.0, 1.0]], "bev": "bev_5fcf31022eb54412a4b954dd0de89767.png", "aux": "aux_5fcf31022eb54412a4b954dd0de89767.npz", "visibility": "visibility_5fcf31022eb54412a4b954dd0de89767.png", "pose": [[-0.09312685579061508, 0.9956542253494263, 0.0, 444.7132263183594], [-0.9956542253494263, -0.09312685579061508, 0.0, 1991.5731201171875], [0.0, 0.0, 1.0, 0.0], [0.0, 0.0, 0.0, 1.0]], "pose_inverse": [[-0.09312685579061508, -0.9956542253494263, 0.0, 2024.3330078125], [0.9956542253494263, -0.09312685579061508, 0.0, -257.3116760253906], [0.0, 0.0, 1.0, 0.0], [0.0, 0.0, 0.0, 1.0]], "cam_ids": [0, 1, 2, 3, 4, 5], "cam_channels": ["CAM_FRONT_LEFT", "CAM_FRONT", "CAM_FRONT_RIGHT", "CAM_BACK_LEFT", "CAM_BACK", "CAM_BACK_RIGHT"], "token": "5fcf31022eb54412a4b954dd0de89767", "scene": "scene-1105"}, {"images": ["samples/CAM_FRONT_LEFT/n015-2018-11-21-19-38-26+0800__CAM_FRONT_LEFT__1542801330404844.jpg", "samples/CAM_FRONT/n015-2018-11-21-19-38-26+0800__CAM_FRONT__1542801330412460.jpg", "samples/CAM_FRONT_RIGHT/n015-2018-11-21-19-38-26+0800__CAM_FRONT_RIGHT__1542801330420339.jpg", "samples/CAM_BACK_LEFT/n015-2018-11-21-19-38-26+0800__CAM_BACK_LEFT__1542801330447423.jpg", "samples/CAM_BACK/n015-2018-11-21-19-38-26+0800__CAM_BACK__1542801330437525.jpg", "samples/CAM_BACK_RIGHT/n015-2018-11-21-19-38-26+0800__CAM_BACK_RIGHT__1542801330427893.jpg"], "intrinsics": [[[1272.5979470598488, 0.0, 826.6154927353808], [0.0, 1272.5979470598488, 479.75165386361925], [0.0, 0.0, 1.0]], [[1266.417203046554, 0.0, 816.2670197447984], [0.0, 1266.417203046554, 491.50706579294757], [0.0, 0.0, 1.0]], [[1260.8474446004698, 0.0, 807.968244525554], [0.0, 1260.8474446004698, 495.3344268742088], [0.0, 0.0, 1.0]], [[1256.7414812095406, 0.0, 792.1125740759628], [0.0, 1256.7414812095406, 492.7757465151356], [0.0, 0.0, 1.0]], [[809.2209905677063, 0.0, 829.2196003259838], [0.0, 809.2209905677063, 481.77842384512485], [0.0, 0.0, 1.0]], [[1259.5137405846733, 0.0, 807.2529053838625], [0.0, 1259.5137405846733, 501.19579884916527], [0.0, 0.0, 1.0]]], "extrinsics": [[[0.8204404711723328, -0.5710750222206116, -0.027399104088544846, -0.6524658203125], [-0.03305358812212944, 0.00046513776760548353, -0.9994534850120544, 1.4957199096679688], [0.5707756876945496, 0.8208977580070496, -0.018494460731744766, -1.0665283203125], [0.0, 0.0, 0.0, 1.0]], [[0.006135887466371059, -0.9999755620956421, 0.003335716901347041, 0.009765625], [-0.0383773148059845, -0.003568804357200861, -0.99925696849823, 1.5085372924804688], [0.9992444515228271, 0.006003319285809994, -0.038398273289203644, -1.3797607421875], [0.0, 0.0, 0.0, 1.0]], [[-0.8324935436248779, -0.5536828637123108, 0.019740739837288857, 0.830078125], [-0.0327928401529789, 0.013674894347786903, -0.9993686079978943, 1.4955902099609375], [0.5530633330345154, -0.832615315914154, -0.029541097581386566, -1.1112060546875], [0.0, 0.0, 0.0, 1.0]], [[0.9473558068275452, 0.3189529478549957, -0.02803417667746544, -1.1326904296875], [-0.023975713178515434, -0.016644159331917763, -0.9995740056037903, 1.5883140563964844], [-0.319283664226532, 0.9476243257522583, -0.008120818994939327, -0.1070556640625], [0.0, 0.0, 0.0, 1.0]], [[0.0019419901072978973, 0.9999755024909973, -0.006722228601574898, 0.0016632080078125], [-0.049497172236442566, -0.006617880892008543, -0.9987523555755615, 1.5746307373046875], [-0.9987723231315613, 0.0022722939029335976, 0.04948310926556587, -0.0941162109375], [0.0, 0.0, 0.0, 1.0]], [[-0.9348397254943848, 0.35456618666648865, 0.018905840814113617, 0.968017578125], [-0.016919804736971855, 0.008701087906956673, -0.9998189806938171, 1.5483970642089844], [-0.35466650128364563, -0.9349904656410217, -0.002134933602064848, -0.12493896484375], [0.0, 0.0, 0.0, 1.0]]], "view": [[0.0, -2.0, 100.0], [-2.0, 0.0, 100.0], [0.0, 0.0, 1.0]], "bev": "bev_6bf306fe03a142ed920576d2c9142280.png", "aux": "aux_6bf306fe03a142ed920576d2c9142280.npz", "visibility": "visibility_6bf306fe03a142ed920576d2c9142280.png", "pose": [[-0.09532421827316284, 0.9954462647438049, 0.0, 444.26080322265625], [-0.9954462647438049, -0.09532421827316284, 0.0, 1987.178466796875], [0.0, 0.0, 1.0, 0.0], [0.0, 0.0, 0.0, 1.0]], "pose_inverse": [[-0.09532421827316284, -0.9954462647438049, 0.0, 2020.478271484375], [0.9954462647438049, -0.09532421827316284, 0.0, -252.81153869628906], [0.0, 0.0, 1.0, 0.0], [0.0, 0.0, 0.0, 1.0]], "cam_ids": [0, 1, 2, 3, 4, 5], "cam_channels": ["CAM_FRONT_LEFT", "CAM_FRONT", "CAM_FRONT_RIGHT", "CAM_BACK_LEFT", "CAM_BACK", "CAM_BACK_RIGHT"], "token": "6bf306fe03a142ed920576d2c9142280", "scene": "scene-1105"}, {"images": ["samples/CAM_FRONT_LEFT/n015-2018-11-21-19-38-26+0800__CAM_FRONT_LEFT__1542801330904844.jpg", "samples/CAM_FRONT/n015-2018-11-21-19-38-26+0800__CAM_FRONT__1542801330912460.jpg", "samples/CAM_FRONT_RIGHT/n015-2018-11-21-19-38-26+0800__CAM_FRONT_RIGHT__1542801330920339.jpg", "samples/CAM_BACK_LEFT/n015-2018-11-21-19-38-26+0800__CAM_BACK_LEFT__1542801330947423.jpg", "samples/CAM_BACK/n015-2018-11-21-19-38-26+0800__CAM_BACK__1542801330937525.jpg", "samples/CAM_BACK_RIGHT/n015-2018-11-21-19-38-26+0800__CAM_BACK_RIGHT__1542801330927893.jpg"], "intrinsics": [[[1272.5979470598488, 0.0, 826.6154927353808], [0.0, 1272.5979470598488, 479.75165386361925], [0.0, 0.0, 1.0]], [[1266.417203046554, 0.0, 816.2670197447984], [0.0, 1266.417203046554, 491.50706579294757], [0.0, 0.0, 1.0]], [[1260.8474446004698, 0.0, 807.968244525554], [0.0, 1260.8474446004698, 495.3344268742088], [0.0, 0.0, 1.0]], [[1256.7414812095406, 0.0, 792.1125740759628], [0.0, 1256.7414812095406, 492.7757465151356], [0.0, 0.0, 1.0]], [[809.2209905677063, 0.0, 829.2196003259838], [0.0, 809.2209905677063, 481.77842384512485], [0.0, 0.0, 1.0]], [[1259.5137405846733, 0.0, 807.2529053838625], [0.0, 1259.5137405846733, 501.19579884916527], [0.0, 0.0, 1.0]]], "extrinsics": [[[0.8207575082778931, -0.5707916617393494, -0.023535680025815964, -0.641845703125], [-0.02544468455016613, 0.004631971940398216, -0.9996654987335205, 1.498291015625], [0.5707098245620728, 0.8210818767547607, -0.010721888393163681, -1.06121826171875], [0.0, 0.0, 0.0, 1.0]], [[0.00607887702062726, -0.9999812245368958, -0.0007904944941401482, 0.0106964111328125], [-0.030831513926386833, 0.0006027090130373836, -0.9995244741439819, 1.5106163024902344], [0.9995061159133911, 0.0061003584414720535, -0.030827270820736885, -1.370849609375], [0.0, 0.0, 0.0, 1.0]], [[-0.8327752351760864, -0.5534979104995728, 0.011199317872524261, 0.824951171875], [-0.025306301191449165, 0.017851049080491066, -0.9995203018188477, 1.4972496032714844], [0.5530324578285217, -0.8326592445373535, -0.02887289598584175, -1.1075439453125], [0.0, 0.0, 0.0, 1.0]], [[0.9475647807121277, 0.31893035769462585, -0.020106153562664986, -1.1329345703125], [-0.017010778188705444, -0.01248818077147007, -0.9997773170471191, 1.5883960723876953], [-0.3191104233264923, 0.9476959705352783, -0.006408108398318291, -0.1068115234375], [0.0, 0.0, 0.0, 1.0]], [[0.002324511529877782, 0.9999938607215881, -0.002604317618533969, 0.0020294189453125], [-0.04227495193481445, -0.0025037277955561876, -0.9991028904914856, 1.5752410888671875], [-0.999103307723999, 0.00243252026848495, 0.04226887226104736, -0.095703125], [0.0, 0.0, 0.0, 1.0]], [[-0.9347679615020752, 0.3550042510032654, 0.013447994366288185, 0.964599609375], [-0.009514490142464638, 0.012823613360524178, -0.9998725056648254, 1.5496826171875], [-0.35513147711753845, -0.934776782989502, -0.008609418757259846, -0.1268310546875], [0.0, 0.0, 0.0, 1.0]]], "view": [[0.0, -2.0, 100.0], [-2.0, 0.0, 100.0], [0.0, 0.0, 1.0]], "bev": "bev_d45cdb52b54c4ca7ab41dbea7c11994b.png", "aux": "aux_d45cdb52b54c4ca7ab41dbea7c11994b.npz", "visibility": "visibility_d45cdb52b54c4ca7ab41dbea7c11994b.png", "pose": [[-0.1004464328289032, 0.9949424862861633, 0.0, 443.7989501953125], [-0.9949424862861633, -0.1004464328289032, 0.0, 1982.82958984375], [0.0, 0.0, 1.0, 0.0], [0.0, 0.0, 0.0, 1.0]], "pose_inverse": [[-0.1004464328289032, -0.9949424862861633, 0.0, 2017.37939453125], [0.9949424862861633, -0.1004464328289032, 0.0, -242.38626098632812], [0.0, 0.0, 1.0, 0.0], [0.0, 0.0, 0.0, 1.0]], "cam_ids": [0, 1, 2, 3, 4, 5], "cam_channels": ["CAM_FRONT_LEFT", "CAM_FRONT", "CAM_FRONT_RIGHT", "CAM_BACK_LEFT", "CAM_BACK", "CAM_BACK_RIGHT"], "token": "d45cdb52b54c4ca7ab41dbea7c11994b", "scene": "scene-1105"}, {"images": ["samples/CAM_FRONT_LEFT/n015-2018-11-21-19-38-26+0800__CAM_FRONT_LEFT__1542801331404844.jpg", "samples/CAM_FRONT/n015-2018-11-21-19-38-26+0800__CAM_FRONT__1542801331412460.jpg", "samples/CAM_FRONT_RIGHT/n015-2018-11-21-19-38-26+0800__CAM_FRONT_RIGHT__1542801331420342.jpg", "samples/CAM_BACK_LEFT/n015-2018-11-21-19-38-26+0800__CAM_BACK_LEFT__1542801331447423.jpg", "samples/CAM_BACK/n015-2018-11-21-19-38-26+0800__CAM_BACK__1542801331437525.jpg", "samples/CAM_BACK_RIGHT/n015-2018-11-21-19-38-26+0800__CAM_BACK_RIGHT__1542801331427893.jpg"], "intrinsics": [[[1272.5979470598488, 0.0, 826.6154927353808], [0.0, 1272.5979470598488, 479.75165386361925], [0.0, 0.0, 1.0]], [[1266.417203046554, 0.0, 816.2670197447984], [0.0, 1266.417203046554, 491.50706579294757], [0.0, 0.0, 1.0]], [[1260.8474446004698, 0.0, 807.968244525554], [0.0, 1260.8474446004698, 495.3344268742088], [0.0, 0.0, 1.0]], [[1256.7414812095406, 0.0, 792.1125740759628], [0.0, 1256.7414812095406, 492.7757465151356], [0.0, 0.0, 1.0]], [[809.2209905677063, 0.0, 829.2196003259838], [0.0, 809.2209905677063, 481.77842384512485], [0.0, 0.0, 1.0]], [[1259.5137405846733, 0.0, 807.2529053838625], [0.0, 1259.5137405846733, 501.19579884916527], [0.0, 0.0, 1.0]]], "extrinsics": [[[0.8198514580726624, -0.5721999406814575, -0.020754843950271606, -0.6656494140625], [-0.02498103491961956, 0.00046771569759584963, -0.9996877908706665, 1.4991455078125], [0.5720309615135193, 0.8201139569282532, -0.0139106884598732, -1.072998046875], [0.0, 0.0, 0.0, 1.0]], [[0.004841802641749382, -0.9999815225601196, 0.0036423378624022007, 0.0075836181640625], [-0.030155615881085396, -0.0037867326755076647, -0.9995380640029907, 1.5115089416503906], [0.999533474445343, 0.004729743581265211, -0.030173394829034805, -1.3929443359375], [0.0, 0.0, 0.0, 1.0]], [[-0.8332646489143372, -0.552720844745636, 0.013023605570197105, 0.8387451171875], [-0.02438896894454956, 0.013214396312832832, -0.9996151924133301, 1.497955322265625], [0.5523360967636108, -0.8332616090774536, -0.024491380900144577, -1.119384765625], [0.0, 0.0, 0.0, 1.0]], [[0.9475145936012268, 0.3190690875053406, -0.020271165296435356, -1.1368408203125], [-0.01547437347471714, -0.017561767250299454, -0.9997260570526123, 1.5884723663330078], [-0.3193376660346985, 0.9475687146186829, -0.011702638119459152, -0.10589599609375], [0.0, 0.0, 0.0, 1.0]], [[0.002465750789269805, 0.9999687075614929, -0.007521071936935186, 0.002593994140625], [-0.04091162607073784, -0.007413922343403101, -0.9991352558135986, 1.5757369995117188], [-0.9991596937179565, 0.0027713130693882704, 0.040892068296670914, -0.0865478515625], [0.0, 0.0, 0.0, 1.0]], [[-0.9345995187759399, 0.3555404245853424, 0.010708692483603954, 0.978271484375], [-0.008396586403250694, 0.008045562542974949, -0.9999324083328247, 1.5500335693359375], [-0.35560256242752075, -0.9346262812614441, -0.004534055013209581, -0.123138427734375], [0.0, 0.0, 0.0, 1.0]]], "view": [[0.0, -2.0, 100.0], [-2.0, 0.0, 100.0], [0.0, 0.0, 1.0]], "bev": "bev_0b8e1dd9693742b49034a0796dc01a8d.png", "aux": "aux_0b8e1dd9693742b49034a0796dc01a8d.npz", "visibility": "visibility_0b8e1dd9693742b49034a0796dc01a8d.png", "pose": [[-0.10006092488765717, 0.9949812889099121, 0.0, 443.3336181640625], [-0.9949812889099121, -0.10006092488765717, 0.0, 1978.5255126953125], [0.0, 0.0, 1.0, 0.0], [0.0, 0.0, 0.0, 1.0]], "pose_inverse": [[-0.10006092488765717, -0.9949812889099121, 0.0, 2012.956298828125], [0.9949812889099121, -0.10006092488765717, 0.0, -243.1355743408203], [0.0, 0.0, 1.0, 0.0], [0.0, 0.0, 0.0, 1.0]], "cam_ids": [0, 1, 2, 3, 4, 5], "cam_channels": ["CAM_FRONT_LEFT", "CAM_FRONT", "CAM_FRONT_RIGHT", "CAM_BACK_LEFT", "CAM_BACK", "CAM_BACK_RIGHT"], "token": "0b8e1dd9693742b49034a0796dc01a8d", "scene": "scene-1105"}, {"images": ["samples/CAM_FRONT_LEFT/n015-2018-11-21-19-38-26+0800__CAM_FRONT_LEFT__1542801331904844.jpg", "samples/CAM_FRONT/n015-2018-11-21-19-38-26+0800__CAM_FRONT__1542801331912460.jpg", "samples/CAM_FRONT_RIGHT/n015-2018-11-21-19-38-26+0800__CAM_FRONT_RIGHT__1542801331920339.jpg", "samples/CAM_BACK_LEFT/n015-2018-11-21-19-38-26+0800__CAM_BACK_LEFT__1542801331947423.jpg", "samples/CAM_BACK/n015-2018-11-21-19-38-26+0800__CAM_BACK__1542801331937525.jpg", "samples/CAM_BACK_RIGHT/n015-2018-11-21-19-38-26+0800__CAM_BACK_RIGHT__1542801331927893.jpg"], "intrinsics": [[[1272.5979470598488, 0.0, 826.6154927353808], [0.0, 1272.5979470598488, 479.75165386361925], [0.0, 0.0, 1.0]], [[1266.417203046554, 0.0, 816.2670197447984], [0.0, 1266.417203046554, 491.50706579294757], [0.0, 0.0, 1.0]], [[1260.8474446004698, 0.0, 807.968244525554], [0.0, 1260.8474446004698, 495.3344268742088], [0.0, 0.0, 1.0]], [[1256.7414812095406, 0.0, 792.1125740759628], [0.0, 1256.7414812095406, 492.7757465151356], [0.0, 0.0, 1.0]], [[809.2209905677063, 0.0, 829.2196003259838], [0.0, 809.2209905677063, 481.77842384512485], [0.0, 0.0, 1.0]], [[1259.5137405846733, 0.0, 807.2529053838625], [0.0, 1259.5137405846733, 501.19579884916527], [0.0, 0.0, 1.0]]], "extrinsics": [[[0.8181824684143066, -0.5738266110420227, -0.03606133908033371, -0.690185546875], [-0.037487246096134186, 0.00934604275971651, -0.9992533922195435, 1.4956893920898438], [0.573735237121582, 0.8189234137535095, -0.013864412903785706, -1.08990478515625], [0.0, 0.0, 0.0, 1.0]], [[0.0028975079767405987, -0.9999797940254211, -0.005650112871080637, 0.007537841796875], [-0.043183423578739166, 0.005519743077456951, -0.9990519285202026, 1.5086517333984375], [0.9990628957748413, 0.0031387440394610167, -0.04316655918955803, -1.41748046875], [0.0, 0.0, 0.0, 1.0]], [[-0.8339223265647888, -0.5515549778938293, 0.01898765191435814, 0.855224609375], [-0.03792235255241394, 0.022944781929254532, -0.9990171790122986, 1.4955291748046875], [0.5505772233009338, -0.8338228464126587, -0.040050432085990906, -1.1302490234375], [0.0, 0.0, 0.0, 1.0]], [[0.947272002696991, 0.3189055323600769, -0.031223416328430176, -1.1400146484375], [-0.03062228113412857, -0.006899841129779816, -0.9995071887969971, 1.5884857177734375], [-0.31896379590034485, 0.9477613568305969, 0.00322958966717124, -0.1048583984375], [0.0, 0.0, 0.0, 1.0]], [[0.003293330781161785, 0.9999905228614807, 0.0028464121278375387, 0.00244140625], [-0.05556323006749153, 0.003025018610060215, -0.9984505772590637, 1.574951171875], [-0.9984496831893921, 0.003130069002509117, 0.055572666227817535, -0.0772705078125], [0.0, 0.0, 0.0, 1.0]], [[-0.9338855147361755, 0.3565170466899872, 0.027445854619145393, 0.9918212890625], [-0.022454898804426193, 0.018131297081708908, -0.9995834231376648, 1.5479698181152344], [-0.35686615109443665, -0.9341129064559937, -0.008927003480494022, -0.117919921875], [0.0, 0.0, 0.0, 1.0]]], "view": [[0.0, -2.0, 100.0], [-2.0, 0.0, 100.0], [0.0, 0.0, 1.0]], "bev": "bev_4cd1b64d8de14d06b399e17d15fc2c66.png", "aux": "aux_4cd1b64d8de14d06b399e17d15fc2c66.npz", "visibility": "visibility_4cd1b64d8de14d06b399e17d15fc2c66.png", "pose": [[-0.08346568793058395, 0.9965106248855591, 0.0, 442.9393615722656], [-0.9965106248855591, -0.08346568793058395, 0.0, 1974.53515625], [0.0, 0.0, 1.0, 0.0], [0.0, 0.0, 0.0, 1.0]], "pose_inverse": [[-0.08346568793058395, -0.9965106248855591, 0.0, 2004.6156005859375], [0.9965106248855591, -0.08346568793058395, 0.0, -276.5878601074219], [0.0, 0.0, 1.0, 0.0], [0.0, 0.0, 0.0, 1.0]], "cam_ids": [0, 1, 2, 3, 4, 5], "cam_channels": ["CAM_FRONT_LEFT", "CAM_FRONT", "CAM_FRONT_RIGHT", "CAM_BACK_LEFT", "CAM_BACK", "CAM_BACK_RIGHT"], "token": "4cd1b64d8de14d06b399e17d15fc2c66", "scene": "scene-1105"}, {"images": ["samples/CAM_FRONT_LEFT/n015-2018-11-21-19-38-26+0800__CAM_FRONT_LEFT__1542801332404844.jpg", "samples/CAM_FRONT/n015-2018-11-21-19-38-26+0800__CAM_FRONT__1542801332412460.jpg", "samples/CAM_FRONT_RIGHT/n015-2018-11-21-19-38-26+0800__CAM_FRONT_RIGHT__1542801332420339.jpg", "samples/CAM_BACK_LEFT/n015-2018-11-21-19-38-26+0800__CAM_BACK_LEFT__1542801332447423.jpg", "samples/CAM_BACK/n015-2018-11-21-19-38-26+0800__CAM_BACK__1542801332437525.jpg", "samples/CAM_BACK_RIGHT/n015-2018-11-21-19-38-26+0800__CAM_BACK_RIGHT__1542801332427893.jpg"], "intrinsics": [[[1272.5979470598488, 0.0, 826.6154927353808], [0.0, 1272.5979470598488, 479.75165386361925], [0.0, 0.0, 1.0]], [[1266.417203046554, 0.0, 816.2670197447984], [0.0, 1266.417203046554, 491.50706579294757], [0.0, 0.0, 1.0]], [[1260.8474446004698, 0.0, 807.968244525554], [0.0, 1260.8474446004698, 495.3344268742088], [0.0, 0.0, 1.0]], [[1256.7414812095406, 0.0, 792.1125740759628], [0.0, 1256.7414812095406, 492.7757465151356], [0.0, 0.0, 1.0]], [[809.2209905677063, 0.0, 829.2196003259838], [0.0, 809.2209905677063, 481.77842384512485], [0.0, 0.0, 1.0]], [[1259.5137405846733, 0.0, 807.2529053838625], [0.0, 1259.5137405846733, 501.19579884916527], [0.0, 0.0, 1.0]]], "extrinsics": [[[0.8172788023948669, -0.5751030445098877, -0.03621986135840416, -0.7030029296875], [-0.04210713878273964, 0.0030851794872432947, -0.9991083741188049, 1.494781494140625], [0.5747020244598389, 0.8180751800537109, -0.021694492548704147, -1.09735107421875], [0.0, 0.0, 0.0, 1.0]], [[0.0019066481618210673, -0.9999977946281433, 0.0009083211189135909, 0.00604248046875], [-0.047097641974687576, -0.0009971136460080743, -0.9988898038864136, 1.5081787109375], [0.9988884329795837, 0.0018617487512528896, -0.047099433839321136, -1.4300537109375], [0.0, 0.0, 0.0, 1.0]], [[-0.8342279195785522, -0.5508341789245605, 0.025406448170542717, 0.86279296875], [-0.0410904586315155, 0.016152124851942062, -0.9990248680114746, 1.4953079223632812], [0.5498865842819214, -0.8344583511352539, -0.036108583211898804, -1.13720703125], [0.0, 0.0, 0.0, 1.0]], [[0.9468817710876465, 0.31976157426834106, -0.03416832163929939, -1.1451416015625], [-0.03134915605187416, -0.013961201533675194, -0.9994109869003296, 1.588653564453125], [-0.3200502395629883, 0.9473951458930969, -0.003195354249328375, -0.1021728515625], [0.0, 0.0, 0.0, 1.0]], [[0.0029433658346533775, 0.9999868273735046, -0.004214814398437738, 0.003631591796875], [-0.05715200677514076, -0.004039724823087454, -0.9983572959899902, 1.5752105712890625], [-0.9983611702919006, 0.0031794209498912096, 0.057139355689287186, -0.070556640625], [0.0, 0.0, 0.0, 1.0]], [[-0.9336749315261841, 0.35708150267601013, 0.02727631665766239, 0.9998779296875], [-0.024919671937823296, 0.01119986455887556, -0.9996266961097717, 1.5478057861328125], [-0.3572537302970886, -0.9340060949325562, -0.0015586805529892445, -0.116424560546875], [0.0, 0.0, 0.0, 1.0]]], "view": [[0.0, -2.0, 100.0], [-2.0, 0.0, 100.0], [0.0, 0.0, 1.0]], "bev": "bev_16d452cb1c1b4bb090deaed261fa6325.png", "aux": "aux_16d452cb1c1b4bb090deaed261fa6325.npz", "visibility": "visibility_16d452cb1c1b4bb090deaed261fa6325.png", "pose": [[-0.03239240124821663, 0.9994752407073975, 0.0, 442.68426513671875], [-0.9994752407073975, -0.03239240124821663, 0.0, 1970.7171630859375], [0.0, 0.0, 1.0, 0.0], [0.0, 0.0, 0.0, 1.0]], "pose_inverse": [[-0.03239240124821663, -0.9994752407073975, 0.0, 1984.0225830078125], [0.9994752407073975, -0.03239240124821663, 0.0, -378.6156921386719], [0.0, 0.0, 1.0, 0.0], [0.0, 0.0, 0.0, 1.0]], "cam_ids": [0, 1, 2, 3, 4, 5], "cam_channels": ["CAM_FRONT_LEFT", "CAM_FRONT", "CAM_FRONT_RIGHT", "CAM_BACK_LEFT", "CAM_BACK", "CAM_BACK_RIGHT"], "token": "16d452cb1c1b4bb090deaed261fa6325", "scene": "scene-1105"}, {"images": ["samples/CAM_FRONT_LEFT/n015-2018-11-21-19-38-26+0800__CAM_FRONT_LEFT__1542801332904844.jpg", "samples/CAM_FRONT/n015-2018-11-21-19-38-26+0800__CAM_FRONT__1542801332912460.jpg", "samples/CAM_FRONT_RIGHT/n015-2018-11-21-19-38-26+0800__CAM_FRONT_RIGHT__1542801332920339.jpg", "samples/CAM_BACK_LEFT/n015-2018-11-21-19-38-26+0800__CAM_BACK_LEFT__1542801332947423.jpg", "samples/CAM_BACK/n015-2018-11-21-19-38-26+0800__CAM_BACK__1542801332937525.jpg", "samples/CAM_BACK_RIGHT/n015-2018-11-21-19-38-26+0800__CAM_BACK_RIGHT__1542801332927893.jpg"], "intrinsics": [[[1272.5979470598488, 0.0, 826.6154927353808], [0.0, 1272.5979470598488, 479.75165386361925], [0.0, 0.0, 1.0]], [[1266.417203046554, 0.0, 816.2670197447984], [0.0, 1266.417203046554, 491.50706579294757], [0.0, 0.0, 1.0]], [[1260.8474446004698, 0.0, 807.968244525554], [0.0, 1260.8474446004698, 495.3344268742088], [0.0, 0.0, 1.0]], [[1256.7414812095406, 0.0, 792.1125740759628], [0.0, 1256.7414812095406, 492.7757465151356], [0.0, 0.0, 1.0]], [[809.2209905677063, 0.0, 829.2196003259838], [0.0, 809.2209905677063, 481.77842384512485], [0.0, 0.0, 1.0]], [[1259.5137405846733, 0.0, 807.2529053838625], [0.0, 1259.5137405846733, 501.19579884916527], [0.0, 0.0, 1.0]]], "extrinsics": [[[0.8154056072235107, -0.5779443383216858, -0.03307592123746872, -0.710205078125], [-0.03553667664527893, 0.0070550041273236275, -0.9993434548377991, 1.4971694946289062], [0.5777983069419861, 0.8160456418991089, -0.014785533770918846, -1.1016845703125], [0.0, 0.0, 0.0, 1.0]], [[-0.001069466583430767, -0.9999949336051941, -0.002986449748277664, 0.00567626953125], [-0.04067743197083473, 0.003027482656762004, -0.999167799949646, 1.5101089477539062], [0.9991717338562012, -0.0009470932418480515, -0.04068046063184738, -1.436279296875], [0.0, 0.0, 0.0, 1.0]], [[-0.8356587886810303, -0.5489546060562134, 0.01797819882631302, 0.8660888671875], [-0.03476801514625549, 0.02020302228629589, -0.999191164970398, 1.4967422485351562], [0.5481473803520203, -0.8356078863143921, -0.03596889600157738, -1.1400146484375], [0.0, 0.0, 0.0, 1.0]], [[0.9471882581710815, 0.3194982707500458, -0.027480492368340492, -1.1396484375], [-0.0256392490118742, -0.009968431666493416, -0.9996215105056763, 1.5884895324707031], [-0.3196512758731842, 0.947534441947937, -0.0012502867029979825, -0.1029052734375], [0.0, 0.0, 0.0, 