[{"images": ["samples/CAM_FRONT_LEFT/n015-2018-10-08-15-44-23+0800__CAM_FRONT_LEFT__1538984829854844.jpg", "samples/CAM_FRONT/n015-2018-10-08-15-44-23+0800__CAM_FRONT__1538984829862460.jpg", "samples/CAM_FRONT_RIGHT/n015-2018-10-08-15-44-23+0800__CAM_FRONT_RIGHT__1538984829870339.jpg", "samples/CAM_BACK_LEFT/n015-2018-10-08-15-44-23+0800__CAM_BACK_LEFT__1538984829897423.jpg", "samples/CAM_BACK/n015-2018-10-08-15-44-23+0800__CAM_BACK__1538984829887525.jpg", "samples/CAM_BACK_RIGHT/n015-2018-10-08-15-44-23+0800__CAM_BACK_RIGHT__1538984829877893.jpg"], "intrinsics": [[[1272.5979470598488, 0.0, 826.6154927353808], [0.0, 1272.5979470598488, 479.75165386361925], [0.0, 0.0, 1.0]], [[1266.417203046554, 0.0, 816.2670197447984], [0.0, 1266.417203046554, 491.50706579294757], [0.0, 0.0, 1.0]], [[1260.8474446004698, 0.0, 807.968244525554], [0.0, 1260.8474446004698, 495.3344268742088], [0.0, 0.0, 1.0]], [[1256.7414812095406, 0.0, 792.1125740759628], [0.0, 1256.7414812095406, 492.7757465151356], [0.0, 0.0, 1.0]], [[809.2209905677063, 0.0, 829.2196003259838], [0.0, 809.2209905677063, 481.77842384512485], [0.0, 0.0, 1.0]], [[1259.5137405846733, 0.0, 807.2529053838625], [0.0, 1259.5137405846733, 501.19579884916527], [0.0, 0.0, 1.0]]], "extrinsics": [[[0.8205119967460632, -0.5715233683586121, 0.011004878208041191, -0.717559814453125], [0.030206456780433655, 0.024125192314386368, -0.999252438545227, 1.5171852111816406], [0.5708306431770325, 0.8202310800552368, 0.03705870360136032, -1.1126708984375], [0.0, 0.0, 0.0, 1.0]], [[0.0057843998074531555, -0.9997827410697937, -0.02002473548054695, 0.009521484375], [0.02483452670276165, 0.020162520930171013, -0.9994882345199585, 1.5265655517578125], [0.9996747970581055, 0.005284154787659645, 0.024945758283138275, -1.44708251953125], [0.0, 0.0, 0.0, 1.0]], [[-0.8321934938430786, -0.5525708794593811, -0.04603583738207817, 0.875732421875], [0.030381320044398308, 0.037459660321474075, -0.9988361597061157, 1.5093307495117188], [0.553652286529541, -0.8326236009597778, -0.014385851100087166, -1.1416015625], [0.0, 0.0, 0.0, 1.0]], [[0.947209358215332, 0.3182339370250702, 0.0390092171728611, -1.1427001953125], [0.03873030096292496, 0.007206120993942022, -0.9992236495018005, 1.5885353088378906], [-0.31826794147491455, 0.9479848146438599, -0.005499589256942272, -0.1038818359375], [0.0, 0.0, 0.0, 1.0]], [[0.002438862342387438, 0.9998480677604675, 0.017261050641536713, 0.0020751953125], [0.013450773432850838, 0.017226742580533028, -0.9997611045837402, 1.5802650451660156], [-0.9999065399169922, 0.0026704834308475256, -0.013406714424490929, -0.0670166015625], [0.0, 0.0, 0.0, 1.0]], [[-0.9340700507164001, 0.3556867837905884, -0.03162359446287155, 1.0080795288085938], [0.04617810994386673, 0.03250177204608917, -0.998404324054718, 1.5577011108398438], [-0.3540914058685303, -0.9340398907661438, -0.04678387567400932, -0.1103515625], [0.0, 0.0, 0.0, 1.0]]], "view": [[0.0, -2.0, 100.0], [-2.0, 0.0, 100.0], [0.0, 0.0, 1.0]], "bev": "bev_c201dea88033406fb304747d32b823a6.png", "aux": "aux_c201dea88033406fb304747d32b823a6.npz", "visibility": "visibility_c201dea88033406fb304747d32b823a6.png", "pose": [[-0.9297369718551636, -0.3682243227958679, 0.0, 1121.6668701171875], [0.3682243227958679, -0.9297369718551636, 0.0, 1342.1243896484375], [0.0, 0.0, 1.0, 0.0], [0.0, 0.0, 0.0, 1.0]], "pose_inverse": [[-0.9297369718551636, 0.3682243227958679, 0.0, 548.6522827148438], [-0.3682243227958679, -0.9297369718551636, 0.0, 1660.84765625], [0.0, 0.0, 1.0, 0.0], [0.0, 0.0, 0.0, 1.0]], "cam_ids": [0, 1, 2, 3, 4, 5], "cam_channels": ["CAM_FRONT_LEFT", "CAM_FRONT", "CAM_FRONT_RIGHT", "CAM_BACK_LEFT", "CAM_BACK", "CAM_BACK_RIGHT"], "token": "c201dea88033406fb304747d32b823a6", "scene": "scene-0924"}, {"images": ["samples/CAM_FRONT_LEFT/n015-2018-10-08-15-44-23+0800__CAM_FRONT_LEFT__1538984830354844.jpg", "samples/CAM_FRONT/n015-2018-10-08-15-44-23+0800__CAM_FRONT__1538984830362460.jpg", "samples/CAM_FRONT_RIGHT/n015-2018-10-08-15-44-23+0800__CAM_FRONT_RIGHT__1538984830370339.jpg", "samples/CAM_BACK_LEFT/n015-2018-10-08-15-44-23+0800__CAM_BACK_LEFT__1538984830397423.jpg", "samples/CAM_BACK/n015-2018-10-08-15-44-23+0800__CAM_BACK__1538984830387525.jpg", "samples/CAM_BACK_RIGHT/n015-2018-10-08-15-44-23+0800__CAM_BACK_RIGHT__1538984830377893.jpg"], "intrinsics": [[[1272.5979470598488, 0.0, 826.6154927353808], [0.0, 1272.5979470598488, 479.75165386361925], [0.0, 0.0, 1.0]], [[1266.417203046554, 0.0, 816.2670197447984], [0.0, 1266.417203046554, 491.50706579294757], [0.0, 0.0, 1.0]], [[1260.8474446004698, 0.0, 807.968244525554], [0.0, 1260.8474446004698, 495.3344268742088], [0.0, 0.0, 1.0]], [[1256.7414812095406, 0.0, 792.1125740759628], [0.0, 1256.7414812095406, 492.7757465151356], [0.0, 0.0, 1.0]], [[809.2209905677063, 0.0, 829.2196003259838], [0.0, 809.2209905677063, 481.77842384512485], [0.0, 0.0, 1.0]], [[1259.5137405846733, 0.0, 807.2529053838625], [0.0, 1259.5137405846733, 501.19579884916527], [0.0, 0.0, 1.0]]], "extrinsics": [[[0.8209043741226196, -0.5710474848747253, 0.004561923909932375, -0.716094970703125], [0.02311735972762108, 0.025248145684599876, -0.9994139075279236, 1.5151557922363281], [0.5705976486206055, 0.8205286264419556, 0.033927422016859055, -1.1102294921875], [0.0, 0.0, 0.0, 1.0]], [[0.006126298103481531, -0.9997569918632507, -0.0211781095713377, 0.0086669921875], [0.01757439225912094, 0.021282877773046494, -0.9996190667152405, 1.5248336791992188], [0.9998267292976379, 0.005751773715019226, 0.01770050637423992, -1.4453125], [0.0, 0.0, 0.0, 1.0]], [[-0.8322948217391968, -0.5528504252433777, -0.04051501676440239, 0.8741455078125], [0.022959448397159576, 0.038645222783088684, -0.9989891648292542, 1.5079803466796875], [0.5538573265075684, -0.8323838710784912, -0.019471080973744392, -1.1416015625], [0.0, 0.0, 0.0, 1.0]], [[0.9474499225616455, 0.3182967007160187, 0.03202924504876137, -1.1431884765625], [0.030930794775485992, 0.008505835197865963, -0.9994853138923645, 1.588521957397461], [-0.31840530037879944, 0.9479529857635498, -0.0017863165121525526, -0.1033935546875], [0.0, 0.0, 0.0, 1.0]], [[0.0023691756650805473, 0.9998259544372559, 0.01850740611553192, 0.0023193359375], [0.005779082886874676, 0.01849345862865448, -0.9998123049736023, 1.5797500610351562], [-0.9999804496765137, 0.0024757429491728544, -0.005734262987971306, -0.06719970703125], [0.0, 0.0, 0.0, 1.0]], [[-0.9343892335891724, 0.35543492436408997, -0.024136468768119812, 1.0074539184570312], [0.03863155469298363, 0.03373956307768822, -0.998683750629425, 1.5567245483398438], [-0.35415273904800415, -0.9340919256210327, -0.04525689408183098, -0.1112060546875], [0.0, 0.0, 0.0, 1.0]]], "view": [[0.0, -2.0, 100.0], [-2.0, 0.0, 100.0], [0.0, 0.0, 1.0]], "bev": "bev_d3a602929fd34f9ca6f65b1b5228c110.png", "aux": "aux_d3a602929fd34f9ca6f65b1b5228c110.npz", "visibility": "visibility_d3a602929fd34f9ca6f65b1b5228c110.png", "pose": [[-0.9291728734970093, -0.3696454167366028, 0.0, 1118.3497314453125], [0.3696454167366028, -0.9291728734970093, 0.0, 1343.4677734375], [0.0, 0.0, 1.0, 0.0], [0.0, 0.0, 0.0, 1.0]], "pose_inverse": [[-0.9291728734970093, 0.3696454167366028, 0.0, 542.5335693359375], [-0.3696454167366028, -0.9291728734970093, 0.0, 1661.7066650390625], [0.0, 0.0, 1.0, 0.0], [0.0, 0.0, 0.0, 1.0]], "cam_ids": [0, 1, 2, 3, 4, 5], "cam_channels": ["CAM_FRONT_LEFT", "CAM_FRONT", "CAM_FRONT_RIGHT", "CAM_BACK_LEFT", "CAM_BACK", "CAM_BACK_RIGHT"], "token": "d3a602929fd34f9ca6f65b1b5228c110", "scene": "scene-0924"}, {"images": ["samples/CAM_FRONT_LEFT/n015-2018-10-08-15-44-23+0800__CAM_FRONT_LEFT__1538984830854844.jpg", "samples/CAM_FRONT/n015-2018-10-08-15-44-23+0800__CAM_FRONT__1538984830862460.jpg", "samples/CAM_FRONT_RIGHT/n015-2018-10-08-15-44-23+0800__CAM_FRONT_RIGHT__1538984830870339.jpg", "samples/CAM_BACK_LEFT/n015-2018-10-08-15-44-23+0800__CAM_BACK_LEFT__1538984830897423.jpg", "samples/CAM_BACK/n015-2018-10-08-15-44-23+0800__CAM_BACK__1538984830887525.jpg", "samples/CAM_BACK_RIGHT/n015-2018-10-08-15-44-23+0800__CAM_BACK_RIGHT__1538984830877893.jpg"], "intrinsics": [[[1272.5979470598488, 0.0, 826.6154927353808], [0.0, 1272.5979470598488, 479.75165386361925], [0.0, 0.0, 1.0]], [[1266.417203046554, 0.0, 816.2670197447984], [0.0, 1266.417203046554, 491.50706579294757], [0.0, 0.0, 1.0]], [[1260.8474446004698, 0.0, 807.968244525554], [0.0, 1260.8474446004698, 495.3344268742088], [0.0, 0.0, 1.0]], [[1256.7414812095406, 0.0, 792.1125740759628], [0.0, 1256.7414812095406, 492.7757465151356], [0.0, 0.0, 1.0]], [[809.2209905677063, 0.0, 829.2196003259838], [0.0, 809.2209905677063, 481.77842384512485], [0.0, 0.0, 1.0]], [[1259.5137405846733, 0.0, 807.2529053838625], [0.0, 1259.5137405846733, 501.19579884916527], [0.0, 0.0, 1.0]]], "extrinsics": [[[0.8210700154304504, -0.5708269476890564, -0.0007863470818847418, -0.71051025390625], [0.015774836763739586, 0.024067310616374016, -0.9995858669281006, 1.5130615234375], [0.570609450340271, 0.8207176327705383, 0.02876565046608448, -1.106201171875], [0.0, 0.0, 0.0, 1.0]], [[0.006212708540260792, -0.9997794032096863, -0.020056849345564842, 0.00830078125], [0.00991404801607132, 0.020117834210395813, -0.9997485280036926, 1.52301025390625], [0.9999314546585083, 0.006012297235429287, 0.010036847554147243, -1.4390869140625], [0.0, 0.0, 0.0, 1.0]], [[-0.832470715045929, -0.5530773401260376, -0.03313538432121277, 0.86962890625], [0.014898784458637238, 0.037437207996845245, -0.9991878867149353, 1.5065231323242188], [0.5538686513900757, -0.8322883248329163, -0.022925199940800667, -1.138671875], [0.0, 0.0, 0.0, 1.0]], [[0.9476649761199951, 0.3184654414653778, 0.022600486874580383, -1.1368408203125], [0.02135954611003399, 0.007388613652437925, -0.9997445344924927, 1.5886783599853516], [-0.31855103373527527, 0.9479056596755981, 0.00019965579849667847, -0.1051025390625], [0.0, 0.0, 0.0, 1.0]], [[0.0023596626706421375, 0.9998477697372437, 0.017287446185946465, 0.002685546875], [-0.0032384966034442186, 0.017295043915510178, -0.9998452067375183, 1.5791091918945312], [-0.9999920129776001, 0.0023033288307487965, 0.003278816118836403, -0.07232666015625], [0.0, 0.0, 0.0, 1.0]], [[-0.9346314072608948, 0.35522758960723877, -0.016659986227750778, 1.003204345703125], [0.03016626089811325, 0.03251644968986511, -0.9990158677101135, 1.5557022094726562], [-0.35433629155158997, -0.9342141151428223, -0.04110678657889366, -0.113037109375], [0.0, 0.0, 0.0, 1.0]]], "view": [[0.0, -2.0, 100.0], [-2.0, 0.0, 100.0], [0.0, 0.0, 1.0]], "bev": "bev_3c96f62791f24e38b0324fe226502b9b.png", "aux": "aux_3c96f62791f24e38b0324fe226502b9b.npz", "visibility": "visibility_3c96f62791f24e38b0324fe226502b9b.png", "pose": [[-0.9266396164894104, -0.37595075368881226, 0.0, 1115.041015625], [0.37595075368881226, -0.9266396164894104, 0.0, 1344.8292236328125], [0.0, 0.0, 1.0, 0.0], [0.0, 0.0, 0.0, 1.0]], "pose_inverse": [[-0.9266396164894104, 0.37595075368881226, 0.0, 527.6516723632812], [-0.37595075368881226, -0.9266396164894104, 0.0, 1665.37255859375], [0.0, 0.0, 1.0, 0.0], [0.0, 0.0, 0.0, 1.0]], "cam_ids": [0, 1, 2, 3, 4, 5], "cam_channels": ["CAM_FRONT_LEFT", "CAM_FRONT", "CAM_FRONT_RIGHT", "CAM_BACK_LEFT", "CAM_BACK", "CAM_BACK_RIGHT"], "token": "3c96f62791f24e38b0324fe226502b9b", "scene": "scene-0924"}, {"images": ["samples/CAM_FRONT_LEFT/n015-2018-10-08-15-44-23+0800__CAM_FRONT_LEFT__1538984831354844.jpg", "samples/CAM_FRONT/n015-2018-10-08-15-44-23+0800__CAM_FRONT__1538984831362460.jpg", "samples/CAM_FRONT_RIGHT/n015-2018-10-08-15-44-23+0800__CAM_FRONT_RIGHT__1538984831370339.jpg", "samples/CAM_BACK_LEFT/n015-2018-10-08-15-44-23+0800__CAM_BACK_LEFT__1538984831397423.jpg", "samples/CAM_BACK/n015-2018-10-08-15-44-23+0800__CAM_BACK__1538984831387525.jpg", "samples/CAM_BACK_RIGHT/n015-2018-10-08-15-44-23+0800__CAM_BACK_RIGHT__1538984831377893.jpg"], "intrinsics": [[[1272.5979470598488, 0.0, 826.6154927353808], [0.0, 1272.5979470598488, 479.75165386361925], [0.0, 0.0, 1.0]], [[1266.417203046554, 0.0, 816.2670197447984], [0.0, 1266.417203046554, 491.50706579294757], [0.0, 0.0, 1.0]], [[1260.8474446004698, 0.0, 807.968244525554], [0.0, 1260.8474446004698, 495.3344268742088], [0.0, 0.0, 1.0]], [[1256.7414812095406, 0.0, 792.1125740759628], [0.0, 1256.7414812095406, 492.7757465151356], [0.0, 0.0, 1.0]], [[809.2209905677063, 0.0, 829.2196003259838], [0.0, 809.2209905677063, 481.77842384512485], [0.0, 0.0, 1.0]], [[1259.5137405846733, 0.0, 807.2529053838625], [0.0, 1259.5137405846733, 501.19579884916527], [0.0, 0.0, 1.0]]], "extrinsics": [[[0.8207752704620361, -0.5710669159889221, -0.014507859945297241, -0.7254638671875], [-0.005392877385020256, 0.01764950528740883, -0.9998297095298767, 1.50665283203125], [0.5712257027626038, 0.8207137584686279, 0.011406583711504936, -1.1153564453125], [0.0, 0.0, 0.0, 1.0]], [[0.005754112731665373, -0.9998919367790222, -0.013526097871363163, 0.0076904296875], [-0.010201775468885899, 0.013466920703649521, -0.9998572468757629, 1.5180721282958984], [0.9999313354492188, 0.005891222506761551, -0.010123183019459248, -1.45263671875], [0.0, 0.0, 0.0, 1.0]], [[-0.8329353928565979, -0.5532050132751465, -0.013525385409593582, 0.8775634765625], [-0.004056459292769432, 0.030545152723789215, -0.9995251297950745, 1.5028610229492188], [0.5533554553985596, -0.8324849605560303, -0.027686189860105515, -1.144775390625], [0.0, 0.0, 0.0, 1.0]], [[0.9479048252105713, 0.318498432636261, 0.005933599080890417, -1.14166259765625], [0.006352221127599478, -0.00027573746046982706, -0.9999797940254211, 1.5885579586029053], [-0.3184903562068939, 0.9479233622550964, -0.002284545451402664, -0.1031494140625], [0.0, 0.0, 0.0, 1.0]], [[0.002574819838628173, 0.9999481439590454, 0.009854359552264214, 0.0029296875], [-0.01969207264482975, 0.00990318227559328, -0.9997571110725403, 1.5779919624328613], [-0.9998027682304382, 0.0023801380302757025, 0.019716551527380943, -0.06744384765625], [0.0, 0.0, 0.0, 1.0]], [[-0.9348158240318298, 0.35512417554855347, -0.0024979976005852222, 1.0091171264648438], [0.012321512214839458, 0.025403348729014397, -0.9996013045310974, 1.5531005859375], [-0.35491910576820374, -0.934473991394043, -0.028123117983341217, -0.1112060546875], [0.0, 0.0, 0.0, 1.0]]], "view": [[0.0, -2.0, 100.0], [-2.0, 0.0, 100.0], [0.0, 0.0, 1.0]], "bev": "bev_76454612517c4b46bea2b66b14e0892d.png", "aux": "aux_76454612517c4b46bea2b66b14e0892d.npz", "visibility": "visibility_76454612517c4b46bea2b66b14e0892d.png", "pose": [[-0.9247012138366699, -0.3806936740875244, 0.0, 1111.86572265625], [0.3806936740875244, -0.9247012138366699, 0.0, 1346.15673828125], [0.0, 0.0, 1.0, 0.0], [0.0, 0.0, 0.0, 1.0]], "pose_inverse": [[-0.9247012138366699, 0.3806936740875244, 0.0, 515.6702270507812], [-0.3806936740875244, -0.9247012138366699, 0.0, 1668.072998046875], [0.0, 0.0, 1.0, 0.0], [0.0, 0.0, 0.0, 1.0]], "cam_ids": [0, 1, 2, 3, 4, 5], "cam_channels": ["CAM_FRONT_LEFT", "CAM_FRONT", "CAM_FRONT_RIGHT", "CAM_BACK_LEFT", "CAM_BACK", "CAM_BACK_RIGHT"], "token": "76454612517c4b46bea2b66b14e0892d", "scene": "scene-0924"}, {"images": ["samples/CAM_FRONT_LEFT/n015-2018-10-08-15-44-23+0800__CAM_FRONT_LEFT__1538984831854844.jpg", "samples/CAM_FRONT/n015-2018-10-08-15-44-23+0800__CAM_FRONT__1538984831862460.jpg", "samples/CAM_FRONT_RIGHT/n015-2018-10-08-15-44-23+0800__CAM_FRONT_RIGHT__1538984831870339.jpg", "samples/CAM_BACK_LEFT/n015-2018-10-08-15-44-23+0800__CAM_BACK_LEFT__1538984831897423.jpg", "samples/CAM_BACK/n015-2018-10-08-15-44-23+0800__CAM_BACK__1538984831887525.jpg", "samples/CAM_BACK_RIGHT/n015-2018-10-08-15-44-23+0800__CAM_BACK_RIGHT__1538984831877893.jpg"], "intrinsics": [[[1272.5979470598488, 0.0, 826.6154927353808], [0.0, 1272.5979470598488, 479.75165386361925], [0.0, 0.0, 1.0]], [[1266.417203046554, 0.0, 816.2670197447984], [0.0, 1266.417203046554, 491.50706579294757], [0.0, 0.0, 1.0]], [[1260.8474446004698, 0.0, 807.968244525554], [0.0, 1260.8474446004698, 495.3344268742088], [0.0, 0.0, 1.0]], [[1256.7414812095406, 0.0, 792.1125740759628], [0.0, 1256.7414812095406, 492.7757465151356], [0.0, 0.0, 1.0]], [[809.2209905677063, 0.0, 829.2196003259838], [0.0, 809.2209905677063, 481.77842384512485], [0.0, 0.0, 1.0]], [[1259.5137405846733, 0.0, 807.2529053838625], [0.0, 1259.5137405846733, 501.19579884916527], [0.0, 0.0, 1.0]]], "extrinsics": [[[0.8216872215270996, -0.5698454976081848, -0.010299199260771275, -0.71429443359375], [-0.003916697110980749, 0.012424465268850327, -0.9999151229858398, 1.5070343017578125], [0.5699250102043152, 0.8216579556465149, 0.007977113127708435, -1.10888671875], [0.0, 0.0, 0.0, 1.0]], [[0.006994531024247408, -0.9999395608901978, -0.008481170050799847, 0.00830078125], [-0.009195815771818161, 0.00841669924557209, -0.9999223351478577, 1.5182266235351562], [0.9999332427978516, 0.007071993313729763, -0.009136389009654522, -1.44293212890625], [0.0, 0.0, 0.0, 1.0]], [[-0.8324183225631714, -0.5540328621864319, -0.011278629302978516, 0.8720703125], [-0.0035593861248344183, 0.025698350742459297, -0.9996633529663086, 1.5029182434082031], [0.5541362762451172, -0.8320980072021484, -0.023363793268799782, -1.140380859375], [0.0, 0.0, 0.0, 1.0]], [[0.9477742910385132, 0.31892135739326477, 0.0036161961033940315, -1.142578125], [0.005322627257555723, -0.004479288589209318, -0.9999758005142212, 1.5885519981384277], [-0.31889745593070984, 0.9477705955505371, -0.005942855961620808, -0.103759765625], [0.0, 0.0, 0.0, 1.0]], [[0.002104879589751363, 0.9999830722808838, 0.005427992902696133, 0.0023193359375], [-0.02017606981098652, 0.005469368305057287, -0.9997814893722534, 1.5779306888580322], [-0.9997942447662354, 0.0019949169363826513, 0.020187240093946457, -0.0687255859375], [0.0, 0.0, 0.0, 1.0]], [[-0.9350383281707764, 0.35452163219451904, -0.004216604400426149, 1.00543212890625], [0.012376045808196068, 0.020751064643263817, -0.9997081160545349, 1.5531539916992188], [-0.3543306887149811, -0.9348175525665283, -0.023790618404746056, -0.1119384765625], [0.0, 0.0, 0.0, 1.0]]], "view": [[0.0, -2.0, 100.0], [-2.0, 0.0, 100.0], [0.0, 0.0, 1.0]], "bev": "bev_9ed40a1cea7943128d8d21d64f951023.png", "aux": "aux_9ed40a1cea7943128d8d21d64f951023.npz", "visibility": "visibility_9ed40a1cea7943128d8d21d64f951023.png", "pose": [[-0.9181149005889893, -0.3963142931461334, 0.0, 1108.614990234375], [0.3963142931461334, -0.9181149005889893, 0.0, 1347.5594482421875], [0.0, 0.0, 1.0, 0.0], [0.0, 0.0, 0.0, 1.0]], "pose_inverse": [[-0.9181149005889893, 0.3963142931461334, 0.0, 483.7789001464844], [-0.3963142931461334, -0.9181149005889893, 0.0, 1676.5743408203125], [0.0, 0.0, 1.0, 0.0], [0.0, 0.0, 0.0, 1.0]], "cam_ids": [0, 1, 2, 3, 4, 5], "cam_channels": ["CAM_FRONT_LEFT", "CAM_FRONT", "CAM_FRONT_RIGHT", "CAM_BACK_LEFT", "CAM_BACK", "CAM_BACK_RIGHT"], "token": "9ed40a1cea7943128d8d21d64f951023", "scene": "scene-0924"}, {"images": ["samples/CAM_FRONT_LEFT/n015-2018-10-08-15-44-23+0800__CAM_FRONT_LEFT__1538984832354844.jpg", "samples/CAM_FRONT/n015-2018-10-08-15-44-23+0800__CAM_FRONT__1538984832362460.jpg", "samples/CAM_FRONT_RIGHT/n015-2018-10-08-15-44-23+0800__CAM_FRONT_RIGHT__1538984832370339.jpg", "samples/CAM_BACK_LEFT/n015-2018-10-08-15-44-23+0800__CAM_BACK_LEFT__1538984832397423.jpg", "samples/CAM_BACK/n015-2018-10-08-15-44-23+0800__CAM_BACK__1538984832387525.jpg", "samples/CAM_BACK_RIGHT/n015-2018-10-08-15-44-23+0800__CAM_BACK_RIGHT__1538984832377893.jpg"], "intrinsics": [[[1272.5979470598488, 0.0, 826.6154927353808], [0.0, 1272.5979470598488, 479.75165386361925], [0.0, 0.0, 1.0]], [[1266.417203046554, 0.0, 816.2670197447984], [0.0, 1266.417203046554, 491.50706579294757], [0.0, 0.0, 1.0]], [[1260.8474446004698, 0.0, 807.968244525554], [0.0, 1260.8474446004698, 495.3344268742088], [0.0, 0.0, 1.0]], [[1256.7414812095406, 0.0, 792.1125740759628], [0.0, 1256.7414812095406, 492.7757465151356], [0.0, 0.0, 1.0]], [[809.2209905677063, 0.0, 829.2196003259838], [0.0, 809.2209905677063, 481.77842384512485], [0.0, 0.0, 1.0]], [[1259.5137405846733, 0.0, 807.2529053838625], [0.0, 1259.5137405846733, 501.19579884916527], [0.0, 0.0, 1.0]]], "extrinsics": [[[0.8221045136451721, -0.5692709684371948, -0.008651340380311012, -0.70361328125], [-0.0016224758001044393, 0.01285287830978632, -0.9999160766601562, 1.5077075958251953], [0.5693343281745911, 0.8220494389533997, 0.00964277982711792, -1.1016845703125], [0.0, 0.0, 0.0, 1.0]], [[0.007638054899871349, -0.9999319314956665, -0.008818558417260647, 0.0087890625], [-0.006957896985113621, 0.00876545812934637, -0.9999374151229858, 1.5187063217163086], [0.9999465346336365, 0.007698877714574337, -0.006890472956001759, -1.431915283203125], [0.0, 0.0, 0.0, 1.0]], [[-0.8321036100387573, -0.5544620752334595, -0.013250689953565598, 0.864990234375], [-0.001402033376507461, 0.025994274765253067, -0.9996610879898071, 1.5033149719238281], [0.5546185970306396, -0.831803023815155, -0.022407300770282745, -1.1351318359375], [0.0, 0.0, 0.0, 1.0]], [[0.9477441310882568, 0.3189854919910431, 0.005418490618467331, -1.1385498046875], [0.0071785179898142815, -0.00434219790622592, -0.9999647736549377, 1.588585376739502], [-0.31895071268081665, 0.9477497339248657, -0.006405135150998831, -0.1051025390625], [0.0, 0.0, 0.0, 1.0]], [[0.0018376384396106005, 0.999982476234436, 0.005633245687931776, 0.0023193359375], [-0.018194591626524925, 0.005665757227689028, -0.9998184442520142, 1.5779709815979004], [-0.999832808971405, 0.0017348177498206496, 0.01820468157529831, -0.07421875], [0.0, 0.0, 0.0, 1.0]], [[-0.9351762533187866, 0.35413017868995667, -0.006089781876653433, 0.9986114501953125], [0.01446588896214962, 0.021010227501392365, -0.9996746182441711, 1.5535469055175781], [-0.35388699173927307, -0.9349601864814758, -0.024771075695753098, -0.1143798828125], [0.0, 0.0, 0.0, 1.0]]], "view": [[0.0, -2.0, 100.0], [-2.0, 0.0, 100.0], [0.0, 0.0, 1.0]], "bev": "bev_de7e74c2661a4070986d1d489ffa6bc8.png", "aux": "aux_de7e74c2661a4070986d1d489ffa6bc8.npz", "visibility": "visibility_de7e74c2661a4070986d1d489ffa6bc8.png", "pose": [[-0.9095516800880432, -0.41559088230133057, 0.0, 1105.302734375], [0.41559088230133057, -0.9095516800880432, 0.0, 1349.067138671875], [0.0, 0.0, 1.0, 0.0], [0.0, 0.0, 0.0, 1.0]], "pose_inverse": [[-0.9095516800880432, 0.41559088230133057, 0.0, 444.6699523925781], [-0.41559088230133057, -0.9095516800880432, 0.0, 1686.4000244140625], [0.0, 0.0, 1.0, 0.0], [0.0, 0.0, 0.0, 1.0]], "cam_ids": [0, 1, 2, 3, 4, 5], "cam_channels": ["CAM_FRONT_LEFT", "CAM_FRONT", "CAM_FRONT_RIGHT", "CAM_BACK_LEFT", "CAM_BACK", "CAM_BACK_RIGHT"], "token": "de7e74c2661a4070986d1d489ffa6bc8", "scene": "scene-0924"}, {"images": ["samples/CAM_FRONT_LEFT/n015-2018-10-08-15-44-23+0800__CAM_FRONT_LEFT__1538984832854844.jpg", "samples/CAM_FRONT/n015-2018-10-08-15-44-23+0800__CAM_FRONT__1538984832862460.jpg", "samples/CAM_FRONT_RIGHT/n015-2018-10-08-15-44-23+0800__CAM_FRONT_RIGHT__1538984832870339.jpg", "samples/CAM_BACK_LEFT/n015-2018-10-08-15-44-23+0800__CAM_BACK_LEFT__1538984832897423.jpg", "samples/CAM_BACK/n015-2018-10-08-15-44-23+0800__CAM_BACK__1538984832887525.jpg", "samples/CAM_BACK_RIGHT/n015-2018-10-08-15-44-23+0800__CAM_BACK_RIGHT__1538984832877893.jpg"], "intrinsics": [[[1272.5979470598488, 0.0, 826.6154927353808], [0.0, 1272.5979470598488, 479.75165386361925], [0.0, 0.0, 1.0]], [[1266.417203046554, 0.0, 816.2670197447984], [0.0, 1266.417203046554, 491.50706579294757], [0.0, 0.0, 1.0]], [[1260.8474446004698, 0.0, 807.968244525554], [0.0, 1260.8474446004698, 495.3344268742088], [0.0, 0.0, 1.0]], [[1256.7414812095406, 0.0, 792.1125740759628], [0.0, 1256.7414812095406, 492.7757465151356], [0.0, 0.0, 1.0]], [[809.2209905677063, 0.0, 829.2196003259838], [0.0, 809.2209905677063, 481.77842384512485], [0.0, 0.0, 1.0]], [[1259.5137405846733, 0.0, 807.2529053838625], [0.0, 1259.5137405846733, 501.19579884916527], [0.0, 0.0, 1.0]]], "extrinsics": [[[0.8216884136199951, -0.5698742270469666, -0.008452145382761955, -0.70025634765625], [-0.00010174181807087734, 0.014683299697935581, -0.9998921751976013, 1.508209228515625], [0.569936990737915, 0.8216006755828857, 0.01200711727142334, -1.096923828125], [0.0, 0.0, 0.0, 1.0]], [[0.006997383199632168, -0.9999175071716309, -0.010762209072709084, 0.007080078125], [-0.00541530828922987, 0.01072442252188921, -0.9999278783798218, 1.5190982818603516], [0.9999608397483826, 0.007055199239403009, -0.005339819472283125, -1.42767333984375], [0.0, 0.0, 0.0, 1.0]], [[-0.832366943359375, -0.554002583026886, -0.015694506466388702, 0.8614501953125], [0.00018507285858504474, 0.028040096163749695, -0.999606728553772, 1.5036735534667969], [0.5542247891426086, -0.8320425152778625, -0.023237118497490883, -1.134521484375], [0.0, 0.0, 0.0, 1.0]], [[0.9478038549423218, 0.3187587857246399, 0.007791091222316027, -1.14361572265625], [0.008925950154662132, -0.0020996672101318836, -0.9999579787254333, 1.5885398387908936], [-0.3187289535999298, 0.9478335380554199, -0.0048352982848882675, -0.1025390625], [0.0, 0.0, 0.0, 1.0]], [[0.0021140354219824076, 0.9999672770500183, 0.007810404058545828, 0.003173828125], [-0.016511142253875732, 0.007844261825084686, -0.9998328685760498, 1.5781221389770508], [-0.9998614192008972, 0.0019847664516419172, 0.01652718521654606, -0.072967529296875], [0.0, 0.0, 0.0, 1.0]], [[-0.9350302219390869, 0.3545016944408417, -0.00685504637658596, 0.9971466064453125], [0.016090089455246925, 0.023109596222639084, -0.9996034502983093, 1.5538368225097656], [-0.35420265793800354, -0.9347697496414185, -0.027312137186527252, -0.115966796875], [0.0, 0.0, 0.0, 1.0]]], "view": [[0.0, -2.0, 100.0], [-2.0, 0.0, 100.0], [0.0, 0.0, 1.0]], "bev": "bev_de7dec572e6c46f8ab11478864a116ce.png", "aux": "aux_de7dec572e6c46f8ab11478864a116ce.npz", "visibility": "visibility_de7dec572e6c46f8ab11478864a116ce.png", "pose": [[-0.8992769122123718, -0.43737971782684326, 0.0, 1101.9508056640625], [0.43737971782684326, -0.8992769122123718, 0.0, 1350.67626953125], [0.0, 0.0, 1.0, 0.0], [0.0, 0.0, 0.0, 1.0]], "pose_inverse": [[-0.8992769122123718, 0.43737971782684326, 0.0, 400.20050048828125], [-0.43737971782684326, -0.8992769122123718, 0.0, 1696.6029052734375], [0.0, 0.0, 1.0, 0.0], [0.0, 0.0, 0.0, 1.0]], "cam_ids": [0, 1, 2, 3, 4, 5], "cam_channels": ["CAM_FRONT_LEFT", "CAM_FRONT", "CAM_FRONT_RIGHT", "CAM_BACK_LEFT", "CAM_BACK", "CAM_BACK_RIGHT"], "token": "de7dec572e6c46f8ab11478864a116ce", "scene": "scene-0924"}, {"images": ["samples/CAM_FRONT_LEFT/n015-2018-10-08-15-44-23+0800__CAM_FRONT_LEFT__1538984833354844.jpg", "samples/CAM_FRONT/n015-2018-10-08-15-44-23+0800__CAM_FRONT__1538984833362460.jpg", "samples/CAM_FRONT_RIGHT/n015-2018-10-08-15-44-23+0800__CAM_FRONT_RIGHT__1538984833370339.jpg", "samples/CAM_BACK_LEFT/n015-2018-10-08-15-44-23+0800__CAM_BACK_LEFT__1538984833397423.jpg", "samples/CAM_BACK/n015-2018-10-08-15-44-23+0800__CAM_BACK__1538984833387525.jpg", "samples/CAM_BACK_RIGHT/n015-2018-10-08-15-44-23+0800__CAM_BACK_RIGHT__1538984833377893.jpg"], "intrinsics": [[[1272.5979470598488, 0.0, 826.6154927353808], [0.0, 1272.5979470598488, 479.75165386361925], [0.0, 0.0, 1.0]], [[1266.417203046554, 0.0, 816.2670197447984], [0.0, 1266.417203046554, 491.50706579294757], [0.0, 0.0, 1.0]], [[1260.8474446004698, 0.0, 807.968244525554], [0.0, 1260.8474446004698, 495.3344268742088], [0.0, 0.0, 1.0]], [[1256.7414812095406, 0.0, 792.1125740759628], [0.0, 1256.7414812095406, 492.7757465151356], [0.0, 0.0, 1.0]], [[809.2209905677063, 0.0, 829.2196003259838], [0.0, 809.2209905677063, 481.77842384512485], [0.0, 0.0, 1.0]], [[1259.5137405846733, 0.0, 807.2529053838625], [0.0, 1259.5137405846733, 501.19579884916527], [0.0, 0.0, 1.0]]], "extrinsics": [[[0.8212641477584839, -0.5704582929611206, -0.01012540701776743, -0.68798828125], [0.0006077493890188634, 0.018621470779180527, -0.9998264312744141, 1.5084304809570312], [0.5705477595329285, 0.8211154937744141, 0.015639841556549072, -1.08935546875], [0.0, 0.0, 0.0, 1.0]], [[0.006403674837201834, -0.9998710751533508, -0.014722729101777077, 0.0078125], [-0.00448083458468318, 0.014694192446768284, -0.9998820424079895, 1.519277572631836], [0.999969482421875, 0.006468888372182846, -0.004386160057038069, -1.41534423828125], [0.0, 0.0, 0.0, 1.0]], [[-0.832611620426178, -0.5535355806350708, -0.018873650580644608, 0.8531494140625], [0.0013466523960232735, 0.032053399831056595, -0.999485194683075, 1.5039100646972656], [0.5538556575775146, -0.832208514213562, -0.025942612439393997, -1.1285400390625], [0.0, 0.0, 0.0, 1.0]], [[0.9478678107261658, 0.3184785544872284, 0.010858104564249516, -1.138916015625], [0.010732177644968033, 0.0021501234732568264, -0.999940037727356, 1.5885896682739258], [-0.31848278641700745, 0.9479275941848755, -0.0013799353037029505, -0.1038818359375], [0.0, 0.0, 0.0, 1.0]], [[0.002376464894041419, 0.9999253153800964, 0.011994943954050541, 0.0030517578125], [-0.014934681355953217, 0.012029129080474377, -0.9998161196708679, 1.5781440734863281], [-0.999885618686676, 0.0021969240624457598, 0.0149621507152915, -0.079559326171875], [0.0, 0.0, 0.0, 1.0]], [[-0.9348952770233154, 0.3548610806465149, -0.006663033273071051, 0.98919677734375], [0.0174451544880867, 0.027193278074264526, -0.9994779229164124, 1.5541725158691406], [-0.3544946312904358, -0.9345235228538513, -0.03161347284913063, -0.118896484375], [0.0, 0.0, 0.0, 1.0]]], "view": [[0.0, -2.0, 100.0], [-2.0, 0.0, 100.0], [0.0, 0.0, 1.0]], "bev": "bev_da45d51dc5224f70b7c3f65e06da5249.png", "aux": "aux_da45d51dc5224f70b7c3f65e06da5249.npz", "visibility": "visibility_da45d51dc5224f70b7c3f65e06da5249.png", "pose": [[-0.8909425735473633, -0.45411601662635803, 0.0, 1098.5074462890625], [0.45411601662635803, -0.8909425735473633, 0.0, 1352.42626953125], [0.0, 0.0, 1.0, 0.0], [0.0, 0.0, 0.0, 1.0]], "pose_inverse": [[-0.8909425735473633, 0.45411601662635803, 0.0, 364.5486145019531], [-0.45411601662635803, -0.8909425735473633, 0.0, 1703.783935546875], [0.0, 0.0, 1.0, 0.0], [0.0, 0.0, 0.0, 1.0]], "cam_ids": [0, 1, 2, 3, 4, 5], "cam_channels": ["CAM_FRONT_LEFT", "CAM_FRONT", "CAM_FRONT_RIGHT", "CAM_BACK_LEFT", "CAM_BACK", "CAM_BACK_RIGHT"], "token": "da45d51dc5224f70b7c3f65e06da5249", "scene": "scene-0924"}, {"images": ["samples/CAM_FRONT_LEFT/n015-2018-10-08-15-44-23+0800__CAM_FRONT_LEFT__1538984833904844.jpg", "samples/CAM_FRONT/n015-2018-10-08-15-44-23+0800__CAM_FRONT__1538984833912460.jpg", "samples/CAM_FRONT_RIGHT/n015-2018-10-08-15-44-23+0800__CAM_FRONT_RIGHT__1538984833920339.jpg", "samples/CAM_BACK_LEFT/n015-2018-10-08-15-44-23+0800__CAM_BACK_LEFT__1538984833947423.jpg", "samples/CAM_BACK/n015-2018-10-08-15-44-23+0800__CAM_BACK__1538984833937525.jpg", "samples/CAM_BACK_RIGHT/n015-2018-10-08-15-44-23+0800__CAM_BACK_RIGHT__1538984833927893.jpg"], "intrinsics": [[[1272.5979470598488, 0.0, 826.6154927353808], [0.0, 1272.5979470598488, 479.75165386361925], [0.0, 0.0, 1.0]], [[1266.417203046554, 0.0, 816.2670197447984], [0.0, 1266.417203046554, 491.50706579294757], [0.0, 0.0, 1.0]], [[1260.8474446004698, 0.0, 807.968244525554], [0.0, 1260.8474446004698, 495.3344268742088], [0.0, 0.0, 1.0]], [[1256.7414812095406, 0.0, 792.1125740759628], [0.0, 1256.7414812095406, 492.7757465151356], [0.0, 0.0, 1.0]], [[809.2209905677063, 0.0, 829.2196003259838], [0.0, 809.2209905677063, 481.77842384512485], [0.0, 0.0, 1.0]], [[1259.5137405846733, 0.0, 807.2529053838625], [0.0, 1259.5137405846733, 501.19579884916527], [0.0, 0.0, 1.0]]], "extrinsics": [[[0.8210635781288147, -0.5707756876945496, -0.008349190466105938, -0.6883544921875], [0.006699385587126017, 0.024260258302092552, -0.9996832013130188, 1.5104446411132812], [0.5707975029945374, 0.8207475543022156, 0.02374306321144104, -1.090576171875], [0.0, 0.0, 0.0, 1.0]], [[0.005865416023880243, -0.9997770190238953, -0.020282285287976265, 0.008056640625], [0.0014288703678175807, 0.02029099315404892, -0.9997931122779846, 1.5209007263183594], [0.9999817609786987, 0.005835169926285744, 0.0015475664986297488, -1.4163818359375], [0.0, 0.0, 0.0, 1.0]], [[-0.8329458832740784, -0.5527101159095764, -0.02669433318078518, 0.8543701171875], [0.007081069517880678, 0.037590496242046356, -0.999268114566803, 1.5051345825195312], [0.5533090829849243, -0.8325253129005432, -0.027397073805332184, -1.12939453125], [0.0, 0.0, 0.0, 1.0]], [[0.9477390646934509, 0.31858035922050476, 0.0172381941229105, -1.139892578125], [0.0156696829944849, 0.007485776208341122, -0.9998492002487183, 1.5885982513427734], [-0.3186613619327545, 0.9478663206100464, 0.00210250960662961, -0.1046142578125], [0.0, 0.0, 0.0, 1.0]], [[0.002566190669313073, 0.9998455047607422, 0.017388394102454185, 0.0025634765625], [-0.009722734801471233, 0.01741257682442665, -0.9998011589050293, 1.578573226928711], [-0.9999494552612305, 0.002396550728008151, 0.00976591743528843, -0.077911376953125], [0.0, 0.0, 0.0, 1.0]], [[-0.9346129298210144, 0.35552990436553955, -0.009848496876657009, 0.9908447265625], [0.02294565923511982, 0.032640453428030014, -0.9992037415504456, 1.5550041198730469], [-0.3549254238605499, -0.9340947866439819, -0.038664065301418304, -0.1181640625], [0.0, 0.0, 0.0, 1.0]]], "view": [[0.0, -2.0, 100.0], [-2.0, 0.0, 100.0], [0.0, 0.0, 1.0]], "bev": "bev_40691e80360f47a7b212d3888982ea17.png", "aux": "aux_40691e80360f47a7b212d3888982ea17.npz", "visibility": "visibility_40691e80360f47a7b212d3888982ea17.png", "pose": [[-0.8829140067100525, -0.46953466534614563, 0.0, 1094.689208984375], [0.46953466534614563, -0.8829140067100525, 0.0, 1354.44970703125], [0.0, 0.0, 1.0, 0.0], [0.0, 0.0, 0.0, 1.0]], "pose_inverse": [[-0.8829140067100525, 0.46953466534614563, 0.0, 330.55535888671875], [-0.46953466534614563, -0.8829140067100525, 0.0, 1709.857177734375], [0.0, 0.0, 1.0, 0.0], [0.0, 0.0, 0.0, 1.0]], "cam_ids": [0, 1, 2, 3, 4, 5], "cam_channels": ["CAM_FRONT_LEFT", "CAM_FRONT", "CAM_FRONT_RIGHT", "CAM_BACK_LEFT", "CAM_BACK", "CAM_BACK_RIGHT"], "token": "40691e80360f47a7b212d3888982ea17", "scene": "scene-0924"}, {"images": ["samples/CAM_FRONT_LEFT/n015-2018-10-08-15-44-23+0800__CAM_FRONT_LEFT__1538984834404844.jpg", "samples/CAM_FRONT/n015-2018-10-08-15-44-23+0800__CAM_FRONT__1538984834412460.jpg", "samples/CAM_FRONT_RIGHT/n015-2018-10-08-15-44-23+0800__CAM_FRONT_RIGHT__1538984834420339.jpg", "samples/CAM_BACK_LEFT/n015-2018-10-08-15-44-23+0800__CAM_BACK_LEFT__1538984834447423.jpg", "samples/CAM_BACK/n015-2018-10-08-15-44-23+0800__CAM_BACK__1538984834437525.jpg", "samples/CAM_BACK_RIGHT/n015-2018-10-08-15-44-23+0800__CAM_BACK_RIGHT__1538984834427893.jpg"], "intrinsics": [[[1272.5979470598488, 0.0, 826.6154927353808], [0.0, 1272.5979470598488, 479.75165386361925], [0.0, 0.0, 1.0]], [[1266.417203046554, 0.0, 816.2670197447984], [0.0, 1266.417203046554, 491.50706579294757], [0.0, 0.0, 1.0]], [[1260.8474446004698, 0.0, 807.968244525554], [0.0, 1260.8474446004698, 495.3344268742088], [0.0, 0.0, 1.0]], [[1256.7414812095406, 0.0, 792.1125740759628], [0.0, 1256.7414812095406, 492.7757465151356], [0.0, 0.0, 1.0]], [[809.2209905677063, 0.0, 829.2196003259838], [0.0, 809.2209905677063, 481.77842384512485], [0.0, 0.0, 1.0]], [[1259.5137405846733, 0.0, 807.2529053838625], [0.0, 1259.5137405846733, 501.19579884916527], [0.0, 0.0, 1.0]]], "extrinsics": [[[0.8210662007331848, -0.570764422416687, -0.008848270401358604, -0.68695068359375], [0.00944936741143465, 0.02908851020038128, -0.999532163143158, 1.511383056640625], [0.5707547664642334, 0.8205984234809875, 0.029276955872774124, -1.089111328125], [0.0, 0.0, 0.0, 1.0]], [[0.006201953627169132, -0.9996636509895325, -0.02518235146999359, 0.00830078125], [0.004445073194801807, 0.025210147723555565, -0.9996722936630249, 1.5217323303222656], [0.9999708533287048, 0.006087962072342634, 0.004599930252879858, -1.414886474609375], [0.0, 0.0, 0.0, 1.0]], [[-0.8325261473655701, -0.5530480146408081, -0.03221799060702324, 0.8533935546875], [0.01036048959940672, 0.04260322079062462, -0.9990383386611938, 1.5058212280273438], [0.5538887977600098, -0.832059383392334, -0.029738446697592735, -1.1279296875], [0.0, 0.0, 0.0, 1.0]], [[0.9476748704910278, 0.3184157907962799, 0.022882815450429916, -1.1409912109375], [0.019839966669678688, 0.01279646810144186, -0.9997212290763855, 1.588582992553711], [-0.31861990690231323, 0.9478647708892822, 0.005809531547129154, -0.1041259765625], [0.0, 0.0, 0.0, 1.0]], [[0.0023196316324174404, 0.9997413754463196, 0.022623777389526367, 0.00244140625], [-0.0058762081898748875, 0.022637074813246727, -0.9997264742851257, 1.5788726806640625], [-0.9999800324440002, 0.0021860820706933737, 0.005927198566496372, -0.077850341796875], [0.0, 0.0, 0.0, 1.0]], [[-0.9347285032272339, 0.35518139600753784, -0.011343028396368027, 0.990020751953125], [0.026473037898540497, 0.03776702657341957, -0.998935878276825, 1.5555419921875], [-0.35437512397766113, -0.9340341687202454, -0.044704653322696686, -0.1177978515625], [0.0, 0.0, 0.0, 1.0]]], "view": [[0.0, -2.0, 100.0], [-2.0, 0.0, 100.0], [0.0, 0.0, 1.0]], "bev": "bev_d9e3f6344b764bf383485c83fe272f92.png", "aux": "aux_d9e3f6344b764bf383485c83fe272f92.npz", "visibility": "visibility_d9e3f6344b764bf383485c83fe272f92.png", "pose": [[-0.8781072497367859, -0.4784637987613678, 0.0, 1091.2081298828125], [0.4784637987613678, -0.8781072497367859, 0.0, 1356.35009765625], [0.0, 0.0, 1.0, 0.0], [0.0, 0.0, 0.0, 1.0]], "pose_inverse": [[-0.8781072497367859, 0.4784637987613678, 0.0, 309.2333679199219], [-0.4784637987613678, -0.8781072497367859, 0.0, 1713.12451171875], [0.0, 0.0, 1.0, 0.0], [0.0, 0.0, 0.0, 1.0]], "cam_ids": [0, 1, 2, 3, 4, 5], "cam_channels": ["CAM_FRONT_LEFT", "CAM_FRONT", "CAM_FRONT_RIGHT", "CAM_BACK_LEFT", "CAM_BACK", "CAM_BACK_RIGHT"], "token": "d9e3f6344b764bf383485c83fe272f92", "scene": "scene-0924"}, {"images": ["samples/CAM_FRONT_LEFT/n015-2018-10-08-15-44-23+0800__CAM_FRONT_LEFT__1538984834904844.jpg", "samples/CAM_FRONT/n015-2018-10-08-15-44-23+0800__CAM_FRONT__1538984834912460.jpg", "samples/CAM_FRONT_RIGHT/n015-2018-10-08-15-44-23+0800__CAM_FRONT_RIGHT__1538984834920339.jpg", "samples/CAM_BACK_LEFT/n015-2018-10-08-15-44-23+0800__CAM_BACK_LEFT__1538984834947423.jpg", "samples/CAM_BACK/n015-2018-10-08-15-44-23+0800__CAM_BACK__1538984834937525.jpg", "samples/CAM_BACK_RIGHT/n015-2018-10-08-15-44-23+0800__CAM_BACK_RIGHT__1538984834927893.jpg"], "intrinsics": [[[1272.5979470598488, 0.0, 826.6154927353808], [0.0, 1272.5979470598488, 479.75165386361925], [0.0, 0.0, 1.0]], [[1266.417203046554, 0.0, 816.2670197447984], [0.0, 1266.417203046554, 491.50706579294757], [0.0, 0.0, 1.0]], [[1260.8474446004698, 0.0, 807.968244525554], [0.0, 1260.8474446004698, 495.3344268742088], [0.0, 0.0, 1.0]], [[1256.7414812095406, 0.0, 792.1125740759628], [0.0, 1256.7414812095406, 492.7757465151356], [0.0, 0.0, 1.0]], [[809.2209905677063, 0.0, 829.2196003259838], [0.0, 809.2209905677063, 481.77842384512485], [0.0, 0.0, 1.0]], [[1259.5137405846733, 0.0, 807.2529053838625], [0.0, 1259.5137405846733, 501.19579884916527], [0.0, 0.0, 1.0]]], "extrinsics": [[[0.8208971619606018, -0.5710251927375793, -0.0076051573269069195, -0.67529296875], [0.012182758189737797, 0.030824856832623482, -0.9994505643844604, 1.5124626159667969], [0.5709459185600281, 0.8203535079956055, 0.0322607047855854, -1.081298828125], [0.0, 0.0, 0.0, 1.0]], [[0.005833679810166359, -0.9996263384819031, -0.02670232579112053, 0.0084228515625], [0.006871267221868038, 0.026742219924926758, -0.9996187686920166, 1.5224761962890625], [0.9999593496322632, 0.0056480043567717075, 0.007024705410003662, -1.40289306640625], [0.0, 0.0, 0.0, 1.0]], [[-0.8327491879463196, -0.5525622367858887, -0.03469434380531311, 0.8453369140625], [0.012477590702474117, 0.04391805827617645, -0.9989571571350098, 1.5064010620117188], [0.5535097122192383, -0.8323136568069458, -0.02967808209359646, -1.123046875], [0.0, 0.0, 0.0, 1.0]], [[0.9476659893989563, 0.3183436989784241, 0.024212243035435677, -1.1416015625], [0.021006906405091286, 0.013498486019670963, -0.9996882081031799, 1.588571548461914], [-0.3185712993144989, 0.9478792548179626, 0.006104641128331423, -0.1038818359375], [0.0, 0.0, 0.0, 1.0]], [[0.0025059287436306477, 0.99972003698349, 0.023528864607214928, 0.002685546875], [-0.004346301779150963, 0.023539602756500244, -0.