[{"images": ["samples/CAM_FRONT_LEFT/n015-2018-08-02-17-28-51+0800__CAM_FRONT_LEFT__1533202470004844.jpg", "samples/CAM_FRONT/n015-2018-08-02-17-28-51+0800__CAM_FRONT__1533202470012460.jpg", "samples/CAM_FRONT_RIGHT/n015-2018-08-02-17-28-51+0800__CAM_FRONT_RIGHT__1533202470020339.jpg", "samples/CAM_BACK_LEFT/n015-2018-08-02-17-28-51+0800__CAM_BACK_LEFT__1533202470047423.jpg", "samples/CAM_BACK/n015-2018-08-02-17-28-51+0800__CAM_BACK__1533202470037525.jpg", "samples/CAM_BACK_RIGHT/n015-2018-08-02-17-28-51+0800__CAM_BACK_RIGHT__1533202470027893.jpg"], "intrinsics": [[[1272.5979470598488, 0.0, 826.6154927353808], [0.0, 1272.5979470598488, 479.75165386361925], [0.0, 0.0, 1.0]], [[1266.417203046554, 0.0, 816.2670197447984], [0.0, 1266.417203046554, 491.50706579294757], [0.0, 0.0, 1.0]], [[1260.8474446004698, 0.0, 807.968244525554], [0.0, 1260.8474446004698, 495.3344268742088], [0.0, 0.0, 1.0]], [[1256.7414812095406, 0.0, 792.1125740759628], [0.0, 1256.7414812095406, 492.7757465151356], [0.0, 0.0, 1.0]], [[809.2209905677063, 0.0, 829.2196003259838], [0.0, 809.2209905677063, 481.77842384512485], [0.0, 0.0, 1.0]], [[1259.5137405846733, 0.0, 807.2529053838625], [0.0, 1259.5137405846733, 501.19579884916527], [0.0, 0.0, 1.0]]], "extrinsics": [[[0.8210570812225342, -0.5708432793617249, -0.0018166638910770416, -0.8585205078125], [-0.01821075938642025, -0.02301190420985222, -0.999569296836853, 1.5058984756469727], [0.570555567741394, 0.8207365870475769, -0.029289571568369865, -1.20648193359375], [0.0, 0.0, 0.0, 1.0]], [[0.006464291829615831, -0.9996198415756226, 0.02680116891860962, 0.006103515625], [-0.023403599858283997, -0.026945626363158226, -0.9993629455566406, 1.518021583557129], [0.9997051358222961, 0.005832926370203495, -0.023568887263536453, -1.58447265625], [0.0, 0.0, 0.0, 1.0]], [[-0.8325657844543457, -0.5535633563995361, 0.020045500248670578, 0.96142578125], [-0.017686501145362854, -0.009603715501725674, -0.9997974038124084, 1.5021400451660156], [0.5536438226699829, -0.8327516913414001, -0.001794873853214085, -1.2012939453125], [0.0, 0.0, 0.0, 1.0]], [[0.9475342631340027, 0.31896698474884033, -0.020951243117451668, -1.1339111328125], [-0.008840180933475494, -0.03937024250626564, -0.9991855621337891, 1.5884780883789062], [-0.31953203678131104, 0.9469478130340576, -0.034484922885894775, -0.1065673828125], [0.0, 0.0, 0.0, 1.0]], [[0.0017853101016953588, 0.9995583891868591, -0.029664183035492897, 0.00274658203125], [-0.03428686782717705, -0.02958560362458229, -0.9989740252494812, 1.5781002044677734], [-0.9994104504585266, 0.0028005712665617466, 0.03421890363097191, -0.0347900390625], [0.0, 0.0, 0.0, 1.0]], [[-0.9350547790527344, 0.3544858396053314, -0.0035158221144229174, 1.0762939453125], [-0.0017237018328160048, -0.014463779516518116, -0.9998939037322998, 1.5513415336608887], [-0.35449910163879395, -0.9349495768547058, 0.014135454781353474, -0.0860137939453125], [0.0, 0.0, 0.0, 1.0]]], "view": [[0.0, -2.0, 100.0], [-2.0, 0.0, 100.0], [0.0, 0.0, 1.0]], "bev": "bev_1af1bfed8d9d424e94e9c12c3ab42831.png", "aux": "aux_1af1bfed8d9d424e94e9c12c3ab42831.npz", "visibility": "visibility_1af1bfed8d9d424e94e9c12c3ab42831.png", "pose": [[0.08693822473287582, 0.9962137341499329, 0.0, 529.2733764648438], [-0.9962137341499329, 0.08693822473287582, 0.0, 1490.73974609375], [0.0, 0.0, 1.0, 0.0], [0.0, 0.0, 0.0, 1.0]], "pose_inverse": [[0.08693822473287582, -0.9962137341499329, 0.0, 1439.081298828125], [0.9962137341499329, 0.08693822473287582, 0.0, -656.8716430664062], [0.0, 0.0, 1.0, 0.0], [0.0, 0.0, 0.0, 1.0]], "cam_ids": [0, 1, 2, 3, 4, 5], "cam_channels": ["CAM_FRONT_LEFT", "CAM_FRONT", "CAM_FRONT_RIGHT", "CAM_BACK_LEFT", "CAM_BACK", "CAM_BACK_RIGHT"], "token": "1af1bfed8d9d424e94e9c12c3ab42831", "scene": "scene-0353"}, {"images": ["samples/CAM_FRONT_LEFT/n015-2018-08-02-17-28-51+0800__CAM_FRONT_LEFT__1533202470504844.jpg", "samples/CAM_FRONT/n015-2018-08-02-17-28-51+0800__CAM_FRONT__1533202470512460.jpg", "samples/CAM_FRONT_RIGHT/n015-2018-08-02-17-28-51+0800__CAM_FRONT_RIGHT__1533202470520339.jpg", "samples/CAM_BACK_LEFT/n015-2018-08-02-17-28-51+0800__CAM_BACK_LEFT__1533202470550618.jpg", "samples/CAM_BACK/n015-2018-08-02-17-28-51+0800__CAM_BACK__1533202470537525.jpg", "samples/CAM_BACK_RIGHT/n015-2018-08-02-17-28-51+0800__CAM_BACK_RIGHT__1533202470527893.jpg"], "intrinsics": [[[1272.5979470598488, 0.0, 826.6154927353808], [0.0, 1272.5979470598488, 479.75165386361925], [0.0, 0.0, 1.0]], [[1266.417203046554, 0.0, 816.2670197447984], [0.0, 1266.417203046554, 491.50706579294757], [0.0, 0.0, 1.0]], [[1260.8474446004698, 0.0, 807.968244525554], [0.0, 1260.8474446004698, 495.3344268742088], [0.0, 0.0, 1.0]], [[1256.7414812095406, 0.0, 792.1125740759628], [0.0, 1256.7414812095406, 492.7757465151356], [0.0, 0.0, 1.0]], [[809.2209905677063, 0.0, 829.2196003259838], [0.0, 809.2209905677063, 481.77842384512485], [0.0, 0.0, 1.0]], [[1259.5137405846733, 0.0, 807.2529053838625], [0.0, 1259.5137405846733, 501.19579884916527], [0.0, 0.0, 1.0]]], "extrinsics": [[[0.8207417130470276, -0.5712993144989014, 0.00022565880499314517, -0.8353271484375], [-0.011390173807740211, -0.016758296638727188, -0.9997947216033936, 1.5064430236816406], [0.5711857676506042, 0.8205705881118774, -0.020261432975530624, -1.189697265625], [0.0, 0.0, 0.0, 1.0]], [[0.005809559486806393, -0.9997684955596924, 0.020713595673441887, 0.005615234375], [-0.01648825965821743, -0.020806899294257164, -0.9996475577354431, 1.5183544158935547], [0.9998471736907959, 0.005465977359563112, -0.016605323180556297, -1.5604248046875], [0.0, 0.0, 0.0, 1.0]], [[-0.8329066634178162, -0.5533067584037781, 0.010863061062991619, 0.9454345703125], [-0.010659335181117058, -0.0035859718918800354, -0.9999367594718933, 1.502532958984375], [0.5533108115196228, -0.8329697251319885, -0.0029111034236848354, -1.1912841796875], [0.0, 0.0, 0.0, 1.0]], [[0.9476627707481384, 0.31905001401901245, -0.011930752545595169, -1.1500244140625], [-0.0010862230556085706, -0.03414641693234444, -0.9994162321090698, 1.5885658264160156], [-0.31927114725112915, 0.9471225142478943, -0.032012734562158585, -0.1011962890625], [0.0, 0.0, 0.0, 1.0]], [[0.002189402934163809, 0.9997080564498901, -0.024061869829893112, 0.00299072265625], [-0.026891984045505524, -0.023994363844394684, -0.999350368976593, 1.5782299041748047], [-0.9996358752250671, 0.0028350462671369314, 0.026831600815057755, -0.0399169921875], [0.0, 0.0, 0.0, 1.0]], [[-0.9348881840705872, 0.3548487722873688, -0.0081348717212677, 1.063720703125], [0.0054375710897147655, -0.008597828447818756, -0.999948263168335, 1.551870346069336], [-0.3549003601074219, -0.9348841309547424, 0.006108492147177458, -0.0913238525390625], [0.0, 0.0, 0.0, 1.0]]], "view": [[0.0, -2.0, 100.0], [-2.0, 0.0, 100.0], [0.0, 0.0, 1.0]], "bev": "bev_29f07416cd9749c6a139e029f8bff421.png", "aux": "aux_29f07416cd9749c6a139e029f8bff421.npz", "visibility": "visibility_29f07416cd9749c6a139e029f8bff421.png", "pose": [[0.08639011532068253, 0.9962613582611084, 0.0, 529.41064453125], [-0.9962613582611084, 0.08639011532068253, 0.0, 1489.1669921875], [0.0, 0.0, 1.0, 0.0], [0.0, 0.0, 0.0, 1.0]], "pose_inverse": [[0.08639011532068253, -0.9962613582611084, 0.0, 1437.86376953125], [0.9962613582611084, 0.08639011532068253, 0.0, -656.0806884765625], [0.0, 0.0, 1.0, 0.0], [0.0, 0.0, 0.0, 1.0]], "cam_ids": [0, 1, 2, 3, 4, 5], "cam_channels": ["CAM_FRONT_LEFT", "CAM_FRONT", "CAM_FRONT_RIGHT", "CAM_BACK_LEFT", "CAM_BACK", "CAM_BACK_RIGHT"], "token": "29f07416cd9749c6a139e029f8bff421", "scene": "scene-0353"}, {"images": ["samples/CAM_FRONT_LEFT/n015-2018-08-02-17-28-51+0800__CAM_FRONT_LEFT__1533202471004844.jpg", "samples/CAM_FRONT/n015-2018-08-02-17-28-51+0800__CAM_FRONT__1533202471012460.jpg", "samples/CAM_FRONT_RIGHT/n015-2018-08-02-17-28-51+0800__CAM_FRONT_RIGHT__1533202471020339.jpg", "samples/CAM_BACK_LEFT/n015-2018-08-02-17-28-51+0800__CAM_BACK_LEFT__1533202471047423.jpg", "samples/CAM_BACK/n015-2018-08-02-17-28-51+0800__CAM_BACK__1533202471037525.jpg", "samples/CAM_BACK_RIGHT/n015-2018-08-02-17-28-51+0800__CAM_BACK_RIGHT__1533202471027893.jpg"], "intrinsics": [[[1272.5979470598488, 0.0, 826.6154927353808], [0.0, 1272.5979470598488, 479.75165386361925], [0.0, 0.0, 1.0]], [[1266.417203046554, 0.0, 816.2670197447984], [0.0, 1266.417203046554, 491.50706579294757], [0.0, 0.0, 1.0]], [[1260.8474446004698, 0.0, 807.968244525554], [0.0, 1260.8474446004698, 495.3344268742088], [0.0, 0.0, 1.0]], [[1256.7414812095406, 0.0, 792.1125740759628], [0.0, 1256.7414812095406, 492.7757465151356], [0.0, 0.0, 1.0]], [[809.2209905677063, 0.0, 829.2196003259838], [0.0, 809.2209905677063, 481.77842384512485], [0.0, 0.0, 1.0]], [[1259.5137405846733, 0.0, 807.2529053838625], [0.0, 1259.5137405846733, 501.19579884916527], [0.0, 0.0, 1.0]]], "extrinsics": [[[0.8210263848304749, -0.5707467794418335, 0.012796605005860329, -0.8087158203125], [0.0013678837567567825, -0.020448382943868637, -0.9997899532318115, 1.5085277557373047], [0.5708885788917542, 0.8208714723587036, -0.01600794494152069, -1.172760009765625], [0.0, 0.0, 0.0, 1.0]], [[0.006062922067940235, -0.9996808767318726, 0.024523179978132248, 0.00689697265625], [-0.0038155780639499426, -0.024546580389142036, -0.9996914267539978, 1.5199518203735352], [0.9999743103981018, 0.005967469420284033, -0.003963184542953968, -1.53466796875], [0.0, 0.0, 0.0, 1.0]], [[-0.8327542543411255, -0.5536372661590576, 0.0024833055213093758, 0.9293212890625], [0.0019195080967620015, -0.007372536230832338, -0.9999709129333496, 1.5038871765136719], [0.5536394715309143, -0.8327252268791199, 0.007202222011983395, -1.17919921875], [0.0, 0.0, 0.0, 1.0]], [[0.9477723240852356, 0.3189425468444824, -0.0018233256414532661, -1.13330078125], [0.010874628089368343, -0.03802744671702385, -0.9992175102233887, 1.5886611938476562], [-0.31876227259635925, 0.94701087474823, -0.039509743452072144, -0.1068115234375], [0.0, 0.0, 0.0, 1.0]], [[0.002367492765188217, 0.9996078014373779, -0.027904897928237915, 0.002685546875], [-0.014623492956161499, -0.027867384254932404, -0.9995046854019165, 1.5786136388778687], [-0.9998902082443237, 0.002774384804069996, 0.014551780186593533, -0.0496826171875], [0.0, 0.0, 0.0, 1.0]], [[-0.9348189234733582, 0.35449448227882385, -0.021144689992070198, 1.0498046875], [0.017900632694363594, -0.012428456917405128, -0.9997625350952148, 1.5531082153320312], [-0.3546731173992157, -0.9349755048751831, 0.0052726794965565205, -0.09575653076171875], [0.0, 0.0, 0.0, 1.0]]], "view": [[0.0, -2.0, 100.0], [-2.0, 0.0, 100.0], [0.0, 0.0, 1.0]], "bev": "bev_bc0d132cddfc440881574760f9abf554.png", "aux": "aux_bc0d132cddfc440881574760f9abf554.npz", "visibility": "visibility_bc0d132cddfc440881574760f9abf554.png", "pose": [[0.08322733640670776, 0.9965305924415588, 0.0, 529.5748291015625], [-0.9965305924415588, 0.08322733640670776, 0.0, 1487.1767578125], [0.0, 0.0, 1.0, 0.0], [0.0, 0.0, 0.0, 1.0]], "pose_inverse": [[0.08322733640670776, -0.9965305924415588, 0.0, 1437.9420166015625], [0.9965305924415588, 0.08322733640670776, 0.0, -651.5112915039062], [0.0, 0.0, 1.0, 0.0], [0.0, 0.0, 0.0, 1.0]], "cam_ids": [0, 1, 2, 3, 4, 5], "cam_channels": ["CAM_FRONT_LEFT", "CAM_FRONT", "CAM_FRONT_RIGHT", "CAM_BACK_LEFT", "CAM_BACK", "CAM_BACK_RIGHT"], "token": "bc0d132cddfc440881574760f9abf554", "scene": "scene-0353"}, {"images": ["samples/CAM_FRONT_LEFT/n015-2018-08-02-17-28-51+0800__CAM_FRONT_LEFT__1533202471504844.jpg", "samples/CAM_FRONT/n015-2018-08-02-17-28-51+0800__CAM_FRONT__1533202471512460.jpg", "samples/CAM_FRONT_RIGHT/n015-2018-08-02-17-28-51+0800__CAM_FRONT_RIGHT__1533202471520339.jpg", "samples/CAM_BACK_LEFT/n015-2018-08-02-17-28-51+0800__CAM_BACK_LEFT__1533202471547877.jpg", "samples/CAM_BACK/n015-2018-08-02-17-28-51+0800__CAM_BACK__1533202471537525.jpg", "samples/CAM_BACK_RIGHT/n015-2018-08-02-17-28-51+0800__CAM_BACK_RIGHT__1533202471527893.jpg"], "intrinsics": [[[1272.5979470598488, 0.0, 826.6154927353808], [0.0, 1272.5979470598488, 479.75165386361925], [0.0, 0.0, 1.0]], [[1266.417203046554, 0.0, 816.2670197447984], [0.0, 1266.417203046554, 491.50706579294757], [0.0, 0.0, 1.0]], [[1260.8474446004698, 0.0, 807.968244525554], [0.0, 1260.8474446004698, 495.3344268742088], [0.0, 0.0, 1.0]], [[1256.7414812095406, 0.0, 792.1125740759628], [0.0, 1256.7414812095406, 492.7757465151356], [0.0, 0.0, 1.0]], [[809.2209905677063, 0.0, 829.2196003259838], [0.0, 809.2209905677063, 481.77842384512485], [0.0, 0.0, 1.0]], [[1259.5137405846733, 0.0, 807.2529053838625], [0.0, 1259.5137405846733, 501.19579884916527], [0.0, 0.0, 1.0]]], "extrinsics": [[[0.8209391832351685, -0.5707905292510986, 0.016028201207518578, -0.7862548828125], [0.0021878855768591166, -0.024925189092755318, -0.9996869564056396, 1.5087013244628906], [0.5710113644599915, 0.8207172155380249, -0.0192132405936718, -1.154876708984375], [0.0, 0.0, 0.0, 1.0]], [[0.005922093987464905, -0.9995638132095337, 0.028931114822626114, 0.00543212890625], [-0.0030404669232666492, -0.028949489817023277, -0.9995762705802917, 1.5199613571166992], [0.9999778866767883, 0.005831603426486254, -0.003210582537576556, -1.5111083984375], [0.0, 0.0, 0.0, 1.0]], [[-0.8328111171722412, -0.5535407662391663, 0.004270147532224655, 0.91302490234375], [0.002650992013514042, -0.011702149175107479, -0.9999279975891113, 1.5040159225463867], [0.5535507798194885, -0.8327398300170898, 0.011213112622499466, -1.169921875], [0.0, 0.0, 0.0, 1.0]], [[0.9477748870849609, 0.3189305365085602, -0.0024662974756211042, -1.134521484375], [0.01151319220662117, -0.041939787566661835, -0.9990537762641907, 1.5886459350585938], [-0.31873220205307007, 0.9468497037887573, -0.043421387672424316, -0.106201171875], [0.0, 0.0, 0.0, 1.0]], [[0.0024287421256303787, 0.999484658241272, -0.03201057016849518, 0.00323486328125], [-0.013957781717181206, -0.031973663717508316, -0.9993912577629089, 1.5785270929336548], [-0.999899685382843, 0.0028740724083036184, 0.013872931711375713, -0.0567626953125], [0.0, 0.0, 0.0, 1.0]], [[-0.9347760677337646, 0.3544725477695465, -0.023298071697354317, 1.0372314453125], [0.018591225147247314, -0.016678782179951668, -0.9996880292892456, 1.5534133911132812], [-0.3547505736351013, -0.934917688369751, 0.009000848978757858, -0.101654052734375], [0.0, 0.0, 0.0, 1.0]]], "view": [[0.0, -2.0, 100.0], [-2.0, 0.0, 100.0], [0.0, 0.0, 1.0]], "bev": "bev_b6c7ab3c6f294a42b9a9b01dd9e99127.png", "aux": "aux_b6c7ab3c6f294a42b9a9b01dd9e99127.npz", "visibility": "visibility_b6c7ab3c6f294a42b9a9b01dd9e99127.png", "pose": [[0.0774347111582756, 0.9969974160194397, 0.0, 529.75927734375], [-0.9969974160194397, 0.0774347111582756, 0.0, 1484.867919921875], [0.0, 0.0, 1.0, 0.0], [0.0, 0.0, 0.0, 1.0]], "pose_inverse": [[0.0774347111582756, -0.9969974160194397, 0.0, 1439.3876953125], [0.9969974160194397, 0.0774347111582756, 0.0, -643.14892578125], [0.0, 0.0, 1.0, 0.0], [0.0, 0.0, 0.0, 1.0]], "cam_ids": [0, 1, 2, 3, 4, 5], "cam_channels": ["CAM_FRONT_LEFT", "CAM_FRONT", "CAM_FRONT_RIGHT", "CAM_BACK_LEFT", "CAM_BACK", "CAM_BACK_RIGHT"], "token": "b6c7ab3c6f294a42b9a9b01dd9e99127", "scene": "scene-0353"}, {"images": ["samples/CAM_FRONT_LEFT/n015-2018-08-02-17-28-51+0800__CAM_FRONT_LEFT__1533202472004844.jpg", "samples/CAM_FRONT/n015-2018-08-02-17-28-51+0800__CAM_FRONT__1533202472012460.jpg", "samples/CAM_FRONT_RIGHT/n015-2018-08-02-17-28-51+0800__CAM_FRONT_RIGHT__1533202472020339.jpg", "samples/CAM_BACK_LEFT/n015-2018-08-02-17-28-51+0800__CAM_BACK_LEFT__1533202472047423.jpg", "samples/CAM_BACK/n015-2018-08-02-17-28-51+0800__CAM_BACK__1533202472037525.jpg", "samples/CAM_BACK_RIGHT/n015-2018-08-02-17-28-51+0800__CAM_BACK_RIGHT__1533202472027893.jpg"], "intrinsics": [[[1272.5979470598488, 0.0, 826.6154927353808], [0.0, 1272.5979470598488, 479.75165386361925], [0.0, 0.0, 1.0]], [[1266.417203046554, 0.0, 816.2670197447984], [0.0, 1266.417203046554, 491.50706579294757], [0.0, 0.0, 1.0]], [[1260.8474446004698, 0.0, 807.968244525554], [0.0, 1260.8474446004698, 495.3344268742088], [0.0, 0.0, 1.0]], [[1256.7414812095406, 0.0, 792.1125740759628], [0.0, 1256.7414812095406, 492.7757465151356], [0.0, 0.0, 1.0]], [[809.2209905677063, 0.0, 829.2196003259838], [0.0, 809.2209905677063, 481.77842384512485], [0.0, 0.0, 1.0]], [[1259.5137405846733, 0.0, 807.2529053838625], [0.0, 1259.5137405846733, 501.19579884916527], [0.0, 0.0, 1.0]]], "extrinsics": [[[0.8212109804153442, -0.5705069303512573, 0.011591526679694653, -0.755126953125], [-0.0013201666297391057, -0.02221321314573288, -0.999752402305603, 1.5079364776611328], [0.5706231594085693, 0.8209923505783081, -0.018994897603988647, -1.1358642578125], [0.0, 0.0, 0.0, 1.0]], [[0.006372172851115465, -0.9996410608291626, 0.026019657030701637, 0.00732421875], [-0.006705155596137047, -0.026062313467264175, -0.9996378421783447, 1.5191335678100586], [0.9999571442604065, 0.006195405498147011, -0.0068688225001096725, -1.479736328125], [0.0, 0.0, 0.0, 1.0]], [[-0.8326383829116821, -0.5537869334220886, 0.0057648527435958385, 0.8934326171875], [-0.0011845636181533337, -0.008628444746136665, -0.9999620914459229, 1.503453016281128], [0.5538156628608704, -0.8326136469841003, 0.006528381258249283, -1.155517578125], [0.0, 0.0, 0.0, 1.0]], [[0.9477545619010925, 0.31895607709884644, -0.005315687041729689, -1.131103515625], [0.007236438803374767, -0.03815585747361183, -0.9992455840110779, 1.5886421203613281], [-0.31891825795173645, 0.9470010995864868, -0.03847049921751022, -0.1075439453125], [0.0, 0.0, 0.0, 1.0]], [[0.002192062558606267, 0.9995916485786438, -0.0284903384745121, 0.002685546875], [-0.01810571178793907, -0.02844606153666973, -0.999431312084198, 1.5781245231628418], [-0.9998337030410767, 0.002706643659621477, 0.01803596317768097, -0.0665283203125], [0.0, 0.0, 0.0, 1.0]], [[-0.9349327683448792, 0.3543461561203003, -0.018425356596708298, 1.0203857421875], [0.014621488749980927, -0.013409553095698357, -0.9998031854629517, 1.5532646179199219], [-0.35452353954315186, -0.9350181221961975, 0.007355960085988045, -0.1069793701171875], [0.0, 0.0, 0.0, 1.0]]], "view": [[0.0, -2.0, 100.0], [-2.0, 0.0, 100.0], [0.0, 0.0, 1.0]], "bev": "bev_236b43f7b21b47bab77729de63f91908.png", "aux": "aux_236b43f7b21b47bab77729de63f91908.npz", "visibility": "visibility_236b43f7b21b47bab77729de63f91908.png", "pose": [[0.06886864453554153, 0.9976257085800171, 0.0, 529.9525756835938], [-0.9976257085800171, 0.06886864453554153, 0.0, 1482.2025146484375], [0.0, 0.0, 1.0, 0.0], [0.0, 0.0, 0.0, 1.0]], "pose_inverse": [[0.06886864453554153, -0.9976257085800171, 0.0, 1442.186279296875], [0.9976257085800171, 0.06886864453554153, 0.0, -630.7716064453125], [0.0, 0.0, 1.0, 0.0], [0.0, 0.0, 0.0, 1.0]], "cam_ids": [0, 1, 2, 3, 4, 5], "cam_channels": ["CAM_FRONT_LEFT", "CAM_FRONT", "CAM_FRONT_RIGHT", "CAM_BACK_LEFT", "CAM_BACK", "CAM_BACK_RIGHT"], "token": "236b43f7b21b47bab77729de63f91908", "scene": "scene-0353"}, {"images": ["samples/CAM_FRONT_LEFT/n015-2018-08-02-17-28-51+0800__CAM_FRONT_LEFT__1533202472504844.jpg", "samples/CAM_FRONT/n015-2018-08-02-17-28-51+0800__CAM_FRONT__1533202472512460.jpg", "samples/CAM_FRONT_RIGHT/n015-2018-08-02-17-28-51+0800__CAM_FRONT_RIGHT__1533202472520339.jpg", "samples/CAM_BACK_LEFT/n015-2018-08-02-17-28-51+0800__CAM_BACK_LEFT__1533202472547423.jpg", "samples/CAM_BACK/n015-2018-08-02-17-28-51+0800__CAM_BACK__1533202472537525.jpg", "samples/CAM_BACK_RIGHT/n015-2018-08-02-17-28-51+0800__CAM_BACK_RIGHT__1533202472527893.jpg"], "intrinsics": [[[1272.5979470598488, 0.0, 826.6154927353808], [0.0, 1272.5979470598488, 479.75165386361925], [0.0, 0.0, 1.0]], [[1266.417203046554, 0.0, 816.2670197447984], [0.0, 1266.417203046554, 491.50706579294757], [0.0, 0.0, 1.0]], [[1260.8474446004698, 0.0, 807.968244525554], [0.0, 1260.8474446004698, 495.3344268742088], [0.0, 0.0, 1.0]], [[1256.7414812095406, 0.0, 792.1125740759628], [0.0, 1256.7414812095406, 492.7757465151356], [0.0, 0.0, 1.0]], [[809.2209905677063, 0.0, 829.2196003259838], [0.0, 809.2209905677063, 481.77842384512485], [0.0, 0.0, 1.0]], [[1259.5137405846733, 0.0, 807.2529053838625], [0.0, 1259.5137405846733, 501.19579884916527], [0.0, 0.0, 1.0]]], "extrinsics": [[[0.8212879300117493, -0.5704292058944702, 0.009829684160649776, -0.729248046875], [0.0011417578207328916, -0.015586110763251781, -0.9998778700828552, 1.5085954666137695], [0.5705127716064453, 0.8211988210678101, -0.012149392627179623, -1.1182861328125], [0.0, 0.0, 0.0, 1.0]], [[0.006441184319555759, -0.9997915029525757, 0.019376210868358612, 0.00775146484375], [-0.004153870511800051, -0.01940319873392582, -0.9998031258583069, 1.5195693969726562], [0.999970555305481, 0.006359435617923737, -0.004277984611690044, -1.454833984375], [0.0, 0.0, 0.0, 1.0]], [[-0.8325908780097961, -0.553888201713562, -0.00014385888061951846, 0.87786865234375], [0.0014583902666345239, -0.0019324905006214976, -0.999997079372406, 1.5039176940917969], [0.5538862347602844, -0.832588791847229, 0.002416760427877307, -1.14501953125], [0.0, 0.0, 0.0, 1.0]], [[0.9477537870407104, 0.319002628326416, -0.0003811733331531286, -1.13427734375], [0.010196004062891006, -0.03148646280169487, -0.9994521737098694, 1.5886421203613281], [-0.3188398480415344, 0.9472306370735168, -0.03309396654367447, -0.1065673828125], [0.0, 0.0, 0.0, 1.0]], [[0.002215535379946232, 0.9997598528862, -0.021801389753818512, 0.00262451171875], [-0.015240903943777084, -0.021765150129795074, -0.9996469616889954, 1.578244686126709], [-0.999881386756897, 0.0025470342952758074, 0.01518902275711298, -0.071533203125], [0.0, 0.0, 0.0, 1.0]], [[-0.9349076151847839, 0.35440269112586975, -0.018611539155244827, 1.0084228515625], [0.017362350597977638, -0.006704580504447222, -0.9998267889022827, 1.553823471069336], [-0.3544660806655884, -0.9350689053535461, 0.00011490034376038238, -0.11145782470703125], [0.0, 0.0, 0.0, 1.0]]], "view": [[0.0, -2.0, 100.0], [-2.0, 0.0, 100.0], [0.0, 0.0, 1.0]], "bev": "bev_1abf1e38bcf241bfb5c8be39e757b8c0.png", "aux": "aux_1abf1e38bcf241bfb5c8be39e757b8c0.npz", "visibility": "visibility_1abf1e38bcf241bfb5c8be39e757b8c0.png", "pose": [[0.059816647320985794, 0.9982093572616577, 0.0, 530.1369018554688], [-0.9982093572616577, 0.059816647320985794, 0.0, 1479.174072265625], [0.0, 0.0, 1.0, 0.0], [0.0, 0.0, 0.0, 1.0]], "pose_inverse": [[0.059816647320985794, -0.9982093572616577, 0.0, 1444.814453125], [0.9982093572616577, 0.059816647320985794, 0.0, -617.6668701171875], [0.0, 0.0, 1.0, 0.0], [0.0, 0.0, 0.0, 1.0]], "cam_ids": [0, 1, 2, 3, 4, 5], "cam_channels": ["CAM_FRONT_LEFT", "CAM_FRONT", "CAM_FRONT_RIGHT", "CAM_BACK_LEFT", "CAM_BACK", "CAM_BACK_RIGHT"], "token": "1abf1e38bcf241bfb5c8be39e757b8c0", "scene": "scene-0353"}, {"images": ["samples/CAM_FRONT_LEFT/n015-2018-08-02-17-28-51+0800__CAM_FRONT_LEFT__1533202473004844.jpg", "samples/CAM_FRONT/n015-2018-08-02-17-28-51+0800__CAM_FRONT__1533202473012460.jpg", "samples/CAM_FRONT_RIGHT/n015-2018-08-02-17-28-51+0800__CAM_FRONT_RIGHT__1533202473020339.jpg", "samples/CAM_BACK_LEFT/n015-2018-08-02-17-28-51+0800__CAM_BACK_LEFT__1533202473047423.jpg", "samples/CAM_BACK/n015-2018-08-02-17-28-51+0800__CAM_BACK__1533202473037525.jpg", "samples/CAM_BACK_RIGHT/n015-2018-08-02-17-28-51+0800__CAM_BACK_RIGHT__1533202473027893.jpg"], "intrinsics": [[[1272.5979470598488, 0.0, 826.6154927353808], [0.0, 1272.5979470598488, 479.75165386361925], [0.0, 0.0, 1.0]], [[1266.417203046554, 0.0, 816.2670197447984], [0.0, 1266.417203046554, 491.50706579294757], [0.0, 0.0, 1.0]], [[1260.8474446004698, 0.0, 807.968244525554], [0.0, 1260.8474446004698, 495.3344268742088], [0.0, 0.0, 1.0]], [[1256.7414812095406, 0.0, 792.1125740759628], [0.0, 1256.7414812095406, 492.7757465151356], [0.0, 0.0, 1.0]], [[809.2209905677063, 0.0, 829.2196003259838], [0.0, 809.2209905677063, 481.77842384512485], [0.0, 0.0, 1.0]], [[1259.5137405846733, 0.0, 807.2529053838625], [0.0, 1259.5137405846733, 501.19579884916527], [0.0, 0.0, 1.0]]], "extrinsics": [[[0.8215959668159485, -0.5700221657752991, 0.007404578384011984, -0.7119140625], [0.0012654067249968648, -0.011165282689034939, -0.9999368786811829, 1.508650779724121], [0.5700688362121582, 0.8215534687042236, -0.008452040143311024, -1.1060791015625], [0.0, 0.0, 0.0, 1.0]], [[0.006873448844999075, -0.9998596906661987, 0.015271774493157864, 0.00775146484375], [-0.0040960730984807014, -0.015300161205232143, -0.9998745918273926, 1.5195090770721436], [0.9999680519104004, 0.006810029968619347, -0.004200663883239031, -1.4385986328125], [0.0, 0.0, 0.0, 1.0]], [[-0.8324028253555298, -0.5541666746139526, -0.0022217058576643467, 0.86749267578125], [0.0014398283092305064, 0.0018463463056832552, -0.9999971985816956, 1.5039281845092773], [0.554169237613678, -0.8324037194252014, -0.0007389974780380726, -1.1380615234375], [0.0, 0.0, 0.0, 1.0]], [[0.9477791786193848, 0.31892722845077515, 0.00023342453641816974, -1.1343994140625], [0.009941394440829754, -0.028811998665332794, -0.9995353817939758, 1.5886363983154297], [-0.3187723159790039, 0.9473412036895752, -0.030477995052933693, -0.1063232421875], [0.0, 0.0, 0.0, 1.0]], [[0.002116874326020479, 0.9998219013214111, -0.018757831305265427, 0.002685546875], [-0.015409674495458603, -0.018723029643297195, -0.999705970287323, 1.5781641006469727], [-0.999879002571106, 0.0024053028319031, 0.015367292799055576, -0.076171875], [0.0, 0.0, 0.0, 1.0]], [[-0.9349980354309082, 0.354230672121048, -0.017299871891736984, 1.0], [0.01726791448891163, -0.0032513721380382776, -0.9998456239700317, 1.5539665222167969], [-0.35423219203948975, -0.9351524710655212, -0.0030767989810556173, -0.11474609375], [0.0, 0.0, 0.0, 1.0]]], "view": [[0.0, -2.0, 100.0], [-2.0, 0.0, 100.0], [0.0, 0.0, 1.0]], "bev": "bev_45ce7277b37e48989243eb6e79f341c3.png", "aux": "aux_45ce7277b37e48989243eb6e79f341c3.npz", "visibility": "visibility_45ce7277b37e48989243eb6e79f341c3.png", "pose": [[0.04713205620646477, 0.9988886713981628, 0.0, 530.3126831054688], [-0.9988886713981628, 0.04713205620646477, 0.0, 1475.7952880859375], [0.0, 0.0, 1.0, 0.0], [0.0, 0.0, 0.0, 1.0]], "pose_inverse": [[0.04713205620646477, -0.9988886713981628, 0.0, 1449.160400390625], [0.9988886713981628, 0.04713205620646477, 0.0, -599.2805786132812], [0.0, 0.0, 1.0, 0.0], [0.0, 0.0, 0.0, 1.0]], "cam_ids": [0, 1, 2, 3, 4, 5], "cam_channels": ["CAM_FRONT_LEFT", "CAM_FRONT", "CAM_FRONT_RIGHT", "CAM_BACK_LEFT", "CAM_BACK", "CAM_BACK_RIGHT"], "token": "45ce7277b37e48989243eb6e79f341c3", "scene": "scene-0353"}, {"images": ["samples/CAM_FRONT_LEFT/n015-2018-08-02-17-28-51+0800__CAM_FRONT_LEFT__1533202473504844.jpg", "samples/CAM_FRONT/n015-2018-08-02-17-28-51+0800__CAM_FRONT__1533202473512460.jpg", "samples/CAM_FRONT_RIGHT/n015-2018-08-02-17-28-51+0800__CAM_FRONT_RIGHT__1533202473520339.jpg", "samples/CAM_BACK_LEFT/n015-2018-08-02-17-28-51+0800__CAM_BACK_LEFT__1533202473547423.jpg", "samples/CAM_BACK/n015-2018-08-02-17-28-51+0800__CAM_BACK__1533202473537525.jpg", "samples/CAM_BACK_RIGHT/n015-2018-08-02-17-28-51+0800__CAM_BACK_RIGHT__1533202473527893.jpg"], "intrinsics": [[[1272.5979470598488, 0.0, 826.6154927353808], [0.0, 1272.5979470598488, 479.75165386361925], [0.0, 0.0, 1.0]], [[1266.417203046554, 0.0, 816.2670197447984], [0.0, 1266.417203046554, 491.50706579294757], [0.0, 0.0, 1.0]], [[1260.8474446004698, 0.0, 807.968244525554], [0.0, 1260.8474446004698, 495.3344268742088], [0.0, 0.0, 1.0]], [[1256.7414812095406, 0.0, 792.1125740759628], [0.0, 1256.7414812095406, 492.7757465151356], [0.0, 0.0, 1.0]], [[809.2209905677063, 0.0, 829.2196003259838], [0.0, 809.2209905677063, 481.77842384512485], [0.0, 0.0, 1.0]], [[1259.5137405846733, 0.0, 807.2529053838625], [0.0, 1259.5137405846733, 501.19579884916527], [0.0, 0.0, 1.0]]], "extrinsics": [[[0.822158932685852, -0.5692508816719055, 0.0028558021876960993, -0.6849365234375], [-0.004942955449223518, -0.012155361473560333, -0.9999138712882996, 1.506587028503418], [0.5692366361618042, 0.8220739960670471, -0.012807420454919338, -1.088043212890625], [0.0, 0.0, 0.0, 1.0]], [[0.007765383925288916, -0.9998400807380676, 0.016109483316540718, 0.00848388671875], [-0.01011745072901249, -0.016187703236937523, -0.9998177886009216, 1.517709732055664], [0.9999186396598816, 0.007600982673466206, -0.010241536423563957, -1.4110107421875], [0.0, 0.0, 0.0, 1.0]], [[-0.8320497870445251, -0.5546924471855164, 0.0030686338432133198, 0.84912109375], [-0.004404339008033276, 0.0010745178442448378, -0.9999896883964539, 1.5026721954345703], [0.5546834468841553, -0.8320547342300415, -0.003337104804813862, -1.1253662109375], [0.0, 0.0, 0.0, 1.0]], [[0.9477192163467407, 0.3190660774707794, -0.005009105429053307, -1.130126953125], [0.004507866688072681, -0.029082149267196655, -0.9995667934417725, 1.588613510131836], [-0.3190735876560211, 0.9472861886024475, -0.029000017791986465, -0.1077880859375], [0.0, 0.0, 0.0, 1.0]], [[0.0017051557078957558, 0.9998142719268799, -0.019200149923563004, 0.0025634765625], [-0.020948097109794617, -0.019160253927111626, -0.9995969533920288, 1.5775032043457031], [-0.9997791051864624, 0.0021066751796752214, 0.020911533385515213, -0.0870361328125], [0.0, 0.0, 0.0, 1.0]], [[-0.9352496862411499, 0.35377827286720276, -0.0122026102617383, 0.9835205078125], [0.01158236712217331, -0.0038704946637153625, -0.999925434589386, 1.5533428192138672], [-0.35379913449287415, -0.9353212714195251, -0.0004777121648658067, -0.12053298950195312], [0.0, 0.0, 0.0, 1.0]]], "view": [[0.0, -2.0, 100.0], [-2.0, 0.0, 100.0], [0.0, 0.0, 1.0]], "bev": "bev_db72cafb40de431f8178df9f038d3941.png", "aux": "aux_db72cafb40de431f8178df9f038d3941.npz", "visibility": "visibility_db72cafb40de431f8178df9f038d3941.png", "pose": [[0.021770697087049484, 0.999763011932373, 0.0, 530.4312133789062], [-0.999763011932373, 0.021770697087049484, 0.0, 1472.0941162109375], [0.0, 0.0, 1.0, 0.0], [0.0, 0.0, 0.0, 1.0]], "pose_inverse": [[0.021770697087049484, -0.999763011932373, 0.0, 1460.1973876953125], [0.999763011932373, 0.021770697087049484, 0.0, -562.35400390625], [0.0, 0.0, 1.0, 0.0], [0.0, 0.0, 0.0, 1.0]], "cam_ids": [0, 1, 2, 3, 4, 5], "cam_channels": ["CAM_FRONT_LEFT", "CAM_FRONT", "CAM_FRONT_RIGHT", "CAM_BACK_LEFT", "CAM_BACK", "CAM_BACK_RIGHT"], "token": "db72cafb40de431f8178df9f038d3941", "scene": "scene-0353"}, {"images": ["samples/CAM_FRONT_LEFT/n015-2018-08-02-17-28-51+0800__CAM_FRONT_LEFT__1533202474104844.jpg", "samples/CAM_FRONT/n015-2018-08-02-17-28-51+0800__CAM_FRONT__1533202474112460.jpg", "samples/CAM_FRONT_RIGHT/n015-2018-08-02-17-28-51+0800__CAM_FRONT_RIGHT__1533202474120339.jpg", "samples/CAM_BACK_LEFT/n015-2018-08-02-17-28-51+0800__CAM_BACK_LEFT__1533202474147428.jpg", "samples/CAM_BACK/n015-2018-08-02-17-28-51+0800__CAM_BACK__1533202474137525.jpg", "samples/CAM_BACK_RIGHT/n015-2018-08-02-17-28-51+0800__CAM_BACK_RIGHT__1533202474127987.jpg"], "intrinsics": [[[1272.5979470598488, 0.0, 826.6154927353808], [0.0, 1272.5979470598488, 479.75165386361925], [0.0, 0.0, 1.0]], [[1266.417203046554, 0.0, 816.2670197447984], [0.0, 1266.417203046554, 491.50706579294757], [0.0, 0.0, 1.0]], [[1260.8474446004698, 0.0, 807.968244525554], [0.0, 1260.8474446004698, 495.3344268742088], [0.0, 0.0, 1.0]], [[1256.7414812095406, 0.0, 792.1125740759628], [0.0, 1256.7414812095406, 492.7757465151356], [0.0, 0.0, 1.0]], [[809.2209905677063, 0.0, 829.2196003259838], [0.0, 809.2209905677063, 481.77842384512485], [0.0, 0.0, 1.0]], [[1259.5137405846733, 0.0, 807.2529053838625], [0.0, 1259.5137405846733, 501.19579884916527], [0.0, 0.0, 1.0]]], "extrinsics": [[[0.8223870396614075, -0.5689268708229065, -0.0013256404781714082, -0.659423828125], [-0.010830760933458805, -0.013326198793947697, -0.9998525381088257, 1.504225730895996], [0.5688253045082092, 0.82228022813797, -0.0171212051063776, -1.06903076171875], [0.0, 0.0, 0.0, 1.0]], [[0.008176825940608978, -0.9998181462287903, 0.017221415415406227, 0.00787353515625], [-0.015837721526622772, -0.01734931953251362, -0.9997240900993347, 1.5156679153442383], [0.9998410940170288, 0.007901822216808796, -0.01597670465707779, -1.3846435546875], [0.0, 0.0, 0.0, 1.0]], [[-0.831877589225769, -0.5548965930938721, 0.00832640565931797, 0.8316650390625], [-0.009958798065781593, -7.477311737602577e-05, -0.9999504089355469, 1.501241683959961], [0.5548697113990784, -0.8319193720817566, -0.00546390051022172, -1.1146240234375], [0.0, 0.0, 0.0, 1.0]], [[0.9476779103279114, 0.31907883286476135, -0.00975863542407751, -1.1295166015625], [-8.783174416748807e-05, -0.030308865010738373, -0.9995405673980713, 1.5885553359985352], [-0.3192279636859894, 0.9472433924674988, -0.028695015236735344, -0.1080322265625], [0.0, 0.0, 0.0, 1.0]], [[0.0014947899617254734, 0.9997904896736145, -0.020415382459759712, 0.002838134765625], [-0.025965288281440735, -0.020369717851281166, -0.9994553327560425, 1.5768489837646484], [-0.9996616840362549, 0.0020240680314600468, 0.025929396972060204, -0.094970703125], [0.0, 0.0, 0.0, 1.0]], [[-0.9353690147399902, 0.3535914421081543, -0.00761173851788044, 0.970458984375], [0.006232512649148703, -0.00503913639113307, -0.9999678730964661, 1.5525541305541992], [-0.35361847281455994, -0.9353864192962646, 0.002509688725695014, -0.1260223388671875], [0.0, 0.0, 0.0, 1.0]]], "view": [[0.0, -2.0, 100.0], [-2.0, 0.0, 100.0], [0.0, 0.0, 1.0]], "bev": "bev_ac0fbc7fb6b84e34ab2a69291788210c.png", "aux": "aux_ac0fbc7fb6b84e34ab2a69291788210c.npz", "visibility": "visibility_ac0fbc7fb6b84e34ab2a69291788210c.png", "pose": [[-0.015475415624678135, 0.9998802542686462, 0.0, 530.4227905273438], [-0.9998802542686462, -0.015475415624678135, 0.0, 1467.228271484375], [0.0, 0.0, 1.0, 0.0], [0.0, 0.0, 0.0, 1.0]], "pose_inverse": [[-0.015475415624678135, -0.9998802542686462, 0.0, 1475.2611083984375], [0.9998802542686462, -0.015475415624678135, 0.0, -507.6532897949219], [0.0, 0.0, 1.0, 0.0], [0.0, 0.0, 0.0, 1.0]], "cam_ids": [0, 1, 2, 3, 4, 5], "cam_channels": ["CAM_FRONT_LEFT", "CAM_FRONT", "CAM_FRONT_RIGHT", "CAM_BACK_LEFT", "CAM_BACK", "CAM_BACK_RIGHT"], "token": "ac0fbc7fb6b84e34ab2a69291788210c", "scene": "scene-0353"}, {"images": ["samples/CAM_FRONT_LEFT/n015-2018-08-02-17-28-51+0800__CAM_FRONT_LEFT__1533202474654844.jpg", "samples/CAM_FRONT/n015-2018-08-02-17-28-51+0800__CAM_FRONT__1533202474662460.jpg", "samples/CAM_FRONT_RIGHT/n015-2018-08-02-17-28-51+0800__CAM_FRONT_RIGHT__1533202474670339.jpg", "samples/CAM_BACK_LEFT/n015-2018-08-02-17-28-51+0800__CAM_BACK_LEFT__1533202474697423.jpg", "samples/CAM_BACK/n015-2018-08-02-17-28-51+0800__CAM_BACK__1533202474687525.jpg", "samples/CAM_BACK_RIGHT/n015-2018-08-02-17-28-51+0800__CAM_BACK_RIGHT__1533202474677893.jpg"], "intrinsics": [[[1272.5979470598488, 0.0, 826.6154927353808], [0.0, 1272.5979470598488, 479.75165386361925], [0.0, 0.0, 1.0]], [[1266.417203046554, 0.0, 816.2670197447984], [0.0, 1266.417203046554, 491.50706579294757], [0.0, 0.0, 1.0]], [[1260.8474446004698, 0.0, 807.968244525554], [0.0, 1260.8474446004698, 495.3344268742088], [0.0, 0.0, 1.0]], [[1256.7414812095406, 0.0, 792.1125740759628], [0.0, 1256.7414812095406, 492.7757465151356], [0.0, 0.0, 1.0]], [[809.2209905677063, 0.0, 829.2196003259838], [0.0, 809.2209905677063, 481.77842384512485], [0.0, 0.0, 1.0]], [[1259.5137405846733, 0.0, 807.2529053838625], [0.0, 1259.5137405846733, 501.19579884916527], [0.0, 0.0, 1.0]]], "extrinsics": [[[0.8224565386772156, -0.5688130259513855, -0.004124699626117945, -0.639404296875], [-0.022174041718244553, -0.02481442503631115, -0.9994460940361023, 1.4994316101074219], [0.5683955550193787, 0.8220924139022827, -0.03302166983485222, -1.0540771484375], [0.0, 0.0, 0.0, 1.0]], [[0.008642456494271755, -0.9995469450950623, 0.02882901020348072, 0.00732421875], [-0.02735648676753044, -0.029055636376142502, -0.9992033839225769, 1.511526107788086], [0.9995883703231812, 0.00784691609442234, -0.02759520709514618, -1.36376953125], [0.0, 0.0, 0.0, 1.0]], [[-0.8315643668174744, -0.5548774600028992, 0.024732176214456558, 0.81756591796875], [-0.02169203758239746, -0.01204992737621069, -0.9996920228004456, 1.4980430603027344], [0.5550045371055603, -0.8318448066711426, -0.00201612850651145, -1.1058349609375], [0.0, 0.0, 0.0, 1.0]], [[0.9474167227745056, 0.31894752383232117, -0.02596176415681839, -1.1278076171875], [-0.012847395613789558, -0.043153174221515656, -0.9989858269691467, 1.5883591175079346], [-0.31974440813064575, 0.9467894434928894, -0.03678639233112335, -0.10845947265625], [0.0, 0.0, 0.0, 1.0]], [[0.0009588142274878919, 0.9994572401046753, -0.03293059766292572, 0.00311279296875], [-0.03827551007270813, -0.03286980465054512, -0.998726487159729, 1.5753517150878906], [-0.9992667436599731, 0.0022180310916155577, 0.03822321817278862, -0.1026611328125], [0.0, 0.0, 0.0, 1.0]], [[-0.9354941844940186, 0.3533411920070648, -0.0007326414925046265, 0.9578857421875], [-0.005730476230382919, -0.017244944348931313, -0.9998348951339722, 1.5503544807434082], [-0.3532954752445221, -0.9353355169296265, 0.018157359212636948, -0.13128662109375], [0.0, 0.0, 0.0, 1.0]]], "view": [[0.0, -2.0, 100.0], [-2.0, 0.0, 100.0], [0.0, 0.0, 1.0]], "bev": "bev_43900fe8df714bd2992caca80bef41ee.png", "aux": "aux_43900fe8df714bd2992caca80bef41ee.npz", "visibility": "visibility_43900fe8df714bd2992caca80bef41ee.png", "pose": [[-0.045363787561655045, 0.9989705085754395, 0.0, 530.2630004882812], [-0.9989705085754395, -0.045363787561655045, 0.0, 1462.4246826171875], [0.0, 0.0, 1.0, 0.0], [0.0, 0.0, 0.0, 1.0]], "pose_inverse": [[-0.045363787561655045, -0.9989705085754395, 0.0, 1484.973876953125], [0.9989705085754395, -0.045363787561655045, 0.0, -463.3759765625], [0.0, 0.0, 1.0, 0.0], [0.0, 0.0, 0.0, 1.0]], "cam_ids": [0, 1, 2, 3, 4, 5], "cam_channels": ["CAM_FRONT_LEFT", "CAM_FRONT", "CAM_FRONT_RIGHT", "CAM_BACK_LEFT", "CAM_BACK", "CAM_BACK_RIGHT"], "token": "43900fe8df714bd2992caca80bef41ee", "scene": "scene-0353"}, {"images": ["samples/CAM_FRONT_LEFT/n015-2018-08-02-17-28-51+0800__CAM_FRONT_LEFT__1533202475154844.jpg", "samples/CAM_FRONT/n015-2018-08-02-17-28-51+0800__CAM_FRONT__1533202475162460.jpg", "samples/CAM_FRONT_RIGHT/n015-2018-08-02-17-28-51+0800__CAM_FRONT_RIGHT__1533202475170347.jpg", "samples/CAM_BACK_LEFT/n015-2018-08-02-17-28-51+0800__CAM_BACK_LEFT__1533202475197423.jpg", "samples/CAM_BACK/n015-2018-08-02-17-28-51+0800__CAM_BACK__1533202475187525.jpg", "samples/CAM_BACK_RIGHT/n015-2018-08-02-17-28-51+0800__CAM_BACK_RIGHT__1533202475177893.jpg"], "intrinsics": [[[1272.5979470598488, 0.0, 826.6154927353808], [0.0, 1272.5979470598488, 479.75165386361925], [0.0, 0.0, 1.0]], [[1266.417203046554, 0.0, 816.2670197447984], [0.0, 1266.417203046554, 491.50706579294757], [0.0, 0.0, 1.0]], [[1260.8474446004698, 0.0, 807.968244525554], [0.0, 1260.8474446004698, 495.3344268742088], [0.0, 0.0, 1.0]], [[1256.7414812095406, 0.0, 792.1125740759628], [0.0, 1256.7414812095406, 492.7757465151356], [0.0, 0.0, 1.0]], [[809.2209905677063, 0.0, 829.2196003259838], [0.0, 809.2209905677063, 481.77842384512485], [0.0, 0.0, 1.0]], [[1259.5137405846733, 0.0, 807.2529053838625], [0.0, 1259.5137405846733, 501.19579884916527], [0.0, 0.0, 1.0]]], "extrinsics": [[[0.8216297030448914, -0.5699485540390015, 0.009128907695412636, -0.633544921875], [-0.017080921679735184, -0.04062512516975403, -0.9990284442901611, 1.5012941360473633], [0.5697656869888306, 0.8206755518913269, -0.04311405494809151, -1.048919677734375], [0.0, 0.0, 0.0, 1.0]], [[0.007313923444598913, -0.9989731311798096, 0.04471149295568466, 0.00653076171875], [-0.022322839125990868, -0.04486465826630592, -0.9987436532974243, 1.513014793395996], [0.9997239708900452, 0.006306637544184923, -0.022628052160143852, -1.357421875], [0.0, 0.0, 0.0, 1.0]], [[-0.8321704864501953, -0.5537469387054443, 0.029265744611620903, 0.8131103515625], [-0.0166502483189106, -0.027800654992461205, -0.9994747638702393, 1.4992456436157227], [0.5542696714401245, -0.832220733165741, 0.013914862647652626, -1.103515625], [0.0, 0.0, 0.0, 1.0]], [[0.9474496841430664, 0.318848580121994, -0.025973152369260788, -1.1279296875], [-0.007653721142560244, -0.0585741251707077, -0.9982537031173706, 1.5884265899658203], [-0.31981316208839417, 0.945993959903717, -0.05305566266179085, -0.1082763671875], [0.0, 0.0, 0.0, 1.0]], 