[{"images": ["samples/CAM_FRONT_LEFT/n008-2018-08-29-16-04-13-0400__CAM_FRONT_LEFT__1535573114854799.jpg", "samples/CAM_FRONT/n008-2018-08-29-16-04-13-0400__CAM_FRONT__1535573114862404.jpg", "samples/CAM_FRONT_RIGHT/n008-2018-08-29-16-04-13-0400__CAM_FRONT_RIGHT__1535573114870482.jpg", "samples/CAM_BACK_LEFT/n008-2018-08-29-16-04-13-0400__CAM_BACK_LEFT__1535573114897405.jpg", "samples/CAM_BACK/n008-2018-08-29-16-04-13-0400__CAM_BACK__1535573114887558.jpg", "samples/CAM_BACK_RIGHT/n008-2018-08-29-16-04-13-0400__CAM_BACK_RIGHT__1535573114878113.jpg"], "intrinsics": [[[1257.8625342125129, 0.0, 827.2410631095686], [0.0, 1257.8625342125129, 450.915498205774], [0.0, 0.0, 1.0]], [[1252.8131021185304, 0.0, 826.588114781398], [0.0, 1252.8131021185304, 469.9846626224581], [0.0, 0.0, 1.0]], [[1256.7485116440405, 0.0, 817.7887570959712], [0.0, 1256.7485116440403, 451.9541780095127], [0.0, 0.0, 1.0]], [[1254.9860565800168, 0.0, 829.5769333630991], [0.0, 1254.9860565800168, 467.1680561863987], [0.0, 0.0, 1.0]], [[796.8910634503094, 0.0, 857.7774326863696], [0.0, 796.8910634503094, 476.8848988407415], [0.0, 0.0, 1.0]], [[1249.9629280788233, 0.0, 825.3768045375984], [0.0, 1249.9629280788233, 462.54816385708756], [0.0, 0.0, 1.0]]], "extrinsics": [[[0.8231900930404663, -0.5676931142807007, -0.009094038046896458, -0.672119140625], [0.002489636652171612, 0.019626278430223465, -0.9998043179512024, 1.489309310913086], [0.5677604675292969, 0.8230063319206238, 0.01756950654089451, -1.103271484375], [0.0, 0.0, 0.0, 1.0]], [[0.011197905987501144, -0.9998177289962769, -0.01546391099691391, 0.0087890625], [0.004713328555226326, 0.015517485328018665, -0.9998685121536255, 1.4817581176757812], [0.9999262094497681, 0.011123543605208397, 0.004886233247816563, -1.3984375], [0.0, 0.0, 0.0, 1.0]], [[-0.843616247177124, -0.536747395992279, -0.014626345597207546, 0.8681640625], [0.012968920171260834, 0.00686352513730526, -0.9998923540115356, 1.496490478515625], [0.5367900729179382, -0.8437150716781616, 0.001170852454379201, -1.13629150390625], [0.0, 0.0, 0.0, 1.0]], [[0.9478831887245178, 0.3185909688472748, -0.00417381152510643, -1.12548828125], [-0.011865979060530663, 0.022207388654351234, -0.9996829628944397, 1.5618185997009277], [-0.31839725375175476, 0.9476321339607239, 0.024830402806401253, -0.1618804931640625], [0.0, 0.0, 0.0, 1.0]], [[0.008973358199000359, 0.999854326248169, 0.01452016644179821, -0.02752685546875], [-0.009923132136464119, 0.014609073288738728, -0.9998440146446228, 1.566981315612793], [-0.9999105334281921, 0.008827874436974525, 0.010052778758108616, -0.0650634765625], [0.0, 0.0, 0.0, 1.0]], [[-0.9239557981491089, 0.3824920952320099, 0.0023335155565291643, 0.9805908203125], [-0.005906946957111359, -0.008168433792889118, -0.9999492168426514, 1.5466594696044922], [-0.3824535608291626, -0.9239226579666138, 0.009806632064282894, -0.1182861328125], [0.0, 0.0, 0.0, 1.0]]], "view": [[0.0, -2.0, 100.0], [-2.0, 0.0, 100.0], [0.0, 0.0, 1.0]], "bev": "bev_b92dfce61e604842ad66b5b79ac1cd7b.png", "aux": "aux_b92dfce61e604842ad66b5b79ac1cd7b.npz", "visibility": "visibility_b92dfce61e604842ad66b5b79ac1cd7b.png", "pose": [[-0.9992674589157104, 0.03826955705881119, 0.0, 1871.0550537109375], [-0.03826955705881119, -0.9992674589157104, 0.0, 872.0111083984375], [0.0, 0.0, 1.0, 0.0], [0.0, 0.0, 0.0, 1.0]], "pose_inverse": [[-0.9992674589157104, -0.03826955705881119, 0.0, 1903.055908203125], [0.03826955705881119, -0.9992674589157104, 0.0, 799.7678833007812], [0.0, 0.0, 1.0, 0.0], [0.0, 0.0, 0.0, 1.0]], "cam_ids": [0, 1, 2, 3, 4, 5], "cam_channels": ["CAM_FRONT_LEFT", "CAM_FRONT", "CAM_FRONT_RIGHT", "CAM_BACK_LEFT", "CAM_BACK", "CAM_BACK_RIGHT"], "token": "b92dfce61e604842ad66b5b79ac1cd7b", "scene": "scene-0698"}, {"images": ["samples/CAM_FRONT_LEFT/n008-2018-08-29-16-04-13-0400__CAM_FRONT_LEFT__1535573115354799.jpg", "samples/CAM_FRONT/n008-2018-08-29-16-04-13-0400__CAM_FRONT__1535573115362404.jpg", "samples/CAM_FRONT_RIGHT/n008-2018-08-29-16-04-13-0400__CAM_FRONT_RIGHT__1535573115370482.jpg", "samples/CAM_BACK_LEFT/n008-2018-08-29-16-04-13-0400__CAM_BACK_LEFT__1535573115397405.jpg", "samples/CAM_BACK/n008-2018-08-29-16-04-13-0400__CAM_BACK__1535573115387558.jpg", "samples/CAM_BACK_RIGHT/n008-2018-08-29-16-04-13-0400__CAM_BACK_RIGHT__1535573115378113.jpg"], "intrinsics": [[[1257.8625342125129, 0.0, 827.2410631095686], [0.0, 1257.8625342125129, 450.915498205774], [0.0, 0.0, 1.0]], [[1252.8131021185304, 0.0, 826.588114781398], [0.0, 1252.8131021185304, 469.9846626224581], [0.0, 0.0, 1.0]], [[1256.7485116440405, 0.0, 817.7887570959712], [0.0, 1256.7485116440403, 451.9541780095127], [0.0, 0.0, 1.0]], [[1254.9860565800168, 0.0, 829.5769333630991], [0.0, 1254.9860565800168, 467.1680561863987], [0.0, 0.0, 1.0]], [[796.8910634503094, 0.0, 857.7774326863696], [0.0, 796.8910634503094, 476.8848988407415], [0.0, 0.0, 1.0]], [[1249.9629280788233, 0.0, 825.3768045375984], [0.0, 1249.9629280788233, 462.54816385708756], [0.0, 0.0, 1.0]]], "extrinsics": [[[0.823244571685791, -0.5675969123840332, -0.010106462985277176, -0.6654052734375], [0.0074533685110509396, 0.02860831469297409, -0.9995628595352173, 1.4912643432617188], [0.5676379799842834, 0.8228094577789307, 0.027782145887613297, -1.1031494140625], [0.0, 0.0, 0.0, 1.0]], [[0.01127175148576498, -0.9996352195739746, -0.024544596672058105, 0.0118408203125], [0.010033058002591133, 0.02465798333287239, -0.9996456503868103, 1.4835166931152344], [0.999886155128479, 0.01102149672806263, 0.01030733622610569, -1.39404296875], [0.0, 0.0, 0.0, 1.0]], [[-0.8435201644897461, -0.5365291833877563, -0.02470182627439499, 0.866455078125], [0.018963083624839783, 0.01621234230697155, -0.9996886849403381, 1.4980964660644531], [0.5367626547813416, -0.8437260389328003, -0.0035011896397918463, -1.132537841796875], [0.0, 0.0, 0.0, 1.0]], [[0.9479182958602905, 0.3184420168399811, 0.006755517795681953, -1.127197265625], [-0.0037358866538852453, 0.03232380002737045, -0.9994704723358154, 1.5619869232177734], [-0.31849178671836853, 0.9473910927772522, 0.03182998299598694, -0.161376953125], [0.0, 0.0, 0.0, 1.0]], [[0.008916174061596394, 0.9996621608734131, 0.024414658546447754, -0.02850341796875], [-0.0026122955605387688, 0.024438831955194473, -0.9996978640556335, 1.5677595138549805], [-0.9999568462371826, 0.008849703706800938, 0.002829313511028886, -0.0653076171875], [0.0, 0.0, 0.0, 1.0]], [[-0.9239445924758911, 0.38252636790275574, -0.00011465976422186941, 0.978271484375], [0.0007013532449491322, 0.0013942871009930968, -0.9999987483024597, 1.5479481220245361], [-0.3825257420539856, -0.9239435195922852, -0.0015565298963338137, -0.1177978515625], [0.0, 0.0, 0.0, 1.0]]], "view": [[0.0, -2.0, 100.0], [-2.0, 0.0, 100.0], [0.0, 0.0, 1.0]], "bev": "bev_39fcc37cff6f4289957d3f7b37a1ff28.png", "aux": "aux_39fcc37cff6f4289957d3f7b37a1ff28.npz", "visibility": "visibility_39fcc37cff6f4289957d3f7b37a1ff28.png", "pose": [[-0.9997153282165527, 0.02385983243584633, 0.0, 1866.535400390625], [-0.02385983243584633, -0.9997153282165527, 0.0, 871.9017944335938], [0.0, 0.0, 1.0, 0.0], [0.0, 0.0, 0.0, 1.0]], "pose_inverse": [[-0.9997153282165527, -0.02385983243584633, 0.0, 1886.8074951171875], [0.02385983243584633, -0.9997153282165527, 0.0, 827.1183471679688], [0.0, 0.0, 1.0, 0.0], [0.0, 0.0, 0.0, 1.0]], "cam_ids": [0, 1, 2, 3, 4, 5], "cam_channels": ["CAM_FRONT_LEFT", "CAM_FRONT", "CAM_FRONT_RIGHT", "CAM_BACK_LEFT", "CAM_BACK", "CAM_BACK_RIGHT"], "token": "39fcc37cff6f4289957d3f7b37a1ff28", "scene": "scene-0698"}, {"images": ["samples/CAM_FRONT_LEFT/n008-2018-08-29-16-04-13-0400__CAM_FRONT_LEFT__1535573115854799.jpg", "samples/CAM_FRONT/n008-2018-08-29-16-04-13-0400__CAM_FRONT__1535573115862404.jpg", "samples/CAM_FRONT_RIGHT/n008-2018-08-29-16-04-13-0400__CAM_FRONT_RIGHT__1535573115870482.jpg", "samples/CAM_BACK_LEFT/n008-2018-08-29-16-04-13-0400__CAM_BACK_LEFT__1535573115897405.jpg", "samples/CAM_BACK/n008-2018-08-29-16-04-13-0400__CAM_BACK__1535573115887558.jpg", "samples/CAM_BACK_RIGHT/n008-2018-08-29-16-04-13-0400__CAM_BACK_RIGHT__1535573115878113.jpg"], "intrinsics": [[[1257.8625342125129, 0.0, 827.2410631095686], [0.0, 1257.8625342125129, 450.915498205774], [0.0, 0.0, 1.0]], [[1252.8131021185304, 0.0, 826.588114781398], [0.0, 1252.8131021185304, 469.9846626224581], [0.0, 0.0, 1.0]], [[1256.7485116440405, 0.0, 817.7887570959712], [0.0, 1256.7485116440403, 451.9541780095127], [0.0, 0.0, 1.0]], [[1254.9860565800168, 0.0, 829.5769333630991], [0.0, 1254.9860565800168, 467.1680561863987], [0.0, 0.0, 1.0]], [[796.8910634503094, 0.0, 857.7774326863696], [0.0, 796.8910634503094, 476.8848988407415], [0.0, 0.0, 1.0]], [[1249.9629280788233, 0.0, 825.3768045375984], [0.0, 1249.9629280788233, 462.54816385708756], [0.0, 0.0, 1.0]]], "extrinsics": [[[0.8228176832199097, -0.5681653618812561, -0.012616137973964214, -0.681884765625], [0.006827474571764469, 0.03208065405488014, -0.9994619488716125, 1.4908370971679688], [0.5682644248008728, 0.8222888708114624, 0.03027566522359848, -1.1148681640625], [0.0, 0.0, 0.0, 1.0]], [[0.010655569843947887, -0.9995566010475159, -0.027803534641861916, 0.01202392578125], [0.008172456175088882, 0.027891237288713455, -0.999577522277832, 1.4827232360839844], [0.9999096989631653, 0.01042384747415781, 0.008466029539704323, -1.4107666015625], [0.0, 0.0, 0.0, 1.0]], [[-0.8438248634338379, -0.5361053943634033, -0.02346658520400524, 0.878173828125], [0.01562420092523098, 0.019166601821780205, -0.9996942281723022, 1.4969863891601562], [0.5363912582397461, -0.8439334034919739, -0.007797036319971085, -1.139617919921875], [0.0, 0.0, 0.0, 1.0]], [[0.9479840993881226, 0.3183176517486572, -0.0001602178526809439, -1.1292724609375], [-0.011753358878195286, 0.034499768167734146, -0.9993355870246887, 1.5618858337402344], [-0.3181006610393524, 0.947356104850769, 0.03644653409719467, -0.1603240966796875], [0.0, 0.0, 0.0, 1.0]], [[0.00926437508314848, 0.9995986223220825, 0.02677052468061447, -0.02850341796875], [-0.008871265687048435, 0.02685277909040451, -0.9995999932289124, 1.5671281814575195], [-0.9999176859855652, 0.009023181162774563, 0.009116480126976967, -0.058837890625], [0.0, 0.0, 0.0, 1.0]], [[-0.9238268136978149, 0.3827749490737915, 0.0052275764755904675, 0.9873046875], [-0.003962227143347263, 0.004093998111784458, -0.9999837279319763, 1.5470633506774902], [-0.38279014825820923, -0.9238325357437134, -0.0022655026987195015, -0.113525390625], [0.0, 0.0, 0.0, 1.0]]], "view": [[0.0, -2.0, 100.0], [-2.0, 0.0, 100.0], [0.0, 0.0, 1.0]], "bev": "bev_4ee3e7d8b62d42a1b9948bb0f1e3f35c.png", "aux": "aux_4ee3e7d8b62d42a1b9948bb0f1e3f35c.npz", "visibility": "visibility_4ee3e7d8b62d42a1b9948bb0f1e3f35c.png", "pose": [[-0.9999397993087769, 0.010970520786941051, 0.0, 1862.041259765625], [-0.010970520786941051, -0.9999397993087769, 0.0, 871.860595703125], [0.0, 0.0, 1.0, 0.0], [0.0, 0.0, 0.0, 1.0]], "pose_inverse": [[-0.9999397993087769, -0.010970520786941051, 0.0, 1871.4940185546875], [0.010970520786941051, -0.9999397993087769, 0.0, 851.3805541992188], [0.0, 0.0, 1.0, 0.0], [0.0, 0.0, 0.0, 1.0]], "cam_ids": [0, 1, 2, 3, 4, 5], "cam_channels": ["CAM_FRONT_LEFT", "CAM_FRONT", "CAM_FRONT_RIGHT", "CAM_BACK_LEFT", "CAM_BACK", "CAM_BACK_RIGHT"], "token": "4ee3e7d8b62d42a1b9948bb0f1e3f35c", "scene": "scene-0698"}, {"images": ["samples/CAM_FRONT_LEFT/n008-2018-08-29-16-04-13-0400__CAM_FRONT_LEFT__1535573116404799.jpg", "samples/CAM_FRONT/n008-2018-08-29-16-04-13-0400__CAM_FRONT__1535573116412404.jpg", "samples/CAM_FRONT_RIGHT/n008-2018-08-29-16-04-13-0400__CAM_FRONT_RIGHT__1535573116420482.jpg", "samples/CAM_BACK_LEFT/n008-2018-08-29-16-04-13-0400__CAM_BACK_LEFT__1535573116447405.jpg", "samples/CAM_BACK/n008-2018-08-29-16-04-13-0400__CAM_BACK__1535573116437558.jpg", "samples/CAM_BACK_RIGHT/n008-2018-08-29-16-04-13-0400__CAM_BACK_RIGHT__1535573116428113.jpg"], "intrinsics": [[[1257.8625342125129, 0.0, 827.2410631095686], [0.0, 1257.8625342125129, 450.915498205774], [0.0, 0.0, 1.0]], [[1252.8131021185304, 0.0, 826.588114781398], [0.0, 1252.8131021185304, 469.9846626224581], [0.0, 0.0, 1.0]], [[1256.7485116440405, 0.0, 817.7887570959712], [0.0, 1256.7485116440403, 451.9541780095127], [0.0, 0.0, 1.0]], [[1254.9860565800168, 0.0, 829.5769333630991], [0.0, 1254.9860565800168, 467.1680561863987], [0.0, 0.0, 1.0]], [[796.8910634503094, 0.0, 857.7774326863696], [0.0, 796.8910634503094, 476.8848988407415], [0.0, 0.0, 1.0]], [[1249.9629280788233, 0.0, 825.3768045375984], [0.0, 1249.9629280788233, 462.54816385708756], [0.0, 0.0, 1.0]]], "extrinsics": [[[0.8230190873146057, -0.5677701234817505, -0.016636505722999573, -0.667236328125], [0.0026229890063405037, 0.03308752924203873, -0.9994490146636963, 1.4892501831054688], [0.5680077075958252, 0.822521984577179, 0.028720920905470848, -1.1048583984375], [0.0, 0.0, 0.0, 1.0]], [[0.011139078065752983, -0.9995222687721252, -0.028830504044890404, 0.0123291015625], [0.004246303346008062, 0.0288793183863163, -0.9995739459991455, 1.4814949035644531], [0.9999289512634277, 0.011011909693479538, 0.004565964452922344, -1.399658203125], [0.0, 0.0, 0.0, 1.0]], [[-0.8435094356536865, -0.5367096066474915, -0.020845815539360046, 0.87451171875], [0.011921019293367863, 0.020093979313969612, -0.9997270107269287, 1.49609375], [0.536981999874115, -0.8435277342796326, -0.010551336221396923, -1.136627197265625], [0.0, 0.0, 0.0, 1.0]], [[0.9478400945663452, 0.3187314569950104, -0.0030862961430102587, -1.1287841796875], [-0.01494535617530346, 0.03476821258664131, -0.9992836713790894, 1.5617969036102295], [-0.31839582324028015, 0.9472072124481201, 0.037718262523412704, -0.1613616943359375], [0.0, 0.0, 0.0, 1.0]], [[0.008851435035467148, 0.999586284160614, 0.027366897091269493, -0.029052734375], [-0.012127690948545933, 0.027473270893096924, -0.9995489716529846, 1.5667630434036255], [-0.9998872876167297, 0.008515545167028904, 0.012365852482616901, -0.06005859375], [0.0, 0.0, 0.0, 1.0]], [[-0.9240283370018005, 0.3822247385978699, 0.00871463492512703, 0.9852294921875], [-0.007399803027510643, 0.004909842740744352, -0.9999605417251587, 1.546403408050537], [-0.38225242495536804, -0.924056351184845, -0.0017084460705518723, -0.1141357421875], [0.0, 0.0, 0.0, 1.0]]], "view": [[0.0, -2.0, 100.0], [-2.0, 0.0, 100.0], [0.0, 0.0, 1.0]], "bev": "bev_3ca0e981a1314f14a66f3a50e0a58b84.png", "aux": "aux_3ca0e981a1314f14a66f3a50e0a58b84.npz", "visibility": "visibility_3ca0e981a1314f14a66f3a50e0a58b84.png", "pose": [[-0.9999999403953552, 0.00037418477586470544, 0.0, 1857.0943603515625], [-0.00037418477586470544, -0.9999999403953552, 0.0, 871.88818359375], [0.0, 0.0, 1.0, 0.0], [0.0, 0.0, 0.0, 1.0]], "pose_inverse": [[-0.9999999403953552, -0.00037418477586470544, 0.0, 1857.4205322265625], [0.00037418477586470544, -0.9999999403953552, 0.0, 871.1932373046875], [0.0, 0.0, 1.0, 0.0], [0.0, 0.0, 0.0, 1.0]], "cam_ids": [0, 1, 2, 3, 4, 5], "cam_channels": ["CAM_FRONT_LEFT", "CAM_FRONT", "CAM_FRONT_RIGHT", "CAM_BACK_LEFT", "CAM_BACK", "CAM_BACK_RIGHT"], "token": "3ca0e981a1314f14a66f3a50e0a58b84", "scene": "scene-0698"}, {"images": ["samples/CAM_FRONT_LEFT/n008-2018-08-29-16-04-13-0400__CAM_FRONT_LEFT__1535573116904799.jpg", "samples/CAM_FRONT/n008-2018-08-29-16-04-13-0400__CAM_FRONT__1535573116912404.jpg", "samples/CAM_FRONT_RIGHT/n008-2018-08-29-16-04-13-0400__CAM_FRONT_RIGHT__1535573116920482.jpg", "samples/CAM_BACK_LEFT/n008-2018-08-29-16-04-13-0400__CAM_BACK_LEFT__1535573116947405.jpg", "samples/CAM_BACK/n008-2018-08-29-16-04-13-0400__CAM_BACK__1535573116937558.jpg", "samples/CAM_BACK_RIGHT/n008-2018-08-29-16-04-13-0400__CAM_BACK_RIGHT__1535573116928113.jpg"], "intrinsics": [[[1257.8625342125129, 0.0, 827.2410631095686], [0.0, 1257.8625342125129, 450.915498205774], [0.0, 0.0, 1.0]], [[1252.8131021185304, 0.0, 826.588114781398], [0.0, 1252.8131021185304, 469.9846626224581], [0.0, 0.0, 1.0]], [[1256.7485116440405, 0.0, 817.7887570959712], [0.0, 1256.7485116440403, 451.9541780095127], [0.0, 0.0, 1.0]], [[1254.9860565800168, 0.0, 829.5769333630991], [0.0, 1254.9860565800168, 467.1680561863987], [0.0, 0.0, 1.0]], [[796.8910634503094, 0.0, 857.7774326863696], [0.0, 796.8910634503094, 476.8848988407415], [0.0, 0.0, 1.0]], [[1249.9629280788233, 0.0, 825.3768045375984], [0.0, 1249.9629280788233, 462.54816385708756], [0.0, 0.0, 1.0]]], "extrinsics": [[[0.8225915431976318, -0.5685910582542419, -0.006887642666697502, -0.681396484375], [0.012283209711313248, 0.0298775602132082, -0.9994781017303467, 1.493011474609375], [0.5685000419616699, 0.8220776319503784, 0.031561147421598434, -1.1131591796875], [0.0, 0.0, 0.0, 1.0]], [[0.010356718674302101, -0.9996200203895569, -0.025543656200170517, 0.0113525390625], [0.014055888168513775, 0.025688035413622856, -0.9995712041854858, 1.4846382141113281], [0.9998475313186646, 0.009993239305913448, 0.014316591434180737, -1.4111328125], [0.0, 0.0, 0.0, 1.0]], [[-0.8438870310783386, -0.5358142852783203, -0.02752506546676159, 0.8795166015625], [0.021863320842385292, 0.016917003318667412, -0.9996178150177002, 1.4985275268554688], [0.536075234413147, -0.8441663384437561, -0.002561362460255623, -1.140655517578125], [0.0, 0.0, 0.0, 1.0]], [[0.9478790760040283, 0.31857830286026, 0.00576026039198041, -1.1300048828125], [-0.004688648972660303, 0.03202199935913086, -0.9994761943817139, 1.5619697570800781], [-0.31859588623046875, 0.9473555088043213, 0.03184668347239494, -0.16094970703125], [0.0, 0.0, 0.0, 1.0]], [[0.009171029552817345, 0.9996590614318848, 0.02444843016564846, -0.0289306640625], [-0.0021876737009733915, 0.024469459429383278, -0.9996981024742126, 1.5678157806396484], [-0.9999555945396423, 0.00911477580666542, 0.0024113371036946774, -0.0567626953125], [0.0, 0.0, 0.0, 1.0]], [[-0.9237096309661865, 0.38309022784233093, -0.0015485918847844005, 0.9898681640625], [0.0024190586991608143, 0.0017904978012666106, -0.9999954700469971, 1.5482540130615234], [-0.3830856680870056, -0.9237092137336731, -0.0025806173216551542, -0.112548828125], [0.0, 0.0, 0.0, 1.0]]], "view": [[0.0, -2.0, 100.0], [-2.0, 0.0, 100.0], [0.0, 0.0, 1.0]], "bev": "bev_b33ea1db15ba441f899cfa22e4754b5c.png", "aux": "aux_b33ea1db15ba441f899cfa22e4754b5c.npz", "visibility": "visibility_b33ea1db15ba441f899cfa22e4754b5c.png", "pose": [[-0.9999882578849792, -0.004850596655160189, 0.0, 1852.6322021484375], [0.004850596655160189, -0.9999882578849792, 0.0, 871.9386596679688], [0.0, 0.0, 1.0, 0.0], [0.0, 0.0, 0.0, 1.0]], "pose_inverse": [[-0.9999882578849792, 0.004850596655160189, 0.0, 1848.3809814453125], [-0.004850596655160189, -0.9999882578849792, 0.0, 880.914794921875], [0.0, 0.0, 1.0, 0.0], [0.0, 0.0, 0.0, 1.0]], "cam_ids": [0, 1, 2, 3, 4, 5], "cam_channels": ["CAM_FRONT_LEFT", "CAM_FRONT", "CAM_FRONT_RIGHT", "CAM_BACK_LEFT", "CAM_BACK", "CAM_BACK_RIGHT"], "token": "b33ea1db15ba441f899cfa22e4754b5c", "scene": "scene-0698"}, {"images": ["samples/CAM_FRONT_LEFT/n008-2018-08-29-16-04-13-0400__CAM_FRONT_LEFT__1535573117404805.jpg", "samples/CAM_FRONT/n008-2018-08-29-16-04-13-0400__CAM_FRONT__1535573117412404.jpg", "samples/CAM_FRONT_RIGHT/n008-2018-08-29-16-04-13-0400__CAM_FRONT_RIGHT__1535573117420482.jpg", "samples/CAM_BACK_LEFT/n008-2018-08-29-16-04-13-0400__CAM_BACK_LEFT__1535573117447405.jpg", "samples/CAM_BACK/n008-2018-08-29-16-04-13-0400__CAM_BACK__1535573117437558.jpg", "samples/CAM_BACK_RIGHT/n008-2018-08-29-16-04-13-0400__CAM_BACK_RIGHT__1535573117428113.jpg"], "intrinsics": [[[1257.8625342125129, 0.0, 827.2410631095686], [0.0, 1257.8625342125129, 450.915498205774], [0.0, 0.0, 1.0]], [[1252.8131021185304, 0.0, 826.588114781398], [0.0, 1252.8131021185304, 469.9846626224581], [0.0, 0.0, 1.0]], [[1256.7485116440405, 0.0, 817.7887570959712], [0.0, 1256.7485116440403, 451.9541780095127], [0.0, 0.0, 1.0]], [[1254.9860565800168, 0.0, 829.5769333630991], [0.0, 1254.9860565800168, 467.1680561863987], [0.0, 0.0, 1.0]], [[796.8910634503094, 0.0, 857.7774326863696], [0.0, 796.8910634503094, 476.8848988407415], [0.0, 0.0, 1.0]], [[1249.9629280788233, 0.0, 825.3768045375984], [0.0, 1249.9629280788233, 462.54816385708756], [0.0, 0.0, 1.0]]], "extrinsics": [[[0.8224994540214539, -0.5687211155891418, -0.0071278964169323444, -0.67657470703125], [0.00940794125199318, 0.02613437920808792, -0.9996141195297241, 1.4919586181640625], [0.5686879754066467, 0.8221151232719421, 0.026846010237932205, -1.10986328125], [0.0, 0.0, 0.0, 1.0]], [[0.010136284865438938, -0.9997122287750244, -0.02174304611980915, 0.01104736328125], [0.011530277319252491, 0.02185957133769989, -0.9996945858001709, 1.4839057922363281], [0.999882161617279, 0.009882485494017601, 0.011748532764613628, -1.4056396484375], [0.0, 0.0, 0.0, 1.0]], [[-0.8440474271774292, -0.5357481241226196, -0.023620208725333214, 0.874267578125], [0.019728202372789383, 0.012995056807994843, -0.9997208714485168, 1.4981307983398438], [0.5359055995941162, -0.8442778587341309, -0.00039909599581733346, -1.1381988525390625], [0.0, 0.0, 0.0, 1.0]], [[0.9478874802589417, 0.31858205795288086, 0.0038575653452426195, -1.1309814453125], [-0.005208112765103579, 0.02759964019060135, -0.9996054768562317, 1.5619697570800781], [-0.3185628354549408, 0.9474934935569763, 0.027820562943816185, -0.1605987548828125], [0.0, 0.0, 0.0, 1.0]], [[0.009271315298974514, 0.9997519850730896, 0.02024894580245018, -0.028564453125], [-0.003209467278793454, 0.02027946338057518, -0.9997891783714294, 1.5677204132080078], [-0.999951958656311, 0.009204370900988579, 0.0033966877963393927, -0.0584716796875], [0.0, 0.0, 0.0, 1.0]], [[-0.9236564040184021, 0.38321828842163086, -0.001606309087947011, 0.986328125], [0.0008137703989632428, -0.0022302197758108377, -0.9999971985816956, 1.547967553138733], [-0.38322076201438904, -0.9236551523208618, 0.0017481057438999414, -0.11474609375], [0.0, 0.0, 0.0, 1.0]]], "view": [[0.0, -2.0, 100.0], [-2.0, 0.0, 100.0], [0.0, 0.0, 1.0]], "bev": "bev_a87fe61d6cff4d9c9456e8b665795736.png", "aux": "aux_a87fe61d6cff4d9c9456e8b665795736.npz", "visibility": "visibility_a87fe61d6cff4d9c9456e8b665795736.png", "pose": [[-0.9999703764915466, -0.007700425107032061, 0.0, 1848.2294921875], [0.007700425107032061, -0.9999703764915466, 0.0, 871.9905395507812], [0.0, 0.0, 1.0, 0.0], [0.0, 0.0, 0.0, 1.0]], "pose_inverse": [[-0.9999703764915466, 0.007700425107032061, 0.0, 1841.4599609375], [-0.007700425107032061, -0.9999703764915466, 0.0, 886.1968383789062], [0.0, 0.0, 1.0, 0.0], [0.0, 0.0, 0.0, 1.0]], "cam_ids": [0, 1, 2, 3, 4, 5], "cam_channels": ["CAM_FRONT_LEFT", "CAM_FRONT", "CAM_FRONT_RIGHT", "CAM_BACK_LEFT", "CAM_BACK", "CAM_BACK_RIGHT"], "token": "a87fe61d6cff4d9c9456e8b665795736", "scene": "scene-0698"}, {"images": ["samples/CAM_FRONT_LEFT/n008-2018-08-29-16-04-13-0400__CAM_FRONT_LEFT__1535573117904799.jpg", "samples/CAM_FRONT/n008-2018-08-29-16-04-13-0400__CAM_FRONT__1535573117912404.jpg", "samples/CAM_FRONT_RIGHT/n008-2018-08-29-16-04-13-0400__CAM_FRONT_RIGHT__1535573117920482.jpg", "samples/CAM_BACK_LEFT/n008-2018-08-29-16-04-13-0400__CAM_BACK_LEFT__1535573117947405.jpg", "samples/CAM_BACK/n008-2018-08-29-16-04-13-0400__CAM_BACK__1535573117937558.jpg", "samples/CAM_BACK_RIGHT/n008-2018-08-29-16-04-13-0400__CAM_BACK_RIGHT__1535573117928113.jpg"], "intrinsics": [[[1257.8625342125129, 0.0, 827.2410631095686], [0.0, 1257.8625342125129, 450.915498205774], [0.0, 0.0, 1.0]], [[1252.8131021185304, 0.0, 826.588114781398], [0.0, 1252.8131021185304, 469.9846626224581], [0.0, 0.0, 1.0]], [[1256.7485116440405, 0.0, 817.7887570959712], [0.0, 1256.7485116440403, 451.9541780095127], [0.0, 0.0, 1.0]], [[1254.9860565800168, 0.0, 829.5769333630991], [0.0, 1254.9860565800168, 467.1680561863987], [0.0, 0.0, 1.0]], [[796.8910634503094, 0.0, 857.7774326863696], [0.0, 796.8910634503094, 476.8848988407415], [0.0, 0.0, 1.0]], [[1249.9629280788233, 0.0, 825.3768045375984], [0.0, 1249.9629280788233, 462.54816385708756], [0.0, 0.0, 1.0]]], "extrinsics": [[[0.8213938474655151, -0.5703473091125488, -0.004024235997349024, -0.673828125], [0.007884925231337547, 0.018409937620162964, -0.9997994303703308, 1.491424560546875], [0.5703070163726807, 0.8211973905563354, 0.01961895450949669, -1.10595703125], [0.0, 0.0, 0.0, 1.0]], [[0.008575204759836197, -0.9998632669448853, -0.014138958416879177, 0.00970458984375], [0.008989469148218632, 0.014215989969670773, -0.999858558177948, 1.4831314086914062], [0.9999228715896606, 0.0084468899294734, 0.009110144339501858, -1.4024658203125], [0.0, 0.0, 0.0, 1.0]], [[-0.8446980714797974, -0.5349884033203125, -0.01651298627257347, 0.8726806640625], [0.016105355694890022, 0.0054327137768268585, -0.9998555183410645, 1.4972305297851562], [0.5350008010864258, -0.8448419570922852, 0.004027174320071936, -1.138458251953125], [0.0, 0.0, 0.0, 1.0]], [[0.9478776454925537, 0.31859731674194336, -0.004894217476248741, -1.1318359375], [-0.011938990093767643, 0.020162837579846382, -0.9997254014015198, 1.5618853569030762], [-0.3184111714363098, 0.9476756453514099, 0.022915631532669067, -0.1603851318359375], [0.0, 0.0, 0.0, 1.0]], [[0.009769254364073277, 0.9998717904090881, 0.01268778182566166, -0.02825927734375], [-0.00892122182995081, 0.012775033712387085, -0.9998785853385925, 1.5671396255493164], [-0.9999125003814697, 0.0096548767760396, 0.009044880047440529, -0.05859375], [0.0, 0.0, 0.0, 1.0]], [[-0.9233640432357788, 0.38392531871795654, -0.00030711916042491794, 0.9859619140625], [-0.0037127938121557236, -0.009729401208460331, -0.9999457597732544, 1.5471153259277344], [-0.3839074671268463, -0.9233129024505615, 0.010409215465188026, -0.11572265625], [0.0, 0.0, 0.0, 1.0]]], "view": [[0.0, -2.0, 100.0], [-2.0, 0.0, 100.0], [0.0, 0.0, 1.0]], "bev": "bev_457d1fc544b54af1b935381fee84526c.png", "aux": "aux_457d1fc544b54af1b935381fee84526c.npz", "visibility": "visibility_457d1fc544b54af1b935381fee84526c.png", "pose": [[-0.9999957084655762, 0.002937359968200326, 0.0, 1843.6702880859375], [-0.002937359968200326, -0.9999957084655762, 0.0, 872.0338745117188], [0.0, 0.0, 1.0, 0.0], [0.0, 0.0, 0.0, 1.0]], "pose_inverse": [[-0.9999957084655762, -0.002937359968200326, 0.0, 1846.2237548828125], [0.002937359968200326, -0.9999957084655762, 0.0, 866.6145629882812], [0.0, 0.0, 1.0, 0.0], [0.0, 0.0, 0.0, 1.0]], "cam_ids": [0, 1, 2, 3, 4, 5], "cam_channels": ["CAM_FRONT_LEFT", "CAM_FRONT", "CAM_FRONT_RIGHT", "CAM_BACK_LEFT", "CAM_BACK", "CAM_BACK_RIGHT"], "token": "457d1fc544b54af1b935381fee84526c", "scene": "scene-0698"}, {"images": ["samples/CAM_FRONT_LEFT/n008-2018-08-29-16-04-13-0400__CAM_FRONT_LEFT__1535573118404799.jpg", "samples/CAM_FRONT/n008-2018-08-29-16-04-13-0400__CAM_FRONT__1535573118412404.jpg", "samples/CAM_FRONT_RIGHT/n008-2018-08-29-16-04-13-0400__CAM_FRONT_RIGHT__1535573118420482.jpg", "samples/CAM_BACK_LEFT/n008-2018-08-29-16-04-13-0400__CAM_BACK_LEFT__1535573118447405.jpg", "samples/CAM_BACK/n008-2018-08-29-16-04-13-0400__CAM_BACK__1535573118437558.jpg", "samples/CAM_BACK_RIGHT/n008-2018-08-29-16-04-13-0400__CAM_BACK_RIGHT__1535573118428113.jpg"], "intrinsics": [[[1257.8625342125129, 0.0, 827.2410631095686], [0.0, 1257.8625342125129, 450.915498205774], [0.0, 0.0, 1.0]], [[1252.8131021185304, 0.0, 826.588114781398], [0.0, 1252.8131021185304, 469.9846626224581], [0.0, 0.0, 1.0]], [[1256.7485116440405, 0.0, 817.7887570959712], [0.0, 1256.7485116440403, 451.9541780095127], [0.0, 0.0, 1.0]], [[1254.9860565800168, 0.0, 829.5769333630991], [0.0, 1254.9860565800168, 467.1680561863987], [0.0, 0.0, 1.0]], [[796.8910634503094, 0.0, 857.7774326863696], [0.0, 796.8910634503094, 476.8848988407415], [0.0, 0.0, 1.0]], [[1249.9629280788233, 0.0, 825.3768045375984], [0.0, 1249.9629280788233, 462.54816385708756], [0.0, 0.0, 1.0]]], "extrinsics": [[[0.8219106793403625, -0.5695896148681641, 0.005521726794540882, -0.653076171875], [0.02725822664797306, 0.029646925628185272, -0.9991887211799622, 1.4996871948242188], [0.5689638257026672, 0.8213944435119629, 0.03989312797784805, -1.096923828125], [0.0, 0.0, 0.0, 1.0]], [[0.009741930291056633, -0.9996326565742493, -0.025291310623288155, 0.0135498046875], [0.029370974749326706, 0.02556765079498291, -0.9992415308952332, 1.4903640747070312], [0.9995210766792297, 0.008991711772978306, 0.029609262943267822, -1.383544921875], [0.0, 0.0, 0.0, 1.0]], [[-0.8437694311141968, -0.5351549983024597, -0.04077233001589775, 0.861328125], [0.037556588649749756, 0.016908442601561546, -0.9991514086723328, 1.5033035278320312], [0.5353903770446777, -0.8445846438407898, 0.005831768736243248, -1.12774658203125], [0.0, 0.0, 0.0, 1.0]], [[0.9477443099021912, 0.3182752728462219, 0.021945612505078316, -1.1279296875], [0.012511263601481915, 0.03165629878640175, -0.9994205236434937, 1.5622520446777344], [-0.3187856078147888, 0.9474696516990662, 0.026020050048828125, -0.1617431640625], [0.0, 0.0, 0.0, 1.0]], [[0.009208155795931816, 0.9996541142463684, 0.024632630869746208, -0.02935791015625], [0.014596591703593731, 0.02449667826294899, -0.9995933175086975, 1.5696449279785156], [-0.9998511075973511, 0.009563963860273361, -0.014365972951054573, -0.0670166015625], [0.0, 0.0, 0.0, 1.0]], [[-0.9233229160308838, 0.38367024064064026, -0.016490092501044273, 0.9735107421875], [0.01864202879369259, 0.0018907260382547975, -0.9998244047164917, 1.5515594482421875], [-0.38357165455818176, -0.9234682321548462, -0.008898142725229263, -0.118408203125], [0.0, 0.0, 0.0, 1.0]]], "view": [[0.0, -2.0, 100.0], [-2.0, 0.0, 100.0], [0.0, 0.0, 1.0]], "bev": "bev_7a2ba65604514988ba022234fabd77e0.png", "aux": "aux_7a2ba65604514988ba022234fabd77e0.npz", "visibility": "visibility_7a2ba65604514988ba022234fabd77e0.png", "pose": [[-0.9997552633285522, 0.022123564034700394, 0.0, 1839.0240478515625], [-0.022123564034700394, -0.9997552633285522, 0.0, 872.0021362304688], [0.0, 0.0, 1.0, 0.0], [0.0, 0.0, 0.0, 1.0]], "pose_inverse": [[-0.9997552633285522, -0.022123564034700394, 0.0, 1857.86572265625], [0.022123564034700394, -0.9997552633285522, 0.0, 831.1029663085938], [0.0, 0.0, 1.0, 0.0], [0.0, 0.0, 0.0, 1.0]], "cam_ids": [0, 1, 2, 3, 4, 5], "cam_channels": ["CAM_FRONT_LEFT", "CAM_FRONT", "CAM_FRONT_RIGHT", "CAM_BACK_LEFT", "CAM_BACK", "CAM_BACK_RIGHT"], "token": "7a2ba65604514988ba022234fabd77e0", "scene": "scene-0698"}, {"images": ["samples/CAM_FRONT_LEFT/n008-2018-08-29-16-04-13-0400__CAM_FRONT_LEFT__1535573118904799.jpg", "samples/CAM_FRONT/n008-2018-08-29-16-04-13-0400__CAM_FRONT__1535573118912404.jpg", "samples/CAM_FRONT_RIGHT/n008-2018-08-29-16-04-13-0400__CAM_FRONT_RIGHT__1535573118920482.jpg", "samples/CAM_BACK_LEFT/n008-2018-08-29-16-04-13-0400__CAM_BACK_LEFT__1535573118947405.jpg", "samples/CAM_BACK/n008-2018-08-29-16-04-13-0400__CAM_BACK__1535573118937558.jpg", "samples/CAM_BACK_RIGHT/n008-2018-08-29-16-04-13-0400__CAM_BACK_RIGHT__1535573118928113.jpg"], "intrinsics": [[[1257.8625342125129, 0.0, 827.2410631095686], [0.0, 1257.8625342125129, 450.915498205774], [0.0, 0.0, 1.0]], [[1252.8131021185304, 0.0, 826.588114781398], [0.0, 1252.8131021185304, 469.9846626224581], [0.0, 0.0, 1.0]], [[1256.7485116440405, 0.0, 817.7887570959712], [0.0, 1256.7485116440403, 451.9541780095127], [0.0, 0.0, 1.0]], [[1254.9860565800168, 0.0, 829.5769333630991], [0.0, 1254.9860565800168, 467.1680561863987], [0.0, 0.0, 1.0]], [[796.8910634503094, 0.0, 857.7774326863696], [0.0, 796.8910634503094, 476.8848988407415], [0.0, 0.0, 1.0]], [[1249.9629280788233, 0.0, 825.3768045375984], [0.0, 1249.9629280788233, 462.54816385708756], [0.0, 0.0, 1.0]]], "extrinsics": [[[0.8221465349197388, -0.5691301822662354, 0.01287915650755167, -0.6650390625], [0.023159462958574295, 0.010833244770765305, -0.9996731281280518, 1.497833251953125], [0.5688045620918274, 0.8221760988235474, 0.02208726480603218, -1.0999755859375], [0.0, 0.0, 0.0, 1.0]], [[0.010011422447860241, -0.9999297261238098, -0.0063524735160171986, 0.01019287109375], [0.024646511301398277, 0.006597616709768772, -0.9996744394302368, 1.4885749816894531], [0.9996461272239685, 0.009851598180830479, 0.02471083030104637, -1.393310546875], [0.0, 0.0, 0.0, 1.0]], [[-0.8437662124633789, -0.5360813736915588, -0.025985121726989746, 0.8662109375], [0.03219810128211975, -0.0022311676293611526, -0.9994789958000183, 1.5016555786132812], [0.5357441306114197, -0.8441633582115173, 0.01914338767528534, -1.13372802734375], [0.0, 0.0, 0.0, 1.0]], [[0.9478191137313843, 0.3186706006526947, 0.009382315911352634, -1.129150390625], [0.00578706432133913, 0.012226947583258152, -0.9999085068702698, 1.5621337890625], [-0.3187561631202698, 0.9477866291999817, 0.009744766168296337, -0.161224365234375], [0.0, 0.0, 0.0, 1.0]], [[0.009150054305791855, 0.999945878982544, 0.004946719389408827, -0.02825927734375], [0.008344610221683979, 0.004870398435741663, -0.9999533295631409, 1.5689582824707031], [-0.9999234080314636, 0.009190905839204788, -0.008299596607685089, -0.063232421875], [0.0, 0.0, 0.0, 1.0]], [[-0.923522412776947, 0.3830901086330414, -0.018662238493561745, 0.97998046875], [0.01292003970593214, -0.017556851729750633, -0.9997623562812805, 1.5503530502319336], [-0.3833266496658325, -0.9235441088676453, 0.01126460824161768, -0.117919921875], [0.0, 0.0, 0.0, 1.0]]], "view": [[0.0, -2.0, 100.0], [-2.0, 0.0, 100.0], [0.0, 0.0, 1.0]], "bev": "bev_9944f9d2ac1a4b7780a4d3126451a95b.png", "aux": "aux_9944f9d2ac1a4b7780a4d3126451a95b.npz", "visibility": "visibility_9944f9d2ac1a4b7780a4d3126451a95b.png", "pose": [[-0.9995878338813782, 0.02870776318013668, 0.0, 1834.30126953125], [-0.02870776318013668, -0.9995878338813782, 0.0, 871.9227905273438], [0.0, 0.0, 1.0, 0.0], [0.0, 0.0, 0.0, 1.0]], "pose_inverse": [[-0.9995878338813782, -0.02870776318013668, 0.0, 1858.576171875], [0.02870776318013668, -0.9995878338813782, 0.0, 818.9047241210938], [0.0, 0.0, 1.0, 0.0], [0.0, 0.0, 0.0, 1.0]], "cam_ids": [0, 1, 2, 3, 4, 5], "cam_channels": ["CAM_FRONT_LEFT", "CAM_FRONT", "CAM_FRONT_RIGHT", "CAM_BACK_LEFT", "CAM_BACK", "CAM_BACK_RIGHT"], "token": "9944f9d2ac1a4b7780a4d3126451a95b", "scene": "scene-0698"}, {"images": ["samples/CAM_FRONT_LEFT/n008-2018-08-29-16-04-13-0400__CAM_FRONT_LEFT__1535573119404799.jpg", "samples/CAM_FRONT/n008-2018-08-29-16-04-13-0400__CAM_FRONT__1535573119412404.jpg", "samples/CAM_FRONT_RIGHT/n008-2018-08-29-16-04-13-0400__CAM_FRONT_RIGHT__1535573119420482.jpg", "samples/CAM_BACK_LEFT/n008-2018-08-29-16-04-13-0400__CAM_BACK_LEFT__1535573119447405.jpg", "samples/CAM_BACK/n008-2018-08-29-16-04-13-0400__CAM_BACK__1535573119437558.jpg", "samples/CAM_BACK_RIGHT/n008-2018-08-29-16-04-13-0400__CAM_BACK_RIGHT__1535573119428113.jpg"], "intrinsics": [[[1257.8625342125129, 0.0, 827.2410631095686], [0.0, 1257.8625342125129, 450.915498205774], [0.0, 0.0, 1.0]], [[1252.8131021185304, 0.0, 826.588114781398], [0.0, 1252.8131021185304, 469.9846626224581], [0.0, 0.0, 1.0]], [[1256.7485116440405, 0.0, 817.7887570959712], [0.0, 1256.7485116440403, 451.9541780095127], [0.0, 0.0, 1.0]], [[1254.9860565800168, 0.0, 829.5769333630991], [0.0, 1254.9860565800168, 467.1680561863987], [0.0, 0.0, 1.0]], [[796.8910634503094, 0.0, 857.7774326863696], [0.0, 796.8910634503094, 476.8848988407415], [0.0, 0.0, 1.0]], [[1249.9629280788233, 0.0, 825.3768045375984], [0.0, 1249.9629280788233, 462.54816385708756], [0.0, 0.0, 1.0]]], "extrinsics": [[[0.8225550651550293, -0.5686672329902649, 0.004563897382467985, -0.64501953125], [0.015066581778228283, 0.013769294135272503, -0.9997916221618652, 1.4947929382324219], [0.5684857964515686, 0.8224524855613708, 0.019893871620297432, -1.08935546875], [0.0, 0.0, 0.0, 1.0]], [[0.010379335843026638, -0.9999018907546997, -0.009401995688676834, 0.01239013671875], [0.01799250952899456, 0.009587732143700123, -0.9997921586036682, 1.4866142272949219], [0.9997842907905579, 0.01020801067352295, 0.01809025928378105, -1.3748779296875], [0.0, 0.0, 0.0, 1.0]], [[-0.8437666296958923, -0.536205530166626, -0.023270299658179283, 0.8551025390625], [0.027044566348195076, 0.0008252019179053605, -0.9996338486671448, 1.5006637573242188], [0.5360285043716431, -0.8440870046615601, 0.013805167749524117, -1.125091552734375], [0.0, 0.0, 0.0, 1.0]], [[0.9478296637535095, 0.31864169239997864, 0.009300735779106617, -1.130126953125], [0.00450438866391778, 0.01578603871166706, -0.9998652338981628, 1.5621070861816406], [-0.31874558329582214, 0.9477437734603882, 0.013527189381420612, -0.16082763671875], [0.0, 0.0, 0.0, 1.0]], [[0.009077610448002815, 0.9999234676361084, 0.00840151309967041, -0.02880859375], [0.00572288129478693, 0.008349770680069923, -0.9999487400054932, 1.5686969757080078], [-0.9999424815177917, 0.009125233627855778, -0.005646648351103067, -0.068115234375], [0.0, 0.0, 0.0, 1.0]], [[-0.9236505627632141, 0.38299041986465454, -0.013710379600524902, 0.97021484375], [0.008912796154618263, -0.014298336580395699, -0.999858021736145, 1.5496711730957031], [-0.38313207030296326, -0.9236416220664978, 0.009793151170015335, -0.1207275390625], [0.0, 0.0, 0.0, 1.0]]], "view": [[0.0, -2.0, 100.0], [-2.0, 0.0, 100.0], [0.0, 0.0, 1.0]], "bev": "bev_0b4d667356df4e389ce06375f296aec0.png", "aux": "aux_0b4d667356df4e389ce06375f296aec0.npz", "visibility": "visibility_0b4d667356df4e389ce06375f296aec0.png", "pose": [[-0.9994584321975708, 0.032906673848629, 0.0, 1829.4862060546875], [-0.032906673848629, -0.9994584321975708, 0.0, 871.809814453125], [0.0, 0.0, 1.0, 0.0], [0.0, 0.0, 0.0, 1.0]], "pose_inverse": [[-0.9994584321975708, -0.032906673848629, 0.0, 1857.1837158203125], [0.032906673848629, -0.9994584321975708, 0.0, 811.1353759765625], [0.0, 0.0, 1.0, 0.0], [0.0, 0.0, 0.0, 1.0]], "cam_ids": [0, 1, 2, 3, 4, 5], "cam_channels": ["CAM_FRONT_LEFT", "CAM_FRONT", "CAM_FRONT_RIGHT", "CAM_BACK_LEFT", "CAM_BACK", "CAM_BACK_RIGHT"], "token": "0b4d667356df4e389ce06375f296aec0", "scene": "scene-0698"}, {"images": ["samples/CAM_FRONT_LEFT/n008-2018-08-29-16-04-13-0400__CAM_FRONT_LEFT__1535573119854799.jpg", "samples/CAM_FRONT/n008-2018-08-29-16-04-13-0400__CAM_FRONT__1535573119862404.jpg", "samples/CAM_FRONT_RIGHT/n008-2018-08-29-16-04-13-0400__CAM_FRONT_RIGHT__1535573119870482.jpg", "samples/CAM_BACK_LEFT/n008-2018-08-29-16-04-13-0400__CAM_BACK_LEFT__1535573119897405.jpg", "samples/CAM_BACK/n008-2018-08-29-16-04-13-0400__CAM_BACK__1535573119887558.jpg", "samples/CAM_BACK_RIGHT/n008-2018-08-29-16-04-13-0400__CAM_BACK_RIGHT__1535573119878113.jpg"], "intrinsics": [[[1257.8625342125129, 0.0, 827.2410631095686], [0.0, 1257.8625342125129, 450.915498205774], [0.0, 0.0, 1.0]], [[1252.8131021185304, 0.0, 826.588114781398], [0.0, 1252.8131021185304, 469.9846626224581], [0.0, 0.0, 1.0]], [[1256.7485116440405, 0.0, 817.7887570959712], [0.0, 1256.7485116440403, 451.9541780095127], [0.0, 0.0, 1.0]], [[1254.9860565800168, 0.0, 829.5769333630991], [0.0, 1254.9860565800168, 467.1680561863987], [0.0, 0.0, 1.0]], [[796.8910634503094, 0.0, 857.7774326863696], [0.0, 796.8910634503094, 476.8848988407415], [0.0, 0.0, 1.0]], [[1249.9629280788233, 0.0, 825.3768045375984], [0.0, 1249.9629280788233, 462.54816385708756], [0.0, 0.0, 1.0]]], "extrinsics": [[[0.8217039108276367, -0.5699126124382019, 0.0015052903909236193, -0.6324462890625], [0.012943236157298088, 0.016020944342017174, -0.9997878670692444, 1.494110107421875], [0.5697675347328186, 0.821549117565155, 0.020540988072752953, -1.077392578125], [0.0, 0.0, 0.0, 1.0]], [[0.009111583232879639, -0.9998884201049805, -0.011832344345748425, 0.0103759765625], [0.01484328880906105, 0.011966772377490997, -0.9998182654380798, 1.4857025146484375], [0.9998483061790466, 0.008934292942285538, 0.014950670301914215, -1.360595703125], [0.0, 0.0, 0.0, 1.0]], [[-0.8443763852119446, -0.5353400707244873, -0.020963601768016815, 0.844970703125], [0.022727062925696373, 0.0033023408614099026, -0.9997362494468689, 1.4997024536132812], [0.5352681279182434, -0.8446301221847534, 0.009378289803862572, -1.120361328125], [0.0, 0.0, 0.0, 1.0]], [[0.9480059146881104, 0.3182356059551239, 0.0033007969614118338, -1.12646484375], [-0.002708942163735628, 0.018440164625644684, -0.9998263120651245, 1.5619840621948242], [-0.3182412087917328, 0.9478322267532349, 0.018343467265367508, -0.16241455078125], [0.0, 0.0, 0.0, 1.0]], [[0.009666278026998043, 0.9998937249183655, 0.010915679857134819, -0.02838134765625], [-0.0006798136746510863, 0.01