[{"images": ["samples/CAM_FRONT_LEFT/n008-2018-08-06-15-06-32-0400__CAM_FRONT_LEFT__1533583258154799.jpg", "samples/CAM_FRONT/n008-2018-08-06-15-06-32-0400__CAM_FRONT__1533583258162404.jpg", "samples/CAM_FRONT_RIGHT/n008-2018-08-06-15-06-32-0400__CAM_FRONT_RIGHT__1533583258170482.jpg", "samples/CAM_BACK_LEFT/n008-2018-08-06-15-06-32-0400__CAM_BACK_LEFT__1533583258197405.jpg", "samples/CAM_BACK/n008-2018-08-06-15-06-32-0400__CAM_BACK__1533583258187558.jpg", "samples/CAM_BACK_RIGHT/n008-2018-08-06-15-06-32-0400__CAM_BACK_RIGHT__1533583258178113.jpg"], "intrinsics": [[[1257.8625342125129, 0.0, 827.2410631095686], [0.0, 1257.8625342125129, 450.915498205774], [0.0, 0.0, 1.0]], [[1252.8131021185304, 0.0, 826.588114781398], [0.0, 1252.8131021185304, 469.9846626224581], [0.0, 0.0, 1.0]], [[1256.7485116440405, 0.0, 817.7887570959712], [0.0, 1256.7485116440403, 451.9541780095127], [0.0, 0.0, 1.0]], [[1254.9860565800168, 0.0, 829.5769333630991], [0.0, 1254.9860565800168, 467.1680561863987], [0.0, 0.0, 1.0]], [[796.8910634503094, 0.0, 857.7774326863696], [0.0, 796.8910634503094, 476.8848988407415], [0.0, 0.0, 1.0]], [[1249.9629280788233, 0.0, 825.3768045375984], [0.0, 1249.9629280788233, 462.54816385708756], [0.0, 0.0, 1.0]]], "extrinsics": [[[0.8226891756057739, -0.568449079990387, -0.006942045874893665, -0.903076171875], [-0.010966327041387558, -0.003659596899524331, -0.9999331831932068, 1.4869670867919922], [0.5683858394622803, 0.8227102756500244, -0.009244510903954506, -1.26593017578125], [0.0, 0.0, 0.0, 1.0]], [[0.010584421455860138, -0.9999149441719055, 0.0076180724427104, 0.00848388671875], [-0.00894863810390234, -0.00771291321143508, -0.999930202960968, 1.4792861938476562], [0.9999039173126221, 0.010515524074435234, -0.009029513224959373, -1.634521484375], [0.0, 0.0, 0.0, 1.0]], [[-0.8438699841499329, -0.5364633202552795, 0.00950683280825615, 1.0264892578125], [-0.0008865586714819074, -0.0163243617862463, -0.9998663067817688, 1.4930295944213867], [0.5365468859672546, -0.8437656760215759, 0.01330003421753645, -1.2347412109375], [0.0, 0.0, 0.0, 1.0]], [[0.9476087689399719, 0.31845757365226746, -0.02494877204298973, -1.1434326171875], [-0.0260491743683815, -0.0008034752099774778, -0.999660313129425, 1.5620269775390625], [-0.31836947798728943, 0.9479367733001709, 0.007534177508205175, -0.156494140625], [0.0, 0.0, 0.0, 1.0]], [[0.009054413996636868, 0.9999213814735413, -0.008675733581185341, -0.02923583984375], [-0.024030795320868492, -0.00845599640160799, -0.999675452709198, 1.5673828125], [-0.9996702671051025, 0.009259948506951332, 0.023952340707182884, 0.0157470703125], [0.0, 0.0, 0.0, 1.0]], [[-0.9237942695617676, 0.3828352987766266, 0.006410032045096159, 1.109130859375], [-0.01990378461778164, -0.031296439468860626, -0.9993119835853577, 1.5467567443847656], [-0.38237127661705017, -0.9232862591743469, 0.036531347781419754, -0.06352996826171875], [0.0, 0.0, 0.0, 1.0]]], "view": [[0.0, -2.0, 100.0], [-2.0, 0.0, 100.0], [0.0, 0.0, 1.0]], "bev": "bev_6476c980fa5244ad8d2b975caa539a1f.png", "aux": "aux_6476c980fa5244ad8d2b975caa539a1f.npz", "visibility": "visibility_6476c980fa5244ad8d2b975caa539a1f.png", "pose": [[0.46556007862091064, -0.8850162625312805, 0.0, 1662.2265625], [0.8850162625312805, 0.46556007862091064, 0.0, 1252.072998046875], [0.0, 0.0, 1.0, 0.0], [0.0, 0.0, 0.0, 1.0]], "pose_inverse": [[0.46556007862091064, 0.8850162625312805, 0.0, -1881.9713134765625], [-0.8850162625312805, 0.46556007862091064, 0.0, 888.182373046875], [0.0, 0.0, 1.0, 0.0], [0.0, 0.0, 0.0, 1.0]], "cam_ids": [0, 1, 2, 3, 4, 5], "cam_channels": ["CAM_FRONT_LEFT", "CAM_FRONT", "CAM_FRONT_RIGHT", "CAM_BACK_LEFT", "CAM_BACK", "CAM_BACK_RIGHT"], "token": "6476c980fa5244ad8d2b975caa539a1f", "scene": "scene-0262"}, {"images": ["samples/CAM_FRONT_LEFT/n008-2018-08-06-15-06-32-0400__CAM_FRONT_LEFT__1533583258654799.jpg", "samples/CAM_FRONT/n008-2018-08-06-15-06-32-0400__CAM_FRONT__1533583258662404.jpg", "samples/CAM_FRONT_RIGHT/n008-2018-08-06-15-06-32-0400__CAM_FRONT_RIGHT__1533583258670482.jpg", "samples/CAM_BACK_LEFT/n008-2018-08-06-15-06-32-0400__CAM_BACK_LEFT__1533583258697417.jpg", "samples/CAM_BACK/n008-2018-08-06-15-06-32-0400__CAM_BACK__1533583258687558.jpg", "samples/CAM_BACK_RIGHT/n008-2018-08-06-15-06-32-0400__CAM_BACK_RIGHT__1533583258678113.jpg"], "intrinsics": [[[1257.8625342125129, 0.0, 827.2410631095686], [0.0, 1257.8625342125129, 450.915498205774], [0.0, 0.0, 1.0]], [[1252.8131021185304, 0.0, 826.588114781398], [0.0, 1252.8131021185304, 469.9846626224581], [0.0, 0.0, 1.0]], [[1256.7485116440405, 0.0, 817.7887570959712], [0.0, 1256.7485116440403, 451.9541780095127], [0.0, 0.0, 1.0]], [[1254.9860565800168, 0.0, 829.5769333630991], [0.0, 1254.9860565800168, 467.1680561863987], [0.0, 0.0, 1.0]], [[796.8910634503094, 0.0, 857.7774326863696], [0.0, 796.8910634503094, 476.8848988407415], [0.0, 0.0, 1.0]], [[1249.9629280788233, 0.0, 825.3768045375984], [0.0, 1249.9629280788233, 462.54816385708756], [0.0, 0.0, 1.0]]], "extrinsics": [[[0.8226020336151123, -0.568600058555603, -0.004463536199182272, -0.960693359375], [-0.007204459980130196, -0.0025729809422045946, -0.9999707341194153, 1.4879026412963867], [0.5685719847679138, 0.822610080242157, -0.00621299771592021, -1.302337646484375], [0.0, 0.0, 0.0, 1.0]], [[0.010405895300209522, -0.9999238848686218, 0.006627300288528204, 0.005615234375], [-0.005191258620470762, -0.006681591272354126, -0.99996417760849, 1.479933500289917], [0.9999324083328247, 0.010371142998337746, -0.005260390695184469, -1.6900634765625], [0.0, 0.0, 0.0, 1.0]], [[-0.8439585566520691, -0.536377489566803, 0.005752549972385168, 1.0616455078125], [0.002943164436146617, -0.015354398638010025, -0.9998778104782104, 1.493173599243164], [0.536400318145752, -0.8438384532928467, 0.014537123963236809, -1.25927734375], [0.0, 0.0, 0.0, 1.0]], [[0.9476773738861084, 0.3185368776321411, -0.021018385887145996, -1.146240234375], [-0.0221389289945364, -0.00010256228415528312, -0.9997548460960388, 1.5620956420898438], [-0.31846097111701965, 0.9479104280471802, 0.006954867858439684, -0.1552734375], [0.0, 0.0, 0.0, 1.0]], [[0.00909070111811161, 0.9999278783798218, -0.0078523438423872, -0.0289306640625], [-0.020088981837034225, -0.007668456993997097, -0.9997687339782715, 1.5678329467773438], [-0.9997568130493164, 0.00924636609852314, 0.020017819479107857, 0.0330810546875], [0.0, 0.0, 0.0, 1.0]], [[-0.9237856864929199, 0.38289687037467957, 0.0031381312292069197, 1.13818359375], [-0.015997834503650665, -0.03040582314133644, -0.9994096159934998, 1.5474185943603516], [-0.38257530331611633, -0.9232905507087708, 0.03421398624777794, -0.05310821533203125], [0.0, 0.0, 0.0, 1.0]]], "view": [[0.0, -2.0, 100.0], [-2.0, 0.0, 100.0], [0.0, 0.0, 1.0]], "bev": "bev_a5a52588ed07423eae42588ffe366f88.png", "aux": "aux_a5a52588ed07423eae42588ffe366f88.npz", "visibility": "visibility_a5a52588ed07423eae42588ffe366f88.png", "pose": [[0.46639642119407654, -0.8845757842063904, 0.0, 1662.695556640625], [0.8845757842063904, 0.46639642119407654, 0.0, 1252.9422607421875], [0.0, 0.0, 1.0, 0.0], [0.0, 0.0, 0.0, 1.0]], "pose_inverse": [[0.46639642119407654, 0.8845757842063904, 0.0, -1883.7977294921875], [-0.8845757842063904, 0.46639642119407654, 0.0, 886.4124755859375], [0.0, 0.0, 1.0, 0.0], [0.0, 0.0, 0.0, 1.0]], "cam_ids": [0, 1, 2, 3, 4, 5], "cam_channels": ["CAM_FRONT_LEFT", "CAM_FRONT", "CAM_FRONT_RIGHT", "CAM_BACK_LEFT", "CAM_BACK", "CAM_BACK_RIGHT"], "token": "a5a52588ed07423eae42588ffe366f88", "scene": "scene-0262"}, {"images": ["samples/CAM_FRONT_LEFT/n008-2018-08-06-15-06-32-0400__CAM_FRONT_LEFT__1533583259154799.jpg", "samples/CAM_FRONT/n008-2018-08-06-15-06-32-0400__CAM_FRONT__1533583259162404.jpg", "samples/CAM_FRONT_RIGHT/n008-2018-08-06-15-06-32-0400__CAM_FRONT_RIGHT__1533583259170482.jpg", "samples/CAM_BACK_LEFT/n008-2018-08-06-15-06-32-0400__CAM_BACK_LEFT__1533583259197405.jpg", "samples/CAM_BACK/n008-2018-08-06-15-06-32-0400__CAM_BACK__1533583259187558.jpg", "samples/CAM_BACK_RIGHT/n008-2018-08-06-15-06-32-0400__CAM_BACK_RIGHT__1533583259178113.jpg"], "intrinsics": [[[1257.8625342125129, 0.0, 827.2410631095686], [0.0, 1257.8625342125129, 450.915498205774], [0.0, 0.0, 1.0]], [[1252.8131021185304, 0.0, 826.588114781398], [0.0, 1252.8131021185304, 469.9846626224581], [0.0, 0.0, 1.0]], [[1256.7485116440405, 0.0, 817.7887570959712], [0.0, 1256.7485116440403, 451.9541780095127], [0.0, 0.0, 1.0]], [[1254.9860565800168, 0.0, 829.5769333630991], [0.0, 1254.9860565800168, 467.1680561863987], [0.0, 0.0, 1.0]], [[796.8910634503094, 0.0, 857.7774326863696], [0.0, 796.8910634503094, 476.8848988407415], [0.0, 0.0, 1.0]], [[1249.9629280788233, 0.0, 825.3768045375984], [0.0, 1249.9629280788233, 462.54816385708756], [0.0, 0.0, 1.0]]], "extrinsics": [[[0.8227625489234924, -0.5683826804161072, -0.001729050767607987, -0.976806640625], [-0.0032663228921592236, -0.0016861340263858438, -0.9999932050704956, 1.4881834983825684], [0.5683758854866028, 0.822762668132782, -0.0032438088674098253, -1.3145751953125], [0.0, 0.0, 0.0, 1.0]], [[0.010597869753837585, -0.9999269843101501, 0.005806325003504753, 0.0062255859375], [-0.0012606628006324172, -0.005820007063448429, -0.9999822974205017, 1.4801331758499146], [0.9999430775642395, 0.010590387508273125, -0.0013222494162619114, -1.706787109375], [0.0, 0.0, 0.0, 1.0]], [[-0.8438830375671387, -0.5365233421325684, 0.0020523332059383392, 1.0731201171875], [0.00680085364729166, -0.014521630480885506, -0.9998714327812195, 1.4932231903076172], [0.5364841818809509, -0.84376060962677, 0.015903372317552567, -1.265869140625], [0.0, 0.0, 0.0, 1.0]], [[0.9477530121803284, 0.31853339076042175, -0.017341023311018944, -1.1441650390625], [-0.018504928797483444, 0.0006280357483774424, -0.9998285174369812, 1.5620460510253906], [-0.3184679448604584, 0.9479114413261414, 0.006489660125225782, -0.1561279296875], [0.0, 0.0, 0.0, 1.0]], [[0.009063777513802052, 0.999934196472168, -0.007044609636068344, -0.0291748046875], [-0.01642356626689434, -0.006895087193697691, -0.9998413324356079, 1.5679378509521484], [-0.9998241066932678, 0.009177988395094872, 0.01635998673737049, 0.0367431640625], [0.0, 0.0, 0.0, 1.0]], [[-0.9238390326499939, 0.38278111815452576, -2.5231123800040223e-05, 1.146728515625], [-0.012235418893396854, -0.02959596738219261, -0.999487042427063, 1.5476393699645996], [-0.3825854957103729, -0.9233649373054504, 0.03202539682388306, -0.0489959716796875], [0.0, 0.0, 0.0, 1.0]]], "view": [[0.0, -2.0, 100.0], [-2.0, 0.0, 100.0], [0.0, 0.0, 1.0]], "bev": "bev_3068aa7219684582b9dfbed094328599.png", "aux": "aux_3068aa7219684582b9dfbed094328599.npz", "visibility": "visibility_3068aa7219684582b9dfbed094328599.png", "pose": [[0.468055784702301, -0.8836989402770996, 0.0, 1662.9334716796875], [0.8836989402770996, 0.468055784702301, 0.0, 1253.384033203125], [0.0, 0.0, 1.0, 0.0], [0.0, 0.0, 0.0, 1.0]], "pose_inverse": [[0.468055784702301, 0.8836989402770996, 0.0, -1885.959716796875], [-0.8836989402770996, 0.468055784702301, 0.0, 882.8788452148438], [0.0, 0.0, 1.0, 0.0], [0.0, 0.0, 0.0, 1.0]], "cam_ids": [0, 1, 2, 3, 4, 5], "cam_channels": ["CAM_FRONT_LEFT", "CAM_FRONT", "CAM_FRONT_RIGHT", "CAM_BACK_LEFT", "CAM_BACK", "CAM_BACK_RIGHT"], "token": "3068aa7219684582b9dfbed094328599", "scene": "scene-0262"}, {"images": ["samples/CAM_FRONT_LEFT/n008-2018-08-06-15-06-32-0400__CAM_FRONT_LEFT__1533583259654799.jpg", "samples/CAM_FRONT/n008-2018-08-06-15-06-32-0400__CAM_FRONT__1533583259662404.jpg", "samples/CAM_FRONT_RIGHT/n008-2018-08-06-15-06-32-0400__CAM_FRONT_RIGHT__1533583259670482.jpg", "samples/CAM_BACK_LEFT/n008-2018-08-06-15-06-32-0400__CAM_BACK_LEFT__1533583259697410.jpg", "samples/CAM_BACK/n008-2018-08-06-15-06-32-0400__CAM_BACK__1533583259687558.jpg", "samples/CAM_BACK_RIGHT/n008-2018-08-06-15-06-32-0400__CAM_BACK_RIGHT__1533583259678113.jpg"], "intrinsics": [[[1257.8625342125129, 0.0, 827.2410631095686], [0.0, 1257.8625342125129, 450.915498205774], [0.0, 0.0, 1.0]], [[1252.8131021185304, 0.0, 826.588114781398], [0.0, 1252.8131021185304, 469.9846626224581], [0.0, 0.0, 1.0]], [[1256.7485116440405, 0.0, 817.7887570959712], [0.0, 1256.7485116440403, 451.9541780095127], [0.0, 0.0, 1.0]], [[1254.9860565800168, 0.0, 829.5769333630991], [0.0, 1254.9860565800168, 467.1680561863987], [0.0, 0.0, 1.0]], [[796.8910634503094, 0.0, 857.7774326863696], [0.0, 796.8910634503094, 476.8848988407415], [0.0, 0.0, 1.0]], [[1249.9629280788233, 0.0, 825.3768045375984], [0.0, 1249.9629280788233, 462.54816385708756], [0.0, 0.0, 1.0]]], "extrinsics": [[[0.8225805759429932, -0.5686474442481995, -0.0011579919373616576, -0.994384765625], [-0.0025210236199200153, -0.0016104141250252724, -0.9999955296516418, 1.4882662296295166], [0.5686430931091309, 0.8225798010826111, -0.0027582712937146425, -1.32733154296875], [0.0, 0.0, 0.0, 1.0]], [[0.010329578071832657, -0.9999303221702576, 0.0057134139351546764, 0.00653076171875], [-0.0005564316525124013, -0.0057194652035832405, -0.9999834895133972, 1.4801669120788574], [0.9999464750289917, 0.010326198302209377, -0.0006154730799607933, -1.7247314453125], [0.0, 0.0, 0.0, 1.0]], [[-0.8439919948577881, -0.5363540053367615, 0.0014020176604390144, 1.0843505859375], [0.007486655842512846, -0.0143944276496768, -0.9998683929443359, 1.493143081665039], [0.5363035798072815, -0.8438704013824463, 0.016164278611540794, -1.272705078125], [0.0, 0.0, 0.0, 1.0]], [[0.9477633237838745, 0.31853869557380676, -0.016667811200022697, -1.1441650390625], [-0.017849670723080635, 0.0007914714515209198, -0.9998403787612915, 1.5620460510253906], [-0.3184746205806732, 0.9479094743728638, 0.006435939576476812, -0.1561279296875], [0.0, 0.0, 0.0, 1.0]], [[0.0091390460729599, 0.9999345541000366, -0.006888979114592075, -0.0291748046875], [-0.015736645087599754, -0.0067445929162204266, -0.9998533725738525, 1.5680198669433594], [-0.9998344779014587, 0.009246055968105793, 0.01567397452890873, 0.041259765625], [0.0, 0.0, 0.0, 1.0]], [[-0.9237849116325378, 0.38291123509407043, -0.0006058408762328327, 1.1552734375], [-0.011556308716535568, -0.029461350291967392, -0.9994990825653076, 1.5477628707885742], [-0.3827371895313263, -0.9233152270317078, 0.03164099156856537, -0.04512786865234375], [0.0, 0.0, 0.0, 1.0]]], "view": [[0.0, -2.0, 100.0], [-2.0, 0.0, 100.0], [0.0, 0.0, 1.0]], "bev": "bev_11ba7e5bc2b840c2a8e6000a2bebba21.png", "aux": "aux_11ba7e5bc2b840c2a8e6000a2bebba21.npz", "visibility": "visibility_11ba7e5bc2b840c2a8e6000a2bebba21.png", "pose": [[0.4690757095813751, -0.8831579685211182, 0.0, 1663.05224609375], [0.8831579685211182, 0.4690757095813751, 0.0, 1253.5860595703125], [0.0, 0.0, 1.0, 0.0], [0.0, 0.0, 0.0, 1.0]], "pose_inverse": [[0.4690757095813751, 0.8831579685211182, 0.0, -1887.2119140625], [-0.8831579685211182, 0.4690757095813751, 0.0, 880.7110595703125], [0.0, 0.0, 1.0, 0.0], [0.0, 0.0, 0.0, 1.0]], "cam_ids": [0, 1, 2, 3, 4, 5], "cam_channels": ["CAM_FRONT_LEFT", "CAM_FRONT", "CAM_FRONT_RIGHT", "CAM_BACK_LEFT", "CAM_BACK", "CAM_BACK_RIGHT"], "token": "11ba7e5bc2b840c2a8e6000a2bebba21", "scene": "scene-0262"}, {"images": ["samples/CAM_FRONT_LEFT/n008-2018-08-06-15-06-32-0400__CAM_FRONT_LEFT__1533583260154799.jpg", "samples/CAM_FRONT/n008-2018-08-06-15-06-32-0400__CAM_FRONT__1533583260162404.jpg", "samples/CAM_FRONT_RIGHT/n008-2018-08-06-15-06-32-0400__CAM_FRONT_RIGHT__1533583260170482.jpg", "samples/CAM_BACK_LEFT/n008-2018-08-06-15-06-32-0400__CAM_BACK_LEFT__1533583260197405.jpg", "samples/CAM_BACK/n008-2018-08-06-15-06-32-0400__CAM_BACK__1533583260187559.jpg", "samples/CAM_BACK_RIGHT/n008-2018-08-06-15-06-32-0400__CAM_BACK_RIGHT__1533583260178113.jpg"], "intrinsics": [[[1257.8625342125129, 0.0, 827.2410631095686], [0.0, 1257.8625342125129, 450.915498205774], [0.0, 0.0, 1.0]], [[1252.8131021185304, 0.0, 826.588114781398], [0.0, 1252.8131021185304, 469.9846626224581], [0.0, 0.0, 1.0]], [[1256.7485116440405, 0.0, 817.7887570959712], [0.0, 1256.7485116440403, 451.9541780095127], [0.0, 0.0, 1.0]], [[1254.9860565800168, 0.0, 829.5769333630991], [0.0, 1254.9860565800168, 467.1680561863987], [0.0, 0.0, 1.0]], [[796.8910634503094, 0.0, 857.7774326863696], [0.0, 796.8910634503094, 476.8848988407415], [0.0, 0.0, 1.0]], [[1249.9629280788233, 0.0, 825.3768045375984], [0.0, 1249.9629280788233, 462.54816385708756], [0.0, 0.0, 1.0]]], "extrinsics": [[[0.8225734829902649, -0.5686574578285217, -0.0012588545214384794, -1.0], [-0.0024253122974187136, -0.001294535817578435, -0.9999961853027344, 1.4882824420928955], [0.5686537027359009, 0.8225734233856201, -0.0024440244305878878, -1.330841064453125], [0.0, 0.0, 0.0, 1.0]], [[0.010320842266082764, -0.9999319911003113, 0.005415153689682484, 0.0059814453125], [-0.0004344171320553869, -0.005419926252216101, -0.9999852180480957, 1.4801678657531738], [0.999946653842926, 0.010318356566131115, -0.0004903255612589419, -1.72998046875], [0.0, 0.0, 0.0, 1.0]], [[-0.8439956903457642, -0.5363488793373108, 0.0011381866643205285, 1.087646484375], [0.007624297868460417, -0.014119381085038185, -0.9998712539672852, 1.4931049346923828], [0.5362958908081055, -0.8438783288002014, 0.016005979850888252, -1.275146484375], [0.0, 0.0, 0.0, 1.0]], [[0.9477717280387878, 0.3185286521911621, -0.016377998515963554, -1.143798828125], [-0.01762884482741356, 0.001044414471834898, -0.9998440146446228, 1.5620384216308594], [-0.3184618651866913, 0.9479126334190369, 0.006605158559978008, -0.15625], [0.0, 0.0, 0.0, 1.0]], [[0.009150059893727303, 0.9999362826347351, -0.006621752865612507, -0.02911376953125], [-0.01555874478071928, -0.006478860508650541, -0.9998579025268555, 1.568044662475586], [-0.9998371601104736, 0.009251809678971767, 0.015498471446335316, 0.0428466796875], [0.0, 0.0, 0.0, 1.0]], [[-0.9237827658653259, 0.38291627168655396, -0.0006445383187383413, 1.158203125], [-0.01139953825622797, -0.02918371744453907, -0.9995090365409851, 1.5477933883666992], [-0.382747083902359, -0.9233219027519226, 0.031324487179517746, -0.0443878173828125], [0.0, 0.0, 0.0, 1.0]]], "view": [[0.0, -2.0, 100.0], [-2.0, 0.0, 100.0], [0.0, 0.0, 1.0]], "bev": "bev_951400ee737346889f8c79cc4d2d5cc6.png", "aux": "aux_951400ee737346889f8c79cc4d2d5cc6.npz", "visibility": "visibility_951400ee737346889f8c79cc4d2d5cc6.png", "pose": [[0.469513863325119, -0.8829250931739807, 0.0, 1663.112548828125], [0.8829250931739807, 0.469513863325119, 0.0, 1253.6719970703125], [0.0, 0.0, 1.0, 0.0], [0.0, 0.0, 0.0, 1.0]], "pose_inverse": [[0.469513863325119, 0.8829250931739807, 0.0, -1887.7528076171875], [-0.8829250931739807, 0.469513863325119, 0.0, 879.7874755859375], [0.0, 0.0, 1.0, 0.0], [0.0, 0.0, 0.0, 1.0]], "cam_ids": [0, 1, 2, 3, 4, 5], "cam_channels": ["CAM_FRONT_LEFT", "CAM_FRONT", "CAM_FRONT_RIGHT", "CAM_BACK_LEFT", "CAM_BACK", "CAM_BACK_RIGHT"], "token": "951400ee737346889f8c79cc4d2d5cc6", "scene": "scene-0262"}, {"images": ["samples/CAM_FRONT_LEFT/n008-2018-08-06-15-06-32-0400__CAM_FRONT_LEFT__1533583260654799.jpg", "samples/CAM_FRONT/n008-2018-08-06-15-06-32-0400__CAM_FRONT__1533583260662404.jpg", "samples/CAM_FRONT_RIGHT/n008-2018-08-06-15-06-32-0400__CAM_FRONT_RIGHT__1533583260670482.jpg", "samples/CAM_BACK_LEFT/n008-2018-08-06-15-06-32-0400__CAM_BACK_LEFT__1533583260697444.jpg", "samples/CAM_BACK/n008-2018-08-06-15-06-32-0400__CAM_BACK__1533583260687558.jpg", "samples/CAM_BACK_RIGHT/n008-2018-08-06-15-06-32-0400__CAM_BACK_RIGHT__1533583260678113.jpg"], "intrinsics": [[[1257.8625342125129, 0.0, 827.2410631095686], [0.0, 1257.8625342125129, 450.915498205774], [0.0, 0.0, 1.0]], [[1252.8131021185304, 0.0, 826.588114781398], [0.0, 1252.8131021185304, 469.9846626224581], [0.0, 0.0, 1.0]], [[1256.7485116440405, 0.0, 817.7887570959712], [0.0, 1256.7485116440403, 451.9541780095127], [0.0, 0.0, 1.0]], [[1254.9860565800168, 0.0, 829.5769333630991], [0.0, 1254.9860565800168, 467.1680561863987], [0.0, 0.0, 1.0]], [[796.8910634503094, 0.0, 857.7774326863696], [0.0, 796.8910634503094, 476.8848988407415], [0.0, 0.0, 1.0]], [[1249.9629280788233, 0.0, 825.3768045375984], [0.0, 1249.9629280788233, 462.54816385708756], [0.0, 0.0, 1.0]]], "extrinsics": [[[0.8225659132003784, -0.5686670541763306, 0.001781580038368702, -1.005615234375], [0.0012567284284159541, -0.0013150675222277641, -0.9999983310699463, 1.4882957935333252], [0.5686684250831604, 0.8225667476654053, -0.0003670694713946432, -1.334381103515625], [0.0, 0.0, 0.0, 1.0]], [[0.01029258780181408, -0.9999321699142456, 0.005464817397296429, 0.00592041015625], [0.0032044523395597935, -0.005432095378637314, -0.9999801516532898, 1.4801664352416992], [0.999941885471344, 0.010309867560863495, 0.003148324554786086, -1.7354736328125], [0.0, 0.0, 0.0, 1.0]], [[-0.8439948558807373, -0.5363481044769287, -0.0018672645092010498, 1.09130859375], [0.01118948869407177, -0.014126851223409176, -0.9998375773429871, 1.493072509765625], [0.5362346172332764, -0.8438786864280701, 0.01792444847524166, -1.2774658203125], [0.0, 0.0, 0.0, 1.0]], [[0.9478158354759216, 0.31854864954948425, -0.013119684532284737, -1.1439208984375], [-0.014197329059243202, 0.0010613644262775779, -0.9998986721038818, 1.5620441436767578], [-0.31850239634513855, 0.947905957698822, 0.0055285184644162655, -0.156005859375], [0.0, 0.0, 0.0, 1.0]], [[0.009159599430859089, 0.9999364614486694, -0.006576131097972393, -0.02911376953125], [-0.012088639661669731, -0.00646519660949707, -0.9999060034751892, 1.5680656433105469], [-0.9998849630355835, 0.009238231927156448, 0.012028652243316174, 0.044677734375], [0.0, 0.0, 0.0, 1.0]], [[-0.9237772226333618, 0.38291051983833313, -0.0038912848103791475, 1.160888671875], [-0.00788541603833437, -0.02918141894042492, -0.9995430111885071, 1.5478200912475586], [-0.38284915685653687, -0.9233243465423584, 0.029976539313793182, -0.0433502197265625], [0.0, 0.0, 0.0, 1.0]]], "view": [[0.0, -2.0, 100.0], [-2.0, 0.0, 100.0], [0.0, 0.0, 1.0]], "bev": "bev_5c706bc86a664273a61f5c3c9a1f92ef.png", "aux": "aux_5c706bc86a664273a61f5c3c9a1f92ef.npz", "visibility": "visibility_5c706bc86a664273a61f5c3c9a1f92ef.png", "pose": [[0.469460129737854, -0.8829537034034729, 0.0, 1663.1207275390625], [0.8829537034034729, 0.469460129737854, 0.0, 1253.6661376953125], [0.0, 0.0, 1.0, 0.0], [0.0, 0.0, 0.0, 1.0]], "pose_inverse": [[0.469460129737854, 0.8829537034034729, 0.0, -1887.697998046875], [-0.8829537034034729, 0.469460129737854, 0.0, 879.9122924804688], [0.0, 0.0, 1.0, 0.0], [0.0, 0.0, 0.0, 1.0]], "cam_ids": [0, 1, 2, 3, 4, 5], "cam_channels": ["CAM_FRONT_LEFT", "CAM_FRONT", "CAM_FRONT_RIGHT", "CAM_BACK_LEFT", "CAM_BACK", "CAM_BACK_RIGHT"], "token": "5c706bc86a664273a61f5c3c9a1f92ef", "scene": "scene-0262"}, {"images": ["samples/CAM_FRONT_LEFT/n008-2018-08-06-15-06-32-0400__CAM_FRONT_LEFT__1533583261154799.jpg", "samples/CAM_FRONT/n008-2018-08-06-15-06-32-0400__CAM_FRONT__1533583261162404.jpg", "samples/CAM_FRONT_RIGHT/n008-2018-08-06-15-06-32-0400__CAM_FRONT_RIGHT__1533583261170482.jpg", "samples/CAM_BACK_LEFT/n008-2018-08-06-15-06-32-0400__CAM_BACK_LEFT__1533583261197698.jpg", "samples/CAM_BACK/n008-2018-08-06-15-06-32-0400__CAM_BACK__1533583261187558.jpg", "samples/CAM_BACK_RIGHT/n008-2018-08-06-15-06-32-0400__CAM_BACK_RIGHT__1533583261178113.jpg"], "intrinsics": [[[1257.8625342125129, 0.0, 827.2410631095686], [0.0, 1257.8625342125129, 450.915498205774], [0.0, 0.0, 1.0]], [[1252.8131021185304, 0.0, 826.588114781398], [0.0, 1252.8131021185304, 469.9846626224581], [0.0, 0.0, 1.0]], [[1256.7485116440405, 0.0, 817.7887570959712], [0.0, 1256.7485116440403, 451.9541780095127], [0.0, 0.0, 1.0]], [[1254.9860565800168, 0.0, 829.5769333630991], [0.0, 1254.9860565800168, 467.1680561863987], [0.0, 0.0, 1.0]], [[796.8910634503094, 0.0, 857.7774326863696], [0.0, 796.8910634503094, 476.8848988407415], [0.0, 0.0, 1.0]], [[1249.9629280788233, 0.0, 825.3768045375984], [0.0, 1249.9629280788233, 462.54816385708756], [0.0, 0.0, 1.0]]], "extrinsics": [[[0.8225899934768677, -0.5686310529708862, 0.0021164745558053255, -1.0048828125], [0.0017113275825977325, -0.0012464119354262948, -0.9999977350234985, 1.488295078277588], [0.5686323642730713, 0.8225917220115662, -5.217352008912712e-05, -1.333892822265625], [0.0, 0.0, 0.0, 1.0]], [[0.010328239761292934, -0.9999319911003113, 0.005403157789260149, 0.00579833984375], [0.003677049884572625, -0.005365429446101189, -0.9999788403511047, 1.4801664352416992], [0.9999397993087769, 0.010347898118197918, 0.0036213842686265707, -1.7349853515625], [0.0, 0.0, 0.0, 1.0]], [[-0.8439777493476868, -0.5363729596138, -0.002342253690585494, 1.0908203125], [0.011702993884682655, -0.014048444107174873, -0.9998327493667603, 1.4930801391601562], [0.5362503528594971, -0.8438640832901001, 0.018133744597434998, -1.27734375], [0.0, 0.0, 0.0, 1.0]], [[0.9478171467781067, 0.3185654580593109, -0.012596864253282547, -1.143798828125], [-0.013670084998011589, 0.001133394194766879, -0.9999059438705444, 1.562042236328125], [-0.31852129101753235, 0.9479002356529236, 0.005429068114608526, -0.15625], [0.0, 0.0, 0.0, 1.0]], [[0.00914401188492775, 0.9999369978904724, -0.0065080528147518635, -0.029052734375], [-0.011547683738172054, -0.006402295548468828, -0.9999127984046936, 1.5680656433105469], [-0.9998915791511536, 0.009218343533575535, 0.011488414369523525, 0.0443115234375], [0.0, 0.0, 0.0, 1.0]], [[-0.9237832427024841, 0.38289085030555725, -0.004353941418230534, 1.16064453125], [-0.007355484180152416, -0.02911234460771084, -0.9995490908622742, 1.547816276550293], [-0.3828449249267578, -0.9233347773551941, 0.029709845781326294, -0.0435028076171875], [0.0, 0.0, 0.0, 1.0]]], "view": [[0.0, -2.0, 100.0], [-2.0, 0.0, 100.0], [0.0, 0.0, 1.0]], "bev": "bev_2efedc82dc7e4049ae5b770db8a2d500.png", "aux": "aux_2efedc82dc7e4049ae5b770db8a2d500.npz", "visibility": "visibility_2efedc82dc7e4049ae5b770db8a2d500.png", "pose": [[0.46953850984573364, -0.8829119801521301, 0.0, 1663.12548828125], [0.8829119801521301, 0.46953850984573364, 0.0, 1253.6588134765625], [0.0, 0.0, 1.0, 0.0], [0.0, 0.0, 0.0, 1.0]], "pose_inverse": [[0.46953850984573364, 0.8829119801521301, 0.0, -1887.7718505859375], [-0.8829119801521301, 0.46953850984573364, 0.0, 879.7523803710938], [0.0, 0.0, 1.0, 0.0], [0.0, 0.0, 0.0, 1.0]], "cam_ids": [0, 1, 2, 3, 4, 5], "cam_channels": ["CAM_FRONT_LEFT", "CAM_FRONT", "CAM_FRONT_RIGHT", "CAM_BACK_LEFT", "CAM_BACK", "CAM_BACK_RIGHT"], "token": "2efedc82dc7e4049ae5b770db8a2d500", "scene": "scene-0262"}, {"images": ["samples/CAM_FRONT_LEFT/n008-2018-08-06-15-06-32-0400__CAM_FRONT_LEFT__1533583261654799.jpg", "samples/CAM_FRONT/n008-2018-08-06-15-06-32-0400__CAM_FRONT__1533583261662404.jpg", "samples/CAM_FRONT_RIGHT/n008-2018-08-06-15-06-32-0400__CAM_FRONT_RIGHT__1533583261670482.jpg", "samples/CAM_BACK_LEFT/n008-2018-08-06-15-06-32-0400__CAM_BACK_LEFT__1533583261697405.jpg", "samples/CAM_BACK/n008-2018-08-06-15-06-32-0400__CAM_BACK__1533583261687558.jpg", "samples/CAM_BACK_RIGHT/n008-2018-08-06-15-06-32-0400__CAM_BACK_RIGHT__1533583261678113.jpg"], "intrinsics": [[[1257.8625342125129, 0.0, 827.2410631095686], [0.0, 1257.8625342125129, 450.915498205774], [0.0, 0.0, 1.0]], [[1252.8131021185304, 0.0, 826.588114781398], [0.0, 1252.8131021185304, 469.9846626224581], [0.0, 0.0, 1.0]], [[1256.7485116440405, 0.0, 817.7887570959712], [0.0, 1256.7485116440403, 451.9541780095127], [0.0, 0.0, 1.0]], [[1254.9860565800168, 0.0, 829.5769333630991], [0.0, 1254.9860565800168, 467.1680561863987], [0.0, 0.0, 1.0]], [[796.8910634503094, 0.0, 857.7774326863696], [0.0, 796.8910634503094, 476.8848988407415], [0.0, 0.0, 1.0]], [[1249.9629280788233, 0.0, 825.3768045375984], [0.0, 1249.9629280788233, 462.54816385708756], [0.0, 0.0, 1.0]]], "extrinsics": [[[0.8225837349891663, -0.5686399340629578, 0.002174951136112213, -1.0048828125], [0.0018164332723245025, -0.0011972022475674748, -0.999997615814209, 1.488295078277588], [0.5686412453651428, 0.8225857615470886, 4.809576057596132e-05, -1.333648681640625], [0.0, 0.0, 0.0, 1.0]], [[0.010320071130990982, -0.9999325275421143, 0.005342253018170595, 0.0057373046875], [0.0037751581985503435, -0.005303537473082542, -0.99997878074646, 1.480168342590332], [0.9999396800994873, 0.010340049862861633, 0.003720169421285391, -1.7347412109375], [0.0, 0.0, 0.0, 1.0]], [[-0.8439807295799255, -0.5363678932189941, -0.0024352669715881348, 1.0908203125], [0.011779405176639557, -0.013995486311614513, -0.9998326301574707, 1.4930763244628906], [0.5362441539764404, -0.8438683152198792, 0.018130017444491386, -1.27734375], [0.0, 0.0, 0.0, 1.0]], [[0.9478148818016052, 0.3185758888721466, -0.012506737373769283, -1.14404296875], [-0.013587645255029202, 0.0011708269594237208, -0.9999069571495056, 1.5620441436767578], [-0.3185316026210785, 0.9478965997695923, 0.005438421852886677, -0.156005859375], [0.0, 0.0, 0.0, 1.0]], [[0.009141729213297367, 0.9999374747276306, -0.006453384179621935, -0.02899169921875], [-0.011468451470136642, -0.006348385009914637, -0.9999140501022339, 1.568063735961914], [-0.99989253282547, 0.009214946068823338, 0.01140969805419445, 0.0443115234375], [0.0, 0.0, 0.0, 1.0]], [[-0.9237813949584961, 0.3828948736190796, -0.004407176747918129, 1.160400390625], [-0.0072758132591843605, -0.029058780521154404, -0.9995511770248413, 1.5478134155273438], [-0.38285112380981445, -0.9233347773551941, 0.02962983213365078, -0.0435638427734375], [0.0, 0.0, 0.0, 1.0]]], "view": [[0.0, -2.0, 100.0], [-2.0, 0.0, 100.0], [0.0, 0.0, 1.0]], "bev": "bev_0a9159b1f4584c22b07f2c7bdf1ece57.png", "aux": "aux_0a9159b1f4584c22b07f2c7bdf1ece57.npz", "visibility": "visibility_0a9159b1f4584c22b07f2c7bdf1ece57.png", "pose": [[0.4695911407470703, -0.8828840255737305, 0.0, 1663.130615234375], [0.8828840255737305, 0.4695911407470703, 0.0, 1253.6558837890625], [0.0, 0.0, 1.0, 0.0], [0.0, 0.0, 0.0, 1.0]], "pose_inverse": [[0.4695911407470703, 0.8828840255737305, 0.0, -1887.8240966796875], [-0.8828840255737305, 0.4695911407470703, 0.0, 879.645751953125], [0.0, 0.0, 1.0, 0.0], [0.0, 0.0, 0.0, 1.0]], "cam_ids": [0, 1, 2, 3, 4, 5], "cam_channels": ["CAM_FRONT_LEFT", "CAM_FRONT", "CAM_FRONT_RIGHT", "CAM_BACK_LEFT", "CAM_BACK", "CAM_BACK_RIGHT"], "token": "0a9159b1f4584c22b07f2c7bdf1ece57", "scene": "scene-0262"}, {"images": ["samples/CAM_FRONT_LEFT/n008-2018-08-06-15-06-32-0400__CAM_FRONT_LEFT__1533583262154799.jpg", "samples/CAM_FRONT/n008-2018-08-06-15-06-32-0400__CAM_FRONT__1533583262162404.jpg", "samples/CAM_FRONT_RIGHT/n008-2018-08-06-15-06-32-0400__CAM_FRONT_RIGHT__1533583262170482.jpg", "samples/CAM_BACK_LEFT/n008-2018-08-06-15-06-32-0400__CAM_BACK_LEFT__1533583262197405.jpg", "samples/CAM_BACK/n008-2018-08-06-15-06-32-0400__CAM_BACK__1533583262187558.jpg", "samples/CAM_BACK_RIGHT/n008-2018-08-06-15-06-32-0400__CAM_BACK_RIGHT__1533583262178113.jpg"], "intrinsics": [[[1257.8625342125129, 0.0, 827.2410631095686], [0.0, 1257.8625342125129, 450.915498205774], [0.0, 0.0, 1.0]], [[1252.8131021185304, 0.0, 826.588114781398], [0.0, 1252.8131021185304, 469.9846626224581], [0.0, 0.0, 1.0]], [[1256.7485116440405, 0.0, 817.7887570959712], [0.0, 1256.7485116440403, 451.9541780095127], [0.0, 0.0, 1.0]], [[1254.9860565800168, 0.0, 829.5769333630991], [0.0, 1254.9860565800168, 467.1680561863987], [0.0, 0.0, 1.0]], [[796.8910634503094, 0.0, 857.7774326863696], [0.0, 796.8910634503094, 476.8848988407415], [0.0, 0.0, 1.0]], [[1249.9629280788233, 0.0, 825.3768045375984], [0.0, 1249.9629280788233, 462.54816385708756], [0.0, 0.0, 1.0]]], "extrinsics": [[[0.8225825428962708, -0.5686415433883667, 0.002208430552855134, -1.0048828125], [0.0019033788703382015, -0.0011303042992949486, -0.9999975562095642, 1.4882946014404297], [0.5686426758766174, 0.8225846886634827, 0.000152570239151828, -1.33349609375], [0.0, 0.0, 0.0, 1.0]], [[0.010316070169210434, -0.9999328851699829, 0.0052846698090434074, 0.005615234375], [0.0038695954717695713, -0.005244990345090628, -0.99997878074646, 1.4801673889160156], [0.9999392628669739, 0.01033633854240179, 0.0038152276538312435, -1.7347412109375], [0.0, 0.0, 0.0, 1.0]], [[-0.8439818620681763, -0.5363655686378479, -0.002556473482400179, 1.0908203125], [0.011890999041497707, -0.01394523587077856, -0.999832034111023, 1.493072509765625], [0.5362398624420166, -0.8438705801963806, 0.01814744807779789, -1.2774658203125], [0.0, 0.0, 0.0, 1.0]], [[0.9478222131729126, 0.3185575604438782, -0.012420439161360264, -1.1439208984375], [-0.013508631847798824, 0.0012069519143551588, -0.9999080300331116, 1.562042236328125], [-0.31851324439048767, 0.9479027986526489, 0.005447251256555319, -0.156005859375], [0.0, 0.0, 0.0, 1.0]], [[0.009152618236839771, 0.9999374747276306, -0.006422474980354309, -0.02874755859375], [-0.011382435448467731, -0.006318146362900734, -0.9999151825904846, 1.5680627822875977], [-0.9998933672904968, 0.009224935434758663, 0.011323897168040276, 0.0443115234375], [0.0, 0.0, 0.0, 1.0]], [[-0.9237802624702454, 0.3828967213630676, -0.004491956904530525, 1.160888671875], [-0.0071673705242574215, -0.029018336907029152, -0.9995532035827637, 1.5478200912475586], [-0.38285601139068604, -0.9233353137969971, 0.029550926759839058, -0.04351806640625], [0.0, 0.0, 0.0, 1.0]]], "view": [[0.0, -2.0, 100.0], [-2.0, 0.0, 100.0], [0.0, 0.0, 1.0]], "bev": "bev_3c72a71d57e64b7f9d434a3dff67448d.png", "aux": "aux_3c72a71d57e64b7f9d434a3dff67448d.npz", "visibility": "visibility_3c72a71d57e64b7f9d434a3dff67448d.png", "pose": [[0.4695480763912201, -0.8829069137573242, 0.0, 1663.1348876953125], [0.8829069137573242, 0.4695480763912201, 0.0, 1253.6536865234375], [0.0, 0.0, 1.0, 0.0], [0.0, 0.0, 0.0, 1.0]], "pose_inverse": [[0.4695480763912201, 0.8829069137573242, 0.0, -1887.78125], [-0.8829069137573242, 0.4695480763912201, 0.0, 879.7425537109375], [0.0, 0.0, 1.0, 0.0], [0.0, 0.0, 0.0, 1.0]], "cam_ids": [0, 1, 2, 3, 4, 5], "cam_channels": ["CAM_FRONT_LEFT", "CAM_FRONT", "CAM_FRONT_RIGHT", "CAM_BACK_LEFT", "CAM_BACK", "CAM_BACK_RIGHT"], "token": "3c72a71d57e64b7f9d434a3dff67448d", "scene": "scene-0262"}, {"images": ["samples/CAM_FRONT_LEFT/n008-2018-08-06-15-06-32-0400__CAM_FRONT_LEFT__1533583262654799.jpg", "samples/CAM_FRONT/n008-2018-08-06-15-06-32-0400__CAM_FRONT__1533583262662404.jpg", "samples/CAM_FRONT_RIGHT/n008-2018-08-06-15-06-32-0400__CAM_FRONT_RIGHT__1533583262670482.jpg", "samples/CAM_BACK_LEFT/n008-2018-08-06-15-06-32-0400__CAM_BACK_LEFT__1533583262697405.jpg", "samples/CAM_BACK/n008-2018-08-06-15-06-32-0400__CAM_BACK__1533583262687558.jpg", "samples/CAM_BACK_RIGHT/n008-2018-08-06-15-06-32-0400__CAM_BACK_RIGHT__1533583262678113.jpg"], "intrinsics": [[[1257.8625342125129, 0.0, 827.2410631095686], [0.0, 1257.8625342125129, 450.915498205774], [0.0, 0.0, 1.0]], [[1252.8131021185304, 0.0, 826.588114781398], [0.0, 1252.8131021185304, 469.9846626224581], [0.0, 0.0, 1.0]], [[1256.7485116440405, 0.0, 817.7887570959712], [0.0, 1256.7485116440403, 451.9541780095127], [0.0, 0.0, 1.0]], [[1254.9860565800168, 0.0, 829.5769333630991], [0.0, 1254.9860565800168, 467.1680561863987], [0.0, 0.0, 1.0]], [[796.8910634503094, 0.0, 857.7774326863696], [0.0, 796.8910634503094, 476.8848988407415], [0.0, 0.0, 1.0]], [[1249.9629280788233, 0.0, 825.3768045375984], [0.0, 1249.9629280788233, 462.54816385708756], [0.0, 0.0, 1.0]]], "extrinsics": [[[0.8225861191749573, -0.568636953830719, 0.0020296007860451937, -1.0048828125], [0.0017683645710349083, -0.0010111265582963824, -0.9999979138374329, 1.488295555114746], [0.5686377882957458, 0.8225879669189453, 0.0001738188584567979, -1.3336181640625], [0.0, 0.0, 0.0, 1.0]], [[0.01032261736690998, -0.9999334216117859, 0.0051614465191960335, 0.00567626953125], [0.003734926925972104, -0.005123129114508629, -0.9999799132347107, 1.4801664352416992], [0.9999396204948425, 0.010341653600335121, 0.0036817945074290037, -1.73486328125], [0.0, 0.0, 0.0, 1.0]], [[-0.843980073928833, -0.5363685488700867, -0.0025149022694677114, 1.0908203125], [0.011761886067688465, -0.013819431886076927, -0.9998353123664856, 1.4930763244628906], [0.5362454652786255, -0.8438706994056702, 0.017972033470869064, -1.2774658203125], [0.0, 0.0, 0.0, 1.0]], [[0.9478186368942261, 0.3185649514198303, -0.012495249509811401, -1.14404296875], [-0.01363163162022829, 0.0013379973825067282, -0.9999061822891235, 1.5620479583740234], [-0.31851834058761597, 0.9479000568389893, 0.00561074074357748, -0.1561279296875], [0.0, 0.0, 0.0, 1.0]], [[0.009147836826741695, 0.9999383687973022, -0.006293094716966152, -0.02899169921875], [-0.01151228416711092, -0.00618762569501996, -0.9999145865440369, 1.5680618286132812], [-0.9998918771743774, 0.009219523519277573, 0.011454971507191658, 0.044189453125], [0.0, 0.0, 0.0, 1.0]], [[-0.9237815737724304, 0.38289543986320496, -0.00431410875171423, 1.16064453125], [-0.00730676157400012, -0.028890516608953476, -0.9995558261871338, 1.5478172302246094], [-0.38284987211227417, -0.92333984375, 0.02948625199496746, -0.04355621337890625], [0.0, 0.0, 0.0, 1.0]]], "view": [[0.0, -2.0, 100.0], [-2.0, 0.0, 100.0], [0.0, 0.0, 1.0]], "bev": "bev_49f277cce9c2479394714ad18dc0abe8.png", "aux": "aux_49f277cce9c2479394714ad18dc0abe8.npz", "visibility": "visibility_49f277cce9c2479394714ad18dc0abe8.png", "pose": [[0.4696011543273926, -0.8828786611557007, 0.0, 1663.138427734375], [0.8828786611557007, 0.4696011543273926, 0.0, 1253.65185546875], [0.0, 0.0, 1.0, 0.0], [0.0, 0.0, 0.0, 1.0]], "pose_inverse": [[0.4696011543273926, 0.8828786611557007, 0.0, -1887.834228515625], [-0.8828786611557007, 0.4696011543273926, 0.0, 879.633056640625], [0.0, 0.0, 1.0, 0.0], [0.0, 0.0, 0.0, 1.0]], "cam_ids": [0, 1, 2, 3, 4, 5], "cam_channels": ["CAM_FRONT_LEFT", "CAM_FRONT", "CAM_FRONT_RIGHT", "CAM_BACK_LEFT", "CAM_BACK", "CAM_BACK_RIGHT"], "token": "49f277cce9c2479394714ad18dc0abe8", "scene": "scene-0262"}, {"images": ["samples/CAM_FRONT_LEFT/n008-2018-08-06-15-06-32-0400__CAM_FRONT_LEFT__1533583263104799.jpg", "samples/CAM_FRONT/n008-2018-08-06-15-06-32-0400__CAM_FRONT__1533583263112404.jpg", "samples/CAM_FRONT_RIGHT/n008-2018-08-06-15-06-32-0400__CAM_FRONT_RIGHT__1533583263120482.jpg", "samples/CAM_BACK_LEFT/n008-2018-08-06-15-06-32-0400__CAM_BACK_LEFT__1533583263147405.jpg", "samples/CAM_BACK/n008-2018-08-06-15-06-32-0400__CAM_BACK__1533583263137558.jpg", "samples/CAM_BACK_RIGHT/n008-2018-08-06-15-06-32-0400__CAM_BACK_RIGHT__1533583263128113.jpg"], "intrinsics": [[[1257.8625342125129, 0.0, 827.2410631095686], [0.0, 1257.8625342125129, 450.915498205774], [0.0, 0.0, 1.0]], [[1252.8131021185304, 0.0, 826.588114781398], [0.0, 1252.8131021185304, 469.9846626224581], [0.0, 0.0, 1.0]], [[1256.7485116440405, 0.0, 817.7887570959712], [0.0, 1256.7485116440403, 451.9541780095127], [0.0, 0.0, 1.0]], [[1254.9860565800168, 0.0, 829.5769333630991], [0.0, 1254.9860565800168, 467.1680561863987], [0.0, 0.0, 1.0]], [[796.8910634503094, 0.0, 857.7774326863696], [0.0, 796.8910634503094, 476.8848988407415], [0.0, 0.0, 1.0]], [[1249.9629280788233, 0.0, 825.3768045375984], [0.0, 1249.9629280788233, 462.54816385708756], [0.0, 0.0, 1.0]]], "extrinsics": [[[0.8225729465484619, -0.5686568021774292, 0.0017868754221126437, -1.005126953125], [0.0015595660079270601, -0.0008863263647072017, -0.9999983906745911, 1.4882962703704834], [0.5686574578285217, 0.8225743770599365, 0.00015778793022036552, -1.333587646484375], [0.0, 0.0, 0.0, 1.0]], [[0.010303590446710587, -0.9999343156814575, 0.005031905602663755, 0.00555419921875], [0.0035162765998393297, -0.004995911382138729, -0.9999813437461853, 1.4801664352416992], [0.9999407529830933, 0.010321101173758507, 0.003464570501819253, -1.73486328125], [0.0, 0.0, 0.0, 1.0]], [[-0.8439894318580627, -0.5363544821739197, -0.0024032946676015854, 1.0906982421875], [0.011540841311216354, -0.013680202886462212, -0.9998397827148438, 1.493072509765625], [0.5362356901168823, -0.8438819646835327, 0.017735930159687996, -1.2774658203125], [0.0, 0.0, 0.0, 1.0]], [[0.9478148221969604, 0.31857192516326904, -0.012612836435437202, -1.14404296875], [-0.013813002966344357, 0.0015084469923749566, -0.9999034404754639, 1.5620460510253906], [-0.3185221552848816, 0.9478975534439087, 0.0058301640674471855, -0.1561279296875], [0.0, 0.0, 0.0, 1.0]], [[0.009152757935225964, 0.9999393224716187, -0.006134058348834515, -0.0289306640625], [-0.011706884950399399, -0.006026