[{"images": ["samples/CAM_FRONT_LEFT/n015-2018-08-02-17-16-37+0800__CAM_FRONT_LEFT__1533201555404844.jpg", "samples/CAM_FRONT/n015-2018-08-02-17-16-37+0800__CAM_FRONT__1533201555412460.jpg", "samples/CAM_FRONT_RIGHT/n015-2018-08-02-17-16-37+0800__CAM_FRONT_RIGHT__1533201555420339.jpg", "samples/CAM_BACK_LEFT/n015-2018-08-02-17-16-37+0800__CAM_BACK_LEFT__1533201555447423.jpg", "samples/CAM_BACK/n015-2018-08-02-17-16-37+0800__CAM_BACK__1533201555437525.jpg", "samples/CAM_BACK_RIGHT/n015-2018-08-02-17-16-37+0800__CAM_BACK_RIGHT__1533201555427893.jpg"], "intrinsics": [[[1272.5979470598488, 0.0, 826.6154927353808], [0.0, 1272.5979470598488, 479.75165386361925], [0.0, 0.0, 1.0]], [[1266.417203046554, 0.0, 816.2670197447984], [0.0, 1266.417203046554, 491.50706579294757], [0.0, 0.0, 1.0]], [[1260.8474446004698, 0.0, 807.968244525554], [0.0, 1260.8474446004698, 495.3344268742088], [0.0, 0.0, 1.0]], [[1256.7414812095406, 0.0, 792.1125740759628], [0.0, 1256.7414812095406, 492.7757465151356], [0.0, 0.0, 1.0]], [[809.2209905677063, 0.0, 829.2196003259838], [0.0, 809.2209905677063, 481.77842384512485], [0.0, 0.0, 1.0]], [[1259.5137405846733, 0.0, 807.2529053838625], [0.0, 1259.5137405846733, 501.19579884916527], [0.0, 0.0, 1.0]]], "extrinsics": [[[0.8206430077552795, -0.571091890335083, 0.01998032256960869, -0.9649658203125], [0.010395157150924206, -0.020039716735482216, -0.9997451305389404, 1.508249282836914], [0.5713467001914978, 0.8206415176391602, -0.010508863255381584, -1.28021240234375], [0.0, 0.0, 0.0, 1.0]], [[0.005519712343811989, -0.999693751335144, 0.02412271313369274, 0.00504302978515625], [0.005109177436679602, -0.02409457415342331, -0.999696671962738, 1.5205333232879639], [0.9999717473983765, 0.005641343537718058, 0.0049746171571314335, -1.6922607421875], [0.0, 0.0, 0.0, 1.0]], [[-0.8328678607940674, -0.553447961807251, -0.005144501104950905, 1.0322265625], [0.01074793841689825, -0.0068796537816524506, -0.999918520450592, 1.5036439895629883], [0.5533674955368042, -0.8328552842140198, 0.011678267270326614, -1.248779296875], [0.0, 0.0, 0.0, 1.0]], [[0.9477052688598633, 0.3190799951553345, 0.006534971762448549, -1.14208984375], [0.019429372623562813, -0.03724493458867073, -0.9991172552108765, 1.5885581970214844], [-0.31855490803718567, 0.9469956755638123, -0.04149674251675606, -0.10369873046875], [0.0, 0.0, 0.0, 1.0]], [[0.0026034554466605186, 0.9996253252029419, -0.02724921517074108, 0.00279998779296875], [-0.005988333374261856, -0.02723323367536068, -0.9996111989021301, 1.5793581008911133], [-0.9999786615371704, 0.0027656443417072296, 0.00591519009321928, 0.0018310546875], [0.0, 0.0, 0.0, 1.0]], [[-0.9345526695251465, 0.35463058948516846, -0.02912992611527443, 1.13623046875], [0.026645325124263763, -0.011888613924384117, -0.9995743036270142, 1.5514507293701172], [-0.3548259437084198, -0.9349309206008911, 0.00166128680575639, -0.0635986328125], [0.0, 0.0, 0.0, 1.0]]], "view": [[0.0, -2.0, 100.0], [-2.0, 0.0, 100.0], [0.0, 0.0, 1.0]], "bev": "bev_418cbb70159341c1ada4f3ba1fb69713.png", "aux": "aux_418cbb70159341c1ada4f3ba1fb69713.npz", "visibility": "visibility_418cbb70159341c1ada4f3ba1fb69713.png", "pose": [[0.39587026834487915, -0.9183064699172974, 0.0, 366.7268371582031], [0.9183064699172974, 0.39587026834487915, 0.0, 1094.9757080078125], [0.0, 0.0, 1.0, 0.0], [0.0, 0.0, 0.0, 1.0]], "pose_inverse": [[0.39587026834487915, 0.9183064699172974, 0.0, -1150.699462890625], [-0.9183064699172974, 0.39587026834487915, 0.0, -96.70069122314453], [0.0, 0.0, 1.0, 0.0], [0.0, 0.0, 0.0, 1.0]], "cam_ids": [0, 1, 2, 3, 4, 5], "cam_channels": ["CAM_FRONT_LEFT", "CAM_FRONT", "CAM_FRONT_RIGHT", "CAM_BACK_LEFT", "CAM_BACK", "CAM_BACK_RIGHT"], "token": "418cbb70159341c1ada4f3ba1fb69713", "scene": "scene-0344"}, {"images": ["samples/CAM_FRONT_LEFT/n015-2018-08-02-17-16-37+0800__CAM_FRONT_LEFT__1533201555854844.jpg", "samples/CAM_FRONT/n015-2018-08-02-17-16-37+0800__CAM_FRONT__1533201555862460.jpg", "samples/CAM_FRONT_RIGHT/n015-2018-08-02-17-16-37+0800__CAM_FRONT_RIGHT__1533201555870339.jpg", "samples/CAM_BACK_LEFT/n015-2018-08-02-17-16-37+0800__CAM_BACK_LEFT__1533201555897423.jpg", "samples/CAM_BACK/n015-2018-08-02-17-16-37+0800__CAM_BACK__1533201555887525.jpg", "samples/CAM_BACK_RIGHT/n015-2018-08-02-17-16-37+0800__CAM_BACK_RIGHT__1533201555877893.jpg"], "intrinsics": [[[1272.5979470598488, 0.0, 826.6154927353808], [0.0, 1272.5979470598488, 479.75165386361925], [0.0, 0.0, 1.0]], [[1266.417203046554, 0.0, 816.2670197447984], [0.0, 1266.417203046554, 491.50706579294757], [0.0, 0.0, 1.0]], [[1260.8474446004698, 0.0, 807.968244525554], [0.0, 1260.8474446004698, 495.3344268742088], [0.0, 0.0, 1.0]], [[1256.7414812095406, 0.0, 792.1125740759628], [0.0, 1256.7414812095406, 492.7757465151356], [0.0, 0.0, 1.0]], [[809.2209905677063, 0.0, 829.2196003259838], [0.0, 809.2209905677063, 481.77842384512485], [0.0, 0.0, 1.0]], [[1259.5137405846733, 0.0, 807.2529053838625], [0.0, 1259.5137405846733, 501.19579884916527], [0.0, 0.0, 1.0]]], "extrinsics": [[[0.8206599950790405, -0.5710660815238953, 0.02001699060201645, -0.9649658203125], [0.010483436286449432, -0.019977649673819542, -0.9997454881668091, 1.5082483291625977], [0.571320652961731, 0.8206609487533569, -0.010408123023808002, -1.2801513671875], [0.0, 0.0, 0.0, 1.0]], [[0.005546686239540577, -0.99969482421875, 0.0240718312561512, 0.00505828857421875], [0.0051713488064706326, -0.02404320426285267, -0.9996975660324097, 1.5205328464508057], [0.9999712109565735, 0.005669498350471258, 0.005036410875618458, -1.6922607421875], [0.0, 0.0, 0.0, 1.0]], [[-0.832855224609375, -0.5534664392471313, -0.005201681051403284, 1.0323486328125], [0.010787679813802242, -0.006835676729679108, -0.9999184012413025, 1.5036439895629883], [0.5533857345581055, -0.8328434228897095, 0.011663750745356083, -1.248779296875], [0.0, 0.0, 0.0, 1.0]], [[0.9477075338363647, 0.31907251477241516, 0.006563723087310791, -1.1422119140625], [0.019443368539214134, -0.03719746321439743, -0.9991187453269958, 1.5885562896728516], [-0.31854721903800964, 0.9470000267028809, -0.041456159204244614, -0.103759765625], [0.0, 0.0, 0.0, 1.0]], [[0.0025973257143050432, 0.9996268153190613, -0.027196161448955536, 0.00278472900390625], [-0.005967671051621437, -0.027180273085832596, -0.9996127486228943, 1.5793571472167969], [-0.9999788403511047, 0.002758611459285021, 0.005894847214221954, 0.0018310546875], [0.0, 0.0, 0.0, 1.0]], [[-0.9345579743385315, 0.35461631417274475, -0.02913280576467514, 1.1361083984375], [0.026665253564715385, -0.01184429693967104, -0.9995742440223694, 1.55145263671875], [-0.3548104465007782, -0.9349368810653687, 0.0016132459277287126, -0.063629150390625], [0.0, 0.0, 0.0, 1.0]]], "view": [[0.0, -2.0, 100.0], [-2.0, 0.0, 100.0], [0.0, 0.0, 1.0]], "bev": "bev_1a89f57231644ef9a941a51bc4322bdd.png", "aux": "aux_1a89f57231644ef9a941a51bc4322bdd.npz", "visibility": "visibility_1a89f57231644ef9a941a51bc4322bdd.png", "pose": [[0.39581602811813354, -0.9183298349380493, 0.0, 366.7268371582031], [0.9183298349380493, 0.39581602811813354, 0.0, 1094.9757080078125], [0.0, 0.0, 1.0, 0.0], [0.0, 0.0, 0.0, 1.0]], "pose_inverse": [[0.39581602811813354, 0.9183298349380493, 0.0, -1150.7052001953125], [-0.9183298349380493, 0.39581602811813354, 0.0, -96.63273620605469], [0.0, 0.0, 1.0, 0.0], [0.0, 0.0, 0.0, 1.0]], "cam_ids": [0, 1, 2, 3, 4, 5], "cam_channels": ["CAM_FRONT_LEFT", "CAM_FRONT", "CAM_FRONT_RIGHT", "CAM_BACK_LEFT", "CAM_BACK", "CAM_BACK_RIGHT"], "token": "1a89f57231644ef9a941a51bc4322bdd", "scene": "scene-0344"}, {"images": ["samples/CAM_FRONT_LEFT/n015-2018-08-02-17-16-37+0800__CAM_FRONT_LEFT__1533201556354844.jpg", "samples/CAM_FRONT/n015-2018-08-02-17-16-37+0800__CAM_FRONT__1533201556362460.jpg", "samples/CAM_FRONT_RIGHT/n015-2018-08-02-17-16-37+0800__CAM_FRONT_RIGHT__1533201556370339.jpg", "samples/CAM_BACK_LEFT/n015-2018-08-02-17-16-37+0800__CAM_BACK_LEFT__1533201556397423.jpg", "samples/CAM_BACK/n015-2018-08-02-17-16-37+0800__CAM_BACK__1533201556387525.jpg", "samples/CAM_BACK_RIGHT/n015-2018-08-02-17-16-37+0800__CAM_BACK_RIGHT__1533201556377893.jpg"], "intrinsics": [[[1272.5979470598488, 0.0, 826.6154927353808], [0.0, 1272.5979470598488, 479.75165386361925], [0.0, 0.0, 1.0]], [[1266.417203046554, 0.0, 816.2670197447984], [0.0, 1266.417203046554, 491.50706579294757], [0.0, 0.0, 1.0]], [[1260.8474446004698, 0.0, 807.968244525554], [0.0, 1260.8474446004698, 495.3344268742088], [0.0, 0.0, 1.0]], [[1256.7414812095406, 0.0, 792.1125740759628], [0.0, 1256.7414812095406, 492.7757465151356], [0.0, 0.0, 1.0]], [[809.2209905677063, 0.0, 829.2196003259838], [0.0, 809.2209905677063, 481.77842384512485], [0.0, 0.0, 1.0]], [[1259.5137405846733, 0.0, 807.2529053838625], [0.0, 1259.5137405846733, 501.19579884916527], [0.0, 0.0, 1.0]]], "extrinsics": [[[0.8206708431243896, -0.5710508227348328, 0.02000514231622219, -0.9649658203125], [0.010485910810530186, -0.01995369978249073, -0.9997459053993225, 1.5082483291625977], [0.5713049173355103, 0.8206721544265747, -0.01038743183016777, -1.28021240234375], [0.0, 0.0, 0.0, 1.0]], [[0.005563195329159498, -0.9996954202651978, 0.024044260382652283, 0.005096435546875], [0.005208005663007498, -0.024015340954065323, -0.9996980428695679, 1.5205328464508057], [0.9999709725379944, 0.005686716642230749, 0.005072818603366613, -1.692138671875], [0.0, 0.0, 0.0, 1.0]], [[-0.8328463435173035, -0.5534791350364685, -0.0052664438262581825, 1.0323486328125], [0.010843935422599316, -0.006803000345826149, -0.9999179840087891, 1.5036439895629883], [0.5533979535102844, -0.8328351974487305, 0.011667747981846333, -1.24871826171875], [0.0, 0.0, 0.0, 1.0]], [[0.947705864906311, 0.31907644867897034, 0.006615341641008854, -1.1422119140625], [0.019485842436552048, -0.037161409854888916, -0.9991192817687988, 1.5885562896728516], [-0.31854957342147827, 0.9470001459121704, -0.04143556207418442, -0.10369873046875], [0.0, 0.0, 0.0, 1.0]], [[0.0025920625776052475, 0.9996277689933777, -0.027159113436937332, 0.0028228759765625], [-0.00591218052431941, -0.027143409475684166, -0.9996140599250793, 1.5793581008911133], [-0.9999791383743286, 0.002751592779532075, 0.005839622113853693, 0.0018310546875], [0.0, 0.0, 0.0, 1.0]], [[-0.9345604777336121, 0.35460585355758667, -0.029178621247410774, 1.13623046875], [0.026728015393018723, -0.011808086186647415, -0.9995729923248291, 1.5514507293701172], [-0.3547990024089813, -0.934941291809082, 0.0015574605204164982, -0.06365966796875], [0.0, 0.0, 0.0, 1.0]]], "view": [[0.0, -2.0, 100.0], [-2.0, 0.0, 100.0], [0.0, 0.0, 1.0]], "bev": "bev_25a777903d554457b6e4e5e437f21125.png", "aux": "aux_25a777903d554457b6e4e5e437f21125.npz", "visibility": "visibility_25a777903d554457b6e4e5e437f21125.png", "pose": [[0.39589670300483704, -0.9182950258255005, 0.0, 366.7268371582031], [0.9182950258255005, 0.39589670300483704, 0.0, 1094.9757080078125], [0.0, 0.0, 1.0, 0.0], [0.0, 0.0, 0.0, 1.0]], "pose_inverse": [[0.39589670300483704, 0.9182950258255005, 0.0, -1150.69677734375], [-0.9182950258255005, 0.39589670300483704, 0.0, -96.73384857177734], [0.0, 0.0, 1.0, 0.0], [0.0, 0.0, 0.0, 1.0]], "cam_ids": [0, 1, 2, 3, 4, 5], "cam_channels": ["CAM_FRONT_LEFT", "CAM_FRONT", "CAM_FRONT_RIGHT", "CAM_BACK_LEFT", "CAM_BACK", "CAM_BACK_RIGHT"], "token": "25a777903d554457b6e4e5e437f21125", "scene": "scene-0344"}, {"images": ["samples/CAM_FRONT_LEFT/n015-2018-08-02-17-16-37+0800__CAM_FRONT_LEFT__1533201556854844.jpg", "samples/CAM_FRONT/n015-2018-08-02-17-16-37+0800__CAM_FRONT__1533201556862460.jpg", "samples/CAM_FRONT_RIGHT/n015-2018-08-02-17-16-37+0800__CAM_FRONT_RIGHT__1533201556870339.jpg", "samples/CAM_BACK_LEFT/n015-2018-08-02-17-16-37+0800__CAM_BACK_LEFT__1533201556897423.jpg", "samples/CAM_BACK/n015-2018-08-02-17-16-37+0800__CAM_BACK__1533201556887525.jpg", "samples/CAM_BACK_RIGHT/n015-2018-08-02-17-16-37+0800__CAM_BACK_RIGHT__1533201556877893.jpg"], "intrinsics": [[[1272.5979470598488, 0.0, 826.6154927353808], [0.0, 1272.5979470598488, 479.75165386361925], [0.0, 0.0, 1.0]], [[1266.417203046554, 0.0, 816.2670197447984], [0.0, 1266.417203046554, 491.50706579294757], [0.0, 0.0, 1.0]], [[1260.8474446004698, 0.0, 807.968244525554], [0.0, 1260.8474446004698, 495.3344268742088], [0.0, 0.0, 1.0]], [[1256.7414812095406, 0.0, 792.1125740759628], [0.0, 1256.7414812095406, 492.7757465151356], [0.0, 0.0, 1.0]], [[809.2209905677063, 0.0, 829.2196003259838], [0.0, 809.2209905677063, 481.77842384512485], [0.0, 0.0, 1.0]], [[1259.5137405846733, 0.0, 807.2529053838625], [0.0, 1259.5137405846733, 501.19579884916527], [0.0, 0.0, 1.0]]], "extrinsics": [[[0.8206575512886047, -0.5710704922676086, 0.01999359391629696, -0.96490478515625], [0.010430414229631424, -0.02001276984810829, -0.9997453093528748, 1.5082483291625977], [0.5713251233100891, 0.8206570744514465, -0.01046712975949049, -1.28021240234375], [0.0, 0.0, 0.0, 1.0]], [[0.005541620776057243, -0.9996941089630127, 0.024102291092276573, 0.00507354736328125], [0.005129961296916008, -0.024073924869298935, -0.9996970295906067, 1.5205326080322266], [0.9999714493751526, 0.005663616582751274, 0.0049949828535318375, -1.6923828125], [0.0, 0.0, 0.0, 1.0]], [[-0.832858681678772, -0.5534616112709045, -0.005168394185602665, 1.0322265625], [0.010768693871796131, -0.006867371965199709, -0.9999184012413025, 1.5036439895629883], [0.5533809661865234, -0.832846462726593, 0.011679609306156635, -1.248779296875], [0.0, 0.0, 0.0, 1.0]], [[0.9477077722549438, 0.3190721273422241, 0.006544114556163549, -1.1422119140625], [0.01943383738398552, -0.037230636924505234, -0.9991176724433899, 1.5885562896728516], [-0.31854698061943054, 0.9469989538192749, -0.041484564542770386, -0.103729248046875], [0.0, 0.0, 0.0, 1.0]], [[0.0025993420276790857, 0.9996258616447449, -0.02722926251590252, 0.002777099609375], [-0.005991560872644186, -0.02721329592168331, -0.9996116757392883, 1.5793609619140625], [-0.9999786615371704, 0.0027614606078714132, 0.005918583367019892, 0.0018310546875], [0.0, 0.0, 0.0, 1.0]], [[-0.9345566630363464, 0.3546200692653656, -0.029131034389138222, 1.1363525390625], [0.026650717481970787, -0.01187758706510067, -0.9995742440223694, 1.5514488220214844], [-0.3548150956630707, -0.9349351525306702, 0.001649400219321251, -0.06365966796875], [0.0, 0.0, 0.0, 1.0]]], "view": [[0.0, -2.0, 100.0], [-2.0, 0.0, 100.0], [0.0, 0.0, 1.0]], "bev": "bev_92bf51f4b2c447b5a8e068e25cf1f980.png", "aux": "aux_92bf51f4b2c447b5a8e068e25cf1f980.npz", "visibility": "visibility_92bf51f4b2c447b5a8e068e25cf1f980.png", "pose": [[0.39592939615249634, -0.9182809591293335, 0.0, 366.7268371582031], [0.9182809591293335, 0.39592939615249634, 0.0, 1094.9757080078125], [0.0, 0.0, 1.0, 0.0], [0.0, 0.0, 0.0, 1.0]], "pose_inverse": [[0.39592939615249634, 0.9182809591293335, 0.0, -1150.6932373046875], [-0.9182809591293335, 0.39592939615249634, 0.0, -96.77478790283203], [0.0, 0.0, 1.0, 0.0], [0.0, 0.0, 0.0, 1.0]], "cam_ids": [0, 1, 2, 3, 4, 5], "cam_channels": ["CAM_FRONT_LEFT", "CAM_FRONT", "CAM_FRONT_RIGHT", "CAM_BACK_LEFT", "CAM_BACK", "CAM_BACK_RIGHT"], "token": "92bf51f4b2c447b5a8e068e25cf1f980", "scene": "scene-0344"}, {"images": ["samples/CAM_FRONT_LEFT/n015-2018-08-02-17-16-37+0800__CAM_FRONT_LEFT__1533201557354844.jpg", "samples/CAM_FRONT/n015-2018-08-02-17-16-37+0800__CAM_FRONT__1533201557362460.jpg", "samples/CAM_FRONT_RIGHT/n015-2018-08-02-17-16-37+0800__CAM_FRONT_RIGHT__1533201557370339.jpg", "samples/CAM_BACK_LEFT/n015-2018-08-02-17-16-37+0800__CAM_BACK_LEFT__1533201557397423.jpg", "samples/CAM_BACK/n015-2018-08-02-17-16-37+0800__CAM_BACK__1533201557387525.jpg", "samples/CAM_BACK_RIGHT/n015-2018-08-02-17-16-37+0800__CAM_BACK_RIGHT__1533201557377893.jpg"], "intrinsics": [[[1272.5979470598488, 0.0, 826.6154927353808], [0.0, 1272.5979470598488, 479.75165386361925], [0.0, 0.0, 1.0]], [[1266.417203046554, 0.0, 816.2670197447984], [0.0, 1266.417203046554, 491.50706579294757], [0.0, 0.0, 1.0]], [[1260.8474446004698, 0.0, 807.968244525554], [0.0, 1260.8474446004698, 495.3344268742088], [0.0, 0.0, 1.0]], [[1256.7414812095406, 0.0, 792.1125740759628], [0.0, 1256.7414812095406, 492.7757465151356], [0.0, 0.0, 1.0]], [[809.2209905677063, 0.0, 829.2196003259838], [0.0, 809.2209905677063, 481.77842384512485], [0.0, 0.0, 1.0]], [[1259.5137405846733, 0.0, 807.2529053838625], [0.0, 1259.5137405846733, 501.19579884916527], [0.0, 0.0, 1.0]]], "extrinsics": [[[0.8206713795661926, -0.5710532069206238, 0.019915958866477013, -0.96490478515625], [0.010379673913121223, -0.01995019242167473, -0.999747097492218, 1.5082483291625977], [0.5713061094284058, 0.8206706047058105, -0.010445206426084042, -1.28021240234375], [0.0, 0.0, 0.0, 1.0]], [[0.0055627366527915, -0.9996957778930664, 0.024026231840252876, 0.00504302978515625], [0.005076793022453785, -0.023998061195015907, -0.9996991157531738, 1.520532488822937], [0.9999715685844421, 0.00568305142223835, 0.00494175311177969, -1.6923828125], [0.0, 0.0, 0.0, 1.0]], [[-0.8328495621681213, -0.5534753203392029, -0.005157710984349251, 1.03228759765625], [0.010695201344788074, -0.006775722373276949, -0.9999198317527771, 1.5036430358886719], [0.5533960461616516, -0.8328379988670349, 0.011562690138816833, -1.2486572265625], [0.0, 0.0, 0.0, 1.0]], [[0.9477075934410095, 0.3190741539001465, 0.006483595818281174, -1.14208984375], [0.019330179318785667, -0.037111878395080566, -0.9991241097450256, 1.5885562896728516], [-0.3185540437698364, 0.9470028281211853, -0.0413389690220356, -0.103729248046875], [0.0, 0.0, 0.0, 1.0]], [[0.002590148476883769, 0.9996289014816284, -0.02711714245378971, 0.00283050537109375], [-0.006068836431950331, -0.027101019397377968, -0.9996142983436584, 1.5793590545654297], [-0.999978244304657, 0.002753732493147254, 0.005996387917548418, 0.0018310546875], [0.0, 0.0, 0.0, 1.0]], [[-0.9345635771751404, 0.3546106815338135, -0.029019201174378395, 1.1363525390625], [0.026570603251457214, -0.011773544363677502, -0.9995776414871216, 1.5514488220214844], [-0.35480257868766785, -0.9349398612976074, 0.0015809077303856611, -0.06365966796875], [0.0, 0.0, 0.0, 1.0]]], "view": [[0.0, -2.0, 100.0], [-2.0, 0.0, 100.0], [0.0, 0.0, 1.0]], "bev": "bev_66acf00fb96648bd8d7493be238ecc8d.png", "aux": "aux_66acf00fb96648bd8d7493be238ecc8d.npz", "visibility": "visibility_66acf00fb96648bd8d7493be238ecc8d.png", "pose": [[0.3959755301475525, -0.9182610511779785, 0.0, 366.7268371582031], [0.9182610511779785, 0.3959755301475525, 0.0, 1094.9757080078125], [0.0, 0.0, 1.0, 0.0], [0.0, 0.0, 0.0, 1.0]], "pose_inverse": [[0.3959755301475525, 0.9182610511779785, 0.0, -1150.6883544921875], [-0.9182610511779785, 0.3959755301475525, 0.0, -96.83259582519531], [0.0, 0.0, 1.0, 0.0], [0.0, 0.0, 0.0, 1.0]], "cam_ids": [0, 1, 2, 3, 4, 5], "cam_channels": ["CAM_FRONT_LEFT", "CAM_FRONT", "CAM_FRONT_RIGHT", "CAM_BACK_LEFT", "CAM_BACK", "CAM_BACK_RIGHT"], "token": "66acf00fb96648bd8d7493be238ecc8d", "scene": "scene-0344"}, {"images": ["samples/CAM_FRONT_LEFT/n015-2018-08-02-17-16-37+0800__CAM_FRONT_LEFT__1533201557854844.jpg", "samples/CAM_FRONT/n015-2018-08-02-17-16-37+0800__CAM_FRONT__1533201557862460.jpg", "samples/CAM_FRONT_RIGHT/n015-2018-08-02-17-16-37+0800__CAM_FRONT_RIGHT__1533201557870339.jpg", "samples/CAM_BACK_LEFT/n015-2018-08-02-17-16-37+0800__CAM_BACK_LEFT__1533201557897423.jpg", "samples/CAM_BACK/n015-2018-08-02-17-16-37+0800__CAM_BACK__1533201557887525.jpg", "samples/CAM_BACK_RIGHT/n015-2018-08-02-17-16-37+0800__CAM_BACK_RIGHT__1533201557877893.jpg"], "intrinsics": [[[1272.5979470598488, 0.0, 826.6154927353808], [0.0, 1272.5979470598488, 479.75165386361925], [0.0, 0.0, 1.0]], [[1266.417203046554, 0.0, 816.2670197447984], [0.0, 1266.417203046554, 491.50706579294757], [0.0, 0.0, 1.0]], [[1260.8474446004698, 0.0, 807.968244525554], [0.0, 1260.8474446004698, 495.3344268742088], [0.0, 0.0, 1.0]], [[1256.7414812095406, 0.0, 792.1125740759628], [0.0, 1256.7414812095406, 492.7757465151356], [0.0, 0.0, 1.0]], [[809.2209905677063, 0.0, 829.2196003259838], [0.0, 809.2209905677063, 481.77842384512485], [0.0, 0.0, 1.0]], [[1259.5137405846733, 0.0, 807.2529053838625], [0.0, 1259.5137405846733, 501.19579884916527], [0.0, 0.0, 1.0]]], "extrinsics": [[[0.8206618428230286, -0.5710672736167908, 0.019906984642148018, -0.96490478515625], [0.01042654924094677, -0.019866835325956345, -0.9997482895851135, 1.5082483291625977], [0.5713189840316772, 0.820662796497345, -0.010349692776799202, -1.2802734375], [0.0, 0.0, 0.0, 1.0]], [[0.005551654379814863, -0.9996972680091858, 0.023970182985067368, 0.005035400390625], [0.00513147097080946, -0.023941757157444954, -0.9997001886367798, 1.5205333232879639], [0.9999713897705078, 0.005673003848642111, 0.004997000563889742, -1.6922607421875], [0.0, 0.0, 0.0, 1.0]], [[-0.8328515887260437, -0.5534717440605164, -0.005233554169535637, 1.03228759765625], [0.010761942714452744, -0.00673922011628747, -0.9999193549156189, 1.5036439895629883], [0.5533917546272278, -0.8328406810760498, 0.01156920287758112, -1.24871826171875], [0.0, 0.0, 0.0, 1.0]], [[0.9477071166038513, 0.31907323002815247, 0.006591247860342264, -1.1422119140625], [0.019446037709712982, -0.03711903467774391, -0.9991216063499451, 1.5885562896728516], [-0.3185482919216156, 0.9470028877258301, -0.04138268530368805, -0.10369873046875], [0.0, 0.0, 0.0, 1.0]], [[0.002593710320070386, 0.9996289610862732, -0.02711358293890953, 0.0028228759765625], [-0.005972098559141159, -0.027097705751657486, -0.9996150135993958, 1.5793581008911133], [-0.99997878074646, 0.0027545937336981297, 0.005899598356336355, 0.001953125], [0.0, 0.0, 0.0, 1.0]], [[-0.9345607757568359, 0.35461267828941345, -0.029087085276842117, 1.13623046875], [0.02665087580680847, -0.011753343977034092, -0.9995757341384888, 1.5514488220214844], [-0.354804128408432, -0.934939444065094, 0.0015334747731685638, -0.063629150390625], [0.0, 0.0, 0.0, 1.0]]], "view": [[0.0, -2.0, 100.0], [-2.0, 0.0, 100.0], [0.0, 0.0, 1.0]], "bev": "bev_a893b19c605e41f8b9f625cd5d968960.png", "aux": "aux_a893b19c605e41f8b9f625cd5d968960.npz", "visibility": "visibility_a893b19c605e41f8b9f625cd5d968960.png", "pose": [[0.3959735035896301, -0.9182619452476501, 0.0, 366.7268371582031], [0.9182619452476501, 0.3959735035896301, 0.0, 1094.9757080078125], [0.0, 0.0, 1.0, 0.0], [0.0, 0.0, 0.0, 1.0]], "pose_inverse": [[0.3959735035896301, 0.9182619452476501, 0.0, -1150.6885986328125], [-0.9182619452476501, 0.3959735035896301, 0.0, -96.83008575439453], [0.0, 0.0, 1.0, 0.0], [0.0, 0.0, 0.0, 1.0]], "cam_ids": [0, 1, 2, 3, 4, 5], "cam_channels": ["CAM_FRONT_LEFT", "CAM_FRONT", "CAM_FRONT_RIGHT", "CAM_BACK_LEFT", "CAM_BACK", "CAM_BACK_RIGHT"], "token": "a893b19c605e41f8b9f625cd5d968960", "scene": "scene-0344"}, {"images": ["samples/CAM_FRONT_LEFT/n015-2018-08-02-17-16-37+0800__CAM_FRONT_LEFT__1533201558354844.jpg", "samples/CAM_FRONT/n015-2018-08-02-17-16-37+0800__CAM_FRONT__1533201558362460.jpg", "samples/CAM_FRONT_RIGHT/n015-2018-08-02-17-16-37+0800__CAM_FRONT_RIGHT__1533201558370339.jpg", "samples/CAM_BACK_LEFT/n015-2018-08-02-17-16-37+0800__CAM_BACK_LEFT__1533201558397423.jpg", "samples/CAM_BACK/n015-2018-08-02-17-16-37+0800__CAM_BACK__1533201558387525.jpg", "samples/CAM_BACK_RIGHT/n015-2018-08-02-17-16-37+0800__CAM_BACK_RIGHT__1533201558377893.jpg"], "intrinsics": [[[1272.5979470598488, 0.0, 826.6154927353808], [0.0, 1272.5979470598488, 479.75165386361925], [0.0, 0.0, 1.0]], [[1266.417203046554, 0.0, 816.2670197447984], [0.0, 1266.417203046554, 491.50706579294757], [0.0, 0.0, 1.0]], [[1260.8474446004698, 0.0, 807.968244525554], [0.0, 1260.8474446004698, 495.3344268742088], [0.0, 0.0, 1.0]], [[1256.7414812095406, 0.0, 792.1125740759628], [0.0, 1256.7414812095406, 492.7757465151356], [0.0, 0.0, 1.0]], [[809.2209905677063, 0.0, 829.2196003259838], [0.0, 809.2209905677063, 481.77842384512485], [0.0, 0.0, 1.0]], [[1259.5137405846733, 0.0, 807.2529053838625], [0.0, 1259.5137405846733, 501.19579884916527], [0.0, 0.0, 1.0]]], "extrinsics": [[[0.820645809173584, -0.5710895657539368, 0.019925618544220924, -0.96490478515625], [0.010373306460678577, -0.019975431263446808, -0.9997466206550598, 1.5082483291625977], [0.5713428854942322, 0.8206446766853333, -0.010468666441738605, -1.2802734375], [0.0, 0.0, 0.0, 1.0]], [[0.00552759226411581, -0.9996950626373291, 0.024066468700766563, 0.00510406494140625], [0.005066088400781155, -0.024038532748818398, -0.9996982216835022, 1.5205329656600952], [0.9999718070030212, 0.00564784649759531, 0.004931668285280466, -1.6922607421875], [0.0, 0.0, 0.0, 1.0]], [[-0.8328636884689331, -0.5534543991088867, -0.005122669506818056, 1.03228759765625], [0.010685467161238194, -0.006824917159974575, -0.999919593334198, 1.5036439895629883], [0.5533748865127563, -0.8328514695167542, 0.01159814465790987, -1.24884033203125], [0.0, 0.0, 0.0, 1.0]], [[0.9477088451385498, 0.3190704882144928, 0.00646949140354991, -1.1422119140625], [0.019341614097356796, -0.037190575152635574, -0.9991210103034973, 1.5885581970214844], [-0.31854942440986633, 0.9470009803771973, -0.04141717776656151, -0.10369873046875], [0.0, 0.0, 0.0, 1.0]], [[0.0025996018666774035, 0.9996270537376404, -0.027184585109353065, 0.0028076171875], [-0.006072359159588814, -0.0271683931350708, -0.9996124505996704, 1.5793571472167969], [-0.9999781847000122, 0.0027636622544378042, 0.005999466869980097, 0.001708984375], [0.0, 0.0, 0.0, 1.0]], [[-0.9345574975013733, 0.3546256721019745, -0.029031729325652122, 1.13623046875], [0.026562435552477837, -0.011830305680632591, -0.9995771646499634, 1.5514507293701172], [-0.35481923818588257, -0.9349335432052612, 0.0016363790491595864, -0.063720703125], [0.0, 0.0, 0.0, 1.0]]], "view": [[0.0, -2.0, 100.0], [-2.0, 0.0, 100.0], [0.0, 0.0, 1.0]], "bev": "bev_96d621f9ae4d44f0bf45688877a2d8fc.png", "aux": "aux_96d621f9ae4d44f0bf45688877a2d8fc.npz", "visibility": "visibility_96d621f9ae4d44f0bf45688877a2d8fc.png", "pose": [[0.39591389894485474, -0.9182876348495483, 0.0, 366.7268371582031], [0.9182876348495483, 0.39591389894485474, 0.0, 1094.9757080078125], [0.0, 0.0, 1.0, 0.0], [0.0, 0.0, 0.0, 1.0]], "pose_inverse": [[0.39591389894485474, 0.9182876348495483, 0.0, -1150.6949462890625], [-0.9182876348495483, 0.39591389894485474, 0.0, -96.75538635253906], [0.0, 0.0, 1.0, 0.0], [0.0, 0.0, 0.0, 1.0]], "cam_ids": [0, 1, 2, 3, 4, 5], "cam_channels": ["CAM_FRONT_LEFT", "CAM_FRONT", "CAM_FRONT_RIGHT", "CAM_BACK_LEFT", "CAM_BACK", "CAM_BACK_RIGHT"], "token": "96d621f9ae4d44f0bf45688877a2d8fc", "scene": "scene-0344"}, {"images": ["samples/CAM_FRONT_LEFT/n015-2018-08-02-17-16-37+0800__CAM_FRONT_LEFT__1533201558854844.jpg", "samples/CAM_FRONT/n015-2018-08-02-17-16-37+0800__CAM_FRONT__1533201558862460.jpg", "samples/CAM_FRONT_RIGHT/n015-2018-08-02-17-16-37+0800__CAM_FRONT_RIGHT__1533201558870339.jpg", "samples/CAM_BACK_LEFT/n015-2018-08-02-17-16-37+0800__CAM_BACK_LEFT__1533201558897423.jpg", "samples/CAM_BACK/n015-2018-08-02-17-16-37+0800__CAM_BACK__1533201558887525.jpg", "samples/CAM_BACK_RIGHT/n015-2018-08-02-17-16-37+0800__CAM_BACK_RIGHT__1533201558877893.jpg"], "intrinsics": [[[1272.5979470598488, 0.0, 826.6154927353808], [0.0, 1272.5979470598488, 479.75165386361925], [0.0, 0.0, 1.0]], [[1266.417203046554, 0.0, 816.2670197447984], [0.0, 1266.417203046554, 491.50706579294757], [0.0, 0.0, 1.0]], [[1260.8474446004698, 0.0, 807.968244525554], [0.0, 1260.8474446004698, 495.3344268742088], [0.0, 0.0, 1.0]], [[1256.7414812095406, 0.0, 792.1125740759628], [0.0, 1256.7414812095406, 492.7757465151356], [0.0, 0.0, 1.0]], [[809.2209905677063, 0.0, 829.2196003259838], [0.0, 809.2209905677063, 481.77842384512485], [0.0, 0.0, 1.0]], [[1259.5137405846733, 0.0, 807.2529053838625], [0.0, 1259.5137405846733, 501.19579884916527], [0.0, 0.0, 1.0]]], "extrinsics": [[[0.8206538558006287, -0.5710785984992981, 0.019914831966161728, -0.9649658203125], [0.010344252921640873, -0.01999853551387787, -0.9997465014457703, 1.5082483291625977], [0.5713320970535278, 0.8206518292427063, -0.010504492558538914, -1.2801513671875], [0.0, 0.0, 0.0, 1.0]], [[0.005533679388463497, -0.9996948838233948, 0.02407318912446499, 0.00502777099609375], [0.0050462353974580765, -0.024045336991548538, -0.9996981024742126, 1.5205327272415161], [0.9999719858169556, 0.005653545260429382, 0.004911635536700487, -1.6922607421875], [0.0, 0.0, 0.0, 1.0]], [[-0.8328649401664734, -0.5534526705741882, -0.005117557477205992, 1.0322265625], [0.010680792853236198, -0.006827161181718111, -0.9999196529388428, 1.5036430358886719], [0.5533732771873474, -0.8328526020050049, 0.01159741822630167, -1.24871826171875], [0.0, 0.0, 0.0, 1.0]], [[0.9477081894874573, 0.31907129287719727, 0.006531991064548492, -1.1422119140625], [0.019390031695365906, -0.037138521671295166, -0.9991219639778137, 1.5885581970214844], [-0.3185485899448395, 0.9470027685165405, -0.0413832813501358, -0.10369873046875], [0.0, 0.0, 0.0, 1.0]], [[0.0026028326246887445, 0.9996280074119568, -0.0271486584097147, 0.0028076171875], [-0.0060365404933691025, -0.02713254652917385, -0.9996136426925659, 1.5793571472167969], [-0.9999784231185913, 0.002765694633126259, 0.0059636733494699, 0.0018310546875], [0.0, 0.0, 0.0, 1.0]], [[-0.9345556497573853, 0.35462987422943115, -0.029041772708296776, 1.13623046875], [0.0265770573168993, -0.011820068582892418, -0.9995769262313843, 1.5514507293701172], [-0.35482320189476013, -0.9349320530891418, 0.0016214926727116108, -0.063690185546875], [0.0, 0.0, 0.0, 1.0]]], "view": [[0.0, -2.0, 100.0], [-2.0, 0.0, 100.0], [0.0, 0.0, 1.0]], "bev": "bev_9c1fc0d8c93b4a8584cc4f41d2863667.png", "aux": "aux_9c1fc0d8c93b4a8584cc4f41d2863667.npz", "visibility": "visibility_9c1fc0d8c93b4a8584cc4f41d2863667.png", "pose": [[0.39603349566459656, -0.9182360768318176, 0.0, 366.7268371582031], [0.9182360768318176, 0.39603349566459656, 0.0, 1094.9757080078125], [0.0, 0.0, 1.0, 0.0], [0.0, 0.0, 0.0, 1.0]], "pose_inverse": [[0.39603349566459656, 0.9182360768318176, 0.0, -1150.6822509765625], [-0.9182360768318176, 0.39603349566459656, 0.0, -96.90525817871094], [0.0, 0.0, 1.0, 0.0], [0.0, 0.0, 0.0, 1.0]], "cam_ids": [0, 1, 2, 3, 4, 5], "cam_channels": ["CAM_FRONT_LEFT", "CAM_FRONT", "CAM_FRONT_RIGHT", "CAM_BACK_LEFT", "CAM_BACK", "CAM_BACK_RIGHT"], "token": "9c1fc0d8c93b4a8584cc4f41d2863667", "scene": "scene-0344"}, {"images": ["samples/CAM_FRONT_LEFT/n015-2018-08-02-17-16-37+0800__CAM_FRONT_LEFT__1533201559354844.jpg", "samples/CAM_FRONT/n015-2018-08-02-17-16-37+0800__CAM_FRONT__1533201559362460.jpg", "samples/CAM_FRONT_RIGHT/n015-2018-08-02-17-16-37+0800__CAM_FRONT_RIGHT__1533201559370339.jpg", "samples/CAM_BACK_LEFT/n015-2018-08-02-17-16-37+0800__CAM_BACK_LEFT__1533201559397423.jpg", "samples/CAM_BACK/n015-2018-08-02-17-16-37+0800__CAM_BACK__1533201559387525.jpg", "samples/CAM_BACK_RIGHT/n015-2018-08-02-17-16-37+0800__CAM_BACK_RIGHT__1533201559377893.jpg"], "intrinsics": [[[1272.5979470598488, 0.0, 826.6154927353808], [0.0, 1272.5979470598488, 479.75165386361925], [0.0, 0.0, 1.0]], [[1266.417203046554, 0.0, 816.2670197447984], [0.0, 1266.417203046554, 491.50706579294757], [0.0, 0.0, 1.0]], [[1260.8474446004698, 0.0, 807.968244525554], [0.0, 1260.8474446004698, 495.3344268742088], [0.0, 0.0, 1.0]], [[1256.7414812095406, 0.0, 792.1125740759628], [0.0, 1256.7414812095406, 492.7757465151356], [0.0, 0.0, 1.0]], [[809.2209905677063, 0.0, 829.2196003259838], [0.0, 809.2209905677063, 481.77842384512485], [0.0, 0.0, 1.0]], [[1259.5137405846733, 0.0, 807.2529053838625], [0.0, 1259.5137405846733, 501.19579884916527], [0.0, 0.0, 1.0]]], "extrinsics": [[[0.8206766843795776, -0.5710445046424866, 0.01994638703763485, -0.965087890625], [0.01044537778943777, -0.019909245893359184, -0.9997472167015076, 1.5082483291625977], [0.5712972283363342, 0.820677638053894, -0.010374280624091625, -1.28021240234375], [0.0, 0.0, 0.0, 1.0]], [[0.005569630768150091, -0.9996971487998962, 0.023971613496541977, 0.00510406494140625], [0.005146130453795195, -0.023943014442920685, -0.9997000694274902, 1.5205318927764893], [0.9999712705612183, 0.005691270809620619, 0.005011219996958971, -1.6922607421875], [0.0, 0.0, 0.0, 1.0]], [[-0.8328462839126587, -0.5534793138504028, -0.005251760594546795, 1.0323486328125], [0.010762351565063, -0.006706746760755777, -0.999919593334198, 1.5036430358886719], [0.5533996224403381, -0.832835853099823, 0.011542431078851223, -1.24871826171875], [0.0, 0.0, 0.0, 1.0]], [[0.94770747423172, 0.31907182931900024, 0.006602439098060131, -1.1422119140625], [0.019405025988817215, -0.036962226033210754, -0.9991282224655151, 1.5885581970214844], [-0.31854960322380066, 0.9470095038414001, -0.041220977902412415, -0.10369873046875], [0.0, 0.0, 0.0, 1.0]], [[0.0025901407934725285, 0.9996318221092224, -0.027009693905711174, 0.00276947021484375], [-0.006006789859384298, -0.02699374407529831, -0.9996175765991211, 1.5793571472167969], [-0.9999786019325256, 0.002751390915364027, 0.0059346603229641914, 0.0018310546875], [0.0, 0.0, 0.0, 1.0]], [[-0.9345629215240479, 0.3546100854873657, -0.02904880978167057, 1.1363525390625], [0.026633664965629578, -0.011690822429955006, -0.9995768666267395, 1.5514507293701172], [-0.3547995984554291, -0.9349412322044373, 0.0014812424778938293, -0.063629150390625], [0.0, 0.0, 0.0, 1.0]]], "view": [[0.0, -2.0, 100.0], [-2.0, 0.0, 100.0], [0.0, 0.0, 1.0]], "bev": "bev_8010cad5488d4f449a45b8ba24f97fb3.png", "aux": "aux_8010cad5488d4f449a45b8ba24f97fb3.npz", "visibility": "visibility_8010cad5488d4f449a45b8ba24f97fb3.png", "pose": [[0.39608609676361084, -0.9182133674621582, 0.0, 366.7268371582031], [0.9182133674621582, 0.39608609676361084, 0.0, 1094.9757080078125], [0.0, 0.0, 1.0, 0.0], [0.0, 0.0, 0.0, 1.0]], "pose_inverse": [[0.39608609676361084, 0.9182133674621582, 0.0, -1150.6767578125], [-0.9182133674621582, 0.39608609676361084, 0.0, -96.97118377685547], [0.0, 0.0, 1.0, 0.0], [0.0, 0.0, 0.0, 1.0]], "cam_ids": [0, 1, 2, 3, 4, 5], "cam_channels": ["CAM_FRONT_LEFT", "CAM_FRONT", "CAM_FRONT_RIGHT", "CAM_BACK_LEFT", "CAM_BACK", "CAM_BACK_RIGHT"], "token": "8010cad5488d4f449a45b8ba24f97fb3", "scene": "scene-0344"}, {"images": ["samples/CAM_FRONT_LEFT/n015-2018-08-02-17-16-37+0800__CAM_FRONT_LEFT__1533201559904844.jpg", "samples/CAM_FRONT/n015-2018-08-02-17-16-37+0800__CAM_FRONT__1533201559912460.jpg", "samples/CAM_FRONT_RIGHT/n015-2018-08-02-17-16-37+0800__CAM_FRONT_RIGHT__1533201559920339.jpg", "samples/CAM_BACK_LEFT/n015-2018-08-02-17-16-37+0800__CAM_BACK_LEFT__1533201559947423.jpg", "samples/CAM_BACK/n015-2018-08-02-17-16-37+0800__CAM_BACK__1533201559937525.jpg", "samples/CAM_BACK_RIGHT/n015-2018-08-02-17-16-37+0800__CAM_BACK_RIGHT__1533201559927893.jpg"], "intrinsics": [[[1272.5979470598488, 0.0, 826.6154927353808], [0.0, 1272.5979470598488, 479.75165386361925], [0.0, 0.0, 1.0]], [[1266.417203046554, 0.0, 816.2670197447984], [0.0, 1266.417203046554, 491.50706579294757], [0.0, 0.0, 1.0]], [[1260.8474446004698, 0.0, 807.968244525554], [0.0, 1260.8474446004698, 495.3344268742088], [0.0, 0.0, 1.0]], [[1256.7414812095406, 0.0, 792.1125740759628], [0.0, 1256.7414812095406, 492.7757465151356], [0.0, 0.0, 1.0]], [[809.2209905677063, 0.0, 829.2196003259838], [0.0, 809.2209905677063, 481.77842384512485], [0.0, 0.0, 1.0]], [[1259.5137405846733, 0.0, 807.2529053838625], [0.0, 1259.5137405846733, 501.19579884916527], [0.0, 0.0, 1.0]]], "extrinsics": [[[0.8206695914268494, -0.5710556507110596, 0.019920798018574715, -0.9649658203125], [0.01055067591369152, -0.019712962210178375, -0.999750018119812, 1.5082483291625977], [0.571305513381958, 0.8206745982170105, -0.010152804665267467, -1.28033447265625], [0.0, 0.0, 0.0, 1.0]], [[0.005563328042626381, -0.9997011423110962, 0.023801390081644058, 0.00508880615234375], [0.005275418981909752, -0.023772088810801506, -0.9997035264968872, 1.5205340385437012], [0.999970555305481, 0.0056871892884373665, 0.0051415907219052315, -1.6923828125], [0.0, 0.0, 0.0, 1.0]], [[-0.8328460454940796, -0.5534776449203491, -0.005466876085847616, 1.0323486328125], [0.010923381894826889, -0.006560451816767454, -0.9999188184738159, 1.5036449432373047], [0.5533968210220337, -0.8328381180763245, 0.011509696021676064, -1.24871826171875], [0.0, 0.0, 0.0, 1.0]], [[0.9477071762084961, 0.31906867027282715, 0.006800047121942043, -1.142333984375], [0.019593261182308197, -0.03690291941165924, -0.9991267323493958, 1.5885562896728516], [-0.3185390830039978, 0.9470128417015076, -0.041224755346775055, -0.103668212890625], [0.0, 0.0, 0.0, 1.0]], [[0.0025960286147892475, 0.999634861946106, -0.026898695155978203, 0.0027923583984375], [-0.005823143757879734, -0.026883216574788094, -0.9996216297149658, 1.579360008239746], [-0.9999796748161316, 0.00275169569067657, 0.005751228425651789, 0.0018310546875], [0.0, 0.0, 0.0, 1.0]], [[-0.9345576167106628, 0.35461416840553284, -0.02916894108057022, 1.13623046875], [0.026811495423316956, -0.011560787446796894, -0.9995736479759216, 1.5514507293701172], [-0.3548002243041992, -0.934941291809082, 0.0012964860070496798, -0.06365966796875], [0.0, 0.0, 0.0, 1.0]]], "view": [[0.0, -2.0, 100.0], [-2.0, 0.0, 100.0], [0.0, 0.0, 1.0]], "bev": "bev_b416110f0fcc4aeaad2c3ea13ff0f519.png", "aux": "aux_b416110f0fcc4aeaad2c3ea13ff0f519.npz", "visibility": "visibility_b416110f0fcc4aeaad2c3ea13ff0f519.png", "pose": [[0.3961281180381775, -0.9181952476501465, 0.0, 366.7268371582031], [0.9181952476501465, 0.3961281180381775, 0.0, 1094.9757080078125], [0.0, 0.0, 1.0, 0.0], [0.0, 0.0, 0.0, 1.0]], "pose_inverse": [[0.3961281180381775, 0.9181952476501465, 0.0, -1150.67236328125], [-0.9181952476501465, 0.3961281180381775, 0.0, -97.02383422851562], [0.0, 0.0, 1.0, 0.0], [0.0, 0.0, 0.0, 1.0]], "cam_ids": [0, 1, 2, 3, 4, 5], "cam_channels": ["CAM_FRONT_LEFT", "CAM_FRONT", "CAM_FRONT_RIGHT", "CAM_BACK_LEFT", "CAM_BACK", "CAM_BACK_RIGHT"], "token": "b416110f0fcc4aeaad2c3ea13ff0f519", "scene": "scene-0344"}, {"images": ["samples/CAM_FRONT_LEFT/n015-2018-08-02-17-16-37+0800__CAM_FRONT_LEFT__1533201560354844.jpg", "samples/CAM_FRONT/n015-2018-08-02-17-16-37+0800__CAM_FRONT__1533201560362460.jpg", "samples/CAM_FRONT_RIGHT/n015-2018-08-02-17-16-37+0800__CAM_FRONT_RIGHT__1533201560370339.jpg", "samples/CAM_BACK_LEFT/n015-2018-08-02-17-16-37+0800__CAM_BACK_LEFT__1533201560397423.jpg", "samples/CAM_BACK/n015-2018-08-02-17-16-37+0800__CAM_BACK__1533201560387525.jpg", "samples/CAM_BACK_RIGHT/n015-2018-08-02-17-16-37+0800__CAM_BACK_RIGHT__1533201560377893.jpg"], "intrinsics": [[[1272.5979470598488, 0.0, 826.6154927353808], [0.0, 1272.5979470598488, 479.75165386361925], [0.0, 0.0, 1.0]], [[1266.417203046554, 0.0, 816.2670197447984], [0.0, 1266.417203046554, 491.50706579294757], [0.0, 0.0, 1.0]], [[1260.8474446004698, 0.0, 807.968244525554], [0.0, 1260.8474446004698, 495.3344268742088], [0.0, 0.0, 1.0]], [[1256.7414812095406, 0.0, 792.1125740759628], [0.0, 1256.7414812095406, 492.7757465151356], [0.0, 0.0, 1.0]], [[809.2209905677063, 0.0, 829.2196003259838], [0.0, 809.2209905677063, 481.77842384512485], [0.0, 0.0, 1.0]], [[1259.5137405846733, 0.0, 807.2529053838625], [0.0, 1259.5137405846733, 501.19579884916527], [0.0, 0.0, 1.0]]], "extrinsics": [[[0.8206309080123901, -0.571114718914032, 0.019821051508188248, -0.965087890625], [0.010398308746516705, -0.01975599117577076, -0.9997507333755493, 1.5082483291625977], [0.5713638663291931, 0.8206324577331543, -0.010273751802742481, -1.28033447265625], [0.0, 0.0, 0.0, 1.0]], [[0.005501460283994675, -0.9997004270553589, 0.023847483098506927, 0.0050506591796875], [0.005067380610853434, -0.02381966821849346, -0.9997034668922424, 1.520533561706543], [0.9999719858169556, 0.005620697978883982, 0.0049348194152116776, -1.6922607421875], [0.0, 0.0, 0.0, 1.0]], [[-0.832878828048706, -0.5534306764602661, -0.005213232710957527, 1.03240966796875], [0.010658527724444866, -0.00662131467834115, -0.9999212026596069, 1.5036430358886719], [0.5533526539802551, -0.8328688740730286, 0.01141351368278265, -1.24871826171875], [0.0, 0.0, 0.0, 1.0]], [[0.9477097988128662, 0.31906813383102417, 0.006442050915211439, -1.1422119140625], [0.019256288185715675, -0.037023235112428665, -0.9991288185119629, 1.5885581970214844], [-0.3185517191886902, 0.9470083713531494, -0.04123134911060333, -0.10369873046875], [0.0, 0.0, 0.0, 1.0]], [[