[{"images": ["samples/CAM_FRONT_LEFT/n008-2018-08-31-11-56-46-0400__CAM_FRONT_LEFT__1535731219604799.jpg", "samples/CAM_FRONT/n008-2018-08-31-11-56-46-0400__CAM_FRONT__1535731219612404.jpg", "samples/CAM_FRONT_RIGHT/n008-2018-08-31-11-56-46-0400__CAM_FRONT_RIGHT__1535731219620482.jpg", "samples/CAM_BACK_LEFT/n008-2018-08-31-11-56-46-0400__CAM_BACK_LEFT__1535731219647405.jpg", "samples/CAM_BACK/n008-2018-08-31-11-56-46-0400__CAM_BACK__1535731219637558.jpg", "samples/CAM_BACK_RIGHT/n008-2018-08-31-11-56-46-0400__CAM_BACK_RIGHT__1535731219628113.jpg"], "intrinsics": [[[1257.8625342125129, 0.0, 827.2410631095686], [0.0, 1257.8625342125129, 450.915498205774], [0.0, 0.0, 1.0]], [[1252.8131021185304, 0.0, 826.588114781398], [0.0, 1252.8131021185304, 469.9846626224581], [0.0, 0.0, 1.0]], [[1256.7485116440405, 0.0, 817.7887570959712], [0.0, 1256.7485116440403, 451.9541780095127], [0.0, 0.0, 1.0]], [[1254.9860565800168, 0.0, 829.5769333630991], [0.0, 1254.9860565800168, 467.1680561863987], [0.0, 0.0, 1.0]], [[796.8910634503094, 0.0, 857.7774326863696], [0.0, 796.8910634503094, 476.8848988407415], [0.0, 0.0, 1.0]], [[1249.9629280788233, 0.0, 825.3768045375984], [0.0, 1249.9629280788233, 462.54816385708756], [0.0, 0.0, 1.0]]], "extrinsics": [[[0.822060763835907, -0.5678480863571167, -0.04200919345021248, -0.80126953125], [-0.04047585278749466, 0.015314356423914433, -0.9990631937980652, 1.4782991409301758], [0.5679593682289124, 0.8229909539222717, -0.010394804179668427, -1.1961669921875], [0.0, 0.0, 0.0, 1.0]], [[0.01068449392914772, -0.9998731017112732, -0.011811912059783936, 0.010009765625], [-0.03881523385643959, 0.01138896681368351, -0.9991815090179443, 1.4722261428833008], [0.9991892576217651, 0.011134232394397259, -0.03868862986564636, -1.5310707092285156], [0.0, 0.0, 0.0, 1.0]], [[-0.8432879447937012, -0.5368950963020325, 0.024683358147740364, 0.958953857421875], [-0.031105399131774902, 0.002904655411839485, -0.9995118975639343, 1.4881706237792969], [0.5365613102912903, -0.8436440825462341, -0.019149795174598694, -1.19134521484375], [0.0, 0.0, 0.0, 1.0]], [[0.9464637041091919, 0.319169819355011, -0.048343442380428314, -1.14227294921875], [-0.05726878345012665, 0.018633119761943817, -0.9981849193572998, 1.5619335174560547], [-0.3176896870136261, 0.9475142955780029, 0.035914041101932526, -0.1568603515625], [0.0, 0.0, 0.0, 1.0]], [[0.009042310528457165, 0.9999048709869385, 0.010415663942694664, -0.0291748046875], [-0.054896123707294464, 0.010896764695644379, -0.9984325766563416, 1.5648136138916016], [-0.9984511137008667, 0.00845639780163765, 0.05498943477869034, -0.01461029052734375], [0.0, 0.0, 0.0, 1.0]], [[-0.9230853915214539, 0.3822927474975586, 0.042019180953502655, 1.055389404296875], [-0.050426874309778214, -0.011995041742920876, -0.9986556768417358, 1.5421080589294434], [-0.3812747597694397, -0.9239633679389954, 0.030350277200341225, -0.0855712890625], [0.0, 0.0, 0.0, 1.0]]], "view": [[0.0, -2.0, 100.0], [-2.0, 0.0, 100.0], [0.0, 0.0, 1.0]], "bev": "bev_a03b7224f7a7476e96450063919946df.png", "aux": "aux_a03b7224f7a7476e96450063919946df.npz", "visibility": "visibility_a03b7224f7a7476e96450063919946df.png", "pose": [[-0.7941009402275085, -0.6077858805656433, 0.0, 537.7981567382812], [0.6077858805656433, -0.7941009402275085, 0.0, 761.082763671875], [0.0, 0.0, 1.0, 0.0], [0.0, 0.0, 0.0, 1.0]], "pose_inverse": [[-0.7941009402275085, 0.6077858805656433, 0.0, -35.50933074951172], [-0.6077858805656433, -0.7941009402275085, 0.0, 931.24267578125], [0.0, 0.0, 1.0, 0.0], [0.0, 0.0, 0.0, 1.0]], "cam_ids": [0, 1, 2, 3, 4, 5], "cam_channels": ["CAM_FRONT_LEFT", "CAM_FRONT", "CAM_FRONT_RIGHT", "CAM_BACK_LEFT", "CAM_BACK", "CAM_BACK_RIGHT"], "token": "a03b7224f7a7476e96450063919946df", "scene": "scene-0392"}, {"images": ["samples/CAM_FRONT_LEFT/n008-2018-08-31-11-56-46-0400__CAM_FRONT_LEFT__1535731220104799.jpg", "samples/CAM_FRONT/n008-2018-08-31-11-56-46-0400__CAM_FRONT__1535731220112404.jpg", "samples/CAM_FRONT_RIGHT/n008-2018-08-31-11-56-46-0400__CAM_FRONT_RIGHT__1535731220120482.jpg", "samples/CAM_BACK_LEFT/n008-2018-08-31-11-56-46-0400__CAM_BACK_LEFT__1535731220147405.jpg", "samples/CAM_BACK/n008-2018-08-31-11-56-46-0400__CAM_BACK__1535731220137558.jpg", "samples/CAM_BACK_RIGHT/n008-2018-08-31-11-56-46-0400__CAM_BACK_RIGHT__1535731220128113.jpg"], "intrinsics": [[[1257.8625342125129, 0.0, 827.2410631095686], [0.0, 1257.8625342125129, 450.915498205774], [0.0, 0.0, 1.0]], [[1252.8131021185304, 0.0, 826.588114781398], [0.0, 1252.8131021185304, 469.9846626224581], [0.0, 0.0, 1.0]], [[1256.7485116440405, 0.0, 817.7887570959712], [0.0, 1256.7485116440403, 451.9541780095127], [0.0, 0.0, 1.0]], [[1254.9860565800168, 0.0, 829.5769333630991], [0.0, 1254.9860565800168, 467.1680561863987], [0.0, 0.0, 1.0]], [[796.8910634503094, 0.0, 857.7774326863696], [0.0, 796.8910634503094, 476.8848988407415], [0.0, 0.0, 1.0]], [[1249.9629280788233, 0.0, 825.3768045375984], [0.0, 1249.9629280788233, 462.54816385708756], [0.0, 0.0, 1.0]]], "extrinsics": [[[0.821640133857727, -0.5691329836845398, -0.031547680497169495, -0.765380859375], [-0.03317242115736008, 0.007509028539061546, -0.9994214177131653, 1.4786386489868164], [0.5690405368804932, 0.8222112655639648, -0.01270979829132557, -1.16864013671875], [0.0, 0.0, 0.0, 1.0]], [[0.009633800946176052, -0.9999473094940186, -0.00354193989187479, 0.00836181640625], [-0.03102191537618637, 0.0032415285240858793, -0.9995135068893433, 1.472670078277588], [0.9994722604751587, 0.009738985449075699, -0.030989058315753937, -1.4932975769042969], [0.0, 0.0, 0.0, 1.0]], [[-0.8439538478851318, -0.5359540581703186, 0.02225274033844471, 0.9322509765625], [-0.02279333397746086, -0.005616323556751013, -0.9997244477272034, 1.4887895584106445], [0.5359312891960144, -0.8442285060882568, -0.007476260885596275, -1.17633056640625], [0.0, 0.0, 0.0, 1.0]], [[0.9469136595726013, 0.31870633363723755, -0.042198773473501205, -1.13531494140625], [-0.047603052109479904, 0.009183473885059357, -0.9988241195678711, 1.5616064071655273], [-0.3179440498352051, 0.9478089809417725, 0.023867355659604073, -0.1590576171875], [0.0, 0.0, 0.0, 1.0]], [[0.009339936077594757, 0.9999555945396423, 0.0012989132665097713, -0.02838134765625], [-0.04560025781393051, 0.00172354222740978, -0.9989582300186157, 1.5646562576293945], [-0.9989161491394043, 0.009271006099879742, 0.0456143319606781, -0.0302581787109375], [0.0, 0.0, 0.0, 1.0]], [[-0.9231590628623962, 0.38321179151535034, 0.030429208651185036, 1.033721923828125], [-0.041573360562324524, -0.02083059772849083, -0.9989182949066162, 1.542104721069336], [-0.382163405418396, -0.9234256148338318, 0.03516135737299919, -0.0958251953125], [0.0, 0.0, 0.0, 1.0]]], "view": [[0.0, -2.0, 100.0], [-2.0, 0.0, 100.0], [0.0, 0.0, 1.0]], "bev": "bev_923f9d77d9274555aaede5a6edb9a8e9.png", "aux": "aux_923f9d77d9274555aaede5a6edb9a8e9.npz", "visibility": "visibility_923f9d77d9274555aaede5a6edb9a8e9.png", "pose": [[-0.7957870364189148, -0.6055765748023987, 0.0, 535.3421020507812], [0.6055765748023987, -0.7957870364189148, 0.0, 762.9891967773438], [0.0, 0.0, 1.0, 0.0], [0.0, 0.0, 0.0, 1.0]], "pose_inverse": [[-0.7957870364189148, 0.6055765748023987, 0.0, -36.030059814453125], [-0.6055765748023987, -0.7957870364189148, 0.0, 931.3675537109375], [0.0, 0.0, 1.0, 0.0], [0.0, 0.0, 0.0, 1.0]], "cam_ids": [0, 1, 2, 3, 4, 5], "cam_channels": ["CAM_FRONT_LEFT", "CAM_FRONT", "CAM_FRONT_RIGHT", "CAM_BACK_LEFT", "CAM_BACK", "CAM_BACK_RIGHT"], "token": "923f9d77d9274555aaede5a6edb9a8e9", "scene": "scene-0392"}, {"images": ["samples/CAM_FRONT_LEFT/n008-2018-08-31-11-56-46-0400__CAM_FRONT_LEFT__1535731220604799.jpg", "samples/CAM_FRONT/n008-2018-08-31-11-56-46-0400__CAM_FRONT__1535731220612404.jpg", "samples/CAM_FRONT_RIGHT/n008-2018-08-31-11-56-46-0400__CAM_FRONT_RIGHT__1535731220620482.jpg", "samples/CAM_BACK_LEFT/n008-2018-08-31-11-56-46-0400__CAM_BACK_LEFT__1535731220647426.jpg", "samples/CAM_BACK/n008-2018-08-31-11-56-46-0400__CAM_BACK__1535731220637558.jpg", "samples/CAM_BACK_RIGHT/n008-2018-08-31-11-56-46-0400__CAM_BACK_RIGHT__1535731220628113.jpg"], "intrinsics": [[[1257.8625342125129, 0.0, 827.2410631095686], [0.0, 1257.8625342125129, 450.915498205774], [0.0, 0.0, 1.0]], [[1252.8131021185304, 0.0, 826.588114781398], [0.0, 1252.8131021185304, 469.9846626224581], [0.0, 0.0, 1.0]], [[1256.7485116440405, 0.0, 817.7887570959712], [0.0, 1256.7485116440403, 451.9541780095127], [0.0, 0.0, 1.0]], [[1254.9860565800168, 0.0, 829.5769333630991], [0.0, 1254.9860565800168, 467.1680561863987], [0.0, 0.0, 1.0]], [[796.8910634503094, 0.0, 857.7774326863696], [0.0, 796.8910634503094, 476.8848988407415], [0.0, 0.0, 1.0]], [[1249.9629280788233, 0.0, 825.3768045375984], [0.0, 1249.9629280788233, 462.54816385708756], [0.0, 0.0, 1.0]]], "extrinsics": [[[0.8217424750328064, -0.5674426555633545, 0.05242349952459335, -0.747802734375], [0.06351034343242645, -0.00022647687001153827, -0.9979811310768127, 1.5080344676971436], [0.5663089156150818, 0.8234128952026367, 0.03585237264633179, -1.1597900390625], [0.0, 0.0, 0.0, 1.0]], [[0.011577434837818146, -0.999918520450592, 0.005368425976485014, 0.0111083984375], [0.06794899702072144, -0.004569659009575844, -0.9976783394813538, 1.4977025985717773], [0.9976215958595276, 0.011915389448404312, 0.06789056211709976, -1.4774856567382812], [0.0, 0.0, 0.0, 1.0]], [[-0.841029942035675, -0.5377581715583801, -0.05903126299381256, 0.92181396484375], [0.0785946398973465, -0.013495252467691898, -0.9968152642250061, 1.5089874267578125], [0.5352489352226257, -0.8429911136627197, 0.05361482501029968, -1.16741943359375], [0.0, 0.0, 0.0, 1.0]], [[0.9454715251922607, 0.3203968107700348, 0.058562133461236954, -1.128509521484375], [0.06134254112839699, 0.0014174904208630323, -0.9981157779693604, 1.5630512237548828], [-0.3198760747909546, 0.9472823739051819, -0.018313761800527573, -0.16162109375], [0.0, 0.0, 0.0, 1.0]], [[0.007758370600640774, 0.9999546408653259, -0.005528307519853115, -0.029296875], [0.060436759144067764, -0.005987267475575209, -0.9981540441513062, 1.5731678009033203], [-0.998141884803772, 0.007410044316202402, -0.060480471700429916, -0.040012359619140625], [0.0, 0.0, 0.0, 1.0]], [[-0.9219343662261963, 0.38131511211395264, -0.0680864155292511, 1.022216796875], [0.061800844967365265, -0.02872113138437271, -0.9976751804351807, 1.557098388671875], [-0.3823840916156769, -0.9239988327026367, 0.002913405653089285, -0.099365234375], [0.0, 0.0, 0.0, 1.0]]], "view": [[0.0, -2.0, 100.0], [-2.0, 0.0, 100.0], [0.0, 0.0, 1.0]], "bev": "bev_ea5571bd32484f8683992bd49cdc688d.png", "aux": "aux_ea5571bd32484f8683992bd49cdc688d.npz", "visibility": "visibility_ea5571bd32484f8683992bd49cdc688d.png", "pose": [[-0.795694887638092, -0.6056976318359375, 0.0, 532.6265258789062], [0.6056976318359375, -0.795694887638092, 0.0, 765.0717163085938], [0.0, 0.0, 1.0, 0.0], [0.0, 0.0, 0.0, 1.0]], "pose_inverse": [[-0.795694887638092, 0.6056976318359375, 0.0, -39.59394836425781], [-0.6056976318359375, -0.795694887638092, 0.0, 931.374267578125], [0.0, 0.0, 1.0, 0.0], [0.0, 0.0, 0.0, 1.0]], "cam_ids": [0, 1, 2, 3, 4, 5], "cam_channels": ["CAM_FRONT_LEFT", "CAM_FRONT", "CAM_FRONT_RIGHT", "CAM_BACK_LEFT", "CAM_BACK", "CAM_BACK_RIGHT"], "token": "ea5571bd32484f8683992bd49cdc688d", "scene": "scene-0392"}, {"images": ["samples/CAM_FRONT_LEFT/n008-2018-08-31-11-56-46-0400__CAM_FRONT_LEFT__1535731221104799.jpg", "samples/CAM_FRONT/n008-2018-08-31-11-56-46-0400__CAM_FRONT__1535731221112404.jpg", "samples/CAM_FRONT_RIGHT/n008-2018-08-31-11-56-46-0400__CAM_FRONT_RIGHT__1535731221120482.jpg", "samples/CAM_BACK_LEFT/n008-2018-08-31-11-56-46-0400__CAM_BACK_LEFT__1535731221147405.jpg", "samples/CAM_BACK/n008-2018-08-31-11-56-46-0400__CAM_BACK__1535731221137558.jpg", "samples/CAM_BACK_RIGHT/n008-2018-08-31-11-56-46-0400__CAM_BACK_RIGHT__1535731221128113.jpg"], "intrinsics": [[[1257.8625342125129, 0.0, 827.2410631095686], [0.0, 1257.8625342125129, 450.915498205774], [0.0, 0.0, 1.0]], [[1252.8131021185304, 0.0, 826.588114781398], [0.0, 1252.8131021185304, 469.9846626224581], [0.0, 0.0, 1.0]], [[1256.7485116440405, 0.0, 817.7887570959712], [0.0, 1256.7485116440403, 451.9541780095127], [0.0, 0.0, 1.0]], [[1254.9860565800168, 0.0, 829.5769333630991], [0.0, 1254.9860565800168, 467.1680561863987], [0.0, 0.0, 1.0]], [[796.8910634503094, 0.0, 857.7774326863696], [0.0, 796.8910634503094, 476.8848988407415], [0.0, 0.0, 1.0]], [[1249.9629280788233, 0.0, 825.3768045375984], [0.0, 1249.9629280788233, 462.54816385708756], [0.0, 0.0, 1.0]]], "extrinsics": [[[0.8227776288986206, -0.5677946209907532, 0.02542106620967388, -0.757080078125], [0.03062187321484089, -0.00037715642247349024, -0.9995309710502625, 1.497458815574646], [0.5675378441810608, 0.8231701850891113, 0.01707661896944046, -1.16595458984375], [0.0, 0.0, 0.0, 1.0]], [[0.011026943102478981, -0.9999264478683472, 0.0050356509163975716, 0.010009765625], [0.03232520818710327, -0.0046768588945269585, -0.9994664788246155, 1.488204002380371], [0.9994164705276489, 0.011183948256075382, 0.032271262258291245, -1.48651123046875], [0.0, 0.0, 0.0, 1.0]], [[-0.8431838154792786, -0.5369701385498047, -0.026535894721746445, 0.9267578125], [0.04007668420672417, -0.013557317666709423, -0.9991046190261841, 1.500920295715332], [0.5361295938491821, -0.843492329120636, 0.032951295375823975, -1.17156982421875], [0.0, 0.0, 0.0, 1.0]], [[0.9476968050003052, 0.3188757300376892, 0.013748731464147568, -1.1260833740234375], [0.01410727109760046, 0.0011852124007418752, -0.9998997449874878, 1.5623114109039307], [-0.31886008381843567, 0.9477956891059875, -0.003375245491042733, -0.16229248046875], [0.0, 0.0, 0.0, 1.0]], [[0.008855326101183891, 0.9999422430992126, -0.006081737577915192, -0.02874755859375], [0.01639283262193203, -0.00622632447630167, -0.9998462200164795, 1.5694327354431152], [-0.9998264312744141, 0.008754228241741657, -0.016447024419903755, -0.03907012939453125], [0.0, 0.0, 0.0, 1.0]], [[-0.923526406288147, 0.38234150409698486, -0.03023047372698784, 1.026092529296875], [0.020795216783881187, -0.02878701500594616, -0.9993692636489868, 1.5508613586425781], [-0.38297051191329956, -0.9235725402832031, 0.018634695559740067, -0.098388671875], [0.0, 0.0, 0.0, 1.0]]], "view": [[0.0, -2.0, 100.0], [-2.0, 0.0, 100.0], [0.0, 0.0, 1.0]], "bev": "bev_ac0ecea7200b4b53b78a5c8d22801174.png", "aux": "aux_ac0ecea7200b4b53b78a5c8d22801174.npz", "visibility": "visibility_ac0ecea7200b4b53b78a5c8d22801174.png", "pose": [[-0.7949434518814087, -0.6066834926605225, 0.0, 529.9937133789062], [0.6066834926605225, -0.7949434518814087, 0.0, 767.1329345703125], [0.0, 0.0, 1.0, 0.0], [0.0, 0.0, 0.0, 1.0]], "pose_inverse": [[-0.7949434518814087, 0.6066834926605225, 0.0, -44.091854095458984], [-0.6066834926605225, -0.7949434518814087, 0.0, 931.3657836914062], [0.0, 0.0, 1.0, 0.0], [0.0, 0.0, 0.0, 1.0]], "cam_ids": [0, 1, 2, 3, 4, 5], "cam_channels": ["CAM_FRONT_LEFT", "CAM_FRONT", "CAM_FRONT_RIGHT", "CAM_BACK_LEFT", "CAM_BACK", "CAM_BACK_RIGHT"], "token": "ac0ecea7200b4b53b78a5c8d22801174", "scene": "scene-0392"}, {"images": ["samples/CAM_FRONT_LEFT/n008-2018-08-31-11-56-46-0400__CAM_FRONT_LEFT__1535731221604799.jpg", "samples/CAM_FRONT/n008-2018-08-31-11-56-46-0400__CAM_FRONT__1535731221612404.jpg", "samples/CAM_FRONT_RIGHT/n008-2018-08-31-11-56-46-0400__CAM_FRONT_RIGHT__1535731221620482.jpg", "samples/CAM_BACK_LEFT/n008-2018-08-31-11-56-46-0400__CAM_BACK_LEFT__1535731221647405.jpg", "samples/CAM_BACK/n008-2018-08-31-11-56-46-0400__CAM_BACK__1535731221637558.jpg", "samples/CAM_BACK_RIGHT/n008-2018-08-31-11-56-46-0400__CAM_BACK_RIGHT__1535731221628113.jpg"], "intrinsics": [[[1257.8625342125129, 0.0, 827.2410631095686], [0.0, 1257.8625342125129, 450.915498205774], [0.0, 0.0, 1.0]], [[1252.8131021185304, 0.0, 826.588114781398], [0.0, 1252.8131021185304, 469.9846626224581], [0.0, 0.0, 1.0]], [[1256.7485116440405, 0.0, 817.7887570959712], [0.0, 1256.7485116440403, 451.9541780095127], [0.0, 0.0, 1.0]], [[1254.9860565800168, 0.0, 829.5769333630991], [0.0, 1254.9860565800168, 467.1680561863987], [0.0, 0.0, 1.0]], [[796.8910634503094, 0.0, 857.7774326863696], [0.0, 796.8910634503094, 476.8848988407415], [0.0, 0.0, 1.0]], [[1249.9629280788233, 0.0, 825.3768045375984], [0.0, 1249.9629280788233, 462.54816385708756], [0.0, 0.0, 1.0]]], "extrinsics": [[[0.8225787281990051, -0.5686401128768921, 0.0035665472969412804, -0.73272705078125], [0.0067695328034460545, 0.003520734142512083, -0.9999708533287048, 1.4905226230621338], [0.5686109662055969, 0.8225789666175842, 0.006745506543666124, -1.14691162109375], [0.0, 0.0, 0.0, 1.0]], [[0.010292152874171734, -0.9999468326568604, 0.0006355769583024085, 0.00958251953125], [0.007360581308603287, -0.0005598340067081153, -0.9999727606773376, 1.4822003841400146], [0.9999200105667114, 0.010296542197465897, 0.007354427594691515, -1.4583740234375], [0.0, 0.0, 0.0, 1.0]], [[-0.8439972400665283, -0.5363042950630188, -0.006819514557719231, 0.908538818359375], [0.013933833688497543, -0.009214084595441818, -0.999860405921936, 1.4960989952087402], [0.5361666679382324, -0.8439744710922241, 0.015249434858560562, -1.1605224609375], [0.0, 0.0, 0.0, 1.0]], [[0.9478312134742737, 0.3184731900691986, -0.01381451915949583, -1.1295166015625], [-0.016524620354175568, 0.005809445399791002, -0.9998465776443481, 1.5617914199829102], [-0.3183440566062927, 0.9479140639305115, 0.01076902262866497, -0.16094970703125], [0.0, 0.0, 0.0, 1.0]], [[0.009260564111173153, 0.9999555945396423, -0.0017355597810819745, -0.02850341796875], [-0.012443609535694122, -0.0016202604165300727, -0.9999212622642517, 1.5669529438018799], [-0.9998797178268433, 0.009281402453780174, 0.01242805365473032, -0.044750213623046875], [0.0, 0.0, 0.0, 1.0]], [[-0.9237476587295532, 0.3829864263534546, -0.003418759210035205, 1.0128173828125], [-0.006363396067172289, -0.024272022768855095, -0.9996851086616516, 1.5468158721923828], [-0.38294878602027893, -0.9234350919723511, 0.024858318269252777, -0.10406494140625], [0.0, 0.0, 0.0, 1.0]]], "view": [[0.0, -2.0, 100.0], [-2.0, 0.0, 100.0], [0.0, 0.0, 1.0]], "bev": "bev_a1b0dfaa39a84d1bbf3e9f4d8435639b.png", "aux": "aux_a1b0dfaa39a84d1bbf3e9f4d8435639b.npz", "visibility": "visibility_a1b0dfaa39a84d1bbf3e9f4d8435639b.png", "pose": [[-0.7925105690956116, -0.6098582148551941, 0.0, 527.29541015625], [0.6098582148551941, -0.7925105690956116, 0.0, 769.2210083007812], [0.0, 0.0, 1.0, 0.0], [0.0, 0.0, 0.0, 1.0]], "pose_inverse": [[-0.7925105690956116, 0.6098582148551941, 0.0, -51.22855758666992], [-0.6098582148551941, -0.7925105690956116, 0.0, 931.1912231445312], [0.0, 0.0, 1.0, 0.0], [0.0, 0.0, 0.0, 1.0]], "cam_ids": [0, 1, 2, 3, 4, 5], "cam_channels": ["CAM_FRONT_LEFT", "CAM_FRONT", "CAM_FRONT_RIGHT", "CAM_BACK_LEFT", "CAM_BACK", "CAM_BACK_RIGHT"], "token": "a1b0dfaa39a84d1bbf3e9f4d8435639b", "scene": "scene-0392"}, {"images": ["samples/CAM_FRONT_LEFT/n008-2018-08-31-11-56-46-0400__CAM_FRONT_LEFT__1535731222104799.jpg", "samples/CAM_FRONT/n008-2018-08-31-11-56-46-0400__CAM_FRONT__1535731222112404.jpg", "samples/CAM_FRONT_RIGHT/n008-2018-08-31-11-56-46-0400__CAM_FRONT_RIGHT__1535731222120482.jpg", "samples/CAM_BACK_LEFT/n008-2018-08-31-11-56-46-0400__CAM_BACK_LEFT__1535731222147405.jpg", "samples/CAM_BACK/n008-2018-08-31-11-56-46-0400__CAM_BACK__1535731222137558.jpg", "samples/CAM_BACK_RIGHT/n008-2018-08-31-11-56-46-0400__CAM_BACK_RIGHT__1535731222128113.jpg"], "intrinsics": [[[1257.8625342125129, 0.0, 827.2410631095686], [0.0, 1257.8625342125129, 450.915498205774], [0.0, 0.0, 1.0]], [[1252.8131021185304, 0.0, 826.588114781398], [0.0, 1252.8131021185304, 469.9846626224581], [0.0, 0.0, 1.0]], [[1256.7485116440405, 0.0, 817.7887570959712], [0.0, 1256.7485116440403, 451.9541780095127], [0.0, 0.0, 1.0]], [[1254.9860565800168, 0.0, 829.5769333630991], [0.0, 1254.9860565800168, 467.1680561863987], [0.0, 0.0, 1.0]], [[796.8910634503094, 0.0, 857.7774326863696], [0.0, 796.8910634503094, 476.8848988407415], [0.0, 0.0, 1.0]], [[1249.9629280788233, 0.0, 825.3768045375984], [0.0, 1249.9629280788233, 462.54816385708756], [0.0, 0.0, 1.0]]], "extrinsics": [[[0.8222373723983765, -0.5682578682899475, -0.03176097571849823, -0.74188232421875], [-0.03504671901464462, 0.005146117880940437, -0.9993724226951599, 1.4771208763122559], [0.5680646896362305, 0.8228344917297363, -0.01568424701690674, -1.15423583984375], [0.0, 0.0, 0.0, 1.0]], [[0.01057837251573801, -0.99994295835495, -0.0014601049479097128, 0.01007080078125], [-0.032905615866184235, 0.001111289719119668, -0.9994578957557678, 1.471548318862915], [0.9994024634361267, 0.010620705783367157, -0.032891981303691864, -1.4731292724609375], [0.0, 0.0, 0.0, 1.0]], [[-0.8435127139091492, -0.536533772945404, 0.024853112176060677, 0.92022705078125], [-0.024685677140951157, -0.007496553473174572, -0.9996671080589294, 1.4880743026733398], [0.5365415811538696, -0.8438454866409302, -0.0069212643429636955, -1.16748046875], [0.0, 0.0, 0.0, 1.0]], [[0.946811318397522, 0.3186478912830353, -0.044854480773210526, -1.1373748779296875], [-0.04965498670935631, 0.006953882519155741, -0.9987422227859497, 1.5617036819458008], [-0.31793516874313354, 0.9478476643562317, 0.02240647003054619, -0.158203125], [0.0, 0.0, 0.0, 1.0]], [[0.009042040444910526, 0.9999589920043945, -0.0005476403166539967, -0.02880859375], [-0.04766210541129112, -0.00011606013868004084, -0.9988634586334229, 1.5643129348754883], [-0.9988226294517517, 0.009057832881808281, 0.04765910282731056, -0.03420257568359375], [0.0, 0.0, 0.0, 1.0]], [[-0.923305869102478, 0.3827628493309021, 0.03160472214221954, 1.024261474609375], [-0.04353644326329231, -0.022548547014594078, -0.9987973570823669, 1.5414199829101562], [-0.3815898001194, -0.9235714077949524, 0.0374833382666111, -0.0989990234375], [0.0, 0.0, 0.0, 1.0]]], "view": [[0.0, -2.0, 100.0], [-2.0, 0.0, 100.0], [0.0, 0.0, 1.0]], "bev": "bev_d06c18cfc5e24b04a4f60b4ae79b5b8e.png", "aux": "aux_d06c18cfc5e24b04a4f60b4ae79b5b8e.npz", "visibility": "visibility_d06c18cfc5e24b04a4f60b4ae79b5b8e.png", "pose": [[-0.791320264339447, -0.6114018559455872, 0.0, 524.4366455078125], [0.6114018559455872, -0.791320264339447, 0.0, 771.4268798828125], [0.0, 0.0, 1.0, 0.0], [0.0, 0.0, 0.0, 1.0]], "pose_inverse": [[-0.791320264339447, 0.6114018559455872, 0.0, -56.65446472167969], [-0.6114018559455872, -0.791320264339447, 0.0, 931.0872802734375], [0.0, 0.0, 1.0, 0.0], [0.0, 0.0, 0.0, 1.0]], "cam_ids": [0, 1, 2, 3, 4, 5], "cam_channels": ["CAM_FRONT_LEFT", "CAM_FRONT", "CAM_FRONT_RIGHT", "CAM_BACK_LEFT", "CAM_BACK", "CAM_BACK_RIGHT"], "token": "d06c18cfc5e24b04a4f60b4ae79b5b8e", "scene": "scene-0392"}, {"images": ["samples/CAM_FRONT_LEFT/n008-2018-08-31-11-56-46-0400__CAM_FRONT_LEFT__1535731222604799.jpg", "samples/CAM_FRONT/n008-2018-08-31-11-56-46-0400__CAM_FRONT__1535731222612404.jpg", "samples/CAM_FRONT_RIGHT/n008-2018-08-31-11-56-46-0400__CAM_FRONT_RIGHT__1535731222620482.jpg", "samples/CAM_BACK_LEFT/n008-2018-08-31-11-56-46-0400__CAM_BACK_LEFT__1535731222647405.jpg", "samples/CAM_BACK/n008-2018-08-31-11-56-46-0400__CAM_BACK__1535731222637558.jpg", "samples/CAM_BACK_RIGHT/n008-2018-08-31-11-56-46-0400__CAM_BACK_RIGHT__1535731222628113.jpg"], "intrinsics": [[[1257.8625342125129, 0.0, 827.2410631095686], [0.0, 1257.8625342125129, 450.915498205774], [0.0, 0.0, 1.0]], [[1252.8131021185304, 0.0, 826.588114781398], [0.0, 1252.8131021185304, 469.9846626224581], [0.0, 0.0, 1.0]], [[1256.7485116440405, 0.0, 817.7887570959712], [0.0, 1256.7485116440403, 451.9541780095127], [0.0, 0.0, 1.0]], [[1254.9860565800168, 0.0, 829.5769333630991], [0.0, 1254.9860565800168, 467.1680561863987], [0.0, 0.0, 1.0]], [[796.8910634503094, 0.0, 857.7774326863696], [0.0, 796.8910634503094, 476.8848988407415], [0.0, 0.0, 1.0]], [[1249.9629280788233, 0.0, 825.3768045375984], [0.0, 1249.9629280788233, 462.54816385708756], [0.0, 0.0, 1.0]]], "extrinsics": [[[0.8216796517372131, -0.5672524571418762, 0.05538273602724075, -0.729736328125], [0.06732127815485, 0.00010478555486770347, -0.9977313280105591, 1.5108599662780762], [0.5659597516059875, 0.823543906211853, 0.03827425837516785, -1.14324951171875], [0.0, 0.0, 0.0, 1.0]], [[0.011659647338092327, -0.9999202489852905, 0.00484874751418829, 0.00872802734375], [0.07001405954360962, -0.004020790569484234, -0.9975379109382629, 1.499490737915039], [0.9974778294563293, 0.011970401741564274, 0.06996159255504608, -1.4593887329101562], [0.0, 0.0, 0.0, 1.0]], [[-0.8410125374794006, -0.5377191305160522, -0.05963170900940895, 0.9117431640625], [0.07880538702011108, -0.012710906565189362, -0.9968089461326599, 1.5098419189453125], [0.5352452993392944, -0.84302818775177, 0.05306519940495491, -1.16363525390625], [0.0, 0.0, 0.0, 1.0]], [[0.9459659457206726, 0.3200502395629883, 0.05211857706308365, -1.141937255859375], [0.05413677170872688, 0.002594670746475458, -0.9985301494598389, 1.5621559619903564], [-0.31971505284309387, 0.947396993637085, -0.014872020110487938, -0.15667724609375], [0.0, 0.0, 0.0, 1.0]], [[0.007919427938759327, 0.9999581575393677, -0.004583100322633982, -0.0283203125], [0.05643109604716301, -0.005022850353270769, -0.9983938336372375, 1.5725293159484863], [-0.9983750581741333, 0.007648104336112738, -0.05646851286292076, -0.0347442626953125], [0.0, 0.0, 0.0, 1.0]], [[-0.9220035672187805, 0.381441593170166, -0.06641987711191177, 1.01947021484375], [0.060374122112989426, -0.02780984342098236, -0.9977883100509644, 1.557058334350586], [-0.3824450373649597, -0.9239745140075684, 0.002611578907817602, -0.10211181640625], [0.0, 0.0, 0.0, 1.0]]], "view": [[0.0, -2.0, 100.0], [-2.0, 0.0, 100.0], [0.0, 0.0, 1.0]], "bev": "bev_a40e0763f0c14d91ad52a858a2d1e18a.png", "aux": "aux_a40e0763f0c14d91ad52a858a2d1e18a.npz", "visibility": "visibility_a40e0763f0c14d91ad52a858a2d1e18a.png", "pose": [[-0.7902522087097168, -0.6127817034721375, 0.0, 521.417236328125], [0.6127817034721375, -0.7902522087097168, 0.0, 773.7781982421875], [0.0, 0.0, 1.0, 0.0], [0.0, 0.0, 0.0, 1.0]], "pose_inverse": [[-0.7902522087097168, 0.6127817034721375, 0.0, -62.10601043701172], [-0.6127817034721375, -0.7902522087097168, 0.0, 930.994873046875], [0.0, 0.0, 1.0, 0.0], [0.0, 0.0, 0.0, 1.0]], "cam_ids": [0, 1, 2, 3, 4, 5], "cam_channels": ["CAM_FRONT_LEFT", "CAM_FRONT", "CAM_FRONT_RIGHT", "CAM_BACK_LEFT", "CAM_BACK", "CAM_BACK_RIGHT"], "token": "a40e0763f0c14d91ad52a858a2d1e18a", "scene": "scene-0392"}, {"images": ["samples/CAM_FRONT_LEFT/n008-2018-08-31-11-56-46-0400__CAM_FRONT_LEFT__1535731223104799.jpg", "samples/CAM_FRONT/n008-2018-08-31-11-56-46-0400__CAM_FRONT__1535731223112404.jpg", "samples/CAM_FRONT_RIGHT/n008-2018-08-31-11-56-46-0400__CAM_FRONT_RIGHT__1535731223120482.jpg", "samples/CAM_BACK_LEFT/n008-2018-08-31-11-56-46-0400__CAM_BACK_LEFT__1535731223147405.jpg", "samples/CAM_BACK/n008-2018-08-31-11-56-46-0400__CAM_BACK__1535731223137558.jpg", "samples/CAM_BACK_RIGHT/n008-2018-08-31-11-56-46-0400__CAM_BACK_RIGHT__1535731223128113.jpg"], "intrinsics": [[[1257.8625342125129, 0.0, 827.2410631095686], [0.0, 1257.8625342125129, 450.915498205774], [0.0, 0.0, 1.0]], [[1252.8131021185304, 0.0, 826.588114781398], [0.0, 1252.8131021185304, 469.9846626224581], [0.0, 0.0, 1.0]], [[1256.7485116440405, 0.0, 817.7887570959712], [0.0, 1256.7485116440403, 451.9541780095127], [0.0, 0.0, 1.0]], [[1254.9860565800168, 0.0, 829.5769333630991], [0.0, 1254.9860565800168, 467.1680561863987], [0.0, 0.0, 1.0]], [[796.8910634503094, 0.0, 857.7774326863696], [0.0, 796.8910634503094, 476.8848988407415], [0.0, 0.0, 1.0]], [[1249.9629280788233, 0.0, 825.3768045375984], [0.0, 1249.9629280788233, 462.54816385708756], [0.0, 0.0, 1.0]]], "extrinsics": [[[0.8233588337898254, -0.5672588348388672, 0.017253344878554344, -0.72711181640625], [0.024085313081741333, 0.004552942700684071, -0.9996995329856873, 1.4964182376861572], [0.5670098066329956, 0.8235270380973816, 0.017411312088370323, -1.1422119140625], [0.0, 0.0, 0.0, 1.0]], [[0.011698688380420208, -0.9999316334724426, -5.295279697747901e-05, 0.00872802734375], [0.026791097596287727, 0.00036637959419749677, -0.9996410012245178, 1.4876424074172974], [0.9995725750923157, 0.011693080887198448, 0.026793548837304115, -1.4557342529296875], [0.0, 0.0, 0.0, 1.0]], [[-0.8430238366127014, -0.5372700095176697, -0.025526611134409904, 0.909393310546875], [0.03560922294855118, -0.008394110016524792, -0.9993305206298828, 1.5007266998291016], [0.5366961359977722, -0.8433685302734375, 0.02620820701122284, -1.162109375], [0.0, 0.0, 0.0, 1.0]], [[0.9477387070655823, 0.31874707341194153, 0.013845737092196941, -1.1433563232421875], [0.012424243614077568, 0.00649241404607892, -0.9999017715454102, 1.5620489120483398], [-0.3188056945800781, 0.9478175640106201, 0.002192919375374913, -0.15625], [0.0, 0.0, 0.0, 1.0]], [[0.008673157542943954, 0.9999620914459229, -0.0007728494820185006, -0.028076171875], [0.013770051300525665, -0.0008922385750338435, -0.9999047517776489, 1.5691511631011963], [-0.9998676776885986, 0.00866165105253458, -0.01377726811915636, -0.03479766845703125], [0.0, 0.0, 0.0, 1.0]], [[-0.9237686395645142, 0.38214269280433655, -0.024870939552783966, 1.018035888671875], [0.017180152237415314, -0.023524990305304527, -0.9995756149291992, 1.5504627227783203], [-0.3825654685497284, -0.9238038659095764, 0.015166380442678928, -0.102783203125], [0.0, 0.0, 0.0, 1.0]]], "view": [[0.0, -2.0, 100.0], [-2.0, 0.0, 100.0], [0.0, 0.0, 1.0]], "bev": "bev_d2e1925dbfd542a19ede7c575e00821c.png", "aux": "aux_d2e1925dbfd542a19ede7c575e00821c.npz", "visibility": "visibility_d2e1925dbfd542a19ede7c575e00821c.png", "pose": [[-0.7861810326576233, -0.6179962754249573, 0.0, 518.4072875976562], [0.6179962754249573, -0.7861810326576233, 0.0, 776.1377563476562], [0.0, 0.0, 1.0, 0.0], [0.0, 0.0, 0.0, 1.0]], "pose_inverse": [[-0.7861810326576233, 0.6179962754249573, 0.0, -72.08824157714844], [-0.6179962754249573, -0.7861810326576233, 0.0, 930.5585327148438], [0.0, 0.0, 1.0, 0.0], [0.0, 0.0, 0.0, 1.0]], "cam_ids": [0, 1, 2, 3, 4, 5], "cam_channels": ["CAM_FRONT_LEFT", "CAM_FRONT", "CAM_FRONT_RIGHT", "CAM_BACK_LEFT", "CAM_BACK", "CAM_BACK_RIGHT"], "token": "d2e1925dbfd542a19ede7c575e00821c", "scene": "scene-0392"}, {"images": ["samples/CAM_FRONT_LEFT/n008-2018-08-31-11-56-46-0400__CAM_FRONT_LEFT__1535731223604799.jpg", "samples/CAM_FRONT/n008-2018-08-31-11-56-46-0400__CAM_FRONT__1535731223612404.jpg", "samples/CAM_FRONT_RIGHT/n008-2018-08-31-11-56-46-0400__CAM_FRONT_RIGHT__1535731223620482.jpg", "samples/CAM_BACK_LEFT/n008-2018-08-31-11-56-46-0400__CAM_BACK_LEFT__1535731223647405.jpg", "samples/CAM_BACK/n008-2018-08-31-11-56-46-0400__CAM_BACK__1535731223637558.jpg", "samples/CAM_BACK_RIGHT/n008-2018-08-31-11-56-46-0400__CAM_BACK_RIGHT__1535731223628113.jpg"], "intrinsics": [[[1257.8625342125129, 0.0, 827.2410631095686], [0.0, 1257.8625342125129, 450.915498205774], [0.0, 0.0, 1.0]], [[1252.8131021185304, 0.0, 826.588114781398], [0.0, 1252.8131021185304, 469.9846626224581], [0.0, 0.0, 1.0]], [[1256.7485116440405, 0.0, 817.7887570959712], [0.0, 1256.7485116440403, 451.9541780095127], [0.0, 0.0, 1.0]], [[1254.9860565800168, 0.0, 829.5769333630991], [0.0, 1254.9860565800168, 467.1680561863987], [0.0, 0.0, 1.0]], [[796.8910634503094, 0.0, 857.7774326863696], [0.0, 796.8910634503094, 476.8848988407415], [0.0, 0.0, 1.0]], [[1249.9629280788233, 0.0, 825.3768045375984], [0.0, 1249.9629280788233, 462.54816385708756], [0.0, 0.0, 1.0]]], "extrinsics": [[[0.8228136897087097, -0.5682127475738525, 0.010584155097603798, -0.73529052734375], [0.015307292342185974, 0.003541282145306468, -0.9998765587806702, 1.4933054447174072], [0.5681050419807434, 0.8228741884231567, 0.01161161158233881, -1.14764404296875], [0.0, 0.0, 0.0, 1.0]], [[0.010687451809644699, -0.9999426007270813, 0.0007347944774664938, 0.008544921875], [0.01704595424234867, -0.0005525403539650142, -0.999854564666748, 1.4847395420074463], [0.9997975826263428, 0.010698500089347363, 0.017039071768522263, -1.4664459228515625], [0.0, 0.0, 0.0, 1.0]], [[-0.8436941504478455, -0.5365852117538452, -0.0160142220556736, 0.91741943359375], [0.02483721822500229, -0.009218322113156319, -0.9996489882469177, 1.4981775283813477], [0.5362492203712463, -0.8437957763671875, 0.021104730665683746, -1.1671142578125], [0.0, 0.0, 0.0, 1.0]], [[0.9478964805603027, 0.3185777962207794, 0.0007384712225757539, -1.1476898193359375], [-0.001260707387700677, 0.006069089286029339, -0.9999808073043823, 1.5620489120483398], [-0.3185761868953705, 0.9478772878646851, 0.006154502276331186, -0.15472412109375], [0.0, 0.0, 0.0, 1.0]], [[0.009090797044336796, 0.9999575614929199, -0.0014865301782265306, -0.0281982421875], [0.0011420616647228599, -0.0014969734475016594, -0.9999982118606567, 1.5681445598602295], [-0.9999580383300781, 0.009089010767638683, -0.0011556220706552267, -0.02822113037109375], [0.0, 0.0, 0.0, 1.0]], [[-0.9237449765205383, 0.3827367126941681, -0.01441547367721796, 1.025634765625], [0.005547471810132265, -0.024263570085167885, -0.9996901750564575, 1.5486278533935547], [-0.38296788930892944, -0.9235388040542603, 0.020290132611989975, -0.0994873046875], [0.0, 0.0, 0.0, 1.0]]], "view": [[0.0, -2.0, 100.0], [-2.0, 0.0, 100.0], [0.0, 0.0, 1.0]], "bev": "bev_45069aef6f9f40d582286c9dbf6ea439.png", "aux": "aux_45069aef6f9f40d582286c9dbf6ea439.npz", "visibility": "visibility_45069aef6f9f40d582286c9dbf6ea439.png", "pose": [[-0.7789773344993591, -0.6270520687103271, 0.0, 515.3770751953125], [0.6270520687103271, -0.7789773344993591, 0.0, 778.556640625], [0.0, 0.0, 1.0, 0.0], [0.0, 0.0, 0.0, 1.0]], "pose_inverse": [[-0.7789773344993591, 0.6270520687103271, 0.0, -86.72850036621094], [-0.6270520687103271, -0.7789773344993591, 0.0, 929.646240234375], [0.0, 0.0, 1.0, 0.0], [0.0, 0.0, 0.0, 1.0]], "cam_ids": [0, 1, 2, 3, 4, 5], "cam_channels": ["CAM_FRONT_LEFT", "CAM_FRONT", "CAM_FRONT_RIGHT", "CAM_BACK_LEFT", "CAM_BACK", "CAM_BACK_RIGHT"], "token": "45069aef6f9f40d582286c9dbf6ea439", "scene": "scene-0392"}, {"images": ["samples/CAM_FRONT_LEFT/n008-2018-08-31-11-56-46-0400__CAM_FRONT_LEFT__1535731224104836.jpg", "samples/CAM_FRONT/n008-2018-08-31-11-56-46-0400__CAM_FRONT__1535731224112404.jpg", "samples/CAM_FRONT_RIGHT/n008-2018-08-31-11-56-46-0400__CAM_FRONT_RIGHT__1535731224120482.jpg", "samples/CAM_BACK_LEFT/n008-2018-08-31-11-56-46-0400__CAM_BACK_LEFT__1535731224147405.jpg", "samples/CAM_BACK/n008-2018-08-31-11-56-46-0400__CAM_BACK__1535731224137558.jpg", "samples/CAM_BACK_RIGHT/n008-2018-08-31-11-56-46-0400__CAM_BACK_RIGHT__1535731224128113.jpg"], "intrinsics": [[[1257.8625342125129, 0.0, 827.2410631095686], [0.0, 1257.8625342125129, 450.915498205774], [0.0, 0.0, 1.0]], [[1252.8131021185304, 0.0, 826.588114781398], [0.0, 1252.8131021185304, 469.9846626224581], [0.0, 0.0, 1.0]], [[1256.7485116440405, 0.0, 817.7887570959712], [0.0, 1256.7485116440403, 451.9541780095127], [0.0, 0.0, 1.0]], [[1254.9860565800168, 0.0, 829.5769333630991], [0.0, 1254.9860565800168, 467.1680561863987], [0.0, 0.0, 1.0]], [[796.8910634503094, 0.0, 857.7774326863696], [0.0, 796.8910634503094, 476.8848988407415], [0.0, 0.0, 1.0]], [[1249.9629280788233, 0.0, 825.3768045375984], [0.0, 1249.9629280788233, 462.54816385708756], [0.0, 0.0, 1.0]]], "extrinsics": [[[0.8225477933883667, -0.5686858296394348, -0.0034192276652902365, -0.74346923828125], [0.003900859970599413, 0.0116542624309659, -0.9999244809150696, 1.4895257949829102], [0.5686826705932617, 0.822472333908081, 0.0118045499548316, -1.1533203125], [0.0, 0.0, 0.0, 1.0]], [[0.01021870318800211, -0.9999186396598816, -0.007633176166564226, 0.00848388671875], [0.005681009031832218, 0.007691503968089819, -0.9999542832374573, 1.4816479682922363], [0.9999316930770874, 0.010174850933253765, 0.005759143736213446, -1.4732666015625], [0.0, 0.0, 0.0, 1.0]], [[-0.8440398573875427, -0.5361683964729309, -0.010959705337882042, 0.920562744140625], [0.013516017235815525, -0.0008380868239328265, -0.9999083280563354, 1.4957982301712036], [0.5361101031303406, -0.8441106677055359, 0.007954239845275879, -1.16912841796875], [0.0, 0.0, 0.0, 1.0]], [[0.9478432536125183, 0.31865811347961426, -0.007084107492119074, -1.144683837890625], [-0.012439342215657234, 0.014773701317608356, -0.9998134970664978, 1.5620555877685547], [-0.31849405169487, 0.9477545022964478, 0.01796705089509487, -0.15576171875], [0.0, 0.0, 0.0, 1.0]], [[0.009273681789636612, 0.9999324083328247, 0.007015910465270281, -0.02825927734375], [-0.010084358043968678, 0.007109376136213541, -0.9999238848686218, 1.5673131942749023], [-0.9999061226844788, 0.009202287532389164, 0.010149607434868813, -0.02986907958984375], [0.0, 0.0, 0.0, 1.0]], [[-0.9237171411514282, 0.3830745220184326, -0.0007184025598689914, 1.02655029296875], [-0.005751090589910746, -0.015742843970656395, -0.9998595118522644, 1.5469789505004883], [-0.383031964302063, -0.9235832095146179, 0.016745032742619514, -0.09912109375], [0.0, 0.0, 0.0, 1.0]]], "view": [[0.0, -2.0, 100.0], [-2.0, 0.0, 100.0], [0.0, 0.0, 1.0]], "bev": "bev_1d7022f436fc42069ebd35f6134d3036.png", "aux": "aux_1d7022f436fc42069ebd35f6134d3036.npz", "visibility": "visibility_1d7022f436fc42069ebd35f6134d3036.png", "pose": [[-0.7745253443717957, -0.6325428485870361, 0.0, 512.4641723632812], [0.6325428485870361, -0.7745253443717957, 0.0, 780.94091796875], [0.0, 0.0, 1.0, 0.0], [0.0, 0.0, 0.0, 1.0]], "pose_inverse": [[-0.7745253443717957, 0.6325428485870361, 0.0, -97.06212615966797], [-0.6325428485870361, -0.7745253443717957, 0.0, 929.0140991210938], [0.0, 0.0, 1.0, 0.0], [0.0, 0.0, 0.0, 1.0]], "cam_ids": [0, 1, 2, 3, 4, 5], "cam_channels": ["CAM_FRONT_LEFT", "CAM_FRONT", "CAM_FRONT_RIGHT", "CAM_BACK_LEFT", "CAM_BACK", "CAM_BACK_RIGHT"], "token": "1d7022f436fc42069ebd35f6134d3036", "scene": "scene-0392"}, {"images": ["samples/CAM_FRONT_LEFT/n008-2018-08-31-11-56-46-0400__CAM_FRONT_LEFT__1535731224604799.jpg", "samples/CAM_FRONT/n008-2018-08-31-11-56-46-0400__CAM_FRONT__1535731224612404.jpg", "samples/CAM_FRONT_RIGHT/n008-2018-08-31-11-56-46-0400__CAM_FRONT_RIGHT__1535731224620482.jpg", "samples/CAM_BACK_LEFT/n008-2018-08-31-11-56-46-0400__CAM_BACK_LEFT__1535731224647405.jpg", "samples/CAM_BACK/n008-2018-08-31-11-56-46-0400__CAM_BACK__1535731224637558.jpg", "samples/CAM_BACK_RIGHT/n008-2018-08-31-11-56-46-0400__CAM_BACK_RIGHT__1535731224628113.jpg"], "intrinsics": [[[1257.8625342125129, 0.0, 827.2410631095686], [0.0, 1257.8625342125129, 450.915498205774], [0.0, 0.0, 1.0]], [[1252.8131021185304, 0.0, 826.588114781398], [0.0, 1252.8131021185304, 469.9846626224581], [0.0, 0.0, 1.0]], [[1256.7485116440405, 0.0, 817.7887570959712], [0.0, 1256.7485116440403, 451.9541780095127], [0.0, 0.0, 1.0]], [[1254.9860565800168, 0.0, 829.5769333630991], [0.0, 1254.9860565800168, 467.1680561863987], [0.0, 0.0, 1.0]], [[796.8910634503094, 0.0, 857.7774326863696], [0.0, 796.8910634503094, 476.8848988407415], [0.0, 0.0, 1.0]], [[1249.9629280788233, 0.0, 825.3768045375984], [0.0, 1249.9629280788233, 462.54816385708756], [0.0, 0.0, 1.0]]], "extrinsics": [[[0.8224332928657532, -0.5686126947402954, -0.016822632402181625, -0.74639892578125], [-0.005143029615283012, 0.02213894948363304, -0.9997416734695435, 1.4866466522216797], [0.5688382983207703, 0.8223074674606323, 0.015283416956663132, -1.15643310546875], [0.0, 0.0, 0.0, 1.0]], [[0.010037272237241268, -0.9997861385345459, -0.01807969994843006, 0.0091552734375], [-0.003325856989249587, 0.018047131597995758, -0.9998316168785095, 1.4792900085449219], [0.9999440908432007, 0.010095791891217232, -0.0031440011225640774, -1.47784423828125], [0.0, 0.0, 0.0, 1.0]], [[-0.8441419005393982, -0.5360463261604309, -0.008867373690009117, 0.925445556640625], [0.004548265133053064, 0.00937887467443943, -0.9999456405639648, 1.4939565658569336], [0.5361003875732422, -0.8441364765167236, -0.005479022860527039, -1.17156982421875], [0.0, 0.0, 0.0, 1.0]], [[0.9477710723876953, 0.31871703267097473, -0.012224889360368252, -1.1496124267578125], [-0.02113659679889679, 0.024517586454749107, -0.9994759559631348, 1.5621700286865234], [-0.31825026869773865, 0.9475327134132385, 0.029973654076457024, -0.1541748046875], [0.0, 0.0, 0.0, 1.0]], [[0.009366223588585854