[{"images": ["samples/CAM_FRONT_LEFT/n008-2018-08-01-15-16-36-0400__CAM_FRONT_LEFT__1533151269504799.jpg", "samples/CAM_FRONT/n008-2018-08-01-15-16-36-0400__CAM_FRONT__1533151269512404.jpg", "samples/CAM_FRONT_RIGHT/n008-2018-08-01-15-16-36-0400__CAM_FRONT_RIGHT__1533151269520482.jpg", "samples/CAM_BACK_LEFT/n008-2018-08-01-15-16-36-0400__CAM_BACK_LEFT__1533151269547405.jpg", "samples/CAM_BACK/n008-2018-08-01-15-16-36-0400__CAM_BACK__1533151269537558.jpg", "samples/CAM_BACK_RIGHT/n008-2018-08-01-15-16-36-0400__CAM_BACK_RIGHT__1533151269528113.jpg"], "intrinsics": [[[1257.8625342125129, 0.0, 827.2410631095686], [0.0, 1257.8625342125129, 450.915498205774], [0.0, 0.0, 1.0]], [[1252.8131021185304, 0.0, 826.588114781398], [0.0, 1252.8131021185304, 469.9846626224581], [0.0, 0.0, 1.0]], [[1256.7485116440405, 0.0, 817.7887570959712], [0.0, 1256.7485116440403, 451.9541780095127], [0.0, 0.0, 1.0]], [[1254.9860565800168, 0.0, 829.5769333630991], [0.0, 1254.9860565800168, 467.1680561863987], [0.0, 0.0, 1.0]], [[796.8910634503094, 0.0, 857.7774326863696], [0.0, 796.8910634503094, 476.8848988407415], [0.0, 0.0, 1.0]], [[1249.9629280788233, 0.0, 825.3768045375984], [0.0, 1249.9629280788233, 462.54816385708756], [0.0, 0.0, 1.0]]], "extrinsics": [[[0.8225205540657043, -0.5685936808586121, 0.0126956133171916, -0.92987060546875], [0.025386594235897064, 0.01440535020083189, -0.9995738863945007, 1.4906082153320312], [0.568168580532074, 0.8224923610687256, 0.026283351704478264, -1.28173828125], [0.0, 0.0, 0.0, 1.0]], [[0.010569253005087376, -0.9998943209648132, -0.009979051537811756, 0.006103515625], [0.027396641671657562, 0.010265424847602844, -0.9995719194412231, 1.482217788696289], [0.9995687007904053, 0.010291305370628834, 0.02750224620103836, -1.659881591796875], [0.0, 0.0, 0.0, 1.0]], [[-0.8434844613075256, -0.5362715125083923, -0.03077179193496704, 1.0421142578125], [0.035474810749292374, 0.0015476001426577568, -0.9993693232536316, 1.4951152801513672], [0.5359808802604675, -0.8440440893173218, 0.01771875098347664, -1.2467041015625], [0.0, 0.0, 0.0, 1.0]], [[0.9477266669273376, 0.31873050332069397, 0.015002927742898464, -1.14208984375], [0.010209609754383564, 0.01670418493449688, -0.9998083114624023, 1.5620613098144531], [-0.3189200162887573, 0.9476981163024902, 0.012576887384057045, -0.1568603515625], [0.0, 0.0, 0.0, 1.0]], [[0.008921554312109947, 0.9999169707298279, 0.009293759241700172, -0.0286865234375], [0.012288755737245083, 0.00918379332870245, -0.9998822808265686, 1.5683307647705078], [-0.9998846650123596, 0.009034793823957443, -0.012205803766846657, 0.022216796875], [0.0, 0.0, 0.0, 1.0]], [[-0.9235595464706421, 0.382912814617157, -0.020381370559334755, 1.122711181640625], [0.01645486243069172, -0.013527099043130875, -0.9997731447219849, 1.548492431640625], [-0.3831016421318054, -0.9236853718757629, 0.006192302796989679, -0.0595703125], [0.0, 0.0, 0.0, 1.0]]], "view": [[0.0, -2.0, 100.0], [-2.0, 0.0, 100.0], [0.0, 0.0, 1.0]], "bev": "bev_f9475d1f1f96401c81ce511a93578a96.png", "aux": "aux_f9475d1f1f96401c81ce511a93578a96.npz", "visibility": "visibility_f9475d1f1f96401c81ce511a93578a96.png", "pose": [[-0.7641748189926147, -0.6450091600418091, 0.0, 1328.68310546875], [0.6450091600418091, -0.7641748189926147, 0.0, 1027.66748046875], [0.0, 0.0, 1.0, 0.0], [0.0, 0.0, 0.0, 1.0]], "pose_inverse": [[-0.7641748189926147, 0.6450091600418091, 0.0, 352.4912109375], [-0.6450091600418091, -0.7641748189926147, 0.0, 1642.3304443359375], [0.0, 0.0, 1.0, 0.0], [0.0, 0.0, 0.0, 1.0]], "cam_ids": [0, 1, 2, 3, 4, 5], "cam_channels": ["CAM_FRONT_LEFT", "CAM_FRONT", "CAM_FRONT_RIGHT", "CAM_BACK_LEFT", "CAM_BACK", "CAM_BACK_RIGHT"], "token": "f9475d1f1f96401c81ce511a93578a96", "scene": "scene-0096"}, {"images": ["samples/CAM_FRONT_LEFT/n008-2018-08-01-15-16-36-0400__CAM_FRONT_LEFT__1533151270004799.jpg", "samples/CAM_FRONT/n008-2018-08-01-15-16-36-0400__CAM_FRONT__1533151270012404.jpg", "samples/CAM_FRONT_RIGHT/n008-2018-08-01-15-16-36-0400__CAM_FRONT_RIGHT__1533151270020482.jpg", "samples/CAM_BACK_LEFT/n008-2018-08-01-15-16-36-0400__CAM_BACK_LEFT__1533151270047405.jpg", "samples/CAM_BACK/n008-2018-08-01-15-16-36-0400__CAM_BACK__1533151270037558.jpg", "samples/CAM_BACK_RIGHT/n008-2018-08-01-15-16-36-0400__CAM_BACK_RIGHT__1533151270028113.jpg"], "intrinsics": [[[1257.8625342125129, 0.0, 827.2410631095686], [0.0, 1257.8625342125129, 450.915498205774], [0.0, 0.0, 1.0]], [[1252.8131021185304, 0.0, 826.588114781398], [0.0, 1252.8131021185304, 469.9846626224581], [0.0, 0.0, 1.0]], [[1256.7485116440405, 0.0, 817.7887570959712], [0.0, 1256.7485116440403, 451.9541780095127], [0.0, 0.0, 1.0]], [[1254.9860565800168, 0.0, 829.5769333630991], [0.0, 1254.9860565800168, 467.1680561863987], [0.0, 0.0, 1.0]], [[796.8910634503094, 0.0, 857.7774326863696], [0.0, 796.8910634503094, 476.8848988407415], [0.0, 0.0, 1.0]], [[1249.9629280788233, 0.0, 825.3768045375984], [0.0, 1249.9629280788233, 462.54816385708756], [0.0, 0.0, 1.0]]], "extrinsics": [[[0.8225476741790771, -0.5685315132141113, 0.01368590909987688, -0.90625], [0.026003051549196243, 0.013559013605117798, -0.9995698928833008, 1.4914131164550781], [0.5681014060974121, 0.8225497603416443, 0.025936488062143326, -1.265380859375], [0.0, 0.0, 0.0, 1.0]], [[0.01064680702984333, -0.9999017715454102, -0.009112301282584667, 0.00634765625], [0.02797078900039196, 0.00940705556422472, -0.999564528465271, 1.4829368591308594], [0.9995520114898682, 0.010387233458459377, 0.028068197891116142, -1.63568115234375], [0.0, 0.0, 0.0, 1.0]], [[-0.8434237241744995, -0.536368191242218, -0.030750082805752754, 1.0260009765625], [0.036004357039928436, 0.0006771640619263053, -0.9993513822555542, 1.4958305358886719], [0.5360410809516907, -0.8439838290214539, 0.0187404565513134, -1.236572265625], [0.0, 0.0, 0.0, 1.0]], [[0.9477231502532959, 0.31873366236686707, 0.015157167799770832, -1.14447021484375], [0.010726477019488811, 0.015651652589440346, -0.9998199939727783, 1.5620384216308594], [-0.31891345977783203, 0.9477150440216064, 0.01141454465687275, -0.1561279296875], [0.0, 0.0, 0.0, 1.0]], [[0.008877918124198914, 0.999925971031189, 0.008312731049954891, -0.0284423828125], [0.012764841318130493, 0.008199055679142475, -0.999884843826294, 1.5684223175048828], [-0.9998791813850403, 0.008983032777905464, -0.012691107578575611, 0.01629638671875], [0.0, 0.0, 0.0, 1.0]], [[-0.923583984375, 0.3828105032444, -0.0211798045784235, 1.109527587890625], [0.01694297231733799, -0.014436122961342335, -0.9997522234916687, 1.5487499237060547], [-0.38302138447761536, -0.9237140417098999, 0.006847024895250797, -0.0650634765625], [0.0, 0.0, 0.0, 1.0]]], "view": [[0.0, -2.0, 100.0], [-2.0, 0.0, 100.0], [0.0, 0.0, 1.0]], "bev": "bev_d96de08343d248809556faa746c70968.png", "aux": "aux_d96de08343d248809556faa746c70968.npz", "visibility": "visibility_d96de08343d248809556faa746c70968.png", "pose": [[-0.7639116048812866, -0.6453208923339844, 0.0, 1327.7120361328125], [0.6453208923339844, -0.7639116048812866, 0.0, 1028.48486328125], [0.0, 0.0, 1.0, 0.0], [0.0, 0.0, 0.0, 1.0]], "pose_inverse": [[-0.7639116048812866, 0.6453208923339844, 0.0, 350.5518798828125], [-0.6453208923339844, -0.7639116048812866, 0.0, 1642.4718017578125], [0.0, 0.0, 1.0, 0.0], [0.0, 0.0, 0.0, 1.0]], "cam_ids": [0, 1, 2, 3, 4, 5], "cam_channels": ["CAM_FRONT_LEFT", "CAM_FRONT", "CAM_FRONT_RIGHT", "CAM_BACK_LEFT", "CAM_BACK", "CAM_BACK_RIGHT"], "token": "d96de08343d248809556faa746c70968", "scene": "scene-0096"}, {"images": ["samples/CAM_FRONT_LEFT/n008-2018-08-01-15-16-36-0400__CAM_FRONT_LEFT__1533151270404799.jpg", "samples/CAM_FRONT/n008-2018-08-01-15-16-36-0400__CAM_FRONT__1533151270412404.jpg", "samples/CAM_FRONT_RIGHT/n008-2018-08-01-15-16-36-0400__CAM_FRONT_RIGHT__1533151270420482.jpg", "samples/CAM_BACK_LEFT/n008-2018-08-01-15-16-36-0400__CAM_BACK_LEFT__1533151270447405.jpg", "samples/CAM_BACK/n008-2018-08-01-15-16-36-0400__CAM_BACK__1533151270437558.jpg", "samples/CAM_BACK_RIGHT/n008-2018-08-01-15-16-36-0400__CAM_BACK_RIGHT__1533151270428113.jpg"], "intrinsics": [[[1257.8625342125129, 0.0, 827.2410631095686], [0.0, 1257.8625342125129, 450.915498205774], [0.0, 0.0, 1.0]], [[1252.8131021185304, 0.0, 826.588114781398], [0.0, 1252.8131021185304, 469.9846626224581], [0.0, 0.0, 1.0]], [[1256.7485116440405, 0.0, 817.7887570959712], [0.0, 1256.7485116440403, 451.9541780095127], [0.0, 0.0, 1.0]], [[1254.9860565800168, 0.0, 829.5769333630991], [0.0, 1254.9860565800168, 467.1680561863987], [0.0, 0.0, 1.0]], [[796.8910634503094, 0.0, 857.7774326863696], [0.0, 796.8910634503094, 476.8848988407415], [0.0, 0.0, 1.0]], [[1249.9629280788233, 0.0, 825.3768045375984], [0.0, 1249.9629280788233, 462.54816385708756], [0.0, 0.0, 1.0]]], "extrinsics": [[[0.8224892616271973, -0.5685409903526306, 0.016510749235749245, -0.8875732421875], [0.026365313678979874, 0.00911256019026041, -0.9996107816696167, 1.4920501708984375], [0.5681692361831665, 0.8226044178009033, 0.02248474583029747, -1.2525634765625], [0.0, 0.0, 0.0, 1.0]], [[0.010538695380091667, -0.9999335408210754, -0.004674145486205816, 0.0069580078125], [0.02830273099243641, 0.00497081596404314, -0.9995870590209961, 1.48345947265625], [0.9995437860488892, 0.010401924140751362, 0.028353238478302956, -1.6182861328125], [0.0, 0.0, 0.0, 1.0]], [[-0.8434813022613525, -0.5363951325416565, -0.028629887849092484, 1.0155029296875], [0.0363033302128315, -0.0037479212041944265, -0.9993337988853455, 1.4963159561157227], [0.5359303951263428, -0.8439587354660034, 0.02263423055410385, -1.2294921875], [0.0, 0.0, 0.0, 1.0]], [[0.9477355480194092, 0.3187533915042877, 0.013914857059717178, -1.145263671875], [0.010810312815010548, 0.011506719514727592, -0.9998753666877747, 1.5620288848876953], [-0.3188738226890564, 0.9477678537368774, 0.007459502667188644, -0.15576171875], [0.0, 0.0, 0.0, 1.0]], [[0.008965400978922844, 0.9999516010284424, 0.004055428318679333, -0.028564453125], [0.013014022260904312, 0.003938567359000444, -0.9999075531959534, 1.5684747695922852], [-0.9998751878738403, 0.009017374366521835, -0.012978085316717625, 0.012420654296875], [0.0, 0.0, 0.0, 1.0]], [[-0.9235260486602783, 0.38283687829971313, -0.023140661418437958, 1.101837158203125], [0.017247891053557396, -0.018818052485585213, -0.9996741414070129, 1.5489120483398438], [-0.38314762711524963, -0.9236242771148682, 0.010775834321975708, -0.068115234375], [0.0, 0.0, 0.0, 1.0]]], "view": [[0.0, -2.0, 100.0], [-2.0, 0.0, 100.0], [0.0, 0.0, 1.0]], "bev": "bev_05cf2a68a2cf4ff1838034f8ecae0c82.png", "aux": "aux_05cf2a68a2cf4ff1838034f8ecae0c82.npz", "visibility": "visibility_05cf2a68a2cf4ff1838034f8ecae0c82.png", "pose": [[-0.7639952301979065, -0.6452218890190125, 0.0, 1326.73583984375], [0.6452218890190125, -0.7639952301979065, 0.0, 1029.3109130859375], [0.0, 0.0, 1.0, 0.0], [0.0, 0.0, 0.0, 1.0]], "pose_inverse": [[-0.7639952301979065, 0.6452218890190125, 0.0, 349.4859619140625], [-0.6452218890190125, -0.7639952301979065, 0.0, 1642.4276123046875], [0.0, 0.0, 1.0, 0.0], [0.0, 0.0, 0.0, 1.0]], "cam_ids": [0, 1, 2, 3, 4, 5], "cam_channels": ["CAM_FRONT_LEFT", "CAM_FRONT", "CAM_FRONT_RIGHT", "CAM_BACK_LEFT", "CAM_BACK", "CAM_BACK_RIGHT"], "token": "05cf2a68a2cf4ff1838034f8ecae0c82", "scene": "scene-0096"}, {"images": ["samples/CAM_FRONT_LEFT/n008-2018-08-01-15-16-36-0400__CAM_FRONT_LEFT__1533151270904799.jpg", "samples/CAM_FRONT/n008-2018-08-01-15-16-36-0400__CAM_FRONT__1533151270912404.jpg", "samples/CAM_FRONT_RIGHT/n008-2018-08-01-15-16-36-0400__CAM_FRONT_RIGHT__1533151270920482.jpg", "samples/CAM_BACK_LEFT/n008-2018-08-01-15-16-36-0400__CAM_BACK_LEFT__1533151270947405.jpg", "samples/CAM_BACK/n008-2018-08-01-15-16-36-0400__CAM_BACK__1533151270937558.jpg", "samples/CAM_BACK_RIGHT/n008-2018-08-01-15-16-36-0400__CAM_BACK_RIGHT__1533151270928113.jpg"], "intrinsics": [[[1257.8625342125129, 0.0, 827.2410631095686], [0.0, 1257.8625342125129, 450.915498205774], [0.0, 0.0, 1.0]], [[1252.8131021185304, 0.0, 826.588114781398], [0.0, 1252.8131021185304, 469.9846626224581], [0.0, 0.0, 1.0]], [[1256.7485116440405, 0.0, 817.7887570959712], [0.0, 1256.7485116440403, 451.9541780095127], [0.0, 0.0, 1.0]], [[1254.9860565800168, 0.0, 829.5769333630991], [0.0, 1254.9860565800168, 467.1680561863987], [0.0, 0.0, 1.0]], [[796.8910634503094, 0.0, 857.7774326863696], [0.0, 796.8910634503094, 476.8848988407415], [0.0, 0.0, 1.0]], [[1249.9629280788233, 0.0, 825.3768045375984], [0.0, 1249.9629280788233, 462.54816385708756], [0.0, 0.0, 1.0]]], "extrinsics": [[[0.8226107954978943, -0.5683348774909973, 0.017523761838674545, -0.8720703125], [0.025243645533919334, 0.005714598577469587, -0.9996650218963623, 1.4923534393310547], [0.5680443048477173, 0.822777509689331, 0.019047733396291733, -1.24267578125], [0.0, 0.0, 0.0, 1.0]], [[0.010678308084607124, -0.9999421238899231, -0.0012713192263618112, 0.0074462890625], [0.027216941118240356, 0.0015615671873092651, -0.9996283650398254, 1.4837522506713867], [0.9995725154876709, 0.01063974667340517, 0.027232039719820023, -1.603057861328125], [0.0, 0.0, 0.0, 1.0]], [[-0.8434573411941528, -0.5365710854530334, -0.0259074829518795, 1.0059814453125], [0.03525597229599953, -0.007168102543801069, -0.9993525743484497, 1.4966189861297607], [0.5360381007194519, -0.8438246250152588, 0.02496332675218582, -1.223388671875], [0.0, 0.0, 0.0, 1.0]], [[0.9477652311325073, 0.31874093413352966, 0.012049387209117413, -1.14776611328125], [0.010118996724486351, 0.007711519952863455, -0.999919056892395, 1.562002182006836], [-0.3188081383705139, 0.9478104710578918, 0.004083372186869383, -0.1546630859375], [0.0, 0.0, 0.0, 1.0]], [[0.008970879018306732, 0.9999597072601318, 0.00044014552258886397, -0.02880859375], [0.01218106783926487, 0.0003308526938781142, -0.9999257326126099, 1.5684776306152344], [-0.9998855590820312, 0.008975657634437084, -0.012177609838545322, 0.010040283203125], [0.0, 0.0, 0.0, 1.0]], [[-0.9235697388648987, 0.3827052712440491, -0.023567654192447662, 1.09503173828125], [0.0162733756005764, -0.02228628471493721, -0.99961918592453, 1.5489768981933594], [-0.38308483362197876, -0.9236016273498535, 0.01435503363609314, -0.0704345703125], [0.0, 0.0, 0.0, 1.0]]], "view": [[0.0, -2.0, 100.0], [-2.0, 0.0, 100.0], [0.0, 0.0, 1.0]], "bev": "bev_93d437c833f24dd9b14a406d199113ff.png", "aux": "aux_93d437c833f24dd9b14a406d199113ff.npz", "visibility": "visibility_93d437c833f24dd9b14a406d199113ff.png", "pose": [[-0.7635195255279541, -0.6457847356796265, 0.0, 1325.3394775390625], [0.6457847356796265, -0.7635195255279541, 0.0, 1030.4976806640625], [0.0, 0.0, 1.0, 0.0], [0.0, 0.0, 0.0, 1.0]], "pose_inverse": [[-0.7635195255279541, 0.6457847356796265, 0.0, 346.44287109375], [-0.6457847356796265, -0.7635195255279541, 0.0, 1642.6890869140625], [0.0, 0.0, 1.0, 0.0], [0.0, 0.0, 0.0, 1.0]], "cam_ids": [0, 1, 2, 3, 4, 5], "cam_channels": ["CAM_FRONT_LEFT", "CAM_FRONT", "CAM_FRONT_RIGHT", "CAM_BACK_LEFT", "CAM_BACK", "CAM_BACK_RIGHT"], "token": "93d437c833f24dd9b14a406d199113ff", "scene": "scene-0096"}, {"images": ["samples/CAM_FRONT_LEFT/n008-2018-08-01-15-16-36-0400__CAM_FRONT_LEFT__1533151271404799.jpg", "samples/CAM_FRONT/n008-2018-08-01-15-16-36-0400__CAM_FRONT__1533151271412404.jpg", "samples/CAM_FRONT_RIGHT/n008-2018-08-01-15-16-36-0400__CAM_FRONT_RIGHT__1533151271420482.jpg", "samples/CAM_BACK_LEFT/n008-2018-08-01-15-16-36-0400__CAM_BACK_LEFT__1533151271447405.jpg", "samples/CAM_BACK/n008-2018-08-01-15-16-36-0400__CAM_BACK__1533151271437558.jpg", "samples/CAM_BACK_RIGHT/n008-2018-08-01-15-16-36-0400__CAM_BACK_RIGHT__1533151271428113.jpg"], "intrinsics": [[[1257.8625342125129, 0.0, 827.2410631095686], [0.0, 1257.8625342125129, 450.915498205774], [0.0, 0.0, 1.0]], [[1252.8131021185304, 0.0, 826.588114781398], [0.0, 1252.8131021185304, 469.9846626224581], [0.0, 0.0, 1.0]], [[1256.7485116440405, 0.0, 817.7887570959712], [0.0, 1256.7485116440403, 451.9541780095127], [0.0, 0.0, 1.0]], [[1254.9860565800168, 0.0, 829.5769333630991], [0.0, 1254.9860565800168, 467.1680561863987], [0.0, 0.0, 1.0]], [[796.8910634503094, 0.0, 857.7774326863696], [0.0, 796.8910634503094, 476.8848988407415], [0.0, 0.0, 1.0]], [[1249.9629280788233, 0.0, 825.3768045375984], [0.0, 1249.9629280788233, 462.54816385708756], [0.0, 0.0, 1.0]]], "extrinsics": [[[0.8227729201316833, -0.5679455399513245, 0.021967219188809395, -0.84283447265625], [0.02709914930164814, 0.0005938943941146135, -0.9996325969696045, 1.4936037063598633], [0.56772381067276, 0.823065996170044, 0.01587948203086853, -1.223388671875], [0.0, 0.0, 0.0, 1.0]], [[0.010953162796795368, -0.9999321103096008, 0.003976006060838699, 0.00830078125], [0.02908979170024395, -0.0036559191066771746, -0.9995701313018799, 1.4848365783691406], [0.9995167851448059, 0.011064138263463974, 0.029047774150967598, -1.574371337890625], [0.0, 0.0, 0.0, 1.0]], [[-0.8433026075363159, -0.5368738174438477, -0.024641521275043488, 0.9874267578125], [0.037146929651498795, -0.012486196123063564, -0.99923175573349, 1.4976391792297363], [0.5361536741256714, -0.8435701131820679, 0.030472857877612114, -1.211181640625], [0.0, 0.0, 0.0, 1.0]], [[0.9477488994598389, 0.3187861442565918, 0.012141667306423187, -1.14764404296875], [0.01203101221472025, 0.0023162136785686016, -0.999924898147583, 1.561997413635254], [-0.31879034638404846, 0.9478238224983215, -0.0016401311149820685, -0.1549072265625], [0.0, 0.0, 0.0, 1.0]], [[0.008923075161874294, 0.9999476671218872, -0.005001972895115614, -0.028564453125], [0.014067492447793484, -0.005127204582095146, -0.9998878240585327, 1.5686631202697754], [-0.9998612403869629, 0.008851693943142891, -0.014112508855760098, 0.00177001953125], [0.0, 0.0, 0.0, 1.0]], [[-0.9235697388648987, 0.3824516832828522, -0.027379870414733887, 1.079925537109375], [0.018159106373786926, -0.027699308469891548, -0.9994513392448425, 1.5494155883789062], [-0.3830002248287201, -0.9235602021217346, 0.018637262284755707, -0.076416015625], [0.0, 0.0, 0.0, 1.0]]], "view": [[0.0, -2.0, 100.0], [-2.0, 0.0, 100.0], [0.0, 0.0, 1.0]], "bev": "bev_73a3e6b8189f445baf70c080117d3bf6.png", "aux": "aux_73a3e6b8189f445baf70c080117d3bf6.npz", "visibility": "visibility_73a3e6b8189f445baf70c080117d3bf6.png", "pose": [[-0.761435329914093, -0.648240864276886, 0.0, 1323.6890869140625], [0.648240864276886, -0.761435329914093, 0.0, 1031.918701171875], [0.0, 0.0, 1.0, 0.0], [0.0, 0.0, 0.0, 1.0]], "pose_inverse": [[-0.761435329914093, 0.648240864276886, 0.0, 338.9717712402344], [-0.648240864276886, -0.761435329914093, 0.0, 1643.8087158203125], [0.0, 0.0, 1.0, 0.0], [0.0, 0.0, 0.0, 1.0]], "cam_ids": [0, 1, 2, 3, 4, 5], "cam_channels": ["CAM_FRONT_LEFT", "CAM_FRONT", "CAM_FRONT_RIGHT", "CAM_BACK_LEFT", "CAM_BACK", "CAM_BACK_RIGHT"], "token": "73a3e6b8189f445baf70c080117d3bf6", "scene": "scene-0096"}, {"images": ["samples/CAM_FRONT_LEFT/n008-2018-08-01-15-16-36-0400__CAM_FRONT_LEFT__1533151271904799.jpg", "samples/CAM_FRONT/n008-2018-08-01-15-16-36-0400__CAM_FRONT__1533151271912404.jpg", "samples/CAM_FRONT_RIGHT/n008-2018-08-01-15-16-36-0400__CAM_FRONT_RIGHT__1533151271920482.jpg", "samples/CAM_BACK_LEFT/n008-2018-08-01-15-16-36-0400__CAM_BACK_LEFT__1533151271947405.jpg", "samples/CAM_BACK/n008-2018-08-01-15-16-36-0400__CAM_BACK__1533151271937558.jpg", "samples/CAM_BACK_RIGHT/n008-2018-08-01-15-16-36-0400__CAM_BACK_RIGHT__1533151271928113.jpg"], "intrinsics": [[[1257.8625342125129, 0.0, 827.2410631095686], [0.0, 1257.8625342125129, 450.915498205774], [0.0, 0.0, 1.0]], [[1252.8131021185304, 0.0, 826.588114781398], [0.0, 1252.8131021185304, 469.9846626224581], [0.0, 0.0, 1.0]], [[1256.7485116440405, 0.0, 817.7887570959712], [0.0, 1256.7485116440403, 451.9541780095127], [0.0, 0.0, 1.0]], [[1254.9860565800168, 0.0, 829.5769333630991], [0.0, 1254.9860565800168, 467.1680561863987], [0.0, 0.0, 1.0]], [[796.8910634503094, 0.0, 857.7774326863696], [0.0, 796.8910634503094, 476.8848988407415], [0.0, 0.0, 1.0]], [[1249.9629280788233, 0.0, 825.3768045375984], [0.0, 1249.9629280788233, 462.54816385708756], [0.0, 0.0, 1.0]]], "extrinsics": [[[0.8231337666511536, -0.5672987699508667, 0.024960283190011978, -0.83343505859375], [0.028251182287931442, -0.0029890905134379864, -0.9995964169502258, 1.4941561222076416], [0.5671444535255432, 0.8235066533088684, 0.013566439040005207, -1.2171630859375], [0.0, 0.0, 0.0, 1.0]], [[0.011559593491256237, -0.9999062418937683, 0.007338118739426136, 0.0086669921875], [0.030269956216216087, -0.006985327694565058, -0.9995173811912537, 1.4853299856185913], [0.999474823474884, 0.011776100844144821, 0.030186371877789497, -1.5645751953125], [0.0, 0.0, 0.0, 1.0]], [[-0.8429814577102661, -0.537406861782074, -0.02400348149240017, 0.98095703125], [0.038358479738235474, -0.015542363747954369, -0.9991431832313538, 1.4981060028076172], [0.5365732312202454, -0.8431798815727234, 0.03371603414416313, -1.20654296875], [0.0, 0.0, 0.0, 1.0]], [[0.9477576613426208, 0.3187585473060608, 0.012188243679702282, -1.14495849609375], [0.012897880747914314, -0.00011556065146578476, -0.9999168515205383, 1.56203293800354], [-0.3187306225299835, 0.9478359222412109, -0.004220831673592329, -0.1558837890625], [0.0, 0.0, 0.0, 1.0]], [[0.008711614646017551, 0.9999335408210754, -0.007546281907707453, -0.02880859375], [0.015065732412040234, -0.007676958572119474, -0.9998570084571838, 1.5687756538391113], [-0.9998485445976257, 0.008596724830567837, -0.015131614170968533, -0.00286865234375], [0.0, 0.0, 0.0, 1.0]], [[-0.9237193465232849, 0.38193029165267944, -0.02952432632446289, 1.074127197265625], [0.019329695031046867, -0.030502568930387497, -0.9993477463722229, 1.549652099609375], [-0.3825817108154297, -0.9236875772476196, 0.020793220028281212, -0.07861328125], [0.0, 0.0, 0.0, 1.0]]], "view": [[0.0, -2.0, 100.0], [-2.0, 0.0, 100.0], [0.0, 0.0, 1.0]], "bev": "bev_67cc592aa2b94371a450ca2c7f4397ce.png", "aux": "aux_67cc592aa2b94371a450ca2c7f4397ce.npz", "visibility": "visibility_67cc592aa2b94371a450ca2c7f4397ce.png", "pose": [[-0.7519855499267578, -0.6591795682907104, 0.0, 1321.9151611328125], [0.6591795682907104, -0.7519855499267578, 0.0, 1033.46240234375], [0.0, 0.0, 1.0, 0.0], [0.0, 0.0, 0.0, 1.0]], "pose_inverse": [[-0.7519855499267578, 0.6591795682907104, 0.0, 312.82379150390625], [-0.6591795682907104, -0.7519855499267578, 0.0, 1648.5283203125], [0.0, 0.0, 1.0, 0.0], [0.0, 0.0, 0.0, 1.0]], "cam_ids": [0, 1, 2, 3, 4, 5], "cam_channels": ["CAM_FRONT_LEFT", "CAM_FRONT", "CAM_FRONT_RIGHT", "CAM_BACK_LEFT", "CAM_BACK", "CAM_BACK_RIGHT"], "token": "67cc592aa2b94371a450ca2c7f4397ce", "scene": "scene-0096"}, {"images": ["samples/CAM_FRONT_LEFT/n008-2018-08-01-15-16-36-0400__CAM_FRONT_LEFT__1533151272404799.jpg", "samples/CAM_FRONT/n008-2018-08-01-15-16-36-0400__CAM_FRONT__1533151272412404.jpg", "samples/CAM_FRONT_RIGHT/n008-2018-08-01-15-16-36-0400__CAM_FRONT_RIGHT__1533151272420482.jpg", "samples/CAM_BACK_LEFT/n008-2018-08-01-15-16-36-0400__CAM_BACK_LEFT__1533151272447409.jpg", "samples/CAM_BACK/n008-2018-08-01-15-16-36-0400__CAM_BACK__1533151272439471.jpg", "samples/CAM_BACK_RIGHT/n008-2018-08-01-15-16-36-0400__CAM_BACK_RIGHT__1533151272428113.jpg"], "intrinsics": [[[1257.8625342125129, 0.0, 827.2410631095686], [0.0, 1257.8625342125129, 450.915498205774], [0.0, 0.0, 1.0]], [[1252.8131021185304, 0.0, 826.588114781398], [0.0, 1252.8131021185304, 469.9846626224581], [0.0, 0.0, 1.0]], [[1256.7485116440405, 0.0, 817.7887570959712], [0.0, 1256.7485116440403, 451.9541780095127], [0.0, 0.0, 1.0]], [[1254.9860565800168, 0.0, 829.5769333630991], [0.0, 1254.9860565800168, 467.1680561863987], [0.0, 0.0, 1.0]], [[796.8910634503094, 0.0, 857.7774326863696], [0.0, 796.8910634503094, 476.8848988407415], [0.0, 0.0, 1.0]], [[1249.9629280788233, 0.0, 825.3768045375984], [0.0, 1249.9629280788233, 462.54816385708756], [0.0, 0.0, 1.0]]], "extrinsics": [[[0.8229548931121826, -0.567560613155365, 0.024902736768126488, -0.8079833984375], [0.025448841974139214, -0.006961047183722258, -0.9996518492698669, 1.4943652153015137], [0.5675364136695862, 0.8233022093772888, 0.008715130388736725, -1.199462890625], [0.0, 0.0, 0.0, 1.0]], [[0.011162815615534782, -0.9998733401298523, 0.011337765492498875, 0.0087890625], [0.027337869629263878, -0.011029066517949104, -0.9995654225349426, 1.4855403900146484], [0.9995638728141785, 0.01146786194294691, 0.02721129171550274, -1.538848876953125], [0.0, 0.0, 0.0, 1.0]], [[-0.8432638049125671, -0.537156343460083, -0.019210517406463623, 0.9635009765625], [0.03528796508908272, -0.01966322958469391, -0.999183714389801, 1.4984302520751953], [0.5363401770591736, -0.8432534337043762, 0.03553645312786102, -1.1954345703125], [0.0, 0.0, 0.0, 1.0]], [[0.9477800726890564, 0.3188333809375763, 0.007615262176841497, -1.14593505859375], [0.00962084997445345, -0.004716027062386274, -0.9999426007270813, 1.5620241165161133], [-0.3187791705131531, 0.947799026966095, -0.007537206634879112, -0.1553955078125], [0.0, 0.0, 0.0, 1.0]], [[0.008900592103600502, 0.9998884201049805, -0.011995998211205006, -0.02880859375], [0.011804105713963509, -0.012100697495043278, -0.9998570680618286, 1.5685815811157227], [-0.9998906850814819, 0.008757679723203182, -0.01191049162298441, 0.00091552734375], [0.0, 0.0, 0.0, 1.0]], [[-0.9236652851104736, 0.38216182589530945, -0.028187638148665428, 1.059600830078125], [0.01613355055451393, -0.034710366278886795, -0.9992671608924866, 1.5496063232421875], [-0.38286009430885315, -0.9234432578086853, 0.025895139202475548, -0.0845947265625], [0.0, 0.0, 0.0, 1.0]]], "view": [[0.0, -2.0, 100.0], [-2.0, 0.0, 100.0], [0.0, 0.0, 1.0]], "bev": "bev_421215a3574d445db2bac0574bb34b67.png", "aux": "aux_421215a3574d445db2bac0574bb34b67.npz", "visibility": "visibility_421215a3574d445db2bac0574bb34b67.png", "pose": [[-0.7445417642593384, -0.6675758361816406, 0.0, 1319.9613037109375], [0.6675758361816406, -0.7445417642593384, 0.0, 1035.21875], [0.0, 0.0, 1.0, 0.0], [0.0, 0.0, 0.0, 1.0]], "pose_inverse": [[-0.7445417642593384, 0.6675758361816406, 0.0, 291.6792907714844], [-0.6675758361816406, -0.7445417642593384, 0.0, 1651.9378662109375], [0.0, 0.0, 1.0, 0.0], [0.0, 0.0, 0.0, 1.0]], "cam_ids": [0, 1, 2, 3, 4, 5], "cam_channels": ["CAM_FRONT_LEFT", "CAM_FRONT", "CAM_FRONT_RIGHT", "CAM_BACK_LEFT", "CAM_BACK", "CAM_BACK_RIGHT"], "token": "421215a3574d445db2bac0574bb34b67", "scene": "scene-0096"}, {"images": ["samples/CAM_FRONT_LEFT/n008-2018-08-01-15-16-36-0400__CAM_FRONT_LEFT__1533151272904799.jpg", "samples/CAM_FRONT/n008-2018-08-01-15-16-36-0400__CAM_FRONT__1533151272912404.jpg", "samples/CAM_FRONT_RIGHT/n008-2018-08-01-15-16-36-0400__CAM_FRONT_RIGHT__1533151272920482.jpg", "samples/CAM_BACK_LEFT/n008-2018-08-01-15-16-36-0400__CAM_BACK_LEFT__1533151272947405.jpg", "samples/CAM_BACK/n008-2018-08-01-15-16-36-0400__CAM_BACK__1533151272937558.jpg", "samples/CAM_BACK_RIGHT/n008-2018-08-01-15-16-36-0400__CAM_BACK_RIGHT__1533151272928113.jpg"], "intrinsics": [[[1257.8625342125129, 0.0, 827.2410631095686], [0.0, 1257.8625342125129, 450.915498205774], [0.0, 0.0, 1.0]], [[1252.8131021185304, 0.0, 826.588114781398], [0.0, 1252.8131021185304, 469.9846626224581], [0.0, 0.0, 1.0]], [[1256.7485116440405, 0.0, 817.7887570959712], [0.0, 1256.7485116440403, 451.9541780095127], [0.0, 0.0, 1.0]], [[1254.9860565800168, 0.0, 829.5769333630991], [0.0, 1254.9860565800168, 467.1680561863987], [0.0, 0.0, 1.0]], [[796.8910634503094, 0.0, 857.7774326863696], [0.0, 796.8910634503094, 476.8848988407415], [0.0, 0.0, 1.0]], [[1249.9629280788233, 0.0, 825.3768045375984], [0.0, 1249.9629280788233, 462.54816385708756], [0.0, 0.0, 1.0]]], "extrinsics": [[[0.8217037320137024, -0.5694069862365723, 0.02405647002160549, -0.7974853515625], [0.02182099223136902, -0.010746194049715996, -0.999704122543335, 1.4937992095947266], [0.5694969892501831, 0.8219855427742004, 0.0035948343575000763, -1.1920166015625], [0.0, 0.0, 0.0, 1.0]], [[0.009220326319336891, -0.9998432993888855, 0.015110265463590622, 0.009033203125], [0.023770039901137352, -0.014887485653162003, -0.9996066093444824, 1.4851112365722656], [0.999674916267395, 0.009575915522873402, 0.023629046976566315, -1.5277099609375], [0.0, 0.0, 0.0, 1.0]], [[-0.8441890478134155, -0.5358578562736511, -0.014190315268933773, 0.956787109375], [0.031780924648046494, -0.023606855422258377, -0.9992160201072693, 1.4981746673583984], [0.5351026654243469, -0.8439781665802002, 0.03695870563387871, -1.1910400390625], [0.0, 0.0, 0.0, 1.0]], [[0.9479056596755981, 0.3185330331325531, 0.003367409575730562, -1.143310546875], [0.006419749930500984, -0.008533180691301823, -0.9999430179595947, 1.5620460510253906], [-0.31848621368408203, 0.9478732943534851, -0.01013355515897274, -0.15625], [0.0, 0.0, 0.0, 1.0]], [[0.009627299383282661, 0.9998266100883484, -0.01593686081469059, -0.02880859375], [0.008498173207044601, -0.016018830239772797, -0.9998355507850647, 1.568572998046875], [-0.9999175071716309, 0.00949027668684721, -0.008650919422507286, -0.0146484375], [0.0, 0.0, 0.0, 1.0]], [[-0.9232746958732605, 0.38322004675865173, -0.026574958115816116, 1.054412841796875], [0.0127031235024333, -0.038683902472257614, -0.99917072057724, 1.5493049621582031], [-0.3839302957057953, -0.9228465557098389, 0.03084777668118477, -0.0869140625], [0.0, 0.0, 0.0, 1.0]]], "view": [[0.0, -2.0, 100.0], [-2.0, 0.0, 100.0], [0.0, 0.0, 1.0]], "bev": "bev_3d905993341a42da8a4a951fb439682b.png", "aux": "aux_3d905993341a42da8a4a951fb439682b.npz", "visibility": "visibility_3d905993341a42da8a4a951fb439682b.png", "pose": [[-0.745522677898407, -0.6664802432060242, 0.0, 1317.865478515625], [0.6664802432060242, -0.745522677898407, 0.0, 1037.126708984375], [0.0, 0.0, 1.0, 0.0], [0.0, 0.0, 0.0, 1.0]], "pose_inverse": [[-0.745522677898407, 0.6664802432060242, 0.0, 291.2741394042969], [-0.6664802432060242, -0.745522677898407, 0.0, 1651.5328369140625], [0.0, 0.0, 1.0, 0.0], [0.0, 0.0, 0.0, 1.0]], "cam_ids": [0, 1, 2, 3, 4, 5], "cam_channels": ["CAM_FRONT_LEFT", "CAM_FRONT", "CAM_FRONT_RIGHT", "CAM_BACK_LEFT", "CAM_BACK", "CAM_BACK_RIGHT"], "token": "3d905993341a42da8a4a951fb439682b", "scene": "scene-0096"}, {"images": ["samples/CAM_FRONT_LEFT/n008-2018-08-01-15-16-36-0400__CAM_FRONT_LEFT__1533151273404799.jpg", "samples/CAM_FRONT/n008-2018-08-01-15-16-36-0400__CAM_FRONT__1533151273412404.jpg", "samples/CAM_FRONT_RIGHT/n008-2018-08-01-15-16-36-0400__CAM_FRONT_RIGHT__1533151273420482.jpg", "samples/CAM_BACK_LEFT/n008-2018-08-01-15-16-36-0400__CAM_BACK_LEFT__1533151273447405.jpg", "samples/CAM_BACK/n008-2018-08-01-15-16-36-0400__CAM_BACK__1533151273437558.jpg", "samples/CAM_BACK_RIGHT/n008-2018-08-01-15-16-36-0400__CAM_BACK_RIGHT__1533151273428113.jpg"], "intrinsics": [[[1257.8625342125129, 0.0, 827.2410631095686], [0.0, 1257.8625342125129, 450.915498205774], [0.0, 0.0, 1.0]], [[1252.8131021185304, 0.0, 826.588114781398], [0.0, 1252.8131021185304, 469.9846626224581], [0.0, 0.0, 1.0]], [[1256.7485116440405, 0.0, 817.7887570959712], [0.0, 1256.7485116440403, 451.9541780095127], [0.0, 0.0, 1.0]], [[1254.9860565800168, 0.0, 829.5769333630991], [0.0, 1254.9860565800168, 467.1680561863987], [0.0, 0.0, 1.0]], [[796.8910634503094, 0.0, 857.7774326863696], [0.0, 796.8910634503094, 476.8848988407415], [0.0, 0.0, 1.0]], [[1249.9629280788233, 0.0, 825.3768045375984], [0.0, 1249.9629280788233, 462.54816385708756], [0.0, 0.0, 1.0]]], "extrinsics": [[[0.8214350342750549, -0.57026606798172, 0.006412611808627844, -0.78692626953125], [0.007975690998136997, 0.00024393285275436938, -0.9999681115150452, 1.4903976917266846], [0.5702463388442993, 0.8214600682258606, 0.00474863825365901, -1.1845703125], [0.0, 0.0, 0.0, 1.0]], [[0.008632302284240723, -0.9999523758888245, 0.004562338814139366, 0.0089111328125], [0.010038239881396294, -0.004475624766200781, -0.9999396204948425, 1.4823517799377441], [0.9999123215675354, 0.008677590638399124, 0.009999126195907593, -1.517578125], [0.0, 0.0, 0.0, 1.0]], [[-0.8446440696716309, -0.5352692008018494, -0.00795698631554842, 0.9498291015625], [0.0181721281260252, -0.013813737779855728, -0.999739408493042, 1.4961280822753906], [0.5350198149681091, -0.84456866979599, 0.021394670009613037, -1.187255859375], [0.0, 0.0, 0.0, 1.0]], [[0.9479188919067383, 0.31844931840896606, -0.006312750279903412, -1.14385986328125], [-0.0063925874419510365, -0.0007943637319840491, -0.9999792575836182, 1.5620430707931519], [-0.31844770908355713, 0.9479395151138306, 0.0012827226892113686, -0.1561279296875], [0.0, 0.0, 0.0, 1.0]], [[0.00973719172179699, 0.999923586845398, -0.0076174247078597546, -0.0284423828125], [-0.004604353103786707, -0.007572871167212725, -0.999960720539093, 1.5677833557128906], [-0.9999420046806335, 0.009771824814379215, 0.004530262667685747, -0.0169677734375], [0.0, 0.0, 0.0, 1.0]], [[-0.923362672328949, 0.3837812840938568, -0.010643599554896355, 1.049652099609375], [-0.0007314934628084302, -0.02948138862848282, -0.999565064907074, 1.5477447509765625], [-0.3839280903339386, -0.9229533076286316, 0.027502747252583504, -0.089111328125], [0.0, 0.0, 0.0, 1.0]]], "view": [[0.0, -2.0, 100.0], [-2.0, 0.0, 100.0], [0.0, 0.0, 1.0]], "bev": "bev_d66a316ffd914123b6324efc5b30c15b.png", "aux": "aux_d66a316ffd914123b6324efc5b30c15b.npz", "visibility": "visibility_d66a316ffd914123b6324efc5b30c15b.png", "pose": [[-0.7583073377609253, -0.6518972516059875, 0.0, 1315.5745849609375], [0.6518972516059875, -0.7583073377609253, 0.0, 1039.167724609375], [0.0, 0.0, 1.0, 0.0], [0.0, 0.0, 0.0, 1.0]], "pose_inverse": [[-0.7583073377609253, 0.6518972516059875, 0.0, 320.1792297363281], [-0.6518972516059875, -0.7583073377609253, 0.0, 1645.6279296875], [0.0, 0.0, 1.0, 0.0], [0.0, 0.0, 0.0, 1.0]], "cam_ids": [0, 1, 2, 3, 4, 5], "cam_channels": ["CAM_FRONT_LEFT", "CAM_FRONT", "CAM_FRONT_RIGHT", "CAM_BACK_LEFT", "CAM_BACK", "CAM_BACK_RIGHT"], "token": "d66a316ffd914123b6324efc5b30c15b", "scene": "scene-0096"}, {"images": ["samples/CAM_FRONT_LEFT/n008-2018-08-01-15-16-36-0400__CAM_FRONT_LEFT__1533151274004799.jpg", "samples/CAM_FRONT/n008-2018-08-01-15-16-36-0400__CAM_FRONT__1533151274012404.jpg", "samples/CAM_FRONT_RIGHT/n008-2018-08-01-15-16-36-0400__CAM_FRONT_RIGHT__1533151274020482.jpg", "samples/CAM_BACK_LEFT/n008-2018-08-01-15-16-36-0400__CAM_BACK_LEFT__1533151274047405.jpg", "samples/CAM_BACK/n008-2018-08-01-15-16-36-0400__CAM_BACK__1533151274037558.jpg", "samples/CAM_BACK_RIGHT/n008-2018-08-01-15-16-36-0400__CAM_BACK_RIGHT__1533151274028113.jpg"], "intrinsics": [[[1257.8625342125129, 0.0, 827.2410631095686], [0.0, 1257.8625342125129, 450.915498205774], [0.0, 0.0, 1.0]], [[1252.8131021185304, 0.0, 826.588114781398], [0.0, 1252.8131021185304, 469.9846626224581], [0.0, 0.0, 1.0]], [[1256.7485116440405, 0.0, 817.7887570959712], [0.0, 1256.7485116440403, 451.9541780095127], [0.0, 0.0, 1.0]], [[1254.9860565800168, 0.0, 829.5769333630991], [0.0, 1254.9860565800168, 467.1680561863987], [0.0, 0.0, 1.0]], [[796.8910634503094, 0.0, 857.7774326863696], [0.0, 796.8910634503094, 476.8848988407415], [0.0, 0.0, 1.0]], [[1249.9629280788233, 0.0, 825.3768045375984], [0.0, 1249.9629280788233, 462.54816385708756], [0.0, 0.0, 1.0]]], "extrinsics": [[[0.8218064904212952, -0.5696267485618591, 0.01262303814291954, -0.77880859375], [0.010921185836195946, -0.006402303930372, -0.9999198317527771, 1.4912981986999512], [0.5696620345115662, 0.8218785524368286, 0.0009595437441021204, -1.1795654296875], [0.0, 0.0, 0.0, 1.0]], [[0.00919317826628685, -0.999897837638855, 0.010941362008452415, 0.009521484375], [0.012885077856481075, -0.010822462849318981, -0.9998583793640137, 1.4830846786499023], [0.9998747110366821, 0.009332863613963127, 0.012784267775714397, -1.51007080078125], [0.0, 0.0, 0.0, 1.0]], [[-0.8443852066993713, -0.535690188407898, -0.007034721318632364, 0.9456787109375], [0.020914176478981972, -0.01983949914574623, -0.9995843768119812, 1.496713638305664], [0.5353280305862427, -0.844181478023529, 0.02795570157468319, -1.183837890625], [0.0, 0.0, 0.0, 1.0]], [[0.9479283094406128, 0.3184322416782379, -0.005736385937780142, -1.1461181640625], [-0.004199172370135784, -0.0055136787705123425, -0.9999759793281555, 1.5620479583740234], [-0.3184562027454376, 0.9479296207427979, -0.003889423096552491, -0.1549072265625], [0.0, 0.0, 0.0, 1.0]], [[0.009594572708010674, 0.9998725056648254, -0.012766419909894466, -0.0286865234375], [-0.002242353744804859, -0.01274546142667532, -0.9999162554740906, 1.5679264068603516], [-0.9999514818191528, 0.009622326120734215, 0.002119780518114567, -0.017486572265625], [0.0, 0.0, 0.0, 1.0]], [[-0.9234499335289001, 0.3834170699119568, -0.015214158222079277, 1.046173095703125], [0.0018637588946148753, -0.03516700863838196, -0.9993797540664673, 1.5480842590332031], [-0.38371431827545166, -0.9229055047035217, 0.03176037594676018, -0.090087890625], [0.0, 0.0, 0.0, 1.0]]], "view": [[0.0, -2.0, 100.0], [-2.0, 0.0, 100.0], [0.0, 0.0, 1.0]], "bev": "bev_fd27366f4f1c4df3ae73e27f8d469db1.png", "aux": "aux_fd27366f4f1c4df3ae73e27f8d469db1.npz", "visibility": "visibility_fd27366f4f1c4df3ae73e27f8d469db1.png", "pose": [[-0.7733789086341858, -0.633944034576416, 0.0, 1312.697265625], [0.633944034576416, -0.7733789086341858, 0.0, 1041.612548828125], [0.0, 0.0, 1.0, 0.0], [0.0, 0.0, 0.0, 1.0]], "pose_inverse": [[-0.7733789086341858, 0.633944034576416, 0.0, 354.8883056640625], [-0.633944034576416, -0.7733789086341858, 0.0, 1637.73779296875], [0.0, 0.0, 1.0, 0.0], [0.0, 0.0, 0.0, 1.0]], "cam_ids": [0, 1, 2, 3, 4, 5], "cam_channels": ["CAM_FRONT_LEFT", "CAM_FRONT", "CAM_FRONT_RIGHT", "CAM_BACK_LEFT", "CAM_BACK", "CAM_BACK_RIGHT"], "token": "fd27366f4f1c4df3ae73e27f8d469db1", "scene": "scene-0096"}, {"images": ["samples/CAM_FRONT_LEFT/n008-2018-08-01-15-16-36-0400__CAM_FRONT_LEFT__1533151274504799.jpg", "samples/CAM_FRONT/n008-2018-08-01-15-16-36-0400__CAM_FRONT__1533151274512404.jpg", "samples/CAM_FRONT_RIGHT/n008-2018-08-01-15-16-36-0400__CAM_FRONT_RIGHT__1533151274520482.jpg", "samples/CAM_BACK_LEFT/n008-2018-08-01-15-16-36-0400__CAM_BACK_LEFT__1533151274547405.jpg", "samples/CAM_BACK/n008-2018-08-01-15-16-36-0400__CAM_BACK__1533151274537558.jpg", "samples/CAM_BACK_RIGHT/n008-2018-08-01-15-16-36-0400__CAM_BACK_RIGHT__1533151274528113.jpg"], "intrinsics": [[[1257.8625342125129, 0.0, 827.2410631095686], [0.0, 1257.8625342125129, 450.915498205774], [0.0, 0.0, 1.0]], [[1252.8131021185304, 0.0, 826.588114781398], [0.0, 1252.8131021185304, 469.9846626224581], [0.0, 0.0, 1.0]], [[1256.7485116440405, 0.0, 817.7887570959712], [0.0, 1256.7485116440403, 451.9541780095127], [0.0, 0.0, 1.0]], [[1254.9860565800168, 0.0, 829.5769333630991], [0.0, 1254.9860565800168, 467.1680561863987], [0.0, 0.0, 1.0]], [[796.8910634503094, 0.0, 857.7774326863696], [0.0, 796.8910634503094, 476.8848988407415], [0.0, 0.0, 1.0]], [[1249.9629280788233, 0.0, 825.3768045375984], [0.0, 1249.9629280788233, 462.54816385708756], [0.0, 0.0, 1.0]]], "extrinsics": [[[0.8216823935508728, -0.5693645477294922, 0.02573016658425331, -0.76312255859375], [0.02599329687654972, -0.007662015967071056, -0.9996327757835388, 1.4959309101104736], [0.5693526864051819, 0.8220494985580444, 0.00850391760468483, -1.16748046875], [0.0, 0.0, 0.0, 1.0]], [[0.009307008236646652, -0.9998812079429626, 0.012283320538699627, 0.0087890625], [0.028028221800923347, -0.012018175795674324, -0.9995349049568176, 1.4869403839111328], [0.9995637536048889, 0.009646899066865444, 0.027913039550185204, -1.49359130859375], [0.0, 0.0, 0.0, 1.0]], [[-0.8440335988998413, -0.5359438061714172, -0.019275492057204247, 0.9342041015625], [0.03612995520234108, -0.02096531167626381, -0.9991271495819092, 1.4998054504394531], [0.5350719094276428, -0.8439933657646179, 0.03705905005335808, -1.1773681640625], [0.0, 0.0, 0.0, 1.0]], [[0.947826087474823, 0.31868046522140503, 0.008284354582428932, -1.14154052734375], [0.011073051020503044, -0.006940118037164211, -0.9999145865440369, 1.5620732307434082], [-0.3185957968235016, 0.9478367567062378, -0.010106789879500866, -0.156982421875], [0.0, 0.0, 0.0, 1.0]], [[0.009530278854072094, 0.999858558177948, -0.013854301534593105, -0.0283203125], [0.013090749271214008, -0.01397849339991808, -0.9998165965080261, 1.5689716339111328], [-0.9998689293861389, 0.009347226470708847, -0.0