[{"images": ["samples/CAM_FRONT_LEFT/n015-2018-11-21-19-38-26+0800__CAM_FRONT_LEFT__1542800327904844.jpg", "samples/CAM_FRONT/n015-2018-11-21-19-38-26+0800__CAM_FRONT__1542800327912460.jpg", "samples/CAM_FRONT_RIGHT/n015-2018-11-21-19-38-26+0800__CAM_FRONT_RIGHT__1542800327920339.jpg", "samples/CAM_BACK_LEFT/n015-2018-11-21-19-38-26+0800__CAM_BACK_LEFT__1542800327947426.jpg", "samples/CAM_BACK/n015-2018-11-21-19-38-26+0800__CAM_BACK__1542800327937525.jpg", "samples/CAM_BACK_RIGHT/n015-2018-11-21-19-38-26+0800__CAM_BACK_RIGHT__1542800327927893.jpg"], "intrinsics": [[[1272.5979470598488, 0.0, 826.6154927353808], [0.0, 1272.5979470598488, 479.75165386361925], [0.0, 0.0, 1.0]], [[1266.417203046554, 0.0, 816.2670197447984], [0.0, 1266.417203046554, 491.50706579294757], [0.0, 0.0, 1.0]], [[1260.8474446004698, 0.0, 807.968244525554], [0.0, 1260.8474446004698, 495.3344268742088], [0.0, 0.0, 1.0]], [[1256.7414812095406, 0.0, 792.1125740759628], [0.0, 1256.7414812095406, 492.7757465151356], [0.0, 0.0, 1.0]], [[809.2209905677063, 0.0, 829.2196003259838], [0.0, 809.2209905677063, 481.77842384512485], [0.0, 0.0, 1.0]], [[1259.5137405846733, 0.0, 807.2529053838625], [0.0, 1259.5137405846733, 501.19579884916527], [0.0, 0.0, 1.0]]], "extrinsics": [[[0.8203754425048828, -0.571736216545105, 0.010088582523167133, -0.4119873046875], [0.01617894135415554, 0.005571977701038122, -0.9998535513877869, 1.5191268920898438], [0.5715962648391724, 0.8204185366630554, 0.013821201398968697, -0.8968505859375], [0.0, 0.0, 0.0, 1.0]], [[0.0052231792360544205, -0.9999856352806091, -0.0011861597886309028, 0.00933837890625], [0.010867312550544739, 0.0012428683694452047, -0.9999402165412903, 1.5265369415283203], [0.999927282333374, 0.005209974944591522, 0.010873647406697273, -1.139892578125], [0.0, 0.0, 0.0, 1.0]], [[-0.8328647613525391, -0.5529652833938599, -0.023782765492796898, 0.67578125], [0.01648225262761116, 0.018171336501836777, -0.9996989965438843, 1.5106964111328125], [0.5532310009002686, -0.8330060839653015, -0.006020152010023594, -1.010986328125], [0.0, 0.0, 0.0, 1.0]], [[0.9476856589317322, 0.31859007477760315, 0.019805170595645905, -1.140380859375], [0.025364650413393974, -0.013310751877725124, -0.9995896220207214, 1.5885848999023438], [-0.3181957006454468, 0.9477990865707397, -0.020695334300398827, -0.103240966796875], [0.0, 0.0, 0.0, 1.0]], [[0.0026552972849458456, 0.9999924898147583, -0.002842280548065901, 0.0030517578125], [-0.00019187307043466717, -0.002841781359165907, -0.9999959468841553, 1.5793246030807495], [-0.9999964237213135, 0.002655904972925782, 0.0001843259233282879, -0.156005859375], [0.0, 0.0, 0.0, 1.0]], [[-0.9343726634979248, 0.3553697168827057, -0.025689704343676567, 0.8466796875], [0.03237340599298477, 0.012873120605945587, -0.9993929266929626, 1.56146240234375], [-0.3548233211040497, -0.934637188911438, -0.023532822728157043, -0.1728515625], [0.0, 0.0, 0.0, 1.0]]], "view": [[0.0, -2.0, 100.0], [-2.0, 0.0, 100.0], [0.0, 0.0, 1.0]], "bev": "bev_8f11300c2f5d47aca83db71bb7f28412.png", "aux": "aux_8f11300c2f5d47aca83db71bb7f28412.npz", "visibility": "visibility_8f11300c2f5d47aca83db71bb7f28412.png", "pose": [[-0.5710723996162415, 0.8208996653556824, 0.0, 869.4154052734375], [-0.8208996653556824, -0.5710723996162415, 0.0, 2400.255126953125], [0.0, 0.0, 1.0, 0.0], [0.0, 0.0, 0.0, 1.0]], "pose_inverse": [[-0.5710723996162415, -0.8208996653556824, 0.0, 2466.867919921875], [0.8208996653556824, -0.5710723996162415, 0.0, 657.0167236328125], [0.0, 0.0, 1.0, 0.0], [0.0, 0.0, 0.0, 1.0]], "cam_ids": [0, 1, 2, 3, 4, 5], "cam_channels": ["CAM_FRONT_LEFT", "CAM_FRONT", "CAM_FRONT_RIGHT", "CAM_BACK_LEFT", "CAM_BACK", "CAM_BACK_RIGHT"], "token": "8f11300c2f5d47aca83db71bb7f28412", "scene": "scene-1075"}, {"images": ["samples/CAM_FRONT_LEFT/n015-2018-11-21-19-38-26+0800__CAM_FRONT_LEFT__1542800328404844.jpg", "samples/CAM_FRONT/n015-2018-11-21-19-38-26+0800__CAM_FRONT__1542800328412460.jpg", "samples/CAM_FRONT_RIGHT/n015-2018-11-21-19-38-26+0800__CAM_FRONT_RIGHT__1542800328420339.jpg", "samples/CAM_BACK_LEFT/n015-2018-11-21-19-38-26+0800__CAM_BACK_LEFT__1542800328447423.jpg", "samples/CAM_BACK/n015-2018-11-21-19-38-26+0800__CAM_BACK__1542800328437525.jpg", "samples/CAM_BACK_RIGHT/n015-2018-11-21-19-38-26+0800__CAM_BACK_RIGHT__1542800328427893.jpg"], "intrinsics": [[[1272.5979470598488, 0.0, 826.6154927353808], [0.0, 1272.5979470598488, 479.75165386361925], [0.0, 0.0, 1.0]], [[1266.417203046554, 0.0, 816.2670197447984], [0.0, 1266.417203046554, 491.50706579294757], [0.0, 0.0, 1.0]], [[1260.8474446004698, 0.0, 807.968244525554], [0.0, 1260.8474446004698, 495.3344268742088], [0.0, 0.0, 1.0]], [[1256.7414812095406, 0.0, 792.1125740759628], [0.0, 1256.7414812095406, 492.7757465151356], [0.0, 0.0, 1.0]], [[809.2209905677063, 0.0, 829.2196003259838], [0.0, 809.2209905677063, 481.77842384512485], [0.0, 0.0, 1.0]], [[1259.5137405846733, 0.0, 807.2529053838625], [0.0, 1259.5137405846733, 501.19579884916527], [0.0, 0.0, 1.0]]], "extrinsics": [[[0.8205531239509583, -0.5710396766662598, 0.024624155834317207, -0.413818359375], [0.018859554082155228, -0.016008267179131508, -0.9996939897537231, 1.5209312438964844], [0.571259081363678, 0.8207663893699646, -0.002366079483181238, -0.9027099609375], [0.0, 0.0, 0.0, 1.0]], [[0.005806950852274895, -0.9997826218605042, 0.020026085898280144, 0.01287841796875], [0.013641998171806335, -0.019945356994867325, -0.9997079968452454, 1.5281028747558594], [0.999890148639679, 0.006078464910387993, 0.01352320984005928, -1.14453125], [0.0, 0.0, 0.0, 1.0]], [[-0.8324009776115417, -0.5539798736572266, -0.014656930230557919, 0.681396484375], [0.019337503239512444, -0.0026037341449409723, -0.9998095631599426, 1.5118560791015625], [0.5538362264633179, -0.832525908946991, 0.012879940681159496, -1.01031494140625], [0.0, 0.0, 0.0, 1.0]], [[0.9475587606430054, 0.3191569149494171, 0.016476120799779892, -1.14208984375], [0.028276285156607628, -0.03237450122833252, -0.999075710773468, 1.5885581970214844], [-0.31832846999168396, 0.9471487998962402, -0.03970131278038025, -0.1038360595703125], [0.0, 0.0, 0.0, 1.0]], [[0.002530003199353814, 0.9997414946556091, -0.022598791867494583, 0.0015869140625], [0.0027649656403809786, -0.02260577119886875, -0.9997406601905823, 1.579820156097412], [-0.999993085861206, 0.0024668858386576176, -0.0028214443009346724, -0.15283203125], [0.0, 0.0, 0.0, 1.0]], [[-0.934455156326294, 0.35429129004478455, -0.03565414249897003, 0.849609375], [0.03529275953769684, -0.0074837701395154, -0.9993489980697632, 1.562255859375], [-0.3543274700641632, -0.9351051449775696, -0.005510671529918909, -0.1690673828125], [0.0, 0.0, 0.0, 1.0]]], "view": [[0.0, -2.0, 100.0], [-2.0, 0.0, 100.0], [0.0, 0.0, 1.0]], "bev": "bev_8db6945a46484753a70d472d2309dcbf.png", "aux": "aux_8db6945a46484753a70d472d2309dcbf.npz", "visibility": "visibility_8db6945a46484753a70d472d2309dcbf.png", "pose": [[-0.5750320553779602, 0.8181309103965759, 0.0, 864.8580322265625], [-0.8181309103965759, -0.5750320553779602, 0.0, 2393.842529296875], [0.0, 0.0, 1.0, 0.0], [0.0, 0.0, 0.0, 1.0]], "pose_inverse": [[-0.5750320553779602, -0.8181309103965759, 0.0, 2455.797607421875], [0.8181309103965759, -0.5750320553779602, 0.0, 668.9690551757812], [0.0, 0.0, 1.0, 0.0], [0.0, 0.0, 0.0, 1.0]], "cam_ids": [0, 1, 2, 3, 4, 5], "cam_channels": ["CAM_FRONT_LEFT", "CAM_FRONT", "CAM_FRONT_RIGHT", "CAM_BACK_LEFT", "CAM_BACK", "CAM_BACK_RIGHT"], "token": "8db6945a46484753a70d472d2309dcbf", "scene": "scene-1075"}, {"images": ["samples/CAM_FRONT_LEFT/n015-2018-11-21-19-38-26+0800__CAM_FRONT_LEFT__1542800328904844.jpg", "samples/CAM_FRONT/n015-2018-11-21-19-38-26+0800__CAM_FRONT__1542800328912460.jpg", "samples/CAM_FRONT_RIGHT/n015-2018-11-21-19-38-26+0800__CAM_FRONT_RIGHT__1542800328920351.jpg", "samples/CAM_BACK_LEFT/n015-2018-11-21-19-38-26+0800__CAM_BACK_LEFT__1542800328947423.jpg", "samples/CAM_BACK/n015-2018-11-21-19-38-26+0800__CAM_BACK__1542800328937525.jpg", "samples/CAM_BACK_RIGHT/n015-2018-11-21-19-38-26+0800__CAM_BACK_RIGHT__1542800328927898.jpg"], "intrinsics": [[[1272.5979470598488, 0.0, 826.6154927353808], [0.0, 1272.5979470598488, 479.75165386361925], [0.0, 0.0, 1.0]], [[1266.417203046554, 0.0, 816.2670197447984], [0.0, 1266.417203046554, 491.50706579294757], [0.0, 0.0, 1.0]], [[1260.8474446004698, 0.0, 807.968244525554], [0.0, 1260.8474446004698, 495.3344268742088], [0.0, 0.0, 1.0]], [[1256.7414812095406, 0.0, 792.1125740759628], [0.0, 1256.7414812095406, 492.7757465151356], [0.0, 0.0, 1.0]], [[809.2209905677063, 0.0, 829.2196003259838], [0.0, 809.2209905677063, 481.77842384512485], [0.0, 0.0, 1.0]], [[1259.5137405846733, 0.0, 807.2529053838625], [0.0, 1259.5137405846733, 501.19579884916527], [0.0, 0.0, 1.0]]], "extrinsics": [[[0.8206327557563782, -0.570987343788147, 0.0231336560100317, -0.407470703125], [0.022399399429559708, -0.008310812525451183, -0.9997145533561707, 1.5234565734863281], [0.5710165500640869, 0.8209167718887329, 0.005969647783786058, -0.8929443359375], [0.0, 0.0, 0.0, 1.0]], [[0.005663685966283083, -0.9999071359634399, 0.012392537668347359, 0.0086669921875], [0.017128456383943558, -0.012293914332985878, -0.9997777342796326, 1.5301055908203125], [0.9998372197151184, 0.005874664522707462, 0.017057238146662712, -1.13427734375], [0.0, 0.0, 0.0, 1.0]], [[-0.8325449228286743, -0.5535309314727783, -0.021736126393079758, 0.671630859375], [0.022775990888476372, 0.0050009493716061115, -0.9997280836105347, 1.5135231018066406], [0.553489089012146, -0.832813560962677, 0.008443702012300491, -1.0084228515625], [0.0, 0.0, 0.0, 1.0]], [[0.9475314617156982, 0.31891781091690063, 0.021806977689266205, -1.136962890625], [0.03143199905753136, -0.02506433054804802, -0.9991915822029114, 1.5886802673339844], [-0.3181133568286896, 0.9474509954452515, -0.03377346694469452, -0.104034423828125], [0.0, 0.0, 0.0, 1.0]], [[0.002702187281101942, 0.9998819828033447, -0.015126258134841919, 0.0029296875], [0.0060389693826437, -0.015142352320253849, -0.9998671412467957, 1.580345630645752], [-0.9999780654907227, 0.00261044898070395, -0.006079173646867275, -0.160888671875], [0.0, 0.0, 0.0, 1.0]], [[-0.934242844581604, 0.3548031449317932, -0.03612544760107994, 0.842041015625], [0.038667742162942886, 7.505036046495661e-05, -0.9992521405220032, 1.563629150390625], [-0.3545351028442383, -0.9349409937858582, -0.013789553195238113, -0.1751708984375], [0.0, 0.0, 0.0, 1.0]]], "view": [[0.0, -2.0, 100.0], [-2.0, 0.0, 100.0], [0.0, 0.0, 1.0]], "bev": "bev_f46e81a2c77542f8acfe7a41491c6c02.png", "aux": "aux_f46e81a2c77542f8acfe7a41491c6c02.npz", "visibility": "visibility_f46e81a2c77542f8acfe7a41491c6c02.png", "pose": [[-0.5711848139762878, 0.8208214640617371, 0.0, 860.2855224609375], [-0.8208214640617371, -0.5711848139762878, 0.0, 2387.355712890625], [0.0, 0.0, 1.0, 0.0], [0.0, 0.0, 0.0, 1.0]], "pose_inverse": [[-0.5711848139762878, -0.8208214640617371, 0.0, 2450.974853515625], [0.8208214640617371, -0.5711848139762878, 0.0, 657.48046875], [0.0, 0.0, 1.0, 0.0], [0.0, 0.0, 0.0, 1.0]], "cam_ids": [0, 1, 2, 3, 4, 5], "cam_channels": ["CAM_FRONT_LEFT", "CAM_FRONT", "CAM_FRONT_RIGHT", "CAM_BACK_LEFT", "CAM_BACK", "CAM_BACK_RIGHT"], "token": "f46e81a2c77542f8acfe7a41491c6c02", "scene": "scene-1075"}, {"images": ["samples/CAM_FRONT_LEFT/n015-2018-11-21-19-38-26+0800__CAM_FRONT_LEFT__1542800329404844.jpg", "samples/CAM_FRONT/n015-2018-11-21-19-38-26+0800__CAM_FRONT__1542800329412460.jpg", "samples/CAM_FRONT_RIGHT/n015-2018-11-21-19-38-26+0800__CAM_FRONT_RIGHT__1542800329420339.jpg", "samples/CAM_BACK_LEFT/n015-2018-11-21-19-38-26+0800__CAM_BACK_LEFT__1542800329447423.jpg", "samples/CAM_BACK/n015-2018-11-21-19-38-26+0800__CAM_BACK__1542800329437525.jpg", "samples/CAM_BACK_RIGHT/n015-2018-11-21-19-38-26+0800__CAM_BACK_RIGHT__1542800329427893.jpg"], "intrinsics": [[[1272.5979470598488, 0.0, 826.6154927353808], [0.0, 1272.5979470598488, 479.75165386361925], [0.0, 0.0, 1.0]], [[1266.417203046554, 0.0, 816.2670197447984], [0.0, 1266.417203046554, 491.50706579294757], [0.0, 0.0, 1.0]], [[1260.8474446004698, 0.0, 807.968244525554], [0.0, 1260.8474446004698, 495.3344268742088], [0.0, 0.0, 1.0]], [[1256.7414812095406, 0.0, 792.1125740759628], [0.0, 1256.7414812095406, 492.7757465151356], [0.0, 0.0, 1.0]], [[809.2209905677063, 0.0, 829.2196003259838], [0.0, 809.2209905677063, 481.77842384512485], [0.0, 0.0, 1.0]], [[1259.5137405846733, 0.0, 807.2529053838625], [0.0, 1259.5137405846733, 501.19579884916527], [0.0, 0.0, 1.0]]], "extrinsics": [[[0.818756103515625, -0.5738825798034668, 0.017236754298210144, -0.4139404296875], [0.018763862550258636, -0.0032595517113804817, -0.9998186230659485, 1.5208396911621094], [0.5738347172737122, 0.8189311027526855, 0.008099476806819439, -0.8985595703125], [0.0, 0.0, 0.0, 1.0]], [[0.002427903702482581, -0.9999696612358093, 0.007396643981337547, 0.008544921875], [0.013316091150045395, -0.007363681681454182, -0.9998842477798462, 1.5278606414794922], [0.9999083876609802, 0.0025260858237743378, 0.013297807425260544, -1.143310546875], [0.0, 0.0, 0.0, 1.0]], [[-0.8342692852020264, -0.5509527325630188, -0.02111271768808365, 0.678466796875], [0.018847793340682983, 0.009771846234798431, -0.9997745752334595, 1.5116310119628906], [0.5510349273681641, -0.8344792723655701, 0.002231891267001629, -1.0137939453125], [0.0, 0.0, 0.0, 1.0]], [[0.9480593204498291, 0.31753984093666077, 0.018758421763777733, -1.134033203125], [0.026747891679406166, -0.02081926353275776, -0.9994253516197205, 1.5887069702148438], [-0.3169669210910797, 0.9480164051055908, -0.028231417760252953, -0.1037445068359375], [0.0, 0.0, 0.0, 1.0]], [[0.00374077376909554, 0.9999369382858276, -0.010591943748295307, 0.00347900390625], [0.0016973059391602874, -0.010598349384963512, -0.9999423623085022, 1.5796295404434204], [-0.9999915957450867, 0.0037226250860840082, -0.0017368451226502657, -0.160888671875], [0.0, 0.0, 0.0, 1.0]], [[-0.9336163401603699, 0.35696351528167725, -0.030618974938988686, 0.847412109375], [0.03456925228238106, 0.004689784720540047, -0.9993913173675537, 1.5621490478515625], [-0.35660263895988464, -0.9341065287590027, -0.01671842485666275, -0.173583984375], [0.0, 0.0, 0.0, 1.0]]], "view": [[0.0, -2.0, 100.0], [-2.0, 0.0, 100.0], [0.0, 0.0, 1.0]], "bev": "bev_9ece6aeaa2984a22a880220b05bb2c23.png", "aux": "aux_9ece6aeaa2984a22a880220b05bb2c23.npz", "visibility": "visibility_9ece6aeaa2984a22a880220b05bb2c23.png", "pose": [[-0.5684103965759277, 0.8227452039718628, 0.0, 855.7068481445312], [-0.8227452039718628, -0.5684103965759277, 0.0, 2380.865234375], [0.0, 0.0, 1.0, 0.0], [0.0, 0.0, 0.0, 1.0]], "pose_inverse": [[-0.5684103965759277, -0.8227452039718628, 0.0, 2445.238037109375], [0.8227452039718628, -0.5684103965759277, 0.0, 649.27978515625], [0.0, 0.0, 1.0, 0.0], [0.0, 0.0, 0.0, 1.0]], "cam_ids": [0, 1, 2, 3, 4, 5], "cam_channels": ["CAM_FRONT_LEFT", "CAM_FRONT", "CAM_FRONT_RIGHT", "CAM_BACK_LEFT", "CAM_BACK", "CAM_BACK_RIGHT"], "token": "9ece6aeaa2984a22a880220b05bb2c23", "scene": "scene-1075"}, {"images": ["samples/CAM_FRONT_LEFT/n015-2018-11-21-19-38-26+0800__CAM_FRONT_LEFT__1542800329904844.jpg", "samples/CAM_FRONT/n015-2018-11-21-19-38-26+0800__CAM_FRONT__1542800329912460.jpg", "samples/CAM_FRONT_RIGHT/n015-2018-11-21-19-38-26+0800__CAM_FRONT_RIGHT__1542800329920339.jpg", "samples/CAM_BACK_LEFT/n015-2018-11-21-19-38-26+0800__CAM_BACK_LEFT__1542800329947423.jpg", "samples/CAM_BACK/n015-2018-11-21-19-38-26+0800__CAM_BACK__1542800329937525.jpg", "samples/CAM_BACK_RIGHT/n015-2018-11-21-19-38-26+0800__CAM_BACK_RIGHT__1542800329927893.jpg"], "intrinsics": [[[1272.5979470598488, 0.0, 826.6154927353808], [0.0, 1272.5979470598488, 479.75165386361925], [0.0, 0.0, 1.0]], [[1266.417203046554, 0.0, 816.2670197447984], [0.0, 1266.417203046554, 491.50706579294757], [0.0, 0.0, 1.0]], [[1260.8474446004698, 0.0, 807.968244525554], [0.0, 1260.8474446004698, 495.3344268742088], [0.0, 0.0, 1.0]], [[1256.7414812095406, 0.0, 792.1125740759628], [0.0, 1256.7414812095406, 492.7757465151356], [0.0, 0.0, 1.0]], [[809.2209905677063, 0.0, 829.2196003259838], [0.0, 809.2209905677063, 481.77842384512485], [0.0, 0.0, 1.0]], [[1259.5137405846733, 0.0, 807.2529053838625], [0.0, 1259.5137405846733, 501.19579884916527], [0.0, 0.0, 1.0]]], "extrinsics": [[[0.8205467462539673, -0.570848286151886, 0.028900273144245148, -0.3936767578125], [0.01945984736084938, -0.022632427513599396, -0.999554455280304, 1.5218391418457031], [0.5712479948997498, 0.8207435607910156, -0.007462343666702509, -0.888671875], [0.0, 0.0, 0.0, 1.0]], [[0.0055727302096784115, -0.9996272325515747, 0.026727549731731415, 0.0125732421875], [0.014586781151592731, -0.026643861085176468, -0.9995386004447937, 1.5289630889892578], [0.9998779892921448, 0.005960044916719198, 0.014432862401008606, -1.122314453125], [0.0, 0.0, 0.0, 1.0]], [[-0.8326013088226318, -0.5537428259849548, -0.01199838425964117, 0.664794921875], [0.020646465942263603, -0.009381570853292942, -0.9997428059577942, 1.5128326416015625], [0.5534877777099609, -0.8326348662376404, 0.019243942573666573, -1.00030517578125], [0.0, 0.0, 0.0, 1.0]], [[0.9475171566009521, 0.31927165389060974, 0.016640760004520416, -1.131103515625], [0.03090396337211132, -0.039660029113292694, -0.9987351894378662, 1.5889244079589844], [-0.3182078003883362, 0.9468329548835754, -0.04744531586766243, -0.1078033447265625], [0.0, 0.0, 0.0, 1.0]], [[0.00274280714802444, 0.9995611310005188, -0.029499923810362816, 0.00177001953125], [0.0048248921521008015, -0.0295129232108593, -0.9995527863502502, 1.5802202224731445], [-0.9999845623970032, 0.0025992703158408403, -0.0049037206918001175, -0.16748046875], [0.0, 0.0, 0.0, 1.0]], [[-0.9342925548553467, 0.35430586338043213, -0.03955615311861038, 0.8336181640625], [0.036882735788822174, -0.014298178255558014, -0.9992172718048096, 1.5633926391601562], [-0.3545941710472107, -0.9350203275680542, 0.0002909078320953995, -0.175537109375], [0.0, 0.0, 0.0, 1.0]]], "view": [[0.0, -2.0, 100.0], [-2.0, 0.0, 100.0], [0.0, 0.0, 1.0]], "bev": "bev_c58a0edacbf1491391477aa983c8ce94.png", "aux": "aux_c58a0edacbf1491391477aa983c8ce94.npz", "visibility": "visibility_c58a0edacbf1491391477aa983c8ce94.png", "pose": [[-0.568401038646698, 0.8227516412734985, 0.0, 851.09765625], [-0.8227516412734985, -0.568401038646698, 0.0, 2374.31298828125], [0.0, 0.0, 1.0, 0.0], [0.0, 0.0, 0.0, 1.0]], "pose_inverse": [[-0.568401038646698, -0.8227516412734985, 0.0, 2437.234619140625], [0.8227516412734985, -0.568401038646698, 0.0, 649.3199462890625], [0.0, 0.0, 1.0, 0.0], [0.0, 0.0, 0.0, 1.0]], "cam_ids": [0, 1, 2, 3, 4, 5], "cam_channels": ["CAM_FRONT_LEFT", "CAM_FRONT", "CAM_FRONT_RIGHT", "CAM_BACK_LEFT", "CAM_BACK", "CAM_BACK_RIGHT"], "token": "c58a0edacbf1491391477aa983c8ce94", "scene": "scene-1075"}, {"images": ["samples/CAM_FRONT_LEFT/n015-2018-11-21-19-38-26+0800__CAM_FRONT_LEFT__1542800330404844.jpg", "samples/CAM_FRONT/n015-2018-11-21-19-38-26+0800__CAM_FRONT__1542800330412460.jpg", "samples/CAM_FRONT_RIGHT/n015-2018-11-21-19-38-26+0800__CAM_FRONT_RIGHT__1542800330420339.jpg", "samples/CAM_BACK_LEFT/n015-2018-11-21-19-38-26+0800__CAM_BACK_LEFT__1542800330447423.jpg", "samples/CAM_BACK/n015-2018-11-21-19-38-26+0800__CAM_BACK__1542800330437525.jpg", "samples/CAM_BACK_RIGHT/n015-2018-11-21-19-38-26+0800__CAM_BACK_RIGHT__1542800330427893.jpg"], "intrinsics": [[[1272.5979470598488, 0.0, 826.6154927353808], [0.0, 1272.5979470598488, 479.75165386361925], [0.0, 0.0, 1.0]], [[1266.417203046554, 0.0, 816.2670197447984], [0.0, 1266.417203046554, 491.50706579294757], [0.0, 0.0, 1.0]], [[1260.8474446004698, 0.0, 807.968244525554], [0.0, 1260.8474446004698, 495.3344268742088], [0.0, 0.0, 1.0]], [[1256.7414812095406, 0.0, 792.1125740759628], [0.0, 1256.7414812095406, 492.7757465151356], [0.0, 0.0, 1.0]], [[809.2209905677063, 0.0, 829.2196003259838], [0.0, 809.2209905677063, 481.77842384512485], [0.0, 0.0, 1.0]], [[1259.5137405846733, 0.0, 807.2529053838625], [0.0, 1259.5137405846733, 501.19579884916527], [0.0, 0.0, 1.0]]], "extrinsics": [[[0.8200430870056152, -0.571588933467865, 0.028553951531648636, -0.4012451171875], [0.023863622918725014, -0.015698516741394997, -0.9995919466018677, 1.5246543884277344], [0.5718040466308594, 0.8203898668289185, 0.0007667233585380018, -0.89306640625], [0.0, 0.0, 0.0, 1.0]], [[0.004898303188383579, -0.9997936487197876, 0.019713863730430603, 0.01202392578125], [0.01914232224225998, -0.019616741687059402, -0.9996243715286255, 1.5313568115234375], [0.9998047351837158, 0.005273844581097364, 0.019042279571294785, -1.131103515625], [0.0, 0.0, 0.0, 1.0]], [[-0.8327764868736267, -0.5532522201538086, -0.019882671535015106, 0.67236328125], [0.02537081390619278, -0.002262971131131053, -0.9996755123138428, 1.5146751403808594], [0.5530276894569397, -0.833010733127594, 0.015921009704470634, -1.005615234375], [0.0, 0.0, 0.0, 1.0]], [[0.9474226832389832, 0.31910648941993713, 0.023689523339271545, -1.141357421875], [0.03583931550383568, -0.032255735248327255, -0.998836874961853, 1.5885772705078125], [-0.31797128915786743, 0.9471697807312012, -0.04199637845158577, -0.1038665771484375], [0.0, 0.0, 0.0, 1.0]], [[0.0030290225986391306, 0.9997475147247314, -0.022267019376158714, 0.00201416015625], [0.00980227068066597, -0.022295735776424408, -0.9997033476829529, 1.5809402465820312], [-0.9999473690986633, 0.0028098446782678366, -0.009867329150438309, -0.1572265625], [0.0, 0.0, 0.0, 1.0]], [[-0.9339806437492371, 0.35489872097969055, -0.04155765101313591, 0.8426513671875], [0.04174315556883812, -0.007137448526918888, -0.9991028904914856, 1.5645599365234375], [-0.35487690567970276, -0.9348775744438171, -0.008148356340825558, -0.172607421875], [0.0, 0.0, 0.0, 1.0]]], "view": [[0.0, -2.0, 100.0], [-2.0, 0.0, 100.0], [0.0, 0.0, 1.0]], "bev": "bev_6800604197a3446c8a64d3bc4bf81421.png", "aux": "aux_6800604197a3446c8a64d3bc4bf81421.npz", "visibility": "visibility_6800604197a3446c8a64d3bc4bf81421.png", "pose": [[-0.5634218454360962, 0.8261693716049194, 0.0, 846.5759887695312], [-0.8261693716049194, -0.5634218454360962, 0.0, 2367.793701171875], [0.0, 0.0, 1.0, 0.0], [0.0, 0.0, 0.0, 1.0]], "pose_inverse": [[-0.5634218454360962, -0.8261693716049194, 0.0, 2433.177978515625], [0.8261693716049194, -0.5634218454360962, 0.0, 634.6515502929688], [0.0, 0.0, 1.0, 0.0], [0.0, 0.0, 0.0, 1.0]], "cam_ids": [0, 1, 2, 3, 4, 5], "cam_channels": ["CAM_FRONT_LEFT", "CAM_FRONT", "CAM_FRONT_RIGHT", "CAM_BACK_LEFT", "CAM_BACK", "CAM_BACK_RIGHT"], "token": "6800604197a3446c8a64d3bc4bf81421", "scene": "scene-1075"}, {"images": ["samples/CAM_FRONT_LEFT/n015-2018-11-21-19-38-26+0800__CAM_FRONT_LEFT__1542800330904844.jpg", "samples/CAM_FRONT/n015-2018-11-21-19-38-26+0800__CAM_FRONT__1542800330912460.jpg", "samples/CAM_FRONT_RIGHT/n015-2018-11-21-19-38-26+0800__CAM_FRONT_RIGHT__1542800330920339.jpg", "samples/CAM_BACK_LEFT/n015-2018-11-21-19-38-26+0800__CAM_BACK_LEFT__1542800330947423.jpg", "samples/CAM_BACK/n015-2018-11-21-19-38-26+0800__CAM_BACK__1542800330937525.jpg", "samples/CAM_BACK_RIGHT/n015-2018-11-21-19-38-26+0800__CAM_BACK_RIGHT__1542800330927893.jpg"], "intrinsics": [[[1272.5979470598488, 0.0, 826.6154927353808], [0.0, 1272.5979470598488, 479.75165386361925], [0.0, 0.0, 1.0]], [[1266.417203046554, 0.0, 816.2670197447984], [0.0, 1266.417203046554, 491.50706579294757], [0.0, 0.0, 1.0]], [[1260.8474446004698, 0.0, 807.968244525554], [0.0, 1260.8474446004698, 495.3344268742088], [0.0, 0.0, 1.0]], [[1256.7414812095406, 0.0, 792.1125740759628], [0.0, 1256.7414812095406, 492.7757465151356], [0.0, 0.0, 1.0]], [[809.2209905677063, 0.0, 829.2196003259838], [0.0, 809.2209905677063, 481.77842384512485], [0.0, 0.0, 1.0]], [[1259.5137405846733, 0.0, 807.2529053838625], [0.0, 1259.5137405846733, 501.19579884916527], [0.0, 0.0, 1.0]]], "extrinsics": [[[0.8204033970832825, -0.5709747076034546, 0.03043077141046524, -0.406494140625], [0.02798125520348549, -0.013065975159406662, -0.9995230436325073, 1.5272598266601562], [0.5711000561714172, 0.8208636045455933, 0.0052572195418179035, -0.899169921875], [0.0, 0.0, 0.0, 1.0]], [[0.005441522691398859, -0.9998360872268677, 0.01726614125072956, 0.0130615234375], [0.022824956104159355, -0.017137711867690086, -0.9995926022529602, 1.5332908630371094], [0.9997246861457825, 0.005833364091813564, 0.022727958858013153, -1.137451171875], [0.0, 0.0, 0.0, 1.0]], [[-0.8324869275093079, -0.5535311698913574, -0.023849006742239, 0.6767578125], [0.02859344892203808, 6.428067717934027e-05, -0.9995911121368408, 1.5159225463867188], [0.5533063411712646, -0.8328284025192261, 0.015773853287100792, -1.0078125], [0.0, 0.0, 0.0, 1.0]], [[0.9473485350608826, 0.3191308081150055, 0.026197481900453568, -1.14208984375], [0.03780832141637802, -0.03024120256304741, -0.9988272786140442, 1.5886154174804688], [-0.31796419620513916, 0.9472280740737915, -0.04071475565433502, -0.1053619384765625], [0.0, 0.0, 0.0, 1.0]], [[0.002933693351224065, 0.9997904896736145, -0.020259486511349678, 0.00201416015625], [0.012170647270977497, -0.020293772220611572, -0.9997199773788452, 1.5812854766845703], [-0.9999216198921204, 0.0026863254606723785, -0.012227633967995644, -0.154296875], [0.0, 0.0, 0.0, 1.0]], [[-0.9339597821235657, 0.3547237515449524, -0.04347569867968559, 0.84619140625], [0.04461174085736275, -0.004979373421519995, -0.9989919662475586, 1.5652618408203125], [-0.3545827269554138, -0.9349579215049744, -0.011174309998750687, -0.1705322265625], [0.0, 0.0, 0.0, 1.0]]], "view": [[0.0, -2.0, 100.0], [-2.0, 0.0, 100.0], [0.0, 0.0, 1.0]], "bev": "bev_2a4d4318d5414b60879581e5bda69c54.png", "aux": "aux_2a4d4318d5414b60879581e5bda69c54.npz", "visibility": "visibility_2a4d4318d5414b60879581e5bda69c54.png", "pose": [[-0.5624169111251831, 0.8268538117408752, 0.0, 842.0734252929688], [-0.8268538117408752, -0.5624169111251831, 0.0, 2361.270751953125], [0.0, 0.0, 1.0, 0.0], [0.0, 0.0, 0.0, 1.0]], "pose_inverse": [[-0.5624169111251831, -0.8268538117408752, 0.0, 2426.02197265625], [0.8268538117408752, -0.5624169111251831, 0.0, 631.7470092773438], [0.0, 0.0, 1.0, 0.0], [0.0, 0.0, 0.0, 1.0]], "cam_ids": [0, 1, 2, 3, 4, 5], "cam_channels": ["CAM_FRONT_LEFT", "CAM_FRONT", "CAM_FRONT_RIGHT", "CAM_BACK_LEFT", "CAM_BACK", "CAM_BACK_RIGHT"], "token": "2a4d4318d5414b60879581e5bda69c54", "scene": "scene-1075"}, {"images": ["samples/CAM_FRONT_LEFT/n015-2018-11-21-19-38-26+0800__CAM_FRONT_LEFT__1542800331404844.jpg", "samples/CAM_FRONT/n015-2018-11-21-19-38-26+0800__CAM_FRONT__1542800331412460.jpg", "samples/CAM_FRONT_RIGHT/n015-2018-11-21-19-38-26+0800__CAM_FRONT_RIGHT__1542800331420339.jpg", "samples/CAM_BACK_LEFT/n015-2018-11-21-19-38-26+0800__CAM_BACK_LEFT__1542800331447423.jpg", "samples/CAM_BACK/n015-2018-11-21-19-38-26+0800__CAM_BACK__1542800331437525.jpg", "samples/CAM_BACK_RIGHT/n015-2018-11-21-19-38-26+0800__CAM_BACK_RIGHT__1542800331427893.jpg"], "intrinsics": [[[1272.5979470598488, 0.0, 826.6154927353808], [0.0, 1272.5979470598488, 479.75165386361925], [0.0, 0.0, 1.0]], [[1266.417203046554, 0.0, 816.2670197447984], [0.0, 1266.417203046554, 491.50706579294757], [0.0, 0.0, 1.0]], [[1260.8474446004698, 0.0, 807.968244525554], [0.0, 1260.8474446004698, 495.3344268742088], [0.0, 0.0, 1.0]], [[1256.7414812095406, 0.0, 792.1125740759628], [0.0, 1256.7414812095406, 492.7757465151356], [0.0, 0.0, 1.0]], [[809.2209905677063, 0.0, 829.2196003259838], [0.0, 809.2209905677063, 481.77842384512485], [0.0, 0.0, 1.0]], [[1259.5137405846733, 0.0, 807.2529053838625], [0.0, 1259.5137405846733, 501.19579884916527], [0.0, 0.0, 1.0]]], "extrinsics": [[[0.8202226161956787, -0.5713949799537659, 0.02725185640156269, -0.4129638671875], [0.030742164701223373, -0.0035411331336945295, -0.9995210766792297, 1.5288772583007812], [0.5712177157402039, 0.8206676244735718, 0.014661396853625774, -0.9005126953125], [0.0, 0.0, 0.0, 1.0]], [[0.005071837455034256, -0.9999605417251587, 0.007284184917807579, 0.01019287109375], [0.025722738355398178, -0.007151409983634949, -0.9996435642242432, 1.5346794128417969], [0.9996562004089355, 0.005257417913526297, 0.025685451924800873, -1.143310546875], [0.0, 0.0, 0.0, 1.0]], [[-0.8326147198677063, -0.5529168248176575, -0.032182082533836365, 0.679931640625], [0.031640540808439255, 0.010525641031563282, -0.9994438886642456, 1.517059326171875], [0.5529480576515198, -0.8331698775291443, 0.00873078778386116, -1.01275634765625], [0.0, 0.0, 0.0, 1.0]], [[0.9472436308860779, 0.3187474310398102, 0.03360743448138237, -1.14453125], [0.04164264723658562, -0.018425755202770233, -0.9989626407623291, 1.5884475708007812], [-0.31779757142066956, 0.9476605653762817, -0.030727170407772064, -0.1027374267578125], [0.0, 0.0, 0.0, 1.0]], [[0.00302983820438385, 0.9999552369117737, -0.008969970047473907, 0.0030517578125], [0.015630031004548073, -0.00901627168059349, -0.9998372197151184, 1.581756591796875], [-0.9998732209205627, 0.002889251336455345, -0.015656646341085434, -0.1513671875], [0.0, 0.0, 0.0, 1.0]], [[-0.9337412118911743, 0.35541173815727234, -0.04254291206598282, 0.8509521484375], [0.04776018485426903, 0.005914365407079458, -0.9988413453102112, 1.5660171508789062], [-0.35474827885627747, -0.9346911907196045, -0.022497016936540604, -0.1708984375], [0.0, 0.0, 0.0, 1.0]]], "view": [[0.0, -2.0, 100.0], [-2.0, 0.0, 100.0], [0.0, 0.0, 1.0]], "bev": "bev_9ac55854d21345c49c1d79853b6a67b5.png", "aux": "aux_9ac55854d21345c49c1d79853b6a67b5.npz", "visibility": "visibility_9ac55854d21345c49c1d79853b6a67b5.png", "pose": [[-0.561000645160675, 0.8278153538703918, 0.0, 837.656005859375], [-0.8278153538703918, -0.561000645160675, 0.0, 2354.837158203125], [0.0, 0.0, 1.0, 0.0], [0.0, 0.0, 0.0, 1.0]], "pose_inverse": [[-0.561000645160675, -0.8278153538703918, 0.0, 2419.2958984375], [0.8278153538703918, -0.561000645160675, 0.0, 627.640625], [0.0, 0.0, 1.0, 0.0], [0.0, 0.0, 0.0, 1.0]], "cam_ids": [0, 1, 2, 3, 4, 5], "cam_channels": ["CAM_FRONT_LEFT", "CAM_FRONT", "CAM_FRONT_RIGHT", "CAM_BACK_LEFT", "CAM_BACK", "CAM_BACK_RIGHT"], "token": "9ac55854d21345c49c1d79853b6a67b5", "scene": "scene-1075"}, {"images": ["samples/CAM_FRONT_LEFT/n015-2018-11-21-19-38-26+0800__CAM_FRONT_LEFT__1542800331904844.jpg", "samples/CAM_FRONT/n015-2018-11-21-19-38-26+0800__CAM_FRONT__1542800331912473.jpg", "samples/CAM_FRONT_RIGHT/n015-2018-11-21-19-38-26+0800__CAM_FRONT_RIGHT__1542800331920339.jpg", "samples/CAM_BACK_LEFT/n015-2018-11-21-19-38-26+0800__CAM_BACK_LEFT__1542800331947423.jpg", "samples/CAM_BACK/n015-2018-11-21-19-38-26+0800__CAM_BACK__1542800331937525.jpg", "samples/CAM_BACK_RIGHT/n015-2018-11-21-19-38-26+0800__CAM_BACK_RIGHT__1542800331927893.jpg"], "intrinsics": [[[1272.5979470598488, 0.0, 826.6154927353808], [0.0, 1272.5979470598488, 479.75165386361925], [0.0, 0.0, 1.0]], [[1266.417203046554, 0.0, 816.2670197447984], [0.0, 1266.417203046554, 491.50706579294757], [0.0, 0.0, 1.0]], [[1260.8474446004698, 0.0, 807.968244525554], [0.0, 1260.8474446004698, 495.3344268742088], [0.0, 0.0, 1.0]], [[1256.7414812095406, 0.0, 792.1125740759628], [0.0, 1256.7414812095406, 492.7757465151356], [0.0, 0.0, 1.0]], [[809.2209905677063, 0.0, 829.2196003259838], [0.0, 809.2209905677063, 481.77842384512485], [0.0, 0.0, 1.0]], [[1259.5137405846733, 0.0, 807.2529053838625], [0.0, 1259.5137405846733, 501.19579884916527], [0.0, 0.0, 1.0]]], "extrinsics": [[[0.8202654123306274, -0.5716739892959595, 0.018802622333168983, -0.423583984375], [0.027586162090301514, 0.006704750470817089, -0.9995969533920288, 1.526336669921875], [0.5713174939155579, 0.8204535245895386, 0.021269965916872025, -0.9088134765625], [0.0, 0.0, 0.0, 1.0]], [[0.005024987272918224, -0.999984622001648, -0.0023191082291305065, 0.01129150390625], [0.022319409996271133, 0.0024307158309966326, -0.9997479915618896, 1.5325660705566406], [0.9997381567955017, 0.0049719237722456455, 0.02233128249645233, -1.153076171875], [0.0, 0.0, 0.0, 1.0]], [[-0.8327765464782715, -0.5525609850883484, -0.034052107483148575, 0.685302734375], [0.02798282913863659, 0.01941668801009655, -0.9994197487831116, 1.5153121948242188], [0.5529016256332397, -0.8332462310791016, -0.0007075436296872795, -1.015869140625], [0.0, 0.0, 0.0, 1.0]], [[0.947354257106781, 0.3186819553375244, 0.031009288504719734, -1.14697265625], [0.03687094897031784, -0.012376049533486366, -0.9992433786392212, 1.5883560180664062], [-0.3180571496486664, 0.9477808475494385, -0.023474611341953278, -0.101715087890625], [0.0, 0.0, 0.0, 1.0]], [[0.002905110130086541, 0.9999943375587463, -0.001711139571852982, 0.002685546875], [0.011427219025790691, -0.001744233537465334, -0.9999331831932068, 1.5810680389404297], [-0.9999304413795471, 0.002885306952521205, -0.011432221159338951, -0.147705078125], [0.0, 0.0, 0.0, 1.0]], [[-0.9338948130607605, 0.3557303547859192, -0.03600473329424858, 0.8555908203125], [0.043898627161979675, 0.014140705578029156, -0.9989359378814697, 1.5645980834960938], [-0.35484278202056885, -0.934481680393219, -0.028822006657719612, -0.16845703125], [0.0, 0.0, 0.0, 1.0]]], "view": [[0.0, -2.0, 100.0], [-2.0, 0.0, 100.0], [0.0, 0.0, 1.0]], "bev": "bev_ae374f827d2d45c7a4ed054b5aab7370.png", "aux": "aux_ae374f827d2d45c7a4ed054b5aab7370.npz", "visibility": "visibility_ae374f827d2d45c7a4ed054b5aab7370.png", "pose": [[-0.5617008209228516, 0.8273404240608215, 0.0, 833.227783203125], [-0.8273404240608215, -0.5617008209228516, 0.0, 2348.40576171875], [0.0, 0.0, 1.0, 0.0], [0.0, 0.0, 0.0, 1.0]], "pose_inverse": [[-0.5617008209228516, -0.8273404240608215, 0.0, 2410.955810546875], [0.8273404240608215, -0.5617008209228516, 0.0, 629.7384033203125], [0.0, 0.0, 1.0, 0.0], [0.0, 0.0, 0.0, 1.0]], "cam_ids": [0, 1, 2, 3, 4, 5], "cam_channels": ["CAM_FRONT_LEFT", "CAM_FRONT", "CAM_FRONT_RIGHT", "CAM_BACK_LEFT", "CAM_BACK", "CAM_BACK_RIGHT"], "token": "ae374f827d2d45c7a4ed054b5aab7370", "scene": "scene-1075"}, {"images": ["samples/CAM_FRONT_LEFT/n015-2018-11-21-19-38-26+0800__CAM_FRONT_LEFT__1542800332404844.jpg", "samples/CAM_FRONT/n015-2018-11-21-19-38-26+0800__CAM_FRONT__1542800332412460.jpg", "samples/CAM_FRONT_RIGHT/n015-2018-11-21-19-38-26+0800__CAM_FRONT_RIGHT__1542800332420339.jpg", "samples/CAM_BACK_LEFT/n015-2018-11-21-19-38-26+0800__CAM_BACK_LEFT__1542800332447423.jpg", "samples/CAM_BACK/n015-2018-11-21-19-38-26+0800__CAM_BACK__1542800332437525.jpg", "samples/CAM_BACK_RIGHT/n015-2018-11-21-19-38-26+0800__CAM_BACK_RIGHT__1542800332427893.jpg"], "intrinsics": [[[1272.5979470598488, 0.0, 826.6154927353808], [0.0, 1272.5979470598488, 479.75165386361925], [0.0, 0.0, 1.0]], [[1266.417203046554, 0.0, 816.2670197447984], [0.0, 1266.417203046554, 491.50706579294757], [0.0, 0.0, 1.0]], [[1260.8474446004698, 0.0, 807.968244525554], [0.0, 1260.8474446004698, 495.3344268742088], [0.0, 0.0, 1.0]], [[1256.7414812095406, 0.0, 792.1125740759628], [0.0, 1256.7414812095406, 492.7757465151356], [0.0, 0.0, 1.0]], [[809.2209905677063, 0.0, 829.2196003259838], [0.0, 809.2209905677063, 481.77842384512485], [0.0, 0.0, 1.0]], [[1259.5137405846733, 0.0, 807.2529053838625], [0.0, 1259.5137405846733, 501.19579884916527], [0.0, 0.0, 1.0]]], "extrinsics": [[[0.8206225633621216, -0.5710403323173523, 0.022169774398207664, -0.4090576171875], [0.028320662677288055, 0.0018908176571130753, -0.9995970726013184, 1.527313232421875], [0.5707683563232422, 0.8209198117256165, 0.017723888158798218, -0.900390625], [0.0, 0.0, 0.0, 1.0]], [[0.006059560924768448, -0.9999794363975525, 0.0020828829146921635, 0.013427734375], [0.02365606464445591, -0.0019389911321923137, -0.9997182488441467, 1.5336837768554688], [0.999701738357544, 0.006107120309025049, 0.02364382892847061, -1.13720703125], [0.0, 0.0, 0.0, 1.0]], [[-0.8320406079292297, -0.553702175617218, -0.03350193426012993, 0.6748046875], [0.02991829253733158, 0.015513150952756405, -0.9994319677352905, 1.5165252685546875], [0.5539073944091797, -0.8325702548027039, 0.0036582541652023792, -1.00567626953125], [0.0, 0.0, 0.0, 1.0]], [[0.9472020268440247, 0.3187841773033142, 0.03442315012216568, -1.132080078125], [0.0410039946436882, -0.013953709043562412, -0.9990615248680115, 1.5889892578125], [-0.3180047273635864, 0.9477246403694153, -0.026288406923413277, -0.1072540283203125], [0.0, 0.0, 0.0, 1.0]], [[0.002530829980969429, 0.9999877214431763, -0.004266422241926193, 0.00146484375], [0.01471362728625536, -0.004303209017962217, -0.9998825192451477, 1.581787109375], [-0.99988853931427, 0.0024677407927811146, -0.014724336564540863, -0.162841796875], [0.0, 0.0, 0.0, 1.0]], [[-0.9340993762016296, 0.3548113703727722, -0.039586879312992096, 0.8409423828125], [0.04640137031674385, 0.010714218951761723, -0.9988654255867004, 1.5660324096679688], [-0.3539847433567047, -0.9348765015602112, -0.026471883058547974, -0.1719970703125], [0.0, 0.0, 0.0, 1.0]]], "view": [[0.0, -2.0, 100.0], [-2.0, 0.0, 100.0], [0.0, 0.0, 1.0]], "bev": "bev_a6db7d0d40ba43b2b23cad9318cf305a.png", "aux": "aux_a6db7d0d40ba43b2b23cad9318cf305a.npz", "visibility": "visibility_a6db7d0d40ba43b2b23cad9318cf305a.png", "pose": [[-0.5627294778823853, 0.8266410827636719, 0.0, 828.7664794921875], [-0.8266410827636719, -0.5627294778823853, 0.0, 2341.947265625], [0.0, 0.0, 1.0, 0.0], [0.0, 0.0, 0.0, 1.0]], "pose_inverse": [[-0.5627294778823853, -0.8266410827636719, 0.0, 2402.3212890625], [0.8266410827636719, -0.5627294778823853, 0.0, 632.7904052734375], [0.0, 0.0, 1.0, 0.0], [0.0, 0.0, 0.0, 1.0]], "cam_ids": [0, 1, 2, 3, 4, 5], "cam_channels": ["CAM_FRONT_LEFT", "CAM_FRONT", "CAM_FRONT_RIGHT", "CAM_BACK_LEFT", "CAM_BACK", "CAM_BACK_RIGHT"], "token": "a6db7d0d40ba43b2b23cad9318cf305a", "scene": "scene-1075"}, {"images": ["samples/CAM_FRONT_LEFT/n015-2018-11-21-19-38-26+0800__CAM_FRONT_LEFT__1542800332904844.jpg", "samples/CAM_FRONT/n015-2018-11-21-19-38-26+0800__CAM_FRONT__1542800332912460.jpg", "samples/CAM_FRONT_RIGHT/n015-2018-11-21-19-38-26+0800__CAM_FRONT_RIGHT__1542800332920339.jpg", "samples/CAM_BACK_LEFT/n015-2018-11-21-19-38-26+0800__CAM_BACK_LEFT__1542800332947423.jpg", "samples/CAM_BACK/n015-2018-11-21-19-38-26+0800__CAM_BACK__1542800332937525.jpg", "samples/CAM_BACK_RIGHT/n015-2018-11-21-19-38-26+0800__CAM_BACK_RIGHT__1542800332927893.jpg"], "intrinsics": [[[1272.5979470598488, 0.0, 826.6154927353808], [0.0, 1272.5979470598488, 479.75165386361925], [0.0, 0.0, 1.0]], [[1266.417203046554, 0.0, 816.2670197447984], [0.0, 1266.417203046554, 491.50706579294757], [0.0, 0.0, 1.0]], [[1260.8474446004698, 0.0, 807.968244525554], [0.0, 1260.8474446004698, 495.3344268742088], [0.0, 0.0, 1.0]], [[1256.7414812095406, 0.0, 792.1125740759628], [0.0, 1256.7414812095406, 492.7757465151356], [0.0, 0.0, 1.0]], [[809.2209905677063, 0.0, 829.2196003259838], [0.0, 809.2209905677063, 481.77842384512485], [0.0, 0.0, 1.0]], [[1259.5137405846733, 0.0, 807.2529053838625], [0.0, 1259.5137405846733, 501.19579884916527], [0.0, 0.0, 1.0]]], "extrinsics": [[[0.820410966873169, -0.571191132068634, 0.02581583335995674, -0.4091796875], [0.026074040681123734, -0.007729208096861839, -0.9996301531791687, 1.5258369445800781], [0.5711794495582581, 0.8207807540893555, 0.008552131243050098, -0.902099609375], [0.0, 0.0, 0.0, 1.0]], [[0.005185093265026808, -0.9999136328697205, 0.01207460556179285, 0.01300048828125], [0.02124551124870777, -0.011961891315877438, -0.9997027516365051, 1.5323829650878906], [0.9997608661651611, 0.00544008007273078, 0.021181650459766388, -1.1376953125], [0.0, 0.0, 0.0, 1.0]], [[-0.832737922668457, -0.5530753135681152, -0.025599975138902664, 0.67333984375], [0.027361426502466202, 0.005071941763162613, -0.9996126890182495, 1.5154876708984375], [0.5529909729957581, -0.8331158757209778, 0.010909331031143665, -1.00628662109375], [0.0, 0.0, 0.0, 1.0]], [[0.9473983645439148, 0.31887736916542053, 0.027451369911432266, -1.12548828125], [0.03766462579369545, -0.025905661284923553, -0.9989545941352844, 1.5892181396484375], [-0.317832887172699, 0.9474419355392456, -0.03655337914824486, -0.1092681884765625], [0.0, 0.0, 0.0, 1.0]], [[0.003033682471141219, 0.9998753070831299, -0.015497702173888683, 0.0020751953125], [0.011575833894312382, -0.01553184725344181, -0.9998124241828918, 1.5813369750976562], [-0.9999284148216248, 0.002853737911209464, -0.0116