[{"images": ["samples/CAM_FRONT_LEFT/n008-2018-08-01-15-16-36-0400__CAM_FRONT_LEFT__1533151689604799.jpg", "samples/CAM_FRONT/n008-2018-08-01-15-16-36-0400__CAM_FRONT__1533151689612404.jpg", "samples/CAM_FRONT_RIGHT/n008-2018-08-01-15-16-36-0400__CAM_FRONT_RIGHT__1533151689620482.jpg", "samples/CAM_BACK_LEFT/n008-2018-08-01-15-16-36-0400__CAM_BACK_LEFT__1533151689647405.jpg", "samples/CAM_BACK/n008-2018-08-01-15-16-36-0400__CAM_BACK__1533151689637558.jpg", "samples/CAM_BACK_RIGHT/n008-2018-08-01-15-16-36-0400__CAM_BACK_RIGHT__1533151689628113.jpg"], "intrinsics": [[[1257.8625342125129, 0.0, 827.2410631095686], [0.0, 1257.8625342125129, 450.915498205774], [0.0, 0.0, 1.0]], [[1252.8131021185304, 0.0, 826.588114781398], [0.0, 1252.8131021185304, 469.9846626224581], [0.0, 0.0, 1.0]], [[1256.7485116440405, 0.0, 817.7887570959712], [0.0, 1256.7485116440403, 451.9541780095127], [0.0, 0.0, 1.0]], [[1254.9860565800168, 0.0, 829.5769333630991], [0.0, 1254.9860565800168, 467.1680561863987], [0.0, 0.0, 1.0]], [[796.8910634503094, 0.0, 857.7774326863696], [0.0, 796.8910634503094, 476.8848988407415], [0.0, 0.0, 1.0]], [[1249.9629280788233, 0.0, 825.3768045375984], [0.0, 1249.9629280788233, 462.54816385708756], [0.0, 0.0, 1.0]]], "extrinsics": [[[0.8227564692497253, -0.5683938264846802, 0.0004123016260564327, -0.679931640625], [0.017310772091150284, 0.024332474917173386, -0.9995540380477905, 1.4949531555175781], [0.5681304335594177, 0.8223966360092163, 0.029859041795134544, -1.114990234375], [0.0, 0.0, 0.0, 1.0]], [[0.010693276301026344, -0.9997382760047913, -0.02022392861545086, 0.0128173828125], [0.019390786066651344, 0.020428599789738655, -0.999603271484375, 1.4863338470458984], [0.9997546672821045, 0.010296864435076714, 0.019604159519076347, -1.41229248046875], [0.0, 0.0, 0.0, 1.0]], [[-0.8436264395713806, -0.5361104011535645, -0.029662948101758957, 0.88189697265625], [0.02754431962966919, 0.011961061507463455, -0.9995489716529846, 1.4999027252197266], [0.5362234115600586, -0.8440630435943604, 0.00467612873762846, -1.14111328125], [0.0, 0.0, 0.0, 1.0]], [[0.9478604793548584, 0.3184891939163208, 0.01118584256619215, -1.136993408203125], [0.0024194957222789526, 0.02790709398686886, -0.9996076226234436, 1.5620803833007812], [-0.3186763823032379, 0.9475155472755432, 0.025681450963020325, -0.157958984375], [0.0, 0.0, 0.0, 1.0]], [[0.008983226493000984, 0.9997574090957642, 0.0201089009642601, -0.029052734375], [0.004389273002743721, 0.020070092752575874, -0.9997889399528503, 1.5684528350830078], [-0.9999499917030334, 0.009069640189409256, -0.004207913763821125, -0.050384521484375], [0.0, 0.0, 0.0, 1.0]], [[-0.9237270951271057, 0.38294535875320435, -0.00899506639689207, 0.99334716796875], [0.008525311015546322, -0.002923758001998067, -0.9999593496322632, 1.549354076385498], [-0.3829561173915863, -0.9237663745880127, -0.0005639729206450284, -0.110595703125], [0.0, 0.0, 0.0, 1.0]]], "view": [[0.0, -2.0, 100.0], [-2.0, 0.0, 100.0], [0.0, 0.0, 1.0]], "bev": "bev_8d56b71c09c04ece827107b3c103498f.png", "aux": "aux_8d56b71c09c04ece827107b3c103498f.npz", "visibility": "visibility_8d56b71c09c04ece827107b3c103498f.png", "pose": [[0.7645926475524902, 0.6445137858390808, 0.0, 858.7535400390625], [-0.6445137858390808, 0.7645926475524902, 0.0, 1429.5159912109375], [0.0, 0.0, 1.0, 0.0], [0.0, 0.0, 0.0, 1.0]], "pose_inverse": [[0.7645926475524902, -0.6445137858390808, 0.0, 264.7461242675781], [0.6445137858390808, 0.7645926475524902, 0.0, -1646.4759521484375], [0.0, 0.0, 1.0, 0.0], [0.0, 0.0, 0.0, 1.0]], "cam_ids": [0, 1, 2, 3, 4, 5], "cam_channels": ["CAM_FRONT_LEFT", "CAM_FRONT", "CAM_FRONT_RIGHT", "CAM_BACK_LEFT", "CAM_BACK", "CAM_BACK_RIGHT"], "token": "8d56b71c09c04ece827107b3c103498f", "scene": "scene-0105"}, {"images": ["samples/CAM_FRONT_LEFT/n008-2018-08-01-15-16-36-0400__CAM_FRONT_LEFT__1533151690104799.jpg", "samples/CAM_FRONT/n008-2018-08-01-15-16-36-0400__CAM_FRONT__1533151690112404.jpg", "samples/CAM_FRONT_RIGHT/n008-2018-08-01-15-16-36-0400__CAM_FRONT_RIGHT__1533151690120482.jpg", "samples/CAM_BACK_LEFT/n008-2018-08-01-15-16-36-0400__CAM_BACK_LEFT__1533151690147405.jpg", "samples/CAM_BACK/n008-2018-08-01-15-16-36-0400__CAM_BACK__1533151690137558.jpg", "samples/CAM_BACK_RIGHT/n008-2018-08-01-15-16-36-0400__CAM_BACK_RIGHT__1533151690128113.jpg"], "intrinsics": [[[1257.8625342125129, 0.0, 827.2410631095686], [0.0, 1257.8625342125129, 450.915498205774], [0.0, 0.0, 1.0]], [[1252.8131021185304, 0.0, 826.588114781398], [0.0, 1252.8131021185304, 469.9846626224581], [0.0, 0.0, 1.0]], [[1256.7485116440405, 0.0, 817.7887570959712], [0.0, 1256.7485116440403, 451.9541780095127], [0.0, 0.0, 1.0]], [[1254.9860565800168, 0.0, 829.5769333630991], [0.0, 1254.9860565800168, 467.1680561863987], [0.0, 0.0, 1.0]], [[796.8910634503094, 0.0, 857.7774326863696], [0.0, 796.8910634503094, 476.8848988407415], [0.0, 0.0, 1.0]], [[1249.9629280788233, 0.0, 825.3768045375984], [0.0, 1249.9629280788233, 462.54816385708756], [0.0, 0.0, 1.0]]], "extrinsics": [[[0.8213914036750793, -0.5702962875366211, -0.008859905414283276, -0.6551513671875], [0.01698019541800022, 0.03997734934091568, -0.999056339263916, 1.4952468872070312], [0.5701122283935547, 0.8204657435417175, 0.04252078756690025, -1.0972900390625], [0.0, 0.0, 0.0, 1.0]], [[0.008715154603123665, -0.9993228316307068, -0.03574660047888756, 0.0130615234375], [0.018597301095724106, 0.03590375557541847, -0.9991822242736816, 1.4865341186523438], [0.9997890591621399, 0.008043179288506508, 0.018897615373134613, -1.3835601806640625], [0.0, 0.0, 0.0, 1.0]], [[-0.8444854021072388, -0.5343157649040222, -0.03675854578614235, 0.85931396484375], [0.02625725232064724, 0.027246728539466858, -0.9992838501930237, 1.5002250671386719], [0.5349346399307251, -0.8448457717895508, -0.008979801088571548, -1.126708984375], [0.0, 0.0, 0.0, 1.0]], [[0.9479406476020813, 0.3181769847869873, 0.013117959722876549, -1.12078857421875], [-0.0004338578728493303, 0.0424838662147522, -0.9990970492362976, 1.5619964599609375], [-0.3184469938278198, 0.9470789432525635, 0.04041022062301636, -0.1646728515625], [0.0, 0.0, 0.0, 1.0]], [[0.009704327210783958, 0.9993390440940857, 0.03503357619047165, -0.029052734375], [0.0021846049930900335, 0.03501395508646965, -0.9993844032287598, 1.5682601928710938], [-0.9999505281448364, 0.009774947538971901, -0.0018433741061016917, -0.07281494140625], [0.0, 0.0, 0.0, 1.0]], [[-0.923299252986908, 0.3840780258178711, -0.0016260569682344794, 0.97021484375], [0.006857918109744787, 0.012252753600478172, -0.9999014139175415, 1.549184799194336], [-0.3840201497077942, -0.9232193231582642, -0.013946931809186935, -0.1201171875], [0.0, 0.0, 0.0, 1.0]]], "view": [[0.0, -2.0, 100.0], [-2.0, 0.0, 100.0], [0.0, 0.0, 1.0]], "bev": "bev_d737436932b14faaab01d8f80d3caf1d.png", "aux": "aux_d737436932b14faaab01d8f80d3caf1d.npz", "visibility": "visibility_d737436932b14faaab01d8f80d3caf1d.png", "pose": [[0.7739534378051758, 0.6332425475120544, 0.0, 862.2881469726562], [-0.6332425475120544, 0.7739534378051758, 0.0, 1426.50830078125], [0.0, 0.0, 1.0, 0.0], [0.0, 0.0, 0.0, 1.0]], "pose_inverse": [[0.7739534378051758, -0.6332425475120544, 0.0, 235.9548797607422], [0.6332425475120544, 0.7739534378051758, 0.0, -1650.0885009765625], [0.0, 0.0, 1.0, 0.0], [0.0, 0.0, 0.0, 1.0]], "cam_ids": [0, 1, 2, 3, 4, 5], "cam_channels": ["CAM_FRONT_LEFT", "CAM_FRONT", "CAM_FRONT_RIGHT", "CAM_BACK_LEFT", "CAM_BACK", "CAM_BACK_RIGHT"], "token": "d737436932b14faaab01d8f80d3caf1d", "scene": "scene-0105"}, {"images": ["samples/CAM_FRONT_LEFT/n008-2018-08-01-15-16-36-0400__CAM_FRONT_LEFT__1533151690604799.jpg", "samples/CAM_FRONT/n008-2018-08-01-15-16-36-0400__CAM_FRONT__1533151690612404.jpg", "samples/CAM_FRONT_RIGHT/n008-2018-08-01-15-16-36-0400__CAM_FRONT_RIGHT__1533151690620482.jpg", "samples/CAM_BACK_LEFT/n008-2018-08-01-15-16-36-0400__CAM_BACK_LEFT__1533151690647405.jpg", "samples/CAM_BACK/n008-2018-08-01-15-16-36-0400__CAM_BACK__1533151690637558.jpg", "samples/CAM_BACK_RIGHT/n008-2018-08-01-15-16-36-0400__CAM_BACK_RIGHT__1533151690628113.jpg"], "intrinsics": [[[1257.8625342125129, 0.0, 827.2410631095686], [0.0, 1257.8625342125129, 450.915498205774], [0.0, 0.0, 1.0]], [[1252.8131021185304, 0.0, 826.588114781398], [0.0, 1252.8131021185304, 469.9846626224581], [0.0, 0.0, 1.0]], [[1256.7485116440405, 0.0, 817.7887570959712], [0.0, 1256.7485116440403, 451.9541780095127], [0.0, 0.0, 1.0]], [[1254.9860565800168, 0.0, 829.5769333630991], [0.0, 1254.9860565800168, 467.1680561863987], [0.0, 0.0, 1.0]], [[796.8910634503094, 0.0, 857.7774326863696], [0.0, 796.8910634503094, 476.8848988407415], [0.0, 0.0, 1.0]], [[1249.9629280788233, 0.0, 825.3768045375984], [0.0, 1249.9629280788233, 462.54816385708756], [0.0, 0.0, 1.0]]], "extrinsics": [[[0.8223921060562134, -0.5688826441764832, -0.006614783778786659, -0.66845703125], [0.013792350888252258, 0.03155937045812607, -0.9994066953659058, 1.4937477111816406], [0.5687540173530579, 0.8218129277229309, 0.0338004045188427, -1.106201171875], [0.0, 0.0, 0.0, 1.0]], [[0.01011789683252573, -0.9995853900909424, -0.02695600688457489, 0.012451171875], [0.01557137630879879, 0.027111617848277092, -0.9995111227035522, 1.4852790832519531], [0.9998275637626648, 0.009693127125501633, 0.01583923026919365, -1.399993896484375], [0.0, 0.0, 0.0, 1.0]], [[-0.8439432382583618, -0.5356239080429077, -0.029441194608807564, 0.8731689453125], [0.023405544459819794, 0.01806374453008175, -0.9995627999305725, 1.499094009399414], [0.535921573638916, -0.8442634344100952, -0.0027082087472081184, -1.1361083984375], [0.0, 0.0, 0.0, 1.0]], [[0.947912871837616, 0.3184455931186676, 0.007334365043789148, -1.1357421875], [-0.003042701631784439, 0.03207698091864586, -0.9994807243347168, 1.5620307922363281], [-0.3185155391693115, 0.9473982453346252, 0.03137511387467384, -0.158447265625], [0.0, 0.0, 0.0, 1.0]], [[0.00923081859946251, 0.999646008014679, 0.02495487593114376, -0.0289306640625], [-0.0004673277435358614, 0.024960247799754143, -0.9996883273124695, 1.5679893493652344], [-0.9999573230743408, 0.00921626202762127, 0.0006975672440603375, -0.05572509765625], [0.0, 0.0, 0.0, 1.0]], [[-0.9236530065536499, 0.38321974873542786, -0.0027680278290063143, 0.98602294921875], [0.004093329422175884, 0.00264292536303401, -0.9999881386756897, 1.548576831817627], [-0.38320785760879517, -0.9236534237861633, -0.004009790252894163, -0.1138916015625], [0.0, 0.0, 0.0, 1.0]]], "view": [[0.0, -2.0, 100.0], [-2.0, 0.0, 100.0], [0.0, 0.0, 1.0]], "bev": "bev_ec718fc75e8148c0afc3aabbcdac9ff5.png", "aux": "aux_ec718fc75e8148c0afc3aabbcdac9ff5.npz", "visibility": "visibility_ec718fc75e8148c0afc3aabbcdac9ff5.png", "pose": [[0.7785471081733704, 0.6275861859321594, 0.0, 865.8564453125], [-0.6275861859321594, 0.7785471081733704, 0.0, 1423.5506591796875], [0.0, 0.0, 1.0, 0.0], [0.0, 0.0, 0.0, 1.0]], "pose_inverse": [[0.7785471081733704, -0.6275861859321594, 0.0, 219.2906951904297], [0.6275861859321594, 0.7785471081733704, 0.0, -1651.7008056640625], [0.0, 0.0, 1.0, 0.0], [0.0, 0.0, 0.0, 1.0]], "cam_ids": [0, 1, 2, 3, 4, 5], "cam_channels": ["CAM_FRONT_LEFT", "CAM_FRONT", "CAM_FRONT_RIGHT", "CAM_BACK_LEFT", "CAM_BACK", "CAM_BACK_RIGHT"], "token": "ec718fc75e8148c0afc3aabbcdac9ff5", "scene": "scene-0105"}, {"images": ["samples/CAM_FRONT_LEFT/n008-2018-08-01-15-16-36-0400__CAM_FRONT_LEFT__1533151691104799.jpg", "samples/CAM_FRONT/n008-2018-08-01-15-16-36-0400__CAM_FRONT__1533151691112404.jpg", "samples/CAM_FRONT_RIGHT/n008-2018-08-01-15-16-36-0400__CAM_FRONT_RIGHT__1533151691120482.jpg", "samples/CAM_BACK_LEFT/n008-2018-08-01-15-16-36-0400__CAM_BACK_LEFT__1533151691147405.jpg", "samples/CAM_BACK/n008-2018-08-01-15-16-36-0400__CAM_BACK__1533151691137558.jpg", "samples/CAM_BACK_RIGHT/n008-2018-08-01-15-16-36-0400__CAM_BACK_RIGHT__1533151691128113.jpg"], "intrinsics": [[[1257.8625342125129, 0.0, 827.2410631095686], [0.0, 1257.8625342125129, 450.915498205774], [0.0, 0.0, 1.0]], [[1252.8131021185304, 0.0, 826.588114781398], [0.0, 1252.8131021185304, 469.9846626224581], [0.0, 0.0, 1.0]], [[1256.7485116440405, 0.0, 817.7887570959712], [0.0, 1256.7485116440403, 451.9541780095127], [0.0, 0.0, 1.0]], [[1254.9860565800168, 0.0, 829.5769333630991], [0.0, 1254.9860565800168, 467.1680561863987], [0.0, 0.0, 1.0]], [[796.8910634503094, 0.0, 857.7774326863696], [0.0, 796.8910634503094, 476.8848988407415], [0.0, 0.0, 1.0]], [[1249.9629280788233, 0.0, 825.3768045375984], [0.0, 1249.9629280788233, 462.54816385708756], [0.0, 0.0, 1.0]]], "extrinsics": [[[0.8225686550140381, -0.5686659216880798, 6.52520393487066e-05, -0.6722412109375], [0.011971672996878624, 0.017202164977788925, -0.9997803568840027, 1.4930362701416016], [0.5685399174690247, 0.8223887085914612, 0.020957842469215393, -1.1082763671875], [0.0, 0.0, 0.0, 1.0]], [[0.010361435823142529, -0.9998638033866882, -0.01284687127918005, 0.0118408203125], [0.013776056468486786, 0.012989077717065811, -0.9998207688331604, 1.48468017578125], [0.9998514652252197, 0.010182621888816357, 0.013908766210079193, -1.404144287109375], [0.0, 0.0, 0.0, 1.0]], [[-0.8438664674758911, -0.5361610651016235, -0.02051244117319584, 0.8763427734375], [0.02163790538907051, 0.004192689899355173, -0.9997570514678955, 1.4985915422439575], [0.536116898059845, -0.8441053032875061, 0.008063332177698612, -1.138671875], [0.0, 0.0, 0.0, 1.0]], [[0.9478726387023926, 0.3186447322368622, 0.0017713168635964394, -1.1375732421875], [-0.004505756311118603, 0.01896112598478794, -0.9998100399971008, 1.5620098114013672], [-0.3186178207397461, 0.9476845860481262, 0.019408466294407845, -0.1583251953125], [0.0, 0.0, 0.0, 1.0]], [[0.009142212569713593, 0.9998915195465088, 0.011546103283762932, -0.02880859375], [-0.0020717191509902477, 0.011565500870347023, -0.9999309778213501, 1.567850112915039], [-0.9999561309814453, 0.009117642417550087, 0.0021772291511297226, -0.0533294677734375], [0.0, 0.0, 0.0, 1.0]], [[-0.9237254858016968, 0.38300132751464844, -0.006418902426958084, 0.9892578125], [0.002395044779404998, -0.010982033796608448, -0.9999368190765381, 1.5482730865478516], [-0.38304758071899414, -0.9236825108528137, 0.009227081201970577, -0.1129150390625], [0.0, 0.0, 0.0, 1.0]]], "view": [[0.0, -2.0, 100.0], [-2.0, 0.0, 100.0], [0.0, 0.0, 1.0]], "bev": "bev_e59d473a2d8244d49f874c2e139d0362.png", "aux": "aux_e59d473a2d8244d49f874c2e139d0362.npz", "visibility": "visibility_e59d473a2d8244d49f874c2e139d0362.png", "pose": [[0.7774646282196045, 0.628926694393158, 0.0, 869.4864501953125], [-0.628926694393158, 0.7774646282196045, 0.0, 1420.5594482421875], [0.0, 0.0, 1.0, 0.0], [0.0, 0.0, 0.0, 1.0]], "pose_inverse": [[0.7774646282196045, -0.628926694393158, 0.0, 217.4327850341797], [0.628926694393158, 0.7774646282196045, 0.0, -1651.2779541015625], [0.0, 0.0, 1.0, 0.0], [0.0, 0.0, 0.0, 1.0]], "cam_ids": [0, 1, 2, 3, 4, 5], "cam_channels": ["CAM_FRONT_LEFT", "CAM_FRONT", "CAM_FRONT_RIGHT", "CAM_BACK_LEFT", "CAM_BACK", "CAM_BACK_RIGHT"], "token": "e59d473a2d8244d49f874c2e139d0362", "scene": "scene-0105"}, {"images": ["samples/CAM_FRONT_LEFT/n008-2018-08-01-15-16-36-0400__CAM_FRONT_LEFT__1533151691604799.jpg", "samples/CAM_FRONT/n008-2018-08-01-15-16-36-0400__CAM_FRONT__1533151691612404.jpg", "samples/CAM_FRONT_RIGHT/n008-2018-08-01-15-16-36-0400__CAM_FRONT_RIGHT__1533151691620482.jpg", "samples/CAM_BACK_LEFT/n008-2018-08-01-15-16-36-0400__CAM_BACK_LEFT__1533151691647405.jpg", "samples/CAM_BACK/n008-2018-08-01-15-16-36-0400__CAM_BACK__1533151691637558.jpg", "samples/CAM_BACK_RIGHT/n008-2018-08-01-15-16-36-0400__CAM_BACK_RIGHT__1533151691628113.jpg"], "intrinsics": [[[1257.8625342125129, 0.0, 827.2410631095686], [0.0, 1257.8625342125129, 450.915498205774], [0.0, 0.0, 1.0]], [[1252.8131021185304, 0.0, 826.588114781398], [0.0, 1252.8131021185304, 469.9846626224581], [0.0, 0.0, 1.0]], [[1256.7485116440405, 0.0, 817.7887570959712], [0.0, 1256.7485116440403, 451.9541780095127], [0.0, 0.0, 1.0]], [[1254.9860565800168, 0.0, 829.5769333630991], [0.0, 1254.9860565800168, 467.1680561863987], [0.0, 0.0, 1.0]], [[796.8910634503094, 0.0, 857.7774326863696], [0.0, 796.8910634503094, 476.8848988407415], [0.0, 0.0, 1.0]], [[1249.9629280788233, 0.0, 825.3768045375984], [0.0, 1249.9629280788233, 462.54816385708756], [0.0, 0.0, 1.0]]], "extrinsics": [[[0.822066605091095, -0.5693910717964172, -0.0004619168466888368, -0.662841796875], [0.008953006006777287, 0.013737170025706291, -0.9998655319213867, 1.4920120239257812], [0.5693209171295166, 0.8219519853591919, 0.01639062911272049, -1.0968017578125], [0.0, 0.0, 0.0, 1.0]], [[0.009593892842531204, -0.9999078512191772, -0.009598197415471077, 0.0089111328125], [0.011140497401356697, 0.009704923257231712, -0.9998908638954163, 1.4839801788330078], [0.9998918175697327, 0.009485950693488121, 0.011232579126954079, -1.391998291015625], [0.0, 0.0, 0.0, 1.0]], [[-0.8442177772521973, -0.5357313752174377, -0.016976406797766685, 0.8671875], [0.019408222287893295, 0.0010983763495460153, -0.999811053276062, 1.4982130527496338], [0.5356488227844238, -0.8443877100944519, 0.009470324963331223, -1.135498046875], [0.0, 0.0, 0.0, 1.0]], [[0.9477841258049011, 0.3189123272895813, 0.00031162798404693604, -1.14117431640625], [-0.00523047149181366, 0.01652158796787262, -0.999849796295166, 1.5620079040527344], [-0.3188696801662445, 0.9476402401924133, 0.01732696034014225, -0.158447265625], [0.0, 0.0, 0.0, 1.0]], [[0.009344975464046001, 0.9999168515205383, 0.008885467424988747, -0.0281982421875], [-0.003397945314645767, 0.008917558006942272, -0.9999544620513916, 1.5677165985107422], [-0.9999505877494812, 0.009314310736954212, 0.003480997635051608, -0.0560302734375], [0.0, 0.0, 0.0, 1.0]], [[-0.9235760569572449, 0.38337093591690063, -0.005819312762469053, 0.98382568359375], [0.0005400226800702512, -0.01387690007686615, -0.9999035596847534, 1.5479164123535156], [-0.3834146559238434, -0.9234901666641235, 0.012609344907104969, -0.116943359375], [0.0, 0.0, 0.0, 1.0]]], "view": [[0.0, -2.0, 100.0], [-2.0, 0.0, 100.0], [0.0, 0.0, 1.0]], "bev": "bev_dc3e689ebb54483d9794ac6164de1646.png", "aux": "aux_dc3e689ebb54483d9794ac6164de1646.npz", "visibility": "visibility_dc3e689ebb54483d9794ac6164de1646.png", "pose": [[0.7785272002220154, 0.6276108622550964, 0.0, 873.1310424804688], [-0.6276108622550964, 0.7785272002220154, 0.0, 1417.5694580078125], [0.0, 0.0, 1.0, 0.0], [0.0, 0.0, 0.0, 1.0]], "pose_inverse": [[0.7785272002220154, -0.6276108622550964, 0.0, 209.9257354736328], [0.6276108622550964, 0.7785272002220154, 0.0, -1651.6029052734375], [0.0, 0.0, 1.0, 0.0], [0.0, 0.0, 0.0, 1.0]], "cam_ids": [0, 1, 2, 3, 4, 5], "cam_channels": ["CAM_FRONT_LEFT", "CAM_FRONT", "CAM_FRONT_RIGHT", "CAM_BACK_LEFT", "CAM_BACK", "CAM_BACK_RIGHT"], "token": "dc3e689ebb54483d9794ac6164de1646", "scene": "scene-0105"}, {"images": ["samples/CAM_FRONT_LEFT/n008-2018-08-01-15-16-36-0400__CAM_FRONT_LEFT__1533151692104799.jpg", "samples/CAM_FRONT/n008-2018-08-01-15-16-36-0400__CAM_FRONT__1533151692112404.jpg", "samples/CAM_FRONT_RIGHT/n008-2018-08-01-15-16-36-0400__CAM_FRONT_RIGHT__1533151692120482.jpg", "samples/CAM_BACK_LEFT/n008-2018-08-01-15-16-36-0400__CAM_BACK_LEFT__1533151692147405.jpg", "samples/CAM_BACK/n008-2018-08-01-15-16-36-0400__CAM_BACK__1533151692137558.jpg", "samples/CAM_BACK_RIGHT/n008-2018-08-01-15-16-36-0400__CAM_BACK_RIGHT__1533151692128113.jpg"], "intrinsics": [[[1257.8625342125129, 0.0, 827.2410631095686], [0.0, 1257.8625342125129, 450.915498205774], [0.0, 0.0, 1.0]], [[1252.8131021185304, 0.0, 826.588114781398], [0.0, 1252.8131021185304, 469.9846626224581], [0.0, 0.0, 1.0]], [[1256.7485116440405, 0.0, 817.7887570959712], [0.0, 1256.7485116440403, 451.9541780095127], [0.0, 0.0, 1.0]], [[1254.9860565800168, 0.0, 829.5769333630991], [0.0, 1254.9860565800168, 467.1680561863987], [0.0, 0.0, 1.0]], [[796.8910634503094, 0.0, 857.7774326863696], [0.0, 796.8910634503094, 476.8848988407415], [0.0, 0.0, 1.0]], [[1249.9629280788233, 0.0, 825.3768045375984], [0.0, 1249.9629280788233, 462.54816385708756], [0.0, 0.0, 1.0]]], "extrinsics": [[[0.8210406303405762, -0.5708535313606262, 0.004316295031458139, -0.6641845703125], [0.014348296448588371, 0.01307700201869011, -0.9998115301132202, 1.49420166015625], [0.5706894993782043, 0.8209477663040161, 0.018927523866295815, -1.0989990234375], [0.0, 0.0, 0.0, 1.0]], [[0.008212356828153133, -0.999927282333374, -0.00882107112556696, 0.010009765625], [0.016321631148457527, 0.00895423162728548, -0.9998267292976379, 1.4857072830200195], [0.9998329877853394, 0.008067016489803791, 0.016393981873989105, -1.394256591796875], [0.0, 0.0, 0.0, 1.0]], [[-0.8447040319442749, -0.534832775592804, -0.020714696496725082, 0.8692626953125], [0.024359913542866707, 0.00024611339904367924, -0.9997031688690186, 1.499474287033081], [0.5346790552139282, -0.8449580073356628, 0.012820585630834103, -1.1358642578125], [0.0, 0.0, 0.0, 1.0]], [[0.947842001914978, 0.3187140226364136, 0.004112725146114826, -1.138519287109375], [-0.0008510613115504384, 0.015433604829013348, -0.9998805522918701, 1.5620498657226562], [-0.3187394142150879, 0.9477252960205078, 0.014899862930178642, -0.157470703125], [0.0, 0.0, 0.0, 1.0]], [[0.009725578129291534, 0.9999212622642517, 0.007931714877486229, -0.0283203125], [0.001164411660283804, 0.007920759730041027, -0.9999679327011108, 1.5681724548339844], [-0.9999520182609558, 0.009734521619975567, -0.0010872861603274941, -0.0547637939453125], [0.0, 0.0, 0.0, 1.0]], [[-0.9232394695281982, 0.38407981395721436, -0.010557547211647034, 0.98516845703125], [0.005280772224068642, -0.014790743589401245, -0.9998766779899597, 1.5488300323486328], [-0.38418856263160706, -0.923181414604187, 0.011627161875367165, -0.11572265625], [0.0, 0.0, 0.0, 1.0]]], "view": [[0.0, -2.0, 100.0], [-2.0, 0.0, 100.0], [0.0, 0.0, 1.0]], "bev": "bev_f644a6fcf700456db690440944fbe3d2.png", "aux": "aux_f644a6fcf700456db690440944fbe3d2.npz", "visibility": "visibility_f644a6fcf700456db690440944fbe3d2.png", "pose": [[0.790602445602417, 0.6123297810554504, 0.0, 876.8882446289062], [-0.6123297810554504, 0.790602445602417, 0.0, 1414.5516357421875], [0.0, 0.0, 1.0, 0.0], [0.0, 0.0, 0.0, 1.0]], "pose_inverse": [[0.790602445602417, -0.6123297810554504, 0.0, 172.90211486816406], [0.6123297810554504, 0.790602445602417, 0.0, -1655.292724609375], [0.0, 0.0, 1.0, 0.0], [0.0, 0.0, 0.0, 1.0]], "cam_ids": [0, 1, 2, 3, 4, 5], "cam_channels": ["CAM_FRONT_LEFT", "CAM_FRONT", "CAM_FRONT_RIGHT", "CAM_BACK_LEFT", "CAM_BACK", "CAM_BACK_RIGHT"], "token": "f644a6fcf700456db690440944fbe3d2", "scene": "scene-0105"}, {"images": ["samples/CAM_FRONT_LEFT/n008-2018-08-01-15-16-36-0400__CAM_FRONT_LEFT__1533151692604799.jpg", "samples/CAM_FRONT/n008-2018-08-01-15-16-36-0400__CAM_FRONT__1533151692612404.jpg", "samples/CAM_FRONT_RIGHT/n008-2018-08-01-15-16-36-0400__CAM_FRONT_RIGHT__1533151692620482.jpg", "samples/CAM_BACK_LEFT/n008-2018-08-01-15-16-36-0400__CAM_BACK_LEFT__1533151692647405.jpg", "samples/CAM_BACK/n008-2018-08-01-15-16-36-0400__CAM_BACK__1533151692637558.jpg", "samples/CAM_BACK_RIGHT/n008-2018-08-01-15-16-36-0400__CAM_BACK_RIGHT__1533151692628113.jpg"], "intrinsics": [[[1257.8625342125129, 0.0, 827.2410631095686], [0.0, 1257.8625342125129, 450.915498205774], [0.0, 0.0, 1.0]], [[1252.8131021185304, 0.0, 826.588114781398], [0.0, 1252.8131021185304, 469.9846626224581], [0.0, 0.0, 1.0]], [[1256.7485116440405, 0.0, 817.7887570959712], [0.0, 1256.7485116440403, 451.9541780095127], [0.0, 0.0, 1.0]], [[1254.9860565800168, 0.0, 829.5769333630991], [0.0, 1254.9860565800168, 467.1680561863987], [0.0, 0.0, 1.0]], [[796.8910634503094, 0.0, 857.7774326863696], [0.0, 796.8910634503094, 476.8848988407415], [0.0, 0.0, 1.0]], [[1249.9629280788233, 0.0, 825.3768045375984], [0.0, 1249.9629280788233, 462.54816385708756], [0.0, 0.0, 1.0]]], "extrinsics": [[[0.8201352953910828, -0.5721279382705688, 0.00691849272698164, -0.6588134765625], [0.018952718004584312, 0.015079373493790627, -0.9997066855430603, 1.4961967468261719], [0.5718557834625244, 0.8200258612632751, 0.02321050316095352, -1.09619140625], [0.0, 0.0, 0.0, 1.0]], [[0.00703671108931303, -0.9999159574508667, -0.010886653326451778, 0.0107421875], [0.020804008468985558, 0.01103095430880785, -0.9997227191925049, 1.4873161315917969], [0.9997587203979492, 0.00680823577567935, 0.020879879593849182, -1.38958740234375], [0.0, 0.0, 0.0, 1.0]], [[-0.8450947999954224, -0.534005343914032, -0.025553792715072632, 0.866455078125], [0.028711112216114998, 0.0023961742408573627, -0.9995849132537842, 1.5007227659225464], [0.5338449478149414, -0.8454777002334595, 0.013306893408298492, -1.1334228515625], [0.0, 0.0, 0.0, 1.0]], [[0.9477463364601135, 0.31891271471977234, 0.00845466461032629, -1.137298583984375], [0.0028801404405385256, 0.017947306856513023, -0.9998347759246826, 1.5620594024658203], [-0.3190118074417114, 0.9476141333580017, 0.016090981662273407, -0.15869140625], [0.0, 0.0, 0.0, 1.0]], [[0.00996340997517109, 0.9998970627784729, 0.010325566865503788, -0.028564453125], [0.005212636198848486, 0.010274004191160202, -0.9999336004257202, 1.568577766418457], [-0.9999367594718933, 0.010016566142439842, -0.005109735764563084, -0.0564117431640625], [0.0, 0.0, 0.0, 1.0]], [[-0.9229385852813721, 0.3847073018550873, -0.01358475349843502, 0.9825439453125], [0.009484518319368362, -0.012553551234304905, -0.9998762607574463, 1.5496559143066406], [-0.3848302662372589, -0.9229532480239868, 0.007937394082546234, -0.1163330078125], [0.0, 0.0, 0.0, 1.0]]], "view": [[0.0, -2.0, 100.0], [-2.0, 0.0, 100.0], [0.0, 0.0, 1.0]], "bev": "bev_77d0e39819774014a8344a6d482edd2d.png", "aux": "aux_77d0e39819774014a8344a6d482edd2d.npz", "visibility": "visibility_77d0e39819774014a8344a6d482edd2d.png", "pose": [[0.8166555166244507, 0.5771254301071167, 0.0, 880.7011108398438], [-0.5771254301071167, 0.8166555166244507, 0.0, 1411.66943359375], [0.0, 0.0, 1.0, 0.0], [0.0, 0.0, 0.0, 1.0]], "pose_inverse": [[0.8166555166244507, -0.5771254301071167, 0.0, 95.48090362548828], [0.5771254301071167, 0.8166555166244507, 0.0, -1661.1226806640625], [0.0, 0.0, 1.0, 0.0], [0.0, 0.0, 0.0, 1.0]], "cam_ids": [0, 1, 2, 3, 4, 5], "cam_channels": ["CAM_FRONT_LEFT", "CAM_FRONT", "CAM_FRONT_RIGHT", "CAM_BACK_LEFT", "CAM_BACK", "CAM_BACK_RIGHT"], "token": "77d0e39819774014a8344a6d482edd2d", "scene": "scene-0105"}, {"images": ["samples/CAM_FRONT_LEFT/n008-2018-08-01-15-16-36-0400__CAM_FRONT_LEFT__1533151693104799.jpg", "samples/CAM_FRONT/n008-2018-08-01-15-16-36-0400__CAM_FRONT__1533151693112404.jpg", "samples/CAM_FRONT_RIGHT/n008-2018-08-01-15-16-36-0400__CAM_FRONT_RIGHT__1533151693120482.jpg", "samples/CAM_BACK_LEFT/n008-2018-08-01-15-16-36-0400__CAM_BACK_LEFT__1533151693147405.jpg", "samples/CAM_BACK/n008-2018-08-01-15-16-36-0400__CAM_BACK__1533151693137558.jpg", "samples/CAM_BACK_RIGHT/n008-2018-08-01-15-16-36-0400__CAM_BACK_RIGHT__1533151693128113.jpg"], "intrinsics": [[[1257.8625342125129, 0.0, 827.2410631095686], [0.0, 1257.8625342125129, 450.915498205774], [0.0, 0.0, 1.0]], [[1252.8131021185304, 0.0, 826.588114781398], [0.0, 1252.8131021185304, 469.9846626224581], [0.0, 0.0, 1.0]], [[1256.7485116440405, 0.0, 817.7887570959712], [0.0, 1256.7485116440403, 451.9541780095127], [0.0, 0.0, 1.0]], [[1254.9860565800168, 0.0, 829.5769333630991], [0.0, 1254.9860565800168, 467.1680561863987], [0.0, 0.0, 1.0]], [[796.8910634503094, 0.0, 857.7774326863696], [0.0, 796.8910634503094, 476.8848988407415], [0.0, 0.0, 1.0]], [[1249.9629280788233, 0.0, 825.3768045375984], [0.0, 1249.9629280788233, 462.54816385708756], [0.0, 0.0, 1.0]]], "extrinsics": [[[0.8198433518409729, -0.57244473695755, -0.012805204838514328, -0.66204833984375], [0.0056358338333666325, 0.03043013997375965, -0.9995209574699402, 1.4903182983398438], [0.57256019115448, 0.8193784952163696, 0.028174148872494698, -1.105712890625], [0.0, 0.0, 0.0, 1.0]], [[0.006451426073908806, -0.9996286630630493, -0.026472799479961395, 0.016357421875], [0.007345567923039198, 0.026520011946558952, -0.9996212720870972, 1.482421875], [0.9999522566795349, 0.00625450536608696, 0.0075139328837394714, -1.3963632583618164], [0.0, 0.0, 0.0, 1.0]], [[-0.8455564379692078, -0.5334161520004272, -0.022395791485905647, 0.87255859375], [0.015104830265045166, 0.01803021878004074, -0.9997233152389526, 1.496908187866211], [0.5336723923683167, -0.8456608057022095, -0.007188408635556698, -1.1318359375], [0.0, 0.0, 0.0, 1.0]], [[0.9478241801261902, 0.3187933564186096, 0.00040672990144230425, -1.1353759765625], [-0.010957065038383007, 0.03385215997695923, -0.9993667602539062, 1.5619316101074219], [-0.31860530376434326, 0.9472195506095886, 0.03557893633842468, -0.1593017578125], [0.0, 0.0, 0.0, 1.0]], [[0.010348686948418617, 0.9996065497398376, 0.026068923994898796, -0.0303955078125], [-0.008496711030602455, 0.026157284155488014, -0.9996216893196106, 1.5671348571777344], [-0.9999104142189026, 0.010123327374458313, 0.008764061145484447, -0.056949615478515625], [0.0, 0.0, 0.0, 1.0]], [[-0.92292320728302, 0.38495177030563354, 0.004995194263756275, 0.98297119140625], [-0.0040751369670033455, 0.003205825574696064, -0.9999865293502808, 1.5470209121704102], [-0.3849624693393707, -0.9229311347007751, -0.001389999408274889, -0.1123046875], [0.0, 0.0, 0.0, 1.0]]], "view": [[0.0, -2.0, 100.0], [-2.0, 0.0, 100.0], [0.0, 0.0, 1.0]], "bev": "bev_135bf33890ba4ca2984a931444923eda.png", "aux": "aux_135bf33890ba4ca2984a931444923eda.npz", "visibility": "visibility_135bf33890ba4ca2984a931444923eda.png", "pose": [[0.8467592597007751, 0.5319762825965881, 0.0, 884.6557006835938], [-0.5319762825965881, 0.8467592597007751, 0.0, 1408.96875], [0.0, 0.0, 1.0, 0.0], [0.0, 0.0, 0.0, 1.0]], "pose_inverse": [[0.8467592597007751, -0.5319762825965881, 0.0, 0.4475063383579254], [0.5319762825965881, 0.8467592597007751, 0.0, -1663.6732177734375], [0.0, 0.0, 1.0, 0.0], [0.0, 0.0, 0.0, 1.0]], "cam_ids": [0, 1, 2, 3, 4, 5], "cam_channels": ["CAM_FRONT_LEFT", "CAM_FRONT", "CAM_FRONT_RIGHT", "CAM_BACK_LEFT", "CAM_BACK", "CAM_BACK_RIGHT"], "token": "135bf33890ba4ca2984a931444923eda", "scene": "scene-0105"}, {"images": ["samples/CAM_FRONT_LEFT/n008-2018-08-01-15-16-36-0400__CAM_FRONT_LEFT__1533151693604799.jpg", "samples/CAM_FRONT/n008-2018-08-01-15-16-36-0400__CAM_FRONT__1533151693612404.jpg", "samples/CAM_FRONT_RIGHT/n008-2018-08-01-15-16-36-0400__CAM_FRONT_RIGHT__1533151693620482.jpg", "samples/CAM_BACK_LEFT/n008-2018-08-01-15-16-36-0400__CAM_BACK_LEFT__1533151693647405.jpg", "samples/CAM_BACK/n008-2018-08-01-15-16-36-0400__CAM_BACK__1533151693637558.jpg", "samples/CAM_BACK_RIGHT/n008-2018-08-01-15-16-36-0400__CAM_BACK_RIGHT__1533151693628113.jpg"], "intrinsics": [[[1257.8625342125129, 0.0, 827.2410631095686], [0.0, 1257.8625342125129, 450.915498205774], [0.0, 0.0, 1.0]], [[1252.8131021185304, 0.0, 826.588114781398], [0.0, 1252.8131021185304, 469.9846626224581], [0.0, 0.0, 1.0]], [[1256.7485116440405, 0.0, 817.7887570959712], [0.0, 1256.7485116440403, 451.9541780095127], [0.0, 0.0, 1.0]], [[1254.9860565800168, 0.0, 829.5769333630991], [0.0, 1254.9860565800168, 467.1680561863987], [0.0, 0.0, 1.0]], [[796.8910634503094, 0.0, 857.7774326863696], [0.0, 796.8910634503094, 476.8848988407415], [0.0, 0.0, 1.0]], [[1249.9629280788233, 0.0, 825.3768045375984], [0.0, 1249.9629280788233, 462.54816385708756], [0.0, 0.0, 1.0]]], "extrinsics": [[[0.8202432990074158, -0.5715796947479248, -0.02230646461248398, -0.64862060546875], [0.006861352827399969, 0.04882488772273064, -0.9987837672233582, 1.4907913208007812], [0.5719736814498901, 0.8190926313400269, 0.04397009685635567, -1.0960693359375], [0.0, 0.0, 0.0, 1.0]], [[0.007067287806421518, -0.9989611506462097, -0.045017000287771225, 0.0157470703125], [0.00858476385474205, 0.04507707431912422, -0.9989466667175293, 1.48284912109375], [0.9999381303787231, 0.006673370487987995, 0.008894418366253376, -1.3809127807617188], [0.0, 0.0, 0.0, 1.0]], [[-0.8452882170677185, -0.5332616567611694, -0.03346239775419235, 0.861572265625], [0.016363030299544334, 0.03676209598779678, -0.9991900324821472, 1.497344970703125], [0.5340598821640015, -0.8451511859893799, -0.0223487950861454, -1.1253662109375], [0.0, 0.0, 0.0, 1.0]], [[0.9478691220283508, 0.3185601830482483, 0.007970331236720085, -1.13543701171875], [-0.009308197535574436, 0.052680373191833496, -0.9985679984092712, 1.561920166015625], [-0.31852394342422485, 0.9464375376701355, 0.0528993234038353, -0.15966796875], [0.0, 0.0, 0.0, 1.0]], [[0.010247254744172096, 0.9989389777183533, 0.04489864781498909, -0.0301513671875], [-0.007009545806795359, 0.04497165605425835, -0.9989636540412903, 1.56719970703125], [-0.9999229311943054, 0.009921927005052567, 0.007462944369763136, -0.0619659423828125], [0.0, 0.0, 0.0, 1.0]], [[-0.9230333566665649, 0.384563148021698, 0.010978832840919495, 0.974365234375], [-0.0027095223776996136, 0.022038370370864868, -0.999753475189209, 1.5471687316894531], [-0.38471031188964844, -0.9228355288505554, -0.019300170242786407, -0.116455078125], [0.0, 0.0, 0.0, 1.0]]], "view": [[0.0, -2.0, 100.0], [-2.0, 0.0, 100.0], [0.0, 0.0, 1.0]], "bev": "bev_7d89f1b76a494872898db431e958d153.png", "aux": "aux_7d89f1b76a494872898db431e958d153.npz", "visibility": "visibility_7d89f1b76a494872898db431e958d153.png", "pose": [[0.8771743774414062, 0.48017191886901855, 0.0, 888.8564453125], [-0.48017191886901855, 0.8771743774414062, 0.0, 1406.4410400390625], [0.0, 0.0, 1.0, 0.0], [0.0, 0.0, 0.0, 1.0]], "pose_inverse": [[0.8771743774414062, -0.48017191886901855, 0.0, -104.34862518310547], [0.48017191886901855, 0.8771743774414062, 0.0, -1660.4979248046875], [0.0, 0.0, 1.0, 0.0], [0.0, 0.0, 0.0, 1.0]], "cam_ids": [0, 1, 2, 3, 4, 5], "cam_channels": ["CAM_FRONT_LEFT", "CAM_FRONT", "CAM_FRONT_RIGHT", "CAM_BACK_LEFT", "CAM_BACK", "CAM_BACK_RIGHT"], "token": "7d89f1b76a494872898db431e958d153", "scene": "scene-0105"}, {"images": ["samples/CAM_FRONT_LEFT/n008-2018-08-01-15-16-36-0400__CAM_FRONT_LEFT__1533151694105939.jpg", "samples/CAM_FRONT/n008-2018-08-01-15-16-36-0400__CAM_FRONT__1533151694112404.jpg", "samples/CAM_FRONT_RIGHT/n008-2018-08-01-15-16-36-0400__CAM_FRONT_RIGHT__1533151694120482.jpg", "samples/CAM_BACK_LEFT/n008-2018-08-01-15-16-36-0400__CAM_BACK_LEFT__1533151694147410.jpg", "samples/CAM_BACK/n008-2018-08-01-15-16-36-0400__CAM_BACK__1533151694137558.jpg", "samples/CAM_BACK_RIGHT/n008-2018-08-01-15-16-36-0400__CAM_BACK_RIGHT__1533151694128113.jpg"], "intrinsics": [[[1257.8625342125129, 0.0, 827.2410631095686], [0.0, 1257.8625342125129, 450.915498205774], [0.0, 0.0, 1.0]], [[1252.8131021185304, 0.0, 826.588114781398], [0.0, 1252.8131021185304, 469.9846626224581], [0.0, 0.0, 1.0]], [[1256.7485116440405, 0.0, 817.7887570959712], [0.0, 1256.7485116440403, 451.9541780095127], [0.0, 0.0, 1.0]], [[1254.9860565800168, 0.0, 829.5769333630991], [0.0, 1254.9860565800168, 467.1680561863987], [0.0, 0.0, 1.0]], [[796.8910634503094, 0.0, 857.7774326863696], [0.0, 796.8910634503094, 476.8848988407415], [0.0, 0.0, 1.0]], [[1249.9629280788233, 0.0, 825.3768045375984], [0.0, 1249.9629280788233, 462.54816385708756], [0.0, 0.0, 1.0]]], "extrinsics": [[[0.8208637237548828, -0.5710693597793579, -0.007915500551462173, -0.65771484375], [0.0157913975417614, 0.03654864802956581, -0.999207079410553, 1.4947357177734375], [0.5709058046340942, 0.8200879096984863, 0.03901943936944008, -1.09814453125], [0.0, 0.0, 0.0, 1.0]], [[0.00791837926954031, -0.9994538426399231, -0.03208419680595398, 0.0125732421875], [0.01780862733721733, 0.03222106397151947, -0.9993221163749695, 1.4863548278808594], [0.9998100996017456, 0.007341638207435608, 0.018054038286209106, -1.3790130615234375], [0.0, 0.0, 0.0, 1.0]], [[-0.8447996377944946, -0.5339808464050293, -0.034324485808610916, 0.8592529296875], [0.02590794488787651, 0.023253003135323524, -0.9993938207626343, 1.5001449584960938], [0.5344552993774414, -0.8451768159866333, -0.005809782538563013, -1.127197265625], [0.0, 0.0, 0.0, 1.0]], [[0.9478788375854492, 0.3183738887310028, 0.012801720760762691, -1.1334228515625], [0.0007175261853262782, 0.03804432973265648, -0.999275803565979, 1.5620231628417969], [-0.3186303973197937, 0.9472015500068665, 0.0358329676091671, -0.160400390625], [0.0, 0.0, 0.0, 1.0]], [[0.009846935980021954, 0.9994814395904541, 0.030656861141324043, -0.0291748046875], [0.0028284748550504446, 0.030630383640527725, -0.9995267391204834, 1.5683212280273438], [-0.9999476075172424, 0.009929019957780838, -0.0025253931526094675, -0.06365966796875], [0.0, 0.0, 0.0, 1.0]], [[-0.9231482148170471, 0.3844301104545593, -0.0032967845909297466, 0.974090576171875], [0.0069223493337631226, 0.00804764125496149, -0.9999436736106873, 1.549184799194336], [-0.3843819499015808, -0.923119068145752, -0.010090325027704239, -0.11865234375], [0.0, 0.0, 0.0, 1.0]]], "view": [[0.0, -2.0, 100.0], [-2.0, 0.0, 100.0], [0.0, 0.0, 1.0]], "bev": "bev_cef8438abb7d46a2b08f0e1787364bca.png", "aux": "aux_cef8438abb7d46a2b08f0e1787364bca.npz", "visibility": "visibility_cef8438abb7d46a2b08f0e1787364bca.png", "pose": [[0.8976718187332153, 0.440664678812027, 0.0, 893.189453125], [-0.440664678812027, 0.8976718187332153, 0.0, 1404.1107177734375], [0.0, 0.0, 1.0, 0.0], [0.0, 0.0, 0.0, 1.0]], "pose_inverse": [[0.8976718187332153, -0.440664678812027, 0.0, -183.0489959716797], [0.440664678812027, 0.8976718187332153, 0.0, -1654.027587890625], [0.0, 0.0, 1.0, 0.0], [0.0, 0.0, 0.0, 1.0]], "cam_ids": [0, 1, 2, 3, 4, 5], "cam_channels": ["CAM_FRONT_LEFT", "CAM_FRONT", "CAM_FRONT_RIGHT", "CAM_BACK_LEFT", "CAM_BACK", "CAM_BACK_RIGHT"], "token": "cef8438abb7d46a2b08f0e1787364bca", "scene": "scene-0105"}, {"images": ["samples/CAM_FRONT_LEFT/n008-2018-08-01-15-16-36-0400__CAM_FRONT_LEFT__1533151694654799.jpg", "samples/CAM_FRONT/n008-2018-08-01-15-16-36-0400__CAM_FRONT__1533151694662404.jpg", "samples/CAM_FRONT_RIGHT/n008-2018-08-01-15-16-36-0400__CAM_FRONT_RIGHT__1533151694670482.jpg", "samples/CAM_BACK_LEFT/n008-2018-08-01-15-16-36-0400__CAM_BACK_LEFT__1533151694697405.jpg", "samples/CAM_BACK/n008-2018-08-01-15-16-36-0400__CAM_BACK__1533151694687558.jpg", "samples/CAM_BACK_RIGHT/n008-2018-08-01-15-16-36-0400__CAM_BACK_RIGHT__1533151694678113.jpg"], "intrinsics": [[[1257.8625342125129, 0.0, 827.2410631095686], [0.0, 1257.8625342125129, 450.915498205774], [0.0, 0.0, 1.0]], [[1252.8131021185304, 0.0, 826.588114781398], [0.0, 1252.8131021185304, 469.9846626224581], [0.0, 0.0, 1.0]], [[1256.7485116440405, 0.0, 817.7887570959712], [0.0, 1256.7485116440403, 451.9541780095127], [0.0, 0.0, 1.0]], [[1254.9860565800168, 0.0, 829.5769333630991], [0.0, 1254.9860565800168, 467.1680561863987], [0.0, 0.0, 1.0]], [[796.8910634503094, 0.0, 857.7774326863696], [0.0, 796.8910634503094, 476.8848988407415], [0.0, 0.0, 1.0]], [[1249.9629280788233, 0.0, 825.3768045375984], [0.0, 1249.9629280788233, 462.54816385708756], [0.0, 0.0, 1.0]]], "extrinsics": [[[0.821668267250061, -0.5699544548988342, -0.0036361401434987783, -0.64068603515625], [0.021918829530477524, 0.037972595542669296, -0.9990383386611938, 1.497802734375], [0.5695444345474243, 0.820798397064209, 0.04369360953569412, -1.0858154296875], [0.0, 0.0, 0.0, 1.0]], [[0.009363876655697823, -0.999395489692688, -0.03347955271601677, 0.0125732421875], [0.024129388853907585, 0.03369710221886635, -0.9991407990455627, 1.4888229370117188], [0.9996649622917175, 0.008547973819077015, 0.02443033456802368, -1.37078857421875], [0.0, 0.0, 0.0, 1.0]], [[-0.8439807295799255, -0.534826397895813, -0.04071011766791344, 0.8536376953125], [0.03244562819600105, 0.024854077026247978, -0.9991644024848938, 1.5021591186523438], [0.5353913307189941, -0.8445963263511658, -0.0036235812585800886, -1.123291015625], [0.0, 0.0, 0.0, 1.0]], [[0.9478037357330322, 0.3182176947593689, 0.020140904933214188, -1.13189697265625], [0.007721938192844391, 0.0402400866150856, -0.9991602301597595, 1.5621261596679688], [-0.3187609314918518, 0.9471632242202759, 0.03568244352936745, -0.16064453125], [0.0, 0.0, 0.0, 1.0]], [[0.009242316707968712, 0.9994211196899414, 0.032741349190473557, -0.0294189453125], [0.009700662456452847, 0.032651595771312714, -0.9994196891784668, 1.5690956115722656], [-0.9999102354049683, 0.009554585441946983, -0.009393