[{"images": ["samples/CAM_FRONT_LEFT/n015-2018-09-25-11-10-38+0800__CAM_FRONT_LEFT__1537845303254844.jpg", "samples/CAM_FRONT/n015-2018-09-25-11-10-38+0800__CAM_FRONT__1537845303262460.jpg", "samples/CAM_FRONT_RIGHT/n015-2018-09-25-11-10-38+0800__CAM_FRONT_RIGHT__1537845303270339.jpg", "samples/CAM_BACK_LEFT/n015-2018-09-25-11-10-38+0800__CAM_BACK_LEFT__1537845303297423.jpg", "samples/CAM_BACK/n015-2018-09-25-11-10-38+0800__CAM_BACK__1537845303287525.jpg", "samples/CAM_BACK_RIGHT/n015-2018-09-25-11-10-38+0800__CAM_BACK_RIGHT__1537845303277893.jpg"], "intrinsics": [[[1272.5979470598488, 0.0, 826.6154927353808], [0.0, 1272.5979470598488, 479.75165386361925], [0.0, 0.0, 1.0]], [[1266.417203046554, 0.0, 816.2670197447984], [0.0, 1266.417203046554, 491.50706579294757], [0.0, 0.0, 1.0]], [[1260.8474446004698, 0.0, 807.968244525554], [0.0, 1260.8474446004698, 495.3344268742088], [0.0, 0.0, 1.0]], [[1256.7414812095406, 0.0, 792.1125740759628], [0.0, 1256.7414812095406, 492.7757465151356], [0.0, 0.0, 1.0]], [[809.2209905677063, 0.0, 829.2196003259838], [0.0, 809.2209905677063, 481.77842384512485], [0.0, 0.0, 1.0]], [[1259.5137405846733, 0.0, 807.2529053838625], [0.0, 1259.5137405846733, 501.19579884916527], [0.0, 0.0, 1.0]]], "extrinsics": [[[0.8212090134620667, -0.570048987865448, 0.025689473375678062, -0.9652099609375], [-0.004821901209652424, -0.051950398832559586, -0.9986380338668823, 1.5082502365112305], [0.5706071853637695, 0.8199666142463684, -0.045410849153995514, -1.28021240234375], [0.0, 0.0, 0.0, 1.0]], [[0.0065032667480409145, -0.9984126091003418, 0.05594600737094879, 0.0050201416015625], [-0.010119094513356686, -0.056010037660598755, -0.9983789324760437, 1.5205307006835938], [0.9999276399612427, 0.005926566664129496, -0.010467280633747578, -1.6922607421875], [0.0, 0.0, 0.0, 1.0]], [[-0.832512617111206, -0.5534301996231079, 0.025252752006053925, 1.0323486328125], [-0.004505491815507412, -0.0388171449303627, -0.9992361068725586, 1.5036430358886719], [0.5539876818656921, -0.8319904804229736, 0.029822291806340218, -1.248779296875], [0.0, 0.0, 0.0, 1.0]], [[0.9475123882293701, 0.31920406222343445, -0.018144553527235985, -1.142333984375], [0.004185415804386139, -0.06913045048713684, -0.9975988268852234, 1.5885539054870605], [-0.31969189643859863, 0.9451612234115601, -0.06683795899152756, -0.103668212890625], [0.0, 0.0, 0.0, 1.0]], [[0.001599609386175871, 0.9982458353042603, -0.059182871133089066, 0.0027313232421875], [-0.021239545196294785, -0.05913568288087845, -0.9980239868164062, 1.5793571472167969], [-0.9997730851173401, 0.0028534464072436094, 0.02110769785940647, 0.0018310546875], [0.0, 0.0, 0.0, 1.0]], [[-0.9351012110710144, 0.3534143269062042, -0.026156196370720863, 1.1363525390625], [0.011385224759578705, -0.0438099205493927, -0.9989750385284424, 1.5514507293701172], [-0.3541978597640991, -0.9344406127929688, 0.03694300726056099, -0.06365966796875], [0.0, 0.0, 0.0, 1.0]]], "view": [[0.0, -2.0, 100.0], [-2.0, 0.0, 100.0], [0.0, 0.0, 1.0]], "bev": "bev_f2b83707f38149dca53494b6c39b0368.png", "aux": "aux_f2b83707f38149dca53494b6c39b0368.npz", "visibility": "visibility_f2b83707f38149dca53494b6c39b0368.png", "pose": [[-0.44071367383003235, 0.8976477384567261, 0.0, 506.0426025390625], [-0.8976477384567261, -0.44071367383003235, 0.0, 1380.943115234375], [0.0, 0.0, 1.0, 0.0], [0.0, 0.0, 0.0, 1.0]], "pose_inverse": [[-0.44071367383003235, -0.8976477384567261, 0.0, 1462.620361328125], [0.8976477384567261, -0.44071367383003235, 0.0, 154.3525390625], [0.0, 0.0, 1.0, 0.0], [0.0, 0.0, 0.0, 1.0]], "cam_ids": [0, 1, 2, 3, 4, 5], "cam_channels": ["CAM_FRONT_LEFT", "CAM_FRONT", "CAM_FRONT_RIGHT", "CAM_BACK_LEFT", "CAM_BACK", "CAM_BACK_RIGHT"], "token": "f2b83707f38149dca53494b6c39b0368", "scene": "scene-0978"}, {"images": ["samples/CAM_FRONT_LEFT/n015-2018-09-25-11-10-38+0800__CAM_FRONT_LEFT__1537845303754844.jpg", "samples/CAM_FRONT/n015-2018-09-25-11-10-38+0800__CAM_FRONT__1537845303762460.jpg", "samples/CAM_FRONT_RIGHT/n015-2018-09-25-11-10-38+0800__CAM_FRONT_RIGHT__1537845303770339.jpg", "samples/CAM_BACK_LEFT/n015-2018-09-25-11-10-38+0800__CAM_BACK_LEFT__1537845303797423.jpg", "samples/CAM_BACK/n015-2018-09-25-11-10-38+0800__CAM_BACK__1537845303787525.jpg", "samples/CAM_BACK_RIGHT/n015-2018-09-25-11-10-38+0800__CAM_BACK_RIGHT__1537845303777893.jpg"], "intrinsics": [[[1272.5979470598488, 0.0, 826.6154927353808], [0.0, 1272.5979470598488, 479.75165386361925], [0.0, 0.0, 1.0]], [[1266.417203046554, 0.0, 816.2670197447984], [0.0, 1266.417203046554, 491.50706579294757], [0.0, 0.0, 1.0]], [[1260.8474446004698, 0.0, 807.968244525554], [0.0, 1260.8474446004698, 495.3344268742088], [0.0, 0.0, 1.0]], [[1256.7414812095406, 0.0, 792.1125740759628], [0.0, 1256.7414812095406, 492.7757465151356], [0.0, 0.0, 1.0]], [[809.2209905677063, 0.0, 829.2196003259838], [0.0, 809.2209905677063, 481.77842384512485], [0.0, 0.0, 1.0]], [[1259.5137405846733, 0.0, 807.2529053838625], [0.0, 1259.5137405846733, 501.19579884916527], [0.0, 0.0, 1.0]]], "extrinsics": [[[0.8211954236030579, -0.5700727105140686, 0.025596868246793747, -0.96484375], [-0.0049338070675730705, -0.05194709077477455, -0.9986376762390137, 1.5082473754882812], [0.5706257224082947, 0.8199503421783447, -0.04547134041786194, -1.2801513671875], [0.0, 0.0, 0.0, 1.0]], [[0.006487453356385231, -0.9984131455421448, 0.05593770742416382, 0.00506591796875], [-0.010227284394204617, -0.056002214550971985, -0.9983782768249512, 1.520528793334961], [0.9999266266822815, 0.005904845427721739, -0.01057436689734459, -1.692138671875], [0.0, 0.0, 0.0, 1.0]], [[-0.8325196504592896, -0.5534162521362305, 0.025326156988739967, 1.0322265625], [-0.00460616871714592, -0.038799166679382324, -0.9992363452911377, 1.5036420822143555], [0.55397629737854, -0.8320006132125854, 0.029751939699053764, -1.24871826171875], [0.0, 0.0, 0.0, 1.0]], [[0.947513222694397, 0.3191971778869629, -0.01821788400411606, -1.142333984375], [0.004099281504750252, -0.06910557299852371, -0.9976009130477905, 1.5885553359985352], [-0.3196903467178345, 0.9451653957366943, -0.06678691506385803, -0.10369873046875], [0.0, 0.0, 0.0, 1.0]], [[0.0016040562186390162, 0.9982470273971558, -0.05916442722082138, 0.0027923583984375], [-0.021324023604393005, -0.0591169074177742, -0.9980233311653137, 1.5793571472167969], [-0.9997712969779968, 0.002862506080418825, 0.021191813051700592, 0.0018310546875], [0.0, 0.0, 0.0, 1.0]], [[-0.9350989460945129, 0.3534272313117981, -0.026060890406370163, 1.13623046875], [0.01129232905805111, -0.04378494992852211, -0.9989771842956543, 1.5514440536499023], [-0.3542068898677826, -0.9344367384910583, 0.03695223852992058, -0.06365966796875], [0.0, 0.0, 0.0, 1.0]]], "view": [[0.0, -2.0, 100.0], [-2.0, 0.0, 100.0], [0.0, 0.0, 1.0]], "bev": "bev_2348741625494fe1b7514e2381036189.png", "aux": "aux_2348741625494fe1b7514e2381036189.npz", "visibility": "visibility_2348741625494fe1b7514e2381036189.png", "pose": [[-0.4407085180282593, 0.8976503014564514, 0.0, 506.0426025390625], [-0.8976503014564514, -0.4407085180282593, 0.0, 1380.943115234375], [0.0, 0.0, 1.0, 0.0], [0.0, 0.0, 0.0, 1.0]], "pose_inverse": [[-0.4407085180282593, -0.8976503014564514, 0.0, 1462.6212158203125], [0.8976503014564514, -0.4407085180282593, 0.0, 154.34410095214844], [0.0, 0.0, 1.0, 0.0], [0.0, 0.0, 0.0, 1.0]], "cam_ids": [0, 1, 2, 3, 4, 5], "cam_channels": ["CAM_FRONT_LEFT", "CAM_FRONT", "CAM_FRONT_RIGHT", "CAM_BACK_LEFT", "CAM_BACK", "CAM_BACK_RIGHT"], "token": "2348741625494fe1b7514e2381036189", "scene": "scene-0978"}, {"images": ["samples/CAM_FRONT_LEFT/n015-2018-09-25-11-10-38+0800__CAM_FRONT_LEFT__1537845304254844.jpg", "samples/CAM_FRONT/n015-2018-09-25-11-10-38+0800__CAM_FRONT__1537845304262460.jpg", "samples/CAM_FRONT_RIGHT/n015-2018-09-25-11-10-38+0800__CAM_FRONT_RIGHT__1537845304270339.jpg", "samples/CAM_BACK_LEFT/n015-2018-09-25-11-10-38+0800__CAM_BACK_LEFT__1537845304297423.jpg", "samples/CAM_BACK/n015-2018-09-25-11-10-38+0800__CAM_BACK__1537845304287525.jpg", "samples/CAM_BACK_RIGHT/n015-2018-09-25-11-10-38+0800__CAM_BACK_RIGHT__1537845304277893.jpg"], "intrinsics": [[[1272.5979470598488, 0.0, 826.6154927353808], [0.0, 1272.5979470598488, 479.75165386361925], [0.0, 0.0, 1.0]], [[1266.417203046554, 0.0, 816.2670197447984], [0.0, 1266.417203046554, 491.50706579294757], [0.0, 0.0, 1.0]], [[1260.8474446004698, 0.0, 807.968244525554], [0.0, 1260.8474446004698, 495.3344268742088], [0.0, 0.0, 1.0]], [[1256.7414812095406, 0.0, 792.1125740759628], [0.0, 1256.7414812095406, 492.7757465151356], [0.0, 0.0, 1.0]], [[809.2209905677063, 0.0, 829.2196003259838], [0.0, 809.2209905677063, 481.77842384512485], [0.0, 0.0, 1.0]], [[1259.5137405846733, 0.0, 807.2529053838625], [0.0, 1259.5137405846733, 501.19579884916527], [0.0, 0.0, 1.0]]], "extrinsics": [[[0.821196436882019, -0.5700679421424866, 0.02566773071885109, -0.9649658203125], [-0.004850680939853191, -0.05195193365216255, -0.9986377954483032, 1.5082464218139648], [0.570624828338623, 0.8199533224105835, -0.04542796313762665, -1.2801513671875], [0.0, 0.0, 0.0, 1.0]], [[0.006486515048891306, -0.9984126091003418, 0.055946700274944305, 0.0050506591796875], [-0.010146664455533028, -0.05601071938872337, -0.998378574848175, 1.5205326080322266], [0.9999274611473083, 0.00590834766626358, -0.010493872687220573, -1.6922607421875], [0.0, 0.0, 0.0, 1.0]], [[-0.8325198888778687, -0.5534184575080872, 0.025271212682127953, 1.0323486328125], [-0.004530097357928753, -0.038814231753349304, -0.9992361664772034, 1.5036468505859375], [0.5539765954017639, -0.8319984674453735, 0.029806584119796753, -1.2486572265625], [0.0, 0.0, 0.0, 1.0]], [[0.9475119709968567, 0.3192048966884613, -0.018146999180316925, -1.1424560546875], [0.0041784425266087055, -0.06911725550889969, -0.9975997805595398, 1.5885543823242188], [-0.319692999124527, 0.9451618194580078, -0.06682320684194565, -0.10369873046875], [0.0, 0.0, 0.0, 1.0]], [[0.0016042464412748814, 0.9982460141181946, -0.05918070301413536, 0.002838134765625], [-0.021250860765576363, -0.0591333843767643, -0.9980238676071167, 1.5793495178222656], [-0.999772846698761, 0.002858775667846203, 0.02111872285604477, 0.001708984375], [0.0, 0.0, 0.0, 1.0]], [[-0.9350979924201965, 0.35342419147491455, -0.026135122403502464, 1.13623046875], [0.011364123784005642, -0.0438050851225853, -0.9989755153656006, 1.5514450073242188], [-0.35420703887939453, -0.9344369769096375, 0.03694569319486618, -0.06365966796875], [0.0, 0.0, 0.0, 1.0]]], "view": [[0.0, -2.0, 100.0], [-2.0, 0.0, 100.0], [0.0, 0.0, 1.0]], "bev": "bev_7df06871e2ea4f9a8166f1b98ab76a7c.png", "aux": "aux_7df06871e2ea4f9a8166f1b98ab76a7c.npz", "visibility": "visibility_7df06871e2ea4f9a8166f1b98ab76a7c.png", "pose": [[-0.44069042801856995, 0.8976591229438782, 0.0, 506.0426025390625], [-0.8976591229438782, -0.44069042801856995, 0.0, 1380.943115234375], [0.0, 0.0, 1.0, 0.0], [0.0, 0.0, 0.0, 1.0]], "pose_inverse": [[-0.44069042801856995, -0.8976591229438782, 0.0, 1462.6243896484375], [0.8976591229438782, -0.44069042801856995, 0.0, 154.3146514892578], [0.0, 0.0, 1.0, 0.0], [0.0, 0.0, 0.0, 1.0]], "cam_ids": [0, 1, 2, 3, 4, 5], "cam_channels": ["CAM_FRONT_LEFT", "CAM_FRONT", "CAM_FRONT_RIGHT", "CAM_BACK_LEFT", "CAM_BACK", "CAM_BACK_RIGHT"], "token": "7df06871e2ea4f9a8166f1b98ab76a7c", "scene": "scene-0978"}, {"images": ["samples/CAM_FRONT_LEFT/n015-2018-09-25-11-10-38+0800__CAM_FRONT_LEFT__1537845304754844.jpg", "samples/CAM_FRONT/n015-2018-09-25-11-10-38+0800__CAM_FRONT__1537845304762765.jpg", "samples/CAM_FRONT_RIGHT/n015-2018-09-25-11-10-38+0800__CAM_FRONT_RIGHT__1537845304770339.jpg", "samples/CAM_BACK_LEFT/n015-2018-09-25-11-10-38+0800__CAM_BACK_LEFT__1537845304797423.jpg", "samples/CAM_BACK/n015-2018-09-25-11-10-38+0800__CAM_BACK__1537845304787525.jpg", "samples/CAM_BACK_RIGHT/n015-2018-09-25-11-10-38+0800__CAM_BACK_RIGHT__1537845304777893.jpg"], "intrinsics": [[[1272.5979470598488, 0.0, 826.6154927353808], [0.0, 1272.5979470598488, 479.75165386361925], [0.0, 0.0, 1.0]], [[1266.417203046554, 0.0, 816.2670197447984], [0.0, 1266.417203046554, 491.50706579294757], [0.0, 0.0, 1.0]], [[1260.8474446004698, 0.0, 807.968244525554], [0.0, 1260.8474446004698, 495.3344268742088], [0.0, 0.0, 1.0]], [[1256.7414812095406, 0.0, 792.1125740759628], [0.0, 1256.7414812095406, 492.7757465151356], [0.0, 0.0, 1.0]], [[809.2209905677063, 0.0, 829.2196003259838], [0.0, 809.2209905677063, 481.77842384512485], [0.0, 0.0, 1.0]], [[1259.5137405846733, 0.0, 807.2529053838625], [0.0, 1259.5137405846733, 501.19579884916527], [0.0, 0.0, 1.0]]], "extrinsics": [[[0.8211941123008728, -0.5700730085372925, 0.025631021708250046, -0.9649658203125], [-0.00488516828045249, -0.05193684622645378, -0.9986384510993958, 1.508249282836914], [0.5706279873847961, 0.8199507594108582, -0.04543513432145119, -1.28021240234375], [0.0, 0.0, 0.0, 1.0]], [[0.006482596509158611, -0.9984140992164612, 0.0559210404753685, 0.00506591796875], [-0.010179521515965462, -0.055985208600759506, -0.9983797669410706, 1.5205345153808594], [0.9999271631240845, 0.0059029157273471355, -0.010526308789849281, -1.692138671875], [0.0, 0.0, 0.0, 1.0]], [[-0.8325219750404358, -0.5534146428108215, 0.025285551324486732, 1.0323486328125], [-0.004565127193927765, -0.038787711411714554, -0.9992370009422302, 1.5036439895629883], [0.5539731383323669, -0.8320022225379944, 0.02976522035896778, -1.24871826171875], [0.0, 0.0, 0.0, 1.0]], [[0.9475137591362, 0.3191980719566345, -0.01817338727414608, -1.1422119140625], [0.00414271280169487, -0.06909526139497757, -0.9976014494895935, 1.588557243347168], [-0.31968817114830017, 0.9451658129692078, -0.06679106503725052, -0.103668212890625], [0.0, 0.0, 0.0, 1.0]], [[0.001606467878445983, 0.9982473254203796, -0.059158165007829666, 0.0028228759765625], [-0.02129242941737175, -0.05911067873239517, -0.9980243444442749, 1.5793571472167969], [-0.9997718930244446, 0.0028629424050450325, 0.021160151809453964, 0.001708984375], [0.0, 0.0, 0.0, 1.0]], [[-0.9350974559783936, 0.3534288704395294, -0.02609086036682129, 1.1363525390625], [0.011325597763061523, -0.04378146678209305, -0.9989769458770752, 1.5514488220214844], [-0.3542095720767975, -0.9344363212585449, 0.03693714737892151, -0.0635986328125], [0.0, 0.0, 0.0, 1.0]]], "view": [[0.0, -2.0, 100.0], [-2.0, 0.0, 100.0], [0.0, 0.0, 1.0]], "bev": "bev_24d2204086e147b3b8f3033e0cc09c6e.png", "aux": "aux_24d2204086e147b3b8f3033e0cc09c6e.npz", "visibility": "visibility_24d2204086e147b3b8f3033e0cc09c6e.png", "pose": [[-0.44070369005203247, 0.8976526260375977, 0.0, 506.0426025390625], [-0.8976526260375977, -0.44070369005203247, 0.0, 1380.943115234375], [0.0, 0.0, 1.0, 0.0], [0.0, 0.0, 0.0, 1.0]], "pose_inverse": [[-0.44070369005203247, -0.8976526260375977, 0.0, 1462.6220703125], [0.8976526260375977, -0.44070369005203247, 0.0, 154.33624267578125], [0.0, 0.0, 1.0, 0.0], [0.0, 0.0, 0.0, 1.0]], "cam_ids": [0, 1, 2, 3, 4, 5], "cam_channels": ["CAM_FRONT_LEFT", "CAM_FRONT", "CAM_FRONT_RIGHT", "CAM_BACK_LEFT", "CAM_BACK", "CAM_BACK_RIGHT"], "token": "24d2204086e147b3b8f3033e0cc09c6e", "scene": "scene-0978"}, {"images": ["samples/CAM_FRONT_LEFT/n015-2018-09-25-11-10-38+0800__CAM_FRONT_LEFT__1537845305254844.jpg", "samples/CAM_FRONT/n015-2018-09-25-11-10-38+0800__CAM_FRONT__1537845305262460.jpg", "samples/CAM_FRONT_RIGHT/n015-2018-09-25-11-10-38+0800__CAM_FRONT_RIGHT__1537845305270339.jpg", "samples/CAM_BACK_LEFT/n015-2018-09-25-11-10-38+0800__CAM_BACK_LEFT__1537845305297423.jpg", "samples/CAM_BACK/n015-2018-09-25-11-10-38+0800__CAM_BACK__1537845305287525.jpg", "samples/CAM_BACK_RIGHT/n015-2018-09-25-11-10-38+0800__CAM_BACK_RIGHT__1537845305277893.jpg"], "intrinsics": [[[1272.5979470598488, 0.0, 826.6154927353808], [0.0, 1272.5979470598488, 479.75165386361925], [0.0, 0.0, 1.0]], [[1266.417203046554, 0.0, 816.2670197447984], [0.0, 1266.417203046554, 491.50706579294757], [0.0, 0.0, 1.0]], [[1260.8474446004698, 0.0, 807.968244525554], [0.0, 1260.8474446004698, 495.3344268742088], [0.0, 0.0, 1.0]], [[1256.7414812095406, 0.0, 792.1125740759628], [0.0, 1256.7414812095406, 492.7757465151356], [0.0, 0.0, 1.0]], [[809.2209905677063, 0.0, 829.2196003259838], [0.0, 809.2209905677063, 481.77842384512485], [0.0, 0.0, 1.0]], [[1259.5137405846733, 0.0, 807.2529053838625], [0.0, 1259.5137405846733, 501.19579884916527], [0.0, 0.0, 1.0]]], "extrinsics": [[[0.8212013244628906, -0.5700610280036926, 0.025666065514087677, -0.965087890625], [-0.004824784584343433, -0.05191247537732124, -0.9986400008201599, 1.5082483291625977], [0.5706181526184082, 0.8199606537818909, -0.04538101702928543, -1.28021240234375], [0.0, 0.0, 0.0, 1.0]], [[0.0064968024380505085, -0.9984151721000671, 0.05590018630027771, 0.0050506591796875], [-0.010121261700987816, -0.0559641569852829, -0.9983815550804138, 1.5205345153808594], [0.9999276399612427, 0.005920505616813898, -0.010468808934092522, -1.692138671875], [0.0, 0.0, 0.0, 1.0]], [[-0.832515299320221, -0.5534271597862244, 0.025231927633285522, 1.0323486328125], [-0.004515254870057106, -0.03876514732837677, -0.999238133430481, 1.503645896911621], [0.5539836287498474, -0.8319950103759766, 0.029773712158203125, -1.2486572265625], [0.0, 0.0, 0.0, 1.0]], [[0.9475118517875671, 0.3192053735256195, -0.018144818022847176, -1.14208984375], [0.0041665732860565186, -0.06907527148723602, -0.9976027607917786, 1.5885515213012695], [-0.3196934759616852, 0.9451648592948914, -0.06677962094545364, -0.10369873046875], [0.0, 0.0, 0.0, 1.0]], [[0.0016008613165467978, 0.9982486367225647, -0.05913734808564186, 0.0028076171875], [-0.021257350221276283, -0.05909009277820587, -0.9980263113975525, 1.5793609619140625], [-0.9997727870941162, 0.0028547856491059065, 0.021125521510839462, 0.0018310546875], [0.0, 0.0, 0.0, 1.0]], [[-0.9351001381874084, 0.3534197211265564, -0.026120688766241074, 1.1361083984375], [0.011366983875632286, -0.043757371604442596, -0.998977541923523, 1.5514507293701172], [-0.3542012870311737, -0.9344409704208374, 0.03690020740032196, -0.0635986328125], [0.0, 0.0, 0.0, 1.0]]], "view": [[0.0, -2.0, 100.0], [-2.0, 0.0, 100.0], [0.0, 0.0, 1.0]], "bev": "bev_e1a52a6d9a32487f960ed2723a0377c5.png", "aux": "aux_e1a52a6d9a32487f960ed2723a0377c5.npz", "visibility": "visibility_e1a52a6d9a32487f960ed2723a0377c5.png", "pose": [[-0.4407294988632202, 0.8976399898529053, 0.0, 506.0426025390625], [-0.8976399898529053, -0.4407294988632202, 0.0, 1380.943115234375], [0.0, 0.0, 1.0, 0.0], [0.0, 0.0, 0.0, 1.0]], "pose_inverse": [[-0.4407294988632202, -0.8976399898529053, 0.0, 1462.61767578125], [0.8976399898529053, -0.4407294988632202, 0.0, 154.37828063964844], [0.0, 0.0, 1.0, 0.0], [0.0, 0.0, 0.0, 1.0]], "cam_ids": [0, 1, 2, 3, 4, 5], "cam_channels": ["CAM_FRONT_LEFT", "CAM_FRONT", "CAM_FRONT_RIGHT", "CAM_BACK_LEFT", "CAM_BACK", "CAM_BACK_RIGHT"], "token": "e1a52a6d9a32487f960ed2723a0377c5", "scene": "scene-0978"}, {"images": ["samples/CAM_FRONT_LEFT/n015-2018-09-25-11-10-38+0800__CAM_FRONT_LEFT__1537845305654844.jpg", "samples/CAM_FRONT/n015-2018-09-25-11-10-38+0800__CAM_FRONT__1537845305662460.jpg", "samples/CAM_FRONT_RIGHT/n015-2018-09-25-11-10-38+0800__CAM_FRONT_RIGHT__1537845305670339.jpg", "samples/CAM_BACK_LEFT/n015-2018-09-25-11-10-38+0800__CAM_BACK_LEFT__1537845305697423.jpg", "samples/CAM_BACK/n015-2018-09-25-11-10-38+0800__CAM_BACK__1537845305687525.jpg", "samples/CAM_BACK_RIGHT/n015-2018-09-25-11-10-38+0800__CAM_BACK_RIGHT__1537845305677893.jpg"], "intrinsics": [[[1272.5979470598488, 0.0, 826.6154927353808], [0.0, 1272.5979470598488, 479.75165386361925], [0.0, 0.0, 1.0]], [[1266.417203046554, 0.0, 816.2670197447984], [0.0, 1266.417203046554, 491.50706579294757], [0.0, 0.0, 1.0]], [[1260.8474446004698, 0.0, 807.968244525554], [0.0, 1260.8474446004698, 495.3344268742088], [0.0, 0.0, 1.0]], [[1256.7414812095406, 0.0, 792.1125740759628], [0.0, 1256.7414812095406, 492.7757465151356], [0.0, 0.0, 1.0]], [[809.2209905677063, 0.0, 829.2196003259838], [0.0, 809.2209905677063, 481.77842384512485], [0.0, 0.0, 1.0]], [[1259.5137405846733, 0.0, 807.2529053838625], [0.0, 1259.5137405846733, 501.19579884916527], [0.0, 0.0, 1.0]]], "extrinsics": [[[0.821199893951416, -0.5700645446777344, 0.025633305311203003, -0.96484375], [-0.004858587868511677, -0.05190347135066986, -0.9986402988433838, 1.5082464218139648], [0.5706198811531067, 0.8199588060379028, -0.04539283365011215, -1.28021240234375], [0.0, 0.0, 0.0, 1.0]], [[0.006492955144494772, -0.9984157085418701, 0.05589235574007034, 0.0050506591796875], [-0.010154134593904018, -0.055956486612558365, -0.9983816146850586, 1.5205326080322266], [0.9999273419380188, 0.005914908833801746, -0.010501368902623653, -1.692138671875], [0.0, 0.0, 0.0, 1.0]], [[-0.8325172066688538, -0.5534235835075378, 0.025249047204852104, 1.0323486328125], [-0.004543391056358814, -0.03875398635864258, -0.9992384314537048, 1.5036449432373047], [0.5539805293083191, -0.8319978713989258, 0.02974894270300865, -1.2486572265625], [0.0, 0.0, 0.0, 1.0]], [[0.9475131034851074, 0.31920120120048523, -0.018155189231038094, -1.14208984375], [0.004147077910602093, -0.0690508484840393, -0.997604489326477, 1.588554859161377], [-0.31969016790390015, 0.9451680183410645, -0.06675033271312714, -0.103729248046875], [0.0, 0.0, 0.0, 1.0]], [[0.001603601616807282, 0.9982501268386841, -0.05911250784993172, 0.0028076171875], [-0.021273165941238403, -0.05906515568494797, -0.9980274438858032, 1.5793571472167969], [-0.9997723698616028, 0.002857956336811185, 0.02114122360944748, 0.0018310546875], [0.0, 0.0, 0.0, 1.0]], [[-0.9350994229316711, 0.3534235954284668, -0.026094114407896996, 1.1363525390625], [0.011345254257321358, -0.04373936727643013, -0.9989785552024841, 1.5514488220214844], [-0.3542039394378662, -0.9344403147697449, 0.03689097240567207, -0.0635986328125], [0.0, 0.0, 0.0, 1.0]]], "view": [[0.0, -2.0, 100.0], [-2.0, 0.0, 100.0], [0.0, 0.0, 1.0]], "bev": "bev_d752347ca2b04807abadcd1be63d812e.png", "aux": "aux_d752347ca2b04807abadcd1be63d812e.npz", "visibility": "visibility_d752347ca2b04807abadcd1be63d812e.png", "pose": [[-0.44069308042526245, 0.8976578712463379, 0.0, 506.0426025390625], [-0.8976578712463379, -0.44069308042526245, 0.0, 1380.943115234375], [0.0, 0.0, 1.0, 0.0], [0.0, 0.0, 0.0, 1.0]], "pose_inverse": [[-0.44069308042526245, -0.8976578712463379, 0.0, 1462.6239013671875], [0.8976578712463379, -0.44069308042526245, 0.0, 154.3189697265625], [0.0, 0.0, 1.0, 0.0], [0.0, 0.0, 0.0, 1.0]], "cam_ids": [0, 1, 2, 3, 4, 5], "cam_channels": ["CAM_FRONT_LEFT", "CAM_FRONT", "CAM_FRONT_RIGHT", "CAM_BACK_LEFT", "CAM_BACK", "CAM_BACK_RIGHT"], "token": "d752347ca2b04807abadcd1be63d812e", "scene": "scene-0978"}, {"images": ["samples/CAM_FRONT_LEFT/n015-2018-09-25-11-10-38+0800__CAM_FRONT_LEFT__1537845306154844.jpg", "samples/CAM_FRONT/n015-2018-09-25-11-10-38+0800__CAM_FRONT__1537845306162460.jpg", "samples/CAM_FRONT_RIGHT/n015-2018-09-25-11-10-38+0800__CAM_FRONT_RIGHT__1537845306170339.jpg", "samples/CAM_BACK_LEFT/n015-2018-09-25-11-10-38+0800__CAM_BACK_LEFT__1537845306197423.jpg", "samples/CAM_BACK/n015-2018-09-25-11-10-38+0800__CAM_BACK__1537845306187525.jpg", "samples/CAM_BACK_RIGHT/n015-2018-09-25-11-10-38+0800__CAM_BACK_RIGHT__1537845306177893.jpg"], "intrinsics": [[[1272.5979470598488, 0.0, 826.6154927353808], [0.0, 1272.5979470598488, 479.75165386361925], [0.0, 0.0, 1.0]], [[1266.417203046554, 0.0, 816.2670197447984], [0.0, 1266.417203046554, 491.50706579294757], [0.0, 0.0, 1.0]], [[1260.8474446004698, 0.0, 807.968244525554], [0.0, 1260.8474446004698, 495.3344268742088], [0.0, 0.0, 1.0]], [[1256.7414812095406, 0.0, 792.1125740759628], [0.0, 1256.7414812095406, 492.7757465151356], [0.0, 0.0, 1.0]], [[809.2209905677063, 0.0, 829.2196003259838], [0.0, 809.2209905677063, 481.77842384512485], [0.0, 0.0, 1.0]], [[1259.5137405846733, 0.0, 807.2529053838625], [0.0, 1259.5137405846733, 501.19579884916527], [0.0, 0.0, 1.0]]], "extrinsics": [[[0.8211897611618042, -0.570077657699585, 0.025668203830718994, -0.96484375], [-0.004813872277736664, -0.05189892277121544, -0.9986407160758972, 1.5082483291625977], [0.5706349015235901, 0.8199499845504761, -0.04536314681172371, -1.2801513671875], [0.0, 0.0, 0.0, 1.0]], [[0.006476160138845444, -0.998416006565094, 0.05588727071881294, 0.0050811767578125], [-0.010106825269758701, -0.05595094710588455, -0.9983823895454407, 1.5205345153808594], [0.9999279379844666, 0.005900833290070295, -0.010453165508806705, -1.6922607421875], [0.0, 0.0, 0.0, 1.0]], [[-0.8325244784355164, -0.553414523601532, 0.025205034762620926, 1.0323486328125], [-0.00449115876108408, -0.038753677159547806, -0.9992386698722839, 1.5036439895629883], [0.5539699792861938, -0.8320038914680481, 0.02977791428565979, -1.24871826171875], [0.0, 0.0, 0.0, 1.0]], [[0.9475114941596985, 0.3192089796066284, -0.018103523179888725, -1.142333984375], [0.00420894892886281, -0.0690712258219719, -0.9976028800010681, 1.588554859161377], [-0.3196941614151001, 0.9451639652252197, -0.06678930670022964, -0.103729248046875], [0.0, 0.0, 0.0, 1.0]], [[0.0016082365764304996, 0.9982491731643677, -0.05912735313177109, 0.0028228759765625], [-0.021213462576270103, -0.05908006429672241, -0.9980278015136719, 1.5793571472167969], [-0.9997736215591431, 0.0028593307361006737, 0.021081307902932167, 0.0018310546875], [0.0, 0.0, 0.0, 1.0]], [[-0.9350951910018921, 0.35343053936958313, -0.026150204241275787, 1.13623046875], [0.011402101255953312, -0.0437467098236084, -0.9989776015281677, 1.5514488220214844], [-0.354213148355484, -0.9344373345375061, 0.03687749058008194, -0.06365966796875], [0.0, 0.0, 0.0, 1.0]]], "view": [[0.0, -2.0, 100.0], [-2.0, 0.0, 100.0], [0.0, 0.0, 1.0]], "bev": "bev_fbf073aa97ba4288b5fd093b5b67a5d8.png", "aux": "aux_fbf073aa97ba4288b5fd093b5b67a5d8.npz", "visibility": "visibility_fbf073aa97ba4288b5fd093b5b67a5d8.png", "pose": [[-0.44070592522621155, 0.8976515531539917, 0.0, 506.0426025390625], [-0.8976515531539917, -0.44070592522621155, 0.0, 1380.943115234375], [0.0, 0.0, 1.0, 0.0], [0.0, 0.0, 0.0, 1.0]], "pose_inverse": [[-0.44070592522621155, -0.8976515531539917, 0.0, 1462.6217041015625], [0.8976515531539917, -0.44070592522621155, 0.0, 154.33990478515625], [0.0, 0.0, 1.0, 0.0], [0.0, 0.0, 0.0, 1.0]], "cam_ids": [0, 1, 2, 3, 4, 5], "cam_channels": ["CAM_FRONT_LEFT", "CAM_FRONT", "CAM_FRONT_RIGHT", "CAM_BACK_LEFT", "CAM_BACK", "CAM_BACK_RIGHT"], "token": "fbf073aa97ba4288b5fd093b5b67a5d8", "scene": "scene-0978"}, {"images": ["samples/CAM_FRONT_LEFT/n015-2018-09-25-11-10-38+0800__CAM_FRONT_LEFT__1537845306654844.jpg", "samples/CAM_FRONT/n015-2018-09-25-11-10-38+0800__CAM_FRONT__1537845306662460.jpg", "samples/CAM_FRONT_RIGHT/n015-2018-09-25-11-10-38+0800__CAM_FRONT_RIGHT__1537845306670339.jpg", "samples/CAM_BACK_LEFT/n015-2018-09-25-11-10-38+0800__CAM_BACK_LEFT__1537845306697653.jpg", "samples/CAM_BACK/n015-2018-09-25-11-10-38+0800__CAM_BACK__1537845306687525.jpg", "samples/CAM_BACK_RIGHT/n015-2018-09-25-11-10-38+0800__CAM_BACK_RIGHT__1537845306677893.jpg"], "intrinsics": [[[1272.5979470598488, 0.0, 826.6154927353808], [0.0, 1272.5979470598488, 479.75165386361925], [0.0, 0.0, 1.0]], [[1266.417203046554, 0.0, 816.2670197447984], [0.0, 1266.417203046554, 491.50706579294757], [0.0, 0.0, 1.0]], [[1260.8474446004698, 0.0, 807.968244525554], [0.0, 1260.8474446004698, 495.3344268742088], [0.0, 0.0, 1.0]], [[1256.7414812095406, 0.0, 792.1125740759628], [0.0, 1256.7414812095406, 492.7757465151356], [0.0, 0.0, 1.0]], [[809.2209905677063, 0.0, 829.2196003259838], [0.0, 809.2209905677063, 481.77842384512485], [0.0, 0.0, 1.0]], [[1259.5137405846733, 0.0, 807.2529053838625], [0.0, 1259.5137405846733, 501.19579884916527], [0.0, 0.0, 1.0]]], "extrinsics": [[[0.8212049007415771, -0.5700523853302002, 0.02574549987912178, -0.965087890625], [-0.004715047776699066, -0.05189443379640579, -0.9986414313316345, 1.5082464218139648], [0.5706139206886292, 0.8199678063392639, -0.04530378803610802, -1.28021240234375], [0.0, 0.0, 0.0, 1.0]], [[0.0064991675317287445, -0.9984161257743835, 0.055883802473545074, 0.0050506591796875], [-0.010008130222558975, -0.05594713240861893, -0.9983835816383362, 1.5205307006835938], [0.9999288320541382, 0.005929338745772839, -0.010355887934565544, -1.6922607421875], [0.0, 0.0, 0.0, 1.0]], [[-0.8325141668319702, -0.5534334182739258, 0.025127647444605827, 1.0322265625], [-0.00439478550106287, -0.03875769302248955, -0.9992389678955078, 1.5036420822143555], [0.553986132144928, -0.8319910764694214, 0.02983410842716694, -1.2486572265625], [0.0, 0.0, 0.0, 1.0]], [[0.9475119113922119, 0.3192126154899597, -0.018010947853326797, -1.1422119140625], [0.00430799787864089, -0.0690750926733017, -0.997602105140686, 1.588557243347168], [-0.3196912705898285, 0.945162296295166, -0.06682464480400085, -0.103759765625], [0.0, 0.0, 0.0, 1.0]], [[0.0016035458538681269, 0.9982489347457886, -0.059131424874067307, 0.0027618408203125], [-0.021118534728884697, -0.059084512293338776, -0.9980295896530151, 1.5793533325195312], [-0.9997756481170654, 0.002849143696948886, 0.020986812189221382, 0.001708984375], [0.0, 0.0, 0.0, 1.0]], [[-0.9350987672805786, 0.35341426730155945, -0.02624119445681572, 1.1363525390625], [0.011496588587760925, -0.043755676597356796, -0.9989761114120483, 1.5514516830444336], [-0.3542006015777588, -0.9344430565834045, 0.036852821707725525, -0.06378173828125], [0.0, 0.0, 0.0, 1.0]]], "view": [[0.0, -2.0, 100.0], [-2.0, 0.0, 100.0], [0.0, 0.0, 1.0]], "bev": "bev_f5351042aeb84af48969bbe7219e08c9.png", "aux": "aux_f5351042aeb84af48969bbe7219e08c9.npz", "visibility": "visibility_f5351042aeb84af48969bbe7219e08c9.png", "pose": [[-0.4406433701515198, 0.897682249546051, 0.0, 506.0426025390625], [-0.897682249546051, -0.4406433701515198, 0.0, 1380.943115234375], [0.0, 0.0, 1.0, 0.0], [0.0, 0.0, 0.0, 1.0]], "pose_inverse": [[-0.4406433701515198, -0.897682249546051, 0.0, 1462.6324462890625], [0.897682249546051, -0.4406433701515198, 0.0, 154.2379608154297], [0.0, 0.0, 1.0, 0.0], [0.0, 0.0, 0.0, 1.0]], "cam_ids": [0, 1, 2, 3, 4, 5], "cam_channels": ["CAM_FRONT_LEFT", "CAM_FRONT", "CAM_FRONT_RIGHT", "CAM_BACK_LEFT", "CAM_BACK", "CAM_BACK_RIGHT"], "token": "f5351042aeb84af48969bbe7219e08c9", "scene": "scene-0978"}, {"images": ["samples/CAM_FRONT_LEFT/n015-2018-09-25-11-10-38+0800__CAM_FRONT_LEFT__1537845307154844.jpg", "samples/CAM_FRONT/n015-2018-09-25-11-10-38+0800__CAM_FRONT__1537845307162460.jpg", "samples/CAM_FRONT_RIGHT/n015-2018-09-25-11-10-38+0800__CAM_FRONT_RIGHT__1537845307170339.jpg", "samples/CAM_BACK_LEFT/n015-2018-09-25-11-10-38+0800__CAM_BACK_LEFT__1537845307197423.jpg", "samples/CAM_BACK/n015-2018-09-25-11-10-38+0800__CAM_BACK__1537845307187525.jpg", "samples/CAM_BACK_RIGHT/n015-2018-09-25-11-10-38+0800__CAM_BACK_RIGHT__1537845307177893.jpg"], "intrinsics": [[[1272.5979470598488, 0.0, 826.6154927353808], [0.0, 1272.5979470598488, 479.75165386361925], [0.0, 0.0, 1.0]], [[1266.417203046554, 0.0, 816.2670197447984], [0.0, 1266.417203046554, 491.50706579294757], [0.0, 0.0, 1.0]], [[1260.8474446004698, 0.0, 807.968244525554], [0.0, 1260.8474446004698, 495.3344268742088], [0.0, 0.0, 1.0]], [[1256.7414812095406, 0.0, 792.1125740759628], [0.0, 1256.7414812095406, 492.7757465151356], [0.0, 0.0, 1.0]], [[809.2209905677063, 0.0, 829.2196003259838], [0.0, 809.2209905677063, 481.77842384512485], [0.0, 0.0, 1.0]], [[1259.5137405846733, 0.0, 807.2529053838625], [0.0, 1259.5137405846733, 501.19579884916527], [0.0, 0.0, 1.0]]], "extrinsics": [[[0.8212016820907593, -0.5700641870498657, 0.025585167109966278, -0.965087890625], [-0.004909866955131292, -0.05189306661486626, -0.9986405372619629, 1.508249282836914], [0.5706169009208679, 0.8199597597122192, -0.04541361704468727, -1.28033447265625], [0.0, 0.0, 0.0, 1.0]], [[0.006494962144643068, -0.9984167814254761, 0.05587237700819969, 0.005096435546875], [-0.010202928446233273, -0.055936817079782486, -0.9983822107315063, 1.5205345153808594], [0.9999268054962158, 0.005914384499192238, -0.010550081729888916, -1.6922607421875], [0.0, 0.0, 0.0, 1.0]], [[-0.8325164914131165, -0.5534234046936035, 0.025273574516177177, 1.0323486328125], [-0.004587129689753056, -0.03873251751065254, -0.9992390275001526, 1.5036439895629883], [0.5539812445640564, -0.8319990038871765, 0.029706837609410286, -1.24871826171875], [0.0, 0.0, 0.0, 1.0]], [[0.9475145936012268, 0.31919416785240173, -0.01819821074604988, -1.1422119140625], [0.004097268916666508, -0.06903903186321259, -0.9976055026054382, 1.5885567665100098], [-0.31968626379966736, 0.9451712965965271, -0.0667233094573021, -0.10369873046875], [0.0, 0.0, 0.0, 1.0]], [[0.0016033631982281804, 0.9982505440711975, -0.05910604074597359, 0.0028228759765625], [-0.021325740963220596, -0.0590585395693779, -0.9980267286300659, 1.5793571472167969], [-0.9997712969779968, 0.002860701410099864, 0.0211937353014946, 0.001953125], [0.0, 0.0, 0.0, 1.0]], [[-0.9351001977920532, 0.3534247577190399, -0.026048289611935616, 1.13623046875], [0.011302116326987743, -0.043723881244659424, -0.9989797472953796, 1.5514507293701172], [-0.35420307517051697, -0.934440553188324, 0.03689176216721535, -0.06365966796875], [0.0, 0.0, 0.0, 1.0]]], "view": [[0.0, -2.0, 100.0], [-2.0, 0.0, 100.0], [0.0, 0.0, 1.0]], "bev": "bev_714575d2ef8e45e098203c62f931815b.png", "aux": "aux_714575d2ef8e45e098203c62f931815b.npz", "visibility": "visibility_714575d2ef8e45e098203c62f931815b.png", "pose": [[-0.44079914689064026, 0.8976057767868042, 0.0, 506.0426025390625], [-0.8976057767868042, -0.44079914689064026, 0.0, 1380.943115234375], [0.0, 0.0, 1.0, 0.0], [0.0, 0.0, 0.0, 1.0]], "pose_inverse": [[-0.44079914689064026, -0.8976057767868042, 0.0, 1462.605712890625], [0.8976057767868042, -0.44079914689064026, 0.0, 154.4917755126953], [0.0, 0.0, 1.0, 0.0], [0.0, 0.0, 0.0, 1.0]], "cam_ids": [0, 1, 2, 3, 4, 5], "cam_channels": ["CAM_FRONT_LEFT", "CAM_FRONT", "CAM_FRONT_RIGHT", "CAM_BACK_LEFT", "CAM_BACK", "CAM_BACK_RIGHT"], "token": "714575d2ef8e45e098203c62f931815b", "scene": "scene-0978"}, {"images": ["samples/CAM_FRONT_LEFT/n015-2018-09-25-11-10-38+0800__CAM_FRONT_LEFT__1537845307654844.jpg", "samples/CAM_FRONT/n015-2018-09-25-11-10-38+0800__CAM_FRONT__1537845307662460.jpg", "samples/CAM_FRONT_RIGHT/n015-2018-09-25-11-10-38+0800__CAM_FRONT_RIGHT__1537845307670339.jpg", "samples/CAM_BACK_LEFT/n015-2018-09-25-11-10-38+0800__CAM_BACK_LEFT__1537845307697423.jpg", "samples/CAM_BACK/n015-2018-09-25-11-10-38+0800__CAM_BACK__1537845307687525.jpg", "samples/CAM_BACK_RIGHT/n015-2018-09-25-11-10-38+0800__CAM_BACK_RIGHT__1537845307677902.jpg"], "intrinsics": [[[1272.5979470598488, 0.0, 826.6154927353808], [0.0, 1272.5979470598488, 479.75165386361925], [0.0, 0.0, 1.0]], [[1266.417203046554, 0.0, 816.2670197447984], [0.0, 1266.417203046554, 491.50706579294757], [0.0, 0.0, 1.0]], [[1260.8474446004698, 0.0, 807.968244525554], [0.0, 1260.8474446004698, 495.3344268742088], [0.0, 0.0, 1.0]], [[1256.7414812095406, 0.0, 792.1125740759628], [0.0, 1256.7414812095406, 492.7757465151356], [0.0, 0.0, 1.0]], [[809.2209905677063, 0.0, 829.2196003259838], [0.0, 809.2209905677063, 481.77842384512485], [0.0, 0.0, 1.0]], [[1259.5137405846733, 0.0, 807.2529053838625], [0.0, 1259.5137405846733, 501.19579884916527], [0.0, 0.0, 1.0]]], "extrinsics": [[[0.8212046027183533, -0.5700646638870239, 0.025482051074504852, -0.96484375], [-0.00501306913793087, -0.05186112970113754, -0.9986417293548584, 1.5082464218139648], [0.570611834526062, 0.8199613690376282, -0.04544637352228165, -1.2801513671875], [0.0, 0.0, 0.0, 1.0]], [[0.006502049975097179, -0.9984175562858582, 0.055858511477708817, 0.005035400390625], [-0.010303819552063942, -0.055923622101545334, -0.9983819127082825, 1.5205307006835938], [0.9999257326126099, 0.005915977992117405, -0.010651132091879845, -1.6922607421875], [0.0, 0.0, 0.0, 1.0]], [[-0.8325133919715881, -0.5534243583679199, 0.025357147678732872, 1.032470703125], [-0.0046916804276406765, -0.038726091384887695, -0.9992387890815735, 1.5036449432373047], [0.5539851188659668, -0.8319985866546631, 0.029643498361110687, -1.24871826171875], [0.0, 0.0, 0.0, 1.0]], [[0.9475097060203552, 0.31920450925827026, -0.01827114261686802, -1.142333984375], [0.0040215179324150085, -0.06903982907533646, -0.9976057410240173, 1.5885553359985352], [-0.3197017014026642, 0.9451676607131958, -0.06669959425926208, -0.103668212890625], [0.0, 0.0, 0.0, 1.0]], [[0.0015951520763337612, 0.99825119972229, -0.059093084186315536, 0.0028076171875], [-0.0214078426361084, -0.05904552713036537, -0.9980257153511047, 1.5793533325195312], [-0.9997695684432983, 0.0028570147696882486, 0.021276218816637993, 0.0018310546875], [0.0, 0.0, 0.0, 1.0]], [[-0.9351029992103577, 0.3534245789051056, -0.025949161499738693, 1.13623046875], [0.011199813336133957, -0.04371440038084984, -0.9989812970161438, 1.5514507293701172], [-0.35419896245002747, -0.934441089630127, 0.03691918030381203, -0.06365966796875], [0.0, 0.0, 0.0, 1.0]]], "view": [[0.0, -2.0, 100.0], [-2.0, 0.0, 100.0], [0.0, 0.0, 1.0]], "bev": "bev_8bff6ddb4d9d435bb02b8d3752d90e22.png", "aux": "aux_8bff6ddb4d9d435bb02b8d3752d90e22.npz", "visibility": "visibility_8bff6ddb4d9d435bb02b8d3752d90e22.png", "pose": [[-0.4407828450202942, 0.8976137638092041, 0.0, 506.0426330566406], [-0.8976137638092041, -0.4407828450202942, 0.0, 1380.9432373046875], [0.0, 0.0, 1.0, 0.0], [0.0, 0.0, 0.0, 1.0]], "pose_inverse": [[-0.4407828450202942, -0.8976137638092041, 0.0, 1462.6085205078125], [0.8976137638092041, -0.4407828450202942, 0.0, 154.46524047851562], [0.0, 0.0, 1.0, 0.0], [0.0, 0.0, 0.0, 1.0]], "cam_ids": [0, 1, 2, 3, 4, 5], "cam_channels": ["CAM_FRONT_LEFT", "CAM_FRONT", "CAM_FRONT_RIGHT", "CAM_BACK_LEFT", "CAM_BACK", "CAM_BACK_RIGHT"], "token": "8bff6ddb4d9d435bb02b8d3752d90e22", "scene": "scene-0978"}, {"images": ["samples/CAM_FRONT_LEFT/n015-2018-09-25-11-10-38+0800__CAM_FRONT_LEFT__1537845308154844.jpg", "samples/CAM_FRONT/n015-2018-09-25-11-10-38+0800__CAM_FRONT__1537845308162460.jpg", "samples/CAM_FRONT_RIGHT/n015-2018-09-25-11-10-38+0800__CAM_FRONT_RIGHT__1537845308170339.jpg", "samples/CAM_BACK_LEFT/n015-2018-09-25-11-10-38+0800__CAM_BACK_LEFT__1537845308197423.jpg", "samples/CAM_BACK/n015-2018-09-25-11-10-38+0800__CAM_BACK__1537845308187525.jpg", "samples/CAM_BACK_RIGHT/n015-2018-09-25-11-10-38+0800__CAM_BACK_RIGHT__1537845308177893.jpg"], "intrinsics": [[[1272.5979470598488, 0.0, 826.6154927353808], [0.0, 1272.5979470598488, 479.75165386361925], [0.0, 0.0, 1.0]], [[1266.417203046554, 0.0, 816.2670197447984], [0.0, 1266.417203046554, 491.50706579294757], [0.0, 0.0, 1.0]], [[1260.8474446004698, 0.0, 807.968244525554], [0.0, 1260.8474446004698, 495.3344268742088], [0.0, 0.0, 1.0]], [[1256.7414812095406, 0.0, 792.1125740759628], [0.0, 1256.7414812095406, 492.7757465151356], [0.0, 0.0, 1.0]], [[809.2209905677063, 0.0, 829.2196003259838], [0.0, 809.2209905677063, 481.77842384512485], [0.0, 0.0, 1.0]], [[1259.5137405846733, 0.0, 807.2529053838625], [0.0, 1259.5137405846733, 501.19579884916527], [0.0, 0.0, 1.0]]], "extrinsics": [[[0.8211926221847534, -0.5700827836990356, 0.02546035684645176, -0.9649658203125], [-0.005045033060014248, -0.05186739191412926, -0.9986412525177002, 1.5082473754882812], [0.5706287622451782, 0.8199484348297119, -0.04546920210123062, -1.2802734375], [0.0, 0.0, 0.0, 1.0]], [[0.00648248428478837, -0.9984170794487, 0.05586894974112511, 0.00506591796875], [-0.010331465862691402, -0.05593401566147804, -0.9983810186386108, 1.5205326080322266], [0.9999256134033203, 0.005894787609577179, -0.010677702724933624, -1.6922607421875], [0.0, 0.0, 0.0, 1.0]], [[-0.832521915435791, -0.5534104108810425, 0.025381533429026604, 1.032470703125], [-0.004714266397058964, -0.03873702138662338, -0.9992382526397705, 1.5036439895629883], [0.5539721250534058, -0.8320074677467346, 0.029640501365065575, -1.24884033203125], [0.0, 0.0, 0.0, 1.0]], [[0.9475128054618835, 0.3191934823989868, -0.018303142860531807, -1.14208984375], [0.003989728167653084, -0.06904787570238113, -0.9976053833961487, 1.588554859161377], [-0.3196928799152374, 0.9451708793640137, -0.06669724732637405, -0.10369873046875], [0.0, 0.0, 0.0, 1.0]], [[0.0016033537685871124, 0.9982506632804871, -0.05910228192806244, 0.00279235