[{"images": ["samples/CAM_FRONT_LEFT/n008-2018-09-18-15-26-58-0400__CAM_FRONT_LEFT__1537298981504799.jpg", "samples/CAM_FRONT/n008-2018-09-18-15-26-58-0400__CAM_FRONT__1537298981512404.jpg", "samples/CAM_FRONT_RIGHT/n008-2018-09-18-15-26-58-0400__CAM_FRONT_RIGHT__1537298981520482.jpg", "samples/CAM_BACK_LEFT/n008-2018-09-18-15-26-58-0400__CAM_BACK_LEFT__1537298981547405.jpg", "samples/CAM_BACK/n008-2018-09-18-15-26-58-0400__CAM_BACK__1537298981537558.jpg", "samples/CAM_BACK_RIGHT/n008-2018-09-18-15-26-58-0400__CAM_BACK_RIGHT__1537298981528113.jpg"], "intrinsics": [[[1257.8625342125129, 0.0, 827.2410631095686], [0.0, 1257.8625342125129, 450.915498205774], [0.0, 0.0, 1.0]], [[1252.8131021185304, 0.0, 826.588114781398], [0.0, 1252.8131021185304, 469.9846626224581], [0.0, 0.0, 1.0]], [[1256.7485116440405, 0.0, 817.7887570959712], [0.0, 1256.7485116440403, 451.9541780095127], [0.0, 0.0, 1.0]], [[1254.9860565800168, 0.0, 829.5769333630991], [0.0, 1254.9860565800168, 467.1680561863987], [0.0, 0.0, 1.0]], [[796.8910634503094, 0.0, 857.7774326863696], [0.0, 796.8910634503094, 476.8848988407415], [0.0, 0.0, 1.0]], [[1249.9629280788233, 0.0, 825.3768045375984], [0.0, 1249.9629280788233, 462.54816385708756], [0.0, 0.0, 1.0]]], "extrinsics": [[[0.8223904371261597, -0.5688902139663696, 0.006148627959191799, -0.69140625], [0.03691699728369713, 0.04257645085453987, -0.9984109401702881, 1.5021286010742188], [0.5677244663238525, 0.8213106393814087, 0.056016191840171814, -1.12109375], [0.0, 0.0, 0.0, 1.0]], [[0.010880783200263977, -0.9992144107818604, -0.03810509294271469, 0.011810302734375], [0.03868729621171951, 0.03849948197603226, -0.998509407043457, 1.4922561645507812], [0.9991921186447144, 0.009390340186655521, 0.039075810462236404, -1.4193115234375], [0.0, 0.0, 0.0, 1.0]], [[-0.8429518938064575, -0.535143256187439, -0.05526086688041687, 0.882568359375], [0.04651084914803505, 0.029842499643564224, -0.9984718561172485, 1.504547119140625], [0.5359746217727661, -0.844234049320221, -0.0002658274897839874, -1.1427001953125], [0.0, 0.0, 0.0, 1.0]], [[0.9474151134490967, 0.3182062804698944, 0.03390192985534668, -1.1246337890625], [0.020624030381441116, 0.04500490799546242, -0.9987738728523254, 1.5624542236328125], [-0.31934189796447754, 0.9469526410102844, 0.03607562929391861, -0.162841796875], [0.0, 0.0, 0.0, 1.0]], [[0.008509409613907337, 0.9992525577545166, 0.037709660828113556, -0.028961181640625], [0.02292693592607975, 0.03750615194439888, -0.9990333318710327, 1.5704059600830078], [-0.9997009038925171, 0.009365785866975784, -0.022590644657611847, -0.0594482421875], [0.0, 0.0, 0.0, 1.0]], [[-0.9233940839767456, 0.3833552300930023, -0.0195465050637722, 0.990234375], [0.027296919375658035, 0.014787150546908379, -0.9995179772377014, 1.5527992248535156], [-0.38288140296936035, -0.9234825968742371, -0.024118786677718163, -0.11248779296875], [0.0, 0.0, 0.0, 1.0]]], "view": [[0.0, -2.0, 100.0], [-2.0, 0.0, 100.0], [0.0, 0.0, 1.0]], "bev": "bev_c4668f0be01442218671630ab1e56270.png", "aux": "aux_c4668f0be01442218671630ab1e56270.npz", "visibility": "visibility_c4668f0be01442218671630ab1e56270.png", "pose": [[0.6447694301605225, -0.7643771171569824, 0.0, 1325.2191162109375], [0.7643771171569824, 0.6447694301605225, 0.0, 1074.0928955078125], [0.0, 0.0, 1.0, 0.0], [0.0, 0.0, 0.0, 1.0]], "pose_inverse": [[0.6447694301605225, 0.7643771171569824, 0.0, -1675.4727783203125], [-0.7643771171569824, 0.6447694301605225, 0.0, 320.4249572753906], [0.0, 0.0, 1.0, 0.0], [0.0, 0.0, 0.0, 1.0]], "cam_ids": [0, 1, 2, 3, 4, 5], "cam_channels": ["CAM_FRONT_LEFT", "CAM_FRONT", "CAM_FRONT_RIGHT", "CAM_BACK_LEFT", "CAM_BACK", "CAM_BACK_RIGHT"], "token": "c4668f0be01442218671630ab1e56270", "scene": "scene-0809"}, {"images": ["samples/CAM_FRONT_LEFT/n008-2018-09-18-15-26-58-0400__CAM_FRONT_LEFT__1537298982004799.jpg", "samples/CAM_FRONT/n008-2018-09-18-15-26-58-0400__CAM_FRONT__1537298982012404.jpg", "samples/CAM_FRONT_RIGHT/n008-2018-09-18-15-26-58-0400__CAM_FRONT_RIGHT__1537298982020483.jpg", "samples/CAM_BACK_LEFT/n008-2018-09-18-15-26-58-0400__CAM_BACK_LEFT__1537298982047405.jpg", "samples/CAM_BACK/n008-2018-09-18-15-26-58-0400__CAM_BACK__1537298982037558.jpg", "samples/CAM_BACK_RIGHT/n008-2018-09-18-15-26-58-0400__CAM_BACK_RIGHT__1537298982028113.jpg"], "intrinsics": [[[1257.8625342125129, 0.0, 827.2410631095686], [0.0, 1257.8625342125129, 450.915498205774], [0.0, 0.0, 1.0]], [[1252.8131021185304, 0.0, 826.588114781398], [0.0, 1252.8131021185304, 469.9846626224581], [0.0, 0.0, 1.0]], [[1256.7485116440405, 0.0, 817.7887570959712], [0.0, 1256.7485116440403, 451.9541780095127], [0.0, 0.0, 1.0]], [[1254.9860565800168, 0.0, 829.5769333630991], [0.0, 1254.9860565800168, 467.1680561863987], [0.0, 0.0, 1.0]], [[796.8910634503094, 0.0, 857.7774326863696], [0.0, 796.8910634503094, 476.8848988407415], [0.0, 0.0, 1.0]], [[1249.9629280788233, 0.0, 825.3768045375984], [0.0, 1249.9629280788233, 462.54816385708756], [0.0, 0.0, 1.0]]], "extrinsics": [[[0.8223279118537903, -0.5689876079559326, -0.0054740505293011665, -0.698974609375], [0.022482065483927727, 0.042101867496967316, -0.9988602995872498, 1.4966716766357422], [0.5685696601867676, 0.8212676644325256, 0.047413554042577744, -1.1214599609375], [0.0, 0.0, 0.0, 1.0]], [[0.010127677582204342, -0.9992372989654541, -0.03771109879016876, 0.0081787109375], [0.024285785853862762, 0.03794770687818527, -0.9989845752716064, 1.4876575469970703], [0.999653697013855, 0.009201510809361935, 0.024651583284139633, -1.427001953125], [0.0, 0.0, 0.0, 1.0]], [[-0.8437764048576355, -0.5349887013435364, -0.04275916889309883, 0.887939453125], [0.032105766236782074, 0.029213281348347664, -0.9990574717521667, 1.5007972717285156], [0.5357335805892944, -0.844353973865509, -0.007473256904631853, -1.1494140625], [0.0, 0.0, 0.0, 1.0]], [[0.9477084279060364, 0.31846725940704346, 0.02067507989704609, -1.1295166015625], [0.006958820391446352, 0.04414735361933708, -0.9990007877349854, 1.562143087387085], [-0.319061815738678, 0.9469051957130432, 0.03962266445159912, -0.1610107421875], [0.0, 0.0, 0.0, 1.0]], [[0.008948764763772488, 0.9992820024490356, 0.036815889179706573, -0.027923583984375], [0.009062969125807285, 0.03673480078577995, -0.9992839097976685, 1.5689491033554077], [-0.9999189972877502, 0.009276040829718113, -0.008727730251848698, -0.05322265625], [0.0, 0.0, 0.0, 1.0]], [[-0.9235473275184631, 0.3834262788295746, -0.006668362300843, 0.998046875], [0.013077986426651478, 0.0141122592613101, -0.9998148679733276, 1.550119400024414], [-0.38326123356819153, -0.9234636425971985, -0.018047785386443138, -0.1114501953125], [0.0, 0.0, 0.0, 1.0]]], "view": [[0.0, -2.0, 100.0], [-2.0, 0.0, 100.0], [0.0, 0.0, 1.0]], "bev": "bev_5d0e6baf74a94c198bb360883bc02b31.png", "aux": "aux_5d0e6baf74a94c198bb360883bc02b31.npz", "visibility": "visibility_5d0e6baf74a94c198bb360883bc02b31.png", "pose": [[0.6438769698143005, -0.765129029750824, 0.0, 1327.9940185546875], [0.765129029750824, 0.6438769698143005, 0.0, 1077.337158203125], [0.0, 0.0, 1.0, 0.0], [0.0, 0.0, 0.0, 1.0]], "pose_inverse": [[0.6438769698143005, 0.765129029750824, 0.0, -1679.36669921875], [-0.765129029750824, 0.6438769698143005, 0.0, 322.4141845703125], [0.0, 0.0, 1.0, 0.0], [0.0, 0.0, 0.0, 1.0]], "cam_ids": [0, 1, 2, 3, 4, 5], "cam_channels": ["CAM_FRONT_LEFT", "CAM_FRONT", "CAM_FRONT_RIGHT", "CAM_BACK_LEFT", "CAM_BACK", "CAM_BACK_RIGHT"], "token": "5d0e6baf74a94c198bb360883bc02b31", "scene": "scene-0809"}, {"images": ["samples/CAM_FRONT_LEFT/n008-2018-09-18-15-26-58-0400__CAM_FRONT_LEFT__1537298982504799.jpg", "samples/CAM_FRONT/n008-2018-09-18-15-26-58-0400__CAM_FRONT__1537298982512404.jpg", "samples/CAM_FRONT_RIGHT/n008-2018-09-18-15-26-58-0400__CAM_FRONT_RIGHT__1537298982520482.jpg", "samples/CAM_BACK_LEFT/n008-2018-09-18-15-26-58-0400__CAM_BACK_LEFT__1537298982547405.jpg", "samples/CAM_BACK/n008-2018-09-18-15-26-58-0400__CAM_BACK__1537298982537558.jpg", "samples/CAM_BACK_RIGHT/n008-2018-09-18-15-26-58-0400__CAM_BACK_RIGHT__1537298982528113.jpg"], "intrinsics": [[[1257.8625342125129, 0.0, 827.2410631095686], [0.0, 1257.8625342125129, 450.915498205774], [0.0, 0.0, 1.0]], [[1252.8131021185304, 0.0, 826.588114781398], [0.0, 1252.8131021185304, 469.9846626224581], [0.0, 0.0, 1.0]], [[1256.7485116440405, 0.0, 817.7887570959712], [0.0, 1256.7485116440403, 451.9541780095127], [0.0, 0.0, 1.0]], [[1254.9860565800168, 0.0, 829.5769333630991], [0.0, 1254.9860565800168, 467.1680561863987], [0.0, 0.0, 1.0]], [[796.8910634503094, 0.0, 857.7774326863696], [0.0, 796.8910634503094, 476.8848988407415], [0.0, 0.0, 1.0]], [[1249.9629280788233, 0.0, 825.3768045375984], [0.0, 1249.9629280788233, 462.54816385708756], [0.0, 0.0, 1.0]]], "extrinsics": [[[0.8225990533828735, -0.5686108469963074, -0.003526418935507536, -0.6953125], [0.017764508724212646, 0.031897276639938354, -0.9993332624435425, 1.4948310852050781], [0.568344235420227, 0.8219879865646362, 0.036339763551950455, -1.12353515625], [0.0, 0.0, 0.0, 1.0]], [[0.01049745548516512, -0.9995719194412231, -0.027310024946928024, 0.011444091796875], [0.019786078482866287, 0.027513818815350533, -0.9994256496429443, 1.4862174987792969], [0.9997491836547852, 0.009951108135282993, 0.020066432654857635, -1.4248046875], [0.0, 0.0, 0.0, 1.0]], [[-0.8436925411224365, -0.5357822179794312, -0.03346988558769226, 0.8880615234375], [0.02787771448493004, 0.01853533275425434, -0.9994394779205322, 1.4997634887695312], [0.536102294921875, -0.8441526293754578, -0.0007017395691946149, -1.146240234375], [0.0, 0.0, 0.0, 1.0]], [[0.9478146433830261, 0.3185536861419678, 0.013078991323709488, -1.1331787109375], [0.002814678708091378, 0.03266064077615738, -0.9994624853134155, 1.5620927810668945], [-0.3188096284866333, 0.9473419785499573, 0.030059607699513435, -0.1590576171875], [0.0, 0.0, 0.0, 1.0]], [[0.008985329419374466, 0.9996316432952881, 0.025607598945498466, -0.02886962890625], [0.004656387958675623, 0.025566525757312775, -0.9996622204780579, 1.5684912204742432], [-0.9999487400054932, 0.009101531468331814, -0.0044249496422708035, -0.052734375], [0.0, 0.0, 0.0, 1.0]], [[-0.9236905574798584, 0.383076548576355, -0.006929412949830294, 0.99658203125], [0.008827440440654755, 0.0031970511190593243, -0.9999558925628662, 1.5493688583374023], [-0.3830374479293823, -0.9237110614776611, -0.006334670353680849, -0.109954833984375], [0.0, 0.0, 0.0, 1.0]]], "view": [[0.0, -2.0, 100.0], [-2.0, 0.0, 100.0], [0.0, 0.0, 1.0]], "bev": "bev_859cbded7b8b4aeb9168caa52700be2a.png", "aux": "aux_859cbded7b8b4aeb9168caa52700be2a.npz", "visibility": "visibility_859cbded7b8b4aeb9168caa52700be2a.png", "pose": [[0.6431265473365784, -0.7657598853111267, 0.0, 1330.7171630859375], [0.7657598853111267, 0.6431265473365784, 0.0, 1080.533203125], [0.0, 0.0, 1.0, 0.0], [0.0, 0.0, 0.0, 1.0]], "pose_inverse": [[0.6431265473365784, 0.7657598853111267, 0.0, -1683.24853515625], [-0.7657598853111267, 0.6431265473365784, 0.0, 324.0902404785156], [0.0, 0.0, 1.0, 0.0], [0.0, 0.0, 0.0, 1.0]], "cam_ids": [0, 1, 2, 3, 4, 5], "cam_channels": ["CAM_FRONT_LEFT", "CAM_FRONT", "CAM_FRONT_RIGHT", "CAM_BACK_LEFT", "CAM_BACK", "CAM_BACK_RIGHT"], "token": "859cbded7b8b4aeb9168caa52700be2a", "scene": "scene-0809"}, {"images": ["samples/CAM_FRONT_LEFT/n008-2018-09-18-15-26-58-0400__CAM_FRONT_LEFT__1537298983004810.jpg", "samples/CAM_FRONT/n008-2018-09-18-15-26-58-0400__CAM_FRONT__1537298983012404.jpg", "samples/CAM_FRONT_RIGHT/n008-2018-09-18-15-26-58-0400__CAM_FRONT_RIGHT__1537298983021079.jpg", "samples/CAM_BACK_LEFT/n008-2018-09-18-15-26-58-0400__CAM_BACK_LEFT__1537298983047405.jpg", "samples/CAM_BACK/n008-2018-09-18-15-26-58-0400__CAM_BACK__1537298983037558.jpg", "samples/CAM_BACK_RIGHT/n008-2018-09-18-15-26-58-0400__CAM_BACK_RIGHT__1537298983028113.jpg"], "intrinsics": [[[1257.8625342125129, 0.0, 827.2410631095686], [0.0, 1257.8625342125129, 450.915498205774], [0.0, 0.0, 1.0]], [[1252.8131021185304, 0.0, 826.588114781398], [0.0, 1252.8131021185304, 469.9846626224581], [0.0, 0.0, 1.0]], [[1256.7485116440405, 0.0, 817.7887570959712], [0.0, 1256.7485116440403, 451.9541780095127], [0.0, 0.0, 1.0]], [[1254.9860565800168, 0.0, 829.5769333630991], [0.0, 1254.9860565800168, 467.1680561863987], [0.0, 0.0, 1.0]], [[796.8910634503094, 0.0, 857.7774326863696], [0.0, 796.8910634503094, 476.8848988407415], [0.0, 0.0, 1.0]], [[1249.9629280788233, 0.0, 825.3768045375984], [0.0, 1249.9629280788233, 462.54816385708756], [0.0, 0.0, 1.0]]], "extrinsics": [[[0.8225260972976685, -0.5687270164489746, -0.0007095885230228305, -0.7025146484375], [0.013688495382666588, 0.021044384688138962, -0.9996848106384277, 1.4932308197021484], [0.5685626864433289, 0.8222571611404419, 0.025094570592045784, -1.12811279296875], [0.0, 0.0, 0.0, 1.0]], [[0.01039792038500309, -0.9998090267181396, -0.016545020043849945, 0.01129150390625], [0.014736928977072239, 0.016697339713573456, -0.9997519850730896, 1.4845829010009766], [0.999837338924408, 0.010151643306016922, 0.014907732605934143, -1.4317626953125], [0.0, 0.0, 0.0, 1.0]], [[-0.8438155055046082, -0.5361620187759399, -0.022489752620458603, 0.8968505859375], [0.0217310581356287, 0.0077341655269265175, -0.9997339248657227, 1.498077392578125], [0.5361932516098022, -0.8440797328948975, 0.005125159397721291, -1.1513671875], [0.0, 0.0, 0.0, 1.0]], [[0.9478780627250671, 0.31863313913345337, 0.00025608428404666483, -1.132080078125], [-0.007096189074218273, 0.02191340923309326, -0.9997346997261047, 1.5619525909423828], [-0.3185543119907379, 0.9476247429847717, 0.02303232066333294, -0.1602783203125], [0.0, 0.0, 0.0, 1.0]], [[0.009125630371272564, 0.9998506307601929, 0.01467604748904705, -0.029052734375], [-0.003643162315711379, 0.014709804207086563, -0.9998851418495178, 1.5677032470703125], [-0.9999517798423767, 0.009071127511560917, 0.0037768553011119366, -0.0499267578125], [0.0, 0.0, 0.0, 1.0]], [[-0.923755407333374, 0.3829553723335266, -0.004606615751981735, 1.0003662109375], [0.0018261807272210717, -0.007623683195561171, -0.9999692440032959, 1.5481419563293457], [-0.3829787075519562, -0.9237353801727295, 0.00634307274594903, -0.108154296875], [0.0, 0.0, 0.0, 1.0]]], "view": [[0.0, -2.0, 100.0], [-2.0, 0.0, 100.0], [0.0, 0.0, 1.0]], "bev": "bev_ff09788874d24c7b96c54bd56ccb9918.png", "aux": "aux_ff09788874d24c7b96c54bd56ccb9918.npz", "visibility": "visibility_ff09788874d24c7b96c54bd56ccb9918.png", "pose": [[0.6423032879829407, -0.7664505839347839, 0.0, 1333.4256591796875], [0.7664505839347839, 0.6423032879829407, 0.0, 1083.6932373046875], [0.0, 0.0, 1.0, 0.0], [0.0, 0.0, 0.0, 1.0]], "pose_inverse": [[0.6423032879829407, 0.7664505839347839, 0.0, -1687.06103515625], [-0.7664505839347839, 0.6423032879829407, 0.0, 325.9451599121094], [0.0, 0.0, 1.0, 0.0], [0.0, 0.0, 0.0, 1.0]], "cam_ids": [0, 1, 2, 3, 4, 5], "cam_channels": ["CAM_FRONT_LEFT", "CAM_FRONT", "CAM_FRONT_RIGHT", "CAM_BACK_LEFT", "CAM_BACK", "CAM_BACK_RIGHT"], "token": "ff09788874d24c7b96c54bd56ccb9918", "scene": "scene-0809"}, {"images": ["samples/CAM_FRONT_LEFT/n008-2018-09-18-15-26-58-0400__CAM_FRONT_LEFT__1537298983504799.jpg", "samples/CAM_FRONT/n008-2018-09-18-15-26-58-0400__CAM_FRONT__1537298983512404.jpg", "samples/CAM_FRONT_RIGHT/n008-2018-09-18-15-26-58-0400__CAM_FRONT_RIGHT__1537298983520482.jpg", "samples/CAM_BACK_LEFT/n008-2018-09-18-15-26-58-0400__CAM_BACK_LEFT__1537298983547405.jpg", "samples/CAM_BACK/n008-2018-09-18-15-26-58-0400__CAM_BACK__1537298983537558.jpg", "samples/CAM_BACK_RIGHT/n008-2018-09-18-15-26-58-0400__CAM_BACK_RIGHT__1537298983528113.jpg"], "intrinsics": [[[1257.8625342125129, 0.0, 827.2410631095686], [0.0, 1257.8625342125129, 450.915498205774], [0.0, 0.0, 1.0]], [[1252.8131021185304, 0.0, 826.588114781398], [0.0, 1252.8131021185304, 469.9846626224581], [0.0, 0.0, 1.0]], [[1256.7485116440405, 0.0, 817.7887570959712], [0.0, 1256.7485116440403, 451.9541780095127], [0.0, 0.0, 1.0]], [[1254.9860565800168, 0.0, 829.5769333630991], [0.0, 1254.9860565800168, 467.1680561863987], [0.0, 0.0, 1.0]], [[796.8910634503094, 0.0, 857.7774326863696], [0.0, 796.8910634503094, 476.8848988407415], [0.0, 0.0, 1.0]], [[1249.9629280788233, 0.0, 825.3768045375984], [0.0, 1249.9629280788233, 462.54816385708756], [0.0, 0.0, 1.0]]], "extrinsics": [[[0.8230493068695068, -0.5678909420967102, 0.009474457241594791, -0.7069091796875], [0.024352874606847763, 0.018619094043970108, -0.999530017375946, 1.4969139099121094], [0.5674476623535156, 0.8228932023048401, 0.029154211282730103, -1.13470458984375], [0.0, 0.0, 0.0, 1.0]], [[0.011364287696778774, -0.9998341202735901, -0.014225081540644169, 0.013427734375], [0.026470590382814407, 0.014521824195981026, -0.9995441436767578, 1.4879608154296875], [0.9995849132537842, 0.010982651263475418, 0.026631232351064682, -1.43798828125], [0.0, 0.0, 0.0, 1.0]], [[-0.8431601524353027, -0.5366859436035156, -0.032390888780355453, 0.897216796875], [0.03466879948973656, 0.005849815905094147, -0.9993817210197449, 1.5010871887207031], [0.5365435481071472, -0.8437618017196655, 0.013673924840986729, -1.1502685546875], [0.0, 0.0, 0.0, 1.0]], [[0.9477753639221191, 0.3185632824897766, 0.015468545258045197, -1.1334228515625], [0.009233261458575726, 0.0210739579051733, -0.9997352957725525, 1.5621395111083984], [-0.31880491971969604, 0.9476673007011414, 0.017032001167535782, -0.1597900390625], [0.0, 0.0, 0.0, 1.0]], [[0.008752657100558281, 0.9998693466186523, 0.013583815656602383, -0.029541015625], [0.011588850989937782, 0.013481995090842247, -0.9998419284820557, 1.5691070556640625], [-0.9998945593833923, 0.008908701129257679, -0.011469335295259953, -0.047607421875], [0.0, 0.0, 0.0, 1.0]], [[-0.9237409830093384, 0.3825874328613281, -0.01814805530011654, 1.0032958984375], [0.015820078551769257, -0.009230189025402069, -0.999832272529602, 1.550516128540039], [-0.38269078731536865, -0.9238731265068054, 0.0024737410712987185, -0.105987548828125], [0.0, 0.0, 0.0, 1.0]]], "view": [[0.0, -2.0, 100.0], [-2.0, 0.0, 100.0], [0.0, 0.0, 1.0]], "bev": "bev_e0ccb5165f924b3d8fde763862f28e49.png", "aux": "aux_e0ccb5165f924b3d8fde763862f28e49.npz", "visibility": "visibility_e0ccb5165f924b3d8fde763862f28e49.png", "pose": [[0.6411557197570801, -0.7674107551574707, 0.0, 1336.09033203125], [0.7674107551574707, 0.6411557197570801, 0.0, 1086.799560546875], [0.0, 0.0, 1.0, 0.0], [0.0, 0.0, 0.0, 1.0]], "pose_inverse": [[0.6411557197570801, 0.7674107551574707, 0.0, -1690.6636962890625], [-0.7674107551574707, 0.6411557197570801, 0.0, 328.5223388671875], [0.0, 0.0, 1.0, 0.0], [0.0, 0.0, 0.0, 1.0]], "cam_ids": [0, 1, 2, 3, 4, 5], "cam_channels": ["CAM_FRONT_LEFT", "CAM_FRONT", "CAM_FRONT_RIGHT", "CAM_BACK_LEFT", "CAM_BACK", "CAM_BACK_RIGHT"], "token": "e0ccb5165f924b3d8fde763862f28e49", "scene": "scene-0809"}, {"images": ["samples/CAM_FRONT_LEFT/n008-2018-09-18-15-26-58-0400__CAM_FRONT_LEFT__1537298984004799.jpg", "samples/CAM_FRONT/n008-2018-09-18-15-26-58-0400__CAM_FRONT__1537298984012404.jpg", "samples/CAM_FRONT_RIGHT/n008-2018-09-18-15-26-58-0400__CAM_FRONT_RIGHT__1537298984020482.jpg", "samples/CAM_BACK_LEFT/n008-2018-09-18-15-26-58-0400__CAM_BACK_LEFT__1537298984047405.jpg", "samples/CAM_BACK/n008-2018-09-18-15-26-58-0400__CAM_BACK__1537298984037558.jpg", "samples/CAM_BACK_RIGHT/n008-2018-09-18-15-26-58-0400__CAM_BACK_RIGHT__1537298984028113.jpg"], "intrinsics": [[[1257.8625342125129, 0.0, 827.2410631095686], [0.0, 1257.8625342125129, 450.915498205774], [0.0, 0.0, 1.0]], [[1252.8131021185304, 0.0, 826.588114781398], [0.0, 1252.8131021185304, 469.9846626224581], [0.0, 0.0, 1.0]], [[1256.7485116440405, 0.0, 817.7887570959712], [0.0, 1256.7485116440403, 451.9541780095127], [0.0, 0.0, 1.0]], [[1254.9860565800168, 0.0, 829.5769333630991], [0.0, 1254.9860565800168, 467.1680561863987], [0.0, 0.0, 1.0]], [[796.8910634503094, 0.0, 857.7774326863696], [0.0, 796.8910634503094, 476.8848988407415], [0.0, 0.0, 1.0]], [[1249.9629280788233, 0.0, 825.3768045375984], [0.0, 1249.9629280788233, 462.54816385708756], [0.0, 0.0, 1.0]]], "extrinsics": [[[0.822455644607544, -0.568798303604126, -0.005948142148554325, -0.7066650390625], [0.006473692599684, 0.019815770909190178, -0.9997826814651489, 1.4905624389648438], [0.5687925219535828, 0.8222383856773376, 0.019979817792773247, -1.13092041015625], [0.0, 0.0, 0.0, 1.0]], [[0.0098907221108675, -0.9998289346694946, -0.015633396804332733, 0.0106201171875], [0.00827878899872303, 0.015715502202510834, -0.9998422861099243, 1.482579231262207], [0.9999169111251831, 0.00975965615361929, 0.008432809263467789, -1.4388427734375], [0.0, 0.0, 0.0, 1.0]], [[-0.8442357778549194, -0.5356887578964233, -0.017421701923012733, 0.8988037109375], [0.016170833259820938, 0.007032065652310848, -0.999844491481781, 1.4967517852783203], [0.5357280373573303, -0.8443862795829773, 0.0027258119080215693, -1.1541748046875], [0.0, 0.0, 0.0, 1.0]], [[0.9478909969329834, 0.3185908794403076, -0.0015780450776219368, -1.134033203125], [-0.009064104408025742, 0.02201627753674984, -0.9997165203094482, 1.5619449615478516], [-0.3184658885002136, 0.9476366639137268, 0.02375677041709423, -0.1595458984375], [0.0, 0.0, 0.0, 1.0]], [[0.009399701841175556, 0.9998504519462585, 0.014517777599394321, -0.028594970703125], [-0.00689710583537817, 0.014582900330424309, -0.9998698830604553, 1.5674324035644531], [-0.999932050704956, 0.009298386983573437, 0.007033148780465126, -0.0455322265625], [0.0, 0.0, 0.0, 1.0]], [[-0.9236055612564087, 0.3833436965942383, -0.0006710071465931833, 1.0064697265625], [-0.0026198660489171743, -0.008062494918704033, -0.9999640583992004, 1.5473847389221191], [-0.38333526253700256, -0.9235705733299255, 0.008450874127447605, -0.1065673828125], [0.0, 0.0, 0.0, 1.0]]], "view": [[0.0, -2.0, 100.0], [-2.0, 0.0, 100.0], [0.0, 0.0, 1.0]], "bev": "bev_aa730a77fa2544bf926f29a6a96a3f19.png", "aux": "aux_aa730a77fa2544bf926f29a6a96a3f19.npz", "visibility": "visibility_aa730a77fa2544bf926f29a6a96a3f19.png", "pose": [[0.6403287649154663, -0.7681009769439697, 0.0, 1338.79931640625], [0.7681009769439697, 0.6403287649154663, 0.0, 1089.98583984375], [0.0, 0.0, 1.0, 0.0], [0.0, 0.0, 0.0, 1.0]], "pose_inverse": [[0.6403287649154663, 0.7681009769439697, 0.0, -1694.4908447265625], [-0.7681009769439697, 0.6403287649154663, 0.0, 330.3837890625], [0.0, 0.0, 1.0, 0.0], [0.0, 0.0, 0.0, 1.0]], "cam_ids": [0, 1, 2, 3, 4, 5], "cam_channels": ["CAM_FRONT_LEFT", "CAM_FRONT", "CAM_FRONT_RIGHT", "CAM_BACK_LEFT", "CAM_BACK", "CAM_BACK_RIGHT"], "token": "aa730a77fa2544bf926f29a6a96a3f19", "scene": "scene-0809"}, {"images": ["samples/CAM_FRONT_LEFT/n008-2018-09-18-15-26-58-0400__CAM_FRONT_LEFT__1537298984504799.jpg", "samples/CAM_FRONT/n008-2018-09-18-15-26-58-0400__CAM_FRONT__1537298984512404.jpg", "samples/CAM_FRONT_RIGHT/n008-2018-09-18-15-26-58-0400__CAM_FRONT_RIGHT__1537298984520482.jpg", "samples/CAM_BACK_LEFT/n008-2018-09-18-15-26-58-0400__CAM_BACK_LEFT__1537298984547405.jpg", "samples/CAM_BACK/n008-2018-09-18-15-26-58-0400__CAM_BACK__1537298984537558.jpg", "samples/CAM_BACK_RIGHT/n008-2018-09-18-15-26-58-0400__CAM_BACK_RIGHT__1537298984528113.jpg"], "intrinsics": [[[1257.8625342125129, 0.0, 827.2410631095686], [0.0, 1257.8625342125129, 450.915498205774], [0.0, 0.0, 1.0]], [[1252.8131021185304, 0.0, 826.588114781398], [0.0, 1252.8131021185304, 469.9846626224581], [0.0, 0.0, 1.0]], [[1256.7485116440405, 0.0, 817.7887570959712], [0.0, 1256.7485116440403, 451.9541780095127], [0.0, 0.0, 1.0]], [[1254.9860565800168, 0.0, 829.5769333630991], [0.0, 1254.9860565800168, 467.1680561863987], [0.0, 0.0, 1.0]], [[796.8910634503094, 0.0, 857.7774326863696], [0.0, 796.8910634503094, 476.8848988407415], [0.0, 0.0, 1.0]], [[1249.9629280788233, 0.0, 825.3768045375984], [0.0, 1249.9629280788233, 462.54816385708756], [0.0, 0.0, 1.0]]], "extrinsics": [[[0.822299063205719, -0.5690398812294006, -0.004239154048264027, -0.6910400390625], [0.0075850049033761024, 0.01840900629758835, -0.999801754951477, 1.4911270141601562], [0.5690050721168518, 0.8221039175987244, 0.019453875720500946, -1.119384765625], [0.0, 0.0, 0.0, 1.0]], [[0.009807286784052849, -0.9998506307601929, -0.01422916166484356, 0.010589599609375], [0.009358551353216171, 0.014321000315248966, -0.9998536705970764, 1.4830808639526367], [0.9999080896377563, 0.009672644548118114, 0.00949760340154171, -1.420166015625], [0.0, 0.0, 0.0, 1.0]], [[-0.8442078232765198, -0.5357280969619751, -0.017565952613949776, 0.8846435546875], [0.017217451706528664, 0.005652047228068113, -0.999835729598999, 1.4972820281982422], [0.5357393622398376, -0.8443717360496521, 0.004452368710190058, -1.14501953125], [0.0, 0.0, 0.0, 1.0]], [[0.9478905200958252, 0.3185942471027374, -0.0011389562860131264, -1.134765625], [-0.00816099252551794, 0.02070675604045391, -0.9997522830963135, 1.5619659423828125], [-0.31849172711372375, 0.9476649761199951, 0.022227784618735313, -0.1591796875], [0.0, 0.0, 0.0, 1.0]], [[0.009383158758282661, 0.9998677968978882, 0.01327995304018259, -0.028564453125], [-0.006175501272082329, 0.013338226824998856, -0.9998919367790222, 1.5674619674682617], [-0.9999370574951172, 0.009300081059336662, 0.00629983888939023, -0.0516357421875], [0.0, 0.0, 0.0, 1.0]], [[-0.9236094355583191, 0.38333022594451904, -0.0018954979022964835, 0.995361328125], [-0.0018453859956935048, -0.009390929713845253, -0.9999542236328125, 1.5474945306777954], [-0.38333046436309814, -0.9235635995864868, 0.009380944073200226, -0.110931396484375], [0.0, 0.0, 0.0, 1.0]]], "view": [[0.0, -2.0, 100.0], [-2.0, 0.0, 100.0], [0.0, 0.0, 1.0]], "bev": "bev_e51904d387c94df58ad7afe93b5e8435.png", "aux": "aux_e51904d387c94df58ad7afe93b5e8435.npz", "visibility": "visibility_e51904d387c94df58ad7afe93b5e8435.png", "pose": [[0.643011748790741, -0.7658563256263733, 0.0, 1341.5645751953125], [0.7658563256263733, 0.643011748790741, 0.0, 1093.2244873046875], [0.0, 0.0, 1.0, 0.0], [0.0, 0.0, 0.0, 1.0]], "pose_inverse": [[0.643011748790741, 0.7658563256263733, 0.0, -1699.8946533203125], [-0.7658563256263733, 0.643011748790741, 0.0, 324.489501953125], [0.0, 0.0, 1.0, 0.0], [0.0, 0.0, 0.0, 1.0]], "cam_ids": [0, 1, 2, 3, 4, 5], "cam_channels": ["CAM_FRONT_LEFT", "CAM_FRONT", "CAM_FRONT_RIGHT", "CAM_BACK_LEFT", "CAM_BACK", "CAM_BACK_RIGHT"], "token": "e51904d387c94df58ad7afe93b5e8435", "scene": "scene-0809"}, {"images": ["samples/CAM_FRONT_LEFT/n008-2018-09-18-15-26-58-0400__CAM_FRONT_LEFT__1537298985004799.jpg", "samples/CAM_FRONT/n008-2018-09-18-15-26-58-0400__CAM_FRONT__1537298985012404.jpg", "samples/CAM_FRONT_RIGHT/n008-2018-09-18-15-26-58-0400__CAM_FRONT_RIGHT__1537298985020482.jpg", "samples/CAM_BACK_LEFT/n008-2018-09-18-15-26-58-0400__CAM_BACK_LEFT__1537298985047405.jpg", "samples/CAM_BACK/n008-2018-09-18-15-26-58-0400__CAM_BACK__1537298985037558.jpg", "samples/CAM_BACK_RIGHT/n008-2018-09-18-15-26-58-0400__CAM_BACK_RIGHT__1537298985028113.jpg"], "intrinsics": [[[1257.8625342125129, 0.0, 827.2410631095686], [0.0, 1257.8625342125129, 450.915498205774], [0.0, 0.0, 1.0]], [[1252.8131021185304, 0.0, 826.588114781398], [0.0, 1252.8131021185304, 469.9846626224581], [0.0, 0.0, 1.0]], [[1256.7485116440405, 0.0, 817.7887570959712], [0.0, 1256.7485116440403, 451.9541780095127], [0.0, 0.0, 1.0]], [[1254.9860565800168, 0.0, 829.5769333630991], [0.0, 1254.9860565800168, 467.1680561863987], [0.0, 0.0, 1.0]], [[796.8910634503094, 0.0, 857.7774326863696], [0.0, 796.8910634503094, 476.8848988407415], [0.0, 0.0, 1.0]], [[1249.9629280788233, 0.0, 825.3768045375984], [0.0, 1249.9629280788233, 462.54816385708756], [0.0, 0.0, 1.0]]], "extrinsics": [[[0.8224917650222778, -0.5686720013618469, -0.010932372882962227, -0.6976318359375], [-0.0001357836736133322, 0.019024524837732315, -0.9998190402984619, 1.4882197380065918], [0.5687770247459412, 0.8223444223403931, 0.01557029876857996, -1.12237548828125], [0.0, 0.0, 0.0, 1.0]], [[0.010157246142625809, -0.9998384118080139, -0.0148322070017457, 0.0096435546875], [0.0020086648873984814, 0.014853343367576599, -0.9998877048492432, 1.4807692766189575], [0.9999462962150574, 0.010126285254955292, 0.002159209456294775, -1.426513671875], [0.0, 0.0, 0.0, 1.0]], [[-0.8440765738487244, -0.5360904335975647, -0.01190752163529396, 0.888671875], [0.010231267660856247, 0.006101030390709639, -0.9999290108680725, 1.4955196380615234], [0.5361250638961792, -0.844138503074646, 0.0003351474879309535, -1.1485595703125], [0.0, 0.0, 0.0, 1.0]], [[0.9478527307510376, 0.31861987709999084, -0.0075198011472821236, -1.1356201171875], [-0.014949258416891098, 0.020878713577985764, -0.9996702671051025, 1.5619087219238281], [-0.31835779547691345, 0.9476526379585266, 0.024553077295422554, -0.15899658203125], [0.0, 0.0, 0.0, 1.0]], [[0.009300862438976765, 0.9998692274093628, 0.013233858160674572, -0.028228759765625], [-0.012777009978890419, 0.013352181762456894, -0.9998292326927185, 1.5668697357177734], [-0.9998751282691956, 0.009130164980888367, 0.01289952639490366, -0.0487060546875], [0.0, 0.0, 0.0, 1.0]], [[-0.9237216711044312, 0.3830365240573883, 0.004613826517015696, 0.99951171875], [-0.008775901049375534, -0.009119321592152119, -0.9999198913574219, 1.5462884902954102], [-0.38296377658843994, -0.9236882328987122, 0.011785205453634262, -0.10980224609375], [0.0, 0.0, 0.0, 1.0]]], "view": [[0.0, -2.0, 100.0], [-2.0, 0.0, 100.0], [0.0, 0.0, 1.0]], "bev": "bev_259f747e4979442885608bf3c829c21b.png", "aux": "aux_259f747e4979442885608bf3c829c21b.npz", "visibility": "visibility_259f747e4979442885608bf3c829c21b.png", "pose": [[0.6460402607917786, -0.7633033394813538, 0.0, 1344.408203125], [0.7633033394813538, 0.6460402607917786, 0.0, 1096.5538330078125], [0.0, 0.0, 1.0, 0.0], [0.0, 0.0, 0.0, 1.0]], "pose_inverse": [[0.6460402607917786, 0.7633033394813538, 0.0, -1705.5450439453125], [-0.7633033394813538, 0.6460402607917786, 0.0, 317.7734069824219], [0.0, 0.0, 1.0, 0.0], [0.0, 0.0, 0.0, 1.0]], "cam_ids": [0, 1, 2, 3, 4, 5], "cam_channels": ["CAM_FRONT_LEFT", "CAM_FRONT", "CAM_FRONT_RIGHT", "CAM_BACK_LEFT", "CAM_BACK", "CAM_BACK_RIGHT"], "token": "259f747e4979442885608bf3c829c21b", "scene": "scene-0809"}, {"images": ["samples/CAM_FRONT_LEFT/n008-2018-09-18-15-26-58-0400__CAM_FRONT_LEFT__1537298985504799.jpg", "samples/CAM_FRONT/n008-2018-09-18-15-26-58-0400__CAM_FRONT__1537298985512404.jpg", "samples/CAM_FRONT_RIGHT/n008-2018-09-18-15-26-58-0400__CAM_FRONT_RIGHT__1537298985520482.jpg", "samples/CAM_BACK_LEFT/n008-2018-09-18-15-26-58-0400__CAM_BACK_LEFT__1537298985547405.jpg", "samples/CAM_BACK/n008-2018-09-18-15-26-58-0400__CAM_BACK__1537298985537558.jpg", "samples/CAM_BACK_RIGHT/n008-2018-09-18-15-26-58-0400__CAM_BACK_RIGHT__1537298985528113.jpg"], "intrinsics": [[[1257.8625342125129, 0.0, 827.2410631095686], [0.0, 1257.8625342125129, 450.915498205774], [0.0, 0.0, 1.0]], [[1252.8131021185304, 0.0, 826.588114781398], [0.0, 1252.8131021185304, 469.9846626224581], [0.0, 0.0, 1.0]], [[1256.7485116440405, 0.0, 817.7887570959712], [0.0, 1256.7485116440403, 451.9541780095127], [0.0, 0.0, 1.0]], [[1254.9860565800168, 0.0, 829.5769333630991], [0.0, 1254.9860565800168, 467.1680561863987], [0.0, 0.0, 1.0]], [[796.8910634503094, 0.0, 857.7774326863696], [0.0, 796.8910634503094, 476.8848988407415], [0.0, 0.0, 1.0]], [[1249.9629280788233, 0.0, 825.3768045375984], [0.0, 1249.9629280788233, 462.54816385708756], [0.0, 0.0, 1.0]]], "extrinsics": [[[0.8223374485969543, -0.5686347484588623, -0.020387886092066765, -0.6943359375], [-0.011645025573670864, 0.019004611298441887, -0.9997515678405762, 1.4838600158691406], [0.5688810348510742, 0.8223705887794495, 0.009006435982882977, -1.12249755859375], [0.0, 0.0, 0.0, 1.0]], [[0.009924934245646, -0.9998372793197632, -0.015064013190567493, 0.01123046875], [-0.009961185976862907, 0.014965149573981762, -0.9998384118080139, 1.4770393371582031], [0.9999011754989624, 0.010073432698845863, -0.009811035357415676, -1.4246826171875], [0.0, 0.0, 0.0, 1.0]], [[-0.8442475199699402, -0.5359513163566589, -0.0015209218254312873, 0.8885498046875], [-0.0022314528468996286, 0.006352787837386131, -0.9999772906303406, 1.4925174713134766], [0.5359488129615784, -0.8442249894142151, -0.006559276487678289, -1.1466064453125], [0.0, 0.0, 0.0, 1.0]], [[0.9477044939994812, 0.31855449080467224, -0.01947629079222679, -1.13232421875], [-0.027761895209550858, 0.02149016223847866, -0.9993835091590881, 1.5616950988769531], [-0.31793951988220215, 0.9476609230041504, 0.02920999936759472, -0.1602783203125], [0.0, 0.0, 0.0, 1.0]], [[0.009587789885699749, 0.9998582601547241, 0.013839824125170708, -0.02886962890625], [-0.02567562833428383, 0.01408205833286047, -0.9995710849761963, 1.5655937194824219], [-0.9996243715286255, 0.009228299371898174, 0.025807004421949387, -0.05126953125], [0.0, 0.0, 0.0, 1.0]], [[-0.9235317707061768, 0.3831639587879181, 0.016566066071391106, 0.99755859375], [-0.021507538855075836, -0.008615832775831223, -0.9997315406799316, 1.5440483093261719], [-0.38291826844215393, -0.9236401915550232, 0.01619790866971016, -0.1094970703125], [0.0, 0.0, 0.0, 1.0]]], "view": [[0.0, -2.0, 100.0], [-2.0, 0.0, 100.0], [0.0, 0.0, 1.0]], "bev": "bev_87093c03167a4c0dafcc2b416b79ac44.png", "aux": "aux_87093c03167a4c0dafcc2b416b79ac44.npz", "visibility": "visibility_87093c03167a4c0dafcc2b416b79ac44.png", "pose": [[0.6455392241477966, -0.7637271285057068, 0.0, 1347.1865234375], [0.7637271285057068, 0.6455392241477966, 0.0, 1099.797119140625], [0.0, 0.0, 1.0, 0.0], [0.0, 0.0, 0.0, 1.0]], "pose_inverse": [[0.6455392241477966, 0.7637271285057068, 0.0, -1709.606689453125], [-0.7637271285057068, 0.6455392241477966, 0.0, 318.920654296875], [0.0, 0.0, 1.0, 0.0], [0.0, 0.0, 0.0, 1.0]], "cam_ids": [0, 1, 2, 3, 4, 5], "cam_channels": ["CAM_FRONT_LEFT", "CAM_FRONT", "CAM_FRONT_RIGHT", "CAM_BACK_LEFT", "CAM_BACK", "CAM_BACK_RIGHT"], "token": "87093c03167a4c0dafcc2b416b79ac44", "scene": "scene-0809"}, {"images": ["samples/CAM_FRONT_LEFT/n008-2018-09-18-15-26-58-0400__CAM_FRONT_LEFT__1537298986004859.jpg", "samples/CAM_FRONT/n008-2018-09-18-15-26-58-0400__CAM_FRONT__1537298986012404.jpg", "samples/CAM_FRONT_RIGHT/n008-2018-09-18-15-26-58-0400__CAM_FRONT_RIGHT__1537298986020777.jpg", "samples/CAM_BACK_LEFT/n008-2018-09-18-15-26-58-0400__CAM_BACK_LEFT__1537298986047405.jpg", "samples/CAM_BACK/n008-2018-09-18-15-26-58-0400__CAM_BACK__1537298986037558.jpg", "samples/CAM_BACK_RIGHT/n008-2018-09-18-15-26-58-0400__CAM_BACK_RIGHT__1537298986028113.jpg"], "intrinsics": [[[1257.8625342125129, 0.0, 827.2410631095686], [0.0, 1257.8625342125129, 450.915498205774], [0.0, 0.0, 1.0]], [[1252.8131021185304, 0.0, 826.588114781398], [0.0, 1252.8131021185304, 469.9846626224581], [0.0, 0.0, 1.0]], [[1256.7485116440405, 0.0, 817.7887570959712], [0.0, 1256.7485116440403, 451.9541780095127], [0.0, 0.0, 1.0]], [[1254.9860565800168, 0.0, 829.5769333630991], [0.0, 1254.9860565800168, 467.1680561863987], [0.0, 0.0, 1.0]], [[796.8910634503094, 0.0, 857.7774326863696], [0.0, 796.8910634503094, 476.8848988407415], [0.0, 0.0, 1.0]], [[1249.9629280788233, 0.0, 825.3768045375984], [0.0, 1249.9629280788233, 462.54816385708756], [0.0, 0.0, 1.0]]], "extrinsics": [[[0.8224221467971802, -0.5683907270431519, -0.02353317104279995, -0.6954345703125], [-0.014380920678377151, 0.02058190293610096, -0.9996846914291382, 1.4828433990478516], [0.5686957836151123, 0.8225013017654419, 0.008753031492233276, -1.12359619140625], [0.0, 0.0, 0.0, 1.0]], [[0.010025748051702976, -0.9998130798339844, -0.016528917476534843, 0.011077880859375], [-0.012612721882760525, 0.0164019912481308, -0.9997859597206116, 1.4762382507324219], [0.9998701810836792, 0.01023209560662508, -0.012445922940969467, -1.426513671875], [0.0, 0.0, 0.0, 1.0]], [[-0.844184398651123, -0.5360528826713562, -7.412231207126752e-05, 0.8919677734375], [-0.00476102065294981, 0.007636000867933035, -0.9999594688415527, 1.4919300079345703], [0.5360317826271057, -0.8441498875617981, -0.008998353034257889, -1.1494140625], [0.0, 0.0, 0.0, 1.0]], [[0.9476629495620728, 0.3185814619064331, -0.02099057286977768, -1.1328125], [-0.02976861223578453, 0.02270929142832756, -0.9992988109588623, 1.5616836547851562], [-0.3178814649581909, 0.9476233720779419, 0.031004484742879868, -0.15985107421875], [0.0, 0.0, 0.0, 1.0]], [[0.009583400562405586, 0.9998425245285034, 0.014933568425476551, -0.02862548828125], [-0.027913952246308327, 0.015195926651358604, -0.9994947910308838, 1.5654106140136719], [-0.9995643496513367, 0.009161571972072124, 0.028055187314748764, -0.050048828125], [0.0, 0.0, 0.0, 1.0]], [[-0.9235244393348694, 0.38306230306625366, 0.01912514865398407, 0.9991455078125], [-0.02380613423883915, -0.007482742890715599, -0.9996885657310486, 1.543670654296875], [-0.3827999234199524, -0.9236922264099121, 0.016029728576540947, -0.109222412109375], [0.0, 0.0, 0.0, 1.0]]], "view": [[0.0, -2.0, 100.0], [-2.0, 0.0, 100.0], [0.0, 0.0, 1.0]], "bev": "bev_d4c05eff7c004de3a24d55a3aadfb4ba.png", "aux": "aux_d4c05eff7c004de3a24d55a3aadfb4ba.npz", "visibility": "visibility_d4c05eff7c004de3a24d55a3aadfb4ba.png", "pose": [[0.645440936088562, -0.7638101577758789, 0.0, 1349.99853515625], [0.7638101577758789, 0.645440936088562, 0.0, 1103.0927734375], [0.0, 0.0, 1.0, 0.0], [0.0, 0.0, 0.0, 1.0]], "pose_inverse": [[0.645440936088562, 0.7638101577758789, 0.0, -1713.8978271484375], [-0.7638101577758789, 0.645440936088562, 0.0, 319.161376953125], [0.0, 0.0, 1.0, 0.0], [0.0, 0.0, 0.0, 1.0]], "cam_ids": [0, 1, 2, 3, 4, 5], "cam_channels": ["CAM_FRONT_LEFT", "CAM_FRONT", "CAM_FRONT_RIGHT", "CAM_BACK_LEFT", "CAM_BACK", "CAM_BACK_RIGHT"], "token": "d4c05eff7c004de3a24d55a3aadfb4ba", "scene": "scene-0809"}, {"images": ["samples/CAM_FRONT_LEFT/n008-2018-09-18-15-26-58-0400__CAM_FRONT_LEFT__1537298986504799.jpg", "samples/CAM_FRONT/n008-2018-09-18-15-26-58-0400__CAM_FRONT__1537298986512404.jpg", "samples/CAM_FRONT_RIGHT/n008-2018-09-18-15-26-58-0400__CAM_FRONT_RIGHT__1537298986520482.jpg", "samples/CAM_BACK_LEFT/n008-2018-09-18-15-26-58-0400__CAM_BACK_LEFT__1537298986547405.jpg", "samples/CAM_BACK/n008-2018-09-18-15-26-58-0400__CAM_BACK__1537298986537558.jpg", "samples/CAM_BACK_RIGHT/n008-2018-09-18-15-26-58-0400__CAM_BACK_RIGHT__1537298986528113.jpg"], "intrinsics": [[[1257.8625342125129, 0.0, 827.2410631095686], [0.0, 1257.8625342125129, 450.915498205774], [0.0, 0.0, 1.0]], [[1252.8131021185304, 0.0, 826.588114781398], [0.0, 1252.8131021185304, 469.9846626224581], [0.0, 0.0, 1.0]], [[1256.7485116440405, 0.0, 817.7887570959712], [0.0, 1256.7485116440403, 451.9541780095127], [0.0, 0.0, 1.0]], [[1254.9860565800168, 0.0, 829.5769333630991], [0.0, 1254.9860565800168, 467.1680561863987], [0.0, 0.0, 1.0]], [[796.8910634503094, 0.0, 857.7774326863696], [0.0, 796.8910634503094, 476.8848988407415], [0.0, 0.0, 1.0]], [[1249.9629280788233, 0.0, 825.3768045375984], [0.0, 1249.9629280788233, 462.54816385708756], [0.0, 0.0, 1.0]]], "extrinsics": [[[0.8217313289642334, -0.5690882802009583, -0.029933085665106773, -0.69921875], [-0.022726161405444145, 0.01975916139781475, -0.9995464086532593, 1.479827880859375], [0.5694217681884766, 0.8220389485359192, 0.0033035275992006063, -1.124755859375], [0.0, 0.0, 0.0, 1.0]], [[0.009246399626135826, -0.9998323917388916, -0.015799030661582947, 0.01068115234375], [-0.020878169685602188, 0.015603233128786087, -0.9996602535247803, 1.4736900329589844], [0.9997392296791077, 0.009573090821504593, -0.0207303985953331, -1.4266357421875], [0.0, 0.0, 0.0, 1.0]], [[-0.8444516062736511, -0.5355824828147888, 0.007269660476595163, 0.88720703125], [-0.01296139508485794, 0.006864291615784168, -0.9998924136161804, 1.489919662475586], [0.5354750156402588, -0.8444550037384033, -0.01273845974355936, -1.146240234375], [0.0, 0.0, 0.0, 1.0]], [[0.9474905133247375, 0.31842201948165894, -0.029479462653398514, -1.129638671875], [-0.03856896981596947, 0.022277139127254486, -0.9990075826644897, 1.5614547729492188], [-0.31744933128356934, 0.9476872086524963, 0.033388592302799225, -0.1612548828125], [0.0, 0.0, 0.0, 1.0]], [[0.009986178949475288, 0.9998486042022705, 0.014252225868403912, -0.028472900390625], [-0.036407776176929474, 0.014607041142880917, -0.9992302060127258, 1.5644760131835938], [-0.9992871880531311, 0.009459656663239002, 0.03654813766479492, -0.