[{"images": ["samples/CAM_FRONT_LEFT/n015-2018-08-01-17-04-15+0800__CAM_FRONT_LEFT__1533114555654844.jpg", "samples/CAM_FRONT/n015-2018-08-01-17-04-15+0800__CAM_FRONT__1533114555662460.jpg", "samples/CAM_FRONT_RIGHT/n015-2018-08-01-17-04-15+0800__CAM_FRONT_RIGHT__1533114555670339.jpg", "samples/CAM_BACK_LEFT/n015-2018-08-01-17-04-15+0800__CAM_BACK_LEFT__1533114555697423.jpg", "samples/CAM_BACK/n015-2018-08-01-17-04-15+0800__CAM_BACK__1533114555687525.jpg", "samples/CAM_BACK_RIGHT/n015-2018-08-01-17-04-15+0800__CAM_BACK_RIGHT__1533114555677893.jpg"], "intrinsics": [[[1272.5979470598488, 0.0, 826.6154927353808], [0.0, 1272.5979470598488, 479.75165386361925], [0.0, 0.0, 1.0]], [[1266.417203046554, 0.0, 816.2670197447984], [0.0, 1266.417203046554, 491.50706579294757], [0.0, 0.0, 1.0]], [[1260.8474446004698, 0.0, 807.968244525554], [0.0, 1260.8474446004698, 495.3344268742088], [0.0, 0.0, 1.0]], [[1256.7414812095406, 0.0, 792.1125740759628], [0.0, 1256.7414812095406, 492.7757465151356], [0.0, 0.0, 1.0]], [[809.2209905677063, 0.0, 829.2196003259838], [0.0, 809.2209905677063, 481.77842384512485], [0.0, 0.0, 1.0]], [[1259.5137405846733, 0.0, 807.2529053838625], [0.0, 1259.5137405846733, 501.19579884916527], [0.0, 0.0, 1.0]]], "extrinsics": [[[0.8139906525611877, -0.58057701587677, 0.01869835890829563, -0.842254638671875], [-0.005159215535968542, -0.03941446915268898, -0.9992096424102783, 1.5075531005859375], [0.580855131149292, 0.8132507801055908, -0.03507832810282707, -1.19482421875], [0.0, 0.0, 0.0, 1.0]], [[-0.003940545953810215, -0.9990355968475342, 0.04372958838939667, 0.005859375], [-0.010442003607749939, -0.04368643835186958, -0.9989907741546631, 1.5193099975585938], [0.9999377131462097, -0.004393196664750576, -0.010259784758090973, -1.56976318359375], [0.0, 0.0, 0.0, 1.0]], [[-0.8370497226715088, -0.5468133091926575, 0.018521945923566818, 0.953857421875], [-0.004609070252627134, -0.026804529130458832, -0.9996300339698792, 1.5032310485839844], [0.5471075177192688, -0.836825430393219, 0.019916420802474022, -1.19635009765625], [0.0, 0.0, 0.0, 1.0]], [[0.947725236415863, 0.3187631368637085, -0.014388582669198513, -1.1446533203125], [0.004334315191954374, -0.0579490028321743, -0.9983100891113281, 1.5885467529296875], [-0.31905829906463623, 0.9460613131523132, -0.05630134791135788, -0.1031494140625], [0.0, 0.0, 0.0, 1.0]], [[0.004995665047317743, 0.9988483786582947, -0.047719333320856094, 0.0025634765625], [-0.021259980276226997, -0.047603052109479904, -0.9986400604248047, 1.5786819458007812], [-0.9997615218162537, 0.00600338215008378, 0.020997684448957443, -0.03118896484375], [0.0, 0.0, 0.0, 1.0]], [[-0.9329217672348022, 0.35939982533454895, -0.022107871249318123, 1.0730743408203125], [0.011307273991405964, -0.03212646022439003, -0.9994198679924011, 1.5522384643554688], [-0.3599015772342682, -0.9326304793357849, 0.025907639414072037, -0.0872802734375], [0.0, 0.0, 0.0, 1.0]]], "view": [[0.0, -2.0, 100.0], [-2.0, 0.0, 100.0], [0.0, 0.0, 1.0]], "bev": "bev_49e7f76cbce44dd081a7ff79d063f298.png", "aux": "aux_49e7f76cbce44dd081a7ff79d063f298.npz", "visibility": "visibility_49e7f76cbce44dd081a7ff79d063f298.png", "pose": [[-0.9996396899223328, 0.026842700317502022, 0.0, 785.8131713867188], [-0.026842700317502022, -0.9996396899223328, 0.0, 1699.38818359375], [0.0, 0.0, 1.0, 0.0], [0.0, 0.0, 0.0, 1.0]], "pose_inverse": [[-0.9996396899223328, -0.026842700317502022, 0.0, 831.1461791992188], [0.026842700317502022, -0.9996396899223328, 0.0, 1677.6824951171875], [0.0, 0.0, 1.0, 0.0], [0.0, 0.0, 0.0, 1.0]], "cam_ids": [0, 1, 2, 3, 4, 5], "cam_channels": ["CAM_FRONT_LEFT", "CAM_FRONT", "CAM_FRONT_RIGHT", "CAM_BACK_LEFT", "CAM_BACK", "CAM_BACK_RIGHT"], "token": "49e7f76cbce44dd081a7ff79d063f298", "scene": "scene-0154"}, {"images": ["samples/CAM_FRONT_LEFT/n015-2018-08-01-17-04-15+0800__CAM_FRONT_LEFT__1533114556154844.jpg", "samples/CAM_FRONT/n015-2018-08-01-17-04-15+0800__CAM_FRONT__1533114556162460.jpg", "samples/CAM_FRONT_RIGHT/n015-2018-08-01-17-04-15+0800__CAM_FRONT_RIGHT__1533114556170339.jpg", "samples/CAM_BACK_LEFT/n015-2018-08-01-17-04-15+0800__CAM_BACK_LEFT__1533114556197423.jpg", "samples/CAM_BACK/n015-2018-08-01-17-04-15+0800__CAM_BACK__1533114556187525.jpg", "samples/CAM_BACK_RIGHT/n015-2018-08-01-17-04-15+0800__CAM_BACK_RIGHT__1533114556177893.jpg"], "intrinsics": [[[1272.5979470598488, 0.0, 826.6154927353808], [0.0, 1272.5979470598488, 479.75165386361925], [0.0, 0.0, 1.0]], [[1266.417203046554, 0.0, 816.2670197447984], [0.0, 1266.417203046554, 491.50706579294757], [0.0, 0.0, 1.0]], [[1260.8474446004698, 0.0, 807.968244525554], [0.0, 1260.8474446004698, 495.3344268742088], [0.0, 0.0, 1.0]], [[1256.7414812095406, 0.0, 792.1125740759628], [0.0, 1256.7414812095406, 492.7757465151356], [0.0, 0.0, 1.0]], [[809.2209905677063, 0.0, 829.2196003259838], [0.0, 809.2209905677063, 481.77842384512485], [0.0, 0.0, 1.0]], [[1259.5137405846733, 0.0, 807.2529053838625], [0.0, 1259.5137405846733, 501.19579884916527], [0.0, 0.0, 1.0]]], "extrinsics": [[[0.8125882148742676, -0.5824784636497498, 0.020474547520279884, -0.8296241760253906], [-0.015904318541288376, -0.05727594718337059, -0.9982317090034485, 1.5057220458984375], [0.582621157169342, 0.8108256459236145, -0.05580568313598633, -1.1854248046875], [0.0, 0.0, 0.0, 1.0]], [[-0.005702328868210316, -0.9981013536453247, 0.061328236013650894, 0.00537109375], [-0.021209463477134705, -0.06119472160935402, -0.9979004859924316, 1.5177230834960938], [0.9997588396072388, -0.006991098169237375, -0.020820241421461105, -1.556640625], [0.0, 0.0, 0.0, 1.0]], [[-0.8377799987792969, -0.5447586178779602, 0.0369153767824173, 0.9449462890625], [-0.015394645743072033, -0.04401562735438347, -0.9989121556282043, 1.5020828247070312], [0.5457909107208252, -0.8374369740486145, 0.028489047661423683, -1.19073486328125], [0.0, 0.0, 0.0, 1.0]], [[0.9475087523460388, 0.31831035017967224, -0.030095547437667847, -1.14501953125], [-0.006706600543111563, -0.07432077825069427, -0.9972118139266968, 1.5886001586914062], [-0.319659560918808, 0.9450687766075134, -0.06828480213880539, -0.103271484375], [0.0, 0.0, 0.0, 1.0]], [[0.005257723852992058, 0.9979077577590942, -0.06444057822227478, 0.002685546875], [-0.03221435472369194, -0.064239002764225, -0.9974144697189331, 1.5781707763671875], [-0.9994670748710632, 0.0073200250044465065, 0.03180919960141182, -0.03564453125], [0.0, 0.0, 0.0, 1.0]], [[-0.9326128959655762, 0.3604220151901245, -0.018144452944397926, 1.06573486328125], [0.00044716050615534186, -0.04912440478801727, -0.9987925887107849, 1.551513671875], [-0.3608781695365906, -0.931494951248169, 0.04565288871526718, -0.09033203125], [0.0, 0.0, 0.0, 1.0]]], "view": [[0.0, -2.0, 100.0], [-2.0, 0.0, 100.0], [0.0, 0.0, 1.0]], "bev": "bev_5d0e62e287a440439de15fd773298f5a.png", "aux": "aux_5d0e62e287a440439de15fd773298f5a.npz", "visibility": "visibility_5d0e62e287a440439de15fd773298f5a.png", "pose": [[-0.9838974475860596, 0.17873407900333405, 0.0, 783.9664306640625], [-0.17873407900333405, -0.9838974475860596, 0.0, 1699.2044677734375], [0.0, 0.0, 1.0, 0.0], [0.0, 0.0, 0.0, 1.0]], "pose_inverse": [[-0.9838974475860596, -0.17873407900333405, 0.0, 1075.04833984375], [0.17873407900333405, -0.9838974475860596, 0.0, 1531.721435546875], [0.0, 0.0, 1.0, 0.0], [0.0, 0.0, 0.0, 1.0]], "cam_ids": [0, 1, 2, 3, 4, 5], "cam_channels": ["CAM_FRONT_LEFT", "CAM_FRONT", "CAM_FRONT_RIGHT", "CAM_BACK_LEFT", "CAM_BACK", "CAM_BACK_RIGHT"], "token": "5d0e62e287a440439de15fd773298f5a", "scene": "scene-0154"}, {"images": ["samples/CAM_FRONT_LEFT/n015-2018-08-01-17-04-15+0800__CAM_FRONT_LEFT__1533114556654844.jpg", "samples/CAM_FRONT/n015-2018-08-01-17-04-15+0800__CAM_FRONT__1533114556662460.jpg", "samples/CAM_FRONT_RIGHT/n015-2018-08-01-17-04-15+0800__CAM_FRONT_RIGHT__1533114556670339.jpg", "samples/CAM_BACK_LEFT/n015-2018-08-01-17-04-15+0800__CAM_BACK_LEFT__1533114556697423.jpg", "samples/CAM_BACK/n015-2018-08-01-17-04-15+0800__CAM_BACK__1533114556687525.jpg", "samples/CAM_BACK_RIGHT/n015-2018-08-01-17-04-15+0800__CAM_BACK_RIGHT__1533114556677893.jpg"], "intrinsics": [[[1272.5979470598488, 0.0, 826.6154927353808], [0.0, 1272.5979470598488, 479.75165386361925], [0.0, 0.0, 1.0]], [[1266.417203046554, 0.0, 816.2670197447984], [0.0, 1266.417203046554, 491.50706579294757], [0.0, 0.0, 1.0]], [[1260.8474446004698, 0.0, 807.968244525554], [0.0, 1260.8474446004698, 495.3344268742088], [0.0, 0.0, 1.0]], [[1256.7414812095406, 0.0, 792.1125740759628], [0.0, 1256.7414812095406, 492.7757465151356], [0.0, 0.0, 1.0]], [[809.2209905677063, 0.0, 829.2196003259838], [0.0, 809.2209905677063, 481.77842384512485], [0.0, 0.0, 1.0]], [[1259.5137405846733, 0.0, 807.2529053838625], [0.0, 1259.5137405846733, 501.19579884916527], [0.0, 0.0, 1.0]]], "extrinsics": [[[0.8125261664390564, -0.5826805233955383, 0.01686711423099041, -0.824493408203125], [-0.019821276888251305, -0.05653548240661621, -0.9982038140296936, 1.504974365234375], [0.582587480545044, 0.8107324838638306, -0.05748603120446205, -1.18212890625], [0.0, 0.0, 0.0, 1.0]], [[-0.005619451869279146, -0.9981498122215271, 0.06054183840751648, 0.0057373046875], [-0.024889888241887093, -0.06038443371653557, -0.997864842414856, 1.5171279907226562], [0.999674379825592, -0.007114354055374861, -0.024504508823156357, -1.5516357421875], [0.0, 0.0, 0.0, 1.0]], [[-0.8376824259757996, -0.5447419285774231, 0.03929775208234787, 0.9417724609375], [-0.01881316304206848, -0.04313007742166519, -0.9988923072814941, 1.50164794921875], [0.5458334684371948, -0.837493896484375, 0.02588099054992199, -1.188323974609375], [0.0, 0.0, 0.0, 1.0]], [[0.9473644495010376, 0.3185341954231262, -0.03219635412096977, -1.1446533203125], [-0.009318279102444649, -0.07308802008628845, -0.9972819685935974, 1.5886077880859375], [-0.32002168893814087, 0.9450894594192505, -0.0662727952003479, -0.1031494140625], [0.0, 0.0, 0.0, 1.0]], [[0.004965418949723244, 0.9979809522628784, -0.06332085281610489, 0.0025634765625], [-0.03511786460876465, -0.06310854107141495, -0.9973886013031006, 1.578033447265625], [-0.999370813369751, 0.007176107726991177, 0.0347336009144783, -0.0369873046875], [0.0, 0.0, 0.0, 1.0]], [[-0.9326694011688232, 0.3604286015033722, -0.014798193238675594, 1.06317138671875], [-0.002750538056716323, -0.048126962035894394, -0.9988374710083008, 1.55126953125], [-0.36072176694869995, -0.9315444231033325, 0.04587791487574577, -0.091064453125], [0.0, 0.0, 0.0, 1.0]]], "view": [[0.0, -2.0, 100.0], [-2.0, 0.0, 100.0], [0.0, 0.0, 1.0]], "bev": "bev_f602bdabb07a49518371b9fe3477fa0f.png", "aux": "aux_f602bdabb07a49518371b9fe3477fa0f.npz", "visibility": "visibility_f602bdabb07a49518371b9fe3477fa0f.png", "pose": [[-0.9392191171646118, 0.34331828355789185, 0.0, 782.010986328125], [-0.34331828355789185, -0.9392191171646118, 0.0, 1698.6795654296875], [0.0, 0.0, 1.0, 0.0], [0.0, 0.0, 0.0, 1.0]], "pose_inverse": [[-0.9392191171646118, -0.34331828355789185, 0.0, 1317.66748046875], [0.34331828355789185, -0.9392191171646118, 0.0, 1326.95361328125], [0.0, 0.0, 1.0, 0.0], [0.0, 0.0, 0.0, 1.0]], "cam_ids": [0, 1, 2, 3, 4, 5], "cam_channels": ["CAM_FRONT_LEFT", "CAM_FRONT", "CAM_FRONT_RIGHT", "CAM_BACK_LEFT", "CAM_BACK", "CAM_BACK_RIGHT"], "token": "f602bdabb07a49518371b9fe3477fa0f", "scene": "scene-0154"}, {"images": ["samples/CAM_FRONT_LEFT/n015-2018-08-01-17-04-15+0800__CAM_FRONT_LEFT__1533114557154844.jpg", "samples/CAM_FRONT/n015-2018-08-01-17-04-15+0800__CAM_FRONT__1533114557162460.jpg", "samples/CAM_FRONT_RIGHT/n015-2018-08-01-17-04-15+0800__CAM_FRONT_RIGHT__1533114557170339.jpg", "samples/CAM_BACK_LEFT/n015-2018-08-01-17-04-15+0800__CAM_BACK_LEFT__1533114557197435.jpg", "samples/CAM_BACK/n015-2018-08-01-17-04-15+0800__CAM_BACK__1533114557187525.jpg", "samples/CAM_BACK_RIGHT/n015-2018-08-01-17-04-15+0800__CAM_BACK_RIGHT__1533114557177893.jpg"], "intrinsics": [[[1272.5979470598488, 0.0, 826.6154927353808], [0.0, 1272.5979470598488, 479.75165386361925], [0.0, 0.0, 1.0]], [[1266.417203046554, 0.0, 816.2670197447984], [0.0, 1266.417203046554, 491.50706579294757], [0.0, 0.0, 1.0]], [[1260.8474446004698, 0.0, 807.968244525554], [0.0, 1260.8474446004698, 495.3344268742088], [0.0, 0.0, 1.0]], [[1256.7414812095406, 0.0, 792.1125740759628], [0.0, 1256.7414812095406, 492.7757465151356], [0.0, 0.0, 1.0]], [[809.2209905677063, 0.0, 829.2196003259838], [0.0, 809.2209905677063, 481.77842384512485], [0.0, 0.0, 1.0]], [[1259.5137405846733, 0.0, 807.2529053838625], [0.0, 1259.5137405846733, 501.19579884916527], [0.0, 0.0, 1.0]]], "extrinsics": [[[0.8125599026679993, -0.5826488733291626, 0.016328860074281693, -0.81103515625], [-0.01587754674255848, -0.05012920871376991, -0.9986165165901184, 1.5055313110351562], [0.5826613903045654, 0.8111765384674072, -0.04998402297496796, -1.1759033203125], [0.0, 0.0, 0.0, 1.0]], [[-0.0056457133032381535, -0.9985253214836121, 0.053993239998817444, 0.0079345703125], [-0.020916245877742767, -0.05386437475681305, -0.9983291625976562, 1.5175552368164062], [0.9997652769088745, -0.006765640806406736, -0.02058129757642746, -1.539794921875], [0.0, 0.0, 0.0, 1.0]], [[-0.8376962542533875, -0.545179545879364, 0.0323142483830452, 0.935302734375], [-0.014817468822002411, -0.036458950489759445, -0.9992252588272095, 1.5020027160644531], [0.5459352731704712, -0.8375260829925537, 0.022463349625468254, -1.1820068359375], [0.0, 0.0, 0.0, 1.0]], [[0.9473752975463867, 0.31906846165657043, -0.02598772570490837, -1.1427001953125], [-0.0051824841648340225, -0.06588288396596909, -0.997813880443573, 1.5886154174804688], [-0.3200832009315491, 0.9454388618469238, -0.06076224893331528, -0.1044921875], [0.0, 0.0, 0.0, 1.0]], [[0.0049043381586670876, 0.9984026551246643, -0.056286606937646866, 0.0018310546875], [-0.031019864603877068, -0.05610830336809158, -0.9979426860809326, 1.578125], [-0.9995066523551941, 0.00664020050317049, 0.03069513663649559, -0.0401611328125], [0.0, 0.0, 0.0, 1.0]], [[-0.9327052235603333, 0.36027991771698, -0.016102874651551247, 1.056884765625], [0.0012957591097801924, -0.04130276292562485, -0.9991458654403687, 1.5516510009765625], [-0.3606373369693756, -0.9319294691085815, 0.03805646672844887, -0.0919189453125], [0.0, 0.0, 0.0, 1.0]]], "view": [[0.0, -2.0, 100.0], [-2.0, 0.0, 100.0], [0.0, 0.0, 1.0]], "bev": "bev_c8685cbee9914e99a773a0d763ecac9f.png", "aux": "aux_c8685cbee9914e99a773a0d763ecac9f.npz", "visibility": "visibility_c8685cbee9914e99a773a0d763ecac9f.png", "pose": [[-0.863593578338623, 0.504188597202301, 0.0, 780.0659790039062], [-0.504188597202301, -0.863593578338623, 0.0, 1697.779541015625], [0.0, 0.0, 1.0, 0.0], [0.0, 0.0, 0.0, 1.0]], "pose_inverse": [[-0.863593578338623, -0.504188597202301, 0.0, 1529.6610107421875], [0.504188597202301, -0.863593578338623, 0.0, 1072.89111328125], [0.0, 0.0, 1.0, 0.0], [0.0, 0.0, 0.0, 1.0]], "cam_ids": [0, 1, 2, 3, 4, 5], "cam_channels": ["CAM_FRONT_LEFT", "CAM_FRONT", "CAM_FRONT_RIGHT", "CAM_BACK_LEFT", "CAM_BACK", "CAM_BACK_RIGHT"], "token": "c8685cbee9914e99a773a0d763ecac9f", "scene": "scene-0154"}, {"images": ["samples/CAM_FRONT_LEFT/n015-2018-08-01-17-04-15+0800__CAM_FRONT_LEFT__1533114557604844.jpg", "samples/CAM_FRONT/n015-2018-08-01-17-04-15+0800__CAM_FRONT__1533114557612460.jpg", "samples/CAM_FRONT_RIGHT/n015-2018-08-01-17-04-15+0800__CAM_FRONT_RIGHT__1533114557620339.jpg", "samples/CAM_BACK_LEFT/n015-2018-08-01-17-04-15+0800__CAM_BACK_LEFT__1533114557647423.jpg", "samples/CAM_BACK/n015-2018-08-01-17-04-15+0800__CAM_BACK__1533114557637525.jpg", "samples/CAM_BACK_RIGHT/n015-2018-08-01-17-04-15+0800__CAM_BACK_RIGHT__1533114557627893.jpg"], "intrinsics": [[[1272.5979470598488, 0.0, 826.6154927353808], [0.0, 1272.5979470598488, 479.75165386361925], [0.0, 0.0, 1.0]], [[1266.417203046554, 0.0, 816.2670197447984], [0.0, 1266.417203046554, 491.50706579294757], [0.0, 0.0, 1.0]], [[1260.8474446004698, 0.0, 807.968244525554], [0.0, 1260.8474446004698, 495.3344268742088], [0.0, 0.0, 1.0]], [[1256.7414812095406, 0.0, 792.1125740759628], [0.0, 1256.7414812095406, 492.7757465151356], [0.0, 0.0, 1.0]], [[809.2209905677063, 0.0, 829.2196003259838], [0.0, 809.2209905677063, 481.77842384512485], [0.0, 0.0, 1.0]], [[1259.5137405846733, 0.0, 807.2529053838625], [0.0, 1259.5137405846733, 501.19579884916527], [0.0, 0.0, 1.0]]], "extrinsics": [[[0.812506377696991, -0.5826586484909058, 0.018500542268157005, -0.814208984375], [-0.007630320265889168, -0.042362842708826065, -0.9990731477737427, 1.5068550109863281], [0.5829023718833923, 0.8116121292114258, -0.03886595368385315, -1.1728515625], [0.0, 0.0, 0.0, 1.0]], [[-0.0058787125162780285, -0.9989049434661865, 0.04641394317150116, 0.0045166015625], [-0.012718794867396355, -0.04633629694581032, -0.9988449811935425, 1.5186119079589844], [0.9999018311500549, -0.006462241057306528, -0.01243247278034687, -1.540283203125], [0.0, 0.0, 0.0, 1.0]], [[-0.8378168940544128, -0.5455270409584045, 0.021515551954507828, 0.933837890625], [-0.0066672638058662415, -0.029182713478803635, -0.9995518326759338, 1.5028572082519531], [0.5459104776382446, -0.837584912776947, 0.02081259898841381, -1.184661865234375], [0.0, 0.0, 0.0, 1.0]], [[0.9475381374359131, 0.3192247450351715, -0.016339372843503952, -1.1435546875], [0.00272872531786561, -0.059194136410951614, -0.9982427358627319, 1.5885467529296875], [-0.3196309506893158, 0.9458285570144653, -0.05695978179574013, -0.1031951904296875], [0.0, 0.0, 0.0, 1.0]], [[0.005163087509572506, 0.9987732172012329, -0.049248870462179184, 0.00311279296875], [-0.02300792559981346, -0.049117837101221085, -0.9985279440879822, 1.5783843994140625], [-0.999721884727478, 0.006288564298301935, 0.02272610180079937, -0.040283203125], [0.0, 0.0, 0.0, 1.0]], [[-0.9326186180114746, 0.36024823784828186, -0.021059349179267883, 1.0576171875], [0.00941417831927538, -0.03404974564909935, -0.9993758201599121, 1.5522403717041016], [-0.3607405126094818, -0.9322348237037659, 0.028363987803459167, -0.0941162109375], [0.0, 0.0, 0.0, 1.0]]], "view": [[0.0, -2.0, 100.0], [-2.0, 0.0, 100.0], [0.0, 0.0, 1.0]], "bev": "bev_62c79e0a477b4b4796133d5f01d49e6c.png", "aux": "aux_62c79e0a477b4b4796133d5f01d49e6c.npz", "visibility": "visibility_62c79e0a477b4b4796133d5f01d49e6c.png", "pose": [[-0.7704402804374695, 0.6375121474266052, 0.0, 778.4678955078125], [-0.6375121474266052, -0.7704402804374695, 0.0, 1696.669921875], [0.0, 0.0, 1.0, 0.0], [0.0, 0.0, 0.0, 1.0]], "pose_inverse": [[-0.7704402804374695, -0.6375121474266052, 0.0, 1681.4107666015625], [0.6375121474266052, -0.7704402804374695, 0.0, 810.900146484375], [0.0, 0.0, 1.0, 0.0], [0.0, 0.0, 0.0, 1.0]], "cam_ids": [0, 1, 2, 3, 4, 5], "cam_channels": ["CAM_FRONT_LEFT", "CAM_FRONT", "CAM_FRONT_RIGHT", "CAM_BACK_LEFT", "CAM_BACK", "CAM_BACK_RIGHT"], "token": "62c79e0a477b4b4796133d5f01d49e6c", "scene": "scene-0154"}, {"images": ["samples/CAM_FRONT_LEFT/n015-2018-08-01-17-04-15+0800__CAM_FRONT_LEFT__1533114558104844.jpg", "samples/CAM_FRONT/n015-2018-08-01-17-04-15+0800__CAM_FRONT__1533114558112460.jpg", "samples/CAM_FRONT_RIGHT/n015-2018-08-01-17-04-15+0800__CAM_FRONT_RIGHT__1533114558120339.jpg", "samples/CAM_BACK_LEFT/n015-2018-08-01-17-04-15+0800__CAM_BACK_LEFT__1533114558147423.jpg", "samples/CAM_BACK/n015-2018-08-01-17-04-15+0800__CAM_BACK__1533114558137525.jpg", "samples/CAM_BACK_RIGHT/n015-2018-08-01-17-04-15+0800__CAM_BACK_RIGHT__1533114558127893.jpg"], "intrinsics": [[[1272.5979470598488, 0.0, 826.6154927353808], [0.0, 1272.5979470598488, 479.75165386361925], [0.0, 0.0, 1.0]], [[1266.417203046554, 0.0, 816.2670197447984], [0.0, 1266.417203046554, 491.50706579294757], [0.0, 0.0, 1.0]], [[1260.8474446004698, 0.0, 807.968244525554], [0.0, 1260.8474446004698, 495.3344268742088], [0.0, 0.0, 1.0]], [[1256.7414812095406, 0.0, 792.1125740759628], [0.0, 1256.7414812095406, 492.7757465151356], [0.0, 0.0, 1.0]], [[809.2209905677063, 0.0, 829.2196003259838], [0.0, 809.2209905677063, 481.77842384512485], [0.0, 0.0, 1.0]], [[1259.5137405846733, 0.0, 807.2529053838625], [0.0, 1259.5137405846733, 501.19579884916527], [0.0, 0.0, 1.0]]], "extrinsics": [[[0.8137557506561279, -0.5808237791061401, 0.02110067382454872, -0.831787109375], [-0.0016135155456140637, -0.03856240585446358, -0.9992548823356628, 1.5079803466796875], [0.5812047123908997, 0.8131154179573059, -0.032317548990249634, -1.18505859375], [0.0, 0.0, 0.0, 1.0]], [[-0.0041808090172708035, -0.9990783333778381, 0.04272003471851349, 0.00433349609375], [-0.006773001980036497, -0.04269113764166832, -0.9990653991699219, 1.5196151733398438], [0.9999682307243347, -0.004466284532099962, -0.006588276010006666, -1.55810546875], [0.0, 0.0, 0.0, 1.0]], [[-0.8370686173439026, -0.5468994379043579, 0.014736684039235115, 0.9456787109375], [-0.0008254472631961107, -0.025673571974039078, -0.9996700286865234, 1.503549575805664], [0.5470972657203674, -0.8368045091629028, 0.02103910595178604, -1.19232177734375], [0.0, 0.0, 0.0, 1.0]], [[0.9475796818733215, 0.31936323642730713, -0.009992019273340702, -1.1439208984375], [0.008421894162893295, -0.0562252514064312, -0.998382568359375, 1.5885448455810547], [-0.31940850615501404, 0.9459629654884338, -0.0559675507247448, -0.10303497314453125], [0.0, 0.0, 0.0, 1.0]], [[0.004782983101904392, 0.9989246726036072, -0.04611634835600853, 0.00311279296875], [-0.01727071963250637, -0.04602748155593872, -0.9987908601760864, 1.5787162780761719], [-0.9998394250869751, 0.005573582835495472, 0.017031999304890633, -0.03466796875], [0.0, 0.0, 0.0, 1.0]], [[-0.9329074025154114, 0.3592323660850525, -0.025218065828084946, 1.067138671875], [0.015182027593255043, -0.030731700360774994, -0.9994123578071594, 1.5525665283203125], [-0.3597962260246277, -0.9327421188354492, 0.02321595884859562, -0.0904541015625], [0.0, 0.0, 0.0, 1.0]]], "view": [[0.0, -2.0, 100.0], [-2.0, 0.0, 100.0], [0.0, 0.0, 1.0]], "bev": "bev_0e48055369cb4d5f9b095ef66c68e027.png", "aux": "aux_0e48055369cb4d5f9b095ef66c68e027.npz", "visibility": "visibility_0e48055369cb4d5f9b095ef66c68e027.png", "pose": [[-0.6593545079231262, 0.7518321871757507, 0.0, 776.9938354492188], [-0.7518321871757507, -0.6593545079231262, 0.0, 1695.2274169921875], [0.0, 0.0, 1.0, 0.0], [0.0, 0.0, 0.0, 1.0]], "pose_inverse": [[-0.6593545079231262, -0.7518321871757507, 0.0, 1786.8409423828125], [0.7518321871757507, -0.6593545079231262, 0.0, 533.5868530273438], [0.0, 0.0, 1.0, 0.0], [0.0, 0.0, 0.0, 1.0]], "cam_ids": [0, 1, 2, 3, 4, 5], "cam_channels": ["CAM_FRONT_LEFT", "CAM_FRONT", "CAM_FRONT_RIGHT", "CAM_BACK_LEFT", "CAM_BACK", "CAM_BACK_RIGHT"], "token": "0e48055369cb4d5f9b095ef66c68e027", "scene": "scene-0154"}, {"images": ["samples/CAM_FRONT_LEFT/n015-2018-08-01-17-04-15+0800__CAM_FRONT_LEFT__1533114558604844.jpg", "samples/CAM_FRONT/n015-2018-08-01-17-04-15+0800__CAM_FRONT__1533114558612469.jpg", "samples/CAM_FRONT_RIGHT/n015-2018-08-01-17-04-15+0800__CAM_FRONT_RIGHT__1533114558620339.jpg", "samples/CAM_BACK_LEFT/n015-2018-08-01-17-04-15+0800__CAM_BACK_LEFT__1533114558647423.jpg", "samples/CAM_BACK/n015-2018-08-01-17-04-15+0800__CAM_BACK__1533114558637525.jpg", "samples/CAM_BACK_RIGHT/n015-2018-08-01-17-04-15+0800__CAM_BACK_RIGHT__1533114558627893.jpg"], "intrinsics": [[[1272.5979470598488, 0.0, 826.6154927353808], [0.0, 1272.5979470598488, 479.75165386361925], [0.0, 0.0, 1.0]], [[1266.417203046554, 0.0, 816.2670197447984], [0.0, 1266.417203046554, 491.50706579294757], [0.0, 0.0, 1.0]], [[1260.8474446004698, 0.0, 807.968244525554], [0.0, 1260.8474446004698, 495.3344268742088], [0.0, 0.0, 1.0]], [[1256.7414812095406, 0.0, 792.1125740759628], [0.0, 1256.7414812095406, 492.7757465151356], [0.0, 0.0, 1.0]], [[809.2209905677063, 0.0, 829.2196003259838], [0.0, 809.2209905677063, 481.77842384512485], [0.0, 0.0, 1.0]], [[1259.5137405846733, 0.0, 807.2529053838625], [0.0, 1259.5137405846733, 501.19579884916527], [0.0, 0.0, 1.0]]], "extrinsics": [[[0.8158274292945862, -0.5779775381088257, 0.01917269453406334, -0.8421630859375], [-0.003112387377768755, -0.037541694939136505, -0.9992902278900146, 1.5077943801879883], [0.5782870650291443, 0.8151887059211731, -0.03242643550038338, -1.1934814453125], [0.0, 0.0, 0.0, 1.0]], [[-0.0012588617391884327, -0.9991342425346375, 0.04158256575465202, 0.005218505859375], [-0.008435219526290894, -0.0415705107152462, -0.9990999698638916, 1.5195045471191406], [0.999963641166687, -0.001608464983291924, -0.008375585079193115, -1.56884765625], [0.0, 0.0, 0.0, 1.0]], [[-0.8358600735664368, -0.5487189888954163, 0.01566850021481514, 0.95263671875], [-0.0027102737221866846, -0.02441752701997757, -0.9996981620788574, 1.5033893585205078], [0.5489359498023987, -0.8356501460075378, 0.018922459334135056, -1.19610595703125], [0.0, 0.0, 0.0, 1.0]], [[0.9476197361946106, 0.319178968667984, -0.011903456412255764, -1.1424560546875], [0.005855420604348183, -0.05462200567126274, -0.9984899163246155, 1.5885558128356934], [-0.3193471133708954, 0.9461190700531006, -0.05362981557846069, -0.10369873046875], [0.0, 0.0, 0.0, 1.0]], [[0.0040402160957455635, 0.9989951848983765, -0.044635843485593796, 0.002899169921875], [-0.0195712111890316, -0.04454866424202919, -0.9988154768943787, 1.57867431640625], [-0.9998003244400024, 0.004909079521894455, 0.019371557980775833, -0.033203125], [0.0, 0.0, 0.0, 1.0]], [[-0.9334905743598938, 0.3578778803348541, -0.022777752950787544, 1.0718994140625], [0.013134568929672241, -0.029353518038988113, -0.9994827508926392, 1.5523643493652344], [-0.3583613932132721, -0.9333069324493408, 0.022700661793351173, -0.08831787109375], [0.0, 0.0, 0.0, 1.0]]], "view": [[0.0, -2.0, 100.0], [-2.0, 0.0, 100.0], [0.0, 0.0, 1.0]], "bev": "bev_b4cdd7b13f0b489c809c96391c9cfa57.png", "aux": "aux_b4cdd7b13f0b489c809c96391c9cfa57.npz", "visibility": "visibility_b4cdd7b13f0b489c809c96391c9cfa57.png", "pose": [[-0.5586493015289307, 0.8294039964675903, 0.0, 775.86962890625], [-0.8294039964675903, -0.5586493015289307, 0.0, 1693.7413330078125], [0.0, 0.0, 1.0, 0.0], [0.0, 0.0, 0.0, 1.0]], "pose_inverse": [[-0.5586493015289307, -0.8294039964675903, 0.0, 1838.23486328125], [0.8294039964675903, -0.5586493015289307, 0.0, 302.69805908203125], [0.0, 0.0, 1.0, 0.0], [0.0, 0.0, 0.0, 1.0]], "cam_ids": [0, 1, 2, 3, 4, 5], "cam_channels": ["CAM_FRONT_LEFT", "CAM_FRONT", "CAM_FRONT_RIGHT", "CAM_BACK_LEFT", "CAM_BACK", "CAM_BACK_RIGHT"], "token": "b4cdd7b13f0b489c809c96391c9cfa57", "scene": "scene-0154"}, {"images": ["samples/CAM_FRONT_LEFT/n015-2018-08-01-17-04-15+0800__CAM_FRONT_LEFT__1533114559104844.jpg", "samples/CAM_FRONT/n015-2018-08-01-17-04-15+0800__CAM_FRONT__1533114559112460.jpg", "samples/CAM_FRONT_RIGHT/n015-2018-08-01-17-04-15+0800__CAM_FRONT_RIGHT__1533114559120339.jpg", "samples/CAM_BACK_LEFT/n015-2018-08-01-17-04-15+0800__CAM_BACK_LEFT__1533114559147423.jpg", "samples/CAM_BACK/n015-2018-08-01-17-04-15+0800__CAM_BACK__1533114559137525.jpg", "samples/CAM_BACK_RIGHT/n015-2018-08-01-17-04-15+0800__CAM_BACK_RIGHT__1533114559127893.jpg"], "intrinsics": [[[1272.5979470598488, 0.0, 826.6154927353808], [0.0, 1272.5979470598488, 479.75165386361925], [0.0, 0.0, 1.0]], [[1266.417203046554, 0.0, 816.2670197447984], [0.0, 1266.417203046554, 491.50706579294757], [0.0, 0.0, 1.0]], [[1260.8474446004698, 0.0, 807.968244525554], [0.0, 1260.8474446004698, 495.3344268742088], [0.0, 0.0, 1.0]], [[1256.7414812095406, 0.0, 792.1125740759628], [0.0, 1256.7414812095406, 492.7757465151356], [0.0, 0.0, 1.0]], [[809.2209905677063, 0.0, 829.2196003259838], [0.0, 809.2209905677063, 481.77842384512485], [0.0, 0.0, 1.0]], [[1259.5137405846733, 0.0, 807.2529053838625], [0.0, 1259.5137405846733, 501.19579884916527], [0.0, 0.0, 1.0]]], "extrinsics": [[[0.8160101771354675, -0.5777110457420349, 0.01942465268075466, -0.8587646484375], [-0.0009130908292718232, -0.03489271178841591, -0.9993906021118164, 1.5080852508544922], [0.5780367851257324, 0.8154952526092529, -0.029000312089920044, -1.203369140625], [0.0, 0.0, 0.0, 1.0]], [[-0.0010707193287089467, -0.9992426633834839, 0.03889771178364754, 0.00380706787109375], [-0.00617758184671402, -0.03889038786292076, -0.9992244243621826, 1.5198192596435547], [0.9999802708625793, -0.0013101908843964338, -0.006131264381110668, -1.5843505859375], [0.0, 0.0, 0.0, 1.0]], [[-0.8357994556427002, -0.5488982200622559, 0.012244177982211113, 0.9619140625], [-0.00039514299714937806, -0.021699892356991768, -0.9997644424438477, 1.5035889148712158], [0.5490346550941467, -0.8356074690818787, 0.017919866368174553, -1.20343017578125], [0.0, 0.0, 0.0, 1.0]], [[0.9476866722106934, 0.319084495306015, -0.008655376732349396, -1.1409912109375], [0.008357057347893715, -0.051908742636442184, -0.9986168742179871, 1.5885648727416992], [-0.31909245252609253, 0.9463036060333252, -0.051859837025403976, -0.10418701171875], [0.0, 0.0, 0.0, 1.0]], [[0.00417720852419734, 0.9991128444671631, -0.04190611466765404, 0.00327301025390625], [-0.01712474785745144, -0.04182887077331543, -0.9989780187606812, 1.5788116455078125], [-0.9998446702957153, 0.0048905410803854465, 0.016934823244810104, -0.0294189453125], [0.0, 0.0, 0.0, 1.0]], [[-0.9334613680839539, 0.3578731119632721, -0.024014530703425407, 1.0797119140625], [0.015497720800340176, -0.026647981256246567, -0.999524712562561, 1.5523738861083984], [-0.3583430349826813, -0.9333899617195129, 0.019328642636537552, -0.0860595703125], [0.0, 0.0, 0.0, 1.0]]], "view": [[0.0, -2.0, 100.0], [-2.0, 0.0, 100.0], [0.0, 0.0, 1.0]], "bev": "bev_2ea0bbd8c3ca442baa3f6c0db66c087d.png", "aux": "aux_2ea0bbd8c3ca442baa3f6c0db66c087d.npz", "visibility": "visibility_2ea0bbd8c3ca442baa3f6c0db66c087d.png", "pose": [[-0.47134920954704285, 0.8819466829299927, 0.0, 775.0316772460938], [-0.8819466829299927, -0.47134920954704285, 0.0, 1692.32666015625], [0.0, 0.0, 1.0, 0.0], [0.0, 0.0, 0.0, 1.0]], "pose_inverse": [[-0.47134920954704285, -0.8819466829299927, 0.0, 1857.8524169921875], [0.8819466829299927, -0.47134920954704285, 0.0, 114.14020538330078], [0.0, 0.0, 1.0, 0.0], [0.0, 0.0, 0.0, 1.0]], "cam_ids": [0, 1, 2, 3, 4, 5], "cam_channels": ["CAM_FRONT_LEFT", "CAM_FRONT", "CAM_FRONT_RIGHT", "CAM_BACK_LEFT", "CAM_BACK", "CAM_BACK_RIGHT"], "token": "2ea0bbd8c3ca442baa3f6c0db66c087d", "scene": "scene-0154"}, {"images": ["samples/CAM_FRONT_LEFT/n015-2018-08-01-17-04-15+0800__CAM_FRONT_LEFT__1533114559604844.jpg", "samples/CAM_FRONT/n015-2018-08-01-17-04-15+0800__CAM_FRONT__1533114559612460.jpg", "samples/CAM_FRONT_RIGHT/n015-2018-08-01-17-04-15+0800__CAM_FRONT_RIGHT__1533114559620339.jpg", "samples/CAM_BACK_LEFT/n015-2018-08-01-17-04-15+0800__CAM_BACK_LEFT__1533114559647423.jpg", "samples/CAM_BACK/n015-2018-08-01-17-04-15+0800__CAM_BACK__1533114559637525.jpg", "samples/CAM_BACK_RIGHT/n015-2018-08-01-17-04-15+0800__CAM_BACK_RIGHT__1533114559627893.jpg"], "intrinsics": [[[1272.5979470598488, 0.0, 826.6154927353808], [0.0, 1272.5979470598488, 479.75165386361925], [0.0, 0.0, 1.0]], [[1266.417203046554, 0.0, 816.2670197447984], [0.0, 1266.417203046554, 491.50706579294757], [0.0, 0.0, 1.0]], [[1260.8474446004698, 0.0, 807.968244525554], [0.0, 1260.8474446004698, 495.3344268742088], [0.0, 0.0, 1.0]], [[1256.7414812095406, 0.0, 792.1125740759628], [0.0, 1256.7414812095406, 492.7757465151356], [0.0, 0.0, 1.0]], [[809.2209905677063, 0.0, 829.2196003259838], [0.0, 809.2209905677063, 481.77842384512485], [0.0, 0.0, 1.0]], [[1259.5137405846733, 0.0, 807.2529053838625], [0.0, 1259.5137405846733, 501.19579884916527], [0.0, 0.0, 1.0]]], "extrinsics": [[[0.8170089721679688, -0.57634437084198, 0.01799098774790764, -0.8734130859375], [-0.0025379136204719543, -0.034794360399246216, -0.9993912577629089, 1.5078798532485962], [0.5766193866729736, 0.8164659142494202, -0.029890015721321106, -1.2125244140625], [0.0, 0.0, 0.0, 1.0]], [[0.00035125514841638505, -0.9992512464523315, 0.03868843987584114, 0.003147125244140625], [-0.007656795904040337, -0.038690000772476196, -0.9992219805717468, 1.5197391510009766], [0.9999706149101257, 5.476775913848542e-05, -0.00766465300694108, -1.5985107421875], [0.0, 0.0, 0.0, 1.0]], [[-0.8352106809616089, -0.5497711896896362, 0.013217683881521225, 0.970458984375], [-0.0017498586094006896, -0.02137824334204197, -0.999769926071167, 1.5034828186035156], [0.549927294254303, -0.8350417017936707, 0.016893314197659492, -1.209716796875], [0.0, 0.0, 0.0, 1.0]], [[0.9477190971374512, 0.3189735412597656, -0.009196936152875423, -1.1400146484375], [0.007506337016820908, -0.05109691247344017, -0.998665452003479, 1.5885791778564453], [-0.3190177381038666, 0.9463852643966675, -0.05081983655691147, -0.1044921875], [0.0, 0.0, 0.0, 1.0]], [[0.003818174358457327, 0.9991380572319031, -0.04133658856153488, 0.003543853759765625], [-0.01815047301352024, -0.04126083478331566, -0.9989835619926453, 1.578826904296875], [-0.9998279809951782, 0.004564553499221802, 0.017977282404899597, -0.026123046875], [0.0, 0.0, 0.0, 1.0]], [[-0.9337494969367981, 0.35720542073249817, -0.022720761597156525, 1.0869140625], [0.014290357008576393, -0.02622305415570736, -0.9995539784431458, 1.55218505859375], [-0.3576418459415436, -0.9336577653884888, 0.019381169229745865, -0.08392333984375], [0.0, 0.0, 0.0, 1.0]]], "view": [[0.0, -2.0, 100.0], [-2.0, 0.0, 100.0], [0.0, 0.0, 1.0]], "bev": "bev_a4633f696a4e41b7be4d5f0dce58aa02.png", "aux": "aux_a4633f696a4e41b7be4d5f0dce58aa02.npz", "visibility": "visibility_a4633f696a4e41b7be4d5f0dce58aa02.png", "pose": [[-0.3963249921798706, 0.9181103110313416, 0.0, 774.4459228515625], [-0.9181103110313416, -0.3963249921798706, 0.0, 1691.059326171875], [0.0, 0.0, 1.0, 0.0], [0.0, 0.0, 0.0, 1.0]], "pose_inverse": [[-0.3963249921798706, -0.9181103110313416, 0.0, 1859.51123046875], [0.9181103110313416, -0.3963249921798706, 0.0, -40.81768035888672], [0.0, 0.0, 1.0, 0.0], [0.0, 0.0, 0.0, 1.0]], "cam_ids": [0, 1, 2, 3, 4, 5], "cam_channels": ["CAM_FRONT_LEFT", "CAM_FRONT", "CAM_FRONT_RIGHT", "CAM_BACK_LEFT", "CAM_BACK", "CAM_BACK_RIGHT"], "token": "a4633f696a4e41b7be4d5f0dce58aa02", "scene": "scene-0154"}, {"images": ["samples/CAM_FRONT_LEFT/n015-2018-08-01-17-04-15+0800__CAM_FRONT_LEFT__1533114560104844.jpg", "samples/CAM_FRONT/n015-2018-08-01-17-04-15+0800__CAM_FRONT__1533114560112460.jpg", "samples/CAM_FRONT_RIGHT/n015-2018-08-01-17-04-15+0800__CAM_FRONT_RIGHT__1533114560120339.jpg", "samples/CAM_BACK_LEFT/n015-2018-08-01-17-04-15+0800__CAM_BACK_LEFT__1533114560147423.jpg", "samples/CAM_BACK/n015-2018-08-01-17-04-15+0800__CAM_BACK__1533114560137525.jpg", "samples/CAM_BACK_RIGHT/n015-2018-08-01-17-04-15+0800__CAM_BACK_RIGHT__1533114560127893.jpg"], "intrinsics": [[[1272.5979470598488, 0.0, 826.6154927353808], [0.0, 1272.5979470598488, 479.75165386361925], [0.0, 0.0, 1.0]], [[1266.417203046554, 0.0, 816.2670197447984], [0.0, 1266.417203046554, 491.50706579294757], [0.0, 0.0, 1.0]], [[1260.8474446004698, 0.0, 807.968244525554], [0.0, 1260.8474446004698, 495.3344268742088], [0.0, 0.0, 1.0]], [[1256.7414812095406, 0.0, 792.1125740759628], [0.0, 1256.7414812095406, 492.7757465151356], [0.0, 0.0, 1.0]], [[809.2209905677063, 0.0, 829.2196003259838], [0.0, 809.2209905677063, 481.77842384512485], [0.0, 0.0, 1.0]], [[1259.5137405846733, 0.0, 807.2529053838625], [0.0, 1259.5137405846733, 501.19579884916527], [0.0, 0.0, 1.0]]], "extrinsics": [[[0.8171328902244568, -0.5762152671813965, 0.016429856419563293, -0.873779296875], [-0.00232608150690794, -0.03179752826690674, -0.9994916319847107, 1.5079582929611206], [0.5764447450637817, 0.8166792392730713, -0.027323126792907715, -1.2147216796875], [0.0, 0.0, 0.0, 1.0]], [[0.0005616955459117889, -0.9993573427200317, 0.03584320470690727, 0.0042877197265625], [-0.007525411434471607, -0.035846419632434845, -0.9993290305137634, 1.5198140144348145], [0.9999715685844421, 0.00029157439712435007, -0.007540707942098379, -1.6005859375], [0.0, 0.0, 0.0, 1.0]], [[-0.8350967168807983, -0.5499785542488098, 0.011705156415700912, 0.9732666015625], [-0.0017057874938473105, -0.01868908293545246, -0.9998238682746887, 1.5035110712051392], [0.5501005053520203, -0.8349696397781372, 0.014669044874608517, -1.21044921875], [0.0, 0.0, 0.0, 1.0]], [[0.9477254152297974, 0.3189689517021179, -0.008686083368957043, -1.140625], [0.007291038520634174, -0.04886174574494362, -0.9987789392471313, 1.5885639190673828], [-0.3190038800239563, 0.9465047121047974, -0.04863312467932701, -0.10418701171875], [0.0, 0.0, 0.0, 1.0]], [[0.003744117682799697, 0.9992344975471497, -0.038943998515605927, 0.0031585693359375], [-0.0182757917791605, -0.03886939585208893, -0.9990771412849426, 1.5788631439208984], [-0.9998260140419006, 0.004452376626431942, 0.018116267397999763, -0.024658203125], [0.0, 0.0, 0.0, 1.0]], [[-0.933812141418457, 0.35710036754608154, -0.02177705243229866, 1.089111328125], [0.014260969124734402, -0.02366749942302704, -0.9996181726455688, 1.5521583557128906], [-0.35747942328453064, -0.9337661862373352, 0.017008403316140175, -0.0821533203125], [0.0, 0.0, 0.0, 1.0]]], "view": [[0.0, -2.0, 100.0], [-2.0, 0.0, 100.0], [0.0, 0.0, 1.0]], "bev": "bev_52be1ab5bcde4846a3eaa4c142cd57b7.png", "aux": "aux_52be1ab5bcde4846a3eaa4c142cd57b7.npz", "visibility": "visibility_52be1ab5bcde4846a3eaa4c142cd57b7.png", "pose": [[-0.3240619897842407, 0.9460358619689941, 0.0, 774.0155029296875], [-0.9460358619689941, -0.3240619897842407, 0.0, 1689.8768310546875], [0.0, 0.0, 1.0, 0.0], [0.0, 0.0, 0.0, 1.0]], "pose_inverse": [[-0.3240619897842407, -0.9460358619689941, 0.0, 1849.5130615234375], [0.9460358619689941, -0.3240619897842407, 0.0, -184.62156677246094], [0.0, 0.0, 1.0, 0.0], [0.0, 0.0, 0.0, 1.0]], "cam_ids": [0, 1, 2, 3, 4, 5], "cam_channels": ["CAM_FRONT_LEFT", "CAM_FRONT", "CAM_FRONT_RIGHT", "CAM_BACK_LEFT", "CAM_BACK", "CAM_BACK_RIGHT"], "token": "52be1ab5bcde4846a3eaa4c142cd57b7", "scene": "scene-0154"}, {"images": ["samples/CAM_FRONT_LEFT/n015-2018-08-01-17-04-15+0800__CAM_FRONT_LEFT__1533114560604844.jpg", "samples/CAM_FRONT/n015-2018-08-01-17-04-15+0800__CAM_FRONT__1533114560612460.jpg", "samples/CAM_FRONT_RIGHT/n015-2018-08-01-17-04-15+0800__CAM_FRONT_RIGHT__1533114560620339.jpg", "samples/CAM_BACK_LEFT/n015-2018-08-01-17-04-15+0800__CAM_BACK_LEFT__1533114560647423.jpg", "samples/CAM_BACK/n015-2018-08-01-17-04-15+0800__CAM_BACK__1533114560637525.jpg", "samples/CAM_BACK_RIGHT/n015-2018-08-01-17-04-15+0800__CAM_BACK_RIGHT__1533114560627893.jpg"], "intrinsics": [[[1272.5979470598488, 0.0, 826.6154927353808], [0.0, 1272.5979470598488, 479.75165386361925], [0.0, 0.0, 1.0]], [[1266.417203046554, 0.0, 816.2670197447984], [0.0, 1266.417203046554, 491.50706579294757], [0.0, 0.0, 1.0]], [[1260.8474446004698, 0.0, 807.968244525554], [0.0, 1260.8474446004698, 495.3344268742088], [0.0, 0.0, 1.0]], [[1256.7414812095406, 0.0, 792.1125740759628], [0.0, 1256.7414812095406, 492.7757465151356], [0.0, 0.0, 1.0]], [[809.2209905677063, 0.0, 829.2196003259838], [0.0, 809.2209905677063, 481.77842384512485], [0.0, 0.0, 1.0]], [[1259.5137405846733, 0.0, 807.2529053838625], [0.0, 1259.5137405846733, 501.19579884916527], [0.0, 0.0, 1.0]]], "extrinsics": [[[0.8168088793754578, -0.5766875147819519, 0.015960248187184334, -0.86962890625], [-0.0022325224708765745, -0.030824607238173485, -0.99952232837677, 1.5079660415649414], [0.5769039988517761, 0.8163830637931824, -0.0264652818441391, -1.2119140625], [0.0, 0.0, 0.0, 1.0]], [[4.6871951781213284e-05, -0.9993942975997925, 0.034801751375198364, 0.004364013671875], [-0.007471797522157431, -0.03480113670229912, -0.9993663430213928, 1.5197879076004028], [0.9999721050262451, -0.00021319252846296877, -0.0074689025059342384, -1.595703125], [0.0, 0.0, 0.0, 1.0]], [[-0.8353517055511475, -0.5496045351028442, 0.011066657491028309, 0.96923828125], [-0.0016833072295412421, -0.017574051395058632, -0.9998441338539124, 1.503509759902954], [0.5497133135795593, -0.8352401256561279, 0.013755363412201405, -1.2076416015625], [0.0, 0.0, 0.0, 1.0]], [[0.9477394223213196, 0.31893670558929443, -0.008331941440701485, -1.140380859375], [0.007203224115073681, -0.04749877005815506, -0.9988452792167664, 1.5885696411132812], [-0.3189641535282135, 0.9465851187705994, -0.04731382429599762, -0.10443115234375], [0.0, 0.0, 0.0, 1.0]], [[0.003961901180446148, 0.9992814660072327, -0.03769443929195404, 0.0030517578125], [-0.018326219171