[{"images": ["samples/CAM_FRONT_LEFT/n008-2018-09-18-13-41-50-0400__CAM_FRONT_LEFT__1537293316254799.jpg", "samples/CAM_FRONT/n008-2018-09-18-13-41-50-0400__CAM_FRONT__1537293316262404.jpg", "samples/CAM_FRONT_RIGHT/n008-2018-09-18-13-41-50-0400__CAM_FRONT_RIGHT__1537293316270482.jpg", "samples/CAM_BACK_LEFT/n008-2018-09-18-13-41-50-0400__CAM_BACK_LEFT__1537293316297405.jpg", "samples/CAM_BACK/n008-2018-09-18-13-41-50-0400__CAM_BACK__1537293316287558.jpg", "samples/CAM_BACK_RIGHT/n008-2018-09-18-13-41-50-0400__CAM_BACK_RIGHT__1537293316278113.jpg"], "intrinsics": [[[1257.8625342125129, 0.0, 827.2410631095686], [0.0, 1257.8625342125129, 450.915498205774], [0.0, 0.0, 1.0]], [[1252.8131021185304, 0.0, 826.588114781398], [0.0, 1252.8131021185304, 469.9846626224581], [0.0, 0.0, 1.0]], [[1256.7485116440405, 0.0, 817.7887570959712], [0.0, 1256.7485116440403, 451.9541780095127], [0.0, 0.0, 1.0]], [[1254.9860565800168, 0.0, 829.5769333630991], [0.0, 1254.9860565800168, 467.1680561863987], [0.0, 0.0, 1.0]], [[796.8910634503094, 0.0, 857.7774326863696], [0.0, 796.8910634503094, 476.8848988407415], [0.0, 0.0, 1.0]], [[1249.9629280788233, 0.0, 825.3768045375984], [0.0, 1249.9629280788233, 462.54816385708756], [0.0, 0.0, 1.0]]], "extrinsics": [[[0.8223682641983032, -0.5680460929870605, -0.032158829271793365, -0.689453125], [-0.0058668311685323715, 0.048053186386823654, -0.9988275170326233, 1.4859085083007812], [0.5689254403114319, 0.8215926289558411, 0.036184780299663544, -1.11846923828125], [0.0, 0.0, 0.0, 1.0]], [[0.009970945306122303, -0.9989888668060303, -0.043836817145347595, 0.01104736328125], [-0.004147147759795189, 0.04379730671644211, -0.9990318417549133, 1.478729248046875], [0.9999417066574097, 0.010143142193555832, -0.003706251969560981, -1.4158935546875], [0.0, 0.0, 0.0, 1.0]], [[-0.8441855311393738, -0.5356059670448303, -0.0218412633985281, 0.8790283203125], [0.003725155023857951, 0.03488216549158096, -0.9993844628334045, 1.493947982788086], [0.5360381603240967, -0.8437472581863403, -0.027451803907752037, -1.1409912109375], [0.0, 0.0, 0.0, 1.0]], [[0.9477974772453308, 0.31883126497268677, -0.005157360807061195, -1.1180419921875], [-0.021921833977103233, 0.04901507496833801, -0.9985573887825012, 1.561431884765625], [-0.31811851263046265, 0.9465431571006775, 0.0534457266330719, -0.1651611328125], [0.0, 0.0, 0.0, 1.0]], [[0.009481866843998432, 0.9990833401679993, 0.04174555838108063, -0.02862548828125], [-0.019778206944465637, 0.04192664846777916, -0.9989248514175415, 1.56585693359375], [-0.9997594356536865, 0.008646070957183838, 0.020157622173428535, -0.065185546875], [0.0, 0.0, 0.0, 1.0]], [[-0.9236347675323486, 0.382658451795578, 0.021705765277147293, 0.9862060546875], [-0.015390152111649513, 0.019558336585760117, -0.9996902346611023, 1.544891357421875], [-0.3829643726348877, -0.9236828684806824, -0.012175590731203556, -0.11440277099609375], [0.0, 0.0, 0.0, 1.0]]], "view": [[0.0, -2.0, 100.0], [-2.0, 0.0, 100.0], [0.0, 0.0, 1.0]], "bev": "bev_048ebdf02f2c4bc6a30c4333c1319fb3.png", "aux": "aux_048ebdf02f2c4bc6a30c4333c1319fb3.npz", "visibility": "visibility_048ebdf02f2c4bc6a30c4333c1319fb3.png", "pose": [[-0.574266791343689, 0.8186681866645813, 0.0, 1696.5350341796875], [-0.8186681866645813, -0.574266791343689, 0.0, 1094.078125], [0.0, 0.0, 1.0, 0.0], [0.0, 0.0, 0.0, 1.0]], "pose_inverse": [[-0.574266791343689, -0.8186681866645813, 0.0, 1869.95068359375], [0.8186681866645813, -0.574266791343689, 0.0, -760.6065673828125], [0.0, 0.0, 1.0, 0.0], [0.0, 0.0, 0.0, 1.0]], "cam_ids": [0, 1, 2, 3, 4, 5], "cam_channels": ["CAM_FRONT_LEFT", "CAM_FRONT", "CAM_FRONT_RIGHT", "CAM_BACK_LEFT", "CAM_BACK", "CAM_BACK_RIGHT"], "token": "048ebdf02f2c4bc6a30c4333c1319fb3", "scene": "scene-0600"}, {"images": ["samples/CAM_FRONT_LEFT/n008-2018-09-18-13-41-50-0400__CAM_FRONT_LEFT__1537293316754799.jpg", "samples/CAM_FRONT/n008-2018-09-18-13-41-50-0400__CAM_FRONT__1537293316762404.jpg", "samples/CAM_FRONT_RIGHT/n008-2018-09-18-13-41-50-0400__CAM_FRONT_RIGHT__1537293316770482.jpg", "samples/CAM_BACK_LEFT/n008-2018-09-18-13-41-50-0400__CAM_BACK_LEFT__1537293316797405.jpg", "samples/CAM_BACK/n008-2018-09-18-13-41-50-0400__CAM_BACK__1537293316787558.jpg", "samples/CAM_BACK_RIGHT/n008-2018-09-18-13-41-50-0400__CAM_BACK_RIGHT__1537293316778113.jpg"], "intrinsics": [[[1257.8625342125129, 0.0, 827.2410631095686], [0.0, 1257.8625342125129, 450.915498205774], [0.0, 0.0, 1.0]], [[1252.8131021185304, 0.0, 826.588114781398], [0.0, 1252.8131021185304, 469.9846626224581], [0.0, 0.0, 1.0]], [[1256.7485116440405, 0.0, 817.7887570959712], [0.0, 1256.7485116440403, 451.9541780095127], [0.0, 0.0, 1.0]], [[1254.9860565800168, 0.0, 829.5769333630991], [0.0, 1254.9860565800168, 467.1680561863987], [0.0, 0.0, 1.0]], [[796.8910634503094, 0.0, 857.7774326863696], [0.0, 796.8910634503094, 476.8848988407415], [0.0, 0.0, 1.0]], [[1249.9629280788233, 0.0, 825.3768045375984], [0.0, 1249.9629280788233, 462.54816385708756], [0.0, 0.0, 1.0]]], "extrinsics": [[[0.8224503993988037, -0.5686966776847839, -0.012632432393729687, -0.6778564453125], [0.005220284219831228, 0.02975240908563137, -0.9995436668395996, 1.4902267456054688], [0.5688129663467407, 0.8220091462135315, 0.027438636869192123, -1.112457275390625], [0.0, 0.0, 0.0, 1.0]], [[0.010242091491818428, -0.9996259808540344, -0.025357216596603394, 0.0128173828125], [0.0069248913787305355, 0.02542884647846222, -0.9996526837348938, 1.482348918914795], [0.999923586845398, 0.010062911547720432, 0.0071827443316578865, -1.404296875], [0.0, 0.0, 0.0, 1.0]], [[-0.844008207321167, -0.5359136462211609, -0.02113727666437626, 0.872314453125], [0.014548691920936108, 0.016519343480467796, -0.9997576475143433, 1.4968109130859375], [0.5361329317092896, -0.8441112637519836, -0.0061456202529370785, -1.135009765625], [0.0, 0.0, 0.0, 1.0]], [[0.9478685855865479, 0.31865841150283813, -0.0013888288522139192, -1.1177978515625], [-0.011818929575383663, 0.030800126492977142, -0.9994556903839111, 1.56170654296875], [-0.3184421956539154, 0.9473690390586853, 0.0329606756567955, -0.165283203125], [0.0, 0.0, 0.0, 1.0]], [[0.009242517873644829, 0.9996802806854248, 0.023535843938589096, -0.0291748046875], [-0.009300028905272484, 0.02362176589667797, -0.9996776580810547, 1.5669822692871094], [-0.9999139904975891, 0.009020667523145676, 0.009515379555523396, -0.068603515625], [0.0, 0.0, 0.0, 1.0]], [[-0.9237383604049683, 0.3829914331436157, 0.00500450748950243, 0.97998046875], [-0.004905704874545336, 0.0012346378061920404, -0.9999872446060181, 1.5468530654907227], [-0.3829926550388336, -0.9237511157989502, 0.0007383613847196102, -0.11602401733398438], [0.0, 0.0, 0.0, 1.0]]], "view": [[0.0, -2.0, 100.0], [-2.0, 0.0, 100.0], [0.0, 0.0, 1.0]], "bev": "bev_5dd5a388662e4477847130f07847d9aa.png", "aux": "aux_5dd5a388662e4477847130f07847d9aa.npz", "visibility": "visibility_5dd5a388662e4477847130f07847d9aa.png", "pose": [[-0.5742774605751038, 0.8186607360839844, 0.0, 1694.03515625], [-0.8186607360839844, -0.5742774605751038, 0.0, 1090.567138671875], [0.0, 0.0, 1.0, 0.0], [0.0, 0.0, 0.0, 1.0]], "pose_inverse": [[-0.5742774605751038, -0.8186607360839844, 0.0, 1865.650634765625], [0.8186607360839844, -0.5742774605751038, 0.0, -760.5519409179688], [0.0, 0.0, 1.0, 0.0], [0.0, 0.0, 0.0, 1.0]], "cam_ids": [0, 1, 2, 3, 4, 5], "cam_channels": ["CAM_FRONT_LEFT", "CAM_FRONT", "CAM_FRONT_RIGHT", "CAM_BACK_LEFT", "CAM_BACK", "CAM_BACK_RIGHT"], "token": "5dd5a388662e4477847130f07847d9aa", "scene": "scene-0600"}, {"images": ["samples/CAM_FRONT_LEFT/n008-2018-09-18-13-41-50-0400__CAM_FRONT_LEFT__1537293317254799.jpg", "samples/CAM_FRONT/n008-2018-09-18-13-41-50-0400__CAM_FRONT__1537293317262481.jpg", "samples/CAM_FRONT_RIGHT/n008-2018-09-18-13-41-50-0400__CAM_FRONT_RIGHT__1537293317270482.jpg", "samples/CAM_BACK_LEFT/n008-2018-09-18-13-41-50-0400__CAM_BACK_LEFT__1537293317297405.jpg", "samples/CAM_BACK/n008-2018-09-18-13-41-50-0400__CAM_BACK__1537293317287558.jpg", "samples/CAM_BACK_RIGHT/n008-2018-09-18-13-41-50-0400__CAM_BACK_RIGHT__1537293317278113.jpg"], "intrinsics": [[[1257.8625342125129, 0.0, 827.2410631095686], [0.0, 1257.8625342125129, 450.915498205774], [0.0, 0.0, 1.0]], [[1252.8131021185304, 0.0, 826.588114781398], [0.0, 1252.8131021185304, 469.9846626224581], [0.0, 0.0, 1.0]], [[1256.7485116440405, 0.0, 817.7887570959712], [0.0, 1256.7485116440403, 451.9541780095127], [0.0, 0.0, 1.0]], [[1254.9860565800168, 0.0, 829.5769333630991], [0.0, 1254.9860565800168, 467.1680561863987], [0.0, 0.0, 1.0]], [[796.8910634503094, 0.0, 857.7774326863696], [0.0, 796.8910634503094, 476.8848988407415], [0.0, 0.0, 1.0]], [[1249.9629280788233, 0.0, 825.3768045375984], [0.0, 1249.9629280788233, 462.54816385708756], [0.0, 0.0, 1.0]]], "extrinsics": [[[0.8220468759536743, -0.5692399144172668, -0.014314222149550915, -0.67724609375], [-0.0030678960029035807, 0.020710302516818047, -0.9997808337211609, 1.487009048461914], [0.5694116353988647, 0.821910560131073, 0.015278469771146774, -1.11016845703125], [0.0, 0.0, 0.0, 1.0]], [[0.009430569596588612, -0.9998228549957275, -0.016287581995129585, 0.0107421875], [-0.0012789192842319608, 0.01627623289823532, -0.9998667240142822, 1.4797086715698242], [0.9999546408653259, 0.009450111538171768, -0.001125198439694941, -1.405029296875], [0.0, 0.0, 0.0, 1.0]], [[-0.8444005250930786, -0.5356273055076599, -0.009540122002363205, 0.871826171875], [0.006685224827378988, 0.007271194364875555, -0.999951183795929, 1.4947991371154785], [0.5356706380844116, -0.8444231748580933, -0.0025590129662305117, -1.1365966796875], [0.0, 0.0, 0.0, 1.0]], [[0.947837769985199, 0.3185652494430542, -0.010938780382275581, -1.1187744140625], [-0.018858006224036217, 0.021785471588373184, -0.9995847940444946, 1.5615348815917969], [-0.31819474697113037, 0.9476505517959595, 0.026656601577997208, -0.1646728515625], [0.0, 0.0, 0.0, 1.0]], [[0.009598903357982635, 0.9998524188995361, 0.014252242632210255, -0.02838134765625], [-0.01673412136733532, 0.014411523938179016, -0.9997560977935791, 1.5661811828613281], [-0.9998139142990112, 0.009358175098896027, 0.016869986429810524, -0.0675048828125], [0.0, 0.0, 0.0, 1.0]], [[-0.9235425591468811, 0.383404403924942, 0.008373168297111988, 0.98095703125], [-0.012403658591210842, -0.00804125890135765, -0.9998907446861267, 1.5454177856445312], [-0.3832951486110687, -0.9235454797744751, 0.012182063423097134, -0.11683464050292969], [0.0, 0.0, 0.0, 1.0]]], "view": [[0.0, -2.0, 100.0], [-2.0, 0.0, 100.0], [0.0, 0.0, 1.0]], "bev": "bev_44a602f5b4b94df69c895a6d506e8333.png", "aux": "aux_44a602f5b4b94df69c895a6d506e8333.npz", "visibility": "visibility_44a602f5b4b94df69c895a6d506e8333.png", "pose": [[-0.5745269060134888, 0.818485677242279, 0.0, 1691.507080078125], [-0.818485677242279, -0.5745269060134888, 0.0, 1087.0274658203125], [0.0, 0.0, 1.0, 0.0], [0.0, 0.0, 0.0, 1.0]], "pose_inverse": [[-0.5745269060134888, -0.818485677242279, 0.0, 1861.5328369140625], [0.818485677242279, -0.5745269060134888, 0.0, -759.94775390625], [0.0, 0.0, 1.0, 0.0], [0.0, 0.0, 0.0, 1.0]], "cam_ids": [0, 1, 2, 3, 4, 5], "cam_channels": ["CAM_FRONT_LEFT", "CAM_FRONT", "CAM_FRONT_RIGHT", "CAM_BACK_LEFT", "CAM_BACK", "CAM_BACK_RIGHT"], "token": "44a602f5b4b94df69c895a6d506e8333", "scene": "scene-0600"}, {"images": ["samples/CAM_FRONT_LEFT/n008-2018-09-18-13-41-50-0400__CAM_FRONT_LEFT__1537293317754799.jpg", "samples/CAM_FRONT/n008-2018-09-18-13-41-50-0400__CAM_FRONT__1537293317762404.jpg", "samples/CAM_FRONT_RIGHT/n008-2018-09-18-13-41-50-0400__CAM_FRONT_RIGHT__1537293317770482.jpg", "samples/CAM_BACK_LEFT/n008-2018-09-18-13-41-50-0400__CAM_BACK_LEFT__1537293317797405.jpg", "samples/CAM_BACK/n008-2018-09-18-13-41-50-0400__CAM_BACK__1537293317787558.jpg", "samples/CAM_BACK_RIGHT/n008-2018-09-18-13-41-50-0400__CAM_BACK_RIGHT__1537293317778113.jpg"], "intrinsics": [[[1257.8625342125129, 0.0, 827.2410631095686], [0.0, 1257.8625342125129, 450.915498205774], [0.0, 0.0, 1.0]], [[1252.8131021185304, 0.0, 826.588114781398], [0.0, 1252.8131021185304, 469.9846626224581], [0.0, 0.0, 1.0]], [[1256.7485116440405, 0.0, 817.7887570959712], [0.0, 1256.7485116440403, 451.9541780095127], [0.0, 0.0, 1.0]], [[1254.9860565800168, 0.0, 829.5769333630991], [0.0, 1254.9860565800168, 467.1680561863987], [0.0, 0.0, 1.0]], [[796.8910634503094, 0.0, 857.7774326863696], [0.0, 796.8910634503094, 476.8848988407415], [0.0, 0.0, 1.0]], [[1249.9629280788233, 0.0, 825.3768045375984], [0.0, 1249.9629280788233, 462.54816385708756], [0.0, 0.0, 1.0]]], "extrinsics": [[[0.8208724856376648, -0.570887565612793, -0.015996156260371208, -0.6806640625], [-0.008938305079936981, 0.0151631785556674, -0.999845027923584, 1.4847755432128906], [0.5710416436195374, 0.8208882212638855, 0.007344267331063747, -1.106109619140625], [0.0, 0.0, 0.0, 1.0]], [[0.007925955578684807, -0.9999053478240967, -0.011245548725128174, 0.00701904296875], [-0.007114460691809654, 0.011189229786396027, -0.9999121427536011, 1.4778308868408203], [0.9999432563781738, 0.008005225099623203, -0.007025102153420448, -1.4051513671875], [0.0, 0.0, 0.0, 1.0]], [[-0.8450153470039368, -0.534737765789032, -0.0021185565274208784, 0.8709716796875], [0.0008077411912381649, 0.0026854178868234158, -0.9999960064888, 1.4932836294174194], [0.5347414016723633, -0.8450137972831726, -0.0018372907070443034, -1.1396484375], [0.0, 0.0, 0.0, 1.0]], [[0.9477836489677429, 0.31842267513275146, -0.017694132402539253, -1.1197509765625], [-0.02491086721420288, 0.018605897203087807, -0.999516487121582, 1.5614089965820312], [-0.3179394602775574, 0.9477662444114685, 0.025566551834344864, -0.1641845703125], [0.0, 0.0, 0.0, 1.0]], [[0.01009531132876873, 0.999893069267273, 0.010575532913208008, -0.0277099609375], [-0.022630054503679276, 0.010801819153130054, -0.999685525894165, 1.5655593872070312], [-0.999692976474762, 0.009852766990661621, 0.022736681625247, -0.06640625], [0.0, 0.0, 0.0, 1.0]], [[-0.9231880307197571, 0.3841533660888672, 0.012242808006703854, 0.9827880859375], [-0.018314749002456665, -0.012151673436164856, -0.9997584223747253, 1.5442771911621094], [-0.38391178846359253, -0.9231892824172974, 0.018253952264785767, -0.11808538436889648], [0.0, 0.0, 0.0, 1.0]]], "view": [[0.0, -2.0, 100.0], [-2.0, 0.0, 100.0], [0.0, 0.0, 1.0]], "bev": "bev_43fa385f7e244d4398c10f9a6de2482a.png", "aux": "aux_43fa385f7e244d4398c10f9a6de2482a.npz", "visibility": "visibility_43fa385f7e244d4398c10f9a6de2482a.png", "pose": [[-0.5676918625831604, 0.823241114616394, 0.0, 1688.961669921875], [-0.823241114616394, -0.5676918625831604, 0.0, 1083.4136962890625], [0.0, 0.0, 1.0, 0.0], [0.0, 0.0, 0.0, 1.0]], "pose_inverse": [[-0.5676918625831604, -0.823241114616394, 0.0, 1850.720458984375], [0.823241114616394, -0.5676918625831604, 0.0, -775.3775634765625], [0.0, 0.0, 1.0, 0.0], [0.0, 0.0, 0.0, 1.0]], "cam_ids": [0, 1, 2, 3, 4, 5], "cam_channels": ["CAM_FRONT_LEFT", "CAM_FRONT", "CAM_FRONT_RIGHT", "CAM_BACK_LEFT", "CAM_BACK", "CAM_BACK_RIGHT"], "token": "43fa385f7e244d4398c10f9a6de2482a", "scene": "scene-0600"}, {"images": ["samples/CAM_FRONT_LEFT/n008-2018-09-18-13-41-50-0400__CAM_FRONT_LEFT__1537293318254799.jpg", "samples/CAM_FRONT/n008-2018-09-18-13-41-50-0400__CAM_FRONT__1537293318262404.jpg", "samples/CAM_FRONT_RIGHT/n008-2018-09-18-13-41-50-0400__CAM_FRONT_RIGHT__1537293318270482.jpg", "samples/CAM_BACK_LEFT/n008-2018-09-18-13-41-50-0400__CAM_BACK_LEFT__1537293318297405.jpg", "samples/CAM_BACK/n008-2018-09-18-13-41-50-0400__CAM_BACK__1537293318287558.jpg", "samples/CAM_BACK_RIGHT/n008-2018-09-18-13-41-50-0400__CAM_BACK_RIGHT__1537293318278113.jpg"], "intrinsics": [[[1257.8625342125129, 0.0, 827.2410631095686], [0.0, 1257.8625342125129, 450.915498205774], [0.0, 0.0, 1.0]], [[1252.8131021185304, 0.0, 826.588114781398], [0.0, 1252.8131021185304, 469.9846626224581], [0.0, 0.0, 1.0]], [[1256.7485116440405, 0.0, 817.7887570959712], [0.0, 1256.7485116440403, 451.9541780095127], [0.0, 0.0, 1.0]], [[1254.9860565800168, 0.0, 829.5769333630991], [0.0, 1254.9860565800168, 467.1680561863987], [0.0, 0.0, 1.0]], [[796.8910634503094, 0.0, 857.7774326863696], [0.0, 796.8910634503094, 476.8848988407415], [0.0, 0.0, 1.0]], [[1249.9629280788233, 0.0, 825.3768045375984], [0.0, 1249.9629280788233, 462.54816385708756], [0.0, 0.0, 1.0]]], "extrinsics": [[[0.8216327428817749, -0.5697847604751587, -0.0162733756005764, -0.67578125], [-0.006593984551727772, 0.019046200439333916, -0.9997968077659607, 1.4856071472167969], [0.5699790120124817, 0.8215731978416443, 0.011891827918589115, -1.108917236328125], [0.0, 0.0, 0.0, 1.0]], [[0.008920149877667427, -0.9998471736907959, -0.015032883733510971, 0.0108642578125], [-0.004617559257894754, 0.01499213557690382, -0.9998769164085388, 1.4785842895507812], [0.9999494552612305, 0.00898844562470913, -0.004483122378587723, -1.400634765625], [0.0, 0.0, 0.0, 1.0]], [[-0.8446187376976013, -0.5353312492370605, -0.0062917182222008705, 0.869873046875], [0.0033882225397974253, 0.006406866945326328, -0.999973714351654, 1.4939496517181396], [0.5353575348854065, -0.8446179032325745, -0.0035975391510874033, -1.13525390625], [0.0, 0.0, 0.0, 1.0]], [[0.9478227496147156, 0.3185046911239624, -0.01366435457020998, -1.1209716796875], [-0.021884145215153694, 0.022243289276957512, -0.9995130300521851, 1.5615043640136719], [-0.3180456757545471, 0.9476602077484131, 0.028052901849150658, -0.1640625], [0.0, 0.0, 0.0, 1.0]], [[0.009808812290430069, 0.9998501539230347, 0.014262630604207516, -0.02880859375], [-0.01979438215494156, 0.014454670250415802, -0.9996995329856873, 1.5658416748046875], [-0.9997559785842896, 0.009523535147309303, 0.019933201372623444, -0.0673828125], [0.0, 0.0, 0.0, 1.0]], [[-0.9234083294868469, 0.3836546242237091, 0.011226877570152283, 0.979736328125], [-0.015680041164159775, -0.008481553755700588, -0.999841034412384, 1.5447616577148438], [-0.38349851965904236, -0.9234376549720764, 0.013847658410668373, -0.11713027954101562], [0.0, 0.0, 0.0, 1.0]]], "view": [[0.0, -2.0, 100.0], [-2.0, 0.0, 100.0], [0.0, 0.0, 1.0]], "bev": "bev_c993e4cf038047dba76dbdcb3f91ffc4.png", "aux": "aux_c993e4cf038047dba76dbdcb3f91ffc4.npz", "visibility": "visibility_c993e4cf038047dba76dbdcb3f91ffc4.png", "pose": [[-0.5533031225204468, 0.8329799771308899, 0.0, 1686.480224609375], [-0.8329799771308899, -0.5533031225204468, 0.0, 1079.7835693359375], [0.0, 0.0, 1.0, 0.0], [0.0, 0.0, 0.0, 1.0]], "pose_inverse": [[-0.5533031225204468, -0.8329799771308899, 0.0, 1832.5728759765625], [0.8329799771308899, -0.5533031225204468, 0.0, -807.356689453125], [0.0, 0.0, 1.0, 0.0], [0.0, 0.0, 0.0, 1.0]], "cam_ids": [0, 1, 2, 3, 4, 5], "cam_channels": ["CAM_FRONT_LEFT", "CAM_FRONT", "CAM_FRONT_RIGHT", "CAM_BACK_LEFT", "CAM_BACK", "CAM_BACK_RIGHT"], "token": "c993e4cf038047dba76dbdcb3f91ffc4", "scene": "scene-0600"}, {"images": ["samples/CAM_FRONT_LEFT/n008-2018-09-18-13-41-50-0400__CAM_FRONT_LEFT__1537293318754799.jpg", "samples/CAM_FRONT/n008-2018-09-18-13-41-50-0400__CAM_FRONT__1537293318762404.jpg", "samples/CAM_FRONT_RIGHT/n008-2018-09-18-13-41-50-0400__CAM_FRONT_RIGHT__1537293318770482.jpg", "samples/CAM_BACK_LEFT/n008-2018-09-18-13-41-50-0400__CAM_BACK_LEFT__1537293318797405.jpg", "samples/CAM_BACK/n008-2018-09-18-13-41-50-0400__CAM_BACK__1537293318787558.jpg", "samples/CAM_BACK_RIGHT/n008-2018-09-18-13-41-50-0400__CAM_BACK_RIGHT__1537293318778113.jpg"], "intrinsics": [[[1257.8625342125129, 0.0, 827.2410631095686], [0.0, 1257.8625342125129, 450.915498205774], [0.0, 0.0, 1.0]], [[1252.8131021185304, 0.0, 826.588114781398], [0.0, 1252.8131021185304, 469.9846626224581], [0.0, 0.0, 1.0]], [[1256.7485116440405, 0.0, 817.7887570959712], [0.0, 1256.7485116440403, 451.9541780095127], [0.0, 0.0, 1.0]], [[1254.9860565800168, 0.0, 829.5769333630991], [0.0, 1254.9860565800168, 467.1680561863987], [0.0, 0.0, 1.0]], [[796.8910634503094, 0.0, 857.7774326863696], [0.0, 796.8910634503094, 476.8848988407415], [0.0, 0.0, 1.0]], [[1249.9629280788233, 0.0, 825.3768045375984], [0.0, 1249.9629280788233, 462.54816385708756], [0.0, 0.0, 1.0]]], "extrinsics": [[[0.8218523859977722, -0.5690033435821533, -0.02817503735423088, -0.67626953125], [-0.004799567628651857, 0.04253871738910675, -0.9990832805633545, 1.4862899780273438], [0.5696803331375122, 0.8212342262268066, 0.032229576259851456, -1.108245849609375], [0.0, 0.0, 0.0, 1.0]], [[0.009257825091481209, -0.9992156028747559, -0.03850107640028, 0.01019287109375], [-0.0028639237862080336, 0.03847607225179672, -0.9992554187774658, 1.4791412353515625], [0.999953031539917, 0.009361112490296364, -0.0025054735597223043, -1.403564453125], [0.0, 0.0, 0.0, 1.0]], [[-0.8444784879684448, -0.5352061986923218, -0.020256973803043365, 0.8714599609375], [0.0051198918372392654, 0.029753204435110092, -0.9995441436767578, 1.4943618774414062], [0.5355649590492249, -0.8441973328590393, -0.022385748103260994, -1.136962890625], [0.0, 0.0, 0.0, 1.0]], [[0.9480347037315369, 0.31812894344329834, -0.0049190097488462925, -1.1241455078125], [-0.020230665802955627, 0.044844456017017365, -0.9987891316413879, 1.5616683959960938], [-0.31752315163612366, 0.946986198425293, 0.048950061202049255, -0.1619873046875], [0.0, 0.0, 0.0, 1.0]], [[0.009922550059854984, 0.9992602467536926, 0.0371537059545517, -0.02789306640625], [-0.018228424713015556, 0.03733011707663536, -0.999136745929718, 1.566070556640625], [-0.9997846484184265, 0.009236731566488743, 0.01858535408973694, -0.0648193359375], [0.0, 0.0, 0.0, 1.0]], [[-0.9234917163848877, 0.38316988945007324, 0.018540456891059875, 0.9818115234375], [-0.013996697962284088, 0.014643155969679356, -0.9997947812080383, 1.5451011657714844], [-0.3833628296852112, -0.9235617518424988, -0.008159720338881016, -0.11673736572265625], [0.0, 0.0, 0.0, 1.0]]], "view": [[0.0, -2.0, 100.0], [-2.0, 0.0, 100.0], [0.0, 0.0, 1.0]], "bev": "bev_5f2aab707c794564b86c01f3e4e58f07.png", "aux": "aux_5f2aab707c794564b86c01f3e4e58f07.npz", "visibility": "visibility_5f2aab707c794564b86c01f3e4e58f07.png", "pose": [[-0.5402852296829224, 0.8414819240570068, 0.0, 1684.08837890625], [-0.8414819240570068, -0.5402852296829224, 0.0, 1076.1505126953125], [0.0, 0.0, 1.0, 0.0], [0.0, 0.0, 0.0, 1.0]], "pose_inverse": [[-0.5402852296829224, -0.8414819240570068, 0.0, 1815.4493408203125], [0.8414819240570068, -0.5402852296829224, 0.0, -835.7017211914062], [0.0, 0.0, 1.0, 0.0], [0.0, 0.0, 0.0, 1.0]], "cam_ids": [0, 1, 2, 3, 4, 5], "cam_channels": ["CAM_FRONT_LEFT", "CAM_FRONT", "CAM_FRONT_RIGHT", "CAM_BACK_LEFT", "CAM_BACK", "CAM_BACK_RIGHT"], "token": "5f2aab707c794564b86c01f3e4e58f07", "scene": "scene-0600"}, {"images": ["samples/CAM_FRONT_LEFT/n008-2018-09-18-13-41-50-0400__CAM_FRONT_LEFT__1537293319254799.jpg", "samples/CAM_FRONT/n008-2018-09-18-13-41-50-0400__CAM_FRONT__1537293319262404.jpg", "samples/CAM_FRONT_RIGHT/n008-2018-09-18-13-41-50-0400__CAM_FRONT_RIGHT__1537293319270493.jpg", "samples/CAM_BACK_LEFT/n008-2018-09-18-13-41-50-0400__CAM_BACK_LEFT__1537293319297405.jpg", "samples/CAM_BACK/n008-2018-09-18-13-41-50-0400__CAM_BACK__1537293319287558.jpg", "samples/CAM_BACK_RIGHT/n008-2018-09-18-13-41-50-0400__CAM_BACK_RIGHT__1537293319278113.jpg"], "intrinsics": [[[1257.8625342125129, 0.0, 827.2410631095686], [0.0, 1257.8625342125129, 450.915498205774], [0.0, 0.0, 1.0]], [[1252.8131021185304, 0.0, 826.588114781398], [0.0, 1252.8131021185304, 469.9846626224581], [0.0, 0.0, 1.0]], [[1256.7485116440405, 0.0, 817.7887570959712], [0.0, 1256.7485116440403, 451.9541780095127], [0.0, 0.0, 1.0]], [[1254.9860565800168, 0.0, 829.5769333630991], [0.0, 1254.9860565800168, 467.1680561863987], [0.0, 0.0, 1.0]], [[796.8910634503094, 0.0, 857.7774326863696], [0.0, 796.8910634503094, 476.8848988407415], [0.0, 0.0, 1.0]], [[1249.9629280788233, 0.0, 825.3768045375984], [0.0, 1249.9629280788233, 462.54816385708756], [0.0, 0.0, 1.0]]], "extrinsics": [[[0.8233879804611206, -0.56670743227005, -0.029581736773252487, -0.668701171875], [-0.0038249348290264606, 0.04658488929271698, -0.9989069700241089, 1.4865837097167969], [0.5674659609794617, 0.8226011395454407, 0.036189816892147064, -1.105316162109375], [0.0, 0.0, 0.0, 1.0]], [[0.01144638005644083, -0.9990252256393433, -0.04263371601700783, 0.01171875], [-0.0021974644623696804, 0.04261127486824989, -0.9990893006324768, 1.47930908203125], [0.9999321699142456, 0.011529591865837574, -0.0017075770301744342, -1.3956298828125], [0.0, 0.0, 0.0, 1.0]], [[-0.8435546159744263, -0.5365538001060486, -0.022925585508346558, 0.8662109375], [0.005559106823056936, 0.03396229073405266, -0.9994076490402222, 1.4944915771484375], [0.5370146036148071, -0.843182384967804, -0.025666289031505585, -1.13232421875], [0.0, 0.0, 0.0, 1.0]], [[0.9477729201316833, 0.31892067193984985, -0.004024287685751915, -1.1181640625], [-0.02065974660217762, 0.048796191811561584, -0.9985950589179993, 1.56146240234375], [-0.31827622652053833, 0.9465245008468628, 0.05283652991056442, -0.1650390625], [0.0, 0.0, 0.0, 1.0]], [[0.008938989602029324, 0.9991077780723572, 0.04127587378025055, -0.02886962890625], [-0.018061714246869087, 0.041432108730077744, -0.9989780187606812, 1.565948486328125], [-0.9997969269752502, 0.008184343576431274, 0.018415959551930428, -0.071044921875], [0.0, 0.0, 0.0, 1.0]], [[-0.9239869117736816, 0.38191142678260803, 0.019792312756180763, 0.9759521484375], [-0.013631229288876057, 0.018831290304660797, -0.9997297525405884, 1.5450630187988281], [-0.38218098878860474, -0.9240070581436157, -0.012193944305181503, -0.1185150146484375], [0.0, 0.0, 0.0, 1.0]]], "view": [[0.0, -2.0, 100.0], [-2.0, 0.0, 100.0], [0.0, 0.0, 1.0]], "bev": "bev_824c18cbf29741b794920ab9bcbb3a23.png", "aux": "aux_824c18cbf29741b794920ab9bcbb3a23.npz", "visibility": "visibility_824c18cbf29741b794920ab9bcbb3a23.png", "pose": [[-0.5517287850379944, 0.8340235948562622, 0.0, 1681.6268310546875], [-0.8340235948562622, -0.5517287850379944, 0.0, 1072.462158203125], [0.0, 0.0, 1.0, 0.0], [0.0, 0.0, 0.0, 1.0]], "pose_inverse": [[-0.5517287850379944, -0.8340235948562622, 0.0, 1822.2606201171875], [0.8340235948562622, -0.5517287850379944, 0.0, -810.8082275390625], [0.0, 0.0, 1.0, 0.0], [0.0, 0.0, 0.0, 1.0]], "cam_ids": [0, 1, 2, 3, 4, 5], "cam_channels": ["CAM_FRONT_LEFT", "CAM_FRONT", "CAM_FRONT_RIGHT", "CAM_BACK_LEFT", "CAM_BACK", "CAM_BACK_RIGHT"], "token": "824c18cbf29741b794920ab9bcbb3a23", "scene": "scene-0600"}, {"images": ["samples/CAM_FRONT_LEFT/n008-2018-09-18-13-41-50-0400__CAM_FRONT_LEFT__1537293319754799.jpg", "samples/CAM_FRONT/n008-2018-09-18-13-41-50-0400__CAM_FRONT__1537293319762404.jpg", "samples/CAM_FRONT_RIGHT/n008-2018-09-18-13-41-50-0400__CAM_FRONT_RIGHT__1537293319770482.jpg", "samples/CAM_BACK_LEFT/n008-2018-09-18-13-41-50-0400__CAM_BACK_LEFT__1537293319797405.jpg", "samples/CAM_BACK/n008-2018-09-18-13-41-50-0400__CAM_BACK__1537293319787558.jpg", "samples/CAM_BACK_RIGHT/n008-2018-09-18-13-41-50-0400__CAM_BACK_RIGHT__1537293319778113.jpg"], "intrinsics": [[[1257.8625342125129, 0.0, 827.2410631095686], [0.0, 1257.8625342125129, 450.915498205774], [0.0, 0.0, 1.0]], [[1252.8131021185304, 0.0, 826.588114781398], [0.0, 1252.8131021185304, 469.9846626224581], [0.0, 0.0, 1.0]], [[1256.7485116440405, 0.0, 817.7887570959712], [0.0, 1256.7485116440403, 451.9541780095127], [0.0, 0.0, 1.0]], [[1254.9860565800168, 0.0, 829.5769333630991], [0.0, 1254.9860565800168, 467.1680561863987], [0.0, 0.0, 1.0]], [[796.8910634503094, 0.0, 857.7774326863696], [0.0, 796.8910634503094, 476.8848988407415], [0.0, 0.0, 1.0]], [[1249.9629280788233, 0.0, 825.3768045375984], [0.0, 1249.9629280788233, 462.54816385708756], [0.0, 0.0, 1.0]]], "extrinsics": [[[0.8229970335960388, -0.5668070316314697, -0.03749239072203636, -0.6600341796875], [-0.013571863062679768, 0.04636324942111969, -0.9988324046134949, 1.4826164245605469], [0.5678834915161133, 0.8225449919700623, 0.030464189127087593, -1.094970703125], [0.0, 0.0, 0.0, 1.0]], [[0.011058573611080647, -0.999030590057373, -0.04260944202542305, 0.009033203125], [-0.010597048327326775, 0.042492568492889404, -0.9990406036376953, 1.4764671325683594], [0.9998826384544373, 0.011499457992613316, -0.010116870515048504, -1.3856201171875], [0.0, 0.0, 0.0, 1.0]], [[-0.8437070250511169, -0.5365373492240906, -0.01691250130534172, 0.858642578125], [-0.001504834508523345, 0.03386980667710304, -0.9994250535964966, 1.4926643371582031], [0.5368016958236694, -0.8431965708732605, -0.029383597895503044, -1.1300048828125], [0.0, 0.0, 0.0, 1.0]], [[0.9477396607398987, 0.3189765512943268, -0.006582943722605705, -1.12060546875], [-0.02329467423260212, 0.04860518127679825, -0.9985463619232178, 1.5615234375], [-0.31819289922714233, 0.9465154409408569, 0.05349551886320114, -0.1629638671875], [0.0, 0.0, 0.0, 1.0]], [[0.009098685346543789, 0.9991204142570496, 0.04093288630247116, -0.0274658203125], [-0.02239367924630642, 0.041127901524305344, -0.9989029169082642, 1.5654678344726562], [-0.9997078776359558, 0.008172030560672283, 0.02274819277226925, -0.0721435546875], [0.0, 0.0, 0.0, 1.0]], [[-0.9238481521606445, 0.3819277584552765, 0.025213727727532387, 0.9715576171875], [-0.019566576927900314, 0.01866312138736248, -0.999634325504303, 1.5438079833984375], [-0.38225865364074707, -0.9240037798881531, -0.00976887159049511, -0.12195396423339844], [0.0, 0.0, 0.0, 1.0]]], "view": [[0.0, -2.0, 100.0], [-2.0, 0.0, 100.0], [0.0, 0.0, 1.0]], "bev": "bev_61d0dfa60f43493792421d1faa94f4a4.png", "aux": "aux_61d0dfa60f43493792421d1faa94f4a4.npz", "visibility": "visibility_61d0dfa60f43493792421d1faa94f4a4.png", "pose": [[-0.5626060366630554, 0.8267251253128052, 0.0, 1679.12548828125], [-0.8267251253128052, -0.5626060366630554, 0.0, 1068.776611328125], [0.0, 0.0, 1.0, 0.0], [0.0, 0.0, 0.0, 1.0]], "pose_inverse": [[-0.5626060366630554, -0.8267251253128052, 0.0, 1828.2706298828125], [0.8267251253128052, -0.5626060366630554, 0.0, -786.8750610351562], [0.0, 0.0, 1.0, 0.0], [0.0, 0.0, 0.0, 1.0]], "cam_ids": [0, 1, 2, 3, 4, 5], "cam_channels": ["CAM_FRONT_LEFT", "CAM_FRONT", "CAM_FRONT_RIGHT", "CAM_BACK_LEFT", "CAM_BACK", "CAM_BACK_RIGHT"], "token": "61d0dfa60f43493792421d1faa94f4a4", "scene": "scene-0600"}, {"images": ["samples/CAM_FRONT_LEFT/n008-2018-09-18-13-41-50-0400__CAM_FRONT_LEFT__1537293320154799.jpg", "samples/CAM_FRONT/n008-2018-09-18-13-41-50-0400__CAM_FRONT__1537293320162404.jpg", "samples/CAM_FRONT_RIGHT/n008-2018-09-18-13-41-50-0400__CAM_FRONT_RIGHT__1537293320170482.jpg", "samples/CAM_BACK_LEFT/n008-2018-09-18-13-41-50-0400__CAM_BACK_LEFT__1537293320197405.jpg", "samples/CAM_BACK/n008-2018-09-18-13-41-50-0400__CAM_BACK__1537293320187558.jpg", "samples/CAM_BACK_RIGHT/n008-2018-09-18-13-41-50-0400__CAM_BACK_RIGHT__1537293320178113.jpg"], "intrinsics": [[[1257.8625342125129, 0.0, 827.2410631095686], [0.0, 1257.8625342125129, 450.915498205774], [0.0, 0.0, 1.0]], [[1252.8131021185304, 0.0, 826.588114781398], [0.0, 1252.8131021185304, 469.9846626224581], [0.0, 0.0, 1.0]], [[1256.7485116440405, 0.0, 817.7887570959712], [0.0, 1256.7485116440403, 451.9541780095127], [0.0, 0.0, 1.0]], [[1254.9860565800168, 0.0, 829.5769333630991], [0.0, 1254.9860565800168, 467.1680561863987], [0.0, 0.0, 1.0]], [[796.8910634503094, 0.0, 857.7774326863696], [0.0, 796.8910634503094, 476.8848988407415], [0.0, 0.0, 1.0]], [[1249.9629280788233, 0.0, 825.3768045375984], [0.0, 1249.9629280788233, 462.54816385708756], [0.0, 0.0, 1.0]]], "extrinsics": [[[0.8230246901512146, -0.568004846572876, -0.0009531305986456573, -0.6776123046875], [0.02380772866308689, 0.0361732579767704, -0.9990618824958801, 1.497598648071289], [0.5675064325332642, 0.8222299218177795, 0.04329438880085945, -1.111328125], [0.0, 0.0, 0.0, 1.0]], [[0.011215005069971085, -0.9994503855705261, -0.03119407594203949, 0.01165771484375], [0.024765467271208763, 0.031464096158742905, -0.9991980195045471, 1.4882450103759766], [0.9996303915977478, 0.010433494113385677, 0.02510472759604454, -1.405517578125], [0.0, 0.0, 0.0, 1.0]], [[-0.8433150053024292, -0.5360499024391174, -0.0383436493575573, 0.8731689453125], [0.03136241436004639, 0.022137846797704697, -0.9992628693580627, 1.5011520385742188], [0.5365036725997925, -0.8438959717750549, -0.0018573589622974396, -1.136962890625], [0.0, 0.0, 0.0, 1.0]], [[0.9478233456611633, 0.3185766339302063, 0.011828952468931675, -1.12060546875], [0.0005996674299240112, 0.03532334044575691, -0.9993757605552673, 1.5620670318603516], [-0.31879550218582153, 0.9472387433052063, 0.03328924626111984, -0.1639404296875], [0.0, 0.0, 0.0, 1.0]], [[0.008763778023421764, 0.9995546340942383, 0.028526080772280693, -0.028564453125], [0.00473447609692812, 0.028485378250479698, -0.9995829463005066, 1.5685606002807617], [-0.9999504685401917, 0.008895209059119225, -0.0044827270321547985, -0.0657958984375], [0.0, 0.0, 0.0, 1.0]], [[-0.9238179326057434, 0.38276034593582153, -0.007404391188174486, 0.9825439453125], [0.010705211199820042, 0.00649454677477479, -0.9999216198921204, 1.5498619079589844], [-0.382682204246521, -0.9238248467445374, -0.010097309947013855, -0.11599063873291016], [0.0, 0.0, 0.0, 1.0]]], "view": [[0.0, -2.0, 100.0], [-2.0, 0.0, 100.0], [0.0, 0.0, 1.0]], "bev": "bev_8c0dfc11315c499696aab5fceab91e0b.png", "aux": "aux_8c0dfc11315c499696aab5fceab91e0b.npz", "visibility": "visibility_8c0dfc11315c499696aab5fceab91e0b.png", "pose": [[-0.5707554817199707, 0.8211200833320618, 0.0, 1677.09521484375], [-0.8211200833320618, -0.5707554817199707, 0.0, 1065.8768310546875], [0.0, 0.0, 1.0, 0.0], [0.0, 0.0, 0.0, 1.0]], "pose_inverse": [[-0.5707554817199707, -0.8211200833320618, 0.0, 1832.4241943359375], [0.8211200833320618, -0.5707554817199707, 0.0, -768.7415771484375], [0.0, 0.0, 1.0, 0.0], [0.0, 0.0, 0.0, 1.0]], "cam_ids": [0, 1, 2, 3, 4, 5], "cam_channels": ["CAM_FRONT_LEFT", "CAM_FRONT", "CAM_FRONT_RIGHT", "CAM_BACK_LEFT", "CAM_BACK", "CAM_BACK_RIGHT"], "token": "8c0dfc11315c499696aab5fceab91e0b", "scene": "scene-0600"}, {"images": ["samples/CAM_FRONT_LEFT/n008-2018-09-18-13-41-50-0400__CAM_FRONT_LEFT__1537293320654799.jpg", "samples/CAM_FRONT/n008-2018-09-18-13-41-50-0400__CAM_FRONT__1537293320662404.jpg", "samples/CAM_FRONT_RIGHT/n008-2018-09-18-13-41-50-0400__CAM_FRONT_RIGHT__1537293320670482.jpg", "samples/CAM_BACK_LEFT/n008-2018-09-18-13-41-50-0400__CAM_BACK_LEFT__1537293320697405.jpg", "samples/CAM_BACK/n008-2018-09-18-13-41-50-0400__CAM_BACK__1537293320687558.jpg", "samples/CAM_BACK_RIGHT/n008-2018-09-18-13-41-50-0400__CAM_BACK_RIGHT__1537293320678113.jpg"], "intrinsics": [[[1257.8625342125129, 0.0, 827.2410631095686], [0.0, 1257.8625342125129, 450.915498205774], [0.0, 0.0, 1.0]], [[1252.8131021185304, 0.0, 826.588114781398], [0.0, 1252.8131021185304, 469.9846626224581], [0.0, 0.0, 1.0]], [[1256.7485116440405, 0.0, 817.7887570959712], [0.0, 1256.7485116440403, 451.9541780095127], [0.0, 0.0, 1.0]], [[1254.9860565800168, 0.0, 829.5769333630991], [0.0, 1254.9860565800168, 467.1680561863987], [0.0, 0.0, 1.0]], [[796.8910634503094, 0.0, 857.7774326863696], [0.0, 796.8910634503094, 476.8848988407415], [0.0, 0.0, 1.0]], [[1249.9629280788233, 0.0, 825.3768045375984], [0.0, 1249.9629280788233, 462.54816385708756], [0.0, 0.0, 1.0]]], "extrinsics": [[[0.8227904438972473, -0.5681900978088379, -0.013263755477964878, -0.6744384765625], [-0.002761626150459051, 0.019340330734848976, -0.9998090863227844, 1.4871501922607422], [0.5683382153511047, 0.8226699829101562, 0.014343908056616783, -1.107421875], [0.0, 0.0, 0.0, 1.0]], [[0.010560021735727787, -0.999825119972229, -0.015434995293617249, 0.010498046875], [-0.0008037580410018563, 0.015427364967763424, -0.9998806715011597, 1.4798765182495117], [0.9999439716339111, 0.010571117512881756, -0.0006407033652067184, -1.402099609375], [0.0, 0.0, 0.0, 1.0]], [[-0.8439200520515442, -0.5363779067993164, -0.009883251041173935, 0.87060546875], [0.007267794571816921, 0.006990052759647369, -0.9999491572380066, 1.494964599609375], [0.5364197492599487, -0.8439489006996155, -0.0020007614511996508, -1.1361083984375], [0.0, 0.0, 0.0, 1.0]], [[0.9478211402893066, 0.31866034865379333, -0.00952064897865057, -1.121826171875], [-0.017815537750720978, 0.023126041516661644, -0.9995737671852112, 1.5616226196289062], [-0.3183043897151947, 0.9475868344306946, 0.027596455067396164, -0.1639404296875], [0.0, 0.0, 0.0, 1.0]], [[0.009205635637044907, 0.9998435378074646, 0.015107334591448307, -0.02850341796875], [-0.015855513513088226, 0.015252024866640568, -0.9997579455375671, 1.5663032531738281], [-0.9998319745063782, 0.008963773027062416, 0.01599343866109848, -0.06591796875], [0.0, 0.0, 0.0, 1.0]], [[-0.9238016605377197, 0.3827913999557495, 0.007829503156244755, 0.9813232421875], [-0.011709330603480339, -0.007806784939020872, -0.9999009966850281, 1.5455493927001953], [-0.3826923072338104, -0.923801839351654, 0.011694151908159256, -0.1170353889465332], [0.0, 0.0, 0.0, 1.0]]], "view": [[0.0, -2.0, 100.0], [-2.0, 0.0, 100.0], [0.0, 0.0, 1.0]], "bev": "bev_2f81e430db21463fa79b3c5d687baead.png", "aux": "aux_2f81e430db21463fa79b3c5d687baead.npz", "visibility": "visibility_2f81e430db21463fa79b3c5d687baead.png", "pose": [[-0.5782961845397949, 0.8158268928527832, 0.0, 1674.496337890625], [-0.8158268928527832, -0.5782961845397949, 0.0, 1062.228759765625], [0.0, 0.0, 1.0, 0.0], [0.0, 0.0, 0.0, 1.0]], "pose_inverse": [[-0.5782961845397949, -0.8158268928527832, 0.0, 1834.9495849609375], [0.8158268928527832, -0.5782961845397949, 0.0, -751.8162841796875], [0.0, 0.0, 1.0, 0.0], [0.0, 0.0, 0.0, 1.0]], "cam_ids": [0, 1, 2, 3, 4, 5], "cam_channels": ["CAM_FRONT_LEFT", "CAM_FRONT", "CAM_FRONT_RIGHT", "CAM_BACK_LEFT", "CAM_BACK", "CAM_BACK_RIGHT"], "token": "2f81e430db21463fa79b3c5d687baead", "scene": "scene-0600"}, {"images": ["samples/CAM_FRONT_LEFT/n008-2018-09-18-13-41-50-0400__CAM_FRONT_LEFT__1537293321104799.jpg", "samples/CAM_FRONT/n008-2018-09-18-13-41-50-0400__CAM_FRONT__1537293321112404.jpg", "samples/CAM_FRONT_RIGHT/n008-2018-09-18-13-41-50-0400__CAM_FRONT_RIGHT__1537293321120482.jpg", "samples/CAM_BACK_LEFT/n008-2018-09-18-13-41-50-0400__CAM_BACK_LEFT__1537293321147405.jpg", "samples/CAM_BACK/n008-2018-09-18-13-41-50-0400__CAM_BACK__1537293321137558.jpg", "samples/CAM_BACK_RIGHT/n008-2018-09-18-13-41-50-0400__CAM_BACK_RIGHT__1537293321128113.jpg"], "intrinsics": [[[1257.8625342125129, 0.0, 827.2410631095686], [0.0, 1257.8625342125129, 450.915498205774], [0.0, 0.0, 1.0]], [[1252.8131021185304, 0.0, 826.588114781398], [0.0, 1252.8131021185304, 469.9846626224581], [0.0, 0.0, 1.0]], [[1256.7485116440405, 0.0, 817.7887570959712], [0.0, 1256.7485116440403, 451.9541780095127], [0.0, 0.0, 1.0]], [[1254.9860565800168, 0.0, 829.5769333630991], [0.0, 1254.9860565800168, 467.1680561863987], [0.0, 0.0, 1.0]], [[796.8910634503094, 0.0, 857.7774326863696], [0.0, 796.8910634503094, 476.8848988407415], [0.0, 0.0, 1.0]], [[1249.9629280788233, 0.0, 825.3768045375984], [0.0, 1249.9629280788233, 462.54816385708756], [0.0, 0.0, 1.0]]], "extrinsics": [[[0.8226675391197205, -0.5682926177978516, -0.016178490594029427, -0.668212890625], [-0.0019761722069233656, 0.02559848129749298, -0.9996703267097473, 1.4873714447021484], [0.5685194730758667, 0.822428286075592, 0.01993599347770214, -1.1063232421875], [0.0, 0.0, 0.0, 1.0]], [[0.01044389232993126, -0.9997080564498901, -0.02179214544594288, 0.0128173828125], [-0.0004306125338189304, 0.021788835525512695, -0.9997625350952148, 1.4799346923828125], [0.999945342540741, 0.010450809262692928, -0.00020292763656470925, -1.3988037109375], [0.0, 0.0, 0.0, 1.0]], [[-0.8439516425132751, -0.5362550020217896, -0.013272909447550774, 0.8717041015625], [0.007200485561043024, 0.013416203670203686, -0.9998840093612671, 1.4949109554290771], [0.5363709926605225, -0.8439493775367737, -0.007461331784725189, -1.134765625], [0.0, 0.0, 0.0, 1.0]], [[0.9478312134742737, 0.31868672370910645, -0.0074062831699848175, -1.12939453125], [-0.017684077844023705, 0.029369257390499115, -0.9994121789932251, 1.5617637634277344], [-0.3182819187641144, 0.9474049806594849, 0.033472780138254166, -0.1611328125], [0.0, 0.0, 0.0, 1.0]], [[0.009241845458745956, 0.9997276663780212, 0.021430213004350662, -0.0291748046875], [-0.015881923958659172, 0.02157517895102501, -0.9996410608291626, 1.56636047363