[{"images": ["samples/CAM_FRONT_LEFT/n015-2018-07-27-11-24-31+0800__CAM_FRONT_LEFT__1532662211354844.jpg", "samples/CAM_FRONT/n015-2018-07-27-11-24-31+0800__CAM_FRONT__1532662211362460.jpg", "samples/CAM_FRONT_RIGHT/n015-2018-07-27-11-24-31+0800__CAM_FRONT_RIGHT__1532662211370339.jpg", "samples/CAM_BACK_LEFT/n015-2018-07-27-11-24-31+0800__CAM_BACK_LEFT__1532662211397423.jpg", "samples/CAM_BACK/n015-2018-07-27-11-24-31+0800__CAM_BACK__1532662211387525.jpg", "samples/CAM_BACK_RIGHT/n015-2018-07-27-11-24-31+0800__CAM_BACK_RIGHT__1532662211377893.jpg"], "intrinsics": [[[1272.5979470598488, 0.0, 826.6154927353808], [0.0, 1272.5979470598488, 479.75165386361925], [0.0, 0.0, 1.0]], [[1266.417203046554, 0.0, 816.2670197447984], [0.0, 1266.417203046554, 491.50706579294757], [0.0, 0.0, 1.0]], [[1260.8474446004698, 0.0, 807.968244525554], [0.0, 1260.8474446004698, 495.3344268742088], [0.0, 0.0, 1.0]], [[1256.7414812095406, 0.0, 792.1125740759628], [0.0, 1256.7414812095406, 492.7757465151356], [0.0, 0.0, 1.0]], [[809.2209905677063, 0.0, 829.2196003259838], [0.0, 809.2209905677063, 481.77842384512485], [0.0, 0.0, 1.0]], [[1259.5137405846733, 0.0, 807.2529053838625], [0.0, 1259.5137405846733, 501.19579884916527], [0.0, 0.0, 1.0]]], "extrinsics": [[[0.8213651776313782, -0.5703504681587219, 0.0077289710752666, -0.672210693359375], [-0.011930174194276333, -0.030724620446562767, -0.9994566440582275, 1.5040359497070312], [0.570277988910675, 0.8208266496658325, -0.03204051032662392, -1.0780029296875], [0.0, 0.0, 0.0, 1.0]], [[0.006681922823190689, -0.9993856549263, 0.0344058983027935, 0.0078125], [-0.01751026324927807, -0.03451832756400108, -0.9992507100105286, 1.515411376953125], [0.9998243451118469, 0.006074471864849329, -0.01773015223443508, -1.39849853515625], [0.0, 0.0, 0.0, 1.0]], [[-0.8325541615486145, -0.5535973310470581, 0.01958576962351799, 0.8414306640625], [-0.012187493033707142, -0.017042573541402817, -0.9997804760932922, 1.5008506774902344], [0.5538095831871033, -0.8326100707054138, 0.0074419016018509865, -1.1209716796875], [0.0, 0.0, 0.0, 1.0]], [[0.9477311968803406, 0.3185010254383087, -0.019046060740947723, -1.1336669921875], [-0.004399354103952646, -0.046642690896987915, -0.9989019632339478, 1.5885162353515625], [-0.31903961300849915, 0.9467743039131165, -0.042803533375263214, -0.106689453125], [0.0, 0.0, 0.0, 1.0]], [[0.002098712371662259, 0.9993153214454651, -0.036939773708581924, 0.0028076171875], [-0.029506679624319077, -0.03686188906431198, -0.9988846778869629, 1.57672119140625], [-0.9995623826980591, 0.0031863381154835224, 0.02940911240875721, -0.08795166015625], [0.0, 0.0, 0.0, 1.0]], [[-0.9350329637527466, 0.3543921113014221, -0.010942487046122551, 0.9786357879638672], [0.0034341253340244293, -0.021808616816997528, -0.9997562766075134, 1.5520439147949219], [-0.35454434156417847, -0.934842586517334, 0.019174747169017792, -0.1229248046875], [0.0, 0.0, 0.0, 1.0]]], "view": [[0.0, -2.0, 100.0], [-2.0, 0.0, 100.0], [0.0, 0.0, 1.0]], "bev": "bev_6ff3317cb4f84d64b058b5c462c23450.png", "aux": "aux_6ff3317cb4f84d64b058b5c462c23450.npz", "visibility": "visibility_6ff3317cb4f84d64b058b5c462c23450.png", "pose": [[-0.7735339403152466, -0.6337549090385437, 0.0, 1714.816162109375], [0.6337549090385437, -0.7735339403152466, 0.0, 961.4395751953125], [0.0, 0.0, 1.0, 0.0], [0.0, 0.0, 0.0, 1.0]], "pose_inverse": [[-0.7735339403152466, 0.6337549090385437, 0.0, 717.1514892578125], [-0.6337549090385437, -0.7735339403152466, 0.0, 1830.479248046875], [0.0, 0.0, 1.0, 0.0], [0.0, 0.0, 0.0, 1.0]], "cam_ids": [0, 1, 2, 3, 4, 5], "cam_channels": ["CAM_FRONT_LEFT", "CAM_FRONT", "CAM_FRONT_RIGHT", "CAM_BACK_LEFT", "CAM_BACK", "CAM_BACK_RIGHT"], "token": "6ff3317cb4f84d64b058b5c462c23450", "scene": "scene-0318"}, {"images": ["samples/CAM_FRONT_LEFT/n015-2018-07-27-11-24-31+0800__CAM_FRONT_LEFT__1532662211854844.jpg", "samples/CAM_FRONT/n015-2018-07-27-11-24-31+0800__CAM_FRONT__1532662211862460.jpg", "samples/CAM_FRONT_RIGHT/n015-2018-07-27-11-24-31+0800__CAM_FRONT_RIGHT__1532662211870339.jpg", "samples/CAM_BACK_LEFT/n015-2018-07-27-11-24-31+0800__CAM_BACK_LEFT__1532662211897423.jpg", "samples/CAM_BACK/n015-2018-07-27-11-24-31+0800__CAM_BACK__1532662211887525.jpg", "samples/CAM_BACK_RIGHT/n015-2018-07-27-11-24-31+0800__CAM_BACK_RIGHT__1532662211877893.jpg"], "intrinsics": [[[1272.5979470598488, 0.0, 826.6154927353808], [0.0, 1272.5979470598488, 479.75165386361925], [0.0, 0.0, 1.0]], [[1266.417203046554, 0.0, 816.2670197447984], [0.0, 1266.417203046554, 491.50706579294757], [0.0, 0.0, 1.0]], [[1260.8474446004698, 0.0, 807.968244525554], [0.0, 1260.8474446004698, 495.3344268742088], [0.0, 0.0, 1.0]], [[1256.7414812095406, 0.0, 792.1125740759628], [0.0, 1256.7414812095406, 492.7757465151356], [0.0, 0.0, 1.0]], [[809.2209905677063, 0.0, 829.2196003259838], [0.0, 809.2209905677063, 481.77842384512485], [0.0, 0.0, 1.0]], [[1259.5137405846733, 0.0, 807.2529053838625], [0.0, 1259.5137405846733, 501.19579884916527], [0.0, 0.0, 1.0]]], "extrinsics": [[[0.820948600769043, -0.5708985924720764, 0.010877174325287342, -0.679595947265625], [-0.00738632632419467, -0.02966531552374363, -0.9995325803756714, 1.50567626953125], [0.5709543824195862, 0.8204845190048218, -0.028570542111992836, -1.0816650390625], [0.0, 0.0, 0.0, 1.0]], [[0.005982767790555954, -0.9994107484817505, 0.03379926458001137, 0.0067138671875], [-0.012579713016748428, -0.033872414380311966, -0.9993470311164856, 1.5169296264648438], [0.9999029636383057, 0.005553773138672113, -0.012774953618645668, -1.4056396484375], [0.0, 0.0, 0.0, 1.0]], [[-0.8328689932823181, -0.5532670021057129, 0.014998004771769047, 0.845947265625], [-0.006839976646006107, -0.01680695079267025, -0.9998353123664856, 1.5021133422851562], [0.5534278750419617, -0.8328344821929932, 0.010213655419647694, -1.124755859375], [0.0, 0.0, 0.0, 1.0]], [[0.947837233543396, 0.31848523020744324, -0.01310731377452612, -1.1339111328125], [0.0021808124147355556, -0.047598693519830704, -0.9988641738891602, 1.58856201171875], [-0.3187474012374878, 0.9467320442199707, -0.04581036791205406, -0.1063232421875], [0.0, 0.0, 0.0, 1.0]], [[0.0024345722049474716, 0.999294638633728, -0.037475187331438065, 0.0029296875], [-0.023325029760599136, -0.037408359348773956, -0.9990278482437134, 1.57733154296875], [-0.9997249841690063, 0.003306287107989192, 0.023217501118779182, -0.08489990234375], [0.0, 0.0, 0.0, 1.0]], [[-0.9348573684692383, 0.3546466529369354, -0.016357356682419777, 0.9832601547241211], [0.009168767370283604, -0.021940836682915688, -0.9997172355651855, 1.552947998046875], [-0.35490527749061584, -0.9347429871559143, 0.017259879037737846, -0.1217041015625], [0.0, 0.0, 0.0, 1.0]]], "view": [[0.0, -2.0, 100.0], [-2.0, 0.0, 100.0], [0.0, 0.0, 1.0]], "bev": "bev_21085fa0f92042a99b15833285438b56.png", "aux": "aux_21085fa0f92042a99b15833285438b56.npz", "visibility": "visibility_21085fa0f92042a99b15833285438b56.png", "pose": [[-0.7666947245597839, -0.6420118808746338, 0.0, 1711.723876953125], [0.6420118808746338, -0.7666947245597839, 0.0, 964.0322875976562], [0.0, 0.0, 1.0, 0.0], [0.0, 0.0, 0.0, 1.0]], "pose_inverse": [[-0.7666947245597839, 0.6420118808746338, 0.0, 693.449462890625], [-0.6420118808746338, -0.7666947245597839, 0.0, 1838.0654296875], [0.0, 0.0, 1.0, 0.0], [0.0, 0.0, 0.0, 1.0]], "cam_ids": [0, 1, 2, 3, 4, 5], "cam_channels": ["CAM_FRONT_LEFT", "CAM_FRONT", "CAM_FRONT_RIGHT", "CAM_BACK_LEFT", "CAM_BACK", "CAM_BACK_RIGHT"], "token": "21085fa0f92042a99b15833285438b56", "scene": "scene-0318"}, {"images": ["samples/CAM_FRONT_LEFT/n015-2018-07-27-11-24-31+0800__CAM_FRONT_LEFT__1532662212354844.jpg", "samples/CAM_FRONT/n015-2018-07-27-11-24-31+0800__CAM_FRONT__1532662212362460.jpg", "samples/CAM_FRONT_RIGHT/n015-2018-07-27-11-24-31+0800__CAM_FRONT_RIGHT__1532662212370339.jpg", "samples/CAM_BACK_LEFT/n015-2018-07-27-11-24-31+0800__CAM_BACK_LEFT__1532662212397423.jpg", "samples/CAM_BACK/n015-2018-07-27-11-24-31+0800__CAM_BACK__1532662212387525.jpg", "samples/CAM_BACK_RIGHT/n015-2018-07-27-11-24-31+0800__CAM_BACK_RIGHT__1532662212377893.jpg"], "intrinsics": [[[1272.5979470598488, 0.0, 826.6154927353808], [0.0, 1272.5979470598488, 479.75165386361925], [0.0, 0.0, 1.0]], [[1266.417203046554, 0.0, 816.2670197447984], [0.0, 1266.417203046554, 491.50706579294757], [0.0, 0.0, 1.0]], [[1260.8474446004698, 0.0, 807.968244525554], [0.0, 1260.8474446004698, 495.3344268742088], [0.0, 0.0, 1.0]], [[1256.7414812095406, 0.0, 792.1125740759628], [0.0, 1256.7414812095406, 492.7757465151356], [0.0, 0.0, 1.0]], [[809.2209905677063, 0.0, 829.2196003259838], [0.0, 809.2209905677063, 481.77842384512485], [0.0, 0.0, 1.0]], [[1259.5137405846733, 0.0, 807.2529053838625], [0.0, 1259.5137405846733, 501.19579884916527], [0.0, 0.0, 1.0]]], "extrinsics": [[[0.8209965229034424, -0.5705884695053101, 0.01983623392879963, -0.691314697265625], [-0.0014563626609742641, -0.03683639317750931, -0.9993202686309814, 1.507781982421875], [0.5709313154220581, 0.8204095959663391, -0.03107353299856186, -1.090576171875], [0.0, 0.0, 0.0, 1.0]], [[0.005964354611933231, -0.9991444945335388, 0.04092339798808098, 0.007080078125], [-0.0066347988322377205, -0.040962763130664825, -0.9991386532783508, 1.5187149047851562], [0.9999601244926453, 0.005687786731868982, -0.006873440463095903, -1.4176025390625], [0.0, 0.0, 0.0, 1.0]], [[-0.8328650593757629, -0.5533008575439453, 0.013919479213654995, 0.853515625], [-0.0008784481906332076, -0.023827707394957542, -0.9997156858444214, 1.5034599304199219], [0.5534753203392029, -0.832640528678894, 0.019359221681952477, -1.129638671875], [0.0, 0.0, 0.0, 1.0]], [[0.9478832483291626, 0.31847962737083435, -0.009377742186188698, -1.1356201171875], [0.008408180437982082, -0.05442570522427559, -0.9984824061393738, 1.5886154174804688], [-0.31850677728652954, 0.9463659524917603, -0.05426705628633499, -0.1058349609375], [0.0, 0.0, 0.0, 1.0]], [[0.002614677185192704, 0.9990122318267822, -0.04436107724905014, 0.0029296875], [-0.01726461388170719, -0.044309522956609726, -0.9988687038421631, 1.5779342651367188], [-0.9998475313186646, 0.0033775982446968555, 0.017131702974438667, -0.080810546875], [0.0, 0.0, 0.0, 1.0]], [[-0.93477863073349, 0.3543904423713684, -0.024419136345386505, 0.9894828796386719], [0.015151667408645153, -0.028902245685458183, -0.9994673728942871, 1.5538291931152344], [-0.35490742325782776, -0.9346507787704468, 0.02164759673178196, -0.1192626953125], [0.0, 0.0, 0.0, 1.0]]], "view": [[0.0, -2.0, 100.0], [-2.0, 0.0, 100.0], [0.0, 0.0, 1.0]], "bev": "bev_5e5f5efbd15c475b84a49c3317919ffe.png", "aux": "aux_5e5f5efbd15c475b84a49c3317919ffe.npz", "visibility": "visibility_5e5f5efbd15c475b84a49c3317919ffe.png", "pose": [[-0.7602613568305969, -0.6496173143386841, 0.0, 1708.79443359375], [0.6496173143386841, -0.7602613568305969, 0.0, 966.53271484375], [0.0, 0.0, 1.0, 0.0], [0.0, 0.0, 0.0, 1.0]], "pose_inverse": [[-0.7602613568305969, 0.6496173143386841, 0.0, 671.2540283203125], [-0.6496173143386841, -0.7602613568305969, 0.0, 1844.8798828125], [0.0, 0.0, 1.0, 0.0], [0.0, 0.0, 0.0, 1.0]], "cam_ids": [0, 1, 2, 3, 4, 5], "cam_channels": ["CAM_FRONT_LEFT", "CAM_FRONT", "CAM_FRONT_RIGHT", "CAM_BACK_LEFT", "CAM_BACK", "CAM_BACK_RIGHT"], "token": "5e5f5efbd15c475b84a49c3317919ffe", "scene": "scene-0318"}, {"images": ["samples/CAM_FRONT_LEFT/n015-2018-07-27-11-24-31+0800__CAM_FRONT_LEFT__1532662212854844.jpg", "samples/CAM_FRONT/n015-2018-07-27-11-24-31+0800__CAM_FRONT__1532662212862460.jpg", "samples/CAM_FRONT_RIGHT/n015-2018-07-27-11-24-31+0800__CAM_FRONT_RIGHT__1532662212870339.jpg", "samples/CAM_BACK_LEFT/n015-2018-07-27-11-24-31+0800__CAM_BACK_LEFT__1532662212897423.jpg", "samples/CAM_BACK/n015-2018-07-27-11-24-31+0800__CAM_BACK__1532662212887525.jpg", "samples/CAM_BACK_RIGHT/n015-2018-07-27-11-24-31+0800__CAM_BACK_RIGHT__1532662212877893.jpg"], "intrinsics": [[[1272.5979470598488, 0.0, 826.6154927353808], [0.0, 1272.5979470598488, 479.75165386361925], [0.0, 0.0, 1.0]], [[1266.417203046554, 0.0, 816.2670197447984], [0.0, 1266.417203046554, 491.50706579294757], [0.0, 0.0, 1.0]], [[1260.8474446004698, 0.0, 807.968244525554], [0.0, 1260.8474446004698, 495.3344268742088], [0.0, 0.0, 1.0]], [[1256.7414812095406, 0.0, 792.1125740759628], [0.0, 1256.7414812095406, 492.7757465151356], [0.0, 0.0, 1.0]], [[809.2209905677063, 0.0, 829.2196003259838], [0.0, 809.2209905677063, 481.77842384512485], [0.0, 0.0, 1.0]], [[1259.5137405846733, 0.0, 807.2529053838625], [0.0, 1259.5137405846733, 501.19579884916527], [0.0, 0.0, 1.0]]], "extrinsics": [[[0.8208128809928894, -0.5705983638763428, 0.02614755369722843, -0.71417236328125], [0.0077337464317679405, -0.03467077389359474, -0.9993688464164734, 1.5106697082519531], [0.5711448192596436, 0.8204971551895142, -0.02404535748064518, -1.1082763671875], [0.0, 0.0, 0.0, 1.0]], [[0.005707424599677324, -0.999225378036499, 0.038936007767915726, 0.0084228515625], [0.002473453525453806, -0.03892241790890694, -0.9992392063140869, 1.5212249755859375], [0.999980628490448, 0.005799403414130211, 0.002249392680823803, -1.44146728515625], [0.0, 0.0, 0.0, 1.0]], [[-0.8328595161437988, -0.553458571434021, 0.005352783482521772, 0.8704833984375], [0.008153175935149193, -0.021937986835837364, -0.9997261166572571, 1.5052719116210938], [0.5534243583679199, -0.832587718963623, 0.022783705964684486, -1.13916015625], [0.0, 0.0, 0.0, 1.0]], [[0.9478491544723511, 0.31871873140335083, -0.0006226706318557262, -1.1370849609375], [0.017184238880872726, -0.05305544659495354, -0.9984436631202698, 1.588653564453125], [-0.31825578212738037, 0.9463632702827454, -0.05576550215482712, -0.10546875], [0.0, 0.0, 0.0, 1.0]], [[0.0027774351183325052, 0.9990805983543396, -0.0427822470664978, 0.002197265625], [-0.008399265818297863, -0.04275759309530258, -0.9990501999855042, 1.5787582397460938], [-0.9999608993530273, 0.0031341202557086945, 0.008272786624729633, -0.0731201171875], [0.0, 0.0, 0.0, 1.0]], [[-0.9345980286598206, 0.3542473614215851, -0.0321769192814827, 1.0024375915527344], [0.024110399186611176, -0.02716226689517498, -0.9993402361869812, 1.5549240112304688], [-0.35488760471343994, -0.9347572326660156, 0.01684475503861904, -0.1129150390625], [0.0, 0.0, 0.0, 1.0]]], "view": [[0.0, -2.0, 100.0], [-2.0, 0.0, 100.0], [0.0, 0.0, 1.0]], "bev": "bev_9cd43769b9d8422d839fb14298f62a10.png", "aux": "aux_9cd43769b9d8422d839fb14298f62a10.npz", "visibility": "visibility_9cd43769b9d8422d839fb14298f62a10.png", "pose": [[-0.7555773854255676, -0.6550593972206116, 0.0, 1706.0438232421875], [0.6550593972206116, -0.7555773854255676, 0.0, 968.9127807617188], [0.0, 0.0, 1.0, 0.0], [0.0, 0.0, 0.0, 1.0]], "pose_inverse": [[-0.7555773854255676, 0.6550593972206116, 0.0, 654.3527221679688], [-0.6550593972206116, -0.7555773854255676, 0.0, 1849.648681640625], [0.0, 0.0, 1.0, 0.0], [0.0, 0.0, 0.0, 1.0]], "cam_ids": [0, 1, 2, 3, 4, 5], "cam_channels": ["CAM_FRONT_LEFT", "CAM_FRONT", "CAM_FRONT_RIGHT", "CAM_BACK_LEFT", "CAM_BACK", "CAM_BACK_RIGHT"], "token": "9cd43769b9d8422d839fb14298f62a10", "scene": "scene-0318"}, {"images": ["samples/CAM_FRONT_LEFT/n015-2018-07-27-11-24-31+0800__CAM_FRONT_LEFT__1532662213404844.jpg", "samples/CAM_FRONT/n015-2018-07-27-11-24-31+0800__CAM_FRONT__1532662213412460.jpg", "samples/CAM_FRONT_RIGHT/n015-2018-07-27-11-24-31+0800__CAM_FRONT_RIGHT__1532662213420339.jpg", "samples/CAM_BACK_LEFT/n015-2018-07-27-11-24-31+0800__CAM_BACK_LEFT__1532662213447423.jpg", "samples/CAM_BACK/n015-2018-07-27-11-24-31+0800__CAM_BACK__1532662213437525.jpg", "samples/CAM_BACK_RIGHT/n015-2018-07-27-11-24-31+0800__CAM_BACK_RIGHT__1532662213427893.jpg"], "intrinsics": [[[1272.5979470598488, 0.0, 826.6154927353808], [0.0, 1272.5979470598488, 479.75165386361925], [0.0, 0.0, 1.0]], [[1266.417203046554, 0.0, 816.2670197447984], [0.0, 1266.417203046554, 491.50706579294757], [0.0, 0.0, 1.0]], [[1260.8474446004698, 0.0, 807.968244525554], [0.0, 1260.8474446004698, 495.3344268742088], [0.0, 0.0, 1.0]], [[1256.7414812095406, 0.0, 792.1125740759628], [0.0, 1256.7414812095406, 492.7757465151356], [0.0, 0.0, 1.0]], [[809.2209905677063, 0.0, 829.2196003259838], [0.0, 809.2209905677063, 481.77842384512485], [0.0, 0.0, 1.0]], [[1259.5137405846733, 0.0, 807.2529053838625], [0.0, 1259.5137405846733, 501.19579884916527], [0.0, 0.0, 1.0]]], "extrinsics": [[[0.8205310702323914, -0.571319580078125, 0.0179621409624815, -0.729736328125], [-0.0014560495037585497, -0.03351323679089546, -0.9994372129440308, 1.5078659057617188], [0.5716000199317932, 0.82004314661026, -0.028330521658062935, -1.11767578125], [0.0, 0.0, 0.0, 1.0]], [[0.005286943633109331, -0.9992807507514954, 0.03755010664463043, 0.0069580078125], [-0.006848910357803106, -0.03758593648672104, -0.999269962310791, 1.518951416015625], [0.9999625086784363, 0.005025883205235004, -0.007042699959129095, -1.45697021484375], [0.0, 0.0, 0.0, 1.0]], [[-0.8331559896469116, -0.5528994798660278, 0.012377778999507427, 0.8802490234375], [-0.001314107095822692, -0.020402144640684128, -0.9997909665107727, 1.5034217834472656], [0.5530365109443665, -0.8329980969429016, 0.016271598637104034, -1.147216796875], [0.0, 0.0, 0.0, 1.0]], [[0.9478690028190613, 0.318520188331604, -0.009443841874599457, -1.1395263671875], [0.007171346805989742, -0.05095071345567703, -0.9986754059791565, 1.5885772705078125], [-0.31857946515083313, 0.9465458393096924, -0.05057882145047188, -0.104736328125], [0.0, 0.0, 0.0, 1.0]], [[0.0027685922104865313, 0.9991614818572998, -0.040851183235645294, 0.0028076171875], [-0.018190767616033554, -0.0407942570745945, -0.9990019798278809, 1.578125], [-0.9998306632041931, 0.00350890657864511, 0.018062572926282883, -0.06671142578125], [0.0, 0.0, 0.0, 1.0]], [[-0.93465656042099, 0.3548329472541809, -0.02259797602891922, 1.0122146606445312], [0.014514523558318615, -0.025426603853702545, -0.9995713233947754, 1.5533790588378906], [-0.35525551438331604, -0.9345839023590088, 0.018614912405610085, -0.1103515625], [0.0, 0.0, 0.0, 1.0]]], "view": [[0.0, -2.0, 100.0], [-2.0, 0.0, 100.0], [0.0, 0.0, 1.0]], "bev": "bev_9a2380cbbc3c475ca2075f428fabe105.png", "aux": "aux_9a2380cbbc3c475ca2075f428fabe105.npz", "visibility": "visibility_9a2380cbbc3c475ca2075f428fabe105.png", "pose": [[-0.7518527507781982, -0.6593310832977295, 0.0, 1703.2908935546875], [0.6593310832977295, -0.7518527507781982, 0.0, 971.3480224609375], [0.0, 0.0, 1.0, 0.0], [0.0, 0.0, 0.0, 1.0]], "pose_inverse": [[-0.7518527507781982, 0.6593310832977295, 0.0, 640.1839599609375], [-0.6593310832977295, -0.7518527507781982, 0.0, 1853.34326171875], [0.0, 0.0, 1.0, 0.0], [0.0, 0.0, 0.0, 1.0]], "cam_ids": [0, 1, 2, 3, 4, 5], "cam_channels": ["CAM_FRONT_LEFT", "CAM_FRONT", "CAM_FRONT_RIGHT", "CAM_BACK_LEFT", "CAM_BACK", "CAM_BACK_RIGHT"], "token": "9a2380cbbc3c475ca2075f428fabe105", "scene": "scene-0318"}, {"images": ["samples/CAM_FRONT_LEFT/n015-2018-07-27-11-24-31+0800__CAM_FRONT_LEFT__1532662213904844.jpg", "samples/CAM_FRONT/n015-2018-07-27-11-24-31+0800__CAM_FRONT__1532662213912460.jpg", "samples/CAM_FRONT_RIGHT/n015-2018-07-27-11-24-31+0800__CAM_FRONT_RIGHT__1532662213920339.jpg", "samples/CAM_BACK_LEFT/n015-2018-07-27-11-24-31+0800__CAM_BACK_LEFT__1532662213947423.jpg", "samples/CAM_BACK/n015-2018-07-27-11-24-31+0800__CAM_BACK__1532662213937525.jpg", "samples/CAM_BACK_RIGHT/n015-2018-07-27-11-24-31+0800__CAM_BACK_RIGHT__1532662213927893.jpg"], "intrinsics": [[[1272.5979470598488, 0.0, 826.6154927353808], [0.0, 1272.5979470598488, 479.75165386361925], [0.0, 0.0, 1.0]], [[1266.417203046554, 0.0, 816.2670197447984], [0.0, 1266.417203046554, 491.50706579294757], [0.0, 0.0, 1.0]], [[1260.8474446004698, 0.0, 807.968244525554], [0.0, 1260.8474446004698, 495.3344268742088], [0.0, 0.0, 1.0]], [[1256.7414812095406, 0.0, 792.1125740759628], [0.0, 1256.7414812095406, 492.7757465151356], [0.0, 0.0, 1.0]], [[809.2209905677063, 0.0, 829.2196003259838], [0.0, 809.2209905677063, 481.77842384512485], [0.0, 0.0, 1.0]], [[1259.5137405846733, 0.0, 807.2529053838625], [0.0, 1259.5137405846733, 501.19579884916527], [0.0, 0.0, 1.0]]], "extrinsics": [[[0.8205909132957458, -0.571322500705719, 0.014864888973534107, -0.73492431640625], [-0.002292421879246831, -0.02929975464940071, -0.999567985534668, 1.507659912109375], [0.5715113282203674, 0.8202024698257446, -0.025352826341986656, -1.1221923828125], [0.0, 0.0, 0.0, 1.0]], [[0.005469843279570341, -0.9994258284568787, 0.0334361232817173, 0.0079345703125], [-0.007381518371403217, -0.03347606956958771, -0.9994122385978699, 1.518890380859375], [0.999957799911499, 0.005219804123044014, -0.007560390513390303, -1.46240234375], [0.0, 0.0, 0.0, 1.0]], [[-0.8330513834953308, -0.5530987977981567, 0.01035099383443594, 0.8841552734375], [-0.0015384663129225373, -0.0163948405534029, -0.999864399433136, 1.5033912658691406], [0.5531934499740601, -0.8329542875289917, 0.012806820683181286, -1.148681640625], [0.0, 0.0, 0.0, 1.0]], [[0.947823703289032, 0.318708211183548, -0.0074271028861403465, -1.1396484375], [0.007906935177743435, -0.04679237678647041, -0.9988733530044556, 1.5885772705078125], [-0.31869664788246155, 0.9466971755027771, -0.04687093198299408, -0.104736328125], [0.0, 0.0, 0.0, 1.0]], [[0.0026115928776562214, 0.9993151426315308, -0.036913417279720306, 0.0023193359375], [-0.017808573320508003, -0.03686120733618736, -0.9991617202758789, 1.5781936645507812], [-0.9998380541801453, 0.0032667843624949455, 0.017700107768177986, -0.06494140625], [0.0, 0.0, 0.0, 1.0]], [[-0.9347195029258728, 0.3547514081001282, -0.021232614293694496, 1.0147285461425781], [0.01454967726022005, -0.021495601162314415, -0.9996631145477295, 1.553354263305664], [-0.3550882935523987, -0.9347135424613953, 0.014930836856365204, -0.1087646484375], [0.0, 0.0, 0.0, 1.0]]], "view": [[0.0, -2.0, 100.0], [-2.0, 0.0, 100.0], [0.0, 0.0, 1.0]], "bev": "bev_0876c77983af485393190d3346a865a6.png", "aux": "aux_0876c77983af485393190d3346a865a6.npz", "visibility": "visibility_0876c77983af485393190d3346a865a6.png", "pose": [[-0.7523636817932129, -0.6587479710578918, 0.0, 1700.850341796875], [0.6587479710578918, -0.7523636817932129, 0.0, 973.510009765625], [0.0, 0.0, 1.0, 0.0], [0.0, 0.0, 0.0, 1.0]], "pose_inverse": [[-0.7523636817932129, 0.6587479710578918, 0.0, 638.3602294921875], [-0.6587479710578918, -0.7523636817932129, 0.0, 1852.8653564453125], [0.0, 0.0, 1.0, 0.0], [0.0, 0.0, 0.0, 1.0]], "cam_ids": [0, 1, 2, 3, 4, 5], "cam_channels": ["CAM_FRONT_LEFT", "CAM_FRONT", "CAM_FRONT_RIGHT", "CAM_BACK_LEFT", "CAM_BACK", "CAM_BACK_RIGHT"], "token": "0876c77983af485393190d3346a865a6", "scene": "scene-0318"}, {"images": ["samples/CAM_FRONT_LEFT/n015-2018-07-27-11-24-31+0800__CAM_FRONT_LEFT__1532662214404844.jpg", "samples/CAM_FRONT/n015-2018-07-27-11-24-31+0800__CAM_FRONT__1532662214412460.jpg", "samples/CAM_FRONT_RIGHT/n015-2018-07-27-11-24-31+0800__CAM_FRONT_RIGHT__1532662214420339.jpg", "samples/CAM_BACK_LEFT/n015-2018-07-27-11-24-31+0800__CAM_BACK_LEFT__1532662214447423.jpg", "samples/CAM_BACK/n015-2018-07-27-11-24-31+0800__CAM_BACK__1532662214437525.jpg", "samples/CAM_BACK_RIGHT/n015-2018-07-27-11-24-31+0800__CAM_BACK_RIGHT__1532662214427901.jpg"], "intrinsics": [[[1272.5979470598488, 0.0, 826.6154927353808], [0.0, 1272.5979470598488, 479.75165386361925], [0.0, 0.0, 1.0]], [[1266.417203046554, 0.0, 816.2670197447984], [0.0, 1266.417203046554, 491.50706579294757], [0.0, 0.0, 1.0]], [[1260.8474446004698, 0.0, 807.968244525554], [0.0, 1260.8474446004698, 495.3344268742088], [0.0, 0.0, 1.0]], [[1256.7414812095406, 0.0, 792.1125740759628], [0.0, 1256.7414812095406, 492.7757465151356], [0.0, 0.0, 1.0]], [[809.2209905677063, 0.0, 829.2196003259838], [0.0, 809.2209905677063, 481.77842384512485], [0.0, 0.0, 1.0]], [[1259.5137405846733, 0.0, 807.2529053838625], [0.0, 1259.5137405846733, 501.19579884916527], [0.0, 0.0, 1.0]]], "extrinsics": [[[0.8206458687782288, -0.5713764429092407, 0.008328312076628208, -0.7510986328125], [-0.007345602381974459, -0.025121089071035385, -0.9996574521064758, 1.5064010620117188], [0.57138991355896, 0.8203035593032837, -0.024812620133161545, -1.134033203125], [0.0, 0.0, 0.0, 1.0]], [[0.005566374398767948, -0.999562680721283, 0.029041921719908714, 0.008056640625], [-0.012750483117997646, -0.02911095693707466, -0.9994949102401733, 1.5178680419921875], [0.9999032020568848, 0.005193267948925495, -0.012906951829791069, -1.47906494140625], [0.0, 0.0, 0.0, 1.0]], [[-0.8330365419387817, -0.5530750751495361, 0.012573296204209328, 0.8946533203125], [-0.007234244607388973, -0.011835096403956413, -0.9999037384986877, 1.5024585723876953], [0.5531706809997559, -0.8330473303794861, 0.005857988726347685, -1.1553955078125], [0.0, 0.0, 0.0, 1.0]], [[0.9477493762969971, 0.3187793791294098, -0.012280155904591084, -1.1395263671875], [0.0010965738911181688, -0.04174899682402611, -0.9991275072097778, 1.5885848999023438], [-0.31901392340660095, 0.9469090104103088, -0.039917152374982834, -0.1053466796875], [0.0, 0.0, 0.0, 1.0]], [[0.0024616268929094076, 0.9994850754737854, -0.03199564665555954, 0.002197265625], [-0.024226073175668716, -0.03192674741148949, -0.9991965889930725, 1.577850341796875], [-0.999703586101532, 0.0032347592059522867, 0.024135002866387367, -0.0611572265625], [0.0, 0.0, 0.0, 1.0]], [[-0.9347920417785645, 0.3549220561981201, -0.013933606445789337, 1.022552490234375], [0.008538153022527695, -0.016763528808951378, -0.9998230338096619, 1.5524978637695312], [-0.3550928235054016, -0.9347456097602844, 0.012640034779906273, -0.1058349609375], [0.0, 0.0, 0.0, 1.0]]], "view": [[0.0, -2.0, 100.0], [-2.0, 0.0, 100.0], [0.0, 0.0, 1.0]], "bev": "bev_b21b355078624fe18d0f932421a25ad1.png", "aux": "aux_b21b355078624fe18d0f932421a25ad1.npz", "visibility": "visibility_b21b355078624fe18d0f932421a25ad1.png", "pose": [[-0.7548174262046814, -0.6559349894523621, 0.0, 1698.554443359375], [0.6559349894523621, -0.7548174262046814, 0.0, 975.5445556640625], [0.0, 0.0, 1.0, 0.0], [0.0, 0.0, 0.0, 1.0]], "pose_inverse": [[-0.7548174262046814, 0.6559349894523621, 0.0, 642.2046508789062], [-0.6559349894523621, -0.7548174262046814, 0.0, 1850.499267578125], [0.0, 0.0, 1.0, 0.0], [0.0, 0.0, 0.0, 1.0]], "cam_ids": [0, 1, 2, 3, 4, 5], "cam_channels": ["CAM_FRONT_LEFT", "CAM_FRONT", "CAM_FRONT_RIGHT", "CAM_BACK_LEFT", "CAM_BACK", "CAM_BACK_RIGHT"], "token": "b21b355078624fe18d0f932421a25ad1", "scene": "scene-0318"}, {"images": ["samples/CAM_FRONT_LEFT/n015-2018-07-27-11-24-31+0800__CAM_FRONT_LEFT__1532662214904844.jpg", "samples/CAM_FRONT/n015-2018-07-27-11-24-31+0800__CAM_FRONT__1532662214912460.jpg", "samples/CAM_FRONT_RIGHT/n015-2018-07-27-11-24-31+0800__CAM_FRONT_RIGHT__1532662214920357.jpg", "samples/CAM_BACK_LEFT/n015-2018-07-27-11-24-31+0800__CAM_BACK_LEFT__1532662214947423.jpg", "samples/CAM_BACK/n015-2018-07-27-11-24-31+0800__CAM_BACK__1532662214937525.jpg", "samples/CAM_BACK_RIGHT/n015-2018-07-27-11-24-31+0800__CAM_BACK_RIGHT__1532662214927893.jpg"], "intrinsics": [[[1272.5979470598488, 0.0, 826.6154927353808], [0.0, 1272.5979470598488, 479.75165386361925], [0.0, 0.0, 1.0]], [[1266.417203046554, 0.0, 816.2670197447984], [0.0, 1266.417203046554, 491.50706579294757], [0.0, 0.0, 1.0]], [[1260.8474446004698, 0.0, 807.968244525554], [0.0, 1260.8474446004698, 495.3344268742088], [0.0, 0.0, 1.0]], [[1256.7414812095406, 0.0, 792.1125740759628], [0.0, 1256.7414812095406, 492.7757465151356], [0.0, 0.0, 1.0]], [[809.2209905677063, 0.0, 829.2196003259838], [0.0, 809.2209905677063, 481.77842384512485], [0.0, 0.0, 1.0]], [[1259.5137405846733, 0.0, 807.2529053838625], [0.0, 1259.5137405846733, 501.19579884916527], [0.0, 0.0, 1.0]]], "extrinsics": [[[0.8205808997154236, -0.5714834928512573, 0.007319936063140631, -0.7696533203125], [-0.004233058542013168, -0.018884412944316864, -0.9998127222061157, 1.507293701171875], [0.5715147256851196, 0.8203961849212646, -0.017915312200784683, -1.147216796875], [0.0, 0.0, 0.0, 1.0]], [[0.005531542003154755, -0.999721348285675, 0.02294846624135971, 0.00830078125], [-0.009593507274985313, -0.023000814020633698, -0.9996894598007202, 1.5187263488769531], [0.9999386668205261, 0.005309649743139744, -0.009718063287436962, -1.498291015625], [0.0, 0.0, 0.0, 1.0]], [[-0.8330171704292297, -0.5532077550888062, 0.006598596926778555, 0.9078369140625], [-0.004034409299492836, -0.005852589849382639, -0.9999747276306152, 1.5030488967895508], [0.5532323718070984, -0.8330227732658386, 0.002643443876877427, -1.163818359375], [0.0, 0.0, 0.0, 1.0]], [[0.9477866291999817, 0.3188152015209198, -0.007579041179269552, -1.1392822265625], [0.004306070972234011, -0.036557674407958984, -0.999322235584259, 1.5885696411132812], [-0.31887614727020264, 0.9471116065979004, -0.03602171689271927, -0.1048583984375], [0.0, 0.0, 0.0, 1.0]], [[0.002489388221874833, 0.9996471405029297, -0.026444310322403908, 0.0020751953125], [-0.020987626165151596, -0.026386337354779243, -0.9994314908981323, 1.5781784057617188], [-0.9997766017913818, 0.0030431351624429226, 0.020914535969495773, -0.05548095703125], [0.0, 0.0, 0.0, 1.0]], [[-0.9347771406173706, 0.35492274165153503, -0.014882737770676613, 1.0330848693847656], [0.011767375282943249, -0.010934622958302498, -0.999871015548706, 1.5527572631835938], [-0.35503965616226196, -0.9348316788673401, 0.00604492612183094, -0.101318359375], [0.0, 0.0, 0.0, 1.0]]], "view": [[0.0, -2.0, 100.0], [-2.0, 0.0, 100.0], [0.0, 0.0, 1.0]], "bev": "bev_e6529f1abf3d4cb884f343aa54224b2c.png", "aux": "aux_e6529f1abf3d4cb884f343aa54224b2c.npz", "visibility": "visibility_e6529f1abf3d4cb884f343aa54224b2c.png", "pose": [[-0.7579491138458252, -0.6523136496543884, 0.0, 1696.4254150390625], [0.6523136496543884, -0.7579491138458252, 0.0, 977.408203125], [0.0, 0.0, 1.0, 0.0], [0.0, 0.0, 0.0, 1.0]], "pose_inverse": [[-0.7579491138458252, 0.6523136496543884, 0.0, 648.2274169921875], [-0.6523136496543884, -0.7579491138458252, 0.0, 1847.4271240234375], [0.0, 0.0, 1.0, 0.0], [0.0, 0.0, 0.0, 1.0]], "cam_ids": [0, 1, 2, 3, 4, 5], "cam_channels": ["CAM_FRONT_LEFT", "CAM_FRONT", "CAM_FRONT_RIGHT", "CAM_BACK_LEFT", "CAM_BACK", "CAM_BACK_RIGHT"], "token": "e6529f1abf3d4cb884f343aa54224b2c", "scene": "scene-0318"}, {"images": ["samples/CAM_FRONT_LEFT/n015-2018-07-27-11-24-31+0800__CAM_FRONT_LEFT__1532662215404844.jpg", "samples/CAM_FRONT/n015-2018-07-27-11-24-31+0800__CAM_FRONT__1532662215412460.jpg", "samples/CAM_FRONT_RIGHT/n015-2018-07-27-11-24-31+0800__CAM_FRONT_RIGHT__1532662215420339.jpg", "samples/CAM_BACK_LEFT/n015-2018-07-27-11-24-31+0800__CAM_BACK_LEFT__1532662215447423.jpg", "samples/CAM_BACK/n015-2018-07-27-11-24-31+0800__CAM_BACK__1532662215437525.jpg", "samples/CAM_BACK_RIGHT/n015-2018-07-27-11-24-31+0800__CAM_BACK_RIGHT__1532662215427893.jpg"], "intrinsics": [[[1272.5979470598488, 0.0, 826.6154927353808], [0.0, 1272.5979470598488, 479.75165386361925], [0.0, 0.0, 1.0]], [[1266.417203046554, 0.0, 816.2670197447984], [0.0, 1266.417203046554, 491.50706579294757], [0.0, 0.0, 1.0]], [[1260.8474446004698, 0.0, 807.968244525554], [0.0, 1260.8474446004698, 495.3344268742088], [0.0, 0.0, 1.0]], [[1256.7414812095406, 0.0, 792.1125740759628], [0.0, 1256.7414812095406, 492.7757465151356], [0.0, 0.0, 1.0]], [[809.2209905677063, 0.0, 829.2196003259838], [0.0, 809.2209905677063, 481.77842384512485], [0.0, 0.0, 1.0]], [[1259.5137405846733, 0.0, 807.2529053838625], [0.0, 1259.5137405846733, 501.19579884916527], [0.0, 0.0, 1.0]]], "extrinsics": [[[0.8203727602958679, -0.5718272924423218, 0.001429567113518715, -0.796539306640625], [-0.013103033415973186, -0.021297503262758255, -0.9996873140335083, 1.505615234375], [0.571678876876831, 0.8200974464416504, -0.02496456541121006, -1.1650390625], [0.0, 0.0, 0.0, 1.0]], [[0.005288489628583193, -0.9996669292449951, 0.025256771594285965, 0.0074462890625], [-0.01837671548128128, -0.025350015610456467, -0.9995097517967224, 1.517486572265625], [0.9998170733451843, 0.004821780603379011, -0.018504660576581955, -1.52459716796875], [0.0, 0.0, 0.0, 1.0]], [[-0.8331485390663147, -0.552842915058136, 0.015100374817848206, 0.92431640625], [-0.012720063328742981, -0.00814145989716053, -0.9998859167098999, 1.5019950866699219], [0.5529028177261353, -0.8332456350326538, -0.00024914921959862113, -1.175537109375], [0.0, 0.0, 0.0, 1.0]], [[0.9477287530899048, 0.3186693489551544, -0.016123300418257713, -1.13916015625], [-0.003974650055170059, -0.038736648857593536, -0.9992415308952332, 1.5885238647460938], [-0.31905224919319153, 0.9470739960670471, -0.03544523939490318, -0.104248046875], [0.0, 0.0, 0.0, 1.0]], [[0.0024766619317233562, 0.9995870590209961, -0.02863004058599472, 0.00244140625], [-0.02943900041282177, -0.028544839471578598, -0.9991589188575745, 1.5779266357421875], [-0.9995633959770203, 0.003317466704174876, 0.02935614623129368, -0.0474853515625], [0.0, 0.0, 0.0, 1.0]], [[-0.9347591996192932, 0.3551996052265167, -0.007640368305146694, 1.0473365783691406], [0.003169403178617358, -0.013167353346943855, -0.9999083280563354, 1.5517654418945312], [-0.35526755452156067, -0.9346977472305298, 0.011182534508407116, -0.096435546875], [0.0, 0.0, 0.0, 1.0]]], "view": [[0.0, -2.0, 100.0], [-2.0, 0.0, 100.0], [0.0, 0.0, 1.0]], "bev": "bev_77fee951bf7f43cb957a96faffcd12af.png", "aux": "aux_77fee951bf7f43cb957a96faffcd12af.npz", "visibility": "visibility_77fee951bf7f43cb957a96faffcd12af.png", "pose": [[-0.7631059288978577, -0.6462733745574951, 0.0, 1694.49267578125], [0.6462733745574951, -0.7631059288978577, 0.0, 979.0823974609375], [0.0, 0.0, 1.0, 0.0], [0.0, 0.0, 0.0, 1.0]], "pose_inverse": [[-0.7631059288978577, 0.6462733745574951, 0.0, 660.322509765625], [-0.6462733745574951, -0.7631059288978577, 0.0, 1842.2491455078125], [0.0, 0.0, 1.0, 0.0], [0.0, 0.0, 0.0, 1.0]], "cam_ids": [0, 1, 2, 3, 4, 5], "cam_channels": ["CAM_FRONT_LEFT", "CAM_FRONT", "CAM_FRONT_RIGHT", "CAM_BACK_LEFT", "CAM_BACK", "CAM_BACK_RIGHT"], "token": "77fee951bf7f43cb957a96faffcd12af", "scene": "scene-0318"}, {"images": ["samples/CAM_FRONT_LEFT/n015-2018-07-27-11-24-31+0800__CAM_FRONT_LEFT__1532662215904844.jpg", "samples/CAM_FRONT/n015-2018-07-27-11-24-31+0800__CAM_FRONT__1532662215912460.jpg", "samples/CAM_FRONT_RIGHT/n015-2018-07-27-11-24-31+0800__CAM_FRONT_RIGHT__1532662215920339.jpg", "samples/CAM_BACK_LEFT/n015-2018-07-27-11-24-31+0800__CAM_BACK_LEFT__1532662215947423.jpg", "samples/CAM_BACK/n015-2018-07-27-11-24-31+0800__CAM_BACK__1532662215937525.jpg", "samples/CAM_BACK_RIGHT/n015-2018-07-27-11-24-31+0800__CAM_BACK_RIGHT__1532662215927899.jpg"], "intrinsics": [[[1272.5979470598488, 0.0, 826.6154927353808], [0.0, 1272.5979470598488, 479.75165386361925], [0.0, 0.0, 1.0]], [[1266.417203046554, 0.0, 816.2670197447984], [0.0, 1266.417203046554, 491.50706579294757], [0.0, 0.0, 1.0]], [[1260.8474446004698, 0.0, 807.968244525554], [0.0, 1260.8474446004698, 495.3344268742088], [0.0, 0.0, 1.0]], [[1256.7414812095406, 0.0, 792.1125740759628], [0.0, 1256.7414812095406, 492.7757465151356], [0.0, 0.0, 1.0]], [[809.2209905677063, 0.0, 829.2196003259838], [0.0, 809.2209905677063, 481.77842384512485], [0.0, 0.0, 1.0]], [[1259.5137405846733, 0.0, 807.2529053838625], [0.0, 1259.5137405846733, 501.19579884916527], [0.0, 0.0, 1.0]]], "extrinsics": [[[0.8202791810035706, -0.5719456672668457, 0.004482971038669348, -0.816925048828125], [-0.011249647475779057, -0.02396950125694275, -0.9996494054794312, 1.5062522888183594], [0.5718526244163513, 0.8199412226676941, -0.02609587088227272, -1.178466796875], [0.0, 0.0, 0.0, 1.0]], [[0.005043535027652979, -0.999595582485199, 0.02798772044479847, 0.0069580078125], [-0.016409672796726227, -0.02806703932583332, -0.9994713664054871, 1.5181427001953125], [0.9998525977134705, 0.004581623710691929, -0.01654459349811077, -1.54498291015625], [0.0, 0.0, 0.0, 1.0]], [[-0.8332697749137878, -0.552666187286377, 0.014887802302837372, 0.9375], [-0.010628892108798027, -0.010909555479884148, -0.9998839497566223, 1.50244140625], [0.5527644157409668, -0.8333313465118408, 0.0032163732685148716, -1.1846923828125], [0.0, 0.0, 0.0, 1.0]], [[0.947745680809021, 0.31868982315063477, -0.01466167252510786, -1.1405029296875], [-0.0015894218813627958, -0.0412401407957077, -0.9991480112075806, 1.5885543823242188], [-0.31902289390563965, 0.946961522102356, -0.038578636944293976, -0.1044921875], [0.0, 0.0, 0.0, 1.0]], [[0.0025895414873957634, 0.9995052218437195, -0.031347453594207764, 0.00244140625], [-0.027091486379504204, -0.03126593306660652, -0.9991438984870911, 1.5782089233398438], [-0.9996296167373657, 0.003436574013903737, 0.026997117325663567, -0.04095458984375], [0.0, 0.0, 0.0, 1.0]], [[-0.9346976280212402, 0.35528233647346497, -0.010714289732277393, 1.0584735870361328], [0.005398131441324949, -0.01595112308859825, -0.9998582005500793, 1.5519065856933594], [-0.3554028570652008, -0.9346230030059814, 0.012991616502404213, -0.092529296875], [0.0, 0.0, 0.0, 1.0]]], "view": [[0.0, -2.0, 100.0], [-2.0, 0.0, 100.0], [0.0, 0.0, 1.0]], "bev": "bev_c149265ab04642e787e911c6dad3654b.png", "aux": "aux_c149265ab04642e787e911c6dad3654b.npz", "visibility": "visibility_c149265ab04642e787e911c6dad3654b.png", "pose": [[-0.7678309679031372, -0.6406524777412415, 0.0, 1692.7760009765625], [0.6406524777412415, -0.7678309679031372, 0.0, 980.5548095703125], [0.0, 0.0, 1.0, 0.0], [0.0, 0.0, 0.0, 1.0]], "pose_inverse": [[-0.7678309679031372, 0.6406524777412415, 0.0, 671.5709838867188], [-0.6406524777412415, -0.7678309679031372, 0.0, 1837.3814697265625], [0.0, 0.0, 1.0, 0.0], [0.0, 0.0, 0.0, 1.0]], "cam_ids": [0, 1, 2, 3, 4, 5], "cam_channels": ["CAM_FRONT_LEFT", "CAM_FRONT", "CAM_FRONT_RIGHT", "CAM_BACK_LEFT", "CAM_BACK", "CAM_BACK_RIGHT"], "token": "c149265ab04642e787e911c6dad3654b", "scene": "scene-0318"}, {"images": ["samples/CAM_FRONT_LEFT/n015-2018-07-27-11-24-31+0800__CAM_FRONT_LEFT__1532662216404844.jpg", "samples/CAM_FRONT/n015-2018-07-27-11-24-31+0800__CAM_FRONT__1532662216412460.jpg", "samples/CAM_FRONT_RIGHT/n015-2018-07-27-11-24-31+0800__CAM_FRONT_RIGHT__1532662216420339.jpg", "samples/CAM_BACK_LEFT/n015-2018-07-27-11-24-31+0800__CAM_BACK_LEFT__1532662216447423.jpg", "samples/CAM_BACK/n015-2018-07-27-11-24-31+0800__CAM_BACK__1532662216437526.jpg", "samples/CAM_BACK_RIGHT/n015-2018-07-27-11-24-31+0800__CAM_BACK_RIGHT__1532662216427893.jpg"], "intrinsics": [[[1272.5979470598488, 0.0, 826.6154927353808], [0.0, 1272.5979470598488, 479.75165386361925], [0.0, 0.0, 1.0]], [[1266.417203046554, 0.0, 816.2670197447984], [0.0, 1266.417203046554, 491.50706579294757], [0.0, 0.0, 1.0]], [[1260.8474446004698, 0.0, 807.968244525554], [0.0, 1260.8474446004698, 495.3344268742088], [0.0, 0.0, 1.0]], [[1256.7414812095406, 0.0, 792.1125740759628], [0.0, 1256.7414812095406, 492.7757465151356], [0.0, 0.0, 1.0]], [[809.2209905677063, 0.0, 829.2196003259838], [0.0, 809.2209905677063, 481.77842384512485], [0.0, 0.0, 1.0]], [[1259.5137405846733, 0.0, 807.2529053838625], [0.0, 1259.5137405846733, 501.19579884916527], [0.0, 0.0, 1.0]]], "extrinsics": [[[0.8220339417457581, -0.5692912340164185, 0.012952202931046486, -0.826690673828125], [-8.6337371612899e-05, -0.022870169952511787, -0.9997383952140808, 1.5082817077636719], [0.5694385170936584, 0.8218176960945129, -0.0188492052257061, -1.1871337890625], [0.0, 0.0, 0.0, 1.0]], [[0.0074975560419261456, -0.9996095895767212, 0.026914801448583603, 0.0076904296875], [-0.005311849061399698, -0.02695499174296856, -0.9996225237846375, 1.5198516845703125], [0.9999577403068542, 0.007351728156208992, -0.005511872470378876, -1.55517578125], [0.0, 0.0, 0.0, 1.0]], [[-0.8321676254272461, -0.5545005798339844, 0.005113757215440273, 0.9447021484375], [0.0003537808370310813, -0.009752772748470306, -0.9999523162841797, 1.5036964416503906], [0.5545239448547363, -0.8321262001991272, 0.008312114514410496, -1.1883544921875], [0.0, 0.0, 0.0, 1.0]], [[0.9478691220283508, 0.3186328709125519, -0.004158968571573496, -1.1392822265625], [0.009142749942839146, -0.040239278227090836, -0.9991482496261597, 1.5886077880859375], [-0.31852877140045166, 0.9470236897468567, -0.041054751724004745, -0.1051025390625], [0.0, 0.0, 0.0, 1.0]], [[0.0020717594306916, 0.999541163444519, -0.030221015214920044, 0.002197265625], [-0.016287844628095627, -0.0301833