[{"images": ["samples/CAM_FRONT_LEFT/n015-2018-08-01-16-32-59+0800__CAM_FRONT_LEFT__1533112788154844.jpg", "samples/CAM_FRONT/n015-2018-08-01-16-32-59+0800__CAM_FRONT__1533112788162460.jpg", "samples/CAM_FRONT_RIGHT/n015-2018-08-01-16-32-59+0800__CAM_FRONT_RIGHT__1533112788170373.jpg", "samples/CAM_BACK_LEFT/n015-2018-08-01-16-32-59+0800__CAM_BACK_LEFT__1533112788197423.jpg", "samples/CAM_BACK/n015-2018-08-01-16-32-59+0800__CAM_BACK__1533112788187525.jpg", "samples/CAM_BACK_RIGHT/n015-2018-08-01-16-32-59+0800__CAM_BACK_RIGHT__1533112788177893.jpg"], "intrinsics": [[[1272.5979470598488, 0.0, 826.6154927353808], [0.0, 1272.5979470598488, 479.75165386361925], [0.0, 0.0, 1.0]], [[1266.417203046554, 0.0, 816.2670197447984], [0.0, 1266.417203046554, 491.50706579294757], [0.0, 0.0, 1.0]], [[1260.8474446004698, 0.0, 807.968244525554], [0.0, 1260.8474446004698, 495.3344268742088], [0.0, 0.0, 1.0]], [[1256.7414812095406, 0.0, 792.1125740759628], [0.0, 1256.7414812095406, 492.7757465151356], [0.0, 0.0, 1.0]], [[809.2209905677063, 0.0, 829.2196003259838], [0.0, 809.2209905677063, 481.77842384512485], [0.0, 0.0, 1.0]], [[1259.5137405846733, 0.0, 807.2529053838625], [0.0, 1259.5137405846733, 501.19579884916527], [0.0, 0.0, 1.0]]], "extrinsics": [[[0.8210530281066895, -0.5706403851509094, -0.015538182109594345, -0.9300537109375], [-0.0030841482803225517, 0.02278462052345276, -0.9997355937957764, 1.5080947875976562], [0.5708435773849487, 0.8208838701248169, 0.016947442665696144, -1.2572021484375], [0.0, 0.0, 0.0, 1.0]], [[0.006117221433669329, -0.9998034834861755, -0.018852775916457176, 0.00616455078125], [-0.008375097066164017, 0.018801243975758553, -0.999788224697113, 1.520228385925293], [0.9999461770057678, 0.006273822858929634, -0.008258439600467682, -1.6580047607421875], [0.0, 0.0, 0.0, 1.0]], [[-0.8327688574790955, -0.553337812423706, -0.017695466056466103, 1.01055908203125], [-0.0027491895016282797, 0.03609604388475418, -0.999344527721405, 1.5035438537597656], [0.5536138415336609, -0.8321744203567505, -0.03158089518547058, -1.23345947265625], [0.0, 0.0, 0.0, 1.0]], [[0.9477567672729492, 0.3189040422439575, 0.007573164068162441, -1.140228271484375], [0.005967640783637762, 0.0060112751089036465, -0.9999641180038452, 1.5885672569274902], [-0.31893807649612427, 0.9477679133415222, 0.0037941206246614456, -0.1044921875], [0.0, 0.0, 0.0, 1.0]], [[0.0022870823740959167, 0.9998712539672852, 0.0158842820674181, 0.00250244140625], [-0.019467251375317574, 0.015925830230116844, -0.999683678150177, 1.5791540145874023], [-0.9998078942298889, 0.001977133797481656, 0.01950116641819477, -0.0083465576171875], [0.0, 0.0, 0.0, 1.0]], [[-0.9348848462104797, 0.35494908690452576, -0.0012249303981661797, 1.1180572509765625], [0.013143817894160748, 0.031169891357421875, -0.9994276762008667, 1.5516853332519531], [-0.3547077476978302, -0.93436598777771, -0.03380564600229263, -0.0699462890625], [0.0, 0.0, 0.0, 1.0]]], "view": [[0.0, -2.0, 100.0], [-2.0, 0.0, 100.0], [0.0, 0.0, 1.0]], "bev": "bev_0a2836bb3ae74d3b9b274fafc3c0cfd4.png", "aux": "aux_0a2836bb3ae74d3b9b274fafc3c0cfd4.npz", "visibility": "visibility_0a2836bb3ae74d3b9b274fafc3c0cfd4.png", "pose": [[-0.9982643723487854, -0.058891814202070236, 0.0, 267.6305847167969], [0.058891814202070236, -0.9982643723487854, 0.0, 912.3341064453125], [0.0, 0.0, 1.0, 0.0], [0.0, 0.0, 0.0, 1.0]], "pose_inverse": [[-0.9982643723487854, 0.058891814202070236, 0.0, 213.43707275390625], [-0.058891814202070236, -0.9982643723487854, 0.0, 926.5119018554688], [0.0, 0.0, 1.0, 0.0], [0.0, 0.0, 0.0, 1.0]], "cam_ids": [0, 1, 2, 3, 4, 5], "cam_channels": ["CAM_FRONT_LEFT", "CAM_FRONT", "CAM_FRONT_RIGHT", "CAM_BACK_LEFT", "CAM_BACK", "CAM_BACK_RIGHT"], "token": "0a2836bb3ae74d3b9b274fafc3c0cfd4", "scene": "scene-0127"}, {"images": ["samples/CAM_FRONT_LEFT/n015-2018-08-01-16-32-59+0800__CAM_FRONT_LEFT__1533112788654844.jpg", "samples/CAM_FRONT/n015-2018-08-01-16-32-59+0800__CAM_FRONT__1533112788662461.jpg", "samples/CAM_FRONT_RIGHT/n015-2018-08-01-16-32-59+0800__CAM_FRONT_RIGHT__1533112788670339.jpg", "samples/CAM_BACK_LEFT/n015-2018-08-01-16-32-59+0800__CAM_BACK_LEFT__1533112788697432.jpg", "samples/CAM_BACK/n015-2018-08-01-16-32-59+0800__CAM_BACK__1533112788687525.jpg", "samples/CAM_BACK_RIGHT/n015-2018-08-01-16-32-59+0800__CAM_BACK_RIGHT__1533112788677893.jpg"], "intrinsics": [[[1272.5979470598488, 0.0, 826.6154927353808], [0.0, 1272.5979470598488, 479.75165386361925], [0.0, 0.0, 1.0]], [[1266.417203046554, 0.0, 816.2670197447984], [0.0, 1266.417203046554, 491.50706579294757], [0.0, 0.0, 1.0]], [[1260.8474446004698, 0.0, 807.968244525554], [0.0, 1260.8474446004698, 495.3344268742088], [0.0, 0.0, 1.0]], [[1256.7414812095406, 0.0, 792.1125740759628], [0.0, 1256.7414812095406, 492.7757465151356], [0.0, 0.0, 1.0]], [[809.2209905677063, 0.0, 829.2196003259838], [0.0, 809.2209905677063, 481.77842384512485], [0.0, 0.0, 1.0]], [[1259.5137405846733, 0.0, 807.2529053838625], [0.0, 1259.5137405846733, 501.19579884916527], [0.0, 0.0, 1.0]]], "extrinsics": [[[0.8208695650100708, -0.5709301233291626, -0.014559469185769558, -0.951873779296875], [-0.000582267006393522, 0.02465638518333435, -0.9996958374977112, 1.5082244873046875], [0.5711154341697693, 0.82062828540802, 0.01990724354982376, -1.27178955078125], [0.0, 0.0, 0.0, 1.0]], [[0.00585459778085351, -0.9997708201408386, -0.020592408254742622, 0.0057373046875], [-0.005813648924231529, 0.02055838331580162, -0.999771773815155, 1.52044677734375], [0.9999659061431885, 0.005972978658974171, -0.0056919557973742485, -1.679534912109375], [0.0, 0.0, 0.0, 1.0]], [[-0.8328585624694824, -0.5530956983566284, -0.020777996629476547, 1.0242919921875], [-0.00012450238864403218, 0.03772746026515961, -0.999288022518158, 1.5036239624023438], [0.5534858107566833, -0.8322630524635315, -0.0314905010163784, -1.24285888671875], [0.0, 0.0, 0.0, 1.0]], [[0.9477699398994446, 0.3187779188156128, 0.01060839369893074, -1.14215087890625], [0.008745552971959114, 0.0072744470089674, -0.9999352693557739, 1.5885543823242188], [-0.31883448362350464, 0.9478014707565308, 0.004106615204364061, -0.10369873046875], [0.0, 0.0, 0.0, 1.0]], [[0.002387848449870944, 0.9998477101325989, 0.017290810123085976, 0.00262451171875], [-0.016707010567188263, 0.017328333109617233, -0.9997102618217468, 1.5792961120605469], [-0.9998575448989868, 0.002098286524415016, 0.01674584299325943, -0.001739501953125], [0.0, 0.0, 0.0, 1.0]], [[-0.9348078370094299, 0.35513949394226074, -0.0031915847212076187, 1.1294097900390625], [0.015833254903554916, 0.03269580751657486, -0.9993399381637573, 1.5515518188476562], [-0.3548007309436798, -0.9342413544654846, -0.0361873134970665, -0.06591796875], [0.0, 0.0, 0.0, 1.0]]], "view": [[0.0, -2.0, 100.0], [-2.0, 0.0, 100.0], [0.0, 0.0, 1.0]], "bev": "bev_947eecb03207401885481b836f4326a6.png", "aux": "aux_947eecb03207401885481b836f4326a6.npz", "visibility": "visibility_947eecb03207401885481b836f4326a6.png", "pose": [[-0.9979548454284668, -0.0639224573969841, 0.0, 267.3138122558594], [0.0639224573969841, -0.9979548454284668, 0.0, 912.364013671875], [0.0, 0.0, 1.0, 0.0], [0.0, 0.0, 0.0, 1.0]], "pose_inverse": [[-0.9979548454284668, 0.0639224573969841, 0.0, 208.4465789794922], [-0.0639224573969841, -0.9979548454284668, 0.0, 927.58544921875], [0.0, 0.0, 1.0, 0.0], [0.0, 0.0, 0.0, 1.0]], "cam_ids": [0, 1, 2, 3, 4, 5], "cam_channels": ["CAM_FRONT_LEFT", "CAM_FRONT", "CAM_FRONT_RIGHT", "CAM_BACK_LEFT", "CAM_BACK", "CAM_BACK_RIGHT"], "token": "947eecb03207401885481b836f4326a6", "scene": "scene-0127"}, {"images": ["samples/CAM_FRONT_LEFT/n015-2018-08-01-16-32-59+0800__CAM_FRONT_LEFT__1533112789154844.jpg", "samples/CAM_FRONT/n015-2018-08-01-16-32-59+0800__CAM_FRONT__1533112789162473.jpg", "samples/CAM_FRONT_RIGHT/n015-2018-08-01-16-32-59+0800__CAM_FRONT_RIGHT__1533112789170339.jpg", "samples/CAM_BACK_LEFT/n015-2018-08-01-16-32-59+0800__CAM_BACK_LEFT__1533112789197423.jpg", "samples/CAM_BACK/n015-2018-08-01-16-32-59+0800__CAM_BACK__1533112789187525.jpg", "samples/CAM_BACK_RIGHT/n015-2018-08-01-16-32-59+0800__CAM_BACK_RIGHT__1533112789177893.jpg"], "intrinsics": [[[1272.5979470598488, 0.0, 826.6154927353808], [0.0, 1272.5979470598488, 479.75165386361925], [0.0, 0.0, 1.0]], [[1266.417203046554, 0.0, 816.2670197447984], [0.0, 1266.417203046554, 491.50706579294757], [0.0, 0.0, 1.0]], [[1260.8474446004698, 0.0, 807.968244525554], [0.0, 1260.8474446004698, 495.3344268742088], [0.0, 0.0, 1.0]], [[1256.7414812095406, 0.0, 792.1125740759628], [0.0, 1256.7414812095406, 492.7757465151356], [0.0, 0.0, 1.0]], [[809.2209905677063, 0.0, 829.2196003259838], [0.0, 809.2209905677063, 481.77842384512485], [0.0, 0.0, 1.0]], [[1259.5137405846733, 0.0, 807.2529053838625], [0.0, 1259.5137405846733, 501.19579884916527], [0.0, 0.0, 1.0]]], "extrinsics": [[[0.8208543658256531, -0.5709901452064514, -0.012974364683032036, -0.960540771484375], [0.001423600479029119, 0.024762149900197983, -0.9996923804283142, 1.5082416534423828], [0.5711357593536377, 0.8205834031105042, 0.021138980984687805, -1.27764892578125], [0.0, 0.0, 0.0, 1.0]], [[0.0058145672082901, -0.9997681379318237, -0.02073243074119091, 0.00543212890625], [-0.003854776034131646, 0.02071021869778633, -0.9997780919075012, 1.5205078125], [0.9999756217002869, 0.005893190391361713, -0.0037334617227315903, -1.6881561279296875], [0.0, 0.0, 0.0, 1.0]], [[-0.8328576683998108, -0.5530304908752441, -0.022479940205812454, 1.02972412109375], [0.0017876874189823866, 0.03792709857225418, -0.9992789030075073, 1.5036392211914062], [0.5534842610359192, -0.8322972655296326, -0.030599230900406837, -1.2467041015625], [0.0, 0.0, 0.0, 1.0]], [[0.9477550387382507, 0.31875744462013245, 0.012409061193466187, -1.1422119140625], [0.01054087933152914, 0.007585209794342518, -0.9999156594276428, 1.5885543823242188], [-0.3188246786594391, 0.9478060007095337, 0.0038289381191134453, -0.10369873046875], [0.0, 0.0, 0.0, 1.0]], [[0.0024021537974476814, 0.9998428821563721, 0.01756785809993744, 0.00274658203125], [-0.014910774305462837, 0.01760176755487919, -0.9997339248657227, 1.5793399810791016], [-0.9998859763145447, 0.002139563672244549, 0.014950712211430073, 0.000732421875], [0.0, 0.0, 0.0, 1.0]], [[-0.9347778558731079, 0.35519975423812866, -0.004848572425544262, 1.133941650390625], [0.01769561506807804, 0.032928746193647385, -0.9993010759353638, 1.551483154296875], [-0.3547918200492859, -0.9342103600502014, -0.037066541612148285, -0.06427001953125], [0.0, 0.0, 0.0, 1.0]]], "view": [[0.0, -2.0, 100.0], [-2.0, 0.0, 100.0], [0.0, 0.0, 1.0]], "bev": "bev_7eabe2d8ab144cfcbae406b4fc84db00.png", "aux": "aux_7eabe2d8ab144cfcbae406b4fc84db00.npz", "visibility": "visibility_7eabe2d8ab144cfcbae406b4fc84db00.png", "pose": [[-0.9977514147758484, -0.0670233964920044, 0.0, 267.1786804199219], [0.0670233964920044, -0.9977514147758484, 0.0, 912.3794555664062], [0.0, 0.0, 1.0, 0.0], [0.0, 0.0, 0.0, 1.0]], "pose_inverse": [[-0.9977514147758484, 0.0670233964920044, 0.0, 205.42713928222656], [-0.0670233964920044, -0.9977514147758484, 0.0, 928.235107421875], [0.0, 0.0, 1.0, 0.0], [0.0, 0.0, 0.0, 1.0]], "cam_ids": [0, 1, 2, 3, 4, 5], "cam_channels": ["CAM_FRONT_LEFT", "CAM_FRONT", "CAM_FRONT_RIGHT", "CAM_BACK_LEFT", "CAM_BACK", "CAM_BACK_RIGHT"], "token": "7eabe2d8ab144cfcbae406b4fc84db00", "scene": "scene-0127"}, {"images": ["samples/CAM_FRONT_LEFT/n015-2018-08-01-16-32-59+0800__CAM_FRONT_LEFT__1533112789604844.jpg", "samples/CAM_FRONT/n015-2018-08-01-16-32-59+0800__CAM_FRONT__1533112789612460.jpg", "samples/CAM_FRONT_RIGHT/n015-2018-08-01-16-32-59+0800__CAM_FRONT_RIGHT__1533112789620339.jpg", "samples/CAM_BACK_LEFT/n015-2018-08-01-16-32-59+0800__CAM_BACK_LEFT__1533112789647423.jpg", "samples/CAM_BACK/n015-2018-08-01-16-32-59+0800__CAM_BACK__1533112789637525.jpg", "samples/CAM_BACK_RIGHT/n015-2018-08-01-16-32-59+0800__CAM_BACK_RIGHT__1533112789627893.jpg"], "intrinsics": [[[1272.5979470598488, 0.0, 826.6154927353808], [0.0, 1272.5979470598488, 479.75165386361925], [0.0, 0.0, 1.0]], [[1266.417203046554, 0.0, 816.2670197447984], [0.0, 1266.417203046554, 491.50706579294757], [0.0, 0.0, 1.0]], [[1260.8474446004698, 0.0, 807.968244525554], [0.0, 1260.8474446004698, 495.3344268742088], [0.0, 0.0, 1.0]], [[1256.7414812095406, 0.0, 792.1125740759628], [0.0, 1256.7414812095406, 492.7757465151356], [0.0, 0.0, 1.0]], [[809.2209905677063, 0.0, 829.2196003259838], [0.0, 809.2209905677063, 481.77842384512485], [0.0, 0.0, 1.0]], [[1259.5137405846733, 0.0, 807.2529053838625], [0.0, 1259.5137405846733, 501.19579884916527], [0.0, 0.0, 1.0]]], "extrinsics": [[[0.8208380937576294, -0.5710471272468567, -0.011403723619878292, -0.957489013671875], [0.003122288268059492, 0.024451835080981255, -0.9996961355209351, 1.508270263671875], [0.5711524486541748, 0.8205529451370239, 0.021853970363736153, -1.27520751953125], [0.0, 0.0, 0.0, 1.0]], [[0.005791191942989826, -0.9997745752334595, -0.020425569266080856, 0.00531005859375], [-0.0021707394625991583, 0.020413296297192574, -0.999789297580719, 1.5205116271972656], [0.9999808073043823, 0.005834316834807396, -0.0020520330872386694, -1.684844970703125], [0.0, 0.0, 0.0, 1.0]], [[-0.8328475952148438, -0.5529942512512207, -0.023710506036877632, 1.0274658203125], [0.0034558421466499567, 0.03764120489358902, -0.9992853403091431, 1.5036582946777344], [0.5534915924072266, -0.8323342800140381, -0.029438327997922897, -1.245361328125], [0.0, 0.0, 0.0, 1.0]], [[0.9477453231811523, 0.3187277317047119, 0.013829950243234634, -1.14208984375], [0.012114230543375015, 0.0073647648096084595, -0.9998994469642639, 1.5885562896728516], [-0.3187975287437439, 0.9478177428245544, 0.003118783002719283, -0.10369873046875], [0.0, 0.0, 0.0, 1.0]], [[0.002413654699921608, 0.9998469948768616, 0.017327016219496727, 0.002685546875], [-0.01329326257109642, 0.017357617616653442, -0.9997609853744507, 1.5793285369873047], [-0.9999086856842041, 0.0021827470045536757, 0.013333122245967388, -0.0003509521484375], [0.0, 0.0, 0.0, 1.0]], [[-0.934752345085144, 0.35524073243141174, -0.006489867344498634, 1.13214111328125], [0.019344745203852654, 0.032646458595991135, -0.9992797374725342, 1.5515289306640625], [-0.35477298498153687, -0.934204638004303, -0.0373883955180645, -0.06512451171875], [0.0, 0.0, 0.0, 1.0]]], "view": [[0.0, -2.0, 100.0], [-2.0, 0.0, 100.0], [0.0, 0.0, 1.0]], "bev": "bev_fc57387410804ae08a170a7546438453.png", "aux": "aux_fc57387410804ae08a170a7546438453.npz", "visibility": "visibility_fc57387410804ae08a170a7546438453.png", "pose": [[-0.997611939907074, -0.06906814873218536, 0.0, 267.09820556640625], [0.06906814873218536, -0.997611939907074, 0.0, 912.3885498046875], [0.0, 0.0, 1.0, 0.0], [0.0, 0.0, 0.0, 1.0]], "pose_inverse": [[-0.997611939907074, 0.06906814873218536, 0.0, 203.44337463378906], [-0.06906814873218536, -0.997611939907074, 0.0, 928.65771484375], [0.0, 0.0, 1.0, 0.0], [0.0, 0.0, 0.0, 1.0]], "cam_ids": [0, 1, 2, 3, 4, 5], "cam_channels": ["CAM_FRONT_LEFT", "CAM_FRONT", "CAM_FRONT_RIGHT", "CAM_BACK_LEFT", "CAM_BACK", "CAM_BACK_RIGHT"], "token": "fc57387410804ae08a170a7546438453", "scene": "scene-0127"}, {"images": ["samples/CAM_FRONT_LEFT/n015-2018-08-01-16-32-59+0800__CAM_FRONT_LEFT__1533112790104844.jpg", "samples/CAM_FRONT/n015-2018-08-01-16-32-59+0800__CAM_FRONT__1533112790112460.jpg", "samples/CAM_FRONT_RIGHT/n015-2018-08-01-16-32-59+0800__CAM_FRONT_RIGHT__1533112790120339.jpg", "samples/CAM_BACK_LEFT/n015-2018-08-01-16-32-59+0800__CAM_BACK_LEFT__1533112790147423.jpg", "samples/CAM_BACK/n015-2018-08-01-16-32-59+0800__CAM_BACK__1533112790137525.jpg", "samples/CAM_BACK_RIGHT/n015-2018-08-01-16-32-59+0800__CAM_BACK_RIGHT__1533112790127893.jpg"], "intrinsics": [[[1272.5979470598488, 0.0, 826.6154927353808], [0.0, 1272.5979470598488, 479.75165386361925], [0.0, 0.0, 1.0]], [[1266.417203046554, 0.0, 816.2670197447984], [0.0, 1266.417203046554, 491.50706579294757], [0.0, 0.0, 1.0]], [[1260.8474446004698, 0.0, 807.968244525554], [0.0, 1260.8474446004698, 495.3344268742088], [0.0, 0.0, 1.0]], [[1256.7414812095406, 0.0, 792.1125740759628], [0.0, 1256.7414812095406, 492.7757465151356], [0.0, 0.0, 1.0]], [[809.2209905677063, 0.0, 829.2196003259838], [0.0, 809.2209905677063, 481.77842384512485], [0.0, 0.0, 1.0]], [[1259.5137405846733, 0.0, 807.2529053838625], [0.0, 1259.5137405846733, 501.19579884916527], [0.0, 0.0, 1.0]]], "extrinsics": [[[0.8207239508628845, -0.5712288022041321, -0.010480586439371109, -0.947906494140625], [0.004068654961884022, 0.024187641218304634, -0.9996991753578186, 1.5083255767822266], [0.5713103413581848, 0.8204344511032104, 0.022175509482622147, -1.26861572265625], [0.0, 0.0, 0.0, 1.0]], [[0.005625367630273104, -0.9997822046279907, -0.020094018429517746, 0.00531005859375], [-0.001233617658726871, 0.020087385550141335, -0.9997974634170532, 1.5205097198486328], [0.9999833703041077, 0.005648995749652386, -0.001120349857956171, -1.6752471923828125], [0.0, 0.0, 0.0, 1.0]], [[-0.8329087495803833, -0.5528781414031982, -0.024265006184577942, 1.021240234375], [0.004386348184198141, 0.03724962845444679, -0.9992963075637817, 1.5037002563476562], [0.5533929467201233, -0.8324291110038757, -0.028600426390767097, -1.24127197265625], [0.0, 0.0, 0.0, 1.0]], [[0.9477401375770569, 0.31871432065963745, 0.014484643936157227, -1.1417236328125], [0.013024488463997841, 0.006712150759994984, -0.9998925924301147, 1.58856201171875], [-0.31877729296684265, 0.9478271007537842, 0.002210285048931837, -0.1038818359375], [0.0, 0.0, 0.0, 1.0]], [[0.0024666988756507635, 0.9998562335968018, 0.016779903322458267, 0.00274658203125], [-0.012385714799165726, 0.016809215769171715, -0.9997820258140564, 1.5792951583862305], [-0.9999201893806458, 0.0022583319805562496, 0.012425395660102367, -0.003173828125], [0.0, 0.0, 0.0, 1.0]], [[-0.9347048997879028, 0.35534560680389404, -0.007499619387090206, 1.1270904541015625], [0.02025541290640831, 0.03219017758965492, -0.9992765188217163, 1.5516433715820312], [-0.35484713315963745, -0.9341805577278137, -0.03728599473834038, -0.0670166015625], [0.0, 0.0, 0.0, 1.0]]], "view": [[0.0, -2.0, 100.0], [-2.0, 0.0, 100.0], [0.0, 0.0, 1.0]], "bev": "bev_561fa4dac87e4ea59a2e3089a0e7a8df.png", "aux": "aux_561fa4dac87e4ea59a2e3089a0e7a8df.npz", "visibility": "visibility_561fa4dac87e4ea59a2e3089a0e7a8df.png", "pose": [[-0.9975423812866211, -0.07006562501192093, 0.0, 266.9330749511719], [0.07006562501192093, -0.9975423812866211, 0.0, 912.4027099609375], [0.0, 0.0, 1.0, 0.0], [0.0, 0.0, 0.0, 1.0]], "pose_inverse": [[-0.9975423812866211, 0.07006562501192093, 0.0, 202.3489990234375], [-0.07006562501192093, -0.9975423812866211, 0.0, 928.8632202148438], [0.0, 0.0, 1.0, 0.0], [0.0, 0.0, 0.0, 1.0]], "cam_ids": [0, 1, 2, 3, 4, 5], "cam_channels": ["CAM_FRONT_LEFT", "CAM_FRONT", "CAM_FRONT_RIGHT", "CAM_BACK_LEFT", "CAM_BACK", "CAM_BACK_RIGHT"], "token": "561fa4dac87e4ea59a2e3089a0e7a8df", "scene": "scene-0127"}, {"images": ["samples/CAM_FRONT_LEFT/n015-2018-08-01-16-32-59+0800__CAM_FRONT_LEFT__1533112790604844.jpg", "samples/CAM_FRONT/n015-2018-08-01-16-32-59+0800__CAM_FRONT__1533112790612460.jpg", "samples/CAM_FRONT_RIGHT/n015-2018-08-01-16-32-59+0800__CAM_FRONT_RIGHT__1533112790620339.jpg", "samples/CAM_BACK_LEFT/n015-2018-08-01-16-32-59+0800__CAM_BACK_LEFT__1533112790647423.jpg", "samples/CAM_BACK/n015-2018-08-01-16-32-59+0800__CAM_BACK__1533112790637525.jpg", "samples/CAM_BACK_RIGHT/n015-2018-08-01-16-32-59+0800__CAM_BACK_RIGHT__1533112790627893.jpg"], "intrinsics": [[[1272.5979470598488, 0.0, 826.6154927353808], [0.0, 1272.5979470598488, 479.75165386361925], [0.0, 0.0, 1.0]], [[1266.417203046554, 0.0, 816.2670197447984], [0.0, 1266.417203046554, 491.50706579294757], [0.0, 0.0, 1.0]], [[1260.8474446004698, 0.0, 807.968244525554], [0.0, 1260.8474446004698, 495.3344268742088], [0.0, 0.0, 1.0]], [[1256.7414812095406, 0.0, 792.1125740759628], [0.0, 1256.7414812095406, 492.7757465151356], [0.0, 0.0, 1.0]], [[809.2209905677063, 0.0, 829.2196003259838], [0.0, 809.2209905677063, 481.77842384512485], [0.0, 0.0, 1.0]], [[1259.5137405846733, 0.0, 807.2529053838625], [0.0, 1259.5137405846733, 501.19579884916527], [0.0, 0.0, 1.0]]], "extrinsics": [[[0.82061767578125, -0.5714304447174072, -0.007336516864597797, -0.932373046875], [0.005736120510846376, 0.02107330597937107, -0.9997614622116089, 1.5084724426269531], [0.5714487433433533, 0.8203798532485962, 0.020570922642946243, -1.25750732421875], [0.0, 0.0, 0.0, 1.0]], [[0.005475042387843132, -0.9998409152030945, -0.016973963007330894, 0.00537109375], [0.0004283972375560552, 0.01697656139731407, -0.9998558163642883, 1.520547866821289], [0.999984860420227, 0.0054669869132339954, 0.0005212764372117817, -1.65948486328125], [0.0, 0.0, 0.0, 1.0]], [[-0.8329513669013977, -0.5528287291526794, -0.0239245742559433, 1.01092529296875], [0.006045226007699966, 0.03414223715662956, -0.9993986487388611, 1.5037956237792969], [0.553313136100769, -0.83259516954422, -0.025096848607063293, -1.23443603515625], [0.0, 0.0, 0.0, 1.0]], [[0.9477232098579407, 0.31874004006385803, 0.015016143210232258, -1.141326904296875], [0.014630374498665333, 0.0036044816952198744, -0.9998864531517029, 1.5885705947875977], [-0.3187580108642578, 0.9478352665901184, -0.001247234409675002, -0.10400390625], [0.0, 0.0, 0.0, 1.0]], [[0.0025159271899610758, 0.9999033212661743, 0.013674721121788025, 0.0028076171875], [-0.010755656287074089, 0.013701030053198338, -0.9998483061790466, 1.5792522430419922], [-0.99993896484375, 0.002368469489738345, 0.010789087042212486, -0.0080413818359375], [0.0, 0.0, 0.0, 1.0]], [[-0.9346486330032349, 0.3554278314113617, -0.010145451873540878, 1.1186065673828125], [0.021906912326812744, 0.02908196486532688, -0.9993369579315186, 1.5518608093261719], [-0.3548971116542816, -0.9342511892318726, -0.03496774658560753, -0.0703125], [0.0, 0.0, 0.0, 1.0]]], "view": [[0.0, -2.0, 100.0], [-2.0, 0.0, 100.0], [0.0, 0.0, 1.0]], "bev": "bev_867c82634dfa4353b9571e4c9454e50d.png", "aux": "aux_867c82634dfa4353b9571e4c9454e50d.npz", "visibility": "visibility_867c82634dfa4353b9571e4c9454e50d.png", "pose": [[-0.9977357983589172, -0.06725497543811798, 0.0, 266.5956115722656], [0.06725497543811798, -0.9977357983589172, 0.0, 912.4285888671875], [0.0, 0.0, 1.0, 0.0], [0.0, 0.0, 0.0, 1.0]], "pose_inverse": [[-0.9977357983589172, 0.06725497543811798, 0.0, 204.6266326904297], [-0.06725497543811798, -0.9977357983589172, 0.0, 928.2925415039062], [0.0, 0.0, 1.0, 0.0], [0.0, 0.0, 0.0, 1.0]], "cam_ids": [0, 1, 2, 3, 4, 5], "cam_channels": ["CAM_FRONT_LEFT", "CAM_FRONT", "CAM_FRONT_RIGHT", "CAM_BACK_LEFT", "CAM_BACK", "CAM_BACK_RIGHT"], "token": "867c82634dfa4353b9571e4c9454e50d", "scene": "scene-0127"}, {"images": ["samples/CAM_FRONT_LEFT/n015-2018-08-01-16-32-59+0800__CAM_FRONT_LEFT__1533112791004844.jpg", "samples/CAM_FRONT/n015-2018-08-01-16-32-59+0800__CAM_FRONT__1533112791012460.jpg", "samples/CAM_FRONT_RIGHT/n015-2018-08-01-16-32-59+0800__CAM_FRONT_RIGHT__1533112791020339.jpg", "samples/CAM_BACK_LEFT/n015-2018-08-01-16-32-59+0800__CAM_BACK_LEFT__1533112791047423.jpg", "samples/CAM_BACK/n015-2018-08-01-16-32-59+0800__CAM_BACK__1533112791037525.jpg", "samples/CAM_BACK_RIGHT/n015-2018-08-01-16-32-59+0800__CAM_BACK_RIGHT__1533112791027893.jpg"], "intrinsics": [[[1272.5979470598488, 0.0, 826.6154927353808], [0.0, 1272.5979470598488, 479.75165386361925], [0.0, 0.0, 1.0]], [[1266.417203046554, 0.0, 816.2670197447984], [0.0, 1266.417203046554, 491.50706579294757], [0.0, 0.0, 1.0]], [[1260.8474446004698, 0.0, 807.968244525554], [0.0, 1260.8474446004698, 495.3344268742088], [0.0, 0.0, 1.0]], [[1256.7414812095406, 0.0, 792.1125740759628], [0.0, 1256.7414812095406, 492.7757465151356], [0.0, 0.0, 1.0]], [[809.2209905677063, 0.0, 829.2196003259838], [0.0, 809.2209905677063, 481.77842384512485], [0.0, 0.0, 1.0]], [[1259.5137405846733, 0.0, 807.2529053838625], [0.0, 1259.5137405846733, 501.19579884916527], [0.0, 0.0, 1.0]]], "extrinsics": [[[0.8204372525215149, -0.5717271566390991, -0.003281814744696021, -0.916107177734375], [0.007981636561453342, 0.017192918807268143, -0.999820351600647, 1.5087146759033203], [0.5716808438301086, 0.820263683795929, 0.01866902783513069, -1.24658203125], [0.0, 0.0, 0.0, 1.0]], [[0.00523058557882905, -0.9999001026153564, -0.01312638632953167, 0.00555419921875], [0.002742350334301591, 0.013140860013663769, -0.9999099373817444, 1.5206642150878906], [0.9999825358390808, 0.005194118246436119, 0.0028108106926083565, -1.64349365234375], [0.0, 0.0, 0.0, 1.0]], [[-0.8330160975456238, -0.5527359843254089, -0.023813895881175995, 1.00079345703125], [0.008433929644525051, 0.030351702123880386, -0.9995036721229553, 1.503957748413086], [0.553184449672699, -0.8328035473823547, -0.02062172070145607, -1.2275390625], [0.0, 0.0, 0.0, 1.0]], [[0.9476929306983948, 0.3187582492828369, 0.01646733470261097, -1.1422119140625], [0.017331931740045547, 0.0001239592966157943, -0.9998497366905212, 1.588555097579956], [-0.31871238350868225, 0.9478361010551453, -0.005407219287008047, -0.103759765625], [0.0, 0.0, 0.0, 1.0]], [[0.002585709560662508, 0.9999462962150574, 0.010039985179901123, 0.00274658203125], [-0.008168344385921955, 0.010060803964734077, -0.9999160170555115, 1.5792436599731445], [-0.9999633431434631, 0.0025034856516867876, 0.00819391943514347, -0.0120391845703125], [0.0, 0.0, 0.0, 1.0]], [[-0.9345600008964539, 0.35553815960884094, -0.013788117095828056, 1.11053466796875], [0.024384237825870514, 0.025338897481560707, -0.9993814826011658, 1.552114486694336], [-0.3549689054489136, -0.9343182444572449, -0.03235024958848953, -0.0733642578125], [0.0, 0.0, 0.0, 1.0]]], "view": [[0.0, -2.0, 100.0], [-2.0, 0.0, 100.0], [0.0, 0.0, 1.0]], "bev": "bev_ff8a6a65acd14e99a1e2fb3f1edf5543.png", "aux": "aux_ff8a6a65acd14e99a1e2fb3f1edf5543.npz", "visibility": "visibility_ff8a6a65acd14e99a1e2fb3f1edf5543.png", "pose": [[-0.9980430006980896, -0.06253104656934738, 0.0, 266.15106201171875], [0.06253104656934738, -0.9980430006980896, 0.0, 912.4597778320312], [0.0, 0.0, 1.0, 0.0], [0.0, 0.0, 0.0, 1.0]], "pose_inverse": [[-0.9980430006980896, 0.06253104656934738, 0.0, 208.57313537597656], [-0.06253104656934738, -0.9980430006980896, 0.0, 927.3168334960938], [0.0, 0.0, 1.0, 0.0], [0.0, 0.0, 0.0, 1.0]], "cam_ids": [0, 1, 2, 3, 4, 5], "cam_channels": ["CAM_FRONT_LEFT", "CAM_FRONT", "CAM_FRONT_RIGHT", "CAM_BACK_LEFT", "CAM_BACK", "CAM_BACK_RIGHT"], "token": "ff8a6a65acd14e99a1e2fb3f1edf5543", "scene": "scene-0127"}, {"images": ["samples/CAM_FRONT_LEFT/n015-2018-08-01-16-32-59+0800__CAM_FRONT_LEFT__1533112791604844.jpg", "samples/CAM_FRONT/n015-2018-08-01-16-32-59+0800__CAM_FRONT__1533112791612460.jpg", "samples/CAM_FRONT_RIGHT/n015-2018-08-01-16-32-59+0800__CAM_FRONT_RIGHT__1533112791620339.jpg", "samples/CAM_BACK_LEFT/n015-2018-08-01-16-32-59+0800__CAM_BACK_LEFT__1533112791647423.jpg", "samples/CAM_BACK/n015-2018-08-01-16-32-59+0800__CAM_BACK__1533112791637525.jpg", "samples/CAM_BACK_RIGHT/n015-2018-08-01-16-32-59+0800__CAM_BACK_RIGHT__1533112791627893.jpg"], "intrinsics": [[[1272.5979470598488, 0.0, 826.6154927353808], [0.0, 1272.5979470598488, 479.75165386361925], [0.0, 0.0, 1.0]], [[1266.417203046554, 0.0, 816.2670197447984], [0.0, 1266.417203046554, 491.50706579294757], [0.0, 0.0, 1.0]], [[1260.8474446004698, 0.0, 807.968244525554], [0.0, 1260.8474446004698, 495.3344268742088], [0.0, 0.0, 1.0]], [[1256.7414812095406, 0.0, 792.1125740759628], [0.0, 1256.7414812095406, 492.7757465151356], [0.0, 0.0, 1.0]], [[809.2209905677063, 0.0, 829.2196003259838], [0.0, 809.2209905677063, 481.77842384512485], [0.0, 0.0, 1.0]], [[1259.5137405846733, 0.0, 807.2529053838625], [0.0, 1259.5137405846733, 501.19579884916527], [0.0, 0.0, 1.0]]], "extrinsics": [[[0.8205491304397583, -0.5715650320053101, -0.003531805006787181, -0.900665283203125], [0.010762862861156464, 0.021628735587000847, -0.9997081160545349, 1.5090885162353516], [0.5714746117591858, 0.8202716708183289, 0.02389911748468876, -1.235595703125], [0.0, 0.0, 0.0, 1.0]], [[0.005420145578682423, -0.9998328685760498, -0.017458302900195122, 0.00555419921875], [0.005547554697841406, 0.017488356679677963, -0.9998317360877991, 1.5208873748779297], [0.9999698400497437, 0.00532238045707345, 0.005641416646540165, -1.6279144287109375], [0.0, 0.0, 0.0, 1.0]], [[-0.8328795433044434, -0.5527187585830688, -0.02852480486035347, 0.99072265625], [0.011259674094617367, 0.03460703790187836, -0.9993375539779663, 1.5041999816894531], [0.5533397197723389, -0.8326489329338074, -0.02260005846619606, -1.22100830078125], [0.0, 0.0, 0.0, 1.0]], [[0.9476569294929504, 0.31863680481910706, 0.020422887057065964, -1.142333984375], [0.020195789635181427, 0.0040167272090911865, -0.9997879862785339, 1.588552474975586], [-0.31865131855010986, 0.9478684067726135, -0.0026286416687071323, -0.1036376953125], [0.0, 0.0, 0.0, 1.0]], [[0.002537005813792348, 0.9998975396156311, 0.014091475866734982, 0.00286865234375], [-0.0053057982586324215, 0.014104782603681087, -0.9998864531517029, 1.5792608261108398], [-0.9999827146530151, 0.0024619519244879484, 0.005341037642210722, -0.016387939453125], [0.0, 0.0, 0.0, 1.0]], [[-0.9345453977584839, 0.35552918910980225, -0.01496168877929449, 1.102447509765625], [0.02722358889877796, 0.029511097818613052, -0.9991936683654785, 1.55242919921875], [-0.3548009395599365, -0.9341991543769836, -0.03725824132561684, -0.076416015625], [0.0, 0.0, 0.0, 1.0]]], "view": [[0.0, -2.0, 100.0], [-2.0, 0.0, 100.0], [0.0, 0.0, 1.0]], "bev": "bev_7a2ee212b98d41c18f40b0305ad6bad7.png", "aux": "aux_7a2ee212b98d41c18f40b0305ad6bad7.npz", "visibility": "visibility_7a2ee212b98d41c18f40b0305ad6bad7.png", "pose": [[-0.9984586238861084, -0.0555010661482811, 0.0, 265.1492919921875], [0.0555010661482811, -0.9984586238861084, 0.0, 912.5189819335938], [0.0, 0.0, 1.0, 0.0], [0.0, 0.0, 0.0, 1.0]], "pose_inverse": [[-0.9984586238861084, 0.0555010661482811, 0.0, 214.09481811523438], [-0.0555010661482811, -0.9984586238861084, 0.0, 925.8284912109375], [0.0, 0.0, 1.0, 0.0], [0.0, 0.0, 0.0, 1.0]], "cam_ids": [0, 1, 2, 3, 4, 5], "cam_channels": ["CAM_FRONT_LEFT", "CAM_FRONT", "CAM_FRONT_RIGHT", "CAM_BACK_LEFT", "CAM_BACK", "CAM_BACK_RIGHT"], "token": "7a2ee212b98d41c18f40b0305ad6bad7", "scene": "scene-0127"}, {"images": ["samples/CAM_FRONT_LEFT/n015-2018-08-01-16-32-59+0800__CAM_FRONT_LEFT__1533112792004844.jpg", "samples/CAM_FRONT/n015-2018-08-01-16-32-59+0800__CAM_FRONT__1533112792012460.jpg", "samples/CAM_FRONT_RIGHT/n015-2018-08-01-16-32-59+0800__CAM_FRONT_RIGHT__1533112792020339.jpg", "samples/CAM_BACK_LEFT/n015-2018-08-01-16-32-59+0800__CAM_BACK_LEFT__1533112792047423.jpg", "samples/CAM_BACK/n015-2018-08-01-16-32-59+0800__CAM_BACK__1533112792037525.jpg", "samples/CAM_BACK_RIGHT/n015-2018-08-01-16-32-59+0800__CAM_BACK_RIGHT__1533112792028110.jpg"], "intrinsics": [[[1272.5979470598488, 0.0, 826.6154927353808], [0.0, 1272.5979470598488, 479.75165386361925], [0.0, 0.0, 1.0]], [[1266.417203046554, 0.0, 816.2670197447984], [0.0, 1266.417203046554, 491.50706579294757], [0.0, 0.0, 1.0]], [[1260.8474446004698, 0.0, 807.968244525554], [0.0, 1260.8474446004698, 495.3344268742088], [0.0, 0.0, 1.0]], [[1256.7414812095406, 0.0, 792.1125740759628], [0.0, 1256.7414812095406, 492.7757465151356], [0.0, 0.0, 1.0]], [[809.2209905677063, 0.0, 829.2196003259838], [0.0, 809.2209905677063, 481.77842384512485], [0.0, 0.0, 1.0]], [[1259.5137405846733, 0.0, 807.2529053838625], [0.0, 1259.5137405846733, 501.19579884916527], [0.0, 0.0, 1.0]]], "extrinsics": [[[0.8207553029060364, -0.571277916431427, -0.001502535305917263, -0.875335693359375], [0.01198878325521946, 0.019853714853525162, -0.9997310042381287, 1.5095500946044922], [0.5711540579795837, 0.8205165266990662, 0.023143967613577843, -1.21807861328125], [0.0, 0.0, 0.0, 1.0]], [[0.005727492738515139, -0.9998617172241211, -0.01561022363603115, 0.00579833984375], [0.006644512992352247, 0.015648189932107925, -0.9998555183410645, 1.5211257934570312], [0.9999614357948303, 0.00562294153496623, 0.00673321820795536, -1.602508544921875], [0.0, 0.0, 0.0, 1.0]], [[-0.8327301144599915, -0.5529567003250122, -0.02827472798526287, 0.9742431640625], [0.012217294424772263, 0.03270379453897476, -0.9993903636932373, 1.5044937133789062], [0.553544282913208, -0.8325678706169128, -0.02047779969871044, -1.21002197265625], [0.0, 0.0, 0.0, 1.0]], [[0.9476449489593506, 0.31869369745254517, 0.02008138597011566, -1.14166259765625], [0.020554302260279655, 0.001879319897852838, -0.999786913394928, 1.5885672569274902], [-0.31866347789764404, 0.9478558897972107, -0.004769596736878157, -0.10382080078125], [0.0, 0.0, 0.0, 1.0]], [[0.0024513970129191875, 0.9999241828918457, 0.012067218311131, 0.00286865234375], [-0.004709215834736824, 0.012078661471605301, -0.9999159574508667, 1.5792350769042969], [-0.9999859929084778, 0.0023943588603287935, 0.004738468211144209, -0.0241546630859375], [0.0, 0.0, 0.0, 1.0]], [[-0.9345881342887878, 0.3553520441055298, -0.01642611436545849, 1.0894317626953125], [0.028037453070282936, 0.027550289407372475, -0.9992271661758423, 1.5528507232666016], [-0.3546248972415924, -0.9343264102935791, -0.035711344331502914, -0.08135986328125], [0.0, 0.0, 0.0, 1.0]]], "view": [[0.0, -2.0, 100.0], [-2.0, 0.0, 100.0], [0.0, 0.0, 1.0]], "bev": "bev_4ca53167eceb458a8b3da71677ab8c55.png", "aux": "aux_4ca53167eceb458a8b3da71677ab8c55.npz", "visibility": "visibility_4ca53167eceb458a8b3da71677ab8c55.png", "pose": [[-0.9985668659210205, -0.053518299013376236, 0.0, 264.21710205078125], [0.053518299013376236, -0.9985668659210205, 0.0, 912.5745239257812], [0.0, 0.0, 1.0, 0.0], [0.0, 0.0, 0.0, 1.0]], "pose_inverse": [[-0.9985668659210205, 0.053518299013376236, 0.0, 214.99900817871094], [-0.053518299013376236, -0.9985668659210205, 0.0, 925.4071044921875], [0.0, 0.0, 1.0, 0.0], [0.0, 0.0, 0.0, 1.0]], "cam_ids": [0, 1, 2, 3, 4, 5], "cam_channels": ["CAM_FRONT_LEFT", "CAM_FRONT", "CAM_FRONT_RIGHT", "CAM_BACK_LEFT", "CAM_BACK", "CAM_BACK_RIGHT"], "token": "4ca53167eceb458a8b3da71677ab8c55", "scene": "scene-0127"}, {"images": ["samples/CAM_FRONT_LEFT/n015-2018-08-01-16-32-59+0800__CAM_FRONT_LEFT__1533112792504844.jpg", "samples/CAM_FRONT/n015-2018-08-01-16-32-59+0800__CAM_FRONT__1533112792512460.jpg", "samples/CAM_FRONT_RIGHT/n015-2018-08-01-16-32-59+0800__CAM_FRONT_RIGHT__1533112792520339.jpg", "samples/CAM_BACK_LEFT/n015-2018-08-01-16-32-59+0800__CAM_BACK_LEFT__1533112792547423.jpg", "samples/CAM_BACK/n015-2018-08-01-16-32-59+0800__CAM_BACK__1533112792537525.jpg", "samples/CAM_BACK_RIGHT/n015-2018-08-01-16-32-59+0800__CAM_BACK_RIGHT__1533112792527893.jpg"], "intrinsics": [[[1272.5979470598488, 0.0, 826.6154927353808], [0.0, 1272.5979470598488, 479.75165386361925], [0.0, 0.0, 1.0]], [[1266.417203046554, 0.0, 816.2670197447984], [0.0, 1266.417203046554, 491.50706579294757], [0.0, 0.0, 1.0]], [[1260.8474446004698, 0.0, 807.968244525554], [0.0, 1260.8474446004698, 495.3344268742088], [0.0, 0.0, 1.0]], [[1256.7414812095406, 0.0, 792.1125740759628], [0.0, 1256.7414812095406, 492.7757465151356], [0.0, 0.0, 1.0]], [[809.2209905677063, 0.0, 829.2196003259838], [0.0, 809.2209905677063, 481.77842384512485], [0.0, 0.0, 1.0]], [[1259.5137405846733, 0.0, 807.2529053838625], [0.0, 1259.5137405846733, 501.19579884916527], [0.0, 0.0, 1.0]]], "extrinsics": [[[0.8208748698234558, -0.571100115776062, -0.0030232572462409735, -0.85382080078125], [0.006050560623407364, 0.0139899468049407, -0.9998838305473328, 1.5090560913085938], [0.5710759162902832, 0.8207612633705139, 0.01493947021663189, -1.20355224609375], [0.0, 0.0, 0.0, 1.0]], [[0.005856828764081001, -0.9999318718910217, -0.010099189355969429, 0.0062255859375], [0.0006584569928236306, 0.010103217326104641, -0.9999487400054932, 1.5206012725830078], [0.9999826550483704, 0.005849878303706646, 0.0007175842183642089, -1.5809783935546875], [0.0, 0.0, 0.0, 1.0]], [[-0.8327779769897461, -0.5532324314117432, -0.020365625619888306, 0.96026611328125], [0.006180741358548403, 0.027493605390191078, -0.9996027946472168, 1.504171371459961], [0.5535725355148315, -0.8325731754302979, -0.01947668194770813, -1.20037841796875], [0.0, 0.0, 0.0, 1.0]], [[0.9477192163467407, 0.3188352882862091, 0.013128114864230156, -1.139923095703125], [0.014600747264921665, -0.0022291289642453194, -0.999890923500061, 1.588589072227478], [-0.31877124309539795, 0.9478075504302979, -0.006767822429537773, -0.1044921875], [0.0, 0.0, 0.0, 1.0]], [[0.0023908582516014576, 0.999968945980072, 0.00751644279807806, 0.00274658203125], [-0.01074057724326849, 0.007541709579527378, -0.9999139308929443, 1.5789999961853027], [-0.999939501285553, 0.002309922594577074, 0.010758272372186184, -0.0313262939453125], [0.0, 0.0, 0.0, 1.0]], [[-0.9347302317619324, 0.3551379442214966, -0.012509801425039768, 1.0770263671875], [0.02197389118373394, 0.022628050297498703, -0.999502420425415, 1.552835464477539], [-0.354678213596344, -0.9345400333404541, -0.02895488776266575, -0.0858154296875], [0.0, 0.0, 0.0, 1.0]]], "view": [[0.0, -2.0, 100.0], [-2.0, 0.0, 100.0], [0.0, 0.0, 1.0]], "bev": "bev_e240aea6281c464ca06496ccdf89a304.png", "aux": "aux_e240aea6281c464ca06496ccdf89a304.npz", "visibility": "visibility_e240aea6281c464ca06496ccdf89a304.png", "pose": [[-0.9985707998275757, -0.053445324301719666, 0.0, 262.79705810546875], [0.053445324301719666, -0.9985707998275757, 0.0, 912.6556396484375], [0.0, 0.0, 1.0, 0.0], [0.0, 0.0, 0.0, 1.0]], "pose_inverse": [[-0.9985707998275757, 0.053445324301719666, 0.0, 213.644287109375], [-0.053445324301719666, -0.9985707998275757, 0.0, 925.3965454101562], [0.0, 0.0, 1.0, 0.0], [0.0, 0.0, 0.0, 1.0]], "cam_ids": [0, 1, 2, 3, 4, 5], "cam_channels": ["CAM_FRONT_LEFT", "CAM_FRONT", "CAM_FRONT_RIGHT", "CAM_BACK_LEFT", "CAM_BACK", "CAM_BACK_RIGHT"], "token": "e240aea6281c464ca06496ccdf89a304", "scene": "scene-0127"}, {"images": ["samples/CAM_FRONT_LEFT/n015-2018-08-01-16-32-59+0800__CAM_FRONT_LEFT__1533112793004844.jpg", "samples/CAM_FRONT/n015-2018-08-01-16-32-59+0800__CAM_FRONT__1533112793012460.jpg", "samples/CAM_FRONT_RIGHT/n015-2018-08-01-16-32-59+0800__CAM_FRONT_RIGHT__1533112793020339.jpg", "samples/CAM_BACK_LEFT/n015-2018-08-01-16-32-59+0800__CAM_BACK_LEFT__1533112793047423.jpg", "samples/CAM_BACK/n015-2018-08-01-16-32-59+0800__CAM_BACK__1533112793037525.jpg", "samples/CAM_BACK_RIGHT/n015-2018-08-01-16-32-59+0800__CAM_BACK_RIGHT__1533112793027893.jpg"], "intrinsics": [[[1272.5979470598488, 0.0, 826.6154927353808], [0.0, 1272.5979470598488, 479.75165386361925], [0.0, 0.0, 1.0]], [[1266.417203046554, 0.0, 816.2670197447984], [0.0, 1266.417203046554, 491.50706579294757], [0.0, 0.0, 1.0]], [[1260.8474446004698, 0.0, 807.968244525554], [0.0, 1260.8474446004698, 495.3344268742088], [0.0, 0.0, 1.0]], [[1256.7414812095406, 0.0, 792.1125740759628], [0.0, 1256.7414812095406, 492.7757465151356], [0.0, 0.0, 1.0]], [[809.2209905677063, 0.0, 829.2196003259838], [0.0, 809.2209905677063, 481.77842384512485], [0.0, 0.0, 1.0]], [[1259.5137405846733, 0.0, 807.2529053838625], [0.0, 1259.5137405846733, 501.19579884916527], [0.0, 0.0, 1.0]]], "extrinsics": [[[0.8210392594337463, -0.5708692669868469, -0.0016813245601952076, -0.84210205078125], [0.0018183663487434387, 0.005560372490435839, -0.9999828934669495, 1.508516788482666], [0.5708689093589783, 0.8210221529006958, 0.005603333003818989, -1.19537353515625], [0.0, 0.0, 0.0, 1.0]], [[0.006048006936907768, -0.9999808669090271, -0.00130757677834481, 0.00616455078125], [-0.0034129463601857424, 0.0012869513593614101, -0.9999933838844299, 1.5201128721237183], [0.9999759793281555, 0.006052439101040363, -0.0034050976391881704, -1.5693511962890625], [0.0, 0.0, 0.0, 1.0]], [[-0.8327746391296387, -0.5534818172454834, -0.01201420184224844, 0.95269775390625], [0.0022734191734343767, 0.018282294273376465, -0.9998302459716797, 1.5038566589355469], [0.5536075234413147, -0.8326605558395386, -0.01396673358976841, -1.19549560546875], [0.0, 0.0, 0.0, 1.0]], [[0.9477476477622986, 0.31895455718040466, 0.006510978564620018, -1.140167236328125], [0.011163946241140366, -0.012762200087308884, -0.999856173992157, 1.588578701019287], [-0.3188256025314331, 0.947684109210968, -0.015656135976314545, -0.10443