[{"images": ["samples/CAM_FRONT_LEFT/n008-2018-08-30-15-52-26-0400__CAM_FRONT_LEFT__1535658984004799.jpg", "samples/CAM_FRONT/n008-2018-08-30-15-52-26-0400__CAM_FRONT__1535658984012404.jpg", "samples/CAM_FRONT_RIGHT/n008-2018-08-30-15-52-26-0400__CAM_FRONT_RIGHT__1535658984020482.jpg", "samples/CAM_BACK_LEFT/n008-2018-08-30-15-52-26-0400__CAM_BACK_LEFT__1535658984047405.jpg", "samples/CAM_BACK/n008-2018-08-30-15-52-26-0400__CAM_BACK__1535658984037558.jpg", "samples/CAM_BACK_RIGHT/n008-2018-08-30-15-52-26-0400__CAM_BACK_RIGHT__1535658984028113.jpg"], "intrinsics": [[[1257.8625342125129, 0.0, 827.2410631095686], [0.0, 1257.8625342125129, 450.915498205774], [0.0, 0.0, 1.0]], [[1252.8131021185304, 0.0, 826.588114781398], [0.0, 1252.8131021185304, 469.9846626224581], [0.0, 0.0, 1.0]], [[1256.7485116440405, 0.0, 817.7887570959712], [0.0, 1256.7485116440403, 451.9541780095127], [0.0, 0.0, 1.0]], [[1254.9860565800168, 0.0, 829.5769333630991], [0.0, 1254.9860565800168, 467.1680561863987], [0.0, 0.0, 1.0]], [[796.8910634503094, 0.0, 857.7774326863696], [0.0, 796.8910634503094, 476.8848988407415], [0.0, 0.0, 1.0]], [[1249.9629280788233, 0.0, 825.3768045375984], [0.0, 1249.9629280788233, 462.54816385708756], [0.0, 0.0, 1.0]]], "extrinsics": [[[0.8228846788406372, -0.5681721568107605, -0.0064154136925935745, -0.970458984375], [-0.002023715991526842, 0.008359950967133045, -0.9999630451202393, 1.4882087707519531], [0.5682047605514526, 0.8228672742843628, 0.005729456897825003, -1.3096466064453125], [0.0, 0.0, 0.0, 1.0]], [[0.010736288502812386, -0.9999330639839172, -0.004301032517105341, 0.005859375], [-3.1805786420591176e-05, 0.004300939850509167, -0.9999907612800598, 1.480164647102356], [0.9999422430992126, 0.010736319236457348, 1.4372686564456671e-05, -1.69964599609375], [0.0, 0.0, 0.0, 1.0]], [[-0.8438360691070557, -0.5365825295448303, -0.004453744739294052, 1.06756591796875], [0.008030632510781288, -0.00432920828461647, -0.999958336353302, 1.4932928085327148], [0.5365409255027771, -0.843836784362793, 0.007962238974869251, -1.2628173828125], [0.0, 0.0, 0.0, 1.0]], [[0.947799026966095, 0.3186108469963074, -0.012805751524865627, -1.14227294921875], [-0.01721237599849701, 0.011019079945981503, -0.999791145324707, 1.5620136260986328], [-0.3184031546115875, 0.9478214979171753, 0.01592792384326458, -0.1566162109375], [0.0, 0.0, 0.0, 1.0]], [[0.009091982617974281, 0.9999532103538513, 0.0032844594679772854, -0.02880859375], [-0.015122584067285061, 0.003421719651669264, -0.9998797178268433, 1.567892074584961], [-0.9998442530632019, 0.009041167795658112, 0.015152988024055958, 0.03314208984375], [0.0, 0.0, 0.0, 1.0]], [[-0.9238533973693848, 0.3827366530895233, 0.0027348899748176336, 1.14190673828125], [-0.01097373478114605, -0.01934465765953064, -0.9997526407241821, 1.547590970993042], [-0.38258904218673706, -0.9236548542976379, 0.022071678191423416, -0.05133056640625], [0.0, 0.0, 0.0, 1.0]]], "view": [[0.0, -2.0, 100.0], [-2.0, 0.0, 100.0], [0.0, 0.0, 1.0]], "bev": "bev_8a82a9d67d1542fb92acce755707bab7.png", "aux": "aux_8a82a9d67d1542fb92acce755707bab7.npz", "visibility": "visibility_8a82a9d67d1542fb92acce755707bab7.png", "pose": [[-0.7027339339256287, 0.7114527225494385, 0.0, 893.8299560546875], [-0.7114527225494385, -0.7027339339256287, 0.0, 334.7311096191406], [0.0, 0.0, 1.0, 0.0], [0.0, 0.0, 0.0, 1.0]], "pose_inverse": [[-0.7027339339256287, -0.7114527225494385, 0.0, 866.27001953125], [0.7114527225494385, -0.7027339339256287, 0.0, -400.69085693359375], [0.0, 0.0, 1.0, 0.0], [0.0, 0.0, 0.0, 1.0]], "cam_ids": [0, 1, 2, 3, 4, 5], "cam_channels": ["CAM_FRONT_LEFT", "CAM_FRONT", "CAM_FRONT_RIGHT", "CAM_BACK_LEFT", "CAM_BACK", "CAM_BACK_RIGHT"], "token": "8a82a9d67d1542fb92acce755707bab7", "scene": "scene-0531"}, {"images": ["samples/CAM_FRONT_LEFT/n008-2018-08-30-15-52-26-0400__CAM_FRONT_LEFT__1535658984504799.jpg", "samples/CAM_FRONT/n008-2018-08-30-15-52-26-0400__CAM_FRONT__1535658984512404.jpg", "samples/CAM_FRONT_RIGHT/n008-2018-08-30-15-52-26-0400__CAM_FRONT_RIGHT__1535658984520482.jpg", "samples/CAM_BACK_LEFT/n008-2018-08-30-15-52-26-0400__CAM_BACK_LEFT__1535658984547405.jpg", "samples/CAM_BACK/n008-2018-08-30-15-52-26-0400__CAM_BACK__1535658984537558.jpg", "samples/CAM_BACK_RIGHT/n008-2018-08-30-15-52-26-0400__CAM_BACK_RIGHT__1535658984528113.jpg"], "intrinsics": [[[1257.8625342125129, 0.0, 827.2410631095686], [0.0, 1257.8625342125129, 450.915498205774], [0.0, 0.0, 1.0]], [[1252.8131021185304, 0.0, 826.588114781398], [0.0, 1252.8131021185304, 469.9846626224581], [0.0, 0.0, 1.0]], [[1256.7485116440405, 0.0, 817.7887570959712], [0.0, 1256.7485116440403, 451.9541780095127], [0.0, 0.0, 1.0]], [[1254.9860565800168, 0.0, 829.5769333630991], [0.0, 1254.9860565800168, 467.1680561863987], [0.0, 0.0, 1.0]], [[796.8910634503094, 0.0, 857.7774326863696], [0.0, 796.8910634503094, 476.8848988407415], [0.0, 0.0, 1.0]], [[1249.9629280788233, 0.0, 825.3768045375984], [0.0, 1249.9629280788233, 462.54816385708756], [0.0, 0.0, 1.0]]], "extrinsics": [[[0.8220027685165405, -0.5694519281387329, -0.005986420437693596, -0.94281005859375], [-0.00025669162278063595, 0.010141524486243725, -0.9999485015869141, 1.4882755279541016], [0.5694833993911743, 0.8219619989395142, 0.008190186694264412, -1.2901763916015625], [0.0, 0.0, 0.0, 1.0]], [[0.009453131817281246, -0.9999370574951172, -0.006029459182173014, 0.00604248046875], [0.0017323611536994576, 0.006046095862984657, -0.9999802112579346, 1.4802742004394531], [0.9999537467956543, 0.009442596696317196, 0.001789407106116414, -1.67169189453125], [0.0, 0.0, 0.0, 1.0]], [[-0.8443682789802551, -0.5357192158699036, -0.006858817767351866, 1.04901123046875], [0.009789754636585712, -0.0026276682037860155, -0.9999485611915588, 1.4935541152954102], [0.5356736779212952, -0.8443920612335205, 0.0074632796458899975, -1.2510986328125], [0.0, 0.0, 0.0, 1.0]], [[0.947841465473175, 0.31856417655944824, -0.01065256167203188, -1.14068603515625], [-0.015497472137212753, 0.012677889317274094, -0.9997995495796204, 1.5619888305664062], [-0.318365216255188, 0.9478164911270142, 0.016953568905591965, -0.1572265625], [0.0, 0.0, 0.0, 1.0]], [[0.009500405751168728, 0.999942421913147, 0.004974279087036848, -0.0286865234375], [-0.013371756300330162, 0.005101100075989962, -0.9998975992202759, 1.5677900314331055], [-0.9998654723167419, 0.009432947263121605, 0.01341945119202137, 0.024169921875], [0.0, 0.0, 0.0, 1.0]], [[-0.9235715866088867, 0.3834218680858612, 0.0017645874759182334, 1.12713623046875], [-0.00923889596015215, -0.017652999609708786, -0.999801516532898, 1.5474764108657837], [-0.38331446051597595, -0.9234045743942261, 0.019846202805638313, -0.057689666748046875], [0.0, 0.0, 0.0, 1.0]]], "view": [[0.0, -2.0, 100.0], [-2.0, 0.0, 100.0], [0.0, 0.0, 1.0]], "bev": "bev_2c6403cda60145adb8bde07106d0803a.png", "aux": "aux_2c6403cda60145adb8bde07106d0803a.npz", "visibility": "visibility_2c6403cda60145adb8bde07106d0803a.png", "pose": [[-0.7006781101226807, 0.7134774923324585, 0.0, 893.3440551757812], [-0.7134774923324585, -0.7006781101226807, 0.0, 334.2423095703125], [0.0, 0.0, 1.0, 0.0], [0.0, 0.0, 0.0, 1.0]], "pose_inverse": [[-0.7006781101226807, -0.7134774923324585, 0.0, 864.4210205078125], [0.7134774923324585, -0.7006781101226807, 0.0, -403.1846008300781], [0.0, 0.0, 1.0, 0.0], [0.0, 0.0, 0.0, 1.0]], "cam_ids": [0, 1, 2, 3, 4, 5], "cam_channels": ["CAM_FRONT_LEFT", "CAM_FRONT", "CAM_FRONT_RIGHT", "CAM_BACK_LEFT", "CAM_BACK", "CAM_BACK_RIGHT"], "token": "2c6403cda60145adb8bde07106d0803a", "scene": "scene-0531"}, {"images": ["samples/CAM_FRONT_LEFT/n008-2018-08-30-15-52-26-0400__CAM_FRONT_LEFT__1535658985004799.jpg", "samples/CAM_FRONT/n008-2018-08-30-15-52-26-0400__CAM_FRONT__1535658985012404.jpg", "samples/CAM_FRONT_RIGHT/n008-2018-08-30-15-52-26-0400__CAM_FRONT_RIGHT__1535658985020482.jpg", "samples/CAM_BACK_LEFT/n008-2018-08-30-15-52-26-0400__CAM_BACK_LEFT__1535658985047405.jpg", "samples/CAM_BACK/n008-2018-08-30-15-52-26-0400__CAM_BACK__1535658985037558.jpg", "samples/CAM_BACK_RIGHT/n008-2018-08-30-15-52-26-0400__CAM_BACK_RIGHT__1535658985028113.jpg"], "intrinsics": [[[1257.8625342125129, 0.0, 827.2410631095686], [0.0, 1257.8625342125129, 450.915498205774], [0.0, 0.0, 1.0]], [[1252.8131021185304, 0.0, 826.588114781398], [0.0, 1252.8131021185304, 469.9846626224581], [0.0, 0.0, 1.0]], [[1256.7485116440405, 0.0, 817.7887570959712], [0.0, 1256.7485116440403, 451.9541780095127], [0.0, 0.0, 1.0]], [[1254.9860565800168, 0.0, 829.5769333630991], [0.0, 1254.9860565800168, 467.1680561863987], [0.0, 0.0, 1.0]], [[796.8910634503094, 0.0, 857.7774326863696], [0.0, 796.8910634503094, 476.8848988407415], [0.0, 0.0, 1.0]], [[1249.9629280788233, 0.0, 825.3768045375984], [0.0, 1249.9629280788233, 462.54816385708756], [0.0, 0.0, 1.0]]], "extrinsics": [[[0.8221480250358582, -0.569258451461792, -0.004192218650132418, -0.91162109375], [0.0020894294138997793, 0.010381583124399185, -0.9999439120292664, 1.4885244369506836], [0.5692700743675232, 0.8220930695533752, 0.009724621661007404, -1.269439697265625], [0.0, 0.0, 0.0, 1.0]], [[0.00971323624253273, -0.9999330639839172, -0.006275532301515341, 0.0069580078125], [0.004103500861674547, 0.006315634120255709, -0.9999716877937317, 1.480548620223999], [0.9999444484710693, 0.009687215089797974, 0.00416457187384367, -1.64031982421875], [0.0, 0.0, 0.0, 1.0]], [[-0.8442455530166626, -0.5358802676200867, -0.009044192731380463, 1.028289794921875], [0.012188355438411236, -0.002326021669432521, -0.9999229907989502, 1.4939775466918945], [0.5358180403709412, -0.8442908525466919, 0.008495232090353966, -1.23736572265625], [0.0, 0.0, 0.0, 1.0]], [[0.9478802680969238, 0.31852254271507263, -0.008156919851899147, -1.1385498046875], [-0.012956315651535988, 0.01295193936675787, -0.9998321533203125, 1.5619688034057617], [-0.31836336851119995, 0.9478268623352051, 0.016403764486312866, -0.157958984375], [0.0, 0.0, 0.0, 1.0]], [[0.009429411962628365, 0.9999414682388306, 0.005304620135575533, -0.02880859375], [-0.010878592729568481, 0.005407124757766724, -0.9999261498451233, 1.567723274230957], [-0.9998964071273804, 0.009370999410748482, 0.010928940959274769, 0.013427734375], [0.0, 0.0, 0.0, 1.0]], [[-0.9236288666725159, 0.38328802585601807, -0.00037976051680743694, 1.10980224609375], [-0.006785552948713303, -0.01734212227165699, -0.9998266100883484, 1.5474456548690796], [-0.3832280933856964, -0.9234660863876343, 0.018618503585457802, -0.06441116333007812], [0.0, 0.0, 0.0, 1.0]]], "view": [[0.0, -2.0, 100.0], [-2.0, 0.0, 100.0], [0.0, 0.0, 1.0]], "bev": "bev_f769bbc6bcd74c69af94fba05d0da4b2.png", "aux": "aux_f769bbc6bcd74c69af94fba05d0da4b2.npz", "visibility": "visibility_f769bbc6bcd74c69af94fba05d0da4b2.png", "pose": [[-0.6930974125862122, 0.7208439707756042, 0.0, 892.626953125], [-0.7208439707756042, -0.6930974125862122, 0.0, 333.5063171386719], [0.0, 0.0, 1.0, 0.0], [0.0, 0.0, 0.0, 1.0]], "pose_inverse": [[-0.6930974125862122, -0.7208439707756042, 0.0, 859.0834350585938], [0.7208439707756042, -0.6930974125862122, 0.0, -412.2923889160156], [0.0, 0.0, 1.0, 0.0], [0.0, 0.0, 0.0, 1.0]], "cam_ids": [0, 1, 2, 3, 4, 5], "cam_channels": ["CAM_FRONT_LEFT", "CAM_FRONT", "CAM_FRONT_RIGHT", "CAM_BACK_LEFT", "CAM_BACK", "CAM_BACK_RIGHT"], "token": "f769bbc6bcd74c69af94fba05d0da4b2", "scene": "scene-0531"}, {"images": ["samples/CAM_FRONT_LEFT/n008-2018-08-30-15-52-26-0400__CAM_FRONT_LEFT__1535658985504799.jpg", "samples/CAM_FRONT/n008-2018-08-30-15-52-26-0400__CAM_FRONT__1535658985512404.jpg", "samples/CAM_FRONT_RIGHT/n008-2018-08-30-15-52-26-0400__CAM_FRONT_RIGHT__1535658985520482.jpg", "samples/CAM_BACK_LEFT/n008-2018-08-30-15-52-26-0400__CAM_BACK_LEFT__1535658985547405.jpg", "samples/CAM_BACK/n008-2018-08-30-15-52-26-0400__CAM_BACK__1535658985537558.jpg", "samples/CAM_BACK_RIGHT/n008-2018-08-30-15-52-26-0400__CAM_BACK_RIGHT__1535658985528113.jpg"], "intrinsics": [[[1257.8625342125129, 0.0, 827.2410631095686], [0.0, 1257.8625342125129, 450.915498205774], [0.0, 0.0, 1.0]], [[1252.8131021185304, 0.0, 826.588114781398], [0.0, 1252.8131021185304, 469.9846626224581], [0.0, 0.0, 1.0]], [[1256.7485116440405, 0.0, 817.7887570959712], [0.0, 1256.7485116440403, 451.9541780095127], [0.0, 0.0, 1.0]], [[1254.9860565800168, 0.0, 829.5769333630991], [0.0, 1254.9860565800168, 467.1680561863987], [0.0, 0.0, 1.0]], [[796.8910634503094, 0.0, 857.7774326863696], [0.0, 796.8910634503094, 476.8848988407415], [0.0, 0.0, 1.0]], [[1249.9629280788233, 0.0, 825.3768045375984], [0.0, 1249.9629280788233, 462.54816385708756], [0.0, 0.0, 1.0]]], "extrinsics": [[[0.8246737122535706, -0.5656007528305054, -0.003015486989170313, -0.89520263671875], [0.0012916672276332974, 0.007214647252112627, -0.9999731183052063, 1.4884750843048096], [0.5656073093414307, 0.8246476650238037, 0.006680297199636698, -1.2568359375], [0.0, 0.0, 0.0, 1.0]], [[0.013365456834435463, -0.9999056458473206, -0.0031555956229567528, 0.005950927734375], [0.0032310327515006065, 0.0031990499701350927, -0.9999896883964539, 1.4805271625518799], [0.9999054074287415, 0.013355163857340813, 0.0032734849955886602, -1.62359619140625], [0.0, 0.0, 0.0, 1.0]], [[-0.8427119851112366, -0.5383243560791016, -0.006580721586942673, 1.01702880859375], [0.011241815984249115, -0.005374831147491932, -0.9999223947525024, 1.4940414428710938], [0.538247287273407, -0.8427205681800842, 0.010581179521977901, -1.23162841796875], [0.0, 0.0, 0.0, 1.0]], [[0.9478282928466797, 0.31861594319343567, -0.01026897318661213, -1.1370849609375], [-0.014194754883646965, 0.01000190433114767, -0.9998492002487183, 1.5619497299194336], [-0.3184652030467987, 0.9478310942649841, 0.014002764597535133, -0.1575927734375], [0.0, 0.0, 0.0, 1.0]], [[0.00827412586659193, 0.9999630451202393, 0.0023125510197132826, -0.02783203125], [-0.012078226543962955, 0.00241240207105875, -0.9999241232872009, 1.5676279067993164], [-0.9998928904533386, 0.008245556615293026, 0.012097740545868874, 0.00823974609375], [0.0, 0.0, 0.0, 1.0]], [[-0.9244416952133179, 0.38132286071777344, -0.0005554032395593822, 1.10174560546875], [-0.007809388916939497, -0.020388484001159668, -0.9997615814208984, 1.547296166419983], [-0.38124337792396545, -0.9242170453071594, 0.021825864911079407, -0.06878662109375], [0.0, 0.0, 0.0, 1.0]]], "view": [[0.0, -2.0, 100.0], [-2.0, 0.0, 100.0], [0.0, 0.0, 1.0]], "bev": "bev_1c94355189b143b68bf796a8cd5e1d99.png", "aux": "aux_1c94355189b143b68bf796a8cd5e1d99.npz", "visibility": "visibility_1c94355189b143b68bf796a8cd5e1d99.png", "pose": [[-0.7053980827331543, 0.708811342716217, 0.0, 891.6767578125], [-0.708811342716217, -0.7053980827331543, 0.0, 332.5289611816406], [0.0, 0.0, 1.0, 0.0], [0.0, 0.0, 0.0, 1.0]], "pose_inverse": [[-0.7053980827331543, -0.708811342716217, 0.0, 864.6873779296875], [0.708811342716217, -0.7053980827331543, 0.0, -397.4653015136719], [0.0, 0.0, 1.0, 0.0], [0.0, 0.0, 0.0, 1.0]], "cam_ids": [0, 1, 2, 3, 4, 5], "cam_channels": ["CAM_FRONT_LEFT", "CAM_FRONT", "CAM_FRONT_RIGHT", "CAM_BACK_LEFT", "CAM_BACK", "CAM_BACK_RIGHT"], "token": "1c94355189b143b68bf796a8cd5e1d99", "scene": "scene-0531"}, {"images": ["samples/CAM_FRONT_LEFT/n008-2018-08-30-15-52-26-0400__CAM_FRONT_LEFT__1535658985904799.jpg", "samples/CAM_FRONT/n008-2018-08-30-15-52-26-0400__CAM_FRONT__1535658985912404.jpg", "samples/CAM_FRONT_RIGHT/n008-2018-08-30-15-52-26-0400__CAM_FRONT_RIGHT__1535658985920482.jpg", "samples/CAM_BACK_LEFT/n008-2018-08-30-15-52-26-0400__CAM_BACK_LEFT__1535658985947405.jpg", "samples/CAM_BACK/n008-2018-08-30-15-52-26-0400__CAM_BACK__1535658985937558.jpg", "samples/CAM_BACK_RIGHT/n008-2018-08-30-15-52-26-0400__CAM_BACK_RIGHT__1535658985928113.jpg"], "intrinsics": [[[1257.8625342125129, 0.0, 827.2410631095686], [0.0, 1257.8625342125129, 450.915498205774], [0.0, 0.0, 1.0]], [[1252.8131021185304, 0.0, 826.588114781398], [0.0, 1252.8131021185304, 469.9846626224581], [0.0, 0.0, 1.0]], [[1256.7485116440405, 0.0, 817.7887570959712], [0.0, 1256.7485116440403, 451.9541780095127], [0.0, 0.0, 1.0]], [[1254.9860565800168, 0.0, 829.5769333630991], [0.0, 1254.9860565800168, 467.1680561863987], [0.0, 0.0, 1.0]], [[796.8910634503094, 0.0, 857.7774326863696], [0.0, 796.8910634503094, 476.8848988407415], [0.0, 0.0, 1.0]], [[1249.9629280788233, 0.0, 825.3768045375984], [0.0, 1249.9629280788233, 462.54816385708756], [0.0, 0.0, 1.0]]], "extrinsics": [[[0.8272215723991394, -0.5618683099746704, -0.002893121214583516, -0.88330078125], [0.0016580886440351605, 0.007590109016746283, -0.9999698400497437, 1.4885599613189697], [0.5618733167648315, 0.8271918892860413, 0.007210328709334135, -1.2477569580078125], [0.0, 0.0, 0.0, 1.0]], [[0.017027858644723892, -0.9998481869697571, -0.0037140974309295416, 0.005584716796875], [0.0034488695673644543, 0.003773349104449153, -0.9999869465827942, 1.480597734451294], [0.9998489618301392, 0.017014876008033752, 0.0035125974100083113, -1.61126708984375], [0.0, 0.0, 0.0, 1.0]], [[-0.8411813974380493, -0.5407071709632874, -0.007038071285933256, 1.0093994140625], [0.01130715012550354, -0.004575155209749937, -0.9999256134033203, 1.4941425323486328], [0.5406347513198853, -0.8411985039710999, 0.009962392970919609, -1.22760009765625], [0.0, 0.0, 0.0, 1.0]], [[0.9477452635765076, 0.3188594579696655, -0.01037471555173397, -1.13812255859375], [-0.014803046360611916, 0.011467811651527882, -0.9998246431350708, 1.561976432800293], [-0.31868457794189453, 0.9477326273918152, 0.015588656067848206, -0.15643310546875], [0.0, 0.0, 0.0, 1.0]], [[0.007124805357307196, 0.9999684691429138, 0.0035158393438905478, -0.027069091796875], [-0.012363226152956486, 0.003603746648877859, -0.9999170303344727, 1.5675983428955078], [-0.9998981952667236, 0.007080710493028164, 0.01238851249217987, 0.0064697265625], [0.0, 0.0, 0.0, 1.0]], [[-0.9252238273620605, 0.37942156195640564, -0.00010951486183330417, 1.09716796875], [-0.007858315482735634, -0.019451163709163666, -0.9997799396514893, 1.5472341775894165], [-0.3793402314186096, -0.9250194430351257, 0.020978296175599098, -0.07155418395996094], [0.0, 0.0, 0.0, 1.0]]], "view": [[0.0, -2.0, 100.0], [-2.0, 0.0, 100.0], [0.0, 0.0, 1.0]], "bev": "bev_6ab16d415f064bbcaadd09a6c67c9633.png", "aux": "aux_6ab16d415f064bbcaadd09a6c67c9633.npz", "visibility": "visibility_6ab16d415f064bbcaadd09a6c67c9633.png", "pose": [[-0.7468205690383911, 0.6650255918502808, 0.0, 890.7859497070312], [-0.6650255918502808, -0.7468205690383911, 0.0, 331.6849670410156], [0.0, 0.0, 1.0, 0.0], [0.0, 0.0, 0.0, 1.0]], "pose_inverse": [[-0.7468205690383911, -0.6650255918502808, 0.0, 885.8363037109375], [0.6650255918502808, -0.7468205690383911, 0.0, -344.686279296875], [0.0, 0.0, 1.0, 0.0], [0.0, 0.0, 0.0, 1.0]], "cam_ids": [0, 1, 2, 3, 4, 5], "cam_channels": ["CAM_FRONT_LEFT", "CAM_FRONT", "CAM_FRONT_RIGHT", "CAM_BACK_LEFT", "CAM_BACK", "CAM_BACK_RIGHT"], "token": "6ab16d415f064bbcaadd09a6c67c9633", "scene": "scene-0531"}, {"images": ["samples/CAM_FRONT_LEFT/n008-2018-08-30-15-52-26-0400__CAM_FRONT_LEFT__1535658986404799.jpg", "samples/CAM_FRONT/n008-2018-08-30-15-52-26-0400__CAM_FRONT__1535658986412419.jpg", "samples/CAM_FRONT_RIGHT/n008-2018-08-30-15-52-26-0400__CAM_FRONT_RIGHT__1535658986420482.jpg", "samples/CAM_BACK_LEFT/n008-2018-08-30-15-52-26-0400__CAM_BACK_LEFT__1535658986447405.jpg", "samples/CAM_BACK/n008-2018-08-30-15-52-26-0400__CAM_BACK__1535658986437558.jpg", "samples/CAM_BACK_RIGHT/n008-2018-08-30-15-52-26-0400__CAM_BACK_RIGHT__1535658986428113.jpg"], "intrinsics": [[[1257.8625342125129, 0.0, 827.2410631095686], [0.0, 1257.8625342125129, 450.915498205774], [0.0, 0.0, 1.0]], [[1252.8131021185304, 0.0, 826.588114781398], [0.0, 1252.8131021185304, 469.9846626224581], [0.0, 0.0, 1.0]], [[1256.7485116440405, 0.0, 817.7887570959712], [0.0, 1256.7485116440403, 451.9541780095127], [0.0, 0.0, 1.0]], [[1254.9860565800168, 0.0, 829.5769333630991], [0.0, 1254.9860565800168, 467.1680561863987], [0.0, 0.0, 1.0]], [[796.8910634503094, 0.0, 857.7774326863696], [0.0, 796.8910634503094, 476.8848988407415], [0.0, 0.0, 1.0]], [[1249.9629280788233, 0.0, 825.3768045375984], [0.0, 1249.9629280788233, 462.54816385708756], [0.0, 0.0, 1.0]]], "extrinsics": [[[0.8290958404541016, -0.5590999722480774, -0.0027310417499393225, -0.87188720703125], [0.004475579131394625, 0.011521226726472378, -0.999923586845398, 1.4890938997268677], [0.5590887665748596, 0.8290202021598816, 0.012054494582116604, -1.23687744140625], [0.0, 0.0, 0.0, 1.0]], [[0.01983650028705597, -0.9997755289077759, -0.0074540721252560616, 0.00299072265625], [0.0067126937210559845, 0.007588549051433802, -0.9999487400054932, 1.4811091423034668], [0.9997806549072266, 0.019785409793257713, 0.006861716974526644, -1.59954833984375], [0.0, 0.0, 0.0, 1.0]], [[-0.8399505615234375, -0.5425266027450562, -0.012166416272521019, 1.001953125], [0.01504805963486433, -0.0008747806423343718, -0.9998863935470581, 1.4946060180664062], [0.5424542427062988, -0.8400382399559021, 0.00889874342828989, -1.22625732421875], [0.0, 0.0, 0.0, 1.0]], [[0.9478598237037659, 0.31865736842155457, -0.004400004632771015, -1.1446533203125], [-0.009613366797566414, 0.01478956826031208, -0.9998444318771362, 1.562124252319336], [-0.3185427188873291, 0.9477546215057373, 0.01708180643618107, -0.1514892578125], [0.0, 0.0, 0.0, 1.0]], [[0.0063240970484912395, 0.9999557733535767, 0.006965679116547108, -0.0244140625], [-0.007771567907184362, 0.00701475702226162, -0.9999451637268066, 1.5678067207336426], [-0.9999498724937439, 0.006269634235650301, 0.007815586403012276, 0.0076904296875], [0.0, 0.0, 0.0, 1.0]], [[-0.9258434772491455, 0.3778984844684601, -0.0025652784388512373, 1.0947265625], [-0.0037209929432719946, -0.01590372622013092, -0.9998666048049927, 1.5474669933319092], [-0.37788885831832886, -0.9257104992866516, 0.016130518168210983, -0.07552337646484375], [0.0, 0.0, 0.0, 1.0]]], "view": [[0.0, -2.0, 100.0], [-2.0, 0.0, 100.0], [0.0, 0.0, 1.0]], "bev": "bev_9324c112e3394d3a865816071c79ca36.png", "aux": "aux_9324c112e3394d3a865816071c79ca36.npz", "visibility": "visibility_9324c112e3394d3a865816071c79ca36.png", "pose": [[-0.8196709752082825, 0.5728346109390259, 0.0, 889.3276977539062], [-0.5728346109390259, -0.8196709752082825, 0.0, 330.5261535644531], [0.0, 0.0, 1.0, 0.0], [0.0, 0.0, 0.0, 1.0]], "pose_inverse": [[-0.8196709752082825, -0.5728346109390259, 0.0, 918.2929077148438], [0.5728346109390259, -0.8196709752082825, 0.0, -238.51498413085938], [0.0, 0.0, 1.0, 0.0], [0.0, 0.0, 0.0, 1.0]], "cam_ids": [0, 1, 2, 3, 4, 5], "cam_channels": ["CAM_FRONT_LEFT", "CAM_FRONT", "CAM_FRONT_RIGHT", "CAM_BACK_LEFT", "CAM_BACK", "CAM_BACK_RIGHT"], "token": "9324c112e3394d3a865816071c79ca36", "scene": "scene-0531"}, {"images": ["samples/CAM_FRONT_LEFT/n008-2018-08-30-15-52-26-0400__CAM_FRONT_LEFT__1535658986854799.jpg", "samples/CAM_FRONT/n008-2018-08-30-15-52-26-0400__CAM_FRONT__1535658986862404.jpg", "samples/CAM_FRONT_RIGHT/n008-2018-08-30-15-52-26-0400__CAM_FRONT_RIGHT__1535658986870482.jpg", "samples/CAM_BACK_LEFT/n008-2018-08-30-15-52-26-0400__CAM_BACK_LEFT__1535658986897405.jpg", "samples/CAM_BACK/n008-2018-08-30-15-52-26-0400__CAM_BACK__1535658986887558.jpg", "samples/CAM_BACK_RIGHT/n008-2018-08-30-15-52-26-0400__CAM_BACK_RIGHT__1535658986878113.jpg"], "intrinsics": [[[1257.8625342125129, 0.0, 827.2410631095686], [0.0, 1257.8625342125129, 450.915498205774], [0.0, 0.0, 1.0]], [[1252.8131021185304, 0.0, 826.588114781398], [0.0, 1252.8131021185304, 469.9846626224581], [0.0, 0.0, 1.0]], [[1256.7485116440405, 0.0, 817.7887570959712], [0.0, 1256.7485116440403, 451.9541780095127], [0.0, 0.0, 1.0]], [[1254.9860565800168, 0.0, 829.5769333630991], [0.0, 1254.9860565800168, 467.1680561863987], [0.0, 0.0, 1.0]], [[796.8910634503094, 0.0, 857.7774326863696], [0.0, 796.8910634503094, 476.8848988407415], [0.0, 0.0, 1.0]], [[1249.9629280788233, 0.0, 825.3768045375984], [0.0, 1249.9629280788233, 462.54816385708756], [0.0, 0.0, 1.0]]], "extrinsics": [[[0.831242024898529, -0.5559026598930359, 0.00299873948097229, -0.86383056640625], [0.010281254537403584, 0.009979769587516785, -0.9998973608016968, 1.4900636672973633], [0.5558156371116638, 0.8311874866485596, 0.014010980725288391, -1.237335205078125], [0.0, 0.0, 0.0, 1.0]], [[0.02319745160639286, -0.999713122844696, -0.005962988827377558, 0.00769805908203125], [0.012464230880141258, 0.006253341678529978, -0.9999027848243713, 1.4819421768188477], [0.999653160572052, 0.023120908066630363, 0.012605717405676842, -1.59259033203125], [0.0, 0.0, 0.0, 1.0]], [[-0.8384067416191101, -0.5448012351989746, -0.016300596296787262, 0.9967041015625], [0.020738977938890457, -0.0020019053481519222, -0.999782919883728, 1.4953861236572266], [0.5446503758430481, -0.8385627269744873, 0.01297703105956316, -1.21722412109375], [0.0, 0.0, 0.0, 1.0]], [[0.9476973414421082, 0.3191702365875244, 0.0003665570984594524, -1.13970947265625], [-0.004361026920378208, 0.01409733947366476, -0.9998911023139954, 1.56203031539917], [-0.319140762090683, 0.9475924968719482, 0.014751922339200974, -0.156951904296875], [0.0, 0.0, 0.0, 1.0]], [[0.005084103439003229, 0.9999679923057556, 0.006163398269563913, -0.02838134765625], [-0.002414177404716611, 0.00617573456838727, -0.9999779462814331, 1.567954659461975], [-0.9999842643737793, 0.0050691766664385796, 0.002445498015731573, -0.0003662109375], [0.0, 0.0, 0.0, 1.0]], [[-0.9265473484992981, 0.37609046697616577, -0.008113239891827106, 1.08514404296875], [0.0018837576499208808, -0.016928566619753838, -0.9998549222946167, 1.5479581356048584], [-0.3761732280254364, -0.9264282584190369, 0.01497665699571371, -0.074798583984375], [0.0, 0.0, 0.0, 1.0]]], "view": [[0.0, -2.0, 100.0], [-2.0, 0.0, 100.0], [0.0, 0.0, 1.0]], "bev": "bev_30231f0472bf474780a7843a0cd23575.png", "aux": "aux_30231f0472bf474780a7843a0cd23575.npz", "visibility": "visibility_30231f0472bf474780a7843a0cd23575.png", "pose": [[-0.8941165804862976, 0.44783422350883484, 0.0, 887.8211669921875], [-0.44783422350883484, -0.8941165804862976, 0.0, 329.62982177734375], [0.0, 0.0, 1.0, 0.0], [0.0, 0.0, 0.0, 1.0]], "pose_inverse": [[-0.8941165804862976, -0.44783422350883484, 0.0, 941.4351806640625], [0.44783422350883484, -0.8941165804862976, 0.0, -102.86920928955078], [0.0, 0.0, 1.0, 0.0], [0.0, 0.0, 0.0, 1.0]], "cam_ids": [0, 1, 2, 3, 4, 5], "cam_channels": ["CAM_FRONT_LEFT", "CAM_FRONT", "CAM_FRONT_RIGHT", "CAM_BACK_LEFT", "CAM_BACK", "CAM_BACK_RIGHT"], "token": "30231f0472bf474780a7843a0cd23575", "scene": "scene-0531"}, {"images": ["samples/CAM_FRONT_LEFT/n008-2018-08-30-15-52-26-0400__CAM_FRONT_LEFT__1535658987354799.jpg", "samples/CAM_FRONT/n008-2018-08-30-15-52-26-0400__CAM_FRONT__1535658987362404.jpg", "samples/CAM_FRONT_RIGHT/n008-2018-08-30-15-52-26-0400__CAM_FRONT_RIGHT__1535658987370482.jpg", "samples/CAM_BACK_LEFT/n008-2018-08-30-15-52-26-0400__CAM_BACK_LEFT__1535658987397405.jpg", "samples/CAM_BACK/n008-2018-08-30-15-52-26-0400__CAM_BACK__1535658987387558.jpg", "samples/CAM_BACK_RIGHT/n008-2018-08-30-15-52-26-0400__CAM_BACK_RIGHT__1535658987378113.jpg"], "intrinsics": [[[1257.8625342125129, 0.0, 827.2410631095686], [0.0, 1257.8625342125129, 450.915498205774], [0.0, 0.0, 1.0]], [[1252.8131021185304, 0.0, 826.588114781398], [0.0, 1252.8131021185304, 469.9846626224581], [0.0, 0.0, 1.0]], [[1256.7485116440405, 0.0, 817.7887570959712], [0.0, 1256.7485116440403, 451.9541780095127], [0.0, 0.0, 1.0]], [[1254.9860565800168, 0.0, 829.5769333630991], [0.0, 1254.9860565800168, 467.1680561863987], [0.0, 0.0, 1.0]], [[796.8910634503094, 0.0, 857.7774326863696], [0.0, 796.8910634503094, 476.8848988407415], [0.0, 0.0, 1.0]], [[1249.9629280788233, 0.0, 825.3768045375984], [0.0, 1249.9629280788233, 462.54816385708756], [0.0, 0.0, 1.0]]], "extrinsics": [[[0.8328701257705688, -0.5534048676490784, 0.008399402722716331, -0.871826171875], [0.011570792645215988, 0.0022373280953615904, -0.9999305605888367, 1.4901504516601562], [0.553347647190094, 0.8329094052314758, 0.008266734890639782, -1.24420166015625], [0.0, 0.0, 0.0, 1.0]], [[0.025485502555966377, -0.9996715784072876, 0.0026905378326773643, 0.00861358642578125], [0.013862034305930138, -0.0023377579636871815, -0.9999011754989624, 1.4820013046264648], [0.9995790123939514, 0.025520334020256996, 0.013797903433442116, -1.602294921875], [0.0, 0.0, 0.0, 1.0]], [[-0.8375219106674194, -0.5462635159492493, -0.01238237600773573, 1.004638671875], [0.02221878059208393, -0.011405120603740215, -0.9996880292892456, 1.4953575134277344], [0.5459518432617188, -0.8375357985496521, 0.02168934792280197, -1.221435546875], [0.0, 0.0, 0.0, 1.0]], [[0.9477458596229553, 0.3190227150917053, -0.0015263308305293322, -1.1436767578125], [-0.0025036276783794165, 0.0026533587370067835, -0.9999933242797852, 1.5620425939559937], [-0.31901660561561584, 0.94774329662323, 0.0033134256955236197, -0.1561126708984375], [0.0, 0.0, 0.0, 1.0]], [[0.004582452122122049, 0.99997878074646, -0.004633136559277773, -0.028717041015625], [-0.0006336233927868307, -0.0046302806586027145, -0.9999890327453613, 1.5680359601974487], [-0.9999893307685852, 0.0045853531919419765, 0.0006123913335613906, 0.0045166015625], [0.0, 0.0, 0.0, 1.0]], [[-0.9269412755966187, 0.37496858835220337, -0.013355215080082417, 1.0914306640625], [0.00348167703486979, -0.026996809989213943, -0.9996294975280762, 1.5480735301971436], [-0.3751901686191559, -0.9266442656517029, 0.0237189382314682, -0.071685791015625], [0.0, 0.0, 0.0, 1.0]]], "view": [[0.0, -2.0, 100.0], [-2.0, 0.0, 100.0], [0.0, 0.0, 1.0]], "bev": "bev_2fc1784f352a487ca59a69dfed16190f.png", "aux": "aux_2fc1784f352a487ca59a69dfed16190f.npz", "visibility": "visibility_2fc1784f352a487ca59a69dfed16190f.png", "pose": [[-0.9652864336967468, 0.2611936330795288, 0.0, 886.0549926757812], [-0.2611936330795288, -0.9652864336967468, 0.0, 328.95965576171875], [0.0, 0.0, 1.0, 0.0], [0.0, 0.0, 0.0, 1.0]], "pose_inverse": [[-0.9652864336967468, -0.2611936330795288, 0.0, 941.2190551757812], [0.2611936330795288, -0.9652864336967468, 0.0, 86.10836791992188], [0.0, 0.0, 1.0, 0.0], [0.0, 0.0, 0.0, 1.0]], "cam_ids": [0, 1, 2, 3, 4, 5], "cam_channels": ["CAM_FRONT_LEFT", "CAM_FRONT", "CAM_FRONT_RIGHT", "CAM_BACK_LEFT", "CAM_BACK", "CAM_BACK_RIGHT"], "token": "2fc1784f352a487ca59a69dfed16190f", "scene": "scene-0531"}, {"images": ["samples/CAM_FRONT_LEFT/n008-2018-08-30-15-52-26-0400__CAM_FRONT_LEFT__1535658987854799.jpg", "samples/CAM_FRONT/n008-2018-08-30-15-52-26-0400__CAM_FRONT__1535658987862404.jpg", "samples/CAM_FRONT_RIGHT/n008-2018-08-30-15-52-26-0400__CAM_FRONT_RIGHT__1535658987870482.jpg", "samples/CAM_BACK_LEFT/n008-2018-08-30-15-52-26-0400__CAM_BACK_LEFT__1535658987897405.jpg", "samples/CAM_BACK/n008-2018-08-30-15-52-26-0400__CAM_BACK__1535658987887558.jpg", "samples/CAM_BACK_RIGHT/n008-2018-08-30-15-52-26-0400__CAM_BACK_RIGHT__1535658987878113.jpg"], "intrinsics": [[[1257.8625342125129, 0.0, 827.2410631095686], [0.0, 1257.8625342125129, 450.915498205774], [0.0, 0.0, 1.0]], [[1252.8131021185304, 0.0, 826.588114781398], [0.0, 1252.8131021185304, 469.9846626224581], [0.0, 0.0, 1.0]], [[1256.7485116440405, 0.0, 817.7887570959712], [0.0, 1256.7485116440403, 451.9541780095127], [0.0, 0.0, 1.0]], [[1254.9860565800168, 0.0, 829.5769333630991], [0.0, 1254.9860565800168, 467.1680561863987], [0.0, 0.0, 1.0]], [[796.8910634503094, 0.0, 857.7774326863696], [0.0, 796.8910634503094, 476.8848988407415], [0.0, 0.0, 1.0]], [[1249.9629280788233, 0.0, 825.3768045375984], [0.0, 1249.9629280788233, 462.54816385708756], [0.0, 0.0, 1.0]]], "extrinsics": [[[0.833004891872406, -0.553261935710907, 0.0019867545925080776, -0.8642578125], [0.006964812986552715, 0.00689558545127511, -0.999951958656311, 1.4895076751708984], [0.5532217621803284, 0.8329787850379944, 0.009597421623766422, -1.23602294921875], [0.0, 0.0, 0.0, 1.0]], [[0.02562076225876808, -0.9996688365936279, -0.0024223418440669775, 0.006591796875], [0.008970907889306545, 0.0026529559399932623, -0.9999562501907349, 1.4814367294311523], [0.9996314644813538, 0.025597909465432167, 0.009035906754434109, -1.59356689453125], [0.0, 0.0, 0.0, 1.0]], [[-0.8375465869903564, -0.5462558269500732, -0.010960900224745274, 0.998291015625], [0.017084265127778053, -0.006132249254733324, -0.9998352527618408, 1.4949274063110352], [0.5460986495018005, -0.8375959992408752, 0.014468425884842873, -1.2193145751953125], [0.0, 0.0, 0.0, 1.0]], [[0.9477497935295105, 0.31896981596946716, -0.005328594706952572, -1.14111328125], [-0.008450023829936981, 0.00840296596288681, -0.9999289512634277, 1.5620160102844238], [-0.3189024031162262, 0.9477275609970093, 0.010659213177859783, -0.15717697143554688], [0.0, 0.0, 0.0, 1.0]], [[0.0046508051455020905, 0.9999886751174927, 0.0009699765359982848, -0.028076171875], [-0.006331450305879116, 0.0009994145948439837, -0.9999794363975525, 1.567795753479004], [-0.9999692440032959, 0.004644571337848902, 0.006336027290672064, 0.00244140625], [0.0, 0.0, 0.0, 1.0]], [[-0.9269940257072449, 0.3750219941139221, -0.006366791669279337, 1.0877685546875], [-0.0018532099202275276, -0.02155398018658161, -0.9997659921646118, 1.547640323638916], [-0.3750714361667633, -0.9267653226852417, 0.020675405859947205, -0.074462890625], [0.0, 0.0, 0.0, 1.0]]], "view": [[0.0, -2.0, 100.0], [-2.0, 0.0, 100.0], [0.0, 0.0, 1.0]], "bev": "bev_ea055c6e190f4a1fb7bc221bee15e1e2.png", "aux": "aux_ea055c6e190f4a1fb7bc221bee15e1e2.npz", "visibility": "visibility_ea055c6e190f4a1fb7bc221bee15e1e2.png", "pose": [[-0.9987465739250183, 0.05005265027284622, 0.0, 884.2308349609375], [-0.05005265027284622, -0.9987465739250183, 0.0, 328.6801452636719], [0.0, 0.0, 1.0, 0.0], [0.0, 0.0, 0.0, 1.0]], "pose_inverse": [[-0.9987465739250183, -0.05005265027284622, 0.0, 899.5738525390625], [0.05005265027284622, -0.9987465739250183, 0.0, 284.01007080078125], [0.0, 0.0, 1.0, 0.0], [0.0, 0.0, 0.0, 1.0]], "cam_ids": [0, 1, 2, 3, 4, 5], "cam_channels": ["CAM_FRONT_LEFT", "CAM_FRONT", "CAM_FRONT_RIGHT", "CAM_BACK_LEFT", "CAM_BACK", "CAM_BACK_RIGHT"], "token": "ea055c6e190f4a1fb7bc221bee15e1e2", "scene": "scene-0531"}, {"images": ["samples/CAM_FRONT_LEFT/n008-2018-08-30-15-52-26-0400__CAM_FRONT_LEFT__1535658988354799.jpg", "samples/CAM_FRONT/n008-2018-08-30-15-52-26-0400__CAM_FRONT__1535658988362404.jpg", "samples/CAM_FRONT_RIGHT/n008-2018-08-30-15-52-26-0400__CAM_FRONT_RIGHT__1535658988370482.jpg", "samples/CAM_BACK_LEFT/n008-2018-08-30-15-52-26-0400__CAM_BACK_LEFT__1535658988397405.jpg", "samples/CAM_BACK/n008-2018-08-30-15-52-26-0400__CAM_BACK__1535658988387558.jpg", "samples/CAM_BACK_RIGHT/n008-2018-08-30-15-52-26-0400__CAM_BACK_RIGHT__1535658988378113.jpg"], "intrinsics": [[[1257.8625342125129, 0.0, 827.2410631095686], [0.0, 1257.8625342125129, 450.915498205774], [0.0, 0.0, 1.0]], [[1252.8131021185304, 0.0, 826.588114781398], [0.0, 1252.8131021185304, 469.9846626224581], [0.0, 0.0, 1.0]], [[1256.7485116440405, 0.0, 817.7887570959712], [0.0, 1256.7485116440403, 451.9541780095127], [0.0, 0.0, 1.0]], [[1254.9860565800168, 0.0, 829.5769333630991], [0.0, 1254.9860565800168, 467.1680561863987], [0.0, 0.0, 1.0]], [[796.8910634503094, 0.0, 857.7774326863696], [0.0, 796.8910634503094, 476.8848988407415], [0.0, 0.0, 1.0]], [[1249.9629280788233, 0.0, 825.3768045375984], [0.0, 1249.9629280788233, 462.54816385708756], [0.0, 0.0, 1.0]]], "extrinsics": [[[0.8326324224472046, -0.5538138151168823, 0.003675218904390931, -0.876190185546875], [0.0063897003419697285, 0.0029705737251788378, -0.9999751448631287, 1.489290714263916], [0.5537891387939453, 0.8326352834701538, 0.006012098863720894, -1.24639892578125], [0.0, 0.0, 0.0, 1.0]], [[0.025219934061169624, -0.9996810555458069, 0.0012626434909179807, 0.008056640625], [0.008440500125288963, -0.0010500639909878373, -0.9999638795852661, 1.4812541007995605], [0.9996463060379028, 0.025229690596461296, 0.008411327376961708, -1.605712890625], [0.0, 0.0, 0.0, 1.0]], [[-0.83761066198349, -0.5461992621421814, -0.008639734238386154, 1.0059814453125], [0.01658548042178154, -0.009619252756237984, -0.9998161196708679, 1.4947452545166016], [0.546015739440918, -0.8375999927520752, 0.017116166651248932, -1.2225456237792969], [0.0, 0.0, 0.0, 1.0]], [[0.9477934837341309, 0.31881362199783325, -0.006731853820383549, -1.14453125], [-0.008854109793901443, 0.0052079628221690655, -0.9999472498893738, 1.5620393753051758], [-0.3187617361545563, 0.9478030800819397, 0.007758883759379387, -0.1571807861328125], [0.0, 0.0, 0.0, 1.0]], [[0.004721214063465595, 0.9999861717224121, -0.002276612911373377, -0.0286865234375], [-0.006738921161741018, -0.0022447712253779173, -0.99997478723526, 1.5678014755249023], [-0.9999661445617676, 0.004736410453915596, 0.0067282309755682945, 0.0057373046875], [0.0, 0.0, 0.0, 1.0]], [[-0.9269698858261108, 0.37506964802742004, -0.007038035895675421, 1.0928955078125], [-0.002488258294761181, -0.024908361956477165, -0.9996866583824158, 1.5476303100585938], [-0.3751274347305298, -0.9266619086265564, 0.024022571742534637, -0.07110595703125], [0.0, 0.0, 0.0, 1.0]]], "view": [[0.0, -2.0, 100.0], [-2.0, 0.0, 100.0], [0.0, 0.0, 1.0]], "bev": "bev_eb5e3e7eacba40b1a1fdd204e30393e7.png", "aux": "aux_eb5e3e7eacba40b1a1fdd204e30393e7.npz", "visibility": "visibility_eb5e3e7eacba40b1a1fdd204e30393e7.png", "pose": [[-0.9872499108314514, -0.1591777503490448, 0.0, 882.4312133789062], [0.1591777503490448, -0.9872499108314514, 0.0, 328.78533935546875], [0.0, 0.0, 1.0, 0.0], [0.0, 0.0, 0.0, 1.0]], "pose_inverse": [[-0.9872499108314514, 0.1591777503490448, 0.0, 818.8448486328125], [-0.1591777503490448, -0.9872499108314514, 0.0, 465.0567321777344], [0.0, 0.0, 1.0, 0.0], [0.0, 0.0, 0.0, 1.0]], "cam_ids": [0, 1, 2, 3, 4, 5], "cam_channels": ["CAM_FRONT_LEFT", "CAM_FRONT", "CAM_FRONT_RIGHT", "CAM_BACK_LEFT", "CAM_BACK", "CAM_BACK_RIGHT"], "token": "eb5e3e7eacba40b1a1fdd204e30393e7", "scene": "scene-0531"}, {"images": ["samples/CAM_FRONT_LEFT/n008-2018-08-30-15-52-26-0400__CAM_FRONT_LEFT__1535658988854799.jpg", "samples/CAM_FRONT/n008-2018-08-30-15-52-26-0400__CAM_FRONT__1535658988862404.jpg", "samples/CAM_FRONT_RIGHT/n008-2018-08-30-15-52-26-0400__CAM_FRONT_RIGHT__1535658988870482.jpg", "samples/CAM_BACK_LEFT/n008-2018-08-30-15-52-26-0400__CAM_BACK_LEFT__1535658988897405.jpg", "samples/CAM_BACK/n008-2018-08-30-15-52-26-0400__CAM_BACK__1535658988887558.jpg", "samples/CAM_BACK_RIGHT/n008-2018-08-30-15-52-26-0400__CAM_BACK_RIGHT__1535658988878113.jpg"], "intrinsics": [[[1257.8625342125129, 0.0, 827.2410631095686], [0.0, 1257.8625342125129, 450.915498205774], [0.0, 0.0, 1.0]], [[1252.8131021185304, 0.0, 826.588114781398], [0.0, 1252.8131021185304, 469.9846626224581], [0.0, 0.0, 1.0]], [[1256.7485116440405, 0.0, 817.7887570959712], [0.0, 1256.7485116440403, 451.9541780095127], [0.0, 0.0, 1.0]], [[1254.9860565800168, 0.0, 829.5769333630991], [0.0, 1254.9860565800168, 467.1680561863987], [0.0, 0.0, 1.0]], [[796.8910634503094, 0.0, 857.7774326863696], [0.0, 796.8910634503094, 476.8848988407415], [0.0, 0.0, 1.0]], [[1249.9629280788233, 0.0, 825.3768045375984], [0.0, 1249.9629280788233, 462.54816385708756], [0.0, 0.0, 1.0]]], "extrinsics": [[[0.8332008719444275, -0.5529543161392212, 0.004228216130286455, -0.8704376220703125], [0.006624531000852585, 0.002335553988814354, -0.999975323677063, 1.489375114440918], [0.5529307723045349, 0.8332083225250244, 0.005609047133475542, -1.2420654296875], [0.0, 0.0, 0.0, 1.0]], [[0.025992315262556076, -0.999660313129425, 0.0019331362564116716, 0.0076904296875], [0.00889124907553196, -0.0017025315901264548, -0.9999590516090393, 1.4813642501831055], [0.9996225833892822, 0.026008445769548416, 0.008843977004289627, -1.59979248046875], [0.0, 0.0, 0.0, 1.0]], [[-0.8373305797576904, -0.5466254353523254, -0.008845568634569645, 1.00189208984375], [0.017271287739276886, -0.010277592577040195, -0.9997979402542114, 1.4948878288269043], [0.5464240908622742, -0.8373141884803772, 0.01804666593670845, -1.2204742431640625], [0.0, 0.0, 0.0, 1.0]], [[0.9477265477180481, 0.3190261125564575, -0.006061788182705641, -1.14263916015625], [-0.008051833137869835, 0.004919399507343769, -0.9999554753303528, 1.562019944190979], [-0.3189821243286133, 0.9477331638336182, 0.007230989169329405, -0.158233642578125], [0