[{"images": ["samples/CAM_FRONT_LEFT/n008-2018-09-18-14-35-12-0400__CAM_FRONT_LEFT__1537296175854799.jpg", "samples/CAM_FRONT/n008-2018-09-18-14-35-12-0400__CAM_FRONT__1537296175862404.jpg", "samples/CAM_FRONT_RIGHT/n008-2018-09-18-14-35-12-0400__CAM_FRONT_RIGHT__1537296175870482.jpg", "samples/CAM_BACK_LEFT/n008-2018-09-18-14-35-12-0400__CAM_BACK_LEFT__1537296175897405.jpg", "samples/CAM_BACK/n008-2018-09-18-14-35-12-0400__CAM_BACK__1537296175887558.jpg", "samples/CAM_BACK_RIGHT/n008-2018-09-18-14-35-12-0400__CAM_BACK_RIGHT__1537296175878113.jpg"], "intrinsics": [[[1257.8625342125129, 0.0, 827.2410631095686], [0.0, 1257.8625342125129, 450.915498205774], [0.0, 0.0, 1.0]], [[1252.8131021185304, 0.0, 826.588114781398], [0.0, 1252.8131021185304, 469.9846626224581], [0.0, 0.0, 1.0]], [[1256.7485116440405, 0.0, 817.7887570959712], [0.0, 1256.7485116440403, 451.9541780095127], [0.0, 0.0, 1.0]], [[1254.9860565800168, 0.0, 829.5769333630991], [0.0, 1254.9860565800168, 467.1680561863987], [0.0, 0.0, 1.0]], [[796.8910634503094, 0.0, 857.7774326863696], [0.0, 796.8910634503094, 476.8848988407415], [0.0, 0.0, 1.0]], [[1249.9629280788233, 0.0, 825.3768045375984], [0.0, 1249.9629280788233, 462.54816385708756], [0.0, 0.0, 1.0]]], "extrinsics": [[[0.822663426399231, -0.5685060620307922, 0.005061531439423561, -0.703033447265625], [0.013750242069363594, 0.010995618999004364, -0.999845027923584, 1.493255615234375], [0.568362295627594, 0.8226056098937988, 0.016862791031599045, -1.130126953125], [0.0, 0.0, 0.0, 1.0]], [[0.010510504245758057, -0.9999220967292786, -0.0067327385768294334, 0.0118408203125], [0.01576373353600502, 0.00689796544611454, -0.9998519420623779, 1.4848899841308594], [0.9998204708099365, 0.010402788408100605, 0.015835007652640343, -1.43359375], [0.0, 0.0, 0.0, 1.0]], [[-0.8437708616256714, -0.5363591313362122, -0.019226565957069397, 0.8941650390625], [0.023896247148513794, -0.0017561184940859675, -0.9997128844261169, 1.498678207397461], [0.5361713171005249, -0.8439880609512329, 0.014298731461167336, -1.1497802734375], [0.0, 0.0, 0.0, 1.0]], [[0.9478614926338196, 0.31866520643234253, 0.0033228229731321335, -1.1259765625], [-0.0010546664707362652, 0.013563428074121475, -0.9999074339866638, 1.562021255493164], [-0.31868085265159607, 0.9477702975273132, 0.013192337937653065, -0.162353515625], [0.0, 0.0, 0.0, 1.0]], [[0.009076988324522972, 0.999940812587738, 0.005998269654810429, -0.0289306640625], [0.0009665658581070602, 0.0059897406026721, -0.9999815225601196, 1.5681486129760742], [-0.999958336353302, 0.009082608856260777, -0.0009121405309997499, -0.053466796875], [0.0, 0.0, 0.0, 1.0]], [[-0.9237299561500549, 0.3828853964805603, -0.011029426008462906, 0.9998283386230469], [0.004983475431799889, -0.01677878573536873, -0.9998468160629272, 1.5487060546875], [-0.38301175832748413, -0.9236434698104858, 0.01359096821397543, -0.108154296875], [0.0, 0.0, 0.0, 1.0]]], "view": [[0.0, -2.0, 100.0], [-2.0, 0.0, 100.0], [0.0, 0.0, 1.0]], "bev": "bev_8b77b8e2cbf144bea91f4c1856b05a7c.png", "aux": "aux_8b77b8e2cbf144bea91f4c1856b05a7c.npz", "visibility": "visibility_8b77b8e2cbf144bea91f4c1856b05a7c.png", "pose": [[-0.8788939118385315, -0.47701728343963623, 0.0, 1667.7371826171875], [0.47701728343963623, -0.8788939118385315, 0.0, 1279.46923828125], [0.0, 0.0, 1.0, 0.0], [0.0, 0.0, 0.0, 1.0]], "pose_inverse": [[-0.8788939118385315, 0.47701728343963623, 0.0, 855.4351196289062], [-0.47701728343963623, -0.8788939118385315, 0.0, 1920.0572509765625], [0.0, 0.0, 1.0, 0.0], [0.0, 0.0, 0.0, 1.0]], "cam_ids": [0, 1, 2, 3, 4, 5], "cam_channels": ["CAM_FRONT_LEFT", "CAM_FRONT", "CAM_FRONT_RIGHT", "CAM_BACK_LEFT", "CAM_BACK", "CAM_BACK_RIGHT"], "token": "8b77b8e2cbf144bea91f4c1856b05a7c", "scene": "scene-0637"}, {"images": ["samples/CAM_FRONT_LEFT/n008-2018-09-18-14-35-12-0400__CAM_FRONT_LEFT__1537296176354799.jpg", "samples/CAM_FRONT/n008-2018-09-18-14-35-12-0400__CAM_FRONT__1537296176362404.jpg", "samples/CAM_FRONT_RIGHT/n008-2018-09-18-14-35-12-0400__CAM_FRONT_RIGHT__1537296176370482.jpg", "samples/CAM_BACK_LEFT/n008-2018-09-18-14-35-12-0400__CAM_BACK_LEFT__1537296176397405.jpg", "samples/CAM_BACK/n008-2018-09-18-14-35-12-0400__CAM_BACK__1537296176387558.jpg", "samples/CAM_BACK_RIGHT/n008-2018-09-18-14-35-12-0400__CAM_BACK_RIGHT__1537296176378113.jpg"], "intrinsics": [[[1257.8625342125129, 0.0, 827.2410631095686], [0.0, 1257.8625342125129, 450.915498205774], [0.0, 0.0, 1.0]], [[1252.8131021185304, 0.0, 826.588114781398], [0.0, 1252.8131021185304, 469.9846626224581], [0.0, 0.0, 1.0]], [[1256.7485116440405, 0.0, 817.7887570959712], [0.0, 1256.7485116440403, 451.9541780095127], [0.0, 0.0, 1.0]], [[1254.9860565800168, 0.0, 829.5769333630991], [0.0, 1254.9860565800168, 467.1680561863987], [0.0, 0.0, 1.0]], [[796.8910634503094, 0.0, 857.7774326863696], [0.0, 796.8910634503094, 476.8848988407415], [0.0, 0.0, 1.0]], [[1249.9629280788233, 0.0, 825.3768045375984], [0.0, 1249.9629280788233, 462.54816385708756], [0.0, 0.0, 1.0]]], "extrinsics": [[[0.8226239681243896, -0.5685698986053467, 0.004255747888237238, -0.703033447265625], [0.017692232504487038, 0.018115049228072166, -0.9996793866157532, 1.4946823120117188], [0.5683104991912842, 0.8224354386329651, 0.024961145594716072, -1.129150390625], [0.0, 0.0, 0.0, 1.0]], [[0.010515629313886166, -0.9998474717140198, -0.013940810225903988, 0.0115966796875], [0.019537394866347313, 0.014144357293844223, -0.9997090697288513, 1.4860420227050781], [0.9997538328170776, 0.010240231640636921, 0.019683152437210083, -1.43212890625], [0.0, 0.0, 0.0, 1.0]], [[-0.8437069058418274, -0.5361663103103638, -0.026161959394812584, 0.891845703125], [0.027416715398430824, 0.005632652901113033, -0.9996082186698914, 1.4995613098144531], [0.5361036062240601, -0.8440936207771301, 0.009947609156370163, -1.1484375], [0.0, 0.0, 0.0, 1.0]], [[0.947842538356781, 0.3186279535293579, 0.008407530374825, -1.12646484375], [0.0016056493623182178, 0.02160404622554779, -0.9997652769088745, 1.5620689392089844], [-0.3187348246574402, 0.9476336240768433, 0.019965630024671555, -0.1622314453125], [0.0, 0.0, 0.0, 1.0]], [[0.009041748940944672, 0.9998639225959778, 0.01380129624158144, -0.029052734375], [0.0038454835303127766, 0.013766990043222904, -0.9998977780342102, 1.5684261322021484], [-0.9999517798423767, 0.009093868546187878, -0.003720482811331749, -0.05413818359375], [0.0, 0.0, 0.0, 1.0]], [[-0.9236891865730286, 0.3829815685749054, -0.011103580705821514, 0.998199462890625], [0.008195181377232075, -0.009224814362823963, -0.999923825263977, 1.5492620468139648], [-0.38305482268333435, -0.9237098693847656, 0.00538225844502449, -0.109619140625], [0.0, 0.0, 0.0, 1.0]]], "view": [[0.0, -2.0, 100.0], [-2.0, 0.0, 100.0], [0.0, 0.0, 1.0]], "bev": "bev_dd403267ce2e4dec831acaa685e6addb.png", "aux": "aux_dd403267ce2e4dec831acaa685e6addb.npz", "visibility": "visibility_dd403267ce2e4dec831acaa685e6addb.png", "pose": [[-0.879277229309082, -0.4763103127479553, 0.0, 1664.1793212890625], [0.4763103127479553, -0.879277229309082, 0.0, 1281.43310546875], [0.0, 0.0, 1.0, 0.0], [0.0, 0.0, 0.0, 1.0]], "pose_inverse": [[-0.879277229309082, 0.4763103127479553, 0.0, 852.9152221679688], [-0.4763103127479553, -0.879277229309082, 0.0, 1919.4007568359375], [0.0, 0.0, 1.0, 0.0], [0.0, 0.0, 0.0, 1.0]], "cam_ids": [0, 1, 2, 3, 4, 5], "cam_channels": ["CAM_FRONT_LEFT", "CAM_FRONT", "CAM_FRONT_RIGHT", "CAM_BACK_LEFT", "CAM_BACK", "CAM_BACK_RIGHT"], "token": "dd403267ce2e4dec831acaa685e6addb", "scene": "scene-0637"}, {"images": ["samples/CAM_FRONT_LEFT/n008-2018-09-18-14-35-12-0400__CAM_FRONT_LEFT__1537296176854799.jpg", "samples/CAM_FRONT/n008-2018-09-18-14-35-12-0400__CAM_FRONT__1537296176862404.jpg", "samples/CAM_FRONT_RIGHT/n008-2018-09-18-14-35-12-0400__CAM_FRONT_RIGHT__1537296176870482.jpg", "samples/CAM_BACK_LEFT/n008-2018-09-18-14-35-12-0400__CAM_BACK_LEFT__1537296176897405.jpg", "samples/CAM_BACK/n008-2018-09-18-14-35-12-0400__CAM_BACK__1537296176887558.jpg", "samples/CAM_BACK_RIGHT/n008-2018-09-18-14-35-12-0400__CAM_BACK_RIGHT__1537296176878113.jpg"], "intrinsics": [[[1257.8625342125129, 0.0, 827.2410631095686], [0.0, 1257.8625342125129, 450.915498205774], [0.0, 0.0, 1.0]], [[1252.8131021185304, 0.0, 826.588114781398], [0.0, 1252.8131021185304, 469.9846626224581], [0.0, 0.0, 1.0]], [[1256.7485116440405, 0.0, 817.7887570959712], [0.0, 1256.7485116440403, 451.9541780095127], [0.0, 0.0, 1.0]], [[1254.9860565800168, 0.0, 829.5769333630991], [0.0, 1254.9860565800168, 467.1680561863987], [0.0, 0.0, 1.0]], [[796.8910634503094, 0.0, 857.7774326863696], [0.0, 796.8910634503094, 476.8848988407415], [0.0, 0.0, 1.0]], [[1249.9629280788233, 0.0, 825.3768045375984], [0.0, 1249.9629280788233, 462.54816385708756], [0.0, 0.0, 1.0]]], "extrinsics": [[[0.8223862648010254, -0.5687490701675415, -0.014328379184007645, -0.699249267578125], [0.003349095582962036, 0.03002394549548626, -0.9995435476303101, 1.4894790649414062], [0.5689195394515991, 0.8219628930091858, 0.026596076786518097, -1.1240234375], [0.0, 0.0, 0.0, 1.0]], [[0.009860590100288391, -0.9996123313903809, -0.026037683710455894, 0.009765625], [0.0052840677089989185, 0.026090674102306366, -0.9996456503868103, 1.4817619323730469], [0.9999373555183411, 0.00971952360123396, 0.005539290606975555, -1.4261474609375], [0.0, 0.0, 0.0, 1.0]], [[-0.8442761898040771, -0.5355141162872314, -0.020549500361084938, 0.8858642578125], [0.01320554781705141, 0.017544660717248917, -0.9997588396072388, 1.4962692260742188], [0.5357455015182495, -0.8443439602851868, -0.007740784902125597, -1.1470947265625], [0.0, 0.0, 0.0, 1.0]], [[0.9478963017463684, 0.31857767701148987, -0.0008960903505794704, -1.123046875], [-0.01206278707832098, 0.03308058902621269, -0.9993798732757568, 1.5617790222167969], [-0.3183504641056061, 0.9473193287849426, 0.035199906677007675, -0.1632080078125], [0.0, 0.0, 0.0, 1.0]], [[0.009476477280259132, 0.9996343851089478, 0.025323931127786636, -0.028076171875], [-0.009954660199582577, 0.025418121367692947, -0.9996273517608643, 1.5670318603515625], [-0.999905526638031, 0.009220847859978676, 0.010191895999014378, -0.05853271484375], [0.0, 0.0, 0.0, 1.0]], [[-0.9235995411872864, 0.38330382108688354, 0.006481751333922148, 0.9939117431640625], [-0.00594208063557744, 0.0025919699110090733, -0.9999790191650391, 1.546738624572754], [-0.3833125829696655, -0.9236186146736145, -0.00011631930101430044, -0.112060546875], [0.0, 0.0, 0.0, 1.0]]], "view": [[0.0, -2.0, 100.0], [-2.0, 0.0, 100.0], [0.0, 0.0, 1.0]], "bev": "bev_08ecb5ce7d91436596526fe3b930db81.png", "aux": "aux_08ecb5ce7d91436596526fe3b930db81.npz", "visibility": "visibility_08ecb5ce7d91436596526fe3b930db81.png", "pose": [[-0.8793711066246033, -0.4761369526386261, 0.0, 1660.6436767578125], [0.4761369526386261, -0.8793711066246033, 0.0, 1283.3690185546875], [0.0, 0.0, 1.0, 0.0], [0.0, 0.0, 0.0, 1.0]], "pose_inverse": [[-0.8793711066246033, 0.4761369526386261, 0.0, 849.2626953125], [-0.4761369526386261, -0.8793711066246033, 0.0, 1919.25146484375], [0.0, 0.0, 1.0, 0.0], [0.0, 0.0, 0.0, 1.0]], "cam_ids": [0, 1, 2, 3, 4, 5], "cam_channels": ["CAM_FRONT_LEFT", "CAM_FRONT", "CAM_FRONT_RIGHT", "CAM_BACK_LEFT", "CAM_BACK", "CAM_BACK_RIGHT"], "token": "08ecb5ce7d91436596526fe3b930db81", "scene": "scene-0637"}, {"images": ["samples/CAM_FRONT_LEFT/n008-2018-09-18-14-35-12-0400__CAM_FRONT_LEFT__1537296177354799.jpg", "samples/CAM_FRONT/n008-2018-09-18-14-35-12-0400__CAM_FRONT__1537296177362404.jpg", "samples/CAM_FRONT_RIGHT/n008-2018-09-18-14-35-12-0400__CAM_FRONT_RIGHT__1537296177370482.jpg", "samples/CAM_BACK_LEFT/n008-2018-09-18-14-35-12-0400__CAM_BACK_LEFT__1537296177397405.jpg", "samples/CAM_BACK/n008-2018-09-18-14-35-12-0400__CAM_BACK__1537296177387558.jpg", "samples/CAM_BACK_RIGHT/n008-2018-09-18-14-35-12-0400__CAM_BACK_RIGHT__1537296177378113.jpg"], "intrinsics": [[[1257.8625342125129, 0.0, 827.2410631095686], [0.0, 1257.8625342125129, 450.915498205774], [0.0, 0.0, 1.0]], [[1252.8131021185304, 0.0, 826.588114781398], [0.0, 1252.8131021185304, 469.9846626224581], [0.0, 0.0, 1.0]], [[1256.7485116440405, 0.0, 817.7887570959712], [0.0, 1256.7485116440403, 451.9541780095127], [0.0, 0.0, 1.0]], [[1254.9860565800168, 0.0, 829.5769333630991], [0.0, 1254.9860565800168, 467.1680561863987], [0.0, 0.0, 1.0]], [[796.8910634503094, 0.0, 857.7774326863696], [0.0, 796.8910634503094, 476.8848988407415], [0.0, 0.0, 1.0]], [[1249.9629280788233, 0.0, 825.3768045375984], [0.0, 1249.9629280788233, 462.54816385708756], [0.0, 0.0, 1.0]]], "extrinsics": [[[0.8223046660423279, -0.5688076019287109, -0.016519077122211456, -0.7008056640625], [0.0038956203497946262, 0.03465568646788597, -0.9993917346000671, 1.4896392822265625], [0.5690340995788574, 0.8217401504516602, 0.030713392421603203, -1.1259765625], [0.0, 0.0, 0.0, 1.0]], [[0.009894498623907566, -0.9994843006134033, -0.03055044636130333, 0.0108642578125], [0.005770348943769932, 0.03060850314795971, -0.9995148181915283, 1.4818534851074219], [0.9999343752861023, 0.009713370352983475, 0.006070229224860668, -1.42926025390625], [0.0, 0.0, 0.0, 1.0]], [[-0.8441622853279114, -0.5355815291404724, -0.023292381316423416, 0.8900146484375], [0.013657713308930397, 0.02194860950112343, -0.9996657967567444, 1.4962959289550781], [0.5359137654304504, -0.8441982269287109, -0.01121336966753006, -1.14794921875], [0.0, 0.0, 0.0, 1.0]], [[0.9478957653045654, 0.3185803294181824, 0.00042140070581808686, -1.12841796875], [-0.01201446820050478, 0.03706928715109825, -0.9992404580116272, 1.5618438720703125], [-0.3183540105819702, 0.9471707344055176, 0.03896539285778999, -0.1614990234375], [0.0, 0.0, 0.0, 1.0]], [[0.009405182674527168, 0.9995207190513611, 0.0294923298060894, -0.0286865234375], [-0.009799439460039139, 0.02958434820175171, -0.9995142221450806, 1.5670814514160156], [-0.9999077916145325, 0.009111542254686356, 0.010072987526655197, -0.05328369140625], [0.0, 0.0, 0.0, 1.0]], [[-0.9236549139022827, 0.3831467032432556, 0.007756377570331097, 0.9977302551269531], [-0.0055376868695020676, 0.006893346086144447, -0.9999608993530273, 1.5468292236328125], [-0.38318511843681335, -0.9236617684364319, -0.004245324991643429, -0.109619140625], [0.0, 0.0, 0.0, 1.0]]], "view": [[0.0, -2.0, 100.0], [-2.0, 0.0, 100.0], [0.0, 0.0, 1.0]], "bev": "bev_bfbec01aed26439ab0b1442b10a75a16.png", "aux": "aux_bfbec01aed26439ab0b1442b10a75a16.npz", "visibility": "visibility_bfbec01aed26439ab0b1442b10a75a16.png", "pose": [[-0.8791223168373108, -0.4765961766242981, 0.0, 1657.046875], [0.4765961766242981, -0.8791223168373108, 0.0, 1285.3551025390625], [0.0, 0.0, 1.0, 0.0], [0.0, 0.0, 0.0, 1.0]], "pose_inverse": [[-0.8791223168373108, 0.4765961766242981, 0.0, 844.151611328125], [-0.4765961766242981, -0.8791223168373108, 0.0, 1919.7265625], [0.0, 0.0, 1.0, 0.0], [0.0, 0.0, 0.0, 1.0]], "cam_ids": [0, 1, 2, 3, 4, 5], "cam_channels": ["CAM_FRONT_LEFT", "CAM_FRONT", "CAM_FRONT_RIGHT", "CAM_BACK_LEFT", "CAM_BACK", "CAM_BACK_RIGHT"], "token": "bfbec01aed26439ab0b1442b10a75a16", "scene": "scene-0637"}, {"images": ["samples/CAM_FRONT_LEFT/n008-2018-09-18-14-35-12-0400__CAM_FRONT_LEFT__1537296177854799.jpg", "samples/CAM_FRONT/n008-2018-09-18-14-35-12-0400__CAM_FRONT__1537296177862404.jpg", "samples/CAM_FRONT_RIGHT/n008-2018-09-18-14-35-12-0400__CAM_FRONT_RIGHT__1537296177870482.jpg", "samples/CAM_BACK_LEFT/n008-2018-09-18-14-35-12-0400__CAM_BACK_LEFT__1537296177897405.jpg", "samples/CAM_BACK/n008-2018-09-18-14-35-12-0400__CAM_BACK__1537296177887558.jpg", "samples/CAM_BACK_RIGHT/n008-2018-09-18-14-35-12-0400__CAM_BACK_RIGHT__1537296177878113.jpg"], "intrinsics": [[[1257.8625342125129, 0.0, 827.2410631095686], [0.0, 1257.8625342125129, 450.915498205774], [0.0, 0.0, 1.0]], [[1252.8131021185304, 0.0, 826.588114781398], [0.0, 1252.8131021185304, 469.9846626224581], [0.0, 0.0, 1.0]], [[1256.7485116440405, 0.0, 817.7887570959712], [0.0, 1256.7485116440403, 451.9541780095127], [0.0, 0.0, 1.0]], [[1254.9860565800168, 0.0, 829.5769333630991], [0.0, 1254.9860565800168, 467.1680561863987], [0.0, 0.0, 1.0]], [[796.8910634503094, 0.0, 857.7774326863696], [0.0, 796.8910634503094, 476.8848988407415], [0.0, 0.0, 1.0]], [[1249.9629280788233, 0.0, 825.3768045375984], [0.0, 1249.9629280788233, 462.54816385708756], [0.0, 0.0, 1.0]]], "extrinsics": [[[0.8223048448562622, -0.5689142942428589, -0.01230409275740385, -0.68792724609375], [0.010560939088463783, 0.036876119673252106, -0.9992640018463135, 1.4922714233398438], [0.5689492225646973, 0.8215697407722473, 0.03633167967200279, -1.116455078125], [0.0, 0.0, 0.0, 1.0]], [[0.009836631827056408, -0.9994195699691772, -0.032614484429359436, 0.0098876953125], [0.012580393813550472, 0.03273717314004898, -0.9993848204612732, 1.4841156005859375], [0.9998725652694702, 0.009420331567525864, 0.012895114719867706, -1.4168701171875], [0.0, 0.0, 0.0, 1.0]], [[-0.8441731333732605, -0.535214364528656, -0.030288120731711388, 0.8814697265625], [0.02065928466618061, 0.023977190256118774, -0.9994990229606628, 1.4981803894042969], [0.5356724262237549, -0.8443759679794312, -0.00918375514447689, -1.1441650390625], [0.0, 0.0, 0.0, 1.0]], [[0.9479095935821533, 0.31844115257263184, 0.007922007702291012, -1.1282958984375], [-0.004667132161557674, 0.03875124081969261, -0.9992380142211914, 1.5619583129882812], [-0.31850552558898926, 0.9471501708030701, 0.03821887448430061, -0.161376953125], [0.0, 0.0, 0.0, 1.0]], [[0.009406323544681072, 0.9994633197784424, 0.03138017654418945, -0.028076171875], [-0.002547369571402669, 0.031405411660671234, -0.999503493309021, 1.5678024291992188], [-0.9999525547027588, 0.009321717545390129, 0.0028414123225957155, -0.05670166015625], [0.0, 0.0, 0.0, 1.0]], [[-0.9235728979110718, 0.38341817259788513, 0.0018722285749390721, 0.9919853210449219], [0.0016392983961850405, 0.008831516839563847, -0.9999596476554871, 1.5481071472167969], [-0.3834192454814911, -0.9235326051712036, -0.008785086683928967, -0.11328125], [0.0, 0.0, 0.0, 1.0]]], "view": [[0.0, -2.0, 100.0], [-2.0, 0.0, 100.0], [0.0, 0.0, 1.0]], "bev": "bev_26a1551251504eab9012061870b6306e.png", "aux": "aux_26a1551251504eab9012061870b6306e.npz", "visibility": "visibility_26a1551251504eab9012061870b6306e.png", "pose": [[-0.8786084651947021, -0.47754284739494324, 0.0, 1653.43994140625], [0.47754284739494324, -0.8786084651947021, 0.0, 1287.3587646484375], [0.0, 0.0, 1.0, 0.0], [0.0, 0.0, 0.0, 1.0]], "pose_inverse": [[-0.8786084651947021, 0.47754284739494324, 0.0, 837.9573364257812], [-0.47754284739494324, -0.8786084651947021, 0.0, 1920.6727294921875], [0.0, 0.0, 1.0, 0.0], [0.0, 0.0, 0.0, 1.0]], "cam_ids": [0, 1, 2, 3, 4, 5], "cam_channels": ["CAM_FRONT_LEFT", "CAM_FRONT", "CAM_FRONT_RIGHT", "CAM_BACK_LEFT", "CAM_BACK", "CAM_BACK_RIGHT"], "token": "26a1551251504eab9012061870b6306e", "scene": "scene-0637"}, {"images": ["samples/CAM_FRONT_LEFT/n008-2018-09-18-14-35-12-0400__CAM_FRONT_LEFT__1537296178404799.jpg", "samples/CAM_FRONT/n008-2018-09-18-14-35-12-0400__CAM_FRONT__1537296178412404.jpg", "samples/CAM_FRONT_RIGHT/n008-2018-09-18-14-35-12-0400__CAM_FRONT_RIGHT__1537296178420482.jpg", "samples/CAM_BACK_LEFT/n008-2018-09-18-14-35-12-0400__CAM_BACK_LEFT__1537296178447405.jpg", "samples/CAM_BACK/n008-2018-09-18-14-35-12-0400__CAM_BACK__1537296178437558.jpg", "samples/CAM_BACK_RIGHT/n008-2018-09-18-14-35-12-0400__CAM_BACK_RIGHT__1537296178428113.jpg"], "intrinsics": [[[1257.8625342125129, 0.0, 827.2410631095686], [0.0, 1257.8625342125129, 450.915498205774], [0.0, 0.0, 1.0]], [[1252.8131021185304, 0.0, 826.588114781398], [0.0, 1252.8131021185304, 469.9846626224581], [0.0, 0.0, 1.0]], [[1256.7485116440405, 0.0, 817.7887570959712], [0.0, 1256.7485116440403, 451.9541780095127], [0.0, 0.0, 1.0]], [[1254.9860565800168, 0.0, 829.5769333630991], [0.0, 1254.9860565800168, 467.1680561863987], [0.0, 0.0, 1.0]], [[796.8910634503094, 0.0, 857.7774326863696], [0.0, 796.8910634503094, 476.8848988407415], [0.0, 0.0, 1.0]], [[1249.9629280788233, 0.0, 825.3768045375984], [0.0, 1249.9629280788233, 462.54816385708756], [0.0, 0.0, 1.0]]], "extrinsics": [[[0.8227445483207703, -0.5683557987213135, -0.007948819547891617, -0.696624755859375], [0.01135565061122179, 0.030416563153266907, -0.9994727969169617, 1.4924774169921875], [0.5682979226112366, 0.8222205638885498, 0.031479109078645706, -1.122802734375], [0.0, 0.0, 0.0, 1.0]], [[0.010491431690752506, -0.9995995759963989, -0.026281921193003654, 0.0103759765625], [0.013117254711687565, 0.026418685913085938, -0.9995649456977844, 1.4841728210449219], [0.9998589754104614, 0.010142115876078606, 0.013389170169830322, -1.42535400390625], [0.0, 0.0, 0.0, 1.0]], [[-0.8438908457756042, -0.5358229875564575, -0.02723880298435688, 0.8875732421875], [0.020931972190737724, 0.017849542200565338, -0.999621570110321, 1.4981002807617188], [0.5361064672470093, -0.8441417217254639, -0.0038472339510917664, -1.1470947265625], [0.0, 0.0, 0.0, 1.0]], [[0.9478945732116699, 0.31853538751602173, 0.005584038328379393, -1.1278076171875], [-0.005200874526053667, 0.03299728408455849, -0.9994418621063232, 1.56195068359375], [-0.31854191422462463, 0.9473364353179932, 0.032934606075286865, -0.1614990234375], [0.0, 0.0, 0.0, 1.0]], [[0.009277044795453548, 0.9996291995048523, 0.02560262568295002, -0.0283203125], [-0.0027526167687028646, 0.025629157200455666, -0.9996677041053772, 1.5677833557128906], [-0.9999532103538513, 0.009203464724123478, 0.0029893575701862574, -0.05450439453125], [0.0, 0.0, 0.0, 1.0]], [[-0.9236693382263184, 0.3831901252269745, -0.0004874700971413404, 0.996734619140625], [0.0017275674035772681, 0.002892123768106103, -0.9999943375587463, 1.5481138229370117], [-0.38318657875061035, -0.9236649870872498, -0.0033333520404994488, -0.11083984375], [0.0, 0.0, 0.0, 1.0]]], "view": [[0.0, -2.0, 100.0], [-2.0, 0.0, 100.0], [0.0, 0.0, 1.0]], "bev": "bev_34aff80f46f14cf6b962552afb010fff.png", "aux": "aux_34aff80f46f14cf6b962552afb010fff.npz", "visibility": "visibility_34aff80f46f14cf6b962552afb010fff.png", "pose": [[-0.8791561126708984, -0.4765339195728302, 0.0, 1649.3714599609375], [0.4765339195728302, -0.8791561126708984, 0.0, 1289.59423828125], [0.0, 0.0, 1.0, 0.0], [0.0, 0.0, 0.0, 1.0]], "pose_inverse": [[-0.8791561126708984, 0.4765339195728302, 0.0, 835.5195922851562], [-0.4765339195728302, -0.8791561126708984, 0.0, 1919.736083984375], [0.0, 0.0, 1.0, 0.0], [0.0, 0.0, 0.0, 1.0]], "cam_ids": [0, 1, 2, 3, 4, 5], "cam_channels": ["CAM_FRONT_LEFT", "CAM_FRONT", "CAM_FRONT_RIGHT", "CAM_BACK_LEFT", "CAM_BACK", "CAM_BACK_RIGHT"], "token": "34aff80f46f14cf6b962552afb010fff", "scene": "scene-0637"}, {"images": ["samples/CAM_FRONT_LEFT/n008-2018-09-18-14-35-12-0400__CAM_FRONT_LEFT__1537296178904799.jpg", "samples/CAM_FRONT/n008-2018-09-18-14-35-12-0400__CAM_FRONT__1537296178912404.jpg", "samples/CAM_FRONT_RIGHT/n008-2018-09-18-14-35-12-0400__CAM_FRONT_RIGHT__1537296178920482.jpg", "samples/CAM_BACK_LEFT/n008-2018-09-18-14-35-12-0400__CAM_BACK_LEFT__1537296178947405.jpg", "samples/CAM_BACK/n008-2018-09-18-14-35-12-0400__CAM_BACK__1537296178937558.jpg", "samples/CAM_BACK_RIGHT/n008-2018-09-18-14-35-12-0400__CAM_BACK_RIGHT__1537296178928113.jpg"], "intrinsics": [[[1257.8625342125129, 0.0, 827.2410631095686], [0.0, 1257.8625342125129, 450.915498205774], [0.0, 0.0, 1.0]], [[1252.8131021185304, 0.0, 826.588114781398], [0.0, 1252.8131021185304, 469.9846626224581], [0.0, 0.0, 1.0]], [[1256.7485116440405, 0.0, 817.7887570959712], [0.0, 1256.7485116440403, 451.9541780095127], [0.0, 0.0, 1.0]], [[1254.9860565800168, 0.0, 829.5769333630991], [0.0, 1254.9860565800168, 467.1680561863987], [0.0, 0.0, 1.0]], [[796.8910634503094, 0.0, 857.7774326863696], [0.0, 796.8910634503094, 476.8848988407415], [0.0, 0.0, 1.0]], [[1249.9629280788233, 0.0, 825.3768045375984], [0.0, 1249.9629280788233, 462.54816385708756], [0.0, 0.0, 1.0]]], "extrinsics": [[[0.8226607441902161, -0.5684183239936829, -0.01140303909778595, -0.695648193359375], [0.00048461297410540283, 0.020758045837283134, -0.9997844099998474, 1.4884300231933594], [0.568532407283783, 0.8224778771400452, 0.017352290451526642, -1.121826171875], [0.0, 0.0, 0.0, 1.0]], [[0.010317843407392502, -0.9998087286949158, -0.01661490462720394, 0.010498046875], [0.0023601523134857416, 0.01664009317755699, -0.9998587965965271, 1.4808616638183594], [0.9999440312385559, 0.010277178138494492, 0.002531390869989991, -1.4244384765625], [0.0, 0.0, 0.0, 1.0]], [[-0.844006359577179, -0.536176860332489, -0.012953711673617363, 0.88671875], [0.01029965840280056, 0.007944469340145588, -0.999915361404419, 1.4955577850341797], [0.5362343788146973, -0.8440684080123901, -0.0011827449779957533, -1.1463623046875], [0.0, 0.0, 0.0, 1.0]], [[0.9478535652160645, 0.31863221526145935, -0.006867815274745226, -1.1285400390625], [-0.01499869767576456, 0.023071598261594772, -0.9996212720870972, 1.5618057250976562], [-0.3183531165122986, 0.9475975632667542, 0.02664756402373314, -0.1610107421875], [0.0, 0.0, 0.0, 1.0]], [[0.009255536831915379, 0.9998382925987244, 0.015421357937157154, -0.0284423828125], [-0.01295073889195919, 0.015540583059191704, -0.9997953176498413, 1.5667724609375], [-0.9998733401298523, 0.00905394833534956, 0.013092480599880219, -0.0545654296875], [0.0, 0.0, 0.0, 1.0]], [[-0.923759400844574, 0.38293591141700745, 0.0053484695963561535, 0.9955158233642578], [-0.00875064730644226, -0.007143138907849789, -0.9999361634254456, 1.5462589263916016], [-0.38287314772605896, -0.9237473607063293, 0.009949478320777416, -0.111083984375], [0.0, 0.0, 0.0, 1.0]]], "view": [[0.0, -2.0, 100.0], [-2.0, 0.0, 100.0], [0.0, 0.0, 1.0]], "bev": "bev_ee955952087f4801ac7235ba9ef853b1.png", "aux": "aux_ee955952087f4801ac7235ba9ef853b1.npz", "visibility": "visibility_ee955952087f4801ac7235ba9ef853b1.png", "pose": [[-0.878906786441803, -0.4769936203956604, 0.0, 1645.75634765625], [0.4769936203956604, -0.878906786441803, 0.0, 1291.5731201171875], [0.0, 0.0, 1.0, 0.0], [0.0, 0.0, 0.0, 1.0]], "pose_inverse": [[-0.878906786441803, 0.4769936203956604, 0.0, 830.3942260742188], [-0.4769936203956604, -0.878906786441803, 0.0, 1920.1876220703125], [0.0, 0.0, 1.0, 0.0], [0.0, 0.0, 0.0, 1.0]], "cam_ids": [0, 1, 2, 3, 4, 5], "cam_channels": ["CAM_FRONT_LEFT", "CAM_FRONT", "CAM_FRONT_RIGHT", "CAM_BACK_LEFT", "CAM_BACK", "CAM_BACK_RIGHT"], "token": "ee955952087f4801ac7235ba9ef853b1", "scene": "scene-0637"}, {"images": ["samples/CAM_FRONT_LEFT/n008-2018-09-18-14-35-12-0400__CAM_FRONT_LEFT__1537296179404799.jpg", "samples/CAM_FRONT/n008-2018-09-18-14-35-12-0400__CAM_FRONT__1537296179412404.jpg", "samples/CAM_FRONT_RIGHT/n008-2018-09-18-14-35-12-0400__CAM_FRONT_RIGHT__1537296179420482.jpg", "samples/CAM_BACK_LEFT/n008-2018-09-18-14-35-12-0400__CAM_BACK_LEFT__1537296179447405.jpg", "samples/CAM_BACK/n008-2018-09-18-14-35-12-0400__CAM_BACK__1537296179437558.jpg", "samples/CAM_BACK_RIGHT/n008-2018-09-18-14-35-12-0400__CAM_BACK_RIGHT__1537296179428113.jpg"], "intrinsics": [[[1257.8625342125129, 0.0, 827.2410631095686], [0.0, 1257.8625342125129, 450.915498205774], [0.0, 0.0, 1.0]], [[1252.8131021185304, 0.0, 826.588114781398], [0.0, 1252.8131021185304, 469.9846626224581], [0.0, 0.0, 1.0]], [[1256.7485116440405, 0.0, 817.7887570959712], [0.0, 1256.7485116440403, 451.9541780095127], [0.0, 0.0, 1.0]], [[1254.9860565800168, 0.0, 829.5769333630991], [0.0, 1254.9860565800168, 467.1680561863987], [0.0, 0.0, 1.0]], [[796.8910634503094, 0.0, 857.7774326863696], [0.0, 796.8910634503094, 476.8848988407415], [0.0, 0.0, 1.0]], [[1249.9629280788233, 0.0, 825.3768045375984], [0.0, 1249.9629280788233, 462.54816385708756], [0.0, 0.0, 1.0]]], "extrinsics": [[[0.8228180408477783, -0.5682727694511414, -0.006052900105714798, -0.705963134765625], [0.008090571500360966, 0.022362953051924706, -0.9997171759605408, 1.4911689758300781], [0.5682474374771118, 0.8225363492965698, 0.02299829013645649, -1.1298828125], [0.0, 0.0, 0.0, 1.0]], [[0.010662905871868134, -0.9997814893722534, -0.01798253506422043, 0.0106201171875], [0.010138295590877533, 0.01809072680771351, -0.9997849464416504, 1.4831657409667969], [0.9998917579650879, 0.010478324256837368, 0.010328980162739754, -1.43499755859375], [0.0, 0.0, 0.0, 1.0]], [[-0.8437902331352234, -0.5362867712974548, -0.020361699163913727, 0.89404296875], [0.01825791411101818, 0.009233097545802593, -0.9997906684875488, 1.4973297119140625], [0.5363625288009644, -0.8439853191375732, 0.0020006797276437283, -1.15087890625], [0.0, 0.0, 0.0, 1.0]], [[0.947762668132782, 0.31897473335266113, 0.0010585094569250941, -1.128662109375], [-0.007007535547018051, 0.024138763546943665, -0.9996840953826904, 1.5619163513183594], [-0.3188995122909546, 0.9474557638168335, 0.025113044306635857, -0.1617431640625], [0.0, 0.0, 0.0, 1.0]], [[0.008918850682675838, 0.9998224973678589, 0.016598016023635864, -0.0286865234375], [-0.004870802629739046, 0.01664191670715809, -0.9998496174812317, 1.5675830841064453], [-0.9999483823776245, 0.008836696855723858, 0.005018364172428846, -0.05126953125], [0.0, 0.0, 0.0, 1.0]], [[-0.9238141775131226, 0.38283771276474, -0.0016163187101483345, 1.0013790130615234], [-0.000726921483874321, -0.005975980311632156, -0.9999818205833435, 1.5476961135864258], [-0.38284042477607727, -0.9237962961196899, 0.00579898850992322, -0.1083984375], [0.0, 0.0, 0.0, 1.0]]], "view": [[0.0, -2.0, 100.0], [-2.0, 0.0, 100.0], [0.0, 0.0, 1.0]], "bev": "bev_cb1b5c5743fe4594b3b7b0a6504e9bce.png", "aux": "aux_cb1b5c5743fe4594b3b7b0a6504e9bce.npz", "visibility": "visibility_cb1b5c5743fe4594b3b7b0a6504e9bce.png", "pose": [[-0.8772807121276855, -0.47997769713401794, 0.0, 1642.1029052734375], [0.47997769713401794, -0.8772807121276855, 0.0, 1293.5977783203125], [0.0, 0.0, 1.0, 0.0], [0.0, 0.0, 0.0, 1.0]], "pose_inverse": [[-0.8772807121276855, 0.47997769713401794, 0.0, 819.6871337890625], [-0.47997769713401794, -0.8772807121276855, 0.0, 1923.0211181640625], [0.0, 0.0, 1.0, 0.0], [0.0, 0.0, 0.0, 1.0]], "cam_ids": [0, 1, 2, 3, 4, 5], "cam_channels": ["CAM_FRONT_LEFT", "CAM_FRONT", "CAM_FRONT_RIGHT", "CAM_BACK_LEFT", "CAM_BACK", "CAM_BACK_RIGHT"], "token": "cb1b5c5743fe4594b3b7b0a6504e9bce", "scene": "scene-0637"}, {"images": ["samples/CAM_FRONT_LEFT/n008-2018-09-18-14-35-12-0400__CAM_FRONT_LEFT__1537296179904799.jpg", "samples/CAM_FRONT/n008-2018-09-18-14-35-12-0400__CAM_FRONT__1537296179912404.jpg", "samples/CAM_FRONT_RIGHT/n008-2018-09-18-14-35-12-0400__CAM_FRONT_RIGHT__1537296179920482.jpg", "samples/CAM_BACK_LEFT/n008-2018-09-18-14-35-12-0400__CAM_BACK_LEFT__1537296179947405.jpg", "samples/CAM_BACK/n008-2018-09-18-14-35-12-0400__CAM_BACK__1537296179937558.jpg", "samples/CAM_BACK_RIGHT/n008-2018-09-18-14-35-12-0400__CAM_BACK_RIGHT__1537296179928113.jpg"], "intrinsics": [[[1257.8625342125129, 0.0, 827.2410631095686], [0.0, 1257.8625342125129, 450.915498205774], [0.0, 0.0, 1.0]], [[1252.8131021185304, 0.0, 826.588114781398], [0.0, 1252.8131021185304, 469.9846626224581], [0.0, 0.0, 1.0]], [[1256.7485116440405, 0.0, 817.7887570959712], [0.0, 1256.7485116440403, 451.9541780095127], [0.0, 0.0, 1.0]], [[1254.9860565800168, 0.0, 829.5769333630991], [0.0, 1254.9860565800168, 467.1680561863987], [0.0, 0.0, 1.0]], [[796.8910634503094, 0.0, 857.7774326863696], [0.0, 796.8910634503094, 476.8848988407415], [0.0, 0.0, 1.0]], [[1249.9629280788233, 0.0, 825.3768045375984], [0.0, 1249.9629280788233, 462.54816385708756], [0.0, 0.0, 1.0]]], "extrinsics": [[[0.8224974870681763, -0.5687239170074463, -0.00714212516322732, -0.694091796875], [0.00812352541834116, 0.024302402511239052, -0.9996716380119324, 1.4912567138671875], [0.5687108039855957, 0.8221694231033325, 0.024608707055449486, -1.1229248046875], [0.0, 0.0, 0.0, 1.0]], [[0.010254311375319958, -0.9997449517250061, -0.02012023888528347, 0.0118408203125], [0.009949121624231339, 0.020222308114171028, -0.9997460246086121, 1.4831962585449219], [0.9998979568481445, 0.010051555000245571, 0.01015394926071167, -1.42333984375], [0.0, 0.0, 0.0, 1.0]], [[-0.8439314961433411, -0.5360296368598938, -0.021257273852825165, 0.8865966796875], [0.01783466339111328, 0.011568831279873848, -0.9997739791870117, 1.4973831176757812], [0.5361545085906982, -0.8441199064254761, -0.00020339293405413628, -1.1448974609375], [0.0, 0.0, 0.0, 1.0]], [[0.947880744934082, 0.31862321496009827, 0.0011679104063659906, -1.1298828125], [-0.007863175123929977, 0.027056407183408737, -0.9996029734611511, 1.561920166015625], [-0.31852829456329346, 0.94749516248703, 0.02815163880586624, -0.1610107421875], [0.0, 0.0, 0.0, 1.0]], [[0.009131606668233871, 0.9997711777687073, 0.019346198067069054, -0.029052734375], [-0.0056687514297664165, 0.01939845085144043, -0.9997957348823547, 1.5674781799316406], [-0.9999422430992126, 0.009020129218697548, 0.005844593979418278, -0.054443359375], [0.0, 0.0, 0.0, 1.0]], [[-0.9237772822380066, 0.38293012976646423, -7.56581430323422e-05, 0.9946579933166504], [-0.0013402277836576104, -0.003430730663239956, -0.9999932050704956, 1.5475802421569824], [-0.3829277753829956, -0.9237709641456604, 0.0036824450362473726, -0.110107421875], [0.0, 0.0, 0.0, 1.0]]], "view": [[0.0, -2.0, 100.0], [-2.0, 0.0, 100.0], [0.0, 0.0, 1.0]], "bev": "bev_db29741bf3e2411e953597309225f41c.png", "aux": "aux_db29741bf3e2411e953597309225f41c.npz", "visibility": "visibility_db29741bf3e2411e953597309225f41c.png", "pose": [[-0.8753987550735474, -0.48340150713920593, 0.0, 1638.506103515625], [0.48340150713920593, -0.8753987550735474, 0.0, 1295.6077880859375], [0.0, 0.0, 1.0, 0.0], [0.0, 0.0, 0.0, 1.0]], "pose_inverse": [[-0.8753987550735474, 0.48340150713920593, 0.0, 808.0474853515625], [-0.48340150713920593, -0.8753987550735474, 0.0, 1926.229736328125], [0.0, 0.0, 1.0, 0.0], [0.0, 0.0, 0.0, 1.0]], "cam_ids": [0, 1, 2, 3, 4, 5], "cam_channels": ["CAM_FRONT_LEFT", "CAM_FRONT", "CAM_FRONT_RIGHT", "CAM_BACK_LEFT", "CAM_BACK", "CAM_BACK_RIGHT"], "token": "db29741bf3e2411e953597309225f41c", "scene": "scene-0637"}, {"images": ["samples/CAM_FRONT_LEFT/n008-2018-09-18-14-35-12-0400__CAM_FRONT_LEFT__1537296180354799.jpg", "samples/CAM_FRONT/n008-2018-09-18-14-35-12-0400__CAM_FRONT__1537296180362404.jpg", "samples/CAM_FRONT_RIGHT/n008-2018-09-18-14-35-12-0400__CAM_FRONT_RIGHT__1537296180370482.jpg", "samples/CAM_BACK_LEFT/n008-2018-09-18-14-35-12-0400__CAM_BACK_LEFT__1537296180397405.jpg", "samples/CAM_BACK/n008-2018-09-18-14-35-12-0400__CAM_BACK__1537296180387558.jpg", "samples/CAM_BACK_RIGHT/n008-2018-09-18-14-35-12-0400__CAM_BACK_RIGHT__1537296180378113.jpg"], "intrinsics": [[[1257.8625342125129, 0.0, 827.2410631095686], [0.0, 1257.8625342125129, 450.915498205774], [0.0, 0.0, 1.0]], [[1252.8131021185304, 0.0, 826.588114781398], [0.0, 1252.8131021185304, 469.9846626224581], [0.0, 0.0, 1.0]], [[1256.7485116440405, 0.0, 817.7887570959712], [0.0, 1256.7485116440403, 451.9541780095127], [0.0, 0.0, 1.0]], [[1254.9860565800168, 0.0, 829.5769333630991], [0.0, 1254.9860565800168, 467.1680561863987], [0.0, 0.0, 1.0]], [[796.8910634503094, 0.0, 857.7774326863696], [0.0, 796.8910634503094, 476.8848988407415], [0.0, 0.0, 1.0]], [[1249.9629280788233, 0.0, 825.3768045375984], [0.0, 1249.9629280788233, 462.54816385708756], [0.0, 0.0, 1.0]]], "extrinsics": [[[0.822441816329956, -0.5687873959541321, -0.00839022547006607, -0.706207275390625], [0.006231496576219797, 0.023757100105285645, -0.9996983408927917, 1.490478515625], [0.5688151121139526, 0.8221415281295776, 0.02308323048055172, -1.1302490234375], [0.0, 0.0, 0.0, 1.0]], [[0.010137832723557949, -0.999757707118988, -0.01953805424273014, 0.0111083984375], [0.00822172500193119, 0.01962173916399479, -0.9997736811637878, 1.4825592041015625], [0.9999147653579712, 0.009974873624742031, 0.008418655022978783, -1.43670654296875], [0.0, 0.0, 0.0, 1.0]], [[-0.8440141081809998, -0.535962700843811, -0.019601454958319664, 0.8968505859375], [0.016290951520204544, 0.010911008343100548, -0.9998077750205994, 1.4968070983886719], [0.5360735654830933, -0.8441712260246277, -0.0004777038411702961, -1.1517333984375], [0.0, 0.0, 0.0, 1.0]], [[0.9478797316551208, 0.3186284899711609, -9.423973097000271e-05, -1.1300048828125], [-0.008849593810737133, 0.026030777022242546, -0.9996219873428345, 1.5619049072265625], [-0.31850555539131165, 0.9475221633911133, 0.027493776753544807, -0.160888671875], [0.0, 0.0, 0.0, 1.0]], [[0.009246262721717358, 0.9997872710227966, 0.0184364952147007, -0.029052734375], [-0.006822444032877684, 0.01849992759525776, -0.9998055696487427, 1.5674057006835938], [-0.9999339580535889, 0.009118703193962574, 0.00699204858392477, -0.04949951171875], [0.0, 0.0, 0.0, 1.0]], [[-0.9237184524536133, 0.3830708861351013, 0.0008949959883466363, 1.0033011436462402], [-0.002701006829738617, -0.004176734946668148, -0.9999876618385315, 1.5473623275756836], [-0.3830623924732208, -0.923709511756897, 0.004892805125564337, -0.10693359375], [0.0, 0.0, 0.0, 1.0]]], "view": [[0.0, -2.0, 100.0], [-2.0, 0.0, 100.0], [0.0, 0.0, 1.0]], "bev": "bev_b3c0d1886a2b4d32b728cbadfab9483b.png", "aux": "aux_b3c0d1886a2b4d32b728cbadfab9483b.npz", "visibility": "visibility_b3c0d1886a2b4d32b728cbadfab9483b.png", "pose": [[-0.8760895133018494, -0.48214852809906006, 0.0, 1635.2349853515625], [0.48214852809906006, -0.8760895133018494, 0.0, 1297.4337158203125], [0.0, 0.0, 1.0, 0.0], [0.0, 0.0, 0.0, 1.0]], "pose_inverse": [[-0.8760895133018494, 0.48214852809906006, 0.0, 807.056396484375], [-0.48214852809906006, -0.8760895133018494, 0.0, 1925.09423828125], [0.0, 0.0, 1.0, 0.0], [0.0, 0.0, 0.0, 1.0]], "cam_ids": [0, 1, 2, 3, 4, 5], "cam_channels": ["CAM_FRONT_LEFT", "CAM_FRONT", "CAM_FRONT_RIGHT", "CAM_BACK_LEFT", "CAM_BACK", "CAM_BACK_RIGHT"], "token": "b3c0d1886a2b4d32b728cbadfab9483b", "scene": "scene-0637"}, {"images": ["samples/CAM_FRONT_LEFT/n008-2018-09-18-14-35-12-0400__CAM_FRONT_LEFT__1537296180854799.jpg", "samples/CAM_FRONT/n008-2018-09-18-14-35-12-0400__CAM_FRONT__1537296180862404.jpg", "samples/CAM_FRONT_RIGHT/n008-2018-09-18-14-35-12-0400__CAM_FRONT_RIGHT__1537296180870482.jpg", "samples/CAM_BACK_LEFT/n008-2018-09-18-14-35-12-0400__CAM_BACK_LEFT__1537296180897405.jpg", "samples/CAM_BACK/n008-2018-09-18-14-35-12-0400__CAM_BACK__1537296180887558.jpg", "samples/CAM_BACK_RIGHT/n008-2018-09-18-14-35-12-0400__CAM_BACK_RIGHT__1537296180878113.jpg"], "intrinsics": [[[1257.8625342125129, 0.0, 827.2410631095686], [0.0, 1257.8625342125129, 450.915498205774], [0.0, 0.0, 1.0]], [[1252.8131021185304, 0.0, 826.588114781398], [0.0, 1252.8131021185304, 469.9846626224581], [0.0, 0.0, 1.0]], [[1256.7485116440405, 0.0, 817.7887570959712], [0.0, 1256.7485116440403, 451.9541780095127], [0.0, 0.0, 1.0]], [[1254.9860565800168, 0.0, 829.5769333630991], [0.0, 1254.9860565800168, 467.1680561863987], [0.0, 0.0, 1.0]], [[796.8910634503094, 0.0, 857.7774326863696], [0.0, 796.8910634503094, 476.8848988407415], [0.0, 0.0, 1.0]], [[1249.9629280788233, 0.0, 825.3768045375984], [0.0, 1249.9629280788233, 462.54816385708756], [0.0, 0.0, 1.0]]], "extrinsics": [[[0.8221871256828308, -0.5691694021224976, -0.007387376390397549, -0.688201904296875], [0.0070985774509608746, 0.02322956547141075, -0.9997049570083618, 1.4909515380859375], [0.5691730976104736, 0.8218921422958374, 0.023139340803027153, -1.11767578125], [0.0, 0.0, 0.0, 1.0]], [[0.009733968414366245, -0.9997709393501282, -0.019061779603362083, 0.0107421875], [0.008982790634036064, 0.01914934068918228, -0.999776303768158, 1.4829864501953125], [0.9999122619628906, 0.009560547769069672, 0.009167131967842579, -1.4161376953125], [0.0, 0.0, 0.0, 1.0]], [[-0.8441992402076721, -0.53565913438797, -0.01992303691804409, 0.8802490234375], [0.01694551482796669, 0.010479969903826714, -0.9998014569282532, 1.4972915649414062], [0.5357615947723389, -0.8443692922592163, 0.00022983609233051538, -1.1422119140625], [0.0, 0.0, 0.0, 1.0]], [[0.947896420955658, 0.3185786008834839, 0.00015685845573898405, -1.1253662109375], [-0.008483737707138062, 0.025734636932611465, -0.9996328353881836, 1.5618743896484375], [-0.3184657096862793, 0.9475470781326294, 0.02709650807082653, -0.16259765625], [0.0, 0.0, 0.0, 1.0]], [[0.009391809813678265, 0.9997919797897339, 0.018102463334798813, -0.0284423828125], [-0.006339504383504391, 0.018162429332733154, -0.9998149275779724, 1