[{"images": ["samples/CAM_FRONT_LEFT/n015-2018-08-01-16-32-59+0800__CAM_FRONT_LEFT__1533112388154844.jpg", "samples/CAM_FRONT/n015-2018-08-01-16-32-59+0800__CAM_FRONT__1533112388162460.jpg", "samples/CAM_FRONT_RIGHT/n015-2018-08-01-16-32-59+0800__CAM_FRONT_RIGHT__1533112388170339.jpg", "samples/CAM_BACK_LEFT/n015-2018-08-01-16-32-59+0800__CAM_BACK_LEFT__1533112388197423.jpg", "samples/CAM_BACK/n015-2018-08-01-16-32-59+0800__CAM_BACK__1533112388187525.jpg", "samples/CAM_BACK_RIGHT/n015-2018-08-01-16-32-59+0800__CAM_BACK_RIGHT__1533112388177893.jpg"], "intrinsics": [[[1272.5979470598488, 0.0, 826.6154927353808], [0.0, 1272.5979470598488, 479.75165386361925], [0.0, 0.0, 1.0]], [[1266.417203046554, 0.0, 816.2670197447984], [0.0, 1266.417203046554, 491.50706579294757], [0.0, 0.0, 1.0]], [[1260.8474446004698, 0.0, 807.968244525554], [0.0, 1260.8474446004698, 495.3344268742088], [0.0, 0.0, 1.0]], [[1256.7414812095406, 0.0, 792.1125740759628], [0.0, 1256.7414812095406, 492.7757465151356], [0.0, 0.0, 1.0]], [[809.2209905677063, 0.0, 829.2196003259838], [0.0, 809.2209905677063, 481.77842384512485], [0.0, 0.0, 1.0]], [[1259.5137405846733, 0.0, 807.2529053838625], [0.0, 1259.5137405846733, 501.19579884916527], [0.0, 0.0, 1.0]]], "extrinsics": [[[0.8210174441337585, -0.5708475708961487, 0.007964405231177807, -0.931243896484375], [0.004872964695096016, -0.006942884996533394, -0.9999639987945557, 1.5084490776062012], [0.5708823204040527, 0.8210267424583435, -0.002918510464951396, -1.2568359375], [0.0, 0.0, 0.0, 1.0]], [[0.006052042357623577, -0.9999209642410278, 0.011015612632036209, 0.00537109375], [-0.0004071997827850282, -0.011018278077244759, -0.9999392032623291, 1.5205211639404297], [0.9999816417694092, 0.006047195754945278, -0.00047385107609443367, -1.6586761474609375], [0.0, 0.0, 0.0, 1.0]], [[-0.8327124118804932, -0.5536512732505798, -0.007767586503177881, 1.01068115234375], [0.005218576639890671, 0.006180349737405777, -0.9999672770500183, 1.5037789344787598], [0.5536811351776123, -0.8327255845069885, -0.0022571817971765995, -1.2342529296875], [0.0, 0.0, 0.0, 1.0]], [[0.9477288126945496, 0.31902989745140076, 0.005473427940160036, -1.142608642578125], [0.013932887464761734, -0.024240080267190933, -0.9996090531349182, 1.5885486602783203], [-0.31877246499061584, 0.9474346041679382, -0.02741803042590618, -0.10345458984375], [0.0, 0.0, 0.0, 1.0]], [[0.002341796876862645, 0.9998960494995117, -0.01423247903585434, 0.00286865234375], [-0.011492096818983555, -0.014204667881131172, -0.9998330473899841, 1.5792522430419922], [-0.9999311566352844, 0.002504966454580426, 0.011457635089755058, -0.0073394775390625], [0.0, 0.0, 0.0, 1.0]], [[-0.9347784519195557, 0.35470446944236755, -0.019334925338625908, 1.1187896728515625], [0.021117152646183968, 0.0011537967948243022, -0.9997763633728027, 1.5518443584442139], [-0.3546028435230255, -0.9349777698516846, -0.008568894118070602, -0.0701904296875], [0.0, 0.0, 0.0, 1.0]]], "view": [[0.0, -2.0, 100.0], [-2.0, 0.0, 100.0], [0.0, 0.0, 1.0]], "bev": "bev_b3e41a510a2c4af09fcaf208ea45cf9c.png", "aux": "aux_b3e41a510a2c4af09fcaf208ea45cf9c.npz", "visibility": "visibility_b3e41a510a2c4af09fcaf208ea45cf9c.png", "pose": [[0.9969740509986877, 0.077735036611557, 0.0, 208.82864379882812], [-0.077735036611557, 0.9969740509986877, 0.0, 921.1259155273438], [0.0, 0.0, 1.0, 0.0], [0.0, 0.0, 0.0, 1.0]], "pose_inverse": [[0.9969740509986877, -0.077735036611557, 0.0, -136.59298706054688], [0.077735036611557, 0.9969740509986877, 0.0, -934.5719604492188], [0.0, 0.0, 1.0, 0.0], [0.0, 0.0, 0.0, 1.0]], "cam_ids": [0, 1, 2, 3, 4, 5], "cam_channels": ["CAM_FRONT_LEFT", "CAM_FRONT", "CAM_FRONT_RIGHT", "CAM_BACK_LEFT", "CAM_BACK", "CAM_BACK_RIGHT"], "token": "b3e41a510a2c4af09fcaf208ea45cf9c", "scene": "scene-0120"}, {"images": ["samples/CAM_FRONT_LEFT/n015-2018-08-01-16-32-59+0800__CAM_FRONT_LEFT__1533112388654844.jpg", "samples/CAM_FRONT/n015-2018-08-01-16-32-59+0800__CAM_FRONT__1533112388662460.jpg", "samples/CAM_FRONT_RIGHT/n015-2018-08-01-16-32-59+0800__CAM_FRONT_RIGHT__1533112388670339.jpg", "samples/CAM_BACK_LEFT/n015-2018-08-01-16-32-59+0800__CAM_BACK_LEFT__1533112388697423.jpg", "samples/CAM_BACK/n015-2018-08-01-16-32-59+0800__CAM_BACK__1533112388687525.jpg", "samples/CAM_BACK_RIGHT/n015-2018-08-01-16-32-59+0800__CAM_BACK_RIGHT__1533112388677893.jpg"], "intrinsics": [[[1272.5979470598488, 0.0, 826.6154927353808], [0.0, 1272.5979470598488, 479.75165386361925], [0.0, 0.0, 1.0]], [[1266.417203046554, 0.0, 816.2670197447984], [0.0, 1266.417203046554, 491.50706579294757], [0.0, 0.0, 1.0]], [[1260.8474446004698, 0.0, 807.968244525554], [0.0, 1260.8474446004698, 495.3344268742088], [0.0, 0.0, 1.0]], [[1256.7414812095406, 0.0, 792.1125740759628], [0.0, 1256.7414812095406, 492.7757465151356], [0.0, 0.0, 1.0]], [[809.2209905677063, 0.0, 829.2196003259838], [0.0, 809.2209905677063, 481.77842384512485], [0.0, 0.0, 1.0]], [[1259.5137405846733, 0.0, 807.2529053838625], [0.0, 1259.5137405846733, 501.19579884916527], [0.0, 0.0, 1.0]]], "extrinsics": [[[0.8210628628730774, -0.5707870721817017, 0.007601764518767595, -0.919891357421875], [0.004635687917470932, -0.006649278104305267, -0.9999671578407288, 1.5085034370422363], [0.5708188414573669, 0.8210711479187012, -0.0028134852182120085, -1.24884033203125], [0.0, 0.0, 0.0, 1.0]], [[0.006111904513090849, -0.9999241232872009, 0.010691403411328793, 0.00531005859375], [-0.0006592879653908312, -0.010695630684494972, -0.9999426007270813, 1.520503044128418], [0.9999811053276062, 0.006104504689574242, -0.0007246086606755853, -1.6472930908203125], [0.0, 0.0, 0.0, 1.0]], [[-0.8326905369758606, -0.5536844730377197, -0.007739325053989887, 1.0032958984375], [0.004954663570970297, 0.006526033394038677, -0.9999663829803467, 1.5038161277770996], [0.5537163615226746, -0.8327009677886963, -0.002690845401957631, -1.2294921875], [0.0, 0.0, 0.0, 1.0]], [[0.9477329254150391, 0.3190199136734009, 0.005350259132683277, -1.142822265625], [0.013650228269398212, -0.023786991834640503, -0.9996238350868225, 1.5885467529296875], [-0.31877264380455017, 0.9474494457244873, -0.02689841017127037, -0.10345458984375], [0.0, 0.0, 0.0, 1.0]], [[0.002326330868527293, 0.9999020099639893, -0.013803394511342049, 0.00286865234375], [-0.011773220263421535, -0.01377508882433176, -0.9998358488082886, 1.5792121887207031], [-0.9999279379844666, 0.002488459227606654, 0.011740022338926792, -0.010498046875], [0.0, 0.0, 0.0, 1.0]], [[-0.9347941279411316, 0.354684054851532, -0.018950385972857475, 1.11279296875], [0.020852023735642433, 0.0015396925155073404, -0.9997813701629639, 1.5519709587097168], [-0.35457736253738403, -0.9349849224090576, -0.00883517786860466, -0.072509765625], [0.0, 0.0, 0.0, 1.0]]], "view": [[0.0, -2.0, 100.0], [-2.0, 0.0, 100.0], [0.0, 0.0, 1.0]], "bev": "bev_83b75f38d9b941b7bd48da008cc8f328.png", "aux": "aux_83b75f38d9b941b7bd48da008cc8f328.npz", "visibility": "visibility_83b75f38d9b941b7bd48da008cc8f328.png", "pose": [[0.9965161681175232, 0.08339948952198029, 0.0, 209.38784790039062], [-0.08339948952198029, 0.9965161681175232, 0.0, 921.0807495117188], [0.0, 0.0, 1.0, 0.0], [0.0, 0.0, 0.0, 1.0]], "pose_inverse": [[0.9965161681175232, -0.08339948952198029, 0.0, -131.84071350097656], [0.08339948952198029, 0.9965161681175232, 0.0, -935.334716796875], [0.0, 0.0, 1.0, 0.0], [0.0, 0.0, 0.0, 1.0]], "cam_ids": [0, 1, 2, 3, 4, 5], "cam_channels": ["CAM_FRONT_LEFT", "CAM_FRONT", "CAM_FRONT_RIGHT", "CAM_BACK_LEFT", "CAM_BACK", "CAM_BACK_RIGHT"], "token": "83b75f38d9b941b7bd48da008cc8f328", "scene": "scene-0120"}, {"images": ["samples/CAM_FRONT_LEFT/n015-2018-08-01-16-32-59+0800__CAM_FRONT_LEFT__1533112389154844.jpg", "samples/CAM_FRONT/n015-2018-08-01-16-32-59+0800__CAM_FRONT__1533112389162460.jpg", "samples/CAM_FRONT_RIGHT/n015-2018-08-01-16-32-59+0800__CAM_FRONT_RIGHT__1533112389170339.jpg", "samples/CAM_BACK_LEFT/n015-2018-08-01-16-32-59+0800__CAM_BACK_LEFT__1533112389197423.jpg", "samples/CAM_BACK/n015-2018-08-01-16-32-59+0800__CAM_BACK__1533112389187525.jpg", "samples/CAM_BACK_RIGHT/n015-2018-08-01-16-32-59+0800__CAM_BACK_RIGHT__1533112389177893.jpg"], "intrinsics": [[[1272.5979470598488, 0.0, 826.6154927353808], [0.0, 1272.5979470598488, 479.75165386361925], [0.0, 0.0, 1.0]], [[1266.417203046554, 0.0, 816.2670197447984], [0.0, 1266.417203046554, 491.50706579294757], [0.0, 0.0, 1.0]], [[1260.8474446004698, 0.0, 807.968244525554], [0.0, 1260.8474446004698, 495.3344268742088], [0.0, 0.0, 1.0]], [[1256.7414812095406, 0.0, 792.1125740759628], [0.0, 1256.7414812095406, 492.7757465151356], [0.0, 0.0, 1.0]], [[809.2209905677063, 0.0, 829.2196003259838], [0.0, 809.2209905677063, 481.77842384512485], [0.0, 0.0, 1.0]], [[1259.5137405846733, 0.0, 807.2529053838625], [0.0, 1259.5137405846733, 501.19579884916527], [0.0, 0.0, 1.0]]], "extrinsics": [[[0.8206014037132263, -0.5714512467384338, 0.007533956319093704, -0.9052734375], [0.005377260502427816, -0.00546179199591279, -0.9999706745147705, 1.5086393356323242], [0.571475625038147, 0.8206179141998291, -0.0014091116609051824, -1.23834228515625], [0.0, 0.0, 0.0, 1.0]], [[0.005441279616206884, -0.9999397993087769, 0.009530340321362019, 0.00518798828125], [0.00010148639557883143, -0.009529929608106613, -0.9999546408653259, 1.520538330078125], [0.9999851584434509, 0.005441995337605476, 4.962510502082296e-05, -1.6324920654296875], [0.0, 0.0, 0.0, 1.0]], [[-0.8329694271087646, -0.5532451272010803, -0.009034408256411552, 0.99365234375], [0.0057522268034517765, 0.007668509613722563, -0.9999539852142334, 1.5039138793945312], [0.553288996219635, -0.8329831957817078, -0.0032052414026111364, -1.2232666015625], [0.0, 0.0, 0.0, 1.0]], [[0.9477224946022034, 0.31902915239334106, 0.006540477275848389, -1.142303466796875], [0.014550403691828251, -0.022730357944965363, -0.9996356964111328, 1.5885543823242188], [-0.31876426935195923, 0.947472333908081, -0.026184068992733955, -0.1036376953125], [0.0, 0.0, 0.0, 1.0]], [[0.002522548194974661, 0.9999157786369324, -0.012731339782476425, 0.00286865234375], [-0.010913622565567493, -0.012703093700110912, -0.9998597502708435, 1.5791740417480469], [-0.9999372363090515, 0.0026611299254000187, 0.010880658403038979, -0.0149688720703125], [0.0, 0.0, 0.0, 1.0]], [[-0.9346452355384827, 0.35505610704421997, -0.019319621846079826, 1.105072021484375], [0.02166987955570221, 0.0026436219923198223, -0.999761700630188, 1.552173137664795], [-0.3549204468727112, -0.9348412752151489, -0.01016487367451191, -0.0755615234375], [0.0, 0.0, 0.0, 1.0]]], "view": [[0.0, -2.0, 100.0], [-2.0, 0.0, 100.0], [0.0, 0.0, 1.0]], "bev": "bev_ede8f5815b9b43439175a47b9a3a0ac0.png", "aux": "aux_ede8f5815b9b43439175a47b9a3a0ac0.npz", "visibility": "visibility_ede8f5815b9b43439175a47b9a3a0ac0.png", "pose": [[0.9961546063423157, 0.0876130759716034, 0.0, 210.15618896484375], [-0.0876130759716034, 0.9961546063423157, 0.0, 921.016845703125], [0.0, 0.0, 1.0, 0.0], [0.0, 0.0, 0.0, 1.0]], "pose_inverse": [[0.9961546063423157, -0.0876130759716034, 0.0, -128.65493774414062], [0.0876130759716034, 0.9961546063423157, 0.0, -935.8875732421875], [0.0, 0.0, 1.0, 0.0], [0.0, 0.0, 0.0, 1.0]], "cam_ids": [0, 1, 2, 3, 4, 5], "cam_channels": ["CAM_FRONT_LEFT", "CAM_FRONT", "CAM_FRONT_RIGHT", "CAM_BACK_LEFT", "CAM_BACK", "CAM_BACK_RIGHT"], "token": "ede8f5815b9b43439175a47b9a3a0ac0", "scene": "scene-0120"}, {"images": ["samples/CAM_FRONT_LEFT/n015-2018-08-01-16-32-59+0800__CAM_FRONT_LEFT__1533112389654844.jpg", "samples/CAM_FRONT/n015-2018-08-01-16-32-59+0800__CAM_FRONT__1533112389662460.jpg", "samples/CAM_FRONT_RIGHT/n015-2018-08-01-16-32-59+0800__CAM_FRONT_RIGHT__1533112389670339.jpg", "samples/CAM_BACK_LEFT/n015-2018-08-01-16-32-59+0800__CAM_BACK_LEFT__1533112389697423.jpg", "samples/CAM_BACK/n015-2018-08-01-16-32-59+0800__CAM_BACK__1533112389687525.jpg", "samples/CAM_BACK_RIGHT/n015-2018-08-01-16-32-59+0800__CAM_BACK_RIGHT__1533112389677893.jpg"], "intrinsics": [[[1272.5979470598488, 0.0, 826.6154927353808], [0.0, 1272.5979470598488, 479.75165386361925], [0.0, 0.0, 1.0]], [[1266.417203046554, 0.0, 816.2670197447984], [0.0, 1266.417203046554, 491.50706579294757], [0.0, 0.0, 1.0]], [[1260.8474446004698, 0.0, 807.968244525554], [0.0, 1260.8474446004698, 495.3344268742088], [0.0, 0.0, 1.0]], [[1256.7414812095406, 0.0, 792.1125740759628], [0.0, 1256.7414812095406, 492.7757465151356], [0.0, 0.0, 1.0]], [[809.2209905677063, 0.0, 829.2196003259838], [0.0, 809.2209905677063, 481.77842384512485], [0.0, 0.0, 1.0]], [[1259.5137405846733, 0.0, 807.2529053838625], [0.0, 1259.5137405846733, 501.19579884916527], [0.0, 0.0, 1.0]]], "extrinsics": [[[0.820368230342865, -0.5717664361000061, 0.008892796002328396, -0.89324951171875], [0.0061697643250226974, -0.006700199097394943, -0.9999585151672363, 1.5087857246398926], [0.5718023180961609, 0.8203890323638916, -0.001968965632840991, -1.22967529296875], [0.0, 0.0, 0.0, 1.0]], [[0.005155517719686031, -0.9999285936355591, 0.010777265764772892, 0.0050048828125], [0.0008481208933517337, -0.010773032903671265, -0.9999416470527649, 1.5205907821655273], [0.9999864101409912, 0.005164364352822304, 0.0007925190730020404, -1.620086669921875], [0.0, 0.0, 0.0, 1.0]], [[-0.8330696225166321, -0.5530959367752075, -0.008932908065617085, 0.9853515625], [0.006455022841691971, 0.0064275530166924, -0.9999584555625916, 1.5040078163146973], [0.5531304478645325, -0.8330927491188049, -0.001784352003596723, -1.21795654296875], [0.0, 0.0, 0.0, 1.0]], [[0.9477195739746094, 0.31903666257858276, 0.006569399498403072, -1.1414794921875], [0.015021894127130508, -0.024040445685386658, -0.9995980858802795, 1.5885677337646484], [-0.3187505006790161, 0.9474374055862427, -0.027576139196753502, -0.10394287109375], [0.0, 0.0, 0.0, 1.0]], [[0.0025762091390788555, 0.9998984336853027, -0.014023776166141033, 0.00299072265625], [-0.0103538753464818, -0.013996399007737637, -0.999848484992981, 1.5791387557983398], [-0.9999431371688843, 0.002721031429246068, 0.010316765867173672, -0.01910400390625], [0.0, 0.0, 0.0, 1.0]], [[-0.9345933198928833, 0.3551343083381653, -0.020371289923787117, 1.0982513427734375], [0.02231670543551445, 0.0013821402098983526, -0.999750018119812, 1.552358627319336], [-0.35501742362976074, -0.9348142147064209, -0.00921716820448637, -0.07830810546875], [0.0, 0.0, 0.0, 1.0]]], "view": [[0.0, -2.0, 100.0], [-2.0, 0.0, 100.0], [0.0, 0.0, 1.0]], "bev": "bev_70c353343a364d2a96b0b56c58d76c0a.png", "aux": "aux_70c353343a364d2a96b0b56c58d76c0a.npz", "visibility": "visibility_70c353343a364d2a96b0b56c58d76c0a.png", "pose": [[0.996737539768219, 0.08071104437112808, 0.0, 211.0920867919922], [-0.08071104437112808, 0.996737539768219, 0.0, 920.9391479492188], [0.0, 0.0, 1.0, 0.0], [0.0, 0.0, 0.0, 1.0]], "pose_inverse": [[0.996737539768219, -0.08071104437112808, 0.0, -136.0734405517578], [0.08071104437112808, 0.996737539768219, 0.0, -934.9721069335938], [0.0, 0.0, 1.0, 0.0], [0.0, 0.0, 0.0, 1.0]], "cam_ids": [0, 1, 2, 3, 4, 5], "cam_channels": ["CAM_FRONT_LEFT", "CAM_FRONT", "CAM_FRONT_RIGHT", "CAM_BACK_LEFT", "CAM_BACK", "CAM_BACK_RIGHT"], "token": "70c353343a364d2a96b0b56c58d76c0a", "scene": "scene-0120"}, {"images": ["samples/CAM_FRONT_LEFT/n015-2018-08-01-16-32-59+0800__CAM_FRONT_LEFT__1533112390154844.jpg", "samples/CAM_FRONT/n015-2018-08-01-16-32-59+0800__CAM_FRONT__1533112390162460.jpg", "samples/CAM_FRONT_RIGHT/n015-2018-08-01-16-32-59+0800__CAM_FRONT_RIGHT__1533112390170339.jpg", "samples/CAM_BACK_LEFT/n015-2018-08-01-16-32-59+0800__CAM_BACK_LEFT__1533112390197423.jpg", "samples/CAM_BACK/n015-2018-08-01-16-32-59+0800__CAM_BACK__1533112390187525.jpg", "samples/CAM_BACK_RIGHT/n015-2018-08-01-16-32-59+0800__CAM_BACK_RIGHT__1533112390177893.jpg"], "intrinsics": [[[1272.5979470598488, 0.0, 826.6154927353808], [0.0, 1272.5979470598488, 479.75165386361925], [0.0, 0.0, 1.0]], [[1266.417203046554, 0.0, 816.2670197447984], [0.0, 1266.417203046554, 491.50706579294757], [0.0, 0.0, 1.0]], [[1260.8474446004698, 0.0, 807.968244525554], [0.0, 1260.8474446004698, 495.3344268742088], [0.0, 0.0, 1.0]], [[1256.7414812095406, 0.0, 792.1125740759628], [0.0, 1256.7414812095406, 492.7757465151356], [0.0, 0.0, 1.0]], [[809.2209905677063, 0.0, 829.2196003259838], [0.0, 809.2209905677063, 481.77842384512485], [0.0, 0.0, 1.0]], [[1259.5137405846733, 0.0, 807.2529053838625], [0.0, 1259.5137405846733, 501.19579884916527], [0.0, 0.0, 1.0]]], "extrinsics": [[[0.8212235569953918, -0.5705816149711609, 0.005336315371096134, -0.8741455078125], [0.0029197894036769867, -0.005149872042238712, -0.999982476234436, 1.508570671081543], [0.5705990791320801, 0.8212247490882874, -0.0025632178876549006, -1.21685791015625], [0.0, 0.0, 0.0, 1.0]], [[0.006336160935461521, -0.9999373555183411, 0.009223167784512043, 0.0054931640625], [-0.0024437331594526768, -0.009238810278475285, -0.999954342842102, 1.5203094482421875], [0.9999768733978271, 0.0063133337534964085, -0.002502119168639183, -1.6012725830078125], [0.0, 0.0, 0.0, 1.0]], [[-0.8326166868209839, -0.5538055896759033, -0.006987829692661762, 0.97332763671875], [0.00309776677750051, 0.007960054092109203, -0.9999635219573975, 1.5038642883300781], [0.5538409948348999, -0.8326079845428467, -0.00491211237385869, -1.209716796875], [0.0, 0.0, 0.0, 1.0]], [[0.9478093981742859, 0.31881415843963623, 0.0038547785952687263, -1.141845703125], [0.011595958843827248, -0.02238672971725464, -0.9996820688247681, 1.5885543823242188], [-0.3186265230178833, 0.9475528597831726, -0.024915307760238647, -0.10357666015625], [0.0, 0.0, 0.0, 1.0]], [[0.002330212155357003, 0.9999198317527771, -0.012450180947780609, 0.00311279296875], [-0.0137717854231596, -0.012416944839060307, -0.999828040599823, 1.5789966583251953], [-0.9999024868011475, 0.0025012644473463297, 0.013741745613515377, -0.02420806884765625], [0.0, 0.0, 0.0, 1.0]], [[-0.9348682165145874, 0.35460445284843445, -0.016645383089780807, 1.0884552001953125], [0.018914781510829926, 0.0029342384077608585, -0.9998167753219604, 1.552417278289795], [-0.35449060797691345, -0.9350118041038513, -0.009450392797589302, -0.0819091796875], [0.0, 0.0, 0.0, 1.0]]], "view": [[0.0, -2.0, 100.0], [-2.0, 0.0, 100.0], [0.0, 0.0, 1.0]], "bev": "bev_a06d747ac9944253b996594adeb9fc90.png", "aux": "aux_a06d747ac9944253b996594adeb9fc90.npz", "visibility": "visibility_a06d747ac9944253b996594adeb9fc90.png", "pose": [[0.9960342645645142, 0.08897051215171814, 0.0, 212.26319885253906], [-0.08897051215171814, 0.9960342645645142, 0.0, 920.8408203125], [0.0, 0.0, 1.0, 0.0], [0.0, 0.0, 0.0, 1.0]], "pose_inverse": [[0.9960342645645142, -0.08897051215171814, 0.0, -129.49374389648438], [0.08897051215171814, 0.9960342645645142, 0.0, -936.0741577148438], [0.0, 0.0, 1.0, 0.0], [0.0, 0.0, 0.0, 1.0]], "cam_ids": [0, 1, 2, 3, 4, 5], "cam_channels": ["CAM_FRONT_LEFT", "CAM_FRONT", "CAM_FRONT_RIGHT", "CAM_BACK_LEFT", "CAM_BACK", "CAM_BACK_RIGHT"], "token": "a06d747ac9944253b996594adeb9fc90", "scene": "scene-0120"}, {"images": ["samples/CAM_FRONT_LEFT/n015-2018-08-01-16-32-59+0800__CAM_FRONT_LEFT__1533112390654844.jpg", "samples/CAM_FRONT/n015-2018-08-01-16-32-59+0800__CAM_FRONT__1533112390662460.jpg", "samples/CAM_FRONT_RIGHT/n015-2018-08-01-16-32-59+0800__CAM_FRONT_RIGHT__1533112390670339.jpg", "samples/CAM_BACK_LEFT/n015-2018-08-01-16-32-59+0800__CAM_BACK_LEFT__1533112390697423.jpg", "samples/CAM_BACK/n015-2018-08-01-16-32-59+0800__CAM_BACK__1533112390687525.jpg", "samples/CAM_BACK_RIGHT/n015-2018-08-01-16-32-59+0800__CAM_BACK_RIGHT__1533112390677893.jpg"], "intrinsics": [[[1272.5979470598488, 0.0, 826.6154927353808], [0.0, 1272.5979470598488, 479.75165386361925], [0.0, 0.0, 1.0]], [[1266.417203046554, 0.0, 816.2670197447984], [0.0, 1266.417203046554, 491.50706579294757], [0.0, 0.0, 1.0]], [[1260.8474446004698, 0.0, 807.968244525554], [0.0, 1260.8474446004698, 495.3344268742088], [0.0, 0.0, 1.0]], [[1256.7414812095406, 0.0, 792.1125740759628], [0.0, 1256.7414812095406, 492.7757465151356], [0.0, 0.0, 1.0]], [[809.2209905677063, 0.0, 829.2196003259838], [0.0, 809.2209905677063, 481.77842384512485], [0.0, 0.0, 1.0]], [[1259.5137405846733, 0.0, 807.2529053838625], [0.0, 1259.5137405846733, 501.19579884916527], [0.0, 0.0, 1.0]]], "extrinsics": [[[0.8209867477416992, -0.5709429383277893, 0.0022186359856277704, -0.86529541015625], [-0.001217851066030562, -0.0056370580568909645, -0.9999833703041077, 1.5080981254577637], [0.5709459185600281, 0.8209704160690308, -0.005323273129761219, -1.21044921875], [0.0, 0.0, 0.0, 1.0]], [[0.006004782393574715, -0.9999350309371948, 0.009689822793006897, 0.00531005859375], [-0.006500577088445425, -0.009728826582431793, -0.9999315738677979, 1.5198802947998047], [0.9999607801437378, 0.005941371899098158, -0.006558574270457029, -1.5921630859375], [0.0, 0.0, 0.0, 1.0]], [[-0.8327999711036682, -0.5535635948181152, -0.0033824460115283728, 0.9671630859375], [-0.0008810932631604373, 0.00743568642064929, -0.9999719858169556, 1.5035762786865234], [0.5535732507705688, -0.8327736854553223, -0.006680181249976158, -1.2056884765625], [0.0, 0.0, 0.0, 1.0]], [[0.9477353096008301, 0.3190576732158661, -1.570865606481675e-05, -1.13922119140625], [0.007739043328911066, -0.02303742803633213, -0.9997046589851379, 1.588582992553711], [-0.31896382570266724, 0.9474552273750305, -0.024302585050463676, -0.10479736328125], [0.0, 0.0, 0.0, 1.0]], [[0.0022930819541215897, 0.9999126195907593, -0.013019845820963383, 0.0029296875], [-0.017669033259153366, -0.012977334670722485, -0.9997596740722656, 1.5788240432739258], [-0.9998412132263184, 0.0025225887075066566, 0.01763772778213024, -0.02826690673828125], [0.0, 0.0, 0.0, 1.0]], [[-0.9348483681678772, 0.35480329394340515, -0.013156840577721596, 1.083221435546875], [0.014983794651925564, 0.0024020345881581306, -0.999884843826294, 1.5523004531860352], [-0.35473084449768066, -0.9349379539489746, -0.007561839185655117, -0.08392333984375], [0.0, 0.0, 0.0, 1.0]]], "view": [[0.0, -2.0, 100.0], [-2.0, 0.0, 100.0], [0.0, 0.0, 1.0]], "bev": "bev_907c9e43858147d4b7b81b0fba6ccebc.png", "aux": "aux_907c9e43858147d4b7b81b0fba6ccebc.npz", "visibility": "visibility_907c9e43858147d4b7b81b0fba6ccebc.png", "pose": [[0.9954063296318054, 0.0957406535744667, 0.0, 213.59429931640625], [-0.0957406535744667, 0.9954063296318054, 0.0, 920.7138061523438], [0.0, 0.0, 1.0, 0.0], [0.0, 0.0, 0.0, 1.0]], "pose_inverse": [[0.9954063296318054, -0.0957406535744667, 0.0, -124.46337127685547], [0.0957406535744667, 0.9954063296318054, 0.0, -936.9340209960938], [0.0, 0.0, 1.0, 0.0], [0.0, 0.0, 0.0, 1.0]], "cam_ids": [0, 1, 2, 3, 4, 5], "cam_channels": ["CAM_FRONT_LEFT", "CAM_FRONT", "CAM_FRONT_RIGHT", "CAM_BACK_LEFT", "CAM_BACK", "CAM_BACK_RIGHT"], "token": "907c9e43858147d4b7b81b0fba6ccebc", "scene": "scene-0120"}, {"images": ["samples/CAM_FRONT_LEFT/n015-2018-08-01-16-32-59+0800__CAM_FRONT_LEFT__1533112391154844.jpg", "samples/CAM_FRONT/n015-2018-08-01-16-32-59+0800__CAM_FRONT__1533112391162460.jpg", "samples/CAM_FRONT_RIGHT/n015-2018-08-01-16-32-59+0800__CAM_FRONT_RIGHT__1533112391170341.jpg", "samples/CAM_BACK_LEFT/n015-2018-08-01-16-32-59+0800__CAM_BACK_LEFT__1533112391197423.jpg", "samples/CAM_BACK/n015-2018-08-01-16-32-59+0800__CAM_BACK__1533112391187525.jpg", "samples/CAM_BACK_RIGHT/n015-2018-08-01-16-32-59+0800__CAM_BACK_RIGHT__1533112391177893.jpg"], "intrinsics": [[[1272.5979470598488, 0.0, 826.6154927353808], [0.0, 1272.5979470598488, 479.75165386361925], [0.0, 0.0, 1.0]], [[1266.417203046554, 0.0, 816.2670197447984], [0.0, 1266.417203046554, 491.50706579294757], [0.0, 0.0, 1.0]], [[1260.8474446004698, 0.0, 807.968244525554], [0.0, 1260.8474446004698, 495.3344268742088], [0.0, 0.0, 1.0]], [[1256.7414812095406, 0.0, 792.1125740759628], [0.0, 1256.7414812095406, 492.7757465151356], [0.0, 0.0, 1.0]], [[809.2209905677063, 0.0, 829.2196003259838], [0.0, 809.2209905677063, 481.77842384512485], [0.0, 0.0, 1.0]], [[1259.5137405846733, 0.0, 807.2529053838625], [0.0, 1259.5137405846733, 501.19579884916527], [0.0, 0.0, 1.0]]], "extrinsics": [[[0.8207959532737732, -0.5712189078330994, 0.0016923708608374, -0.854095458984375], [-0.002596798352897167, -0.006694052368402481, -0.999974250793457, 1.5079030990600586], [0.5712155103683472, 0.8207703828811646, -0.006977791432291269, -1.20391845703125], [0.0, 0.0, 0.0, 1.0]], [[0.0057500568218529224, -0.9999254941940308, 0.010763095691800117, 0.0062255859375], [-0.007953668013215065, -0.010808666236698627, -0.9999099969863892, 1.5196609497070312], [0.9999517798423767, 0.005663922987878323, -0.008015226572751999, -1.5817413330078125], [0.0, 0.0, 0.0, 1.0]], [[-0.832922101020813, -0.553388237953186, -0.0015317240031436086, 0.961181640625], [-0.002379459096118808, 0.0063492367044091225, -0.9999769926071167, 1.5034370422363281], [0.5533851981163025, -0.832899272441864, -0.006605183240026236, -1.200927734375], [0.0, 0.0, 0.0, 1.0]], [[0.9477834105491638, 0.31890931725502014, -0.0018966026837006211, -1.141265869140625], [0.006110730580985546, -0.024106115102767944, -0.9996907114982605, 1.5885677337646484], [-0.3188563883304596, 0.9474785923957825, -0.024796143174171448, -0.104248046875], [0.0, 0.0, 0.0, 1.0]], [[0.0024162540212273598, 0.9998975396156311, -0.01410608645528555, 0.00262451171875], [-0.01924770325422287, -0.014057010412216187, -0.9997159242630005, 1.578751564025879], [-0.9998117685317993, 0.0026870633009821177, 0.019211767241358757, -0.02984619140625], [0.0, 0.0, 0.0, 1.0]], [[-0.9348108172416687, 0.35493922233581543, -0.012116902507841587, 1.078369140625], [0.01345465425401926, 0.0013009534450247884, -0.9999086260795593, 1.5522799491882324], [-0.3548910617828369, -0.934888482093811, -0.005991730839014053, -0.0853271484375], [0.0, 0.0, 0.0, 1.0]]], "view": [[0.0, -2.0, 100.0], [-2.0, 0.0, 100.0], [0.0, 0.0, 1.0]], "bev": "bev_9932ec0cbc194e758d81f63ebc6ae7c2.png", "aux": "aux_9932ec0cbc194e758d81f63ebc6ae7c2.npz", "visibility": "visibility_9932ec0cbc194e758d81f63ebc6ae7c2.png", "pose": [[0.9953696131706238, 0.09612135589122772, 0.0, 215.1031494140625], [-0.09612135589122772, 0.9953696131706238, 0.0, 920.5664672851562], [0.0, 0.0, 1.0, 0.0], [0.0, 0.0, 0.0, 1.0]], "pose_inverse": [[0.9953696131706238, -0.09612135589122772, 0.0, -125.62104797363281], [0.09612135589122772, 0.9953696131706238, 0.0, -936.9799194335938], [0.0, 0.0, 1.0, 0.0], [0.0, 0.0, 0.0, 1.0]], "cam_ids": [0, 1, 2, 3, 4, 5], "cam_channels": ["CAM_FRONT_LEFT", "CAM_FRONT", "CAM_FRONT_RIGHT", "CAM_BACK_LEFT", "CAM_BACK", "CAM_BACK_RIGHT"], "token": "9932ec0cbc194e758d81f63ebc6ae7c2", "scene": "scene-0120"}, {"images": ["samples/CAM_FRONT_LEFT/n015-2018-08-01-16-32-59+0800__CAM_FRONT_LEFT__1533112391654844.jpg", "samples/CAM_FRONT/n015-2018-08-01-16-32-59+0800__CAM_FRONT__1533112391662460.jpg", "samples/CAM_FRONT_RIGHT/n015-2018-08-01-16-32-59+0800__CAM_FRONT_RIGHT__1533112391670339.jpg", "samples/CAM_BACK_LEFT/n015-2018-08-01-16-32-59+0800__CAM_BACK_LEFT__1533112391697424.jpg", "samples/CAM_BACK/n015-2018-08-01-16-32-59+0800__CAM_BACK__1533112391687525.jpg", "samples/CAM_BACK_RIGHT/n015-2018-08-01-16-32-59+0800__CAM_BACK_RIGHT__1533112391677893.jpg"], "intrinsics": [[[1272.5979470598488, 0.0, 826.6154927353808], [0.0, 1272.5979470598488, 479.75165386361925], [0.0, 0.0, 1.0]], [[1266.417203046554, 0.0, 816.2670197447984], [0.0, 1266.417203046554, 491.50706579294757], [0.0, 0.0, 1.0]], [[1260.8474446004698, 0.0, 807.968244525554], [0.0, 1260.8474446004698, 495.3344268742088], [0.0, 0.0, 1.0]], [[1256.7414812095406, 0.0, 792.1125740759628], [0.0, 1256.7414812095406, 492.7757465151356], [0.0, 0.0, 1.0]], [[809.2209905677063, 0.0, 829.2196003259838], [0.0, 809.2209905677063, 481.77842384512485], [0.0, 0.0, 1.0]], [[1259.5137405846733, 0.0, 807.2529053838625], [0.0, 1259.5137405846733, 501.19579884916527], [0.0, 0.0, 1.0]]], "extrinsics": [[[0.8202881217002869, -0.5719423294067383, 0.0030724352691322565, -0.84881591796875], [-0.00342951831407845, -0.010290280915796757, -0.9999411702156067, 1.5077552795410156], [0.5719403028488159, 0.8202293515205383, -0.010402482002973557, -1.1983642578125], [0.0, 0.0, 0.0, 1.0]], [[0.005068560596555471, -0.9998830556869507, 0.01442734431475401, 0.00518798828125], [-0.008744534105062485, -0.014471297152340412, -0.9998570680618286, 1.5195045471191406], [0.9999487996101379, 0.004941669292747974, -0.008816859684884548, -1.5754547119140625], [0.0, 0.0, 0.0, 1.0]], [[-0.8331913352012634, -0.5529836416244507, 0.001153735094703734, 0.95648193359375], [-0.003112305421382189, 0.002603006549179554, -0.999991774559021, 1.5033619403839111], [0.552976131439209, -0.833187997341156, -0.0038898556958884, -1.19873046875], [0.0, 0.0, 0.0, 1.0]], [[0.947769820690155, 0.3189323842525482, -0.0037930344697088003, -1.142547607421875], [0.005518191959708929, -0.02828635461628437, -0.9995846152305603, 1.5885543823242188], [-0.318907231092453, 0.9473552703857422, -0.02856888435781002, -0.10357666015625], [0.0, 0.0, 0.0, 1.0]], [[0.0025144631508737803, 0.999832808971405, -0.01811264455318451, 0.0029296875], [-0.0198651272803545, -0.01805918663740158, -0.9996395707130432, 1.5786933898925781], [-0.9997994303703308, 0.002873367629945278, 0.01981639675796032, -0.0314178466796875], [0.0, 0.0, 0.0, 1.0]], [[-0.934716522693634, 0.3551621437072754, -0.012842663563787937, 1.07476806640625], [0.012767793610692024, -0.002554630860686302, -0.9999152421951294, 1.5522890090942383], [-0.35516485571861267, -0.9348012208938599, -0.0021467823535203934, -0.08709716796875], [0.0, 0.0, 0.0, 1.0]]], "view": [[0.0, -2.0, 100.0], [-2.0, 0.0, 100.0], [0.0, 0.0, 1.0]], "bev": "bev_c1a4a70f658b4c86bf0c5bbe24284bed.png", "aux": "aux_c1a4a70f658b4c86bf0c5bbe24284bed.npz", "visibility": "visibility_c1a4a70f658b4c86bf0c5bbe24284bed.png", "pose": [[0.9956907629966736, 0.09273581206798553, 0.0, 216.73756408691406], [-0.09273581206798553, 0.9956907629966736, 0.0, 920.411376953125], [0.0, 0.0, 1.0, 0.0], [0.0, 0.0, 0.0, 1.0]], "pose_inverse": [[0.9956907629966736, -0.09273581206798553, 0.0, -130.448486328125], [0.09273581206798553, 0.9956907629966736, 0.0, -936.54443359375], [0.0, 0.0, 1.0, 0.0], [0.0, 0.0, 0.0, 1.0]], "cam_ids": [0, 1, 2, 3, 4, 5], "cam_channels": ["CAM_FRONT_LEFT", "CAM_FRONT", "CAM_FRONT_RIGHT", "CAM_BACK_LEFT", "CAM_BACK", "CAM_BACK_RIGHT"], "token": "c1a4a70f658b4c86bf0c5bbe24284bed", "scene": "scene-0120"}, {"images": ["samples/CAM_FRONT_LEFT/n015-2018-08-01-16-32-59+0800__CAM_FRONT_LEFT__1533112392154844.jpg", "samples/CAM_FRONT/n015-2018-08-01-16-32-59+0800__CAM_FRONT__1533112392162460.jpg", "samples/CAM_FRONT_RIGHT/n015-2018-08-01-16-32-59+0800__CAM_FRONT_RIGHT__1533112392170339.jpg", "samples/CAM_BACK_LEFT/n015-2018-08-01-16-32-59+0800__CAM_BACK_LEFT__1533112392197423.jpg", "samples/CAM_BACK/n015-2018-08-01-16-32-59+0800__CAM_BACK__1533112392187525.jpg", "samples/CAM_BACK_RIGHT/n015-2018-08-01-16-32-59+0800__CAM_BACK_RIGHT__1533112392177893.jpg"], "intrinsics": [[[1272.5979470598488, 0.0, 826.6154927353808], [0.0, 1272.5979470598488, 479.75165386361925], [0.0, 0.0, 1.0]], [[1266.417203046554, 0.0, 816.2670197447984], [0.0, 1266.417203046554, 491.50706579294757], [0.0, 0.0, 1.0]], [[1260.8474446004698, 0.0, 807.968244525554], [0.0, 1260.8474446004698, 495.3344268742088], [0.0, 0.0, 1.0]], [[1256.7414812095406, 0.0, 792.1125740759628], [0.0, 1256.7414812095406, 492.7757465151356], [0.0, 0.0, 1.0]], [[809.2209905677063, 0.0, 829.2196003259838], [0.0, 809.2209905677063, 481.77842384512485], [0.0, 0.0, 1.0]], [[1259.5137405846733, 0.0, 807.2529053838625], [0.0, 1259.5137405846733, 501.19579884916527], [0.0, 0.0, 1.0]]], "extrinsics": [[[0.8204005360603333, -0.5717831254005432, 0.0026313308626413345, -0.8372802734375], [-0.006457089446485043, -0.013866133987903595, -0.9998829960823059, 1.5072546005249023], [0.5717527866363525, 0.8202876448631287, -0.015067840926349163, -1.19195556640625], [0.0, 0.0, 0.0, 1.0]], [[0.005216680932790041, -0.9998258948326111, 0.01791791431605816, 0.006103515625], [-0.011806473135948181, -0.017978493124246597, -0.9997687339782715, 1.5190372467041016], [0.999916672706604, 0.005003923550248146, -0.011898204684257507, -1.5650634765625], [0.0, 0.0, 0.0, 1.0]], [[-0.8331732153892517, -0.552983283996582, 0.005651670042425394, 0.95050048828125], [-0.006226324941962957, -0.0008389960858039558, -0.9999802112579346, 1.5030336380004883], [0.5529770255088806, -0.833191990852356, -0.002744022523984313, -1.19403076171875], [0.0, 0.0, 0.0, 1.0]], [[0.9478001594543457, 0.31876951456069946, -0.007813201285898685, -1.1448974609375], [0.002315686782822013, -0.031383614987134933, -0.9995046854019165, 1.588552474975586], [-0.3188568353652954, 0.947312593460083, -0.030483560636639595, -0.10284423828125], [0.0, 0.0, 0.0, 1.0]], [[0.002574929967522621, 0.9997683763504028, -0.02136904001235962, 0.0028076171875], [-0.023051979020237923, -0.021304089576005936, -0.9995072484016418, 1.578561782836914], [-0.9997310042381287, 0.0030662657227367163, 0.022991780191659927, -0.03271484375], [0.0, 0.0, 0.0, 1.0]], [[-0.9347298741340637, 0.3551855683326721, -0.01110208872705698, 1.0700531005859375], [0.009628413245081902, -0.00591638870537281, -0.9999361038208008, 1.552131175994873], [-0.35522860288619995, -0.9347771406173706, 0.0021103511098772287, -0.08856201171875], [0.0, 0.0, 0.0, 1.0]]], "view": [[0.0, -2.0, 100.0], [-2.0, 0.0, 100.0], [0.0, 0.0, 1.0]], "bev": "bev_c60b6cb38d4441df87f4f3c889cec6d3.png", "aux": "aux_c60b6cb38d4441df87f4f3c889cec6d3.npz", "visibility": "visibility_c60b6cb38d4441df87f4f3c889cec6d3.png", "pose": [[0.9961557388305664, 0.08760024607181549, 0.0, 218.51931762695312], [-0.08760024607181549, 0.9961557388305664, 0.0, 920.2432861328125], [0.0, 0.0, 1.0, 0.0], [0.0, 0.0, 0.0, 1.0]], "pose_inverse": [[0.9961557388305664, -0.08760024607181549, 0.0, -137.06573486328125], [0.08760024607181549, 0.9961557388305664, 0.0, -935.8479614257812], [0.0, 0.0, 1.0, 0.0], [0.0, 0.0, 0.0, 1.0]], "cam_ids": [0, 1, 2, 3, 4, 5], "cam_channels": ["CAM_FRONT_LEFT", "CAM_FRONT", "CAM_FRONT_RIGHT", "CAM_BACK_LEFT", "CAM_BACK", "CAM_BACK_RIGHT"], "token": "c60b6cb38d4441df87f4f3c889cec6d3", "scene": "scene-0120"}, {"images": ["samples/CAM_FRONT_LEFT/n015-2018-08-01-16-32-59+0800__CAM_FRONT_LEFT__1533112392654844.jpg", "samples/CAM_FRONT/n015-2018-08-01-16-32-59+0800__CAM_FRONT__1533112392662460.jpg", "samples/CAM_FRONT_RIGHT/n015-2018-08-01-16-32-59+0800__CAM_FRONT_RIGHT__1533112392670339.jpg", "samples/CAM_BACK_LEFT/n015-2018-08-01-16-32-59+0800__CAM_BACK_LEFT__1533112392697423.jpg", "samples/CAM_BACK/n015-2018-08-01-16-32-59+0800__CAM_BACK__1533112392687525.jpg", "samples/CAM_BACK_RIGHT/n015-2018-08-01-16-32-59+0800__CAM_BACK_RIGHT__1533112392677893.jpg"], "intrinsics": [[[1272.5979470598488, 0.0, 826.6154927353808], [0.0, 1272.5979470598488, 479.75165386361925], [0.0, 0.0, 1.0]], [[1266.417203046554, 0.0, 816.2670197447984], [0.0, 1266.417203046554, 491.50706579294757], [0.0, 0.0, 1.0]], [[1260.8474446004698, 0.0, 807.968244525554], [0.0, 1260.8474446004698, 495.3344268742088], [0.0, 0.0, 1.0]], [[1256.7414812095406, 0.0, 792.1125740759628], [0.0, 1256.7414812095406, 492.7757465151356], [0.0, 0.0, 1.0]], [[809.2209905677063, 0.0, 829.2196003259838], [0.0, 809.2209905677063, 481.77842384512485], [0.0, 0.0, 1.0]], [[1259.5137405846733, 0.0, 807.2529053838625], [0.0, 1259.5137405846733, 501.19579884916527], [0.0, 0.0, 1.0]]], "extrinsics": [[[0.8203715085983276, -0.5718159675598145, 0.004132688976824284, -0.831451416015625], [-0.008556479588150978, -0.01950145699083805, -0.9997732639312744, 1.5068721771240234], [0.5717669129371643, 0.8201501369476318, -0.02089116908609867, -1.18792724609375], [0.0, 0.0, 0.0, 1.0]], [[0.005205611232668161, -0.9997087121009827, 0.023563792929053307, 0.0062255859375], [-0.013872242532670498, -0.023634040728211403, -0.9996244311332703, 1.5186996459960938], [0.999890148639679, 0.0048767696134746075, -0.01399123203009367, -1.5593414306640625], [0.0, 0.0, 0.0, 1.0]], [[-0.8331855535507202, -0.5528945326805115, 0.010462714359164238, 0.94696044921875], [-0.008247572928667068, -0.006493785884231329, -0.9999448657035828, 1.5027999877929688], [0.5529320240020752, -0.8332259058952332, 0.0008504907600581646, -1.19158935546875], [0.0, 0.0, 0.0, 1.0]], [[0.9477648138999939, 0.3187656104564667, -0.011415103450417519, -1.14434814453125], [0.0004420023178681731, -0.03709985688328743, -0.9993114471435547, 1.5885505676269531], [-0.31896957755088806, 0.9471072554588318, -0.03530283272266388, -0.1029052734375], [0.0, 0.0, 0.0, 1.0]], [[0.0025367497000843287, 0.9996306300163269, -0.027057893574237823, 0.002685546875], [-0.025004906579852104, -0.02698611095547676, -0.9993230104446411, 1.5784549713134766], [-0.9996840357780457, 0.003211608389392495, 0.024927213788032532, -0.0343475341796875], [0.0, 0.0, 0.0, 1.0]], [[-0.934734582901001, 0.35516873002052307, -0.011244567111134529, 1.0672760009765625], [0.0076298280619084835, -0.011576536111533642, -0.9999038577079773, 1.5520143508911133], [-0.355264812707901, -0.9347305297851562, 0.00811111181974411, -0.089599609375], [0.0, 0.0, 0.0, 1.0]]], "view": [[0.0, -2.0, 100.0], [-2.0, 0.0, 100.0], [0.0, 0.0, 1.0]], "bev": "bev_7c1ae37f532c408abe89b4ccfe8a4640.png", "aux": "aux_7c1ae37f532c408abe89b4ccfe8a4640.npz", "visibility": "visibility_7c1ae37f532c408abe89b4ccfe8a4640.png", "pose": [[0.9965334534645081, 0.08319295942783356, 0.0, 220.4378204345703], [-0.08319295942783356, 0.9965334534645081, 0.0, 920.0693969726562], [0.0, 0.0, 1.0, 0.0], [0.0, 0.0, 0.0, 1.0]], "pose_inverse": [[0.9965334534645081, -0.08319295942783356, 0.0, -143.13037109375], [0.08319295942783356, 0.9965334534645081, 0.0, -935.2188110351562], [0.0, 0.0, 1.0, 0.0], [0.0, 0.0, 0.0, 1.0]], "cam_ids": [0, 1, 2, 3, 4, 5], "cam_channels": ["CAM_FRONT_LEFT", "CAM_FRONT", "CAM_FRONT_RIGHT", "CAM_BACK_LEFT", "CAM_BACK", "CAM_BACK_RIGHT"], "token": "7c1ae37f532c408abe89b4ccfe8a4640", "scene": "scene-0120"}, {"images": ["samples/CAM_FRONT_LEFT/n015-2018-08-01-16-32-59+0800__CAM_FRONT_LEFT__1533112393154844.jpg", "samples/CAM_FRONT/n015-2018-08-01-16-32-59+0800__CAM_FRONT__1533112393162460.jpg", "samples/CAM_FRONT_RIGHT/n015-2018-08-01-16-32-59+0800__CAM_FRONT_RIGHT__1533112393170339.jpg", "samples/CAM_BACK_LEFT/n015-2018-08-01-16-32-59+0800__CAM_BACK_LEFT__1533112393197423.jpg", "samples/CAM_BACK/n015-2018-08-01-16-32-59+0800__CAM_BACK__1533112393187525.jpg", "samples/CAM_BACK_RIGHT/n015-2018-08-01-16-32-59+0800__CAM_BACK_RIGHT__1533112393177893.jpg"], "intrinsics": [[[1272.5979470598488, 0.0, 826.6154927353808], [0.0, 1272.5979470598488, 479.75165386361925], [0.0, 0.0, 1.0]], [[1266.417203046554, 0.0, 816.2670197447984], [0.0, 1266.417203046554, 491.50706579294757], [0.0, 0.0, 1.0]], [[1260.8474446004698, 0.0, 807.968244525554], [0.0, 1260.8474446004698, 495.3344268742088], [0.0, 0.0, 1.0]], [[1256.7414812095406, 0.0, 792.1125740759628], [0.0, 1256.7414812095406, 492.7757465151356], [0.0, 0.0, 1.0]], [[809.2209905677063, 0.0, 829.2196003259838], [0.0, 809.2209905677063, 481.77842384512485], [0.0, 0.0, 1.0]], [[1259.5137405846733, 0.0, 807.2529053838625], [0.0, 1259.5137405846733, 501.19579884916527], [0.0, 0.0, 1.0]]], "extrinsics": [[[0.8205199241638184, -0.5715561509132385, 0.008407303132116795, -0.82818603515625], [-0.0049986266531050205, -0.021881766617298126, -0.9997480511665344, 1.5074348449707031], [0.571596086025238, 0.8202710747718811, -0.0208114180713892, -1.18603515625], [0.0, 0.0, 0.0, 1.0]], [[0.005396514665335417, -0.9996469616889954, 0.026016665622591972, 0.00653076171875], [-0.01022113487124443, -0.02607082761824131, -0.9996078610420227, 1.5191612243652344], [0.9999331831932068, 0.0051284912042319775, -0.010358218103647232, -1.5562896728515625], [0.0, 0.0, 0.0, 1.0]], [[-0.8330718278884888, -0.553095817565918, 0.008734491653740406, 0.94525146484375], [-0.004510663915425539, -0.008997250348329544, -0.9999493360519409, 1.5031757354736328], [0.5531463623046875, -0.8330690264701843, 0.005000527016818523, -1.19012451171875], [0.0, 0.0, 0.0, 1.0]], [[0.94777512550354, 0.31882771849632263, -0.008442249149084091, -1.143890380859375], [0.004492095671594143, -0.03981136903166771, -0.9991971254348755, 1.5885429382324219], [-0