[{"images": ["samples/CAM_FRONT_LEFT/n008-2018-09-18-14-35-12-0400__CAM_FRONT_LEFT__1537296055854799.jpg", "samples/CAM_FRONT/n008-2018-09-18-14-35-12-0400__CAM_FRONT__1537296055862404.jpg", "samples/CAM_FRONT_RIGHT/n008-2018-09-18-14-35-12-0400__CAM_FRONT_RIGHT__1537296055870482.jpg", "samples/CAM_BACK_LEFT/n008-2018-09-18-14-35-12-0400__CAM_BACK_LEFT__1537296055897405.jpg", "samples/CAM_BACK/n008-2018-09-18-14-35-12-0400__CAM_BACK__1537296055887558.jpg", "samples/CAM_BACK_RIGHT/n008-2018-09-18-14-35-12-0400__CAM_BACK_RIGHT__1537296055878113.jpg"], "intrinsics": [[[1257.8625342125129, 0.0, 827.2410631095686], [0.0, 1257.8625342125129, 450.915498205774], [0.0, 0.0, 1.0]], [[1252.8131021185304, 0.0, 826.588114781398], [0.0, 1252.8131021185304, 469.9846626224581], [0.0, 0.0, 1.0]], [[1256.7485116440405, 0.0, 817.7887570959712], [0.0, 1256.7485116440403, 451.9541780095127], [0.0, 0.0, 1.0]], [[1254.9860565800168, 0.0, 829.5769333630991], [0.0, 1254.9860565800168, 467.1680561863987], [0.0, 0.0, 1.0]], [[796.8910634503094, 0.0, 857.7774326863696], [0.0, 796.8910634503094, 476.8848988407415], [0.0, 0.0, 1.0]], [[1249.9629280788233, 0.0, 825.3768045375984], [0.0, 1249.9629280788233, 462.54816385708756], [0.0, 0.0, 1.0]]], "extrinsics": [[[0.822791576385498, -0.568340003490448, -0.0019425362115725875, -0.95562744140625], [0.016095507889986038, 0.026717878878116608, -0.9995133876800537, 1.489166259765625], [0.5681152939796448, 0.8223599195480347, 0.031130962073802948, -1.30224609375], [0.0, 0.0, 0.0, 1.0]], [[0.010738784447312355, -0.9996910691261292, -0.02241489663720131, 0.0078125], [0.018075712025165558, 0.02260660007596016, -0.9995810389518738, 1.4809799194335938], [0.9997789859771729, 0.010329101234674454, 0.01831289380788803, -1.686767578125], [0.0, 0.0, 0.0, 1.0]], [[-0.8436333537101746, -0.5361083745956421, -0.029506361111998558, 1.060546875], [0.02612064778804779, 0.01390985120087862, -0.9995620250701904, 1.4940071105957031], [0.5362839698791504, -0.8440346121788025, 0.0022686829324811697, -1.2564697265625], [0.0, 0.0, 0.0, 1.0]], [[0.9478445649147034, 0.3185727000236511, 0.010112358257174492, -1.1424560546875], [0.0009070259984582663, 0.02903064899146557, -0.9995781183242798, 1.5620460510253906], [-0.3187318742275238, 0.9474537372589111, 0.02722758799791336, -0.1566162109375], [0.0, 0.0, 0.0, 1.0]], [[0.008975687436759472, 0.9997272491455078, 0.021560650318861008, -0.029296875], [0.002991155255585909, 0.021534578874707222, -0.9997636079788208, 1.5680885314941406], [-0.9999552369117737, 0.009038123302161694, -0.002797051565721631, 0.0299072265625], [0.0, 0.0, 0.0, 1.0]], [[-0.9237563014030457, 0.38291651010513306, -0.0070113372057676315, 1.1357421875], [0.007106355857104063, -0.0011663477635011077, -0.9999740719795227, 1.5480036735534668], [-0.3829147517681122, -0.9237821698188782, -0.0016437198501080275, -0.052978515625], [0.0, 0.0, 0.0, 1.0]]], "view": [[0.0, -2.0, 100.0], [-2.0, 0.0, 100.0], [0.0, 0.0, 1.0]], "bev": "bev_3bb017b691c34f8f89985c0c2220ccec.png", "aux": "aux_3bb017b691c34f8f89985c0c2220ccec.npz", "visibility": "visibility_3bb017b691c34f8f89985c0c2220ccec.png", "pose": [[-0.8416965007781982, -0.5399509072303772, 0.0, 2071.688720703125], [0.5399509072303772, -0.8416965007781982, 0.0, 1188.505615234375], [0.0, 0.0, 1.0, 0.0], [0.0, 0.0, 0.0, 1.0]], "pose_inverse": [[-0.8416965007781982, 0.5399509072303772, 0.0, 1101.99853515625], [-0.5399509072303772, -0.8416965007781982, 0.0, 2118.97119140625], [0.0, 0.0, 1.0, 0.0], [0.0, 0.0, 0.0, 1.0]], "cam_ids": [0, 1, 2, 3, 4, 5], "cam_channels": ["CAM_FRONT_LEFT", "CAM_FRONT", "CAM_FRONT_RIGHT", "CAM_BACK_LEFT", "CAM_BACK", "CAM_BACK_RIGHT"], "token": "3bb017b691c34f8f89985c0c2220ccec", "scene": "scene-0634"}, {"images": ["samples/CAM_FRONT_LEFT/n008-2018-09-18-14-35-12-0400__CAM_FRONT_LEFT__1537296056354799.jpg", "samples/CAM_FRONT/n008-2018-09-18-14-35-12-0400__CAM_FRONT__1537296056362404.jpg", "samples/CAM_FRONT_RIGHT/n008-2018-09-18-14-35-12-0400__CAM_FRONT_RIGHT__1537296056370482.jpg", "samples/CAM_BACK_LEFT/n008-2018-09-18-14-35-12-0400__CAM_BACK_LEFT__1537296056397405.jpg", "samples/CAM_BACK/n008-2018-09-18-14-35-12-0400__CAM_BACK__1537296056387558.jpg", "samples/CAM_BACK_RIGHT/n008-2018-09-18-14-35-12-0400__CAM_BACK_RIGHT__1537296056378113.jpg"], "intrinsics": [[[1257.8625342125129, 0.0, 827.2410631095686], [0.0, 1257.8625342125129, 450.915498205774], [0.0, 0.0, 1.0]], [[1252.8131021185304, 0.0, 826.588114781398], [0.0, 1252.8131021185304, 469.9846626224581], [0.0, 0.0, 1.0]], [[1256.7485116440405, 0.0, 817.7887570959712], [0.0, 1256.7485116440403, 451.9541780095127], [0.0, 0.0, 1.0]], [[1254.9860565800168, 0.0, 829.5769333630991], [0.0, 1254.9860565800168, 467.1680561863987], [0.0, 0.0, 1.0]], [[796.8910634503094, 0.0, 857.7774326863696], [0.0, 796.8910634503094, 476.8848988407415], [0.0, 0.0, 1.0]], [[1249.9629280788233, 0.0, 825.3768045375984], [0.0, 1249.9629280788233, 462.54816385708756], [0.0, 0.0, 1.0]]], "extrinsics": [[[0.8226929903030396, -0.568485677242279, 0.0005353466840460896, -0.98394775390625], [0.01879655383527279, 0.026260513812303543, -0.9994783997535706, 1.488677978515625], [0.5681751370429993, 0.8222740292549133, 0.032289911061525345, -1.322021484375], [0.0, 0.0, 0.0, 1.0]], [[0.010651319287717342, -0.9997022151947021, -0.021952569484710693, 0.00732421875], [0.020823631435632706, 0.022170813754200935, -0.9995372891426086, 1.4805221557617188], [0.9997263550758362, 0.010189229622483253, 0.021053576841950417, -1.715087890625], [0.0, 0.0, 0.0, 1.0]], [[-0.843610942363739, -0.5360207557678223, -0.03165838122367859, 1.078369140625], [0.028926191851496696, 0.013506549410521984, -0.9994903206825256, 1.4934921264648438], [0.5361751914024353, -0.8440967798233032, 0.004110765177756548, -1.26806640625], [0.0, 0.0, 0.0, 1.0]], [[0.9478158950805664, 0.3185630738735199, 0.01275076437741518, -1.1436767578125], [0.0037807414773851633, 0.028760243207216263, -0.9995791912078857, 1.5620498657226562], [-0.31879571080207825, 0.9474653005599976, 0.02605501189827919, -0.15625], [0.0, 0.0, 0.0, 1.0]], [[0.008967377245426178, 0.9997337460517883, 0.021261094138026237, -0.029296875], [0.005814972799271345, 0.02120945230126381, -0.9997581243515015, 1.5680809020996094], [-0.9999428987503052, 0.00908887293189764, -0.0056232307106256485, 0.03857421875], [0.0, 0.0, 0.0, 1.0]], [[-0.9236983060836792, 0.38299575448036194, -0.009778126142919064, 1.150177001953125], [0.009950373321771622, -0.001531316782347858, -0.9999493360519409, 1.5479226112365723], [-0.38299131393432617, -0.923748791217804, -0.002396475523710251, -0.046875], [0.0, 0.0, 0.0, 1.0]]], "view": [[0.0, -2.0, 100.0], [-2.0, 0.0, 100.0], [0.0, 0.0, 1.0]], "bev": "bev_148acc8b5751400c84ae272a96bf2bf7.png", "aux": "aux_148acc8b5751400c84ae272a96bf2bf7.npz", "visibility": "visibility_148acc8b5751400c84ae272a96bf2bf7.png", "pose": [[-0.8405835032463074, -0.5416820049285889, 0.0, 2071.36767578125], [0.5416820049285889, -0.8405835032463074, 0.0, 1188.739501953125], [0.0, 0.0, 1.0, 0.0], [0.0, 0.0, 0.0, 1.0]], "pose_inverse": [[-0.8405835032463074, 0.5416820049285889, 0.0, 1097.2386474609375], [-0.5416820049285889, -0.8405835032463074, 0.0, 2121.25732421875], [0.0, 0.0, 1.0, 0.0], [0.0, 0.0, 0.0, 1.0]], "cam_ids": [0, 1, 2, 3, 4, 5], "cam_channels": ["CAM_FRONT_LEFT", "CAM_FRONT", "CAM_FRONT_RIGHT", "CAM_BACK_LEFT", "CAM_BACK", "CAM_BACK_RIGHT"], "token": "148acc8b5751400c84ae272a96bf2bf7", "scene": "scene-0634"}, {"images": ["samples/CAM_FRONT_LEFT/n008-2018-09-18-14-35-12-0400__CAM_FRONT_LEFT__1537296056854799.jpg", "samples/CAM_FRONT/n008-2018-09-18-14-35-12-0400__CAM_FRONT__1537296056862404.jpg", "samples/CAM_FRONT_RIGHT/n008-2018-09-18-14-35-12-0400__CAM_FRONT_RIGHT__1537296056870482.jpg", "samples/CAM_BACK_LEFT/n008-2018-09-18-14-35-12-0400__CAM_BACK_LEFT__1537296056897405.jpg", "samples/CAM_BACK/n008-2018-09-18-14-35-12-0400__CAM_BACK__1537296056887558.jpg", "samples/CAM_BACK_RIGHT/n008-2018-09-18-14-35-12-0400__CAM_BACK_RIGHT__1537296056878113.jpg"], "intrinsics": [[[1257.8625342125129, 0.0, 827.2410631095686], [0.0, 1257.8625342125129, 450.915498205774], [0.0, 0.0, 1.0]], [[1252.8131021185304, 0.0, 826.588114781398], [0.0, 1252.8131021185304, 469.9846626224581], [0.0, 0.0, 1.0]], [[1256.7485116440405, 0.0, 817.7887570959712], [0.0, 1256.7485116440403, 451.9541780095127], [0.0, 0.0, 1.0]], [[1254.9860565800168, 0.0, 829.5769333630991], [0.0, 1254.9860565800168, 467.1680561863987], [0.0, 0.0, 1.0]], [[796.8910634503094, 0.0, 857.7774326863696], [0.0, 796.8910634503094, 476.8848988407415], [0.0, 0.0, 1.0]], [[1249.9629280788233, 0.0, 825.3768045375984], [0.0, 1249.9629280788233, 462.54816385708756], [0.0, 0.0, 1.0]]], "extrinsics": [[[0.8225496411323547, -0.5686901807785034, 0.001856323448009789, -1.002593994140625], [0.021060431376099586, 0.027199387550354004, -0.9994081258773804, 1.4882965087890625], [0.5683032274246216, 0.8221019506454468, 0.0343497097492218, -1.333251953125], [0.0, 0.0, 0.0, 1.0]], [[0.010484103113412857, -0.9996842741966248, -0.022833658382296562, 0.00634765625], [0.023049384355545044, 0.023070447146892548, -0.9994680881500244, 1.48016357421875], [0.9996792674064636, 0.009952259249985218, 0.023283980786800385, -1.73388671875], [0.0, 0.0, 0.0, 1.0]], [[-0.8436394333839417, -0.5358366370201111, -0.033933985978364944, 1.0908203125], [0.031079305335879326, 0.014359534718096256, -0.9994137287139893, 1.4930496215820312], [0.5360097885131836, -0.844199538230896, 0.0045391591265797615, -1.2772216796875], [0.0, 0.0, 0.0, 1.0]], [[0.9477910399436951, 0.31854531168937683, 0.014864733442664146, -1.1439208984375], [0.0057597048580646515, 0.029506061226129532, -0.9995480179786682, 1.562042236328125], [-0.3188399374485016, 0.9474482536315918, 0.026130855083465576, -0.1561279296875], [0.0, 0.0, 0.0, 1.0]], [[0.008998239412903786, 0.9997161030769348, 0.022063668817281723, -0.029052734375], [0.007824421860277653, 0.021993493661284447, -0.9997274875640869, 1.56805419921875], [-0.999928891658783, 0.009168503805994987, -0.007624296471476555, 0.0443115234375], [0.0, 0.0, 0.0, 1.0]], [[-0.9236226677894592, 0.3831343650817871, -0.011365646496415138, 1.1610260009765625], [0.01200818084180355, -0.000714625755790621, -0.9999276399612427, 1.5478057861328125], [-0.38311469554901123, -0.9236923456192017, -0.003940701950341463, -0.04296875], [0.0, 0.0, 0.0, 1.0]]], "view": [[0.0, -2.0, 100.0], [-2.0, 0.0, 100.0], [0.0, 0.0, 1.0]], "bev": "bev_56d2e0f573584ba1bb3446b1e0573fc7.png", "aux": "aux_56d2e0f573584ba1bb3446b1e0573fc7.npz", "visibility": "visibility_56d2e0f573584ba1bb3446b1e0573fc7.png", "pose": [[-0.8401323556900024, -0.5423814058303833, 0.0, 2071.287109375], [0.5423814058303833, -0.8401323556900024, 0.0, 1188.819091796875], [0.0, 0.0, 1.0, 0.0], [0.0, 0.0, 0.0, 1.0]], "pose_inverse": [[-0.8401323556900024, 0.5423814058303833, 0.0, 1095.3619384765625], [-0.5423814058303833, -0.8401323556900024, 0.0, 2122.193115234375], [0.0, 0.0, 1.0, 0.0], [0.0, 0.0, 0.0, 1.0]], "cam_ids": [0, 1, 2, 3, 4, 5], "cam_channels": ["CAM_FRONT_LEFT", "CAM_FRONT", "CAM_FRONT_RIGHT", "CAM_BACK_LEFT", "CAM_BACK", "CAM_BACK_RIGHT"], "token": "56d2e0f573584ba1bb3446b1e0573fc7", "scene": "scene-0634"}, {"images": ["samples/CAM_FRONT_LEFT/n008-2018-09-18-14-35-12-0400__CAM_FRONT_LEFT__1537296057354799.jpg", "samples/CAM_FRONT/n008-2018-09-18-14-35-12-0400__CAM_FRONT__1537296057362404.jpg", "samples/CAM_FRONT_RIGHT/n008-2018-09-18-14-35-12-0400__CAM_FRONT_RIGHT__1537296057370482.jpg", "samples/CAM_BACK_LEFT/n008-2018-09-18-14-35-12-0400__CAM_BACK_LEFT__1537296057397405.jpg", "samples/CAM_BACK/n008-2018-09-18-14-35-12-0400__CAM_BACK__1537296057387558.jpg", "samples/CAM_BACK_RIGHT/n008-2018-09-18-14-35-12-0400__CAM_BACK_RIGHT__1537296057378113.jpg"], "intrinsics": [[[1257.8625342125129, 0.0, 827.2410631095686], [0.0, 1257.8625342125129, 450.915498205774], [0.0, 0.0, 1.0]], [[1252.8131021185304, 0.0, 826.588114781398], [0.0, 1252.8131021185304, 469.9846626224581], [0.0, 0.0, 1.0]], [[1256.7485116440405, 0.0, 817.7887570959712], [0.0, 1256.7485116440403, 451.9541780095127], [0.0, 0.0, 1.0]], [[1254.9860565800168, 0.0, 829.5769333630991], [0.0, 1254.9860565800168, 467.1680561863987], [0.0, 0.0, 1.0]], [[796.8910634503094, 0.0, 857.7774326863696], [0.0, 796.8910634503094, 476.8848988407415], [0.0, 0.0, 1.0]], [[1249.9629280788233, 0.0, 825.3768045375984], [0.0, 1249.9629280788233, 462.54816385708756], [0.0, 0.0, 1.0]]], "extrinsics": [[[0.82257479429245, -0.5686356425285339, 0.004919141996651888, -1.000579833984375], [0.024384984746575356, 0.026629600673913956, -0.9993478655815125, 1.4883956909179688], [0.5681338310241699, 0.8221583366394043, 0.03577101230621338, -1.331298828125], [0.0, 0.0, 0.0, 1.0]], [[0.010630709119141102, -0.9996966123580933, -0.022220473736524582, 0.00634765625], [0.026492584496736526, 0.022495513781905174, -0.9993959069252014, 1.4802398681640625], [0.9995924830436707, 0.010035653598606586, 0.02672368846833706, -1.731201171875], [0.0, 0.0, 0.0, 1.0]], [[-0.8434723615646362, -0.535919725894928, -0.036666564643383026, 1.089111328125], [0.03467890992760658, 0.013789978809654713, -0.9993033409118652, 1.4931411743164062], [0.5360519289970398, -0.8441563248634338, 0.006953644100576639, -1.2762451171875], [0.0, 0.0, 0.0, 1.0]], [[0.9477221965789795, 0.3185569643974304, 0.01854965277016163, -1.1439208984375], [0.009842157363891602, 0.02892218343913555, -0.9995331764221191, 1.562042236328125], [-0.3189447820186615, 0.9474623799324036, 0.024274908006191254, -0.156005859375], [0.0, 0.0, 0.0, 1.0]], [[0.008878999389708042, 0.9997290372848511, 0.021520327776670456, -0.029052734375], [0.01176653616130352, 0.021415231749415398, -0.9997014403343201, 1.5680618286132812], [-0.999891459941864, 0.009129563346505165, -0.011573201045393944, 0.043701171875], [0.0, 0.0, 0.0, 1.0]], [[-0.9235969185829163, 0.38306885957717896, -0.015067946165800095, 1.159454345703125], [0.015781782567501068, -0.0012792752822861075, -0.9998745918273926, 1.5478286743164062], [-0.38304001092910767, -0.9237189292907715, -0.0048639727756381035, -0.043701171875], [0.0, 0.0, 0.0, 1.0]]], "view": [[0.0, -2.0, 100.0], [-2.0, 0.0, 100.0], [0.0, 0.0, 1.0]], "bev": "bev_04177e460bdd4b4f9001d8e82f5ca588.png", "aux": "aux_04177e460bdd4b4f9001d8e82f5ca588.npz", "visibility": "visibility_04177e460bdd4b4f9001d8e82f5ca588.png", "pose": [[-0.8401851058006287, -0.542299747467041, 0.0, 2071.25634765625], [0.542299747467041, -0.8401851058006287, 0.0, 1188.851318359375], [0.0, 0.0, 1.0, 0.0], [0.0, 0.0, 0.0, 1.0]], "pose_inverse": [[-0.8401851058006287, 0.542299747467041, 0.0, 1095.52490234375], [-0.542299747467041, -0.8401851058006287, 0.0, 2122.096923828125], [0.0, 0.0, 1.0, 0.0], [0.0, 0.0, 0.0, 1.0]], "cam_ids": [0, 1, 2, 3, 4, 5], "cam_channels": ["CAM_FRONT_LEFT", "CAM_FRONT", "CAM_FRONT_RIGHT", "CAM_BACK_LEFT", "CAM_BACK", "CAM_BACK_RIGHT"], "token": "04177e460bdd4b4f9001d8e82f5ca588", "scene": "scene-0634"}, {"images": ["samples/CAM_FRONT_LEFT/n008-2018-09-18-14-35-12-0400__CAM_FRONT_LEFT__1537296057854799.jpg", "samples/CAM_FRONT/n008-2018-09-18-14-35-12-0400__CAM_FRONT__1537296057862404.jpg", "samples/CAM_FRONT_RIGHT/n008-2018-09-18-14-35-12-0400__CAM_FRONT_RIGHT__1537296057870482.jpg", "samples/CAM_BACK_LEFT/n008-2018-09-18-14-35-12-0400__CAM_BACK_LEFT__1537296057897405.jpg", "samples/CAM_BACK/n008-2018-09-18-14-35-12-0400__CAM_BACK__1537296057887558.jpg", "samples/CAM_BACK_RIGHT/n008-2018-09-18-14-35-12-0400__CAM_BACK_RIGHT__1537296057878113.jpg"], "intrinsics": [[[1257.8625342125129, 0.0, 827.2410631095686], [0.0, 1257.8625342125129, 450.915498205774], [0.0, 0.0, 1.0]], [[1252.8131021185304, 0.0, 826.588114781398], [0.0, 1252.8131021185304, 469.9846626224581], [0.0, 0.0, 1.0]], [[1256.7485116440405, 0.0, 817.7887570959712], [0.0, 1256.7485116440403, 451.9541780095127], [0.0, 0.0, 1.0]], [[1254.9860565800168, 0.0, 829.5769333630991], [0.0, 1254.9860565800168, 467.1680561863987], [0.0, 0.0, 1.0]], [[796.8910634503094, 0.0, 857.7774326863696], [0.0, 796.8910634503094, 476.8848988407415], [0.0, 0.0, 1.0]], [[1249.9629280788233, 0.0, 825.3768045375984], [0.0, 1249.9629280788233, 462.54816385708756], [0.0, 0.0, 1.0]]], "extrinsics": [[[0.8227213621139526, -0.568351686000824, 0.01030071172863245, -0.984222412109375], [0.03060908243060112, 0.02619926445186138, -0.9991880059242249, 1.4890594482421875], [0.5676202774047852, 0.8223686218261719, 0.038951411843299866, -1.3193359375], [0.0, 0.0, 0.0, 1.0]], [[0.011050673201680183, -0.9997031092643738, -0.02171378582715988, 0.005615234375], [0.03263917565345764, 0.02206416241824627, -0.9992235898971558, 1.4808425903320312], [0.999406099319458, 0.010333355516195297, 0.03287331014871597, -1.714111328125], [0.0, 0.0, 0.0, 1.0]], [[-0.8431147933006287, -0.5361264944076538, -0.041543085128068924, 1.076904296875], [0.04073571041226387, 0.013355087488889694, -0.9990806579589844, 1.493743896484375], [0.5361884236335754, -0.8440319895744324, 0.01057962141931057, -1.2686767578125], [0.0, 0.0, 0.0, 1.0]], [[0.9475926160812378, 0.3185868561267853, 0.023888882249593735, -1.1436767578125], [0.015624047257006168, 0.028472766280174255, -0.999472439289093, 1.562042236328125], [-0.3190990090370178, 0.9474659562110901, 0.022002967074513435, -0.15625], [0.0, 0.0, 0.0, 1.0]], [[0.00865726824849844, 0.999739408493042, 0.021125229075551033, -0.02880859375], [0.017669659107923508, 0.020969780161976814, -0.9996238946914673, 1.5681724548339844], [-0.9998064041137695, 0.009027281776070595, -0.017483511939644814, 0.0379638671875], [0.0, 0.0, 0.0, 1.0]], [[-0.9235536456108093, 0.38290640711784363, -0.020767681300640106, 1.1495513916015625], [0.021766215562820435, -0.0017248681979253888, -0.9997615814208984, 1.5480728149414062], [-0.3828509449958801, -0.9237855076789856, -0.006741412449628115, -0.048095703125], [0.0, 0.0, 0.0, 1.0]]], "view": [[0.0, -2.0, 100.0], [-2.0, 0.0, 100.0], [0.0, 0.0, 1.0]], "bev": "bev_cb0da38702064a7c9699e70c8c4d6d67.png", "aux": "aux_cb0da38702064a7c9699e70c8c4d6d67.npz", "visibility": "visibility_cb0da38702064a7c9699e70c8c4d6d67.png", "pose": [[-0.8387340307235718, -0.5445412993431091, 0.0, 2071.134521484375], [0.5445412993431091, -0.8387340307235718, 0.0, 1188.937744140625], [0.0, 0.0, 1.0, 0.0], [0.0, 0.0, 0.0, 1.0]], "pose_inverse": [[-0.8387340307235718, 0.5445412993431091, 0.0, 1089.705322265625], [-0.5445412993431091, -0.8387340307235718, 0.0, 2125.020751953125], [0.0, 0.0, 1.0, 0.0], [0.0, 0.0, 0.0, 1.0]], "cam_ids": [0, 1, 2, 3, 4, 5], "cam_channels": ["CAM_FRONT_LEFT", "CAM_FRONT", "CAM_FRONT_RIGHT", "CAM_BACK_LEFT", "CAM_BACK", "CAM_BACK_RIGHT"], "token": "cb0da38702064a7c9699e70c8c4d6d67", "scene": "scene-0634"}, {"images": ["samples/CAM_FRONT_LEFT/n008-2018-09-18-14-35-12-0400__CAM_FRONT_LEFT__1537296058354799.jpg", "samples/CAM_FRONT/n008-2018-09-18-14-35-12-0400__CAM_FRONT__1537296058362404.jpg", "samples/CAM_FRONT_RIGHT/n008-2018-09-18-14-35-12-0400__CAM_FRONT_RIGHT__1537296058370482.jpg", "samples/CAM_BACK_LEFT/n008-2018-09-18-14-35-12-0400__CAM_BACK_LEFT__1537296058397405.jpg", "samples/CAM_BACK/n008-2018-09-18-14-35-12-0400__CAM_BACK__1537296058387558.jpg", "samples/CAM_BACK_RIGHT/n008-2018-09-18-14-35-12-0400__CAM_BACK_RIGHT__1537296058378116.jpg"], "intrinsics": [[[1257.8625342125129, 0.0, 827.2410631095686], [0.0, 1257.8625342125129, 450.915498205774], [0.0, 0.0, 1.0]], [[1252.8131021185304, 0.0, 826.588114781398], [0.0, 1252.8131021185304, 469.9846626224581], [0.0, 0.0, 1.0]], [[1256.7485116440405, 0.0, 817.7887570959712], [0.0, 1256.7485116440403, 451.9541780095127], [0.0, 0.0, 1.0]], [[1254.9860565800168, 0.0, 829.5769333630991], [0.0, 1254.9860565800168, 467.1680561863987], [0.0, 0.0, 1.0]], [[796.8910634503094, 0.0, 857.7774326863696], [0.0, 796.8910634503094, 476.8848988407415], [0.0, 0.0, 1.0]], [[1249.9629280788233, 0.0, 825.3768045375984], [0.0, 1249.9629280788233, 462.54816385708756], [0.0, 0.0, 1.0]]], "extrinsics": [[[0.8229612708091736, -0.5679494142532349, 0.012972201220691204, -0.944976806640625], [0.03316812589764595, 0.025240205228328705, -0.9991310238838196, 1.4906997680664062], [0.5671284198760986, 0.822676420211792, 0.03960953280329704, -1.292236328125], [0.0, 0.0, 0.0, 1.0]], [[0.011487821117043495, -0.9997197389602661, -0.020699825137853622, 0.00634765625], [0.03516822308301926, 0.021092329174280167, -0.9991587996482849, 1.4822769165039062], [0.9993153810501099, 0.010750296525657177, 0.03540067374706268, -1.6746826171875], [0.0, 0.0, 0.0, 1.0]], [[-0.8428558707237244, -0.5364099740982056, -0.04310642182826996, 1.051025390625], [0.043220024555921555, 0.012368494644761086, -0.9989889860153198, 1.4951095581054688], [0.5364008545875549, -0.8438669443130493, 0.012758794240653515, -1.2518310546875], [0.0, 0.0, 0.0, 1.0]], [[0.9475289583206177, 0.31863752007484436, 0.025673482567071915, -1.1422119140625], [0.01785927452147007, 0.027421610429883003, -0.9994643926620483, 1.5620651245117188], [-0.31917083263397217, 0.9474799036979675, 0.02029213309288025, -0.15673828125], [0.0, 0.0, 0.0, 1.0]], [[0.008493417873978615, 0.9997617602348328, 0.020108329132199287, -0.028564453125], [0.019986430183053017, 0.019935311749577522, -0.999601423740387, 1.5684280395507812], [-0.9997642040252686, 0.008891934528946877, -0.01981234923005104, 0.0260009765625], [0.0, 0.0, 0.0, 1.0]], [[-0.9235782027244568, 0.3826954662799835, -0.023398136720061302, 1.1285858154296875], [0.024193285033106804, -0.0027353577315807343, -0.9997035264968872, 1.5486507415771484], [-0.38264596462249756, -0.9238705039024353, -0.006732344627380371, -0.056640625], [0.0, 0.0, 0.0, 1.0]]], "view": [[0.0, -2.0, 100.0], [-2.0, 0.0, 100.0], [0.0, 0.0, 1.0]], "bev": "bev_9497e9cc708b4754916f4113bd35f7b3.png", "aux": "aux_9497e9cc708b4754916f4113bd35f7b3.npz", "visibility": "visibility_9497e9cc708b4754916f4113bd35f7b3.png", "pose": [[-0.8348538279533386, -0.5504716634750366, 0.0, 2070.658447265625], [0.5504716634750366, -0.8348538279533386, 0.0, 1189.2568359375], [0.0, 0.0, 1.0, 0.0], [0.0, 0.0, 0.0, 1.0]], "pose_inverse": [[-0.8348538279533386, 0.5504716634750366, 0.0, 1074.0450439453125], [-0.5504716634750366, -0.8348538279533386, 0.0, 2132.6943359375], [0.0, 0.0, 1.0, 0.0], [0.0, 0.0, 0.0, 1.0]], "cam_ids": [0, 1, 2, 3, 4, 5], "cam_channels": ["CAM_FRONT_LEFT", "CAM_FRONT", "CAM_FRONT_RIGHT", "CAM_BACK_LEFT", "CAM_BACK", "CAM_BACK_RIGHT"], "token": "9497e9cc708b4754916f4113bd35f7b3", "scene": "scene-0634"}, {"images": ["samples/CAM_FRONT_LEFT/n008-2018-09-18-14-35-12-0400__CAM_FRONT_LEFT__1537296058854799.jpg", "samples/CAM_FRONT/n008-2018-09-18-14-35-12-0400__CAM_FRONT__1537296058862404.jpg", "samples/CAM_FRONT_RIGHT/n008-2018-09-18-14-35-12-0400__CAM_FRONT_RIGHT__1537296058870482.jpg", "samples/CAM_BACK_LEFT/n008-2018-09-18-14-35-12-0400__CAM_BACK_LEFT__1537296058897405.jpg", "samples/CAM_BACK/n008-2018-09-18-14-35-12-0400__CAM_BACK__1537296058887558.jpg", "samples/CAM_BACK_RIGHT/n008-2018-09-18-14-35-12-0400__CAM_BACK_RIGHT__1537296058878113.jpg"], "intrinsics": [[[1257.8625342125129, 0.0, 827.2410631095686], [0.0, 1257.8625342125129, 450.915498205774], [0.0, 0.0, 1.0]], [[1252.8131021185304, 0.0, 826.588114781398], [0.0, 1252.8131021185304, 469.9846626224581], [0.0, 0.0, 1.0]], [[1256.7485116440405, 0.0, 817.7887570959712], [0.0, 1256.7485116440403, 451.9541780095127], [0.0, 0.0, 1.0]], [[1254.9860565800168, 0.0, 829.5769333630991], [0.0, 1254.9860565800168, 467.1680561863987], [0.0, 0.0, 1.0]], [[796.8910634503094, 0.0, 857.7774326863696], [0.0, 796.8910634503094, 476.8848988407415], [0.0, 0.0, 1.0]], [[1249.9629280788233, 0.0, 825.3768045375984], [0.0, 1249.9629280788233, 462.54816385708756], [0.0, 0.0, 1.0]]], "extrinsics": [[[0.8230882287025452, -0.5678027272224426, 0.011223133653402328, -0.89794921875], [0.03154527023434639, 0.025978712365031242, -0.9991646409034729, 1.4923629760742188], [0.5670368075370789, 0.8227546215057373, 0.03929426148533821, -1.26025390625], [0.0, 0.0, 0.0, 1.0]], [[0.011615870520472527, -0.9997014403343201, -0.02149432711303234, 0.0068359375], [0.03354485332965851, 0.021873267367482185, -0.9991978406906128, 1.4837417602539062], [0.9993696808815002, 0.010885501280426979, 0.03378891572356224, -1.627685546875], [0.0, 0.0, 0.0, 1.0]], [[-0.8428531885147095, -0.5364877581596375, -0.042185720056295395, 1.02099609375], [0.04160286486148834, 0.01319772657006979, -0.999047040939331, 1.49652099609375], [0.5365332365036011, -0.8438049554824829, 0.011195681989192963, -1.232666015625], [0.0, 0.0, 0.0, 1.0]], [[0.9475739598274231, 0.31859397888183594, 0.0245262011885643, -1.1416015625], [0.016330430284142494, 0.028370799496769905, -0.9994640946388245, 1.5620880126953125], [-0.3191191256046295, 0.9474666118621826, 0.02168065309524536, -0.156982421875], [0.0, 0.0, 0.0, 1.0]], [[0.008473090827465057, 0.9997432231903076, 0.021016737446188927, -0.028564453125], [0.01840822771191597, 0.020857984200119972, -0.9996129274368286, 1.5686492919921875], [-0.9997946619987488, 0.008856618776917458, -0.01822676882147789, 0.0120849609375], [0.0, 0.0, 0.0, 1.0]], [[-0.923653244972229, 0.3826211094856262, -0.02157679758965969, 1.104705810546875], [0.02258254401385784, -0.0018629843834787607, -0.9997432231903076, 1.5491809844970703], [-0.38256311416625977, -0.9239034056663513, -0.00691980728879571, -0.066650390625], [0.0, 0.0, 0.0, 1.0]]], "view": [[0.0, -2.0, 100.0], [-2.0, 0.0, 100.0], [0.0, 0.0, 1.0]], "bev": "bev_0b9c756ea50d4dfbaaec2eb32f1b4b49.png", "aux": "aux_0b9c756ea50d4dfbaaec2eb32f1b4b49.npz", "visibility": "visibility_0b9c756ea50d4dfbaaec2eb32f1b4b49.png", "pose": [[-0.8290887475013733, -0.5591170191764832, 0.0, 2069.659912109375], [0.5591170191764832, -0.8290887475013733, 0.0, 1189.9324951171875], [0.0, 0.0, 1.0, 0.0], [0.0, 0.0, 0.0, 1.0]], "pose_inverse": [[-0.8290887475013733, 0.5591170191764832, 0.0, 1050.6202392578125], [-0.5591170191764832, -0.8290887475013733, 0.0, 2143.74169921875], [0.0, 0.0, 1.0, 0.0], [0.0, 0.0, 0.0, 1.0]], "cam_ids": [0, 1, 2, 3, 4, 5], "cam_channels": ["CAM_FRONT_LEFT", "CAM_FRONT", "CAM_FRONT_RIGHT", "CAM_BACK_LEFT", "CAM_BACK", "CAM_BACK_RIGHT"], "token": "0b9c756ea50d4dfbaaec2eb32f1b4b49", "scene": "scene-0634"}, {"images": ["samples/CAM_FRONT_LEFT/n008-2018-09-18-14-35-12-0400__CAM_FRONT_LEFT__1537296059354799.jpg", "samples/CAM_FRONT/n008-2018-09-18-14-35-12-0400__CAM_FRONT__1537296059362404.jpg", "samples/CAM_FRONT_RIGHT/n008-2018-09-18-14-35-12-0400__CAM_FRONT_RIGHT__1537296059370482.jpg", "samples/CAM_BACK_LEFT/n008-2018-09-18-14-35-12-0400__CAM_BACK_LEFT__1537296059397405.jpg", "samples/CAM_BACK/n008-2018-09-18-14-35-12-0400__CAM_BACK__1537296059387558.jpg", "samples/CAM_BACK_RIGHT/n008-2018-09-18-14-35-12-0400__CAM_BACK_RIGHT__1537296059378113.jpg"], "intrinsics": [[[1257.8625342125129, 0.0, 827.2410631095686], [0.0, 1257.8625342125129, 450.915498205774], [0.0, 0.0, 1.0]], [[1252.8131021185304, 0.0, 826.588114781398], [0.0, 1252.8131021185304, 469.9846626224581], [0.0, 0.0, 1.0]], [[1256.7485116440405, 0.0, 817.7887570959712], [0.0, 1256.7485116440403, 451.9541780095127], [0.0, 0.0, 1.0]], [[1254.9860565800168, 0.0, 829.5769333630991], [0.0, 1254.9860565800168, 467.1680561863987], [0.0, 0.0, 1.0]], [[796.8910634503094, 0.0, 857.7774326863696], [0.0, 796.8910634503094, 476.8848988407415], [0.0, 0.0, 1.0]], [[1249.9629280788233, 0.0, 825.3768045375984], [0.0, 1249.9629280788233, 462.54816385708756], [0.0, 0.0, 1.0]]], "extrinsics": [[[0.8220807909965515, -0.5692689418792725, 0.010778650641441345, -0.876739501953125], [0.0302767101675272, 0.024802878499031067, -0.9992337226867676, 1.4929962158203125], [0.5685653686523438, 0.8217772245407104, 0.03762555494904518, -1.245361328125], [0.0, 0.0, 0.0, 1.0]], [[0.010064328089356422, -0.9997403025627136, -0.020447345450520515, 0.007080078125], [0.03217829391360283, 0.02076159045100212, -0.999266505241394, 1.484283447265625], [0.9994314908981323, 0.00939899031072855, 0.03237888589501381, -1.606689453125], [0.0, 0.0, 0.0, 1.0]], [[-0.8435732126235962, -0.5354915261268616, -0.04041215777397156, 1.0074462890625], [0.0401572659611702, 0.012140225619077682, -0.9991196393966675, 1.4970321655273438], [0.5355106592178345, -0.8444533348083496, 0.011262703686952591, -1.224365234375], [0.0, 0.0, 0.0, 1.0]], [[0.947624146938324, 0.3185863196849823, 0.022611435502767563, -1.1395263671875], [0.014591850340366364, 0.027536854147911072, -0.9995142817497253, 1.5621109008789062], [-0.3190543055534363, 0.947493851184845, 0.021445821970701218, -0.15771484375], [0.0, 0.0, 0.0, 1.0]], [[0.009009518660604954, 0.9997575879096985, 0.020090993493795395, -0.028564453125], [0.016781581565737724, 0.01993780955672264, -0.999660313129425, 1.5687141418457031], [-0.9998186230659485, 0.009343629702925682, -0.01659788005053997, 0.0054931640625], [0.0, 0.0, 0.0, 1.0]], [[-0.9233308434486389, 0.3834554851055145, -0.02054451033473015, 1.09429931640625], [0.0210628230124712, -0.0028475725557655096, -0.9997740983963013, 1.5493221282958984], [-0.38342729210853577, -0.9235550165176392, -0.005447401665151119, -0.071044921875], [0.0, 0.0, 0.0, 1.0]]], "view": [[0.0, -2.0, 100.0], [-2.0, 0.0, 100.0], [0.0, 0.0, 1.0]], "bev": "bev_036ab7bb96424ba494dfc77c1ecfbf61.png", "aux": "aux_036ab7bb96424ba494dfc77c1ecfbf61.npz", "visibility": "visibility_036ab7bb96424ba494dfc77c1ecfbf61.png", "pose": [[-0.8266124129295349, -0.5627716779708862, 0.0, 2068.26611328125], [0.5627716779708862, -0.8266124129295349, 0.0, 1190.88330078125], [0.0, 0.0, 1.0, 0.0], [0.0, 0.0, 0.0, 1.0]], "pose_inverse": [[-0.8266124129295349, 0.5627716779708862, 0.0, 1039.458984375], [-0.5627716779708862, -0.8266124129295349, 0.0, 2148.3603515625], [0.0, 0.0, 1.0, 0.0], [0.0, 0.0, 0.0, 1.0]], "cam_ids": [0, 1, 2, 3, 4, 5], "cam_channels": ["CAM_FRONT_LEFT", "CAM_FRONT", "CAM_FRONT_RIGHT", "CAM_BACK_LEFT", "CAM_BACK", "CAM_BACK_RIGHT"], "token": "036ab7bb96424ba494dfc77c1ecfbf61", "scene": "scene-0634"}, {"images": ["samples/CAM_FRONT_LEFT/n008-2018-09-18-14-35-12-0400__CAM_FRONT_LEFT__1537296059904799.jpg", "samples/CAM_FRONT/n008-2018-09-18-14-35-12-0400__CAM_FRONT__1537296059912404.jpg", "samples/CAM_FRONT_RIGHT/n008-2018-09-18-14-35-12-0400__CAM_FRONT_RIGHT__1537296059920482.jpg", "samples/CAM_BACK_LEFT/n008-2018-09-18-14-35-12-0400__CAM_BACK_LEFT__1537296059949130.jpg", "samples/CAM_BACK/n008-2018-09-18-14-35-12-0400__CAM_BACK__1537296059937558.jpg", "samples/CAM_BACK_RIGHT/n008-2018-09-18-14-35-12-0400__CAM_BACK_RIGHT__1537296059928113.jpg"], "intrinsics": [[[1257.8625342125129, 0.0, 827.2410631095686], [0.0, 1257.8625342125129, 450.915498205774], [0.0, 0.0, 1.0]], [[1252.8131021185304, 0.0, 826.588114781398], [0.0, 1252.8131021185304, 469.9846626224581], [0.0, 0.0, 1.0]], [[1256.7485116440405, 0.0, 817.7887570959712], [0.0, 1256.7485116440403, 451.9541780095127], [0.0, 0.0, 1.0]], [[1254.9860565800168, 0.0, 829.5769333630991], [0.0, 1254.9860565800168, 467.1680561863987], [0.0, 0.0, 1.0]], [[796.8910634503094, 0.0, 857.7774326863696], [0.0, 796.8910634503094, 476.8848988407415], [0.0, 0.0, 1.0]], [[1249.9629280788233, 0.0, 825.3768045375984], [0.0, 1249.9629280788233, 462.54816385708756], [0.0, 0.0, 1.0]]], "extrinsics": [[[0.8194696307182312, -0.5730671882629395, 0.007961245253682137, -0.858001708984375], [0.027860848233103752, 0.025957949459552765, -0.999274730682373, 1.493194580078125], [0.5724449157714844, 0.819097101688385, 0.03723789379000664, -1.2333984375], [0.0, 0.0, 0.0, 1.0]], [[0.006260411813855171, -0.9997474551200867, -0.02158184163272381, 0.008544921875], [0.029803656041622162, 0.021759221330285072, -0.9993188977241516, 1.4844970703125], [0.9995361566543579, 0.005612942855805159, 0.029932348057627678, -1.58740234375], [0.0, 0.0, 0.0, 1.0]], [[-0.845203161239624, -0.5330285429954529, -0.03888840228319168, 0.99462890625], [0.03780052065849304, 0.012960332445800304, -0.999201238155365, 1.4973831176757812], [0.5331067442893982, -0.8459980487823486, 0.009194637648761272, -1.2149658203125], [0.0, 0.0, 0.0, 1.0]], [[0.947575032711029, 0.31887421011924744, 0.020513899624347687, -1.1455078125], [0.012250557541847229, 0.027898313477635384, -0.9995356798171997, 1.5620193481445312], [-0.3192984461784363, 0.9473863840103149, 0.022529361769557, -0.156005859375], [0.0, 0.0, 0.0, 1.0]], [[0.010129820555448532, 0.9997355937957764, 0.020644256845116615, -0.02880859375], [0.014478974975645542, 0.02049650438129902, -0.9996850490570068, 1.5687103271484375], [-0.9998438954353333, 0.010425499640405178, -0.014267519116401672, -0.0010986328125], [0.0, 0.0, 0.0, 1.0]], [[-0.9225758910179138, 0.3853929042816162, -0.018056049942970276, 1.0829925537109375], [0.018683379516005516, -0.002117380267009139, -0.9998231530189514, 1.5493812561035156], [-0.38536298274993896, -0.9227501749992371, -0.005246998276561499, -0.074951171875], [0.0, 0.0, 0.0, 1.0]]], "view": [[0.0, -2.0, 100.0], [-2.0, 0.0, 100.0], [0.0, 0.0, 1.0]], "bev": "bev_e49931f3efaf4066b5398d2bebf8081b.png", "aux": "aux_e49931f3efaf4066b5398d2bebf8081b.npz", "visibility": "visibility_e49931f3efaf4066b5398d2bebf8081b.png", "pose": [[-0.8490296006202698, -0.5283452868461609, 0.0, 2066.519775390625], [0.5283452868461609, -0.8490296006202698, 0.0, 1192.0439453125], [0.0, 0.0, 1.0, 0.0], [0.0, 0.0, 0.0, 1.0]], "pose_inverse": [[-0.8490296006202698, 0.5283452868461609, 0.0, 1124.7255859375], [-0.5283452868461609, -0.8490296006202698, 0.0, 2103.91650390625], [0.0, 0.0, 1.0, 0.0], [0.0, 0.0, 0.0, 1.0]], "cam_ids": [0, 1, 2, 3, 4, 5], "cam_channels": ["CAM_FRONT_LEFT", "CAM_FRONT", "CAM_FRONT_RIGHT", "CAM_BACK_LEFT", "CAM_BACK", "CAM_BACK_RIGHT"], "token": "e49931f3efaf4066b5398d2bebf8081b", "scene": "scene-0634"}, {"images": ["samples/CAM_FRONT_LEFT/n008-2018-09-18-14-35-12-0400__CAM_FRONT_LEFT__1537296060404799.jpg", "samples/CAM_FRONT/n008-2018-09-18-14-35-12-0400__CAM_FRONT__1537296060412404.jpg", "samples/CAM_FRONT_RIGHT/n008-2018-09-18-14-35-12-0400__CAM_FRONT_RIGHT__1537296060420482.jpg", "samples/CAM_BACK_LEFT/n008-2018-09-18-14-35-12-0400__CAM_BACK_LEFT__1537296060447405.jpg", "samples/CAM_BACK/n008-2018-09-18-14-35-12-0400__CAM_BACK__1537296060437569.jpg", "samples/CAM_BACK_RIGHT/n008-2018-09-18-14-35-12-0400__CAM_BACK_RIGHT__1537296060428113.jpg"], "intrinsics": [[[1257.8625342125129, 0.0, 827.2410631095686], [0.0, 1257.8625342125129, 450.915498205774], [0.0, 0.0, 1.0]], [[1252.8131021185304, 0.0, 826.588114781398], [0.0, 1252.8131021185304, 469.9846626224581], [0.0, 0.0, 1.0]], [[1256.7485116440405, 0.0, 817.7887570959712], [0.0, 1256.7485116440403, 451.9541780095127], [0.0, 0.0, 1.0]], [[1254.9860565800168, 0.0, 829.5769333630991], [0.0, 1254.9860565800168, 467.1680561863987], [0.0, 0.0, 1.0]], [[796.8910634503094, 0.0, 857.7774326863696], [0.0, 796.8910634503094, 476.8848988407415], [0.0, 0.0, 1.0]], [[1249.9629280788233, 0.0, 825.3768045375984], [0.0, 1249.9629280788233, 462.54816385708756], [0.0, 0.0, 1.0]]], "extrinsics": [[[0.8174458146095276, -0.5759730935096741, 0.006116423290222883, -0.8390426635742188], [0.025367725640535355, 0.02539052627980709, -0.9993557333946228, 1.493316650390625], [0.5754466652870178, 0.8170742988586426, 0.03536650910973549, -1.22021484375], [0.0, 0.0, 0.0, 1.0]], [[0.003322472795844078, -0.9997694492340088, -0.021214576438069344, 0.008544921875], [0.027222247794270515, 0.021297257393598557, -0.9994025230407715, 1.4846343994140625], [0.9996238946914673, 0.0027429889887571335, 0.027286728844046593, -1.568603515625], [0.0, 0.0, 0.0, 1.0]], [[-0.8464928865432739, -0.5311511158943176, -0.036445051431655884, 0.982177734375], [0.03511941432952881, 0.01259780302643776, -0.9993036985397339, 1.4975814819335938], [0.5312404036521912, -0.8471834659576416, 0.007989764213562012, -1.2073974609375], [0.0, 0.0, 0.0, 1.0]], [[0.947711706161499, 0.31862837076187134, 0.017847638577222824, -1.1397705078125], [0.009427644312381744, 0.027948491275310516, -0.9995648860931396, 1.56207275390625], [-0.3189885914325714, 0.947467565536499, 0.023483198136091232, -0.157958984375], [0.0, 0.0, 0.0, 1.0]], [[0.011048620566725731, 0.9997281432151794, 0.020530739799141884, -0.0289306640625], [0.011733722873032093, 0.02040095627307892, -0.9997230172157288, 1.568634033203125], [-0.9998701214790344, 0.011286473833024502, -0.011505129747092724, -0.0059814453125], [0.0, 0.0, 0.0, 1.0]], [[-0.921990692615509, 0.3868979811668396, -0.015592565760016441, 1.073699951171875], [0.015927720814943314, -0.002339983358979225, -0.9998704195022583, 1.5493106842041016], [-0.38688424229621887, -0.9221195578575134, -0.004004958551377058, -0.07861328125], [0.0, 0.0, 0.0, 1.0]]], "view": [[0.0, -2.0, 100.0], [-2.0, 0.0, 100.0], [0.0, 0.0, 1.0]], "bev": "bev_ac54c36b81eb498a810587527ff58ac8.png", "aux": "aux_ac54c36b81eb498a810587527ff58ac8.npz", "visibility": "visibility_ac54c36b81eb498a810587527ff58ac8.png", "pose": [[-0.8920274376869202, -0.45198124647140503, 0.0, 2064.639404296875], [0.45198124647140503, -0.8920274376869202, 0.0, 1193.1239013671875], [0.0, 0.0, 1.0, 0.0], [0.0, 0.0, 0.0, 1.0]], "pose_inverse": [[-0.8920274376869202, 0.45198124647140503, 0.0, 1302.4454345703125], [-0.45198124647140503, -0.8920274376869202, 0.0, 1997.4775390625], [0.0, 0.0, 1.0, 0.0], [0.0, 0.0, 0.0, 1.0]], "cam_ids": [0, 1, 2, 3, 4, 5], "cam_channels": ["CAM_FRONT_LEFT", "CAM_FRONT", "CAM_FRONT_RIGHT", "CAM_BACK_LEFT", "CAM_BACK", "CAM_BACK_RIGHT"], "token": "ac54c36b81eb498a810587527ff58ac8", "scene": "scene-0634"}, {"images": ["samples/CAM_FRONT_LEFT/n008-2018-09-18-14-35-12-0400__CAM_FRONT_LEFT__1537296060904799.jpg", "samples/CAM_FRONT/n008-2018-09-18-14-35-12-0400__CAM_FRONT__1537296060912404.jpg", "samples/CAM_FRONT_RIGHT/n008-2018-09-18-14-35-12-0400__CAM_FRONT_RIGHT__1537296060920482.jpg", "samples/CAM_BACK_LEFT/n008-2018-09-18-14-35-12-0400__CAM_BACK_LEFT__1537296060947405.jpg", "samples/CAM_BACK/n008-2018-09-18-14-35-12-0400__CAM_BACK__1537296060937558.jpg", "samples/CAM_BACK_RIGHT/n008-2018-09-18-14-35-12-0400__CAM_BACK_RIGHT__1537296060928113.jpg"], "intrinsics": [[[1257.8625342125129, 0.0, 827.2410631095686], [0.0, 1257.8625342125129, 450.915498205774], [0.0, 0.0, 1.0]], [[1252.8131021185304, 0.0, 826.588114781398], [0.0, 1252.8131021185304, 469.9846626224581], [0.0, 0.0, 1.0]], [[1256.7485116440405, 0.0, 817.7887570959712], [0.0, 1256.7485116440403, 451.9541780095127], [0.0, 0.0, 1.0]], [[1254.9860565800168, 0.0, 829.5769333630991], [0.0, 1254.9860565800168, 467.1680561863987], [0.0, 0.0, 1.0]], [[796.8910634503094, 0.0, 857.7774326863696], [0.0, 796.8910634503094, 476.8848988407415], [0.0, 0.0, 1.0]], [[1249.9629280788233, 0.0, 825.3768045375984], [0.0, 1249.9629280788233, 462.54816385708756], [0.0, 0.0, 1.0]]], "extrinsics": [[[0.8147750496864319, -0.5797752141952515, -0.0015409193001687527, -0.8249664306640625], [0.016733508557081223, 0.026172595098614693, -0.9995173215866089, 1.4918594360351562], [0.579535722732544, 0.8143559694290161, 0.031026450917124748, -1.20947265625], [0.0, 0.0, 0.0, 1.0]], [[-0.0006754396017640829, -0.9997541904449463, -0.022161344066262245, 0.008056640625], [0.018402742221951485, 0.022145168855786324, -0.9995853900909424, 1.4834136962890625], [0.999830424785614, -0.0010829829843714833, 0.018383262678980827, -1.554931640625], [0.0, 0.0, 0.0, 1.0]], [[-0.8483422994613647, -0.5286369323730469, -0.02929673157632351, 0.97412109375], [0.026107054203748703, 0.013499543070793152, -0.9995679259300232, 1.4966583251953125], [0.5288040637969971, -0.8487406969070435, 0.0023489196319133043, -1.20269775390625], [0.0, 0.0, 0.0, 1.0]], [[0.9478296041488647, 0.31864631175994873, 0.009142427705228329, -1.140380859375], [-9.773948113434017e-05, 0.028970148414373398, -0.9995802640914917, 1.5620536804199219], [-0.3187774121761322, 0.9474309086799622, 0.027489906176924706, -0.156982421875], [0.0, 0.0, 0.0, 1.0]], [[0.012367162853479385, 0.9996941089630127, 0.021419383585453033, -0.0284423828125], [0.0023349381517618895, 0.021392090246081352, -0.9997684359550476, 1.5681800842285156], [-0.9999207854270935, 0.012414284981787205, -0.0020696658175438643, -0.0084228515625], [0.0, 0.0, 0.0, 1.0]], [[-0.9212682843208313, 0.38886