[{"images": ["samples/CAM_FRONT_LEFT/n008-2018-08-01-15-52-19-0400__CAM_FRONT_LEFT__1533153430255535.jpg", "samples/CAM_FRONT/n008-2018-08-01-15-52-19-0400__CAM_FRONT__1533153430262408.jpg", "samples/CAM_FRONT_RIGHT/n008-2018-08-01-15-52-19-0400__CAM_FRONT_RIGHT__1533153430270482.jpg", "samples/CAM_BACK_LEFT/n008-2018-08-01-15-52-19-0400__CAM_BACK_LEFT__1533153430297405.jpg", "samples/CAM_BACK/n008-2018-08-01-15-52-19-0400__CAM_BACK__1533153430287558.jpg", "samples/CAM_BACK_RIGHT/n008-2018-08-01-15-52-19-0400__CAM_BACK_RIGHT__1533153430278113.jpg"], "intrinsics": [[[1257.8625342125129, 0.0, 827.2410631095686], [0.0, 1257.8625342125129, 450.915498205774], [0.0, 0.0, 1.0]], [[1252.8131021185304, 0.0, 826.588114781398], [0.0, 1252.8131021185304, 469.9846626224581], [0.0, 0.0, 1.0]], [[1256.7485116440405, 0.0, 817.7887570959712], [0.0, 1256.7485116440403, 451.9541780095127], [0.0, 0.0, 1.0]], [[1254.9860565800168, 0.0, 829.5769333630991], [0.0, 1254.9860565800168, 467.1680561863987], [0.0, 0.0, 1.0]], [[796.8910634503094, 0.0, 857.7774326863696], [0.0, 796.8910634503094, 476.8848988407415], [0.0, 0.0, 1.0]], [[1249.9629280788233, 0.0, 825.3768045375984], [0.0, 1249.9629280788233, 462.54816385708756], [0.0, 0.0, 1.0]]], "extrinsics": [[[0.82028728723526, -0.5718364119529724, 0.011491038836538792, -0.984619140625], [0.011528068222105503, -0.0035567423328757286, -0.9999272227287292, 1.488576889038086], [0.5718356966972351, 0.820360004901886, 0.003674618434160948, -1.31982421875], [0.0, 0.0, 0.0, 1.0]], [[0.006947021931409836, -0.9999458193778992, 0.00775176053866744, 0.00604248046875], [0.013509655371308327, -0.007657390553504229, -0.9998794794082642, 1.480447769165039], [0.9998846054077148, 0.007050910498946905, 0.013455728068947792, -1.7142333984375], [0.0, 0.0, 0.0, 1.0]], [[-0.8453001379966736, -0.5342077612876892, -0.009475475177168846, 1.0771484375], [0.02154231257736683, -0.016356395557522774, -0.9996341466903687, 1.4934310913085938], [0.5338572859764099, -0.8451949954032898, 0.025334134697914124, -1.268646240234375], [0.0, 0.0, 0.0, 1.0]], [[0.9478949904441833, 0.31855976581573486, -0.0038381600752472878, -1.143310546875], [-0.0036755530163645744, -0.0011115476954728365, -0.9999926090240479, 1.5620393753051758], [-0.31856170296669006, 0.9479020833969116, 0.00011725186777766794, -0.1563873291015625], [0.0, 0.0, 0.0, 1.0]], [[0.010178392753005028, 0.9999107122421265, -0.008657341822981834, -0.0289306640625], [-0.00161358539480716, -0.00864135567098856, -0.9999613165855408, 1.5680513381958008], [-0.9999468922615051, 0.010191967710852623, 0.0015254858881235123, 0.037841796875], [0.0, 0.0, 0.0, 1.0]], [[-0.9229774475097656, 0.3845854699611664, -0.014370362274348736, 1.14990234375], [0.002494532847777009, -0.031360648572444916, -0.9995049834251404, 1.5478496551513672], [-0.3848457932472229, -0.922556459903717, 0.027985814958810806, -0.0479736328125], [0.0, 0.0, 0.0, 1.0]]], "view": [[0.0, -2.0, 100.0], [-2.0, 0.0, 100.0], [0.0, 0.0, 1.0]], "bev": "bev_0a71cd9e2ee94dfda79f9d87df741bba.png", "aux": "aux_0a71cd9e2ee94dfda79f9d87df741bba.npz", "visibility": "visibility_0a71cd9e2ee94dfda79f9d87df741bba.png", "pose": [[0.9975791573524475, -0.06954007595777512, 0.0, 1906.915283203125], [0.06954007595777512, 0.9975791573524475, 0.0, 866.750732421875], [0.0, 0.0, 1.0, 0.0], [0.0, 0.0, 0.0, 1.0]], "pose_inverse": [[0.9975791573524475, 0.06954007595777512, 0.0, -1962.5728759765625], [-0.06954007595777512, 0.9975791573524475, 0.0, -732.04541015625], [0.0, 0.0, 1.0, 0.0], [0.0, 0.0, 0.0, 1.0]], "cam_ids": [0, 1, 2, 3, 4, 5], "cam_channels": ["CAM_FRONT_LEFT", "CAM_FRONT", "CAM_FRONT_RIGHT", "CAM_BACK_LEFT", "CAM_BACK", "CAM_BACK_RIGHT"], "token": "0a71cd9e2ee94dfda79f9d87df741bba", "scene": "scene-0067"}, {"images": ["samples/CAM_FRONT_LEFT/n008-2018-08-01-15-52-19-0400__CAM_FRONT_LEFT__1533153430754799.jpg", "samples/CAM_FRONT/n008-2018-08-01-15-52-19-0400__CAM_FRONT__1533153430762404.jpg", "samples/CAM_FRONT_RIGHT/n008-2018-08-01-15-52-19-0400__CAM_FRONT_RIGHT__1533153430770482.jpg", "samples/CAM_BACK_LEFT/n008-2018-08-01-15-52-19-0400__CAM_BACK_LEFT__1533153430797405.jpg", "samples/CAM_BACK/n008-2018-08-01-15-52-19-0400__CAM_BACK__1533153430787558.jpg", "samples/CAM_BACK_RIGHT/n008-2018-08-01-15-52-19-0400__CAM_BACK_RIGHT__1533153430778113.jpg"], "intrinsics": [[[1257.8625342125129, 0.0, 827.2410631095686], [0.0, 1257.8625342125129, 450.915498205774], [0.0, 0.0, 1.0]], [[1252.8131021185304, 0.0, 826.588114781398], [0.0, 1252.8131021185304, 469.9846626224581], [0.0, 0.0, 1.0]], [[1256.7485116440405, 0.0, 817.7887570959712], [0.0, 1256.7485116440403, 451.9541780095127], [0.0, 0.0, 1.0]], [[1254.9860565800168, 0.0, 829.5769333630991], [0.0, 1254.9860565800168, 467.1680561863987], [0.0, 0.0, 1.0]], [[796.8910634503094, 0.0, 857.7774326863696], [0.0, 796.8910634503094, 476.8848988407415], [0.0, 0.0, 1.0]], [[1249.9629280788233, 0.0, 825.3768045375984], [0.0, 1249.9629280788233, 462.54816385708756], [0.0, 0.0, 1.0]]], "extrinsics": [[[0.8173051476478577, -0.576063334941864, 0.012779738754034042, -0.953369140625], [0.011141117662191391, -0.006376017350703478, -0.9999176263809204, 1.4889945983886719], [0.5760973691940308, 0.8173801898956299, 0.0012068352662026882, -1.2989501953125], [0.0, 0.0, 0.0, 1.0]], [[0.0027610156685113907, -0.9999402761459351, 0.010575925000011921, 0.00689697265625], [0.012989726848900318, -0.01053921040147543, -0.9998601078987122, 1.4808406829833984], [0.9999118447303772, 0.002897988772019744, 0.012959852814674377, -1.6837158203125], [0.0, 0.0, 0.0, 1.0]], [[-0.8470188975334167, -0.5315108299255371, -0.007425407879054546, 1.0577392578125], [0.02088250406086445, -0.019313758239150047, -0.9995953440666199, 1.4939212799072266], [0.5311523675918579, -0.8468312621116638, 0.027458397671580315, -1.255615234375], [0.0, 0.0, 0.0, 1.0]], [[0.9479328989982605, 0.31841805577278137, -0.005760043393820524, -1.14306640625], [-0.004619601648300886, -0.0043366109021008015, -0.9999799132347107, 1.5620384216308594], [-0.3184366524219513, 0.947940468788147, -0.0026398536283522844, -0.1565399169921875], [0.0, 0.0, 0.0, 1.0]], [[0.01139806117862463, 0.9998658895492554, -0.011759566143155098, -0.02911376953125], [-0.0024453068617731333, -0.011732421815395355, -0.9999281167984009, 1.568028450012207], [-0.999932050704956, 0.01142604649066925, 0.0023112515918910503, 0.029052734375], [0.0, 0.0, 0.0, 1.0]], [[-0.9220914244651794, 0.3866862654685974, -0.01487073302268982, 1.1339111328125], [0.0017147649778053164, -0.034345075488090515, -0.9994085431098938, 1.5478858947753906], [-0.3869682550430298, -0.9215715527534485, 0.03100622072815895, -0.05419921875], [0.0, 0.0, 0.0, 1.0]]], "view": [[0.0, -2.0, 100.0], [-2.0, 0.0, 100.0], [0.0, 0.0, 1.0]], "bev": "bev_2f11637660c6491c9cf31dfbd0f7afb0.png", "aux": "aux_2f11637660c6491c9cf31dfbd0f7afb0.npz", "visibility": "visibility_2f11637660c6491c9cf31dfbd0f7afb0.png", "pose": [[0.9887554049491882, -0.1495416760444641, 0.0, 1907.4000244140625], [0.1495416760444641, 0.9887554049491882, 0.0, 866.7963256835938], [0.0, 0.0, 1.0, 0.0], [0.0, 0.0, 0.0, 1.0]], "pose_inverse": [[0.9887554049491882, 0.1495416760444641, 0.0, -2015.5743408203125], [-0.1495416760444641, 0.9887554049491882, 0.0, -571.8137817382812], [0.0, 0.0, 1.0, 0.0], [0.0, 0.0, 0.0, 1.0]], "cam_ids": [0, 1, 2, 3, 4, 5], "cam_channels": ["CAM_FRONT_LEFT", "CAM_FRONT", "CAM_FRONT_RIGHT", "CAM_BACK_LEFT", "CAM_BACK", "CAM_BACK_RIGHT"], "token": "2f11637660c6491c9cf31dfbd0f7afb0", "scene": "scene-0067"}, {"images": ["samples/CAM_FRONT_LEFT/n008-2018-08-01-15-52-19-0400__CAM_FRONT_LEFT__1533153431154799.jpg", "samples/CAM_FRONT/n008-2018-08-01-15-52-19-0400__CAM_FRONT__1533153431162404.jpg", "samples/CAM_FRONT_RIGHT/n008-2018-08-01-15-52-19-0400__CAM_FRONT_RIGHT__1533153431170482.jpg", "samples/CAM_BACK_LEFT/n008-2018-08-01-15-52-19-0400__CAM_BACK_LEFT__1533153431197405.jpg", "samples/CAM_BACK/n008-2018-08-01-15-52-19-0400__CAM_BACK__1533153431187558.jpg", "samples/CAM_BACK_RIGHT/n008-2018-08-01-15-52-19-0400__CAM_BACK_RIGHT__1533153431178113.jpg"], "intrinsics": [[[1257.8625342125129, 0.0, 827.2410631095686], [0.0, 1257.8625342125129, 450.915498205774], [0.0, 0.0, 1.0]], [[1252.8131021185304, 0.0, 826.588114781398], [0.0, 1252.8131021185304, 469.9846626224581], [0.0, 0.0, 1.0]], [[1256.7485116440405, 0.0, 817.7887570959712], [0.0, 1256.7485116440403, 451.9541780095127], [0.0, 0.0, 1.0]], [[1254.9860565800168, 0.0, 829.5769333630991], [0.0, 1254.9860565800168, 467.1680561863987], [0.0, 0.0, 1.0]], [[796.8910634503094, 0.0, 857.7774326863696], [0.0, 796.8910634503094, 476.8848988407415], [0.0, 0.0, 1.0]], [[1249.9629280788233, 0.0, 825.3768045375984], [0.0, 1249.9629280788233, 462.54816385708756], [0.0, 0.0, 1.0]]], "extrinsics": [[[0.8166962265968323, -0.5769025683403015, 0.013808797113597393, -0.9410400390625], [0.008759129792451859, -0.011533659882843494, -0.9998950958251953, 1.4889917373657227], [0.5770013332366943, 0.8167315125465393, -0.004366331733763218, -1.2908935546875], [0.0, 0.0, 0.0, 1.0]], [[0.0018806703155860305, -0.9998752474784851, 0.01567419432103634, 0.007171630859375], [0.010610188357532024, -0.01565338671207428, -0.9998211860656738, 1.4808597564697266], [0.9999419450759888, 0.0020466148853302, 0.01057942770421505, -1.67138671875], [0.0, 0.0, 0.0, 1.0]], [[-0.8473919034004211, -0.5309611558914185, -0.0026936952490359545, 1.0501708984375], [0.018449831753969193, -0.024374285712838173, -0.9995326399803162, 1.493997573852539], [0.5306473970413208, -0.8470455408096313, 0.030450716614723206, -1.25079345703125], [0.0, 0.0, 0.0, 1.0]], [[0.9478713274002075, 0.3185059130191803, -0.009691542945802212, -1.14453125], [-0.007178130093961954, -0.009064042940735817, -0.9999331831932068, 1.5620441436767578], [-0.3185725212097168, 0.9478775262832642, -0.006305268965661526, -0.155975341796875], [0.0, 0.0, 0.0, 1.0]], [[0.011515018530189991, 0.999795138835907, -0.016643304377794266, -0.029144287109375], [-0.004961995407938957, -0.016587067395448685, -0.9998500943183899, 1.5679798126220703], [-0.9999213814735413, 0.01159587875008583, 0.004769979044795036, 0.0263671875], [0.0, 0.0, 0.0, 1.0]], [[-0.9219556450843811, 0.38702327013015747, -0.01451604813337326, 1.128173828125], [-0.0007684202864766121, -0.039308421313762665, -0.9992268085479736, 1.547821044921875], [-0.38729462027549744, -0.9212316870689392, 0.0365380197763443, -0.056396484375], [0.0, 0.0, 0.0, 1.0]]], "view": [[0.0, -2.0, 100.0], [-2.0, 0.0, 100.0], [0.0, 0.0, 1.0]], "bev": "bev_8d3c79e6f9b047c88cf4109f75c9f6c6.png", "aux": "aux_8d3c79e6f9b047c88cf4109f75c9f6c6.npz", "visibility": "visibility_8d3c79e6f9b047c88cf4109f75c9f6c6.png", "pose": [[0.9706224203109741, -0.24060770869255066, 0.0, 1908.0574951171875], [0.24060770869255066, 0.9706224203109741, 0.0, 866.9109497070312], [0.0, 0.0, 1.0, 0.0], [0.0, 0.0, 0.0, 1.0]], "pose_inverse": [[0.9706224203109741, 0.24060770869255066, 0.0, -2060.5888671875], [-0.24060770869255066, 0.9706224203109741, 0.0, -382.3498840332031], [0.0, 0.0, 1.0, 0.0], [0.0, 0.0, 0.0, 1.0]], "cam_ids": [0, 1, 2, 3, 4, 5], "cam_channels": ["CAM_FRONT_LEFT", "CAM_FRONT", "CAM_FRONT_RIGHT", "CAM_BACK_LEFT", "CAM_BACK", "CAM_BACK_RIGHT"], "token": "8d3c79e6f9b047c88cf4109f75c9f6c6", "scene": "scene-0067"}, {"images": ["samples/CAM_FRONT_LEFT/n008-2018-08-01-15-52-19-0400__CAM_FRONT_LEFT__1533153431654799.jpg", "samples/CAM_FRONT/n008-2018-08-01-15-52-19-0400__CAM_FRONT__1533153431662404.jpg", "samples/CAM_FRONT_RIGHT/n008-2018-08-01-15-52-19-0400__CAM_FRONT_RIGHT__1533153431670482.jpg", "samples/CAM_BACK_LEFT/n008-2018-08-01-15-52-19-0400__CAM_BACK_LEFT__1533153431697659.jpg", "samples/CAM_BACK/n008-2018-08-01-15-52-19-0400__CAM_BACK__1533153431687558.jpg", "samples/CAM_BACK_RIGHT/n008-2018-08-01-15-52-19-0400__CAM_BACK_RIGHT__1533153431678113.jpg"], "intrinsics": [[[1257.8625342125129, 0.0, 827.2410631095686], [0.0, 1257.8625342125129, 450.915498205774], [0.0, 0.0, 1.0]], [[1252.8131021185304, 0.0, 826.588114781398], [0.0, 1252.8131021185304, 469.9846626224581], [0.0, 0.0, 1.0]], [[1256.7485116440405, 0.0, 817.7887570959712], [0.0, 1256.7485116440403, 451.9541780095127], [0.0, 0.0, 1.0]], [[1254.9860565800168, 0.0, 829.5769333630991], [0.0, 1254.9860565800168, 467.1680561863987], [0.0, 0.0, 1.0]], [[796.8910634503094, 0.0, 857.7774326863696], [0.0, 796.8910634503094, 476.8848988407415], [0.0, 0.0, 1.0]], [[1249.9629280788233, 0.0, 825.3768045375984], [0.0, 1249.9629280788233, 462.54816385708756], [0.0, 0.0, 1.0]]], "extrinsics": [[[0.8163171410560608, -0.5774747729301453, 0.012220426462590694, -0.907958984375], [0.007038038223981857, -0.011211028322577477, -0.9999123215675354, 1.4891510009765625], [0.5775611400604248, 0.8163316249847412, -0.005087465047836304, -1.268310546875], [0.0, 0.0, 0.0, 1.0]], [[0.0013976243790239096, -0.9998816251754761, 0.015323740430176258, 0.007781982421875], [0.009045882150530815, -0.015310486778616905, -0.9998418688774109, 1.4810733795166016], [0.9999580979347229, 0.0015360353281721473, 0.009023412130773067, -1.638427734375], [0.0, 0.0, 0.0, 1.0]], [[-0.8475935459136963, -0.5306430459022522, -0.0017715132562443614, 1.0281982421875], [0.017122214660048485, -0.024012252688407898, -0.9995650053024292, 1.4943885803222656], [0.5303696393966675, -0.8472552299499512, 0.02943841554224491, -1.236572265625], [0.0, 0.0, 0.0, 1.0]], [[0.9481372833251953, 0.3176935911178589, -0.010321058332920074, -1.1357421875], [-0.007995299063622952, -0.008623736910521984, -0.9999308586120605, 1.5619735717773438], [-0.3177606463432312, 0.9481542110443115, -0.005636430811136961, -0.1593017578125], [0.0, 0.0, 0.0, 1.0]], [[0.011814937926828861, 0.9997981786727905, -0.016252225264906883, -0.029205322265625], [-0.005931107327342033, -0.016183000057935715, -0.9998514652252197, 1.567901611328125], [-0.9999126195907593, 0.01190955750644207, 0.0057387095876038074, 0.014892578125], [0.0, 0.0, 0.0, 1.0]], [[-0.9218566417694092, 0.3873022794723511, -0.013310329988598824, 1.110595703125], [-0.0019229893805459142, -0.038917772471904755, -0.9992405772209167, 1.547760009765625], [-0.38752612471580505, -0.9211309552192688, 0.03662139177322388, -0.0633544921875], [0.0, 0.0, 0.0, 1.0]]], "view": [[0.0, -2.0, 100.0], [-2.0, 0.0, 100.0], [0.0, 0.0, 1.0]], "bev": "bev_10599379ae6b4a9da77f68b4a73794e2.png", "aux": "aux_10599379ae6b4a9da77f68b4a73794e2.npz", "visibility": "visibility_10599379ae6b4a9da77f68b4a73794e2.png", "pose": [[0.9349532127380371, -0.35477107763290405, 0.0, 1909.09423828125], [0.35477107763290405, 0.9349532127380371, 0.0, 867.2119750976562], [0.0, 0.0, 1.0, 0.0], [0.0, 0.0, 0.0, 1.0]], "pose_inverse": [[0.9349532127380371, 0.35477107763290405, 0.0, -2092.575439453125], [-0.35477107763290405, 0.9349532127380371, 0.0, -133.5111541748047], [0.0, 0.0, 1.0, 0.0], [0.0, 0.0, 0.0, 1.0]], "cam_ids": [0, 1, 2, 3, 4, 5], "cam_channels": ["CAM_FRONT_LEFT", "CAM_FRONT", "CAM_FRONT_RIGHT", "CAM_BACK_LEFT", "CAM_BACK", "CAM_BACK_RIGHT"], "token": "10599379ae6b4a9da77f68b4a73794e2", "scene": "scene-0067"}, {"images": ["samples/CAM_FRONT_LEFT/n008-2018-08-01-15-52-19-0400__CAM_FRONT_LEFT__1533153432154799.jpg", "samples/CAM_FRONT/n008-2018-08-01-15-52-19-0400__CAM_FRONT__1533153432162406.jpg", "samples/CAM_FRONT_RIGHT/n008-2018-08-01-15-52-19-0400__CAM_FRONT_RIGHT__1533153432170482.jpg", "samples/CAM_BACK_LEFT/n008-2018-08-01-15-52-19-0400__CAM_BACK_LEFT__1533153432197405.jpg", "samples/CAM_BACK/n008-2018-08-01-15-52-19-0400__CAM_BACK__1533153432187558.jpg", "samples/CAM_BACK_RIGHT/n008-2018-08-01-15-52-19-0400__CAM_BACK_RIGHT__1533153432178113.jpg"], "intrinsics": [[[1257.8625342125129, 0.0, 827.2410631095686], [0.0, 1257.8625342125129, 450.915498205774], [0.0, 0.0, 1.0]], [[1252.8131021185304, 0.0, 826.588114781398], [0.0, 1252.8131021185304, 469.9846626224581], [0.0, 0.0, 1.0]], [[1256.7485116440405, 0.0, 817.7887570959712], [0.0, 1256.7485116440403, 451.9541780095127], [0.0, 0.0, 1.0]], [[1254.9860565800168, 0.0, 829.5769333630991], [0.0, 1254.9860565800168, 467.1680561863987], [0.0, 0.0, 1.0]], [[796.8910634503094, 0.0, 857.7774326863696], [0.0, 796.8910634503094, 476.8848988407415], [0.0, 0.0, 1.0]], [[1249.9629280788233, 0.0, 825.3768045375984], [0.0, 1249.9629280788233, 462.54816385708756], [0.0, 0.0, 1.0]]], "extrinsics": [[[0.8223350048065186, -0.5688942670822144, 0.011155501939356327, -0.9052734375], [0.00595809193328023, -0.01099515613168478, -0.9999217987060547, 1.489023208618164], [0.5689724683761597, 0.8223372101783752, -0.005652178078889847, -1.265625], [0.0, 0.0, 0.0, 1.0]], [[0.01003550086170435, -0.9998347163200378, 0.015158427879214287, 0.0072803497314453125], [0.007922734133899212, -0.015079213306307793, -0.9998549222946167, 1.4809627532958984], [0.9999182224273682, 0.010154137387871742, 0.0077700987458229065, -1.635498046875], [0.0, 0.0, 0.0, 1.0]], [[-0.8440452218055725, -0.5362714529037476, -0.000739235314540565, 1.026123046875], [0.015958499163389206, -0.0237394031137228, -0.9995908141136169, 1.4943122863769531], [0.5360344052314758, -0.8437116146087646, 0.028595218434929848, -1.2359619140625], [0.0, 0.0, 0.0, 1.0]], [[0.9479215741157532, 0.3182923495769501, -0.011605474166572094, -1.142578125], [-0.009386572986841202, -0.008504154160618782, -0.9999197721481323, 1.5620307922363281], [-0.31836551427841187, 0.9479544162750244, -0.00507359579205513, -0.15618896484375], [0.0, 0.0, 0.0, 1.0]], [[0.00917794369161129, 0.9998279213905334, -0.01612151972949505, -0.02880859375], [-0.007241318933665752, -0.01605532132089138, -0.9998448491096497, 1.5678482055664062], [-0.9999316334724426, 0.0092932665720582, 0.007092718034982681, 0.014892578125], [0.0, 0.0, 0.0, 1.0]], [[-0.9237213730812073, 0.38287633657455444, -0.012017086148262024, 1.10888671875], [-0.0030793289188295603, -0.03879170119762421, -0.9992425441741943, 1.5476593971252441], [-0.3830524981021881, -0.922984778881073, 0.037011731415987015, -0.064697265625], [0.0, 0.0, 0.0, 1.0]]], "view": [[0.0, -2.0, 100.0], [-2.0, 0.0, 100.0], [0.0, 0.0, 1.0]], "bev": "bev_922349daf3cf48ada31bbe98830a08a2.png", "aux": "aux_922349daf3cf48ada31bbe98830a08a2.npz", "visibility": "visibility_922349daf3cf48ada31bbe98830a08a2.png", "pose": [[0.9176863431930542, -0.39730560779571533, 0.0, 1910.202880859375], [0.39730560779571533, 0.9176863431930542, 0.0, 867.6559448242188], [0.0, 0.0, 1.0, 0.0], [0.0, 0.0, 0.0, 1.0]], "pose_inverse": [[0.9176863431930542, 0.39730560779571533, 0.0, -2097.691650390625], [-0.39730560779571533, 0.9176863431930542, 0.0, -37.30171203613281], [0.0, 0.0, 1.0, 0.0], [0.0, 0.0, 0.0, 1.0]], "cam_ids": [0, 1, 2, 3, 4, 5], "cam_channels": ["CAM_FRONT_LEFT", "CAM_FRONT", "CAM_FRONT_RIGHT", "CAM_BACK_LEFT", "CAM_BACK", "CAM_BACK_RIGHT"], "token": "922349daf3cf48ada31bbe98830a08a2", "scene": "scene-0067"}, {"images": ["samples/CAM_FRONT_LEFT/n008-2018-08-01-15-52-19-0400__CAM_FRONT_LEFT__1533153432654799.jpg", "samples/CAM_FRONT/n008-2018-08-01-15-52-19-0400__CAM_FRONT__1533153432662404.jpg", "samples/CAM_FRONT_RIGHT/n008-2018-08-01-15-52-19-0400__CAM_FRONT_RIGHT__1533153432670482.jpg", "samples/CAM_BACK_LEFT/n008-2018-08-01-15-52-19-0400__CAM_BACK_LEFT__1533153432697405.jpg", "samples/CAM_BACK/n008-2018-08-01-15-52-19-0400__CAM_BACK__1533153432687558.jpg", "samples/CAM_BACK_RIGHT/n008-2018-08-01-15-52-19-0400__CAM_BACK_RIGHT__1533153432678113.jpg"], "intrinsics": [[[1257.8625342125129, 0.0, 827.2410631095686], [0.0, 1257.8625342125129, 450.915498205774], [0.0, 0.0, 1.0]], [[1252.8131021185304, 0.0, 826.588114781398], [0.0, 1252.8131021185304, 469.9846626224581], [0.0, 0.0, 1.0]], [[1256.7485116440405, 0.0, 817.7887570959712], [0.0, 1256.7485116440403, 451.9541780095127], [0.0, 0.0, 1.0]], [[1254.9860565800168, 0.0, 829.5769333630991], [0.0, 1254.9860565800168, 467.1680561863987], [0.0, 0.0, 1.0]], [[796.8910634503094, 0.0, 857.7774326863696], [0.0, 796.8910634503094, 476.8848988407415], [0.0, 0.0, 1.0]], [[1249.9629280788233, 0.0, 825.3768045375984], [0.0, 1249.9629280788233, 462.54816385708756], [0.0, 0.0, 1.0]]], "extrinsics": [[[0.825226902961731, -0.5646407008171082, 0.01347055472433567, -0.8804931640625], [0.008319537155330181, -0.011695333756506443, -0.9998970031738281, 1.4895515441894531], [0.5647400617599487, 0.8252540230751038, -0.004953758325427771, -1.2481689453125], [0.0, 0.0, 0.0, 1.0]], [[0.014229435473680496, -0.99977046251297, 0.01601433753967285, 0.0073394775390625], [0.01036599650979042, -0.015867600217461586, -0.999820351600647, 1.4814567565917969], [0.9998449683189392, 0.014392871409654617, 0.010137831792235374, -1.610107421875], [0.0, 0.0, 0.0, 1.0]], [[-0.8422801494598389, -0.5390350818634033, -0.002304622670635581, 1.00927734375], [0.018480215221643448, -0.02460320107638836, -0.9995265007019043, 1.4948577880859375], [0.5387231111526489, -0.8419238924980164, 0.030684275552630424, -1.2252197265625], [0.0, 0.0, 0.0, 1.0]], [[0.9478663206100464, 0.31852564215660095, -0.009539647959172726, -1.140869140625], [-0.00674451794475317, -0.009876961819827557, -0.9999284744262695, 1.5620183944702148], [-0.31859707832336426, 0.9478627443313599, -0.007213737349957228, -0.15679931640625], [0.0, 0.0, 0.0, 1.0]], [[0.007942449301481247, 0.9998193979263306, -0.01726691611111164, -0.028533935546875], [-0.004715042654424906, -0.017229823395609856, -0.9998404383659363, 1.5678844451904297], [-0.9999573826789856, 0.008022606372833252, 0.004577343352138996, 0.0068359375], [0.0, 0.0, 0.0, 1.0]], [[-0.9246026873588562, 0.3806498646736145, -0.0146782286465168, 1.0960693359375], [-0.0005238928715698421, -0.03980294615030289, -0.9992074370384216, 1.5477800369262695], [-0.38093245029449463, -0.9238622188568115, 0.03700133413076401, -0.0703125], [0.0, 0.0, 0.0, 1.0]]], "view": [[0.0, -2.0, 100.0], [-2.0, 0.0, 100.0], [0.0, 0.0, 1.0]], "bev": "bev_7f5f3e618b814a31b6256c102ddf201e.png", "aux": "aux_7f5f3e618b814a31b6256c102ddf201e.npz", "visibility": "visibility_7f5f3e618b814a31b6256c102ddf201e.png", "pose": [[0.9329423904418945, -0.36002564430236816, 0.0, 1911.707275390625], [0.36002564430236816, 0.9329423904418945, 0.0, 868.2543334960938], [0.0, 0.0, 1.0, 0.0], [0.0, 0.0, 0.0, 1.0]], "pose_inverse": [[0.9329423904418945, 0.36002564430236816, 0.0, -2096.106689453125], [-0.36002564430236816, 0.9329423904418945, 0.0, -121.76766204833984], [0.0, 0.0, 1.0, 0.0], [0.0, 0.0, 0.0, 1.0]], "cam_ids": [0, 1, 2, 3, 4, 5], "cam_channels": ["CAM_FRONT_LEFT", "CAM_FRONT", "CAM_FRONT_RIGHT", "CAM_BACK_LEFT", "CAM_BACK", "CAM_BACK_RIGHT"], "token": "7f5f3e618b814a31b6256c102ddf201e", "scene": "scene-0067"}, {"images": ["samples/CAM_FRONT_LEFT/n008-2018-08-01-15-52-19-0400__CAM_FRONT_LEFT__1533153433154799.jpg", "samples/CAM_FRONT/n008-2018-08-01-15-52-19-0400__CAM_FRONT__1533153433162404.jpg", "samples/CAM_FRONT_RIGHT/n008-2018-08-01-15-52-19-0400__CAM_FRONT_RIGHT__1533153433170482.jpg", "samples/CAM_BACK_LEFT/n008-2018-08-01-15-52-19-0400__CAM_BACK_LEFT__1533153433197405.jpg", "samples/CAM_BACK/n008-2018-08-01-15-52-19-0400__CAM_BACK__1533153433187558.jpg", "samples/CAM_BACK_RIGHT/n008-2018-08-01-15-52-19-0400__CAM_BACK_RIGHT__1533153433178113.jpg"], "intrinsics": [[[1257.8625342125129, 0.0, 827.2410631095686], [0.0, 1257.8625342125129, 450.915498205774], [0.0, 0.0, 1.0]], [[1252.8131021185304, 0.0, 826.588114781398], [0.0, 1252.8131021185304, 469.9846626224581], [0.0, 0.0, 1.0]], [[1256.7485116440405, 0.0, 817.7887570959712], [0.0, 1256.7485116440403, 451.9541780095127], [0.0, 0.0, 1.0]], [[1254.9860565800168, 0.0, 829.5769333630991], [0.0, 1254.9860565800168, 467.1680561863987], [0.0, 0.0, 1.0]], [[796.8910634503094, 0.0, 857.7774326863696], [0.0, 796.8910634503094, 476.8848988407415], [0.0, 0.0, 1.0]], [[1249.9629280788233, 0.0, 825.3768045375984], [0.0, 1249.9629280788233, 462.54816385708756], [0.0, 0.0, 1.0]]], "extrinsics": [[[0.827185869216919, -0.5616753697395325, 0.0168641097843647, -0.868408203125], [0.00872005708515644, -0.017176955938339233, -0.9998144507408142, 1.4897403717041016], [0.5618607997894287, 0.8271793723106384, -0.00931069441139698, -1.2412109375], [0.0, 0.0, 0.0, 1.0]], [[0.0170646570622921, -0.9996250867843628, 0.02141275443136692, 0.008209228515625], [0.010598757304251194, -0.0212338175624609, -0.9997183680534363, 1.481612205505371], [0.9997982382774353, 0.01728680171072483, 0.01023243647068739, -1.598876953125], [0.0, 0.0, 0.0, 1.0]], [[-0.8411122560501099, -0.5408602356910706, 0.000576277612708509, 1.0030517578125], [0.018494896590709686, -0.029826944693922997, -0.9993839263916016, 1.4950141906738281], [0.5405442118644714, -0.8405835032463074, 0.035090964287519455, -1.22076416015625], [0.0, 0.0, 0.0, 1.0]], [[0.9478528499603271, 0.3184918165206909, -0.011744136922061443, -1.144287109375], [-0.007535572629421949, -0.014442956075072289, -0.9998672604560852, 1.5620460510253906], [-0.3186192512512207, 0.9478155374526978, -0.011289780959486961, -0.15570068359375], [0.0, 0.0, 0.0, 1.0]], [[0.00717205461114645, 0.9997292757034302, -0.022136641666293144, -0.02874755859375], [-0.005203481297940016, -0.022099601104855537, -0.9997422099113464, 1.5678634643554688], [-0.999960720539093, 0.007285378873348236, 0.005043572746217251, 0.006103515625], [0.0, 0.0, 0.0, 1.0]], [[-0.9251880049705505, 0.3791555166244507, -0.016377592459321022, 1.091064453125], [-0.000718562921974808, -0.04490472003817558, -0.9989910125732422, 1.5477724075317383], [-0.379508376121521, -0.9242427349090576, 0.04181775823235512, -0.0718994140625], [0.0, 0.0, 0.0, 1.0]]], "view": [[0.0, -2.0, 100.0], [-2.0, 0.0, 100.0], [0.0, 0.0, 1.0]], "bev": "bev_cddc1dedd5274979ac1a4648b7d33c17.png", "aux": "aux_cddc1dedd5274979ac1a4648b7d33c17.npz", "visibility": "visibility_cddc1dedd5274979ac1a4648b7d33c17.png", "pose": [[0.9593853950500488, -0.2820987105369568, 0.0, 1913.4312744140625], [0.2820987105369568, 0.9593853950500488, 0.0, 868.8289184570312], [0.0, 0.0, 1.0, 0.0], [0.0, 0.0, 0.0, 1.0]], "pose_inverse": [[0.9593853950500488, 0.2820987105369568, 0.0, -2080.8134765625], [-0.2820987105369568, 0.9593853950500488, 0.0, -293.7652587890625], [0.0, 0.0, 1.0, 0.0], [0.0, 0.0, 0.0, 1.0]], "cam_ids": [0, 1, 2, 3, 4, 5], "cam_channels": ["CAM_FRONT_LEFT", "CAM_FRONT", "CAM_FRONT_RIGHT", "CAM_BACK_LEFT", "CAM_BACK", "CAM_BACK_RIGHT"], "token": "cddc1dedd5274979ac1a4648b7d33c17", "scene": "scene-0067"}, {"images": ["samples/CAM_FRONT_LEFT/n008-2018-08-01-15-52-19-0400__CAM_FRONT_LEFT__1533153433604799.jpg", "samples/CAM_FRONT/n008-2018-08-01-15-52-19-0400__CAM_FRONT__1533153433612404.jpg", "samples/CAM_FRONT_RIGHT/n008-2018-08-01-15-52-19-0400__CAM_FRONT_RIGHT__1533153433620482.jpg", "samples/CAM_BACK_LEFT/n008-2018-08-01-15-52-19-0400__CAM_BACK_LEFT__1533153433647405.jpg", "samples/CAM_BACK/n008-2018-08-01-15-52-19-0400__CAM_BACK__1533153433637558.jpg", "samples/CAM_BACK_RIGHT/n008-2018-08-01-15-52-19-0400__CAM_BACK_RIGHT__1533153433628113.jpg"], "intrinsics": [[[1257.8625342125129, 0.0, 827.2410631095686], [0.0, 1257.8625342125129, 450.915498205774], [0.0, 0.0, 1.0]], [[1252.8131021185304, 0.0, 826.588114781398], [0.0, 1252.8131021185304, 469.9846626224581], [0.0, 0.0, 1.0]], [[1256.7485116440405, 0.0, 817.7887570959712], [0.0, 1256.7485116440403, 451.9541780095127], [0.0, 0.0, 1.0]], [[1254.9860565800168, 0.0, 829.5769333630991], [0.0, 1254.9860565800168, 467.1680561863987], [0.0, 0.0, 1.0]], [[796.8910634503094, 0.0, 857.7774326863696], [0.0, 796.8910634503094, 476.8848988407415], [0.0, 0.0, 1.0]], [[1249.9629280788233, 0.0, 825.3768045375984], [0.0, 1249.9629280788233, 462.54816385708756], [0.0, 0.0, 1.0]]], "extrinsics": [[[0.827006995677948, -0.5619648098945618, 0.015968669205904007, -0.8590087890625], [0.004600579850375652, -0.021638449281454086, -0.9997552633285522, 1.4891023635864258], [0.5621728301048279, 0.8268780708312988, -0.01530978549271822, -1.23388671875], [0.0, 0.0, 0.0, 1.0]], [[0.016752857714891434, -0.9995234608650208, 0.02592628076672554, 0.00775146484375], [0.0064188456162810326, -0.025821873918175697, -0.9996459484100342, 1.4810905456542969], [0.9998390674591064, 0.016913320869207382, 0.005983196664601564, -1.59033203125], [0.0, 0.0, 0.0, 1.0]], [[-0.8412956595420837, -0.5405343770980835, 0.006649184972047806, 0.998046875], [0.014304726384580135, -0.034556612372398376, -0.9993003606796265, 1.4946517944335938], [0.5403859615325928, -0.8406119346618652, 0.036804527044296265, -1.218017578125], [0.0, 0.0, 0.0, 1.0]], [[0.9478394389152527, 0.31828880310058594, -0.0171066801995039, -1.145263671875], [-0.0114493602886796, -0.01963658817112446, -0.9997416138648987, 1.5620536804199219], [-0.3185425400733948, 0.9477903842926025, -0.014968126080930233, -0.1556549072265625], [0.0, 0.0, 0.0, 1.0]], [[0.00733547518029809, 0.9996031522750854, -0.027197672054171562, -0.0286865234375], [-0.009182079695165157, -0.027129925787448883, -0.999589741230011, 1.5677013397216797], [-0.9999309182167053, 0.007582171354442835, 0.008979424834251404, 0.0052490234375], [0.0, 0.0, 0.0, 1.0]], [[-0.9251289963722229, 0.3793761134147644, -0.014493171125650406, 1.0885009765625], [-0.004763926845043898, -0.049771953374147415, -0.9987492561340332, 1.5474586486816406], [-0.3796229362487793, -0.9239028096199036, 0.04785280302166939, -0.072998046875], [0.0, 0.0, 0.0, 1.0]]], "view": [[0.0, -2.0, 100.0], [-2.0, 0.0, 100.0], [0.0, 0.0, 1.0]], "bev": "bev_518587efbd6d482b9ebeaee84ebbdce5.png", "aux": "aux_518587efbd6d482b9ebeaee84ebbdce5.npz", "visibility": "visibility_518587efbd6d482b9ebeaee84ebbdce5.png", "pose": [[0.9799237847328186, -0.19937235116958618, 0.0, 1915.220703125], [0.19937235116958618, 0.9799237847328186, 0.0, 869.2619018554688], [0.0, 0.0, 1.0, 0.0], [0.0, 0.0, 0.0, 1.0]], "pose_inverse": [[0.9799237847328186, 0.19937235116958618, 0.0, -2050.0771484375], [-0.19937235116958618, 0.9799237847328186, 0.0, -469.9683837890625], [0.0, 0.0, 1.0, 0.0], [0.0, 0.0, 0.0, 1.0]], "cam_ids": [0, 1, 2, 3, 4, 5], "cam_channels": ["CAM_FRONT_LEFT", "CAM_FRONT", "CAM_FRONT_RIGHT", "CAM_BACK_LEFT", "CAM_BACK", "CAM_BACK_RIGHT"], "token": "518587efbd6d482b9ebeaee84ebbdce5", "scene": "scene-0067"}, {"images": ["samples/CAM_FRONT_LEFT/n008-2018-08-01-15-52-19-0400__CAM_FRONT_LEFT__1533153434104799.jpg", "samples/CAM_FRONT/n008-2018-08-01-15-52-19-0400__CAM_FRONT__1533153434112404.jpg", "samples/CAM_FRONT_RIGHT/n008-2018-08-01-15-52-19-0400__CAM_FRONT_RIGHT__1533153434120482.jpg", "samples/CAM_BACK_LEFT/n008-2018-08-01-15-52-19-0400__CAM_BACK_LEFT__1533153434147405.jpg", "samples/CAM_BACK/n008-2018-08-01-15-52-19-0400__CAM_BACK__1533153434137558.jpg", "samples/CAM_BACK_RIGHT/n008-2018-08-01-15-52-19-0400__CAM_BACK_RIGHT__1533153434128113.jpg"], "intrinsics": [[[1257.8625342125129, 0.0, 827.2410631095686], [0.0, 1257.8625342125129, 450.915498205774], [0.0, 0.0, 1.0]], [[1252.8131021185304, 0.0, 826.588114781398], [0.0, 1252.8131021185304, 469.9846626224581], [0.0, 0.0, 1.0]], [[1256.7485116440405, 0.0, 817.7887570959712], [0.0, 1256.7485116440403, 451.9541780095127], [0.0, 0.0, 1.0]], [[1254.9860565800168, 0.0, 829.5769333630991], [0.0, 1254.9860565800168, 467.1680561863987], [0.0, 0.0, 1.0]], [[796.8910634503094, 0.0, 857.7774326863696], [0.0, 796.8910634503094, 476.8848988407415], [0.0, 0.0, 1.0]], [[1249.9629280788233, 0.0, 825.3768045375984], [0.0, 1249.9629280788233, 462.54816385708756], [0.0, 0.0, 1.0]]], "extrinsics": [[[0.8253661394119263, -0.5643820762634277, 0.015612003393471241, -0.8406982421875], [0.005186344496905804, -0.02007153071463108, -0.9997851252555847, 1.489328145980835], [0.5645741820335388, 0.8252695798873901, -0.013639282435178757, -1.2210693359375], [0.0, 0.0, 0.0, 1.0]], [[0.01432133186608553, -0.9996055960655212, 0.024155141785740852, 0.00775146484375], [0.00710808951407671, -0.024055233225226402, -0.9996853470802307, 1.4813265800476074], [0.9998721480369568, 0.014488534070551395, 0.006760783959180117, -1.5716552734375], [0.0, 0.0, 0.0, 1.0]], [[-0.8423252701759338, -0.5389476418495178, 0.004846814088523388, 0.985107421875], [0.015100429765880108, -0.03258787840604782, -0.9993547797203064, 1.4949626922607422], [0.538757860660553, -0.8417086005210876, 0.03558793663978577, -1.2100830078125], [0.0, 0.0, 0.0, 1.0]], [[0.9478425979614258, 0.3183761239051819, -0.015196702443063259, -1.143798828125], [-0.010285178199410439, -0.017102239653468132, -0.9998008012771606, 1.5620384216308594], [-0.31857261061668396, 0.947810173034668, -0.012935679405927658, -0.1562347412109375], [0.0, 0.0, 0.0, 1.0]], [[0.008049492724239826, 0.9996597170829773, -0.024814177304506302, -0.028564453125], [-0.008135823532938957, -0.02474868670105934, -0.9996605515480042, 1.5676918029785156], [-0.9999344348907471, 0.008248627185821533, 0.00793384201824665, -0.001708984375], [0.0, 0.0, 0.0, 1.0]], [[-0.9245880842208862, 0.38069120049476624, -0.01452774740755558, 1.0777587890625], [-0.003895116038620472, -0.04757809266448021, -0.9988599419593811, 1.5474662780761719], [-0.38094836473464966, -0.9234774112701416, 0.04547297582030296, -0.0777587890625], [0.0, 0.0, 0.0, 1.0]]], "view": [[0.0, -2.0, 100.0], [-2.0, 0.0, 100.0], [0.0, 0.0, 1.0]], "bev": "bev_52780b1edf5d40f09611958e96aa9422.png", "aux": "aux_52780b1edf5d40f09611958e96aa9422.npz", "visibility": "visibility_52780b1edf5d40f09611958e96aa9422.png", "pose": [[0.9925092458724976, -0.12216933071613312, 0.0, 1917.4541015625], [0.12216933071613312, 0.9925092458724976, 0.0, 869.6148071289062], [0.0, 0.0, 1.0, 0.0], [0.0, 0.0, 0.0, 1.0]], "pose_inverse": [[0.9925092458724976, 0.12216933071613312, 0.0, -2009.3311767578125], [-0.12216933071613312, 0.9925092458724976, 0.0, -628.8466796875], [0.0, 0.0, 1.0, 0.0], [0.0, 0.0, 0.0, 1.0]], "cam_ids": [0, 1, 2, 3, 4, 5], "cam_channels": ["CAM_FRONT_LEFT", "CAM_FRONT", "CAM_FRONT_RIGHT", "CAM_BACK_LEFT", "CAM_BACK", "CAM_BACK_RIGHT"], "token": "52780b1edf5d40f09611958e96aa9422", "scene": "scene-0067"}, {"images": ["samples/CAM_FRONT_LEFT/n008-2018-08-01-15-52-19-0400__CAM_FRONT_LEFT__1533153434654799.jpg", "samples/CAM_FRONT/n008-2018-08-01-15-52-19-0400__CAM_FRONT__1533153434662404.jpg", "samples/CAM_FRONT_RIGHT/n008-2018-08-01-15-52-19-0400__CAM_FRONT_RIGHT__1533153434670482.jpg", "samples/CAM_BACK_LEFT/n008-2018-08-01-15-52-19-0400__CAM_BACK_LEFT__1533153434697405.jpg", "samples/CAM_BACK/n008-2018-08-01-15-52-19-0400__CAM_BACK__1533153434687558.jpg", "samples/CAM_BACK_RIGHT/n008-2018-08-01-15-52-19-0400__CAM_BACK_RIGHT__1533153434678113.jpg"], "intrinsics": [[[1257.8625342125129, 0.0, 827.2410631095686], [0.0, 1257.8625342125129, 450.915498205774], [0.0, 0.0, 1.0]], [[1252.8131021185304, 0.0, 826.588114781398], [0.0, 1252.8131021185304, 469.9846626224581], [0.0, 0.0, 1.0]], [[1256.7485116440405, 0.0, 817.7887570959712], [0.0, 1256.7485116440403, 451.9541780095127], [0.0, 0.0, 1.0]], [[1254.9860565800168, 0.0, 829.5769333630991], [0.0, 1254.9860565800168, 467.1680561863987], [0.0, 0.0, 1.0]], [[796.8910634503094, 0.0, 857.7774326863696], [0.0, 796.8910634503094, 476.8848988407415], [0.0, 0.0, 1.0]], [[1249.9629280788233, 0.0, 825.3768045375984], [0.0, 1249.9629280788233, 462.54816385708756], [0.0, 0.0, 1.0]]], "extrinsics": [[[0.8240525722503662, -0.5661669969558716, 0.019806617870926857, -0.8216552734375], [0.007347023580223322, -0.024278897792100906, -0.9996782541275024, 1.4899234771728516], [0.5664656758308411, 0.8239328861236572, -0.015847448259592056, -1.2073974609375], [0.0, 0.0, 0.0, 1.0]], [[0.012438362464308739, -0.9995182752609253, 0.028433555737137794, 0.007568359375], [0.009244702756404877, -0.0283195897936821, -0.9995561838150024, 1.4818503856658936], [0.9998799562454224, 0.012695705518126488, 0.0088880006223917, -1.5521240234375], [0.0, 0.0, 0.0, 1.0]], [[-0.8430694341659546, -0.5377779603004456, 0.0053751966916024685, 0.971923828125], [0.017165575176477432, -0.036897219717502594, -0.9991716146469116, 1.4954853057861328], [0.5375308990478516, -0.842278778553009, 0.0403381809592247, -1.20196533203125], [0.0, 0.0, 0.0, 1.0]], [[0.9478169083595276, 0.3184545934200287, -0.015161164104938507, -1.146240234375], [-0.008820819668471813, -0.0213424451649189, -0.9997332692146301, 1.5620613098144531], [-0.31869322061538696, 0.9476978182792664, -0.01741970144212246, -0.15533447265625], [0.0, 0.0, 0.0, 1.0]], [[0.008541680872440338, 0.999540388584137, -0.029086781665682793, -0.0284423828125], [-0.006415842100977898, -0.029032457619905472, -0.9995578527450562, 1.5677337646484375], [-0.99994295835495, 0.008724513463675976, 0.00616490701213479, -0.0068359375], [0.0, 0.0, 0.0, 1.0]], [[-0.9241998791694641, 0.381486177444458, -0.017971012741327286, 1.0675048828125], [-0.0019925259985029697, -0.05187154933810234, -0.9986518025398254, 1.5476112365722656], [-0.3819039762020111, -0.9229179620742798, 0.04869979992508888, -0.082275390625], [0.0, 0.0, 0.0, 1.0]]], "view": [[0.0, -2.0, 100.0], [-2.0, 0.0, 100.0], [0.0, 0.0, 1.0]], "bev": "bev_8c995fe75e4b40898d4926d01156db02.png", "aux": "aux_8c995fe75e4b40898d4926d01156db02.npz", "visibility": "visibility_8c995fe75e4b40898d4926d01156db02.png", "pose": [[0.9970287680625916, -0.07703018933534622, 0.0, 1920.1580810546875], [0.07703018933534622, 0.9970287680625916, 0.0, 869.8789672851562], [0.0, 0.0, 1.0, 0.0], [0.0, 0.0, 0.0, 1.0]], "pose_inverse": [[0.9970287680625916, 0.07703018933534622, 0.0, -1981.459716796875], [-0.07703018933534622, 0.9970287680625916, 0.0, -719.3842163085938], [0.0, 0.0, 1.0, 0.0], [0.0, 0.0, 0.0, 1.0]], "cam_ids": [0, 1, 2, 3, 4, 5], "cam_channels": ["CAM_FRONT_LEFT", "CAM_FRONT", "CAM_FRONT_RIGHT", "CAM_BACK_LEFT", "CAM_BACK", "CAM_BACK_RIGHT"], "token": "8c995fe75e4b40898d4926d01156db02", "scene": "scene-0067"}, {"images": ["samples/CAM_FRONT_LEFT/n008-2018-08-01-15-52-19-0400__CAM_FRONT_LEFT__1533153435154799.jpg", "samples/CAM_FRONT/n008-2018-08-01-15-52-19-0400__CAM_FRONT__1533153435162404.jpg", "samples/CAM_FRONT_RIGHT/n008-2018-08-01-15-52-19-0400__CAM_FRONT_RIGHT__1533153435170482.jpg", "samples/CAM_BACK_LEFT/n008-2018-08-01-15-52-19-0400__CAM_BACK_LEFT__1533153435197405.jpg", "samples/CAM_BACK/n008-2018-08-01-15-52-19-0400__CAM_BACK__1533153435187565.jpg", "samples/CAM_BACK_RIGHT/n008-2018-08-01-15-52-19-0400__CAM_BACK_RIGHT__1533153435178113.jpg"], "intrinsics": [[[1257.8625342125129, 0.0, 827.2410631095686], [0.0, 1257.8625342125129, 450.915498205774], [0.0, 0.0, 1.0]], [[1252.8131021185304, 0.0, 826.588114781398], [0.0, 1252.8131021185304, 469.9846626224581], [0.0, 0.0, 1.0]], [[1256.7485116440405, 0.0, 817.7887570959712], [0.0, 1256.7485116440403, 451.9541780095127], [0.0, 0.0, 1.0]], [[1254.9860565800168, 0.0, 829.5769333630991], [0.0, 1254.9860565800168, 467.1680561863987], [0.0, 0.0, 1.0]], [[796.8910634503094, 0.0, 857.7774326863696], [0.0, 796.8910634503094, 476.8848988407415], [0.0, 0.0, 1.0]], [[1249.9629280788233, 0.0, 825.3768045375984], [0.0, 1249.9629280788233, 462.54816385708756], [0.0, 0.0, 1.0]]], "extrinsics": [[[0.823163628578186, -0.5676794052124023, 0.011908031068742275, -0.813232421875], [0.0007867771200835705, -0.01983168162405491, -0.9998030066490173, 1.4884681701660156], [0.5678037405014038, 0.8230108618736267, -0.015878083184361458, -1.2005615234375], [0.0, 0.0, 0.0, 1.0]], [[0.011162727139890194, -0.9996508955955505, 0.02394724264740944, 0.007080078125], [0.002964595565572381, -0.023915542289614677, -0.9997096061706543, 1.4807243347167969], [0.9999333024024963, 0.01123048085719347, 0.0026965984143316746, -1.5428466796875], [0.0, 0.0, 0.0, 1.0]], [[-0.8436404466629028, -0.5368487238883972, 0.008009779267013073, 0.965576171875], [0.011228285729885101, -0.03255603462457657, -0.9994068145751953, 1.4947164058685303], [0.5367910265922546, -0.8430501818656921, 0.03349348530173302, -1.198394775390625], [0.0, 0.0, 0.0, 1.0]], [[0.9478665590286255, 0.31816375255584717, -0.017907993867993355, -1.144287109375], [-0.0130619453266263, -0.017358310520648956, -0.9997640252113342, 1.5620384216308594], [-0.3183995485305786, 0.9478768110275269, -0.012297522276639938, -0.15584564208984375], [0.0, 0.0, 0.0, 1.0]], [[0.008968174457550049, 0.9996477365493774, -0.02497868239879608, -0.02825927734375], [-0.011353310197591782, -0.02487628348171711, -0.