[{"images": ["samples/CAM_FRONT_LEFT/n008-2018-08-27-11-48-51-0400__CAM_FRONT_LEFT__1535385152104799.jpg", "samples/CAM_FRONT/n008-2018-08-27-11-48-51-0400__CAM_FRONT__1535385152112404.jpg", "samples/CAM_FRONT_RIGHT/n008-2018-08-27-11-48-51-0400__CAM_FRONT_RIGHT__1535385152120482.jpg", "samples/CAM_BACK_LEFT/n008-2018-08-27-11-48-51-0400__CAM_BACK_LEFT__1535385152147405.jpg", "samples/CAM_BACK/n008-2018-08-27-11-48-51-0400__CAM_BACK__1535385152137558.jpg", "samples/CAM_BACK_RIGHT/n008-2018-08-27-11-48-51-0400__CAM_BACK_RIGHT__1535385152128113.jpg"], "intrinsics": [[[1257.8625342125129, 0.0, 827.2410631095686], [0.0, 1257.8625342125129, 450.915498205774], [0.0, 0.0, 1.0]], [[1252.8131021185304, 0.0, 826.588114781398], [0.0, 1252.8131021185304, 469.9846626224581], [0.0, 0.0, 1.0]], [[1256.7485116440405, 0.0, 817.7887570959712], [0.0, 1256.7485116440403, 451.9541780095127], [0.0, 0.0, 1.0]], [[1254.9860565800168, 0.0, 829.5769333630991], [0.0, 1254.9860565800168, 467.1680561863987], [0.0, 0.0, 1.0]], [[796.8910634503094, 0.0, 857.7774326863696], [0.0, 796.8910634503094, 476.8848988407415], [0.0, 0.0, 1.0]], [[1249.9629280788233, 0.0, 825.3768045375984], [0.0, 1249.9629280788233, 462.54816385708756], [0.0, 0.0, 1.0]]], "extrinsics": [[[0.8227596282958984, -0.5683264136314392, -0.008474665693938732, -0.922119140625], [-0.000849733769427985, 0.013680067844688892, -0.999906063079834, 1.4881858825683594], [0.5683889985084534, 0.8226895332336426, 0.010772479698061943, -1.2778778076171875], [0.0, 0.0, 0.0, 1.0]], [[0.010558413341641426, -0.9998986721038818, -0.009545397944748402, 0.007568359375], [0.0011147867189720273, 0.009557695128023624, -0.9999536871910095, 1.4802436828613281], [0.9999436140060425, 0.010547266341745853, 0.0012155883014202118, -1.651611328125], [0.0, 0.0, 0.0, 1.0]], [[-0.8439092636108398, -0.5364235639572144, -0.00818446185439825, 1.0361328125], [0.00915233138948679, 0.0008582353475503623, -0.9999576807022095, 1.4936676025390625], [0.5364079475402832, -0.8439485430717468, 0.0041852532885968685, -1.24169921875], [0.0, 0.0, 0.0, 1.0]], [[0.9478181600570679, 0.3186461925506592, -0.01025914866477251, -1.1392822265625], [-0.01620202697813511, 0.016005484387278557, -0.9997406005859375, 1.56195068359375], [-0.3183993995189667, 0.9477385878562927, 0.020333001390099525, -0.1580810546875], [0.0, 0.0, 0.0, 1.0]], [[0.009165406227111816, 0.9999231696128845, 0.008352632634341717, -0.029052734375], [-0.014088867232203484, 0.008481286466121674, -0.9998646974563599, 1.5676651000976562], [-0.9998587965965271, 0.009046518243849277, 0.014165517874062061, 0.0166015625], [0.0, 0.0, 0.0, 1.0]], [[-0.9238130450248718, 0.3828260004520416, 0.003689363831654191, 1.115478515625], [-0.009884928353130817, -0.014217989519238472, -0.9998500347137451, 1.5473461151123047], [-0.3827160894870758, -0.9237110614776611, 0.01691897213459015, -0.06158447265625], [0.0, 0.0, 0.0, 1.0]]], "view": [[0.0, -2.0, 100.0], [-2.0, 0.0, 100.0], [0.0, 0.0, 1.0]], "bev": "bev_54e086b8ca6f46e18dc2b91c125bfd9f.png", "aux": "aux_54e086b8ca6f46e18dc2b91c125bfd9f.npz", "visibility": "visibility_54e086b8ca6f46e18dc2b91c125bfd9f.png", "pose": [[0.5235692858695984, -0.8519831299781799, 0.0, 2134.2421875], [0.8519831299781799, 0.5235692858695984, 0.0, 900.5584716796875], [0.0, 0.0, 1.0, 0.0], [0.0, 0.0, 0.0, 1.0]], "pose_inverse": [[0.5235692858695984, 0.8519831299781799, 0.0, -1884.6842041015625], [-0.8519831299781799, 0.5235692858695984, 0.0, 1346.83349609375], [0.0, 0.0, 1.0, 0.0], [0.0, 0.0, 0.0, 1.0]], "cam_ids": [0, 1, 2, 3, 4, 5], "cam_channels": ["CAM_FRONT_LEFT", "CAM_FRONT", "CAM_FRONT_RIGHT", "CAM_BACK_LEFT", "CAM_BACK", "CAM_BACK_RIGHT"], "token": "54e086b8ca6f46e18dc2b91c125bfd9f", "scene": "scene-0658"}, {"images": ["samples/CAM_FRONT_LEFT/n008-2018-08-27-11-48-51-0400__CAM_FRONT_LEFT__1535385152604799.jpg", "samples/CAM_FRONT/n008-2018-08-27-11-48-51-0400__CAM_FRONT__1535385152612404.jpg", "samples/CAM_FRONT_RIGHT/n008-2018-08-27-11-48-51-0400__CAM_FRONT_RIGHT__1535385152620482.jpg", "samples/CAM_BACK_LEFT/n008-2018-08-27-11-48-51-0400__CAM_BACK_LEFT__1535385152647405.jpg", "samples/CAM_BACK/n008-2018-08-27-11-48-51-0400__CAM_BACK__1535385152637558.jpg", "samples/CAM_BACK_RIGHT/n008-2018-08-27-11-48-51-0400__CAM_BACK_RIGHT__1535385152628113.jpg"], "intrinsics": [[[1257.8625342125129, 0.0, 827.2410631095686], [0.0, 1257.8625342125129, 450.915498205774], [0.0, 0.0, 1.0]], [[1252.8131021185304, 0.0, 826.588114781398], [0.0, 1252.8131021185304, 469.9846626224581], [0.0, 0.0, 1.0]], [[1256.7485116440405, 0.0, 817.7887570959712], [0.0, 1256.7485116440403, 451.9541780095127], [0.0, 0.0, 1.0]], [[1254.9860565800168, 0.0, 829.5769333630991], [0.0, 1254.9860565800168, 467.1680561863987], [0.0, 0.0, 1.0]], [[796.8910634503094, 0.0, 857.7774326863696], [0.0, 796.8910634503094, 476.8848988407415], [0.0, 0.0, 1.0]], [[1249.9629280788233, 0.0, 825.3768045375984], [0.0, 1249.9629280788233, 462.54816385708756], [0.0, 0.0, 1.0]]], "extrinsics": [[[0.822405993938446, -0.568839430809021, -0.008375169709324837, -0.934814453125], [-0.0009596861782483757, 0.013334468007087708, -0.9999106526374817, 1.4882125854492188], [0.5689002275466919, 0.8223405480384827, 0.010420437902212143, -1.284444808959961], [0.0, 0.0, 0.0, 1.0]], [[0.010067960247397423, -0.9999070167541504, -0.00919722393155098, 0.006103515625], [0.0009806954767554998, 0.009207559749484062, -0.9999571442604065, 1.480234146118164], [0.9999488592147827, 0.01005849614739418, 0.0010733063099905849, -1.6632080078125], [0.0, 0.0, 0.0, 1.0]], [[-0.844100832939148, -0.5361267924308777, -0.00785647053271532, 1.04315185546875], [0.00898780021816492, 0.0005027562147006392, -0.9999594688415527, 1.4935779571533203], [0.5361090302467346, -0.8441373705863953, 0.00439422344788909, -1.24755859375], [0.0, 0.0, 0.0, 1.0]], [[0.9478335380554199, 0.318591833114624, -0.010531676933169365, -1.1400146484375], [-0.016366813331842422, 0.015643952414393425, -0.999743640422821, 1.561981201171875], [-0.31834542751312256, 0.9477629065513611, 0.020042195916175842, -0.1573486328125], [0.0, 0.0, 0.0, 1.0]], [[0.009314902126789093, 0.9999245405197144, 0.00801027286797762, -0.0284423828125], [-0.014254332520067692, 0.00814258586615324, -0.9998652338981628, 1.5677375793457031], [-0.9998549818992615, 0.009199474938213825, 0.01432910468429327, 0.0213623046875], [0.0, 0.0, 0.0, 1.0]], [[-0.9237120151519775, 0.3830697536468506, 0.0037201852537691593, 1.122314453125], [-0.010069073177874088, -0.014569985680282116, -0.9998431205749512, 1.547395944595337], [-0.38295549154281616, -0.9236044883728027, 0.01731562614440918, -0.05963134765625], [0.0, 0.0, 0.0, 1.0]]], "view": [[0.0, -2.0, 100.0], [-2.0, 0.0, 100.0], [0.0, 0.0, 1.0]], "bev": "bev_6a8b3c12e55542f2805aee26859d13c0.png", "aux": "aux_6a8b3c12e55542f2805aee26859d13c0.npz", "visibility": "visibility_6a8b3c12e55542f2805aee26859d13c0.png", "pose": [[0.5242590308189392, -0.8515588641166687, 0.0, 2134.81005859375], [0.8515588641166687, 0.5242590308189392, 0.0, 901.4681396484375], [0.0, 0.0, 1.0, 0.0], [0.0, 0.0, 0.0, 1.0]], "pose_inverse": [[0.5242590308189392, 0.8515588641166687, 0.0, -1886.8466796875], [-0.8515588641166687, 0.5242590308189392, 0.0, 1345.3135986328125], [0.0, 0.0, 1.0, 0.0], [0.0, 0.0, 0.0, 1.0]], "cam_ids": [0, 1, 2, 3, 4, 5], "cam_channels": ["CAM_FRONT_LEFT", "CAM_FRONT", "CAM_FRONT_RIGHT", "CAM_BACK_LEFT", "CAM_BACK", "CAM_BACK_RIGHT"], "token": "6a8b3c12e55542f2805aee26859d13c0", "scene": "scene-0658"}, {"images": ["samples/CAM_FRONT_LEFT/n008-2018-08-27-11-48-51-0400__CAM_FRONT_LEFT__1535385153154799.jpg", "samples/CAM_FRONT/n008-2018-08-27-11-48-51-0400__CAM_FRONT__1535385153162404.jpg", "samples/CAM_FRONT_RIGHT/n008-2018-08-27-11-48-51-0400__CAM_FRONT_RIGHT__1535385153170482.jpg", "samples/CAM_BACK_LEFT/n008-2018-08-27-11-48-51-0400__CAM_BACK_LEFT__1535385153197405.jpg", "samples/CAM_BACK/n008-2018-08-27-11-48-51-0400__CAM_BACK__1535385153187558.jpg", "samples/CAM_BACK_RIGHT/n008-2018-08-27-11-48-51-0400__CAM_BACK_RIGHT__1535385153178113.jpg"], "intrinsics": [[[1257.8625342125129, 0.0, 827.2410631095686], [0.0, 1257.8625342125129, 450.915498205774], [0.0, 0.0, 1.0]], [[1252.8131021185304, 0.0, 826.588114781398], [0.0, 1252.8131021185304, 469.9846626224581], [0.0, 0.0, 1.0]], [[1256.7485116440405, 0.0, 817.7887570959712], [0.0, 1256.7485116440403, 451.9541780095127], [0.0, 0.0, 1.0]], [[1254.9860565800168, 0.0, 829.5769333630991], [0.0, 1254.9860565800168, 467.1680561863987], [0.0, 0.0, 1.0]], [[796.8910634503094, 0.0, 857.7774326863696], [0.0, 796.8910634503094, 476.8848988407415], [0.0, 0.0, 1.0]], [[1249.9629280788233, 0.0, 825.3768045375984], [0.0, 1249.9629280788233, 462.54816385708756], [0.0, 0.0, 1.0]]], "extrinsics": [[[0.8222030401229858, -0.5691280364990234, -0.008685411885380745, -0.9482421875], [-0.0014212530804798007, 0.013206320814788342, -0.9999117851257324, 1.4881763458251953], [0.5691924691200256, 0.8221428990364075, 0.010049400851130486, -1.2958984375], [0.0, 0.0, 0.0, 1.0]], [[0.009746572002768517, -0.9999112486839294, -0.009076332673430443, 0.007568359375], [0.0004696415562648326, 0.009081338532269001, -0.9999586939811707, 1.480177879333496], [0.9999523758888245, 0.00974187720566988, 0.0005581121658906341, -1.6795654296875], [0.0, 0.0, 0.0, 1.0]], [[-0.8442551493644714, -0.5358911752700806, -0.007341376040130854, 1.05511474609375], [0.008457127027213573, 0.0003753372875507921, -0.9999641180038452, 1.4934329986572266], [0.5358747839927673, -0.8442869782447815, 0.004215219058096409, -1.253662109375], [0.0, 0.0, 0.0, 1.0]], [[0.9478359818458557, 0.3185608685016632, -0.011218634434044361, -1.1416015625], [-0.017046362161636353, 0.015511949546635151, -0.9997343420982361, 1.5619964599609375], [-0.3183022737503052, 0.9477754831314087, 0.020133089274168015, -0.1571044921875], [0.0, 0.0, 0.0, 1.0]], [[0.009444178082048893, 0.9999245405197144, 0.00785978976637125, -0.029052734375], [-0.014876694418489933, 0.00799977034330368, -0.9998573064804077, 1.5678062438964844], [-0.9998447895050049, 0.00932586845010519, 0.014951121993362904, 0.0272216796875], [0.0, 0.0, 0.0, 1.0]], [[-0.9236285090446472, 0.3832660913467407, 0.004176551941782236, 1.1318359375], [-0.010619262233376503, -0.01469576358795166, -0.9998356103897095, 1.5474941730499268], [-0.3831416964530945, -0.9235210418701172, 0.017643427476286888, -0.0546875], [0.0, 0.0, 0.0, 1.0]]], "view": [[0.0, -2.0, 100.0], [-2.0, 0.0, 100.0], [0.0, 0.0, 1.0]], "bev": "bev_ae4d96d1eb1f408fbb3a1f7838a90192.png", "aux": "aux_ae4d96d1eb1f408fbb3a1f7838a90192.npz", "visibility": "visibility_ae4d96d1eb1f408fbb3a1f7838a90192.png", "pose": [[0.520108163356781, -0.8541004061698914, 0.0, 2135.35107421875], [0.8541004061698914, 0.520108163356781, 0.0, 902.3387451171875], [0.0, 0.0, 1.0, 0.0], [0.0, 0.0, 0.0, 1.0]], "pose_inverse": [[0.520108163356781, 0.8541004061698914, 0.0, -1881.3013916015625], [-0.8541004061698914, 0.520108163356781, 0.0, 1354.490478515625], [0.0, 0.0, 1.0, 0.0], [0.0, 0.0, 0.0, 1.0]], "cam_ids": [0, 1, 2, 3, 4, 5], "cam_channels": ["CAM_FRONT_LEFT", "CAM_FRONT", "CAM_FRONT_RIGHT", "CAM_BACK_LEFT", "CAM_BACK", "CAM_BACK_RIGHT"], "token": "ae4d96d1eb1f408fbb3a1f7838a90192", "scene": "scene-0658"}, {"images": ["samples/CAM_FRONT_LEFT/n008-2018-08-27-11-48-51-0400__CAM_FRONT_LEFT__1535385153654799.jpg", "samples/CAM_FRONT/n008-2018-08-27-11-48-51-0400__CAM_FRONT__1535385153662404.jpg", "samples/CAM_FRONT_RIGHT/n008-2018-08-27-11-48-51-0400__CAM_FRONT_RIGHT__1535385153670482.jpg", "samples/CAM_BACK_LEFT/n008-2018-08-27-11-48-51-0400__CAM_BACK_LEFT__1535385153697405.jpg", "samples/CAM_BACK/n008-2018-08-27-11-48-51-0400__CAM_BACK__1535385153687558.jpg", "samples/CAM_BACK_RIGHT/n008-2018-08-27-11-48-51-0400__CAM_BACK_RIGHT__1535385153678113.jpg"], "intrinsics": [[[1257.8625342125129, 0.0, 827.2410631095686], [0.0, 1257.8625342125129, 450.915498205774], [0.0, 0.0, 1.0]], [[1252.8131021185304, 0.0, 826.588114781398], [0.0, 1252.8131021185304, 469.9846626224581], [0.0, 0.0, 1.0]], [[1256.7485116440405, 0.0, 817.7887570959712], [0.0, 1256.7485116440403, 451.9541780095127], [0.0, 0.0, 1.0]], [[1254.9860565800168, 0.0, 829.5769333630991], [0.0, 1254.9860565800168, 467.1680561863987], [0.0, 0.0, 1.0]], [[796.8910634503094, 0.0, 857.7774326863696], [0.0, 796.8910634503094, 476.8848988407415], [0.0, 0.0, 1.0]], [[1249.9629280788233, 0.0, 825.3768045375984], [0.0, 1249.9629280788233, 462.54816385708756], [0.0, 0.0, 1.0]]], "extrinsics": [[[0.8219647407531738, -0.5694537162780762, -0.009816791862249374, -0.94873046875], [-0.002231454476714134, 0.014016283676028252, -0.9998992681503296, 1.4881343841552734], [0.5695339441299438, 0.8219038844108582, 0.010250180028378963, -1.2948989868164062], [0.0, 0.0, 0.0, 1.0]], [[0.00940915010869503, -0.9999068379402161, -0.009884278289973736, 0.006591796875], [-0.0002793621097225696, 0.009882086887955666, -0.9999511241912842, 1.480142593383789], [0.9999556541442871, 0.00941140204668045, -0.00018635472224559635, -1.67822265625], [0.0, 0.0, 0.0, 1.0]], [[-0.8443945050239563, -0.5356739163398743, -0.007160729728639126, 1.053955078125], [0.007742977235466242, 0.0011618664721027017, -0.9999693036079407, 1.4934091567993164], [0.5356658101081848, -0.8444241285324097, 0.003166636684909463, -1.25390625], [0.0, 0.0, 0.0, 1.0]], [[0.9478285908699036, 0.3185727298259735, -0.011500385589897633, -1.1424560546875], [-0.017587808892130852, 0.016238486394286156, -0.9997134208679199, 1.5620193481445312], [-0.3182946741580963, 0.9477592706680298, 0.02099430188536644, -0.1563720703125], [0.0, 0.0, 0.0, 1.0]], [[0.009536195546388626, 0.9999174475669861, 0.008605394512414932, -0.0286865234375], [-0.015499832108616829, 0.008752563036978245, -0.999841570854187, 1.5677986145019531], [-0.999834418296814, 0.0094013512134552, 0.01558202039450407, 0.02734375], [0.0, 0.0, 0.0, 1.0]], [[-0.9235579967498779, 0.383424311876297, 0.005117265973240137, 1.13134765625], [-0.011317750439047813, -0.013917110860347748, -0.9998390674591064, 1.5474565029144287], [-0.3832913041114807, -0.9234673976898193, 0.017192760482430458, -0.05560302734375], [0.0, 0.0, 0.0, 1.0]]], "view": [[0.0, -2.0, 100.0], [-2.0, 0.0, 100.0], [0.0, 0.0, 1.0]], "bev": "bev_c24942bf1e4d400297a27876fa7351e2.png", "aux": "aux_c24942bf1e4d400297a27876fa7351e2.npz", "visibility": "visibility_c24942bf1e4d400297a27876fa7351e2.png", "pose": [[0.5129435062408447, -0.8584223389625549, 0.0, 2135.789794921875], [0.8584223389625549, 0.5129435062408447, 0.0, 903.0473022460938], [0.0, 0.0, 1.0, 0.0], [0.0, 0.0, 0.0, 1.0]], "pose_inverse": [[0.5129435062408447, 0.8584223389625549, 0.0, -1870.735595703125], [-0.8584223389625549, 0.5129435062408447, 0.0, 1370.1973876953125], [0.0, 0.0, 1.0, 0.0], [0.0, 0.0, 0.0, 1.0]], "cam_ids": [0, 1, 2, 3, 4, 5], "cam_channels": ["CAM_FRONT_LEFT", "CAM_FRONT", "CAM_FRONT_RIGHT", "CAM_BACK_LEFT", "CAM_BACK", "CAM_BACK_RIGHT"], "token": "c24942bf1e4d400297a27876fa7351e2", "scene": "scene-0658"}, {"images": ["samples/CAM_FRONT_LEFT/n008-2018-08-27-11-48-51-0400__CAM_FRONT_LEFT__1535385154154799.jpg", "samples/CAM_FRONT/n008-2018-08-27-11-48-51-0400__CAM_FRONT__1535385154162404.jpg", "samples/CAM_FRONT_RIGHT/n008-2018-08-27-11-48-51-0400__CAM_FRONT_RIGHT__1535385154170482.jpg", "samples/CAM_BACK_LEFT/n008-2018-08-27-11-48-51-0400__CAM_BACK_LEFT__1535385154197405.jpg", "samples/CAM_BACK/n008-2018-08-27-11-48-51-0400__CAM_BACK__1535385154187558.jpg", "samples/CAM_BACK_RIGHT/n008-2018-08-27-11-48-51-0400__CAM_BACK_RIGHT__1535385154178113.jpg"], "intrinsics": [[[1257.8625342125129, 0.0, 827.2410631095686], [0.0, 1257.8625342125129, 450.915498205774], [0.0, 0.0, 1.0]], [[1252.8131021185304, 0.0, 826.588114781398], [0.0, 1252.8131021185304, 469.9846626224581], [0.0, 0.0, 1.0]], [[1256.7485116440405, 0.0, 817.7887570959712], [0.0, 1256.7485116440403, 451.9541780095127], [0.0, 0.0, 1.0]], [[1254.9860565800168, 0.0, 829.5769333630991], [0.0, 1254.9860565800168, 467.1680561863987], [0.0, 0.0, 1.0]], [[796.8910634503094, 0.0, 857.7774326863696], [0.0, 796.8910634503094, 476.8848988407415], [0.0, 0.0, 1.0]], [[1249.9629280788233, 0.0, 825.3768045375984], [0.0, 1249.9629280788233, 462.54816385708756], [0.0, 0.0, 1.0]]], "extrinsics": [[[0.8218600749969482, -0.5696120858192444, -0.009380077011883259, -0.964111328125], [-0.0011789302807301283, 0.014764664694666862, -0.9998902678489685, 1.4882316589355469], [0.5696881413459778, 0.8217809796333313, 0.011462954804301262, -1.3053741455078125], [0.0, 0.0, 0.0, 1.0]], [[0.009259053505957127, -0.9999002814292908, -0.010657857172191143, 0.005615234375], [0.0008050534524954855, 0.010665764100849628, -0.9999428391456604, 1.4802007675170898], [0.9999567866325378, 0.009249958209693432, 0.0009037284762598574, -1.69384765625], [0.0, 0.0, 0.0, 1.0]], [[-0.8444510102272034, -0.5355648994445801, -0.008531504310667515, 1.064208984375], [0.008845254778862, 0.001982523128390312, -0.9999589323997498, 1.4933509826660156], [0.5355597734451294, -0.844491720199585, 0.0030630636028945446, -1.260498046875], [0.0, 0.0, 0.0, 1.0]], [[0.9478294849395752, 0.31861594319343567, -0.010155887342989445, -1.1435546875], [-0.01650109328329563, 0.01722206361591816, -0.9997155070304871, 1.5620384216308594], [-0.3183504641056061, 0.9477273225784302, 0.021581090986728668, -0.1561279296875], [0.0, 0.0, 0.0, 1.0]], [[0.009553738869726658, 0.9999088048934937, 0.009541544131934643, -0.0286865234375], [-0.014391622506082058, 0.009678483940660954, -0.9998495578765869, 1.5678901672363281], [-0.999850869178772, 0.009415059350430965, 0.014482776634395123, 0.032470703125], [0.0, 0.0, 0.0, 1.0]], [[-0.9235311150550842, 0.3834978938102722, 0.004420096054673195, 1.139404296875], [-0.010207585990428925, -0.013057533651590347, -0.9998626708984375, 1.5475850105285645], [-0.38338735699653625, -0.9234494566917419, 0.01597362756729126, -0.0521240234375], [0.0, 0.0, 0.0, 1.0]]], "view": [[0.0, -2.0, 100.0], [-2.0, 0.0, 100.0], [0.0, 0.0, 1.0]], "bev": "bev_2767c5f1c06e4f1ebee087242c18c038.png", "aux": "aux_2767c5f1c06e4f1ebee087242c18c038.npz", "visibility": "visibility_2767c5f1c06e4f1ebee087242c18c038.png", "pose": [[0.5037825107574463, -0.8638305068016052, 0.0, 2136.124755859375], [0.8638305068016052, 0.5037825107574463, 0.0, 903.5994262695312], [0.0, 0.0, 1.0, 0.0], [0.0, 0.0, 0.0, 1.0]], "pose_inverse": [[0.5037825107574463, 0.8638305068016052, 0.0, -1856.6990966796875], [-0.8638305068016052, 0.5037825107574463, 0.0, 1390.0321044921875], [0.0, 0.0, 1.0, 0.0], [0.0, 0.0, 0.0, 1.0]], "cam_ids": [0, 1, 2, 3, 4, 5], "cam_channels": ["CAM_FRONT_LEFT", "CAM_FRONT", "CAM_FRONT_RIGHT", "CAM_BACK_LEFT", "CAM_BACK", "CAM_BACK_RIGHT"], "token": "2767c5f1c06e4f1ebee087242c18c038", "scene": "scene-0658"}, {"images": ["samples/CAM_FRONT_LEFT/n008-2018-08-27-11-48-51-0400__CAM_FRONT_LEFT__1535385154654799.jpg", "samples/CAM_FRONT/n008-2018-08-27-11-48-51-0400__CAM_FRONT__1535385154662404.jpg", "samples/CAM_FRONT_RIGHT/n008-2018-08-27-11-48-51-0400__CAM_FRONT_RIGHT__1535385154670482.jpg", "samples/CAM_BACK_LEFT/n008-2018-08-27-11-48-51-0400__CAM_BACK_LEFT__1535385154697405.jpg", "samples/CAM_BACK/n008-2018-08-27-11-48-51-0400__CAM_BACK__1535385154687558.jpg", "samples/CAM_BACK_RIGHT/n008-2018-08-27-11-48-51-0400__CAM_BACK_RIGHT__1535385154678113.jpg"], "intrinsics": [[[1257.8625342125129, 0.0, 827.2410631095686], [0.0, 1257.8625342125129, 450.915498205774], [0.0, 0.0, 1.0]], [[1252.8131021185304, 0.0, 826.588114781398], [0.0, 1252.8131021185304, 469.9846626224581], [0.0, 0.0, 1.0]], [[1256.7485116440405, 0.0, 817.7887570959712], [0.0, 1256.7485116440403, 451.9541780095127], [0.0, 0.0, 1.0]], [[1254.9860565800168, 0.0, 829.5769333630991], [0.0, 1254.9860565800168, 467.1680561863987], [0.0, 0.0, 1.0]], [[796.8910634503094, 0.0, 857.7774326863696], [0.0, 796.8910634503094, 476.8848988407415], [0.0, 0.0, 1.0]], [[1249.9629280788233, 0.0, 825.3768045375984], [0.0, 1249.9629280788233, 462.54816385708756], [0.0, 0.0, 1.0]]], "extrinsics": [[[0.8220016956329346, -0.5694304704666138, -0.007886582985520363, -0.9765625], [8.655103738419712e-05, 0.0139735396951437, -0.9999023675918579, 1.4882926940917969], [0.5694850087165833, 0.8219206929206848, 0.01153555791825056, -1.3138961791992188], [0.0, 0.0, 0.0, 1.0]], [[0.009466994553804398, -0.9999068975448608, -0.009826607070863247, 0.0059814453125], [0.0020638713613152504, 0.009846564382314682, -0.9999493956565857, 1.4802217483520508], [0.999953031539917, 0.009446206502616405, 0.002156896749511361, -1.7061767578125], [0.0, 0.0, 0.0, 1.0]], [[-0.8443574905395508, -0.5357019901275635, -0.009154283441603184, 1.07232666015625], [0.010122585110366344, 0.0011325872037559748, -0.9999481439590454, 1.4932937622070312], [0.5356845259666443, -0.8444063663482666, 0.004466380458325148, -1.265869140625], [0.0, 0.0, 0.0, 1.0]], [[0.9478411674499512, 0.3186115026473999, -0.009160283952951431, -1.1434326171875], [-0.015134226530790329, 0.016279451549053192, -0.999752938747406, 1.5620346069335938], [-0.31838372349739075, 0.9477455615997314, 0.020252272486686707, -0.15673828125], [0.0, 0.0, 0.0, 1.0]], [[0.009480293840169907, 0.9999176859855652, 0.00864469911903143, -0.02880859375], [-0.013055603951215744, 0.00876812357455492, -0.9998763203620911, 1.5679512023925781], [-0.9998697638511658, 0.009366319514811039, 0.013137654401361942, 0.0360107421875], [0.0, 0.0, 0.0, 1.0]], [[-0.923579752445221, 0.38339555263519287, 0.002873798832297325, 1.14599609375], [-0.008897433988749981, -0.013938825577497482, -0.9998632669448853, 1.547673225402832], [-0.38330304622650146, -0.9234790205955505, 0.01628485508263111, -0.049560546875], [0.0, 0.0, 0.0, 1.0]]], "view": [[0.0, -2.0, 100.0], [-2.0, 0.0, 100.0], [0.0, 0.0, 1.0]], "bev": "bev_bd3fde40da4145b4bc79c7dfd8cb6db0.png", "aux": "aux_bd3fde40da4145b4bc79c7dfd8cb6db0.npz", "visibility": "visibility_bd3fde40da4145b4bc79c7dfd8cb6db0.png", "pose": [[0.49351710081100464, -0.8697360754013062, 0.0, 2136.3798828125], [0.8697360754013062, 0.49351710081100464, 0.0, 904.0344848632812], [0.0, 0.0, 1.0, 0.0], [0.0, 0.0, 0.0, 1.0]], "pose_inverse": [[0.49351710081100464, 0.8697360754013062, 0.0, -1840.6114501953125], [-0.8697360754013062, 0.49351710081100464, 0.0, 1411.93017578125], [0.0, 0.0, 1.0, 0.0], [0.0, 0.0, 0.0, 1.0]], "cam_ids": [0, 1, 2, 3, 4, 5], "cam_channels": ["CAM_FRONT_LEFT", "CAM_FRONT", "CAM_FRONT_RIGHT", "CAM_BACK_LEFT", "CAM_BACK", "CAM_BACK_RIGHT"], "token": "bd3fde40da4145b4bc79c7dfd8cb6db0", "scene": "scene-0658"}, {"images": ["samples/CAM_FRONT_LEFT/n008-2018-08-27-11-48-51-0400__CAM_FRONT_LEFT__1535385155154799.jpg", "samples/CAM_FRONT/n008-2018-08-27-11-48-51-0400__CAM_FRONT__1535385155162404.jpg", "samples/CAM_FRONT_RIGHT/n008-2018-08-27-11-48-51-0400__CAM_FRONT_RIGHT__1535385155170482.jpg", "samples/CAM_BACK_LEFT/n008-2018-08-27-11-48-51-0400__CAM_BACK_LEFT__1535385155197405.jpg", "samples/CAM_BACK/n008-2018-08-27-11-48-51-0400__CAM_BACK__1535385155187558.jpg", "samples/CAM_BACK_RIGHT/n008-2018-08-27-11-48-51-0400__CAM_BACK_RIGHT__1535385155178113.jpg"], "intrinsics": [[[1257.8625342125129, 0.0, 827.2410631095686], [0.0, 1257.8625342125129, 450.915498205774], [0.0, 0.0, 1.0]], [[1252.8131021185304, 0.0, 826.588114781398], [0.0, 1252.8131021185304, 469.9846626224581], [0.0, 0.0, 1.0]], [[1256.7485116440405, 0.0, 817.7887570959712], [0.0, 1256.7485116440403, 451.9541780095127], [0.0, 0.0, 1.0]], [[1254.9860565800168, 0.0, 829.5769333630991], [0.0, 1254.9860565800168, 467.1680561863987], [0.0, 0.0, 1.0]], [[796.8910634503094, 0.0, 857.7774326863696], [0.0, 796.8910634503094, 476.8848988407415], [0.0, 0.0, 1.0]], [[1249.9629280788233, 0.0, 825.3768045375984], [0.0, 1249.9629280788233, 462.54816385708756], [0.0, 0.0, 1.0]]], "extrinsics": [[[0.8222575187683105, -0.5690845251083374, -0.00595589866861701, -0.9873046875], [0.0016940300120040774, 0.01291253324598074, -0.9999151825904846, 1.4883270263671875], [0.5691131353378296, 0.8221776485443115, 0.01158147118985653, -1.3215179443359375], [0.0, 0.0, 0.0, 1.0]], [[0.009832032024860382, -0.9999133944511414, -0.008749712258577347, 0.005859375], [0.003664897521957755, 0.008786111138761044, -0.9999546408653259, 1.4802260398864746], [0.9999449253082275, 0.0097995325922966, 0.0037509652320295572, -1.7174072265625], [0.0, 0.0, 0.0, 1.0]], [[-0.8441965579986572, -0.5359418988227844, -0.009925819002091885, 1.079345703125], [0.01170408260077238, 8.320430788444355e-05, -0.9999315142631531, 1.4932270050048828], [0.5359060168266296, -0.8442549109458923, 0.006202466785907745, -1.270263671875], [0.0, 0.0, 0.0, 1.0]], [[0.94785076379776, 0.31861332058906555, -0.00802287831902504, -1.1434326171875], [-0.013588584028184414, 0.01524965651333332, -0.9997913837432861, 1.5620346069335938], [-0.3184245526790619, 0.9477620720863342, 0.01878390461206436, -0.1563720703125], [0.0, 0.0, 0.0, 1.0]], [[0.009360631927847862, 0.9999271035194397, 0.007626976352185011, -0.0286865234375], [-0.011491327546536922, 0.007734374143183231, -0.9999040365219116, 1.5680046081542969], [-0.999890148639679, 0.009272097609937191, 0.011562888510525227, 0.039306640625], [0.0, 0.0, 0.0, 1.0]], [[-0.9236589074134827, 0.38321420550346375, 0.0010336851701140404, 1.151611328125], [-0.007333304733037949, -0.014978389255702496, -0.999860942363739, 1.5477447509765625], [-0.3831453323364258, -0.9235380291938782, 0.016645150259137154, -0.047119140625], [0.0, 0.0, 0.0, 1.0]]], "view": [[0.0, -2.0, 100.0], [-2.0, 0.0, 100.0], [0.0, 0.0, 1.0]], "bev": "bev_0fb22bafb25a4326829e3f3431d6973c.png", "aux": "aux_0fb22bafb25a4326829e3f3431d6973c.npz", "visibility": "visibility_0fb22bafb25a4326829e3f3431d6973c.png", "pose": [[0.4865044951438904, -0.8736780881881714, 0.0, 2136.53271484375], [0.8736780881881714, 0.4865044951438904, 0.0, 904.303466796875], [0.0, 0.0, 1.0, 0.0], [0.0, 0.0, 0.0, 1.0]], "pose_inverse": [[0.4865044951438904, 0.8736780881881714, 0.0, -1829.5029296875], [-0.8736780881881714, 0.4865044951438904, 0.0, 1426.694091796875], [0.0, 0.0, 1.0, 0.0], [0.0, 0.0, 0.0, 1.0]], "cam_ids": [0, 1, 2, 3, 4, 5], "cam_channels": ["CAM_FRONT_LEFT", "CAM_FRONT", "CAM_FRONT_RIGHT", "CAM_BACK_LEFT", "CAM_BACK", "CAM_BACK_RIGHT"], "token": "0fb22bafb25a4326829e3f3431d6973c", "scene": "scene-0658"}, {"images": ["samples/CAM_FRONT_LEFT/n008-2018-08-27-11-48-51-0400__CAM_FRONT_LEFT__1535385155604799.jpg", "samples/CAM_FRONT/n008-2018-08-27-11-48-51-0400__CAM_FRONT__1535385155612404.jpg", "samples/CAM_FRONT_RIGHT/n008-2018-08-27-11-48-51-0400__CAM_FRONT_RIGHT__1535385155620482.jpg", "samples/CAM_BACK_LEFT/n008-2018-08-27-11-48-51-0400__CAM_BACK_LEFT__1535385155647405.jpg", "samples/CAM_BACK/n008-2018-08-27-11-48-51-0400__CAM_BACK__1535385155637558.jpg", "samples/CAM_BACK_RIGHT/n008-2018-08-27-11-48-51-0400__CAM_BACK_RIGHT__1535385155628113.jpg"], "intrinsics": [[[1257.8625342125129, 0.0, 827.2410631095686], [0.0, 1257.8625342125129, 450.915498205774], [0.0, 0.0, 1.0]], [[1252.8131021185304, 0.0, 826.588114781398], [0.0, 1252.8131021185304, 469.9846626224581], [0.0, 0.0, 1.0]], [[1256.7485116440405, 0.0, 817.7887570959712], [0.0, 1256.7485116440403, 451.9541780095127], [0.0, 0.0, 1.0]], [[1254.9860565800168, 0.0, 829.5769333630991], [0.0, 1254.9860565800168, 467.1680561863987], [0.0, 0.0, 1.0]], [[796.8910634503094, 0.0, 857.7774326863696], [0.0, 796.8910634503094, 476.8848988407415], [0.0, 0.0, 1.0]], [[1249.9629280788233, 0.0, 825.3768045375984], [0.0, 1249.9629280788233, 462.54816385708756], [0.0, 0.0, 1.0]]], "extrinsics": [[[0.8224722146987915, -0.5687766671180725, -0.005714392755180597, -0.998291015625], [0.0019547457341104746, 0.012872596271336079, -0.9999152421951294, 1.4883031845092773], [0.5688019394874573, 0.8223912715911865, 0.011699165217578411, -1.329315185546875], [0.0, 0.0, 0.0, 1.0]], [[0.010138123296201229, -0.9999105334281921, -0.00871430616825819, 0.0057373046875], [0.003886030986905098, 0.008754084818065166, -0.9999541640281677, 1.4801878929138184], [0.9999410510063171, 0.01010381430387497, 0.003974433988332748, -1.7281494140625], [0.0, 0.0, 0.0, 1.0]], [[-0.8440693616867065, -0.5361396074295044, -0.010061968117952347, 1.0865478515625], [0.011883004568517208, 5.815037729917094e-05, -0.9999293684959412, 1.4931297302246094], [0.5361024141311646, -0.8441293239593506, 0.006321866996586323, -1.27490234375], [0.0, 0.0, 0.0, 1.0]], [[0.9478543996810913, 0.31860268115997314, -0.008024490438401699, -1.143798828125], [-0.013570886105298996, 0.015192585065960884, -0.9997924566268921, 1.562042236328125], [-0.31841471791267395, 0.9477666020393372, 0.01872408017516136, -0.1561279296875], [0.0, 0.0, 0.0, 1.0]], [[0.009279044345021248, 0.9999281764030457, 0.00758346589282155, -0.02880859375], [-0.011399556882679462, 0.007689077872782946, -0.9999054074287415, 1.5680389404296875], [-0.999891996383667, 0.009191741235554218, 0.011470085941255093, 0.0423583984375], [0.0, 0.0, 0.0, 1.0]], [[-0.923723042011261, 0.3830597996711731, 0.000895373523235321, 1.1572265625], [-0.007194620091468096, -0.015012240968644619, -0.9998614192008972, 1.5477890968322754], [-0.38299334049224854, -0.923601508140564, 0.016623124480247498, -0.04486083984375], [0.0, 0.0, 0.0, 1.0]]], "view": [[0.0, -2.0, 100.0], [-2.0, 0.0, 100.0], [0.0, 0.0, 1.0]], "bev": "bev_e365ca92ecc746d79582b17039e2dc34.png", "aux": "aux_e365ca92ecc746d79582b17039e2dc34.npz", "visibility": "visibility_e365ca92ecc746d79582b17039e2dc34.png", "pose": [[0.4837677776813507, -0.8751963973045349, 0.0, 2136.603515625], [0.8751963973045349, 0.4837677776813507, 0.0, 904.419677734375], [0.0, 0.0, 1.0, 0.0], [0.0, 0.0, 0.0, 1.0]], "pose_inverse": [[0.4837677776813507, 0.8751963973045349, 0.0, -1825.164794921875], [-0.8751963973045349, 0.4837677776813507, 0.0, 1432.4185791015625], [0.0, 0.0, 1.0, 0.0], [0.0, 0.0, 0.0, 1.0]], "cam_ids": [0, 1, 2, 3, 4, 5], "cam_channels": ["CAM_FRONT_LEFT", "CAM_FRONT", "CAM_FRONT_RIGHT", "CAM_BACK_LEFT", "CAM_BACK", "CAM_BACK_RIGHT"], "token": "e365ca92ecc746d79582b17039e2dc34", "scene": "scene-0658"}, {"images": ["samples/CAM_FRONT_LEFT/n008-2018-08-27-11-48-51-0400__CAM_FRONT_LEFT__1535385156154799.jpg", "samples/CAM_FRONT/n008-2018-08-27-11-48-51-0400__CAM_FRONT__1535385156162673.jpg", "samples/CAM_FRONT_RIGHT/n008-2018-08-27-11-48-51-0400__CAM_FRONT_RIGHT__1535385156170482.jpg", "samples/CAM_BACK_LEFT/n008-2018-08-27-11-48-51-0400__CAM_BACK_LEFT__1535385156197405.jpg", "samples/CAM_BACK/n008-2018-08-27-11-48-51-0400__CAM_BACK__1535385156187558.jpg", "samples/CAM_BACK_RIGHT/n008-2018-08-27-11-48-51-0400__CAM_BACK_RIGHT__1535385156178113.jpg"], "intrinsics": [[[1257.8625342125129, 0.0, 827.2410631095686], [0.0, 1257.8625342125129, 450.915498205774], [0.0, 0.0, 1.0]], [[1252.8131021185304, 0.0, 826.588114781398], [0.0, 1252.8131021185304, 469.9846626224581], [0.0, 0.0, 1.0]], [[1256.7485116440405, 0.0, 817.7887570959712], [0.0, 1256.7485116440403, 451.9541780095127], [0.0, 0.0, 1.0]], [[1254.9860565800168, 0.0, 829.5769333630991], [0.0, 1254.9860565800168, 467.1680561863987], [0.0, 0.0, 1.0]], [[796.8910634503094, 0.0, 857.7774326863696], [0.0, 796.8910634503094, 476.8848988407415], [0.0, 0.0, 1.0]], [[1249.9629280788233, 0.0, 825.3768045375984], [0.0, 1249.9629280788233, 462.54816385708756], [0.0, 0.0, 1.0]]], "extrinsics": [[[0.822550356388092, -0.5686842203140259, -0.0030224763322621584, -1.006103515625], [0.005168413743376732, 0.012789996340870857, -0.9999048113822937, 1.4882802963256836], [0.5686688423156738, 0.8224564790725708, 0.013459611684083939, -1.3344573974609375], [0.0, 0.0, 0.0, 1.0]], [[0.010261207818984985, -0.999910295009613, -0.008601679466664791, 0.005615234375], [0.007045906502753496, 0.008674219250679016, -0.9999375939369202, 1.4801535606384277], [0.9999224543571472, 0.010199997574090958, 0.007134283892810345, -1.736083984375], [0.0, 0.0, 0.0, 1.0]], [[-0.8439908623695374, -0.53620845079422, -0.01264310535043478, 1.09161376953125], [0.014984646812081337, -9.734390914672986e-06, -0.9998877048492432, 1.4930553436279297], [0.5361481308937073, -0.8440856337547302, 0.008043110370635986, -1.278076171875], [0.0, 0.0, 0.0, 1.0]], [[0.9478634595870972, 0.3186340928077698, -0.005202306434512138, -1.1439208984375], [-0.01060525607317686, 0.015224117785692215, -0.9998278617858887, 1.5620460510253906], [-0.3185001313686371, 0.9477555155754089, 0.017809584736824036, -0.1561279296875], [0.0, 0.0, 0.0, 1.0]], [[0.009206496179103851, 0.9999288320541382, 0.00759704876691103, -0.0289306640625], [-0.00841415487229824, 0.007674567401409149, -0.9999350905418396, 1.5680656433105469], [-0.9999222159385681, 0.00914195366203785, 0.00848421175032854, 0.044677734375], [0.0, 0.0, 0.0, 1.0]], [[-0.9237470626831055, 0.3829980194568634, -0.0019333729287609458, 1.161376953125], [-0.004151299130171537, -0.015059837140142918, -0.9998779296875, 1.5478181838989258], [-0.3829803764820099, -0.9236263036727905, 0.015501421876251698, -0.043212890625], [0.0, 0.0, 0.0, 1.0]]], "view": [[0.0, -2.0, 100.0], [-2.0, 0.0, 100.0], [0.0, 0.0, 1.0]], "bev": "bev_ab6cef074d5145ab830d51dbd7b5e853.png", "aux": "aux_ab6cef074d5145ab830d51dbd7b5e853.npz", "visibility": "visibility_ab6cef074d5145ab830d51dbd7b5e853.png", "pose": [[0.4836580753326416, -0.8752570152282715, 0.0, 2136.617919921875], [0.8752570152282715, 0.4836580753326416, 0.0, 904.4310302734375], [0.0, 0.0, 1.0, 0.0], [0.0, 0.0, 0.0, 1.0]], "pose_inverse": [[0.4836580753326416, 0.8752570152282715, 0.0, -1825.0020751953125], [-0.8752570152282715, 0.4836580753326416, 0.0, 1432.654541015625], [0.0, 0.0, 1.0, 0.0], [0.0, 0.0, 0.0, 1.0]], "cam_ids": [0, 1, 2, 3, 4, 5], "cam_channels": ["CAM_FRONT_LEFT", "CAM_FRONT", "CAM_FRONT_RIGHT", "CAM_BACK_LEFT", "CAM_BACK", "CAM_BACK_RIGHT"], "token": "ab6cef074d5145ab830d51dbd7b5e853", "scene": "scene-0658"}, {"images": ["samples/CAM_FRONT_LEFT/n008-2018-08-27-11-48-51-0400__CAM_FRONT_LEFT__1535385156654799.jpg", "samples/CAM_FRONT/n008-2018-08-27-11-48-51-0400__CAM_FRONT__1535385156662404.jpg", "samples/CAM_FRONT_RIGHT/n008-2018-08-27-11-48-51-0400__CAM_FRONT_RIGHT__1535385156670482.jpg", "samples/CAM_BACK_LEFT/n008-2018-08-27-11-48-51-0400__CAM_BACK_LEFT__1535385156697405.jpg", "samples/CAM_BACK/n008-2018-08-27-11-48-51-0400__CAM_BACK__1535385156687558.jpg", "samples/CAM_BACK_RIGHT/n008-2018-08-27-11-48-51-0400__CAM_BACK_RIGHT__1535385156678113.jpg"], "intrinsics": [[[1257.8625342125129, 0.0, 827.2410631095686], [0.0, 1257.8625342125129, 450.915498205774], [0.0, 0.0, 1.0]], [[1252.8131021185304, 0.0, 826.588114781398], [0.0, 1252.8131021185304, 469.9846626224581], [0.0, 0.0, 1.0]], [[1256.7485116440405, 0.0, 817.7887570959712], [0.0, 1256.7485116440403, 451.9541780095127], [0.0, 0.0, 1.0]], [[1254.9860565800168, 0.0, 829.5769333630991], [0.0, 1254.9860565800168, 467.1680561863987], [0.0, 0.0, 1.0]], [[796.8910634503094, 0.0, 857.7774326863696], [0.0, 796.8910634503094, 476.8848988407415], [0.0, 0.0, 1.0]], [[1249.9629280788233, 0.0, 825.3768045375984], [0.0, 1249.9629280788233, 462.54816385708756], [0.0, 0.0, 1.0]]], "extrinsics": [[[0.8225178718566895, -0.5687281489372253, -0.0035668446216732264, -1.0048828125], [0.004705996718257666, 0.01307701412588358, -0.9999033808708191, 1.4882888793945312], [0.5687198638916016, 0.822421669960022, 0.013432508334517479, -1.3338623046875], [0.0, 0.0, 0.0, 1.0]], [[0.010212830267846584, -0.9999082088470459, -0.008896894752979279, 0.005615234375], [0.006690659560263157, 0.008965491317212582, -0.9999374151229858, 1.4801628589630127], [0.9999254941940308, 0.010152686387300491, 0.0067816078662872314, -1.7347412109375], [0.0, 0.0, 0.0, 1.0]], [[-0.8440157771110535, -0.5361706614494324, -0.012587465345859528, 1.09088134765625], [0.014738579280674458, 0.0002732443390414119, -0.9998912811279297, 1.4930706024169922], [0.5361158847808838, -0.8441095948219299, 0.007671770174056292, -1.277587890625], [0.0, 0.0, 0.0, 1.0]], [[0.9478726387023926, 0.31860867142677307, -0.005098689813166857, -1.1439208984375], [-0.010576947592198849, 0.01546663511544466, -0.9998244047164917, 1.5620460510253906], [-0.3184739351272583, 0.9477601647377014, 0.018030306324362755, -0.1561279296875], [0.0, 0.0, 0.0, 1.0]], [[0.00923897698521614, 0.9999264478683472, 0.007852863520383835, -0.0286865234375], [-0.008468782529234886, 0.007931160740554333, -0.9999326467514038, 1.5680618286132812], [-0.9999215006828308, 0.00917187612503767, 0.008541435934603214, 0.044189453125], [0.0, 0.0, 0.0, 1.0]], [[-0.9237335324287415, 0.383031964302063, -0.0016907902900129557, 1.160400390625], [-0.004302796442061663, -0.014790483750402927, -0.9998813271522522, 1.5478172302246094], [-0.38301146030426025, -0.9236167669296265, 0.015310575254261494, -0.04327392578125], [0.0, 0.0, 0.0, 1.0]]], "view": [[0.0, -2.0, 100.0], [-2.0, 0.0, 100.0], [0.0, 0.0, 1.0]], "bev": "bev_bc2cf35a0d634917b9f811897bdeb5f3.png", "aux": "aux_bc2cf35a0d634917b9f811897bdeb5f3.npz", "visibility": "visibility_bc2cf35a0d634917b9f811897bdeb5f3.png", "pose": [[0.48285746574401855, -0.875698983669281, 0.0, 2136.619140625], [0.875698983669281, 0.48285746574401855, 0.0, 904.4222412109375], [0.0, 0.0, 1.0, 0.0], [0.0, 0.0, 0.0, 1.0]], "pose_inverse": [[0.48285746574401855, 0.875698983669281, 0.0, -1823.68408203125], [-0.875698983669281, 0.48285746574401855, 0.0, 1434.328125], [0.0, 0.0, 1.0, 0.0], [0.0, 0.0, 0.0, 1.0]], "cam_ids": [0, 1, 2, 3, 4, 5], "cam_channels": ["CAM_FRONT_LEFT", "CAM_FRONT", "CAM_FRONT_RIGHT", "CAM_BACK_LEFT", "CAM_BACK", "CAM_BACK_RIGHT"], "token": "bc2cf35a0d634917b9f811897bdeb5f3", "scene": "scene-0658"}, {"images": ["samples/CAM_FRONT_LEFT/n008-2018-08-27-11-48-51-0400__CAM_FRONT_LEFT__1535385157154799.jpg", "samples/CAM_FRONT/n008-2018-08-27-11-48-51-0400__CAM_FRONT__1535385157162404.jpg", "samples/CAM_FRONT_RIGHT/n008-2018-08-27-11-48-51-0400__CAM_FRONT_RIGHT__1535385157170482.jpg", "samples/CAM_BACK_LEFT/n008-2018-08-27-11-48-51-0400__CAM_BACK_LEFT__1535385157197405.jpg", "samples/CAM_BACK/n008-2018-08-27-11-48-51-0400__CAM_BACK__1535385157187558.jpg", "samples/CAM_BACK_RIGHT/n008-2018-08-27-11-48-51-0400__CAM_BACK_RIGHT__1535385157178113.jpg"], "intrinsics": [[[1257.8625342125129, 0.0, 827.2410631095686], [0.0, 1257.8625342125129, 450.915498205774], [0.0, 0.0, 1.0]], [[1252.8131021185304, 0.0, 826.588114781398], [0.0, 1252.8131021185304, 469.9846626224581], [0.0, 0.0, 1.0]], [[1256.7485116440405, 0.0, 817.7887570959712], [0.0, 1256.7485116440403, 451.9541780095127], [0.0, 0.0, 1.0]], [[1254.9860565800168, 0.0, 829.5769333630991], [0.0, 1254.9860565800168, 467.1680561863987], [0.0, 0.0, 1.0]], [[796.8910634503094, 0.0, 857.7774326863696], [0.0, 796.8910634503094, 476.8848988407415], [0.0, 0.0, 1.0]], [[1249.9629280788233, 0.0, 825.3768045375984], [0.0, 1249.9629280788233, 462.54816385708756], [0.0, 0.0, 1.0]]], "extrinsics": [[[0.8225286602973938, -0.5687142014503479, -0.0033001641277223825, -1.0048828125], [0.005142617039382458, 0.013240011408925056, -0.9998990893363953, 1.488290786743164], [0.5687004923820496, 0.8224287629127502, 0.013814965263009071, -1.333648681640625], [0.0, 0.0, 0.0, 1.0]], [[0.010227200575172901, -0.9999066591262817, -0.009054976515471935, 0.005615234375], [0.007101412396878004, 0.009127850644290447, -0.999933123588562, 1.4801634550094604], [0.999922513961792, 0.010162190534174442, 0.007194101810455322, -1.734619140625], [0.0, 0.0, 0.0, 1.0]], [[-0.844007134437561, -0.5361744165420532, -0.012996905483305454, 1.09088134765625], [0.015118618495762348, 0.00043865785119123757, -0.9998855590820312, 1.4930744171142578], [0.5361188054084778, -0.8441071510314941, 0.007735985331237316, -1.277099609375], [0.0, 0.0, 0.0, 1.0]], [[0.9478731155395508, 0.3186127245426178, -0.004749576561152935, -1.1439208984375], [-0.010266709141433239, 0.01563902199268341, -0.9998250007629395, 1.562042236328125], [-0.31848272681236267, 0.9477559924125671, 0.01809491403400898, -0.156005859375], [0.0, 0.0, 0.0, 1.0]], [[0.00923338532447815, 0.9999253749847412, 0.008014908991754055, -0.0289306640625], [-0.008145768195390701, 0.008090198040008545, -0.9999340772628784, 1.5680618286132812], [-0.9999243021011353, 0.009167468175292015, 0.008219859562814236, 0.044311523