[{"images": ["samples/CAM_FRONT_LEFT/n008-2018-09-18-14-35-12-0400__CAM_FRONT_LEFT__1537295873854821.jpg", "samples/CAM_FRONT/n008-2018-09-18-14-35-12-0400__CAM_FRONT__1537295873862404.jpg", "samples/CAM_FRONT_RIGHT/n008-2018-09-18-14-35-12-0400__CAM_FRONT_RIGHT__1537295873870482.jpg", "samples/CAM_BACK_LEFT/n008-2018-09-18-14-35-12-0400__CAM_BACK_LEFT__1537295873897405.jpg", "samples/CAM_BACK/n008-2018-09-18-14-35-12-0400__CAM_BACK__1537295873887558.jpg", "samples/CAM_BACK_RIGHT/n008-2018-09-18-14-35-12-0400__CAM_BACK_RIGHT__1537295873878113.jpg"], "intrinsics": [[[1257.8625342125129, 0.0, 827.2410631095686], [0.0, 1257.8625342125129, 450.915498205774], [0.0, 0.0, 1.0]], [[1252.8131021185304, 0.0, 826.588114781398], [0.0, 1252.8131021185304, 469.9846626224581], [0.0, 0.0, 1.0]], [[1256.7485116440405, 0.0, 817.7887570959712], [0.0, 1256.7485116440403, 451.9541780095127], [0.0, 0.0, 1.0]], [[1254.9860565800168, 0.0, 829.5769333630991], [0.0, 1254.9860565800168, 467.1680561863987], [0.0, 0.0, 1.0]], [[796.8910634503094, 0.0, 857.7774326863696], [0.0, 796.8910634503094, 476.8848988407415], [0.0, 0.0, 1.0]], [[1249.9629280788233, 0.0, 825.3768045375984], [0.0, 1249.9629280788233, 462.54816385708756], [0.0, 0.0, 1.0]]], "extrinsics": [[[0.8238948583602905, -0.5667418837547302, -0.0009126607328653336, -0.7947998046875], [-0.005408866796642542, -0.006252772640436888, -0.9999658465385437, 1.4869470596313477], [0.5667167901992798, 0.8238717317581177, -0.008217060938477516, -1.1927490234375], [0.0, 0.0, 0.0, 1.0]], [[0.01235582958906889, -0.9998717904090881, 0.01018590945750475, 0.010833740234375], [-0.0031194111797958612, -0.01022518053650856, -0.9999428391456604, 1.47953462600708], [0.9999186992645264, 0.012323301285505295, -0.0032453511375933886, -1.524169921875], [0.0, 0.0, 0.0, 1.0]], [[-0.8430968523025513, -0.5377321839332581, 0.005635593552142382, 0.9520263671875], [0.005245944485068321, -0.01870330609381199, -0.9998112916946411, 1.4939861297607422], [0.5377360582351685, -0.8429082632064819, 0.01858961395919323, -1.1866455078125], [0.0, 0.0, 0.0, 1.0]], [[0.9476959705352783, 0.31861868500709534, -0.018828045576810837, -1.1280517578125], [-0.018937643617391586, -0.0027539823204278946, -0.99981689453125, 1.5617218017578125], [-0.3186122477054596, 0.9478789567947388, 0.003423952031880617, -0.1617431640625], [0.0, 0.0, 0.0, 1.0]], [[0.008368059061467648, 0.9999074935913086, -0.010720359161496162, -0.029247283935546875], [-0.017291346564888954, -0.01057443954050541, -0.9997945427894592, 1.5668411254882812], [-0.9998155236244202, 0.008551614359021187, 0.017201261594891548, -0.02685546875], [0.0, 0.0, 0.0, 1.0]], [[-0.9242892861366272, 0.3816925287246704, -0.0003448079223744571, 1.0462646484375], [-0.013489252887666225, -0.03356773778796196, -0.9993453621864319, 1.546213150024414], [-0.3814542293548584, -0.9236795902252197, 0.03617504611611366, -0.089111328125], [0.0, 0.0, 0.0, 1.0]]], "view": [[0.0, -2.0, 100.0], [-2.0, 0.0, 100.0], [0.0, 0.0, 1.0]], "bev": "bev_0fae8aae30d44b4faf7a9854eac4bc09.png", "aux": "aux_0fae8aae30d44b4faf7a9854eac4bc09.npz", "visibility": "visibility_0fae8aae30d44b4faf7a9854eac4bc09.png", "pose": [[0.8236642479896545, -0.5670777559280396, 0.0, 1799.2392578125], [0.5670777559280396, 0.8236642479896545, 0.0, 1205.5963134765625], [0.0, 0.0, 1.0, 0.0], [0.0, 0.0, 0.0, 1.0]], "pose_inverse": [[0.8236642479896545, 0.5670777559280396, 0.0, -2165.635986328125], [-0.5670777559280396, 0.8236642479896545, 0.0, 27.302017211914062], [0.0, 0.0, 1.0, 0.0], [0.0, 0.0, 0.0, 1.0]], "cam_ids": [0, 1, 2, 3, 4, 5], "cam_channels": ["CAM_FRONT_LEFT", "CAM_FRONT", "CAM_FRONT_RIGHT", "CAM_BACK_LEFT", "CAM_BACK", "CAM_BACK_RIGHT"], "token": "0fae8aae30d44b4faf7a9854eac4bc09", "scene": "scene-0627"}, {"images": ["samples/CAM_FRONT_LEFT/n008-2018-09-18-14-35-12-0400__CAM_FRONT_LEFT__1537295874354799.jpg", "samples/CAM_FRONT/n008-2018-09-18-14-35-12-0400__CAM_FRONT__1537295874362404.jpg", "samples/CAM_FRONT_RIGHT/n008-2018-09-18-14-35-12-0400__CAM_FRONT_RIGHT__1537295874370482.jpg", "samples/CAM_BACK_LEFT/n008-2018-09-18-14-35-12-0400__CAM_BACK_LEFT__1537295874397405.jpg", "samples/CAM_BACK/n008-2018-09-18-14-35-12-0400__CAM_BACK__1537295874387558.jpg", "samples/CAM_BACK_RIGHT/n008-2018-09-18-14-35-12-0400__CAM_BACK_RIGHT__1537295874378113.jpg"], "intrinsics": [[[1257.8625342125129, 0.0, 827.2410631095686], [0.0, 1257.8625342125129, 450.915498205774], [0.0, 0.0, 1.0]], [[1252.8131021185304, 0.0, 826.588114781398], [0.0, 1252.8131021185304, 469.9846626224581], [0.0, 0.0, 1.0]], [[1256.7485116440405, 0.0, 817.7887570959712], [0.0, 1256.7485116440403, 451.9541780095127], [0.0, 0.0, 1.0]], [[1254.9860565800168, 0.0, 829.5769333630991], [0.0, 1254.9860565800168, 467.1680561863987], [0.0, 0.0, 1.0]], [[796.8910634503094, 0.0, 857.7774326863696], [0.0, 796.8910634503094, 476.8848988407415], [0.0, 0.0, 1.0]], [[1249.9629280788233, 0.0, 825.3768045375984], [0.0, 1249.9629280788233, 462.54816385708756], [0.0, 0.0, 1.0]]], "extrinsics": [[[0.8242192268371582, -0.5662651062011719, -0.002575353253632784, -0.7960205078125], [-0.001707933726720512, 0.0020619891583919525, -0.9999964237213135, 1.4878573417663574], [0.5662683844566345, 0.8242206573486328, 0.0007323860772885382, -1.1947021484375], [0.0, 0.0, 0.0, 1.0]], [[0.012788811698555946, -0.9999169111251831, 0.0015907622873783112, 0.011397361755371094], [0.00010820038733072579, -0.0015895093092694879, -0.9999987483024597, 1.4801924228668213], [0.9999181628227234, 0.012789054773747921, 8.786351827438921e-05, -1.525634765625], [0.0, 0.0, 0.0, 1.0]], [[-0.8429571390151978, -0.5379787087440491, -0.0014718034071847796, 0.9532470703125], [0.008022977039217949, -0.009835593402385712, -0.9999194741249084, 1.4944229125976562], [0.5379208922386169, -0.8429011106491089, 0.01260717399418354, -1.1865234375], [0.0, 0.0, 0.0, 1.0]], [[0.9477404356002808, 0.31870922446250916, -0.014584249816834927, -1.128662109375], [-0.017538994550704956, 0.006403031293302774, -0.9998257160186768, 1.5617485046386719], [-0.31856024265289307, 0.9478309154510498, 0.01165824942290783, -0.16162109375], [0.0, 0.0, 0.0, 1.0]], [[0.008370386436581612, 0.9999637603759766, -0.0015976402210071683, -0.029605865478515625], [-0.01540310401469469, -0.001468572299927473, -0.999880313873291, 1.5669708251953125], [-0.999846339225769, 0.008393960073590279, 0.015390252694487572, -0.0263671875], [0.0, 0.0, 0.0, 1.0]], [[-0.924328088760376, 0.38159769773483276, 0.0008825784316286445, 1.046142578125], [-0.011101569049060345, -0.02457886002957821, -0.9996362328529358, 1.546499252319336], [-0.38143712282180786, -0.9240016937255859, 0.026955263689160347, -0.08856201171875], [0.0, 0.0, 0.0, 1.0]]], "view": [[0.0, -2.0, 100.0], [-2.0, 0.0, 100.0], [0.0, 0.0, 1.0]], "bev": "bev_5f5ac842d0d74e9f9ef0a3afdac54f16.png", "aux": "aux_5f5ac842d0d74e9f9ef0a3afdac54f16.npz", "visibility": "visibility_5f5ac842d0d74e9f9ef0a3afdac54f16.png", "pose": [[0.8389650583267212, -0.5441853404045105, 0.0, 1801.56298828125], [0.5441853404045105, 0.8389650583267212, 0.0, 1207.0908203125], [0.0, 0.0, 1.0, 0.0], [0.0, 0.0, 0.0, 1.0]], "pose_inverse": [[0.8389650583267212, 0.5441853404045105, 0.0, -2168.32958984375], [-0.5441853404045105, 0.8389650583267212, 0.0, -32.322872161865234], [0.0, 0.0, 1.0, 0.0], [0.0, 0.0, 0.0, 1.0]], "cam_ids": [0, 1, 2, 3, 4, 5], "cam_channels": ["CAM_FRONT_LEFT", "CAM_FRONT", "CAM_FRONT_RIGHT", "CAM_BACK_LEFT", "CAM_BACK", "CAM_BACK_RIGHT"], "token": "5f5ac842d0d74e9f9ef0a3afdac54f16", "scene": "scene-0627"}, {"images": ["samples/CAM_FRONT_LEFT/n008-2018-09-18-14-35-12-0400__CAM_FRONT_LEFT__1537295874854799.jpg", "samples/CAM_FRONT/n008-2018-09-18-14-35-12-0400__CAM_FRONT__1537295874862404.jpg", "samples/CAM_FRONT_RIGHT/n008-2018-09-18-14-35-12-0400__CAM_FRONT_RIGHT__1537295874870482.jpg", "samples/CAM_BACK_LEFT/n008-2018-09-18-14-35-12-0400__CAM_BACK_LEFT__1537295874897405.jpg", "samples/CAM_BACK/n008-2018-09-18-14-35-12-0400__CAM_BACK__1537295874887558.jpg", "samples/CAM_BACK_RIGHT/n008-2018-09-18-14-35-12-0400__CAM_BACK_RIGHT__1537295874878113.jpg"], "intrinsics": [[[1257.8625342125129, 0.0, 827.2410631095686], [0.0, 1257.8625342125129, 450.915498205774], [0.0, 0.0, 1.0]], [[1252.8131021185304, 0.0, 826.588114781398], [0.0, 1252.8131021185304, 469.9846626224581], [0.0, 0.0, 1.0]], [[1256.7485116440405, 0.0, 817.7887570959712], [0.0, 1256.7485116440403, 451.9541780095127], [0.0, 0.0, 1.0]], [[1254.9860565800168, 0.0, 829.5769333630991], [0.0, 1254.9860565800168, 467.1680561863987], [0.0, 0.0, 1.0]], [[796.8910634503094, 0.0, 857.7774326863696], [0.0, 796.8910634503094, 476.8848988407415], [0.0, 0.0, 1.0]], [[1249.9629280788233, 0.0, 825.3768045375984], [0.0, 1249.9629280788233, 462.54816385708756], [0.0, 0.0, 1.0]]], "extrinsics": [[[0.8237168788909912, -0.5669859051704407, -0.004193232860416174, -0.79833984375], [-0.003768189810216427, 0.0019211675971746445, -0.9999910593032837, 1.4873485565185547], [0.5669888854026794, 0.8237253427505493, -0.0005540120764635503, -1.1929931640625], [0.0, 0.0, 0.0, 1.0]], [[0.012015458196401596, -0.999925434589386, 0.0021444610320031643, 0.009227752685546875], [-0.002193294232711196, -0.0021709667053073645, -0.999995231628418, 1.4797124862670898], [0.9999253749847412, 0.012010731734335423, -0.0022192152682691813, -1.52685546875], [0.0, 0.0, 0.0, 1.0]], [[-0.8432901501655579, -0.5374571084976196, 0.001223115948960185, 0.9534912109375], [0.005456958431750536, -0.010837748646736145, -0.9999263286590576, 1.4939746856689453], [0.5374308228492737, -0.8432214260101318, 0.01207224652171135, -1.18896484375], [0.0, 0.0, 0.0, 1.0]], [[0.9477114677429199, 0.31857800483703613, -0.018732959404587746, -1.12939453125], [-0.021235495805740356, 0.004383760504424572, -0.9997648596763611, 1.5617103576660156], [-0.31842106580734253, 0.9478865265846252, 0.010919701308012009, -0.16119384765625], [0.0, 0.0, 0.0, 1.0]], [[0.008650670759379864, 0.9999570846557617, -0.0033166317734867334, -0.02880859375], [-0.018666939809918404, -0.0031546882819384336, -0.9998207092285156, 1.5667648315429688], [-0.9997882843017578, 0.008711075410246849, 0.01863884925842285, -0.025146484375], [0.0, 0.0, 0.0, 1.0]], [[-0.9241436719894409, 0.3820335566997528, 0.0029764955397695303, 1.0482177734375], [-0.013930149376392365, -0.02590937726199627, -0.9995672106742859, 1.5461463928222656], [-0.38179105520248413, -0.9237851500511169, 0.029265770688652992, -0.08917236328125], [0.0, 0.0, 0.0, 1.0]]], "view": [[0.0, -2.0, 100.0], [-2.0, 0.0, 100.0], [0.0, 0.0, 1.0]], "bev": "bev_813b2581a9664b559f0194b4fcfcb52e.png", "aux": "aux_813b2581a9664b559f0194b4fcfcb52e.npz", "visibility": "visibility_813b2581a9664b559f0194b4fcfcb52e.png", "pose": [[0.8518365025520325, -0.5238077640533447, 0.0, 1803.9085693359375], [0.5238077640533447, 0.8518365025520325, 0.0, 1208.549072265625], [0.0, 0.0, 1.0, 0.0], [0.0, 0.0, 0.0, 1.0]], "pose_inverse": [[0.8518365025520325, 0.5238077640533447, 0.0, -2169.6826171875], [-0.5238077640533447, 0.8518365025520325, 0.0, -84.5849380493164], [0.0, 0.0, 1.0, 0.0], [0.0, 0.0, 0.0, 1.0]], "cam_ids": [0, 1, 2, 3, 4, 5], "cam_channels": ["CAM_FRONT_LEFT", "CAM_FRONT", "CAM_FRONT_RIGHT", "CAM_BACK_LEFT", "CAM_BACK", "CAM_BACK_RIGHT"], "token": "813b2581a9664b559f0194b4fcfcb52e", "scene": "scene-0627"}, {"images": ["samples/CAM_FRONT_LEFT/n008-2018-09-18-14-35-12-0400__CAM_FRONT_LEFT__1537295875354799.jpg", "samples/CAM_FRONT/n008-2018-09-18-14-35-12-0400__CAM_FRONT__1537295875362404.jpg", "samples/CAM_FRONT_RIGHT/n008-2018-09-18-14-35-12-0400__CAM_FRONT_RIGHT__1537295875370482.jpg", "samples/CAM_BACK_LEFT/n008-2018-09-18-14-35-12-0400__CAM_BACK_LEFT__1537295875397405.jpg", "samples/CAM_BACK/n008-2018-09-18-14-35-12-0400__CAM_BACK__1537295875387558.jpg", "samples/CAM_BACK_RIGHT/n008-2018-09-18-14-35-12-0400__CAM_BACK_RIGHT__1537295875378113.jpg"], "intrinsics": [[[1257.8625342125129, 0.0, 827.2410631095686], [0.0, 1257.8625342125129, 450.915498205774], [0.0, 0.0, 1.0]], [[1252.8131021185304, 0.0, 826.588114781398], [0.0, 1252.8131021185304, 469.9846626224581], [0.0, 0.0, 1.0]], [[1256.7485116440405, 0.0, 817.7887570959712], [0.0, 1256.7485116440403, 451.9541780095127], [0.0, 0.0, 1.0]], [[1254.9860565800168, 0.0, 829.5769333630991], [0.0, 1254.9860565800168, 467.1680561863987], [0.0, 0.0, 1.0]], [[796.8910634503094, 0.0, 857.7774326863696], [0.0, 796.8910634503094, 476.8848988407415], [0.0, 0.0, 1.0]], [[1249.9629280788233, 0.0, 825.3768045375984], [0.0, 1249.9629280788233, 462.54816385708756], [0.0, 0.0, 1.0]]], "extrinsics": [[[0.8240439891815186, -0.5665192008018494, -0.002743580611422658, -0.802734375], [0.0008694040006957948, 0.006107395514845848, -0.9999809265136719, 1.4884819984436035], [0.5665251612663269, 0.8240259289741516, 0.005525295622646809, -1.1988525390625], [0.0, 0.0, 0.0, 1.0]], [[0.012460440397262573, -0.9999204874038696, -0.0019412505207583308, 0.01100921630859375], [0.0028519455809146166, 0.001976932166144252, -0.9999939799308777, 1.4807348251342773], [0.9999182820320129, 0.012454834766685963, 0.002876352285966277, -1.532470703125], [0.0, 0.0, 0.0, 1.0]], [[-0.8430989980697632, -0.5377298593521118, -0.0055412123911082745, 0.9580078125], [0.010852604173123837, -0.0067116557620465755, -0.999918520450592, 1.49481201171875], [0.5376489162445068, -0.8430905342102051, 0.01149435993283987, -1.1904296875], [0.0, 0.0, 0.0, 1.0]], [[0.947788417339325, 0.31870338320732117, -0.011197293177247047, -1.13037109375], [-0.014652661047875881, 0.008446505293250084, -0.9998569488525391, 1.56182861328125], [-0.3185632526874542, 0.9478168487548828, 0.012675351463258266, -0.16094970703125], [0.0, 0.0, 0.0, 1.0]], [[0.00851425901055336, 0.9999634623527527, 0.0007982568349689245, -0.029388427734375], [-0.012581138871610165, 0.0009053467656485736, -0.9999204277992249, 1.5672149658203125], [-0.9998846054077148, 0.008503545075654984, 0.012588387355208397, -0.022705078125], [0.0, 0.0, 0.0, 1.0]], [[-0.9242374300956726, 0.3818175792694092, -0.0006852848455309868, 1.0511474609375], [-0.008268170058727264, -0.021808451041579247, -0.9997279644012451, 1.5468788146972656], [-0.3817286193370819, -0.9239803552627563, 0.023313120007514954, -0.0869140625], [0.0, 0.0, 0.0, 1.0]]], "view": [[0.0, -2.0, 100.0], [-2.0, 0.0, 100.0], [0.0, 0.0, 1.0]], "bev": "bev_635a497de08c49a293188a2b04b213b3.png", "aux": "aux_635a497de08c49a293188a2b04b213b3.npz", "visibility": "visibility_635a497de08c49a293188a2b04b213b3.png", "pose": [[0.8657375574111938, -0.5004982352256775, 0.0, 1806.2757568359375], [0.5004982352256775, 0.8657375574111938, 0.0, 1209.9334716796875], [0.0, 0.0, 1.0, 0.0], [0.0, 0.0, 0.0, 1.0]], "pose_inverse": [[0.8657375574111938, 0.5004982352256775, 0.0, -2169.330322265625], [-0.5004982352256775, 0.8657375574111938, 0.0, -143.4469757080078], [0.0, 0.0, 1.0, 0.0], [0.0, 0.0, 0.0, 1.0]], "cam_ids": [0, 1, 2, 3, 4, 5], "cam_channels": ["CAM_FRONT_LEFT", "CAM_FRONT", "CAM_FRONT_RIGHT", "CAM_BACK_LEFT", "CAM_BACK", "CAM_BACK_RIGHT"], "token": "635a497de08c49a293188a2b04b213b3", "scene": "scene-0627"}, {"images": ["samples/CAM_FRONT_LEFT/n008-2018-09-18-14-35-12-0400__CAM_FRONT_LEFT__1537295875854799.jpg", "samples/CAM_FRONT/n008-2018-09-18-14-35-12-0400__CAM_FRONT__1537295875862404.jpg", "samples/CAM_FRONT_RIGHT/n008-2018-09-18-14-35-12-0400__CAM_FRONT_RIGHT__1537295875870482.jpg", "samples/CAM_BACK_LEFT/n008-2018-09-18-14-35-12-0400__CAM_BACK_LEFT__1537295875897405.jpg", "samples/CAM_BACK/n008-2018-09-18-14-35-12-0400__CAM_BACK__1537295875887558.jpg", "samples/CAM_BACK_RIGHT/n008-2018-09-18-14-35-12-0400__CAM_BACK_RIGHT__1537295875878113.jpg"], "intrinsics": [[[1257.8625342125129, 0.0, 827.2410631095686], [0.0, 1257.8625342125129, 450.915498205774], [0.0, 0.0, 1.0]], [[1252.8131021185304, 0.0, 826.588114781398], [0.0, 1252.8131021185304, 469.9846626224581], [0.0, 0.0, 1.0]], [[1256.7485116440405, 0.0, 817.7887570959712], [0.0, 1256.7485116440403, 451.9541780095127], [0.0, 0.0, 1.0]], [[1254.9860565800168, 0.0, 829.5769333630991], [0.0, 1254.9860565800168, 467.1680561863987], [0.0, 0.0, 1.0]], [[796.8910634503094, 0.0, 857.7774326863696], [0.0, 796.8910634503094, 476.8848988407415], [0.0, 0.0, 1.0]], [[1249.9629280788233, 0.0, 825.3768045375984], [0.0, 1249.9629280788233, 462.54816385708756], [0.0, 0.0, 1.0]]], "extrinsics": [[[0.8230409026145935, -0.5679819583892822, 0.00040304806316271424, -0.806640625], [0.0028884075582027435, 0.0034758751280605793, -0.9999898076057434, 1.4889769554138184], [0.5679748058319092, 0.8230336904525757, 0.004501350224018097, -1.1995849609375], [0.0, 0.0, 0.0, 1.0]], [[0.010976836085319519, -0.9999395608901978, 0.0006070625386200845, 0.0098419189453125], [0.004855160601437092, -0.0005537939141504467, -0.9999880790710449, 1.4811325073242188], [0.9999279975891113, 0.010979700833559036, 0.004848788026720285, -1.53564453125], [0.0, 0.0, 0.0, 1.0]], [[-0.8436974883079529, -0.5367861986160278, -0.005927434656769037, 0.95947265625], [0.012838049791753292, -0.00913721788674593, -0.9998757839202881, 1.4950942993164062], [0.5366653203964233, -0.8436688184738159, 0.01460033655166626, -1.19195556640625], [0.0, 0.0, 0.0, 1.0]], [[0.9478369355201721, 0.3186042606830597, -0.009823686443269253, -1.1337890625], [-0.012495767325162888, 0.006344005931168795, -0.9999017715454102, 1.5619049072265625], [-0.3185107111930847, 0.9478666186332703, 0.00999428704380989, -0.15966796875], [0.0, 0.0, 0.0, 1.0]], [[0.008959655649960041, 0.999958872795105, -0.0013816324062645435, -0.029083251953125], [-0.010386093519628048, -0.0012885534670203924, -0.9999452233314514, 1.5673904418945312], [-0.9999059438705444, 0.008973530493676662, 0.01037412229925394, -0.0205078125], [0.0, 0.0, 0.0, 1.0]], [[-0.9239256978034973, 0.38255658745765686, -0.0034505026414990425, 1.0528564453125], [-0.0062508354894816875, -0.024113399907946587, -0.9996896982192993, 1.5471210479736328], [-0.38252103328704834, -0.9236173629760742, 0.02467028610408306, -0.08673095703125], [0.0, 0.0, 0.0, 1.0]]], "view": [[0.0, -2.0, 100.0], [-2.0, 0.0, 100.0], [0.0, 0.0, 1.0]], "bev": "bev_6a692a422f67403498d4138287ef6b95.png", "aux": "aux_6a692a422f67403498d4138287ef6b95.npz", "visibility": "visibility_6a692a422f67403498d4138287ef6b95.png", "pose": [[0.8743683099746704, -0.4852628707885742, 0.0, 1808.6038818359375], [0.4852628707885742, 0.8743683099746704, 0.0, 1211.2086181640625], [0.0, 0.0, 1.0, 0.0], [0.0, 0.0, 0.0, 1.0]], "pose_inverse": [[0.8743683099746704, 0.4852628707885742, 0.0, -2169.140380859375], [-0.4852628707885742, 0.8743683099746704, 0.0, -181.3941192626953], [0.0, 0.0, 1.0, 0.0], [0.0, 0.0, 0.0, 1.0]], "cam_ids": [0, 1, 2, 3, 4, 5], "cam_channels": ["CAM_FRONT_LEFT", "CAM_FRONT", "CAM_FRONT_RIGHT", "CAM_BACK_LEFT", "CAM_BACK", "CAM_BACK_RIGHT"], "token": "6a692a422f67403498d4138287ef6b95", "scene": "scene-0627"}, {"images": ["samples/CAM_FRONT_LEFT/n008-2018-09-18-14-35-12-0400__CAM_FRONT_LEFT__1537295876354799.jpg", "samples/CAM_FRONT/n008-2018-09-18-14-35-12-0400__CAM_FRONT__1537295876362404.jpg", "samples/CAM_FRONT_RIGHT/n008-2018-09-18-14-35-12-0400__CAM_FRONT_RIGHT__1537295876370482.jpg", "samples/CAM_BACK_LEFT/n008-2018-09-18-14-35-12-0400__CAM_BACK_LEFT__1537295876397405.jpg", "samples/CAM_BACK/n008-2018-09-18-14-35-12-0400__CAM_BACK__1537295876387558.jpg", "samples/CAM_BACK_RIGHT/n008-2018-09-18-14-35-12-0400__CAM_BACK_RIGHT__1537295876378113.jpg"], "intrinsics": [[[1257.8625342125129, 0.0, 827.2410631095686], [0.0, 1257.8625342125129, 450.915498205774], [0.0, 0.0, 1.0]], [[1252.8131021185304, 0.0, 826.588114781398], [0.0, 1252.8131021185304, 469.9846626224581], [0.0, 0.0, 1.0]], [[1256.7485116440405, 0.0, 817.7887570959712], [0.0, 1256.7485116440403, 451.9541780095127], [0.0, 0.0, 1.0]], [[1254.9860565800168, 0.0, 829.5769333630991], [0.0, 1254.9860565800168, 467.1680561863987], [0.0, 0.0, 1.0]], [[796.8910634503094, 0.0, 857.7774326863696], [0.0, 796.8910634503094, 476.8848988407415], [0.0, 0.0, 1.0]], [[1249.9629280788233, 0.0, 825.3768045375984], [0.0, 1249.9629280788233, 462.54816385708756], [0.0, 0.0, 1.0]]], "extrinsics": [[[0.8224858045578003, -0.5687803626060486, -0.0024510526563972235, -0.801025390625], [0.0007002617348916829, 0.00532186683267355, -0.9999855756759644, 1.4884464740753174], [0.5687852501869202, 0.8224722146987915, 0.004775454290211201, -1.1968994140625], [0.0, 0.0, 0.0, 1.0]], [[0.010115171782672405, -0.999948263168335, -0.0011041628895327449, 0.0106201171875], [0.002699816133826971, 0.001131526194512844, -0.999995768070221, 1.4807109832763672], [0.9999451041221619, 0.010112160816788673, 0.002711121691390872, -1.531494140625], [0.0, 0.0, 0.0, 1.0]], [[-0.844083845615387, -0.5361881852149963, -0.004974525887519121, 0.9581298828125], [0.010746503248810768, -0.007640708237886429, -0.9999130368232727, 1.494791030883789], [0.5361036062240601, -0.8440638780593872, 0.012211548164486885, -1.19049072265625], [0.0, 0.0, 0.0, 1.0]], [[0.9478393197059631, 0.31854113936424255, -0.01149668451398611, -1.136962890625], [-0.014614527113735676, 0.007399610709398985, -0.9998658299446106, 1.5619277954101562], [-0.31841331720352173, 0.9478800892829895, 0.011668969877064228, -0.1585693359375], [0.0, 0.0, 0.0, 1.0]], [[0.009278436191380024, 0.9999569654464722, -0.00025265998556278646, -0.029083251953125], [-0.012516633607447147, -0.0001365115022053942, -0.9999216198921204, 1.5672760009765625], [-0.9998785853385925, 0.009280814789235592, 0.012514829635620117, -0.01806640625], [0.0, 0.0, 0.0, 1.0]], [[-0.9237212538719177, 0.3830636441707611, -0.0010466525563970208, 1.0531005859375], [-0.008313353173434734, -0.02277837134897709, -0.999705970287323, 1.5468902587890625], [-0.3829748332500458, -0.9234409928321838, 0.02422541193664074, -0.0863037109375], [0.0, 0.0, 0.0, 1.0]]], "view": [[0.0, -2.0, 100.0], [-2.0, 0.0, 100.0], [0.0, 0.0, 1.0]], "bev": "bev_a027c6b262db48f79a281d674775a778.png", "aux": "aux_a027c6b262db48f79a281d674775a778.npz", "visibility": "visibility_a027c6b262db48f79a281d674775a778.png", "pose": [[0.8768619298934937, -0.48074227571487427, 0.0, 1811.017333984375], [0.48074227571487427, 0.8768619298934937, 0.0, 1212.5048828125], [0.0, 0.0, 1.0, 0.0], [0.0, 0.0, 0.0, 1.0]], "pose_inverse": [[0.8768619298934937, 0.48074227571487427, 0.0, -2170.91455078125], [-0.48074227571487427, 0.8768619298934937, 0.0, -192.5667724609375], [0.0, 0.0, 1.0, 0.0], [0.0, 0.0, 0.0, 1.0]], "cam_ids": [0, 1, 2, 3, 4, 5], "cam_channels": ["CAM_FRONT_LEFT", "CAM_FRONT", "CAM_FRONT_RIGHT", "CAM_BACK_LEFT", "CAM_BACK", "CAM_BACK_RIGHT"], "token": "a027c6b262db48f79a281d674775a778", "scene": "scene-0627"}, {"images": ["samples/CAM_FRONT_LEFT/n008-2018-09-18-14-35-12-0400__CAM_FRONT_LEFT__1537295876854799.jpg", "samples/CAM_FRONT/n008-2018-09-18-14-35-12-0400__CAM_FRONT__1537295876862404.jpg", "samples/CAM_FRONT_RIGHT/n008-2018-09-18-14-35-12-0400__CAM_FRONT_RIGHT__1537295876870482.jpg", "samples/CAM_BACK_LEFT/n008-2018-09-18-14-35-12-0400__CAM_BACK_LEFT__1537295876897405.jpg", "samples/CAM_BACK/n008-2018-09-18-14-35-12-0400__CAM_BACK__1537295876887572.jpg", "samples/CAM_BACK_RIGHT/n008-2018-09-18-14-35-12-0400__CAM_BACK_RIGHT__1537295876878113.jpg"], "intrinsics": [[[1257.8625342125129, 0.0, 827.2410631095686], [0.0, 1257.8625342125129, 450.915498205774], [0.0, 0.0, 1.0]], [[1252.8131021185304, 0.0, 826.588114781398], [0.0, 1252.8131021185304, 469.9846626224581], [0.0, 0.0, 1.0]], [[1256.7485116440405, 0.0, 817.7887570959712], [0.0, 1256.7485116440403, 451.9541780095127], [0.0, 0.0, 1.0]], [[1254.9860565800168, 0.0, 829.5769333630991], [0.0, 1254.9860565800168, 467.1680561863987], [0.0, 0.0, 1.0]], [[796.8910634503094, 0.0, 857.7774326863696], [0.0, 796.8910634503094, 476.8848988407415], [0.0, 0.0, 1.0]], [[1249.9629280788233, 0.0, 825.3768045375984], [0.0, 1249.9629280788233, 462.54816385708756], [0.0, 0.0, 1.0]]], "extrinsics": [[[0.8219326734542847, -0.5695136785507202, -0.008996791206300259, -0.7969970703125], [-0.0004112331953365356, 0.015201997011899948, -0.999884307384491, 1.488144874572754], [0.5695845484733582, 0.821841299533844, 0.012260813266038895, -1.1929931640625], [0.0, 0.0, 0.0, 1.0]], [[0.009351159445941448, -0.9998958110809326, -0.01099326740950346, 0.0099029541015625], [0.002434873254969716, 0.011016483418643475, -0.9999363422393799, 1.4806437492370605], [0.9999532699584961, 0.009323769249022007, 0.0025376363191753626, -1.527099609375], [0.0, 0.0, 0.0, 1.0]], [[-0.844394326210022, -0.5356104969978333, -0.010934360325336456, 0.9561767578125], [0.01148086879402399, 0.002313675358891487, -0.9999313950538635, 1.4949073791503906], [0.5355990529060364, -0.844461977481842, 0.004195618908852339, -1.1898193359375], [0.0, 0.0, 0.0, 1.0]], [[0.9478667974472046, 0.31864073872566223, -0.004063859581947327, -1.140869140625], [-0.010302474722266197, 0.017895959317684174, -0.9997867345809937, 1.5620059967041016], [-0.3185000419616699, 0.9477065801620483, 0.02024577371776104, -0.1571044921875], [0.0, 0.0, 0.0, 1.0]], [[0.009473484009504318, 0.9999047517776489, 0.010040155611932278, -0.0289764404296875], [-0.00942911859601736, 0.010129486210644245, -0.999904215335846, 1.5674781799316406], [-0.9999105930328369, 0.009377862326800823, 0.009524181485176086, -0.01611328125], [0.0, 0.0, 0.0, 1.0]], [[-0.923557460308075, 0.3834581971168518, 0.0011765995295718312, 1.0528564453125], [-0.006543432362377644, -0.012691752053797245, -0.9998980164527893, 1.5470695495605469], [-0.38340410590171814, -0.9234709739685059, 0.014230695553123951, -0.08697509765625], [0.0, 0.0, 0.0, 1.0]]], "view": [[0.0, -2.0, 100.0], [-2.0, 0.0, 100.0], [0.0, 0.0, 1.0]], "bev": "bev_b11185c9e7aa48b1931a347e972b707d.png", "aux": "aux_b11185c9e7aa48b1931a347e972b707d.npz", "visibility": "visibility_b11185c9e7aa48b1931a347e972b707d.png", "pose": [[0.8724419474601746, -0.4887177348136902, 0.0, 1813.4971923828125], [0.4887177348136902, 0.8724419474601746, 0.0, 1213.850341796875], [0.0, 0.0, 1.0, 0.0], [0.0, 0.0, 0.0, 1.0]], "pose_inverse": [[0.8724419474601746, 0.4887177348136902, 0.0, -2175.401123046875], [-0.4887177348136902, 0.8724419474601746, 0.0, -172.7257537841797], [0.0, 0.0, 1.0, 0.0], [0.0, 0.0, 0.0, 1.0]], "cam_ids": [0, 1, 2, 3, 4, 5], "cam_channels": ["CAM_FRONT_LEFT", "CAM_FRONT", "CAM_FRONT_RIGHT", "CAM_BACK_LEFT", "CAM_BACK", "CAM_BACK_RIGHT"], "token": "b11185c9e7aa48b1931a347e972b707d", "scene": "scene-0627"}, {"images": ["samples/CAM_FRONT_LEFT/n008-2018-09-18-14-35-12-0400__CAM_FRONT_LEFT__1537295877354799.jpg", "samples/CAM_FRONT/n008-2018-09-18-14-35-12-0400__CAM_FRONT__1537295877362404.jpg", "samples/CAM_FRONT_RIGHT/n008-2018-09-18-14-35-12-0400__CAM_FRONT_RIGHT__1537295877370482.jpg", "samples/CAM_BACK_LEFT/n008-2018-09-18-14-35-12-0400__CAM_BACK_LEFT__1537295877397459.jpg", "samples/CAM_BACK/n008-2018-09-18-14-35-12-0400__CAM_BACK__1537295877387558.jpg", "samples/CAM_BACK_RIGHT/n008-2018-09-18-14-35-12-0400__CAM_BACK_RIGHT__1537295877378113.jpg"], "intrinsics": [[[1257.8625342125129, 0.0, 827.2410631095686], [0.0, 1257.8625342125129, 450.915498205774], [0.0, 0.0, 1.0]], [[1252.8131021185304, 0.0, 826.588114781398], [0.0, 1252.8131021185304, 469.9846626224581], [0.0, 0.0, 1.0]], [[1256.7485116440405, 0.0, 817.7887570959712], [0.0, 1256.7485116440403, 451.9541780095127], [0.0, 0.0, 1.0]], [[1254.9860565800168, 0.0, 829.5769333630991], [0.0, 1254.9860565800168, 467.1680561863987], [0.0, 0.0, 1.0]], [[796.8910634503094, 0.0, 857.7774326863696], [0.0, 796.8910634503094, 476.8848988407415], [0.0, 0.0, 1.0]], [[1249.9629280788233, 0.0, 825.3768045375984], [0.0, 1249.9629280788233, 462.54816385708756], [0.0, 0.0, 1.0]]], "extrinsics": [[[0.8209400773048401, -0.5708804130554199, 0.012368491850793362, -0.7991943359375], [0.02828620932996273, 0.01902320794761181, -0.9994188547134399, 1.49530029296875], [0.5703134536743164, 0.8208127617835999, 0.03176495432853699, -1.1932373046875], [0.0, 0.0, 0.0, 1.0]], [[0.008346732705831528, -0.9998548030853271, -0.014855030924081802, 0.00897979736328125], [0.029875323176383972, 0.015098259784281254, -0.9994395971298218, 1.4862442016601562], [0.9995188117027283, 0.007898238487541676, 0.02999700792133808, -1.52978515625], [0.0, 0.0, 0.0, 1.0]], [[-0.8443738222122192, -0.5345951318740845, -0.035225946456193924, 0.9578857421875], [0.037514083087444305, 0.006592797115445137, -0.9992743134498596, 1.4990005493164062], [0.5344395041465759, -0.8450825810432434, 0.01448806095868349, -1.1917724609375], [0.0, 0.0, 0.0, 1.0]], [[0.9477675557136536, 0.3184659779071808, 0.01777842454612255, -1.141357421875], [0.011218239553272724, 0.022421717643737793, -0.9996857047080994, 1.5620765686035156], [-0.31876444816589355, 0.9476690888404846, 0.017677949741482735, -0.15704345703125], [0.0, 0.0, 0.0, 1.0]], [[0.009684082120656967, 0.9998437166213989, 0.014793738722801208, -0.0288848876953125], [0.01365898922085762, 0.014660784974694252, -0.9997991919517517, 1.5688724517822266], [-0.9998599290847778, 0.009884181432425976, -0.01351487822830677, -0.015380859375], [0.0, 0.0, 0.0, 1.0]], [[-0.9230093955993652, 0.3842620551586151, -0.019908228889107704, 1.0548095703125], [0.018124980852007866, -0.008261947892606258, -0.9998015761375427, 1.549896240234375], [-0.3843502104282379, -0.9231870770454407, 0.0006611141143366694, -0.0865478515625], [0.0, 0.0, 0.0, 1.0]]], "view": [[0.0, -2.0, 100.0], [-2.0, 0.0, 100.0], [0.0, 0.0, 1.0]], "bev": "bev_d10b460fd96042d18edb5bb648857d32.png", "aux": "aux_d10b460fd96042d18edb5bb648857d32.npz", "visibility": "visibility_d10b460fd96042d18edb5bb648857d32.png", "pose": [[0.8591071367263794, -0.5117958188056946, 0.0, 1816.010009765625], [0.5117958188056946, 0.8591071367263794, 0.0, 1215.26806640625], [0.0, 0.0, 1.0, 0.0], [0.0, 0.0, 0.0, 1.0]], "pose_inverse": [[0.8591071367263794, 0.5117958188056946, 0.0, -2182.1162109375], [-0.5117958188056946, 0.8591071367263794, 0.0, -114.6191635131836], [0.0, 0.0, 1.0, 0.0], [0.0, 0.0, 0.0, 1.0]], "cam_ids": [0, 1, 2, 3, 4, 5], "cam_channels": ["CAM_FRONT_LEFT", "CAM_FRONT", "CAM_FRONT_RIGHT", "CAM_BACK_LEFT", "CAM_BACK", "CAM_BACK_RIGHT"], "token": "d10b460fd96042d18edb5bb648857d32", "scene": "scene-0627"}, {"images": ["samples/CAM_FRONT_LEFT/n008-2018-09-18-14-35-12-0400__CAM_FRONT_LEFT__1537295877854799.jpg", "samples/CAM_FRONT/n008-2018-09-18-14-35-12-0400__CAM_FRONT__1537295877862404.jpg", "samples/CAM_FRONT_RIGHT/n008-2018-09-18-14-35-12-0400__CAM_FRONT_RIGHT__1537295877870482.jpg", "samples/CAM_BACK_LEFT/n008-2018-09-18-14-35-12-0400__CAM_BACK_LEFT__1537295877897405.jpg", "samples/CAM_BACK/n008-2018-09-18-14-35-12-0400__CAM_BACK__1537295877887558.jpg", "samples/CAM_BACK_RIGHT/n008-2018-09-18-14-35-12-0400__CAM_BACK_RIGHT__1537295877878113.jpg"], "intrinsics": [[[1257.8625342125129, 0.0, 827.2410631095686], [0.0, 1257.8625342125129, 450.915498205774], [0.0, 0.0, 1.0]], [[1252.8131021185304, 0.0, 826.588114781398], [0.0, 1252.8131021185304, 469.9846626224581], [0.0, 0.0, 1.0]], [[1256.7485116440405, 0.0, 817.7887570959712], [0.0, 1256.7485116440403, 451.9541780095127], [0.0, 0.0, 1.0]], [[1254.9860565800168, 0.0, 829.5769333630991], [0.0, 1254.9860565800168, 467.1680561863987], [0.0, 0.0, 1.0]], [[796.8910634503094, 0.0, 857.7774326863696], [0.0, 796.8910634503094, 476.8848988407415], [0.0, 0.0, 1.0]], [[1249.9629280788233, 0.0, 825.3768045375984], [0.0, 1249.9629280788233, 462.54816385708756], [0.0, 0.0, 1.0]]], "extrinsics": [[[0.8193613886833191, -0.573234498500824, 0.007016198709607124, -0.8050537109375], [0.025087779387831688, 0.023627201095223427, -0.9994060397148132, 1.4942588806152344], [0.572728157043457, 0.819050669670105, 0.03374039754271507, -1.1982421875], [0.0, 0.0, 0.0, 1.0]], [[0.005989860277622938, -0.9997930526733398, -0.019439037889242172, 0.009493827819824219], [0.02721167542040348, 0.019595153629779816, -0.9994376301765442, 1.485504150390625], [0.9996117949485779, 0.0054575614631175995, 0.027323421090841293, -1.5361328125], [0.0, 0.0, 0.0, 1.0]], [[-0.8453904986381531, -0.5329535007476807, -0.035712677985429764, 0.9622802734375], [0.03532743826508522, 0.01092547457665205, -0.9993160367012024, 1.4984588623046875], [0.5329791903495789, -0.8460739254951477, 0.009591590613126755, -1.194091796875], [0.0, 0.0, 0.0, 1.0]], [[0.9477764368057251, 0.318423330783844, 0.018060635775327682, -1.141845703125], [0.010372175835072994, 0.025824537500739098, -0.9996126890182495, 1.5620613098144531], [-0.31876638531684875, 0.9475966691970825, 0.021173149347305298, -0.1572265625], [0.0, 0.0, 0.0, 1.0]], [[0.010322412475943565, 0.9997721314430237, 0.018682658672332764, -0.029348373413085938], [0.012371442280709743, 0.018554534763097763, -0.9997512698173523, 1.5687599182128906], [-0.9998701810836792, 0.010551071725785732, -0.01217709667980671, -0.01318359375], [0.0, 0.0, 0.0, 1.0]], [[-0.9225658774375916, 0.38548046350479126, -0.016637621447443962, 1.0582275390625], [0.01632770150899887, -0.004077725112438202, -0.9998583793640137, 1.5496253967285156], [-0.38549375534057617, -0.9227069616317749, -0.002532040001824498, -0.084716796875], [0.0, 0.0, 0.0, 1.0]]], "view": [[0.0, -2.0, 100.0], [-2.0, 0.0, 100.0], [0.0, 0.0, 1.0]], "bev": "bev_0c3d17d2bed9470397407b4684cd4d75.png", "aux": "aux_0c3d17d2bed9470397407b4684cd4d75.npz", "visibility": "visibility_0c3d17d2bed9470397407b4684cd4d75.png", "pose": [[0.831563413143158, -0.5554297566413879, 0.0, 1818.41015625], [0.5554297566413879, 0.831563413143158, 0.0, 1216.7454833984375], [0.0, 0.0, 1.0, 0.0], [0.0, 0.0, 0.0, 1.0]], "pose_inverse": [[0.831563413143158, 0.5554297566413879, 0.0, -2187.940185546875], [-0.5554297566413879, 0.831563413143158, 0.0, -1.8019059896469116], [0.0, 0.0, 1.0, 0.0], [0.0, 0.0, 0.0, 1.0]], "cam_ids": [0, 1, 2, 3, 4, 5], "cam_channels": ["CAM_FRONT_LEFT", "CAM_FRONT", "CAM_FRONT_RIGHT", "CAM_BACK_LEFT", "CAM_BACK", "CAM_BACK_RIGHT"], "token": "0c3d17d2bed9470397407b4684cd4d75", "scene": "scene-0627"}, {"images": ["samples/CAM_FRONT_LEFT/n008-2018-09-18-14-35-12-0400__CAM_FRONT_LEFT__1537295878354799.jpg", "samples/CAM_FRONT/n008-2018-09-18-14-35-12-0400__CAM_FRONT__1537295878362404.jpg", "samples/CAM_FRONT_RIGHT/n008-2018-09-18-14-35-12-0400__CAM_FRONT_RIGHT__1537295878370482.jpg", "samples/CAM_BACK_LEFT/n008-2018-09-18-14-35-12-0400__CAM_BACK_LEFT__1537295878397405.jpg", "samples/CAM_BACK/n008-2018-09-18-14-35-12-0400__CAM_BACK__1537295878387558.jpg", "samples/CAM_BACK_RIGHT/n008-2018-09-18-14-35-12-0400__CAM_BACK_RIGHT__1537295878378113.jpg"], "intrinsics": [[[1257.8625342125129, 0.0, 827.2410631095686], [0.0, 1257.8625342125129, 450.915498205774], [0.0, 0.0, 1.0]], [[1252.8131021185304, 0.0, 826.588114781398], [0.0, 1252.8131021185304, 469.9846626224581], [0.0, 0.0, 1.0]], [[1256.7485116440405, 0.0, 817.7887570959712], [0.0, 1256.7485116440403, 451.9541780095127], [0.0, 0.0, 1.0]], [[1254.9860565800168, 0.0, 829.5769333630991], [0.0, 1254.9860565800168, 467.1680561863987], [0.0, 0.0, 1.0]], [[796.8910634503094, 0.0, 857.7774326863696], [0.0, 796.8910634503094, 476.8848988407415], [0.0, 0.0, 1.0]], [[1249.9629280788233, 0.0, 825.3768045375984], [0.0, 1249.9629280788233, 462.54816385708756], [0.0, 0.0, 1.0]]], "extrinsics": [[[0.8179906606674194, -0.5752159953117371, 0.0042221504263579845, -0.81396484375], [0.01830281689763069, 0.018690075725317, -0.9996578097343445, 1.4924507141113281], [0.5749402046203613, 0.8177880644798279, 0.025816380977630615, -1.2034912109375], [0.0, 0.0, 0.0, 1.0]], [[0.003932444844394922, -0.9998886585235596, -0.01439811009913683, 0.009033203125], [0.019637832418084145, 0.014472664333879948, -0.9997023940086365, 1.4838447570800781], [0.9997994303703308, 0.003648598911240697, 0.01969255693256855, -1.545166015625], [0.0, 0.0, 0.0, 1.0]], [[-0.8464137315750122, -0.5318933725357056, -0.025948554277420044, 0.9686279296875], [0.02718331851065159, 0.005509071983397007, -0.9996152520179749, 1.4970169067382812], [0.5318317413330078, -0.846793532371521, 0.009795671328902245, -1.1982421875], [0.0, 0.0, 0.0, 1.0]], [[0.947754979133606, 0.31892985105514526, 0.006669170688837767, -1.1470947265625], [0.0005050371401011944, 0.01940634474158287, -0.9998115301132202, 1.5620310306549072], [-0.3189992308616638, 0.947579562664032, 0.018231386318802834, -0.15533447265625], [0.0, 0.0, 0.0, 1.0]], [[0.010772490873932838, 0.9998632669448853, 0.012548412196338177, -0.0291595458984375], [0.003122312482446432, 0.012515445239841938, -0.9999167919158936, 1.5682096481323242], [-0.999937117099762, 0.010810773819684982, -0.002987063257023692, -0.0068359375], [0.0, 0.0, 0.0, 1.0]], [[-0.9222992658615112, 0.3863213360309601, -0.01095189806073904, 1.06396484375], [0.007781266700476408, -0.009770076721906662, -0.999921977519989, 1.5486373901367188], [-0.38639816641807556, -0.9223124980926514, 0.006004865746945143, -0.0823974609375], [0.0, 0.0, 0.0, 1.0]]], "view": [[0.0, -2.0, 100.0], [-2.0, 0.0, 100.0], [0.0, 0.0, 1.0]], "bev": "bev_35ef5018c85e4ccda8f36fb05a1d22f9.png", "aux": "aux_35ef5018c85e4ccda8f36fb05a1d22f9.npz", "visibility": "visibility_35ef5018c85e4ccda8f36fb05a1d22f9.png", "pose": [[0.7838392853736877, -0.6209637522697449, 0.0, 1820.6190185546875], [0.6209637522697449, 0.7838392853736877, 0.0, 1218.3095703125], [0.0, 0.0, 1.0, 0.0], [0.0, 0.0, 0.0, 1.0]], "pose_inverse": [[0.7838392853736877, 0.6209637522697449, 0.0, -2183.598876953125], [-0.6209637522697449, 0.7838392853736877, 0.0, 175.57945251464844], [0.0, 0.0, 1.0, 0.0], [0.0, 0.0, 0.0, 1.0]], "cam_ids": [0, 1, 2, 3, 4, 5], "cam_channels": ["CAM_FRONT_LEFT", "CAM_FRONT", "CAM_FRONT_RIGHT", "CAM_BACK_LEFT", "CAM_BACK", "CAM_BACK_RIGHT"], "token": "35ef5018c85e4ccda8f36fb05a1d22f9", "scene": "scene-0627"}, {"images": ["samples/CAM_FRONT_LEFT/n008-2018-09-18-14-35-12-0400__CAM_FRONT_LEFT__1537295878754799.jpg", "samples/CAM_FRONT/n008-2018-09-18-14-35-12-0400__CAM_FRONT__1537295878762404.jpg", "samples/CAM_FRONT_RIGHT/n008-2018-09-18-14-35-12-0400__CAM_FRONT_RIGHT__1537295878770482.jpg", "samples/CAM_BACK_LEFT/n008-2018-09-18-14-35-12-0400__CAM_BACK_LEFT__1537295878797405.jpg", "samples/CAM_BACK/n008-2018-09-18-14-35-12-0400__CAM_BACK__1537295878787558.jpg", "samples/CAM_BACK_RIGHT/n008-2018-09-18-14-35-12-0400__CAM_BACK_RIGHT__1537295878778113.jpg"], "intrinsics": [[[1257.8625342125129, 0.0, 827.2410631095686], [0.0, 1257.8625342125129, 450.915498205774], [0.0, 0.0, 1.0]], [[1252.8131021185304, 0.0, 826.588114781398], [0.0, 1252.8131021185304, 469.9846626224581], [0.0, 0.0, 1.0]], [[1256.7485116440405, 0.0, 817.7887570959712], [0.0, 1256.7485116440403, 451.9541780095127], [0.0, 0.0, 1.0]], [[1254.9860565800168, 0.0, 829.5769333630991], [0.0, 1254.9860565800168, 467.1680561863987], [0.0, 0.0, 1.0]], [[796.8910634503094, 0.0, 857.7774326863696], [0.0, 796.8910634503094, 476.8848988407415], [0.0, 0.0, 1.0]], [[1249.9629280788233, 0.0, 825.3768045375984], [0.0, 1249.9629280788233, 462.54816385708756], [0.0, 0.0, 1.0]]], "extrinsics": [[[0.8171091675758362, -0.5764790773391724, -0.0021410787012428045, -0.806884765625], [0.001595570589415729, 0.005975574720650911, -0.9999808669090271, 1.4886525869369507], [0.5764808654785156, 0.8170901536941528, 0.005802508443593979, -1.19866943359375], [0.0, 0.0, 0.0, 1.0]], [[0.002417146461084485, -0.9999950528144836, -0.0020414453465491533, 0.0091552734375], [0.0035877039190381765, 0.002050110138952732, -0.9999914765357971, 1.4808683395385742], [0.9999906420707703, 0.0024098344147205353, 0.003592641092836857, -1.537109375], [0.0, 0.0, 0.0, 1.0]], [[-0.8472357392311096, -0.53117835521698, -0.006432655733078718, 0.962646484375], [0.011655627749860287, -0.006481775548309088, -0.9999110102653503, 1.494863510131836], [0.5310893654823303, -0.8472352623939514, 0.01168280839920044, -1.194580078125], [0.0, 0.0, 0.0, 1.0]], [[0.9478558301925659, 0.3185540735721588, -0.00962850172072649, -1.1431884765625], [-0.013319811783730984, 0.009411399252712727, -0.9998670220375061, 1.5620346069335938], [-0.3184210956096649, 0.9478580951690674, 0.013163729570806026, -0.15631103515625], [0.0, 0.0, 0.0, 1.0]], [[0.011439458467066288, 0.9999333620071411, 0.001556284842081368, -0.028961181640625], [-0.011345263570547104, 0.00168