[{"images": ["samples/CAM_FRONT_LEFT/n008-2018-08-28-16-16-48-0400__CAM_FRONT_LEFT__1535488374754799.jpg", "samples/CAM_FRONT/n008-2018-08-28-16-16-48-0400__CAM_FRONT__1535488374762404.jpg", "samples/CAM_FRONT_RIGHT/n008-2018-08-28-16-16-48-0400__CAM_FRONT_RIGHT__1535488374770482.jpg", "samples/CAM_BACK_LEFT/n008-2018-08-28-16-16-48-0400__CAM_BACK_LEFT__1535488374797405.jpg", "samples/CAM_BACK/n008-2018-08-28-16-16-48-0400__CAM_BACK__1535488374787558.jpg", "samples/CAM_BACK_RIGHT/n008-2018-08-28-16-16-48-0400__CAM_BACK_RIGHT__1535488374778113.jpg"], "intrinsics": [[[1257.8625342125129, 0.0, 827.2410631095686], [0.0, 1257.8625342125129, 450.915498205774], [0.0, 0.0, 1.0]], [[1252.8131021185304, 0.0, 826.588114781398], [0.0, 1252.8131021185304, 469.9846626224581], [0.0, 0.0, 1.0]], [[1256.7485116440405, 0.0, 817.7887570959712], [0.0, 1256.7485116440403, 451.9541780095127], [0.0, 0.0, 1.0]], [[1254.9860565800168, 0.0, 829.5769333630991], [0.0, 1254.9860565800168, 467.1680561863987], [0.0, 0.0, 1.0]], [[796.8910634503094, 0.0, 857.7774326863696], [0.0, 796.8910634503094, 476.8848988407415], [0.0, 0.0, 1.0]], [[1249.9629280788233, 0.0, 825.3768045375984], [0.0, 1249.9629280788233, 462.54816385708756], [0.0, 0.0, 1.0]]], "extrinsics": [[[0.8225303888320923, -0.5686741471290588, -0.007318282965570688, -1.0050048828125], [0.0024470663629472256, 0.016406694427132607, -0.9998624324798584, 1.488290786743164], [0.5687159299850464, 0.8223993182182312, 0.014886588789522648, -1.33349609375], [0.0, 0.0, 0.0, 1.0]], [[0.010221412405371666, -0.9998728632926941, -0.012239983305335045, 0.00537109375], [0.004401033744215965, 0.012285488657653332, -0.9999148845672607, 1.4801654815673828], [0.9999380707740784, 0.010166668333113194, 0.004526048898696899, -1.73468017578125], [0.0, 0.0, 0.0, 1.0]], [[-0.8440321683883667, -0.5361487865447998, -0.012412670999765396, 1.09063720703125], [0.01242575328797102, 0.0035883625969290733, -0.9999163746833801, 1.493070363998413], [0.5361486077308655, -0.8441158533096313, 0.003633359679952264, -1.2777099609375], [0.0, 0.0, 0.0, 1.0]], [[0.9478597640991211, 0.3186253309249878, -0.0063018882647156715, -1.1439476013183594], [-0.012959374114871025, 0.018778864294290543, -0.9997396469116211, 1.562042236328125], [-0.3184241056442261, 0.947694718837738, 0.02192891575396061, -0.156005859375], [0.0, 0.0, 0.0, 1.0]], [[0.009255187585949898, 0.999894917011261, 0.011151658371090889, -0.02880859375], [-0.010831096209585667, 0.0112517224624753, -0.9998780488967896, 1.5680599212646484], [-0.9998985528945923, 0.00913325697183609, 0.010934094898402691, 0.04443359375], [0.0, 0.0, 0.0, 1.0]], [[-0.9237391352653503, 0.38301828503608704, 0.0017282578628510237, 1.16064453125], [-0.006627844180911779, -0.011472802609205246, -0.9999122023582458, 1.5478105545043945], [-0.3829647898674011, -0.9236695170402527, 0.013136462308466434, -0.043701171875], [0.0, 0.0, 0.0, 1.0]]], "view": [[0.0, -2.0, 100.0], [-2.0, 0.0, 100.0], [0.0, 0.0, 1.0]], "bev": "bev_b4b5057e6bbc486d9ded25bdf80158df.png", "aux": "aux_b4b5057e6bbc486d9ded25bdf80158df.npz", "visibility": "visibility_b4b5057e6bbc486d9ded25bdf80158df.png", "pose": [[0.7174587249755859, 0.6966010332107544, 0.0, 753.0933227539062], [-0.6966010332107544, 0.7174587249755859, 0.0, 1520.8729248046875], [0.0, 0.0, 1.0, 0.0], [0.0, 0.0, 0.0, 1.0]], "pose_inverse": [[0.7174587249755859, -0.6966010332107544, 0.0, 519.1282348632812], [0.6966010332107544, 0.7174587249755859, 0.0, -1615.7691650390625], [0.0, 0.0, 1.0, 0.0], [0.0, 0.0, 0.0, 1.0]], "cam_ids": [0, 1, 2, 3, 4, 5], "cam_channels": ["CAM_FRONT_LEFT", "CAM_FRONT", "CAM_FRONT_RIGHT", "CAM_BACK_LEFT", "CAM_BACK", "CAM_BACK_RIGHT"], "token": "b4b5057e6bbc486d9ded25bdf80158df", "scene": "scene-0689"}, {"images": ["samples/CAM_FRONT_LEFT/n008-2018-08-28-16-16-48-0400__CAM_FRONT_LEFT__1535488375254799.jpg", "samples/CAM_FRONT/n008-2018-08-28-16-16-48-0400__CAM_FRONT__1535488375262404.jpg", "samples/CAM_FRONT_RIGHT/n008-2018-08-28-16-16-48-0400__CAM_FRONT_RIGHT__1535488375270482.jpg", "samples/CAM_BACK_LEFT/n008-2018-08-28-16-16-48-0400__CAM_BACK_LEFT__1535488375297405.jpg", "samples/CAM_BACK/n008-2018-08-28-16-16-48-0400__CAM_BACK__1535488375287558.jpg", "samples/CAM_BACK_RIGHT/n008-2018-08-28-16-16-48-0400__CAM_BACK_RIGHT__1535488375278113.jpg"], "intrinsics": [[[1257.8625342125129, 0.0, 827.2410631095686], [0.0, 1257.8625342125129, 450.915498205774], [0.0, 0.0, 1.0]], [[1252.8131021185304, 0.0, 826.588114781398], [0.0, 1252.8131021185304, 469.9846626224581], [0.0, 0.0, 1.0]], [[1256.7485116440405, 0.0, 817.7887570959712], [0.0, 1256.7485116440403, 451.9541780095127], [0.0, 0.0, 1.0]], [[1254.9860565800168, 0.0, 829.5769333630991], [0.0, 1254.9860565800168, 467.1680561863987], [0.0, 0.0, 1.0]], [[796.8910634503094, 0.0, 857.7774326863696], [0.0, 796.8910634503094, 476.8848988407415], [0.0, 0.0, 1.0]], [[1249.9629280788233, 0.0, 825.3768045375984], [0.0, 1249.9629280788233, 462.54816385708756], [0.0, 0.0, 1.0]]], "extrinsics": [[[0.8225246071815491, -0.5686811804771423, -0.0074151321314275265, -1.0048828125], [0.0022536360193043947, 0.016297003254294395, -0.9998646378517151, 1.4882946014404297], [0.568725049495697, 0.8223965167999268, 0.014686284586787224, -1.33349609375], [0.0, 0.0, 0.0, 1.0]], [[0.01021496020257473, -0.9998741745948792, -0.01213395781815052, 0.0054931640625], [0.004215063061565161, 0.012177539989352226, -0.9999170303344727, 1.4801654815673828], [0.99993896484375, 0.010162938386201859, 0.0043389261700212955, -1.734771728515625], [0.0, 0.0, 0.0, 1.0]], [[-0.8440346717834473, -0.536149799823761, -0.012204870581626892, 1.09075927734375], [0.012244822457432747, 0.003485645866021514, -0.9999189376831055, 1.4930706024169922], [0.5361489653587341, -0.844115674495697, 0.0036230520345270634, -1.2774658203125], [0.0, 0.0, 0.0, 1.0]], [[0.9478586912155151, 0.3186246454715729, -0.0065026008524000645, -1.1439151763916016], [-0.013131208717823029, 0.018660271540284157, -0.9997396469116211, 1.562042236328125], [-0.3184203505516052, 0.9476973414421082, 0.021871225908398628, -0.1561279296875], [0.0, 0.0, 0.0, 1.0]], [[0.00925579946488142, 0.9998964071273804, 0.011030944064259529, -0.02880859375], [-0.010994898155331612, 0.011132515035569668, -0.9998775124549866, 1.5680599212646484], [-0.9998968243598938, 0.009133458137512207, 0.011096798814833164, 0.04437255859375], [0.0, 0.0, 0.0, 1.0]], [[-0.9237393736839294, 0.38301700353622437, 0.001858777948655188, 1.1605224609375], [-0.006812077481299639, -0.011576441116631031, -0.9999097585678101, 1.547811508178711], [-0.3829609155654907, -0.9236688017845154, 0.01330275647342205, -0.043701171875], [0.0, 0.0, 0.0, 1.0]]], "view": [[0.0, -2.0, 100.0], [-2.0, 0.0, 100.0], [0.0, 0.0, 1.0]], "bev": "bev_e8f4bb76a1bd41d8a38f74347fa4e839.png", "aux": "aux_e8f4bb76a1bd41d8a38f74347fa4e839.npz", "visibility": "visibility_e8f4bb76a1bd41d8a38f74347fa4e839.png", "pose": [[0.7174051403999329, 0.6966562271118164, 0.0, 753.09326171875], [-0.6966562271118164, 0.7174051403999329, 0.0, 1520.8729248046875], [0.0, 0.0, 1.0, 0.0], [0.0, 0.0, 0.0, 1.0]], "pose_inverse": [[0.7174051403999329, -0.6966562271118164, 0.0, 519.2526245117188], [0.6966562271118164, 0.7174051403999329, 0.0, -1615.7291259765625], [0.0, 0.0, 1.0, 0.0], [0.0, 0.0, 0.0, 1.0]], "cam_ids": [0, 1, 2, 3, 4, 5], "cam_channels": ["CAM_FRONT_LEFT", "CAM_FRONT", "CAM_FRONT_RIGHT", "CAM_BACK_LEFT", "CAM_BACK", "CAM_BACK_RIGHT"], "token": "e8f4bb76a1bd41d8a38f74347fa4e839", "scene": "scene-0689"}, {"images": ["samples/CAM_FRONT_LEFT/n008-2018-08-28-16-16-48-0400__CAM_FRONT_LEFT__1535488375754799.jpg", "samples/CAM_FRONT/n008-2018-08-28-16-16-48-0400__CAM_FRONT__1535488375762404.jpg", "samples/CAM_FRONT_RIGHT/n008-2018-08-28-16-16-48-0400__CAM_FRONT_RIGHT__1535488375770482.jpg", "samples/CAM_BACK_LEFT/n008-2018-08-28-16-16-48-0400__CAM_BACK_LEFT__1535488375797405.jpg", "samples/CAM_BACK/n008-2018-08-28-16-16-48-0400__CAM_BACK__1535488375787558.jpg", "samples/CAM_BACK_RIGHT/n008-2018-08-28-16-16-48-0400__CAM_BACK_RIGHT__1535488375778113.jpg"], "intrinsics": [[[1257.8625342125129, 0.0, 827.2410631095686], [0.0, 1257.8625342125129, 450.915498205774], [0.0, 0.0, 1.0]], [[1252.8131021185304, 0.0, 826.588114781398], [0.0, 1252.8131021185304, 469.9846626224581], [0.0, 0.0, 1.0]], [[1256.7485116440405, 0.0, 817.7887570959712], [0.0, 1256.7485116440403, 451.9541780095127], [0.0, 0.0, 1.0]], [[1254.9860565800168, 0.0, 829.5769333630991], [0.0, 1254.9860565800168, 467.1680561863987], [0.0, 0.0, 1.0]], [[796.8910634503094, 0.0, 857.7774326863696], [0.0, 796.8910634503094, 476.8848988407415], [0.0, 0.0, 1.0]], [[1249.9629280788233, 0.0, 825.3768045375984], [0.0, 1249.9629280788233, 462.54816385708756], [0.0, 0.0, 1.0]]], "extrinsics": [[[0.8225176930427551, -0.5686911940574646, -0.0074071153067052364, -1.0048828125], [0.0023196921683847904, 0.016378115862607956, -0.9998632073402405, 1.4882946014404297], [0.5687347650527954, 0.8223880529403687, 0.014790479093790054, -1.333251953125], [0.0, 0.0, 0.0, 1.0]], [[0.010202860459685326, -0.9998733997344971, -0.012208867818117142, 0.0054931640625], [0.004276529420167208, 0.012253024615347385, -0.9999157786369324, 1.4801673889160156], [0.9999387264251709, 0.010149843990802765, 0.004401003941893578, -1.734619140625], [0.0, 0.0, 0.0, 1.0]], [[-0.8440408706665039, -0.5361381769180298, -0.01228297408670187, 1.090606689453125], [0.012295524589717388, 0.003551403060555458, -0.9999181032180786, 1.493072509765625], [0.5361378788948059, -0.8441227674484253, 0.0035945705603808165, -1.2774658203125], [0.0, 0.0, 0.0, 1.0]], [[0.947858989238739, 0.3186253607273102, -0.00642579048871994, -1.1438064575195312], [-0.013072182424366474, 0.018725663423538208, -0.9997392296791077, 1.5620460510253906], [-0.3184219002723694, 0.9476957321166992, 0.021914415061473846, -0.1561279296875], [0.0, 0.0, 0.0, 1.0]], [[0.009261170402169228, 0.9998956918716431, 0.011088169179856777, -0.0289306640625], [-0.010963824577629566, 0.011189514771103859, -0.9998772740364075, 1.5680599212646484], [-0.9998970627784729, 0.009138434194028378, 0.011066309176385403, 0.04425048828125], [0.0, 0.0, 0.0, 1.0]], [[-0.9237353205680847, 0.3830270767211914, 0.0018385244766250253, 1.1607666015625], [-0.0067662387154996395, -0.0115183861926198, -0.9999107718467712, 1.5478105545043945], [-0.3829716444015503, -0.9236652851104736, 0.013231594115495682, -0.043701171875], [0.0, 0.0, 0.0, 1.0]]], "view": [[0.0, -2.0, 100.0], [-2.0, 0.0, 100.0], [0.0, 0.0, 1.0]], "bev": "bev_8cacfbc91bfe422bb5f9b2c9993e15f6.png", "aux": "aux_8cacfbc91bfe422bb5f9b2c9993e15f6.npz", "visibility": "visibility_8cacfbc91bfe422bb5f9b2c9993e15f6.png", "pose": [[0.7174878120422363, 0.6965710520744324, 0.0, 753.0933227539062], [-0.6965710520744324, 0.7174878120422363, 0.0, 1520.8729248046875], [0.0, 0.0, 1.0, 0.0], [0.0, 0.0, 0.0, 1.0]], "pose_inverse": [[0.7174878120422363, -0.6965710520744324, 0.0, 519.060791015625], [0.6965710520744324, 0.7174878120422363, 0.0, -1615.790771484375], [0.0, 0.0, 1.0, 0.0], [0.0, 0.0, 0.0, 1.0]], "cam_ids": [0, 1, 2, 3, 4, 5], "cam_channels": ["CAM_FRONT_LEFT", "CAM_FRONT", "CAM_FRONT_RIGHT", "CAM_BACK_LEFT", "CAM_BACK", "CAM_BACK_RIGHT"], "token": "8cacfbc91bfe422bb5f9b2c9993e15f6", "scene": "scene-0689"}, {"images": ["samples/CAM_FRONT_LEFT/n008-2018-08-28-16-16-48-0400__CAM_FRONT_LEFT__1535488376254799.jpg", "samples/CAM_FRONT/n008-2018-08-28-16-16-48-0400__CAM_FRONT__1535488376262404.jpg", "samples/CAM_FRONT_RIGHT/n008-2018-08-28-16-16-48-0400__CAM_FRONT_RIGHT__1535488376270482.jpg", "samples/CAM_BACK_LEFT/n008-2018-08-28-16-16-48-0400__CAM_BACK_LEFT__1535488376297405.jpg", "samples/CAM_BACK/n008-2018-08-28-16-16-48-0400__CAM_BACK__1535488376287558.jpg", "samples/CAM_BACK_RIGHT/n008-2018-08-28-16-16-48-0400__CAM_BACK_RIGHT__1535488376278113.jpg"], "intrinsics": [[[1257.8625342125129, 0.0, 827.2410631095686], [0.0, 1257.8625342125129, 450.915498205774], [0.0, 0.0, 1.0]], [[1252.8131021185304, 0.0, 826.588114781398], [0.0, 1252.8131021185304, 469.9846626224581], [0.0, 0.0, 1.0]], [[1256.7485116440405, 0.0, 817.7887570959712], [0.0, 1256.7485116440403, 451.9541780095127], [0.0, 0.0, 1.0]], [[1254.9860565800168, 0.0, 829.5769333630991], [0.0, 1254.9860565800168, 467.1680561863987], [0.0, 0.0, 1.0]], [[796.8910634503094, 0.0, 857.7774326863696], [0.0, 796.8910634503094, 476.8848988407415], [0.0, 0.0, 1.0]], [[1249.9629280788233, 0.0, 825.3768045375984], [0.0, 1249.9629280788233, 462.54816385708756], [0.0, 0.0, 1.0]]], "extrinsics": [[[0.822518527507782, -0.5686885714530945, -0.007513918448239565, -1.0047607421875], [0.0021397799719125032, 0.016305778175592422, -0.9998647570610046, 1.4882946014404297], [0.5687342882156372, 0.8223912119865417, 0.014628672040998936, -1.3333740234375], [0.0, 0.0, 0.0, 1.0]], [[0.010202648118138313, -0.9998742938041687, -0.012136360630393028, 0.0052490234375], [0.004091519396752119, 0.01217863243073225, -0.9999175071716309, 1.48016357421875], [0.999939501285553, 0.010152132250368595, 0.004215260501950979, -1.734649658203125], [0.0, 0.0, 0.0, 1.0]], [[-0.8440433144569397, -0.5361388325691223, -0.01208370178937912, 1.090667724609375], [0.012110333889722824, 0.0034712953492999077, -0.9999206066131592, 1.49307119846344], [0.5361382961273193, -0.8441226482391357, 0.0035628960467875004, -1.2777099609375], [0.0, 0.0, 0.0, 1.0]], [[0.9478573799133301, 0.31862497329711914, -0.006670145783573389, -1.1439762115478516], [-0.01328183151781559, 0.01858258992433548, -0.9997391104698181, 1.562042236328125], [-0.31841790676116943, 0.9476986527442932, 0.02184556983411312, -0.15625], [0.0, 0.0, 0.0, 1.0]], [[0.009263642132282257, 0.999896764755249, 0.01098008081316948, -0.02880859375], [-0.01115612406283617, 0.011083212681114674, -0.9998763203620911, 1.568063735961914], [-0.9998948574066162, 0.009139952249825, 0.011257643811404705, 0.04443359375], [0.0, 0.0, 0.0, 1.0]], [[-0.9237344861030579, 0.3830283582210541, 0.0019743195734918118, 1.1607666015625], [-0.006950585171580315, -0.0116084273904562, -0.999908447265625, 1.5478105545043945], [-0.38297030329704285, -0.9236635565757751, 0.013385375030338764, -0.043701171875], [0.0, 0.0, 0.0, 1.0]]], "view": [[0.0, -2.0, 100.0], [-2.0, 0.0, 100.0], [0.0, 0.0, 1.0]], "bev": "bev_ab415d0fc73a4218822bb7f1c121e710.png", "aux": "aux_ab415d0fc73a4218822bb7f1c121e710.npz", "visibility": "visibility_ab415d0fc73a4218822bb7f1c121e710.png", "pose": [[0.7175148725509644, 0.6965431571006775, 0.0, 753.0933227539062], [-0.6965431571006775, 0.7175148725509644, 0.0, 1520.8729248046875], [0.0, 0.0, 1.0, 0.0], [0.0, 0.0, 0.0, 1.0]], "pose_inverse": [[0.7175148725509644, -0.6965431571006775, 0.0, 518.9979858398438], [0.6965431571006775, 0.7175148725509644, 0.0, -1615.81103515625], [0.0, 0.0, 1.0, 0.0], [0.0, 0.0, 0.0, 1.0]], "cam_ids": [0, 1, 2, 3, 4, 5], "cam_channels": ["CAM_FRONT_LEFT", "CAM_FRONT", "CAM_FRONT_RIGHT", "CAM_BACK_LEFT", "CAM_BACK", "CAM_BACK_RIGHT"], "token": "ab415d0fc73a4218822bb7f1c121e710", "scene": "scene-0689"}, {"images": ["samples/CAM_FRONT_LEFT/n008-2018-08-28-16-16-48-0400__CAM_FRONT_LEFT__1535488376754799.jpg", "samples/CAM_FRONT/n008-2018-08-28-16-16-48-0400__CAM_FRONT__1535488376762404.jpg", "samples/CAM_FRONT_RIGHT/n008-2018-08-28-16-16-48-0400__CAM_FRONT_RIGHT__1535488376770482.jpg", "samples/CAM_BACK_LEFT/n008-2018-08-28-16-16-48-0400__CAM_BACK_LEFT__1535488376797405.jpg", "samples/CAM_BACK/n008-2018-08-28-16-16-48-0400__CAM_BACK__1535488376787558.jpg", "samples/CAM_BACK_RIGHT/n008-2018-08-28-16-16-48-0400__CAM_BACK_RIGHT__1535488376778113.jpg"], "intrinsics": [[[1257.8625342125129, 0.0, 827.2410631095686], [0.0, 1257.8625342125129, 450.915498205774], [0.0, 0.0, 1.0]], [[1252.8131021185304, 0.0, 826.588114781398], [0.0, 1252.8131021185304, 469.9846626224581], [0.0, 0.0, 1.0]], [[1256.7485116440405, 0.0, 817.7887570959712], [0.0, 1256.7485116440403, 451.9541780095127], [0.0, 0.0, 1.0]], [[1254.9860565800168, 0.0, 829.5769333630991], [0.0, 1254.9860565800168, 467.1680561863987], [0.0, 0.0, 1.0]], [[796.8910634503094, 0.0, 857.7774326863696], [0.0, 796.8910634503094, 476.8848988407415], [0.0, 0.0, 1.0]], [[1249.9629280788233, 0.0, 825.3768045375984], [0.0, 1249.9629280788233, 462.54816385708756], [0.0, 0.0, 1.0]]], "extrinsics": [[[0.822515070438385, -0.5686939358711243, -0.007502126041799784, -1.005126953125], [0.002046407200396061, 0.016149871051311493, -0.9998674392700195, 1.4882965087890625], [0.568739652633667, 0.8223906755447388, 0.014447290450334549, -1.3333740234375], [0.0, 0.0, 0.0, 1.0]], [[0.01020129956305027, -0.999876081943512, -0.01198437437415123, 0.0054931640625], [0.004001633729785681, 0.012025722302496433, -0.9999196529388428, 1.4801654815673828], [0.9999398589134216, 0.010152610018849373, 0.004123816266655922, -1.73468017578125], [0.0, 0.0, 0.0, 1.0]], [[-0.8440415859222412, -0.5361449718475342, -0.011929178610444069, 1.090667724609375], [0.01202019676566124, 0.003325041849166155, -0.9999222159385681, 1.493072748184204], [0.5361429452896118, -0.8441193699836731, 0.0036380947567522526, -1.277587890625], [0.0, 0.0, 0.0, 1.0]], [[0.9478561878204346, 0.3186263144016266, -0.006778253708034754, -1.1439361572265625], [-0.013370328582823277, 0.01850651204586029, -0.9997392892837524, 1.562042236328125], [-0.31841784715652466, 0.9476997256278992, 0.021801650524139404, -0.15625], [0.0, 0.0, 0.0, 1.0]], [[0.009260959923267365, 0.9998980164527893, 0.010871218517422676, -0.02880859375], [-0.011258191429078579, 0.010975255630910397, -0.9998763799667358, 1.5680618286132812], [-0.999893844127655, 0.00913742184638977, 0.011358685791492462, 0.0443115234375], [0.0, 0.0, 0.0, 1.0]], [[-0.9237369894981384, 0.38302212953567505, 0.0020159734413027763, 1.16064453125], [-0.007049566134810448, -0.01173864584416151, -0.9999062418937683, 1.5478124618530273], [-0.3829624652862549, -0.9236645698547363, 0.013543561100959778, -0.043701171875], [0.0, 0.0, 0.0, 1.0]]], "view": [[0.0, -2.0, 100.0], [-2.0, 0.0, 100.0], [0.0, 0.0, 1.0]], "bev": "bev_0717024043fd41f78251cdb61395da61.png", "aux": "aux_0717024043fd41f78251cdb61395da61.npz", "visibility": "visibility_0717024043fd41f78251cdb61395da61.png", "pose": [[0.7175508141517639, 0.696506142616272, 0.0, 753.0933837890625], [-0.696506142616272, 0.7175508141517639, 0.0, 1520.8729248046875], [0.0, 0.0, 1.0, 0.0], [0.0, 0.0, 0.0, 1.0]], "pose_inverse": [[0.7175508141517639, -0.696506142616272, 0.0, 518.9146118164062], [0.696506142616272, 0.7175508141517639, 0.0, -1615.8377685546875], [0.0, 0.0, 1.0, 0.0], [0.0, 0.0, 0.0, 1.0]], "cam_ids": [0, 1, 2, 3, 4, 5], "cam_channels": ["CAM_FRONT_LEFT", "CAM_FRONT", "CAM_FRONT_RIGHT", "CAM_BACK_LEFT", "CAM_BACK", "CAM_BACK_RIGHT"], "token": "0717024043fd41f78251cdb61395da61", "scene": "scene-0689"}, {"images": ["samples/CAM_FRONT_LEFT/n008-2018-08-28-16-16-48-0400__CAM_FRONT_LEFT__1535488377254799.jpg", "samples/CAM_FRONT/n008-2018-08-28-16-16-48-0400__CAM_FRONT__1535488377262404.jpg", "samples/CAM_FRONT_RIGHT/n008-2018-08-28-16-16-48-0400__CAM_FRONT_RIGHT__1535488377270482.jpg", "samples/CAM_BACK_LEFT/n008-2018-08-28-16-16-48-0400__CAM_BACK_LEFT__1535488377297417.jpg", "samples/CAM_BACK/n008-2018-08-28-16-16-48-0400__CAM_BACK__1535488377287558.jpg", "samples/CAM_BACK_RIGHT/n008-2018-08-28-16-16-48-0400__CAM_BACK_RIGHT__1535488377278113.jpg"], "intrinsics": [[[1257.8625342125129, 0.0, 827.2410631095686], [0.0, 1257.8625342125129, 450.915498205774], [0.0, 0.0, 1.0]], [[1252.8131021185304, 0.0, 826.588114781398], [0.0, 1252.8131021185304, 469.9846626224581], [0.0, 0.0, 1.0]], [[1256.7485116440405, 0.0, 817.7887570959712], [0.0, 1256.7485116440403, 451.9541780095127], [0.0, 0.0, 1.0]], [[1254.9860565800168, 0.0, 829.5769333630991], [0.0, 1254.9860565800168, 467.1680561863987], [0.0, 0.0, 1.0]], [[796.8910634503094, 0.0, 857.7774326863696], [0.0, 796.8910634503094, 476.8848988407415], [0.0, 0.0, 1.0]], [[1249.9629280788233, 0.0, 825.3768045375984], [0.0, 1249.9629280788233, 462.54816385708756], [0.0, 0.0, 1.0]]], "extrinsics": [[[0.8225237727165222, -0.568681538105011, -0.007481434382498264, -1.005126953125], [0.002046026522293687, 0.01611332781612873, -0.9998680353164673, 1.4882926940917969], [0.5687270760536194, 0.822399914264679, 0.01441713236272335, -1.3333740234375], [0.0, 0.0, 0.0, 1.0]], [[0.010213721543550491, -0.9998762607574463, -0.011964435689151287, 0.0054931640625], [0.004016623366624117, 0.012005987577140331, -0.9999198913574219, 1.4801654815673828], [0.9999397397041321, 0.01016488578170538, 0.004138752818107605, -1.734649658203125], [0.0, 0.0, 0.0, 1.0]], [[-0.8440364599227905, -0.5361526608467102, -0.011946778744459152, 1.090606689453125], [0.012044282630085945, 0.0033200099132955074, -0.9999219179153442, 1.4930708408355713], [0.5361504554748535, -0.8441144824028015, 0.003655363107100129, -1.2774658203125], [0.0, 0.0, 0.0, 1.0]], [[0.947857141494751, 0.3186239004135132, -0.006763646379113197, -1.1439132690429688], [-0.01335277408361435, 0.01850029267370701, -0.9997397065162659, 1.5620384216308594], [-0.3184158504009247, 0.9477006793022156, 0.021790148690342903, -0.1561279296875], [0.0, 0.0, 0.0, 1.0]], [[0.009257715195417404, 0.9998981952667236, 0.01086681429296732, -0.0286865234375], [-0.011239038780331612, 0.010970640927553177, -0.9998766183853149, 1.568063735961914], [-0.9998940229415894, 0.009134450927376747, 0.011339456774294376, 0.04437255859375], [0.0, 0.0, 0.0, 1.0]], [[-0.9237393140792847, 0.38301652669906616, 0.001989936688914895, 1.1607666015625], [-0.0070242672227323055, -0.0117458151653409, -0.9999063014984131, 1.5478105545043945], [-0.3829573392868042, -0.923666775226593, 0.013540481217205524, -0.0435791015625], [0.0, 0.0, 0.0, 1.0]]], "view": [[0.0, -2.0, 100.0], [-2.0, 0.0, 100.0], [0.0, 0.0, 1.0]], "bev": "bev_ce9be19e38764694a37a2552ca235473.png", "aux": "aux_ce9be19e38764694a37a2552ca235473.npz", "visibility": "visibility_ce9be19e38764694a37a2552ca235473.png", "pose": [[0.7174780964851379, 0.6965810656547546, 0.0, 753.0933227539062], [-0.6965810656547546, 0.7174780964851379, 0.0, 1520.8729248046875], [0.0, 0.0, 1.0, 0.0], [0.0, 0.0, 0.0, 1.0]], "pose_inverse": [[0.7174780964851379, -0.6965810656547546, 0.0, 519.0833740234375], [0.6965810656547546, 0.7174780964851379, 0.0, -1615.7835693359375], [0.0, 0.0, 1.0, 0.0], [0.0, 0.0, 0.0, 1.0]], "cam_ids": [0, 1, 2, 3, 4, 5], "cam_channels": ["CAM_FRONT_LEFT", "CAM_FRONT", "CAM_FRONT_RIGHT", "CAM_BACK_LEFT", "CAM_BACK", "CAM_BACK_RIGHT"], "token": "ce9be19e38764694a37a2552ca235473", "scene": "scene-0689"}, {"images": ["samples/CAM_FRONT_LEFT/n008-2018-08-28-16-16-48-0400__CAM_FRONT_LEFT__1535488377754799.jpg", "samples/CAM_FRONT/n008-2018-08-28-16-16-48-0400__CAM_FRONT__1535488377762404.jpg", "samples/CAM_FRONT_RIGHT/n008-2018-08-28-16-16-48-0400__CAM_FRONT_RIGHT__1535488377770482.jpg", "samples/CAM_BACK_LEFT/n008-2018-08-28-16-16-48-0400__CAM_BACK_LEFT__1535488377797405.jpg", "samples/CAM_BACK/n008-2018-08-28-16-16-48-0400__CAM_BACK__1535488377787558.jpg", "samples/CAM_BACK_RIGHT/n008-2018-08-28-16-16-48-0400__CAM_BACK_RIGHT__1535488377778113.jpg"], "intrinsics": [[[1257.8625342125129, 0.0, 827.2410631095686], [0.0, 1257.8625342125129, 450.915498205774], [0.0, 0.0, 1.0]], [[1252.8131021185304, 0.0, 826.588114781398], [0.0, 1252.8131021185304, 469.9846626224581], [0.0, 0.0, 1.0]], [[1256.7485116440405, 0.0, 817.7887570959712], [0.0, 1256.7485116440403, 451.9541780095127], [0.0, 0.0, 1.0]], [[1254.9860565800168, 0.0, 829.5769333630991], [0.0, 1254.9860565800168, 467.1680561863987], [0.0, 0.0, 1.0]], [[796.8910634503094, 0.0, 857.7774326863696], [0.0, 796.8910634503094, 476.8848988407415], [0.0, 0.0, 1.0]], [[1249.9629280788233, 0.0, 825.3768045375984], [0.0, 1249.9629280788233, 462.54816385708756], [0.0, 0.0, 1.0]]], "extrinsics": [[[0.8225185871124268, -0.5686886310577393, -0.007510398048907518, -1.0050048828125], [0.0020694718696177006, 0.016197925433516502, -0.9998666048049927, 1.4882946014404297], [0.5687344670295715, 0.8223933577537537, 0.014499976299703121, -1.3333740234375], [0.0, 0.0, 0.0, 1.0]], [[0.010202176868915558, -0.9998753666877747, -0.01204612385481596, 0.00537109375], [0.004004360642284155, 0.012087506242096424, -0.9999189376831055, 1.4801654815673828], [0.9999399185180664, 0.010153088718652725, 0.004127179272472858, -1.73468017578125], [0.0, 0.0, 0.0, 1.0]], [[-0.8440441489219666, -0.5361402034759521, -0.01196770928800106, 1.090667724609375], [0.012018720619380474, 0.0033991944510489702, -0.999921977519989, 1.4930715560913086], [0.5361390709877014, -0.8441221714019775, 0.0035746481735259295, -1.277587890625], [0.0, 0.0, 0.0, 1.0]], [[0.9478567838668823, 0.3186253011226654, -0.006736908573657274, -1.1438961029052734], [-0.013347995467483997, 0.018569903448224068, -0.9997384548187256, 1.562042236328125], [-0.3184168338775635, 0.9476987719535828, 0.021854618564248085, -0.1561279296875], [0.0, 0.0, 0.0, 1.0]], [[0.009263983927667141, 0.999897301197052, 0.010940458625555038, -0.02880859375], [-0.011228229850530624, 0.011044255457818508, -0.9998759031295776, 1.568063735961914], [-0.9998940825462341, 0.009140022099018097, 0.011329390108585358, 0.04437255859375], [0.0, 0.0, 0.0, 1.0]], [[-0.9237344264984131, 0.38302814960479736, 0.002027156064286828, 1.16064453125], [-0.007030779495835304, -0.011663911864161491, -0.9999072551727295, 1.547811508178711], [-0.3829689025878906, -0.9236630201339722, 0.013467342592775822, -0.04345703125], [0.0, 0.0, 0.0, 1.0]]], "view": [[0.0, -2.0, 100.0], [-2.0, 0.0, 100.0], [0.0, 0.0, 1.0]], "bev": "bev_61af85fc21d4457186fae6505d2f3fbd.png", "aux": "aux_61af85fc21d4457186fae6505d2f3fbd.npz", "visibility": "visibility_61af85fc21d4457186fae6505d2f3fbd.png", "pose": [[0.7174263000488281, 0.6966344118118286, 0.0, 753.09326171875], [-0.6966344118118286, 0.7174263000488281, 0.0, 1520.8729248046875], [0.0, 0.0, 1.0, 0.0], [0.0, 0.0, 0.0, 1.0]], "pose_inverse": [[0.7174263000488281, -0.6966344118118286, 0.0, 519.2035522460938], [0.6966344118118286, 0.7174263000488281, 0.0, -1615.744873046875], [0.0, 0.0, 1.0, 0.0], [0.0, 0.0, 0.0, 1.0]], "cam_ids": [0, 1, 2, 3, 4, 5], "cam_channels": ["CAM_FRONT_LEFT", "CAM_FRONT", "CAM_FRONT_RIGHT", "CAM_BACK_LEFT", "CAM_BACK", "CAM_BACK_RIGHT"], "token": "61af85fc21d4457186fae6505d2f3fbd", "scene": "scene-0689"}, {"images": ["samples/CAM_FRONT_LEFT/n008-2018-08-28-16-16-48-0400__CAM_FRONT_LEFT__1535488378254799.jpg", "samples/CAM_FRONT/n008-2018-08-28-16-16-48-0400__CAM_FRONT__1535488378262404.jpg", "samples/CAM_FRONT_RIGHT/n008-2018-08-28-16-16-48-0400__CAM_FRONT_RIGHT__1535488378270482.jpg", "samples/CAM_BACK_LEFT/n008-2018-08-28-16-16-48-0400__CAM_BACK_LEFT__1535488378297405.jpg", "samples/CAM_BACK/n008-2018-08-28-16-16-48-0400__CAM_BACK__1535488378287558.jpg", "samples/CAM_BACK_RIGHT/n008-2018-08-28-16-16-48-0400__CAM_BACK_RIGHT__1535488378278113.jpg"], "intrinsics": [[[1257.8625342125129, 0.0, 827.2410631095686], [0.0, 1257.8625342125129, 450.915498205774], [0.0, 0.0, 1.0]], [[1252.8131021185304, 0.0, 826.588114781398], [0.0, 1252.8131021185304, 469.9846626224581], [0.0, 0.0, 1.0]], [[1256.7485116440405, 0.0, 817.7887570959712], [0.0, 1256.7485116440403, 451.9541780095127], [0.0, 0.0, 1.0]], [[1254.9860565800168, 0.0, 829.5769333630991], [0.0, 1254.9860565800168, 467.1680561863987], [0.0, 0.0, 1.0]], [[796.8910634503094, 0.0, 857.7774326863696], [0.0, 796.8910634503094, 476.8848988407415], [0.0, 0.0, 1.0]], [[1249.9629280788233, 0.0, 825.3768045375984], [0.0, 1249.9629280788233, 462.54816385708756], [0.0, 0.0, 1.0]]], "extrinsics": [[[0.8225231766700745, -0.5686807632446289, -0.00760045787319541, -1.0050048828125], [0.0019117131596431136, 0.01612835004925728, -0.9998680949211121, 1.4882926940917969], [0.5687283873558044, 0.8224001526832581, 0.01435309648513794, -1.3333740234375], [0.0, 0.0, 0.0, 1.0]], [[0.010209801606833935, -0.9998762607574463, -0.011963614262640476, 0.0052490234375], [0.003867751220241189, 0.012003636918962002, -0.9999204874038696, 1.4801673889160156], [0.9999403953552246, 0.01016269251704216, 0.003989826887845993, -1.73468017578125], [0.0, 0.0, 0.0, 1.0]], [[-0.8440411686897278, -0.5361483097076416, -0.01180792786180973, 1.090728759765625], [0.011891597881913185, 0.0033013815991580486, -0.999923825263977, 1.4930717945098877], [0.5361465215682983, -0.844117283821106, 0.0035891584120690823, -1.2774658203125], [0.0, 0.0, 0.0, 1.0]], [[0.9478560090065002, 0.31862443685531616, -0.006893442012369633, -1.1440448760986328], [-0.013480311259627342, 0.01847238652408123, -0.9997385144233704, 1.562042236328125], [-0.3184138238430023, 0.9477009773254395, 0.021804319694638252, -0.1561279296875], [0.0, 0.0, 0.0, 1.0]], [[0.009261975064873695, 0.999898374080658, 0.010833948850631714, -0.0289306640625], [-0.011367483995854855, 0.010938996449112892, -0.9998754858970642, 1.5680599212646484], [-0.9998925924301147, 0.009137735702097416, 0.011467646807432175, 0.04443359375], [0.0, 0.0, 0.0, 1.0]], [[-0.9237366914749146, 0.3830221891403198, 0.0021150154061615467, 1.1607666015625], [-0.007167148403823376, -0.011763663031160831, -0.9999051094055176, 1.5478124618530273], [-0.3829609155654907, -0.9236642122268677, 0.013611705042421818, -0.0435791015625], [0.0, 0.0, 0.0, 1.0]]], "view": [[0.0, -2.0, 100.0], [-2.0, 0.0, 100.0], [0.0, 0.0, 1.0]], "bev": "bev_a2be89f19f8d43a88753a90a8638308c.png", "aux": "aux_a2be89f19f8d43a88753a90a8638308c.npz", "visibility": "visibility_a2be89f19f8d43a88753a90a8638308c.png", "pose": [[0.7174201011657715, 0.6966407895088196, 0.0, 753.09326171875], [-0.6966407895088196, 0.7174201011657715, 0.0, 1520.8729248046875], [0.0, 0.0, 1.0, 0.0], [0.0, 0.0, 0.0, 1.0]], "pose_inverse": [[0.7174201011657715, -0.6966407895088196, 0.0, 519.2178955078125], [0.6966407895088196, 0.7174201011657715, 0.0, -1615.740234375], [0.0, 0.0, 1.0, 0.0], [0.0, 0.0, 0.0, 1.0]], "cam_ids": [0, 1, 2, 3, 4, 5], "cam_channels": ["CAM_FRONT_LEFT", "CAM_FRONT", "CAM_FRONT_RIGHT", "CAM_BACK_LEFT", "CAM_BACK", "CAM_BACK_RIGHT"], "token": "a2be89f19f8d43a88753a90a8638308c", "scene": "scene-0689"}, {"images": ["samples/CAM_FRONT_LEFT/n008-2018-08-28-16-16-48-0400__CAM_FRONT_LEFT__1535488378854799.jpg", "samples/CAM_FRONT/n008-2018-08-28-16-16-48-0400__CAM_FRONT__1535488378862404.jpg", "samples/CAM_FRONT_RIGHT/n008-2018-08-28-16-16-48-0400__CAM_FRONT_RIGHT__1535488378870482.jpg", "samples/CAM_BACK_LEFT/n008-2018-08-28-16-16-48-0400__CAM_BACK_LEFT__1535488378897405.jpg", "samples/CAM_BACK/n008-2018-08-28-16-16-48-0400__CAM_BACK__1535488378887558.jpg", "samples/CAM_BACK_RIGHT/n008-2018-08-28-16-16-48-0400__CAM_BACK_RIGHT__1535488378878113.jpg"], "intrinsics": [[[1257.8625342125129, 0.0, 827.2410631095686], [0.0, 1257.8625342125129, 450.915498205774], [0.0, 0.0, 1.0]], [[1252.8131021185304, 0.0, 826.588114781398], [0.0, 1252.8131021185304, 469.9846626224581], [0.0, 0.0, 1.0]], [[1256.7485116440405, 0.0, 817.7887570959712], [0.0, 1256.7485116440403, 451.9541780095127], [0.0, 0.0, 1.0]], [[1254.9860565800168, 0.0, 829.5769333630991], [0.0, 1254.9860565800168, 467.1680561863987], [0.0, 0.0, 1.0]], [[796.8910634503094, 0.0, 857.7774326863696], [0.0, 796.8910634503094, 476.8848988407415], [0.0, 0.0, 1.0]], [[1249.9629280788233, 0.0, 825.3768045375984], [0.0, 1249.9629280788233, 462.54816385708756], [0.0, 0.0, 1.0]]], "extrinsics": [[[0.8225200176239014, -0.5686861276626587, -0.007540952414274216, -1.0050048828125], [0.0019108279375359416, 0.01602230966091156, -0.9998698234558105, 1.4882965087890625], [0.5687329769134521, 0.8223986029624939, 0.014265332370996475, -1.3333740234375], [0.0, 0.0, 0.0, 1.0]], [[0.010206123813986778, -0.9998775124549866, -0.011868554167449474, 0.00537109375], [0.003855500603094697, 0.011908433400094509, -0.9999216794967651, 1.4801654815673828], [0.9999405145645142, 0.010159517638385296, 0.0039765662513673306, -1.7347412109375], [0.0, 0.0, 0.0, 1.0]], [[-0.8440421223640442, -0.5361483097076416, -0.011744877323508263, 1.090545654296875], [0.011871425434947014, 0.003215540898963809, -0.9999243021011353, 1.4930706024169922], [0.5361455678939819, -0.8441178202629089, 0.003650791011750698, -1.27783203125], [0.0, 0.0, 0.0, 1.0]], [[0.9478555917739868, 0.3186245858669281, -0.006947438698261976, -1.1439018249511719], [-0.013510228134691715, 0.018391914665699005, -0.9997395873069763, 1.562042236328125], [-0.3184138238430023, 0.9477025270462036, 0.021737568080425262, -0.1561279296875], [0.0, 0.0, 0.0, 1.0]], [[0.009262028150260448, 0.9998992681503296, 0.010759690776467323, -0.02880859375], [-0.011383014731109142, 0.010864883661270142, -0.9998761415481567, 1.5680618286132812], [-0.9998923540115356, 0.009138372726738453, 0.011482497677206993, 0.0443115234375], [0.0, 0.0, 0.0, 1.0]], [[-0.9237366914749146, 0.383022278547287, 0.0020983919966965914, 1.16064453125], [-0.007184852845966816, -0.011849760077893734, -0.9999039173126221, 1.5478134155273438], [-0.38296055793762207, -0.9236630797386169, 0.013698016293346882, -0.0435791015625], [0.0, 0.0, 0.0, 1.0]]], "view": [[0.0, -2.0, 100.0], [-2.0, 0.0, 100.0], [0.0, 0.0, 1.0]], "bev": "bev_1c653bf5147842698b57cd19538fa77d.png", "aux": "aux_1c653bf5147842698b57cd19538fa77d.npz", "visibility": "visibility_1c653bf5147842698b57cd19538fa77d.png", "pose": [[0.7174610495567322, 0.6965986490249634, 0.0, 753.0933227539062], [-0.6965986490249634, 0.7174610495567322, 0.0, 1520.8729248046875], [0.0, 0.0, 1.0, 0.0], [0.0, 0.0, 0.0, 1.0]], "pose_inverse": [[0.7174610495567322, -0.6965986490249634, 0.0, 519.1229248046875], [0.6965986490249634, 0.7174610495567322, 0.0, -1615.7708740234375], [0.0, 0.0, 1.0, 0.0], [0.0, 0.0, 0.0, 1.0]], "cam_ids": [0, 1, 2, 3, 4, 5], "cam_channels": ["CAM_FRONT_LEFT", "CAM_FRONT", "CAM_FRONT_RIGHT", "CAM_BACK_LEFT", "CAM_BACK", "CAM_BACK_RIGHT"], "token": "1c653bf5147842698b57cd19538fa77d", "scene": "scene-0689"}, {"images": ["samples/CAM_FRONT_LEFT/n008-2018-08-28-16-16-48-0400__CAM_FRONT_LEFT__1535488379354799.jpg", "samples/CAM_FRONT/n008-2018-08-28-16-16-48-0400__CAM_FRONT__1535488379362404.jpg", "samples/CAM_FRONT_RIGHT/n008-2018-08-28-16-16-48-0400__CAM_FRONT_RIGHT__1535488379370482.jpg", "samples/CAM_BACK_LEFT/n008-2018-08-28-16-16-48-0400__CAM_BACK_LEFT__1535488379397405.jpg", "samples/CAM_BACK/n008-2018-08-28-16-16-48-0400__CAM_BACK__1535488379387558.jpg", "samples/CAM_BACK_RIGHT/n008-2018-08-28-16-16-48-0400__CAM_BACK_RIGHT__1535488379378113.jpg"], "intrinsics": [[[1257.8625342125129, 0.0, 827.2410631095686], [0.0, 1257.8625342125129, 450.915498205774], [0.0, 0.0, 1.0]], [[1252.8131021185304, 0.0, 826.588114781398], [0.0, 1252.8131021185304, 469.9846626224581], [0.0, 0.0, 1.0]], [[1256.7485116440405, 0.0, 817.7887570959712], [0.0, 1256.7485116440403, 451.9541780095127], [0.0, 0.0, 1.0]], [[1254.9860565800168, 0.0, 829.5769333630991], [0.0, 1254.9860565800168, 467.1680561863987], [0.0, 0.0, 1.0]], [[796.8910634503094, 0.0, 857.7774326863696], [0.0, 796.8910634503094, 476.8848988407415], [0.0, 0.0, 1.0]], [[1249.9629280788233, 0.0, 825.3768045375984], [0.0, 1249.9629280788233, 462.54816385708756], [0.0, 0.0, 1.0]]], "extrinsics": [[[0.8225268721580505, -0.5686739087104797, -0.007725565228611231, -1.0050048828125], [0.0016704207519069314, 0.015999559313058853, -0.9998705387115479, 1.4882946014404297], [0.5687239766120911, 0.8224074244499207, 0.014109991490840912, -1.3333740234375], [0.0, 0.0, 0.0, 1.0]], [[0.010215061716735363, -0.9998776912689209, -0.011842847801744938, 0.00537109375], [0.003617291571572423, 0.011880339123308659, -0.9999229311943054, 1.4801654815673828], [0.9999412894248962, 0.010171450674533844, 0.0037382084410637617, -1.734649658203125], [0.0, 0.0, 0.0, 1.0]], [[-0.8440403938293457, -0.536155641078949, -0.01153216790407896, 1.090606689453125], [0.011640521697700024, 0.0031823921017348766, -0.9999271631240845, 1.4930706024169922], [0.536153256893158, -0.8441131711006165, 0.0035550629254430532, -1.277587890625], [0.0, 0.0, 0.0, 1.0]], [[0.9478540420532227, 0.3186242878437042, -0.007161707151681185, -1.1438961029052734], [-0.0137252826243639, 0.018359364941716194, -0.9997372627258301, 1.562042236328125], [-0.3184090852737427, 0.9477032423019409, 0.02177520841360092, -0.15625], [0.0, 0.0, 0.0, 1.0]], [[0.00926131010055542, 0.9998996257781982, 0.0107252337038517, -0.0289306640625], [-0.011590412817895412, 0.010832313448190689, -0.9998741149902344, 1.5680618286132812], [-0.9998899698257446, 0.009135760366916656, 0.011689570732414722, 0.0443115234375], [0.0, 0.0, 0.0, 1.0]], [[-0.9237383008003235, 0.3830173909664154, 0.0022935019806027412, 1.1607666015625], [-0.007410174235701561, -0.01188401784747839, -0.9999019503593445, 1.5478124618530273], [-0.3829524517059326, -0.9236646890640259, 0.013815948739647865, -0.043701171875], [0.0, 0.0, 0.0, 1.0]]], "view": [[0.0, -2.0, 100.0], [-2.0, 0.0, 100.0], [0.0, 0.0, 1.0]], "bev": "bev_f7f15762613b41d18fd428fd5927d565.png", "aux": "aux_f7f15762613b41d18fd428fd5927d565.npz", "visibility": "visibility_f7f15762613b41d18fd428fd5927d565.png", "pose": [[0.7174545526504517, 0.6966053247451782, 0.0, 753.0933227539062], [-0.6966053247451782, 0.7174545526504517, 0.0, 1520.8729248046875], [0.0, 0.0, 1.0, 0.0], [0.0, 0.0, 0.0, 1.0]], "pose_inverse": [[0.7174545526504517, -0.6966053247451782, 0.0, 519.1378784179688], [0.6966053247451782, 0.7174545526504517, 0.0, -1615.7659912109375], [0.0, 0.0, 1.0, 0.0], [0.0, 0.0, 0.0, 1.0]], "cam_ids": [0, 1, 2, 3, 4, 5], "cam_channels": ["CAM_FRONT_LEFT", "CAM_FRONT", "CAM_FRONT_RIGHT", "CAM_BACK_LEFT", "CAM_BACK", "CAM_BACK_RIGHT"], "token": "f7f15762613b41d18fd428fd5927d565", "scene": "scene-0689"}, {"images": ["samples/CAM_FRONT_LEFT/n008-2018-08-28-16-16-48-0400__CAM_FRONT_LEFT__1535488379854799.jpg", "samples/CAM_FRONT/n008-2018-08-28-16-16-48-0400__CAM_FRONT__1535488379862404.jpg", "samples/CAM_FRONT_RIGHT/n008-2018-08-28-16-16-48-0400__CAM_FRONT_RIGHT__1535488379870482.jpg", "samples/CAM_BACK_LEFT/n008-2018-08-28-16-16-48-0400__CAM_BACK_LEFT__1535488379897405.jpg", "samples/CAM_BACK/n008-2018-08-28-16-16-48-0400__CAM_BACK__1535488379887558.jpg", "samples/CAM_BACK_RIGHT/n008-2018-08-28-16-16-48-0400__CAM_BACK_RIGHT__1535488379878113.jpg"], "intrinsics": [[[1257.8625342125129, 0.0, 827.2410631095686], [0.0, 1257.8625342125129, 450.915498205774], [0.0, 0.0, 1.0]], [[1252.8131021185304, 0.0, 826.588114781398], [0.0, 1252.8131021185304, 469.9846626224581], [0.0, 0.0, 1.0]], [[1256.7485116440405, 0.0, 817.7887570959712], [0.0, 1256.7485116440403, 451.9541780095127], [0.0, 0.0, 1.0]], [[1254.9860565800168, 0.0, 829.5769333630991], [0.0, 1254.9860565800168, 467.1680561863987], [0.0, 0.0, 1.0]], [[796.8910634503094, 0.0, 857.7774326863696], [0.0, 796.8910634503094, 476.8848988407415], [0.0, 0.0, 1.0]], [[1249.9629280788233, 0.0, 825.3768045375984], [0.0, 1249.9629280788233, 462.54816385708756], [0.0, 0.0, 1.0]]], "extrinsics": [[[0.8225181698799133, -0.5686866641044617, -0.007715817540884018, -1.0050048828125], [0.0016951304860413074, 0.016017770394682884, -0.9998703002929688, 1.4882946014404297], [0.5687363743782043, 0.82239830493927, 0.01413890440016985, -1.3333740234375], [0.0, 0.0, 0.0, 1.0]], [[0.010203135199844837, -0.999877393245697, -0.011875614523887634, 0.0054931640625], [0.003660273039713502, 0.011913499794900417, -0.9999223351478577, 1.4801673889160156], [0.9999412298202515, 0.010158887133002281, 0.0037813785020262003, -1.734649658203125], [0.0, 0.0, 0.0, 1.0]], [[-0.8440447449684143, -0.5361473560333252, -0.011599577032029629, 1.090576171875], [0.011688885278999805, 0.0032319161109626293, -0.9999264478683472, 1.4930741786956787], [0.5361453890800476, -0.8441182374954224, 0.003539083059877157, -1.277587890625], [0.0, 0.0, 0.0, 1.0]], [[0.9478543400764465, 0.3186247944831848, -0.007106454577296972, -1.1440067291259766], [-0.013688955456018448, 0.018424654379487038, -0.9997365474700928, 1.562042236328125], [-0.3184099495410919, 0.9477018117904663, 0.021825529634952545, -0.1561279296875], [0.0, 0.0, 0.0, 1.0]], [[0.009264257736504078, 0.9998989701271057, 0.010784819722175598, -0.02880859375], [-0.011569428257644176, 0.010891740210354328, -0.999873697757721, 1.5680618286132812], [-0.