[{"images": ["samples/CAM_FRONT_LEFT/n008-2018-09-18-12-53-31-0400__CAM_FRONT_LEFT__1537290041504799.jpg", "samples/CAM_FRONT/n008-2018-09-18-12-53-31-0400__CAM_FRONT__1537290041512404.jpg", "samples/CAM_FRONT_RIGHT/n008-2018-09-18-12-53-31-0400__CAM_FRONT_RIGHT__1537290041520482.jpg", "samples/CAM_BACK_LEFT/n008-2018-09-18-12-53-31-0400__CAM_BACK_LEFT__1537290041547405.jpg", "samples/CAM_BACK/n008-2018-09-18-12-53-31-0400__CAM_BACK__1537290041537558.jpg", "samples/CAM_BACK_RIGHT/n008-2018-09-18-12-53-31-0400__CAM_BACK_RIGHT__1537290041528113.jpg"], "intrinsics": [[[1257.8625342125129, 0.0, 827.2410631095686], [0.0, 1257.8625342125129, 450.915498205774], [0.0, 0.0, 1.0]], [[1252.8131021185304, 0.0, 826.588114781398], [0.0, 1252.8131021185304, 469.9846626224581], [0.0, 0.0, 1.0]], [[1256.7485116440405, 0.0, 817.7887570959712], [0.0, 1256.7485116440403, 451.9541780095127], [0.0, 0.0, 1.0]], [[1254.9860565800168, 0.0, 829.5769333630991], [0.0, 1254.9860565800168, 467.1680561863987], [0.0, 0.0, 1.0]], [[796.8910634503094, 0.0, 857.7774326863696], [0.0, 796.8910634503094, 476.8848988407415], [0.0, 0.0, 1.0]], [[1249.9629280788233, 0.0, 825.3768045375984], [0.0, 1249.9629280788233, 462.54816385708756], [0.0, 0.0, 1.0]]], "extrinsics": [[[0.822861909866333, -0.5681572556495667, -0.00978231243789196, -0.657470703125], [0.0021146361250430346, 0.020276663824915886, -0.9997921586036682, 1.4891014099121094], [0.5682374835014343, 0.8226702213287354, 0.017886338755488396, -1.09814453125], [0.0, 0.0, 0.0, 1.0]], [[0.010611827485263348, -0.9998133778572083, -0.01613924838602543, 0.0120849609375], [0.0042646476067602634, 0.01618526317179203, -0.9998599290847778, 1.4815959930419922], [0.9999346137046814, 0.010541490279138088, 0.00443560816347599, -1.3873748779296875], [0.0, 0.0, 0.0, 1.0]], [[-0.843875527381897, -0.5363413691520691, -0.014561417512595654, 0.8626708984375], [0.012474527582526207, 0.007519324775785208, -0.9998939037322998, 1.4964408874511719], [0.536393940448761, -0.843967616558075, 0.00034523109206929803, -1.1300048828125], [0.0, 0.0, 0.0, 1.0]], [[0.9478557705879211, 0.31866028904914856, -0.0050085075199604034, -1.125244140625], [-0.01295253075659275, 0.022815357893705368, -0.9996557831764221, 1.5617790222167969], [-0.31843629479408264, 0.9475943446159363, 0.025753125548362732, -0.16259765625], [0.0, 0.0, 0.0, 1.0]], [[0.009143714793026447, 0.9998437166213989, 0.01512861531227827, -0.02880859375], [-0.010721683502197266, 0.01522640697658062, -0.9998265504837036, 1.5668449401855469], [-0.9999006986618042, 0.008979922160506248, 0.010859235189855099, -0.067626953125], [0.0, 0.0, 0.0, 1.0]], [[-0.9238191246986389, 0.3828158378601074, 0.003199538215994835, 0.974853515625], [-0.006584290415048599, -0.007531859911978245, -0.9999499320983887, 1.5465087890625], [-0.3827725648880005, -0.9237939715385437, 0.009478646330535412, -0.1185302734375], [0.0, 0.0, 0.0, 1.0]]], "view": [[0.0, -2.0, 100.0], [-2.0, 0.0, 100.0], [0.0, 0.0, 1.0]], "bev": "bev_1f757389dc2745baadc043c284e16881.png", "aux": "aux_1f757389dc2745baadc043c284e16881.npz", "visibility": "visibility_1f757389dc2745baadc043c284e16881.png", "pose": [[-0.8523206114768982, -0.5230196714401245, 0.0, 911.76708984375], [0.5230196714401245, -0.8523206114768982, 0.0, 1320.8455810546875], [0.0, 0.0, 1.0, 0.0], [0.0, 0.0, 0.0, 1.0]], "pose_inverse": [[-0.8523206114768982, 0.5230196714401245, 0.0, 86.2896499633789], [-0.5230196714401245, -0.8523206114768982, 0.0, 1602.656005859375], [0.0, 0.0, 1.0, 0.0], [0.0, 0.0, 0.0, 1.0]], "cam_ids": [0, 1, 2, 3, 4, 5], "cam_channels": ["CAM_FRONT_LEFT", "CAM_FRONT", "CAM_FRONT_RIGHT", "CAM_BACK_LEFT", "CAM_BACK", "CAM_BACK_RIGHT"], "token": "1f757389dc2745baadc043c284e16881", "scene": "scene-0471"}, {"images": ["samples/CAM_FRONT_LEFT/n008-2018-09-18-12-53-31-0400__CAM_FRONT_LEFT__1537290042004799.jpg", "samples/CAM_FRONT/n008-2018-09-18-12-53-31-0400__CAM_FRONT__1537290042012404.jpg", "samples/CAM_FRONT_RIGHT/n008-2018-09-18-12-53-31-0400__CAM_FRONT_RIGHT__1537290042020482.jpg", "samples/CAM_BACK_LEFT/n008-2018-09-18-12-53-31-0400__CAM_BACK_LEFT__1537290042047405.jpg", "samples/CAM_BACK/n008-2018-09-18-12-53-31-0400__CAM_BACK__1537290042037558.jpg", "samples/CAM_BACK_RIGHT/n008-2018-09-18-12-53-31-0400__CAM_BACK_RIGHT__1537290042028113.jpg"], "intrinsics": [[[1257.8625342125129, 0.0, 827.2410631095686], [0.0, 1257.8625342125129, 450.915498205774], [0.0, 0.0, 1.0]], [[1252.8131021185304, 0.0, 826.588114781398], [0.0, 1252.8131021185304, 469.9846626224581], [0.0, 0.0, 1.0]], [[1256.7485116440405, 0.0, 817.7887570959712], [0.0, 1256.7485116440403, 451.9541780095127], [0.0, 0.0, 1.0]], [[1254.9860565800168, 0.0, 829.5769333630991], [0.0, 1254.9860565800168, 467.1680561863987], [0.0, 0.0, 1.0]], [[796.8910634503094, 0.0, 857.7774326863696], [0.0, 796.8910634503094, 476.8848988407415], [0.0, 0.0, 1.0]], [[1249.9629280788233, 0.0, 825.3768045375984], [0.0, 1249.9629280788233, 462.54816385708756], [0.0, 0.0, 1.0]]], "extrinsics": [[[0.8220303654670715, -0.5693576335906982, -0.009895648807287216, -0.6783447265625], [0.005755885504186153, 0.025684621185064316, -0.9996535181999207, 1.490478515625], [0.5694144368171692, 0.8216886520385742, 0.024390697479248047, -1.1114501953125], [0.0, 0.0, 0.0, 1.0]], [[0.009196438826620579, -0.9997220635414124, -0.021706201136112213, 0.0111083984375], [0.007775404490530491, 0.021777953952550888, -0.9997326135635376, 1.4826469421386719], [0.9999274611473083, 0.009025083854794502, 0.007973524741828442, -1.4077301025390625], [0.0, 0.0, 0.0, 1.0]], [[-0.844449520111084, -0.5352417826652527, -0.02052230015397072, 0.876953125], [0.015865465626120567, 0.01330298837274313, -0.9997856020927429, 1.4970779418945312], [0.5354000329971313, -0.8445941209793091, -0.0027418427634984255, -1.1397705078125], [0.0, 0.0, 0.0, 1.0]], [[0.9478979706764221, 0.31857287883758545, 0.0008594237733632326, -1.13226318359375], [-0.00884478073567152, 0.029013698920607567, -0.9995399117469788, 1.5619277954101562], [-0.3184512257575989, 0.9474542140960693, 0.030319733545184135, -0.1600341796875], [0.0, 0.0, 0.0, 1.0]], [[0.009570855647325516, 0.9997283220291138, 0.021255113184452057, -0.0286865234375], [-0.00693558482453227, 0.021321941167116165, -0.9997485876083374, 1.5673446655273438], [-0.9999301433563232, 0.009421124123036861, 0.007137770298868418, -0.05646514892578125], [0.0, 0.0, 0.0, 1.0]], [[-0.9234935641288757, 0.3836076259613037, 0.002200542716309428, 0.9886474609375], [-0.003030531108379364, -0.001559267402626574, -0.9999942183494568, 1.5472526550292969], [-0.38360193371772766, -0.923494815826416, 0.0026025082916021347, -0.11376953125], [0.0, 0.0, 0.0, 1.0]]], "view": [[0.0, -2.0, 100.0], [-2.0, 0.0, 100.0], [0.0, 0.0, 1.0]], "bev": "bev_d64538ac461b466eab383cdfac23f246.png", "aux": "aux_d64538ac461b466eab383cdfac23f246.npz", "visibility": "visibility_d64538ac461b466eab383cdfac23f246.png", "pose": [[-0.8515742421150208, -0.5242339968681335, 0.0, 907.897216796875], [0.5242339968681335, -0.8515742421150208, 0.0, 1323.2611083984375], [0.0, 0.0, 1.0, 0.0], [0.0, 0.0, 0.0, 1.0]], "pose_inverse": [[-0.8515742421150208, 0.5242339968681335, 0.0, 79.44342803955078], [-0.5242339968681335, -0.8515742421150208, 0.0, 1602.8056640625], [0.0, 0.0, 1.0, 0.0], [0.0, 0.0, 0.0, 1.0]], "cam_ids": [0, 1, 2, 3, 4, 5], "cam_channels": ["CAM_FRONT_LEFT", "CAM_FRONT", "CAM_FRONT_RIGHT", "CAM_BACK_LEFT", "CAM_BACK", "CAM_BACK_RIGHT"], "token": "d64538ac461b466eab383cdfac23f246", "scene": "scene-0471"}, {"images": ["samples/CAM_FRONT_LEFT/n008-2018-09-18-12-53-31-0400__CAM_FRONT_LEFT__1537290042504814.jpg", "samples/CAM_FRONT/n008-2018-09-18-12-53-31-0400__CAM_FRONT__1537290042512404.jpg", "samples/CAM_FRONT_RIGHT/n008-2018-09-18-12-53-31-0400__CAM_FRONT_RIGHT__1537290042520482.jpg", "samples/CAM_BACK_LEFT/n008-2018-09-18-12-53-31-0400__CAM_BACK_LEFT__1537290042547405.jpg", "samples/CAM_BACK/n008-2018-09-18-12-53-31-0400__CAM_BACK__1537290042537558.jpg", "samples/CAM_BACK_RIGHT/n008-2018-09-18-12-53-31-0400__CAM_BACK_RIGHT__1537290042528113.jpg"], "intrinsics": [[[1257.8625342125129, 0.0, 827.2410631095686], [0.0, 1257.8625342125129, 450.915498205774], [0.0, 0.0, 1.0]], [[1252.8131021185304, 0.0, 826.588114781398], [0.0, 1252.8131021185304, 469.9846626224581], [0.0, 0.0, 1.0]], [[1256.7485116440405, 0.0, 817.7887570959712], [0.0, 1256.7485116440403, 451.9541780095127], [0.0, 0.0, 1.0]], [[1254.9860565800168, 0.0, 829.5769333630991], [0.0, 1254.9860565800168, 467.1680561863987], [0.0, 0.0, 1.0]], [[796.8910634503094, 0.0, 857.7774326863696], [0.0, 796.8910634503094, 476.8848988407415], [0.0, 0.0, 1.0]], [[1249.9629280788233, 0.0, 825.3768045375984], [0.0, 1249.9629280788233, 462.54816385708756], [0.0, 0.0, 1.0]]], "extrinsics": [[[0.8229447603225708, -0.5680369734764099, -0.00979546643793583, -0.67401123046875], [0.004939379636198282, 0.024395015090703964, -0.9996901750564575, 1.4901771545410156], [0.568099856376648, 0.8226414322853088, 0.02288149856030941, -1.1092529296875], [0.0, 0.0, 0.0, 1.0]], [[0.010782015509903431, -0.9997423887252808, -0.019971782341599464, 0.01171875], [0.00679450249299407, 0.020045729354023933, -0.9997760057449341, 1.4823493957519531], [0.9999187588691711, 0.010643904097378254, 0.007008886430412531, -1.404754638671875], [0.0, 0.0, 0.0, 1.0]], [[-0.8437862396240234, -0.5363648533821106, -0.018371706828475, 0.87542724609375], [0.01470958348363638, 0.01110595092177391, -0.9998300671577454, 1.4968204498291016], [0.5364778637886047, -0.843913197517395, -0.0014813455054536462, -1.1380615234375], [0.0, 0.0, 0.0, 1.0]], [[0.9478709697723389, 0.318646103143692, -0.0023312431294471025, -1.13232421875], [-0.011034352704882622, 0.025510430335998535, -0.9996136426925659, 1.5619049072265625], [-0.3184635639190674, 0.9475303888320923, 0.027696646749973297, -0.16015625], [0.0, 0.0, 0.0, 1.0]], [[0.009084248915314674, 0.9997944235801697, 0.018129898235201836, -0.02880859375], [-0.008753307163715363, 0.018209459260106087, -0.9997958540916443, 1.5671577453613281], [-0.9999204277992249, 0.008923734538257122, 0.008916926570236683, -0.05712890625], [0.0, 0.0, 0.0, 1.0]], [[-0.9238514304161072, 0.3827432096004486, 0.0025040635373443365, 0.987060546875], [-0.004452047869563103, -0.004203897900879383, -0.9999812245368958, 1.5469870567321777], [-0.38272547721862793, -0.9238451719284058, 0.005587766878306866, -0.11376953125], [0.0, 0.0, 0.0, 1.0]]], "view": [[0.0, -2.0, 100.0], [-2.0, 0.0, 100.0], [0.0, 0.0, 1.0]], "bev": "bev_575f4befe1a2400b91b0785d11f41e0c.png", "aux": "aux_575f4befe1a2400b91b0785d11f41e0c.npz", "visibility": "visibility_575f4befe1a2400b91b0785d11f41e0c.png", "pose": [[-0.8497790098190308, -0.5271391272544861, 0.0, 904.0083618164062], [0.5271391272544861, -0.8497790098190308, 0.0, 1325.7034912109375], [0.0, 0.0, 1.0, 0.0], [0.0, 0.0, 0.0, 1.0]], "pose_inverse": [[-0.8497790098190308, 0.5271391272544861, 0.0, 69.37716674804688], [-0.5271391272544861, -0.8497790098190308, 0.0, 1603.0931396484375], [0.0, 0.0, 1.0, 0.0], [0.0, 0.0, 0.0, 1.0]], "cam_ids": [0, 1, 2, 3, 4, 5], "cam_channels": ["CAM_FRONT_LEFT", "CAM_FRONT", "CAM_FRONT_RIGHT", "CAM_BACK_LEFT", "CAM_BACK", "CAM_BACK_RIGHT"], "token": "575f4befe1a2400b91b0785d11f41e0c", "scene": "scene-0471"}, {"images": ["samples/CAM_FRONT_LEFT/n008-2018-09-18-12-53-31-0400__CAM_FRONT_LEFT__1537290042904799.jpg", "samples/CAM_FRONT/n008-2018-09-18-12-53-31-0400__CAM_FRONT__1537290042912404.jpg", "samples/CAM_FRONT_RIGHT/n008-2018-09-18-12-53-31-0400__CAM_FRONT_RIGHT__1537290042920482.jpg", "samples/CAM_BACK_LEFT/n008-2018-09-18-12-53-31-0400__CAM_BACK_LEFT__1537290042947405.jpg", "samples/CAM_BACK/n008-2018-09-18-12-53-31-0400__CAM_BACK__1537290042937558.jpg", "samples/CAM_BACK_RIGHT/n008-2018-09-18-12-53-31-0400__CAM_BACK_RIGHT__1537290042928113.jpg"], "intrinsics": [[[1257.8625342125129, 0.0, 827.2410631095686], [0.0, 1257.8625342125129, 450.915498205774], [0.0, 0.0, 1.0]], [[1252.8131021185304, 0.0, 826.588114781398], [0.0, 1252.8131021185304, 469.9846626224581], [0.0, 0.0, 1.0]], [[1256.7485116440405, 0.0, 817.7887570959712], [0.0, 1256.7485116440403, 451.9541780095127], [0.0, 0.0, 1.0]], [[1254.9860565800168, 0.0, 829.5769333630991], [0.0, 1254.9860565800168, 467.1680561863987], [0.0, 0.0, 1.0]], [[796.8910634503094, 0.0, 857.7774326863696], [0.0, 796.8910634503094, 476.8848988407415], [0.0, 0.0, 1.0]], [[1249.9629280788233, 0.0, 825.3768045375984], [0.0, 1249.9629280788233, 462.54816385708756], [0.0, 0.0, 1.0]]], "extrinsics": [[[0.8222134113311768, -0.569166362285614, -0.0038371598348021507, -0.67083740234375], [0.0068071261048316956, 0.016574159264564514, -0.9998394846916199, 1.4910316467285156], [0.5691386461257935, 0.8220553398132324, 0.01750188320875168, -1.103759765625], [0.0, 0.0, 0.0, 1.0]], [[0.009644197300076485, -0.9998766779899597, -0.012390240095555782, 0.0096435546875], [0.008489326573908329, 0.012472240254282951, -0.9998862147331238, 1.4829902648925781], [0.9999174475669861, 0.009537868201732635, 0.008608564734458923, -1.4003524780273438], [0.0, 0.0, 0.0, 1.0]], [[-0.8442479968070984, -0.5357218384742737, -0.01572979800403118, 0.87213134765625], [0.01622205786406994, 0.0037933376152068377, -0.9998611807823181, 1.4972772598266602], [0.5357072353363037, -0.8443860411643982, 0.0054879928939044476, -1.1378173828125], [0.0, 0.0, 0.0, 1.0]], [[0.9478797316551208, 0.31861287355422974, -0.0031675894279032946, -1.13421630859375], [-0.009771321900188923, 0.01913035660982132, -0.9997692704200745, 1.561941146850586], [-0.3184788227081299, 0.9476919174194336, 0.021246543154120445, -0.1595458984375], [0.0, 0.0, 0.0, 1.0]], [[0.009412174113094807, 0.9998894929885864, 0.011510697193443775, -0.0281982421875], [-0.00739574758335948, 0.011580501683056355, -0.999905526638031, 1.5673103332519531], [-0.9999284148216248, 0.009326164610683918, 0.007503927685320377, -0.056972503662109375], [0.0, 0.0, 0.0, 1.0]], [[-0.9235991835594177, 0.3833565413951874, -0.0015339020173996687, 0.98614501953125], [-0.002988038817420602, -0.0111998887732625, -0.9999327659606934, 1.5472564697265625], [-0.38334789872169495, -0.9235324859619141, 0.011489692144095898, -0.1156005859375], [0.0, 0.0, 0.0, 1.0]]], "view": [[0.0, -2.0, 100.0], [-2.0, 0.0, 100.0], [0.0, 0.0, 1.0]], "bev": "bev_17f1bbb6562648e49a223f22dfd9d98c.png", "aux": "aux_17f1bbb6562648e49a223f22dfd9d98c.npz", "visibility": "visibility_17f1bbb6562648e49a223f22dfd9d98c.png", "pose": [[-0.8494673371315002, -0.527641236782074, 0.0, 900.8724975585938], [0.527641236782074, -0.8494673371315002, 0.0, 1327.680419921875], [0.0, 0.0, 1.0, 0.0], [0.0, 0.0, 0.0, 1.0]], "pose_inverse": [[-0.8494673371315002, 0.527641236782074, 0.0, 64.72280883789062], [-0.527641236782074, -0.8494673371315002, 0.0, 1603.1585693359375], [0.0, 0.0, 1.0, 0.0], [0.0, 0.0, 0.0, 1.0]], "cam_ids": [0, 1, 2, 3, 4, 5], "cam_channels": ["CAM_FRONT_LEFT", "CAM_FRONT", "CAM_FRONT_RIGHT", "CAM_BACK_LEFT", "CAM_BACK", "CAM_BACK_RIGHT"], "token": "17f1bbb6562648e49a223f22dfd9d98c", "scene": "scene-0471"}, {"images": ["samples/CAM_FRONT_LEFT/n008-2018-09-18-12-53-31-0400__CAM_FRONT_LEFT__1537290043404799.jpg", "samples/CAM_FRONT/n008-2018-09-18-12-53-31-0400__CAM_FRONT__1537290043412404.jpg", "samples/CAM_FRONT_RIGHT/n008-2018-09-18-12-53-31-0400__CAM_FRONT_RIGHT__1537290043420482.jpg", "samples/CAM_BACK_LEFT/n008-2018-09-18-12-53-31-0400__CAM_BACK_LEFT__1537290043447405.jpg", "samples/CAM_BACK/n008-2018-09-18-12-53-31-0400__CAM_BACK__1537290043437558.jpg", "samples/CAM_BACK_RIGHT/n008-2018-09-18-12-53-31-0400__CAM_BACK_RIGHT__1537290043428113.jpg"], "intrinsics": [[[1257.8625342125129, 0.0, 827.2410631095686], [0.0, 1257.8625342125129, 450.915498205774], [0.0, 0.0, 1.0]], [[1252.8131021185304, 0.0, 826.588114781398], [0.0, 1252.8131021185304, 469.9846626224581], [0.0, 0.0, 1.0]], [[1256.7485116440405, 0.0, 817.7887570959712], [0.0, 1256.7485116440403, 451.9541780095127], [0.0, 0.0, 1.0]], [[1254.9860565800168, 0.0, 829.5769333630991], [0.0, 1254.9860565800168, 467.1680561863987], [0.0, 0.0, 1.0]], [[796.8910634503094, 0.0, 857.7774326863696], [0.0, 796.8910634503094, 476.8848988407415], [0.0, 0.0, 1.0]], [[1249.9629280788233, 0.0, 825.3768045375984], [0.0, 1249.9629280788233, 462.54816385708756], [0.0, 0.0, 1.0]]], "extrinsics": [[[0.8226308226585388, -0.5681028962135315, -0.023189444094896317, -0.67132568359375], [-0.008755150251090527, 0.028123648837208748, -0.9995660781860352, 1.484710693359375], [0.568508505821228, 0.822476863861084, 0.018161553889513016, -1.1046142578125], [0.0, 0.0, 0.0, 1.0]], [[0.010525627993047237, -0.9996496438980103, -0.024282492697238922, 0.0101318359375], [-0.0076564098708331585, 0.024202555418014526, -0.9996777772903442, 1.4775772094726562], [0.9999152421951294, 0.01070813275873661, -0.007398982997983694, -1.4016799926757812], [0.0, 0.0, 0.0, 1.0]], [[-0.8439311981201172, -0.5363919138908386, -0.00799642875790596, 0.87347412109375], [-0.000519546854775399, 0.015723392367362976, -0.9998762607574463, 1.4929180145263672], [0.5364512205123901, -0.8438225388526917, -0.013548141345381737, -1.13818359375], [0.0, 0.0, 0.0, 1.0]], [[0.9477039575576782, 0.31878674030303955, -0.015238141641020775, -1.1348876953125], [-0.026745134964585304, 0.03174995258450508, -0.9991379380226135, 1.5617866516113281], [-0.31802815198898315, 0.9472945332527161, 0.03861555457115173, -0.1590576171875], [0.0, 0.0, 0.0, 1.0]], [[0.00931189302355051, 0.9996750354766846, 0.023729093372821808, -0.0283203125], [-0.02468680962920189, 0.02395271509885788, -0.9994081854820251, 1.5655746459960938], [-0.9996519088745117, 0.008720572106540203, 0.02490183152258396, -0.05585479736328125], [0.0, 0.0, 0.0, 1.0]], [[-0.9237256050109863, 0.3825865387916565, 0.018931927159428596, 0.98712158203125], [-0.020106516778469086, 0.0009283848921768367, -0.9997974038124084, 1.544040560722351], [-0.3825266361236572, -0.923919141292572, 0.006834909785538912, -0.1146240234375], [0.0, 0.0, 0.0, 1.0]]], "view": [[0.0, -2.0, 100.0], [-2.0, 0.0, 100.0], [0.0, 0.0, 1.0]], "bev": "bev_17706c1ad2f742d899dbb58243fbaf94.png", "aux": "aux_17706c1ad2f742d899dbb58243fbaf94.npz", "visibility": "visibility_17706c1ad2f742d899dbb58243fbaf94.png", "pose": [[-0.8490437269210815, -0.5283225178718567, 0.0, 896.937255859375], [0.5283225178718567, -0.8490437269210815, 0.0, 1330.1541748046875], [0.0, 0.0, 1.0, 0.0], [0.0, 0.0, 0.0, 1.0]], "pose_inverse": [[-0.8490437269210815, 0.5283225178718567, 0.0, 58.788551330566406], [-0.5283225178718567, -0.8490437269210815, 0.0, 1603.231201171875], [0.0, 0.0, 1.0, 0.0], [0.0, 0.0, 0.0, 1.0]], "cam_ids": [0, 1, 2, 3, 4, 5], "cam_channels": ["CAM_FRONT_LEFT", "CAM_FRONT", "CAM_FRONT_RIGHT", "CAM_BACK_LEFT", "CAM_BACK", "CAM_BACK_RIGHT"], "token": "17706c1ad2f742d899dbb58243fbaf94", "scene": "scene-0471"}, {"images": ["samples/CAM_FRONT_LEFT/n008-2018-09-18-12-53-31-0400__CAM_FRONT_LEFT__1537290043904799.jpg", "samples/CAM_FRONT/n008-2018-09-18-12-53-31-0400__CAM_FRONT__1537290043912404.jpg", "samples/CAM_FRONT_RIGHT/n008-2018-09-18-12-53-31-0400__CAM_FRONT_RIGHT__1537290043920494.jpg", "samples/CAM_BACK_LEFT/n008-2018-09-18-12-53-31-0400__CAM_BACK_LEFT__1537290043947405.jpg", "samples/CAM_BACK/n008-2018-09-18-12-53-31-0400__CAM_BACK__1537290043937558.jpg", "samples/CAM_BACK_RIGHT/n008-2018-09-18-12-53-31-0400__CAM_BACK_RIGHT__1537290043928113.jpg"], "intrinsics": [[[1257.8625342125129, 0.0, 827.2410631095686], [0.0, 1257.8625342125129, 450.915498205774], [0.0, 0.0, 1.0]], [[1252.8131021185304, 0.0, 826.588114781398], [0.0, 1252.8131021185304, 469.9846626224581], [0.0, 0.0, 1.0]], [[1256.7485116440405, 0.0, 817.7887570959712], [0.0, 1256.7485116440403, 451.9541780095127], [0.0, 0.0, 1.0]], [[1254.9860565800168, 0.0, 829.5769333630991], [0.0, 1254.9860565800168, 467.1680561863987], [0.0, 0.0, 1.0]], [[796.8910634503094, 0.0, 857.7774326863696], [0.0, 796.8910634503094, 476.8848988407415], [0.0, 0.0, 1.0]], [[1249.9629280788233, 0.0, 825.3768045375984], [0.0, 1249.9629280788233, 462.54816385708756], [0.0, 0.0, 1.0]]], "extrinsics": [[[0.8225146532058716, -0.5684852004051208, -0.0171519685536623, -0.67181396484375], [-0.004128049127757549, 0.02418958581984043, -0.9996988773345947, 1.4866065979003906], [0.5687289237976074, 0.822337806224823, 0.017549553886055946, -1.1041259765625], [0.0, 0.0, 0.0, 1.0]], [[0.010222399607300758, -0.9997490644454956, -0.019931254908442497, 0.0093994140625], [-0.002856303472071886, 0.019903022795915604, -0.9997978210449219, 1.4791927337646484], [0.9999436736106873, 0.010277199558913708, -0.0026521310210227966, -1.3994369506835938], [0.0, 0.0, 0.0, 1.0]], [[-0.8440672755241394, -0.5361502766609192, -0.009661382995545864, 0.86993408203125], [0.004439893178641796, 0.011028868146240711, -0.9999293088912964, 1.494232177734375], [0.5362189412117004, -0.8440505266189575, -0.006928658578544855, -1.136962890625], [0.0, 0.0, 0.0, 1.0]], [[0.9477589726448059, 0.31872618198394775, -0.012911548838019371, -1.12701416015625], [-0.02224661596119404, 0.02566569298505783, -0.9994230270385742, 1.5616416931152344], [-0.3182108998298645, 0.9474992752075195, 0.03141546621918678, -0.1619873046875], [0.0, 0.0, 0.0, 1.0]], [[0.00933047290891409, 0.9997924566268921, 0.018112845718860626, -0.0279541015625], [-0.019759492948651314, 0.0182944405823946, -0.9996373057365417, 1.5659446716308594], [-0.9997612833976746, 0.008969168178737164, 0.01992608793079853, -0.062530517578125], [0.0, 0.0, 0.0, 1.0]], [[-0.9237080216407776, 0.38289502263069153, 0.012448268942534924, 0.982666015625], [-0.015223274938762188, -0.004218242596834898, -0.9998751878738403, 1.5448822975158691], [-0.38279470801353455, -0.9237822890281677, 0.009725339710712433, -0.1170654296875], [0.0, 0.0, 0.0, 1.0]]], "view": [[0.0, -2.0, 100.0], [-2.0, 0.0, 100.0], [0.0, 0.0, 1.0]], "bev": "bev_c5c350e54ab94fc98c6b0c3726e60e28.png", "aux": "aux_c5c350e54ab94fc98c6b0c3726e60e28.npz", "visibility": "visibility_c5c350e54ab94fc98c6b0c3726e60e28.png", "pose": [[-0.8498097658157349, -0.527089536190033, 0.0, 893.0030517578125], [0.527089536190033, -0.8498097658157349, 0.0, 1332.621826171875], [0.0, 0.0, 1.0, 0.0], [0.0, 0.0, 0.0, 1.0]], "pose_inverse": [[-0.8498097658157349, 0.527089536190033, 0.0, 56.471683502197266], [-0.527089536190033, -0.8498097658157349, 0.0, 1603.1676025390625], [0.0, 0.0, 1.0, 0.0], [0.0, 0.0, 0.0, 1.0]], "cam_ids": [0, 1, 2, 3, 4, 5], "cam_channels": ["CAM_FRONT_LEFT", "CAM_FRONT", "CAM_FRONT_RIGHT", "CAM_BACK_LEFT", "CAM_BACK", "CAM_BACK_RIGHT"], "token": "c5c350e54ab94fc98c6b0c3726e60e28", "scene": "scene-0471"}, {"images": ["samples/CAM_FRONT_LEFT/n008-2018-09-18-12-53-31-0400__CAM_FRONT_LEFT__1537290044404799.jpg", "samples/CAM_FRONT/n008-2018-09-18-12-53-31-0400__CAM_FRONT__1537290044412404.jpg", "samples/CAM_FRONT_RIGHT/n008-2018-09-18-12-53-31-0400__CAM_FRONT_RIGHT__1537290044420482.jpg", "samples/CAM_BACK_LEFT/n008-2018-09-18-12-53-31-0400__CAM_BACK_LEFT__1537290044447405.jpg", "samples/CAM_BACK/n008-2018-09-18-12-53-31-0400__CAM_BACK__1537290044437558.jpg", "samples/CAM_BACK_RIGHT/n008-2018-09-18-12-53-31-0400__CAM_BACK_RIGHT__1537290044428113.jpg"], "intrinsics": [[[1257.8625342125129, 0.0, 827.2410631095686], [0.0, 1257.8625342125129, 450.915498205774], [0.0, 0.0, 1.0]], [[1252.8131021185304, 0.0, 826.588114781398], [0.0, 1252.8131021185304, 469.9846626224581], [0.0, 0.0, 1.0]], [[1256.7485116440405, 0.0, 817.7887570959712], [0.0, 1256.7485116440403, 451.9541780095127], [0.0, 0.0, 1.0]], [[1254.9860565800168, 0.0, 829.5769333630991], [0.0, 1254.9860565800168, 467.1680561863987], [0.0, 0.0, 1.0]], [[796.8910634503094, 0.0, 857.7774326863696], [0.0, 796.8910634503094, 476.8848988407415], [0.0, 0.0, 1.0]], [[1249.9629280788233, 0.0, 825.3768045375984], [0.0, 1249.9629280788233, 462.54816385708756], [0.0, 0.0, 1.0]]], "extrinsics": [[[0.8216575384140015, -0.5698755979537964, -0.010984841734170914, -0.683349609375], [0.003701882204040885, 0.024607334285974503, -0.9996902942657471, 1.489715576171875], [0.5699695348739624, 0.8213624954223633, 0.022328414022922516, -1.1114501953125], [0.0, 0.0, 0.0, 1.0]], [[0.008615223690867424, -0.9997507929801941, -0.020594364032149315, 0.0087890625], [0.005406784825026989, 0.020641399547457695, -0.9997723698616028, 1.481903076171875], [0.999948263168335, 0.008501933887600899, 0.005583267193287611, -1.41058349609375], [0.0, 0.0, 0.0, 1.0]], [[-0.8447337746620178, -0.5348977446556091, -0.017587149515748024, 0.87713623046875], [0.01315375417470932, 0.012101228348910809, -0.999840259552002, 1.4963970184326172], [0.5350251197814941, -0.8448300957679749, -0.0031864033080637455, -1.14208984375], [0.0, 0.0, 0.0, 1.0]], [[0.94790118932724, 0.3185541033744812, -0.002599018858745694, -1.1287841796875], [-0.0119992196559906, 0.027550198137760162, -0.9995483756065369, 1.5618476867675781], [-0.31833863258361816, 0.9475042819976807, 0.02993726171553135, -0.161376953125], [0.0, 0.0, 0.0, 1.0]], [[0.009822533465921879, 0.9997541308403015, 0.019882144406437874, -0.0279541015625], [-0.0100669851526618, 0.019980965182185173, -0.9997496604919434, 1.5670223236083984], [-0.9999011158943176, 0.00961987767368555, 0.010260771960020065, -0.058444976806640625], [0.0, 0.0, 0.0, 1.0]], [[-0.9233574271202087, 0.3839164972305298, 0.004368724301457405, 0.98883056640625], [-0.005911088548600674, -0.0028376432601362467, -0.9999785423278809, 1.5467147827148438], [-0.3838958442211151, -0.923363447189331, 0.004889523144811392, -0.11474609375], [0.0, 0.0, 0.0, 1.0]]], "view": [[0.0, -2.0, 100.0], [-2.0, 0.0, 100.0], [0.0, 0.0, 1.0]], "bev": "bev_8bee22e36ea94f14a769f076f65359d7.png", "aux": "aux_8bee22e36ea94f14a769f076f65359d7.npz", "visibility": "visibility_8bee22e36ea94f14a769f076f65359d7.png", "pose": [[-0.851654052734375, -0.5241043567657471, 0.0, 889.2029418945312], [0.5241043567657471, -0.851654052734375, 0.0, 1334.9930419921875], [0.0, 0.0, 1.0, 0.0], [0.0, 0.0, 0.0, 1.0]], "pose_inverse": [[-0.851654052734375, 0.5241043567657471, 0.0, 57.61765670776367], [-0.5241043567657471, -0.851654052734375, 0.0, 1602.9874267578125], [0.0, 0.0, 1.0, 0.0], [0.0, 0.0, 0.0, 1.0]], "cam_ids": [0, 1, 2, 3, 4, 5], "cam_channels": ["CAM_FRONT_LEFT", "CAM_FRONT", "CAM_FRONT_RIGHT", "CAM_BACK_LEFT", "CAM_BACK", "CAM_BACK_RIGHT"], "token": "8bee22e36ea94f14a769f076f65359d7", "scene": "scene-0471"}, {"images": ["samples/CAM_FRONT_LEFT/n008-2018-09-18-12-53-31-0400__CAM_FRONT_LEFT__1537290045004799.jpg", "samples/CAM_FRONT/n008-2018-09-18-12-53-31-0400__CAM_FRONT__1537290045012404.jpg", "samples/CAM_FRONT_RIGHT/n008-2018-09-18-12-53-31-0400__CAM_FRONT_RIGHT__1537290045020482.jpg", "samples/CAM_BACK_LEFT/n008-2018-09-18-12-53-31-0400__CAM_BACK_LEFT__1537290045047405.jpg", "samples/CAM_BACK/n008-2018-09-18-12-53-31-0400__CAM_BACK__1537290045037558.jpg", "samples/CAM_BACK_RIGHT/n008-2018-09-18-12-53-31-0400__CAM_BACK_RIGHT__1537290045028113.jpg"], "intrinsics": [[[1257.8625342125129, 0.0, 827.2410631095686], [0.0, 1257.8625342125129, 450.915498205774], [0.0, 0.0, 1.0]], [[1252.8131021185304, 0.0, 826.588114781398], [0.0, 1252.8131021185304, 469.9846626224581], [0.0, 0.0, 1.0]], [[1256.7485116440405, 0.0, 817.7887570959712], [0.0, 1256.7485116440403, 451.9541780095127], [0.0, 0.0, 1.0]], [[1254.9860565800168, 0.0, 829.5769333630991], [0.0, 1254.9860565800168, 467.1680561863987], [0.0, 0.0, 1.0]], [[796.8910634503094, 0.0, 857.7774326863696], [0.0, 796.8910634503094, 476.8848988407415], [0.0, 0.0, 1.0]], [[1249.9629280788233, 0.0, 825.3768045375984], [0.0, 1249.9629280788233, 462.54816385708756], [0.0, 0.0, 1.0]]], "extrinsics": [[[0.8221919536590576, -0.5690479278564453, -0.013601325452327728, -0.681396484375], [0.003326267236843705, 0.028697896748781204, -0.9995825886726379, 1.4895515441894531], [0.5692006349563599, 0.8218034505844116, 0.025487985461950302, -1.111328125], [0.0, 0.0, 0.0, 1.0]], [[0.009576881304383278, -0.9996514916419983, -0.024600669741630554, 0.009521484375], [0.005261404439806938, 0.02465183287858963, -0.9996822476387024, 1.4818534851074219], [0.9999402761459351, 0.009444361552596092, 0.005495657213032246, -1.4082107543945312], [0.0, 0.0, 0.0, 1.0]], [[-0.8443076014518738, -0.5354936122894287, -0.019782422110438347, 0.87506103515625], [0.013257738202810287, 0.016031062230467796, -0.9997835755348206, 1.496450424194336], [0.5356948375701904, -0.8443871140480042, -0.006435714196413755, -1.1397705078125], [0.0, 0.0, 0.0, 1.0]], [[0.9478822350502014, 0.3186185657978058, -0.0011840073857456446, -1.12451171875], [-0.011883399449288845, 0.031638871878385544, -0.9994286894798279, 1.561798095703125], [-0.3183991312980652, 0.947354793548584, 0.03377619758248329, -0.1627197265625], [0.0, 0.0, 0.0, 1.0]], [[0.009482928551733494, 0.9996709227561951, 0.023834696039557457, -0.0281982421875], [-0.009802059270441532, 0.02392755076289177, -0.9996656179428101, 1.5670089721679688], [-0.9999070763587952, 0.009246115572750568, 0.010025737807154655, -0.062267303466796875], [0.0, 0.0, 0.0, 1.0]], [[-0.9235843420028687, 0.38335245847702026, 0.00572880357503891, 0.98565673828125], [-0.0057604811154305935, 0.0010653802892193198, -0.9999828338623047, 1.5467185974121094], [-0.38335198163986206, -0.9236015677452087, 0.0012243271339684725, -0.1156005859375], [0.0, 0.0, 0.0, 1.0]]], "view": [[0.0, -2.0, 100.0], [-2.0, 0.0, 100.0], [0.0, 0.0, 1.0]], "bev": "bev_01bae58b0c6d42bb9ace1a3579f5c2c3.png", "aux": "aux_01bae58b0c6d42bb9ace1a3579f5c2c3.npz", "visibility": "visibility_01bae58b0c6d42bb9ace1a3579f5c2c3.png", "pose": [[-0.8541221022605896, -0.5200725793838501, 0.0, 884.7320556640625], [0.5200725793838501, -0.8541221022605896, 0.0, 1337.7471923828125], [0.0, 0.0, 1.0, 0.0], [0.0, 0.0, 0.0, 1.0]], "pose_inverse": [[-0.8541221022605896, 0.5200725793838501, 0.0, 59.94356155395508], [-0.5200725793838501, -0.8541221022605896, 0.0, 1602.7242431640625], [0.0, 0.0, 1.0, 0.0], [0.0, 0.0, 0.0, 1.0]], "cam_ids": [0, 1, 2, 3, 4, 5], "cam_channels": ["CAM_FRONT_LEFT", "CAM_FRONT", "CAM_FRONT_RIGHT", "CAM_BACK_LEFT", "CAM_BACK", "CAM_BACK_RIGHT"], "token": "01bae58b0c6d42bb9ace1a3579f5c2c3", "scene": "scene-0471"}, {"images": ["samples/CAM_FRONT_LEFT/n008-2018-09-18-12-53-31-0400__CAM_FRONT_LEFT__1537290045504799.jpg", "samples/CAM_FRONT/n008-2018-09-18-12-53-31-0400__CAM_FRONT__1537290045512404.jpg", "samples/CAM_FRONT_RIGHT/n008-2018-09-18-12-53-31-0400__CAM_FRONT_RIGHT__1537290045520482.jpg", "samples/CAM_BACK_LEFT/n008-2018-09-18-12-53-31-0400__CAM_BACK_LEFT__1537290045547405.jpg", "samples/CAM_BACK/n008-2018-09-18-12-53-31-0400__CAM_BACK__1537290045537558.jpg", "samples/CAM_BACK_RIGHT/n008-2018-09-18-12-53-31-0400__CAM_BACK_RIGHT__1537290045528113.jpg"], "intrinsics": [[[1257.8625342125129, 0.0, 827.2410631095686], [0.0, 1257.8625342125129, 450.915498205774], [0.0, 0.0, 1.0]], [[1252.8131021185304, 0.0, 826.588114781398], [0.0, 1252.8131021185304, 469.9846626224581], [0.0, 0.0, 1.0]], [[1256.7485116440405, 0.0, 817.7887570959712], [0.0, 1256.7485116440403, 451.9541780095127], [0.0, 0.0, 1.0]], [[1254.9860565800168, 0.0, 829.5769333630991], [0.0, 1254.9860565800168, 467.1680561863987], [0.0, 0.0, 1.0]], [[796.8910634503094, 0.0, 857.7774326863696], [0.0, 796.8910634503094, 476.8848988407415], [0.0, 0.0, 1.0]], [[1249.9629280788233, 0.0, 825.3768045375984], [0.0, 1249.9629280788233, 462.54816385708756], [0.0, 0.0, 1.0]]], "extrinsics": [[[0.8223851919174194, -0.568745493888855, -0.014535254798829556, -0.687744140625], [0.00535662192851305, 0.0332876481115818, -0.9994314908981323, 1.4902305603027344], [0.5689059495925903, 0.8218397498130798, 0.030421823263168335, -1.1181640625], [0.0, 0.0, 0.0, 1.0]], [[0.010038050822913647, -0.999525249004364, -0.029128922149538994, 0.011474609375], [0.007315452676266432, 0.029203014448285103, -0.9995467662811279, 1.4824104309082031], [0.9999229311943054, 0.009820454753935337, 0.007605123799294233, -1.415740966796875], [0.0, 0.0, 0.0, 1.0]], [[-0.8440907001495361, -0.5356643199920654, -0.023973053321242332, 0.88006591796875], [0.015355418436229229, 0.02054234780371189, -0.9996710419654846, 1.4968719482421875], [0.5359806418418884, -0.8441811203956604, -0.009114254266023636, -1.1409912109375], [0.0, 0.0, 0.0, 1.0]], [[0.9478998184204102, 0.31856146454811096, 0.002159653464332223, -1.12139892578125], [-0.009820747189223766, 0.035996925085783005, -0.9993036985397339, 1.561798095703125], [-0.31841737031936646, 0.9472184777259827, 0.037249986082315445, -0.163818359375], [0.0, 0.0, 0.0, 1.0]], [[0.009344452060759068, 0.999556303024292, 0.028282862156629562, -0.02880859375], [-0.0079418970271945, 0.02835739403963089, -0.9995662569999695, 1.5671844482421875], [-0.9999248385429382, 0.0091157928109169, 0.00820335652679205, -0.0623779296875], [0.0, 0.0, 0.0, 1.0]], [[-0.9236807823181152, 0.383123517036438, 0.005497104022651911, 0.98773193359375], [-0.0036533346865326166, 0.005539906211197376, -0.9999780058860779, 1.5471200942993164], [-0.3831454813480377, -0.9236805438995361, -0.0037174259778112173, -0.11328125], [0.0, 0.0, 0.0, 1.0]]], "view": [[0.0, -2.0, 100.0], [-2.0, 0.0, 100.0], [0.0, 0.0, 1.0]], "bev": "bev_43d0b5351067438780b61caa989413e5.png", "aux": "aux_43d0b5351067438780b61caa989413e5.npz", "visibility": "visibility_43d0b5351067438780b61caa989413e5.png", "pose": [[-0.8553390502929688, -0.5180686712265015, 0.0, 881.1011352539062], [0.5180686712265015, -0.8553390502929688, 0.0, 1339.9779052734375], [0.0, 0.0, 1.0, 0.0], [0.0, 0.0, 0.0, 1.0]], "pose_inverse": [[-0.8553390502929688, 0.5180686712265015, 0.0, 59.43965148925781], [-0.5180686712265015, -0.8553390502929688, 0.0, 1602.6063232421875], [0.0, 0.0, 1.0, 0.0], [0.0, 0.0, 0.0, 1.0]], "cam_ids": [0, 1, 2, 3, 4, 5], "cam_channels": ["CAM_FRONT_LEFT", "CAM_FRONT", "CAM_FRONT_RIGHT", "CAM_BACK_LEFT", "CAM_BACK", "CAM_BACK_RIGHT"], "token": "43d0b5351067438780b61caa989413e5", "scene": "scene-0471"}, {"images": ["samples/CAM_FRONT_LEFT/n008-2018-09-18-12-53-31-0400__CAM_FRONT_LEFT__1537290046004799.jpg", "samples/CAM_FRONT/n008-2018-09-18-12-53-31-0400__CAM_FRONT__1537290046012404.jpg", "samples/CAM_FRONT_RIGHT/n008-2018-09-18-12-53-31-0400__CAM_FRONT_RIGHT__1537290046020482.jpg", "samples/CAM_BACK_LEFT/n008-2018-09-18-12-53-31-0400__CAM_BACK_LEFT__1537290046047405.jpg", "samples/CAM_BACK/n008-2018-09-18-12-53-31-0400__CAM_BACK__1537290046037558.jpg", "samples/CAM_BACK_RIGHT/n008-2018-09-18-12-53-31-0400__CAM_BACK_RIGHT__1537290046028113.jpg"], "intrinsics": [[[1257.8625342125129, 0.0, 827.2410631095686], [0.0, 1257.8625342125129, 450.915498205774], [0.0, 0.0, 1.0]], [[1252.8131021185304, 0.0, 826.588114781398], [0.0, 1252.8131021185304, 469.9846626224581], [0.0, 0.0, 1.0]], [[1256.7485116440405, 0.0, 817.7887570959712], [0.0, 1256.7485116440403, 451.9541780095127], [0.0, 0.0, 1.0]], [[1254.9860565800168, 0.0, 829.5769333630991], [0.0, 1254.9860565800168, 467.1680561863987], [0.0, 0.0, 1.0]], [[796.8910634503094, 0.0, 857.7774326863696], [0.0, 796.8910634503094, 476.8848988407415], [0.0, 0.0, 1.0]], [[1249.9629280788233, 0.0, 825.3768045375984], [0.0, 1249.9629280788233, 462.54816385708756], [0.0, 0.0, 1.0]]], "extrinsics": [[[0.8225080370903015, -0.5685663819313049, -0.01458622794598341, -0.68780517578125], [0.003488039830699563, 0.030688079074025154, -0.9995229244232178, 1.4894981384277344], [0.5687428116798401, 0.8220648169517517, 0.027224374935030937, -1.119140625], [0.0, 0.0, 0.0, 1.0]], [[0.01018382515758276, -0.9995958209037781, -0.026541052386164665, 0.0123291015625], [0.005424397997558117, 0.026597265154123306, -0.9996315240859985, 1.4817886352539062], [0.9999334216117859, 0.010036109015345573, 0.00569306593388319, -1.4168777465820312], [0.0, 0.0, 0.0, 1.0]], [[-0.8440463542938232, -0.5358603596687317, -0.02096177451312542, 0.8814697265625], [0.013445429503917694, 0.017929943278431892, -0.9997488260269165, 1.4963722229003906], [0.5361016392707825, -0.8441162109375, -0.007928830571472645, -1.1412353515625], [0.0, 0.0, 0.0, 1.0]], [[0.9478843212127686, 0.31861352920532227, -0.0008583431481383741, -1.1226806640625], [-0.01207122765481472, 0.03321994096040726, -0.9993751645088196, 1.561767578125], [-0.31838589906692505, 0.9473024606704712, 0.035334717482328415, -0.1634521484375], [0.0, 0.0, 0.0, 1.0]], [[0.009305217303335667, 0.9996299147605896, 0.025561438873410225, -0.0289306640625], [-0.010058452375233173, 0.02565481886267662, -0.9996201992034912, 1.5669708251953125], [-0.9999061822891235, 0.009044578298926353, 0.010293454863131046, -0.061176300048828125], [0.0, 0.0, 0.0, 1.0]], [[-0.923720121383667, 0.3830154836177826, 0.006341404281556606, 0.98870849609375], [-0.005664114374667406, 0.002896014368161559, -0.9999797940254211, 1.5467562675476074], [-0.3830260932445526, -0.9237372875213623, -0.0005056624067947268, -0.11279296875], [0.0, 0.0, 0.0, 1.0]]], "view": [[0.0, -2.0, 100.0], [-2.0, 0.0, 100.0], [0.0, 0.0, 1.0]], "bev": "bev_7be4d6213e6b41288c52d42b67b834ed.png", "aux": "aux_7be4d6213e6b41288c52d42b67b834ed.npz", "visibility": "visibility_7be4d6213e6b41288c52d42b67b834ed.png", "pose": [[-0.8560532331466675, -0.5168876647949219, 0.0, 877.5505981445312], [0.5168876647949219, -0.8560532331466675, 0.0, 1342.1427001953125], [0.0, 0.0, 1.0, 0.0], [0.0, 0.0, 0.0, 1.0]], "pose_inverse": [[-0.8560532331466675, 0.5168876647949219, 0.0, 57.4930534362793], [-0.5168876647949219, -0.8560532331466675, 0.0, 1602.5406494140625], [0.0, 0.0, 1.0, 0.0], [0.0, 0.0, 0.0, 1.0]], "cam_ids": [0, 1, 2, 3, 4, 5], "cam_channels": ["CAM_FRONT_LEFT", "CAM_FRONT", "CAM_FRONT_RIGHT", "CAM_BACK_LEFT", "CAM_BACK", "CAM_BACK_RIGHT"], "token": "7be4d6213e6b41288c52d42b67b834ed", "scene": "scene-0471"}, {"images": ["samples/CAM_FRONT_LEFT/n008-2018-09-18-12-53-31-0400__CAM_FRONT_LEFT__1537290046504799.jpg", "samples/CAM_FRONT/n008-2018-09-18-12-53-31-0400__CAM_FRONT__1537290046512404.jpg", "samples/CAM_FRONT_RIGHT/n008-2018-09-18-12-53-31-0400__CAM_FRONT_RIGHT__1537290046520482.jpg", "samples/CAM_BACK_LEFT/n008-2018-09-18-12-53-31-0400__CAM_BACK_LEFT__1537290046547405.jpg", "samples/CAM_BACK/n008-2018-09-18-12-53-31-0400__CAM_BACK__1537290046537558.jpg", "samples/CAM_BACK_RIGHT/n008-2018-09-18-12-53-31-0400__CAM_BACK_RIGHT__1537290046528113.jpg"], "intrinsics": [[[1257.8625342125129, 0.0, 827.2410631095686], [0.0, 1257.8625342125129, 450.915498205774], [0.0, 0.0, 1.0]], [[1252.8131021185304, 0.0, 826.588114781398], [0.0, 1252.8131021185304, 469.9846626224581], [0.0, 0.0, 1.0]], [[1256.7485116440405, 0.0, 817.7887570959712], [0.0, 1256.7485116440403, 451.9541780095127], [0.0, 0.0, 1.0]], [[1254.9860565800168, 0.0, 829.5769333630991], [0.0, 1254.9860565800168, 467.1680561863987], [0.0, 0.0, 1.0]], [[796.8910634503094, 0.0, 857.7774326863696], [0.0, 796.8910634503094, 476.8848988407415], [0.0, 0.0, 1.0]], [[1249.9629280788233, 0.0, 825.3768045375984], [0.0, 1249.9629280788233, 462.54816385708756], [0.0, 0.0, 1.0]]], "extrinsics": [[[0.8222489953041077, -0.5689564943313599, -0.01397731527686119, -0.693603515625], [0.0031724937725812197, 0.02914087474346161, -0.9995702505111694, 1.4893989562988281], [0.5691192150115967, 0.8218512535095215, 0.02576605975627899, -1.12158203125], [0.0, 0.0, 0.0, 1.0]], [[0.009651056490838528, -0.999640941619873, -0.024995332583785057, 0.010498046875], [0.005098213907331228, 0.0250453632324934, -0.9996733665466309, 1.4817161560058594], [0.9999404549598694, 0.00952046737074852, 0.005338097922503948, -1.4201126098632812], [0.0, 0.0, 0.0, 1.0]], [[-0.844279408454895, -0.5355367064476013, -0.01981666125357151, 0.88214111328125], [0.013081898912787437, 0.016371484845876694, -0.9997804164886475, 1.4962882995605469], [0.5357435941696167, -0.8443533182144165, -0.006816270761191845, -1.143310546875], [0.0, 0.0, 0.0, 1.0]], [[0.9478848576545715, 0.3186076581478119, -0.0018690566066652536, -1.1201171875], [-0.012541043572127819, 0.03144770860671997, -0.9994267225265503, 1.5617179870605469], [-0.31836622953414917, 0.9473649263381958, 0.033804479986429214, -0.16455078125], [0.0, 0.0, 0.0, 1.0]], [[0.009476236067712307, 0.9996693730354309, 0.023904992267489433, -0.028564453125], [-0.010358354076743126, 0.0240029189735651, -0.99