[{"images": ["samples/CAM_FRONT_LEFT/n015-2018-10-08-15-44-23+0800__CAM_FRONT_LEFT__1538984949854844.jpg", "samples/CAM_FRONT/n015-2018-10-08-15-44-23+0800__CAM_FRONT__1538984949862460.jpg", "samples/CAM_FRONT_RIGHT/n015-2018-10-08-15-44-23+0800__CAM_FRONT_RIGHT__1538984949870339.jpg", "samples/CAM_BACK_LEFT/n015-2018-10-08-15-44-23+0800__CAM_BACK_LEFT__1538984949897423.jpg", "samples/CAM_BACK/n015-2018-10-08-15-44-23+0800__CAM_BACK__1538984949887525.jpg", "samples/CAM_BACK_RIGHT/n015-2018-10-08-15-44-23+0800__CAM_BACK_RIGHT__1538984949877893.jpg"], "intrinsics": [[[1272.5979470598488, 0.0, 826.6154927353808], [0.0, 1272.5979470598488, 479.75165386361925], [0.0, 0.0, 1.0]], [[1266.417203046554, 0.0, 816.2670197447984], [0.0, 1266.417203046554, 491.50706579294757], [0.0, 0.0, 1.0]], [[1260.8474446004698, 0.0, 807.968244525554], [0.0, 1260.8474446004698, 495.3344268742088], [0.0, 0.0, 1.0]], [[1256.7414812095406, 0.0, 792.1125740759628], [0.0, 1256.7414812095406, 492.7757465151356], [0.0, 0.0, 1.0]], [[809.2209905677063, 0.0, 829.2196003259838], [0.0, 809.2209905677063, 481.77842384512485], [0.0, 0.0, 1.0]], [[1259.5137405846733, 0.0, 807.2529053838625], [0.0, 1259.5137405846733, 501.19579884916527], [0.0, 0.0, 1.0]]], "extrinsics": [[[0.8205112218856812, -0.5711885690689087, 0.022474084049463272, -0.9190673828125], [-0.0037966882809996605, -0.04476039484143257, -0.998990535736084, 1.5080299377441406], [0.571617841720581, 0.8195975422859192, -0.03889503329992294, -1.248291015625], [0.0, 0.0, 0.0, 1.0]], [[0.005483875051140785, -0.9987978935241699, 0.048709530383348465, 0.00537109375], [-0.00913968961685896, -0.04875829443335533, -0.9987688064575195, 1.5201187133789062], [0.999943196773529, 0.005031884647905827, -0.009396086446940899, -1.6461181640625], [0.0, 0.0, 0.0, 1.0]], [[-0.8329504132270813, -0.5529714822769165, 0.02040371671319008, 1.002685546875], [-0.0035689901560544968, -0.03150373697280884, -0.9994972348213196, 1.5035171508789062], [0.5533362030982971, -0.8326044082641602, 0.024267498403787613, -1.2288360595703125], [0.0, 0.0, 0.0, 1.0]], [[0.9475682377815247, 0.3192003071308136, -0.015019265934824944, -1.14208984375], [0.004937160760164261, -0.0616191141307354, -0.9980875253677368, 1.5885543823242188], [-0.3195152282714844, 0.9456819295883179, -0.05996425822377205, -0.10382080078125], [0.0, 0.0, 0.0, 1.0]], [[0.001994114136323333, 0.9986579418182373, -0.051754046231508255, 0.0028076171875], [-0.020420316606760025, -0.05170268937945366, -0.9984537959098816, 1.5790939331054688], [-0.9997894763946533, 0.0030478930566459894, 0.02028980664908886, -0.0113525390625], [0.0, 0.0, 0.0, 1.0]], [[-0.9348812699317932, 0.35412144660949707, -0.024394871667027473, 1.1119384765625], [0.012264613062143326, -0.03645886108279228, -0.999259889125824, 1.5517668724060059], [-0.3547486960887909, -0.9344885349273682, 0.02974153868854046, -0.0726318359375], [0.0, 0.0, 0.0, 1.0]]], "view": [[0.0, -2.0, 100.0], [-2.0, 0.0, 100.0], [0.0, 0.0, 1.0]], "bev": "bev_45eda670b5a840acbb730aac15e63b19.png", "aux": "aux_45eda670b5a840acbb730aac15e63b19.npz", "visibility": "visibility_45eda670b5a840acbb730aac15e63b19.png", "pose": [[-0.7716845870018005, 0.6360054612159729, 0.0, 732.5317993164062], [-0.6360054612159729, -0.7716845870018005, 0.0, 1542.248046875], [0.0, 0.0, 1.0, 0.0], [0.0, 0.0, 0.0, 1.0]], "pose_inverse": [[-0.7716845870018005, -0.6360054612159729, 0.0, 1546.16162109375], [0.6360054612159729, -0.7716845870018005, 0.0, 724.2348022460938], [0.0, 0.0, 1.0, 0.0], [0.0, 0.0, 0.0, 1.0]], "cam_ids": [0, 1, 2, 3, 4, 5], "cam_channels": ["CAM_FRONT_LEFT", "CAM_FRONT", "CAM_FRONT_RIGHT", "CAM_BACK_LEFT", "CAM_BACK", "CAM_BACK_RIGHT"], "token": "45eda670b5a840acbb730aac15e63b19", "scene": "scene-0926"}, {"images": ["samples/CAM_FRONT_LEFT/n015-2018-10-08-15-44-23+0800__CAM_FRONT_LEFT__1538984950404844.jpg", "samples/CAM_FRONT/n015-2018-10-08-15-44-23+0800__CAM_FRONT__1538984950412460.jpg", "samples/CAM_FRONT_RIGHT/n015-2018-10-08-15-44-23+0800__CAM_FRONT_RIGHT__1538984950420357.jpg", "samples/CAM_BACK_LEFT/n015-2018-10-08-15-44-23+0800__CAM_BACK_LEFT__1538984950447423.jpg", "samples/CAM_BACK/n015-2018-10-08-15-44-23+0800__CAM_BACK__1538984950437525.jpg", "samples/CAM_BACK_RIGHT/n015-2018-10-08-15-44-23+0800__CAM_BACK_RIGHT__1538984950427893.jpg"], "intrinsics": [[[1272.5979470598488, 0.0, 826.6154927353808], [0.0, 1272.5979470598488, 479.75165386361925], [0.0, 0.0, 1.0]], [[1266.417203046554, 0.0, 816.2670197447984], [0.0, 1266.417203046554, 491.50706579294757], [0.0, 0.0, 1.0]], [[1260.8474446004698, 0.0, 807.968244525554], [0.0, 1260.8474446004698, 495.3344268742088], [0.0, 0.0, 1.0]], [[1256.7414812095406, 0.0, 792.1125740759628], [0.0, 1256.7414812095406, 492.7757465151356], [0.0, 0.0, 1.0]], [[809.2209905677063, 0.0, 829.2196003259838], [0.0, 809.2209905677063, 481.77842384512485], [0.0, 0.0, 1.0]], [[1259.5137405846733, 0.0, 807.2529053838625], [0.0, 1259.5137405846733, 501.19579884916527], [0.0, 0.0, 1.0]]], "extrinsics": [[[0.821008026599884, -0.5705779194831848, 0.019666194915771484, -0.9241943359375], [-0.00581142446026206, -0.04279708489775658, -0.9990668892860413, 1.5079574584960938], [0.5708872079849243, 0.8201276063919067, -0.038452617824077606, -1.251953125], [0.0, 0.0, 0.0, 1.0]], [[0.006196364760398865, -0.9988846778869629, 0.046807561069726944, 0.00531005859375], [-0.011124895885586739, -0.046874430030584335, -0.9988388419151306, 1.5200767517089844], [0.9999189376831055, 0.005668433848768473, -0.011402939446270466, -1.6513671875], [0.0, 0.0, 0.0, 1.0]], [[-0.8326709866523743, -0.5533680319786072, 0.021044837310910225, 1.005859375], [-0.0055279857479035854, -0.02969495952129364, -0.9995436668395996, 1.5034675598144531], [0.553740382194519, -0.8324074149131775, 0.021667124703526497, -1.231201171875], [0.0, 0.0, 0.0, 1.0]], [[0.9475751519203186, 0.3191196024417877, -0.016251368448138237, -1.14208984375], [0.00310301105491817, -0.060047391802072525, -0.998190701007843, 1.5885543823242188], [-0.3195180892944336, 0.9458102583885193, -0.05788964405655861, -0.103790283203125], [0.0, 0.0, 0.0, 1.0]], [[0.0018131559481844306, 0.9987431168556213, -0.05009063333272934, 0.00286865234375], [-0.02230401523411274, -0.05003786459565163, -0.998498260974884, 1.5791015625], [-0.9997496008872986, 0.00292767770588398, 0.022185249254107475, -0.0098876953125], [0.0, 0.0, 0.0, 1.0]], [[-0.9350191950798035, 0.35391634702682495, -0.021961675956845284, 1.1146240234375], [0.010338242165744305, -0.03469979390501976, -0.9993443489074707, 1.5516834259033203], [-0.3544463813304901, -0.9346331357955933, 0.028786100447177887, -0.0718994140625], [0.0, 0.0, 0.0, 1.0]]], "view": [[0.0, -2.0, 100.0], [-2.0, 0.0, 100.0], [0.0, 0.0, 1.0]], "bev": "bev_25c6e881c42c4b1990449c661ae6532c.png", "aux": "aux_25c6e881c42c4b1990449c661ae6532c.npz", "visibility": "visibility_25c6e881c42c4b1990449c661ae6532c.png", "pose": [[-0.7675014734268188, 0.6410472393035889, 0.0, 732.0148315429688], [-0.6410472393035889, -0.7675014734268188, 0.0, 1541.8203125], [0.0, 0.0, 1.0, 0.0], [0.0, 0.0, 0.0, 1.0]], "pose_inverse": [[-0.7675014734268188, -0.6410472393035889, 0.0, 1550.2020263671875], [0.6410472393035889, -0.7675014734268188, 0.0, 714.09326171875], [0.0, 0.0, 1.0, 0.0], [0.0, 0.0, 0.0, 1.0]], "cam_ids": [0, 1, 2, 3, 4, 5], "cam_channels": ["CAM_FRONT_LEFT", "CAM_FRONT", "CAM_FRONT_RIGHT", "CAM_BACK_LEFT", "CAM_BACK", "CAM_BACK_RIGHT"], "token": "25c6e881c42c4b1990449c661ae6532c", "scene": "scene-0926"}, {"images": ["samples/CAM_FRONT_LEFT/n015-2018-10-08-15-44-23+0800__CAM_FRONT_LEFT__1538984950904844.jpg", "samples/CAM_FRONT/n015-2018-10-08-15-44-23+0800__CAM_FRONT__1538984950912460.jpg", "samples/CAM_FRONT_RIGHT/n015-2018-10-08-15-44-23+0800__CAM_FRONT_RIGHT__1538984950920339.jpg", "samples/CAM_BACK_LEFT/n015-2018-10-08-15-44-23+0800__CAM_BACK_LEFT__1538984950947423.jpg", "samples/CAM_BACK/n015-2018-10-08-15-44-23+0800__CAM_BACK__1538984950937525.jpg", "samples/CAM_BACK_RIGHT/n015-2018-10-08-15-44-23+0800__CAM_BACK_RIGHT__1538984950927893.jpg"], "intrinsics": [[[1272.5979470598488, 0.0, 826.6154927353808], [0.0, 1272.5979470598488, 479.75165386361925], [0.0, 0.0, 1.0]], [[1266.417203046554, 0.0, 816.2670197447984], [0.0, 1266.417203046554, 491.50706579294757], [0.0, 0.0, 1.0]], [[1260.8474446004698, 0.0, 807.968244525554], [0.0, 1260.8474446004698, 495.3344268742088], [0.0, 0.0, 1.0]], [[1256.7414812095406, 0.0, 792.1125740759628], [0.0, 1256.7414812095406, 492.7757465151356], [0.0, 0.0, 1.0]], [[809.2209905677063, 0.0, 829.2196003259838], [0.0, 809.2209905677063, 481.77842384512485], [0.0, 0.0, 1.0]], [[1259.5137405846733, 0.0, 807.2529053838625], [0.0, 1259.5137405846733, 501.19579884916527], [0.0, 0.0, 1.0]]], "extrinsics": [[[0.8223901987075806, -0.5685691833496094, 0.0200832299888134, -0.91339111328125], [-0.006733312737196684, -0.04502497985959053, -0.9989631175994873, 1.5078163146972656], [0.5688838362693787, 0.821402370929718, -0.040856461971998215, -1.244384765625], [0.0, 0.0, 0.0, 1.0]], [[0.008212124928832054, -0.9987621903419495, 0.04905662313103676, 0.0052490234375], [-0.012020708993077278, -0.04915333166718483, -0.9987189173698425, 1.5199050903320312], [0.9998939633369446, 0.007611905690282583, -0.012409485876560211, -1.640625], [0.0, 0.0, 0.0, 1.0]], [[-0.8317998051643372, -0.5545942187309265, 0.023115308955311775, 0.9991455078125], [-0.006434278562664986, -0.03200710564851761, -0.9994668960571289, 1.5033817291259766], [0.5550383925437927, -0.8315050601959229, 0.02305508777499199, -1.226715087890625], [0.0, 0.0, 0.0, 1.0]], [[0.9475635886192322, 0.3190706670284271, -0.017808225005865097, -1.1419677734375], [0.002298222854733467, -0.06252861022949219, -0.998040497303009, 1.5885505676269531], [-0.31955891847610474, 0.9456659555435181, -0.05998313054442406, -0.1037139892578125], [0.0, 0.0, 0.0, 1.0]], [[0.0011946149170398712, 0.9986196756362915, -0.052509892731904984, 0.0029296875], [-0.023131955415010452, -0.05246828496456146, -0.9983546733856201, 1.5790176391601562], [-0.999731719493866, 0.0024073095992207527, 0.023037347942590714, -0.0128173828125], [0.0, 0.0, 0.0, 1.0]], [[-0.935434103012085, 0.3528200089931488, -0.021935967728495598, 1.1094970703125], [0.00946029182523489, -0.037045661360025406, -0.9992687702178955, 1.5517206192016602], [-0.3533746600151062, -0.9349576234817505, 0.03131599351763725, -0.07373046875], [0.0, 0.0, 0.0, 1.0]]], "view": [[0.0, -2.0, 100.0], [-2.0, 0.0, 100.0], [0.0, 0.0, 1.0]], "bev": "bev_7bb8d00122624267a777a5ed487b8703.png", "aux": "aux_7bb8d00122624267a777a5ed487b8703.npz", "visibility": "visibility_7bb8d00122624267a777a5ed487b8703.png", "pose": [[-0.7753375172615051, 0.6315470933914185, 0.0, 731.5079345703125], [-0.6315470933914185, -0.7753375172615051, 0.0, 1541.402587890625], [0.0, 0.0, 1.0, 0.0], [0.0, 0.0, 0.0, 1.0]], "pose_inverse": [[-0.7753375172615051, -0.6315470933914185, 0.0, 1540.6339111328125], [0.6315470933914185, -0.7753375172615051, 0.0, 733.1255493164062], [0.0, 0.0, 1.0, 0.0], [0.0, 0.0, 0.0, 1.0]], "cam_ids": [0, 1, 2, 3, 4, 5], "cam_channels": ["CAM_FRONT_LEFT", "CAM_FRONT", "CAM_FRONT_RIGHT", "CAM_BACK_LEFT", "CAM_BACK", "CAM_BACK_RIGHT"], "token": "7bb8d00122624267a777a5ed487b8703", "scene": "scene-0926"}, {"images": ["samples/CAM_FRONT_LEFT/n015-2018-10-08-15-44-23+0800__CAM_FRONT_LEFT__1538984951404844.jpg", "samples/CAM_FRONT/n015-2018-10-08-15-44-23+0800__CAM_FRONT__1538984951412460.jpg", "samples/CAM_FRONT_RIGHT/n015-2018-10-08-15-44-23+0800__CAM_FRONT_RIGHT__1538984951420339.jpg", "samples/CAM_BACK_LEFT/n015-2018-10-08-15-44-23+0800__CAM_BACK_LEFT__1538984951447423.jpg", "samples/CAM_BACK/n015-2018-10-08-15-44-23+0800__CAM_BACK__1538984951437525.jpg", "samples/CAM_BACK_RIGHT/n015-2018-10-08-15-44-23+0800__CAM_BACK_RIGHT__1538984951427893.jpg"], "intrinsics": [[[1272.5979470598488, 0.0, 826.6154927353808], [0.0, 1272.5979470598488, 479.75165386361925], [0.0, 0.0, 1.0]], [[1266.417203046554, 0.0, 816.2670197447984], [0.0, 1266.417203046554, 491.50706579294757], [0.0, 0.0, 1.0]], [[1260.8474446004698, 0.0, 807.968244525554], [0.0, 1260.8474446004698, 495.3344268742088], [0.0, 0.0, 1.0]], [[1256.7414812095406, 0.0, 792.1125740759628], [0.0, 1256.7414812095406, 492.7757465151356], [0.0, 0.0, 1.0]], [[809.2209905677063, 0.0, 829.2196003259838], [0.0, 809.2209905677063, 481.77842384512485], [0.0, 0.0, 1.0]], [[1259.5137405846733, 0.0, 807.2529053838625], [0.0, 1259.5137405846733, 501.19579884916527], [0.0, 0.0, 1.0]]], "extrinsics": [[[0.8250185251235962, -0.5646960735321045, 0.021510383114218712, -0.91009521484375], [-0.006578479893505573, -0.04765898734331131, -0.9988420009613037, 1.5078277587890625], [0.5650673508644104, 0.8239217400550842, -0.0430343933403492, -1.2431640625], [0.0, 0.0, 0.0, 1.0]], [[0.011999893933534622, -0.9985966086387634, 0.0515829399228096, 0.006103515625], [-0.011866993270814419, -0.051725246012210846, -0.9985908269882202, 1.5199089050292969], [0.9998575448989868, 0.011370846070349216, -0.012471035122871399, -1.637939453125], [0.0, 0.0, 0.0, 1.0]], [[-0.8301616311073303, -0.5569846630096436, 0.024489495903253555, 0.9974365234375], [-0.006350366398692131, -0.03447601571679115, -0.9993853569030762, 1.503387451171875], [0.5574866533279419, -0.8298068642616272, 0.02508361078798771, -1.22479248046875], [0.0, 0.0, 0.0, 1.0]], [[0.947571337223053, 0.3190110921859741, -0.01844911277294159, -1.142333984375], [0.0023650117218494415, -0.06473561376333237, -0.9978996515274048, 1.5885734558105469], [-0.31953537464141846, 0.9455375075340271, -0.06209608167409897, -0.10400390625], [0.0, 0.0, 0.0, 1.0]], [[7.592092151753604e-05, 0.9984973669052124, -0.054800331592559814, 0.00244140625], [-0.023043744266033173, -0.054784033447504044, -0.9982323050498962, 1.5790176391601562], [-0.9997344613075256, 0.001338612986728549, 0.023004958406090736, -0.013916015625], [0.0, 0.0, 0.0, 1.0]], [[-0.9361909627914429, 0.3507528007030487, -0.022782405838370323, 1.1072998046875], [0.00955063197761774, -0.03940797597169876, -0.9991775751113892, 1.5517597198486328], [-0.3513621389865875, -0.9356386065483093, 0.033543478697538376, -0.0738525390625], [0.0, 0.0, 0.0, 1.0]]], "view": [[0.0, -2.0, 100.0], [-2.0, 0.0, 100.0], [0.0, 0.0, 1.0]], "bev": "bev_48ba767f9b8248a5b6f6921182e053b4.png", "aux": "aux_48ba767f9b8248a5b6f6921182e053b4.npz", "visibility": "visibility_48ba767f9b8248a5b6f6921182e053b4.png", "pose": [[-0.81062251329422, 0.5855690836906433, 0.0, 730.9064331054688], [-0.5855690836906433, -0.81062251329422, 0.0, 1540.9403076171875], [0.0, 0.0, 1.0, 0.0], [0.0, 0.0, 0.0, 1.0]], "pose_inverse": [[-0.81062251329422, -0.5855690836906433, 0.0, 1494.816162109375], [0.5855690836906433, -0.81062251329422, 0.0, 821.1246948242188], [0.0, 0.0, 1.0, 0.0], [0.0, 0.0, 0.0, 1.0]], "cam_ids": [0, 1, 2, 3, 4, 5], "cam_channels": ["CAM_FRONT_LEFT", "CAM_FRONT", "CAM_FRONT_RIGHT", "CAM_BACK_LEFT", "CAM_BACK", "CAM_BACK_RIGHT"], "token": "48ba767f9b8248a5b6f6921182e053b4", "scene": "scene-0926"}, {"images": ["samples/CAM_FRONT_LEFT/n015-2018-10-08-15-44-23+0800__CAM_FRONT_LEFT__1538984951904844.jpg", "samples/CAM_FRONT/n015-2018-10-08-15-44-23+0800__CAM_FRONT__1538984951912460.jpg", "samples/CAM_FRONT_RIGHT/n015-2018-10-08-15-44-23+0800__CAM_FRONT_RIGHT__1538984951920339.jpg", "samples/CAM_BACK_LEFT/n015-2018-10-08-15-44-23+0800__CAM_BACK_LEFT__1538984951947423.jpg", "samples/CAM_BACK/n015-2018-10-08-15-44-23+0800__CAM_BACK__1538984951937525.jpg", "samples/CAM_BACK_RIGHT/n015-2018-10-08-15-44-23+0800__CAM_BACK_RIGHT__1538984951927893.jpg"], "intrinsics": [[[1272.5979470598488, 0.0, 826.6154927353808], [0.0, 1272.5979470598488, 479.75165386361925], [0.0, 0.0, 1.0]], [[1266.417203046554, 0.0, 816.2670197447984], [0.0, 1266.417203046554, 491.50706579294757], [0.0, 0.0, 1.0]], [[1260.8474446004698, 0.0, 807.968244525554], [0.0, 1260.8474446004698, 495.3344268742088], [0.0, 0.0, 1.0]], [[1256.7414812095406, 0.0, 792.1125740759628], [0.0, 1256.7414812095406, 492.7757465151356], [0.0, 0.0, 1.0]], [[809.2209905677063, 0.0, 829.2196003259838], [0.0, 809.2209905677063, 481.77842384512485], [0.0, 0.0, 1.0]], [[1259.5137405846733, 0.0, 807.2529053838625], [0.0, 1259.5137405846733, 501.19579884916527], [0.0, 0.0, 1.0]]], "extrinsics": [[[0.8290855884552002, -0.5585037469863892, 0.02628183923661709, -0.9039306640625], [-0.0025696000084280968, -0.05081116035580635, -0.9987049698829651, 1.5082931518554688], [0.5591158270835876, 0.8279443383216858, -0.04356192797422409, -1.2445068359375], [0.0, 0.0, 0.0, 1.0]], [[0.01785137690603733, -0.9983457922935486, 0.054651644080877304, 0.00970458984375], [-0.007909304462373257, -0.054799649864435196, -0.9984660744667053, 1.5202751159667969], [0.9998093843460083, 0.01739170402288437, -0.008874469436705112, -1.6343994140625], [0.0, 0.0, 0.0, 1.0]], [[-0.8276157379150391, -0.5608192682266235, 0.023106269538402557, 0.996826171875], [-0.002551188226789236, -0.03740709647536278, -0.9992968440055847, 1.5036506652832031], [0.5612893104553223, -0.8270927667617798, 0.029527947306632996, -1.2208290100097656], [0.0, 0.0, 0.0, 1.0]], [[0.9477621912956238, 0.31858059763908386, -0.015912683680653572, -1.1507568359375], [0.005857628304511309, -0.06726087629795074, -0.9977182149887085, 1.5886802673339844], [-0.3189239501953125, 0.9455063343048096, -0.06561344861984253, -0.103424072265625], [0.0, 0.0, 0.0, 1.0]], [[-0.0014492250047624111, 0.9983463287353516, -0.05746741220355034, 0.00067138671875], [-0.019360849633812904, -0.057484712451696396, -0.9981586337089539, 1.5791854858398438], [-0.9998115301132202, -0.00033388720476068556, 0.019412139430642128, -0.0135498046875], [0.0, 0.0, 0.0, 1.0]], [[-0.9373011589050293, 0.3474608361721039, -0.027155883610248566, 1.10479736328125], [0.013309977017343044, -0.04217413067817688, -0.9990216493606567, 1.5520000457763672], [-0.3482661545276642, -0.9367457032203674, 0.034905169159173965, -0.0721435546875], [0.0, 0.0, 0.0, 1.0]]], "view": [[0.0, -2.0, 100.0], [-2.0, 0.0, 100.0], [0.0, 0.0, 1.0]], "bev": "bev_78989332f49b47ada534ecfe51c78dd5.png", "aux": "aux_78989332f49b47ada534ecfe51c78dd5.npz", "visibility": "visibility_78989332f49b47ada534ecfe51c78dd5.png", "pose": [[-0.8746771216392517, 0.48470601439476013, 0.0, 730.1702270507812], [-0.48470601439476013, -0.8746771216392517, 0.0, 1540.474853515625], [0.0, 0.0, 1.0, 0.0], [0.0, 0.0, 0.0, 1.0]], "pose_inverse": [[-0.8746771216392517, -0.48470601439476013, 0.0, 1385.340576171875], [0.48470601439476013, -0.8746771216392517, 0.0, 993.5001831054688], [0.0, 0.0, 1.0, 0.0], [0.0, 0.0, 0.0, 1.0]], "cam_ids": [0, 1, 2, 3, 4, 5], "cam_channels": ["CAM_FRONT_LEFT", "CAM_FRONT", "CAM_FRONT_RIGHT", "CAM_BACK_LEFT", "CAM_BACK", "CAM_BACK_RIGHT"], "token": "78989332f49b47ada534ecfe51c78dd5", "scene": "scene-0926"}, {"images": ["samples/CAM_FRONT_LEFT/n015-2018-10-08-15-44-23+0800__CAM_FRONT_LEFT__1538984952404844.jpg", "samples/CAM_FRONT/n015-2018-10-08-15-44-23+0800__CAM_FRONT__1538984952412460.jpg", "samples/CAM_FRONT_RIGHT/n015-2018-10-08-15-44-23+0800__CAM_FRONT_RIGHT__1538984952420339.jpg", "samples/CAM_BACK_LEFT/n015-2018-10-08-15-44-23+0800__CAM_BACK_LEFT__1538984952447423.jpg", "samples/CAM_BACK/n015-2018-10-08-15-44-23+0800__CAM_BACK__1538984952437525.jpg", "samples/CAM_BACK_RIGHT/n015-2018-10-08-15-44-23+0800__CAM_BACK_RIGHT__1538984952427893.jpg"], "intrinsics": [[[1272.5979470598488, 0.0, 826.6154927353808], [0.0, 1272.5979470598488, 479.75165386361925], [0.0, 0.0, 1.0]], [[1266.417203046554, 0.0, 816.2670197447984], [0.0, 1266.417203046554, 491.50706579294757], [0.0, 0.0, 1.0]], [[1260.8474446004698, 0.0, 807.968244525554], [0.0, 1260.8474446004698, 495.3344268742088], [0.0, 0.0, 1.0]], [[1256.7414812095406, 0.0, 792.1125740759628], [0.0, 1256.7414812095406, 492.7757465151356], [0.0, 0.0, 1.0]], [[809.2209905677063, 0.0, 829.2196003259838], [0.0, 809.2209905677063, 481.77842384512485], [0.0, 0.0, 1.0]], [[1259.5137405846733, 0.0, 807.2529053838625], [0.0, 1259.5137405846733, 501.19579884916527], [0.0, 0.0, 1.0]]], "extrinsics": [[[0.8320664763450623, -0.5538411736488342, 0.030420901253819466, -0.8706512451171875], [0.002136816270649433, -0.05164344608783722, -0.9986633062362671, 1.5087471008300781], [0.5546718239784241, 0.8310192823410034, -0.04178732633590698, -1.2236328125], [0.0, 0.0, 0.0, 1.0]], [[0.02211134135723114, -0.9981880187988281, 0.055962786078453064, 0.01220703125], [-0.003291125176474452, -0.05604884400963783, -0.9984226226806641, 1.5205230712890625], [0.9997500777244568, 0.021892230957746506, -0.004524475894868374, -1.60205078125], [0.0, 0.0, 0.0, 1.0]], [[-0.8257507085800171, -0.5636642575263977, 0.020452868193387985, 0.9779052734375], [0.0018986703362315893, -0.03903931379318237, -0.9992358684539795, 1.5040054321289062], [0.5640320777893066, -0.825080931186676, 0.03330695629119873, -1.204376220703125], [0.0, 0.0, 0.0, 1.0]], [[0.9476702809333801, 0.3189930319786072, -0.012824094854295254, -1.142333984375], [0.010115654207766056, -0.07015247642993927, -0.9974849820137024, 1.5890121459960938], [-0.3190903663635254, 0.9451572299003601, -0.06970823556184769, -0.1102294921875], [0.0, 0.0, 0.0, 1.0]], [[-0.002664964646100998, 0.9981977343559265, -0.059951458126306534, -0.0030517578125], [-0.015034278854727745, -0.05998488515615463, -0.9980860948562622, 1.5793075561523438], [-0.9998834729194641, -0.001758514204993844, 0.015167039819061756, -0.02490234375], [0.0, 0.0, 0.0, 1.0]], [[-0.9380689859390259, 0.3449793756008148, -0.03187227249145508, 1.08599853515625], [0.01770363189280033, -0.04414460062980652, -0.9988682866096497, 1.5526542663574219], [-0.3459959626197815, -0.9375715851783752, 0.03530328720808029, -0.07470703125], [0.0, 0.0, 0.0, 1.0]]], "view": [[0.0, -2.0, 100.0], [-2.0, 0.0, 100.0], [0.0, 0.0, 1.0]], "bev": "bev_7c4bfd7aa61f4fb4a0e87d82a0b9609e.png", "aux": "aux_7c4bfd7aa61f4fb4a0e87d82a0b9609e.npz", "visibility": "visibility_7c4bfd7aa61f4fb4a0e87d82a0b9609e.png", "pose": [[-0.9579772353172302, 0.28684428334236145, 0.0, 729.0559692382812], [-0.28684428334236145, -0.9579772353172302, 0.0, 1539.9931640625], [0.0, 0.0, 1.0, 0.0], [0.0, 0.0, 0.0, 1.0]], "pose_inverse": [[-0.9579772353172302, -0.28684428334236145, 0.0, 1140.1572265625], [0.28684428334236145, -0.9579772353172302, 0.0, 1266.15283203125], [0.0, 0.0, 1.0, 0.0], [0.0, 0.0, 0.0, 1.0]], "cam_ids": [0, 1, 2, 3, 4, 5], "cam_channels": ["CAM_FRONT_LEFT", "CAM_FRONT", "CAM_FRONT_RIGHT", "CAM_BACK_LEFT", "CAM_BACK", "CAM_BACK_RIGHT"], "token": "7c4bfd7aa61f4fb4a0e87d82a0b9609e", "scene": "scene-0926"}, {"images": ["samples/CAM_FRONT_LEFT/n015-2018-10-08-15-44-23+0800__CAM_FRONT_LEFT__1538984952904844.jpg", "samples/CAM_FRONT/n015-2018-10-08-15-44-23+0800__CAM_FRONT__1538984952912460.jpg", "samples/CAM_FRONT_RIGHT/n015-2018-10-08-15-44-23+0800__CAM_FRONT_RIGHT__1538984952920339.jpg", "samples/CAM_BACK_LEFT/n015-2018-10-08-15-44-23+0800__CAM_BACK_LEFT__1538984952947423.jpg", "samples/CAM_BACK/n015-2018-10-08-15-44-23+0800__CAM_BACK__1538984952937525.jpg", "samples/CAM_BACK_RIGHT/n015-2018-10-08-15-44-23+0800__CAM_BACK_RIGHT__1538984952927893.jpg"], "intrinsics": [[[1272.5979470598488, 0.0, 826.6154927353808], [0.0, 1272.5979470598488, 479.75165386361925], [0.0, 0.0, 1.0]], [[1266.417203046554, 0.0, 816.2670197447984], [0.0, 1266.417203046554, 491.50706579294757], [0.0, 0.0, 1.0]], [[1260.8474446004698, 0.0, 807.968244525554], [0.0, 1260.8474446004698, 495.3344268742088], [0.0, 0.0, 1.0]], [[1256.7414812095406, 0.0, 792.1125740759628], [0.0, 1256.7414812095406, 492.7757465151356], [0.0, 0.0, 1.0]], [[809.2209905677063, 0.0, 829.2196003259838], [0.0, 809.2209905677063, 481.77842384512485], [0.0, 0.0, 1.0]], [[1259.5137405846733, 0.0, 807.2529053838625], [0.0, 1259.5137405846733, 501.19579884916527], [0.0, 0.0, 1.0]]], "extrinsics": [[[0.8332821130752563, -0.5520594716072083, 0.029517479240894318, -0.861114501953125], [0.0011044994462281466, -0.05172917991876602, -0.9986605048179626, 1.5087966918945312], [0.5528469085693359, 0.8321986198425293, -0.042495246976614, -1.2210693359375], [0.0, 0.0, 0.0, 1.0]], [[0.0237989891320467, -0.9981682896614075, 0.055619556456804276, 0.0145263671875], [-0.004387532826513052, -0.05573906749486923, -0.9984357357025146, 1.5205154418945312], [0.9997071623802185, 0.02351771667599678, -0.005706028547137976, -1.594482421875], [0.0, 0.0, 0.0, 1.0]], [[-0.8250811696052551, -0.5646219253540039, 0.021054472774267197, 0.973388671875], [0.0007115311454981565, -0.03830189257860184, -0.9992659091949463, 1.503997802734375], [0.5650138258934021, -0.824460506439209, 0.03200391307473183, -1.19891357421875], [0.0, 0.0, 0.0, 1.0]], [[0.9478502869606018, 0.31843239068984985, -0.013438926078379154, -1.142822265625], [0.008741508238017559, -0.06812382489442825, -0.9976385831832886, 1.58905029296875], [-0.31859591603279114, 0.9454946517944336, -0.06735476851463318, -0.11083984375], [0.0, 0.0, 0.0, 1.0]], [[-0.002839890541508794, 0.998292863368988, -0.05833754688501358, -0.004150390625], [-0.01633569970726967, -0.05837630853056908, -0.9981610178947449, 1.57928466796875], [-0.999862551689148, -0.0018816824303939939, 0.016473593190312386, -0.02789306640625], [0.0, 0.0, 0.0, 1.0]], [[-0.9383484721183777, 0.3443619906902313, -0.03028223291039467, 1.0802764892578125], [0.016458354890346527, -0.04299677163362503, -0.9989396333694458, 1.552734375], [-0.3452988862991333, -0.9378519654273987, 0.034678321331739426, -0.0751953125], [0.0, 0.0, 0.0, 1.0]]], "view": [[0.0, -2.0, 100.0], [-2.0, 0.0, 100.0], [0.0, 0.0, 1.0]], "bev": "bev_3f2adb9db8ab428abd54009707d46992.png", "aux": "aux_3f2adb9db8ab428abd54009707d46992.npz", "visibility": "visibility_3f2adb9db8ab428abd54009707d46992.png", "pose": [[-0.9990978837013245, 0.042467232793569565, 0.0, 727.7830200195312], [-0.042467232793569565, -0.9990978837013245, 0.0, 1539.77197265625], [0.0, 0.0, 1.0, 0.0], [0.0, 0.0, 0.0, 1.0]], "pose_inverse": [[-0.9990978837013245, -0.042467232793569565, 0.0, 792.5162963867188], [0.042467232793569565, -0.9990978837013245, 0.0, 1507.4759521484375], [0.0, 0.0, 1.0, 0.0], [0.0, 0.0, 0.0, 1.0]], "cam_ids": [0, 1, 2, 3, 4, 5], "cam_channels": ["CAM_FRONT_LEFT", "CAM_FRONT", "CAM_FRONT_RIGHT", "CAM_BACK_LEFT", "CAM_BACK", "CAM_BACK_RIGHT"], "token": "3f2adb9db8ab428abd54009707d46992", "scene": "scene-0926"}, {"images": ["samples/CAM_FRONT_LEFT/n015-2018-10-08-15-44-23+0800__CAM_FRONT_LEFT__1538984953404844.jpg", "samples/CAM_FRONT/n015-2018-10-08-15-44-23+0800__CAM_FRONT__1538984953412460.jpg", "samples/CAM_FRONT_RIGHT/n015-2018-10-08-15-44-23+0800__CAM_FRONT_RIGHT__1538984953420339.jpg", "samples/CAM_BACK_LEFT/n015-2018-10-08-15-44-23+0800__CAM_BACK_LEFT__1538984953447423.jpg", "samples/CAM_BACK/n015-2018-10-08-15-44-23+0800__CAM_BACK__1538984953437525.jpg", "samples/CAM_BACK_RIGHT/n015-2018-10-08-15-44-23+0800__CAM_BACK_RIGHT__1538984953427893.jpg"], "intrinsics": [[[1272.5979470598488, 0.0, 826.6154927353808], [0.0, 1272.5979470598488, 479.75165386361925], [0.0, 0.0, 1.0]], [[1266.417203046554, 0.0, 816.2670197447984], [0.0, 1266.417203046554, 491.50706579294757], [0.0, 0.0, 1.0]], [[1260.8474446004698, 0.0, 807.968244525554], [0.0, 1260.8474446004698, 495.3344268742088], [0.0, 0.0, 1.0]], [[1256.7414812095406, 0.0, 792.1125740759628], [0.0, 1256.7414812095406, 492.7757465151356], [0.0, 0.0, 1.0]], [[809.2209905677063, 0.0, 829.2196003259838], [0.0, 809.2209905677063, 481.77842384512485], [0.0, 0.0, 1.0]], [[1259.5137405846733, 0.0, 807.2529053838625], [0.0, 1259.5137405846733, 501.19579884916527], [0.0, 0.0, 1.0]]], "extrinsics": [[[0.833581805229187, -0.5517175197601318, 0.027372421696782112, -0.8482666015625], [0.0009381383424624801, -0.048138149082660675, -0.9988402128219604, 1.5087432861328125], [0.5523952841758728, 0.8326406478881836, -0.03960949927568436, -1.21240234375], [0.0, 0.0, 0.0, 1.0]], [[0.024134032428264618, -0.9983552694320679, 0.05200238153338432, 0.01513671875], [-0.004107988905161619, -0.05211613327264786, -0.9986326098442078, 1.5204620361328125], [0.9997002482414246, 0.02388739213347435, -0.005359003785997629, -1.581451416015625], [0.0, 0.0, 0.0, 1.0]], [[-0.8249961137771606, -0.564839243888855, 0.018383774906396866, 0.96484375], [0.0014480182435363531, -0.034642294049263, -0.9993987083435059, 1.5040664672851562], [0.5651365518569946, -0.8244734406471252, 0.02939765714108944, -1.1920166015625], [0.0, 0.0, 0.0, 1.0]], [[0.9479642510414124, 0.31816035509109497, -0.011737818829715252, -1.139404296875], [0.009183953516185284, -0.06417890638113022, -0.997896134853363, 1.589111328125], [-0.3182443082332611, 0.9458620548248291, -0.06376127898693085, -0.1129150390625], [0.0, 0.0, 0.0, 1.0]], [[-0.0026396187022328377, 0.9985112547874451, -0.05448192358016968, -0.0052490234375], [-0.01572832092642784, -0.05451682582497597, -0.9983890056610107, 1.5792312622070312], [-0.9998727440834045, -0.0017784626688808203, 0.015848811715841293, -0.03399658203125], [0.0, 0.0, 0.0, 1.0]], [[-0.9383333921432495, 0.3444541096687317, -0.02969658002257347, 1.0712738037109375], [0.01721748523414135, -0.03923185542225838, -0.9990818500518799, 1.552947998046875], [-0.34530285000801086, -0.9379831552505493, 0.03088192455470562, -0.0772705078125], [0.0, 0.0, 0.0, 1.0]]], "view": [[0.0, -2.0, 100.0], [-2.0, 0.0, 100.0], [0.0, 0.0, 1.0]], "bev": "bev_c06a5e8ca3694889a25d3143d4dca9d5.png", "aux": "aux_c06a5e8ca3694889a25d3143d4dca9d5.npz", "visibility": "visibility_c06a5e8ca3694889a25d3143d4dca9d5.png", "pose": [[-0.9724097847938538, -0.23327918350696564, 0.0, 726.3338012695312], [0.23327918350696564, -0.9724097847938538, 0.0, 1539.9161376953125], [0.0, 0.0, 1.0, 0.0], [0.0, 0.0, 0.0, 1.0]], "pose_inverse": [[-0.9724097847938538, 0.23327918350696564, 0.0, 347.0637512207031], [-0.23327918350696564, -0.9724097847938538, 0.0, 1666.8680419921875], [0.0, 0.0, 1.0, 0.0], [0.0, 0.0, 0.0, 1.0]], "cam_ids": [0, 1, 2, 3, 4, 5], "cam_channels": ["CAM_FRONT_LEFT", "CAM_FRONT", "CAM_FRONT_RIGHT", "CAM_BACK_LEFT", "CAM_BACK", "CAM_BACK_RIGHT"], "token": "c06a5e8ca3694889a25d3143d4dca9d5", "scene": "scene-0926"}, {"images": ["samples/CAM_FRONT_LEFT/n015-2018-10-08-15-44-23+0800__CAM_FRONT_LEFT__1538984953904844.jpg", "samples/CAM_FRONT/n015-2018-10-08-15-44-23+0800__CAM_FRONT__1538984953912460.jpg", "samples/CAM_FRONT_RIGHT/n015-2018-10-08-15-44-23+0800__CAM_FRONT_RIGHT__1538984953920339.jpg", "samples/CAM_BACK_LEFT/n015-2018-10-08-15-44-23+0800__CAM_BACK_LEFT__1538984953947423.jpg", "samples/CAM_BACK/n015-2018-10-08-15-44-23+0800__CAM_BACK__1538984953937525.jpg", "samples/CAM_BACK_RIGHT/n015-2018-10-08-15-44-23+0800__CAM_BACK_RIGHT__1538984953927893.jpg"], "intrinsics": [[[1272.5979470598488, 0.0, 826.6154927353808], [0.0, 1272.5979470598488, 479.75165386361925], [0.0, 0.0, 1.0]], [[1266.417203046554, 0.0, 816.2670197447984], [0.0, 1266.417203046554, 491.50706579294757], [0.0, 0.0, 1.0]], [[1260.8474446004698, 0.0, 807.968244525554], [0.0, 1260.8474446004698, 495.3344268742088], [0.0, 0.0, 1.0]], [[1256.7414812095406, 0.0, 792.1125740759628], [0.0, 1256.7414812095406, 492.7757465151356], [0.0, 0.0, 1.0]], [[809.2209905677063, 0.0, 829.2196003259838], [0.0, 809.2209905677063, 481.77842384512485], [0.0, 0.0, 1.0]], [[1259.5137405846733, 0.0, 807.2529053838625], [0.0, 1259.5137405846733, 501.19579884916527], [0.0, 0.0, 1.0]]], "extrinsics": [[[0.8332570791244507, -0.5524097084999084, 0.022937197238206863, -0.833984375], [0.0009772263001650572, -0.04001474753022194, -0.9991986155509949, 1.508758544921875], [0.5528848171234131, 0.8326116800308228, -0.03280274197459221, -1.2042236328125], [0.0, 0.0, 0.0, 1.0]], [[0.023545144125819206, -0.9987589120864868, 0.043888114392757416, 0.0159912109375], [-0.004559673368930817, -0.044007111340761185, -0.9990208745002747, 1.5203170776367188], [0.999712347984314, 0.023322002962231636, -0.005590169690549374, -1.568389892578125], [0.0, 0.0, 0.0, 1.0]], [[-0.8253076672554016, -0.5644952058792114, 0.014575003646314144, 0.95599365234375], [0.0005010626628063619, -0.02654300443828106, -0.9996474981307983, 1.5039176940917969], [0.5646830797195435, -0.8250094652175903, 0.02218899317085743, -1.18603515625], [0.0, 0.0, 0.0, 1.0]], [[0.9480636715888977, 0.3179744482040405, -0.008216711692512035, -1.138031005859375], [0.010073766112327576, -0.0558348186314106, -0.9983891844749451, 1.58905029296875], [-0.3179210126399994, 0.9464537501335144, -0.05613816902041435, -0.11328125], [0.0, 0.0, 0.0, 1.0]], [[-0.002176599809899926, 0.9989296197891235, -0.04620442911982536, -0.0050048828125], [-0.01570294238626957, -0.046232979744672775, -0.9988072514533997, 1.5790786743164062], [-0.9998742938041687, -0.0014484715647995472, 0.01578676328063011, -0.038360595703125], [0.0, 0.0, 0.0, 1.0]], [[-0.938180685043335, 0.3451736271381378, -0.025925636291503906, 1.063720703125], [0.016191823408007622, -0.03105357475578785, -0.9993865489959717, 1.5529251098632812], [-0.34576699137687683, -0.9380249381065369, 0.023544875904917717, -0.08056640625], [0.0, 0.0, 0.0, 1.0]]], "view": [[0.0, -2.0, 100.0], [-2.0, 0.0, 100.0], [0.0, 0.0, 1.0]], "bev": "bev_6fbe3d91fb7944b798279abcc69651cb.png", "aux": "aux_6fbe3d91fb7944b798279abcc69651cb.npz", "visibility": "visibility_6fbe3d91fb7944b798279abcc69651cb.png", "pose": [[-0.871412992477417, -0.49055004119873047, 0.0, 724.8956909179688], [0.49055004119873047, -0.871412992477417, 0.0, 1540.4949951171875], [0.0, 0.0, 1.0, 0.0], [0.0, 0.0, 0.0, 1.0]], "pose_inverse": [[-0.871412992477417, 0.49055004119873047, 0.0, -124.00635528564453], [-0.49055004119873047, -0.871412992477417, 0.0, 1698.0050048828125], [0.0, 0.0, 1.0, 0.0], [0.0, 0.0, 0.0, 1.0]], "cam_ids": [0, 1, 2, 3, 4, 5], "cam_channels": ["CAM_FRONT_LEFT", "CAM_FRONT", "CAM_FRONT_RIGHT", "CAM_BACK_LEFT", "CAM_BACK", "CAM_BACK_RIGHT"], "token": "6fbe3d91fb7944b798279abcc69651cb", "scene": "scene-0926"}, {"images": ["samples/CAM_FRONT_LEFT/n015-2018-10-08-15-44-23+0800__CAM_FRONT_LEFT__1538984954404844.jpg", "samples/CAM_FRONT/n015-2018-10-08-15-44-23+0800__CAM_FRONT__1538984954412460.jpg", "samples/CAM_FRONT_RIGHT/n015-2018-10-08-15-44-23+0800__CAM_FRONT_RIGHT__1538984954420339.jpg", "samples/CAM_BACK_LEFT/n015-2018-10-08-15-44-23+0800__CAM_BACK_LEFT__1538984954447423.jpg", "samples/CAM_BACK/n015-2018-10-08-15-44-23+0800__CAM_BACK__1538984954437525.jpg", "samples/CAM_BACK_RIGHT/n015-2018-10-08-15-44-23+0800__CAM_BACK_RIGHT__1538984954427893.jpg"], "intrinsics": [[[1272.5979470598488, 0.0, 826.6154927353808], [0.0, 1272.5979470598488, 479.75165386361925], [0.0, 0.0, 1.0]], [[1266.417203046554, 0.0, 816.2670197447984], [0.0, 1266.417203046554, 491.50706579294757], [0.0, 0.0, 1.0]], [[1260.8474446004698, 0.0, 807.968244525554], [0.0, 1260.8474446004698, 495.3344268742088], [0.0, 0.0, 1.0]], [[1256.7414812095406, 0.0, 792.1125740759628], [0.0, 1256.7414812095406, 492.7757465151356], [0.0, 0.0, 1.0]], [[809.2209905677063, 0.0, 829.2196003259838], [0.0, 809.2209905677063, 481.77842384512485], [0.0, 0.0, 1.0]], [[1259.5137405846733, 0.0, 807.2529053838625], [0.0, 1259.5137405846733, 501.19579884916527], [0.0, 0.0, 1.0]]], "extrinsics": [[[0.8310995101928711, -0.5559011101722717, 0.01573522575199604, -0.8365478515625], [0.003384426236152649, -0.023238113150000572, -0.9997242093086243, 1.5088119506835938], [0.5561134219169617, 0.8309235572814941, -0.017431776970624924, -1.19677734375], [0.0, 0.0, 0.0, 1.0]], [[0.020394327118992805, -0.9994236826896667, 0.02713838592171669, 0.009765625], [-0.0018870924832299352, -0.02718246355652809, -0.9996287226676941, 1.520355224609375], [0.9997901916503906, 0.02033553458750248, -0.0024403734132647514, -1.56671142578125], [0.0, 0.0, 0.0, 1.0]], [[-0.8266597390174866, -0.5626963376998901, 0.0025606730487197638, 0.952362060546875], [0.0035003027878701687, -0.009692788124084473, -0.9999468922615051, 1.5040130615234375], [0.5626912117004395, -0.826606810092926, 0.009982245042920113, -1.19140625], [0.0, 0.0, 0.0, 1.0]], [[0.9481179118156433, 0.317918062210083, -0.0008201825548894703, -1.1430459022521973], [0.012236615642905235, -0.03907059505581856, -0.9991614818572998, 1.5886688232421875], [-0.31768348813056946, 0.9473128318786621, -0.040933769196271896, -0.1064453125], [0.0, 0.0, 0.0, 1.0]], [[-0.0011834007455036044, 0.9995681643486023, -0.02936292625963688, 0.000244140625], [-0.013114770874381065, -0.02937593311071396, -0.9994823932647705, 1.578948974609375], [-0.9999132752418518, -0.0007977139903232455, 0.013143870048224926, -0.03509521484375], [0.0, 0.0, 0.0, 1.0]], [[-0.9375069737434387, 0.34719446301460266, -0.023168182000517845, 1.067138671875], [0.0194405410438776, -0.014216301031410694, -0.999709963798523, 1.5529022216796875], [-0.34742307662963867, -0.9376854300498962, 0.0065782330930233, -0.0858154296875], [0.0, 0.0, 0.0, 1.0]]], "view": [[0.0, -2.0, 100.0], [-2.0, 0.0, 100.0], [0.0, 0.0, 1.0]], "bev": "bev_d11e40fecf3748db910241be9fc0d86b.png", "aux": "aux_d11e40fecf3748db910241be9fc0d86b.npz", "visibility": "visibility_d11e40fecf3748db910241be9fc0d86b.png", "pose": [[-0.7232983708381653, -0.6905356645584106, 0.0, 723.557861328125], [0.6905356645584106, -0.7232983708381653, 0.0, 1541.4832763671875], [0.0, 0.0, 1.0, 0.0], [0.0, 0.0, 0.0, 1.0]], "pose_inverse": [[-0.7232983708381653, 0.6905356645584106, 0.0, -541.1009521484375], [-0.6905356645584106, -0.7232983708381653, 0.0, 1614.5948486328125], [0.0, 0.0, 1.0, 0.0], [0.0, 0.0, 0.0, 1.0]], "cam_ids": [0, 1, 2, 3, 4, 5], "cam_channels": ["CAM_FRONT_LEFT", "CAM_FRONT", "CAM_FRONT_RIGHT", "CAM_BACK_LEFT", "CAM_BACK", "CAM_BACK_RIGHT"], "token": "d11e40fecf3748db910241be9fc0d86b", "scene": "scene-0926"}, {"images": ["samples/CAM_FRONT_LEFT/n015-2018-10-08-15-44-23+0800__CAM_FRONT_LEFT__1538984954904844.jpg", "samples/CAM_FRONT/n015-2018-10-08-15-44-23+0800__CAM_FRONT__1538984954912460.jpg", "samples/CAM_FRONT_RIGHT/n015-2018-10-08-15-44-23+0800__CAM_FRONT_RIGHT__1538984954920339.jpg", "samples/CAM_BACK_LEFT/n015-2018-10-08-15-44-23+0800__CAM_BACK_LEFT__1538984954947423.jpg", "samples/CAM_BACK/n015-2018-10-08-15-44-23+0800__CAM_BACK__1538984954937525.jpg", "samples/CAM_BACK_RIGHT/n015-2018-10-08-15-44-23+0800__CAM_BACK_RIGHT__1538984954927893.jpg"], "intrinsics": [[[1272.5979470598488, 0.0, 826.6154927353808], [0.0, 1272.5979470598488, 479.75165386361925], [0.0, 0.0, 1.0]], [[1266.417203046554, 0.0, 816.2670197447984], [0.0, 1266.417203046554, 491.50706579294757], [0.0, 0.0, 1.0]], [[1260.8474446004698, 0.0, 807.968244525554], [0.0, 1260.8474446004698, 495.3344268742088], [0.0, 0.0, 1.0]], [[1256.7414812095406, 0.0, 792.1125740759628], [0.0, 1256.7414812095406, 492.7757465151356], [0.0, 0.0, 1.0]], [[809.2209905677063, 0.0, 829.2196003259838], [0.0, 809.2209905677063, 481.77842384512485], [0.0, 0.0, 1.0]], [[1259.5137405846733, 0.0, 807.2529053838625], [0.0, 1259.5137405846733, 501.19579884916527], [0.0, 0.0, 1.0]]], "extrinsics": [[[0.8287103772163391, -0.5594282150268555, 0.016708102077245712, -0.83056640625], [0.007010328117758036, -0.019475223496556282, -0.9997857809066772, 1.5093612670898438], [0.559633731842041, 0.8286499977111816, -0.01221754401922226, -1.187744140625], [0.0, 0.0, 0.0, 1.0]], [[0.017074696719646454, -0.9995764493942261, 0.023566799238324165, 0.0062255859375], [0.0016047318931668997, -0.02354281023144722, -0.9997215270996094, 1.5207252502441406], [0.9998529553413391, 0.017107773572206497, 0.0012020672438666224, -1.55767822265625], [0.0, 0.0, 0.0, 1.0]], [[-0.8279765248298645, -0.5607581734657288, -0.002236369764432311, 0.94415283203125], [0.006908996030688286, -0.006213397718966007, -0.9999567866325378, 1.5043754577636719], [0.5607200860977173, -0.8279562592506409, 0.009018824435770512, -1.189453125], [0.0, 0.0, 0.0, 1.0]], [[0.9479377269744873, 0.3184426724910736, 0.002876356476917863, -1.13861083984375], [0.015133365988731384, -0.03602322190999985, -0.9992363452911377, 1.5886383056640625], [-0.3180958032608032, 0.9472573399543762, -0.038966886699199677, -0.10546875], [0.0, 0.0, 0.0, 1.0]], [[-0.0005696761072613299, 0.9996572136878967, -0.026174455881118774, 0.0020751953125], [-0.01005272101610899, -0.026178861036896706, -0.9996067881