[{"images": ["samples/CAM_FRONT_LEFT/n015-2018-08-01-15-10-21+0800__CAM_FRONT_LEFT__1533107685504844.jpg", "samples/CAM_FRONT/n015-2018-08-01-15-10-21+0800__CAM_FRONT__1533107685512460.jpg", "samples/CAM_FRONT_RIGHT/n015-2018-08-01-15-10-21+0800__CAM_FRONT_RIGHT__1533107685520339.jpg", "samples/CAM_BACK_LEFT/n015-2018-08-01-15-10-21+0800__CAM_BACK_LEFT__1533107685547423.jpg", "samples/CAM_BACK/n015-2018-08-01-15-10-21+0800__CAM_BACK__1533107685537525.jpg", "samples/CAM_BACK_RIGHT/n015-2018-08-01-15-10-21+0800__CAM_BACK_RIGHT__1533107685527893.jpg"], "intrinsics": [[[1272.5979470598488, 0.0, 826.6154927353808], [0.0, 1272.5979470598488, 479.75165386361925], [0.0, 0.0, 1.0]], [[1266.417203046554, 0.0, 816.2670197447984], [0.0, 1266.417203046554, 491.50706579294757], [0.0, 0.0, 1.0]], [[1260.8474446004698, 0.0, 807.968244525554], [0.0, 1260.8474446004698, 495.3344268742088], [0.0, 0.0, 1.0]], [[1256.7414812095406, 0.0, 792.1125740759628], [0.0, 1256.7414812095406, 492.7757465151356], [0.0, 0.0, 1.0]], [[809.2209905677063, 0.0, 829.2196003259838], [0.0, 809.2209905677063, 481.77842384512485], [0.0, 0.0, 1.0]], [[1259.5137405846733, 0.0, 807.2529053838625], [0.0, 1259.5137405846733, 501.19579884916527], [0.0, 0.0, 1.0]]], "extrinsics": [[[0.8191756010055542, -0.5735425353050232, -0.00043674095650203526, -0.944580078125], [0.01782618835568428, 0.02622176520526409, -0.9994971752166748, 1.508672833442688], [0.5732656717300415, 0.8187558650970459, 0.031704310327768326, -1.266510009765625], [0.0, 0.0, 0.0, 1.0]], [[0.0036284003872424364, -0.9997482895851135, -0.02213805355131626, 0.005615234375], [0.01252665277570486, 0.022181903943419456, -0.9996755123138428, 1.5207750797271729], [0.9999148845672607, 0.003349899547174573, 0.012603984214365482, -1.67236328125], [0.0, 0.0, 0.0, 1.0]], [[-0.8334466814994812, -0.55136638879776, -0.03690096735954285, 1.01971435546875], [0.018181895837187767, 0.03937961533665657, -0.9990588426589966, 1.503908634185791], [0.5523006916046143, -0.8333332538604736, -0.022795923054218292, -1.239990234375], [0.0, 0.0, 0.0, 1.0]], [[0.9473857879638672, 0.3188417851924896, 0.02828686684370041, -1.1427001953125], [0.026834998279809952, 0.008946293033659458, -0.9995998740196228, 1.5885391235351562], [-0.31896722316741943, 0.9477656483650208, -8.052779594436288e-05, -0.1036376953125], [0.0, 0.0, 0.0, 1.0]], [[0.00277129840105772, 0.9998155832290649, 0.019000748172402382, 0.00262451171875], [0.0014096553204581141, 0.018996896222233772, -0.9998185634613037, 1.5793647766113281], [-0.9999951720237732, 0.0027975821867585182, -0.0013567493297159672, -0.00341796875], [0.0, 0.0, 0.0, 1.0]], [[-0.9340844750404358, 0.35651400685310364, -0.019595574587583542, 1.1258544921875], [0.03405101224780083, 0.034315213561058044, -0.9988307952880859, 1.551809310913086], [-0.35542476177215576, -0.9336596131324768, -0.04419296979904175, -0.0672607421875], [0.0, 0.0, 0.0, 1.0]]], "view": [[0.0, -2.0, 100.0], [-2.0, 0.0, 100.0], [0.0, 0.0, 1.0]], "bev": "bev_d614bc7059634973afe8b0ff29898a4b.png", "aux": "aux_d614bc7059634973afe8b0ff29898a4b.npz", "visibility": "visibility_d614bc7059634973afe8b0ff29898a4b.png", "pose": [[-0.13674165308475494, -0.9906067252159119, 0.0, 611.6752319335938], [0.9906067252159119, -0.13674165308475494, 0.0, 1451.8826904296875], [0.0, 0.0, 1.0, 0.0], [0.0, 0.0, 0.0, 1.0]], "pose_inverse": [[-0.13674165308475494, 0.9906067252159119, 0.0, -1354.603271484375], [-0.9906067252159119, -0.13674165308475494, 0.0, 804.4624633789062], [0.0, 0.0, 1.0, 0.0], [0.0, 0.0, 0.0, 1.0]], "cam_ids": [0, 1, 2, 3, 4, 5], "cam_channels": ["CAM_FRONT_LEFT", "CAM_FRONT", "CAM_FRONT_RIGHT", "CAM_BACK_LEFT", "CAM_BACK", "CAM_BACK_RIGHT"], "token": "d614bc7059634973afe8b0ff29898a4b", "scene": "scene-0192"}, {"images": ["samples/CAM_FRONT_LEFT/n015-2018-08-01-15-10-21+0800__CAM_FRONT_LEFT__1533107686004844.jpg", "samples/CAM_FRONT/n015-2018-08-01-15-10-21+0800__CAM_FRONT__1533107686012460.jpg", "samples/CAM_FRONT_RIGHT/n015-2018-08-01-15-10-21+0800__CAM_FRONT_RIGHT__1533107686020339.jpg", "samples/CAM_BACK_LEFT/n015-2018-08-01-15-10-21+0800__CAM_BACK_LEFT__1533107686047423.jpg", "samples/CAM_BACK/n015-2018-08-01-15-10-21+0800__CAM_BACK__1533107686037525.jpg", "samples/CAM_BACK_RIGHT/n015-2018-08-01-15-10-21+0800__CAM_BACK_RIGHT__1533107686027893.jpg"], "intrinsics": [[[1272.5979470598488, 0.0, 826.6154927353808], [0.0, 1272.5979470598488, 479.75165386361925], [0.0, 0.0, 1.0]], [[1266.417203046554, 0.0, 816.2670197447984], [0.0, 1266.417203046554, 491.50706579294757], [0.0, 0.0, 1.0]], [[1260.8474446004698, 0.0, 807.968244525554], [0.0, 1260.8474446004698, 495.3344268742088], [0.0, 0.0, 1.0]], [[1256.7414812095406, 0.0, 792.1125740759628], [0.0, 1256.7414812095406, 492.7757465151356], [0.0, 0.0, 1.0]], [[809.2209905677063, 0.0, 829.2196003259838], [0.0, 809.2209905677063, 481.77842384512485], [0.0, 0.0, 1.0]], [[1259.5137405846733, 0.0, 807.2529053838625], [0.0, 1259.5137405846733, 501.19579884916527], [0.0, 0.0, 1.0]]], "extrinsics": [[[0.8201030492782593, -0.5722149014472961, 0.0010077266488224268, -0.953369140625], [0.01786424033343792, 0.023842858150601387, -0.9995560646057129, 1.5084877014160156], [0.571936845779419, 0.8197570443153381, 0.02977578528225422, -1.2725601196289062], [0.0, 0.0, 0.0, 1.0]], [[0.004953938536345959, -0.9997932314872742, -0.019717790186405182, 0.00537109375], [0.012540229596197605, 0.019778594374656677, -0.9997257590293884, 1.520667552947998], [0.9999091029167175, 0.004705297760665417, 0.012635618448257446, -1.680908203125], [0.0, 0.0, 0.0, 1.0]], [[-0.8328832983970642, -0.5523049235343933, -0.035560838878154755, 1.02520751953125], [0.01814577355980873, 0.036967549473047256, -0.9991516470909119, 1.5037908554077148], [0.55315101146698, -0.8328220844268799, -0.020767655223608017, -1.24365234375], [0.0, 0.0, 0.0, 1.0]], [[0.9474141001701355, 0.3188289701938629, 0.02746743895113468, -1.1424560546875], [0.02677122876048088, 0.0065664006397128105, -0.9996199607849121, 1.5885486602783203], [-0.3188881576061249, 0.9477895498275757, -0.002314342185854912, -0.103759765625], [0.0, 0.0, 0.0, 1.0]], [[0.0024224556982517242, 0.9998593926429749, 0.016592200845479965, 0.0028076171875], [0.001360077876597643, 0.016588937491178513, -0.999861478805542, 1.579360008239746], [-0.9999961256980896, 0.0024446656461805105, -0.0013197014341130853, -0.0009765625], [0.0, 0.0, 0.0, 1.0]], [[-0.9343449473381042, 0.35578349232673645, -0.020434759557247162, 1.1304931640625], [0.03400097042322159, 0.031918592751026154, -0.9989120364189148, 1.5516548156738281], [-0.35474416613578796, -0.9340232610702515, -0.04191996157169342, -0.06561279296875], [0.0, 0.0, 0.0, 1.0]]], "view": [[0.0, -2.0, 100.0], [-2.0, 0.0, 100.0], [0.0, 0.0, 1.0]], "bev": "bev_40e3854a916a46bb9c0a133a2aa21024.png", "aux": "aux_40e3854a916a46bb9c0a133a2aa21024.npz", "visibility": "visibility_40e3854a916a46bb9c0a133a2aa21024.png", "pose": [[-0.16155043244361877, -0.986864447593689, 0.0, 611.6456909179688], [0.986864447593689, -0.16155043244361877, 0.0, 1452.105712890625], [0.0, 0.0, 1.0, 0.0], [0.0, 0.0, 0.0, 1.0]], "pose_inverse": [[-0.16155043244361877, 0.986864447593689, 0.0, -1334.2198486328125], [-0.986864447593689, -0.16155043244361877, 0.0, 838.19970703125], [0.0, 0.0, 1.0, 0.0], [0.0, 0.0, 0.0, 1.0]], "cam_ids": [0, 1, 2, 3, 4, 5], "cam_channels": ["CAM_FRONT_LEFT", "CAM_FRONT", "CAM_FRONT_RIGHT", "CAM_BACK_LEFT", "CAM_BACK", "CAM_BACK_RIGHT"], "token": "40e3854a916a46bb9c0a133a2aa21024", "scene": "scene-0192"}, {"images": ["samples/CAM_FRONT_LEFT/n015-2018-08-01-15-10-21+0800__CAM_FRONT_LEFT__1533107686504844.jpg", "samples/CAM_FRONT/n015-2018-08-01-15-10-21+0800__CAM_FRONT__1533107686512460.jpg", "samples/CAM_FRONT_RIGHT/n015-2018-08-01-15-10-21+0800__CAM_FRONT_RIGHT__1533107686520339.jpg", "samples/CAM_BACK_LEFT/n015-2018-08-01-15-10-21+0800__CAM_BACK_LEFT__1533107686547423.jpg", "samples/CAM_BACK/n015-2018-08-01-15-10-21+0800__CAM_BACK__1533107686537525.jpg", "samples/CAM_BACK_RIGHT/n015-2018-08-01-15-10-21+0800__CAM_BACK_RIGHT__1533107686527893.jpg"], "intrinsics": [[[1272.5979470598488, 0.0, 826.6154927353808], [0.0, 1272.5979470598488, 479.75165386361925], [0.0, 0.0, 1.0]], [[1266.417203046554, 0.0, 816.2670197447984], [0.0, 1266.417203046554, 491.50706579294757], [0.0, 0.0, 1.0]], [[1260.8474446004698, 0.0, 807.968244525554], [0.0, 1260.8474446004698, 495.3344268742088], [0.0, 0.0, 1.0]], [[1256.7414812095406, 0.0, 792.1125740759628], [0.0, 1256.7414812095406, 492.7757465151356], [0.0, 0.0, 1.0]], [[809.2209905677063, 0.0, 829.2196003259838], [0.0, 809.2209905677063, 481.77842384512485], [0.0, 0.0, 1.0]], [[1259.5137405846733, 0.0, 807.2529053838625], [0.0, 1259.5137405846733, 501.19579884916527], [0.0, 0.0, 1.0]]], "extrinsics": [[[0.8208215832710266, -0.5711790919303894, 0.0025091413408517838, -0.963623046875], [0.01977325603365898, 0.02402467094361782, -0.9995158314704895, 1.508272647857666], [0.5708422660827637, 0.8204737901687622, 0.031014040112495422, -1.2794570922851562], [0.0, 0.0, 0.0, 1.0]], [[0.006015891209244728, -0.9997842907905579, -0.019878702238202095, 0.00531005859375], [0.014504480175673962, 0.01996421255171299, -0.9996954798698425, 1.5205456018447876], [0.9998766779899597, 0.00572571437805891, 0.01462145522236824, -1.6910400390625], [0.0, 0.0, 0.0, 1.0]], [[-0.832375705242157, -0.5529512763023376, -0.03735530003905296, 1.03173828125], [0.020146643742918968, 0.03716842085123062, -0.9991059303283691, 1.503659725189209], [0.5538453459739685, -0.8323841691017151, -0.01979798451066017, -1.247802734375], [0.0, 0.0, 0.0, 1.0]], [[0.9473612904548645, 0.3188062310218811, 0.029480740427970886, -1.14208984375], [0.028836065903306007, 0.0067427633330225945, -0.9995613694190979, 1.5885562896728516], [-0.31886523962020874, 0.9477959275245667, -0.002805287018418312, -0.1038818359375], [0.0, 0.0, 0.0, 1.0]], [[0.0021103916224092245, 0.9998568296432495, 0.01679200492799282, 0.00274658203125], [0.0034226546995341778, 0.01678472012281418, -0.999853253364563, 1.5793571472167969], [-0.9999918937683105, 0.002167542465031147, -0.0033867424353957176, 0.00146484375], [0.0, 0.0, 0.0, 1.0]], [[-0.9345007538795471, 0.35526242852211, -0.022289464250206947, 1.1356201171875], [0.036041032522916794, 0.03213655203580856, -0.9988334774971008, 1.5514678955078125], [-0.35413169860839844, -0.9342139959335327, -0.04283566027879715, -0.063720703125], [0.0, 0.0, 0.0, 1.0]]], "view": [[0.0, -2.0, 100.0], [-2.0, 0.0, 100.0], [0.0, 0.0, 1.0]], "bev": "bev_851571952b6c44e2b54343a39ed52ee8.png", "aux": "aux_851571952b6c44e2b54343a39ed52ee8.npz", "visibility": "visibility_851571952b6c44e2b54343a39ed52ee8.png", "pose": [[-0.16983504593372345, -0.9854725003242493, 0.0, 611.6337890625], [0.9854725003242493, -0.16983504593372345, 0.0, 1452.2064208984375], [0.0, 0.0, 1.0, 0.0], [0.0, 0.0, 0.0, 1.0]], "pose_inverse": [[-0.16983504593372345, 0.9854725003242493, 0.0, -1327.232666015625], [-0.9854725003242493, -0.16983504593372345, 0.0, 849.3838500976562], [0.0, 0.0, 1.0, 0.0], [0.0, 0.0, 0.0, 1.0]], "cam_ids": [0, 1, 2, 3, 4, 5], "cam_channels": ["CAM_FRONT_LEFT", "CAM_FRONT", "CAM_FRONT_RIGHT", "CAM_BACK_LEFT", "CAM_BACK", "CAM_BACK_RIGHT"], "token": "851571952b6c44e2b54343a39ed52ee8", "scene": "scene-0192"}, {"images": ["samples/CAM_FRONT_LEFT/n015-2018-08-01-15-10-21+0800__CAM_FRONT_LEFT__1533107686904844.jpg", "samples/CAM_FRONT/n015-2018-08-01-15-10-21+0800__CAM_FRONT__1533107686912460.jpg", "samples/CAM_FRONT_RIGHT/n015-2018-08-01-15-10-21+0800__CAM_FRONT_RIGHT__1533107686920339.jpg", "samples/CAM_BACK_LEFT/n015-2018-08-01-15-10-21+0800__CAM_BACK_LEFT__1533107686947423.jpg", "samples/CAM_BACK/n015-2018-08-01-15-10-21+0800__CAM_BACK__1533107686937525.jpg", "samples/CAM_BACK_RIGHT/n015-2018-08-01-15-10-21+0800__CAM_BACK_RIGHT__1533107686927893.jpg"], "intrinsics": [[[1272.5979470598488, 0.0, 826.6154927353808], [0.0, 1272.5979470598488, 479.75165386361925], [0.0, 0.0, 1.0]], [[1266.417203046554, 0.0, 816.2670197447984], [0.0, 1266.417203046554, 491.50706579294757], [0.0, 0.0, 1.0]], [[1260.8474446004698, 0.0, 807.968244525554], [0.0, 1260.8474446004698, 495.3344268742088], [0.0, 0.0, 1.0]], [[1256.7414812095406, 0.0, 792.1125740759628], [0.0, 1256.7414812095406, 492.7757465151356], [0.0, 0.0, 1.0]], [[809.2209905677063, 0.0, 829.2196003259838], [0.0, 809.2209905677063, 481.77842384512485], [0.0, 0.0, 1.0]], [[1259.5137405846733, 0.0, 807.2529053838625], [0.0, 1259.5137405846733, 501.19579884916527], [0.0, 0.0, 1.0]]], "extrinsics": [[[0.820824921131134, -0.5711768865585327, 0.001818097080104053, -0.9664306640625], [0.01888425275683403, 0.023956529796123505, -0.9995346069335938, 1.5082106590270996], [0.5708674192428589, 0.820477306842804, 0.03045036643743515, -1.2813873291015625], [0.0, 0.0, 0.0, 1.0]], [[0.005988169461488724, -0.9997836947441101, -0.01991102658212185, 0.00518798828125], [0.013625909574329853, 0.019991114735603333, -0.9997072815895081, 1.5205106735229492], [0.9998891949653625, 0.005715074483305216, 0.01374267227947712, -1.6937255859375], [0.0, 0.0, 0.0, 1.0]], [[-0.8324145674705505, -0.5529367327690125, -0.03670194745063782, 1.033203125], [0.01927950046956539, 0.0372936949133873, -0.9991183280944824, 1.5036182403564453], [0.553817868232727, -0.8323882222175598, -0.020383471623063087, -1.249267578125], [0.0, 0.0, 0.0, 1.0]], [[0.9473735690116882, 0.31881532073020935, 0.028985442593693733, -1.14215087890625], [0.028179092332720757, 0.007142264861613512, -0.9995773434638977, 1.5885581970214844], [-0.3188875913619995, 0.9477900266647339, -0.0022175321355462074, -0.1038818359375], [0.0, 0.0, 0.0, 1.0]], [[0.0021216021850705147, 0.999851405620575, 0.017107071354985237, 0.0028076171875], [0.002663676394149661, 0.01710139960050583, -0.9998502135276794, 1.5793571472167969], [-0.999994158744812, 0.00216685957275331, -0.0026269983500242233, 0.002197265625], [0.0, 0.0, 0.0, 1.0]], [[-0.9345167279243469, 0.3552738130092621, -0.021423116326332092, 1.136962890625], [0.03519951552152634, 0.032357919961214066, -0.9988563060760498, 1.5514202117919922], [-0.35417428612709045, -0.9342021346092224, -0.04274448752403259, -0.06329345703125], [0.0, 0.0, 0.0, 1.0]]], "view": [[0.0, -2.0, 100.0], [-2.0, 0.0, 100.0], [0.0, 0.0, 1.0]], "bev": "bev_040bc397462b4ae4853d1e8ec9825a00.png", "aux": "aux_040bc397462b4ae4853d1e8ec9825a00.npz", "visibility": "visibility_040bc397462b4ae4853d1e8ec9825a00.png", "pose": [[-0.16995710134506226, -0.9854514598846436, 0.0, 611.6387329101562], [0.9854514598846436, -0.16995710134506226, 0.0, 1452.1900634765625], [0.0, 0.0, 1.0, 0.0], [0.0, 0.0, 0.0, 1.0]], "pose_inverse": [[-0.16995710134506226, 0.9854514598846436, 0.0, -1327.1104736328125], [-0.9854514598846436, -0.16995710134506226, 0.0, 849.55029296875], [0.0, 0.0, 1.0, 0.0], [0.0, 0.0, 0.0, 1.0]], "cam_ids": [0, 1, 2, 3, 4, 5], "cam_channels": ["CAM_FRONT_LEFT", "CAM_FRONT", "CAM_FRONT_RIGHT", "CAM_BACK_LEFT", "CAM_BACK", "CAM_BACK_RIGHT"], "token": "040bc397462b4ae4853d1e8ec9825a00", "scene": "scene-0192"}, {"images": ["samples/CAM_FRONT_LEFT/n015-2018-08-01-15-10-21+0800__CAM_FRONT_LEFT__1533107687404844.jpg", "samples/CAM_FRONT/n015-2018-08-01-15-10-21+0800__CAM_FRONT__1533107687412460.jpg", "samples/CAM_FRONT_RIGHT/n015-2018-08-01-15-10-21+0800__CAM_FRONT_RIGHT__1533107687420339.jpg", "samples/CAM_BACK_LEFT/n015-2018-08-01-15-10-21+0800__CAM_BACK_LEFT__1533107687447432.jpg", "samples/CAM_BACK/n015-2018-08-01-15-10-21+0800__CAM_BACK__1533107687437525.jpg", "samples/CAM_BACK_RIGHT/n015-2018-08-01-15-10-21+0800__CAM_BACK_RIGHT__1533107687427893.jpg"], "intrinsics": [[[1272.5979470598488, 0.0, 826.6154927353808], [0.0, 1272.5979470598488, 479.75165386361925], [0.0, 0.0, 1.0]], [[1266.417203046554, 0.0, 816.2670197447984], [0.0, 1266.417203046554, 491.50706579294757], [0.0, 0.0, 1.0]], [[1260.8474446004698, 0.0, 807.968244525554], [0.0, 1260.8474446004698, 495.3344268742088], [0.0, 0.0, 1.0]], [[1256.7414812095406, 0.0, 792.1125740759628], [0.0, 1256.7414812095406, 492.7757465151356], [0.0, 0.0, 1.0]], [[809.2209905677063, 0.0, 829.2196003259838], [0.0, 809.2209905677063, 481.77842384512485], [0.0, 0.0, 1.0]], [[1259.5137405846733, 0.0, 807.2529053838625], [0.0, 1259.5137405846733, 501.19579884916527], [0.0, 0.0, 1.0]]], "extrinsics": [[[0.8207747340202332, -0.5712437629699707, 0.00305005325935781, -0.96533203125], [0.02027394436299801, 0.023793309926986694, -0.9995113015174866, 1.5082316398620605], [0.5708920359611511, 0.8204354643821716, 0.031110312789678574, -1.2806358337402344], [0.0, 0.0, 0.0, 1.0]], [[0.0059582265093922615, -0.9997888803482056, -0.019660381600260735, 0.0052490234375], [0.015001444146037102, 0.019747883081436157, -0.999692440032959, 1.520522952079773], [0.9998696446418762, 0.00566147780045867, 0.015115940943360329, -1.692626953125], [0.0, 0.0, 0.0, 1.0]], [[-0.8323864340782166, -0.5529148578643799, -0.03765435889363289, 1.03265380859375], [0.020640572533011436, 0.03696710616350174, -0.999103307723999, 1.5036334991455078], [0.5538108944892883, -0.8324173092842102, -0.019358443096280098, -1.248779296875], [0.0, 0.0, 0.0, 1.0]], [[0.947346031665802, 0.3188026547431946, 0.030004428699612617, -1.14202880859375], [0.029420990496873856, 0.006646481808274984, -0.9995450377464294, 1.5885639190673828], [-0.3188570439815521, 0.9477977752685547, -0.003082972951233387, -0.1038818359375], [0.0, 0.0, 0.0, 1.0]], [[0.0021213602740317583, 0.9998591542243958, 0.01664688251912594, 0.00274658203125], [0.003968338947743177, 0.016638370230793953, -0.9998537302017212, 1.5793581008911133], [-0.9999898672103882, 0.002187114441767335, -0.003932484425604343, 0.0020751953125], [0.0, 0.0, 0.0, 1.0]], [[-0.9344759583473206, 0.3552941679954529, -0.022819938138127327, 1.1363525390625], [0.036542538553476334, 0.031959690153598785, -0.9988209009170532, 1.5514335632324219], [-0.35414594411849976, -0.9342080354690552, -0.042848918586969376, -0.063446044921875], [0.0, 0.0, 0.0, 1.0]]], "view": [[0.0, -2.0, 100.0], [-2.0, 0.0, 100.0], [0.0, 0.0, 1.0]], "bev": "bev_4c036343ca6e4670b2cfb8f99d150b40.png", "aux": "aux_4c036343ca6e4670b2cfb8f99d150b40.npz", "visibility": "visibility_4c036343ca6e4670b2cfb8f99d150b40.png", "pose": [[-0.17198903858661652, -0.9850988388061523, 0.0, 611.6436157226562], [0.9850988388061523, -0.17198903858661652, 0.0, 1452.1778564453125], [0.0, 0.0, 1.0, 0.0], [0.0, 0.0, 0.0, 1.0]], "pose_inverse": [[-0.17198903858661652, 0.9850988388061523, 0.0, -1325.3427734375], [-0.9850988388061523, -0.17198903858661652, 0.0, 852.2880859375], [0.0, 0.0, 1.0, 0.0], [0.0, 0.0, 0.0, 1.0]], "cam_ids": [0, 1, 2, 3, 4, 5], "cam_channels": ["CAM_FRONT_LEFT", "CAM_FRONT", "CAM_FRONT_RIGHT", "CAM_BACK_LEFT", "CAM_BACK", "CAM_BACK_RIGHT"], "token": "4c036343ca6e4670b2cfb8f99d150b40", "scene": "scene-0192"}, {"images": ["samples/CAM_FRONT_LEFT/n015-2018-08-01-15-10-21+0800__CAM_FRONT_LEFT__1533107687904844.jpg", "samples/CAM_FRONT/n015-2018-08-01-15-10-21+0800__CAM_FRONT__1533107687912460.jpg", "samples/CAM_FRONT_RIGHT/n015-2018-08-01-15-10-21+0800__CAM_FRONT_RIGHT__1533107687920339.jpg", "samples/CAM_BACK_LEFT/n015-2018-08-01-15-10-21+0800__CAM_BACK_LEFT__1533107687947423.jpg", "samples/CAM_BACK/n015-2018-08-01-15-10-21+0800__CAM_BACK__1533107687937525.jpg", "samples/CAM_BACK_RIGHT/n015-2018-08-01-15-10-21+0800__CAM_BACK_RIGHT__1533107687927893.jpg"], "intrinsics": [[[1272.5979470598488, 0.0, 826.6154927353808], [0.0, 1272.5979470598488, 479.75165386361925], [0.0, 0.0, 1.0]], [[1266.417203046554, 0.0, 816.2670197447984], [0.0, 1266.417203046554, 491.50706579294757], [0.0, 0.0, 1.0]], [[1260.8474446004698, 0.0, 807.968244525554], [0.0, 1260.8474446004698, 495.3344268742088], [0.0, 0.0, 1.0]], [[1256.7414812095406, 0.0, 792.1125740759628], [0.0, 1256.7414812095406, 492.7757465151356], [0.0, 0.0, 1.0]], [[809.2209905677063, 0.0, 829.2196003259838], [0.0, 809.2209905677063, 481.77842384512485], [0.0, 0.0, 1.0]], [[1259.5137405846733, 0.0, 807.2529053838625], [0.0, 1259.5137405846733, 501.19579884916527], [0.0, 0.0, 1.0]]], "extrinsics": [[[0.8208097219467163, -0.5711928606033325, 0.003203697968274355, -0.9649658203125], [0.02049785666167736, 0.0238496083766222, -0.9995054006576538, 1.5082378387451172], [0.5708338022232056, 0.8204693794250488, 0.03128421679139137, -1.28057861328125], [0.0, 0.0, 0.0, 1.0]], [[0.006008236203342676, -0.9997877478599548, -0.01970788836479187, 0.00518798828125], [0.015210077166557312, 0.01979733444750309, -0.9996883273124695, 1.5205286741256714], [0.9998663067817688, 0.005706609692424536, 0.015325793996453285, -1.6923828125], [0.0, 0.0, 0.0, 1.0]], [[-0.8323610424995422, -0.5529405474662781, -0.03783850371837616, 1.0325927734375], [0.020832331851124763, 0.03701001778244972, -0.9990977048873901, 1.5036344528198242], [0.5538420677185059, -0.8323982357978821, -0.019286654889583588, -1.2486572265625], [0.0, 0.0, 0.0, 1.0]], [[0.9473469257354736, 0.31879255175590515, 0.03008522093296051, -1.14208984375], [0.029498741030693054, 0.006668644491583109, -0.9995425939559937, 1.5885562896728516], [-0.31884729862213135, 0.9478011131286621, -0.0030864588916301727, -0.103759765625], [0.0, 0.0, 0.0, 1.0]], [[0.002111294073984027, 0.999858558177948, 0.01668454147875309, 0.0028076171875], [0.004085426684468985, 0.016675814986228943, -0.9998525977134705, 1.579355239868164], [-0.9999894499778748, 0.0021791497711092234, -0.004049642477184534, 0.0018310546875], [0.0, 0.0, 0.0, 1.0]], [[-0.9344803094863892, 0.3552735447883606, -0.022963527590036392, 1.13623046875], [0.03671130910515785, 0.032002706080675125, -0.9988133311271667, 1.5514392852783203], [-0.35411709547042847, -0.9342144131660461, -0.04294845461845398, -0.063507080078125], [0.0, 0.0, 0.0, 1.0]]], "view": [[0.0, -2.0, 100.0], [-2.0, 0.0, 100.0], [0.0, 0.0, 1.0]], "bev": "bev_3b59a92128704e429148bc68d07463c6.png", "aux": "aux_3b59a92128704e429148bc68d07463c6.npz", "visibility": "visibility_3b59a92128704e429148bc68d07463c6.png", "pose": [[-0.17291224002838135, -0.9849372506141663, 0.0, 611.646728515625], [0.9849372506141663, -0.17291224002838135, 0.0, 1452.1739501953125], [0.0, 0.0, 1.0, 0.0], [0.0, 0.0, 0.0, 1.0]], "pose_inverse": [[-0.17291224002838135, 0.9849372506141663, 0.0, -1324.5389404296875], [-0.9849372506141663, -0.17291224002838135, 0.0, 853.5322875976562], [0.0, 0.0, 1.0, 0.0], [0.0, 0.0, 0.0, 1.0]], "cam_ids": [0, 1, 2, 3, 4, 5], "cam_channels": ["CAM_FRONT_LEFT", "CAM_FRONT", "CAM_FRONT_RIGHT", "CAM_BACK_LEFT", "CAM_BACK", "CAM_BACK_RIGHT"], "token": "3b59a92128704e429148bc68d07463c6", "scene": "scene-0192"}, {"images": ["samples/CAM_FRONT_LEFT/n015-2018-08-01-15-10-21+0800__CAM_FRONT_LEFT__1533107688404844.jpg", "samples/CAM_FRONT/n015-2018-08-01-15-10-21+0800__CAM_FRONT__1533107688412460.jpg", "samples/CAM_FRONT_RIGHT/n015-2018-08-01-15-10-21+0800__CAM_FRONT_RIGHT__1533107688420339.jpg", "samples/CAM_BACK_LEFT/n015-2018-08-01-15-10-21+0800__CAM_BACK_LEFT__1533107688447423.jpg", "samples/CAM_BACK/n015-2018-08-01-15-10-21+0800__CAM_BACK__1533107688437525.jpg", "samples/CAM_BACK_RIGHT/n015-2018-08-01-15-10-21+0800__CAM_BACK_RIGHT__1533107688427893.jpg"], "intrinsics": [[[1272.5979470598488, 0.0, 826.6154927353808], [0.0, 1272.5979470598488, 479.75165386361925], [0.0, 0.0, 1.0]], [[1266.417203046554, 0.0, 816.2670197447984], [0.0, 1266.417203046554, 491.50706579294757], [0.0, 0.0, 1.0]], [[1260.8474446004698, 0.0, 807.968244525554], [0.0, 1260.8474446004698, 495.3344268742088], [0.0, 0.0, 1.0]], [[1256.7414812095406, 0.0, 792.1125740759628], [0.0, 1256.7414812095406, 492.7757465151356], [0.0, 0.0, 1.0]], [[809.2209905677063, 0.0, 829.2196003259838], [0.0, 809.2209905677063, 481.77842384512485], [0.0, 0.0, 1.0]], [[1259.5137405846733, 0.0, 807.2529053838625], [0.0, 1259.5137405846733, 501.19579884916527], [0.0, 0.0, 1.0]]], "extrinsics": [[[0.8208522200584412, -0.5711321234703064, 0.003123102942481637, -0.9649658203125], [0.02036726474761963, 0.02380700595676899, -0.9995090961456299, 1.5082430839538574], [0.5707772970199585, 0.8205128908157349, 0.03117443434894085, -1.2804679870605469], [0.0, 0.0, 0.0, 1.0]], [[0.006064991466701031, -0.999788224697113, -0.01966436393558979, 0.0052490234375], [0.015070459805428982, 0.01975388079881668, -0.9996913075447083, 1.520530104637146], [0.9998679757118225, 0.005766767542809248, 0.015187072567641735, -1.6922607421875], [0.0, 0.0, 0.0, 1.0]], [[-0.8323414921760559, -0.5529801845550537, -0.037690307945013046, 1.0323486328125], [0.020682379603385925, 0.036966387182474136, -0.9991024136543274, 1.503641128540039], [0.553877055644989, -0.8323740363121033, -0.019331712275743484, -1.248779296875], [0.0, 0.0, 0.0, 1.0]], [[0.9473451972007751, 0.31881019473075867, 0.02995307371020317, -1.1422119140625], [0.029371678829193115, 0.006632083095610142, -0.9995465278625488, 1.5885601043701172], [-0.31886425614356995, 0.9477954506874084, -0.0030811182223260403, -0.103759765625], [0.0, 0.0, 0.0, 1.0]], [[0.0020933409687131643, 0.9998592734336853, 0.01664942316710949, 0.00274658203125], [0.00394726125523448, 0.01664106920361519, -0.9998537302017212, 1.579355239868164], [-0.9999900460243225, 0.0021587638184428215, -0.003911868203431368, 0.0018310546875], [0.0, 0.0, 0.0, 1.0]], [[-0.9344953894615173, 0.3552420139312744, -0.022837158292531967, 1.13623046875], [0.036561015993356705, 0.03196662291884422, -0.9988200068473816, 1.5514488220214844], [-0.3540928363800049, -0.9342276453971863, -0.04286067560315132, -0.0635986328125], [0.0, 0.0, 0.0, 1.0]]], "view": [[0.0, -2.0, 100.0], [-2.0, 0.0, 100.0], [0.0, 0.0, 1.0]], "bev": "bev_0f9b5c8152864e269881131289980886.png", "aux": "aux_0f9b5c8152864e269881131289980886.npz", "visibility": "visibility_0f9b5c8152864e269881131289980886.png", "pose": [[-0.1732819378376007, -0.9848722815513611, 0.0, 611.6489868164062], [0.9848722815513611, -0.1732819378376007, 0.0, 1452.172607421875], [0.0, 0.0, 1.0, 0.0], [0.0, 0.0, 0.0, 1.0]], "pose_inverse": [[-0.1732819378376007, 0.9848722815513611, 0.0, -1324.216796875], [-0.9848722815513611, -0.1732819378376007, 0.0, 854.0313720703125], [0.0, 0.0, 1.0, 0.0], [0.0, 0.0, 0.0, 1.0]], "cam_ids": [0, 1, 2, 3, 4, 5], "cam_channels": ["CAM_FRONT_LEFT", "CAM_FRONT", "CAM_FRONT_RIGHT", "CAM_BACK_LEFT", "CAM_BACK", "CAM_BACK_RIGHT"], "token": "0f9b5c8152864e269881131289980886", "scene": "scene-0192"}, {"images": ["samples/CAM_FRONT_LEFT/n015-2018-08-01-15-10-21+0800__CAM_FRONT_LEFT__1533107688904844.jpg", "samples/CAM_FRONT/n015-2018-08-01-15-10-21+0800__CAM_FRONT__1533107688912460.jpg", "samples/CAM_FRONT_RIGHT/n015-2018-08-01-15-10-21+0800__CAM_FRONT_RIGHT__1533107688920339.jpg", "samples/CAM_BACK_LEFT/n015-2018-08-01-15-10-21+0800__CAM_BACK_LEFT__1533107688947429.jpg", "samples/CAM_BACK/n015-2018-08-01-15-10-21+0800__CAM_BACK__1533107688937525.jpg", "samples/CAM_BACK_RIGHT/n015-2018-08-01-15-10-21+0800__CAM_BACK_RIGHT__1533107688927899.jpg"], "intrinsics": [[[1272.5979470598488, 0.0, 826.6154927353808], [0.0, 1272.5979470598488, 479.75165386361925], [0.0, 0.0, 1.0]], [[1266.417203046554, 0.0, 816.2670197447984], [0.0, 1266.417203046554, 491.50706579294757], [0.0, 0.0, 1.0]], [[1260.8474446004698, 0.0, 807.968244525554], [0.0, 1260.8474446004698, 495.3344268742088], [0.0, 0.0, 1.0]], [[1256.7414812095406, 0.0, 792.1125740759628], [0.0, 1256.7414812095406, 492.7757465151356], [0.0, 0.0, 1.0]], [[809.2209905677063, 0.0, 829.2196003259838], [0.0, 809.2209905677063, 481.77842384512485], [0.0, 0.0, 1.0]], [[1259.5137405846733, 0.0, 807.2529053838625], [0.0, 1259.5137405846733, 501.19579884916527], [0.0, 0.0, 1.0]]], "extrinsics": [[[0.8208637833595276, -0.5711157917976379, 0.003079709829762578, -0.96484375], [0.020335696637630463, 0.023838667199015617, -0.9995089769363403, 1.5082454681396484], [0.5707619190216064, 0.8205233216285706, 0.03118233196437359, -1.2804298400878906], [0.0, 0.0, 0.0, 1.0]], [[0.006081572733819485, -0.9997875690460205, -0.01969221793115139, 0.00518798828125], [0.015041058883070946, 0.0197818111628294, -0.9996911883354187, 1.5205334424972534], [0.9998683333396912, 0.005783529952168465, 0.01515816617757082, -1.6922607421875], [0.0, 0.0, 0.0, 1.0]], [[-0.8323349356651306, -0.5529905557632446, -0.03768112510442734, 1.032470703125], [0.020654937252402306, 0.03699062019586563, -0.9991021156311035, 1.5036425590515137], [0.5538879036903381, -0.8323659300804138, -0.01936660148203373, -1.2486572265625], [0.0, 0.0, 0.0, 1.0]], [[0.947346568107605, 0.31880781054496765, 0.029934793710708618, -1.14215087890625], [0.029345890507102013, 0.0066513787023723125, -0.9995471835136414, 1.588552474975586], [-0.31886252760887146, 0.9477960467338562, -0.00305453734472394, -0.103759765625], [0.0, 0.0, 0.0, 1.0]], [[0.0020892973989248276, 0.9998589754104614, 0.01666712760925293, 0.0028076171875], [0.003921078983694315, 0.0166588444262743, -0.9998535513877869, 1.5793581008911133], [-0.9999901652336121, 0.0021543274633586407, -0.0038857210893183947, 0.0018310546875], [0.0, 0.0, 0.0, 1.0]], [[-0.9344994425773621, 0.3552332818508148, -0.02280953712761402, 1.1361083984375], [0.03653837367892265, 0.03198590874671936, -0.9988201856613159, 1.5514469146728516], [-0.3540845811367035, -0.9342302680015564, -0.04287045821547508, -0.0635986328125], [0.0, 0.0, 0.0, 1.0]]], "view": [[0.0, -2.0, 100.0], [-2.0, 0.0, 100.0], [0.0, 0.0, 1.0]], "bev": "bev_b32154a8fa0945dcb5929837c73f623e.png", "aux": "aux_b32154a8fa0945dcb5929837c73f623e.npz", "visibility": "visibility_b32154a8fa0945dcb5929837c73f623e.png", "pose": [[-0.17349718511104584, -0.9848343729972839, 0.0, 611.6508178710938], [0.9848343729972839, -0.17349718511104584, 0.0, 1452.1719970703125], [0.0, 0.0, 1.0, 0.0], [0.0, 0.0, 0.0, 1.0]], "pose_inverse": [[-0.17349718511104584, 0.9848343729972839, 0.0, -1324.0291748046875], [-0.9848343729972839, -0.17349718511104584, 0.0, 854.322509765625], [0.0, 0.0, 1.0, 0.0], [0.0, 0.0, 0.0, 1.0]], "cam_ids": [0, 1, 2, 3, 4, 5], "cam_channels": ["CAM_FRONT_LEFT", "CAM_FRONT", "CAM_FRONT_RIGHT", "CAM_BACK_LEFT", "CAM_BACK", "CAM_BACK_RIGHT"], "token": "b32154a8fa0945dcb5929837c73f623e", "scene": "scene-0192"}, {"images": ["samples/CAM_FRONT_LEFT/n015-2018-08-01-15-10-21+0800__CAM_FRONT_LEFT__1533107689404844.jpg", "samples/CAM_FRONT/n015-2018-08-01-15-10-21+0800__CAM_FRONT__1533107689412460.jpg", "samples/CAM_FRONT_RIGHT/n015-2018-08-01-15-10-21+0800__CAM_FRONT_RIGHT__1533107689420339.jpg", "samples/CAM_BACK_LEFT/n015-2018-08-01-15-10-21+0800__CAM_BACK_LEFT__1533107689447423.jpg", "samples/CAM_BACK/n015-2018-08-01-15-10-21+0800__CAM_BACK__1533107689437525.jpg", "samples/CAM_BACK_RIGHT/n015-2018-08-01-15-10-21+0800__CAM_BACK_RIGHT__1533107689427893.jpg"], "intrinsics": [[[1272.5979470598488, 0.0, 826.6154927353808], [0.0, 1272.5979470598488, 479.75165386361925], [0.0, 0.0, 1.0]], [[1266.417203046554, 0.0, 816.2670197447984], [0.0, 1266.417203046554, 491.50706579294757], [0.0, 0.0, 1.0]], [[1260.8474446004698, 0.0, 807.968244525554], [0.0, 1260.8474446004698, 495.3344268742088], [0.0, 0.0, 1.0]], [[1256.7414812095406, 0.0, 792.1125740759628], [0.0, 1256.7414812095406, 492.7757465151356], [0.0, 0.0, 1.0]], [[809.2209905677063, 0.0, 829.2196003259838], [0.0, 809.2209905677063, 481.77842384512485], [0.0, 0.0, 1.0]], [[1259.5137405846733, 0.0, 807.2529053838625], [0.0, 1259.5137405846733, 501.19579884916527], [0.0, 0.0, 1.0]]], "extrinsics": [[[0.8208404183387756, -0.5711491107940674, 0.003110622987151146, -0.9647216796875], [0.020308617502450943, 0.023743415251374245, -0.9995117783546448, 1.5082440376281738], [0.5707964301109314, 0.8205028176307678, 0.031088804826140404, -1.2802963256835938], [0.0, 0.0, 0.0, 1.0]], [[0.006045528221875429, -0.9997894167900085, -0.01960388943552971, 0.005126953125], [0.014995675534009933, 0.019692685455083847, -0.9996936321258545, 1.5205305814743042], [0.9998692870140076, 0.005749664735049009, 0.015111573040485382, -1.692138671875], [0.0, 0.0, 0.0, 1.0]], [[-0.8323528170585632, -0.5529704689979553, -0.03758157789707184, 1.03228759765625], [0.020591292530298233, 0.03690753132104874, -0.9991065263748169, 1.5036416053771973], [0.5538633465766907, -0.8323829770088196, -0.019333714619278908, -1.2486572265625], [0.0, 0.0, 0.0, 1.0]], [[0.947353184223175, 0.3188004493713379, 0.029801886528730392, -1.14227294921875], [0.029240185394883156, 0.006548665929585695, -0.9995509386062622, 1.5885562896728516], [-0.31885242462158203, 0.9477992057800293, -0.003117883810773492, -0.103759765625], [0.0, 0.0, 0.0, 1.0]], [[0.0021031242795288563, 0.9998603463172913, 0.01657918281853199, 0.00274658203125], [0.0038254992105066776, 0.016571052372455597, -0.9998553395271301, 1.5793590545654297], [-0.9999904632568359, 0.0021662397775799036, -0.0037901157047599554, 0.001708984375], [0.0, 0.0, 0.0, 1.0]], [[-0.9344938397407532, 0.3552503287792206, -0.022767120972275734, 1.1363525390625], [0.03646068274974823, 0.03189833462238312, -0.9988259077072144, 1.5514469146728516], [-0.35410699248313904, -0.9342268109321594, -0.04276147484779358, -0.063568115234375], [0.0, 0.0, 0.0, 1.0]]], "view": [[0.0, -2.0, 100.0], [-2.0, 0.0, 100.0], [0.0, 0.0, 1.0]], "bev": "bev_c20acbb875b84ae0880f4dfe695f5106.png", "aux": "aux_c20acbb875b84ae0880f4dfe695f5106.npz", "visibility": "visibility_c20acbb875b84ae0880f4dfe695f5106.png", "pose": [[-0.1736491620540619, -0.984807550907135, 0.0, 611.6522827148438], [0.984807550907135, -0.1736491620540619, 0.0, 1452.171875], [0.0, 0.0, 1.0, 0.0], [0.0, 0.0, 0.0, 1.0]], "pose_inverse": [[-0.1736491620540619, 0.984807550907135, 0.0, -1323.89697265625], [-0.984807550907135, -0.1736491620540619, 0.0, 854.5282592773438], [0.0, 0.0, 1.0, 0.0], [0.0, 0.0, 0.0, 1.0]], "cam_ids": [0, 1, 2, 3, 4, 5], "cam_channels": ["CAM_FRONT_LEFT", "CAM_FRONT", "CAM_FRONT_RIGHT", "CAM_BACK_LEFT", "CAM_BACK", "CAM_BACK_RIGHT"], "token": "c20acbb875b84ae0880f4dfe695f5106", "scene": "scene-0192"}, {"images": ["samples/CAM_FRONT_LEFT/n015-2018-08-01-15-10-21+0800__CAM_FRONT_LEFT__1533107689904844.jpg", "samples/CAM_FRONT/n015-2018-08-01-15-10-21+0800__CAM_FRONT__1533107689912461.jpg", "samples/CAM_FRONT_RIGHT/n015-2018-08-01-15-10-21+0800__CAM_FRONT_RIGHT__1533107689920339.jpg", "samples/CAM_BACK_LEFT/n015-2018-08-01-15-10-21+0800__CAM_BACK_LEFT__1533107689947423.jpg", "samples/CAM_BACK/n015-2018-08-01-15-10-21+0800__CAM_BACK__1533107689937525.jpg", "samples/CAM_BACK_RIGHT/n015-2018-08-01-15-10-21+0800__CAM_BACK_RIGHT__1533107689927893.jpg"], "intrinsics": [[[1272.5979470598488, 0.0, 826.6154927353808], [0.0, 1272.5979470598488, 479.75165386361925], [0.0, 0.0, 1.0]], [[1266.417203046554, 0.0, 816.2670197447984], [0.0, 1266.417203046554, 491.50706579294757], [0.0, 0.0, 1.0]], [[1260.8474446004698, 0.0, 807.968244525554], [0.0, 1260.8474446004698, 495.3344268742088], [0.0, 0.0, 1.0]], [[1256.7414812095406, 0.0, 792.1125740759628], [0.0, 1256.7414812095406, 492.7757465151356], [0.0, 0.0, 1.0]], [[809.2209905677063, 0.0, 829.2196003259838], [0.0, 809.2209905677063, 481.77842384512485], [0.0, 0.0, 1.0]], [[1259.5137405846733, 0.0, 807.2529053838625], [0.0, 1259.5137405846733, 501.19579884916527], [0.0, 0.0, 1.0]]], "extrinsics": [[[0.8208544254302979, -0.5711289048194885, 0.0031275686342269182, -0.96484375], [0.020221590995788574, 0.02358998917043209, -0.9995172023773193, 1.5082449913024902], [0.5707793831825256, 0.8205212950706482, 0.030913082882761955, -1.2802886962890625], [0.0, 0.0, 0.0, 1.0]], [[0.00606132298707962, -0.9997926354408264, -0.019441954791545868, 0.005126953125], [0.014949503354728222, 0.01953073963522911, -0.9996975064277649, 1.520532250404358], [0.9998698830604553, 0.005768852774053812, 0.0150647833943367, -1.6920166015625], [0.0, 0.0, 0.0, 1.0]], [[-0.8323467373847961, -0.5529863834381104, -0.03748394921422005, 1.03216552734375], [0.020587053149938583, 0.03673713281750679, -0.9991128444671631, 1.5036430358886719], [0.55387282371521, -0.8323799967765808, -0.01919366978108883, -1.24853515625], [0.0, 0.0, 0.0, 1.0]], [[0.9473509788513184, 0.31880778074264526, 0.029796352609992027, -1.14215087890625], [0.02928774058818817, 0.006390043068677187, -0.9995505809783936, 1.5885562896728516], [-0.318854957818985, 0.9477978348731995, -0.0032835465390235186, -0.1036376953125], [0.0, 0.0, 0.0, 1.0]], [[0.002099446952342987, 0.9998631477355957, 0.01641266793012619, 0.002685546875], [0.0038671949878335, 0.016404466703534126, -0.9998579621315002, 1.5793542861938477], [-0.9999903440475464, 0.002162646036595106, -0.0038322261534631252, 0.0018310546875], [0.0, 0.0, 0.0, 1.0]], [[-0.9344959855079651, 0.3552396595478058, -0.02284928970038891, 1.1361083984375], [0.036483246833086014, 0.031727537512779236, -0.9988304972648621, 1.5514488220214844], [-0.35409924387931824, -0.9342367053031921, -0.042609550058841705, -0.063629150390625], [0.0, 0.0, 0.0, 1.0]]], "view": [[0.0, -2.0, 100.0], [-2.0, 0.0, 100.0], [0.0, 0.0, 1.0]], "bev": "bev_b994300527ea476191e23adcf8a44533.png", "aux": "aux_b994300527ea476191e23adcf8a44533.npz", "visibility": "visibility_b994300527ea476191e23adcf8a44533.png", "pose": [[-0.1735808253288269, -0.9848196506500244, 0.0, 611.6535034179688], [0.9848196506500244, -0.1735808253288269, 0.0, 1452.1719970703125], [0.0, 0.0, 1.0, 0.0], [0.0, 0.0, 0.0, 1.0]], "pose_inverse": [[-0.1735808253288269, 0.9848196506500244, 0.0, -1323.9561767578125], [-0.9848196506500244, -0.1735808253288269, 0.0, 854.4376220703125], [0.0, 0.0, 1.0, 0.0], [0.0, 0.0, 0.0, 1.0]], "cam_ids": [0, 1, 2, 3, 4, 5], "cam_channels": ["CAM_FRONT_LEFT", "CAM_FRONT", "CAM_FRONT_RIGHT", "CAM_BACK_LEFT", "CAM_BACK", "CAM_BACK_RIGHT"], "token": "b994300527ea476191e23adcf8a44533", "scene": "scene-0192"}, {"images": ["samples/CAM_FRONT_LEFT/n015-2018-08-01-15-10-21+0800__CAM_FRONT_LEFT__1533107690404844.jpg", "samples/CAM_FRONT/n015-2018-08-01-15-10-21+0800__CAM_FRONT__1533107690412460.jpg", "samples/CAM_FRONT_RIGHT/n015-2018-08-01-15-10-21+0800__CAM_FRONT_RIGHT__1533107690420339.jpg", "samples/CAM_BACK_LEFT/n015-2018-08-01-15-10-21+0800__CAM_BACK_LEFT__1533107690447423.jpg", "samples/CAM_BACK/n015-2018-08-01-15-10-21+0800__CAM_BACK__1533107690437525.jpg", "samples/CAM_BACK_RIGHT/n015-2018-08-01-15-10-21+0800__CAM_BACK_RIGHT__1533107690427893.jpg"], "intrinsics": [[[1272.5979470598488, 0.0, 826.6154927353808], [0.0, 1272.5979470598488, 479.75165386361925], [0.0, 0.0, 1.0]], [[1266.417203046554, 0.0, 816.2670197447984], [0.0, 1266.417203046554, 491.50706579294757], [0.0, 0.0, 1.0]], [[1260.8474446004698, 0.0, 807.968244525554], [0.0, 1260.8474446004698, 495.3344268742088], [0.0, 0.0, 1.0]], [[1256.7414812095406, 0.0, 792.1125740759628], [0.0, 1256.7414812095406, 492.7757465151356], [0.0, 0.0, 1.0]], [[809.2209905677063, 0.0, 829.2196003259838], [0.0, 809.2209905677063, 481.77842384512485], [0.0, 0.0, 1.0]], [[1259.5137405846733, 0.0, 807.2529053838625], [0.0, 1259.5137405846733, 501.19579884916527], [0.0, 0.0, 1.0]]], "extrinsics": [[[0.8208553194999695, -0.5711265206336975, 0.0033135598059743643, -0.9649658203125], [0.020406825467944145, 0.023530861362814903, -0.9995148181915283, 1.5082464218139648], [0.5707715153694153, 0.8205246925354004, 0.030970312654972076, -1.2802734375], [0.0, 0.0, 0.0, 1.0]], [[0.006070917472243309, -0.9997937679290771, -0.019377339631319046, 0.00506591796875], [0.015115303918719292, 0.019467230886220932, -0.9996962547302246, 1.520532250404358], [0.9998672604560852, 0.005776166915893555, 0.015230369754135609, -1.6923828125], [0.0, 0.0, 0.0, 1.0]], [[-0.8323377966880798, -0.5529940724372864, -0.037567682564258575, 1.032470703125], [0.020732596516609192, 0.036669131368398666, -0.9991123080253601, 1.50364351272583], [0.5538806915283203, -0.8323779106140137, -0.019056102260947227, -1.24853515625], [0.0, 0.0, 0.0, 1.0]], [[0.9473446607589722, 0.31881728768348694, 0.029892606660723686, -1.14227294921875], [0.029417874291539192, 0.006305200979113579, -0.9995473027229309, 1.5885562896728516], [-0.3188613951206207, 0.9477952718734741, -0.003405728144571185, -0.1036376953125], [0.0, 0.0, 0.0, 1.0]], [[0.0020944515708833933, 0.9998644590377808, 0.016333049163222313, 0.0028076171875], [0.004004523158073425, 0.016324568539857864, -0.9998587369918823, 1.