[{"images": ["samples/CAM_FRONT_LEFT/n008-2018-08-21-11-53-44-0400__CAM_FRONT_LEFT__1534867032904799.jpg", "samples/CAM_FRONT/n008-2018-08-21-11-53-44-0400__CAM_FRONT__1534867032912404.jpg", "samples/CAM_FRONT_RIGHT/n008-2018-08-21-11-53-44-0400__CAM_FRONT_RIGHT__1534867032920482.jpg", "samples/CAM_BACK_LEFT/n008-2018-08-21-11-53-44-0400__CAM_BACK_LEFT__1534867032947405.jpg", "samples/CAM_BACK/n008-2018-08-21-11-53-44-0400__CAM_BACK__1534867032937573.jpg", "samples/CAM_BACK_RIGHT/n008-2018-08-21-11-53-44-0400__CAM_BACK_RIGHT__1534867032928113.jpg"], "intrinsics": [[[1257.8625342125129, 0.0, 827.2410631095686], [0.0, 1257.8625342125129, 450.915498205774], [0.0, 0.0, 1.0]], [[1252.8131021185304, 0.0, 826.588114781398], [0.0, 1252.8131021185304, 469.9846626224581], [0.0, 0.0, 1.0]], [[1256.7485116440405, 0.0, 817.7887570959712], [0.0, 1256.7485116440403, 451.9541780095127], [0.0, 0.0, 1.0]], [[1254.9860565800168, 0.0, 829.5769333630991], [0.0, 1254.9860565800168, 467.1680561863987], [0.0, 0.0, 1.0]], [[796.8910634503094, 0.0, 857.7774326863696], [0.0, 796.8910634503094, 476.8848988407415], [0.0, 0.0, 1.0]], [[1249.9629280788233, 0.0, 825.3768045375984], [0.0, 1249.9629280788233, 462.54816385708756], [0.0, 0.0, 1.0]]], "extrinsics": [[[0.8225564360618591, -0.5685790777206421, -0.010895058512687683, -1.0047607421875], [0.003817058401182294, 0.024678021669387817, -0.9996881484985352, 1.488296627998352], [0.5686706304550171, 0.8222583532333374, 0.02246936596930027, -1.333251953125], [0.0, 0.0, 0.0, 1.0]], [[0.010265040211379528, -0.9997370839118958, -0.02049998752772808, 0.005401611328125], [0.0057787103578448296, 0.02056003548204899, -0.9997719526290894, 1.4801650047302246], [0.9999305605888367, 0.010144215077161789, 0.0059882416389882565, -1.7347412109375], [0.0, 0.0, 0.0, 1.0]], [[-0.844001829624176, -0.5360376834869385, -0.0180167555809021, 1.090576171875], [0.013807995244860649, 0.011864458210766315, -0.9998342394828796, 1.493072509765625], [0.5361626148223877, -0.8441107869148254, -0.0026120201218873262, -1.277587890625], [0.0, 0.0, 0.0, 1.0]], [[0.9478658437728882, 0.31866100430488586, -0.0023436546325683594, -1.1439208984375], [-0.011555910110473633, 0.027021849527955055, -0.9995680451393127, 1.5620441436767578], [-0.31846001744270325, 0.9474835395812988, 0.029295507818460464, -0.156005859375], [0.0, 0.0, 0.0, 1.0]], [[0.009229164570569992, 0.9997689127922058, 0.01941780187189579, -0.0289306640625], [-0.009433440864086151, 0.019504813477396965, -0.9997652173042297, 1.5680618286132812], [-0.9999129176139832, 0.009043834172189236, 0.009611272253096104, 0.0443115234375], [0.0, 0.0, 0.0, 1.0]], [[-0.9237474799156189, 0.3829849064350128, 0.003617106005549431, 1.16064453125], [-0.0052414871752262115, -0.0031979673076421022, -0.999981164932251, 1.5478119850158691], [-0.38296619057655334, -0.9237490296363831, 0.004961525555700064, -0.043701171875], [0.0, 0.0, 0.0, 1.0]]], "view": [[0.0, -2.0, 100.0], [-2.0, 0.0, 100.0], [0.0, 0.0, 1.0]], "bev": "bev_5ae5b95844d94447a5434d8ff3884da7.png", "aux": "aux_5ae5b95844d94447a5434d8ff3884da7.npz", "visibility": "visibility_5ae5b95844d94447a5434d8ff3884da7.png", "pose": [[-0.7803707718849182, 0.6253170967102051, 0.0, 1565.7427978515625], [-0.6253170967102051, -0.7803707718849182, 0.0, 842.7236328125], [0.0, 0.0, 1.0, 0.0], [0.0, 0.0, 0.0, 1.0]], "pose_inverse": [[-0.7803707718849182, -0.6253170967102051, 0.0, 1748.829345703125], [0.6253170967102051, -0.7803707718849182, 0.0, -321.44891357421875], [0.0, 0.0, 1.0, 0.0], [0.0, 0.0, 0.0, 1.0]], "cam_ids": [0, 1, 2, 3, 4, 5], "cam_channels": ["CAM_FRONT_LEFT", "CAM_FRONT", "CAM_FRONT_RIGHT", "CAM_BACK_LEFT", "CAM_BACK", "CAM_BACK_RIGHT"], "token": "5ae5b95844d94447a5434d8ff3884da7", "scene": "scene-0242"}, {"images": ["samples/CAM_FRONT_LEFT/n008-2018-08-21-11-53-44-0400__CAM_FRONT_LEFT__1534867033404799.jpg", "samples/CAM_FRONT/n008-2018-08-21-11-53-44-0400__CAM_FRONT__1534867033412404.jpg", "samples/CAM_FRONT_RIGHT/n008-2018-08-21-11-53-44-0400__CAM_FRONT_RIGHT__1534867033420482.jpg", "samples/CAM_BACK_LEFT/n008-2018-08-21-11-53-44-0400__CAM_BACK_LEFT__1534867033447405.jpg", "samples/CAM_BACK/n008-2018-08-21-11-53-44-0400__CAM_BACK__1534867033437558.jpg", "samples/CAM_BACK_RIGHT/n008-2018-08-21-11-53-44-0400__CAM_BACK_RIGHT__1534867033428113.jpg"], "intrinsics": [[[1257.8625342125129, 0.0, 827.2410631095686], [0.0, 1257.8625342125129, 450.915498205774], [0.0, 0.0, 1.0]], [[1252.8131021185304, 0.0, 826.588114781398], [0.0, 1252.8131021185304, 469.9846626224581], [0.0, 0.0, 1.0]], [[1256.7485116440405, 0.0, 817.7887570959712], [0.0, 1256.7485116440403, 451.9541780095127], [0.0, 0.0, 1.0]], [[1254.9860565800168, 0.0, 829.5769333630991], [0.0, 1254.9860565800168, 467.1680561863987], [0.0, 0.0, 1.0]], [[796.8910634503094, 0.0, 857.7774326863696], [0.0, 796.8910634503094, 476.8848988407415], [0.0, 0.0, 1.0]], [[1249.9629280788233, 0.0, 825.3768045375984], [0.0, 1249.9629280788233, 462.54816385708756], [0.0, 0.0, 1.0]]], "extrinsics": [[[0.8225376605987549, -0.5686057806015015, -0.010929135605692863, -1.0050048828125], [0.0038406015373766422, 0.024770662188529968, -0.9996857643127441, 1.4882960319519043], [0.5686978101730347, 0.8222371339797974, 0.022558588534593582, -1.33331298828125], [0.0, 0.0, 0.0, 1.0]], [[0.010237723588943481, -0.9997358322143555, -0.020575586706399918, 0.00531005859375], [0.005786544177681208, 0.02063555270433426, -0.9997702836990356, 1.480165958404541], [0.9999307990074158, 0.010116266086697578, 0.005996275693178177, -1.7347412109375], [0.0, 0.0, 0.0, 1.0]], [[-0.8440131545066833, -0.5360188484191895, -0.018039874732494354, 1.090576171875], [0.013799103908240795, 0.011921685189008713, -0.9998337030410767, 1.493072509765625], [0.5361448526382446, -0.8441218137741089, -0.0026654796674847603, -1.2777099609375], [0.0, 0.0, 0.0, 1.0]], [[0.9478673934936523, 0.31865644454956055, -0.0023441025987267494, -1.143798828125], [-0.011585390195250511, 0.027108600363135338, -0.9995653629302979, 1.5620403289794922], [-0.318454384803772, 0.9474825263023376, 0.02938712015748024, -0.1561279296875], [0.0, 0.0, 0.0, 1.0]], [[0.009237399324774742, 0.9997676014900208, 0.01947847381234169, -0.02899169921875], [-0.009466794319450855, 0.019565867260098457, -0.9997637271881104, 1.5680580139160156], [-0.9999125003814697, 0.009050819091498852, 0.009645331650972366, 0.0443115234375], [0.0, 0.0, 0.0, 1.0]], [[-0.9237416386604309, 0.38299858570098877, 0.0036574192345142365, 1.1605224609375], [-0.005264183506369591, -0.003147259121760726, -0.9999812245368958, 1.5478119850158691], [-0.3829798698425293, -0.9237436056137085, 0.0049234298057854176, -0.043731689453125], [0.0, 0.0, 0.0, 1.0]]], "view": [[0.0, -2.0, 100.0], [-2.0, 0.0, 100.0], [0.0, 0.0, 1.0]], "bev": "bev_340932e76b8143afae5cdcb98892ab96.png", "aux": "aux_340932e76b8143afae5cdcb98892ab96.npz", "visibility": "visibility_340932e76b8143afae5cdcb98892ab96.png", "pose": [[-0.7804326415061951, 0.6252398490905762, 0.0, 1565.7427978515625], [-0.6252398490905762, -0.7804326415061951, 0.0, 842.7236938476562], [0.0, 0.0, 1.0, 0.0], [0.0, 0.0, 0.0, 1.0]], "pose_inverse": [[-0.7804326415061951, -0.6252398490905762, 0.0, 1748.8612060546875], [0.6252398490905762, -0.7804326415061951, 0.0, -321.2757263183594], [0.0, 0.0, 1.0, 0.0], [0.0, 0.0, 0.0, 1.0]], "cam_ids": [0, 1, 2, 3, 4, 5], "cam_channels": ["CAM_FRONT_LEFT", "CAM_FRONT", "CAM_FRONT_RIGHT", "CAM_BACK_LEFT", "CAM_BACK", "CAM_BACK_RIGHT"], "token": "340932e76b8143afae5cdcb98892ab96", "scene": "scene-0242"}, {"images": ["samples/CAM_FRONT_LEFT/n008-2018-08-21-11-53-44-0400__CAM_FRONT_LEFT__1534867033904799.jpg", "samples/CAM_FRONT/n008-2018-08-21-11-53-44-0400__CAM_FRONT__1534867033912404.jpg", "samples/CAM_FRONT_RIGHT/n008-2018-08-21-11-53-44-0400__CAM_FRONT_RIGHT__1534867033920482.jpg", "samples/CAM_BACK_LEFT/n008-2018-08-21-11-53-44-0400__CAM_BACK_LEFT__1534867033947405.jpg", "samples/CAM_BACK/n008-2018-08-21-11-53-44-0400__CAM_BACK__1534867033937558.jpg", "samples/CAM_BACK_RIGHT/n008-2018-08-21-11-53-44-0400__CAM_BACK_RIGHT__1534867033928113.jpg"], "intrinsics": [[[1257.8625342125129, 0.0, 827.2410631095686], [0.0, 1257.8625342125129, 450.915498205774], [0.0, 0.0, 1.0]], [[1252.8131021185304, 0.0, 826.588114781398], [0.0, 1252.8131021185304, 469.9846626224581], [0.0, 0.0, 1.0]], [[1256.7485116440405, 0.0, 817.7887570959712], [0.0, 1256.7485116440403, 451.9541780095127], [0.0, 0.0, 1.0]], [[1254.9860565800168, 0.0, 829.5769333630991], [0.0, 1254.9860565800168, 467.1680561863987], [0.0, 0.0, 1.0]], [[796.8910634503094, 0.0, 857.7774326863696], [0.0, 796.8910634503094, 476.8848988407415], [0.0, 0.0, 1.0]], [[1249.9629280788233, 0.0, 825.3768045375984], [0.0, 1249.9629280788233, 462.54816385708756], [0.0, 0.0, 1.0]]], "extrinsics": [[[0.8225541114807129, -0.5685829520225525, -0.010878950357437134, -1.0050048828125], [0.003936057444661856, 0.02482159249484539, -0.9996840953826904, 1.488294243812561], [0.5686734318733215, 0.8222513794898987, 0.022655073553323746, -1.33331298828125], [0.0, 0.0, 0.0, 1.0]], [[0.010261728428304195, -0.9997344017028809, -0.02063496597111225, 0.005340576171875], [0.005890313535928726, 0.0206961277872324, -0.9997684955596924, 1.480165958404541], [0.9999299645423889, 0.01013777032494545, 0.006101126316934824, -1.734619140625], [0.0, 0.0, 0.0, 1.0]], [[-0.8440023064613342, -0.5360314846038818, -0.01817299984395504, 1.090576171875], [0.013911726884543896, 0.01199258491396904, -0.9998313188552856, 1.493072509765625], [0.5361589193344116, -0.8441128134727478, -0.0026646479964256287, -1.2777099609375], [0.0, 0.0, 0.0, 1.0]], [[0.9478660225868225, 0.3186611533164978, -0.0022095527965575457, -1.143798828125], [-0.011459940113127232, 0.027157047763466835, -0.9995654821395874, 1.5620460510253906], [-0.31846266984939575, 0.9474796056747437, 0.029393084347248077, -0.15618896484375], [0.0, 0.0, 0.0, 1.0]], [[0.009228813461959362, 0.9997666478157043, 0.019533611834049225, -0.028900146484375], [-0.00932837463915348, 0.019619673490524292, -0.9997639656066895, 1.568063735961914], [-0.9999138712882996, 0.009044438600540161, 0.009507263079285622, 0.044189453125], [0.0, 0.0, 0.0, 1.0]], [[-0.9237465858459473, 0.3829876184463501, 0.0035726206842809916, 1.16064453125], [-0.005147564224898815, -0.0030875385273247957, -0.9999819993972778, 1.5478110313415527], [-0.3829696476459503, -0.9237483143806458, 0.004823556635528803, -0.043701171875], [0.0, 0.0, 0.0, 1.0]]], "view": [[0.0, -2.0, 100.0], [-2.0, 0.0, 100.0], [0.0, 0.0, 1.0]], "bev": "bev_213e781e77f94153bf3a919ce16e88df.png", "aux": "aux_213e781e77f94153bf3a919ce16e88df.npz", "visibility": "visibility_213e781e77f94153bf3a919ce16e88df.png", "pose": [[-0.7804140448570251, 0.6252630949020386, 0.0, 1565.7427978515625], [-0.6252630949020386, -0.7804140448570251, 0.0, 842.7236938476562], [0.0, 0.0, 1.0, 0.0], [0.0, 0.0, 0.0, 1.0]], "pose_inverse": [[-0.7804140448570251, -0.6252630949020386, 0.0, 1748.8516845703125], [0.6252630949020386, -0.7804140448570251, 0.0, -321.3277893066406], [0.0, 0.0, 1.0, 0.0], [0.0, 0.0, 0.0, 1.0]], "cam_ids": [0, 1, 2, 3, 4, 5], "cam_channels": ["CAM_FRONT_LEFT", "CAM_FRONT", "CAM_FRONT_RIGHT", "CAM_BACK_LEFT", "CAM_BACK", "CAM_BACK_RIGHT"], "token": "213e781e77f94153bf3a919ce16e88df", "scene": "scene-0242"}, {"images": ["samples/CAM_FRONT_LEFT/n008-2018-08-21-11-53-44-0400__CAM_FRONT_LEFT__1534867034404799.jpg", "samples/CAM_FRONT/n008-2018-08-21-11-53-44-0400__CAM_FRONT__1534867034412414.jpg", "samples/CAM_FRONT_RIGHT/n008-2018-08-21-11-53-44-0400__CAM_FRONT_RIGHT__1534867034420482.jpg", "samples/CAM_BACK_LEFT/n008-2018-08-21-11-53-44-0400__CAM_BACK_LEFT__1534867034447405.jpg", "samples/CAM_BACK/n008-2018-08-21-11-53-44-0400__CAM_BACK__1534867034437558.jpg", "samples/CAM_BACK_RIGHT/n008-2018-08-21-11-53-44-0400__CAM_BACK_RIGHT__1534867034428113.jpg"], "intrinsics": [[[1257.8625342125129, 0.0, 827.2410631095686], [0.0, 1257.8625342125129, 450.915498205774], [0.0, 0.0, 1.0]], [[1252.8131021185304, 0.0, 826.588114781398], [0.0, 1252.8131021185304, 469.9846626224581], [0.0, 0.0, 1.0]], [[1256.7485116440405, 0.0, 817.7887570959712], [0.0, 1256.7485116440403, 451.9541780095127], [0.0, 0.0, 1.0]], [[1254.9860565800168, 0.0, 829.5769333630991], [0.0, 1254.9860565800168, 467.1680561863987], [0.0, 0.0, 1.0]], [[796.8910634503094, 0.0, 857.7774326863696], [0.0, 796.8910634503094, 476.8848988407415], [0.0, 0.0, 1.0]], [[1249.9629280788233, 0.0, 825.3768045375984], [0.0, 1249.9629280788233, 462.54816385708756], [0.0, 0.0, 1.0]]], "extrinsics": [[[0.8225367665290833, -0.568611204624176, -0.01070451270788908, -1.0048828125], [0.004114525858312845, 0.024771733209490776, -0.9996846914291382, 1.4882949590682983], [0.5686972141265869, 0.8222334384918213, 0.02271522581577301, -1.3333740234375], [0.0, 0.0, 0.0, 1.0]], [[0.010237131267786026, -0.9997355937957764, -0.020589182153344154, 0.005401611328125], [0.006075398065149784, 0.02065206691622734, -0.9997682571411133, 1.4801650047302246], [0.9999291896820068, 0.010109695605933666, 0.00628520967438817, -1.7347412109375], [0.0, 0.0, 0.0, 1.0]], [[-0.8440109491348267, -0.5360132455825806, -0.018314678221940994, 1.090576171875], [0.014103768393397331, 0.01195458136498928, -0.9998290538787842, 1.4930706024169922], [0.5361406803131104, -0.8441250324249268, -0.0025299901608377695, -1.2777099609375], [0.0, 0.0, 0.0, 1.0]], [[0.9478693008422852, 0.3186529874801636, -0.002033092314377427, -1.1439208984375], [-0.01125793531537056, 0.027110470458865166, -0.9995690584182739, 1.5620441436767578], [-0.3184606432914734, 0.9474836587905884, 0.029284555464982986, -0.156005859375], [0.0, 0.0, 0.0, 1.0]], [[0.00923384539783001, 0.9997670650482178, 0.01950998418033123, -0.02886962890625], [-0.00913237314671278, 0.01959431730210781, -0.9997662901878357, 1.5680599212646484], [-0.9999157190322876, 0.009053551591932774, 0.009311176836490631, 0.0443115234375], [0.0, 0.0, 0.0, 1.0]], [[-0.9237409830093384, 0.38300275802612305, 0.0033849431201815605, 1.1607666015625], [-0.00495609687641263, -0.0031155510805547237, -0.9999828338623047, 1.5478124618530273], [-0.3829856812953949, -0.9237419366836548, 0.004776160232722759, -0.04364013671875], [0.0, 0.0, 0.0, 1.0]]], "view": [[0.0, -2.0, 100.0], [-2.0, 0.0, 100.0], [0.0, 0.0, 1.0]], "bev": "bev_1b7984bbe25a472e8b3e77b4e9d6cb6b.png", "aux": "aux_1b7984bbe25a472e8b3e77b4e9d6cb6b.npz", "visibility": "visibility_1b7984bbe25a472e8b3e77b4e9d6cb6b.png", "pose": [[-0.7803595662117004, 0.6253311038017273, 0.0, 1565.7427978515625], [-0.6253311038017273, -0.7803595662117004, 0.0, 842.7236938476562], [0.0, 0.0, 1.0, 0.0], [0.0, 0.0, 0.0, 1.0]], "pose_inverse": [[-0.7803595662117004, -0.6253311038017273, 0.0, 1748.8236083984375], [0.6253311038017273, -0.7803595662117004, 0.0, -321.4801940917969], [0.0, 0.0, 1.0, 0.0], [0.0, 0.0, 0.0, 1.0]], "cam_ids": [0, 1, 2, 3, 4, 5], "cam_channels": ["CAM_FRONT_LEFT", "CAM_FRONT", "CAM_FRONT_RIGHT", "CAM_BACK_LEFT", "CAM_BACK", "CAM_BACK_RIGHT"], "token": "1b7984bbe25a472e8b3e77b4e9d6cb6b", "scene": "scene-0242"}, {"images": ["samples/CAM_FRONT_LEFT/n008-2018-08-21-11-53-44-0400__CAM_FRONT_LEFT__1534867034904799.jpg", "samples/CAM_FRONT/n008-2018-08-21-11-53-44-0400__CAM_FRONT__1534867034912404.jpg", "samples/CAM_FRONT_RIGHT/n008-2018-08-21-11-53-44-0400__CAM_FRONT_RIGHT__1534867034920482.jpg", "samples/CAM_BACK_LEFT/n008-2018-08-21-11-53-44-0400__CAM_BACK_LEFT__1534867034947405.jpg", "samples/CAM_BACK/n008-2018-08-21-11-53-44-0400__CAM_BACK__1534867034937558.jpg", "samples/CAM_BACK_RIGHT/n008-2018-08-21-11-53-44-0400__CAM_BACK_RIGHT__1534867034928113.jpg"], "intrinsics": [[[1257.8625342125129, 0.0, 827.2410631095686], [0.0, 1257.8625342125129, 450.915498205774], [0.0, 0.0, 1.0]], [[1252.8131021185304, 0.0, 826.588114781398], [0.0, 1252.8131021185304, 469.9846626224581], [0.0, 0.0, 1.0]], [[1256.7485116440405, 0.0, 817.7887570959712], [0.0, 1256.7485116440403, 451.9541780095127], [0.0, 0.0, 1.0]], [[1254.9860565800168, 0.0, 829.5769333630991], [0.0, 1254.9860565800168, 467.1680561863987], [0.0, 0.0, 1.0]], [[796.8910634503094, 0.0, 857.7774326863696], [0.0, 796.8910634503094, 476.8848988407415], [0.0, 0.0, 1.0]], [[1249.9629280788233, 0.0, 825.3768045375984], [0.0, 1249.9629280788233, 462.54816385708756], [0.0, 0.0, 1.0]]], "extrinsics": [[[0.8225364685058594, -0.5686129331588745, -0.010641035623848438, -1.005126953125], [0.004237841349095106, 0.02483840100467205, -0.9996824860572815, 1.4882934093475342], [0.5686966776847839, 0.8222301602363586, 0.02284017950296402, -1.333251953125], [0.0, 0.0, 0.0, 1.0]], [[0.01023549772799015, -0.999734103679657, -0.02066332846879959, 0.0052490234375], [0.006205401383340359, 0.02072751894593239, -0.999765932559967, 1.4801664352416992], [0.9999282956123352, 0.010104826651513577, 0.006415907293558121, -1.7347412109375], [0.0, 0.0, 0.0, 1.0]], [[-0.8440110683441162, -0.5360074639320374, -0.018475806340575218, 1.0908203125], [0.014240838587284088, 0.012039324268698692, -0.9998260736465454, 1.4930744171142578], [0.5361366868019104, -0.8441274762153625, -0.002528127981349826, -1.2777099609375], [0.0, 0.0, 0.0, 1.0]], [[0.9478685259819031, 0.3186562657356262, -0.0018573155393823981, -1.143798828125], [-0.011111004278063774, 0.027224501594901085, -0.9995676279067993, 1.5620441436767578], [-0.31846797466278076, 0.9474793076515198, 0.029345840215682983, -0.15594482421875], [0.0, 0.0, 0.0, 1.0]], [[0.009233178570866585, 0.9997650980949402, 0.01960759609937668, -0.028839111328125], [-0.008992130868136883, 0.019690651446580887, -0.9997656345367432, 1.5680618286132812], [-0.9999169707298279, 0.009054767899215221, 0.009171826764941216, 0.0443115234375], [0.0, 0.0, 0.0, 1.0]], [[-0.923740029335022, 0.3830059766769409, 0.0032885440159589052, 1.16064453125], [-0.004814335145056248, -0.003025288926437497, -0.9999838471412659, 1.5478119850158691], [-0.3829897940158844, -0.9237409234046936, 0.0046385000459849834, -0.043670654296875], [0.0, 0.0, 0.0, 1.0]]], "view": [[0.0, -2.0, 100.0], [-2.0, 0.0, 100.0], [0.0, 0.0, 1.0]], "bev": "bev_5f60f9e642ca4996b7a2f0e4cb509b26.png", "aux": "aux_5f60f9e642ca4996b7a2f0e4cb509b26.npz", "visibility": "visibility_5f60f9e642ca4996b7a2f0e4cb509b26.png", "pose": [[-0.7803637981414795, 0.6253257989883423, 0.0, 1565.74267578125], [-0.6253257989883423, -0.7803637981414795, 0.0, 842.7236938476562], [0.0, 0.0, 1.0, 0.0], [0.0, 0.0, 0.0, 1.0]], "pose_inverse": [[-0.7803637981414795, -0.6253257989883423, 0.0, 1748.8258056640625], [0.6253257989883423, -0.7803637981414795, 0.0, -321.46820068359375], [0.0, 0.0, 1.0, 0.0], [0.0, 0.0, 0.0, 1.0]], "cam_ids": [0, 1, 2, 3, 4, 5], "cam_channels": ["CAM_FRONT_LEFT", "CAM_FRONT", "CAM_FRONT_RIGHT", "CAM_BACK_LEFT", "CAM_BACK", "CAM_BACK_RIGHT"], "token": "5f60f9e642ca4996b7a2f0e4cb509b26", "scene": "scene-0242"}, {"images": ["samples/CAM_FRONT_LEFT/n008-2018-08-21-11-53-44-0400__CAM_FRONT_LEFT__1534867035404799.jpg", "samples/CAM_FRONT/n008-2018-08-21-11-53-44-0400__CAM_FRONT__1534867035412404.jpg", "samples/CAM_FRONT_RIGHT/n008-2018-08-21-11-53-44-0400__CAM_FRONT_RIGHT__1534867035420482.jpg", "samples/CAM_BACK_LEFT/n008-2018-08-21-11-53-44-0400__CAM_BACK_LEFT__1534867035447405.jpg", "samples/CAM_BACK/n008-2018-08-21-11-53-44-0400__CAM_BACK__1534867035437558.jpg", "samples/CAM_BACK_RIGHT/n008-2018-08-21-11-53-44-0400__CAM_BACK_RIGHT__1534867035428133.jpg"], "intrinsics": [[[1257.8625342125129, 0.0, 827.2410631095686], [0.0, 1257.8625342125129, 450.915498205774], [0.0, 0.0, 1.0]], [[1252.8131021185304, 0.0, 826.588114781398], [0.0, 1252.8131021185304, 469.9846626224581], [0.0, 0.0, 1.0]], [[1256.7485116440405, 0.0, 817.7887570959712], [0.0, 1256.7485116440403, 451.9541780095127], [0.0, 0.0, 1.0]], [[1254.9860565800168, 0.0, 829.5769333630991], [0.0, 1254.9860565800168, 467.1680561863987], [0.0, 0.0, 1.0]], [[796.8910634503094, 0.0, 857.7774326863696], [0.0, 796.8910634503094, 476.8848988407415], [0.0, 0.0, 1.0]], [[1249.9629280788233, 0.0, 825.3768045375984], [0.0, 1249.9629280788233, 462.54816385708756], [0.0, 0.0, 1.0]]], "extrinsics": [[[0.8225411772727966, -0.568606436252594, -0.010619424283504486, -1.0050048828125], [0.0043490068055689335, 0.024961471557617188, -0.9996789693832397, 1.488295555114746], [0.5686889290809631, 0.8222309350967407, 0.023004712536931038, -1.333251953125], [0.0, 0.0, 0.0, 1.0]], [[0.01024224516004324, -0.9997314214706421, -0.02078932337462902, 0.00537109375], [0.006319847423583269, 0.02085471712052822, -0.9997625946998596, 1.4801664352416992], [0.9999276399612427, 0.010108498856425285, 0.00653174938634038, -1.73486328125], [0.0, 0.0, 0.0, 1.0]], [[-0.8440074324607849, -0.5360073447227478, -0.01864590123295784, 1.090576171875], [0.014358754269778728, 0.01217092014849186, -0.9998228549957275, 1.493072509765625], [0.5361393094062805, -0.8441256284713745, -0.002575949765741825, -1.277587890625], [0.0, 0.0, 0.0, 1.0]], [[0.9478678107261658, 0.3186594843864441, -0.0017229216173291206, -1.14404296875], [-0.011006386019289494, 0.027334580197930336, -0.9995657801628113, 1.5620460510253906], [-0.31847405433654785, 0.947475016117096, 0.029416855424642563, -0.15606689453125], [0.0, 0.0, 0.0, 1.0]], [[0.009230341762304306, 0.9997626543045044, 0.01973751001060009, -0.02880859375], [-0.008898753672838211, 0.019819695502519608, -0.9997639656066895, 1.5680618286132812], [-0.9999178051948547, 0.009052598848938942, 0.009079583920538425, 0.044189453125], [0.0, 0.0, 0.0, 1.0]], [[-0.9237411618232727, 0.38300371170043945, 0.0032284941989928484, 1.16064453125], [-0.004692906513810158, -0.002889231313019991, -0.9999848008155823, 1.547811508178711], [-0.38298851251602173, -0.9237422943115234, 0.0044663031585514545, -0.043670654296875], [0.0, 0.0, 0.0, 1.0]]], "view": [[0.0, -2.0, 100.0], [-2.0, 0.0, 100.0], [0.0, 0.0, 1.0]], "bev": "bev_6b0440c738954584972df428a7a152bd.png", "aux": "aux_6b0440c738954584972df428a7a152bd.npz", "visibility": "visibility_6b0440c738954584972df428a7a152bd.png", "pose": [[-0.780425488948822, 0.6252487897872925, 0.0, 1565.7427978515625], [-0.6252487897872925, -0.780425488948822, 0.0, 842.7237548828125], [0.0, 0.0, 1.0, 0.0], [0.0, 0.0, 0.0, 1.0]], "pose_inverse": [[-0.780425488948822, -0.6252487897872925, 0.0, 1748.8575439453125], [0.6252487897872925, -0.780425488948822, 0.0, -321.29571533203125], [0.0, 0.0, 1.0, 0.0], [0.0, 0.0, 0.0, 1.0]], "cam_ids": [0, 1, 2, 3, 4, 5], "cam_channels": ["CAM_FRONT_LEFT", "CAM_FRONT", "CAM_FRONT_RIGHT", "CAM_BACK_LEFT", "CAM_BACK", "CAM_BACK_RIGHT"], "token": "6b0440c738954584972df428a7a152bd", "scene": "scene-0242"}, {"images": ["samples/CAM_FRONT_LEFT/n008-2018-08-21-11-53-44-0400__CAM_FRONT_LEFT__1534867035854799.jpg", "samples/CAM_FRONT/n008-2018-08-21-11-53-44-0400__CAM_FRONT__1534867035862404.jpg", "samples/CAM_FRONT_RIGHT/n008-2018-08-21-11-53-44-0400__CAM_FRONT_RIGHT__1534867035870495.jpg", "samples/CAM_BACK_LEFT/n008-2018-08-21-11-53-44-0400__CAM_BACK_LEFT__1534867035897405.jpg", "samples/CAM_BACK/n008-2018-08-21-11-53-44-0400__CAM_BACK__1534867035887558.jpg", "samples/CAM_BACK_RIGHT/n008-2018-08-21-11-53-44-0400__CAM_BACK_RIGHT__1534867035878113.jpg"], "intrinsics": [[[1257.8625342125129, 0.0, 827.2410631095686], [0.0, 1257.8625342125129, 450.915498205774], [0.0, 0.0, 1.0]], [[1252.8131021185304, 0.0, 826.588114781398], [0.0, 1252.8131021185304, 469.9846626224581], [0.0, 0.0, 1.0]], [[1256.7485116440405, 0.0, 817.7887570959712], [0.0, 1256.7485116440403, 451.9541780095127], [0.0, 0.0, 1.0]], [[1254.9860565800168, 0.0, 829.5769333630991], [0.0, 1254.9860565800168, 467.1680561863987], [0.0, 0.0, 1.0]], [[796.8910634503094, 0.0, 857.7774326863696], [0.0, 796.8910634503094, 476.8848988407415], [0.0, 0.0, 1.0]], [[1249.9629280788233, 0.0, 825.3768045375984], [0.0, 1249.9629280788233, 462.54816385708756], [0.0, 0.0, 1.0]]], "extrinsics": [[[0.822549045085907, -0.568595290184021, -0.010613273829221725, -1.005126953125], [0.004384535830467939, 0.025002581998705864, -0.9996777772903442, 1.4882947206497192], [0.5686774253845215, 0.8222373723983765, 0.023058872669935226, -1.33331298828125], [0.0, 0.0, 0.0, 1.0]], [[0.010256171226501465, -0.9997307062149048, -0.020819375291466713, 0.00537109375], [0.006342747714370489, 0.02088509500026703, -0.9997617602348328, 1.4801640510559082], [0.999927282333374, 0.01012167613953352, 0.006555239669978619, -1.73486328125], [0.0, 0.0, 0.0, 1.0]], [[-0.8439999222755432, -0.536018431186676, -0.018663277849555016, 1.090576171875], [0.014368503354489803, 0.012187914922833443, -0.9998224973678589, 1.4930744171142578], [0.5361508131027222, -0.8441182971000671, -0.0025848173536360264, -1.2777099609375], [0.0, 0.0, 0.0, 1.0]], [[0.947868287563324, 0.31865790486335754, -0.0016949345590546727, -1.1439208984375], [-0.010989053174853325, 0.027370968833565712, -0.9995649456977844, 1.5620460510253906], [-0.3184729814529419, 0.947474479675293, 0.029445819556713104, -0.15606689453125], [0.0, 0.0, 0.0, 1.0]], [[0.009223881177604198, 0.999762237071991, 0.01976022869348526, -0.0289306640625], [-0.008884450420737267, 0.019842226058244705, -0.9997636079788208, 1.5680618286132812], [-0.9999180436134338, 0.009046093560755253, 0.009065357968211174, 0.044189453125], [0.0, 0.0, 0.0, 1.0]], [[-0.9237456917762756, 0.3829928934574127, 0.003224919782951474, 1.16064453125], [-0.004684846848249435, -0.002879261039197445, -0.999984860420227, 1.547811508178711], [-0.38297778367996216, -0.9237468242645264, 0.004453967325389385, -0.043701171875], [0.0, 0.0, 0.0, 1.0]]], "view": [[0.0, -2.0, 100.0], [-2.0, 0.0, 100.0], [0.0, 0.0, 1.0]], "bev": "bev_b211739c3ddf4f24a4820f06dd163df4.png", "aux": "aux_b211739c3ddf4f24a4820f06dd163df4.npz", "visibility": "visibility_b211739c3ddf4f24a4820f06dd163df4.png", "pose": [[-0.7804779410362244, 0.6251833438873291, 0.0, 1565.7427978515625], [-0.6251833438873291, -0.7804779410362244, 0.0, 842.7238159179688], [0.0, 0.0, 1.0, 0.0], [0.0, 0.0, 0.0, 1.0]], "pose_inverse": [[-0.7804779410362244, -0.6251833438873291, 0.0, 1748.8846435546875], [0.6251833438873291, -0.7804779410362244, 0.0, -321.1489562988281], [0.0, 0.0, 1.0, 0.0], [0.0, 0.0, 0.0, 1.0]], "cam_ids": [0, 1, 2, 3, 4, 5], "cam_channels": ["CAM_FRONT_LEFT", "CAM_FRONT", "CAM_FRONT_RIGHT", "CAM_BACK_LEFT", "CAM_BACK", "CAM_BACK_RIGHT"], "token": "b211739c3ddf4f24a4820f06dd163df4", "scene": "scene-0242"}, {"images": ["samples/CAM_FRONT_LEFT/n008-2018-08-21-11-53-44-0400__CAM_FRONT_LEFT__1534867036354799.jpg", "samples/CAM_FRONT/n008-2018-08-21-11-53-44-0400__CAM_FRONT__1534867036362404.jpg", "samples/CAM_FRONT_RIGHT/n008-2018-08-21-11-53-44-0400__CAM_FRONT_RIGHT__1534867036370482.jpg", "samples/CAM_BACK_LEFT/n008-2018-08-21-11-53-44-0400__CAM_BACK_LEFT__1534867036397405.jpg", "samples/CAM_BACK/n008-2018-08-21-11-53-44-0400__CAM_BACK__1534867036387558.jpg", "samples/CAM_BACK_RIGHT/n008-2018-08-21-11-53-44-0400__CAM_BACK_RIGHT__1534867036378113.jpg"], "intrinsics": [[[1257.8625342125129, 0.0, 827.2410631095686], [0.0, 1257.8625342125129, 450.915498205774], [0.0, 0.0, 1.0]], [[1252.8131021185304, 0.0, 826.588114781398], [0.0, 1252.8131021185304, 469.9846626224581], [0.0, 0.0, 1.0]], [[1256.7485116440405, 0.0, 817.7887570959712], [0.0, 1256.7485116440403, 451.9541780095127], [0.0, 0.0, 1.0]], [[1254.9860565800168, 0.0, 829.5769333630991], [0.0, 1254.9860565800168, 467.1680561863987], [0.0, 0.0, 1.0]], [[796.8910634503094, 0.0, 857.7774326863696], [0.0, 796.8910634503094, 476.8848988407415], [0.0, 0.0, 1.0]], [[1249.9629280788233, 0.0, 825.3768045375984], [0.0, 1249.9629280788233, 462.54816385708756], [0.0, 0.0, 1.0]]], "extrinsics": [[[0.8225370645523071, -0.5686120986938477, -0.010636643506586552, -1.0050048828125], [0.004452448338270187, 0.02514101006090641, -0.9996739625930786, 1.4882969856262207], [0.5686941742897034, 0.822221577167511, 0.023211129009723663, -1.3333740234375], [0.0, 0.0, 0.0, 1.0]], [[0.010237003676593304, -0.9997277855873108, -0.02096540294587612, 0.005279541015625], [0.006400689482688904, 0.021031584590673447, -0.9997583627700806, 1.480165958404541], [0.9999271631240845, 0.010100341401994228, 0.006614246871322393, -1.7347412109375], [0.0, 0.0, 0.0, 1.0]], [[-0.8440079689025879, -0.5360015034675598, -0.018788961693644524, 1.0904541015625], [0.014417589642107487, 0.0123451454564929, -0.9998198747634888, 1.4930744171142578], [0.5361369252204895, -0.8441267609596252, -0.0026915522757917643, -1.277587890625], [0.0, 0.0, 0.0, 1.0]], [[0.9478684663772583, 0.3186579644680023, -0.0016087692929431796, -1.14404296875], [-0.01094729546457529, 0.02751706726849079, -0.9995613694190979, 1.5620403289794922], [-0.3184739351272583, 0.9474703073501587, 0.02957100048661232, -0.15618896484375], [0.0, 0.0, 0.0, 1.0]], [[0.00922911986708641, 0.9997590780258179, 0.019917814061045647, -0.02886962890625], [-0.008809613063931465, 0.019999179989099503, -0.999761164188385, 1.5680618286132812], [-0.9999187588691711, 0.009051422588527203, 0.00899206567555666, 0.0443115234375], [0.0, 0.0, 0.0, 1.0]], [[-0.923740804195404, 0.3830043077468872, 0.0032426260877400637, 1.16064453125], [-0.004635977558791637, -0.0027150153182446957, -0.9999855756759644, 1.5478124618530273], [-0.3829900324344635, -0.9237425327301025, 0.004283570218831301, -0.04364013671875], [0.0, 0.0, 0.0, 1.0]]], "view": [[0.0, -2.0, 100.0], [-2.0, 0.0, 100.0], [0.0, 0.0, 1.0]], "bev": "bev_fa28359a076f4633b926ee775c7ac313.png", "aux": "aux_fa28359a076f4633b926ee775c7ac313.npz", "visibility": "visibility_fa28359a076f4633b926ee775c7ac313.png", "pose": [[-0.7804256677627563, 0.6252486109733582, 0.0, 1565.7427978515625], [-0.6252486109733582, -0.7804256677627563, 0.0, 842.7238159179688], [0.0, 0.0, 1.0, 0.0], [0.0, 0.0, 0.0, 1.0]], "pose_inverse": [[-0.7804256677627563, -0.6252486109733582, 0.0, 1748.857666015625], [0.6252486109733582, -0.7804256677627563, 0.0, -321.2951965332031], [0.0, 0.0, 1.0, 0.0], [0.0, 0.0, 0.0, 1.0]], "cam_ids": [0, 1, 2, 3, 4, 5], "cam_channels": ["CAM_FRONT_LEFT", "CAM_FRONT", "CAM_FRONT_RIGHT", "CAM_BACK_LEFT", "CAM_BACK", "CAM_BACK_RIGHT"], "token": "fa28359a076f4633b926ee775c7ac313", "scene": "scene-0242"}, {"images": ["samples/CAM_FRONT_LEFT/n008-2018-08-21-11-53-44-0400__CAM_FRONT_LEFT__1534867036854799.jpg", "samples/CAM_FRONT/n008-2018-08-21-11-53-44-0400__CAM_FRONT__1534867036862404.jpg", "samples/CAM_FRONT_RIGHT/n008-2018-08-21-11-53-44-0400__CAM_FRONT_RIGHT__1534867036870482.jpg", "samples/CAM_BACK_LEFT/n008-2018-08-21-11-53-44-0400__CAM_BACK_LEFT__1534867036897405.jpg", "samples/CAM_BACK/n008-2018-08-21-11-53-44-0400__CAM_BACK__1534867036887558.jpg", "samples/CAM_BACK_RIGHT/n008-2018-08-21-11-53-44-0400__CAM_BACK_RIGHT__1534867036878113.jpg"], "intrinsics": [[[1257.8625342125129, 0.0, 827.2410631095686], [0.0, 1257.8625342125129, 450.915498205774], [0.0, 0.0, 1.0]], [[1252.8131021185304, 0.0, 826.588114781398], [0.0, 1252.8131021185304, 469.9846626224581], [0.0, 0.0, 1.0]], [[1256.7485116440405, 0.0, 817.7887570959712], [0.0, 1256.7485116440403, 451.9541780095127], [0.0, 0.0, 1.0]], [[1254.9860565800168, 0.0, 829.5769333630991], [0.0, 1254.9860565800168, 467.1680561863987], [0.0, 0.0, 1.0]], [[796.8910634503094, 0.0, 857.7774326863696], [0.0, 796.8910634503094, 476.8848988407415], [0.0, 0.0, 1.0]], [[1249.9629280788233, 0.0, 825.3768045375984], [0.0, 1249.9629280788233, 462.54816385708756], [0.0, 0.0, 1.0]]], "extrinsics": [[[0.8225491046905518, -0.5685949325561523, -0.010619986802339554, -1.0050048828125], [0.004483400844037533, 0.025157339870929718, -0.9996734261512756, 1.488293170928955], [0.5686764121055603, 0.8222328424453735, 0.02324238419532776, -1.33331298828125], [0.0, 0.0, 0.0, 1.0]], [[0.010259594768285751, -0.9997273683547974, -0.020971467718482018, 0.00531005859375], [0.006451160181313753, 0.02103831060230732, -0.9997578859329224, 1.4801650047302246], [0.9999265670776367, 0.010121824219822884, 0.006665245164185762, -1.7347412109375], [0.0, 0.0, 0.0, 1.0]], [[-0.8439977765083313, -0.5360157489776611, -0.018842199817299843, 1.090576171875], [0.014482949860394001, 0.012341451831161976, -0.9998189210891724, 1.4930706024169922], [0.5361511707305908, -0.8441177606582642, -0.0026530695613473654, -1.277587890625], [0.0, 0.0, 0.0, 1.0]], [[0.9478683471679688, 0.3186584711074829, -0.0015795310027897358, -1.1439208984375], [-0.010913440957665443, 0.02750803343951702, -0.9995620250701904, 1.5620460510253906], [-0.3184753954410553, 0.9474703073501587, 0.029551653191447258, -0.1561279296875], [0.0, 0.0, 0.0, 1.0]], [[0.009221836924552917, 0.9997593760490417, 0.01990375481545925, -0.028839111328125], [-0.008775313384830952, 0.019984746351838112, -0.999761700630188, 1.5680599212646484], [-0.999919056892395, 0.009045090526342392, 0.008957499638199806, 0.0443115234375], [0.0, 0.0, 0.0, 1.0]], [[-0.9237456917762756, 0.3829929530620575, 0.0031866973731666803, 1.160400390625], [-0.004579359665513039, -0.002724625403061509, -0.9999858140945435, 1.5478110313415527], [-0.3829788267612457, -0.923747181892395, 0.004270723555237055, -0.043792724609375], [0.0, 0.0, 0.0, 1.0]]], "view": [[0.0, -2.0, 100.0], [-2.0, 0.0, 100.0], [0.0, 0.0, 1.0]], "bev": "bev_77d475aa166c493fab96acaffd53863e.png", "aux": "aux_77d475aa166c493fab96acaffd53863e.npz", "visibility": "visibility_77d475aa166c493fab96acaffd53863e.png", "pose": [[-0.7804255485534668, 0.6252487301826477, 0.0, 1565.7427978515625], [-0.6252487301826477, -0.7804255485534668, 0.0, 842.7238159179688], [0.0, 0.0, 1.0, 0.0], [0.0, 0.0, 0.0, 1.0]], "pose_inverse": [[-0.7804255485534668, -0.6252487301826477, 0.0, 1748.857666015625], [0.6252487301826477, -0.7804255485534668, 0.0, -321.2955322265625], [0.0, 0.0, 1.0, 0.0], [0.0, 0.0, 0.0, 1.0]], "cam_ids": [0, 1, 2, 3, 4, 5], "cam_channels": ["CAM_FRONT_LEFT", "CAM_FRONT", "CAM_FRONT_RIGHT", "CAM_BACK_LEFT", "CAM_BACK", "CAM_BACK_RIGHT"], "token": "77d475aa166c493fab96acaffd53863e", "scene": "scene-0242"}, {"images": ["samples/CAM_FRONT_LEFT/n008-2018-08-21-11-53-44-0400__CAM_FRONT_LEFT__1534867037354799.jpg", "samples/CAM_FRONT/n008-2018-08-21-11-53-44-0400__CAM_FRONT__1534867037362404.jpg", "samples/CAM_FRONT_RIGHT/n008-2018-08-21-11-53-44-0400__CAM_FRONT_RIGHT__1534867037370482.jpg", "samples/CAM_BACK_LEFT/n008-2018-08-21-11-53-44-0400__CAM_BACK_LEFT__1534867037397405.jpg", "samples/CAM_BACK/n008-2018-08-21-11-53-44-0400__CAM_BACK__1534867037387558.jpg", "samples/CAM_BACK_RIGHT/n008-2018-08-21-11-53-44-0400__CAM_BACK_RIGHT__1534867037378113.jpg"], "intrinsics": [[[1257.8625342125129, 0.0, 827.2410631095686], [0.0, 1257.8625342125129, 450.915498205774], [0.0, 0.0, 1.0]], [[1252.8131021185304, 0.0, 826.588114781398], [0.0, 1252.8131021185304, 469.9846626224581], [0.0, 0.0, 1.0]], [[1256.7485116440405, 0.0, 817.7887570959712], [0.0, 1256.7485116440403, 451.9541780095127], [0.0, 0.0, 1.0]], [[1254.9860565800168, 0.0, 829.5769333630991], [0.0, 1254.9860565800168, 467.1680561863987], [0.0, 0.0, 1.0]], [[796.8910634503094, 0.0, 857.7774326863696], [0.0, 796.8910634503094, 476.8848988407415], [0.0, 0.0, 1.0]], [[1249.9629280788233, 0.0, 825.3768045375984], [0.0, 1249.9629280788233, 462.54816385708756], [0.0, 0.0, 1.0]]], "extrinsics": [[[0.8225507736206055, -0.5685940980911255, -0.010544104501605034, -1.005126953125], [0.004658113233745098, 0.025276655331254005, -0.99966961145401, 1.4882936477661133], [0.5686726570129395, 0.8222298622131348, 0.023439906537532806, -1.333251953125], [0.0, 0.0, 0.0, 1.0]], [[0.010258868336677551, -0.9997250437736511, -0.021083123981952667, 0.005279541015625], [0.0066212317906320095, 0.02115168608725071, -0.9997543692588806, 1.4801673889160156], [0.999925434589386, 0.010116759687662125, 0.006836403161287308, -1.7347412109375], [0.0, 0.0, 0.0, 1.0]], [[-0.8439975380897522, -0.536008894443512, -0.019043905660510063, 1.090576171875], [0.014651480130851269, 0.012452357448637486, -0.9998151063919067, 1.493072509765625], [0.536146879196167, -0.8441205024719238, -0.0026564353611320257, -1.277587890625], [0.0, 0.0, 0.0, 1.0]], [[0.947868824005127, 0.31865790486335754, -0.0013818229781463742, -1.14404296875], [-0.010745148174464703, 0.027627673000097275, -0.9995604753494263, 1.562042236328125], [-0.3184796869754791, 0.947467029094696, 0.029611436650156975, -0.1561279296875], [0.0, 0.0, 0.0, 1.0]], [[0.009222636930644512, 0.9997571110725403, 0.02001667581498623, -0.0289306640625], [-0.008620339445769787, 0.020096270367503166, -0.9997608661651611, 1.5680618286132812], [-0.9999203681945801, 0.00904779601842165, 0.008803585544228554, 0.0443115234375], [0.0, 0.0, 0.0, 1.0]], [[-0.9237436652183533, 0.3829989731311798, 0.003077639965340495, 1.1607666015625], [-0.004416348412632942, -0.0026161291170865297, -0.9999868273735046, 1.5478110313415527], [-0.38298583030700684, -0.9237450957298279, 0.004108089487999678, -0.043731689453125], [0.0, 0.0, 0.0, 1.0]]], "view": [[0.0, -2.0, 100.0], [-2.0, 0.0, 100.0], [0.0, 0.0, 1.0]], "bev": "bev_874caa219a4741119c381c0d3a466440.png", "aux": "aux_874caa219a4741119c381c0d3a466440.npz", "visibility": "visibility_874caa219a4741119c381c0d3a466440.png", "pose": [[-0.7804481387138367, 0.625220537185669, 0.0, 1565.7427978515625], [-0.625220537185669, -0.7804481387138367, 0.0, 842.7238159179688], [0.0, 0.0, 1.0, 0.0], [0.0, 0.0, 0.0, 1.0]], "pose_inverse": [[-0.7804481387138367, -0.625220537185669, 0.0, 1748.8692626953125], [0.625220537185669, -0.7804481387138367, 0.0, -321.2322998046875], [0.0, 0.0, 1.0, 0.0], [0.0, 0.0, 0.0, 1.0]], "cam_ids": [0, 1, 2, 3, 4, 5], "cam_channels": ["CAM_FRONT_LEFT", "CAM_FRONT", "CAM_FRONT_RIGHT", "CAM_BACK_LEFT", "CAM_BACK", "CAM_BACK_RIGHT"], "token": "874caa219a4741119c381c0d3a466440", "scene": "scene-0242"}, {"images": ["samples/CAM_FRONT_LEFT/n008-2018-08-21-11-53-44-0400__CAM_FRONT_LEFT__1534867037854799.jpg", "samples/CAM_FRONT/n008-2018-08-21-11-53-44-0400__CAM_FRONT__1534867037862404.jpg", "samples/CAM_FRONT_RIGHT/n008-2018-08-21-11-53-44-0400__CAM_FRONT_RIGHT__1534867037870482.jpg", "samples/CAM_BACK_LEFT/n008-2018-08-21-11-53-44-0400__CAM_BACK_LEFT__1534867037897405.jpg", "samples/CAM_BACK/n008-2018-08-21-11-53-44-0400__CAM_BACK__1534867037887558.jpg", "samples/CAM_BACK_RIGHT/n008-2018-08-21-11-53-44-0400__CAM_BACK_RIGHT__1534867037878113.jpg"], "intrinsics": [[[1257.8625342125129, 0.0, 827.2410631095686], [0.0, 1257.8625342125129, 450.915498205774], [0.0, 0.0, 1.0]], [[1252.8131021185304, 0.0, 826.588114781398], [0.0, 1252.8131021185304, 469.9846626224581], [0.0, 0.0, 1.0]], [[1256.7485116440405, 0.0, 817.7887570959712], [0.0, 1256.7485116440403, 451.9541780095127], [0.0, 0.0, 1.0]], [[1254.9860565800168, 0.0, 829.5769333630991], [0.0, 1254.9860565800168, 467.1680561863987], [0.0, 0.0, 1.0]], [[796.8910634503094, 0.0, 857.7774326863696], [0.0, 796.8910634503094, 476.8848988407415], [0.0, 0.0, 1.0]], [[1249.9629280788233, 0.0, 825.3768045375984], [0.0, 1249.9629280788233, 462.54816385708756], [0.0, 0.0, 1.0]]], "extrinsics": [[[0.8225402235984802, -0.5686100125312805, -0.010496287606656551, -1.0050048828125], [0.004695430863648653, 0.0252457857131958, -0.9996702671051025, 1.4882946014404297], [0.5686875581741333, 0.822219729423523, 0.023435544222593307, -1.333251953125], [0.0, 0.0, 0.0, 1.0]], [[0.010242806747555733, -0.9997255206108093, -0.02107015997171402, 0.005401611328125], [0.00666403491050005, 0.021139046177268028, -0.9997543692588806, 1.4801654815673828], [0.9999253153800964, 0.010099878534674644, 0.006878728978335857, -1.7347412109375], [0.0, 0.0, 0.0, 1.0]], [[-0.8440045714378357, -0.5359963774681091, -0.01908237300813198, 1.090576171875], [0.01469751913100481, 0.012451683171093464, -0.9998144507408142, 1.4930744171142578], [0.5361346006393433, -0.8441284894943237, -0.0026314612478017807, -1.2777099609375], [0.0, 0.0, 0.0, 1.0]], [[0.9478691220283508, 0.3186570107936859, -0.0013220830587670207, -1.143798828125], [-0.010678117163479328, 0.027615755796432495, -0.9995615482330322, 1.5620441436767578], [-0.31848078966140747, 0.9474678039550781, 0.02957877889275551, -0.15606689453125], [0.0, 0.0, 0.0, 1.0]], [[0.009228110313415527, 0.9997571706771851, 0.020007874816656113, -0.0289306640625], [-0.00855229515582323, 0.020086901262