[{"images": ["samples/CAM_FRONT_LEFT/n008-2018-05-21-11-06-59-0400__CAM_FRONT_LEFT__1526915318004917.jpg", "samples/CAM_FRONT/n008-2018-05-21-11-06-59-0400__CAM_FRONT__1526915318012465.jpg", "samples/CAM_FRONT_RIGHT/n008-2018-05-21-11-06-59-0400__CAM_FRONT_RIGHT__1526915318019956.jpg", "samples/CAM_BACK_LEFT/n008-2018-05-21-11-06-59-0400__CAM_BACK_LEFT__1526915318047295.jpg", "samples/CAM_BACK/n008-2018-05-21-11-06-59-0400__CAM_BACK__1526915318037570.jpg", "samples/CAM_BACK_RIGHT/n008-2018-05-21-11-06-59-0400__CAM_BACK_RIGHT__1526915318027813.jpg"], "intrinsics": [[[1256.4720761102153, 0.0, 759.9201772536986], [0.0, 1256.472076110215, 418.2347543062189], [0.0, 0.0, 1.0]], [[1262.8093578767177, 0.0, 786.6784634591471], [0.0, 1262.8093578767177, 437.9890946201144], [0.0, 0.0, 1.0]], [[1264.1253743585607, 0.0, 761.8659236816043], [0.0, 1264.125374358561, 415.0768894058469], [0.0, 0.0, 1.0]], [[1258.2338510172276, 0.0, 742.9036438917772], [0.0, 1258.2338510172278, 422.93240569290015], [0.0, 0.0, 1.0]], [[798.1242652672415, 0.0, 679.0081140747895], [0.0, 798.1242652672414, 419.2474525237902], [0.0, 0.0, 1.0]], [[1259.4297629105833, 0.0, 752.9541347831612], [0.0, 1259.4297629105833, 429.46398926977497], [0.0, 0.0, 1.0]]], "extrinsics": [[[0.8099178075790405, -0.5853965282440186, 0.036660920828580856, -0.79345703125], [0.04486626386642456, -0.000488580612000078, -0.998992919921875, 1.5107460021972656], [0.5848248600959778, 0.8107469081878662, 0.025868844240903854, -1.16015625], [0.0, 0.0, 0.0, 1.0]], [[-0.003607237245887518, -0.9999796152114868, 0.0052781361155211926, -0.025390625], [0.035233065485954285, -0.005401986185461283, -0.9993645548820496, 1.5210037231445312], [0.9993725419044495, -0.003418981097638607, 0.03525182977318764, -1.46453857421875], [0.0, 0.0, 0.0, 1.0]], [[-0.8098316192626953, -0.5857155919075012, -0.03332023695111275, 0.86358642578125], [0.04062066599726677, 0.0006775139481760561, -0.9991744160652161, 1.5031280517578125], [0.5852546095848083, -0.8105164170265198, 0.023243481293320656, -1.26953125], [0.0, 0.0, 0.0, 1.0]], [[0.9453353881835938, 0.32489094138145447, 0.02804996445775032, -1.151658058166504], [0.027305563911795616, 0.006851311773061752, -0.9996036291122437, 1.5959696769714355], [-0.3249543607234955, 0.9457266926765442, -0.0023945432621985674, -0.080322265625], [0.0, 0.0, 0.0, 1.0]], [[0.017520440742373466, 0.9998462200164795, 0.0007912203436717391, 0.006591796875], [0.03621550649404526, 0.00015621367492713034, -0.9993440508842468, 1.5418949127197266], [-0.9991903901100159, 0.01753760129213333, -0.03620719909667969, 0.04437255859375], [0.0, 0.0, 0.0, 1.0]], [[-0.9347251653671265, 0.3541003465652466, -0.03002946451306343, 1.0316162109375], [0.03144291788339615, -0.0017624496249482036, -0.9995039701461792, 1.5879535675048828], [-0.35397768020629883, -0.9352056980133057, -0.009486541152000427, -0.09765625], [0.0, 0.0, 0.0, 1.0]]], "view": [[0.0, -2.0, 100.0], [-2.0, 0.0, 100.0], [0.0, 0.0, 1.0]], "bev": "bev_9dafa2548c884e5884e9cedd626ee62d.png", "aux": "aux_9dafa2548c884e5884e9cedd626ee62d.npz", "visibility": "visibility_9dafa2548c884e5884e9cedd626ee62d.png", "pose": [[-0.00830762181431055, 0.999965488910675, 0.0, 2526.054931640625], [-0.999965488910675, -0.00830762181431055, 0.0, 840.3853759765625], [0.0, 0.0, 1.0, 0.0], [0.0, 0.0, 0.0, 1.0]], "pose_inverse": [[-0.00830762181431055, -0.999965488910675, 0.0, 861.3418579101562], [0.999965488910675, -0.00830762181431055, 0.0, -2518.986083984375], [0.0, 0.0, 1.0, 0.0], [0.0, 0.0, 0.0, 1.0]], "cam_ids": [0, 1, 2, 3, 4, 5], "cam_channels": ["CAM_FRONT_LEFT", "CAM_FRONT", "CAM_FRONT_RIGHT", "CAM_BACK_LEFT", "CAM_BACK", "CAM_BACK_RIGHT"], "token": "9dafa2548c884e5884e9cedd626ee62d", "scene": "scene-0164"}, {"images": ["samples/CAM_FRONT_LEFT/n008-2018-05-21-11-06-59-0400__CAM_FRONT_LEFT__1526915318504917.jpg", "samples/CAM_FRONT/n008-2018-05-21-11-06-59-0400__CAM_FRONT__1526915318512465.jpg", "samples/CAM_FRONT_RIGHT/n008-2018-05-21-11-06-59-0400__CAM_FRONT_RIGHT__1526915318519956.jpg", "samples/CAM_BACK_LEFT/n008-2018-05-21-11-06-59-0400__CAM_BACK_LEFT__1526915318547295.jpg", "samples/CAM_BACK/n008-2018-05-21-11-06-59-0400__CAM_BACK__1526915318537570.jpg", "samples/CAM_BACK_RIGHT/n008-2018-05-21-11-06-59-0400__CAM_BACK_RIGHT__1526915318527813.jpg"], "intrinsics": [[[1256.4720761102153, 0.0, 759.9201772536986], [0.0, 1256.472076110215, 418.2347543062189], [0.0, 0.0, 1.0]], [[1262.8093578767177, 0.0, 786.6784634591471], [0.0, 1262.8093578767177, 437.9890946201144], [0.0, 0.0, 1.0]], [[1264.1253743585607, 0.0, 761.8659236816043], [0.0, 1264.125374358561, 415.0768894058469], [0.0, 0.0, 1.0]], [[1258.2338510172276, 0.0, 742.9036438917772], [0.0, 1258.2338510172278, 422.93240569290015], [0.0, 0.0, 1.0]], [[798.1242652672415, 0.0, 679.0081140747895], [0.0, 798.1242652672414, 419.2474525237902], [0.0, 0.0, 1.0]], [[1259.4297629105833, 0.0, 752.9541347831612], [0.0, 1259.4297629105833, 429.46398926977497], [0.0, 0.0, 1.0]]], "extrinsics": [[[0.8078198432922363, -0.5866338014602661, 0.05734093114733696, -0.795166015625], [0.06419474631547928, -0.009141093119978905, -0.9978955388069153, 1.5160675048828125], [0.585923433303833, 0.8098007440567017, 0.03027445077896118, -1.158935546875], [0.0, 0.0, 0.0, 1.0]], [[-0.005427999421954155, -0.999876856803894, 0.014722315594553947, -0.027099609375], [0.05490630492568016, -0.014998326078057289, -0.9983788728713989, 1.5254364013671875], [0.9984768033027649, -0.004610852338373661, 0.05498095974326134, -1.46575927734375], [0.0, 0.0, 0.0, 1.0]], [[-0.8097617626190186, -0.5851253867149353, -0.043751731514930725, 0.86431884765625], [0.060870591551065445, -0.009608366526663303, -0.9980994462966919, 1.5066757202148438], [0.5835930109024048, -0.8108858466148376, 0.04339741915464401, -1.271484375], [0.0, 0.0, 0.0, 1.0]], [[0.9447062015533447, 0.324933797121048, 0.04413771629333496, -1.1521320343017578], [0.049254100769758224, -0.007533109746873379, -0.9987578392028809, 1.5959854125976562], [-0.3241977095603943, 0.9457067251205444, -0.023120896890759468, -0.080322265625], [0.0, 0.0, 0.0, 1.0]], [[0.0183298047631979, 0.9997624158859253, -0.011794054880738258, 0.00634765625], [0.057271722704172134, -0.01282655168324709, -0.9982762336730957, 1.5431976318359375], [-0.9981902837753296, 0.01762273721396923, -0.05749322474002838, 0.04541015625], [0.0, 0.0, 0.0, 1.0]], [[-0.93354731798172, 0.3544714152812958, -0.053285714238882065, 1.033447265625], [0.05208991840481758, -0.012922100722789764, -0.9985588192939758, 1.5905227661132812], [-0.35464906692504883, -0.9349775910377502, -0.006400992162525654, -0.0977783203125], [0.0, 0.0, 0.0, 1.0]]], "view": [[0.0, -2.0, 100.0], [-2.0, 0.0, 100.0], [0.0, 0.0, 1.0]], "bev": "bev_0d8eb376d935470c8379b4345ff7bb09.png", "aux": "aux_0d8eb376d935470c8379b4345ff7bb09.npz", "visibility": "visibility_0d8eb376d935470c8379b4345ff7bb09.png", "pose": [[-0.019549168646335602, 0.9998089075088501, 0.0, 2525.98486328125], [-0.9998089075088501, -0.019549168646335602, 0.0, 837.1646728515625], [0.0, 0.0, 1.0, 0.0], [0.0, 0.0, 0.0, 1.0]], "pose_inverse": [[-0.019549168646335602, -0.9998089075088501, 0.0, 886.3856201171875], [0.9998089075088501, -0.019549168646335602, 0.0, -2509.13623046875], [0.0, 0.0, 1.0, 0.0], [0.0, 0.0, 0.0, 1.0]], "cam_ids": [0, 1, 2, 3, 4, 5], "cam_channels": ["CAM_FRONT_LEFT", "CAM_FRONT", "CAM_FRONT_RIGHT", "CAM_BACK_LEFT", "CAM_BACK", "CAM_BACK_RIGHT"], "token": "0d8eb376d935470c8379b4345ff7bb09", "scene": "scene-0164"}, {"images": ["samples/CAM_FRONT_LEFT/n008-2018-05-21-11-06-59-0400__CAM_FRONT_LEFT__1526915319004917.jpg", "samples/CAM_FRONT/n008-2018-05-21-11-06-59-0400__CAM_FRONT__1526915319012465.jpg", "samples/CAM_FRONT_RIGHT/n008-2018-05-21-11-06-59-0400__CAM_FRONT_RIGHT__1526915319019956.jpg", "samples/CAM_BACK_LEFT/n008-2018-05-21-11-06-59-0400__CAM_BACK_LEFT__1526915319047295.jpg", "samples/CAM_BACK/n008-2018-05-21-11-06-59-0400__CAM_BACK__1526915319037570.jpg", "samples/CAM_BACK_RIGHT/n008-2018-05-21-11-06-59-0400__CAM_BACK_RIGHT__1526915319027813.jpg"], "intrinsics": [[[1256.4720761102153, 0.0, 759.9201772536986], [0.0, 1256.472076110215, 418.2347543062189], [0.0, 0.0, 1.0]], [[1262.8093578767177, 0.0, 786.6784634591471], [0.0, 1262.8093578767177, 437.9890946201144], [0.0, 0.0, 1.0]], [[1264.1253743585607, 0.0, 761.8659236816043], [0.0, 1264.125374358561, 415.0768894058469], [0.0, 0.0, 1.0]], [[1258.2338510172276, 0.0, 742.9036438917772], [0.0, 1258.2338510172278, 422.93240569290015], [0.0, 0.0, 1.0]], [[798.1242652672415, 0.0, 679.0081140747895], [0.0, 798.1242652672414, 419.2474525237902], [0.0, 0.0, 1.0]], [[1259.4297629105833, 0.0, 752.9541347831612], [0.0, 1259.4297629105833, 429.46398926977497], [0.0, 0.0, 1.0]]], "extrinsics": [[[0.8072752952575684, -0.5867143273353577, 0.06381908804178238, -0.80029296875], [0.05889961123466492, -0.0275021530687809, -0.99788498878479, 1.5142593383789062], [0.5872285962104797, 0.8093268871307373, 0.012355437502264977, -1.1641845703125], [0.0, 0.0, 0.0, 1.0]], [[-0.006639744620770216, -0.9994522929191589, 0.032419830560684204, -0.026123046875], [0.04891808331012726, -0.0327063649892807, -0.9982671737670898, 1.5238800048828125], [0.9987806677818298, -0.005042325239628553, 0.04910844936966896, -1.47076416015625], [0.0, 0.0, 0.0, 1.0]], [[-0.8107206225395203, -0.5847392082214355, -0.02850077673792839, 0.86724853515625], [0.05412319675087929, -0.026387367397546768, -0.9981855750083923, 1.505340576171875], [0.5829260945320129, -0.810792088508606, 0.05304073542356491, -1.272705078125], [0.0, 0.0, 0.0, 1.0]], [[0.9452016353607178, 0.32497477531433105, 0.0313902348279953, -1.1502342224121094], [0.040656156837940216, -0.02175990492105484, -0.9989362359046936, 1.5960769653320312], [-0.3239460289478302, 0.9454723596572876, -0.033779725432395935, -0.080810546875], [0.0, 0.0, 0.0, 1.0]], [[0.018981868401169777, 0.9994558095932007, -0.026977436617016792, 0.00634765625], [0.0495227612555027, -0.027889039367437363, -0.9983835220336914, 1.5427398681640625], [-0.9985926151275635, 0.017615187913179398, -0.05002519488334656, 0.044921875], [0.0, 0.0, 0.0, 1.0]], [[-0.9335577487945557, 0.3546212613582611, -0.05209365859627724, 1.03466796875], [0.04477062448859215, -0.028830166906118393, -0.9985812306404114, 1.5895538330078125], [-0.3556199371814728, -0.9345654845237732, 0.011038009077310562, -0.0970458984375], [0.0, 0.0, 0.0, 1.0]]], "view": [[0.0, -2.0, 100.0], [-2.0, 0.0, 100.0], [0.0, 0.0, 1.0]], "bev": "bev_5128f95621e241b1b7f2962a13ae8412.png", "aux": "aux_5128f95621e241b1b7f2962a13ae8412.npz", "visibility": "visibility_5128f95621e241b1b7f2962a13ae8412.png", "pose": [[-0.019521420821547508, 0.9998094439506531, 0.0, 2525.897705078125], [-0.9998094439506531, -0.019521420821547508, 0.0, 834.0177612304688], [0.0, 0.0, 1.0, 0.0], [0.0, 0.0, 0.0, 1.0]], "pose_inverse": [[-0.019521420821547508, -0.9998094439506531, 0.0, 883.16796875], [0.9998094439506531, -0.019521420821547508, 0.0, -2509.13525390625], [0.0, 0.0, 1.0, 0.0], [0.0, 0.0, 0.0, 1.0]], "cam_ids": [0, 1, 2, 3, 4, 5], "cam_channels": ["CAM_FRONT_LEFT", "CAM_FRONT", "CAM_FRONT_RIGHT", "CAM_BACK_LEFT", "CAM_BACK", "CAM_BACK_RIGHT"], "token": "5128f95621e241b1b7f2962a13ae8412", "scene": "scene-0164"}, {"images": ["samples/CAM_FRONT_LEFT/n008-2018-05-21-11-06-59-0400__CAM_FRONT_LEFT__1526915319504917.jpg", "samples/CAM_FRONT/n008-2018-05-21-11-06-59-0400__CAM_FRONT__1526915319512465.jpg", "samples/CAM_FRONT_RIGHT/n008-2018-05-21-11-06-59-0400__CAM_FRONT_RIGHT__1526915319519956.jpg", "samples/CAM_BACK_LEFT/n008-2018-05-21-11-06-59-0400__CAM_BACK_LEFT__1526915319547295.jpg", "samples/CAM_BACK/n008-2018-05-21-11-06-59-0400__CAM_BACK__1526915319537570.jpg", "samples/CAM_BACK_RIGHT/n008-2018-05-21-11-06-59-0400__CAM_BACK_RIGHT__1526915319527813.jpg"], "intrinsics": [[[1256.4720761102153, 0.0, 759.9201772536986], [0.0, 1256.472076110215, 418.2347543062189], [0.0, 0.0, 1.0]], [[1262.8093578767177, 0.0, 786.6784634591471], [0.0, 1262.8093578767177, 437.9890946201144], [0.0, 0.0, 1.0]], [[1264.1253743585607, 0.0, 761.8659236816043], [0.0, 1264.125374358561, 415.0768894058469], [0.0, 0.0, 1.0]], [[1258.2338510172276, 0.0, 742.9036438917772], [0.0, 1258.2338510172278, 422.93240569290015], [0.0, 0.0, 1.0]], [[798.1242652672415, 0.0, 679.0081140747895], [0.0, 798.1242652672414, 419.2474525237902], [0.0, 0.0, 1.0]], [[1259.4297629105833, 0.0, 752.9541347831612], [0.0, 1259.4297629105833, 429.46398926977497], [0.0, 0.0, 1.0]]], "extrinsics": [[[0.8072399497032166, -0.5863495469093323, 0.06751111894845963, -0.7978515625], [0.06300084292888641, -0.028129033744335175, -0.9976170063018799, 1.515533447265625], [0.5868512988090515, 0.8095695972442627, 0.014233637601137161, -1.1627197265625], [0.0, 0.0, 0.0, 1.0]], [[-0.006390906870365143, -0.999426543712616, 0.03325165435671806, -0.025390625], [0.0533272810280323, -0.03354564681649208, -0.9980134963989258, 1.5250091552734375], [0.9985565543174744, -0.0046049910597503185, 0.05351109057664871, -1.46795654296875], [0.0, 0.0, 0.0, 1.0]], [[-0.8103527426719666, -0.5850863456726074, -0.03166169673204422, 0.86517333984375], [0.05878777429461479, -0.02742130309343338, -0.9978938102722168, 1.5063400268554688], [0.5829858183860779, -0.8105072379112244, 0.056616853922605515, -1.270263671875], [0.0, 0.0, 0.0, 1.0]], [[0.94503253698349, 0.32498329877853394, 0.03604486957192421, -1.1475486755371094], [0.04640831798315048, -0.024191709235310555, -0.9986295700073242, 1.596221923828125], [-0.32366594672203064, 0.9454103112220764, -0.03794388100504875, -0.08203125], [0.0, 0.0, 0.0, 1.0]], [[0.01900995709002018, 0.9994075298309326, -0.02869059517979622, 0.00634765625], [0.05486493930220604, -0.029695283621549606, -0.998052179813385, 1.5432510375976562], [-0.998312771320343, 0.01739882118999958, -0.05539693683385849, 0.04205322265625], [0.0, 0.0, 0.0, 1.0]], [[-0.9333996772766113, 0.3542506694793701, -0.05719637870788574, 1.0316162109375], [0.049743469804525375, -0.030117252841591835, -0.9983078837394714, 1.5903549194335938], [-0.3553738296031952, -0.9346654415130615, 0.01048977766185999, -0.09765625], [0.0, 0.0, 0.0, 1.0]]], "view": [[0.0, -2.0, 100.0], [-2.0, 0.0, 100.0], [0.0, 0.0, 1.0]], "bev": "bev_c1b6f83c522f43dc98a4c97e3eb5a0d8.png", "aux": "aux_c1b6f83c522f43dc98a4c97e3eb5a0d8.npz", "visibility": "visibility_c1b6f83c522f43dc98a4c97e3eb5a0d8.png", "pose": [[-0.009641283191740513, 0.9999535083770752, 0.0, 2525.826171875], [-0.9999535083770752, -0.009641283191740513, 0.0, 830.8507080078125], [0.0, 0.0, 1.0, 0.0], [0.0, 0.0, 0.0, 1.0]], "pose_inverse": [[-0.009641283191740513, -0.9999535083770752, 0.0, 855.164306640625], [0.9999535083770752, -0.009641283191740513, 0.0, -2517.6982421875], [0.0, 0.0, 1.0, 0.0], [0.0, 0.0, 0.0, 1.0]], "cam_ids": [0, 1, 2, 3, 4, 5], "cam_channels": ["CAM_FRONT_LEFT", "CAM_FRONT", "CAM_FRONT_RIGHT", "CAM_BACK_LEFT", "CAM_BACK", "CAM_BACK_RIGHT"], "token": "c1b6f83c522f43dc98a4c97e3eb5a0d8", "scene": "scene-0164"}, {"images": ["samples/CAM_FRONT_LEFT/n008-2018-05-21-11-06-59-0400__CAM_FRONT_LEFT__1526915320004917.jpg", "samples/CAM_FRONT/n008-2018-05-21-11-06-59-0400__CAM_FRONT__1526915320012465.jpg", "samples/CAM_FRONT_RIGHT/n008-2018-05-21-11-06-59-0400__CAM_FRONT_RIGHT__1526915320019956.jpg", "samples/CAM_BACK_LEFT/n008-2018-05-21-11-06-59-0400__CAM_BACK_LEFT__1526915320047295.jpg", "samples/CAM_BACK/n008-2018-05-21-11-06-59-0400__CAM_BACK__1526915320037570.jpg", "samples/CAM_BACK_RIGHT/n008-2018-05-21-11-06-59-0400__CAM_BACK_RIGHT__1526915320027813.jpg"], "intrinsics": [[[1256.4720761102153, 0.0, 759.9201772536986], [0.0, 1256.472076110215, 418.2347543062189], [0.0, 0.0, 1.0]], [[1262.8093578767177, 0.0, 786.6784634591471], [0.0, 1262.8093578767177, 437.9890946201144], [0.0, 0.0, 1.0]], [[1264.1253743585607, 0.0, 761.8659236816043], [0.0, 1264.125374358561, 415.0768894058469], [0.0, 0.0, 1.0]], [[1258.2338510172276, 0.0, 742.9036438917772], [0.0, 1258.2338510172278, 422.93240569290015], [0.0, 0.0, 1.0]], [[798.1242652672415, 0.0, 679.0081140747895], [0.0, 798.1242652672414, 419.2474525237902], [0.0, 0.0, 1.0]], [[1259.4297629105833, 0.0, 752.9541347831612], [0.0, 1259.4297629105833, 429.46398926977497], [0.0, 0.0, 1.0]]], "extrinsics": [[[0.8069519996643066, -0.585950493812561, 0.07409736514091492, -0.8056640625], [0.06441447883844376, -0.0373958945274353, -0.9972223043441772, 1.5153350830078125], [0.5870938301086426, 0.809483528137207, 0.0075669982470571995, -1.1676025390625], [0.0, 0.0, 0.0, 1.0]], [[-0.006847909651696682, -0.9990795850753784, 0.04234420135617256, -0.0263671875], [0.054433029145002365, -0.04265483841300011, -0.9976059198379517, 1.52484130859375], [0.9984938502311707, -0.0045265918597579, 0.05467502400279045, -1.47552490234375], [0.0, 0.0, 0.0, 1.0]], [[-0.8106240034103394, -0.584936261177063, -0.027173520997166634, 0.86968994140625], [0.05962773784995079, -0.036291878670454025, -0.9975607395172119, 1.5061187744140625], [0.5825232267379761, -0.81026691198349, 0.06429748982191086, -1.2744140625], [0.0, 0.0, 0.0, 1.0]], [[0.9451443552970886, 0.3249562978744507, 0.03324871510267258, -1.148834228515625], [0.045872047543525696, -0.03126039355993271, -0.9984580278396606, 1.596160888671875], [-0.3234158754348755, 0.945212185382843, -0.0444519966840744, -0.081787109375], [0.0, 0.0, 0.0, 1.0]], [[0.019419226795434952, 0.9991428852081299, -0.03655760735273361, 0.00634765625], [0.0548824667930603, -0.037574637681245804, -0.9977855682373047, 1.5430908203125], [-0.9983039498329163, 0.01736985333263874, -0.055565088987350464, 0.04486083984375], [0.0, 0.0, 0.0, 1.0]], [[-0.9331822395324707, 0.3542378842830658, -0.06071513518691063, 1.0360107421875], [0.05026017501950264, -0.03864937275648117, -0.9979880452156067, 1.590179443359375], [-0.3558718264102936, -0.9343562722206116, 0.018262851983308792, -0.09619140625], [0.0, 0.0, 0.0, 1.0]]], "view": [[0.0, -2.0, 100.0], [-2.0, 0.0, 100.0], [0.0, 0.0, 1.0]], "bev": "bev_68d8f114520a4faca44aa59a3e2ed81c.png", "aux": "aux_68d8f114520a4faca44aa59a3e2ed81c.npz", "visibility": "visibility_68d8f114520a4faca44aa59a3e2ed81c.png", "pose": [[0.00262262555770576, 0.999996542930603, 0.0, 2525.80419921875], [-0.999996542930603, 0.00262262555770576, 0.0, 827.7185668945312], [0.0, 0.0, 1.0, 0.0], [0.0, 0.0, 0.0, 1.0]], "pose_inverse": [[0.00262262555770576, -0.999996542930603, 0.0, 821.0914916992188], [0.999996542930603, 0.00262262555770576, 0.0, -2527.96630859375], [0.0, 0.0, 1.0, 0.0], [0.0, 0.0, 0.0, 1.0]], "cam_ids": [0, 1, 2, 3, 4, 5], "cam_channels": ["CAM_FRONT_LEFT", "CAM_FRONT", "CAM_FRONT_RIGHT", "CAM_BACK_LEFT", "CAM_BACK", "CAM_BACK_RIGHT"], "token": "68d8f114520a4faca44aa59a3e2ed81c", "scene": "scene-0164"}, {"images": ["samples/CAM_FRONT_LEFT/n008-2018-05-21-11-06-59-0400__CAM_FRONT_LEFT__1526915320504917.jpg", "samples/CAM_FRONT/n008-2018-05-21-11-06-59-0400__CAM_FRONT__1526915320512465.jpg", "samples/CAM_FRONT_RIGHT/n008-2018-05-21-11-06-59-0400__CAM_FRONT_RIGHT__1526915320519956.jpg", "samples/CAM_BACK_LEFT/n008-2018-05-21-11-06-59-0400__CAM_BACK_LEFT__1526915320547295.jpg", "samples/CAM_BACK/n008-2018-05-21-11-06-59-0400__CAM_BACK__1526915320537570.jpg", "samples/CAM_BACK_RIGHT/n008-2018-05-21-11-06-59-0400__CAM_BACK_RIGHT__1526915320527813.jpg"], "intrinsics": [[[1256.4720761102153, 0.0, 759.9201772536986], [0.0, 1256.472076110215, 418.2347543062189], [0.0, 0.0, 1.0]], [[1262.8093578767177, 0.0, 786.6784634591471], [0.0, 1262.8093578767177, 437.9890946201144], [0.0, 0.0, 1.0]], [[1264.1253743585607, 0.0, 761.8659236816043], [0.0, 1264.125374358561, 415.0768894058469], [0.0, 0.0, 1.0]], [[1258.2338510172276, 0.0, 742.9036438917772], [0.0, 1258.2338510172278, 422.93240569290015], [0.0, 0.0, 1.0]], [[798.1242652672415, 0.0, 679.0081140747895], [0.0, 798.1242652672414, 419.2474525237902], [0.0, 0.0, 1.0]], [[1259.4297629105833, 0.0, 752.9541347831612], [0.0, 1259.4297629105833, 429.46398926977497], [0.0, 0.0, 1.0]]], "extrinsics": [[[0.8076767921447754, -0.5865755677223206, 0.059895385056734085, -0.799072265625], [0.048318762332201004, -0.035395119339227676, -0.9982046484947205, 1.5114898681640625], [0.5876424312591553, 0.8091207146644592, -0.00024520515580661595, -1.1619873046875], [0.0, 0.0, 0.0, 1.0]], [[-0.0066784159280359745, -0.9991588592529297, 0.040461014956235886, -0.027099609375], [0.03885279595851898, -0.04069063439965248, -0.9984161257743835, 1.5217132568359375], [0.9992226362228394, -0.005095813889056444, 0.03909186273813248, -1.468994140625], [0.0, 0.0, 0.0, 1.0]], [[-0.8111558556556702, -0.5846108198165894, -0.016014814376831055, 0.86553955078125], [0.04457191750407219, -0.034493740648031235, -0.9984104633331299, 1.5037384033203125], [0.5831291675567627, -0.8105802536010742, 0.05403701588511467, -1.27197265625], [0.0, 0.0, 0.0, 1.0]], [[0.9455047249794006, 0.3249121904373169, 0.02128288894891739, -1.1488571166992188], [0.03330038860440254, -0.031470462679862976, -0.9989497661590576, 1.5960845947265625], [-0.3239012062549591, 0.9452204704284668, -0.04057517275214195, -0.08154296875], [0.0, 0.0, 0.0, 1.0]], [[0.019053775817155838, 0.9991671442985535, -0.03608321025967598, 0.006591796875], [0.041358619928359985, -0.03684654086828232, -0.9984647631645203, 1.5422744750976562], [-0.9989626407623291, 0.017532171681523323, -0.04202623665332794, 0.04351806640625], [0.0, 0.0, 0.0, 1.0]], [[-0.9338733553886414, 0.3545401990413666, -0.04670970141887665, 1.033203125], [0.03582825884222984, -0.03719835355877876, -0.9986653923988342, 1.5884933471679688], [-0.3558046221733093, -0.9343005418777466, 0.02203599363565445, -0.09814453125], [0.0, 0.0, 0.0, 1.0]]], "view": [[0.0, -2.0, 100.0], [-2.0, 0.0, 100.0], [0.0, 0.0, 1.0]], "bev": "bev_1adb8815690040499cf0413c05781115.png", "aux": "aux_1adb8815690040499cf0413c05781115.npz", "visibility": "visibility_1adb8815690040499cf0413c05781115.png", "pose": [[0.014677407220005989, 0.9998922944068909, 0.0, 2525.80908203125], [-0.9998922944068909, 0.014677407220005989, 0.0, 824.6280517578125], [0.0, 0.0, 1.0, 0.0], [0.0, 0.0, 0.0, 1.0]], "pose_inverse": [[0.014677407220005989, -0.9998922944068909, 0.0, 787.4669189453125], [0.9998922944068909, 0.014677407220005989, 0.0, -2537.640380859375], [0.0, 0.0, 1.0, 0.0], [0.0, 0.0, 0.0, 1.0]], "cam_ids": [0, 1, 2, 3, 4, 5], "cam_channels": ["CAM_FRONT_LEFT", "CAM_FRONT", "CAM_FRONT_RIGHT", "CAM_BACK_LEFT", "CAM_BACK", "CAM_BACK_RIGHT"], "token": "1adb8815690040499cf0413c05781115", "scene": "scene-0164"}, {"images": ["samples/CAM_FRONT_LEFT/n008-2018-05-21-11-06-59-0400__CAM_FRONT_LEFT__1526915321004917.jpg", "samples/CAM_FRONT/n008-2018-05-21-11-06-59-0400__CAM_FRONT__1526915321012465.jpg", "samples/CAM_FRONT_RIGHT/n008-2018-05-21-11-06-59-0400__CAM_FRONT_RIGHT__1526915321019956.jpg", "samples/CAM_BACK_LEFT/n008-2018-05-21-11-06-59-0400__CAM_BACK_LEFT__1526915321047295.jpg", "samples/CAM_BACK/n008-2018-05-21-11-06-59-0400__CAM_BACK__1526915321037570.jpg", "samples/CAM_BACK_RIGHT/n008-2018-05-21-11-06-59-0400__CAM_BACK_RIGHT__1526915321027813.jpg"], "intrinsics": [[[1256.4720761102153, 0.0, 759.9201772536986], [0.0, 1256.472076110215, 418.2347543062189], [0.0, 0.0, 1.0]], [[1262.8093578767177, 0.0, 786.6784634591471], [0.0, 1262.8093578767177, 437.9890946201144], [0.0, 0.0, 1.0]], [[1264.1253743585607, 0.0, 761.8659236816043], [0.0, 1264.125374358561, 415.0768894058469], [0.0, 0.0, 1.0]], [[1258.2338510172276, 0.0, 742.9036438917772], [0.0, 1258.2338510172278, 422.93240569290015], [0.0, 0.0, 1.0]], [[798.1242652672415, 0.0, 679.0081140747895], [0.0, 798.1242652672414, 419.2474525237902], [0.0, 0.0, 1.0]], [[1259.4297629105833, 0.0, 752.9541347831612], [0.0, 1259.4297629105833, 429.46398926977497], [0.0, 0.0, 1.0]]], "extrinsics": [[[0.8079430460929871, -0.5850740671157837, 0.07011612504720688, -0.818115234375], [0.05589654669165611, -0.04235744848847389, -0.9975377321243286, 1.5122222900390625], [0.5866034030914307, 0.8098729252815247, -0.0015187888639047742, -1.17529296875], [0.0, 0.0, 0.0, 1.0]], [[-0.005916368681937456, -0.9988458752632141, 0.04766430705785751, -0.026611328125], [0.045944944024086, -0.04788632690906525, -0.997795581817627, 1.5223846435546875], [0.9989264011383057, -0.003713392885401845, 0.04617522656917572, -1.48895263671875], [0.0, 0.0, 0.0, 1.0]], [[-0.810545027256012, -0.5854296684265137, -0.016995595768094063, 0.87957763671875], [0.051173411309719086, -0.04188369959592819, -0.9978110790252686, 1.5040435791015625], [0.5834364295005798, -0.8096405267715454, 0.06390705704689026, -1.28173828125], [0.0, 0.0, 0.0, 1.0]], [[0.9454616904258728, 0.3249207139015198, 0.022994479164481163, -1.1532974243164062], [0.03760255128145218, -0.038750484585762024, -0.9985411167144775, 1.5959320068359375], [-0.32355567812919617, 0.9449470639228821, -0.048854947090148926, -0.080078125], [0.0, 0.0, 0.0, 1.0]], [[0.0190652534365654, 0.9988740086555481, -0.0434408113360405, 0.005859375], [0.046562276780605316, -0.04428861290216446, -0.9979331493377686, 1.542205810546875], [-0.998733401298523, 0.017003146931529045, -0.047354232519865036, 0.0523681640625], [0.0, 0.0, 0.0, 1.0]], [[-0.9337766170501709, 0.3536038398742676, -0.05500416085124016, 1.0455322265625], [0.04187305271625519, -0.04468516632914543, -0.9981231689453125, 1.5887298583984375], [-0.3553980886936188, -0.9343273043632507, 0.026919489726424217, -0.092529296875], [0.0, 0.0, 0.0, 1.0]]], "view": [[0.0, -2.0, 100.0], [-2.0, 0.0, 100.0], [0.0, 0.0, 1.0]], "bev": "bev_d5a69b3de15146ee817bb9cda1ea2ed0.png", "aux": "aux_d5a69b3de15146ee817bb9cda1ea2ed0.npz", "visibility": "visibility_d5a69b3de15146ee817bb9cda1ea2ed0.png", "pose": [[0.019022099673748016, 0.9998190402984619, 0.0, 2525.852783203125], [-0.9998190402984619, 0.019022099673748016, 0.0, 821.6590576171875], [0.0, 0.0, 1.0, 0.0], [0.0, 0.0, 0.0, 1.0]], "pose_inverse": [[0.019022099673748016, -0.9998190402984619, 0.0, 773.46337890625], [0.9998190402984619, 0.019022099673748016, 0.0, -2541.025390625], [0.0, 0.0, 1.0, 0.0], [0.0, 0.0, 0.0, 1.0]], "cam_ids": [0, 1, 2, 3, 4, 5], "cam_channels": ["CAM_FRONT_LEFT", "CAM_FRONT", "CAM_FRONT_RIGHT", "CAM_BACK_LEFT", "CAM_BACK", "CAM_BACK_RIGHT"], "token": "d5a69b3de15146ee817bb9cda1ea2ed0", "scene": "scene-0164"}, {"images": ["samples/CAM_FRONT_LEFT/n008-2018-05-21-11-06-59-0400__CAM_FRONT_LEFT__1526915321504917.jpg", "samples/CAM_FRONT/n008-2018-05-21-11-06-59-0400__CAM_FRONT__1526915321512465.jpg", "samples/CAM_FRONT_RIGHT/n008-2018-05-21-11-06-59-0400__CAM_FRONT_RIGHT__1526915321519956.jpg", "samples/CAM_BACK_LEFT/n008-2018-05-21-11-06-59-0400__CAM_BACK_LEFT__1526915321547295.jpg", "samples/CAM_BACK/n008-2018-05-21-11-06-59-0400__CAM_BACK__1526915321537570.jpg", "samples/CAM_BACK_RIGHT/n008-2018-05-21-11-06-59-0400__CAM_BACK_RIGHT__1526915321527813.jpg"], "intrinsics": [[[1256.4720761102153, 0.0, 759.9201772536986], [0.0, 1256.472076110215, 418.2347543062189], [0.0, 0.0, 1.0]], [[1262.8093578767177, 0.0, 786.6784634591471], [0.0, 1262.8093578767177, 437.9890946201144], [0.0, 0.0, 1.0]], [[1264.1253743585607, 0.0, 761.8659236816043], [0.0, 1264.125374358561, 415.0768894058469], [0.0, 0.0, 1.0]], [[1258.2338510172276, 0.0, 742.9036438917772], [0.0, 1258.2338510172278, 422.93240569290015], [0.0, 0.0, 1.0]], [[798.1242652672415, 0.0, 679.0081140747895], [0.0, 798.1242652672414, 419.2474525237902], [0.0, 0.0, 1.0]], [[1259.4297629105833, 0.0, 752.9541347831612], [0.0, 1259.4297629105833, 429.46398926977497], [0.0, 0.0, 1.0]]], "extrinsics": [[[0.8092248439788818, -0.5834677815437317, 0.06870568543672562, -0.825927734375], [0.04643431678414345, -0.053060147911310196, -0.9975111484527588, 1.5094146728515625], [0.5856611132621765, 0.8104010820388794, -0.01584465615451336, -1.179931640625], [0.0, 0.0, 0.0, 1.0]], [[-0.004627945367246866, -0.998296320438385, 0.0581638365983963, -0.027587890625], [0.03669865429401398, -0.058294832706451416, -0.9976246356964111, 1.52020263671875], [0.9993156790733337, -0.002482418669387698, 0.0369059182703495, -1.4957275390625], [0.0, 0.0, 0.0, 1.0]], [[-0.8103238344192505, -0.5859703421592712, -0.003755935002118349, 0.88238525390625], [0.04211072623729706, -0.051838427782058716, -0.9977672100067139, 1.5023651123046875], [0.5844672918319702, -0.8086726665496826, 0.06668154895305634, -1.284912109375], [0.0, 0.0, 0.0, 1.0]], [[0.9456726312637329, 0.32487916946411133, 0.012518024072051048, -1.15069580078125], [0.028931772336363792, -0.045741040259599686, -0.9985342621803284, 1.59600830078125], [-0.32383039593696594, 0.9446487426757812, -0.052655383944511414, -0.080810546875], [0.0, 0.0, 0.0, 1.0]], [[0.018583131954073906, 0.9984805583953857, -0.05187605693936348, 0.006591796875], [0.037766776978969574, -0.05254898965358734, -0.9979040026664734, 1.54168701171875], [-0.9991137385368347, 0.016584990546107292, -0.03868592157959938, 0.05230712890625], [0.0, 0.0, 0.0, 1.0]], [[-0.9343534111976624, 0.3528314232826233, -0.049936529248952866, 1.0479736328125], [0.03293851017951965, -0.054020896553993225, -0.9979963898658752, 1.58758544921875], [-0.3548220992088318, -0.9341262578964233, 0.03885286673903465, -0.092529296875], [0.0, 0.0, 0.0, 1.0]]], "view": [[0.0, -2.0, 100.0], [-2.0, 0.0, 100.0], [0.0, 0.0, 1.0]], "bev": "bev_6e19f68a3d7f4ef1800527b0c3ecb0d4.png", "aux": "aux_6e19f68a3d7f4ef1800527b0c3ecb0d4.npz", "visibility": "visibility_6e19f68a3d7f4ef1800527b0c3ecb0d4.png", "pose": [[0.00932228285819292, 0.9999565482139587, 0.0, 2525.892822265625], [-0.9999565482139587, 0.00932228285819292, 0.0, 818.7578735351562], [0.0, 0.0, 1.0, 0.0], [0.0, 0.0, 0.0, 1.0]], "pose_inverse": [[0.00932228285819292, -0.9999565482139587, 0.0, 795.1752319335938], [0.9999565482139587, 0.00932228285819292, 0.0, -2533.415771484375], [0.0, 0.0, 1.0, 0.0], [0.0, 0.0, 0.0, 1.0]], "cam_ids": [0, 1, 2, 3, 4, 5], "cam_channels": ["CAM_FRONT_LEFT", "CAM_FRONT", "CAM_FRONT_RIGHT", "CAM_BACK_LEFT", "CAM_BACK", "CAM_BACK_RIGHT"], "token": "6e19f68a3d7f4ef1800527b0c3ecb0d4", "scene": "scene-0164"}, {"images": ["samples/CAM_FRONT_LEFT/n008-2018-05-21-11-06-59-0400__CAM_FRONT_LEFT__1526915322004917.jpg", "samples/CAM_FRONT/n008-2018-05-21-11-06-59-0400__CAM_FRONT__1526915322012465.jpg", "samples/CAM_FRONT_RIGHT/n008-2018-05-21-11-06-59-0400__CAM_FRONT_RIGHT__1526915322019956.jpg", "samples/CAM_BACK_LEFT/n008-2018-05-21-11-06-59-0400__CAM_BACK_LEFT__1526915322047295.jpg", "samples/CAM_BACK/n008-2018-05-21-11-06-59-0400__CAM_BACK__1526915322037570.jpg", "samples/CAM_BACK_RIGHT/n008-2018-05-21-11-06-59-0400__CAM_BACK_RIGHT__1526915322027813.jpg"], "intrinsics": [[[1256.4720761102153, 0.0, 759.9201772536986], [0.0, 1256.472076110215, 418.2347543062189], [0.0, 0.0, 1.0]], [[1262.8093578767177, 0.0, 786.6784634591471], [0.0, 1262.8093578767177, 437.9890946201144], [0.0, 0.0, 1.0]], [[1264.1253743585607, 0.0, 761.8659236816043], [0.0, 1264.125374358561, 415.0768894058469], [0.0, 0.0, 1.0]], [[1258.2338510172276, 0.0, 742.9036438917772], [0.0, 1258.2338510172278, 422.93240569290015], [0.0, 0.0, 1.0]], [[798.1242652672415, 0.0, 679.0081140747895], [0.0, 798.1242652672414, 419.2474525237902], [0.0, 0.0, 1.0]], [[1259.4297629105833, 0.0, 752.9541347831612], [0.0, 1259.4297629105833, 429.46398926977497], [0.0, 0.0, 1.0]]], "extrinsics": [[[0.8110251426696777, -0.5802346467971802, 0.07460512965917587, -0.83447265625], [0.05101880058646202, -0.05688983574509621, -0.9970760941505432, 1.5099334716796875], [0.5827823281288147, 0.8124600052833557, -0.016536207869648933, -1.1868896484375], [0.0, 0.0, 0.0, 1.0]], [[-0.0017799113411456347, -0.9980869889259338, 0.06179926171898842, -0.027099609375], [0.04131423309445381, -0.06181999295949936, -0.9972319006919861, 1.520721435546875], [0.9991445541381836, 0.0007782075554132462, 0.04134523496031761, -1.50457763671875], [0.0, 0.0, 0.0, 1.0]], [[-0.8087735772132874, -0.5880954265594482, -0.005397923290729523, 0.888671875], [0.04672735929489136, -0.055106766521930695, -0.9973864555358887, 1.5027618408203125], [0.586260974407196, -0.8069120049476624, 0.07204903662204742, -1.28857421875], [0.0, 0.0, 0.0, 1.0]], [[0.9456044435501099, 0.3249191343784332, 0.016116386279463768, -1.1515769958496094], [0.03394540771842003, -0.049278177320957184, -0.9982080459594727, 1.5959930419921875], [-0.3235427439212799, 0.9444569945335388, -0.057627178728580475, -0.080810546875], [0.0, 0.0, 0.0, 1.0]], [[0.017863968387246132, 0.9983214735984802, -0.055092327296733856, 0.006591796875], [0.04260142147541046, -0.0558110773563385, -0.9975321292877197, 1.5418548583984375], [-0.998932421207428, 0.015472869388759136, -0.043526921421289444, 0.0552978515625], [0.0, 0.0, 0.0, 1.0]], [[-0.9348002076148987, 0.35082921385765076, -0.0553835965692997, 1.0526123046875], [0.03763752058148384, -0.05720739811658859, -0.9976526498794556, 1.5879364013671875], [-0.35317403078079224, -0.9346904158592224, 0.04027314484119415, -0.09033203125], [0.0, 0.0, 0.0, 1.0]]], "view": [[0.0, -2.0, 100.0], [-2.0, 0.0, 100.0], [0.0, 0.0, 1.0]], "bev": "bev_f0155b286316424f8058a6a2a3f74721.png", "aux": "aux_f0155b286316424f8058a6a2a3f74721.npz", "visibility": "visibility_f0155b286316424f8058a6a2a3f74721.png", "pose": [[-0.03701862692832947, 0.999314546585083, 0.0, 2525.85400390625], [-0.999314546585083, -0.03701862692832947, 0.0, 816.0120849609375], [0.0, 0.0, 1.0, 0.0], [0.0, 0.0, 0.0, 1.0]], "pose_inverse": [[-0.03701862692832947, -0.999314546585083, 0.0, 908.9564208984375], [0.999314546585083, -0.03701862692832947, 0.0, -2493.9150390625], [0.0, 0.0, 1.0, 0.0], [0.0, 0.0, 0.0, 1.0]], "cam_ids": [0, 1, 2, 3, 4, 5], "cam_channels": ["CAM_FRONT_LEFT", "CAM_FRONT", "CAM_FRONT_RIGHT", "CAM_BACK_LEFT", "CAM_BACK", "CAM_BACK_RIGHT"], "token": "f0155b286316424f8058a6a2a3f74721", "scene": "scene-0164"}, {"images": ["samples/CAM_FRONT_LEFT/n008-2018-05-21-11-06-59-0400__CAM_FRONT_LEFT__1526915322504917.jpg", "samples/CAM_FRONT/n008-2018-05-21-11-06-59-0400__CAM_FRONT__1526915322512465.jpg", "samples/CAM_FRONT_RIGHT/n008-2018-05-21-11-06-59-0400__CAM_FRONT_RIGHT__1526915322519956.jpg", "samples/CAM_BACK_LEFT/n008-2018-05-21-11-06-59-0400__CAM_BACK_LEFT__1526915322547295.jpg", "samples/CAM_BACK/n008-2018-05-21-11-06-59-0400__CAM_BACK__1526915322537570.jpg", "samples/CAM_BACK_RIGHT/n008-2018-05-21-11-06-59-0400__CAM_BACK_RIGHT__1526915322527813.jpg"], "intrinsics": [[[1256.4720761102153, 0.0, 759.9201772536986], [0.0, 1256.472076110215, 418.2347543062189], [0.0, 0.0, 1.0]], [[1262.8093578767177, 0.0, 786.6784634591471], [0.0, 1262.8093578767177, 437.9890946201144], [0.0, 0.0, 1.0]], [[1264.1253743585607, 0.0, 761.8659236816043], [0.0, 1264.125374358561, 415.0768894058469], [0.0, 0.0, 1.0]], [[1258.2338510172276, 0.0, 742.9036438917772], [0.0, 1258.2338510172278, 422.93240569290015], [0.0, 0.0, 1.0]], [[798.1242652672415, 0.0, 679.0081140747895], [0.0, 798.1242652672414, 419.2474525237902], [0.0, 0.0, 1.0]], [[1259.4297629105833, 0.0, 752.9541347831612], [0.0, 1259.4297629105833, 429.46398926977497], [0.0, 0.0, 1.0]]], "extrinsics": [[[0.8124302625656128, -0.5784034132957458, 0.07352938503026962, -0.842041015625], [0.05183572694659233, -0.05395948886871338, -0.9971968531608582, 1.5096435546875], [0.5807495713233948, 0.813964307308197, -0.013856357894837856, -1.194091796875], [0.0, 0.0, 0.0, 1.0]], [[0.00019454033463262022, -0.9982448816299438, 0.059221040457487106, -0.0263671875], [0.041681017726659775, -0.059161484241485596, -0.9973779320716858, 1.5205078125], [0.9991309642791748, 0.0026624295860528946, 0.04159635677933693, -1.5123291015625], [0.0, 0.0, 0.0, 1.0]], [[-0.807905375957489, -0.5892751216888428, -0.0066138929687440395, 0.89300537109375], [0.046621229499578476, -0.05272248759865761, -0.9975202679634094, 1.5025177001953125], [0.587465226650238, -0.8062103390693665, 0.07006751000881195, -1.290771484375], [0.0, 0.0, 0.0, 1.0]], [[0.9455519914627075, 0.32514119148254395, 0.014650112949311733, -1.1494140625], [0.032014429569244385, -0.04811966046690941, -0.9983283877372742, 1.596038818359375], [-0.3238927125930786, 0.9444404244422913, -0.05590885132551193, -0.0810546875], [0.0, 0.0, 0.0, 1.0]], [[0.017162710428237915, 0.9984204769134521, -0.0534973070025444, 0.00634765625], [0.041342489421367645, -0.054168060421943665, -0.9976755976676941, 1.541778564453125], [-0.9989976286888123, 0.014911097474396229, -0.042206861078739166, 0.0556640625], [0.0, 0.0, 0.0, 1.0]], [[-0.9351977705955505, 0.3499777615070343, -0.05404295772314072, 1.054931640625], [0.03703067824244499, -0.05512535944581032, -0.9977925419807434, 1.587799072265625], [-0.35218438506126404, -0.9351345896720886, 0.038593195378780365, -0.08935546875], [0.0, 0.0, 0.0, 1.0]]], "view": [[0.0, -2.0, 100.0], [-2.0, 0.0, 100.0], [0.0, 0.0, 1.0]], "bev": "bev_d4b313b4957044559e6618ecc147474e.png", "aux": "aux_d4b313b4957044559e6618ecc147474e.npz", "visibility": "visibility_d4b313b4957044559e6618ecc147474e.png", "pose": [[-0.11814508587121964, 0.992996335029602, 0.0, 2525.6533203125], [-0.992996335029602, -0.11814508587121964, 0.0, 813.495849609375], [0.0, 0.0, 1.0, 0.0], [0.0, 0.0, 0.0, 1.0]], "pose_inverse": [[-0.11814508587121964, -0.992996335029602, 0.0, 1106.19189453125], [0.992996335029602, -0.11814508587121964, 0.0, -2411.85400390625], [0.0, 0.0, 1.0, 0.0], [0.0, 0.0, 0.0, 1.0]], "cam_ids": [0, 1, 2, 3, 4, 5], "cam_channels": ["CAM_FRONT_LEFT", "CAM_FRONT", "CAM_FRONT_RIGHT", "CAM_BACK_LEFT", "CAM_BACK", "CAM_BACK_RIGHT"], "token": "d4b313b4957044559e6618ecc147474e", "scene": "scene-0164"}, {"images": ["samples/CAM_FRONT_LEFT/n008-2018-05-21-11-06-59-0400__CAM_FRONT_LEFT__1526915323004917.jpg", "samples/CAM_FRONT/n008-2018-05-21-11-06-59-0400__CAM_FRONT__1526915323012465.jpg", "samples/CAM_FRONT_RIGHT/n008-2018-05-21-11-06-59-0400__CAM_FRONT_RIGHT__1526915323019956.jpg", "samples/CAM_BACK_LEFT/n008-2018-05-21-11-06-59-0400__CAM_BACK_LEFT__1526915323047295.jpg", "samples/CAM_BACK/n008-2018-05-21-11-06-59-0400__CAM_BACK__1526915323037570.jpg", "samples/CAM_BACK_RIGHT/n008-2018-05-21-11-06-59-0400__CAM_BACK_RIGHT__1526915323027813.jpg"], "intrinsics": [[[1256.4720761102153, 0.0, 759.9201772536986], [0.0, 1256.472076110215, 418.2347543062189], [0.0, 0.0, 1.0]], [[1262.8093578767177, 0.0, 786.6784634591471], [0.0, 1262.8093578767177, 437.9890946201144], [0.0, 0.0, 1.0]], [[1264.1253743585607, 0.0, 761.8659236816043], [0.0, 1264.125374358561, 415.0768894058469], [0.0, 0.0, 1.0]], [[1258.2338510172276, 0.0, 742.9036438917772], [0.0, 1258.2338510172278, 422.93240569290015], [0.0, 0.0, 1.0]], [[798.1242652672415, 0.0, 679.0081140747895], [0.0, 798.1242652672414, 419.2474525237902], [0.0, 0.0, 1.0]], [[1259.4297629105833, 0.0, 752.9541347831612], [0.0, 1259.4297629105833, 429.46398926977497], [0.0, 0.0, 1.0]]], "extrinsics": [[[0.8146353960037231, -0.5775613784790039, 0.05283966287970543, -0.84619140625], [0.027442779392004013, -0.05261894688010216, -0.9982375502586365, 1.5041656494140625], [0.5793238282203674, 0.8146497011184692, -0.027015360072255135, -1.19775390625], [0.0, 0.0, 0.0, 1.0]], [[0.0025302895810455084, -0.9983043670654297, 0.05815611407160759, -0.02587890625], [0.01763606257736683, -0.05810270458459854, -0.9981548190116882, 1.516082763671875], [0.9998412728309631, 0.003551271976903081, 0.017459139227867126, -1.5174560546875], [0.0, 0.0, 0.0, 1.0]], [[-0.8074238300323486, -0.5898475050926208, 0.01211529690772295, 0.89630126953125], [0.022944128140807152, -0.05191410332918167, -0.9983879327774048, 1.499053955078125], [0.5895255208015442, -0.8058441877365112, 0.05545021966099739, -1.29345703125], [0.0, 0.0, 0.0, 1.0]], [[0.9456015229225159, 0.32526695728302, -0.006262620911002159, -1.15008544921875], [0.009930743835866451, -0.04810075834393501, -0.9987931251525879, 1.5959548950195312], [-0.3251756429672241, 0.9443981051445007, -0.048714298754930496, -0.0810546875], [0.0, 0.0, 0.0, 1.0]], [[0.01561789307743311, 0.9984419345855713, -0.053571198135614395, 0.006103515625], [0.018696075305342674, -0.053859978914260864, -0.9983735084533691, 1.54052734375], [-0.9997032284736633, 0.014590952545404434, -0.01950812339782715, 0.0576171875], [0.0, 0.0, 0.0, 1.0]], [[-0.9363811016082764, 0.3495200276374817, -0.03