[{"images": ["samples/CAM_FRONT_LEFT/n015-2018-11-21-19-38-26+0800__CAM_FRONT_LEFT__1542801287904844.jpg", "samples/CAM_FRONT/n015-2018-11-21-19-38-26+0800__CAM_FRONT__1542801287912460.jpg", "samples/CAM_FRONT_RIGHT/n015-2018-11-21-19-38-26+0800__CAM_FRONT_RIGHT__1542801287920339.jpg", "samples/CAM_BACK_LEFT/n015-2018-11-21-19-38-26+0800__CAM_BACK_LEFT__1542801287947423.jpg", "samples/CAM_BACK/n015-2018-11-21-19-38-26+0800__CAM_BACK__1542801287937525.jpg", "samples/CAM_BACK_RIGHT/n015-2018-11-21-19-38-26+0800__CAM_BACK_RIGHT__1542801287927895.jpg"], "intrinsics": [[[1272.5979470598488, 0.0, 826.6154927353808], [0.0, 1272.5979470598488, 479.75165386361925], [0.0, 0.0, 1.0]], [[1266.417203046554, 0.0, 816.2670197447984], [0.0, 1266.417203046554, 491.50706579294757], [0.0, 0.0, 1.0]], [[1260.8474446004698, 0.0, 807.968244525554], [0.0, 1260.8474446004698, 495.3344268742088], [0.0, 0.0, 1.0]], [[1256.7414812095406, 0.0, 792.1125740759628], [0.0, 1256.7414812095406, 492.7757465151356], [0.0, 0.0, 1.0]], [[809.2209905677063, 0.0, 829.2196003259838], [0.0, 809.2209905677063, 481.77842384512485], [0.0, 0.0, 1.0]], [[1259.5137405846733, 0.0, 807.2529053838625], [0.0, 1259.5137405846733, 501.19579884916527], [0.0, 0.0, 1.0]]], "extrinsics": [[[0.8205410242080688, -0.5715381503105164, 0.007527446839958429, -0.689208984375], [0.0013620046665892005, -0.01121427584439516, -0.9999361634254456, 1.5087509155273438], [0.571586012840271, 0.8204988241195679, -0.0084233358502388, -1.0933837890625], [0.0, 0.0, 0.0, 1.0]], [[0.005354949273169041, -0.9998700022697449, 0.015200329944491386, 0.0098876953125], [-0.003964610397815704, -0.015221656300127506, -0.9998763203620911, 1.519500732421875], [0.9999777674674988, 0.005294083617627621, -0.004045606590807438, -1.41888427734375], [0.0, 0.0, 0.0, 1.0]], [[-0.8330618739128113, -0.5531741380691528, -0.0024917819537222385, 0.857086181640625], [0.0016357135027647018, 0.0020411713048815727, -0.999996542930603, 1.5039844512939453], [0.5531773567199707, -0.8330631256103516, -0.0007955860928632319, -1.12890625], [0.0, 0.0, 0.0, 1.0]], [[0.9478873610496521, 0.31860485672950745, 0.0006443560123443604, -1.144561767578125], [0.010119414888322353, -0.02808493562042713, -0.9995542764663696, 1.5885047912597656], [-0.31844469904899597, 0.9474714398384094, -0.029845453798770905, -0.10205078125], [0.0, 0.0, 0.0, 1.0]], [[0.0027129079680889845, 0.9998309016227722, -0.018190043047070503, 0.0020751953125], [-0.01522888895124197, -0.018146691843867302, -0.9997193217277527, 1.5782032012939453], [-0.9998802542686462, 0.0029892248567193747, 0.01517708133906126, -0.07464599609375], [0.0, 0.0, 0.0, 1.0]], [[-0.9346830248832703, 0.35505881905555725, -0.017347248271107674, 0.992431640625], [0.01744813658297062, -0.002917991019785404, -0.9998435378074646, 1.5541248321533203], [-0.35505393147468567, -0.9348394274711609, -0.0034677190706133842, -0.1160888671875], [0.0, 0.0, 0.0, 1.0]]], "view": [[0.0, -2.0, 100.0], [-2.0, 0.0, 100.0], [0.0, 0.0, 1.0]], "bev": "bev_b1a4ac5193024c4d90b0b5b55bc127fb.png", "aux": "aux_b1a4ac5193024c4d90b0b5b55bc127fb.npz", "visibility": "visibility_b1a4ac5193024c4d90b0b5b55bc127fb.png", "pose": [[-0.7322204113006592, -0.681067705154419, 0.0, 628.0689697265625], [0.681067705154419, -0.7322204113006592, 0.0, 1956.1788330078125], [0.0, 0.0, 1.0, 0.0], [0.0, 0.0, 0.0, 1.0]], "pose_inverse": [[-0.7322204113006592, 0.681067705154419, 0.0, -872.4053344726562], [-0.681067705154419, -0.7322204113006592, 0.0, 1860.111572265625], [0.0, 0.0, 1.0, 0.0], [0.0, 0.0, 0.0, 1.0]], "cam_ids": [0, 1, 2, 3, 4, 5], "cam_channels": ["CAM_FRONT_LEFT", "CAM_FRONT", "CAM_FRONT_RIGHT", "CAM_BACK_LEFT", "CAM_BACK", "CAM_BACK_RIGHT"], "token": "b1a4ac5193024c4d90b0b5b55bc127fb", "scene": "scene-1104"}, {"images": ["samples/CAM_FRONT_LEFT/n015-2018-11-21-19-38-26+0800__CAM_FRONT_LEFT__1542801288404844.jpg", "samples/CAM_FRONT/n015-2018-11-21-19-38-26+0800__CAM_FRONT__1542801288412460.jpg", "samples/CAM_FRONT_RIGHT/n015-2018-11-21-19-38-26+0800__CAM_FRONT_RIGHT__1542801288420339.jpg", "samples/CAM_BACK_LEFT/n015-2018-11-21-19-38-26+0800__CAM_BACK_LEFT__1542801288447423.jpg", "samples/CAM_BACK/n015-2018-11-21-19-38-26+0800__CAM_BACK__1542801288437525.jpg", "samples/CAM_BACK_RIGHT/n015-2018-11-21-19-38-26+0800__CAM_BACK_RIGHT__1542801288427893.jpg"], "intrinsics": [[[1272.5979470598488, 0.0, 826.6154927353808], [0.0, 1272.5979470598488, 479.75165386361925], [0.0, 0.0, 1.0]], [[1266.417203046554, 0.0, 816.2670197447984], [0.0, 1266.417203046554, 491.50706579294757], [0.0, 0.0, 1.0]], [[1260.8474446004698, 0.0, 807.968244525554], [0.0, 1260.8474446004698, 495.3344268742088], [0.0, 0.0, 1.0]], [[1256.7414812095406, 0.0, 792.1125740759628], [0.0, 1256.7414812095406, 492.7757465151356], [0.0, 0.0, 1.0]], [[809.2209905677063, 0.0, 829.2196003259838], [0.0, 809.2209905677063, 481.77842384512485], [0.0, 0.0, 1.0]], [[1259.5137405846733, 0.0, 807.2529053838625], [0.0, 1259.5137405846733, 501.19579884916527], [0.0, 0.0, 1.0]]], "extrinsics": [[[0.8209566473960876, -0.5709740519523621, 0.004346555098891258, -0.7108154296875], [0.0022648973390460014, -0.004355925600975752, -0.9999879598617554, 1.5089569091796875], [0.5709860920906067, 0.8209565877914429, -0.0022828285582363605, -1.1075439453125], [0.0, 0.0, 0.0, 1.0]], [[0.006062303204089403, -0.9999452829360962, 0.008521323092281818, 0.0091552734375], [-0.002879101550206542, -0.008538899011909962, -0.999959409236908, 1.5198297500610352], [0.9999774694442749, 0.006037587765604258, -0.002930709160864353, -1.439208984375], [0.0, 0.0, 0.0, 1.0]], [[-0.832739531993866, -0.5536189079284668, -0.007145840674638748, 0.869415283203125], [0.0028961910866200924, 0.008550606667995453, -0.9999592304229736, 1.504197120666504], [0.5536574721336365, -0.8327262997627258, -0.005517041310667992, -1.1378173828125], [0.0, 0.0, 0.0, 1.0]], [[0.947758138179779, 0.3189607560634613, 0.004320117179304361, -1.138153076171875], [0.01204740535467863, -0.022257570177316666, -0.999679684638977, 1.5886039733886719], [-0.31876248121261597, 0.9475064873695374, -0.02493744157254696, -0.105224609375], [0.0, 0.0, 0.0, 1.0]], [[0.0023533524945378304, 0.9999240040779114, -0.012102383188903332, 0.0020751953125], [-0.013569422997534275, -0.012069370597600937, -0.9998350739479065, 1.578354835510254], [-0.9999052286148071, 0.0025172033347189426, 0.013539986684918404, -0.07257080078125], [0.0, 0.0, 0.0, 1.0]], [[-0.9348106980323792, 0.3547650873661041, -0.016451362520456314, 1.001953125], [0.018895834684371948, 0.003426775336265564, -0.9998155832290649, 1.5541486740112305], [-0.35464322566986084, -0.9349492192268372, -0.009906969964504242, -0.1129150390625], [0.0, 0.0, 0.0, 1.0]]], "view": [[0.0, -2.0, 100.0], [-2.0, 0.0, 100.0], [0.0, 0.0, 1.0]], "bev": "bev_be5ea56c21c14be2a43193cf50c520e0.png", "aux": "aux_be5ea56c21c14be2a43193cf50c520e0.npz", "visibility": "visibility_be5ea56c21c14be2a43193cf50c520e0.png", "pose": [[-0.7342123985290527, -0.6789198517799377, 0.0, 625.3753051757812], [0.6789198517799377, -0.7342123985290527, 0.0, 1958.7237548828125], [0.0, 0.0, 1.0, 0.0], [0.0, 0.0, 0.0, 1.0]], "pose_inverse": [[-0.7342123985290527, 0.6789198517799377, 0.0, -870.6580810546875], [-0.6789198517799377, -0.7342123985290527, 0.0, 1862.698974609375], [0.0, 0.0, 1.0, 0.0], [0.0, 0.0, 0.0, 1.0]], "cam_ids": [0, 1, 2, 3, 4, 5], "cam_channels": ["CAM_FRONT_LEFT", "CAM_FRONT", "CAM_FRONT_RIGHT", "CAM_BACK_LEFT", "CAM_BACK", "CAM_BACK_RIGHT"], "token": "be5ea56c21c14be2a43193cf50c520e0", "scene": "scene-1104"}, {"images": ["samples/CAM_FRONT_LEFT/n015-2018-11-21-19-38-26+0800__CAM_FRONT_LEFT__1542801288904844.jpg", "samples/CAM_FRONT/n015-2018-11-21-19-38-26+0800__CAM_FRONT__1542801288912460.jpg", "samples/CAM_FRONT_RIGHT/n015-2018-11-21-19-38-26+0800__CAM_FRONT_RIGHT__1542801288920339.jpg", "samples/CAM_BACK_LEFT/n015-2018-11-21-19-38-26+0800__CAM_BACK_LEFT__1542801288947423.jpg", "samples/CAM_BACK/n015-2018-11-21-19-38-26+0800__CAM_BACK__1542801288937525.jpg", "samples/CAM_BACK_RIGHT/n015-2018-11-21-19-38-26+0800__CAM_BACK_RIGHT__1542801288927893.jpg"], "intrinsics": [[[1272.5979470598488, 0.0, 826.6154927353808], [0.0, 1272.5979470598488, 479.75165386361925], [0.0, 0.0, 1.0]], [[1266.417203046554, 0.0, 816.2670197447984], [0.0, 1266.417203046554, 491.50706579294757], [0.0, 0.0, 1.0]], [[1260.8474446004698, 0.0, 807.968244525554], [0.0, 1260.8474446004698, 495.3344268742088], [0.0, 0.0, 1.0]], [[1256.7414812095406, 0.0, 792.1125740759628], [0.0, 1256.7414812095406, 492.7757465151356], [0.0, 0.0, 1.0]], [[809.2209905677063, 0.0, 829.2196003259838], [0.0, 809.2209905677063, 481.77842384512485], [0.0, 0.0, 1.0]], [[1259.5137405846733, 0.0, 807.2529053838625], [0.0, 1259.5137405846733, 501.19579884916527], [0.0, 0.0, 1.0]]], "extrinsics": [[[0.8213793635368347, -0.5703757405281067, 0.0027038247790187597, -0.743896484375], [-0.001626853016205132, -0.007083078380674124, -0.9999735951423645, 1.5078401565551758], [0.5703798532485962, 0.8213532567024231, -0.006745812948793173, -1.1309814453125], [0.0, 0.0, 0.0, 1.0]], [[0.006563241593539715, -0.9999159574508667, 0.011174463666975498, 0.009521484375], [-0.007060169242322445, -0.011220762506127357, -0.9999121427536011, 1.5190229415893555], [0.9999535083770752, 0.006483747158199549, -0.007133221719413996, -1.47332763671875], [0.0, 0.0, 0.0, 1.0]], [[-0.832569420337677, -0.5539172291755676, -0.0019540884532034397, 0.892730712890625], [-0.001592145999893546, 0.005920782685279846, -0.999981164932251, 1.5033607482910156], [0.5539183616638184, -0.832550585269928, -0.005811379756778479, -1.15283203125], [0.0, 0.0, 0.0, 1.0]], [[0.947616696357727, 0.3194044828414917, -0.0018071170197799802, -1.142578125], [0.006491589359939098, -0.024915296584367752, -0.9996684789657593, 1.5885658264160156], [-0.31934356689453125, 0.94729083776474, -0.02568359673023224, -0.104248046875], [0.0, 0.0, 0.0, 1.0]], [[0.0019829957745969296, 0.9998894929885864, -0.014732163399457932, 0.001708984375], [-0.018674597144126892, -0.014692597091197968, -0.999717652797699, 1.578226089477539], [-0.9998236298561096, 0.0022575445473194122, 0.018643397837877274, -0.0596923828125], [0.0, 0.0, 0.0, 1.0]], [[-0.9349628686904907, 0.35450929403305054, -0.012941966764628887, 1.021728515625], [0.014160840772092342, 0.0008439717348664999, -0.9998993873596191, 1.5531721115112305], [-0.3544626832008362, -0.9350520372390747, -0.005809232592582703, -0.105224609375], [0.0, 0.0, 0.0, 1.0]]], "view": [[0.0, -2.0, 100.0], [-2.0, 0.0, 100.0], [0.0, 0.0, 1.0]], "bev": "bev_fd8a906f9eaf4c969caedfa56d7b0be1.png", "aux": "aux_fd8a906f9eaf4c969caedfa56d7b0be1.npz", "visibility": "visibility_fd8a906f9eaf4c969caedfa56d7b0be1.png", "pose": [[-0.7350839972496033, -0.6779760122299194, 0.0, 622.933349609375], [0.6779760122299194, -0.7350839972496033, 0.0, 1961.0057373046875], [0.0, 0.0, 1.0, 0.0], [0.0, 0.0, 0.0, 1.0]], "pose_inverse": [[-0.7350839972496033, 0.6779760122299194, 0.0, -871.6065673828125], [-0.6779760122299194, -0.7350839972496033, 0.0, 1863.8377685546875], [0.0, 0.0, 1.0, 0.0], [0.0, 0.0, 0.0, 1.0]], "cam_ids": [0, 1, 2, 3, 4, 5], "cam_channels": ["CAM_FRONT_LEFT", "CAM_FRONT", "CAM_FRONT_RIGHT", "CAM_BACK_LEFT", "CAM_BACK", "CAM_BACK_RIGHT"], "token": "fd8a906f9eaf4c969caedfa56d7b0be1", "scene": "scene-1104"}, {"images": ["samples/CAM_FRONT_LEFT/n015-2018-11-21-19-38-26+0800__CAM_FRONT_LEFT__1542801289404844.jpg", "samples/CAM_FRONT/n015-2018-11-21-19-38-26+0800__CAM_FRONT__1542801289412460.jpg", "samples/CAM_FRONT_RIGHT/n015-2018-11-21-19-38-26+0800__CAM_FRONT_RIGHT__1542801289420339.jpg", "samples/CAM_BACK_LEFT/n015-2018-11-21-19-38-26+0800__CAM_BACK_LEFT__1542801289447423.jpg", "samples/CAM_BACK/n015-2018-11-21-19-38-26+0800__CAM_BACK__1542801289437525.jpg", "samples/CAM_BACK_RIGHT/n015-2018-11-21-19-38-26+0800__CAM_BACK_RIGHT__1542801289427893.jpg"], "intrinsics": [[[1272.5979470598488, 0.0, 826.6154927353808], [0.0, 1272.5979470598488, 479.75165386361925], [0.0, 0.0, 1.0]], [[1266.417203046554, 0.0, 816.2670197447984], [0.0, 1266.417203046554, 491.50706579294757], [0.0, 0.0, 1.0]], [[1260.8474446004698, 0.0, 807.968244525554], [0.0, 1260.8474446004698, 495.3344268742088], [0.0, 0.0, 1.0]], [[1256.7414812095406, 0.0, 792.1125740759628], [0.0, 1256.7414812095406, 492.7757465151356], [0.0, 0.0, 1.0]], [[809.2209905677063, 0.0, 829.2196003259838], [0.0, 809.2209905677063, 481.77842384512485], [0.0, 0.0, 1.0]], [[1259.5137405846733, 0.0, 807.2529053838625], [0.0, 1259.5137405846733, 501.19579884916527], [0.0, 0.0, 1.0]]], "extrinsics": [[[0.8205661177635193, -0.571551501750946, -0.00036962921149097383, -0.7830810546875], [-0.006849091500043869, -0.00918644666671753, -0.9999343752861023, 1.5067434310913086], [0.5715106129646301, 0.8205147385597229, -0.011452695354819298, -1.1546630859375], [0.0, 0.0, 0.0, 1.0]], [[0.005465534050017595, -0.9998986124992371, 0.013144838623702526, 0.0068359375], [-0.012069150805473328, -0.013210036791861057, -0.9998399019241333, 1.518357276916504], [0.9999122619628906, 0.005305989179760218, -0.012140127830207348, -1.510986328125], [0.0, 0.0, 0.0, 1.0]], [[-0.8330656886100769, -0.5531654357910156, 0.0030657046008855104, 0.915863037109375], [-0.006360169500112534, 0.00403644610196352, -0.9999715685844421, 1.5027532577514648], [0.5531374216079712, -0.8330615758895874, -0.006880850065499544, -1.170654296875], [0.0, 0.0, 0.0, 1.0]], [[0.947719931602478, 0.319047212600708, -0.00598007719963789, -1.145477294921875], [0.0025991760194301605, -0.02645769529044628, -0.9996464848518372, 1.5885505676269531], [-0.31909266114234924, 0.947369396686554, -0.025903746485710144, -0.102783203125], [0.0, 0.0, 0.0, 1.0]], [[0.0023997891694307327, 0.9998631477355957, -0.01636614464223385, 0.0028076171875], [-0.022923782467842102, -0.016306886449456215, -0.9996042251586914, 1.5782270431518555], [-0.9997343420982361, 0.0027739698998630047, 0.022881513461470604, -0.047607421875], [0.0, 0.0, 0.0, 1.0]], [[-0.9347811937332153, 0.35510164499282837, -0.009316517040133476, 1.042236328125], [0.00960559118539095, -0.0009489025687798858, -0.9999533891677856, 1.5524168014526367], [-0.35509398579597473, -0.9348272085189819, -0.002523945877328515, -0.098876953125], [0.0, 0.0, 0.0, 1.0]]], "view": [[0.0, -2.0, 100.0], [-2.0, 0.0, 100.0], [0.0, 0.0, 1.0]], "bev": "bev_0c6b4f84a6004e98b253fb7737fba44f.png", "aux": "aux_0c6b4f84a6004e98b253fb7737fba44f.npz", "visibility": "visibility_0c6b4f84a6004e98b253fb7737fba44f.png", "pose": [[-0.7374528050422668, -0.6753986477851868, 0.0, 620.79443359375], [0.6753986477851868, -0.7374528050422668, 0.0, 1962.99560546875], [0.0, 0.0, 1.0, 0.0], [0.0, 0.0, 0.0, 1.0]], "pose_inverse": [[-0.7374528050422668, 0.6753986477851868, 0.0, -867.998046875], [-0.6753986477851868, -0.7374528050422668, 0.0, 1866.900390625], [0.0, 0.0, 1.0, 0.0], [0.0, 0.0, 0.0, 1.0]], "cam_ids": [0, 1, 2, 3, 4, 5], "cam_channels": ["CAM_FRONT_LEFT", "CAM_FRONT", "CAM_FRONT_RIGHT", "CAM_BACK_LEFT", "CAM_BACK", "CAM_BACK_RIGHT"], "token": "0c6b4f84a6004e98b253fb7737fba44f", "scene": "scene-1104"}, {"images": ["samples/CAM_FRONT_LEFT/n015-2018-11-21-19-38-26+0800__CAM_FRONT_LEFT__1542801289904844.jpg", "samples/CAM_FRONT/n015-2018-11-21-19-38-26+0800__CAM_FRONT__1542801289912460.jpg", "samples/CAM_FRONT_RIGHT/n015-2018-11-21-19-38-26+0800__CAM_FRONT_RIGHT__1542801289920339.jpg", "samples/CAM_BACK_LEFT/n015-2018-11-21-19-38-26+0800__CAM_BACK_LEFT__1542801289947423.jpg", "samples/CAM_BACK/n015-2018-11-21-19-38-26+0800__CAM_BACK__1542801289937525.jpg", "samples/CAM_BACK_RIGHT/n015-2018-11-21-19-38-26+0800__CAM_BACK_RIGHT__1542801289927893.jpg"], "intrinsics": [[[1272.5979470598488, 0.0, 826.6154927353808], [0.0, 1272.5979470598488, 479.75165386361925], [0.0, 0.0, 1.0]], [[1266.417203046554, 0.0, 816.2670197447984], [0.0, 1266.417203046554, 491.50706579294757], [0.0, 0.0, 1.0]], [[1260.8474446004698, 0.0, 807.968244525554], [0.0, 1260.8474446004698, 495.3344268742088], [0.0, 0.0, 1.0]], [[1256.7414812095406, 0.0, 792.1125740759628], [0.0, 1256.7414812095406, 492.7757465151356], [0.0, 0.0, 1.0]], [[809.2209905677063, 0.0, 829.2196003259838], [0.0, 809.2209905677063, 481.77842384512485], [0.0, 0.0, 1.0]], [[1259.5137405846733, 0.0, 807.2529053838625], [0.0, 1259.5137405846733, 501.19579884916527], [0.0, 0.0, 1.0]]], "extrinsics": [[[0.820885181427002, -0.5710830092430115, -0.003413459751754999, -0.81689453125], [-0.011086106300354004, -0.009958868846297264, -0.9998889565467834, 1.5062875747680664], [0.5709855556488037, 0.8208319544792175, -0.014506176114082336, -1.179931640625], [0.0, 0.0, 0.0, 1.0]], [[0.005974290892481804, -0.9998854994773865, 0.013902257196605206, 0.0078125], [-0.01640862226486206, -0.013998657464981079, -0.9997673630714417, 1.5181560516357422], [0.9998474717140198, 0.005744838621467352, -0.016490373760461807, -1.54595947265625], [0.0, 0.0, 0.0, 1.0]], [[-0.832852303981781, -0.5534480810165405, 0.007216849364340305, 0.93890380859375], [-0.010814808309078217, 0.003235619980841875, -0.9999362826347351, 1.5024147033691406], [0.5533894896507263, -0.8328773379325867, -0.008680228143930435, -1.1846923828125], [0.0, 0.0, 0.0, 1.0]], [[0.9476600885391235, 0.3190978467464447, -0.010806075297296047, -1.144073486328125], [-0.0022336009424179792, -0.027218453586101532, -0.9996269941329956, 1.5885810852050781], [-0.3192729651927948, 0.947330892086029, -0.025081107392907143, -0.104248046875], [0.0, 0.0, 0.0, 1.0]], [[0.002171320840716362, 0.9998496174812317, -0.01720326952636242, 0.0020751953125], [-0.02760951966047287, -0.017136812210083008, -0.99947190284729, 1.5782628059387207], [-0.9996165037155151, 0.002645151922479272, 0.027568157762289047, -0.03839111328125], [0.0, 0.0, 0.0, 1.0]], [[-0.9349009394645691, 0.3548685312271118, -0.005345701705664396, 1.0599365234375], [0.005046739708632231, -0.0017680483870208263, -0.9999857544898987, 1.5518603324890137], [-0.3548728823661804, -0.9349146485328674, -0.00013797938299831003, -0.0911865234375], [0.0, 0.0, 0.0, 1.0]]], "view": [[0.0, -2.0, 100.0], [-2.0, 0.0, 100.0], [0.0, 0.0, 1.0]], "bev": "bev_2bc817494a974a4ead1b3e6b6bdb4b99.png", "aux": "aux_2bc817494a974a4ead1b3e6b6bdb4b99.npz", "visibility": "visibility_2bc817494a974a4ead1b3e6b6bdb4b99.png", "pose": [[-0.7384229302406311, -0.6743378639221191, 0.0, 619.070068359375], [0.6743378639221191, -0.7384229302406311, 0.0, 1964.589599609375], [0.0, 0.0, 1.0, 0.0], [0.0, 0.0, 0.0, 1.0]], "pose_inverse": [[-0.7384229302406311, 0.6743378639221191, 0.0, -867.66162109375], [-0.6743378639221191, -0.7384229302406311, 0.0, 1868.160400390625], [0.0, 0.0, 1.0, 0.0], [0.0, 0.0, 0.0, 1.0]], "cam_ids": [0, 1, 2, 3, 4, 5], "cam_channels": ["CAM_FRONT_LEFT", "CAM_FRONT", "CAM_FRONT_RIGHT", "CAM_BACK_LEFT", "CAM_BACK", "CAM_BACK_RIGHT"], "token": "2bc817494a974a4ead1b3e6b6bdb4b99", "scene": "scene-1104"}, {"images": ["samples/CAM_FRONT_LEFT/n015-2018-11-21-19-38-26+0800__CAM_FRONT_LEFT__1542801290404844.jpg", "samples/CAM_FRONT/n015-2018-11-21-19-38-26+0800__CAM_FRONT__1542801290412460.jpg", "samples/CAM_FRONT_RIGHT/n015-2018-11-21-19-38-26+0800__CAM_FRONT_RIGHT__1542801290420339.jpg", "samples/CAM_BACK_LEFT/n015-2018-11-21-19-38-26+0800__CAM_BACK_LEFT__1542801290447423.jpg", "samples/CAM_BACK/n015-2018-11-21-19-38-26+0800__CAM_BACK__1542801290437525.jpg", "samples/CAM_BACK_RIGHT/n015-2018-11-21-19-38-26+0800__CAM_BACK_RIGHT__1542801290427893.jpg"], "intrinsics": [[[1272.5979470598488, 0.0, 826.6154927353808], [0.0, 1272.5979470598488, 479.75165386361925], [0.0, 0.0, 1.0]], [[1266.417203046554, 0.0, 816.2670197447984], [0.0, 1266.417203046554, 491.50706579294757], [0.0, 0.0, 1.0]], [[1260.8474446004698, 0.0, 807.968244525554], [0.0, 1260.8474446004698, 495.3344268742088], [0.0, 0.0, 1.0]], [[1256.7414812095406, 0.0, 792.1125740759628], [0.0, 1256.7414812095406, 492.7757465151356], [0.0, 0.0, 1.0]], [[809.2209905677063, 0.0, 829.2196003259838], [0.0, 809.2209905677063, 481.77842384512485], [0.0, 0.0, 1.0]], [[1259.5137405846733, 0.0, 807.2529053838625], [0.0, 1259.5137405846733, 501.19579884916527], [0.0, 0.0, 1.0]]], "extrinsics": [[[0.8206936717033386, -0.5713672637939453, 0.0011198865249752998, -0.8575439453125], [-0.008468971587717533, -0.014124306850135326, -0.9998643398284912, 1.5071525573730469], [0.5713055729866028, 0.8205729722976685, -0.016430623829364777, -1.20654296875], [0.0, 0.0, 0.0, 1.0]], [[0.005645295605063438, -0.9998207688331604, 0.018068082630634308, 0.005859375], [-0.013715928420424461, -0.018144091591238976, -0.9997413158416748, 1.519073486328125], [0.9998899698257446, 0.005396096967160702, -0.013815900310873985, -1.58551025390625], [0.0, 0.0, 0.0, 1.0]], [[-0.8329947590827942, -0.5532342195510864, 0.00718994066119194, 0.963470458984375], [-0.008037635125219822, -0.0008936511003412306, -0.9999672770500183, 1.5029807090759277], [0.5532225370407104, -0.8330252766609192, -0.00370228779502213, -1.20263671875], [0.0, 0.0, 0.0, 1.0]], [[0.947769045829773, 0.3188241124153137, -0.009222166612744331, -1.1409149169921875], [0.0007558442885056138, -0.03115840256214142, -0.999514102935791, 1.5885543823242188], [-0.3189566433429718, 0.9473016262054443, -0.029771948233246803, -0.1041259765625], [0.0, 0.0, 0.0, 1.0]], [[0.00241257855668664, 0.9997716546058655, -0.021233659237623215, 0.0028076171875], [-0.024695415049791336, -0.021167678758502007, -0.9994709491729736, 1.5785961151123047], [-0.9996921420097351, 0.0029356256127357483, 0.024638706818223, -0.02880859375], [0.0, 0.0, 0.0, 1.0]], [[-0.9348233938217163, 0.35498684644699097, -0.00946181919425726, 1.0804443359375], [0.00788842886686325, -0.0058792997151613235, -0.9999516606330872, 1.5519218444824219], [-0.35502538084983826, -0.9348528385162354, 0.0026958149392157793, -0.08447265625], [0.0, 0.0, 0.0, 1.0]]], "view": [[0.0, -2.0, 100.0], [-2.0, 0.0, 100.0], [0.0, 0.0, 1.0]], "bev": "bev_dea589f5596d40dbb2d6f0c817427b34.png", "aux": "aux_dea589f5596d40dbb2d6f0c817427b34.npz", "visibility": "visibility_dea589f5596d40dbb2d6f0c817427b34.png", "pose": [[-0.7399366497993469, -0.6726765632629395, 0.0, 617.7285766601562], [0.6726765632629395, -0.7399366497993469, 0.0, 1965.8262939453125], [0.0, 0.0, 1.0, 0.0], [0.0, 0.0, 0.0, 1.0]], "pose_inverse": [[-0.7399366497993469, 0.6726765632629395, 0.0, -865.2852783203125], [-0.6726765632629395, -0.7399366497993469, 0.0, 1870.118408203125], [0.0, 0.0, 1.0, 0.0], [0.0, 0.0, 0.0, 1.0]], "cam_ids": [0, 1, 2, 3, 4, 5], "cam_channels": ["CAM_FRONT_LEFT", "CAM_FRONT", "CAM_FRONT_RIGHT", "CAM_BACK_LEFT", "CAM_BACK", "CAM_BACK_RIGHT"], "token": "dea589f5596d40dbb2d6f0c817427b34", "scene": "scene-1104"}, {"images": ["samples/CAM_FRONT_LEFT/n015-2018-11-21-19-38-26+0800__CAM_FRONT_LEFT__1542801290904844.jpg", "samples/CAM_FRONT/n015-2018-11-21-19-38-26+0800__CAM_FRONT__1542801290912460.jpg", "samples/CAM_FRONT_RIGHT/n015-2018-11-21-19-38-26+0800__CAM_FRONT_RIGHT__1542801290920339.jpg", "samples/CAM_BACK_LEFT/n015-2018-11-21-19-38-26+0800__CAM_BACK_LEFT__1542801290947423.jpg", "samples/CAM_BACK/n015-2018-11-21-19-38-26+0800__CAM_BACK__1542801290937525.jpg", "samples/CAM_BACK_RIGHT/n015-2018-11-21-19-38-26+0800__CAM_BACK_RIGHT__1542801290927893.jpg"], "intrinsics": [[[1272.5979470598488, 0.0, 826.6154927353808], [0.0, 1272.5979470598488, 479.75165386361925], [0.0, 0.0, 1.0]], [[1266.417203046554, 0.0, 816.2670197447984], [0.0, 1266.417203046554, 491.50706579294757], [0.0, 0.0, 1.0]], [[1260.8474446004698, 0.0, 807.968244525554], [0.0, 1260.8474446004698, 495.3344268742088], [0.0, 0.0, 1.0]], [[1256.7414812095406, 0.0, 792.1125740759628], [0.0, 1256.7414812095406, 492.7757465151356], [0.0, 0.0, 1.0]], [[809.2209905677063, 0.0, 829.2196003259838], [0.0, 809.2209905677063, 481.77842384512485], [0.0, 0.0, 1.0]], [[1259.5137405846733, 0.0, 807.2529053838625], [0.0, 1259.5137405846733, 501.19579884916527], [0.0, 0.0, 1.0]]], "extrinsics": [[[0.8208120465278625, -0.5711737275123596, 0.005294267553836107, -0.8980712890625], [-0.002308822702616453, -0.012586262077093124, -0.9999181032180786, 1.5080757141113281], [0.5711936354637146, 0.820732593536377, -0.011649695225059986, -1.2349853515625], [0.0, 0.0, 0.0, 1.0]], [[0.005749603267759085, -0.9998452663421631, 0.016621751710772514, 0.0062255859375], [-0.007553568109869957, -0.016664978116750717, -0.9998325705528259, 1.5200366973876953], [0.9999549984931946, 0.005623156670480967, -0.007648217957466841, -1.6248779296875], [0.0, 0.0, 0.0, 1.0]], [[-0.8329241871833801, -0.5533857345581055, 0.0012700832448899746, 0.98931884765625], [-0.0018752531614154577, 0.000527412339579314, -0.9999980926513672, 1.503544807434082], [0.5533839464187622, -0.8329249620437622, -0.0014770313864573836, -1.2193603515625], [0.0, 0.0, 0.0, 1.0]], [[0.9477800726890564, 0.31891071796417236, -0.0029581361450254917, -1.1418609619140625], [0.006941533647477627, -0.02990112453699112, -0.9995287656784058, 1.5885581970214844], [-0.3188489079475403, 0.9473130106925964, -0.03055342100560665, -0.1038818359375], [0.0, 0.0, 0.0, 1.0]], [[0.002430933527648449, 0.9997990727424622, -0.019899161532521248, 0.002685546875], [-0.018540410324931145, -0.01985073834657669, -0.9996310472488403, 1.5790042877197266], [-0.9998251795768738, 0.0027989379595965147, 0.018488427624106407, -0.01727294921875], [0.0, 0.0, 0.0, 1.0]], [[-0.9347983598709106, 0.3548732399940491, -0.01473170891404152, 1.100830078125], [0.014050341211259365, -0.004497021436691284, -0.9998911619186401, 1.5519790649414062], [-0.3549008071422577, -0.934903621673584, -0.000782281334977597, -0.07666015625], [0.0, 0.0, 0.0, 1.0]]], "view": [[0.0, -2.0, 100.0], [-2.0, 0.0, 100.0], [0.0, 0.0, 1.0]], "bev": "bev_d6ff811ac59b4879982ca9cc6a7724ae.png", "aux": "aux_d6ff811ac59b4879982ca9cc6a7724ae.npz", "visibility": "visibility_d6ff811ac59b4879982ca9cc6a7724ae.png", "pose": [[-0.7390102744102478, -0.6736941337585449, 0.0, 616.8414916992188], [0.6736941337585449, -0.7390102744102478, 0.0, 1966.6553955078125], [0.0, 0.0, 1.0, 0.0], [0.0, 0.0, 0.0, 1.0]], "pose_inverse": [[-0.7390102744102478, 0.6736941337585449, 0.0, -869.072021484375], [-0.6736941337585449, -0.7390102744102478, 0.0, 1868.9410400390625], [0.0, 0.0, 1.0, 0.0], [0.0, 0.0, 0.0, 1.0]], "cam_ids": [0, 1, 2, 3, 4, 5], "cam_channels": ["CAM_FRONT_LEFT", "CAM_FRONT", "CAM_FRONT_RIGHT", "CAM_BACK_LEFT", "CAM_BACK", "CAM_BACK_RIGHT"], "token": "d6ff811ac59b4879982ca9cc6a7724ae", "scene": "scene-1104"}, {"images": ["samples/CAM_FRONT_LEFT/n015-2018-11-21-19-38-26+0800__CAM_FRONT_LEFT__1542801291404844.jpg", "samples/CAM_FRONT/n015-2018-11-21-19-38-26+0800__CAM_FRONT__1542801291412460.jpg", "samples/CAM_FRONT_RIGHT/n015-2018-11-21-19-38-26+0800__CAM_FRONT_RIGHT__1542801291420339.jpg", "samples/CAM_BACK_LEFT/n015-2018-11-21-19-38-26+0800__CAM_BACK_LEFT__1542801291447423.jpg", "samples/CAM_BACK/n015-2018-11-21-19-38-26+0800__CAM_BACK__1542801291437525.jpg", "samples/CAM_BACK_RIGHT/n015-2018-11-21-19-38-26+0800__CAM_BACK_RIGHT__1542801291427893.jpg"], "intrinsics": [[[1272.5979470598488, 0.0, 826.6154927353808], [0.0, 1272.5979470598488, 479.75165386361925], [0.0, 0.0, 1.0]], [[1266.417203046554, 0.0, 816.2670197447984], [0.0, 1266.417203046554, 491.50706579294757], [0.0, 0.0, 1.0]], [[1260.8474446004698, 0.0, 807.968244525554], [0.0, 1260.8474446004698, 495.3344268742088], [0.0, 0.0, 1.0]], [[1256.7414812095406, 0.0, 792.1125740759628], [0.0, 1256.7414812095406, 492.7757465151356], [0.0, 0.0, 1.0]], [[809.2209905677063, 0.0, 829.2196003259838], [0.0, 809.2209905677063, 481.77842384512485], [0.0, 0.0, 1.0]], [[1259.5137405846733, 0.0, 807.2529053838625], [0.0, 1259.5137405846733, 501.19579884916527], [0.0, 0.0, 1.0]]], "extrinsics": [[[0.8208218812942505, -0.5711244940757751, 0.008259108290076256, -0.90869140625], [0.0018556498689576983, -0.011793158948421478, -0.9999287128448486, 1.5083808898925781], [0.5711812376976013, 0.8207787275314331, -0.008620275184512138, -1.24169921875], [0.0, 0.0, 0.0, 1.0]], [[0.005756676197052002, -0.9998582601547241, 0.01582195609807968, 0.0057373046875], [-0.0034174607135355473, -0.01584179885685444, -0.9998686909675598, 1.5203475952148438], [0.9999775290489197, 0.005701855756342411, -0.003508172696456313, -1.6363525390625], [0.0, 0.0, 0.0, 1.0]], [[-0.8328844308853149, -0.5534405708312988, -0.0026232339441776276, 0.996368408203125], [0.0022307452745735645, 0.0013827552320435643, -0.9999964833259583, 1.5037388801574707], [0.5534422993659973, -0.8328874707221985, 8.291184349218383e-05, -1.224609375], [0.0, 0.0, 0.0, 1.0]], [[0.9477744698524475, 0.3189391493797302, 0.0011449354933574796, -1.1428680419921875], [0.010952752083539963, -0.0289596114307642, -0.9995205402374268, 1.5885505676269531], [-0.3187530040740967, 0.9473326802253723, -0.03094044327735901, -0.103515625], [0.0, 0.0, 0.0, 1.0]], [[0.0024644844233989716, 0.99981689453125, -0.018980717286467552, 0.002685546875], [-0.014476346783339977, -0.018943116068840027, -0.9997157454490662, 1.5791339874267578], [-0.9998921751976013, 0.0027385016437619925, 0.014427009038627148, -0.0135498046875], [0.0, 0.0, 0.0, 1.0]], [[-0.9347522258758545, 0.3548319637775421, -0.01823430508375168, 1.1070556640625], [0.01813063956797123, -0.0036173048429191113, -0.9998290538787842, 1.5520172119140625], [-0.3548372685909271, -0.9349231123924255, -0.0030520474538207054, -0.0743408203125], [0.0, 0.0, 0.0, 1.0]]], "view": [[0.0, -2.0, 100.0], [-2.0, 0.0, 100.0], [0.0, 0.0, 1.0]], "bev": "bev_a1b4f3ebd2d8441cba221df2441301e2.png", "aux": "aux_a1b4f3ebd2d8441cba221df2441301e2.npz", "visibility": "visibility_a1b4f3ebd2d8441cba221df2441301e2.png", "pose": [[-0.7393861413002014, -0.6732816100120544, 0.0, 616.1851806640625], [0.6732816100120544, -0.7393861413002014, 0.0, 1967.2655029296875], [0.0, 0.0, 1.0, 0.0], [0.0, 0.0, 0.0, 1.0]], "pose_inverse": [[-0.7393861413002014, 0.6732816100120544, 0.0, -868.9249877929688], [-0.6732816100120544, -0.7393861413002014, 0.0, 1869.4349365234375], [0.0, 0.0, 1.0, 0.0], [0.0, 0.0, 0.0, 1.0]], "cam_ids": [0, 1, 2, 3, 4, 5], "cam_channels": ["CAM_FRONT_LEFT", "CAM_FRONT", "CAM_FRONT_RIGHT", "CAM_BACK_LEFT", "CAM_BACK", "CAM_BACK_RIGHT"], "token": "a1b4f3ebd2d8441cba221df2441301e2", "scene": "scene-1104"}, {"images": ["samples/CAM_FRONT_LEFT/n015-2018-11-21-19-38-26+0800__CAM_FRONT_LEFT__1542801292004844.jpg", "samples/CAM_FRONT/n015-2018-11-21-19-38-26+0800__CAM_FRONT__1542801292012460.jpg", "samples/CAM_FRONT_RIGHT/n015-2018-11-21-19-38-26+0800__CAM_FRONT_RIGHT__1542801292020339.jpg", "samples/CAM_BACK_LEFT/n015-2018-11-21-19-38-26+0800__CAM_BACK_LEFT__1542801292047423.jpg", "samples/CAM_BACK/n015-2018-11-21-19-38-26+0800__CAM_BACK__1542801292037525.jpg", "samples/CAM_BACK_RIGHT/n015-2018-11-21-19-38-26+0800__CAM_BACK_RIGHT__1542801292028011.jpg"], "intrinsics": [[[1272.5979470598488, 0.0, 826.6154927353808], [0.0, 1272.5979470598488, 479.75165386361925], [0.0, 0.0, 1.0]], [[1266.417203046554, 0.0, 816.2670197447984], [0.0, 1266.417203046554, 491.50706579294757], [0.0, 0.0, 1.0]], [[1260.8474446004698, 0.0, 807.968244525554], [0.0, 1260.8474446004698, 495.3344268742088], [0.0, 0.0, 1.0]], [[1256.7414812095406, 0.0, 792.1125740759628], [0.0, 1256.7414812095406, 492.7757465151356], [0.0, 0.0, 1.0]], [[809.2209905677063, 0.0, 829.2196003259838], [0.0, 809.2209905677063, 481.77842384512485], [0.0, 0.0, 1.0]], [[1259.5137405846733, 0.0, 807.2529053838625], [0.0, 1259.5137405846733, 501.19579884916527], [0.0, 0.0, 1.0]]], "extrinsics": [[[0.8208799362182617, -0.5710052251815796, 0.010446760803461075, -0.9091796875], [0.0030098799616098404, -0.013966499827802181, -0.9998978972434998, 1.508462905883789], [0.5710928440093994, 0.8208276629447937, -0.00974616315215826, -1.2425537109375], [0.0, 0.0, 0.0, 1.0]], [[0.005831592716276646, -0.9998208284378052, 0.0180092453956604, 0.006103515625], [-0.0022184206172823906, -0.018022445961833, -0.999835193157196, 1.5204219818115234], [0.9999805688858032, 0.005790644325315952, -0.0023231215309351683, -1.636962890625], [0.0, 0.0, 0.0, 1.0]], [[-0.8328413963317871, -0.5535062551498413, -0.002448410028591752, 0.99688720703125], [0.003474709577858448, -0.0008048454183153808, -0.999993622303009, 1.5037930011749268], [0.5535008311271667, -0.8328446745872498, 0.002593583194538951, -1.224365234375], [0.0, 0.0, 0.0, 1.0]], [[0.947766900062561, 0.3189584016799927, 0.0018257504561915994, -1.142913818359375], [0.012416933663189411, -0.031175339594483376, -0.9994367957115173, 1.5885467529296875], [-0.31872180104255676, 0.9472558498382568, -0.033507443964481354, -0.103515625], [0.0, 0.0, 0.0, 1.0]], [[0.0024599547032266855, 0.9997726678848267, -0.02118048444390297, 0.00244140625], [-0.013098850846290588, -0.021146515384316444, -0.999690592288971, 1.5791587829589844], [-0.9999111890792847, 0.0027366066351532936, 0.01304385345429182, -0.01336669921875], [0.0, 0.0, 0.0, 1.0]], [[-0.9347445368766785, 0.35474368929862976, -0.020238908007740974, 1.1075439453125], [0.019443191587924957, -0.005807926878333092, -0.9997941255569458, 1.5520458221435547], [-0.35478833317756653, -0.9349455833435059, -0.001468423753976822, -0.073974609375], [0.0, 0.0, 0.0, 1.0]]], "view": [[0.0, -2.0, 100.0], [-2.0, 0.0, 100.0], [0.0, 0.0, 1.0]], "bev": "bev_c798517864de45cb8884027b4905758a.png", "aux": "aux_c798517864de45cb8884027b4905758a.npz", "visibility": "visibility_c798517864de45cb8884027b4905758a.png", "pose": [[-0.7377750873565674, -0.6750466227531433, 0.0, 615.4846801757812], [0.6750466227531433, -0.7377750873565674, 0.0, 1967.911376953125], [0.0, 0.0, 1.0, 0.0], [0.0, 0.0, 0.0, 1.0]], "pose_inverse": [[-0.7377750873565674, 0.6750466227531433, 0.0, -874.3426513671875], [-0.6750466227531433, -0.7377750873565674, 0.0, 1867.3568115234375], [0.0, 0.0, 1.0, 0.0], [0.0, 0.0, 0.0, 1.0]], "cam_ids": [0, 1, 2, 3, 4, 5], "cam_channels": ["CAM_FRONT_LEFT", "CAM_FRONT", "CAM_FRONT_RIGHT", "CAM_BACK_LEFT", "CAM_BACK", "CAM_BACK_RIGHT"], "token": "c798517864de45cb8884027b4905758a", "scene": "scene-1104"}, {"images": ["samples/CAM_FRONT_LEFT/n015-2018-11-21-19-38-26+0800__CAM_FRONT_LEFT__1542801292404844.jpg", "samples/CAM_FRONT/n015-2018-11-21-19-38-26+0800__CAM_FRONT__1542801292412468.jpg", "samples/CAM_FRONT_RIGHT/n015-2018-11-21-19-38-26+0800__CAM_FRONT_RIGHT__1542801292420339.jpg", "samples/CAM_BACK_LEFT/n015-2018-11-21-19-38-26+0800__CAM_BACK_LEFT__1542801292447423.jpg", "samples/CAM_BACK/n015-2018-11-21-19-38-26+0800__CAM_BACK__1542801292437525.jpg", "samples/CAM_BACK_RIGHT/n015-2018-11-21-19-38-26+0800__CAM_BACK_RIGHT__1542801292427893.jpg"], "intrinsics": [[[1272.5979470598488, 0.0, 826.6154927353808], [0.0, 1272.5979470598488, 479.75165386361925], [0.0, 0.0, 1.0]], [[1266.417203046554, 0.0, 816.2670197447984], [0.0, 1266.417203046554, 491.50706579294757], [0.0, 0.0, 1.0]], [[1260.8474446004698, 0.0, 807.968244525554], [0.0, 1260.8474446004698, 495.3344268742088], [0.0, 0.0, 1.0]], [[1256.7414812095406, 0.0, 792.1125740759628], [0.0, 1256.7414812095406, 492.7757465151356], [0.0, 0.0, 1.0]], [[809.2209905677063, 0.0, 829.2196003259838], [0.0, 809.2209905677063, 481.77842384512485], [0.0, 0.0, 1.0]], [[1259.5137405846733, 0.0, 807.2529053838625], [0.0, 1259.5137405846733, 501.19579884916527], [0.0, 0.0, 1.0]]], "extrinsics": [[[0.8206958770751953, -0.5712323784828186, 0.012323661707341671, -0.8956298828125], [0.005585475359112024, -0.013546784408390522, -0.9998926520347595, 1.5087203979492188], [0.5713379979133606, 0.8206765055656433, -0.0079271849244833, -1.2320556640625], [0.0, 0.0, 0.0, 1.0]], [[0.00557235162705183, -0.9998306632041931, 0.017536554485559464, 0.0054931640625], [0.000370500551071018, -0.017534762620925903, -0.9998462200164795, 1.520559310913086], [0.9999843835830688, 0.005578077398240566, 0.000272726989351213, -1.6229248046875], [0.0, 0.0, 0.0, 1.0]], [[-0.8329188227653503, -0.5533732175827026, -0.004927600733935833, 0.98748779296875], [0.006081544328480959, -0.0002492417406756431, -0.9999814629554749, 1.5039710998535156], [0.5533616542816162, -0.8329333662986755, 0.0035729631781578064, -1.21875], [0.0, 0.0, 0.0, 1.0]], [[0.9477502703666687, 0.3189789056777954, 0.004683339968323708, -1.1422119140625], [0.01515388023108244, -0.03035137988626957, -0.999424397945404, 1.5885467529296875], [-0.3186531662940979, 0.947275698184967, -0.03359929844737053, -0.103759765625], [0.0, 0.0, 0.0, 1.0]], [[0.0025554760359227657, 0.9997878074645996, -0.020442310720682144, 0.0028076171875], [-0.010434340685606003, -0.020414603874087334, -0.9997371435165405, 1.579153060913086], [-0.9999422430992126, 0.0027681002393364906, 0.010379956103861332, -0.0177001953125], [0.0, 0.0, 0.0, 1.0]], [[-0.9346521496772766, 0.35485342144966125, -0.022457152605056763, 1.0999755859375], [0.022053198888897896, -0.005183320492506027, -0.9997434020042419, 1.5523052215576172], [-0.35487884283065796, -0.9349075555801392, -0.002981053199619055, -0.077392578125], [0.0, 0.0, 0.0, 1.0]]], "view": [[0.0, -2.0, 100.0], [-2.0, 0.0, 100.0], [0.0, 0.0, 1.0]], "bev": "bev_d6d4aaf8435d48bf92ccc5db780eb952.png", "aux": "aux_d6d4aaf8435d48bf92ccc5db780eb952.npz", "visibility": "visibility_d6d4aaf8435d48bf92ccc5db780eb952.png", "pose": [[-0.737937867641449, -0.674868643283844, 0.0, 614.989990234375], [0.674868643283844, -0.737937867641449, 0.0, 1968.3720703125], [0.0, 0.0, 1.0, 0.0], [0.0, 0.0, 0.0, 1.0]], "pose_inverse": [[-0.737937867641449, 0.674868643283844, 0.0, -874.5681762695312], [-0.674868643283844, -0.737937867641449, 0.0, 1867.57373046875], [0.0, 0.0, 1.0, 0.0], [0.0, 0.0, 0.0, 1.0]], "cam_ids": [0, 1, 2, 3, 4, 5], "cam_channels": ["CAM_FRONT_LEFT", "CAM_FRONT", "CAM_FRONT_RIGHT", "CAM_BACK_LEFT", "CAM_BACK", "CAM_BACK_RIGHT"], "token": "d6d4aaf8435d48bf92ccc5db780eb952", "scene": "scene-1104"}, {"images": ["samples/CAM_FRONT_LEFT/n015-2018-11-21-19-38-26+0800__CAM_FRONT_LEFT__1542801292904844.jpg", "samples/CAM_FRONT/n015-2018-11-21-19-38-26+0800__CAM_FRONT__1542801292912460.jpg", "samples/CAM_FRONT_RIGHT/n015-2018-11-21-19-38-26+0800__CAM_FRONT_RIGHT__1542801292920339.jpg", "samples/CAM_BACK_LEFT/n015-2018-11-21-19-38-26+0800__CAM_BACK_LEFT__1542801292947423.jpg", "samples/CAM_BACK/n015-2018-11-21-19-38-26+0800__CAM_BACK__1542801292937525.jpg", "samples/CAM_BACK_RIGHT/n015-2018-11-21-19-38-26+0800__CAM_BACK_RIGHT__1542801292927893.jpg"], "intrinsics": [[[1272.5979470598488, 0.0, 826.6154927353808], [0.0, 1272.5979470598488, 479.75165386361925], [0.0, 0.0, 1.0]], [[1266.417203046554, 0.0, 816.2670197447984], [0.0, 1266.417203046554, 491.50706579294757], [0.0, 0.0, 1.0]], [[1260.8474446004698, 0.0, 807.968244525554], [0.0, 1260.8474446004698, 495.3344268742088], [0.0, 0.0, 1.0]], [[1256.7414812095406, 0.0, 792.1125740759628], [0.0, 1256.7414812095406, 492.7757465151356], [0.0, 0.0, 1.0]], [[809.2209905677063, 0.0, 829.2196003259838], [0.0, 809.2209905677063, 481.77842384512485], [0.0, 0.0, 1.0]], [[1259.5137405846733, 0.0, 807.2529053838625], [0.0, 1259.5137405846733, 501.19579884916527], [0.0, 0.0, 1.0]]], "extrinsics": [[[0.8206930756568909, -0.5711515545845032, 0.01577327772974968, -0.880126953125], [0.014047418721020222, -0.007428266573697329, -0.9998737573623657, 1.5096969604492188], [0.5711966156959534, 0.8208110928535461, 0.0019268787000328302, -1.2215576171875], [0.0, 0.0, 0.0, 1.0]], [[0.005648011341691017, -0.9999173283576965, 0.011548997834324837, 0.005615234375], [0.008791614323854446, -0.011499082669615746, -0.9998952746391296, 1.5212821960449219], [0.9999454021453857, 0.005748959723860025, 0.008725939318537712, -1.60736083984375], [0.0, 0.0, 0.0, 1.0]], [[-0.8327276706695557, -0.5534741282463074, -0.015197350643575191, 0.9774169921875], [0.014457020908594131, 0.005703524220734835, -0.9998792409896851, 1.5045993328094482], [0.5534939765930176, -0.8328468203544617, 0.0032521046232432127, -1.2119140625], [0.0, 0.0, 0.0, 1.0]], [[0.9476081132888794, 0.31912147998809814, 0.014157176949083805, -1.139892578125], [0.023252863436937332, -0.024710264056921005, -0.999424159526825, 1.5886077880859375], [-0.31858786940574646, 0.9473916292190552, -0.030836135149002075, -0.104736328125], [0.0, 0.0, 0.0, 1.0]], [[0.0025041233748197556, 0.9998894333839417, -0.0