[{"images": ["samples/CAM_FRONT_LEFT/n008-2018-09-18-14-54-39-0400__CAM_FRONT_LEFT__1537297058854799.jpg", "samples/CAM_FRONT/n008-2018-09-18-14-54-39-0400__CAM_FRONT__1537297058862404.jpg", "samples/CAM_FRONT_RIGHT/n008-2018-09-18-14-54-39-0400__CAM_FRONT_RIGHT__1537297058870482.jpg", "samples/CAM_BACK_LEFT/n008-2018-09-18-14-54-39-0400__CAM_BACK_LEFT__1537297058897405.jpg", "samples/CAM_BACK/n008-2018-09-18-14-54-39-0400__CAM_BACK__1537297058887558.jpg", "samples/CAM_BACK_RIGHT/n008-2018-09-18-14-54-39-0400__CAM_BACK_RIGHT__1537297058878113.jpg"], "intrinsics": [[[1257.8625342125129, 0.0, 827.2410631095686], [0.0, 1257.8625342125129, 450.915498205774], [0.0, 0.0, 1.0]], [[1252.8131021185304, 0.0, 826.588114781398], [0.0, 1252.8131021185304, 469.9846626224581], [0.0, 0.0, 1.0]], [[1256.7485116440405, 0.0, 817.7887570959712], [0.0, 1256.7485116440403, 451.9541780095127], [0.0, 0.0, 1.0]], [[1254.9860565800168, 0.0, 829.5769333630991], [0.0, 1254.9860565800168, 467.1680561863987], [0.0, 0.0, 1.0]], [[796.8910634503094, 0.0, 857.7774326863696], [0.0, 796.8910634503094, 476.8848988407415], [0.0, 0.0, 1.0]], [[1249.9629280788233, 0.0, 825.3768045375984], [0.0, 1249.9629280788233, 462.54816385708756], [0.0, 0.0, 1.0]]], "extrinsics": [[[0.8225559592247009, -0.5686840415000916, -0.00023129612964112312, -1.0050048828125], [0.013825125060975552, 0.020403534173965454, -0.9996962547302246, 1.4882946014404297], [0.5685160756111145, 0.8223028779029846, 0.024645177647471428, -1.33349609375], [0.0, 0.0, 0.0, 1.0]], [[0.01035764068365097, -0.9998162984848022, -0.016128189861774445, 0.0052490234375], [0.015786340460181236, 0.016290543600916862, -0.9997426867485046, 1.4801654815673828], [0.9998217821121216, 0.01010036375373602, 0.01595217175781727, -1.7348175048828125], [0.0, 0.0, 0.0, 1.0]], [[-0.8438345193862915, -0.5360586047172546, -0.02417569048702717, 1.090576171875], [0.02381419576704502, 0.0075978548265993595, -0.9996874928474426, 1.4930734634399414], [0.5360747575759888, -0.8441466093063354, 0.006354471668601036, -1.277587890625], [0.0, 0.0, 0.0, 1.0]], [[0.947864830493927, 0.3186206817626953, 0.005761795211583376, -1.143890380859375], [-0.0015736996429041028, 0.022760452702641487, -0.9997397065162659, 1.562042236328125], [-0.3186688721179962, 0.947609007358551, 0.022075243294239044, -0.156005859375], [0.0, 0.0, 0.0, 1.0]], [[0.009115959517657757, 0.9998422861099243, 0.015243899077177048, -0.02880859375], [0.0005476349615491927, 0.015239539556205273, -0.9998836517333984, 1.568063735961914], [-0.999958336353302, 0.009123277850449085, -0.00040862560854293406, 0.0443115234375], [0.0, 0.0, 0.0, 1.0]], [[-0.9237017035484314, 0.38304370641708374, -0.007256384007632732, 1.16064453125], [0.004758084192872047, -0.007469250820577145, -0.9999607801437378, 1.5478134155273438], [-0.38308286666870117, -0.9237000346183777, 0.005076806992292404, -0.0438232421875], [0.0, 0.0, 0.0, 1.0]]], "view": [[0.0, -2.0, 100.0], [-2.0, 0.0, 100.0], [0.0, 0.0, 1.0]], "bev": "bev_1299d5feac714ee796a0f7ab4976a037.png", "aux": "aux_1299d5feac714ee796a0f7ab4976a037.npz", "visibility": "visibility_1299d5feac714ee796a0f7ab4976a037.png", "pose": [[0.7671911716461182, 0.6414185166358948, 0.0, 858.7066040039062], [-0.6414185166358948, 0.7671911716461182, 0.0, 1429.685302734375], [0.0, 0.0, 1.0, 0.0], [0.0, 0.0, 0.0, 1.0]], "pose_inverse": [[0.7671911716461182, -0.6414185166358948, 0.0, 258.23455810546875], [0.6414185166358948, 0.7671911716461182, 0.0, -1647.6322021484375], [0.0, 0.0, 1.0, 0.0], [0.0, 0.0, 0.0, 1.0]], "cam_ids": [0, 1, 2, 3, 4, 5], "cam_channels": ["CAM_FRONT_LEFT", "CAM_FRONT", "CAM_FRONT_RIGHT", "CAM_BACK_LEFT", "CAM_BACK", "CAM_BACK_RIGHT"], "token": "1299d5feac714ee796a0f7ab4976a037", "scene": "scene-0873"}, {"images": ["samples/CAM_FRONT_LEFT/n008-2018-09-18-14-54-39-0400__CAM_FRONT_LEFT__1537297059354799.jpg", "samples/CAM_FRONT/n008-2018-09-18-14-54-39-0400__CAM_FRONT__1537297059362404.jpg", "samples/CAM_FRONT_RIGHT/n008-2018-09-18-14-54-39-0400__CAM_FRONT_RIGHT__1537297059370482.jpg", "samples/CAM_BACK_LEFT/n008-2018-09-18-14-54-39-0400__CAM_BACK_LEFT__1537297059397405.jpg", "samples/CAM_BACK/n008-2018-09-18-14-54-39-0400__CAM_BACK__1537297059387558.jpg", "samples/CAM_BACK_RIGHT/n008-2018-09-18-14-54-39-0400__CAM_BACK_RIGHT__1537297059378113.jpg"], "intrinsics": [[[1257.8625342125129, 0.0, 827.2410631095686], [0.0, 1257.8625342125129, 450.915498205774], [0.0, 0.0, 1.0]], [[1252.8131021185304, 0.0, 826.588114781398], [0.0, 1252.8131021185304, 469.9846626224581], [0.0, 0.0, 1.0]], [[1256.7485116440405, 0.0, 817.7887570959712], [0.0, 1256.7485116440403, 451.9541780095127], [0.0, 0.0, 1.0]], [[1254.9860565800168, 0.0, 829.5769333630991], [0.0, 1254.9860565800168, 467.1680561863987], [0.0, 0.0, 1.0]], [[796.8910634503094, 0.0, 857.7774326863696], [0.0, 796.8910634503094, 476.8848988407415], [0.0, 0.0, 1.0]], [[1249.9629280788233, 0.0, 825.3768045375984], [0.0, 1249.9629280788233, 462.54816385708756], [0.0, 0.0, 1.0]]], "extrinsics": [[[0.8225599527359009, -0.5686784982681274, -0.00015672527661081403, -1.0050048828125], [0.013918551616370678, 0.02040787599980831, -0.99969482421875, 1.4882926940917969], [0.5685081481933594, 0.8223066926002502, 0.024701880291104317, -1.3333740234375], [0.0, 0.0, 0.0, 1.0]], [[0.010364498011767864, -0.9998161792755127, -0.016132846474647522, 0.0052490234375], [0.015867209061980247, 0.01629612408578396, -0.9997413158416748, 1.4801673889160156], [0.9998204112052917, 0.010105788707733154, 0.016033193096518517, -1.7347259521484375], [0.0, 0.0, 0.0, 1.0]], [[-0.843830406665802, -0.5360621213912964, -0.024241970852017403, 1.09063720703125], [0.02388688176870346, 0.007607090286910534, -0.9996857047080994, 1.4930715560913086], [0.5360780358314514, -0.844144344329834, 0.006385755725204945, -1.277587890625], [0.0, 0.0, 0.0, 1.0]], [[0.9478656053543091, 0.3186168074607849, 0.005842141341418028, -1.14398193359375], [-0.0014913950581103563, 0.022767985239624977, -0.9997397065162659, 1.562042236328125], [-0.31866690516471863, 0.9476101398468018, 0.022056173533201218, -0.156005859375], [0.0, 0.0, 0.0, 1.0]], [[0.00911412388086319, 0.9998422861099243, 0.015247786417603493, -0.02880859375], [0.0006429827190004289, 0.015242557972669601, -0.9998835921287537, 1.5680618286132812], [-0.9999582767486572, 0.009122845716774464, -0.0005039588431827724, 0.044219970703125], [0.0, 0.0, 0.0, 1.0]], [[-0.9237024784088135, 0.38304072618484497, -0.007322787307202816, 1.16064453125], [0.004834737628698349, -0.007457795552909374, -0.9999604821205139, 1.547811508178711], [-0.3830801546573639, -0.9237013459205627, 0.005036881659179926, -0.043701171875], [0.0, 0.0, 0.0, 1.0]]], "view": [[0.0, -2.0, 100.0], [-2.0, 0.0, 100.0], [0.0, 0.0, 1.0]], "bev": "bev_52dcd3b651334563bbf6ce1c5b874038.png", "aux": "aux_52dcd3b651334563bbf6ce1c5b874038.npz", "visibility": "visibility_52dcd3b651334563bbf6ce1c5b874038.png", "pose": [[0.7672261595726013, 0.6413766741752625, 0.0, 858.7064819335938], [-0.6413766741752625, 0.7672261595726013, 0.0, 1429.6851806640625], [0.0, 0.0, 1.0, 0.0], [0.0, 0.0, 0.0, 1.0]], "pose_inverse": [[0.7672261595726013, -0.6413766741752625, 0.0, 258.1446228027344], [0.6413766741752625, 0.7672261595726013, 0.0, -1647.6461181640625], [0.0, 0.0, 1.0, 0.0], [0.0, 0.0, 0.0, 1.0]], "cam_ids": [0, 1, 2, 3, 4, 5], "cam_channels": ["CAM_FRONT_LEFT", "CAM_FRONT", "CAM_FRONT_RIGHT", "CAM_BACK_LEFT", "CAM_BACK", "CAM_BACK_RIGHT"], "token": "52dcd3b651334563bbf6ce1c5b874038", "scene": "scene-0873"}, {"images": ["samples/CAM_FRONT_LEFT/n008-2018-09-18-14-54-39-0400__CAM_FRONT_LEFT__1537297059854799.jpg", "samples/CAM_FRONT/n008-2018-09-18-14-54-39-0400__CAM_FRONT__1537297059862404.jpg", "samples/CAM_FRONT_RIGHT/n008-2018-09-18-14-54-39-0400__CAM_FRONT_RIGHT__1537297059870495.jpg", "samples/CAM_BACK_LEFT/n008-2018-09-18-14-54-39-0400__CAM_BACK_LEFT__1537297059897405.jpg", "samples/CAM_BACK/n008-2018-09-18-14-54-39-0400__CAM_BACK__1537297059887558.jpg", "samples/CAM_BACK_RIGHT/n008-2018-09-18-14-54-39-0400__CAM_BACK_RIGHT__1537297059878113.jpg"], "intrinsics": [[[1257.8625342125129, 0.0, 827.2410631095686], [0.0, 1257.8625342125129, 450.915498205774], [0.0, 0.0, 1.0]], [[1252.8131021185304, 0.0, 826.588114781398], [0.0, 1252.8131021185304, 469.9846626224581], [0.0, 0.0, 1.0]], [[1256.7485116440405, 0.0, 817.7887570959712], [0.0, 1256.7485116440403, 451.9541780095127], [0.0, 0.0, 1.0]], [[1254.9860565800168, 0.0, 829.5769333630991], [0.0, 1254.9860565800168, 467.1680561863987], [0.0, 0.0, 1.0]], [[796.8910634503094, 0.0, 857.7774326863696], [0.0, 796.8910634503094, 476.8848988407415], [0.0, 0.0, 1.0]], [[1249.9629280788233, 0.0, 825.3768045375984], [0.0, 1249.9629280788233, 462.54816385708756], [0.0, 0.0, 1.0]]], "extrinsics": [[[0.8225748538970947, -0.568656861782074, -9.842820145422593e-05, -1.0050048828125], [0.013956631533801556, 0.02036161907017231, -0.9996952414512634, 1.4882946014404297], [0.5684856176376343, 0.8223228454589844, 0.024685490876436234, -1.333251953125], [0.0, 0.0, 0.0, 1.0]], [[0.010386393405497074, -0.9998166561126709, -0.01608162373304367, 0.00537109375], [0.015906227752566338, 0.016245651990175247, -0.9997415542602539, 1.48016357421875], [0.9998195767402649, 0.010127834044396877, 0.016072046011686325, -1.7348175048828125], [0.0, 0.0, 0.0, 1.0]], [[-0.8438205122947693, -0.5360773801803589, -0.024247806519269943, 1.09063720703125], [0.023928824812173843, 0.00755214923992753, -0.9996851682662964, 1.493072509765625], [0.5360917448997498, -0.844135046005249, 0.006455045193433762, -1.277587890625], [0.0, 0.0, 0.0, 1.0]], [[0.947861909866333, 0.31862688064575195, 0.005888181738555431, -1.14385986328125], [-0.001428202842362225, 0.022723739966750145, -0.9997407793998718, 1.5620384216308594], [-0.31867802143096924, 0.9476077556610107, 0.021994035691022873, -0.15625], [0.0, 0.0, 0.0, 1.0]], [[0.009103295393288136, 0.9998430013656616, 0.015200292691588402, -0.02880859375], [0.0006869533681310713, 0.01519466470927, -0.999884307384491, 1.5680618286132812], [-0.9999582767486572, 0.009112657979130745, -0.0005485248984768987, 0.044281005859375], [0.0, 0.0, 0.0, 1.0]], [[-0.9237067699432373, 0.38302895426750183, -0.0073845162987709045, 1.16064453125], [0.004878131672739983, -0.007514460943639278, -0.9999598860740662, 1.547811508178711], [-0.38306906819343567, -0.9237056970596313, 0.00507269287481904, -0.043701171875], [0.0, 0.0, 0.0, 1.0]]], "view": [[0.0, -2.0, 100.0], [-2.0, 0.0, 100.0], [0.0, 0.0, 1.0]], "bev": "bev_bb6562e00df74e9ab476f44e8c610476.png", "aux": "aux_bb6562e00df74e9ab476f44e8c610476.npz", "visibility": "visibility_bb6562e00df74e9ab476f44e8c610476.png", "pose": [[0.7671924233436584, 0.6414169669151306, 0.0, 858.706298828125], [-0.6414169669151306, 0.7671924233436584, 0.0, 1429.6849365234375], [0.0, 0.0, 1.0, 0.0], [0.0, 0.0, 0.0, 1.0]], "pose_inverse": [[0.7671924233436584, -0.6414169669151306, 0.0, 258.231201171875], [0.6414169669151306, 0.7671924233436584, 0.0, -1647.63232421875], [0.0, 0.0, 1.0, 0.0], [0.0, 0.0, 0.0, 1.0]], "cam_ids": [0, 1, 2, 3, 4, 5], "cam_channels": ["CAM_FRONT_LEFT", "CAM_FRONT", "CAM_FRONT_RIGHT", "CAM_BACK_LEFT", "CAM_BACK", "CAM_BACK_RIGHT"], "token": "bb6562e00df74e9ab476f44e8c610476", "scene": "scene-0873"}, {"images": ["samples/CAM_FRONT_LEFT/n008-2018-09-18-14-54-39-0400__CAM_FRONT_LEFT__1537297060354799.jpg", "samples/CAM_FRONT/n008-2018-09-18-14-54-39-0400__CAM_FRONT__1537297060362404.jpg", "samples/CAM_FRONT_RIGHT/n008-2018-09-18-14-54-39-0400__CAM_FRONT_RIGHT__1537297060370482.jpg", "samples/CAM_BACK_LEFT/n008-2018-09-18-14-54-39-0400__CAM_BACK_LEFT__1537297060397405.jpg", "samples/CAM_BACK/n008-2018-09-18-14-54-39-0400__CAM_BACK__1537297060387558.jpg", "samples/CAM_BACK_RIGHT/n008-2018-09-18-14-54-39-0400__CAM_BACK_RIGHT__1537297060378113.jpg"], "intrinsics": [[[1257.8625342125129, 0.0, 827.2410631095686], [0.0, 1257.8625342125129, 450.915498205774], [0.0, 0.0, 1.0]], [[1252.8131021185304, 0.0, 826.588114781398], [0.0, 1252.8131021185304, 469.9846626224581], [0.0, 0.0, 1.0]], [[1256.7485116440405, 0.0, 817.7887570959712], [0.0, 1256.7485116440403, 451.9541780095127], [0.0, 0.0, 1.0]], [[1254.9860565800168, 0.0, 829.5769333630991], [0.0, 1254.9860565800168, 467.1680561863987], [0.0, 0.0, 1.0]], [[796.8910634503094, 0.0, 857.7774326863696], [0.0, 796.8910634503094, 476.8848988407415], [0.0, 0.0, 1.0]], [[1249.9629280788233, 0.0, 825.3768045375984], [0.0, 1249.9629280788233, 462.54816385708756], [0.0, 0.0, 1.0]]], "extrinsics": [[[0.8225720524787903, -0.5686608552932739, -1.1599108802329283e-05, -1.005126953125], [0.014020969159901142, 0.020301824435591698, -0.9996955990791321, 1.4882926940917969], [0.5684880018234253, 0.8223214149475098, 0.024672890082001686, -1.3333740234375], [0.0, 0.0, 0.0, 1.0]], [[0.01038468535989523, -0.9998177289962769, -0.016016563400626183, 0.00537109375], [0.015980301424860954, 0.01618131995201111, -0.9997413754463196, 1.4801673889160156], [0.9998183846473694, 0.01012608502060175, 0.016145430505275726, -1.7347259521484375], [0.0, 0.0, 0.0, 1.0]], [[-0.843819797039032, -0.536077082157135, -0.024278270080685616, 1.09063720703125], [0.024006588384509087, 0.007486527785658836, -0.9996837377548218, 1.4930720329284668], [0.5360893607139587, -0.8441357612609863, 0.006552102975547314, -1.277587890625], [0.0, 0.0, 0.0, 1.0]], [[0.9478630423545837, 0.3186229169368744, 0.005929105449467897, -1.143890380859375], [-0.0013625813880935311, 0.022657249122858047, -0.9997423887252808, 1.5620498657226562], [-0.31867513060569763, 0.9476107358932495, 0.02191011793911457, -0.156005859375], [0.0, 0.0, 0.0, 1.0]], [[0.00910469051450491, 0.9998437762260437, 0.015152535401284695, -0.02880859375], [0.000759678368922323, 0.015146242454648018, -0.9998849630355835, 1.5680599212646484], [-0.9999582171440125, 0.009115171618759632, -0.0006216580513864756, 0.044342041015625], [0.0, 0.0, 0.0, 1.0]], [[-0.9237055778503418, 0.3830299973487854, -0.00747712654992938, 1.16058349609375], [0.004953375551849604, -0.007574757561087608, -0.9999589920043945, 1.5478124618530273], [-0.3830708861351013, -0.9237047433853149, 0.0050995550118386745, -0.0435791015625], [0.0, 0.0, 0.0, 1.0]]], "view": [[0.0, -2.0, 100.0], [-2.0, 0.0, 100.0], [0.0, 0.0, 1.0]], "bev": "bev_4b58659fbc8449a793224362b991c494.png", "aux": "aux_4b58659fbc8449a793224362b991c494.npz", "visibility": "visibility_4b58659fbc8449a793224362b991c494.png", "pose": [[0.7671725749969482, 0.6414406895637512, 0.0, 858.7061767578125], [-0.6414406895637512, 0.7671725749969482, 0.0, 1429.684814453125], [0.0, 0.0, 1.0, 0.0], [0.0, 0.0, 0.0, 1.0]], "pose_inverse": [[0.7671725749969482, -0.6414406895637512, 0.0, 258.2821960449219], [0.6414406895637512, 0.7671725749969482, 0.0, -1647.6241455078125], [0.0, 0.0, 1.0, 0.0], [0.0, 0.0, 0.0, 1.0]], "cam_ids": [0, 1, 2, 3, 4, 5], "cam_channels": ["CAM_FRONT_LEFT", "CAM_FRONT", "CAM_FRONT_RIGHT", "CAM_BACK_LEFT", "CAM_BACK", "CAM_BACK_RIGHT"], "token": "4b58659fbc8449a793224362b991c494", "scene": "scene-0873"}, {"images": ["samples/CAM_FRONT_LEFT/n008-2018-09-18-14-54-39-0400__CAM_FRONT_LEFT__1537297060854799.jpg", "samples/CAM_FRONT/n008-2018-09-18-14-54-39-0400__CAM_FRONT__1537297060862404.jpg", "samples/CAM_FRONT_RIGHT/n008-2018-09-18-14-54-39-0400__CAM_FRONT_RIGHT__1537297060870495.jpg", "samples/CAM_BACK_LEFT/n008-2018-09-18-14-54-39-0400__CAM_BACK_LEFT__1537297060897412.jpg", "samples/CAM_BACK/n008-2018-09-18-14-54-39-0400__CAM_BACK__1537297060887558.jpg", "samples/CAM_BACK_RIGHT/n008-2018-09-18-14-54-39-0400__CAM_BACK_RIGHT__1537297060878113.jpg"], "intrinsics": [[[1257.8625342125129, 0.0, 827.2410631095686], [0.0, 1257.8625342125129, 450.915498205774], [0.0, 0.0, 1.0]], [[1252.8131021185304, 0.0, 826.588114781398], [0.0, 1252.8131021185304, 469.9846626224581], [0.0, 0.0, 1.0]], [[1256.7485116440405, 0.0, 817.7887570959712], [0.0, 1256.7485116440403, 451.9541780095127], [0.0, 0.0, 1.0]], [[1254.9860565800168, 0.0, 829.5769333630991], [0.0, 1254.9860565800168, 467.1680561863987], [0.0, 0.0, 1.0]], [[796.8910634503094, 0.0, 857.7774326863696], [0.0, 796.8910634503094, 476.8848988407415], [0.0, 0.0, 1.0]], [[1249.9629280788233, 0.0, 825.3768045375984], [0.0, 1249.9629280788233, 462.54816385708756], [0.0, 0.0, 1.0]]], "extrinsics": [[[0.8225601315498352, -0.568678081035614, 3.059001755900681e-05, -1.0050048828125], [0.014028500765562057, 0.020237645134329796, -0.9996967315673828, 1.4882926940917969], [0.568505048751831, 0.8223111629486084, 0.024624381214380264, -1.33349609375], [0.0, 0.0, 0.0, 1.0]], [[0.010366923175752163, -0.9998189806938171, -0.015953930094838142, 0.00537109375], [0.015993300825357437, 0.01611853577196598, -0.9997421503067017, 1.4801654815673828], [0.9998184442520142, 0.010109118185937405, 0.01615750603377819, -1.734649658203125], [0.0, 0.0, 0.0, 1.0]], [[-0.8438260555267334, -0.5360682606697083, -0.024257974699139595, 1.090576171875], [0.02402385137975216, 0.007421351037919521, -0.9996837973594666, 1.493072509765625], [0.5360787510871887, -0.8441420793533325, 0.006616092752665281, -1.277587890625], [0.0, 0.0, 0.0, 1.0]], [[0.9478631019592285, 0.31862297654151917, 0.005907884798943996, -1.1439208984375], [-0.0013540179934352636, 0.022565225139260292, -0.9997444748878479, 1.562042236328125], [-0.31867486238479614, 0.9476128816604614, 0.02182016707956791, -0.1561279296875], [0.0, 0.0, 0.0, 1.0]], [[0.009107903577387333, 0.9998451471328735, 0.015065239742398262, -0.0286865234375], [0.0007715643150731921, 0.015058834105730057, -0.9998862743377686, 1.5680618286132812], [-0.9999582767486572, 0.009118461981415749, -0.0006342907436192036, 0.044281005859375], [0.0, 0.0, 0.0, 1.0]], [[-0.9237027168273926, 0.38303616642951965, -0.007519838400185108, 1.1605224609375], [0.004969766829162836, -0.007646636571735144, -0.9999583959579468, 1.5478134155273438], [-0.3830777704715729, -0.9237017035484314, 0.005159619729965925, -0.0435791015625], [0.0, 0.0, 0.0, 1.0]]], "view": [[0.0, -2.0, 100.0], [-2.0, 0.0, 100.0], [0.0, 0.0, 1.0]], "bev": "bev_8e9c6424a0e642dc97d75baf6d4c6d6f.png", "aux": "aux_8e9c6424a0e642dc97d75baf6d4c6d6f.npz", "visibility": "visibility_8e9c6424a0e642dc97d75baf6d4c6d6f.png", "pose": [[0.7671404480934143, 0.6414791941642761, 0.0, 858.7061157226562], [-0.6414791941642761, 0.7671404480934143, 0.0, 1429.6846923828125], [0.0, 0.0, 1.0, 0.0], [0.0, 0.0, 0.0, 1.0]], "pose_inverse": [[0.7671404480934143, -0.6414791941642761, 0.0, 258.3647766113281], [0.6414791941642761, 0.7671404480934143, 0.0, -1647.611083984375], [0.0, 0.0, 1.0, 0.0], [0.0, 0.0, 0.0, 1.0]], "cam_ids": [0, 1, 2, 3, 4, 5], "cam_channels": ["CAM_FRONT_LEFT", "CAM_FRONT", "CAM_FRONT_RIGHT", "CAM_BACK_LEFT", "CAM_BACK", "CAM_BACK_RIGHT"], "token": "8e9c6424a0e642dc97d75baf6d4c6d6f", "scene": "scene-0873"}, {"images": ["samples/CAM_FRONT_LEFT/n008-2018-09-18-14-54-39-0400__CAM_FRONT_LEFT__1537297061354799.jpg", "samples/CAM_FRONT/n008-2018-09-18-14-54-39-0400__CAM_FRONT__1537297061362404.jpg", "samples/CAM_FRONT_RIGHT/n008-2018-09-18-14-54-39-0400__CAM_FRONT_RIGHT__1537297061370482.jpg", "samples/CAM_BACK_LEFT/n008-2018-09-18-14-54-39-0400__CAM_BACK_LEFT__1537297061397405.jpg", "samples/CAM_BACK/n008-2018-09-18-14-54-39-0400__CAM_BACK__1537297061387558.jpg", "samples/CAM_BACK_RIGHT/n008-2018-09-18-14-54-39-0400__CAM_BACK_RIGHT__1537297061378113.jpg"], "intrinsics": [[[1257.8625342125129, 0.0, 827.2410631095686], [0.0, 1257.8625342125129, 450.915498205774], [0.0, 0.0, 1.0]], [[1252.8131021185304, 0.0, 826.588114781398], [0.0, 1252.8131021185304, 469.9846626224581], [0.0, 0.0, 1.0]], [[1256.7485116440405, 0.0, 817.7887570959712], [0.0, 1256.7485116440403, 451.9541780095127], [0.0, 0.0, 1.0]], [[1254.9860565800168, 0.0, 829.5769333630991], [0.0, 1254.9860565800168, 467.1680561863987], [0.0, 0.0, 1.0]], [[796.8910634503094, 0.0, 857.7774326863696], [0.0, 796.8910634503094, 476.8848988407415], [0.0, 0.0, 1.0]], [[1249.9629280788233, 0.0, 825.3768045375984], [0.0, 1249.9629280788233, 462.54816385708756], [0.0, 0.0, 1.0]]], "extrinsics": [[[0.8225600719451904, -0.5686782598495483, 0.00016952274017967284, -1.0048828125], [0.014179344289004803, 0.020211590453982353, -0.9996951818466187, 1.4882965087890625], [0.5685015320777893, 0.8223117589950562, 0.024688731878995895, -1.3333740234375], [0.0, 0.0, 0.0, 1.0]], [[0.010369859635829926, -0.9998195171356201, -0.015920141711831093, 0.00537109375], [0.016144227236509323, 0.01608632504940033, -0.9997403025627136, 1.4801654815673828], [0.9998158812522888, 0.010110137984156609, 0.016308126971125603, -1.734710693359375], [0.0, 0.0, 0.0, 1.0]], [[-0.8438228368759155, -0.5360683798789978, -0.024365006014704704, 1.09075927734375], [0.02417219802737236, 0.007387430407106876, -0.9996804594993591, 1.493070125579834], [0.5360771417617798, -0.8441422581672668, 0.006724268663674593, -1.277587890625], [0.0, 0.0, 0.0, 1.0]], [[0.9478622078895569, 0.318622887134552, 0.0060510216280817986, -1.1439208984375], [-0.0011952907079830766, 0.022542163729667664, -0.9997451901435852, 1.5620346069335938], [-0.3186781108379364, 0.9476134777069092, 0.021747713908553123, -0.1561279296875], [0.0, 0.0, 0.0, 1.0]], [[0.009107168763875961, 0.9998454451560974, 0.0150377182289958, -0.02880859375], [0.0009210624266415834, 0.015029947273433208, -0.9998865723609924, 1.5680618286132812], [-0.9999580979347229, 0.00911986455321312, -0.0007840404286980629, 0.044158935546875], [0.0, 0.0, 0.0, 1.0]], [[-0.9237009286880493, 0.3830377459526062, -0.007665741723030806, 1.16070556640625], [0.005114605650305748, -0.007678226102143526, -0.9999574422836304, 1.5478124618530273], [-0.38308021426200867, -0.9237008690834045, 0.005133297294378281, -0.043701171875], [0.0, 0.0, 0.0, 1.0]]], "view": [[0.0, -2.0, 100.0], [-2.0, 0.0, 100.0], [0.0, 0.0, 1.0]], "bev": "bev_789309104bc641e4a2bf29d7aa445f14.png", "aux": "aux_789309104bc641e4a2bf29d7aa445f14.npz", "visibility": "visibility_789309104bc641e4a2bf29d7aa445f14.png", "pose": [[0.7672197222709656, 0.6413843631744385, 0.0, 858.7059936523438], [-0.6413843631744385, 0.7672197222709656, 0.0, 1429.6845703125], [0.0, 0.0, 1.0, 0.0], [0.0, 0.0, 0.0, 1.0]], "pose_inverse": [[0.7672197222709656, -0.6413843631744385, 0.0, 258.1611022949219], [0.6413843631744385, 0.7672197222709656, 0.0, -1647.642822265625], [0.0, 0.0, 1.0, 0.0], [0.0, 0.0, 0.0, 1.0]], "cam_ids": [0, 1, 2, 3, 4, 5], "cam_channels": ["CAM_FRONT_LEFT", "CAM_FRONT", "CAM_FRONT_RIGHT", "CAM_BACK_LEFT", "CAM_BACK", "CAM_BACK_RIGHT"], "token": "789309104bc641e4a2bf29d7aa445f14", "scene": "scene-0873"}, {"images": ["samples/CAM_FRONT_LEFT/n008-2018-09-18-14-54-39-0400__CAM_FRONT_LEFT__1537297061854799.jpg", "samples/CAM_FRONT/n008-2018-09-18-14-54-39-0400__CAM_FRONT__1537297061862404.jpg", "samples/CAM_FRONT_RIGHT/n008-2018-09-18-14-54-39-0400__CAM_FRONT_RIGHT__1537297061870482.jpg", "samples/CAM_BACK_LEFT/n008-2018-09-18-14-54-39-0400__CAM_BACK_LEFT__1537297061897405.jpg", "samples/CAM_BACK/n008-2018-09-18-14-54-39-0400__CAM_BACK__1537297061887558.jpg", "samples/CAM_BACK_RIGHT/n008-2018-09-18-14-54-39-0400__CAM_BACK_RIGHT__1537297061878113.jpg"], "intrinsics": [[[1257.8625342125129, 0.0, 827.2410631095686], [0.0, 1257.8625342125129, 450.915498205774], [0.0, 0.0, 1.0]], [[1252.8131021185304, 0.0, 826.588114781398], [0.0, 1252.8131021185304, 469.9846626224581], [0.0, 0.0, 1.0]], [[1256.7485116440405, 0.0, 817.7887570959712], [0.0, 1256.7485116440403, 451.9541780095127], [0.0, 0.0, 1.0]], [[1254.9860565800168, 0.0, 829.5769333630991], [0.0, 1254.9860565800168, 467.1680561863987], [0.0, 0.0, 1.0]], [[796.8910634503094, 0.0, 857.7774326863696], [0.0, 796.8910634503094, 476.8848988407415], [0.0, 0.0, 1.0]], [[1249.9629280788233, 0.0, 825.3768045375984], [0.0, 1249.9629280788233, 462.54816385708756], [0.0, 0.0, 1.0]]], "extrinsics": [[[0.82257080078125, -0.568662703037262, 0.0002030669420491904, -1.0050048828125], [0.014233416877686977, 0.02023165673017502, -0.9996939897537231, 1.4882965087890625], [0.5684846043586731, 0.8223219513893127, 0.024735981598496437, -1.333251953125], [0.0, 0.0, 0.0, 1.0]], [[0.01038692332804203, -0.9998189210891724, -0.015942253172397614, 0.00537109375], [0.01617938093841076, 0.01610906608402729, -0.9997393488883972, 1.4801654815673828], [0.9998151063919067, 0.010126310400664806, 0.016343776136636734, -1.734710693359375], [0.0, 0.0, 0.0, 1.0]], [[-0.8438147902488708, -0.5360799431800842, -0.02439267747104168, 1.090576171875], [0.024189498275518417, 0.0074119847267866135, -0.9996798634529114, 1.4930729866027832], [0.5360891222953796, -0.8441346883773804, 0.006713161710649729, -1.277587890625], [0.0, 0.0, 0.0, 1.0]], [[0.9478615522384644, 0.3186247646808624, 0.006058042868971825, -1.14385986328125], [-0.0012066926574334502, 0.022597959265112877, -0.9997439384460449, 1.562042236328125], [-0.3186800479888916, 0.9476115107536316, 0.021804220974445343, -0.1561279296875], [0.0, 0.0, 0.0, 1.0]], [[0.009099378250539303, 0.9998449683189392, 0.015075279399752617, -0.02880859375], [0.0009237832855433226, 0.015067490749061108, -0.9998860359191895, 1.5680618286132812], [-0.9999581575393677, 0.009112190455198288, -0.0007865357329137623, 0.04425048828125], [0.0, 0.0, 0.0, 1.0]], [[-0.9237054586410522, 0.3830265402793884, -0.007667797151952982, 1.16064453125], [0.005128460004925728, -0.0076503450982272625, -0.9999576210975647, 1.5478134155273438], [-0.38306891918182373, -0.9237055778503418, 0.005102330818772316, -0.0435791015625], [0.0, 0.0, 0.0, 1.0]]], "view": [[0.0, -2.0, 100.0], [-2.0, 0.0, 100.0], [0.0, 0.0, 1.0]], "bev": "bev_6a25e8f93e864e2fb66d14c02aa8d528.png", "aux": "aux_6a25e8f93e864e2fb66d14c02aa8d528.npz", "visibility": "visibility_6a25e8f93e864e2fb66d14c02aa8d528.png", "pose": [[0.7672208547592163, 0.6413829922676086, 0.0, 858.7059326171875], [-0.6413829922676086, 0.7672208547592163, 0.0, 1429.6845703125], [0.0, 0.0, 1.0, 0.0], [0.0, 0.0, 0.0, 1.0]], "pose_inverse": [[0.7672208547592163, -0.6413829922676086, 0.0, 258.1582336425781], [0.6413829922676086, 0.7672208547592163, 0.0, -1647.6431884765625], [0.0, 0.0, 1.0, 0.0], [0.0, 0.0, 0.0, 1.0]], "cam_ids": [0, 1, 2, 3, 4, 5], "cam_channels": ["CAM_FRONT_LEFT", "CAM_FRONT", "CAM_FRONT_RIGHT", "CAM_BACK_LEFT", "CAM_BACK", "CAM_BACK_RIGHT"], "token": "6a25e8f93e864e2fb66d14c02aa8d528", "scene": "scene-0873"}, {"images": ["samples/CAM_FRONT_LEFT/n008-2018-09-18-14-54-39-0400__CAM_FRONT_LEFT__1537297062354799.jpg", "samples/CAM_FRONT/n008-2018-09-18-14-54-39-0400__CAM_FRONT__1537297062362404.jpg", "samples/CAM_FRONT_RIGHT/n008-2018-09-18-14-54-39-0400__CAM_FRONT_RIGHT__1537297062370482.jpg", "samples/CAM_BACK_LEFT/n008-2018-09-18-14-54-39-0400__CAM_BACK_LEFT__1537297062397405.jpg", "samples/CAM_BACK/n008-2018-09-18-14-54-39-0400__CAM_BACK__1537297062387558.jpg", "samples/CAM_BACK_RIGHT/n008-2018-09-18-14-54-39-0400__CAM_BACK_RIGHT__1537297062378113.jpg"], "intrinsics": [[[1257.8625342125129, 0.0, 827.2410631095686], [0.0, 1257.8625342125129, 450.915498205774], [0.0, 0.0, 1.0]], [[1252.8131021185304, 0.0, 826.588114781398], [0.0, 1252.8131021185304, 469.9846626224581], [0.0, 0.0, 1.0]], [[1256.7485116440405, 0.0, 817.7887570959712], [0.0, 1256.7485116440403, 451.9541780095127], [0.0, 0.0, 1.0]], [[1254.9860565800168, 0.0, 829.5769333630991], [0.0, 1254.9860565800168, 467.1680561863987], [0.0, 0.0, 1.0]], [[796.8910634503094, 0.0, 857.7774326863696], [0.0, 796.8910634503094, 476.8848988407415], [0.0, 0.0, 1.0]], [[1249.9629280788233, 0.0, 825.3768045375984], [0.0, 1249.9629280788233, 462.54816385708756], [0.0, 0.0, 1.0]]], "extrinsics": [[[0.8225655555725098, -0.5686703324317932, 0.0002578850253485143, -1.0050048828125], [0.014235402457416058, 0.020137758925557137, -0.9996958374977112, 1.4882926940917969], [0.5684921145439148, 0.8223190307617188, 0.02465987578034401, -1.33349609375], [0.0, 0.0, 0.0, 1.0]], [[0.01037826482206583, -0.9998205304145813, -0.015846088528633118, 0.0054931640625], [0.016202004626393318, 0.016012998297810555, -0.9997405409812927, 1.4801654815673828], [0.9998149275779724, 0.010118760168552399, 0.016365285962820053, -1.734771728515625], [0.0, 0.0, 0.0, 1.0]], [[-0.8438180685043335, -0.5360753536224365, -0.024378493428230286, 1.09075927734375], [0.024233702570199966, 0.007315848488360643, -0.9996795654296875, 1.4930715560913086], [0.5360819697380066, -0.8441384434700012, 0.00681784562766552, -1.2774658203125], [0.0, 0.0, 0.0, 1.0]], [[0.9478616118431091, 0.3186240494251251, 0.006097226403653622, -1.143951416015625], [-0.0011318490142002702, 0.022498346865177155, -0.9997462034225464, 1.5620460510253906], [-0.31868046522140503, 0.9476141333580017, 0.021685950458049774, -0.156005859375], [0.0, 0.0, 0.0, 1.0]], [[0.00910258386284113, 0.999846339225769, 0.014982485212385654, -0.02880859375], [0.0009873267263174057, 0.014974112622439861, -0.9998874068260193, 1.568063735961914], [-0.9999581575393677, 0.00911634974181652, -0.0008508723112754524, 0.04437255859375], [0.0, 0.0, 0.0, 1.0]], [[-0.9237022995948792, 0.3830324709415436, -0.007754629012197256, 1.16064453125], [0.005182027816772461, -0.00774775305762887, -0.9999565482139587, 1.5478096008300781], [-0.383076012134552, -0.9237024188041687, 0.005171732511371374, -0.043701171875], [0.0, 0.0, 0.0, 1.0]]], "view": [[0.0, -2.0, 100.0], [-2.0, 0.0, 100.0], [0.0, 0.0, 1.0]], "bev": "bev_e4dbcbc6f8364679bdb10aec994a9580.png", "aux": "aux_e4dbcbc6f8364679bdb10aec994a9580.npz", "visibility": "visibility_e4dbcbc6f8364679bdb10aec994a9580.png", "pose": [[0.7672231197357178, 0.6413803100585938, 0.0, 858.7058715820312], [-0.6413803100585938, 0.7672231197357178, 0.0, 1429.6844482421875], [0.0, 0.0, 1.0, 0.0], [0.0, 0.0, 0.0, 1.0]], "pose_inverse": [[0.7672231197357178, -0.6413803100585938, 0.0, 258.1524963378906], [0.6413803100585938, 0.7672231197357178, 0.0, -1647.6439208984375], [0.0, 0.0, 1.0, 0.0], [0.0, 0.0, 0.0, 1.0]], "cam_ids": [0, 1, 2, 3, 4, 5], "cam_channels": ["CAM_FRONT_LEFT", "CAM_FRONT", "CAM_FRONT_RIGHT", "CAM_BACK_LEFT", "CAM_BACK", "CAM_BACK_RIGHT"], "token": "e4dbcbc6f8364679bdb10aec994a9580", "scene": "scene-0873"}, {"images": ["samples/CAM_FRONT_LEFT/n008-2018-09-18-14-54-39-0400__CAM_FRONT_LEFT__1537297062854799.jpg", "samples/CAM_FRONT/n008-2018-09-18-14-54-39-0400__CAM_FRONT__1537297062862404.jpg", "samples/CAM_FRONT_RIGHT/n008-2018-09-18-14-54-39-0400__CAM_FRONT_RIGHT__1537297062870482.jpg", "samples/CAM_BACK_LEFT/n008-2018-09-18-14-54-39-0400__CAM_BACK_LEFT__1537297062897405.jpg", "samples/CAM_BACK/n008-2018-09-18-14-54-39-0400__CAM_BACK__1537297062887558.jpg", "samples/CAM_BACK_RIGHT/n008-2018-09-18-14-54-39-0400__CAM_BACK_RIGHT__1537297062878113.jpg"], "intrinsics": [[[1257.8625342125129, 0.0, 827.2410631095686], [0.0, 1257.8625342125129, 450.915498205774], [0.0, 0.0, 1.0]], [[1252.8131021185304, 0.0, 826.588114781398], [0.0, 1252.8131021185304, 469.9846626224581], [0.0, 0.0, 1.0]], [[1256.7485116440405, 0.0, 817.7887570959712], [0.0, 1256.7485116440403, 451.9541780095127], [0.0, 0.0, 1.0]], [[1254.9860565800168, 0.0, 829.5769333630991], [0.0, 1254.9860565800168, 467.1680561863987], [0.0, 0.0, 1.0]], [[796.8910634503094, 0.0, 857.7774326863696], [0.0, 796.8910634503094, 476.8848988407415], [0.0, 0.0, 1.0]], [[1249.9629280788233, 0.0, 825.3768045375984], [0.0, 1249.9629280788233, 462.54816385708756], [0.0, 0.0, 1.0]]], "extrinsics": [[[0.8225801587104797, -0.5686490535736084, 0.0004587232251651585, -1.0050048828125], [0.014427481219172478, 0.020063653588294983, -0.9996945858001709, 1.488290786743164], [0.5684661865234375, 0.8223354816436768, 0.024708136916160583, -1.3336181640625], [0.0, 0.0, 0.0, 1.0]], [[0.010401292704045773, -0.9998215436935425, -0.015772756189107895, 0.00537109375], [0.016382118687033653, 0.01594187691807747, -0.9997386932373047, 1.4801654815673828], [0.9998116493225098, 0.010140172205865383, 0.0165450107306242, -1.7346954345703125], [0.0, 0.0, 0.0, 1.0]], [[-0.8438064455986023, -0.5360887050628662, -0.02448694035410881, 1.090576171875], [0.02440931275486946, 0.007241836749017239, -0.9996758103370667, 1.4930715560913086], [0.5360921621322632, -0.8441306352615356, 0.0069748470559716225, -1.2774658203125], [0.0, 0.0, 0.0, 1.0]], [[0.9478602409362793, 0.318625271320343, 0.006230888422578573, -1.14385986328125], [-0.0009717718930914998, 0.022441476583480835, -0.999747633934021, 1.5620384216308594], [-0.31868472695350647, 0.9476150870323181, 0.0215810164809227, -0.156005859375], [0.0, 0.0, 0.0, 1.0]], [[0.00909704715013504, 0.9998473525047302, 0.01491495966911316, -0.0289306640625], [0.00115403498057276, 0.014905069023370743, -0.9998882412910461, 1.5680618286132812], [-0.9999579191207886, 0.009113308973610401, -0.001018267241306603, 0.044342041015625], [0.0, 0.0, 0.0, 1.0]], [[-0.9237037897109985, 0.3830251097679138, -0.007946575991809368, 1.16070556640625], [0.005358398891985416, -0.007823629304766655, -0.9999549984931946, 1.547811508178711], [-0.3830699920654297, -0.9237048625946045, 0.0051743146032094955, -0.043701171875], [0.0, 0.0, 0.0, 1.0]]], "view": [[0.0, -2.0, 100.0], [-2.0, 0.0, 100.0], [0.0, 0.0, 1.0]], "bev": "bev_b5d4af14801f45e0a5bb14d817bfbe64.png", "aux": "aux_b5d4af14801f45e0a5bb14d817bfbe64.npz", "visibility": "visibility_b5d4af14801f45e0a5bb14d817bfbe64.png", "pose": [[0.7671793103218079, 0.6414327025413513, 0.0, 858.705810546875], [-0.6414327025413513, 0.7671793103218079, 0.0, 1429.684326171875], [0.0, 0.0, 1.0, 0.0], [0.0, 0.0, 0.0, 1.0]], "pose_inverse": [[0.7671793103218079, -0.6414327025413513, 0.0, 258.26495361328125], [0.6414327025413513, 0.7671793103218079, 0.0, -1647.626220703125], [0.0, 0.0, 1.0, 0.0], [0.0, 0.0, 0.0, 1.0]], "cam_ids": [0, 1, 2, 3, 4, 5], "cam_channels": ["CAM_FRONT_LEFT", "CAM_FRONT", "CAM_FRONT_RIGHT", "CAM_BACK_LEFT", "CAM_BACK", "CAM_BACK_RIGHT"], "token": "b5d4af14801f45e0a5bb14d817bfbe64", "scene": "scene-0873"}, {"images": ["samples/CAM_FRONT_LEFT/n008-2018-09-18-14-54-39-0400__CAM_FRONT_LEFT__1537297063354799.jpg", "samples/CAM_FRONT/n008-2018-09-18-14-54-39-0400__CAM_FRONT__1537297063362423.jpg", "samples/CAM_FRONT_RIGHT/n008-2018-09-18-14-54-39-0400__CAM_FRONT_RIGHT__1537297063370482.jpg", "samples/CAM_BACK_LEFT/n008-2018-09-18-14-54-39-0400__CAM_BACK_LEFT__1537297063397405.jpg", "samples/CAM_BACK/n008-2018-09-18-14-54-39-0400__CAM_BACK__1537297063387558.jpg", "samples/CAM_BACK_RIGHT/n008-2018-09-18-14-54-39-0400__CAM_BACK_RIGHT__1537297063378113.jpg"], "intrinsics": [[[1257.8625342125129, 0.0, 827.2410631095686], [0.0, 1257.8625342125129, 450.915498205774], [0.0, 0.0, 1.0]], [[1252.8131021185304, 0.0, 826.588114781398], [0.0, 1252.8131021185304, 469.9846626224581], [0.0, 0.0, 1.0]], [[1256.7485116440405, 0.0, 817.7887570959712], [0.0, 1256.7485116440403, 451.9541780095127], [0.0, 0.0, 1.0]], [[1254.9860565800168, 0.0, 829.5769333630991], [0.0, 1254.9860565800168, 467.1680561863987], [0.0, 0.0, 1.0]], [[796.8910634503094, 0.0, 857.7774326863696], [0.0, 796.8910634503094, 476.8848988407415], [0.0, 0.0, 1.0]], [[1249.9629280788233, 0.0, 825.3768045375984], [0.0, 1249.9629280788233, 462.54816385708756], [0.0, 0.0, 1.0]]], "extrinsics": [[[0.822553813457489, -0.5686872601509094, 0.00040585570968687534, -1.0050048828125], [0.014367778785526752, 0.020068218931555748, -0.999695360660553, 1.4882926940917969], [0.5685058236122131, 0.8223090767860413, 0.024677962064743042, -1.3333740234375], [0.0, 0.0, 0.0, 1.0]], [[0.010360140353441238, -0.9998218417167664, -0.015777382999658585, 0.0052490234375], [0.016339095309376717, 0.01594538800418377, -0.9997393488883972, 1.48016357421875], [0.99981290102005, 0.010099713690578938, 0.016501381993293762, -1.7346954345703125], [0.0, 0.0, 0.0, 1.0]], [[-0.8438248038291931, -0.5360612869262695, -0.024454288184642792, 1.09063720703125], [0.024367623031139374, 0.007246152497828007, -0.9996767640113831, 1.493072509765625], [0.5360651612281799, -0.8441479802131653, 0.006948054302483797, -1.2774658203125], [0.0, 0.0, 0.0, 1.0]], [[0.9478618502616882, 0.31862181425094604, 0.006165600381791592, -1.14398193359375], [-0.0010289145866408944, 0.022406866773962975, -0.9997484087944031, 1.562042236328125], [-0.3186798691749573, 0.9476169943809509, 0.021566448733210564, -0.1561279296875], [0.0, 0.0, 0.0, 1.0]], [[0.009112749248743057, 0.9998475909233093, 0.014891122467815876, -0.0286865234375], [0.0010975144105032086, 0.014881731010973454, -0.9998886585235596, 1.5680599212646484], [-0.9999579191207886, 0.00912806112319231, -0.0009617332252673805, 0.044281005859375], [0.0, 0.0, 0.0, 1.0]], [[-0.9236946702003479, 0.3830479681491852, -0.007896850816905499, 1.16064453125], [0.005304309539496899, -0.007823918014764786, -0.9999552965164185, 1.5478124618530273], [-0.3830926716327667, -0.9236953258514404, 0.005195106845349073, -0.043701171875], [0.0, 0.0, 0.0, 1.0]]], "view": [[0.0, -2.0, 100.0], [-2.0, 0.0, 100.0], [0.0, 0.0, 1.0]], "bev": "bev_b0b3a6c9ff7e41a180d909cb7f470f16.png", "aux": "aux_b0b3a6c9ff7e41a180d909cb7f470f16.npz", "visibility": "visibility_b0b3a6c9ff7e41a180d909cb7f470f16.png", "pose": [[0.7672397494316101, 0.6413604021072388, 0.0, 858.7057495117188], [-0.6413604021072388, 0.7672397494316101, 0.0, 1429.684326171875], [0.0, 0.0, 1.0, 0.0], [0.0, 0.0, 0.0, 1.0]], "pose_inverse": [[0.7672397494316101, -0.6413604021072388, 0.0, 258.1097106933594], [0.6413604021072388, 0.7672397494316101, 0.0, -1647.6505126953125], [0.0, 0.0, 1.0, 0.0], [0.0, 0.0, 0.0, 1.0]], "cam_ids": [0, 1, 2, 3, 4, 5], "cam_channels": ["CAM_FRONT_LEFT", "CAM_FRONT", "CAM_FRONT_RIGHT", "CAM_BACK_LEFT", "CAM_BACK", "CAM_BACK_RIGHT"], "token": "b0b3a6c9ff7e41a180d909cb7f470f16", "scene": "scene-0873"}, {"images": ["samples/CAM_FRONT_LEFT/n008-2018-09-18-14-54-39-0400__CAM_FRONT_LEFT__1537297063854799.jpg", "samples/CAM_FRONT/n008-2018-09-18-14-54-39-0400__CAM_FRONT__1537297063862404.jpg", "samples/CAM_FRONT_RIGHT/n008-2018-09-18-14-54-39-0400__CAM_FRONT_RIGHT__1537297063870482.jpg", "samples/CAM_BACK_LEFT/n008-2018-09-18-14-54-39-0400__CAM_BACK_LEFT__1537297063897405.jpg", "samples/CAM_BACK/n008-2018-09-18-14-54-39-0400__CAM_BACK__1537297063887558.jpg", "samples/CAM_BACK_RIGHT/n008-2018-09-18-14-54-39-0400__CAM_BACK_RIGHT__1537297063878113.jpg"], "intrinsics": [[[1257.8625342125129, 0.0, 827.2410631095686], [0.0, 1257.8625342125129, 450.915498205774], [0.0, 0.0, 1.0]], [[1252.8131021185304, 0.0, 826.588114781398], [0.0, 1252.8131021185304, 469.9846626224581], [0.0, 0.0, 1.0]], [[1256.7485116440405, 0.0, 817.7887570959712], [0.0, 1256.7485116440403, 451.9541780095127], [0.0, 0.0, 1.0]], [[1254.9860565800168, 0.0, 829.5769333630991], [0.0, 1254.9860565800168, 467.1680561863987], [0.0, 0.0, 1.0]], [[796.8910634503094, 0.0, 857.7774326863696], [0.0, 796.8910634503094, 476.8848988407415], [0.0, 0.0, 1.0]], [[1249.9629280788233, 0.0, 825.3768045375984], [0.0, 1249.9629280788233, 462.54816385708756], [0.0, 0.0, 1.0]]], "extrinsics": [[[0.822553813457489, -0.5686872601509094, 0.00036250005359761417, -1.0048828125], [0.014325154945254326, 0.020082779228687286, -0.9996957182884216, 1.4882926940917969], [0.5685069561004639, 0.8223087191581726, 0.024665698409080505, -1.333251953125], [0.0, 0.0, 0.0, 1.0]], [[0.01036057062447071, -0.9998214840888977, -0.015798985958099365, 0.0054931640625], [0.016277873888611794, 0.015966378152370453, -0.9997400641441345, 1.48016357421875], [0.9998138546943665, 0.01010076329112053, 0.016440391540527344, -1.734619140625], [0.0, 0.0, 0.0, 1.0]], [[-0.8438249230384827, -0.5360633134841919, -0.024405252188444138, 1.09063720703125], [0.024292966350913048, 0.007272263523191214, -0.9996784329414368, 1.4930715560913086], [0.5360684394836426, -0.8441464900970459, 0.006886049639433622, -1.277587890625], [0.0, 0.0, 0.0, 1.0]], [[0.9478597640991211, 0.31862887740135193, 0.006117557175457478, -1.144073486328125], [-0.0010899556800723076, 0.022437188774347305, -0.999747633934021, 1.5620384216308594], [-0.3186858892440796, 0.9476138949394226, 0.021614601835608482, -0.1561279296875], [0.0, 0.0, 0.0, 1.0]], [[0.009107263758778572, 0.9998471140861511, 0.014928392134606838, -0.02880859375], [0.0010364309418946505, 0.014919564127922058, -0.9998881816864014, 1.5680599212646484