[{"images": ["samples/CAM_FRONT_LEFT/n008-2018-08-31-11-37-23-0400__CAM_FRONT_LEFT__1535730654854799.jpg", "samples/CAM_FRONT/n008-2018-08-31-11-37-23-0400__CAM_FRONT__1535730654862404.jpg", "samples/CAM_FRONT_RIGHT/n008-2018-08-31-11-37-23-0400__CAM_FRONT_RIGHT__1535730654870482.jpg", "samples/CAM_BACK_LEFT/n008-2018-08-31-11-37-23-0400__CAM_BACK_LEFT__1535730654897405.jpg", "samples/CAM_BACK/n008-2018-08-31-11-37-23-0400__CAM_BACK__1535730654887558.jpg", "samples/CAM_BACK_RIGHT/n008-2018-08-31-11-37-23-0400__CAM_BACK_RIGHT__1535730654878113.jpg"], "intrinsics": [[[1257.8625342125129, 0.0, 827.2410631095686], [0.0, 1257.8625342125129, 450.915498205774], [0.0, 0.0, 1.0]], [[1252.8131021185304, 0.0, 826.588114781398], [0.0, 1252.8131021185304, 469.9846626224581], [0.0, 0.0, 1.0]], [[1256.7485116440405, 0.0, 817.7887570959712], [0.0, 1256.7485116440403, 451.9541780095127], [0.0, 0.0, 1.0]], [[1254.9860565800168, 0.0, 829.5769333630991], [0.0, 1254.9860565800168, 467.1680561863987], [0.0, 0.0, 1.0]], [[796.8910634503094, 0.0, 857.7774326863696], [0.0, 796.8910634503094, 476.8848988407415], [0.0, 0.0, 1.0]], [[1249.9629280788233, 0.0, 825.3768045375984], [0.0, 1249.9629280788233, 462.54816385708756], [0.0, 0.0, 1.0]]], "extrinsics": [[[0.828284740447998, -0.5597528219223022, -0.024924496188759804, -0.8668212890625], [-0.009412162937223911, 0.03057740069925785, -0.9994880557060242, 1.4867401123046875], [0.5602284073829651, 0.8280952572822571, 0.02005830965936184, -1.23876953125], [0.0, 0.0, 0.0, 1.0]], [[0.018645869567990303, -0.9994787573814392, -0.026354731991887093, 0.0072021484375], [-0.007372591644525528, 0.026221156120300293, -0.9996289610862732, 1.4791603088378906], [0.9997989535331726, 0.018833274021744728, -0.00687983026728034, -1.59710693359375], [0.0, 0.0, 0.0, 1.0]], [[-0.8405762314796448, -0.5416011810302734, -0.00999024324119091, 1.001251220703125], [0.0007443611393682659, 0.017287731170654297, -0.9998502135276794, 1.4931621551513672], [0.5416927933692932, -0.8404577374458313, -0.014128511771559715, -1.2205810546875], [0.0, 0.0, 0.0, 1.0]], [[0.9477736353874207, 0.3186753988265991, -0.013080807402729988, -1.1451873779296875], [-0.02435142919421196, 0.03140866756439209, -0.9992099404335022, 1.5620574951171875], [-0.3180127441883087, 0.9473434090614319, 0.03752850741147995, -0.1563720703125], [0.0, 0.0, 0.0, 1.0]], [[0.007083564065396786, 0.9996858239173889, 0.024046793580055237, -0.0284423828125], [-0.022408584132790565, 0.024200046434998512, -0.9994559288024902, 1.5672073364257812], [-0.9997238516807556, 0.006540854461491108, 0.022572966292500496, 0.00592041015625], [0.0, 0.0, 0.0, 1.0]], [[-0.9254342913627625, 0.3785046339035034, 0.01747770980000496, 1.0906982421875], [-0.018135936930775642, 0.00182609842158854, -0.999833881855011, 1.5464363098144531], [-0.3784736394882202, -0.9255975484848022, 0.005174601450562477, -0.0728759765625], [0.0, 0.0, 0.0, 1.0]]], "view": [[0.0, -2.0, 100.0], [-2.0, 0.0, 100.0], [0.0, 0.0, 1.0]], "bev": "bev_f0c47597c226445fa1e14c82d879f9a4.png", "aux": "aux_f0c47597c226445fa1e14c82d879f9a4.npz", "visibility": "visibility_f0c47597c226445fa1e14c82d879f9a4.png", "pose": [[-0.48886168003082275, -0.8723613023757935, 0.0, 1188.207275390625], [0.8723613023757935, -0.48886168003082275, 0.0, 1399.09033203125], [0.0, 0.0, 1.0, 0.0], [0.0, 0.0, 0.0, 1.0]], "pose_inverse": [[-0.48886168003082275, 0.8723613023757935, 0.0, -639.643310546875], [-0.8723613023757935, -0.48886168003082275, 0.0, 1720.5076904296875], [0.0, 0.0, 1.0, 0.0], [0.0, 0.0, 0.0, 1.0]], "cam_ids": [0, 1, 2, 3, 4, 5], "cam_channels": ["CAM_FRONT_LEFT", "CAM_FRONT", "CAM_FRONT_RIGHT", "CAM_BACK_LEFT", "CAM_BACK", "CAM_BACK_RIGHT"], "token": "f0c47597c226445fa1e14c82d879f9a4", "scene": "scene-0565"}, {"images": ["samples/CAM_FRONT_LEFT/n008-2018-08-31-11-37-23-0400__CAM_FRONT_LEFT__1535730655354799.jpg", "samples/CAM_FRONT/n008-2018-08-31-11-37-23-0400__CAM_FRONT__1535730655362404.jpg", "samples/CAM_FRONT_RIGHT/n008-2018-08-31-11-37-23-0400__CAM_FRONT_RIGHT__1535730655370482.jpg", "samples/CAM_BACK_LEFT/n008-2018-08-31-11-37-23-0400__CAM_BACK_LEFT__1535730655397405.jpg", "samples/CAM_BACK/n008-2018-08-31-11-37-23-0400__CAM_BACK__1535730655387558.jpg", "samples/CAM_BACK_RIGHT/n008-2018-08-31-11-37-23-0400__CAM_BACK_RIGHT__1535730655378113.jpg"], "intrinsics": [[[1257.8625342125129, 0.0, 827.2410631095686], [0.0, 1257.8625342125129, 450.915498205774], [0.0, 0.0, 1.0]], [[1252.8131021185304, 0.0, 826.588114781398], [0.0, 1252.8131021185304, 469.9846626224581], [0.0, 0.0, 1.0]], [[1256.7485116440405, 0.0, 817.7887570959712], [0.0, 1256.7485116440403, 451.9541780095127], [0.0, 0.0, 1.0]], [[1254.9860565800168, 0.0, 829.5769333630991], [0.0, 1254.9860565800168, 467.1680561863987], [0.0, 0.0, 1.0]], [[796.8910634503094, 0.0, 857.7774326863696], [0.0, 796.8910634503094, 476.8848988407415], [0.0, 0.0, 1.0]], [[1249.9629280788233, 0.0, 825.3768045375984], [0.0, 1249.9629280788233, 462.54816385708756], [0.0, 0.0, 1.0]]], "extrinsics": [[[0.8291612863540649, -0.5586535930633545, -0.019943194463849068, -0.8662109375], [-0.004084596876055002, 0.029620304703712463, -0.9995529055595398, 1.4876213073730469], [0.5589945316314697, 0.8288720846176147, 0.022278133779764175, -1.23907470703125], [0.0, 0.0, 0.0, 1.0]], [[0.01994151435792446, -0.9994803667068481, -0.02532428875565529, 0.0079345703125], [-0.00199032761156559, 0.025289591401815414, -0.9996781945228577, 1.4798927307128906], [0.9997991919517517, 0.019985508173704147, -0.0014849795261397958, -1.59625244140625], [0.0, 0.0, 0.0, 1.0]], [[-0.839995801448822, -0.5424083471298218, -0.014153826050460339, 1.0008392333984375], [0.0062334793619811535, 0.01643696054816246, -0.9998454451560974, 1.4937419891357422], [0.5425571203231812, -0.8399543166160583, -0.010425888933241367, -1.21923828125], [0.0, 0.0, 0.0, 1.0]], [[0.9478175640106201, 0.3187209665775299, -0.007667223922908306, -1.143646240234375], [-0.018521301448345184, 0.0310384389013052, -0.9993465542793274, 1.5620193481445312], [-0.31827476620674133, 0.9473402500152588, 0.035321902483701706, -0.1568603515625], [0.0, 0.0, 0.0, 1.0]], [[0.006554639898240566, 0.9997023344039917, 0.02350260131061077, -0.028564453125], [-0.016636941581964493, 0.023608874529600143, -0.9995827674865723, 1.5673980712890625], [-0.9998400807380676, 0.006160860415548086, 0.016786739230155945, 0.0045166015625], [0.0, 0.0, 0.0, 1.0]], [[-0.9257820844650269, 0.3778655529022217, 0.012043406255543232, 1.08935546875], [-0.012567277066409588, 0.0010794549016281962, -0.9999204277992249, 1.5468406677246094], [-0.37784847617149353, -0.925859808921814, 0.0037494006101042032, -0.07275390625], [0.0, 0.0, 0.0, 1.0]]], "view": [[0.0, -2.0, 100.0], [-2.0, 0.0, 100.0], [0.0, 0.0, 1.0]], "bev": "bev_3acf2395a75643ddb86db4361bc04fd4.png", "aux": "aux_3acf2395a75643ddb86db4361bc04fd4.npz", "visibility": "visibility_3acf2395a75643ddb86db4361bc04fd4.png", "pose": [[-0.3725759983062744, -0.9280017018318176, 0.0, 1187.3804931640625], [0.9280017018318176, -0.3725759983062744, 0.0, 1400.8231201171875], [0.0, 0.0, 1.0, 0.0], [0.0, 0.0, 0.0, 1.0]], "pose_inverse": [[-0.3725759983062744, 0.9280017018318176, 0.0, -857.5767211914062], [-0.9280017018318176, -0.3725759983062744, 0.0, 1623.80419921875], [0.0, 0.0, 1.0, 0.0], [0.0, 0.0, 0.0, 1.0]], "cam_ids": [0, 1, 2, 3, 4, 5], "cam_channels": ["CAM_FRONT_LEFT", "CAM_FRONT", "CAM_FRONT_RIGHT", "CAM_BACK_LEFT", "CAM_BACK", "CAM_BACK_RIGHT"], "token": "3acf2395a75643ddb86db4361bc04fd4", "scene": "scene-0565"}, {"images": ["samples/CAM_FRONT_LEFT/n008-2018-08-31-11-37-23-0400__CAM_FRONT_LEFT__1535730655854799.jpg", "samples/CAM_FRONT/n008-2018-08-31-11-37-23-0400__CAM_FRONT__1535730655862404.jpg", "samples/CAM_FRONT_RIGHT/n008-2018-08-31-11-37-23-0400__CAM_FRONT_RIGHT__1535730655870482.jpg", "samples/CAM_BACK_LEFT/n008-2018-08-31-11-37-23-0400__CAM_BACK_LEFT__1535730655897405.jpg", "samples/CAM_BACK/n008-2018-08-31-11-37-23-0400__CAM_BACK__1535730655887558.jpg", "samples/CAM_BACK_RIGHT/n008-2018-08-31-11-37-23-0400__CAM_BACK_RIGHT__1535730655878113.jpg"], "intrinsics": [[[1257.8625342125129, 0.0, 827.2410631095686], [0.0, 1257.8625342125129, 450.915498205774], [0.0, 0.0, 1.0]], [[1252.8131021185304, 0.0, 826.588114781398], [0.0, 1252.8131021185304, 469.9846626224581], [0.0, 0.0, 1.0]], [[1256.7485116440405, 0.0, 817.7887570959712], [0.0, 1256.7485116440403, 451.9541780095127], [0.0, 0.0, 1.0]], [[1254.9860565800168, 0.0, 829.5769333630991], [0.0, 1254.9860565800168, 467.1680561863987], [0.0, 0.0, 1.0]], [[796.8910634503094, 0.0, 857.7774326863696], [0.0, 796.8910634503094, 476.8848988407415], [0.0, 0.0, 1.0]], [[1249.9629280788233, 0.0, 825.3768045375984], [0.0, 1249.9629280788233, 462.54816385708756], [0.0, 0.0, 1.0]]], "extrinsics": [[[0.8303156495094299, -0.5570462942123413, -0.016598999500274658, -0.8670654296875], [-0.0007582652615383267, 0.028655754402279854, -0.9995890259742737, 1.488189697265625], [0.5572929978370667, 0.8299869894981384, 0.023370927199721336, -1.2398681640625], [0.0, 0.0, 0.0, 1.0]], [[0.02164151333272457, -0.9994760751724243, -0.02406894601881504, 0.0079345703125], [0.0013753650709986687, 0.024104326963424683, -0.9997085332870483, 1.4803657531738281], [0.9997649192810059, 0.02160208486020565, 0.0018962990725412965, -1.5968017578125], [0.0, 0.0, 0.0, 1.0]], [[-0.8392625451087952, -0.5434848666191101, -0.01620570383965969, 1.0006027221679688], [0.009643318131566048, 0.014921979047358036, -0.99984210729599, 1.4941120147705078], [0.5436408519744873, -0.8392863869667053, -0.007282462436705828, -1.2197265625], [0.0, 0.0, 0.0, 1.0]], [[0.9478558897972107, 0.31865647435188293, -0.0052247801795601845, -1.1439208984375], [-0.014916621148586273, 0.027982022613286972, -0.99949711561203, 1.5620231628417969], [-0.3183501660823822, 0.9474570751190186, 0.03127620369195938, -0.1568603515625], [0.0, 0.0, 0.0, 1.0]], [[0.00602209847420454, 0.9997590780258179, 0.021104823797941208, -0.0284423828125], [-0.013116463087499142, 0.021182363852858543, -0.9996895790100098, 1.5675430297851562], [-0.9998959302902222, 0.005743406247347593, 0.013240866363048553, 0.004638671875], [0.0, 0.0, 0.0, 1.0]], [[-0.9261557459831238, 0.37705516815185547, 0.00806167721748352, 1.0894775390625], [-0.009052964858710766, -0.0008569334167987108, -0.9999586343765259, 1.5471162796020508], [-0.37703266739845276, -0.9261904358863831, 0.00420712074264884, -0.0728759765625], [0.0, 0.0, 0.0, 1.0]]], "view": [[0.0, -2.0, 100.0], [-2.0, 0.0, 100.0], [0.0, 0.0, 1.0]], "bev": "bev_b0baddf1fe7a48169d035ef788ba63db.png", "aux": "aux_b0baddf1fe7a48169d035ef788ba63db.npz", "visibility": "visibility_b0baddf1fe7a48169d035ef788ba63db.png", "pose": [[-0.2320677936077118, -0.9726996421813965, 0.0, 1186.8140869140625], [0.9726996421813965, -0.2320677936077118, 0.0, 1402.644287109375], [0.0, 0.0, 1.0, 0.0], [0.0, 0.0, 0.0, 1.0]], "pose_inverse": [[-0.2320677936077118, 0.9726996421813965, 0.0, -1088.93017578125], [-0.9726996421813965, -0.2320677936077118, 0.0, 1479.922119140625], [0.0, 0.0, 1.0, 0.0], [0.0, 0.0, 0.0, 1.0]], "cam_ids": [0, 1, 2, 3, 4, 5], "cam_channels": ["CAM_FRONT_LEFT", "CAM_FRONT", "CAM_FRONT_RIGHT", "CAM_BACK_LEFT", "CAM_BACK", "CAM_BACK_RIGHT"], "token": "b0baddf1fe7a48169d035ef788ba63db", "scene": "scene-0565"}, {"images": ["samples/CAM_FRONT_LEFT/n008-2018-08-31-11-37-23-0400__CAM_FRONT_LEFT__1535730656354799.jpg", "samples/CAM_FRONT/n008-2018-08-31-11-37-23-0400__CAM_FRONT__1535730656362404.jpg", "samples/CAM_FRONT_RIGHT/n008-2018-08-31-11-37-23-0400__CAM_FRONT_RIGHT__1535730656370482.jpg", "samples/CAM_BACK_LEFT/n008-2018-08-31-11-37-23-0400__CAM_BACK_LEFT__1535730656397405.jpg", "samples/CAM_BACK/n008-2018-08-31-11-37-23-0400__CAM_BACK__1535730656387558.jpg", "samples/CAM_BACK_RIGHT/n008-2018-08-31-11-37-23-0400__CAM_BACK_RIGHT__1535730656378113.jpg"], "intrinsics": [[[1257.8625342125129, 0.0, 827.2410631095686], [0.0, 1257.8625342125129, 450.915498205774], [0.0, 0.0, 1.0]], [[1252.8131021185304, 0.0, 826.588114781398], [0.0, 1252.8131021185304, 469.9846626224581], [0.0, 0.0, 1.0]], [[1256.7485116440405, 0.0, 817.7887570959712], [0.0, 1256.7485116440403, 451.9541780095127], [0.0, 0.0, 1.0]], [[1254.9860565800168, 0.0, 829.5769333630991], [0.0, 1254.9860565800168, 467.1680561863987], [0.0, 0.0, 1.0]], [[796.8910634503094, 0.0, 857.7774326863696], [0.0, 796.8910634503094, 476.8848988407415], [0.0, 0.0, 1.0]], [[1249.9629280788233, 0.0, 825.3768045375984], [0.0, 1249.9629280788233, 462.54816385708756], [0.0, 0.0, 1.0]]], "extrinsics": [[[0.8302353620529175, -0.557124137878418, -0.017943544313311577, -0.863525390625], [-0.005593663547188044, 0.023862002417445183, -0.999699592590332, 1.4873733520507812], [0.5573849081993103, 0.830086350440979, 0.01669471152126789, -1.236480712890625], [0.0, 0.0, 0.0, 1.0]], [[0.021458588540554047, -0.9995691180229187, -0.020026348531246185, 0.00732421875], [-0.003920126706361771, 0.019946681335568428, -0.9997933506965637, 1.4796333312988281], [0.9997619986534119, 0.02153266966342926, -0.003490408416837454, -1.5938720703125], [0.0, 0.0, 0.0, 1.0]], [[-0.8394153118133545, -0.5434075593948364, -0.009491730481386185, 0.999114990234375], [0.0038396716117858887, 0.011534527875483036, -0.9999260902404785, 1.493499755859375], [0.5434768199920654, -0.8393897414207458, -0.007595754228532314, -1.2191162109375], [0.0, 0.0, 0.0, 1.0]], [[0.9477271437644958, 0.3188458979129791, -0.012273123487830162, -1.142333984375], [-0.022257670760154724, 0.02768993191421032, -0.9993687272071838, 1.5619659423828125], [-0.31830480694770813, 0.9474020004272461, 0.03333926573395729, -0.1575927734375], [0.0, 0.0, 0.0, 1.0]], [[0.0061277239583432674, 0.9997893571853638, 0.019586142152547836, -0.0283203125], [-0.019952120259404182, 0.019704850390553474, -0.999606728553772, 1.5672378540039062], [-0.9997822642326355, 0.005734538659453392, 0.020068665966391563, 0.0029296875], [0.0, 0.0, 0.0, 1.0]], [[-0.9260642528533936, 0.3771447241306305, 0.012920905835926533, 1.088134765625], [-0.015335651114583015, -0.003400514367967844, -0.9998766183853149, 1.5466070175170898], [-0.37705424427986145, -0.9261481165885925, 0.008932854980230331, -0.0736083984375], [0.0, 0.0, 0.0, 1.0]]], "view": [[0.0, -2.0, 100.0], [-2.0, 0.0, 100.0], [0.0, 0.0, 1.0]], "bev": "bev_1339ac69572144179cb5734dc86fa60c.png", "aux": "aux_1339ac69572144179cb5734dc86fa60c.npz", "visibility": "visibility_1339ac69572144179cb5734dc86fa60c.png", "pose": [[-0.07253879308700562, -0.9973655939102173, 0.0, 1186.5135498046875], [0.9973655939102173, -0.07253879308700562, 0.0, 1404.599365234375], [0.0, 0.0, 1.0, 0.0], [0.0, 0.0, 0.0, 1.0]], "pose_inverse": [[-0.07253879308700562, 0.9973655939102173, 0.0, -1314.830810546875], [-0.9973655939102173, -0.07253879308700562, 0.0, 1285.2757568359375], [0.0, 0.0, 1.0, 0.0], [0.0, 0.0, 0.0, 1.0]], "cam_ids": [0, 1, 2, 3, 4, 5], "cam_channels": ["CAM_FRONT_LEFT", "CAM_FRONT", "CAM_FRONT_RIGHT", "CAM_BACK_LEFT", "CAM_BACK", "CAM_BACK_RIGHT"], "token": "1339ac69572144179cb5734dc86fa60c", "scene": "scene-0565"}, {"images": ["samples/CAM_FRONT_LEFT/n008-2018-08-31-11-37-23-0400__CAM_FRONT_LEFT__1535730656854799.jpg", "samples/CAM_FRONT/n008-2018-08-31-11-37-23-0400__CAM_FRONT__1535730656862404.jpg", "samples/CAM_FRONT_RIGHT/n008-2018-08-31-11-37-23-0400__CAM_FRONT_RIGHT__1535730656870482.jpg", "samples/CAM_BACK_LEFT/n008-2018-08-31-11-37-23-0400__CAM_BACK_LEFT__1535730656897405.jpg", "samples/CAM_BACK/n008-2018-08-31-11-37-23-0400__CAM_BACK__1535730656887558.jpg", "samples/CAM_BACK_RIGHT/n008-2018-08-31-11-37-23-0400__CAM_BACK_RIGHT__1535730656878113.jpg"], "intrinsics": [[[1257.8625342125129, 0.0, 827.2410631095686], [0.0, 1257.8625342125129, 450.915498205774], [0.0, 0.0, 1.0]], [[1252.8131021185304, 0.0, 826.588114781398], [0.0, 1252.8131021185304, 469.9846626224581], [0.0, 0.0, 1.0]], [[1256.7485116440405, 0.0, 817.7887570959712], [0.0, 1256.7485116440403, 451.9541780095127], [0.0, 0.0, 1.0]], [[1254.9860565800168, 0.0, 829.5769333630991], [0.0, 1254.9860565800168, 467.1680561863987], [0.0, 0.0, 1.0]], [[796.8910634503094, 0.0, 857.7774326863696], [0.0, 796.8910634503094, 476.8848988407415], [0.0, 0.0, 1.0]], [[1249.9629280788233, 0.0, 825.3768045375984], [0.0, 1249.9629280788233, 462.54816385708756], [0.0, 0.0, 1.0]]], "extrinsics": [[[0.8305767774581909, -0.5563694834709167, -0.02439814619719982, -0.8544921875], [-0.013006921857595444, 0.024418234825134277, -0.9996171593666077, 1.4859580993652344], [0.5567523241043091, 0.8305761814117432, 0.013044564053416252, -1.2311534881591797], [0.0, 0.0, 0.0, 1.0]], [[0.022120503708720207, -0.999536395072937, -0.02091800794005394, 0.0079345703125], [-0.011258607730269432, 0.020672747865319252, -0.9997228980064392, 1.4784927368164062], [0.9996918439865112, 0.022349892184138298, -0.010796096175909042, -1.5849609375], [0.0, 0.0, 0.0, 1.0]], [[-0.8390696048736572, -0.54401034116745, -0.0038621360436081886, 0.9930419921875], [-0.0034480150789022446, 0.01241692528128624, -0.9999169707298279, 1.4926700592041016], [0.5440131425857544, -0.8389866352081299, -0.012294420972466469, -1.214599609375], [0.0, 0.0, 0.0, 1.0]], [[0.9476377964019775, 0.318762868642807, -0.019311947748064995, -1.142822265625], [-0.02997785620391369, 0.028587952256202698, -0.9991416335105896, 1.5619583129882812], [-0.3179371654987335, 0.9474033117294312, 0.036646850407123566, -0.1578369140625], [0.0, 0.0, 0.0, 1.0]], [[0.006046046502888203, 0.9997726678848267, 0.020446712151169777, -0.028564453125], [-0.02747933939099312, 0.02060547284781933, -0.9994099736213684, 1.5668525695800781], [-0.9996041059494019, 0.005480615887790918, 0.02759767323732376, 0.00048828125], [0.0, 0.0, 0.0, 1.0]], [[-0.9261323809623718, 0.37665805220603943, 0.020186932757496834, 1.0830078125], [-0.02280188351869583, -0.002484857337549329, -0.9997369050979614, 1.5459003448486328], [-0.37650880217552185, -0.9263490438461304, 0.010889820754528046, -0.0755615234375], [0.0, 0.0, 0.0, 1.0]]], "view": [[0.0, -2.0, 100.0], [-2.0, 0.0, 100.0], [0.0, 0.0, 1.0]], "bev": "bev_e7bc8aeb620845efae293033f2e40196.png", "aux": "aux_e7bc8aeb620845efae293033f2e40196.npz", "visibility": "visibility_e7bc8aeb620845efae293033f2e40196.png", "pose": [[0.09434513002634048, -0.9955395460128784, 0.0, 1186.5347900390625], [0.9955395460128784, 0.09434513002634048, 0.0, 1406.641357421875], [0.0, 0.0, 1.0, 0.0], [0.0, 0.0, 0.0, 1.0]], "pose_inverse": [[0.09434513002634048, 0.9955395460128784, 0.0, -1512.3109130859375], [-0.9955395460128784, 0.09434513002634048, 0.0, 1048.5325927734375], [0.0, 0.0, 1.0, 0.0], [0.0, 0.0, 0.0, 1.0]], "cam_ids": [0, 1, 2, 3, 4, 5], "cam_channels": ["CAM_FRONT_LEFT", "CAM_FRONT", "CAM_FRONT_RIGHT", "CAM_BACK_LEFT", "CAM_BACK", "CAM_BACK_RIGHT"], "token": "e7bc8aeb620845efae293033f2e40196", "scene": "scene-0565"}, {"images": ["samples/CAM_FRONT_LEFT/n008-2018-08-31-11-37-23-0400__CAM_FRONT_LEFT__1535730657404799.jpg", "samples/CAM_FRONT/n008-2018-08-31-11-37-23-0400__CAM_FRONT__1535730657412404.jpg", "samples/CAM_FRONT_RIGHT/n008-2018-08-31-11-37-23-0400__CAM_FRONT_RIGHT__1535730657420482.jpg", "samples/CAM_BACK_LEFT/n008-2018-08-31-11-37-23-0400__CAM_BACK_LEFT__1535730657447405.jpg", "samples/CAM_BACK/n008-2018-08-31-11-37-23-0400__CAM_BACK__1535730657437558.jpg", "samples/CAM_BACK_RIGHT/n008-2018-08-31-11-37-23-0400__CAM_BACK_RIGHT__1535730657428113.jpg"], "intrinsics": [[[1257.8625342125129, 0.0, 827.2410631095686], [0.0, 1257.8625342125129, 450.915498205774], [0.0, 0.0, 1.0]], [[1252.8131021185304, 0.0, 826.588114781398], [0.0, 1252.8131021185304, 469.9846626224581], [0.0, 0.0, 1.0]], [[1256.7485116440405, 0.0, 817.7887570959712], [0.0, 1256.7485116440403, 451.9541780095127], [0.0, 0.0, 1.0]], [[1254.9860565800168, 0.0, 829.5769333630991], [0.0, 1254.9860565800168, 467.1680561863987], [0.0, 0.0, 1.0]], [[796.8910634503094, 0.0, 857.7774326863696], [0.0, 796.8910634503094, 476.8848988407415], [0.0, 0.0, 1.0]], [[1249.9629280788233, 0.0, 825.3768045375984], [0.0, 1249.9629280788233, 462.54816385708756], [0.0, 0.0, 1.0]]], "extrinsics": [[[0.828682541847229, -0.5586962103843689, -0.03381993994116783, -0.829345703125], [-0.019273750483989716, 0.0319039523601532, -0.9993050694465637, 1.4841537475585938], [0.5593870282173157, 0.8287585377693176, 0.01567007414996624, -1.218414306640625], [0.0, 0.0, 0.0, 1.0]], [[0.01930161751806736, -0.9994106292724609, -0.02838786691427231, 0.01202392578125], [-0.01718507520854473, 0.028057336807250977, -0.9994585514068604, 1.4770927429199219], [0.9996659755706787, 0.019779033958911896, -0.01663339138031006, -1.5616455078125], [0.0, 0.0, 0.0, 1.0]], [[-0.8402407169342041, -0.5422046184539795, -0.0031007137149572372, 0.97998046875], [-0.00901196338236332, 0.019682981073856354, -0.9997656345367432, 1.4917736053466797], [0.5421386957168579, -0.8400159478187561, -0.02142477221786976, -1.200927734375], [0.0, 0.0, 0.0, 1.0]], [[0.947658360004425, 0.3185957670211792, -0.020987724885344505, -1.13720703125], [-0.033985935151576996, 0.0352940633893013, -0.9987989664077759, 1.5615921020507812], [-0.317472368478775, 0.9472334384918213, 0.04427448660135269, -0.1632080078125], [0.0, 0.0, 0.0, 1.0]], [[0.007067730184644461, 0.9996026754379272, 0.027289239689707756, -0.032958984375], [-0.032001785933971405, 0.027502046898007393, -0.9991093277931213, 1.5662078857421875], [-0.999462902545929, 0.006188106723129749, 0.0321834422647953, -0.009765625], [0.0, 0.0, 0.0, 1.0]], [[-0.9254375696182251, 0.3778975009918213, 0.027546018362045288, 1.068115234375], [-0.02789420820772648, 0.004553261678665876, -0.9996005296707153, 1.5450630187988281], [-0.37787196040153503, -0.9258363246917725, 0.006327389273792505, -0.07659912109375], [0.0, 0.0, 0.0, 1.0]]], "view": [[0.0, -2.0, 100.0], [-2.0, 0.0, 100.0], [0.0, 0.0, 1.0]], "bev": "bev_4f38413567d14272b4fc9c89cd8405f3.png", "aux": "aux_4f38413567d14272b4fc9c89cd8405f3.npz", "visibility": "visibility_4f38413567d14272b4fc9c89cd8405f3.png", "pose": [[0.27418825030326843, -0.9616760611534119, 0.0, 1187.0035400390625], [0.9616760611534119, 0.27418825030326843, 0.0, 1409.052001953125], [0.0, 0.0, 1.0, 0.0], [0.0, 0.0, 0.0, 1.0]], "pose_inverse": [[0.27418825030326843, 0.9616760611534119, 0.0, -1680.513916015625], [-0.9616760611534119, 0.27418825030326843, 0.0, 755.1673583984375], [0.0, 0.0, 1.0, 0.0], [0.0, 0.0, 0.0, 1.0]], "cam_ids": [0, 1, 2, 3, 4, 5], "cam_channels": ["CAM_FRONT_LEFT", "CAM_FRONT", "CAM_FRONT_RIGHT", "CAM_BACK_LEFT", "CAM_BACK", "CAM_BACK_RIGHT"], "token": "4f38413567d14272b4fc9c89cd8405f3", "scene": "scene-0565"}, {"images": ["samples/CAM_FRONT_LEFT/n008-2018-08-31-11-37-23-0400__CAM_FRONT_LEFT__1535730657904799.jpg", "samples/CAM_FRONT/n008-2018-08-31-11-37-23-0400__CAM_FRONT__1535730657912404.jpg", "samples/CAM_FRONT_RIGHT/n008-2018-08-31-11-37-23-0400__CAM_FRONT_RIGHT__1535730657920505.jpg", "samples/CAM_BACK_LEFT/n008-2018-08-31-11-37-23-0400__CAM_BACK_LEFT__1535730657947405.jpg", "samples/CAM_BACK/n008-2018-08-31-11-37-23-0400__CAM_BACK__1535730657937621.jpg", "samples/CAM_BACK_RIGHT/n008-2018-08-31-11-37-23-0400__CAM_BACK_RIGHT__1535730657928113.jpg"], "intrinsics": [[[1257.8625342125129, 0.0, 827.2410631095686], [0.0, 1257.8625342125129, 450.915498205774], [0.0, 0.0, 1.0]], [[1252.8131021185304, 0.0, 826.588114781398], [0.0, 1252.8131021185304, 469.9846626224581], [0.0, 0.0, 1.0]], [[1256.7485116440405, 0.0, 817.7887570959712], [0.0, 1256.7485116440403, 451.9541780095127], [0.0, 0.0, 1.0]], [[1254.9860565800168, 0.0, 829.5769333630991], [0.0, 1254.9860565800168, 467.1680561863987], [0.0, 0.0, 1.0]], [[796.8910634503094, 0.0, 857.7774326863696], [0.0, 796.8910634503094, 476.8848988407415], [0.0, 0.0, 1.0]], [[1249.9629280788233, 0.0, 825.3768045375984], [0.0, 1249.9629280788233, 462.54816385708756], [0.0, 0.0, 1.0]]], "extrinsics": [[[0.8255946040153503, -0.5630081295967102, -0.03762412071228027, -0.83984375], [-0.016767939552664757, 0.04216962307691574, -0.9989697337150574, 1.4848747253417969], [0.5640145540237427, 0.8253748416900635, 0.025374528020620346, -1.22344970703125], [0.0, 0.0, 0.0, 1.0]], [[0.014701209962368011, -0.9991508722305298, -0.038488537073135376, 0.01043701171875], [-0.014780225232243538, 0.03827134519815445, -0.9991580843925476, 1.4776458740234375], [0.9997826814651489, 0.015257731080055237, -0.01420503854751587, -1.5714111328125], [0.0, 0.0, 0.0, 1.0]], [[-0.8422197699546814, -0.5390337109565735, -0.010421864688396454, 0.9862060546875], [-0.0067217075265944, 0.029827723279595375, -0.9995324611663818, 1.4921283721923828], [0.5390925407409668, -0.8417559862136841, -0.02874472551047802, -1.2069091796875], [0.0, 0.0, 0.0, 1.0]], [[0.9477517008781433, 0.3186056613922119, -0.016034239903092384, -1.1444091796875], [-0.032088931649923325, 0.04520558565855026, -0.9984622001647949, 1.5618515014648438], [-0.31739088892936707, 0.9468087553977966, 0.05306738615036011, -0.1597900390625], [0.0, 0.0, 0.0, 1.0]], [[0.008524876087903976, 0.9992644190788269, 0.03738832101225853, -0.03179931640625], [-0.030000455677509308, 0.037628427147865295, -0.9988413453102112, 1.5665283203125], [-0.999513566493988, 0.007393321488052607, 0.030299169942736626, -0.00244140625], [0.0, 0.0, 0.0, 1.0]], [[-0.9244588017463684, 0.38014888763427734, 0.029372189193964005, 1.0750732421875], [-0.02567770704627037, 0.014787133783102036, -0.9995608925819397, 1.5454254150390625], [-0.38041627407073975, -0.9248071312904358, -0.0039087459444999695, -0.0753631591796875], [0.0, 0.0, 0.0, 1.0]]], "view": [[0.0, -2.0, 100.0], [-2.0, 0.0, 100.0], [0.0, 0.0, 1.0]], "bev": "bev_6d51fd58aba44fce89d7590a452880b4.png", "aux": "aux_6d51fd58aba44fce89d7590a452880b4.npz", "visibility": "visibility_6d51fd58aba44fce89d7590a452880b4.png", "pose": [[0.3737860321998596, -0.9275149703025818, 0.0, 1187.7733154296875], [0.9275149703025818, 0.3737860321998596, 0.0, 1411.28857421875], [0.0, 0.0, 1.0, 0.0], [0.0, 0.0, 0.0, 1.0]], "pose_inverse": [[0.3737860321998596, 0.9275149703025818, 0.0, -1752.96435546875], [-0.9275149703025818, 0.3737860321998596, 0.0, 574.1575317382812], [0.0, 0.0, 1.0, 0.0], [0.0, 0.0, 0.0, 1.0]], "cam_ids": [0, 1, 2, 3, 4, 5], "cam_channels": ["CAM_FRONT_LEFT", "CAM_FRONT", "CAM_FRONT_RIGHT", "CAM_BACK_LEFT", "CAM_BACK", "CAM_BACK_RIGHT"], "token": "6d51fd58aba44fce89d7590a452880b4", "scene": "scene-0565"}, {"images": ["samples/CAM_FRONT_LEFT/n008-2018-08-31-11-37-23-0400__CAM_FRONT_LEFT__1535730658404799.jpg", "samples/CAM_FRONT/n008-2018-08-31-11-37-23-0400__CAM_FRONT__1535730658412404.jpg", "samples/CAM_FRONT_RIGHT/n008-2018-08-31-11-37-23-0400__CAM_FRONT_RIGHT__1535730658420482.jpg", "samples/CAM_BACK_LEFT/n008-2018-08-31-11-37-23-0400__CAM_BACK_LEFT__1535730658447405.jpg", "samples/CAM_BACK/n008-2018-08-31-11-37-23-0400__CAM_BACK__1535730658437558.jpg", "samples/CAM_BACK_RIGHT/n008-2018-08-31-11-37-23-0400__CAM_BACK_RIGHT__1535730658428113.jpg"], "intrinsics": [[[1257.8625342125129, 0.0, 827.2410631095686], [0.0, 1257.8625342125129, 450.915498205774], [0.0, 0.0, 1.0]], [[1252.8131021185304, 0.0, 826.588114781398], [0.0, 1252.8131021185304, 469.9846626224581], [0.0, 0.0, 1.0]], [[1256.7485116440405, 0.0, 817.7887570959712], [0.0, 1256.7485116440403, 451.9541780095127], [0.0, 0.0, 1.0]], [[1254.9860565800168, 0.0, 829.5769333630991], [0.0, 1254.9860565800168, 467.1680561863987], [0.0, 0.0, 1.0]], [[796.8910634503094, 0.0, 857.7774326863696], [0.0, 796.8910634503094, 476.8848988407415], [0.0, 0.0, 1.0]], [[1249.9629280788233, 0.0, 825.3768045375984], [0.0, 1249.9629280788233, 462.54816385708756], [0.0, 0.0, 1.0]]], "extrinsics": [[[0.8252153396606445, -0.5634440779685974, -0.03937700018286705, -0.832275390625], [-0.017445066943764687, 0.04425724968314171, -0.9988678097724915, 1.4845695495605469], [0.5645488500595093, 0.8249679803848267, 0.02669243887066841, -1.2183837890625], [0.0, 0.0, 0.0, 1.0]], [[0.014086226932704449, -0.9990846514701843, -0.040389273315668106, 0.01025390625], [-0.015599442645907402, 0.04016878455877304, -0.9990711212158203, 1.4774322509765625], [0.9997791051864624, 0.01470319926738739, -0.015019337646663189, -1.56591796875], [0.0, 0.0, 0.0, 1.0]], [[-0.8424780964851379, -0.5386283993721008, -0.010498284362256527, 0.98291015625], [-0.007696975022554398, 0.03151949122548103, -0.999473512172699, 1.4919681549072266], [0.5386757254600525, -0.841953694820404, -0.030700286850333214, -1.204833984375], [0.0, 0.0, 0.0, 1.0]], [[0.9478195309638977, 0.31835702061653137, -0.016935722902417183, -1.145263671875], [-0.03356195241212845, 0.04681244120001793, -0.9983397126197815, 1.5619125366210938], [-0.3170357048511505, 0.946814239025116, 0.0550544336438179, -0.15875244140625], [0.0, 0.0, 0.0, 1.0]], [[0.00886183138936758, 0.999206006526947, 0.038843974471092224, -0.0316162109375], [-0.031186144798994064, 0.03910277038812637, -0.9987484216690063, 1.56646728515625], [-0.999474287033081, 0.007639353629201651, 0.031507909297943115, -0.0030517578125], [0.0, 0.0, 0.0, 1.0]], [[-0.9242909550666809, 0.38042786717414856, 0.031000031158328056, 1.0733642578125], [-0.026798570528626442, 0.016337081789970398, -0.9995073080062866, 1.5452690124511719], [-0.38074687123298645, -0.9246663451194763, -0.004905293695628643, -0.07611083984375], [0.0, 0.0, 0.0, 1.0]]], "view": [[0.0, -2.0, 100.0], [-2.0, 0.0, 100.0], [0.0, 0.0, 1.0]], "bev": "bev_56bd8adb5d1d429eae2c17166e16566c.png", "aux": "aux_56bd8adb5d1d429eae2c17166e16566c.npz", "visibility": "visibility_56bd8adb5d1d429eae2c17166e16566c.png", "pose": [[0.43659600615501404, -0.899657666683197, 0.0, 1188.7462158203125], [0.899657666683197, 0.43659600615501404, 0.0, 1413.5189208984375], [0.0, 0.0, 1.0, 0.0], [0.0, 0.0, 0.0, 1.0]], "pose_inverse": [[0.43659600615501404, 0.899657666683197, 0.0, -1790.68505859375], [-0.899657666683197, 0.43659600615501404, 0.0, 452.3279113769531], [0.0, 0.0, 1.0, 0.0], [0.0, 0.0, 0.0, 1.0]], "cam_ids": [0, 1, 2, 3, 4, 5], "cam_channels": ["CAM_FRONT_LEFT", "CAM_FRONT", "CAM_FRONT_RIGHT", "CAM_BACK_LEFT", "CAM_BACK", "CAM_BACK_RIGHT"], "token": "56bd8adb5d1d429eae2c17166e16566c", "scene": "scene-0565"}, {"images": ["samples/CAM_FRONT_LEFT/n008-2018-08-31-11-37-23-0400__CAM_FRONT_LEFT__1535730658904799.jpg", "samples/CAM_FRONT/n008-2018-08-31-11-37-23-0400__CAM_FRONT__1535730658913487.jpg", "samples/CAM_FRONT_RIGHT/n008-2018-08-31-11-37-23-0400__CAM_FRONT_RIGHT__1535730658920482.jpg", "samples/CAM_BACK_LEFT/n008-2018-08-31-11-37-23-0400__CAM_BACK_LEFT__1535730658947405.jpg", "samples/CAM_BACK/n008-2018-08-31-11-37-23-0400__CAM_BACK__1535730658937558.jpg", "samples/CAM_BACK_RIGHT/n008-2018-08-31-11-37-23-0400__CAM_BACK_RIGHT__1535730658928113.jpg"], "intrinsics": [[[1257.8625342125129, 0.0, 827.2410631095686], [0.0, 1257.8625342125129, 450.915498205774], [0.0, 0.0, 1.0]], [[1252.8131021185304, 0.0, 826.588114781398], [0.0, 1252.8131021185304, 469.9846626224581], [0.0, 0.0, 1.0]], [[1256.7485116440405, 0.0, 817.7887570959712], [0.0, 1256.7485116440403, 451.9541780095127], [0.0, 0.0, 1.0]], [[1254.9860565800168, 0.0, 829.5769333630991], [0.0, 1254.9860565800168, 467.1680561863987], [0.0, 0.0, 1.0]], [[796.8910634503094, 0.0, 857.7774326863696], [0.0, 796.8910634503094, 476.8848988407415], [0.0, 0.0, 1.0]], [[1249.9629280788233, 0.0, 825.3768045375984], [0.0, 1249.9629280788233, 462.54816385708756], [0.0, 0.0, 1.0]]], "extrinsics": [[[0.8238096833229065, -0.5652093291282654, -0.04331415146589279, -0.81982421875], [-0.01341114193201065, 0.05695538595318794, -0.9982866644859314, 1.4853286743164062], [0.5667078495025635, 0.8229790925979614, 0.039340294897556305, -1.20489501953125], [0.0, 0.0, 0.0, 1.0]], [[0.011947715654969215, -0.9985172152519226, -0.05310888960957527, 0.006744384765625], [-0.011118922382593155, 0.052976734936237335, -0.9985338449478149, 1.4782142639160156], [0.999866783618927, 0.012520692311227322, -0.010469486005604267, -1.55615234375], [0.0, 0.0, 0.0, 1.0]], [[-0.8433401584625244, -0.5369505882263184, -0.021480584517121315, 0.970947265625], [-0.002827709075063467, 0.04440636932849884, -0.9990094900131226, 1.4926891326904297], [0.5373726487159729, -0.842444121837616, -0.03896801546216011, -1.2020263671875], [0.0, 0.0, 0.0, 1.0]], [[0.9477819204330444, 0.3188539445400238, -0.0064544384367764, -1.1453857421875], [-0.026902450248599052, 0.05976748466491699, -0.9978497624397278, 1.5620574951171875], [-0.31778255105018616, 0.9459176063537598, 0.06522449105978012, -0.156005859375], [0.0, 0.0, 0.0, 1.0]], [[0.009066371247172356, 0.9986163973808289, 0.051798947155475616, -0.02850341796875], [-0.025080842897295952, 0.0520118772983551, -0.9983314275741577, 1.5667762756347656], [-0.9996443390846252, 0.007752074860036373, 0.025517702102661133, -0.0067138671875], [0.0, 0.0, 0.0, 1.0]], [[-0.9239794015884399, 0.38117772340774536, 0.03107481636106968, 1.0672607421875], [-0.021527418866753578, 0.029286587610840797, -0.99933922290802, 1.5456352233886719], [-0.3818359375, -0.9240378141403198, -0.018854428082704544, -0.08233642578125], [0.0, 0.0, 0.0, 1.0]]], "view": [[0.0, -2.0, 100.0], [-2.0, 0.0, 100.0], [0.0, 0.0, 1.0]], "bev": "bev_f79b3feb774f4fdaaeb25f38d456f73e.png", "aux": "aux_f79b3feb774f4fdaaeb25f38d456f73e.npz", "visibility": "visibility_f79b3feb774f4fdaaeb25f38d456f73e.png", "pose": [[0.4921536445617676, -0.8705083727836609, 0.0, 1189.927978515625], [0.8705083727836609, 0.4921536445617676, 0.0, 1415.786865234375], [0.0, 0.0, 1.0, 0.0], [0.0, 0.0, 0.0, 1.0]], "pose_inverse": [[0.4921536445617676, 0.8705083727836609, 0.0, -1818.0816650390625], [-0.8705083727836609, 0.4921536445617676, 0.0, 339.0575866699219], [0.0, 0.0, 1.0, 0.0], [0.0, 0.0, 0.0, 1.0]], "cam_ids": [0, 1, 2, 3, 4, 5], "cam_channels": ["CAM_FRONT_LEFT", "CAM_FRONT", "CAM_FRONT_RIGHT", "CAM_BACK_LEFT", "CAM_BACK", "CAM_BACK_RIGHT"], "token": "f79b3feb774f4fdaaeb25f38d456f73e", "scene": "scene-0565"}, {"images": ["samples/CAM_FRONT_LEFT/n008-2018-08-31-11-37-23-0400__CAM_FRONT_LEFT__1535730659404799.jpg", "samples/CAM_FRONT/n008-2018-08-31-11-37-23-0400__CAM_FRONT__1535730659412404.jpg", "samples/CAM_FRONT_RIGHT/n008-2018-08-31-11-37-23-0400__CAM_FRONT_RIGHT__1535730659420482.jpg", "samples/CAM_BACK_LEFT/n008-2018-08-31-11-37-23-0400__CAM_BACK_LEFT__1535730659447405.jpg", "samples/CAM_BACK/n008-2018-08-31-11-37-23-0400__CAM_BACK__1535730659437558.jpg", "samples/CAM_BACK_RIGHT/n008-2018-08-31-11-37-23-0400__CAM_BACK_RIGHT__1535730659428113.jpg"], "intrinsics": [[[1257.8625342125129, 0.0, 827.2410631095686], [0.0, 1257.8625342125129, 450.915498205774], [0.0, 0.0, 1.0]], [[1252.8131021185304, 0.0, 826.588114781398], [0.0, 1252.8131021185304, 469.9846626224581], [0.0, 0.0, 1.0]], [[1256.7485116440405, 0.0, 817.7887570959712], [0.0, 1256.7485116440403, 451.9541780095127], [0.0, 0.0, 1.0]], [[1254.9860565800168, 0.0, 829.5769333630991], [0.0, 1254.9860565800168, 467.1680561863987], [0.0, 0.0, 1.0]], [[796.8910634503094, 0.0, 857.7774326863696], [0.0, 796.8910634503094, 476.8848988407415], [0.0, 0.0, 1.0]], [[1249.9629280788233, 0.0, 825.3768045375984], [0.0, 1249.9629280788233, 462.54816385708756], [0.0, 0.0, 1.0]]], "extrinsics": [[[0.8215459585189819, -0.5685644745826721, -0.042387425899505615, -0.810546875], [-0.008494313806295395, 0.06213109567761421, -0.9980318546295166, 1.4863052368164062], [0.5700790286064148, 0.820289134979248, 0.04621398448944092, -1.19781494140625], [0.0, 0.0, 0.0, 1.0]], [[0.008838539943099022, -0.9982734322547913, -0.05806857347488403, 0.006805419921875], [-0.006615008227527142, 0.05801120400428772, -0.9982939958572388, 1.4788970947265625], [0.9999390244483948, 0.009207584895193577, -0.006090852431952953, -1.5399169921875], [0.0, 0.0, 0.0, 1.0]], [[-0.8446493148803711, -0.5346122980117798, -0.027517294511198997, 0.9637451171875], [0.0013257969403639436, 0.04931415989995003, -0.9987824559211731, 1.493281364440918], [0.5353183746337891, -0.8436574339866638, -0.040944378823041916, -1.197509765625], [0.0, 0.0, 0.0, 1.0]], [[0.9478108286857605, 0.3188254237174988, -0.002200107090175152, -1.1397705078125], [-0.02398066781461239, 0.06440587341785431, -0.9976356029510498, 1.5619354248046875], [-0.3179299831390381, 0.9456226825714111, 0.0686902329325676, -0.15753173828125], [0.0, 0.0, 0.0, 1.0]], [[0.009871955029666424, 0.9983422160148621, 0.05670444294810295, -0.02838134765625], [-0.021891266107559204, 0.056909386068582535, -0.9981392621994019, 1.5668182373046875], [-0.9997116923332214, 0.008612281642854214, 0.02241678722202778, -0.0128173828125], [0.0, 0.0, 0.0, 1.0]], [[-0.9233754277229309, 0.3827597200870514, 0.02953961119055748, 1.061279296875], [-0.01777268946170807, 0.034242767840623856, -0.9992554783821106, 1.5459060668945312], [-0.38348621129989624, -0.9232130646705627, -0.024816269055008888, -0.085235595703125], [0.0, 0.0, 0.0, 1.0]]], "view": [[0.0, -2.0, 100.0], [-2.0, 0.0, 100.0], [0.0, 0.0, 1.0]], "bev": "bev_4c81b06a19fc4cbaa52987841cdf57d4.png", "aux": "aux_4c81b06a19fc4cbaa52987841cdf57d4.npz", "visibility": "visibility_4c81b06a19fc4cbaa52987841cdf57d4.png", "pose": [[0.49580809473991394, -0.8684321045875549, 0.0, 1191.3162841796875], [0.8684321045875549, 0.49580809473991394, 0.0, 1418.230712890625], [0.0, 0.0, 1.0, 0.0], [0.0, 0.0, 0.0, 1.0]], "pose_inverse": [[0.49580809473991394, 0.8684321045875549, 0.0, -1822.3013916015625], [-0.8684321045875549, 0.49580809473991394, 0.0, 331.4070739746094], [0.0, 0.0, 1.0, 0.0], [0.0, 0.0, 0.0, 1.0]], "cam_ids": [0, 1, 2, 3, 4, 5], "cam_channels": ["CAM_FRONT_LEFT", "CAM_FRONT", "CAM_FRONT_RIGHT", "CAM_BACK_LEFT", "CAM_BACK", "CAM_BACK_RIGHT"], "token": "4c81b06a19fc4cbaa52987841cdf57d4", "scene": "scene-0565"}, {"images": ["samples/CAM_FRONT_LEFT/n008-2018-08-31-11-37-23-0400__CAM_FRONT_LEFT__1535730659904799.jpg", "samples/CAM_FRONT/n008-2018-08-31-11-37-23-0400__CAM_FRONT__1535730659912404.jpg", "samples/CAM_FRONT_RIGHT/n008-2018-08-31-11-37-23-0400__CAM_FRONT_RIGHT__1535730659920482.jpg", "samples/CAM_BACK_LEFT/n008-2018-08-31-11-37-23-0400__CAM_BACK_LEFT__1535730659947405.jpg", "samples/CAM_BACK/n008-2018-08-31-11-37-23-0400__CAM_BACK__1535730659937558.jpg", "samples/CAM_BACK_RIGHT/n008-2018-08-31-11-37-23-0400__CAM_BACK_RIGHT__1535730659928113.jpg"], "intrinsics": [[[1257.8625342125129, 0.0, 827.2410631095686], [0.0, 1257.8625342125129, 450.915498205774], [0.0, 0.0, 1.0]], [[1252.8131021185304, 0.0, 826.588114781398], [0.0, 1252.8131021185304, 469.9846626224581], [0.0, 0.0, 1.0]], [[1256.7485116440405, 0.0, 817.7887570959712], [0.0, 1256.7485116440403, 451.9541780095127], [0.0, 0.0, 1.0]], [[1254.9860565800168, 0.0, 829.5769333630991], [0.0, 1254.9860565800168, 467.1680561863987], [0.0, 0.0, 1.0]], [[796.8910634503094, 0.0, 857.7774326863696], [0.0, 796.8910634503094, 476.8848988407415], [0.0, 0.0, 1.0]], [[1249.9629280788233, 0.0, 825.3768045375984], [0.0, 1249.9629280788233, 462.54816385708756], [0.0, 0.0, 1.0]]], "extrinsics": [[[0.8223173022270203, -0.5678505301475525, -0.03660702705383301, -0.8104248046875], [-0.005571895278990269, 0.05629393830895424, -0.9983986616134644, 1.4869136810302734], [0.5690020322799683, 0.8212044835090637, 0.04312747344374657, -1.2001953125], [0.0, 0.0, 0.0, 1.0]], [[0.009929447434842587, -0.9985849261283875, -0.05224445089697838, 0.008270263671875], [-0.0036126654595136642, 0.05221085995435715, -0.9986295700073242, 1.4794235229492188], [0.9999441504478455, 0.010104556567966938, -0.0030891308560967445, -1.5411376953125], [0.0, 0.0, 0.0, 1.0]], [[-0.844191312789917, -0.5353580713272095, -0.027069685980677605, 0.965087890625], [0.00441394280642271, 0.04355499893426895, -0.9990412592887878, 1.4936962127685547], [0.5360238552093506, -0.8435014486312866, -0.03440571948885918, -1.197021484375], [0.0, 0.0, 0.0, 1.0]], [[0.9477975368499756, 0.31887149810791016, -0.0008205596823245287, -1.1434326171875], [-0.02066929265856743, 0.05886805057525635, -0.9980517625808716, 1.5620269775390625], [-0.3182019591331482, 0.945967972278595, 0.06238584592938423, -0.15606689453125], [0.0, 0.0, 0.0, 1.0]], [[0.009424238465726376, 0.9986491799354553, 0.05109651759266853, -0.02862548828125], [-0.01853078231215477, 0.05126442760229111, -0.9985131621360779, 1.56703