[{"images": ["samples/CAM_FRONT_LEFT/n008-2018-08-27-11-48-51-0400__CAM_FRONT_LEFT__1535385252104799.jpg", "samples/CAM_FRONT/n008-2018-08-27-11-48-51-0400__CAM_FRONT__1535385252113207.jpg", "samples/CAM_FRONT_RIGHT/n008-2018-08-27-11-48-51-0400__CAM_FRONT_RIGHT__1535385252120482.jpg", "samples/CAM_BACK_LEFT/n008-2018-08-27-11-48-51-0400__CAM_BACK_LEFT__1535385252147405.jpg", "samples/CAM_BACK/n008-2018-08-27-11-48-51-0400__CAM_BACK__1535385252137558.jpg", "samples/CAM_BACK_RIGHT/n008-2018-08-27-11-48-51-0400__CAM_BACK_RIGHT__1535385252128113.jpg"], "intrinsics": [[[1257.8625342125129, 0.0, 827.2410631095686], [0.0, 1257.8625342125129, 450.915498205774], [0.0, 0.0, 1.0]], [[1252.8131021185304, 0.0, 826.588114781398], [0.0, 1252.8131021185304, 469.9846626224581], [0.0, 0.0, 1.0]], [[1256.7485116440405, 0.0, 817.7887570959712], [0.0, 1256.7485116440403, 451.9541780095127], [0.0, 0.0, 1.0]], [[1254.9860565800168, 0.0, 829.5769333630991], [0.0, 1254.9860565800168, 467.1680561863987], [0.0, 0.0, 1.0]], [[796.8910634503094, 0.0, 857.7774326863696], [0.0, 796.8910634503094, 476.8848988407415], [0.0, 0.0, 1.0]], [[1249.9629280788233, 0.0, 825.3768045375984], [0.0, 1249.9629280788233, 462.54816385708756], [0.0, 0.0, 1.0]]], "extrinsics": [[[0.8232675790786743, -0.5674252510070801, 0.01609385386109352, -0.7406005859375], [0.034837331622838974, 0.022206153720617294, -0.9991462230682373, 1.499542236328125], [0.5665834546089172, 0.8231254816055298, 0.03804918751120567, -1.14990234375], [0.0, 0.0, 0.0, 1.0]], [[0.011874537914991379, -0.999774158000946, -0.01762518100440502, 0.00701904296875], [0.03617087006568909, 0.01804436556994915, -0.9991827011108398, 1.4896392822265625], [0.9992751479148865, 0.011227289214730263, 0.036376968026161194, -1.4737548828125], [0.0, 0.0, 0.0, 1.0]], [[-0.8427106738090515, -0.5367403030395508, -0.041814688593149185, 0.913818359375], [0.04363646358251572, 0.009315724484622478, -0.9990040063858032, 1.502197265625], [0.5365952849388123, -0.843696117401123, 0.015570987947285175, -1.1668701171875], [0.0, 0.0, 0.0, 1.0]], [[0.9477552175521851, 0.3183501362800598, 0.02033020555973053, -1.1300048828125], [0.013465814292430878, 0.0237484872341156, -0.9996272921562195, 1.5622625350952148], [-0.31871435046195984, 0.9476757049560547, 0.01822090893983841, -0.1595458984375], [0.0, 0.0, 0.0, 1.0]], [[0.008551042526960373, 0.999821126461029, 0.016869202256202698, -0.02691650390625], [0.017695359885692596, 0.0167158804833889, -0.9997036457061768, 1.569589614868164], [-0.999806821346283, 0.008847078308463097, -0.01754925772547722, -0.0408935546875], [0.0, 0.0, 0.0, 1.0]], [[-0.9236442446708679, 0.3825022876262665, -0.023942653089761734, 1.01953125], [0.023501040413975716, -0.005827506072819233, -0.9997068047523499, 1.5514144897460938], [-0.3825296461582184, -0.9239361882209778, -0.0036066588945686817, -0.1039581298828125], [0.0, 0.0, 0.0, 1.0]]], "view": [[0.0, -2.0, 100.0], [-2.0, 0.0, 100.0], [0.0, 0.0, 1.0]], "bev": "bev_692d9ce919a8401b901f2db018dbff45.png", "aux": "aux_692d9ce919a8401b901f2db018dbff45.npz", "visibility": "visibility_692d9ce919a8401b901f2db018dbff45.png", "pose": [[-0.5789740085601807, 0.8153460025787354, 0.0, 1717.0693359375], [-0.8153460025787354, -0.5789740085601807, 0.0, 1014.554931640625], [0.0, 0.0, 1.0, 0.0], [0.0, 0.0, 0.0, 1.0]], "pose_inverse": [[-0.5789740085601807, -0.8153460025787354, 0.0, 1821.351806640625], [0.8153460025787354, -0.5789740085601807, 0.0, -812.6046142578125], [0.0, 0.0, 1.0, 0.0], [0.0, 0.0, 0.0, 1.0]], "cam_ids": [0, 1, 2, 3, 4, 5], "cam_channels": ["CAM_FRONT_LEFT", "CAM_FRONT", "CAM_FRONT_RIGHT", "CAM_BACK_LEFT", "CAM_BACK", "CAM_BACK_RIGHT"], "token": "692d9ce919a8401b901f2db018dbff45", "scene": "scene-0661"}, {"images": ["samples/CAM_FRONT_LEFT/n008-2018-08-27-11-48-51-0400__CAM_FRONT_LEFT__1535385252604799.jpg", "samples/CAM_FRONT/n008-2018-08-27-11-48-51-0400__CAM_FRONT__1535385252612404.jpg", "samples/CAM_FRONT_RIGHT/n008-2018-08-27-11-48-51-0400__CAM_FRONT_RIGHT__1535385252620482.jpg", "samples/CAM_BACK_LEFT/n008-2018-08-27-11-48-51-0400__CAM_BACK_LEFT__1535385252647413.jpg", "samples/CAM_BACK/n008-2018-08-27-11-48-51-0400__CAM_BACK__1535385252637558.jpg", "samples/CAM_BACK_RIGHT/n008-2018-08-27-11-48-51-0400__CAM_BACK_RIGHT__1535385252628113.jpg"], "intrinsics": [[[1257.8625342125129, 0.0, 827.2410631095686], [0.0, 1257.8625342125129, 450.915498205774], [0.0, 0.0, 1.0]], [[1252.8131021185304, 0.0, 826.588114781398], [0.0, 1252.8131021185304, 469.9846626224581], [0.0, 0.0, 1.0]], [[1256.7485116440405, 0.0, 817.7887570959712], [0.0, 1256.7485116440403, 451.9541780095127], [0.0, 0.0, 1.0]], [[1254.9860565800168, 0.0, 829.5769333630991], [0.0, 1254.9860565800168, 467.1680561863987], [0.0, 0.0, 1.0]], [[796.8910634503094, 0.0, 857.7774326863696], [0.0, 796.8910634503094, 476.8848988407415], [0.0, 0.0, 1.0]], [[1249.9629280788233, 0.0, 825.3768045375984], [0.0, 1249.9629280788233, 462.54816385708756], [0.0, 0.0, 1.0]]], "extrinsics": [[[0.8223490118980408, -0.5688990354537964, 0.009797722101211548, -0.7396240234375], [0.018654372543096542, 0.009746639989316463, -0.9997785091400146, 1.4943180084228516], [0.568677544593811, 0.8223496079444885, 0.018627595156431198, -1.149627685546875], [0.0, 0.0, 0.0, 1.0]], [[0.010112539865076542, -0.999933123588562, -0.005602601449936628, 0.00787353515625], [0.020887212827801704, 0.005812894087284803, -0.9997649788856506, 1.4857406616210938], [0.99973064661026, 0.009993144311010838, 0.02094460092484951, -1.4677734375], [0.0, 0.0, 0.0, 1.0]], [[-0.8438519835472107, -0.5360744595527649, -0.02319599688053131, 0.91552734375], [0.02918219193816185, -0.0026851033326238394, -0.9995704293251038, 1.4991188049316406], [0.5357818603515625, -0.8441664576530457, 0.017909657210111618, -1.1666259765625], [0.0, 0.0, 0.0, 1.0]], [[0.9479079246520996, 0.31844890117645264, 0.007798242382705212, -1.1336669921875], [0.0038450800348073244, 0.013040519319474697, -0.9999075531959534, 1.5620909929275513], [-0.31852126121520996, 0.9478502869606018, 0.011136750690639019, -0.1590576171875], [0.0, 0.0, 0.0, 1.0]], [[0.009222942404448986, 0.9999427795410156, 0.005426771007478237, -0.02777099609375], [0.006042460445314646, 0.005371172446757555, -0.9999672770500183, 1.568558692932129], [-0.9999392628669739, 0.009255384095013142, -0.005992577876895666, -0.03759765625], [0.0, 0.0, 0.0, 1.0]], [[-0.9235526919364929, 0.38313111662864685, -0.016150791198015213, 1.0211181640625], [0.010201402008533478, -0.017555158585309982, -0.9997938871383667, 1.5493545532226562], [-0.38333573937416077, -0.9235270023345947, 0.01230463944375515, -0.10178184509277344], [0.0, 0.0, 0.0, 1.0]]], "view": [[0.0, -2.0, 100.0], [-2.0, 0.0, 100.0], [0.0, 0.0, 1.0]], "bev": "bev_51ea1d9ecf6844809edb1c34a8137420.png", "aux": "aux_51ea1d9ecf6844809edb1c34a8137420.npz", "visibility": "visibility_51ea1d9ecf6844809edb1c34a8137420.png", "pose": [[-0.5909254550933838, 0.8067261576652527, 0.0, 1714.9827880859375], [-0.8067261576652527, -0.5909254550933838, 0.0, 1011.6904296875], [0.0, 0.0, 1.0, 0.0], [0.0, 0.0, 0.0, 1.0]], "pose_inverse": [[-0.5909254550933838, -0.8067261576652527, 0.0, 1829.5841064453125], [0.8067261576652527, -0.5909254550933838, 0.0, -785.6878051757812], [0.0, 0.0, 1.0, 0.0], [0.0, 0.0, 0.0, 1.0]], "cam_ids": [0, 1, 2, 3, 4, 5], "cam_channels": ["CAM_FRONT_LEFT", "CAM_FRONT", "CAM_FRONT_RIGHT", "CAM_BACK_LEFT", "CAM_BACK", "CAM_BACK_RIGHT"], "token": "51ea1d9ecf6844809edb1c34a8137420", "scene": "scene-0661"}, {"images": ["samples/CAM_FRONT_LEFT/n008-2018-08-27-11-48-51-0400__CAM_FRONT_LEFT__1535385253154799.jpg", "samples/CAM_FRONT/n008-2018-08-27-11-48-51-0400__CAM_FRONT__1535385253162404.jpg", "samples/CAM_FRONT_RIGHT/n008-2018-08-27-11-48-51-0400__CAM_FRONT_RIGHT__1535385253170482.jpg", "samples/CAM_BACK_LEFT/n008-2018-08-27-11-48-51-0400__CAM_BACK_LEFT__1535385253197405.jpg", "samples/CAM_BACK/n008-2018-08-27-11-48-51-0400__CAM_BACK__1535385253187558.jpg", "samples/CAM_BACK_RIGHT/n008-2018-08-27-11-48-51-0400__CAM_BACK_RIGHT__1535385253178113.jpg"], "intrinsics": [[[1257.8625342125129, 0.0, 827.2410631095686], [0.0, 1257.8625342125129, 450.915498205774], [0.0, 0.0, 1.0]], [[1252.8131021185304, 0.0, 826.588114781398], [0.0, 1252.8131021185304, 469.9846626224581], [0.0, 0.0, 1.0]], [[1256.7485116440405, 0.0, 817.7887570959712], [0.0, 1256.7485116440403, 451.9541780095127], [0.0, 0.0, 1.0]], [[1254.9860565800168, 0.0, 829.5769333630991], [0.0, 1254.9860565800168, 467.1680561863987], [0.0, 0.0, 1.0]], [[796.8910634503094, 0.0, 857.7774326863696], [0.0, 796.8910634503094, 476.8848988407415], [0.0, 0.0, 1.0]], [[1249.9629280788233, 0.0, 825.3768045375984], [0.0, 1249.9629280788233, 462.54816385708756], [0.0, 0.0, 1.0]]], "extrinsics": [[[0.8227135539054871, -0.5683892369270325, 0.008722257800400257, -0.7518310546875], [0.014178058132529259, 0.005178172141313553, -0.9998860359191895, 1.4926586151123047], [0.5682793259620667, 0.8227434158325195, 0.0123188067227602, -1.158416748046875], [0.0, 0.0, 0.0, 1.0]], [[0.010565700009465218, -0.9999437928199768, -0.0008300984627567232, 0.0081787109375], [0.016046596691012383, 0.000999591895379126, -0.9998707175254822, 1.4842510223388672], [0.9998154044151306, 0.010551048442721367, 0.016056256368756294, -1.480224609375], [0.0, 0.0, 0.0, 1.0]], [[-0.8437607884407043, -0.5364773869514465, -0.016119858250021935, 0.9234619140625], [0.02402343787252903, -0.007745546754449606, -0.9996813535690308, 1.4978408813476562], [0.5361815690994263, -0.8438791036605835, 0.01942341960966587, -1.1712646484375], [0.0, 0.0, 0.0, 1.0]], [[0.9478809833526611, 0.3186231255531311, 0.0009277738863602281, -1.1375732421875], [-0.0014795070746913552, 0.007313169538974762, -0.9999721646308899, 1.5620317459106445], [-0.31862109899520874, 0.9478532671928406, 0.007403419818729162, -0.1583251953125], [0.0, 0.0, 0.0, 1.0]], [[0.009111680090427399, 0.9999585151672363, -0.00018425101006869227, -0.0283203125], [0.000697324750944972, -0.00019061265629716218, -0.9999997615814209, 1.5681158304214478], [-0.999958336353302, 0.009111530147492886, -0.0006990326219238341, -0.032958984375], [0.0, 0.0, 0.0, 1.0]], [[-0.9237217903137207, 0.3828319013118744, -0.013333789072930813, 1.026611328125], [0.004958340898156166, -0.02285602129995823, -0.9997264742851257, 1.5485363006591797], [-0.3830319046974182, -0.9235352277755737, 0.019214393571019173, -0.09905433654785156], [0.0, 0.0, 0.0, 1.0]]], "view": [[0.0, -2.0, 100.0], [-2.0, 0.0, 100.0], [0.0, 0.0, 1.0]], "bev": "bev_2698bc24d45f47d3b3eb0b719e7b3242.png", "aux": "aux_2698bc24d45f47d3b3eb0b719e7b3242.npz", "visibility": "visibility_2698bc24d45f47d3b3eb0b719e7b3242.png", "pose": [[-0.5958477854728699, 0.8030973672866821, 0.0, 1712.684326171875], [-0.8030973672866821, -0.5958477854728699, 0.0, 1008.581298828125], [0.0, 0.0, 1.0, 0.0], [0.0, 0.0, 0.0, 1.0]], "pose_inverse": [[-0.5958477854728699, -0.8030973672866821, 0.0, 1830.4881591796875], [0.8030973672866821, -0.5958477854728699, 0.0, -774.4913940429688], [0.0, 0.0, 1.0, 0.0], [0.0, 0.0, 0.0, 1.0]], "cam_ids": [0, 1, 2, 3, 4, 5], "cam_channels": ["CAM_FRONT_LEFT", "CAM_FRONT", "CAM_FRONT_RIGHT", "CAM_BACK_LEFT", "CAM_BACK", "CAM_BACK_RIGHT"], "token": "2698bc24d45f47d3b3eb0b719e7b3242", "scene": "scene-0661"}, {"images": ["samples/CAM_FRONT_LEFT/n008-2018-08-27-11-48-51-0400__CAM_FRONT_LEFT__1535385253654799.jpg", "samples/CAM_FRONT/n008-2018-08-27-11-48-51-0400__CAM_FRONT__1535385253662404.jpg", "samples/CAM_FRONT_RIGHT/n008-2018-08-27-11-48-51-0400__CAM_FRONT_RIGHT__1535385253670482.jpg", "samples/CAM_BACK_LEFT/n008-2018-08-27-11-48-51-0400__CAM_BACK_LEFT__1535385253697405.jpg", "samples/CAM_BACK/n008-2018-08-27-11-48-51-0400__CAM_BACK__1535385253687566.jpg", "samples/CAM_BACK_RIGHT/n008-2018-08-27-11-48-51-0400__CAM_BACK_RIGHT__1535385253678113.jpg"], "intrinsics": [[[1257.8625342125129, 0.0, 827.2410631095686], [0.0, 1257.8625342125129, 450.915498205774], [0.0, 0.0, 1.0]], [[1252.8131021185304, 0.0, 826.588114781398], [0.0, 1252.8131021185304, 469.9846626224581], [0.0, 0.0, 1.0]], [[1256.7485116440405, 0.0, 817.7887570959712], [0.0, 1256.7485116440403, 451.9541780095127], [0.0, 0.0, 1.0]], [[1254.9860565800168, 0.0, 829.5769333630991], [0.0, 1254.9860565800168, 467.1680561863987], [0.0, 0.0, 1.0]], [[796.8910634503094, 0.0, 857.7774326863696], [0.0, 796.8910634503094, 476.8848988407415], [0.0, 0.0, 1.0]], [[1249.9629280788233, 0.0, 825.3768045375984], [0.0, 1249.9629280788233, 462.54816385708756], [0.0, 0.0, 1.0]]], "extrinsics": [[[0.8220990896224976, -0.5692986845970154, 0.007229834329336882, -0.7589111328125], [0.01076589711010456, 0.0028478007297962904, -0.9999379515647888, 1.4915180206298828], [0.5692427754402161, 0.8221259713172913, 0.008470183238387108, -1.163055419921875], [0.0, 0.0, 0.0, 1.0]], [[0.009647214785218239, -0.9999523758888245, 0.0014492305926978588, 0.0079345703125], [0.012787595391273499, -0.0013258084654808044, -0.9999173283576965, 1.4833297729492188], [0.9998716711997986, 0.009664961136877537, 0.012774196453392506, -1.4873046875], [0.0, 0.0, 0.0, 1.0]], [[-0.8441821932792664, -0.5359177589416504, -0.012187372893095016, 0.9288330078125], [0.02083965577185154, -0.01009177602827549, -0.9997318983078003, 1.4970703125], [0.5356511473655701, -0.8442099094390869, 0.01968764141201973, -1.1749267578125], [0.0, 0.0, 0.0, 1.0]], [[0.9478850364685059, 0.3186012804508209, -0.0026777239982038736, -1.1383056640625], [-0.00446087121963501, 0.004867295268923044, -0.999978244304657, 1.5620145797729492], [-0.31858137249946594, 0.9478763341903687, 0.006034877151250839, -0.1580810546875], [0.0, 0.0, 0.0, 1.0]], [[0.009370054118335247, 0.9999527335166931, -0.002615582663565874, -0.02825927734375], [-0.002378882607445121, -0.0025933985598385334, -0.9999938011169434, 1.5678848028182983], [-0.9999532699584961, 0.009376178495585918, 0.0023544703144580126, -0.029541015625], [0.0, 0.0, 0.0, 1.0]], [[-0.9235705137252808, 0.38326168060302734, -0.011310741305351257, 1.031982421875], [0.0017764242365956306, -0.025221602991223335, -0.9996802806854248, 1.5480575561523438], [-0.3834243714809418, -0.9232953786849976, 0.022613095119595528, -0.09703254699707031], [0.0, 0.0, 0.0, 1.0]]], "view": [[0.0, -2.0, 100.0], [-2.0, 0.0, 100.0], [0.0, 0.0, 1.0]], "bev": "bev_a80a4a8b304a494081850d57f71d9804.png", "aux": "aux_a80a4a8b304a494081850d57f71d9804.npz", "visibility": "visibility_a80a4a8b304a494081850d57f71d9804.png", "pose": [[-0.5960670113563538, 0.8029347062110901, 0.0, 1710.6451416015625], [-0.8029347062110901, -0.5960670113563538, 0.0, 1005.84423828125], [0.0, 0.0, 1.0, 0.0], [0.0, 0.0, 0.0, 1.0]], "pose_inverse": [[-0.5960670113563538, -0.8029347062110901, 0.0, 1827.286376953125], [0.8029347062110901, -0.5960670113563538, 0.0, -773.9857788085938], [0.0, 0.0, 1.0, 0.0], [0.0, 0.0, 0.0, 1.0]], "cam_ids": [0, 1, 2, 3, 4, 5], "cam_channels": ["CAM_FRONT_LEFT", "CAM_FRONT", "CAM_FRONT_RIGHT", "CAM_BACK_LEFT", "CAM_BACK", "CAM_BACK_RIGHT"], "token": "a80a4a8b304a494081850d57f71d9804", "scene": "scene-0661"}, {"images": ["samples/CAM_FRONT_LEFT/n008-2018-08-27-11-48-51-0400__CAM_FRONT_LEFT__1535385254254799.jpg", "samples/CAM_FRONT/n008-2018-08-27-11-48-51-0400__CAM_FRONT__1535385254262404.jpg", "samples/CAM_FRONT_RIGHT/n008-2018-08-27-11-48-51-0400__CAM_FRONT_RIGHT__1535385254270482.jpg", "samples/CAM_BACK_LEFT/n008-2018-08-27-11-48-51-0400__CAM_BACK_LEFT__1535385254297405.jpg", "samples/CAM_BACK/n008-2018-08-27-11-48-51-0400__CAM_BACK__1535385254287558.jpg", "samples/CAM_BACK_RIGHT/n008-2018-08-27-11-48-51-0400__CAM_BACK_RIGHT__1535385254278113.jpg"], "intrinsics": [[[1257.8625342125129, 0.0, 827.2410631095686], [0.0, 1257.8625342125129, 450.915498205774], [0.0, 0.0, 1.0]], [[1252.8131021185304, 0.0, 826.588114781398], [0.0, 1252.8131021185304, 469.9846626224581], [0.0, 0.0, 1.0]], [[1256.7485116440405, 0.0, 817.7887570959712], [0.0, 1256.7485116440403, 451.9541780095127], [0.0, 0.0, 1.0]], [[1254.9860565800168, 0.0, 829.5769333630991], [0.0, 1254.9860565800168, 467.1680561863987], [0.0, 0.0, 1.0]], [[796.8910634503094, 0.0, 857.7774326863696], [0.0, 796.8910634503094, 476.8848988407415], [0.0, 0.0, 1.0]], [[1249.9629280788233, 0.0, 825.3768045375984], [0.0, 1249.9629280788233, 462.54816385708756], [0.0, 0.0, 1.0]]], "extrinsics": [[[0.8219116926193237, -0.5695775151252747, 0.006536581087857485, -0.7794189453125], [0.007489591836929321, -0.0006682375096715987, -0.9999717473983765, 1.4903364181518555], [0.5695657134056091, 0.8219373822212219, 0.003716668812558055, -1.1802978515625], [0.0, 0.0, 0.0, 1.0]], [[0.009425487369298935, -0.9999435544013977, 0.004910607822239399, 0.0098876953125], [0.009455286897718906, -0.004821482114493847, -0.9999436736106873, 1.4823055267333984], [0.999910831451416, 0.009471421130001545, 0.00940930750221014, -1.5096435546875], [0.0, 0.0, 0.0, 1.0]], [[-0.8443071246147156, -0.5358069539070129, -0.007518261671066284, 0.944580078125], [0.017509005963802338, -0.013561896048486233, -0.9997546672821045, 1.4961433410644531], [0.5355735421180725, -0.8442316651344299, 0.020831851288676262, -1.182861328125], [0.0, 0.0, 0.0, 1.0]], [[0.9478705525398254, 0.31857961416244507, -0.0069755432195961475, -1.1396484375], [-0.007844650186598301, 0.0014451348688453436, -0.9999681711196899, 1.5620040893554688], [-0.3185593783855438, 0.9478951096534729, 0.0038689454086124897, -0.15771484375], [0.0, 0.0, 0.0, 1.0]], [[0.009416874498128891, 0.9999373555183411, -0.006052717566490173, -0.029052734375], [-0.005705391988158226, -0.0059991576708853245, -0.9999656677246094, 1.5676865577697754], [-0.999939501285553, 0.009451041929423809, 0.005648541264235973, -0.022216796875], [0.0, 0.0, 0.0, 1.0]], [[-0.9235609173774719, 0.3833315372467041, -0.009598322212696075, 1.043701171875], [-0.001507797627709806, -0.02866164594888687, -0.9995880126953125, 1.5476570129394531], [-0.3834487199783325, -0.9231659770011902, 0.027048762887716293, -0.09077835083007812], [0.0, 0.0, 0.0, 1.0]]], "view": [[0.0, -2.0, 100.0], [-2.0, 0.0, 100.0], [0.0, 0.0, 1.0]], "bev": "bev_68f7f19c23b94d4fbaedc9d9cc49917e.png", "aux": "aux_68f7f19c23b94d4fbaedc9d9cc49917e.npz", "visibility": "visibility_68f7f19c23b94d4fbaedc9d9cc49917e.png", "pose": [[-0.5835479497909546, 0.8120787143707275, 0.0, 1708.375244140625], [-0.8120787143707275, -0.5835479497909546, 0.0, 1002.7847290039062], [0.0, 0.0, 1.0, 0.0], [0.0, 0.0, 0.0, 1.0]], "pose_inverse": [[-0.5835479497909546, -0.8120787143707275, 0.0, 1811.2589111328125], [0.8120787143707275, -0.5835479497909546, 0.0, -802.1621704101562], [0.0, 0.0, 1.0, 0.0], [0.0, 0.0, 0.0, 1.0]], "cam_ids": [0, 1, 2, 3, 4, 5], "cam_channels": ["CAM_FRONT_LEFT", "CAM_FRONT", "CAM_FRONT_RIGHT", "CAM_BACK_LEFT", "CAM_BACK", "CAM_BACK_RIGHT"], "token": "68f7f19c23b94d4fbaedc9d9cc49917e", "scene": "scene-0661"}, {"images": ["samples/CAM_FRONT_LEFT/n008-2018-08-27-11-48-51-0400__CAM_FRONT_LEFT__1535385254754799.jpg", "samples/CAM_FRONT/n008-2018-08-27-11-48-51-0400__CAM_FRONT__1535385254762404.jpg", "samples/CAM_FRONT_RIGHT/n008-2018-08-27-11-48-51-0400__CAM_FRONT_RIGHT__1535385254770482.jpg", "samples/CAM_BACK_LEFT/n008-2018-08-27-11-48-51-0400__CAM_BACK_LEFT__1535385254797405.jpg", "samples/CAM_BACK/n008-2018-08-27-11-48-51-0400__CAM_BACK__1535385254787558.jpg", "samples/CAM_BACK_RIGHT/n008-2018-08-27-11-48-51-0400__CAM_BACK_RIGHT__1535385254778113.jpg"], "intrinsics": [[[1257.8625342125129, 0.0, 827.2410631095686], [0.0, 1257.8625342125129, 450.915498205774], [0.0, 0.0, 1.0]], [[1252.8131021185304, 0.0, 826.588114781398], [0.0, 1252.8131021185304, 469.9846626224581], [0.0, 0.0, 1.0]], [[1256.7485116440405, 0.0, 817.7887570959712], [0.0, 1256.7485116440403, 451.9541780095127], [0.0, 0.0, 1.0]], [[1254.9860565800168, 0.0, 829.5769333630991], [0.0, 1254.9860565800168, 467.1680561863987], [0.0, 0.0, 1.0]], [[796.8910634503094, 0.0, 857.7774326863696], [0.0, 796.8910634503094, 476.8848988407415], [0.0, 0.0, 1.0]], [[1249.9629280788233, 0.0, 825.3768045375984], [0.0, 1249.9629280788233, 462.54816385708756], [0.0, 0.0, 1.0]]], "extrinsics": [[[0.8214824199676514, -0.5702211856842041, 0.003826882690191269, -0.8056640625], [0.0038208868354558945, -0.001206655171699822, -0.9999919533729553, 1.4892191886901855], [0.5702211856842041, 0.8214903473854065, 0.0011875040363520384, -1.19781494140625], [0.0, 0.0, 0.0, 1.0]], [[0.008703688159584999, -0.9999479651451111, 0.005318895447999239, 0.0089111328125], [0.005910203792154789, -0.00526756327599287, -0.9999687075614929, 1.4813461303710938], [0.9999447464942932, 0.00873479712754488, 0.005864049308001995, -1.53662109375], [0.0, 0.0, 0.0, 1.0]], [[-0.8446393609046936, -0.5353171229362488, -0.0044729760847985744, 0.9619140625], [0.014101033098995686, -0.013894920237362385, -0.9998040199279785, 1.4952468872070312], [0.5351500511169434, -0.8445369005203247, 0.019284719601273537, -1.1944580078125], [0.0, 0.0, 0.0, 1.0]], [[0.9478527903556824, 0.31855979561805725, -0.009742469526827335, -1.1405029296875], [-0.010823918506503105, 0.0016247947933152318, -0.9999400973320007, 1.5620098114013672], [-0.31852489709854126, 0.9479013681411743, 0.004988132975995541, -0.1571044921875], [0.0, 0.0, 0.0, 1.0]], [[0.009629790671169758, 0.9999348521232605, -0.006127201020717621, -0.02886962890625], [-0.008890233002603054, -0.0060416292399168015, -0.9999422430992126, 1.5675477981567383], [-0.9999141693115234, 0.009683682583272457, 0.008831474930047989, -0.0137939453125], [0.0, 0.0, 0.0, 1.0]], [[-0.923421323299408, 0.3837301433086395, -0.006640353240072727, 1.05810546875], [-0.004804985597729683, -0.028860218822956085, -0.9995719194412231, 1.5473079681396484], [-0.38375747203826904, -0.9229941368103027, 0.028493961319327354, -0.08526611328125], [0.0, 0.0, 0.0, 1.0]]], "view": [[0.0, -2.0, 100.0], [-2.0, 0.0, 100.0], [0.0, 0.0, 1.0]], "bev": "bev_c75ecbb780ac4556bc12d31a4d6b2156.png", "aux": "aux_c75ecbb780ac4556bc12d31a4d6b2156.npz", "visibility": "visibility_c75ecbb780ac4556bc12d31a4d6b2156.png", "pose": [[-0.566933810710907, 0.823763370513916, 0.0, 1706.6600341796875], [-0.823763370513916, -0.566933810710907, 0.0, 1000.3986206054688], [0.0, 0.0, 1.0, 0.0], [0.0, 0.0, 0.0, 1.0]], "pose_inverse": [[-0.566933810710907, -0.823763370513916, 0.0, 1791.655029296875], [0.823763370513916, -0.566933810710907, 0.0, -838.7241821289062], [0.0, 0.0, 1.0, 0.0], [0.0, 0.0, 0.0, 1.0]], "cam_ids": [0, 1, 2, 3, 4, 5], "cam_channels": ["CAM_FRONT_LEFT", "CAM_FRONT", "CAM_FRONT_RIGHT", "CAM_BACK_LEFT", "CAM_BACK", "CAM_BACK_RIGHT"], "token": "c75ecbb780ac4556bc12d31a4d6b2156", "scene": "scene-0661"}, {"images": ["samples/CAM_FRONT_LEFT/n008-2018-08-27-11-48-51-0400__CAM_FRONT_LEFT__1535385255254799.jpg", "samples/CAM_FRONT/n008-2018-08-27-11-48-51-0400__CAM_FRONT__1535385255262404.jpg", "samples/CAM_FRONT_RIGHT/n008-2018-08-27-11-48-51-0400__CAM_FRONT_RIGHT__1535385255270482.jpg", "samples/CAM_BACK_LEFT/n008-2018-08-27-11-48-51-0400__CAM_BACK_LEFT__1535385255297405.jpg", "samples/CAM_BACK/n008-2018-08-27-11-48-51-0400__CAM_BACK__1535385255287558.jpg", "samples/CAM_BACK_RIGHT/n008-2018-08-27-11-48-51-0400__CAM_BACK_RIGHT__1535385255278113.jpg"], "intrinsics": [[[1257.8625342125129, 0.0, 827.2410631095686], [0.0, 1257.8625342125129, 450.915498205774], [0.0, 0.0, 1.0]], [[1252.8131021185304, 0.0, 826.588114781398], [0.0, 1252.8131021185304, 469.9846626224581], [0.0, 0.0, 1.0]], [[1256.7485116440405, 0.0, 817.7887570959712], [0.0, 1256.7485116440403, 451.9541780095127], [0.0, 0.0, 1.0]], [[1254.9860565800168, 0.0, 829.5769333630991], [0.0, 1254.9860565800168, 467.1680561863987], [0.0, 0.0, 1.0]], [[796.8910634503094, 0.0, 857.7774326863696], [0.0, 796.8910634503094, 476.8848988407415], [0.0, 0.0, 1.0]], [[1249.9629280788233, 0.0, 825.3768045375984], [0.0, 1249.9629280788233, 462.54816385708756], [0.0, 0.0, 1.0]]], "extrinsics": [[[0.8219260573387146, -0.5695724487304688, 0.004985144827514887, -0.810546875], [0.006380319595336914, 0.000454917608294636, -0.999979555606842, 1.4897842407226562], [0.5695585608482361, 0.821941077709198, 0.004007961601018906, -1.203857421875], [0.0, 0.0, 0.0, 1.0]], [[0.009472428821027279, -0.9999482035636902, 0.003730888944119215, 0.0108642578125], [0.008371928706765175, -0.0036516208201646805, -0.999958336353302, 1.4817848205566406], [0.999920129776001, 0.009503250010311604, 0.00833690445870161, -1.542724609375], [0.0, 0.0, 0.0, 1.0]], [[-0.8442985415458679, -0.5358237624168396, -0.007278829347342253, 0.9669189453125], [0.016460811719298363, -0.012355840764939785, -0.9997881650924683, 1.49554443359375], [0.5356202721595764, -0.8442395329475403, 0.01925211027264595, -1.19580078125], [0.0, 0.0, 0.0, 1.0]], [[0.947882890701294, 0.3185301125049591, -0.007527402136474848, -1.1407470703125], [-0.008850040845572948, 0.002705308608710766, -0.9999571442604065, 1.56201171875], [-0.31849613785743713, 0.947908878326416, 0.005383321549743414, -0.1573486328125], [0.0, 0.0, 0.0, 1.0]], [[0.009430943056941032, 0.9999440312385559, -0.0048012868501245975, -0.029296875], [-0.006751636043190956, -0.004737714771181345, -0.9999659657478333, 1.5676875114440918], [-0.9999327063560486, 0.009463123045861721, 0.00670657679438591, -0.0118408203125], [0.0, 0.0, 0.0, 1.0]], [[-0.9235775470733643, 0.38332459330558777, -0.008174393326044083, 1.0611572265625], [-0.0025361080188304186, -0.02742735669016838, -0.9996205568313599, 1.5475959777832031], [-0.3834034204483032, -0.9232062697410583, 0.02630344219505787, -0.0826873779296875], [0.0, 0.0, 0.0, 1.0]]], "view": [[0.0, -2.0, 100.0], [-2.0, 0.0, 100.0], [0.0, 0.0, 1.0]], "bev": "bev_1de343fee18b45da91a2c0f8802fae53.png", "aux": "aux_1de343fee18b45da91a2c0f8802fae53.npz", "visibility": "visibility_1de343fee18b45da91a2c0f8802fae53.png", "pose": [[-0.5492504835128784, 0.8356577754020691, 0.0, 1705.06103515625], [-0.8356577754020691, -0.5492504835128784, 0.0, 998.080810546875], [0.0, 0.0, 1.0, 0.0], [0.0, 0.0, 0.0, 1.0]], "pose_inverse": [[-0.5492504835128784, -0.8356577754020691, 0.0, 1770.5595703125], [0.8356577754020691, -0.5492504835128784, 0.0, -876.6511840820312], [0.0, 0.0, 1.0, 0.0], [0.0, 0.0, 0.0, 1.0]], "cam_ids": [0, 1, 2, 3, 4, 5], "cam_channels": ["CAM_FRONT_LEFT", "CAM_FRONT", "CAM_FRONT_RIGHT", "CAM_BACK_LEFT", "CAM_BACK", "CAM_BACK_RIGHT"], "token": "1de343fee18b45da91a2c0f8802fae53", "scene": "scene-0661"}, {"images": ["samples/CAM_FRONT_LEFT/n008-2018-08-27-11-48-51-0400__CAM_FRONT_LEFT__1535385255754799.jpg", "samples/CAM_FRONT/n008-2018-08-27-11-48-51-0400__CAM_FRONT__1535385255762404.jpg", "samples/CAM_FRONT_RIGHT/n008-2018-08-27-11-48-51-0400__CAM_FRONT_RIGHT__1535385255770482.jpg", "samples/CAM_BACK_LEFT/n008-2018-08-27-11-48-51-0400__CAM_BACK_LEFT__1535385255797405.jpg", "samples/CAM_BACK/n008-2018-08-27-11-48-51-0400__CAM_BACK__1535385255787558.jpg", "samples/CAM_BACK_RIGHT/n008-2018-08-27-11-48-51-0400__CAM_BACK_RIGHT__1535385255778113.jpg"], "intrinsics": [[[1257.8625342125129, 0.0, 827.2410631095686], [0.0, 1257.8625342125129, 450.915498205774], [0.0, 0.0, 1.0]], [[1252.8131021185304, 0.0, 826.588114781398], [0.0, 1252.8131021185304, 469.9846626224581], [0.0, 0.0, 1.0]], [[1256.7485116440405, 0.0, 817.7887570959712], [0.0, 1256.7485116440403, 451.9541780095127], [0.0, 0.0, 1.0]], [[1254.9860565800168, 0.0, 829.5769333630991], [0.0, 1254.9860565800168, 467.1680561863987], [0.0, 0.0, 1.0]], [[796.8910634503094, 0.0, 857.7774326863696], [0.0, 796.8910634503094, 476.8848988407415], [0.0, 0.0, 1.0]], [[1249.9629280788233, 0.0, 825.3768045375984], [0.0, 1249.9629280788233, 462.54816385708756], [0.0, 0.0, 1.0]]], "extrinsics": [[[0.8217975497245789, -0.5697081685066223, 0.009024114347994328, -0.8131103515625], [0.00966984685510397, -0.0018904778407886624, -0.9999514222145081, 1.4905452728271484], [0.5696974992752075, 0.8218449354171753, 0.003955398220568895, -1.2020263671875], [0.0, 0.0, 0.0, 1.0]], [[0.009308953769505024, -0.9999369978904724, 0.006269805133342743, 0.008544921875], [0.011691193096339703, -0.006160814315080643, -0.999912679195404, 1.4824066162109375], [0.9998883605003357, 0.009381531737744808, 0.01163310557603836, -1.5435791015625], [0.0, 0.0, 0.0, 1.0]], [[-0.8442695140838623, -0.5358489155769348, -0.008658051490783691, 0.9669189453125], [0.019785955548286438, -0.01502158958464861, -0.999691367149353, 1.4960098266601562], [0.5355534553527832, -0.8441802859306335, 0.023284554481506348, -1.19775390625], [0.0, 0.0, 0.0, 1.0]], [[0.9478769302368164, 0.31859639286994934, -0.005055236164480448, -1.139404296875], [-0.005196738056838512, -0.00040583990630693734, -0.9999864101409912, 1.5620174407958984], [-0.3185941278934479, 0.9478903412818909, 0.0012709774309769273, -0.15771484375], [0.0, 0.0, 0.0, 1.0]], [[0.00932865496724844, 0.9999264478683472, -0.00774839473888278, -0.02886962890625], [-0.0033336272463202477, -0.007717588450759649, -0.9999645948410034, 1.5678799152374268], [-0.9999508857727051, 0.009354142472147942, 0.003261386416852474, -0.0120849609375], [0.0, 0.0, 0.0, 1.0]], [[-0.9236000180244446, 0.3831593096256256, -0.012326634488999844, 1.0625], [0.0007966428529471159, -0.030236026272177696, -0.9995424747467041, 1.5479297637939453], [-0.3833566904067993, -0.9231871962547302, 0.02762075513601303, -0.083221435546875], [0.0, 0.0, 0.0, 1.0]]], "view": [[0.0, -2.0, 100.0], [-2.0, 0.0, 100.0], [0.0, 0.0, 1.0]], "bev": "bev_04a81ef1649a4e0997d64d440060b2a1.png", "aux": "aux_04a81ef1649a4e0997d64d440060b2a1.npz", "visibility": "visibility_04a81ef1649a4e0997d64d440060b2a1.png", "pose": [[-0.5342003107070923, 0.8453578948974609, 0.0, 1703.593994140625], [-0.8453578948974609, -0.5342003107070923, 0.0, 995.8469848632812], [0.0, 0.0, 1.0, 0.0], [0.0, 0.0, 0.0, 1.0]], "pose_inverse": [[-0.5342003107070923, -0.8453578948974609, 0.0, 1751.9075927734375], [0.8453578948974609, -0.5342003107070923, 0.0, -908.1648559570312], [0.0, 0.0, 1.0, 0.0], [0.0, 0.0, 0.0, 1.0]], "cam_ids": [0, 1, 2, 3, 4, 5], "cam_channels": ["CAM_FRONT_LEFT", "CAM_FRONT", "CAM_FRONT_RIGHT", "CAM_BACK_LEFT", "CAM_BACK", "CAM_BACK_RIGHT"], "token": "04a81ef1649a4e0997d64d440060b2a1", "scene": "scene-0661"}, {"images": ["samples/CAM_FRONT_LEFT/n008-2018-08-27-11-48-51-0400__CAM_FRONT_LEFT__1535385256254799.jpg", "samples/CAM_FRONT/n008-2018-08-27-11-48-51-0400__CAM_FRONT__1535385256262404.jpg", "samples/CAM_FRONT_RIGHT/n008-2018-08-27-11-48-51-0400__CAM_FRONT_RIGHT__1535385256270482.jpg", "samples/CAM_BACK_LEFT/n008-2018-08-27-11-48-51-0400__CAM_BACK_LEFT__1535385256297405.jpg", "samples/CAM_BACK/n008-2018-08-27-11-48-51-0400__CAM_BACK__1535385256287558.jpg", "samples/CAM_BACK_RIGHT/n008-2018-08-27-11-48-51-0400__CAM_BACK_RIGHT__1535385256278113.jpg"], "intrinsics": [[[1257.8625342125129, 0.0, 827.2410631095686], [0.0, 1257.8625342125129, 450.915498205774], [0.0, 0.0, 1.0]], [[1252.8131021185304, 0.0, 826.588114781398], [0.0, 1252.8131021185304, 469.9846626224581], [0.0, 0.0, 1.0]], [[1256.7485116440405, 0.0, 817.7887570959712], [0.0, 1256.7485116440403, 451.9541780095127], [0.0, 0.0, 1.0]], [[1254.9860565800168, 0.0, 829.5769333630991], [0.0, 1254.9860565800168, 467.1680561863987], [0.0, 0.0, 1.0]], [[796.8910634503094, 0.0, 857.7774326863696], [0.0, 796.8910634503094, 476.8848988407415], [0.0, 0.0, 1.0]], [[1249.9629280788233, 0.0, 825.3768045375984], [0.0, 1249.9629280788233, 462.54816385708756], [0.0, 0.0, 1.0]]], "extrinsics": [[[0.8222661018371582, -0.5689372420310974, 0.013744250871241093, -0.7862548828125], [0.016335492953658104, -0.0005453863996081054, -0.9998664259910583, 1.492624282836914], [0.5688686966896057, 0.822380781173706, 0.008845415897667408, -1.1838531494140625], [0.0, 0.0, 0.0, 1.0]], [[0.009913064539432526, -0.999938428401947, 0.004977784585207701, 0.0089111328125], [0.01811973564326763, -0.004797582048922777, -0.9998243451118469, 1.4841423034667969], [0.9997866749763489, 0.010001550428569317, 0.018071061000227928, -1.515625], [0.0, 0.0, 0.0, 1.0]], [[-0.8439899682998657, -0.5361589193344116, -0.014644758775830269, 0.947265625], [0.026012515649199486, -0.01364495325833559, -0.9995684623718262, 1.4975166320800781], [0.5357277393341064, -0.8440067768096924, 0.0254630446434021, -1.1856689453125], [0.0, 0.0, 0.0, 1.0]], [[0.9478874206542969, 0.3186053931713104, 0.0004006608796771616, -1.13623046875], [8.53050805744715e-05, 0.0010037521133199334, -0.999999463558197, 1.5620404481887817], [-0.3186056613922119, 0.9478868842124939, 0.0009242665837518871, -0.1588134765625], [0.0, 0.0, 0.0, 1.0]], [[0.00929632131010294, 0.9999369978904724, -0.006306957919150591, -0.028564453125], [0.0024141359608620405, -0.006329652853310108, -0.9999770522117615, 1.5682268142700195], [-0.9999539256095886, 0.009280862286686897, -0.002472825814038515, -0.023193359375], [0.0, 0.0, 0.0, 1.0]], [[-0.9235659837722778, 0.38304516673088074, -0.0173849668353796, 1.0455322265625], [0.006847372278571129, -0.028856439515948296, -0.9995601177215576, 1.5486793518066406], [-0.3833783268928528, -0.92327880859375, 0.024027973413467407, -0.0908660888671875], [0.0, 0.0, 0.0, 1.0]]], "view": [[0.0, -2.0, 100.0], [-2.0, 0.0, 100.0], [0.0, 0.0, 1.0]], "bev": "bev_88bcf00f2dbf43fd94f21873d5eb9ef3.png", "aux": "aux_88bcf00f2dbf43fd94f21873d5eb9ef3.npz", "visibility": "visibility_88bcf00f2dbf43fd94f21873d5eb9ef3.png", "pose": [[-0.5236004590988159, 0.8519639372825623, 0.0, 1702.0677490234375], [-0.8519639372825623, -0.5236004590988159, 0.0, 993.4154663085938], [0.0, 0.0, 1.0, 0.0], [0.0, 0.0, 0.0, 1.0]], "pose_inverse": [[-0.5236004590988159, -0.8519639372825623, 0.0, 1737.5576171875], [0.8519639372825623, -0.5236004590988159, 0.0, -929.9475708007812], [0.0, 0.0, 1.0, 0.0], [0.0, 0.0, 0.0, 1.0]], "cam_ids": [0, 1, 2, 3, 4, 5], "cam_channels": ["CAM_FRONT_LEFT", "CAM_FRONT", "CAM_FRONT_RIGHT", "CAM_BACK_LEFT", "CAM_BACK", "CAM_BACK_RIGHT"], "token": "88bcf00f2dbf43fd94f21873d5eb9ef3", "scene": "scene-0661"}, {"images": ["samples/CAM_FRONT_LEFT/n008-2018-08-27-11-48-51-0400__CAM_FRONT_LEFT__1535385256754799.jpg", "samples/CAM_FRONT/n008-2018-08-27-11-48-51-0400__CAM_FRONT__1535385256762404.jpg", "samples/CAM_FRONT_RIGHT/n008-2018-08-27-11-48-51-0400__CAM_FRONT_RIGHT__1535385256770482.jpg", "samples/CAM_BACK_LEFT/n008-2018-08-27-11-48-51-0400__CAM_BACK_LEFT__1535385256797405.jpg", "samples/CAM_BACK/n008-2018-08-27-11-48-51-0400__CAM_BACK__1535385256787558.jpg", "samples/CAM_BACK_RIGHT/n008-2018-08-27-11-48-51-0400__CAM_BACK_RIGHT__1535385256778113.jpg"], "intrinsics": [[[1257.8625342125129, 0.0, 827.2410631095686], [0.0, 1257.8625342125129, 450.915498205774], [0.0, 0.0, 1.0]], [[1252.8131021185304, 0.0, 826.588114781398], [0.0, 1252.8131021185304, 469.9846626224581], [0.0, 0.0, 1.0]], [[1256.7485116440405, 0.0, 817.7887570959712], [0.0, 1256.7485116440403, 451.9541780095127], [0.0, 0.0, 1.0]], [[1254.9860565800168, 0.0, 829.5769333630991], [0.0, 1254.9860565800168, 467.1680561863987], [0.0, 0.0, 1.0]], [[796.8910634503094, 0.0, 857.7774326863696], [0.0, 796.8910634503094, 476.8848988407415], [0.0, 0.0, 1.0]], [[1249.9629280788233, 0.0, 825.3768045375984], [0.0, 1249.9629280788233, 462.54816385708756], [0.0, 0.0, 1.0]]], "extrinsics": [[[0.8233227133750916, -0.5675293207168579, 0.007088763173669577, -0.7882080078125], [0.009887104853987694, 0.0018534272676333785, -0.9999493956565857, 1.4909038543701172], [0.5674875378608704, 0.8233511447906494, 0.007137189619243145, -1.1833038330078125], [0.0, 0.0, 0.0, 1.0]], [[0.011416659690439701, -0.9999319911003113, 0.0023527194280177355, 0.00738525390625], [0.011822493746876717, -0.002217728178948164, -0.9999276399612427, 1.4827613830566406], [0.999864935874939, 0.01144358515739441, 0.011796371079981327, -1.514892578125], [0.0, 0.0, 0.0, 1.0]], [[-0.843460738658905, -0.5370813012123108, -0.010842408053576946, 0.94439697265625], [0.019763553515076637, -0.01085521001368761, -0.9997457265853882, 1.4964866638183594], [0.5368271470069885, -0.8434606194496155, 0.019770581275224686, -1.185302734375], [0.0, 0.0, 0.0, 1.0]], [[0.9478573203086853, 0.3186671733856201, -0.004248440731316805, -1.1312255859375], [-0.005970184225589037, 0.004426431842148304, -0.999972403049469, 1.5619611740112305], [-0.31863948702812195, 0.9478563666343689, 0.006098127458244562, -0.160400390625], [0.0, 0.0, 0.0, 1.0]], [[0.008825463242828846, 0.9999561309814453, -0.003153404453769326, -0.02783203125], [-0.0037166113033890724, -0.0031207031570374966, -0.9999881982803345, 1.5677919387817383], [-0.9999542236328125, 0.00883717741817236, 0.0036889060866087675, -0.0279541015625], [0.0, 0.0, 0.0, 1.0]], [[-0.9239633679389954, 0.38233861327171326, -0.010437281802296638, 1.0416259765625], [0.0005795483011752367, -0.025888832286000252, -0.9996646046638489, 1.5478744506835938], [-0.3824806213378906, -0.9236595034599304, 0.023698749020695686, -0.0935211181640625], [0.0, 0.0, 0.0, 1.0]]], "view": [[0.0, -2.0, 100.0], [-2.0, 0.0, 100.0], [0.0, 0.0, 1.0]], "bev": "bev_7bbd9b5118e94d06b268a4aafc709e56.png", "aux": "aux_7bbd9b5118e94d06b268a4aafc709e56.npz", "visibility": "visibility_7bbd9b5118e94d06b268a4aafc709e56.png", "pose": [[-0.527912437915802, 0.8492988348007202, 0.0, 1700.5128173828125], [-0.8492988348007202, -0.527912437915802, 0.0, 990.908935546875], [0.0, 0.0, 1.0, 0.0], [0.0, 0.0, 0.0, 1.0]], "pose_inverse": [[-0.527912437915802, -0.8492988348007202, 0.0, 1739.2996826171875], [0.8492988348007202, -0.527912437915802, 0.0, -921.13037109375], [0.0, 0.0, 1.0, 0.0], [0.0, 0.0, 0.0, 1.0]], "cam_ids": [0, 1, 2, 3, 4, 5], "cam_channels": ["CAM_FRONT_LEFT", "CAM_FRONT", "CAM_FRONT_RIGHT", "CAM_BACK_LEFT", "CAM_BACK", "CAM_BACK_RIGHT"], "token": "7bbd9b5118e94d06b268a4aafc709e56", "scene": "scene-0661"}, {"images": ["samples/CAM_FRONT_LEFT/n008-2018-08-27-11-48-51-0400__CAM_FRONT_LEFT__1535385257254799.jpg", "samples/CAM_FRONT/n008-2018-08-27-11-48-51-0400__CAM_FRONT__1535385257262404.jpg", "samples/CAM_FRONT_RIGHT/n008-2018-08-27-11-48-51-0400__CAM_FRONT_RIGHT__1535385257270482.jpg", "samples/CAM_BACK_LEFT/n008-2018-08-27-11-48-51-0400__CAM_BACK_LEFT__1535385257297405.jpg", "samples/CAM_BACK/n008-2018-08-27-11-48-51-0400__CAM_BACK__1535385257287558.jpg", "samples/CAM_BACK_RIGHT/n008-2018-08-27-11-48-51-0400__CAM_BACK_RIGHT__1535385257278113.jpg"], "intrinsics": [[[1257.8625342125129, 0.0, 827.2410631095686], [0.0, 1257.8625342125129, 450.915498205774], [0.0, 0.0, 1.0]], [[1252.8131021185304, 0.0, 826.588114781398], [0.0, 1252.8131021185304, 469.9846626224581], [0.0, 0.0, 1.0]], [[1256.7485116440405, 0.0, 817.7887570959712], [0.0, 1256.7485116440403, 451.9541780095127], [0.0, 0.0, 1.0]], [[1254.9860565800168, 0.0, 829.5769333630991], [0.0, 1254.9860565800168, 467.1680561863987], [0.0, 0.0, 1.0]], [[796.8910634503094, 0.0, 857.7774326863696], [0.0, 796.8910634503094, 476.8848988407415], [0.0, 0.0, 1.0]], [[1249.9629280788233, 0.0, 825.3768045375984], [0.0, 1249.9629280788233, 462.54816385708756], [0.0, 0.0, 1.0]]], "extrinsics": [[[0.8239815831184387, -0.5666132569313049, -0.001952816266566515, -0.78515625], [0.001506672939285636, 0.005637450143694878, -0.9999829530715942, 1.4886925220489502], [0.5666146278381348, 0.8239646553993225, 0.0054988558404147625, -1.18292236328125], [0.0, 0.0, 0.0, 1.0]], [[0.01234892476350069, -0.999922513961792, -0.0015849763294681907, 0.0086669921875], [0.003468436421826482, 0.0016279220581054688, -0.9999926686286926, 1.4809322357177734], [0.9999176859855652, 0.012343356385827065, 0.003488269867375493, -1.5128173828125], [0.0, 0.0, 0.0, 1.0]], [[-0.8431306481361389, -0.5376756191253662, -0.005971294827759266, 0.943603515625], [0.011517257429659367, -0.006955489981919527, -0.9999094605445862, 1.4950828552246094], [0.537585437297821, -0.8431230783462524, 0.012056934647262096, -1.1832275390625], [0.0, 0.0, 0.0, 1.0]], [[0.9477905631065369, 0.31872910261154175, -0.010236048139631748, -1.12841796875], [-0.013669258914887905, 0.008536645211279392, -0.9998701214790344, 1.561819076538086], [-0.3186003565788269, 0.9478074908256531, 0.012447742745280266, -0.1612548828125], [0.0, 0.0, 0.0, 1.0]], [[0.008509981445968151, 0.9999635219573975, 0.0007653957000002265, -0.02838134765625], [-0.011609332635998726, 0.0008641712483