[{"images": ["samples/CAM_FRONT_LEFT/n008-2018-09-18-14-54-39-0400__CAM_FRONT_LEFT__1537297817854799.jpg", "samples/CAM_FRONT/n008-2018-09-18-14-54-39-0400__CAM_FRONT__1537297817862425.jpg", "samples/CAM_FRONT_RIGHT/n008-2018-09-18-14-54-39-0400__CAM_FRONT_RIGHT__1537297817870482.jpg", "samples/CAM_BACK_LEFT/n008-2018-09-18-14-54-39-0400__CAM_BACK_LEFT__1537297817897405.jpg", "samples/CAM_BACK/n008-2018-09-18-14-54-39-0400__CAM_BACK__1537297817887558.jpg", "samples/CAM_BACK_RIGHT/n008-2018-09-18-14-54-39-0400__CAM_BACK_RIGHT__1537297817878113.jpg"], "intrinsics": [[[1257.8625342125129, 0.0, 827.2410631095686], [0.0, 1257.8625342125129, 450.915498205774], [0.0, 0.0, 1.0]], [[1252.8131021185304, 0.0, 826.588114781398], [0.0, 1252.8131021185304, 469.9846626224581], [0.0, 0.0, 1.0]], [[1256.7485116440405, 0.0, 817.7887570959712], [0.0, 1256.7485116440403, 451.9541780095127], [0.0, 0.0, 1.0]], [[1254.9860565800168, 0.0, 829.5769333630991], [0.0, 1254.9860565800168, 467.1680561863987], [0.0, 0.0, 1.0]], [[796.8910634503094, 0.0, 857.7774326863696], [0.0, 796.8910634503094, 476.8848988407415], [0.0, 0.0, 1.0]], [[1249.9629280788233, 0.0, 825.3768045375984], [0.0, 1249.9629280788233, 462.54816385708756], [0.0, 0.0, 1.0]]], "extrinsics": [[[0.8223146200180054, -0.5689529776573181, -0.009551659226417542, -0.759765625], [0.003722402034327388, 0.02216392569243908, -0.9997473955154419, 1.489333152770996], [0.5690209865570068, 0.822071373462677, 0.020343590527772903, -1.16705322265625], [0.0, 0.0, 0.0, 1.0]], [[0.009912059642374516, -0.9997883439064026, -0.01802724227309227, 0.0103302001953125], [0.005178952123969793, 0.018079213798046112, -0.9998231530189514, 1.4814014434814453], [0.9999374747276306, 0.009816923178732395, 0.00535705778747797, -1.4874267578125], [0.0, 0.0, 0.0, 1.0]], [[-0.844154417514801, -0.535866379737854, -0.01582452654838562, 0.9263916015625], [0.012760348618030548, 0.009425537660717964, -0.9998741149902344, 1.4955501556396484], [0.5359481573104858, -0.8442502021789551, -0.0011187678901478648, -1.1708984375], [0.0, 0.0, 0.0, 1.0]], [[0.947867214679718, 0.31862175464630127, -0.00528107862919569, -1.1239013671875], [-0.013883584178984165, 0.02473415620625019, -0.9995976686477661, 1.5617427825927734], [-0.3183629512786865, 0.9475591778755188, 0.027868308126926422, -0.1630859375], [0.0, 0.0, 0.0, 1.0]], [[0.00936416070908308, 0.9998105764389038, 0.017062470316886902, -0.0290985107421875], [-0.011151385493576527, 0.017166567966341972, -0.9997904300689697, 1.5670909881591797], [-0.9998940229415894, 0.009171885438263416, 0.011310023255646229, -0.041015625], [0.0, 0.0, 0.0, 1.0]], [[-0.9236763715744019, 0.3831528425216675, 0.003973697777837515, 1.0242919921875], [-0.006622208748012781, -0.005593667738139629, -0.9999623894691467, 1.5468482971191406], [-0.3831162750720978, -0.9236680269241333, 0.007704057265073061, -0.098358154296875], [0.0, 0.0, 0.0, 1.0]]], "view": [[0.0, -2.0, 100.0], [-2.0, 0.0, 100.0], [0.0, 0.0, 1.0]], "bev": "bev_d2b5892bf1dc4319bb5b1c387276a2a1.png", "aux": "aux_d2b5892bf1dc4319bb5b1c387276a2a1.npz", "visibility": "visibility_d2b5892bf1dc4319bb5b1c387276a2a1.png", "pose": [[0.4461730718612671, -0.8949466943740845, 0.0, 888.9806518554688], [0.8949466943740845, 0.4461730718612671, 0.0, 1436.4644775390625], [0.0, 0.0, 1.0, 0.0], [0.0, 0.0, 0.0, 1.0]], "pose_inverse": [[0.4461730718612671, 0.8949466943740845, 0.0, -1682.1983642578125], [-0.8949466943740845, 0.4461730718612671, 0.0, 154.67852783203125], [0.0, 0.0, 1.0, 0.0], [0.0, 0.0, 0.0, 1.0]], "cam_ids": [0, 1, 2, 3, 4, 5], "cam_channels": ["CAM_FRONT_LEFT", "CAM_FRONT", "CAM_FRONT_RIGHT", "CAM_BACK_LEFT", "CAM_BACK", "CAM_BACK_RIGHT"], "token": "d2b5892bf1dc4319bb5b1c387276a2a1", "scene": "scene-0901"}, {"images": ["samples/CAM_FRONT_LEFT/n008-2018-09-18-14-54-39-0400__CAM_FRONT_LEFT__1537297818354799.jpg", "samples/CAM_FRONT/n008-2018-09-18-14-54-39-0400__CAM_FRONT__1537297818362404.jpg", "samples/CAM_FRONT_RIGHT/n008-2018-09-18-14-54-39-0400__CAM_FRONT_RIGHT__1537297818370482.jpg", "samples/CAM_BACK_LEFT/n008-2018-09-18-14-54-39-0400__CAM_BACK_LEFT__1537297818397405.jpg", "samples/CAM_BACK/n008-2018-09-18-14-54-39-0400__CAM_BACK__1537297818387558.jpg", "samples/CAM_BACK_RIGHT/n008-2018-09-18-14-54-39-0400__CAM_BACK_RIGHT__1537297818378113.jpg"], "intrinsics": [[[1257.8625342125129, 0.0, 827.2410631095686], [0.0, 1257.8625342125129, 450.915498205774], [0.0, 0.0, 1.0]], [[1252.8131021185304, 0.0, 826.588114781398], [0.0, 1252.8131021185304, 469.9846626224581], [0.0, 0.0, 1.0]], [[1256.7485116440405, 0.0, 817.7887570959712], [0.0, 1256.7485116440403, 451.9541780095127], [0.0, 0.0, 1.0]], [[1254.9860565800168, 0.0, 829.5769333630991], [0.0, 1254.9860565800168, 467.1680561863987], [0.0, 0.0, 1.0]], [[796.8910634503094, 0.0, 857.7774326863696], [0.0, 796.8910634503094, 476.8848988407415], [0.0, 0.0, 1.0]], [[1249.9629280788233, 0.0, 825.3768045375984], [0.0, 1249.9629280788233, 462.54816385708756], [0.0, 0.0, 1.0]]], "extrinsics": [[[0.8224250078201294, -0.5686050653457642, -0.01747458428144455, -0.7628173828125], [-0.004620439372956753, 0.024040203541517258, -0.9997003078460693, 1.4868745803833008], [0.568854808807373, 0.8222593665122986, 0.017144059762358665, -1.16912841796875], [0.0, 0.0, 0.0, 1.0]], [[0.010090194642543793, -0.9997504353523254, -0.019930964335799217, 0.0102081298828125], [-0.0025466138031333685, 0.019906222820281982, -0.999798595905304, 1.4794940948486328], [0.9999458193778992, 0.01013889815658331, -0.0023451196029782295, -1.4906005859375], [0.0, 0.0, 0.0, 1.0]], [[-0.8441141247749329, -0.5360551476478577, -0.010779551230370998, 0.9290771484375], [0.00568199111148715, 0.011160151101648808, -0.9999215602874756, 1.494143009185791], [0.5361334085464478, -0.8441091775894165, -0.006374581251293421, -1.172607421875], [0.0, 0.0, 0.0, 1.0]], [[0.9478220343589783, 0.31864142417907715, -0.01005332451313734, -1.1251220703125], [-0.019318848848342896, 0.025931227952241898, -0.9994770884513855, 1.5616493225097656], [-0.3182141184806824, 0.9475205540657043, 0.030733974650502205, -0.16259765625], [0.0, 0.0, 0.0, 1.0]], [[0.00937610398977995, 0.9997856020927429, 0.01846414990723133, -0.0289764404296875], [-0.017331570386886597, 0.018624668940901756, -0.9996762871742249, 1.5666007995605469], [-0.9998058676719666, 0.009053101763129234, 0.01750248111784458, -0.0390625], [0.0, 0.0, 0.0, 1.0]], [[-0.9236971735954285, 0.3829757571220398, 0.010632457211613655, 1.0269775390625], [-0.013161199167370796, -0.003983312286436558, -0.9999054074287415, 1.5459251403808594], [-0.38289719820022583, -0.9237498044967651, 0.0087197944521904, -0.097412109375], [0.0, 0.0, 0.0, 1.0]]], "view": [[0.0, -2.0, 100.0], [-2.0, 0.0, 100.0], [0.0, 0.0, 1.0]], "bev": "bev_bc5e687f8f154d66a68fac81e053c331.png", "aux": "aux_bc5e687f8f154d66a68fac81e053c331.npz", "visibility": "visibility_bc5e687f8f154d66a68fac81e053c331.png", "pose": [[0.445372611284256, -0.8953453302383423, 0.0, 890.444580078125], [0.8953453302383423, 0.445372611284256, 0.0, 1439.3160400390625], [0.0, 0.0, 1.0, 0.0], [0.0, 0.0, 0.0, 1.0]], "pose_inverse": [[0.445372611284256, 0.8953453302383423, 0.0, -1685.2645263671875], [-0.8953453302383423, 0.445372611284256, 0.0, 156.22341918945312], [0.0, 0.0, 1.0, 0.0], [0.0, 0.0, 0.0, 1.0]], "cam_ids": [0, 1, 2, 3, 4, 5], "cam_channels": ["CAM_FRONT_LEFT", "CAM_FRONT", "CAM_FRONT_RIGHT", "CAM_BACK_LEFT", "CAM_BACK", "CAM_BACK_RIGHT"], "token": "bc5e687f8f154d66a68fac81e053c331", "scene": "scene-0901"}, {"images": ["samples/CAM_FRONT_LEFT/n008-2018-09-18-14-54-39-0400__CAM_FRONT_LEFT__1537297818854799.jpg", "samples/CAM_FRONT/n008-2018-09-18-14-54-39-0400__CAM_FRONT__1537297818862404.jpg", "samples/CAM_FRONT_RIGHT/n008-2018-09-18-14-54-39-0400__CAM_FRONT_RIGHT__1537297818870482.jpg", "samples/CAM_BACK_LEFT/n008-2018-09-18-14-54-39-0400__CAM_BACK_LEFT__1537297818897405.jpg", "samples/CAM_BACK/n008-2018-09-18-14-54-39-0400__CAM_BACK__1537297818887558.jpg", "samples/CAM_BACK_RIGHT/n008-2018-09-18-14-54-39-0400__CAM_BACK_RIGHT__1537297818878113.jpg"], "intrinsics": [[[1257.8625342125129, 0.0, 827.2410631095686], [0.0, 1257.8625342125129, 450.915498205774], [0.0, 0.0, 1.0]], [[1252.8131021185304, 0.0, 826.588114781398], [0.0, 1252.8131021185304, 469.9846626224581], [0.0, 0.0, 1.0]], [[1256.7485116440405, 0.0, 817.7887570959712], [0.0, 1256.7485116440403, 451.9541780095127], [0.0, 0.0, 1.0]], [[1254.9860565800168, 0.0, 829.5769333630991], [0.0, 1254.9860565800168, 467.1680561863987], [0.0, 0.0, 1.0]], [[796.8910634503094, 0.0, 857.7774326863696], [0.0, 796.8910634503094, 476.8848988407415], [0.0, 0.0, 1.0]], [[1249.9629280788233, 0.0, 825.3768045375984], [0.0, 1249.9629280788233, 462.54816385708756], [0.0, 0.0, 1.0]]], "extrinsics": [[[0.8226366639137268, -0.5683276057243347, -0.016511516645550728, -0.7542724609375], [-0.008978597819805145, 0.016051657497882843, -0.9998308420181274, 1.4855422973632812], [0.5684965252876282, 0.8226457238197327, 0.00810189638286829, -1.162109375], [0.0, 0.0, 0.0, 1.0]], [[0.010477992706000805, -0.9998751878738403, -0.011819274164736271, 0.00946044921875], [-0.006825357209891081, 0.011748133227229118, -0.9999076724052429, 1.4784154891967773], [0.9999217987060547, 0.010557708330452442, -0.006701408885419369, -1.4810791015625], [0.0, 0.0, 0.0, 1.0]], [[-0.8439263105392456, -0.5364521741867065, -0.002707200823351741, 0.922119140625], [0.0013665506849065423, 0.0028966597747057676, -0.9999948740005493, 1.4933440685272217], [0.5364573001861572, -0.8439257740974426, -0.0017114797374233603, -1.1690673828125], [0.0, 0.0, 0.0, 1.0]], [[0.9477452635765076, 0.31861236691474915, -0.01628653146326542, -1.1280517578125], [-0.02310033328831196, 0.017618821933865547, -0.9995778799057007, 1.5616493225097656], [-0.31819090247154236, 0.9477213621139526, 0.024058206006884575, -0.16156005859375], [0.0, 0.0, 0.0, 1.0]], [[0.00921350996941328, 0.9999070763587952, 0.010047516785562038, -0.0286407470703125], [-0.021292496472597122, 0.01024184376001358, -0.9997207522392273, 1.566253662109375], [-0.9997308254241943, 0.008997033350169659, 0.021384883671998978, -0.0404052734375], [0.0, 0.0, 0.0, 1.0]], [[-0.9237810969352722, 0.38274943828582764, 0.011461666785180569, 1.02197265625], [-0.01750393584370613, -0.01230769231915474, -0.9997710585594177, 1.5452003479003906], [-0.3825206756591797, -0.9237701892852783, 0.018069233745336533, -0.1002197265625], [0.0, 0.0, 0.0, 1.0]]], "view": [[0.0, -2.0, 100.0], [-2.0, 0.0, 100.0], [0.0, 0.0, 1.0]], "bev": "bev_2b06121d2cca490f91cae12cb9301343.png", "aux": "aux_2b06121d2cca490f91cae12cb9301343.npz", "visibility": "visibility_2b06121d2cca490f91cae12cb9301343.png", "pose": [[0.44539353251457214, -0.8953348994255066, 0.0, 891.938720703125], [0.8953348994255066, 0.44539353251457214, 0.0, 1442.2501220703125], [0.0, 0.0, 1.0, 0.0], [0.0, 0.0, 0.0, 1.0]], "pose_inverse": [[0.44539353251457214, 0.8953348994255066, 0.0, -1688.5606689453125], [-0.8953348994255066, 0.44539353251457214, 0.0, 156.2150115966797], [0.0, 0.0, 1.0, 0.0], [0.0, 0.0, 0.0, 1.0]], "cam_ids": [0, 1, 2, 3, 4, 5], "cam_channels": ["CAM_FRONT_LEFT", "CAM_FRONT", "CAM_FRONT_RIGHT", "CAM_BACK_LEFT", "CAM_BACK", "CAM_BACK_RIGHT"], "token": "2b06121d2cca490f91cae12cb9301343", "scene": "scene-0901"}, {"images": ["samples/CAM_FRONT_LEFT/n008-2018-09-18-14-54-39-0400__CAM_FRONT_LEFT__1537297819404799.jpg", "samples/CAM_FRONT/n008-2018-09-18-14-54-39-0400__CAM_FRONT__1537297819412404.jpg", "samples/CAM_FRONT_RIGHT/n008-2018-09-18-14-54-39-0400__CAM_FRONT_RIGHT__1537297819421301.jpg", "samples/CAM_BACK_LEFT/n008-2018-09-18-14-54-39-0400__CAM_BACK_LEFT__1537297819447405.jpg", "samples/CAM_BACK/n008-2018-09-18-14-54-39-0400__CAM_BACK__1537297819437558.jpg", "samples/CAM_BACK_RIGHT/n008-2018-09-18-14-54-39-0400__CAM_BACK_RIGHT__1537297819428113.jpg"], "intrinsics": [[[1257.8625342125129, 0.0, 827.2410631095686], [0.0, 1257.8625342125129, 450.915498205774], [0.0, 0.0, 1.0]], [[1252.8131021185304, 0.0, 826.588114781398], [0.0, 1252.8131021185304, 469.9846626224581], [0.0, 0.0, 1.0]], [[1256.7485116440405, 0.0, 817.7887570959712], [0.0, 1256.7485116440403, 451.9541780095127], [0.0, 0.0, 1.0]], [[1254.9860565800168, 0.0, 829.5769333630991], [0.0, 1254.9860565800168, 467.1680561863987], [0.0, 0.0, 1.0]], [[796.8910634503094, 0.0, 857.7774326863696], [0.0, 796.8910634503094, 476.8848988407415], [0.0, 0.0, 1.0]], [[1249.9629280788233, 0.0, 825.3768045375984], [0.0, 1249.9629280788233, 462.54816385708756], [0.0, 0.0, 1.0]]], "extrinsics": [[[0.8227070569992065, -0.5684477090835571, -0.0045177508145570755, -0.74462890625], [0.004750910215079784, 0.014822491444647312, -0.9998788237571716, 1.48974609375], [0.5684458613395691, 0.822585940361023, 0.014895210973918438, -1.15679931640625], [0.0, 0.0, 0.0, 1.0]], [[0.010465173982083797, -0.9998893141746521, -0.010575802065432072, 0.0104217529296875], [0.006543289870023727, 0.010644631460309029, -0.999921977519989, 1.4818496704101562], [0.999923825263977, 0.010395151562988758, 0.006653964053839445, -1.4735107421875], [0.0, 0.0, 0.0, 1.0]], [[-0.8439226746559143, -0.5363038182258606, -0.013140990398824215, 0.923828125], [0.014374902471899986, 0.001880098250694573, -0.9998948574066162, 1.4959259033203125], [0.5362722277641296, -0.8440229296684265, 0.006122657563537359, -1.1693115234375], [0.0, 0.0, 0.0, 1.0]], [[0.9478634595870972, 0.318618506193161, -0.006100289989262819, -1.13037109375], [-0.012096863240003586, 0.016845213249325752, -0.9997849464416504, 1.5618648529052734], [-0.3184472322463989, 0.9477333426475525, 0.01982124336063862, -0.160888671875], [0.0, 0.0, 0.0, 1.0]], [[0.009175371378660202, 0.9999146461486816, 0.009306631982326508, -0.02886962890625], [-0.00952221266925335, 0.009393972344696522, -0.9999105334281921, 1.5672531127929688], [-0.9999126195907593, 0.00908595323562622, 0.009607592597603798, -0.0396728515625], [0.0, 0.0, 0.0, 1.0]], [[-0.9237862229347229, 0.3829081952571869, -0.0005731506971642375, 1.02099609375], [-0.004871590994298458, -0.013249657116830349, -0.9999003410339355, 1.547095775604248], [-0.3828775882720947, -0.92369145154953, 0.014105222187936306, -0.10003662109375], [0.0, 0.0, 0.0, 1.0]]], "view": [[0.0, -2.0, 100.0], [-2.0, 0.0, 100.0], [0.0, 0.0, 1.0]], "bev": "bev_1b2461e1d30142bd8038dd3ff4194f79.png", "aux": "aux_1b2461e1d30142bd8038dd3ff4194f79.npz", "visibility": "visibility_1b2461e1d30142bd8038dd3ff4194f79.png", "pose": [[0.45023253560066223, -0.8929113745689392, 0.0, 893.6537475585938], [0.8929113745689392, 0.45023253560066223, 0.0, 1445.6097412109375], [0.0, 0.0, 1.0, 0.0], [0.0, 0.0, 0.0, 1.0]], "pose_inverse": [[0.45023253560066223, 0.8929113745689392, 0.0, -1693.1533203125], [-0.8929113745689392, 0.45023253560066223, 0.0, 147.09304809570312], [0.0, 0.0, 1.0, 0.0], [0.0, 0.0, 0.0, 1.0]], "cam_ids": [0, 1, 2, 3, 4, 5], "cam_channels": ["CAM_FRONT_LEFT", "CAM_FRONT", "CAM_FRONT_RIGHT", "CAM_BACK_LEFT", "CAM_BACK", "CAM_BACK_RIGHT"], "token": "1b2461e1d30142bd8038dd3ff4194f79", "scene": "scene-0901"}, {"images": ["samples/CAM_FRONT_LEFT/n008-2018-09-18-14-54-39-0400__CAM_FRONT_LEFT__1537297819904799.jpg", "samples/CAM_FRONT/n008-2018-09-18-14-54-39-0400__CAM_FRONT__1537297819912404.jpg", "samples/CAM_FRONT_RIGHT/n008-2018-09-18-14-54-39-0400__CAM_FRONT_RIGHT__1537297819920482.jpg", "samples/CAM_BACK_LEFT/n008-2018-09-18-14-54-39-0400__CAM_BACK_LEFT__1537297819947405.jpg", "samples/CAM_BACK/n008-2018-09-18-14-54-39-0400__CAM_BACK__1537297819937558.jpg", "samples/CAM_BACK_RIGHT/n008-2018-09-18-14-54-39-0400__CAM_BACK_RIGHT__1537297819928113.jpg"], "intrinsics": [[[1257.8625342125129, 0.0, 827.2410631095686], [0.0, 1257.8625342125129, 450.915498205774], [0.0, 0.0, 1.0]], [[1252.8131021185304, 0.0, 826.588114781398], [0.0, 1252.8131021185304, 469.9846626224581], [0.0, 0.0, 1.0]], [[1256.7485116440405, 0.0, 817.7887570959712], [0.0, 1256.7485116440403, 451.9541780095127], [0.0, 0.0, 1.0]], [[1254.9860565800168, 0.0, 829.5769333630991], [0.0, 1254.9860565800168, 467.1680561863987], [0.0, 0.0, 1.0]], [[796.8910634503094, 0.0, 857.7774326863696], [0.0, 796.8910634503094, 476.8848988407415], [0.0, 0.0, 1.0]], [[1249.9629280788233, 0.0, 825.3768045375984], [0.0, 1249.9629280788233, 462.54816385708756], [0.0, 0.0, 1.0]]], "extrinsics": [[[0.8227503299713135, -0.5683335065841675, -0.00888277217745781, -0.7347412109375], [0.00265804142691195, 0.019474413245916367, -0.999806821346283, 1.489127278327942], [0.5683966875076294, 0.8225678205490112, 0.017533233389258385, -1.14892578125], [0.0, 0.0, 0.0, 1.0]], [[0.010564478114247322, -0.9998233318328857, -0.015544265508651733, 0.0096588134765625], [0.004555420484393835, 0.015593094751238823, -0.9998680353164673, 1.4813799858093262], [0.9999337792396545, 0.010492267087101936, 0.004719348158687353, -1.46337890625], [0.0, 0.0, 0.0, 1.0]], [[-0.8438827991485596, -0.5363342761993408, -0.014399831183254719, 0.912109375], [0.012517665512859821, 0.007150191348046064, -0.9998961091041565, 1.4957237243652344], [0.5363815426826477, -0.8439754247665405, 0.00067972915712744, -1.1627197265625], [0.0, 0.0, 0.0, 1.0]], [[0.94786536693573, 0.31863653659820557, -0.004689345136284828, -1.13037109375], [-0.012657668441534042, 0.022941594943404198, -0.9996566772460938, 1.5618610382080078], [-0.31841954588890076, 0.9475992321968079, 0.025778738781809807, -0.16064453125], [0.0, 0.0, 0.0, 1.0]], [[0.009150571189820766, 0.9998440742492676, 0.015104184858500957, -0.02850341796875], [-0.010580544359982014, 0.01520078256726265, -0.9998284578323364, 1.5671367645263672], [-0.9999021887779236, 0.008989195339381695, 0.010717990808188915, -0.0423583984375], [0.0, 0.0, 0.0, 1.0]], [[-0.9238156080245972, 0.3828251361846924, 0.0030726375989615917, 1.01611328125], [-0.0065262941643595695, -0.007723140995949507, -0.9999488592147827, 1.546799659729004], [-0.38278183341026306, -0.9237884879112244, 0.009633188135921955, -0.102783203125], [0.0, 0.0, 0.0, 1.0]]], "view": [[0.0, -2.0, 100.0], [-2.0, 0.0, 100.0], [0.0, 0.0, 1.0]], "bev": "bev_e81db4dd01c24a4991a9f2318ef0b710.png", "aux": "aux_e81db4dd01c24a4991a9f2318ef0b710.npz", "visibility": "visibility_e81db4dd01c24a4991a9f2318ef0b710.png", "pose": [[0.4542819857597351, -0.8908579349517822, 0.0, 895.3084716796875], [0.8908579349517822, 0.4542819857597351, 0.0, 1448.8232421875], [0.0, 0.0, 1.0, 0.0], [0.0, 0.0, 0.0, 1.0]], "pose_inverse": [[0.4542819857597351, 0.8908579349517822, 0.0, -1697.418212890625], [-0.8908579349517822, 0.4542819857597351, 0.0, 139.4183807373047], [0.0, 0.0, 1.0, 0.0], [0.0, 0.0, 0.0, 1.0]], "cam_ids": [0, 1, 2, 3, 4, 5], "cam_channels": ["CAM_FRONT_LEFT", "CAM_FRONT", "CAM_FRONT_RIGHT", "CAM_BACK_LEFT", "CAM_BACK", "CAM_BACK_RIGHT"], "token": "e81db4dd01c24a4991a9f2318ef0b710", "scene": "scene-0901"}, {"images": ["samples/CAM_FRONT_LEFT/n008-2018-09-18-14-54-39-0400__CAM_FRONT_LEFT__1537297820404799.jpg", "samples/CAM_FRONT/n008-2018-09-18-14-54-39-0400__CAM_FRONT__1537297820412404.jpg", "samples/CAM_FRONT_RIGHT/n008-2018-09-18-14-54-39-0400__CAM_FRONT_RIGHT__1537297820420482.jpg", "samples/CAM_BACK_LEFT/n008-2018-09-18-14-54-39-0400__CAM_BACK_LEFT__1537297820447494.jpg", "samples/CAM_BACK/n008-2018-09-18-14-54-39-0400__CAM_BACK__1537297820437558.jpg", "samples/CAM_BACK_RIGHT/n008-2018-09-18-14-54-39-0400__CAM_BACK_RIGHT__1537297820428113.jpg"], "intrinsics": [[[1257.8625342125129, 0.0, 827.2410631095686], [0.0, 1257.8625342125129, 450.915498205774], [0.0, 0.0, 1.0]], [[1252.8131021185304, 0.0, 826.588114781398], [0.0, 1252.8131021185304, 469.9846626224581], [0.0, 0.0, 1.0]], [[1256.7485116440405, 0.0, 817.7887570959712], [0.0, 1256.7485116440403, 451.9541780095127], [0.0, 0.0, 1.0]], [[1254.9860565800168, 0.0, 829.5769333630991], [0.0, 1254.9860565800168, 467.1680561863987], [0.0, 0.0, 1.0]], [[796.8910634503094, 0.0, 857.7774326863696], [0.0, 796.8910634503094, 476.8848988407415], [0.0, 0.0, 1.0]], [[1249.9629280788233, 0.0, 825.3768045375984], [0.0, 1249.9629280788233, 462.54816385708756], [0.0, 0.0, 1.0]]], "extrinsics": [[[0.8224571943283081, -0.5686688423156738, -0.013417069800198078, -0.7147216796875], [0.0010519117349758744, 0.02510773204267025, -0.9996841549873352, 1.4885777235031128], [0.5688260197639465, 0.8221833109855652, 0.021248221397399902, -1.1368408203125], [0.0, 0.0, 0.0, 1.0]], [[0.010150980204343796, -0.9997276663780212, -0.021013129502534866, 0.0112457275390625], [0.0028518240433186293, 0.021043071523308754, -0.9997744560241699, 1.4809333086013794], [0.9999443888664246, 0.010088743641972542, 0.0030646538361907005, -1.444580078125], [0.0, 0.0, 0.0, 1.0]], [[-0.8440651297569275, -0.5360106229782104, -0.01570037379860878, 0.9007568359375], [0.010721845552325249, 0.012403343804180622, -0.9998655915260315, 1.4954700469970703], [0.5361334085464478, -0.8441200852394104, -0.004722208250313997, -1.154296875], [0.0, 0.0, 0.0, 1.0]], [[0.9478615522384644, 0.318647176027298, -0.0047357878647744656, -1.130859375], [-0.014267914928495884, 0.027586957439780235, -0.9995176196098328, 1.561849594116211], [-0.3183628022670746, 0.9474718570709229, 0.030695049092173576, -0.16033935546875], [0.0, 0.0, 0.0, 1.0]], [[0.009302373044192791, 0.9997573494911194, 0.01996472477912903, -0.02893829345703125], [-0.012416232377290726, 0.020079530775547028, -0.9997212290763855, 1.5668983459472656], [-0.9998795986175537, 0.009051928296685219, 0.012600007466971874, -0.047607421875], [0.0, 0.0, 0.0, 1.0]], [[-0.9237249493598938, 0.3829987347126007, 0.006633165292441845, 1.0064697265625], [-0.008271981962025166, -0.0026321804616600275, -0.999962329864502, 1.5464410781860352], [-0.3829668462276459, -0.9237450361251831, 0.005599570460617542, -0.1058349609375], [0.0, 0.0, 0.0, 1.0]]], "view": [[0.0, -2.0, 100.0], [-2.0, 0.0, 100.0], [0.0, 0.0, 1.0]], "bev": "bev_7e27028b430f40c8845d46be861e5e3d.png", "aux": "aux_7e27028b430f40c8845d46be861e5e3d.npz", "visibility": "visibility_7e27028b430f40c8845d46be861e5e3d.png", "pose": [[0.45479506254196167, -0.8905960917472839, 0.0, 897.0855102539062], [0.8905960917472839, 0.45479506254196167, 0.0, 1452.22119140625], [0.0, 0.0, 1.0, 0.0], [0.0, 0.0, 0.0, 1.0]], "pose_inverse": [[0.45479506254196167, 0.8905960917472839, 0.0, -1701.3326416015625], [-0.8905960917472839, 0.45479506254196167, 0.0, 138.47784423828125], [0.0, 0.0, 1.0, 0.0], [0.0, 0.0, 0.0, 1.0]], "cam_ids": [0, 1, 2, 3, 4, 5], "cam_channels": ["CAM_FRONT_LEFT", "CAM_FRONT", "CAM_FRONT_RIGHT", "CAM_BACK_LEFT", "CAM_BACK", "CAM_BACK_RIGHT"], "token": "7e27028b430f40c8845d46be861e5e3d", "scene": "scene-0901"}, {"images": ["samples/CAM_FRONT_LEFT/n008-2018-09-18-14-54-39-0400__CAM_FRONT_LEFT__1537297820904799.jpg", "samples/CAM_FRONT/n008-2018-09-18-14-54-39-0400__CAM_FRONT__1537297820912404.jpg", "samples/CAM_FRONT_RIGHT/n008-2018-09-18-14-54-39-0400__CAM_FRONT_RIGHT__1537297820920482.jpg", "samples/CAM_BACK_LEFT/n008-2018-09-18-14-54-39-0400__CAM_BACK_LEFT__1537297820947506.jpg", "samples/CAM_BACK/n008-2018-09-18-14-54-39-0400__CAM_BACK__1537297820937558.jpg", "samples/CAM_BACK_RIGHT/n008-2018-09-18-14-54-39-0400__CAM_BACK_RIGHT__1537297820928113.jpg"], "intrinsics": [[[1257.8625342125129, 0.0, 827.2410631095686], [0.0, 1257.8625342125129, 450.915498205774], [0.0, 0.0, 1.0]], [[1252.8131021185304, 0.0, 826.588114781398], [0.0, 1252.8131021185304, 469.9846626224581], [0.0, 0.0, 1.0]], [[1256.7485116440405, 0.0, 817.7887570959712], [0.0, 1256.7485116440403, 451.9541780095127], [0.0, 0.0, 1.0]], [[1254.9860565800168, 0.0, 829.5769333630991], [0.0, 1254.9860565800168, 467.1680561863987], [0.0, 0.0, 1.0]], [[796.8910634503094, 0.0, 857.7774326863696], [0.0, 796.8910634503094, 476.8848988407415], [0.0, 0.0, 1.0]], [[1249.9629280788233, 0.0, 825.3768045375984], [0.0, 1249.9629280788233, 462.54816385708756], [0.0, 0.0, 1.0]]], "extrinsics": [[[0.8224315643310547, -0.5687167644500732, -0.012947284616529942, -0.708251953125], [0.002627746434882283, 0.02655770815908909, -0.9996438026428223, 1.4891517162322998], [0.5688581466674805, 0.8221045732498169, 0.023336339741945267, -1.13189697265625], [0.0, 0.0, 0.0, 1.0]], [[0.010090203955769539, -0.9996979236602783, -0.02241150662302971, 0.011016845703125], [0.004595023114234209, 0.022458767518401146, -0.9997372031211853, 1.4814672470092773], [0.9999384880065918, 0.009984543547034264, 0.004820247646421194, -1.4385986328125], [0.0, 0.0, 0.0, 1.0]], [[-0.8440825343132019, -0.5359095335006714, -0.018047602847218513, 0.8974609375], [0.012626045383512974, 0.013784093782305717, -0.9998252391815186, 1.495950698852539], [0.536064624786377, -0.8441630005836487, -0.004868496675044298, -1.1524658203125], [0.0, 0.0, 0.0, 1.0]], [[0.9478610157966614, 0.318666934967041, -0.0032950090244412422, -1.1357421875], [-0.013238027691841125, 0.0290412325412035, -0.9994905591011047, 1.5619239807128906], [-0.3184089660644531, 0.9474218487739563, 0.03174557536840439, -0.1591796875], [0.0, 0.0, 0.0, 1.0]], [[0.00930699985474348, 0.9997270703315735, 0.021427424624562263, -0.02889251708984375], [-0.010971833020448685, 0.02152916043996811, -0.9997079968452454, 1.5670528411865234], [-0.9998965263366699, 0.009069185703992844, 0.011169210076332092, -0.0458984375], [0.0, 0.0, 0.0, 1.0]], [[-0.9237098693847656, 0.38305240869522095, 0.005568631459027529, 1.0050048828125], [-0.006540653761476278, -0.0012352301273494959, -0.9999778270721436, 1.5467185974121094], [-0.3830369710922241, -0.9237256646156311, 0.003646407974883914, -0.1064453125], [0.0, 0.0, 0.0, 1.0]]], "view": [[0.0, -2.0, 100.0], [-2.0, 0.0, 100.0], [0.0, 0.0, 1.0]], "bev": "bev_cc5256359949409e82ab2639697ee844.png", "aux": "aux_cc5256359949409e82ab2639697ee844.npz", "visibility": "visibility_cc5256359949409e82ab2639697ee844.png", "pose": [[0.4538044333457947, -0.8911013007164001, 0.0, 898.9573974609375], [0.8911013007164001, 0.4538044333457947, 0.0, 1455.8109130859375], [0.0, 0.0, 1.0, 0.0], [0.0, 0.0, 0.0, 1.0]], "pose_inverse": [[0.4538044333457947, 0.8911013007164001, 0.0, -1705.225830078125], [-0.8911013007164001, 0.4538044333457947, 0.0, 140.40869140625], [0.0, 0.0, 1.0, 0.0], [0.0, 0.0, 0.0, 1.0]], "cam_ids": [0, 1, 2, 3, 4, 5], "cam_channels": ["CAM_FRONT_LEFT", "CAM_FRONT", "CAM_FRONT_RIGHT", "CAM_BACK_LEFT", "CAM_BACK", "CAM_BACK_RIGHT"], "token": "cc5256359949409e82ab2639697ee844", "scene": "scene-0901"}, {"images": ["samples/CAM_FRONT_LEFT/n008-2018-09-18-14-54-39-0400__CAM_FRONT_LEFT__1537297821354799.jpg", "samples/CAM_FRONT/n008-2018-09-18-14-54-39-0400__CAM_FRONT__1537297821362404.jpg", "samples/CAM_FRONT_RIGHT/n008-2018-09-18-14-54-39-0400__CAM_FRONT_RIGHT__1537297821370482.jpg", "samples/CAM_BACK_LEFT/n008-2018-09-18-14-54-39-0400__CAM_BACK_LEFT__1537297821397405.jpg", "samples/CAM_BACK/n008-2018-09-18-14-54-39-0400__CAM_BACK__1537297821387559.jpg", "samples/CAM_BACK_RIGHT/n008-2018-09-18-14-54-39-0400__CAM_BACK_RIGHT__1537297821378113.jpg"], "intrinsics": [[[1257.8625342125129, 0.0, 827.2410631095686], [0.0, 1257.8625342125129, 450.915498205774], [0.0, 0.0, 1.0]], [[1252.8131021185304, 0.0, 826.588114781398], [0.0, 1252.8131021185304, 469.9846626224581], [0.0, 0.0, 1.0]], [[1256.7485116440405, 0.0, 817.7887570959712], [0.0, 1256.7485116440403, 451.9541780095127], [0.0, 0.0, 1.0]], [[1254.9860565800168, 0.0, 829.5769333630991], [0.0, 1254.9860565800168, 467.1680561863987], [0.0, 0.0, 1.0]], [[796.8910634503094, 0.0, 857.7774326863696], [0.0, 796.8910634503094, 476.8848988407415], [0.0, 0.0, 1.0]], [[1249.9629280788233, 0.0, 825.3768045375984], [0.0, 1249.9629280788233, 462.54816385708756], [0.0, 0.0, 1.0]]], "extrinsics": [[[0.8226369619369507, -0.5683981776237488, -0.013860734179615974, -0.7115478515625], [0.00034551098360680044, 0.024878114461898804, -0.9996904730796814, 1.4883215427398682], [0.5685669779777527, 0.8223773837089539, 0.02066204324364662, -1.13525390625], [0.0, 0.0, 0.0, 1.0]], [[0.010398109443485737, -0.9997300505638123, -0.020775211974978447, 0.0115966796875], [0.002449008170515299, 0.020801734179258347, -0.9997806549072266, 1.480814814567566], [0.9999428987503052, 0.010344895534217358, 0.0026646459009498358, -1.4425048828125], [0.0, 0.0, 0.0, 1.0]], [[-0.8439550995826721, -0.5361905694007874, -0.015471836552023888, 0.900390625], [0.010617208667099476, 0.012140043079853058, -0.9998699426651001, 1.4954547882080078], [0.5363086462020874, -0.8440096378326416, -0.0045528048649430275, -1.1536865234375], [0.0, 0.0, 0.0, 1.0]], [[0.9478580951690674, 0.3186558187007904, -0.00484209880232811, -1.138427734375], [-0.014292213134467602, 0.02732476033270359, -0.9995244741439819, 1.5619583129882812], [-0.3183720111846924, 0.9474765658378601, 0.03045429289340973, -0.157958984375], [0.0, 0.0, 0.0, 1.0]], [[0.009208754636347294, 0.9997629523277283, 0.019729185849428177, -0.029052734375], [-0.01244584284722805, 0.01984308660030365, -0.9997255802154541, 1.5669593811035156], [-0.9998801946640015, 0.008960661478340626, 0.012625622563064098, -0.042724609375], [0.0, 0.0, 0.0, 1.0]], [[-0.9237930178642273, 0.38283538818359375, 0.0065919179469347, 1.0076904296875], [-0.008339875377714634, -0.0029063615947961807, -0.9999610185623169, 1.546442985534668], [-0.38280126452445984, -0.9238119721412659, 0.005877675488591194, -0.10504150390625], [0.0, 0.0, 0.0, 1.0]]], "view": [[0.0, -2.0, 100.0], [-2.0, 0.0, 100.0], [0.0, 0.0, 1.0]], "bev": "bev_07fba93e934a49fa8d12daf0ccbcf372.png", "aux": "aux_07fba93e934a49fa8d12daf0ccbcf372.npz", "visibility": "visibility_07fba93e934a49fa8d12daf0ccbcf372.png", "pose": [[0.45173245668411255, -0.8921534419059753, 0.0, 900.6334228515625], [0.8921534419059753, 0.45173245668411255, 0.0, 1459.0478515625], [0.0, 0.0, 1.0, 0.0], [0.0, 0.0, 0.0, 1.0]], "pose_inverse": [[0.45173245668411255, 0.8921534419059753, 0.0, -1708.5399169921875], [-0.8921534419059753, 0.45173245668411255, 0.0, 144.40394592285156], [0.0, 0.0, 1.0, 0.0], [0.0, 0.0, 0.0, 1.0]], "cam_ids": [0, 1, 2, 3, 4, 5], "cam_channels": ["CAM_FRONT_LEFT", "CAM_FRONT", "CAM_FRONT_RIGHT", "CAM_BACK_LEFT", "CAM_BACK", "CAM_BACK_RIGHT"], "token": "07fba93e934a49fa8d12daf0ccbcf372", "scene": "scene-0901"}, {"images": ["samples/CAM_FRONT_LEFT/n008-2018-09-18-14-54-39-0400__CAM_FRONT_LEFT__1537297821854799.jpg", "samples/CAM_FRONT/n008-2018-09-18-14-54-39-0400__CAM_FRONT__1537297821862404.jpg", "samples/CAM_FRONT_RIGHT/n008-2018-09-18-14-54-39-0400__CAM_FRONT_RIGHT__1537297821870482.jpg", "samples/CAM_BACK_LEFT/n008-2018-09-18-14-54-39-0400__CAM_BACK_LEFT__1537297821897405.jpg", "samples/CAM_BACK/n008-2018-09-18-14-54-39-0400__CAM_BACK__1537297821887558.jpg", "samples/CAM_BACK_RIGHT/n008-2018-09-18-14-54-39-0400__CAM_BACK_RIGHT__1537297821878113.jpg"], "intrinsics": [[[1257.8625342125129, 0.0, 827.2410631095686], [0.0, 1257.8625342125129, 450.915498205774], [0.0, 0.0, 1.0]], [[1252.8131021185304, 0.0, 826.588114781398], [0.0, 1252.8131021185304, 469.9846626224581], [0.0, 0.0, 1.0]], [[1256.7485116440405, 0.0, 817.7887570959712], [0.0, 1256.7485116440403, 451.9541780095127], [0.0, 0.0, 1.0]], [[1254.9860565800168, 0.0, 829.5769333630991], [0.0, 1254.9860565800168, 467.1680561863987], [0.0, 0.0, 1.0]], [[796.8910634503094, 0.0, 857.7774326863696], [0.0, 796.8910634503094, 476.8848988407415], [0.0, 0.0, 1.0]], [[1249.9629280788233, 0.0, 825.3768045375984], [0.0, 1249.9629280788233, 462.54816385708756], [0.0, 0.0, 1.0]]], "extrinsics": [[[0.822469174861908, -0.568727970123291, -0.009643049910664558, -0.6912841796875], [0.005181206855922937, 0.0244430098682642, -0.9996877908706665, 1.4902052879333496], [0.568786084651947, 0.8221624493598938, 0.02305031754076481, -1.1192626953125], [0.0, 0.0, 0.0, 1.0]], [[0.010056328028440475, -0.9997475743293762, -0.020090974867343903, 0.0103302001953125], [0.006931473966687918, 0.020161204040050507, -0.9997727274894714, 1.4823064804077148], [0.9999253749847412, 0.009914755821228027, 0.00713247200474143, -1.4207763671875], [0.0, 0.0, 0.0, 1.0]], [[-0.8441380262374878, -0.5358050465583801, -0.01854776404798031, 0.884765625], [0.01480554323643446, 0.011285128071904182, -0.9998267292976379, 1.4966793060302734], [0.5359214544296265, -0.8442663550376892, -0.00159332191105932, -1.1453857421875], [0.0, 0.0, 0.0, 1.0]], [[0.9478806257247925, 0.31862035393714905, -0.0018657607724890113, -1.134521484375], [-0.010634207166731358, 0.02578279748558998, -0.9996110200881958, 1.5619373321533203], [-0.31844833493232727, 0.9475316405296326, 0.02782728709280491, -0.1593017578125], [0.0, 0.0, 0.0, 1.0]], [[0.00938108004629612, 0.9997860193252563, 0.018436742946505547, -0.028350830078125], [-0.008665243163704872, 0.01851814053952694, -0.9997909069061279, 1.5672225952148438], [-0.9999184608459473, 0.009219272062182426, 0.008837109431624413, -0.0516357421875], [0.0, 0.0, 0.0, 1.0]], [[-0.9236357808113098, 0.38326296210289, 0.0025136100593954325, 0.99560546875], [-0.0043622879311442375, -0.003954463638365269, -0.9999826550483704, 1.5470376014709473], [-0.3832463026046753, -0.9236307740211487, 0.005324388388544321, -0.1112060546875], [0.0, 0.0, 0.0, 1.0]]], "view": [[0.0, -2.0, 100.0], [-2.0, 0.0, 100.0], [0.0, 0.0, 1.0]], "bev": "bev_5d36f80622c74cd49a2a84491f91072c.png", "aux": "aux_5d36f80622c74cd49a2a84491f91072c.npz", "visibility": "visibility_5d36f80622c74cd49a2a84491f91072c.png", "pose": [[0.4512353539466858, -0.8924049735069275, 0.0, 902.5535888671875], [0.8924049735069275, 0.4512353539466858, 0.0, 1462.7718505859375], [0.0, 0.0, 1.0, 0.0], [0.0, 0.0, 0.0, 1.0]], "pose_inverse": [[0.4512353539466858, 0.8924049735069275, 0.0, -1712.64892578125], [-0.8924049735069275, 0.4512353539466858, 0.0, 145.38894653320312], [0.0, 0.0, 1.0, 0.0], [0.0, 0.0, 0.0, 1.0]], "cam_ids": [0, 1, 2, 3, 4, 5], "cam_channels": ["CAM_FRONT_LEFT", "CAM_FRONT", "CAM_FRONT_RIGHT", "CAM_BACK_LEFT", "CAM_BACK", "CAM_BACK_RIGHT"], "token": "5d36f80622c74cd49a2a84491f91072c", "scene": "scene-0901"}, {"images": ["samples/CAM_FRONT_LEFT/n008-2018-09-18-14-54-39-0400__CAM_FRONT_LEFT__1537297822354799.jpg", "samples/CAM_FRONT/n008-2018-09-18-14-54-39-0400__CAM_FRONT__1537297822362404.jpg", "samples/CAM_FRONT_RIGHT/n008-2018-09-18-14-54-39-0400__CAM_FRONT_RIGHT__1537297822370482.jpg", "samples/CAM_BACK_LEFT/n008-2018-09-18-14-54-39-0400__CAM_BACK_LEFT__1537297822397405.jpg", "samples/CAM_BACK/n008-2018-09-18-14-54-39-0400__CAM_BACK__1537297822387558.jpg", "samples/CAM_BACK_RIGHT/n008-2018-09-18-14-54-39-0400__CAM_BACK_RIGHT__1537297822378113.jpg"], "intrinsics": [[[1257.8625342125129, 0.0, 827.2410631095686], [0.0, 1257.8625342125129, 450.915498205774], [0.0, 0.0, 1.0]], [[1252.8131021185304, 0.0, 826.588114781398], [0.0, 1252.8131021185304, 469.9846626224581], [0.0, 0.0, 1.0]], [[1256.7485116440405, 0.0, 817.7887570959712], [0.0, 1256.7485116440403, 451.9541780095127], [0.0, 0.0, 1.0]], [[1254.9860565800168, 0.0, 829.5769333630991], [0.0, 1254.9860565800168, 467.1680561863987], [0.0, 0.0, 1.0]], [[796.8910634503094, 0.0, 857.7774326863696], [0.0, 796.8910634503094, 476.8848988407415], [0.0, 0.0, 1.0]], [[1249.9629280788233, 0.0, 825.3768045375984], [0.0, 1249.9629280788233, 462.54816385708756], [0.0, 0.0, 1.0]]], "extrinsics": [[[0.8229427337646484, -0.5680981278419495, -0.005458417814224958, -0.693603515625], [0.003482283791527152, 0.01465155091136694, -0.9998865723609924, 1.4896068572998047], [0.5681136846542358, 0.8228303790092468, 0.014035664498806, -1.118896484375], [0.0, 0.0, 0.0, 1.0]], [[0.01064613088965416, -0.9998910427093506, -0.010222959332168102, 0.008544921875], [0.005303679965436459, 0.01027985941618681, -0.999933123588562, 1.4818158149719238], [0.9999292492866516, 0.010591207072138786, 0.005412544123828411, -1.423828125], [0.0, 0.0, 0.0, 1.0]], [[-0.8439759016036987, -0.5362514853477478, -0.011793378740549088, 0.8878173828125], [0.01312379352748394, 0.0013355443952605128, -0.9999129772186279, 1.4962196350097656], [0.5362205505371094, -0.8440572619438171, 0.00591048551723361, -1.1497802734375], [0.0, 0.0, 0.0, 1.0]], [[0.9478648900985718, 0.31859341263771057, -0.007093679625540972, -1.1357421875], [-0.012839765287935734, 0.015939343720674515, -0.9997904896736145, 1.5619316101074219], [-0.3184136152267456, 0.9477574825286865, 0.019199009984731674, -0.1588134765625], [0.0, 0.0, 0.0, 1.0]], [[0.009303704835474491, 0.9999210238456726, 0.008451844565570354, -0.02758026123046875], [-0.010583356022834778, 0.00855020247399807, -0.9999074339866638, 1.5670833587646484], [-0.9999006986618042, 0.009213369339704514, 0.010662069544196129, -0.04833984375], [0.0, 0.0, 0.0, 1.0]], [[-0.9237017035484314, 0.3831124007701874, 0.0003556724695954472, 1.0008544921875], [-0.006167406681925058, -0.013941636309027672, -0.999883770942688, 1.546727180480957], [-0.38306280970573425, -0.9235965013504028, 0.015240722335875034, -0.11102294921875], [0.0, 0.0, 0.0, 1.0]]], "view": [[0.0, -2.0, 100.0], [-2.0, 0.0, 100.0], [0.0, 0.0, 1.0]], "bev": "bev_867c1933d6854f629652c79780d059fe.png", "aux": "aux_867c1933d6854f629652c79780d059fe.npz", "visibility": "visibility_867c1933d6854f629652c79780d059fe.png", "pose": [[0.45807555317878723, -0.8889132738113403, 0.0, 904.5360717773438], [0.8889132738113403, 0.45807555317878723, 0.0, 1466.591796875], [0.0, 0.0, 1.0, 0.0], [0.0, 0.0, 0.0, 1.0]], "pose_inverse": [[0.45807555317878723, 0.8889132738113403, 0.0, -1718.018798828125], [-0.8889132738113403, 0.45807555317878723, 0.0, 132.24427795410156], [0.0, 0.0, 1.0, 0.0], [0.0, 0.0, 0.0, 1.0]], "cam_ids": [0, 1, 2, 3, 4, 5], "cam_channels": ["CAM_FRONT_LEFT", "CAM_FRONT", "CAM_FRONT_RIGHT", "CAM_BACK_LEFT", "CAM_BACK", "CAM_BACK_RIGHT"], "token": "867c1933d6854f629652c79780d059fe", "scene": "scene-0901"}, {"images": ["samples/CAM_FRONT_LEFT/n008-2018-09-18-14-54-39-0400__CAM_FRONT_LEFT__1537297822854799.jpg", "samples/CAM_FRONT/n008-2018-09-18-14-54-39-0400__CAM_FRONT__1537297822862404.jpg", "samples/CAM_FRONT_RIGHT/n008-2018-09-18-14-54-39-0400__CAM_FRONT_RIGHT__1537297822870482.jpg", "samples/CAM_BACK_LEFT/n008-2018-09-18-14-54-39-0400__CAM_BACK_LEFT__1537297822897405.jpg", "samples/CAM_BACK/n008-2018-09-18-14-54-39-0400__CAM_BACK__1537297822887558.jpg", "samples/CAM_BACK_RIGHT/n008-2018-09-18-14-54-39-0400__CAM_BACK_RIGHT__1537297822878113.jpg"], "intrinsics": [[[1257.8625342125129, 0.0, 827.2410631095686], [0.0, 1257.8625342125129, 450.915498205774], [0.0, 0.0, 1.0]], [[1252.8131021185304, 0.0, 826.588114781398], [0.0, 1252.8131021185304, 469.9846626224581], [0.0, 0.0, 1.0]], [[1256.7485116440405, 0.0, 817.7887570959712], [0.0, 1256.7485116440403, 451.9541780095127], [0.0, 0.0, 1.0]], [[1254.9860565800168, 0.0, 829.5769333630991], [0.0, 1254.9860565800168, 467.1680561863987], [0.0, 0.0, 1.0]], [[796.8910634503094, 0.0, 857.7774326863696], [0.0, 796.8910634503094, 476.8848988407415], [0.0, 0.0, 1.0]], [[1249.9629280788233, 0.0, 825.3768045375984], [0.0, 1249.9629280788233, 462.54816385708756], [0.0, 0.0, 1.0]]], "extrinsics": [[[0.8229085803031921, -0.56813645362854, -0.006512877065688372, -0.6993408203125], [0.0013939362252131104, 0.013481550849974155, -0.9999081492424011, 1.4887938499450684], [0.5681721568107605, 0.8228239417076111, 0.01188602950423956, -1.123779296875], [0.0, 0.0, 0.0, 1.0]], [[0.010715392418205738, -0.999902069568634, -0.008998527191579342, 0.009490966796875], [0.0033255433663725853, 0.009034629911184311, -0.9999536871910095, 1.4811782836914062], [0.9999369978904724, 0.010685015469789505, 0.003422027686610818, -1.427978515625], [0.0, 0.0, 0.0, 1.0]], [[-0.8438719511032104, -0.5364568829536438, -0.009701087139546871, 0.888916015625], [0.011405659839510918, 0.00014081168046686798, -0.9999349117279053, 1.4958000183105469], [0.53642338514328, -0.8439277410507202, 0.005999816115945578, -1.1488037109375], [0.0, 0.0, 0.0, 1.0]], [[0.9478541016578674, 0.31862032413482666, -0.007334547117352486, -1.136474609375], [-0.013157044537365437, 0.016125774011015892, -0.9997833967208862, 1.561941146850586], [-0.31843307614326477, 0.9477452635765076, 0.019476981833577156, -0.15863037109375], [0.0, 0.0, 0.0, 1.0]], [[0.009163080714643002, 0.9999269247055054, 0.007891923189163208, -0.02808380126953125], [-0.011260973289608955, 0.007994942367076874, -0.9999045729637146, 1.5670127868652344], [