[{"images": ["samples/CAM_FRONT_LEFT/n015-2018-09-26-11-17-24+0800__CAM_FRONT_LEFT__1537932010354844.jpg", "samples/CAM_FRONT/n015-2018-09-26-11-17-24+0800__CAM_FRONT__1537932010362460.jpg", "samples/CAM_FRONT_RIGHT/n015-2018-09-26-11-17-24+0800__CAM_FRONT_RIGHT__1537932010370339.jpg", "samples/CAM_BACK_LEFT/n015-2018-09-26-11-17-24+0800__CAM_BACK_LEFT__1537932010397423.jpg", "samples/CAM_BACK/n015-2018-09-26-11-17-24+0800__CAM_BACK__1537932010387525.jpg", "samples/CAM_BACK_RIGHT/n015-2018-09-26-11-17-24+0800__CAM_BACK_RIGHT__1537932010377893.jpg"], "intrinsics": [[[1272.5979470598488, 0.0, 826.6154927353808], [0.0, 1272.5979470598488, 479.75165386361925], [0.0, 0.0, 1.0]], [[1266.417203046554, 0.0, 816.2670197447984], [0.0, 1266.417203046554, 491.50706579294757], [0.0, 0.0, 1.0]], [[1260.8474446004698, 0.0, 807.968244525554], [0.0, 1260.8474446004698, 495.3344268742088], [0.0, 0.0, 1.0]], [[1256.7414812095406, 0.0, 792.1125740759628], [0.0, 1256.7414812095406, 492.7757465151356], [0.0, 0.0, 1.0]], [[809.2209905677063, 0.0, 829.2196003259838], [0.0, 809.2209905677063, 481.77842384512485], [0.0, 0.0, 1.0]], [[1259.5137405846733, 0.0, 807.2529053838625], [0.0, 1259.5137405846733, 501.19579884916527], [0.0, 0.0, 1.0]]], "extrinsics": [[[0.819627046585083, -0.5726580619812012, 0.016560539603233337, -0.7650146484375], [0.007293126545846462, -0.018474599346518517, -0.9998027086257935, 1.5100345611572266], [0.5728508830070496, 0.8195862174034119, -0.010965815745294094, -1.14105224609375], [0.0, 0.0, 0.0, 1.0]], [[0.004034726414829493, -0.9997373819351196, 0.022554544731974602, 0.006256103515625], [0.0021422719582915306, -0.022546038031578064, -0.9997435212135315, 1.5209698677062988], [0.9999895691871643, 0.004082057159394026, 0.0020507415756583214, -1.492431640625], [0.0, 0.0, 0.0, 1.0]], [[-0.8335491418838501, -0.5524332523345947, -0.0036553600803017616, 0.90380859375], [0.007950736209750175, -0.005380082875490189, -0.9999538660049438, 1.5048742294311523], [0.5523880124092102, -0.8335397839546204, 0.008876814506947994, -1.163330078125], [0.0, 0.0, 0.0, 1.0]], [[0.9477067589759827, 0.3191054165363312, 0.004853497724980116, -1.14013671875], [0.017182189971208572, -0.03583146259188652, -0.9992101192474365, 1.5886077880859375], [-0.31867948174476624, 0.9470416903495789, -0.03944065049290657, -0.1048583984375], [0.0, 0.0, 0.0, 1.0]], [[0.0029759551398456097, 0.9996622800827026, -0.02581651508808136, 0.0028076171875], [-0.008448964916169643, -0.02579057402908802, -0.9996317028999329, 1.5788841247558594], [-0.9999598860740662, 0.0031929733231663704, 0.00836936105042696, -0.054931640625], [0.0, 0.0, 0.0, 1.0]], [[-0.9343135952949524, 0.3554931879043579, -0.026130039244890213, 1.032470703125], [0.02398529462516308, -0.010439896024763584, -0.9996578097343445, 1.554107666015625], [-0.3556442856788635, -0.9346206188201904, 0.0012275251792743802, -0.10272216796875], [0.0, 0.0, 0.0, 1.0]]], "view": [[0.0, -2.0, 100.0], [-2.0, 0.0, 100.0], [0.0, 0.0, 1.0]], "bev": "bev_1f1382e1a773428cb5d951ab891f9203.png", "aux": "aux_1f1382e1a773428cb5d951ab891f9203.npz", "visibility": "visibility_1f1382e1a773428cb5d951ab891f9203.png", "pose": [[0.26230907440185547, -0.9649839401245117, 0.0, 606.0081787109375], [0.9649839401245117, 0.26230907440185547, 0.0, 1428.2510986328125], [0.0, 0.0, 1.0, 0.0], [0.0, 0.0, 0.0, 1.0]], "pose_inverse": [[0.26230907440185547, 0.9649839401245117, 0.0, -1537.2008056640625], [-0.9649839401245117, 0.26230907440185547, 0.0, 210.14492797851562], [0.0, 0.0, 1.0, 0.0], [0.0, 0.0, 0.0, 1.0]], "cam_ids": [0, 1, 2, 3, 4, 5], "cam_channels": ["CAM_FRONT_LEFT", "CAM_FRONT", "CAM_FRONT_RIGHT", "CAM_BACK_LEFT", "CAM_BACK", "CAM_BACK_RIGHT"], "token": "1f1382e1a773428cb5d951ab891f9203", "scene": "scene-0949"}, {"images": ["samples/CAM_FRONT_LEFT/n015-2018-09-26-11-17-24+0800__CAM_FRONT_LEFT__1537932010854844.jpg", "samples/CAM_FRONT/n015-2018-09-26-11-17-24+0800__CAM_FRONT__1537932010862460.jpg", "samples/CAM_FRONT_RIGHT/n015-2018-09-26-11-17-24+0800__CAM_FRONT_RIGHT__1537932010870339.jpg", "samples/CAM_BACK_LEFT/n015-2018-09-26-11-17-24+0800__CAM_BACK_LEFT__1537932010897423.jpg", "samples/CAM_BACK/n015-2018-09-26-11-17-24+0800__CAM_BACK__1537932010887525.jpg", "samples/CAM_BACK_RIGHT/n015-2018-09-26-11-17-24+0800__CAM_BACK_RIGHT__1537932010877893.jpg"], "intrinsics": [[[1272.5979470598488, 0.0, 826.6154927353808], [0.0, 1272.5979470598488, 479.75165386361925], [0.0, 0.0, 1.0]], [[1266.417203046554, 0.0, 816.2670197447984], [0.0, 1266.417203046554, 491.50706579294757], [0.0, 0.0, 1.0]], [[1260.8474446004698, 0.0, 807.968244525554], [0.0, 1260.8474446004698, 495.3344268742088], [0.0, 0.0, 1.0]], [[1256.7414812095406, 0.0, 792.1125740759628], [0.0, 1256.7414812095406, 492.7757465151356], [0.0, 0.0, 1.0]], [[809.2209905677063, 0.0, 829.2196003259838], [0.0, 809.2209905677063, 481.77842384512485], [0.0, 0.0, 1.0]], [[1259.5137405846733, 0.0, 807.2529053838625], [0.0, 1259.5137405846733, 501.19579884916527], [0.0, 0.0, 1.0]]], "extrinsics": [[[0.8205819725990295, -0.5713559985160828, 0.014056258834898472, -0.7774658203125], [0.006595933344215155, -0.01512514241039753, -0.999863862991333, 1.5097675323486328], [0.5714908242225647, 0.820563018321991, -0.008642791770398617, -1.15081787109375], [0.0, 0.0, 0.0, 1.0]], [[0.005399805493652821, -0.9998003244400024, 0.019238637760281563, 0.006866455078125], [0.001092129503376782, -0.019233014434576035, -0.9998144507408142, 1.5207524299621582], [0.9999848008155823, 0.005419821012765169, 0.0009880561847239733, -1.5059814453125], [0.0, 0.0, 0.0, 1.0]], [[-0.833000659942627, -0.5532554984092712, -0.004285695031285286, 0.9127197265625], [0.006505795754492283, -0.0020492076873779297, -0.9999766945838928, 1.5045795440673828], [0.553233802318573, -0.8330091238021851, 0.00530635891482234, -1.1688232421875], [0.0, 0.0, 0.0, 1.0]], [[0.9477386474609375, 0.31903016567230225, 0.0033744308166205883, -1.1441650390625], [0.014423142187297344, -0.03227609023451805, -0.9993749260902405, 1.5885238647460938], [-0.31872180104255676, 0.9471948146820068, -0.03519071638584137, -0.10302734375], [0.0, 0.0, 0.0, 1.0]], [[0.0026277992874383926, 0.9997462630271912, -0.022370368242263794, 0.0029754638671875], [-0.010730113834142685, -0.022340968251228333, -0.9996927976608276, 1.5788145065307617], [-0.99993896484375, 0.002867022529244423, 0.010668685659766197, -0.0489501953125], [0.0, 0.0, 0.0, 1.0]], [[-0.9345985054969788, 0.35494464635849, -0.023236142471432686, 1.0404052734375], [0.02217414788901806, -0.0070600504986941814, -0.9997292160987854, 1.5537223815917969], [-0.3550126552581787, -0.9348607063293457, -0.001272283960133791, -0.099945068359375], [0.0, 0.0, 0.0, 1.0]]], "view": [[0.0, -2.0, 100.0], [-2.0, 0.0, 100.0], [0.0, 0.0, 1.0]], "bev": "bev_5c14f2a583fe4f6ba1404b682b18f431.png", "aux": "aux_5c14f2a583fe4f6ba1404b682b18f431.npz", "visibility": "visibility_5c14f2a583fe4f6ba1404b682b18f431.png", "pose": [[0.2513425946235657, -0.9678981900215149, 0.0, 606.7075805664062], [0.9678981900215149, 0.2513425946235657, 0.0, 1430.88134765625], [0.0, 0.0, 1.0, 0.0], [0.0, 0.0, 0.0, 1.0]], "pose_inverse": [[0.2513425946235657, 0.9678981900215149, 0.0, -1537.43896484375], [-0.9678981900215149, 0.2513425946235657, 0.0, 227.58975219726562], [0.0, 0.0, 1.0, 0.0], [0.0, 0.0, 0.0, 1.0]], "cam_ids": [0, 1, 2, 3, 4, 5], "cam_channels": ["CAM_FRONT_LEFT", "CAM_FRONT", "CAM_FRONT_RIGHT", "CAM_BACK_LEFT", "CAM_BACK", "CAM_BACK_RIGHT"], "token": "5c14f2a583fe4f6ba1404b682b18f431", "scene": "scene-0949"}, {"images": ["samples/CAM_FRONT_LEFT/n015-2018-09-26-11-17-24+0800__CAM_FRONT_LEFT__1537932011404844.jpg", "samples/CAM_FRONT/n015-2018-09-26-11-17-24+0800__CAM_FRONT__1537932011412460.jpg", "samples/CAM_FRONT_RIGHT/n015-2018-09-26-11-17-24+0800__CAM_FRONT_RIGHT__1537932011420339.jpg", "samples/CAM_BACK_LEFT/n015-2018-09-26-11-17-24+0800__CAM_BACK_LEFT__1537932011447423.jpg", "samples/CAM_BACK/n015-2018-09-26-11-17-24+0800__CAM_BACK__1537932011437525.jpg", "samples/CAM_BACK_RIGHT/n015-2018-09-26-11-17-24+0800__CAM_BACK_RIGHT__1537932011427893.jpg"], "intrinsics": [[[1272.5979470598488, 0.0, 826.6154927353808], [0.0, 1272.5979470598488, 479.75165386361925], [0.0, 0.0, 1.0]], [[1266.417203046554, 0.0, 816.2670197447984], [0.0, 1266.417203046554, 491.50706579294757], [0.0, 0.0, 1.0]], [[1260.8474446004698, 0.0, 807.968244525554], [0.0, 1260.8474446004698, 495.3344268742088], [0.0, 0.0, 1.0]], [[1256.7414812095406, 0.0, 792.1125740759628], [0.0, 1256.7414812095406, 492.7757465151356], [0.0, 0.0, 1.0]], [[809.2209905677063, 0.0, 829.2196003259838], [0.0, 809.2209905677063, 481.77842384512485], [0.0, 0.0, 1.0]], [[1259.5137405846733, 0.0, 807.2529053838625], [0.0, 1259.5137405846733, 501.19579884916527], [0.0, 0.0, 1.0]]], "extrinsics": [[[0.8214899301528931, -0.5701814293861389, 0.00688331201672554, -0.7918701171875], [-0.007454974111169577, -0.022809434682130814, -0.9997120499610901, 1.5066561698913574], [0.5701742172241211, 0.8212020397186279, -0.02298840880393982, -1.1591796875], [0.0, 0.0, 0.0, 1.0]], [[0.006925179623067379, -0.9996117353439331, 0.02698877640068531, 0.0056915283203125], [-0.012913583777844906, -0.02707657404243946, -0.9995499849319458, 1.5182905197143555], [0.9998925924301147, 0.006573527120053768, -0.013096079230308533, -1.5196533203125], [0.0, 0.0, 0.0, 1.0]], [[-0.8323531150817871, -0.5541198253631592, 0.011808048002421856, 0.9217529296875], [-0.007480377797037363, -0.010071474127471447, -0.9999212622642517, 1.5026483535766602], [0.5541951656341553, -0.8323760032653809, 0.0042379978112876415, -1.17529296875], [0.0, 0.0, 0.0, 1.0]], [[0.9476767182350159, 0.3190005421638489, -0.012147088535130024, -1.1431884765625], [0.0009684498654678464, -0.04092370718717575, -0.9991617798805237, 1.5885562896728516], [-0.31923019886016846, 0.9468705654144287, -0.03909137845039368, -0.10333251953125], [0.0, 0.0, 0.0, 1.0]], [[0.0017914617201313376, 0.9995232820510864, -0.03082040697336197, 0.0029144287109375], [-0.024409541860222816, -0.030767565593123436, -0.9992284774780273, 1.5781879425048828], [-0.9997003674507141, 0.002542319009080529, 0.024342788383364677, -0.0460205078125], [0.0, 0.0, 0.0, 1.0]], [[-0.9351564049720764, 0.3539905846118927, -0.013162070885300636, 1.0469970703125], [0.008299872279167175, -0.01525015290826559, -0.999849259853363, 1.5522394180297852], [-0.35413798689842224, -0.9351246356964111, 0.011323202401399612, -0.097503662109375], [0.0, 0.0, 0.0, 1.0]]], "view": [[0.0, -2.0, 100.0], [-2.0, 0.0, 100.0], [0.0, 0.0, 1.0]], "bev": "bev_1345f6d8e81846b593ca2fa5e603bdec.png", "aux": "aux_1345f6d8e81846b593ca2fa5e603bdec.npz", "visibility": "visibility_1345f6d8e81846b593ca2fa5e603bdec.png", "pose": [[0.259735107421875, -0.9656798839569092, 0.0, 607.4353637695312], [0.9656798839569092, 0.259735107421875, 0.0, 1433.616455078125], [0.0, 0.0, 1.0, 0.0], [0.0, 0.0, 0.0, 1.0]], "pose_inverse": [[0.259735107421875, 0.9656798839569092, 0.0, -1542.1868896484375], [-0.9656798839569092, 0.259735107421875, 0.0, 214.22760009765625], [0.0, 0.0, 1.0, 0.0], [0.0, 0.0, 0.0, 1.0]], "cam_ids": [0, 1, 2, 3, 4, 5], "cam_channels": ["CAM_FRONT_LEFT", "CAM_FRONT", "CAM_FRONT_RIGHT", "CAM_BACK_LEFT", "CAM_BACK", "CAM_BACK_RIGHT"], "token": "1345f6d8e81846b593ca2fa5e603bdec", "scene": "scene-0949"}, {"images": ["samples/CAM_FRONT_LEFT/n015-2018-09-26-11-17-24+0800__CAM_FRONT_LEFT__1537932011904844.jpg", "samples/CAM_FRONT/n015-2018-09-26-11-17-24+0800__CAM_FRONT__1537932011912460.jpg", "samples/CAM_FRONT_RIGHT/n015-2018-09-26-11-17-24+0800__CAM_FRONT_RIGHT__1537932011920339.jpg", "samples/CAM_BACK_LEFT/n015-2018-09-26-11-17-24+0800__CAM_BACK_LEFT__1537932011947423.jpg", "samples/CAM_BACK/n015-2018-09-26-11-17-24+0800__CAM_BACK__1537932011937525.jpg", "samples/CAM_BACK_RIGHT/n015-2018-09-26-11-17-24+0800__CAM_BACK_RIGHT__1537932011927893.jpg"], "intrinsics": [[[1272.5979470598488, 0.0, 826.6154927353808], [0.0, 1272.5979470598488, 479.75165386361925], [0.0, 0.0, 1.0]], [[1266.417203046554, 0.0, 816.2670197447984], [0.0, 1266.417203046554, 491.50706579294757], [0.0, 0.0, 1.0]], [[1260.8474446004698, 0.0, 807.968244525554], [0.0, 1260.8474446004698, 495.3344268742088], [0.0, 0.0, 1.0]], [[1256.7414812095406, 0.0, 792.1125740759628], [0.0, 1256.7414812095406, 492.7757465151356], [0.0, 0.0, 1.0]], [[809.2209905677063, 0.0, 829.2196003259838], [0.0, 809.2209905677063, 481.77842384512485], [0.0, 0.0, 1.0]], [[1259.5137405846733, 0.0, 807.2529053838625], [0.0, 1259.5137405846733, 501.19579884916527], [0.0, 0.0, 1.0]]], "extrinsics": [[[0.822472333908081, -0.5685901045799255, 0.0156384464353323, -0.803466796875], [0.0016573299653828144, -0.02509785257279873, -0.9996836185455322, 1.5086054801940918], [0.5688027143478394, 0.8222379684448242, -0.0196999479085207, -1.16998291015625], [0.0, 0.0, 0.0, 1.0]], [[0.00808736402541399, -0.9995381236076355, 0.029292330145835876, 0.0072174072265625], [-0.003357687033712864, -0.02932026796042919, -0.9995644688606262, 1.5200163125991821], [0.9999616742134094, 0.007985534146428108, -0.003593260422348976, -1.5303955078125], [0.0, 0.0, 0.0, 1.0]], [[-0.8319141268730164, -0.5548843741416931, 0.0047084069810807705, 0.9271240234375], [0.002514396794140339, -0.012254444882273674, -0.9999217391014099, 1.5039682388305664], [0.5548986792564392, -0.8318371772766113, 0.011589846573770046, -1.1781005859375], [0.0, 0.0, 0.0, 1.0]], [[0.947736918926239, 0.3190448582172394, -0.002238721586763859, -1.143798828125], [0.01211367268115282, -0.042994145303964615, -0.9990018606185913, 1.5885391235351562], [-0.3188226521015167, 0.9467639327049255, -0.04461194947361946, -0.10321044921875], [0.0, 0.0, 0.0, 1.0]], [[0.001793722272850573, 0.999457061290741, -0.03289811685681343, 0.002777099609375], [-0.01361839659512043, -0.03287070617079735, -0.999366819858551, 1.5787391662597656], [-0.9999057054519653, 0.0022405420895665884, 0.013552041724324226, -0.043701171875], [0.0, 0.0, 0.0, 1.0]], [[-0.9351902008056641, 0.35335829854011536, -0.023603204637765884, 1.05078125], [0.01866498962044716, -0.017376728355884552, -0.9996747970581055, 1.5531578063964844], [-0.35365355014801025, -0.9353266954421997, 0.009655116125941277, -0.095672607421875], [0.0, 0.0, 0.0, 1.0]]], "view": [[0.0, -2.0, 100.0], [-2.0, 0.0, 100.0], [0.0, 0.0, 1.0]], "bev": "bev_43e6a93df579409f929df67300fe5a38.png", "aux": "aux_43e6a93df579409f929df67300fe5a38.npz", "visibility": "visibility_43e6a93df579409f929df67300fe5a38.png", "pose": [[0.28458690643310547, -0.9586502313613892, 0.0, 608.093505859375], [0.9586502313613892, 0.28458690643310547, 0.0, 1435.931884765625], [0.0, 0.0, 1.0, 0.0], [0.0, 0.0, 0.0, 1.0]], "pose_inverse": [[0.28458690643310547, 0.9586502313613892, 0.0, -1549.6119384765625], [-0.9586502313613892, 0.28458690643310547, 0.0, 174.3015899658203], [0.0, 0.0, 1.0, 0.0], [0.0, 0.0, 0.0, 1.0]], "cam_ids": [0, 1, 2, 3, 4, 5], "cam_channels": ["CAM_FRONT_LEFT", "CAM_FRONT", "CAM_FRONT_RIGHT", "CAM_BACK_LEFT", "CAM_BACK", "CAM_BACK_RIGHT"], "token": "43e6a93df579409f929df67300fe5a38", "scene": "scene-0949"}, {"images": ["samples/CAM_FRONT_LEFT/n015-2018-09-26-11-17-24+0800__CAM_FRONT_LEFT__1537932012404844.jpg", "samples/CAM_FRONT/n015-2018-09-26-11-17-24+0800__CAM_FRONT__1537932012412460.jpg", "samples/CAM_FRONT_RIGHT/n015-2018-09-26-11-17-24+0800__CAM_FRONT_RIGHT__1537932012420339.jpg", "samples/CAM_BACK_LEFT/n015-2018-09-26-11-17-24+0800__CAM_BACK_LEFT__1537932012447423.jpg", "samples/CAM_BACK/n015-2018-09-26-11-17-24+0800__CAM_BACK__1537932012437525.jpg", "samples/CAM_BACK_RIGHT/n015-2018-09-26-11-17-24+0800__CAM_BACK_RIGHT__1537932012427893.jpg"], "intrinsics": [[[1272.5979470598488, 0.0, 826.6154927353808], [0.0, 1272.5979470598488, 479.75165386361925], [0.0, 0.0, 1.0]], [[1266.417203046554, 0.0, 816.2670197447984], [0.0, 1266.417203046554, 491.50706579294757], [0.0, 0.0, 1.0]], [[1260.8474446004698, 0.0, 807.968244525554], [0.0, 1260.8474446004698, 495.3344268742088], [0.0, 0.0, 1.0]], [[1256.7414812095406, 0.0, 792.1125740759628], [0.0, 1256.7414812095406, 492.7757465151356], [0.0, 0.0, 1.0]], [[809.2209905677063, 0.0, 829.2196003259838], [0.0, 809.2209905677063, 481.77842384512485], [0.0, 0.0, 1.0]], [[1259.5137405846733, 0.0, 807.2529053838625], [0.0, 1259.5137405846733, 501.19579884916527], [0.0, 0.0, 1.0]]], "extrinsics": [[[0.8216268420219421, -0.5697133541107178, 0.018866311758756638, -0.81982421875], [0.006628110539168119, -0.023546630516648293, -0.9997007846832275, 1.5094337463378906], [0.5699871182441711, 0.8215060830116272, -0.015570421703159809, -1.18048095703125], [0.0, 0.0, 0.0, 1.0]], [[0.0069181411527097225, -0.9995977878570557, 0.027502892538905144, 0.0068511962890625], [0.0014905324205756187, -0.02749321237206459, -0.9996209144592285, 1.5207676887512207], [0.9999749660491943, 0.006956520956009626, 0.0012997317826375365, -1.548583984375], [0.0, 0.0, 0.0, 1.0]], [[-0.8323224186897278, -0.5542914867401123, -0.0004125618143007159, 0.9412841796875], [0.00725678913295269, -0.010152526199817657, -0.9999220967292786, 1.5044488906860352], [0.5542441010475159, -0.8322606086730957, 0.012472554109990597, -1.18719482421875], [0.0, 0.0, 0.0, 1.0]], [[0.9477406740188599, 0.31902846693992615, 0.00289604882709682, -1.141845703125], [0.01654238812625408, -0.0400734469294548, -0.999059796333313, 1.58856201171875], [-0.3186124265193939, 0.9468975067138672, -0.043256726115942, -0.103759765625], [0.0, 0.0, 0.0, 1.0]], [[0.0021689641289412975, 0.9995399713516235, -0.030251353979110718, 0.0025787353515625], [-0.009087699465453625, -0.03023047372698784, -0.999501645565033, 1.5789985656738281], [-0.9999563694000244, 0.002442758297547698, 0.009017948992550373, -0.03857421875], [0.0, 0.0, 0.0, 1.0]], [[-0.9348995089530945, 0.35387420654296875, -0.027125434949994087, 1.062255859375], [0.02331356704235077, -0.015031195245683193, -0.9996151924133301, 1.5532951354980469], [-0.35414576530456543, -0.9351722002029419, 0.005802586209028959, -0.091094970703125], [0.0, 0.0, 0.0, 1.0]]], "view": [[0.0, -2.0, 100.0], [-2.0, 0.0, 100.0], [0.0, 0.0, 1.0]], "bev": "bev_0393a1b155b74aedaa1b6df9468b5c5d.png", "aux": "aux_0393a1b155b74aedaa1b6df9468b5c5d.npz", "visibility": "visibility_0393a1b155b74aedaa1b6df9468b5c5d.png", "pose": [[0.3062629997730255, -0.9519469141960144, 0.0, 608.749755859375], [0.9519469141960144, 0.3062629997730255, 0.0, 1438.0457763671875], [0.0, 0.0, 1.0, 0.0], [0.0, 0.0, 0.0, 1.0]], "pose_inverse": [[0.3062629997730255, 0.9519469141960144, 0.0, -1555.380859375], [-0.9519469141960144, 0.3062629997730255, 0.0, 139.07725524902344], [0.0, 0.0, 1.0, 0.0], [0.0, 0.0, 0.0, 1.0]], "cam_ids": [0, 1, 2, 3, 4, 5], "cam_channels": ["CAM_FRONT_LEFT", "CAM_FRONT", "CAM_FRONT_RIGHT", "CAM_BACK_LEFT", "CAM_BACK", "CAM_BACK_RIGHT"], "token": "0393a1b155b74aedaa1b6df9468b5c5d", "scene": "scene-0949"}, {"images": ["samples/CAM_FRONT_LEFT/n015-2018-09-26-11-17-24+0800__CAM_FRONT_LEFT__1537932012904844.jpg", "samples/CAM_FRONT/n015-2018-09-26-11-17-24+0800__CAM_FRONT__1537932012912460.jpg", "samples/CAM_FRONT_RIGHT/n015-2018-09-26-11-17-24+0800__CAM_FRONT_RIGHT__1537932012920339.jpg", "samples/CAM_BACK_LEFT/n015-2018-09-26-11-17-24+0800__CAM_BACK_LEFT__1537932012947423.jpg", "samples/CAM_BACK/n015-2018-09-26-11-17-24+0800__CAM_BACK__1537932012937525.jpg", "samples/CAM_BACK_RIGHT/n015-2018-09-26-11-17-24+0800__CAM_BACK_RIGHT__1537932012927893.jpg"], "intrinsics": [[[1272.5979470598488, 0.0, 826.6154927353808], [0.0, 1272.5979470598488, 479.75165386361925], [0.0, 0.0, 1.0]], [[1266.417203046554, 0.0, 816.2670197447984], [0.0, 1266.417203046554, 491.50706579294757], [0.0, 0.0, 1.0]], [[1260.8474446004698, 0.0, 807.968244525554], [0.0, 1260.8474446004698, 495.3344268742088], [0.0, 0.0, 1.0]], [[1256.7414812095406, 0.0, 792.1125740759628], [0.0, 1256.7414812095406, 492.7757465151356], [0.0, 0.0, 1.0]], [[809.2209905677063, 0.0, 829.2196003259838], [0.0, 809.2209905677063, 481.77842384512485], [0.0, 0.0, 1.0]], [[1259.5137405846733, 0.0, 807.2529053838625], [0.0, 1259.5137405846733, 501.19579884916527], [0.0, 0.0, 1.0]]], "extrinsics": [[[0.8209609389305115, -0.5705949068069458, 0.021083520725369453, -0.8359375], [0.010436111129820347, -0.02192389965057373, -0.9997051358222961, 1.5098991394042969], [0.5708889365196228, 0.8209390044212341, -0.012043872848153114, -1.19146728515625], [0.0, 0.0, 0.0, 1.0]], [[0.005935880355536938, -0.9996492266654968, 0.0258064903318882, 0.00638580322265625], [0.005171375814825296, -0.025775911286473274, -0.9996544122695923, 1.5212106704711914], [0.999968945980072, 0.006067235022783279, 0.0050165592692792416, -1.5643310546875], [0.0, 0.0, 0.0, 1.0]], [[-0.8327175974845886, -0.553680419921875, -0.004392656963318586, 0.9505615234375], [0.010824211873114109, -0.00834644865244627, -0.9999065399169922, 1.5047130584716797], [0.5535920262336731, -0.8326873779296875, 0.012943390756845474, -1.1939697265625], [0.0, 0.0, 0.0, 1.0]], [[0.9477131366729736, 0.3190563917160034, 0.006542809773236513, -1.1444091796875], [0.019672077149152756, -0.03794519230723381, -0.9990861415863037, 1.5885086059570312], [-0.3185165822505951, 0.9469757676124573, -0.04223766177892685, -0.10296630859375], [0.0, 0.0, 0.0, 1.0]], [[0.002539160894230008, 0.9995983242988586, -0.028225326910614967, 0.0028076171875], [-0.005817722529172897, -0.028210172429680824, -0.9995850920677185, 1.5791630744934082], [-0.9999797940254211, 0.002702311147004366, 0.005743755493313074, -0.0325927734375], [0.0, 0.0, 0.0, 1.0]], [[-0.9346112608909607, 0.3544313907623291, -0.029665615409612656, 1.0704345703125], [0.026742607355117798, -0.01314358226954937, -0.9995559453964233, 1.5533294677734375], [-0.3546639680862427, -0.9349896311759949, 0.0028057186864316463, -0.088470458984375], [0.0, 0.0, 0.0, 1.0]]], "view": [[0.0, -2.0, 100.0], [-2.0, 0.0, 100.0], [0.0, 0.0, 1.0]], "bev": "bev_75efe1fd4c2b4a61ac213bd0fe072c3a.png", "aux": "aux_75efe1fd4c2b4a61ac213bd0fe072c3a.npz", "visibility": "visibility_75efe1fd4c2b4a61ac213bd0fe072c3a.png", "pose": [[0.32014843821525574, -0.9473673701286316, 0.0, 609.3826904296875], [0.9473673701286316, 0.32014843821525574, 0.0, 1439.9334716796875], [0.0, 0.0, 1.0, 0.0], [0.0, 0.0, 0.0, 1.0]], "pose_inverse": [[0.32014843821525574, 0.9473673701286316, 0.0, -1559.2388916015625], [-0.9473673701286316, 0.32014843821525574, 0.0, 116.31684112548828], [0.0, 0.0, 1.0, 0.0], [0.0, 0.0, 0.0, 1.0]], "cam_ids": [0, 1, 2, 3, 4, 5], "cam_channels": ["CAM_FRONT_LEFT", "CAM_FRONT", "CAM_FRONT_RIGHT", "CAM_BACK_LEFT", "CAM_BACK", "CAM_BACK_RIGHT"], "token": "75efe1fd4c2b4a61ac213bd0fe072c3a", "scene": "scene-0949"}, {"images": ["samples/CAM_FRONT_LEFT/n015-2018-09-26-11-17-24+0800__CAM_FRONT_LEFT__1537932013404844.jpg", "samples/CAM_FRONT/n015-2018-09-26-11-17-24+0800__CAM_FRONT__1537932013412460.jpg", "samples/CAM_FRONT_RIGHT/n015-2018-09-26-11-17-24+0800__CAM_FRONT_RIGHT__1537932013420339.jpg", "samples/CAM_BACK_LEFT/n015-2018-09-26-11-17-24+0800__CAM_BACK_LEFT__1537932013447423.jpg", "samples/CAM_BACK/n015-2018-09-26-11-17-24+0800__CAM_BACK__1537932013437525.jpg", "samples/CAM_BACK_RIGHT/n015-2018-09-26-11-17-24+0800__CAM_BACK_RIGHT__1537932013427893.jpg"], "intrinsics": [[[1272.5979470598488, 0.0, 826.6154927353808], [0.0, 1272.5979470598488, 479.75165386361925], [0.0, 0.0, 1.0]], [[1266.417203046554, 0.0, 816.2670197447984], [0.0, 1266.417203046554, 491.50706579294757], [0.0, 0.0, 1.0]], [[1260.8474446004698, 0.0, 807.968244525554], [0.0, 1260.8474446004698, 495.3344268742088], [0.0, 0.0, 1.0]], [[1256.7414812095406, 0.0, 792.1125740759628], [0.0, 1256.7414812095406, 492.7757465151356], [0.0, 0.0, 1.0]], [[809.2209905677063, 0.0, 829.2196003259838], [0.0, 809.2209905677063, 481.77842384512485], [0.0, 0.0, 1.0]], [[1259.5137405846733, 0.0, 807.2529053838625], [0.0, 1259.5137405846733, 501.19579884916527], [0.0, 0.0, 1.0]]], "extrinsics": [[[0.8205902576446533, -0.571074903011322, 0.02247762493789196, -0.8399658203125], [0.014487831853330135, -0.018531430512666702, -0.9997233152389526, 1.5104618072509766], [0.5713333487510681, 0.820688784122467, -0.006933074910193682, -1.1947021484375], [0.0, 0.0, 0.0, 1.0]], [[0.005458630155771971, -0.9997296333312988, 0.022603603079915047, 0.0067291259765625], [0.009231086820363998, -0.022552598267793655, -0.999703049659729, 1.5216970443725586], [0.9999424815177917, 0.0056656645610928535, 0.009105484932661057, -1.568603515625], [0.0, 0.0, 0.0, 1.0]], [[-0.8328328728675842, -0.553443431854248, -0.009476040489971638, 0.9534912109375], [0.014899684116244316, -0.005301518365740776, -0.9998748898506165, 1.50506591796875], [0.5533239245414734, -0.8328699469566345, 0.012661413289606571, -1.1954345703125], [0.0, 0.0, 0.0, 1.0]], [[0.9476545453071594, 0.31910231709480286, 0.011163675226271152, -1.1441650390625], [0.023645399138331413, -0.03526787832379341, -0.9990981221199036, 1.5885162353515625], [-0.3184208273887634, 0.9470638036727905, -0.04096706584095955, -0.103271484375], [0.0, 0.0, 0.0, 1.0]], [[0.002729931613430381, 0.9996725916862488, -0.02544267103075981, 0.00263214111328125], [-0.0017928488086909056, -0.02543783001601696, -0.9996747970581055, 1.579306960105896], [-0.9999945759773254, 0.00277468073181808, 0.001722818473353982, -0.03125], [0.0, 0.0, 0.0, 1.0]], [[-0.9344227910041809, 0.3546850383281708, -0.0324423685669899, 1.07275390625], [0.030811503529548645, -0.010246540419757366, -0.9994726777076721, 1.5535469055175781], [-0.35483044385910034, -0.9349297881126404, -0.0013537801569327712, -0.08721923828125], [0.0, 0.0, 0.0, 1.0]]], "view": [[0.0, -2.0, 100.0], [-2.0, 0.0, 100.0], [0.0, 0.0, 1.0]], "bev": "bev_2a50caee0bd44c02a4110ff3aab1acfc.png", "aux": "aux_2a50caee0bd44c02a4110ff3aab1acfc.npz", "visibility": "visibility_2a50caee0bd44c02a4110ff3aab1acfc.png", "pose": [[0.32075658440589905, -0.9471616744995117, 0.0, 609.9832763671875], [0.9471616744995117, 0.32075658440589905, 0.0, 1441.700439453125], [0.0, 0.0, 1.0, 0.0], [0.0, 0.0, 0.0, 1.0]], "pose_inverse": [[0.32075658440589905, 0.9471616744995117, 0.0, -1561.1795654296875], [-0.9471616744995117, 0.32075658440589905, 0.0, 115.31787109375], [0.0, 0.0, 1.0, 0.0], [0.0, 0.0, 0.0, 1.0]], "cam_ids": [0, 1, 2, 3, 4, 5], "cam_channels": ["CAM_FRONT_LEFT", "CAM_FRONT", "CAM_FRONT_RIGHT", "CAM_BACK_LEFT", "CAM_BACK", "CAM_BACK_RIGHT"], "token": "2a50caee0bd44c02a4110ff3aab1acfc", "scene": "scene-0949"}, {"images": ["samples/CAM_FRONT_LEFT/n015-2018-09-26-11-17-24+0800__CAM_FRONT_LEFT__1537932013904844.jpg", "samples/CAM_FRONT/n015-2018-09-26-11-17-24+0800__CAM_FRONT__1537932013912460.jpg", "samples/CAM_FRONT_RIGHT/n015-2018-09-26-11-17-24+0800__CAM_FRONT_RIGHT__1537932013920339.jpg", "samples/CAM_BACK_LEFT/n015-2018-09-26-11-17-24+0800__CAM_BACK_LEFT__1537932013948117.jpg", "samples/CAM_BACK/n015-2018-09-26-11-17-24+0800__CAM_BACK__1537932013937525.jpg", "samples/CAM_BACK_RIGHT/n015-2018-09-26-11-17-24+0800__CAM_BACK_RIGHT__1537932013927900.jpg"], "intrinsics": [[[1272.5979470598488, 0.0, 826.6154927353808], [0.0, 1272.5979470598488, 479.75165386361925], [0.0, 0.0, 1.0]], [[1266.417203046554, 0.0, 816.2670197447984], [0.0, 1266.417203046554, 491.50706579294757], [0.0, 0.0, 1.0]], [[1260.8474446004698, 0.0, 807.968244525554], [0.0, 1260.8474446004698, 495.3344268742088], [0.0, 0.0, 1.0]], [[1256.7414812095406, 0.0, 792.1125740759628], [0.0, 1256.7414812095406, 492.7757465151356], [0.0, 0.0, 1.0]], [[809.2209905677063, 0.0, 829.2196003259838], [0.0, 809.2209905677063, 481.77842384512485], [0.0, 0.0, 1.0]], [[1259.5137405846733, 0.0, 807.2529053838625], [0.0, 1259.5137405846733, 501.19579884916527], [0.0, 0.0, 1.0]]], "extrinsics": [[[0.8190988302230835, -0.5733687877655029, 0.018036365509033203, -0.8507080078125], [0.017688170075416565, -0.006182474549859762, -0.9998244643211365, 1.5107173919677734], [0.5733796954154968, 0.8192740082740784, 0.005077788606286049, -1.2000732421875], [0.0, 0.0, 0.0, 1.0]], [[0.003374287858605385, -0.9999427795410156, 0.01013977825641632, 0.005279541015625], [0.012423061765730381, -0.010097136721014977, -0.9998718500137329, 1.521951675415039], [0.9999170899391174, 0.003499865997582674, 0.012388281524181366, -1.5780029296875], [0.0, 0.0, 0.0, 1.0]], [[-0.8336466550827026, -0.5519673824310303, -0.019106991589069366, 0.9586181640625], [0.018120234832167625, 0.007242236286401749, -0.9998095631599426, 1.5052471160888672], [0.5520006418228149, -0.833834171295166, 0.003964313771575689, -1.20001220703125], [0.0, 0.0, 0.0, 1.0]], [[0.9475835561752319, 0.31899094581604004, 0.018168801441788673, -1.1455078125], [0.026818688958883286, -0.0227448008954525, -0.9993814826011658, 1.5884628295898438], [-0.3183803856372833, 0.9474847316741943, -0.030107520520687103, -0.1025390625], [0.0, 0.0, 0.0, 1.0]], [[0.0032749376259744167, 0.9999122619628906, -0.012834141030907631, 0.002960205078125], [0.0013984618708491325, -0.012838777154684067, -0.999916672706604, 1.5794014930725098], [-0.9999936819076538, 0.003256711643189192, -0.001440384890884161, -0.0301513671875], [0.0, 0.0, 0.0, 1.0]], [[-0.9339345693588257, 0.35610058903694153, -0.030960481613874435, 1.0771484375], [0.03402118757367134, 0.0023338627070188522, -0.9994183778762817, 1.5536003112792969], [-0.3558211624622345, -0.934444785118103, -0.014294639229774475, -0.086273193359375], [0.0, 0.0, 0.0, 1.0]]], "view": [[0.0, -2.0, 100.0], [-2.0, 0.0, 100.0], [0.0, 0.0, 1.0]], "bev": "bev_b5adefc918e64a9abc6041437de6f355.png", "aux": "aux_b5adefc918e64a9abc6041437de6f355.npz", "visibility": "visibility_b5adefc918e64a9abc6041437de6f355.png", "pose": [[0.304172545671463, -0.9526169300079346, 0.0, 610.5289306640625], [0.9526169300079346, 0.304172545671463, 0.0, 1443.343994140625], [0.0, 0.0, 1.0, 0.0], [0.0, 0.0, 0.0, 1.0]], "pose_inverse": [[0.304172545671463, 0.9526169300079346, 0.0, -1560.66015625], [-0.9526169300079346, 0.304172545671463, 0.0, 142.57460021972656], [0.0, 0.0, 1.0, 0.0], [0.0, 0.0, 0.0, 1.0]], "cam_ids": [0, 1, 2, 3, 4, 5], "cam_channels": ["CAM_FRONT_LEFT", "CAM_FRONT", "CAM_FRONT_RIGHT", "CAM_BACK_LEFT", "CAM_BACK", "CAM_BACK_RIGHT"], "token": "b5adefc918e64a9abc6041437de6f355", "scene": "scene-0949"}, {"images": ["samples/CAM_FRONT_LEFT/n015-2018-09-26-11-17-24+0800__CAM_FRONT_LEFT__1537932014354844.jpg", "samples/CAM_FRONT/n015-2018-09-26-11-17-24+0800__CAM_FRONT__1537932014362460.jpg", "samples/CAM_FRONT_RIGHT/n015-2018-09-26-11-17-24+0800__CAM_FRONT_RIGHT__1537932014370339.jpg", "samples/CAM_BACK_LEFT/n015-2018-09-26-11-17-24+0800__CAM_BACK_LEFT__1537932014397423.jpg", "samples/CAM_BACK/n015-2018-09-26-11-17-24+0800__CAM_BACK__1537932014387525.jpg", "samples/CAM_BACK_RIGHT/n015-2018-09-26-11-17-24+0800__CAM_BACK_RIGHT__1537932014377893.jpg"], "intrinsics": [[[1272.5979470598488, 0.0, 826.6154927353808], [0.0, 1272.5979470598488, 479.75165386361925], [0.0, 0.0, 1.0]], [[1266.417203046554, 0.0, 816.2670197447984], [0.0, 1266.417203046554, 491.50706579294757], [0.0, 0.0, 1.0]], [[1260.8474446004698, 0.0, 807.968244525554], [0.0, 1260.8474446004698, 495.3344268742088], [0.0, 0.0, 1.0]], [[1256.7414812095406, 0.0, 792.1125740759628], [0.0, 1256.7414812095406, 492.7757465151356], [0.0, 0.0, 1.0]], [[809.2209905677063, 0.0, 829.2196003259838], [0.0, 809.2209905677063, 481.77842384512485], [0.0, 0.0, 1.0]], [[1259.5137405846733, 0.0, 807.2529053838625], [0.0, 1259.5137405846733, 501.19579884916527], [0.0, 0.0, 1.0]]], "extrinsics": [[[0.8192198872566223, -0.5732951760292053, 0.014543738216161728, -0.8648681640625], [0.016841022297739983, -0.0012997949961572886, -0.9998573064804077, 1.5103015899658203], [0.5732322931289673, 0.8193478584289551, 0.008590057492256165, -1.21051025390625], [0.0, 0.0, 0.0, 1.0]], [[0.003566555678844452, -0.9999800324440002, 0.005218615755438805, 0.0057373046875], [0.011572599411010742, -0.005177025217562914, -0.9999196529388428, 1.5216903686523438], [0.9999266266822815, 0.0036266688257455826, 0.011553904972970486, -1.5924072265625], [0.0, 0.0, 0.0, 1.0]], [[-0.8335510492324829, -0.5520368218421936, -0.021165940910577774, 0.96826171875], [0.017270488664507866, 0.012255270965397358, -0.9997757077217102, 1.5049705505371094], [0.5521724224090576, -0.83372962474823, -0.0006814479711465538, -1.2059326171875], [0.0, 0.0, 0.0, 1.0]], [[0.9475670456886292, 0.3189775347709656, 0.01923408731818199, -1.144287109375], [0.02606780081987381, -0.017168210819363594, -0.9995127320289612, 1.5884971618652344], [-0.3184918761253357, 0.9476067423820496, -0.02458307519555092, -0.10302734375], [0.0, 0.0, 0.0, 1.0]], [[0.0031060560140758753, 0.9999670386314392, -0.007499528117477894, 0.0027313232421875], [0.0005981418071314692, -0.0075014210306108, -0.9999717473983765, 1.5793746709823608], [-0.9999949336051941, 0.003101480659097433, -0.0006214235327206552, -0.0250244140625], [0.0, 0.0, 0.0, 1.0]], [[-0.9340292811393738, 0.3560692071914673, -0.028351975604891777, 1.084716796875], [0.0331847183406353, 0.007470276672393084, -0.9994212985038757, 1.5532760620117188], [-0.3556513786315918, -0.9344297647476196, -0.018793515861034393, -0.08294677734375], [0.0, 0.0, 0.0, 1.0]]], "view": [[0.0, -2.0, 100.0], [-2.0, 0.0, 100.0], [0.0, 0.0, 1.0]], "bev": "bev_d570a963cd4444f3953ddc91fdc5201b.png", "aux": "aux_d570a963cd4444f3953ddc91fdc5201b.npz", "visibility": "visibility_d570a963cd4444f3953ddc91fdc5201b.png", "pose": [[0.27812087535858154, -0.96054607629776, 0.0, 610.9291381835938], [0.96054607629776, 0.27812087535858154, 0.0, 1444.64892578125], [0.0, 0.0, 1.0, 0.0], [0.0, 0.0, 0.0, 1.0]], "pose_inverse": [[0.27812087535858154, 0.96054607629776, 0.0, -1557.56396484375], [-0.96054607629776, 0.27812087535858154, 0.0, 185.03858947753906], [0.0, 0.0, 1.0, 0.0], [0.0, 0.0, 0.0, 1.0]], "cam_ids": [0, 1, 2, 3, 4, 5], "cam_channels": ["CAM_FRONT_LEFT", "CAM_FRONT", "CAM_FRONT_RIGHT", "CAM_BACK_LEFT", "CAM_BACK", "CAM_BACK_RIGHT"], "token": "d570a963cd4444f3953ddc91fdc5201b", "scene": "scene-0949"}, {"images": ["samples/CAM_FRONT_LEFT/n015-2018-09-26-11-17-24+0800__CAM_FRONT_LEFT__1537932014854844.jpg", "samples/CAM_FRONT/n015-2018-09-26-11-17-24+0800__CAM_FRONT__1537932014862460.jpg", "samples/CAM_FRONT_RIGHT/n015-2018-09-26-11-17-24+0800__CAM_FRONT_RIGHT__1537932014870339.jpg", "samples/CAM_BACK_LEFT/n015-2018-09-26-11-17-24+0800__CAM_BACK_LEFT__1537932014897423.jpg", "samples/CAM_BACK/n015-2018-09-26-11-17-24+0800__CAM_BACK__1537932014887525.jpg", "samples/CAM_BACK_RIGHT/n015-2018-09-26-11-17-24+0800__CAM_BACK_RIGHT__1537932014877893.jpg"], "intrinsics": [[[1272.5979470598488, 0.0, 826.6154927353808], [0.0, 1272.5979470598488, 479.75165386361925], [0.0, 0.0, 1.0]], [[1266.417203046554, 0.0, 816.2670197447984], [0.0, 1266.417203046554, 491.50706579294757], [0.0, 0.0, 1.0]], [[1260.8474446004698, 0.0, 807.968244525554], [0.0, 1260.8474446004698, 495.3344268742088], [0.0, 0.0, 1.0]], [[1256.7414812095406, 0.0, 792.1125740759628], [0.0, 1256.7414812095406, 492.7757465151356], [0.0, 0.0, 1.0]], [[809.2209905677063, 0.0, 829.2196003259838], [0.0, 809.2209905677063, 481.77842384512485], [0.0, 0.0, 1.0]], [[1259.5137405846733, 0.0, 807.2529053838625], [0.0, 1259.5137405846733, 501.19579884916527], [0.0, 0.0, 1.0]]], "extrinsics": [[[0.8198814988136292, -0.5724449753761292, 0.010049965232610703, -0.87646484375], [0.017754629254341125, 0.007876080460846424, -0.9998113512992859, 1.5101547241210938], [0.5722578763961792, 0.8199052214622498, 0.016621001064777374, -1.218994140625], [0.0, 0.0, 0.0, 1.0]], [[0.004579456523060799, -0.9999819397926331, -0.003877214388921857, 0.00592041015625], [0.012442352250218391, 0.003933934029191732, -0.999914824962616, 1.5216217041015625], [0.9999121427536011, 0.0045308261178433895, 0.01246014516800642, -1.6043701171875], [0.0, 0.0, 0.0, 1.0]], [[-0.8330865502357483, -0.5524916648864746, -0.026826348155736923, 0.976318359375], [0.018068941310048103, 0.021290626376867294, -0.9996100068092346, 1.504852294921875], [0.5528473258018494, -0.8332464098930359, -0.007753993384540081, -1.2110595703125], [0.0, 0.0, 0.0, 1.0]], [[0.9475182890892029, 0.3189029097557068, 0.022581998258829117, -1.1427001953125], [0.02667970024049282, -0.008486472070217133, -0.9996079802513123, 1.5885391235351562], [-0.31858623027801514, 0.9477493762969971, -0.01654932275414467, -0.10345458984375], [0.0, 0.0, 0.0, 1.0]], [[0.0027495569083839655, 0.9999953508377075, 0.0013151211896911263, 0.0027618408203125], [0.0012865763856098056, 0.0013115874025970697, -0.9999983310699463, 1.5793871879577637], [-0.9999954104423523, 0.0027511685620993376, -0.0012829630868509412, -0.0218505859375], [0.0, 0.0, 0.0, 1.0]], [[-0.9342243671417236, 0.3557458519935608, -0.025879986584186554, 1.09130859375], [0.03393487632274628, 0.01641956716775894, -0.9992891550064087, 1.553070068359375], [-0.35506805777549744, -0.9344385862350464, -0.027411751449108124, -0.080352783203125], [0.0, 0.0, 0.0, 1.0]]], "view": [[0.0, -2.0, 100.0], [-2.0, 0.0, 100.0], [0.0, 0.0, 1.0]], "bev": "bev_b5d180ffe28145f8aa8eb9e3fd39c969.png", "aux": "aux_b5d180ffe28145f8aa8eb9e3fd39c969.npz", "visibility": "visibility_b5d180ffe28145f8aa8eb9e3fd39c969.png", "pose": [[0.2547559142112732, -0.9670053720474243, 0.0, 611.300537109375], [0.9670053720474243, 0.2547559142112732, 0.0, 1445.989501953125], [0.0, 0.0, 1.0, 0.0], [0.0, 0.0, 0.0, 1.0]], "pose_inverse": [[0.2547559142112732, 0.9670053720474243, 0.0, -1554.0120849609375], [-0.9670053720474243, 0.2547559142112732, 0.0, 222.75656127929688], [0.0, 0.0, 1.0, 0.0], [0.0, 0.0, 0.0, 1.0]], "cam_ids": [0, 1, 2, 3, 4, 5], "cam_channels": ["CAM_FRONT_LEFT", "CAM_FRONT", "CAM_FRONT_RIGHT", "CAM_BACK_LEFT", "CAM_BACK", "CAM_BACK_RIGHT"], "token": "b5d180ffe28145f8aa8eb9e3fd39c969", "scene": "scene-0949"}, {"images": ["samples/CAM_FRONT_LEFT/n015-2018-09-26-11-17-24+0800__CAM_FRONT_LEFT__1537932015354844.jpg", "samples/CAM_FRONT/n015-2018-09-26-11-17-24+0800__CAM_FRONT__1537932015362460.jpg", "samples/CAM_FRONT_RIGHT/n015-2018-09-26-11-17-24+0800__CAM_FRONT_RIGHT__1537932015370339.jpg", "samples/CAM_BACK_LEFT/n015-2018-09-26-11-17-24+0800__CAM_BACK_LEFT__1537932015397423.jpg", "samples/CAM_BACK/n015-2018-09-26-11-17-24+0800__CAM_BACK__1537932015387525.jpg", "samples/CAM_BACK_RIGHT/n015-2018-09-26-11-17-24+0800__CAM_BACK_RIGHT__1537932015377893.jpg"], "intrinsics": [[[1272.5979470598488, 0.0, 826.6154927353808], [0.0, 1272.5979470598488, 479.75165386361925], [0.0, 0.0, 1.0]], [[1266.417203046554, 0.0, 816.2670197447984], [0.0, 1266.417203046554, 491.50706579294757], [0.0, 0.0, 1.0]], [[1260.8474446004698, 0.0, 807.968244525554], [0.0, 1260.8474446004698, 495.3344268742088], [0.0, 0.0, 1.0]], [[1256.7414812095406, 0.0, 792.1125740759628], [0.0, 1256.7414812095406, 492.7757465151356], [0.0, 0.0, 1.0]], [[809.2209905677063, 0.0, 829.2196003259838], [0.0, 809.2209905677063, 481.77842384512485], [0.0, 0.0, 1.0]], [[1259.5137405846733, 0.0, 807.2529053838625], [0.0, 1259.5137405846733, 501.19579884916527], [0.0, 0.0, 1.0]]], "extrinsics": [[[0.820343554019928, -0.5718566179275513, 0.004063675180077553, -0.883544921875], [0.014777828939259052, 0.014094561338424683, -0.9997915029525757, 1.5096988677978516], [0.5716800689697266, 0.8202325701713562, 0.020013179630041122, -1.22430419921875], [0.0, 0.0, 0.0, 1.0]], [[0.005193396005779505, -0.9999350905418396, -0.010139822028577328, 0.0059967041015625], [0.009415792301297188, 0.010188408195972443, -0.9999037981033325, 1.5212926864624023], [0.9999423027038574, 0.005097423680126667, 0.00946809258311987, -1.6109619140625], [0.0, 0.0, 0.0, 1.0]], [[-0.8328871130943298, -0.5527476668357849, -0.02773270569741726, 0.9801025390625], [0.01499319076538086, 0.027555836364626884, -0.9995077848434448, 1.5045785903930664], [0.5532398819923401, -0.8328929543495178, -0.014663448557257652, -1.21337890625], [0.0, 0.0, 0.0, 1.0]], [[0.9475510120391846, 0.31887373328208923, 0.021603884175419807, -1.14208984375], [0.023549413308501244, -0.0022467474918812513, -0.9997201561927795, 1.5885581970214844], [-0.3187359571456909, 0.947794497013092, -0.009638196788728237, -0.10382080078125], [0.0, 0.0, 0.0, 1.0]], [[0.0025105320382863283, 0.9999682903289795, 0.007556286174803972, 0.0027313232