[{"images": ["samples/CAM_FRONT_LEFT/n015-2018-07-18-11-41-49+0800__CAM_FRONT_LEFT__1531885613004844.jpg", "samples/CAM_FRONT/n015-2018-07-18-11-41-49+0800__CAM_FRONT__1531885613012565.jpg", "samples/CAM_FRONT_RIGHT/n015-2018-07-18-11-41-49+0800__CAM_FRONT_RIGHT__1531885613020339.jpg", "samples/CAM_BACK_LEFT/n015-2018-07-18-11-41-49+0800__CAM_BACK_LEFT__1531885613047423.jpg", "samples/CAM_BACK/n015-2018-07-18-11-41-49+0800__CAM_BACK__1531885613037525.jpg", "samples/CAM_BACK_RIGHT/n015-2018-07-18-11-41-49+0800__CAM_BACK_RIGHT__1531885613027893.jpg"], "intrinsics": [[[1272.5979470598488, 0.0, 826.6154927353808], [0.0, 1272.5979470598488, 479.75165386361925], [0.0, 0.0, 1.0]], [[1266.417203046554, 0.0, 816.2670197447984], [0.0, 1266.417203046554, 491.50706579294757], [0.0, 0.0, 1.0]], [[1260.8474446004698, 0.0, 807.968244525554], [0.0, 1260.8474446004698, 495.3344268742088], [0.0, 0.0, 1.0]], [[1256.7414812095406, 0.0, 792.1125740759628], [0.0, 1256.7414812095406, 492.7757465151356], [0.0, 0.0, 1.0]], [[809.2209905677063, 0.0, 829.2196003259838], [0.0, 809.2209905677063, 481.77842384512485], [0.0, 0.0, 1.0]], [[1259.5137405846733, 0.0, 807.2529053838625], [0.0, 1259.5137405846733, 501.19579884916527], [0.0, 0.0, 1.0]]], "extrinsics": [[[0.8168778419494629, -0.574487030506134, 0.051722925156354904, -0.81396484375], [0.05489234998822212, -0.011838331818580627, -0.9984220862388611, 1.5183792114257812], [0.5741928219795227, 0.8184279799461365, 0.021864471957087517, -1.1749343872070312], [0.0, 0.0, 0.0, 1.0]], [[0.0015185350785031915, -0.9998741745948792, 0.01578451693058014, 0.0057373046875], [0.04938341677188873, -0.01569029688835144, -0.9986566305160522, 1.5280914306640625], [0.998778760433197, 0.0022959886118769646, 0.049353379756212234, -1.5394287109375], [0.0, 0.0, 0.0, 1.0]], [[-0.8330743908882141, -0.5511862635612488, -0.04669840261340141, 0.931396484375], [0.054849833250045776, 0.0016946179093793035, -0.9984931349754333, 1.5103073120117188], [0.5504348278045654, -0.8343805074691772, 0.02882073074579239, -1.181640625], [0.0, 0.0, 0.0, 1.0]], [[0.9465231895446777, 0.318669855594635, 0.05043187364935875, -1.1298828125], [0.06261508911848068, -0.028097029775381088, -0.9976421594619751, 1.5893630981445312], [-0.3165014684200287, 0.947449266910553, -0.046548031270504, -0.107666015625], [0.0, 0.0, 0.0, 1.0]], [[0.004500423092395067, 0.9998263716697693, -0.018086301162838936, 0.0030517578125], [0.037545233964920044, -0.018242675811052322, -0.9991284608840942, 1.5813140869140625], [-0.9992848038673401, 0.0038174507208168507, -0.03762080520391464, -0.050048828125], [0.0, 0.0, 0.0, 1.0]], [[-0.9318152666091919, 0.3567051291465759, -0.0669463649392128, 1.051513671875], [0.07045397907495499, -0.003166697919368744, -0.9975100159645081, 1.5578460693359375], [-0.3560289144515991, -0.9342116713523865, -0.022180521860718727, -0.0958251953125], [0.0, 0.0, 0.0, 1.0]]], "view": [[0.0, -2.0, 100.0], [-2.0, 0.0, 100.0], [0.0, 0.0, 1.0]], "bev": "bev_fbd3aa2098234fb1869d34d920e16eda.png", "aux": "aux_fbd3aa2098234fb1869d34d920e16eda.npz", "visibility": "visibility_fbd3aa2098234fb1869d34d920e16eda.png", "pose": [[-0.04303773120045662, -0.9990734457969666, 0.0, 894.4343872070312], [0.9990734457969666, -0.04303773120045662, 0.0, 1616.2515869140625], [0.0, 0.0, 1.0, 0.0], [0.0, 0.0, 0.0, 1.0]], "pose_inverse": [[-0.04303773120045662, 0.9990734457969666, 0.0, -1576.2596435546875], [-0.9990734457969666, -0.04303773120045662, 0.0, 963.1654663085938], [0.0, 0.0, 1.0, 0.0], [0.0, 0.0, 0.0, 1.0]], "cam_ids": [0, 1, 2, 3, 4, 5], "cam_channels": ["CAM_FRONT_LEFT", "CAM_FRONT", "CAM_FRONT_RIGHT", "CAM_BACK_LEFT", "CAM_BACK", "CAM_BACK_RIGHT"], "token": "fbd3aa2098234fb1869d34d920e16eda", "scene": "scene-0016"}, {"images": ["samples/CAM_FRONT_LEFT/n015-2018-07-18-11-41-49+0800__CAM_FRONT_LEFT__1531885613504844.jpg", "samples/CAM_FRONT/n015-2018-07-18-11-41-49+0800__CAM_FRONT__1531885613512464.jpg", "samples/CAM_FRONT_RIGHT/n015-2018-07-18-11-41-49+0800__CAM_FRONT_RIGHT__1531885613520339.jpg", "samples/CAM_BACK_LEFT/n015-2018-07-18-11-41-49+0800__CAM_BACK_LEFT__1531885613547423.jpg", "samples/CAM_BACK/n015-2018-07-18-11-41-49+0800__CAM_BACK__1531885613537525.jpg", "samples/CAM_BACK_RIGHT/n015-2018-07-18-11-41-49+0800__CAM_BACK_RIGHT__1531885613527893.jpg"], "intrinsics": [[[1272.5979470598488, 0.0, 826.6154927353808], [0.0, 1272.5979470598488, 479.75165386361925], [0.0, 0.0, 1.0]], [[1266.417203046554, 0.0, 816.2670197447984], [0.0, 1266.417203046554, 491.50706579294757], [0.0, 0.0, 1.0]], [[1260.8474446004698, 0.0, 807.968244525554], [0.0, 1260.8474446004698, 495.3344268742088], [0.0, 0.0, 1.0]], [[1256.7414812095406, 0.0, 792.1125740759628], [0.0, 1256.7414812095406, 492.7757465151356], [0.0, 0.0, 1.0]], [[809.2209905677063, 0.0, 829.2196003259838], [0.0, 809.2209905677063, 481.77842384512485], [0.0, 0.0, 1.0]], [[1259.5137405846733, 0.0, 807.2529053838625], [0.0, 1259.5137405846733, 501.19579884916527], [0.0, 0.0, 1.0]]], "extrinsics": [[[0.8164495825767517, -0.5765188932418823, 0.0321878045797348, -0.8267822265625], [0.03989540413022041, 0.0007118857465684414, -0.999203622341156, 1.5149765014648438], [0.576036810874939, 0.8170834183692932, 0.023581674322485924, -1.1836318969726562], [0.0, 0.0, 0.0, 1.0]], [[0.0002805821713991463, -0.9999951124191284, 0.003110871184617281, 0.0052490234375], [0.034289177507162094, -0.0030994212720543146, -0.999407172203064, 1.5253448486328125], [0.999411940574646, 0.0003870806540362537, 0.034288134425878525, -1.552001953125], [0.0, 0.0, 0.0, 1.0]], [[-0.8342342376708984, -0.5498830676078796, -0.04100855439901352, 0.939453125], [0.03968038782477379, 0.014310892671346664, -0.9991098642349243, 1.5080642700195312], [0.5499804019927979, -0.8351189494132996, 0.00988093577325344, -1.1873779296875], [0.0, 0.0, 0.0, 1.0]], [[0.9469899535179138, 0.3187708556652069, 0.03993948549032211, -1.1314697265625], [0.04727494344115257, -0.015304883010685444, -0.9987646341323853, 1.5890655517578125], [-0.3177658021450043, 0.9477081894874573, -0.02956344559788704, -0.1064453125], [0.0, 0.0, 0.0, 1.0]], [[0.004393875133246183, 0.9999756217002869, -0.005431920289993286, 0.003662109375], [0.02222883328795433, -0.0055283005349338055, -0.9997376203536987, 1.5804214477539062], [-0.9997432231903076, 0.004271968733519316, -0.022252576425671577, -0.0462646484375], [0.0, 0.0, 0.0, 1.0]], [[-0.9325023293495178, 0.35793450474739075, -0.04819059371948242, 1.0587158203125], [0.055229201912879944, 0.009461160749197006, -0.9984288811683655, 1.556060791015625], [-0.3569161891937256, -0.9336987733840942, -0.028590992093086243, -0.093841552734375], [0.0, 0.0, 0.0, 1.0]]], "view": [[0.0, -2.0, 100.0], [-2.0, 0.0, 100.0], [0.0, 0.0, 1.0]], "bev": "bev_1ee6726a7f75445b8603980cb2bc20df.png", "aux": "aux_1ee6726a7f75445b8603980cb2bc20df.npz", "visibility": "visibility_1ee6726a7f75445b8603980cb2bc20df.png", "pose": [[-0.09996096044778824, -0.9949913620948792, 0.0, 894.3109130859375], [0.9949913620948792, -0.09996096044778824, 0.0, 1618.1319580078125], [0.0, 0.0, 1.0, 0.0], [0.0, 0.0, 0.0, 1.0]], "pose_inverse": [[-0.09996096044778824, 0.9949913620948792, 0.0, -1520.631103515625], [-0.9949913620948792, -0.09996096044778824, 0.0, 1051.5816650390625], [0.0, 0.0, 1.0, 0.0], [0.0, 0.0, 0.0, 1.0]], "cam_ids": [0, 1, 2, 3, 4, 5], "cam_channels": ["CAM_FRONT_LEFT", "CAM_FRONT", "CAM_FRONT_RIGHT", "CAM_BACK_LEFT", "CAM_BACK", "CAM_BACK_RIGHT"], "token": "1ee6726a7f75445b8603980cb2bc20df", "scene": "scene-0016"}, {"images": ["samples/CAM_FRONT_LEFT/n015-2018-07-18-11-41-49+0800__CAM_FRONT_LEFT__1531885614004844.jpg", "samples/CAM_FRONT/n015-2018-07-18-11-41-49+0800__CAM_FRONT__1531885614012462.jpg", "samples/CAM_FRONT_RIGHT/n015-2018-07-18-11-41-49+0800__CAM_FRONT_RIGHT__1531885614020339.jpg", "samples/CAM_BACK_LEFT/n015-2018-07-18-11-41-49+0800__CAM_BACK_LEFT__1531885614047423.jpg", "samples/CAM_BACK/n015-2018-07-18-11-41-49+0800__CAM_BACK__1531885614037525.jpg", "samples/CAM_BACK_RIGHT/n015-2018-07-18-11-41-49+0800__CAM_BACK_RIGHT__1531885614027893.jpg"], "intrinsics": [[[1272.5979470598488, 0.0, 826.6154927353808], [0.0, 1272.5979470598488, 479.75165386361925], [0.0, 0.0, 1.0]], [[1266.417203046554, 0.0, 816.2670197447984], [0.0, 1266.417203046554, 491.50706579294757], [0.0, 0.0, 1.0]], [[1260.8474446004698, 0.0, 807.968244525554], [0.0, 1260.8474446004698, 495.3344268742088], [0.0, 0.0, 1.0]], [[1256.7414812095406, 0.0, 792.1125740759628], [0.0, 1256.7414812095406, 492.7757465151356], [0.0, 0.0, 1.0]], [[809.2209905677063, 0.0, 829.2196003259838], [0.0, 809.2209905677063, 481.77842384512485], [0.0, 0.0, 1.0]], [[1259.5137405846733, 0.0, 807.2529053838625], [0.0, 1259.5137405846733, 501.19579884916527], [0.0, 0.0, 1.0]]], "extrinsics": [[[0.8140625357627869, -0.5803110003471375, 0.023266855627298355, -0.8382568359375], [0.028303787112236023, -0.00037304015131667256, -0.999599277973175, 1.5126724243164062], [0.5800871253013611, 0.8143948912620544, 0.01612132042646408, -1.1888885498046875], [0.0, 0.0, 0.0, 1.0]], [[-0.0036692251451313496, -0.9999840259552002, 0.004308827221393585, 0.0032958984375], [0.022927798330783844, -0.004391850903630257, -0.9997274875640869, 1.5235023498535156], [0.9997303485870361, -0.0035694402176886797, 0.022943545132875443, -1.5626220703125], [0.0, 0.0, 0.0, 1.0]], [[-0.8364250659942627, -0.5472064018249512, -0.030953604727983475, 0.9461669921875], [0.028639106079936028, 0.012762862257659435, -0.999508261680603, 1.5065879821777344], [0.5473324656486511, -0.8369004130363464, 0.004996323958039284, -1.1937255859375], [0.0, 0.0, 0.0, 1.0]], [[0.9474858045578003, 0.31841859221458435, 0.029668807983398438, -1.13543701171875], [0.03713468462228775, -0.01740080863237381, -0.9991587400436401, 1.588775634765625], [-0.31763437390327454, 0.9477906227111816, -0.028311392292380333, -0.1046142578125], [0.0, 0.0, 0.0, 1.0]], [[0.005615816451609135, 0.999957263469696, -0.007346642669290304, 0.004638671875], [0.011690761893987656, -0.007411908358335495, -0.999904215335846, 1.5798358917236328], [-0.9999158978462219, 0.005529386457055807, -0.011731885373592377, -0.0399169921875], [0.0, 0.0, 0.0, 1.0]], [[-0.9321131706237793, 0.36009863018989563, -0.03865019977092743, 1.0667724609375], [0.044395387172698975, 0.007693951018154621, -0.9989844560623169, 1.5548133850097656], [-0.3594355583190918, -0.93288254737854, -0.023158352822065353, -0.092529296875], [0.0, 0.0, 0.0, 1.0]]], "view": [[0.0, -2.0, 100.0], [-2.0, 0.0, 100.0], [0.0, 0.0, 1.0]], "bev": "bev_7d0b70d62a3a48d4818173cab9983b63.png", "aux": "aux_7d0b70d62a3a48d4818173cab9983b63.npz", "visibility": "visibility_7d0b70d62a3a48d4818173cab9983b63.png", "pose": [[-0.19773881137371063, -0.9802547693252563, 0.0, 894.0606079101562], [0.9802547693252563, -0.19773881137371063, 0.0, 1619.89013671875], [0.0, 0.0, 1.0, 0.0], [0.0, 0.0, 0.0, 1.0]], "pose_inverse": [[-0.19773881137371063, 0.9802547693252563, 0.0, -1411.114501953125], [-0.9802547693252563, -0.19773881137371063, 0.0, 1196.7222900390625], [0.0, 0.0, 1.0, 0.0], [0.0, 0.0, 0.0, 1.0]], "cam_ids": [0, 1, 2, 3, 4, 5], "cam_channels": ["CAM_FRONT_LEFT", "CAM_FRONT", "CAM_FRONT_RIGHT", "CAM_BACK_LEFT", "CAM_BACK", "CAM_BACK_RIGHT"], "token": "7d0b70d62a3a48d4818173cab9983b63", "scene": "scene-0016"}, {"images": ["samples/CAM_FRONT_LEFT/n015-2018-07-18-11-41-49+0800__CAM_FRONT_LEFT__1531885614404844.jpg", "samples/CAM_FRONT/n015-2018-07-18-11-41-49+0800__CAM_FRONT__1531885614412465.jpg", "samples/CAM_FRONT_RIGHT/n015-2018-07-18-11-41-49+0800__CAM_FRONT_RIGHT__1531885614420339.jpg", "samples/CAM_BACK_LEFT/n015-2018-07-18-11-41-49+0800__CAM_BACK_LEFT__1531885614447423.jpg", "samples/CAM_BACK/n015-2018-07-18-11-41-49+0800__CAM_BACK__1531885614437525.jpg", "samples/CAM_BACK_RIGHT/n015-2018-07-18-11-41-49+0800__CAM_BACK_RIGHT__1531885614427893.jpg"], "intrinsics": [[[1272.5979470598488, 0.0, 826.6154927353808], [0.0, 1272.5979470598488, 479.75165386361925], [0.0, 0.0, 1.0]], [[1266.417203046554, 0.0, 816.2670197447984], [0.0, 1266.417203046554, 491.50706579294757], [0.0, 0.0, 1.0]], [[1260.8474446004698, 0.0, 807.968244525554], [0.0, 1260.8474446004698, 495.3344268742088], [0.0, 0.0, 1.0]], [[1256.7414812095406, 0.0, 792.1125740759628], [0.0, 1256.7414812095406, 492.7757465151356], [0.0, 0.0, 1.0]], [[809.2209905677063, 0.0, 829.2196003259838], [0.0, 809.2209905677063, 481.77842384512485], [0.0, 0.0, 1.0]], [[1259.5137405846733, 0.0, 807.2529053838625], [0.0, 1259.5137405846733, 501.19579884916527], [0.0, 0.0, 1.0]]], "extrinsics": [[[0.8128758668899536, -0.581900417804718, 0.024991294369101524, -0.84130859375], [0.029702793806791306, -0.0014359060442075133, -0.9995577335357666, 1.5128059387207031], [0.5816789865493774, 0.813258707523346, 0.016116855666041374, -1.189239501953125], [0.0, 0.0, 0.0, 1.0]], [[-0.005136461928486824, -0.9999738335609436, 0.005078885238617659, 0.0015869140625], [0.024513857439160347, -0.005203341133892536, -0.9996860027313232, 1.5236358642578125], [0.9996863007545471, -0.005010334309190512, 0.024539943784475327, -1.565185546875], [0.0, 0.0, 0.0, 1.0]], [[-0.8368803262710571, -0.5464404821395874, -0.03215586766600609, 0.947479248046875], [0.030441071838140488, 0.012193530797958374, -0.9994621872901917, 1.5067119598388672], [0.5465387105941772, -0.8374090194702148, 0.006429709959775209, -1.1959228515625], [0.0, 0.0, 0.0, 1.0]], [[0.9473058581352234, 0.3187289237976074, 0.031991779804229736, -1.13604736328125], [0.039535339921712875, -0.017224807292222977, -0.9990696907043457, 1.5887222290039062], [-0.3178812563419342, 0.9476893544197083, -0.02891821414232254, -0.1024169921875], [0.0, 0.0, 0.0, 1.0]], [[0.005931331310421228, 0.9999548196792603, -0.0074346973560750484, 0.0081787109375], [0.013866334222257137, -0.0075163585133850574, -0.9998756051063538, 1.5798606872558594], [-0.9998862147331238, 0.005827486980706453, -0.013910289853811264, -0.0374755859375], [0.0, 0.0, 0.0, 1.0]], [[-0.9317993521690369, 0.3606964647769928, -0.040595389902591705, 1.070068359375], [0.046356189996004105, 0.007330303080379963, -0.9988980889320374, 1.5548591613769531], [-0.36000141501426697, -0.9326545000076294, -0.023550886660814285, -0.094482421875], [0.0, 0.0, 0.0, 1.0]]], "view": [[0.0, -2.0, 100.0], [-2.0, 0.0, 100.0], [0.0, 0.0, 1.0]], "bev": "bev_d64e599dc5c64226895649debdd49793.png", "aux": "aux_d64e599dc5c64226895649debdd49793.npz", "visibility": "visibility_d64e599dc5c64226895649debdd49793.png", "pose": [[-0.3052646815776825, -0.9522675275802612, 0.0, 893.7154541015625], [0.9522675275802612, -0.3052646815776825, 0.0, 1621.2366943359375], [0.0, 0.0, 1.0, 0.0], [0.0, 0.0, 0.0, 1.0]], "pose_inverse": [[-0.3052646815776825, 0.9522675275802612, 0.0, -1271.0313720703125], [-0.9522675275802612, -0.3052646815776825, 0.0, 1345.9625244140625], [0.0, 0.0, 1.0, 0.0], [0.0, 0.0, 0.0, 1.0]], "cam_ids": [0, 1, 2, 3, 4, 5], "cam_channels": ["CAM_FRONT_LEFT", "CAM_FRONT", "CAM_FRONT_RIGHT", "CAM_BACK_LEFT", "CAM_BACK", "CAM_BACK_RIGHT"], "token": "d64e599dc5c64226895649debdd49793", "scene": "scene-0016"}, {"images": ["samples/CAM_FRONT_LEFT/n015-2018-07-18-11-41-49+0800__CAM_FRONT_LEFT__1531885614854844.jpg", "samples/CAM_FRONT/n015-2018-07-18-11-41-49+0800__CAM_FRONT__1531885614862460.jpg", "samples/CAM_FRONT_RIGHT/n015-2018-07-18-11-41-49+0800__CAM_FRONT_RIGHT__1531885614870339.jpg", "samples/CAM_BACK_LEFT/n015-2018-07-18-11-41-49+0800__CAM_BACK_LEFT__1531885614897423.jpg", "samples/CAM_BACK/n015-2018-07-18-11-41-49+0800__CAM_BACK__1531885614887525.jpg", "samples/CAM_BACK_RIGHT/n015-2018-07-18-11-41-49+0800__CAM_BACK_RIGHT__1531885614877893.jpg"], "intrinsics": [[[1272.5979470598488, 0.0, 826.6154927353808], [0.0, 1272.5979470598488, 479.75165386361925], [0.0, 0.0, 1.0]], [[1266.417203046554, 0.0, 816.2670197447984], [0.0, 1266.417203046554, 491.50706579294757], [0.0, 0.0, 1.0]], [[1260.8474446004698, 0.0, 807.968244525554], [0.0, 1260.8474446004698, 495.3344268742088], [0.0, 0.0, 1.0]], [[1256.7414812095406, 0.0, 792.1125740759628], [0.0, 1256.7414812095406, 492.7757465151356], [0.0, 0.0, 1.0]], [[809.2209905677063, 0.0, 829.2196003259838], [0.0, 809.2209905677063, 481.77842384512485], [0.0, 0.0, 1.0]], [[1259.5137405846733, 0.0, 807.2529053838625], [0.0, 1259.5137405846733, 501.19579884916527], [0.0, 0.0, 1.0]]], "extrinsics": [[[0.8102125525474548, -0.5855427384376526, 0.02636784501373768, -0.83447265625], [0.030543440952897072, -0.0027474691160023212, -0.9995296597480774, 1.5131416320800781], [0.5853397846221924, 0.8106368184089661, 0.015658456832170486, -1.1873779296875], [0.0, 0.0, 0.0, 1.0]], [[-0.008885243907570839, -0.9999384880065918, 0.006637008395045996, 0.0050048828125], [0.02530854381620884, -0.00686001917347312, -0.9996562004089355, 1.5239067077636719], [0.999640166759491, -0.008714193478226662, 0.025367939844727516, -1.55908203125], [0.0, 0.0, 0.0, 1.0]], [[-0.8385271430015564, -0.543934166431427, -0.031746428459882736, 0.9443283081054688], [0.031266748905181885, 0.010132214985787868, -0.9994597434997559, 1.5069341659545898], [0.5439618825912476, -0.8390666842460632, 0.008510914631187916, -1.190673828125], [0.0, 0.0, 0.0, 1.0]], [[0.9474197626113892, 0.3184342384338379, 0.031550269573926926, -1.13519287109375], [0.040214940905570984, -0.020671246573328972, -0.9989771842956543, 1.5888671875], [-0.31745627522468567, 0.9477195739746094, -0.032390158623456955, -0.1063232421875], [0.0, 0.0, 0.0, 1.0]], [[0.0072385771200060844, 0.9999205470085144, -0.010322044603526592, 0.002685546875], [0.014631051570177078, -0.010427115485072136, -0.9998385906219482, 1.5800018310546875], [-0.9998667240142822, 0.007086427416652441, -0.014705363661050797, -0.0421142578125], [0.0, 0.0, 0.0, 1.0]], [[-0.930933952331543, 0.3627395033836365, -0.04221411049365997, 1.0626220703125], [0.047187868505716324, 0.004858044441789389, -0.9988742470741272, 1.5551605224609375], [-0.36212608218193054, -0.9318779110908508, -0.021639425307512283, -0.0914306640625], [0.0, 0.0, 0.0, 1.0]]], "view": [[0.0, -2.0, 100.0], [-2.0, 0.0, 100.0], [0.0, 0.0, 1.0]], "bev": "bev_581b3ac0f7904012b2569fb92a986640.png", "aux": "aux_581b3ac0f7904012b2569fb92a986640.npz", "visibility": "visibility_581b3ac0f7904012b2569fb92a986640.png", "pose": [[-0.45476940274238586, -0.8906092047691345, 0.0, 893.1165771484375], [0.8906092047691345, -0.45476940274238586, 0.0, 1622.7132568359375], [0.0, 0.0, 1.0, 0.0], [0.0, 0.0, 0.0, 1.0]], "pose_inverse": [[-0.45476940274238586, 0.8906092047691345, 0.0, -1039.041259765625], [-0.8906092047691345, -0.45476940274238586, 0.0, 1533.378173828125], [0.0, 0.0, 1.0, 0.0], [0.0, 0.0, 0.0, 1.0]], "cam_ids": [0, 1, 2, 3, 4, 5], "cam_channels": ["CAM_FRONT_LEFT", "CAM_FRONT", "CAM_FRONT_RIGHT", "CAM_BACK_LEFT", "CAM_BACK", "CAM_BACK_RIGHT"], "token": "581b3ac0f7904012b2569fb92a986640", "scene": "scene-0016"}, {"images": ["samples/CAM_FRONT_LEFT/n015-2018-07-18-11-41-49+0800__CAM_FRONT_LEFT__1531885615404844.jpg", "samples/CAM_FRONT/n015-2018-07-18-11-41-49+0800__CAM_FRONT__1531885615412465.jpg", "samples/CAM_FRONT_RIGHT/n015-2018-07-18-11-41-49+0800__CAM_FRONT_RIGHT__1531885615420339.jpg", "samples/CAM_BACK_LEFT/n015-2018-07-18-11-41-49+0800__CAM_BACK_LEFT__1531885615447423.jpg", "samples/CAM_BACK/n015-2018-07-18-11-41-49+0800__CAM_BACK__1531885615437525.jpg", "samples/CAM_BACK_RIGHT/n015-2018-07-18-11-41-49+0800__CAM_BACK_RIGHT__1531885615427893.jpg"], "intrinsics": [[[1272.5979470598488, 0.0, 826.6154927353808], [0.0, 1272.5979470598488, 479.75165386361925], [0.0, 0.0, 1.0]], [[1266.417203046554, 0.0, 816.2670197447984], [0.0, 1266.417203046554, 491.50706579294757], [0.0, 0.0, 1.0]], [[1260.8474446004698, 0.0, 807.968244525554], [0.0, 1260.8474446004698, 495.3344268742088], [0.0, 0.0, 1.0]], [[1256.7414812095406, 0.0, 792.1125740759628], [0.0, 1256.7414812095406, 492.7757465151356], [0.0, 0.0, 1.0]], [[809.2209905677063, 0.0, 829.2196003259838], [0.0, 809.2209905677063, 481.77842384512485], [0.0, 0.0, 1.0]], [[1259.5137405846733, 0.0, 807.2529053838625], [0.0, 1259.5137405846733, 501.19579884916527], [0.0, 0.0, 1.0]]], "extrinsics": [[[0.8111538887023926, -0.5845990180969238, 0.016532326117157936, -0.840087890625], [0.02050798013806343, 0.00018179880862589926, -0.9997896552085876, 1.5115127563476562], [0.5844730138778687, 0.8113222718238831, 0.012136412784457207, -1.181396484375], [0.0, 0.0, 0.0, 1.0]], [[-0.00769786536693573, -0.9999637603759766, 0.003628295846283436, -0.0042724609375], [0.015084794722497463, -0.0037441139575093985, -0.9998792409896851, 1.5224809646606445], [0.9998564720153809, -0.0076422374695539474, 0.01511306967586279, -1.5611572265625], [0.0, 0.0, 0.0, 1.0]], [[-0.838193953037262, -0.5448082685470581, -0.02479415386915207, 0.942779541015625], [0.020824559032917023, 0.013457047753036022, -0.9996925592422485, 1.5058679580688477], [0.5449743866920471, -0.8384526371955872, 6.577688327524811e-05, -1.198486328125], [0.0, 0.0, 0.0, 1.0]], [[0.9474673271179199, 0.31909847259521484, 0.021948928013443947, -1.1351242065429688], [0.028788026422262192, -0.01673137955367565, -0.9994454979896545, 1.5885467529296875], [-0.3185542821884155, 0.9475738406181335, -0.02503865212202072, -0.097412109375], [0.0, 0.0, 0.0, 1.0]], [[0.006473559886217117, 0.9999566674232483, -0.006690349895507097, 0.0123291015625], [0.003526835236698389, -0.006713278125971556, -0.9999712705612183, 1.5794363021850586], [-0.9999728202819824, 0.006449773442000151, -0.0035701433662325144, -0.03851318359375], [0.0, 0.0, 0.0, 1.0]], [[-0.9316721558570862, 0.3619820773601532, -0.03091827780008316, 1.06982421875], [0.03641866147518158, 0.00838044099509716, -0.9993014931678772, 1.5542831420898438], [-0.36147019267082214, -0.9321473836898804, -0.020990727469325066, -0.1005859375], [0.0, 0.0, 0.0, 1.0]]], "view": [[0.0, -2.0, 100.0], [-2.0, 0.0, 100.0], [0.0, 0.0, 1.0]], "bev": "bev_9234bbf8c7c14d758c541f475cfa95b3.png", "aux": "aux_9234bbf8c7c14d758c541f475cfa95b3.npz", "visibility": "visibility_9234bbf8c7c14d758c541f475cfa95b3.png", "pose": [[-0.6402181386947632, -0.7681931257247925, 0.0, 892.0061645507812], [0.7681931257247925, -0.6402181386947632, 0.0, 1624.3974609375], [0.0, 0.0, 1.0, 0.0], [0.0, 0.0, 0.0, 1.0]], "pose_inverse": [[-0.6402181386947632, 0.7681931257247925, 0.0, -676.7724609375], [-0.7681931257247925, -0.6402181386947632, 0.0, 1725.2017822265625], [0.0, 0.0, 1.0, 0.0], [0.0, 0.0, 0.0, 1.0]], "cam_ids": [0, 1, 2, 3, 4, 5], "cam_channels": ["CAM_FRONT_LEFT", "CAM_FRONT", "CAM_FRONT_RIGHT", "CAM_BACK_LEFT", "CAM_BACK", "CAM_BACK_RIGHT"], "token": "9234bbf8c7c14d758c541f475cfa95b3", "scene": "scene-0016"}, {"images": ["samples/CAM_FRONT_LEFT/n015-2018-07-18-11-41-49+0800__CAM_FRONT_LEFT__1531885615904844.jpg", "samples/CAM_FRONT/n015-2018-07-18-11-41-49+0800__CAM_FRONT__1531885615912463.jpg", "samples/CAM_FRONT_RIGHT/n015-2018-07-18-11-41-49+0800__CAM_FRONT_RIGHT__1531885615920339.jpg", "samples/CAM_BACK_LEFT/n015-2018-07-18-11-41-49+0800__CAM_BACK_LEFT__1531885615947423.jpg", "samples/CAM_BACK/n015-2018-07-18-11-41-49+0800__CAM_BACK__1531885615937525.jpg", "samples/CAM_BACK_RIGHT/n015-2018-07-18-11-41-49+0800__CAM_BACK_RIGHT__1531885615927893.jpg"], "intrinsics": [[[1272.5979470598488, 0.0, 826.6154927353808], [0.0, 1272.5979470598488, 479.75165386361925], [0.0, 0.0, 1.0]], [[1266.417203046554, 0.0, 816.2670197447984], [0.0, 1266.417203046554, 491.50706579294757], [0.0, 0.0, 1.0]], [[1260.8474446004698, 0.0, 807.968244525554], [0.0, 1260.8474446004698, 495.3344268742088], [0.0, 0.0, 1.0]], [[1256.7414812095406, 0.0, 792.1125740759628], [0.0, 1256.7414812095406, 492.7757465151356], [0.0, 0.0, 1.0]], [[809.2209905677063, 0.0, 829.2196003259838], [0.0, 809.2209905677063, 481.77842384512485], [0.0, 0.0, 1.0]], [[1259.5137405846733, 0.0, 807.2529053838625], [0.0, 1259.5137405846733, 501.19579884916527], [0.0, 0.0, 1.0]]], "extrinsics": [[[0.8119654655456543, -0.5836448669433594, 0.008410619571805, -0.836669921875], [0.010373103432357311, 2.1303061657818034e-05, -0.9999462366104126, 1.5099323987960815], [0.5836132764816284, 0.8120090961456299, 0.006071505602449179, -1.1806640625], [0.0, 0.0, 0.0, 1.0]], [[-0.006697178818285465, -0.9999703168869019, 0.003806646214798093, -0.0028076171875], [0.004899293649941683, -0.00383949838578701, -0.9999806880950928, 1.521165370941162], [0.999965488910675, -0.006678415462374687, 0.004924862179905176, -1.557952880859375], [0.0, 0.0, 0.0, 1.0]], [[-0.8380001783370972, -0.5454297065734863, -0.016189103946089745, 0.9412841796875], [0.010567454621195793, 0.013441161252558231, -0.999853789806366, 1.5048274993896484], [0.5455676317214966, -0.8380487561225891, -0.00549989053979516, -1.196044921875], [0.0, 0.0, 0.0, 1.0]], [[0.947677493095398, 0.3189924955368042, 0.012288087978959084, -1.13616943359375], [0.018437812104821205, -0.016265984624624252, -0.9996976852416992, 1.5885276794433594], [-0.31869620084762573, 0.9476175904273987, -0.021296432241797447, -0.098876953125], [0.0, 0.0, 0.0, 1.0]], [[0.006141450256109238, 0.9999600052833557, -0.0065017505548894405, 0.010009765625], [-0.006808723788708448, -0.006459907162934542, -0.9999560117721558, 1.579026222229004], [-0.9999579787254333, 0.006185497622936964, 0.006768778432160616, -0.040283203125], [0.0, 0.0, 0.0, 1.0]], [[-0.9321329593658447, 0.36148929595947266, -0.021300768479704857, 1.06646728515625], [0.02612864226102829, 0.008472269400954247, -0.9996227025985718, 1.5535502433776855], [-0.36117249727249146, -0.9323378205299377, -0.01734250597655773, -0.09912109375], [0.0, 0.0, 0.0, 1.0]]], "view": [[0.0, -2.0, 100.0], [-2.0, 0.0, 100.0], [0.0, 0.0, 1.0]], "bev": "bev_80905606dcda4d78a5eb61e1676e1ef8.png", "aux": "aux_80905606dcda4d78a5eb61e1676e1ef8.npz", "visibility": "visibility_80905606dcda4d78a5eb61e1676e1ef8.png", "pose": [[-0.7802801728248596, -0.6254301071166992, 0.0, 890.7095947265625], [0.6254301071166992, -0.7802801728248596, 0.0, 1625.666015625], [0.0, 0.0, 1.0, 0.0], [0.0, 0.0, 0.0, 1.0]], "pose_inverse": [[-0.7802801728248596, 0.6254301071166992, 0.0, -321.7374572753906], [-0.6254301071166992, -0.7802801728248596, 0.0, 1825.5516357421875], [0.0, 0.0, 1.0, 0.0], [0.0, 0.0, 0.0, 1.0]], "cam_ids": [0, 1, 2, 3, 4, 5], "cam_channels": ["CAM_FRONT_LEFT", "CAM_FRONT", "CAM_FRONT_RIGHT", "CAM_BACK_LEFT", "CAM_BACK", "CAM_BACK_RIGHT"], "token": "80905606dcda4d78a5eb61e1676e1ef8", "scene": "scene-0016"}, {"images": ["samples/CAM_FRONT_LEFT/n015-2018-07-18-11-41-49+0800__CAM_FRONT_LEFT__1531885616404844.jpg", "samples/CAM_FRONT/n015-2018-07-18-11-41-49+0800__CAM_FRONT__1531885616412471.jpg", "samples/CAM_FRONT_RIGHT/n015-2018-07-18-11-41-49+0800__CAM_FRONT_RIGHT__1531885616420339.jpg", "samples/CAM_BACK_LEFT/n015-2018-07-18-11-41-49+0800__CAM_BACK_LEFT__1531885616447423.jpg", "samples/CAM_BACK/n015-2018-07-18-11-41-49+0800__CAM_BACK__1531885616437525.jpg", "samples/CAM_BACK_RIGHT/n015-2018-07-18-11-41-49+0800__CAM_BACK_RIGHT__1531885616427893.jpg"], "intrinsics": [[[1272.5979470598488, 0.0, 826.6154927353808], [0.0, 1272.5979470598488, 479.75165386361925], [0.0, 0.0, 1.0]], [[1266.417203046554, 0.0, 816.2670197447984], [0.0, 1266.417203046554, 491.50706579294757], [0.0, 0.0, 1.0]], [[1260.8474446004698, 0.0, 807.968244525554], [0.0, 1260.8474446004698, 495.3344268742088], [0.0, 0.0, 1.0]], [[1256.7414812095406, 0.0, 792.1125740759628], [0.0, 1256.7414812095406, 492.7757465151356], [0.0, 0.0, 1.0]], [[809.2209905677063, 0.0, 829.2196003259838], [0.0, 809.2209905677063, 481.77842384512485], [0.0, 0.0, 1.0]], [[1259.5137405846733, 0.0, 807.2529053838625], [0.0, 1259.5137405846733, 501.19579884916527], [0.0, 0.0, 1.0]]], "extrinsics": [[[0.8163315653800964, -0.5775377154350281, 0.0072826240211725235, -0.8096923828125], [0.009013121947646141, 0.00013049978588242084, -0.999959409236908, 1.509961724281311], [0.5775132179260254, 0.816364049911499, 0.005311948712915182, -1.170654296875], [0.0, 0.0, 0.0, 1.0]], [[-0.0006015262333676219, -0.9999921917915344, 0.0039008520543575287, 0.0045166015625], [0.003651134902611375, -0.0039030236657708883, -0.9999857544898987, 1.5211105346679688], [0.9999931454658508, -0.0005872715264558792, 0.00365345343016088, -1.5340957641601562], [0.0, 0.0, 0.0, 1.0]], [[-0.8354827761650085, -0.5493097305297852, -0.01507910992950201, 0.92803955078125], [0.009322903119027615, 0.01326756738126278, -0.9998684525489807, 1.5048084259033203], [0.5494375228881836, -0.8355134725570679, -0.005963662173599005, -1.18017578125], [0.0, 0.0, 0.0, 1.0]], [[0.9478253722190857, 0.31858646869659424, 0.011385009624063969, -1.13079833984375], [0.017695466056466103, -0.016920417547225952, -0.9997001886367798, 1.5887470245361328], [-0.3182982802391052, 0.947742760181427, -0.02167513780295849, -0.1065673828125], [0.0, 0.0, 0.0, 1.0]], [[0.004492548760026693, 0.9999654293060303, -0.007006398867815733, 0.0037841796875], [-0.007681026589125395, -0.006971755996346474, -0.9999461770057678, 1.5789470672607422], [-0.9999604821205139, 0.0045461347326636314, 0.007649438455700874, -0.0510101318359375], [0.0, 0.0, 0.0, 1.0]], [[-0.9333490133285522, 0.3583866059780121, -0.020459448918700218, 1.04931640625], [0.02506488747894764, 0.008208883926272392, -0.9996521472930908, 1.5537948608398438], [-0.3580939769744873, -0.9335372447967529, -0.01664467342197895, -0.09765625], [0.0, 0.0, 0.0, 1.0]]], "view": [[0.0, -2.0, 100.0], [-2.0, 0.0, 100.0], [0.0, 0.0, 1.0]], "bev": "bev_3c7491fa33b74757a8feab372f66b280.png", "aux": "aux_3c7491fa33b74757a8feab372f66b280.npz", "visibility": "visibility_3c7491fa33b74757a8feab372f66b280.png", "pose": [[-0.8536975383758545, -0.5207691788673401, 0.0, 889.0999755859375], [0.5207691788673401, -0.8536975383758545, 0.0, 1626.7952880859375], [0.0, 0.0, 1.0, 0.0], [0.0, 0.0, 0.0, 1.0]], "pose_inverse": [[-0.8536975383758545, 0.5207691788673401, 0.0, -88.162353515625], [-0.5207691788673401, -0.8536975383758545, 0.0, 1851.8070068359375], [0.0, 0.0, 1.0, 0.0], [0.0, 0.0, 0.0, 1.0]], "cam_ids": [0, 1, 2, 3, 4, 5], "cam_channels": ["CAM_FRONT_LEFT", "CAM_FRONT", "CAM_FRONT_RIGHT", "CAM_BACK_LEFT", "CAM_BACK", "CAM_BACK_RIGHT"], "token": "3c7491fa33b74757a8feab372f66b280", "scene": "scene-0016"}, {"images": ["samples/CAM_FRONT_LEFT/n015-2018-07-18-11-41-49+0800__CAM_FRONT_LEFT__1531885616904844.jpg", "samples/CAM_FRONT/n015-2018-07-18-11-41-49+0800__CAM_FRONT__1531885616912466.jpg", "samples/CAM_FRONT_RIGHT/n015-2018-07-18-11-41-49+0800__CAM_FRONT_RIGHT__1531885616920349.jpg", "samples/CAM_BACK_LEFT/n015-2018-07-18-11-41-49+0800__CAM_BACK_LEFT__1531885616947437.jpg", "samples/CAM_BACK/n015-2018-07-18-11-41-49+0800__CAM_BACK__1531885616937525.jpg", "samples/CAM_BACK_RIGHT/n015-2018-07-18-11-41-49+0800__CAM_BACK_RIGHT__1531885616927893.jpg"], "intrinsics": [[[1272.5979470598488, 0.0, 826.6154927353808], [0.0, 1272.5979470598488, 479.75165386361925], [0.0, 0.0, 1.0]], [[1266.417203046554, 0.0, 816.2670197447984], [0.0, 1266.417203046554, 491.50706579294757], [0.0, 0.0, 1.0]], [[1260.8474446004698, 0.0, 807.968244525554], [0.0, 1260.8474446004698, 495.3344268742088], [0.0, 0.0, 1.0]], [[1256.7414812095406, 0.0, 792.1125740759628], [0.0, 1256.7414812095406, 492.7757465151356], [0.0, 0.0, 1.0]], [[809.2209905677063, 0.0, 829.2196003259838], [0.0, 809.2209905677063, 481.77842384512485], [0.0, 0.0, 1.0]], [[1259.5137405846733, 0.0, 807.2529053838625], [0.0, 1259.5137405846733, 501.19579884916527], [0.0, 0.0, 1.0]]], "extrinsics": [[[0.8203112483024597, -0.571900486946106, 0.004374881740659475, -0.7952880859375], [0.007210303097963333, 0.0026926726568490267, -0.9999703764915466, 1.5097241401672363], [0.571871817111969, 0.8203185200691223, 0.006332406308501959, -1.16455078125], [0.0, 0.0, 0.0, 1.0]], [[0.005101103335618973, -0.9999860525131226, 0.0013779508881270885, 0.0076904296875], [0.001979714957997203, -0.0013678674586117268, -0.9999971389770508, 1.5208739042282104], [0.9999849796295166, 0.005103783216327429, 0.0019727088510990143, -1.5215184688568115], [0.0, 0.0, 0.0, 1.0]], [[-0.8330450057983398, -0.552997350692749, -0.015159975737333298, 0.92059326171875], [0.00768190436065197, 0.015837784856557846, -0.999845027923584, 1.5046577453613281], [0.5531517267227173, -0.8330323696136475, -0.008945515379309654, -1.1728515625], [0.0, 0.0, 0.0, 1.0]], [[0.9477046728134155, 0.31896066665649414, 0.010950171388685703, -1.1317138671875], [0.016450220718979836, -0.014554847031831741, -0.9997587203979492, 1.5887413024902344], [-0.31872427463531494, 0.9476562142372131, -0.01904067024588585, -0.1075439453125], [0.0, 0.0, 0.0, 1.0]], [[0.0026030526496469975, 0.9999862313270569, -0.004547609016299248, 0.002685546875], [-0.008998340927064419, -0.004524016287177801, -0.9999493360519409, 1.578850269317627], [-0.9999560713768005, 0.0026438161730766296, 0.008986443281173706, -0.05460548400878906], [0.0, 0.0, 0.0, 1.0]], [[-0.9345657229423523, 0.35532382130622864, -0.018214408308267593, 1.04180908203125], [0.02359563298523426, 0.010816613212227821, -0.9996631145477295, 1.553812026977539], [-0.35500702261924744, -0.934680700302124, -0.01849292777478695, -0.098388671875], [0.0, 0.0, 0.0, 1.0]]], "view": [[0.0, -2.0, 100.0], [-2.0, 0.0, 100.0], [0.0, 0.0, 1.0]], "bev": "bev_b9ee1bc6c5a24dea896c52970bc5fa6f.png", "aux": "aux_b9ee1bc6c5a24dea896c52970bc5fa6f.npz", "visibility": "visibility_b9ee1bc6c5a24dea896c52970bc5fa6f.png", "pose": [[-0.874760091304779, -0.4845562279224396, 0.0, 887.252197265625], [0.4845562279224396, -0.874760091304779, 0.0, 1627.880615234375], [0.0, 0.0, 1.0, 0.0], [0.0, 0.0, 0.0, 1.0]], "pose_inverse": [[-0.874760091304779, 0.4845562279224396, 0.0, -12.666864395141602], [-0.4845562279224396, -0.874760091304779, 0.0, 1853.9285888671875], [0.0, 0.0, 1.0, 0.0], [0.0, 0.0, 0.0, 1.0]], "cam_ids": [0, 1, 2, 3, 4, 5], "cam_channels": ["CAM_FRONT_LEFT", "CAM_FRONT", "CAM_FRONT_RIGHT", "CAM_BACK_LEFT", "CAM_BACK", "CAM_BACK_RIGHT"], "token": "b9ee1bc6c5a24dea896c52970bc5fa6f", "scene": "scene-0016"}, {"images": ["samples/CAM_FRONT_LEFT/n015-2018-07-18-11-41-49+0800__CAM_FRONT_LEFT__1531885617404844.jpg", "samples/CAM_FRONT/n015-2018-07-18-11-41-49+0800__CAM_FRONT__1531885617412466.jpg", "samples/CAM_FRONT_RIGHT/n015-2018-07-18-11-41-49+0800__CAM_FRONT_RIGHT__1531885617420339.jpg", "samples/CAM_BACK_LEFT/n015-2018-07-18-11-41-49+0800__CAM_BACK_LEFT__1531885617447423.jpg", "samples/CAM_BACK/n015-2018-07-18-11-41-49+0800__CAM_BACK__1531885617437525.jpg", "samples/CAM_BACK_RIGHT/n015-2018-07-18-11-41-49+0800__CAM_BACK_RIGHT__1531885617427893.jpg"], "intrinsics": [[[1272.5979470598488, 0.0, 826.6154927353808], [0.0, 1272.5979470598488, 479.75165386361925], [0.0, 0.0, 1.0]], [[1266.417203046554, 0.0, 816.2670197447984], [0.0, 1266.417203046554, 491.50706579294757], [0.0, 0.0, 1.0]], [[1260.8474446004698, 0.0, 807.968244525554], [0.0, 1260.8474446004698, 495.3344268742088], [0.0, 0.0, 1.0]], [[1256.7414812095406, 0.0, 792.1125740759628], [0.0, 1256.7414812095406, 492.7757465151356], [0.0, 0.0, 1.0]], [[809.2209905677063, 0.0, 829.2196003259838], [0.0, 809.2209905677063, 481.77842384512485], [0.0, 0.0, 1.0]], [[1259.5137405846733, 0.0, 807.2529053838625], [0.0, 1259.5137405846733, 501.19579884916527], [0.0, 0.0, 1.0]]], "extrinsics": [[[0.821592390537262, -0.5700015425682068, 0.009176247753202915, -0.785888671875], [0.012267266400158405, 0.0015844607260078192, -0.9999235272407532, 1.5109033584594727], [0.5699434876441956, 0.8216420412063599, 0.008294141851365566, -1.1585693359375], [0.0, 0.0, 0.0, 1.0]], [[0.00692338403314352, -0.999972939491272, 0.0024878550320863724, 0.008056640625], [0.00690967682749033, -0.00244001648388803, -0.9999731779098511, 1.5217766761779785], [0.9999521374702454, 0.006940377410501242, 0.0068925959058105946, -1.5129756927490234], [0.0, 0.0, 0.0, 1.0]], [[-0.832217276096344, -0.5541382431983948, -0.01857573166489601, 0.91583251953125], [0.012446671724319458, 0.01482286024838686, -0.9998126029968262, 1.5053787231445312], [0.5543098449707031, -0.8322926759719849, -0.005438663065433502, -1.16943359375], [0.0, 0.0, 0.0, 1.0]], [[0.9476180076599121, 0.319061279296875, 0.014840040355920792, -1.13427734375], [0.020879363641142845, -0.015516268089413643, -0.9996615648269653, 1.588735580444336], [-0.31872299313545227, 0.9476071000099182, -0.021365288645029068, -0.1068115234375], [0.0, 0.0, 0.0, 1.0]], [[0.0020649253856390715, 0.9999827742576599, -0.005508084315806627, 0.002197265625], [-0.0044622416608035564, -0.005498827435076237, -0.9999749064445496, 1.5791091918945312], [-0.9999879002571106, 0.0020894187036901712, 0.004450810141861439, -0.05490875244140625], [0.0, 0.0, 0.0, 1.0]], [[-0.93482506275177, 0.3543672263622284, -0.022933464497327805, 1.03857421875], [0.028257008641958237, 0.009854653850197792, -0.9995521306991577, 1.554372787475586], [-0.35398247838020325, -0.9350544214248657, -0.01922573335468769, -0.0994873046875], [0.0, 0.0, 0.0, 1.0]]], "view": [[0.0, -2.0, 100.0], [-2.0, 0.0, 100.0], [0.0, 0.0, 1.0]], "bev": "bev_30b94629946e487abf5866b738790f0c.png", "aux": "aux_30b94629946e487abf5866b738790f0c.npz", "visibility": "visibility_30b94629946e487abf5866b738790f0c.png", "pose": [[-0.8705897331237793, -0.492009699344635, 0.0, 885.2235717773438], [0.492009699344635, -0.8705897331237793, 0.0, 1629.0321044921875], [0.0, 0.0, 1.0, 0.0], [0.0, 0.0, 0.0, 1.0]], "pose_inverse": [[-0.8705897331237793, 0.492009699344635, 0.0, -30.833053588867188], [-0.492009699344635, -0.8705897331237793, 0.0, 1853.7572021484375], [0.0, 0.0, 1.0, 0.0], [0.0, 0.0, 0.0, 1.0]], "cam_ids": [0, 1, 2, 3, 4, 5], "cam_channels": ["CAM_FRONT_LEFT", "CAM_FRONT", "CAM_FRONT_RIGHT", "CAM_BACK_LEFT", "CAM_BACK", "CAM_BACK_RIGHT"], "token": "30b94629946e487abf5866b738790f0c", "scene": "scene-0016"}, {"images": ["samples/CAM_FRONT_LEFT/n015-2018-07-18-11-41-49+0800__CAM_FRONT_LEFT__1531885617904844.jpg", "samples/CAM_FRONT/n015-2018-07-18-11-41-49+0800__CAM_FRONT__1531885617912743.jpg", "samples/CAM_FRONT_RIGHT/n015-2018-07-18-11-41-49+0800__CAM_FRONT_RIGHT__1531885617920339.jpg", "samples/CAM_BACK_LEFT/n015-2018-07-18-11-41-49+0800__CAM_BACK_LEFT__1531885617947423.jpg", "samples/CAM_BACK/n015-2018-07-18-11-41-49+0800__CAM_BACK__1531885617937525.jpg", "samples/CAM_BACK_RIGHT/n015-2018-07-18-11-41-49+0800__CAM_BACK_RIGHT__1531885617927893.jpg"], "intrinsics": [[[1272.5979470598488, 0.0, 826.6154927353808], [0.0, 1272.5979470598488, 479.75165386361925], [0.0, 0.0, 1.0]], [[1266.417203046554, 0.0, 816.2670197447984], [0.0, 1266.417203046554, 491.50706579294757], [0.0, 0.0, 1.0]], [[1260.8474446004698, 0.0, 807.968244525554], [0.0, 1260.8474446004698, 495.3344268742088], [0.0, 0.0, 1.0]], [[1256.7414812095406, 0.0, 792.1125740759628], [0.0, 1256.7414812095406, 492.7757465151356], [0.0, 0.0, 1.0]], [[809.2209905677063, 0.0, 829.2196003259838], [0.0, 809.2209905677063, 481.77842384512485], [0.0, 0.0, 1.0]], [[1259.5137405846733, 0.0, 807.2529053838625], [0.0, 1259.5137405846733, 501.19579884916527], [0.0, 0.0, 1.0]]], "extrinsics": [[[0.8218958377838135, -0.5695661306381226, 0.009034047834575176, -0.77294921875], [0.012385405600070953, 0.002012367360293865, -0.9999213218688965, 1.511132001876831], [0.5695030689239502, 0.8219429850578308, 0.008708263747394085, -1.1484375], [0.0, 0.0, 0.0, 1.0]], [[0.007384805474430323, -0.9999706149101257, 0.002041627187281847, 0.0072021484375], [0.007077172864228487, -0.0019893674179911613, -0.9999729990959167, 1.5218925476074219], [0.9999476075172424, 0.007399075198918581, 0.007062272634357214, -1.5005378723144531], [0.0, 0.0, 0.0, 1.0]], [[-0.8319880366325378, -0.5544674396514893, -0.019016284495592117, 0.9058837890625], [0.012657435610890388, 0.01529701892286539, -0.999802827835083, 1.5055599212646484], [0.5546490550041199, -0.8320647478103638, -0.005708800628781319, -1.16357421875], [0.0, 0.0, 0.0, 1.0]], [[0.947591245174408, 0.3191075921058655, 0.01552516408264637, -1.13201904296875], [0.02134937047958374, -0.014761621132493019, -0.9996630549430847, 1.5887889862060547], [-0.3187708854675293, 0.9476034641265869, -0.02080073021352291, -0.107177734375], [0.0, 0.0, 0.0, 1.0]], [[0.001887516351416707, 0.9999862909317017, -0.004892663098871708, 0.0025634765