[{"images": ["samples/CAM_FRONT_LEFT/n008-2018-09-18-12-07-26-0400__CAM_FRONT_LEFT__1537287044504799.jpg", "samples/CAM_FRONT/n008-2018-09-18-12-07-26-0400__CAM_FRONT__1537287044512476.jpg", "samples/CAM_FRONT_RIGHT/n008-2018-09-18-12-07-26-0400__CAM_FRONT_RIGHT__1537287044520482.jpg", "samples/CAM_BACK_LEFT/n008-2018-09-18-12-07-26-0400__CAM_BACK_LEFT__1537287044547405.jpg", "samples/CAM_BACK/n008-2018-09-18-12-07-26-0400__CAM_BACK__1537287044537558.jpg", "samples/CAM_BACK_RIGHT/n008-2018-09-18-12-07-26-0400__CAM_BACK_RIGHT__1537287044528113.jpg"], "intrinsics": [[[1257.8625342125129, 0.0, 827.2410631095686], [0.0, 1257.8625342125129, 450.915498205774], [0.0, 0.0, 1.0]], [[1252.8131021185304, 0.0, 826.588114781398], [0.0, 1252.8131021185304, 469.9846626224581], [0.0, 0.0, 1.0]], [[1256.7485116440405, 0.0, 817.7887570959712], [0.0, 1256.7485116440403, 451.9541780095127], [0.0, 0.0, 1.0]], [[1254.9860565800168, 0.0, 829.5769333630991], [0.0, 1254.9860565800168, 467.1680561863987], [0.0, 0.0, 1.0]], [[796.8910634503094, 0.0, 857.7774326863696], [0.0, 796.8910634503094, 476.8848988407415], [0.0, 0.0, 1.0]], [[1249.9629280788233, 0.0, 825.3768045375984], [0.0, 1249.9629280788233, 462.54816385708756], [0.0, 0.0, 1.0]]], "extrinsics": [[[0.8227043747901917, -0.5684112906455994, 0.00814160518348217, -0.6995849609375], [0.0003956838045269251, -0.01374938152730465, -0.9999054074287415, 1.4884958267211914], [0.5684695243835449, 0.8226296305656433, -0.011086765676736832, -1.1273193359375], [0.0, 0.0, 0.0, 1.0]], [[0.010600430890917778, -0.9997820854187012, 0.0179821215569973, 0.01214599609375], [0.0023571818601340055, -0.017958099022507668, -0.9998360276222229, 1.4809513092041016], [0.9999410510063171, 0.010641082189977169, 0.002166304737329483, -1.428466796875], [0.0, 0.0, 0.0, 1.0]], [[-0.8438412547111511, -0.5365638732910156, 0.005586376879364252, 0.888427734375], [0.010386945679783821, -0.02674241177737713, -0.9995883703231812, 1.4956624507904053], [0.5364923477172852, -0.8434359431266785, 0.02813960798084736, -1.14556884765625], [0.0, 0.0, 0.0, 1.0]], [[0.947830319404602, 0.3182598650455475, -0.018124045804142952, -1.122314453125], [-0.01512247696518898, -0.011899548582732677, -0.9998148083686829, 1.5616950988769531], [-0.31841662526130676, 0.9479288458824158, -0.00646587647497654, -0.1638336181640625], [0.0, 0.0, 0.0, 1.0]], [[0.009104798547923565, 0.9997697472572327, -0.01942945085465908, -0.0291748046875], [-0.012893659062683582, -0.019311264157295227, -0.9997303485870361, 1.5667572021484375], [-0.9998754262924194, 0.009352856315672398, 0.012714866548776627, -0.05859375], [0.0, 0.0, 0.0, 1.0]], [[-0.9238486289978027, 0.382674902677536, -0.007976176217198372, 0.9937744140625], [-0.008727362379431725, -0.0418936051428318, -0.9990839958190918, 1.5463371276855469], [-0.3826584815979004, -0.9229327440261841, 0.04204309359192848, -0.1102294921875], [0.0, 0.0, 0.0, 1.0]]], "view": [[0.0, -2.0, 100.0], [-2.0, 0.0, 100.0], [0.0, 0.0, 1.0]], "bev": "bev_3c701aeeef6545b88be9ebd13c2660e4.png", "aux": "aux_3c701aeeef6545b88be9ebd13c2660e4.npz", "visibility": "visibility_3c701aeeef6545b88be9ebd13c2660e4.png", "pose": [[0.9995629191398621, -0.02956281788647175, 0.0, 1914.1142578125], [0.02956281788647175, 0.9995629191398621, 0.0, 870.0618896484375], [0.0, 0.0, 1.0, 0.0], [0.0, 0.0, 0.0, 1.0]], "pose_inverse": [[0.9995629191398621, 0.02956281788647175, 0.0, -1938.9991455078125], [-0.02956281788647175, 0.9995629191398621, 0.0, -813.094970703125], [0.0, 0.0, 1.0, 0.0], [0.0, 0.0, 0.0, 1.0]], "cam_ids": [0, 1, 2, 3, 4, 5], "cam_channels": ["CAM_FRONT_LEFT", "CAM_FRONT", "CAM_FRONT_RIGHT", "CAM_BACK_LEFT", "CAM_BACK", "CAM_BACK_RIGHT"], "token": "3c701aeeef6545b88be9ebd13c2660e4", "scene": "scene-0445"}, {"images": ["samples/CAM_FRONT_LEFT/n008-2018-09-18-12-07-26-0400__CAM_FRONT_LEFT__1537287045004799.jpg", "samples/CAM_FRONT/n008-2018-09-18-12-07-26-0400__CAM_FRONT__1537287045012404.jpg", "samples/CAM_FRONT_RIGHT/n008-2018-09-18-12-07-26-0400__CAM_FRONT_RIGHT__1537287045020482.jpg", "samples/CAM_BACK_LEFT/n008-2018-09-18-12-07-26-0400__CAM_BACK_LEFT__1537287045047405.jpg", "samples/CAM_BACK/n008-2018-09-18-12-07-26-0400__CAM_BACK__1537287045037558.jpg", "samples/CAM_BACK_RIGHT/n008-2018-09-18-12-07-26-0400__CAM_BACK_RIGHT__1537287045028113.jpg"], "intrinsics": [[[1257.8625342125129, 0.0, 827.2410631095686], [0.0, 1257.8625342125129, 450.915498205774], [0.0, 0.0, 1.0]], [[1252.8131021185304, 0.0, 826.588114781398], [0.0, 1252.8131021185304, 469.9846626224581], [0.0, 0.0, 1.0]], [[1256.7485116440405, 0.0, 817.7887570959712], [0.0, 1256.7485116440403, 451.9541780095127], [0.0, 0.0, 1.0]], [[1254.9860565800168, 0.0, 829.5769333630991], [0.0, 1254.9860565800168, 467.1680561863987], [0.0, 0.0, 1.0]], [[796.8910634503094, 0.0, 857.7774326863696], [0.0, 796.8910634503094, 476.8848988407415], [0.0, 0.0, 1.0]], [[1249.9629280788233, 0.0, 825.3768045375984], [0.0, 1249.9629280788233, 462.54816385708756], [0.0, 0.0, 1.0]]], "extrinsics": [[[0.8222991228103638, -0.5689731240272522, 0.00967659242451191, -0.7049560546875], [-0.00128831434994936, -0.01886598765850067, -0.9998211860656738, 1.4878311157226562], [0.5690538883209229, 0.8221396803855896, -0.016246506944298744, -1.1259765625], [0.0, 0.0, 0.0, 1.0]], [[0.009861558675765991, -0.9996864795684814, 0.023015135899186134, 0.00836181640625], [0.0006200082134455442, -0.023010138422250748, -0.9997350573539734, 1.4803524017333984], [0.9999511241912842, 0.009873218834400177, 0.0003928976075258106, -1.430908203125], [0.0, 0.0, 0.0, 1.0]], [[-0.8442089557647705, -0.5359253883361816, 0.009756566025316715, 0.888916015625], [0.008592681959271431, -0.03173074498772621, -0.999459445476532, 1.4951276779174805], [0.5359452366828918, -0.8436688184738159, 0.0313924178481102, -1.14959716796875], [0.0, 0.0, 0.0, 1.0]], [[0.9478330016136169, 0.31804656982421875, -0.0214227344840765, -1.12353515625], [-0.016959279775619507, -0.01679649017751217, -0.9997150897979736, 1.5616722106933594], [-0.3183157444000244, 0.9479262828826904, -0.010526427999138832, -0.1629180908203125], [0.0, 0.0, 0.0, 1.0]], [[0.009402163326740265, 0.9996593594551086, -0.02434699609875679, -0.02783203125], [-0.014683622866868973, -0.024207422509789467, -0.999599039554596, 1.5665779113769531], [-0.9998480081558228, 0.009755894541740417, 0.014451018534600735, -0.0570068359375], [0.0, 0.0, 0.0, 1.0]], [[-0.9236547946929932, 0.3831367492675781, -0.008247856050729752, 0.996826171875], [-0.010498336516320705, -0.04681147634983063, -0.9988486170768738, 1.5459442138671875], [-0.3830816447734833, -0.9225046634674072, 0.047259945422410965, -0.11181640625], [0.0, 0.0, 0.0, 1.0]]], "view": [[0.0, -2.0, 100.0], [-2.0, 0.0, 100.0], [0.0, 0.0, 1.0]], "bev": "bev_04b3523e0d284ed290db10f99e499c2e.png", "aux": "aux_04b3523e0d284ed290db10f99e499c2e.npz", "visibility": "visibility_04b3523e0d284ed290db10f99e499c2e.png", "pose": [[0.9995442032814026, -0.030188443139195442, 0.0, 1918.1519775390625], [0.030188443139195442, 0.9995442032814026, 0.0, 870.1642456054688], [0.0, 0.0, 1.0, 0.0], [0.0, 0.0, 0.0, 1.0]], "pose_inverse": [[0.9995442032814026, 0.030188443139195442, 0.0, -1943.546630859375], [-0.030188443139195442, 0.9995442032814026, 0.0, -811.8616333007812], [0.0, 0.0, 1.0, 0.0], [0.0, 0.0, 0.0, 1.0]], "cam_ids": [0, 1, 2, 3, 4, 5], "cam_channels": ["CAM_FRONT_LEFT", "CAM_FRONT", "CAM_FRONT_RIGHT", "CAM_BACK_LEFT", "CAM_BACK", "CAM_BACK_RIGHT"], "token": "04b3523e0d284ed290db10f99e499c2e", "scene": "scene-0445"}, {"images": ["samples/CAM_FRONT_LEFT/n008-2018-09-18-12-07-26-0400__CAM_FRONT_LEFT__1537287045504799.jpg", "samples/CAM_FRONT/n008-2018-09-18-12-07-26-0400__CAM_FRONT__1537287045512404.jpg", "samples/CAM_FRONT_RIGHT/n008-2018-09-18-12-07-26-0400__CAM_FRONT_RIGHT__1537287045520482.jpg", "samples/CAM_BACK_LEFT/n008-2018-09-18-12-07-26-0400__CAM_BACK_LEFT__1537287045547405.jpg", "samples/CAM_BACK/n008-2018-09-18-12-07-26-0400__CAM_BACK__1537287045537558.jpg", "samples/CAM_BACK_RIGHT/n008-2018-09-18-12-07-26-0400__CAM_BACK_RIGHT__1537287045528113.jpg"], "intrinsics": [[[1257.8625342125129, 0.0, 827.2410631095686], [0.0, 1257.8625342125129, 450.915498205774], [0.0, 0.0, 1.0]], [[1252.8131021185304, 0.0, 826.588114781398], [0.0, 1252.8131021185304, 469.9846626224581], [0.0, 0.0, 1.0]], [[1256.7485116440405, 0.0, 817.7887570959712], [0.0, 1256.7485116440403, 451.9541780095127], [0.0, 0.0, 1.0]], [[1254.9860565800168, 0.0, 829.5769333630991], [0.0, 1254.9860565800168, 467.1680561863987], [0.0, 0.0, 1.0]], [[796.8910634503094, 0.0, 857.7774326863696], [0.0, 796.8910634503094, 476.8848988407415], [0.0, 0.0, 1.0]], [[1249.9629280788233, 0.0, 825.3768045375984], [0.0, 1249.9629280788233, 462.54816385708756], [0.0, 0.0, 1.0]]], "extrinsics": [[[0.8227904438972473, -0.5683256387710571, 0.004693156573921442, -0.6912841796875], [-0.007942159660160542, -0.019754216074943542, -0.9997733235359192, 1.4853477478027344], [0.5682894587516785, 0.8225666284561157, -0.02076730877161026, -1.120849609375], [0.0, 0.0, 0.0, 1.0]], [[0.010847180150449276, -0.9996606707572937, 0.023683594539761543, 0.0118408203125], [-0.006366434041410685, -0.02375354990363121, -0.9996975660324097, 1.478219985961914], [0.9999209046363831, 0.01069311797618866, -0.006621931213885546, -1.4180908203125], [0.0, 0.0, 0.0, 1.0]], [[-0.8437479138374329, -0.5364923477172852, 0.016288859769701958, 0.88134765625], [0.0012522984761744738, -0.03231539577245712, -0.9994769096374512, 1.4934673309326172], [0.5367381572723389, -0.8432862758636475, 0.02793789654970169, -1.141326904296875], [0.0, 0.0, 0.0, 1.0]], [[0.9476801753044128, 0.3178291916847229, -0.029783833771944046, -1.119384765625], [-0.025751758366823196, -0.01688101701438427, -0.999525785446167, 1.5613746643066406], [-0.3181813061237335, 0.9479976892471313, -0.007813142612576485, -0.16473388671875], [0.0, 0.0, 0.0, 1.0]], [[0.009085956029593945, 0.9996538162231445, -0.02469213679432869, -0.029052734375], [-0.023124102503061295, -0.02447650209069252, -0.9994328618049622, 1.5655899047851562], [-0.999691367149353, 0.0096517875790596, 0.02289370633661747, -0.0634765625], [0.0, 0.0, 0.0, 1.0]], [[-0.9238549470901489, 0.38274112343788147, -0.001127719646319747, 0.98779296875], [-0.018362021073698997, -0.047264620661735535, -0.9987136125564575, 1.5444793701171875], [-0.38230204582214355, -0.9226458668708801, 0.05069355294108391, -0.11328125], [0.0, 0.0, 0.0, 1.0]]], "view": [[0.0, -2.0, 100.0], [-2.0, 0.0, 100.0], [0.0, 0.0, 1.0]], "bev": "bev_53b82935a78641d791138097127bd476.png", "aux": "aux_53b82935a78641d791138097127bd476.npz", "visibility": "visibility_53b82935a78641d791138097127bd476.png", "pose": [[0.9995426535606384, -0.03024071827530861, 0.0, 1922.22412109375], [0.03024071827530861, 0.9995426535606384, 0.0, 870.2664794921875], [0.0, 0.0, 1.0, 0.0], [0.0, 0.0, 0.0, 1.0]], "pose_inverse": [[0.9995426535606384, 0.03024071827530861, 0.0, -1947.6624755859375], [-0.03024071827530861, 0.9995426535606384, 0.0, -811.739013671875], [0.0, 0.0, 1.0, 0.0], [0.0, 0.0, 0.0, 1.0]], "cam_ids": [0, 1, 2, 3, 4, 5], "cam_channels": ["CAM_FRONT_LEFT", "CAM_FRONT", "CAM_FRONT_RIGHT", "CAM_BACK_LEFT", "CAM_BACK", "CAM_BACK_RIGHT"], "token": "53b82935a78641d791138097127bd476", "scene": "scene-0445"}, {"images": ["samples/CAM_FRONT_LEFT/n008-2018-09-18-12-07-26-0400__CAM_FRONT_LEFT__1537287046004799.jpg", "samples/CAM_FRONT/n008-2018-09-18-12-07-26-0400__CAM_FRONT__1537287046012404.jpg", "samples/CAM_FRONT_RIGHT/n008-2018-09-18-12-07-26-0400__CAM_FRONT_RIGHT__1537287046020482.jpg", "samples/CAM_BACK_LEFT/n008-2018-09-18-12-07-26-0400__CAM_BACK_LEFT__1537287046047405.jpg", "samples/CAM_BACK/n008-2018-09-18-12-07-26-0400__CAM_BACK__1537287046037558.jpg", "samples/CAM_BACK_RIGHT/n008-2018-09-18-12-07-26-0400__CAM_BACK_RIGHT__1537287046028113.jpg"], "intrinsics": [[[1257.8625342125129, 0.0, 827.2410631095686], [0.0, 1257.8625342125129, 450.915498205774], [0.0, 0.0, 1.0]], [[1252.8131021185304, 0.0, 826.588114781398], [0.0, 1252.8131021185304, 469.9846626224581], [0.0, 0.0, 1.0]], [[1256.7485116440405, 0.0, 817.7887570959712], [0.0, 1256.7485116440403, 451.9541780095127], [0.0, 0.0, 1.0]], [[1254.9860565800168, 0.0, 829.5769333630991], [0.0, 1254.9860565800168, 467.1680561863987], [0.0, 0.0, 1.0]], [[796.8910634503094, 0.0, 857.7774326863696], [0.0, 796.8910634503094, 476.8848988407415], [0.0, 0.0, 1.0]], [[1249.9629280788233, 0.0, 825.3768045375984], [0.0, 1249.9629280788233, 462.54816385708756], [0.0, 0.0, 1.0]]], "extrinsics": [[[0.8227612376213074, -0.5683301091194153, 0.008053174242377281, -0.6990966796875], [5.82440297876019e-05, -0.014084162190556526, -0.9999008178710938, 1.4883508682250977], [0.5683871507644653, 0.8226801156997681, -0.01155480369925499, -1.1248779296875], [0.0, 0.0, 0.0, 1.0]], [[0.010635724291205406, -0.9997794032096863, 0.018109172582626343, 0.01080322265625], [0.0017584406305104494, -0.018091470003128052, -0.9998348355293274, 1.480748176574707], [0.9999419450759888, 0.010665805079042912, 0.0015656367177143693, -1.4249267578125], [0.0, 0.0, 0.0, 1.0]], [[-0.8438572287559509, -0.5365309715270996, 0.006283251568675041, 0.884765625], [0.00951035600155592, -0.026664096862077713, -0.9995992183685303, 1.495455026626587], [0.5364834666252136, -0.8434591889381409, 0.02760329097509384, -1.144561767578125], [0.0, 0.0, 0.0, 1.0]], [[0.9478187561035156, 0.31822526454925537, -0.019292078912258148, -1.116943359375], [-0.016643648967146873, -0.011039568111300468, -0.9998005628585815, 1.5615615844726562], [-0.31837478280067444, 0.9479508399963379, -0.005167079623788595, -0.1654815673828125], [0.0, 0.0, 0.0, 1.0]], [[0.009120069444179535, 0.9997802376747131, -0.01887650415301323, -0.02874755859375], [-0.014237918891012669, -0.0187455415725708, -0.9997228384017944, 1.5665359497070312], [-0.9998570680618286, 0.009386306628584862, 0.014063829556107521, -0.0635986328125], [0.0, 0.0, 0.0, 1.0]], [[-0.9238414168357849, 0.3827130198478699, -0.0069086868315935135, 0.9901123046875], [-0.009768601506948471, -0.04161606356501579, -0.9990859031677246, 1.5460739135742188], [-0.3826507031917572, -0.9229294657707214, 0.042185213416814804, -0.11279296875], [0.0, 0.0, 0.0, 1.0]]], "view": [[0.0, -2.0, 100.0], [-2.0, 0.0, 100.0], [0.0, 0.0, 1.0]], "bev": "bev_30840a10715c4ef0af20abbe99d38da8.png", "aux": "aux_30840a10715c4ef0af20abbe99d38da8.npz", "visibility": "visibility_30840a10715c4ef0af20abbe99d38da8.png", "pose": [[0.9995678663253784, -0.029395291581749916, 0.0, 1926.2666015625], [0.029395291581749916, 0.9995678663253784, 0.0, 870.374755859375], [0.0, 0.0, 1.0, 0.0], [0.0, 0.0, 0.0, 1.0]], "pose_inverse": [[0.9995678663253784, 0.029395291581749916, 0.0, -1951.0191650390625], [-0.029395291581749916, 0.9995678663253784, 0.0, -813.37548828125], [0.0, 0.0, 1.0, 0.0], [0.0, 0.0, 0.0, 1.0]], "cam_ids": [0, 1, 2, 3, 4, 5], "cam_channels": ["CAM_FRONT_LEFT", "CAM_FRONT", "CAM_FRONT_RIGHT", "CAM_BACK_LEFT", "CAM_BACK", "CAM_BACK_RIGHT"], "token": "30840a10715c4ef0af20abbe99d38da8", "scene": "scene-0445"}, {"images": ["samples/CAM_FRONT_LEFT/n008-2018-09-18-12-07-26-0400__CAM_FRONT_LEFT__1537287046504799.jpg", "samples/CAM_FRONT/n008-2018-09-18-12-07-26-0400__CAM_FRONT__1537287046512404.jpg", "samples/CAM_FRONT_RIGHT/n008-2018-09-18-12-07-26-0400__CAM_FRONT_RIGHT__1537287046520482.jpg", "samples/CAM_BACK_LEFT/n008-2018-09-18-12-07-26-0400__CAM_BACK_LEFT__1537287046547405.jpg", "samples/CAM_BACK/n008-2018-09-18-12-07-26-0400__CAM_BACK__1537287046537558.jpg", "samples/CAM_BACK_RIGHT/n008-2018-09-18-12-07-26-0400__CAM_BACK_RIGHT__1537287046528113.jpg"], "intrinsics": [[[1257.8625342125129, 0.0, 827.2410631095686], [0.0, 1257.8625342125129, 450.915498205774], [0.0, 0.0, 1.0]], [[1252.8131021185304, 0.0, 826.588114781398], [0.0, 1252.8131021185304, 469.9846626224581], [0.0, 0.0, 1.0]], [[1256.7485116440405, 0.0, 817.7887570959712], [0.0, 1256.7485116440403, 451.9541780095127], [0.0, 0.0, 1.0]], [[1254.9860565800168, 0.0, 829.5769333630991], [0.0, 1254.9860565800168, 467.1680561863987], [0.0, 0.0, 1.0]], [[796.8910634503094, 0.0, 857.7774326863696], [0.0, 796.8910634503094, 476.8848988407415], [0.0, 0.0, 1.0]], [[1249.9629280788233, 0.0, 825.3768045375984], [0.0, 1249.9629280788233, 462.54816385708756], [0.0, 0.0, 1.0]]], "extrinsics": [[[0.8223056793212891, -0.5689318180084229, 0.011394535191357136, -0.7113037109375], [0.007410210091620684, -0.009316175244748592, -0.9999291300773621, 1.4909472465515137], [0.5689976811408997, 0.8223319053649902, -0.0034448402002453804, -1.1317138671875], [0.0, 0.0, 0.0, 1.0]], [[0.010003200732171535, -0.9998597502708435, 0.013426780700683594, 0.0093994140625], [0.009403823874890804, -0.013332796283066273, -0.9998669028282166, 1.4829668998718262], [0.9999058246612549, 0.010128130204975605, 0.00926913507282734, -1.4381103515625], [0.0, 0.0, 0.0, 1.0]], [[-0.8440573215484619, -0.5362447500228882, -0.0029899789951741695, 0.893798828125], [0.017466003075242043, -0.021918168291449547, -0.9996071457862854, 1.4971733093261719], [0.5359684824943542, -0.8437779545783997, 0.027866238728165627, -1.15167236328125], [0.0, 0.0, 0.0, 1.0]], [[0.947893500328064, 0.318441241979599, -0.009644630365073681, -1.118408203125], [-0.00802136305719614, -0.0064084785990417, -0.9999473094940186, 1.5618324279785156], [-0.3184862434864044, 0.9479209184646606, -0.003520222846418619, -0.1647186279296875], [0.0, 0.0, 0.0, 1.0]], [[0.00928075797855854, 0.999857485294342, -0.014096657745540142, -0.02825927734375], [-0.00588844483718276, -0.01404237188398838, -0.9998840093612671, 1.567464828491211], [-0.9999395608901978, 0.009362690150737762, 0.005757282022386789, -0.0577392578125], [0.0, 0.0, 0.0, 1.0]], [[-0.923684298992157, 0.3829461932182312, -0.012618809938430786, 0.9989013671875], [-0.0016326747136190534, -0.03686755523085594, -0.9993188381195068, 1.5475502014160156], [-0.383150577545166, -0.9230346083641052, 0.034679215401411057, -0.1102294921875], [0.0, 0.0, 0.0, 1.0]]], "view": [[0.0, -2.0, 100.0], [-2.0, 0.0, 100.0], [0.0, 0.0, 1.0]], "bev": "bev_3c60ebf30f9446b3aa18da9538103f27.png", "aux": "aux_3c60ebf30f9446b3aa18da9538103f27.npz", "visibility": "visibility_3c60ebf30f9446b3aa18da9538103f27.png", "pose": [[0.9996190667152405, -0.02759862318634987, 0.0, 1930.2750244140625], [0.02759862318634987, 0.9996190667152405, 0.0, 870.44580078125], [0.0, 0.0, 1.0, 0.0], [0.0, 0.0, 0.0, 1.0]], "pose_inverse": [[0.9996190667152405, 0.02759862318634987, 0.0, -1953.5628662109375], [-0.02759862318634987, 0.9996190667152405, 0.0, -816.84130859375], [0.0, 0.0, 1.0, 0.0], [0.0, 0.0, 0.0, 1.0]], "cam_ids": [0, 1, 2, 3, 4, 5], "cam_channels": ["CAM_FRONT_LEFT", "CAM_FRONT", "CAM_FRONT_RIGHT", "CAM_BACK_LEFT", "CAM_BACK", "CAM_BACK_RIGHT"], "token": "3c60ebf30f9446b3aa18da9538103f27", "scene": "scene-0445"}, {"images": ["samples/CAM_FRONT_LEFT/n008-2018-09-18-12-07-26-0400__CAM_FRONT_LEFT__1537287047004799.jpg", "samples/CAM_FRONT/n008-2018-09-18-12-07-26-0400__CAM_FRONT__1537287047012404.jpg", "samples/CAM_FRONT_RIGHT/n008-2018-09-18-12-07-26-0400__CAM_FRONT_RIGHT__1537287047020482.jpg", "samples/CAM_BACK_LEFT/n008-2018-09-18-12-07-26-0400__CAM_BACK_LEFT__1537287047047405.jpg", "samples/CAM_BACK/n008-2018-09-18-12-07-26-0400__CAM_BACK__1537287047037558.jpg", "samples/CAM_BACK_RIGHT/n008-2018-09-18-12-07-26-0400__CAM_BACK_RIGHT__1537287047028113.jpg"], "intrinsics": [[[1257.8625342125129, 0.0, 827.2410631095686], [0.0, 1257.8625342125129, 450.915498205774], [0.0, 0.0, 1.0]], [[1252.8131021185304, 0.0, 826.588114781398], [0.0, 1252.8131021185304, 469.9846626224581], [0.0, 0.0, 1.0]], [[1256.7485116440405, 0.0, 817.7887570959712], [0.0, 1256.7485116440403, 451.9541780095127], [0.0, 0.0, 1.0]], [[1254.9860565800168, 0.0, 829.5769333630991], [0.0, 1254.9860565800168, 467.1680561863987], [0.0, 0.0, 1.0]], [[796.8910634503094, 0.0, 857.7774326863696], [0.0, 796.8910634503094, 476.8848988407415], [0.0, 0.0, 1.0]], [[1249.9629280788233, 0.0, 825.3768045375984], [0.0, 1249.9629280788233, 462.54816385708756], [0.0, 0.0, 1.0]]], "extrinsics": [[[0.8230084180831909, -0.5679886341094971, 0.00678748544305563, -0.6993408203125], [0.00597061263397336, -0.0032984146382659674, -0.9999767541885376, 1.4905071258544922], [0.5679978132247925, 0.8230297565460205, 0.0006766170263290405, -1.127685546875], [0.0, 0.0, 0.0, 1.0]], [[0.011079310439527035, -0.9999112486839294, 0.007388586178421974, 0.01275634765625], [0.007856504060328007, -0.007301765494048595, -0.9999424815177917, 1.4826135635375977], [0.9999077320098877, 0.01113672275096178, 0.007774909492582083, -1.4267578125], [0.0, 0.0, 0.0, 1.0]], [[-0.8436017036437988, -0.5369478464126587, -0.004814700689166784, 0.88671875], [0.015806976705789566, -0.015869883820414543, -0.9997491240501404, 1.4969825744628906], [0.536736786365509, -0.8434661626815796, 0.02187538333237171, -1.14361572265625], [0.0, 0.0, 0.0, 1.0]], [[0.9478467702865601, 0.3185829222202301, -0.009560320526361465, -1.115234375], [-0.0099298981949687, -0.0004640109254978597, -0.9999505877494812, 1.5617408752441406], [-0.31857168674468994, 0.9478948712348938, 0.0027236868627369404, -0.1663665771484375], [0.0, 0.0, 0.0, 1.0]], [[0.008901110850274563, 0.9999273419380188, -0.008130514994263649, -0.0294189453125], [-0.007664216682314873, -0.008062378503382206, -0.9999381303787231, 1.567239761352539], [-0.9999310374259949, 0.008962873369455338, 0.007591895759105682, -0.064453125], [0.0, 0.0, 0.0, 1.0]], [[-0.9239457845687866, 0.3824235200881958, -0.008736209012567997, 0.989990234375], [-0.0033179849851876497, -0.030849674716591835, -0.9995185136795044, 1.547281265258789], [-0.38250890374183655, -0.9234720468521118, 0.029772305861115456, -0.11181640625], [0.0, 0.0, 0.0, 1.0]]], "view": [[0.0, -2.0, 100.0], [-2.0, 0.0, 100.0], [0.0, 0.0, 1.0]], "bev": "bev_566c51c0a98f47f6b6c7ef285f545ad9.png", "aux": "aux_566c51c0a98f47f6b6c7ef285f545ad9.npz", "visibility": "visibility_566c51c0a98f47f6b6c7ef285f545ad9.png", "pose": [[0.9996693730354309, -0.02571200765669346, 0.0, 1934.153564453125], [0.02571200765669346, 0.9996693730354309, 0.0, 870.526123046875], [0.0, 0.0, 1.0, 0.0], [0.0, 0.0, 0.0, 1.0]], "pose_inverse": [[0.9996693730354309, 0.02571200765669346, 0.0, -1955.8970947265625], [-0.02571200765669346, 0.9996693730354309, 0.0, -820.50732421875], [0.0, 0.0, 1.0, 0.0], [0.0, 0.0, 0.0, 1.0]], "cam_ids": [0, 1, 2, 3, 4, 5], "cam_channels": ["CAM_FRONT_LEFT", "CAM_FRONT", "CAM_FRONT_RIGHT", "CAM_BACK_LEFT", "CAM_BACK", "CAM_BACK_RIGHT"], "token": "566c51c0a98f47f6b6c7ef285f545ad9", "scene": "scene-0445"}, {"images": ["samples/CAM_FRONT_LEFT/n008-2018-09-18-12-07-26-0400__CAM_FRONT_LEFT__1537287047404799.jpg", "samples/CAM_FRONT/n008-2018-09-18-12-07-26-0400__CAM_FRONT__1537287047412404.jpg", "samples/CAM_FRONT_RIGHT/n008-2018-09-18-12-07-26-0400__CAM_FRONT_RIGHT__1537287047420482.jpg", "samples/CAM_BACK_LEFT/n008-2018-09-18-12-07-26-0400__CAM_BACK_LEFT__1537287047447405.jpg", "samples/CAM_BACK/n008-2018-09-18-12-07-26-0400__CAM_BACK__1537287047437569.jpg", "samples/CAM_BACK_RIGHT/n008-2018-09-18-12-07-26-0400__CAM_BACK_RIGHT__1537287047428113.jpg"], "intrinsics": [[[1257.8625342125129, 0.0, 827.2410631095686], [0.0, 1257.8625342125129, 450.915498205774], [0.0, 0.0, 1.0]], [[1252.8131021185304, 0.0, 826.588114781398], [0.0, 1252.8131021185304, 469.9846626224581], [0.0, 0.0, 1.0]], [[1256.7485116440405, 0.0, 817.7887570959712], [0.0, 1256.7485116440403, 451.9541780095127], [0.0, 0.0, 1.0]], [[1254.9860565800168, 0.0, 829.5769333630991], [0.0, 1254.9860565800168, 467.1680561863987], [0.0, 0.0, 1.0]], [[796.8910634503094, 0.0, 857.7774326863696], [0.0, 796.8910634503094, 476.8848988407415], [0.0, 0.0, 1.0]], [[1249.9629280788233, 0.0, 825.3768045375984], [0.0, 1249.9629280788233, 462.54816385708756], [0.0, 0.0, 1.0]]], "extrinsics": [[[0.8226167559623718, -0.5685734152793884, 0.005103445146232843, -0.710693359375], [0.005157154984772205, -0.00151433318387717, -0.9999855756759644, 1.4901323318481445], [0.5685728788375854, 0.8226312398910522, 0.0016865048091858625, -1.1343994140625], [0.0, 0.0, 0.0, 1.0]], [[0.010322929359972477, -0.9999303817749023, 0.005711412522941828, 0.01177978515625], [0.007056812755763531, -0.005638726521283388, -0.9999591708183289, 1.4822759628295898], [0.9999217987060547, 0.010362813249230385, 0.006998113356530666, -1.438720703125], [0.0, 0.0, 0.0, 1.0]], [[-0.8439750671386719, -0.5363593697547913, -0.004986973479390144, 0.89453125], [0.015020063146948814, -0.014338631182909012, -0.9997843503952026, 1.4966278076171875], [0.5361722111701965, -0.8438678979873657, 0.020157596096396446, -1.1497802734375], [0.0, 0.0, 0.0, 1.0]], [[0.9478772282600403, 0.31849077343940735, -0.00961706880480051, -1.116943359375], [-0.01039640512317419, 0.0007471743738278747, -0.9999456405639648, 1.5617485046386719], [-0.31846630573272705, 0.9479256272315979, 0.004019387997686863, -0.16546630859375], [0.0, 0.0, 0.0, 1.0]], [[0.009211006574332714, 0.9999343156814575, -0.006822907831519842, -0.02911376953125], [-0.008226356469094753, -0.006747191771864891, -0.9999433755874634, 1.5672187805175781], [-0.9999237656593323, 0.009266611188650131, 0.008163667283952236, -0.0589599609375], [0.0, 0.0, 0.0, 1.0]], [[-0.9237523078918457, 0.3829157054424286, -0.007560922298580408, 0.9976806640625], [-0.004011986311525106, -0.029415538534522057, -0.9995591640472412, 1.5471687316894531], [-0.38296929001808167, -0.9233148694038391, 0.02870892360806465, -0.1090087890625], [0.0, 0.0, 0.0, 1.0]]], "view": [[0.0, -2.0, 100.0], [-2.0, 0.0, 100.0], [0.0, 0.0, 1.0]], "bev": "bev_3bda7884f6244fdea8d2ecb6717038c9.png", "aux": "aux_3bda7884f6244fdea8d2ecb6717038c9.npz", "visibility": "visibility_3bda7884f6244fdea8d2ecb6717038c9.png", "pose": [[0.9996986985206604, -0.024546826258301735, 0.0, 1937.2735595703125], [0.024546826258301735, 0.9996986985206604, 0.0, 870.5729370117188], [0.0, 0.0, 1.0, 0.0], [0.0, 0.0, 0.0, 1.0]], "pose_inverse": [[0.9996986985206604, 0.024546826258301735, 0.0, -1958.0595703125], [-0.024546826258301735, 0.9996986985206604, 0.0, -822.7567138671875], [0.0, 0.0, 1.0, 0.0], [0.0, 0.0, 0.0, 1.0]], "cam_ids": [0, 1, 2, 3, 4, 5], "cam_channels": ["CAM_FRONT_LEFT", "CAM_FRONT", "CAM_FRONT_RIGHT", "CAM_BACK_LEFT", "CAM_BACK", "CAM_BACK_RIGHT"], "token": "3bda7884f6244fdea8d2ecb6717038c9", "scene": "scene-0445"}, {"images": ["samples/CAM_FRONT_LEFT/n008-2018-09-18-12-07-26-0400__CAM_FRONT_LEFT__1537287047904799.jpg", "samples/CAM_FRONT/n008-2018-09-18-12-07-26-0400__CAM_FRONT__1537287047912404.jpg", "samples/CAM_FRONT_RIGHT/n008-2018-09-18-12-07-26-0400__CAM_FRONT_RIGHT__1537287047920482.jpg", "samples/CAM_BACK_LEFT/n008-2018-09-18-12-07-26-0400__CAM_BACK_LEFT__1537287047947405.jpg", "samples/CAM_BACK/n008-2018-09-18-12-07-26-0400__CAM_BACK__1537287047937562.jpg", "samples/CAM_BACK_RIGHT/n008-2018-09-18-12-07-26-0400__CAM_BACK_RIGHT__1537287047928113.jpg"], "intrinsics": [[[1257.8625342125129, 0.0, 827.2410631095686], [0.0, 1257.8625342125129, 450.915498205774], [0.0, 0.0, 1.0]], [[1252.8131021185304, 0.0, 826.588114781398], [0.0, 1252.8131021185304, 469.9846626224581], [0.0, 0.0, 1.0]], [[1256.7485116440405, 0.0, 817.7887570959712], [0.0, 1256.7485116440403, 451.9541780095127], [0.0, 0.0, 1.0]], [[1254.9860565800168, 0.0, 829.5769333630991], [0.0, 1254.9860565800168, 467.1680561863987], [0.0, 0.0, 1.0]], [[796.8910634503094, 0.0, 857.7774326863696], [0.0, 796.8910634503094, 476.8848988407415], [0.0, 0.0, 1.0]], [[1249.9629280788233, 0.0, 825.3768045375984], [0.0, 1249.9629280788233, 462.54816385708756], [0.0, 0.0, 1.0]]], "extrinsics": [[[0.8224340677261353, -0.568842887878418, 0.0044792271219193935, -0.71533203125], [0.004378678277134895, -0.0015434923116117716, -0.9999892115592957, 1.4898300170898438], [0.5688436627388, 0.8224447965621948, 0.0012213593581691384, -1.1373291015625], [0.0, 0.0, 0.0, 1.0]], [[0.009913022629916668, -0.9999342560768127, 0.005752254743129015, 0.010986328125], [0.006396219599992037, -0.005689013749361038, -0.9999633431434631, 1.4820547103881836], [0.9999303221702576, 0.009949457831680775, 0.006339403800666332, -1.441650390625], [0.0, 0.0, 0.0, 1.0]], [[-0.8441822528839111, -0.5360373258590698, -0.004501815419644117, 0.89501953125], [0.014483565464615822, -0.014412976801395416, -0.9997912049293518, 1.4964733123779297], [0.535860538482666, -0.8440712094306946, 0.019930914044380188, -1.151153564453125], [0.0, 0.0, 0.0, 1.0]], [[0.9478833675384521, 0.3184646964073181, -0.009871603921055794, -1.115234375], [-0.010689600370824337, 0.0008209918742068112, -0.9999425411224365, 1.561716079711914], [-0.318438321352005, 0.9479343295097351, 0.0041824644431471825, -0.1660919189453125], [0.0, 0.0, 0.0, 1.0]], [[0.009377009235322475, 0.9999327063560486, -0.006820905487984419, -0.02880859375], [-0.008698688820004463, -0.006739379372447729, -0.9999394416809082, 1.5671558380126953], [-0.9999182224273682, 0.009435776621103287, 0.008634909056127071, -0.0604248046875], [0.0, 0.0, 0.0, 1.0]], [[-0.9236454367637634, 0.38318192958831787, -0.007110077887773514, 0.9979248046875], [-0.004532712046056986, -0.029473040252923965, -0.9995552897453308, 1.5470619201660156], [-0.38322100043296814, -0.9232025146484375, 0.028959495946764946, -0.109619140625], [0.0, 0.0, 0.0, 1.0]]], "view": [[0.0, -2.0, 100.0], [-2.0, 0.0, 100.0], [0.0, 0.0, 1.0]], "bev": "bev_0f5f9ada12214116aa7e719680e2e0b6.png", "aux": "aux_0f5f9ada12214116aa7e719680e2e0b6.npz", "visibility": "visibility_0f5f9ada12214116aa7e719680e2e0b6.png", "pose": [[0.999715268611908, -0.023860951885581017, 0.0, 1941.044677734375], [0.023860951885581017, 0.999715268611908, 0.0, 870.6304931640625], [0.0, 0.0, 1.0, 0.0], [0.0, 0.0, 0.0, 1.0]], "pose_inverse": [[0.999715268611908, 0.023860951885581017, 0.0, -1961.26611328125], [-0.023860951885581017, 0.999715268611908, 0.0, -824.0674438476562], [0.0, 0.0, 1.0, 0.0], [0.0, 0.0, 0.0, 1.0]], "cam_ids": [0, 1, 2, 3, 4, 5], "cam_channels": ["CAM_FRONT_LEFT", "CAM_FRONT", "CAM_FRONT_RIGHT", "CAM_BACK_LEFT", "CAM_BACK", "CAM_BACK_RIGHT"], "token": "0f5f9ada12214116aa7e719680e2e0b6", "scene": "scene-0445"}, {"images": ["samples/CAM_FRONT_LEFT/n008-2018-09-18-12-07-26-0400__CAM_FRONT_LEFT__1537287048354799.jpg", "samples/CAM_FRONT/n008-2018-09-18-12-07-26-0400__CAM_FRONT__1537287048362404.jpg", "samples/CAM_FRONT_RIGHT/n008-2018-09-18-12-07-26-0400__CAM_FRONT_RIGHT__1537287048370482.jpg", "samples/CAM_BACK_LEFT/n008-2018-09-18-12-07-26-0400__CAM_BACK_LEFT__1537287048397405.jpg", "samples/CAM_BACK/n008-2018-09-18-12-07-26-0400__CAM_BACK__1537287048387562.jpg", "samples/CAM_BACK_RIGHT/n008-2018-09-18-12-07-26-0400__CAM_BACK_RIGHT__1537287048378113.jpg"], "intrinsics": [[[1257.8625342125129, 0.0, 827.2410631095686], [0.0, 1257.8625342125129, 450.915498205774], [0.0, 0.0, 1.0]], [[1252.8131021185304, 0.0, 826.588114781398], [0.0, 1252.8131021185304, 469.9846626224581], [0.0, 0.0, 1.0]], [[1256.7485116440405, 0.0, 817.7887570959712], [0.0, 1256.7485116440403, 451.9541780095127], [0.0, 0.0, 1.0]], [[1254.9860565800168, 0.0, 829.5769333630991], [0.0, 1254.9860565800168, 467.1680561863987], [0.0, 0.0, 1.0]], [[796.8910634503094, 0.0, 857.7774326863696], [0.0, 796.8910634503094, 476.8848988407415], [0.0, 0.0, 1.0]], [[1249.9629280788233, 0.0, 825.3768045375984], [0.0, 1249.9629280788233, 462.54816385708756], [0.0, 0.0, 1.0]]], "extrinsics": [[[0.8228018283843994, -0.568281888961792, 0.007271905895322561, -0.7269287109375], [0.007719606161117554, -0.0016188656445592642, -0.9999688863754272, 1.490896224975586], [0.5682759284973145, 0.8228324055671692, 0.0030549054499715567, -1.1435546875], [0.0, 0.0, 0.0, 1.0]], [[0.010654745623469353, -0.9999269247055054, 0.005706357304006815, 0.0098876953125], [0.009667713195085526, -0.00560340192168951, -0.9999375939369202, 1.4828968048095703], [0.9998964667320251, 0.01070924662053585, 0.009607303887605667, -1.453369140625], [0.0, 0.0, 0.0, 1.0]], [[-0.8437978625297546, -0.5366111397743225, -0.007333099376410246, 0.9033203125], [0.01769484207034111, -0.014162307605147362, -0.9997431039810181, 1.4970321655273438], [0.5363694429397583, -0.8437108397483826, 0.021445373073220253, -1.157073974609375], [0.0, 0.0, 0.0, 1.0]], [[0.9478669762611389, 0.3185980021953583, -0.006587830837816, -1.11865234375], [-0.007348937913775444, 0.0011869753943756223, -0.9999722838401794, 1.5618467330932617], [-0.31858137249946594, 0.9478891491889954, 0.0034664522390812635, -0.1647796630859375], [0.0, 0.0, 0.0, 1.0]], [[0.009063939563930035, 0.9999386668205261, -0.006361186970025301, -0.028564453125], [-0.00537740858271718, -0.006312613841146231, -0.9999655485153198, 1.5675373077392578], [-0.9999443888664246, 0.009097833186388016, 0.0053198616951704025, -0.05419921875], [0.0, 0.0, 0.0, 1.0]], [[-0.9238191843032837, 0.3826984465122223, -0.009986808523535728, 1.0059814453125], [-0.0012580895563587546, -0.029121654108166695, -0.9995750784873962, 1.547628402709961], [-0.38282662630081177, -0.9234141111373901, 0.027384616434574127, -0.1068115234375], [0.0, 0.0, 0.0, 1.0]]], "view": [[0.0, -2.0, 100.0], [-2.0, 0.0, 100.0], [0.0, 0.0, 1.0]], "bev": "bev_1e73fccdd2a14e53bb71d37cc62626a0.png", "aux": "aux_1e73fccdd2a14e53bb71d37cc62626a0.npz", "visibility": "visibility_1e73fccdd2a14e53bb71d37cc62626a0.png", "pose": [[0.9997352361679077, -0.023008864372968674, 0.0, 1944.2645263671875], [0.023008864372968674, 0.9997352361679077, 0.0, 870.6810913085938], [0.0, 0.0, 1.0, 0.0], [0.0, 0.0, 0.0, 1.0]], "pose_inverse": [[0.9997352361679077, 0.023008864372968674, 0.0, -1963.783203125], [-0.023008864372968674, 0.9997352361679077, 0.0, -825.7152709960938], [0.0, 0.0, 1.0, 0.0], [0.0, 0.0, 0.0, 1.0]], "cam_ids": [0, 1, 2, 3, 4, 5], "cam_channels": ["CAM_FRONT_LEFT", "CAM_FRONT", "CAM_FRONT_RIGHT", "CAM_BACK_LEFT", "CAM_BACK", "CAM_BACK_RIGHT"], "token": "1e73fccdd2a14e53bb71d37cc62626a0", "scene": "scene-0445"}, {"images": ["samples/CAM_FRONT_LEFT/n008-2018-09-18-12-07-26-0400__CAM_FRONT_LEFT__1537287048854799.jpg", "samples/CAM_FRONT/n008-2018-09-18-12-07-26-0400__CAM_FRONT__1537287048862404.jpg", "samples/CAM_FRONT_RIGHT/n008-2018-09-18-12-07-26-0400__CAM_FRONT_RIGHT__1537287048870482.jpg", "samples/CAM_BACK_LEFT/n008-2018-09-18-12-07-26-0400__CAM_BACK_LEFT__1537287048897405.jpg", "samples/CAM_BACK/n008-2018-09-18-12-07-26-0400__CAM_BACK__1537287048887558.jpg", "samples/CAM_BACK_RIGHT/n008-2018-09-18-12-07-26-0400__CAM_BACK_RIGHT__1537287048878113.jpg"], "intrinsics": [[[1257.8625342125129, 0.0, 827.2410631095686], [0.0, 1257.8625342125129, 450.915498205774], [0.0, 0.0, 1.0]], [[1252.8131021185304, 0.0, 826.588114781398], [0.0, 1252.8131021185304, 469.9846626224581], [0.0, 0.0, 1.0]], [[1256.7485116440405, 0.0, 817.7887570959712], [0.0, 1256.7485116440403, 451.9541780095127], [0.0, 0.0, 1.0]], [[1254.9860565800168, 0.0, 829.5769333630991], [0.0, 1254.9860565800168, 467.1680561863987], [0.0, 0.0, 1.0]], [[796.8910634503094, 0.0, 857.7774326863696], [0.0, 796.8910634503094, 476.8848988407415], [0.0, 0.0, 1.0]], [[1249.9629280788233, 0.0, 825.3768045375984], [0.0, 1249.9629280788233, 462.54816385708756], [0.0, 0.0, 1.0]]], "extrinsics": [[[0.8223021626472473, -0.5687461495399475, 0.018627462908625603, -0.7418212890625], [0.014385411515831947, -0.011947420425713062, -0.999825119972229, 1.4929008483886719], [0.5688691735267639, 0.8224263787269592, -0.001642744755372405, -1.15283203125], [0.0, 0.0, 0.0, 1.0]], [[0.009858384728431702, -0.9998223185539246, 0.01606334187090397, 0.0089111328125], [0.016136428341269493, -0.015902964398264885, -0.9997433423995972, 1.484487533569336], [0.999821126461029, 0.010115058161318302, 0.015976784750819206, -1.4676513671875], [0.0, 0.0, 0.0, 1.0]], [[-0.8441351652145386, -0.5360825061798096, -0.007167479023337364, 0.911865234375], [0.023946302011609077, -0.024344420060515404, -0.9994167685508728, 1.4981460571289062], [0.5355954766273499, -0.843814492225647, 0.03338718041777611, -1.163848876953125], [0.0, 0.0, 0.0, 1.0]], [[0.9478989839553833, 0.3185357451438904, -0.004750053398311138, -1.12060546875], [-0.0022685579024255276, -0.008160841651260853, -0.9999641180038452, 1.5619878768920898], [-0.3185630738735199, 0.9478756785392761, -0.007013035472482443, -0.1639556884765625], [0.0, 0.0, 0.0, 1.0]], [[0.009450203739106655, 0.9998266696929932, -0.016044966876506805, -0.02801513671875], [0.00014139559061732143, -0.016047021374106407, -0.9998711943626404, 1.5680732727050781], [-0.9999552965164185, 0.009446716867387295, -0.0002930191985797137, -0.048828125], [0.0, 0.0, 0.0, 1.0]], [[-0.9234902262687683, 0.38313689827919006, -0.019285939633846283, 1.013671875], [0.004640907049179077, -0.03911172226071358, -0.999224066734314, 1.5485515594482422], [-0.3835938572883606, -0.9228630661964417, 0.03434119001030922, -0.1044921875], [0.0, 0.0, 0.0, 1.0]]], "view": [[0.0, -2.0, 100.0], [-2.0, 0.0, 100.0], [0.0, 0.0, 1.0]], "bev": "bev_f8d01be6b7654a5ea88cdb4a19e16618.png", "aux": "aux_f8d01be6b7654a5ea88cdb4a19e16618.npz", "visibility": "visibility_f8d01be6b7654a5ea88cdb4a19e16618.png", "pose": [[0.9997214674949646, -0.023599619045853615, 0.0, 1947.7410888671875], [0.023599619045853615, 0.9997214674949646, 0.0, 870.7415771484375], [0.0, 0.0, 1.0, 0.0], [0.0, 0.0, 0.0, 1.0]], "pose_inverse": [[0.9997214674949646, 0.023599619045853615, 0.0, -1967.747802734375], [-0.023599619045853615, 0.9997214674949646, 0.0, -824.5331420898438], [0.0, 0.0, 1.0, 0.0], [0.0, 0.0, 0.0, 1.0]], "cam_ids": [0, 1, 2, 3, 4, 5], "cam_channels": ["CAM_FRONT_LEFT", "CAM_FRONT", "CAM_FRONT_RIGHT", "CAM_BACK_LEFT", "CAM_BACK", "CAM_BACK_RIGHT"], "token": "f8d01be6b7654a5ea88cdb4a19e16618", "scene": "scene-0445"}, {"images": ["samples/CAM_FRONT_LEFT/n008-2018-09-18-12-07-26-0400__CAM_FRONT_LEFT__1537287049354799.jpg", "samples/CAM_FRONT/n008-2018-09-18-12-07-26-0400__CAM_FRONT__1537287049362404.jpg", "samples/CAM_FRONT_RIGHT/n008-2018-09-18-12-07-26-0400__CAM_FRONT_RIGHT__1537287049370482.jpg", "samples/CAM_BACK_LEFT/n008-2018-09-18-12-07-26-0400__CAM_BACK_LEFT__1537287049397405.jpg", "samples/CAM_BACK/n008-2018-09-18-12-07-26-0400__CAM_BACK__1537287049387558.jpg", "samples/CAM_BACK_RIGHT/n008-2018-09-18-12-07-26-0400__CAM_BACK_RIGHT__1537287049378113.jpg"], "intrinsics": [[[1257.8625342125129, 0.0, 827.2410631095686], [0.0, 1257.8625342125129, 450.915498205774], [0.0, 0.0, 1.0]], [[1252.8131021185304, 0.0, 826.588114781398], [0.0, 1252.8131021185304, 469.9846626224581], [0.0, 0.0, 1.0]], [[1256.7485116440405, 0.0, 817.7887570959712], [0.0, 1256.7485116440403, 451.9541780095127], [0.0, 0.0, 1.0]], [[1254.9860565800168, 0.0, 829.5769333630991], [0.0, 1254.9860565800168, 467.1680561863987], [0.0, 0.0, 1.0]], [[796.8910634503094, 0.0, 857.7774326863696], [0.0, 796.8910634503094, 476.8848988407415], [0.0, 0.0, 1.0]], [[1249.9629280788233, 0.0, 825.3768045375984], [0.0, 1249.9629280788233, 462.54816385708756], [0.0, 0.0, 1.0]]], "extrinsics": [[[0.8224190473556519, -0.5685973763465881, 0.018004804849624634, -0.7508544921875], [0.010738329030573368, -0.016127441078424454, -0.9998123049736023, 1.4916338920593262], [0.5687810182571411, 0.8224579095840454, -0.0071577271446585655, -1.1610107421875], [0.0, 0.0, 0.0, 1.0]], [[0.010147214867174625, -0.9997378587722778, 0.02052588202059269, 0.010009765625], [0.012777447700500488, -0.020395630970597267, -0.9997103810310364, 1.483475685119629], [0.9998669028282166, 0.01040654256939888, 0.012567139230668545, -1.478759765625], [0.0, 0.0, 0.0, 1.0]], [[-0.8439491391181946, -0.5364198088645935, -0.0019103761296719313, 0.921142578125], [0.020861031487584114, -0.02926160953938961, -0.9993540644645691, 1.4973163604736328], [0.5360174179077148, -0.8434438705444336, 0.03588557988405228, -1.16839599609375], [0.0, 0.0, 0.0, 1.0]], [[0.9478799104690552, 0.3185027539730072, -0.008933288045227528, -1.12255859375], [-0.004516277927905321, -0.014603815972805023, -0.9998831748962402, 1.5619468688964844], [-0.31859609484672546, 0.9478094577789307, -0.012404216453433037, -0.1633758544921875], [0.0, 0.0, 0.0, 1.0]], [[0.009181610308587551, 0.99971604347229, -0.02199104055762291, -0.02850341796875], [-0.00