[{"images": ["samples/CAM_FRONT_LEFT/n015-2018-10-08-15-52-24+0800__CAM_FRONT_LEFT__1538985540254844.jpg", "samples/CAM_FRONT/n015-2018-10-08-15-52-24+0800__CAM_FRONT__1538985540262460.jpg", "samples/CAM_FRONT_RIGHT/n015-2018-10-08-15-52-24+0800__CAM_FRONT_RIGHT__1538985540270339.jpg", "samples/CAM_BACK_LEFT/n015-2018-10-08-15-52-24+0800__CAM_BACK_LEFT__1538985540297423.jpg", "samples/CAM_BACK/n015-2018-10-08-15-52-24+0800__CAM_BACK__1538985540287525.jpg", "samples/CAM_BACK_RIGHT/n015-2018-10-08-15-52-24+0800__CAM_BACK_RIGHT__1538985540277893.jpg"], "intrinsics": [[[1272.5979470598488, 0.0, 826.6154927353808], [0.0, 1272.5979470598488, 479.75165386361925], [0.0, 0.0, 1.0]], [[1266.417203046554, 0.0, 816.2670197447984], [0.0, 1266.417203046554, 491.50706579294757], [0.0, 0.0, 1.0]], [[1260.8474446004698, 0.0, 807.968244525554], [0.0, 1260.8474446004698, 495.3344268742088], [0.0, 0.0, 1.0]], [[1256.7414812095406, 0.0, 792.1125740759628], [0.0, 1256.7414812095406, 492.7757465151356], [0.0, 0.0, 1.0]], [[809.2209905677063, 0.0, 829.2196003259838], [0.0, 809.2209905677063, 481.77842384512485], [0.0, 0.0, 1.0]], [[1259.5137405846733, 0.0, 807.2529053838625], [0.0, 1259.5137405846733, 501.19579884916527], [0.0, 0.0, 1.0]]], "extrinsics": [[[0.8200596570968628, -0.5715991258621216, 0.02786637283861637, -0.67138671875], [0.027294110506772995, -0.009572990238666534, -0.9995815753936768, 1.5179901123046875], [0.5716267228126526, 0.8204771280288696, 0.0077508664689958096, -1.079345703125], [0.0, 0.0, 0.0, 1.0]], [[0.004939392674714327, -0.9998942613601685, 0.013671275228261948, 0.00872802734375], [0.02194904536008835, -0.013559742830693722, -0.9996671676635742, 1.5269775390625], [0.9997467994689941, 0.0052378433756530285, 0.02187974937260151, -1.400146484375], [0.0, 0.0, 0.0, 1.0]], [[-0.832714319229126, -0.5531383752822876, -0.024995107203722, 0.8447265625], [0.027534689754247665, 0.003718646941706538, -0.999613881111145, 1.5098762512207031], [0.5530177354812622, -0.8330811262130737, 0.01213392335921526, -1.12225341796875], [0.0, 0.0, 0.0, 1.0]], [[0.9473562836647034, 0.3191564083099365, 0.025597823783755302, -1.140625], [0.03588033467531204, -0.026379019021987915, -0.9990078806877136, 1.5886116027832031], [-0.3181644678115845, 0.947334885597229, -0.03644176945090294, -0.10408782958984375], [0.0, 0.0, 0.0, 1.0]], [[0.0028728723991662264, 0.9998605847358704, -0.016448013484477997, 0.0023193359375], [0.010589119046926498, -0.01647757738828659, -0.9998081922531128, 1.5802555084228516], [-0.9999396800994873, 0.0026981558185070753, -0.01063497830182314, -0.08154296875], [0.0, 0.0, 0.0, 1.0]], [[-0.9339469075202942, 0.3550594449043274, -0.04093877598643303, 0.983154296875], [0.0433238223195076, -0.0012340520042926073, -0.999060332775116, 1.5585479736328125], [-0.3547762930393219, -0.9348429441452026, -0.014229993335902691, -0.12060546875], [0.0, 0.0, 0.0, 1.0]]], "view": [[0.0, -2.0, 100.0], [-2.0, 0.0, 100.0], [0.0, 0.0, 1.0]], "bev": "bev_a1a5807c41e1433dbd6d6f5ca2345db6.png", "aux": "aux_a1a5807c41e1433dbd6d6f5ca2345db6.npz", "visibility": "visibility_a1a5807c41e1433dbd6d6f5ca2345db6.png", "pose": [[0.9055874347686768, -0.42415961623191833, 0.0, 1609.9158935546875], [0.42415961623191833, 0.9055874347686768, 0.0, 1461.93994140625], [0.0, 0.0, 1.0, 0.0], [0.0, 0.0, 0.0, 1.0]], "pose_inverse": [[0.9055874347686768, 0.42415961623191833, 0.0, -2078.015625], [-0.42415961623191833, 0.9055874347686768, 0.0, -641.0531616210938], [0.0, 0.0, 1.0, 0.0], [0.0, 0.0, 0.0, 1.0]], "cam_ids": [0, 1, 2, 3, 4, 5], "cam_channels": ["CAM_FRONT_LEFT", "CAM_FRONT", "CAM_FRONT_RIGHT", "CAM_BACK_LEFT", "CAM_BACK", "CAM_BACK_RIGHT"], "token": "a1a5807c41e1433dbd6d6f5ca2345db6", "scene": "scene-0434"}, {"images": ["samples/CAM_FRONT_LEFT/n015-2018-10-08-15-52-24+0800__CAM_FRONT_LEFT__1538985540754844.jpg", "samples/CAM_FRONT/n015-2018-10-08-15-52-24+0800__CAM_FRONT__1538985540762460.jpg", "samples/CAM_FRONT_RIGHT/n015-2018-10-08-15-52-24+0800__CAM_FRONT_RIGHT__1538985540770339.jpg", "samples/CAM_BACK_LEFT/n015-2018-10-08-15-52-24+0800__CAM_BACK_LEFT__1538985540797423.jpg", "samples/CAM_BACK/n015-2018-10-08-15-52-24+0800__CAM_BACK__1538985540787525.jpg", "samples/CAM_BACK_RIGHT/n015-2018-10-08-15-52-24+0800__CAM_BACK_RIGHT__1538985540777893.jpg"], "intrinsics": [[[1272.5979470598488, 0.0, 826.6154927353808], [0.0, 1272.5979470598488, 479.75165386361925], [0.0, 0.0, 1.0]], [[1266.417203046554, 0.0, 816.2670197447984], [0.0, 1266.417203046554, 491.50706579294757], [0.0, 0.0, 1.0]], [[1260.8474446004698, 0.0, 807.968244525554], [0.0, 1260.8474446004698, 495.3344268742088], [0.0, 0.0, 1.0]], [[1256.7414812095406, 0.0, 792.1125740759628], [0.0, 1256.7414812095406, 492.7757465151356], [0.0, 0.0, 1.0]], [[809.2209905677063, 0.0, 829.2196003259838], [0.0, 809.2209905677063, 481.77842384512485], [0.0, 0.0, 1.0]], [[1259.5137405846733, 0.0, 807.2529053838625], [0.0, 1259.5137405846733, 501.19579884916527], [0.0, 0.0, 1.0]]], "extrinsics": [[[0.8202511072158813, -0.5714943408966064, 0.024131247773766518, -0.6922607421875], [0.022168848663568497, -0.010393787175416946, -0.9997002482414246, 1.5156135559082031], [0.5715738534927368, 0.820540189743042, 0.004143856931477785, -1.092041015625], [0.0, 0.0, 0.0, 1.0]], [[0.00513390963897109, -0.9998792409896851, 0.014663394540548325, 0.0079345703125], [0.016978241503238678, -0.014574319124221802, -0.9997496604919434, 1.5251827239990234], [0.999842643737793, 0.005381582770496607, 0.016901368275284767, -1.419677734375], [0.0, 0.0, 0.0, 1.0]], [[-0.8327561020851135, -0.5532668232917786, -0.020324015989899635, 0.856689453125], [0.022717047482728958, 0.0025321340654045343, -0.9997386932373047, 1.5084495544433594], [0.5531737804412842, -0.8330003023147583, 0.010459939949214458, -1.13079833984375], [0.0, 0.0, 0.0, 1.0]], [[0.9474617838859558, 0.3191750645637512, 0.021055918186903, -1.141845703125], [0.031669046729803085, -0.028097987174987793, -0.9991033673286438, 1.5885696411132812], [-0.31829726696014404, 0.9472790956497192, -0.03672974184155464, -0.103851318359375], [0.0, 0.0, 0.0, 1.0]], [[0.0027559082955121994, 0.9998349547386169, -0.01795603521168232, 0.00262451171875], [0.0061930022202432156, -0.01797282136976719, -0.999819278717041, 1.5798442363739014], [-0.9999770522117615, 0.002644231775775552, -0.006241513881832361, -0.075927734375], [0.0, 0.0, 0.0, 1.0]], [[-0.9341580867767334, 0.3549268841743469, -0.03708793967962265, 0.9932861328125], [0.0387020967900753, -0.0025530694983899593, -0.9992475509643555, 1.5573577880859375], [-0.3547545075416565, -0.9348905682563782, -0.011351444758474827, -0.116943359375], [0.0, 0.0, 0.0, 1.0]]], "view": [[0.0, -2.0, 100.0], [-2.0, 0.0, 100.0], [0.0, 0.0, 1.0]], "bev": "bev_bece4e7c250d4553b7224e2f2bba9731.png", "aux": "aux_bece4e7c250d4553b7224e2f2bba9731.npz", "visibility": "visibility_bece4e7c250d4553b7224e2f2bba9731.png", "pose": [[0.9022107720375061, -0.43129536509513855, 0.0, 1613.5692138671875], [0.43129536509513855, 0.9022107720375061, 0.0, 1463.6436767578125], [0.0, 0.0, 1.0, 0.0], [0.0, 0.0, 0.0, 1.0]], "pose_inverse": [[0.9022107720375061, 0.43129536509513855, 0.0, -2087.042236328125], [-0.43129536509513855, 0.9022107720375061, 0.0, -624.5902099609375], [0.0, 0.0, 1.0, 0.0], [0.0, 0.0, 0.0, 1.0]], "cam_ids": [0, 1, 2, 3, 4, 5], "cam_channels": ["CAM_FRONT_LEFT", "CAM_FRONT", "CAM_FRONT_RIGHT", "CAM_BACK_LEFT", "CAM_BACK", "CAM_BACK_RIGHT"], "token": "bece4e7c250d4553b7224e2f2bba9731", "scene": "scene-0434"}, {"images": ["samples/CAM_FRONT_LEFT/n015-2018-10-08-15-52-24+0800__CAM_FRONT_LEFT__1538985541254844.jpg", "samples/CAM_FRONT/n015-2018-10-08-15-52-24+0800__CAM_FRONT__1538985541262460.jpg", "samples/CAM_FRONT_RIGHT/n015-2018-10-08-15-52-24+0800__CAM_FRONT_RIGHT__1538985541270339.jpg", "samples/CAM_BACK_LEFT/n015-2018-10-08-15-52-24+0800__CAM_BACK_LEFT__1538985541297423.jpg", "samples/CAM_BACK/n015-2018-10-08-15-52-24+0800__CAM_BACK__1538985541287525.jpg", "samples/CAM_BACK_RIGHT/n015-2018-10-08-15-52-24+0800__CAM_BACK_RIGHT__1538985541277893.jpg"], "intrinsics": [[[1272.5979470598488, 0.0, 826.6154927353808], [0.0, 1272.5979470598488, 479.75165386361925], [0.0, 0.0, 1.0]], [[1266.417203046554, 0.0, 816.2670197447984], [0.0, 1266.417203046554, 491.50706579294757], [0.0, 0.0, 1.0]], [[1260.8474446004698, 0.0, 807.968244525554], [0.0, 1260.8474446004698, 495.3344268742088], [0.0, 0.0, 1.0]], [[1256.7414812095406, 0.0, 792.1125740759628], [0.0, 1256.7414812095406, 492.7757465151356], [0.0, 0.0, 1.0]], [[809.2209905677063, 0.0, 829.2196003259838], [0.0, 809.2209905677063, 481.77842384512485], [0.0, 0.0, 1.0]], [[1259.5137405846733, 0.0, 807.2529053838625], [0.0, 1259.5137405846733, 501.19579884916527], [0.0, 0.0, 1.0]]], "extrinsics": [[[0.8204835653305054, -0.5710445642471313, 0.0267315860837698, -0.700439453125], [0.022639404982328415, -0.014266401529312134, -0.9996418952941895, 1.5155410766601562], [0.5712214708328247, 0.820794939994812, 0.0012227612314745784, -1.0992431640625], [0.0, 0.0, 0.0, 1.0]], [[0.005463999230414629, -0.999816358089447, 0.01836576499044895, 0.0086669921875], [0.01737346313893795, -0.01826835237443447, -0.9996821880340576, 1.5251598358154297], [0.9998341202735901, 0.005781352054327726, 0.01727045513689518, -1.42822265625], [0.0, 0.0, 0.0, 1.0]], [[-0.8326109647750854, -0.5535447001457214, -0.018633360043168068, 0.86181640625], [0.023033669218420982, -0.0009930196683853865, -0.9997341632843018, 1.5083770751953125], [0.5533790588378906, -0.8328188061714172, 0.01357696671038866, -1.13348388671875], [0.0, 0.0, 0.0, 1.0]], [[0.9474602937698364, 0.31922924518585205, 0.020289018750190735, -1.138671875], [0.03185819089412689, -0.031060587614774704, -0.9990096092224121, 1.5886650085449219], [-0.3182828724384308, 0.9471683502197266, -0.0395987443625927, -0.1047515869140625], [0.0, 0.0, 0.0, 1.0]], [[0.0026665509212762117, 0.9997729063034058, -0.021141134202480316, 0.00238037109375], [0.006381194107234478, -0.02115778997540474, -0.9997557997703552, 1.5798648595809937], [-0.9999760985374451, 0.002531008794903755, -0.006436162628233433, -0.075439453125], [0.0, 0.0, 0.0, 1.0]], [[-0.9342132210731506, 0.3546293079853058, -0.0385175459086895, 0.9964599609375], [0.03894911706447601, -0.005924110766500235, -0.9992236495018005, 1.5572738647460938], [-0.35458219051361084, -0.934988260269165, -0.008278116583824158, -0.115478515625], [0.0, 0.0, 0.0, 1.0]]], "view": [[0.0, -2.0, 100.0], [-2.0, 0.0, 100.0], [0.0, 0.0, 1.0]], "bev": "bev_3a0ffcfc84514cb491bfb2591b5dba79.png", "aux": "aux_3a0ffcfc84514cb491bfb2591b5dba79.npz", "visibility": "visibility_3a0ffcfc84514cb491bfb2591b5dba79.png", "pose": [[0.9002290964126587, -0.4354165196418762, 0.0, 1617.0377197265625], [0.4354165196418762, 0.9002290964126587, 0.0, 1465.2884521484375], [0.0, 0.0, 1.0, 0.0], [0.0, 0.0, 0.0, 1.0]], "pose_inverse": [[0.9002290964126587, 0.4354165196418762, 0.0, -2093.71533203125], [-0.4354165196418762, 0.9002290964126587, 0.0, -615.0103759765625], [0.0, 0.0, 1.0, 0.0], [0.0, 0.0, 0.0, 1.0]], "cam_ids": [0, 1, 2, 3, 4, 5], "cam_channels": ["CAM_FRONT_LEFT", "CAM_FRONT", "CAM_FRONT_RIGHT", "CAM_BACK_LEFT", "CAM_BACK", "CAM_BACK_RIGHT"], "token": "3a0ffcfc84514cb491bfb2591b5dba79", "scene": "scene-0434"}, {"images": ["samples/CAM_FRONT_LEFT/n015-2018-10-08-15-52-24+0800__CAM_FRONT_LEFT__1538985541754844.jpg", "samples/CAM_FRONT/n015-2018-10-08-15-52-24+0800__CAM_FRONT__1538985541762460.jpg", "samples/CAM_FRONT_RIGHT/n015-2018-10-08-15-52-24+0800__CAM_FRONT_RIGHT__1538985541770339.jpg", "samples/CAM_BACK_LEFT/n015-2018-10-08-15-52-24+0800__CAM_BACK_LEFT__1538985541797423.jpg", "samples/CAM_BACK/n015-2018-10-08-15-52-24+0800__CAM_BACK__1538985541787525.jpg", "samples/CAM_BACK_RIGHT/n015-2018-10-08-15-52-24+0800__CAM_BACK_RIGHT__1538985541777893.jpg"], "intrinsics": [[[1272.5979470598488, 0.0, 826.6154927353808], [0.0, 1272.5979470598488, 479.75165386361925], [0.0, 0.0, 1.0]], [[1266.417203046554, 0.0, 816.2670197447984], [0.0, 1266.417203046554, 491.50706579294757], [0.0, 0.0, 1.0]], [[1260.8474446004698, 0.0, 807.968244525554], [0.0, 1260.8474446004698, 495.3344268742088], [0.0, 0.0, 1.0]], [[1256.7414812095406, 0.0, 792.1125740759628], [0.0, 1256.7414812095406, 492.7757465151356], [0.0, 0.0, 1.0]], [[809.2209905677063, 0.0, 829.2196003259838], [0.0, 809.2209905677063, 481.77842384512485], [0.0, 0.0, 1.0]], [[1259.5137405846733, 0.0, 807.2529053838625], [0.0, 1259.5137405846733, 501.19579884916527], [0.0, 0.0, 1.0]]], "extrinsics": [[[0.8204225301742554, -0.5711255073547363, 0.02688026614487171, -0.7208251953125], [0.023473232984542847, -0.013328950852155685, -0.9996355772018433, 1.5152359008789062], [0.5712757110595703, 0.8207545876502991, 0.0024707915727049112, -1.111328125], [0.0, 0.0, 0.0, 1.0]], [[0.0054224105551838875, -0.9998330473899841, 0.017450081184506416, 0.00714111328125], [0.018300993368029594, -0.017348196357488632, -0.9996820092201233, 1.5250282287597656], [0.9998178482055664, 0.005740079563111067, 0.018203867599368095, -1.447021484375], [0.0, 0.0, 0.0, 1.0]], [[-0.8325903415679932, -0.5535281896591187, -0.01999618299305439, 0.87353515625], [0.024057742208242416, -7.198748062364757e-05, -0.9997105002403259, 1.50823974609375], [0.5533665418624878, -0.8328304290771484, 0.013376575894653797, -1.14263916015625], [0.0, 0.0, 0.0, 1.0]], [[0.9474495649337769, 0.31916573643684387, 0.021740412339568138, -1.1357421875], [0.033039193600416183, -0.030029024928808212, -0.9990028142929077, 1.5887451171875], [-0.31819459795951843, 0.9472231268882751, -0.03899596258997917, -0.10515594482421875], [0.0, 0.0, 0.0, 1.0]], [[0.002690655179321766, 0.9997936487197876, -0.02014046162366867, 0.0028076171875], [0.007539085578173399, -0.020160244777798653, -0.9997683763504028, 1.579922080039978], [-0.9999679923057556, 0.002538166008889675, -0.007591770030558109, -0.07177734375], [0.0, 0.0, 0.0, 1.0]], [[-0.9341712594032288, 0.35466524958610535, -0.039200037717819214, 1.005859375], [0.040042661130428314, -0.004966427106410265, -0.9991856217384338, 1.557037353515625], [-0.3545711636543274, -0.9349802136421204, -0.00956224650144577, -0.1126708984375], [0.0, 0.0, 0.0, 1.0]]], "view": [[0.0, -2.0, 100.0], [-2.0, 0.0, 100.0], [0.0, 0.0, 1.0]], "bev": "bev_6fdbde7387634d6fa2174ec86ab5f132.png", "aux": "aux_6fdbde7387634d6fa2174ec86ab5f132.npz", "visibility": "visibility_6fdbde7387634d6fa2174ec86ab5f132.png", "pose": [[0.8989928960800171, -0.4379632771015167, 0.0, 1620.2701416015625], [0.4379632771015167, 0.8989928960800171, 0.0, 1466.847412109375], [0.0, 0.0, 1.0, 0.0], [0.0, 0.0, 0.0, 1.0]], "pose_inverse": [[0.8989928960800171, 0.4379632771015167, 0.0, -2099.03662109375], [-0.4379632771015167, 0.8989928960800171, 0.0, -609.0665283203125], [0.0, 0.0, 1.0, 0.0], [0.0, 0.0, 0.0, 1.0]], "cam_ids": [0, 1, 2, 3, 4, 5], "cam_channels": ["CAM_FRONT_LEFT", "CAM_FRONT", "CAM_FRONT_RIGHT", "CAM_BACK_LEFT", "CAM_BACK", "CAM_BACK_RIGHT"], "token": "6fdbde7387634d6fa2174ec86ab5f132", "scene": "scene-0434"}, {"images": ["samples/CAM_FRONT_LEFT/n015-2018-10-08-15-52-24+0800__CAM_FRONT_LEFT__1538985542254844.jpg", "samples/CAM_FRONT/n015-2018-10-08-15-52-24+0800__CAM_FRONT__1538985542262460.jpg", "samples/CAM_FRONT_RIGHT/n015-2018-10-08-15-52-24+0800__CAM_FRONT_RIGHT__1538985542270339.jpg", "samples/CAM_BACK_LEFT/n015-2018-10-08-15-52-24+0800__CAM_BACK_LEFT__1538985542297423.jpg", "samples/CAM_BACK/n015-2018-10-08-15-52-24+0800__CAM_BACK__1538985542287525.jpg", "samples/CAM_BACK_RIGHT/n015-2018-10-08-15-52-24+0800__CAM_BACK_RIGHT__1538985542277893.jpg"], "intrinsics": [[[1272.5979470598488, 0.0, 826.6154927353808], [0.0, 1272.5979470598488, 479.75165386361925], [0.0, 0.0, 1.0]], [[1266.417203046554, 0.0, 816.2670197447984], [0.0, 1266.417203046554, 491.50706579294757], [0.0, 0.0, 1.0]], [[1260.8474446004698, 0.0, 807.968244525554], [0.0, 1260.8474446004698, 495.3344268742088], [0.0, 0.0, 1.0]], [[1256.7414812095406, 0.0, 792.1125740759628], [0.0, 1256.7414812095406, 492.7757465151356], [0.0, 0.0, 1.0]], [[809.2209905677063, 0.0, 829.2196003259838], [0.0, 809.2209905677063, 481.77842384512485], [0.0, 0.0, 1.0]], [[1259.5137405846733, 0.0, 807.2529053838625], [0.0, 1259.5137405846733, 501.19579884916527], [0.0, 0.0, 1.0]]], "extrinsics": [[[0.8208494186401367, -0.5707138776779175, 0.022182580083608627, -0.729736328125], [0.018820874392986298, -0.011788757517933846, -0.9997533559799194, 1.5136337280273438], [0.5708345770835876, 0.8210644125938416, 0.0010645390721037984, -1.1190185546875], [0.0, 0.0, 0.0, 1.0]], [[0.005989388097077608, -0.9998553395271301, 0.01592128910124302, 0.0081787109375], [0.013597882352769375, -0.01583866961300373, -0.999782145023346, 1.5237884521484375], [0.999889612197876, 0.0062045743688941, 0.01350104995071888, -1.455322265625], [0.0, 0.0, 0.0, 1.0]], [[-0.8324547410011292, -0.5538387298583984, -0.016787730157375336, 0.877685546875], [0.019275452941656113, 0.0013336960691958666, -0.9998132586479187, 1.5072288513183594], [0.5537577867507935, -0.8326228857040405, 0.009565253742039204, -1.14422607421875], [0.0, 0.0, 0.0, 1.0]], [[0.9475303888320923, 0.31919506192207336, 0.017342302948236465, -1.137451171875], [0.02812666818499565, -0.029207300394773483, -0.9991775751113892, 1.5886993408203125], [-0.31842607259750366, 0.9472388625144958, -0.03665269538760185, -0.10535430908203125], [0.0, 0.0, 0.0, 1.0]], [[0.002450539730489254, 0.9998146295547485, -0.019096866250038147, 0.0023193359375], [0.002658953657373786, -0.01910337246954441, -0.999813973903656, 1.5795559883117676], [-0.9999935030937195, 0.0023993635550141335, -0.0027052750810980797, -0.0693359375], [0.0, 0.0, 0.0, 1.0]], [[-0.9344512224197388, 0.3544411063194275, -0.03423997759819031, 1.0091552734375], [0.03521401435136795, -0.0037036521825939417, -0.9993729591369629, 1.5562362670898438], [-0.3543456494808197, -0.9350710511207581, -0.009020412340760231, -0.1104736328125], [0.0, 0.0, 0.0, 1.0]]], "view": [[0.0, -2.0, 100.0], [-2.0, 0.0, 100.0], [0.0, 0.0, 1.0]], "bev": "bev_6753f9332588441eb637838b716531ca.png", "aux": "aux_6753f9332588441eb637838b716531ca.npz", "visibility": "visibility_6753f9332588441eb637838b716531ca.png", "pose": [[0.9005171060562134, -0.43482062220573425, 0.0, 1623.250244140625], [0.43482062220573425, 0.9005171060562134, 0.0, 1468.2686767578125], [0.0, 0.0, 1.0, 0.0], [0.0, 0.0, 0.0, 1.0]], "pose_inverse": [[0.9005171060562134, 0.43482062220573425, 0.0, -2100.197998046875], [-0.43482062220573425, 0.9005171060562134, 0.0, -616.3783569335938], [0.0, 0.0, 1.0, 0.0], [0.0, 0.0, 0.0, 1.0]], "cam_ids": [0, 1, 2, 3, 4, 5], "cam_channels": ["CAM_FRONT_LEFT", "CAM_FRONT", "CAM_FRONT_RIGHT", "CAM_BACK_LEFT", "CAM_BACK", "CAM_BACK_RIGHT"], "token": "6753f9332588441eb637838b716531ca", "scene": "scene-0434"}, {"images": ["samples/CAM_FRONT_LEFT/n015-2018-10-08-15-52-24+0800__CAM_FRONT_LEFT__1538985542754844.jpg", "samples/CAM_FRONT/n015-2018-10-08-15-52-24+0800__CAM_FRONT__1538985542762460.jpg", "samples/CAM_FRONT_RIGHT/n015-2018-10-08-15-52-24+0800__CAM_FRONT_RIGHT__1538985542770339.jpg", "samples/CAM_BACK_LEFT/n015-2018-10-08-15-52-24+0800__CAM_BACK_LEFT__1538985542797423.jpg", "samples/CAM_BACK/n015-2018-10-08-15-52-24+0800__CAM_BACK__1538985542787525.jpg", "samples/CAM_BACK_RIGHT/n015-2018-10-08-15-52-24+0800__CAM_BACK_RIGHT__1538985542777893.jpg"], "intrinsics": [[[1272.5979470598488, 0.0, 826.6154927353808], [0.0, 1272.5979470598488, 479.75165386361925], [0.0, 0.0, 1.0]], [[1266.417203046554, 0.0, 816.2670197447984], [0.0, 1266.417203046554, 491.50706579294757], [0.0, 0.0, 1.0]], [[1260.8474446004698, 0.0, 807.968244525554], [0.0, 1260.8474446004698, 495.3344268742088], [0.0, 0.0, 1.0]], [[1256.7414812095406, 0.0, 792.1125740759628], [0.0, 1256.7414812095406, 492.7757465151356], [0.0, 0.0, 1.0]], [[809.2209905677063, 0.0, 829.2196003259838], [0.0, 809.2209905677063, 481.77842384512485], [0.0, 0.0, 1.0]], [[1259.5137405846733, 0.0, 807.2529053838625], [0.0, 1259.5137405846733, 501.19579884916527], [0.0, 0.0, 1.0]]], "extrinsics": [[[0.8210817575454712, -0.5703431963920593, 0.02309703826904297, -0.761474609375], [0.01733129471540451, -0.015535157173871994, -0.9997290968894958, 1.5125484466552734], [0.5705474615097046, 0.8212595582008362, -0.0028708474710583687, -1.140869140625], [0.0, 0.0, 0.0, 1.0]], [[0.006217550486326218, -0.9997857809066772, 0.01974230259656906, 0.00738525390625], [0.01216916274279356, -0.01966557465493679, -0.9997325539588928, 1.5230121612548828], [0.999906599521637, 0.006456152070313692, 0.012044282630085945, -1.49072265625], [0.0, 0.0, 0.0, 1.0]], [[-0.8324167132377625, -0.5539848208427429, -0.013537873513996601, 0.902587890625], [0.017941158264875412, -0.0025251011829823256, -0.9998358488082886, 1.5064506530761719], [0.5538595914840698, -0.8325229287147522, 0.012041065841913223, -1.16156005859375], [0.0, 0.0, 0.0, 1.0]], [[0.9475466012954712, 0.3192567825317383, 0.015190254896879196, -1.138427734375], [0.027186419814825058, -0.033152345567941666, -0.99908047914505, 1.5886573791503906], [-0.31845957040786743, 0.9470883011817932, -0.0400928370654583, -0.10489654541015625], [0.0, 0.0, 0.0, 1.0]], [[0.002384632360190153, 0.999731719493866, -0.0230399202555418, 0.0025634765625], [0.0015599026810377836, -0.023043673485517502, -0.9997332692146301, 1.5794563293457031], [-0.9999959468841553, 0.0023480472154915333, -0.0016144347609952092, -0.0576171875], [0.0, 0.0, 0.0, 1.0]], [[-0.9345213174819946, 0.3542341887950897, -0.034466736018657684, 1.02978515625], [0.03397763520479202, -0.0076023587025702, -0.9993936419487, 1.5553207397460938], [-0.3542814552783966, -0.9351259469985962, -0.004931473173201084, -0.1033935546875], [0.0, 0.0, 0.0, 1.0]]], "view": [[0.0, -2.0, 100.0], [-2.0, 0.0, 100.0], [0.0, 0.0, 1.0]], "bev": "bev_3c894715d87c4fef9982c0066ebfb736.png", "aux": "aux_3c894715d87c4fef9982c0066ebfb736.npz", "visibility": "visibility_3c894715d87c4fef9982c0066ebfb736.png", "pose": [[0.9023687839508057, -0.43096473813056946, 0.0, 1626.00927734375], [0.43096473813056946, 0.9023687839508057, 0.0, 1469.5721435546875], [0.0, 0.0, 1.0, 0.0], [0.0, 0.0, 0.0, 1.0]], "pose_inverse": [[0.9023687839508057, 0.43096473813056946, 0.0, -2100.59375], [-0.43096473813056946, 0.9023687839508057, 0.0, -625.3433227539062], [0.0, 0.0, 1.0, 0.0], [0.0, 0.0, 0.0, 1.0]], "cam_ids": [0, 1, 2, 3, 4, 5], "cam_channels": ["CAM_FRONT_LEFT", "CAM_FRONT", "CAM_FRONT_RIGHT", "CAM_BACK_LEFT", "CAM_BACK", "CAM_BACK_RIGHT"], "token": "3c894715d87c4fef9982c0066ebfb736", "scene": "scene-0434"}, {"images": ["samples/CAM_FRONT_LEFT/n015-2018-10-08-15-52-24+0800__CAM_FRONT_LEFT__1538985543254844.jpg", "samples/CAM_FRONT/n015-2018-10-08-15-52-24+0800__CAM_FRONT__1538985543262460.jpg", "samples/CAM_FRONT_RIGHT/n015-2018-10-08-15-52-24+0800__CAM_FRONT_RIGHT__1538985543270339.jpg", "samples/CAM_BACK_LEFT/n015-2018-10-08-15-52-24+0800__CAM_BACK_LEFT__1538985543297423.jpg", "samples/CAM_BACK/n015-2018-10-08-15-52-24+0800__CAM_BACK__1538985543287525.jpg", "samples/CAM_BACK_RIGHT/n015-2018-10-08-15-52-24+0800__CAM_BACK_RIGHT__1538985543277893.jpg"], "intrinsics": [[[1272.5979470598488, 0.0, 826.6154927353808], [0.0, 1272.5979470598488, 479.75165386361925], [0.0, 0.0, 1.0]], [[1266.417203046554, 0.0, 816.2670197447984], [0.0, 1266.417203046554, 491.50706579294757], [0.0, 0.0, 1.0]], [[1260.8474446004698, 0.0, 807.968244525554], [0.0, 1260.8474446004698, 495.3344268742088], [0.0, 0.0, 1.0]], [[1256.7414812095406, 0.0, 792.1125740759628], [0.0, 1256.7414812095406, 492.7757465151356], [0.0, 0.0, 1.0]], [[809.2209905677063, 0.0, 829.2196003259838], [0.0, 809.2209905677063, 481.77842384512485], [0.0, 0.0, 1.0]], [[1259.5137405846733, 0.0, 807.2529053838625], [0.0, 1259.5137405846733, 501.19579884916527], [0.0, 0.0, 1.0]]], "extrinsics": [[[0.8206391930580139, -0.5708253979682922, 0.026638580486178398, -0.7701416015625], [0.019052892923355103, -0.019258519634604454, -0.9996329545974731, 1.5127716064453125], [0.5711289048194885, 0.8208455443382263, -0.0049284216947853565, -1.1453857421875], [0.0, 0.0, 0.0, 1.0]], [[0.0056629301980137825, -0.9997111558914185, 0.023357868194580078, 0.00653076171875], [0.013724222779273987, -0.023278342559933662, -0.9996348023414612, 1.5232162475585938], [0.9998897910118103, 0.005981449969112873, 0.013588433153927326, -1.497314453125], [0.0, 0.0, 0.0, 1.0]], [[-0.8326030373573303, -0.5537236928939819, -0.012735680676996708, 0.906005859375], [0.01930169388651848, -0.00602750526741147, -0.9997954964637756, 1.5065689086914062], [0.553533673286438, -0.8326786160469055, 0.015706326812505722, -1.16473388671875], [0.0, 0.0, 0.0, 1.0]], [[0.947562038898468, 0.3192269504070282, 0.01483875885605812, -1.139404296875], [0.02785894274711609, -0.036258965730667114, -0.9989540576934814, 1.5886306762695312], [-0.31835493445396423, 0.9469844102859497, -0.04325094819068909, -0.10451507568359375], [0.0, 0.0, 0.0, 1.0]], [[0.002537335967645049, 0.9996511936187744, -0.026287758722901344, 0.0029296875], [0.0024853297509253025, -0.02629406377673149, -0.9996511936187744, 1.5795001983642578], [-0.999993622303009, 0.0024711049627512693, -0.0025511812418699265, -0.055419921875], [0.0, 0.0, 0.0, 1.0]], [[-0.9343866109848022, 0.35435882210731506, -0.03676223009824753, 1.033447265625], [0.03514783829450607, -0.010993432253599167, -0.9993216395378113, 1.5553207397460938], [-0.35452261567115784, -0.9350449442863464, -0.0021828298922628164, -0.1025390625], [0.0, 0.0, 0.0, 1.0]]], "view": [[0.0, -2.0, 100.0], [-2.0, 0.0, 100.0], [0.0, 0.0, 1.0]], "bev": "bev_9c47aa77c66b473bafac7bd613698bd4.png", "aux": "aux_9c47aa77c66b473bafac7bd613698bd4.npz", "visibility": "visibility_9c47aa77c66b473bafac7bd613698bd4.png", "pose": [[0.9041162133216858, -0.4272865951061249, 0.0, 1628.539794921875], [0.4272865951061249, 0.9041162133216858, 0.0, 1470.764892578125], [0.0, 0.0, 1.0, 0.0], [0.0, 0.0, 0.0, 1.0]], "pose_inverse": [[0.9041162133216858, 0.4272865951061249, 0.0, -2100.827392578125], [-0.4272865951061249, 0.9041162133216858, 0.0, -633.88916015625], [0.0, 0.0, 1.0, 0.0], [0.0, 0.0, 0.0, 1.0]], "cam_ids": [0, 1, 2, 3, 4, 5], "cam_channels": ["CAM_FRONT_LEFT", "CAM_FRONT", "CAM_FRONT_RIGHT", "CAM_BACK_LEFT", "CAM_BACK", "CAM_BACK_RIGHT"], "token": "9c47aa77c66b473bafac7bd613698bd4", "scene": "scene-0434"}, {"images": ["samples/CAM_FRONT_LEFT/n015-2018-10-08-15-52-24+0800__CAM_FRONT_LEFT__1538985543654844.jpg", "samples/CAM_FRONT/n015-2018-10-08-15-52-24+0800__CAM_FRONT__1538985543662460.jpg", "samples/CAM_FRONT_RIGHT/n015-2018-10-08-15-52-24+0800__CAM_FRONT_RIGHT__1538985543670339.jpg", "samples/CAM_BACK_LEFT/n015-2018-10-08-15-52-24+0800__CAM_BACK_LEFT__1538985543697423.jpg", "samples/CAM_BACK/n015-2018-10-08-15-52-24+0800__CAM_BACK__1538985543687538.jpg", "samples/CAM_BACK_RIGHT/n015-2018-10-08-15-52-24+0800__CAM_BACK_RIGHT__1538985543677893.jpg"], "intrinsics": [[[1272.5979470598488, 0.0, 826.6154927353808], [0.0, 1272.5979470598488, 479.75165386361925], [0.0, 0.0, 1.0]], [[1266.417203046554, 0.0, 816.2670197447984], [0.0, 1266.417203046554, 491.50706579294757], [0.0, 0.0, 1.0]], [[1260.8474446004698, 0.0, 807.968244525554], [0.0, 1260.8474446004698, 495.3344268742088], [0.0, 0.0, 1.0]], [[1256.7414812095406, 0.0, 792.1125740759628], [0.0, 1256.7414812095406, 492.7757465151356], [0.0, 0.0, 1.0]], [[809.2209905677063, 0.0, 829.2196003259838], [0.0, 809.2209905677063, 481.77842384512485], [0.0, 0.0, 1.0]], [[1259.5137405846733, 0.0, 807.2529053838625], [0.0, 1259.5137405846733, 501.19579884916527], [0.0, 0.0, 1.0]]], "extrinsics": [[[0.8209239840507507, -0.5703294277191162, 0.028427720069885254, -0.7744140625], [0.020379476249217987, -0.020489642396569252, -0.9995823502540588, 1.512979507446289], [0.5706737041473389, 0.8211604356765747, -0.005197424907237291, -1.148681640625], [0.0, 0.0, 0.0, 1.0]], [[0.006084478925913572, -0.999672532081604, 0.024854587391018867, 0.0069580078125], [0.015201297588646412, -0.02475971169769764, -0.9995778799057007, 1.5234489440917969], [0.9998658895492554, 0.006459719501435757, 0.015045670792460442, -1.50146484375], [0.0, 0.0, 0.0, 1.0]], [[-0.8323851823806763, -0.5540421009063721, -0.013123667798936367, 0.90869140625], [0.02092982456088066, -0.007763448636978865, -0.9997507929801941, 1.5067634582519531], [0.5538021326065063, -0.8324524164199829, 0.018058184534311295, -1.1658935546875], [0.0, 0.0, 0.0, 1.0]], [[0.9474804401397705, 0.31941285729408264, 0.016009213402867317, -1.138916015625], [0.029946208000183105, -0.038769401609897614, -0.9987993240356445, 1.5886688232421875], [-0.3184087574481964, 0.9468222260475159, -0.046298447996377945, -0.1049041748046875], [0.0, 0.0, 0.0, 1.0]], [[0.0024262131191790104, 0.9995899796485901, -0.028530998155474663, 0.002685546875], [0.00442382600158453, -0.028541533276438713, -0.999582827091217, 1.5796184539794922], [-0.9999872446060181, 0.0022989732678979635, -0.0044912598095834255, -0.05517578125], [0.0, 0.0, 0.0, 1.0]], [[-0.9344150424003601, 0.354032039642334, -0.03911247104406357, 1.0347900390625], [0.0369185172021389, -0.012951662763953209, -0.9992343187332153, 1.5554656982421875], [-0.35426756739616394, -0.9351436495780945, -0.0009681094670668244, -0.101806640625], [0.0, 0.0, 0.0, 1.0]]], "view": [[0.0, -2.0, 100.0], [-2.0, 0.0, 100.0], [0.0, 0.0, 1.0]], "bev": "bev_c90d824e5d2f47bf8e4daf930b2935c7.png", "aux": "aux_c90d824e5d2f47bf8e4daf930b2935c7.npz", "visibility": "visibility_c90d824e5d2f47bf8e4daf930b2935c7.png", "pose": [[0.9061655402183533, -0.4229232370853424, 0.0, 1630.495849609375], [0.4229232370853424, 0.9061655402183533, 0.0, 1471.6781005859375], [0.0, 0.0, 1.0, 0.0], [0.0, 0.0, 0.0, 1.0]], "pose_inverse": [[0.9061655402183533, 0.4229232370853424, 0.0, -2099.906005859375], [-0.4229232370853424, 0.9061655402183533, 0.0, -644.0093383789062], [0.0, 0.0, 1.0, 0.0], [0.0, 0.0, 0.0, 1.0]], "cam_ids": [0, 1, 2, 3, 4, 5], "cam_channels": ["CAM_FRONT_LEFT", "CAM_FRONT", "CAM_FRONT_RIGHT", "CAM_BACK_LEFT", "CAM_BACK", "CAM_BACK_RIGHT"], "token": "c90d824e5d2f47bf8e4daf930b2935c7", "scene": "scene-0434"}, {"images": ["samples/CAM_FRONT_LEFT/n015-2018-10-08-15-52-24+0800__CAM_FRONT_LEFT__1538985544154844.jpg", "samples/CAM_FRONT/n015-2018-10-08-15-52-24+0800__CAM_FRONT__1538985544162460.jpg", "samples/CAM_FRONT_RIGHT/n015-2018-10-08-15-52-24+0800__CAM_FRONT_RIGHT__1538985544170339.jpg", "samples/CAM_BACK_LEFT/n015-2018-10-08-15-52-24+0800__CAM_BACK_LEFT__1538985544197423.jpg", "samples/CAM_BACK/n015-2018-10-08-15-52-24+0800__CAM_BACK__1538985544187525.jpg", "samples/CAM_BACK_RIGHT/n015-2018-10-08-15-52-24+0800__CAM_BACK_RIGHT__1538985544177893.jpg"], "intrinsics": [[[1272.5979470598488, 0.0, 826.6154927353808], [0.0, 1272.5979470598488, 479.75165386361925], [0.0, 0.0, 1.0]], [[1266.417203046554, 0.0, 816.2670197447984], [0.0, 1266.417203046554, 491.50706579294757], [0.0, 0.0, 1.0]], [[1260.8474446004698, 0.0, 807.968244525554], [0.0, 1260.8474446004698, 495.3344268742088], [0.0, 0.0, 1.0]], [[1256.7414812095406, 0.0, 792.1125740759628], [0.0, 1256.7414812095406, 492.7757465151356], [0.0, 0.0, 1.0]], [[809.2209905677063, 0.0, 829.2196003259838], [0.0, 809.2209905677063, 481.77842384512485], [0.0, 0.0, 1.0]], [[1259.5137405846733, 0.0, 807.2529053838625], [0.0, 1259.5137405846733, 501.19579884916527], [0.0, 0.0, 1.0]]], "extrinsics": [[[0.8207293152809143, -0.5705360174179077, 0.029865877702832222, -0.7784423828125], [0.022325802594423294, -0.020207121968269348, -0.9995465278625488, 1.5133209228515625], [0.5708808302879333, 0.8210238814353943, -0.0038469035644084215, -1.150390625], [0.0, 0.0, 0.0, 1.0]], [[0.005817603785544634, -0.9996810555458069, 0.024574875831604004, 0.0059814453125], [0.01706991344690323, -0.02447243221104145, -0.9995547533035278, 1.5237236022949219], [0.9998374581336975, 0.006234549917280674, 0.01692209579050541, -1.5048828125], [0.0, 0.0, 0.0, 1.0]], [[-0.8324627876281738, -0.5538844466209412, -0.014761798083782196, 0.910888671875], [0.02271944470703602, -0.007502497173845768, -0.9997137188911438, 1.5069503784179688], [0.5536150932312012, -0.8325598239898682, 0.01882949285209179, -1.16815185546875], [0.0, 0.0, 0.0, 1.0]], [[0.9474501609802246, 0.319423109292984, 0.017525939270853996, -1.140869140625], [0.031505782157182693, -0.03865097463130951, -0.9987559914588928, 1.5885848999023438], [-0.31834834814071655, 0.9468235969543457, -0.04668354243040085, -0.10393524169921875], [0.0, 0.0, 0.0, 1.0]], [[0.002533386927098036, 0.9995948672294617, -0.028351517394185066, 0.0030517578125], [0.006050772964954376, -0.028366412967443466, -0.9995793104171753, 1.5796818733215332], [-0.9999784827232361, 0.0023607376497238874, -0.006120182573795319, -0.0517578125], [0.0, 0.0, 0.0, 1.0]], [[-0.9343006014823914, 0.35416293144226074, -0.040630314499139786, 1.0379638671875], [0.03862542659044266, -0.012731256894767284, -0.9991726279258728, 1.5555191040039062], [-0.3543872535228729, -0.9350971579551697, -0.0017848728457465768, -0.100830078125], [0.0, 0.0, 0.0, 1.0]]], "view": [[0.0, -2.0, 100.0], [-2.0, 0.0, 100.0], [0.0, 0.0, 1.0]], "bev": "bev_71b97a463fbd447c8d22885fb7fb15e3.png", "aux": "aux_71b97a463fbd447c8d22885fb7fb15e3.npz", "visibility": "visibility_71b97a463fbd447c8d22885fb7fb15e3.png", "pose": [[0.9079452753067017, -0.41908878087997437, 0.0, 1632.921142578125], [0.41908878087997437, 0.9079452753067017, 0.0, 1472.8026123046875], [0.0, 0.0, 1.0, 0.0], [0.0, 0.0, 0.0, 1.0]], "pose_inverse": [[0.9079452753067017, 0.41908878087997437, 0.0, -2099.838134765625], [-0.41908878087997437, 0.9079452753067017, 0.0, -652.88525390625], [0.0, 0.0, 1.0, 0.0], [0.0, 0.0, 0.0, 1.0]], "cam_ids": [0, 1, 2, 3, 4, 5], "cam_channels": ["CAM_FRONT_LEFT", "CAM_FRONT", "CAM_FRONT_RIGHT", "CAM_BACK_LEFT", "CAM_BACK", "CAM_BACK_RIGHT"], "token": "71b97a463fbd447c8d22885fb7fb15e3", "scene": "scene-0434"}, {"images": ["samples/CAM_FRONT_LEFT/n015-2018-10-08-15-52-24+0800__CAM_FRONT_LEFT__1538985544654844.jpg", "samples/CAM_FRONT/n015-2018-10-08-15-52-24+0800__CAM_FRONT__1538985544662460.jpg", "samples/CAM_FRONT_RIGHT/n015-2018-10-08-15-52-24+0800__CAM_FRONT_RIGHT__1538985544670339.jpg", "samples/CAM_BACK_LEFT/n015-2018-10-08-15-52-24+0800__CAM_BACK_LEFT__1538985544697423.jpg", "samples/CAM_BACK/n015-2018-10-08-15-52-24+0800__CAM_BACK__1538985544687525.jpg", "samples/CAM_BACK_RIGHT/n015-2018-10-08-15-52-24+0800__CAM_BACK_RIGHT__1538985544677893.jpg"], "intrinsics": [[[1272.5979470598488, 0.0, 826.6154927353808], [0.0, 1272.5979470598488, 479.75165386361925], [0.0, 0.0, 1.0]], [[1266.417203046554, 0.0, 816.2670197447984], [0.0, 1266.417203046554, 491.50706579294757], [0.0, 0.0, 1.0]], [[1260.8474446004698, 0.0, 807.968244525554], [0.0, 1260.8474446004698, 495.3344268742088], [0.0, 0.0, 1.0]], [[1256.7414812095406, 0.0, 792.1125740759628], [0.0, 1256.7414812095406, 492.7757465151356], [0.0, 0.0, 1.0]], [[809.2209905677063, 0.0, 829.2196003259838], [0.0, 809.2209905677063, 481.77842384512485], [0.0, 0.0, 1.0]], [[1259.5137405846733, 0.0, 807.2529053838625], [0.0, 1259.5137405846733, 501.19579884916527], [0.0, 0.0, 1.0]]], "extrinsics": [[[0.8205705285072327, -0.5706034302711487, 0.03279654309153557, -0.7806396484375], [0.0292973592877388, -0.015313728712499142, -0.9994534254074097, 1.51483154296875], [0.5707937479019165, 0.8210829496383667, 0.004151178058236837, -1.1534423828125], [0.0, 0.0, 0.0, 1.0]], [[0.005774535704404116, -0.9997991323471069, 0.01919161155819893, 0.0072021484375], [0.024276569485664368, -0.01904611475765705, -0.9995238184928894, 1.5250167846679688], [0.9996885657310486, 0.006237654946744442, 0.02416171133518219, -1.50830078125], [0.0, 0.0, 0.0, 1.0]], [[-0.8322564363479614, -0.5538618564605713, -0.024210888892412186, 0.9140625], [0.030106445774435997, -0.0015462297014892101, -0.9995455145835876, 1.5079345703125], [0.5535727143287659, -0.832607090473175, 0.017961673438549042, -1.16912841796875], [0.0, 0.0, 0.0, 1.0]], [[0.9472736120223999, 0.31928297877311707, 0.027037302032113075, -1.140625], [0.03906746953725815, -0.03133336827158928, -0.9987452030181885, 1.5886001586914062], [-0.31803518533706665, 0.9471412897109985, -0.04215485230088234, -0.1040802001953125], [0.0, 0.0, 0.0, 1.0]], [[0.00265825935639441, 0.9997665882110596, -0.021439271047711372, 0.0025634765625], [0.0135871060192585, -0.02147347666323185, -0.9996771216392517, 1.5800762176513672], [-0.9999041557312012, 0.0023661241866648197, -0.013641015626490116, -0.05029296875], [0.0, 0.0, 0.0, 1.0]], [[-0.9340108633041382, 0.35435259342193604, -0.04536375775933266, 1.039794921875], [0.04611169546842575, -0.006337640341371298, -0.9989162087440491, 1.5561904907226562], [-0.3542560338973999, -0.9350904226303101, -0.010420376434922218, -0.0994873046875], [0.0, 0.0, 0.0, 1.0]]], "view": [[0.0, -2.0, 100.0], [-2.0, 0.0, 100.0], [0.0, 0.0, 1.0]], "bev": "bev_cea64cb3c70d48f48ab410006ce122e6.png", "aux": "aux_cea64cb3c70d48f48ab410006ce122e6.npz", "visibility": "visibility_cea64cb3c70d48f48ab410006ce122e6.png", "pose": [[0.9095224738121033, -0.415654718875885, 0.0, 1635.3045654296875], [0.415654718875885, 0.9095224738121033, 0.0, 1473.8922119140625], [0.0, 0.0, 1.0, 0.0], [0.0, 0.0, 0.0, 1.0]], "pose_inverse": [[0.9095224738121033, 0.415654718875885, 0.0, -2099.9765625], [-0.415654718875885, 0.9095224738121033, 0.0, -660.8160400390625], [0.0, 0.0, 1.0, 0.0], [0.0, 0.0, 0.0, 1.0]], "cam_ids": [0, 1, 2, 3, 4, 5], "cam_channels": ["CAM_FRONT_LEFT", "CAM_FRONT", "CAM_FRONT_RIGHT", "CAM_BACK_LEFT", "CAM_BACK", "CAM_BACK_RIGHT"], "token": "cea64cb3c70d48f48ab410006ce122e6", "scene": "scene-0434"}, {"images": ["samples/CAM_FRONT_LEFT/n015-2018-10-08-15-52-24+0800__CAM_FRONT_LEFT__1538985545154844.jpg", "samples/CAM_FRONT/n015-2018-10-08-15-52-24+0800__CAM_FRONT__1538985545162460.jpg", "samples/CAM_FRONT_RIGHT/n015-2018-10-08-15-52-24+0800__CAM_FRONT_RIGHT__1538985545170339.jpg", "samples/CAM_BACK_LEFT/n015-2018-10-08-15-52-24+0800__CAM_BACK_LEFT__1538985545197423.jpg", "samples/CAM_BACK/n015-2018-10-08-15-52-24+0800__CAM_BACK__1538985545187525.jpg", "samples/CAM_BACK_RIGHT/n015-2018-10-08-15-52-24+0800__CAM_BACK_RIGHT__1538985545177893.jpg"], "intrinsics": [[[1272.5979470598488, 0.0, 826.6154927353808], [0.0, 1272.5979470598488, 479.75165386361925], [0.0, 0.0, 1.0]], [[1266.417203046554, 0.0, 816.2670197447984], [0.0, 1266.417203046554, 491.50706579294757], [0.0, 0.0, 1.0]], [[1260.8474446004698, 0.0, 807.968244525554], [0.0, 1260.8474446004698, 495.3344268742088], [0.0, 0.0, 1.0]], [[1256.7414812095406, 0.0, 792.1125740759628], [0.0, 1256.7414812095406, 492.7757465151356], [0.0, 0.0, 1.0]], [[809.2209905677063, 0.0, 829.2196003259838], [0.0, 809.2209905677063, 481.77842384512485], [0.0, 0.0, 1.0]], [[1259.5137405846733, 0.0, 807.2529053838625], [0.0, 1259.5137405846733, 501.19579884916527], [0.0, 0.0, 1.0]]], "extrinsics": [[[0.8194964528083801, -0.5713707208633423, 0.04428396746516228, -0.790771484375], [0.04027058929204941, -0.019668251276016235, -0.9989951848983765, 1.5167999267578125], [0.5716676115989685, 0.820456326007843, 0.006891372613608837, -1.15966796875], [0.0, 0.0, 0.0, 1.0]], [[0.004594482481479645, -0.9997041821479797, 0.023885453119874, 0.00640869140625], [0.0350521057844162, -0.02371002733707428, -0.9991042017936707, 1.5266876220703125], [0.9993749260902405, 0.005427598487585783, 0.03493279591202736, -1.517578125], [0.0, 0.0, 0.0, 1.0]], [[-0.8323725461959839, -0.5533798336982727, -0.0304415263235569, 0.91845703125], [0.04085316136479378, -0.00648664403706789, -0.9991440773010254, 1.509246826171875], [0.5527086853981018, -0.8329038023948669, 0.028006616979837418, -1.1728515625], [0.0, 0.0, 0.0, 1.0]], [[0.9469500780105591, 0.3193442225456238, 0.036123014986515045, -1.138427734375], [0.05036424100399017, -0.0364474393427372, -0.9980655908584595, 1.5887527465820312], [-0.317409873008728, 0.9469376802444458, -0.050597429275512695, -0.10503387451171875], [0.0, 0.0, 0.0, 1.0]], [[0.003191524650901556, 0.9996414184570312, -0.026589037850499153, 0.0028076171875], [0.024614358320832253, -0.0266596470028162, -0.9993414878845215, 1.5806732177734375], [-0.999691903591156, 0.0025349545758217