[{"images": ["samples/CAM_FRONT_LEFT/n008-2018-08-22-15-53-49-0400__CAM_FRONT_LEFT__1534967928404799.jpg", "samples/CAM_FRONT/n008-2018-08-22-15-53-49-0400__CAM_FRONT__1534967928412404.jpg", "samples/CAM_FRONT_RIGHT/n008-2018-08-22-15-53-49-0400__CAM_FRONT_RIGHT__1534967928420482.jpg", "samples/CAM_BACK_LEFT/n008-2018-08-22-15-53-49-0400__CAM_BACK_LEFT__1534967928447405.jpg", "samples/CAM_BACK/n008-2018-08-22-15-53-49-0400__CAM_BACK__1534967928437558.jpg", "samples/CAM_BACK_RIGHT/n008-2018-08-22-15-53-49-0400__CAM_BACK_RIGHT__1534967928428113.jpg"], "intrinsics": [[[1257.8625342125129, 0.0, 827.2410631095686], [0.0, 1257.8625342125129, 450.915498205774], [0.0, 0.0, 1.0]], [[1252.8131021185304, 0.0, 826.588114781398], [0.0, 1252.8131021185304, 469.9846626224581], [0.0, 0.0, 1.0]], [[1256.7485116440405, 0.0, 817.7887570959712], [0.0, 1256.7485116440403, 451.9541780095127], [0.0, 0.0, 1.0]], [[1254.9860565800168, 0.0, 829.5769333630991], [0.0, 1254.9860565800168, 467.1680561863987], [0.0, 0.0, 1.0]], [[796.8910634503094, 0.0, 857.7774326863696], [0.0, 796.8910634503094, 476.8848988407415], [0.0, 0.0, 1.0]], [[1249.9629280788233, 0.0, 825.3768045375984], [0.0, 1249.9629280788233, 462.54816385708756], [0.0, 0.0, 1.0]]], "extrinsics": [[[0.8133595585823059, -0.5817381143569946, -0.005199847277253866, -0.844482421875], [0.0038497145287692547, 0.014319978654384613, -0.9998900294303894, 1.4889678955078125], [0.5817486643791199, 0.8132500648498535, 0.013886815868318081, -1.224609375], [0.0, 0.0, 0.0, 1.0]], [[-0.0029842860531061888, -0.9999459385871887, -0.009952500462532043, 0.0087890625], [0.005724732764065266, 0.009935298003256321, -0.9999343156814575, 1.4810333251953125], [0.9999791383743286, -0.003041075076907873, 0.005694773513823748, -1.57574462890625], [0.0, 0.0, 0.0, 1.0]], [[-0.8495312929153442, -0.5273999571800232, -0.012077835388481617, 0.98846435546875], [0.013650982640683651, 0.000909685913939029, -0.9999063611030579, 1.494736671447754], [0.5273616313934326, -0.8496165871620178, 0.006426720879971981, -1.211181640625], [0.0, 0.0, 0.0, 1.0]], [[0.9477279782295227, 0.3190176486968994, -0.006275676656514406, -1.1487007141113281], [-0.011795702390372753, 0.01537412777543068, -0.9998121857643127, 1.562103271484375], [-0.31886130571365356, 0.9476240873336792, 0.01833352819085121, -0.154541015625], [0.0, 0.0, 0.0, 1.0]], [[0.012900428846478462, 0.999883770942688, 0.008124646730720997, -0.029052734375], [-0.009602690115571022, 0.008248833008110523, -0.9999198913574219, 1.5676555633544922], [-0.9998707175254822, 0.012821382842957973, 0.009707987308502197, 0.00238037109375], [0.0, 0.0, 0.0, 1.0]], [[-0.920806348323822, 0.3900197446346283, -0.0004893281147815287, 1.0799560546875], [-0.005467361770570278, -0.014162498526275158, -0.9998847246170044, 1.547353744506836], [-0.3899817168712616, -0.9206975698471069, 0.015173297375440598, -0.076416015625], [0.0, 0.0, 0.0, 1.0]]], "view": [[0.0, -2.0, 100.0], [-2.0, 0.0, 100.0], [0.0, 0.0, 1.0]], "bev": "bev_b98e65c90a7a445a907a3bb1467b551b.png", "aux": "aux_b98e65c90a7a445a907a3bb1467b551b.npz", "visibility": "visibility_b98e65c90a7a445a907a3bb1467b551b.png", "pose": [[-0.08774002641439438, -0.9961434006690979, 0.0, 2139.6611328125], [0.9961434006690979, -0.08774002641439438, 0.0, 913.217041015625], [0.0, 0.0, 1.0, 0.0], [0.0, 0.0, 0.0, 1.0]], "pose_inverse": [[-0.08774002641439438, 0.9961434006690979, 0.0, -721.9612426757812], [-0.9961434006690979, -0.08774002641439438, 0.0, 2211.534912109375], [0.0, 0.0, 1.0, 0.0], [0.0, 0.0, 0.0, 1.0]], "cam_ids": [0, 1, 2, 3, 4, 5], "cam_channels": ["CAM_FRONT_LEFT", "CAM_FRONT", "CAM_FRONT_RIGHT", "CAM_BACK_LEFT", "CAM_BACK", "CAM_BACK_RIGHT"], "token": "b98e65c90a7a445a907a3bb1467b551b", "scene": "scene-0330"}, {"images": ["samples/CAM_FRONT_LEFT/n008-2018-08-22-15-53-49-0400__CAM_FRONT_LEFT__1534967928904799.jpg", "samples/CAM_FRONT/n008-2018-08-22-15-53-49-0400__CAM_FRONT__1534967928912415.jpg", "samples/CAM_FRONT_RIGHT/n008-2018-08-22-15-53-49-0400__CAM_FRONT_RIGHT__1534967928920482.jpg", "samples/CAM_BACK_LEFT/n008-2018-08-22-15-53-49-0400__CAM_BACK_LEFT__1534967928947405.jpg", "samples/CAM_BACK/n008-2018-08-22-15-53-49-0400__CAM_BACK__1534967928937558.jpg", "samples/CAM_BACK_RIGHT/n008-2018-08-22-15-53-49-0400__CAM_BACK_RIGHT__1534967928928113.jpg"], "intrinsics": [[[1257.8625342125129, 0.0, 827.2410631095686], [0.0, 1257.8625342125129, 450.915498205774], [0.0, 0.0, 1.0]], [[1252.8131021185304, 0.0, 826.588114781398], [0.0, 1252.8131021185304, 469.9846626224581], [0.0, 0.0, 1.0]], [[1256.7485116440405, 0.0, 817.7887570959712], [0.0, 1256.7485116440403, 451.9541780095127], [0.0, 0.0, 1.0]], [[1254.9860565800168, 0.0, 829.5769333630991], [0.0, 1254.9860565800168, 467.1680561863987], [0.0, 0.0, 1.0]], [[796.8910634503094, 0.0, 857.7774326863696], [0.0, 796.8910634503094, 476.8848988407415], [0.0, 0.0, 1.0]], [[1249.9629280788233, 0.0, 825.3768045375984], [0.0, 1249.9629280788233, 462.54816385708756], [0.0, 0.0, 1.0]]], "extrinsics": [[[0.814095139503479, -0.5806952714920044, -0.006493822671473026, -0.8509521484375], [-0.0039186030626297, 0.005688961129635572, -0.9999761581420898, 1.487532615661621], [0.5807183980941772, 0.8141012191772461, 0.0023558393586426973, -1.2298583984375], [0.0, 0.0, 0.0, 1.0]], [[-0.0017235074192285538, -0.9999975562095642, -0.0013671661727130413, 0.00927734375], [-0.0020008012652397156, 0.0013706143945455551, -0.999997079372406, 1.4798550605773926], [0.9999964833259583, -0.001720731845125556, -0.0020031584426760674, -1.582366943359375], [0.0, 0.0, 0.0, 1.0]], [[-0.8488875031471252, -0.5285724997520447, -0.0010492625879123807, 0.9927978515625], [0.005953424610197544, -0.007576206233352423, -0.99995356798172, 1.4937934875488281], [0.5285400152206421, -0.8488543033599854, 0.009578163735568523, -1.212890625], [0.0, 0.0, 0.0, 1.0]], [[0.9477015137672424, 0.31876829266548157, -0.015765922144055367, -1.14642333984375], [-0.019119301810860634, 0.0073934029787778854, -0.9997898936271667, 1.562093734741211], [-0.31858474016189575, 0.947803795337677, 0.013101366348564625, -0.155029296875], [0.0, 0.0, 0.0, 1.0]], [[0.012397012673318386, 0.9999231696128845, -0.00024258960911538452, -0.029541015625], [-0.01704707369208336, -3.12224765366409e-05, -0.9998546242713928, 1.5673584938049316], [-0.9997778534889221, 0.012399356812238693, 0.01704537682235241, 0.00299072265625], [0.0, 0.0, 0.0, 1.0]], [[-0.9212713837623596, 0.3889065384864807, 0.0032765951473265886, 1.0826416015625], [-0.01310059055685997, -0.022611405700445175, -0.9996585249900818, 1.5467720031738281], [-0.38869959115982056, -0.9209996461868286, 0.025926146656274796, -0.0740966796875], [0.0, 0.0, 0.0, 1.0]]], "view": [[0.0, -2.0, 100.0], [-2.0, 0.0, 100.0], [0.0, 0.0, 1.0]], "bev": "bev_b8625dc52082469babded72ca4f0f823.png", "aux": "aux_b8625dc52082469babded72ca4f0f823.npz", "visibility": "visibility_b8625dc52082469babded72ca4f0f823.png", "pose": [[-0.2777402400970459, -0.9606562256813049, 0.0, 2139.261962890625], [0.9606562256813049, -0.2777402400970459, 0.0, 915.4420166015625], [0.0, 0.0, 1.0, 0.0], [0.0, 0.0, 0.0, 1.0]], "pose_inverse": [[-0.2777402400970459, 0.9606562256813049, 0.0, -285.26593017578125], [-0.9606562256813049, -0.2777402400970459, 0.0, 2309.350341796875], [0.0, 0.0, 1.0, 0.0], [0.0, 0.0, 0.0, 1.0]], "cam_ids": [0, 1, 2, 3, 4, 5], "cam_channels": ["CAM_FRONT_LEFT", "CAM_FRONT", "CAM_FRONT_RIGHT", "CAM_BACK_LEFT", "CAM_BACK", "CAM_BACK_RIGHT"], "token": "b8625dc52082469babded72ca4f0f823", "scene": "scene-0330"}, {"images": ["samples/CAM_FRONT_LEFT/n008-2018-08-22-15-53-49-0400__CAM_FRONT_LEFT__1534967929404799.jpg", "samples/CAM_FRONT/n008-2018-08-22-15-53-49-0400__CAM_FRONT__1534967929412470.jpg", "samples/CAM_FRONT_RIGHT/n008-2018-08-22-15-53-49-0400__CAM_FRONT_RIGHT__1534967929420482.jpg", "samples/CAM_BACK_LEFT/n008-2018-08-22-15-53-49-0400__CAM_BACK_LEFT__1534967929447405.jpg", "samples/CAM_BACK/n008-2018-08-22-15-53-49-0400__CAM_BACK__1534967929437558.jpg", "samples/CAM_BACK_RIGHT/n008-2018-08-22-15-53-49-0400__CAM_BACK_RIGHT__1534967929428181.jpg"], "intrinsics": [[[1257.8625342125129, 0.0, 827.2410631095686], [0.0, 1257.8625342125129, 450.915498205774], [0.0, 0.0, 1.0]], [[1252.8131021185304, 0.0, 826.588114781398], [0.0, 1252.8131021185304, 469.9846626224581], [0.0, 0.0, 1.0]], [[1256.7485116440405, 0.0, 817.7887570959712], [0.0, 1256.7485116440403, 451.9541780095127], [0.0, 0.0, 1.0]], [[1254.9860565800168, 0.0, 829.5769333630991], [0.0, 1254.9860565800168, 467.1680561863987], [0.0, 0.0, 1.0]], [[796.8910634503094, 0.0, 857.7774326863696], [0.0, 796.8910634503094, 476.8848988407415], [0.0, 0.0, 1.0]], [[1249.9629280788233, 0.0, 825.3768045375984], [0.0, 1249.9629280788233, 462.54816385708756], [0.0, 0.0, 1.0]]], "extrinsics": [[[0.8133164048194885, -0.5817793011665344, -0.007011831272393465, -0.833740234375], [-0.007544195745140314, 0.0015053903916850686, -0.9999703764915466, 1.4867300987243652], [0.5817726850509644, 0.8133453130722046, -0.0031646990682929754, -1.2174072265625], [0.0, 0.0, 0.0, 1.0]], [[-0.002852807054296136, -0.9999926686286926, 0.002564697992056608, 0.00927734375], [-0.005609915591776371, -0.0025486641097813845, -0.9999810457229614, 1.4792227745056152], [0.9999801516532898, -0.002867119386792183, -0.00560260284692049, -1.5649261474609375], [0.0, 0.0, 0.0, 1.0]], [[-0.8494212627410889, -0.5277009606361389, 0.003912358544766903, 0.98095703125], [0.002368365880101919, -0.011225751601159573, -0.999934196472168, 1.4934196472167969], [0.5277101397514343, -0.8493560552597046, 0.010785181075334549, -1.20556640625], [0.0, 0.0, 0.0, 1.0]], [[0.9477505683898926, 0.318380206823349, -0.02006901241838932, -1.142333984375], [-0.02270171046257019, 0.004560360684990883, -0.9997318983078003, 1.5620002746582031], [-0.318203330039978, 0.9479520916938782, 0.011549859307706356, -0.15673828125], [0.0, 0.0, 0.0, 1.0]], [[0.013006371445953846, 0.9999097585678101, -0.0033815468195825815, -0.029541015625], [-0.020677728578448296, -0.0031121468637138605, -0.9997813105583191, 1.5670537948608398], [-0.9997016191482544, 0.013073435984551907, 0.020635386928915977, -0.00482177734375], [0.0, 0.0, 0.0, 1.0]], [[-0.9209251403808594, 0.3897039592266083, 0.005270546302199364, 1.07293701171875], [-0.01671469211578369, -0.025981131941080093, -0.9995226860046387, 1.5462989807128906], [-0.3893809914588928, -0.9205736517906189, 0.03044045716524124, -0.078369140625], [0.0, 0.0, 0.0, 1.0]]], "view": [[0.0, -2.0, 100.0], [-2.0, 0.0, 100.0], [0.0, 0.0, 1.0]], "bev": "bev_54e8477902df471d8b43705b1a120f37.png", "aux": "aux_54e8477902df471d8b43705b1a120f37.npz", "visibility": "visibility_54e8477902df471d8b43705b1a120f37.png", "pose": [[-0.45238593220710754, -0.8918222784996033, 0.0, 2138.4541015625], [0.8918222784996033, -0.45238593220710754, 0.0, 917.5791015625], [0.0, 0.0, 1.0, 0.0], [0.0, 0.0, 0.0, 1.0]], "pose_inverse": [[-0.45238593220710754, 0.8918222784996033, 0.0, 149.0890350341797], [-0.8918222784996033, -0.45238593220710754, 0.0, 2322.220947265625], [0.0, 0.0, 1.0, 0.0], [0.0, 0.0, 0.0, 1.0]], "cam_ids": [0, 1, 2, 3, 4, 5], "cam_channels": ["CAM_FRONT_LEFT", "CAM_FRONT", "CAM_FRONT_RIGHT", "CAM_BACK_LEFT", "CAM_BACK", "CAM_BACK_RIGHT"], "token": "54e8477902df471d8b43705b1a120f37", "scene": "scene-0330"}, {"images": ["samples/CAM_FRONT_LEFT/n008-2018-08-22-15-53-49-0400__CAM_FRONT_LEFT__1534967929904799.jpg", "samples/CAM_FRONT/n008-2018-08-22-15-53-49-0400__CAM_FRONT__1534967929912409.jpg", "samples/CAM_FRONT_RIGHT/n008-2018-08-22-15-53-49-0400__CAM_FRONT_RIGHT__1534967929920482.jpg", "samples/CAM_BACK_LEFT/n008-2018-08-22-15-53-49-0400__CAM_BACK_LEFT__1534967929947405.jpg", "samples/CAM_BACK/n008-2018-08-22-15-53-49-0400__CAM_BACK__1534967929937558.jpg", "samples/CAM_BACK_RIGHT/n008-2018-08-22-15-53-49-0400__CAM_BACK_RIGHT__1534967929928113.jpg"], "intrinsics": [[[1257.8625342125129, 0.0, 827.2410631095686], [0.0, 1257.8625342125129, 450.915498205774], [0.0, 0.0, 1.0]], [[1252.8131021185304, 0.0, 826.588114781398], [0.0, 1252.8131021185304, 469.9846626224581], [0.0, 0.0, 1.0]], [[1256.7485116440405, 0.0, 817.7887570959712], [0.0, 1256.7485116440403, 451.9541780095127], [0.0, 0.0, 1.0]], [[1254.9860565800168, 0.0, 829.5769333630991], [0.0, 1254.9860565800168, 467.1680561863987], [0.0, 0.0, 1.0]], [[796.8910634503094, 0.0, 857.7774326863696], [0.0, 796.8910634503094, 476.8848988407415], [0.0, 0.0, 1.0]], [[1249.9629280788233, 0.0, 825.3768045375984], [0.0, 1249.9629280788233, 462.54816385708756], [0.0, 0.0, 1.0]]], "extrinsics": [[[0.8165521025657654, -0.5772615075111389, -0.003444213652983308, -0.82171630859375], [-0.0031438679434359074, 0.0015193470753729343, -0.9999938607215881, 1.487592339515686], [0.5772632360458374, 0.8165579438209534, -0.0005742086796090007, -1.2099609375], [0.0, 0.0, 0.0, 1.0]], [[0.0016990338917821646, -0.9999946355819702, 0.0027812286280095577, 0.009521484375], [-0.0011485049035400152, -0.0027831823099404573, -0.9999955296516418, 1.479966640472412], [0.9999978542327881, 0.0016958570340648293, -0.0011532274074852467, -1.552825927734375], [0.0, 0.0, 0.0, 1.0]], [[-0.8475395441055298, -0.5307319760322571, 0.0003630024439189583, 0.97265625], [0.006900885608047247, -0.011704104952514172, -0.9999076724052429, 1.49407958984375], [0.5306872129440308, -0.8474588990211487, 0.013582214713096619, -1.200439453125], [0.0, 0.0, 0.0, 1.0]], [[0.9478609561920166, 0.3182758092880249, -0.016127146780490875, -1.14013671875], [-0.018054097890853882, 0.0031052802223712206, -0.9998321533203125, 1.5619679689407349], [-0.3181723952293396, 0.9479930400848389, 0.008689558133482933, -0.15771484375], [0.0, 0.0, 0.0, 1.0]], [[0.01173747144639492, 0.9999212622642517, -0.004420915152877569, -0.029052734375], [-0.01608871854841709, -0.004231793340295553, -0.9998615980148315, 1.5672016143798828], [-0.9998016953468323, 0.01180694904178381, 0.01603778451681137, -0.009521484375], [0.0, 0.0, 0.0, 1.0]], [[-0.9219363927841187, 0.38734036684036255, 0.0007955756736919284, 1.065948486328125], [-0.012112638913094997, -0.02677709236741066, -0.9995680451393127, 1.546630859375], [-0.3871517479419708, -0.9215478301048279, 0.029378492385149002, -0.08154296875], [0.0, 0.0, 0.0, 1.0]]], "view": [[0.0, -2.0, 100.0], [-2.0, 0.0, 100.0], [0.0, 0.0, 1.0]], "bev": "bev_d7e01a57f86548e2808351f913e21706.png", "aux": "aux_d7e01a57f86548e2808351f913e21706.npz", "visibility": "visibility_d7e01a57f86548e2808351f913e21706.png", "pose": [[-0.5842066407203674, -0.811604917049408, 0.0, 2137.220703125], [0.811604917049408, -0.5842066407203674, 0.0, 919.64111328125], [0.0, 0.0, 1.0, 0.0], [0.0, 0.0, 0.0, 1.0]], "pose_inverse": [[-0.5842066407203674, 0.811604917049408, 0.0, 502.19329833984375], [-0.811604917049408, -0.5842066407203674, 0.0, 2271.83935546875], [0.0, 0.0, 1.0, 0.0], [0.0, 0.0, 0.0, 1.0]], "cam_ids": [0, 1, 2, 3, 4, 5], "cam_channels": ["CAM_FRONT_LEFT", "CAM_FRONT", "CAM_FRONT_RIGHT", "CAM_BACK_LEFT", "CAM_BACK", "CAM_BACK_RIGHT"], "token": "d7e01a57f86548e2808351f913e21706", "scene": "scene-0330"}, {"images": ["samples/CAM_FRONT_LEFT/n008-2018-08-22-15-53-49-0400__CAM_FRONT_LEFT__1534967930404799.jpg", "samples/CAM_FRONT/n008-2018-08-22-15-53-49-0400__CAM_FRONT__1534967930412404.jpg", "samples/CAM_FRONT_RIGHT/n008-2018-08-22-15-53-49-0400__CAM_FRONT_RIGHT__1534967930420482.jpg", "samples/CAM_BACK_LEFT/n008-2018-08-22-15-53-49-0400__CAM_BACK_LEFT__1534967930447405.jpg", "samples/CAM_BACK/n008-2018-08-22-15-53-49-0400__CAM_BACK__1534967930438290.jpg", "samples/CAM_BACK_RIGHT/n008-2018-08-22-15-53-49-0400__CAM_BACK_RIGHT__1534967930428113.jpg"], "intrinsics": [[[1257.8625342125129, 0.0, 827.2410631095686], [0.0, 1257.8625342125129, 450.915498205774], [0.0, 0.0, 1.0]], [[1252.8131021185304, 0.0, 826.588114781398], [0.0, 1252.8131021185304, 469.9846626224581], [0.0, 0.0, 1.0]], [[1256.7485116440405, 0.0, 817.7887570959712], [0.0, 1256.7485116440403, 451.9541780095127], [0.0, 0.0, 1.0]], [[1254.9860565800168, 0.0, 829.5769333630991], [0.0, 1254.9860565800168, 467.1680561863987], [0.0, 0.0, 1.0]], [[796.8910634503094, 0.0, 857.7774326863696], [0.0, 796.8910634503094, 476.8848988407415], [0.0, 0.0, 1.0]], [[1249.9629280788233, 0.0, 825.3768045375984], [0.0, 1249.9629280788233, 462.54816385708756], [0.0, 0.0, 1.0]]], "extrinsics": [[[0.8189622163772583, -0.5738433599472046, -0.002173803513869643, -0.8121337890625], [0.0027166889049112797, 0.007665154058486223, -0.9999669194221497, 1.4888954162597656], [0.5738410949707031, 0.8189291954040527, 0.007836425676941872, -1.202880859375], [0.0, 0.0, 0.0, 1.0]], [[0.005053146742284298, -0.9999805688858032, -0.0036491453647613525, 0.01025390625], [0.00470637995749712, 0.0036729334387928247, -0.9999821782112122, 1.4810600280761719], [0.9999760985374451, 0.0050358702428638935, 0.004724848084151745, -1.54193115234375], [0.0, 0.0, 0.0, 1.0]], [[-0.8461948037147522, -0.5328108668327332, -0.008181392215192318, 0.9647216796875], [0.012756992131471634, -0.004906565882265568, -0.999906599521637, 1.4950052499771118], [0.5327209830284119, -0.846220076084137, 0.010948975570499897, -1.1949462890625], [0.0, 0.0, 0.0, 1.0]], [[0.9479185938835144, 0.3183992803096771, -0.008499566465616226, -1.1378173828125], [-0.012617201544344425, 0.010872173123061657, -0.9998612999916077, 1.5619583129882812], [-0.3182626962661743, 0.9478943347930908, 0.014323243871331215, -0.1583251953125], [0.0, 0.0, 0.0, 1.0]], [[0.010758357122540474, 0.9999374151229858, 0.003072805469855666, -0.029541015625], [-0.01046991441398859, 0.0031854596454650164, -0.9999400973320007, 1.567473292350769], [-0.9998873472213745, 0.010725520551204681, 0.010503528639674187, -0.01129150390625], [0.0, 0.0, 0.0, 1.0]], [[-0.9225894212722778, 0.38577884435653687, -0.0018036664696410298, 1.0578155517578125], [-0.0062958900816738605, -0.01973099447786808, -0.9997855424880981, 1.5471611022949219], [-0.38573166728019714, -0.9223802089691162, 0.020632430911064148, -0.084228515625], [0.0, 0.0, 0.0, 1.0]]], "view": [[0.0, -2.0, 100.0], [-2.0, 0.0, 100.0], [0.0, 0.0, 1.0]], "bev": "bev_7531f8e54ec6433b8c5f52eabbfec701.png", "aux": "aux_7531f8e54ec6433b8c5f52eabbfec701.npz", "visibility": "visibility_7531f8e54ec6433b8c5f52eabbfec701.png", "pose": [[-0.6577253937721252, -0.7532577514648438, 0.0, 2135.6376953125], [0.7532577514648438, -0.6577253937721252, 0.0, 921.6599731445312], [0.0, 0.0, 1.0, 0.0], [0.0, 0.0, 0.0, 1.0]], "pose_inverse": [[-0.6577253937721252, 0.7532577514648438, 0.0, 710.4156494140625], [-0.7532577514648438, -0.6577253937721252, 0.0, 2214.885009765625], [0.0, 0.0, 1.0, 0.0], [0.0, 0.0, 0.0, 1.0]], "cam_ids": [0, 1, 2, 3, 4, 5], "cam_channels": ["CAM_FRONT_LEFT", "CAM_FRONT", "CAM_FRONT_RIGHT", "CAM_BACK_LEFT", "CAM_BACK", "CAM_BACK_RIGHT"], "token": "7531f8e54ec6433b8c5f52eabbfec701", "scene": "scene-0330"}, {"images": ["samples/CAM_FRONT_LEFT/n008-2018-08-22-15-53-49-0400__CAM_FRONT_LEFT__1534967930904799.jpg", "samples/CAM_FRONT/n008-2018-08-22-15-53-49-0400__CAM_FRONT__1534967930912404.jpg", "samples/CAM_FRONT_RIGHT/n008-2018-08-22-15-53-49-0400__CAM_FRONT_RIGHT__1534967930920482.jpg", "samples/CAM_BACK_LEFT/n008-2018-08-22-15-53-49-0400__CAM_BACK_LEFT__1534967930947405.jpg", "samples/CAM_BACK/n008-2018-08-22-15-53-49-0400__CAM_BACK__1534967930937558.jpg", "samples/CAM_BACK_RIGHT/n008-2018-08-22-15-53-49-0400__CAM_BACK_RIGHT__1534967930928113.jpg"], "intrinsics": [[[1257.8625342125129, 0.0, 827.2410631095686], [0.0, 1257.8625342125129, 450.915498205774], [0.0, 0.0, 1.0]], [[1252.8131021185304, 0.0, 826.588114781398], [0.0, 1252.8131021185304, 469.9846626224581], [0.0, 0.0, 1.0]], [[1256.7485116440405, 0.0, 817.7887570959712], [0.0, 1256.7485116440403, 451.9541780095127], [0.0, 0.0, 1.0]], [[1254.9860565800168, 0.0, 829.5769333630991], [0.0, 1254.9860565800168, 467.1680561863987], [0.0, 0.0, 1.0]], [[796.8910634503094, 0.0, 857.7774326863696], [0.0, 796.8910634503094, 476.8848988407415], [0.0, 0.0, 1.0]], [[1249.9629280788233, 0.0, 825.3768045375984], [0.0, 1249.9629280788233, 462.54816385708756], [0.0, 0.0, 1.0]]], "extrinsics": [[[0.8195497989654541, -0.572920560836792, -0.01001201756298542, -0.80096435546875], [-0.0010255574015900493, 0.016006119549274445, -0.9998713731765747, 1.4879493713378906], [0.5730071067810059, 0.8194546699523926, 0.012530249543488026, -1.197509765625], [0.0, 0.0, 0.0, 1.0]], [[0.005844609811902046, -0.9999130964279175, -0.011815850622951984, 0.0107421875], [0.000780376314651221, 0.01182060968130827, -0.9999298453330994, 1.4802742004394531], [0.9999825954437256, 0.005835067946463823, 0.0008493956411257386, -1.53057861328125], [0.0, 0.0, 0.0, 1.0]], [[-0.8459275364875793, -0.5332232117652893, -0.008926371112465858, 0.9559326171875], [0.0086362324655056, 0.0030388240702450275, -0.9999580383300781, 1.4944543838500977], [0.5332278609275818, -0.8459692001342773, 0.002034413395449519, -1.1890869140625], [0.0, 0.0, 0.0, 1.0]], [[0.947886049747467, 0.31843748688697815, -0.010472865775227547, -1.135009765625], [-0.017204947769641876, 0.018335698172450066, -0.9996838569641113, 1.561880111694336], [-0.3181447982788086, 0.9477664828300476, 0.02285885252058506, -0.1593017578125], [0.0, 0.0, 0.0, 1.0]], [[0.01073832530528307, 0.9998862147331238, 0.010588189586997032, -0.029052734375], [-0.01491933036595583, 0.01074782945215702, -0.9998309016227722, 1.5670700073242188], [-0.9998310804367065, 0.010578553192317486, 0.015033047646284103, -0.02154541015625], [0.0, 0.0, 0.0, 1.0]], [[-0.9227140545845032, 0.385450541973114, 0.0051605175249278545, 1.0493621826171875], [-0.010595661588013172, -0.011977952904999256, -0.9998721480369568, 1.5465621948242188], [-0.3853394091129303, -0.9226507544517517, 0.01513632945716381, -0.088134765625], [0.0, 0.0, 0.0, 1.0]]], "view": [[0.0, -2.0, 100.0], [-2.0, 0.0, 100.0], [0.0, 0.0, 1.0]], "bev": "bev_0de7fa322bc7487c9d5073e234566032.png", "aux": "aux_0de7fa322bc7487c9d5073e234566032.npz", "visibility": "visibility_0de7fa322bc7487c9d5073e234566032.png", "pose": [[-0.7084859013557434, -0.7057249546051025, 0.0, 2133.79638671875], [0.7057249546051025, -0.7084859013557434, 0.0, 923.6712646484375], [0.0, 0.0, 1.0, 0.0], [0.0, 0.0, 0.0, 1.0]], "pose_inverse": [[-0.7084859013557434, 0.7057249546051025, 0.0, 859.9068603515625], [-0.7057249546051025, -0.7084859013557434, 0.0, 2160.281494140625], [0.0, 0.0, 1.0, 0.0], [0.0, 0.0, 0.0, 1.0]], "cam_ids": [0, 1, 2, 3, 4, 5], "cam_channels": ["CAM_FRONT_LEFT", "CAM_FRONT", "CAM_FRONT_RIGHT", "CAM_BACK_LEFT", "CAM_BACK", "CAM_BACK_RIGHT"], "token": "0de7fa322bc7487c9d5073e234566032", "scene": "scene-0330"}, {"images": ["samples/CAM_FRONT_LEFT/n008-2018-08-22-15-53-49-0400__CAM_FRONT_LEFT__1534967931404799.jpg", "samples/CAM_FRONT/n008-2018-08-22-15-53-49-0400__CAM_FRONT__1534967931412404.jpg", "samples/CAM_FRONT_RIGHT/n008-2018-08-22-15-53-49-0400__CAM_FRONT_RIGHT__1534967931420482.jpg", "samples/CAM_BACK_LEFT/n008-2018-08-22-15-53-49-0400__CAM_BACK_LEFT__1534967931447405.jpg", "samples/CAM_BACK/n008-2018-08-22-15-53-49-0400__CAM_BACK__1534967931437558.jpg", "samples/CAM_BACK_RIGHT/n008-2018-08-22-15-53-49-0400__CAM_BACK_RIGHT__1534967931428113.jpg"], "intrinsics": [[[1257.8625342125129, 0.0, 827.2410631095686], [0.0, 1257.8625342125129, 450.915498205774], [0.0, 0.0, 1.0]], [[1252.8131021185304, 0.0, 826.588114781398], [0.0, 1252.8131021185304, 469.9846626224581], [0.0, 0.0, 1.0]], [[1256.7485116440405, 0.0, 817.7887570959712], [0.0, 1256.7485116440403, 451.9541780095127], [0.0, 0.0, 1.0]], [[1254.9860565800168, 0.0, 829.5769333630991], [0.0, 1254.9860565800168, 467.1680561863987], [0.0, 0.0, 1.0]], [[796.8910634503094, 0.0, 857.7774326863696], [0.0, 796.8910634503094, 476.8848988407415], [0.0, 0.0, 1.0]], [[1249.9629280788233, 0.0, 825.3768045375984], [0.0, 1249.9629280788233, 462.54816385708756], [0.0, 0.0, 1.0]]], "extrinsics": [[[0.8195886015892029, -0.5729075074195862, -0.0071905129589140415, -0.793670654296875], [0.0014905749121680856, 0.014681931585073471, -0.9998911023139954, 1.4886360168457031], [0.5729506611824036, 0.819488525390625, 0.012887103483080864, -1.18896484375], [0.0, 0.0, 0.0, 1.0]], [[0.005906523671001196, -0.999928891658783, -0.010359080508351326, 0.009033203125], [0.0035485033877193928, 0.0103801554068923, -0.9999398589134216, 1.4808921813964844], [0.9999762773513794, 0.005869428627192974, 0.0036095615942031145, -1.52349853515625], [0.0, 0.0, 0.0, 1.0]], [[-0.8458693027496338, -0.5332838296890259, -0.01066514477133751, 0.9534912109375], [0.011679030954837799, 0.001472900272347033, -0.9999306797981262, 1.4949760437011719], [0.5332624912261963, -0.8459352254867554, 0.004982355982065201, -1.1890869140625], [0.0, 0.0, 0.0, 1.0]], [[0.9478958249092102, 0.31849411129951477, -0.007422843016684055, -1.1383056640625], [-0.013285248540341854, 0.01623835787177086, -0.9997798800468445, 1.561971664428711], [-0.31830352544784546, 0.9477857947349548, 0.019623544067144394, -0.1578369140625], [0.0, 0.0, 0.0, 1.0]], [[0.01062770839780569, 0.9999052286148071, 0.008755289018154144, -0.028564453125], [-0.011295882053673267, 0.008875276893377304, -0.999896764755249, 1.5673432350158691], [-0.9998797178268433, 0.010527705773711205, 0.01138913445174694, -0.0189208984375], [0.0, 0.0, 0.0, 1.0]], [[-0.9227524995803833, 0.38539019227027893, 0.0014717362355440855, 1.051239013671875], [-0.007302648853510618, -0.013666612096130848, -0.9998798966407776, 1.5469627380371094], [-0.38532379269599915, -0.9226524829864502, 0.015425268560647964, -0.088623046875], [0.0, 0.0, 0.0, 1.0]]], "view": [[0.0, -2.0, 100.0], [-2.0, 0.0, 100.0], [0.0, 0.0, 1.0]], "bev": "bev_8998453f5b16454294476995463f32d6.png", "aux": "aux_8998453f5b16454294476995463f32d6.npz", "visibility": "visibility_8998453f5b16454294476995463f32d6.png", "pose": [[-0.7499330639839172, -0.6615137457847595, 0.0, 2131.7041015625], [0.6615137457847595, -0.7499330639839172, 0.0, 925.6621704101562], [0.0, 0.0, 1.0, 0.0], [0.0, 0.0, 0.0, 1.0]], "pose_inverse": [[-0.7499330639839172, 0.6615137457847595, 0.0, 986.2970581054688], [-0.6615137457847595, -0.7499330639839172, 0.0, 2104.336181640625], [0.0, 0.0, 1.0, 0.0], [0.0, 0.0, 0.0, 1.0]], "cam_ids": [0, 1, 2, 3, 4, 5], "cam_channels": ["CAM_FRONT_LEFT", "CAM_FRONT", "CAM_FRONT_RIGHT", "CAM_BACK_LEFT", "CAM_BACK", "CAM_BACK_RIGHT"], "token": "8998453f5b16454294476995463f32d6", "scene": "scene-0330"}, {"images": ["samples/CAM_FRONT_LEFT/n008-2018-08-22-15-53-49-0400__CAM_FRONT_LEFT__1534967931904799.jpg", "samples/CAM_FRONT/n008-2018-08-22-15-53-49-0400__CAM_FRONT__1534967931912404.jpg", "samples/CAM_FRONT_RIGHT/n008-2018-08-22-15-53-49-0400__CAM_FRONT_RIGHT__1534967931920482.jpg", "samples/CAM_BACK_LEFT/n008-2018-08-22-15-53-49-0400__CAM_BACK_LEFT__1534967931947405.jpg", "samples/CAM_BACK/n008-2018-08-22-15-53-49-0400__CAM_BACK__1534967931937558.jpg", "samples/CAM_BACK_RIGHT/n008-2018-08-22-15-53-49-0400__CAM_BACK_RIGHT__1534967931928113.jpg"], "intrinsics": [[[1257.8625342125129, 0.0, 827.2410631095686], [0.0, 1257.8625342125129, 450.915498205774], [0.0, 0.0, 1.0]], [[1252.8131021185304, 0.0, 826.588114781398], [0.0, 1252.8131021185304, 469.9846626224581], [0.0, 0.0, 1.0]], [[1256.7485116440405, 0.0, 817.7887570959712], [0.0, 1256.7485116440403, 451.9541780095127], [0.0, 0.0, 1.0]], [[1254.9860565800168, 0.0, 829.5769333630991], [0.0, 1254.9860565800168, 467.1680561863987], [0.0, 0.0, 1.0]], [[796.8910634503094, 0.0, 857.7774326863696], [0.0, 796.8910634503094, 476.8848988407415], [0.0, 0.0, 1.0]], [[1249.9629280788233, 0.0, 825.3768045375984], [0.0, 1249.9629280788233, 462.54816385708756], [0.0, 0.0, 1.0]]], "extrinsics": [[[0.821066677570343, -0.5706579089164734, -0.014105720445513725, -0.787078857421875], [0.002128910506144166, 0.0277718473225832, -0.9996119737625122, 1.4887809753417969], [0.5708283185958862, 0.8207181096076965, 0.024017417803406715, -1.18505859375], [0.0, 0.0, 0.0, 1.0]], [[0.008052383549511433, -0.9996629357337952, -0.02467813715338707, 0.009033203125], [0.0035865420941263437, 0.024707650765776634, -0.9996882677078247, 1.4808998107910156], [0.9999610781669617, 0.007961430586874485, 0.003784289350733161, -1.5172119140625], [0.0, 0.0, 0.0, 1.0]], [[-0.8449782133102417, -0.534480094909668, -0.01851438730955124, 0.94873046875], [0.011075842194259167, 0.017122602090239525, -0.9997920393943787, 1.4949226379394531], [0.5346860289573669, -0.8450075387954712, -0.00854841060936451, -1.1861572265625], [0.0, 0.0, 0.0, 1.0]], [[0.9478859901428223, 0.31858325004577637, -0.00410827249288559, -1.1390380859375], [-0.016079464927315712, 0.03495560213923454, -0.9992595314979553, 1.5619621276855469], [-0.31820377707481384, 0.9472500681877136, 0.03825657442212105, -0.1575927734375], [0.0, 0.0, 0.0, 1.0]], [[0.010038548149168491, 0.9995943307876587, 0.026652397587895393, -0.028564453125], [-0.013335980474948883, 0.02678520232439041, -0.9995521903038025, 1.5671806335449219], [-0.9998607039451599, 0.009678656235337257, 0.013599456287920475, -0.0206298828125], [0.0, 0.0, 0.0, 1.0]], [[-0.923224151134491, 0.384155809879303, 0.00901736132800579, 1.0474090576171875], [-0.00850287638604641, 0.003037648741155863, -0.9999592304229736, 1.546766757965088], [-0.38416746258735657, -0.9232632517814636, 0.0004619993269443512, -0.08984375], [0.0, 0.0, 0.0, 1.0]]], "view": [[0.0, -2.0, 100.0], [-2.0, 0.0, 100.0], [0.0, 0.0, 1.0]], "bev": "bev_e259859ceada447494eb61a30a121ca0.png", "aux": "aux_e259859ceada447494eb61a30a121ca0.npz", "visibility": "visibility_e259859ceada447494eb61a30a121ca0.png", "pose": [[-0.7754127383232117, -0.6314547061920166, 0.0, 2129.43115234375], [0.6314547061920166, -0.7754127383232117, 0.0, 927.6165771484375], [0.0, 0.0, 1.0, 0.0], [0.0, 0.0, 0.0, 1.0]], "pose_inverse": [[-0.7754127383232117, 0.6314547061920166, 0.0, 1065.440185546875], [-0.6314547061920166, -0.7754127383232117, 0.0, 2063.925048828125], [0.0, 0.0, 1.0, 0.0], [0.0, 0.0, 0.0, 1.0]], "cam_ids": [0, 1, 2, 3, 4, 5], "cam_channels": ["CAM_FRONT_LEFT", "CAM_FRONT", "CAM_FRONT_RIGHT", "CAM_BACK_LEFT", "CAM_BACK", "CAM_BACK_RIGHT"], "token": "e259859ceada447494eb61a30a121ca0", "scene": "scene-0330"}, {"images": ["samples/CAM_FRONT_LEFT/n008-2018-08-22-15-53-49-0400__CAM_FRONT_LEFT__1534967932404799.jpg", "samples/CAM_FRONT/n008-2018-08-22-15-53-49-0400__CAM_FRONT__1534967932412404.jpg", "samples/CAM_FRONT_RIGHT/n008-2018-08-22-15-53-49-0400__CAM_FRONT_RIGHT__1534967932420482.jpg", "samples/CAM_BACK_LEFT/n008-2018-08-22-15-53-49-0400__CAM_BACK_LEFT__1534967932447405.jpg", "samples/CAM_BACK/n008-2018-08-22-15-53-49-0400__CAM_BACK__1534967932437558.jpg", "samples/CAM_BACK_RIGHT/n008-2018-08-22-15-53-49-0400__CAM_BACK_RIGHT__1534967932428113.jpg"], "intrinsics": [[[1257.8625342125129, 0.0, 827.2410631095686], [0.0, 1257.8625342125129, 450.915498205774], [0.0, 0.0, 1.0]], [[1252.8131021185304, 0.0, 826.588114781398], [0.0, 1252.8131021185304, 469.9846626224581], [0.0, 0.0, 1.0]], [[1256.7485116440405, 0.0, 817.7887570959712], [0.0, 1256.7485116440403, 451.9541780095127], [0.0, 0.0, 1.0]], [[1254.9860565800168, 0.0, 829.5769333630991], [0.0, 1254.9860565800168, 467.1680561863987], [0.0, 0.0, 1.0]], [[796.8910634503094, 0.0, 857.7774326863696], [0.0, 796.8910634503094, 476.8848988407415], [0.0, 0.0, 1.0]], [[1249.9629280788233, 0.0, 825.3768045375984], [0.0, 1249.9629280788233, 462.54816385708756], [0.0, 0.0, 1.0]]], "extrinsics": [[[0.8213532567024231, -0.5702296495437622, -0.014735986478626728, -0.7779998779296875], [0.005876562092453241, 0.0342910997569561, -0.9993945956230164, 1.4898681640625], [0.5703897476196289, 0.8207693696022034, 0.031516093760728836, -1.177001953125], [0.0, 0.0, 0.0, 1.0]], [[0.008500627242028713, -0.9995096325874329, -0.030137212947010994, 0.0084228515625], [0.007941208779811859, 0.030204828828573227, -0.9995121955871582, 1.4819488525390625], [0.9999323487281799, 0.00825713761150837, 0.008194073103368282, -1.505859375], [0.0, 0.0, 0.0, 1.0]], [[-0.8447442054748535, -0.53458172082901, -0.025092387571930885, 0.939453125], [0.016070276498794556, 0.021527215838432312, -0.999639093875885, 1.495941162109375], [0.5349289774894714, -0.8448426127433777, -0.009594115428626537, -1.1807861328125], [0.0, 0.0, 0.0, 1.0]], [[0.9479294419288635, 0.31847068667411804, 0.0024967242497950792, -1.1358642578125], [-0.009503076784312725, 0.036120206117630005, -0.9993022680282593, 1.5619659423828125], [-0.3183387219905853, 0.9472442865371704, 0.03726585954427719, -0.1588134765625], [0.0, 0.0, 0.0, 1.0]], [[0.009844791144132614, 0.9995377063751221, 0.028766004368662834, -0.0284423828125], [-0.007314198650419712, 0.028838610276579857, -0.9995572566986084, 1.5675315856933594], [-0.999924898147583, 0.009630088694393635, 0.007594728376716375, -0.0269775390625], [0.0, 0.0, 0.0, 1.0]], [[-0.9233202934265137, 0.38399532437324524, 0.005222052801400423, 1.0384368896484375], [-0.003009247127920389, 0.006363163702189922, -0.9999752044677734, 1.5474128723144531], [-0.3840189576148987, -0.9233131408691406, -0.004719700198620558, -0.093505859375], [0.0, 0.0, 0.0, 1.0]]], "view": [[0.0, -2.0, 100.0], [-2.0, 0.0, 100.0], [0.0, 0.0, 1.0]], "bev": "bev_e3ea9ec04e084b96b497f4edc4024bfe.png", "aux": "aux_e3ea9ec04e084b96b497f4edc4024bfe.npz", "visibility": "visibility_e3ea9ec04e084b96b497f4edc4024bfe.png", "pose": [[-0.7924528121948242, -0.6099332571029663, 0.0, 2127.04052734375], [0.6099332571029663, -0.7924528121948242, 0.0, 929.5367431640625], [0.0, 0.0, 1.0, 0.0], [0.0, 0.0, 0.0, 1.0]], "pose_inverse": [[-0.7924528121948242, 0.6099332571029663, 0.0, 1118.6239013671875], [-0.6099332571029663, -0.7924528121948242, 0.0, 2033.9666748046875], [0.0, 0.0, 1.0, 0.0], [0.0, 0.0, 0.0, 1.0]], "cam_ids": [0, 1, 2, 3, 4, 5], "cam_channels": ["CAM_FRONT_LEFT", "CAM_FRONT", "CAM_FRONT_RIGHT", "CAM_BACK_LEFT", "CAM_BACK", "CAM_BACK_RIGHT"], "token": "e3ea9ec04e084b96b497f4edc4024bfe", "scene": "scene-0330"}, {"images": ["samples/CAM_FRONT_LEFT/n008-2018-08-22-15-53-49-0400__CAM_FRONT_LEFT__1534967932854799.jpg", "samples/CAM_FRONT/n008-2018-08-22-15-53-49-0400__CAM_FRONT__1534967932862404.jpg", "samples/CAM_FRONT_RIGHT/n008-2018-08-22-15-53-49-0400__CAM_FRONT_RIGHT__1534967932870482.jpg", "samples/CAM_BACK_LEFT/n008-2018-08-22-15-53-49-0400__CAM_BACK_LEFT__1534967932897405.jpg", "samples/CAM_BACK/n008-2018-08-22-15-53-49-0400__CAM_BACK__1534967932887558.jpg", "samples/CAM_BACK_RIGHT/n008-2018-08-22-15-53-49-0400__CAM_BACK_RIGHT__1534967932878113.jpg"], "intrinsics": [[[1257.8625342125129, 0.0, 827.2410631095686], [0.0, 1257.8625342125129, 450.915498205774], [0.0, 0.0, 1.0]], [[1252.8131021185304, 0.0, 826.588114781398], [0.0, 1252.8131021185304, 469.9846626224581], [0.0, 0.0, 1.0]], [[1256.7485116440405, 0.0, 817.7887570959712], [0.0, 1256.7485116440403, 451.9541780095127], [0.0, 0.0, 1.0]], [[1254.9860565800168, 0.0, 829.5769333630991], [0.0, 1254.9860565800168, 467.1680561863987], [0.0, 0.0, 1.0]], [[796.8910634503094, 0.0, 857.7774326863696], [0.0, 796.8910634503094, 476.8848988407415], [0.0, 0.0, 1.0]], [[1249.9629280788233, 0.0, 825.3768045375984], [0.0, 1249.9629280788233, 462.54816385708756], [0.0, 0.0, 1.0]]], "extrinsics": [[[0.8221939206123352, -0.5691026449203491, -0.010923812165856361, -0.77386474609375], [0.004296296741813421, 0.025395380333065987, -0.9996682405471802, 1.4894142150878906], [0.5691912174224854, 0.8218743205070496, 0.023324960842728615, -1.177001953125], [0.0, 0.0, 0.0, 1.0]], [[0.0096302954480052, -0.9997251629829407, -0.02137438766658306, 0.0101318359375], [0.006107303313910961, 0.021433783695101738, -0.999751627445221, 1.4815292358398438], [0.99993497133255, 0.009497390128672123, 0.006312039215117693, -1.502685546875], [0.0, 0.0, 0.0, 1.0]], [[-0.8443045616149902, -0.5355363488197327, -0.018722375854849815, 0.9383544921875], [0.013995422050356865, 0.012889111414551735, -0.9998189806938171, 1.4955863952636719], [0.5356807708740234, -0.8444138169288635, -0.003387278178706765, -1.1790771484375], [0.0, 0.0, 0.0, 1.0]], [[0.9478762745857239, 0.3186309039592743, -0.002210391918197274, -1.1357421875], [-0.011927817948162556, 0.028549527749419212, -0.9995212554931641, 1.5619277954101562], [-0.3184152841567993, 0.9474488496780396, 0.0308619923889637, -0.1590576171875], [0.0, 0.0, 0.0, 1.0]], [[0.009475787170231342, 0.9997395873069763, 0.020758578553795815, -0.0289306640625], [-0.009587130509316921, 0.020849386230111122, -0.9997366070747375, 1.5673580169677734], [-0.9999091625213623, 0.009274221025407314, 0.009782199747860432, -0.0277099609375], [0.0, 0.0, 0.0, 1.0]], [[-0.9235843420028687, 0.38337427377700806, 0.004017154220491648, 1.03790283203125], [-0.005191638134419918, -0.002028887625783682, -0.9999844431877136, 1.5471258163452148], [-0.3833601772785187, -0.9235908389091492, 0.003864190075546503, -0.09326171875], [0.0, 0.0, 0.0, 1.0]]], "view": [[0.0, -2.0, 100.0], [-2.0, 0.0, 100.0], [0.0, 0.0, 1.0]], "bev": "bev_bad735b92fba419ebd141e001451eb73.png", "aux": "aux_bad735b92fba419ebd141e001451eb73.npz", "visibility": "visibility_bad735b92fba419ebd141e001451eb73.png", "pose": [[-0.7955827116966248, -0.6058449745178223, 0.0, 2124.84130859375], [0.6058449745178223, -0.7955827116966248, 0.0, 931.2643432617188], [0.0, 0.0, 1.0, 0.0], [0.0, 0.0, 0.0, 1.0]], "pose_inverse": [[-0.7955827116966248, 0.6058449745178223, 0.0, 1126.2852783203125], [-0.6058449745178223, -0.7955827116966248, 0.0, 2028.2222900390625], [0.0, 0.0, 1.0, 0.0], [0.0, 0.0, 0.0, 1.0]], "cam_ids": [0, 1, 2, 3, 4, 5], "cam_channels": ["CAM_FRONT_LEFT", "CAM_FRONT", "CAM_FRONT_RIGHT", "CAM_BACK_LEFT", "CAM_BACK", "CAM_BACK_RIGHT"], "token": "bad735b92fba419ebd141e001451eb73", "scene": "scene-0330"}, {"images": ["samples/CAM_FRONT_LEFT/n008-2018-08-22-15-53-49-0400__CAM_FRONT_LEFT__1534967933404799.jpg", "samples/CAM_FRONT/n008-2018-08-22-15-53-49-0400__CAM_FRONT__1534967933412404.jpg", "samples/CAM_FRONT_RIGHT/n008-2018-08-22-15-53-49-0400__CAM_FRONT_RIGHT__1534967933420482.jpg", "samples/CAM_BACK_LEFT/n008-2018-08-22-15-53-49-0400__CAM_BACK_LEFT__1534967933447405.jpg", "samples/CAM_BACK/n008-2018-08-22-15-53-49-0400__CAM_BACK__1534967933437558.jpg", "samples/CAM_BACK_RIGHT/n008-2018-08-22-15-53-49-0400__CAM_BACK_RIGHT__1534967933428113.jpg"], "intrinsics": [[[1257.8625342125129, 0.0, 827.2410631095686], [0.0, 1257.8625342125129, 450.915498205774], [0.0, 0.0, 1.0]], [[1252.8131021185304, 0.0, 826.588114781398], [0.0, 1252.8131021185304, 469.9846626224581], [0.0, 0.0, 1.0]], [[1256.7485116440405, 0.0, 817.7887570959712], [0.0, 1256.7485116440403, 451.9541780095127], [0.0, 0.0, 1.0]], [[1254.9860565800168, 0.0, 829.5769333630991], [0.0, 1254.9860565800168, 467.1680561863987], [0.0, 0.0, 1.0]], [[796.8910634503094, 0.0, 857.7774326863696], [0.0, 796.8910634503094, 476.8848988407415], [0.0, 0.0, 1.0]], [[1249.9629280788233, 0.0, 825.3768045375984], [0.0, 1249.9629280788233, 462.54816385708756], [0.0, 0.0, 1.0]]], "extrinsics": [[[0.8220424056053162, -0.5692285895347595, -0.015005341731011868, -0.7620391845703125], [0.007361598312854767, 0.03697323426604271, -0.9992890954017639, 1.4903945922851562], [0.569378674030304, 0.8213475942611694, 0.03458399698138237, -1.167236328125], [0.0, 0.0, 0.0, 1.0]], [[0.009531622752547264, -0.9994150996208191, -0.032841578125953674, 0.0091552734375], [0.009208478964865208, 0.03292940929532051, -0.9994152188301086, 1.4823684692382812], [0.9999121427536011, 0.00922348815947771, 0.009516963735222816, -1.4906005859375], [0.0, 0.0, 0.0, 1.0]], [[-0.8442801833152771, -0.5351981520652771, -0.027459191158413887, 0.930419921875], [0.017100537195801735, 0.02430766448378563, -0.9995582699775696, 1.4962997436523438], [0.5356292128562927, -0.8443767428398132, -0.01137030404061079, -1.174560546875], [0.0, 0.0, 0.0, 1.0]], [[0.9479204416275024, 0.31847065687179565, 0.004821813199669123, -1.134033203125], [-0.00827924907207489, 0.03977102413773537, -0.9991745352745056, 1.56195068359375], [-0.31839948892593384, 0.9470980167388916, 0.04033646360039711, -0.1595458984375], [0.0, 0.0, 0.0, 1.0]], [[0.009490696713328362, 0.9994409084320068, 0.03205937519669533, -0.0286865234375], [-0.006160153541713953, 0.032118648290634155, -0.9