[{"images": ["samples/CAM_FRONT_LEFT/n008-2018-08-31-11-37-23-0400__CAM_FRONT_LEFT__1535730460854799.jpg", "samples/CAM_FRONT/n008-2018-08-31-11-37-23-0400__CAM_FRONT__1535730460862404.jpg", "samples/CAM_FRONT_RIGHT/n008-2018-08-31-11-37-23-0400__CAM_FRONT_RIGHT__1535730460870482.jpg", "samples/CAM_BACK_LEFT/n008-2018-08-31-11-37-23-0400__CAM_BACK_LEFT__1535730460897405.jpg", "samples/CAM_BACK/n008-2018-08-31-11-37-23-0400__CAM_BACK__1535730460887558.jpg", "samples/CAM_BACK_RIGHT/n008-2018-08-31-11-37-23-0400__CAM_BACK_RIGHT__1535730460878113.jpg"], "intrinsics": [[[1257.8625342125129, 0.0, 827.2410631095686], [0.0, 1257.8625342125129, 450.915498205774], [0.0, 0.0, 1.0]], [[1252.8131021185304, 0.0, 826.588114781398], [0.0, 1252.8131021185304, 469.9846626224581], [0.0, 0.0, 1.0]], [[1256.7485116440405, 0.0, 817.7887570959712], [0.0, 1256.7485116440403, 451.9541780095127], [0.0, 0.0, 1.0]], [[1254.9860565800168, 0.0, 829.5769333630991], [0.0, 1254.9860565800168, 467.1680561863987], [0.0, 0.0, 1.0]], [[796.8910634503094, 0.0, 857.7774326863696], [0.0, 796.8910634503094, 476.8848988407415], [0.0, 0.0, 1.0]], [[1249.9629280788233, 0.0, 825.3768045375984], [0.0, 1249.9629280788233, 462.54816385708756], [0.0, 0.0, 1.0]]], "extrinsics": [[[0.8225429654121399, -0.5686050653457642, -0.010555182583630085, -1.0050048828125], [0.0046361712738871574, 0.025263847783207893, -0.9996700286865234, 1.4882936477661133], [0.5686841011047363, 0.8222226500511169, 0.023416750133037567, -1.3333740234375], [0.0, 0.0, 0.0, 1.0]], [[0.010247912257909775, -0.999725341796875, -0.02108006738126278, 0.00543212890625], [0.006590117234736681, 0.02114824205636978, -0.9997546672821045, 1.4801650047302246], [0.9999258518218994, 0.010106515139341354, 0.006805032026022673, -1.734619140625], [0.0, 0.0, 0.0, 1.0]], [[-0.8440020680427551, -0.5360026955604553, -0.019018253311514854, 1.0906982421875], [0.014620142988860607, 0.012453884817659855, -0.9998155236244202, 1.493072509765625], [0.5361406803131104, -0.844124436378479, -0.002674669027328491, -1.277587890625], [0.0, 0.0, 0.0, 1.0]], [[0.9478696584701538, 0.3186553418636322, -0.0013798442669212818, -1.1439208984375], [-0.010741700418293476, 0.027623863890767097, -0.9995606541633606, 1.562042236328125], [-0.3184773325920105, 0.947468101978302, 0.02960672229528427, -0.15606689453125], [0.0, 0.0, 0.0, 1.0]], [[0.00922663975507021, 0.9997571706771851, 0.020013881847262383, -0.028900146484375], [-0.008632050827145576, 0.02009361982345581, -0.9997608065605164, 1.568063735961914], [-0.9999201893806458, 0.009051663801074028, 0.008815350942313671, 0.0443115234375], [0.0, 0.0, 0.0, 1.0]], [[-0.92374187707901, 0.3830030858516693, 0.0030995274428278208, 1.160400390625], [-0.004439951851963997, -0.0026158622931689024, -0.9999867677688599, 1.5478124618530273], [-0.3829898238182068, -0.9237433671951294, 0.004116896539926529, -0.043609619140625], [0.0, 0.0, 0.0, 1.0]]], "view": [[0.0, -2.0, 100.0], [-2.0, 0.0, 100.0], [0.0, 0.0, 1.0]], "bev": "bev_9eebbe06762c47aa8c671008df5fb474.png", "aux": "aux_9eebbe06762c47aa8c671008df5fb474.npz", "visibility": "visibility_9eebbe06762c47aa8c671008df5fb474.png", "pose": [[0.6446788907051086, -0.7644535303115845, 0.0, 1446.2098388671875], [0.7644535303115845, 0.6446788907051086, 0.0, 1219.8740234375], [0.0, 0.0, 1.0, 0.0], [0.0, 0.0, 0.0, 1.0]], "pose_inverse": [[0.6446788907051086, 0.7644535303115845, 0.0, -1864.8779296875], [-0.7644535303115845, 0.6446788907051086, 0.0, 319.1331787109375], [0.0, 0.0, 1.0, 0.0], [0.0, 0.0, 0.0, 1.0]], "cam_ids": [0, 1, 2, 3, 4, 5], "cam_channels": ["CAM_FRONT_LEFT", "CAM_FRONT", "CAM_FRONT_RIGHT", "CAM_BACK_LEFT", "CAM_BACK", "CAM_BACK_RIGHT"], "token": "9eebbe06762c47aa8c671008df5fb474", "scene": "scene-0561"}, {"images": ["samples/CAM_FRONT_LEFT/n008-2018-08-31-11-37-23-0400__CAM_FRONT_LEFT__1535730461404799.jpg", "samples/CAM_FRONT/n008-2018-08-31-11-37-23-0400__CAM_FRONT__1535730461412404.jpg", "samples/CAM_FRONT_RIGHT/n008-2018-08-31-11-37-23-0400__CAM_FRONT_RIGHT__1535730461420482.jpg", "samples/CAM_BACK_LEFT/n008-2018-08-31-11-37-23-0400__CAM_BACK_LEFT__1535730461447405.jpg", "samples/CAM_BACK/n008-2018-08-31-11-37-23-0400__CAM_BACK__1535730461437558.jpg", "samples/CAM_BACK_RIGHT/n008-2018-08-31-11-37-23-0400__CAM_BACK_RIGHT__1535730461428113.jpg"], "intrinsics": [[[1257.8625342125129, 0.0, 827.2410631095686], [0.0, 1257.8625342125129, 450.915498205774], [0.0, 0.0, 1.0]], [[1252.8131021185304, 0.0, 826.588114781398], [0.0, 1252.8131021185304, 469.9846626224581], [0.0, 0.0, 1.0]], [[1256.7485116440405, 0.0, 817.7887570959712], [0.0, 1256.7485116440403, 451.9541780095127], [0.0, 0.0, 1.0]], [[1254.9860565800168, 0.0, 829.5769333630991], [0.0, 1254.9860565800168, 467.1680561863987], [0.0, 0.0, 1.0]], [[796.8910634503094, 0.0, 857.7774326863696], [0.0, 796.8910634503094, 476.8848988407415], [0.0, 0.0, 1.0]], [[1249.9629280788233, 0.0, 825.3768045375984], [0.0, 1249.9629280788233, 462.54816385708756], [0.0, 0.0, 1.0]]], "extrinsics": [[[0.822545051574707, -0.5686033368110657, -0.01048782654106617, -1.0050048828125], [0.0046823169104754925, 0.025212295353412628, -0.9996711015701294, 1.4882938861846924], [0.5686807632446289, 0.8222254514694214, 0.023400627076625824, -1.33331298828125], [0.0, 0.0, 0.0, 1.0]], [[0.010247752070426941, -0.9997262954711914, -0.021030493080615997, 0.00531005859375], [0.00663512060418725, 0.021099118515849113, -0.9997553825378418, 1.4801654815673828], [0.9999255537986755, 0.010105698369443417, 0.0068495250307023525, -1.7347412109375], [0.0, 0.0, 0.0, 1.0]], [[-0.8440026044845581, -0.5360015034675598, -0.01902318000793457, 1.090576171875], [0.014654818922281265, 0.012408485636115074, -0.9998155832290649, 1.493072509765625], [0.5361387729644775, -0.8441259264945984, -0.002617790363729, -1.277587890625], [0.0, 0.0, 0.0, 1.0]], [[0.9478710293769836, 0.31865110993385315, -0.0013981017982587218, -1.14404296875], [-0.010744432918727398, 0.027575131505727768, -0.9995619654655457, 1.5620460510253906], [-0.31847304105758667, 0.9474708437919617, 0.029561394825577736, -0.15606689453125], [0.0, 0.0, 0.0, 1.0]], [[0.009227678179740906, 0.9997576475143433, 0.01998518966138363, -0.02899169921875], [-0.008623034693300724, 0.020064856857061386, -0.9997614622116089, 1.5680599212646484], [-0.9999202489852905, 0.009053262881934643, 0.008806098252534866, 0.044189453125], [0.0, 0.0, 0.0, 1.0]], [[-0.923741340637207, 0.3830047845840454, 0.003050808794796467, 1.16064453125], [-0.004402038175612688, -0.0026516010984778404, -0.9999867677688599, 1.547811508178711], [-0.38299164175987244, -0.9237425327301025, 0.004135394934564829, -0.043792724609375], [0.0, 0.0, 0.0, 1.0]]], "view": [[0.0, -2.0, 100.0], [-2.0, 0.0, 100.0], [0.0, 0.0, 1.0]], "bev": "bev_0b8e2d1a950d4f45b9110118e3497763.png", "aux": "aux_0b8e2d1a950d4f45b9110118e3497763.npz", "visibility": "visibility_0b8e2d1a950d4f45b9110118e3497763.png", "pose": [[0.6448096632957458, -0.7643432021141052, 0.0, 1446.2098388671875], [0.7643432021141052, 0.6448096632957458, 0.0, 1219.8740234375], [0.0, 0.0, 1.0, 0.0], [0.0, 0.0, 0.0, 1.0]], "pose_inverse": [[0.6448096632957458, 0.7643432021141052, 0.0, -1864.9324951171875], [-0.7643432021141052, 0.6448096632957458, 0.0, 318.8141174316406], [0.0, 0.0, 1.0, 0.0], [0.0, 0.0, 0.0, 1.0]], "cam_ids": [0, 1, 2, 3, 4, 5], "cam_channels": ["CAM_FRONT_LEFT", "CAM_FRONT", "CAM_FRONT_RIGHT", "CAM_BACK_LEFT", "CAM_BACK", "CAM_BACK_RIGHT"], "token": "0b8e2d1a950d4f45b9110118e3497763", "scene": "scene-0561"}, {"images": ["samples/CAM_FRONT_LEFT/n008-2018-08-31-11-37-23-0400__CAM_FRONT_LEFT__1535730461904799.jpg", "samples/CAM_FRONT/n008-2018-08-31-11-37-23-0400__CAM_FRONT__1535730461912404.jpg", "samples/CAM_FRONT_RIGHT/n008-2018-08-31-11-37-23-0400__CAM_FRONT_RIGHT__1535730461920482.jpg", "samples/CAM_BACK_LEFT/n008-2018-08-31-11-37-23-0400__CAM_BACK_LEFT__1535730461947405.jpg", "samples/CAM_BACK/n008-2018-08-31-11-37-23-0400__CAM_BACK__1535730461937558.jpg", "samples/CAM_BACK_RIGHT/n008-2018-08-31-11-37-23-0400__CAM_BACK_RIGHT__1535730461928113.jpg"], "intrinsics": [[[1257.8625342125129, 0.0, 827.2410631095686], [0.0, 1257.8625342125129, 450.915498205774], [0.0, 0.0, 1.0]], [[1252.8131021185304, 0.0, 826.588114781398], [0.0, 1252.8131021185304, 469.9846626224581], [0.0, 0.0, 1.0]], [[1256.7485116440405, 0.0, 817.7887570959712], [0.0, 1256.7485116440403, 451.9541780095127], [0.0, 0.0, 1.0]], [[1254.9860565800168, 0.0, 829.5769333630991], [0.0, 1254.9860565800168, 467.1680561863987], [0.0, 0.0, 1.0]], [[796.8910634503094, 0.0, 857.7774326863696], [0.0, 796.8910634503094, 476.8848988407415], [0.0, 0.0, 1.0]], [[1249.9629280788233, 0.0, 825.3768045375984], [0.0, 1249.9629280788233, 462.54816385708756], [0.0, 0.0, 1.0]]], "extrinsics": [[[0.8225423693656921, -0.568606436252594, -0.010529199615120888, -1.0050048828125], [0.004664340987801552, 0.025258848443627357, -0.9996700882911682, 1.4882973432540894], [0.5686848163604736, 0.8222218155860901, 0.023428646847605705, -1.333251953125], [0.0, 0.0, 0.0, 1.0]], [[0.010249871760606766, -0.9997252821922302, -0.021075500175356865, 0.00537109375], [0.00663791922852397, 0.021144168451428413, -0.9997544288635254, 1.4801650047302246], [0.999925434589386, 0.010107513517141342, 0.006852821446955204, -1.7347412109375], [0.0, 0.0, 0.0, 1.0]], [[-0.8439996242523193, -0.5360047817230225, -0.019067613407969475, 1.0904541015625], [0.014679830521345139, 0.012451957911252975, -0.9998146891593933, 1.493072509765625], [0.536142885684967, -0.844123125076294, -0.0026409898418933153, -1.277587890625], [0.0, 0.0, 0.0, 1.0]], [[0.947868287563324, 0.3186596930027008, -0.001319037051871419, -1.1439208984375], [-0.010676689445972443, 0.02762080542743206, -0.9995614886283875, 1.5620479583740234], [-0.31848350167274475, 0.9474666118621826, 0.029583116993308067, -0.15606689453125], [0.0, 0.0, 0.0, 1.0]], [[0.00922421645373106, 0.9997571110725403, 0.02001783438026905, -0.02886962890625], [-0.008576875552535057, 0.020097050815820694, -0.9997612237930298, 1.5680618286132812], [-0.999920666217804, 0.009050331078469753, 0.008760171942412853, 0.0443115234375], [0.0, 0.0, 0.0, 1.0]], [[-0.9237427711486816, 0.383001446723938, 0.003044143319129944, 1.1605224609375], [-0.004380419384688139, -0.0026168993208557367, -0.999987006187439, 1.547811508178711], [-0.38298848271369934, -0.9237439632415771, 0.004095049574971199, -0.043701171875], [0.0, 0.0, 0.0, 1.0]]], "view": [[0.0, -2.0, 100.0], [-2.0, 0.0, 100.0], [0.0, 0.0, 1.0]], "bev": "bev_d34eaf150e834b70b8ed70ff736992db.png", "aux": "aux_d34eaf150e834b70b8ed70ff736992db.npz", "visibility": "visibility_d34eaf150e834b70b8ed70ff736992db.png", "pose": [[0.6447798013687134, -0.7643683552742004, 0.0, 1446.2098388671875], [0.7643683552742004, 0.6447798013687134, 0.0, 1219.8740234375], [0.0, 0.0, 1.0, 0.0], [0.0, 0.0, 0.0, 1.0]], "pose_inverse": [[0.6447798013687134, 0.7643683552742004, 0.0, -1864.9200439453125], [-0.7643683552742004, 0.6447798013687134, 0.0, 318.886962890625], [0.0, 0.0, 1.0, 0.0], [0.0, 0.0, 0.0, 1.0]], "cam_ids": [0, 1, 2, 3, 4, 5], "cam_channels": ["CAM_FRONT_LEFT", "CAM_FRONT", "CAM_FRONT_RIGHT", "CAM_BACK_LEFT", "CAM_BACK", "CAM_BACK_RIGHT"], "token": "d34eaf150e834b70b8ed70ff736992db", "scene": "scene-0561"}, {"images": ["samples/CAM_FRONT_LEFT/n008-2018-08-31-11-37-23-0400__CAM_FRONT_LEFT__1535730462404799.jpg", "samples/CAM_FRONT/n008-2018-08-31-11-37-23-0400__CAM_FRONT__1535730462412404.jpg", "samples/CAM_FRONT_RIGHT/n008-2018-08-31-11-37-23-0400__CAM_FRONT_RIGHT__1535730462420482.jpg", "samples/CAM_BACK_LEFT/n008-2018-08-31-11-37-23-0400__CAM_BACK_LEFT__1535730462447405.jpg", "samples/CAM_BACK/n008-2018-08-31-11-37-23-0400__CAM_BACK__1535730462437558.jpg", "samples/CAM_BACK_RIGHT/n008-2018-08-31-11-37-23-0400__CAM_BACK_RIGHT__1535730462428113.jpg"], "intrinsics": [[[1257.8625342125129, 0.0, 827.2410631095686], [0.0, 1257.8625342125129, 450.915498205774], [0.0, 0.0, 1.0]], [[1252.8131021185304, 0.0, 826.588114781398], [0.0, 1252.8131021185304, 469.9846626224581], [0.0, 0.0, 1.0]], [[1256.7485116440405, 0.0, 817.7887570959712], [0.0, 1256.7485116440403, 451.9541780095127], [0.0, 0.0, 1.0]], [[1254.9860565800168, 0.0, 829.5769333630991], [0.0, 1254.9860565800168, 467.1680561863987], [0.0, 0.0, 1.0]], [[796.8910634503094, 0.0, 857.7774326863696], [0.0, 796.8910634503094, 476.8848988407415], [0.0, 0.0, 1.0]], [[1249.9629280788233, 0.0, 825.3768045375984], [0.0, 1249.9629280788233, 462.54816385708756], [0.0, 0.0, 1.0]]], "extrinsics": [[[0.822548508644104, -0.5685967803001404, -0.010573293082416058, -1.0048828125], [0.004625821486115456, 0.025281120091676712, -0.9996696710586548, 1.4882946014404297], [0.5686762928962708, 0.8222278356552124, 0.02342517115175724, -1.3333740234375], [0.0, 0.0, 0.0, 1.0]], [[0.010256092064082623, -0.9997249245643616, -0.02109413594007492, 0.0052490234375], [0.006588279269635677, 0.02116234600543976, -0.9997543692588806, 1.480165958404541], [0.9999257326126099, 0.010114629752933979, 0.006803510244935751, -1.734619140625], [0.0, 0.0, 0.0, 1.0]], [[-0.843998372554779, -0.5360081791877747, -0.01902313530445099, 1.090576171875], [0.01461833156645298, 0.012465808540582657, -0.9998154044151306, 1.4930706024169922], [0.5361464619636536, -0.8441208004951477, -0.0026855773758143187, -1.2774658203125], [0.0, 0.0, 0.0, 1.0]], [[0.9478685259819031, 0.3186587393283844, -0.0013770611258223653, -1.143798828125], [-0.010742384940385818, 0.02763430029153824, -0.9995604157447815, 1.5620441436767578], [-0.3184806704521179, 0.9474666118621826, 0.029616838321089745, -0.1561279296875], [0.0, 0.0, 0.0, 1.0]], [[0.00922380294650793, 0.999756932258606, 0.020027680322527885, -0.0289306640625], [-0.008627760224044323, 0.02010735683143139, -0.9997605681419373, 1.568063735961914], [-0.9999203085899353, 0.00904884748160839, 0.00881112925708294, 0.044189453125], [0.0, 0.0, 0.0, 1.0]], [[-0.9237437844276428, 0.3829984962940216, 0.0030943932943046093, 1.16064453125], [-0.004427570849657059, -0.0025994584430009127, -0.9999868273735046, 1.547811508178711], [-0.3829854726791382, -0.923745334148407, 0.004096986725926399, -0.043853759765625], [0.0, 0.0, 0.0, 1.0]]], "view": [[0.0, -2.0, 100.0], [-2.0, 0.0, 100.0], [0.0, 0.0, 1.0]], "bev": "bev_9ef5515f50b6451682146893962ae618.png", "aux": "aux_9ef5515f50b6451682146893962ae618.npz", "visibility": "visibility_9ef5515f50b6451682146893962ae618.png", "pose": [[0.6448307037353516, -0.7643254399299622, 0.0, 1446.2098388671875], [0.7643254399299622, 0.6448307037353516, 0.0, 1219.8740234375], [0.0, 0.0, 1.0, 0.0], [0.0, 0.0, 0.0, 1.0]], "pose_inverse": [[0.6448307037353516, 0.7643254399299622, 0.0, -1864.9412841796875], [-0.7643254399299622, 0.6448307037353516, 0.0, 318.7626647949219], [0.0, 0.0, 1.0, 0.0], [0.0, 0.0, 0.0, 1.0]], "cam_ids": [0, 1, 2, 3, 4, 5], "cam_channels": ["CAM_FRONT_LEFT", "CAM_FRONT", "CAM_FRONT_RIGHT", "CAM_BACK_LEFT", "CAM_BACK", "CAM_BACK_RIGHT"], "token": "9ef5515f50b6451682146893962ae618", "scene": "scene-0561"}, {"images": ["samples/CAM_FRONT_LEFT/n008-2018-08-31-11-37-23-0400__CAM_FRONT_LEFT__1535730462904799.jpg", "samples/CAM_FRONT/n008-2018-08-31-11-37-23-0400__CAM_FRONT__1535730462912409.jpg", "samples/CAM_FRONT_RIGHT/n008-2018-08-31-11-37-23-0400__CAM_FRONT_RIGHT__1535730462920482.jpg", "samples/CAM_BACK_LEFT/n008-2018-08-31-11-37-23-0400__CAM_BACK_LEFT__1535730462947405.jpg", "samples/CAM_BACK/n008-2018-08-31-11-37-23-0400__CAM_BACK__1535730462937558.jpg", "samples/CAM_BACK_RIGHT/n008-2018-08-31-11-37-23-0400__CAM_BACK_RIGHT__1535730462928113.jpg"], "intrinsics": [[[1257.8625342125129, 0.0, 827.2410631095686], [0.0, 1257.8625342125129, 450.915498205774], [0.0, 0.0, 1.0]], [[1252.8131021185304, 0.0, 826.588114781398], [0.0, 1252.8131021185304, 469.9846626224581], [0.0, 0.0, 1.0]], [[1256.7485116440405, 0.0, 817.7887570959712], [0.0, 1256.7485116440403, 451.9541780095127], [0.0, 0.0, 1.0]], [[1254.9860565800168, 0.0, 829.5769333630991], [0.0, 1254.9860565800168, 467.1680561863987], [0.0, 0.0, 1.0]], [[796.8910634503094, 0.0, 857.7774326863696], [0.0, 796.8910634503094, 476.8848988407415], [0.0, 0.0, 1.0]], [[1249.9629280788233, 0.0, 825.3768045375984], [0.0, 1249.9629280788233, 462.54816385708756], [0.0, 0.0, 1.0]]], "extrinsics": [[[0.8225480914115906, -0.5685977935791016, -0.010547393932938576, -1.0052490234375], [0.004653347656130791, 0.02527536079287529, -0.9996696710586548, 1.4882910251617432], [0.5686765909194946, 0.8222273588180542, 0.023436082527041435, -1.33331298828125], [0.0, 0.0, 0.0, 1.0]], [[0.010253608226776123, -0.9997249841690063, -0.021087627857923508, 0.00531005859375], [0.006608608178794384, 0.021156027913093567, -0.9997543096542358, 1.4801664352416992], [0.9999256134033203, 0.01011177059262991, 0.00682371761649847, -1.7347412109375], [0.0, 0.0, 0.0, 1.0]], [[-0.843999981880188, -0.5360053181648254, -0.019030075520277023, 1.0906982421875], [0.01463096309453249, 0.012458880431950092, -0.9998153448104858, 1.493072509765625], [0.5361434817314148, -0.8441226482391357, -0.0026730215176939964, -1.2777099609375], [0.0, 0.0, 0.0, 1.0]], [[0.9478678107261658, 0.3186609745025635, -0.0013704074081033468, -1.1439208984375], [-0.010728606022894382, 0.027613963931798935, -0.999561071395874, 1.5620403289794922], [-0.3184833228588104, 0.9474663734436035, 0.029593173414468765, -0.15606689453125], [0.0, 0.0, 0.0, 1.0]], [[0.00922464020550251, 0.9997572898864746, 0.020011423155665398, -0.028839111328125], [-0.00861763209104538, 0.020091012120246887, -0.9997609853744507, 1.568063735961914], [-0.9999203681945801, 0.009050038643181324, 0.008800872601568699, 0.0440673828125], [0.0, 0.0, 0.0, 1.0]], [[-0.9237427711486816, 0.38300079107284546, 0.003089686157181859, 1.1607666015625], [-0.004426388069987297, -0.002608870854601264, -0.9999867677688599, 1.5478124618530273], [-0.3829876780509949, -0.923744261264801, 0.004105235915631056, -0.043670654296875], [0.0, 0.0, 0.0, 1.0]]], "view": [[0.0, -2.0, 100.0], [-2.0, 0.0, 100.0], [0.0, 0.0, 1.0]], "bev": "bev_25f8552be635425aafa5d14150fc5ce1.png", "aux": "aux_25f8552be635425aafa5d14150fc5ce1.npz", "visibility": "visibility_25f8552be635425aafa5d14150fc5ce1.png", "pose": [[0.6448718905448914, -0.7642906904220581, 0.0, 1446.2098388671875], [0.7642906904220581, 0.6448718905448914, 0.0, 1219.8740234375], [0.0, 0.0, 1.0, 0.0], [0.0, 0.0, 0.0, 1.0]], "pose_inverse": [[0.6448718905448914, 0.7642906904220581, 0.0, -1864.9583740234375], [-0.7642906904220581, 0.6448718905448914, 0.0, 318.6622619628906], [0.0, 0.0, 1.0, 0.0], [0.0, 0.0, 0.0, 1.0]], "cam_ids": [0, 1, 2, 3, 4, 5], "cam_channels": ["CAM_FRONT_LEFT", "CAM_FRONT", "CAM_FRONT_RIGHT", "CAM_BACK_LEFT", "CAM_BACK", "CAM_BACK_RIGHT"], "token": "25f8552be635425aafa5d14150fc5ce1", "scene": "scene-0561"}, {"images": ["samples/CAM_FRONT_LEFT/n008-2018-08-31-11-37-23-0400__CAM_FRONT_LEFT__1535730463404799.jpg", "samples/CAM_FRONT/n008-2018-08-31-11-37-23-0400__CAM_FRONT__1535730463412404.jpg", "samples/CAM_FRONT_RIGHT/n008-2018-08-31-11-37-23-0400__CAM_FRONT_RIGHT__1535730463420482.jpg", "samples/CAM_BACK_LEFT/n008-2018-08-31-11-37-23-0400__CAM_BACK_LEFT__1535730463447405.jpg", "samples/CAM_BACK/n008-2018-08-31-11-37-23-0400__CAM_BACK__1535730463437558.jpg", "samples/CAM_BACK_RIGHT/n008-2018-08-31-11-37-23-0400__CAM_BACK_RIGHT__1535730463428113.jpg"], "intrinsics": [[[1257.8625342125129, 0.0, 827.2410631095686], [0.0, 1257.8625342125129, 450.915498205774], [0.0, 0.0, 1.0]], [[1252.8131021185304, 0.0, 826.588114781398], [0.0, 1252.8131021185304, 469.9846626224581], [0.0, 0.0, 1.0]], [[1256.7485116440405, 0.0, 817.7887570959712], [0.0, 1256.7485116440403, 451.9541780095127], [0.0, 0.0, 1.0]], [[1254.9860565800168, 0.0, 829.5769333630991], [0.0, 1254.9860565800168, 467.1680561863987], [0.0, 0.0, 1.0]], [[796.8910634503094, 0.0, 857.7774326863696], [0.0, 796.8910634503094, 476.8848988407415], [0.0, 0.0, 1.0]], [[1249.9629280788233, 0.0, 825.3768045375984], [0.0, 1249.9629280788233, 462.54816385708756], [0.0, 0.0, 1.0]]], "extrinsics": [[[0.8225348591804504, -0.5686180591583252, -0.010479476302862167, -1.0050048828125], [0.004676752723753452, 0.025188839063048363, -0.9996718168258667, 1.4882947206497192], [0.5686954259872437, 0.8222159147262573, 0.023377984762191772, -1.3333740234375], [0.0, 0.0, 0.0, 1.0]], [[0.010234651155769825, -0.9997267723083496, -0.021012011915445328, 0.005340576171875], [0.006647843401879072, 0.02108067460358143, -0.9997556805610657, 1.4801645278930664], [0.9999254941940308, 0.01009247824549675, 0.006861781235784292, -1.7347412109375], [0.0, 0.0, 0.0, 1.0]], [[-0.8440071940422058, -0.5359936356544495, -0.019043244421482086, 1.0906982421875], [0.014686976559460163, 0.012395322322845459, -0.9998152852058411, 1.4930763244628906], [0.5361306667327881, -0.8441309928894043, -0.0025896159932017326, -1.2774658203125], [0.0, 0.0, 0.0, 1.0]], [[0.9478711485862732, 0.3186509907245636, -0.0013301026774570346, -1.14404296875], [-0.010666671209037304, 0.027557123452425003, -0.9995632767677307, 1.5620460510253906], [-0.31847530603408813, 0.9474714398384094, 0.029519550502300262, -0.1561279296875], [0.0, 0.0, 0.0, 1.0]], [[0.009230118244886398, 0.9997581839561462, 0.019957905635237694, -0.02880859375], [-0.008543475531041622, 0.02003687433898449, -0.9997627139091492, 1.5680618286132812], [-0.9999209046363831, 0.00905743520706892, 0.008726351894438267, 0.0443115234375], [0.0, 0.0, 0.0, 1.0]], [[-0.9237387180328369, 0.3830113708972931, 0.003009364940226078, 1.16064453125], [-0.004364581312984228, -0.002669391455128789, -0.9999869465827942, 1.5478124618530273], [-0.3829982876777649, -0.9237397909164429, 0.0041375053115189075, -0.043670654296875], [0.0, 0.0, 0.0, 1.0]]], "view": [[0.0, -2.0, 100.0], [-2.0, 0.0, 100.0], [0.0, 0.0, 1.0]], "bev": "bev_d3087b20caea4aa384df7afded4e139f.png", "aux": "aux_d3087b20caea4aa384df7afded4e139f.npz", "visibility": "visibility_d3087b20caea4aa384df7afded4e139f.png", "pose": [[0.6447824239730835, -0.7643661499023438, 0.0, 1446.2098388671875], [0.7643661499023438, 0.6447824239730835, 0.0, 1219.8740234375], [0.0, 0.0, 1.0, 0.0], [0.0, 0.0, 0.0, 1.0]], "pose_inverse": [[0.6447824239730835, 0.7643661499023438, 0.0, -1864.921142578125], [-0.7643661499023438, 0.6447824239730835, 0.0, 318.88055419921875], [0.0, 0.0, 1.0, 0.0], [0.0, 0.0, 0.0, 1.0]], "cam_ids": [0, 1, 2, 3, 4, 5], "cam_channels": ["CAM_FRONT_LEFT", "CAM_FRONT", "CAM_FRONT_RIGHT", "CAM_BACK_LEFT", "CAM_BACK", "CAM_BACK_RIGHT"], "token": "d3087b20caea4aa384df7afded4e139f", "scene": "scene-0561"}, {"images": ["samples/CAM_FRONT_LEFT/n008-2018-08-31-11-37-23-0400__CAM_FRONT_LEFT__1535730463904799.jpg", "samples/CAM_FRONT/n008-2018-08-31-11-37-23-0400__CAM_FRONT__1535730463912404.jpg", "samples/CAM_FRONT_RIGHT/n008-2018-08-31-11-37-23-0400__CAM_FRONT_RIGHT__1535730463920482.jpg", "samples/CAM_BACK_LEFT/n008-2018-08-31-11-37-23-0400__CAM_BACK_LEFT__1535730463947494.jpg", "samples/CAM_BACK/n008-2018-08-31-11-37-23-0400__CAM_BACK__1535730463937558.jpg", "samples/CAM_BACK_RIGHT/n008-2018-08-31-11-37-23-0400__CAM_BACK_RIGHT__1535730463928113.jpg"], "intrinsics": [[[1257.8625342125129, 0.0, 827.2410631095686], [0.0, 1257.8625342125129, 450.915498205774], [0.0, 0.0, 1.0]], [[1252.8131021185304, 0.0, 826.588114781398], [0.0, 1252.8131021185304, 469.9846626224581], [0.0, 0.0, 1.0]], [[1256.7485116440405, 0.0, 817.7887570959712], [0.0, 1256.7485116440403, 451.9541780095127], [0.0, 0.0, 1.0]], [[1254.9860565800168, 0.0, 829.5769333630991], [0.0, 1254.9860565800168, 467.1680561863987], [0.0, 0.0, 1.0]], [[796.8910634503094, 0.0, 857.7774326863696], [0.0, 796.8910634503094, 476.8848988407415], [0.0, 0.0, 1.0]], [[1249.9629280788233, 0.0, 825.3768045375984], [0.0, 1249.9629280788233, 462.54816385708756], [0.0, 0.0, 1.0]]], "extrinsics": [[[0.8225418925285339, -0.5686097145080566, -0.010382087901234627, -1.0050048828125], [0.0048380522057414055, 0.02525133639574051, -0.9996694326400757, 1.488295555114746], [0.568683922290802, 0.8222197890281677, 0.023521248251199722, -1.33331298828125], [0.0, 0.0, 0.0, 1.0]], [[0.01024834718555212, -0.9997256398200989, -0.02106274478137493, 0.005279541015625], [0.006809657905250788, 0.021133137866854668, -0.9997535347938538, 1.4801650047302246], [0.9999242424964905, 0.010102427564561367, 0.007024370599538088, -1.7347412109375], [0.0, 0.0, 0.0, 1.0]], [[-0.8439991474151611, -0.5360006093978882, -0.0192028246819973, 1.090576171875], [0.014849415980279446, 0.012437161058187485, -0.9998123645782471, 1.493072509765625], [0.5361388325691223, -0.8441259860992432, -0.0025376591365784407, -1.277587890625], [0.0, 0.0, 0.0, 1.0]], [[0.9478713870048523, 0.3186510503292084, -0.0011314966250211, -1.1439208984375], [-0.010476412251591682, 0.027614179998636246, -0.9995637536048889, 1.5620441436767578], [-0.31848081946372986, 0.9474697709083557, 0.029513012617826462, -0.15606689453125], [0.0, 0.0, 0.0, 1.0]], [[0.009223475120961666, 0.9997569918632507, 0.020019354298710823, -0.028961181640625], [-0.008379735052585602, 0.020096778869628906, -0.9997628927230835, 1.568063735961914], [-0.9999223351478577, 0.009053569287061691, 0.008563063107430935, 0.0443115234375], [0.0, 0.0, 0.0, 1.0]], [[-0.9237415790557861, 0.38300514221191406, 0.0028835635166615248, 1.1607666015625], [-0.004209797363728285, -0.00262460601516068, -0.9999877214431763, 1.5478119850158691], [-0.3829928934574127, -0.9237424731254578, 0.004036832135170698, -0.043670654296875], [0.0, 0.0, 0.0, 1.0]]], "view": [[0.0, -2.0, 100.0], [-2.0, 0.0, 100.0], [0.0, 0.0, 1.0]], "bev": "bev_6ada9478bb09410c9bccaedb6d557215.png", "aux": "aux_6ada9478bb09410c9bccaedb6d557215.npz", "visibility": "visibility_6ada9478bb09410c9bccaedb6d557215.png", "pose": [[0.6447961926460266, -0.7643545269966125, 0.0, 1446.2098388671875], [0.7643545269966125, 0.6447961926460266, 0.0, 1219.8740234375], [0.0, 0.0, 1.0, 0.0], [0.0, 0.0, 0.0, 1.0]], "pose_inverse": [[0.6447961926460266, 0.7643545269966125, 0.0, -1864.9268798828125], [-0.7643545269966125, 0.6447961926460266, 0.0, 318.8468933105469], [0.0, 0.0, 1.0, 0.0], [0.0, 0.0, 0.0, 1.0]], "cam_ids": [0, 1, 2, 3, 4, 5], "cam_channels": ["CAM_FRONT_LEFT", "CAM_FRONT", "CAM_FRONT_RIGHT", "CAM_BACK_LEFT", "CAM_BACK", "CAM_BACK_RIGHT"], "token": "6ada9478bb09410c9bccaedb6d557215", "scene": "scene-0561"}, {"images": ["samples/CAM_FRONT_LEFT/n008-2018-08-31-11-37-23-0400__CAM_FRONT_LEFT__1535730464404799.jpg", "samples/CAM_FRONT/n008-2018-08-31-11-37-23-0400__CAM_FRONT__1535730464412404.jpg", "samples/CAM_FRONT_RIGHT/n008-2018-08-31-11-37-23-0400__CAM_FRONT_RIGHT__1535730464420482.jpg", "samples/CAM_BACK_LEFT/n008-2018-08-31-11-37-23-0400__CAM_BACK_LEFT__1535730464447405.jpg", "samples/CAM_BACK/n008-2018-08-31-11-37-23-0400__CAM_BACK__1535730464437558.jpg", "samples/CAM_BACK_RIGHT/n008-2018-08-31-11-37-23-0400__CAM_BACK_RIGHT__1535730464428113.jpg"], "intrinsics": [[[1257.8625342125129, 0.0, 827.2410631095686], [0.0, 1257.8625342125129, 450.915498205774], [0.0, 0.0, 1.0]], [[1252.8131021185304, 0.0, 826.588114781398], [0.0, 1252.8131021185304, 469.9846626224581], [0.0, 0.0, 1.0]], [[1256.7485116440405, 0.0, 817.7887570959712], [0.0, 1256.7485116440403, 451.9541780095127], [0.0, 0.0, 1.0]], [[1254.9860565800168, 0.0, 829.5769333630991], [0.0, 1254.9860565800168, 467.1680561863987], [0.0, 0.0, 1.0]], [[796.8910634503094, 0.0, 857.7774326863696], [0.0, 796.8910634503094, 476.8848988407415], [0.0, 0.0, 1.0]], [[1249.9629280788233, 0.0, 825.3768045375984], [0.0, 1249.9629280788233, 462.54816385708756], [0.0, 0.0, 1.0]]], "extrinsics": [[[0.8225463032722473, -0.5686022639274597, -0.01044718362390995, -1.0050048828125], [0.004769759252667427, 0.025267360731959343, -0.9996693730354309, 1.4882924556732178], [0.5686782598495483, 0.822224497795105, 0.023495666682720184, -1.33331298828125], [0.0, 0.0, 0.0, 1.0]], [[0.010252696461975574, -0.9997254014015198, -0.021070795133709908, 0.00543212890625], [0.00672941142693162, 0.021140409633517265, -0.9997538924217224, 1.4801669120788574], [0.9999248385429382, 0.010108452290296555, 0.006944308523088694, -1.734619140625], [0.0, 0.0, 0.0, 1.0]], [[-0.8439987301826477, -0.5360040664672852, -0.019123276695609093, 1.0906982421875], [0.014756443910300732, 0.012435157783329487, -0.9998137950897217, 1.493072509765625], [0.5361420512199402, -0.8441238403320312, -0.002585744019597769, -1.2777099609375], [0.0, 0.0, 0.0, 1.0]], [[0.9478704929351807, 0.31865331530570984, -0.0012660875217989087, -1.1439208984375], [-0.010613827034831047, 0.02760053426027298, -0.999562680721283, 1.5620498657226562], [-0.3184790313243866, 0.9474693536758423, 0.029543865472078323, -0.15606689453125], [0.0, 0.0, 0.0, 1.0]], [[0.00922386534512043, 0.9997574090957642, 0.02000066265463829, -0.028778076171875], [-0.008499539457261562, 0.020079176872968674, -0.999762237071991, 1.5680618286132812], [-0.9999213814735413, 0.00905168242752552, 0.00868268497288227, 0.0443115234375], [0.0, 0.0, 0.0, 1.0]], [[-0.9237424731254578, 0.3830023407936096, 0.002974879927933216, 1.16064453125], [-0.0043117632158100605, -0.0026321441400796175, -0.9999872446060181, 1.5478110313415527], [-0.3829896152019501, -0.9237436056137085, 0.004082839470356703, -0.04376220703125], [0.0, 0.0, 0.0, 1.0]]], "view": [[0.0, -2.0, 100.0], [-2.0, 0.0, 100.0], [0.0, 0.0, 1.0]], "bev": "bev_5d28835555eb46969fb96b6dbe682868.png", "aux": "aux_5d28835555eb46969fb96b6dbe682868.npz", "visibility": "visibility_5d28835555eb46969fb96b6dbe682868.png", "pose": [[0.6447553634643555, -0.7643889784812927, 0.0, 1446.2098388671875], [0.7643889784812927, 0.6447553634643555, 0.0, 1219.8740234375], [0.0, 0.0, 1.0, 0.0], [0.0, 0.0, 0.0, 1.0]], "pose_inverse": [[0.6447553634643555, 0.7643889784812927, 0.0, -1864.9097900390625], [-0.7643889784812927, 0.6447553634643555, 0.0, 318.94659423828125], [0.0, 0.0, 1.0, 0.0], [0.0, 0.0, 0.0, 1.0]], "cam_ids": [0, 1, 2, 3, 4, 5], "cam_channels": ["CAM_FRONT_LEFT", "CAM_FRONT", "CAM_FRONT_RIGHT", "CAM_BACK_LEFT", "CAM_BACK", "CAM_BACK_RIGHT"], "token": "5d28835555eb46969fb96b6dbe682868", "scene": "scene-0561"}, {"images": ["samples/CAM_FRONT_LEFT/n008-2018-08-31-11-37-23-0400__CAM_FRONT_LEFT__1535730464904799.jpg", "samples/CAM_FRONT/n008-2018-08-31-11-37-23-0400__CAM_FRONT__1535730464912404.jpg", "samples/CAM_FRONT_RIGHT/n008-2018-08-31-11-37-23-0400__CAM_FRONT_RIGHT__1535730464920482.jpg", "samples/CAM_BACK_LEFT/n008-2018-08-31-11-37-23-0400__CAM_BACK_LEFT__1535730464947405.jpg", "samples/CAM_BACK/n008-2018-08-31-11-37-23-0400__CAM_BACK__1535730464937558.jpg", "samples/CAM_BACK_RIGHT/n008-2018-08-31-11-37-23-0400__CAM_BACK_RIGHT__1535730464928113.jpg"], "intrinsics": [[[1257.8625342125129, 0.0, 827.2410631095686], [0.0, 1257.8625342125129, 450.915498205774], [0.0, 0.0, 1.0]], [[1252.8131021185304, 0.0, 826.588114781398], [0.0, 1252.8131021185304, 469.9846626224581], [0.0, 0.0, 1.0]], [[1256.7485116440405, 0.0, 817.7887570959712], [0.0, 1256.7485116440403, 451.9541780095127], [0.0, 0.0, 1.0]], [[1254.9860565800168, 0.0, 829.5769333630991], [0.0, 1254.9860565800168, 467.1680561863987], [0.0, 0.0, 1.0]], [[796.8910634503094, 0.0, 857.7774326863696], [0.0, 796.8910634503094, 476.8848988407415], [0.0, 0.0, 1.0]], [[1249.9629280788233, 0.0, 825.3768045375984], [0.0, 1249.9629280788233, 462.54816385708756], [0.0, 0.0, 1.0]]], "extrinsics": [[[0.822561502456665, -0.5685814023017883, -0.010383259505033493, -1.0050048828125], [0.004838493186980486, 0.025255458429455757, -0.9996693134307861, 1.4882965087890625], [0.5686556100845337, 0.8222392797470093, 0.023525243625044823, -1.333251953125], [0.0, 0.0, 0.0, 1.0]], [[0.010277830064296722, -0.9997251033782959, -0.02107246033847332, 0.005279541015625], [0.006785538047552109, 0.02114281803369522, -0.999753475189209, 1.48016357421875], [0.9999241828918457, 0.010132348164916039, 0.007000976242125034, -1.7347412109375], [0.0, 0.0, 0.0, 1.0]], [[-0.8439871072769165, -0.5360209345817566, -0.01916898787021637, 1.0904541015625], [0.014799286611378193, 0.012452863156795502, -0.9998129606246948, 1.4930706024169922], [0.536159336566925, -0.8441128730773926, -0.0025773297529667616, -1.2777099609375], [0.0, 0.0, 0.0, 1.0]], [[0.9478697180747986, 0.3186558485031128, -0.0012131427647545934, -1.1439208984375], [-0.010565727949142456, 0.027623290196061134, -0.9995625615119934, 1.5620460510253906], [-0.3184829652309418, 0.9474679231643677, 0.029550112783908844, -0.15606689453125], [0.0, 0.0, 0.0, 1.0]], [[0.00921467412263155, 0.9997570514678955, 0.020026344805955887, -0.02886962890625], [-0.008451249450445175, 0.020104343071579933, -0.9997621178627014, 1.5680599212646484], [-0.9999218583106995, 0.009043289348483086, 0.008634449914097786, 0.0443115234375], [0.0, 0.0, 0.0, 1.0]], [[-0.9237484335899353, 0.3829886317253113, 0.0029345517978072166, 1.1605224609375], [-0.004260431509464979, -0.0026137898676097393, -0.9999875426292419, 1.5478124618530273], [-0.38297611474990845, -0.9237493276596069, 0.004046181216835976, -0.043670654296875], [0.0, 0.0, 0.0, 1.0]]], "view": [[0.0, -2.0, 100.0], [-2.0, 0.0, 100.0], [0.0, 0.0, 1.0]], "bev": "bev_77fdd30224794079a35c460e3328c8d2.png", "aux": "aux_77fdd30224794079a35c460e3328c8d2.npz", "visibility": "visibility_77fdd30224794079a35c460e3328c8d2.png", "pose": [[0.6447667479515076, -0.7643793821334839, 0.0, 1446.2098388671875], [0.7643793821334839, 0.6447667479515076, 0.0, 1219.8740234375], [0.0, 0.0, 1.0, 0.0], [0.0, 0.0, 0.0, 1.0]], "pose_inverse": [[0.6447667479515076, 0.7643793821334839, 0.0, -1864.91455078125], [-0.7643793821334839, 0.6447667479515076, 0.0, 318.9187927246094], [0.0, 0.0, 1.0, 0.0], [0.0, 0.0, 0.0, 1.0]], "cam_ids": [0, 1, 2, 3, 4, 5], "cam_channels": ["CAM_FRONT_LEFT", "CAM_FRONT", "CAM_FRONT_RIGHT", "CAM_BACK_LEFT", "CAM_BACK", "CAM_BACK_RIGHT"], "token": "77fdd30224794079a35c460e3328c8d2", "scene": "scene-0561"}, {"images": ["samples/CAM_FRONT_LEFT/n008-2018-08-31-11-37-23-0400__CAM_FRONT_LEFT__1535730465404799.jpg", "samples/CAM_FRONT/n008-2018-08-31-11-37-23-0400__CAM_FRONT__1535730465412404.jpg", "samples/CAM_FRONT_RIGHT/n008-2018-08-31-11-37-23-0400__CAM_FRONT_RIGHT__1535730465420482.jpg", "samples/CAM_BACK_LEFT/n008-2018-08-31-11-37-23-0400__CAM_BACK_LEFT__1535730465447405.jpg", "samples/CAM_BACK/n008-2018-08-31-11-37-23-0400__CAM_BACK__1535730465437558.jpg", "samples/CAM_BACK_RIGHT/n008-2018-08-31-11-37-23-0400__CAM_BACK_RIGHT__1535730465428113.jpg"], "intrinsics": [[[1257.8625342125129, 0.0, 827.2410631095686], [0.0, 1257.8625342125129, 450.915498205774], [0.0, 0.0, 1.0]], [[1252.8131021185304, 0.0, 826.588114781398], [0.0, 1252.8131021185304, 469.9846626224581], [0.0, 0.0, 1.0]], [[1256.7485116440405, 0.0, 817.7887570959712], [0.0, 1256.7485116440403, 451.9541780095127], [0.0, 0.0, 1.0]], [[1254.9860565800168, 0.0, 829.5769333630991], [0.0, 1254.9860565800168, 467.1680561863987], [0.0, 0.0, 1.0]], [[796.8910634503094, 0.0, 857.7774326863696], [0.0, 796.8910634503094, 476.8848988407415], [0.0, 0.0, 1.0]], [[1249.9629280788233, 0.0, 825.3768045375984], [0.0, 1249.9629280788233, 462.54816385708756], [0.0, 0.0, 1.0]]], "extrinsics": [[[0.8225247263908386, -0.5686346292495728, -0.01037644688040018, -1.005126953125], [0.004819950554519892, 0.02521400712430477, -0.9996704459190369, 1.4882962703704834], [0.5687088370323181, 0.8222037553787231, 0.02347993664443493, -1.33331298828125], [0.0, 0.0, 0.0, 1.0]], [[0.01022126991301775, -0.9997265338897705, -0.021031931042671204, 0.00537109375], [0.006765339057892561, 0.021101687103509903, -0.9997544884681702, 1.4801669120788574], [0.999924898147583, 0.010076403617858887, 0.006979174446314573, -1.7347412109375], [0.0, 0.0, 0.0, 1.0]], [[-0.8440119028091431, -0.535983145236969, -0.019128214567899704, 1.090576171875], [0.014777164906263351, 0.012411857955157757, -0.9998137354850769, 1.4930706024169922], [0.5361207127571106, -0.84413743019104, -0.002555444836616516, -1.2774658203125], [0.0, 0.0, 0.0, 1.0]], [[0.9478721618652344, 0.3186483681201935, -0.0012483817990869284, -1.1439208984375], [-0.010584933683276176, 0.02757059410214424, -0.9995638132095337, 1.562042236328125], [-0.31847500801086426, 0.9474718570709229, 0.029506269842386246, -0.15606689453125], [0.0, 0.0, 0.0, 1.0]], [[0.00923388171941042, 0.9997578263282776, 0.01997513137757778, -0.0289306640625], [-0.008473637513816357, 0.020053496584296227, -0.9997629523277283, 1.568063735961914], [-0.999921441078186, 0.009062468074262142, 0.00865675788372755, 0.04443359375], [0.0, 0.0, 0.0, 1.0]], [[-0.923735499382019, 0.3830196261405945, 0.002937431912869215, 1.16064453125], [-0.00428190128877759, -0.0026576959062367678, -0.9999872446060181, 1.5478119850158691], [-0.3830069601535797, -0.9237363934516907, 0.004095060750842094, -0.043701171875], [0.0, 0.0, 0.0, 1.0]]], "view": [[0.0, -2.0, 100.0], [-2.0, 0.0, 100.0], [0.0, 0.0, 1.0]], "bev": "bev_12f0d5cf6f3f43618d022d54b3004756.png", "aux": "aux_12f0d5cf6f3f43618d022d54b3004756.npz", "visibility": "visibility_12f0d5cf6f3f43618d022d54b3004756.png", "pose": [[0.6448281407356262, -0.7643275856971741, 0.0, 1446.2098388671875], [0.7643275856971741, 0.6448281407356262, 0.0, 1219.8740234375], [0.0, 0.0, 1.0, 0.0], [0.0, 0.0, 0.0, 1.0]], "pose_inverse": [[0.6448281407356262, 0.7643275856971741, 0.0, -1864.940185546875], [-0.7643275856971741, 0.6448281407356262, 0.0, 318.76898193359375], [0.0, 0.0, 1.0, 0.0], [0.0, 0.0, 0.0, 1.0]], "cam_ids": [0, 1, 2, 3, 4, 5], "cam_channels": ["CAM_FRONT_LEFT", "CAM_FRONT", "CAM_FRONT_RIGHT", "CAM_BACK_LEFT", "CAM_BACK", "CAM_BACK_RIGHT"], "token": "12f0d5cf6f3f43618d022d54b3004756", "scene": "scene-0561"}, {"images": ["samples/CAM_FRONT_LEFT/n008-2018-08-31-11-37-23-0400__CAM_FRONT_LEFT__1535730465904799.jpg", "samples/CAM_FRONT/n008-2018-08-31-11-37-23-0400__CAM_FRONT__1535730465912404.jpg", "samples/CAM_FRONT_RIGHT/n008-2018-08-31-11-37-23-0400__CAM_FRONT_RIGHT__1535730465920482.jpg", "samples/CAM_BACK_LEFT/n008-2018-08-31-11-37-23-0400__CAM_BACK_LEFT__1535730465947405.jpg", "samples/CAM_BACK/n008-2018-08-31-11-37-23-0400__CAM_BACK__1535730465937558.jpg", "samples/CAM_BACK_RIGHT/n008-2018-08-31-11-37-23-0400__CAM_BACK_RIGHT__1535730465928113.jpg"], "intrinsics": [[[1257.8625342125129, 0.0, 827.2410631095686], [0.0, 1257.8625342125129, 450.915498205774], [0.0, 0.0, 1.0]], [[1252.8131021185304, 0.0, 826.588114781398], [0.0, 1252.8131021185304, 469.9846626224581], [0.0, 0.0, 1.0]], [[1256.7485116440405, 0.0, 817.7887570959712], [0.0, 1256.7485116440403, 451.9541780095127], [0.0, 0.0, 1.0]], [[1254.9860565800168, 0.0, 829.5769333630991], [0.0, 1254.9860565800168, 467.1680561863987], [0.0, 0.0, 1.0]], [[796.8910634503094, 0.0, 857.7774326863696], [0.0, 796.8910634503094, 476.8848988407415], [0.0, 0.0, 1.0]], [[1249.9629280788233, 0.0, 825.3768045375984], [0.0, 1249.9629280788233, 462.54816385708756], [0.0, 0.0, 1.0]]], "extrinsics": [[[0.8225469589233398, -0.5686032772064209, -0.010337441228330135, -1.0050048828125], [0.004860249813646078, 0.025205308571457863, -0.9996704459190369, 1.4882924556732178], [0.5686764121055603, 0.8222256302833557, 0.023496102541685104, -1.33331298828125], [0.0, 0.0, 0.0, 1.0]], [[0.010254276916384697, -0.9997266530990601, -0.021014949306845665, 0.00543212890625], [0.0068229250609874725, 0.02108551748096943, -0.9997544288635254, 1.4801664352416992], [0.9999241828918457, 0.010108299553394318, 0.007037275470793247, -1.734619140625], [0.0, 0.0, 0.0, 1.0]], [[-0.8439971804618835, -0.5360046625137329, -0.01917957328259945, 1.090576171875], [0.014853163622319698, 0.012387871742248535, -0.9998129606246948, 1.4930706024169922], [0.5361419916152954, -0.8441241383552551, -0.0024939642753452063, -1.277587890625], [0.0, 0.0, 0.0, 1.0]], [[0.9478687644004822, 0.3186585307121277, -0.0011870653834193945, -1.14404296875], [-0.010519484058022499, 0.02756725251674652, -0.9995645880699158, 1.562042236328125], [-0.3184871971607208, 0.947468638420105, 0.029482262209057808, -0.1561279296875], [0.0, 0.0, 0.0, 1.0]], [[0.00922180712223053, 0.9997581839561462, 0.0199641864746809, -0.028839111328125], [-0.008404945023357868, 0.020041825249791145, -0.9997637867927551, 1.568063735961914