[{"images": ["samples/CAM_FRONT_LEFT/n015-2018-11-21-19-38-26+0800__CAM_FRONT_LEFT__1542800407904844.jpg", "samples/CAM_FRONT/n015-2018-11-21-19-38-26+0800__CAM_FRONT__1542800407912460.jpg", "samples/CAM_FRONT_RIGHT/n015-2018-11-21-19-38-26+0800__CAM_FRONT_RIGHT__1542800407920339.jpg", "samples/CAM_BACK_LEFT/n015-2018-11-21-19-38-26+0800__CAM_BACK_LEFT__1542800407947423.jpg", "samples/CAM_BACK/n015-2018-11-21-19-38-26+0800__CAM_BACK__1542800407937525.jpg", "samples/CAM_BACK_RIGHT/n015-2018-11-21-19-38-26+0800__CAM_BACK_RIGHT__1542800407927893.jpg"], "intrinsics": [[[1272.5979470598488, 0.0, 826.6154927353808], [0.0, 1272.5979470598488, 479.75165386361925], [0.0, 0.0, 1.0]], [[1266.417203046554, 0.0, 816.2670197447984], [0.0, 1266.417203046554, 491.50706579294757], [0.0, 0.0, 1.0]], [[1260.8474446004698, 0.0, 807.968244525554], [0.0, 1260.8474446004698, 495.3344268742088], [0.0, 0.0, 1.0]], [[1256.7414812095406, 0.0, 792.1125740759628], [0.0, 1256.7414812095406, 492.7757465151356], [0.0, 0.0, 1.0]], [[809.2209905677063, 0.0, 829.2196003259838], [0.0, 809.2209905677063, 481.77842384512485], [0.0, 0.0, 1.0]], [[1259.5137405846733, 0.0, 807.2529053838625], [0.0, 1259.5137405846733, 501.19579884916527], [0.0, 0.0, 1.0]]], "extrinsics": [[[0.8201244473457336, -0.5721254944801331, 0.008271136321127415, -0.41357421875], [-0.0150988157838583, -0.03608948364853859, -0.9992344975471497, 1.4983139038085938], [0.5719860196113586, 0.81937175989151, -0.038236286491155624, -0.9014892578125], [0.0, 0.0, 0.0, 1.0]], [[0.004949118942022324, -0.9991801381111145, 0.040181614458560944, 0.011474609375], [-0.020485827699303627, -0.040274977684020996, -0.9989786744117737, 1.5093917846679688], [0.9997779130935669, 0.004120934754610062, -0.020668357610702515, -1.14117431640625], [0.0, 0.0, 0.0, 1.0]], [[-0.8333091139793396, -0.5522289276123047, 0.025281818583607674, 0.676025390625], [-0.014940140768885612, -0.023219401016831398, -0.9996187090873718, 1.4972953796386719], [0.552605390548706, -0.8333691358566284, 0.011098559945821762, -1.0087890625], [0.0, 0.0, 0.0, 1.0]], [[0.9477200508117676, 0.3182414174079895, -0.023432958871126175, -1.131591796875], [-0.0066001154482364655, -0.05386904254555702, -0.9985262155532837, 1.5884780883789062], [-0.3190346658229828, 0.946478009223938, -0.048952341079711914, -0.1070556640625], [0.0, 0.0, 0.0, 1.0]], [[0.0026605918537825346, 0.9990334510803223, -0.04387564957141876, 0.0023193359375], [-0.031883902847766876, -0.0437687486410141, -0.998532772064209, 1.5741729736328125], [-0.9994880557060242, 0.004055607132613659, 0.03173663467168808, -0.162384033203125], [0.0, 0.0, 0.0, 1.0]], [[-0.9346601366996765, 0.35537582635879517, -0.010882781818509102, 0.842742919921875], [0.0008493264904245734, -0.028377186506986618, -0.9995969533920288, 1.5517768859863281], [-0.3555414080619812, -0.934292733669281, 0.026221195235848427, -0.1729736328125], [0.0, 0.0, 0.0, 1.0]]], "view": [[0.0, -2.0, 100.0], [-2.0, 0.0, 100.0], [0.0, 0.0, 1.0]], "bev": "bev_8d8d57bc81ac451890f5816c6b522ce9.png", "aux": "aux_8d8d57bc81ac451890f5816c6b522ce9.npz", "visibility": "visibility_8d8d57bc81ac451890f5816c6b522ce9.png", "pose": [[0.9023446440696716, 0.431015282869339, 0.0, 1039.88037109375], [-0.431015282869339, 0.9023446440696716, 0.0, 1638.1688232421875], [0.0, 0.0, 1.0, 0.0], [0.0, 0.0, 0.0, 1.0]], "pose_inverse": [[0.9023446440696716, -0.431015282869339, 0.0, -232.25466918945312], [0.431015282869339, 0.9023446440696716, 0.0, -1926.397216796875], [0.0, 0.0, 1.0, 0.0], [0.0, 0.0, 0.0, 1.0]], "cam_ids": [0, 1, 2, 3, 4, 5], "cam_channels": ["CAM_FRONT_LEFT", "CAM_FRONT", "CAM_FRONT_RIGHT", "CAM_BACK_LEFT", "CAM_BACK", "CAM_BACK_RIGHT"], "token": "8d8d57bc81ac451890f5816c6b522ce9", "scene": "scene-1079"}, {"images": ["samples/CAM_FRONT_LEFT/n015-2018-11-21-19-38-26+0800__CAM_FRONT_LEFT__1542800408404844.jpg", "samples/CAM_FRONT/n015-2018-11-21-19-38-26+0800__CAM_FRONT__1542800408412460.jpg", "samples/CAM_FRONT_RIGHT/n015-2018-11-21-19-38-26+0800__CAM_FRONT_RIGHT__1542800408420339.jpg", "samples/CAM_BACK_LEFT/n015-2018-11-21-19-38-26+0800__CAM_BACK_LEFT__1542800408447423.jpg", "samples/CAM_BACK/n015-2018-11-21-19-38-26+0800__CAM_BACK__1542800408437536.jpg", "samples/CAM_BACK_RIGHT/n015-2018-11-21-19-38-26+0800__CAM_BACK_RIGHT__1542800408427893.jpg"], "intrinsics": [[[1272.5979470598488, 0.0, 826.6154927353808], [0.0, 1272.5979470598488, 479.75165386361925], [0.0, 0.0, 1.0]], [[1266.417203046554, 0.0, 816.2670197447984], [0.0, 1266.417203046554, 491.50706579294757], [0.0, 0.0, 1.0]], [[1260.8474446004698, 0.0, 807.968244525554], [0.0, 1260.8474446004698, 495.3344268742088], [0.0, 0.0, 1.0]], [[1256.7414812095406, 0.0, 792.1125740759628], [0.0, 1256.7414812095406, 492.7757465151356], [0.0, 0.0, 1.0]], [[809.2209905677063, 0.0, 829.2196003259838], [0.0, 809.2209905677063, 481.77842384512485], [0.0, 0.0, 1.0]], [[1259.5137405846733, 0.0, 807.2529053838625], [0.0, 1259.5137405846733, 501.19579884916527], [0.0, 0.0, 1.0]]], "extrinsics": [[[0.8200603723526001, -0.57220059633255, 0.009351590648293495, -0.41845703125], [-0.011211395263671875, -0.032401420176029205, -0.9994120597839355, 1.5009689331054688], [0.572167158126831, 0.819473385810852, -0.03298628702759743, -0.90478515625], [0.0, 0.0, 0.0, 1.0]], [[0.0047857980243861675, -0.9993195533752441, 0.036570850759744644, 0.011474609375], [-0.016185307875275612, -0.03664389252662659, -0.9991973042488098, 1.5118331909179688], [0.9998575448989868, 0.004190024919807911, -0.016349663957953453, -1.146331787109375], [0.0, 0.0, 0.0, 1.0]], [[-0.8333899974822998, -0.5523460507392883, 0.019363421946763992, 0.6796875], [-0.010209393687546253, -0.01964397355914116, -0.9997549057006836, 1.499359130859375], [0.55259108543396, -0.8333834409713745, 0.010731971822679043, -1.0113525390625], [0.0, 0.0, 0.0, 1.0]], [[0.9477503895759583, 0.3185558617115021, -0.01706898957490921, -1.1329345703125], [-0.0008896398940123618, -0.05086621642112732, -0.9987050890922546, 1.5885696411132812], [-0.3190116286277771, 0.9465383887290955, -0.04792507365345955, -0.1072998046875], [0.0, 0.0, 0.0, 1.0]], [[0.0027343740221112967, 0.9991735816001892, -0.04055435210466385, 0.001953125], [-0.026444226503372192, -0.04046807438135147, -0.9988307952880859, 1.5751419067382812], [-0.9996465444564819, 0.0038035332690924406, 0.026311717927455902, -0.1595001220703125], [0.0, 0.0, 0.0, 1.0]], [[-0.9346250295639038, 0.35534191131591797, -0.014424683526158333, 0.846405029296875], [0.0059794168919324875, -0.024853404611349106, -0.9996732473373413, 1.5533561706542969], [-0.3555843234062195, -0.9344059824943542, 0.021103881299495697, -0.1715087890625], [0.0, 0.0, 0.0, 1.0]]], "view": [[0.0, -2.0, 100.0], [-2.0, 0.0, 100.0], [0.0, 0.0, 1.0]], "bev": "bev_26d9e60ef91d4290baafd93b814dcaf4.png", "aux": "aux_26d9e60ef91d4290baafd93b814dcaf4.npz", "visibility": "visibility_26d9e60ef91d4290baafd93b814dcaf4.png", "pose": [[0.9065025448799133, 0.42220035195350647, 0.0, 1046.74560546875], [-0.42220035195350647, 0.9065025448799133, 0.0, 1634.86865234375], [0.0, 0.0, 1.0, 0.0], [0.0, 0.0, 0.0, 1.0]], "pose_inverse": [[0.9065025448799133, -0.42220035195350647, 0.0, -258.63543701171875], [0.42220035195350647, 0.9065025448799133, 0.0, -1923.948974609375], [0.0, 0.0, 1.0, 0.0], [0.0, 0.0, 0.0, 1.0]], "cam_ids": [0, 1, 2, 3, 4, 5], "cam_channels": ["CAM_FRONT_LEFT", "CAM_FRONT", "CAM_FRONT_RIGHT", "CAM_BACK_LEFT", "CAM_BACK", "CAM_BACK_RIGHT"], "token": "26d9e60ef91d4290baafd93b814dcaf4", "scene": "scene-1079"}, {"images": ["samples/CAM_FRONT_LEFT/n015-2018-11-21-19-38-26+0800__CAM_FRONT_LEFT__1542800408904844.jpg", "samples/CAM_FRONT/n015-2018-11-21-19-38-26+0800__CAM_FRONT__1542800408912460.jpg", "samples/CAM_FRONT_RIGHT/n015-2018-11-21-19-38-26+0800__CAM_FRONT_RIGHT__1542800408920339.jpg", "samples/CAM_BACK_LEFT/n015-2018-11-21-19-38-26+0800__CAM_BACK_LEFT__1542800408947423.jpg", "samples/CAM_BACK/n015-2018-11-21-19-38-26+0800__CAM_BACK__1542800408937525.jpg", "samples/CAM_BACK_RIGHT/n015-2018-11-21-19-38-26+0800__CAM_BACK_RIGHT__1542800408927893.jpg"], "intrinsics": [[[1272.5979470598488, 0.0, 826.6154927353808], [0.0, 1272.5979470598488, 479.75165386361925], [0.0, 0.0, 1.0]], [[1266.417203046554, 0.0, 816.2670197447984], [0.0, 1266.417203046554, 491.50706579294757], [0.0, 0.0, 1.0]], [[1260.8474446004698, 0.0, 807.968244525554], [0.0, 1260.8474446004698, 495.3344268742088], [0.0, 0.0, 1.0]], [[1256.7414812095406, 0.0, 792.1125740759628], [0.0, 1256.7414812095406, 492.7757465151356], [0.0, 0.0, 1.0]], [[809.2209905677063, 0.0, 829.2196003259838], [0.0, 809.2209905677063, 481.77842384512485], [0.0, 0.0, 1.0]], [[1259.5137405846733, 0.0, 807.2529053838625], [0.0, 1259.5137405846733, 501.19579884916527], [0.0, 0.0, 1.0]]], "extrinsics": [[[0.8195544481277466, -0.5729982256889343, 0.001851928886026144, -0.41241455078125], [-0.018741106614470482, -0.030035212635993958, -0.9993731379508972, 1.4957199096679688], [0.5726946592330933, 0.8190059661865234, -0.035354115068912506, -0.8970947265625], [0.0, 0.0, 0.0, 1.0]], [[0.004271240439265966, -0.9994127154350281, 0.03399607911705971, 0.0096435546875], [-0.0240138228982687, -0.034089095890522, -0.9991302490234375, 1.5073089599609375], [0.9997023940086365, 0.0034511371050029993, -0.024145325645804405, -1.13909912109375], [0.0, 0.0, 0.0, 1.0]], [[-0.8335655331611633, -0.5518715381622314, 0.024621201679110527, 0.6744384765625], [-0.01833908073604107, -0.016900163143873215, -0.9996889233589172, 1.4957771301269531], [0.5521159172058105, -0.8337578773498535, 0.003966577351093292, -1.0096435546875], [0.0, 0.0, 0.0, 1.0]], [[0.9478163719177246, 0.31788891553878784, -0.024304518476128578, -1.1339111328125], [-0.009746118448674679, -0.04730777442455292, -0.9988327622413635, 1.5884246826171875], [-0.3186677098274231, 0.9469469785690308, -0.04174090549349785, -0.105224609375], [0.0, 0.0, 0.0, 1.0]], [[0.002883294830098748, 0.9992964863777161, -0.03739068657159805, 0.0029296875], [-0.03512219712138176, -0.037266578525304794, -0.9986879825592041, 1.5736618041992188], [-0.9993788599967957, 0.004192723426967859, 0.03499004244804382, -0.160614013671875], [0.0, 0.0, 0.0, 1.0]], [[-0.9345272779464722, 0.3558485805988312, -0.005517945159226656, 0.84344482421875], [-0.0024566659703850746, -0.021954340860247612, -0.9997559785842896, 1.5507125854492188], [-0.3558829426765442, -0.9342857003211975, 0.021391132846474648, -0.173828125], [0.0, 0.0, 0.0, 1.0]]], "view": [[0.0, -2.0, 100.0], [-2.0, 0.0, 100.0], [0.0, 0.0, 1.0]], "bev": "bev_38e1efffd01f4d3a873773903d6ed9bb.png", "aux": "aux_38e1efffd01f4d3a873773903d6ed9bb.npz", "visibility": "visibility_38e1efffd01f4d3a873773903d6ed9bb.png", "pose": [[0.9118292331695557, 0.41056960821151733, 0.0, 1053.7294921875], [-0.41056960821151733, 0.9118292331695557, 0.0, 1631.6236572265625], [0.0, 0.0, 1.0, 0.0], [0.0, 0.0, 0.0, 1.0]], "pose_inverse": [[0.9118292331695557, -0.41056960821151733, 0.0, -290.92626953125], [0.41056960821151733, 0.9118292331695557, 0.0, -1920.3914794921875], [0.0, 0.0, 1.0, 0.0], [0.0, 0.0, 0.0, 1.0]], "cam_ids": [0, 1, 2, 3, 4, 5], "cam_channels": ["CAM_FRONT_LEFT", "CAM_FRONT", "CAM_FRONT_RIGHT", "CAM_BACK_LEFT", "CAM_BACK", "CAM_BACK_RIGHT"], "token": "38e1efffd01f4d3a873773903d6ed9bb", "scene": "scene-1079"}, {"images": ["samples/CAM_FRONT_LEFT/n015-2018-11-21-19-38-26+0800__CAM_FRONT_LEFT__1542800409404844.jpg", "samples/CAM_FRONT/n015-2018-11-21-19-38-26+0800__CAM_FRONT__1542800409412460.jpg", "samples/CAM_FRONT_RIGHT/n015-2018-11-21-19-38-26+0800__CAM_FRONT_RIGHT__1542800409420339.jpg", "samples/CAM_BACK_LEFT/n015-2018-11-21-19-38-26+0800__CAM_BACK_LEFT__1542800409447423.jpg", "samples/CAM_BACK/n015-2018-11-21-19-38-26+0800__CAM_BACK__1542800409437525.jpg", "samples/CAM_BACK_RIGHT/n015-2018-11-21-19-38-26+0800__CAM_BACK_RIGHT__1542800409427893.jpg"], "intrinsics": [[[1272.5979470598488, 0.0, 826.6154927353808], [0.0, 1272.5979470598488, 479.75165386361925], [0.0, 0.0, 1.0]], [[1266.417203046554, 0.0, 816.2670197447984], [0.0, 1266.417203046554, 491.50706579294757], [0.0, 0.0, 1.0]], [[1260.8474446004698, 0.0, 807.968244525554], [0.0, 1260.8474446004698, 495.3344268742088], [0.0, 0.0, 1.0]], [[1256.7414812095406, 0.0, 792.1125740759628], [0.0, 1256.7414812095406, 492.7757465151356], [0.0, 0.0, 1.0]], [[809.2209905677063, 0.0, 829.2196003259838], [0.0, 809.2209905677063, 481.77842384512485], [0.0, 0.0, 1.0]], [[1259.5137405846733, 0.0, 807.2529053838625], [0.0, 1259.5137405846733, 501.19579884916527], [0.0, 0.0, 1.0]]], "extrinsics": [[[0.8202068209648132, -0.5720670223236084, 0.0003796515811700374, -0.42535400390625], [-0.016519905999302864, -0.024348944425582886, -0.9995669722557068, 1.497650146484375], [0.5718285441398621, 0.81984543800354, -0.02942166104912758, -0.913330078125], [0.0, 0.0, 0.0, 1.0]], [[0.005124423187226057, -0.9995875954627991, 0.028256265446543694, 0.013916015625], [-0.021861296147108078, -0.028361868113279343, -0.9993586540222168, 1.5089683532714844], [0.9997479319572449, 0.004503403324633837, -0.021997613832354546, -1.155426025390625], [0.0, 0.0, 0.0, 1.0]], [[-0.8332129120826721, -0.5526012182235718, 0.019705049693584442, 0.6871337890625], [-0.01627200096845627, -0.011116842739284039, -0.999805748462677, 1.4969062805175781], [0.5527128577232361, -0.8333716988563538, 0.00027077028062194586, -1.0140380859375], [0.0, 0.0, 0.0, 1.0]], [[0.9475674629211426, 0.31889137625694275, -0.020598426461219788, -1.138671875], [-0.007825852371752262, -0.04128275066614151, -0.999116837978363, 1.5885696411132812], [-0.31946006417274475, 0.946891725063324, -0.03662259504199028, -0.1060791015625], [0.0, 0.0, 0.0, 1.0]], [[0.002426948631182313, 0.9995037913322449, -0.031404949724674225, 0.0010986328125], [-0.03315995633602142, -0.03130733221769333, -0.9989596009254456, 1.5742568969726562], [-0.9994471073150635, 0.00346581288613379, 0.03306752070784569, -0.154022216796875], [0.0, 0.0, 0.0, 1.0]], [[-0.9347110390663147, 0.35536906123161316, -0.005303466226905584, 0.851959228515625], [-0.00043946196092292666, -0.016077794134616852, -0.9998706579208374, 1.5513725280761719], [-0.3554084002971649, -0.9345878958702087, 0.01518426463007927, -0.16796875], [0.0, 0.0, 0.0, 1.0]]], "view": [[0.0, -2.0, 100.0], [-2.0, 0.0, 100.0], [0.0, 0.0, 1.0]], "bev": "bev_951d2eb2b7e74a4ea030fb8ff61102bf.png", "aux": "aux_951d2eb2b7e74a4ea030fb8ff61102bf.npz", "visibility": "visibility_951d2eb2b7e74a4ea030fb8ff61102bf.png", "pose": [[0.9177024960517883, 0.3972683846950531, 0.0, 1060.73681640625], [-0.3972683846950531, 0.9177024960517883, 0.0, 1628.469970703125], [0.0, 0.0, 1.0, 0.0], [0.0, 0.0, 0.0, 1.0]], "pose_inverse": [[0.9177024960517883, -0.3972683846950531, 0.0, -326.5011901855469], [0.3972683846950531, 0.9177024960517883, 0.0, -1915.84814453125], [0.0, 0.0, 1.0, 0.0], [0.0, 0.0, 0.0, 1.0]], "cam_ids": [0, 1, 2, 3, 4, 5], "cam_channels": ["CAM_FRONT_LEFT", "CAM_FRONT", "CAM_FRONT_RIGHT", "CAM_BACK_LEFT", "CAM_BACK", "CAM_BACK_RIGHT"], "token": "951d2eb2b7e74a4ea030fb8ff61102bf", "scene": "scene-1079"}, {"images": ["samples/CAM_FRONT_LEFT/n015-2018-11-21-19-38-26+0800__CAM_FRONT_LEFT__1542800409904844.jpg", "samples/CAM_FRONT/n015-2018-11-21-19-38-26+0800__CAM_FRONT__1542800409912460.jpg", "samples/CAM_FRONT_RIGHT/n015-2018-11-21-19-38-26+0800__CAM_FRONT_RIGHT__1542800409920339.jpg", "samples/CAM_BACK_LEFT/n015-2018-11-21-19-38-26+0800__CAM_BACK_LEFT__1542800409947423.jpg", "samples/CAM_BACK/n015-2018-11-21-19-38-26+0800__CAM_BACK__1542800409937525.jpg", "samples/CAM_BACK_RIGHT/n015-2018-11-21-19-38-26+0800__CAM_BACK_RIGHT__1542800409927893.jpg"], "intrinsics": [[[1272.5979470598488, 0.0, 826.6154927353808], [0.0, 1272.5979470598488, 479.75165386361925], [0.0, 0.0, 1.0]], [[1266.417203046554, 0.0, 816.2670197447984], [0.0, 1266.417203046554, 491.50706579294757], [0.0, 0.0, 1.0]], [[1260.8474446004698, 0.0, 807.968244525554], [0.0, 1260.8474446004698, 495.3344268742088], [0.0, 0.0, 1.0]], [[1256.7414812095406, 0.0, 792.1125740759628], [0.0, 1256.7414812095406, 492.7757465151356], [0.0, 0.0, 1.0]], [[809.2209905677063, 0.0, 829.2196003259838], [0.0, 809.2209905677063, 481.77842384512485], [0.0, 0.0, 1.0]], [[1259.5137405846733, 0.0, 807.2529053838625], [0.0, 1259.5137405846733, 501.19579884916527], [0.0, 0.0, 1.0]]], "extrinsics": [[[0.820502519607544, -0.5716401934623718, -0.0017630355432629585, -0.42071533203125], [-0.014867743477225304, -0.01825706474483013, -0.9997227787971497, 1.4985237121582031], [0.5714495778083801, 0.8203011751174927, -0.02347896806895733, -0.906982421875], [0.0, 0.0, 0.0, 1.0]], [[0.0055129011161625385, -0.999739408493042, 0.022152794525027275, 0.01171875], [-0.020146243274211884, -0.022259673103690147, -0.9995492696762085, 1.5096855163574219], [0.9997817873954773, 0.005064062774181366, -0.020263705402612686, -1.149871826171875], [0.0, 0.0, 0.0, 1.0]], [[-0.8330496549606323, -0.5529990792274475, 0.014842602424323559, 0.6832275390625], [-0.014498811215162277, -0.004995714407414198, -0.9998824000358582, 1.4975519180297852], [0.5530081987380981, -0.8331668972969055, -0.0038561495020985603, -1.013427734375], [0.0, 0.0, 0.0, 1.0]], [[0.9476325511932373, 0.318927526473999, -0.0166670810431242, -1.13800048828125], [-0.0056640468537807465, -0.035396553575992584, -0.9993572235107422, 1.5885086059570312], [-0.31931251287460327, 0.9471179842948914, -0.03173650801181793, -0.1044921875], [0.0, 0.0, 0.0, 1.0]], [[0.002353754360228777, 0.9996727108955383, -0.025475814938545227, 0.00244140625], [-0.031171828508377075, -0.025390155613422394, -0.9991915225982666, 1.5745048522949219], [-0.9995113015174866, 0.003145982977002859, 0.031101861968636513, -0.154541015625], [0.0, 0.0, 0.0, 1.0]], [[-0.9347984194755554, 0.3551451563835144, -0.004867862910032272, 0.850677490234375], [0.001413340331055224, -0.009985852055251598, -0.9999491572380066, 1.5518989562988281], [-0.3551756739616394, -0.9347578883171082, 0.00883281696587801, -0.170166015625], [0.0, 0.0, 0.0, 1.0]]], "view": [[0.0, -2.0, 100.0], [-2.0, 0.0, 100.0], [0.0, 0.0, 1.0]], "bev": "bev_43807c27bbbf484ab961f12fd37df481.png", "aux": "aux_43807c27bbbf484ab961f12fd37df481.npz", "visibility": "visibility_43807c27bbbf484ab961f12fd37df481.png", "pose": [[0.9249972701072693, 0.37997376918792725, 0.0, 1067.888916015625], [-0.37997376918792725, 0.9249972701072693, 0.0, 1625.4122314453125], [0.0, 0.0, 1.0, 0.0], [0.0, 0.0, 0.0, 1.0]], "pose_inverse": [[0.9249972701072693, -0.37997376918792725, 0.0, -370.1802978515625], [0.37997376918792725, 0.9249972701072693, 0.0, -1909.2716064453125], [0.0, 0.0, 1.0, 0.0], [0.0, 0.0, 0.0, 1.0]], "cam_ids": [0, 1, 2, 3, 4, 5], "cam_channels": ["CAM_FRONT_LEFT", "CAM_FRONT", "CAM_FRONT_RIGHT", "CAM_BACK_LEFT", "CAM_BACK", "CAM_BACK_RIGHT"], "token": "43807c27bbbf484ab961f12fd37df481", "scene": "scene-1079"}, {"images": ["samples/CAM_FRONT_LEFT/n015-2018-11-21-19-38-26+0800__CAM_FRONT_LEFT__1542800410404844.jpg", "samples/CAM_FRONT/n015-2018-11-21-19-38-26+0800__CAM_FRONT__1542800410412460.jpg", "samples/CAM_FRONT_RIGHT/n015-2018-11-21-19-38-26+0800__CAM_FRONT_RIGHT__1542800410420339.jpg", "samples/CAM_BACK_LEFT/n015-2018-11-21-19-38-26+0800__CAM_BACK_LEFT__1542800410447423.jpg", "samples/CAM_BACK/n015-2018-11-21-19-38-26+0800__CAM_BACK__1542800410437525.jpg", "samples/CAM_BACK_RIGHT/n015-2018-11-21-19-38-26+0800__CAM_BACK_RIGHT__1542800410427893.jpg"], "intrinsics": [[[1272.5979470598488, 0.0, 826.6154927353808], [0.0, 1272.5979470598488, 479.75165386361925], [0.0, 0.0, 1.0]], [[1266.417203046554, 0.0, 816.2670197447984], [0.0, 1266.417203046554, 491.50706579294757], [0.0, 0.0, 1.0]], [[1260.8474446004698, 0.0, 807.968244525554], [0.0, 1260.8474446004698, 495.3344268742088], [0.0, 0.0, 1.0]], [[1256.7414812095406, 0.0, 792.1125740759628], [0.0, 1256.7414812095406, 492.7757465151356], [0.0, 0.0, 1.0]], [[809.2209905677063, 0.0, 829.2196003259838], [0.0, 809.2209905677063, 481.77842384512485], [0.0, 0.0, 1.0]], [[1259.5137405846733, 0.0, 807.2529053838625], [0.0, 1259.5137405846733, 501.19579884916527], [0.0, 0.0, 1.0]]], "extrinsics": [[[0.820034921169281, -0.5722253322601318, -0.01003805547952652, -0.412109375], [-0.018143031746149063, -0.008461486548185349, -0.9997996091842651, 1.4960689544677734], [0.572025716304779, 0.8200527429580688, -0.01732061617076397, -0.8978271484375], [0.0, 0.0, 0.0, 1.0]], [[0.004942737054079771, -0.9999130964279175, 0.012219066731631756, 0.0098876953125], [-0.023618074133992195, -0.012332538142800331, -0.9996449947357178, 1.5074806213378906], [0.9997087717056274, 0.004652378614991903, -0.023676980286836624, -1.138702392578125], [0.0, 0.0, 0.0, 1.0]], [[-0.8332692384719849, -0.552729606628418, 0.01233800407499075, 0.673828125], [-0.018163908272981644, 0.005065079312771559, -0.999822199344635, 1.4958040714263916], [0.5525688529014587, -0.8333451747894287, -0.014260306023061275, -1.0089111328125], [0.0, 0.0, 0.0, 1.0]], [[0.9474507570266724, 0.3194282650947571, -0.01739482395350933, -1.131591796875], [-0.010030282661318779, -0.02468613162636757, -0.999644935131073, 1.5884437561035156], [-0.3197442591190338, 0.9472888112068176, -0.020184939727187157, -0.1075439453125], [0.0, 0.0, 0.0, 1.0]], [[0.0023603274021297693, 0.9998853802680969, -0.01495584100484848, 0.0025634765625], [-0.03530772402882576, -0.014863226562738419, -0.9992659687995911, 1.5735626220703125], [-0.9993736743927002, 0.0028866431675851345, 0.035268597304821014, -0.162506103515625], [0.0, 0.0, 0.0, 1.0]], [[-0.9346767663955688, 0.35549071431159973, 0.0023777142632752657, 0.842376708984375], [-0.0024584904313087463, 0.00022451765835285187, -0.9999969601631165, 1.5506759881973267], [-0.35549017786979675, -0.9346798062324524, 0.0006641181535087526, -0.1741943359375], [0.0, 0.0, 0.0, 1.0]]], "view": [[0.0, -2.0, 100.0], [-2.0, 0.0, 100.0], [0.0, 0.0, 1.0]], "bev": "bev_0535a37d752c4a5698c6fde03d404579.png", "aux": "aux_0535a37d752c4a5698c6fde03d404579.npz", "visibility": "visibility_0535a37d752c4a5698c6fde03d404579.png", "pose": [[0.9314609169960022, 0.36384135484695435, 0.0, 1075.1009521484375], [-0.36384135484695435, 0.9314609169960022, 0.0, 1622.467529296875], [0.0, 0.0, 1.0, 0.0], [0.0, 0.0, 0.0, 1.0]], "pose_inverse": [[0.9314609169960022, -0.36384135484695435, 0.0, -411.0937805175781], [0.36384135484695435, 0.9314609169960022, 0.0, -1902.4312744140625], [0.0, 0.0, 1.0, 0.0], [0.0, 0.0, 0.0, 1.0]], "cam_ids": [0, 1, 2, 3, 4, 5], "cam_channels": ["CAM_FRONT_LEFT", "CAM_FRONT", "CAM_FRONT_RIGHT", "CAM_BACK_LEFT", "CAM_BACK", "CAM_BACK_RIGHT"], "token": "0535a37d752c4a5698c6fde03d404579", "scene": "scene-1079"}, {"images": ["samples/CAM_FRONT_LEFT/n015-2018-11-21-19-38-26+0800__CAM_FRONT_LEFT__1542800410904844.jpg", "samples/CAM_FRONT/n015-2018-11-21-19-38-26+0800__CAM_FRONT__1542800410912460.jpg", "samples/CAM_FRONT_RIGHT/n015-2018-11-21-19-38-26+0800__CAM_FRONT_RIGHT__1542800410920339.jpg", "samples/CAM_BACK_LEFT/n015-2018-11-21-19-38-26+0800__CAM_BACK_LEFT__1542800410947423.jpg", "samples/CAM_BACK/n015-2018-11-21-19-38-26+0800__CAM_BACK__1542800410937525.jpg", "samples/CAM_BACK_RIGHT/n015-2018-11-21-19-38-26+0800__CAM_BACK_RIGHT__1542800410927893.jpg"], "intrinsics": [[[1272.5979470598488, 0.0, 826.6154927353808], [0.0, 1272.5979470598488, 479.75165386361925], [0.0, 0.0, 1.0]], [[1266.417203046554, 0.0, 816.2670197447984], [0.0, 1266.417203046554, 491.50706579294757], [0.0, 0.0, 1.0]], [[1260.8474446004698, 0.0, 807.968244525554], [0.0, 1260.8474446004698, 495.3344268742088], [0.0, 0.0, 1.0]], [[1256.7414812095406, 0.0, 792.1125740759628], [0.0, 1256.7414812095406, 492.7757465151356], [0.0, 0.0, 1.0]], [[809.2209905677063, 0.0, 829.2196003259838], [0.0, 809.2209905677063, 481.77842384512485], [0.0, 0.0, 1.0]], [[1259.5137405846733, 0.0, 807.2529053838625], [0.0, 1259.5137405846733, 501.19579884916527], [0.0, 0.0, 1.0]]], "extrinsics": [[[0.8196825385093689, -0.5728078484535217, -0.003428142284974456, -0.42315673828125], [-0.014641913585364819, -0.014968948438763618, -0.9997807145118713, 1.4987106323242188], [0.5726308822631836, 0.8195530772209167, -0.02065678872168064, -0.9085693359375], [0.0, 0.0, 0.0, 1.0]], [[0.004363545216619968, -0.9998058080673218, 0.019213825464248657, 0.0120849609375], [-0.020000366494059563, -0.01929742470383644, -0.9996137619018555, 1.5098075866699219], [0.9997904896736145, 0.0039776102639734745, -0.02008068934082985, -1.15155029296875], [0.0, 0.0, 0.0, 1.0]], [[-0.8335387110710144, -0.5523002743721008, 0.013331974856555462, 0.68359375], [-0.01441480964422226, -0.0023814060259610415, -0.9998932480812073, 1.4975872039794922], [0.5522730350494385, -0.8336419463157654, -0.005976307671517134, -1.013427734375], [0.0, 0.0, 0.0, 1.0]], [[0.9476215839385986, 0.31897053122520447, -0.016462624073028564, -1.1300048828125], [-0.006028543692082167, -0.033671483397483826, -0.9994147419929504, 1.5884780883789062], [-0.3193381726741791, 0.9471663236618042, -0.02998489886522293, -0.10791015625], [0.0, 0.0, 0.0, 1.0]], [[0.002669514622539282, 0.9997227787971497, -0.02339349500834942, 0.0018310546875], [-0.03132009506225586, -0.023298515006899834, -0.9992378354072571, 1.5743675231933594], [-0.9995058178901672, 0.0034001620952039957, 0.031249215826392174, -0.158477783203125], [0.0, 0.0, 0.0, 1.0]], [[-0.9345704317092896, 0.35575515031814575, -0.004034511279314756, 0.849212646484375], [0.0013972618617117405, -0.007669743616133928, -0.9999696016311646, 1.5518989562988281], [-0.355775386095047, -0.9345477223396301, 0.006670831702649593, -0.169921875], [0.0, 0.0, 0.0, 1.0]]], "view": [[0.0, -2.0, 100.0], [-2.0, 0.0, 100.0], [0.0, 0.0, 1.0]], "bev": "bev_e334b80c03fc41edbe698e058de1a085.png", "aux": "aux_e334b80c03fc41edbe698e058de1a085.npz", "visibility": "visibility_e334b80c03fc41edbe698e058de1a085.png", "pose": [[0.9383235573768616, 0.34575849771499634, 0.0, 1082.2967529296875], [-0.34575849771499634, 0.9383235573768616, 0.0, 1619.6580810546875], [0.0, 0.0, 1.0, 0.0], [0.0, 0.0, 0.0, 1.0]], "pose_inverse": [[0.9383235573768616, -0.34575849771499634, 0.0, -455.5339660644531], [0.34575849771499634, 0.9383235573768616, 0.0, -1893.9765625], [0.0, 0.0, 1.0, 0.0], [0.0, 0.0, 0.0, 1.0]], "cam_ids": [0, 1, 2, 3, 4, 5], "cam_channels": ["CAM_FRONT_LEFT", "CAM_FRONT", "CAM_FRONT_RIGHT", "CAM_BACK_LEFT", "CAM_BACK", "CAM_BACK_RIGHT"], "token": "e334b80c03fc41edbe698e058de1a085", "scene": "scene-1079"}, {"images": ["samples/CAM_FRONT_LEFT/n015-2018-11-21-19-38-26+0800__CAM_FRONT_LEFT__1542800411404844.jpg", "samples/CAM_FRONT/n015-2018-11-21-19-38-26+0800__CAM_FRONT__1542800411412460.jpg", "samples/CAM_FRONT_RIGHT/n015-2018-11-21-19-38-26+0800__CAM_FRONT_RIGHT__1542800411420339.jpg", "samples/CAM_BACK_LEFT/n015-2018-11-21-19-38-26+0800__CAM_BACK_LEFT__1542800411447423.jpg", "samples/CAM_BACK/n015-2018-11-21-19-38-26+0800__CAM_BACK__1542800411437525.jpg", "samples/CAM_BACK_RIGHT/n015-2018-11-21-19-38-26+0800__CAM_BACK_RIGHT__1542800411427893.jpg"], "intrinsics": [[[1272.5979470598488, 0.0, 826.6154927353808], [0.0, 1272.5979470598488, 479.75165386361925], [0.0, 0.0, 1.0]], [[1266.417203046554, 0.0, 816.2670197447984], [0.0, 1266.417203046554, 491.50706579294757], [0.0, 0.0, 1.0]], [[1260.8474446004698, 0.0, 807.968244525554], [0.0, 1260.8474446004698, 495.3344268742088], [0.0, 0.0, 1.0]], [[1256.7414812095406, 0.0, 792.1125740759628], [0.0, 1256.7414812095406, 492.7757465151356], [0.0, 0.0, 1.0]], [[809.2209905677063, 0.0, 829.2196003259838], [0.0, 809.2209905677063, 481.77842384512485], [0.0, 0.0, 1.0]], [[1259.5137405846733, 0.0, 807.2529053838625], [0.0, 1259.5137405846733, 501.19579884916527], [0.0, 0.0, 1.0]]], "extrinsics": [[[0.8191421031951904, -0.5735589265823364, -0.006030931603163481, -0.43353271484375], [-0.019733574241399765, -0.017671745270490646, -0.9996490478515625, 1.4955902099609375], [0.5732510089874268, 0.8189736604690552, -0.02579403668642044, -0.9140625], [0.0, 0.0, 0.0, 1.0]], [[0.003733075922355056, -0.9997543096542358, 0.021847818046808243, 0.0108642578125], [-0.024712149053812027, -0.021933531388640404, -0.9994539618492126, 1.5074920654296875], [0.999687671661377, 0.0031911800615489483, -0.024787956848740578, -1.161376953125], [0.0, 0.0, 0.0, 1.0]], [[-0.833784818649292, -0.5517846345901489, 0.01834947057068348, 0.6898193359375], [-0.01872294768691063, -0.004956863354891539, -0.9998123645782471, 1.4959297180175781], [0.5517720580101013, -0.8339719176292419, -0.006198074668645859, -1.018310546875], [0.0, 0.0, 0.0, 1.0]], [[0.9478102922439575, 0.3182201385498047, -0.019789382815361023, -1.1383056640625], [-0.008840403519570827, -0.03581447899341583, -0.999319314956665, 1.5885086059570312], [-0.3187122642993927, 0.9473401308059692, -0.031132137402892113, -0.104736328125], [0.0, 0.0, 0.0, 1.0]], [[0.0029984870925545692, 0.9996629357337952, -0.025791509076952934, 0.0023193359375], [-0.03471963852643967, -0.025672001764178276, -0.9990673065185547, 1.5740280151367188], [-0.999392569065094, 0.003891168162226677, 0.034630950540304184, -0.15240478515625], [0.0, 0.0, 0.0, 1.0]], [[-0.9344297647476196, 0.3561452329158783, -0.0012677928898483515, 0.85552978515625], [-0.0025265023577958345, -0.010188438929617405, -0.9999449253082275, 1.5507144927978516], [-0.35613855719566345, -0.9343751668930054, 0.010420181788504124, -0.168212890625], [0.0, 0.0, 0.0, 1.0]]], "view": [[0.0, -2.0, 100.0], [-2.0, 0.0, 100.0], [0.0, 0.0, 1.0]], "bev": "bev_1708abdf38c442df8bb65c8f276d4b24.png", "aux": "aux_1708abdf38c442df8bb65c8f276d4b24.npz", "visibility": "visibility_1708abdf38c442df8bb65c8f276d4b24.png", "pose": [[0.9456601142883301, 0.3251568675041199, 0.0, 1089.377685546875], [-0.3251568675041199, 0.9456601142883301, 0.0, 1617.0628662109375], [0.0, 0.0, 1.0, 0.0], [0.0, 0.0, 0.0, 1.0]], "pose_inverse": [[0.9456601142883301, -0.3251568675041199, 0.0, -504.38189697265625], [0.3251568675041199, 0.9456601142883301, 0.0, -1883.410400390625], [0.0, 0.0, 1.0, 0.0], [0.0, 0.0, 0.0, 1.0]], "cam_ids": [0, 1, 2, 3, 4, 5], "cam_channels": ["CAM_FRONT_LEFT", "CAM_FRONT", "CAM_FRONT_RIGHT", "CAM_BACK_LEFT", "CAM_BACK", "CAM_BACK_RIGHT"], "token": "1708abdf38c442df8bb65c8f276d4b24", "scene": "scene-1079"}, {"images": ["samples/CAM_FRONT_LEFT/n015-2018-11-21-19-38-26+0800__CAM_FRONT_LEFT__1542800411904852.jpg", "samples/CAM_FRONT/n015-2018-11-21-19-38-26+0800__CAM_FRONT__1542800411912460.jpg", "samples/CAM_FRONT_RIGHT/n015-2018-11-21-19-38-26+0800__CAM_FRONT_RIGHT__1542800411920339.jpg", "samples/CAM_BACK_LEFT/n015-2018-11-21-19-38-26+0800__CAM_BACK_LEFT__1542800411947423.jpg", "samples/CAM_BACK/n015-2018-11-21-19-38-26+0800__CAM_BACK__1542800411937525.jpg", "samples/CAM_BACK_RIGHT/n015-2018-11-21-19-38-26+0800__CAM_BACK_RIGHT__1542800411927893.jpg"], "intrinsics": [[[1272.5979470598488, 0.0, 826.6154927353808], [0.0, 1272.5979470598488, 479.75165386361925], [0.0, 0.0, 1.0]], [[1266.417203046554, 0.0, 816.2670197447984], [0.0, 1266.417203046554, 491.50706579294757], [0.0, 0.0, 1.0]], [[1260.8474446004698, 0.0, 807.968244525554], [0.0, 1260.8474446004698, 495.3344268742088], [0.0, 0.0, 1.0]], [[1256.7414812095406, 0.0, 792.1125740759628], [0.0, 1256.7414812095406, 492.7757465151356], [0.0, 0.0, 1.0]], [[809.2209905677063, 0.0, 829.2196003259838], [0.0, 809.2209905677063, 481.77842384512485], [0.0, 0.0, 1.0]], [[1259.5137405846733, 0.0, 807.2529053838625], [0.0, 1259.5137405846733, 501.19579884916527], [0.0, 0.0, 1.0]]], "extrinsics": [[[0.8201478123664856, -0.5721491575241089, 0.0016567065613344312, -0.4569091796875], [-0.012968690134584904, -0.021484656259417534, -0.9996850490570068, 1.5003623962402344], [0.5720046162605286, 0.8198681473731995, -0.02504062093794346, -0.9317626953125], [0.0, 0.0, 0.0, 1.0]], [[0.005285145714879036, -0.9996640682220459, 0.02537359856069088, 0.0115966796875], [-0.017889883369207382, -0.025464415550231934, -0.9995157122612, 1.5116233825683594], [0.9998258948326111, 0.004828635137528181, -0.018018454313278198, -1.18853759765625], [0.0, 0.0, 0.0, 1.0]], [[-0.8331072330474854, -0.5529234409332275, 0.014416414313018322, 0.7095947265625], [-0.011876245029270649, -0.008176046423614025, -0.9998959898948669, 1.4990482330322266], [0.552983820438385, -0.8331919312477112, 0.0002448710729368031, -1.0308837890625], [0.0, 0.0, 0.0, 1.0]], [[0.9476760029792786, 0.3189200758934021, -0.014149973168969154, -1.144775390625], [-0.001982651185244322, -0.03844403475522995, -0.9992587566375732, 1.5885543823242188], [-0.3192276656627655, 0.947001576423645, -0.035800185054540634, -0.1029052734375], [0.0, 0.0, 0.0, 1.0]], [[0.0024266347754746675, 0.9995893239974976, -0.028552960604429245, 0.002197265625], [-0.02774341031908989, -0.028474755585193634, -0.9992094039916992, 1.5754928588867188], [-0.9996120929718018, 0.003216925309970975, 0.027662917971611023, -0.13824462890625], [0.0, 0.0, 0.0, 1.0]], [[-0.9347732663154602, 0.355136513710022, -0.008776884526014328, 0.8738250732421875], [0.004399918019771576, -0.01313049253076315, -0.9999040961265564, 1.5527095794677734], [-0.3552177846431732, -0.9347223043441772, 0.010711461305618286, -0.161376953125], [0.0, 0.0, 0.0, 1.0]]], "view": [[0.0, -2.0, 100.0], [-2.0, 0.0, 100.0], [0.0, 0.0, 1.0]], "bev": "bev_94c2edfc128548beb4231a6bf28ac95a.png", "aux": "aux_94c2edfc128548beb4231a6bf28ac95a.npz", "visibility": "visibility_94c2edfc128548beb4231a6bf28ac95a.png", "pose": [[0.951859176158905, 0.30653566122055054, 0.0, 1096.3206787109375], [-0.30653566122055054, 0.951859176158905, 0.0, 1614.6964111328125], [0.0, 0.0, 1.0, 0.0], [0.0, 0.0, 0.0, 1.0]], "pose_inverse": [[0.951859176158905, -0.30653566122055054, 0.0, -548.5808715820312], [0.30653566122055054, 0.951859176158905, 0.0, -1873.0250244140625], [0.0, 0.0, 1.0, 0.0], [0.0, 0.0, 0.0, 1.0]], "cam_ids": [0, 1, 2, 3, 4, 5], "cam_channels": ["CAM_FRONT_LEFT", "CAM_FRONT", "CAM_FRONT_RIGHT", "CAM_BACK_LEFT", "CAM_BACK", "CAM_BACK_RIGHT"], "token": "94c2edfc128548beb4231a6bf28ac95a", "scene": "scene-1079"}, {"images": ["samples/CAM_FRONT_LEFT/n015-2018-11-21-19-38-26+0800__CAM_FRONT_LEFT__1542800412404844.jpg", "samples/CAM_FRONT/n015-2018-11-21-19-38-26+0800__CAM_FRONT__1542800412412460.jpg", "samples/CAM_FRONT_RIGHT/n015-2018-11-21-19-38-26+0800__CAM_FRONT_RIGHT__1542800412420339.jpg", "samples/CAM_BACK_LEFT/n015-2018-11-21-19-38-26+0800__CAM_BACK_LEFT__1542800412447423.jpg", "samples/CAM_BACK/n015-2018-11-21-19-38-26+0800__CAM_BACK__1542800412437525.jpg", "samples/CAM_BACK_RIGHT/n015-2018-11-21-19-38-26+0800__CAM_BACK_RIGHT__1542800412427893.jpg"], "intrinsics": [[[1272.5979470598488, 0.0, 826.6154927353808], [0.0, 1272.5979470598488, 479.75165386361925], [0.0, 0.0, 1.0]], [[1266.417203046554, 0.0, 816.2670197447984], [0.0, 1266.417203046554, 491.50706579294757], [0.0, 0.0, 1.0]], [[1260.8474446004698, 0.0, 807.968244525554], [0.0, 1260.8474446004698, 495.3344268742088], [0.0, 0.0, 1.0]], [[1256.7414812095406, 0.0, 792.1125740759628], [0.0, 1256.7414812095406, 492.7757465151356], [0.0, 0.0, 1.0]], [[809.2209905677063, 0.0, 829.2196003259838], [0.0, 809.2209905677063, 481.77842384512485], [0.0, 0.0, 1.0]], [[1259.5137405846733, 0.0, 807.2529053838625], [0.0, 1259.5137405846733, 501.19579884916527], [0.0, 0.0, 1.0]]], "extrinsics": [[[0.8196669220924377, -0.5728392004966736, -0.001177112921141088, -0.45318603515625], [-0.020745696499943733, -0.027631055563688278, -0.9994028806686401, 1.4953041076660156], [0.5724645853042603, 0.8192018866539001, -0.03453221172094345, -0.923095703125], [0.0, 0.0, 0.0, 1.0]], [[0.0044888840056955814, -0.9994922876358032, 0.03154205158352852, 0.0074462890625], [-0.02587404102087021, -0.031647901982069016, -0.9991641044616699, 1.50726318359375], [0.9996551871299744, 0.0036690612323582172, -0.026002969592809677, -1.1795654296875], [0.0, 0.0, 0.0, 1.0]], [[-0.8334593176841736, -0.5520293712615967, 0.024680282920598984, 0.70068359375], [-0.020054107531905174, -0.01441675703972578, -0.9996948838233948, 1.49566650390625], [0.5522168278694153, -0.8337000608444214, 0.000945325824432075, -1.02880859375], [0.0, 0.0, 0.0, 1.0]], [[0.9477061033248901, 0.318212628364563, -0.024368470534682274, -1.1361083984375], [-0.010751187801361084, -0.0444796197116375, -0.9989524483680725, 1.5884323120117188], [-0.3189631402492523, 0.9469752907752991, -0.03873244300484657, -0.1044921875], [0.0, 0.0, 0.0, 1.0]], [[0.0027321316301822662, 0.9993932247161865, -0.03472393378615379, 0.0032958984375], [-0.03643360361456871, -0.03460152447223663, -0.9987368583679199, 1.5739593505859375], [-0.9993323683738708, 0.003993825055658817, 0.03631696105003357, -0.14605712890625], [0.0, 0.0, 0.0, 1.0]], [[-0.9345634579658508, 0.35578233003616333, -0.0031618624925613403, 0.8671875], [-0.004004627000540495, -0.019404621794819832, -0.9998036623001099, 1.5502967834472656], [-0.35577380657196045, -0.9343673586845398, 0.019559625536203384, -0.165771484375], [0.0, 0.0, 0.0, 1.0]]], "view": [[0.0, -2.0, 100.0], [-2.0, 0.0, 100.0], [0.0, 0.0, 1.0]], "bev": "bev_6e5e27f0b9a0439f9fe33d402801ad6a.png", "aux": "aux_6e5e27f0b9a0439f9fe33d402801ad6a.npz", "visibility": "visibility_6e5e27f0b9a0439f9fe33d402801ad6a.png", "pose": [[0.9567201733589172, 0.29100948572158813, 0.0, 1103.2264404296875], [-0.29100948572158813, 0.9567201733589172, 0.0, 1612.4896240234375], [0.0, 0.0, 1.0, 0.0], [0.0, 0.0, 0.0, 1.0]], "pose_inverse": [[0.9567201733589172, -0.29100948572158813, 0.0, -586.2291870117188], [0.29100948572158813, 0.9567201733589172, 0.0, -1863.750732421875], [0.0, 0.0, 1.0, 0.0], [0.0, 0.0, 0.0, 1.0]], "cam_ids": [0, 1, 2, 3, 4, 5], "cam_channels": ["CAM_FRONT_LEFT", "CAM_FRONT", "CAM_FRONT_RIGHT", "CAM_BACK_LEFT", "CAM_BACK", "CAM_BACK_RIGHT"], "token": "6e5e27f0b9a0439f9fe33d402801ad6a", "scene": "scene-1079"}, {"images": ["samples/CAM_FRONT_LEFT/n015-2018-11-21-19-38-26+0800__CAM_FRONT_LEFT__1542800412904844.jpg", "samples/CAM_FRONT/n015-2018-11-21-19-38-26+0800__CAM_FRONT__1542800412912460.jpg", "samples/CAM_FRONT_RIGHT/n015-2018-11-21-19-38-26+0800__CAM_FRONT_RIGHT__1542800412920339.jpg", "samples/CAM_BACK_LEFT/n015-2018-11-21-19-38-26+0800__CAM_BACK_LEFT__1542800412947423.jpg", "samples/CAM_BACK/n015-2018-11-21-19-38-26+0800__CAM_BACK__1542800412937525.jpg", "samples/CAM_BACK_RIGHT/n015-2018-11-21-19-38-26+0800__CAM_BACK_RIGHT__1542800412927893.jpg"], "intrinsics": [[[1272.5979470598488, 0.0, 826.6154927353808], [0.0, 1272.5979470598488, 479.75165386361925], [0.0, 0.0, 1.0]], [[1266.417203046554, 0.0, 816.2670197447984], [0.0, 1266.417203046554, 491.50706579294757], [0.0, 0.0, 1.0]], [[1260.8474446004698, 0.0, 807.968244525554], [0.0, 1260.8474446004698, 495.3344268742088], [0.0, 0.0, 1.0]], [[1256.7414812095406, 0.0, 792.1125740759628], [0.0, 1256.7414812095406, 492.7757465151356], [0.0, 0.0, 1.0]], [[809.2209905677063, 0.0, 829.2196003259838], [0.0, 809.2209905677063, 481.77842384512485], [0.0, 0.0, 1.0]], [[1259.5137405846733, 0.0, 807.2529053838625], [0.0, 1259.5137405846733, 501.19579884916527], [0.0, 0.0, 1.0]]], "extrinsics": [[[0.8201755285263062, -0.5721118450164795, 0.0002480267721693963, -0.457763671875], [-0.01840190589427948, -0.026814142242074013, -0.9994710683822632, 1.4970436096191406], [0.5718158483505249, 0.8197371959686279, -0.03252025321125984, -0.9320068359375], [0.0, 0.0, 0.0, 1.0]], [[0.00510234571993351, -0.9995113015174866, 0.030839869752526283, 0.010986328125], [-0.023623662069439888, -0.030952146276831627, -0.9992416501045227, 1.5086593627929688], [0.999707818031311, 0.004369904287159443, -0.0237700454890728, -1.18511962890625], [0.0, 0.0, 0.0, 1.0]], [[-0.8332192897796631, -0.5524815320968628, 0.02257458120584488, 0.70458984375], [-0.017909739166498184, -0.01383947767317295, -0.9997438192367554, 1.4966011047363281], [0.5526524186134338, -0.8334102630615234, 0.00163652200717479, -1.0281982421875], [0.0, 0.0, 0.0, 1.0]], [[0.9476751089096069, 0.31843361258506775, -0.022624308243393898, -1.1337890625], [-0.008870290592312813, -0.04457685723900795, -0.9989665746688843, 1.5884857177734375], [-0.3191130757331848, 0.946896493434906, -0.03941978141665459, -0.10693359375], [0.0, 0.0, 0.0, 1.0]], [[0.00254043354652822, 0.9994025826454163, -0.034470051527023315, 0.00