[{"images": ["samples/CAM_FRONT_LEFT/n015-2018-07-18-11-41-49+0800__CAM_FRONT_LEFT__1531885320004844.jpg", "samples/CAM_FRONT/n015-2018-07-18-11-41-49+0800__CAM_FRONT__1531885320012463.jpg", "samples/CAM_FRONT_RIGHT/n015-2018-07-18-11-41-49+0800__CAM_FRONT_RIGHT__1531885320020339.jpg", "samples/CAM_BACK_LEFT/n015-2018-07-18-11-41-49+0800__CAM_BACK_LEFT__1531885320047423.jpg", "samples/CAM_BACK/n015-2018-07-18-11-41-49+0800__CAM_BACK__1531885320037525.jpg", "samples/CAM_BACK_RIGHT/n015-2018-07-18-11-41-49+0800__CAM_BACK_RIGHT__1531885320027893.jpg"], "intrinsics": [[[1272.5979470598488, 0.0, 826.6154927353808], [0.0, 1272.5979470598488, 479.75165386361925], [0.0, 0.0, 1.0]], [[1266.417203046554, 0.0, 816.2670197447984], [0.0, 1266.417203046554, 491.50706579294757], [0.0, 0.0, 1.0]], [[1260.8474446004698, 0.0, 807.968244525554], [0.0, 1260.8474446004698, 495.3344268742088], [0.0, 0.0, 1.0]], [[1256.7414812095406, 0.0, 792.1125740759628], [0.0, 1256.7414812095406, 492.7757465151356], [0.0, 0.0, 1.0]], [[809.2209905677063, 0.0, 829.2196003259838], [0.0, 809.2209905677063, 481.77842384512485], [0.0, 0.0, 1.0]], [[1259.5137405846733, 0.0, 807.2529053838625], [0.0, 1259.5137405846733, 501.19579884916527], [0.0, 0.0, 1.0]]], "extrinsics": [[[0.818616509437561, -0.5741762518882751, 0.013729185797274113, -0.721435546875], [0.005676690023392439, -0.01581432856619358, -0.9998588562011719, 1.5099296569824219], [0.5743124485015869, 0.8185788989067078, -0.00968644954264164, -1.10870361328125], [0.0, 0.0, 0.0, 1.0]], [[0.0025912318378686905, -0.9997994303703308, 0.01985415443778038, 0.00506591796875], [0.00025674040080048144, -0.019853554666042328, -0.9998028874397278, 1.520589828491211], [0.999996542930603, 0.0025958851911127567, 0.00020524174033198506, -1.4453125], [0.0, 0.0, 0.0, 1.0]], [[-0.8342013359069824, -0.5514495968818665, -0.003383734729140997, 0.86993408203125], [0.0058109816163778305, -0.0026545727159827948, -0.999979555606842, 1.5047717094421387], [0.5514293313026428, -0.8342040181159973, 0.005418913438916206, -1.1416015625], [0.0, 0.0, 0.0, 1.0]], [[0.9476739764213562, 0.31922730803489685, 0.002801394322887063, -1.1318359375], [0.014131280593574047, -0.033180978149175644, -0.9993494153022766, 1.588724136352539], [-0.31892669200897217, 0.9470970630645752, -0.03595583885908127, -0.107421875], [0.0, 0.0, 0.0, 1.0]], [[0.0033020591363310814, 0.9997273683547974, -0.023116279393434525, 0.00311279296875], [-0.011196360923349857, -0.02307799458503723, -0.9996709823608398, 1.578477382659912], [-0.999931812286377, 0.003559836884960532, 0.011117100715637207, -0.0767822265625], [0.0, 0.0, 0.0, 1.0]], [[-0.9340642690658569, 0.3563702404499054, -0.02289782091975212, 1.001953125], [0.02156699448823929, -0.007707885466516018, -0.9997376799583435, 1.5545463562011719], [-0.3564532697200775, -0.9343130588531494, -0.00048617456923238933, -0.115234375], [0.0, 0.0, 0.0, 1.0]]], "view": [[0.0, -2.0, 100.0], [-2.0, 0.0, 100.0], [0.0, 0.0, 1.0]], "bev": "bev_88a090c54cc844cc878f00d08274a683.png", "aux": "aux_88a090c54cc844cc878f00d08274a683.npz", "visibility": "visibility_88a090c54cc844cc878f00d08274a683.png", "pose": [[0.7103788256645203, -0.7038195133209229, 0.0, 1161.3511962890625], [0.7038195133209229, 0.7103788256645203, 0.0, 408.4222412109375], [0.0, 0.0, 1.0, 0.0], [0.0, 0.0, 0.0, 1.0]], "pose_inverse": [[0.7103788256645203, 0.7038195133209229, 0.0, -1112.454833984375], [-0.7038195133209229, 0.7103788256645203, 0.0, 527.2471313476562], [0.0, 0.0, 1.0, 0.0], [0.0, 0.0, 0.0, 1.0]], "cam_ids": [0, 1, 2, 3, 4, 5], "cam_channels": ["CAM_FRONT_LEFT", "CAM_FRONT", "CAM_FRONT_RIGHT", "CAM_BACK_LEFT", "CAM_BACK", "CAM_BACK_RIGHT"], "token": "88a090c54cc844cc878f00d08274a683", "scene": "scene-0012"}, {"images": ["samples/CAM_FRONT_LEFT/n015-2018-07-18-11-41-49+0800__CAM_FRONT_LEFT__1531885320504844.jpg", "samples/CAM_FRONT/n015-2018-07-18-11-41-49+0800__CAM_FRONT__1531885320512478.jpg", "samples/CAM_FRONT_RIGHT/n015-2018-07-18-11-41-49+0800__CAM_FRONT_RIGHT__1531885320520339.jpg", "samples/CAM_BACK_LEFT/n015-2018-07-18-11-41-49+0800__CAM_BACK_LEFT__1531885320547423.jpg", "samples/CAM_BACK/n015-2018-07-18-11-41-49+0800__CAM_BACK__1531885320537525.jpg", "samples/CAM_BACK_RIGHT/n015-2018-07-18-11-41-49+0800__CAM_BACK_RIGHT__1531885320527893.jpg"], "intrinsics": [[[1272.5979470598488, 0.0, 826.6154927353808], [0.0, 1272.5979470598488, 479.75165386361925], [0.0, 0.0, 1.0]], [[1266.417203046554, 0.0, 816.2670197447984], [0.0, 1266.417203046554, 491.50706579294757], [0.0, 0.0, 1.0]], [[1260.8474446004698, 0.0, 807.968244525554], [0.0, 1260.8474446004698, 495.3344268742088], [0.0, 0.0, 1.0]], [[1256.7414812095406, 0.0, 792.1125740759628], [0.0, 1256.7414812095406, 492.7757465151356], [0.0, 0.0, 1.0]], [[809.2209905677063, 0.0, 829.2196003259838], [0.0, 809.2209905677063, 481.77842384512485], [0.0, 0.0, 1.0]], [[1259.5137405846733, 0.0, 807.2529053838625], [0.0, 1259.5137405846733, 501.19579884916527], [0.0, 0.0, 1.0]]], "extrinsics": [[[0.8182806968688965, -0.574670672416687, 0.013047950342297554, -0.71337890625], [0.005237320438027382, -0.015244652517139912, -0.9998700618743896, 1.5098390579223633], [0.5747949481010437, 0.8182427287101746, -0.009464670903980732, -1.101348876953125], [0.0, 0.0, 0.0, 1.0]], [[0.0021670458372682333, -0.9998126029968262, 0.019234787672758102, 0.0040283203125], [3.393605584278703e-05, -0.019234759733080864, -0.9998149871826172, 1.5205135345458984], [0.9999976754188538, 0.0021673443261533976, -7.753244062769227e-06, -1.4371337890625], [0.0, 0.0, 0.0, 1.0]], [[-0.8343816995620728, -0.5511741638183594, -0.0037567666731774807, 0.86492919921875], [0.005816433113068342, -0.001989261480048299, -0.9999810457229614, 1.5048022270202637], [0.551156222820282, -0.8343878388404846, 0.00486567011103034, -1.14013671875], [0.0, 0.0, 0.0, 1.0]], [[0.9476689100265503, 0.3192310929298401, 0.0038849017582833767, -1.1341552734375], [0.014800002798438072, -0.03177318722009659, -0.9993854761123657, 1.588653564453125], [-0.3189114034175873, 0.947144091129303, -0.034835085272789, -0.1055908203125], [0.0, 0.0, 0.0, 1.0]], [[0.0034260691609233618, 0.9997506141662598, -0.02206670306622982, 0.00421142578125], [-0.010810663923621178, -0.022028513252735138, -0.9996989369392395, 1.5784845352172852], [-0.9999356865882874, 0.0036635964643210173, 0.010732496157288551, -0.076416015625], [0.0, 0.0, 0.0, 1.0]], [[-0.9339790344238281, 0.3566008508205414, -0.02277887612581253, 1.000244140625], [0.021727271378040314, -0.006954924203455448, -0.9997397065162659, 1.5546150207519531], [-0.35666659474372864, -0.9342309832572937, -0.001252213609404862, -0.11724853515625], [0.0, 0.0, 0.0, 1.0]]], "view": [[0.0, -2.0, 100.0], [-2.0, 0.0, 100.0], [0.0, 0.0, 1.0]], "bev": "bev_5ee110d014374ae093565bba2e81a3fd.png", "aux": "aux_5ee110d014374ae093565bba2e81a3fd.npz", "visibility": "visibility_5ee110d014374ae093565bba2e81a3fd.png", "pose": [[0.677509605884552, -0.7355139255523682, 0.0, 1163.7496337890625], [0.7355139255523682, 0.677509605884552, 0.0, 410.9149169921875], [0.0, 0.0, 1.0, 0.0], [0.0, 0.0, 0.0, 1.0]], "pose_inverse": [[0.677509605884552, 0.7355139255523682, 0.0, -1090.6851806640625], [-0.7355139255523682, 0.677509605884552, 0.0, 577.5552368164062], [0.0, 0.0, 1.0, 0.0], [0.0, 0.0, 0.0, 1.0]], "cam_ids": [0, 1, 2, 3, 4, 5], "cam_channels": ["CAM_FRONT_LEFT", "CAM_FRONT", "CAM_FRONT_RIGHT", "CAM_BACK_LEFT", "CAM_BACK", "CAM_BACK_RIGHT"], "token": "5ee110d014374ae093565bba2e81a3fd", "scene": "scene-0012"}, {"images": ["samples/CAM_FRONT_LEFT/n015-2018-07-18-11-41-49+0800__CAM_FRONT_LEFT__1531885321005332.jpg", "samples/CAM_FRONT/n015-2018-07-18-11-41-49+0800__CAM_FRONT__1531885321012467.jpg", "samples/CAM_FRONT_RIGHT/n015-2018-07-18-11-41-49+0800__CAM_FRONT_RIGHT__1531885321020339.jpg", "samples/CAM_BACK_LEFT/n015-2018-07-18-11-41-49+0800__CAM_BACK_LEFT__1531885321047423.jpg", "samples/CAM_BACK/n015-2018-07-18-11-41-49+0800__CAM_BACK__1531885321037525.jpg", "samples/CAM_BACK_RIGHT/n015-2018-07-18-11-41-49+0800__CAM_BACK_RIGHT__1531885321027893.jpg"], "intrinsics": [[[1272.5979470598488, 0.0, 826.6154927353808], [0.0, 1272.5979470598488, 479.75165386361925], [0.0, 0.0, 1.0]], [[1266.417203046554, 0.0, 816.2670197447984], [0.0, 1266.417203046554, 491.50706579294757], [0.0, 0.0, 1.0]], [[1260.8474446004698, 0.0, 807.968244525554], [0.0, 1260.8474446004698, 495.3344268742088], [0.0, 0.0, 1.0]], [[1256.7414812095406, 0.0, 792.1125740759628], [0.0, 1256.7414812095406, 492.7757465151356], [0.0, 0.0, 1.0]], [[809.2209905677063, 0.0, 829.2196003259838], [0.0, 809.2209905677063, 481.77842384512485], [0.0, 0.0, 1.0]], [[1259.5137405846733, 0.0, 807.2529053838625], [0.0, 1259.5137405846733, 501.19579884916527], [0.0, 0.0, 1.0]]], "extrinsics": [[[0.8177111744880676, -0.575432300567627, 0.015034550800919533, -0.702392578125], [0.009884308092296124, -0.012078243307769299, -0.9998781681060791, 1.5114364624023438], [0.5755438804626465, 0.817760169506073, -0.004188763443380594, -1.0990066528320312], [0.0, 0.0, 0.0, 1.0]], [[0.0012536330614238977, -0.9998682141304016, 0.01618632674217224, 0.00775146484375], [0.00468483567237854, -0.016180289909243584, -0.9998581409454346, 1.521820068359375], [0.9999882578849792, 0.0013291744980961084, 0.0046639335341751575, -1.42578125], [0.0, 0.0, 0.0, 1.0]], [[-0.834707498550415, -0.5506153702735901, -0.009279577061533928, 0.85931396484375], [0.010499042458832264, 0.000936100201215595, -0.9999444484710693, 1.5058298110961914], [0.5505934953689575, -0.8347585201263428, 0.004999564960598946, -1.1324462890625], [0.0, 0.0, 0.0, 1.0]], [[0.9476402401924133, 0.319208562374115, 0.009158484637737274, -1.13427734375], [0.019619513303041458, -0.0295716542750597, -0.9993700385093689, 1.5887451171875], [-0.31873658299446106, 0.9472230076789856, -0.0342860072851181, -0.107177734375], [0.0, 0.0, 0.0, 1.0]], [[0.0037698885425925255, 0.9998021721839905, -0.019532792270183563, 0.0020751953125], [-0.006017676088958979, -0.019509894773364067, -0.9997916221618652, 1.5788860321044922], [-0.99997478723526, 0.0038867685943841934, 0.005942936055362225, -0.079833984375], [0.0, 0.0, 0.0, 1.0]], [[-0.933695375919342, 0.3571093678474426, -0.02619062177836895, 0.9930419921875], [0.02644314244389534, -0.004176298622041941, -0.9996415972709656, 1.555490493774414], [-0.35709071159362793, -0.9340533018112183, -0.005543702282011509, -0.116912841796875], [0.0, 0.0, 0.0, 1.0]]], "view": [[0.0, -2.0, 100.0], [-2.0, 0.0, 100.0], [0.0, 0.0, 1.0]], "bev": "bev_a6261bd83c5e4e1985012b6c6c51fce0.png", "aux": "aux_a6261bd83c5e4e1985012b6c6c51fce0.npz", "visibility": "visibility_a6261bd83c5e4e1985012b6c6c51fce0.png", "pose": [[0.6332967877388, -0.7739090323448181, 0.0, 1166.13232421875], [0.7739090323448181, 0.6332967877388, 0.0, 413.6468505859375], [0.0, 0.0, 1.0, 0.0], [0.0, 0.0, 0.0, 1.0]], "pose_inverse": [[0.6332967877388, 0.7739090323448181, 0.0, -1058.6329345703125], [-0.7739090323448181, 0.6332967877388, 0.0, 640.5191040039062], [0.0, 0.0, 1.0, 0.0], [0.0, 0.0, 0.0, 1.0]], "cam_ids": [0, 1, 2, 3, 4, 5], "cam_channels": ["CAM_FRONT_LEFT", "CAM_FRONT", "CAM_FRONT_RIGHT", "CAM_BACK_LEFT", "CAM_BACK", "CAM_BACK_RIGHT"], "token": "a6261bd83c5e4e1985012b6c6c51fce0", "scene": "scene-0012"}, {"images": ["samples/CAM_FRONT_LEFT/n015-2018-07-18-11-41-49+0800__CAM_FRONT_LEFT__1531885321404987.jpg", "samples/CAM_FRONT/n015-2018-07-18-11-41-49+0800__CAM_FRONT__1531885321412463.jpg", "samples/CAM_FRONT_RIGHT/n015-2018-07-18-11-41-49+0800__CAM_FRONT_RIGHT__1531885321420339.jpg", "samples/CAM_BACK_LEFT/n015-2018-07-18-11-41-49+0800__CAM_BACK_LEFT__1531885321447423.jpg", "samples/CAM_BACK/n015-2018-07-18-11-41-49+0800__CAM_BACK__1531885321437525.jpg", "samples/CAM_BACK_RIGHT/n015-2018-07-18-11-41-49+0800__CAM_BACK_RIGHT__1531885321427893.jpg"], "intrinsics": [[[1272.5979470598488, 0.0, 826.6154927353808], [0.0, 1272.5979470598488, 479.75165386361925], [0.0, 0.0, 1.0]], [[1266.417203046554, 0.0, 816.2670197447984], [0.0, 1266.417203046554, 491.50706579294757], [0.0, 0.0, 1.0]], [[1260.8474446004698, 0.0, 807.968244525554], [0.0, 1260.8474446004698, 495.3344268742088], [0.0, 0.0, 1.0]], [[1256.7414812095406, 0.0, 792.1125740759628], [0.0, 1256.7414812095406, 492.7757465151356], [0.0, 0.0, 1.0]], [[809.2209905677063, 0.0, 829.2196003259838], [0.0, 809.2209905677063, 481.77842384512485], [0.0, 0.0, 1.0]], [[1259.5137405846733, 0.0, 807.2529053838625], [0.0, 1259.5137405846733, 501.19579884916527], [0.0, 0.0, 1.0]]], "extrinsics": [[[0.81729656457901, -0.5756906270980835, 0.024628613144159317, -0.6962890625], [0.02009161002933979, -0.014244348742067814, -0.999696671962738, 1.5148506164550781], [0.5758668780326843, 0.8175435066223145, -7.530493894591928e-05, -1.0939598083496094], [0.0, 0.0, 0.0, 1.0]], [[0.0007888960535638034, -0.9998336434364319, 0.018215632066130638, 0.00689697265625], [0.015009929426014423, -0.01820174790918827, -0.9997217059135437, 1.5246219635009766], [0.9998869895935059, 0.0010620757238939404, 0.014993073418736458, -1.421875], [0.0, 0.0, 0.0, 1.0]], [[-0.8346944451332092, -0.5504515767097473, -0.01697673089802265, 0.85662841796875], [0.02094906009733677, -0.0009320794488303363, -0.9997800588607788, 1.5080699920654297], [0.550314724445343, -0.8348665237426758, 0.01230944786220789, -1.131591796875], [0.0, 0.0, 0.0, 1.0]], [[0.9475076198577881, 0.31917262077331543, 0.018926851451396942, -1.13592529296875], [0.030407385900616646, -0.03102472983300686, -0.9990559816360474, 1.5887565612792969], [-0.3182840943336487, 0.947188675403595, -0.03910137340426445, -0.10577392578125], [0.0, 0.0, 0.0, 1.0]], [[0.00410218071192503, 0.999769926071167, -0.021055402234196663, 0.00323486328125], [0.004641813691705465, -0.021074388176202774, -0.9997671842575073, 1.5797367095947266], [-0.9999807476997375, 0.004003426991403103, -0.004727196414023638, -0.0797119140625], [0.0, 0.0, 0.0, 1.0]], [[-0.9333035945892334, 0.35721108317375183, -0.03667018935084343, 0.991943359375], [0.037002503871917725, -0.005906505510210991, -0.9992977380752563, 1.557159423828125], [-0.3571767508983612, -0.9340050220489502, -0.007705140393227339, -0.1181640625], [0.0, 0.0, 0.0, 1.0]]], "view": [[0.0, -2.0, 100.0], [-2.0, 0.0, 100.0], [0.0, 0.0, 1.0]], "bev": "bev_684acda1d78c4a959762df565cba29f5.png", "aux": "aux_684acda1d78c4a959762df565cba29f5.npz", "visibility": "visibility_684acda1d78c4a959762df565cba29f5.png", "pose": [[0.594806432723999, -0.8038689494132996, 0.0, 1167.9581298828125], [0.8038689494132996, 0.594806432723999, 0.0, 415.9822082519531], [0.0, 0.0, 1.0, 0.0], [0.0, 0.0, 0.0, 1.0]], "pose_inverse": [[0.594806432723999, 0.8038689494132996, 0.0, -1029.104248046875], [-0.8038689494132996, 0.594806432723999, 0.0, 691.4563598632812], [0.0, 0.0, 1.0, 0.0], [0.0, 0.0, 0.0, 1.0]], "cam_ids": [0, 1, 2, 3, 4, 5], "cam_channels": ["CAM_FRONT_LEFT", "CAM_FRONT", "CAM_FRONT_RIGHT", "CAM_BACK_LEFT", "CAM_BACK", "CAM_BACK_RIGHT"], "token": "684acda1d78c4a959762df565cba29f5", "scene": "scene-0012"}, {"images": ["samples/CAM_FRONT_LEFT/n015-2018-07-18-11-41-49+0800__CAM_FRONT_LEFT__1531885321904844.jpg", "samples/CAM_FRONT/n015-2018-07-18-11-41-49+0800__CAM_FRONT__1531885321912496.jpg", "samples/CAM_FRONT_RIGHT/n015-2018-07-18-11-41-49+0800__CAM_FRONT_RIGHT__1531885321920339.jpg", "samples/CAM_BACK_LEFT/n015-2018-07-18-11-41-49+0800__CAM_BACK_LEFT__1531885321947423.jpg", "samples/CAM_BACK/n015-2018-07-18-11-41-49+0800__CAM_BACK__1531885321937549.jpg", "samples/CAM_BACK_RIGHT/n015-2018-07-18-11-41-49+0800__CAM_BACK_RIGHT__1531885321927893.jpg"], "intrinsics": [[[1272.5979470598488, 0.0, 826.6154927353808], [0.0, 1272.5979470598488, 479.75165386361925], [0.0, 0.0, 1.0]], [[1266.417203046554, 0.0, 816.2670197447984], [0.0, 1266.417203046554, 491.50706579294757], [0.0, 0.0, 1.0]], [[1260.8474446004698, 0.0, 807.968244525554], [0.0, 1260.8474446004698, 495.3344268742088], [0.0, 0.0, 1.0]], [[1256.7414812095406, 0.0, 792.1125740759628], [0.0, 1256.7414812095406, 492.7757465151356], [0.0, 0.0, 1.0]], [[809.2209905677063, 0.0, 829.2196003259838], [0.0, 809.2209905677063, 481.77842384512485], [0.0, 0.0, 1.0]], [[1259.5137405846733, 0.0, 807.2529053838625], [0.0, 1259.5137405846733, 501.19579884916527], [0.0, 0.0, 1.0]]], "extrinsics": [[[0.816907525062561, -0.5758169889450073, 0.033120520412921906, -0.6834716796875], [0.02819591760635376, -0.017486166208982468, -0.9994494318962097, 1.5179634094238281], [0.5760790705680847, 0.817391574382782, 0.0019511072896420956, -1.0833168029785156], [0.0, 0.0, 0.0, 1.0]], [[0.0004405291110742837, -0.9997668266296387, 0.02158675529062748, 0.00592041015625], [0.022897792980074883, -0.02157101407647133, -0.9995051026344299, 1.52703857421875], [0.9997376799583435, 0.0009346637525595725, 0.02288294956088066, -1.40936279296875], [0.0, 0.0, 0.0, 1.0]], [[-0.83464115858078, -0.550376296043396, -0.021448098123073578, 0.84814453125], [0.02861248329281807, -0.00443705590441823, -0.9995806813240051, 1.509979248046875], [0.5500503182411194, -0.8349049687385559, 0.019450979307293892, -1.1263427734375], [0.0, 0.0, 0.0, 1.0]], [[0.9473906755447388, 0.3191567063331604, 0.024288946762681007, -1.1319580078125], [0.03746313974261284, -0.03520338237285614, -0.9986777305603027, 1.5889625549316406], [-0.3178796172142029, 0.9470478892326355, -0.04530796408653259, -0.107421875], [0.0, 0.0, 0.0, 1.0]], [[0.004381357692182064, 0.9996792078018188, -0.024946073070168495, 0.0029296875], [0.011914442293345928, -0.024996725842356682, -0.9996165633201599, 1.5803947448730469], [-0.9999194741249084, 0.00408241618424654, -0.012020140886306763, -0.08477783203125], [0.0, 0.0, 0.0, 1.0]], [[-0.932945191860199, 0.3571995794773102, -0.0449649952352047, 0.9853515625], [0.044483732432127, -0.009567617438733578, -0.998964250087738, 1.5586433410644531], [-0.3572598695755005, -0.9339790940284729, -0.0069635058753192425, -0.120819091796875], [0.0, 0.0, 0.0, 1.0]]], "view": [[0.0, -2.0, 100.0], [-2.0, 0.0, 100.0], [0.0, 0.0, 1.0]], "bev": "bev_20a871df4033487ab94d4d3b86f69af1.png", "aux": "aux_20a871df4033487ab94d4d3b86f69af1.npz", "visibility": "visibility_20a871df4033487ab94d4d3b86f69af1.png", "pose": [[0.5423890948295593, -0.8401274085044861, 0.0, 1170.1390380859375], [0.8401274085044861, 0.5423890948295593, 0.0, 419.1253356933594], [0.0, 0.0, 1.0, 0.0], [0.0, 0.0, 0.0, 1.0]], "pose_inverse": [[0.5423890948295593, 0.8401274085044861, 0.0, -986.789306640625], [-0.8401274085044861, 0.5423890948295593, 0.0, 755.7368774414062], [0.0, 0.0, 1.0, 0.0], [0.0, 0.0, 0.0, 1.0]], "cam_ids": [0, 1, 2, 3, 4, 5], "cam_channels": ["CAM_FRONT_LEFT", "CAM_FRONT", "CAM_FRONT_RIGHT", "CAM_BACK_LEFT", "CAM_BACK", "CAM_BACK_RIGHT"], "token": "20a871df4033487ab94d4d3b86f69af1", "scene": "scene-0012"}, {"images": ["samples/CAM_FRONT_LEFT/n015-2018-07-18-11-41-49+0800__CAM_FRONT_LEFT__1531885322404844.jpg", "samples/CAM_FRONT/n015-2018-07-18-11-41-49+0800__CAM_FRONT__1531885322412485.jpg", "samples/CAM_FRONT_RIGHT/n015-2018-07-18-11-41-49+0800__CAM_FRONT_RIGHT__1531885322420339.jpg", "samples/CAM_BACK_LEFT/n015-2018-07-18-11-41-49+0800__CAM_BACK_LEFT__1531885322447423.jpg", "samples/CAM_BACK/n015-2018-07-18-11-41-49+0800__CAM_BACK__1531885322437552.jpg", "samples/CAM_BACK_RIGHT/n015-2018-07-18-11-41-49+0800__CAM_BACK_RIGHT__1531885322427893.jpg"], "intrinsics": [[[1272.5979470598488, 0.0, 826.6154927353808], [0.0, 1272.5979470598488, 479.75165386361925], [0.0, 0.0, 1.0]], [[1266.417203046554, 0.0, 816.2670197447984], [0.0, 1266.417203046554, 491.50706579294757], [0.0, 0.0, 1.0]], [[1260.8474446004698, 0.0, 807.968244525554], [0.0, 1260.8474446004698, 495.3344268742088], [0.0, 0.0, 1.0]], [[1256.7414812095406, 0.0, 792.1125740759628], [0.0, 1256.7414812095406, 492.7757465151356], [0.0, 0.0, 1.0]], [[809.2209905677063, 0.0, 829.2196003259838], [0.0, 809.2209905677063, 481.77842384512485], [0.0, 0.0, 1.0]], [[1259.5137405846733, 0.0, 807.2529053838625], [0.0, 1259.5137405846733, 501.19579884916527], [0.0, 0.0, 1.0]]], "extrinsics": [[[0.8173184990882874, -0.5744722485542297, 0.0444076806306839, -0.6883544921875], [0.036972738802433014, -0.024623189121484756, -0.9990128874778748, 1.5207595825195312], [0.5749987363815308, 0.8181536197662354, 0.001114824553951621, -1.0899505615234375], [0.0, 0.0, 0.0, 1.0]], [[0.0012589993420988321, -0.9995856881141663, 0.02875414676964283, 0.00823974609375], [0.031442951411008835, -0.028700385242700577, -0.9990934133529663, 1.5293235778808594], [0.9995047450065613, 0.0021620069164782763, 0.03139378875494003, -1.41552734375], [0.0, 0.0, 0.0, 1.0]], [[-0.8340263962745667, -0.5511834621429443, -0.024429384618997574, 0.853363037109375], [0.036900851875543594, -0.0115481773391366, -0.9992521405220032, 1.5116386413574219], [0.5504891872406006, -0.83430415391922, 0.029970623552799225, -1.1278076171875], [0.0, 0.0, 0.0, 1.0]], [[0.9472566246986389, 0.31915730237960815, 0.029044879600405693, -1.13751220703125], [0.04474960267543793, -0.04198307916522026, -0.9981156587600708, 1.58880615234375], [-0.31733644008636475, 0.9467713832855225, -0.05405091121792793, -0.10595703125], [0.0, 0.0, 0.0, 1.0]], [[0.004429173655807972, 0.9994826912879944, -0.03185653313994408, 0.002197265625], [0.01962415874004364, -0.03193758800625801, -0.9992972016334534, 1.5810012817382812], [-0.9997976422309875, 0.0038009057752788067, -0.019755464047193527, -0.080322265625], [0.0, 0.0, 0.0, 1.0]], [[-0.9327274560928345, 0.3563616871833801, -0.05500815436244011, 0.98876953125], [0.05253676325082779, -0.01661822758615017, -0.9984806776046753, 1.5597457885742188], [-0.35673439502716064, -0.9342003464698792, -0.003221812192350626, -0.11822509765625], [0.0, 0.0, 0.0, 1.0]]], "view": [[0.0, -2.0, 100.0], [-2.0, 0.0, 100.0], [0.0, 0.0, 1.0]], "bev": "bev_c51b9abd585d421b85dbf4a95eec4936.png", "aux": "aux_c51b9abd585d421b85dbf4a95eec4936.npz", "visibility": "visibility_c51b9abd585d421b85dbf4a95eec4936.png", "pose": [[0.4971315860748291, -0.8676751852035522, 0.0, 1172.187744140625], [0.8676751852035522, 0.4971315860748291, 0.0, 422.4445495605469], [0.0, 0.0, 1.0, 0.0], [0.0, 0.0, 0.0, 1.0]], "pose_inverse": [[0.4971315860748291, 0.8676751852035522, 0.0, -949.2761840820312], [-0.8676751852035522, 0.4971315860748291, 0.0, 807.0676879882812], [0.0, 0.0, 1.0, 0.0], [0.0, 0.0, 0.0, 1.0]], "cam_ids": [0, 1, 2, 3, 4, 5], "cam_channels": ["CAM_FRONT_LEFT", "CAM_FRONT", "CAM_FRONT_RIGHT", "CAM_BACK_LEFT", "CAM_BACK", "CAM_BACK_RIGHT"], "token": "c51b9abd585d421b85dbf4a95eec4936", "scene": "scene-0012"}, {"images": ["samples/CAM_FRONT_LEFT/n015-2018-07-18-11-41-49+0800__CAM_FRONT_LEFT__1531885322854844.jpg", "samples/CAM_FRONT/n015-2018-07-18-11-41-49+0800__CAM_FRONT__1531885322862460.jpg", "samples/CAM_FRONT_RIGHT/n015-2018-07-18-11-41-49+0800__CAM_FRONT_RIGHT__1531885322870339.jpg", "samples/CAM_BACK_LEFT/n015-2018-07-18-11-41-49+0800__CAM_BACK_LEFT__1531885322897423.jpg", "samples/CAM_BACK/n015-2018-07-18-11-41-49+0800__CAM_BACK__1531885322887525.jpg", "samples/CAM_BACK_RIGHT/n015-2018-07-18-11-41-49+0800__CAM_BACK_RIGHT__1531885322877893.jpg"], "intrinsics": [[[1272.5979470598488, 0.0, 826.6154927353808], [0.0, 1272.5979470598488, 479.75165386361925], [0.0, 0.0, 1.0]], [[1266.417203046554, 0.0, 816.2670197447984], [0.0, 1266.417203046554, 491.50706579294757], [0.0, 0.0, 1.0]], [[1260.8474446004698, 0.0, 807.968244525554], [0.0, 1260.8474446004698, 495.3344268742088], [0.0, 0.0, 1.0]], [[1256.7414812095406, 0.0, 792.1125740759628], [0.0, 1256.7414812095406, 492.7757465151356], [0.0, 0.0, 1.0]], [[809.2209905677063, 0.0, 829.2196003259838], [0.0, 809.2209905677063, 481.77842384512485], [0.0, 0.0, 1.0]], [[1259.5137405846733, 0.0, 807.2529053838625], [0.0, 1259.5137405846733, 501.19579884916527], [0.0, 0.0, 1.0]]], "extrinsics": [[[0.8173137307167053, -0.5747259855270386, 0.04109027981758118, -0.6739501953125], [0.030783329159021378, -0.027657434344291687, -0.9991433620452881, 1.5192298889160156], [0.5753701329231262, 0.8178784847259521, -0.004912822972983122, -1.0794219970703125], [0.0, 0.0, 0.0, 1.0]], [[0.0009490883094258606, -0.999489963054657, 0.03191741928458214, 0.00787353515625], [0.02537752129137516, -0.031883079558610916, -0.9991694092750549, 1.5280189514160156], [0.9996774792671204, 0.001758357509970665, 0.025334320962429047, -1.400390625], [0.0, 0.0, 0.0, 1.0]], [[-0.8344365954399109, -0.5508204102516174, -0.017675159499049187, 0.843017578125], [0.03100508637726307, -0.014899738132953644, -0.9994081258773804, 1.5107460021972656], [0.5502310395240784, -0.8344908356666565, 0.029511122032999992, -1.1217041015625], [0.0, 0.0, 0.0, 1.0]], [[0.9474519491195679, 0.31908756494522095, 0.022758848965168, -1.1396484375], [0.039424579590559006, -0.045867376029491425, -0.9981692433357239, 1.5886688232421875], [-0.31745946407318115, 0.946614682674408, -0.05603702738881111, -0.1046142578125], [0.0, 0.0, 0.0, 1.0]], [[0.0045193834230303764, 0.9993566870689392, -0.03558015078306198, 0.00262451171875], [0.014100206084549427, -0.0356406606733799, -0.999265193939209, 1.5805740356445312], [-0.9998903870582581, 0.004014350473880768, -0.014252208173274994, -0.083251953125], [0.0, 0.0, 0.0, 1.0]], [[-0.932885468006134, 0.3565562665462494, -0.05091484263539314, 0.9813232421875], [0.046811219304800034, -0.020134810358285904, -0.9987007975578308, 1.5592231750488281], [-0.357118159532547, -0.9340569376945496, 0.002092636190354824, -0.121490478515625], [0.0, 0.0, 0.0, 1.0]]], "view": [[0.0, -2.0, 100.0], [-2.0, 0.0, 100.0], [0.0, 0.0, 1.0]], "bev": "bev_893266afc2574e58a5abd0f29b2c1faa.png", "aux": "aux_893266afc2574e58a5abd0f29b2c1faa.npz", "visibility": "visibility_893266afc2574e58a5abd0f29b2c1faa.png", "pose": [[0.45193836092948914, -0.8920491933822632, 0.0, 1173.9222412109375], [0.8920491933822632, 0.45193836092948914, 0.0, 425.6233825683594], [0.0, 0.0, 1.0, 0.0], [0.0, 0.0, 0.0, 1.0]], "pose_inverse": [[0.45193836092948914, 0.8920491933822632, 0.0, -910.2174682617188], [-0.8920491933822632, 0.45193836092948914, 0.0, 854.8408203125], [0.0, 0.0, 1.0, 0.0], [0.0, 0.0, 0.0, 1.0]], "cam_ids": [0, 1, 2, 3, 4, 5], "cam_channels": ["CAM_FRONT_LEFT", "CAM_FRONT", "CAM_FRONT_RIGHT", "CAM_BACK_LEFT", "CAM_BACK", "CAM_BACK_RIGHT"], "token": "893266afc2574e58a5abd0f29b2c1faa", "scene": "scene-0012"}, {"images": ["samples/CAM_FRONT_LEFT/n015-2018-07-18-11-41-49+0800__CAM_FRONT_LEFT__1531885323354844.jpg", "samples/CAM_FRONT/n015-2018-07-18-11-41-49+0800__CAM_FRONT__1531885323362460.jpg", "samples/CAM_FRONT_RIGHT/n015-2018-07-18-11-41-49+0800__CAM_FRONT_RIGHT__1531885323370339.jpg", "samples/CAM_BACK_LEFT/n015-2018-07-18-11-41-49+0800__CAM_BACK_LEFT__1531885323397423.jpg", "samples/CAM_BACK/n015-2018-07-18-11-41-49+0800__CAM_BACK__1531885323387525.jpg", "samples/CAM_BACK_RIGHT/n015-2018-07-18-11-41-49+0800__CAM_BACK_RIGHT__1531885323377893.jpg"], "intrinsics": [[[1272.5979470598488, 0.0, 826.6154927353808], [0.0, 1272.5979470598488, 479.75165386361925], [0.0, 0.0, 1.0]], [[1266.417203046554, 0.0, 816.2670197447984], [0.0, 1266.417203046554, 491.50706579294757], [0.0, 0.0, 1.0]], [[1260.8474446004698, 0.0, 807.968244525554], [0.0, 1260.8474446004698, 495.3344268742088], [0.0, 0.0, 1.0]], [[1256.7414812095406, 0.0, 792.1125740759628], [0.0, 1256.7414812095406, 492.7757465151356], [0.0, 0.0, 1.0]], [[809.2209905677063, 0.0, 829.2196003259838], [0.0, 809.2209905677063, 481.77842384512485], [0.0, 0.0, 1.0]], [[1259.5137405846733, 0.0, 807.2529053838625], [0.0, 1259.5137405846733, 501.19579884916527], [0.0, 0.0, 1.0]]], "extrinsics": [[[0.8171476721763611, -0.5746874809265137, 0.04476708546280861, -0.673583984375], [0.029774442315101624, -0.035478297621011734, -0.9989267587661743, 1.5189132690429688], [0.5756589770317078, 0.8176036477088928, -0.011880009435117245, -1.078887939453125], [0.0, 0.0, 0.0, 1.0]], [[0.0007625220459885895, -0.9992167353630066, 0.03956475481390953, 0.00787353515625], [0.024541322141885757, -0.039534155279397964, -0.9989168047904968, 1.5277824401855469], [0.9996985197067261, 0.0017326637171208858, 0.02449195273220539, -1.4012451171875], [0.0, 0.0, 0.0, 1.0]], [[-0.8344822525978088, -0.5508817434310913, -0.012993425130844116, 0.844757080078125], [0.03031483106315136, -0.022351404651999474, -0.999290406703949, 1.510528564453125], [0.5502004027366638, -0.8342839479446411, 0.03535173460841179, -1.1229248046875], [0.0, 0.0, 0.0, 1.0]], [[0.9475364089012146, 0.31899526715278625, 0.020415591076016426, -1.14166259765625], [0.03919259458780289, -0.052554816007614136, -0.997848629951477, 1.588592529296875], [-0.317236065864563, 0.9462980628013611, -0.06229984760284424, -0.10400390625], [0.0, 0.0, 0.0, 1.0]], [[0.004583205562084913, 0.9990839958190918, -0.042549122124910355, 0.00250244140625], [0.013702545315027237, -0.04260832071304321, -0.9989979267120361, 1.5805244445800781], [-0.9998956918716431, 0.003995549399405718, -0.013885276392102242, -0.08154296875], [0.0, 0.0, 0.0, 1.0]], [[-0.9328969717025757, 0.35622653365135193, -0.05297074466943741, 0.9835205078125], [0.046246230602264404, -0.027373701333999634, -0.9985549449920654, 1.5590324401855469], [-0.3571617603302002, -0.9339986443519592, 0.009062711149454117, -0.12078857421875], [0.0, 0.0, 0.0, 1.0]]], "view": [[0.0, -2.0, 100.0], [-2.0, 0.0, 100.0], [0.0, 0.0, 1.0]], "bev": "bev_3eef3752ea664087a0469a01cbf738a9.png", "aux": "aux_3eef3752ea664087a0469a01cbf738a9.npz", "visibility": "visibility_3eef3752ea664087a0469a01cbf738a9.png", "pose": [[0.4010466933250427, -0.9160576462745667, 0.0, 1175.7218017578125], [0.9160576462745667, 0.4010466933250427, 0.0, 429.3741149902344], [0.0, 0.0, 1.0, 0.0], [0.0, 0.0, 0.0, 1.0]], "pose_inverse": [[0.4010466933250427, 0.9160576462745667, 0.0, -864.8507690429688], [-0.9160576462745667, 0.4010466933250427, 0.0, 904.829833984375], [0.0, 0.0, 1.0, 0.0], [0.0, 0.0, 0.0, 1.0]], "cam_ids": [0, 1, 2, 3, 4, 5], "cam_channels": ["CAM_FRONT_LEFT", "CAM_FRONT", "CAM_FRONT_RIGHT", "CAM_BACK_LEFT", "CAM_BACK", "CAM_BACK_RIGHT"], "token": "3eef3752ea664087a0469a01cbf738a9", "scene": "scene-0012"}, {"images": ["samples/CAM_FRONT_LEFT/n015-2018-07-18-11-41-49+0800__CAM_FRONT_LEFT__1531885323854844.jpg", "samples/CAM_FRONT/n015-2018-07-18-11-41-49+0800__CAM_FRONT__1531885323862460.jpg", "samples/CAM_FRONT_RIGHT/n015-2018-07-18-11-41-49+0800__CAM_FRONT_RIGHT__1531885323870339.jpg", "samples/CAM_BACK_LEFT/n015-2018-07-18-11-41-49+0800__CAM_BACK_LEFT__1531885323897423.jpg", "samples/CAM_BACK/n015-2018-07-18-11-41-49+0800__CAM_BACK__1531885323887525.jpg", "samples/CAM_BACK_RIGHT/n015-2018-07-18-11-41-49+0800__CAM_BACK_RIGHT__1531885323877893.jpg"], "intrinsics": [[[1272.5979470598488, 0.0, 826.6154927353808], [0.0, 1272.5979470598488, 479.75165386361925], [0.0, 0.0, 1.0]], [[1266.417203046554, 0.0, 816.2670197447984], [0.0, 1266.417203046554, 491.50706579294757], [0.0, 0.0, 1.0]], [[1260.8474446004698, 0.0, 807.968244525554], [0.0, 1260.8474446004698, 495.3344268742088], [0.0, 0.0, 1.0]], [[1256.7414812095406, 0.0, 792.1125740759628], [0.0, 1256.7414812095406, 492.7757465151356], [0.0, 0.0, 1.0]], [[809.2209905677063, 0.0, 829.2196003259838], [0.0, 809.2209905677063, 481.77842384512485], [0.0, 0.0, 1.0]], [[1259.5137405846733, 0.0, 807.2529053838625], [0.0, 1259.5137405846733, 501.19579884916527], [0.0, 0.0, 1.0]]], "extrinsics": [[[0.8165125846862793, -0.5746139287948608, 0.05591028556227684, -0.66259765625], [0.04507288336753845, -0.033100858330726624, -0.9984351396560669, 1.5249404907226562], [0.5755653977394104, 0.8177549242973328, -0.0011277644662186503, -1.07171630859375], [0.0, 0.0, 0.0, 1.0]], [[0.0003330801846459508, -0.9993139505386353, 0.037032146006822586, 0.00830078125], [0.039697736501693726, -0.03698974475264549, -0.9985268712043762, 1.5326614379882812], [0.9992116689682007, 0.0018026416655629873, 0.03965817764401436, -1.3896484375], [0.0, 0.0, 0.0, 1.0]], [[-0.8341436982154846, -0.5508811473846436, -0.02709512785077095, 0.8368988037109375], [0.04539307579398155, -0.019609250128269196, -0.9987766742706299, 1.5143852233886719], [0.5496760010719299, -0.8343532681465149, 0.041363127529621124, -1.1173095703125], [0.0, 0.0, 0.0, 1.0]], [[0.94711834192276, 0.3188851475715637, 0.03576638549566269, -1.136932373046875], [0.05416274443268776, -0.049007244408130646, -0.9973287582397461, 1.5888519287109375], [-0.3162804841995239, 0.9465255737304688, -0.06368735432624817, -0.1055908203125], [0.0, 0.0, 0.0, 1.0]], [[0.0052649215795099735, 0.9992188811302185, -0.03916719928383827, 0.00250244140625], [0.028699157759547234, -0.03930259123444557, -0.9988151788711548, 1.5819511413574219], [-0.9995742440223694, 0.004134633578360081, -0.028883665800094604, -0.08746337890625], [0.0, 0.0, 0.0, 1.0]], [[-0.9320032000541687, 0.3564002215862274, -0.0659448653459549, 0.97607421875], [0.061266202479600906, -0.02441352605819702, -0.9978228807449341, 1.5619964599609375], [-0.35723432898521423, -0.9340143799781799, 0.0009181930217891932, -0.12347412109375], [0.0, 0.0, 0.0, 1.0]]], "view": [[0.0, -2.0, 100.0], [-2.0, 0.0, 100.0], [0.0, 0.0, 1.0]], "bev": "bev_5dfdf5c61f95420f89b53d65fb28e6cd.png", "aux": "aux_5dfdf5c61f95420f89b53d65fb28e6cd.npz", "visibility": "visibility_5dfdf5c61f95420f89b53d65fb28e6cd.png", "pose": [[0.34948137402534485, -0.9369432926177979, 0.0, 1177.3475341796875], [0.9369432926177979, 0.34948137402534485, 0.0, 433.2999267578125], [0.0, 0.0, 1.0, 0.0], [0.0, 0.0, 0.0, 1.0]], "pose_inverse": [[0.34948137402534485, 0.9369432926177979, 0.0, -817.4385375976562], [-0.9369432926177979, 0.34948137402534485, 0.0, 951.6776123046875], [0.0, 0.0, 1.0, 0.0], [0.0, 0.0, 0.0, 1.0]], "cam_ids": [0, 1, 2, 3, 4, 5], "cam_channels": ["CAM_FRONT_LEFT", "CAM_FRONT", "CAM_FRONT_RIGHT", "CAM_BACK_LEFT", "CAM_BACK", "CAM_BACK_RIGHT"], "token": "5dfdf5c61f95420f89b53d65fb28e6cd", "scene": "scene-0012"}, {"images": ["samples/CAM_FRONT_LEFT/n015-2018-07-18-11-41-49+0800__CAM_FRONT_LEFT__1531885324354844.jpg", "samples/CAM_FRONT/n015-2018-07-18-11-41-49+0800__CAM_FRONT__1531885324362460.jpg", "samples/CAM_FRONT_RIGHT/n015-2018-07-18-11-41-49+0800__CAM_FRONT_RIGHT__1531885324370339.jpg", "samples/CAM_BACK_LEFT/n015-2018-07-18-11-41-49+0800__CAM_BACK_LEFT__1531885324397423.jpg", "samples/CAM_BACK/n015-2018-07-18-11-41-49+0800__CAM_BACK__1531885324387525.jpg", "samples/CAM_BACK_RIGHT/n015-2018-07-18-11-41-49+0800__CAM_BACK_RIGHT__1531885324377893.jpg"], "intrinsics": [[[1272.5979470598488, 0.0, 826.6154927353808], [0.0, 1272.5979470598488, 479.75165386361925], [0.0, 0.0, 1.0]], [[1266.417203046554, 0.0, 816.2670197447984], [0.0, 1266.417203046554, 491.50706579294757], [0.0, 0.0, 1.0]], [[1260.8474446004698, 0.0, 807.968244525554], [0.0, 1260.8474446004698, 495.3344268742088], [0.0, 0.0, 1.0]], [[1256.7414812095406, 0.0, 792.1125740759628], [0.0, 1256.7414812095406, 492.7757465151356], [0.0, 0.0, 1.0]], [[809.2209905677063, 0.0, 829.2196003259838], [0.0, 809.2209905677063, 481.77842384512485], [0.0, 0.0, 1.0]], [[1259.5137405846733, 0.0, 807.2529053838625], [0.0, 1259.5137405846733, 501.19579884916527], [0.0, 0.0, 1.0]]], "extrinsics": [[[0.8161042928695679, -0.5753777027130127, 0.053984541445970535, -0.6544189453125], [0.04838946834206581, -0.025050483644008636, -0.9985144138336182, 1.5266227722167969], [0.5758752226829529, 0.8175041079521179, 0.007398415356874466, -1.06610107421875], [0.0, 0.0, 0.0, 1.0]], [[-2.4033184672589414e-05, -0.9995872378349304, 0.02872895449399948, 0.00830078125], [0.043216485530138016, -0.028703154996037483, -0.9986533522605896, 1.5340957641601562], [0.999065637588501, 0.0012175650335848331, 0.0431993342936039, -1.3809814453125], [0.0, 0.0, 0.0, 1.0]], [[-0.8340801000595093, -0.5505452156066895, -0.034789182245731354, 0.8305206298828125], [0.04899996891617775, -0.011124731041491032, -0.9987367391586304, 1.5156059265136719], [0.5494627356529236, -0.8347311615943909, 0.0362556166946888, -1.11279296875], [0.0, 0.0, 0.0, 1.0]], [[0.9469596147537231, 0.3185712397098541, 0.04218754917383194, -1.13397216796875], [0.05795248970389366, -0.04016723483800888, -0.9975109696388245, 1.5890731811523438], [-0.316083699464798, 0.9470474720001221, -0.05649874359369278, -0.106689453125], [0.0, 0.0, 0.0, 1.0]], [[0.005310114473104477, 0.9995221495628357, -0.03045184165239334, 0.0025634765625], [0.03236182779073715, -0.03060808591544628, -0.9990074038505554, 1.5824470520019531], [-0.9994621276855469, 0.004319347441196442, -0.03250889852643013, -0.09283447265625], [0.0, 0.0, 0.0, 1.0]], [[-0.9317623972892761, 0.356972873210907, -0.06625119596719742, 0.9696044921875], [0.06488966196775436, -0.01580379530787468, -0.9977672696113586, 1.5630340576171875], [-0.35722288489341736, -0.9339810609817505, -0.008438468910753727, -0.1256103515625], [0.0, 0.0, 0.0, 1.0]]], "view": [[0.0, -2.0, 100.0], [-2.0, 0.0, 100.0], [0.0, 0.0, 1.0]], "bev": "bev_745713b3baae4ea18de5c74eb4d06bb8.png", "aux": "aux_745713b3baae4ea18de5c74eb4d06bb8.npz", "visibility": "visibility_745713b3baae4ea18de5c74eb4d06bb8.png", "pose": [[0.30186542868614197, -0.9533505439758301, 0.0, 1178.7796630859375], [0.9533505439758301, 0.30186542868614197, 0.0, 437.36669921875], [0.0, 0.0, 1.0, 0.0], [0.0, 0.0, 0.0, 1.0]], "pose_inverse": [[0.30186542868614197, 0.9533505439758301, 0.0, -772.796630859375], [-0.9533505439758301, 0.30186542868614197, 0.0, 991.7643432617188], [0.0, 0.0, 1.0, 0.0], [0.0, 0.0, 0.0, 1.0]], "cam_ids": [0, 1, 2, 3, 4, 5], "cam_channels": ["CAM_FRONT_LEFT", "CAM_FRONT", "CAM_FRONT_RIGHT", "CAM_BACK_LEFT", "CAM_BACK", "CAM_BACK_RIGHT"], "token": "745713b3baae4ea18de5c74eb4d06bb8", "scene": "scene-0012"}, {"images": ["samples/CAM_FRONT_LEFT/n015-2018-07-18-11-41-49+0800__CAM_FRONT_LEFT__1531885324904844.jpg", "samples/CAM_FRONT/n015-2018-07-18-11-41-49+0800__CAM_FRONT__1531885324912466.jpg", "samples/CAM_FRONT_RIGHT/n015-2018-07-18-11-41-49+0800__CAM_FRONT_RIGHT__1531885324920339.jpg", "samples/CAM_BACK_LEFT/n015-2018-07-18-11-41-49+0800__CAM_BACK_LEFT__1531885324947423.jpg", "samples/CAM_BACK/n015-2018-07-18-11-41-49+0800__CAM_BACK__1531885324937525.jpg", "samples/CAM_BACK_RIGHT/n015-2018-07-18-11-41-49+0800__CAM_BACK_RIGHT__1531885324927893.jpg"], "intrinsics": [[[1272.5979470598488, 0.0, 826.6154927353808], [0.0, 1272.5979470598488, 479.75165386361925], [0.0, 0.0, 1.0]], [[1266.417203046554, 0.0, 816.2670197447984], [0.0, 1266.417203046554, 491.50706579294757], [0.0, 0.0, 1.0]], [[1260.8474446004698, 0.0, 807.968244525554], [0.0, 1260.8474446004698, 495.3344268742088], [0.0, 0.0, 1.0]], [[1256.7414812095406, 0.0, 792.1125740759628], [0.0, 1256.7414812095406, 492.7757465151356], [0.0, 0.0, 1.0]], [[809.2209905677063, 0.0, 829.2196003259838], [0.0, 809.2209905677063, 481.77842384512485], [0.0, 0.0, 1.0]], [[1259.5137405846733, 0.0, 807.2529053838625], [0.0, 1259.5137405846733, 501.19579884916527], [0.0, 0.0, 1.0]]], "extrinsics": [[[0.8182597160339355, -0.573759913444519, 0.03536225110292435, -0.6539306640625], [0.045188043266534805, 0.0028750295750796795, -0.9989743828773499, 1.5253314971923828], [0.5730698108673096, 0.8190184831619263, 0.028279609978199005, -1.0657958984375], [0.0, 0.0, 0.0, 1.0]], [[0.0030942480079829693, -0.9999947547912598, 0.0009407030302099884, 0.0084228515625], [0.040198225528001785, -0.0008155637769959867, -0.999191403388977, 1.5330963134765625], [0.9991869330406189, 0.003129588905721903, 0.04019548371434212, -1.38006591796875], [0.0, 0.0, 0.0, 1.0]], [[-0.8327497243881226, -0.5515869855880737, -0.0477454848587513, 0.829681396484375], [0.046171024441719055, 0.016749760136008263, -0.9987930655479431, 1.5149011611938477], [0.5517210364341736, -0.8339491486549377, 0.01151897944509983, -1.1123046875], [0.0, 0.0, 0.0, 1.0]], [[0.9466973543167114, 0.31845808029174805, 0.048462990671396255, -1.134246826171875], [0.05571106821298599, -0.013685758225619793, -0.9983530640602112, 1.5890045166015625], [-0.3172703981399536, 0.9478381872177124, -0.030697910115122795, -0.10595703125], [0.0, 0.0, 0.0, 1.0]], [[0.0036492859944701195, 0.9999861121177673, -0.003809677204117179, 0.002685546875], [0.02997755818068981, -0.00391738535836339, -0.9995429515838623, 1.5822105407714844], [-0.9995439648