[{"images": ["samples/CAM_FRONT_LEFT/n008-2018-08-28-16-16-48-0400__CAM_FRONT_LEFT__1535488282754799.jpg", "samples/CAM_FRONT/n008-2018-08-28-16-16-48-0400__CAM_FRONT__1535488282762404.jpg", "samples/CAM_FRONT_RIGHT/n008-2018-08-28-16-16-48-0400__CAM_FRONT_RIGHT__1535488282770482.jpg", "samples/CAM_BACK_LEFT/n008-2018-08-28-16-16-48-0400__CAM_BACK_LEFT__1535488282797405.jpg", "samples/CAM_BACK/n008-2018-08-28-16-16-48-0400__CAM_BACK__1535488282787569.jpg", "samples/CAM_BACK_RIGHT/n008-2018-08-28-16-16-48-0400__CAM_BACK_RIGHT__1535488282778113.jpg"], "intrinsics": [[[1257.8625342125129, 0.0, 827.2410631095686], [0.0, 1257.8625342125129, 450.915498205774], [0.0, 0.0, 1.0]], [[1252.8131021185304, 0.0, 826.588114781398], [0.0, 1252.8131021185304, 469.9846626224581], [0.0, 0.0, 1.0]], [[1256.7485116440405, 0.0, 817.7887570959712], [0.0, 1256.7485116440403, 451.9541780095127], [0.0, 0.0, 1.0]], [[1254.9860565800168, 0.0, 829.5769333630991], [0.0, 1254.9860565800168, 467.1680561863987], [0.0, 0.0, 1.0]], [[796.8910634503094, 0.0, 857.7774326863696], [0.0, 796.8910634503094, 476.8848988407415], [0.0, 0.0, 1.0]], [[1249.9629280788233, 0.0, 825.3768045375984], [0.0, 1249.9629280788233, 462.54816385708756], [0.0, 0.0, 1.0]]], "extrinsics": [[[0.8219923377037048, -0.5685836672782898, 0.03226783499121666, -1.00506591796875], [0.04987221956253052, 0.015425601974129677, -0.9986364841461182, 1.48828125], [0.5673107504844666, 0.8224807977676392, 0.04103625938296318, -1.33349609375], [0.0, 0.0, 0.0, 1.0]], [[0.010857922025024891, -0.999883234500885, -0.010752645321190357, 0.0054931640625], [0.051841288805007935, 0.011301707476377487, -0.998591423034668, 1.4801559448242188], [0.9985962510108948, 0.010285189375281334, 0.05195794254541397, -1.73486328125], [0.0, 0.0, 0.0, 1.0]], [[-0.8424584269523621, -0.5362536907196045, -0.05192001536488533, 1.0906982421875], [0.05986463651061058, 0.002598110120743513, -0.9982030987739563, 1.4930667877197266], [0.5354250073432922, -0.8440529108047485, 0.02991383522748947, -1.277587890625], [0.0, 0.0, 0.0, 1.0]], [[0.9470756649971008, 0.3187067210674286, 0.038388289511203766, -1.1439208984375], [0.03453178331255913, 0.017743997275829315, -0.9992460608482361, 1.562042236328125], [-0.31914761662483215, 0.9476872682571411, 0.005799395963549614, -0.15625], [0.0, 0.0, 0.0, 1.0]], [[0.008664614520967007, 0.9999067783355713, 0.010550620034337044, -0.0286865234375], [0.03664133697748184, 0.010226452723145485, -0.9992761015892029, 1.5680599212646484], [-0.9992908835411072, 0.009044929407536983, -0.03654931113123894, 0.04437255859375], [0.0, 0.0, 0.0, 1.0]], [[-0.9228026270866394, 0.3829222321510315, -0.04249546304345131, 1.160736083984375], [0.040830422192811966, -0.012478502467274666, -0.9990881681442261, 1.547811508178711], [-0.38310331106185913, -0.9236962795257568, -0.004119680263102055, -0.043701171875], [0.0, 0.0, 0.0, 1.0]]], "view": [[0.0, -2.0, 100.0], [-2.0, 0.0, 100.0], [0.0, 0.0, 1.0]], "bev": "bev_8523362a55194b28b47b0c2bd001ca7e.png", "aux": "aux_8523362a55194b28b47b0c2bd001ca7e.npz", "visibility": "visibility_8523362a55194b28b47b0c2bd001ca7e.png", "pose": [[0.9987474679946899, 0.05003446713089943, 0.0, 463.38751220703125], [-0.05003446713089943, 0.9987474679946899, 0.0, 1718.1217041015625], [0.0, 0.0, 1.0, 0.0], [0.0, 0.0, 0.0, 1.0]], "pose_inverse": [[0.9987474679946899, -0.05003446713089943, 0.0, -376.8418273925781], [0.05003446713089943, 0.9987474679946899, 0.0, -1739.155029296875], [0.0, 0.0, 1.0, 0.0], [0.0, 0.0, 0.0, 1.0]], "cam_ids": [0, 1, 2, 3, 4, 5], "cam_channels": ["CAM_FRONT_LEFT", "CAM_FRONT", "CAM_FRONT_RIGHT", "CAM_BACK_LEFT", "CAM_BACK", "CAM_BACK_RIGHT"], "token": "8523362a55194b28b47b0c2bd001ca7e", "scene": "scene-0687"}, {"images": ["samples/CAM_FRONT_LEFT/n008-2018-08-28-16-16-48-0400__CAM_FRONT_LEFT__1535488283254799.jpg", "samples/CAM_FRONT/n008-2018-08-28-16-16-48-0400__CAM_FRONT__1535488283262404.jpg", "samples/CAM_FRONT_RIGHT/n008-2018-08-28-16-16-48-0400__CAM_FRONT_RIGHT__1535488283270482.jpg", "samples/CAM_BACK_LEFT/n008-2018-08-28-16-16-48-0400__CAM_BACK_LEFT__1535488283297405.jpg", "samples/CAM_BACK/n008-2018-08-28-16-16-48-0400__CAM_BACK__1535488283287558.jpg", "samples/CAM_BACK_RIGHT/n008-2018-08-28-16-16-48-0400__CAM_BACK_RIGHT__1535488283278113.jpg"], "intrinsics": [[[1257.8625342125129, 0.0, 827.2410631095686], [0.0, 1257.8625342125129, 450.915498205774], [0.0, 0.0, 1.0]], [[1252.8131021185304, 0.0, 826.588114781398], [0.0, 1252.8131021185304, 469.9846626224581], [0.0, 0.0, 1.0]], [[1256.7485116440405, 0.0, 817.7887570959712], [0.0, 1256.7485116440403, 451.9541780095127], [0.0, 0.0, 1.0]], [[1254.9860565800168, 0.0, 829.5769333630991], [0.0, 1254.9860565800168, 467.1680561863987], [0.0, 0.0, 1.0]], [[796.8910634503094, 0.0, 857.7774326863696], [0.0, 796.8910634503094, 476.8848988407415], [0.0, 0.0, 1.0]], [[1249.9629280788233, 0.0, 825.3768045375984], [0.0, 1249.9629280788233, 462.54816385708756], [0.0, 0.0, 1.0]]], "extrinsics": [[[0.8219757080078125, -0.5685991644859314, 0.03241850435733795, -1.0050048828125], [0.04996216297149658, 0.015289265662431717, -0.9986340999603271, 1.4882888793945312], [0.5673267841339111, 0.8224726319313049, 0.040975846350193024, -1.33349609375], [0.0, 0.0, 0.0, 1.0]], [[0.010838632471859455, -0.9998849630355835, -0.010617225430905819, 0.00537109375], [0.051920898258686066, 0.011166279204189777, -0.9985887408256531, 1.4801559448242188], [0.9985923171043396, 0.010272074490785599, 0.05203595012426376, -1.73480224609375], [0.0, 0.0, 0.0, 1.0]], [[-0.8424630761146545, -0.5362472534179688, -0.05191170796751976, 1.090576171875], [0.059936195611953735, 0.002469365019351244, -0.9981991052627563, 1.4930686950683594], [0.5354098081588745, -0.8440573811531067, 0.03006027266383171, -1.2774658203125], [0.0, 0.0, 0.0, 1.0]], [[0.9470744132995605, 0.31871065497398376, 0.038387127220630646, -1.14398193359375], [0.03456297889351845, 0.017647650092840195, -0.9992467164993286, 1.5620384216308594], [-0.3191480338573456, 0.9476876854896545, 0.005698048043996096, -0.15625], [0.0, 0.0, 0.0, 1.0]], [[0.008669938892126083, 0.9999079704284668, 0.01043663825839758, -0.0289306640625], [0.036708954721689224, 0.010111736133694649, -0.9992748498916626, 1.5680599212646484], [-0.9992883801460266, 0.009046767838299274, -0.03661790490150452, 0.0443115234375], [0.0, 0.0, 0.0, 1.0]], [[-0.9227956533432007, 0.38292738795280457, -0.04260089248418808, 1.16064453125], [0.040894825011491776, -0.012598470784723759, -0.9990840554237366, 1.5478124618530273], [-0.3831133246421814, -0.923692524433136, -0.004033934790641069, -0.0435791015625], [0.0, 0.0, 0.0, 1.0]]], "view": [[0.0, -2.0, 100.0], [-2.0, 0.0, 100.0], [0.0, 0.0, 1.0]], "bev": "bev_2eea84ea0ea84e5fb39ba25185d2a22e.png", "aux": "aux_2eea84ea0ea84e5fb39ba25185d2a22e.npz", "visibility": "visibility_2eea84ea0ea84e5fb39ba25185d2a22e.png", "pose": [[0.9987236261367798, 0.05050845816731453, 0.0, 463.3860168457031], [-0.05050845816731453, 0.9987236261367798, 0.0, 1718.1195068359375], [0.0, 0.0, 1.0, 0.0], [0.0, 0.0, 0.0, 1.0]], "pose_inverse": [[0.9987236261367798, -0.05050845816731453, 0.0, -376.0149841308594], [0.05050845816731453, 0.9987236261367798, 0.0, -1739.3314208984375], [0.0, 0.0, 1.0, 0.0], [0.0, 0.0, 0.0, 1.0]], "cam_ids": [0, 1, 2, 3, 4, 5], "cam_channels": ["CAM_FRONT_LEFT", "CAM_FRONT", "CAM_FRONT_RIGHT", "CAM_BACK_LEFT", "CAM_BACK", "CAM_BACK_RIGHT"], "token": "2eea84ea0ea84e5fb39ba25185d2a22e", "scene": "scene-0687"}, {"images": ["samples/CAM_FRONT_LEFT/n008-2018-08-28-16-16-48-0400__CAM_FRONT_LEFT__1535488283754799.jpg", "samples/CAM_FRONT/n008-2018-08-28-16-16-48-0400__CAM_FRONT__1535488283762404.jpg", "samples/CAM_FRONT_RIGHT/n008-2018-08-28-16-16-48-0400__CAM_FRONT_RIGHT__1535488283770482.jpg", "samples/CAM_BACK_LEFT/n008-2018-08-28-16-16-48-0400__CAM_BACK_LEFT__1535488283797405.jpg", "samples/CAM_BACK/n008-2018-08-28-16-16-48-0400__CAM_BACK__1535488283787558.jpg", "samples/CAM_BACK_RIGHT/n008-2018-08-28-16-16-48-0400__CAM_BACK_RIGHT__1535488283778113.jpg"], "intrinsics": [[[1257.8625342125129, 0.0, 827.2410631095686], [0.0, 1257.8625342125129, 450.915498205774], [0.0, 0.0, 1.0]], [[1252.8131021185304, 0.0, 826.588114781398], [0.0, 1252.8131021185304, 469.9846626224581], [0.0, 0.0, 1.0]], [[1256.7485116440405, 0.0, 817.7887570959712], [0.0, 1256.7485116440403, 451.9541780095127], [0.0, 0.0, 1.0]], [[1254.9860565800168, 0.0, 829.5769333630991], [0.0, 1254.9860565800168, 467.1680561863987], [0.0, 0.0, 1.0]], [[796.8910634503094, 0.0, 857.7774326863696], [0.0, 796.8910634503094, 476.8848988407415], [0.0, 0.0, 1.0]], [[1249.9629280788233, 0.0, 825.3768045375984], [0.0, 1249.9629280788233, 462.54816385708756], [0.0, 0.0, 1.0]]], "extrinsics": [[[0.8219906687736511, -0.5685790181159973, 0.032393764704465866, -1.00506591796875], [0.04998539388179779, 0.015368291176855564, -0.9986317157745361, 1.4882888793945312], [0.5673031210899353, 0.822485089302063, 0.04105323553085327, -1.33349609375], [0.0, 0.0, 0.0, 1.0]], [[0.01086434256285429, -0.9998838305473328, -0.010690209455788136, 0.005615234375], [0.05196657031774521, 0.011240977793931961, -0.99858558177948, 1.4801597595214844], [0.9985896348953247, 0.01029343344271183, 0.052082665264606476, -1.734771728515625], [0.0, 0.0, 0.0, 1.0]], [[-0.8424482345581055, -0.5362608432769775, -0.052012551575899124, 1.0906982421875], [0.06001346930861473, 0.0025368223432451487, -0.9981943368911743, 1.493072509765625], [0.535424530506134, -0.8440485000610352, 0.030045734718441963, -1.2774658203125], [0.0, 0.0, 0.0, 1.0]], [[0.9470676779747009, 0.3187099099159241, 0.03856005519628525, -1.1439208984375], [0.03473006188869476, 0.017693303525447845, -0.9992401003837585, 1.5620384216308594], [-0.31915000081062317, 0.9476871490478516, 0.0056879413314163685, -0.15625], [0.0, 0.0, 0.0, 1.0]], [[0.00866016000509262, 0.999907374382019, 0.010499091818928719, -0.02880859375], [0.03679617494344711, 0.010173718445003033, -0.9992709755897522, 1.5680580139160156], [-0.9992852210998535, 0.00904017686843872, -0.036704666912555695, 0.0443115234375], [0.0, 0.0, 0.0, 1.0]], [[-0.9227968454360962, 0.3829157054424286, -0.0426778644323349, 1.160675048828125], [0.04100452736020088, -0.012534783221781254, -0.9990803599357605, 1.547813892364502], [-0.3830984830856323, -0.9236982464790344, -0.004134217277169228, -0.043701171875], [0.0, 0.0, 0.0, 1.0]]], "view": [[0.0, -2.0, 100.0], [-2.0, 0.0, 100.0], [0.0, 0.0, 1.0]], "bev": "bev_605907c504bf442e9fe42e0635117b87.png", "aux": "aux_605907c504bf442e9fe42e0635117b87.npz", "visibility": "visibility_605907c504bf442e9fe42e0635117b87.png", "pose": [[0.998714029788971, 0.05069795250892639, 0.0, 463.3853759765625], [-0.05069795250892639, 0.998714029788971, 0.0, 1718.11767578125], [0.0, 0.0, 1.0, 0.0], [0.0, 0.0, 0.0, 1.0]], "pose_inverse": [[0.998714029788971, -0.05069795250892639, 0.0, -375.6844177246094], [0.05069795250892639, 0.998714029788971, 0.0, -1739.40087890625], [0.0, 0.0, 1.0, 0.0], [0.0, 0.0, 0.0, 1.0]], "cam_ids": [0, 1, 2, 3, 4, 5], "cam_channels": ["CAM_FRONT_LEFT", "CAM_FRONT", "CAM_FRONT_RIGHT", "CAM_BACK_LEFT", "CAM_BACK", "CAM_BACK_RIGHT"], "token": "605907c504bf442e9fe42e0635117b87", "scene": "scene-0687"}, {"images": ["samples/CAM_FRONT_LEFT/n008-2018-08-28-16-16-48-0400__CAM_FRONT_LEFT__1535488284254799.jpg", "samples/CAM_FRONT/n008-2018-08-28-16-16-48-0400__CAM_FRONT__1535488284262404.jpg", "samples/CAM_FRONT_RIGHT/n008-2018-08-28-16-16-48-0400__CAM_FRONT_RIGHT__1535488284270482.jpg", "samples/CAM_BACK_LEFT/n008-2018-08-28-16-16-48-0400__CAM_BACK_LEFT__1535488284297405.jpg", "samples/CAM_BACK/n008-2018-08-28-16-16-48-0400__CAM_BACK__1535488284287558.jpg", "samples/CAM_BACK_RIGHT/n008-2018-08-28-16-16-48-0400__CAM_BACK_RIGHT__1535488284278113.jpg"], "intrinsics": [[[1257.8625342125129, 0.0, 827.2410631095686], [0.0, 1257.8625342125129, 450.915498205774], [0.0, 0.0, 1.0]], [[1252.8131021185304, 0.0, 826.588114781398], [0.0, 1252.8131021185304, 469.9846626224581], [0.0, 0.0, 1.0]], [[1256.7485116440405, 0.0, 817.7887570959712], [0.0, 1256.7485116440403, 451.9541780095127], [0.0, 0.0, 1.0]], [[1254.9860565800168, 0.0, 829.5769333630991], [0.0, 1254.9860565800168, 467.1680561863987], [0.0, 0.0, 1.0]], [[796.8910634503094, 0.0, 857.7774326863696], [0.0, 796.8910634503094, 476.8848988407415], [0.0, 0.0, 1.0]], [[1249.9629280788233, 0.0, 825.3768045375984], [0.0, 1249.9629280788233, 462.54816385708756], [0.0, 0.0, 1.0]]], "extrinsics": [[[0.8226931095123291, -0.5673218369483948, 0.03635823354125023, -0.99737548828125], [0.054302480071783066, 0.014759980142116547, -0.9984154105186462, 1.4887886047363281], [0.5658861398696899, 0.8233639001846313, 0.042949918657541275, -1.328369140625], [0.0, 0.0, 0.0, 1.0]], [[0.012156033888459206, -0.9998769164085388, -0.009914721362292767, 0.005615234375], [0.056288719177246094, 0.010583994910120964, -0.998358428478241, 1.4805946350097656], [0.9983404874801636, 0.011577988974750042, 0.056410446763038635, -1.727081298828125], [0.0, 0.0, 0.0, 1.0]], [[-0.8416934013366699, -0.5371203422546387, -0.055262986570596695, 1.0855712890625], [0.06435127556324005, 0.0018325556302443147, -0.9979255795478821, 1.4934558868408203], [0.5361073613166809, -0.8435036540031433, 0.03302192687988281, -1.274169921875], [0.0, 0.0, 0.0, 1.0]], [[0.9468870162963867, 0.3187483847141266, 0.04247944429516792, -1.14404296875], [0.03917253762483597, 0.016780897974967957, -0.9990915656089783, 1.5620384216308594], [-0.319171667098999, 0.9476907253265381, 0.0034034312702715397, -0.1561279296875], [0.0, 0.0, 0.0, 1.0]], [[0.008252765983343124, 0.9999192357063293, 0.009667890146374702, -0.0286865234375], [0.04123290255665779, 0.009319715201854706, -0.9991060495376587, 1.5681495666503906], [-0.9991154670715332, 0.008644022978842258, -0.04115266725420952, 0.042205810546875], [0.0, 0.0, 0.0, 1.0]], [[-0.9228713512420654, 0.38222581148147583, -0.04702930524945259, 1.156585693359375], [0.04538504406809807, -0.013322245329618454, -0.9988806843757629, 1.5480122566223145], [-0.3824245035648346, -0.9239729046821594, -0.005052614025771618, -0.045166015625], [0.0, 0.0, 0.0, 1.0]]], "view": [[0.0, -2.0, 100.0], [-2.0, 0.0, 100.0], [0.0, 0.0, 1.0]], "bev": "bev_21cb0d3b89ce44fdac115a303fde6c04.png", "aux": "aux_21cb0d3b89ce44fdac115a303fde6c04.npz", "visibility": "visibility_21cb0d3b89ce44fdac115a303fde6c04.png", "pose": [[0.9983407258987427, 0.057582542300224304, 0.0, 463.4017639160156], [-0.057582542300224304, 0.9983407258987427, 0.0, 1718.115234375], [0.0, 0.0, 1.0, 0.0], [0.0, 0.0, 0.0, 1.0]], "pose_inverse": [[0.9983407258987427, -0.057582542300224304, 0.0, -363.6994323730469], [0.057582542300224304, 0.9983407258987427, 0.0, -1741.9482421875], [0.0, 0.0, 1.0, 0.0], [0.0, 0.0, 0.0, 1.0]], "cam_ids": [0, 1, 2, 3, 4, 5], "cam_channels": ["CAM_FRONT_LEFT", "CAM_FRONT", "CAM_FRONT_RIGHT", "CAM_BACK_LEFT", "CAM_BACK", "CAM_BACK_RIGHT"], "token": "21cb0d3b89ce44fdac115a303fde6c04", "scene": "scene-0687"}, {"images": ["samples/CAM_FRONT_LEFT/n008-2018-08-28-16-16-48-0400__CAM_FRONT_LEFT__1535488284754799.jpg", "samples/CAM_FRONT/n008-2018-08-28-16-16-48-0400__CAM_FRONT__1535488284762404.jpg", "samples/CAM_FRONT_RIGHT/n008-2018-08-28-16-16-48-0400__CAM_FRONT_RIGHT__1535488284770482.jpg", "samples/CAM_BACK_LEFT/n008-2018-08-28-16-16-48-0400__CAM_BACK_LEFT__1535488284797405.jpg", "samples/CAM_BACK/n008-2018-08-28-16-16-48-0400__CAM_BACK__1535488284787558.jpg", "samples/CAM_BACK_RIGHT/n008-2018-08-28-16-16-48-0400__CAM_BACK_RIGHT__1535488284778113.jpg"], "intrinsics": [[[1257.8625342125129, 0.0, 827.2410631095686], [0.0, 1257.8625342125129, 450.915498205774], [0.0, 0.0, 1.0]], [[1252.8131021185304, 0.0, 826.588114781398], [0.0, 1252.8131021185304, 469.9846626224581], [0.0, 0.0, 1.0]], [[1256.7485116440405, 0.0, 817.7887570959712], [0.0, 1256.7485116440403, 451.9541780095127], [0.0, 0.0, 1.0]], [[1254.9860565800168, 0.0, 829.5769333630991], [0.0, 1254.9860565800168, 467.1680561863987], [0.0, 0.0, 1.0]], [[796.8910634503094, 0.0, 857.7774326863696], [0.0, 796.8910634503094, 476.8848988407415], [0.0, 0.0, 1.0]], [[1249.9629280788233, 0.0, 825.3768045375984], [0.0, 1249.9629280788233, 462.54816385708756], [0.0, 0.0, 1.0]]], "extrinsics": [[[0.8231837749481201, -0.5664226412773132, 0.03916439414024353, -0.98095703125], [0.05686667189002037, 0.013619412668049335, -0.9982888698577881, 1.4899635314941406], [0.5649200081825256, 0.8240023851394653, 0.04342184588313103, -1.31689453125], [0.0, 0.0, 0.0, 1.0]], [[0.013022919185459614, -0.9998766779899597, -0.008777782320976257, 0.0059814453125], [0.058916907757520676, 0.00953058060258627, -0.9982174038887024, 1.4815902709960938], [0.9981778860092163, 0.012482532300055027, 0.05903375521302223, -1.7105712890625], [0.0, 0.0, 0.0, 1.0]], [[-0.841195285320282, -0.5377214550971985, -0.056975241750478745, 1.074951171875], [0.06701397150754929, 0.0008839256479404867, -0.9977515935897827, 1.4943275451660156], [0.5365628600120544, -0.843122124671936, 0.03529129922389984, -1.2674560546875], [0.0, 0.0, 0.0, 1.0]], [[0.9467481970787048, 0.31883612275123596, 0.04484773054718971, -1.14410400390625], [0.04186980426311493, 0.01619124598801136, -0.998991847038269, 1.5620384216308594], [-0.31924083828926086, 0.9476715326309204, 0.0019794292747974396, -0.1561279296875], [0.0, 0.0, 0.0, 1.0]], [[0.007957006804645061, 0.9999282956123352, 0.008949573151767254, -0.0286865234375], [0.04389222711324692, 0.008591984398663044, -0.998999297618866, 1.568368911743164], [-0.999004602432251, 0.008341856300830841, -0.04382071644067764, 0.037445068359375], [0.0, 0.0, 0.0, 1.0]], [[-0.9229223132133484, 0.3817499876022339, -0.04981210455298424, 1.14813232421875], [0.04804146662354469, -0.014174300245940685, -0.998744785785675, 1.5484647750854492], [-0.38197681307792664, -0.924156904220581, -0.005258048884570599, -0.048828125], [0.0, 0.0, 0.0, 1.0]]], "view": [[0.0, -2.0, 100.0], [-2.0, 0.0, 100.0], [0.0, 0.0, 1.0]], "bev": "bev_44c6b7041790497fa484df7dd626799e.png", "aux": "aux_44c6b7041790497fa484df7dd626799e.npz", "visibility": "visibility_44c6b7041790497fa484df7dd626799e.png", "pose": [[0.99647057056427, 0.08394306898117065, 0.0, 463.6282653808594], [-0.08394306898117065, 0.99647057056427, 0.0, 1718.0970458984375], [0.0, 0.0, 1.0, 0.0], [0.0, 0.0, 0.0, 1.0]], "pose_inverse": [[0.99647057056427, -0.08394306898117065, 0.0, -317.7695617675781], [0.08394306898117065, 0.99647057056427, 0.0, -1750.9515380859375], [0.0, 0.0, 1.0, 0.0], [0.0, 0.0, 0.0, 1.0]], "cam_ids": [0, 1, 2, 3, 4, 5], "cam_channels": ["CAM_FRONT_LEFT", "CAM_FRONT", "CAM_FRONT_RIGHT", "CAM_BACK_LEFT", "CAM_BACK", "CAM_BACK_RIGHT"], "token": "44c6b7041790497fa484df7dd626799e", "scene": "scene-0687"}, {"images": ["samples/CAM_FRONT_LEFT/n008-2018-08-28-16-16-48-0400__CAM_FRONT_LEFT__1535488285254799.jpg", "samples/CAM_FRONT/n008-2018-08-28-16-16-48-0400__CAM_FRONT__1535488285262404.jpg", "samples/CAM_FRONT_RIGHT/n008-2018-08-28-16-16-48-0400__CAM_FRONT_RIGHT__1535488285270482.jpg", "samples/CAM_BACK_LEFT/n008-2018-08-28-16-16-48-0400__CAM_BACK_LEFT__1535488285297405.jpg", "samples/CAM_BACK/n008-2018-08-28-16-16-48-0400__CAM_BACK__1535488285287558.jpg", "samples/CAM_BACK_RIGHT/n008-2018-08-28-16-16-48-0400__CAM_BACK_RIGHT__1535488285278113.jpg"], "intrinsics": [[[1257.8625342125129, 0.0, 827.2410631095686], [0.0, 1257.8625342125129, 450.915498205774], [0.0, 0.0, 1.0]], [[1252.8131021185304, 0.0, 826.588114781398], [0.0, 1252.8131021185304, 469.9846626224581], [0.0, 0.0, 1.0]], [[1256.7485116440405, 0.0, 817.7887570959712], [0.0, 1256.7485116440403, 451.9541780095127], [0.0, 0.0, 1.0]], [[1254.9860565800168, 0.0, 829.5769333630991], [0.0, 1254.9860565800168, 467.1680561863987], [0.0, 0.0, 1.0]], [[796.8910634503094, 0.0, 857.7774326863696], [0.0, 796.8910634503094, 476.8848988407415], [0.0, 0.0, 1.0]], [[1249.9629280788233, 0.0, 825.3768045375984], [0.0, 1249.9629280788233, 462.54816385708756], [0.0, 0.0, 1.0]]], "extrinsics": [[[0.8232812285423279, -0.5662536025047302, 0.039559751749038696, -0.952880859375], [0.05764894187450409, 0.014077180065214634, -0.998237669467926, 1.4919700622558594], [0.5646988153457642, 0.8241108655929565, 0.04423339664936066, -1.2969970703125], [0.0, 0.0, 0.0, 1.0]], [[0.0132070267572999, -0.999869704246521, -0.00928211584687233, 0.0057373046875], [0.05960944667458534, 0.01005371380597353, -0.9981711506843567, 1.4832935333251953], [0.9981343746185303, 0.012629575096070766, 0.05973445251584053, -1.68243408203125], [0.0, 0.0, 0.0, 1.0]], [[-0.8410881757736206, -0.5377985239028931, -0.057822905480861664, 1.056396484375], [0.06763743609189987, 0.0014901170507073402, -0.9977088570594788, 1.4958019256591797], [0.5366525650024414, -0.8430721163749695, 0.03512199595570564, -1.2562255859375], [0.0, 0.0, 0.0, 1.0]], [[0.9467186331748962, 0.31882211565971375, 0.0455670990049839, -1.14434814453125], [0.042311448603868484, 0.017133574932813644, -0.9989575743675232, 1.5620231628417969], [-0.3192704916000366, 0.9476596713066101, 0.0027308480348438025, -0.1558837890625], [0.0, 0.0, 0.0, 1.0]], [[0.00788913108408451, 0.9999212026596069, 0.009762781672179699, -0.028564453125], [0.04441749304533005, 0.009403039701282978, -0.998968780040741, 1.568704605102539], [-0.9989820122718811, 0.008314625360071659, -0.04433981701731682, 0.029876708984375], [0.0, 0.0, 0.0, 1.0]], [[-0.9229288101196289, 0.3816976845264435, -0.05009259283542633, 1.134246826171875], [0.04863128811120987, -0.013480685651302338, -0.9987258315086365, 1.549210548400879], [-0.3818865716457367, -0.9241889119148254, -0.006120737176388502, -0.0548095703125], [0.0, 0.0, 0.0, 1.0]]], "view": [[0.0, -2.0, 100.0], [-2.0, 0.0, 100.0], [0.0, 0.0, 1.0]], "bev": "bev_74872df392a645d8a6aa3f176df7cc82.png", "aux": "aux_74872df392a645d8a6aa3f176df7cc82.npz", "visibility": "visibility_74872df392a645d8a6aa3f176df7cc82.png", "pose": [[0.9932592511177063, 0.1159142330288887, 0.0, 464.1899719238281], [-0.1159142330288887, 0.9932592511177063, 0.0, 1718.0391845703125], [0.0, 0.0, 1.0, 0.0], [0.0, 0.0, 0.0, 1.0]], "pose_inverse": [[0.9932592511177063, -0.1159142330288887, 0.0, -261.915771484375], [0.1159142330288887, 0.9932592511177063, 0.0, -1760.2645263671875], [0.0, 0.0, 1.0, 0.0], [0.0, 0.0, 0.0, 1.0]], "cam_ids": [0, 1, 2, 3, 4, 5], "cam_channels": ["CAM_FRONT_LEFT", "CAM_FRONT", "CAM_FRONT_RIGHT", "CAM_BACK_LEFT", "CAM_BACK", "CAM_BACK_RIGHT"], "token": "74872df392a645d8a6aa3f176df7cc82", "scene": "scene-0687"}, {"images": ["samples/CAM_FRONT_LEFT/n008-2018-08-28-16-16-48-0400__CAM_FRONT_LEFT__1535488285754799.jpg", "samples/CAM_FRONT/n008-2018-08-28-16-16-48-0400__CAM_FRONT__1535488285762404.jpg", "samples/CAM_FRONT_RIGHT/n008-2018-08-28-16-16-48-0400__CAM_FRONT_RIGHT__1535488285770482.jpg", "samples/CAM_BACK_LEFT/n008-2018-08-28-16-16-48-0400__CAM_BACK_LEFT__1535488285797405.jpg", "samples/CAM_BACK/n008-2018-08-28-16-16-48-0400__CAM_BACK__1535488285787558.jpg", "samples/CAM_BACK_RIGHT/n008-2018-08-28-16-16-48-0400__CAM_BACK_RIGHT__1535488285778113.jpg"], "intrinsics": [[[1257.8625342125129, 0.0, 827.2410631095686], [0.0, 1257.8625342125129, 450.915498205774], [0.0, 0.0, 1.0]], [[1252.8131021185304, 0.0, 826.588114781398], [0.0, 1252.8131021185304, 469.9846626224581], [0.0, 0.0, 1.0]], [[1256.7485116440405, 0.0, 817.7887570959712], [0.0, 1256.7485116440403, 451.9541780095127], [0.0, 0.0, 1.0]], [[1254.9860565800168, 0.0, 829.5769333630991], [0.0, 1254.9860565800168, 467.1680561863987], [0.0, 0.0, 1.0]], [[796.8910634503094, 0.0, 857.7774326863696], [0.0, 796.8910634503094, 476.8848988407415], [0.0, 0.0, 1.0]], [[1249.9629280788233, 0.0, 825.3768045375984], [0.0, 1249.9629280788233, 462.54816385708756], [0.0, 0.0, 1.0]]], "extrinsics": [[[0.8232664465904236, -0.5666913986206055, 0.033065568655729294, -0.93621826171875], [0.05181724950671196, 0.017016395926475525, -0.9985116124153137, 1.4926261901855469], [0.5652852654457092, 0.8237544298171997, 0.04337341710925102, -1.2860107421875], [0.0, 0.0, 0.0, 1.0]], [[0.012828134000301361, -0.9998444318771362, -0.012103153392672539, 0.006103515625], [0.05361874774098396, 0.012774570845067501, -0.9984797835350037, 1.4838638305664062], [0.9984790682792664, 0.012159706093370914, 0.053774286061525345, -1.6658782958984375], [0.0, 0.0, 0.0, 1.0]], [[-0.8415564298629761, -0.5374653935432434, -0.053979720920324326, 1.045654296875], [0.06148193031549454, 0.00397544214501977, -0.9981002807617188, 1.4963493347167969], [0.5366589426994324, -0.8432764410972595, 0.029698852449655533, -1.2490234375], [0.0, 0.0, 0.0, 1.0]], [[0.9470050930976868, 0.3187340795993805, 0.039872124791145325, -1.14471435546875], [0.035742901265621185, 0.018795888870954514, -0.999184250831604, 1.56201171875], [-0.3192235231399536, 0.9476578235626221, 0.006407324690371752, -0.1558837890625], [0.0, 0.0, 0.0, 1.0]], [[0.008045591413974762, 0.99989914894104, 0.011701698414981365, -0.028564453125], [0.03798694163560867, 0.011388014070689678, -0.9992132782936096, 1.5687923431396484], [-0.999245822429657, 0.008483785204589367, -0.03789149224758148, 0.025115966796875], [0.0, 0.0, 0.0, 1.0]], [[-0.9231642484664917, 0.38194701075553894, -0.04340801760554314, 1.12518310546875], [0.04233839735388756, -0.011208551935851574, -0.999040424823761, 1.5494403839111328], [-0.3820670545101166, -0.9241162538528442, -0.005823689047247171, -0.058349609375], [0.0, 0.0, 0.0, 1.0]]], "view": [[0.0, -2.0, 100.0], [-2.0, 0.0, 100.0], [0.0, 0.0, 1.0]], "bev": "bev_85fb7f6728ef40169c796f85ecea61e3.png", "aux": "aux_85fb7f6728ef40169c796f85ecea61e3.npz", "visibility": "visibility_85fb7f6728ef40169c796f85ecea61e3.png", "pose": [[0.9896776080131531, 0.14331169426441193, 0.0, 465.06500244140625], [-0.14331169426441193, 0.9896776080131531, 0.0, 1717.9256591796875], [0.0, 0.0, 1.0, 0.0], [0.0, 0.0, 0.0, 1.0]], "pose_inverse": [[0.9896776080131531, -0.14331169426441193, 0.0, -214.06558227539062], [0.14331169426441193, 0.9896776080131531, 0.0, -1766.841796875], [0.0, 0.0, 1.0, 0.0], [0.0, 0.0, 0.0, 1.0]], "cam_ids": [0, 1, 2, 3, 4, 5], "cam_channels": ["CAM_FRONT_LEFT", "CAM_FRONT", "CAM_FRONT_RIGHT", "CAM_BACK_LEFT", "CAM_BACK", "CAM_BACK_RIGHT"], "token": "85fb7f6728ef40169c796f85ecea61e3", "scene": "scene-0687"}, {"images": ["samples/CAM_FRONT_LEFT/n008-2018-08-28-16-16-48-0400__CAM_FRONT_LEFT__1535488286154799.jpg", "samples/CAM_FRONT/n008-2018-08-28-16-16-48-0400__CAM_FRONT__1535488286162404.jpg", "samples/CAM_FRONT_RIGHT/n008-2018-08-28-16-16-48-0400__CAM_FRONT_RIGHT__1535488286170482.jpg", "samples/CAM_BACK_LEFT/n008-2018-08-28-16-16-48-0400__CAM_BACK_LEFT__1535488286197405.jpg", "samples/CAM_BACK/n008-2018-08-28-16-16-48-0400__CAM_BACK__1535488286187558.jpg", "samples/CAM_BACK_RIGHT/n008-2018-08-28-16-16-48-0400__CAM_BACK_RIGHT__1535488286178113.jpg"], "intrinsics": [[[1257.8625342125129, 0.0, 827.2410631095686], [0.0, 1257.8625342125129, 450.915498205774], [0.0, 0.0, 1.0]], [[1252.8131021185304, 0.0, 826.588114781398], [0.0, 1252.8131021185304, 469.9846626224581], [0.0, 0.0, 1.0]], [[1256.7485116440405, 0.0, 817.7887570959712], [0.0, 1256.7485116440403, 451.9541780095127], [0.0, 0.0, 1.0]], [[1254.9860565800168, 0.0, 829.5769333630991], [0.0, 1254.9860565800168, 467.1680561863987], [0.0, 0.0, 1.0]], [[796.8910634503094, 0.0, 857.7774326863696], [0.0, 796.8910634503094, 476.8848988407415], [0.0, 0.0, 1.0]], [[1249.9629280788233, 0.0, 825.3768045375984], [0.0, 1249.9629280788233, 462.54816385708756], [0.0, 0.0, 1.0]]], "extrinsics": [[[0.825157105922699, -0.5642198920249939, 0.027782341465353966, -0.916015625], [0.04630216583609581, 0.018536724150180817, -0.9987554550170898, 1.4932823181152344], [0.5630027055740356, 0.8254164457321167, 0.041420307010412216, -1.27294921875], [0.0, 0.0, 0.0, 1.0]], [[0.015288207679986954, -0.9997903108596802, -0.013625793159008026, 0.0067138671875], [0.04821554943919182, 0.014348679222166538, -0.9987338781356812, 1.4844303131103516], [0.9987199306488037, 0.014611862599849701, 0.04842480272054672, -1.646270751953125], [0.0, 0.0, 0.0, 1.0]], [[-0.840776801109314, -0.5390346050262451, -0.05035948008298874, 1.033447265625], [0.05621424689888954, 0.00559413293376565, -0.998403012752533, 1.4968948364257812], [0.5384555459022522, -0.8422650694847107, 0.025598004460334778, -1.2408447265625], [0.0, 0.0, 0.0, 1.0]], [[0.9472141265869141, 0.3186133801937103, 0.035651154816150665, -1.14544677734375], [0.030735008418560028, 0.02044553868472576, -0.9993184804916382, 1.5619964599609375], [-0.31912514567375183, 0.9476642608642578, 0.009573716670274734, -0.15576171875], [0.0, 0.0, 0.0, 1.0]], [[0.007417186629027128, 0.9998846054077148, 0.013257195241749287, -0.02880859375], [0.0329415537416935, 0.013006044551730156, -0.9993726015090942, 1.56884765625], [-0.9994297623634338, 0.0078492546454072, -0.03284129127860069, 0.0203857421875], [0.0, 0.0, 0.0, 1.0]], [[-0.9239127039909363, 0.38070622086524963, -0.038052693009376526, 1.11572265625], [0.03719640523195267, -0.009609426371753216, -0.999261736869812, 1.5496177673339844], [-0.3807908594608307, -0.9246460795402527, -0.005282632075250149, -0.06201171875], [0.0, 0.0, 0.0, 1.0]]], "view": [[0.0, -2.0, 100.0], [-2.0, 0.0, 100.0], [0.0, 0.0, 1.0]], "bev": "bev_cef34dadb52f4d3f8f378c66e6040e58.png", "aux": "aux_cef34dadb52f4d3f8f378c66e6040e58.npz", "visibility": "visibility_cef34dadb52f4d3f8f378c66e6040e58.png", "pose": [[0.984481155872345, 0.17549045383930206, 0.0, 465.93365478515625], [-0.17549045383930206, 0.984481155872345, 0.0, 1717.78564453125], [0.0, 0.0, 1.0, 0.0], [0.0, 0.0, 0.0, 1.0]], "pose_inverse": [[0.984481155872345, -0.17549045383930206, 0.0, -157.24790954589844], [0.17549045383930206, 0.984481155872345, 0.0, -1772.8944091796875], [0.0, 0.0, 1.0, 0.0], [0.0, 0.0, 0.0, 1.0]], "cam_ids": [0, 1, 2, 3, 4, 5], "cam_channels": ["CAM_FRONT_LEFT", "CAM_FRONT", "CAM_FRONT_RIGHT", "CAM_BACK_LEFT", "CAM_BACK", "CAM_BACK_RIGHT"], "token": "cef34dadb52f4d3f8f378c66e6040e58", "scene": "scene-0687"}, {"images": ["samples/CAM_FRONT_LEFT/n008-2018-08-28-16-16-48-0400__CAM_FRONT_LEFT__1535488286654799.jpg", "samples/CAM_FRONT/n008-2018-08-28-16-16-48-0400__CAM_FRONT__1535488286662404.jpg", "samples/CAM_FRONT_RIGHT/n008-2018-08-28-16-16-48-0400__CAM_FRONT_RIGHT__1535488286670482.jpg", "samples/CAM_BACK_LEFT/n008-2018-08-28-16-16-48-0400__CAM_BACK_LEFT__1535488286697405.jpg", "samples/CAM_BACK/n008-2018-08-28-16-16-48-0400__CAM_BACK__1535488286687558.jpg", "samples/CAM_BACK_RIGHT/n008-2018-08-28-16-16-48-0400__CAM_BACK_RIGHT__1535488286678113.jpg"], "intrinsics": [[[1257.8625342125129, 0.0, 827.2410631095686], [0.0, 1257.8625342125129, 450.915498205774], [0.0, 0.0, 1.0]], [[1252.8131021185304, 0.0, 826.588114781398], [0.0, 1252.8131021185304, 469.9846626224581], [0.0, 0.0, 1.0]], [[1256.7485116440405, 0.0, 817.7887570959712], [0.0, 1256.7485116440403, 451.9541780095127], [0.0, 0.0, 1.0]], [[1254.9860565800168, 0.0, 829.5769333630991], [0.0, 1254.9860565800168, 467.1680561863987], [0.0, 0.0, 1.0]], [[796.8910634503094, 0.0, 857.7774326863696], [0.0, 796.8910634503094, 476.8848988407415], [0.0, 0.0, 1.0]], [[1249.9629280788233, 0.0, 825.3768045375984], [0.0, 1249.9629280788233, 462.54816385708756], [0.0, 0.0, 1.0]]], "extrinsics": [[[0.8278262615203857, -0.5606119632720947, 0.020442306995391846, -0.90185546875], [0.03861023485660553, 0.020584365352988243, -0.999042272567749, 1.493133544921875], [0.5596542954444885, 0.827822744846344, 0.038685642182826996, -1.2630615234375], [0.0, 0.0, 0.0, 1.0]], [[0.018795598298311234, -0.9996991753578186, -0.015756435692310333, 0.0068359375], [0.04066745191812515, 0.01651058718562126, -0.9990363121032715, 1.4843177795410156], [0.9989959001541138, 0.018136700615286827, 0.04096554219722748, -1.6328258514404297], [0.0, 0.0, 0.0, 1.0]], [[-0.8396230936050415, -0.5412783622741699, -0.045283351093530655, 1.0255126953125], [0.04879746213555336, 0.007863830775022507, -0.9987776875495911, 1.4968557357788086], [0.5409729480743408, -0.8408067226409912, 0.019810356199741364, -1.23583984375], [0.0, 0.0, 0.0, 1.0]], [[0.9474741816520691, 0.3184671401977539, 0.029518824070692062, -1.14581298828125], [0.023453060537576675, 0.02286519855260849, -0.9994633793830872, 1.5620002746582031], [-0.31897127628326416, 0.947658121585846, 0.01419515535235405, -0.155517578125], [0.0, 0.0, 0.0, 1.0]], [[0.006536427885293961, 0.9998577237129211, 0.015547540038824081, -0.02880859375], [0.025549007579684258, 0.015375813469290733, -0.999555230140686, 1.5687446594238281], [-0.9996522068977356, 0.006930715404450893, -0.025444870814681053, 0.01749420166015625], [0.0, 0.0, 0.0, 1.0]], [[-0.9249243140220642, 0.3789336383342743, -0.030399087816476822, 1.11016845703125], [0.02985093928873539, -0.007322813384234905, -0.9995275735855103, 1.549443244934082], [-0.3789771497249603, -0.9253948330879211, -0.0045384750701487064, -0.0643310546875], [0.0, 0.0, 0.0, 1.0]]], "view": [[0.0, -2.0, 100.0], [-2.0, 0.0, 100.0], [0.0, 0.0, 1.0]], "bev": "bev_b67b4af69b6a46c3bfb1ba76450b0310.png", "aux": "aux_b67b4af69b6a46c3bfb1ba76450b0310.npz", "visibility": "visibility_b67b4af69b6a46c3bfb1ba76450b0310.png", "pose": [[0.9638910889625549, 0.26629671454429626, 0.0, 467.2791748046875], [-0.26629671454429626, 0.9638910889625549, 0.0, 1717.481689453125], [0.0, 0.0, 1.0, 0.0], [0.0, 0.0, 0.0, 1.0]], "pose_inverse": [[0.9638910889625549, -0.26629671454429626, 0.0, 6.953474521636963], [0.26629671454429626, 0.9638910889625549, 0.0, -1779.9002685546875], [0.0, 0.0, 1.0, 0.0], [0.0, 0.0, 0.0, 1.0]], "cam_ids": [0, 1, 2, 3, 4, 5], "cam_channels": ["CAM_FRONT_LEFT", "CAM_FRONT", "CAM_FRONT_RIGHT", "CAM_BACK_LEFT", "CAM_BACK", "CAM_BACK_RIGHT"], "token": "b67b4af69b6a46c3bfb1ba76450b0310", "scene": "scene-0687"}, {"images": ["samples/CAM_FRONT_LEFT/n008-2018-08-28-16-16-48-0400__CAM_FRONT_LEFT__1535488287154799.jpg", "samples/CAM_FRONT/n008-2018-08-28-16-16-48-0400__CAM_FRONT__1535488287162404.jpg", "samples/CAM_FRONT_RIGHT/n008-2018-08-28-16-16-48-0400__CAM_FRONT_RIGHT__1535488287170482.jpg", "samples/CAM_BACK_LEFT/n008-2018-08-28-16-16-48-0400__CAM_BACK_LEFT__1535488287197405.jpg", "samples/CAM_BACK/n008-2018-08-28-16-16-48-0400__CAM_BACK__1535488287187558.jpg", "samples/CAM_BACK_RIGHT/n008-2018-08-28-16-16-48-0400__CAM_BACK_RIGHT__1535488287178113.jpg"], "intrinsics": [[[1257.8625342125129, 0.0, 827.2410631095686], [0.0, 1257.8625342125129, 450.915498205774], [0.0, 0.0, 1.0]], [[1252.8131021185304, 0.0, 826.588114781398], [0.0, 1252.8131021185304, 469.9846626224581], [0.0, 0.0, 1.0]], [[1256.7485116440405, 0.0, 817.7887570959712], [0.0, 1256.7485116440403, 451.9541780095127], [0.0, 0.0, 1.0]], [[1254.9860565800168, 0.0, 829.5769333630991], [0.0, 1254.9860565800168, 467.1680561863987], [0.0, 0.0, 1.0]], [[796.8910634503094, 0.0, 857.7774326863696], [0.0, 796.8910634503094, 476.8848988407415], [0.0, 0.0, 1.0]], [[1249.9629280788233, 0.0, 825.3768045375984], [0.0, 1249.9629280788233, 462.54816385708756], [0.0, 0.0, 1.0]]], "extrinsics": [[[0.8300101161003113, -0.5575010180473328, 0.016615137457847595, -0.8753662109375], [0.03501824289560318, 0.022358166053891182, -0.9991365075111389, 1.4938411712646484], [0.5566481351852417, 0.8298751711845398, 0.03808020427823067, -1.244384765625], [0.0, 0.0, 0.0, 1.0]], [[0.022262491285800934, -0.999597430229187, -0.017588993534445763, 0.0069580078125], [0.03702666610479355, 0.018405664712190628, -0.9991447925567627, 1.484975814819336], [0.9990662336349487, 0.02159213460981846, 0.03742150962352753, -1.6055450439453125], [0.0, 0.0, 0.0, 1.0]], [[-0.8380026817321777, -0.5439510941505432, -0.04322780668735504, 1.0068359375], [0.045088887214660645, 0.009922034107148647, -0.998933732509613, 1.4975686073303223], [0.5437999963760376, -0.8390582799911499, 0.016211457550525665, -1.2239990234375], [0.0, 0.0, 0.0, 1.0]], [[0.9467591047286987, 0.32083913683891296, 0.026636146008968353, -1.14471435546875], [0.019507380202412605, 0.025413619354367256, -0.9994866847991943, 1.5620307922363281], [-0.32135140895843506, 0.9467926621437073, 0.017801841720938683, -0.1556396484375], [0.0, 0.0, 0.0, 1.0]], [[0.0037873112596571445, 0.9998349547386169, 0.017765793949365616, -0.02880859375], [0.021711857989430428, 0.017679516226053238, -0.9996079206466675, 1.568887710571289], [-0.9997571706771851, 0.0041715423576533794, -0.021641317754983902, 0.00640869140625], [0.0, 0.0, 0.0, 1.0]], [[-0.9261894226074219, 0.37615373730659485, -0.026102742180228233, 1.09423828125], [0.026065880432724953, -0.005188238341361284, -0.999646782875061, 1.5496845245361328], [-0.3761562407016754, -0.9265427589416504, -0.004999484401196241, -0.0711669921875], [0.0, 0.0, 0.0, 1.0]]], "view": [[0.0, -2.0, 100.0], [-2.0, 0.0, 100.0], [0.0, 0.0, 1.0]], "bev": "bev_e5a9a1fbd0724dd69a64d21c30f6c34e.png", "aux": "aux_e5a9a1fbd0724dd69a64d21c30f6c34e.npz", "visibility": "visibility_e5a9a1fbd0724dd69a64d21c30f6c34e.png", "pose": [[0.9210055470466614, 0.38954949378967285, 0.0, 468.8232421875], [-0.38954949378967285, 0.9210055470466614, 0.0, 1716.9464111328125], [0.0, 0.0, 1.0, 0.0], [0.0, 0.0, 0.0, 1.0]], "pose_inverse": [[0.9210055470466614, -0.38954949378967285, 0.0, 237.04678344726562], [0.38954949378967285, 0.9210055470466614, 0.0, -1763.947021484375], [0.0, 0.0, 1.0, 0.0], [0.0, 0.0, 0.0, 1.0]], "cam_ids": [0, 1, 2, 3, 4, 5], "cam_channels": ["CAM_FRONT_LEFT", "CAM_FRONT", "CAM_FRONT_RIGHT", "CAM_BACK_LEFT", "CAM_BACK", "CAM_BACK_RIGHT"], "token": "e5a9a1fbd0724dd69a64d21c30f6c34e", "scene": "scene-0687"}, {"images": ["samples/CAM_FRONT_LEFT/n008-2018-08-28-16-16-48-0400__CAM_FRONT_LEFT__1535488287654799.jpg", "samples/CAM_FRONT/n008-2018-08-28-16-16-48-0400__CAM_FRONT__1535488287662404.jpg", "samples/CAM_FRONT_RIGHT/n008-2018-08-28-16-16-48-0400__CAM_FRONT_RIGHT__1535488287670482.jpg", "samples/CAM_BACK_LEFT/n008-2018-08-28-16-16-48-0400__CAM_BACK_LEFT__1535488287697405.jpg", "samples/CAM_BACK/n008-2018-08-28-16-16-48-0400__CAM_BACK__1535488287687558.jpg", "samples/CAM_BACK_RIGHT/n008-2018-08-28-16-16-48-0400__CAM_BACK_RIGHT__1535488287678113.jpg"], "intrinsics": [[[1257.8625342125129, 0.0, 827.2410631095686], [0.0, 1257.8625342125129, 450.915498205774], [0.0, 0.0, 1.0]], [[1252.8131021185304, 0.0, 826.588114781398], [0.0, 1252.8131021185304, 469.9846626224581], [0.0, 0.0, 1.0]], [[1256.7485116440405, 0.0, 817.7887570959712], [0.0, 1256.7485116440403, 451.9541780095127], [0.0, 0.0, 1.0]], [[1254.9860565800168, 0.0, 829.5769333630991], [0.0, 1254.9860565800168, 467.1680561863987], [0.0, 0.0, 1.0]], [[796.8910634503094, 0.0, 857.7774326863696], [0.0, 796.8910634503094, 476.8848988407415], [0.0, 0.0, 1.0]], [[1249.9629280788233, 0.0, 825.3768045375984], [0.0, 1249.9629280788233, 462.54816385708756], [0.0, 0.0, 1.0]]], "extrinsics": [[[0.8248035311698914, -0.5654054880142212, 0.003982489462941885, -0.8594970703125], [0.02403818815946579, 0.028027694672346115, -0.9993180632591248, 1.4925155639648438], [0.5649082660675049, 0.8243368268013, 0.036708664149045944, -1.2342529296875], [0.0, 0.0, 0.0, 1.0]], [[0.01380143128335476, -0.9996263384819031, -0.023594535887241364, 0.0076904296875], [0.025751406326889992, 0.023944297805428505, -0.9993815422058105, 1.4838619232177734], [0.9995730519294739, 0.01318531483411789, 0.026072250679135323, -1.590850830078125], [0.0, 0.0, 0.0, 1.0]], [[-0.8422143459320068, -0.5379080176353455, -0.036466777324676514, 0.9984130859375], [0.033495038747787476, 0.015303796157240868, -0.999321699142456, 1.4967412948608398], [0.5381012558937073, -0.8428645730018616, 0.005128174554556608, -1.2183837890625], [0.0, 0.0, 0.0, 1.0]], [[0.947679877281189, 0.31880682706832886, 0.01628207229077816, -1.1482696533203125], [0.00687490263953805, 0.030610544607043266, -0.9995077252388, 1.5619964599609375], [-0.31914830207824707, 0.9473252892494202, 0.026817230507731438, -0.155029296875], [0.0, 0.0, 0.0, 1.0]], [[0.007904117926955223, 0.9997020959854126, 0.023092476651072502, -0.02880859375], [0.009482947178184986, 0.023017222061753273, -0.9996901154518127, 1.5684089660644531], [-0.9999238848686218, 0.008120647631585598, -0.009298191405832767, 0.006927490234375], [0.0, 0.0, 0.0, 1.0]], [[-0.924