[{"images": ["samples/CAM_FRONT_LEFT/n008-2018-08-29-16-04-13-0400__CAM_FRONT_LEFT__1535573340854799.jpg", "samples/CAM_FRONT/n008-2018-08-29-16-04-13-0400__CAM_FRONT__1535573340862404.jpg", "samples/CAM_FRONT_RIGHT/n008-2018-08-29-16-04-13-0400__CAM_FRONT_RIGHT__1535573340870482.jpg", "samples/CAM_BACK_LEFT/n008-2018-08-29-16-04-13-0400__CAM_BACK_LEFT__1535573340897405.jpg", "samples/CAM_BACK/n008-2018-08-29-16-04-13-0400__CAM_BACK__1535573340887558.jpg", "samples/CAM_BACK_RIGHT/n008-2018-08-29-16-04-13-0400__CAM_BACK_RIGHT__1535573340878113.jpg"], "intrinsics": [[[1257.8625342125129, 0.0, 827.2410631095686], [0.0, 1257.8625342125129, 450.915498205774], [0.0, 0.0, 1.0]], [[1252.8131021185304, 0.0, 826.588114781398], [0.0, 1252.8131021185304, 469.9846626224581], [0.0, 0.0, 1.0]], [[1256.7485116440405, 0.0, 817.7887570959712], [0.0, 1256.7485116440403, 451.9541780095127], [0.0, 0.0, 1.0]], [[1254.9860565800168, 0.0, 829.5769333630991], [0.0, 1254.9860565800168, 467.1680561863987], [0.0, 0.0, 1.0]], [[796.8910634503094, 0.0, 857.7774326863696], [0.0, 796.8910634503094, 476.8848988407415], [0.0, 0.0, 1.0]], [[1249.9629280788233, 0.0, 825.3768045375984], [0.0, 1249.9629280788233, 462.54816385708756], [0.0, 0.0, 1.0]]], "extrinsics": [[[0.8226534724235535, -0.5685424208641052, 0.0009562894701957703, -0.84619140625], [0.02841019071638584, 0.039428163319826126, -0.9988184571266174, 1.4936294555664062], [0.5678329467773438, 0.821708619594574, 0.048588111996650696, -1.22705078125], [0.0, 0.0, 0.0, 1.0]], [[0.010840542614459991, -0.9993292093276978, -0.03498020023107529, 0.00927734375], [0.030391622334718704, 0.03529537096619606, -0.9989147186279297, 1.4848861694335938], [0.9994792342185974, 0.009765728376805782, 0.030753860250115395, -1.576812744140625], [0.0, 0.0, 0.0, 1.0]], [[-0.843285083770752, -0.535434365272522, -0.04669462516903877, 0.9884033203125], [0.03843139484524727, 0.026585867628455162, -0.9989075064659119, 1.4977302551269531], [0.5360907912254333, -0.8441583514213562, -0.001841978752054274, -1.2105712890625], [0.0, 0.0, 0.0, 1.0]], [[0.9476528167724609, 0.31826964020729065, 0.025662507861852646, -1.1416015625], [0.013048533350229263, 0.04170212149620056, -0.9990448951721191, 1.5620651245117188], [-0.3190358579158783, 0.94708251953125, 0.03536618500947952, -0.156982421875], [0.0, 0.0, 0.0, 1.0]], [[0.008775372058153152, 0.9993714094161987, 0.034347131848335266, -0.029052734375], [0.015149785205721855, 0.03421163931488991, -0.9992997646331787, 1.5687408447265625], [-0.9998468160629272, 0.009289585053920746, -0.01484004408121109, -0.0023193359375], [0.0, 0.0, 0.0, 1.0]], [[-0.9235548973083496, 0.3832291066646576, -0.013482261449098587, 1.078460693359375], [0.01937497779726982, 0.011520571075379848, -0.9997459053993225, 1.549509048461914], [-0.38297635316848755, -0.9235814809799194, -0.01806493289768696, -0.076416015625], [0.0, 0.0, 0.0, 1.0]]], "view": [[0.0, -2.0, 100.0], [-2.0, 0.0, 100.0], [0.0, 0.0, 1.0]], "bev": "bev_19469ec087584da5b9caccbf5bde8903.png", "aux": "aux_19469ec087584da5b9caccbf5bde8903.npz", "visibility": "visibility_19469ec087584da5b9caccbf5bde8903.png", "pose": [[-0.8160108923912048, -0.5780365467071533, 0.0, 1210.568603515625], [0.5780365467071533, -0.8160108923912048, 0.0, 1116.098876953125], [0.0, 0.0, 1.0, 0.0], [0.0, 0.0, 0.0, 1.0]], "pose_inverse": [[-0.8160108923912048, 0.5780365467071533, 0.0, 342.6912536621094], [-0.5780365467071533, -0.8160108923912048, 0.0, 1610.501708984375], [0.0, 0.0, 1.0, 0.0], [0.0, 0.0, 0.0, 1.0]], "cam_ids": [0, 1, 2, 3, 4, 5], "cam_channels": ["CAM_FRONT_LEFT", "CAM_FRONT", "CAM_FRONT_RIGHT", "CAM_BACK_LEFT", "CAM_BACK", "CAM_BACK_RIGHT"], "token": "19469ec087584da5b9caccbf5bde8903", "scene": "scene-0707"}, {"images": ["samples/CAM_FRONT_LEFT/n008-2018-08-29-16-04-13-0400__CAM_FRONT_LEFT__1535573341354799.jpg", "samples/CAM_FRONT/n008-2018-08-29-16-04-13-0400__CAM_FRONT__1535573341362404.jpg", "samples/CAM_FRONT_RIGHT/n008-2018-08-29-16-04-13-0400__CAM_FRONT_RIGHT__1535573341370482.jpg", "samples/CAM_BACK_LEFT/n008-2018-08-29-16-04-13-0400__CAM_BACK_LEFT__1535573341397405.jpg", "samples/CAM_BACK/n008-2018-08-29-16-04-13-0400__CAM_BACK__1535573341387558.jpg", "samples/CAM_BACK_RIGHT/n008-2018-08-29-16-04-13-0400__CAM_BACK_RIGHT__1535573341378113.jpg"], "intrinsics": [[[1257.8625342125129, 0.0, 827.2410631095686], [0.0, 1257.8625342125129, 450.915498205774], [0.0, 0.0, 1.0]], [[1252.8131021185304, 0.0, 826.588114781398], [0.0, 1252.8131021185304, 469.9846626224581], [0.0, 0.0, 1.0]], [[1256.7485116440405, 0.0, 817.7887570959712], [0.0, 1256.7485116440403, 451.9541780095127], [0.0, 0.0, 1.0]], [[1254.9860565800168, 0.0, 829.5769333630991], [0.0, 1254.9860565800168, 467.1680561863987], [0.0, 0.0, 1.0]], [[796.8910634503094, 0.0, 857.7774326863696], [0.0, 796.8910634503094, 476.8848988407415], [0.0, 0.0, 1.0]], [[1249.9629280788233, 0.0, 825.3768045375984], [0.0, 1249.9629280788233, 462.54816385708756], [0.0, 0.0, 1.0]]], "extrinsics": [[[0.822954535484314, -0.568103015422821, 0.002233872888609767, -0.85552978515625], [0.028683140873908997, 0.03762267157435417, -0.9988802671432495, 1.4933242797851562], [0.5673828125, 0.82209712266922, 0.047256723046302795, -1.234130859375], [0.0, 0.0, 0.0, 1.0]], [[0.011330470442771912, -0.9993822574615479, -0.03326793760061264, 0.009765625], [0.030581997707486153, 0.03360085189342499, -0.9989672899246216, 1.4845962524414062], [0.9994680285453796, 0.010301326401531696, 0.030943818390369415, -1.58685302734375], [0.0, 0.0, 0.0, 1.0]], [[-0.8430660367012024, -0.5358411073684692, -0.045978426933288574, 0.9951171875], [0.03859371691942215, 0.024993885308504105, -0.9989423155784607, 1.4974403381347656], [0.5364235639572144, -0.8439488410949707, -0.00039139954606071115, -1.21435546875], [0.0, 0.0, 0.0, 1.0]], [[0.9476397037506104, 0.31832727789878845, 0.02543250098824501, -1.13995361328125], [0.013277203775942326, 0.04029688239097595, -0.9990995526313782, 1.5620880126953125], [-0.31906548142433167, 0.9471240639686584, 0.03396042808890343, -0.15771484375], [0.0, 0.0, 0.0, 1.0]], [[0.008598157204687595, 0.9994219541549683, 0.0328940711915493, -0.029296875], [0.015452387742698193, 0.03275856003165245, -0.9993438124656677, 1.5687217712402344], [-0.9998436570167542, 0.009100853465497494, -0.015161791816353798, -0.00042724609375], [0.0, 0.0, 0.0, 1.0]], [[-0.9236687421798706, 0.38292574882507324, -0.0142854955047369, 1.0831298828125], [0.01960708014667034, 0.009997786954045296, -0.9997577667236328, 1.549428939819336], [-0.3826901316642761, -0.9237250089645386, -0.01674269698560238, -0.073974609375], [0.0, 0.0, 0.0, 1.0]]], "view": [[0.0, -2.0, 100.0], [-2.0, 0.0, 100.0], [0.0, 0.0, 1.0]], "bev": "bev_e0ab25ed5d9846cdb98876ac3127312b.png", "aux": "aux_e0ab25ed5d9846cdb98876ac3127312b.npz", "visibility": "visibility_e0ab25ed5d9846cdb98876ac3127312b.png", "pose": [[-0.8135282397270203, -0.581525444984436, 0.0, 1208.7933349609375], [0.581525444984436, -0.8135282397270203, 0.0, 1117.392333984375], [0.0, 0.0, 1.0, 0.0], [0.0, 0.0, 0.0, 1.0]], "pose_inverse": [[-0.8135282397270203, 0.581525444984436, 0.0, 333.59539794921875], [-0.581525444984436, -0.8135282397270203, 0.0, 1611.9742431640625], [0.0, 0.0, 1.0, 0.0], [0.0, 0.0, 0.0, 1.0]], "cam_ids": [0, 1, 2, 3, 4, 5], "cam_channels": ["CAM_FRONT_LEFT", "CAM_FRONT", "CAM_FRONT_RIGHT", "CAM_BACK_LEFT", "CAM_BACK", "CAM_BACK_RIGHT"], "token": "e0ab25ed5d9846cdb98876ac3127312b", "scene": "scene-0707"}, {"images": ["samples/CAM_FRONT_LEFT/n008-2018-08-29-16-04-13-0400__CAM_FRONT_LEFT__1535573341854799.jpg", "samples/CAM_FRONT/n008-2018-08-29-16-04-13-0400__CAM_FRONT__1535573341862404.jpg", "samples/CAM_FRONT_RIGHT/n008-2018-08-29-16-04-13-0400__CAM_FRONT_RIGHT__1535573341870482.jpg", "samples/CAM_BACK_LEFT/n008-2018-08-29-16-04-13-0400__CAM_BACK_LEFT__1535573341897405.jpg", "samples/CAM_BACK/n008-2018-08-29-16-04-13-0400__CAM_BACK__1535573341887558.jpg", "samples/CAM_BACK_RIGHT/n008-2018-08-29-16-04-13-0400__CAM_BACK_RIGHT__1535573341878113.jpg"], "intrinsics": [[[1257.8625342125129, 0.0, 827.2410631095686], [0.0, 1257.8625342125129, 450.915498205774], [0.0, 0.0, 1.0]], [[1252.8131021185304, 0.0, 826.588114781398], [0.0, 1252.8131021185304, 469.9846626224581], [0.0, 0.0, 1.0]], [[1256.7485116440405, 0.0, 817.7887570959712], [0.0, 1256.7485116440403, 451.9541780095127], [0.0, 0.0, 1.0]], [[1254.9860565800168, 0.0, 829.5769333630991], [0.0, 1254.9860565800168, 467.1680561863987], [0.0, 0.0, 1.0]], [[796.8910634503094, 0.0, 857.7774326863696], [0.0, 796.8910634503094, 476.8848988407415], [0.0, 0.0, 1.0]], [[1249.9629280788233, 0.0, 825.3768045375984], [0.0, 1249.9629280788233, 462.54816385708756], [0.0, 0.0, 1.0]]], "extrinsics": [[[0.822679340839386, -0.5685043334960938, 0.0012908540666103363, -0.85028076171875], [0.026302779093384743, 0.035794228315353394, -0.9990129470825195, 1.4930953979492188], [0.5678969025611877, 0.8219012022018433, 0.0444004163146019, -1.2298583984375], [0.0, 0.0, 0.0, 1.0]], [[0.010830141603946686, -0.999448299407959, -0.03139590099453926, 0.00927734375], [0.02838572859764099, 0.03169237822294235, -0.999094545841217, 1.4844589233398438], [0.9995383024215698, 0.009929063729941845, 0.028713300824165344, -1.5809326171875], [0.0, 0.0, 0.0, 1.0]], [[-0.8433495759963989, -0.5356371402740479, -0.04306298494338989, 0.99072265625], [0.03638381138443947, 0.0230356864631176, -0.9990723133087158, 1.4973793029785156], [0.5361322164535522, -0.8441340923309326, 6.138259777799249e-05, -1.21240234375], [0.0, 0.0, 0.0, 1.0]], [[0.947695255279541, 0.3183717727661133, 0.02265043556690216, -1.14019775390625], [0.01097824051976204, 0.038408972322940826, -0.9992018342018127, 1.5620803833007812], [-0.3189876079559326, 0.9471874237060547, 0.032904841005802155, -0.1573486328125], [0.0, 0.0, 0.0, 1.0]], [[0.00880607683211565, 0.9994838833808899, 0.030891694128513336, -0.02880859375], [0.01315175462514162, 0.03077445551753044, -0.9994398355484009, 1.5686607360839844], [-0.9998747706413269, 0.009207410737872124, -0.012873966246843338, -0.00189208984375], [0.0, 0.0, 0.0, 1.0]], [[-0.923599362373352, 0.3831403851509094, -0.012947826646268368, 1.080291748046875], [0.01733730547130108, 0.008005567826330662, -0.9998176097869873, 1.5493106842041016], [-0.38296687602996826, -0.9236553907394409, -0.01403656043112278, -0.076171875], [0.0, 0.0, 0.0, 1.0]]], "view": [[0.0, -2.0, 100.0], [-2.0, 0.0, 100.0], [0.0, 0.0, 1.0]], "bev": "bev_11ff5bb34a4743f9bfd1d8d4f9a0f0d9.png", "aux": "aux_11ff5bb34a4743f9bfd1d8d4f9a0f0d9.npz", "visibility": "visibility_11ff5bb34a4743f9bfd1d8d4f9a0f0d9.png", "pose": [[-0.8109225034713745, -0.5851535201072693, 0.0, 1207.1055908203125], [0.5851535201072693, -0.8109225034713745, 0.0, 1118.6435546875], [0.0, 0.0, 1.0, 0.0], [0.0, 0.0, 0.0, 1.0]], "pose_inverse": [[-0.8109225034713745, 0.5851535201072693, 0.0, 324.2908935546875], [-0.5851535201072693, -0.8109225034713745, 0.0, 1613.475341796875], [0.0, 0.0, 1.0, 0.0], [0.0, 0.0, 0.0, 1.0]], "cam_ids": [0, 1, 2, 3, 4, 5], "cam_channels": ["CAM_FRONT_LEFT", "CAM_FRONT", "CAM_FRONT_RIGHT", "CAM_BACK_LEFT", "CAM_BACK", "CAM_BACK_RIGHT"], "token": "11ff5bb34a4743f9bfd1d8d4f9a0f0d9", "scene": "scene-0707"}, {"images": ["samples/CAM_FRONT_LEFT/n008-2018-08-29-16-04-13-0400__CAM_FRONT_LEFT__1535573342404799.jpg", "samples/CAM_FRONT/n008-2018-08-29-16-04-13-0400__CAM_FRONT__1535573342412404.jpg", "samples/CAM_FRONT_RIGHT/n008-2018-08-29-16-04-13-0400__CAM_FRONT_RIGHT__1535573342420482.jpg", "samples/CAM_BACK_LEFT/n008-2018-08-29-16-04-13-0400__CAM_BACK_LEFT__1535573342447405.jpg", "samples/CAM_BACK/n008-2018-08-29-16-04-13-0400__CAM_BACK__1535573342437558.jpg", "samples/CAM_BACK_RIGHT/n008-2018-08-29-16-04-13-0400__CAM_BACK_RIGHT__1535573342428113.jpg"], "intrinsics": [[[1257.8625342125129, 0.0, 827.2410631095686], [0.0, 1257.8625342125129, 450.915498205774], [0.0, 0.0, 1.0]], [[1252.8131021185304, 0.0, 826.588114781398], [0.0, 1252.8131021185304, 469.9846626224581], [0.0, 0.0, 1.0]], [[1256.7485116440405, 0.0, 817.7887570959712], [0.0, 1256.7485116440403, 451.9541780095127], [0.0, 0.0, 1.0]], [[1254.9860565800168, 0.0, 829.5769333630991], [0.0, 1254.9860565800168, 467.1680561863987], [0.0, 0.0, 1.0]], [[796.8910634503094, 0.0, 857.7774326863696], [0.0, 796.8910634503094, 476.8848988407415], [0.0, 0.0, 1.0]], [[1249.9629280788233, 0.0, 825.3768045375984], [0.0, 1249.9629280788233, 462.54816385708756], [0.0, 0.0, 1.0]]], "extrinsics": [[[0.8221122622489929, -0.5693252086639404, 0.0004670458729378879, -0.847412109375], [0.025651048868894577, 0.03622087463736534, -0.9990145564079285, 1.49310302734375], [0.5687472224235535, 0.8213141560554504, 0.04438141733407974, -1.226806640625], [0.0, 0.0, 0.0, 1.0]], [[0.009953518398106098, -0.9994412064552307, -0.03190810978412628, 0.0086669921875], [0.02744087390601635, 0.03217068314552307, -0.9991056323051453, 1.4844245910644531], [0.999573826789856, 0.009068957529962063, 0.027745751664042473, -1.57757568359375], [0.0, 0.0, 0.0, 1.0]], [[-0.8437780141830444, -0.5350146293640137, -0.04240528494119644, 0.98779296875], [0.035284314304590225, 0.0235414057970047, -0.9990999698638916, 1.49737548828125], [0.5355314016342163, -0.844514787197113, -0.0009860945865511894, -1.2108154296875], [0.0, 0.0, 0.0, 1.0]], [[0.9478479623794556, 0.3179763853549957, 0.02180444821715355, -1.1331787109375], [0.00998835638165474, 0.03874358907341957, -0.9991992712020874, 1.5621490478515625], [-0.3185666501522064, 0.947306752204895, 0.033546965569257736, -0.15966796875], [0.0, 0.0, 0.0, 1.0]], [[0.00934571772813797, 0.9994646906852722, 0.0313570573925972, -0.0289306640625], [0.01194457896053791, 0.031244607642292976, -0.9994403719902039, 1.5686721801757812], [-0.9998849630355835, 0.009715083055198193, -0.011646179482340813, -0.007781982421875], [0.0, 0.0, 0.0, 1.0]], [[-0.9233809113502502, 0.3837083578109741, -0.011648374609649181, 1.0762939453125], [0.016156336292624474, 0.0085273627191782, -0.9998331069946289, 1.5492744445800781], [-0.3835449516773224, -0.9234150052070618, -0.014073322527110577, -0.077880859375], [0.0, 0.0, 0.0, 1.0]]], "view": [[0.0, -2.0, 100.0], [-2.0, 0.0, 100.0], [0.0, 0.0, 1.0]], "bev": "bev_b1939e1699da41c5b2602d034191e607.png", "aux": "aux_b1939e1699da41c5b2602d034191e607.npz", "visibility": "visibility_b1939e1699da41c5b2602d034191e607.png", "pose": [[-0.812163233757019, -0.583430290222168, 0.0, 1205.1903076171875], [0.583430290222168, -0.812163233757019, 0.0, 1120.0609130859375], [0.0, 0.0, 1.0, 0.0], [0.0, 0.0, 0.0, 1.0]], "pose_inverse": [[-0.812163233757019, 0.583430290222168, 0.0, 325.33380126953125], [-0.583430290222168, -0.812163233757019, 0.0, 1612.8167724609375], [0.0, 0.0, 1.0, 0.0], [0.0, 0.0, 0.0, 1.0]], "cam_ids": [0, 1, 2, 3, 4, 5], "cam_channels": ["CAM_FRONT_LEFT", "CAM_FRONT", "CAM_FRONT_RIGHT", "CAM_BACK_LEFT", "CAM_BACK", "CAM_BACK_RIGHT"], "token": "b1939e1699da41c5b2602d034191e607", "scene": "scene-0707"}, {"images": ["samples/CAM_FRONT_LEFT/n008-2018-08-29-16-04-13-0400__CAM_FRONT_LEFT__1535573342904799.jpg", "samples/CAM_FRONT/n008-2018-08-29-16-04-13-0400__CAM_FRONT__1535573342912404.jpg", "samples/CAM_FRONT_RIGHT/n008-2018-08-29-16-04-13-0400__CAM_FRONT_RIGHT__1535573342920482.jpg", "samples/CAM_BACK_LEFT/n008-2018-08-29-16-04-13-0400__CAM_BACK_LEFT__1535573342947405.jpg", "samples/CAM_BACK/n008-2018-08-29-16-04-13-0400__CAM_BACK__1535573342937558.jpg", "samples/CAM_BACK_RIGHT/n008-2018-08-29-16-04-13-0400__CAM_BACK_RIGHT__1535573342928127.jpg"], "intrinsics": [[[1257.8625342125129, 0.0, 827.2410631095686], [0.0, 1257.8625342125129, 450.915498205774], [0.0, 0.0, 1.0]], [[1252.8131021185304, 0.0, 826.588114781398], [0.0, 1252.8131021185304, 469.9846626224581], [0.0, 0.0, 1.0]], [[1256.7485116440405, 0.0, 817.7887570959712], [0.0, 1256.7485116440403, 451.9541780095127], [0.0, 0.0, 1.0]], [[1254.9860565800168, 0.0, 829.5769333630991], [0.0, 1254.9860565800168, 467.1680561863987], [0.0, 0.0, 1.0]], [[796.8910634503094, 0.0, 857.7774326863696], [0.0, 796.8910634503094, 476.8848988407415], [0.0, 0.0, 1.0]], [[1249.9629280788233, 0.0, 825.3768045375984], [0.0, 1249.9629280788233, 462.54816385708756], [0.0, 0.0, 1.0]]], "extrinsics": [[[0.8221337199211121, -0.5692883133888245, -0.002654640469700098, -0.85919189453125], [0.022310251370072365, 0.036877941340208054, -0.9990707039833069, 1.492156982421875], [0.5688571333885193, 0.8213104009628296, 0.04301956295967102, -1.234619140625], [0.0, 0.0, 0.0, 1.0]], [[0.009998565539717674, -0.9994205832481384, -0.032533805817365646, 0.0084228515625], [0.024190299212932587, 0.03276766464114189, -0.9991702437400818, 1.4836502075195312], [0.999657392501831, 0.009203210473060608, 0.024503910914063454, -1.58819580078125], [0.0, 0.0, 0.0, 1.0]], [[-0.8437817096710205, -0.5351914167404175, -0.040030337870121, 0.994384765625], [0.03213263675570488, 0.024075724184513092, -0.999193549156189, 1.4967269897460938], [0.5357236862182617, -0.8443876504898071, -0.0031175431795418262, -1.2149658203125], [0.0, 0.0, 0.0, 1.0]], [[0.9477846622467041, 0.31837359070777893, 0.018505996093153954, -1.13812255859375], [0.006287026219069958, 0.039364252239465714, -0.9992051124572754, 1.5620803833007812], [-0.31884902715682983, 0.9471476078033447, 0.03530721366405487, -0.1580810546875], [0.0, 0.0, 0.0, 1.0]], [[0.009119007736444473, 0.99945068359375, 0.031861864030361176, -0.029052734375], [0.008609591983258724, 0.03178353235125542, -0.9994576573371887, 1.5684356689453125], [-0.9999213218688965, 0.009388420730829239, -0.008315027691423893, -0.0015869140625], [0.0, 0.0, 0.0, 1.0]], [[-0.923518717288971, 0.38345855474472046, -0.008519765920937061, 1.082855224609375], [0.01297586690634489, 0.00903554167598486, -0.9998749494552612, 1.5488872528076172], [-0.38333362340927124, -0.9235138297080994, -0.013320199213922024, -0.074951171875], [0.0, 0.0, 0.0, 1.0]]], "view": [[0.0, -2.0, 100.0], [-2.0, 0.0, 100.0], [0.0, 0.0, 1.0]], "bev": "bev_b44c768b42584e37bbeec7a24626df29.png", "aux": "aux_b44c768b42584e37bbeec7a24626df29.npz", "visibility": "visibility_b44c768b42584e37bbeec7a24626df29.png", "pose": [[-0.8169406056404114, -0.5767217874526978, 0.0, 1203.50146484375], [0.5767217874526978, -0.8169406056404114, 0.0, 1121.2889404296875], [0.0, 0.0, 1.0, 0.0], [0.0, 0.0, 0.0, 1.0]], "pose_inverse": [[-0.8169406056404114, 0.5767217874526978, 0.0, 336.51751708984375], [-0.5767217874526978, -0.8169406056404114, 0.0, 1610.1119384765625], [0.0, 0.0, 1.0, 0.0], [0.0, 0.0, 0.0, 1.0]], "cam_ids": [0, 1, 2, 3, 4, 5], "cam_channels": ["CAM_FRONT_LEFT", "CAM_FRONT", "CAM_FRONT_RIGHT", "CAM_BACK_LEFT", "CAM_BACK", "CAM_BACK_RIGHT"], "token": "b44c768b42584e37bbeec7a24626df29", "scene": "scene-0707"}, {"images": ["samples/CAM_FRONT_LEFT/n008-2018-08-29-16-04-13-0400__CAM_FRONT_LEFT__1535573343404799.jpg", "samples/CAM_FRONT/n008-2018-08-29-16-04-13-0400__CAM_FRONT__1535573343412404.jpg", "samples/CAM_FRONT_RIGHT/n008-2018-08-29-16-04-13-0400__CAM_FRONT_RIGHT__1535573343420549.jpg", "samples/CAM_BACK_LEFT/n008-2018-08-29-16-04-13-0400__CAM_BACK_LEFT__1535573343447405.jpg", "samples/CAM_BACK/n008-2018-08-29-16-04-13-0400__CAM_BACK__1535573343437558.jpg", "samples/CAM_BACK_RIGHT/n008-2018-08-29-16-04-13-0400__CAM_BACK_RIGHT__1535573343428113.jpg"], "intrinsics": [[[1257.8625342125129, 0.0, 827.2410631095686], [0.0, 1257.8625342125129, 450.915498205774], [0.0, 0.0, 1.0]], [[1252.8131021185304, 0.0, 826.588114781398], [0.0, 1252.8131021185304, 469.9846626224581], [0.0, 0.0, 1.0]], [[1256.7485116440405, 0.0, 817.7887570959712], [0.0, 1256.7485116440403, 451.9541780095127], [0.0, 0.0, 1.0]], [[1254.9860565800168, 0.0, 829.5769333630991], [0.0, 1254.9860565800168, 467.1680561863987], [0.0, 0.0, 1.0]], [[796.8910634503094, 0.0, 857.7774326863696], [0.0, 796.8910634503094, 476.8848988407415], [0.0, 0.0, 1.0]], [[1249.9629280788233, 0.0, 825.3768045375984], [0.0, 1249.9629280788233, 462.54816385708756], [0.0, 0.0, 1.0]]], "extrinsics": [[[0.8221348524093628, -0.5692458748817444, -0.007314412854611874, -0.86358642578125], [0.016942838206887245, 0.03730824962258339, -0.9991601705551147, 1.4911117553710938], [0.5690407156944275, 0.8213204145431519, 0.040317051112651825, -1.238037109375], [0.0, 0.0, 0.0, 1.0]], [[0.00983184203505516, -0.9994097352027893, -0.03291763737797737, 0.0084228515625], [0.018804455175995827, 0.03309820219874382, -0.9992752075195312, 1.482757568359375], [0.9997748136520386, 0.009205733425915241, 0.019118770956993103, -1.59393310546875], [0.0, 0.0, 0.0, 1.0]], [[-0.8439915776252747, -0.5351743698120117, -0.035590387880802155, 0.9990234375], [0.026732932776212692, 0.024300092831254005, -0.9993472099304199, 1.4959640502929688], [0.5356897711753845, -0.8443920016288757, -0.0062022944912314415, -1.2181396484375], [0.0, 0.0, 0.0, 1.0]], [[0.9478611350059509, 0.31840112805366516, 0.01342102512717247, -1.13885498046875], [0.0009086339850910008, 0.03941359743475914, -0.9992225766181946, 1.562042236328125], [-0.3186825215816498, 0.947136402130127, 0.037069305777549744, -0.157958984375], [0.0, 0.0, 0.0, 1.0]], [[0.009268403053283691, 0.9994481801986694, 0.031900804489851, -0.029052734375], [0.00329705816693604, 0.031871456652879715, -0.99948650598526, 1.5681915283203125], [-0.9999516606330872, 0.00936881173402071, -0.0029998417012393475, 0.000885009765625], [0.0, 0.0, 0.0, 1.0]], [[-0.9235520362854004, 0.38345691561698914, -0.003533590817824006, 1.086517333984375], [0.007636423222720623, 0.009177806787192822, -0.9999287128448486, 1.548410415649414], [-0.3833971321582794, -0.9235131144523621, -0.011404420249164104, -0.0736083984375], [0.0, 0.0, 0.0, 1.0]]], "view": [[0.0, -2.0, 100.0], [-2.0, 0.0, 100.0], [0.0, 0.0, 1.0]], "bev": "bev_1d01f9d055ed4cea91fdc1c8df85d074.png", "aux": "aux_1d01f9d055ed4cea91fdc1c8df85d074.npz", "visibility": "visibility_1d01f9d055ed4cea91fdc1c8df85d074.png", "pose": [[-0.8214391469955444, -0.5702961683273315, 0.0, 1201.9124755859375], [0.5702961683273315, -0.8214391469955444, 0.0, 1122.4248046875], [0.0, 0.0, 1.0, 0.0], [0.0, 0.0, 0.0, 1.0]], "pose_inverse": [[-0.8214391469955444, 0.5702961683273315, 0.0, 347.1834411621094], [-0.5702961683273315, -0.8214391469955444, 0.0, 1607.44970703125], [0.0, 0.0, 1.0, 0.0], [0.0, 0.0, 0.0, 1.0]], "cam_ids": [0, 1, 2, 3, 4, 5], "cam_channels": ["CAM_FRONT_LEFT", "CAM_FRONT", "CAM_FRONT_RIGHT", "CAM_BACK_LEFT", "CAM_BACK", "CAM_BACK_RIGHT"], "token": "1d01f9d055ed4cea91fdc1c8df85d074", "scene": "scene-0707"}, {"images": ["samples/CAM_FRONT_LEFT/n008-2018-08-29-16-04-13-0400__CAM_FRONT_LEFT__1535573343904799.jpg", "samples/CAM_FRONT/n008-2018-08-29-16-04-13-0400__CAM_FRONT__1535573343912404.jpg", "samples/CAM_FRONT_RIGHT/n008-2018-08-29-16-04-13-0400__CAM_FRONT_RIGHT__1535573343920482.jpg", "samples/CAM_BACK_LEFT/n008-2018-08-29-16-04-13-0400__CAM_BACK_LEFT__1535573343947405.jpg", "samples/CAM_BACK/n008-2018-08-29-16-04-13-0400__CAM_BACK__1535573343937558.jpg", "samples/CAM_BACK_RIGHT/n008-2018-08-29-16-04-13-0400__CAM_BACK_RIGHT__1535573343928113.jpg"], "intrinsics": [[[1257.8625342125129, 0.0, 827.2410631095686], [0.0, 1257.8625342125129, 450.915498205774], [0.0, 0.0, 1.0]], [[1252.8131021185304, 0.0, 826.588114781398], [0.0, 1252.8131021185304, 469.9846626224581], [0.0, 0.0, 1.0]], [[1256.7485116440405, 0.0, 817.7887570959712], [0.0, 1256.7485116440403, 451.9541780095127], [0.0, 0.0, 1.0]], [[1254.9860565800168, 0.0, 829.5769333630991], [0.0, 1254.9860565800168, 467.1680561863987], [0.0, 0.0, 1.0]], [[796.8910634503094, 0.0, 857.7774326863696], [0.0, 796.8910634503094, 476.8848988407415], [0.0, 0.0, 1.0]], [[1249.9629280788233, 0.0, 825.3768045375984], [0.0, 1249.9629280788233, 462.54816385708756], [0.0, 0.0, 1.0]]], "extrinsics": [[[0.8224571943283081, -0.568764328956604, -0.008447237312793732, -0.8792724609375], [0.016808686777949333, 0.03914450481534004, -0.999092161655426, 1.4907379150390625], [0.5685786008834839, 0.8215686082839966, 0.04175486043095589, -1.24951171875], [0.0, 0.0, 0.0, 1.0]], [[0.010267449542880058, -0.9993413686752319, -0.03480621054768562, 0.0089111328125], [0.01880575902760029, 0.03499487042427063, -0.99921053647995, 1.4824295043945312], [0.99977046251297, 0.009604833088815212, 0.019152682274580002, -1.6103515625], [0.0, 0.0, 0.0, 1.0]], [[-0.8438173532485962, -0.5353699922561646, -0.03676104173064232, 1.01025390625], [0.026871344074606895, 0.026263294741511345, -0.999293863773346, 1.4956092834472656], [0.535957396030426, -0.8442092537879944, -0.007775311823934317, -1.2242431640625], [0.0, 0.0, 0.0, 1.0]], [[0.9478499889373779, 0.31837406754493713, 0.014774286188185215, -1.13983154296875], [0.0017101950943470001, 0.041274286806583405, -0.9991464018821716, 1.5620498657226562], [-0.31871217489242554, 0.9470661878585815, 0.038577351719141006, -0.1575927734375], [0.0, 0.0, 0.0, 1.0]], [[0.009138926863670349, 0.9993847608566284, 0.033862385898828506, -0.029296875], [0.0037618305068463087, 0.03382920101284981, -0.9994205236434937, 1.56817626953125], [-0.999951183795929, 0.009261012077331543, -0.003450353629887104, 0.006195068359375], [0.0, 0.0, 0.0, 1.0]], [[-0.9236379861831665, 0.38325434923171997, -0.00299467914737761, 1.09515380859375], [0.007879287004470825, 0.011175894178450108, -0.9999064803123474, 1.5483531951904297], [-0.3831850290298462, -0.9235752820968628, -0.013342252932488918, -0.0694580078125], [0.0, 0.0, 0.0, 1.0]]], "view": [[0.0, -2.0, 100.0], [-2.0, 0.0, 100.0], [0.0, 0.0, 1.0]], "bev": "bev_52fea45e861f45c7bddf8e760b7d4cd7.png", "aux": "aux_52fea45e861f45c7bddf8e760b7d4cd7.npz", "visibility": "visibility_52fea45e861f45c7bddf8e760b7d4cd7.png", "pose": [[-0.8247900009155273, -0.5654391646385193, 0.0, 1200.4189453125], [0.5654391646385193, -0.8247900009155273, 0.0, 1123.48095703125], [0.0, 0.0, 1.0, 0.0], [0.0, 0.0, 0.0, 1.0]], "pose_inverse": [[-0.8247900009155273, 0.5654391646385193, 0.0, 354.83343505859375], [-0.5654391646385193, -0.8247900009155273, 0.0, 1605.3997802734375], [0.0, 0.0, 1.0, 0.0], [0.0, 0.0, 0.0, 1.0]], "cam_ids": [0, 1, 2, 3, 4, 5], "cam_channels": ["CAM_FRONT_LEFT", "CAM_FRONT", "CAM_FRONT_RIGHT", "CAM_BACK_LEFT", "CAM_BACK", "CAM_BACK_RIGHT"], "token": "52fea45e861f45c7bddf8e760b7d4cd7", "scene": "scene-0707"}, {"images": ["samples/CAM_FRONT_LEFT/n008-2018-08-29-16-04-13-0400__CAM_FRONT_LEFT__1535573344404807.jpg", "samples/CAM_FRONT/n008-2018-08-29-16-04-13-0400__CAM_FRONT__1535573344412404.jpg", "samples/CAM_FRONT_RIGHT/n008-2018-08-29-16-04-13-0400__CAM_FRONT_RIGHT__1535573344420482.jpg", "samples/CAM_BACK_LEFT/n008-2018-08-29-16-04-13-0400__CAM_BACK_LEFT__1535573344447405.jpg", "samples/CAM_BACK/n008-2018-08-29-16-04-13-0400__CAM_BACK__1535573344437558.jpg", "samples/CAM_BACK_RIGHT/n008-2018-08-29-16-04-13-0400__CAM_BACK_RIGHT__1535573344428113.jpg"], "intrinsics": [[[1257.8625342125129, 0.0, 827.2410631095686], [0.0, 1257.8625342125129, 450.915498205774], [0.0, 0.0, 1.0]], [[1252.8131021185304, 0.0, 826.588114781398], [0.0, 1252.8131021185304, 469.9846626224581], [0.0, 0.0, 1.0]], [[1256.7485116440405, 0.0, 817.7887570959712], [0.0, 1256.7485116440403, 451.9541780095127], [0.0, 0.0, 1.0]], [[1254.9860565800168, 0.0, 829.5769333630991], [0.0, 1254.9860565800168, 467.1680561863987], [0.0, 0.0, 1.0]], [[796.8910634503094, 0.0, 857.7774326863696], [0.0, 796.8910634503094, 476.8848988407415], [0.0, 0.0, 1.0]], [[1249.9629280788233, 0.0, 825.3768045375984], [0.0, 1249.9629280788233, 462.54816385708756], [0.0, 0.0, 1.0]]], "extrinsics": [[[0.8223105072975159, -0.5690150856971741, -0.005229212809354067, -0.8763427734375], [0.021643158048391342, 0.04045780375599861, -0.9989467859268188, 1.4916458129882812], [0.5686274170875549, 0.8213312029838562, 0.04558416083455086, -1.2452392578125], [0.0, 0.0, 0.0, 1.0]], [[0.010165109299123287, -0.9992955327033997, -0.03612488880753517, 0.0069580078125], [0.023651625961065292, 0.03635692596435547, -0.9990589618682861, 1.4831924438476562], [0.999668538570404, 0.009301146492362022, 0.024004535749554634, -1.60614013671875], [0.0, 0.0, 0.0, 1.0]], [[-0.8437495827674866, -0.5351210832595825, -0.041617754846811295, 1.00634765625], [0.03172848001122475, 0.027675900608301163, -0.9991132616996765, 1.4962425231933594], [0.5357983708381653, -0.8443219065666199, -0.0063729542307555676, -1.223876953125], [0.0, 0.0, 0.0, 1.0]], [[0.9477999210357666, 0.3182448148727417, 0.019888320937752724, -1.13812255859375], [0.006579319015145302, 0.04284045845270157, -0.9990602731704712, 1.5620880126953125], [-0.3187977373600006, 0.9470400214195251, 0.03851035609841347, -0.1580810546875], [0.0, 0.0, 0.0, 1.0]], [[0.009103762917220592, 0.9993314743041992, 0.035407256335020065, -0.028564453125], [0.008590172976255417, 0.03532925993204117, -0.9993388056755066, 1.5684089660644531], [-0.9999216794967651, 0.009401876479387283, -0.008262802846729755, 0.0040283203125], [0.0, 0.0, 0.0, 1.0]], [[-0.9235432744026184, 0.38343188166618347, -0.0069028171710669994, 1.09295654296875], [0.012717963196337223, 0.012632966041564941, -0.9998393058776855, 1.5487422943115234], [-0.38328301906585693, -0.9234827160835266, -0.016543565317988396, -0.07177734375], [0.0, 0.0, 0.0, 1.0]]], "view": [[0.0, -2.0, 100.0], [-2.0, 0.0, 100.0], [0.0, 0.0, 1.0]], "bev": "bev_3a6e36edca9942a58e2ed865212a5f62.png", "aux": "aux_3a6e36edca9942a58e2ed865212a5f62.npz", "visibility": "visibility_3a6e36edca9942a58e2ed865212a5f62.png", "pose": [[-0.8277377486228943, -0.5611151456832886, 0.0, 1198.9669189453125], [0.5611151456832886, -0.8277377486228943, 0.0, 1124.484130859375], [0.0, 0.0, 1.0, 0.0], [0.0, 0.0, 0.0, 1.0]], "pose_inverse": [[-0.8277377486228943, 0.5611151456832886, 0.0, 361.4651184082031], [-0.5611151456832886, -0.8277377486228943, 0.0, 1603.5364990234375], [0.0, 0.0, 1.0, 0.0], [0.0, 0.0, 0.0, 1.0]], "cam_ids": [0, 1, 2, 3, 4, 5], "cam_channels": ["CAM_FRONT_LEFT", "CAM_FRONT", "CAM_FRONT_RIGHT", "CAM_BACK_LEFT", "CAM_BACK", "CAM_BACK_RIGHT"], "token": "3a6e36edca9942a58e2ed865212a5f62", "scene": "scene-0707"}, {"images": ["samples/CAM_FRONT_LEFT/n008-2018-08-29-16-04-13-0400__CAM_FRONT_LEFT__1535573344904799.jpg", "samples/CAM_FRONT/n008-2018-08-29-16-04-13-0400__CAM_FRONT__1535573344912418.jpg", "samples/CAM_FRONT_RIGHT/n008-2018-08-29-16-04-13-0400__CAM_FRONT_RIGHT__1535573344920482.jpg", "samples/CAM_BACK_LEFT/n008-2018-08-29-16-04-13-0400__CAM_BACK_LEFT__1535573344947405.jpg", "samples/CAM_BACK/n008-2018-08-29-16-04-13-0400__CAM_BACK__1535573344937558.jpg", "samples/CAM_BACK_RIGHT/n008-2018-08-29-16-04-13-0400__CAM_BACK_RIGHT__1535573344928113.jpg"], "intrinsics": [[[1257.8625342125129, 0.0, 827.2410631095686], [0.0, 1257.8625342125129, 450.915498205774], [0.0, 0.0, 1.0]], [[1252.8131021185304, 0.0, 826.588114781398], [0.0, 1252.8131021185304, 469.9846626224581], [0.0, 0.0, 1.0]], [[1256.7485116440405, 0.0, 817.7887570959712], [0.0, 1256.7485116440403, 451.9541780095127], [0.0, 0.0, 1.0]], [[1254.9860565800168, 0.0, 829.5769333630991], [0.0, 1254.9860565800168, 467.1680561863987], [0.0, 0.0, 1.0]], [[796.8910634503094, 0.0, 857.7774326863696], [0.0, 796.8910634503094, 476.8848988407415], [0.0, 0.0, 1.0]], [[1249.9629280788233, 0.0, 825.3768045375984], [0.0, 1249.9629280788233, 462.54816385708756], [0.0, 0.0, 1.0]]], "extrinsics": [[[0.823817789554596, -0.5668467879295349, -0.0030277210753411055, -0.8900146484375], [0.024993935599923134, 0.04165957123041153, -0.9988191723823547, 1.49176025390625], [0.566303551197052, 0.8227693438529968, 0.048487626016139984, -1.2548828125], [0.0, 0.0, 0.0, 1.0]], [[0.012605692259967327, -0.9992282390594482, -0.037203479558229446, 0.00732421875], [0.026977892965078354, 0.037532757967710495, -0.9989311695098877, 1.4832611083984375], [0.9995565414428711, 0.011588475666940212, 0.027430199086666107, -1.619476318359375], [0.0, 0.0, 0.0, 1.0]], [[-0.8425567746162415, -0.536720871925354, -0.045040927827358246, 1.0150146484375], [0.035035062581300735, 0.028833426535129547, -0.998970091342926, 1.4962120056152344], [0.5374668836593628, -0.843267023563385, -0.005489748902618885, -1.2291259765625], [0.0, 0.0, 0.0, 1.0]], [[0.947480320930481, 0.31895682215690613, 0.023398077115416527, -1.138671875], [0.009907469153404236, 0.04385321959853172, -0.9989888668060303, 1.5620956420898438], [-0.3196604251861572, 0.9467540979385376, 0.038390010595321655, -0.1580810546875], [0.0, 0.0, 0.0, 1.0]], [[0.007860923185944557, 0.9993034601211548, 0.03648184612393379, -0.02880859375], [0.011880883947014809, 0.03638705983757973, -0.9992671608924866, 1.5684890747070312], [-0.9998984932899475, 0.008288649842143059, -0.011586571112275124, 0.007904052734375], [0.0, 0.0, 0.0, 1.0]], [[-0.9241186380386353, 0.3819855749607086, -0.009576970711350441, 1.09967041015625], [0.016036342829465866, 0.013729960657656193, -0.99977707862854, 1.5488624572753906], [-0.38176900148391724, -0.9240663051605225, -0.018813764676451683, -0.0684814453125], [0.0, 0.0, 0.0, 1.0]]], "view": [[0.0, -2.0, 100.0], [-2.0, 0.0, 100.0], [0.0, 0.0, 1.0]], "bev": "bev_0c9279592a934e0a8e6a373e12aa66e4.png", "aux": "aux_0c9279592a934e0a8e6a373e12aa66e4.npz", "visibility": "visibility_0c9279592a934e0a8e6a373e12aa66e4.png", "pose": [[-0.8225589394569397, -0.5686798691749573, 0.0, 1197.653564453125], [0.5686798691749573, -0.8225589394569397, 0.0, 1125.3963623046875], [0.0, 0.0, 1.0, 0.0], [0.0, 0.0, 0.0, 1.0]], "pose_inverse": [[-0.8225589394569397, 0.5686798691749573, 0.0, 345.15032958984375], [-0.5686798691749573, -0.8225589394569397, 0.0, 1606.786376953125], [0.0, 0.0, 1.0, 0.0], [0.0, 0.0, 0.0, 1.0]], "cam_ids": [0, 1, 2, 3, 4, 5], "cam_channels": ["CAM_FRONT_LEFT", "CAM_FRONT", "CAM_FRONT_RIGHT", "CAM_BACK_LEFT", "CAM_BACK", "CAM_BACK_RIGHT"], "token": "0c9279592a934e0a8e6a373e12aa66e4", "scene": "scene-0707"}, {"images": ["samples/CAM_FRONT_LEFT/n008-2018-08-29-16-04-13-0400__CAM_FRONT_LEFT__1535573345354799.jpg", "samples/CAM_FRONT/n008-2018-08-29-16-04-13-0400__CAM_FRONT__1535573345362404.jpg", "samples/CAM_FRONT_RIGHT/n008-2018-08-29-16-04-13-0400__CAM_FRONT_RIGHT__1535573345370482.jpg", "samples/CAM_BACK_LEFT/n008-2018-08-29-16-04-13-0400__CAM_BACK_LEFT__1535573345397405.jpg", "samples/CAM_BACK/n008-2018-08-29-16-04-13-0400__CAM_BACK__1535573345387558.jpg", "samples/CAM_BACK_RIGHT/n008-2018-08-29-16-04-13-0400__CAM_BACK_RIGHT__1535573345378113.jpg"], "intrinsics": [[[1257.8625342125129, 0.0, 827.2410631095686], [0.0, 1257.8625342125129, 450.915498205774], [0.0, 0.0, 1.0]], [[1252.8131021185304, 0.0, 826.588114781398], [0.0, 1252.8131021185304, 469.9846626224581], [0.0, 0.0, 1.0]], [[1256.7485116440405, 0.0, 817.7887570959712], [0.0, 1256.7485116440403, 451.9541780095127], [0.0, 0.0, 1.0]], [[1254.9860565800168, 0.0, 829.5769333630991], [0.0, 1254.9860565800168, 467.1680561863987], [0.0, 0.0, 1.0]], [[796.8910634503094, 0.0, 857.7774326863696], [0.0, 796.8910634503094, 476.8848988407415], [0.0, 0.0, 1.0]], [[1249.9629280788233, 0.0, 825.3768045375984], [0.0, 1249.9629280788233, 462.54816385708756], [0.0, 0.0, 1.0]]], "extrinsics": [[[0.8233045935630798, -0.5675892233848572, -0.0034725023433566093, -0.89361572265625], [0.025529947131872177, 0.04314221814274788, -0.9987426996231079, 1.4916152954101562], [0.5670254230499268, 0.8221807479858398, 0.05000970885157585, -1.2593994140625], [0.0, 0.0, 0.0, 1.0]], [[0.011744453571736813, -0.999176025390625, -0.038848962634801865, 0.0086669921875], [0.027442704886198044, 0.03915908932685852, -0.9988560676574707, 1.4830856323242188], [0.9995543956756592, 0.010664965957403183, 0.027879998087882996, -1.625823974609375], [0.0, 0.0, 0.0, 1.0]], [[-0.8429715633392334, -0.5359586477279663, -0.04633922129869461, 1.021728515625], [0.03546042740345001, 0.03059236891567707, -0.9989027380943298, 1.4959526062011719], [0.5367881655693054, -0.8436897993087769, -0.006783174816519022, -1.2320556640625], [0.0, 0.0, 0.0, 1.0]], [[0.9477136731147766, 0.3181937038898468, 0.024320490658283234, -1.14080810546875], [0.010131612420082092, 0.04617137089371681, -0.9988821148872375, 1.56207275390625], [-0.31896087527275085, 0.9469007253646851, 0.04053342714905739, -0.157470703125], [0.0, 0.0, 0.0, 1.0]], [[0.008527074009180069, 0.999218761920929, 0.03858919441699982, -0.029296875], [0.012184417806565762, 0.03848390653729439, -0.9991849064826965, 1.5684280395507812], [-0.9998893737792969, 0.008990255184471607, -0.011846745386719704, 0.01287841796875], [0.0, 0.0, 0.0, 1.0]], [[-0.9238420724868774, 0.3826642632484436, -0.009164770133793354, 1.106170654296875], [0.016394296661019325, 0.015635957941412926, -0.9997433423995972, 1.5487537384033203], [-0.3824227452278137, -0.9237551689147949, -0.020718663930892944, -0.06494140625], [0.0, 0.0, 0.0, 1.0]]], "view": [[0.0, -2.0, 100.0], [-2.0, 0.0, 100.0], [0.0, 0.0, 1.0]], "bev": "bev_7be6600b53df4c61bce01695117921a0.png", "aux": "aux_7be6600b53df4c61bce01695117921a0.npz", "visibility": "visibility_7be6600b53df4c61bce01695117921a0.png", "pose": [[-0.814599335193634, -0.5800240635871887, 0.0, 1196.502685546875], [0.5800240635871887, -0.814599335193634, 0.0, 1126.225341796875], [0.0, 0.0, 1.0, 0.0], [0.0, 0.0, 0.0, 1.0]], "pose_inverse": [[-0.814599335193634, 0.5800240635871887, 0.0, 321.4325256347656], [-0.5800240635871887, -0.814599335193634, 0.0, 1611.4227294921875], [0.0, 0.0, 1.0, 0.0], [0.0, 0.0, 0.0, 1.0]], "cam_ids": [0, 1, 2, 3, 4, 5], "cam_channels": ["CAM_FRONT_LEFT", "CAM_FRONT", "CAM_FRONT_RIGHT", "CAM_BACK_LEFT", "CAM_BACK", "CAM_BACK_RIGHT"], "token": "7be6600b53df4c61bce01695117921a0", "scene": "scene-0707"}, {"images": ["samples/CAM_FRONT_LEFT/n008-2018-08-29-16-04-13-0400__CAM_FRONT_LEFT__1535573345854799.jpg", "samples/CAM_FRONT/n008-2018-08-29-16-04-13-0400__CAM_FRONT__1535573345862404.jpg", "samples/CAM_FRONT_RIGHT/n008-2018-08-29-16-04-13-0400__CAM_FRONT_RIGHT__1535573345870482.jpg", "samples/CAM_BACK_LEFT/n008-2018-08-29-16-04-13-0400__CAM_BACK_LEFT__1535573345897405.jpg", "samples/CAM_BACK/n008-2018-08-29-16-04-13-0400__CAM_BACK__1535573345887558.jpg", "samples/CAM_BACK_RIGHT/n008-2018-08-29-16-04-13-0400__CAM_BACK_RIGHT__1535573345878113.jpg"], "intrinsics": [[[1257.8625342125129, 0.0, 827.2410631095686], [0.0, 1257.8625342125129, 450.915498205774], [0.0, 0.0, 1.0]], [[1252.8131021185304, 0.0, 826.588114781398], [0.0, 1252.8131021185304, 469.9846626224581], [0.0, 0.0, 1.0]], [[1256.7485116440405, 0.0, 817.7887570959712], [0.0, 1256.7485116440403, 451.9541780095127], [0.0, 0.0, 1.0]], [[1254.9860565800168, 0.0, 829.5769333630991], [0.0, 1254.9860565800168, 467.1680561863987], [0.0, 0.0, 1.0]], [[796.8910634503094, 0.0, 857.7774326863696], [0.0, 796.8910634503094, 476.8848988407415], [0.0, 0.0, 1.0]], [[1249.9629280788233, 0.0, 825.3768045375984], [0.0, 1249.9629280788233, 462.54816385708756], [0.0, 0.0, 1.0]]], "extrinsics": [[[0.8229553699493408, -0.5680892467498779, -0.004383428487926722, -0.892822265625], [0.026487594470381737, 0.046076107770204544, -0.9985867142677307, 1.4918060302734375], [0.5674883723258972, 0.8216761946678162, 0.05296589061617851, -1.2579345703125], [0.0, 0.0, 0.0, 1.0]], [[0.011208610609173775, -0.9990682005882263, -0.04167768359184265, 0.0076904296875], [0.028378942981362343, 0.041981346905231476, -0.9987152814865112, 1.4833145141601562], [0.9995343685150146, 0.01001143641769886, 0.02882305160164833, -1.62176513671875], [0.0, 0.0, 0.0, 1.0]], [[-0.8432053327560425, -0.5353891849517822, -0.048613324761390686, 1.0157470703125], [0.03643861785531044, 0.03330069035291672, -0.9987808465957642, 1.4962997436523438], [0.5363553762435913, -0.8439487814903259, -0.008570478297770023, -1.228759765625], [0.0, 0.0, 0.0, 1.0]], [[0.9477050304412842, 0.3180936574935913, 0.025914782658219337, -1.1407470703125], [0.011010175570845604, 0.04856504499912262, -0.998759388923645, 1.5620803833007812], [-0.3189575672149658, 0.9468145966529846, 0.04252307489514351, -0.1573486328125], [0.0, 0.0, 0.0, 1.0]], [[0.008740085177123547, 0.9991156458854675, 0.04112875834107399, -0.02880859375], [0.013134459033608437, 0.041012078523635864, -0.999072253704071, 1.5685195922851562], [-0.9998756051063538, 0.009272241033613682, -0.012764392420649529, 0.008697509765625], [0.0, 0.0, 0.0, 1.0]], [[