[{"images": ["samples/CAM_FRONT_LEFT/n015-2018-11-21-19-11-29+0800__CAM_FRONT_LEFT__1542799031604844.jpg", "samples/CAM_FRONT/n015-2018-11-21-19-11-29+0800__CAM_FRONT__1542799031612460.jpg", "samples/CAM_FRONT_RIGHT/n015-2018-11-21-19-11-29+0800__CAM_FRONT_RIGHT__1542799031620339.jpg", "samples/CAM_BACK_LEFT/n015-2018-11-21-19-11-29+0800__CAM_BACK_LEFT__1542799031647423.jpg", "samples/CAM_BACK/n015-2018-11-21-19-11-29+0800__CAM_BACK__1542799031637525.jpg", "samples/CAM_BACK_RIGHT/n015-2018-11-21-19-11-29+0800__CAM_BACK_RIGHT__1542799031627893.jpg"], "intrinsics": [[[1272.5979470598488, 0.0, 826.6154927353808], [0.0, 1272.5979470598488, 479.75165386361925], [0.0, 0.0, 1.0]], [[1266.417203046554, 0.0, 816.2670197447984], [0.0, 1266.417203046554, 491.50706579294757], [0.0, 0.0, 1.0]], [[1260.8474446004698, 0.0, 807.968244525554], [0.0, 1260.8474446004698, 495.3344268742088], [0.0, 0.0, 1.0]], [[1256.7414812095406, 0.0, 792.1125740759628], [0.0, 1256.7414812095406, 492.7757465151356], [0.0, 0.0, 1.0]], [[809.2209905677063, 0.0, 829.2196003259838], [0.0, 809.2209905677063, 481.77842384512485], [0.0, 0.0, 1.0]], [[1259.5137405846733, 0.0, 807.2529053838625], [0.0, 1259.5137405846733, 501.19579884916527], [0.0, 0.0, 1.0]]], "extrinsics": [[[0.8210812211036682, -0.5706424117088318, 0.013885894790291786, -0.60986328125], [-0.004351635929197073, -0.03058362938463688, -0.9995227456092834, 1.5064125061035156], [0.5707947015762329, 0.8206290006637573, -0.02759486995637417, -1.035400390625], [0.0, 0.0, 0.0, 1.0]], [[0.006202988792210817, -0.9993845224380493, 0.034526526927948, 0.008544921875], [-0.009357435628771782, -0.034583695232868195, -0.9993579983711243, 1.5172348022460938], [0.9999369978904724, 0.0058759464882314205, -0.009566198103129864, -1.3359375], [0.0, 0.0, 0.0, 1.0]], [[-0.8327143788337708, -0.5535628199577332, 0.012451451271772385, 0.800537109375], [-0.003440988017246127, -0.017313575372099876, -0.9998441338539124, 1.5027008056640625], [0.553692102432251, -0.832627534866333, 0.012512462213635445, -1.09356689453125], [0.0, 0.0, 0.0, 1.0]], [[0.9476799368858337, 0.319088876247406, -0.00922487024217844, -1.12939453125], [0.006150399334728718, -0.047143761068582535, -0.9988691210746765, 1.5886459350585938], [-0.31916290521621704, 0.9465515613555908, -0.04663971811532974, -0.10784912109375], [0.0, 0.0, 0.0, 1.0]], [[0.002117494121193886, 0.999295711517334, -0.03746577724814415, 0.0025634765625], [-0.019600078463554382, -0.03741718456149101, -0.9991075396537781, 1.5772323608398438], [-0.9998056292533875, 0.0028499451000243425, 0.019507041200995445, -0.10791015625], [0.0, 0.0, 0.0, 1.0]], [[-0.9349369406700134, 0.35426273941993713, -0.01977103017270565, 0.945068359375], [0.01271447166800499, -0.022235805168747902, -0.9996718764305115, 1.5540621280670166], [-0.3545861542224884, -0.9348816275596619, 0.016284814104437828, -0.135498046875], [0.0, 0.0, 0.0, 1.0]]], "view": [[0.0, -2.0, 100.0], [-2.0, 0.0, 100.0], [0.0, 0.0, 1.0]], "bev": "bev_9121885710864b14b96737077d1d2c0c.png", "aux": "aux_9121885710864b14b96737077d1d2c0c.npz", "visibility": "visibility_9121885710864b14b96737077d1d2c0c.png", "pose": [[0.9275839924812317, -0.37361475825309753, 0.0, 1878.882080078125], [0.37361475825309753, 0.9275839924812317, 0.0, 2588.497314453125], [0.0, 0.0, 1.0, 0.0], [0.0, 0.0, 0.0, 1.0]], "pose_inverse": [[0.9275839924812317, 0.37361475825309753, 0.0, -2709.921630859375], [-0.37361475825309753, 0.9275839924812317, 0.0, -1699.070556640625], [0.0, 0.0, 1.0, 0.0], [0.0, 0.0, 0.0, 1.0]], "cam_ids": [0, 1, 2, 3, 4, 5], "cam_channels": ["CAM_FRONT_LEFT", "CAM_FRONT", "CAM_FRONT_RIGHT", "CAM_BACK_LEFT", "CAM_BACK", "CAM_BACK_RIGHT"], "token": "9121885710864b14b96737077d1d2c0c", "scene": "scene-1055"}, {"images": ["samples/CAM_FRONT_LEFT/n015-2018-11-21-19-11-29+0800__CAM_FRONT_LEFT__1542799032104844.jpg", "samples/CAM_FRONT/n015-2018-11-21-19-11-29+0800__CAM_FRONT__1542799032112460.jpg", "samples/CAM_FRONT_RIGHT/n015-2018-11-21-19-11-29+0800__CAM_FRONT_RIGHT__1542799032120339.jpg", "samples/CAM_BACK_LEFT/n015-2018-11-21-19-11-29+0800__CAM_BACK_LEFT__1542799032147433.jpg", "samples/CAM_BACK/n015-2018-11-21-19-11-29+0800__CAM_BACK__1542799032137525.jpg", "samples/CAM_BACK_RIGHT/n015-2018-11-21-19-11-29+0800__CAM_BACK_RIGHT__1542799032127893.jpg"], "intrinsics": [[[1272.5979470598488, 0.0, 826.6154927353808], [0.0, 1272.5979470598488, 479.75165386361925], [0.0, 0.0, 1.0]], [[1266.417203046554, 0.0, 816.2670197447984], [0.0, 1266.417203046554, 491.50706579294757], [0.0, 0.0, 1.0]], [[1260.8474446004698, 0.0, 807.968244525554], [0.0, 1260.8474446004698, 495.3344268742088], [0.0, 0.0, 1.0]], [[1256.7414812095406, 0.0, 792.1125740759628], [0.0, 1256.7414812095406, 492.7757465151356], [0.0, 0.0, 1.0]], [[809.2209905677063, 0.0, 829.2196003259838], [0.0, 809.2209905677063, 481.77842384512485], [0.0, 0.0, 1.0]], [[1259.5137405846733, 0.0, 807.2529053838625], [0.0, 1259.5137405846733, 501.19579884916527], [0.0, 0.0, 1.0]]], "extrinsics": [[[0.8210147619247437, -0.5707263350486755, 0.01436126884073019, -0.6220703125], [-0.00019281772256363183, -0.02543237991631031, -0.999676525592804, 1.5082168579101562], [0.5709069967269897, 0.8207463622093201, -0.0209904033690691, -1.044189453125], [0.0, 0.0, 0.0, 1.0]], [[0.00607701949775219, -0.9995566010475159, 0.0291505865752697, 0.008544921875], [-0.0051167500205338, -0.0291818268597126, -0.9995610117912292, 1.5188217163085938], [0.9999683499336243, 0.005925232078880072, -0.005291819106787443, -1.35009765625], [0.0, 0.0, 0.0, 1.0]], [[-0.8327355980873108, -0.5536414384841919, 0.005711731966584921, 0.81103515625], [0.0008863675175234675, -0.011649145744740963, -0.9999316930770874, 1.5039005279541016], [0.5536702275276184, -0.8326737284660339, 0.010191390290856361, -1.1001968383789062], [0.0, 0.0, 0.0, 1.0]], [[0.947714626789093, 0.3191129267215729, -0.0019518075278028846, -1.132080078125], [0.011518491432070732, -0.04031907021999359, -0.9991204142570496, 1.5886764526367188], [-0.3189108669757843, 0.9468586444854736, -0.041886672377586365, -0.10711669921875], [0.0, 0.0, 0.0, 1.0]], [[0.0022306914906948805, 0.9995150566101074, -0.031059768050909042, 0.00244140625], [-0.01473564188927412, -0.031023617833852768, -0.9994100332260132, 1.577850341796875], [-0.9998889565467834, 0.0026870702859014273, 0.014659292064607143, -0.10205078125], [0.0, 0.0, 0.0, 1.0]], [[-0.9348599314689636, 0.35434675216674805, -0.02180050127208233, 0.9539794921875], [0.017139308154582977, -0.016287876293063164, -0.9997203946113586, 1.5548076629638672], [-0.3546028137207031, -0.9349722862243652, 0.009153625927865505, -0.13232421875], [0.0, 0.0, 0.0, 1.0]]], "view": [[0.0, -2.0, 100.0], [-2.0, 0.0, 100.0], [0.0, 0.0, 1.0]], "bev": "bev_2f8f14dfeedb4154ac4c95ab827eaf30.png", "aux": "aux_2f8f14dfeedb4154ac4c95ab827eaf30.npz", "visibility": "visibility_2f8f14dfeedb4154ac4c95ab827eaf30.png", "pose": [[0.9269013404846191, -0.3753051161766052, 0.0, 1883.4083251953125], [0.3753051161766052, 0.9269013404846191, 0.0, 2590.302001953125], [0.0, 0.0, 1.0, 0.0], [0.0, 0.0, 0.0, 1.0]], "pose_inverse": [[0.9269013404846191, 0.3753051161766052, 0.0, -2717.88720703125], [-0.3753051161766052, 0.9269013404846191, 0.0, -1694.1015625], [0.0, 0.0, 1.0, 0.0], [0.0, 0.0, 0.0, 1.0]], "cam_ids": [0, 1, 2, 3, 4, 5], "cam_channels": ["CAM_FRONT_LEFT", "CAM_FRONT", "CAM_FRONT_RIGHT", "CAM_BACK_LEFT", "CAM_BACK", "CAM_BACK_RIGHT"], "token": "2f8f14dfeedb4154ac4c95ab827eaf30", "scene": "scene-1055"}, {"images": ["samples/CAM_FRONT_LEFT/n015-2018-11-21-19-11-29+0800__CAM_FRONT_LEFT__1542799032604844.jpg", "samples/CAM_FRONT/n015-2018-11-21-19-11-29+0800__CAM_FRONT__1542799032612460.jpg", "samples/CAM_FRONT_RIGHT/n015-2018-11-21-19-11-29+0800__CAM_FRONT_RIGHT__1542799032620339.jpg", "samples/CAM_BACK_LEFT/n015-2018-11-21-19-11-29+0800__CAM_BACK_LEFT__1542799032647423.jpg", "samples/CAM_BACK/n015-2018-11-21-19-11-29+0800__CAM_BACK__1542799032637525.jpg", "samples/CAM_BACK_RIGHT/n015-2018-11-21-19-11-29+0800__CAM_BACK_RIGHT__1542799032627893.jpg"], "intrinsics": [[[1272.5979470598488, 0.0, 826.6154927353808], [0.0, 1272.5979470598488, 479.75165386361925], [0.0, 0.0, 1.0]], [[1266.417203046554, 0.0, 816.2670197447984], [0.0, 1266.417203046554, 491.50706579294757], [0.0, 0.0, 1.0]], [[1260.8474446004698, 0.0, 807.968244525554], [0.0, 1260.8474446004698, 495.3344268742088], [0.0, 0.0, 1.0]], [[1256.7414812095406, 0.0, 792.1125740759628], [0.0, 1256.7414812095406, 492.7757465151356], [0.0, 0.0, 1.0]], [[809.2209905677063, 0.0, 829.2196003259838], [0.0, 809.2209905677063, 481.77842384512485], [0.0, 0.0, 1.0]], [[1259.5137405846733, 0.0, 807.2529053838625], [0.0, 1259.5137405846733, 501.19579884916527], [0.0, 0.0, 1.0]]], "extrinsics": [[[0.8206537961959839, -0.5713415145874023, 0.009808506816625595, -0.634765625], [0.008631729520857334, -0.004768371116369963, -0.9999513626098633, 1.51171875], [0.5713605284690857, 0.820698618888855, 0.001018483773805201, -1.05224609375], [0.0, 0.0, 0.0, 1.0]], [[0.0055425879545509815, -0.9999452233314514, 0.008879094384610653, 0.008056640625], [0.0029822378419339657, -0.008862663060426712, -0.9999562501907349, 1.521533489227295], [0.9999802112579346, 0.005568825174123049, 0.0029329510871320963, -1.361328125], [0.0, 0.0, 0.0, 1.0]], [[-0.8328877687454224, -0.5533231496810913, -0.011467081494629383, 0.8173828125], [0.00824375357478857, 0.008313722908496857, -0.9999314546585083, 1.505767822265625], [0.5533806085586548, -0.8329252600669861, -0.002362936967983842, -1.1048660278320312], [0.0, 0.0, 0.0, 1.0]], [[0.9477443099021912, 0.31894341111183167, 0.007466013543307781, -1.134033203125], [0.015349481254816055, -0.02221112884581089, -0.9996354579925537, 1.5886850357055664], [-0.31866133213043213, 0.9475135207176208, -0.025946088135242462, -0.10626220703125], [0.0, 0.0, 0.0, 1.0]], [[0.0024968429934233427, 0.9999226927757263, -0.012185540981590748, 0.0029296875], [-0.009454947896301746, -0.012161429040133953, -0.9998813271522522, 1.5784149169921875], [-0.9999521970748901, 0.0026117439847439528, 0.009423851035535336, -0.0986328125], [0.0, 0.0, 0.0, 1.0]], [[-0.9346323609352112, 0.3549928367137909, -0.021036731079220772, 0.9591064453125], [0.023737270385026932, 0.003253374947234988, -0.9997129440307617, 1.555938720703125], [-0.3548225164413452, -0.9348634481430054, -0.01146727055311203, -0.130126953125], [0.0, 0.0, 0.0, 1.0]]], "view": [[0.0, -2.0, 100.0], [-2.0, 0.0, 100.0], [0.0, 0.0, 1.0]], "bev": "bev_510732a29ab940e089cc663baf286453.png", "aux": "aux_510732a29ab940e089cc663baf286453.npz", "visibility": "visibility_510732a29ab940e089cc663baf286453.png", "pose": [[0.9284082651138306, -0.37156176567077637, 0.0, 1887.7979736328125], [0.37156176567077637, 0.9284082651138306, 0.0, 2592.038330078125], [0.0, 0.0, 1.0, 0.0], [0.0, 0.0, 0.0, 1.0]], "pose_inverse": [[0.9284082651138306, 0.37156176567077637, 0.0, -2715.74951171875], [-0.37156176567077637, 0.9284082651138306, 0.0, -1705.0362548828125], [0.0, 0.0, 1.0, 0.0], [0.0, 0.0, 0.0, 1.0]], "cam_ids": [0, 1, 2, 3, 4, 5], "cam_channels": ["CAM_FRONT_LEFT", "CAM_FRONT", "CAM_FRONT_RIGHT", "CAM_BACK_LEFT", "CAM_BACK", "CAM_BACK_RIGHT"], "token": "510732a29ab940e089cc663baf286453", "scene": "scene-1055"}, {"images": ["samples/CAM_FRONT_LEFT/n015-2018-11-21-19-11-29+0800__CAM_FRONT_LEFT__1542799033104844.jpg", "samples/CAM_FRONT/n015-2018-11-21-19-11-29+0800__CAM_FRONT__1542799033112460.jpg", "samples/CAM_FRONT_RIGHT/n015-2018-11-21-19-11-29+0800__CAM_FRONT_RIGHT__1542799033120339.jpg", "samples/CAM_BACK_LEFT/n015-2018-11-21-19-11-29+0800__CAM_BACK_LEFT__1542799033147423.jpg", "samples/CAM_BACK/n015-2018-11-21-19-11-29+0800__CAM_BACK__1542799033137525.jpg", "samples/CAM_BACK_RIGHT/n015-2018-11-21-19-11-29+0800__CAM_BACK_RIGHT__1542799033127893.jpg"], "intrinsics": [[[1272.5979470598488, 0.0, 826.6154927353808], [0.0, 1272.5979470598488, 479.75165386361925], [0.0, 0.0, 1.0]], [[1266.417203046554, 0.0, 816.2670197447984], [0.0, 1266.417203046554, 491.50706579294757], [0.0, 0.0, 1.0]], [[1260.8474446004698, 0.0, 807.968244525554], [0.0, 1260.8474446004698, 495.3344268742088], [0.0, 0.0, 1.0]], [[1256.7414812095406, 0.0, 792.1125740759628], [0.0, 1256.7414812095406, 492.7757465151356], [0.0, 0.0, 1.0]], [[809.2209905677063, 0.0, 829.2196003259838], [0.0, 809.2209905677063, 481.77842384512485], [0.0, 0.0, 1.0]], [[1259.5137405846733, 0.0, 807.2529053838625], [0.0, 1259.5137405846733, 501.19579884916527], [0.0, 0.0, 1.0]]], "extrinsics": [[[0.8211225271224976, -0.5707131624221802, 0.006655566859990358, -0.6400146484375], [-0.011709385551512241, -0.02850336767733097, -0.9995251297950745, 1.5037307739257812], [0.5706318020820618, 0.8206546306610107, -0.030087454244494438, -1.058837890625], [0.0, 0.0, 0.0, 1.0]], [[0.006353727541863918, -0.9994343519210815, 0.03302453085780144, 0.0096435546875], [-0.017091723158955574, -0.03312891349196434, -0.9993049502372742, 1.5150833129882812], [0.9998336434364319, 0.005784837994724512, -0.017292547971010208, -1.368896484375], [0.0, 0.0, 0.0, 1.0]], [[-0.8326777815818787, -0.5534396767616272, 0.018770908936858177, 0.8232421875], [-0.011567356996238232, -0.01650625467300415, -0.9997968673706055, 1.500762939453125], [0.5536370873451233, -0.8327257633209229, 0.0073425560258328915, -1.1078872680664062], [0.0, 0.0, 0.0, 1.0]], [[0.9476630687713623, 0.3187493085861206, -0.018260205164551735, -1.134521484375], [-0.0030198730528354645, -0.048241786658763885, -0.9988310933113098, 1.5885391235351562], [-0.3192577064037323, 0.9466105699539185, -0.044754382222890854, -0.1065673828125], [0.0, 0.0, 0.0, 1.0]], [[0.0020212549716234207, 0.9992792010307312, -0.03790887072682381, 0.002197265625], [-0.028428692370653152, -0.03783620521426201, -0.9988794922828674, 1.5766448974609375], [-0.9995937943458557, 0.0030966992489993572, 0.028331724926829338, -0.094970703125], [0.0, 0.0, 0.0, 1.0]], [[-0.935001015663147, 0.3544495105743408, -0.011778974905610085, 0.9638671875], [0.004244206473231316, -0.02202760986983776, -0.9997483491897583, 1.552267074584961], [-0.3546198010444641, -0.9348156452178955, 0.01909147948026657, -0.12744140625], [0.0, 0.0, 0.0, 1.0]]], "view": [[0.0, -2.0, 100.0], [-2.0, 0.0, 100.0], [0.0, 0.0, 1.0]], "bev": "bev_7a95073ed33b487d95d692c1ce8bd7af.png", "aux": "aux_7a95073ed33b487d95d692c1ce8bd7af.npz", "visibility": "visibility_7a95073ed33b487d95d692c1ce8bd7af.png", "pose": [[0.9299454689025879, -0.36769744753837585, 0.0, 1892.0401611328125], [0.36769744753837585, 0.9299454689025879, 0.0, 2593.6875], [0.0, 0.0, 1.0, 0.0], [0.0, 0.0, 0.0, 1.0]], "pose_inverse": [[0.9299454689025879, 0.36769744753837585, 0.0, -2713.1865234375], [-0.36769744753837585, 0.9299454689025879, 0.0, -1716.2896728515625], [0.0, 0.0, 1.0, 0.0], [0.0, 0.0, 0.0, 1.0]], "cam_ids": [0, 1, 2, 3, 4, 5], "cam_channels": ["CAM_FRONT_LEFT", "CAM_FRONT", "CAM_FRONT_RIGHT", "CAM_BACK_LEFT", "CAM_BACK", "CAM_BACK_RIGHT"], "token": "7a95073ed33b487d95d692c1ce8bd7af", "scene": "scene-1055"}, {"images": ["samples/CAM_FRONT_LEFT/n015-2018-11-21-19-11-29+0800__CAM_FRONT_LEFT__1542799033504844.jpg", "samples/CAM_FRONT/n015-2018-11-21-19-11-29+0800__CAM_FRONT__1542799033512460.jpg", "samples/CAM_FRONT_RIGHT/n015-2018-11-21-19-11-29+0800__CAM_FRONT_RIGHT__1542799033520339.jpg", "samples/CAM_BACK_LEFT/n015-2018-11-21-19-11-29+0800__CAM_BACK_LEFT__1542799033547423.jpg", "samples/CAM_BACK/n015-2018-11-21-19-11-29+0800__CAM_BACK__1542799033537525.jpg", "samples/CAM_BACK_RIGHT/n015-2018-11-21-19-11-29+0800__CAM_BACK_RIGHT__1542799033527893.jpg"], "intrinsics": [[[1272.5979470598488, 0.0, 826.6154927353808], [0.0, 1272.5979470598488, 479.75165386361925], [0.0, 0.0, 1.0]], [[1266.417203046554, 0.0, 816.2670197447984], [0.0, 1266.417203046554, 491.50706579294757], [0.0, 0.0, 1.0]], [[1260.8474446004698, 0.0, 807.968244525554], [0.0, 1260.8474446004698, 495.3344268742088], [0.0, 0.0, 1.0]], [[1256.7414812095406, 0.0, 792.1125740759628], [0.0, 1256.7414812095406, 492.7757465151356], [0.0, 0.0, 1.0]], [[809.2209905677063, 0.0, 829.2196003259838], [0.0, 809.2209905677063, 481.77842384512485], [0.0, 0.0, 1.0]], [[1259.5137405846733, 0.0, 807.2529053838625], [0.0, 1259.5137405846733, 501.19579884916527], [0.0, 0.0, 1.0]]], "extrinsics": [[[0.8201412558555603, -0.571965754032135, 0.01494737807661295, -0.6484375], [0.00011234128760406747, -0.025963446125388145, -0.9996628761291504, 1.508331298828125], [0.572161078453064, 0.8198665380477905, -0.021229440346360207, -1.061279296875], [0.0, 0.0, 0.0, 1.0]], [[0.004909992683678865, -0.9995301961898804, 0.030253451317548752, 0.0079345703125], [-0.0052550616674125195, -0.030279191210865974, -0.9995276927947998, 1.5189056396484375], [0.9999741315841675, 0.004748702049255371, -0.005401263013482094, -1.3740234375], [0.0, 0.0, 0.0, 1.0]], [[-0.833179771900177, -0.5529564023017883, 0.007122466340661049, 0.82470703125], [0.00030954473186284304, -0.013345965184271336, -0.999910831451416, 1.5037403106689453], [0.553002119064331, -0.8331032991409302, 0.011290754191577435, -1.109649658203125], [0.0, 0.0, 0.0, 1.0]], [[0.9477049112319946, 0.31909358501434326, -0.0058982474729418755, -1.1318359375], [0.00867215171456337, -0.04422181099653244, -0.9989840388298035, 1.5886611938476562], [-0.3190302550792694, 0.9466909766197205, -0.04467645287513733, -0.1072998046875], [0.0, 0.0, 0.0, 1.0]], [[0.00250246818177402, 0.9994125366210938, -0.03418024629354477, 0.0023193359375], [-0.016593344509601593, -0.0341341458261013, -0.9992794990539551, 1.5777511596679688], [-0.9998591542243958, 0.0030678403563797474, 0.016498178243637085, -0.095947265625], [0.0, 0.0, 0.0, 1.0]], [[-0.9346720576286316, 0.35484978556632996, -0.021676141768693924, 0.964599609375], [0.016124302521348, -0.018595589324831963, -0.9996970891952515, 1.554422378540039], [-0.3551453948020935, -0.9347383975982666, 0.01165907084941864, -0.127685546875], [0.0, 0.0, 0.0, 1.0]]], "view": [[0.0, -2.0, 100.0], [-2.0, 0.0, 100.0], [0.0, 0.0, 1.0]], "bev": "bev_0331dd91f4c04e8b822d4e2b3c91da2f.png", "aux": "aux_0331dd91f4c04e8b822d4e2b3c91da2f.npz", "visibility": "visibility_0331dd91f4c04e8b822d4e2b3c91da2f.png", "pose": [[0.9284524321556091, -0.37145134806632996, 0.0, 1895.3477783203125], [0.37145134806632996, 0.9284524321556091, 0.0, 2594.982421875], [0.0, 0.0, 1.0, 0.0], [0.0, 0.0, 0.0, 1.0]], "pose_inverse": [[0.9284524321556091, 0.37145134806632996, 0.0, -2723.64990234375], [-0.37145134806632996, 0.9284524321556091, 0.0, -1705.2882080078125], [0.0, 0.0, 1.0, 0.0], [0.0, 0.0, 0.0, 1.0]], "cam_ids": [0, 1, 2, 3, 4, 5], "cam_channels": ["CAM_FRONT_LEFT", "CAM_FRONT", "CAM_FRONT_RIGHT", "CAM_BACK_LEFT", "CAM_BACK", "CAM_BACK_RIGHT"], "token": "0331dd91f4c04e8b822d4e2b3c91da2f", "scene": "scene-1055"}, {"images": ["samples/CAM_FRONT_LEFT/n015-2018-11-21-19-11-29+0800__CAM_FRONT_LEFT__1542799034004844.jpg", "samples/CAM_FRONT/n015-2018-11-21-19-11-29+0800__CAM_FRONT__1542799034012460.jpg", "samples/CAM_FRONT_RIGHT/n015-2018-11-21-19-11-29+0800__CAM_FRONT_RIGHT__1542799034020339.jpg", "samples/CAM_BACK_LEFT/n015-2018-11-21-19-11-29+0800__CAM_BACK_LEFT__1542799034047423.jpg", "samples/CAM_BACK/n015-2018-11-21-19-11-29+0800__CAM_BACK__1542799034037525.jpg", "samples/CAM_BACK_RIGHT/n015-2018-11-21-19-11-29+0800__CAM_BACK_RIGHT__1542799034027893.jpg"], "intrinsics": [[[1272.5979470598488, 0.0, 826.6154927353808], [0.0, 1272.5979470598488, 479.75165386361925], [0.0, 0.0, 1.0]], [[1266.417203046554, 0.0, 816.2670197447984], [0.0, 1266.417203046554, 491.50706579294757], [0.0, 0.0, 1.0]], [[1260.8474446004698, 0.0, 807.968244525554], [0.0, 1260.8474446004698, 495.3344268742088], [0.0, 0.0, 1.0]], [[1256.7414812095406, 0.0, 792.1125740759628], [0.0, 1256.7414812095406, 492.7757465151356], [0.0, 0.0, 1.0]], [[809.2209905677063, 0.0, 829.2196003259838], [0.0, 809.2209905677063, 481.77842384512485], [0.0, 0.0, 1.0]], [[1259.5137405846733, 0.0, 807.2529053838625], [0.0, 1259.5137405846733, 501.19579884916527], [0.0, 0.0, 1.0]]], "extrinsics": [[[0.8210398554801941, -0.5707396864891052, 0.012241761200129986, -0.673583984375], [0.001475876197218895, -0.019321786239743233, -0.9998122453689575, 1.5088367462158203], [0.5708690881729126, 0.8209037184715271, -0.015021614730358124, -1.082275390625], [0.0, 0.0, 0.0, 1.0]], [[0.006091983523219824, -0.9997133612632751, 0.0231514573097229, 0.0098876953125], [-0.003664835123345256, -0.02317405305802822, -0.9997247457504272, 1.5195388793945312], [0.9999747276306152, 0.006005394738167524, -0.003804959822446108, -1.401611328125], [0.0, 0.0, 0.0, 1.0]], [[-0.8327277302742004, -0.5536807775497437, 0.00142047053668648, 0.84423828125], [0.0021138559095561504, -0.005744661670178175, -0.9999812245368958, 1.5041399002075195], [0.5536786317825317, -0.8327091336250305, 0.0059541440568864346, -1.1207046508789062], [0.0, 0.0, 0.0, 1.0]], [[0.9476896524429321, 0.3191930055618286, -0.000454815017292276, -1.1328125], [0.011380705051124096, -0.0352134108543396, -0.9993150234222412, 1.5886764526367188], [-0.31899040937423706, 0.9470353126525879, -0.0370040237903595, -0.10687255859375], [0.0, 0.0, 0.0, 1.0]], [[0.0022609492298215628, 0.9996691942214966, -0.025620639324188232, 0.001953125], [-0.014319370500743389, -0.025585712864995003, -0.9995700716972351, 1.5781097412109375], [-0.999894917011261, 0.0026268381625413895, 0.014256784692406654, -0.0869140625], [0.0, 0.0, 0.0, 1.0]], [[-0.9348404407501221, 0.3544654846191406, -0.020679844543337822, 0.9801025390625], [0.01812252588570118, -0.010533135384321213, -0.9997802972793579, 1.5544910430908203], [-0.35460537672042847, -0.935009777545929, 0.0034229913726449013, -0.12109375], [0.0, 0.0, 0.0, 1.0]]], "view": [[0.0, -2.0, 100.0], [-2.0, 0.0, 100.0], [0.0, 0.0, 1.0]], "bev": "bev_bfb89878f3fc4a82848be318010a50cd.png", "aux": "aux_bfb89878f3fc4a82848be318010a50cd.npz", "visibility": "visibility_bfb89878f3fc4a82848be318010a50cd.png", "pose": [[0.9267465472221375, -0.37568721175193787, 0.0, 1899.26806640625], [0.37568721175193787, 0.9267465472221375, 0.0, 2596.540771484375], [0.0, 0.0, 1.0, 0.0], [0.0, 0.0, 0.0, 1.0]], "pose_inverse": [[0.9267465472221375, 0.37568721175193787, 0.0, -2735.627197265625], [-0.37568721175193787, 0.9267465472221375, 0.0, -1692.804443359375], [0.0, 0.0, 1.0, 0.0], [0.0, 0.0, 0.0, 1.0]], "cam_ids": [0, 1, 2, 3, 4, 5], "cam_channels": ["CAM_FRONT_LEFT", "CAM_FRONT", "CAM_FRONT_RIGHT", "CAM_BACK_LEFT", "CAM_BACK", "CAM_BACK_RIGHT"], "token": "bfb89878f3fc4a82848be318010a50cd", "scene": "scene-1055"}, {"images": ["samples/CAM_FRONT_LEFT/n015-2018-11-21-19-11-29+0800__CAM_FRONT_LEFT__1542799034504844.jpg", "samples/CAM_FRONT/n015-2018-11-21-19-11-29+0800__CAM_FRONT__1542799034512460.jpg", "samples/CAM_FRONT_RIGHT/n015-2018-11-21-19-11-29+0800__CAM_FRONT_RIGHT__1542799034520339.jpg", "samples/CAM_BACK_LEFT/n015-2018-11-21-19-11-29+0800__CAM_BACK_LEFT__1542799034547423.jpg", "samples/CAM_BACK/n015-2018-11-21-19-11-29+0800__CAM_BACK__1542799034537525.jpg", "samples/CAM_BACK_RIGHT/n015-2018-11-21-19-11-29+0800__CAM_BACK_RIGHT__1542799034527893.jpg"], "intrinsics": [[[1272.5979470598488, 0.0, 826.6154927353808], [0.0, 1272.5979470598488, 479.75165386361925], [0.0, 0.0, 1.0]], [[1266.417203046554, 0.0, 816.2670197447984], [0.0, 1266.417203046554, 491.50706579294757], [0.0, 0.0, 1.0]], [[1260.8474446004698, 0.0, 807.968244525554], [0.0, 1260.8474446004698, 495.3344268742088], [0.0, 0.0, 1.0]], [[1256.7414812095406, 0.0, 792.1125740759628], [0.0, 1256.7414812095406, 492.7757465151356], [0.0, 0.0, 1.0]], [[809.2209905677063, 0.0, 829.2196003259838], [0.0, 809.2209905677063, 481.77842384512485], [0.0, 0.0, 1.0]], [[1259.5137405846733, 0.0, 807.2529053838625], [0.0, 1259.5137405846733, 501.19579884916527], [0.0, 0.0, 1.0]]], "extrinsics": [[[0.8209716081619263, -0.570968508720398, 0.0006581225316040218, -0.7010498046875], [0.003326479345560074, 0.003630376188084483, -0.9999879002571106, 1.5092992782592773], [0.570959210395813, 0.8209639191627502, 0.004879751242697239, -1.100341796875], [0.0, 0.0, 0.0, 1.0]], [[0.005982649512588978, -0.9999820590019226, 0.00024670138373039663, 0.0089111328125], [-0.002223491668701172, -0.00026000794605351985, -0.9999974966049194, 1.5199484825134277], [0.9999796152114868, 0.0059821223840117455, -0.0022250073961913586, -1.428955078125], [0.0, 0.0, 0.0, 1.0]], [[-0.8327699303627014, -0.5534870028495789, -0.01209344994276762, 0.8623046875], [0.003133822465315461, 0.0171311367303133, -0.9998483061790466, 1.5042495727539062], [0.5536102652549744, -0.8326815366744995, -0.0125317657366395, -1.1330337524414062], [0.0, 0.0, 0.0, 1.0]], [[0.9477216005325317, 0.31903591752052307, 0.00631742225959897, -1.135498046875], [0.011015498079359531, -0.01292366348206997, -0.9998557567596436, 1.58864164352417], [-0.31890836358070374, 0.9476544260978699, -0.01576237566769123, -0.10662841796875], [0.0, 0.0, 0.0, 1.0]], [[0.002343910513445735, 0.9999924898147583, -0.0030969311483204365, 0.0023193359375], [-0.01414376962929964, -0.003063478507101536, -0.9998952746391296, 1.5782394409179688], [-0.9998972415924072, 0.0023874868638813496, 0.01413648296147585, -0.077392578125], [0.0, 0.0, 0.0, 1.0]], [[-0.9347993731498718, 0.3549290895462036, -0.013243787921965122, 0.9952392578125], [0.018779078498482704, 0.012155095115303993, -0.9997497797012329, 1.5542526245117188], [-0.35467931628227234, -0.9348142147064209, -0.01802781969308853, -0.11572265625], [0.0, 0.0, 0.0, 1.0]]], "view": [[0.0, -2.0, 100.0], [-2.0, 0.0, 100.0], [0.0, 0.0, 1.0]], "bev": "bev_6b2e3ef93eea48749e786328e7958858.png", "aux": "aux_6b2e3ef93eea48749e786328e7958858.npz", "visibility": "visibility_6b2e3ef93eea48749e786328e7958858.png", "pose": [[0.9266048073768616, -0.3760365843772888, 0.0, 1902.886474609375], [0.3760365843772888, 0.9266048073768616, 0.0, 2597.98095703125], [0.0, 0.0, 1.0, 0.0], [0.0, 0.0, 0.0, 1.0]], "pose_inverse": [[0.9266048073768616, 0.3760365843772888, 0.0, -2740.15966796875], [-0.3760365843772888, 0.9266048073768616, 0.0, -1691.7467041015625], [0.0, 0.0, 1.0, 0.0], [0.0, 0.0, 0.0, 1.0]], "cam_ids": [0, 1, 2, 3, 4, 5], "cam_channels": ["CAM_FRONT_LEFT", "CAM_FRONT", "CAM_FRONT_RIGHT", "CAM_BACK_LEFT", "CAM_BACK", "CAM_BACK_RIGHT"], "token": "6b2e3ef93eea48749e786328e7958858", "scene": "scene-1055"}, {"images": ["samples/CAM_FRONT_LEFT/n015-2018-11-21-19-11-29+0800__CAM_FRONT_LEFT__1542799035004844.jpg", "samples/CAM_FRONT/n015-2018-11-21-19-11-29+0800__CAM_FRONT__1542799035012460.jpg", "samples/CAM_FRONT_RIGHT/n015-2018-11-21-19-11-29+0800__CAM_FRONT_RIGHT__1542799035020339.jpg", "samples/CAM_BACK_LEFT/n015-2018-11-21-19-11-29+0800__CAM_BACK_LEFT__1542799035047423.jpg", "samples/CAM_BACK/n015-2018-11-21-19-11-29+0800__CAM_BACK__1542799035037525.jpg", "samples/CAM_BACK_RIGHT/n015-2018-11-21-19-11-29+0800__CAM_BACK_RIGHT__1542799035027893.jpg"], "intrinsics": [[[1272.5979470598488, 0.0, 826.6154927353808], [0.0, 1272.5979470598488, 479.75165386361925], [0.0, 0.0, 1.0]], [[1266.417203046554, 0.0, 816.2670197447984], [0.0, 1266.417203046554, 491.50706579294757], [0.0, 0.0, 1.0]], [[1260.8474446004698, 0.0, 807.968244525554], [0.0, 1260.8474446004698, 495.3344268742088], [0.0, 0.0, 1.0]], [[1256.7414812095406, 0.0, 792.1125740759628], [0.0, 1256.7414812095406, 492.7757465151356], [0.0, 0.0, 1.0]], [[809.2209905677063, 0.0, 829.2196003259838], [0.0, 809.2209905677063, 481.77842384512485], [0.0, 0.0, 1.0]], [[1259.5137405846733, 0.0, 807.2529053838625], [0.0, 1259.5137405846733, 501.19579884916527], [0.0, 0.0, 1.0]]], "extrinsics": [[[0.821313738822937, -0.5704484581947327, 0.005679804366081953, -0.709228515625], [-0.00027437228709459305, -0.010351235046982765, -0.9999463558197021, 1.508199691772461], [0.5704766511917114, 0.8212681412696838, -0.008658126927912235, -1.10693359375], [0.0, 0.0, 0.0, 1.0]], [[0.006606981623917818, -0.9998632073402405, 0.015163103118538857, 0.009765625], [-0.005864120088517666, -0.015201914124190807, -0.99986732006073, 1.5190849304199219], [0.9999608993530273, 0.006517232395708561, -0.005963756702840328, -1.43701171875], [0.0, 0.0, 0.0, 1.0]], [[-0.832452654838562, -0.5540961623191833, -0.00019888633687514812, 0.866943359375], [-0.0005611712113022804, 0.0012020205613225698, -0.9999991059303284, 1.5035293102264404], [0.5540959239006042, -0.8324518799781799, -0.0013115665642544627, -1.135345458984375], [0.0, 0.0, 0.0, 1.0]], [[0.9477418661117554, 0.3190191984176636, -0.0034775566309690475, -1.1357421875], [0.006966207642108202, -0.03159027174115181, -0.9994765520095825, 1.5886077880859375], [-0.31896206736564636, 0.9472216367721558, -0.03216177970170975, -0.10614013671875], [0.0, 0.0, 0.0, 1.0]], [[0.002041855128481984, 0.9997814893722534, -0.020804351195693016, 0.0018310546875], [-0.01796104572713375, -0.020764371380209923, -0.9996230602264404, 1.5780029296875], [-0.9998366236686707, 0.00241474574431777, 0.017914721742272377, -0.07568359375], [0.0, 0.0, 0.0, 1.0]], [[-0.9350178241729736, 0.3542537987232208, -0.015680812299251556, 0.998779296875], [0.015062646009027958, -0.004502513911575079, -0.9998764395713806, 1.5536575317382812], [-0.35428065061569214, -0.9351385235786438, -0.001126069575548172, -0.11376953125], [0.0, 0.0, 0.0, 1.0]]], "view": [[0.0, -2.0, 100.0], [-2.0, 0.0, 100.0], [0.0, 0.0, 1.0]], "bev": "bev_e1c5fe3bb9f3494abde63c5bbd5d2510.png", "aux": "aux_e1c5fe3bb9f3494abde63c5bbd5d2510.npz", "visibility": "visibility_e1c5fe3bb9f3494abde63c5bbd5d2510.png", "pose": [[0.9270855188369751, -0.37484994530677795, 0.0, 1906.308349609375], [0.37484994530677795, 0.9270855188369751, 0.0, 2599.347412109375], [0.0, 0.0, 1.0, 0.0], [0.0, 0.0, 0.0, 1.0]], "pose_inverse": [[0.9270855188369751, 0.37484994530677795, 0.0, -2741.676025390625], [-0.37484994530677795, 0.9270855188369751, 0.0, -1695.2376708984375], [0.0, 0.0, 1.0, 0.0], [0.0, 0.0, 0.0, 1.0]], "cam_ids": [0, 1, 2, 3, 4, 5], "cam_channels": ["CAM_FRONT_LEFT", "CAM_FRONT", "CAM_FRONT_RIGHT", "CAM_BACK_LEFT", "CAM_BACK", "CAM_BACK_RIGHT"], "token": "e1c5fe3bb9f3494abde63c5bbd5d2510", "scene": "scene-1055"}, {"images": ["samples/CAM_FRONT_LEFT/n015-2018-11-21-19-11-29+0800__CAM_FRONT_LEFT__1542799035504844.jpg", "samples/CAM_FRONT/n015-2018-11-21-19-11-29+0800__CAM_FRONT__1542799035512460.jpg", "samples/CAM_FRONT_RIGHT/n015-2018-11-21-19-11-29+0800__CAM_FRONT_RIGHT__1542799035520339.jpg", "samples/CAM_BACK_LEFT/n015-2018-11-21-19-11-29+0800__CAM_BACK_LEFT__1542799035547423.jpg", "samples/CAM_BACK/n015-2018-11-21-19-11-29+0800__CAM_BACK__1542799035537525.jpg", "samples/CAM_BACK_RIGHT/n015-2018-11-21-19-11-29+0800__CAM_BACK_RIGHT__1542799035527893.jpg"], "intrinsics": [[[1272.5979470598488, 0.0, 826.6154927353808], [0.0, 1272.5979470598488, 479.75165386361925], [0.0, 0.0, 1.0]], [[1266.417203046554, 0.0, 816.2670197447984], [0.0, 1266.417203046554, 491.50706579294757], [0.0, 0.0, 1.0]], [[1260.8474446004698, 0.0, 807.968244525554], [0.0, 1260.8474446004698, 495.3344268742088], [0.0, 0.0, 1.0]], [[1256.7414812095406, 0.0, 792.1125740759628], [0.0, 1256.7414812095406, 492.7757465151356], [0.0, 0.0, 1.0]], [[809.2209905677063, 0.0, 829.2196003259838], [0.0, 809.2209905677063, 481.77842384512485], [0.0, 0.0, 1.0]], [[1259.5137405846733, 0.0, 807.2529053838625], [0.0, 1259.5137405846733, 501.19579884916527], [0.0, 0.0, 1.0]]], "extrinsics": [[[0.8205919861793518, -0.571131706237793, 0.020914683118462563, -0.724853515625], [0.005366760306060314, -0.028893038630485535, -0.9995681047439575, 1.5098037719726562], [0.5714892745018005, 0.8203498125076294, -0.02064426802098751, -1.1123046875], [0.0, 0.0, 0.0, 1.0]], [[0.005470358766615391, -0.9994295835494995, 0.03332478553056717, 0.0059814453125], [0.0002726641541812569, -0.03332379087805748, -0.9994446039199829, 1.5205879211425781], [0.9999849200248718, 0.00547640910372138, 9.021647565532476e-05, -1.450439453125], [0.0, 0.0, 0.0, 1.0]], [[-0.8329291343688965, -0.5533649325370789, 0.004043534863740206, 0.8740234375], [0.006110091228038073, -0.016502998769283295, -0.9998451471328735, 1.5047950744628906], [0.5533459782600403, -0.8327754139900208, 0.017126938328146935, -1.144012451171875], [0.0, 0.0, 0.0, 1.0]], [[0.9477347731590271, 0.3190571069717407, -0.0011718482710421085, -1.1337890625], [0.01508984062820673, -0.04849133640527725, -0.9987096190452576, 1.5886726379394531], [-0.31870219111442566, 0.9464941620826721, -0.05077144503593445, -0.1063232421875], [0.0, 0.0, 0.0, 1.0]], [[0.0023960780818015337, 0.9992820620536804, -0.03781164810061455, 0.003173828125], [-0.0103870565071702, -0.037784844636917114, -0.9992319345474243, 1.5785903930664062], [-0.9999431371688843, 0.002786919241771102, 0.010289064608514309, -0.072509765625], [0.0, 0.0, 0.0, 1.0]], [[-0.9346719980239868, 0.35437119007110596, -0.0284495260566473, 1.0064697265625], [0.022135339677333832, -0.021859770640730858, -0.9995160102844238, 1.5545177459716797], [-0.3548215925693512, -0.9348493814468384, 0.012587588280439377, -0.113525390625], [0.0, 0.0, 0.0, 1.0]]], "view": [[0.0, -2.0, 100.0], [-2.0, 0.0, 100.0], [0.0, 0.0, 1.0]], "bev": "bev_ed581264362349e2957b999c2492de9b.png", "aux": "aux_ed581264362349e2957b999c2492de9b.npz", "visibility": "visibility_ed581264362349e2957b999c2492de9b.png", "pose": [[0.9284537434577942, -0.3714480400085449, 0.0, 1909.5491943359375], [0.3714480400085449, 0.9284537434577942, 0.0, 2600.6298828125], [0.0, 0.0, 1.0, 0.0], [0.0, 0.0, 0.0, 1.0]], "pose_inverse": [[0.9284537434577942, 0.3714480400085449, 0.0, -2738.927001953125], [-0.3714480400085449, 0.9284537434577942, 0.0, -1705.2662353515625], [0.0, 0.0, 1.0, 0.0], [0.0, 0.0, 0.0, 1.0]], "cam_ids": [0, 1, 2, 3, 4, 5], "cam_channels": ["CAM_FRONT_LEFT", "CAM_FRONT", "CAM_FRONT_RIGHT", "CAM_BACK_LEFT", "CAM_BACK", "CAM_BACK_RIGHT"], "token": "ed581264362349e2957b999c2492de9b", "scene": "scene-1055"}, {"images": ["samples/CAM_FRONT_LEFT/n015-2018-11-21-19-11-29+0800__CAM_FRONT_LEFT__1542799036004844.jpg", "samples/CAM_FRONT/n015-2018-11-21-19-11-29+0800__CAM_FRONT__1542799036012460.jpg", "samples/CAM_FRONT_RIGHT/n015-2018-11-21-19-11-29+0800__CAM_FRONT_RIGHT__1542799036020339.jpg", "samples/CAM_BACK_LEFT/n015-2018-11-21-19-11-29+0800__CAM_BACK_LEFT__1542799036047423.jpg", "samples/CAM_BACK/n015-2018-11-21-19-11-29+0800__CAM_BACK__1542799036037525.jpg", "samples/CAM_BACK_RIGHT/n015-2018-11-21-19-11-29+0800__CAM_BACK_RIGHT__1542799036027893.jpg"], "intrinsics": [[[1272.5979470598488, 0.0, 826.6154927353808], [0.0, 1272.5979470598488, 479.75165386361925], [0.0, 0.0, 1.0]], [[1266.417203046554, 0.0, 816.2670197447984], [0.0, 1266.417203046554, 491.50706579294757], [0.0, 0.0, 1.0]], [[1260.8474446004698, 0.0, 807.968244525554], [0.0, 1260.8474446004698, 495.3344268742088], [0.0, 0.0, 1.0]], [[1256.7414812095406, 0.0, 792.1125740759628], [0.0, 1256.7414812095406, 492.7757465151356], [0.0, 0.0, 1.0]], [[809.2209905677063, 0.0, 829.2196003259838], [0.0, 809.2209905677063, 481.77842384512485], [0.0, 0.0, 1.0]], [[1259.5137405846733, 0.0, 807.2529053838625], [0.0, 1259.5137405846733, 501.19579884916527], [0.0, 0.0, 1.0]]], "extrinsics": [[[0.8209486603736877, -0.5696948170661926, 0.03861464187502861, -0.755615234375], [0.020823203027248383, -0.03771144524216652, -0.9990717172622681, 1.513566493988037], [0.5706221461296082, 0.8209906220436096, -0.019096286967396736, -1.13525390625], [0.0, 0.0, 0.0, 1.0]], [[0.0061411019414663315, -0.9991032481193542, 0.04189106822013855, 0.0068359375], [0.016041647642850876, -0.04178803786635399, -0.998997688293457, 1.523916244506836], [0.9998524188995361, 0.006806953344494104, 0.01577063649892807, -1.482666015625], [0.0, 0.0, 0.0, 1.0]], [[-0.8323182463645935, -0.5542766451835632, -0.0048380340449512005, 0.89697265625], [0.02218599244952202, -0.02459137514233589, -0.9994513392448425, 1.5072689056396484], [0.5538535714149475, -0.8319690227508545, 0.03276503458619118, -1.1582183837890625], [0.0, 0.0, 0.0, 1.0]], [[0.9473782181739807, 0.31984034180641174, 0.01329048816114664, -1.13818359375], [0.03246432915329933, -0.05469108745455742, -0.9979754090309143, 1.5886921882629395], [-0.318465918302536, 0.9458916187286377, -0.06219654902815819, -0.1051025390625], [0.0, 0.0, 0.0, 1.0]], [[0.002339206403121352, 0.9989920854568481, -0.044825732707977295, 0.002685546875], [0.006422592792659998, -0.04483994096517563, -0.998973548412323, 1.5797462463378906], [-0.999976634979248, 0.0020489359740167856, -0.006521009374409914, -0.06005859375], [0.0, 0.0, 0.0, 1.0]], [[-0.9343920350074768, 0.353203147649765, -0.0464649498462677, 1.0255126953125], [0.0384899266064167, -0.029573634266853333, -0.9988213181495667, 1.5560188293457031], [-0.35416093468666077, -0.9350791573524475, 0.01403860468417406, -0.10546875], [0.0, 0.0, 0.0, 1.0]]], "view": [[0.0, -2.0, 100.0], [-2.0, 0.0, 100.0], [0.0, 0.0, 1.0]], "bev": "bev_03af19f7ac854e5ab43d2c4456418828.png", "aux": "aux_03af19f7ac854e5ab43d2c4456418828.npz", "visibility": "visibility_03af19f7ac854e5ab43d2c4456418828.png", "pose": [[0.9291775226593018, -0.3696337938308716, 0.0, 1912.434326171875], [0.3696337938308716, 0.9291775226593018, 0.0, 2601.774169921875], [0.0, 0.0, 1.0, 0.0], [0.0, 0.0, 0.0, 1.0]], "pose_inverse": [[0.9291775226593018, 0.3696337938308716, 0.0, -2738.694580078125], [-0.3696337938308716, 0.9291775226593018, 0.0, -1710.609619140625], [0.0, 0.0, 1.0, 0.0], [0.0, 0.0, 0.0, 1.0]], "cam_ids": [0, 1, 2, 3, 4, 5], "cam_channels": ["CAM_FRONT_LEFT", "CAM_FRONT", "CAM_FRONT_RIGHT", "CAM_BACK_LEFT", "CAM_BACK", "CAM_BACK_RIGHT"], "token": "03af19f7ac854e5ab43d2c4456418828", "scene": "scene-1055"}, {"images": ["samples/CAM_FRONT_LEFT/n015-2018-11-21-19-11-29+0800__CAM_FRONT_LEFT__1542799036504844.jpg", "samples/CAM_FRONT/n015-2018-11-21-19-11-29+0800__CAM_FRONT__1542799036512460.jpg", "samples/CAM_FRONT_RIGHT/n015-2018-11-21-19-11-29+0800__CAM_FRONT_RIGHT__1542799036520339.jpg", "samples/CAM_BACK_LEFT/n015-2018-11-21-19-11-29+0800__CAM_BACK_LEFT__1542799036547423.jpg", "samples/CAM_BACK/n015-2018-11-21-19-11-29+0800__CAM_BACK__1542799036537525.jpg", "samples/CAM_BACK_RIGHT/n015-2018-11-21-19-11-29+0800__CAM_BACK_RIGHT__1542799036527893.jpg"], "intrinsics": [[[1272.5979470598488, 0.0, 826.6154927353808], [0.0, 1272.5979470598488, 479.75165386361925], [0.0, 0.0, 1.0]], [[1266.417203046554, 0.0, 816.2670197447984], [0.0, 1266.417203046554, 491.50706579294757], [0.0, 0.0, 1.0]], [[1260.8474446004698, 0.0, 807.968244525554], [0.0, 1260.8474446004698, 495.3344268742088], [0.0, 0.0, 1.0]], [[1256.7414812095406, 0.0, 792.1125740759628], [0.0, 1256.7414812095406, 492.7757465151356], [0.0, 0.0, 1.0]], [[809.2209905677063, 0.0, 829.2196003259838], [0.0, 809.2209905677063, 481.77842384512485], [0.0, 0.0, 1.0]], [[1259.5137405846733, 0.0, 807.2529053838625], [0.0, 1259.5137405846733, 501.19579884916527], [0.0, 0.0, 1.0]]], "extrinsics": [[[0.821123480796814, -0.5682235956192017, 0.053647421300411224, -0.790771484375], [0.03166625648736954, -0.04849405214190483, -0.9983214139938354, 1.515015959739685], [0.5698713064193726, 0.8214439749717712, -0.02182609774172306, -1.161376953125], [0.0, 0.0, 0.0, 1.0]], [[0.006701481528580189, -0.9985830187797546, 0.052793215960264206, 0.007568359375], [0.02610272727906704, -0.05260172486305237, -0.9982743859291077, 1.5251483917236328], [0.999636709690094, 0.00806797482073307, 0.025713231414556503, -1.518310546875], [0.0, 0.0, 0.0, 1.0]], [[-0.8317760229110718, -0.5550736784934998, -0.006477170158177614, 0.919677734375], [0.03142344579100609, -0.03543199226260185, -0.9988779425621033, 1.5079536437988281], [0.5542213320732117, -0.8310462236404419, 0.046913810074329376, -1.1726608276367188], [0.0, 0.0, 0.0, 1.0]], [[0.9471849203109741, 0.3202764391899109, 0.016240768134593964, -1.13916015625], [0.039339493960142136, -0.06578313559293747, -0.9970581531524658, 1.5886521339416504], [-0.318265825510025, 0.9450373649597168, -0.0749083086848259, -0.10443115234375], [0.0, 0.0, 0.0, 1.0]], [[0.0021778952796012163, 0.9984408020973206, -0.055779267102479935, 0.002685546875], [0.014172486960887909, -0.05580461025238037, -0.9983411431312561, 1.5800895690917969], [-0.9998971819877625, 0.0013837539590895176, -0.01427192706