[{"images": ["samples/CAM_FRONT_LEFT/n008-2018-08-29-16-04-13-0400__CAM_FRONT_LEFT__1535573549854799.jpg", "samples/CAM_FRONT/n008-2018-08-29-16-04-13-0400__CAM_FRONT__1535573549862404.jpg", "samples/CAM_FRONT_RIGHT/n008-2018-08-29-16-04-13-0400__CAM_FRONT_RIGHT__1535573549870482.jpg", "samples/CAM_BACK_LEFT/n008-2018-08-29-16-04-13-0400__CAM_BACK_LEFT__1535573549897405.jpg", "samples/CAM_BACK/n008-2018-08-29-16-04-13-0400__CAM_BACK__1535573549887558.jpg", "samples/CAM_BACK_RIGHT/n008-2018-08-29-16-04-13-0400__CAM_BACK_RIGHT__1535573549878122.jpg"], "intrinsics": [[[1257.8625342125129, 0.0, 827.2410631095686], [0.0, 1257.8625342125129, 450.915498205774], [0.0, 0.0, 1.0]], [[1252.8131021185304, 0.0, 826.588114781398], [0.0, 1252.8131021185304, 469.9846626224581], [0.0, 0.0, 1.0]], [[1256.7485116440405, 0.0, 817.7887570959712], [0.0, 1256.7485116440403, 451.9541780095127], [0.0, 0.0, 1.0]], [[1254.9860565800168, 0.0, 829.5769333630991], [0.0, 1254.9860565800168, 467.1680561863987], [0.0, 0.0, 1.0]], [[796.8910634503094, 0.0, 857.7774326863696], [0.0, 796.8910634503094, 476.8848988407415], [0.0, 0.0, 1.0]], [[1249.9629280788233, 0.0, 825.3768045375984], [0.0, 1249.9629280788233, 462.54816385708756], [0.0, 0.0, 1.0]]], "extrinsics": [[[0.8223482966423035, -0.5684984922409058, -0.023514006286859512, -1.0048828125], [-0.012018410488963127, 0.023961784318089485, -0.9996406435966492, 1.4882926940917969], [0.5688576102256775, 0.8223353028297424, 0.012872481718659401, -1.33349609375], [0.0, 0.0, 0.0, 1.0]], [[0.010062298737466335, -0.9997503161430359, -0.019949574023485184, 0.0054931640625], [-0.010062596760690212, 0.019848335534334183, -0.999752402305603, 1.4801673889160156], [0.9998987317085266, 0.01026055496186018, -0.009860365651547909, -1.7347412109375], [0.0, 0.0, 0.0, 1.0]], [[-0.8441121578216553, -0.5361496806144714, -0.004254850093275309, 1.090606689453125], [-0.0020441878587007523, 0.01115378737449646, -0.9999356865882874, 1.4930744171142578], [0.5361627340316772, -0.8440492749214172, -0.010511040687561035, -1.27734375], [0.0, 0.0, 0.0, 1.0]], [[0.9476626515388489, 0.3187873959541321, -0.01760951615869999, -1.1438713073730469], [-0.027425730600953102, 0.026329629123210907, -0.9992770552635193, 1.5620460510253906], [-0.31809327006340027, 0.9474604725837708, 0.033694587647914886, -0.1561279296875], [0.0, 0.0, 0.0, 1.0]], [[0.009394025430083275, 0.9997835159301758, 0.018565582111477852, -0.02880859375], [-0.025311268866062164, 0.01879819668829441, -0.9995028376579285, 1.5680618286132812], [-0.9996354579925537, 0.008919503539800644, 0.025482380762696266, 0.04425048828125], [0.0, 0.0, 0.0, 1.0]], [[-0.9236254096031189, 0.3828730583190918, 0.01800207979977131, 1.1605224609375], [-0.021109696477651596, -0.003916503861546516, -0.9997694492340088, 1.547811508178711], [-0.3827143609523773, -0.9237926602363586, 0.011699716560542583, -0.043701171875], [0.0, 0.0, 0.0, 1.0]]], "view": [[0.0, -2.0, 100.0], [-2.0, 0.0, 100.0], [0.0, 0.0, 1.0]], "bev": "bev_0133b6f08b804325b7ecd01da5e73e5e.png", "aux": "aux_0133b6f08b804325b7ecd01da5e73e5e.npz", "visibility": "visibility_0133b6f08b804325b7ecd01da5e73e5e.png", "pose": [[-0.8515312671661377, -0.5243037939071655, 0.0, 432.40509033203125], [0.5243037939071655, -0.8515312671661377, 0.0, 1619.349853515625], [0.0, 0.0, 1.0, 0.0], [0.0, 0.0, 0.0, 1.0]], "pose_inverse": [[-0.8515312671661377, 0.5243037939071655, 0.0, -480.8248596191406], [-0.5243037939071655, -0.8515312671661377, 0.0, 1605.638671875], [0.0, 0.0, 1.0, 0.0], [0.0, 0.0, 0.0, 1.0]], "cam_ids": [0, 1, 2, 3, 4, 5], "cam_channels": ["CAM_FRONT_LEFT", "CAM_FRONT", "CAM_FRONT_RIGHT", "CAM_BACK_LEFT", "CAM_BACK", "CAM_BACK_RIGHT"], "token": "0133b6f08b804325b7ecd01da5e73e5e", "scene": "scene-0715"}, {"images": ["samples/CAM_FRONT_LEFT/n008-2018-08-29-16-04-13-0400__CAM_FRONT_LEFT__1535573550354799.jpg", "samples/CAM_FRONT/n008-2018-08-29-16-04-13-0400__CAM_FRONT__1535573550362404.jpg", "samples/CAM_FRONT_RIGHT/n008-2018-08-29-16-04-13-0400__CAM_FRONT_RIGHT__1535573550370482.jpg", "samples/CAM_BACK_LEFT/n008-2018-08-29-16-04-13-0400__CAM_BACK_LEFT__1535573550397405.jpg", "samples/CAM_BACK/n008-2018-08-29-16-04-13-0400__CAM_BACK__1535573550387558.jpg", "samples/CAM_BACK_RIGHT/n008-2018-08-29-16-04-13-0400__CAM_BACK_RIGHT__1535573550378113.jpg"], "intrinsics": [[[1257.8625342125129, 0.0, 827.2410631095686], [0.0, 1257.8625342125129, 450.915498205774], [0.0, 0.0, 1.0]], [[1252.8131021185304, 0.0, 826.588114781398], [0.0, 1252.8131021185304, 469.9846626224581], [0.0, 0.0, 1.0]], [[1256.7485116440405, 0.0, 817.7887570959712], [0.0, 1256.7485116440403, 451.9541780095127], [0.0, 0.0, 1.0]], [[1254.9860565800168, 0.0, 829.5769333630991], [0.0, 1254.9860565800168, 467.1680561863987], [0.0, 0.0, 1.0]], [[796.8910634503094, 0.0, 857.7774326863696], [0.0, 796.8910634503094, 476.8848988407415], [0.0, 0.0, 1.0]], [[1249.9629280788233, 0.0, 825.3768045375984], [0.0, 1249.9629280788233, 462.54816385708756], [0.0, 0.0, 1.0]]], "extrinsics": [[[0.8223415017127991, -0.5685029029846191, -0.02364513836801052, -1.0048828125], [-0.012162825092673302, 0.02398333139717579, -0.9996383786201477, 1.4882926940917969], [0.5688643455505371, 0.8223316669464111, 0.012807884253561497, -1.3333740234375], [0.0, 0.0, 0.0, 1.0]], [[0.01005303394049406, -0.9997498989105225, -0.019976112991571426, 0.0054931640625], [-0.010212484747171402, 0.019873427227139473, -0.9997503757476807, 1.48016357421875], [0.9998973608016968, 0.010254568420350552, -0.010010143741965294, -1.7347412109375], [0.0, 0.0, 0.0, 1.0]], [[-0.8441162705421448, -0.5361441373825073, -0.004144138656556606, 1.090667724609375], [-0.002189352409914136, 0.01117598358541727, -0.9999351501464844, 1.4930706024169922], [0.5361557006835938, -0.8440524339675903, -0.010607639327645302, -1.2774658203125], [0.0, 0.0, 0.0, 1.0]], [[0.947660505771637, 0.31878727674484253, -0.017723802477121353, -1.1439628601074219], [-0.027550403028726578, 0.026342051103711128, -0.9992733001708984, 1.562042236328125], [-0.31808874011039734, 0.9474601745605469, 0.03374604135751724, -0.15625], [0.0, 0.0, 0.0, 1.0]], [[0.009398012422025204, 0.9997831583023071, 0.01858348399400711, -0.02880859375], [-0.025428567081689835, 0.018817242234945297, -0.999499499797821, 1.5680618286132812], [-0.9996324181556702, 0.008920788764953613, 0.025599898770451546, 0.044281005859375], [0.0, 0.0, 0.0, 1.0]], [[-0.923621416091919, 0.382876992225647, 0.018129538744688034, 1.16064453125], [-0.02123863808810711, -0.003894591936841607, -0.9997668266296387, 1.54781174659729], [-0.382717102766037, -0.9237910509109497, 0.011728913523256779, -0.0438232421875], [0.0, 0.0, 0.0, 1.0]]], "view": [[0.0, -2.0, 100.0], [-2.0, 0.0, 100.0], [0.0, 0.0, 1.0]], "bev": "bev_d7ef6aff77ea4263b6156c9c6a7a7871.png", "aux": "aux_d7ef6aff77ea4263b6156c9c6a7a7871.npz", "visibility": "visibility_d7ef6aff77ea4263b6156c9c6a7a7871.png", "pose": [[-0.8515154123306274, -0.5243295431137085, 0.0, 432.40509033203125], [0.5243295431137085, -0.8515154123306274, 0.0, 1619.3499755859375], [0.0, 0.0, 1.0, 0.0], [0.0, 0.0, 0.0, 1.0]], "pose_inverse": [[-0.8515154123306274, 0.5243295431137085, 0.0, -480.8734436035156], [-0.5243295431137085, -0.8515154123306274, 0.0, 1605.624267578125], [0.0, 0.0, 1.0, 0.0], [0.0, 0.0, 0.0, 1.0]], "cam_ids": [0, 1, 2, 3, 4, 5], "cam_channels": ["CAM_FRONT_LEFT", "CAM_FRONT", "CAM_FRONT_RIGHT", "CAM_BACK_LEFT", "CAM_BACK", "CAM_BACK_RIGHT"], "token": "d7ef6aff77ea4263b6156c9c6a7a7871", "scene": "scene-0715"}, {"images": ["samples/CAM_FRONT_LEFT/n008-2018-08-29-16-04-13-0400__CAM_FRONT_LEFT__1535573550854799.jpg", "samples/CAM_FRONT/n008-2018-08-29-16-04-13-0400__CAM_FRONT__1535573550862404.jpg", "samples/CAM_FRONT_RIGHT/n008-2018-08-29-16-04-13-0400__CAM_FRONT_RIGHT__1535573550870482.jpg", "samples/CAM_BACK_LEFT/n008-2018-08-29-16-04-13-0400__CAM_BACK_LEFT__1535573550897405.jpg", "samples/CAM_BACK/n008-2018-08-29-16-04-13-0400__CAM_BACK__1535573550887558.jpg", "samples/CAM_BACK_RIGHT/n008-2018-08-29-16-04-13-0400__CAM_BACK_RIGHT__1535573550878113.jpg"], "intrinsics": [[[1257.8625342125129, 0.0, 827.2410631095686], [0.0, 1257.8625342125129, 450.915498205774], [0.0, 0.0, 1.0]], [[1252.8131021185304, 0.0, 826.588114781398], [0.0, 1252.8131021185304, 469.9846626224581], [0.0, 0.0, 1.0]], [[1256.7485116440405, 0.0, 817.7887570959712], [0.0, 1256.7485116440403, 451.9541780095127], [0.0, 0.0, 1.0]], [[1254.9860565800168, 0.0, 829.5769333630991], [0.0, 1254.9860565800168, 467.1680561863987], [0.0, 0.0, 1.0]], [[796.8910634503094, 0.0, 857.7774326863696], [0.0, 796.8910634503094, 476.8848988407415], [0.0, 0.0, 1.0]], [[1249.9629280788233, 0.0, 825.3768045375984], [0.0, 1249.9629280788233, 462.54816385708756], [0.0, 0.0, 1.0]]], "extrinsics": [[[0.8223292827606201, -0.5685229301452637, -0.02358541078865528, -1.0050048828125], [-0.012068934738636017, 0.024013550952076912, -0.9996387362480164, 1.4882888793945312], [0.5688839554786682, 0.8223168849945068, 0.012885576114058495, -1.3333740234375], [0.0, 0.0, 0.0, 1.0]], [[0.010034020990133286, -0.9997497200965881, -0.019998813048005104, 0.00537109375], [-0.010108471848070621, 0.01989738643169403, -0.9997509121894836, 1.48016357421875], [0.9998985528945923, 0.010233704000711441, -0.009906288236379623, -1.73480224609375], [0.0, 0.0, 0.0, 1.0]], [[-0.8441249132156372, -0.5361298322677612, -0.004252980928868055, 1.090667724609375], [-0.0020787471439689398, 0.011205168440937996, -0.9999350309371948, 1.4930744171142578], [0.5361427068710327, -0.8440612554550171, -0.010573040693998337, -1.2774658203125], [0.0, 0.0, 0.0, 1.0]], [[0.9476630687713623, 0.3187861442565918, -0.01761372573673725, -1.1439628601074219], [-0.02744615450501442, 0.026377396658062935, -0.9992752075195312, 1.5620460510253906], [-0.31809040904045105, 0.9474596381187439, 0.03374633565545082, -0.1561279296875], [0.0, 0.0, 0.0, 1.0]], [[0.009403504431247711, 0.9997825622558594, 0.018611298874020576, -0.0286865234375], [-0.025315959006547928, 0.018844183534383774, -0.9995018243789673, 1.5680618286132812], [-0.9996352791786194, 0.008927692659199238, 0.025487655773758888, 0.044281005859375], [0.0, 0.0, 0.0, 1.0]], [[-0.9236186146736145, 0.3828882575035095, 0.01803532801568508, 1.16064453125], [-0.02112480439245701, -0.00386560196056962, -0.9997693300247192, 1.5478131771087646], [-0.3827301561832428, -0.9237865805625916, 0.011658779345452785, -0.043701171875], [0.0, 0.0, 0.0, 1.0]]], "view": [[0.0, -2.0, 100.0], [-2.0, 0.0, 100.0], [0.0, 0.0, 1.0]], "bev": "bev_23b0f29211c041fc9548d9f96d76bd0a.png", "aux": "aux_23b0f29211c041fc9548d9f96d76bd0a.npz", "visibility": "visibility_23b0f29211c041fc9548d9f96d76bd0a.png", "pose": [[-0.851496696472168, -0.5243600010871887, 0.0, 432.40509033203125], [0.5243600010871887, -0.851496696472168, 0.0, 1619.3499755859375], [0.0, 0.0, 1.0, 0.0], [0.0, 0.0, 0.0, 1.0]], "pose_inverse": [[-0.851496696472168, 0.5243600010871887, 0.0, -480.9308166503906], [-0.5243600010871887, -0.851496696472168, 0.0, 1605.6070556640625], [0.0, 0.0, 1.0, 0.0], [0.0, 0.0, 0.0, 1.0]], "cam_ids": [0, 1, 2, 3, 4, 5], "cam_channels": ["CAM_FRONT_LEFT", "CAM_FRONT", "CAM_FRONT_RIGHT", "CAM_BACK_LEFT", "CAM_BACK", "CAM_BACK_RIGHT"], "token": "23b0f29211c041fc9548d9f96d76bd0a", "scene": "scene-0715"}, {"images": ["samples/CAM_FRONT_LEFT/n008-2018-08-29-16-04-13-0400__CAM_FRONT_LEFT__1535573551354799.jpg", "samples/CAM_FRONT/n008-2018-08-29-16-04-13-0400__CAM_FRONT__1535573551362404.jpg", "samples/CAM_FRONT_RIGHT/n008-2018-08-29-16-04-13-0400__CAM_FRONT_RIGHT__1535573551370482.jpg", "samples/CAM_BACK_LEFT/n008-2018-08-29-16-04-13-0400__CAM_BACK_LEFT__1535573551397405.jpg", "samples/CAM_BACK/n008-2018-08-29-16-04-13-0400__CAM_BACK__1535573551387558.jpg", "samples/CAM_BACK_RIGHT/n008-2018-08-29-16-04-13-0400__CAM_BACK_RIGHT__1535573551378113.jpg"], "intrinsics": [[[1257.8625342125129, 0.0, 827.2410631095686], [0.0, 1257.8625342125129, 450.915498205774], [0.0, 0.0, 1.0]], [[1252.8131021185304, 0.0, 826.588114781398], [0.0, 1252.8131021185304, 469.9846626224581], [0.0, 0.0, 1.0]], [[1256.7485116440405, 0.0, 817.7887570959712], [0.0, 1256.7485116440403, 451.9541780095127], [0.0, 0.0, 1.0]], [[1254.9860565800168, 0.0, 829.5769333630991], [0.0, 1254.9860565800168, 467.1680561863987], [0.0, 0.0, 1.0]], [[796.8910634503094, 0.0, 857.7774326863696], [0.0, 796.8910634503094, 476.8848988407415], [0.0, 0.0, 1.0]], [[1249.9629280788233, 0.0, 825.3768045375984], [0.0, 1249.9629280788233, 462.54816385708756], [0.0, 0.0, 1.0]]], "extrinsics": [[[0.8223528861999512, -0.5684865713119507, -0.023642724379897118, -1.0050048828125], [-0.012161560356616974, 0.023981362581253052, -0.9996384382247925, 1.4882965087890625], [0.5688480138778687, 0.8223429918289185, 0.012807454913854599, -1.333251953125], [0.0, 0.0, 0.0, 1.0]], [[0.010070271790027618, -0.999750018119812, -0.019965974614024162, 0.00537109375], [-0.010208039544522762, 0.01986316591501236, -0.9997506141662598, 1.48016357421875], [0.9998971819877625, 0.010271602310240269, -0.010005458258092403, -1.73480224609375], [0.0, 0.0, 0.0, 1.0]], [[-0.8441088199615479, -0.5361560583114624, -0.004130984656512737, 1.09063720703125], [-0.002199731534346938, 0.011167516931891441, -0.9999352097511292, 1.493072509765625], [0.5361674427986145, -0.8440450429916382, -0.010606001131236553, -1.277587890625], [0.0, 0.0, 0.0, 1.0]], [[0.9476584792137146, 0.3187904357910156, -0.017784874886274338, -1.1439476013183594], [-0.02761034481227398, 0.026328416541218758, -0.9992719292640686, 1.562042236328125], [-0.3180901110172272, 0.9474595189094543, 0.03375225514173508, -0.1561279296875], [0.0, 0.0, 0.0, 1.0]], [[0.009393119253218174, 0.9997832775115967, 0.018581075593829155, -0.02880859375], [-0.02547810599207878, 0.01881515234708786, -0.9994982481002808, 1.5680618286132812], [-0.9996312856674194, 0.008914981037378311, 0.025649316608905792, 0.04425048828125], [0.0, 0.0, 0.0, 1.0]], [[-0.9236248135566711, 0.3828674852848053, 0.018157875165343285, 1.16064453125], [-0.02126976102590561, -0.003895994508638978, -0.9997661709785461, 1.5478134155273438], [-0.3827071487903595, -0.9237951040267944, 0.011741935275495052, -0.0438232421875], [0.0, 0.0, 0.0, 1.0]]], "view": [[0.0, -2.0, 100.0], [-2.0, 0.0, 100.0], [0.0, 0.0, 1.0]], "bev": "bev_0daf3f3464764f42bfdcdd6f705061cc.png", "aux": "aux_0daf3f3464764f42bfdcdd6f705061cc.npz", "visibility": "visibility_0daf3f3464764f42bfdcdd6f705061cc.png", "pose": [[-0.851456880569458, -0.52442467212677, 0.0, 432.40509033203125], [0.52442467212677, -0.851456880569458, 0.0, 1619.3499755859375], [0.0, 0.0, 1.0, 0.0], [0.0, 0.0, 0.0, 1.0]], "pose_inverse": [[-0.851456880569458, 0.52442467212677, 0.0, -481.0527648925781], [-0.52442467212677, -0.851456880569458, 0.0, 1605.570556640625], [0.0, 0.0, 1.0, 0.0], [0.0, 0.0, 0.0, 1.0]], "cam_ids": [0, 1, 2, 3, 4, 5], "cam_channels": ["CAM_FRONT_LEFT", "CAM_FRONT", "CAM_FRONT_RIGHT", "CAM_BACK_LEFT", "CAM_BACK", "CAM_BACK_RIGHT"], "token": "0daf3f3464764f42bfdcdd6f705061cc", "scene": "scene-0715"}, {"images": ["samples/CAM_FRONT_LEFT/n008-2018-08-29-16-04-13-0400__CAM_FRONT_LEFT__1535573551904799.jpg", "samples/CAM_FRONT/n008-2018-08-29-16-04-13-0400__CAM_FRONT__1535573551912404.jpg", "samples/CAM_FRONT_RIGHT/n008-2018-08-29-16-04-13-0400__CAM_FRONT_RIGHT__1535573551920482.jpg", "samples/CAM_BACK_LEFT/n008-2018-08-29-16-04-13-0400__CAM_BACK_LEFT__1535573551947405.jpg", "samples/CAM_BACK/n008-2018-08-29-16-04-13-0400__CAM_BACK__1535573551937558.jpg", "samples/CAM_BACK_RIGHT/n008-2018-08-29-16-04-13-0400__CAM_BACK_RIGHT__1535573551928113.jpg"], "intrinsics": [[[1257.8625342125129, 0.0, 827.2410631095686], [0.0, 1257.8625342125129, 450.915498205774], [0.0, 0.0, 1.0]], [[1252.8131021185304, 0.0, 826.588114781398], [0.0, 1252.8131021185304, 469.9846626224581], [0.0, 0.0, 1.0]], [[1256.7485116440405, 0.0, 817.7887570959712], [0.0, 1256.7485116440403, 451.9541780095127], [0.0, 0.0, 1.0]], [[1254.9860565800168, 0.0, 829.5769333630991], [0.0, 1254.9860565800168, 467.1680561863987], [0.0, 0.0, 1.0]], [[796.8910634503094, 0.0, 857.7774326863696], [0.0, 796.8910634503094, 476.8848988407415], [0.0, 0.0, 1.0]], [[1249.9629280788233, 0.0, 825.3768045375984], [0.0, 1249.9629280788233, 462.54816385708756], [0.0, 0.0, 1.0]]], "extrinsics": [[[0.8223450779914856, -0.568493664264679, -0.02374137192964554, -1.0048828125], [-0.012249172665178776, 0.024027874693274498, -0.9996362328529358, 1.4882926940917969], [0.5688573122024536, 0.8223367929458618, 0.012795626185834408, -1.33349609375], [0.0, 0.0, 0.0, 1.0]], [[0.010059861466288567, -0.9997490048408508, -0.02001776173710823, 0.00537109375], [-0.010297521017491817, 0.019914137199521065, -0.9997486472129822, 1.48016357421875], [0.9998963475227356, 0.010263461619615555, -0.010094603523612022, -1.734710693359375], [0.0, 0.0, 0.0, 1.0]], [[-0.8441123366355896, -0.5361506342887878, -0.004094528499990702, 1.090606689453125], [-0.0022785139735788107, 0.011223678477108479, -0.9999343752861023, 1.493072509765625], [0.536161482334137, -0.8440477252006531, -0.010695673525333405, -1.2774658203125], [0.0, 0.0, 0.0, 1.0]], [[0.9476571083068848, 0.31879276037216187, -0.01780737191438675, -1.1439666748046875], [-0.02765500359237194, 0.026390524581074715, -0.9992691278457642, 1.562042236328125], [-0.3180898129940033, 0.947456955909729, 0.03382538631558418, -0.15625], [0.0, 0.0, 0.0, 1.0]], [[0.009395774453878403, 0.9997822046279907, 0.01863541081547737, -0.02880859375], [-0.025533553212881088, 0.018870031461119652, -0.9994958639144897, 1.5680618286132812], [-0.9996297359466553, 0.008915242739021778, 0.02570529282093048, 0.0443115234375], [0.0, 0.0, 0.0, 1.0]], [[-0.9236218929290771, 0.3828703463077545, 0.018240883946418762, 1.16064453125], [-0.021337268874049187, -0.003841964527964592, -0.9997649788856506, 1.5478134155273438], [-0.38271021842956543, -0.9237940311431885, 0.011717931367456913, -0.043701171875], [0.0, 0.0, 0.0, 1.0]]], "view": [[0.0, -2.0, 100.0], [-2.0, 0.0, 100.0], [0.0, 0.0, 1.0]], "bev": "bev_51df936bf8e54da5acb5bcdaa2a13394.png", "aux": "aux_51df936bf8e54da5acb5bcdaa2a13394.npz", "visibility": "visibility_51df936bf8e54da5acb5bcdaa2a13394.png", "pose": [[-0.8514549732208252, -0.5244277119636536, 0.0, 432.4050598144531], [0.5244277119636536, -0.8514549732208252, 0.0, 1619.3499755859375], [0.0, 0.0, 1.0, 0.0], [0.0, 0.0, 0.0, 1.0]], "pose_inverse": [[-0.8514549732208252, 0.5244277119636536, 0.0, -481.05859375], [-0.5244277119636536, -0.8514549732208252, 0.0, 1605.5687255859375], [0.0, 0.0, 1.0, 0.0], [0.0, 0.0, 0.0, 1.0]], "cam_ids": [0, 1, 2, 3, 4, 5], "cam_channels": ["CAM_FRONT_LEFT", "CAM_FRONT", "CAM_FRONT_RIGHT", "CAM_BACK_LEFT", "CAM_BACK", "CAM_BACK_RIGHT"], "token": "51df936bf8e54da5acb5bcdaa2a13394", "scene": "scene-0715"}, {"images": ["samples/CAM_FRONT_LEFT/n008-2018-08-29-16-04-13-0400__CAM_FRONT_LEFT__1535573552404799.jpg", "samples/CAM_FRONT/n008-2018-08-29-16-04-13-0400__CAM_FRONT__1535573552412404.jpg", "samples/CAM_FRONT_RIGHT/n008-2018-08-29-16-04-13-0400__CAM_FRONT_RIGHT__1535573552420482.jpg", "samples/CAM_BACK_LEFT/n008-2018-08-29-16-04-13-0400__CAM_BACK_LEFT__1535573552447405.jpg", "samples/CAM_BACK/n008-2018-08-29-16-04-13-0400__CAM_BACK__1535573552437558.jpg", "samples/CAM_BACK_RIGHT/n008-2018-08-29-16-04-13-0400__CAM_BACK_RIGHT__1535573552428113.jpg"], "intrinsics": [[[1257.8625342125129, 0.0, 827.2410631095686], [0.0, 1257.8625342125129, 450.915498205774], [0.0, 0.0, 1.0]], [[1252.8131021185304, 0.0, 826.588114781398], [0.0, 1252.8131021185304, 469.9846626224581], [0.0, 0.0, 1.0]], [[1256.7485116440405, 0.0, 817.7887570959712], [0.0, 1256.7485116440403, 451.9541780095127], [0.0, 0.0, 1.0]], [[1254.9860565800168, 0.0, 829.5769333630991], [0.0, 1254.9860565800168, 467.1680561863987], [0.0, 0.0, 1.0]], [[796.8910634503094, 0.0, 857.7774326863696], [0.0, 796.8910634503094, 476.8848988407415], [0.0, 0.0, 1.0]], [[1249.9629280788233, 0.0, 825.3768045375984], [0.0, 1249.9629280788233, 462.54816385708756], [0.0, 0.0, 1.0]]], "extrinsics": [[[0.8223453164100647, -0.5684890151023865, -0.023841720074415207, -1.005126953125], [-0.012314217165112495, 0.024110302329063416, -0.9996334314346313, 1.4882926940917969], [0.5688554644584656, 0.8223374485969543, 0.012826495803892612, -1.3333740234375], [0.0, 0.0, 0.0, 1.0]], [[0.01006164588034153, -0.9997473955154419, -0.02009682171046734, 0.00537109375], [-0.01036579255014658, 0.01999247632920742, -0.9997464418411255, 1.48016357421875], [0.9998955726623535, 0.010267375968396664, -0.010162019170820713, -1.734619140625], [0.0, 0.0, 0.0, 1.0]], [[-0.8441113233566284, -0.5361524224281311, -0.004073700867593288, 1.09063720703125], [-0.0023503219708800316, 0.011297841556370258, -0.9999334216117859, 1.493072509765625], [0.5361627340316772, -0.8440455198287964, -0.010796768590807915, -1.277587890625], [0.0, 0.0, 0.0, 1.0]], [[0.9476577639579773, 0.3187893331050873, -0.01783667877316475, -1.1439666748046875], [-0.027715420350432396, 0.02647881582379341, -0.9992650747299194, 1.5620460510253906], [-0.31808266043663025, 0.947455644607544, 0.03392823785543442, -0.1561279296875], [0.0, 0.0, 0.0, 1.0]], [[0.009397889487445354, 0.9997805953025818, 0.018715929239988327, -0.0286865234375], [-0.025601981207728386, 0.018951192498207092, -0.9994925856590271, 1.5680618286132812], [-0.9996280074119568, 0.008913989178836346, 0.02577446773648262, 0.04425048828125], [0.0, 0.0, 0.0, 1.0]], [[-0.9236213564872742, 0.3828672170639038, 0.018335804343223572, 1.1607666015625], [-0.021409785374999046, -0.0037690922617912292, -0.9997637271881104, 1.5478119850158691], [-0.3827075958251953, -0.9237957000732422, 0.011678319424390793, -0.0435791015625], [0.0, 0.0, 0.0, 1.0]]], "view": [[0.0, -2.0, 100.0], [-2.0, 0.0, 100.0], [0.0, 0.0, 1.0]], "bev": "bev_ada342bbc10648b08c71861a40c8453b.png", "aux": "aux_ada342bbc10648b08c71861a40c8453b.npz", "visibility": "visibility_ada342bbc10648b08c71861a40c8453b.png", "pose": [[-0.8514530062675476, -0.5244308710098267, 0.0, 432.4050598144531], [0.5244308710098267, -0.8514530062675476, 0.0, 1619.3499755859375], [0.0, 0.0, 1.0, 0.0], [0.0, 0.0, 0.0, 1.0]], "pose_inverse": [[-0.8514530062675476, 0.5244308710098267, 0.0, -481.06451416015625], [-0.5244308710098267, -0.8514530062675476, 0.0, 1605.5670166015625], [0.0, 0.0, 1.0, 0.0], [0.0, 0.0, 0.0, 1.0]], "cam_ids": [0, 1, 2, 3, 4, 5], "cam_channels": ["CAM_FRONT_LEFT", "CAM_FRONT", "CAM_FRONT_RIGHT", "CAM_BACK_LEFT", "CAM_BACK", "CAM_BACK_RIGHT"], "token": "ada342bbc10648b08c71861a40c8453b", "scene": "scene-0715"}, {"images": ["samples/CAM_FRONT_LEFT/n008-2018-08-29-16-04-13-0400__CAM_FRONT_LEFT__1535573552904799.jpg", "samples/CAM_FRONT/n008-2018-08-29-16-04-13-0400__CAM_FRONT__1535573552912404.jpg", "samples/CAM_FRONT_RIGHT/n008-2018-08-29-16-04-13-0400__CAM_FRONT_RIGHT__1535573552920482.jpg", "samples/CAM_BACK_LEFT/n008-2018-08-29-16-04-13-0400__CAM_BACK_LEFT__1535573552948249.jpg", "samples/CAM_BACK/n008-2018-08-29-16-04-13-0400__CAM_BACK__1535573552937558.jpg", "samples/CAM_BACK_RIGHT/n008-2018-08-29-16-04-13-0400__CAM_BACK_RIGHT__1535573552928113.jpg"], "intrinsics": [[[1257.8625342125129, 0.0, 827.2410631095686], [0.0, 1257.8625342125129, 450.915498205774], [0.0, 0.0, 1.0]], [[1252.8131021185304, 0.0, 826.588114781398], [0.0, 1252.8131021185304, 469.9846626224581], [0.0, 0.0, 1.0]], [[1256.7485116440405, 0.0, 817.7887570959712], [0.0, 1256.7485116440403, 451.9541780095127], [0.0, 0.0, 1.0]], [[1254.9860565800168, 0.0, 829.5769333630991], [0.0, 1254.9860565800168, 467.1680561863987], [0.0, 0.0, 1.0]], [[796.8910634503094, 0.0, 857.7774326863696], [0.0, 796.8910634503094, 476.8848988407415], [0.0, 0.0, 1.0]], [[1249.9629280788233, 0.0, 825.3768045375984], [0.0, 1249.9629280788233, 462.54816385708756], [0.0, 0.0, 1.0]]], "extrinsics": [[[0.8223361372947693, -0.5685012936592102, -0.023866869509220123, -1.0050048828125], [-0.01239822804927826, 0.024032719433307648, -0.999634325504303, 1.4882926940917969], [0.5688669681549072, 0.8223313689231873, 0.012714563868939877, -1.33349609375], [0.0, 0.0, 0.0, 1.0]], [[0.010049030184745789, -0.9997491836547852, -0.02001672424376011, 0.0052490234375], [-0.010439183562994003, 0.0199117548763752, -0.9997472763061523, 1.48016357421875], [0.9998950362205505, 0.010255451314151287, -0.010236470028758049, -1.734588623046875], [0.0, 0.0, 0.0, 1.0]], [[-0.8441159725189209, -0.5361459851264954, -0.003976044245064259, 1.090606689453125], [-0.0024124770425260067, 0.011213726364076138, -0.999934196472168, 1.4930706024169922], [0.5361552834510803, -0.8440508842468262, -0.010759126394987106, -1.27734375], [0.0, 0.0, 0.0, 1.0]], [[0.9476540088653564, 0.31879499554634094, -0.017936507239937782, -1.1439018249511719], [-0.02778800018131733, 0.026380812749266624, -0.9992656707763672, 1.562042236328125], [-0.31808778643608093, 0.9474564790725708, 0.033858560025691986, -0.1561279296875], [0.0, 0.0, 0.0, 1.0]], [[0.009399062022566795, 0.9997825026512146, 0.018620852380990982, -0.02880859375], [-0.025671008974313736, 0.01885678805410862, -0.9994925856590271, 1.5680656433105469], [-0.9996262192726135, 0.008916240185499191, 0.025842664763331413, 0.04437255859375], [0.0, 0.0, 0.0, 1.0]], [[-0.9236180186271667, 0.3828738331794739, 0.01836429536342621, 1.16064453125], [-0.02147590182721615, -0.0038540344685316086, -0.9997619390487671, 1.547813892364502], [-0.38271182775497437, -0.9237926006317139, 0.011782214976847172, -0.043701171875], [0.0, 0.0, 0.0, 1.0]]], "view": [[0.0, -2.0, 100.0], [-2.0, 0.0, 100.0], [0.0, 0.0, 1.0]], "bev": "bev_16b9b0e099004251bbea4aa1187ae1f0.png", "aux": "aux_16b9b0e099004251bbea4aa1187ae1f0.npz", "visibility": "visibility_16b9b0e099004251bbea4aa1187ae1f0.png", "pose": [[-0.8514598608016968, -0.5244197845458984, 0.0, 432.40509033203125], [0.5244197845458984, -0.8514598608016968, 0.0, 1619.3499755859375], [0.0, 0.0, 1.0, 0.0], [0.0, 0.0, 0.0, 1.0]], "pose_inverse": [[-0.8514598608016968, 0.5244197845458984, 0.0, -481.0436096191406], [-0.5244197845458984, -0.8514598608016968, 0.0, 1605.5732421875], [0.0, 0.0, 1.0, 0.0], [0.0, 0.0, 0.0, 1.0]], "cam_ids": [0, 1, 2, 3, 4, 5], "cam_channels": ["CAM_FRONT_LEFT", "CAM_FRONT", "CAM_FRONT_RIGHT", "CAM_BACK_LEFT", "CAM_BACK", "CAM_BACK_RIGHT"], "token": "16b9b0e099004251bbea4aa1187ae1f0", "scene": "scene-0715"}, {"images": ["samples/CAM_FRONT_LEFT/n008-2018-08-29-16-04-13-0400__CAM_FRONT_LEFT__1535573553404799.jpg", "samples/CAM_FRONT/n008-2018-08-29-16-04-13-0400__CAM_FRONT__1535573553412404.jpg", "samples/CAM_FRONT_RIGHT/n008-2018-08-29-16-04-13-0400__CAM_FRONT_RIGHT__1535573553420482.jpg", "samples/CAM_BACK_LEFT/n008-2018-08-29-16-04-13-0400__CAM_BACK_LEFT__1535573553447405.jpg", "samples/CAM_BACK/n008-2018-08-29-16-04-13-0400__CAM_BACK__1535573553437558.jpg", "samples/CAM_BACK_RIGHT/n008-2018-08-29-16-04-13-0400__CAM_BACK_RIGHT__1535573553428113.jpg"], "intrinsics": [[[1257.8625342125129, 0.0, 827.2410631095686], [0.0, 1257.8625342125129, 450.915498205774], [0.0, 0.0, 1.0]], [[1252.8131021185304, 0.0, 826.588114781398], [0.0, 1252.8131021185304, 469.9846626224581], [0.0, 0.0, 1.0]], [[1256.7485116440405, 0.0, 817.7887570959712], [0.0, 1256.7485116440403, 451.9541780095127], [0.0, 0.0, 1.0]], [[1254.9860565800168, 0.0, 829.5769333630991], [0.0, 1254.9860565800168, 467.1680561863987], [0.0, 0.0, 1.0]], [[796.8910634503094, 0.0, 857.7774326863696], [0.0, 796.8910634503094, 476.8848988407415], [0.0, 0.0, 1.0]], [[1249.9629280788233, 0.0, 825.3768045375984], [0.0, 1249.9629280788233, 462.54816385708756], [0.0, 0.0, 1.0]]], "extrinsics": [[[0.8223312497138977, -0.5685065388679504, -0.02391156181693077, -1.0050048828125], [-0.01241211872547865, 0.024091027677059174, -0.999632716178894, 1.4882965087890625], [0.5688737630844116, 0.8223260045051575, 0.01275443471968174, -1.33349609375], [0.0, 0.0, 0.0, 1.0]], [[0.010044202208518982, -0.9997480511665344, -0.0200754813849926, 0.0054931640625], [-0.010472363792359829, 0.01997022144496441, -0.9997457265853882, 1.48016357421875], [0.9998946189880371, 0.010251922532916069, -0.01026914082467556, -1.734771728515625], [0.0, 0.0, 0.0, 1.0]], [[-0.8441177010536194, -0.5361431837081909, -0.003962208051234484, 1.0906982421875], [-0.002466088393703103, 0.011272383853793144, -0.9999333620071411, 1.493072509765625], [0.5361521244049072, -0.8440517783164978, -0.010837397538125515, -1.277587890625], [0.0, 0.0, 0.0, 1.0]], [[0.9476532936096191, 0.31879380345344543, -0.017988087609410286, -1.1439208984375], [-0.02786187268793583, 0.026438983157277107, -0.9992620944976807, 1.562042236328125], [-0.3180829584598541, 0.9474552273750305, 0.03393718600273132, -0.156005859375], [0.0, 0.0, 0.0, 1.0]], [[0.009401939809322357, 0.9997813105583191, 0.018678903579711914, -0.028564453125], [-0.025735868141055107, 0.01891547627747059, -0.9994897842407227, 1.5680618286132812], [-0.9996245503425598, 0.008916439488530159, 0.025908084586262703, 0.04437255859375], [0.0, 0.0, 0.0, 1.0]], [[-0.9236164093017578, 0.38287460803985596, 0.018433986231684685, 1.16064453125], [-0.02152823843061924, -0.003798253368586302, -0.9997610449790955, 1.547811508178711], [-0.38271307945251465, -0.9237924814224243, 0.01175074465572834, -0.0438232421875], [0.0, 0.0, 0.0, 1.0]]], "view": [[0.0, -2.0, 100.0], [-2.0, 0.0, 100.0], [0.0, 0.0, 1.0]], "bev": "bev_0fc4be2c5a004e0f91cdf9dcf49ab147.png", "aux": "aux_0fc4be2c5a004e0f91cdf9dcf49ab147.npz", "visibility": "visibility_0fc4be2c5a004e0f91cdf9dcf49ab147.png", "pose": [[-0.8514972925186157, -0.5243589878082275, 0.0, 432.40509033203125], [0.5243589878082275, -0.8514972925186157, 0.0, 1619.3499755859375], [0.0, 0.0, 1.0, 0.0], [0.0, 0.0, 0.0, 1.0]], "pose_inverse": [[-0.8514972925186157, 0.5243589878082275, 0.0, -480.928955078125], [-0.5243589878082275, -0.8514972925186157, 0.0, 1605.607666015625], [0.0, 0.0, 1.0, 0.0], [0.0, 0.0, 0.0, 1.0]], "cam_ids": [0, 1, 2, 3, 4, 5], "cam_channels": ["CAM_FRONT_LEFT", "CAM_FRONT", "CAM_FRONT_RIGHT", "CAM_BACK_LEFT", "CAM_BACK", "CAM_BACK_RIGHT"], "token": "0fc4be2c5a004e0f91cdf9dcf49ab147", "scene": "scene-0715"}, {"images": ["samples/CAM_FRONT_LEFT/n008-2018-08-29-16-04-13-0400__CAM_FRONT_LEFT__1535573553904799.jpg", "samples/CAM_FRONT/n008-2018-08-29-16-04-13-0400__CAM_FRONT__1535573553912404.jpg", "samples/CAM_FRONT_RIGHT/n008-2018-08-29-16-04-13-0400__CAM_FRONT_RIGHT__1535573553920482.jpg", "samples/CAM_BACK_LEFT/n008-2018-08-29-16-04-13-0400__CAM_BACK_LEFT__1535573553947405.jpg", "samples/CAM_BACK/n008-2018-08-29-16-04-13-0400__CAM_BACK__1535573553937558.jpg", "samples/CAM_BACK_RIGHT/n008-2018-08-29-16-04-13-0400__CAM_BACK_RIGHT__1535573553928113.jpg"], "intrinsics": [[[1257.8625342125129, 0.0, 827.2410631095686], [0.0, 1257.8625342125129, 450.915498205774], [0.0, 0.0, 1.0]], [[1252.8131021185304, 0.0, 826.588114781398], [0.0, 1252.8131021185304, 469.9846626224581], [0.0, 0.0, 1.0]], [[1256.7485116440405, 0.0, 817.7887570959712], [0.0, 1256.7485116440403, 451.9541780095127], [0.0, 0.0, 1.0]], [[1254.9860565800168, 0.0, 829.5769333630991], [0.0, 1254.9860565800168, 467.1680561863987], [0.0, 0.0, 1.0]], [[796.8910634503094, 0.0, 857.7774326863696], [0.0, 796.8910634503094, 476.8848988407415], [0.0, 0.0, 1.0]], [[1249.9629280788233, 0.0, 825.3768045375984], [0.0, 1249.9629280788233, 462.54816385708756], [0.0, 0.0, 1.0]]], "extrinsics": [[[0.8223256468772888, -0.5685145854949951, -0.023911496624350548, -1.0050048828125], [-0.01248013786971569, 0.023992367088794708, -0.9996342658996582, 1.4883003234863281], [0.5688803791999817, 0.8223232626914978, 0.0126343984156847, -1.333251953125], [0.0, 0.0, 0.0, 1.0]], [[0.010037572123110294, -0.9997498393058777, -0.019986754283308983, 0.0054931640625], [-0.010519797913730145, 0.019881078973412514, -0.9997470378875732, 1.4801597595214844], [0.9998943209648132, 0.010245301760733128, -0.01031760685145855, -1.7347412109375], [0.0, 0.0, 0.0, 1.0]], [[-0.8441203236579895, -0.536139726638794, -0.00389811466448009, 1.090667724609375], [-0.0024913069792091846, 0.011192645877599716, -0.9999342560768127, 1.4930706024169922], [0.5361480116844177, -0.8440551161766052, -0.01078362762928009, -1.2777099609375], [0.0, 0.0, 0.0, 1.0]], [[0.947654664516449, 0.3187890648841858, -0.018010029569268227, -1.1439437866210938], [-0.027856910601258278, 0.026355819776654243, -0.9992644190788269, 1.562042236328125], [-0.3180799186229706, 0.9474592208862305, 0.03385668992996216, -0.1561279296875], [0.0, 0.0, 0.0, 1.0]], [[0.009404786862432957, 0.9997828602790833, 0.018597958609461784, -0.0289306640625], [-0.025741351768374443, 0.018834680318832397, -0.9994911551475525, 1.5680618286132812], [-0.9996244311332703, 0.00892135314643383, 0.025912899523973465, 0.04425048828125], [0.0, 0.0, 0.0, 1.0]], [[-0.9236148595809937, 0.38287901878356934, 0.018416160717606544, 1.16064453125], [-0.021542195230722427, -0.0038783655036240816, -0.9997604489326477, 1.5478129386901855], [-0.38271576166152954, -0.9237903356552124, 0.011830171570181847, -0.0438232421875], [0.0, 0.0, 0.0, 1.0]]], "view": [[0.0, -2.0, 100.0], [-2.0, 0.0, 100.0], [0.0, 0.0, 1.0]], "bev": "bev_ae616f009bee413583540ffc1c32a714.png", "aux": "aux_ae616f009bee413583540ffc1c32a714.npz", "visibility": "visibility_ae616f009bee413583540ffc1c32a714.png", "pose": [[-0.8515222668647766, -0.5243184566497803, 0.0, 432.4051208496094], [0.5243184566497803, -0.8515222668647766, 0.0, 1619.3499755859375], [0.0, 0.0, 1.0, 0.0], [0.0, 0.0, 0.0, 1.0]], "pose_inverse": [[-0.8515222668647766, 0.5243184566497803, 0.0, -480.85247802734375], [-0.5243184566497803, -0.8515222668647766, 0.0, 1605.6304931640625], [0.0, 0.0, 1.0, 0.0], [0.0, 0.0, 0.0, 1.0]], "cam_ids": [0, 1, 2, 3, 4, 5], "cam_channels": ["CAM_FRONT_LEFT", "CAM_FRONT", "CAM_FRONT_RIGHT", "CAM_BACK_LEFT", "CAM_BACK", "CAM_BACK_RIGHT"], "token": "ae616f009bee413583540ffc1c32a714", "scene": "scene-0715"}, {"images": ["samples/CAM_FRONT_LEFT/n008-2018-08-29-16-04-13-0400__CAM_FRONT_LEFT__1535573554404799.jpg", "samples/CAM_FRONT/n008-2018-08-29-16-04-13-0400__CAM_FRONT__1535573554412404.jpg", "samples/CAM_FRONT_RIGHT/n008-2018-08-29-16-04-13-0400__CAM_FRONT_RIGHT__1535573554420487.jpg", "samples/CAM_BACK_LEFT/n008-2018-08-29-16-04-13-0400__CAM_BACK_LEFT__1535573554447405.jpg", "samples/CAM_BACK/n008-2018-08-29-16-04-13-0400__CAM_BACK__1535573554437558.jpg", "samples/CAM_BACK_RIGHT/n008-2018-08-29-16-04-13-0400__CAM_BACK_RIGHT__1535573554428113.jpg"], "intrinsics": [[[1257.8625342125129, 0.0, 827.2410631095686], [0.0, 1257.8625342125129, 450.915498205774], [0.0, 0.0, 1.0]], [[1252.8131021185304, 0.0, 826.588114781398], [0.0, 1252.8131021185304, 469.9846626224581], [0.0, 0.0, 1.0]], [[1256.7485116440405, 0.0, 817.7887570959712], [0.0, 1256.7485116440403, 451.9541780095127], [0.0, 0.0, 1.0]], [[1254.9860565800168, 0.0, 829.5769333630991], [0.0, 1254.9860565800168, 467.1680561863987], [0.0, 0.0, 1.0]], [[796.8910634503094, 0.0, 857.7774326863696], [0.0, 796.8910634503094, 476.8848988407415], [0.0, 0.0, 1.0]], [[1249.9629280788233, 0.0, 825.3768045375984], [0.0, 1249.9629280788233, 462.54816385708756], [0.0, 0.0, 1.0]]], "extrinsics": [[[0.8223430514335632, -0.5684902667999268, -0.023889660835266113, -1.0050048828125], [-0.012486071325838566, 0.023946082219481468, -0.9996352791786194, 1.4882926940917969], [0.5688549876213074, 0.8223413825035095, 0.012593683786690235, -1.333251953125], [0.0, 0.0, 0.0, 1.0]], [[0.010066079907119274, -0.9997507333755493, -0.019929885864257812, 0.0054931640625], [-0.010536092333495617, 0.019823748618364334, -0.9997479915618896, 1.4801597595214844], [0.9998937249183655, 0.010273578576743603, -0.01033391710370779, -1.734710693359375], [0.0, 0.0, 0.0, 1.0]], [[-0.8441078066825867, -0.5361596345901489, -0.003838550066575408, 1.09063720703125], [-0.0025188284926116467, 0.011124417185783386, -0.99993497133255, 1.493072509765625], [0.5361674427986145, -0.8440432548522949, -0.010740702971816063, -1.2777099609375], [0.0, 0.0, 0.0, 1.0]], [[0.947650671005249, 0.31879734992980957, -0.018070952966809273, -1.14398193359375], [-0.027901943773031235, 0.026297681033611298, -0.999264657497406, 1.562042236328125], [-0.318087637424469, 0.947458028793335, 0.033816080540418625, -0.1561279296875], [0.0, 0.0, 0.0, 1.0]], [[0.009392849169671535, 0.9997841715812683, 0.018531881272792816, -0.02880859375], [-0.0257741529494524, 0.01876860298216343, -0.9994915127754211, 1.5680656433105469], [-0.9996236562728882, 0.008910385891795158, 0.02594488300383091, 0.044403076171875], [0.0, 0.0, 0.0, 1.0]], [[-0.923620879650116, 0.3828641474246979, 0.01842498779296875, 1.16064453125], [-0.021580269560217857, -0.003947700839489698, -0.999759316444397, 1.547813892364502], [-0.38269928097724915, -0.9237961769104004, 0.01190849021077156, -0.0435791015625], [0.0, 0.0, 0.0, 1.0]]], "view": [[0.0, -2.0, 100.0], [-2.0, 0.0, 100.0], [0.0, 0.0, 1.0]], "bev": "bev_77ca1493abc2490c9db01a4b193457ce.png", "aux": "aux_77ca1493abc2490c9db01a4b193457ce.npz", "visibility": "visibility_77ca1493abc2490c9db01a4b193457ce.png", "pose": [[-0.8515011072158813, -0.5243527889251709, 0.0, 432.4051208496094], [0.5243527889251709, -0.8515011072158813, 0.0, 1619.3499755859375], [0.0, 0.0, 1.0, 0.0], [0.0, 0.0, 0.0, 1.0]], "pose_inverse": [[-0.8515011072158813, 0.5243527889251709, 0.0, -480.917236328125], [-0.5243527889251709, -0.8515011072158813, 0.0, 1605.611083984375], [0.0, 0.0, 1.0, 0.0], [0.0, 0.0, 0.0, 1.0]], "cam_ids": [0, 1, 2, 3, 4, 5], "cam_channels": ["CAM_FRONT_LEFT", "CAM_FRONT", "CAM_FRONT_RIGHT", "CAM_BACK_LEFT", "CAM_BACK", "CAM_BACK_RIGHT"], "token": "77ca1493abc2490c9db01a4b193457ce", "scene": "scene-0715"}, {"images": ["samples/CAM_FRONT_LEFT/n008-2018-08-29-16-04-13-0400__CAM_FRONT_LEFT__1535573554904799.jpg", "samples/CAM_FRONT/n008-2018-08-29-16-04-13-0400__CAM_FRONT__1535573554912404.jpg", "samples/CAM_FRONT_RIGHT/n008-2018-08-29-16-04-13-0400__CAM_FRONT_RIGHT__1535573554920482.jpg", "samples/CAM_BACK_LEFT/n008-2018-08-29-16-04-13-0400__CAM_BACK_LEFT__1535573554947405.jpg", "samples/CAM_BACK/n008-2018-08-29-16-04-13-0400__CAM_BACK__1535573554937589.jpg", "samples/CAM_BACK_RIGHT/n008-2018-08-29-16-04-13-0400__CAM_BACK_RIGHT__1535573554928113.jpg"], "intrinsics": [[[1257.8625342125129, 0.0, 827.2410631095686], [0.0, 1257.8625342125129, 450.915498205774], [0.0, 0.0, 1.0]], [[1252.8131021185304, 0.0, 826.588114781398], [0.0, 1252.8131021185304, 469.9846626224581], [0.0, 0.0, 1.0]], [[1256.7485116440405, 0.0, 817.7887570959712], [0.0, 1256.7485116440403, 451.9541780095127], [0.0, 0.0, 1.0]], [[1254.9860565800168, 0.0, 829.5769333630991], [0.0, 1254.9860565800168, 467.1680561863987], [0.0, 0.0, 1.0]], [[796.8910634503094, 0.0, 857.7774326863696], [0.0, 796.8910634503094, 476.8848988407415], [0.0, 0.0, 1.0]], [[1249.9629280788233, 0.0, 825.3768045375984], [0.0, 1249.9629280788233, 462.54816385708756], [0.0, 0.0, 1.0]]], "extrinsics": [[[0.8223413228988647, -0.5684958696365356, -0.023817719891667366, -1.0050048828125], [-0.012393893674015999, 0.02395275980234146, -0.9996362328529358, 1.4882965087890625], [0.5688595771789551, 0.8223373293876648, 0.012651464901864529, -1.3333740234375], [0.0, 0.0, 0.0, 1.0]], [[0.010058673098683357, -0.9997504949569702, -0.019943512976169586, 0.00537109375], [-0.010436774231493473, 0.019838472828269005, -0.9997487664222717, 1.48016357421875], [0.9998949766159058, 0.010264289565384388, -0.010234620422124863, -1.7347412109375], [0.0, 0.0, 0.0, 1.0]], [[-0.8441119194030762, -0.5361526012420654, -0.003941047005355358, 1.09063720703125], [-0.0024120325688272715, 0.011147599667310715, -0.99993497133255, 1.4930744171142578], [0.5361616611480713, -0.8440474271774292, -0.010703040286898613, -1.2777099609375], [0.0, 0.0, 0.0, 1.0]], [[0.94765305519104, 0.3187958598136902, -0.017968691885471344, -1.143890380859375], [-0.027802059426903725, 0.026321513578295708, -0.9992668628692627, 1.562042236328125], [-0.31808918714523315, 0.9474577903747559, 0.03380684554576874, -0.1561279296875], [0.0, 0.0, 0.0, 1.0]], [[0.009395173750817776, 0.9997837543487549, 0.018550939857959747, -0.02880859375], [-0.02567996270954609, 0.018786877393722534, -0.9994936585426331, 1.