[{"images": ["samples/CAM_FRONT_LEFT/n008-2018-08-27-11-48-51-0400__CAM_FRONT_LEFT__1535385312104799.jpg", "samples/CAM_FRONT/n008-2018-08-27-11-48-51-0400__CAM_FRONT__1535385312112404.jpg", "samples/CAM_FRONT_RIGHT/n008-2018-08-27-11-48-51-0400__CAM_FRONT_RIGHT__1535385312120482.jpg", "samples/CAM_BACK_LEFT/n008-2018-08-27-11-48-51-0400__CAM_BACK_LEFT__1535385312147405.jpg", "samples/CAM_BACK/n008-2018-08-27-11-48-51-0400__CAM_BACK__1535385312137558.jpg", "samples/CAM_BACK_RIGHT/n008-2018-08-27-11-48-51-0400__CAM_BACK_RIGHT__1535385312128113.jpg"], "intrinsics": [[[1257.8625342125129, 0.0, 827.2410631095686], [0.0, 1257.8625342125129, 450.915498205774], [0.0, 0.0, 1.0]], [[1252.8131021185304, 0.0, 826.588114781398], [0.0, 1252.8131021185304, 469.9846626224581], [0.0, 0.0, 1.0]], [[1256.7485116440405, 0.0, 817.7887570959712], [0.0, 1256.7485116440403, 451.9541780095127], [0.0, 0.0, 1.0]], [[1254.9860565800168, 0.0, 829.5769333630991], [0.0, 1254.9860565800168, 467.1680561863987], [0.0, 0.0, 1.0]], [[796.8910634503094, 0.0, 857.7774326863696], [0.0, 796.8910634503094, 476.8848988407415], [0.0, 0.0, 1.0]], [[1249.9629280788233, 0.0, 825.3768045375984], [0.0, 1249.9629280788233, 462.54816385708756], [0.0, 0.0, 1.0]]], "extrinsics": [[[0.8258242011070251, -0.5639036297798157, -0.005214281380176544, -0.7958984375], [0.006853075698018074, 0.01928100176155567, -0.999790608882904, 1.4898724555969238], [0.5638860464096069, 0.8256155252456665, 0.019787192344665527, -1.198486328125], [0.0, 0.0, 0.0, 1.0]], [[0.014890849590301514, -0.999777615070343, -0.014931540004909039, 0.014404296875], [0.008778789080679417, 0.015063343569636345, -0.9998480081558228, 1.4818916320800781], [0.9998505711555481, 0.014757420867681503, 0.009001142345368862, -1.5283203125], [0.0, 0.0, 0.0, 1.0]], [[-0.8420779705047607, -0.5390715003013611, -0.01750807650387287, 0.9569091796875], [0.016767702996730804, 0.006280346307903528, -0.9998396635055542, 1.4957618713378906], [0.5390951037406921, -0.8422365188598633, 0.003750449512153864, -1.185302734375], [0.0, 0.0, 0.0, 1.0]], [[0.9479747414588928, 0.318342387676239, -0.0014647936914116144, -1.1309814453125], [-0.008663401938974857, 0.02119816653430462, -0.9997377395629883, 1.5618419647216797], [-0.3182278871536255, 0.9477387070655823, 0.02285325527191162, -0.16412353515625], [0.0, 0.0, 0.0, 1.0]], [[0.007863268256187439, 0.9998761415481567, 0.013633926399052143, -0.03271484375], [-0.006519841495901346, 0.013685322366654873, -0.999885082244873, 1.567556381225586], [-0.9999479055404663, 0.007773515768349171, 0.006626646500080824, -0.0244140625], [0.0, 0.0, 0.0, 1.0]], [[-0.9247283339500427, 0.38062581419944763, -0.001273640082217753, 1.046630859375], [-0.002304085297510028, -0.008943794295191765, -0.9999573826789856, 1.5475842952728271], [-0.38062089681625366, -0.9246858358383179, 0.009147575125098228, -0.08447265625], [0.0, 0.0, 0.0, 1.0]]], "view": [[0.0, -2.0, 100.0], [-2.0, 0.0, 100.0], [0.0, 0.0, 1.0]], "bev": "bev_8aa34f420f9f4cf0a3eb58577aacfde3.png", "aux": "aux_8aa34f420f9f4cf0a3eb58577aacfde3.npz", "visibility": "visibility_8aa34f420f9f4cf0a3eb58577aacfde3.png", "pose": [[0.7928819060325623, -0.6093752980232239, 0.0, 1790.572509765625], [0.6093752980232239, 0.7928819060325623, 0.0, 965.6791381835938], [0.0, 0.0, 1.0, 0.0], [0.0, 0.0, 0.0, 1.0]], "pose_inverse": [[0.7928819060325623, 0.6093752980232239, 0.0, -2008.173583984375], [-0.6093752980232239, 0.7928819060325623, 0.0, 325.46112060546875], [0.0, 0.0, 1.0, 0.0], [0.0, 0.0, 0.0, 1.0]], "cam_ids": [0, 1, 2, 3, 4, 5], "cam_channels": ["CAM_FRONT_LEFT", "CAM_FRONT", "CAM_FRONT_RIGHT", "CAM_BACK_LEFT", "CAM_BACK", "CAM_BACK_RIGHT"], "token": "8aa34f420f9f4cf0a3eb58577aacfde3", "scene": "scene-0664"}, {"images": ["samples/CAM_FRONT_LEFT/n008-2018-08-27-11-48-51-0400__CAM_FRONT_LEFT__1535385312604799.jpg", "samples/CAM_FRONT/n008-2018-08-27-11-48-51-0400__CAM_FRONT__1535385312612404.jpg", "samples/CAM_FRONT_RIGHT/n008-2018-08-27-11-48-51-0400__CAM_FRONT_RIGHT__1535385312620482.jpg", "samples/CAM_BACK_LEFT/n008-2018-08-27-11-48-51-0400__CAM_BACK_LEFT__1535385312648453.jpg", "samples/CAM_BACK/n008-2018-08-27-11-48-51-0400__CAM_BACK__1535385312637558.jpg", "samples/CAM_BACK_RIGHT/n008-2018-08-27-11-48-51-0400__CAM_BACK_RIGHT__1535385312628113.jpg"], "intrinsics": [[[1257.8625342125129, 0.0, 827.2410631095686], [0.0, 1257.8625342125129, 450.915498205774], [0.0, 0.0, 1.0]], [[1252.8131021185304, 0.0, 826.588114781398], [0.0, 1252.8131021185304, 469.9846626224581], [0.0, 0.0, 1.0]], [[1256.7485116440405, 0.0, 817.7887570959712], [0.0, 1256.7485116440403, 451.9541780095127], [0.0, 0.0, 1.0]], [[1254.9860565800168, 0.0, 829.5769333630991], [0.0, 1254.9860565800168, 467.1680561863987], [0.0, 0.0, 1.0]], [[796.8910634503094, 0.0, 857.7774326863696], [0.0, 796.8910634503094, 476.8848988407415], [0.0, 0.0, 1.0]], [[1249.9629280788233, 0.0, 825.3768045375984], [0.0, 1249.9629280788233, 462.54816385708756], [0.0, 0.0, 1.0]]], "extrinsics": [[[0.8248355388641357, -0.5653496384620667, -0.0051039340905845165, -0.8134765625], [0.006435705814510584, 0.018415791913866997, -0.9998096823692322, 1.4897356033325195], [0.5653361082077026, 0.8246457576751709, 0.01882842369377613, -1.2049560546875], [0.0, 0.0, 0.0, 1.0]], [[0.013500048778951168, -0.9998093247413635, -0.014103315770626068, 0.0100555419921875], [0.008530312217772007, 0.014219246804714203, -0.9998624920845032, 1.4817676544189453], [0.9998724460601807, 0.013377861119806767, 0.008720646612346172, -1.5435791015625], [0.0, 0.0, 0.0, 1.0]], [[-0.8426454663276672, -0.5382001996040344, -0.017004292458295822, 0.96533203125], [0.016693133860826492, 0.005453874357044697, -0.9998458027839661, 1.4955673217773438], [0.5382099747657776, -0.8427994251251221, 0.004388564731925726, -1.1953125], [0.0, 0.0, 0.0, 1.0]], [[0.9479990601539612, 0.3182683289051056, -0.001757559017278254, -1.1368408203125], [-0.008742919191718102, 0.02052091620862484, -0.9997512102127075, 1.561960220336914], [-0.3181530237197876, 0.9477785229682922, 0.022236403077840805, -0.15948486328125], [0.0, 0.0, 0.0, 1.0]], [[0.008262339048087597, 0.9998827576637268, 0.012891596183180809, -0.029815673828125], [-0.00663427310064435, 0.01294656377285719, -0.9998941421508789, 1.567626953125], [-0.9999438524246216, 0.008175896480679512, 0.006740464363247156, -0.01806640625], [0.0, 0.0, 0.0, 1.0]], [[-0.9244329333305359, 0.3813417851924896, -0.0014938951935619116, 1.0572509765625], [-0.00238889642059803, -0.009708339348435402, -0.9999499917030334, 1.5475668907165527], [-0.38133716583251953, -0.9243831038475037, 0.009885694831609726, -0.0841064453125], [0.0, 0.0, 0.0, 1.0]]], "view": [[0.0, -2.0, 100.0], [-2.0, 0.0, 100.0], [0.0, 0.0, 1.0]], "bev": "bev_31009b4eda0847f98ece43aec5b7b585.png", "aux": "aux_31009b4eda0847f98ece43aec5b7b585.npz", "visibility": "visibility_31009b4eda0847f98ece43aec5b7b585.png", "pose": [[0.8316405415534973, -0.555314302444458, 0.0, 1792.7125244140625], [0.555314302444458, 0.8316405415534973, 0.0, 967.1763305664062], [0.0, 0.0, 1.0, 0.0], [0.0, 0.0, 0.0, 1.0]], "pose_inverse": [[0.8316405415534973, 0.555314302444458, 0.0, -2027.979248046875], [-0.555314302444458, 0.8316405415534973, 0.0, 191.17581176757812], [0.0, 0.0, 1.0, 0.0], [0.0, 0.0, 0.0, 1.0]], "cam_ids": [0, 1, 2, 3, 4, 5], "cam_channels": ["CAM_FRONT_LEFT", "CAM_FRONT", "CAM_FRONT_RIGHT", "CAM_BACK_LEFT", "CAM_BACK", "CAM_BACK_RIGHT"], "token": "31009b4eda0847f98ece43aec5b7b585", "scene": "scene-0664"}, {"images": ["samples/CAM_FRONT_LEFT/n008-2018-08-27-11-48-51-0400__CAM_FRONT_LEFT__1535385313154799.jpg", "samples/CAM_FRONT/n008-2018-08-27-11-48-51-0400__CAM_FRONT__1535385313162404.jpg", "samples/CAM_FRONT_RIGHT/n008-2018-08-27-11-48-51-0400__CAM_FRONT_RIGHT__1535385313170482.jpg", "samples/CAM_BACK_LEFT/n008-2018-08-27-11-48-51-0400__CAM_BACK_LEFT__1535385313197405.jpg", "samples/CAM_BACK/n008-2018-08-27-11-48-51-0400__CAM_BACK__1535385313187558.jpg", "samples/CAM_BACK_RIGHT/n008-2018-08-27-11-48-51-0400__CAM_BACK_RIGHT__1535385313178113.jpg"], "intrinsics": [[[1257.8625342125129, 0.0, 827.2410631095686], [0.0, 1257.8625342125129, 450.915498205774], [0.0, 0.0, 1.0]], [[1252.8131021185304, 0.0, 826.588114781398], [0.0, 1252.8131021185304, 469.9846626224581], [0.0, 0.0, 1.0]], [[1256.7485116440405, 0.0, 817.7887570959712], [0.0, 1256.7485116440403, 451.9541780095127], [0.0, 0.0, 1.0]], [[1254.9860565800168, 0.0, 829.5769333630991], [0.0, 1254.9860565800168, 467.1680561863987], [0.0, 0.0, 1.0]], [[796.8910634503094, 0.0, 857.7774326863696], [0.0, 796.8910634503094, 476.8848988407415], [0.0, 0.0, 1.0]], [[1249.9629280788233, 0.0, 825.3768045375984], [0.0, 1249.9629280788233, 462.54816385708756], [0.0, 0.0, 1.0]]], "extrinsics": [[[0.8231906294822693, -0.5677605867385864, -0.002271269680932164, -0.833984375], [0.007921569049358368, 0.015485201962292194, -0.9998486638069153, 1.4899072647094727], [0.5677099227905273, 0.8230481147766113, 0.017244825139641762, -1.2174072265625], [0.0, 0.0, 0.0, 1.0]], [[0.011192538775503635, -0.9998745918273926, -0.011207878589630127, 0.0086669921875], [0.00989626720547676, 0.011318796314299107, -0.9998869895935059, 1.481842041015625], [0.9998884201049805, 0.011080272495746613, 0.010021710768342018, -1.56396484375], [0.0, 0.0, 0.0, 1.0]], [[-0.843585193157196, -0.5367413759231567, -0.01651633530855179, 0.9788818359375], [0.017945369705557823, 0.0025620772503316402, -0.9998356699943542, 1.4954490661621094], [0.5366955399513245, -0.8437429666519165, 0.007470692042261362, -1.20556640625], [0.0, 0.0, 0.0, 1.0]], [[0.9478721022605896, 0.3186472952365875, -0.0015261583030223846, -1.138427734375], [-0.0074569471180438995, 0.017393367365002632, -0.9998209476470947, 1.5620002746582031], [-0.31856366991996765, 0.9477137923240662, 0.018862824887037277, -0.15802001953125], [0.0, 0.0, 0.0, 1.0]], [[0.008936995640397072, 0.9999105334281921, 0.00995664019137621, -0.02873992919921875], [-0.005340833682566881, 0.010004625655710697, -0.9999356865882874, 1.5677804946899414], [-0.999945878982544, 0.008883250877261162, 0.00542976800352335, -0.008056640625], [0.0, 0.0, 0.0, 1.0]], [[-0.9239180088043213, 0.38257157802581787, -0.003813066054135561, 1.07080078125], [-0.0010896837338805199, -0.012597747147083282, -0.9999200701713562, 1.5477135181427002], [-0.38258904218673706, -0.9238399863243103, 0.012056168168783188, -0.08038330078125], [0.0, 0.0, 0.0, 1.0]]], "view": [[0.0, -2.0, 100.0], [-2.0, 0.0, 100.0], [0.0, 0.0, 1.0]], "bev": "bev_db3667cb3ece493c8dd54fa50f390465.png", "aux": "aux_db3667cb3ece493c8dd54fa50f390465.npz", "visibility": "visibility_db3667cb3ece493c8dd54fa50f390465.png", "pose": [[0.8465687036514282, -0.5322794914245605, 0.0, 1794.9129638671875], [0.5322794914245605, 0.8465687036514282, 0.0, 968.5714111328125], [0.0, 0.0, 1.0, 0.0], [0.0, 0.0, 0.0, 1.0]], "pose_inverse": [[0.8465687036514282, 0.5322794914245605, 0.0, -2035.06787109375], [-0.5322794914245605, 0.8465687036514282, 0.0, 135.43307495117188], [0.0, 0.0, 1.0, 0.0], [0.0, 0.0, 0.0, 1.0]], "cam_ids": [0, 1, 2, 3, 4, 5], "cam_channels": ["CAM_FRONT_LEFT", "CAM_FRONT", "CAM_FRONT_RIGHT", "CAM_BACK_LEFT", "CAM_BACK", "CAM_BACK_RIGHT"], "token": "db3667cb3ece493c8dd54fa50f390465", "scene": "scene-0664"}, {"images": ["samples/CAM_FRONT_LEFT/n008-2018-08-27-11-48-51-0400__CAM_FRONT_LEFT__1535385313654799.jpg", "samples/CAM_FRONT/n008-2018-08-27-11-48-51-0400__CAM_FRONT__1535385313662404.jpg", "samples/CAM_FRONT_RIGHT/n008-2018-08-27-11-48-51-0400__CAM_FRONT_RIGHT__1535385313670482.jpg", "samples/CAM_BACK_LEFT/n008-2018-08-27-11-48-51-0400__CAM_BACK_LEFT__1535385313697405.jpg", "samples/CAM_BACK/n008-2018-08-27-11-48-51-0400__CAM_BACK__1535385313687558.jpg", "samples/CAM_BACK_RIGHT/n008-2018-08-27-11-48-51-0400__CAM_BACK_RIGHT__1535385313678113.jpg"], "intrinsics": [[[1257.8625342125129, 0.0, 827.2410631095686], [0.0, 1257.8625342125129, 450.915498205774], [0.0, 0.0, 1.0]], [[1252.8131021185304, 0.0, 826.588114781398], [0.0, 1252.8131021185304, 469.9846626224581], [0.0, 0.0, 1.0]], [[1256.7485116440405, 0.0, 817.7887570959712], [0.0, 1256.7485116440403, 451.9541780095127], [0.0, 0.0, 1.0]], [[1254.9860565800168, 0.0, 829.5769333630991], [0.0, 1254.9860565800168, 467.1680561863987], [0.0, 0.0, 1.0]], [[796.8910634503094, 0.0, 857.7774326863696], [0.0, 796.8910634503094, 476.8848988407415], [0.0, 0.0, 1.0]], [[1249.9629280788233, 0.0, 825.3768045375984], [0.0, 1249.9629280788233, 462.54816385708756], [0.0, 0.0, 1.0]]], "extrinsics": [[[0.821959912776947, -0.5695391893386841, -0.0026615310925990343, -0.845703125], [0.006568952463567257, 0.014152886345982552, -0.9998782873153687, 1.4895610809326172], [0.5695074796676636, 0.82184237241745, 0.01537438202649355, -1.223388671875], [0.0, 0.0, 0.0, 1.0]], [[0.009396115317940712, -0.9999048113822937, -0.010104062967002392, 0.00714111328125], [0.008391305804252625, 0.010182998143136501, -0.9999129772186279, 1.4815034866333008], [0.9999206066131592, 0.00931041780859232, 0.0084861870855093, -1.5751953125], [0.0, 0.0, 0.0, 1.0]], [[-0.8443450927734375, -0.5356006026268005, -0.014603309333324432, 0.9862060546875], [0.016241904348134995, 0.0016571850283071399, -0.9998667240142822, 1.4950790405273438], [0.5355534553527832, -0.8444697856903076, 0.0072999382391572, -1.2110595703125], [0.0, 0.0, 0.0, 1.0]], [[0.9478761553764343, 0.3186188042163849, -0.003605540841817856, -1.14111328125], [-0.009637522511184216, 0.017357252538204193, -0.9998028874397278, 1.5620193481445312], [-0.31849339604377747, 0.9477239847183228, 0.019523220136761665, -0.156982421875], [0.0, 0.0, 0.0, 1.0]], [[0.009480815380811691, 0.9999089241027832, 0.009607484564185143, -0.02843475341796875], [-0.007330521009862423, 0.009677156805992126, -0.9999262690544128, 1.5677146911621094], [-0.9999282360076904, 0.009409668855369091, 0.007421600166708231, -0.0029296875], [0.0, 0.0, 0.0, 1.0]], [[-0.9235470294952393, 0.3834780156612396, -0.0023000810761004686, 1.07763671875], [-0.003000902710482478, -0.013224603608250618, -0.9999080300331116, 1.5475454330444336], [-0.38347312808036804, -0.9234552383422852, 0.013364325277507305, -0.07794189453125], [0.0, 0.0, 0.0, 1.0]]], "view": [[0.0, -2.0, 100.0], [-2.0, 0.0, 100.0], [0.0, 0.0, 1.0]], "bev": "bev_e2fa8e100b0b4265b1563601967a1521.png", "aux": "aux_e2fa8e100b0b4265b1563601967a1521.npz", "visibility": "visibility_e2fa8e100b0b4265b1563601967a1521.png", "pose": [[0.8497490286827087, -0.5271874070167542, 0.0, 1796.85498046875], [0.5271874070167542, 0.8497490286827087, 0.0, 969.7691650390625], [0.0, 0.0, 1.0, 0.0], [0.0, 0.0, 0.0, 1.0]], "pose_inverse": [[0.8497490286827087, 0.5271874070167542, 0.0, -2038.1258544921875], [-0.5271874070167542, 0.8497490286827087, 0.0, 123.21891784667969], [0.0, 0.0, 1.0, 0.0], [0.0, 0.0, 0.0, 1.0]], "cam_ids": [0, 1, 2, 3, 4, 5], "cam_channels": ["CAM_FRONT_LEFT", "CAM_FRONT", "CAM_FRONT_RIGHT", "CAM_BACK_LEFT", "CAM_BACK", "CAM_BACK_RIGHT"], "token": "e2fa8e100b0b4265b1563601967a1521", "scene": "scene-0664"}, {"images": ["samples/CAM_FRONT_LEFT/n008-2018-08-27-11-48-51-0400__CAM_FRONT_LEFT__1535385314154799.jpg", "samples/CAM_FRONT/n008-2018-08-27-11-48-51-0400__CAM_FRONT__1535385314162404.jpg", "samples/CAM_FRONT_RIGHT/n008-2018-08-27-11-48-51-0400__CAM_FRONT_RIGHT__1535385314170482.jpg", "samples/CAM_BACK_LEFT/n008-2018-08-27-11-48-51-0400__CAM_BACK_LEFT__1535385314197405.jpg", "samples/CAM_BACK/n008-2018-08-27-11-48-51-0400__CAM_BACK__1535385314187558.jpg", "samples/CAM_BACK_RIGHT/n008-2018-08-27-11-48-51-0400__CAM_BACK_RIGHT__1535385314178113.jpg"], "intrinsics": [[[1257.8625342125129, 0.0, 827.2410631095686], [0.0, 1257.8625342125129, 450.915498205774], [0.0, 0.0, 1.0]], [[1252.8131021185304, 0.0, 826.588114781398], [0.0, 1252.8131021185304, 469.9846626224581], [0.0, 0.0, 1.0]], [[1256.7485116440405, 0.0, 817.7887570959712], [0.0, 1256.7485116440403, 451.9541780095127], [0.0, 0.0, 1.0]], [[1254.9860565800168, 0.0, 829.5769333630991], [0.0, 1254.9860565800168, 467.1680561863987], [0.0, 0.0, 1.0]], [[796.8910634503094, 0.0, 857.7774326863696], [0.0, 796.8910634503094, 476.8848988407415], [0.0, 0.0, 1.0]], [[1249.9629280788233, 0.0, 825.3768045375984], [0.0, 1249.9629280788233, 462.54816385708756], [0.0, 0.0, 1.0]]], "extrinsics": [[[0.8187998533248901, -0.5740115642547607, -0.008804394863545895, -0.8560791015625], [0.0018405620940029621, 0.017961330711841583, -0.9998369812965393, 1.488615870475769], [0.5740761160850525, 0.8186502456665039, 0.015763238072395325, -1.229736328125], [0.0, 0.0, 0.0, 1.0]], [[0.004854151979088783, -0.9998946189880371, -0.013684513047337532, 0.0064239501953125], [0.003843087935820222, 0.013703227043151855, -0.9998987317085266, 1.480733871459961], [0.9999808669090271, 0.00480111176148057, 0.003909200429916382, -1.5853271484375], [0.0, 0.0, 0.0, 1.0]], [[-0.8462505340576172, -0.5326352119445801, -0.012639854103326797, 0.9931640625], [0.011881507001817226, 0.004851504694670439, -0.9999176263809204, 1.4944419860839844], [0.532652735710144, -0.846331000328064, 0.002222919836640358, -1.2159423828125], [0.0, 0.0, 0.0, 1.0]], [[0.9478833675384521, 0.3185581564903259, -0.00615299679338932, -1.1419677734375], [-0.013084041886031628, 0.019622350111603737, -0.999721884727478, 1.562021255493164], [-0.31834882497787476, 0.9477002024650574, 0.022767728194594383, -0.1568603515625], [0.0, 0.0, 0.0, 1.0]], [[0.010819793678820133, 0.99986732006073, 0.012169893831014633, -0.0283660888671875], [-0.011139541864395142, 0.01229037530720234, -0.9998623728752136, 1.5675811767578125], [-0.9998794794082642, 0.010682670399546623, 0.011271044611930847, 0.0009765625], [0.0, 0.0, 0.0, 1.0]], [[-0.9225905537605286, 0.38577136397361755, 0.002656471449881792, 1.084228515625], [-0.007168929558247328, -0.01025924738496542, -0.9999216794967651, 1.547215461730957], [-0.3857138752937317, -0.9225373268127441, 0.012230653315782547, -0.0758056640625], [0.0, 0.0, 0.0, 1.0]]], "view": [[0.0, -2.0, 100.0], [-2.0, 0.0, 100.0], [0.0, 0.0, 1.0]], "bev": "bev_a60efc88acd84c52b797f85499ae07e4.png", "aux": "aux_a60efc88acd84c52b797f85499ae07e4.npz", "visibility": "visibility_a60efc88acd84c52b797f85499ae07e4.png", "pose": [[0.8202134370803833, -0.5720576047897339, 0.0, 1798.687255859375], [0.5720576047897339, 0.8202134370803833, 0.0, 970.9641723632812], [0.0, 0.0, 1.0, 0.0], [0.0, 0.0, 0.0, 1.0]], "pose_inverse": [[0.8202134370803833, 0.5720576047897339, 0.0, -2030.7548828125], [-0.5720576047897339, 0.8202134370803833, 0.0, 232.55490112304688], [0.0, 0.0, 1.0, 0.0], [0.0, 0.0, 0.0, 1.0]], "cam_ids": [0, 1, 2, 3, 4, 5], "cam_channels": ["CAM_FRONT_LEFT", "CAM_FRONT", "CAM_FRONT_RIGHT", "CAM_BACK_LEFT", "CAM_BACK", "CAM_BACK_RIGHT"], "token": "a60efc88acd84c52b797f85499ae07e4", "scene": "scene-0664"}, {"images": ["samples/CAM_FRONT_LEFT/n008-2018-08-27-11-48-51-0400__CAM_FRONT_LEFT__1535385314654799.jpg", "samples/CAM_FRONT/n008-2018-08-27-11-48-51-0400__CAM_FRONT__1535385314662404.jpg", "samples/CAM_FRONT_RIGHT/n008-2018-08-27-11-48-51-0400__CAM_FRONT_RIGHT__1535385314670482.jpg", "samples/CAM_BACK_LEFT/n008-2018-08-27-11-48-51-0400__CAM_BACK_LEFT__1535385314697405.jpg", "samples/CAM_BACK/n008-2018-08-27-11-48-51-0400__CAM_BACK__1535385314687558.jpg", "samples/CAM_BACK_RIGHT/n008-2018-08-27-11-48-51-0400__CAM_BACK_RIGHT__1535385314678113.jpg"], "intrinsics": [[[1257.8625342125129, 0.0, 827.2410631095686], [0.0, 1257.8625342125129, 450.915498205774], [0.0, 0.0, 1.0]], [[1252.8131021185304, 0.0, 826.588114781398], [0.0, 1252.8131021185304, 469.9846626224581], [0.0, 0.0, 1.0]], [[1256.7485116440405, 0.0, 817.7887570959712], [0.0, 1256.7485116440403, 451.9541780095127], [0.0, 0.0, 1.0]], [[1254.9860565800168, 0.0, 829.5769333630991], [0.0, 1254.9860565800168, 467.1680561863987], [0.0, 0.0, 1.0]], [[796.8910634503094, 0.0, 857.7774326863696], [0.0, 796.8910634503094, 476.8848988407415], [0.0, 0.0, 1.0]], [[1249.9629280788233, 0.0, 825.3768045375984], [0.0, 1249.9629280788233, 462.54816385708756], [0.0, 0.0, 1.0]]], "extrinsics": [[[0.8193287253379822, -0.573323130607605, 0.0009945762576535344, -0.8614501953125], [0.013696491718292236, 0.017839165404438972, -0.9997470378875732, 1.4906253814697266], [0.5731604099273682, 0.8191351890563965, 0.022468656301498413, -1.23583984375], [0.0, 0.0, 0.0, 1.0]], [[0.005705883726477623, -0.9998894333839417, -0.013732504099607468, 0.008087158203125], [0.01564834639430046, 0.013820327818393707, -0.9997820258140564, 1.4823741912841797], [0.9998612999916077, 0.005489779636263847, 0.015725472941994667, -1.591796875], [0.0, 0.0, 0.0, 1.0]], [[-0.8457592129707336, -0.5330782532691956, -0.022779706865549088, 0.998291015625], [0.02364860102534294, 0.00520000234246254, -0.9997068047523499, 1.4956779479980469], [0.533040463924408, -0.8460500240325928, 0.008208603598177433, -1.2174072265625], [0.0, 0.0, 0.0, 1.0]], [[0.9478923082351685, 0.31855252385139465, 0.0049608987756073475, -1.142333984375], [-0.0017144232988357544, 0.020671382546424866, -0.9997848272323608, 1.5620307922363281], [-0.318586528301239, 0.9476798176765442, 0.020140375941991806, -0.156982421875], [0.0, 0.0, 0.0, 1.0]], [[0.010482273064553738, 0.999859631061554, 0.01307515799999237, -0.02899169921875], [0.00042513286462053657, 0.013071419671177864, -0.9999144673347473, 1.5680677890777588], [-0.9999450445175171, 0.01048686821013689, -0.0002880571992136538, 0.0028076171875], [0.0, 0.0, 0.0, 1.0]], [[-0.9227060079574585, 0.3854220509529114, -0.007960697636008263, 1.0869140625], [0.004565519280731678, -0.00972338393330574, -0.9999423027038574, 1.548187255859375], [-0.3854771852493286, -0.9226891994476318, 0.007212172728031874, -0.073211669921875], [0.0, 0.0, 0.0, 1.0]]], "view": [[0.0, -2.0, 100.0], [-2.0, 0.0, 100.0], [0.0, 0.0, 1.0]], "bev": "bev_2732220f823a4adfb65470a903f23968.png", "aux": "aux_2732220f823a4adfb65470a903f23968.npz", "visibility": "visibility_2732220f823a4adfb65470a903f23968.png", "pose": [[0.7793143391609192, -0.6266332268714905, 0.0, 1800.263427734375], [0.6266332268714905, 0.7793143391609192, 0.0, 972.12841796875], [0.0, 0.0, 1.0, 0.0], [0.0, 0.0, 0.0, 1.0]], "pose_inverse": [[0.7793143391609192, 0.6266332268714905, 0.0, -2012.1390380859375], [-0.6266332268714905, 0.7793143391609192, 0.0, 370.5112609863281], [0.0, 0.0, 1.0, 0.0], [0.0, 0.0, 0.0, 1.0]], "cam_ids": [0, 1, 2, 3, 4, 5], "cam_channels": ["CAM_FRONT_LEFT", "CAM_FRONT", "CAM_FRONT_RIGHT", "CAM_BACK_LEFT", "CAM_BACK", "CAM_BACK_RIGHT"], "token": "2732220f823a4adfb65470a903f23968", "scene": "scene-0664"}, {"images": ["samples/CAM_FRONT_LEFT/n008-2018-08-27-11-48-51-0400__CAM_FRONT_LEFT__1535385315154799.jpg", "samples/CAM_FRONT/n008-2018-08-27-11-48-51-0400__CAM_FRONT__1535385315162404.jpg", "samples/CAM_FRONT_RIGHT/n008-2018-08-27-11-48-51-0400__CAM_FRONT_RIGHT__1535385315170482.jpg", "samples/CAM_BACK_LEFT/n008-2018-08-27-11-48-51-0400__CAM_BACK_LEFT__1535385315197405.jpg", "samples/CAM_BACK/n008-2018-08-27-11-48-51-0400__CAM_BACK__1535385315187558.jpg", "samples/CAM_BACK_RIGHT/n008-2018-08-27-11-48-51-0400__CAM_BACK_RIGHT__1535385315178113.jpg"], "intrinsics": [[[1257.8625342125129, 0.0, 827.2410631095686], [0.0, 1257.8625342125129, 450.915498205774], [0.0, 0.0, 1.0]], [[1252.8131021185304, 0.0, 826.588114781398], [0.0, 1252.8131021185304, 469.9846626224581], [0.0, 0.0, 1.0]], [[1256.7485116440405, 0.0, 817.7887570959712], [0.0, 1256.7485116440403, 451.9541780095127], [0.0, 0.0, 1.0]], [[1254.9860565800168, 0.0, 829.5769333630991], [0.0, 1254.9860565800168, 467.1680561863987], [0.0, 0.0, 1.0]], [[796.8910634503094, 0.0, 857.7774326863696], [0.0, 796.8910634503094, 476.8848988407415], [0.0, 0.0, 1.0]], [[1249.9629280788233, 0.0, 825.3768045375984], [0.0, 1249.9629280788233, 462.54816385708756], [0.0, 0.0, 1.0]]], "extrinsics": [[[0.818615734577179, -0.5743325352668762, -0.0032254268880933523, -0.8751220703125], [0.011348966509103775, 0.021790331229567528, -0.9996981024742126, 1.4900598526000977], [0.5742294788360596, 0.8183320164680481, 0.024355987086892128, -1.24371337890625], [0.0, 0.0, 0.0, 1.0]], [[0.004637118894606829, -0.9998319149017334, -0.01774217002093792, 0.0068359375], [0.01316438801586628, 0.017801860347390175, -0.9997549057006836, 1.4818649291992188], [0.9999026656150818, 0.00440247030928731, 0.01324472390115261, -1.6044921875], [0.0, 0.0, 0.0, 1.0]], [[-0.8462410569190979, -0.5323152542114258, -0.022730140015482903, 1.00537109375], [0.021054336801171303, 0.009218391962349415, -0.9997358322143555, 1.4951972961425781], [0.5323841571807861, -0.846496045589447, 0.0034065626095980406, -1.223388671875], [0.0, 0.0, 0.0, 1.0]], [[0.9479172825813293, 0.31849706172943115, 0.0035272473469376564, -1.14111328125], [-0.004637662786990404, 0.024873822927474976, -0.9996798038482666, 1.5620307922363281], [-0.3184828758239746, 0.9475974440574646, 0.025055408477783203, -0.1572265625], [0.0, 0.0, 0.0, 1.0]], [[0.010837321169674397, 0.9997932314872742, 0.01720587909221649, -0.028350830078125], [-0.002417765324935317, 0.01723303832113743, -0.9998486042022705, 1.5679683685302734], [-0.999938428401947, 0.01079405564814806, 0.0026040254160761833, 0.00537109375], [0.0, 0.0, 0.0, 1.0]], [[-0.9225010871887207, 0.3859747350215912, -0.003907472360879183, 1.0931396484375], [0.0018757125362753868, -0.005640414077788591, -0.9999822974205017, 1.5479507446289062], [-0.3859899342060089, -0.9224921464920044, 0.004479310475289822, -0.071624755859375], [0.0, 0.0, 0.0, 1.0]]], "view": [[0.0, -2.0, 100.0], [-2.0, 0.0, 100.0], [0.0, 0.0, 1.0]], "bev": "bev_66fd74372d564046a3f3eff42f745ef6.png", "aux": "aux_66fd74372d564046a3f3eff42f745ef6.npz", "visibility": "visibility_66fd74372d564046a3f3eff42f745ef6.png", "pose": [[0.7352547645568848, -0.6777908802032471, 0.0, 1801.6888427734375], [0.6777908802032471, 0.7352547645568848, 0.0, 973.3408813476562], [0.0, 0.0, 1.0, 0.0], [0.0, 0.0, 0.0, 1.0]], "pose_inverse": [[0.7352547645568848, 0.6777908802032471, 0.0, -1984.421875], [-0.6777908802032471, 0.7352547645568848, 0.0, 505.5147399902344], [0.0, 0.0, 1.0, 0.0], [0.0, 0.0, 0.0, 1.0]], "cam_ids": [0, 1, 2, 3, 4, 5], "cam_channels": ["CAM_FRONT_LEFT", "CAM_FRONT", "CAM_FRONT_RIGHT", "CAM_BACK_LEFT", "CAM_BACK", "CAM_BACK_RIGHT"], "token": "66fd74372d564046a3f3eff42f745ef6", "scene": "scene-0664"}, {"images": ["samples/CAM_FRONT_LEFT/n008-2018-08-27-11-48-51-0400__CAM_FRONT_LEFT__1535385315654799.jpg", "samples/CAM_FRONT/n008-2018-08-27-11-48-51-0400__CAM_FRONT__1535385315662404.jpg", "samples/CAM_FRONT_RIGHT/n008-2018-08-27-11-48-51-0400__CAM_FRONT_RIGHT__1535385315670482.jpg", "samples/CAM_BACK_LEFT/n008-2018-08-27-11-48-51-0400__CAM_BACK_LEFT__1535385315697405.jpg", "samples/CAM_BACK/n008-2018-08-27-11-48-51-0400__CAM_BACK__1535385315687558.jpg", "samples/CAM_BACK_RIGHT/n008-2018-08-27-11-48-51-0400__CAM_BACK_RIGHT__1535385315678113.jpg"], "intrinsics": [[[1257.8625342125129, 0.0, 827.2410631095686], [0.0, 1257.8625342125129, 450.915498205774], [0.0, 0.0, 1.0]], [[1252.8131021185304, 0.0, 826.588114781398], [0.0, 1252.8131021185304, 469.9846626224581], [0.0, 0.0, 1.0]], [[1256.7485116440405, 0.0, 817.7887570959712], [0.0, 1256.7485116440403, 451.9541780095127], [0.0, 0.0, 1.0]], [[1254.9860565800168, 0.0, 829.5769333630991], [0.0, 1254.9860565800168, 467.1680561863987], [0.0, 0.0, 1.0]], [[796.8910634503094, 0.0, 857.7774326863696], [0.0, 796.8910634503094, 476.8848988407415], [0.0, 0.0, 1.0]], [[1249.9629280788233, 0.0, 825.3768045375984], [0.0, 1249.9629280788233, 462.54816385708756], [0.0, 0.0, 1.0]]], "extrinsics": [[[0.8195216059684753, -0.5730001330375671, -0.007429238874465227, -0.880615234375], [0.007856521755456924, 0.024197939783334732, -0.9996763467788696, 1.4894105195999146], [0.5729944705963135, 0.819197952747345, 0.024332523345947266, -1.2496337890625], [0.0, 0.0, 0.0, 1.0]], [[0.005971084348857403, -0.9997807145118713, -0.020067840814590454, 0.0081787109375], [0.009767725132405758, 0.020125553011894226, -0.9997497797012329, 1.4813313484191895], [0.9999344348907471, 0.005773474462330341, 0.009885752573609352, -1.611572265625], [0.0, 0.0, 0.0, 1.0]], [[-0.845703661441803, -0.5332352519035339, -0.021103372797369957, 1.0111083984375], [0.01772145740687847, 0.011461298912763596, -0.9997772574424744, 1.4947395324707031], [0.5333583950996399, -0.8458893299102783, -0.00024315790506079793, -1.2255859375], [0.0, 0.0, 0.0, 1.0]], [[0.9478949308395386, 0.3185809552669525, 0.0011866225395351648, -1.140869140625], [-0.007785420399159193, 0.02688772603869438, -0.9996081590652466, 1.5620002746582031], [-0.31848809123039246, 0.9475141763687134, 0.027967024594545364, -0.1575927734375], [0.0, 0.0, 0.0, 1.0]], [[0.010395670309662819, 0.9997611045837402, 0.019230162724852562, -0.0291748046875], [-0.005645601078867912, 0.01928957737982273, -0.9997979998588562, 1.567840576171875], [-0.9999300241470337, 0.010285100899636745, 0.005844780243933201, 0.0078125], [0.0, 0.0, 0.0, 1.0]], [[-0.9228507280349731, 0.3851575255393982, -3.866055340040475e-05, 1.09716796875], [-0.0014174929820001125, -0.0034967372193932533, -0.999992847442627, 1.5477182865142822], [-0.38515496253967285, -0.9228441715240479, 0.003772925352677703, -0.0690765380859375], [0.0, 0.0, 0.0, 1.0]]], "view": [[0.0, -2.0, 100.0], [-2.0, 0.0, 100.0], [0.0, 0.0, 1.0]], "bev": "bev_348c1898febd43bb9c87c5bc112e72a1.png", "aux": "aux_348c1898febd43bb9c87c5bc112e72a1.npz", "visibility": "visibility_348c1898febd43bb9c87c5bc112e72a1.png", "pose": [[0.6858847737312317, -0.7277101278305054, 0.0, 1802.91259765625], [0.7277101278305054, 0.6858847737312317, 0.0, 974.5286865234375], [0.0, 0.0, 1.0, 0.0], [0.0, 0.0, 0.0, 1.0]], "pose_inverse": [[0.6858847737312317, 0.7277101278305054, 0.0, -1945.7647705078125], [-0.7277101278305054, 0.6858847737312317, 0.0, 643.5833740234375], [0.0, 0.0, 1.0, 0.0], [0.0, 0.0, 0.0, 1.0]], "cam_ids": [0, 1, 2, 3, 4, 5], "cam_channels": ["CAM_FRONT_LEFT", "CAM_FRONT", "CAM_FRONT_RIGHT", "CAM_BACK_LEFT", "CAM_BACK", "CAM_BACK_RIGHT"], "token": "348c1898febd43bb9c87c5bc112e72a1", "scene": "scene-0664"}, {"images": ["samples/CAM_FRONT_LEFT/n008-2018-08-27-11-48-51-0400__CAM_FRONT_LEFT__1535385316154807.jpg", "samples/CAM_FRONT/n008-2018-08-27-11-48-51-0400__CAM_FRONT__1535385316162404.jpg", "samples/CAM_FRONT_RIGHT/n008-2018-08-27-11-48-51-0400__CAM_FRONT_RIGHT__1535385316170482.jpg", "samples/CAM_BACK_LEFT/n008-2018-08-27-11-48-51-0400__CAM_BACK_LEFT__1535385316197405.jpg", "samples/CAM_BACK/n008-2018-08-27-11-48-51-0400__CAM_BACK__1535385316187558.jpg", "samples/CAM_BACK_RIGHT/n008-2018-08-27-11-48-51-0400__CAM_BACK_RIGHT__1535385316178113.jpg"], "intrinsics": [[[1257.8625342125129, 0.0, 827.2410631095686], [0.0, 1257.8625342125129, 450.915498205774], [0.0, 0.0, 1.0]], [[1252.8131021185304, 0.0, 826.588114781398], [0.0, 1252.8131021185304, 469.9846626224581], [0.0, 0.0, 1.0]], [[1256.7485116440405, 0.0, 817.7887570959712], [0.0, 1256.7485116440403, 451.9541780095127], [0.0, 0.0, 1.0]], [[1254.9860565800168, 0.0, 829.5769333630991], [0.0, 1254.9860565800168, 467.1680561863987], [0.0, 0.0, 1.0]], [[796.8910634503094, 0.0, 857.7774326863696], [0.0, 796.8910634503094, 476.8848988407415], [0.0, 0.0, 1.0]], [[1249.9629280788233, 0.0, 825.3768045375984], [0.0, 1249.9629280788233, 462.54816385708756], [0.0, 0.0, 1.0]]], "extrinsics": [[[0.8209060430526733, -0.5709784626960754, -0.009840041399002075, -0.8946533203125], [0.006003662943840027, 0.02585914544761181, -0.9996475577354431, 1.4890756607055664], [0.5710317492485046, 0.820557713508606, 0.024655889719724655, -1.25762939453125], [0.0, 0.0, 0.0, 1.0]], [[0.007893580943346024, -0.999733030796051, -0.021717004477977753, 0.00701904296875], [0.007875333540141582, 0.02177915908396244, -0.9997318387031555, 1.4810165166854858], [0.9999377727508545, 0.007720454595983028, 0.008045146241784096, -1.6246337890625], [0.0, 0.0, 0.0, 1.0]], [[-0.8449670672416687, -0.5344295501708984, -0.02038644626736641, 1.019287109375], [0.015825288370251656, 0.013117332942783833, -0.9997887015342712, 1.4944095611572266], [0.5345841646194458, -0.8451112508773804, -0.002626213477924466, -1.231689453125], [0.0, 0.0, 0.0, 1.0]], [[0.9478886127471924, 0.3186018466949463, -9.01466773939319e-05, -1.141845703125], [-0.009678101167082787, 0.02851099893450737, -0.9995466470718384, 1.5620193481445312], [-0.3184548318386078, 0.9474596977233887, 0.03010871261358261, -0.1568603515625], [0.0, 0.0, 0.0, 1.0]], [[0.009914935566484928, 0.999733567237854, 0.020846616476774216, -0.02880859375], [-0.007516877260059118, 0.02092156931757927, -0.9997528195381165, 1.5678138732910156], [-0.9999225735664368, 0.009755761362612247, 0.00772231025621295, 0.011962890625], [0.0, 0.0, 0.0, 1.0]], [[-0.9232305288314819, 0.3842392563819885, 0.002318466315045953, 1.104248046875], [-0.003288233419880271, -0.001866932725533843, -0.999992847442627, 1.5476126670837402], [-0.38423213362693787, -0.9232316613197327, 0.0029870779253542423, -0.066925048828125], [0.0, 0.0, 0.0, 1.0]]], "view": [[0.0, -2.0, 100.0], [-2.0, 0.0, 100.0], [0.0, 0.0, 1.0]], "bev": "bev_f93cc7a0c103455390359660ae258d5f.png", "aux": "aux_f93cc7a0c103455390359660ae258d5f.npz", "visibility": "visibility_f93cc7a0c103455390359660ae258d5f.png", "pose": [[0.6527318358421326, -0.7575890421867371, 0.0, 1803.9586181640625], [0.7575890421867371, 0.6527318358421326, 0.0, 975.6737670898438], [0.0, 0.0, 1.0, 0.0], [0.0, 0.0, 0.0, 1.0]], "pose_inverse": [[0.6527318358421326, 0.7575890421867371, 0.0, -1916.6610107421875], [-0.7575890421867371, 0.6527318358421326, 0.0, 729.805908203125], [0.0, 0.0, 1.0, 0.0], [0.0, 0.0, 0.0, 1.0]], "cam_ids": [0, 1, 2, 3, 4, 5], "cam_channels": ["CAM_FRONT_LEFT", "CAM_FRONT", "CAM_FRONT_RIGHT", "CAM_BACK_LEFT", "CAM_BACK", "CAM_BACK_RIGHT"], "token": "f93cc7a0c103455390359660ae258d5f", "scene": "scene-0664"}, {"images": ["samples/CAM_FRONT_LEFT/n008-2018-08-27-11-48-51-0400__CAM_FRONT_LEFT__1535385316654799.jpg", "samples/CAM_FRONT/n008-2018-08-27-11-48-51-0400__CAM_FRONT__1535385316662404.jpg", "samples/CAM_FRONT_RIGHT/n008-2018-08-27-11-48-51-0400__CAM_FRONT_RIGHT__1535385316670482.jpg", "samples/CAM_BACK_LEFT/n008-2018-08-27-11-48-51-0400__CAM_BACK_LEFT__1535385316697405.jpg", "samples/CAM_BACK/n008-2018-08-27-11-48-51-0400__CAM_BACK__1535385316687558.jpg", "samples/CAM_BACK_RIGHT/n008-2018-08-27-11-48-51-0400__CAM_BACK_RIGHT__1535385316678113.jpg"], "intrinsics": [[[1257.8625342125129, 0.0, 827.2410631095686], [0.0, 1257.8625342125129, 450.915498205774], [0.0, 0.0, 1.0]], [[1252.8131021185304, 0.0, 826.588114781398], [0.0, 1252.8131021185304, 469.9846626224581], [0.0, 0.0, 1.0]], [[1256.7485116440405, 0.0, 817.7887570959712], [0.0, 1256.7485116440403, 451.9541780095127], [0.0, 0.0, 1.0]], [[1254.9860565800168, 0.0, 829.5769333630991], [0.0, 1254.9860565800168, 467.1680561863987], [0.0, 0.0, 1.0]], [[796.8910634503094, 0.0, 857.7774326863696], [0.0, 796.8910634503094, 476.8848988407415], [0.0, 0.0, 1.0]], [[1249.9629280788233, 0.0, 825.3768045375984], [0.0, 1249.9629280788233, 462.54816385708756], [0.0, 0.0, 1.0]]], "extrinsics": [[[0.8217678070068359, -0.5696695446968079, -0.013210794888436794, -0.89697265625], [0.0036549759097397327, 0.028453167527914047, -0.9995884299278259, 1.4887428283691406], [0.5698109269142151, 0.8213812112808228, 0.025464022532105446, -1.25970458984375], [0.0, 0.0, 0.0, 1.0]], [[0.009112583473324776, -0.9996628165245056, -0.024315765127539635, 0.00732421875], [0.005518103949725628, 0.024366676807403564, -0.999687910079956, 1.4807548522949219], [0.9999432563781738, 0.008975600823760033, 0.005738287232816219, -1.6240234375], [0.0, 0.0, 0.0, 1.0]], [[-0.8444918394088745, -0.5352039933204651, -0.01975683681666851, 1.0155029296875], [0.013440432958304882, 0.01569921150803566, -0.9997864365577698, 1.4942636489868164], [0.5353997945785522, -0.8445769548416138, -0.006064482964575291, -1.2291259765625], [0.0, 0.0, 0.0, 1.0]], [[0.9478755593299866, 0.31863632798194885, -0.001686563016846776, -1.1396484375], [-0.012185982428491116, 0.030960582196712494, -0.9994463324546814, 1.5619888305664062], [-0.31840768456459045, 0.947371244430542, 0.033229678869247437, -0.1575927734375], [0.0, 0.0, 0.0, 1.0]], [[0.009595168754458427, 0.9996821284294128, 0.023314764723181725, -0.02874755859375], [-0.009914977476000786, 0.023409804329276085, -0.9996767640113831, 1.56768798828125], [-0.9999048113822937, 0.009360835887491703, 0.010136445984244347, 0.0072021484375], [0.0, 0.0, 0.0, 1.0]], [[-0.9234904050827026, 0.38358163833618164, 0.005525148939341307, 1.09765625], [-0.005702628288418055, 0.0006745235878042877, -0.999983549118042, 1.5474233627319336], [-0.3835790157318115, -0.9235066771507263, 0.0015645078383386135, -0.06940460205078125], [0.0, 0.0, 0.0, 1.0]]], "view": [[0.0, -2.0, 100.0], [-2.0, 0.0, 100.0], [0.0, 0.0, 1.0]], "bev": "bev_3d38fa90aa394a8ba23b52d0b7458d9d.png", "aux": "aux_3d38fa90aa394a8ba23b52d0b7458d9d.npz", "visibility": "visibility_3d38fa90aa394a8ba23b52d0b7458d9d.png", "pose": [[0.6356430053710938, -0.7719831466674805, 0.0, 1804.94189453125], [0.7719831466674805, 0.6356430053710938, 0.0, 976.8295288085938], [0.0, 0.0, 1.0, 0.0], [0.0, 0.0, 0.0, 1.0]], "pose_inverse": [[0.6356430053710938, 0.7719831466674805, 0.0, -1901.3946533203125], [-0.7719831466674805, 0.6356430053710938, 0.0, 772.4698486328125], [0.0, 0.0, 1.0, 0.0], [0.0, 0.0, 0.0, 1.0]], "cam_ids": [0, 1, 2, 3, 4, 5], "cam_channels": ["CAM_FRONT_LEFT", "CAM_FRONT", "CAM_FRONT_RIGHT", "CAM_BACK_LEFT", "CAM_BACK", "CAM_BACK_RIGHT"], "token": "3d38fa90aa394a8ba23b52d0b7458d9d", "scene": "scene-0664"}, {"images": ["samples/CAM_FRONT_LEFT/n008-2018-08-27-11-48-51-0400__CAM_FRONT_LEFT__1535385317154799.jpg", "samples/CAM_FRONT/n008-2018-08-27-11-48-51-0400__CAM_FRONT__1535385317162404.jpg", "samples/CAM_FRONT_RIGHT/n008-2018-08-27-11-48-51-0400__CAM_FRONT_RIGHT__1535385317170482.jpg", "samples/CAM_BACK_LEFT/n008-2018-08-27-11-48-51-0400__CAM_BACK_LEFT__1535385317197405.jpg", "samples/CAM_BACK/n008-2018-08-27-11-48-51-0400__CAM_BACK__1535385317187558.jpg", "samples/CAM_BACK_RIGHT/n008-2018-08-27-11-48-51-0400__CAM_BACK_RIGHT__1535385317178113.jpg"], "intrinsics": [[[1257.8625342125129, 0.0, 827.2410631095686], [0.0, 1257.8625342125129, 450.915498205774], [0.0, 0.0, 1.0]], [[1252.8131021185304, 0.0, 826.588114781398], [0.0, 1252.8131021185304, 469.9846626224581], [0.0, 0.0, 1.0]], [[1256.7485116440405, 0.0, 817.7887570959712], [0.0, 1256.7485116440403, 451.9541780095127], [0.0, 0.0, 1.0]], [[1254.9860565800168, 0.0, 829.5769333630991], [0.0, 1254.9860565800168, 467.1680561863987], [0.0, 0.0, 1.0]], [[796.8910634503094, 0.0, 857.7774326863696], [0.0, 796.8910634503094, 476.8848988407415], [0.0, 0.0, 1.0]], [[1249.9629280788233, 0.0, 825.3768045375984], [0.0, 1249.9629280788233, 462.54816385708756], [0.0, 0.0, 1.0]]], "extrinsics": [[[0.8219185471534729, -0.5694162845611572, -0.014664337038993835, -0.905029296875], [0.0022479461040347815, 0.028987165540456772, -0.9995772838592529, 1.4885616302490234], [0.5696007013320923, 0.8215380311012268, 0.025105105713009834, -1.2642822265625], [0.0, 0.0, 0.0, 1.0]], [[0.009334826841950417, -0.99964839220047, -0.024817831814289093, 0.00634765625], [0.004138392861932516, 0.024857323616743088, -0.9996824264526367, 1.4805831909179688], [0.9999477863311768, 0.009229198098182678, 0.0043689776211977005, -1.63330078125], [0.0, 0.0, 0.0, 1.0]], [[-0.8444046378135681, -0.5353735089302063, -0.018868520855903625, 1.023193359375], [0.012105753645300865, 0.016142982989549637, -0.9997963905334473, 1.494039535522461], [0.5355691909790039, -0.8444612622261047, -0.007150111719965935, -1.2344970703125], [0.0, 0.0, 0.0, 1.0]], [[0.9478755593299866, 0.3186291456222534, -0.0027205764781683683, -1.1378173828125], [-0.013371683657169342, 0.03124537691473961, -0.9994222521781921, 1.5619544982910156], [-0.3183600902557373, 0.947364330291748, 0.03387733921408653, -0.158203125], [0.0, 0.0, 0.0, 1.0]], [[0.009544562548398972, 0.9996750950813293, 0.023637555539608, -0.028564453125], [-0.011190333403646946, 0.02374393306672573, -0.9996554255485535, 1.56768798828125], [-0.9998918771743774, 0.009276806376874447, 0.011413323692977428, 0