[{"images": ["samples/CAM_FRONT_LEFT/n008-2018-08-31-11-56-46-0400__CAM_FRONT_LEFT__1535731278754799.jpg", "samples/CAM_FRONT/n008-2018-08-31-11-56-46-0400__CAM_FRONT__1535731278762404.jpg", "samples/CAM_FRONT_RIGHT/n008-2018-08-31-11-56-46-0400__CAM_FRONT_RIGHT__1535731278770482.jpg", "samples/CAM_BACK_LEFT/n008-2018-08-31-11-56-46-0400__CAM_BACK_LEFT__1535731278797405.jpg", "samples/CAM_BACK/n008-2018-08-31-11-56-46-0400__CAM_BACK__1535731278787558.jpg", "samples/CAM_BACK_RIGHT/n008-2018-08-31-11-56-46-0400__CAM_BACK_RIGHT__1535731278778113.jpg"], "intrinsics": [[[1257.8625342125129, 0.0, 827.2410631095686], [0.0, 1257.8625342125129, 450.915498205774], [0.0, 0.0, 1.0]], [[1252.8131021185304, 0.0, 826.588114781398], [0.0, 1252.8131021185304, 469.9846626224581], [0.0, 0.0, 1.0]], [[1256.7485116440405, 0.0, 817.7887570959712], [0.0, 1256.7485116440403, 451.9541780095127], [0.0, 0.0, 1.0]], [[1254.9860565800168, 0.0, 829.5769333630991], [0.0, 1254.9860565800168, 467.1680561863987], [0.0, 0.0, 1.0]], [[796.8910634503094, 0.0, 857.7774326863696], [0.0, 796.8910634503094, 476.8848988407415], [0.0, 0.0, 1.0]], [[1249.9629280788233, 0.0, 825.3768045375984], [0.0, 1249.9629280788233, 462.54816385708756], [0.0, 0.0, 1.0]]], "extrinsics": [[[0.8224753141403198, -0.5687184929847717, -0.00968540646135807, -0.73846435546875], [-0.00012283063551876694, 0.016850177198648453, -0.999858021736145, 1.4882524013519287], [0.5688008666038513, 0.8223596811294556, 0.013788996264338493, -1.1492919921875], [0.0, 0.0, 0.0, 1.0]], [[0.01002873107790947, -0.9998686909675598, -0.012733854353427887, 0.008182525634765625], [0.00189950258936733, 0.012753521092236042, -0.9999168515205383, 1.4806653261184692], [0.9999479055404663, 0.010003711096942425, 0.002027154667302966, -1.4708251953125], [0.0, 0.0, 0.0, 1.0]], [[-0.8442054390907288, -0.5359147787094116, -0.010613802820444107, 0.92138671875], [0.00998745672404766, 0.004071020055562258, -0.9999418258666992, 1.4950733184814453], [0.5359267592430115, -0.8442623615264893, 0.0019156481139361858, -1.169921875], [0.0, 0.0, 0.0, 1.0]], [[0.9478411674499512, 0.318637877702713, -0.008194556459784508, -1.15545654296875], [-0.015119473449885845, 0.01926562748849392, -0.9997000694274902, 1.5622282028198242], [-0.31838446855545044, 0.9476807117462158, 0.023078391328454018, -0.152191162109375], [0.0, 0.0, 0.0, 1.0]], [[0.009386290796101093, 0.9998884201049805, 0.011617237702012062, -0.02829742431640625], [-0.013080865144729614, 0.011739533394575119, -0.9998455047607422, 1.5672035217285156], [-0.9998704195022583, 0.009232858195900917, 0.013189596123993397, -0.021240234375], [0.0, 0.0, 0.0, 1.0]], [[-0.9236515164375305, 0.3832109272480011, 0.004147124942392111, 1.031005859375], [-0.009043332189321518, -0.010976153425872326, -0.9998988509178162, 1.5465459823608398], [-0.3831266462802887, -0.923595666885376, 0.01360364444553852, -0.09735107421875], [0.0, 0.0, 0.0, 1.0]]], "view": [[0.0, -2.0, 100.0], [-2.0, 0.0, 100.0], [0.0, 0.0, 1.0]], "bev": "bev_6decbea0eb19472d8dbb6cb6a2b35451.png", "aux": "aux_6decbea0eb19472d8dbb6cb6a2b35451.npz", "visibility": "visibility_6decbea0eb19472d8dbb6cb6a2b35451.png", "pose": [[0.4743751585483551, -0.8803228139877319, 0.0, 452.7669372558594], [0.8803228139877319, 0.4743751585483551, 0.0, 959.5382690429688], [0.0, 0.0, 1.0, 0.0], [0.0, 0.0, 0.0, 1.0]], "pose_inverse": [[0.4743751585483551, 0.8803228139877319, 0.0, -1059.4847412109375], [-0.8803228139877319, 0.4743751585483551, 0.0, -56.60007095336914], [0.0, 0.0, 1.0, 0.0], [0.0, 0.0, 0.0, 1.0]], "cam_ids": [0, 1, 2, 3, 4, 5], "cam_channels": ["CAM_FRONT_LEFT", "CAM_FRONT", "CAM_FRONT_RIGHT", "CAM_BACK_LEFT", "CAM_BACK", "CAM_BACK_RIGHT"], "token": "6decbea0eb19472d8dbb6cb6a2b35451", "scene": "scene-0394"}, {"images": ["samples/CAM_FRONT_LEFT/n008-2018-08-31-11-56-46-0400__CAM_FRONT_LEFT__1535731279254799.jpg", "samples/CAM_FRONT/n008-2018-08-31-11-56-46-0400__CAM_FRONT__1535731279262882.jpg", "samples/CAM_FRONT_RIGHT/n008-2018-08-31-11-56-46-0400__CAM_FRONT_RIGHT__1535731279270482.jpg", "samples/CAM_BACK_LEFT/n008-2018-08-31-11-56-46-0400__CAM_BACK_LEFT__1535731279297405.jpg", "samples/CAM_BACK/n008-2018-08-31-11-56-46-0400__CAM_BACK__1535731279287558.jpg", "samples/CAM_BACK_RIGHT/n008-2018-08-31-11-56-46-0400__CAM_BACK_RIGHT__1535731279278113.jpg"], "intrinsics": [[[1257.8625342125129, 0.0, 827.2410631095686], [0.0, 1257.8625342125129, 450.915498205774], [0.0, 0.0, 1.0]], [[1252.8131021185304, 0.0, 826.588114781398], [0.0, 1252.8131021185304, 469.9846626224581], [0.0, 0.0, 1.0]], [[1256.7485116440405, 0.0, 817.7887570959712], [0.0, 1256.7485116440403, 451.9541780095127], [0.0, 0.0, 1.0]], [[1254.9860565800168, 0.0, 829.5769333630991], [0.0, 1254.9860565800168, 467.1680561863987], [0.0, 0.0, 1.0]], [[796.8910634503094, 0.0, 857.7774326863696], [0.0, 796.8910634503094, 476.8848988407415], [0.0, 0.0, 1.0]], [[1249.9629280788233, 0.0, 825.3768045375984], [0.0, 1249.9629280788233, 462.54816385708756], [0.0, 0.0, 1.0]]], "extrinsics": [[[0.8227221965789795, -0.5683456659317017, -0.010554475709795952, -0.72735595703125], [-0.001452647615224123, 0.016465172171592712, -0.9998633861541748, 1.4877922534942627], [0.5684418082237244, 0.8226251602172852, 0.012720655649900436, -1.142333984375], [0.0, 0.0, 0.0, 1.0]], [[0.010556261986494064, -0.9998679161071777, -0.01235275249928236, 0.009174346923828125], [0.0004759585135616362, 0.012358463369309902, -0.9999235272407532, 1.480281949043274], [0.9999441504478455, 0.010549569502472878, 0.0006063544424250722, -1.4630126953125], [0.0, 0.0, 0.0, 1.0]], [[-0.8438771963119507, -0.5364589095115662, -0.009111199527978897, 0.91351318359375], [0.008448747918009758, 0.0036929307971149683, -0.9999574422836304, 1.494844913482666], [0.5364698171615601, -0.8439183831214905, 0.0014160247519612312, -1.16363525390625], [0.0, 0.0, 0.0, 1.0]], [[0.9478379487991333, 0.31858986616134644, -0.010187271051108837, -1.152587890625], [-0.01712552271783352, 0.018984530121088028, -0.9996731281280518, 1.562204360961914], [-0.31829237937927246, 0.9477025866508484, 0.023450275883078575, -0.153076171875], [0.0, 0.0, 0.0, 1.0]], [[0.009185351431369781, 0.9998941421508789, 0.011282015591859818, -0.02857208251953125], [-0.014942429028451443, 0.0114184794947505, -0.9998231530189514, 1.5669937133789062], [-0.9998461604118347, 0.009015151299536228, 0.015045730397105217, -0.0267333984375], [0.0, 0.0, 0.0, 1.0]], [[-0.9238258004188538, 0.3827746510505676, 0.005429380107671022, 1.02325439453125], [-0.010579154826700687, -0.011350204236805439, -0.9998796582221985, 1.5462512969970703], [-0.3826668858528137, -0.9237720370292664, 0.014535044319927692, -0.0997314453125], [0.0, 0.0, 0.0, 1.0]]], "view": [[0.0, -2.0, 100.0], [-2.0, 0.0, 100.0], [0.0, 0.0, 1.0]], "bev": "bev_159e746a061b4317a55b89ef052067f3.png", "aux": "aux_159e746a061b4317a55b89ef052067f3.npz", "visibility": "visibility_159e746a061b4317a55b89ef052067f3.png", "pose": [[0.47649726271629333, -0.8791759610176086, 0.0, 454.6947021484375], [0.8791759610176086, 0.47649726271629333, 0.0, 963.0703125], [0.0, 0.0, 1.0, 0.0], [0.0, 0.0, 0.0, 1.0]], "pose_inverse": [[0.47649726271629333, 0.8791759610176086, 0.0, -1063.3690185546875], [-0.8791759610176086, 0.47649726271629333, 0.0, -59.143714904785156], [0.0, 0.0, 1.0, 0.0], [0.0, 0.0, 0.0, 1.0]], "cam_ids": [0, 1, 2, 3, 4, 5], "cam_channels": ["CAM_FRONT_LEFT", "CAM_FRONT", "CAM_FRONT_RIGHT", "CAM_BACK_LEFT", "CAM_BACK", "CAM_BACK_RIGHT"], "token": "159e746a061b4317a55b89ef052067f3", "scene": "scene-0394"}, {"images": ["samples/CAM_FRONT_LEFT/n008-2018-08-31-11-56-46-0400__CAM_FRONT_LEFT__1535731279754799.jpg", "samples/CAM_FRONT/n008-2018-08-31-11-56-46-0400__CAM_FRONT__1535731279762404.jpg", "samples/CAM_FRONT_RIGHT/n008-2018-08-31-11-56-46-0400__CAM_FRONT_RIGHT__1535731279770482.jpg", "samples/CAM_BACK_LEFT/n008-2018-08-31-11-56-46-0400__CAM_BACK_LEFT__1535731279797405.jpg", "samples/CAM_BACK/n008-2018-08-31-11-56-46-0400__CAM_BACK__1535731279787558.jpg", "samples/CAM_BACK_RIGHT/n008-2018-08-31-11-56-46-0400__CAM_BACK_RIGHT__1535731279778113.jpg"], "intrinsics": [[[1257.8625342125129, 0.0, 827.2410631095686], [0.0, 1257.8625342125129, 450.915498205774], [0.0, 0.0, 1.0]], [[1252.8131021185304, 0.0, 826.588114781398], [0.0, 1252.8131021185304, 469.9846626224581], [0.0, 0.0, 1.0]], [[1256.7485116440405, 0.0, 817.7887570959712], [0.0, 1256.7485116440403, 451.9541780095127], [0.0, 0.0, 1.0]], [[1254.9860565800168, 0.0, 829.5769333630991], [0.0, 1254.9860565800168, 467.1680561863987], [0.0, 0.0, 1.0]], [[796.8910634503094, 0.0, 857.7774326863696], [0.0, 796.8910634503094, 476.8848988407415], [0.0, 0.0, 1.0]], [[1249.9629280788233, 0.0, 825.3768045375984], [0.0, 1249.9629280788233, 462.54816385708756], [0.0, 0.0, 1.0]]], "extrinsics": [[[0.8226445913314819, -0.5683856010437012, -0.013915072195231915, -0.72967529296875], [-0.003068659221753478, 0.020035335794091225, -0.9997945427894592, 1.487266182899475], [0.5685476064682007, 0.8225182890892029, 0.014737778343260288, -1.1431884765625], [0.0, 0.0, 0.0, 1.0]], [[0.010404804721474648, -0.9998179078102112, -0.01599457859992981, 0.0082244873046875], [-0.001031989697366953, 0.01598469913005829, -0.9998717308044434, 1.4798825979232788], [0.9999452829360962, 0.010419964790344238, -0.0008654829580336809, -1.4620361328125], [0.0, 0.0, 0.0, 1.0]], [[-0.8439772129058838, -0.5362874865531921, -0.00990714319050312, 0.9158935546875], [0.007074371911585331, 0.0073393830098211765, -0.9999480247497559, 1.4945368766784668], [0.536332368850708, -0.844003438949585, -0.0024003752041608095, -1.16650390625], [0.0, 0.0, 0.0, 1.0]], [[0.9478338956832886, 0.31861573457717896, -0.009742286056280136, -1.1536865234375], [-0.01786988228559494, 0.022595984861254692, -0.9995849132537842, 1.562225341796875], [-0.3182634115219116, 0.9476145505905151, 0.027110867202281952, -0.152862548828125], [0.0, 0.0, 0.0, 1.0]], [[0.009271670132875443, 0.9998463988304138, 0.014870835468173027, -0.02816009521484375], [-0.01592290960252285, 0.015017208643257618, -0.9997604489326477, 1.5669631958007812], [-0.9998301863670349, 0.009032652713358402, 0.016059700399637222, -0.0245361328125], [0.0, 0.0, 0.0, 1.0]], [[-0.9237681031227112, 0.38286784291267395, 0.008040235377848148, 1.02642822265625], [-0.01190092321485281, -0.0077161542139947414, -0.9998994469642639, 1.5460805892944336], [-0.3827672302722931, -0.9237708449363708, 0.01168441865593195, -0.099334716796875], [0.0, 0.0, 0.0, 1.0]]], "view": [[0.0, -2.0, 100.0], [-2.0, 0.0, 100.0], [0.0, 0.0, 1.0]], "bev": "bev_d8e1d10fcddd45c6a96a483dc74307e0.png", "aux": "aux_d8e1d10fcddd45c6a96a483dc74307e0.npz", "visibility": "visibility_d8e1d10fcddd45c6a96a483dc74307e0.png", "pose": [[0.4820798635482788, -0.8761272430419922, 0.0, 456.63800048828125], [0.8761272430419922, 0.4820798635482788, 0.0, 966.6094970703125], [0.0, 0.0, 1.0, 0.0], [0.0, 0.0, 0.0, 1.0]], "pose_inverse": [[0.4820798635482788, 0.8761272430419922, 0.0, -1067.0089111328125], [-0.8761272430419922, 0.4820798635482788, 0.0, -65.90998077392578], [0.0, 0.0, 1.0, 0.0], [0.0, 0.0, 0.0, 1.0]], "cam_ids": [0, 1, 2, 3, 4, 5], "cam_channels": ["CAM_FRONT_LEFT", "CAM_FRONT", "CAM_FRONT_RIGHT", "CAM_BACK_LEFT", "CAM_BACK", "CAM_BACK_RIGHT"], "token": "d8e1d10fcddd45c6a96a483dc74307e0", "scene": "scene-0394"}, {"images": ["samples/CAM_FRONT_LEFT/n008-2018-08-31-11-56-46-0400__CAM_FRONT_LEFT__1535731280154799.jpg", "samples/CAM_FRONT/n008-2018-08-31-11-56-46-0400__CAM_FRONT__1535731280162404.jpg", "samples/CAM_FRONT_RIGHT/n008-2018-08-31-11-56-46-0400__CAM_FRONT_RIGHT__1535731280170482.jpg", "samples/CAM_BACK_LEFT/n008-2018-08-31-11-56-46-0400__CAM_BACK_LEFT__1535731280197405.jpg", "samples/CAM_BACK/n008-2018-08-31-11-56-46-0400__CAM_BACK__1535731280187558.jpg", "samples/CAM_BACK_RIGHT/n008-2018-08-31-11-56-46-0400__CAM_BACK_RIGHT__1535731280178113.jpg"], "intrinsics": [[[1257.8625342125129, 0.0, 827.2410631095686], [0.0, 1257.8625342125129, 450.915498205774], [0.0, 0.0, 1.0]], [[1252.8131021185304, 0.0, 826.588114781398], [0.0, 1252.8131021185304, 469.9846626224581], [0.0, 0.0, 1.0]], [[1256.7485116440405, 0.0, 817.7887570959712], [0.0, 1256.7485116440403, 451.9541780095127], [0.0, 0.0, 1.0]], [[1254.9860565800168, 0.0, 829.5769333630991], [0.0, 1254.9860565800168, 467.1680561863987], [0.0, 0.0, 1.0]], [[796.8910634503094, 0.0, 857.7774326863696], [0.0, 796.8910634503094, 476.8848988407415], [0.0, 0.0, 1.0]], [[1249.9629280788233, 0.0, 825.3768045375984], [0.0, 1249.9629280788233, 462.54816385708756], [0.0, 0.0, 1.0]]], "extrinsics": [[[0.8229675889015198, -0.567918598651886, -0.01388521771878004, -0.71337890625], [-0.00034153819433413446, 0.023947374895215034, -0.999713122844696, 1.4881117343902588], [0.5680882334709167, 0.8227363228797913, 0.019513949751853943, -1.13507080078125], [0.0, 0.0, 0.0, 1.0]], [[0.010847518220543861, -0.9997434616088867, -0.019883612170815468, 0.01070404052734375], [0.0016933255828917027, 0.019903119653463364, -0.9998005032539368, 1.4806121587753296], [0.9999396800994873, 0.010811692103743553, 0.0019087920663878322, -1.44482421875], [0.0, 0.0, 0.0, 1.0]], [[-0.8437946438789368, -0.5364751219749451, -0.014316858723759651, 0.9027099609375], [0.00978498812764883, 0.011293605901300907, -0.9998883008956909, 1.4952421188354492], [0.5365769267082214, -0.8438405990600586, -0.00428008334711194, -1.15606689453125], [0.0, 0.0, 0.0, 1.0]], [[0.947817325592041, 0.3187578022480011, -0.005975911393761635, -1.1405029296875], [-0.015242746099829674, 0.026585185900330544, -0.9995303153991699, 1.561995506286621], [-0.3184491991996765, 0.9474632143974304, 0.030056646093726158, -0.157012939453125], [0.0, 0.0, 0.0, 1.0]], [[0.009119218215346336, 0.9997795224189758, 0.01891273632645607, -0.028717041015625], [-0.013286223635077477, 0.019032994285225868, -0.9997305870056152, 1.5669355392456055], [-0.9998701810836792, 0.008865454234182835, 0.013456861488521099, -0.03955078125], [0.0, 0.0, 0.0, 1.0]], [[-0.9238651394844055, 0.38265275955200195, 0.007061756681650877, 1.01123046875], [-0.009188661351799965, -0.0037309934850782156, -0.9999508261680603, 1.5463342666625977], [-0.3826076090335846, -0.9238846302032471, 0.006963002495467663, -0.104217529296875], [0.0, 0.0, 0.0, 1.0]]], "view": [[0.0, -2.0, 100.0], [-2.0, 0.0, 100.0], [0.0, 0.0, 1.0]], "bev": "bev_e52c7bee43a045ad9d477c0aa83870cb.png", "aux": "aux_e52c7bee43a045ad9d477c0aa83870cb.npz", "visibility": "visibility_e52c7bee43a045ad9d477c0aa83870cb.png", "pose": [[0.4856438934803009, -0.8741567134857178, 0.0, 458.2076110839844], [0.8741567134857178, 0.4856438934803009, 0.0, 969.4174194335938], [0.0, 0.0, 1.0, 0.0], [0.0, 0.0, 0.0, 1.0]], "pose_inverse": [[0.4856438934803009, 0.8741567134857178, 0.0, -1069.948486328125], [-0.8741567134857178, 0.4856438934803009, 0.0, -70.24638366699219], [0.0, 0.0, 1.0, 0.0], [0.0, 0.0, 0.0, 1.0]], "cam_ids": [0, 1, 2, 3, 4, 5], "cam_channels": ["CAM_FRONT_LEFT", "CAM_FRONT", "CAM_FRONT_RIGHT", "CAM_BACK_LEFT", "CAM_BACK", "CAM_BACK_RIGHT"], "token": "e52c7bee43a045ad9d477c0aa83870cb", "scene": "scene-0394"}, {"images": ["samples/CAM_FRONT_LEFT/n008-2018-08-31-11-56-46-0400__CAM_FRONT_LEFT__1535731280654799.jpg", "samples/CAM_FRONT/n008-2018-08-31-11-56-46-0400__CAM_FRONT__1535731280662404.jpg", "samples/CAM_FRONT_RIGHT/n008-2018-08-31-11-56-46-0400__CAM_FRONT_RIGHT__1535731280670482.jpg", "samples/CAM_BACK_LEFT/n008-2018-08-31-11-56-46-0400__CAM_BACK_LEFT__1535731280697405.jpg", "samples/CAM_BACK/n008-2018-08-31-11-56-46-0400__CAM_BACK__1535731280687558.jpg", "samples/CAM_BACK_RIGHT/n008-2018-08-31-11-56-46-0400__CAM_BACK_RIGHT__1535731280678113.jpg"], "intrinsics": [[[1257.8625342125129, 0.0, 827.2410631095686], [0.0, 1257.8625342125129, 450.915498205774], [0.0, 0.0, 1.0]], [[1252.8131021185304, 0.0, 826.588114781398], [0.0, 1252.8131021185304, 469.9846626224581], [0.0, 0.0, 1.0]], [[1256.7485116440405, 0.0, 817.7887570959712], [0.0, 1256.7485116440403, 451.9541780095127], [0.0, 0.0, 1.0]], [[1254.9860565800168, 0.0, 829.5769333630991], [0.0, 1254.9860565800168, 467.1680561863987], [0.0, 0.0, 1.0]], [[796.8910634503094, 0.0, 857.7774326863696], [0.0, 796.8910634503094, 476.8848988407415], [0.0, 0.0, 1.0]], [[1249.9629280788233, 0.0, 825.3768045375984], [0.0, 1249.9629280788233, 462.54816385708756], [0.0, 0.0, 1.0]]], "extrinsics": [[[0.8225909471511841, -0.5684071183204651, -0.016044853255152702, -0.68792724609375], [-0.0013865579385310411, 0.026211412623524666, -0.9996554255485535, 1.4875848293304443], [0.5686318278312683, 0.8223298192024231, 0.02077314257621765, -1.12255859375], [0.0, 0.0, 0.0, 1.0]], [[0.010314719751477242, -0.9997032880783081, -0.022065624594688416, 0.013935089111328125], [0.0005437050713226199, 0.02207239903509617, -0.9997562766075134, 1.4802149534225464], [0.999946653842926, 0.010300284251570702, 0.0007712151273153722, -1.4259033203125], [0.0, 0.0, 0.0, 1.0]], [[-0.8440133333206177, -0.5361300110816956, -0.014355928637087345, 0.89630126953125], [0.008536668494343758, 0.013334575109183788, -0.9998746514320374, 1.4950075149536133], [0.5362542271614075, -0.8440300822257996, -0.006677795201539993, -1.149658203125], [0.0, 0.0, 0.0, 1.0]], [[0.9478504657745361, 0.31863680481910706, -0.007070755586028099, -1.15283203125], [-0.016966134309768677, 0.028290675953030586, -0.9994557499885559, 1.5622062683105469], [-0.31826335191726685, 0.947454571723938, 0.032221365720033646, -0.1529541015625], [0.0, 0.0, 0.0, 1.0]], [[0.009298089891672134, 0.9997420907020569, 0.020715810358524323, -0.02935028076171875], [-0.014832423068583012, 0.020852316170930862, -0.9996724724769592, 1.5668659210205078], [-0.9998466968536377, 0.008987757377326488, 0.01502248551696539, -0.0345458984375], [0.0, 0.0, 0.0, 1.0]], [[-0.9237496256828308, 0.38288813829421997, 0.009121302515268326, 1.00830078125], [-0.010616439394652843, -0.0017920624231919646, -0.9999420046806335, 1.5460777282714844], [-0.3828496038913727, -0.9237928986549377, 0.00572032667696476, -0.103973388671875], [0.0, 0.0, 0.0, 1.0]]], "view": [[0.0, -2.0, 100.0], [-2.0, 0.0, 100.0], [0.0, 0.0, 1.0]], "bev": "bev_9191fd704b624ecfadc13ad0fe70d1ce.png", "aux": "aux_9191fd704b624ecfadc13ad0fe70d1ce.npz", "visibility": "visibility_9191fd704b624ecfadc13ad0fe70d1ce.png", "pose": [[0.4886755645275116, -0.8724655508995056, 0.0, 460.2000427246094], [0.8724655508995056, 0.4886755645275116, 0.0, 972.930419921875], [0.0, 0.0, 1.0, 0.0], [0.0, 0.0, 0.0, 1.0]], "pose_inverse": [[0.4886755645275116, 0.8724655508995056, 0.0, -1073.73681640625], [-0.8724655508995056, 0.4886755645275116, 0.0, -73.93864440917969], [0.0, 0.0, 1.0, 0.0], [0.0, 0.0, 0.0, 1.0]], "cam_ids": [0, 1, 2, 3, 4, 5], "cam_channels": ["CAM_FRONT_LEFT", "CAM_FRONT", "CAM_FRONT_RIGHT", "CAM_BACK_LEFT", "CAM_BACK", "CAM_BACK_RIGHT"], "token": "9191fd704b624ecfadc13ad0fe70d1ce", "scene": "scene-0394"}, {"images": ["samples/CAM_FRONT_LEFT/n008-2018-08-31-11-56-46-0400__CAM_FRONT_LEFT__1535731281154799.jpg", "samples/CAM_FRONT/n008-2018-08-31-11-56-46-0400__CAM_FRONT__1535731281162404.jpg", "samples/CAM_FRONT_RIGHT/n008-2018-08-31-11-56-46-0400__CAM_FRONT_RIGHT__1535731281170482.jpg", "samples/CAM_BACK_LEFT/n008-2018-08-31-11-56-46-0400__CAM_BACK_LEFT__1535731281197405.jpg", "samples/CAM_BACK/n008-2018-08-31-11-56-46-0400__CAM_BACK__1535731281187558.jpg", "samples/CAM_BACK_RIGHT/n008-2018-08-31-11-56-46-0400__CAM_BACK_RIGHT__1535731281178113.jpg"], "intrinsics": [[[1257.8625342125129, 0.0, 827.2410631095686], [0.0, 1257.8625342125129, 450.915498205774], [0.0, 0.0, 1.0]], [[1252.8131021185304, 0.0, 826.588114781398], [0.0, 1252.8131021185304, 469.9846626224581], [0.0, 0.0, 1.0]], [[1256.7485116440405, 0.0, 817.7887570959712], [0.0, 1256.7485116440403, 451.9541780095127], [0.0, 0.0, 1.0]], [[1254.9860565800168, 0.0, 829.5769333630991], [0.0, 1254.9860565800168, 467.1680561863987], [0.0, 0.0, 1.0]], [[796.8910634503094, 0.0, 857.7774326863696], [0.0, 796.8910634503094, 476.8848988407415], [0.0, 0.0, 1.0]], [[1249.9629280788233, 0.0, 825.3768045375984], [0.0, 1249.9629280788233, 462.54816385708756], [0.0, 0.0, 1.0]]], "extrinsics": [[[0.8229318261146545, -0.5680153965950012, -0.011903061531484127, -0.7149658203125], [0.0011148260673508048, 0.022565320134162903, -0.9997447729110718, 1.4886481761932373], [0.5681390166282654, 0.8227084875106812, 0.019202958792448044, -1.13525390625], [0.0, 0.0, 0.0, 1.0]], [[0.010860447771847248, -0.9997725486755371, -0.018352502956986427, 0.01020050048828125], [0.0032016439363360405, 0.018388258293271065, -0.9998257756233215, 1.4810585975646973], [0.9999358654022217, 0.01079983077943325, 0.003400621237233281, -1.4456787109375], [0.0, 0.0, 0.0, 1.0]], [[-0.8437351584434509, -0.5365574955940247, -0.014729022979736328, 0.9036865234375], [0.011323554441332817, 0.009641670621931553, -0.9998893737792969, 1.495574951171875], [0.5366401672363281, -0.8438085913658142, -0.002059278544038534, -1.15655517578125], [0.0, 0.0, 0.0, 1.0]], [[0.9478614330291748, 0.3186402916908264, -0.0052100312896072865, -1.144287109375], [-0.013777730986475945, 0.02464040368795395, -0.999601423740387, 1.5620508193969727], [-0.31838488578796387, 0.947555422782898, 0.02774582803249359, -0.1558837890625], [0.0, 0.0, 0.0, 1.0]], [[0.009067182429134846, 0.99981290102005, 0.017083657905459404, -0.02881622314453125], [-0.011779292486608028, 0.01718996837735176, -0.9997828006744385, 1.5670928955078125], [-0.9998894929885864, 0.008864009752869606, 0.011932953260838985, -0.0367431640625], [0.0, 0.0, 0.0, 1.0]], [[-0.923895537853241, 0.3826133906841278, 0.004893251229077578, 1.0128173828125], [-0.00756347831338644, -0.005475048907101154, -0.9999564290046692, 1.5466127395629883], [-0.382569819688797, -0.9238923788070679, 0.007952260784804821, -0.103485107421875], [0.0, 0.0, 0.0, 1.0]]], "view": [[0.0, -2.0, 100.0], [-2.0, 0.0, 100.0], [0.0, 0.0, 1.0]], "bev": "bev_81db0b695db746e1ab0e88982ad204eb.png", "aux": "aux_81db0b695db746e1ab0e88982ad204eb.npz", "visibility": "visibility_81db0b695db746e1ab0e88982ad204eb.png", "pose": [[0.4905798137187958, -0.8713962435722351, 0.0, 462.311279296875], [0.8713962435722351, 0.4905798137187958, 0.0, 976.6814575195312], [0.0, 0.0, 1.0, 0.0], [0.0, 0.0, 0.0, 1.0]], "pose_inverse": [[0.4905798137187958, 0.8713962435722351, 0.0, -1077.877197265625], [-0.8713962435722351, 0.4905798137187958, 0.0, -76.28389739990234], [0.0, 0.0, 1.0, 0.0], [0.0, 0.0, 0.0, 1.0]], "cam_ids": [0, 1, 2, 3, 4, 5], "cam_channels": ["CAM_FRONT_LEFT", "CAM_FRONT", "CAM_FRONT_RIGHT", "CAM_BACK_LEFT", "CAM_BACK", "CAM_BACK_RIGHT"], "token": "81db0b695db746e1ab0e88982ad204eb", "scene": "scene-0394"}, {"images": ["samples/CAM_FRONT_LEFT/n008-2018-08-31-11-56-46-0400__CAM_FRONT_LEFT__1535731281654799.jpg", "samples/CAM_FRONT/n008-2018-08-31-11-56-46-0400__CAM_FRONT__1535731281662404.jpg", "samples/CAM_FRONT_RIGHT/n008-2018-08-31-11-56-46-0400__CAM_FRONT_RIGHT__1535731281670482.jpg", "samples/CAM_BACK_LEFT/n008-2018-08-31-11-56-46-0400__CAM_BACK_LEFT__1535731281697405.jpg", "samples/CAM_BACK/n008-2018-08-31-11-56-46-0400__CAM_BACK__1535731281687558.jpg", "samples/CAM_BACK_RIGHT/n008-2018-08-31-11-56-46-0400__CAM_BACK_RIGHT__1535731281678113.jpg"], "intrinsics": [[[1257.8625342125129, 0.0, 827.2410631095686], [0.0, 1257.8625342125129, 450.915498205774], [0.0, 0.0, 1.0]], [[1252.8131021185304, 0.0, 826.588114781398], [0.0, 1252.8131021185304, 469.9846626224581], [0.0, 0.0, 1.0]], [[1256.7485116440405, 0.0, 817.7887570959712], [0.0, 1256.7485116440403, 451.9541780095127], [0.0, 0.0, 1.0]], [[1254.9860565800168, 0.0, 829.5769333630991], [0.0, 1254.9860565800168, 467.1680561863987], [0.0, 0.0, 1.0]], [[796.8910634503094, 0.0, 857.7774326863696], [0.0, 796.8910634503094, 476.8848988407415], [0.0, 0.0, 1.0]], [[1249.9629280788233, 0.0, 825.3768045375984], [0.0, 1249.9629280788233, 462.54816385708756], [0.0, 0.0, 1.0]]], "extrinsics": [[[0.8226808309555054, -0.5683897137641907, -0.011375363916158676, -0.7193603515625], [0.0030446925666183233, 0.02441411092877388, -0.9996972680091858, 1.4893784523010254], [0.5684954524040222, 0.8223971128463745, 0.02181559056043625, -1.13482666015625], [0.0, 0.0, 0.0, 1.0]], [[0.010418583638966084, -0.9997358918190002, -0.020484276115894318, 0.0075836181640625], [0.005247686989605427, 0.020539771765470505, -0.9997752904891968, 1.4816837310791016], [0.9999319314956665, 0.010308737866580486, 0.0054602958261966705, -1.4486083984375], [0.0, 0.0, 0.0, 1.0]], [[-0.8439580798149109, -0.5361093878746033, -0.017931150272488594, 0.90399169921875], [0.013517268002033234, 0.012162032537162304, -0.9998346567153931, 1.4960651397705078], [0.5362388491630554, -0.8440608978271484, -0.003017511684447527, -1.15966796875], [0.0, 0.0, 0.0, 1.0]], [[0.9478209614753723, 0.31880250573158264, -0.000691136228851974, -1.1429443359375], [-0.01044820062816143, 0.028896303847432137, -0.9995278120040894, 1.562027931213379], [-0.31863197684288025, 0.947380542755127, 0.03071943297982216, -0.156585693359375], [0.0, 0.0, 0.0, 1.0]], [[0.009186779148876667, 0.9997438788414001, 0.020684408023953438, -0.0279083251953125], [-0.00882838573306799, 0.02076556533575058, -0.9997453689575195, 1.5673375129699707], [-0.9999188780784607, 0.009001788683235645, 0.009016893804073334, -0.038330078125], [0.0, 0.0, 0.0, 1.0]], [[-0.9237728118896484, 0.38292330503463745, 0.0036803907714784145, 1.013916015625], [-0.005022271536290646, -0.0025046912487596273, -0.9999842643737793, 1.5470118522644043], [-0.38290804624557495, -0.9237768054008484, 0.004236910492181778, -0.10498046875], [0.0, 0.0, 0.0, 1.0]]], "view": [[0.0, -2.0, 100.0], [-2.0, 0.0, 100.0], [0.0, 0.0, 1.0]], "bev": "bev_5ca2a54b5e9e41cfa513e3496a4d1807.png", "aux": "aux_5ca2a54b5e9e41cfa513e3496a4d1807.npz", "visibility": "visibility_5ca2a54b5e9e41cfa513e3496a4d1807.png", "pose": [[0.4973149299621582, -0.8675701022148132, 0.0, 464.3757019042969], [0.8675701022148132, 0.4973149299621582, 0.0, 980.2963256835938], [0.0, 0.0, 1.0, 0.0], [0.0, 0.0, 0.0, 1.0]], "pose_inverse": [[0.4973149299621582, 0.8675701022148132, 0.0, -1081.416748046875], [-0.8675701022148132, 0.4973149299621582, 0.0, -84.63752746582031], [0.0, 0.0, 1.0, 0.0], [0.0, 0.0, 0.0, 1.0]], "cam_ids": [0, 1, 2, 3, 4, 5], "cam_channels": ["CAM_FRONT_LEFT", "CAM_FRONT", "CAM_FRONT_RIGHT", "CAM_BACK_LEFT", "CAM_BACK", "CAM_BACK_RIGHT"], "token": "5ca2a54b5e9e41cfa513e3496a4d1807", "scene": "scene-0394"}, {"images": ["samples/CAM_FRONT_LEFT/n008-2018-08-31-11-56-46-0400__CAM_FRONT_LEFT__1535731282254799.jpg", "samples/CAM_FRONT/n008-2018-08-31-11-56-46-0400__CAM_FRONT__1535731282262404.jpg", "samples/CAM_FRONT_RIGHT/n008-2018-08-31-11-56-46-0400__CAM_FRONT_RIGHT__1535731282270482.jpg", "samples/CAM_BACK_LEFT/n008-2018-08-31-11-56-46-0400__CAM_BACK_LEFT__1535731282297405.jpg", "samples/CAM_BACK/n008-2018-08-31-11-56-46-0400__CAM_BACK__1535731282287558.jpg", "samples/CAM_BACK_RIGHT/n008-2018-08-31-11-56-46-0400__CAM_BACK_RIGHT__1535731282278113.jpg"], "intrinsics": [[[1257.8625342125129, 0.0, 827.2410631095686], [0.0, 1257.8625342125129, 450.915498205774], [0.0, 0.0, 1.0]], [[1252.8131021185304, 0.0, 826.588114781398], [0.0, 1252.8131021185304, 469.9846626224581], [0.0, 0.0, 1.0]], [[1256.7485116440405, 0.0, 817.7887570959712], [0.0, 1256.7485116440403, 451.9541780095127], [0.0, 0.0, 1.0]], [[1254.9860565800168, 0.0, 829.5769333630991], [0.0, 1254.9860565800168, 467.1680561863987], [0.0, 0.0, 1.0]], [[796.8910634503094, 0.0, 857.7774326863696], [0.0, 796.8910634503094, 476.8848988407415], [0.0, 0.0, 1.0]], [[1249.9629280788233, 0.0, 825.3768045375984], [0.0, 1249.9629280788233, 462.54816385708756], [0.0, 0.0, 1.0]]], "extrinsics": [[[0.8228175044059753, -0.5682669878005981, -0.006625483278185129, -0.70196533203125], [0.008927501738071442, 0.02458161488175392, -0.9996579885482788, 1.4914827346801758], [0.5682355165481567, 0.8224769234657288, 0.02529938891530037, -1.12799072265625], [0.0, 0.0, 0.0, 1.0]], [[0.01067370641976595, -0.9997381567955017, -0.020238429307937622, 0.011016845703125], [0.010914766229689121, 0.02035485953092575, -0.9997332096099854, 1.483449935913086], [0.9998833537101746, 0.010449932888150215, 0.011129168793559074, -1.4296875], [0.0, 0.0, 0.0, 1.0]], [[-0.8437784910202026, -0.5362327694892883, -0.0221839752048254, 0.88848876953125], [0.018951401114463806, 0.011539255268871784, -0.9997537732124329, 1.497610092163086], [0.5363567471504211, -0.843991219997406, 0.000425786420237273, -1.14739990234375], [0.0, 0.0, 0.0, 1.0]], [[0.9478654861450195, 0.31866371631622314, 0.0021041827276349068, -1.1234130859375], [-0.006584476679563522, 0.02618626318871975, -0.9996353983879089, 1.5618948936462402], [-0.31860265135765076, 0.9475059509277344, 0.0269192922860384, -0.163177490234375], [0.0, 0.0, 0.0, 1.0]], [[0.009050799533724785, 0.9997820854187012, 0.01880965754389763, -0.02858734130859375], [-0.004446858540177345, 0.018850484862923622, -0.9998124241828918, 1.5675976276397705], [-0.9999491572380066, 0.008965474553406239, 0.0046165031380951405, -0.0574951171875], [0.0, 0.0, 0.0, 1.0]], [[-0.9238148331642151, 0.3828374743461609, -0.0012818651739507914, 0.99530029296875], [-0.00013628965825773776, -0.003677183063700795, -0.9999932646751404, 1.547791838645935], [-0.38283953070640564, -0.9238083958625793, 0.0034492132253944874, -0.111083984375], [0.0, 0.0, 0.0, 1.0]]], "view": [[0.0, -2.0, 100.0], [-2.0, 0.0, 100.0], [0.0, 0.0, 1.0]], "bev": "bev_457b2336dc864b1d89970770c0b2e0a6.png", "aux": "aux_457b2336dc864b1d89970770c0b2e0a6.npz", "visibility": "visibility_457b2336dc864b1d89970770c0b2e0a6.png", "pose": [[0.4961249828338623, -0.8682510852813721, 0.0, 466.8701171875], [0.8682510852813721, 0.4961249828338623, 0.0, 984.6133422851562], [0.0, 0.0, 1.0, 0.0], [0.0, 0.0, 0.0, 1.0]], "pose_inverse": [[0.4961249828338623, 0.8682510852813721, 0.0, -1086.517578125], [-0.8682510852813721, 0.4961249828338623, 0.0, -83.13079071044922], [0.0, 0.0, 1.0, 0.0], [0.0, 0.0, 0.0, 1.0]], "cam_ids": [0, 1, 2, 3, 4, 5], "cam_channels": ["CAM_FRONT_LEFT", "CAM_FRONT", "CAM_FRONT_RIGHT", "CAM_BACK_LEFT", "CAM_BACK", "CAM_BACK_RIGHT"], "token": "457b2336dc864b1d89970770c0b2e0a6", "scene": "scene-0394"}, {"images": ["samples/CAM_FRONT_LEFT/n008-2018-08-31-11-56-46-0400__CAM_FRONT_LEFT__1535731282754799.jpg", "samples/CAM_FRONT/n008-2018-08-31-11-56-46-0400__CAM_FRONT__1535731282762404.jpg", "samples/CAM_FRONT_RIGHT/n008-2018-08-31-11-56-46-0400__CAM_FRONT_RIGHT__1535731282770482.jpg", "samples/CAM_BACK_LEFT/n008-2018-08-31-11-56-46-0400__CAM_BACK_LEFT__1535731282797405.jpg", "samples/CAM_BACK/n008-2018-08-31-11-56-46-0400__CAM_BACK__1535731282787558.jpg", "samples/CAM_BACK_RIGHT/n008-2018-08-31-11-56-46-0400__CAM_BACK_RIGHT__1535731282778113.jpg"], "intrinsics": [[[1257.8625342125129, 0.0, 827.2410631095686], [0.0, 1257.8625342125129, 450.915498205774], [0.0, 0.0, 1.0]], [[1252.8131021185304, 0.0, 826.588114781398], [0.0, 1252.8131021185304, 469.9846626224581], [0.0, 0.0, 1.0]], [[1256.7485116440405, 0.0, 817.7887570959712], [0.0, 1256.7485116440403, 451.9541780095127], [0.0, 0.0, 1.0]], [[1254.9860565800168, 0.0, 829.5769333630991], [0.0, 1254.9860565800168, 467.1680561863987], [0.0, 0.0, 1.0]], [[796.8910634503094, 0.0, 857.7774326863696], [0.0, 796.8910634503094, 476.8848988407415], [0.0, 0.0, 1.0]], [[1249.9629280788233, 0.0, 825.3768045375984], [0.0, 1249.9629280788233, 462.54816385708756], [0.0, 0.0, 1.0]]], "extrinsics": [[[0.8228822350502014, -0.5681627988815308, -0.007477353326976299, -0.68951416015625], [0.0019819019362330437, 0.016029294580221176, -0.9998695850372314, 1.489004135131836], [0.568208634853363, 0.8227600455284119, 0.014316263608634472, -1.118896484375], [0.0, 0.0, 0.0, 1.0]], [[0.010799639858305454, -0.9998728632926941, -0.011735285632312298, 0.01117706298828125], [0.003988858312368393, 0.011778955347836018, -0.9999226331710815, 1.4814090728759766], [0.9999337196350098, 0.01075198594480753, 0.004115559626370668, -1.4161376953125], [0.0, 0.0, 0.0, 1.0]], [[-0.8437471985816956, -0.5366111993789673, -0.01179572194814682, 0.879150390625], [0.012093400582671165, 0.002964968793094158, -0.9999224543571472, 1.4961128234863281], [0.5366045832633972, -0.8438244462013245, 0.003987770061939955, -1.140899658203125], [0.0, 0.0, 0.0, 1.0]], [[0.9478520154953003, 0.31864050030708313, -0.006704807281494141, -1.1331787109375], [-0.013080746866762638, 0.0178742166608572, -0.9997546672821045, 1.5618925094604492], [-0.3184424638748169, 0.9477071166038513, 0.02111016772687435, -0.159881591796875], [0.0, 0.0, 0.0, 1.0]], [[0.00904487818479538, 0.9999056458473206, 0.010336833074688911, -0.02870941162109375], [-0.011037486605346203, 0.010436457581818104, -0.9998846054077148, 1.56695556640625], [-0.9998981952667236, 0.008929738774895668, 0.011130843311548233, -0.05517578125], [0.0, 0.0, 0.0, 1.0]], [[-0.9238904118537903, 0.3826531171798706, 0.0017104367725551128, 0.9903564453125], [-0.00689940620213747, -0.012188657186925411, -0.9999018907546997, 1.546560287475586], [-0.3825947642326355, -0.9238116145133972, 0.013901063241064548, -0.11273193359375], [0.0, 0.0, 0.0, 1.0]]], "view": [[0.0, -2.0, 100.0], [-2.0, 0.0, 100.0], [0.0, 0.0, 1.0]], "bev": "bev_8de68b920c3d4c43901e222bbffb56c9.png", "aux": "aux_8de68b920c3d4c43901e222bbffb56c9.npz", "visibility": "visibility_8de68b920c3d4c43901e222bbffb56c9.png", "pose": [[0.4995802342891693, -0.8662676215171814, 0.0, 468.9609069824219], [0.8662676215171814, 0.4995802342891693, 0.0, 988.1945190429688], [0.0, 0.0, 1.0, 0.0], [0.0, 0.0, 0.0, 1.0]], "pose_inverse": [[0.4995802342891693, 0.8662676215171814, 0.0, -1090.324462890625], [-0.8662676215171814, 0.4995802342891693, 0.0, -87.43679809570312], [0.0, 0.0, 1.0, 0.0], [0.0, 0.0, 0.0, 1.0]], "cam_ids": [0, 1, 2, 3, 4, 5], "cam_channels": ["CAM_FRONT_LEFT", "CAM_FRONT", "CAM_FRONT_RIGHT", "CAM_BACK_LEFT", "CAM_BACK", "CAM_BACK_RIGHT"], "token": "8de68b920c3d4c43901e222bbffb56c9", "scene": "scene-0394"}, {"images": ["samples/CAM_FRONT_LEFT/n008-2018-08-31-11-56-46-0400__CAM_FRONT_LEFT__1535731283254799.jpg", "samples/CAM_FRONT/n008-2018-08-31-11-56-46-0400__CAM_FRONT__1535731283262404.jpg", "samples/CAM_FRONT_RIGHT/n008-2018-08-31-11-56-46-0400__CAM_FRONT_RIGHT__1535731283270482.jpg", "samples/CAM_BACK_LEFT/n008-2018-08-31-11-56-46-0400__CAM_BACK_LEFT__1535731283297405.jpg", "samples/CAM_BACK/n008-2018-08-31-11-56-46-0400__CAM_BACK__1535731283287558.jpg", "samples/CAM_BACK_RIGHT/n008-2018-08-31-11-56-46-0400__CAM_BACK_RIGHT__1535731283278113.jpg"], "intrinsics": [[[1257.8625342125129, 0.0, 827.2410631095686], [0.0, 1257.8625342125129, 450.915498205774], [0.0, 0.0, 1.0]], [[1252.8131021185304, 0.0, 826.588114781398], [0.0, 1252.8131021185304, 469.9846626224581], [0.0, 0.0, 1.0]], [[1256.7485116440405, 0.0, 817.7887570959712], [0.0, 1256.7485116440403, 451.9541780095127], [0.0, 0.0, 1.0]], [[1254.9860565800168, 0.0, 829.5769333630991], [0.0, 1254.9860565800168, 467.1680561863987], [0.0, 0.0, 1.0]], [[796.8910634503094, 0.0, 857.7774326863696], [0.0, 796.8910634503094, 476.8848988407415], [0.0, 0.0, 1.0]], [[1249.9629280788233, 0.0, 825.3768045375984], [0.0, 1249.9629280788233, 462.54816385708756], [0.0, 0.0, 1.0]]], "extrinsics": [[[0.822881817817688, -0.5681943297386169, -0.004543358460068703, -0.698974609375], [0.006539852358400822, 0.017466021701693535, -0.9998260736465454, 1.490626335144043], [0.5681748986244202, 0.8227089643478394, 0.018088379874825478, -1.12750244140625], [0.0, 0.0, 0.0, 1.0]], [[0.010810872539877892, -0.9998533129692078, -0.013283935375511646, 0.01271820068359375], [0.008381498977541924, 0.013374852947890759, -0.9998754262924194, 1.4826898574829102], [0.9999063611030579, 0.010698210448026657, 0.008524863049387932, -1.42724609375], [0.0, 0.0, 0.0, 1.0]], [[-0.8437088131904602, -0.5365538597106934, -0.01628611609339714, 0.8876953125], [0.01628715731203556, 0.0047379289753735065, -0.9998560547828674, 1.4970073699951172], [0.5365538597106934, -0.843852698802948, 0.00474150525406003, -1.14447021484375], [0.0, 0.0, 0.0, 1.0]], [[0.9478654265403748, 0.3186616599559784, -0.002402019686996937, -1.1298828125], [-0.009242299944162369, 0.019955391064286232, -0.9997581839561462, 1.5619001388549805], [-0.3185366690158844, 0.947658360004425, 0.021860195323824883, -0.161041259765625], [0.0, 0.0, 0.0, 1.0]], [[0.009011699818074703, 0.999883234500885, 0.012336221523582935, -0.0294647216796875], [-0.007051380351185799, 0.012399958446621895, -0.9998982548713684, 1.5673503875732422], [-0.9999345541000366, 0.008923794142901897, 0.007162302732467651, -0.053955078125], [0.0, 0.0, 0.0, 1.0]], [[-0.9238798022270203, 0.3826802372932434, -0.001365792122669518, 0.99505615234375], [-0.0027963530737906694, -0.010319868102669716, -0.9999428391456604, 1.5473401546478271], [-0.38267236948013306, -0.9238232374191284, 0.010604427196085453, -0.10955810546875], [0.0, 0.0, 0.0, 1.0]]], "view": [[0.0, -2.0, 100.0], [-2.0, 0.0, 100.0], [0.0, 0.0, 1.0]], "bev": "bev_7c86fda244d14511924ff836668b8fa3.png", "aux": "aux_7c86fda244d14511924ff836668b8fa3.npz", "visibility": "visibility_7c86fda244d14511924ff836668b8fa3.png", "pose": [[0.5021986961364746, -0.8647522330284119, 0.0, 471.0962219238281], [0.8647522330284119, 0.5021986961364746, 0.0, 991.8148193359375], [0.0, 0.0, 1.0, 0.0], [0.0, 0.0, 0.0, 1.0]], "pose_inverse": [[0.5021986961364746, 0.8647522330284119, 0.0, -1094.258056640625], [-0.8647522330284119, 0.5021986961364746, 0.0, -90.70658111572266], [0.0, 0.0, 1.0, 0.0], [0.0, 0.0, 0.0, 1.0]], "cam_ids": [0, 1, 2, 3, 4, 5], "cam_channels": ["CAM_FRONT_LEFT", "CAM_FRONT", "CAM_FRONT_RIGHT", "CAM_BACK_LEFT", "CAM_BACK", "CAM_BACK_RIGHT"], "token": "7c86fda244d14511924ff836668b8fa3", "scene": "scene-0394"}, {"images": ["samples/CAM_FRONT_LEFT/n008-2018-08-31-11-56-46-0400__CAM_FRONT_LEFT__1535731283754799.jpg", "samples/CAM_FRONT/n008-2018-08-31-11-56-46-0400__CAM_FRONT__1535731283762404.jpg", "samples/CAM_FRONT_RIGHT/n008-2018-08-31-11-56-46-0400__CAM_FRONT_RIGHT__1535731283770482.jpg", "samples/CAM_BACK_LEFT/n008-2018-08-31-11-56-46-0400__CAM_BACK_LEFT__1535731283797405.jpg", "samples/CAM_BACK/n008-2018-08-31-11-56-46-0400__CAM_BACK__1535731283787558.jpg", "samples/CAM_BACK_RIGHT/n008-2018-08-31-11-56-46-0400__CAM_BACK_RIGHT__1535731283778113.jpg"], "intrinsics": [[[1257.8625342125129, 0.0, 827.2410631095686], [0.0, 1257.8625342125129, 450.915498205774], [0.0, 0.0, 1.0]], [[1252.8131021185304, 0.0, 826.588114781398], [0.0, 1252.8131021185304, 469.9846626224581], [0.0, 0.0, 1.0]], [[1256.7485116440405, 0.0, 817.7887570959712], [0.0, 1256.7485116440403, 451.9541780095127], [0.0, 0.0, 1.0]], [[1254.9860565800168, 0.0, 829.5769333630991], [0.0, 1254.9860565800168, 467.1680561863987], [0.0, 0.0, 1.0]], [[796.8910634503094, 0.0, 857.7774326863696], [0.0, 796.8910634503094, 476.8848988407415], [0.0, 0.0, 1.0]], [[1249.9629280788233, 0.0, 825.3768045375984], [0.0, 1249.9629280788233, 462.54816385708756], [0.0, 0.0, 1.0]]], "extrinsics": [[[0.8224660158157349, -0.5687682032585144, -0.007237792946398258, -0.70098876953125], [0.002241663169115782, 0.015965281054377556, -0.9998700022697449, 1.4890367984771729], [0.5688098669052124, 0.8223428726196289, 0.014405886642634869, -1.12908935546875], [0.0, 0.0, 0.0, 1.0]], [[0.010119735263288021, -0.9998784065246582, -0.011870921589434147, 0.01253509521484375], [0.0041190264746546745, 0.011913112364709377, -0.9999205470085144, 1.4813661575317383], [0.9999403357505798, 0.010070035234093666, 0.004239083733409643, -1.431396484375], [0.0, 0.0, 0.0, 1.0]], [[-0.8440821766853333, -0.5360803008079529, -0.011964241042733192, 0.892578125], [0.012074665166437626, 0.003304156009107828, -0.9999216198921204, 1.4959182739257812], [0.5360777974128723, -0.8441606163978577, 0.0036840105894953012, -1.14801025390625], [0.0, 0.0, 0.0, 1.0]], [[0.9478515386581421, 0.3186419606208801, -0.006700023077428341, -1.1314697265625], [-0.013327359221875668, 0.018623067066073418, -0.9997377395629883, 1.561859130859375], [-0.31843364238739014, 0.9476921558380127, 0.021898558363318443, -0.160675048828125], [0.0, 0.0, 0.0, 1.0]], [[0.00929625891149044, 0.9998967051