[{"images": ["samples/CAM_FRONT_LEFT/n015-2018-07-18-11-50-34+0800__CAM_FRONT_LEFT__1531885862504844.jpg", "samples/CAM_FRONT/n015-2018-07-18-11-50-34+0800__CAM_FRONT__1531885862512476.jpg", "samples/CAM_FRONT_RIGHT/n015-2018-07-18-11-50-34+0800__CAM_FRONT_RIGHT__1531885862520339.jpg", "samples/CAM_BACK_LEFT/n015-2018-07-18-11-50-34+0800__CAM_BACK_LEFT__1531885862547423.jpg", "samples/CAM_BACK/n015-2018-07-18-11-50-34+0800__CAM_BACK__1531885862537525.jpg", "samples/CAM_BACK_RIGHT/n015-2018-07-18-11-50-34+0800__CAM_BACK_RIGHT__1531885862527893.jpg"], "intrinsics": [[[1272.5979470598488, 0.0, 826.6154927353808], [0.0, 1272.5979470598488, 479.75165386361925], [0.0, 0.0, 1.0]], [[1266.417203046554, 0.0, 816.2670197447984], [0.0, 1266.417203046554, 491.50706579294757], [0.0, 0.0, 1.0]], [[1260.8474446004698, 0.0, 807.968244525554], [0.0, 1260.8474446004698, 495.3344268742088], [0.0, 0.0, 1.0]], [[1256.7414812095406, 0.0, 792.1125740759628], [0.0, 1256.7414812095406, 492.7757465151356], [0.0, 0.0, 1.0]], [[809.2209905677063, 0.0, 829.2196003259838], [0.0, 809.2209905677063, 481.77842384512485], [0.0, 0.0, 1.0]], [[1259.5137405846733, 0.0, 807.2529053838625], [0.0, 1259.5137405846733, 501.19579884916527], [0.0, 0.0, 1.0]]], "extrinsics": [[[0.8145435452461243, -0.5796632170677185, 0.022569598630070686, -0.8416748046875], [-0.0008864260744303465, -0.04014990106225014, -0.9991932511329651, 1.5081863403320312], [0.580101728439331, 0.813866376876831, -0.033217672258615494, -1.19482421875], [0.0, 0.0, 0.0, 1.0]], [[-0.0032852122094482183, -0.9990062117576599, 0.04444817453622818, 0.006103515625], [-0.006025136448442936, -0.04442783445119858, -0.9989944100379944, 1.5198516845703125], [0.9999764561653137, -0.003549664281308651, -0.005873196292668581, -1.5676498413085938], [0.0, 0.0, 0.0, 1.0]], [[-0.8368576765060425, -0.5472114682197571, 0.01512667816132307, 0.95062255859375], [-5.028972736909054e-05, -0.027555793523788452, -0.9996201992034912, 1.5036697387695312], [0.5474205017089844, -0.8365406394004822, 0.023032762110233307, -1.19384765625], [0.0, 0.0, 0.0, 1.0]], [[0.9480761885643005, 0.31786513328552246, -0.010642590001225471, -1.13427734375], [0.008539561182260513, -0.05889253690838814, -0.9982277750968933, 1.5886306762695312], [-0.31792858242988586, 0.9463050961494446, -0.05854904651641846, -0.1065673828125], [0.0, 0.0, 0.0, 1.0]], [[0.005620067473500967, 0.9988067746162415, -0.04851365089416504, 0.002685546875], [-0.01689511351287365, -0.04841264709830284, -0.9986845254898071, 1.5786819458007812], [-0.9998413920402527, 0.006432348862290382, 0.01660286821424961, -0.0392608642578125], [0.0, 0.0, 0.0, 1.0]], [[-0.9328644275665283, 0.35926052927970886, -0.026376428082585335, 1.067718505859375], [0.01559574156999588, -0.03287377208471298, -0.9993378520011902, 1.5526123046875], [-0.3598897159099579, -0.9326581358909607, 0.02506384067237377, -0.08935546875], [0.0, 0.0, 0.0, 1.0]]], "view": [[0.0, -2.0, 100.0], [-2.0, 0.0, 100.0], [0.0, 0.0, 1.0]], "bev": "bev_b7d39e03124a49c69083bb6b8b23ce38.png", "aux": "aux_b7d39e03124a49c69083bb6b8b23ce38.npz", "visibility": "visibility_b7d39e03124a49c69083bb6b8b23ce38.png", "pose": [[0.8783603310585022, 0.4779990613460541, 0.0, 478.5747985839844], [-0.4779990613460541, 0.8783603310585022, 0.0, 1079.6064453125], [0.0, 0.0, 1.0, 0.0], [0.0, 0.0, 0.0, 1.0]], "pose_inverse": [[0.8783603310585022, -0.4779990613460541, 0.0, 95.68973541259766], [0.4779990613460541, 0.8783603310585022, 0.0, -1177.041748046875], [0.0, 0.0, 1.0, 0.0], [0.0, 0.0, 0.0, 1.0]], "cam_ids": [0, 1, 2, 3, 4, 5], "cam_channels": ["CAM_FRONT_LEFT", "CAM_FRONT", "CAM_FRONT_RIGHT", "CAM_BACK_LEFT", "CAM_BACK", "CAM_BACK_RIGHT"], "token": "b7d39e03124a49c69083bb6b8b23ce38", "scene": "scene-0019"}, {"images": ["samples/CAM_FRONT_LEFT/n015-2018-07-18-11-50-34+0800__CAM_FRONT_LEFT__1531885863004844.jpg", "samples/CAM_FRONT/n015-2018-07-18-11-50-34+0800__CAM_FRONT__1531885863012466.jpg", "samples/CAM_FRONT_RIGHT/n015-2018-07-18-11-50-34+0800__CAM_FRONT_RIGHT__1531885863020341.jpg", "samples/CAM_BACK_LEFT/n015-2018-07-18-11-50-34+0800__CAM_BACK_LEFT__1531885863047423.jpg", "samples/CAM_BACK/n015-2018-07-18-11-50-34+0800__CAM_BACK__1531885863037525.jpg", "samples/CAM_BACK_RIGHT/n015-2018-07-18-11-50-34+0800__CAM_BACK_RIGHT__1531885863027893.jpg"], "intrinsics": [[[1272.5979470598488, 0.0, 826.6154927353808], [0.0, 1272.5979470598488, 479.75165386361925], [0.0, 0.0, 1.0]], [[1266.417203046554, 0.0, 816.2670197447984], [0.0, 1266.417203046554, 491.50706579294757], [0.0, 0.0, 1.0]], [[1260.8474446004698, 0.0, 807.968244525554], [0.0, 1260.8474446004698, 495.3344268742088], [0.0, 0.0, 1.0]], [[1256.7414812095406, 0.0, 792.1125740759628], [0.0, 1256.7414812095406, 492.7757465151356], [0.0, 0.0, 1.0]], [[809.2209905677063, 0.0, 829.2196003259838], [0.0, 809.2209905677063, 481.77842384512485], [0.0, 0.0, 1.0]], [[1259.5137405846733, 0.0, 807.2529053838625], [0.0, 1259.5137405846733, 501.19579884916527], [0.0, 0.0, 1.0]]], "extrinsics": [[[0.8183014392852783, -0.5741429924964905, 0.027250006794929504, -0.82281494140625], [-0.0006614096346311271, -0.04834921658039093, -0.998830258846283, 1.5081863403320312], [0.5747889280319214, 0.8173262476921082, -0.03994397819042206, -1.18157958984375], [0.0, 0.0, 0.0, 1.0]], [[0.0020597646944224834, -0.9986255168914795, 0.052372340112924576, 0.0059814453125], [-0.005909178871661425, -0.05238369107246399, -0.9986095428466797, 1.5197372436523438], [0.9999803900718689, 0.0017473888583481312, -0.006008954718708992, -1.5485801696777344], [0.0, 0.0, 0.0, 1.0]], [[-0.8345902562141418, -0.5505247712135315, 0.019533639773726463, 0.9381103515625], [-0.0001666825555730611, -0.03520716354250908, -0.9993799924850464, 1.5036506652832031], [0.5508711934089661, -0.8340760469436646, 0.029291793704032898, -1.18585205078125], [0.0, 0.0, 0.0, 1.0]], [[0.9479885101318359, 0.31804147362709045, -0.01293574832379818, -1.13360595703125], [0.00835314579308033, -0.06548270583152771, -0.9978187680244446, 1.5886306762695312], [-0.31819480657577515, 0.9458126425743103, -0.06473350524902344, -0.1065673828125], [0.0, 0.0, 0.0, 1.0]], [[0.0040014018304646015, 0.9984488487243652, -0.05553310364484787, 0.0028076171875], [-0.01690756343305111, -0.055458057671785355, -0.9983178377151489, 1.5785675048828125], [-0.9998490214347839, 0.004933609627187252, 0.01665942370891571, -0.0453338623046875], [0.0, 0.0, 0.0, 1.0]], [[-0.9339185953140259, 0.35630106925964355, -0.029077073559165, 1.057373046875], [0.01575963944196701, -0.040223587304353714, -0.9990664124488831, 1.5527915954589844], [-0.357138067483902, -0.9335050582885742, 0.03195038065314293, -0.093505859375], [0.0, 0.0, 0.0, 1.0]]], "view": [[0.0, -2.0, 100.0], [-2.0, 0.0, 100.0], [0.0, 0.0, 1.0]], "bev": "bev_d8a9c9c7ef7e4f9cbc03f48f94b57370.png", "aux": "aux_d8a9c9c7ef7e4f9cbc03f48f94b57370.npz", "visibility": "visibility_d8a9c9c7ef7e4f9cbc03f48f94b57370.png", "pose": [[0.908349871635437, 0.41821104288101196, 0.0, 480.1478271484375], [-0.41821104288101196, 0.908349871635437, 0.0, 1078.818359375], [0.0, 0.0, 1.0, 0.0], [0.0, 0.0, 0.0, 1.0]], "pose_inverse": [[0.908349871635437, -0.41821104288101196, 0.0, 15.031525611877441], [0.41821104288101196, 0.908349871635437, 0.0, -1180.7476806640625], [0.0, 0.0, 1.0, 0.0], [0.0, 0.0, 0.0, 1.0]], "cam_ids": [0, 1, 2, 3, 4, 5], "cam_channels": ["CAM_FRONT_LEFT", "CAM_FRONT", "CAM_FRONT_RIGHT", "CAM_BACK_LEFT", "CAM_BACK", "CAM_BACK_RIGHT"], "token": "d8a9c9c7ef7e4f9cbc03f48f94b57370", "scene": "scene-0019"}, {"images": ["samples/CAM_FRONT_LEFT/n015-2018-07-18-11-50-34+0800__CAM_FRONT_LEFT__1531885863504844.jpg", "samples/CAM_FRONT/n015-2018-07-18-11-50-34+0800__CAM_FRONT__1531885863512469.jpg", "samples/CAM_FRONT_RIGHT/n015-2018-07-18-11-50-34+0800__CAM_FRONT_RIGHT__1531885863520339.jpg", "samples/CAM_BACK_LEFT/n015-2018-07-18-11-50-34+0800__CAM_BACK_LEFT__1531885863547423.jpg", "samples/CAM_BACK/n015-2018-07-18-11-50-34+0800__CAM_BACK__1531885863537525.jpg", "samples/CAM_BACK_RIGHT/n015-2018-07-18-11-50-34+0800__CAM_BACK_RIGHT__1531885863527893.jpg"], "intrinsics": [[[1272.5979470598488, 0.0, 826.6154927353808], [0.0, 1272.5979470598488, 479.75165386361925], [0.0, 0.0, 1.0]], [[1266.417203046554, 0.0, 816.2670197447984], [0.0, 1266.417203046554, 491.50706579294757], [0.0, 0.0, 1.0]], [[1260.8474446004698, 0.0, 807.968244525554], [0.0, 1260.8474446004698, 495.3344268742088], [0.0, 0.0, 1.0]], [[1256.7414812095406, 0.0, 792.1125740759628], [0.0, 1256.7414812095406, 492.7757465151356], [0.0, 0.0, 1.0]], [[809.2209905677063, 0.0, 829.2196003259838], [0.0, 809.2209905677063, 481.77842384512485], [0.0, 0.0, 1.0]], [[1259.5137405846733, 0.0, 807.2529053838625], [0.0, 1259.5137405846733, 501.19579884916527], [0.0, 0.0, 1.0]]], "extrinsics": [[[0.8196699023246765, -0.5723194479942322, 0.02432691678404808, -0.81103515625], [-0.0047475602477788925, -0.0492531843483448, -0.998775064945221, 1.5074348449707031], [0.5728164911270142, 0.8185503482818604, -0.04308847337961197, -1.1744384765625], [0.0, 0.0, 0.0, 1.0]], [[0.00407044030725956, -0.99857097864151, 0.05328473448753357, 0.0069580078125], [-0.010097640566527843, -0.05332350358366966, -0.9985262751579285, 1.5190277099609375], [0.999940812587738, 0.003526412881910801, -0.01030026189982891, -1.5371551513671875], [0.0, 0.0, 0.0, 1.0]], [[-0.8337110877037048, -0.5516914129257202, 0.02371666580438614, 0.9306640625], [-0.004495991859585047, -0.03616614267230034, -0.9993356466293335, 1.5031280517578125], [0.552182674407959, -0.8332638144493103, 0.027671711519360542, -1.1802978515625], [0.0, 0.0, 0.0, 1.0]], [[0.9479313492774963, 0.31799811124801636, -0.017418967559933662, -1.13525390625], [0.003996935673058033, -0.06656961888074875, -0.9977737069129944, 1.588592529296875], [-0.3184497356414795, 0.9457513689994812, -0.06437443941831589, -0.106201171875], [0.0, 0.0, 0.0, 1.0]], [[0.0032144358847290277, 0.9983929395675659, -0.0565803237259388, 0.002685546875], [-0.02135615423321724, -0.0564991720020771, -0.998174250125885, 1.5783157348632812], [-0.9997667670249939, 0.004416919779032469, 0.021140215918421745, -0.04788780212402344], [0.0, 0.0, 0.0, 1.0]], [[-0.9344226717948914, 0.35526973009109497, -0.02525336667895317, 1.050811767578125], [0.011336706578731537, -0.04119975492358208, -0.9990866184234619, 1.5525131225585938], [-0.35598576068878174, -0.9338554739952087, 0.034470394253730774, -0.0953369140625], [0.0, 0.0, 0.0, 1.0]]], "view": [[0.0, -2.0, 100.0], [-2.0, 0.0, 100.0], [0.0, 0.0, 1.0]], "bev": "bev_41eadff98d2649a19ba268504820c389.png", "aux": "aux_41eadff98d2649a19ba268504820c389.npz", "visibility": "visibility_41eadff98d2649a19ba268504820c389.png", "pose": [[0.9176340103149414, 0.3974265456199646, 0.0, 481.9470520019531], [-0.3974265456199646, 0.9176340103149414, 0.0, 1078.007080078125], [0.0, 0.0, 1.0, 0.0], [0.0, 0.0, 0.0, 1.0]], "pose_inverse": [[0.9176340103149414, -0.3974265456199646, 0.0, -13.822351455688477], [0.3974265456199646, 0.9176340103149414, 0.0, -1180.7545166015625], [0.0, 0.0, 1.0, 0.0], [0.0, 0.0, 0.0, 1.0]], "cam_ids": [0, 1, 2, 3, 4, 5], "cam_channels": ["CAM_FRONT_LEFT", "CAM_FRONT", "CAM_FRONT_RIGHT", "CAM_BACK_LEFT", "CAM_BACK", "CAM_BACK_RIGHT"], "token": "41eadff98d2649a19ba268504820c389", "scene": "scene-0019"}, {"images": ["samples/CAM_FRONT_LEFT/n015-2018-07-18-11-50-34+0800__CAM_FRONT_LEFT__1531885864004844.jpg", "samples/CAM_FRONT/n015-2018-07-18-11-50-34+0800__CAM_FRONT__1531885864012464.jpg", "samples/CAM_FRONT_RIGHT/n015-2018-07-18-11-50-34+0800__CAM_FRONT_RIGHT__1531885864020339.jpg", "samples/CAM_BACK_LEFT/n015-2018-07-18-11-50-34+0800__CAM_BACK_LEFT__1531885864047423.jpg", "samples/CAM_BACK/n015-2018-07-18-11-50-34+0800__CAM_BACK__1531885864037525.jpg", "samples/CAM_BACK_RIGHT/n015-2018-07-18-11-50-34+0800__CAM_BACK_RIGHT__1531885864027904.jpg"], "intrinsics": [[[1272.5979470598488, 0.0, 826.6154927353808], [0.0, 1272.5979470598488, 479.75165386361925], [0.0, 0.0, 1.0]], [[1266.417203046554, 0.0, 816.2670197447984], [0.0, 1266.417203046554, 491.50706579294757], [0.0, 0.0, 1.0]], [[1260.8474446004698, 0.0, 807.968244525554], [0.0, 1260.8474446004698, 495.3344268742088], [0.0, 0.0, 1.0]], [[1256.7414812095406, 0.0, 792.1125740759628], [0.0, 1256.7414812095406, 492.7757465151356], [0.0, 0.0, 1.0]], [[809.2209905677063, 0.0, 829.2196003259838], [0.0, 809.2209905677063, 481.77842384512485], [0.0, 0.0, 1.0]], [[1259.5137405846733, 0.0, 807.2529053838625], [0.0, 1259.5137405846733, 501.19579884916527], [0.0, 0.0, 1.0]]], "extrinsics": [[[0.8195701241493225, -0.5725038647651672, 0.023325040936470032, -0.80712890625], [-0.005550954025238752, -0.048639796674251556, -0.9988009333610535, 1.5072288513183594], [0.5729519128799438, 0.8184579610824585, -0.043041665107011795, -1.1710205078125], [0.0, 0.0, 0.0, 1.0]], [[0.003895615227520466, -0.9986065626144409, 0.05262693017721176, 0.00634765625], [-0.010828149504959583, -0.05266636982560158, -0.9985535144805908, 1.5188560485839844], [0.9999337792396545, 0.0033201768528670073, -0.011018230579793453, -1.5339012145996094], [0.0, 0.0, 0.0, 1.0]], [[-0.8338170051574707, -0.5515246987342834, 0.02386646158993244, 0.92938232421875], [-0.005147232208400965, -0.03546401485800743, -0.9993576407432556, 1.5030250549316406], [0.5520167946815491, -0.8334043025970459, 0.02673167549073696, -1.17987060546875], [0.0, 0.0, 0.0, 1.0]], [[0.9479165077209473, 0.31803303956985474, -0.01759079098701477, -1.137969970703125], [0.0034803426824510098, -0.06556522101163864, -0.9978422522544861, 1.5885696411132812], [-0.3185001313686371, 0.9458098411560059, -0.06325721740722656, -0.1051025390625], [0.0, 0.0, 0.0, 1.0]], [[0.0032996549271047115, 0.9984408020973206, -0.05572343245148659, 0.002685546875], [-0.021907329559326172, -0.05563819035887718, -0.998210608959198, 1.5783157348632812], [-0.9997545480728149, 0.0045145307667553425, 0.021689580753445625, -0.046283721923828125], [0.0, 0.0, 0.0, 1.0]], [[-0.9343568682670593, 0.3554997742176056, -0.024437561631202698, 1.051422119140625], [0.010740677826106548, -0.040451571345329285, -0.999123752117157, 1.5524368286132812], [-0.35617685317993164, -0.9338006377220154, 0.03397789224982262, -0.0955810546875], [0.0, 0.0, 0.0, 1.0]]], "view": [[0.0, -2.0, 100.0], [-2.0, 0.0, 100.0], [0.0, 0.0, 1.0]], "bev": "bev_eea47cb542c6477a868e0de45c9b02c4.png", "aux": "aux_eea47cb542c6477a868e0de45c9b02c4.npz", "visibility": "visibility_eea47cb542c6477a868e0de45c9b02c4.png", "pose": [[0.9249624013900757, 0.3800586462020874, 0.0, 483.9552917480469], [-0.3800586462020874, 0.9249624013900757, 0.0, 1077.1490478515625], [0.0, 0.0, 1.0, 0.0], [0.0, 0.0, 0.0, 1.0]], "pose_inverse": [[0.9249624013900757, -0.3800586462020874, 0.0, -38.26064682006836], [0.3800586462020874, 0.9249624013900757, 0.0, -1180.2537841796875], [0.0, 0.0, 1.0, 0.0], [0.0, 0.0, 0.0, 1.0]], "cam_ids": [0, 1, 2, 3, 4, 5], "cam_channels": ["CAM_FRONT_LEFT", "CAM_FRONT", "CAM_FRONT_RIGHT", "CAM_BACK_LEFT", "CAM_BACK", "CAM_BACK_RIGHT"], "token": "eea47cb542c6477a868e0de45c9b02c4", "scene": "scene-0019"}, {"images": ["samples/CAM_FRONT_LEFT/n015-2018-07-18-11-50-34+0800__CAM_FRONT_LEFT__1531885864504844.jpg", "samples/CAM_FRONT/n015-2018-07-18-11-50-34+0800__CAM_FRONT__1531885864512464.jpg", "samples/CAM_FRONT_RIGHT/n015-2018-07-18-11-50-34+0800__CAM_FRONT_RIGHT__1531885864520339.jpg", "samples/CAM_BACK_LEFT/n015-2018-07-18-11-50-34+0800__CAM_BACK_LEFT__1531885864547423.jpg", "samples/CAM_BACK/n015-2018-07-18-11-50-34+0800__CAM_BACK__1531885864537525.jpg", "samples/CAM_BACK_RIGHT/n015-2018-07-18-11-50-34+0800__CAM_BACK_RIGHT__1531885864527893.jpg"], "intrinsics": [[[1272.5979470598488, 0.0, 826.6154927353808], [0.0, 1272.5979470598488, 479.75165386361925], [0.0, 0.0, 1.0]], [[1266.417203046554, 0.0, 816.2670197447984], [0.0, 1266.417203046554, 491.50706579294757], [0.0, 0.0, 1.0]], [[1260.8474446004698, 0.0, 807.968244525554], [0.0, 1260.8474446004698, 495.3344268742088], [0.0, 0.0, 1.0]], [[1256.7414812095406, 0.0, 792.1125740759628], [0.0, 1256.7414812095406, 492.7757465151356], [0.0, 0.0, 1.0]], [[809.2209905677063, 0.0, 829.2196003259838], [0.0, 809.2209905677063, 481.77842384512485], [0.0, 0.0, 1.0]], [[1259.5137405846733, 0.0, 807.2529053838625], [0.0, 1259.5137405846733, 501.19579884916527], [0.0, 0.0, 1.0]]], "extrinsics": [[[0.8196684718132019, -0.5725159049034119, 0.019214939326047897, -0.8050537109375], [-0.009834740310907364, -0.04760296642780304, -0.9988179206848145, 1.5063705444335938], [0.5727537870407104, 0.8185105323791504, -0.044649191200733185, -1.16943359375], [0.0, 0.0, 0.0, 1.0]], [[0.004130430519580841, -0.9986635446548462, 0.05151793360710144, 0.0062255859375], [-0.01502812560647726, -0.051574550569057465, -0.9985560774803162, 1.5181617736816406], [0.999878466129303, 0.0033502320293337107, -0.0152210658416152, -1.5322189331054688], [0.0, 0.0, 0.0, 1.0]], [[-0.8337110280990601, -0.5515564680099487, 0.026668766513466835, 0.92877197265625], [-0.00926599558442831, -0.034315165132284164, -0.9993680715560913, 1.5025062561035156], [0.5521231293678284, -0.8334314227104187, 0.023498214781284332, -1.1795654296875], [0.0, 0.0, 0.0, 1.0]], [[0.9478761553764343, 0.3179571032524109, -0.02083214744925499, -1.14068603515625], [-0.0002364531101193279, -0.06467664986848831, -0.9979062080383301, 1.58856201171875], [-0.31863877177238464, 0.945896565914154, -0.06123027205467224, -0.104248046875], [0.0, 0.0, 0.0, 1.0]], [[0.003134054597467184, 0.998500406742096, -0.05465582385659218, 0.0028076171875], [-0.025788789615035057, -0.05455721169710159, -0.9981775879859924, 1.5781631469726562], [-0.9996625185012817, 0.004537868779152632, 0.02557913400232792, -0.04473114013671875], [0.0, 0.0, 0.0, 1.0]], [[-0.9344435930252075, 0.35553431510925293, -0.020260123535990715, 1.051605224609375], [0.006721157114952803, -0.0392746739089489, -0.9992058277130127, 1.5520668029785156], [-0.35604768991470337, -0.9338377118110657, 0.03431036323308945, -0.095458984375], [0.0, 0.0, 0.0, 1.0]]], "view": [[0.0, -2.0, 100.0], [-2.0, 0.0, 100.0], [0.0, 0.0, 1.0]], "bev": "bev_7db6aa626fe641afbd555caa132c0cb0.png", "aux": "aux_7db6aa626fe641afbd555caa132c0cb0.npz", "visibility": "visibility_7db6aa626fe641afbd555caa132c0cb0.png", "pose": [[0.9315393567085266, 0.36364054679870605, 0.0, 486.0438232421875], [-0.36364054679870605, 0.9315393567085266, 0.0, 1076.3023681640625], [0.0, 0.0, 1.0, 0.0], [0.0, 0.0, 0.0, 1.0]], "pose_inverse": [[0.9315393567085266, -0.36364054679870605, 0.0, -61.38175582885742], [0.36364054679870605, 0.9315393567085266, 0.0, -1179.36328125], [0.0, 0.0, 1.0, 0.0], [0.0, 0.0, 0.0, 1.0]], "cam_ids": [0, 1, 2, 3, 4, 5], "cam_channels": ["CAM_FRONT_LEFT", "CAM_FRONT", "CAM_FRONT_RIGHT", "CAM_BACK_LEFT", "CAM_BACK", "CAM_BACK_RIGHT"], "token": "7db6aa626fe641afbd555caa132c0cb0", "scene": "scene-0019"}, {"images": ["samples/CAM_FRONT_LEFT/n015-2018-07-18-11-50-34+0800__CAM_FRONT_LEFT__1531885865004844.jpg", "samples/CAM_FRONT/n015-2018-07-18-11-50-34+0800__CAM_FRONT__1531885865012472.jpg", "samples/CAM_FRONT_RIGHT/n015-2018-07-18-11-50-34+0800__CAM_FRONT_RIGHT__1531885865020339.jpg", "samples/CAM_BACK_LEFT/n015-2018-07-18-11-50-34+0800__CAM_BACK_LEFT__1531885865047423.jpg", "samples/CAM_BACK/n015-2018-07-18-11-50-34+0800__CAM_BACK__1531885865037525.jpg", "samples/CAM_BACK_RIGHT/n015-2018-07-18-11-50-34+0800__CAM_BACK_RIGHT__1531885865027893.jpg"], "intrinsics": [[[1272.5979470598488, 0.0, 826.6154927353808], [0.0, 1272.5979470598488, 479.75165386361925], [0.0, 0.0, 1.0]], [[1266.417203046554, 0.0, 816.2670197447984], [0.0, 1266.417203046554, 491.50706579294757], [0.0, 0.0, 1.0]], [[1260.8474446004698, 0.0, 807.968244525554], [0.0, 1260.8474446004698, 495.3344268742088], [0.0, 0.0, 1.0]], [[1256.7414812095406, 0.0, 792.1125740759628], [0.0, 1256.7414812095406, 492.7757465151356], [0.0, 0.0, 1.0]], [[809.2209905677063, 0.0, 829.2196003259838], [0.0, 809.2209905677063, 481.77842384512485], [0.0, 0.0, 1.0]], [[1259.5137405846733, 0.0, 807.2529053838625], [0.0, 1259.5137405846733, 501.19579884916527], [0.0, 0.0, 1.0]]], "extrinsics": [[[0.819500207901001, -0.5726490020751953, 0.022188127040863037, -0.8118896484375], [-0.006670817267149687, -0.04824688285589218, -0.9988131523132324, 1.507080078125], [0.5730398893356323, 0.8183796405792236, -0.043358370661735535, -1.17486572265625], [0.0, 0.0, 0.0, 1.0]], [[0.003823376027867198, -0.9986287355422974, 0.05221031606197357, 0.0068359375], [-0.011988773010671139, -0.052252721041440964, -0.9985619187355042, 1.5187644958496094], [0.9999207854270935, 0.0031919400207698345, -0.012172115966677666, -1.5392379760742188], [0.0, 0.0, 0.0, 1.0]], [[-0.8338377475738525, -0.551459789276123, 0.02462785318493843, 0.9332275390625], [-0.006348659284412861, -0.03503154590725899, -0.9993659853935242, 1.5029220581054688], [0.5519729256629944, -0.8334655165672302, 0.025709597393870354, -1.1820068359375], [0.0, 0.0, 0.0, 1.0]], [[0.9479291439056396, 0.3179321587085724, -0.0186909306794405, -1.139129638671875], [0.0022310041822493076, -0.06531520932912827, -0.9978621602058411, 1.5885696411132812], [-0.31847327947616577, 0.9458609819412231, -0.06262350082397461, -0.1048583984375], [0.0, 0.0, 0.0, 1.0]], [[0.0033033688087016344, 0.9984612464904785, -0.055354371666908264, 0.0025634765625], [-0.023152140900492668, -0.05526347458362579, -0.9982033371925354, 1.5783157348632812], [-0.9997264742851257, 0.004578948486596346, 0.02293396182358265, -0.04388427734375], [0.0, 0.0, 0.0, 1.0]], [[-0.934368371963501, 0.35555627942085266, -0.02313924767076969, 1.05462646484375], [0.009515217505395412, -0.04001883044838905, -0.9991536140441895, 1.55230712890625], [-0.3561813533306122, -0.9337977766990662, 0.03400913253426552, -0.0938720703125], [0.0, 0.0, 0.0, 1.0]]], "view": [[0.0, -2.0, 100.0], [-2.0, 0.0, 100.0], [0.0, 0.0, 1.0]], "bev": "bev_56bce8e241bd457dac12a934134b477b.png", "aux": "aux_56bce8e241bd457dac12a934134b477b.npz", "visibility": "visibility_56bce8e241bd457dac12a934134b477b.png", "pose": [[0.9377365708351135, 0.3473471999168396, 0.0, 488.0971984863281], [-0.3473471999168396, 0.9377365708351135, 0.0, 1075.501220703125], [0.0, 0.0, 1.0, 0.0], [0.0, 0.0, 0.0, 1.0]], "pose_inverse": [[0.9377365708351135, -0.3473471999168396, 0.0, -84.13426971435547], [0.3473471999168396, 0.9377365708351135, 0.0, -1178.0760498046875], [0.0, 0.0, 1.0, 0.0], [0.0, 0.0, 0.0, 1.0]], "cam_ids": [0, 1, 2, 3, 4, 5], "cam_channels": ["CAM_FRONT_LEFT", "CAM_FRONT", "CAM_FRONT_RIGHT", "CAM_BACK_LEFT", "CAM_BACK", "CAM_BACK_RIGHT"], "token": "56bce8e241bd457dac12a934134b477b", "scene": "scene-0019"}, {"images": ["samples/CAM_FRONT_LEFT/n015-2018-07-18-11-50-34+0800__CAM_FRONT_LEFT__1531885865504844.jpg", "samples/CAM_FRONT/n015-2018-07-18-11-50-34+0800__CAM_FRONT__1531885865512469.jpg", "samples/CAM_FRONT_RIGHT/n015-2018-07-18-11-50-34+0800__CAM_FRONT_RIGHT__1531885865520339.jpg", "samples/CAM_BACK_LEFT/n015-2018-07-18-11-50-34+0800__CAM_BACK_LEFT__1531885865547423.jpg", "samples/CAM_BACK/n015-2018-07-18-11-50-34+0800__CAM_BACK__1531885865537525.jpg", "samples/CAM_BACK_RIGHT/n015-2018-07-18-11-50-34+0800__CAM_BACK_RIGHT__1531885865527893.jpg"], "intrinsics": [[[1272.5979470598488, 0.0, 826.6154927353808], [0.0, 1272.5979470598488, 479.75165386361925], [0.0, 0.0, 1.0]], [[1266.417203046554, 0.0, 816.2670197447984], [0.0, 1266.417203046554, 491.50706579294757], [0.0, 0.0, 1.0]], [[1260.8474446004698, 0.0, 807.968244525554], [0.0, 1260.8474446004698, 495.3344268742088], [0.0, 0.0, 1.0]], [[1256.7414812095406, 0.0, 792.1125740759628], [0.0, 1256.7414812095406, 492.7757465151356], [0.0, 0.0, 1.0]], [[809.2209905677063, 0.0, 829.2196003259838], [0.0, 809.2209905677063, 481.77842384512485], [0.0, 0.0, 1.0]], [[1259.5137405846733, 0.0, 807.2529053838625], [0.0, 1259.5137405846733, 501.19579884916527], [0.0, 0.0, 1.0]]], "extrinsics": [[[0.8185330033302307, -0.574227511882782, 0.0163272637873888, -0.80780029296875], [-0.01095946691930294, -0.044026341289281845, -0.9989702105522156, 1.5062065124511719], [0.5743550062179565, 0.8175111413002014, -0.04233023524284363, -1.171630859375], [0.0, 0.0, 0.0, 1.0]], [[0.002531860489398241, -0.9988445043563843, 0.04799124598503113, 0.006591796875], [-0.016215378418564796, -0.048026103526353836, -0.9987145066261292, 1.518035888671875], [0.9998653531074524, 0.0017504426650702953, -0.016318239271640778, -1.5350341796875], [0.0, 0.0, 0.0, 1.0]], [[-0.8343753218650818, -0.5505958199501038, 0.02572881616652012, 0.9305419921875], [-0.010487937368452549, -0.030810819938778877, -0.9994701743125916, 1.50238037109375], [0.5510967969894409, -0.83420330286026, 0.019933177158236504, -1.1807861328125], [0.0, 0.0, 0.0, 1.0]], [[0.9478514790534973, 0.3180215656757355, -0.020973512902855873, -1.1395263671875], [-0.0016295411624014378, -0.060970406979322433, -0.9981382489204407, 1.5885467529296875], [-0.31870827078819275, 0.9461210370063782, -0.05727265402674675, -0.104736328125], [0.0, 0.0, 0.0, 1.0]], [[0.0035142169799655676, 0.9986870288848877, -0.051107972860336304, 0.002685546875], [-0.027138102799654007, -0.05099422112107277, -0.9983301758766174, 1.5781097412109375], [-0.999625563621521, 0.004895343445241451, 0.02692326344549656, -0.04460906982421875], [0.0, 0.0, 0.0, 1.0]], [[-0.9341530203819275, 0.3564261198043823, -0.01785106211900711, 1.052947998046875], [0.0054362318478524685, -0.03580288961529732, -0.9993441104888916, 1.5519485473632812], [-0.356831431388855, -0.9336373209953308, 0.03150775656104088, -0.094970703125], [0.0, 0.0, 0.0, 1.0]]], "view": [[0.0, -2.0, 100.0], [-2.0, 0.0, 100.0], [0.0, 0.0, 1.0]], "bev": "bev_40599f85823f42b7b2af58331bc466f3.png", "aux": "aux_40599f85823f42b7b2af58331bc466f3.npz", "visibility": "visibility_40599f85823f42b7b2af58331bc466f3.png", "pose": [[0.947643518447876, 0.31933024525642395, 0.0, 490.15496826171875], [-0.31933024525642395, 0.947643518447876, 0.0, 1074.7667236328125], [0.0, 0.0, 1.0, 0.0], [0.0, 0.0, 0.0, 1.0]], "pose_inverse": [[0.947643518447876, -0.31933024525642395, 0.0, -121.2866439819336], [0.31933024525642395, 0.947643518447876, 0.0, -1175.0169677734375], [0.0, 0.0, 1.0, 0.0], [0.0, 0.0, 0.0, 1.0]], "cam_ids": [0, 1, 2, 3, 4, 5], "cam_channels": ["CAM_FRONT_LEFT", "CAM_FRONT", "CAM_FRONT_RIGHT", "CAM_BACK_LEFT", "CAM_BACK", "CAM_BACK_RIGHT"], "token": "40599f85823f42b7b2af58331bc466f3", "scene": "scene-0019"}, {"images": ["samples/CAM_FRONT_LEFT/n015-2018-07-18-11-50-34+0800__CAM_FRONT_LEFT__1531885866004844.jpg", "samples/CAM_FRONT/n015-2018-07-18-11-50-34+0800__CAM_FRONT__1531885866012464.jpg", "samples/CAM_FRONT_RIGHT/n015-2018-07-18-11-50-34+0800__CAM_FRONT_RIGHT__1531885866020339.jpg", "samples/CAM_BACK_LEFT/n015-2018-07-18-11-50-34+0800__CAM_BACK_LEFT__1531885866047423.jpg", "samples/CAM_BACK/n015-2018-07-18-11-50-34+0800__CAM_BACK__1531885866037525.jpg", "samples/CAM_BACK_RIGHT/n015-2018-07-18-11-50-34+0800__CAM_BACK_RIGHT__1531885866027893.jpg"], "intrinsics": [[[1272.5979470598488, 0.0, 826.6154927353808], [0.0, 1272.5979470598488, 479.75165386361925], [0.0, 0.0, 1.0]], [[1266.417203046554, 0.0, 816.2670197447984], [0.0, 1266.417203046554, 491.50706579294757], [0.0, 0.0, 1.0]], [[1260.8474446004698, 0.0, 807.968244525554], [0.0, 1260.8474446004698, 495.3344268742088], [0.0, 0.0, 1.0]], [[1256.7414812095406, 0.0, 792.1125740759628], [0.0, 1256.7414812095406, 492.7757465151356], [0.0, 0.0, 1.0]], [[809.2209905677063, 0.0, 829.2196003259838], [0.0, 809.2209905677063, 481.77842384512485], [0.0, 0.0, 1.0]], [[1259.5137405846733, 0.0, 807.2529053838625], [0.0, 1259.5137405846733, 501.19579884916527], [0.0, 0.0, 1.0]]], "extrinsics": [[[0.8175981640815735, -0.5755756497383118, 0.015680603682994843, -0.81011962890625], [-0.010203962214291096, -0.041712816804647446, -0.999077558517456, 1.5064888000488281], [0.5756988525390625, 0.8166839480400085, -0.03997747227549553, -1.175537109375], [0.0, 0.0, 0.0, 1.0]], [[0.0011986448662355542, -0.9989572167396545, 0.045637983828783035, 0.008056640625], [-0.01545604970306158, -0.04565107077360153, -0.998837947845459, 1.5182952880859375], [0.999879777431488, 0.0004918426857329905, -0.015494651161134243, -1.5386810302734375], [0.0, 0.0, 0.0, 1.0]], [[-0.8349368572235107, -0.5498344898223877, 0.023717090487480164, 0.93359375], [-0.009700500406324863, -0.028385113924741745, -0.9995499849319458, 1.5025482177734375], [0.5502603054046631, -0.8347911238670349, 0.01836610957980156, -1.18121337890625], [0.0, 0.0, 0.0, 1.0]], [[0.9478409886360168, 0.3181532919406891, -0.01938588358461857, -1.1400146484375], [-0.0008346048416569829, -0.05834226310253143, -0.998296320438385, 1.5885543823242188], [-0.3187422454357147, 0.9462423920631409, -0.05503366142511368, -0.1044921875], [0.0, 0.0, 0.0, 1.0]], [[0.003859384683892131, 0.9988132119178772, -0.04855254292488098, 0.002197265625], [-0.026349404826760292, -0.04843447357416153, -0.9984787702560425, 1.5782051086425781], [-0.9996452927589417, 0.005132875870913267, 0.026131203398108482, -0.0431976318359375], [0.0, 0.0, 0.0, 1.0]], [[-0.9338943958282471, 0.35710927844047546, -0.01772427186369896, 1.0546417236328125], [0.006223130971193314, -0.033329661935567856, -0.9994250535964966, 1.5520439147949219], [-0.3574947118759155, -0.9334677457809448, 0.028904052451252937, -0.0931396484375], [0.0, 0.0, 0.0, 1.0]]], "view": [[0.0, -2.0, 100.0], [-2.0, 0.0, 100.0], [0.0, 0.0, 1.0]], "bev": "bev_e2b98ffff9d249508e1986ea6191bcaa.png", "aux": "aux_e2b98ffff9d249508e1986ea6191bcaa.npz", "visibility": "visibility_e2b98ffff9d249508e1986ea6191bcaa.png", "pose": [[0.9640101790428162, 0.2658652663230896, 0.0, 492.2144470214844], [-0.2658652663230896, 0.9640101790428162, 0.0, 1074.1173095703125], [0.0, 0.0, 1.0, 0.0], [0.0, 0.0, 0.0, 1.0]], "pose_inverse": [[0.9640101790428162, -0.2658652663230896, 0.0, -188.92926025390625], [0.2658652663230896, 0.9640101790428162, 0.0, -1166.32275390625], [0.0, 0.0, 1.0, 0.0], [0.0, 0.0, 0.0, 1.0]], "cam_ids": [0, 1, 2, 3, 4, 5], "cam_channels": ["CAM_FRONT_LEFT", "CAM_FRONT", "CAM_FRONT_RIGHT", "CAM_BACK_LEFT", "CAM_BACK", "CAM_BACK_RIGHT"], "token": "e2b98ffff9d249508e1986ea6191bcaa", "scene": "scene-0019"}, {"images": ["samples/CAM_FRONT_LEFT/n015-2018-07-18-11-50-34+0800__CAM_FRONT_LEFT__1531885866404844.jpg", "samples/CAM_FRONT/n015-2018-07-18-11-50-34+0800__CAM_FRONT__1531885866412467.jpg", "samples/CAM_FRONT_RIGHT/n015-2018-07-18-11-50-34+0800__CAM_FRONT_RIGHT__1531885866420339.jpg", "samples/CAM_BACK_LEFT/n015-2018-07-18-11-50-34+0800__CAM_BACK_LEFT__1531885866447423.jpg", "samples/CAM_BACK/n015-2018-07-18-11-50-34+0800__CAM_BACK__1531885866437525.jpg", "samples/CAM_BACK_RIGHT/n015-2018-07-18-11-50-34+0800__CAM_BACK_RIGHT__1531885866427893.jpg"], "intrinsics": [[[1272.5979470598488, 0.0, 826.6154927353808], [0.0, 1272.5979470598488, 479.75165386361925], [0.0, 0.0, 1.0]], [[1266.417203046554, 0.0, 816.2670197447984], [0.0, 1266.417203046554, 491.50706579294757], [0.0, 0.0, 1.0]], [[1260.8474446004698, 0.0, 807.968244525554], [0.0, 1260.8474446004698, 495.3344268742088], [0.0, 0.0, 1.0]], [[1256.7414812095406, 0.0, 792.1125740759628], [0.0, 1256.7414812095406, 492.7757465151356], [0.0, 0.0, 1.0]], [[809.2209905677063, 0.0, 829.2196003259838], [0.0, 809.2209905677063, 481.77842384512485], [0.0, 0.0, 1.0]], [[1259.5137405846733, 0.0, 807.2529053838625], [0.0, 1259.5137405846733, 501.19579884916527], [0.0, 0.0, 1.0]]], "extrinsics": [[[0.816856861114502, -0.5766004920005798, 0.016635850071907043, -0.818817138671875], [-0.007933787070214748, -0.04006714001297951, -0.9991654753684998, 1.5069007873535156], [0.5767858624458313, 0.8160431981086731, -0.03730374574661255, -1.178955078125], [0.0, 0.0, 0.0, 1.0]], [[0.00010792559623951092, -0.9990249276161194, 0.04414750263094902, 0.00634765625], [-0.013123882934451103, -0.044145114719867706, -0.9989389777183533, 1.5186691284179688], [0.9999138116836548, -0.00047155481297522783, -0.013115852139890194, -1.545684814453125], [0.0, 0.0, 0.0, 1.0]], [[-0.8354250192642212, -0.5492053031921387, 0.020938722416758537, 0.937255859375], [-0.007285236846655607, -0.02702859230339527, -0.999608039855957, 1.5028305053710938], [0.5495560169219971, -0.835250198841095, 0.0185792725533247, -1.1851806640625], [0.0, 0.0, 0.0, 1.0]], [[0.947864294052124, 0.31824231147766113, -0.016579806804656982, -1.138671875], [0.0017750515835359693, -0.05729925259947777, -0.9983554482460022, 1.58856201171875], [-0.3186689615249634, 0.9462761878967285, -0.054876819252967834, -0.10479736328125], [0.0, 0.0, 0.0, 1.0]], [[0.004261178895831108, 0.998867392539978, -0.0473904050886631, 0.0029296875], [-0.02381095662713051, -0.04727604612708092, -0.998598039150238, 1.5783042907714844], [-0.9997073411941528, 0.0053836265578866005, 0.02358253486454487, -0.042327880859375], [0.0, 0.0, 0.0, 1.0]], [[-0.9336326718330383, 0.3576952815055847, -0.01959800533950329, 1.057952880859375], [0.008696972392499447, -0.032059166580438614, -0.9994481205940247, 1.5521888732910156], [-0.358126163482666, -0.9332878589630127, 0.026820624247193336, -0.0931396484375], [0.0, 0.0, 0.0, 1.0]]], "view": [[0.0, -2.0, 100.0], [-2.0, 0.0, 100.0], [0.0, 0.0, 1.0]], "bev": "bev_7169eced1ce64fa7bd22e4a6fa193b8d.png", "aux": "aux_7169eced1ce64fa7bd22e4a6fa193b8d.npz", "visibility": "visibility_7169eced1ce64fa7bd22e4a6fa193b8d.png", "pose": [[0.9782206416130066, 0.20756767690181732, 0.0, 493.8311462402344], [-0.20756767690181732, 0.9782206416130066, 0.0, 1073.71337890625], [0.0, 0.0, 1.0, 0.0], [0.0, 0.0, 0.0, 1.0]], "pose_inverse": [[0.9782206416130066, -0.20756767690181732, 0.0, -260.2076416015625], [0.20756767690181732, 0.9782206416130066, 0.0, -1152.83203125], [0.0, 0.0, 1.0, 0.0], [0.0, 0.0, 0.0, 1.0]], "cam_ids": [0, 1, 2, 3, 4, 5], "cam_channels": ["CAM_FRONT_LEFT", "CAM_FRONT", "CAM_FRONT_RIGHT", "CAM_BACK_LEFT", "CAM_BACK", "CAM_BACK_RIGHT"], "token": "7169eced1ce64fa7bd22e4a6fa193b8d", "scene": "scene-0019"}, {"images": ["samples/CAM_FRONT_LEFT/n015-2018-07-18-11-50-34+0800__CAM_FRONT_LEFT__1531885866904844.jpg", "samples/CAM_FRONT/n015-2018-07-18-11-50-34+0800__CAM_FRONT__1531885866912466.jpg", "samples/CAM_FRONT_RIGHT/n015-2018-07-18-11-50-34+0800__CAM_FRONT_RIGHT__1531885866920339.jpg", "samples/CAM_BACK_LEFT/n015-2018-07-18-11-50-34+0800__CAM_BACK_LEFT__1531885866949847.jpg", "samples/CAM_BACK/n015-2018-07-18-11-50-34+0800__CAM_BACK__1531885866937547.jpg", "samples/CAM_BACK_RIGHT/n015-2018-07-18-11-50-34+0800__CAM_BACK_RIGHT__1531885866927893.jpg"], "intrinsics": [[[1272.5979470598488, 0.0, 826.6154927353808], [0.0, 1272.5979470598488, 479.75165386361925], [0.0, 0.0, 1.0]], [[1266.417203046554, 0.0, 816.2670197447984], [0.0, 1266.417203046554, 491.50706579294757], [0.0, 0.0, 1.0]], [[1260.8474446004698, 0.0, 807.968244525554], [0.0, 1260.8474446004698, 495.3344268742088], [0.0, 0.0, 1.0]], [[1256.7414812095406, 0.0, 792.1125740759628], [0.0, 1256.7414812095406, 492.7757465151356], [0.0, 0.0, 1.0]], [[809.2209905677063, 0.0, 829.2196003259838], [0.0, 809.2209905677063, 481.77842384512485], [0.0, 0.0, 1.0]], [[1259.5137405846733, 0.0, 807.2529053838625], [0.0, 1259.5137405846733, 501.19579884916527], [0.0, 0.0, 1.0]]], "extrinsics": [[[0.815407395362854, -0.5787779688835144, 0.011257775127887726, -0.81134033203125], [-0.009287957102060318, -0.03252508491277695, -0.9994277954101562, 1.5065650939941406], [0.5788128972053528, 0.8148362636566162, -0.031896863132715225, -1.1732177734375], [0.0, 0.0, 0.0, 1.0]], [[-0.0019536877516657114, -0.999333381652832, 0.03645375743508339, 0.0059814453125], [-0.014591713435947895, -0.036421459168195724, -0.9992300271987915, 1.5183334350585938], [0.9998915195465088, -0.0024841271806508303, -0.01451082807034254, -1.53826904296875], [0.0, 0.0, 0.0, 1.0]], [[-0.8362876176834106, -0.5479995608329773, 0.01787729747593403, 0.9324951171875], [-0.008831401355564594, -0.019138216972351074, -0.9997777938842773, 1.5025997161865234], [0.5482199192047119, -0.836259663105011, 0.011165449395775795, -1.182373046875], [0.0, 0.0, 0.0, 1.0]], [[0.9476606249809265, 0.3188873529434204, -0.01581529900431633, -1.14898681640625], [-0.00024231451970990747, -0.0488160215318203, -0.9988077282905579, 1.5885543823242188], [-0.31927919387817383, 0.9465346932411194, -0.0461837537586689, -0.1014404296875], [0.0, 0.0, 0.0, 1.0]], [[0.0047477479092776775, 0.9992203116416931, -0.03919460251927376, 0.0029296875], [-0.025656303390860558, -0.03906042128801346, -0.9989074468612671, 1.5781974792480469], [-0.9996594786643982, 0.005748153198510408, 0.025450849905610085, -0.043670654296875], [0.0, 0.0, 0.0, 1.0]], [[-0.9332484602928162, 0.3589097559452057, -0.01520227175205946, 1.0548210144042969], [0.007031542714685202, -0.02405986189842224, -0.9996857643127441, 1.5520706176757812], [-0.3591627776622772, -0.9330621361732483, 0.019930139183998108, -0.0946044921875], [0.0, 0.0, 0.0, 1.0]]], "view": [[0.0, -2.0, 100.0], [-2.0, 0.0, 100.0], [0.0, 0.0, 1.0]], "bev": "bev_7d2e7f5c87fa49ec80b5e393c6ef7230.png", "aux": "aux_7d2e7f5c87fa49ec80b5e393c6ef7230.npz", "visibility": "visibility_7d2e7f5c87fa49ec80b5e393c6ef7230.png", "pose": [[0.9932311177253723, 0.11615465581417084, 0.0, 495.9073181152344], [-0.11615465581417084, 0.9932311177253723, 0.0, 1073.361572265625], [0.0, 0.0, 1.0, 0.0], [0.0, 0.0, 0.0, 1.0]], "pose_inverse": [[0.9932311177253723, -0.11615465581417084, 0.0, -367.8746337890625], [0.11615465581417084, 0.9932311177253723, 0.0, -1123.6981201171875], [0.0, 0.0, 1.0, 0.0], [0.0, 0.0, 0.0, 1.0]], "cam_ids": [0, 1, 2, 3, 4, 5], "cam_channels": ["CAM_FRONT_LEFT", "CAM_FRONT", "CAM_FRONT_RIGHT", "CAM_BACK_LEFT", "CAM_BACK", "CAM_BACK_RIGHT"], "token": "7d2e7f5c87fa49ec80b5e393c6ef7230", "scene": "scene-0019"}, {"images": ["samples/CAM_FRONT_LEFT/n015-2018-07-18-11-50-34+0800__CAM_FRONT_LEFT__1531885867404844.jpg", "samples/CAM_FRONT/n015-2018-07-18-11-50-34+0800__CAM_FRONT__1531885867412468.jpg", "samples/CAM_FRONT_RIGHT/n015-2018-07-18-11-50-34+0800__CAM_FRONT_RIGHT__1531885867420339.jpg", "samples/CAM_BACK_LEFT/n015-2018-07-18-11-50-34+0800__CAM_BACK_LEFT__1531885867447423.jpg", "samples/CAM_BACK/n015-2018-07-18-11-50-34+0800__CAM_BACK__1531885867437525.jpg", "samples/CAM_BACK_RIGHT/n015-2018-07-18-11-50-34+0800__CAM_BACK_RIGHT__1531885867427893.jpg"], "intrinsics": [[[1272.5979470598488, 0.0, 826.6154927353808], [0.0, 1272.5979470598488, 479.75165386361925], [0.0, 0.0, 1.0]], [[1266.417203046554, 0.0, 816.2670197447984], [0.0, 1266.417203046554, 491.50706579294757], [0.0, 0.0, 1.0]], [[1260.8474446004698, 0.0, 807.968244525554], [0.0, 1260.8474446004698, 495.3344268742088], [0.0, 0.0, 1.0]], [[1256.7414812095406, 0.0, 792.1125740759628], [0.0, 1256.7414812095406, 492.7757465151356], [0.0, 0.0, 1.0]], [[809.2209905677063, 0.0, 829.2196003259838], [0.0, 809.2209905677063, 481.77842384512485], [0.0, 0.0, 1.0]], [[1259.5137405846733, 0.0, 807.2529053838625], [0.0, 1259.5137405846733, 501.19579884916527], [0.0, 0.0, 1.0]]], "extrinsics": [[[0.8144690990447998, -0.5802046656608582, 0.0016620979877188802, -0.80792236328125], [-0.008327702060341835, -0.014554380439221859, -0.9998593926429749, 1.5067100524902344], [0.5801472067832947, 0.8143407106399536, -0.016685863956809044, -1.1728515625], [0.0, 0.0, 0.0, 1.0]], [[-0.0033044477459043264, -0.9998325109481812, 0.01800106279551983, 0.00732421875], [-0.013523485511541367, -0.017954833805561066, -0.9997473359107971, 1.5184669494628906], [0.9999030232429504, -0.0035470500588417053, -0.013461887836456299, -1.53558349609375], [0.0, 0.0, 0.0, 1.0]], [[-0.8368722200393677, -0.5473600029945374, 0.006474976893514395, 0.93157958984375], [-0.007628303952515125, -0.0001660218695178628, -0.9999708533287048, 1.5027129650115967], [0.5473451614379883, -0.8368971347808838, -0.004036488942801952, -1.17999267578125], [0.0, 0.0, 0.0, 1.0]], [[0.9479639530181885, 0.31828323006629944, -0.007751609664410353, -1.13787841796875], [0.00132828950881958, -0.028300795704126358, -0.9995985627174377, 1.5885868072509766], [-0.3183748126029968, 0.947573184967041, -0.027250908315181732, -0.10595703125], [0.0, 0.0, 0.0, 1.0]], [[0.005358714610338211, 0.9998019933700562, -0.01916516385