[{"images": ["samples/CAM_FRONT_LEFT/n008-2018-08-01-15-16-36-0400__CAM_FRONT_LEFT__1533151249604799.jpg", "samples/CAM_FRONT/n008-2018-08-01-15-16-36-0400__CAM_FRONT__1533151249612404.jpg", "samples/CAM_FRONT_RIGHT/n008-2018-08-01-15-16-36-0400__CAM_FRONT_RIGHT__1533151249620500.jpg", "samples/CAM_BACK_LEFT/n008-2018-08-01-15-16-36-0400__CAM_BACK_LEFT__1533151249647405.jpg", "samples/CAM_BACK/n008-2018-08-01-15-16-36-0400__CAM_BACK__1533151249637558.jpg", "samples/CAM_BACK_RIGHT/n008-2018-08-01-15-16-36-0400__CAM_BACK_RIGHT__1533151249628113.jpg"], "intrinsics": [[[1257.8625342125129, 0.0, 827.2410631095686], [0.0, 1257.8625342125129, 450.915498205774], [0.0, 0.0, 1.0]], [[1252.8131021185304, 0.0, 826.588114781398], [0.0, 1252.8131021185304, 469.9846626224581], [0.0, 0.0, 1.0]], [[1256.7485116440405, 0.0, 817.7887570959712], [0.0, 1256.7485116440403, 451.9541780095127], [0.0, 0.0, 1.0]], [[1254.9860565800168, 0.0, 829.5769333630991], [0.0, 1254.9860565800168, 467.1680561863987], [0.0, 0.0, 1.0]], [[796.8910634503094, 0.0, 857.7774326863696], [0.0, 796.8910634503094, 476.8848988407415], [0.0, 0.0, 1.0]], [[1249.9629280788233, 0.0, 825.3768045375984], [0.0, 1249.9629280788233, 462.54816385708756], [0.0, 0.0, 1.0]]], "extrinsics": [[[0.8225554823875427, -0.5686453580856323, 0.006712144240736961, -1.0050048828125], [0.019483812153339386, 0.016383755952119827, -0.9996758699417114, 1.4882965087890625], [0.568351149559021, 0.8224195837974548, 0.024555925279855728, -1.3333740234375], [0.0, 0.0, 0.0, 1.0]], [[0.010464679449796677, -0.9998727440834045, -0.012041846290230751, 0.0054931640625], [0.021445507183670998, 0.012264152057468891, -0.99969482421875, 1.4801673889160156], [0.9997152090072632, 0.01020327489823103, 0.021571118384599686, -1.734649658203125], [0.0, 0.0, 0.0, 1.0]], [[-0.843677818775177, -0.5361809134483337, -0.02679046057164669, 1.090576171875], [0.029473237693309784, 0.00356732658110559, -0.999559223651886, 1.4930744171142578], [0.5360401272773743, -0.8440955877304077, 0.012793309986591339, -1.2777099609375], [0.0, 0.0, 0.0, 1.0]], [[0.9478179812431335, 0.3186599910259247, 0.009847770445048809, -1.14398193359375], [0.004087596666067839, 0.018739914521574974, -0.9998160004615784, 1.562042236328125], [-0.3187858760356903, 0.9476838111877441, 0.016459474340081215, -0.1561279296875], [0.0, 0.0, 0.0, 1.0]], [[0.009026753716170788, 0.9998957514762878, 0.011270776391029358, -0.0289306640625], [0.006219327449798584, 0.011214878410100937, -0.99991774559021, 1.5680599212646484], [-0.9999399185180664, 0.009096071124076843, -0.006117446348071098, 0.04443359375], [0.0, 0.0, 0.0, 1.0]], [[-0.9236486554145813, 0.38298293948173523, -0.014035866595804691, 1.16064453125], [0.01042502373456955, -0.011502118781208992, -0.9998794794082642, 1.5478124618530273], [-0.38309818506240845, -0.923683762550354, 0.00663131196051836, -0.0438232421875], [0.0, 0.0, 0.0, 1.0]]], "view": [[0.0, -2.0, 100.0], [-2.0, 0.0, 100.0], [0.0, 0.0, 1.0]], "bev": "bev_78be3bd5f1f146cdb1b7120bbf8a218c.png", "aux": "aux_78be3bd5f1f146cdb1b7120bbf8a218c.npz", "visibility": "visibility_78be3bd5f1f146cdb1b7120bbf8a218c.png", "pose": [[-0.7640599012374878, -0.6451452970504761, 0.0, 1330.1278076171875], [0.6451452970504761, -0.7640599012374878, 0.0, 1026.459228515625], [0.0, 0.0, 1.0, 0.0], [0.0, 0.0, 0.0, 1.0]], "pose_inverse": [[-0.7640599012374878, 0.6451452970504761, 0.0, 354.08197021484375], [-0.6451452970504761, -0.7640599012374878, 0.0, 1642.402099609375], [0.0, 0.0, 1.0, 0.0], [0.0, 0.0, 0.0, 1.0]], "cam_ids": [0, 1, 2, 3, 4, 5], "cam_channels": ["CAM_FRONT_LEFT", "CAM_FRONT", "CAM_FRONT_RIGHT", "CAM_BACK_LEFT", "CAM_BACK", "CAM_BACK_RIGHT"], "token": "78be3bd5f1f146cdb1b7120bbf8a218c", "scene": "scene-0095"}, {"images": ["samples/CAM_FRONT_LEFT/n008-2018-08-01-15-16-36-0400__CAM_FRONT_LEFT__1533151250104799.jpg", "samples/CAM_FRONT/n008-2018-08-01-15-16-36-0400__CAM_FRONT__1533151250112404.jpg", "samples/CAM_FRONT_RIGHT/n008-2018-08-01-15-16-36-0400__CAM_FRONT_RIGHT__1533151250120482.jpg", "samples/CAM_BACK_LEFT/n008-2018-08-01-15-16-36-0400__CAM_BACK_LEFT__1533151250147405.jpg", "samples/CAM_BACK/n008-2018-08-01-15-16-36-0400__CAM_BACK__1533151250137558.jpg", "samples/CAM_BACK_RIGHT/n008-2018-08-01-15-16-36-0400__CAM_BACK_RIGHT__1533151250128113.jpg"], "intrinsics": [[[1257.8625342125129, 0.0, 827.2410631095686], [0.0, 1257.8625342125129, 450.915498205774], [0.0, 0.0, 1.0]], [[1252.8131021185304, 0.0, 826.588114781398], [0.0, 1252.8131021185304, 469.9846626224581], [0.0, 0.0, 1.0]], [[1256.7485116440405, 0.0, 817.7887570959712], [0.0, 1256.7485116440403, 451.9541780095127], [0.0, 0.0, 1.0]], [[1254.9860565800168, 0.0, 829.5769333630991], [0.0, 1254.9860565800168, 467.1680561863987], [0.0, 0.0, 1.0]], [[796.8910634503094, 0.0, 857.7774326863696], [0.0, 796.8910634503094, 476.8848988407415], [0.0, 0.0, 1.0]], [[1249.9629280788233, 0.0, 825.3768045375984], [0.0, 1249.9629280788233, 462.54816385708756], [0.0, 0.0, 1.0]]], "extrinsics": [[[0.8225515484809875, -0.5686521530151367, 0.006611129734665155, -1.0050048828125], [0.0193879846483469, 0.01642237789928913, -0.9996771216392517, 1.4882926940917969], [0.5683600902557373, 0.8224141597747803, 0.024533269926905632, -1.3333740234375], [0.0, 0.0, 0.0, 1.0]], [[0.010456857271492481, -0.9998723864555359, -0.01207525935024023, 0.00537109375], [0.021339328959584236, 0.012296306900680065, -0.999696671962738, 1.4801654815673828], [0.9997175931930542, 0.010196046903729439, 0.021465186029672623, -1.73486328125], [0.0, 0.0, 0.0, 1.0]], [[-0.8436837196350098, -0.5361759066581726, -0.026705168187618256, 1.0906982421875], [0.029356053099036217, 0.0035925889387726784, -0.9995625615119934, 1.493072509765625], [0.5360373258590698, -0.8440987467765808, 0.012709001079201698, -1.27734375], [0.0, 0.0, 0.0, 1.0]], [[0.9478188157081604, 0.3186606168746948, 0.009747802279889584, -1.14385986328125], [0.003973144106566906, 0.018766628578305244, -0.9998160004615784, 1.562042236328125], [-0.3187849521636963, 0.9476830363273621, 0.016521278768777847, -0.1561279296875], [0.0, 0.0, 0.0, 1.0]], [[0.009029461070895195, 0.999895453453064, 0.011294497177004814, -0.0286865234375], [0.006100666709244251, 0.01123966183513403, -0.9999182224273682, 1.5680656433105469], [-0.9999406337738037, 0.0090975696220994, -0.005998542066663504, 0.044464111328125], [0.0, 0.0, 0.0, 1.0]], [[-0.92364901304245, 0.3829866945743561, -0.013914466835558414, 1.1605224609375], [0.010304423049092293, -0.011475964449346066, -0.9998810291290283, 1.5478124618530273], [-0.3831007480621338, -0.9236826300621033, 0.006653307471424341, -0.043701171875], [0.0, 0.0, 0.0, 1.0]]], "view": [[0.0, -2.0, 100.0], [-2.0, 0.0, 100.0], [0.0, 0.0, 1.0]], "bev": "bev_fd534bf0c87d4d4cb891f0fc6f41a6a9.png", "aux": "aux_fd534bf0c87d4d4cb891f0fc6f41a6a9.npz", "visibility": "visibility_fd534bf0c87d4d4cb891f0fc6f41a6a9.png", "pose": [[-0.76410973072052, -0.6450862884521484, 0.0, 1330.1278076171875], [0.6450862884521484, -0.76410973072052, 0.0, 1026.459228515625], [0.0, 0.0, 1.0, 0.0], [0.0, 0.0, 0.0, 1.0]], "pose_inverse": [[-0.76410973072052, 0.6450862884521484, 0.0, 354.2088317871094], [-0.6450862884521484, -0.76410973072052, 0.0, 1642.3746337890625], [0.0, 0.0, 1.0, 0.0], [0.0, 0.0, 0.0, 1.0]], "cam_ids": [0, 1, 2, 3, 4, 5], "cam_channels": ["CAM_FRONT_LEFT", "CAM_FRONT", "CAM_FRONT_RIGHT", "CAM_BACK_LEFT", "CAM_BACK", "CAM_BACK_RIGHT"], "token": "fd534bf0c87d4d4cb891f0fc6f41a6a9", "scene": "scene-0095"}, {"images": ["samples/CAM_FRONT_LEFT/n008-2018-08-01-15-16-36-0400__CAM_FRONT_LEFT__1533151250604799.jpg", "samples/CAM_FRONT/n008-2018-08-01-15-16-36-0400__CAM_FRONT__1533151250612404.jpg", "samples/CAM_FRONT_RIGHT/n008-2018-08-01-15-16-36-0400__CAM_FRONT_RIGHT__1533151250620482.jpg", "samples/CAM_BACK_LEFT/n008-2018-08-01-15-16-36-0400__CAM_BACK_LEFT__1533151250647405.jpg", "samples/CAM_BACK/n008-2018-08-01-15-16-36-0400__CAM_BACK__1533151250637558.jpg", "samples/CAM_BACK_RIGHT/n008-2018-08-01-15-16-36-0400__CAM_BACK_RIGHT__1533151250628113.jpg"], "intrinsics": [[[1257.8625342125129, 0.0, 827.2410631095686], [0.0, 1257.8625342125129, 450.915498205774], [0.0, 0.0, 1.0]], [[1252.8131021185304, 0.0, 826.588114781398], [0.0, 1252.8131021185304, 469.9846626224581], [0.0, 0.0, 1.0]], [[1256.7485116440405, 0.0, 817.7887570959712], [0.0, 1256.7485116440403, 451.9541780095127], [0.0, 0.0, 1.0]], [[1254.9860565800168, 0.0, 829.5769333630991], [0.0, 1254.9860565800168, 467.1680561863987], [0.0, 0.0, 1.0]], [[796.8910634503094, 0.0, 857.7774326863696], [0.0, 796.8910634503094, 476.8848988407415], [0.0, 0.0, 1.0]], [[1249.9629280788233, 0.0, 825.3768045375984], [0.0, 1249.9629280788233, 462.54816385708756], [0.0, 0.0, 1.0]]], "extrinsics": [[[0.8225461840629578, -0.5686600208282471, 0.006605330854654312, -1.0050048828125], [0.019337248057127, 0.0163587499409914, -0.9996791481971741, 1.4882888793945312], [0.5683695673942566, 0.8224100470542908, 0.024452144280076027, -1.33349609375], [0.0, 0.0, 0.0, 1.0]], [[0.010448978282511234, -0.9998730421066284, -0.012027434073388577, 0.00537109375], [0.021295854821801186, 0.012247877195477486, -0.9996982216835022, 1.48016357421875], [0.9997186064720154, 0.010189712978899479, 0.021421130746603012, -1.734710693359375], [0.0, 0.0, 0.0, 1.0]], [[-0.8436864018440247, -0.5361740589141846, -0.02665773034095764, 1.090576171875], [0.029320303350687027, 0.0035603316500782967, -0.9995636940002441, 1.493072509765625], [0.5360350012779236, -0.8440999388694763, 0.012716984376311302, -1.277587890625], [0.0, 0.0, 0.0, 1.0]], [[0.9478193521499634, 0.3186606466770172, 0.009692390449345112, -1.14385986328125], [0.003923898562788963, 0.018739264458417892, -0.9998167157173157, 1.5620460510253906], [-0.31878387928009033, 0.9476836323738098, 0.01651104725897312, -0.1561279296875], [0.0, 0.0, 0.0, 1.0]], [[0.009029616601765156, 0.9998957514762878, 0.01126565970480442, -0.02880859375], [0.006058837287127972, 0.011211203411221504, -0.9999188184738159, 1.5680618286132812], [-0.9999409914016724, 0.00909719243645668, -0.005956974346190691, 0.044219970703125], [0.0, 0.0, 0.0, 1.0]], [[-0.9236498475074768, 0.38298577070236206, -0.013888107612729073, 1.16064453125], [0.010265162214636803, -0.01150184404104948, -0.9998811483383179, 1.547811508178711], [-0.3831000030040741, -0.9236826300621033, 0.006692266557365656, -0.043701171875], [0.0, 0.0, 0.0, 1.0]]], "view": [[0.0, -2.0, 100.0], [-2.0, 0.0, 100.0], [0.0, 0.0, 1.0]], "bev": "bev_5369488db9e94abcaacb56ed00a0def6.png", "aux": "aux_5369488db9e94abcaacb56ed00a0def6.npz", "visibility": "visibility_5369488db9e94abcaacb56ed00a0def6.png", "pose": [[-0.7641115784645081, -0.6450840830802917, 0.0, 1330.1278076171875], [0.6450840830802917, -0.7641115784645081, 0.0, 1026.459228515625], [0.0, 0.0, 1.0, 0.0], [0.0, 0.0, 0.0, 1.0]], "pose_inverse": [[-0.7641115784645081, 0.6450840830802917, 0.0, 354.2135314941406], [-0.6450840830802917, -0.7641115784645081, 0.0, 1642.3736572265625], [0.0, 0.0, 1.0, 0.0], [0.0, 0.0, 0.0, 1.0]], "cam_ids": [0, 1, 2, 3, 4, 5], "cam_channels": ["CAM_FRONT_LEFT", "CAM_FRONT", "CAM_FRONT_RIGHT", "CAM_BACK_LEFT", "CAM_BACK", "CAM_BACK_RIGHT"], "token": "5369488db9e94abcaacb56ed00a0def6", "scene": "scene-0095"}, {"images": ["samples/CAM_FRONT_LEFT/n008-2018-08-01-15-16-36-0400__CAM_FRONT_LEFT__1533151251104799.jpg", "samples/CAM_FRONT/n008-2018-08-01-15-16-36-0400__CAM_FRONT__1533151251112404.jpg", "samples/CAM_FRONT_RIGHT/n008-2018-08-01-15-16-36-0400__CAM_FRONT_RIGHT__1533151251120482.jpg", "samples/CAM_BACK_LEFT/n008-2018-08-01-15-16-36-0400__CAM_BACK_LEFT__1533151251147405.jpg", "samples/CAM_BACK/n008-2018-08-01-15-16-36-0400__CAM_BACK__1533151251137558.jpg", "samples/CAM_BACK_RIGHT/n008-2018-08-01-15-16-36-0400__CAM_BACK_RIGHT__1533151251128113.jpg"], "intrinsics": [[[1257.8625342125129, 0.0, 827.2410631095686], [0.0, 1257.8625342125129, 450.915498205774], [0.0, 0.0, 1.0]], [[1252.8131021185304, 0.0, 826.588114781398], [0.0, 1252.8131021185304, 469.9846626224581], [0.0, 0.0, 1.0]], [[1256.7485116440405, 0.0, 817.7887570959712], [0.0, 1256.7485116440403, 451.9541780095127], [0.0, 0.0, 1.0]], [[1254.9860565800168, 0.0, 829.5769333630991], [0.0, 1254.9860565800168, 467.1680561863987], [0.0, 0.0, 1.0]], [[796.8910634503094, 0.0, 857.7774326863696], [0.0, 796.8910634503094, 476.8848988407415], [0.0, 0.0, 1.0]], [[1249.9629280788233, 0.0, 825.3768045375984], [0.0, 1249.9629280788233, 462.54816385708756], [0.0, 0.0, 1.0]]], "extrinsics": [[[0.8225581049919128, -0.5686433911323547, 0.006546099204570055, -1.0050048828125], [0.019327400252223015, 0.01644953154027462, -0.999677836894989, 1.4882888793945312], [0.5683525800704956, 0.8224196434020996, 0.02452109195291996, -1.333251953125], [0.0, 0.0, 0.0, 1.0]], [[0.010463660582900047, -0.9998719096183777, -0.012112140655517578, 0.0054931640625], [0.021285967901349068, 0.01233278401196003, -0.9996973872184753, 1.4801673889160156], [0.9997186064720154, 0.010202717036008835, 0.021412286907434464, -1.734771728515625], [0.0, 0.0, 0.0, 1.0]], [[-0.8436824083328247, -0.5361787676811218, -0.026691433042287827, 1.090576171875], [0.029310360550880432, 0.003638997906818986, -0.9995636940002441, 1.493072509765625], [0.5360419750213623, -0.8440966606140137, 0.012645432725548744, -1.2774658203125], [0.0, 0.0, 0.0, 1.0]], [[0.9478192329406738, 0.31866034865379333, 0.00971578061580658, -1.14404296875], [0.003925753757357597, 0.018807116895914078, -0.9998154044151306, 1.5620460510253906], [-0.31878429651260376, 0.9476823210716248, 0.016574764624238014, -0.156005859375], [0.0, 0.0, 0.0, 1.0]], [[0.009028945118188858, 0.9998949766159058, 0.011336100287735462, -0.02880859375], [0.00605875626206398, 0.011281650513410568, -0.9999179840087891, 1.5680618286132812], [-0.9999408721923828, 0.009096836671233177, -0.0059562609530985355, 0.044403076171875], [0.0, 0.0, 0.0, 1.0]], [[-0.9236505031585693, 0.38298532366752625, -0.013857251033186913, 1.16064453125], [0.010261697694659233, -0.011429662816226482, -0.9998820424079895, 1.5478134155273438], [-0.3830984830856323, -0.9236837029457092, 0.006626935210078955, -0.043701171875], [0.0, 0.0, 0.0, 1.0]]], "view": [[0.0, -2.0, 100.0], [-2.0, 0.0, 100.0], [0.0, 0.0, 1.0]], "bev": "bev_77b3e8a94b22491a97efb1e8f2b742b7.png", "aux": "aux_77b3e8a94b22491a97efb1e8f2b742b7.npz", "visibility": "visibility_77b3e8a94b22491a97efb1e8f2b742b7.png", "pose": [[-0.7640553116798401, -0.6451507210731506, 0.0, 1330.1278076171875], [0.6451507210731506, -0.7640553116798401, 0.0, 1026.459228515625], [0.0, 0.0, 1.0, 0.0], [0.0, 0.0, 0.0, 1.0]], "pose_inverse": [[-0.7640553116798401, 0.6451507210731506, 0.0, 354.0703430175781], [-0.6451507210731506, -0.7640553116798401, 0.0, 1642.404541015625], [0.0, 0.0, 1.0, 0.0], [0.0, 0.0, 0.0, 1.0]], "cam_ids": [0, 1, 2, 3, 4, 5], "cam_channels": ["CAM_FRONT_LEFT", "CAM_FRONT", "CAM_FRONT_RIGHT", "CAM_BACK_LEFT", "CAM_BACK", "CAM_BACK_RIGHT"], "token": "77b3e8a94b22491a97efb1e8f2b742b7", "scene": "scene-0095"}, {"images": ["samples/CAM_FRONT_LEFT/n008-2018-08-01-15-16-36-0400__CAM_FRONT_LEFT__1533151251604799.jpg", "samples/CAM_FRONT/n008-2018-08-01-15-16-36-0400__CAM_FRONT__1533151251612404.jpg", "samples/CAM_FRONT_RIGHT/n008-2018-08-01-15-16-36-0400__CAM_FRONT_RIGHT__1533151251620482.jpg", "samples/CAM_BACK_LEFT/n008-2018-08-01-15-16-36-0400__CAM_BACK_LEFT__1533151251647405.jpg", "samples/CAM_BACK/n008-2018-08-01-15-16-36-0400__CAM_BACK__1533151251637558.jpg", "samples/CAM_BACK_RIGHT/n008-2018-08-01-15-16-36-0400__CAM_BACK_RIGHT__1533151251628113.jpg"], "intrinsics": [[[1257.8625342125129, 0.0, 827.2410631095686], [0.0, 1257.8625342125129, 450.915498205774], [0.0, 0.0, 1.0]], [[1252.8131021185304, 0.0, 826.588114781398], [0.0, 1252.8131021185304, 469.9846626224581], [0.0, 0.0, 1.0]], [[1256.7485116440405, 0.0, 817.7887570959712], [0.0, 1256.7485116440403, 451.9541780095127], [0.0, 0.0, 1.0]], [[1254.9860565800168, 0.0, 829.5769333630991], [0.0, 1254.9860565800168, 467.1680561863987], [0.0, 0.0, 1.0]], [[796.8910634503094, 0.0, 857.7774326863696], [0.0, 796.8910634503094, 476.8848988407415], [0.0, 0.0, 1.0]], [[1249.9629280788233, 0.0, 825.3768045375984], [0.0, 1249.9629280788233, 462.54816385708756], [0.0, 0.0, 1.0]]], "extrinsics": [[[0.8225523829460144, -0.5686526298522949, 0.006461430341005325, -1.0050048828125], [0.01923222281038761, 0.016460226848721504, -0.9996795654296875, 1.4882888793945312], [0.5683640241622925, 0.8224130272865295, 0.02447585202753544, -1.333251953125], [0.0, 0.0, 0.0, 1.0]], [[0.010455532930791378, -0.9998716711997986, -0.012134375981986523, 0.00537109375], [0.0211939737200737, 0.01235390454530716, -0.999699056148529, 1.48016357421875], [0.9997206330299377, 0.010195206850767136, 0.021320421248674393, -1.734588623046875], [0.0, 0.0, 0.0, 1.0]], [[-0.843686044216156, -0.5361759066581726, -0.0266339723020792, 1.0904541015625], [0.029221782460808754, 0.0036711967550218105, -0.9995661973953247, 1.493072509765625], [0.5360410809516907, -0.8440983891487122, 0.012570677325129509, -1.2774658203125], [0.0, 0.0, 0.0, 1.0]], [[0.9478198885917664, 0.31865984201431274, 0.009665110148489475, -1.14404296875], [0.00386050040833652, 0.018842235207557678, -0.9998149871826172, 1.562042236328125], [-0.31878289580345154, 0.9476818442344666, 0.01662885956466198, -0.1561279296875], [0.0, 0.0, 0.0, 1.0]], [[0.00902886874973774, 0.9998945593833923, 0.011379189789295197, -0.0289306640625], [0.005970770958811045, 0.011325543746352196, -0.9999179840087891, 1.5680618286132812], [-0.9999414682388306, 0.009095977060496807, -0.005867884960025549, 0.04437255859375], [0.0, 0.0, 0.0, 1.0]], [[-0.9236524701118469, 0.3829840421676636, -0.013757864013314247, 1.160736083984375], [0.01016804575920105, -0.01139608584344387, -0.9998833537101746, 1.5478105545043945], [-0.3830961287021637, -0.9236846566200256, 0.006631825584918261, -0.043701171875], [0.0, 0.0, 0.0, 1.0]]], "view": [[0.0, -2.0, 100.0], [-2.0, 0.0, 100.0], [0.0, 0.0, 1.0]], "bev": "bev_d773c946a192406c83ed0980f776d1a8.png", "aux": "aux_d773c946a192406c83ed0980f776d1a8.npz", "visibility": "visibility_d773c946a192406c83ed0980f776d1a8.png", "pose": [[-0.7640476822853088, -0.6451597809791565, 0.0, 1330.1278076171875], [0.6451597809791565, -0.7640476822853088, 0.0, 1026.459228515625], [0.0, 0.0, 1.0, 0.0], [0.0, 0.0, 0.0, 1.0]], "pose_inverse": [[-0.7640476822853088, 0.6451597809791565, 0.0, 354.0509033203125], [-0.6451597809791565, -0.7640476822853088, 0.0, 1642.40869140625], [0.0, 0.0, 1.0, 0.0], [0.0, 0.0, 0.0, 1.0]], "cam_ids": [0, 1, 2, 3, 4, 5], "cam_channels": ["CAM_FRONT_LEFT", "CAM_FRONT", "CAM_FRONT_RIGHT", "CAM_BACK_LEFT", "CAM_BACK", "CAM_BACK_RIGHT"], "token": "d773c946a192406c83ed0980f776d1a8", "scene": "scene-0095"}, {"images": ["samples/CAM_FRONT_LEFT/n008-2018-08-01-15-16-36-0400__CAM_FRONT_LEFT__1533151252104799.jpg", "samples/CAM_FRONT/n008-2018-08-01-15-16-36-0400__CAM_FRONT__1533151252112404.jpg", "samples/CAM_FRONT_RIGHT/n008-2018-08-01-15-16-36-0400__CAM_FRONT_RIGHT__1533151252120482.jpg", "samples/CAM_BACK_LEFT/n008-2018-08-01-15-16-36-0400__CAM_BACK_LEFT__1533151252147405.jpg", "samples/CAM_BACK/n008-2018-08-01-15-16-36-0400__CAM_BACK__1533151252137558.jpg", "samples/CAM_BACK_RIGHT/n008-2018-08-01-15-16-36-0400__CAM_BACK_RIGHT__1533151252128113.jpg"], "intrinsics": [[[1257.8625342125129, 0.0, 827.2410631095686], [0.0, 1257.8625342125129, 450.915498205774], [0.0, 0.0, 1.0]], [[1252.8131021185304, 0.0, 826.588114781398], [0.0, 1252.8131021185304, 469.9846626224581], [0.0, 0.0, 1.0]], [[1256.7485116440405, 0.0, 817.7887570959712], [0.0, 1256.7485116440403, 451.9541780095127], [0.0, 0.0, 1.0]], [[1254.9860565800168, 0.0, 829.5769333630991], [0.0, 1254.9860565800168, 467.1680561863987], [0.0, 0.0, 1.0]], [[796.8910634503094, 0.0, 857.7774326863696], [0.0, 796.8910634503094, 476.8848988407415], [0.0, 0.0, 1.0]], [[1249.9629280788233, 0.0, 825.3768045375984], [0.0, 1249.9629280788233, 462.54816385708756], [0.0, 0.0, 1.0]]], "extrinsics": [[[0.8225656747817993, -0.5686336755752563, 0.006439649499952793, -1.0050048828125], [0.01914302445948124, 0.01637045107781887, -0.9996827244758606, 1.4883003234863281], [0.5683478713035583, 0.8224280476570129, 0.02435114048421383, -1.3333740234375], [0.0, 0.0, 0.0, 1.0]], [[0.010472619906067848, -0.9998727440834045, -0.012029661796987057, 0.00537109375], [0.02109762839972973, 0.012248585931956768, -0.9997023940086365, 1.4801654815673828], [0.9997224807739258, 0.01021568849682808, 0.021223219111561775, -1.73468017578125], [0.0, 0.0, 0.0, 1.0]], [[-0.8436816930770874, -0.5361902713775635, -0.026480795815587044, 1.090576171875], [0.0291178859770298, 0.003549435641616583, -0.9995696544647217, 1.4930706024169922], [0.536053478717804, -0.844089686870575, 0.012618133798241615, -1.277587890625], [0.0, 0.0, 0.0, 1.0]], [[0.9478211402893066, 0.3186606466770172, 0.009517979808151722, -1.14398193359375], [0.003744018729776144, 0.018727080896496773, -0.9998176097869873, 1.562042236328125], [-0.318780779838562, 0.9476838111877441, 0.01655684970319271, -0.1561279296875], [0.0, 0.0, 0.0, 1.0]], [[0.009025782346725464, 0.9998959898948669, 0.011250823736190796, -0.02880859375], [0.005869916640222073, 0.011198108084499836, -0.9999200701713562, 1.568063735961914], [-0.9999420642852783, 0.009091053158044815, -0.005768235307186842, 0.0443115234375], [0.0, 0.0, 0.0, 1.0]], [[-0.9236571788787842, 0.382974237203598, -0.01370993722230196, 1.160736083984375], [0.010064513422548771, -0.011520806699991226, -0.9998829960823059, 1.547811508178711], [-0.38308730721473694, -0.9236871600151062, 0.006786828860640526, -0.0438232421875], [0.0, 0.0, 0.0, 1.0]]], "view": [[0.0, -2.0, 100.0], [-2.0, 0.0, 100.0], [0.0, 0.0, 1.0]], "bev": "bev_71b80d6861c44bc69bc468d54625bd73.png", "aux": "aux_71b80d6861c44bc69bc468d54625bd73.npz", "visibility": "visibility_71b80d6861c44bc69bc468d54625bd73.png", "pose": [[-0.7640177607536316, -0.6451951861381531, 0.0, 1330.1278076171875], [0.6451951861381531, -0.7640177607536316, 0.0, 1026.459228515625], [0.0, 0.0, 1.0, 0.0], [0.0, 0.0, 0.0, 1.0]], "pose_inverse": [[-0.7640177607536316, 0.6451951861381531, 0.0, 353.9747314453125], [-0.6451951861381531, -0.7640177607536316, 0.0, 1642.4251708984375], [0.0, 0.0, 1.0, 0.0], [0.0, 0.0, 0.0, 1.0]], "cam_ids": [0, 1, 2, 3, 4, 5], "cam_channels": ["CAM_FRONT_LEFT", "CAM_FRONT", "CAM_FRONT_RIGHT", "CAM_BACK_LEFT", "CAM_BACK", "CAM_BACK_RIGHT"], "token": "71b80d6861c44bc69bc468d54625bd73", "scene": "scene-0095"}, {"images": ["samples/CAM_FRONT_LEFT/n008-2018-08-01-15-16-36-0400__CAM_FRONT_LEFT__1533151252604799.jpg", "samples/CAM_FRONT/n008-2018-08-01-15-16-36-0400__CAM_FRONT__1533151252612404.jpg", "samples/CAM_FRONT_RIGHT/n008-2018-08-01-15-16-36-0400__CAM_FRONT_RIGHT__1533151252620483.jpg", "samples/CAM_BACK_LEFT/n008-2018-08-01-15-16-36-0400__CAM_BACK_LEFT__1533151252647405.jpg", "samples/CAM_BACK/n008-2018-08-01-15-16-36-0400__CAM_BACK__1533151252637558.jpg", "samples/CAM_BACK_RIGHT/n008-2018-08-01-15-16-36-0400__CAM_BACK_RIGHT__1533151252628113.jpg"], "intrinsics": [[[1257.8625342125129, 0.0, 827.2410631095686], [0.0, 1257.8625342125129, 450.915498205774], [0.0, 0.0, 1.0]], [[1252.8131021185304, 0.0, 826.588114781398], [0.0, 1252.8131021185304, 469.9846626224581], [0.0, 0.0, 1.0]], [[1256.7485116440405, 0.0, 817.7887570959712], [0.0, 1256.7485116440403, 451.9541780095127], [0.0, 0.0, 1.0]], [[1254.9860565800168, 0.0, 829.5769333630991], [0.0, 1254.9860565800168, 467.1680561863987], [0.0, 0.0, 1.0]], [[796.8910634503094, 0.0, 857.7774326863696], [0.0, 796.8910634503094, 476.8848988407415], [0.0, 0.0, 1.0]], [[1249.9629280788233, 0.0, 825.3768045375984], [0.0, 1249.9629280788233, 462.54816385708756], [0.0, 0.0, 1.0]]], "extrinsics": [[[0.8225500583648682, -0.5686575174331665, 0.006323892157524824, -1.00506591796875], [0.019025154411792755, 0.016402218490839005, -0.9996844530105591, 1.4882965087890625], [0.5683743953704834, 0.8224108219146729, 0.02431044541299343, -1.3333740234375], [0.0, 0.0, 0.0, 1.0]], [[0.010446886532008648, -0.9998725652694702, -0.012069819495081902, 0.0052490234375], [0.020975792780518532, 0.012286948971450329, -0.9997044801712036, 1.4801654815673828], [0.999725341796875, 0.010190615430474281, 0.02110148034989834, -1.73468017578125], [0.0, 0.0, 0.0, 1.0]], [[-0.8436960577964783, -0.5361717939376831, -0.026398908346891403, 1.090576171875], [0.028991814702749252, 0.0035946678835898638, -0.9995731711387634, 1.493072509765625], [0.5360377430915833, -0.8441012501716614, 0.0125117851421237, -1.2777099609375], [0.0, 0.0, 0.0, 1.0]], [[0.9478241801261902, 0.3186544179916382, 0.00941254012286663, -1.143798828125], [0.003619814058765769, 0.0187660101801157, -0.9998173713684082, 1.562042236328125], [-0.31877294182777405, 0.9476851224899292, 0.01663341000676155, -0.1561279296875], [0.0, 0.0, 0.0, 1.0]], [[0.00903896614909172, 0.9998953938484192, 0.01129134837538004, -0.0289306640625], [0.0057373144663870335, 0.011239766143262386, -0.9999203085899353, 1.5680599212646484], [-0.9999427199363708, 0.009103021584451199, -0.005635117646306753, 0.044403076171875], [0.0, 0.0, 0.0, 1.0]], [[-0.9236524105072021, 0.38299068808555603, -0.013571321032941341, 1.16070556640625], [0.009934327565133572, -0.011472577229142189, -0.9998847842216492, 1.5478105545043945], [-0.3831022381782532, -0.9236809015274048, 0.006791919935494661, -0.0438232421875], [0.0, 0.0, 0.0, 1.0]]], "view": [[0.0, -2.0, 100.0], [-2.0, 0.0, 100.0], [0.0, 0.0, 1.0]], "bev": "bev_7c8b7e6b9a5c46df898321470c81c8e8.png", "aux": "aux_7c8b7e6b9a5c46df898321470c81c8e8.npz", "visibility": "visibility_7c8b7e6b9a5c46df898321470c81c8e8.png", "pose": [[-0.7640801072120667, -0.6451213359832764, 0.0, 1330.1278076171875], [0.6451213359832764, -0.7640801072120667, 0.0, 1026.459228515625], [0.0, 0.0, 1.0, 0.0], [0.0, 0.0, 0.0, 1.0]], "pose_inverse": [[-0.7640801072120667, 0.6451213359832764, 0.0, 354.1334533691406], [-0.6451213359832764, -0.7640801072120667, 0.0, 1642.3909912109375], [0.0, 0.0, 1.0, 0.0], [0.0, 0.0, 0.0, 1.0]], "cam_ids": [0, 1, 2, 3, 4, 5], "cam_channels": ["CAM_FRONT_LEFT", "CAM_FRONT", "CAM_FRONT_RIGHT", "CAM_BACK_LEFT", "CAM_BACK", "CAM_BACK_RIGHT"], "token": "7c8b7e6b9a5c46df898321470c81c8e8", "scene": "scene-0095"}, {"images": ["samples/CAM_FRONT_LEFT/n008-2018-08-01-15-16-36-0400__CAM_FRONT_LEFT__1533151253104799.jpg", "samples/CAM_FRONT/n008-2018-08-01-15-16-36-0400__CAM_FRONT__1533151253112404.jpg", "samples/CAM_FRONT_RIGHT/n008-2018-08-01-15-16-36-0400__CAM_FRONT_RIGHT__1533151253120482.jpg", "samples/CAM_BACK_LEFT/n008-2018-08-01-15-16-36-0400__CAM_BACK_LEFT__1533151253147405.jpg", "samples/CAM_BACK/n008-2018-08-01-15-16-36-0400__CAM_BACK__1533151253137558.jpg", "samples/CAM_BACK_RIGHT/n008-2018-08-01-15-16-36-0400__CAM_BACK_RIGHT__1533151253128113.jpg"], "intrinsics": [[[1257.8625342125129, 0.0, 827.2410631095686], [0.0, 1257.8625342125129, 450.915498205774], [0.0, 0.0, 1.0]], [[1252.8131021185304, 0.0, 826.588114781398], [0.0, 1252.8131021185304, 469.9846626224581], [0.0, 0.0, 1.0]], [[1256.7485116440405, 0.0, 817.7887570959712], [0.0, 1256.7485116440403, 451.9541780095127], [0.0, 0.0, 1.0]], [[1254.9860565800168, 0.0, 829.5769333630991], [0.0, 1254.9860565800168, 467.1680561863987], [0.0, 0.0, 1.0]], [[796.8910634503094, 0.0, 857.7774326863696], [0.0, 796.8910634503094, 476.8848988407415], [0.0, 0.0, 1.0]], [[1249.9629280788233, 0.0, 825.3768045375984], [0.0, 1249.9629280788233, 462.54816385708756], [0.0, 0.0, 1.0]]], "extrinsics": [[[0.8225669860839844, -0.5686335563659668, 0.006296813953667879, -1.00494384765625], [0.019002843648195267, 0.016418805345892906, -0.9996845722198486, 1.4882926940917969], [0.5683507919311523, 0.8224271535873413, 0.024311218410730362, -1.3333740234375], [0.0, 0.0, 0.0, 1.0]], [[0.010469857603311539, -0.9998721480369568, -0.012081662192940712, 0.0052490234375], [0.02095206081867218, 0.012299032881855965, -0.9997048377990723, 1.48016357421875], [0.9997256398200989, 0.010213637724518776, 0.02107814885675907, -1.73480224609375], [0.0, 0.0, 0.0, 1.0]], [[-0.8436872959136963, -0.5361863970756531, -0.026381362229585648, 1.0904541015625], [0.028966590762138367, 0.0036020632833242416, -0.9995738863945007, 1.493072509765625], [0.536052942276001, -0.8440919518470764, 0.012492476031184196, -1.277587890625], [0.0, 0.0, 0.0, 1.0]], [[0.9478231072425842, 0.31865888833999634, 0.009378028102219105, -1.14385986328125], [0.003587547689676285, 0.01875346153974533, -0.9998176693916321, 1.5620384216308594], [-0.3187766969203949, 0.9476839303970337, 0.016631757840514183, -0.1563720703125], [0.0, 0.0, 0.0, 1.0]], [[0.009030911140143871, 0.999895453453064, 0.011288839392364025, -0.02880859375], [0.005710255354642868, 0.011237547732889652, -0.9999205470085144, 1.5680599212646484], [-0.9999428987503052, 0.009094605222344398, -0.005608174484223127, 0.044403076171875], [0.0, 0.0, 0.0, 1.0]], [[-0.9236575961112976, 0.38297945261001587, -0.013545841909945011, 1.16064453125], [0.009907254949212074, -0.011471573263406754, -0.999885082244873, 1.5478143692016602], [-0.3830907642841339, -0.9236856698989868, 0.0068015302531421185, -0.043701171875], [0.0, 0.0, 0.0, 1.0]]], "view": [[0.0, -2.0, 100.0], [-2.0, 0.0, 100.0], [0.0, 0.0, 1.0]], "bev": "bev_0963783c3e71478fbba311287a1a5b42.png", "aux": "aux_0963783c3e71478fbba311287a1a5b42.npz", "visibility": "visibility_0963783c3e71478fbba311287a1a5b42.png", "pose": [[-0.7640286684036255, -0.6451823115348816, 0.0, 1330.1278076171875], [0.6451823115348816, -0.7640286684036255, 0.0, 1026.459228515625], [0.0, 0.0, 1.0, 0.0], [0.0, 0.0, 0.0, 1.0]], "pose_inverse": [[-0.7640286684036255, 0.6451823115348816, 0.0, 354.00244140625], [-0.6451823115348816, -0.7640286684036255, 0.0, 1642.419189453125], [0.0, 0.0, 1.0, 0.0], [0.0, 0.0, 0.0, 1.0]], "cam_ids": [0, 1, 2, 3, 4, 5], "cam_channels": ["CAM_FRONT_LEFT", "CAM_FRONT", "CAM_FRONT_RIGHT", "CAM_BACK_LEFT", "CAM_BACK", "CAM_BACK_RIGHT"], "token": "0963783c3e71478fbba311287a1a5b42", "scene": "scene-0095"}, {"images": ["samples/CAM_FRONT_LEFT/n008-2018-08-01-15-16-36-0400__CAM_FRONT_LEFT__1533151253604799.jpg", "samples/CAM_FRONT/n008-2018-08-01-15-16-36-0400__CAM_FRONT__1533151253612404.jpg", "samples/CAM_FRONT_RIGHT/n008-2018-08-01-15-16-36-0400__CAM_FRONT_RIGHT__1533151253620482.jpg", "samples/CAM_BACK_LEFT/n008-2018-08-01-15-16-36-0400__CAM_BACK_LEFT__1533151253647405.jpg", "samples/CAM_BACK/n008-2018-08-01-15-16-36-0400__CAM_BACK__1533151253637558.jpg", "samples/CAM_BACK_RIGHT/n008-2018-08-01-15-16-36-0400__CAM_BACK_RIGHT__1533151253628113.jpg"], "intrinsics": [[[1257.8625342125129, 0.0, 827.2410631095686], [0.0, 1257.8625342125129, 450.915498205774], [0.0, 0.0, 1.0]], [[1252.8131021185304, 0.0, 826.588114781398], [0.0, 1252.8131021185304, 469.9846626224581], [0.0, 0.0, 1.0]], [[1256.7485116440405, 0.0, 817.7887570959712], [0.0, 1256.7485116440403, 451.9541780095127], [0.0, 0.0, 1.0]], [[1254.9860565800168, 0.0, 829.5769333630991], [0.0, 1254.9860565800168, 467.1680561863987], [0.0, 0.0, 1.0]], [[796.8910634503094, 0.0, 857.7774326863696], [0.0, 796.8910634503094, 476.8848988407415], [0.0, 0.0, 1.0]], [[1249.9629280788233, 0.0, 825.3768045375984], [0.0, 1249.9629280788233, 462.54816385708756], [0.0, 0.0, 1.0]]], "extrinsics": [[[0.8225529789924622, -0.568654477596283, 0.006224128417670727, -1.0050048828125], [0.018916621804237366, 0.01642078347504139, -0.9996862411499023, 1.4882926940917969], [0.5683736801147461, 0.8224126696586609, 0.024263987317681313, -1.3333740234375], [0.0, 0.0, 0.0, 1.0]], [[0.010449276305735111, -0.9998723268508911, -0.012087948620319366, 0.00537109375], [0.020866496488451958, 0.012304010801017284, -0.9997065663337708, 1.4801673889160156], [0.9997276067733765, 0.010193946771323681, 0.020992400124669075, -1.7347412109375], [0.0, 0.0, 0.0, 1.0]], [[-0.8436974883079529, -0.5361736416816711, -0.026314258575439453, 1.0906982421875], [0.02888174168765545, 0.00361012970097363, -0.9995762705802917, 1.4930744171142578], [0.5360413789749146, -0.8440999984741211, 0.012439770624041557, -1.2777099609375], [0.0, 0.0, 0.0, 1.0]], [[0.9478230476379395, 0.3186613619327545, 0.009296998381614685, -1.14385986328125], [0.0034956540912389755, 0.01877240650355816, -0.9998176693916321, 1.562042236328125], [-0.31877779960632324, 0.9476827383041382, 0.016678988933563232, -0.1561279296875], [0.0, 0.0, 0.0, 1.0]], [[0.009035822004079819, 0.9998953342437744, 0.011302024126052856, -0.02880859375], [0.005628347396850586, 0.011251450516283512, -0.9999208450317383, 1.5680618286132812], [-0.9999433159828186, 0.00909861084073782, -0.005526091903448105, 0.044464111328125], [0.0, 0.0, 0.0, 1.0]], [[-0.9236545562744141, 0.3829892575740814, -0.013469128869473934, 1.160675048828125], [0.009830188937485218, -0.011456966400146484, -0.9998860359191895, 1.5478105545043945], [-0.3830999433994293, -0.9236817955970764, 0.006817423272877932, -0.043701171875], [0.0, 0.0, 0.0, 1.0]]], "view": [[0.0, -2.0, 100.0], [-2.0, 0.0, 100.0], [0.0, 0.0, 1.0]], "bev": "bev_22141d99bca241658083cbbf3c7dcaf2.png", "aux": "aux_22141d99bca241658083cbbf3c7dcaf2.npz", "visibility": "visibility_22141d99bca241658083cbbf3c7dcaf2.png", "pose": [[-0.7640430331230164, -0.6451652646064758, 0.0, 1330.1278076171875], [0.6451652646064758, -0.7640430331230164, 0.0, 1026.459228515625], [0.0, 0.0, 1.0, 0.0], [0.0, 0.0, 0.0, 1.0]], "pose_inverse": [[-0.7640430331230164, 0.6451652646064758, 0.0, 354.0390625], [-0.6451652646064758, -0.7640430331230164, 0.0, 1642.4112548828125], [0.0, 0.0, 1.0, 0.0], [0.0, 0.0, 0.0, 1.0]], "cam_ids": [0, 1, 2, 3, 4, 5], "cam_channels": ["CAM_FRONT_LEFT", "CAM_FRONT", "CAM_FRONT_RIGHT", "CAM_BACK_LEFT", "CAM_BACK", "CAM_BACK_RIGHT"], "token": "22141d99bca241658083cbbf3c7dcaf2", "scene": "scene-0095"}, {"images": ["samples/CAM_FRONT_LEFT/n008-2018-08-01-15-16-36-0400__CAM_FRONT_LEFT__1533151254104799.jpg", "samples/CAM_FRONT/n008-2018-08-01-15-16-36-0400__CAM_FRONT__1533151254112404.jpg", "samples/CAM_FRONT_RIGHT/n008-2018-08-01-15-16-36-0400__CAM_FRONT_RIGHT__1533151254120482.jpg", "samples/CAM_BACK_LEFT/n008-2018-08-01-15-16-36-0400__CAM_BACK_LEFT__1533151254147405.jpg", "samples/CAM_BACK/n008-2018-08-01-15-16-36-0400__CAM_BACK__1533151254137558.jpg", "samples/CAM_BACK_RIGHT/n008-2018-08-01-15-16-36-0400__CAM_BACK_RIGHT__1533151254128113.jpg"], "intrinsics": [[[1257.8625342125129, 0.0, 827.2410631095686], [0.0, 1257.8625342125129, 450.915498205774], [0.0, 0.0, 1.0]], [[1252.8131021185304, 0.0, 826.588114781398], [0.0, 1252.8131021185304, 469.9846626224581], [0.0, 0.0, 1.0]], [[1256.7485116440405, 0.0, 817.7887570959712], [0.0, 1256.7485116440403, 451.9541780095127], [0.0, 0.0, 1.0]], [[1254.9860565800168, 0.0, 829.5769333630991], [0.0, 1254.9860565800168, 467.1680561863987], [0.0, 0.0, 1.0]], [[796.8910634503094, 0.0, 857.7774326863696], [0.0, 796.8910634503094, 476.8848988407415], [0.0, 0.0, 1.0]], [[1249.9629280788233, 0.0, 825.3768045375984], [0.0, 1249.9629280788233, 462.54816385708756], [0.0, 0.0, 1.0]]], "extrinsics": [[[0.8225619196891785, -0.5686414241790771, 0.006246307399123907, -1.00494384765625], [0.018867934122681618, 0.01631200686097145, -0.9996888637542725, 1.4882888793945312], [0.5683625936508179, 0.8224237561225891, 0.02414672076702118, -1.333251953125], [0.0, 0.0, 0.0, 1.0]], [[0.01045889500528574, -0.9998735189437866, -0.011985473334789276, 0.0054931640625], [0.02082199975848198, 0.012201301753520966, -0.9997087717056274, 1.4801673889160156], [0.9997284412384033, 0.010206293314695358, 0.02094697766005993, -1.73468017578125], [0.0, 0.0, 0.0, 1.0]], [[-0.8436943888664246, -0.536182701587677, -0.026228757575154305, 1.090576171875], [0.028841672465205193, 0.0035139694809913635, -0.9995777606964111, 1.4930696487426758], [0.5360485315322876, -0.8440946936607361, 0.012499690055847168, -1.277587890625], [0.0, 0.0, 0.0, 1.0]], [[0.9478233456611633, 0.3186618685722351, 0.009248531423509121, -1.14373779296875], [0.003468128852546215, 0.01870221644639969, -0.9998190402984619, 1.562042236328125], [-0.31877726316452026, 0.9476839303970337, 0.016621233895421028, -0.1561279296875], [0.0, 0.0, 0.0, 1.0]], [[0.00903358031064272, 0.9998963475227356, 0.011212448589503765, -0.0289306640625], [0.0055852062068879604, 0.01116227824240923, -0.9999220967292786, 1.5680618286132812], [-0.9999436736106873, 0.009095516987144947, -0.00548379123210907, 0.04437255859375], [0.0, 0.0, 0.0, 1.0]], [[-0.9236572980880737, 0.3829830288887024, -0.013462270610034466, 1.16064453125], [0.009782882407307625, -0.011553249321877956, -0.9998853802680969, 1.5478124618530273], [-0.3830946385860443, -0.9236831665039062, 0.006924566347151995, -0.0435791015625], [0.0, 0.0, 0.0, 1.0]]], "view": [[0.0, -2.0, 100.0], [-2.0, 0.0, 100.0], [0.0, 0.0, 1.0]], "bev": "bev_da3ef456918149c5a22ff069dd97b7d7.png", "aux": "aux_da3ef456918149c5a22ff069dd97b7d7.npz", "visibility": "visibility_da3ef456918149c5a22ff069dd97b7d7.png", "pose": [[-0.7640484571456909, -0.6451588869094849, 0.0, 1330.1278076171875], [0.6451588869094849, -0.7640484571456909, 0.0, 1026.459228515625], [0.0, 0.0, 1.0, 0.0], [0.0, 0.0, 0.0, 1.0]], "pose_inverse": [[-0.7640484571456909, 0.6451588869094849, 0.0, 354.0527648925781], [-0.6451588869094849, -0.7640484571456909, 0.0, 1642.4083251953125], [0.0, 0.0, 1.0, 0.0], [0.0, 0.0, 0.0, 1.0]], "cam_ids": [0, 1, 2, 3, 4, 5], "cam_channels": ["CAM_FRONT_LEFT", "CAM_FRONT", "CAM_FRONT_RIGHT", "CAM_BACK_LEFT", "CAM_BACK", "CAM_BACK_RIGHT"], "token": "da3ef456918149c5a22ff069dd97b7d7", "scene": "scene-0095"}, {"images": ["samples/CAM_FRONT_LEFT/n008-2018-08-01-15-16-36-0400__CAM_FRONT_LEFT__1533151254604799.jpg", "samples/CAM_FRONT/n008-2018-08-01-15-16-36-0400__CAM_FRONT__1533151254612404.jpg", "samples/CAM_FRONT_RIGHT/n008-2018-08-01-15-16-36-0400__CAM_FRONT_RIGHT__1533151254620482.jpg", "samples/CAM_BACK_LEFT/n008-2018-08-01-15-16-36-0400__CAM_BACK_LEFT__1533151254647407.jpg", "samples/CAM_BACK/n008-2018-08-01-15-16-36-0400__CAM_BACK__1533151254637558.jpg", "samples/CAM_BACK_RIGHT/n008-2018-08-01-15-16-36-0400__CAM_BACK_RIGHT__1533151254628113.jpg"], "intrinsics": [[[1257.8625342125129, 0.0, 827.2410631095686], [0.0, 1257.8625342125129, 450.915498205774], [0.0, 0.0, 1.0]], [[1252.8131021185304, 0.0, 826.588114781398], [0.0, 1252.8131021185304, 469.9846626224581], [0.0, 0.0, 1.0]], [[1256.7485116440405, 0.0, 817.7887570959712], [0.0, 1256.7485116440403, 451.9541780095127], [0.0, 0.0, 1.0]], [[1254.9860565800168, 0.0, 829.5769333630991], [0.0, 1254.9860565800168, 467.1680561863987], [0.0, 0.0, 1.0]], [[796.8910634503094, 0.0, 857.7774326863696], [0.0, 796.8910634503094, 476.8848988407415], [0.0, 0.0, 1.0]], [[1249.9629280788233, 0.0, 825.3768045375984], [0.0, 1249.9629280788233, 462.54816385708756], [0.0, 0.0, 1.0]]], "extrinsics": [[[0.8225457072257996, -0.5686642527580261, 0.0062882923521101475, -1.005126953125], [0.018923139199614525, 0.016316866502165794, -0.9996877908706665, 1.4882926940917969], [0.5683841109275818, 0.8224078416824341, 0.024182280525565147, -1.3333740234375], [0.0, 0.0, 0.0, 1.0]], [[0.010437976568937302, -0.9998736381530762, -0.011991948820650578, 0.00537109375], [0.020869363099336624, 0.012207819148898125, -0.9997076988220215, 1.4801654815673828], [0.999727725982666, 0.01018468663096428, 0.020994151011109352, -1.73468017578125], [0.0, 0.0, 0.0, 1.0]], [[-0.8437017202377319, -0.5361692905426025, -0.02626628987491131, 1.090576171875], [0.02888069674372673, 0.003522163722664118, -0.9995766282081604, 1.4930706024169922], [0.5360348224639893, -0.8441031575202942, 0.012513288296759129, -1.277587890625], [0.0, 0.0, 0.0, 1.0]], [[0.9478246569633484, 0.3186575770378113, 0.009263372048735619, -1.14398193359375], [0.003489151131361723, 0.01868649758398533, -0.999819278717041, 1.5620403289794922], [-0.31877315044403076, 0.947685718536377, 0.01659967750310898, -0.1561279296875], [0.0, 0.0, 0.0, 1.0]], [[0.00904067512601614, 0.9998962879180908, 0.011211346834897995, -0.02880859375], [0.0056136553175747395, 0.011160879395902157, -0.9999219179153442, 1.5680618286132812], [-0.9999433755874634, 0.00910286046564579, -0.00551217328