[{"images": ["samples/CAM_FRONT_LEFT/n015-2018-11-14-18-57-54+0800__CAM_FRONT_LEFT__1542193301504844.jpg", "samples/CAM_FRONT/n015-2018-11-14-18-57-54+0800__CAM_FRONT__1542193301512460.jpg", "samples/CAM_FRONT_RIGHT/n015-2018-11-14-18-57-54+0800__CAM_FRONT_RIGHT__1542193301520339.jpg", "samples/CAM_BACK_LEFT/n015-2018-11-14-18-57-54+0800__CAM_BACK_LEFT__1542193301547423.jpg", "samples/CAM_BACK/n015-2018-11-14-18-57-54+0800__CAM_BACK__1542193301537525.jpg", "samples/CAM_BACK_RIGHT/n015-2018-11-14-18-57-54+0800__CAM_BACK_RIGHT__1542193301527893.jpg"], "intrinsics": [[[1272.5979470598488, 0.0, 826.6154927353808], [0.0, 1272.5979470598488, 479.75165386361925], [0.0, 0.0, 1.0]], [[1266.417203046554, 0.0, 816.2670197447984], [0.0, 1266.417203046554, 491.50706579294757], [0.0, 0.0, 1.0]], [[1260.8474446004698, 0.0, 807.968244525554], [0.0, 1260.8474446004698, 495.3344268742088], [0.0, 0.0, 1.0]], [[1256.7414812095406, 0.0, 792.1125740759628], [0.0, 1256.7414812095406, 492.7757465151356], [0.0, 0.0, 1.0]], [[809.2209905677063, 0.0, 829.2196003259838], [0.0, 809.2209905677063, 481.77842384512485], [0.0, 0.0, 1.0]], [[1259.5137405846733, 0.0, 807.2529053838625], [0.0, 1259.5137405846733, 501.19579884916527], [0.0, 0.0, 1.0]]], "extrinsics": [[[0.8231509923934937, -0.5673715472221375, 0.02262893132865429, -0.78955078125], [0.04848301410675049, 0.030521569773554802, -0.9983575344085693, 1.5185356140136719], [0.565748929977417, 0.8228960633277893, 0.05263173580169678, -1.160491943359375], [0.0, 0.0, 0.0, 1.0]], [[0.010627735406160355, -0.9996048808097839, -0.026020746678113937, 0.0074462890625], [0.0430181547999382, 0.02645518071949482, -0.9987239837646484, 1.528045654296875], [0.9990177154541016, 0.00949479453265667, 0.04328231140971184, -1.517333984375], [0.0, 0.0, 0.0, 1.0]], [[-0.8291783332824707, -0.5552514791488647, -0.0644909143447876, 0.9195556640625], [0.048354461789131165, 0.04369074106216431, -0.9978742003440857, 1.5102100372314453], [0.5568886995315552, -0.8305341005325317, -0.009378529153764248, -1.172119140625], [0.0, 0.0, 0.0, 1.0]], [[0.946043848991394, 0.31885018944740295, 0.05775433033704758, -1.13916015625], [0.05646948516368866, 0.013280406594276428, -0.9983159899711609, 1.5887603759765625], [-0.31908029317855835, 0.9477120637893677, -0.005441464949399233, -0.10498046875], [0.0, 0.0, 0.0, 1.0]], [[0.00016339097055606544, 0.9997272491455078, 0.02335427887737751, 0.00244140625], [0.031277887523174286, 0.023337744176387787, -0.9992382526397705, 1.580963134765625], [-0.999510645866394, 0.0008937016245909035, -0.03126554191112518, -0.0499267578125], [0.0, 0.0, 0.0, 1.0]], [[-0.9343812465667725, 0.35325223207473755, -0.0463089756667614, 1.04345703125], [0.0640600249171257, 0.0387185662984848, -0.9971946477890015, 1.5577735900878906], [-0.350468248128891, -0.9347265958786011, -0.05880725756287575, -0.097900390625], [0.0, 0.0, 0.0, 1.0]]], "view": [[0.0, -2.0, 100.0], [-2.0, 0.0, 100.0], [0.0, 0.0, 1.0]], "bev": "bev_ac843f14a2b54bd18b2a15ff3e3c06e1.png", "aux": "aux_ac843f14a2b54bd18b2a15ff3e3c06e1.npz", "visibility": "visibility_ac843f14a2b54bd18b2a15ff3e3c06e1.png", "pose": [[0.4112953245639801, 0.9115021228790283, 0.0, 814.2547607421875], [-0.9115021228790283, 0.4112953245639801, 0.0, 2366.3251953125], [0.0, 0.0, 1.0, 0.0], [0.0, 0.0, 0.0, 1.0]], "pose_inverse": [[0.4112953245639801, -0.9115021228790283, 0.0, 1822.0113525390625], [0.9115021228790283, 0.4112953245639801, 0.0, -1715.453369140625], [0.0, 0.0, 1.0, 0.0], [0.0, 0.0, 0.0, 1.0]], "cam_ids": [0, 1, 2, 3, 4, 5], "cam_channels": ["CAM_FRONT_LEFT", "CAM_FRONT", "CAM_FRONT_RIGHT", "CAM_BACK_LEFT", "CAM_BACK", "CAM_BACK_RIGHT"], "token": "ac843f14a2b54bd18b2a15ff3e3c06e1", "scene": "scene-1000"}, {"images": ["samples/CAM_FRONT_LEFT/n015-2018-11-14-18-57-54+0800__CAM_FRONT_LEFT__1542193302004844.jpg", "samples/CAM_FRONT/n015-2018-11-14-18-57-54+0800__CAM_FRONT__1542193302012460.jpg", "samples/CAM_FRONT_RIGHT/n015-2018-11-14-18-57-54+0800__CAM_FRONT_RIGHT__1542193302020339.jpg", "samples/CAM_BACK_LEFT/n015-2018-11-14-18-57-54+0800__CAM_BACK_LEFT__1542193302047423.jpg", "samples/CAM_BACK/n015-2018-11-14-18-57-54+0800__CAM_BACK__1542193302037525.jpg", "samples/CAM_BACK_RIGHT/n015-2018-11-14-18-57-54+0800__CAM_BACK_RIGHT__1542193302027893.jpg"], "intrinsics": [[[1272.5979470598488, 0.0, 826.6154927353808], [0.0, 1272.5979470598488, 479.75165386361925], [0.0, 0.0, 1.0]], [[1266.417203046554, 0.0, 816.2670197447984], [0.0, 1266.417203046554, 491.50706579294757], [0.0, 0.0, 1.0]], [[1260.8474446004698, 0.0, 807.968244525554], [0.0, 1260.8474446004698, 495.3344268742088], [0.0, 0.0, 1.0]], [[1256.7414812095406, 0.0, 792.1125740759628], [0.0, 1256.7414812095406, 492.7757465151356], [0.0, 0.0, 1.0]], [[809.2209905677063, 0.0, 829.2196003259838], [0.0, 809.2209905677063, 481.77842384512485], [0.0, 0.0, 1.0]], [[1259.5137405846733, 0.0, 807.2529053838625], [0.0, 1259.5137405846733, 501.19579884916527], [0.0, 0.0, 1.0]]], "extrinsics": [[[0.823054850101471, -0.5675275325775146, 0.022209130227565765, -0.78857421875], [0.04253382608294487, 0.022596823051571846, -0.9988394975662231, 1.5173835754394531], [0.566366970539093, 0.8230443596839905, 0.04273753613233566, -1.158447265625], [0.0, 0.0, 0.0, 1.0]], [[0.010111086070537567, -0.9997861385345459, -0.01803712546825409, 0.0067138671875], [0.03714640811085701, 0.018401149660348892, -0.9991404414176941, 1.5271034240722656], [0.9992586970329285, 0.009432370774447918, 0.03732451796531677, -1.5157470703125], [0.0, 0.0, 0.0, 1.0]], [[-0.8297300338745117, -0.5554352402687073, -0.055134497582912445, 0.91839599609375], [0.04257717728614807, 0.03550754860043526, -0.9984619617462158, 1.5094890594482422], [0.5565386414527893, -0.8308014273643494, -0.005812815390527248, -1.17236328125], [0.0, 0.0, 0.0, 1.0]], [[0.9464414715766907, 0.3190189599990845, 0.04975425824522972, -1.139892578125], [0.05090431123971939, 0.004737164359539747, -0.9986922740936279, 1.5886764526367188], [-0.318837434053421, 0.9477365612983704, -0.011755988933146, -0.104248046875], [0.0, 0.0, 0.0, 1.0]], [[0.0006145278457552195, 0.9998888969421387, 0.014898956753313541, 0.0029296875], [0.025659436360001564, 0.014878286980092525, -0.9995600581169128, 1.5806770324707031], [-0.9996705651283264, 0.0009965647477656603, -0.025647437199950218, -0.0496826171875], [0.0, 0.0, 0.0, 1.0]], [[-0.9345138072967529, 0.3532100319862366, -0.043893635272979736, 1.043212890625], [0.05836167186498642, 0.030410533770918846, -0.997832179069519, 1.5572776794433594], [-0.35110950469970703, -0.9350497126579285, -0.049032989889383316, -0.0986328125], [0.0, 0.0, 0.0, 1.0]]], "view": [[0.0, -2.0, 100.0], [-2.0, 0.0, 100.0], [0.0, 0.0, 1.0]], "bev": "bev_cbb43e67df4540619c8cca92940b6368.png", "aux": "aux_cbb43e67df4540619c8cca92940b6368.npz", "visibility": "visibility_cbb43e67df4540619c8cca92940b6368.png", "pose": [[0.3669244647026062, 0.9302507638931274, 0.0, 815.20703125], [-0.9302507638931274, 0.3669244647026062, 0.0, 2364.063720703125], [0.0, 0.0, 1.0, 0.0], [0.0, 0.0, 0.0, 1.0]], "pose_inverse": [[0.3669244647026062, -0.9302507638931274, 0.0, 1900.0526123046875], [0.9302507638931274, 0.3669244647026062, 0.0, -1625.77978515625], [0.0, 0.0, 1.0, 0.0], [0.0, 0.0, 0.0, 1.0]], "cam_ids": [0, 1, 2, 3, 4, 5], "cam_channels": ["CAM_FRONT_LEFT", "CAM_FRONT", "CAM_FRONT_RIGHT", "CAM_BACK_LEFT", "CAM_BACK", "CAM_BACK_RIGHT"], "token": "cbb43e67df4540619c8cca92940b6368", "scene": "scene-1000"}, {"images": ["samples/CAM_FRONT_LEFT/n015-2018-11-14-18-57-54+0800__CAM_FRONT_LEFT__1542193302504844.jpg", "samples/CAM_FRONT/n015-2018-11-14-18-57-54+0800__CAM_FRONT__1542193302512460.jpg", "samples/CAM_FRONT_RIGHT/n015-2018-11-14-18-57-54+0800__CAM_FRONT_RIGHT__1542193302520339.jpg", "samples/CAM_BACK_LEFT/n015-2018-11-14-18-57-54+0800__CAM_BACK_LEFT__1542193302547423.jpg", "samples/CAM_BACK/n015-2018-11-14-18-57-54+0800__CAM_BACK__1542193302537525.jpg", "samples/CAM_BACK_RIGHT/n015-2018-11-14-18-57-54+0800__CAM_BACK_RIGHT__1542193302527893.jpg"], "intrinsics": [[[1272.5979470598488, 0.0, 826.6154927353808], [0.0, 1272.5979470598488, 479.75165386361925], [0.0, 0.0, 1.0]], [[1266.417203046554, 0.0, 816.2670197447984], [0.0, 1266.417203046554, 491.50706579294757], [0.0, 0.0, 1.0]], [[1260.8474446004698, 0.0, 807.968244525554], [0.0, 1260.8474446004698, 495.3344268742088], [0.0, 0.0, 1.0]], [[1256.7414812095406, 0.0, 792.1125740759628], [0.0, 1256.7414812095406, 492.7757465151356], [0.0, 0.0, 1.0]], [[809.2209905677063, 0.0, 829.2196003259838], [0.0, 809.2209905677063, 481.77842384512485], [0.0, 0.0, 1.0]], [[1259.5137405846733, 0.0, 807.2529053838625], [0.0, 1259.5137405846733, 501.19579884916527], [0.0, 0.0, 1.0]]], "extrinsics": [[[0.8222901821136475, -0.5685287117958069, 0.024777518585324287, -0.791259765625], [0.04033525288105011, 0.014797215349972248, -0.9990766644477844, 1.5167312622070312], [0.5676370859146118, 0.8225303292274475, 0.03509935364127159, -1.1613922119140625], [0.0, 0.0, 0.0, 1.0]], [[0.00878418143838644, -0.9999083280563354, -0.010292712599039078, 0.00732421875], [0.0349491611123085, 0.010593816637992859, -0.9993329644203186, 1.526580810546875], [0.9993504285812378, 0.00841854140162468, 0.0350390188395977, -1.519287109375], [0.0, 0.0, 0.0, 1.0]], [[-0.8304823637008667, -0.5548873543739319, -0.04897987097501755, 0.9212646484375], [0.0404091402888298, 0.027684886008501053, -0.9987995624542236, 1.5090522766113281], [0.5555772185325623, -0.8314647674560547, -0.000569286523386836, -1.173828125], [0.0, 0.0, 0.0, 1.0]], [[0.9466464519500732, 0.3190847337245941, 0.04522588104009628, -1.143310546875], [0.048755720257759094, -0.0030792932957410812, -0.9988059401512146, 1.5884933471679688], [-0.3185644745826721, 0.9477212429046631, -0.018472209572792053, -0.103515625], [0.0, 0.0, 0.0, 1.0]], [[0.0012849486665800214, 0.9999740123748779, 0.007097975816577673, 0.002685546875], [0.02348233014345169, 0.007065851707011461, -0.9996992945671082, 1.5804939270019531], [-0.9997234344482422, 0.0014512230409309268, -0.023472636938095093, -0.046630859375], [0.0, 0.0, 0.0, 1.0]], [[-0.9342758655548096, 0.3537524938583374, -0.04458453133702278, 1.045654296875], [0.0561818890273571, 0.02257694862782955, -0.9981652498245239, 1.5568771362304688], [-0.3520968556404114, -0.9350665807723999, -0.04096757993102074, -0.097412109375], [0.0, 0.0, 0.0, 1.0]]], "view": [[0.0, -2.0, 100.0], [-2.0, 0.0, 100.0], [0.0, 0.0, 1.0]], "bev": "bev_50e2c1967f7849b7b20620e3bb8aa6c1.png", "aux": "aux_50e2c1967f7849b7b20620e3bb8aa6c1.npz", "visibility": "visibility_50e2c1967f7849b7b20620e3bb8aa6c1.png", "pose": [[0.3232344090938568, 0.9463189244270325, 0.0, 816.0604248046875], [-0.9463189244270325, 0.3232344090938568, 0.0, 2361.708251953125], [0.0, 0.0, 1.0, 0.0], [0.0, 0.0, 0.0, 1.0]], "pose_inverse": [[0.3232344090938568, -0.9463189244270325, 0.0, 1971.150390625], [0.9463189244270325, 0.3232344090938568, 0.0, -1535.6387939453125], [0.0, 0.0, 1.0, 0.0], [0.0, 0.0, 0.0, 1.0]], "cam_ids": [0, 1, 2, 3, 4, 5], "cam_channels": ["CAM_FRONT_LEFT", "CAM_FRONT", "CAM_FRONT_RIGHT", "CAM_BACK_LEFT", "CAM_BACK", "CAM_BACK_RIGHT"], "token": "50e2c1967f7849b7b20620e3bb8aa6c1", "scene": "scene-1000"}, {"images": ["samples/CAM_FRONT_LEFT/n015-2018-11-14-18-57-54+0800__CAM_FRONT_LEFT__1542193303004844.jpg", "samples/CAM_FRONT/n015-2018-11-14-18-57-54+0800__CAM_FRONT__1542193303012460.jpg", "samples/CAM_FRONT_RIGHT/n015-2018-11-14-18-57-54+0800__CAM_FRONT_RIGHT__1542193303020339.jpg", "samples/CAM_BACK_LEFT/n015-2018-11-14-18-57-54+0800__CAM_BACK_LEFT__1542193303047423.jpg", "samples/CAM_BACK/n015-2018-11-14-18-57-54+0800__CAM_BACK__1542193303037525.jpg", "samples/CAM_BACK_RIGHT/n015-2018-11-14-18-57-54+0800__CAM_BACK_RIGHT__1542193303027893.jpg"], "intrinsics": [[[1272.5979470598488, 0.0, 826.6154927353808], [0.0, 1272.5979470598488, 479.75165386361925], [0.0, 0.0, 1.0]], [[1266.417203046554, 0.0, 816.2670197447984], [0.0, 1266.417203046554, 491.50706579294757], [0.0, 0.0, 1.0]], [[1260.8474446004698, 0.0, 807.968244525554], [0.0, 1260.8474446004698, 495.3344268742088], [0.0, 0.0, 1.0]], [[1256.7414812095406, 0.0, 792.1125740759628], [0.0, 1256.7414812095406, 492.7757465151356], [0.0, 0.0, 1.0]], [[809.2209905677063, 0.0, 829.2196003259838], [0.0, 809.2209905677063, 481.77842384512485], [0.0, 0.0, 1.0]], [[1259.5137405846733, 0.0, 807.2529053838625], [0.0, 1259.5137405846733, 501.19579884916527], [0.0, 0.0, 1.0]]], "extrinsics": [[[0.8211995363235474, -0.5702961683273315, 0.019838429987430573, -0.802490234375], [0.03286842629313469, 0.012564333155751228, -0.9993807077407837, 1.5147552490234375], [0.5696937441825867, 0.8213430047035217, 0.02906256541609764, -1.1676101684570312], [0.0, 0.0, 0.0, 1.0]], [[0.0069315023720264435, -0.9999396204948425, -0.008525163866579533, 0.006103515625], [0.027776774019002914, 0.00871461071074009, -0.9995761513710022, 1.5250434875488281], [0.9995900988578796, 0.006691780872642994, 0.02783549763262272, -1.530029296875], [0.0, 0.0, 0.0, 1.0]], [[-0.8315428495407104, -0.553836464881897, -0.0424455963075161, 0.92822265625], [0.03357930853962898, 0.026153024286031723, -0.999093770980835, 1.5078468322753906], [0.5544446706771851, -0.8322145938873291, -0.003149918280541897, -1.178955078125], [0.0, 0.0, 0.0, 1.0]], [[0.9469142556190491, 0.3190368115901947, 0.039611127227544785, -1.1441650390625], [0.04302798584103584, -0.003666152711957693, -0.9990671277046204, 1.5884780883789062], [-0.3185940086841583, 0.9477352499961853, -0.017199041321873665, -0.10302734375], [0.0, 0.0, 0.0, 1.0]], [[0.0018537528812885284, 0.9999788999557495, 0.00622416939586401, 0.0029296875], [0.017343895509839058, 0.006191092077642679, -0.999830424785614, 1.5801315307617188], [-0.9998478889465332, 0.001961414935067296, -0.017332054674625397, -0.04296875], [0.0, 0.0, 0.0, 1.0]], [[-0.9342061281204224, 0.3546084761619568, -0.03888081759214401, 1.05224609375], [0.049661971628665924, 0.021349024027585983, -0.9985378980636597, 1.5559005737304688], [-0.3532599210739136, -0.9347711801528931, -0.03755494952201843, -0.09539794921875], [0.0, 0.0, 0.0, 1.0]]], "view": [[0.0, -2.0, 100.0], [-2.0, 0.0, 100.0], [0.0, 0.0, 1.0]], "bev": "bev_2af82f2fcdcf42dda26a647bc4d087af.png", "aux": "aux_2af82f2fcdcf42dda26a647bc4d087af.npz", "visibility": "visibility_2af82f2fcdcf42dda26a647bc4d087af.png", "pose": [[0.2984054386615753, 0.9544392228126526, 0.0, 816.8033447265625], [-0.9544392228126526, 0.2984054386615753, 0.0, 2359.364013671875], [0.0, 0.0, 1.0, 0.0], [0.0, 0.0, 0.0, 1.0]], "pose_inverse": [[0.2984054386615753, -0.9544392228126526, 0.0, 2008.1309814453125], [0.9544392228126526, 0.2984054386615753, 0.0, -1483.63623046875], [0.0, 0.0, 1.0, 0.0], [0.0, 0.0, 0.0, 1.0]], "cam_ids": [0, 1, 2, 3, 4, 5], "cam_channels": ["CAM_FRONT_LEFT", "CAM_FRONT", "CAM_FRONT_RIGHT", "CAM_BACK_LEFT", "CAM_BACK", "CAM_BACK_RIGHT"], "token": "2af82f2fcdcf42dda26a647bc4d087af", "scene": "scene-1000"}, {"images": ["samples/CAM_FRONT_LEFT/n015-2018-11-14-18-57-54+0800__CAM_FRONT_LEFT__1542193303504844.jpg", "samples/CAM_FRONT/n015-2018-11-14-18-57-54+0800__CAM_FRONT__1542193303512460.jpg", "samples/CAM_FRONT_RIGHT/n015-2018-11-14-18-57-54+0800__CAM_FRONT_RIGHT__1542193303520339.jpg", "samples/CAM_BACK_LEFT/n015-2018-11-14-18-57-54+0800__CAM_BACK_LEFT__1542193303547423.jpg", "samples/CAM_BACK/n015-2018-11-14-18-57-54+0800__CAM_BACK__1542193303537525.jpg", "samples/CAM_BACK_RIGHT/n015-2018-11-14-18-57-54+0800__CAM_BACK_RIGHT__1542193303527893.jpg"], "intrinsics": [[[1272.5979470598488, 0.0, 826.6154927353808], [0.0, 1272.5979470598488, 479.75165386361925], [0.0, 0.0, 1.0]], [[1266.417203046554, 0.0, 816.2670197447984], [0.0, 1266.417203046554, 491.50706579294757], [0.0, 0.0, 1.0]], [[1260.8474446004698, 0.0, 807.968244525554], [0.0, 1260.8474446004698, 495.3344268742088], [0.0, 0.0, 1.0]], [[1256.7414812095406, 0.0, 792.1125740759628], [0.0, 1256.7414812095406, 492.7757465151356], [0.0, 0.0, 1.0]], [[809.2209905677063, 0.0, 829.2196003259838], [0.0, 809.2209905677063, 481.77842384512485], [0.0, 0.0, 1.0]], [[1259.5137405846733, 0.0, 807.2529053838625], [0.0, 1259.5137405846733, 501.19579884916527], [0.0, 0.0, 1.0]]], "extrinsics": [[[0.8221754431724548, -0.5687168836593628, 0.02426023595035076, -0.798828125], [0.032397858798503876, 0.004201448988169432, -0.9994662404060364, 1.5147590637207031], [0.5683113932609558, 0.8225226402282715, 0.021879537031054497, -1.1667823791503906], [0.0, 0.0, 0.0, 1.0]], [[0.008274775929749012, -0.9999656677246094, -0.00010678922262741253, 0.0074462890625], [0.026854464784264565, 0.0003289758460596204, -0.9996393322944641, 1.5249519348144531], [0.999605119228363, 0.008268921636044979, 0.02685626409947872, -1.527587890625], [0.0, 0.0, 0.0, 1.0]], [[-0.8310508131980896, -0.5549899339675903, -0.03661540150642395, 0.927001953125], [0.03216632083058357, 0.01776397041976452, -0.99932461977005, 1.5077171325683594], [0.555265486240387, -0.831667423248291, 0.003089219331741333, -1.177490234375], [0.0, 0.0, 0.0, 1.0]], [[0.9471333622932434, 0.3190438151359558, 0.03390463814139366, -1.144775390625], [0.03969072923064232, -0.011649781838059425, -0.9991440773010254, 1.5884475708007812], [-0.3183757960796356, 0.9476683735847473, -0.023696977645158768, -0.1029052734375], [0.0, 0.0, 0.0, 1.0]], [[0.0016825452912598848, 0.9999966025352478, -0.001980461413040757, 0.00244140625], [0.014771915040910244, -0.0020051016472280025, -0.9998888969421387, 1.5800209045410156], [-0.9998894929885864, 0.0016531196888536215, -0.014775239862501621, -0.04296875], [0.0, 0.0, 0.0, 1.0]], [[-0.9345043897628784, 0.3536863625049591, -0.04009236767888069, 1.051025390625], [0.04777161404490471, 0.013004711829125881, -0.9987736344337463, 1.5557861328125], [-0.35273122787475586, -0.9352737069129944, -0.029049132019281387, -0.09521484375], [0.0, 0.0, 0.0, 1.0]]], "view": [[0.0, -2.0, 100.0], [-2.0, 0.0, 100.0], [0.0, 0.0, 1.0]], "bev": "bev_1ed583fe2bfd4d56b710c6f82ea64d3d.png", "aux": "aux_1ed583fe2bfd4d56b710c6f82ea64d3d.npz", "visibility": "visibility_1ed583fe2bfd4d56b710c6f82ea64d3d.png", "pose": [[0.2710503041744232, 0.9625651836395264, 0.0, 817.473388671875], [-0.9625651836395264, 0.2710503041744232, 0.0, 2357.06396484375], [0.0, 0.0, 1.0, 0.0], [0.0, 0.0, 0.0, 1.0]], "pose_inverse": [[0.2710503041744232, -0.9625651836395264, 0.0, 2047.2513427734375], [0.9625651836395264, 0.2710503041744232, 0.0, -1425.75439453125], [0.0, 0.0, 1.0, 0.0], [0.0, 0.0, 0.0, 1.0]], "cam_ids": [0, 1, 2, 3, 4, 5], "cam_channels": ["CAM_FRONT_LEFT", "CAM_FRONT", "CAM_FRONT_RIGHT", "CAM_BACK_LEFT", "CAM_BACK", "CAM_BACK_RIGHT"], "token": "1ed583fe2bfd4d56b710c6f82ea64d3d", "scene": "scene-1000"}, {"images": ["samples/CAM_FRONT_LEFT/n015-2018-11-14-18-57-54+0800__CAM_FRONT_LEFT__1542193304004844.jpg", "samples/CAM_FRONT/n015-2018-11-14-18-57-54+0800__CAM_FRONT__1542193304012460.jpg", "samples/CAM_FRONT_RIGHT/n015-2018-11-14-18-57-54+0800__CAM_FRONT_RIGHT__1542193304020339.jpg", "samples/CAM_BACK_LEFT/n015-2018-11-14-18-57-54+0800__CAM_BACK_LEFT__1542193304047423.jpg", "samples/CAM_BACK/n015-2018-11-14-18-57-54+0800__CAM_BACK__1542193304037525.jpg", "samples/CAM_BACK_RIGHT/n015-2018-11-14-18-57-54+0800__CAM_BACK_RIGHT__1542193304027893.jpg"], "intrinsics": [[[1272.5979470598488, 0.0, 826.6154927353808], [0.0, 1272.5979470598488, 479.75165386361925], [0.0, 0.0, 1.0]], [[1266.417203046554, 0.0, 816.2670197447984], [0.0, 1266.417203046554, 491.50706579294757], [0.0, 0.0, 1.0]], [[1260.8474446004698, 0.0, 807.968244525554], [0.0, 1260.8474446004698, 495.3344268742088], [0.0, 0.0, 1.0]], [[1256.7414812095406, 0.0, 792.1125740759628], [0.0, 1256.7414812095406, 492.7757465151356], [0.0, 0.0, 1.0]], [[809.2209905677063, 0.0, 829.2196003259838], [0.0, 809.2209905677063, 481.77842384512485], [0.0, 0.0, 1.0]], [[1259.5137405846733, 0.0, 807.2529053838625], [0.0, 1259.5137405846733, 501.19579884916527], [0.0, 0.0, 1.0]]], "extrinsics": [[[0.8222277164459229, -0.5687602758407593, 0.02129182033240795, -0.803955078125], [0.0279675479978323, 0.003010577755048871, -0.9996042847633362, 1.5137214660644531], [0.5684711337089539, 0.8224978446960449, 0.018382208421826363, -1.169342041015625], [0.0, 0.0, 0.0, 1.0]], [[0.008232568390667439, -0.9999651312828064, 0.0013797356514260173, 0.006591796875], [0.022540021687746048, -0.0011938640382140875, -0.99974524974823, 1.5241508483886719], [0.9997119903564453, 0.008261569775640965, 0.02252940647304058, -1.53173828125], [0.0, 0.0, 0.0, 1.0]], [[-0.8311964869499207, -0.5550517439842224, -0.0320923887193203, 0.92938232421875], [0.027973730117082596, 0.015897806733846664, -0.9994822144508362, 1.5071029663085938], [0.555274486541748, -0.8316638469696045, 0.002312667900696397, -1.1796875], [0.0, 0.0, 0.0, 1.0]], [[0.9472804665565491, 0.3190193176269531, 0.029770316556096077, -1.1446533203125], [0.03612523525953293, -0.014020399190485477, -0.9992489218711853, 1.5884552001953125], [-0.318362295627594, 0.9476445317268372, -0.02480589784681797, -0.1029052734375], [0.0, 0.0, 0.0, 1.0]], [[0.001728038303554058, 0.9999902844429016, -0.004049576818943024, 0.0028076171875], [0.010923209600150585, -0.004068216774612665, -0.9999321103096008, 1.5798301696777344], [-0.9999387860298157, 0.001683683949522674, -0.010930130258202553, -0.041748046875], [0.0, 0.0, 0.0, 1.0]], [[-0.9346582293510437, 0.35362106561660767, -0.03696185350418091, 1.0537109375], [0.04371781647205353, 0.011133376508951187, -0.9989818930625916, 1.5553207397460938], [-0.3528495132923126, -0.9353225231170654, -0.02586544118821621, -0.09478759765625], [0.0, 0.0, 0.0, 1.0]]], "view": [[0.0, -2.0, 100.0], [-2.0, 0.0, 100.0], [0.0, 0.0, 1.0]], "bev": "bev_152e3f20b47647a7b6da918c4d69b4b0.png", "aux": "aux_152e3f20b47647a7b6da918c4d69b4b0.npz", "visibility": "visibility_152e3f20b47647a7b6da918c4d69b4b0.png", "pose": [[0.23750542104244232, 0.971386194229126, 0.0, 818.048828125], [-0.971386194229126, 0.23750542104244232, 0.0, 2354.831787109375], [0.0, 0.0, 1.0, 0.0], [0.0, 0.0, 0.0, 1.0]], "pose_inverse": [[0.23750542104244232, -0.971386194229126, 0.0, 2093.16015625], [0.971386194229126, 0.23750542104244232, 0.0, -1353.9266357421875], [0.0, 0.0, 1.0, 0.0], [0.0, 0.0, 0.0, 1.0]], "cam_ids": [0, 1, 2, 3, 4, 5], "cam_channels": ["CAM_FRONT_LEFT", "CAM_FRONT", "CAM_FRONT_RIGHT", "CAM_BACK_LEFT", "CAM_BACK", "CAM_BACK_RIGHT"], "token": "152e3f20b47647a7b6da918c4d69b4b0", "scene": "scene-1000"}, {"images": ["samples/CAM_FRONT_LEFT/n015-2018-11-14-18-57-54+0800__CAM_FRONT_LEFT__1542193304404844.jpg", "samples/CAM_FRONT/n015-2018-11-14-18-57-54+0800__CAM_FRONT__1542193304412460.jpg", "samples/CAM_FRONT_RIGHT/n015-2018-11-14-18-57-54+0800__CAM_FRONT_RIGHT__1542193304420339.jpg", "samples/CAM_BACK_LEFT/n015-2018-11-14-18-57-54+0800__CAM_BACK_LEFT__1542193304447423.jpg", "samples/CAM_BACK/n015-2018-11-14-18-57-54+0800__CAM_BACK__1542193304437525.jpg", "samples/CAM_BACK_RIGHT/n015-2018-11-14-18-57-54+0800__CAM_BACK_RIGHT__1542193304427893.jpg"], "intrinsics": [[[1272.5979470598488, 0.0, 826.6154927353808], [0.0, 1272.5979470598488, 479.75165386361925], [0.0, 0.0, 1.0]], [[1266.417203046554, 0.0, 816.2670197447984], [0.0, 1266.417203046554, 491.50706579294757], [0.0, 0.0, 1.0]], [[1260.8474446004698, 0.0, 807.968244525554], [0.0, 1260.8474446004698, 495.3344268742088], [0.0, 0.0, 1.0]], [[1256.7414812095406, 0.0, 792.1125740759628], [0.0, 1256.7414812095406, 492.7757465151356], [0.0, 0.0, 1.0]], [[809.2209905677063, 0.0, 829.2196003259838], [0.0, 809.2209905677063, 481.77842384512485], [0.0, 0.0, 1.0]], [[1259.5137405846733, 0.0, 807.2529053838625], [0.0, 1259.5137405846733, 501.19579884916527], [0.0, 0.0, 1.0]]], "extrinsics": [[[0.822760820388794, -0.5681214928627014, 0.017387883737683296, -0.818115234375], [0.024271996691823006, 0.004554431885480881, -0.9996950030326843, 1.5125694274902344], [0.5678690671920776, 0.8229319453239441, 0.017536653205752373, -1.1795196533203125], [0.0, 0.0, 0.0, 1.0]], [[0.008874822407960892, -0.9999604821205139, -0.0003161668428219855, 0.0068359375], [0.01893533021211624, 0.0004841767658945173, -0.9998206496238708, 1.5233001708984375], [0.9997813105583191, 0.008867243304848671, 0.018938882276415825, -1.54638671875], [0.0, 0.0, 0.0, 1.0]], [[-0.8310490846633911, -0.5553796887397766, -0.03017745353281498, 0.938720703125], [0.024453245103359222, 0.017720919102430344, -0.9995439052581787, 1.5063972473144531], [0.555661141872406, -0.8314080834388733, -0.0011461195535957813, -1.185546875], [0.0, 0.0, 0.0, 1.0]], [[0.9473758339881897, 0.3189569413661957, 0.027303099632263184, -1.1455078125], [0.03305228427052498, -0.012625320814549923, -0.9993738532066345, 1.58843994140625], [-0.31841251254081726, 0.9476850628852844, -0.02250318042933941, -0.1026611328125], [0.0, 0.0, 0.0, 1.0]], [[0.001570743741467595, 0.9999953508377075, -0.0026047728024423122, 0.0025634765625], [0.007676627486944199, -0.002616757294163108, -0.999967098236084, 1.579660415649414], [-0.9999692440032959, 0.0015507079660892487, -0.007680701557546854, -0.037353515625], [0.0, 0.0, 0.0, 1.0]], [[-0.934889554977417, 0.3533814251422882, -0.033210646361112595, 1.060546875], [0.04030658304691315, 0.012737634591758251, -0.9991061687469482, 1.5546951293945312], [-0.3526425361633301, -0.9353924989700317, -0.026151882484555244, -0.091552734375], [0.0, 0.0, 0.0, 1.0]]], "view": [[0.0, -2.0, 100.0], [-2.0, 0.0, 100.0], [0.0, 0.0, 1.0]], "bev": "bev_70b3b56b8013457bace0be4402f4c7f8.png", "aux": "aux_70b3b56b8013457bace0be4402f4c7f8.npz", "visibility": "visibility_70b3b56b8013457bace0be4402f4c7f8.png", "pose": [[0.20995305478572845, 0.9777114391326904, 0.0, 818.4331665039062], [-0.9777114391326904, 0.20995305478572845, 0.0, 2353.11669921875], [0.0, 0.0, 1.0, 0.0], [0.0, 0.0, 0.0, 1.0]], "pose_inverse": [[0.20995305478572845, -0.9777114391326904, 0.0, 2128.836669921875], [0.9777114391326904, 0.20995305478572845, 0.0, -1294.2354736328125], [0.0, 0.0, 1.0, 0.0], [0.0, 0.0, 0.0, 1.0]], "cam_ids": [0, 1, 2, 3, 4, 5], "cam_channels": ["CAM_FRONT_LEFT", "CAM_FRONT", "CAM_FRONT_RIGHT", "CAM_BACK_LEFT", "CAM_BACK", "CAM_BACK_RIGHT"], "token": "70b3b56b8013457bace0be4402f4c7f8", "scene": "scene-1000"}, {"images": ["samples/CAM_FRONT_LEFT/n015-2018-11-14-18-57-54+0800__CAM_FRONT_LEFT__1542193304904844.jpg", "samples/CAM_FRONT/n015-2018-11-14-18-57-54+0800__CAM_FRONT__1542193304912460.jpg", "samples/CAM_FRONT_RIGHT/n015-2018-11-14-18-57-54+0800__CAM_FRONT_RIGHT__1542193304920339.jpg", "samples/CAM_BACK_LEFT/n015-2018-11-14-18-57-54+0800__CAM_BACK_LEFT__1542193304947423.jpg", "samples/CAM_BACK/n015-2018-11-14-18-57-54+0800__CAM_BACK__1542193304937525.jpg", "samples/CAM_BACK_RIGHT/n015-2018-11-14-18-57-54+0800__CAM_BACK_RIGHT__1542193304928082.jpg"], "intrinsics": [[[1272.5979470598488, 0.0, 826.6154927353808], [0.0, 1272.5979470598488, 479.75165386361925], [0.0, 0.0, 1.0]], [[1266.417203046554, 0.0, 816.2670197447984], [0.0, 1266.417203046554, 491.50706579294757], [0.0, 0.0, 1.0]], [[1260.8474446004698, 0.0, 807.968244525554], [0.0, 1260.8474446004698, 495.3344268742088], [0.0, 0.0, 1.0]], [[1256.7414812095406, 0.0, 792.1125740759628], [0.0, 1256.7414812095406, 492.7757465151356], [0.0, 0.0, 1.0]], [[809.2209905677063, 0.0, 829.2196003259838], [0.0, 809.2209905677063, 481.77842384512485], [0.0, 0.0, 1.0]], [[1259.5137405846733, 0.0, 807.2529053838625], [0.0, 1259.5137405846733, 501.19579884916527], [0.0, 0.0, 1.0]]], "extrinsics": [[[0.8223587274551392, -0.568752110004425, 0.015715958550572395, -0.8388671875], [0.021421900019049644, 0.0033480727579444647, -0.9997649192810059, 1.5115203857421875], [0.5685657858848572, 0.822502076625824, 0.014937067404389381, -1.1936798095703125], [0.0, 0.0, 0.0, 1.0]], [[0.008208181709051132, -0.9999658465385437, 0.0008723518112674356, 0.00634765625], [0.016181541606783867, -0.0007394412532448769, -0.9998688101768494, 1.5225715637207031], [0.9998353719711304, 0.008221209980547428, 0.01617491990327835, -1.567138671875], [0.0, 0.0, 0.0, 1.0]], [[-0.8314251899719238, -0.554966151714325, -0.027287498116493225, 0.95166015625], [0.02181272581219673, 0.01647244766354561, -0.9996262788772583, 1.5057659149169922], [0.5552083253860474, -0.8317097425460815, -0.001590280095115304, -1.1943359375], [0.0, 0.0, 0.0, 1.0]], [[0.9474369287490845, 0.3189927935600281, 0.02463185042142868, -1.14208984375], [0.030672097578644753, -0.013925110921263695, -0.9994324445724487, 1.58856201171875], [-0.31846874952316284, 0.9476548433303833, -0.022977342829108238, -0.103759765625], [0.0, 0.0, 0.0, 1.0]], [[0.0017418956849724054, 0.9999909400939941, -0.003896723734214902, 0.0028076171875], [0.00520422263070941, -0.0039057419635355473, -0.9999788403511047, 1.5795402526855469], [-0.999984860420227, 0.0017215607222169638, -0.005210976582020521, -0.0341796875], [0.0, 0.0, 0.0, 1.0]], [[-0.9348281025886536, 0.3537222146987915, -0.03125481307506561, 1.07080078125], [0.037749018520116806, 0.011473312973976135, -0.9992213845252991, 1.5540847778320312], [-0.35308822989463806, -0.9352800846099854, -0.0240782443434, -0.088043212890625], [0.0, 0.0, 0.0, 1.0]]], "view": [[0.0, -2.0, 100.0], [-2.0, 0.0, 100.0], [0.0, 0.0, 1.0]], "bev": "bev_62b90491be7642daa26bd66700b45e4e.png", "aux": "aux_62b90491be7642daa26bd66700b45e4e.npz", "visibility": "visibility_62b90491be7642daa26bd66700b45e4e.png", "pose": [[0.16795417666435242, 0.9857947826385498, 0.0, 818.7896728515625], [-0.9857947826385498, 0.16795417666435242, 0.0, 2351.16552734375], [0.0, 0.0, 1.0, 0.0], [0.0, 0.0, 0.0, 1.0]], "pose_inverse": [[0.16795417666435242, -0.9857947826385498, 0.0, 2180.24755859375], [0.9857947826385498, 0.16795417666435242, 0.0, -1202.046630859375], [0.0, 0.0, 1.0, 0.0], [0.0, 0.0, 0.0, 1.0]], "cam_ids": [0, 1, 2, 3, 4, 5], "cam_channels": ["CAM_FRONT_LEFT", "CAM_FRONT", "CAM_FRONT_RIGHT", "CAM_BACK_LEFT", "CAM_BACK", "CAM_BACK_RIGHT"], "token": "62b90491be7642daa26bd66700b45e4e", "scene": "scene-1000"}, {"images": ["samples/CAM_FRONT_LEFT/n015-2018-11-14-18-57-54+0800__CAM_FRONT_LEFT__1542193305404844.jpg", "samples/CAM_FRONT/n015-2018-11-14-18-57-54+0800__CAM_FRONT__1542193305412460.jpg", "samples/CAM_FRONT_RIGHT/n015-2018-11-14-18-57-54+0800__CAM_FRONT_RIGHT__1542193305420339.jpg", "samples/CAM_BACK_LEFT/n015-2018-11-14-18-57-54+0800__CAM_BACK_LEFT__1542193305447423.jpg", "samples/CAM_BACK/n015-2018-11-14-18-57-54+0800__CAM_BACK__1542193305437525.jpg", "samples/CAM_BACK_RIGHT/n015-2018-11-14-18-57-54+0800__CAM_BACK_RIGHT__1542193305427893.jpg"], "intrinsics": [[[1272.5979470598488, 0.0, 826.6154927353808], [0.0, 1272.5979470598488, 479.75165386361925], [0.0, 0.0, 1.0]], [[1266.417203046554, 0.0, 816.2670197447984], [0.0, 1266.417203046554, 491.50706579294757], [0.0, 0.0, 1.0]], [[1260.8474446004698, 0.0, 807.968244525554], [0.0, 1260.8474446004698, 495.3344268742088], [0.0, 0.0, 1.0]], [[1256.7414812095406, 0.0, 792.1125740759628], [0.0, 1256.7414812095406, 492.7757465151356], [0.0, 0.0, 1.0]], [[809.2209905677063, 0.0, 829.2196003259838], [0.0, 809.2209905677063, 481.77842384512485], [0.0, 0.0, 1.0]], [[1259.5137405846733, 0.0, 807.2529053838625], [0.0, 1259.5137405846733, 501.19579884916527], [0.0, 0.0, 1.0]]], "extrinsics": [[[0.8225724101066589, -0.5684698224067688, 0.01471954956650734, -0.841796875], [0.018450744450092316, 0.0008092542411759496, -0.9998294115066528, 1.5109939575195312], [0.5683609247207642, 0.8227037191390991, 0.011154362000524998, -1.196685791015625], [0.0, 0.0, 0.0, 1.0]], [[0.00844314694404602, -0.9999579191207886, 0.0035739054437726736, 0.0072021484375], [0.013046887703239918, -0.0034635683987289667, -0.9999089241027832, 1.5221405029296875], [0.9998792409896851, 0.008489006198942661, 0.013017097488045692, -1.56982421875], [0.0, 0.0, 0.0, 1.0]], [[-0.8314208388328552, -0.5551702976226807, -0.02292025461792946, 0.95361328125], [0.018505703657865524, 0.013560156337916851, -0.9997367262840271, 1.5053997039794922], [0.5553350448608398, -0.8316260576248169, -0.001000376301817596, -1.195068359375], [0.0, 0.0, 0.0, 1.0]], [[0.9475146532058716, 0.3190979063510895, 0.01981271617114544, -1.1392822265625], [0.02676829881966114, -0.017426470294594765, -0.9994897246360779, 1.5886383056640625], [-0.31858980655670166, 0.9475615620613098, -0.025053543969988823, -0.104736328125], [0.0, 0.0, 0.0, 1.0]], [[0.001698747742921114, 0.9999732375144958, -0.007117416709661484, 0.0025634765625], [0.0015058530261740088, -0.007119976915419102, -0.9999735355377197, 1.5794095993041992], [-0.9999974370002747, 0.0016880064504221082, -0.001517907832749188, -0.033935546875], [0.0, 0.0, 0.0, 1.0]], [[-0.9349718689918518, 0.35352781414985657, -0.029078394174575806, 1.0712890625], [0.03428459167480469, 0.008471403270959854, -0.9993762373924255, 1.5538253784179688], [-0.3530609607696533, -0.9353856444358826, -0.02004108391702175, -0.087493896484375], [0.0, 0.0, 0.0, 1.0]]], "view": [[0.0, -2.0, 100.0], [-2.0, 0.0, 100.0], [0.0, 0.0, 1.0]], "bev": "bev_2b37a5d738d8472c8c4cf88b3e336306.png", "aux": "aux_2b37a5d738d8472c8c4cf88b3e336306.npz", "visibility": "visibility_2b37a5d738d8472c8c4cf88b3e336306.png", "pose": [[0.1287904679775238, 0.9916718006134033, 0.0, 819.0361328125], [-0.9916718006134033, 0.1287904679775238, 0.0, 2349.385498046875], [0.0, 0.0, 1.0, 0.0], [0.0, 0.0, 0.0, 1.0]], "pose_inverse": [[0.1287904679775238, -0.9916718006134033, 0.0, 2224.33544921875], [0.9916718006134033, 0.1287904679775238, 0.0, -1114.79345703125], [0.0, 0.0, 1.0, 0.0], [0.0, 0.0, 0.0, 1.0]], "cam_ids": [0, 1, 2, 3, 4, 5], "cam_channels": ["CAM_FRONT_LEFT", "CAM_FRONT", "CAM_FRONT_RIGHT", "CAM_BACK_LEFT", "CAM_BACK", "CAM_BACK_RIGHT"], "token": "2b37a5d738d8472c8c4cf88b3e336306", "scene": "scene-1000"}, {"images": ["samples/CAM_FRONT_LEFT/n015-2018-11-14-18-57-54+0800__CAM_FRONT_LEFT__1542193306004844.jpg", "samples/CAM_FRONT/n015-2018-11-14-18-57-54+0800__CAM_FRONT__1542193306012460.jpg", "samples/CAM_FRONT_RIGHT/n015-2018-11-14-18-57-54+0800__CAM_FRONT_RIGHT__1542193306020339.jpg", "samples/CAM_BACK_LEFT/n015-2018-11-14-18-57-54+0800__CAM_BACK_LEFT__1542193306047423.jpg", "samples/CAM_BACK/n015-2018-11-14-18-57-54+0800__CAM_BACK__1542193306037525.jpg", "samples/CAM_BACK_RIGHT/n015-2018-11-14-18-57-54+0800__CAM_BACK_RIGHT__1542193306027893.jpg"], "intrinsics": [[[1272.5979470598488, 0.0, 826.6154927353808], [0.0, 1272.5979470598488, 479.75165386361925], [0.0, 0.0, 1.0]], [[1266.417203046554, 0.0, 816.2670197447984], [0.0, 1266.417203046554, 491.50706579294757], [0.0, 0.0, 1.0]], [[1260.8474446004698, 0.0, 807.968244525554], [0.0, 1260.8474446004698, 495.3344268742088], [0.0, 0.0, 1.0]], [[1256.7414812095406, 0.0, 792.1125740759628], [0.0, 1256.7414812095406, 492.7757465151356], [0.0, 0.0, 1.0]], [[809.2209905677063, 0.0, 829.2196003259838], [0.0, 809.2209905677063, 481.77842384512485], [0.0, 0.0, 1.0]], [[1259.5137405846733, 0.0, 807.2529053838625], [0.0, 1259.5137405846733, 501.19579884916527], [0.0, 0.0, 1.0]]], "extrinsics": [[[0.8250072002410889, -0.5648537874221802, 0.0174131877720356, -0.8466796875], [0.012255488894879818, -0.012922918424010277, -0.9998413920402527, 1.5100021362304688], [0.5649892091751099, 0.8250897526741028, -0.0037389430217444897, -1.200927734375], [0.0, 0.0, 0.0, 1.0]], [[0.011867061257362366, -0.9997804164886475, 0.017267314717173576, 0.00738525390625], [0.006993446033447981, -0.01718512549996376, -0.9998279213905334, 1.5213699340820312], [0.9999051094055176, 0.011985777877271175, 0.0067879739217460155, -1.5751953125], [0.0, 0.0, 0.0, 1.0]], [[-0.8300870656967163, -0.5575377941131592, -0.01034506130963564, 0.957275390625], [0.012537402100861073, -0.00011279146565357223, -0.9999213814735413, 1.5047874450683594], [0.557492733001709, -0.8301514983177185, 0.007083703763782978, -1.197265625], [0.0, 0.0, 0.0, 1.0]], [[0.9476418495178223, 0.3191758990287781, 0.01008507888764143, -1.13916015625], [0.021135810762643814, -0.03117796778678894, -0.9992903470993042, 1.5886306762695312], [-0.318634957075119, 0.9471824765205383, -0.036291588097810745, -0.104736328125], [0.0, 0.0, 0.0, 1.0]], [[0.0007353697437793016, 0.9997819066047668, -0.02087184600532055, 0.00274658203125], [-0.004196749534457922, -0.020868580788373947, -0.9997734427452087, 1.579209327697754], [-0.9999908804893494, 0.0008227917132899165, 0.004180488176643848, -0.03369140625], [0.0, 0.0, 0.0, 1.0]], [[-0.9357848763465881, 0.3514222502708435, -0.02844316139817238, 1.073974609375], [0.02842932939529419, -0.0052004242315888405, -0.9995822310447693, 1.5533447265625], [-0.3514234125614166, -0.9362025856971741, -0.005124220624566078, -0.08660888671875], [0.0, 0.0, 0.0, 1.0]]], "view": [[0.0, -2.0, 100.0], [-2.0, 0.0, 100.0], [0.0, 0.0, 1.0]], "bev": "bev_d5594a1c72a54195be3e916f0b9ed59b.png", "aux": "aux_d5594a1c72a54195be3e916f0b9ed59b.npz", "visibility": "visibility_d5594a1c72a54195be3e916f0b9ed59b.png", "pose": [[0.059920210391283035, 0.9982031583786011, 0.0, 819.2091674804688], [-0.9982031583786011, 0.059920210391283035, 0.0, 2347.475341796875], [0.0, 0.0, 1.0, 0.0], [0.0, 0.0, 0.0, 1.0]], "pose_inverse": [[0.059920210391283035, -0.9982031583786011, 0.0, 2294.170166015625], [0.9982031583786011, 0.059920210391283035, 0.0, -958.3983764648438], [0.0, 0.0, 1.0, 0.0], [0.0, 0.0, 0.0, 1.0]], "cam_ids": [0, 1, 2, 3, 4, 5], "cam_channels": ["CAM_FRONT_LEFT", "CAM_FRONT", "CAM_FRONT_RIGHT", "CAM_BACK_LEFT", "CAM_BACK", "CAM_BACK_RIGHT"], "token": "d5594a1c72a54195be3e916f0b9ed59b", "scene": "scene-1000"}, {"images": ["samples/CAM_FRONT_LEFT/n015-2018-11-14-18-57-54+0800__CAM_FRONT_LEFT__1542193306504844.jpg", "samples/CAM_FRONT/n015-2018-11-14-18-57-54+0800__CAM_FRONT__1542193306512460.jpg", "samples/CAM_FRONT_RIGHT/n015-2018-11-14-18-57-54+0800__CAM_FRONT_RIGHT__1542193306520339.jpg", "samples/CAM_BACK_LEFT/n015-2018-11-14-18-57-54+0800__CAM_BACK_LEFT__1542193306547423.jpg", "samples/CAM_BACK/n015-2018-11-14-18-57-54+0800__CAM_BACK__1542193306537525.jpg", "samples/CAM_BACK_RIGHT/n015-2018-11-14-18-57-54+0800__CAM_BACK_RIGHT__1542193306529396.jpg"], "intrinsics": [[[1272.5979470598488, 0.0, 826.6154927353808], [0.0, 1272.5979470598488, 479.75165386361925], [0.0, 0.0, 1.0]], [[1266.417203046554, 0.0, 816.2670197447984], [0.0, 1266.417203046554, 491.50706579294757], [0.0, 0.0, 1.0]], [[1260.8474446004698, 0.0, 807.968244525554], [0.0, 1260.8474446004698, 495.3344268742088], [0.0, 0.0, 1.0]], [[1256.7414812095406, 0.0, 792.1125740759628], [0.0, 1256.7414812095406, 492.7757465151356], [0.0, 0.0, 1.0]], [[809.2209905677063, 0.0, 829.2196003259838], [0.0, 809.2209905677063, 481.77842384512485], [0.0, 0.0, 1.0]], [[1259.5137405846733, 0.0, 807.2529053838625], [0.0, 1259.5137405846733, 501.19579884916527], [0.0, 0.0, 1.0]]], "extrinsics": [[[0.8276844024658203, -0.560844898223877, 0.01978776603937149, -0.828369140625], [0.008772064000368118, -0.022326266393065453, -0.9997122287750244, 1.5096702575683594], [0.5611252784729004, 0.8276197910308838, -0.013559333048760891, -1.18548583984375], [0.0, 0.0, 0.0, 1.0]], [[0.015815796330571175, -0.9995202422142029, 0.02662917785346508, 0.00592041015625], [0.003400038694962859, -0.026578595861792564, -0.9996410012245178, 1.5209636688232422], [0.9998691082000732, 0.015900660306215286, 0.0029780445620417595, -1.554931640625], [0.0, 0.0, 0.0, 1.0]], [[-0.8283926844596863, -0.5601441860198975, -0.0019575173500925303, 0.9422607421875], [0.008756503462791443, -0.009455543011426926, -0.9999169111251831, 1.5045795440673828], [0.5600792169570923, -0.8283411264419556, 0.012737811543047428, -1.18896484375], [0.0, 0.0, 0.0, 1.0]], [[0.9476094841957092, 0.3194129765033722, 0.003389872144907713, -1.1363525390625], [0.017133638262748718, -0.04022808000445366, -0.9990435838699341, 1.5886383056640625], [-0.31897109746932983, 0.9467613101005554, -0.04359322041273117, -0.10498046875], [0.0, 0.0, 0.0, 1.0]], [[-0.0006010106299072504, 0.9995474219322205, -0.03007574751973152, 0.00360107421875], [-0.008118245750665665, -0.030079640448093414, -0.9995145201683044, 1.5789753198623657], [-0.9999668598175049, -0.00035655387910082936, 0.008132650516927242, -0.041259765625], [0.0, 0.0, 0.0, 1.0]], [[-0.9365416765213013, 0.3494299