[{"images": ["samples/CAM_FRONT_LEFT/n008-2018-08-28-16-16-48-0400__CAM_FRONT_LEFT__1535487922754799.jpg", "samples/CAM_FRONT/n008-2018-08-28-16-16-48-0400__CAM_FRONT__1535487922762404.jpg", "samples/CAM_FRONT_RIGHT/n008-2018-08-28-16-16-48-0400__CAM_FRONT_RIGHT__1535487922770482.jpg", "samples/CAM_BACK_LEFT/n008-2018-08-28-16-16-48-0400__CAM_BACK_LEFT__1535487922797405.jpg", "samples/CAM_BACK/n008-2018-08-28-16-16-48-0400__CAM_BACK__1535487922787558.jpg", "samples/CAM_BACK_RIGHT/n008-2018-08-28-16-16-48-0400__CAM_BACK_RIGHT__1535487922778113.jpg"], "intrinsics": [[[1257.8625342125129, 0.0, 827.2410631095686], [0.0, 1257.8625342125129, 450.915498205774], [0.0, 0.0, 1.0]], [[1252.8131021185304, 0.0, 826.588114781398], [0.0, 1252.8131021185304, 469.9846626224581], [0.0, 0.0, 1.0]], [[1256.7485116440405, 0.0, 817.7887570959712], [0.0, 1256.7485116440403, 451.9541780095127], [0.0, 0.0, 1.0]], [[1254.9860565800168, 0.0, 829.5769333630991], [0.0, 1254.9860565800168, 467.1680561863987], [0.0, 0.0, 1.0]], [[796.8910634503094, 0.0, 857.7774326863696], [0.0, 796.8910634503094, 476.8848988407415], [0.0, 0.0, 1.0]], [[1249.9629280788233, 0.0, 825.3768045375984], [0.0, 1249.9629280788233, 462.54816385708756], [0.0, 0.0, 1.0]]], "extrinsics": [[[0.8228182196617126, -0.5683034658432007, -0.0011937404051423073, -0.73016357421875], [0.01710757426917553, 0.02686866745352745, -0.9994925856590271, 1.4939193725585938], [0.5680471062660217, 0.8223801851272583, 0.0318303219974041, -1.146484375], [0.0, 0.0, 0.0, 1.0]], [[0.01073293387889862, -0.9996882677078247, -0.022542040795087814, 0.0101318359375], [0.018792010843753815, 0.022741014137864113, -0.9995647668838501, 1.4852294921875], [0.9997658133506775, 0.010304659605026245, 0.01903023011982441, -1.46307373046875], [0.0, 0.0, 0.0, 1.0]], [[-0.8436338305473328, -0.5360856652259827, -0.029902949929237366, 0.9161376953125], [0.026503607630729675, 0.014046547934412956, -0.9995500445365906, 1.4985618591308594], [0.5362644791603088, -0.8440467715263367, 0.0023580603301525116, -1.1649169921875], [0.0, 0.0, 0.0, 1.0]], [[0.9478603005409241, 0.318546324968338, 0.009432708844542503, -1.14886474609375], [0.00011101302516181022, 0.029268715530633926, -0.9995715618133545, 1.5620460510253906], [-0.31868594884872437, 0.9474552869796753, 0.0277072936296463, -0.154296875], [0.0, 0.0, 0.0, 1.0]], [[0.009005285799503326, 0.9997230768203735, 0.021740678697824478, -0.028564453125], [0.0025865058414638042, 0.02171819657087326, -0.9997608065605164, 1.5682411193847656], [-0.9999561309814453, 0.009059358388185501, -0.002390211680904031, -0.0283966064453125], [0.0, 0.0, 0.0, 1.0]], [[-0.9237480759620667, 0.3829365372657776, -0.007003763224929571, 1.024169921875], [0.007163886446505785, -0.0010078786872327328, -0.9999738335609436, 1.5488687753677368], [-0.38293352723121643, -0.9237740635871887, -0.0018122878391295671, -0.099365234375], [0.0, 0.0, 0.0, 1.0]]], "view": [[0.0, -2.0, 100.0], [-2.0, 0.0, 100.0], [0.0, 0.0, 1.0]], "bev": "bev_d86e7536e0eb404ea4194eb5e01d5fc9.png", "aux": "aux_d86e7536e0eb404ea4194eb5e01d5fc9.npz", "visibility": "visibility_d86e7536e0eb404ea4194eb5e01d5fc9.png", "pose": [[-0.8452243804931641, -0.5344115495681763, 0.0, 980.1748657226562], [0.5344115495681763, -0.8452243804931641, 0.0, 1278.6158447265625], [0.0, 0.0, 1.0, 0.0], [0.0, 0.0, 0.0, 1.0]], "pose_inverse": [[-0.8452243804931641, 0.5344115495681763, 0.0, 145.16065979003906], [-0.5344115495681763, -0.8452243804931641, 0.0, 1604.5340576171875], [0.0, 0.0, 1.0, 0.0], [0.0, 0.0, 0.0, 1.0]], "cam_ids": [0, 1, 2, 3, 4, 5], "cam_channels": ["CAM_FRONT_LEFT", "CAM_FRONT", "CAM_FRONT_RIGHT", "CAM_BACK_LEFT", "CAM_BACK", "CAM_BACK_RIGHT"], "token": "d86e7536e0eb404ea4194eb5e01d5fc9", "scene": "scene-0674"}, {"images": ["samples/CAM_FRONT_LEFT/n008-2018-08-28-16-16-48-0400__CAM_FRONT_LEFT__1535487923154799.jpg", "samples/CAM_FRONT/n008-2018-08-28-16-16-48-0400__CAM_FRONT__1535487923162404.jpg", "samples/CAM_FRONT_RIGHT/n008-2018-08-28-16-16-48-0400__CAM_FRONT_RIGHT__1535487923170482.jpg", "samples/CAM_BACK_LEFT/n008-2018-08-28-16-16-48-0400__CAM_BACK_LEFT__1535487923197405.jpg", "samples/CAM_BACK/n008-2018-08-28-16-16-48-0400__CAM_BACK__1535487923187558.jpg", "samples/CAM_BACK_RIGHT/n008-2018-08-28-16-16-48-0400__CAM_BACK_RIGHT__1535487923178113.jpg"], "intrinsics": [[[1257.8625342125129, 0.0, 827.2410631095686], [0.0, 1257.8625342125129, 450.915498205774], [0.0, 0.0, 1.0]], [[1252.8131021185304, 0.0, 826.588114781398], [0.0, 1252.8131021185304, 469.9846626224581], [0.0, 0.0, 1.0]], [[1256.7485116440405, 0.0, 817.7887570959712], [0.0, 1256.7485116440403, 451.9541780095127], [0.0, 0.0, 1.0]], [[1254.9860565800168, 0.0, 829.5769333630991], [0.0, 1254.9860565800168, 467.1680561863987], [0.0, 0.0, 1.0]], [[796.8910634503094, 0.0, 857.7774326863696], [0.0, 796.8910634503094, 476.8848988407415], [0.0, 0.0, 1.0]], [[1249.9629280788233, 0.0, 825.3768045375984], [0.0, 1249.9629280788233, 462.54816385708756], [0.0, 0.0, 1.0]]], "extrinsics": [[[0.8231478333473206, -0.5677742958068848, -0.007750544231384993, -0.71197509765625], [0.009221966378390789, 0.02701501175761223, -0.9995924830436707, 1.491424560546875], [0.5677522420883179, 0.822740912437439, 0.027473343536257744, -1.136962890625], [0.0, 0.0, 0.0, 1.0]], [[0.011069145053625107, -0.9996787309646606, -0.02280036173760891, 0.01220703125], [0.0110948970541358, 0.022923141717910767, -0.9996756911277771, 1.4832763671875], [0.9998771548271179, 0.010812637396156788, 0.011345073580741882, -1.446685791015625], [0.0, 0.0, 0.0, 1.0]], [[-0.8436221480369568, -0.5364139676094055, -0.02369850128889084, 0.9066162109375], [0.01903454400599003, 0.014231251552700996, -0.9997175335884094, 1.4972171783447266], [0.5365997552871704, -0.8438349962234497, -0.0017954028444364667, -1.1572265625], [0.0, 0.0, 0.0, 1.0]], [[0.9478855729103088, 0.31859561800956726, 0.0031155371107161045, -1.151123046875], [-0.0065630110912024975, 0.029300831258296967, -0.9995490908622742, 1.5620880126953125], [-0.3185432255268097, 0.9474377632141113, 0.029864782467484474, -0.1536865234375], [0.0, 0.0, 0.0, 1.0]], [[0.008990406058728695, 0.9997222423553467, 0.021782534196972847, -0.029052734375], [-0.004370232578366995, 0.02182248793542385, -0.9997522830963135, 1.5677070617675781], [-0.9999500513076782, 0.008892927318811417, 0.004565210081636906, -0.0313262939453125], [0.0, 0.0, 0.0, 1.0]], [[-0.9238846898078918, 0.3826708495616913, -0.00025418627774342895, 1.016326904296875], [-8.274916035588831e-05, -0.0008640257874503732, -0.9999995827674866, 1.5477993488311768], [-0.38267093896865845, -0.9238842129707336, 0.000829926400911063, -0.101318359375], [0.0, 0.0, 0.0, 1.0]]], "view": [[0.0, -2.0, 100.0], [-2.0, 0.0, 100.0], [0.0, 0.0, 1.0]], "bev": "bev_5261427f10054e8b8fd3851a093b580a.png", "aux": "aux_5261427f10054e8b8fd3851a093b580a.npz", "visibility": "visibility_5261427f10054e8b8fd3851a093b580a.png", "pose": [[-0.8409460186958313, -0.5411189794540405, 0.0, 977.4108276367188], [0.5411189794540405, -0.8409460186958313, 0.0, 1280.412353515625], [0.0, 0.0, 1.0, 0.0], [0.0, 0.0, 0.0, 1.0]], "pose_inverse": [[-0.8409460186958313, 0.5411189794540405, 0.0, 129.0943145751953], [-0.5411189794540405, -0.8409460186958313, 0.0, 1605.6531982421875], [0.0, 0.0, 1.0, 0.0], [0.0, 0.0, 0.0, 1.0]], "cam_ids": [0, 1, 2, 3, 4, 5], "cam_channels": ["CAM_FRONT_LEFT", "CAM_FRONT", "CAM_FRONT_RIGHT", "CAM_BACK_LEFT", "CAM_BACK", "CAM_BACK_RIGHT"], "token": "5261427f10054e8b8fd3851a093b580a", "scene": "scene-0674"}, {"images": ["samples/CAM_FRONT_LEFT/n008-2018-08-28-16-16-48-0400__CAM_FRONT_LEFT__1535487923654799.jpg", "samples/CAM_FRONT/n008-2018-08-28-16-16-48-0400__CAM_FRONT__1535487923662404.jpg", "samples/CAM_FRONT_RIGHT/n008-2018-08-28-16-16-48-0400__CAM_FRONT_RIGHT__1535487923670482.jpg", "samples/CAM_BACK_LEFT/n008-2018-08-28-16-16-48-0400__CAM_BACK_LEFT__1535487923697405.jpg", "samples/CAM_BACK/n008-2018-08-28-16-16-48-0400__CAM_BACK__1535487923687558.jpg", "samples/CAM_BACK_RIGHT/n008-2018-08-28-16-16-48-0400__CAM_BACK_RIGHT__1535487923678113.jpg"], "intrinsics": [[[1257.8625342125129, 0.0, 827.2410631095686], [0.0, 1257.8625342125129, 450.915498205774], [0.0, 0.0, 1.0]], [[1252.8131021185304, 0.0, 826.588114781398], [0.0, 1252.8131021185304, 469.9846626224581], [0.0, 0.0, 1.0]], [[1256.7485116440405, 0.0, 817.7887570959712], [0.0, 1256.7485116440403, 451.9541780095127], [0.0, 0.0, 1.0]], [[1254.9860565800168, 0.0, 829.5769333630991], [0.0, 1254.9860565800168, 467.1680561863987], [0.0, 0.0, 1.0]], [[796.8910634503094, 0.0, 857.7774326863696], [0.0, 796.8910634503094, 476.8848988407415], [0.0, 0.0, 1.0]], [[1249.9629280788233, 0.0, 825.3768045375984], [0.0, 1249.9629280788233, 462.54816385708756], [0.0, 0.0, 1.0]]], "extrinsics": [[[0.8220440149307251, -0.5693488717079163, -0.00924651138484478, -0.70623779296875], [0.009510740637779236, 0.029964381828904152, -0.9995057582855225, 1.4916725158691406], [0.5693445801734924, 0.8215497732162476, 0.030046971514821053, -1.1292724609375], [0.0, 0.0, 0.0, 1.0]], [[0.009563776664435863, -0.999620795249939, -0.025822460651397705, 0.0101318359375], [0.011403540149331093, 0.025930993258953094, -0.9995986819267273, 1.4834976196289062], [0.9998891949653625, 0.009265473112463951, 0.011647215113043785, -1.4379730224609375], [0.0, 0.0, 0.0, 1.0]], [[-0.8442348837852478, -0.5353630185127258, -0.0255730077624321, 0.90032958984375], [0.01929253712296486, 0.017328379675745964, -0.9996637105941772, 1.4974136352539062], [0.5356261134147644, -0.8444442749023438, -0.004300711210817099, -1.155029296875], [0.0, 0.0, 0.0, 1.0]], [[0.9478764533996582, 0.3186071813106537, 0.004436112474650145, -1.15234375], [-0.0063335648737847805, 0.032758455723524094, -0.9994432330131531, 1.5620994567871094], [-0.3185751140117645, 0.9473205804824829, 0.03306889161467552, -0.1531982421875], [0.0, 0.0, 0.0, 1.0]], [[0.009388460777699947, 0.9996400475502014, 0.025128837674856186, -0.0283203125], [-0.004027822054922581, 0.025167545303702354, -0.9996750950813293, 1.5677413940429688], [-0.9999477863311768, 0.00928426906466484, 0.0042626578360795975, -0.032867431640625], [0.0, 0.0, 0.0, 1.0]], [[-0.9235702753067017, 0.38342800736427307, 0.0008731441921554506, 1.01287841796875], [4.041239299112931e-05, 0.0023745379876345396, -0.9999971389770508, 1.547816276550293], [-0.38342908024787903, -0.9235676527023315, -0.002208547666668892, -0.10400390625], [0.0, 0.0, 0.0, 1.0]]], "view": [[0.0, -2.0, 100.0], [-2.0, 0.0, 100.0], [0.0, 0.0, 1.0]], "bev": "bev_be930a85d09743b6813d22f302bbd6cf.png", "aux": "aux_be930a85d09743b6813d22f302bbd6cf.npz", "visibility": "visibility_be930a85d09743b6813d22f302bbd6cf.png", "pose": [[-0.8407002091407776, -0.5415008068084717, 0.0, 973.8884887695312], [0.5415008068084717, -0.8407002091407776, 0.0, 1282.73486328125], [0.0, 0.0, 1.0, 0.0], [0.0, 0.0, 0.0, 1.0]], "pose_inverse": [[-0.8407002091407776, 0.5415008068084717, 0.0, 124.14630126953125], [-0.5415008068084717, -0.8407002091407776, 0.0, 1605.7569580078125], [0.0, 0.0, 1.0, 0.0], [0.0, 0.0, 0.0, 1.0]], "cam_ids": [0, 1, 2, 3, 4, 5], "cam_channels": ["CAM_FRONT_LEFT", "CAM_FRONT", "CAM_FRONT_RIGHT", "CAM_BACK_LEFT", "CAM_BACK", "CAM_BACK_RIGHT"], "token": "be930a85d09743b6813d22f302bbd6cf", "scene": "scene-0674"}, {"images": ["samples/CAM_FRONT_LEFT/n008-2018-08-28-16-16-48-0400__CAM_FRONT_LEFT__1535487924154799.jpg", "samples/CAM_FRONT/n008-2018-08-28-16-16-48-0400__CAM_FRONT__1535487924162404.jpg", "samples/CAM_FRONT_RIGHT/n008-2018-08-28-16-16-48-0400__CAM_FRONT_RIGHT__1535487924170482.jpg", "samples/CAM_BACK_LEFT/n008-2018-08-28-16-16-48-0400__CAM_BACK_LEFT__1535487924197405.jpg", "samples/CAM_BACK/n008-2018-08-28-16-16-48-0400__CAM_BACK__1535487924187558.jpg", "samples/CAM_BACK_RIGHT/n008-2018-08-28-16-16-48-0400__CAM_BACK_RIGHT__1535487924178113.jpg"], "intrinsics": [[[1257.8625342125129, 0.0, 827.2410631095686], [0.0, 1257.8625342125129, 450.915498205774], [0.0, 0.0, 1.0]], [[1252.8131021185304, 0.0, 826.588114781398], [0.0, 1252.8131021185304, 469.9846626224581], [0.0, 0.0, 1.0]], [[1256.7485116440405, 0.0, 817.7887570959712], [0.0, 1256.7485116440403, 451.9541780095127], [0.0, 0.0, 1.0]], [[1254.9860565800168, 0.0, 829.5769333630991], [0.0, 1254.9860565800168, 467.1680561863987], [0.0, 0.0, 1.0]], [[796.8910634503094, 0.0, 857.7774326863696], [0.0, 796.8910634503094, 476.8848988407415], [0.0, 0.0, 1.0]], [[1249.9629280788233, 0.0, 825.3768045375984], [0.0, 1249.9629280788233, 462.54816385708756], [0.0, 0.0, 1.0]]], "extrinsics": [[[0.8213173747062683, -0.5702449679374695, -0.016079355031251907, -0.71124267578125], [0.00207589496858418, 0.031173404306173325, -0.9995118379592896, 1.4889297485351562], [0.5704677700996399, 0.82088303565979, 0.02678702585399151, -1.13330078125], [0.0, 0.0, 0.0, 1.0]], [[0.008277857676148415, -0.9996048808097839, -0.02686077542603016, 0.01025390625], [0.003949814476072788, 0.02689417079091072, -0.9996305108070374, 1.4812431335449219], [0.9999578595161438, 0.008168745785951614, 0.004170880652964115, -1.444915771484375], [0.0, 0.0, 0.0, 1.0]], [[-0.8448436856269836, -0.5346523523330688, -0.01964726485311985, 0.90606689453125], [0.011853759177029133, 0.018008196726441383, -0.999767541885376, 1.4956398010253906], [0.5348818898200989, -0.8448801636695862, -0.00887647271156311, -1.15869140625], [0.0, 0.0, 0.0, 1.0]], [[0.9478425979614258, 0.31872549653053284, -0.0029145132284611464, -1.1575927734375], [-0.014007256366312504, 0.032516978681087494, -0.9993730187416077, 1.5622482299804688], [-0.3184307813644409, 0.9472891092300415, 0.035285450518131256, -0.1514892578125], [0.0, 0.0, 0.0, 1.0]], [[0.009792007505893707, 0.9996371865272522, 0.025090469047427177, -0.028564453125], [-0.011682149954140186, 0.02520431950688362, -0.9996140599250793, 1.5672187805175781], [-0.999883770942688, 0.009495142847299576, 0.011924713850021362, -0.0267486572265625], [0.0, 0.0, 0.0, 1.0]], [[-0.9233288168907166, 0.3839298188686371, 0.007857251912355423, 1.01861572265625], [-0.007357303518801928, 0.00277081155218184, -0.9999690651893616, 1.5466821193695068], [-0.38393956422805786, -0.9233580827713013, 0.0002663162595126778, -0.101318359375], [0.0, 0.0, 0.0, 1.0]]], "view": [[0.0, -2.0, 100.0], [-2.0, 0.0, 100.0], [0.0, 0.0, 1.0]], "bev": "bev_0a4e3b7124d74b788e19250150f0913c.png", "aux": "aux_0a4e3b7124d74b788e19250150f0913c.npz", "visibility": "visibility_0a4e3b7124d74b788e19250150f0913c.png", "pose": [[-0.8535125255584717, -0.521072268486023, 0.0, 970.2650146484375], [0.521072268486023, -0.8535125255584717, 0.0, 1285.0555419921875], [0.0, 0.0, 1.0, 0.0], [0.0, 0.0, 0.0, 1.0]], "pose_inverse": [[-0.8535125255584717, 0.521072268486023, 0.0, 158.52651977539062], [-0.521072268486023, -0.8535125255584717, 0.0, 1602.3892822265625], [0.0, 0.0, 1.0, 0.0], [0.0, 0.0, 0.0, 1.0]], "cam_ids": [0, 1, 2, 3, 4, 5], "cam_channels": ["CAM_FRONT_LEFT", "CAM_FRONT", "CAM_FRONT_RIGHT", "CAM_BACK_LEFT", "CAM_BACK", "CAM_BACK_RIGHT"], "token": "0a4e3b7124d74b788e19250150f0913c", "scene": "scene-0674"}, {"images": ["samples/CAM_FRONT_LEFT/n008-2018-08-28-16-16-48-0400__CAM_FRONT_LEFT__1535487924654799.jpg", "samples/CAM_FRONT/n008-2018-08-28-16-16-48-0400__CAM_FRONT__1535487924662404.jpg", "samples/CAM_FRONT_RIGHT/n008-2018-08-28-16-16-48-0400__CAM_FRONT_RIGHT__1535487924670482.jpg", "samples/CAM_BACK_LEFT/n008-2018-08-28-16-16-48-0400__CAM_BACK_LEFT__1535487924697405.jpg", "samples/CAM_BACK/n008-2018-08-28-16-16-48-0400__CAM_BACK__1535487924687571.jpg", "samples/CAM_BACK_RIGHT/n008-2018-08-28-16-16-48-0400__CAM_BACK_RIGHT__1535487924678113.jpg"], "intrinsics": [[[1257.8625342125129, 0.0, 827.2410631095686], [0.0, 1257.8625342125129, 450.915498205774], [0.0, 0.0, 1.0]], [[1252.8131021185304, 0.0, 826.588114781398], [0.0, 1252.8131021185304, 469.9846626224581], [0.0, 0.0, 1.0]], [[1256.7485116440405, 0.0, 817.7887570959712], [0.0, 1256.7485116440403, 451.9541780095127], [0.0, 0.0, 1.0]], [[1254.9860565800168, 0.0, 829.5769333630991], [0.0, 1254.9860565800168, 467.1680561863987], [0.0, 0.0, 1.0]], [[796.8910634503094, 0.0, 857.7774326863696], [0.0, 796.8910634503094, 476.8848988407415], [0.0, 0.0, 1.0]], [[1249.9629280788233, 0.0, 825.3768045375984], [0.0, 1249.9629280788233, 462.54816385708756], [0.0, 0.0, 1.0]]], "extrinsics": [[[0.8218974471092224, -0.5694781541824341, -0.013390087522566319, -0.713623046875], [0.005461216438561678, 0.031382862478494644, -0.9994924664497375, 1.4901084899902344], [0.5696092844009399, 0.8214072585105896, 0.0289035364985466, -1.135498046875], [0.0, 0.0, 0.0, 1.0]], [[0.009189952164888382, -0.9995879530906677, -0.027193164452910423, 0.0103759765625], [0.007367623969912529, 0.02726125903427601, -0.9996012449264526, 1.4822196960449219], [0.9999306201934814, 0.008985905908048153, 0.007615118287503719, -1.4474639892578125], [0.0, 0.0, 0.0, 1.0]], [[-0.8444355726242065, -0.5351672768592834, -0.022905029356479645, 0.9071044921875], [0.01536453329026699, 0.01854378916323185, -0.999709963798523, 1.49639892578125], [0.5354368090629578, -0.8445425629615784, -0.007436441723257303, -1.1591796875], [0.0, 0.0, 0.0, 1.0]], [[0.9478799104690552, 0.3186260759830475, 0.001057339133694768, -1.15399169921875], [-0.010096016339957714, 0.03335103392601013, -0.9993926882743835, 1.5621566772460938], [-0.3184678256511688, 0.9472935795783997, 0.03482963144779205, -0.1527099609375], [0.0, 0.0, 0.0, 1.0]], [[0.009523393586277962, 0.9996184706687927, 0.025928979739546776, -0.02880859375], [-0.007837886922061443, 0.02600398100912571, -0.9996310472488403, 1.567474365234375], [-0.9999240040779114, 0.009316656738519669, 0.008082542568445206, -0.028594970703125], [0.0, 0.0, 0.0, 1.0]], [[-0.9235150218009949, 0.38353362679481506, 0.004678620491176844, 1.018402099609375], [-0.0036395215429365635, 0.0034349251072853804, -0.9999874830245972, 1.5472512245178223], [-0.38354483246803284, -0.923520565032959, -0.0017763252835720778, -0.1014404296875], [0.0, 0.0, 0.0, 1.0]]], "view": [[0.0, -2.0, 100.0], [-2.0, 0.0, 100.0], [0.0, 0.0, 1.0]], "bev": "bev_3bad178c30d445578f9c450b9757b8f3.png", "aux": "aux_3bad178c30d445578f9c450b9757b8f3.npz", "visibility": "visibility_3bad178c30d445578f9c450b9757b8f3.png", "pose": [[-0.8602797985076904, -0.5098221898078918, 0.0, 966.610107421875], [0.5098221898078918, -0.8602797985076904, 0.0, 1287.302978515625], [0.0, 0.0, 1.0, 0.0], [0.0, 0.0, 0.0, 1.0]], "pose_inverse": [[-0.8602797985076904, 0.5098221898078918, 0.0, 175.25958251953125], [-0.5098221898078918, -0.8602797985076904, 0.0, 1600.239990234375], [0.0, 0.0, 1.0, 0.0], [0.0, 0.0, 0.0, 1.0]], "cam_ids": [0, 1, 2, 3, 4, 5], "cam_channels": ["CAM_FRONT_LEFT", "CAM_FRONT", "CAM_FRONT_RIGHT", "CAM_BACK_LEFT", "CAM_BACK", "CAM_BACK_RIGHT"], "token": "3bad178c30d445578f9c450b9757b8f3", "scene": "scene-0674"}, {"images": ["samples/CAM_FRONT_LEFT/n008-2018-08-28-16-16-48-0400__CAM_FRONT_LEFT__1535487925154799.jpg", "samples/CAM_FRONT/n008-2018-08-28-16-16-48-0400__CAM_FRONT__1535487925162404.jpg", "samples/CAM_FRONT_RIGHT/n008-2018-08-28-16-16-48-0400__CAM_FRONT_RIGHT__1535487925170482.jpg", "samples/CAM_BACK_LEFT/n008-2018-08-28-16-16-48-0400__CAM_BACK_LEFT__1535487925197405.jpg", "samples/CAM_BACK/n008-2018-08-28-16-16-48-0400__CAM_BACK__1535487925187558.jpg", "samples/CAM_BACK_RIGHT/n008-2018-08-28-16-16-48-0400__CAM_BACK_RIGHT__1535487925178113.jpg"], "intrinsics": [[[1257.8625342125129, 0.0, 827.2410631095686], [0.0, 1257.8625342125129, 450.915498205774], [0.0, 0.0, 1.0]], [[1252.8131021185304, 0.0, 826.588114781398], [0.0, 1252.8131021185304, 469.9846626224581], [0.0, 0.0, 1.0]], [[1256.7485116440405, 0.0, 817.7887570959712], [0.0, 1256.7485116440403, 451.9541780095127], [0.0, 0.0, 1.0]], [[1254.9860565800168, 0.0, 829.5769333630991], [0.0, 1254.9860565800168, 467.1680561863987], [0.0, 0.0, 1.0]], [[796.8910634503094, 0.0, 857.7774326863696], [0.0, 796.8910634503094, 476.8848988407415], [0.0, 0.0, 1.0]], [[1249.9629280788233, 0.0, 825.3768045375984], [0.0, 1249.9629280788233, 462.54816385708756], [0.0, 0.0, 1.0]]], "extrinsics": [[[0.8219001889228821, -0.5694124698638916, -0.015799617394804955, -0.70867919921875], [0.002469240454956889, 0.03129769489169121, -0.9995070695877075, 1.4890632629394531], [0.5696262121200562, 0.8214559555053711, 0.02712959796190262, -1.1324462890625], [0.0, 0.0, 0.0, 1.0]], [[0.009206338785588741, -0.9995869398117065, -0.027225518599152565, 0.010986328125], [0.004432058893144131, 0.027267195284366608, -0.9996183514595032, 1.4813919067382812], [0.9999477863311768, 0.009082132950425148, 0.0046812607906758785, -1.4406585693359375], [0.0, 0.0, 0.0, 1.0]], [[-0.8444589376449585, -0.5352251529693604, -0.02057011052966118, 0.90130615234375], [0.012540329247713089, 0.01863725297152996, -0.999747633934021, 1.4958610534667969], [0.5354734659194946, -0.8445037603378296, -0.00902649573981762, -1.155029296875], [0.0, 0.0, 0.0, 1.0]], [[0.9479405879974365, 0.3184455335140228, -0.0010572088649496436, -1.146728515625], [-0.012555957771837711, 0.03405853733420372, -0.9993409514427185, 1.5620880126953125], [-0.31819966435432434, 0.9473291039466858, 0.03628385812044144, -0.1549072265625], [0.0, 0.0, 0.0, 1.0]], [[0.009640577249228954, 0.99960857629776, 0.02626042626798153, -0.02880859375], [-0.010466843843460083, 0.02636108361184597, -0.9995976686477661, 1.5671958923339844], [-0.9998987913131714, 0.00936185847967863, 0.010716882534325123, -0.0365753173828125], [0.0, 0.0, 0.0, 1.0]], [[-0.9235144257545471, 0.38349488377571106, 0.007264076732099056, 1.011474609375], [-0.0063656349666416645, 0.0036118505522608757, -0.9999732375144958, 1.5467820167541504], [-0.3835107684135437, -0.923535943031311, -0.000894407567102462, -0.1038818359375], [0.0, 0.0, 0.0, 1.0]]], "view": [[0.0, -2.0, 100.0], [-2.0, 0.0, 100.0], [0.0, 0.0, 1.0]], "bev": "bev_a38ad4481be442149e088b2d6b2f3eef.png", "aux": "aux_a38ad4481be442149e088b2d6b2f3eef.npz", "visibility": "visibility_a38ad4481be442149e088b2d6b2f3eef.png", "pose": [[-0.8617510795593262, -0.5073313117027283, 0.0, 963.0007934570312], [0.5073313117027283, -0.8617510795593262, 0.0, 1289.49267578125], [0.0, 0.0, 1.0, 0.0], [0.0, 0.0, 0.0, 1.0]], "pose_inverse": [[-0.8617510795593262, 0.5073313117027283, 0.0, 175.6669921875], [-0.5073313117027283, -0.8617510795593262, 0.0, 1599.7822265625], [0.0, 0.0, 1.0, 0.0], [0.0, 0.0, 0.0, 1.0]], "cam_ids": [0, 1, 2, 3, 4, 5], "cam_channels": ["CAM_FRONT_LEFT", "CAM_FRONT", "CAM_FRONT_RIGHT", "CAM_BACK_LEFT", "CAM_BACK", "CAM_BACK_RIGHT"], "token": "a38ad4481be442149e088b2d6b2f3eef", "scene": "scene-0674"}, {"images": ["samples/CAM_FRONT_LEFT/n008-2018-08-28-16-16-48-0400__CAM_FRONT_LEFT__1535487925604799.jpg", "samples/CAM_FRONT/n008-2018-08-28-16-16-48-0400__CAM_FRONT__1535487925612404.jpg", "samples/CAM_FRONT_RIGHT/n008-2018-08-28-16-16-48-0400__CAM_FRONT_RIGHT__1535487925620482.jpg", "samples/CAM_BACK_LEFT/n008-2018-08-28-16-16-48-0400__CAM_BACK_LEFT__1535487925647405.jpg", "samples/CAM_BACK/n008-2018-08-28-16-16-48-0400__CAM_BACK__1535487925637558.jpg", "samples/CAM_BACK_RIGHT/n008-2018-08-28-16-16-48-0400__CAM_BACK_RIGHT__1535487925628113.jpg"], "intrinsics": [[[1257.8625342125129, 0.0, 827.2410631095686], [0.0, 1257.8625342125129, 450.915498205774], [0.0, 0.0, 1.0]], [[1252.8131021185304, 0.0, 826.588114781398], [0.0, 1252.8131021185304, 469.9846626224581], [0.0, 0.0, 1.0]], [[1256.7485116440405, 0.0, 817.7887570959712], [0.0, 1256.7485116440403, 451.9541780095127], [0.0, 0.0, 1.0]], [[1254.9860565800168, 0.0, 829.5769333630991], [0.0, 1254.9860565800168, 467.1680561863987], [0.0, 0.0, 1.0]], [[796.8910634503094, 0.0, 857.7774326863696], [0.0, 796.8910634503094, 476.8848988407415], [0.0, 0.0, 1.0]], [[1249.9629280788233, 0.0, 825.3768045375984], [0.0, 1249.9629280788233, 462.54816385708756], [0.0, 0.0, 1.0]]], "extrinsics": [[[0.8219599723815918, -0.5693529844284058, -0.014799611642956734, -0.705322265625], [0.004230027552694082, 0.03208690136671066, -0.9994761347770691, 1.4897689819335938], [0.56952965259552, 0.8214666843414307, 0.028782524168491364, -1.1280517578125], [0.0, 0.0, 0.0, 1.0]], [[0.009388657286763191, -0.9995678663253784, -0.02785673178732395, 0.009765625], [0.006267690099775791, 0.027916237711906433, -0.9995906352996826, 1.4819831848144531], [0.9999362230300903, 0.009210142306983471, 0.0065270764753222466, -1.436492919921875], [0.0, 0.0, 0.0, 1.0]], [[-0.8443682789802551, -0.5352950692176819, -0.022394197061657906, 0.89788818359375], [0.014366662129759789, 0.019161434844136238, -0.9997131824493408, 1.4963417053222656], [0.5355706810951233, -0.8444477915763855, -0.008488902822136879, -1.154052734375], [0.0, 0.0, 0.0, 1.0]], [[0.9478915333747864, 0.3185921609401703, 0.0007210292387753725, -1.14520263671875], [-0.010644318535923958, 0.03393125534057617, -0.9993674755096436, 1.5620613098144531], [-0.31841516494750977, 0.9472843408584595, 0.035554349422454834, -0.155517578125], [0.0, 0.0, 0.0, 1.0]], [[0.009516078978776932, 0.999602198600769, 0.026548372581601143, -0.0284423828125], [-0.008736983872950077, 0.026631677523255348, -0.9996070861816406, 1.5673255920410156], [-0.9999166131019592, 0.009280377067625523, 0.008986937813460827, -0.0384674072265625], [0.0, 0.0, 0.0, 1.0]], [[-0.9235484600067139, 0.38343676924705505, 0.005865997169166803, 1.009246826171875], [-0.00467390101402998, 0.00404058862477541, -0.9999809265136719, 1.5470457077026367], [-0.3834531307220459, -0.9235582947731018, -0.001939533045515418, -0.1058349609375], [0.0, 0.0, 0.0, 1.0]]], "view": [[0.0, -2.0, 100.0], [-2.0, 0.0, 100.0], [0.0, 0.0, 1.0]], "bev": "bev_d210c7168c4341bb80f83369d7200317.png", "aux": "aux_d210c7168c4341bb80f83369d7200317.npz", "visibility": "visibility_d210c7168c4341bb80f83369d7200317.png", "pose": [[-0.8625157475471497, -0.506030261516571, 0.0, 959.6923828125], [0.506030261516571, -0.8625157475471497, 0.0, 1291.4791259765625], [0.0, 0.0, 1.0, 0.0], [0.0, 0.0, 0.0, 1.0]], "pose_inverse": [[-0.8625157475471497, 0.506030261516571, 0.0, 174.22225952148438], [-0.506030261516571, -0.8625157475471497, 0.0, 1599.554443359375], [0.0, 0.0, 1.0, 0.0], [0.0, 0.0, 0.0, 1.0]], "cam_ids": [0, 1, 2, 3, 4, 5], "cam_channels": ["CAM_FRONT_LEFT", "CAM_FRONT", "CAM_FRONT_RIGHT", "CAM_BACK_LEFT", "CAM_BACK", "CAM_BACK_RIGHT"], "token": "d210c7168c4341bb80f83369d7200317", "scene": "scene-0674"}, {"images": ["samples/CAM_FRONT_LEFT/n008-2018-08-28-16-16-48-0400__CAM_FRONT_LEFT__1535487926104799.jpg", "samples/CAM_FRONT/n008-2018-08-28-16-16-48-0400__CAM_FRONT__1535487926112404.jpg", "samples/CAM_FRONT_RIGHT/n008-2018-08-28-16-16-48-0400__CAM_FRONT_RIGHT__1535487926121280.jpg", "samples/CAM_BACK_LEFT/n008-2018-08-28-16-16-48-0400__CAM_BACK_LEFT__1535487926147405.jpg", "samples/CAM_BACK/n008-2018-08-28-16-16-48-0400__CAM_BACK__1535487926137558.jpg", "samples/CAM_BACK_RIGHT/n008-2018-08-28-16-16-48-0400__CAM_BACK_RIGHT__1535487926128113.jpg"], "intrinsics": [[[1257.8625342125129, 0.0, 827.2410631095686], [0.0, 1257.8625342125129, 450.915498205774], [0.0, 0.0, 1.0]], [[1252.8131021185304, 0.0, 826.588114781398], [0.0, 1252.8131021185304, 469.9846626224581], [0.0, 0.0, 1.0]], [[1256.7485116440405, 0.0, 817.7887570959712], [0.0, 1256.7485116440403, 451.9541780095127], [0.0, 0.0, 1.0]], [[1254.9860565800168, 0.0, 829.5769333630991], [0.0, 1254.9860565800168, 467.1680561863987], [0.0, 0.0, 1.0]], [[796.8910634503094, 0.0, 857.7774326863696], [0.0, 796.8910634503094, 476.8848988407415], [0.0, 0.0, 1.0]], [[1249.9629280788233, 0.0, 825.3768045375984], [0.0, 1249.9629280788233, 462.54816385708756], [0.0, 0.0, 1.0]]], "extrinsics": [[[0.8225374221801758, -0.5685864090919495, -0.011913919821381569, -0.6954345703125], [0.005224693100899458, 0.028503011912107468, -0.9995800256729126, 1.4901313781738281], [0.5686871409416199, 0.8221296668052673, 0.026415478438138962, -1.1241455078125], [0.0, 0.0, 0.0, 1.0]], [[0.0102302310988307, -0.9996545314788818, -0.024210697039961815, 0.01171875], [0.007168503478169441, 0.024284662678837776, -0.9996793866157532, 1.4822845458984375], [0.999921977519989, 0.010053346864879131, 0.00741446390748024, -1.4273223876953125], [0.0, 0.0, 0.0, 1.0]], [[-0.8440128564834595, -0.5359075665473938, -0.021105950698256493, 0.8978271484375], [0.01517726480960846, 0.015471301041543484, -0.9997650980949402, 1.4965267181396484], [0.5361082553863525, -0.8441349267959595, -0.004924365319311619, -1.1522216796875], [0.0, 0.0, 0.0, 1.0]], [[0.9478825330734253, 0.31861966848373413, -0.00045266569941304624, -1.1416015625], [-0.01075030118227005, 0.030561814084649086, -0.9994750618934631, 1.5620079040527344], [-0.3184385895729065, 0.9473898410797119, 0.03239426389336586, -0.1571044921875], [0.0, 0.0, 0.0, 1.0]], [[0.009266682900488377, 0.9996910095214844, 0.023065857589244843, -0.02880859375], [-0.008456247858703136, 0.023144366219639778, -0.9996963739395142, 1.5672950744628906], [-0.9999212622642517, 0.009068820625543594, 0.00866810604929924, -0.0438995361328125], [0.0, 0.0, 0.0, 1.0]], [[-0.9237268567085266, 0.38303282856941223, 0.0038040054496377707, 1.002532958984375], [-0.003963402472436428, 0.00037300525582395494, -0.9999920725822449, 1.5471339225769043], [-0.3830311596393585, -0.9237346649169922, 0.0011735577136278152, -0.107421875], [0.0, 0.0, 0.0, 1.0]]], "view": [[0.0, -2.0, 100.0], [-2.0, 0.0, 100.0], [0.0, 0.0, 1.0]], "bev": "bev_078cffe9951541d4afde6c20bf8a4822.png", "aux": "aux_078cffe9951541d4afde6c20bf8a4822.npz", "visibility": "visibility_078cffe9951541d4afde6c20bf8a4822.png", "pose": [[-0.8635659217834473, -0.5042359828948975, 0.0, 955.943603515625], [0.5042359828948975, -0.8635659217834473, 0.0, 1293.71240234375], [0.0, 0.0, 1.0, 0.0], [0.0, 0.0, 0.0, 1.0]], "pose_inverse": [[-0.8635659217834473, 0.5042359828948975, 0.0, 173.18397521972656], [-0.5042359828948975, -0.8635659217834473, 0.0, 1599.22705078125], [0.0, 0.0, 1.0, 0.0], [0.0, 0.0, 0.0, 1.0]], "cam_ids": [0, 1, 2, 3, 4, 5], "cam_channels": ["CAM_FRONT_LEFT", "CAM_FRONT", "CAM_FRONT_RIGHT", "CAM_BACK_LEFT", "CAM_BACK", "CAM_BACK_RIGHT"], "token": "078cffe9951541d4afde6c20bf8a4822", "scene": "scene-0674"}, {"images": ["samples/CAM_FRONT_LEFT/n008-2018-08-28-16-16-48-0400__CAM_FRONT_LEFT__1535487926604799.jpg", "samples/CAM_FRONT/n008-2018-08-28-16-16-48-0400__CAM_FRONT__1535487926612404.jpg", "samples/CAM_FRONT_RIGHT/n008-2018-08-28-16-16-48-0400__CAM_FRONT_RIGHT__1535487926620482.jpg", "samples/CAM_BACK_LEFT/n008-2018-08-28-16-16-48-0400__CAM_BACK_LEFT__1535487926647405.jpg", "samples/CAM_BACK/n008-2018-08-28-16-16-48-0400__CAM_BACK__1535487926637563.jpg", "samples/CAM_BACK_RIGHT/n008-2018-08-28-16-16-48-0400__CAM_BACK_RIGHT__1535487926628113.jpg"], "intrinsics": [[[1257.8625342125129, 0.0, 827.2410631095686], [0.0, 1257.8625342125129, 450.915498205774], [0.0, 0.0, 1.0]], [[1252.8131021185304, 0.0, 826.588114781398], [0.0, 1252.8131021185304, 469.9846626224581], [0.0, 0.0, 1.0]], [[1256.7485116440405, 0.0, 817.7887570959712], [0.0, 1256.7485116440403, 451.9541780095127], [0.0, 0.0, 1.0]], [[1254.9860565800168, 0.0, 829.5769333630991], [0.0, 1254.9860565800168, 467.1680561863987], [0.0, 0.0, 1.0]], [[796.8910634503094, 0.0, 857.7774326863696], [0.0, 796.8910634503094, 476.8848988407415], [0.0, 0.0, 1.0]], [[1249.9629280788233, 0.0, 825.3768045375984], [0.0, 1249.9629280788233, 462.54816385708756], [0.0, 0.0, 1.0]]], "extrinsics": [[[0.8225187063217163, -0.5686028599739075, -0.012399784289300442, -0.68707275390625], [0.004303176887333393, 0.028023501858115196, -0.99959796667099, 1.4898567199707031], [0.5687217712402344, 0.8221347332000732, 0.025496654212474823, -1.1175537109375], [0.0, 0.0, 0.0, 1.0]], [[0.010200323536992073, -0.9996637105941772, -0.023842280730605125, 0.0113525390625], [0.006092802155762911, 0.023905213922262192, -0.9996956586837769, 1.482025146484375], [0.9999293684959412, 0.010051990859210491, 0.006334594450891018, -1.4188385009765625], [0.0, 0.0, 0.0, 1.0]], [[-0.8440347909927368, -0.5359184145927429, -0.019920019432902336, 0.886474609375], [0.013939070515334606, 0.01520888227969408, -0.9997871518135071, 1.4964313507080078], [0.5361073613166809, -0.8441328406333923, -0.005366622004657984, -1.145263671875], [0.0, 0.0, 0.0, 1.0]], [[0.9478816390037537, 0.31861940026283264, -0.0014264852507039905, -1.142578125], [-0.011695890687406063, 0.030320150777697563, -0.9994717836380005, 1.5620269775390625], [-0.3184078633785248, 0.9473975896835327, 0.032466452568769455, -0.1563720703125], [0.0, 0.0, 0.0, 1.0]], [[0.009280149824917316, 0.9996973276138306, 0.022786777466535568, -0.0289306640625], [-0.009476647712290287, 0.022874660789966583, -0.9996933937072754, 1.5671920776367188], [-0.9999120831489563, 0.009061276912689209, 0.009686057455837727, -0.0454864501953125], [0.0, 0.0, 0.0, 1.0]], [[-0.9237257242202759, 0.38302528858184814, 0.0047296020202338696, 0.998748779296875], [-0.00506982859224081, 0.00012116503057768568, -0.9999871850013733, 1.546926736831665], [-0.38302090764045715, -0.9237378239631653, 0.0018299504881724715, -0.1092529296875], [0.0, 0.0, 0.0, 1.0]]], "view": [[0.0, -2.0, 100.0], [-2.0, 0.0, 100.0], [0.0, 0.0, 1.0]], "bev": "bev_bd430c8dde0141fe957771c91f72b1bd.png", "aux": "aux_bd430c8dde0141fe957771c91f72b1bd.npz", "visibility": "visibility_bd430c8dde0141fe957771c91f72b1bd.png", "pose": [[-0.8646522164344788, -0.5023708939552307, 0.0, 952.1036376953125], [0.5023708939552307, -0.8646522164344788, 0.0, 1295.98583984375], [0.0, 0.0, 1.0, 0.0], [0.0, 0.0, 0.0, 1.0]], "pose_inverse": [[-0.8646522164344788, 0.5023708939552307, 0.0, 172.17298889160156], [-0.5023708939552307, -0.8646522164344788, 0.0, 1598.88623046875], [0.0, 0.0, 1.0, 0.0], [0.0, 0.0, 0.0, 1.0]], "cam_ids": [0, 1, 2, 3, 4, 5], "cam_channels": ["CAM_FRONT_LEFT", "CAM_FRONT", "CAM_FRONT_RIGHT", "CAM_BACK_LEFT", "CAM_BACK", "CAM_BACK_RIGHT"], "token": "bd430c8dde0141fe957771c91f72b1bd", "scene": "scene-0674"}, {"images": ["samples/CAM_FRONT_LEFT/n008-2018-08-28-16-16-48-0400__CAM_FRONT_LEFT__1535487927154799.jpg", "samples/CAM_FRONT/n008-2018-08-28-16-16-48-0400__CAM_FRONT__1535487927162404.jpg", "samples/CAM_FRONT_RIGHT/n008-2018-08-28-16-16-48-0400__CAM_FRONT_RIGHT__1535487927170482.jpg", "samples/CAM_BACK_LEFT/n008-2018-08-28-16-16-48-0400__CAM_BACK_LEFT__1535487927197405.jpg", "samples/CAM_BACK/n008-2018-08-28-16-16-48-0400__CAM_BACK__1535487927187558.jpg", "samples/CAM_BACK_RIGHT/n008-2018-08-28-16-16-48-0400__CAM_BACK_RIGHT__1535487927178113.jpg"], "intrinsics": [[[1257.8625342125129, 0.0, 827.2410631095686], [0.0, 1257.8625342125129, 450.915498205774], [0.0, 0.0, 1.0]], [[1252.8131021185304, 0.0, 826.588114781398], [0.0, 1252.8131021185304, 469.9846626224581], [0.0, 0.0, 1.0]], [[1256.7485116440405, 0.0, 817.7887570959712], [0.0, 1256.7485116440403, 451.9541780095127], [0.0, 0.0, 1.0]], [[1254.9860565800168, 0.0, 829.5769333630991], [0.0, 1254.9860565800168, 467.1680561863987], [0.0, 0.0, 1.0]], [[796.8910634503094, 0.0, 857.7774326863696], [0.0, 796.8910634503094, 476.8848988407415], [0.0, 0.0, 1.0]], [[1249.9629280788233, 0.0, 825.3768045375984], [0.0, 1249.9629280788233, 462.54816385708756], [0.0, 0.0, 1.0]]], "extrinsics": [[[0.8228651285171509, -0.5681360960006714, -0.0106922946870327, -0.6837158203125], [0.005069756880402565, 0.026156101375818253, -0.9996449947357178, 1.4901847839355469], [0.5682141184806824, 0.8225188851356506, 0.024403253570199013, -1.115234375], [0.0, 0.0, 0.0, 1.0]], [[0.010683956556022167, -0.9996986389160156, -0.022103721275925636, 0.011474609375], [0.00710897846147418, 0.022180363535881042, -0.9997287392616272, 1.4823837280273438], [0.9999176263809204, 0.010523940436542034, 0.007343810051679611, -1.41522216796875], [0.0, 0.0, 0.0, 1.0]], [[-0.8438223004341125, -0.536246657371521, -0.02008516900241375, 0.8836669921875], [0.015101546421647072, 0.013683955185115337, -0.9997923374176025, 1.4967689514160156], [0.5364101529121399, -0.8439503908157349, -0.003448673291131854, -1.1436767578125], [0.0, 0.0, 0.0, 1.0]], [[0.947888195514679, 0.318602591753006, -0.0005826326087117195, -1.14093017578125], [-0.010560151189565659, 0.029590142890810966, -0.9995062947273254, 1.5620155334472656], [-0.3184281289577484, 0.947426438331604, 0.03141263872385025, -0.156982421875], [0.0, 0.0, 0.0, 1.0]], [[0.009133671410381794, 0.9997223019599915, 0.021723585203289986, -0.028564453125], [-0.008333513513207436, 0.021799838170409203, -0.9997276067733765, 1.5672836303710938], [-0.999923586845398, 0.008950082585215569, 0.008530311286449432, -0.0476226806640625], [0.0, 0.0, 0.0, 1.0]], [[-0.9238260984420776, 0.3827976584434509, 0.003360888222232461, 0.99615478515625], [-0.0041187903843820095, -0.0011603779857978225, -0.9999908208847046, 1.547081470489502], [-0.38279014825820923, -0.9238314628601074, 0.002648651134222746, -0.1104736328125], [0.0, 0.0, 0.0, 1.0]]], "view": [[0.0, -2.0, 100.0], [-2.0, 0.0, 100.0], [0.0, 0.0, 1.0]], "bev": "bev_d917d326dee943d5912fe41a89ea325f.png", "aux": "aux_d917d326dee943d5912fe41a89ea325f.npz", "visibility": "visibility_d917d326dee943d5912fe41a89ea325f.png", "pose": [[-0.8618907928466797, -0.5070939660072327, 0.0, 947.837890625], [0.5070939660072327, -0.8618907928466797, 0.0, 1298.51953125], [0.0, 0.0, 1.0, 0.0], [0.0, 0.0, 0.0, 1.0]], "pose_inverse": [[-0.8618907928466797, 0.5070939660072327, 0.0, 158.46131896972656], [-0.5070939660072327, -0.8618907928466797, 0.0, 1599.8248291015625], [0.0, 0.0, 1.0, 0.0], [0.0, 0.0, 0.0, 1.0]], "cam_ids": [0, 1, 2, 3, 4, 5], "cam_channels": ["CAM_FRONT_LEFT", "CAM_FRONT", "CAM_FRONT_RIGHT", "CAM_BACK_LEFT", "CAM_BACK", "CAM_BACK_RIGHT"], "token": "d917d326dee943d5912fe41a89ea325f", "scene": "scene-0674"}, {"images": ["samples/CAM_FRONT_LEFT/n008-2018-08-28-16-16-48-0400__CAM_FRONT_LEFT__1535487927654799.jpg", "samples/CAM_FRONT/n008-2018-08-28-16-16-48-0400__CAM_FRONT__1535487927662404.jpg", "samples/CAM_FRONT_RIGHT/n008-2018-08-28-16-16-48-0400__CAM_FRONT_RIGHT__1535487927670482.jpg", "samples/CAM_BACK_LEFT/n008-2018-08-28-16-16-48-0400__CAM_BACK_LEFT__1535487927697405.jpg", "samples/CAM_BACK/n008-2018-08-28-16-16-48-0400__CAM_BACK__1535487927689516.jpg", "samples/CAM_BACK_RIGHT/n008-2018-08-28-16-16-48-0400__CAM_BACK_RIGHT__1535487927678113.jpg"], "intrinsics": [[[1257.8625342125129, 0.0, 827.2410631095686], [0.0, 1257.8625342125129, 450.915498205774], [0.0, 0.0, 1.0]], [[1252.8131021185304, 0.0, 826.588114781398], [0.0, 1252.8131021185304, 469.9846626224581], [0.0, 0.0, 1.0]], [[1256.7485116440405, 0.0, 817.7887570959712], [0.0, 1256.7485116440403, 451.9541780095127], [0.0, 0.0, 1.0]], [[1254.9860565800168, 0.0, 829.5769333630991], [0.0, 1254.9860565800168, 467.1680561863987], [0.0, 0.0, 1.0]], [[796.8910634503094, 0.0, 857.7774326863696], [0.0, 796.8910634503094, 476.8848988407415], [0.0, 0.0, 1.0]], [[1249.9629280788233, 0.0, 825.3768045375984], [0.0, 1249.9629280788233, 462.54816385708756], [0.0, 0.0, 1.0]]], "extrinsics": [[[0.8228505849838257, -0.5681576132774353, -0.010672819800674915, -0.67822265625], [0.004978029988706112, 0.025987960398197174, -0.9996498823165894, 1.4901657104492188], [0.5682361125946045, 0.8225093483924866, 0.024212511256337166, -1.112060546875], [0.0, 0.0, 0.0, 1.0]], [[0.010690242983400822, -0.999705970287323, -0.021765906363725662, 0.011962890625], [0.006637404207140207, 0.021837616339325905, -0.9997395277023315, 1.4822502136230469], [0.9999208450317383, 0.010543011128902435, 0.006868902128189802, -1.4097747802734375], [0.0, 0.0, 0.0, 1.0]], [[-0.843821108341217, -0.5362807512283325, -0.01920524425804615, 0.8804931640625], [0.014469552785158157, 0.013037733733654022, -0.9998102784156799, 1.496664047241211], [0.5364294648170471, -0.8439388871192932, -0.003241772297769785, -1.1412353515625], [0.0, 0.0, 0.0, 1.0]], [[0.9478769302368164, 0.3186321556568146, -0.0016876993468031287, -1.1419677734375], [-0.011140337213873863, 0.027846306562423706, -0.9995501041412354, 1.5620231628417969], [-0.31844183802604675, 0.9474693536758423, 0.029944542795419693, -0.15673828125], [0.0, 0.0, 0.0, 1.0]], [[0.00914056971669197, 0.9997512698173523, 0.02034800685942173, -0.029052734375], [-0.008965952321887016, 0.02042998000979423