[{"images": ["samples/CAM_FRONT_LEFT/n008-2018-08-06-15-06-32-0400__CAM_FRONT_LEFT__1533582534154799.jpg", "samples/CAM_FRONT/n008-2018-08-06-15-06-32-0400__CAM_FRONT__1533582534162404.jpg", "samples/CAM_FRONT_RIGHT/n008-2018-08-06-15-06-32-0400__CAM_FRONT_RIGHT__1533582534170482.jpg", "samples/CAM_BACK_LEFT/n008-2018-08-06-15-06-32-0400__CAM_BACK_LEFT__1533582534197405.jpg", "samples/CAM_BACK/n008-2018-08-06-15-06-32-0400__CAM_BACK__1533582534187558.jpg", "samples/CAM_BACK_RIGHT/n008-2018-08-06-15-06-32-0400__CAM_BACK_RIGHT__1533582534178113.jpg"], "intrinsics": [[[1257.8625342125129, 0.0, 827.2410631095686], [0.0, 1257.8625342125129, 450.915498205774], [0.0, 0.0, 1.0]], [[1252.8131021185304, 0.0, 826.588114781398], [0.0, 1252.8131021185304, 469.9846626224581], [0.0, 0.0, 1.0]], [[1256.7485116440405, 0.0, 817.7887570959712], [0.0, 1256.7485116440403, 451.9541780095127], [0.0, 0.0, 1.0]], [[1254.9860565800168, 0.0, 829.5769333630991], [0.0, 1254.9860565800168, 467.1680561863987], [0.0, 0.0, 1.0]], [[796.8910634503094, 0.0, 857.7774326863696], [0.0, 796.8910634503094, 476.8848988407415], [0.0, 0.0, 1.0]], [[1249.9629280788233, 0.0, 825.3768045375984], [0.0, 1249.9629280788233, 462.54816385708756], [0.0, 0.0, 1.0]]], "extrinsics": [[[0.8225114345550537, -0.568561315536499, -0.014599036425352097, -0.7449951171875], [0.008863387629389763, 0.038479387760162354, -0.999220073223114, 1.4910659790039062], [0.5686795711517334, 0.8217405080795288, 0.036689113825559616, -1.154296875], [0.0, 0.0, 0.0, 1.0]], [[0.010232680477201939, -0.9993642568588257, -0.034153226763010025, 0.008544921875], [0.010545516386628151, 0.03426096588373184, -0.999357283115387, 1.482879638671875], [0.999891996383667, 0.009865939617156982, 0.010889392346143723, -1.4754638671875], [0.0, 0.0, 0.0, 1.0]], [[-0.8439657092094421, -0.5356075167655945, -0.029094787314534187, 0.92236328125], [0.018303971737623215, 0.025452522560954094, -0.9995084404945374, 1.4967193603515625], [0.5360848307609558, -0.8440834283828735, -0.011677311733365059, -1.170166015625], [0.0, 0.0, 0.0, 1.0]], [[0.9478940367698669, 0.3185371160507202, 0.005576154682785273, -1.14208984375], [-0.007562289014458656, 0.039994653314352036, -0.999171257019043, 1.5620346069335938], [-0.3184961676597595, 0.9470663666725159, 0.04031956195831299, -0.1566162109375], [0.0, 0.0, 0.0, 1.0]], [[0.009209753014147282, 0.9994238018989563, 0.03266977146267891, -0.0283203125], [-0.0052863177843391895, 0.032719362527132034, -0.9994505643844604, 1.5676727294921875], [-0.9999436736106873, 0.00903199054300785, 0.005584608297795057, -0.0289306640625], [0.0, 0.0, 0.0, 1.0]], [[-0.9237241148948669, 0.38302868604660034, 0.004772546235471964, 1.0284423828125], [-0.0009209659765474498, 0.01023833453655243, -0.999947190284729, 1.5476765632629395], [-0.38305729627609253, -0.923679769039154, -0.009104638360440731, -0.09814453125], [0.0, 0.0, 0.0, 1.0]]], "view": [[0.0, -2.0, 100.0], [-2.0, 0.0, 100.0], [0.0, 0.0, 1.0]], "bev": "bev_ad2c8c61b92b46b9bad68595034fe4eb.png", "aux": "aux_ad2c8c61b92b46b9bad68595034fe4eb.npz", "visibility": "visibility_ad2c8c61b92b46b9bad68595034fe4eb.png", "pose": [[-0.9999272227287292, -0.01206575334072113, 0.0, 1651.354736328125], [0.01206575334072113, -0.9999272227287292, 0.0, 868.7006225585938], [0.0, 0.0, 1.0, 0.0], [0.0, 0.0, 0.0, 1.0]], "pose_inverse": [[-0.9999272227287292, 0.01206575334072113, 0.0, 1640.7530517578125], [-0.01206575334072113, -0.9999272227287292, 0.0, 888.562255859375], [0.0, 0.0, 1.0, 0.0], [0.0, 0.0, 0.0, 1.0]], "cam_ids": [0, 1, 2, 3, 4, 5], "cam_channels": ["CAM_FRONT_LEFT", "CAM_FRONT", "CAM_FRONT_RIGHT", "CAM_BACK_LEFT", "CAM_BACK", "CAM_BACK_RIGHT"], "token": "ad2c8c61b92b46b9bad68595034fe4eb", "scene": "scene-0256"}, {"images": ["samples/CAM_FRONT_LEFT/n008-2018-08-06-15-06-32-0400__CAM_FRONT_LEFT__1533582534654799.jpg", "samples/CAM_FRONT/n008-2018-08-06-15-06-32-0400__CAM_FRONT__1533582534662404.jpg", "samples/CAM_FRONT_RIGHT/n008-2018-08-06-15-06-32-0400__CAM_FRONT_RIGHT__1533582534670724.jpg", "samples/CAM_BACK_LEFT/n008-2018-08-06-15-06-32-0400__CAM_BACK_LEFT__1533582534697405.jpg", "samples/CAM_BACK/n008-2018-08-06-15-06-32-0400__CAM_BACK__1533582534687558.jpg", "samples/CAM_BACK_RIGHT/n008-2018-08-06-15-06-32-0400__CAM_BACK_RIGHT__1533582534678113.jpg"], "intrinsics": [[[1257.8625342125129, 0.0, 827.2410631095686], [0.0, 1257.8625342125129, 450.915498205774], [0.0, 0.0, 1.0]], [[1252.8131021185304, 0.0, 826.588114781398], [0.0, 1252.8131021185304, 469.9846626224581], [0.0, 0.0, 1.0]], [[1256.7485116440405, 0.0, 817.7887570959712], [0.0, 1256.7485116440403, 451.9541780095127], [0.0, 0.0, 1.0]], [[1254.9860565800168, 0.0, 829.5769333630991], [0.0, 1254.9860565800168, 467.1680561863987], [0.0, 0.0, 1.0]], [[796.8910634503094, 0.0, 857.7774326863696], [0.0, 796.8910634503094, 476.8848988407415], [0.0, 0.0, 1.0]], [[1249.9629280788233, 0.0, 825.3768045375984], [0.0, 1249.9629280788233, 462.54816385708756], [0.0, 0.0, 1.0]]], "extrinsics": [[[0.8222591876983643, -0.5688905119895935, -0.015920249745249748, -0.74981689453125], [-2.92089407594176e-05, 0.02793159708380699, -0.9996098279953003, 1.4882125854492188], [0.5691131353378296, 0.8219388723373413, 0.022950397804379463, -1.159912109375], [0.0, 0.0, 0.0, 1.0]], [[0.009797466918826103, -0.9996768236160278, -0.023458212614059448, 0.010009765625], [0.0015192377613857388, 0.0234741922467947, -0.9997233152389526, 1.480499267578125], [0.9999508261680603, 0.009759116917848587, 0.0017487340373918414, -1.4808349609375], [0.0, 0.0, 0.0, 1.0]], [[-0.8442450761795044, -0.5357345342636108, -0.015452362596988678, 0.9273681640625], [0.009188206866383553, 0.014359758235514164, -0.9998546242713928, 1.4948368072509766], [0.535878598690033, -0.8442643284797668, -0.007200716994702816, -1.172088623046875], [0.0, 0.0, 0.0, 1.0]], [[0.9478195905685425, 0.318727970123291, -0.007110603619366884, -1.140625], [-0.016933169215917587, 0.028057795017957687, -0.9994628429412842, 1.5619837045669556], [-0.31835731863975525, 0.9474308490753174, 0.03199080377817154, -0.1572265625], [0.0, 0.0, 0.0, 1.0]], [[0.009430387988686562, 0.9997365474700928, 0.020924974232912064, -0.02874755859375], [-0.014545069076120853, 0.02106083184480667, -0.9996723532676697, 1.5669732093811035], [-0.9998496770858765, 0.009122941642999649, 0.014739850535988808, -0.02978515625], [0.0, 0.0, 0.0, 1.0]], [[-0.923630952835083, 0.38317936658859253, 0.008907786570489407, 1.029541015625], [-0.010105816647410393, -0.0011136274551972747, -0.9999483227729797, 1.5463829040527344], [-0.38314956426620483, -0.9236732721328735, 0.004900921601802111, -0.0968017578125], [0.0, 0.0, 0.0, 1.0]]], "view": [[0.0, -2.0, 100.0], [-2.0, 0.0, 100.0], [0.0, 0.0, 1.0]], "bev": "bev_4c4d47a0138e4051929afb68da83d95f.png", "aux": "aux_4c4d47a0138e4051929afb68da83d95f.npz", "visibility": "visibility_4c4d47a0138e4051929afb68da83d95f.png", "pose": [[-0.9999639987945557, -0.008482903242111206, 0.0, 1647.804443359375], [0.008482903242111206, -0.9999639987945557, 0.0, 868.7685546875], [0.0, 0.0, 1.0, 0.0], [0.0, 0.0, 0.0, 1.0]], "pose_inverse": [[-0.9999639987945557, 0.008482903242111206, 0.0, 1640.37548828125], [-0.008482903242111206, -0.9999639987945557, 0.0, 882.7154541015625], [0.0, 0.0, 1.0, 0.0], [0.0, 0.0, 0.0, 1.0]], "cam_ids": [0, 1, 2, 3, 4, 5], "cam_channels": ["CAM_FRONT_LEFT", "CAM_FRONT", "CAM_FRONT_RIGHT", "CAM_BACK_LEFT", "CAM_BACK", "CAM_BACK_RIGHT"], "token": "4c4d47a0138e4051929afb68da83d95f", "scene": "scene-0256"}, {"images": ["samples/CAM_FRONT_LEFT/n008-2018-08-06-15-06-32-0400__CAM_FRONT_LEFT__1533582535154799.jpg", "samples/CAM_FRONT/n008-2018-08-06-15-06-32-0400__CAM_FRONT__1533582535162404.jpg", "samples/CAM_FRONT_RIGHT/n008-2018-08-06-15-06-32-0400__CAM_FRONT_RIGHT__1533582535170482.jpg", "samples/CAM_BACK_LEFT/n008-2018-08-06-15-06-32-0400__CAM_BACK_LEFT__1533582535197405.jpg", "samples/CAM_BACK/n008-2018-08-06-15-06-32-0400__CAM_BACK__1533582535187558.jpg", "samples/CAM_BACK_RIGHT/n008-2018-08-06-15-06-32-0400__CAM_BACK_RIGHT__1533582535178113.jpg"], "intrinsics": [[[1257.8625342125129, 0.0, 827.2410631095686], [0.0, 1257.8625342125129, 450.915498205774], [0.0, 0.0, 1.0]], [[1252.8131021185304, 0.0, 826.588114781398], [0.0, 1252.8131021185304, 469.9846626224581], [0.0, 0.0, 1.0]], [[1256.7485116440405, 0.0, 817.7887570959712], [0.0, 1256.7485116440403, 451.9541780095127], [0.0, 0.0, 1.0]], [[1254.9860565800168, 0.0, 829.5769333630991], [0.0, 1254.9860565800168, 467.1680561863987], [0.0, 0.0, 1.0]], [[796.8910634503094, 0.0, 857.7774326863696], [0.0, 796.8910634503094, 476.8848988407415], [0.0, 0.0, 1.0]], [[1249.9629280788233, 0.0, 825.3768045375984], [0.0, 1249.9629280788233, 462.54816385708756], [0.0, 0.0, 1.0]]], "extrinsics": [[[0.8222895860671997, -0.5690227746963501, 0.007280311547219753, -0.7547607421875], [0.020452311262488365, 0.01676551066339016, -0.999650239944458, 1.4944496154785156], [0.5687016844749451, 0.8221508860588074, 0.025423934683203697, -1.1629638671875], [0.0, 0.0, 0.0, 1.0]], [[0.010122407227754593, -0.9998708963394165, -0.012474928051233292, 0.00970458984375], [0.022784553468227386, 0.01270295586436987, -0.9996596574783325, 1.4858360290527344], [0.9996891617774963, 0.009834724478423595, 0.02291019819676876, -1.4849853515625], [0.0, 0.0, 0.0, 1.0]], [[-0.843766450881958, -0.5359516143798828, -0.028530895709991455, 0.927734375], [0.031225087121129036, 0.004048999398946762, -0.9995041489601135, 1.499114990234375], [0.5358014106750488, -0.8442389965057373, 0.013318725861608982, -1.1724700927734375], [0.0, 0.0, 0.0, 1.0]], [[0.9478016495704651, 0.3186034560203552, 0.012797031551599503, -1.14111328125], [0.007022259756922722, 0.019267307594418526, -0.9997897148132324, 1.5620651245117188], [-0.3187830150127411, 0.9476922154426575, 0.01602426916360855, -0.156951904296875], [0.0, 0.0, 0.0, 1.0]], [[0.009113436564803123, 0.9998884201049805, 0.01183746475726366, -0.0286865234375], [0.008760690689086914, 0.011757664382457733, -0.9998924732208252, 1.568695068359375], [-0.9999200701713562, 0.009216160513460636, -0.008652562275528908, -0.0284423828125], [0.0, 0.0, 0.0, 1.0]], [[-0.9235461354255676, 0.38316211104393005, -0.015786487609148026, 1.031005859375], [0.012534732930362225, -0.010982011444866657, -0.9998611211776733, 1.549576759338379], [-0.38328227400779724, -0.9236158132553101, 0.005339560564607382, -0.096435546875], [0.0, 0.0, 0.0, 1.0]]], "view": [[0.0, -2.0, 100.0], [-2.0, 0.0, 100.0], [0.0, 0.0, 1.0]], "bev": "bev_6c8a5458aaf04d18b4dff1fbdb2aee89.png", "aux": "aux_6c8a5458aaf04d18b4dff1fbdb2aee89.npz", "visibility": "visibility_6c8a5458aaf04d18b4dff1fbdb2aee89.png", "pose": [[-0.9999986290931702, 0.001652066013775766, 0.0, 1644.201171875], [-0.001652066013775766, -0.9999986290931702, 0.0, 868.8055419921875], [0.0, 0.0, 1.0, 0.0], [0.0, 0.0, 0.0, 1.0]], "pose_inverse": [[-0.9999986290931702, -0.001652066013775766, 0.0, 1645.63427734375], [0.001652066013775766, -0.9999986290931702, 0.0, 866.0880126953125], [0.0, 0.0, 1.0, 0.0], [0.0, 0.0, 0.0, 1.0]], "cam_ids": [0, 1, 2, 3, 4, 5], "cam_channels": ["CAM_FRONT_LEFT", "CAM_FRONT", "CAM_FRONT_RIGHT", "CAM_BACK_LEFT", "CAM_BACK", "CAM_BACK_RIGHT"], "token": "6c8a5458aaf04d18b4dff1fbdb2aee89", "scene": "scene-0256"}, {"images": ["samples/CAM_FRONT_LEFT/n008-2018-08-06-15-06-32-0400__CAM_FRONT_LEFT__1533582535654799.jpg", "samples/CAM_FRONT/n008-2018-08-06-15-06-32-0400__CAM_FRONT__1533582535662414.jpg", "samples/CAM_FRONT_RIGHT/n008-2018-08-06-15-06-32-0400__CAM_FRONT_RIGHT__1533582535670482.jpg", "samples/CAM_BACK_LEFT/n008-2018-08-06-15-06-32-0400__CAM_BACK_LEFT__1533582535697405.jpg", "samples/CAM_BACK/n008-2018-08-06-15-06-32-0400__CAM_BACK__1533582535687558.jpg", "samples/CAM_BACK_RIGHT/n008-2018-08-06-15-06-32-0400__CAM_BACK_RIGHT__1533582535678113.jpg"], "intrinsics": [[[1257.8625342125129, 0.0, 827.2410631095686], [0.0, 1257.8625342125129, 450.915498205774], [0.0, 0.0, 1.0]], [[1252.8131021185304, 0.0, 826.588114781398], [0.0, 1252.8131021185304, 469.9846626224581], [0.0, 0.0, 1.0]], [[1256.7485116440405, 0.0, 817.7887570959712], [0.0, 1256.7485116440403, 451.9541780095127], [0.0, 0.0, 1.0]], [[1254.9860565800168, 0.0, 829.5769333630991], [0.0, 1254.9860565800168, 467.1680561863987], [0.0, 0.0, 1.0]], [[796.8910634503094, 0.0, 857.7774326863696], [0.0, 796.8910634503094, 476.8848988407415], [0.0, 0.0, 1.0]], [[1249.9629280788233, 0.0, 825.3768045375984], [0.0, 1249.9629280788233, 462.54816385708756], [0.0, 0.0, 1.0]]], "extrinsics": [[[0.8222489953041077, -0.569102942943573, -0.00533810630440712, -0.7545166015625], [0.006238308735191822, 0.018391301855444908, -0.9998114109039307, 1.4901103973388672], [0.5690937042236328, 0.8220606446266174, 0.01867246814072132, -1.16455078125], [0.0, 0.0, 0.0, 1.0]], [[0.009801643900573254, -0.9998533129692078, -0.014042203314602375, 0.0107421875], [0.007713137194514275, 0.014118057675659657, -0.9998705983161926, 1.4820384979248047], [0.9999222159385681, 0.009692066349089146, 0.007850386202335358, -1.4864501953125], [0.0, 0.0, 0.0, 1.0]], [[-0.8441988825798035, -0.5357996225357056, -0.01571590080857277, 0.9300537109375], [0.015261789783835411, 0.0052815708331763744, -0.9998695850372314, 1.4959831237792969], [0.5358127951622009, -0.8443285822868347, 0.0037185661494731903, -1.1729278564453125], [0.0, 0.0, 0.0, 1.0]], [[0.9478533267974854, 0.3186779022216797, -0.0042884997092187405, -1.14208984375], [-0.011318354867398739, 0.020210973918437958, -0.9997316598892212, 1.562022089958191], [-0.31850576400756836, 0.9476475119590759, 0.022763950750231743, -0.15673828125], [0.0, 0.0, 0.0, 1.0]], [[0.009381764568388462, 0.9998753666877747, 0.012698127888143063, -0.02911376953125], [-0.008765663020312786, 0.012780432589352131, -0.9998798370361328, 1.567426085472107], [-0.9999176263809204, 0.009269329719245434, 0.008884472772479057, -0.02685546875], [0.0, 0.0, 0.0, 1.0]], [[-0.9236310720443726, 0.3832826018333435, 4.682032886194065e-05, 1.03271484375], [-0.004144629463553429, -0.009865544736385345, -0.9999427199363708, 1.5472583770751953], [-0.38326019048690796, -0.9235785007476807, 0.010700687766075134, -0.094970703125], [0.0, 0.0, 0.0, 1.0]]], "view": [[0.0, -2.0, 100.0], [-2.0, 0.0, 100.0], [0.0, 0.0, 1.0]], "bev": "bev_2b0f4027e0534aa6bd2eae92fa769a6a.png", "aux": "aux_2b0f4027e0534aa6bd2eae92fa769a6a.npz", "visibility": "visibility_2b0f4027e0534aa6bd2eae92fa769a6a.png", "pose": [[-0.9999940991401672, 0.0034322505816817284, 0.0, 1640.66650390625], [-0.0034322505816817284, -0.9999940991401672, 0.0, 868.83740234375], [0.0, 0.0, 1.0, 0.0], [0.0, 0.0, 0.0, 1.0]], "pose_inverse": [[-0.9999940991401672, -0.0034322505816817284, 0.0, 1643.638916015625], [0.0034322505816817284, -0.9999940991401672, 0.0, 863.2011108398438], [0.0, 0.0, 1.0, 0.0], [0.0, 0.0, 0.0, 1.0]], "cam_ids": [0, 1, 2, 3, 4, 5], "cam_channels": ["CAM_FRONT_LEFT", "CAM_FRONT", "CAM_FRONT_RIGHT", "CAM_BACK_LEFT", "CAM_BACK", "CAM_BACK_RIGHT"], "token": "2b0f4027e0534aa6bd2eae92fa769a6a", "scene": "scene-0256"}, {"images": ["samples/CAM_FRONT_LEFT/n008-2018-08-06-15-06-32-0400__CAM_FRONT_LEFT__1533582536154799.jpg", "samples/CAM_FRONT/n008-2018-08-06-15-06-32-0400__CAM_FRONT__1533582536162404.jpg", "samples/CAM_FRONT_RIGHT/n008-2018-08-06-15-06-32-0400__CAM_FRONT_RIGHT__1533582536170482.jpg", "samples/CAM_BACK_LEFT/n008-2018-08-06-15-06-32-0400__CAM_BACK_LEFT__1533582536197405.jpg", "samples/CAM_BACK/n008-2018-08-06-15-06-32-0400__CAM_BACK__1533582536187558.jpg", "samples/CAM_BACK_RIGHT/n008-2018-08-06-15-06-32-0400__CAM_BACK_RIGHT__1533582536178113.jpg"], "intrinsics": [[[1257.8625342125129, 0.0, 827.2410631095686], [0.0, 1257.8625342125129, 450.915498205774], [0.0, 0.0, 1.0]], [[1252.8131021185304, 0.0, 826.588114781398], [0.0, 1252.8131021185304, 469.9846626224581], [0.0, 0.0, 1.0]], [[1256.7485116440405, 0.0, 817.7887570959712], [0.0, 1256.7485116440403, 451.9541780095127], [0.0, 0.0, 1.0]], [[1254.9860565800168, 0.0, 829.5769333630991], [0.0, 1254.9860565800168, 467.1680561863987], [0.0, 0.0, 1.0]], [[796.8910634503094, 0.0, 857.7774326863696], [0.0, 796.8910634503094, 476.8848988407415], [0.0, 0.0, 1.0]], [[1249.9629280788233, 0.0, 825.3768045375984], [0.0, 1249.9629280788233, 462.54816385708756], [0.0, 0.0, 1.0]]], "extrinsics": [[[0.8217445611953735, -0.5697113275527954, 0.012846816331148148, -0.74554443359375], [0.027364131063222885, 0.01693166419863701, -0.9994821548461914, 1.4968452453613281], [0.5691987872123718, 0.8216704726219177, 0.02950315736234188, -1.15673828125], [0.0, 0.0, 0.0, 1.0]], [[0.009542468935251236, -0.9998818635940552, -0.01204783096909523, 0.00994873046875], [0.030086036771535873, 0.0123300114646554, -0.9994712471961975, 1.4878959655761719], [0.9995018243789673, 0.00917495135217905, 0.030200138688087463, -1.47705078125], [0.0, 0.0, 0.0, 1.0]], [[-0.8437945246696472, -0.5355647802352905, -0.034368231892585754, 0.9239501953125], [0.03875856101512909, 0.0030584209598600864, -0.9992438554763794, 1.5007553100585938], [0.5352649092674255, -0.8444886207580566, 0.01817704178392887, -1.16986083984375], [0.0, 0.0, 0.0, 1.0]], [[0.9476957321166992, 0.31857335567474365, 0.019593100994825363, -1.1427001953125], [0.015076270326972008, 0.01663806475698948, -0.9997478723526001, 1.5620613098144531], [-0.3188191056251526, 0.9477521777153015, 0.010964923538267612, -0.156494140625], [0.0, 0.0, 0.0, 1.0]], [[0.009203488938510418, 0.9999094009399414, 0.009823246859014034, -0.02874755859375], [0.016673032194375992, 0.009668848477303982, -0.9998142123222351, 1.56927490234375], [-0.9998188018798828, 0.009365562349557877, -0.016582535579800606, -0.02880859375], [0.0, 0.0, 0.0, 1.0]], [[-0.9232625365257263, 0.3834502696990967, -0.023497626185417175, 1.0286865234375], [0.02025272510945797, -0.012498071417212486, -0.9997168183326721, 1.5507125854492188], [-0.3836352825164795, -0.9234769344329834, 0.0037730892654508352, -0.097412109375], [0.0, 0.0, 0.0, 1.0]]], "view": [[0.0, -2.0, 100.0], [-2.0, 0.0, 100.0], [0.0, 0.0, 1.0]], "bev": "bev_e68a5f96caa8445485b848fc3fa51d09.png", "aux": "aux_e68a5f96caa8445485b848fc3fa51d09.npz", "visibility": "visibility_e68a5f96caa8445485b848fc3fa51d09.png", "pose": [[-0.9998139142990112, 0.019290830940008163, 0.0, 1636.9625244140625], [-0.019290830940008163, -0.9998139142990112, 0.0, 868.8294067382812], [0.0, 0.0, 1.0, 0.0], [0.0, 0.0, 0.0, 1.0]], "pose_inverse": [[-0.9998139142990112, -0.019290830940008163, 0.0, 1653.4183349609375], [0.019290830940008163, -0.9998139142990112, 0.0, 837.08935546875], [0.0, 0.0, 1.0, 0.0], [0.0, 0.0, 0.0, 1.0]], "cam_ids": [0, 1, 2, 3, 4, 5], "cam_channels": ["CAM_FRONT_LEFT", "CAM_FRONT", "CAM_FRONT_RIGHT", "CAM_BACK_LEFT", "CAM_BACK", "CAM_BACK_RIGHT"], "token": "e68a5f96caa8445485b848fc3fa51d09", "scene": "scene-0256"}, {"images": ["samples/CAM_FRONT_LEFT/n008-2018-08-06-15-06-32-0400__CAM_FRONT_LEFT__1533582536654799.jpg", "samples/CAM_FRONT/n008-2018-08-06-15-06-32-0400__CAM_FRONT__1533582536662404.jpg", "samples/CAM_FRONT_RIGHT/n008-2018-08-06-15-06-32-0400__CAM_FRONT_RIGHT__1533582536670482.jpg", "samples/CAM_BACK_LEFT/n008-2018-08-06-15-06-32-0400__CAM_BACK_LEFT__1533582536697405.jpg", "samples/CAM_BACK/n008-2018-08-06-15-06-32-0400__CAM_BACK__1533582536687558.jpg", "samples/CAM_BACK_RIGHT/n008-2018-08-06-15-06-32-0400__CAM_BACK_RIGHT__1533582536678113.jpg"], "intrinsics": [[[1257.8625342125129, 0.0, 827.2410631095686], [0.0, 1257.8625342125129, 450.915498205774], [0.0, 0.0, 1.0]], [[1252.8131021185304, 0.0, 826.588114781398], [0.0, 1252.8131021185304, 469.9846626224581], [0.0, 0.0, 1.0]], [[1256.7485116440405, 0.0, 817.7887570959712], [0.0, 1256.7485116440403, 451.9541780095127], [0.0, 0.0, 1.0]], [[1254.9860565800168, 0.0, 829.5769333630991], [0.0, 1254.9860565800168, 467.1680561863987], [0.0, 0.0, 1.0]], [[796.8910634503094, 0.0, 857.7774326863696], [0.0, 796.8910634503094, 476.8848988407415], [0.0, 0.0, 1.0]], [[1249.9629280788233, 0.0, 825.3768045375984], [0.0, 1249.9629280788233, 462.54816385708756], [0.0, 0.0, 1.0]]], "extrinsics": [[[0.8215506672859192, -0.5701139569282532, -0.004961580503731966, -0.76800537109375], [0.012236542999744415, 0.02633233368396759, -0.9995782971382141, 1.4918212890625], [0.5700042247772217, 0.8211435675621033, 0.028609568253159523, -1.1693115234375], [0.0, 0.0, 0.0, 1.0]], [[0.008953848853707314, -0.9997148513793945, -0.022135619074106216, 0.0074462890625], [0.014466752298176289, 0.022263694554567337, -0.9996474981307983, 1.4835739135742188], [0.9998552799224854, 0.008630459196865559, 0.014661973342299461, -1.4991455078125], [0.0, 0.0, 0.0, 1.0]], [[-0.8443853259086609, -0.5350826382637024, -0.02645743079483509, 0.9384765625], [0.022691451013088226, 0.01362001895904541, -0.999649703502655, 1.4971580505371094], [0.535255491733551, -0.8446899652481079, 0.0006412565126083791, -1.181427001953125], [0.0, 0.0, 0.0, 1.0]], [[0.9478628635406494, 0.31858572363853455, 0.007694146130234003, -1.1474609375], [-0.0016214323695749044, 0.028964899480342865, -0.9995790719985962, 1.5620498657226562], [-0.3186745047569275, 0.9474514126777649, 0.027971316128969193, -0.1549072265625], [0.0, 0.0, 0.0, 1.0]], [[0.009460926987230778, 0.9997264742851257, 0.0213905218988657, -0.028076171875], [0.00010860908514587209, 0.02139045111835003, -0.9997711777687073, 1.5680732727050781], [-0.9999551773071289, 0.009461082518100739, 9.379377297591418e-05, -0.01904296875], [0.0, 0.0, 0.0, 1.0]], [[-0.9234538078308105, 0.3836873769760132, -0.004131936933845282, 1.0430908203125], [0.0039009880274534225, -0.0013800801243633032, -0.9999914765357971, 1.5483083724975586], [-0.383689820766449, -0.9234619140625, -0.00022231815091799945, -0.093017578125], [0.0, 0.0, 0.0, 1.0]]], "view": [[0.0, -2.0, 100.0], [-2.0, 0.0, 100.0], [0.0, 0.0, 1.0]], "bev": "bev_9990f8f14caa4bab9e1d39303c07931c.png", "aux": "aux_9990f8f14caa4bab9e1d39303c07931c.npz", "visibility": "visibility_9990f8f14caa4bab9e1d39303c07931c.png", "pose": [[-0.9993807077407837, 0.03518790751695633, 0.0, 1633.4439697265625], [-0.03518790751695633, -0.9993807077407837, 0.0, 868.7653198242188], [0.0, 0.0, 1.0, 0.0], [0.0, 0.0, 0.0, 1.0]], "pose_inverse": [[-0.9993807077407837, -0.03518790751695633, 0.0, 1663.00244140625], [0.03518790751695633, -0.9993807077407837, 0.0, 810.7498168945312], [0.0, 0.0, 1.0, 0.0], [0.0, 0.0, 0.0, 1.0]], "cam_ids": [0, 1, 2, 3, 4, 5], "cam_channels": ["CAM_FRONT_LEFT", "CAM_FRONT", "CAM_FRONT_RIGHT", "CAM_BACK_LEFT", "CAM_BACK", "CAM_BACK_RIGHT"], "token": "9990f8f14caa4bab9e1d39303c07931c", "scene": "scene-0256"}, {"images": ["samples/CAM_FRONT_LEFT/n008-2018-08-06-15-06-32-0400__CAM_FRONT_LEFT__1533582537104799.jpg", "samples/CAM_FRONT/n008-2018-08-06-15-06-32-0400__CAM_FRONT__1533582537112404.jpg", "samples/CAM_FRONT_RIGHT/n008-2018-08-06-15-06-32-0400__CAM_FRONT_RIGHT__1533582537120482.jpg", "samples/CAM_BACK_LEFT/n008-2018-08-06-15-06-32-0400__CAM_BACK_LEFT__1533582537147405.jpg", "samples/CAM_BACK/n008-2018-08-06-15-06-32-0400__CAM_BACK__1533582537137558.jpg", "samples/CAM_BACK_RIGHT/n008-2018-08-06-15-06-32-0400__CAM_BACK_RIGHT__1533582537128113.jpg"], "intrinsics": [[[1257.8625342125129, 0.0, 827.2410631095686], [0.0, 1257.8625342125129, 450.915498205774], [0.0, 0.0, 1.0]], [[1252.8131021185304, 0.0, 826.588114781398], [0.0, 1252.8131021185304, 469.9846626224581], [0.0, 0.0, 1.0]], [[1256.7485116440405, 0.0, 817.7887570959712], [0.0, 1256.7485116440403, 451.9541780095127], [0.0, 0.0, 1.0]], [[1254.9860565800168, 0.0, 829.5769333630991], [0.0, 1254.9860565800168, 467.1680561863987], [0.0, 0.0, 1.0]], [[796.8910634503094, 0.0, 857.7774326863696], [0.0, 796.8910634503094, 476.8848988407415], [0.0, 0.0, 1.0]], [[1249.9629280788233, 0.0, 825.3768045375984], [0.0, 1249.9629280788233, 462.54816385708756], [0.0, 0.0, 1.0]]], "extrinsics": [[[0.8215687274932861, -0.5700323581695557, -0.00937519408762455, -0.77252197265625], [0.01245204173028469, 0.03438248857855797, -0.9993311762809753, 1.4918060302734375], [0.5699734687805176, 0.8209025263786316, 0.0353456474840641, -1.17236328125], [0.0, 0.0, 0.0, 1.0]], [[0.008941245265305042, -0.9994906187057495, -0.03063400276005268, 0.00775146484375], [0.01422734186053276, 0.030759282410144806, -0.9994255900382996, 1.4834518432617188], [0.9998587965965271, 0.008500274270772934, 0.014495122246444225, -1.503173828125], [0.0, 0.0, 0.0, 1.0]], [[-0.8444445729255676, -0.5347614288330078, -0.030717527493834496, 0.9407958984375], [0.022056883201003075, 0.022582782432436943, -0.9995015859603882, 1.4969863891601562], [0.535188615322113, -0.8447012305259705, -0.007274736650288105, -1.182159423828125], [0.0, 0.0, 0.0, 1.0]], [[0.9479426145553589, 0.3183179497718811, 0.00885539036244154, -1.1478271484375], [-0.003920009825378656, 0.03947112336754799, -0.9992130398750305, 1.5620803833007812], [-0.3184169828891754, 0.9471619129180908, 0.03866416960954666, -0.154205322265625], [0.0, 0.0, 0.0, 1.0]], [[0.009596566669642925, 0.9994654059410095, 0.031253017485141754, -0.02813720703125], [-0.0016104417154565454, 0.0312698632478714, -0.9995096325874329, 1.5679607391357422], [-0.9999526143074036, 0.009541533887386322, 0.0019096642499789596, -0.0184326171875], [0.0, 0.0, 0.0, 1.0]], [[-0.9234241247177124, 0.38378068804740906, 0.0004831967526115477, 1.0440673828125], [0.0027886040043085814, 0.007968727499246597, -0.9999643564224243, 1.5481634140014648], [-0.3837708830833435, -0.9233898520469666, -0.0084287254139781, -0.092041015625], [0.0, 0.0, 0.0, 1.0]]], "view": [[0.0, -2.0, 100.0], [-2.0, 0.0, 100.0], [0.0, 0.0, 1.0]], "bev": "bev_82daa44f45db4267b0c2f71ec73171c5.png", "aux": "aux_82daa44f45db4267b0c2f71ec73171c5.npz", "visibility": "visibility_82daa44f45db4267b0c2f71ec73171c5.png", "pose": [[-0.9988184571266174, 0.048596955835819244, 0.0, 1630.3662109375], [-0.048596955835819244, -0.9988184571266174, 0.0, 868.6404418945312], [0.0, 0.0, 1.0, 0.0], [0.0, 0.0, 0.0, 1.0]], "pose_inverse": [[-0.9988184571266174, -0.048596955835819244, 0.0, 1670.6531982421875], [0.048596955835819244, -0.9988184571266174, 0.0, 788.38330078125], [0.0, 0.0, 1.0, 0.0], [0.0, 0.0, 0.0, 1.0]], "cam_ids": [0, 1, 2, 3, 4, 5], "cam_channels": ["CAM_FRONT_LEFT", "CAM_FRONT", "CAM_FRONT_RIGHT", "CAM_BACK_LEFT", "CAM_BACK", "CAM_BACK_RIGHT"], "token": "82daa44f45db4267b0c2f71ec73171c5", "scene": "scene-0256"}, {"images": ["samples/CAM_FRONT_LEFT/n008-2018-08-06-15-06-32-0400__CAM_FRONT_LEFT__1533582537604799.jpg", "samples/CAM_FRONT/n008-2018-08-06-15-06-32-0400__CAM_FRONT__1533582537612404.jpg", "samples/CAM_FRONT_RIGHT/n008-2018-08-06-15-06-32-0400__CAM_FRONT_RIGHT__1533582537620482.jpg", "samples/CAM_BACK_LEFT/n008-2018-08-06-15-06-32-0400__CAM_BACK_LEFT__1533582537647405.jpg", "samples/CAM_BACK/n008-2018-08-06-15-06-32-0400__CAM_BACK__1533582537637558.jpg", "samples/CAM_BACK_RIGHT/n008-2018-08-06-15-06-32-0400__CAM_BACK_RIGHT__1533582537628113.jpg"], "intrinsics": [[[1257.8625342125129, 0.0, 827.2410631095686], [0.0, 1257.8625342125129, 450.915498205774], [0.0, 0.0, 1.0]], [[1252.8131021185304, 0.0, 826.588114781398], [0.0, 1252.8131021185304, 469.9846626224581], [0.0, 0.0, 1.0]], [[1256.7485116440405, 0.0, 817.7887570959712], [0.0, 1256.7485116440403, 451.9541780095127], [0.0, 0.0, 1.0]], [[1254.9860565800168, 0.0, 829.5769333630991], [0.0, 1254.9860565800168, 467.1680561863987], [0.0, 0.0, 1.0]], [[796.8910634503094, 0.0, 857.7774326863696], [0.0, 796.8910634503094, 476.8848988407415], [0.0, 0.0, 1.0]], [[1249.9629280788233, 0.0, 825.3768045375984], [0.0, 1249.9629280788233, 462.54816385708756], [0.0, 0.0, 1.0]]], "extrinsics": [[[0.8214982748031616, -0.5701086521148682, -0.010801628232002258, -0.785400390625], [0.017884591594338417, 0.04469545558094978, -0.9988405108451843, 1.4929351806640625], [0.5699304342269897, 0.8203526139259338, 0.046913400292396545, -1.18408203125], [0.0, 0.0, 0.0, 1.0]], [[0.008945759385824203, -0.9991368651390076, -0.04056362435221672, 0.0093994140625], [0.020118175074458122, 0.04073686897754669, -0.9989673495292664, 1.4844589233398438], [0.9997575879096985, 0.008120446465909481, 0.02046523429453373, -1.516845703125], [0.0, 0.0, 0.0, 1.0]], [[-0.8443236351013184, -0.5342433452606201, -0.04125020653009415, 0.94970703125], [0.0284347552806139, 0.032202523201704025, -0.999076783657074, 1.4977874755859375], [0.5350784659385681, -0.8447171449661255, -0.011998269706964493, -1.18634033203125], [0.0, 0.0, 0.0, 1.0]], [[0.9477830529212952, 0.3183675706386566, 0.01868738792836666, -1.1463623046875], [0.0036077408585697412, 0.04788951575756073, -0.9988461136817932, 1.5620040893554688], [-0.318895161151886, 0.9467570185661316, 0.04424029216170311, -0.1559295654296875], [0.0, 0.0, 0.0, 1.0]], [[0.009422151371836662, 0.9991464018821716, 0.0402202270925045, -0.02911376953125], [0.005540953483432531, 0.04016922414302826, -0.9991774559020996, 1.5683631896972656], [-0.9999402165412903, 0.009637256152927876, -0.005157743580639362, -0.0162353515625], [0.0, 0.0, 0.0, 1.0]], [[-0.9233418107032776, 0.38397273421287537, -0.0021876331884413958, 1.04931640625], [0.009555445052683353, 0.0172817874699831, -0.9998050332069397, 1.548940658569336], [-0.3838600218296051, -0.9231827259063721, -0.01962602697312832, -0.0888671875], [0.0, 0.0, 0.0, 1.0]]], "view": [[0.0, -2.0, 100.0], [-2.0, 0.0, 100.0], [0.0, 0.0, 1.0]], "bev": "bev_c990c1b9dffc40fb8a7810796cd586c5.png", "aux": "aux_c990c1b9dffc40fb8a7810796cd586c5.npz", "visibility": "visibility_c990c1b9dffc40fb8a7810796cd586c5.png", "pose": [[-0.9979425072669983, 0.06411505490541458, 0.0, 1627.1314697265625], [-0.06411505490541458, -0.9979425072669983, 0.0, 868.4801025390625], [0.0, 0.0, 1.0, 0.0], [0.0, 0.0, 0.0, 1.0]], "pose_inverse": [[-0.9979425072669983, -0.06411505490541458, 0.0, 1679.46630859375], [0.06411505490541458, -0.9979425072669983, 0.0, 762.3695678710938], [0.0, 0.0, 1.0, 0.0], [0.0, 0.0, 0.0, 1.0]], "cam_ids": [0, 1, 2, 3, 4, 5], "cam_channels": ["CAM_FRONT_LEFT", "CAM_FRONT", "CAM_FRONT_RIGHT", "CAM_BACK_LEFT", "CAM_BACK", "CAM_BACK_RIGHT"], "token": "c990c1b9dffc40fb8a7810796cd586c5", "scene": "scene-0256"}, {"images": ["samples/CAM_FRONT_LEFT/n008-2018-08-06-15-06-32-0400__CAM_FRONT_LEFT__1533582538104799.jpg", "samples/CAM_FRONT/n008-2018-08-06-15-06-32-0400__CAM_FRONT__1533582538112404.jpg", "samples/CAM_FRONT_RIGHT/n008-2018-08-06-15-06-32-0400__CAM_FRONT_RIGHT__1533582538120482.jpg", "samples/CAM_BACK_LEFT/n008-2018-08-06-15-06-32-0400__CAM_BACK_LEFT__1533582538147405.jpg", "samples/CAM_BACK/n008-2018-08-06-15-06-32-0400__CAM_BACK__1533582538137558.jpg", "samples/CAM_BACK_RIGHT/n008-2018-08-06-15-06-32-0400__CAM_BACK_RIGHT__1533582538128113.jpg"], "intrinsics": [[[1257.8625342125129, 0.0, 827.2410631095686], [0.0, 1257.8625342125129, 450.915498205774], [0.0, 0.0, 1.0]], [[1252.8131021185304, 0.0, 826.588114781398], [0.0, 1252.8131021185304, 469.9846626224581], [0.0, 0.0, 1.0]], [[1256.7485116440405, 0.0, 817.7887570959712], [0.0, 1256.7485116440403, 451.9541780095127], [0.0, 0.0, 1.0]], [[1254.9860565800168, 0.0, 829.5769333630991], [0.0, 1254.9860565800168, 467.1680561863987], [0.0, 0.0, 1.0]], [[796.8910634503094, 0.0, 857.7774326863696], [0.0, 796.8910634503094, 476.8848988407415], [0.0, 0.0, 1.0]], [[1249.9629280788233, 0.0, 825.3768045375984], [0.0, 1249.9629280788233, 462.54816385708756], [0.0, 0.0, 1.0]]], "extrinsics": [[[0.8226789832115173, -0.5683543682098389, -0.013137542642652988, -0.7867431640625], [0.009432919323444366, 0.036752328276634216, -0.9992798566818237, 1.4907035827636719], [0.5684279203414917, 0.8219626545906067, 0.035596609115600586, -1.185302734375], [0.0, 0.0, 0.0, 1.0]], [[0.010465492494404316, -0.99941486120224, -0.03256422281265259, 0.0093994140625], [0.01129053346812725, 0.032682035118341446, -0.9994019865989685, 1.4825592041015625], [0.9998815059661865, 0.010091563686728477, 0.01162596046924591, -1.517333984375], [0.0, 0.0, 0.0, 1.0]], [[-0.8438611030578613, -0.5357719659805298, -0.02910148724913597, 0.948974609375], [0.019208477810025215, 0.024037126451730728, -0.9995265007019043, 1.4962806701660156], [0.5362179279327393, -0.8440204858779907, -0.00999263022094965, -1.18603515625], [0.0, 0.0, 0.0, 1.0]], [[0.9477777481079102, 0.31886717677116394, 0.0064076948910951614, -1.134765625], [-0.006446438375860453, 0.039240218698978424, -0.9992090463638306, 1.5619583129882812], [-0.31886646151542664, 0.9469867944717407, 0.039246562868356705, -0.1598052978515625], [0.0, 0.0, 0.0, 1.0]], [[0.009040456265211105, 0.999457597732544, 0.03166703134775162, -0.02886962890625], [-0.004239330533891916, 0.031706348061561584, -0.9994882345199585, 1.567758560180664], [-0.9999501705169678, 0.008901584893465042, 0.004523671232163906, -0.0220947265625], [0.0, 0.0, 0.0, 1.0]], [[-0.9237661361694336, 0.3829416334629059, 0.0034143642988055944, 1.0469970703125], [3.819312769337557e-05, 0.009007920511066914, -0.999959409236908, 1.5478081703186035], [-0.3829568028450012, -0.9237287044525146, -0.008335837163031101, -0.089599609375], [0.0, 0.0, 0.0, 1.0]]], "view": [[0.0, -2.0, 100.0], [-2.0, 0.0, 100.0], [0.0, 0.0, 1.0]], "bev": "bev_fcbdd40363ca4d31bd1cde553743ea99.png", "aux": "aux_fcbdd40363ca4d31bd1cde553743ea99.npz", "visibility": "visibility_fcbdd40363ca4d31bd1cde553743ea99.png", "pose": [[-0.9975062012672424, 0.07057919353246689, 0.0, 1624.0469970703125], [-0.07057919353246689, -0.9975062012672424, 0.0, 868.2881469726562], [0.0, 0.0, 1.0, 0.0], [0.0, 0.0, 0.0, 1.0]], "pose_inverse": [[-0.9975062012672424, -0.07057919353246689, 0.0, 1681.280029296875], [0.07057919353246689, -0.9975062012672424, 0.0, 751.4988403320312], [0.0, 0.0, 1.0, 0.0], [0.0, 0.0, 0.0, 1.0]], "cam_ids": [0, 1, 2, 3, 4, 5], "cam_channels": ["CAM_FRONT_LEFT", "CAM_FRONT", "CAM_FRONT_RIGHT", "CAM_BACK_LEFT", "CAM_BACK", "CAM_BACK_RIGHT"], "token": "fcbdd40363ca4d31bd1cde553743ea99", "scene": "scene-0256"}, {"images": ["samples/CAM_FRONT_LEFT/n008-2018-08-06-15-06-32-0400__CAM_FRONT_LEFT__1533582538604799.jpg", "samples/CAM_FRONT/n008-2018-08-06-15-06-32-0400__CAM_FRONT__1533582538612404.jpg", "samples/CAM_FRONT_RIGHT/n008-2018-08-06-15-06-32-0400__CAM_FRONT_RIGHT__1533582538620482.jpg", "samples/CAM_BACK_LEFT/n008-2018-08-06-15-06-32-0400__CAM_BACK_LEFT__1533582538647405.jpg", "samples/CAM_BACK/n008-2018-08-06-15-06-32-0400__CAM_BACK__1533582538637558.jpg", "samples/CAM_BACK_RIGHT/n008-2018-08-06-15-06-32-0400__CAM_BACK_RIGHT__1533582538628113.jpg"], "intrinsics": [[[1257.8625342125129, 0.0, 827.2410631095686], [0.0, 1257.8625342125129, 450.915498205774], [0.0, 0.0, 1.0]], [[1252.8131021185304, 0.0, 826.588114781398], [0.0, 1252.8131021185304, 469.9846626224581], [0.0, 0.0, 1.0]], [[1256.7485116440405, 0.0, 817.7887570959712], [0.0, 1256.7485116440403, 451.9541780095127], [0.0, 0.0, 1.0]], [[1254.9860565800168, 0.0, 829.5769333630991], [0.0, 1254.9860565800168, 467.1680561863987], [0.0, 0.0, 1.0]], [[796.8910634503094, 0.0, 857.7774326863696], [0.0, 796.8910634503094, 476.8848988407415], [0.0, 0.0, 1.0]], [[1249.9629280788233, 0.0, 825.3768045375984], [0.0, 1249.9629280788233, 462.54816385708756], [0.0, 0.0, 1.0]]], "extrinsics": [[[0.8221181035041809, -0.5690591931343079, -0.017130084335803986, -0.80938720703125], [0.0051964158192276955, 0.037588026374578476, -0.999279797077179, 1.4894981384277344], [0.5692933201789856, 0.8214369416236877, 0.03385886549949646, -1.19873046875], [0.0, 0.0, 0.0, 1.0]], [[0.009665066376328468, -0.9993854761123657, -0.03369338810443878, 0.00787353515625], [0.006870276760309935, 0.03376053646206856, -0.9994063377380371, 1.4814872741699219], [0.999929666519165, 0.009427858516573906, 0.007192352320998907, -1.5389404296875], [0.0, 0.0, 0.0, 1.0]], [[-0.8442387580871582, -0.5353403091430664, -0.025914253666996956, 0.962890625], [0.01459413766860962, 0.02537117339670658, -0.9995715022087097, 1.4952735900878906], [0.5357685685157776, -0.8442553281784058, -0.013606498017907143, -1.196014404296875], [0.0, 0.0, 0.0, 1.0]], [[0.9478152394294739, 0.31881269812583923, 0.0021922646556049585, -1.1422119140625], [-0.011574049480259418, 0.04127912595868111, -0.9990805983543396, 1.562016487121582], [-0.31861013174057007, 0.9469184875488281, 0.04281493276357651, -0.1568756103515625], [0.0, 0.0, 0.0, 1.0]], [[0.009345347061753273, 0.9993967413902283, 0.0334506630897522, -0.02862548828125], [-0.009131734259426594, 0.033536024391651154, -0.9993957281112671, 1.5675287246704102], [-0.9999145865440369, 0.009034228511154652, 0.009439630433917046, -0.013427734375], [0.0, 0.0, 0.0, 1.0]], [[-0.9236205220222473, 0.3832167088985443, 0.008371716365218163, 1.05908203125], [-0.004674650263041258, 0.010577707551419735, -0.9999330639839172, 1.547293782234192], [-0.38327962160110474, -0.9235978722572327, -0.007978384383022785, -0.08544921875], [0.0, 0.0, 0.0, 1.0]]], "view": [[0.0, -2.0, 100.0], [-2.0, 0.0, 100.0], [0.0, 0.0, 1.0]], "bev": "bev_c78b16842ebd40488778ff90e8470f9b.png", "aux": "aux_c78b16842ebd40488778ff90e8470f9b.npz", "visibility": "visibility_c78b16842ebd40488778ff90e8470f9b.png", "pose": [[-0.9969539046287537, 0.07799309492111206, 0.0, 1621.204345703125], [-0.07799309492111206, -0.9969539046287537, 0.0, 868.0925903320312], [0.0, 0.0, 1.0, 0.0], [0.0, 0.0, 0.0, 1.0]], "pose_inverse": [[-0.9969539046287537, -0.07799309492111206, 0.0, 1683.97119140625], [0.07799309492111206, -0.9969539046287537, 0.0, 739.0055541992188], [0.0, 0.0, 1.0, 0.0], [0.0, 0.0, 0.0, 1.0]], "cam_ids": [0, 1, 2, 3, 4, 5], "cam_channels": ["CAM_FRONT_LEFT", "CAM_FRONT", "CAM_FRONT_RIGHT", "CAM_BACK_LEFT", "CAM_BACK", "CAM_BACK_RIGHT"], "token": "c78b16842ebd40488778ff90e8470f9b", "scene": "scene-0256"}, {"images": ["samples/CAM_FRONT_LEFT/n008-2018-08-06-15-06-32-0400__CAM_FRONT_LEFT__1533582539104799.jpg", "samples/CAM_FRONT/n008-2018-08-06-15-06-32-0400__CAM_FRONT__1533582539112404.jpg", "samples/CAM_FRONT_RIGHT/n008-2018-08-06-15-06-32-0400__CAM_FRONT_RIGHT__1533582539120482.jpg", "samples/CAM_BACK_LEFT/n008-2018-08-06-15-06-32-0400__CAM_BACK_LEFT__1533582539147405.jpg", "samples/CAM_BACK/n008-2018-08-06-15-06-32-0400__CAM_BACK__1533582539137558.jpg", "samples/CAM_BACK_RIGHT/n008-2018-08-06-15-06-32-0400__CAM_BACK_RIGHT__1533582539128113.jpg"], "intrinsics": [[[1257.8625342125129, 0.0, 827.2410631095686], [0.0, 1257.8625342125129, 450.915498205774], [0.0, 0.0, 1.0]], [[1252.8131021185304, 0.0, 826.588114781398], [0.0, 1252.8131021185304, 469.9846626224581], [0.0, 0.0, 1.0]], [[1256.7485116440405, 0.0, 817.7887570959712], [0.0, 1256.7485116440403, 451.9541780095127], [0.0, 0.0, 1.0]], [[1254.9860565800168, 0.0, 829.5769333630991], [0.0, 1254.9860565800168, 467.1680561863987], [0.0, 0.0, 1.0]], [[796.8910634503094, 0.0, 857.7774326863696], [0.0, 796.8910634503094, 476.8848988407415], [0.0, 0.0, 1.0]], [[1249.9629280788233, 0.0, 825.3768045375984], [0.0, 1249.9629280788233, 462.54816385708756], [0.0, 0.0, 1.0]]], "extrinsics": [[[0.8211766481399536, -0.5703944563865662, -0.01786135323345661, -0.82659912109375], [0.001323447679169476, 0.03320206701755524, -0.999447762966156, 1.4884872436523438], [0.5706725120544434, 0.8206995129585266, 0.028019648045301437, -1.2125244140625], [0.0, 0.0, 0.0, 1.0]], [[0.008289968594908714, -0.999536395072937, -0.02929670549929142, 0.00909423828125], [0.003410248551517725, 0.029325801879167557, -0.9995641112327576, 1.480703353881836], [0.9999598264694214, 0.0081864595413208, 0.003651777980849147, -1.5577392578125], [0.0, 0.0, 0.0, 1.0]], [[-0.8448313474655151, -0.5346225500106812, -0.020944109186530113, 0.9765625], [0.011570469476282597, 0.020880231633782387, -0.9997150301933289, 1.4946136474609375], [0.5349075198173523, -0.8448330163955688, -0.011454442515969276, -1.20318603515625], [0.0, 0.0, 0.0, 1.0]], [[0.9477629661560059, 0.3189738690853119, -0.001046589924953878, -1.1461181640625], [-0.013461288996040821, 0.03671874850988388, -0.9992349743843079, 1.562040090560913], [-0.3186914324760437, 0.9470519423484802, 0.0390944704413414, -0.15618896484375], [0.0, 0.0, 0.0, 1.0]], [[0.009713031351566315, 0.9995356202125549, 0.02888115681707859, -0.02923583984375], [-0.011438440531492233, 0.028991689905524254, -0.9995142221450806, 1.567471742