[{"images": ["samples/CAM_FRONT_LEFT/n008-2018-08-01-15-16-36-0400__CAM_FRONT_LEFT__1533151514504799.jpg", "samples/CAM_FRONT/n008-2018-08-01-15-16-36-0400__CAM_FRONT__1533151514512404.jpg", "samples/CAM_FRONT_RIGHT/n008-2018-08-01-15-16-36-0400__CAM_FRONT_RIGHT__1533151514520482.jpg", "samples/CAM_BACK_LEFT/n008-2018-08-01-15-16-36-0400__CAM_BACK_LEFT__1533151514547405.jpg", "samples/CAM_BACK/n008-2018-08-01-15-16-36-0400__CAM_BACK__1533151514537558.jpg", "samples/CAM_BACK_RIGHT/n008-2018-08-01-15-16-36-0400__CAM_BACK_RIGHT__1533151514528113.jpg"], "intrinsics": [[[1257.8625342125129, 0.0, 827.2410631095686], [0.0, 1257.8625342125129, 450.915498205774], [0.0, 0.0, 1.0]], [[1252.8131021185304, 0.0, 826.588114781398], [0.0, 1252.8131021185304, 469.9846626224581], [0.0, 0.0, 1.0]], [[1256.7485116440405, 0.0, 817.7887570959712], [0.0, 1256.7485116440403, 451.9541780095127], [0.0, 0.0, 1.0]], [[1254.9860565800168, 0.0, 829.5769333630991], [0.0, 1254.9860565800168, 467.1680561863987], [0.0, 0.0, 1.0]], [[796.8910634503094, 0.0, 857.7774326863696], [0.0, 796.8910634503094, 476.8848988407415], [0.0, 0.0, 1.0]], [[1249.9629280788233, 0.0, 825.3768045375984], [0.0, 1249.9629280788233, 462.54816385708756], [0.0, 0.0, 1.0]]], "extrinsics": [[[0.8225142955780029, -0.568656325340271, -0.010013317689299583, -1.005126953125], [0.003007355611771345, 0.021954301744699478, -0.9997544288635254, 1.4882965087890625], [0.5687364935874939, 0.8222821950912476, 0.019767876714468002, -1.3333740234375], [0.0, 0.0, 0.0, 1.0]], [[0.010196755640208721, -0.9997900128364563, -0.01777585968375206, 0.00537109375], [0.004969493485987186, 0.01782723143696785, -0.9998286962509155, 1.4801654815673828], [0.9999356865882874, 0.01010656263679266, 0.005150228273123503, -1.7346649169921875], [0.0, 0.0, 0.0, 1.0]], [[-0.8440398573875427, -0.5360458493232727, -0.015863550826907158, 1.090576171875], [0.012999171391129494, 0.009121854789555073, -0.9998738765716553, 1.4930715560913086], [0.5361229181289673, -0.8441396355628967, -0.0007310580695047975, -1.2777099609375], [0.0, 0.0, 0.0, 1.0]], [[0.9478683471679688, 0.3186369836330414, -0.0040008192881941795, -1.1439208984375], [-0.012382034212350845, 0.024282198399305344, -0.9996284246444702, 1.562042236328125], [-0.31842145323753357, 0.9475657343864441, 0.02696170285344124, -0.1561279296875], [0.0, 0.0, 0.0, 1.0]], [[0.009266935288906097, 0.9998180866241455, 0.01666824147105217, -0.0289306640625], [-0.010266982018947601, 0.01676321215927601, -0.9998067617416382, 1.568063735961914], [-0.9999043941497803, 0.009094025008380413, 0.010420459322631359, 0.044342041015625], [0.0, 0.0, 0.0, 1.0]], [[-0.9237311482429504, 0.3830271363258362, 0.003324417397379875, 1.16058349609375], [-0.006064889021217823, -0.005947436206042767, -0.9999639391899109, 1.5478119850158691], [-0.3829934597015381, -0.9237179160118103, 0.00781684834510088, -0.0438232421875], [0.0, 0.0, 0.0, 1.0]]], "view": [[0.0, -2.0, 100.0], [-2.0, 0.0, 100.0], [0.0, 0.0, 1.0]], "bev": "bev_d5324133e1d241658a7b763831b3af2e.png", "aux": "aux_d5324133e1d241658a7b763831b3af2e.npz", "visibility": "visibility_d5324133e1d241658a7b763831b3af2e.png", "pose": [[-0.8589169979095459, -0.5121148228645325, 0.0, 593.4276123046875], [0.5121148228645325, -0.8589169979095459, 0.0, 1511.444580078125], [0.0, 0.0, 1.0, 0.0], [0.0, 0.0, 0.0, 1.0]], "pose_inverse": [[-0.8589169979095459, 0.5121148228645325, 0.0, -264.32806396484375], [-0.5121148228645325, -0.8589169979095459, 0.0, 1602.1085205078125], [0.0, 0.0, 1.0, 0.0], [0.0, 0.0, 0.0, 1.0]], "cam_ids": [0, 1, 2, 3, 4, 5], "cam_channels": ["CAM_FRONT_LEFT", "CAM_FRONT", "CAM_FRONT_RIGHT", "CAM_BACK_LEFT", "CAM_BACK", "CAM_BACK_RIGHT"], "token": "d5324133e1d241658a7b763831b3af2e", "scene": "scene-0101"}, {"images": ["samples/CAM_FRONT_LEFT/n008-2018-08-01-15-16-36-0400__CAM_FRONT_LEFT__1533151515004799.jpg", "samples/CAM_FRONT/n008-2018-08-01-15-16-36-0400__CAM_FRONT__1533151515012404.jpg", "samples/CAM_FRONT_RIGHT/n008-2018-08-01-15-16-36-0400__CAM_FRONT_RIGHT__1533151515020482.jpg", "samples/CAM_BACK_LEFT/n008-2018-08-01-15-16-36-0400__CAM_BACK_LEFT__1533151515047405.jpg", "samples/CAM_BACK/n008-2018-08-01-15-16-36-0400__CAM_BACK__1533151515037558.jpg", "samples/CAM_BACK_RIGHT/n008-2018-08-01-15-16-36-0400__CAM_BACK_RIGHT__1533151515028113.jpg"], "intrinsics": [[[1257.8625342125129, 0.0, 827.2410631095686], [0.0, 1257.8625342125129, 450.915498205774], [0.0, 0.0, 1.0]], [[1252.8131021185304, 0.0, 826.588114781398], [0.0, 1252.8131021185304, 469.9846626224581], [0.0, 0.0, 1.0]], [[1256.7485116440405, 0.0, 817.7887570959712], [0.0, 1256.7485116440403, 451.9541780095127], [0.0, 0.0, 1.0]], [[1254.9860565800168, 0.0, 829.5769333630991], [0.0, 1254.9860565800168, 467.1680561863987], [0.0, 0.0, 1.0]], [[796.8910634503094, 0.0, 857.7774326863696], [0.0, 796.8910634503094, 476.8848988407415], [0.0, 0.0, 1.0]], [[1249.9629280788233, 0.0, 825.3768045375984], [0.0, 1249.9629280788233, 462.54816385708756], [0.0, 0.0, 1.0]]], "extrinsics": [[[0.8225273489952087, -0.5686387419700623, -0.009942475706338882, -1.0050048828125], [0.0030585993081331253, 0.021904638037085533, -0.9997553825378418, 1.4882926940917969], [0.5687174201011658, 0.8222956657409668, 0.01975640095770359, -1.3333740234375], [0.0, 0.0, 0.0, 1.0]], [[0.01021519210189581, -0.9997904896736145, -0.017740624025464058, 0.0054931640625], [0.005016115494072437, 0.017792560160160065, -0.999829113483429, 1.4801692962646484], [0.9999353289604187, 0.01012443844228983, 0.005196818150579929, -1.7346954345703125], [0.0, 0.0, 0.0, 1.0]], [[-0.8440321683883667, -0.5360571146011353, -0.015888765454292297, 1.0906982421875], [0.013040897436439991, 0.009103171527385712, -0.9998735189437866, 1.4930734634399414], [0.5361339449882507, -0.8441327214241028, -0.0006927039357833564, -1.277587890625], [0.0, 0.0, 0.0, 1.0]], [[0.9478664398193359, 0.3186432123184204, -0.0039752693846821785, -1.1439208984375], [-0.012347408570349216, 0.02425878681242466, -0.9996294975280762, 1.562042236328125], [-0.31842872500419617, 0.9475643038749695, 0.026928506791591644, -0.1561279296875], [0.0, 0.0, 0.0, 1.0]], [[0.009261654689908028, 0.9998186230659485, 0.01664537377655506, -0.02880859375], [-0.01022292859852314, 0.016739891842007637, -0.999807596206665, 1.568063735961914], [-0.9999049305915833, 0.009089774452149868, 0.010376113466918468, 0.044281005859375], [0.0, 0.0, 0.0, 1.0]], [[-0.923734724521637, 0.38301870226860046, 0.0032788370735943317, 1.16064453125], [-0.006023714784532785, -0.005967322271317244, -0.9999640583992004, 1.5478129386901855], [-0.38298535346984863, -0.9237212538719177, 0.007819417864084244, -0.0438232421875], [0.0, 0.0, 0.0, 1.0]]], "view": [[0.0, -2.0, 100.0], [-2.0, 0.0, 100.0], [0.0, 0.0, 1.0]], "bev": "bev_0f5cbb909e9544dd861dc2ff63ac4d13.png", "aux": "aux_0f5cbb909e9544dd861dc2ff63ac4d13.npz", "visibility": "visibility_0f5cbb909e9544dd861dc2ff63ac4d13.png", "pose": [[-0.8588948845863342, -0.5121519565582275, 0.0, 593.4276123046875], [0.5121519565582275, -0.8588948845863342, 0.0, 1511.444580078125], [0.0, 0.0, 1.0, 0.0], [0.0, 0.0, 0.0, 1.0]], "pose_inverse": [[-0.8588948845863342, 0.5121519565582275, 0.0, -264.3973693847656], [-0.5121519565582275, -0.8588948845863342, 0.0, 1602.0970458984375], [0.0, 0.0, 1.0, 0.0], [0.0, 0.0, 0.0, 1.0]], "cam_ids": [0, 1, 2, 3, 4, 5], "cam_channels": ["CAM_FRONT_LEFT", "CAM_FRONT", "CAM_FRONT_RIGHT", "CAM_BACK_LEFT", "CAM_BACK", "CAM_BACK_RIGHT"], "token": "0f5cbb909e9544dd861dc2ff63ac4d13", "scene": "scene-0101"}, {"images": ["samples/CAM_FRONT_LEFT/n008-2018-08-01-15-16-36-0400__CAM_FRONT_LEFT__1533151515504799.jpg", "samples/CAM_FRONT/n008-2018-08-01-15-16-36-0400__CAM_FRONT__1533151515512404.jpg", "samples/CAM_FRONT_RIGHT/n008-2018-08-01-15-16-36-0400__CAM_FRONT_RIGHT__1533151515520482.jpg", "samples/CAM_BACK_LEFT/n008-2018-08-01-15-16-36-0400__CAM_BACK_LEFT__1533151515547405.jpg", "samples/CAM_BACK/n008-2018-08-01-15-16-36-0400__CAM_BACK__1533151515537558.jpg", "samples/CAM_BACK_RIGHT/n008-2018-08-01-15-16-36-0400__CAM_BACK_RIGHT__1533151515528113.jpg"], "intrinsics": [[[1257.8625342125129, 0.0, 827.2410631095686], [0.0, 1257.8625342125129, 450.915498205774], [0.0, 0.0, 1.0]], [[1252.8131021185304, 0.0, 826.588114781398], [0.0, 1252.8131021185304, 469.9846626224581], [0.0, 0.0, 1.0]], [[1256.7485116440405, 0.0, 817.7887570959712], [0.0, 1256.7485116440403, 451.9541780095127], [0.0, 0.0, 1.0]], [[1254.9860565800168, 0.0, 829.5769333630991], [0.0, 1254.9860565800168, 467.1680561863987], [0.0, 0.0, 1.0]], [[796.8910634503094, 0.0, 857.7774326863696], [0.0, 796.8910634503094, 476.8848988407415], [0.0, 0.0, 1.0]], [[1249.9629280788233, 0.0, 825.3768045375984], [0.0, 1249.9629280788233, 462.54816385708756], [0.0, 0.0, 1.0]]], "extrinsics": [[[0.822503924369812, -0.5686724185943604, -0.009950574487447739, -1.0050048828125], [0.0030864609871059656, 0.021957727149128914, -0.9997541308403015, 1.4883003234863281], [0.5687510967254639, 0.8222709894180298, 0.01981550082564354, -1.3333740234375], [0.0, 0.0, 0.0, 1.0]], [[0.010180824436247349, -0.999789834022522, -0.017793411388993263, 0.0054931640625], [0.005038037430495024, 0.01784539222717285, -0.9998281002044678, 1.4801673889160156], [0.9999354481697083, 0.010089373216032982, 0.005218658596277237, -1.73468017578125], [0.0, 0.0, 0.0, 1.0]], [[-0.8440465927124023, -0.536033034324646, -0.01592998206615448, 1.09063720703125], [0.013056453317403793, 0.009155593812465668, -0.9998728036880493, 1.4930715560913086], [0.5361108183860779, -0.8441473245620728, -0.0007290580542758107, -1.277587890625], [0.0, 0.0, 0.0, 1.0]], [[0.9478678703308105, 0.3186395764350891, -0.0039289845153689384, -1.14398193359375], [-0.012323589995503426, 0.02433348447084427, -0.999627947807312, 1.562042236328125], [-0.3184254467487335, 0.9475635290145874, 0.0269917119294405, -0.1561279296875], [0.0, 0.0, 0.0, 1.0]], [[0.009271759539842606, 0.9998173713684082, 0.016709210351109505, -0.02880859375], [-0.01019427739083767, 0.016803570091724396, -0.999806821346283, 1.5680599212646484], [-0.9999050498008728, 0.0090996278449893, 0.010348213836550713, 0.04425048828125], [0.0, 0.0, 0.0, 1.0]], [[-0.92372727394104, 0.38303691148757935, 0.003275818657130003, 1.16064453125], [-0.005998179782181978, -0.005913215223699808, -0.9999644756317139, 1.547811508178711], [-0.38300392031669617, -0.9237141013145447, 0.007759722415357828, -0.043701171875], [0.0, 0.0, 0.0, 1.0]]], "view": [[0.0, -2.0, 100.0], [-2.0, 0.0, 100.0], [0.0, 0.0, 1.0]], "bev": "bev_da74550a10a8408299d7e6b1735963ae.png", "aux": "aux_da74550a10a8408299d7e6b1735963ae.npz", "visibility": "visibility_da74550a10a8408299d7e6b1735963ae.png", "pose": [[-0.8588830828666687, -0.5121716856956482, 0.0, 593.4276123046875], [0.5121716856956482, -0.8588830828666687, 0.0, 1511.444580078125], [0.0, 0.0, 1.0, 0.0], [0.0, 0.0, 0.0, 1.0]], "pose_inverse": [[-0.8588830828666687, 0.5121716856956482, 0.0, -264.4342346191406], [-0.5121716856956482, -0.8588830828666687, 0.0, 1602.091064453125], [0.0, 0.0, 1.0, 0.0], [0.0, 0.0, 0.0, 1.0]], "cam_ids": [0, 1, 2, 3, 4, 5], "cam_channels": ["CAM_FRONT_LEFT", "CAM_FRONT", "CAM_FRONT_RIGHT", "CAM_BACK_LEFT", "CAM_BACK", "CAM_BACK_RIGHT"], "token": "da74550a10a8408299d7e6b1735963ae", "scene": "scene-0101"}, {"images": ["samples/CAM_FRONT_LEFT/n008-2018-08-01-15-16-36-0400__CAM_FRONT_LEFT__1533151516004799.jpg", "samples/CAM_FRONT/n008-2018-08-01-15-16-36-0400__CAM_FRONT__1533151516012404.jpg", "samples/CAM_FRONT_RIGHT/n008-2018-08-01-15-16-36-0400__CAM_FRONT_RIGHT__1533151516020482.jpg", "samples/CAM_BACK_LEFT/n008-2018-08-01-15-16-36-0400__CAM_BACK_LEFT__1533151516047423.jpg", "samples/CAM_BACK/n008-2018-08-01-15-16-36-0400__CAM_BACK__1533151516037558.jpg", "samples/CAM_BACK_RIGHT/n008-2018-08-01-15-16-36-0400__CAM_BACK_RIGHT__1533151516028113.jpg"], "intrinsics": [[[1257.8625342125129, 0.0, 827.2410631095686], [0.0, 1257.8625342125129, 450.915498205774], [0.0, 0.0, 1.0]], [[1252.8131021185304, 0.0, 826.588114781398], [0.0, 1252.8131021185304, 469.9846626224581], [0.0, 0.0, 1.0]], [[1256.7485116440405, 0.0, 817.7887570959712], [0.0, 1256.7485116440403, 451.9541780095127], [0.0, 0.0, 1.0]], [[1254.9860565800168, 0.0, 829.5769333630991], [0.0, 1254.9860565800168, 467.1680561863987], [0.0, 0.0, 1.0]], [[796.8910634503094, 0.0, 857.7774326863696], [0.0, 796.8910634503094, 476.8848988407415], [0.0, 0.0, 1.0]], [[1249.9629280788233, 0.0, 825.3768045375984], [0.0, 1249.9629280788233, 462.54816385708756], [0.0, 0.0, 1.0]]], "extrinsics": [[[0.8225083947181702, -0.56866455078125, -0.010029877535998821, -1.005126953125], [0.003028601873666048, 0.022013768553733826, -0.9997530579566956, 1.4882965087890625], [0.5687450766563416, 0.822274923324585, 0.019828766584396362, -1.333251953125], [0.0, 0.0, 0.0, 1.0]], [[0.010188477113842964, -0.9997888803482056, -0.017843354493379593, 0.0054931640625], [0.004978583659976721, 0.01789477840065956, -0.99982750415802, 1.48016357421875], [0.9999356865882874, 0.0100979283452034, 0.005159853491932154, -1.7347259521484375], [0.0, 0.0, 0.0, 1.0]], [[-0.8440430164337158, -0.5360397696495056, -0.015901116654276848, 1.090576171875], [0.012995344586670399, 0.009197957813739777, -0.9998732805252075, 1.493072509765625], [0.5361180901527405, -0.8441426753997803, -0.0007974517066031694, -1.2774658203125], [0.0, 0.0, 0.0, 1.0]], [[0.9478666186332703, 0.3186423182487488, -0.003980359528213739, -1.14385986328125], [-0.012393135577440262, 0.024378959089517593, -0.9996259808540344, 1.562042236328125], [-0.31842613220214844, 0.9475614428520203, 0.0270569808781147, -0.1561279296875], [0.0, 0.0, 0.0, 1.0]], [[0.009269189089536667, 0.9998167157173157, 0.01675499603152275, -0.0289306640625], [-0.010267460718750954, 0.016849994659423828, -0.9998052716255188, 1.5680618286132812], [-0.9999043345451355, 0.009095433168113232, 0.010421765968203545, 0.04425048828125], [0.0, 0.0, 0.0, 1.0]], [[-0.9237294793128967, 0.3830306828022003, 0.0033594309352338314, 1.16064453125], [-0.006067741196602583, -0.005862821359187365, -0.9999644160270691, 1.547811508178711], [-0.38299739360809326, -0.9237169623374939, 0.007739792577922344, -0.0438232421875], [0.0, 0.0, 0.0, 1.0]]], "view": [[0.0, -2.0, 100.0], [-2.0, 0.0, 100.0], [0.0, 0.0, 1.0]], "bev": "bev_cf86af90b622499b8214df0024a6ea29.png", "aux": "aux_cf86af90b622499b8214df0024a6ea29.npz", "visibility": "visibility_cf86af90b622499b8214df0024a6ea29.png", "pose": [[-0.8589519262313843, -0.5120562314987183, 0.0, 593.4275512695312], [0.5120562314987183, -0.8589519262313843, 0.0, 1511.444580078125], [0.0, 0.0, 1.0, 0.0], [0.0, 0.0, 0.0, 1.0]], "pose_inverse": [[-0.8589519262313843, 0.5120562314987183, 0.0, -264.2188415527344], [-0.5120562314987183, -0.8589519262313843, 0.0, 1602.12646484375], [0.0, 0.0, 1.0, 0.0], [0.0, 0.0, 0.0, 1.0]], "cam_ids": [0, 1, 2, 3, 4, 5], "cam_channels": ["CAM_FRONT_LEFT", "CAM_FRONT", "CAM_FRONT_RIGHT", "CAM_BACK_LEFT", "CAM_BACK", "CAM_BACK_RIGHT"], "token": "cf86af90b622499b8214df0024a6ea29", "scene": "scene-0101"}, {"images": ["samples/CAM_FRONT_LEFT/n008-2018-08-01-15-16-36-0400__CAM_FRONT_LEFT__1533151516504799.jpg", "samples/CAM_FRONT/n008-2018-08-01-15-16-36-0400__CAM_FRONT__1533151516512404.jpg", "samples/CAM_FRONT_RIGHT/n008-2018-08-01-15-16-36-0400__CAM_FRONT_RIGHT__1533151516520500.jpg", "samples/CAM_BACK_LEFT/n008-2018-08-01-15-16-36-0400__CAM_BACK_LEFT__1533151516547405.jpg", "samples/CAM_BACK/n008-2018-08-01-15-16-36-0400__CAM_BACK__1533151516537558.jpg", "samples/CAM_BACK_RIGHT/n008-2018-08-01-15-16-36-0400__CAM_BACK_RIGHT__1533151516528113.jpg"], "intrinsics": [[[1257.8625342125129, 0.0, 827.2410631095686], [0.0, 1257.8625342125129, 450.915498205774], [0.0, 0.0, 1.0]], [[1252.8131021185304, 0.0, 826.588114781398], [0.0, 1252.8131021185304, 469.9846626224581], [0.0, 0.0, 1.0]], [[1256.7485116440405, 0.0, 817.7887570959712], [0.0, 1256.7485116440403, 451.9541780095127], [0.0, 0.0, 1.0]], [[1254.9860565800168, 0.0, 829.5769333630991], [0.0, 1254.9860565800168, 467.1680561863987], [0.0, 0.0, 1.0]], [[796.8910634503094, 0.0, 857.7774326863696], [0.0, 796.8910634503094, 476.8848988407415], [0.0, 0.0, 1.0]], [[1249.9629280788233, 0.0, 825.3768045375984], [0.0, 1249.9629280788233, 462.54816385708756], [0.0, 0.0, 1.0]]], "extrinsics": [[[0.8225218057632446, -0.5686436295509338, -0.01011316105723381, -1.0050048828125], [0.0029863333329558372, 0.022099904716014862, -0.9997512698173523, 1.4882965087890625], [0.5687257647514343, 0.8222870230674744, 0.01987581141293049, -1.3333740234375], [0.0, 0.0, 0.0, 1.0]], [[0.01020866259932518, -0.9997871518135071, -0.017922991886734962, 0.00537109375], [0.004938086494803429, 0.017974112182855606, -0.9998262524604797, 1.4801673889160156], [0.9999356269836426, 0.010118420235812664, 0.005120526533573866, -1.7347869873046875], [0.0, 0.0, 0.0, 1.0]], [[-0.8440344333648682, -0.5360531210899353, -0.015907255932688713, 1.09075927734375], [0.012956762686371803, 0.009270130656659603, -0.9998731017112732, 1.493072509765625], [0.5361324548721313, -0.8441333770751953, -0.0008787965052761137, -1.2774658203125], [0.0, 0.0, 0.0, 1.0]], [[0.9478668570518494, 0.3186416029930115, -0.00400293804705143, -1.14398193359375], [-0.012434291653335094, 0.024430645629763603, -0.9996241927146912, 1.5620460510253906], [-0.3184240162372589, 0.9475603699684143, 0.02711908146739006, -0.1561279296875], [0.0, 0.0, 0.0, 1.0]], [[0.009263718500733376, 0.9998155832290649, 0.01682005263864994, -0.02880859375], [-0.010311526246368885, 0.016915393993258476, -0.9998037219047546, 1.5680618286132812], [-0.9999039173126221, 0.00908849760890007, 0.010466325096786022, 0.04425048828125], [0.0, 0.0, 0.0, 1.0]], [[-0.9237340688705444, 0.3830190896987915, 0.0034194428008049726, 1.16070556640625], [-0.0061040762811899185, -0.005794026423245668, -0.9999645948410034, 1.5478134155273438], [-0.3829857110977173, -0.9237222075462341, 0.0076901172287762165, -0.0438232421875], [0.0, 0.0, 0.0, 1.0]]], "view": [[0.0, -2.0, 100.0], [-2.0, 0.0, 100.0], [0.0, 0.0, 1.0]], "bev": "bev_901cfd30cb2a4fdba55095f9ec0fed34.png", "aux": "aux_901cfd30cb2a4fdba55095f9ec0fed34.npz", "visibility": "visibility_901cfd30cb2a4fdba55095f9ec0fed34.png", "pose": [[-0.8588718175888062, -0.512190580368042, 0.0, 593.4276123046875], [0.512190580368042, -0.8588718175888062, 0.0, 1511.444580078125], [0.0, 0.0, 1.0, 0.0], [0.0, 0.0, 0.0, 1.0]], "pose_inverse": [[-0.8588718175888062, 0.512190580368042, 0.0, -264.4693908691406], [-0.512190580368042, -0.8588718175888062, 0.0, 1602.085205078125], [0.0, 0.0, 1.0, 0.0], [0.0, 0.0, 0.0, 1.0]], "cam_ids": [0, 1, 2, 3, 4, 5], "cam_channels": ["CAM_FRONT_LEFT", "CAM_FRONT", "CAM_FRONT_RIGHT", "CAM_BACK_LEFT", "CAM_BACK", "CAM_BACK_RIGHT"], "token": "901cfd30cb2a4fdba55095f9ec0fed34", "scene": "scene-0101"}, {"images": ["samples/CAM_FRONT_LEFT/n008-2018-08-01-15-16-36-0400__CAM_FRONT_LEFT__1533151517004799.jpg", "samples/CAM_FRONT/n008-2018-08-01-15-16-36-0400__CAM_FRONT__1533151517012404.jpg", "samples/CAM_FRONT_RIGHT/n008-2018-08-01-15-16-36-0400__CAM_FRONT_RIGHT__1533151517020482.jpg", "samples/CAM_BACK_LEFT/n008-2018-08-01-15-16-36-0400__CAM_BACK_LEFT__1533151517047405.jpg", "samples/CAM_BACK/n008-2018-08-01-15-16-36-0400__CAM_BACK__1533151517037558.jpg", "samples/CAM_BACK_RIGHT/n008-2018-08-01-15-16-36-0400__CAM_BACK_RIGHT__1533151517028113.jpg"], "intrinsics": [[[1257.8625342125129, 0.0, 827.2410631095686], [0.0, 1257.8625342125129, 450.915498205774], [0.0, 0.0, 1.0]], [[1252.8131021185304, 0.0, 826.588114781398], [0.0, 1252.8131021185304, 469.9846626224581], [0.0, 0.0, 1.0]], [[1256.7485116440405, 0.0, 817.7887570959712], [0.0, 1256.7485116440403, 451.9541780095127], [0.0, 0.0, 1.0]], [[1254.9860565800168, 0.0, 829.5769333630991], [0.0, 1254.9860565800168, 467.1680561863987], [0.0, 0.0, 1.0]], [[796.8910634503094, 0.0, 857.7774326863696], [0.0, 796.8910634503094, 476.8848988407415], [0.0, 0.0, 1.0]], [[1249.9629280788233, 0.0, 825.3768045375984], [0.0, 1249.9629280788233, 462.54816385708756], [0.0, 0.0, 1.0]]], "extrinsics": [[[0.8225209712982178, -0.568645715713501, -0.010066305287182331, -1.0050048828125], [0.0029907769057899714, 0.022023901343345642, -0.9997529983520508, 1.4882926940917969], [0.5687268972396851, 0.8222876787185669, 0.01981581188738346, -1.3333740234375], [0.0, 0.0, 0.0, 1.0]], [[0.010207142680883408, -0.9997884631156921, -0.017854537814855576, 0.0052490234375], [0.004953674506396055, 0.017905807122588158, -0.9998273849487305, 1.4801654815673828], [0.9999356269836426, 0.010116967372596264, 0.00513539370149374, -1.734771728515625], [0.0, 0.0, 0.0, 1.0]], [[-0.8440350890159607, -0.5360522866249084, -0.015898171812295914, 1.0906982421875], [0.01298418641090393, 0.00921001099050045, -0.9998732805252075, 1.493072509765625], [0.5361307859420776, -0.8441345691680908, -0.0008133700466714799, -1.277587890625], [0.0, 0.0, 0.0, 1.0]], [[0.9478685259819031, 0.3186371326446533, -0.003969571553170681, -1.14398193359375], [-0.012386640533804893, 0.0243939608335495, -0.9996256828308105, 1.5620460510253906], [-0.31842097640037537, 0.9475628137588501, 0.02706911228597164, -0.1561279296875], [0.0, 0.0, 0.0, 1.0]], [[0.00926371943205595, 0.9998165965080261, 0.01676415652036667, -0.0289306640625], [-0.010260868817567825, 0.016859037801623344, -0.999805212020874, 1.5680599212646484], [-0.9999045133590698, 0.009089969098567963, 0.01041516475379467, 0.0443115234375], [0.0, 0.0, 0.0, 1.0]], [[-0.9237335920333862, 0.3830207288265228, 0.003364267060533166, 1.16070556640625], [-0.006071912590414286, -0.005860470235347748, -0.9999643564224243, 1.5478110313415527], [-0.3829874098300934, -0.9237210750579834, 0.007739181164652109, -0.0438232421875], [0.0, 0.0, 0.0, 1.0]]], "view": [[0.0, -2.0, 100.0], [-2.0, 0.0, 100.0], [0.0, 0.0, 1.0]], "bev": "bev_5c9d217c4af14c608c7b5f9469dd488b.png", "aux": "aux_5c9d217c4af14c608c7b5f9469dd488b.npz", "visibility": "visibility_5c9d217c4af14c608c7b5f9469dd488b.png", "pose": [[-0.8588870763778687, -0.5121650099754333, 0.0, 593.4276123046875], [0.5121650099754333, -0.8588870763778687, 0.0, 1511.444580078125], [0.0, 0.0, 1.0, 0.0], [0.0, 0.0, 0.0, 1.0]], "pose_inverse": [[-0.8588870763778687, 0.5121650099754333, 0.0, -264.4217224121094], [-0.5121650099754333, -0.8588870763778687, 0.0, 1602.093017578125], [0.0, 0.0, 1.0, 0.0], [0.0, 0.0, 0.0, 1.0]], "cam_ids": [0, 1, 2, 3, 4, 5], "cam_channels": ["CAM_FRONT_LEFT", "CAM_FRONT", "CAM_FRONT_RIGHT", "CAM_BACK_LEFT", "CAM_BACK", "CAM_BACK_RIGHT"], "token": "5c9d217c4af14c608c7b5f9469dd488b", "scene": "scene-0101"}, {"images": ["samples/CAM_FRONT_LEFT/n008-2018-08-01-15-16-36-0400__CAM_FRONT_LEFT__1533151517504799.jpg", "samples/CAM_FRONT/n008-2018-08-01-15-16-36-0400__CAM_FRONT__1533151517512404.jpg", "samples/CAM_FRONT_RIGHT/n008-2018-08-01-15-16-36-0400__CAM_FRONT_RIGHT__1533151517520482.jpg", "samples/CAM_BACK_LEFT/n008-2018-08-01-15-16-36-0400__CAM_BACK_LEFT__1533151517547405.jpg", "samples/CAM_BACK/n008-2018-08-01-15-16-36-0400__CAM_BACK__1533151517537558.jpg", "samples/CAM_BACK_RIGHT/n008-2018-08-01-15-16-36-0400__CAM_BACK_RIGHT__1533151517528113.jpg"], "intrinsics": [[[1257.8625342125129, 0.0, 827.2410631095686], [0.0, 1257.8625342125129, 450.915498205774], [0.0, 0.0, 1.0]], [[1252.8131021185304, 0.0, 826.588114781398], [0.0, 1252.8131021185304, 469.9846626224581], [0.0, 0.0, 1.0]], [[1256.7485116440405, 0.0, 817.7887570959712], [0.0, 1256.7485116440403, 451.9541780095127], [0.0, 0.0, 1.0]], [[1254.9860565800168, 0.0, 829.5769333630991], [0.0, 1254.9860565800168, 467.1680561863987], [0.0, 0.0, 1.0]], [[796.8910634503094, 0.0, 857.7774326863696], [0.0, 796.8910634503094, 476.8848988407415], [0.0, 0.0, 1.0]], [[1249.9629280788233, 0.0, 825.3768045375984], [0.0, 1249.9629280788233, 462.54816385708756], [0.0, 0.0, 1.0]]], "extrinsics": [[[0.8225321769714355, -0.568630576133728, -0.010005954653024673, -1.0050048828125], [0.003024888224899769, 0.021967800334095955, -0.9997540712356567, 1.4882965087890625], [0.5687106251716614, 0.8222996592521667, 0.01978926546871662, -1.3333740234375], [0.0, 0.0, 0.0, 1.0]], [[0.01022212952375412, -0.9997893571853638, -0.01780150644481182, 0.0054931640625], [0.00496735330671072, 0.017852989956736565, -0.9998282790184021, 1.4801654815673828], [0.9999354481697083, 0.01013199333101511, 0.005148802883923054, -1.7347564697265625], [0.0, 0.0, 0.0, 1.0]], [[-0.8440297842025757, -0.5360615849494934, -0.015864983201026917, 1.09063720703125], [0.012976164929568768, 0.009160722605884075, -0.9998738169670105, 1.493072509765625], [0.5361393094062805, -0.844129204750061, -0.0007758983410894871, -1.277587890625], [0.0, 0.0, 0.0, 1.0]], [[0.9478664994239807, 0.31864243745803833, -0.004031440708786249, -1.14398193359375], [-0.01243249885737896, 0.02433578483760357, -0.9996265172958374, 1.5620460510253906], [-0.3184252679347992, 0.9475625157356262, 0.02702859416604042, -0.156005859375], [0.0, 0.0, 0.0, 1.0]], [[0.009260420687496662, 0.9998175501823425, 0.016708867624402046, -0.0286865234375], [-0.01029583252966404, 0.016804032027721405, -0.999805748462677, 1.568063735961914], [-0.999904215335846, 0.009086615405976772, 0.010449565947055817, 0.044219970703125], [0.0, 0.0, 0.0, 1.0]], [[-0.9237363934516907, 0.38301411271095276, 0.0033607103396207094, 1.1607666015625], [-0.006087822839617729, -0.0059082782827317715, -0.9999639987945557, 1.547811508178711], [-0.3829805254936218, -0.923723578453064, 0.007789413910359144, -0.043701171875], [0.0, 0.0, 0.0, 1.0]]], "view": [[0.0, -2.0, 100.0], [-2.0, 0.0, 100.0], [0.0, 0.0, 1.0]], "bev": "bev_ae3d3b5cb4424e7ab501a5d6f0a4980a.png", "aux": "aux_ae3d3b5cb4424e7ab501a5d6f0a4980a.npz", "visibility": "visibility_ae3d3b5cb4424e7ab501a5d6f0a4980a.png", "pose": [[-0.8588351607322693, -0.5122520923614502, 0.0, 593.4276123046875], [0.5122520923614502, -0.8588351607322693, 0.0, 1511.444580078125], [0.0, 0.0, 1.0, 0.0], [0.0, 0.0, 0.0, 1.0]], "pose_inverse": [[-0.8588351607322693, 0.5122520923614502, 0.0, -264.5841369628906], [-0.5122520923614502, -0.8588351607322693, 0.0, 1602.0662841796875], [0.0, 0.0, 1.0, 0.0], [0.0, 0.0, 0.0, 1.0]], "cam_ids": [0, 1, 2, 3, 4, 5], "cam_channels": ["CAM_FRONT_LEFT", "CAM_FRONT", "CAM_FRONT_RIGHT", "CAM_BACK_LEFT", "CAM_BACK", "CAM_BACK_RIGHT"], "token": "ae3d3b5cb4424e7ab501a5d6f0a4980a", "scene": "scene-0101"}, {"images": ["samples/CAM_FRONT_LEFT/n008-2018-08-01-15-16-36-0400__CAM_FRONT_LEFT__1533151518004799.jpg", "samples/CAM_FRONT/n008-2018-08-01-15-16-36-0400__CAM_FRONT__1533151518012404.jpg", "samples/CAM_FRONT_RIGHT/n008-2018-08-01-15-16-36-0400__CAM_FRONT_RIGHT__1533151518020482.jpg", "samples/CAM_BACK_LEFT/n008-2018-08-01-15-16-36-0400__CAM_BACK_LEFT__1533151518047405.jpg", "samples/CAM_BACK/n008-2018-08-01-15-16-36-0400__CAM_BACK__1533151518037558.jpg", "samples/CAM_BACK_RIGHT/n008-2018-08-01-15-16-36-0400__CAM_BACK_RIGHT__1533151518028113.jpg"], "intrinsics": [[[1257.8625342125129, 0.0, 827.2410631095686], [0.0, 1257.8625342125129, 450.915498205774], [0.0, 0.0, 1.0]], [[1252.8131021185304, 0.0, 826.588114781398], [0.0, 1252.8131021185304, 469.9846626224581], [0.0, 0.0, 1.0]], [[1256.7485116440405, 0.0, 817.7887570959712], [0.0, 1256.7485116440403, 451.9541780095127], [0.0, 0.0, 1.0]], [[1254.9860565800168, 0.0, 829.5769333630991], [0.0, 1254.9860565800168, 467.1680561863987], [0.0, 0.0, 1.0]], [[796.8910634503094, 0.0, 857.7774326863696], [0.0, 796.8910634503094, 476.8848988407415], [0.0, 0.0, 1.0]], [[1249.9629280788233, 0.0, 825.3768045375984], [0.0, 1249.9629280788233, 462.54816385708756], [0.0, 0.0, 1.0]]], "extrinsics": [[[0.8225373029708862, -0.568632185459137, -0.009481783024966717, -1.0050048828125], [0.0035860580392181873, 0.021857932209968567, -0.9997546672821045, 1.4882965087890625], [0.5686999559402466, 0.8223015069961548, 0.020018111914396286, -1.3333740234375], [0.0, 0.0, 0.0, 1.0]], [[0.010232447646558285, -0.9997915029525757, -0.01767098717391491, 0.00537109375], [0.005570188630372286, 0.01772863045334816, -0.9998273253440857, 1.4801654815673828], [0.9999321103096008, 0.010132341645658016, 0.005750434938818216, -1.7347412109375], [0.0, 0.0, 0.0, 1.0]], [[-0.84401935338974, -0.5360639095306396, -0.016336282715201378, 1.0906982421875], [0.013623243197798729, 0.009020977653563023, -0.9998664855957031, 1.4930715560913086], [0.5361396670341492, -0.844129204750061, -0.00031095105805434287, -1.277587890625], [0.0, 0.0, 0.0, 1.0]], [[0.9478710889816284, 0.3186361491680145, -0.0033678864128887653, -1.143829345703125], [-0.011674721725285053, 0.02416379004716873, -0.9996398091316223, 1.562042236328125], [-0.3184400796890259, 0.9475690722465515, 0.026624146848917007, -0.1561279296875], [0.0, 0.0, 0.0, 1.0]], [[0.009250786155462265, 0.9998201131820679, 0.01655985228717327, -0.0286865234375], [-0.009581904858350754, 0.0166484322398901, -0.9998154640197754, 1.5680599212646484], [-0.999911367893219, 0.009090401232242584, 0.009734191000461578, 0.0443115234375], [0.0, 0.0, 0.0, 1.0]], [[-0.9237380623817444, 0.38301554322242737, 0.0026783961802721024, 1.1605224609375], [-0.005409926176071167, -0.006054709665477276, -0.9999670386314392, 1.5478129386901855], [-0.3829866051673889, -0.9237220883369446, 0.007665050216019154, -0.0435791015625], [0.0, 0.0, 0.0, 1.0]]], "view": [[0.0, -2.0, 100.0], [-2.0, 0.0, 100.0], [0.0, 0.0, 1.0]], "bev": "bev_a7795dcadad44c1c85fa27eef18366f6.png", "aux": "aux_a7795dcadad44c1c85fa27eef18366f6.npz", "visibility": "visibility_a7795dcadad44c1c85fa27eef18366f6.png", "pose": [[-0.8588283658027649, -0.5122634768486023, 0.0, 593.4276123046875], [0.5122634768486023, -0.8588283658027649, 0.0, 1511.444580078125], [0.0, 0.0, 1.0, 0.0], [0.0, 0.0, 0.0, 1.0]], "pose_inverse": [[-0.8588283658027649, 0.5122634768486023, 0.0, -264.6053771972656], [-0.5122634768486023, -0.8588283658027649, 0.0, 1602.062744140625], [0.0, 0.0, 1.0, 0.0], [0.0, 0.0, 0.0, 1.0]], "cam_ids": [0, 1, 2, 3, 4, 5], "cam_channels": ["CAM_FRONT_LEFT", "CAM_FRONT", "CAM_FRONT_RIGHT", "CAM_BACK_LEFT", "CAM_BACK", "CAM_BACK_RIGHT"], "token": "a7795dcadad44c1c85fa27eef18366f6", "scene": "scene-0101"}, {"images": ["samples/CAM_FRONT_LEFT/n008-2018-08-01-15-16-36-0400__CAM_FRONT_LEFT__1533151518504799.jpg", "samples/CAM_FRONT/n008-2018-08-01-15-16-36-0400__CAM_FRONT__1533151518512404.jpg", "samples/CAM_FRONT_RIGHT/n008-2018-08-01-15-16-36-0400__CAM_FRONT_RIGHT__1533151518520482.jpg", "samples/CAM_BACK_LEFT/n008-2018-08-01-15-16-36-0400__CAM_BACK_LEFT__1533151518547413.jpg", "samples/CAM_BACK/n008-2018-08-01-15-16-36-0400__CAM_BACK__1533151518537564.jpg", "samples/CAM_BACK_RIGHT/n008-2018-08-01-15-16-36-0400__CAM_BACK_RIGHT__1533151518528113.jpg"], "intrinsics": [[[1257.8625342125129, 0.0, 827.2410631095686], [0.0, 1257.8625342125129, 450.915498205774], [0.0, 0.0, 1.0]], [[1252.8131021185304, 0.0, 826.588114781398], [0.0, 1252.8131021185304, 469.9846626224581], [0.0, 0.0, 1.0]], [[1256.7485116440405, 0.0, 817.7887570959712], [0.0, 1256.7485116440403, 451.9541780095127], [0.0, 0.0, 1.0]], [[1254.9860565800168, 0.0, 829.5769333630991], [0.0, 1254.9860565800168, 467.1680561863987], [0.0, 0.0, 1.0]], [[796.8910634503094, 0.0, 857.7774326863696], [0.0, 796.8910634503094, 476.8848988407415], [0.0, 0.0, 1.0]], [[1249.9629280788233, 0.0, 825.3768045375984], [0.0, 1249.9629280788233, 462.54816385708756], [0.0, 0.0, 1.0]]], "extrinsics": [[[0.8225655555725098, -0.5686174631118774, -0.007757800165563822, -1.0020751953125], [0.0056183068081736565, 0.02176729589700699, -0.9997472763061523, 1.4883193969726562], [0.5686426162719727, 0.8223140835762024, 0.021099694073200226, -1.331298828125], [0.0, 0.0, 0.0, 1.0]], [[0.010280562564730644, -0.9997929334640503, -0.017560919746756554, 0.00537109375], [0.00758820865303278, 0.017639346420764923, -0.9998156428337097, 1.4801864624023438], [0.9999182820320129, 0.010145350359380245, 0.007767979055643082, -1.7317047119140625], [0.0, 0.0, 0.0, 1.0]], [[-0.8439818620681763, -0.5360702872276306, -0.017979783937335014, 1.088623046875], [0.015626024454832077, 0.008933138102293015, -0.9998379349708557, 1.4931097030639648], [0.5361440181732178, -0.8441260457038879, 0.0008372406591661274, -1.2763671875], [0.0, 0.0, 0.0, 1.0]], [[0.9478796124458313, 0.31862494349479675, -0.0015328171430155635, -1.14404296875], [-0.009710155427455902, 0.024077702313661575, -0.9996629357337952, 1.562042236328125], [-0.3184806704521179, 0.9475749731063843, 0.02591666206717491, -0.156005859375], [0.0, 0.0, 0.0, 1.0]], [[0.009221703745424747, 0.999821662902832, 0.016483614221215248, -0.0286865234375], [-0.0075899516232311726, 0.016553828492760658, -0.9998341202735901, 1.56805419921875], [-0.9999287128448486, 0.009095072746276855, 0.007741251494735479, 0.04345703125], [0.0, 0.0, 0.0, 1.0]], [[-0.9237421154975891, 0.38301417231559753, 0.0008010126766748726, 1.1591796875], [-0.003416200866922736, -0.006147800479084253, -0.9999752640724182, 1.5478053092956543], [-0.38299989700317383, -0.923721969127655, 0.006987435277551413, -0.04443359375], [0.0, 0.0, 0.0, 1.0]]], "view": [[0.0, -2.0, 100.0], [-2.0, 0.0, 100.0], [0.0, 0.0, 1.0]], "bev": "bev_cffb959327ac42ad866a5f8829e18187.png", "aux": "aux_cffb959327ac42ad866a5f8829e18187.npz", "visibility": "visibility_cffb959327ac42ad866a5f8829e18187.png", "pose": [[-0.8586443662643433, -0.5125718116760254, 0.0, 593.4231567382812], [0.5125718116760254, -0.8586443662643433, 0.0, 1511.4471435546875], [0.0, 0.0, 1.0, 0.0], [0.0, 0.0, 0.0, 1.0]], "pose_inverse": [[-0.8586443662643433, 0.5125718116760254, 0.0, -265.1857604980469], [-0.5125718116760254, -0.8586443662643433, 0.0, 1601.967529296875], [0.0, 0.0, 1.0, 0.0], [0.0, 0.0, 0.0, 1.0]], "cam_ids": [0, 1, 2, 3, 4, 5], "cam_channels": ["CAM_FRONT_LEFT", "CAM_FRONT", "CAM_FRONT_RIGHT", "CAM_BACK_LEFT", "CAM_BACK", "CAM_BACK_RIGHT"], "token": "cffb959327ac42ad866a5f8829e18187", "scene": "scene-0101"}, {"images": ["samples/CAM_FRONT_LEFT/n008-2018-08-01-15-16-36-0400__CAM_FRONT_LEFT__1533151519004799.jpg", "samples/CAM_FRONT/n008-2018-08-01-15-16-36-0400__CAM_FRONT__1533151519012404.jpg", "samples/CAM_FRONT_RIGHT/n008-2018-08-01-15-16-36-0400__CAM_FRONT_RIGHT__1533151519020482.jpg", "samples/CAM_BACK_LEFT/n008-2018-08-01-15-16-36-0400__CAM_BACK_LEFT__1533151519047405.jpg", "samples/CAM_BACK/n008-2018-08-01-15-16-36-0400__CAM_BACK__1533151519037558.jpg", "samples/CAM_BACK_RIGHT/n008-2018-08-01-15-16-36-0400__CAM_BACK_RIGHT__1533151519028120.jpg"], "intrinsics": [[[1257.8625342125129, 0.0, 827.2410631095686], [0.0, 1257.8625342125129, 450.915498205774], [0.0, 0.0, 1.0]], [[1252.8131021185304, 0.0, 826.588114781398], [0.0, 1252.8131021185304, 469.9846626224581], [0.0, 0.0, 1.0]], [[1256.7485116440405, 0.0, 817.7887570959712], [0.0, 1256.7485116440403, 451.9541780095127], [0.0, 0.0, 1.0]], [[1254.9860565800168, 0.0, 829.5769333630991], [0.0, 1254.9860565800168, 467.1680561863987], [0.0, 0.0, 1.0]], [[796.8910634503094, 0.0, 857.7774326863696], [0.0, 796.8910634503094, 476.8848988407415], [0.0, 0.0, 1.0]], [[1249.9629280788233, 0.0, 825.3768045375984], [0.0, 1249.9629280788233, 462.54816385708756], [0.0, 0.0, 1.0]]], "extrinsics": [[[0.8226318955421448, -0.5685340762138367, -0.006762342993170023, -0.989501953125], [0.006691907998174429, 0.021574068814516068, -0.9997448325157166, 1.4884185791015625], [0.5685349106788635, 0.8223767876625061, 0.02155209518969059, -1.3226318359375], [0.0, 0.0, 0.0, 1.0]], [[0.010384160093963146, -0.9997950792312622, -0.017376743257045746, 0.0054931640625], [0.0086515536531806, 0.01746685989201069, -0.9998100399971008, 1.4803009033203125], [0.9999086856842041, 0.010231777094304562, 0.008831159211695194, -1.7190399169921875], [0.0, 0.0, 0.0, 1.0]], [[-0.843927264213562, -0.536128580570221, -0.01878763921558857, 1.08050537109375], [0.016678543761372566, 0.008783008903265, -0.9998223185539246, 1.4932746887207031], [0.5361983180046082, -0.8440906405448914, 0.0015296231722459197, -1.2711181640625], [0.0, 0.0, 0.0, 1.0]], [[0.9478822350502014, 0.3186205327510834, -0.0005950687918812037, -1.144256591796875], [-0.008686702698469162, 0.02397553063929081, -0.9996747970581055, 1.5620460510253906], [-0.3185025751590729, 0.9475790858268738, 0.025493739172816277, -0.1558837890625], [0.0, 0.0, 0.0, 1.0]], [[0.009183974005281925, 0.9998236894607544, 0.016380107030272484, -0.02880859375], [-0.006564904469996691, 0.016440732404589653, -0.9998432993888855, 1.568033218383789], [-0.9999363422393799, 0.009075012989342213, 0.00671473890542984, 0.040069580078125], [0.0, 0.0, 0.0, 1.0]], [[-0.9237598776817322, 0.3829720914363861, -0.00021138228476047516, 1.1527099609375], [-0.0023746357765048742, -0.006279755383729935, -0.9999774694442749, 1.5477919578552246], [-0.38296476006507874, -0.9237385988235474, 0.006710405927151442, -0.047119140625], [0.0, 0.0, 0.0, 1.0]]], "view": [[0.0, -2.0, 100.0], [-2.0, 0.0, 100.0], [0.0, 0.0, 1.0]], "bev": "bev_7693424bd4b04229b08c578b256a7de4.png", "aux": "aux_7693424bd4b04229b08c578b256a7de4.npz", "visibility": "visibility_7693424bd4b04229b08c578b256a7de4.png", "pose": [[-0.8578729033470154, -0.5138619542121887, 0.0, 593.2962036132812], [0.5138619542121887, -0.8578729033470154, 0.0, 1511.523193359375], [0.0, 0.0, 1.0, 0.0], [0.0, 0.0, 0.0, 1.0]], "pose_inverse": [[-0.8578729033470154, 0.5138619542121887, 0.0, -267.7414855957031], [-0.5138619542121887, -0.8578729033470154, 0.0, 1601.567138671875], [0.0, 0.0, 1.0, 0.0], [0.0, 0.0, 0.0, 1.0]], "cam_ids": [0, 1, 2, 3, 4, 5], "cam_channels": ["CAM_FRONT_LEFT", "CAM_FRONT", "CAM_FRONT_RIGHT", "CAM_BACK_LEFT", "CAM_BACK", "CAM_BACK_RIGHT"], "token": "7693424bd4b04229b08c578b256a7de4", "scene": "scene-0101"}, {"images": ["samples/CAM_FRONT_LEFT/n008-2018-08-01-15-16-36-0400__CAM_FRONT_LEFT__1533151519404799.jpg", "samples/CAM_FRONT/n008-2018-08-01-15-16-36-0400__CAM_FRONT__1533151519412404.jpg", "samples/CAM_FRONT_RIGHT/n008-2018-08-01-15-16-36-0400__CAM_FRONT_RIGHT__1533151519420482.jpg", "samples/CAM_BACK_LEFT/n008-2018-08-01-15-16-36-0400__CAM_BACK_LEFT__1533151519447405.jpg", "samples/CAM_BACK/n008-2018-08-01-15-16-36-0400__CAM_BACK__1533151519437558.jpg", "samples/CAM_BACK_RIGHT/n008-2018-08-01-15-16-36-0400__CAM_BACK_RIGHT__1533151519428113.jpg"], "intrinsics": [[[1257.8625342125129, 0.0, 827.2410631095686], [0.0, 1257.8625342125129, 450.915498205774], [0.0, 0.0, 1.0]], [[1252.8131021185304, 0.0, 826.588114781398], [0.0, 1252.8131021185304, 469.9846626224581], [0.0, 0.0, 1.0]], [[1256.7485116440405, 0.0, 817.7887570959712], [0.0, 1256.7485116440403, 451.9541780095127], [0.0, 0.0, 1.0]], [[1254.9860565800168, 0.0, 829.5769333630991], [0.0, 1254.9860565800168, 467.1680561863987], [0.0, 0.0, 1.0]], [[796.8910634503094, 0.0, 857.7774326863696], [0.0, 796.8910634503094, 476.8848988407415], [0.0, 0.0, 1.0]], [[1249.9629280788233, 0.0, 825.3768045375984], [0.0, 1249.9629280788233, 462.54816385708756], [0.0, 0.0, 1.0]]], "extrinsics": [[[0.8227345943450928, -0.5683828592300415, -0.006984826643019915, -0.97705078125], [0.006504460703581572, 0.021701006218791008, -0.9997433423995972, 1.4885292053222656], [0.5683885812759399, 0.8224779963493347, 0.021551191806793213, -1.3134765625], [0.0, 0.0, 0.0, 1.0]], [[0.010527284815907478, -0.9997919201850891, -0.01747380942106247, 0.0054931640625], [0.008452153764665127, 0.017563123255968094, -0.9998100399971008, 1.4804115295410156], [0.9999088048934937, 0.010377634316682816, 0.00863528624176979, -1.7064208984375], [0.0, 0.0, 0.0, 1.0]], [[-0.8438730239868164, -0.5362188816070557, -0.01864299178123474, 1.0721435546875], [0.016466589644551277, 0.00884717795997858, -0.9998252391815186, 1.4934310913085938], [0.536290168762207, -0.8440325856208801, 0.0013638013042509556, -1.2662353515625], [0.0, 0.0, 0.0, 1.0]], [[0.9478824138641357, 0.31861940026283264, -0.0007921587093733251, -1.144561767578125], [-0.008897943422198296, 0.02398567833006382, -0.9996726512908936, 1.5620460510253906], [-0.3184962272644043, 0.9475792050361633, 0.025570658966898918, -0.156005859375], [0.0, 0.0, 0.0, 1.0]], [[0.009149621240794659, 0.9998235106468201, 0.01640802063047886, -0.02880859375], [-0.00678876880556345, 0.01647043786942959, -0.9