[{"images": ["samples/CAM_FRONT_LEFT/n008-2018-08-21-11-53-44-0400__CAM_FRONT_LEFT__1534867094904799.jpg", "samples/CAM_FRONT/n008-2018-08-21-11-53-44-0400__CAM_FRONT__1534867094912404.jpg", "samples/CAM_FRONT_RIGHT/n008-2018-08-21-11-53-44-0400__CAM_FRONT_RIGHT__1534867094920482.jpg", "samples/CAM_BACK_LEFT/n008-2018-08-21-11-53-44-0400__CAM_BACK_LEFT__1534867094947405.jpg", "samples/CAM_BACK/n008-2018-08-21-11-53-44-0400__CAM_BACK__1534867094937558.jpg", "samples/CAM_BACK_RIGHT/n008-2018-08-21-11-53-44-0400__CAM_BACK_RIGHT__1534867094928113.jpg"], "intrinsics": [[[1257.8625342125129, 0.0, 827.2410631095686], [0.0, 1257.8625342125129, 450.915498205774], [0.0, 0.0, 1.0]], [[1252.8131021185304, 0.0, 826.588114781398], [0.0, 1252.8131021185304, 469.9846626224581], [0.0, 0.0, 1.0]], [[1256.7485116440405, 0.0, 817.7887570959712], [0.0, 1256.7485116440403, 451.9541780095127], [0.0, 0.0, 1.0]], [[1254.9860565800168, 0.0, 829.5769333630991], [0.0, 1254.9860565800168, 467.1680561863987], [0.0, 0.0, 1.0]], [[796.8910634503094, 0.0, 857.7774326863696], [0.0, 796.8910634503094, 476.8848988407415], [0.0, 0.0, 1.0]], [[1249.9629280788233, 0.0, 825.3768045375984], [0.0, 1249.9629280788233, 462.54816385708756], [0.0, 0.0, 1.0]]], "extrinsics": [[[0.8219505548477173, -0.5694498419761658, -0.011139888316392899, -0.7520751953125], [0.011077788658440113, 0.035538796335458755, -0.999306857585907, 1.4916572570800781], [0.569451093673706, 0.8212575316429138, 0.035519376397132874, -1.1593017578125], [0.0, 0.0, 0.0, 1.0]], [[0.009434211067855358, -0.9994679689407349, -0.03122076950967312, 0.0084228515625], [0.013083717785775661, 0.03134286776185036, -0.9994230270385742, 1.4834556579589844], [0.9998698830604553, 0.00902028288692236, 0.0133724519982934, -1.4815673828125], [0.0, 0.0, 0.0, 1.0]], [[-0.8442671298980713, -0.5350850820541382, -0.029948938637971878, 0.925048828125], [0.021158037707209587, 0.022560101002454758, -0.9995215535163879, 1.4972152709960938], [0.5355046987533569, -0.8444968461990356, -0.007725403644144535, -1.171875], [0.0, 0.0, 0.0, 1.0]], [[0.9479518532752991, 0.3183099925518036, 0.008120334707200527, -1.13739013671875], [-0.00399222644045949, 0.037381891161203384, -0.9992930889129639, 1.5620155334472656], [-0.3183886706829071, 0.9472493529319763, 0.03670699894428253, -0.1583251953125], [0.0, 0.0, 0.0, 1.0]], [[0.009477292187511921, 0.9995052218437195, 0.0299911480396986, -0.0283203125], [-0.001927569741383195, 0.030010700225830078, -0.9995477199554443, 1.5679092407226562], [-0.9999532699584961, 0.009415114298462868, 0.0022110342979431152, -0.0318603515625], [0.0, 0.0, 0.0, 1.0]], [[-0.9235190153121948, 0.383551687002182, 0.0008458205848000944, 1.02880859375], [0.0021653007715940475, 0.007418793626129627, -0.9999701380729675, 1.5481204986572266], [-0.38354653120040894, -0.9234895706176758, -0.007681901566684246, -0.0980224609375], [0.0, 0.0, 0.0, 1.0]]], "view": [[0.0, -2.0, 100.0], [-2.0, 0.0, 100.0], [0.0, 0.0, 1.0]], "bev": "bev_dd46f89c2a8e4ce6b07541a262387918.png", "aux": "aux_dd46f89c2a8e4ce6b07541a262387918.npz", "visibility": "visibility_dd46f89c2a8e4ce6b07541a262387918.png", "pose": [[-0.764338493347168, -0.64481520652771, 0.0, 1352.4090576171875], [0.64481520652771, -0.764338493347168, 0.0, 1007.1153564453125], [0.0, 0.0, 1.0, 0.0], [0.0, 0.0, 0.0, 1.0]], "pose_inverse": [[-0.764338493347168, 0.64481520652771, 0.0, 384.2950134277344], [-0.64481520652771, -0.764338493347168, 0.0, 1641.8309326171875], [0.0, 0.0, 1.0, 0.0], [0.0, 0.0, 0.0, 1.0]], "cam_ids": [0, 1, 2, 3, 4, 5], "cam_channels": ["CAM_FRONT_LEFT", "CAM_FRONT", "CAM_FRONT_RIGHT", "CAM_BACK_LEFT", "CAM_BACK", "CAM_BACK_RIGHT"], "token": "dd46f89c2a8e4ce6b07541a262387918", "scene": "scene-0243"}, {"images": ["samples/CAM_FRONT_LEFT/n008-2018-08-21-11-53-44-0400__CAM_FRONT_LEFT__1534867095404799.jpg", "samples/CAM_FRONT/n008-2018-08-21-11-53-44-0400__CAM_FRONT__1534867095412404.jpg", "samples/CAM_FRONT_RIGHT/n008-2018-08-21-11-53-44-0400__CAM_FRONT_RIGHT__1534867095420482.jpg", "samples/CAM_BACK_LEFT/n008-2018-08-21-11-53-44-0400__CAM_BACK_LEFT__1534867095447405.jpg", "samples/CAM_BACK/n008-2018-08-21-11-53-44-0400__CAM_BACK__1534867095437558.jpg", "samples/CAM_BACK_RIGHT/n008-2018-08-21-11-53-44-0400__CAM_BACK_RIGHT__1534867095428113.jpg"], "intrinsics": [[[1257.8625342125129, 0.0, 827.2410631095686], [0.0, 1257.8625342125129, 450.915498205774], [0.0, 0.0, 1.0]], [[1252.8131021185304, 0.0, 826.588114781398], [0.0, 1252.8131021185304, 469.9846626224581], [0.0, 0.0, 1.0]], [[1256.7485116440405, 0.0, 817.7887570959712], [0.0, 1256.7485116440403, 451.9541780095127], [0.0, 0.0, 1.0]], [[1254.9860565800168, 0.0, 829.5769333630991], [0.0, 1254.9860565800168, 467.1680561863987], [0.0, 0.0, 1.0]], [[796.8910634503094, 0.0, 857.7774326863696], [0.0, 796.8910634503094, 476.8848988407415], [0.0, 0.0, 1.0]], [[1249.9629280788233, 0.0, 825.3768045375984], [0.0, 1249.9629280788233, 462.54816385708756], [0.0, 0.0, 1.0]]], "extrinsics": [[[0.8227812051773071, -0.5683451294898987, -0.0038695181719958782, -0.76397705078125], [0.015783872455358505, 0.02965453639626503, -0.9994356036186218, 1.4928207397460938], [0.5681390762329102, 0.8222557306289673, 0.03336988016963005, -1.1697998046875], [0.0, 0.0, 0.0, 1.0]], [[0.010810374282300472, -0.9996204972267151, -0.025337854400277138, 0.010009765625], [0.017830805853009224, 0.025528013706207275, -0.9995151162147522, 1.484375], [0.9997825622558594, 0.01035330817103386, 0.018100006505846977, -1.49554443359375], [0.0, 0.0, 0.0, 1.0]], [[-0.843582034111023, -0.5361091494560242, -0.030927179381251335, 0.9356689453125], [0.02595282532274723, 0.016823159530758858, -0.9995215535163879, 1.4978370666503906], [0.5363729596138, -0.8439810872077942, -0.0002781715302262455, -1.17724609375], [0.0, 0.0, 0.0, 1.0]], [[0.9478458166122437, 0.3185388147830963, 0.011022171936929226, -1.13848876953125], [0.0009149826946668327, 0.03186208754777908, -0.999491810798645, 1.5620460510253906], [-0.31872808933258057, 0.9473742246627808, 0.029908888041973114, -0.158203125], [0.0, 0.0, 0.0, 1.0]], [[0.008937044069170952, 0.9996616244316101, 0.02443123236298561, -0.0289306640625], [0.0028616974595934153, 0.024406539276242256, -0.9996979832649231, 1.5682487487792969], [-0.9999560713768005, 0.009004269726574421, -0.0026426054537296295, -0.02679443359375], [0.0, 0.0, 0.0, 1.0]], [[-0.9237868189811707, 0.3828636407852173, -0.005767805967479944, 1.03656005859375], [0.006963633932173252, 0.0017375777242705226, -0.9999741911888123, 1.548741340637207], [-0.3828437328338623, -0.9238032698631287, -0.004271272104233503, -0.09375], [0.0, 0.0, 0.0, 1.0]]], "view": [[0.0, -2.0, 100.0], [-2.0, 0.0, 100.0], [0.0, 0.0, 1.0]], "bev": "bev_a3688bd18f9648faa5a61d1d773a8b8d.png", "aux": "aux_a3688bd18f9648faa5a61d1d773a8b8d.npz", "visibility": "visibility_a3688bd18f9648faa5a61d1d773a8b8d.png", "pose": [[-0.7646165490150452, -0.6444855332374573, 0.0, 1349.7691650390625], [0.6444855332374573, -0.7646165490150452, 0.0, 1009.3622436523438], [0.0, 0.0, 1.0, 0.0], [0.0, 0.0, 0.0, 1.0]], "pose_inverse": [[-0.7646165490150452, 0.6444855332374573, 0.0, 381.5364685058594], [-0.6444855332374573, -0.7646165490150452, 0.0, 1641.6817626953125], [0.0, 0.0, 1.0, 0.0], [0.0, 0.0, 0.0, 1.0]], "cam_ids": [0, 1, 2, 3, 4, 5], "cam_channels": ["CAM_FRONT_LEFT", "CAM_FRONT", "CAM_FRONT_RIGHT", "CAM_BACK_LEFT", "CAM_BACK", "CAM_BACK_RIGHT"], "token": "a3688bd18f9648faa5a61d1d773a8b8d", "scene": "scene-0243"}, {"images": ["samples/CAM_FRONT_LEFT/n008-2018-08-21-11-53-44-0400__CAM_FRONT_LEFT__1534867095854799.jpg", "samples/CAM_FRONT/n008-2018-08-21-11-53-44-0400__CAM_FRONT__1534867095862404.jpg", "samples/CAM_FRONT_RIGHT/n008-2018-08-21-11-53-44-0400__CAM_FRONT_RIGHT__1534867095870482.jpg", "samples/CAM_BACK_LEFT/n008-2018-08-21-11-53-44-0400__CAM_BACK_LEFT__1534867095897405.jpg", "samples/CAM_BACK/n008-2018-08-21-11-53-44-0400__CAM_BACK__1534867095887558.jpg", "samples/CAM_BACK_RIGHT/n008-2018-08-21-11-53-44-0400__CAM_BACK_RIGHT__1534867095878113.jpg"], "intrinsics": [[[1257.8625342125129, 0.0, 827.2410631095686], [0.0, 1257.8625342125129, 450.915498205774], [0.0, 0.0, 1.0]], [[1252.8131021185304, 0.0, 826.588114781398], [0.0, 1252.8131021185304, 469.9846626224581], [0.0, 0.0, 1.0]], [[1256.7485116440405, 0.0, 817.7887570959712], [0.0, 1256.7485116440403, 451.9541780095127], [0.0, 0.0, 1.0]], [[1254.9860565800168, 0.0, 829.5769333630991], [0.0, 1254.9860565800168, 467.1680561863987], [0.0, 0.0, 1.0]], [[796.8910634503094, 0.0, 857.7774326863696], [0.0, 796.8910634503094, 476.8848988407415], [0.0, 0.0, 1.0]], [[1249.9629280788233, 0.0, 825.3768045375984], [0.0, 1249.9629280788233, 462.54816385708756], [0.0, 0.0, 1.0]]], "extrinsics": [[[0.8224928975105286, -0.5687751173973083, -0.0005399936344474554, -0.7694091796875], [0.018571453168988228, 0.027804626151919365, -0.9994407892227173, 1.4935722351074219], [0.5684720277786255, 0.8220229148864746, 0.033432088792324066, -1.171630859375], [0.0, 0.0, 0.0, 1.0]], [[0.010417455807328224, -0.9996704459190369, -0.0234585702419281, 0.0087890625], [0.020477963611483574, 0.023668203502893448, -0.9995101094245911, 1.484954833984375], [0.999735951423645, 0.009931987151503563, 0.02071777917444706, -1.499359130859375], [0.0, 0.0, 0.0, 1.0]], [[-0.8436753153800964, -0.5358952879905701, -0.03206498548388481, 0.937744140625], [0.028488775715231895, 0.014952747151255608, -0.999482274055481, 1.4982376098632812], [0.5360972881317139, -0.84415203332901, 0.0026517361402511597, -1.178955078125], [0.0, 0.0, 0.0, 1.0]], [[0.9478204250335693, 0.3185580372810364, 0.012532874010503292, -1.137939453125], [0.0031337598338723183, 0.030000584200024605, -0.9995449781417847, 1.5620651245117188], [-0.31878915429115295, 0.9474284052848816, 0.027436884120106697, -0.1580810546875], [0.0, 0.0, 0.0, 1.0]], [[0.00897529348731041, 0.9997047781944275, 0.022575825452804565, -0.0286865234375], [0.005249809008091688, 0.02252931520342827, -0.9997323751449585, 1.5684165954589844], [-0.9999459385871887, 0.009091361425817013, -0.005046052858233452, -0.025909423828125], [0.0, 0.0, 0.0, 1.0]], [[-0.9236985445022583, 0.3830166161060333, -0.00889095850288868, 1.038543701171875], [0.009563913568854332, -0.0001471956493332982, -0.9999542236328125, 1.5490727424621582], [-0.3830004036426544, -0.923741340637207, -0.003527173539623618, -0.09326171875], [0.0, 0.0, 0.0, 1.0]]], "view": [[0.0, -2.0, 100.0], [-2.0, 0.0, 100.0], [0.0, 0.0, 1.0]], "bev": "bev_56aacc5206184cf1ba38f505ab89d894.png", "aux": "aux_56aacc5206184cf1ba38f505ab89d894.npz", "visibility": "visibility_56aacc5206184cf1ba38f505ab89d894.png", "pose": [[-0.7640949487686157, -0.6451037526130676, 0.0, 1347.494140625], [0.6451037526130676, -0.7640949487686157, 0.0, 1011.3125], [0.0, 0.0, 1.0, 0.0], [0.0, 0.0, 0.0, 1.0]], "pose_inverse": [[-0.7640949487686157, 0.6451037526130676, 0.0, 377.21197509765625], [-0.6451037526130676, -0.7640949487686157, 0.0, 1642.0123291015625], [0.0, 0.0, 1.0, 0.0], [0.0, 0.0, 0.0, 1.0]], "cam_ids": [0, 1, 2, 3, 4, 5], "cam_channels": ["CAM_FRONT_LEFT", "CAM_FRONT", "CAM_FRONT_RIGHT", "CAM_BACK_LEFT", "CAM_BACK", "CAM_BACK_RIGHT"], "token": "56aacc5206184cf1ba38f505ab89d894", "scene": "scene-0243"}, {"images": ["samples/CAM_FRONT_LEFT/n008-2018-08-21-11-53-44-0400__CAM_FRONT_LEFT__1534867096354799.jpg", "samples/CAM_FRONT/n008-2018-08-21-11-53-44-0400__CAM_FRONT__1534867096362404.jpg", "samples/CAM_FRONT_RIGHT/n008-2018-08-21-11-53-44-0400__CAM_FRONT_RIGHT__1534867096370482.jpg", "samples/CAM_BACK_LEFT/n008-2018-08-21-11-53-44-0400__CAM_BACK_LEFT__1534867096397405.jpg", "samples/CAM_BACK/n008-2018-08-21-11-53-44-0400__CAM_BACK__1534867096387558.jpg", "samples/CAM_BACK_RIGHT/n008-2018-08-21-11-53-44-0400__CAM_BACK_RIGHT__1534867096378113.jpg"], "intrinsics": [[[1257.8625342125129, 0.0, 827.2410631095686], [0.0, 1257.8625342125129, 450.915498205774], [0.0, 0.0, 1.0]], [[1252.8131021185304, 0.0, 826.588114781398], [0.0, 1252.8131021185304, 469.9846626224581], [0.0, 0.0, 1.0]], [[1256.7485116440405, 0.0, 817.7887570959712], [0.0, 1256.7485116440403, 451.9541780095127], [0.0, 0.0, 1.0]], [[1254.9860565800168, 0.0, 829.5769333630991], [0.0, 1254.9860565800168, 467.1680561863987], [0.0, 0.0, 1.0]], [[796.8910634503094, 0.0, 857.7774326863696], [0.0, 796.8910634503094, 476.8848988407415], [0.0, 0.0, 1.0]], [[1249.9629280788233, 0.0, 825.3768045375984], [0.0, 1249.9629280788233, 462.54816385708756], [0.0, 0.0, 1.0]]], "extrinsics": [[[0.8226433992385864, -0.5685563683509827, 0.001257011666893959, -0.79296875], [0.020205119624733925, 0.0270251352339983, -0.9994304776191711, 1.4933738708496094], [0.5681986808776855, 0.822200357913971, 0.03371979668736458, -1.190673828125], [0.0, 0.0, 0.0, 1.0]], [[0.010590039193630219, -0.9996841549873352, -0.022792048752307892, 0.0101318359375], [0.02218032255768776, 0.02302256040275097, -0.999488890171051, 1.4847564697265625], [0.9996978640556335, 0.010079079307615757, 0.02241712622344494, -1.525238037109375], [0.0, 0.0, 0.0, 1.0]], [[-0.8436195254325867, -0.5359081625938416, -0.03329646959900856, 0.9560546875], [0.03027004934847355, 0.014445256441831589, -0.9994373917579651, 1.4979095458984375], [0.5360875725746155, -0.8441527485847473, 0.004035665187984705, -1.189697265625], [0.0, 0.0, 0.0, 1.0]], [[0.9477977752685547, 0.31855785846710205, 0.014146970584988594, -1.14239501953125], [0.00483096856623888, 0.03001541830599308, -0.9995377659797668, 1.5620460510253906], [-0.3188353180885315, 0.9474280476570129, 0.0269096028059721, -0.15673828125], [0.0, 0.0, 0.0, 1.0]], [[0.00897825974971056, 0.9997080564498901, 0.02243141643702984, -0.0289306640625], [0.006982052698731422, 0.022369099780917168, -0.999725341796875, 1.5684623718261719], [-0.9999353289604187, 0.009132327511906624, -0.0067791808396577835, -0.015167236328125], [0.0, 0.0, 0.0, 1.0]], [[-0.9236514568328857, 0.3830861449241638, -0.010627665556967258, 1.053985595703125], [0.011296030133962631, -0.0005048257880844176, -0.999936044216156, 1.5491113662719727], [-0.38306695222854614, -0.923712432384491, -0.0038610694464296103, -0.086669921875], [0.0, 0.0, 0.0, 1.0]]], "view": [[0.0, -2.0, 100.0], [-2.0, 0.0, 100.0], [0.0, 0.0, 1.0]], "bev": "bev_56417aa6812848dfb8230daf560aa962.png", "aux": "aux_56417aa6812848dfb8230daf560aa962.npz", "visibility": "visibility_56417aa6812848dfb8230daf560aa962.png", "pose": [[-0.7624391913414001, -0.6470598578453064, 0.0, 1345.1483154296875], [0.6470598578453064, -0.7624391913414001, 0.0, 1013.3352661132812], [0.0, 0.0, 1.0, 0.0], [0.0, 0.0, 0.0, 1.0]], "pose_inverse": [[-0.7624391913414001, 0.6470598578453064, 0.0, 369.9051818847656], [-0.6470598578453064, -0.7624391913414001, 0.0, 1642.998046875], [0.0, 0.0, 1.0, 0.0], [0.0, 0.0, 0.0, 1.0]], "cam_ids": [0, 1, 2, 3, 4, 5], "cam_channels": ["CAM_FRONT_LEFT", "CAM_FRONT", "CAM_FRONT_RIGHT", "CAM_BACK_LEFT", "CAM_BACK", "CAM_BACK_RIGHT"], "token": "56417aa6812848dfb8230daf560aa962", "scene": "scene-0243"}, {"images": ["samples/CAM_FRONT_LEFT/n008-2018-08-21-11-53-44-0400__CAM_FRONT_LEFT__1534867096854799.jpg", "samples/CAM_FRONT/n008-2018-08-21-11-53-44-0400__CAM_FRONT__1534867096862404.jpg", "samples/CAM_FRONT_RIGHT/n008-2018-08-21-11-53-44-0400__CAM_FRONT_RIGHT__1534867096870482.jpg", "samples/CAM_BACK_LEFT/n008-2018-08-21-11-53-44-0400__CAM_BACK_LEFT__1534867096897405.jpg", "samples/CAM_BACK/n008-2018-08-21-11-53-44-0400__CAM_BACK__1534867096887558.jpg", "samples/CAM_BACK_RIGHT/n008-2018-08-21-11-53-44-0400__CAM_BACK_RIGHT__1534867096878113.jpg"], "intrinsics": [[[1257.8625342125129, 0.0, 827.2410631095686], [0.0, 1257.8625342125129, 450.915498205774], [0.0, 0.0, 1.0]], [[1252.8131021185304, 0.0, 826.588114781398], [0.0, 1252.8131021185304, 469.9846626224581], [0.0, 0.0, 1.0]], [[1256.7485116440405, 0.0, 817.7887570959712], [0.0, 1256.7485116440403, 451.9541780095127], [0.0, 0.0, 1.0]], [[1254.9860565800168, 0.0, 829.5769333630991], [0.0, 1254.9860565800168, 467.1680561863987], [0.0, 0.0, 1.0]], [[796.8910634503094, 0.0, 857.7774326863696], [0.0, 796.8910634503094, 476.8848988407415], [0.0, 0.0, 1.0]], [[1249.9629280788233, 0.0, 825.3768045375984], [0.0, 1249.9629280788233, 462.54816385708756], [0.0, 0.0, 1.0]]], "extrinsics": [[[0.8226915597915649, -0.5684879422187805, 0.0003114173887297511, -0.80078125], [0.02123919129371643, 0.0301890280097723, -0.999318540096283, 1.4934730529785156], [0.568091094493866, 0.8221375346183777, 0.03691048175096512, -1.1949462890625], [0.0, 0.0, 0.0, 1.0]], [[0.010579243302345276, -0.9996114373207092, -0.0257884468883276, 0.009033203125], [0.023239225149154663, 0.0260287094861269, -0.9993910789489746, 1.4848556518554688], [0.9996739625930786, 0.009973462671041489, 0.0235055573284626, -1.53125], [0.0, 0.0, 0.0, 1.0]], [[-0.8436717987060547, -0.535670816898346, -0.035701967775821686, 0.9583740234375], [0.03131683170795441, 0.017282985150814056, -0.9993600845336914, 1.49798583984375], [0.5359451174736023, -0.8442500233650208, 0.0021943466272205114, -1.1923828125], [0.0, 0.0, 0.0, 1.0]], [[0.9477807879447937, 0.31851503252983093, 0.01611926220357418, -1.14013671875], [0.006137573625892401, 0.03231704235076904, -0.9994587898254395, 1.56207275390625], [-0.31886357069015503, 0.9473667144775391, 0.028674563392996788, -0.1572265625], [0.0, 0.0, 0.0, 1.0]], [[0.00907585397362709, 0.9996480941772461, 0.02492569014430046, -0.0283203125], [0.00815618596971035, 0.024851882830262184, -0.9996578097343445, 1.5685462951660156], [-0.9999255537986755, 0.009276074357330799, -0.007927763275802135, -0.015838623046875], [0.0, 0.0, 0.0, 1.0]], [[-0.923549473285675, 0.38333410024642944, -0.010553455911576748, 1.055328369140625], [0.01233063917607069, 0.002179106930270791, -0.9999215602874756, 1.5492191314697266], [-0.3832811117172241, -0.9236071705818176, -0.0067392680794000626, -0.0869140625], [0.0, 0.0, 0.0, 1.0]]], "view": [[0.0, -2.0, 100.0], [-2.0, 0.0, 100.0], [0.0, 0.0, 1.0]], "bev": "bev_bbcb530e86ef4ec680b80cd2eff9723b.png", "aux": "aux_bbcb530e86ef4ec680b80cd2eff9723b.npz", "visibility": "visibility_bbcb530e86ef4ec680b80cd2eff9723b.png", "pose": [[-0.7604731321334839, -0.6493694186210632, 0.0, 1342.9932861328125], [0.6493694186210632, -0.7604731321334839, 0.0, 1015.2086791992188], [0.0, 0.0, 1.0, 0.0], [0.0, 0.0, 0.0, 1.0]], "pose_inverse": [[-0.7604731321334839, 0.6493694186210632, 0.0, 362.06488037109375], [-0.6493694186210632, -0.7604731321334839, 0.0, 1644.1376953125], [0.0, 0.0, 1.0, 0.0], [0.0, 0.0, 0.0, 1.0]], "cam_ids": [0, 1, 2, 3, 4, 5], "cam_channels": ["CAM_FRONT_LEFT", "CAM_FRONT", "CAM_FRONT_RIGHT", "CAM_BACK_LEFT", "CAM_BACK", "CAM_BACK_RIGHT"], "token": "bbcb530e86ef4ec680b80cd2eff9723b", "scene": "scene-0243"}, {"images": ["samples/CAM_FRONT_LEFT/n008-2018-08-21-11-53-44-0400__CAM_FRONT_LEFT__1534867097354799.jpg", "samples/CAM_FRONT/n008-2018-08-21-11-53-44-0400__CAM_FRONT__1534867097362404.jpg", "samples/CAM_FRONT_RIGHT/n008-2018-08-21-11-53-44-0400__CAM_FRONT_RIGHT__1534867097370482.jpg", "samples/CAM_BACK_LEFT/n008-2018-08-21-11-53-44-0400__CAM_BACK_LEFT__1534867097397405.jpg", "samples/CAM_BACK/n008-2018-08-21-11-53-44-0400__CAM_BACK__1534867097387558.jpg", "samples/CAM_BACK_RIGHT/n008-2018-08-21-11-53-44-0400__CAM_BACK_RIGHT__1534867097378864.jpg"], "intrinsics": [[[1257.8625342125129, 0.0, 827.2410631095686], [0.0, 1257.8625342125129, 450.915498205774], [0.0, 0.0, 1.0]], [[1252.8131021185304, 0.0, 826.588114781398], [0.0, 1252.8131021185304, 469.9846626224581], [0.0, 0.0, 1.0]], [[1256.7485116440405, 0.0, 817.7887570959712], [0.0, 1256.7485116440403, 451.9541780095127], [0.0, 0.0, 1.0]], [[1254.9860565800168, 0.0, 829.5769333630991], [0.0, 1254.9860565800168, 467.1680561863987], [0.0, 0.0, 1.0]], [[796.8910634503094, 0.0, 857.7774326863696], [0.0, 796.8910634503094, 476.8848988407415], [0.0, 0.0, 1.0]], [[1249.9629280788233, 0.0, 825.3768045375984], [0.0, 1249.9629280788233, 462.54816385708756], [0.0, 0.0, 1.0]]], "extrinsics": [[[0.8225628137588501, -0.5686740875244141, 0.0003765764704439789, -0.8089599609375], [0.020290523767471313, 0.02868758700788021, -0.9993824362754822, 1.4930496215820312], [0.5683121681213379, 0.8220625519752502, 0.035136040300130844, -1.200439453125], [0.0, 0.0, 0.0, 1.0]], [[0.010518464259803295, -0.9996494650840759, -0.024294886738061905, 0.0091552734375], [0.022214636206626892, 0.024523843079805374, -0.9994524121284485, 1.4844436645507812], [0.9996978640556335, 0.009973015636205673, 0.022464802488684654, -1.540283203125], [0.0, 0.0, 0.0, 1.0]], [[-0.8436217308044434, -0.5358628630638123, -0.03395985811948776, 0.965087890625], [0.030205944553017616, 0.01578340120613575, -0.9994190335273743, 1.4975700378417969], [0.536087691783905, -0.8441574573516846, 0.0028710246551781893, -1.1962890625], [0.0, 0.0, 0.0, 1.0]], [[0.9477989673614502, 0.3185481131076813, 0.014291966333985329, -1.1409912109375], [0.00468071224167943, 0.030917158350348473, -0.9995110034942627, 1.5620536804199219], [-0.31883421540260315, 0.9474023580551147, 0.02781221829354763, -0.1572265625], [0.0, 0.0, 0.0, 1.0]], [[0.008960647508502007, 0.9996849298477173, 0.023445088416337967, -0.0289306640625], [0.006887299008667469, 0.023383772000670433, -0.9997028112411499, 1.5684356689453125], [-0.9999361038208008, 0.009119530208408833, -0.006675596348941326, -0.0120849609375], [0.0, 0.0, 0.0, 1.0]], [[-0.923667311668396, 0.38306450843811035, -0.010009185411036015, 1.06488037109375], [0.011119880713522434, 0.0006852808874100447, -0.9999379515647888, 1.5489611625671387], [-0.3830339014530182, -0.9237213134765625, -0.004892603028565645, -0.0823974609375], [0.0, 0.0, 0.0, 1.0]]], "view": [[0.0, -2.0, 100.0], [-2.0, 0.0, 100.0], [0.0, 0.0, 1.0]], "bev": "bev_0920fc868c794aa5a80dca5c55bd4241.png", "aux": "aux_0920fc868c794aa5a80dca5c55bd4241.npz", "visibility": "visibility_0920fc868c794aa5a80dca5c55bd4241.png", "pose": [[-0.761152446269989, -0.6485729813575745, 0.0, 1340.8763427734375], [0.6485729813575745, -0.761152446269989, 0.0, 1017.0361938476562], [0.0, 0.0, 1.0, 0.0], [0.0, 0.0, 0.0, 1.0]], "pose_inverse": [[-0.761152446269989, 0.6485729813575745, 0.0, 360.9891662597656], [-0.6485729813575745, -0.761152446269989, 0.0, 1643.7757568359375], [0.0, 0.0, 1.0, 0.0], [0.0, 0.0, 0.0, 1.0]], "cam_ids": [0, 1, 2, 3, 4, 5], "cam_channels": ["CAM_FRONT_LEFT", "CAM_FRONT", "CAM_FRONT_RIGHT", "CAM_BACK_LEFT", "CAM_BACK", "CAM_BACK_RIGHT"], "token": "0920fc868c794aa5a80dca5c55bd4241", "scene": "scene-0243"}, {"images": ["samples/CAM_FRONT_LEFT/n008-2018-08-21-11-53-44-0400__CAM_FRONT_LEFT__1534867097754799.jpg", "samples/CAM_FRONT/n008-2018-08-21-11-53-44-0400__CAM_FRONT__1534867097762404.jpg", "samples/CAM_FRONT_RIGHT/n008-2018-08-21-11-53-44-0400__CAM_FRONT_RIGHT__1534867097770482.jpg", "samples/CAM_BACK_LEFT/n008-2018-08-21-11-53-44-0400__CAM_BACK_LEFT__1534867097797405.jpg", "samples/CAM_BACK/n008-2018-08-21-11-53-44-0400__CAM_BACK__1534867097787558.jpg", "samples/CAM_BACK_RIGHT/n008-2018-08-21-11-53-44-0400__CAM_BACK_RIGHT__1534867097778113.jpg"], "intrinsics": [[[1257.8625342125129, 0.0, 827.2410631095686], [0.0, 1257.8625342125129, 450.915498205774], [0.0, 0.0, 1.0]], [[1252.8131021185304, 0.0, 826.588114781398], [0.0, 1252.8131021185304, 469.9846626224581], [0.0, 0.0, 1.0]], [[1256.7485116440405, 0.0, 817.7887570959712], [0.0, 1256.7485116440403, 451.9541780095127], [0.0, 0.0, 1.0]], [[1254.9860565800168, 0.0, 829.5769333630991], [0.0, 1254.9860565800168, 467.1680561863987], [0.0, 0.0, 1.0]], [[796.8910634503094, 0.0, 857.7774326863696], [0.0, 796.8910634503094, 476.8848988407415], [0.0, 0.0, 1.0]], [[1249.9629280788233, 0.0, 825.3768045375984], [0.0, 1249.9629280788233, 462.54816385708756], [0.0, 0.0, 1.0]]], "extrinsics": [[[0.8225729465484619, -0.5686588883399963, 0.0009032046655192971, -0.82763671875], [0.019806228578090668, 0.027062570676207542, -0.9994375109672546, 1.4924850463867188], [0.5683147311210632, 0.822128176689148, 0.03352392837405205, -1.2132568359375], [0.0, 0.0, 0.0, 1.0]], [[0.010451975278556347, -0.9996890425682068, -0.022641105577349663, 0.0086669921875], [0.02175438590347767, 0.022864315658807755, -0.9995018839836121, 1.4839706420898438], [0.9997087121009827, 0.00995414238423109, 0.021986596286296844, -1.5579833984375], [0.0, 0.0, 0.0, 1.0]], [[-0.8437061905860901, -0.5358085036277771, -0.03269562870264053, 0.9759521484375], [0.029787061735987663, 0.0140840420499444, -0.9994570016860962, 1.4971237182617188], [0.5359781384468079, -0.8442220687866211, 0.004077366087585688, -1.2037353515625], [0.0, 0.0, 0.0, 1.0]], [[0.9478044509887695, 0.31857025623321533, 0.013411165215075016, -1.14227294921875], [0.004405986983329058, 0.02897128090262413, -0.9995705485343933, 1.5620536804199219], [-0.31882211565971375, 0.947456419467926, 0.026055488735437393, -0.1566162109375], [0.0, 0.0, 0.0, 1.0]], [[0.00905532855540514, 0.9997251629829407, 0.02162466198205948, -0.0286865234375], [0.006442996673285961, 0.021566767245531082, -0.9997466206550598, 1.5683860778808594], [-0.9999382495880127, 0.009192320518195629, -0.006245932541787624, -0.006805419921875], [0.0, 0.0, 0.0, 1.0]], [[-0.9236094951629639, 0.383196085691452, -0.010306480340659618, 1.0697021484375], [0.010723605751991272, -0.0010476579191163182, -0.9999419450759888, 1.5488672256469727], [-0.38318461179733276, -0.9236664175987244, -0.0031416164711117744, -0.0809326171875], [0.0, 0.0, 0.0, 1.0]]], "view": [[0.0, -2.0, 100.0], [-2.0, 0.0, 100.0], [0.0, 0.0, 1.0]], "bev": "bev_82a88b64c2d542e5867a02683c0e513c.png", "aux": "aux_82a88b64c2d542e5867a02683c0e513c.npz", "visibility": "visibility_82a88b64c2d542e5867a02683c0e513c.png", "pose": [[-0.7605351209640503, -0.6492968201637268, 0.0, 1339.3037109375], [0.6492968201637268, -0.7605351209640503, 0.0, 1018.398681640625], [0.0, 0.0, 1.0, 0.0], [0.0, 0.0, 0.0, 1.0]], "pose_inverse": [[-0.7605351209640503, 0.6492968201637268, 0.0, 357.344482421875], [-0.6492968201637268, -0.7605351209640503, 0.0, 1644.133544921875], [0.0, 0.0, 1.0, 0.0], [0.0, 0.0, 0.0, 1.0]], "cam_ids": [0, 1, 2, 3, 4, 5], "cam_channels": ["CAM_FRONT_LEFT", "CAM_FRONT", "CAM_FRONT_RIGHT", "CAM_BACK_LEFT", "CAM_BACK", "CAM_BACK_RIGHT"], "token": "82a88b64c2d542e5867a02683c0e513c", "scene": "scene-0243"}, {"images": ["samples/CAM_FRONT_LEFT/n008-2018-08-21-11-53-44-0400__CAM_FRONT_LEFT__1534867098254799.jpg", "samples/CAM_FRONT/n008-2018-08-21-11-53-44-0400__CAM_FRONT__1534867098262404.jpg", "samples/CAM_FRONT_RIGHT/n008-2018-08-21-11-53-44-0400__CAM_FRONT_RIGHT__1534867098270482.jpg", "samples/CAM_BACK_LEFT/n008-2018-08-21-11-53-44-0400__CAM_BACK_LEFT__1534867098297405.jpg", "samples/CAM_BACK/n008-2018-08-21-11-53-44-0400__CAM_BACK__1534867098287558.jpg", "samples/CAM_BACK_RIGHT/n008-2018-08-21-11-53-44-0400__CAM_BACK_RIGHT__1534867098278113.jpg"], "intrinsics": [[[1257.8625342125129, 0.0, 827.2410631095686], [0.0, 1257.8625342125129, 450.915498205774], [0.0, 0.0, 1.0]], [[1252.8131021185304, 0.0, 826.588114781398], [0.0, 1252.8131021185304, 469.9846626224581], [0.0, 0.0, 1.0]], [[1256.7485116440405, 0.0, 817.7887570959712], [0.0, 1256.7485116440403, 451.9541780095127], [0.0, 0.0, 1.0]], [[1254.9860565800168, 0.0, 829.5769333630991], [0.0, 1254.9860565800168, 467.1680561863987], [0.0, 0.0, 1.0]], [[796.8910634503094, 0.0, 857.7774326863696], [0.0, 796.8910634503094, 476.8848988407415], [0.0, 0.0, 1.0]], [[1249.9629280788233, 0.0, 825.3768045375984], [0.0, 1249.9629280788233, 462.54816385708756], [0.0, 0.0, 1.0]]], "extrinsics": [[[0.822603702545166, -0.568608820438385, 0.0026785307563841343, -0.8414306640625], [0.019778933376073837, 0.023905687034130096, -0.9995185136795044, 1.4921722412109375], [0.5682710409164429, 0.8222606182098389, 0.030911382287740707, -1.2220458984375], [0.0, 0.0, 0.0, 1.0]], [[0.010565830394625664, -0.9997555613517761, -0.019418280571699142, 0.00830078125], [0.02175579033792019, 0.0196446031332016, -0.9995703101158142, 1.48370361328125], [0.9997073411941528, 0.010138827376067638, 0.021958036348223686, -1.570953369140625], [0.0, 0.0, 0.0, 1.0]], [[-0.8436127305030823, -0.5360611081123352, -0.030920835211873055, 0.9832763671875], [0.02978029102087021, 0.010786625556647778, -0.9994982481002808, 1.496866226196289], [0.536125659942627, -0.8441102504730225, 0.006864321418106556, -1.2083740234375], [0.0, 0.0, 0.0, 1.0]], [[0.9478050470352173, 0.3186144530773163, 0.01226402260363102, -1.142822265625], [0.004388152156025171, 0.025425173342227936, -0.9996671080589294, 1.562042236328125], [-0.31882014870643616, 0.9475433230400085, 0.022699978202581406, -0.1566162109375], [0.0, 0.0, 0.0, 1.0]], [[0.0089552728459239, 0.9997953176498413, 0.01814534328877926, -0.0289306640625], [0.006520058028399944, 0.018087303265929222, -0.9998151063919067, 1.5683631896972656], [-0.9999386072158813, 0.009071952663362026, -0.006356746889650822, -0.003631591796875], [0.0, 0.0, 0.0, 1.0]], [[-0.923684298992157, 0.38297873735427856, -0.011596191674470901, 1.0745849609375], [0.010715288110077381, -0.00443331990391016, -0.9999327659606934, 1.548811674118042], [-0.3830043375492096, -0.9237464666366577, -8.737604730413295e-06, -0.0787353515625], [0.0, 0.0, 0.0, 1.0]]], "view": [[0.0, -2.0, 100.0], [-2.0, 0.0, 100.0], [0.0, 0.0, 1.0]], "bev": "bev_f19a954e7aa746448db3a852f4a73caf.png", "aux": "aux_f19a954e7aa746448db3a852f4a73caf.npz", "visibility": "visibility_f19a954e7aa746448db3a852f4a73caf.png", "pose": [[-0.761864423751831, -0.6477364897727966, 0.0, 1337.50634765625], [0.6477364897727966, -0.761864423751831, 0.0, 1019.95703125], [0.0, 0.0, 1.0, 0.0], [0.0, 0.0, 0.0, 1.0]], "pose_inverse": [[-0.761864423751831, 0.6477364897727966, 0.0, 358.3351135253906], [-0.6477364897727966, -0.761864423751831, 0.0, 1643.420654296875], [0.0, 0.0, 1.0, 0.0], [0.0, 0.0, 0.0, 1.0]], "cam_ids": [0, 1, 2, 3, 4, 5], "cam_channels": ["CAM_FRONT_LEFT", "CAM_FRONT", "CAM_FRONT_RIGHT", "CAM_BACK_LEFT", "CAM_BACK", "CAM_BACK_RIGHT"], "token": "f19a954e7aa746448db3a852f4a73caf", "scene": "scene-0243"}, {"images": ["samples/CAM_FRONT_LEFT/n008-2018-08-21-11-53-44-0400__CAM_FRONT_LEFT__1534867098754799.jpg", "samples/CAM_FRONT/n008-2018-08-21-11-53-44-0400__CAM_FRONT__1534867098762404.jpg", "samples/CAM_FRONT_RIGHT/n008-2018-08-21-11-53-44-0400__CAM_FRONT_RIGHT__1534867098770482.jpg", "samples/CAM_BACK_LEFT/n008-2018-08-21-11-53-44-0400__CAM_BACK_LEFT__1534867098797405.jpg", "samples/CAM_BACK/n008-2018-08-21-11-53-44-0400__CAM_BACK__1534867098787558.jpg", "samples/CAM_BACK_RIGHT/n008-2018-08-21-11-53-44-0400__CAM_BACK_RIGHT__1534867098778113.jpg"], "intrinsics": [[[1257.8625342125129, 0.0, 827.2410631095686], [0.0, 1257.8625342125129, 450.915498205774], [0.0, 0.0, 1.0]], [[1252.8131021185304, 0.0, 826.588114781398], [0.0, 1252.8131021185304, 469.9846626224581], [0.0, 0.0, 1.0]], [[1256.7485116440405, 0.0, 817.7887570959712], [0.0, 1256.7485116440403, 451.9541780095127], [0.0, 0.0, 1.0]], [[1254.9860565800168, 0.0, 829.5769333630991], [0.0, 1254.9860565800168, 467.1680561863987], [0.0, 0.0, 1.0]], [[796.8910634503094, 0.0, 857.7774326863696], [0.0, 796.8910634503094, 476.8848988407415], [0.0, 0.0, 1.0]], [[1249.9629280788233, 0.0, 825.3768045375984], [0.0, 1249.9629280788233, 462.54816385708756], [0.0, 0.0, 1.0]]], "extrinsics": [[[0.8227632641792297, -0.5683226585388184, 0.008371850475668907, -0.84942626953125], [0.021851396188139915, 0.01690918765962124, -0.9996182322502136, 1.4923210144042969], [0.5679640769958496, 0.8226320743560791, 0.026330899447202682, -1.22998046875], [0.0, 0.0, 0.0, 1.0]], [[0.010825867764651775, -0.9998643398284912, -0.012415248900651932, 0.009765625], [0.023798935115337372, 0.012670100666582584, -0.9996364712715149, 1.4837970733642578], [0.9996581077575684, 0.010526479221880436, 0.023932870477437973, -1.580718994140625], [0.0, 0.0, 0.0, 1.0]], [[-0.8434703946113586, -0.5363976955413818, -0.028900548815727234, 0.9913330078125], [0.031792666763067245, 0.003858237760141492, -0.999487042427063, 1.4968509674072266], [0.5362339615821838, -0.8439565300941467, 0.013799202628433704, -1.2119140625], [0.0, 0.0, 0.0, 1.0]], [[0.9477827548980713, 0.31868821382522583, 0.01206979900598526, -1.14117431640625], [0.006460139527916908, 0.018653463572263718, -0.9998051524162292, 1.5620613098144531], [-0.31885120272636414, 0.9476760029792786, 0.015620661899447441, -0.1572265625], [0.0, 0.0, 0.0, 1.0]], [[0.008885460905730724, 0.9998961091041565, 0.011346203275024891, -0.0291748046875], [0.008560722693800926, 0.011270170100033283, -0.9998998045921326, 1.568441390991211], [-0.9999239444732666, 0.008981756865978241, -0.008459692820906639, -0.00115966796875], [0.0, 0.0, 0.0, 1.0]], [[-0.9236917495727539, 0.3827996551990509, -0.01606333814561367, 1.08050537109375], [0.012702018953859806, -0.011306867003440857, -0.9998553991317749, 1.5489234924316406], [-0.38292592763900757, -0.9237622022628784, 0.00558173144236207, -0.0750732421875], [0.0, 0.0, 0.0, 1.0]]], "view": [[0.0, -2.0, 100.0], [-2.0, 0.0, 100.0], [0.0, 0.0, 1.0]], "bev": "bev_23c5512e1c084cffb911d5be18355ea6.png", "aux": "aux_23c5512e1c084cffb911d5be18355ea6.npz", "visibility": "visibility_23c5512e1c084cffb911d5be18355ea6.png", "pose": [[-0.762568473815918, -0.6469075083732605, 0.0, 1335.8299560546875], [0.6469075083732605, -0.762568473815918, 0.0, 1021.399658203125], [0.0, 0.0, 1.0, 0.0], [0.0, 0.0, 0.0, 1.0]], "pose_inverse": [[-0.762568473815918, 0.6469075083732605, 0.0, 357.9107666015625], [-0.6469075083732605, -0.762568473815918, 0.0, 1643.045654296875], [0.0, 0.0, 1.0, 0.0], [0.0, 0.0, 0.0, 1.0]], "cam_ids": [0, 1, 2, 3, 4, 5], "cam_channels": ["CAM_FRONT_LEFT", "CAM_FRONT", "CAM_FRONT_RIGHT", "CAM_BACK_LEFT", "CAM_BACK", "CAM_BACK_RIGHT"], "token": "23c5512e1c084cffb911d5be18355ea6", "scene": "scene-0243"}, {"images": ["samples/CAM_FRONT_LEFT/n008-2018-08-21-11-53-44-0400__CAM_FRONT_LEFT__1534867099254799.jpg", "samples/CAM_FRONT/n008-2018-08-21-11-53-44-0400__CAM_FRONT__1534867099262404.jpg", "samples/CAM_FRONT_RIGHT/n008-2018-08-21-11-53-44-0400__CAM_FRONT_RIGHT__1534867099270482.jpg", "samples/CAM_BACK_LEFT/n008-2018-08-21-11-53-44-0400__CAM_BACK_LEFT__1534867099297405.jpg", "samples/CAM_BACK/n008-2018-08-21-11-53-44-0400__CAM_BACK__1534867099287558.jpg", "samples/CAM_BACK_RIGHT/n008-2018-08-21-11-53-44-0400__CAM_BACK_RIGHT__1534867099278113.jpg"], "intrinsics": [[[1257.8625342125129, 0.0, 827.2410631095686], [0.0, 1257.8625342125129, 450.915498205774], [0.0, 0.0, 1.0]], [[1252.8131021185304, 0.0, 826.588114781398], [0.0, 1252.8131021185304, 469.9846626224581], [0.0, 0.0, 1.0]], [[1256.7485116440405, 0.0, 817.7887570959712], [0.0, 1256.7485116440403, 451.9541780095127], [0.0, 0.0, 1.0]], [[1254.9860565800168, 0.0, 829.5769333630991], [0.0, 1254.9860565800168, 467.1680561863987], [0.0, 0.0, 1.0]], [[796.8910634503094, 0.0, 857.7774326863696], [0.0, 796.8910634503094, 476.8848988407415], [0.0, 0.0, 1.0]], [[1249.9629280788233, 0.0, 825.3768045375984], [0.0, 1249.9629280788233, 462.54816385708756], [0.0, 0.0, 1.0]]], "extrinsics": [[[0.8224550485610962, -0.568756103515625, 0.00918274000287056, -0.8602294921875], [0.02249349094927311, 0.016387874260544777, -0.9996126890182495, 1.4922294616699219], [0.5683853030204773, 0.8223430514335632, 0.026271598413586617, -1.2342529296875], [0.0, 0.0, 0.0, 1.0]], [[0.010380670428276062, -0.9998730421066284, -0.012087151408195496, 0.0074462890625], [0.02437652461230755, 0.01233725156635046, -0.9996266961097717, 1.4836883544921875], [0.9996489882469177, 0.01008218340575695, 0.0245014987885952, -1.590087890625], [0.0, 0.0, 0.0, 1.0]], [[-0.8436486124992371, -0.5360966920852661, -0.029282549396157265, 0.99658203125], [0.03233643248677254, 0.003705393522977829, -0.9994701743125916, 1.4966888427734375], [0.5359211564064026, -0.8441485166549683, 0.014209403656423092, -1.21728515625], [0.0, 0.0, 0.0, 1.0]], [[0.9477808475494385, 0.31867823004722595, 0.012478790245950222, -1.14166259765625], [0.006813828833401203, 0.01888505555689335, -0.9997984170913696, 1.5620613098144531], [-0.31884974241256714, 0.9476748108863831, 0.01572747342288494, -0.15673828125], [0.0, 0.0, 0.0, 1.0]], [[0.00902308989316225, 0.999895453453064, 0.011297122575342655, -0.0284423828125], [0.009015637449920177, 0.011215776205062866, -0.9998964071273804, 1.568441390991211], [-0.9999186396598816, 0.009124097414314747, -0.008913494646549225, 0.00189208984375], [0.0, 0.0, 0.0, 1.0]], [[-0.9235785603523254, 0.3830489218235016, -0.016620902344584465, 1.085968017578125], [0.013258657418191433, -0.011416159570217133, -0.9998469352722168, 1.5488853454589844], [-0.38317999243736267, -0.9236575365066528, 0.005465005990117788, -0.0743408203125], [0.0, 0.0, 0.0, 1.0]]], "view": [[0.0, -2.0, 100.0], [-2.0, 0.0, 100.0], [0.0, 0.0, 1.0]], "bev": "bev_55f4a75739804bfe88084d4cddd78bcb.png", "aux": "aux_55f4a75739804bfe88084d4cddd78bcb.npz", "visibility": "visibility_55f4a75739804bfe88084d4cddd78bcb.png", "pose": [[-0.7625202536582947, -0.6469643712043762, 0.0, 1334.2589111328125], [0.6469643712043762, -0.7625202536582947, 0.0, 1022.7601318359375], [0.0, 0.0, 1.0, 0.0], [0.0, 0.0, 0.0, 1.0]], "pose_inverse": [[-0.7625202536582947, 0.6469643712043762, 0.0, 355.7100830078125], [-0.6469643712043762, -0.7625202536582947, 0.0, 1643.09326171875], [0.0, 0.0, 1.0, 0.0], [0.0, 0.0, 0.0, 1.0]], "cam_ids": [0, 1, 2, 3, 4, 5], "cam_channels": ["CAM_FRONT_LEFT", "CAM_FRONT", "CAM_FRONT_RIGHT", "CAM_BACK_LEFT", "CAM_BACK", "CAM_BACK_RIGHT"], "token": "55f4a75739804bfe88084d4cddd78bcb", "scene": "scene-0243"}, {"images": ["samples/CAM_FRONT_LEFT/n008-2018-08-21-11-53-44-0400__CAM_FRONT_LEFT__1534867099754799.jpg", "samples/CAM_FRONT/n008-2018-08-21-11-53-44-0400__CAM_FRONT__1534867099762404.jpg", "samples/CAM_FRONT_RIGHT/n008-2018-08-21-11-53-44-0400__CAM_FRONT_RIGHT__1534867099770482.jpg", "samples/CAM_BACK_LEFT/n008-2018-08-21-11-53-44-0400__CAM_BACK_LEFT__1534867099797405.jpg", "samples/CAM_BACK/n008-2018-08-21-11-53-44-0400__CAM_BACK__1534867099787558.jpg", "samples/CAM_BACK_RIGHT/n008-2018-08-21-11-53-44-0400__CAM_BACK_RIGHT__1534867099778113.jpg"], "intrinsics": [[[1257.8625342125129, 0.0, 827.2410631095686], [0.0, 1257.8625342125129, 450.915498205774], [0.0, 0.0, 1.0]], [[1252.8131021185304, 0.0, 826.588114781398], [0.0, 1252.8131021185304, 469.9846626224581], [0.0, 0.0, 1.0]], [[1256.7485116440405, 0.0, 817.7887570959712], [0.0, 1256.7485116440403, 451.9541780095127], [0.0, 0.0, 1.0]], [[1254.9860565800168, 0.0, 829.5769333630991], [0.0, 1254.9860565800168, 467.1680561863987], [0.0, 0.0, 1.0]], [[796.8910634503094, 0.0, 857.7774326863696], [0.0, 796.8910634503094, 476.8848988407415], [0.0, 0.0, 1.0]], [[1249.9629280788233, 0.0, 825.3768045375984], [0.0, 1249.9629280788233, 462.54816385708756], [0.0, 0.0, 1.0]]], "extrinsics": [[[0.8226361274719238, -0.5684894323348999, 0.009462717920541763, -0.8634033203125], [0.02328767441213131, 0.017060142010450363, -0.9995831847190857, 1.4922676086425781], [0.568091094493866, 0.8225136995315552, 0.027273083105683327, -1.2366943359375], [0.0, 0.0, 0.0, 1.0]], [[0.01067406591027975, -0.9998624324798584, -0.012689832597970963, 0.0074462890625], [0.025262022390961647, 0.012956147082149982, -0.999596893787384, 1.4837417602539062], [0.9996238350868225, 0.01034924853593111, 0.025396844372153282, -1.5928955078125], [0.0, 0.0, 0.0, 1.0]], [[-0.8435012102127075, -0.5362687110900879, -0.03035653382539749, 0.997802734375], [0.03326824679970741, 0.004247215110808611, -0.9994374513626099, 1.4967422485351562], [0.5360959768295288, -0.8440365791320801, 0.0142581881955266, -1.218017578125], [0.0, 0.0, 0.0, 1.0]], [[0.9477601647377014, 0.3186919391155243, 0.013645348139107227, -1.14031982421875], [0.007937815971672535, 0.019201170653104782, -0.9997841119766235, 1.56207275390625], [-0.3188851773738861, 0.9476638436317444, 0.015668386593461037, -0.1573486328125], [0.0, 0.0, 0.0, 1.0]], [[0.0089152492582798, 0.9998898506164551, 0.011867146007716656, -0.0286865234375], [0.01006893441081047, 0.011777251027524471, -0.9998798966407776, 1.5684890747070312], [-0.9999095797538757, 0.009033619426190853, -0.00996282696723938, 0.001556396484375], [0.0, 0.0, 0.0, 1.0]], [[-0.92362713813