[{"images": ["samples/CAM_FRONT_LEFT/n008-2018-09-18-12-53-31-0400__CAM_FRONT_LEFT__1537290221654799.jpg", "samples/CAM_FRONT/n008-2018-09-18-12-53-31-0400__CAM_FRONT__1537290221662404.jpg", "samples/CAM_FRONT_RIGHT/n008-2018-09-18-12-53-31-0400__CAM_FRONT_RIGHT__1537290221670482.jpg", "samples/CAM_BACK_LEFT/n008-2018-09-18-12-53-31-0400__CAM_BACK_LEFT__1537290221697405.jpg", "samples/CAM_BACK/n008-2018-09-18-12-53-31-0400__CAM_BACK__1537290221687558.jpg", "samples/CAM_BACK_RIGHT/n008-2018-09-18-12-53-31-0400__CAM_BACK_RIGHT__1537290221678113.jpg"], "intrinsics": [[[1257.8625342125129, 0.0, 827.2410631095686], [0.0, 1257.8625342125129, 450.915498205774], [0.0, 0.0, 1.0]], [[1252.8131021185304, 0.0, 826.588114781398], [0.0, 1252.8131021185304, 469.9846626224581], [0.0, 0.0, 1.0]], [[1256.7485116440405, 0.0, 817.7887570959712], [0.0, 1256.7485116440403, 451.9541780095127], [0.0, 0.0, 1.0]], [[1254.9860565800168, 0.0, 829.5769333630991], [0.0, 1254.9860565800168, 467.1680561863987], [0.0, 0.0, 1.0]], [[796.8910634503094, 0.0, 857.7774326863696], [0.0, 796.8910634503094, 476.8848988407415], [0.0, 0.0, 1.0]], [[1249.9629280788233, 0.0, 825.3768045375984], [0.0, 1249.9629280788233, 462.54816385708756], [0.0, 0.0, 1.0]]], "extrinsics": [[[0.8221921920776367, -0.5683501362800598, -0.03127608075737953, -1.0048828125], [-0.018400879576802254, 0.028378857299685478, -0.999427855014801, 1.4882926940917969], [0.5689125657081604, 0.822297215461731, 0.012874730862677097, -1.3336181640625], [0.0, 0.0, 0.0, 1.0]], [[0.009955388493835926, -0.9996519088745117, -0.024432774633169174, 0.00537109375], [-0.0164540633559227, 0.024266909807920456, -0.9995701313018799, 1.4801597595214844], [0.9998149871826172, 0.010353118181228638, -0.01620674692094326, -1.734649658203125], [0.0, 0.0, 0.0, 1.0]], [[-0.8441089987754822, -0.5361701846122742, -0.0012328479206189513, 1.09075927734375], [-0.008433730341494083, 0.01557647529989481, -0.9998431205749512, 1.4930706024169922], [0.5361053347587585, -0.8439661264419556, -0.0176701620221138, -1.277587890625], [0.0, 0.0, 0.0, 1.0]], [[0.9475157856941223, 0.3189339339733124, -0.022248245775699615, -1.143890380859375], [-0.03379591181874275, 0.03071836568415165, -0.998956561088562, 1.562042236328125], [-0.31791773438453674, 0.9472789764404297, 0.03988480195403099, -0.15625], [0.0, 0.0, 0.0, 1.0]], [[0.009471534751355648, 0.9996925592422485, 0.02291504293680191, -0.029052734375], [-0.03166826814413071, 0.023204458877444267, -0.9992290139198303, 1.5680618286132812], [-0.9994534850120544, 0.008738530799746513, 0.03187831491231918, 0.044219970703125], [0.0, 0.0, 0.0, 1.0]], [[-0.9235041737556458, 0.38273459672927856, 0.025577114894986153, 1.16046142578125], [-0.027478575706481934, 0.0004987030988559127, -0.9996222853660583, 1.5478119850158691], [-0.38260284066200256, -0.9238581657409668, 0.010056450963020325, -0.043701171875], [0.0, 0.0, 0.0, 1.0]]], "view": [[0.0, -2.0, 100.0], [-2.0, 0.0, 100.0], [0.0, 0.0, 1.0]], "bev": "bev_be19c61f6cb449aebfb20803905a2e7a.png", "aux": "aux_be19c61f6cb449aebfb20803905a2e7a.npz", "visibility": "visibility_be19c61f6cb449aebfb20803905a2e7a.png", "pose": [[0.8643585443496704, 0.5028759837150574, 0.0, 607.7042236328125], [-0.5028759837150574, 0.8643585443496704, 0.0, 1642.2659912109375], [0.0, 0.0, 1.0, 0.0], [0.0, 0.0, 0.0, 1.0]], "pose_inverse": [[0.8643585443496704, -0.5028759837150574, 0.0, 300.5818176269531], [0.5028759837150574, 0.8643585443496704, 0.0, -1725.1065673828125], [0.0, 0.0, 1.0, 0.0], [0.0, 0.0, 0.0, 1.0]], "cam_ids": [0, 1, 2, 3, 4, 5], "cam_channels": ["CAM_FRONT_LEFT", "CAM_FRONT", "CAM_FRONT_RIGHT", "CAM_BACK_LEFT", "CAM_BACK", "CAM_BACK_RIGHT"], "token": "be19c61f6cb449aebfb20803905a2e7a", "scene": "scene-0478"}, {"images": ["samples/CAM_FRONT_LEFT/n008-2018-09-18-12-53-31-0400__CAM_FRONT_LEFT__1537290222154799.jpg", "samples/CAM_FRONT/n008-2018-09-18-12-53-31-0400__CAM_FRONT__1537290222162404.jpg", "samples/CAM_FRONT_RIGHT/n008-2018-09-18-12-53-31-0400__CAM_FRONT_RIGHT__1537290222170482.jpg", "samples/CAM_BACK_LEFT/n008-2018-09-18-12-53-31-0400__CAM_BACK_LEFT__1537290222197405.jpg", "samples/CAM_BACK/n008-2018-09-18-12-53-31-0400__CAM_BACK__1537290222187558.jpg", "samples/CAM_BACK_RIGHT/n008-2018-09-18-12-53-31-0400__CAM_BACK_RIGHT__1537290222178113.jpg"], "intrinsics": [[[1257.8625342125129, 0.0, 827.2410631095686], [0.0, 1257.8625342125129, 450.915498205774], [0.0, 0.0, 1.0]], [[1252.8131021185304, 0.0, 826.588114781398], [0.0, 1252.8131021185304, 469.9846626224581], [0.0, 0.0, 1.0]], [[1256.7485116440405, 0.0, 817.7887570959712], [0.0, 1256.7485116440403, 451.9541780095127], [0.0, 0.0, 1.0]], [[1254.9860565800168, 0.0, 829.5769333630991], [0.0, 1254.9860565800168, 467.1680561863987], [0.0, 0.0, 1.0]], [[796.8910634503094, 0.0, 857.7774326863696], [0.0, 796.8910634503094, 476.8848988407415], [0.0, 0.0, 1.0]], [[1249.9629280788233, 0.0, 825.3768045375984], [0.0, 1249.9629280788233, 462.54816385708756], [0.0, 0.0, 1.0]]], "extrinsics": [[[0.8221965432167053, -0.5683527588844299, -0.03111582249403, -1.005126953125], [-0.0182352215051651, 0.02833666279911995, -0.9994320869445801, 1.4882926940917969], [0.5689115524291992, 0.8222969174385071, 0.012934268452227116, -1.3333740234375], [0.0, 0.0, 0.0, 1.0]], [[0.00996052473783493, -0.9996530413627625, -0.02438465878367424, 0.00537109375], [-0.01628176122903824, 0.024220500141382217, -0.9995740652084351, 1.48016357421875], [0.9998178482055664, 0.010353351011872292, -0.016034862026572227, -1.734649658203125], [0.0, 0.0, 0.0, 1.0]], [[-0.8441076874732971, -0.5361719727516174, -0.0013542328961193562, 1.090576171875], [-0.008259321562945843, 0.015528189949691296, -0.9998453259468079, 1.4930706024169922], [0.5361100435256958, -0.843966007232666, -0.01753588207066059, -1.277587890625], [0.0, 0.0, 0.0, 1.0]], [[0.9475178718566895, 0.31893593072891235, -0.022127514705061913, -1.143890380859375], [-0.033645324409008026, 0.030648671090602875, -0.9989638328552246, 1.562042236328125], [-0.3179273009300232, 0.9472805857658386, 0.03977086767554283, -0.1561279296875], [0.0, 0.0, 0.0, 1.0]], [[0.009468264877796173, 0.9996939897537231, 0.022853897884488106, -0.0286865234375], [-0.031520452350378036, 0.02314194291830063, -0.9992351531982422, 1.5680580139160156], [-0.9994582533836365, 0.008740617893636227, 0.03172992542386055, 0.04425048828125], [0.0, 0.0, 0.0, 1.0]], [[-0.9235087037086487, 0.3827351927757263, 0.025405194610357285, 1.16058349609375], [-0.027311429381370544, 0.0004529796715360135, -0.999626874923706, 1.547813892364502], [-0.3826039135456085, -0.9238579869270325, 0.010034717619419098, -0.0438232421875], [0.0, 0.0, 0.0, 1.0]]], "view": [[0.0, -2.0, 100.0], [-2.0, 0.0, 100.0], [0.0, 0.0, 1.0]], "bev": "bev_e715bd8a25114075aff57f63db7b3ba3.png", "aux": "aux_e715bd8a25114075aff57f63db7b3ba3.npz", "visibility": "visibility_e715bd8a25114075aff57f63db7b3ba3.png", "pose": [[0.8643965125083923, 0.5028107762336731, 0.0, 607.703857421875], [-0.5028107762336731, 0.8643965125083923, 0.0, 1642.265380859375], [0.0, 0.0, 1.0, 0.0], [0.0, 0.0, 0.0, 1.0]], "pose_inverse": [[0.8643965125083923, -0.5028107762336731, 0.0, 300.45166015625], [0.5028107762336731, 0.8643965125083923, 0.0, -1725.1285400390625], [0.0, 0.0, 1.0, 0.0], [0.0, 0.0, 0.0, 1.0]], "cam_ids": [0, 1, 2, 3, 4, 5], "cam_channels": ["CAM_FRONT_LEFT", "CAM_FRONT", "CAM_FRONT_RIGHT", "CAM_BACK_LEFT", "CAM_BACK", "CAM_BACK_RIGHT"], "token": "e715bd8a25114075aff57f63db7b3ba3", "scene": "scene-0478"}, {"images": ["samples/CAM_FRONT_LEFT/n008-2018-09-18-12-53-31-0400__CAM_FRONT_LEFT__1537290222754799.jpg", "samples/CAM_FRONT/n008-2018-09-18-12-53-31-0400__CAM_FRONT__1537290222762404.jpg", "samples/CAM_FRONT_RIGHT/n008-2018-09-18-12-53-31-0400__CAM_FRONT_RIGHT__1537290222770482.jpg", "samples/CAM_BACK_LEFT/n008-2018-09-18-12-53-31-0400__CAM_BACK_LEFT__1537290222797405.jpg", "samples/CAM_BACK/n008-2018-09-18-12-53-31-0400__CAM_BACK__1537290222787558.jpg", "samples/CAM_BACK_RIGHT/n008-2018-09-18-12-53-31-0400__CAM_BACK_RIGHT__1537290222778113.jpg"], "intrinsics": [[[1257.8625342125129, 0.0, 827.2410631095686], [0.0, 1257.8625342125129, 450.915498205774], [0.0, 0.0, 1.0]], [[1252.8131021185304, 0.0, 826.588114781398], [0.0, 1252.8131021185304, 469.9846626224581], [0.0, 0.0, 1.0]], [[1256.7485116440405, 0.0, 817.7887570959712], [0.0, 1256.7485116440403, 451.9541780095127], [0.0, 0.0, 1.0]], [[1254.9860565800168, 0.0, 829.5769333630991], [0.0, 1254.9860565800168, 467.1680561863987], [0.0, 0.0, 1.0]], [[796.8910634503094, 0.0, 857.7774326863696], [0.0, 796.8910634503094, 476.8848988407415], [0.0, 0.0, 1.0]], [[1249.9629280788233, 0.0, 825.3768045375984], [0.0, 1249.9629280788233, 462.54816385708756], [0.0, 0.0, 1.0]]], "extrinsics": [[[0.8222112655639648, -0.568336009979248, -0.03103134222328663, -1.0050048828125], [-0.01819838583469391, 0.028241926804184914, -0.9994354248046875, 1.4883003234863281], [0.5688915848731995, 0.8223116993904114, 0.012878027744591236, -1.3333740234375], [0.0, 0.0, 0.0, 1.0]], [[0.009981404058635235, -0.99965500831604, -0.024295909330248833, 0.0052490234375], [-0.016245443373918533, 0.02413180284202099, -0.9995768070220947, 1.4801673889160156], [0.9998182058334351, 0.010371899232268333, -0.015998966991901398, -1.734588623046875], [0.0, 0.0, 0.0, 1.0]], [[-0.8440992832183838, -0.5361852645874023, -0.0013380971504375339, 1.09063720703125], [-0.008225472643971443, 0.015444300137460232, -0.999846875667572, 1.493072509765625], [0.5361238121986389, -0.8439590334892273, -0.01744690164923668, -1.277587890625], [0.0, 0.0, 0.0, 1.0]], [[0.9475207924842834, 0.3189310133457184, -0.022076189517974854, -1.1439208984375], [-0.03357428312301636, 0.030598865821957588, -0.998967707157135, 1.562042236328125], [-0.3179263472557068, 0.9472838640213013, 0.0397009439766407, -0.156005859375], [0.0, 0.0, 0.0, 1.0]], [[0.009461618028581142, 0.9996954202651978, 0.02279389463365078, -0.02880859375], [-0.03146342933177948, 0.023081259801983833, -0.9992383718490601, 1.5680618286132812], [-0.9994601607322693, 0.00873732939362526, 0.03167223930358887, 0.0443115234375], [0.0, 0.0, 0.0, 1.0]], [[-0.9235138893127441, 0.382726788520813, 0.02534504421055317, 1.16058349609375], [-0.027278542518615723, 0.0003749413590412587, -0.9996278285980225, 1.5478100776672363], [-0.38259387016296387, -0.9238614439964294, 0.010093964636325836, -0.043701171875], [0.0, 0.0, 0.0, 1.0]]], "view": [[0.0, -2.0, 100.0], [-2.0, 0.0, 100.0], [0.0, 0.0, 1.0]], "bev": "bev_27cd804e8dac4376be3ddfeb274a066e.png", "aux": "aux_27cd804e8dac4376be3ddfeb274a066e.npz", "visibility": "visibility_27cd804e8dac4376be3ddfeb274a066e.png", "pose": [[0.8644039034843445, 0.5027980804443359, 0.0, 607.7034912109375], [-0.5027980804443359, 0.8644039034843445, 0.0, 1642.2646484375], [0.0, 0.0, 1.0, 0.0], [0.0, 0.0, 0.0, 1.0]], "pose_inverse": [[0.8644039034843445, -0.5027980804443359, 0.0, 300.4262390136719], [0.5027980804443359, 0.8644039034843445, 0.0, -1725.132080078125], [0.0, 0.0, 1.0, 0.0], [0.0, 0.0, 0.0, 1.0]], "cam_ids": [0, 1, 2, 3, 4, 5], "cam_channels": ["CAM_FRONT_LEFT", "CAM_FRONT", "CAM_FRONT_RIGHT", "CAM_BACK_LEFT", "CAM_BACK", "CAM_BACK_RIGHT"], "token": "27cd804e8dac4376be3ddfeb274a066e", "scene": "scene-0478"}, {"images": ["samples/CAM_FRONT_LEFT/n008-2018-09-18-12-53-31-0400__CAM_FRONT_LEFT__1537290223254799.jpg", "samples/CAM_FRONT/n008-2018-09-18-12-53-31-0400__CAM_FRONT__1537290223262404.jpg", "samples/CAM_FRONT_RIGHT/n008-2018-09-18-12-53-31-0400__CAM_FRONT_RIGHT__1537290223270482.jpg", "samples/CAM_BACK_LEFT/n008-2018-09-18-12-53-31-0400__CAM_BACK_LEFT__1537290223297405.jpg", "samples/CAM_BACK/n008-2018-09-18-12-53-31-0400__CAM_BACK__1537290223287558.jpg", "samples/CAM_BACK_RIGHT/n008-2018-09-18-12-53-31-0400__CAM_BACK_RIGHT__1537290223278113.jpg"], "intrinsics": [[[1257.8625342125129, 0.0, 827.2410631095686], [0.0, 1257.8625342125129, 450.915498205774], [0.0, 0.0, 1.0]], [[1252.8131021185304, 0.0, 826.588114781398], [0.0, 1252.8131021185304, 469.9846626224581], [0.0, 0.0, 1.0]], [[1256.7485116440405, 0.0, 817.7887570959712], [0.0, 1256.7485116440403, 451.9541780095127], [0.0, 0.0, 1.0]], [[1254.9860565800168, 0.0, 829.5769333630991], [0.0, 1254.9860565800168, 467.1680561863987], [0.0, 0.0, 1.0]], [[796.8910634503094, 0.0, 857.7774326863696], [0.0, 796.8910634503094, 476.8848988407415], [0.0, 0.0, 1.0]], [[1249.9629280788233, 0.0, 825.3768045375984], [0.0, 1249.9629280788233, 462.54816385708756], [0.0, 0.0, 1.0]]], "extrinsics": [[[0.8221909999847412, -0.5683717131614685, -0.030913187190890312, -1.0050048828125], [-0.0180631373077631, 0.028228839859366417, -0.9994382262229919, 1.4882888793945312], [0.5689250826835632, 0.8222875595092773, 0.012942922301590443, -1.3333740234375], [0.0, 0.0, 0.0, 1.0]], [[0.009950931183993816, -0.9996559619903564, -0.024267101660370827, 0.0052490234375], [-0.016105636954307556, 0.024104928597807884, -0.9995797276496887, 1.48016357421875], [0.9998207092285156, 0.010337566956877708, -0.01586022786796093, -1.734710693359375], [0.0, 0.0, 0.0, 1.0]], [[-0.844112753868103, -0.5361638069152832, -0.0014400759246200323, 1.090576171875], [-0.00808018259704113, 0.015406566672027111, -0.9998486638069153, 1.4930706024169922], [0.5361047983169556, -0.8439733982086182, -0.01733718067407608, -1.2777099609375], [0.0, 0.0, 0.0, 1.0]], [[0.9475261569023132, 0.3189232051372528, -0.02195967547595501, -1.143798828125], [-0.0334354043006897, 0.030552128329873085, -0.9989738464355469, 1.5620460510253906], [-0.31792500615119934, 0.9472880363464355, 0.039612263441085815, -0.156005859375], [0.0, 0.0, 0.0, 1.0]], [[0.009470201097428799, 0.9996963739395142, 0.02274753898382187, -0.02880859375], [-0.031327079981565475, 0.023034002631902695, -0.9992436766624451, 1.5680656433105469], [-0.9994643926620483, 0.0087503120303154, 0.03153570741415024, 0.04425048828125], [0.0, 0.0, 0.0, 1.0]], [[-0.9235102534294128, 0.3827455937862396, 0.025191547349095345, 1.16070556640625], [-0.027130847796797752, 0.0003309142484795302, -0.9996318221092224, 1.5478119850158691], [-0.3826129138469696, -0.9238536953926086, 0.010078608989715576, -0.043701171875], [0.0, 0.0, 0.0, 1.0]]], "view": [[0.0, -2.0, 100.0], [-2.0, 0.0, 100.0], [0.0, 0.0, 1.0]], "bev": "bev_9493dd1c832441b7bb0aa593d993f299.png", "aux": "aux_9493dd1c832441b7bb0aa593d993f299.npz", "visibility": "visibility_9493dd1c832441b7bb0aa593d993f299.png", "pose": [[0.8644029498100281, 0.5027996897697449, 0.0, 607.7031860351562], [-0.5027996897697449, 0.8644029498100281, 0.0, 1642.26416015625], [0.0, 0.0, 1.0, 0.0], [0.0, 0.0, 0.0, 1.0]], "pose_inverse": [[0.8644029498100281, -0.5027996897697449, 0.0, 300.4294738769531], [0.5027996897697449, 0.8644029498100281, 0.0, -1725.1309814453125], [0.0, 0.0, 1.0, 0.0], [0.0, 0.0, 0.0, 1.0]], "cam_ids": [0, 1, 2, 3, 4, 5], "cam_channels": ["CAM_FRONT_LEFT", "CAM_FRONT", "CAM_FRONT_RIGHT", "CAM_BACK_LEFT", "CAM_BACK", "CAM_BACK_RIGHT"], "token": "9493dd1c832441b7bb0aa593d993f299", "scene": "scene-0478"}, {"images": ["samples/CAM_FRONT_LEFT/n008-2018-09-18-12-53-31-0400__CAM_FRONT_LEFT__1537290223754799.jpg", "samples/CAM_FRONT/n008-2018-09-18-12-53-31-0400__CAM_FRONT__1537290223762404.jpg", "samples/CAM_FRONT_RIGHT/n008-2018-09-18-12-53-31-0400__CAM_FRONT_RIGHT__1537290223770482.jpg", "samples/CAM_BACK_LEFT/n008-2018-09-18-12-53-31-0400__CAM_BACK_LEFT__1537290223797405.jpg", "samples/CAM_BACK/n008-2018-09-18-12-53-31-0400__CAM_BACK__1537290223787558.jpg", "samples/CAM_BACK_RIGHT/n008-2018-09-18-12-53-31-0400__CAM_BACK_RIGHT__1537290223778113.jpg"], "intrinsics": [[[1257.8625342125129, 0.0, 827.2410631095686], [0.0, 1257.8625342125129, 450.915498205774], [0.0, 0.0, 1.0]], [[1252.8131021185304, 0.0, 826.588114781398], [0.0, 1252.8131021185304, 469.9846626224581], [0.0, 0.0, 1.0]], [[1256.7485116440405, 0.0, 817.7887570959712], [0.0, 1256.7485116440403, 451.9541780095127], [0.0, 0.0, 1.0]], [[1254.9860565800168, 0.0, 829.5769333630991], [0.0, 1254.9860565800168, 467.1680561863987], [0.0, 0.0, 1.0]], [[796.8910634503094, 0.0, 857.7774326863696], [0.0, 796.8910634503094, 476.8848988407415], [0.0, 0.0, 1.0]], [[1249.9629280788233, 0.0, 825.3768045375984], [0.0, 1249.9629280788233, 462.54816385708756], [0.0, 0.0, 1.0]]], "extrinsics": [[[0.8222184181213379, -0.568332850933075, -0.030900467187166214, -1.0050048828125], [-0.018110116943717003, 0.028139660134911537, -0.9994398951530457, 1.4882965087890625], [0.568884015083313, 0.8223175406455994, 0.012844371609389782, -1.333251953125], [0.0, 0.0, 0.0, 1.0]], [[0.009988982230424881, -0.9996576905250549, -0.02418290264904499, 0.00537109375], [-0.01616336964070797, 0.02401953563094139, -0.9995808601379395, 1.4801673889160156], [0.9998194575309753, 0.010375666432082653, -0.015917902812361717, -1.734649658203125], [0.0, 0.0, 0.0, 1.0]], [[-0.8440971374511719, -0.5361886024475098, -0.0013460988411679864, 1.09063720703125], [-0.008142733946442604, 0.015328849665820599, -0.9998493790626526, 1.493072509765625], [0.5361285209655762, -0.8439590334892273, -0.017305077984929085, -1.277587890625], [0.0, 0.0, 0.0, 1.0]], [[0.9475204944610596, 0.31893518567085266, -0.022029247134923935, -1.143890380859375], [-0.03348413482308388, 0.030477194115519524, -0.9989744424819946, 1.562042236328125], [-0.3179366886615753, 0.9472864270210266, 0.03955703601241112, -0.1561279296875], [0.0, 0.0, 0.0, 1.0]], [[0.009458405897021294, 0.9996981620788574, 0.022671954706311226, -0.0289306640625], [-0.031385574489831924, 0.02295859344303608, -0.9992436170578003, 1.5680618286132812], [-0.9994625449180603, 0.008739747107028961, 0.03159325569868088, 0.044342041015625], [0.0, 0.0, 0.0, 1.0]], [[-0.9235170483589172, 0.3827272951602936, 0.025217799469828606, 1.1605224609375], [-0.027188323438167572, 0.00026022171368822455, -0.999630331993103, 1.5478148460388184], [-0.3825923502445221, -0.9238613247871399, 0.010165397077798843, -0.0438232421875], [0.0, 0.0, 0.0, 1.0]]], "view": [[0.0, -2.0, 100.0], [-2.0, 0.0, 100.0], [0.0, 0.0, 1.0]], "bev": "bev_b854280af40b4a71bb2dc25465bb7394.png", "aux": "aux_b854280af40b4a71bb2dc25465bb7394.npz", "visibility": "visibility_b854280af40b4a71bb2dc25465bb7394.png", "pose": [[0.8643962740898132, 0.5028111934661865, 0.0, 607.7029418945312], [-0.5028111934661865, 0.8643962740898132, 0.0, 1642.2637939453125], [0.0, 0.0, 1.0, 0.0], [0.0, 0.0, 0.0, 1.0]], "pose_inverse": [[0.8643962740898132, -0.5028111934661865, 0.0, 300.4525146484375], [0.5028111934661865, 0.8643962740898132, 0.0, -1725.12646484375], [0.0, 0.0, 1.0, 0.0], [0.0, 0.0, 0.0, 1.0]], "cam_ids": [0, 1, 2, 3, 4, 5], "cam_channels": ["CAM_FRONT_LEFT", "CAM_FRONT", "CAM_FRONT_RIGHT", "CAM_BACK_LEFT", "CAM_BACK", "CAM_BACK_RIGHT"], "token": "b854280af40b4a71bb2dc25465bb7394", "scene": "scene-0478"}, {"images": ["samples/CAM_FRONT_LEFT/n008-2018-09-18-12-53-31-0400__CAM_FRONT_LEFT__1537290224254799.jpg", "samples/CAM_FRONT/n008-2018-09-18-12-53-31-0400__CAM_FRONT__1537290224262404.jpg", "samples/CAM_FRONT_RIGHT/n008-2018-09-18-12-53-31-0400__CAM_FRONT_RIGHT__1537290224270482.jpg", "samples/CAM_BACK_LEFT/n008-2018-09-18-12-53-31-0400__CAM_BACK_LEFT__1537290224297405.jpg", "samples/CAM_BACK/n008-2018-09-18-12-53-31-0400__CAM_BACK__1537290224287558.jpg", "samples/CAM_BACK_RIGHT/n008-2018-09-18-12-53-31-0400__CAM_BACK_RIGHT__1537290224278113.jpg"], "intrinsics": [[[1257.8625342125129, 0.0, 827.2410631095686], [0.0, 1257.8625342125129, 450.915498205774], [0.0, 0.0, 1.0]], [[1252.8131021185304, 0.0, 826.588114781398], [0.0, 1252.8131021185304, 469.9846626224581], [0.0, 0.0, 1.0]], [[1256.7485116440405, 0.0, 817.7887570959712], [0.0, 1256.7485116440403, 451.9541780095127], [0.0, 0.0, 1.0]], [[1254.9860565800168, 0.0, 829.5769333630991], [0.0, 1254.9860565800168, 467.1680561863987], [0.0, 0.0, 1.0]], [[796.8910634503094, 0.0, 857.7774326863696], [0.0, 796.8910634503094, 476.8848988407415], [0.0, 0.0, 1.0]], [[1249.9629280788233, 0.0, 825.3768045375984], [0.0, 1249.9629280788233, 462.54816385708756], [0.0, 0.0, 1.0]]], "extrinsics": [[[0.8222103118896484, -0.5683411359786987, -0.030962355434894562, -1.0050048828125], [-0.018095672130584717, 0.028269048780202866, -0.9994364976882935, 1.4882888793945312], [0.5688961744308472, 0.822307288646698, 0.012958587147295475, -1.3333740234375], [0.0, 0.0, 0.0, 1.0]], [[0.009976882487535477, -0.9996547698974609, -0.024304231628775597, 0.0054931640625], [-0.01614934578537941, 0.024141190573573112, -0.9995781183242798, 1.4801597595214844], [0.9998198747634888, 0.010365176945924759, -0.015902917832136154, -1.734649658203125], [0.0, 0.0, 0.0, 1.0]], [[-0.8441023230552673, -0.536180317401886, -0.001407796866260469, 1.090576171875], [-0.008136752992868423, 0.015434798784554005, -0.9998477697372437, 1.4930706024169922], [0.5361204147338867, -0.8439624309539795, -0.017391318455338478, -1.2777099609375], [0.0, 0.0, 0.0, 1.0]], [[0.9475202560424805, 0.3189360201358795, -0.02202646993100643, -1.143890380859375], [-0.033511314541101456, 0.03056679293513298, -0.9989707469940186, 1.5620460510253906], [-0.317934513092041, 0.9472832083702087, 0.03965062275528908, -0.156005859375], [0.0, 0.0, 0.0, 1.0]], [[0.00946213398128748, 0.9996960163116455, 0.022769225761294365, -0.0286865234375], [-0.031383298337459564, 0.023055916652083397, -0.9992414712905884, 1.5680618286132812], [-0.9994626641273499, 0.008740316145122051, 0.03159191459417343, 0.044219970703125], [0.0, 0.0, 0.0, 1.0]], [[-0.9235142469406128, 0.3827313780784607, 0.02525864541530609, 1.16058349609375], [-0.02719416469335556, 0.00035299331648275256, -0.9996300935745239, 1.5478129386901855], [-0.38259872794151306, -0.9238595962524414, 0.010082066990435123, -0.0435791015625], [0.0, 0.0, 0.0, 1.0]]], "view": [[0.0, -2.0, 100.0], [-2.0, 0.0, 100.0], [0.0, 0.0, 1.0]], "bev": "bev_0a69991175cc4f53b9b3470d69147d29.png", "aux": "aux_0a69991175cc4f53b9b3470d69147d29.npz", "visibility": "visibility_0a69991175cc4f53b9b3470d69147d29.png", "pose": [[0.8644254207611084, 0.5027610659599304, 0.0, 607.7027587890625], [-0.5027610659599304, 0.8644254207611084, 0.0, 1642.263427734375], [0.0, 0.0, 1.0, 0.0], [0.0, 0.0, 0.0, 1.0]], "pose_inverse": [[0.8644254207611084, -0.5027610659599304, 0.0, 300.3524169921875], [0.5027610659599304, 0.8644254207611084, 0.0, -1725.1435546875], [0.0, 0.0, 1.0, 0.0], [0.0, 0.0, 0.0, 1.0]], "cam_ids": [0, 1, 2, 3, 4, 5], "cam_channels": ["CAM_FRONT_LEFT", "CAM_FRONT", "CAM_FRONT_RIGHT", "CAM_BACK_LEFT", "CAM_BACK", "CAM_BACK_RIGHT"], "token": "0a69991175cc4f53b9b3470d69147d29", "scene": "scene-0478"}, {"images": ["samples/CAM_FRONT_LEFT/n008-2018-09-18-12-53-31-0400__CAM_FRONT_LEFT__1537290224754953.jpg", "samples/CAM_FRONT/n008-2018-09-18-12-53-31-0400__CAM_FRONT__1537290224762404.jpg", "samples/CAM_FRONT_RIGHT/n008-2018-09-18-12-53-31-0400__CAM_FRONT_RIGHT__1537290224770482.jpg", "samples/CAM_BACK_LEFT/n008-2018-09-18-12-53-31-0400__CAM_BACK_LEFT__1537290224797405.jpg", "samples/CAM_BACK/n008-2018-09-18-12-53-31-0400__CAM_BACK__1537290224787589.jpg", "samples/CAM_BACK_RIGHT/n008-2018-09-18-12-53-31-0400__CAM_BACK_RIGHT__1537290224778113.jpg"], "intrinsics": [[[1257.8625342125129, 0.0, 827.2410631095686], [0.0, 1257.8625342125129, 450.915498205774], [0.0, 0.0, 1.0]], [[1252.8131021185304, 0.0, 826.588114781398], [0.0, 1252.8131021185304, 469.9846626224581], [0.0, 0.0, 1.0]], [[1256.7485116440405, 0.0, 817.7887570959712], [0.0, 1256.7485116440403, 451.9541780095127], [0.0, 0.0, 1.0]], [[1254.9860565800168, 0.0, 829.5769333630991], [0.0, 1254.9860565800168, 467.1680561863987], [0.0, 0.0, 1.0]], [[796.8910634503094, 0.0, 857.7774326863696], [0.0, 796.8910634503094, 476.8848988407415], [0.0, 0.0, 1.0]], [[1249.9629280788233, 0.0, 825.3768045375984], [0.0, 1249.9629280788233, 462.54816385708756], [0.0, 0.0, 1.0]]], "extrinsics": [[[0.8221974968910217, -0.5683605074882507, -0.030944593250751495, -1.0050048828125], [-0.01805785857141018, 0.028291955590248108, -0.9994365572929382, 1.4882926940917969], [0.568915843963623, 0.8222931623458862, 0.012998201884329319, -1.333251953125], [0.0, 0.0, 0.0, 1.0]], [[0.00995494145900011, -0.9996543526649475, -0.024332672357559204, 0.00537109375], [-0.01610018126666546, 0.024170488119125366, -0.9995782375335693, 1.48016357421875], [0.9998207688331604, 0.01034251507371664, -0.01585400104522705, -1.734619140625], [0.0, 0.0, 0.0, 1.0]], [[-0.8441130518913269, -0.536163330078125, -0.0014817077899351716, 1.090576171875], [-0.008076388388872147, 0.015478246845304966, -0.9998475313186646, 1.493072509765625], [0.5361045002937317, -0.8439724445343018, -0.01739565283060074, -1.277587890625], [0.0, 0.0, 0.0, 1.0]], [[0.9475260972976685, 0.3189247250556946, -0.021938161924481392, -1.144012451171875], [-0.033436913043260574, 0.03062398172914982, -0.9989715814590454, 1.562042236328125], [-0.31792497634887695, 0.9472851753234863, 0.039680879563093185, -0.156005859375], [0.0, 0.0, 0.0, 1.0]], [[0.009470459073781967, 0.9996947050094604, 0.0228221844881773, -0.02880859375], [-0.0313139371573925, 0.023108510300517082, -0.9992424249649048, 1.5680618286132812], [-0.9994646906852722, 0.008748646825551987, 0.03152322769165039, 0.04425048828125], [0.0, 0.0, 0.0, 1.0]], [[-0.9235100746154785, 0.38274431228637695, 0.0252189040184021, 1.16070556640625], [-0.027127502486109734, 0.00041045754915103316, -0.9996318817138672, 1.5478129386901855], [-0.38261374831199646, -0.9238542318344116, 0.0100038331001997, -0.043701171875], [0.0, 0.0, 0.0, 1.0]]], "view": [[0.0, -2.0, 100.0], [-2.0, 0.0, 100.0], [0.0, 0.0, 1.0]], "bev": "bev_385d2fdc2d874055b65aaf43f1d739b4.png", "aux": "aux_385d2fdc2d874055b65aaf43f1d739b4.npz", "visibility": "visibility_385d2fdc2d874055b65aaf43f1d739b4.png", "pose": [[0.8644047379493713, 0.5027966499328613, 0.0, 607.7025756835938], [-0.5027966499328613, 0.8644047379493713, 0.0, 1642.2630615234375], [0.0, 0.0, 1.0, 0.0], [0.0, 0.0, 0.0, 1.0]], "pose_inverse": [[0.8644047379493713, -0.5027966499328613, 0.0, 300.42333984375], [0.5027966499328613, 0.8644047379493713, 0.0, -1725.1307373046875], [0.0, 0.0, 1.0, 0.0], [0.0, 0.0, 0.0, 1.0]], "cam_ids": [0, 1, 2, 3, 4, 5], "cam_channels": ["CAM_FRONT_LEFT", "CAM_FRONT", "CAM_FRONT_RIGHT", "CAM_BACK_LEFT", "CAM_BACK", "CAM_BACK_RIGHT"], "token": "385d2fdc2d874055b65aaf43f1d739b4", "scene": "scene-0478"}, {"images": ["samples/CAM_FRONT_LEFT/n008-2018-09-18-12-53-31-0400__CAM_FRONT_LEFT__1537290225254799.jpg", "samples/CAM_FRONT/n008-2018-09-18-12-53-31-0400__CAM_FRONT__1537290225262404.jpg", "samples/CAM_FRONT_RIGHT/n008-2018-09-18-12-53-31-0400__CAM_FRONT_RIGHT__1537290225270482.jpg", "samples/CAM_BACK_LEFT/n008-2018-09-18-12-53-31-0400__CAM_BACK_LEFT__1537290225297405.jpg", "samples/CAM_BACK/n008-2018-09-18-12-53-31-0400__CAM_BACK__1537290225287558.jpg", "samples/CAM_BACK_RIGHT/n008-2018-09-18-12-53-31-0400__CAM_BACK_RIGHT__1537290225278113.jpg"], "intrinsics": [[[1257.8625342125129, 0.0, 827.2410631095686], [0.0, 1257.8625342125129, 450.915498205774], [0.0, 0.0, 1.0]], [[1252.8131021185304, 0.0, 826.588114781398], [0.0, 1252.8131021185304, 469.9846626224581], [0.0, 0.0, 1.0]], [[1256.7485116440405, 0.0, 817.7887570959712], [0.0, 1256.7485116440403, 451.9541780095127], [0.0, 0.0, 1.0]], [[1254.9860565800168, 0.0, 829.5769333630991], [0.0, 1254.9860565800168, 467.1680561863987], [0.0, 0.0, 1.0]], [[796.8910634503094, 0.0, 857.7774326863696], [0.0, 796.8910634503094, 476.8848988407415], [0.0, 0.0, 1.0]], [[1249.9629280788233, 0.0, 825.3768045375984], [0.0, 1249.9629280788233, 462.54816385708756], [0.0, 0.0, 1.0]]], "extrinsics": [[[0.8222041130065918, -0.5683581233024597, -0.030812345445156097, -1.0048828125], [-0.01798969879746437, 0.02815818227827549, -0.9994416236877441, 1.4882926940917969], [0.5689083337783813, 0.8222993612289429, 0.012927182950079441, -1.333251953125], [0.0, 0.0, 0.0, 1.0]], [[0.009966995567083359, -0.9996572136878967, -0.02420787699520588, 0.00537109375], [-0.016037503257393837, 0.0240461602807045, -0.9995821714401245, 1.4801673889160156], [0.9998217225074768, 0.010351055301725864, -0.01579233817756176, -1.73468017578125], [0.0, 0.0, 0.0, 1.0]], [[-0.8441071510314941, -0.5361725687980652, -0.0014600456925109029, 1.09063720703125], [-0.008025700226426125, 0.015357701107859612, -0.9998498558998108, 1.4930706024169922], [0.5361144542694092, -0.8439687490463257, -0.017266707494854927, -1.2777099609375], [0.0, 0.0, 0.0, 1.0]], [[0.9475260376930237, 0.31892406940460205, -0.021952591836452484, -1.1439208984375], [-0.03341352194547653, 0.030509058386087418, -0.9989758133888245, 1.562042236328125], [-0.31792765855789185, 0.9472890496253967, 0.039564501494169235, -0.15625], [0.0, 0.0, 0.0, 1.0]], [[0.009464820846915245, 0.9996974468231201, 0.022701585665345192, -0.02880859375], [-0.031280890107154846, 0.022987494245171547, -0.9992462396621704, 1.5680618286132812], [-0.999465823173523, 0.008747531101107597, 0.03148900344967842, 0.044281005859375], [0.0, 0.0, 0.0, 1.0]], [[-0.9235141277313232, 0.382739782333374, 0.025134393945336342, 1.16070556640625], [-0.02708733268082142, 0.00028644053963944316, -0.9996330142021179, 1.547813892364502], [-0.38260647654533386, -0.9238561391830444, 0.01010286808013916, -0.043701171875], [0.0, 0.0, 0.0, 1.0]]], "view": [[0.0, -2.0, 100.0], [-2.0, 0.0, 100.0], [0.0, 0.0, 1.0]], "bev": "bev_3704093a76d14effb0f0c821186cdb3a.png", "aux": "aux_3704093a76d14effb0f0c821186cdb3a.npz", "visibility": "visibility_3704093a76d14effb0f0c821186cdb3a.png", "pose": [[0.8643693327903748, 0.5028574466705322, 0.0, 607.702392578125], [-0.5028574466705322, 0.8643693327903748, 0.0, 1642.2628173828125], [0.0, 0.0, 1.0, 0.0], [0.0, 0.0, 0.0, 1.0]], "pose_inverse": [[0.8643693327903748, -0.5028574466705322, 0.0, 300.5448303222656], [0.5028574466705322, 0.8643693327903748, 0.0, -1725.109375], [0.0, 0.0, 1.0, 0.0], [0.0, 0.0, 0.0, 1.0]], "cam_ids": [0, 1, 2, 3, 4, 5], "cam_channels": ["CAM_FRONT_LEFT", "CAM_FRONT", "CAM_FRONT_RIGHT", "CAM_BACK_LEFT", "CAM_BACK", "CAM_BACK_RIGHT"], "token": "3704093a76d14effb0f0c821186cdb3a", "scene": "scene-0478"}, {"images": ["samples/CAM_FRONT_LEFT/n008-2018-09-18-12-53-31-0400__CAM_FRONT_LEFT__1537290225654799.jpg", "samples/CAM_FRONT/n008-2018-09-18-12-53-31-0400__CAM_FRONT__1537290225662404.jpg", "samples/CAM_FRONT_RIGHT/n008-2018-09-18-12-53-31-0400__CAM_FRONT_RIGHT__1537290225670482.jpg", "samples/CAM_BACK_LEFT/n008-2018-09-18-12-53-31-0400__CAM_BACK_LEFT__1537290225697405.jpg", "samples/CAM_BACK/n008-2018-09-18-12-53-31-0400__CAM_BACK__1537290225687558.jpg", "samples/CAM_BACK_RIGHT/n008-2018-09-18-12-53-31-0400__CAM_BACK_RIGHT__1537290225678113.jpg"], "intrinsics": [[[1257.8625342125129, 0.0, 827.2410631095686], [0.0, 1257.8625342125129, 450.915498205774], [0.0, 0.0, 1.0]], [[1252.8131021185304, 0.0, 826.588114781398], [0.0, 1252.8131021185304, 469.9846626224581], [0.0, 0.0, 1.0]], [[1256.7485116440405, 0.0, 817.7887570959712], [0.0, 1256.7485116440403, 451.9541780095127], [0.0, 0.0, 1.0]], [[1254.9860565800168, 0.0, 829.5769333630991], [0.0, 1254.9860565800168, 467.1680561863987], [0.0, 0.0, 1.0]], [[796.8910634503094, 0.0, 857.7774326863696], [0.0, 796.8910634503094, 476.8848988407415], [0.0, 0.0, 1.0]], [[1249.9629280788233, 0.0, 825.3768045375984], [0.0, 1249.9629280788233, 462.54816385708756], [0.0, 0.0, 1.0]]], "extrinsics": [[[0.8222309947013855, -0.5683159232139587, -0.03087417408823967, -1.005126953125], [-0.018001915886998177, 0.028250329196453094, -0.9994387626647949, 1.4882926940917969], [0.5688691735267639, 0.8223252892494202, 0.0129975201562047, -1.33349609375], [0.0, 0.0, 0.0, 1.0]], [[0.010009479708969593, -0.9996545910835266, -0.02429996058344841, 0.00537109375], [-0.016041122376918793, 0.024137526750564575, -0.9995799660682678, 1.4801597595214844], [0.9998212456703186, 0.01039507333189249, -0.015793979167938232, -1.734771728515625], [0.0, 0.0, 0.0, 1.0]], [[-0.8440883159637451, -0.5362019538879395, -0.0015117963775992393, 1.0906982421875], [-0.008022738620638847, 0.015448411926627159, -0.9998484253883362, 1.4930744171142578], [0.5361440181732178, -0.8439483046531677, -0.01734163612127304, -1.2774658203125], [0.0, 0.0, 0.0, 1.0]], [[0.9475236535072327, 0.318933367729187, -0.021916156634688377, -1.1439208984375], [-0.0334048718214035, 0.030596520751714706, -0.9989734292030334, 1.562042236328125], [-0.31793543696403503, 0.9472830891609192, 0.03964485973119736, -0.15625], [0.0, 0.0, 0.0, 1.0]], [[0.009451361373066902, 0.9996951818466187, 0.022804731503129005, -0.0289306640625], [-0.03128539025783539, 0.023090209811925888, -0.9992436766624451, 1.5680618286132812], [-0.9994657635688782, 0.00873072911053896, 0.03149409219622612, 0.044281005859375], [0.0, 0.0, 0.0, 1.0]], [[-0.9235238432884216, 0.3827141225337982, 0.025170033797621727, 1.16070556640625], [-0.02708647958934307, 0.00038092557224445045, -0.9996330142021179, 1.5478129386901855], [-0.38258326053619385, -0.9238666892051697, 0.010014583356678486, -0.043701171875], [0.0, 0.0, 0.0, 1.0]]], "view": [[0.0, -2.0, 100.0], [-2.0, 0.0, 100.0], [0.0, 0.0, 1.0]], "bev": "bev_719661e369ee4fdfa2c93bf0c47fd674.png", "aux": "aux_719661e369ee4fdfa2c93bf0c47fd674.npz", "visibility": "visibility_719661e369ee4fdfa2c93bf0c47fd674.png", "pose": [[0.8643825054168701, 0.5028347969055176, 0.0, 607.7022705078125], [-0.5028347969055176, 0.8643825054168701, 0.0, 1642.2626953125], [0.0, 0.0, 1.0, 0.0], [0.0, 0.0, 0.0, 1.0]], "pose_inverse": [[0.8643825054168701, -0.5028347969055176, 0.0, 300.4996337890625], [0.5028347969055176, 0.8643825054168701, 0.0, -1725.1170654296875], [0.0, 0.0, 1.0, 0.0], [0.0, 0.0, 0.0, 1.0]], "cam_ids": [0, 1, 2, 3, 4, 5], "cam_channels": ["CAM_FRONT_LEFT", "CAM_FRONT", "CAM_FRONT_RIGHT", "CAM_BACK_LEFT", "CAM_BACK", "CAM_BACK_RIGHT"], "token": "719661e369ee4fdfa2c93bf0c47fd674", "scene": "scene-0478"}, {"images": ["samples/CAM_FRONT_LEFT/n008-2018-09-18-12-53-31-0400__CAM_FRONT_LEFT__1537290226154799.jpg", "samples/CAM_FRONT/n008-2018-09-18-12-53-31-0400__CAM_FRONT__1537290226162404.jpg", "samples/CAM_FRONT_RIGHT/n008-2018-09-18-12-53-31-0400__CAM_FRONT_RIGHT__1537290226170482.jpg", "samples/CAM_BACK_LEFT/n008-2018-09-18-12-53-31-0400__CAM_BACK_LEFT__1537290226197405.jpg", "samples/CAM_BACK/n008-2018-09-18-12-53-31-0400__CAM_BACK__1537290226187558.jpg", "samples/CAM_BACK_RIGHT/n008-2018-09-18-12-53-31-0400__CAM_BACK_RIGHT__1537290226178113.jpg"], "intrinsics": [[[1257.8625342125129, 0.0, 827.2410631095686], [0.0, 1257.8625342125129, 450.915498205774], [0.0, 0.0, 1.0]], [[1252.8131021185304, 0.0, 826.588114781398], [0.0, 1252.8131021185304, 469.9846626224581], [0.0, 0.0, 1.0]], [[1256.7485116440405, 0.0, 817.7887570959712], [0.0, 1256.7485116440403, 451.9541780095127], [0.0, 0.0, 1.0]], [[1254.9860565800168, 0.0, 829.5769333630991], [0.0, 1254.9860565800168, 467.1680561863987], [0.0, 0.0, 1.0]], [[796.8910634503094, 0.0, 857.7774326863696], [0.0, 796.8910634503094, 476.8848988407415], [0.0, 0.0, 1.0]], [[1249.9629280788233, 0.0, 825.3768045375984], [0.0, 1249.9629280788233, 462.54816385708756], [0.0, 0.0, 1.0]]], "extrinsics": [[[0.8222020864486694, -0.5683602094650269, -0.030830485746264458, -1.0050048828125], [-0.01795014925301075, 0.02824716456234455, -0.9994397759437561, 1.4882926940917969], [0.56891268491745, 0.8222948312759399, 0.013022725470364094, -1.3333740234375], [0.0, 0.0, 0.0, 1.0]], [[0.009963441640138626, -0.9996553659439087, -0.024287641048431396, 0.00537109375], [-0.015998315066099167, 0.024126378819346428, -0.9995809197425842, 1.48016357421875], [0.9998223781585693, 0.010347891598939896, -0.01575241982936859, -1.734649658203125], [0.0, 0.0, 0.0, 1.0]], [[-0.8441089391708374, -0.5361694693565369, -0.0015421996358782053, 1.0906982421875], [-0.007974096573889256, 0.015429776161909103, -0.9998491406440735, 1.4930744171142578], [0.5361124277114868, -0.8439693450927734, -0.01729988120496273, -1.277587890625], [0.0, 0.0, 0.0, 1.0]], [[0.9475289583206177, 0.3189219832420349, -0.02185516431927681, -1.143890380859375], [-0.033335305750370026, 0.030582329258322716, -0.9989762306213379, 1.5620384216308594], [-0.31792712211608887, 0.947287380695343, 0.03960901126265526, -0.1561279296875], [0.0, 0.0, 0.0, 1.0]], [[0.00946627277880907, 0.9996956586837769, 0.022780360653996468, -0.0289306640625], [-0.03121519461274147, 0.023065706714987755, -0.9992464780807495, 1.5680618286132812], [-0.9994678497314453, 0.00874805636703968, 0.03142404556274414, 0.04425048828125], [0.0, 0.0, 0.0, 1.0]], [[-0.9235146045684814, 0.38274085521698, 0.02510032057762146, 1.16070556640625], [-0.02702089585363865, 0.00035783927887678146, -0.9996348023414612, 1.5478129386901855], [-0.3826100528240204, -0.9238556623458862, 0.010011530481278896, -0.0435791015625], [0.0, 0.0, 0.0, 1.0]]], "view": [[0.0, -2.0, 100.0], [-2.0, 0.0, 100.0], [0.0, 0.0, 1.0]], "bev": "bev_ae292ddb3ac1428690ee24c739f379e4.png", "aux": "aux_ae292ddb3ac1428690ee24c739f379e4.npz", "visibility": "visibility_ae292ddb3ac1428690ee24c739f379e4.png", "pose": [[0.8643718361854553, 0.5028531551361084, 0.0, 607.7021484375], [-0.5028531551361084, 0.8643718361854553, 0.0, 1642.262451171875], [0.0, 0.0, 1.0, 0.0], [0.0, 0.0, 0.0, 1.0]], "pose_inverse": [[0.8643718361854553, -0.5028531551361084, 0.0, 300.5362243652344], [0.5028531551361084, 0.8643718361854553, 0.0, -1725.1103515625], [0.0, 0.0, 1.0, 0.0], [0.0, 0.0, 0.0, 1.0]], "cam_ids": [0, 1, 2, 3, 4, 5], "cam_channels": ["CAM_FRONT_LEFT", "CAM_FRONT", "CAM_FRONT_RIGHT", "CAM_BACK_LEFT", "CAM_BACK", "CAM_BACK_RIGHT"], "token": "ae292ddb3ac1428690ee24c739f379e4", "scene": "scene-0478"}, {"images": ["samples/CAM_FRONT_LEFT/n008-2018-09-18-12-53-31-0400__CAM_FRONT_LEFT__1537290226654799.jpg", "samples/CAM_FRONT/n008-2018-09-18-12-53-31-0400__CAM_FRONT__1537290226662404.jpg", "samples/CAM_FRONT_RIGHT/n008-2018-09-18-12-53-31-0400__CAM_FRONT_RIGHT__1537290226670482.jpg", "samples/CAM_BACK_LEFT/n008-2018-09-18-12-53-31-0400__CAM_BACK_LEFT__1537290226697405.jpg", "samples/CAM_BACK/n008-2018-09-18-12-53-31-0400__CAM_BACK__1537290226687558.jpg", "samples/CAM_BACK_RIGHT/n008-2018-09-18-12-53-31-0400__CAM_BACK_RIGHT__1537290226678113.jpg"], "intrinsics": [[[1257.8625342125129, 0.0, 827.2410631095686], [0.0, 1257.8625342125129, 450.915498205774], [0.0, 0.0, 1.0]], [[1252.8131021185304, 0.0, 826.588114781398], [0.0, 1252.8131021185304, 469.9846626224581], [0.0, 0.0, 1.0]], [[1256.7485116440405, 0.0, 817.7887570959712], [0.0, 1256.7485116440403, 451.9541780095127], [0.0, 0.0, 1.0]], [[1254.9860565800168, 0.0, 829.5769333630991], [0.0, 1254.9860565800168, 467.1680561863987], [0.0, 0.0, 1.0]], [[796.8910634503094, 0.0, 857.7774326863696], [0.0, 796.8910634503094, 476.8848988407415], [0.0, 0.0, 1.0]], [[1249.9629280788233, 0.0, 825.3768045375984], [0.0, 1249.9629280788233, 462.54816385708756], [0.0, 0.0, 1.0]]], "extrinsics": [[[0.8222220540046692, -0.5683321952819824, -0.030813459306955338, -1.0050048828125], [-0.018017597496509552, 0.028120534494519234, -0.9994421601295471, 1.4882965087890625], [0.5688816905021667, 0.8223184943199158, 0.012881339527666569, -1.3333740234375], [0.0, 0.0, 0.0, 1.0]], [[0.009995021857321262, -0.9996578097343445, -0.02417251095175743, 0.00537109375], [-0.0160592719912529, 0.024010127410292625, -0.9995827674865723, 1.4801673889160156], [0.9998209476470947, 0.010379083454608917, -0.0158137958496809, -1.73468017578125], [0.0, 0.0, 0.0, 1.0]], [[-0.8440948724746704, -0.5361919403076172, -0.0014343822840601206, 1.09063720703125], [-0.008035609498620033, 0.015324699692428112, -0.9998502731323242, 1.493072509765625], [0.5361337065696716, -0.8439569473266602, -0.0172441303730011, -1.277587890625], [0.0, 0.0, 0.0, 1.0]], [[0.9475232362747192, 0.3189302682876587, -0.02198108658194542, -1.143890380859375], [-0.03343510255217552, 0.03048304095864296, -0.9989758729934692, 1.562042236328125], [-0.317933589220047, 0.9472877979278564, 0.03954685851931572, -0.1561279296875], [0.0, 0.0, 0.0, 1.0]], [[0.00945557001978159, 0.9996981620788574, 0.022675152868032455, -0.02880859375], [-0.031305987387895584, 0.022961001843214035, -0.9992460012435913, 1.5680618286132812], [-0.9994651079177856, 0.008738571777939796, 0.0315136462450