[{"images": ["samples/CAM_FRONT_LEFT/n015-2018-11-14-19-09-14+0800__CAM_FRONT_LEFT__1542194362104844.jpg", "samples/CAM_FRONT/n015-2018-11-14-19-09-14+0800__CAM_FRONT__1542194362112460.jpg", "samples/CAM_FRONT_RIGHT/n015-2018-11-14-19-09-14+0800__CAM_FRONT_RIGHT__1542194362120339.jpg", "samples/CAM_BACK_LEFT/n015-2018-11-14-19-09-14+0800__CAM_BACK_LEFT__1542194362147423.jpg", "samples/CAM_BACK/n015-2018-11-14-19-09-14+0800__CAM_BACK__1542194362137525.jpg", "samples/CAM_BACK_RIGHT/n015-2018-11-14-19-09-14+0800__CAM_BACK_RIGHT__1542194362127893.jpg"], "intrinsics": [[[1272.5979470598488, 0.0, 826.6154927353808], [0.0, 1272.5979470598488, 479.75165386361925], [0.0, 0.0, 1.0]], [[1266.417203046554, 0.0, 816.2670197447984], [0.0, 1266.417203046554, 491.50706579294757], [0.0, 0.0, 1.0]], [[1260.8474446004698, 0.0, 807.968244525554], [0.0, 1260.8474446004698, 495.3344268742088], [0.0, 0.0, 1.0]], [[1256.7414812095406, 0.0, 792.1125740759628], [0.0, 1256.7414812095406, 492.7757465151356], [0.0, 0.0, 1.0]], [[809.2209905677063, 0.0, 829.2196003259838], [0.0, 809.2209905677063, 481.77842384512485], [0.0, 0.0, 1.0]], [[1259.5137405846733, 0.0, 807.2529053838625], [0.0, 1259.5137405846733, 501.19579884916527], [0.0, 0.0, 1.0]]], "extrinsics": [[[0.8159860372543335, -0.5778791904449463, -0.014918390661478043, -0.739013671875], [-0.024481555446982384, -0.008761800825595856, -0.9996618628501892, 1.5019264221191406], [0.5775530934333801, 0.816075325012207, -0.02129688672721386, -1.14154052734375], [0.0, 0.0, 0.0, 1.0]], [[-0.00045605312334373593, -0.9999176859855652, 0.012820348143577576, 0.021728515625], [-0.029771976172924042, -0.012801091186702251, -0.9994747638702393, 1.514312744140625], [0.9995566606521606, -0.0008375018951483071, -0.029763685539364815, -1.476318359375], [0.0, 0.0, 0.0, 1.0]], [[-0.835391104221344, -0.5493713021278381, 0.01768438331782818, 0.9012451171875], [-0.024031437933444977, 0.004362341482192278, -0.9997016787528992, 1.4995651245117188], [0.5491301417350769, -0.8355669975280762, -0.016846440732479095, -1.14501953125], [0.0, 0.0, 0.0, 1.0]], [[0.9473005533218384, 0.3195365369319916, -0.02275746501982212, -1.149169921875], [-0.01529444009065628, -0.025846082717180252, -0.9995489120483398, 1.5889339447021484], [-0.31998056173324585, 0.9472213387489319, -0.019596880301833153, -0.1148681640625], [0.0, 0.0, 0.0, 1.0]], [[0.0038314638659358025, 0.9998635053634644, -0.016074618324637413, -0.0101318359375], [-0.04078136757016182, -0.01590513065457344, -0.9990414977073669, 1.5772171020507812], [-0.9991607666015625, 0.004483327269554138, 0.04071485623717308, -0.05615234375], [0.0, 0.0, 0.0, 1.0]], [[-0.9336281418800354, 0.3581678569316864, 0.007361837662756443, 1.02099609375], [-0.00815543718636036, -0.0007051288848742843, -0.999966561794281, 1.5505084991455078], [-0.3581507205963135, -0.9336569905281067, 0.0035793399438261986, -0.08970451354980469], [0.0, 0.0, 0.0, 1.0]]], "view": [[0.0, -2.0, 100.0], [-2.0, 0.0, 100.0], [0.0, 0.0, 1.0]], "bev": "bev_9aba75dcefd341a08af46528dbb61267.png", "aux": "aux_9aba75dcefd341a08af46528dbb61267.npz", "visibility": "visibility_9aba75dcefd341a08af46528dbb61267.png", "pose": [[-0.12273435294628143, -0.9924395680427551, 0.0, 743.5563354492188], [0.9924395680427551, -0.12273435294628143, 0.0, 3081.338623046875], [0.0, 0.0, 1.0, 0.0], [0.0, 0.0, 0.0, 1.0]], "pose_inverse": [[-0.12273435294628143, 0.9924395680427551, 0.0, -2966.782470703125], [-0.9924395680427551, -0.12273435294628143, 0.0, 1116.120849609375], [0.0, 0.0, 1.0, 0.0], [0.0, 0.0, 0.0, 1.0]], "cam_ids": [0, 1, 2, 3, 4, 5], "cam_channels": ["CAM_FRONT_LEFT", "CAM_FRONT", "CAM_FRONT_RIGHT", "CAM_BACK_LEFT", "CAM_BACK", "CAM_BACK_RIGHT"], "token": "9aba75dcefd341a08af46528dbb61267", "scene": "scene-1025"}, {"images": ["samples/CAM_FRONT_LEFT/n015-2018-11-14-19-09-14+0800__CAM_FRONT_LEFT__1542194362604844.jpg", "samples/CAM_FRONT/n015-2018-11-14-19-09-14+0800__CAM_FRONT__1542194362612460.jpg", "samples/CAM_FRONT_RIGHT/n015-2018-11-14-19-09-14+0800__CAM_FRONT_RIGHT__1542194362620339.jpg", "samples/CAM_BACK_LEFT/n015-2018-11-14-19-09-14+0800__CAM_BACK_LEFT__1542194362647423.jpg", "samples/CAM_BACK/n015-2018-11-14-19-09-14+0800__CAM_BACK__1542194362637559.jpg", "samples/CAM_BACK_RIGHT/n015-2018-11-14-19-09-14+0800__CAM_BACK_RIGHT__1542194362627908.jpg"], "intrinsics": [[[1272.5979470598488, 0.0, 826.6154927353808], [0.0, 1272.5979470598488, 479.75165386361925], [0.0, 0.0, 1.0]], [[1266.417203046554, 0.0, 816.2670197447984], [0.0, 1266.417203046554, 491.50706579294757], [0.0, 0.0, 1.0]], [[1260.8474446004698, 0.0, 807.968244525554], [0.0, 1260.8474446004698, 495.3344268742088], [0.0, 0.0, 1.0]], [[1256.7414812095406, 0.0, 792.1125740759628], [0.0, 1256.7414812095406, 492.7757465151356], [0.0, 0.0, 1.0]], [[809.2209905677063, 0.0, 829.2196003259838], [0.0, 809.2209905677063, 481.77842384512485], [0.0, 0.0, 1.0]], [[1259.5137405846733, 0.0, 807.2529053838625], [0.0, 1259.5137405846733, 501.19579884916527], [0.0, 0.0, 1.0]]], "extrinsics": [[[0.8161177635192871, -0.5778770446777344, -0.0031427834182977676, -0.740966796875], [-0.007704498246312141, -0.005442566704005003, -0.9999554753303528, 1.5062894821166992], [0.5778342485427856, 0.8161056637763977, -0.008894027210772038, -1.13922119140625], [0.0, 0.0, 0.0, 1.0]], [[-0.0006811494822613895, -0.9999546408653259, 0.009496444836258888, 0.0186767578125], [-0.01266573928296566, -0.009487058036029339, -0.9998747706413269, 1.5179290771484375], [0.9999194741249084, -0.0008013522019609809, -0.01265870314091444, -1.4765625], [0.0, 0.0, 0.0, 1.0]], [[-0.8355914354324341, -0.5493497848510742, 0.0012823740253224969, 0.89990234375], [-0.006578532513231039, 0.007672082632780075, -0.9999488592147827, 1.5024547576904297], [0.5493119359016418, -0.835557222366333, -0.010024641640484333, -1.147216796875], [0.0, 0.0, 0.0, 1.0]], [[0.9475840926170349, 0.319480299949646, -0.0040790848433971405, -1.14990234375], [0.0033688796684145927, -0.022756654769182205, -0.9997353553771973, 1.5887641906738281], [-0.3194885551929474, 0.9473195672035217, -0.022640135139226913, -0.111572265625], [0.0, 0.0, 0.0, 1.0]], [[0.004152583424001932, 0.9999094605445862, -0.012806547805666924, -0.0074462890625], [-0.022567257285118103, -0.012709691189229488, -0.9996645450592041, 1.5781898498535156], [-0.9997367262840271, 0.004440199118107557, 0.02251243218779564, -0.0556640625], [0.0, 0.0, 0.0, 1.0]], [[-0.9335999488830566, 0.35822609066963196, -0.008071251213550568, 1.02197265625], [0.009632648900151253, 0.002574326004832983, -0.9999502897262573, 1.5525398254394531], [-0.35818755626678467, -0.9336312413215637, -0.00585405807942152, -0.09259033203125], [0.0, 0.0, 0.0, 1.0]]], "view": [[0.0, -2.0, 100.0], [-2.0, 0.0, 100.0], [0.0, 0.0, 1.0]], "bev": "bev_6fef4e29b47748eb912c61e68397a446.png", "aux": "aux_6fef4e29b47748eb912c61e68397a446.npz", "visibility": "visibility_6fef4e29b47748eb912c61e68397a446.png", "pose": [[-0.22679105401039124, -0.9739434123039246, 0.0, 743.0123901367188], [0.9739434123039246, -0.22679105401039124, 0.0, 3084.465576171875], [0.0, 0.0, 1.0, 0.0], [0.0, 0.0, 0.0, 1.0]], "pose_inverse": [[-0.22679105401039124, 0.9739434123039246, 0.0, -2835.58642578125], [-0.9739434123039246, -0.22679105401039124, 0.0, 1423.1812744140625], [0.0, 0.0, 1.0, 0.0], [0.0, 0.0, 0.0, 1.0]], "cam_ids": [0, 1, 2, 3, 4, 5], "cam_channels": ["CAM_FRONT_LEFT", "CAM_FRONT", "CAM_FRONT_RIGHT", "CAM_BACK_LEFT", "CAM_BACK", "CAM_BACK_RIGHT"], "token": "6fef4e29b47748eb912c61e68397a446", "scene": "scene-1025"}, {"images": ["samples/CAM_FRONT_LEFT/n015-2018-11-14-19-09-14+0800__CAM_FRONT_LEFT__1542194363154844.jpg", "samples/CAM_FRONT/n015-2018-11-14-19-09-14+0800__CAM_FRONT__1542194363162473.jpg", "samples/CAM_FRONT_RIGHT/n015-2018-11-14-19-09-14+0800__CAM_FRONT_RIGHT__1542194363170339.jpg", "samples/CAM_BACK_LEFT/n015-2018-11-14-19-09-14+0800__CAM_BACK_LEFT__1542194363197473.jpg", "samples/CAM_BACK/n015-2018-11-14-19-09-14+0800__CAM_BACK__1542194363187525.jpg", "samples/CAM_BACK_RIGHT/n015-2018-11-14-19-09-14+0800__CAM_BACK_RIGHT__1542194363177893.jpg"], "intrinsics": [[[1272.5979470598488, 0.0, 826.6154927353808], [0.0, 1272.5979470598488, 479.75165386361925], [0.0, 0.0, 1.0]], [[1266.417203046554, 0.0, 816.2670197447984], [0.0, 1266.417203046554, 491.50706579294757], [0.0, 0.0, 1.0]], [[1260.8474446004698, 0.0, 807.968244525554], [0.0, 1260.8474446004698, 495.3344268742088], [0.0, 0.0, 1.0]], [[1256.7414812095406, 0.0, 792.1125740759628], [0.0, 1256.7414812095406, 492.7757465151356], [0.0, 0.0, 1.0]], [[809.2209905677063, 0.0, 829.2196003259838], [0.0, 809.2209905677063, 481.77842384512485], [0.0, 0.0, 1.0]], [[1259.5137405846733, 0.0, 807.2529053838625], [0.0, 1259.5137405846733, 501.19579884916527], [0.0, 0.0, 1.0]]], "extrinsics": [[[0.816114604473114, -0.577889621257782, 0.0006149787805043161, -0.734375], [-0.003935153596103191, -0.006621501408517361, -0.9999703168869019, 1.5071754455566406], [0.5778765678405762, 0.8160880208015442, -0.007677988614886999, -1.121826171875], [0.0, 0.0, 0.0, 1.0]], [[-0.0010279868729412556, -0.9999427795410156, 0.01063560787588358, 0.008056640625], [-0.009553393349051476, -0.010625309310853481, -0.9998979568481445, 1.5183634757995605], [0.9999538660049438, -0.0011294797295704484, -0.009541925974190235, -1.46142578125], [0.0, 0.0, 0.0, 1.0]], [[-0.8359233140945435, -0.5488462448120117, -0.00013644920545630157, 0.8824462890625], [-0.004141106270253658, 0.006555740721523762, -0.9999698996543884, 1.5028800964355469], [0.548830509185791, -0.83589768409729, -0.007752927020192146, -1.1474609375], [0.0, 0.0, 0.0, 1.0]], [[0.9478216171264648, 0.31876540184020996, -0.004765461198985577, -1.1357421875], [0.003109100740402937, -0.024189934134483337, -0.999702513217926, 1.5885772705078125], [-0.3187858760356903, 0.947524905204773, -0.023918820545077324, -0.10595703125], [0.0, 0.0, 0.0, 1.0]], [[0.0045740981586277485, 0.9998921751976013, -0.013949804939329624, 0.002685546875], [-0.021758008748292923, -0.013847132213413715, -0.9996674060821533, 1.57781982421875], [-0.9997528195381165, 0.004876123275607824, 0.021692326292395592, -0.06884765625], [0.0, 0.0, 0.0, 1.0]], [[-0.9333546757698059, 0.3588132858276367, -0.0100988345220685, 1.01123046875], [0.011379137635231018, 0.001456472440622747, -0.999934196472168, 1.5529594421386719], [-0.35877493023872375, -0.9334082007408142, -0.0054423934780061245, -0.11029052734375], [0.0, 0.0, 0.0, 1.0]]], "view": [[0.0, -2.0, 100.0], [-2.0, 0.0, 100.0], [0.0, 0.0, 1.0]], "bev": "bev_0ce72bd8136a46cbb817b8ae51fe6647.png", "aux": "aux_0ce72bd8136a46cbb817b8ae51fe6647.npz", "visibility": "visibility_0ce72bd8136a46cbb817b8ae51fe6647.png", "pose": [[-0.3330937623977661, -0.9428936839103699, 0.0, 742.0311889648438], [0.9428936839103699, -0.3330937623977661, 0.0, 3087.868896484375], [0.0, 0.0, 1.0, 0.0], [0.0, 0.0, 0.0, 1.0]], "pose_inverse": [[-0.3330937623977661, 0.9428936839103699, 0.0, -2664.3662109375], [-0.9428936839103699, -0.3330937623977661, 0.0, 1728.2064208984375], [0.0, 0.0, 1.0, 0.0], [0.0, 0.0, 0.0, 1.0]], "cam_ids": [0, 1, 2, 3, 4, 5], "cam_channels": ["CAM_FRONT_LEFT", "CAM_FRONT", "CAM_FRONT_RIGHT", "CAM_BACK_LEFT", "CAM_BACK", "CAM_BACK_RIGHT"], "token": "0ce72bd8136a46cbb817b8ae51fe6647", "scene": "scene-1025"}, {"images": ["samples/CAM_FRONT_LEFT/n015-2018-11-14-19-09-14+0800__CAM_FRONT_LEFT__1542194363654844.jpg", "samples/CAM_FRONT/n015-2018-11-14-19-09-14+0800__CAM_FRONT__1542194363662460.jpg", "samples/CAM_FRONT_RIGHT/n015-2018-11-14-19-09-14+0800__CAM_FRONT_RIGHT__1542194363670339.jpg", "samples/CAM_BACK_LEFT/n015-2018-11-14-19-09-14+0800__CAM_BACK_LEFT__1542194363697423.jpg", "samples/CAM_BACK/n015-2018-11-14-19-09-14+0800__CAM_BACK__1542194363687525.jpg", "samples/CAM_BACK_RIGHT/n015-2018-11-14-19-09-14+0800__CAM_BACK_RIGHT__1542194363677893.jpg"], "intrinsics": [[[1272.5979470598488, 0.0, 826.6154927353808], [0.0, 1272.5979470598488, 479.75165386361925], [0.0, 0.0, 1.0]], [[1266.417203046554, 0.0, 816.2670197447984], [0.0, 1266.417203046554, 491.50706579294757], [0.0, 0.0, 1.0]], [[1260.8474446004698, 0.0, 807.968244525554], [0.0, 1260.8474446004698, 495.3344268742088], [0.0, 0.0, 1.0]], [[1256.7414812095406, 0.0, 792.1125740759628], [0.0, 1256.7414812095406, 492.7757465151356], [0.0, 0.0, 1.0]], [[809.2209905677063, 0.0, 829.2196003259838], [0.0, 809.2209905677063, 481.77842384512485], [0.0, 0.0, 1.0]], [[1259.5137405846733, 0.0, 807.2529053838625], [0.0, 1259.5137405846733, 501.19579884916527], [0.0, 0.0, 1.0]]], "extrinsics": [[[0.8183057308197021, -0.5747804641723633, 0.001739109749905765, -0.721435546875], [-0.008099274709820747, -0.014556081034243107, -0.9998612403869629, 1.5058741569519043], [0.5747259855270386, 0.8181782364845276, -0.016566630452871323, -1.1114959716796875], [0.0, 0.0, 0.0, 1.0]], [[0.002200803952291608, -0.9998210668563843, 0.018787864595651627, 0.007080078125], [-0.013094453141093254, -0.018815113231539726, -0.9997372627258301, 1.5173524618148804], [0.9999118447303772, 0.001954237464815378, -0.01313351932913065, -1.447265625], [0.0, 0.0, 0.0, 1.0]], [[-0.8344908952713013, -0.5509779453277588, 0.006943077314645052, 0.8731689453125], [-0.007121716625988483, -0.0018147403607144952, -0.999972939491272, 1.5022850036621094], [0.5509757399559021, -0.834517776966095, -0.0024095249827951193, -1.142333984375], [0.0, 0.0, 0.0, 1.0]], [[0.9478009939193726, 0.31875988841056824, -0.00809005182236433, -1.132568359375], [0.0024498174898326397, -0.032650452107191086, -0.9994637966156006, 1.5885848999023438], [-0.3188530206680298, 0.9472730159759521, -0.031727034598588943, -0.10693359375], [0.0, 0.0, 0.0, 1.0]], [[0.003484751796349883, 0.9997392892837524, -0.02256789803504944, 0.0025634765625], [-0.023306338116526604, -0.022480711340904236, -0.9994755983352661, 1.5775985717773438], [-0.9997223019599915, 0.004008863121271133, 0.023221921175718307, -0.07421875], [0.0, 0.0, 0.0, 1.0]], [[-0.9341022968292236, 0.3568386733531952, -0.010915454477071762, 1.004638671875], [0.008994895033538342, -0.0070412540808320045, -0.999934732913971, 1.5527153015136719], [-0.3568921983242035, -0.9341394901275635, 0.003367523429915309, -0.11260986328125], [0.0, 0.0, 0.0, 1.0]]], "view": [[0.0, -2.0, 100.0], [-2.0, 0.0, 100.0], [0.0, 0.0, 1.0]], "bev": "bev_c1515c56d9324d9092d26043404c3c0d.png", "aux": "aux_c1515c56d9324d9092d26043404c3c0d.npz", "visibility": "visibility_c1515c56d9324d9092d26043404c3c0d.png", "pose": [[-0.3976050913333893, -0.917556643486023, 0.0, 740.8330688476562], [0.917556643486023, -0.3976050913333893, 0.0, 3090.9404296875], [0.0, 0.0, 1.0, 0.0], [0.0, 0.0, 0.0, 1.0]], "pose_inverse": [[-0.3976050913333893, 0.917556643486023, 0.0, -2541.553955078125], [-0.917556643486023, -0.3976050913333893, 0.0, 1908.72998046875], [0.0, 0.0, 1.0, 0.0], [0.0, 0.0, 0.0, 1.0]], "cam_ids": [0, 1, 2, 3, 4, 5], "cam_channels": ["CAM_FRONT_LEFT", "CAM_FRONT", "CAM_FRONT_RIGHT", "CAM_BACK_LEFT", "CAM_BACK", "CAM_BACK_RIGHT"], "token": "c1515c56d9324d9092d26043404c3c0d", "scene": "scene-1025"}, {"images": ["samples/CAM_FRONT_LEFT/n015-2018-11-14-19-09-14+0800__CAM_FRONT_LEFT__1542194364154844.jpg", "samples/CAM_FRONT/n015-2018-11-14-19-09-14+0800__CAM_FRONT__1542194364162460.jpg", "samples/CAM_FRONT_RIGHT/n015-2018-11-14-19-09-14+0800__CAM_FRONT_RIGHT__1542194364170339.jpg", "samples/CAM_BACK_LEFT/n015-2018-11-14-19-09-14+0800__CAM_BACK_LEFT__1542194364197423.jpg", "samples/CAM_BACK/n015-2018-11-14-19-09-14+0800__CAM_BACK__1542194364187525.jpg", "samples/CAM_BACK_RIGHT/n015-2018-11-14-19-09-14+0800__CAM_BACK_RIGHT__1542194364177893.jpg"], "intrinsics": [[[1272.5979470598488, 0.0, 826.6154927353808], [0.0, 1272.5979470598488, 479.75165386361925], [0.0, 0.0, 1.0]], [[1266.417203046554, 0.0, 816.2670197447984], [0.0, 1266.417203046554, 491.50706579294757], [0.0, 0.0, 1.0]], [[1260.8474446004698, 0.0, 807.968244525554], [0.0, 1260.8474446004698, 495.3344268742088], [0.0, 0.0, 1.0]], [[1256.7414812095406, 0.0, 792.1125740759628], [0.0, 1256.7414812095406, 492.7757465151356], [0.0, 0.0, 1.0]], [[809.2209905677063, 0.0, 829.2196003259838], [0.0, 809.2209905677063, 481.77842384512485], [0.0, 0.0, 1.0]], [[1259.5137405846733, 0.0, 807.2529053838625], [0.0, 1259.5137405846733, 501.19579884916527], [0.0, 0.0, 1.0]]], "extrinsics": [[[0.819188117980957, -0.5734789967536926, 0.007245597429573536, -0.7294921875], [-0.0001849156542448327, -0.0128975510597229, -0.9999167919158936, 1.5082283020019531], [0.5735247731208801, 0.8191186189651489, -0.010671567171812057, -1.1183624267578125], [0.0, 0.0, 0.0, 1.0]], [[0.0034882244653999805, -0.9998485445976257, 0.017044568434357643, 0.0079345703125], [-0.0054247379302978516, -0.01706334389746189, -0.999839723110199, 1.5192909240722656], [0.9999791979789734, 0.00339519209228456, -0.005483437795192003, -1.456298828125], [0.0, 0.0, 0.0, 1.0]], [[-0.8338443040847778, -0.5519996285438538, -0.0002768313279375434, 0.8797607421875], [0.00034761152346618474, -2.3589931515743956e-05, -0.9999998807907104, 1.5037065744400024], [0.551999568939209, -0.8338443636894226, 0.0002115529787261039, -1.1455078125], [0.0, 0.0, 0.0, 1.0]], [[0.9477934837341309, 0.3188837170600891, -0.0007998112705536187, -1.13671875], [0.009634173475205898, -0.0311417393386364, -0.9994685053825378, 1.5886154174804688], [-0.3187391459941864, 0.9472821354866028, -0.03258811682462692, -0.105712890625], [0.0, 0.0, 0.0, 1.0]], [[0.0030602021142840385, 0.9997778534889221, -0.020853227004408836, 0.0023193359375], [-0.01604369655251503, -0.02080155536532402, -0.9996548891067505, 1.5782357454299927], [-0.9998666048049927, 0.0033937080297619104, 0.015976475551724434, -0.069091796875], [0.0, 0.0, 0.0, 1.0]], [[-0.9343617558479309, 0.35591140389442444, -0.01718171313405037, 1.010498046875], [0.016385821625590324, -0.005250980611890554, -0.9998520016670227, 1.5536575317382812], [-0.35594889521598816, -0.9345049858093262, -0.0009255866170860827, -0.110107421875], [0.0, 0.0, 0.0, 1.0]]], "view": [[0.0, -2.0, 100.0], [-2.0, 0.0, 100.0], [0.0, 0.0, 1.0]], "bev": "bev_75b52ecf05774e6ebf112ee19a8e9390.png", "aux": "aux_75b52ecf05774e6ebf112ee19a8e9390.npz", "visibility": "visibility_75b52ecf05774e6ebf112ee19a8e9390.png", "pose": [[-0.4298544228076935, -0.9028981924057007, 0.0, 739.47021484375], [0.9028981924057007, -0.4298544228076935, 0.0, 3093.979248046875], [0.0, 0.0, 1.0, 0.0], [0.0, 0.0, 0.0, 1.0]], "pose_inverse": [[-0.4298544228076935, 0.9028981924057007, 0.0, -2475.683837890625], [-0.9028981924057007, -0.4298544228076935, 0.0, 1997.626953125], [0.0, 0.0, 1.0, 0.0], [0.0, 0.0, 0.0, 1.0]], "cam_ids": [0, 1, 2, 3, 4, 5], "cam_channels": ["CAM_FRONT_LEFT", "CAM_FRONT", "CAM_FRONT_RIGHT", "CAM_BACK_LEFT", "CAM_BACK", "CAM_BACK_RIGHT"], "token": "75b52ecf05774e6ebf112ee19a8e9390", "scene": "scene-1025"}, {"images": ["samples/CAM_FRONT_LEFT/n015-2018-11-14-19-09-14+0800__CAM_FRONT_LEFT__1542194364654844.jpg", "samples/CAM_FRONT/n015-2018-11-14-19-09-14+0800__CAM_FRONT__1542194364662460.jpg", "samples/CAM_FRONT_RIGHT/n015-2018-11-14-19-09-14+0800__CAM_FRONT_RIGHT__1542194364670339.jpg", "samples/CAM_BACK_LEFT/n015-2018-11-14-19-09-14+0800__CAM_BACK_LEFT__1542194364697423.jpg", "samples/CAM_BACK/n015-2018-11-14-19-09-14+0800__CAM_BACK__1542194364687525.jpg", "samples/CAM_BACK_RIGHT/n015-2018-11-14-19-09-14+0800__CAM_BACK_RIGHT__1542194364677893.jpg"], "intrinsics": [[[1272.5979470598488, 0.0, 826.6154927353808], [0.0, 1272.5979470598488, 479.75165386361925], [0.0, 0.0, 1.0]], [[1266.417203046554, 0.0, 816.2670197447984], [0.0, 1266.417203046554, 491.50706579294757], [0.0, 0.0, 1.0]], [[1260.8474446004698, 0.0, 807.968244525554], [0.0, 1260.8474446004698, 495.3344268742088], [0.0, 0.0, 1.0]], [[1256.7414812095406, 0.0, 792.1125740759628], [0.0, 1256.7414812095406, 492.7757465151356], [0.0, 0.0, 1.0]], [[809.2209905677063, 0.0, 829.2196003259838], [0.0, 809.2209905677063, 481.77842384512485], [0.0, 0.0, 1.0]], [[1259.5137405846733, 0.0, 807.2529053838625], [0.0, 1259.5137405846733, 501.19579884916527], [0.0, 0.0, 1.0]]], "extrinsics": [[[0.8200337290763855, -0.5721786618232727, 0.012499724514782429, -0.721923828125], [0.006078129634261131, -0.013132515363395214, -0.9998953342437744, 1.5100746154785156], [0.5722829103469849, 0.8200238347053528, -0.007291329093277454, -1.1134033203125], [0.0, 0.0, 0.0, 1.0]], [[0.004655882716178894, -0.9998394250869751, 0.01730385608971119, 0.00830078125], [0.0006405244348570704, -0.017301060259342194, -0.9998501539230347, 1.5207252502441406], [0.9999889135360718, 0.0046662925742566586, 0.0005598691059276462, -1.448974609375], [0.0, 0.0, 0.0, 1.0]], [[-0.8333010077476501, -0.5527966618537903, -0.005020092707127333, 0.8741455078125], [0.006159244105219841, -0.00020352199499029666, -0.9999809861183167, 1.5048198699951172], [0.5527852177619934, -0.8333160877227783, 0.003574405563995242, -1.14208984375], [0.0, 0.0, 0.0, 1.0]], [[0.9477724432945251, 0.3189232349395752, 0.003924587741494179, -1.1337890625], [0.014533954672515392, -0.030893269926309586, -0.9994170069694519, 1.58868408203125], [-0.3186160922050476, 0.9472768902778625, -0.03391500562429428, -0.1064453125], [0.0, 0.0, 0.0, 1.0]], [[0.0028209059964865446, 0.9997797012329102, -0.020800387486815453, 0.00244140625], [-0.010797712951898575, -0.020768804475665092, -0.9997260570526123, 1.578557014465332], [-0.9999377727508545, 0.0030447121243923903, 0.010736747644841671, -0.0732421875], [0.0, 0.0, 0.0, 1.0]], [[-0.9344838261604309, 0.3552997410297394, -0.022407304495573044, 1.005126953125], [0.02194983698427677, -0.005318955983966589, -0.9997449517250061, 1.5545234680175781], [-0.3553283214569092, -0.9347372651100159, -0.0028282920829951763, -0.1123046875], [0.0, 0.0, 0.0, 1.0]]], "view": [[0.0, -2.0, 100.0], [-2.0, 0.0, 100.0], [0.0, 0.0, 1.0]], "bev": "bev_ac16c4da97974b288b4309f4c22543bd.png", "aux": "aux_ac16c4da97974b288b4309f4c22543bd.npz", "visibility": "visibility_ac16c4da97974b288b4309f4c22543bd.png", "pose": [[-0.44229745864868164, -0.8968684077262878, 0.0, 738.0115966796875], [0.8968684077262878, -0.44229745864868164, 0.0, 3097.04150390625], [0.0, 0.0, 1.0, 0.0], [0.0, 0.0, 0.0, 1.0]], "pose_inverse": [[-0.44229745864868164, 0.8968684077262878, 0.0, -2451.218017578125], [-0.8968684077262878, -0.44229745864868164, 0.0, 2031.712890625], [0.0, 0.0, 1.0, 0.0], [0.0, 0.0, 0.0, 1.0]], "cam_ids": [0, 1, 2, 3, 4, 5], "cam_channels": ["CAM_FRONT_LEFT", "CAM_FRONT", "CAM_FRONT_RIGHT", "CAM_BACK_LEFT", "CAM_BACK", "CAM_BACK_RIGHT"], "token": "ac16c4da97974b288b4309f4c22543bd", "scene": "scene-1025"}, {"images": ["samples/CAM_FRONT_LEFT/n015-2018-11-14-19-09-14+0800__CAM_FRONT_LEFT__1542194365154844.jpg", "samples/CAM_FRONT/n015-2018-11-14-19-09-14+0800__CAM_FRONT__1542194365162460.jpg", "samples/CAM_FRONT_RIGHT/n015-2018-11-14-19-09-14+0800__CAM_FRONT_RIGHT__1542194365170339.jpg", "samples/CAM_BACK_LEFT/n015-2018-11-14-19-09-14+0800__CAM_BACK_LEFT__1542194365197423.jpg", "samples/CAM_BACK/n015-2018-11-14-19-09-14+0800__CAM_BACK__1542194365187525.jpg", "samples/CAM_BACK_RIGHT/n015-2018-11-14-19-09-14+0800__CAM_BACK_RIGHT__1542194365177893.jpg"], "intrinsics": [[[1272.5979470598488, 0.0, 826.6154927353808], [0.0, 1272.5979470598488, 479.75165386361925], [0.0, 0.0, 1.0]], [[1266.417203046554, 0.0, 816.2670197447984], [0.0, 1266.417203046554, 491.50706579294757], [0.0, 0.0, 1.0]], [[1260.8474446004698, 0.0, 807.968244525554], [0.0, 1260.8474446004698, 495.3344268742088], [0.0, 0.0, 1.0]], [[1256.7414812095406, 0.0, 792.1125740759628], [0.0, 1256.7414812095406, 492.7757465151356], [0.0, 0.0, 1.0]], [[809.2209905677063, 0.0, 829.2196003259838], [0.0, 809.2209905677063, 481.77842384512485], [0.0, 0.0, 1.0]], [[1259.5137405846733, 0.0, 807.2529053838625], [0.0, 1259.5137405846733, 501.19579884916527], [0.0, 0.0, 1.0]]], "extrinsics": [[[0.8201479315757751, -0.571116030216217, 0.034408099949359894, -0.720703125], [0.028721816837787628, -0.018965626135468483, -0.9994074702262878, 1.5167922973632812], [0.5714301466941833, 0.8206502199172974, 0.0008488721796311438, -1.112579345703125], [0.0, 0.0, 0.0, 1.0]], [[0.005162832792848349, -0.9997174143791199, 0.023201245814561844, 0.00830078125], [0.023630261421203613, -0.023073110729455948, -0.9994544982910156, 1.5263290405273438], [0.9997074604034424, 0.005708214361220598, 0.023504462093114853, -1.448974609375], [0.0, 0.0, 0.0, 1.0]], [[-0.8325393199920654, -0.5535571575164795, -0.02127246931195259, 0.875732421875], [0.029440201818943024, -0.005866147577762604, -0.9995492696762085, 1.5092086791992188], [0.5531828999519348, -0.8327904343605042, 0.021180639043450356, -1.1435546875], [0.0, 0.0, 0.0, 1.0]], [[0.9473667144775391, 0.31916993856430054, 0.025037433952093124, -1.13818359375], [0.038537900894880295, -0.03605283051729202, -0.9986065030097961, 1.5887451171875], [-0.31782248616218567, 0.947011411190033, -0.04645539075136185, -0.10498046875], [0.0, 0.0, 0.0, 1.0]], [[0.0029444219544529915, 0.9996554851531982, -0.026079565286636353, 0.0025634765625], [0.012996325269341469, -0.026115726679563522, -0.9995744228363037, 1.580291748046875], [-0.9999111890792847, 0.0026042277459055185, -0.013068745844066143, -0.0693359375], [0.0, 0.0, 0.0, 1.0]], [[-0.9339169263839722, 0.3544730544090271, -0.04634581133723259, 1.008544921875], [0.045460060238838196, -0.01083087082952261, -0.9989074468612671, 1.55767822265625], [-0.35458773374557495, -0.9350035190582275, -0.005999233573675156, -0.1109619140625], [0.0, 0.0, 0.0, 1.0]]], "view": [[0.0, -2.0, 100.0], [-2.0, 0.0, 100.0], [0.0, 0.0, 1.0]], "bev": "bev_45311a0328dd401dafaac674fc5dd142.png", "aux": "aux_45311a0328dd401dafaac674fc5dd142.npz", "visibility": "visibility_45311a0328dd401dafaac674fc5dd142.png", "pose": [[-0.4458719789981842, -0.8950967192649841, 0.0, 736.5205688476562], [0.8950967192649841, -0.4458719789981842, 0.0, 3100.09765625], [0.0, 0.0, 1.0, 0.0], [0.0, 0.0, 0.0, 1.0]], "pose_inverse": [[-0.4458719789981842, 0.8950967192649841, 0.0, -2446.493408203125], [-0.8950967192649841, -0.4458719789981842, 0.0, 2041.50390625], [0.0, 0.0, 1.0, 0.0], [0.0, 0.0, 0.0, 1.0]], "cam_ids": [0, 1, 2, 3, 4, 5], "cam_channels": ["CAM_FRONT_LEFT", "CAM_FRONT", "CAM_FRONT_RIGHT", "CAM_BACK_LEFT", "CAM_BACK", "CAM_BACK_RIGHT"], "token": "45311a0328dd401dafaac674fc5dd142", "scene": "scene-1025"}, {"images": ["samples/CAM_FRONT_LEFT/n015-2018-11-14-19-09-14+0800__CAM_FRONT_LEFT__1542194365654844.jpg", "samples/CAM_FRONT/n015-2018-11-14-19-09-14+0800__CAM_FRONT__1542194365662460.jpg", "samples/CAM_FRONT_RIGHT/n015-2018-11-14-19-09-14+0800__CAM_FRONT_RIGHT__1542194365670349.jpg", "samples/CAM_BACK_LEFT/n015-2018-11-14-19-09-14+0800__CAM_BACK_LEFT__1542194365697423.jpg", "samples/CAM_BACK/n015-2018-11-14-19-09-14+0800__CAM_BACK__1542194365687525.jpg", "samples/CAM_BACK_RIGHT/n015-2018-11-14-19-09-14+0800__CAM_BACK_RIGHT__1542194365677893.jpg"], "intrinsics": [[[1272.5979470598488, 0.0, 826.6154927353808], [0.0, 1272.5979470598488, 479.75165386361925], [0.0, 0.0, 1.0]], [[1266.417203046554, 0.0, 816.2670197447984], [0.0, 1266.417203046554, 491.50706579294757], [0.0, 0.0, 1.0]], [[1260.8474446004698, 0.0, 807.968244525554], [0.0, 1260.8474446004698, 495.3344268742088], [0.0, 0.0, 1.0]], [[1256.7414812095406, 0.0, 792.1125740759628], [0.0, 1256.7414812095406, 492.7757465151356], [0.0, 0.0, 1.0]], [[809.2209905677063, 0.0, 829.2196003259838], [0.0, 809.2209905677063, 481.77842384512485], [0.0, 0.0, 1.0]], [[1259.5137405846733, 0.0, 807.2529053838625], [0.0, 1259.5137405846733, 501.19579884916527], [0.0, 0.0, 1.0]]], "extrinsics": [[[0.8200613856315613, -0.5714656114578247, 0.03043658286333084, -0.731201171875], [0.026825878769159317, -0.014740086160600185, -0.9995314478874207, 1.5158920288085938], [0.5716464519500732, 0.8204936385154724, 0.0032422919757664204, -1.118804931640625], [0.0, 0.0, 0.0, 1.0]], [[0.00498973811045289, -0.9998108148574829, 0.018795723095536232, 0.00732421875], [0.021526653319597244, -0.018684206530451775, -0.9995936751365662, 1.5255889892578125], [0.9997557997703552, 0.005392288323491812, 0.021429354324936867, -1.45849609375], [0.0, 0.0, 0.0, 1.0]], [[-0.8326829671859741, -0.5533186197280884, -0.021853163838386536, 0.8818359375], [0.027141423895955086, -0.0013646873412653804, -0.9996306300163269, 1.5085830688476562], [0.5530844330787659, -0.832968533039093, 0.016154207289218903, -1.147705078125], [0.0, 0.0, 0.0, 1.0]], [[0.9474048018455505, 0.3191501796245575, 0.023815561085939407, -1.1427001953125], [0.035706523805856705, -0.03145840764045715, -0.9988670349121094, 1.5885467529296875], [-0.31803932785987854, 0.9471818804740906, -0.041199591010808945, -0.103759765625], [0.0, 0.0, 0.0, 1.0]], [[0.00289505859836936, 0.9997650384902954, -0.0214826762676239, 0.002685546875], [0.010333185084164143, -0.02151152677834034, -0.999715268611908, 1.5800552368164062], [-0.999942421913147, 0.002672245493158698, -0.010393033735454082, -0.064453125], [0.0, 0.0, 0.0, 1.0]], [[-0.9339820146560669, 0.35479336977005005, -0.04241874814033508, 1.012939453125], [0.042987167835235596, -0.0062838089652359486, -0.9990558624267578, 1.5571136474609375], [-0.3547248840332031, -0.9349235892295837, -0.009382598102092743, -0.1097412109375], [0.0, 0.0, 0.0, 1.0]]], "view": [[0.0, -2.0, 100.0], [-2.0, 0.0, 100.0], [0.0, 0.0, 1.0]], "bev": "bev_beb52018c3814ed3b182ba06704acb1c.png", "aux": "aux_beb52018c3814ed3b182ba06704acb1c.npz", "visibility": "visibility_beb52018c3814ed3b182ba06704acb1c.png", "pose": [[-0.44996434450149536, -0.893046498298645, 0.0, 735.01171875], [0.893046498298645, -0.44996434450149536, 0.0, 3103.151611328125], [0.0, 0.0, 1.0, 0.0], [0.0, 0.0, 0.0, 1.0]], "pose_inverse": [[-0.44996434450149536, 0.893046498298645, 0.0, -2440.52978515625], [-0.893046498298645, -0.44996434450149536, 0.0, 2052.707275390625], [0.0, 0.0, 1.0, 0.0], [0.0, 0.0, 0.0, 1.0]], "cam_ids": [0, 1, 2, 3, 4, 5], "cam_channels": ["CAM_FRONT_LEFT", "CAM_FRONT", "CAM_FRONT_RIGHT", "CAM_BACK_LEFT", "CAM_BACK", "CAM_BACK_RIGHT"], "token": "beb52018c3814ed3b182ba06704acb1c", "scene": "scene-1025"}, {"images": ["samples/CAM_FRONT_LEFT/n015-2018-11-14-19-09-14+0800__CAM_FRONT_LEFT__1542194366154844.jpg", "samples/CAM_FRONT/n015-2018-11-14-19-09-14+0800__CAM_FRONT__1542194366162460.jpg", "samples/CAM_FRONT_RIGHT/n015-2018-11-14-19-09-14+0800__CAM_FRONT_RIGHT__1542194366170339.jpg", "samples/CAM_BACK_LEFT/n015-2018-11-14-19-09-14+0800__CAM_BACK_LEFT__1542194366197423.jpg", "samples/CAM_BACK/n015-2018-11-14-19-09-14+0800__CAM_BACK__1542194366187525.jpg", "samples/CAM_BACK_RIGHT/n015-2018-11-14-19-09-14+0800__CAM_BACK_RIGHT__1542194366177893.jpg"], "intrinsics": [[[1272.5979470598488, 0.0, 826.6154927353808], [0.0, 1272.5979470598488, 479.75165386361925], [0.0, 0.0, 1.0]], [[1266.417203046554, 0.0, 816.2670197447984], [0.0, 1266.417203046554, 491.50706579294757], [0.0, 0.0, 1.0]], [[1260.8474446004698, 0.0, 807.968244525554], [0.0, 1260.8474446004698, 495.3344268742088], [0.0, 0.0, 1.0]], [[1256.7414812095406, 0.0, 792.1125740759628], [0.0, 1256.7414812095406, 492.7757465151356], [0.0, 0.0, 1.0]], [[809.2209905677063, 0.0, 829.2196003259838], [0.0, 809.2209905677063, 481.77842384512485], [0.0, 0.0, 1.0]], [[1259.5137405846733, 0.0, 807.2529053838625], [0.0, 1259.5137405846733, 501.19579884916527], [0.0, 0.0, 1.0]]], "extrinsics": [[[0.8203471302986145, -0.5708720088005066, 0.033700112253427505, -0.72705078125], [0.02950640395283699, -0.016597941517829895, -0.9994267821311951, 1.5167999267578125], [0.5711040496826172, 0.8208712935447693, 0.003228304674848914, -1.1160888671875], [0.0, 0.0, 0.0, 1.0]], [[0.005418316926807165, -0.9997715950012207, 0.02067572809755802, 0.0078125], [0.02443014830350876, -0.020537517964839935, -0.9994906187057495, 1.5263595581054688], [0.9996867775917053, 0.005920672323554754, 0.02431328594684601, -1.455078125], [0.0, 0.0, 0.0, 1.0]], [[-0.832435667514801, -0.5536260008811951, -0.023432210087776184, 0.87994384765625], [0.030277326703071594, -0.0032198335975408554, -0.9995363354682922, 1.50921630859375], [0.5532938241958618, -0.8327592015266418, 0.019442623481154442, -1.146240234375], [0.0, 0.0, 0.0, 1.0]], [[0.9473062753677368, 0.3192004859447479, 0.026864774525165558, -1.1435546875], [0.03956352174282074, -0.03336462005972862, -0.9986598491668701, 1.5885162353515625], [-0.317876398563385, 0.9470996856689453, -0.044235214591026306, -0.103515625], [0.0, 0.0, 0.0, 1.0]], [[0.0028978614136576653, 0.9997226595878601, -0.023375248536467552, 0.002197265625], [0.013948516920208931, -0.023413481190800667, -0.9996285438537598, 1.5803146362304688], [-0.9998985528945923, 0.00257070641964674, -0.014012494124472141, -0.064697265625], [0.0, 0.0, 0.0, 1.0]], [[-0.9338885545730591, 0.3545626699924469, -0.046231988817453384, 1.01220703125], [0.04635694622993469, -0.008146733045578003, -0.9988917708396912, 1.5576171875], [-0.35454633831977844, -0.9349967837333679, -0.008828301914036274, -0.109375], [0.0, 0.0, 0.0, 1.0]]], "view": [[0.0, -2.0, 100.0], [-2.0, 0.0, 100.0], [0.0, 0.0, 1.0]], "bev": "bev_b83eaca502264eaaa116709e697c0809.png", "aux": "aux_b83eaca502264eaaa116709e697c0809.npz", "visibility": "visibility_b83eaca502264eaaa116709e697c0809.png", "pose": [[-0.4517311453819275, -0.8921540975570679, 0.0, 733.4829711914062], [0.8921540975570679, -0.4517311453819275, 0.0, 3106.2080078125], [0.0, 0.0, 1.0, 0.0], [0.0, 0.0, 0.0, 1.0]], "pose_inverse": [[-0.4517311453819275, 0.8921540975570679, 0.0, -2439.879150390625], [-0.8921540975570679, -0.4517311453819275, 0.0, 2057.55078125], [0.0, 0.0, 1.0, 0.0], [0.0, 0.0, 0.0, 1.0]], "cam_ids": [0, 1, 2, 3, 4, 5], "cam_channels": ["CAM_FRONT_LEFT", "CAM_FRONT", "CAM_FRONT_RIGHT", "CAM_BACK_LEFT", "CAM_BACK", "CAM_BACK_RIGHT"], "token": "b83eaca502264eaaa116709e697c0809", "scene": "scene-1025"}, {"images": ["samples/CAM_FRONT_LEFT/n015-2018-11-14-19-09-14+0800__CAM_FRONT_LEFT__1542194366654844.jpg", "samples/CAM_FRONT/n015-2018-11-14-19-09-14+0800__CAM_FRONT__1542194366662460.jpg", "samples/CAM_FRONT_RIGHT/n015-2018-11-14-19-09-14+0800__CAM_FRONT_RIGHT__1542194366670339.jpg", "samples/CAM_BACK_LEFT/n015-2018-11-14-19-09-14+0800__CAM_BACK_LEFT__1542194366697423.jpg", "samples/CAM_BACK/n015-2018-11-14-19-09-14+0800__CAM_BACK__1542194366687525.jpg", "samples/CAM_BACK_RIGHT/n015-2018-11-14-19-09-14+0800__CAM_BACK_RIGHT__1542194366677893.jpg"], "intrinsics": [[[1272.5979470598488, 0.0, 826.6154927353808], [0.0, 1272.5979470598488, 479.75165386361925], [0.0, 0.0, 1.0]], [[1266.417203046554, 0.0, 816.2670197447984], [0.0, 1266.417203046554, 491.50706579294757], [0.0, 0.0, 1.0]], [[1260.8474446004698, 0.0, 807.968244525554], [0.0, 1260.8474446004698, 495.3344268742088], [0.0, 0.0, 1.0]], [[1256.7414812095406, 0.0, 792.1125740759628], [0.0, 1256.7414812095406, 492.7757465151356], [0.0, 0.0, 1.0]], [[809.2209905677063, 0.0, 829.2196003259838], [0.0, 809.2209905677063, 481.77842384512485], [0.0, 0.0, 1.0]], [[1259.5137405846733, 0.0, 807.2529053838625], [0.0, 1259.5137405846733, 501.19579884916527], [0.0, 0.0, 1.0]]], "extrinsics": [[[0.8204212188720703, -0.5708292126655579, 0.03260624408721924, -0.7333984375], [0.027557699009776115, -0.017483262345194817, -0.9994673132896423, 1.516021728515625], [0.5710951685905457, 0.8208826780319214, 0.001387100899592042, -1.121612548828125], [0.0, 0.0, 0.0, 1.0]], [[0.0055406647734344006, -0.9997512698173523, 0.02160155400633812, 0.008056640625], [0.022309355437755585, -0.021472929045557976, -0.9995205402374268, 1.525726318359375], [0.9997357130050659, 0.006019953638315201, 0.022184832021594048, -1.46142578125], [0.0, 0.0, 0.0, 1.0]], [[-0.8324077129364014, -0.5537659525871277, -0.020990433171391487, 0.88330078125], [0.027989987283945084, -0.004184181336313486, -0.9995994567871094, 1.5086898803710938], [0.5534563064575195, -0.8326618671417236, 0.018982848152518272, -1.14794921875], [0.0, 0.0, 0.0, 1.0]], [[0.9473965764045715, 0.3191593587398529, 0.024021685123443604, -1.140625], [0.03687494993209839, -0.03429005667567253, -0.9987314343452454, 1.5886077880859375], [-0.31793075799942017, 0.9470804929733276, -0.04425526782870293, -0.1044921875], [0.0, 0.0, 0.0, 1.0]], [[0.002761650364845991, 0.9997004866600037, -0.024319685995578766, 0.002197265625], [0.011403869837522507, -0.024349680170416832, -0.9996384978294373, 1.5801315307617188], [-0.9999311566352844, 0.002483214484527707, -0.011467697098851204, -0.06494140625], [0.0, 0.0, 0.0, 1.0]], [[-0.9340716004371643, 0.3543269634246826, -0.044302377849817276, 1.013916015625], [0.043922729790210724, -0.009118149057030678, -0.9989933371543884, 1.5571975708007812], [-0.3543742001056671, -0.9350771307945251, -0.007046003360301256, -0.1087646484375], [0.0, 0.0, 0.0, 1.0]]], "view": [[0.0, -2.0, 100.0], [-2.0, 0.0, 100.0], [0.0, 0.0, 1.0]], "bev": "bev_18d487a6083a4d7f8b5e971290e8e615.png", "aux": "aux_18d487a6083a4d7f8b5e971290e8e615.npz", "visibility": "visibility_18d487a6083a4d7f8b5e971290e8e615.png", "pose": [[-0.45170319080352783, -0.8921682834625244, 0.0, 731.9766845703125], [0.8921682834625244, -0.45170319080352783, 0.0, 3109.237060546875], [0.0, 0.0, 1.0, 0.0], [0.0, 0.0, 0.0, 1.0]], "pose_inverse": [[-0.45170319080352783, 0.8921682834625244, 0.0, -2443.326416015625], [-0.8921682834625244, -0.45170319080352783, 0.0, 2057.498779296875], [0.0, 0.0, 1.0, 0.0], [0.0, 0.0, 0.0, 1.0]], "cam_ids": [0, 1, 2, 3, 4, 5], "cam_channels": ["CAM_FRONT_LEFT", "CAM_FRONT", "CAM_FRONT_RIGHT", "CAM_BACK_LEFT", "CAM_BACK", "CAM_BACK_RIGHT"], "token": "18d487a6083a4d7f8b5e971290e8e615", "scene": "scene-1025"}, {"images": ["samples/CAM_FRONT_LEFT/n015-2018-11-14-19-09-14+0800__CAM_FRONT_LEFT__1542194367154844.jpg", "samples/CAM_FRONT/n015-2018-11-14-19-09-14+0800__CAM_FRONT__1542194367162460.jpg", "samples/CAM_FRONT_RIGHT/n015-2018-11-14-19-09-14+0800__CAM_FRONT_RIGHT__1542194367170339.jpg", "samples/CAM_BACK_LEFT/n015-2018-11-14-19-09-14+0800__CAM_BACK_LEFT__1542194367197423.jpg", "samples/CAM_BACK/n015-2018-11-14-19-09-14+0800__CAM_BACK__1542194367187525.jpg", "samples/CAM_BACK_RIGHT/n015-2018-11-14-19-09-14+0800__CAM_BACK_RIGHT__1542194367177893.jpg"], "intrinsics": [[[1272.5979470598488, 0.0, 826.6154927353808], [0.0, 1272.5979470598488, 479.75165386361925], [0.0, 0.0, 1.0]], [[1266.417203046554, 0.0, 816.2670197447984], [0.0, 1266.417203046554, 491.50706579294757], [0.0, 0.0, 1.0]], [[1260.8474446004698, 0.0, 807.968244525554], [0.0, 1260.8474446004698, 495.3344268742088], [0.0, 0.0, 1.0]], [[1256.7414812095406, 0.0, 792.1125740759628], [0.0, 1256.7414812095406, 492.7757465151356], [0.0, 0.0, 1.0]], [[809.2209905677063, 0.0, 829.2196003259838], [0.0, 809.2209905677063, 481.77842384512485], [0.0, 0.0, 1.0]], [[1259.5137405846733, 0.0, 807.2529053838625], [0.0, 1259.5137405846733, 501.19579884916527], [0.0, 0.0, 1.0]]], "extrinsics": [[[0.8205759525299072, -0.5706698894500732, 0.03148310258984566, -0.74365234375], [0.027092980220913887, -0.016183746978640556, -0.9995019435882568, 1.5155487060546875], [0.5708950757980347, 0.8210201263427734, 0.0021811530459672213, -1.129608154296875], [0.0, 0.0, 0.0, 1.0]], [[0.005696460604667664, -0.999777615070343, 0.02030302584171295, 0.0087890625], [0.02157094143331051, -0.02017577737569809, -0.9995637536048889, 1.52532958984375], [0.999751091003418, 0.006131896749138832, 0.02145121619105339, -1.4716796875], [0.0, 0.0, 0.0, 1.0]], [[-0.8324103355407715, -0.5537682771682739, -0.020824266597628593, 0.890380859375], [0.02693779580295086, -0.002901356900110841, -0.9996328353881836, 1.508270263671875], [0.5535046458244324, -0.832665741443634, 0.017332419753074646, -1.15234375], [0.0, 0.0, 0.0, 1.0]], [[0.9474433064460754, 0.3191376030445099, 0.022415095940232277, -1.138427734375], [0.034754518419504166, -0.03302216902375221, -0.9988501071929932, 1.5886993408203125], [-0.31803032755851746, 0.94713294506073, -0.042378101497888565, -0.105224609375], [0.0, 0.0, 0.0, 1.0]], [[0.002754601649940014, 0.999729335308075, -0.0231007132679224, 0.00244140625], [0.009656954556703568, -0.02312631718814373, -0.9996858835220337, 1.5800018310546875], [-0.99994957447052, 0.002530664438381791, -0.00971