[{"images": ["samples/CAM_FRONT_LEFT/n008-2018-09-18-15-26-58-0400__CAM_FRONT_LEFT__1537299081354799.jpg", "samples/CAM_FRONT/n008-2018-09-18-15-26-58-0400__CAM_FRONT__1537299081362404.jpg", "samples/CAM_FRONT_RIGHT/n008-2018-09-18-15-26-58-0400__CAM_FRONT_RIGHT__1537299081370482.jpg", "samples/CAM_BACK_LEFT/n008-2018-09-18-15-26-58-0400__CAM_BACK_LEFT__1537299081397405.jpg", "samples/CAM_BACK/n008-2018-09-18-15-26-58-0400__CAM_BACK__1537299081387558.jpg", "samples/CAM_BACK_RIGHT/n008-2018-09-18-15-26-58-0400__CAM_BACK_RIGHT__1537299081378113.jpg"], "intrinsics": [[[1257.8625342125129, 0.0, 827.2410631095686], [0.0, 1257.8625342125129, 450.915498205774], [0.0, 0.0, 1.0]], [[1252.8131021185304, 0.0, 826.588114781398], [0.0, 1252.8131021185304, 469.9846626224581], [0.0, 0.0, 1.0]], [[1256.7485116440405, 0.0, 817.7887570959712], [0.0, 1256.7485116440403, 451.9541780095127], [0.0, 0.0, 1.0]], [[1254.9860565800168, 0.0, 829.5769333630991], [0.0, 1254.9860565800168, 467.1680561863987], [0.0, 0.0, 1.0]], [[796.8910634503094, 0.0, 857.7774326863696], [0.0, 796.8910634503094, 476.8848988407415], [0.0, 0.0, 1.0]], [[1249.9629280788233, 0.0, 825.3768045375984], [0.0, 1249.9629280788233, 462.54816385708756], [0.0, 0.0, 1.0]]], "extrinsics": [[[0.8225545883178711, -0.5686798095703125, -0.002692566020414233, -1.0050048828125], [0.011490335687994957, 0.02135332114994526, -0.999705970287323, 1.488295555114746], [0.5685701370239258, 0.8222817778587341, 0.02409859374165535, -1.3333740234375], [0.0, 0.0, 0.0, 1.0]], [[0.010320337489247322, -0.9998006224632263, -0.017098557204008102, 0.005401611328125], [0.013454929925501347, 0.01723676733672619, -0.9997609257698059, 1.4801654815673828], [0.9998562335968018, 0.010087781585752964, 0.013630134053528309, -1.7347412109375], [0.0, 0.0, 0.0, 1.0]], [[-0.8438891172409058, -0.5360360741615295, -0.022727208212018013, 1.090576171875], [0.021499421447515488, 0.008540471084415913, -0.9997323155403137, 1.493072509765625], [0.5360867381095886, -0.8441519141197205, 0.004317254293709993, -1.277587890625], [0.0, 0.0, 0.0, 1.0]], [[0.947874903678894, 0.3186188340187073, 0.0038954245392233133, -1.1441650390625], [-0.003862181445583701, 0.023712238296866417, -0.9997113943099976, 1.5620431900024414], [-0.3186192810535431, 0.9475862979888916, 0.023706801235675812, -0.15618896484375], [0.0, 0.0, 0.0, 1.0]], [[0.009151053614914417, 0.99982750415802, 0.016161635518074036, -0.028961181640625], [-0.0017649080837145448, 0.0161784365773201, -0.9998675584793091, 1.5680599212646484], [-0.9999566078186035, 0.009121295996010303, 0.0019126535626128316, 0.044189453125], [0.0, 0.0, 0.0, 1.0]], [[-0.9237152338027954, 0.38305017352104187, -0.004774035885930061, 1.1605224609375], [0.0024605775251984596, -0.006529294885694981, -0.9999756217002869, 1.5478110313415527], [-0.38307201862335205, -0.9237044453620911, 0.00508868508040905, -0.04376220703125], [0.0, 0.0, 0.0, 1.0]]], "view": [[0.0, -2.0, 100.0], [-2.0, 0.0, 100.0], [0.0, 0.0, 1.0]], "bev": "bev_f2807770265a41b088400eb4ab3e5db3.png", "aux": "aux_f2807770265a41b088400eb4ab3e5db3.npz", "visibility": "visibility_f2807770265a41b088400eb4ab3e5db3.png", "pose": [[0.6304839253425598, -0.7762023210525513, 0.0, 1447.9146728515625], [0.7762023210525513, 0.6304839253425598, 0.0, 1215.8028564453125], [0.0, 0.0, 1.0, 0.0], [0.0, 0.0, 0.0, 1.0]], "pose_inverse": [[0.6304839253425598, 0.7762023210525513, 0.0, -1856.595947265625], [-0.7762023210525513, 0.6304839253425598, 0.0, 357.33050537109375], [0.0, 0.0, 1.0, 0.0], [0.0, 0.0, 0.0, 1.0]], "cam_ids": [0, 1, 2, 3, 4, 5], "cam_channels": ["CAM_FRONT_LEFT", "CAM_FRONT", "CAM_FRONT_RIGHT", "CAM_BACK_LEFT", "CAM_BACK", "CAM_BACK_RIGHT"], "token": "f2807770265a41b088400eb4ab3e5db3", "scene": "scene-0811"}, {"images": ["samples/CAM_FRONT_LEFT/n008-2018-09-18-15-26-58-0400__CAM_FRONT_LEFT__1537299081854799.jpg", "samples/CAM_FRONT/n008-2018-09-18-15-26-58-0400__CAM_FRONT__1537299081862404.jpg", "samples/CAM_FRONT_RIGHT/n008-2018-09-18-15-26-58-0400__CAM_FRONT_RIGHT__1537299081870482.jpg", "samples/CAM_BACK_LEFT/n008-2018-09-18-15-26-58-0400__CAM_BACK_LEFT__1537299081897405.jpg", "samples/CAM_BACK/n008-2018-09-18-15-26-58-0400__CAM_BACK__1537299081887558.jpg", "samples/CAM_BACK_RIGHT/n008-2018-09-18-15-26-58-0400__CAM_BACK_RIGHT__1537299081878113.jpg"], "intrinsics": [[[1257.8625342125129, 0.0, 827.2410631095686], [0.0, 1257.8625342125129, 450.915498205774], [0.0, 0.0, 1.0]], [[1252.8131021185304, 0.0, 826.588114781398], [0.0, 1252.8131021185304, 469.9846626224581], [0.0, 0.0, 1.0]], [[1256.7485116440405, 0.0, 817.7887570959712], [0.0, 1256.7485116440403, 451.9541780095127], [0.0, 0.0, 1.0]], [[1254.9860565800168, 0.0, 829.5769333630991], [0.0, 1254.9860565800168, 467.1680561863987], [0.0, 0.0, 1.0]], [[796.8910634503094, 0.0, 857.7774326863696], [0.0, 796.8910634503094, 476.8848988407415], [0.0, 0.0, 1.0]], [[1249.9629280788233, 0.0, 825.3768045375984], [0.0, 1249.9629280788233, 462.54816385708756], [0.0, 0.0, 1.0]]], "extrinsics": [[[0.8225547671318054, -0.5686798691749573, -0.0026139968540519476, -1.005126953125], [0.01155170425772667, 0.021303970366716385, -0.9997063279151917, 1.4882965087890625], [0.5685685276985168, 0.8222830295562744, 0.02409290336072445, -1.3333740234375], [0.0, 0.0, 0.0, 1.0]], [[0.010324106551706791, -0.9998013973236084, -0.01704854518175125, 0.005401611328125], [0.013486362993717194, 0.017187124118208885, -0.9997613430023193, 1.4801654815673828], [0.9998557567596436, 0.010091655887663364, 0.013661126606166363, -1.734619140625], [0.0, 0.0, 0.0, 1.0]], [[-0.8438854813575745, -0.5360426902770996, -0.022704189643263817, 1.090576171875], [0.021504227072000504, 0.008490024134516716, -0.9997326731681824, 1.4930686950683594], [0.5360921621322632, -0.8441482186317444, 0.004362575244158506, -1.277587890625], [0.0, 0.0, 0.0, 1.0]], [[0.947874903678894, 0.3186196982860565, 0.003833503695204854, -1.14404296875], [-0.0039056779351085424, 0.023647304624319077, -0.9997127652168274, 1.562042236328125], [-0.3186188042163849, 0.9475876092910767, 0.02365911193192005, -0.1561279296875], [0.0, 0.0, 0.0, 1.0]], [[0.009147039614617825, 0.9998283386230469, 0.01611228846013546, -0.028778076171875], [-0.0017546684248372912, 0.016128987073898315, -0.9998683333396912, 1.568063735961914], [-0.9999566078186035, 0.00911751203238964, 0.0019018999300897121, 0.04443359375], [0.0, 0.0, 0.0, 1.0]], [[-0.9237179756164551, 0.38304340839385986, -0.004785727709531784, 1.1605224609375], [0.002452551620081067, -0.006579267792403698, -0.999975323677063, 1.547811508178711], [-0.38306525349617004, -0.9237068891525269, 0.005137954372912645, -0.043701171875], [0.0, 0.0, 0.0, 1.0]]], "view": [[0.0, -2.0, 100.0], [-2.0, 0.0, 100.0], [0.0, 0.0, 1.0]], "bev": "bev_22d20244b1e84c8492dad19f0c6e47c3.png", "aux": "aux_22d20244b1e84c8492dad19f0c6e47c3.npz", "visibility": "visibility_22d20244b1e84c8492dad19f0c6e47c3.png", "pose": [[0.6304582953453064, -0.7762231230735779, 0.0, 1447.9146728515625], [0.7762231230735779, 0.6304582953453064, 0.0, 1215.8028564453125], [0.0, 0.0, 1.0, 0.0], [0.0, 0.0, 0.0, 1.0]], "pose_inverse": [[0.6304582953453064, 0.7762231230735779, 0.0, -1856.5841064453125], [-0.7762231230735779, 0.6304582953453064, 0.0, 357.3918151855469], [0.0, 0.0, 1.0, 0.0], [0.0, 0.0, 0.0, 1.0]], "cam_ids": [0, 1, 2, 3, 4, 5], "cam_channels": ["CAM_FRONT_LEFT", "CAM_FRONT", "CAM_FRONT_RIGHT", "CAM_BACK_LEFT", "CAM_BACK", "CAM_BACK_RIGHT"], "token": "22d20244b1e84c8492dad19f0c6e47c3", "scene": "scene-0811"}, {"images": ["samples/CAM_FRONT_LEFT/n008-2018-09-18-15-26-58-0400__CAM_FRONT_LEFT__1537299082354799.jpg", "samples/CAM_FRONT/n008-2018-09-18-15-26-58-0400__CAM_FRONT__1537299082362404.jpg", "samples/CAM_FRONT_RIGHT/n008-2018-09-18-15-26-58-0400__CAM_FRONT_RIGHT__1537299082370482.jpg", "samples/CAM_BACK_LEFT/n008-2018-09-18-15-26-58-0400__CAM_BACK_LEFT__1537299082397406.jpg", "samples/CAM_BACK/n008-2018-09-18-15-26-58-0400__CAM_BACK__1537299082387564.jpg", "samples/CAM_BACK_RIGHT/n008-2018-09-18-15-26-58-0400__CAM_BACK_RIGHT__1537299082378113.jpg"], "intrinsics": [[[1257.8625342125129, 0.0, 827.2410631095686], [0.0, 1257.8625342125129, 450.915498205774], [0.0, 0.0, 1.0]], [[1252.8131021185304, 0.0, 826.588114781398], [0.0, 1252.8131021185304, 469.9846626224581], [0.0, 0.0, 1.0]], [[1256.7485116440405, 0.0, 817.7887570959712], [0.0, 1256.7485116440403, 451.9541780095127], [0.0, 0.0, 1.0]], [[1254.9860565800168, 0.0, 829.5769333630991], [0.0, 1254.9860565800168, 467.1680561863987], [0.0, 0.0, 1.0]], [[796.8910634503094, 0.0, 857.7774326863696], [0.0, 796.8910634503094, 476.8848988407415], [0.0, 0.0, 1.0]], [[1249.9629280788233, 0.0, 825.3768045375984], [0.0, 1249.9629280788233, 462.54816385708756], [0.0, 0.0, 1.0]]], "extrinsics": [[[0.8225693702697754, -0.568658709526062, -0.0026185763999819756, -1.005126953125], [0.011466378346085548, 0.021189702674746513, -0.9997096657752991, 1.4882946014404297], [0.5685490965843201, 0.8223006129264832, 0.023950455710291862, -1.33331298828125], [0.0, 0.0, 0.0, 1.0]], [[0.010344536043703556, -0.9998031854629517, -0.01692787930369377, 0.00543212890625], [0.013436626642942429, 0.017066240310668945, -0.999764084815979, 1.4801654815673828], [0.9998562335968018, 0.010114574804902077, 0.01361052319407463, -1.7347412109375], [0.0, 0.0, 0.0, 1.0]], [[-0.8438776135444641, -0.5360592007637024, -0.02260870859026909, 1.090576171875], [0.02146877720952034, 0.008367893286049366, -0.9997344613075256, 1.493072509765625], [0.5361060500144958, -0.8441389799118042, 0.004447055980563164, -1.2774658203125], [0.0, 0.0, 0.0, 1.0]], [[0.9478744864463806, 0.3186216354370117, 0.0037993632722646, -1.143798828125], [-0.0039041549898684025, 0.023535538464784622, -0.9997153878211975, 1.5620460510253906], [-0.31862032413482666, 0.9475896954536438, 0.023552682250738144, -0.15594482421875], [0.0, 0.0, 0.0, 1.0]], [[0.009141690097749233, 0.9998303651809692, 0.01599358394742012, -0.02880859375], [-0.001797721371985972, 0.01601065881550312, -0.9998701810836792, 1.5680627822875977], [-0.9999566078186035, 0.009111758321523666, 0.0019437808077782393, 0.0443115234375], [0.0, 0.0, 0.0, 1.0]], [[-0.923722505569458, 0.3830321431159973, -0.004791275132447481, 1.1607666015625], [0.0024097005371004343, -0.006697242148220539, -0.9999746680259705, 1.547811508178711], [-0.38305455446243286, -0.9237107634544373, 0.005263401195406914, -0.04376220703125], [0.0, 0.0, 0.0, 1.0]]], "view": [[0.0, -2.0, 100.0], [-2.0, 0.0, 100.0], [0.0, 0.0, 1.0]], "bev": "bev_1d91ec2b1bda4796ac802fa015201ec3.png", "aux": "aux_1d91ec2b1bda4796ac802fa015201ec3.npz", "visibility": "visibility_1d91ec2b1bda4796ac802fa015201ec3.png", "pose": [[0.630523681640625, -0.776170015335083, 0.0, 1447.9146728515625], [0.776170015335083, 0.630523681640625, 0.0, 1215.8028564453125], [0.0, 0.0, 1.0, 0.0], [0.0, 0.0, 0.0, 1.0]], "pose_inverse": [[0.630523681640625, 0.776170015335083, 0.0, -1856.6142578125], [-0.776170015335083, 0.630523681640625, 0.0, 357.23541259765625], [0.0, 0.0, 1.0, 0.0], [0.0, 0.0, 0.0, 1.0]], "cam_ids": [0, 1, 2, 3, 4, 5], "cam_channels": ["CAM_FRONT_LEFT", "CAM_FRONT", "CAM_FRONT_RIGHT", "CAM_BACK_LEFT", "CAM_BACK", "CAM_BACK_RIGHT"], "token": "1d91ec2b1bda4796ac802fa015201ec3", "scene": "scene-0811"}, {"images": ["samples/CAM_FRONT_LEFT/n008-2018-09-18-15-26-58-0400__CAM_FRONT_LEFT__1537299082854799.jpg", "samples/CAM_FRONT/n008-2018-09-18-15-26-58-0400__CAM_FRONT__1537299082862404.jpg", "samples/CAM_FRONT_RIGHT/n008-2018-09-18-15-26-58-0400__CAM_FRONT_RIGHT__1537299082870482.jpg", "samples/CAM_BACK_LEFT/n008-2018-09-18-15-26-58-0400__CAM_BACK_LEFT__1537299082897405.jpg", "samples/CAM_BACK/n008-2018-09-18-15-26-58-0400__CAM_BACK__1537299082887558.jpg", "samples/CAM_BACK_RIGHT/n008-2018-09-18-15-26-58-0400__CAM_BACK_RIGHT__1537299082878113.jpg"], "intrinsics": [[[1257.8625342125129, 0.0, 827.2410631095686], [0.0, 1257.8625342125129, 450.915498205774], [0.0, 0.0, 1.0]], [[1252.8131021185304, 0.0, 826.588114781398], [0.0, 1252.8131021185304, 469.9846626224581], [0.0, 0.0, 1.0]], [[1256.7485116440405, 0.0, 817.7887570959712], [0.0, 1256.7485116440403, 451.9541780095127], [0.0, 0.0, 1.0]], [[1254.9860565800168, 0.0, 829.5769333630991], [0.0, 1254.9860565800168, 467.1680561863987], [0.0, 0.0, 1.0]], [[796.8910634503094, 0.0, 857.7774326863696], [0.0, 796.8910634503094, 476.8848988407415], [0.0, 0.0, 1.0]], [[1249.9629280788233, 0.0, 825.3768045375984], [0.0, 1249.9629280788233, 462.54816385708756], [0.0, 0.0, 1.0]]], "extrinsics": [[[0.8225517868995667, -0.5686842799186707, -0.0025880064349621534, -1.0050048828125], [0.011503403075039387, 0.02118820697069168, -0.9997093081474304, 1.488295555114746], [0.5685737729072571, 0.8222829103469849, 0.02397020161151886, -1.33331298828125], [0.0, 0.0, 0.0, 1.0]], [[0.010318261571228504, -0.999803364276886, -0.016930408775806427, 0.005340576171875], [0.013452650047838688, 0.01706857420504093, -0.9997638463973999, 1.4801654815673828], [0.9998562335968018, 0.010088101029396057, 0.013626123778522015, -1.73486328125], [0.0, 0.0, 0.0, 1.0]], [[-0.8438889980316162, -0.5360409021377563, -0.022614192217588425, 1.090576171875], [0.0214761383831501, 0.008366351947188377, -0.9997342824935913, 1.493072509765625], [0.536087691783905, -0.8441506028175354, 0.0044518145732581615, -1.277587890625], [0.0, 0.0, 0.0, 1.0]], [[0.9478750824928284, 0.3186199963092804, 0.003774668090045452, -1.1436767578125], [-0.003928756341338158, 0.023531362414360046, -0.9997153878211975, 1.5620393753051758], [-0.31861814856529236, 0.9475904107093811, 0.023556571453809738, -0.1561279296875], [0.0, 0.0, 0.0, 1.0]], [[0.009150593541562557, 0.9998303055763245, 0.01598421297967434, -0.028839111328125], [-0.0017952251946553588, 0.016001282259821892, -0.9998703598976135, 1.5680608749389648], [-0.999956488609314, 0.009120757691562176, 0.0019413415575399995, 0.04443359375], [0.0, 0.0, 0.0, 1.0]], [[-0.9237161874771118, 0.3830472528934479, -0.004804887343198061, 1.1607666015625], [0.002420542761683464, -0.006706405896693468, -0.9999746084213257, 1.547811508178711], [-0.3830696642398834, -0.9237043857574463, 0.005267634987831116, -0.04364013671875], [0.0, 0.0, 0.0, 1.0]]], "view": [[0.0, -2.0, 100.0], [-2.0, 0.0, 100.0], [0.0, 0.0, 1.0]], "bev": "bev_b2e711b7b4c74e33be39dd7158ff4a29.png", "aux": "aux_b2e711b7b4c74e33be39dd7158ff4a29.npz", "visibility": "visibility_b2e711b7b4c74e33be39dd7158ff4a29.png", "pose": [[0.6304695010185242, -0.7762140035629272, 0.0, 1447.9146728515625], [0.7762140035629272, 0.6304695010185242, 0.0, 1215.8028564453125], [0.0, 0.0, 1.0, 0.0], [0.0, 0.0, 0.0, 1.0]], "pose_inverse": [[0.6304695010185242, 0.7762140035629272, 0.0, -1856.5892333984375], [-0.7762140035629272, 0.6304695010185242, 0.0, 357.364990234375], [0.0, 0.0, 1.0, 0.0], [0.0, 0.0, 0.0, 1.0]], "cam_ids": [0, 1, 2, 3, 4, 5], "cam_channels": ["CAM_FRONT_LEFT", "CAM_FRONT", "CAM_FRONT_RIGHT", "CAM_BACK_LEFT", "CAM_BACK", "CAM_BACK_RIGHT"], "token": "b2e711b7b4c74e33be39dd7158ff4a29", "scene": "scene-0811"}, {"images": ["samples/CAM_FRONT_LEFT/n008-2018-09-18-15-26-58-0400__CAM_FRONT_LEFT__1537299083404799.jpg", "samples/CAM_FRONT/n008-2018-09-18-15-26-58-0400__CAM_FRONT__1537299083412404.jpg", "samples/CAM_FRONT_RIGHT/n008-2018-09-18-15-26-58-0400__CAM_FRONT_RIGHT__1537299083420482.jpg", "samples/CAM_BACK_LEFT/n008-2018-09-18-15-26-58-0400__CAM_BACK_LEFT__1537299083447405.jpg", "samples/CAM_BACK/n008-2018-09-18-15-26-58-0400__CAM_BACK__1537299083437558.jpg", "samples/CAM_BACK_RIGHT/n008-2018-09-18-15-26-58-0400__CAM_BACK_RIGHT__1537299083428113.jpg"], "intrinsics": [[[1257.8625342125129, 0.0, 827.2410631095686], [0.0, 1257.8625342125129, 450.915498205774], [0.0, 0.0, 1.0]], [[1252.8131021185304, 0.0, 826.588114781398], [0.0, 1252.8131021185304, 469.9846626224581], [0.0, 0.0, 1.0]], [[1256.7485116440405, 0.0, 817.7887570959712], [0.0, 1256.7485116440403, 451.9541780095127], [0.0, 0.0, 1.0]], [[1254.9860565800168, 0.0, 829.5769333630991], [0.0, 1254.9860565800168, 467.1680561863987], [0.0, 0.0, 1.0]], [[796.8910634503094, 0.0, 857.7774326863696], [0.0, 796.8910634503094, 476.8848988407415], [0.0, 0.0, 1.0]], [[1249.9629280788233, 0.0, 825.3768045375984], [0.0, 1249.9629280788233, 462.54816385708756], [0.0, 0.0, 1.0]]], "extrinsics": [[[0.8225635290145874, -0.5686671733856201, -0.0026198008563369513, -1.005126953125], [0.011437781155109406, 0.02115006372332573, -0.9997108578681946, 1.488295555114746], [0.5685580968856812, 0.8222958445549011, 0.02390156127512455, -1.3333740234375], [0.0, 0.0, 0.0, 1.0]], [[0.010334675200283527, -0.999803900718689, -0.016892025247216225, 0.00537109375], [0.013376670889556408, 0.017029646784067154, -0.9997655153274536, 1.48016357421875], [0.9998570680618286, 0.010106293484568596, 0.013550044037401676, -1.7347412109375], [0.0, 0.0, 0.0, 1.0]], [[-0.8438838720321655, -0.5360530614852905, -0.022515496239066124, 1.090576171875], [0.02138151042163372, 0.008331364952027798, -0.9997366666793823, 1.493072509765625], [0.5360994935035706, -0.8441431522369385, 0.004430919885635376, -1.277587890625], [0.0, 0.0, 0.0, 1.0]], [[0.9478756785392761, 0.318619042634964, 0.0036964728496968746, -1.143798828125], [-0.003998231142759323, 0.023492788895964622, -0.99971604347229, 1.5620441436767578], [-0.3186153471469879, 0.9475916624069214, 0.02354215644299984, -0.156005859375], [0.0, 0.0, 0.0, 1.0]], [[0.00914675835520029, 0.9998308420181274, 0.015954717993736267, -0.02880859375], [-0.0018662007059901953, 0.015972426161170006, -0.9998706579208374, 1.5680608749389648], [-0.9999564290046692, 0.00911582913249731, 0.0020119815599173307, 0.04443359375], [0.0, 0.0, 0.0, 1.0]], [[-0.9237204790115356, 0.3830380141735077, -0.004723962862044573, 1.1605224609375], [0.002320630243048072, -0.00673622265458107, -0.9999746680259705, 1.5478129386901855], [-0.383060097694397, -0.9237080216407776, 0.00533349858596921, -0.043701171875], [0.0, 0.0, 0.0, 1.0]]], "view": [[0.0, -2.0, 100.0], [-2.0, 0.0, 100.0], [0.0, 0.0, 1.0]], "bev": "bev_5b01f925e72c41ac8230bdf9974e894c.png", "aux": "aux_5b01f925e72c41ac8230bdf9974e894c.npz", "visibility": "visibility_5b01f925e72c41ac8230bdf9974e894c.png", "pose": [[0.6304532885551453, -0.7762271761894226, 0.0, 1447.9146728515625], [0.7762271761894226, 0.6304532885551453, 0.0, 1215.8028564453125], [0.0, 0.0, 1.0, 0.0], [0.0, 0.0, 0.0, 1.0]], "pose_inverse": [[0.6304532885551453, 0.7762271761894226, 0.0, -1856.581787109375], [-0.7762271761894226, 0.6304532885551453, 0.0, 357.4038391113281], [0.0, 0.0, 1.0, 0.0], [0.0, 0.0, 0.0, 1.0]], "cam_ids": [0, 1, 2, 3, 4, 5], "cam_channels": ["CAM_FRONT_LEFT", "CAM_FRONT", "CAM_FRONT_RIGHT", "CAM_BACK_LEFT", "CAM_BACK", "CAM_BACK_RIGHT"], "token": "5b01f925e72c41ac8230bdf9974e894c", "scene": "scene-0811"}, {"images": ["samples/CAM_FRONT_LEFT/n008-2018-09-18-15-26-58-0400__CAM_FRONT_LEFT__1537299083904799.jpg", "samples/CAM_FRONT/n008-2018-09-18-15-26-58-0400__CAM_FRONT__1537299083912404.jpg", "samples/CAM_FRONT_RIGHT/n008-2018-09-18-15-26-58-0400__CAM_FRONT_RIGHT__1537299083920482.jpg", "samples/CAM_BACK_LEFT/n008-2018-09-18-15-26-58-0400__CAM_BACK_LEFT__1537299083947405.jpg", "samples/CAM_BACK/n008-2018-09-18-15-26-58-0400__CAM_BACK__1537299083941056.jpg", "samples/CAM_BACK_RIGHT/n008-2018-09-18-15-26-58-0400__CAM_BACK_RIGHT__1537299083928113.jpg"], "intrinsics": [[[1257.8625342125129, 0.0, 827.2410631095686], [0.0, 1257.8625342125129, 450.915498205774], [0.0, 0.0, 1.0]], [[1252.8131021185304, 0.0, 826.588114781398], [0.0, 1252.8131021185304, 469.9846626224581], [0.0, 0.0, 1.0]], [[1256.7485116440405, 0.0, 817.7887570959712], [0.0, 1256.7485116440403, 451.9541780095127], [0.0, 0.0, 1.0]], [[1254.9860565800168, 0.0, 829.5769333630991], [0.0, 1254.9860565800168, 467.1680561863987], [0.0, 0.0, 1.0]], [[796.8910634503094, 0.0, 857.7774326863696], [0.0, 796.8910634503094, 476.8848988407415], [0.0, 0.0, 1.0]], [[1249.9629280788233, 0.0, 825.3768045375984], [0.0, 1249.9629280788233, 462.54816385708756], [0.0, 0.0, 1.0]]], "extrinsics": [[[0.8225709795951843, -0.5686565637588501, -0.0026105681899935007, -1.0050048828125], [0.011416077613830566, 0.021102983504533768, -0.9997121095657349, 1.488297462463379], [0.5685479640960693, 0.822304368019104, 0.02385052666068077, -1.333251953125], [0.0, 0.0, 0.0, 1.0]], [[0.010346788913011551, -0.9998044967651367, -0.016848979517817497, 0.00531005859375], [0.013367210514843464, 0.016986671835184097, -0.9997664093971252, 1.4801673889160156], [0.9998570680618286, 0.010119183920323849, 0.013540353626012802, -1.7347412109375], [0.0, 0.0, 0.0, 1.0]], [[-0.8438785672187805, -0.5360624194145203, -0.022497791796922684, 1.090576171875], [0.02138502709567547, 0.008292892016470432, -0.9997369050979614, 1.493072509765625], [0.5361079573631287, -0.8441376090049744, 0.004465513862669468, -1.2777099609375], [0.0, 0.0, 0.0, 1.0]], [[0.9478734135627747, 0.31862586736679077, 0.003671476151794195, -1.14404296875], [-0.004015803802758455, 0.02346610836684704, -0.9997165203094482, 1.5620431900024414], [-0.3186217248439789, 0.9475900530815125, 0.02352243848145008, -0.15606689453125], [0.0, 0.0, 0.0, 1.0]], [[0.009141406044363976, 0.9998313784599304, 0.01592591218650341, -0.028778076171875], [-0.0018922688905149698, 0.015943845734000206, -0.9998710751533508, 1.5680618286132812], [-0.9999564290046692, 0.009110083803534508, 0.002037698868662119, 0.04443359375], [0.0, 0.0, 0.0, 1.0]], [[-0.9237232804298401, 0.38303110003471375, -0.004736792296171188, 1.1607666015625], [0.0023211247753351927, -0.006768626626580954, -0.9999743700027466, 1.5478119850158691], [-0.38305333256721497, -0.9237106442451477, 0.00536327576264739, -0.043701171875], [0.0, 0.0, 0.0, 1.0]]], "view": [[0.0, -2.0, 100.0], [-2.0, 0.0, 100.0], [0.0, 0.0, 1.0]], "bev": "bev_777cf3123cf140d3af5e0579929f11df.png", "aux": "aux_777cf3123cf140d3af5e0579929f11df.npz", "visibility": "visibility_777cf3123cf140d3af5e0579929f11df.png", "pose": [[0.6304782629013062, -0.776206910610199, 0.0, 1447.9146728515625], [0.776206910610199, 0.6304782629013062, 0.0, 1215.8028564453125], [0.0, 0.0, 1.0, 0.0], [0.0, 0.0, 0.0, 1.0]], "pose_inverse": [[0.6304782629013062, 0.776206910610199, 0.0, -1856.59326171875], [-0.776206910610199, 0.6304782629013062, 0.0, 357.3441162109375], [0.0, 0.0, 1.0, 0.0], [0.0, 0.0, 0.0, 1.0]], "cam_ids": [0, 1, 2, 3, 4, 5], "cam_channels": ["CAM_FRONT_LEFT", "CAM_FRONT", "CAM_FRONT_RIGHT", "CAM_BACK_LEFT", "CAM_BACK", "CAM_BACK_RIGHT"], "token": "777cf3123cf140d3af5e0579929f11df", "scene": "scene-0811"}, {"images": ["samples/CAM_FRONT_LEFT/n008-2018-09-18-15-26-58-0400__CAM_FRONT_LEFT__1537299084404799.jpg", "samples/CAM_FRONT/n008-2018-09-18-15-26-58-0400__CAM_FRONT__1537299084412414.jpg", "samples/CAM_FRONT_RIGHT/n008-2018-09-18-15-26-58-0400__CAM_FRONT_RIGHT__1537299084420482.jpg", "samples/CAM_BACK_LEFT/n008-2018-09-18-15-26-58-0400__CAM_BACK_LEFT__1537299084447405.jpg", "samples/CAM_BACK/n008-2018-09-18-15-26-58-0400__CAM_BACK__1537299084437558.jpg", "samples/CAM_BACK_RIGHT/n008-2018-09-18-15-26-58-0400__CAM_BACK_RIGHT__1537299084428113.jpg"], "intrinsics": [[[1257.8625342125129, 0.0, 827.2410631095686], [0.0, 1257.8625342125129, 450.915498205774], [0.0, 0.0, 1.0]], [[1252.8131021185304, 0.0, 826.588114781398], [0.0, 1252.8131021185304, 469.9846626224581], [0.0, 0.0, 1.0]], [[1256.7485116440405, 0.0, 817.7887570959712], [0.0, 1256.7485116440403, 451.9541780095127], [0.0, 0.0, 1.0]], [[1254.9860565800168, 0.0, 829.5769333630991], [0.0, 1254.9860565800168, 467.1680561863987], [0.0, 0.0, 1.0]], [[796.8910634503094, 0.0, 857.7774326863696], [0.0, 796.8910634503094, 476.8848988407415], [0.0, 0.0, 1.0]], [[1249.9629280788233, 0.0, 825.3768045375984], [0.0, 1249.9629280788233, 462.54816385708756], [0.0, 0.0, 1.0]]], "extrinsics": [[[0.8225571513175964, -0.5686765313148499, -0.0025963601656258106, -1.0050048828125], [0.011370920576155186, 0.021011685952544212, -0.9997145533561707, 1.4882936477661133], [0.568568766117096, 0.8222929239273071, 0.023749688640236855, -1.333251953125], [0.0, 0.0, 0.0, 1.0]], [[0.01032230257987976, -0.99980628490448, -0.016760194674134254, 0.005401611328125], [0.013311474584043026, 0.016896994784474373, -0.9997686147689819, 1.4801654815673828], [0.9998580813407898, 0.010096773505210876, 0.013483311049640179, -1.73486328125], [0.0, 0.0, 0.0, 1.0]], [[-0.8438904285430908, -0.536048173904419, -0.02239406481385231, 1.0904541015625], [0.0213177427649498, 0.008205201476812363, -0.9997390508651733, 1.493072509765625], [0.5360919833183289, -0.8441476225852966, 0.0045030442997813225, -1.277587890625], [0.0, 0.0, 0.0, 1.0]], [[0.9478779435157776, 0.3186132311820984, 0.003627863945439458, -1.143798828125], [-0.004026156850159168, 0.0233610849827528, -0.999718964099884, 1.5620450973510742], [-0.31860843300819397, 0.9475968480110168, 0.0234262403100729, -0.1558837890625], [0.0, 0.0, 0.0, 1.0]], [[0.009153025224804878, 0.9998328685760498, 0.015825491398572922, -0.0289306640625], [-0.0019054347649216652, 0.01584356278181076, -0.999872624874115, 1.5680618286132812], [-0.9999563097953796, 0.009121636860072613, 0.00205013295635581, 0.04443359375], [0.0, 0.0, 0.0, 1.0]], [[-0.9237180948257446, 0.38304391503334045, -0.004718227311968803, 1.16064453125], [0.0022641790565103292, -0.006857286673039198, -0.9999739527702332, 1.547811508178711], [-0.3830662667751312, -0.9237046837806702, 0.00546692032366991, -0.04376220703125], [0.0, 0.0, 0.0, 1.0]]], "view": [[0.0, -2.0, 100.0], [-2.0, 0.0, 100.0], [0.0, 0.0, 1.0]], "bev": "bev_a11d98c5e983429684b251a3049c0725.png", "aux": "aux_a11d98c5e983429684b251a3049c0725.npz", "visibility": "visibility_a11d98c5e983429684b251a3049c0725.png", "pose": [[0.630518913269043, -0.7761738896369934, 0.0, 1447.9146728515625], [0.7761738896369934, 0.630518913269043, 0.0, 1215.8028564453125], [0.0, 0.0, 1.0, 0.0], [0.0, 0.0, 0.0, 1.0]], "pose_inverse": [[0.630518913269043, 0.7761738896369934, 0.0, -1856.612060546875], [-0.7761738896369934, 0.630518913269043, 0.0, 357.2468566894531], [0.0, 0.0, 1.0, 0.0], [0.0, 0.0, 0.0, 1.0]], "cam_ids": [0, 1, 2, 3, 4, 5], "cam_channels": ["CAM_FRONT_LEFT", "CAM_FRONT", "CAM_FRONT_RIGHT", "CAM_BACK_LEFT", "CAM_BACK", "CAM_BACK_RIGHT"], "token": "a11d98c5e983429684b251a3049c0725", "scene": "scene-0811"}, {"images": ["samples/CAM_FRONT_LEFT/n008-2018-09-18-15-26-58-0400__CAM_FRONT_LEFT__1537299084904799.jpg", "samples/CAM_FRONT/n008-2018-09-18-15-26-58-0400__CAM_FRONT__1537299084912404.jpg", "samples/CAM_FRONT_RIGHT/n008-2018-09-18-15-26-58-0400__CAM_FRONT_RIGHT__1537299084920482.jpg", "samples/CAM_BACK_LEFT/n008-2018-09-18-15-26-58-0400__CAM_BACK_LEFT__1537299084947405.jpg", "samples/CAM_BACK/n008-2018-09-18-15-26-58-0400__CAM_BACK__1537299084937558.jpg", "samples/CAM_BACK_RIGHT/n008-2018-09-18-15-26-58-0400__CAM_BACK_RIGHT__1537299084928113.jpg"], "intrinsics": [[[1257.8625342125129, 0.0, 827.2410631095686], [0.0, 1257.8625342125129, 450.915498205774], [0.0, 0.0, 1.0]], [[1252.8131021185304, 0.0, 826.588114781398], [0.0, 1252.8131021185304, 469.9846626224581], [0.0, 0.0, 1.0]], [[1256.7485116440405, 0.0, 817.7887570959712], [0.0, 1256.7485116440403, 451.9541780095127], [0.0, 0.0, 1.0]], [[1254.9860565800168, 0.0, 829.5769333630991], [0.0, 1254.9860565800168, 467.1680561863987], [0.0, 0.0, 1.0]], [[796.8910634503094, 0.0, 857.7774326863696], [0.0, 796.8910634503094, 476.8848988407415], [0.0, 0.0, 1.0]], [[1249.9629280788233, 0.0, 825.3768045375984], [0.0, 1249.9629280788233, 462.54816385708756], [0.0, 0.0, 1.0]]], "extrinsics": [[[0.8225645422935486, -0.5686653256416321, -0.0027192123234272003, -1.0050048828125], [0.011241489090025425, 0.02104100212454796, -0.9997153878211975, 1.488295555114746], [0.5685607194900513, 0.8222998380661011, 0.023700224235653877, -1.3333740234375], [0.0, 0.0, 0.0, 1.0]], [[0.010335206985473633, -0.9998058080673218, -0.016780460253357887, 0.005401611328125], [0.01320434920489788, 0.01691635139286518, -0.9997696876525879, 1.4801654815673828], [0.9998593926429749, 0.010111256502568722, 0.013376617804169655, -1.734619140625], [0.0, 0.0, 0.0, 1.0]], [[-0.843885600566864, -0.5360583662986755, -0.02232803776860237, 1.090576171875], [0.0212342981249094, 0.008213533088564873, -0.999740719795227, 1.4930763244628906], [0.5361027717590332, -0.8441410064697266, 0.004451540298759937, -1.277587890625], [0.0, 0.0, 0.0, 1.0]], [[0.9478756189346313, 0.31862178444862366, 0.003470378927886486, -1.14404296875], [-0.004195346496999264, 0.02336961217224598, -0.9997180700302124, 1.5620441436767578], [-0.31861305236816406, 0.9475938081741333, 0.023488212376832962, -0.1561279296875], [0.0, 0.0, 0.0, 1.0]], [[0.009147804230451584, 0.9998328685760498, 0.01582818292081356, -0.028900146484375], [-0.0020530009642243385, 0.015847589820623398, -0.9998723268508911, 1.5680627822875977], [-0.9999560713768005, 0.00911415833979845, 0.002197629539296031, 0.044189453125], [0.0, 0.0, 0.0, 1.0]], [[-0.9237220287322998, 0.3830353319644928, -0.004625850357115269, 1.1607666015625], [0.002164965495467186, -0.006855514831840992, -0.9999741315841675, 1.547811508178711], [-0.383057177066803, -0.9237082004547119, 0.005503332242369652, -0.043792724609375], [0.0, 0.0, 0.0, 1.0]]], "view": [[0.0, -2.0, 100.0], [-2.0, 0.0, 100.0], [0.0, 0.0, 1.0]], "bev": "bev_8215b2cc494c48c885f78d29da441252.png", "aux": "aux_8215b2cc494c48c885f78d29da441252.npz", "visibility": "visibility_8215b2cc494c48c885f78d29da441252.png", "pose": [[0.6305158138275146, -0.776176393032074, 0.0, 1447.9146728515625], [0.776176393032074, 0.6305158138275146, 0.0, 1215.8028564453125], [0.0, 0.0, 1.0, 0.0], [0.0, 0.0, 0.0, 1.0]], "pose_inverse": [[0.6305158138275146, 0.776176393032074, 0.0, -1856.610595703125], [-0.776176393032074, 0.6305158138275146, 0.0, 357.2542724609375], [0.0, 0.0, 1.0, 0.0], [0.0, 0.0, 0.0, 1.0]], "cam_ids": [0, 1, 2, 3, 4, 5], "cam_channels": ["CAM_FRONT_LEFT", "CAM_FRONT", "CAM_FRONT_RIGHT", "CAM_BACK_LEFT", "CAM_BACK", "CAM_BACK_RIGHT"], "token": "8215b2cc494c48c885f78d29da441252", "scene": "scene-0811"}, {"images": ["samples/CAM_FRONT_LEFT/n008-2018-09-18-15-26-58-0400__CAM_FRONT_LEFT__1537299085404799.jpg", "samples/CAM_FRONT/n008-2018-09-18-15-26-58-0400__CAM_FRONT__1537299085412404.jpg", "samples/CAM_FRONT_RIGHT/n008-2018-09-18-15-26-58-0400__CAM_FRONT_RIGHT__1537299085420482.jpg", "samples/CAM_BACK_LEFT/n008-2018-09-18-15-26-58-0400__CAM_BACK_LEFT__1537299085447405.jpg", "samples/CAM_BACK/n008-2018-09-18-15-26-58-0400__CAM_BACK__1537299085437558.jpg", "samples/CAM_BACK_RIGHT/n008-2018-09-18-15-26-58-0400__CAM_BACK_RIGHT__1537299085428113.jpg"], "intrinsics": [[[1257.8625342125129, 0.0, 827.2410631095686], [0.0, 1257.8625342125129, 450.915498205774], [0.0, 0.0, 1.0]], [[1252.8131021185304, 0.0, 826.588114781398], [0.0, 1252.8131021185304, 469.9846626224581], [0.0, 0.0, 1.0]], [[1256.7485116440405, 0.0, 817.7887570959712], [0.0, 1256.7485116440403, 451.9541780095127], [0.0, 0.0, 1.0]], [[1254.9860565800168, 0.0, 829.5769333630991], [0.0, 1254.9860565800168, 467.1680561863987], [0.0, 0.0, 1.0]], [[796.8910634503094, 0.0, 857.7774326863696], [0.0, 796.8910634503094, 476.8848988407415], [0.0, 0.0, 1.0]], [[1249.9629280788233, 0.0, 825.3768045375984], [0.0, 1249.9629280788233, 462.54816385708756], [0.0, 0.0, 1.0]]], "extrinsics": [[[0.8225696682929993, -0.5686578154563904, -0.002720339223742485, -1.0050048828125], [0.011275277473032475, 0.021092232316732407, -0.9997139573097229, 1.4882936477661133], [0.568552553653717, 0.8223037123680115, 0.023761605843901634, -1.3333740234375], [0.0, 0.0, 0.0, 1.0]], [[0.010339358821511269, -0.9998049139976501, -0.01683061569929123, 0.00531005859375], [0.013213938102126122, 0.01696665771305561, -0.9997687339782715, 1.48016357421875], [0.9998592138290405, 0.010114573873579502, 0.013386784121394157, -1.7347412109375], [0.0, 0.0, 0.0, 1.0]], [[-0.8438846468925476, -0.5360592603683472, -0.022341609001159668, 1.090576171875], [0.02121896855533123, 0.008262994699180126, -0.999740719795227, 1.493072509765625], [0.5361048579216003, -0.8441399931907654, 0.00440160883590579, -1.277587890625], [0.0, 0.0, 0.0, 1.0]], [[0.9478759765625, 0.318619966506958, 0.003535911673679948, -1.143798828125], [-0.004146041348576546, 0.023428676649928093, -0.9997169375419617, 1.5620441436767578], [-0.31861260533332825, 0.9475929141044617, 0.02352849207818508, -0.15606689453125], [0.0, 0.0, 0.0, 1.0]], [[0.00914712529629469, 0.9998316764831543, 0.01590360887348652, -0.028839111328125], [-0.002043136628344655, 0.015922928228974342, -0.9998710751533508, 1.5680599212646484], [-0.9999561309814453, 0.009113452397286892, 0.0021884406451135874, 0.044189453125], [0.0, 0.0, 0.0, 1.0]], [[-0.9237227439880371, 0.38303399085998535, -0.004603643901646137, 1.1605224609375], [0.002163732424378395, -0.006800541188567877, -0.9999744892120361, 1.5478124618530273], [-0.38305553793907166, -0.9237092733383179, 0.005453031975775957, -0.043670654296875], [0.0, 0.0, 0.0, 1.0]]], "view": [[0.0, -2.0, 100.0], [-2.0, 0.0, 100.0], [0.0, 0.0, 1.0]], "bev": "bev_67fbe8cee39a404eab42cf2007394209.png", "aux": "aux_67fbe8cee39a404eab42cf2007394209.npz", "visibility": "visibility_67fbe8cee39a404eab42cf2007394209.png", "pose": [[0.6305221319198608, -0.7761712670326233, 0.0, 1447.9146728515625], [0.7761712670326233, 0.6305221319198608, 0.0, 1215.8028564453125], [0.0, 0.0, 1.0, 0.0], [0.0, 0.0, 0.0, 1.0]], "pose_inverse": [[0.6305221319198608, 0.7761712670326233, 0.0, -1856.613525390625], [-0.7761712670326233, 0.6305221319198608, 0.0, 357.2391357421875], [0.0, 0.0, 1.0, 0.0], [0.0, 0.0, 0.0, 1.0]], "cam_ids": [0, 1, 2, 3, 4, 5], "cam_channels": ["CAM_FRONT_LEFT", "CAM_FRONT", "CAM_FRONT_RIGHT", "CAM_BACK_LEFT", "CAM_BACK", "CAM_BACK_RIGHT"], "token": "67fbe8cee39a404eab42cf2007394209", "scene": "scene-0811"}, {"images": ["samples/CAM_FRONT_LEFT/n008-2018-09-18-15-26-58-0400__CAM_FRONT_LEFT__1537299085904799.jpg", "samples/CAM_FRONT/n008-2018-09-18-15-26-58-0400__CAM_FRONT__1537299085912415.jpg", "samples/CAM_FRONT_RIGHT/n008-2018-09-18-15-26-58-0400__CAM_FRONT_RIGHT__1537299085920482.jpg", "samples/CAM_BACK_LEFT/n008-2018-09-18-15-26-58-0400__CAM_BACK_LEFT__1537299085947405.jpg", "samples/CAM_BACK/n008-2018-09-18-15-26-58-0400__CAM_BACK__1537299085937558.jpg", "samples/CAM_BACK_RIGHT/n008-2018-09-18-15-26-58-0400__CAM_BACK_RIGHT__1537299085928113.jpg"], "intrinsics": [[[1257.8625342125129, 0.0, 827.2410631095686], [0.0, 1257.8625342125129, 450.915498205774], [0.0, 0.0, 1.0]], [[1252.8131021185304, 0.0, 826.588114781398], [0.0, 1252.8131021185304, 469.9846626224581], [0.0, 0.0, 1.0]], [[1256.7485116440405, 0.0, 817.7887570959712], [0.0, 1256.7485116440403, 451.9541780095127], [0.0, 0.0, 1.0]], [[1254.9860565800168, 0.0, 829.5769333630991], [0.0, 1254.9860565800168, 467.1680561863987], [0.0, 0.0, 1.0]], [[796.8910634503094, 0.0, 857.7774326863696], [0.0, 796.8910634503094, 476.8848988407415], [0.0, 0.0, 1.0]], [[1249.9629280788233, 0.0, 825.3768045375984], [0.0, 1249.9629280788233, 462.54816385708756], [0.0, 0.0, 1.0]]], "extrinsics": [[[0.822563648223877, -0.568666934967041, -0.0026548225432634354, -1.0050048828125], [0.011254272423684597, 0.020946228876709938, -0.9997172951698303, 1.4882946014404297], [0.5685617327690125, 0.8223012089729309, 0.02362953871488571, -1.33319091796875], [0.0, 0.0, 0.0, 1.0]], [[0.010330211371183395, -0.9998072981834412, -0.016692673787474632, 0.005401611328125], [0.013188915327191353, 0.016828346997499466, -0.9997714161872864, 1.4801673889160156], [0.9998595714569092, 0.010107669048011303, 0.013360214419662952, -1.73486328125], [0.0, 0.0, 0.0, 1.0]], [[-0.8438889980316162, -0.5360563397407532, -0.02224704809486866, 1.0906982421875], [0.021189851686358452, 0.00813241209834814, -0.9997423887252808, 1.4930686950683594], [0.5360991358757019, -0.8441430926322937, 0.004496099893003702, -1.277587890625], [0.0, 0.0, 0.0, 1.0]], [[0.9478744864463806, 0.3186247944831848, 0.0034949006512761116, -1.1439208984375], [-0.004148076754063368, 0.023305706679821014, -0.9997197389602661, 1.5620441436767578], [-0.3186170160770416, 0.9475943446159363, 0.023412562906742096, -0.1561279296875], [0.0, 0.0, 0.0, 1.0]], [[0.009149218909442425, 0.9998340606689453, 0.015754733234643936, -0.028900146484375], [-0.0020455478224903345, 0.01577407494187355, -0.9998734593391418, 1.5680608749389648], [-0.9999560713768005, 0.009115845896303654, 0.0021895295940339565, 0.0443115234375], [0.0, 0.0, 0.0, 1.0]], [[-0.9237208366394043, 0.3830382525920868, -0.004629266913980246, 1.1605224609375], [0.0021344302222132683, -0.006938021630048752, -0.9999736547470093, 1.5478124618530273], [-0.3830602765083313, -0.9237064123153687, 0.005591228138655424, -0.04376220703125], [0.0, 0.0, 0.0, 1.0]]], "view": [[0.0, -2.0, 100.0], [-2.0, 0.0, 100.0], [0.0, 0.0, 1.0]], "bev": "bev_ab573de03102489d8d20d41225643aa6.png", "aux": "aux_ab573de03102489d8d20d41225643aa6.npz", "visibility": "visibility_ab573de03102489d8d20d41225643aa6.png", "pose": [[0.6304948329925537, -0.7761934399604797, 0.0, 1447.9146728515625], [0.7761934399604797, 0.6304948329925537, 0.0, 1215.8028564453125], [0.0, 0.0, 1.0, 0.0], [0.0, 0.0, 0.0, 1.0]], "pose_inverse": [[0.6304948329925537, 0.7761934399604797, 0.0, -1856.6009521484375], [-0.7761934399604797, 0.6304948329925537, 0.0, 357.30450439453125], [0.0, 0.0, 1.0, 0.0], [0.0, 0.0, 0.0, 1.0]], "cam_ids": [0, 1, 2, 3, 4, 5], "cam_channels": ["CAM_FRONT_LEFT", "CAM_FRONT", "CAM_FRONT_RIGHT", "CAM_BACK_LEFT", "CAM_BACK", "CAM_BACK_RIGHT"], "token": "ab573de03102489d8d20d41225643aa6", "scene": "scene-0811"}, {"images": ["samples/CAM_FRONT_LEFT/n008-2018-09-18-15-26-58-0400__CAM_FRONT_LEFT__1537299086404799.jpg", "samples/CAM_FRONT/n008-2018-09-18-15-26-58-0400__CAM_FRONT__1537299086412404.jpg", "samples/CAM_FRONT_RIGHT/n008-2018-09-18-15-26-58-0400__CAM_FRONT_RIGHT__1537299086420482.jpg", "samples/CAM_BACK_LEFT/n008-2018-09-18-15-26-58-0400__CAM_BACK_LEFT__1537299086447405.jpg", "samples/CAM_BACK/n008-2018-09-18-15-26-58-0400__CAM_BACK__1537299086437560.jpg", "samples/CAM_BACK_RIGHT/n008-2018-09-18-15-26-58-0400__CAM_BACK_RIGHT__1537299086428113.jpg"], "intrinsics": [[[1257.8625342125129, 0.0, 827.2410631095686], [0.0, 1257.8625342125129, 450.915498205774], [0.0, 0.0, 1.0]], [[1252.8131021185304, 0.0, 826.588114781398], [0.0, 1252.8131021185304, 469.9846626224581], [0.0, 0.0, 1.0]], [[1256.7485116440405, 0.0, 817.7887570959712], [0.0, 1256.7485116440403, 451.9541780095127], [0.0, 0.0, 1.0]], [[1254.9860565800168, 0.0, 829.5769333630991], [0.0, 1254.9860565800168, 467.1680561863987], [0.0, 0.0, 1.0]], [[796.8910634503094, 0.0, 857.7774326863696], [0.0, 796.8910634503094, 476.8848988407415], [0.0, 0.0, 1.0]], [[1249.9629280788233, 0.0, 825.3768045375984], [0.0, 1249.9629280788233, 462.54816385708756], [0.0, 0.0, 1.0]]], "extrinsics": [[[0.8225520253181458, -0.5686839818954468, -0.0026059977244585752, -1.0050048828125], [0.011297153308987617, 0.020921560004353523, -0.9997172951698303, 1.488295555114746], [0.568577766418457, 0.8222900032997131, 0.023633578792214394, -1.33319091796875], [0.0, 0.0, 0.0, 1.0]], [[0.010312950238585472, -0.9998078346252441, -0.016672775149345398, 0.00543212890625], [0.01326308585703373, 0.016808966174721718, -0.9997707605361938, 1.4801654815673828], [0.9998588562011719, 0.010089459829032421, 0.013433887623250484, -1.7347412109375], [0.0, 0.0, 0.0, 1.0]], [[-0.8438947796821594, -0.5360439419746399, -0.022327527403831482, 1.0906982421875], [0.021293727681040764, 0.008118856698274612, -0.9997403025627136, 1.493072509765625], [0.5360860228538513, -0.8441510796546936, 0.004562912043184042, -1.277587890625], [0.0, 0.0, 0.0, 1.0]], [[0.9478771090507507, 0.31861671805381775, 0.003532773582264781, -1.143798828125], [-0.004104610066860914, 0.02329586260020733, -0.9997202157974243, 1.5620441436767578], [-0.3186098635196686, 0.947597324848175, 0.023389410227537155, -0.156005859375], [0.0, 0.0, 0.0, 1.0]], [[0.009156102314591408, 0.9998341202735901, 0.015752047300338745, -0.028961181640625], [-0.0019815994892269373, 0.015770819038152695, -0.9998736381530762, 1.5680599212646484], [-0.9999561309814453, 0.0091237