[{"images": ["samples/CAM_FRONT_LEFT/n008-2018-08-30-15-16-55-0400__CAM_FRONT_LEFT__1535657455254799.jpg", "samples/CAM_FRONT/n008-2018-08-30-15-16-55-0400__CAM_FRONT__1535657455262404.jpg", "samples/CAM_FRONT_RIGHT/n008-2018-08-30-15-16-55-0400__CAM_FRONT_RIGHT__1535657455270482.jpg", "samples/CAM_BACK_LEFT/n008-2018-08-30-15-16-55-0400__CAM_BACK_LEFT__1535657455297405.jpg", "samples/CAM_BACK/n008-2018-08-30-15-16-55-0400__CAM_BACK__1535657455287558.jpg", "samples/CAM_BACK_RIGHT/n008-2018-08-30-15-16-55-0400__CAM_BACK_RIGHT__1535657455278113.jpg"], "intrinsics": [[[1257.8625342125129, 0.0, 827.2410631095686], [0.0, 1257.8625342125129, 450.915498205774], [0.0, 0.0, 1.0]], [[1252.8131021185304, 0.0, 826.588114781398], [0.0, 1252.8131021185304, 469.9846626224581], [0.0, 0.0, 1.0]], [[1256.7485116440405, 0.0, 817.7887570959712], [0.0, 1256.7485116440403, 451.9541780095127], [0.0, 0.0, 1.0]], [[1254.9860565800168, 0.0, 829.5769333630991], [0.0, 1254.9860565800168, 467.1680561863987], [0.0, 0.0, 1.0]], [[796.8910634503094, 0.0, 857.7774326863696], [0.0, 796.8910634503094, 476.8848988407415], [0.0, 0.0, 1.0]], [[1249.9629280788233, 0.0, 825.3768045375984], [0.0, 1249.9629280788233, 462.54816385708756], [0.0, 0.0, 1.0]]], "extrinsics": [[[0.8217165470123291, -0.5696771740913391, -0.015804575756192207, -0.82861328125], [0.0048059518449008465, 0.034658268094062805, -0.9993876814842224, 1.48923659324646], [0.5698761940002441, 0.8211374282836914, 0.031217114999890327, -1.2138671875], [0.0, 0.0, 0.0, 1.0]], [[0.009099855087697506, -0.9994979500770569, -0.030350426211953163, 0.00897216796875], [0.0067994678393006325, 0.030412830412387848, -0.9995143413543701, 1.481304407119751], [0.999935507774353, 0.008889072574675083, 0.00707280682399869, -1.55810546875], [0.0, 0.0, 0.0, 1.0]], [[-0.8444435000419617, -0.5351034998893738, -0.024073800072073936, 0.97479248046875], [0.014826422557234764, 0.021576154977083206, -0.9996572136878967, 1.4950847625732422], [0.5354394912719727, -0.8445109724998474, -0.010286173783242702, -1.20208740234375], [0.0, 0.0, 0.0, 1.0]], [[0.9478750824928284, 0.31863847374916077, 0.0015140291070565581, -1.13427734375], [-0.010553109459578991, 0.03614121675491333, -0.999290943145752, 1.5619316101074219], [-0.3184673488140106, 0.9471870064735413, 0.03761998564004898, -0.159423828125], [0.0, 0.0, 0.0, 1.0]], [[0.009529627859592438, 0.9995406866073608, 0.02876773662865162, -0.0290679931640625], [-0.008373490534722805, 0.028847800567746162, -0.9995487332344055, 1.5675640106201172], [-0.999919593334198, 0.009284437634050846, 0.00864455383270979, -0.0126953125], [0.0, 0.0, 0.0, 1.0]], [[-0.9235159158706665, 0.38350704312324524, 0.00637936033308506, 1.0660400390625], [-0.004265557508915663, 0.006361976265907288, -0.9999706745147705, 1.5473699569702148], [-0.38353636860847473, -0.9235159754753113, -0.0042395140044391155, -0.08160400390625], [0.0, 0.0, 0.0, 1.0]]], "view": [[0.0, -2.0, 100.0], [-2.0, 0.0, 100.0], [0.0, 0.0, 1.0]], "bev": "bev_22a45c8fce3a44a4abb29c94af34bfe9.png", "aux": "aux_22a45c8fce3a44a4abb29c94af34bfe9.npz", "visibility": "visibility_22a45c8fce3a44a4abb29c94af34bfe9.png", "pose": [[0.6701928377151489, -0.7421870231628418, 0.0, 1106.525390625], [0.7421870231628418, 0.6701928377151489, 0.0, 829.1997680664062], [0.0, 0.0, 1.0, 0.0], [0.0, 0.0, 0.0, 1.0]], "pose_inverse": [[0.6701928377151489, 0.7421870231628418, 0.0, -1357.0067138671875], [-0.7421870231628418, 0.6701928377151489, 0.0, 265.5249938964844], [0.0, 0.0, 1.0, 0.0], [0.0, 0.0, 0.0, 1.0]], "cam_ids": [0, 1, 2, 3, 4, 5], "cam_channels": ["CAM_FRONT_LEFT", "CAM_FRONT", "CAM_FRONT_RIGHT", "CAM_BACK_LEFT", "CAM_BACK", "CAM_BACK_RIGHT"], "token": "22a45c8fce3a44a4abb29c94af34bfe9", "scene": "scene-0768"}, {"images": ["samples/CAM_FRONT_LEFT/n008-2018-08-30-15-16-55-0400__CAM_FRONT_LEFT__1535657455754799.jpg", "samples/CAM_FRONT/n008-2018-08-30-15-16-55-0400__CAM_FRONT__1535657455762404.jpg", "samples/CAM_FRONT_RIGHT/n008-2018-08-30-15-16-55-0400__CAM_FRONT_RIGHT__1535657455770482.jpg", "samples/CAM_BACK_LEFT/n008-2018-08-30-15-16-55-0400__CAM_BACK_LEFT__1535657455797405.jpg", "samples/CAM_BACK/n008-2018-08-30-15-16-55-0400__CAM_BACK__1535657455787558.jpg", "samples/CAM_BACK_RIGHT/n008-2018-08-30-15-16-55-0400__CAM_BACK_RIGHT__1535657455778113.jpg"], "intrinsics": [[[1257.8625342125129, 0.0, 827.2410631095686], [0.0, 1257.8625342125129, 450.915498205774], [0.0, 0.0, 1.0]], [[1252.8131021185304, 0.0, 826.588114781398], [0.0, 1252.8131021185304, 469.9846626224581], [0.0, 0.0, 1.0]], [[1256.7485116440405, 0.0, 817.7887570959712], [0.0, 1256.7485116440403, 451.9541780095127], [0.0, 0.0, 1.0]], [[1254.9860565800168, 0.0, 829.5769333630991], [0.0, 1254.9860565800168, 467.1680561863987], [0.0, 0.0, 1.0]], [[796.8910634503094, 0.0, 857.7774326863696], [0.0, 796.8910634503094, 476.8848988407415], [0.0, 0.0, 1.0]], [[1249.9629280788233, 0.0, 825.3768045375984], [0.0, 1249.9629280788233, 462.54816385708756], [0.0, 0.0, 1.0]]], "extrinsics": [[[0.8216239213943481, -0.5698877573013306, -0.012735038995742798, -0.8447265625], [0.005421877838671207, 0.03015296906232834, -0.999530553817749, 1.489277958869934], [0.5700042247772217, 0.8211691975593567, 0.027864258736371994, -1.2247314453125], [0.0, 0.0, 0.0, 1.0]], [[0.008968573063611984, -0.9996249675750732, -0.025876060128211975, 0.008636474609375], [0.007345427293330431, 0.025942262262105942, -0.9996364712715149, 1.481298565864563], [0.9999328255653381, 0.008775178343057632, 0.0075753373093903065, -1.573974609375], [0.0, 0.0, 0.0, 1.0]], [[-0.844491720199585, -0.53510981798172, -0.022164156660437584, 0.98492431640625], [0.015366606414318085, 0.017157798632979393, -0.9997346997261047, 1.4949874877929688], [0.5353481769561768, -0.8446083664894104, -0.006266797427088022, -1.208740234375], [0.0, 0.0, 0.0, 1.0]], [[0.9478872418403625, 0.31860530376434326, 0.0006659444770775735, -1.1337890625], [-0.010090764611959457, 0.03211018443107605, -0.9994333982467651, 1.5619258880615234], [-0.31844615936279297, 0.9473435282707214, 0.03365180641412735, -0.15966796875], [0.0, 0.0, 0.0, 1.0]], [[0.009591945447027683, 0.9996517896652222, 0.02458256110548973, -0.02886962890625], [-0.00789813045412302, 0.02465866319835186, -0.9996647238731384, 1.567626953125], [-0.9999229311943054, 0.009394550696015358, 0.008131902664899826, -0.0087890625], [0.0, 0.0, 0.0, 1.0]], [[-0.923480749130249, 0.3836210072040558, 0.00424568448215723, 1.0738525390625], [-0.0037506981752812862, 0.0020383349619805813, -0.9999908804893494, 1.5474586486816406], [-0.38362613320350647, -0.9234883785247803, -0.00044351574615575373, -0.078460693359375], [0.0, 0.0, 0.0, 1.0]]], "view": [[0.0, -2.0, 100.0], [-2.0, 0.0, 100.0], [0.0, 0.0, 1.0]], "bev": "bev_f117326a84404b269c028fb22377dcfc.png", "aux": "aux_f117326a84404b269c028fb22377dcfc.npz", "visibility": "visibility_f117326a84404b269c028fb22377dcfc.png", "pose": [[0.6544145345687866, -0.7561360001564026, 0.0, 1108.0716552734375], [0.7561360001564026, 0.6544145345687866, 0.0, 830.906982421875], [0.0, 0.0, 1.0, 0.0], [0.0, 0.0, 0.0, 1.0]], "pose_inverse": [[0.6544145345687866, 0.7561360001564026, 0.0, -1353.4168701171875], [-0.7561360001564026, 0.6544145345687866, 0.0, 294.0952453613281], [0.0, 0.0, 1.0, 0.0], [0.0, 0.0, 0.0, 1.0]], "cam_ids": [0, 1, 2, 3, 4, 5], "cam_channels": ["CAM_FRONT_LEFT", "CAM_FRONT", "CAM_FRONT_RIGHT", "CAM_BACK_LEFT", "CAM_BACK", "CAM_BACK_RIGHT"], "token": "f117326a84404b269c028fb22377dcfc", "scene": "scene-0768"}, {"images": ["samples/CAM_FRONT_LEFT/n008-2018-08-30-15-16-55-0400__CAM_FRONT_LEFT__1535657456254799.jpg", "samples/CAM_FRONT/n008-2018-08-30-15-16-55-0400__CAM_FRONT__1535657456262404.jpg", "samples/CAM_FRONT_RIGHT/n008-2018-08-30-15-16-55-0400__CAM_FRONT_RIGHT__1535657456270482.jpg", "samples/CAM_BACK_LEFT/n008-2018-08-30-15-16-55-0400__CAM_BACK_LEFT__1535657456297405.jpg", "samples/CAM_BACK/n008-2018-08-30-15-16-55-0400__CAM_BACK__1535657456287558.jpg", "samples/CAM_BACK_RIGHT/n008-2018-08-30-15-16-55-0400__CAM_BACK_RIGHT__1535657456278113.jpg"], "intrinsics": [[[1257.8625342125129, 0.0, 827.2410631095686], [0.0, 1257.8625342125129, 450.915498205774], [0.0, 0.0, 1.0]], [[1252.8131021185304, 0.0, 826.588114781398], [0.0, 1252.8131021185304, 469.9846626224581], [0.0, 0.0, 1.0]], [[1256.7485116440405, 0.0, 817.7887570959712], [0.0, 1256.7485116440403, 451.9541780095127], [0.0, 0.0, 1.0]], [[1254.9860565800168, 0.0, 829.5769333630991], [0.0, 1254.9860565800168, 467.1680561863987], [0.0, 0.0, 1.0]], [[796.8910634503094, 0.0, 857.7774326863696], [0.0, 796.8910634503094, 476.8848988407415], [0.0, 0.0, 1.0]], [[1249.9629280788233, 0.0, 825.3768045375984], [0.0, 1249.9629280788233, 462.54816385708756], [0.0, 0.0, 1.0]]], "extrinsics": [[[0.8212282657623291, -0.5704946517944336, -0.010956170037388802, -0.869140625], [0.006256449036300182, 0.02820284105837345, -0.9995826482772827, 1.4892940521240234], [0.5705655813217163, 0.8208169341087341, 0.026730239391326904, -1.240264892578125], [0.0, 0.0, 0.0, 1.0]], [[0.008316281251609325, -0.9996750354766846, -0.024095788598060608, 0.007476806640625], [0.008215649984776974, 0.024164117872714996, -0.9996742606163025, 1.4812589883804321], [0.9999315738677979, 0.008115554228425026, 0.008413936011493206, -1.5986328125], [0.0, 0.0, 0.0, 1.0]], [[-0.8448120951652527, -0.5346092581748962, -0.022033043205738068, 1.00152587890625], [0.016237130388617516, 0.015544349327683449, -0.9997472763061523, 1.494781494140625], [0.5348166823387146, -0.8449563980102539, -0.004451534245163202, -1.2203369140625], [0.0, 0.0, 0.0, 1.0]], [[0.9479148983955383, 0.3185212016105652, 0.0012730618473142385, -1.13427734375], [-0.009035993367433548, 0.030885715037584305, -0.9994820952415466, 1.5619487762451172], [-0.31839561462402344, 0.9474124312400818, 0.03215518593788147, -0.159423828125], [0.0, 0.0, 0.0, 1.0]], [[0.009860866703093052, 0.999680757522583, 0.02326381392776966, -0.028717041015625], [-0.006980495993047953, 0.023333195596933365, -0.9997033476829529, 1.567739486694336], [-0.9999271035194397, 0.009695600718259811, 0.007208353374153376, -0.0008544921875], [0.0, 0.0, 0.0, 1.0]], [[-0.9232967495918274, 0.384076863527298, 0.0028426535427570343, 1.0877685546875], [-0.0028435145504772663, 0.0005655984277836978, -0.9999958276748657, 1.54758882522583], [-0.3840768039226532, -0.9233009219169617, 0.0005699144676327705, -0.07342529296875], [0.0, 0.0, 0.0, 1.0]]], "view": [[0.0, -2.0, 100.0], [-2.0, 0.0, 100.0], [0.0, 0.0, 1.0]], "bev": "bev_867243a39a7f4c979780e76726bc2264.png", "aux": "aux_867243a39a7f4c979780e76726bc2264.npz", "visibility": "visibility_867243a39a7f4c979780e76726bc2264.png", "pose": [[0.635806143283844, -0.7718487977981567, 0.0, 1109.3607177734375], [0.7718487977981567, 0.635806143283844, 0.0, 832.4081420898438], [0.0, 0.0, 1.0, 0.0], [0.0, 0.0, 0.0, 1.0]], "pose_inverse": [[0.635806143283844, 0.7718487977981567, 0.0, -1347.83154296875], [-0.7718487977981567, 0.635806143283844, 0.0, 327.0085754394531], [0.0, 0.0, 1.0, 0.0], [0.0, 0.0, 0.0, 1.0]], "cam_ids": [0, 1, 2, 3, 4, 5], "cam_channels": ["CAM_FRONT_LEFT", "CAM_FRONT", "CAM_FRONT_RIGHT", "CAM_BACK_LEFT", "CAM_BACK", "CAM_BACK_RIGHT"], "token": "867243a39a7f4c979780e76726bc2264", "scene": "scene-0768"}, {"images": ["samples/CAM_FRONT_LEFT/n008-2018-08-30-15-16-55-0400__CAM_FRONT_LEFT__1535657456654799.jpg", "samples/CAM_FRONT/n008-2018-08-30-15-16-55-0400__CAM_FRONT__1535657456662404.jpg", "samples/CAM_FRONT_RIGHT/n008-2018-08-30-15-16-55-0400__CAM_FRONT_RIGHT__1535657456670482.jpg", "samples/CAM_BACK_LEFT/n008-2018-08-30-15-16-55-0400__CAM_BACK_LEFT__1535657456697405.jpg", "samples/CAM_BACK/n008-2018-08-30-15-16-55-0400__CAM_BACK__1535657456687558.jpg", "samples/CAM_BACK_RIGHT/n008-2018-08-30-15-16-55-0400__CAM_BACK_RIGHT__1535657456678113.jpg"], "intrinsics": [[[1257.8625342125129, 0.0, 827.2410631095686], [0.0, 1257.8625342125129, 450.915498205774], [0.0, 0.0, 1.0]], [[1252.8131021185304, 0.0, 826.588114781398], [0.0, 1252.8131021185304, 469.9846626224581], [0.0, 0.0, 1.0]], [[1256.7485116440405, 0.0, 817.7887570959712], [0.0, 1256.7485116440403, 451.9541780095127], [0.0, 0.0, 1.0]], [[1254.9860565800168, 0.0, 829.5769333630991], [0.0, 1254.9860565800168, 467.1680561863987], [0.0, 0.0, 1.0]], [[796.8910634503094, 0.0, 857.7774326863696], [0.0, 796.8910634503094, 476.8848988407415], [0.0, 0.0, 1.0]], [[1249.9629280788233, 0.0, 825.3768045375984], [0.0, 1249.9629280788233, 462.54816385708756], [0.0, 0.0, 1.0]]], "extrinsics": [[[0.8211708068847656, -0.5705788135528564, -0.010882767848670483, -0.8768310546875], [0.004891606513410807, 0.026106424629688263, -0.9996472001075745, 1.4890365600585938], [0.5706616044044495, 0.820827841758728, 0.024228878319263458, -1.2452392578125], [0.0, 0.0, 0.0, 1.0]], [[0.008237707428634167, -0.9997276663780212, -0.021832935512065887, 0.00701904296875], [0.006888443138450384, 0.02188989333808422, -0.9997366666793823, 1.4810365438461304], [0.9999423623085022, 0.008085224777460098, 0.0070668901316821575, -1.6063232421875], [0.0, 0.0, 0.0, 1.0]], [[-0.8448492288589478, -0.5346440672874451, -0.01963232085108757, 1.00677490234375], [0.014962535351514816, 0.013069179840385914, -0.9998026490211487, 1.4945545196533203], [0.5347952246665955, -0.8449763059616089, -0.003041856922209263, -1.22381591796875], [0.0, 0.0, 0.0, 1.0]], [[0.9479005336761475, 0.31856489181518555, -0.0010467725805938244, -1.138427734375], [-0.010541828349232674, 0.028083136305212975, -0.9995499849319458, 1.5619773864746094], [-0.31839218735694885, 0.9474849700927734, 0.029978271573781967, -0.15802001953125], [0.0, 0.0, 0.0, 1.0]], [[0.009862388484179974, 0.999740481376648, 0.020533103495836258, -0.028778076171875], [-0.008380617015063763, 0.020616019144654274, -0.9997523427009583, 1.567718505859375], [-0.9999162554740906, 0.0096878781914711, 0.008581764996051788, 0.00439453125], [0.0, 0.0, 0.0, 1.0]], [[-0.9232942461967468, 0.3840813934803009, 0.003030292456969619, 1.0931396484375], [-0.004129393026232719, -0.0020370257552713156, -0.99998939037323, 1.5475115776062012], [-0.3840711712837219, -0.9232969880104065, 0.0034667975269258022, -0.071258544921875], [0.0, 0.0, 0.0, 1.0]]], "view": [[0.0, -2.0, 100.0], [-2.0, 0.0, 100.0], [0.0, 0.0, 1.0]], "bev": "bev_3bef4724849847ce938f6658eb56ce20.png", "aux": "aux_3bef4724849847ce938f6658eb56ce20.npz", "visibility": "visibility_3bef4724849847ce938f6658eb56ce20.png", "pose": [[0.6194614768028259, -0.7850270867347717, 0.0, 1110.238525390625], [0.7850270867347717, 0.6194614768028259, 0.0, 833.4895629882812], [0.0, 0.0, 1.0, 0.0], [0.0, 0.0, 0.0, 1.0]], "pose_inverse": [[0.6194614768028259, 0.7850270867347717, 0.0, -1342.0618896484375], [-0.7850270867347717, 0.6194614768028259, 0.0, 355.25262451171875], [0.0, 0.0, 1.0, 0.0], [0.0, 0.0, 0.0, 1.0]], "cam_ids": [0, 1, 2, 3, 4, 5], "cam_channels": ["CAM_FRONT_LEFT", "CAM_FRONT", "CAM_FRONT_RIGHT", "CAM_BACK_LEFT", "CAM_BACK", "CAM_BACK_RIGHT"], "token": "3bef4724849847ce938f6658eb56ce20", "scene": "scene-0768"}, {"images": ["samples/CAM_FRONT_LEFT/n008-2018-08-30-15-16-55-0400__CAM_FRONT_LEFT__1535657457154799.jpg", "samples/CAM_FRONT/n008-2018-08-30-15-16-55-0400__CAM_FRONT__1535657457162404.jpg", "samples/CAM_FRONT_RIGHT/n008-2018-08-30-15-16-55-0400__CAM_FRONT_RIGHT__1535657457170766.jpg", "samples/CAM_BACK_LEFT/n008-2018-08-30-15-16-55-0400__CAM_BACK_LEFT__1535657457197405.jpg", "samples/CAM_BACK/n008-2018-08-30-15-16-55-0400__CAM_BACK__1535657457187558.jpg", "samples/CAM_BACK_RIGHT/n008-2018-08-30-15-16-55-0400__CAM_BACK_RIGHT__1535657457178113.jpg"], "intrinsics": [[[1257.8625342125129, 0.0, 827.2410631095686], [0.0, 1257.8625342125129, 450.915498205774], [0.0, 0.0, 1.0]], [[1252.8131021185304, 0.0, 826.588114781398], [0.0, 1252.8131021185304, 469.9846626224581], [0.0, 0.0, 1.0]], [[1256.7485116440405, 0.0, 817.7887570959712], [0.0, 1256.7485116440403, 451.9541780095127], [0.0, 0.0, 1.0]], [[1254.9860565800168, 0.0, 829.5769333630991], [0.0, 1254.9860565800168, 467.1680561863987], [0.0, 0.0, 1.0]], [[796.8910634503094, 0.0, 857.7774326863696], [0.0, 796.8910634503094, 476.8848988407415], [0.0, 0.0, 1.0]], [[1249.9629280788233, 0.0, 825.3768045375984], [0.0, 1249.9629280788233, 462.54816385708756], [0.0, 0.0, 1.0]]], "extrinsics": [[[0.8220745921134949, -0.5692765712738037, -0.010850838385522366, -0.8944091796875], [0.003550748573616147, 0.024182582274079323, -0.9997012615203857, 1.4887347221374512], [0.5693688988685608, 0.8217903971672058, 0.021901242434978485, -1.258636474609375], [0.0, 0.0, 0.0, 1.0]], [[0.009572192095220089, -0.9997540712356567, -0.020003080368041992, 0.00762939453125], [0.005487538408488035, 0.020056217908859253, -0.9997837543487549, 1.4807460308074951], [0.9999391436576843, 0.0094603905454278, 0.00567817036062479, -1.62451171875], [0.0, 0.0, 0.0, 1.0]], [[-0.8442841172218323, -0.5356112718582153, -0.017463959753513336, 1.01971435546875], [0.013490214012563229, 0.011335975490510464, -0.9998447299003601, 1.4942045211791992], [0.5357260704040527, -0.8443886041641235, -0.002345273969694972, -1.2313232421875], [0.0, 0.0, 0.0, 1.0]], [[0.9478744864463806, 0.3186325430870056, -0.00272061163559556, -1.1396484375], [-0.011773825623095036, 0.02649020403623581, -0.9995797276496887, 1.5619888305664062], [-0.31842663884162903, 0.9475081562995911, 0.02886090986430645, -0.15765380859375], [0.0, 0.0, 0.0, 1.0]], [[0.009443815797567368, 0.9997773170471191, 0.018877414986491203, -0.0289306640625], [-0.009691827930510044, 0.018968885764479637, -0.9997730851173401, 1.5677223205566406], [-0.999908447265625, 0.00925868283957243, 0.009868807159364223, 0.01025390625], [0.0, 0.0, 0.0, 1.0]], [[-0.9236006736755371, 0.38333824276924133, 0.0036603310145437717, 1.1026611328125], [-0.005512180272489786, -0.0037324840668588877, -0.9999778270721436, 1.547468662261963], [-0.3833160698413849, -0.9236004948616028, 0.005560354795306921, -0.067047119140625], [0.0, 0.0, 0.0, 1.0]]], "view": [[0.0, -2.0, 100.0], [-2.0, 0.0, 100.0], [0.0, 0.0, 1.0]], "bev": "bev_cfdf98e0679d49b49ad309d9d7d4cf1a.png", "aux": "aux_cfdf98e0679d49b49ad309d9d7d4cf1a.npz", "visibility": "visibility_cfdf98e0679d49b49ad309d9d7d4cf1a.png", "pose": [[0.6039872169494629, -0.7969940304756165, 0.0, 1111.2027587890625], [0.7969940304756165, 0.6039872169494629, 0.0, 834.7205810546875], [0.0, 0.0, 1.0, 0.0], [0.0, 0.0, 0.0, 1.0]], "pose_inverse": [[0.6039872169494629, 0.7969940304756165, 0.0, -1336.4195556640625], [-0.7969940304756165, 0.6039872169494629, 0.0, 381.4613952636719], [0.0, 0.0, 1.0, 0.0], [0.0, 0.0, 0.0, 1.0]], "cam_ids": [0, 1, 2, 3, 4, 5], "cam_channels": ["CAM_FRONT_LEFT", "CAM_FRONT", "CAM_FRONT_RIGHT", "CAM_BACK_LEFT", "CAM_BACK", "CAM_BACK_RIGHT"], "token": "cfdf98e0679d49b49ad309d9d7d4cf1a", "scene": "scene-0768"}, {"images": ["samples/CAM_FRONT_LEFT/n008-2018-08-30-15-16-55-0400__CAM_FRONT_LEFT__1535657457654799.jpg", "samples/CAM_FRONT/n008-2018-08-30-15-16-55-0400__CAM_FRONT__1535657457662404.jpg", "samples/CAM_FRONT_RIGHT/n008-2018-08-30-15-16-55-0400__CAM_FRONT_RIGHT__1535657457670482.jpg", "samples/CAM_BACK_LEFT/n008-2018-08-30-15-16-55-0400__CAM_BACK_LEFT__1535657457697405.jpg", "samples/CAM_BACK/n008-2018-08-30-15-16-55-0400__CAM_BACK__1535657457687558.jpg", "samples/CAM_BACK_RIGHT/n008-2018-08-30-15-16-55-0400__CAM_BACK_RIGHT__1535657457678113.jpg"], "intrinsics": [[[1257.8625342125129, 0.0, 827.2410631095686], [0.0, 1257.8625342125129, 450.915498205774], [0.0, 0.0, 1.0]], [[1252.8131021185304, 0.0, 826.588114781398], [0.0, 1252.8131021185304, 469.9846626224581], [0.0, 0.0, 1.0]], [[1256.7485116440405, 0.0, 817.7887570959712], [0.0, 1256.7485116440403, 451.9541780095127], [0.0, 0.0, 1.0]], [[1254.9860565800168, 0.0, 829.5769333630991], [0.0, 1254.9860565800168, 467.1680561863987], [0.0, 0.0, 1.0]], [[796.8910634503094, 0.0, 857.7774326863696], [0.0, 796.8910634503094, 476.8848988407415], [0.0, 0.0, 1.0]], [[1249.9629280788233, 0.0, 825.3768045375984], [0.0, 1249.9629280788233, 462.54816385708756], [0.0, 0.0, 1.0]]], "extrinsics": [[[0.8221114873886108, -0.5692590475082397, -0.008761954493820667, -0.9051513671875], [0.006216871086508036, 0.024365263059735298, -0.9996837973594666, 1.489031195640564], [0.5692925453186035, 0.8217971324920654, 0.023569975048303604, -1.264923095703125], [0.0, 0.0, 0.0, 1.0]], [[0.009667985141277313, -0.9997501969337463, -0.020147770643234253, 0.0068359375], [0.00832598377019167, 0.020228495821356773, -0.9997607469558716, 1.4809726476669312], [0.9999185800552368, 0.009497839957475662, 0.008519472554326057, -1.63671875], [0.0, 0.0, 0.0, 1.0]], [[-0.8441987037658691, -0.5356536507606506, -0.02009233459830284, 1.02850341796875], [0.01649283617734909, 0.011509373784065247, -0.9997977018356323, 1.4942874908447266], [0.5357764959335327, -0.8443593978881836, -0.0008817510679364204, -1.23779296875], [0.0, 0.0, 0.0, 1.0]], [[0.9478843212127686, 0.31861457228660583, 0.00044882536167278886, -1.1405029296875], [-0.008448347449302673, 0.026542123407125473, -0.999612033367157, 1.5620136260986328], [-0.318502813577652, 0.9475126266479492, 0.02785062976181507, -0.15716552734375], [0.0, 0.0, 0.0, 1.0]], [[0.009362674318253994, 0.9997752904891968, 0.01901833899319172, -0.02880859375], [-0.006523241754621267, 0.01907983422279358, -0.9997966289520264, 1.5678691864013672], [-0.9999348521232605, 0.009236689656972885, 0.006700414698570967, 0.0150146484375], [0.0, 0.0, 0.0, 1.0]], [[-0.9236243367195129, 0.38329771161079407, 0.0008996862452477217, 1.1107177734375], [-0.0024606871884316206, -0.003582264296710491, -0.9999905228614807, 1.5476809740066528], [-0.3832908272743225, -0.9236178994178772, 0.004251842387020588, -0.0640106201171875], [0.0, 0.0, 0.0, 1.0]]], "view": [[0.0, -2.0, 100.0], [-2.0, 0.0, 100.0], [0.0, 0.0, 1.0]], "bev": "bev_247f167b71ae42dfa29e59a65c690e73.png", "aux": "aux_247f167b71ae42dfa29e59a65c690e73.npz", "visibility": "visibility_247f167b71ae42dfa29e59a65c690e73.png", "pose": [[0.5962097644805908, -0.8028286695480347, 0.0, 1112.08740234375], [0.8028286695480347, 0.5962097644805908, 0.0, 835.8773803710938], [0.0, 0.0, 1.0, 0.0], [0.0, 0.0, 0.0, 1.0]], "pose_inverse": [[0.5962097644805908, 0.8028286695480347, 0.0, -1334.103759765625], [-0.8028286695480347, 0.5962097644805908, 0.0, 394.4573974609375], [0.0, 0.0, 1.0, 0.0], [0.0, 0.0, 0.0, 1.0]], "cam_ids": [0, 1, 2, 3, 4, 5], "cam_channels": ["CAM_FRONT_LEFT", "CAM_FRONT", "CAM_FRONT_RIGHT", "CAM_BACK_LEFT", "CAM_BACK", "CAM_BACK_RIGHT"], "token": "247f167b71ae42dfa29e59a65c690e73", "scene": "scene-0768"}, {"images": ["samples/CAM_FRONT_LEFT/n008-2018-08-30-15-16-55-0400__CAM_FRONT_LEFT__1535657458154799.jpg", "samples/CAM_FRONT/n008-2018-08-30-15-16-55-0400__CAM_FRONT__1535657458162404.jpg", "samples/CAM_FRONT_RIGHT/n008-2018-08-30-15-16-55-0400__CAM_FRONT_RIGHT__1535657458170482.jpg", "samples/CAM_BACK_LEFT/n008-2018-08-30-15-16-55-0400__CAM_BACK_LEFT__1535657458197405.jpg", "samples/CAM_BACK/n008-2018-08-30-15-16-55-0400__CAM_BACK__1535657458187558.jpg", "samples/CAM_BACK_RIGHT/n008-2018-08-30-15-16-55-0400__CAM_BACK_RIGHT__1535657458178113.jpg"], "intrinsics": [[[1257.8625342125129, 0.0, 827.2410631095686], [0.0, 1257.8625342125129, 450.915498205774], [0.0, 0.0, 1.0]], [[1252.8131021185304, 0.0, 826.588114781398], [0.0, 1252.8131021185304, 469.9846626224581], [0.0, 0.0, 1.0]], [[1256.7485116440405, 0.0, 817.7887570959712], [0.0, 1256.7485116440403, 451.9541780095127], [0.0, 0.0, 1.0]], [[1254.9860565800168, 0.0, 829.5769333630991], [0.0, 1254.9860565800168, 467.1680561863987], [0.0, 0.0, 1.0]], [[796.8910634503094, 0.0, 857.7774326863696], [0.0, 796.8910634503094, 476.8848988407415], [0.0, 0.0, 1.0]], [[1249.9629280788233, 0.0, 825.3768045375984], [0.0, 1249.9629280788233, 462.54816385708756], [0.0, 0.0, 1.0]]], "extrinsics": [[[0.8226130604743958, -0.5685904622077942, -0.0035569840110838413, -0.888427734375], [0.012410217896103859, 0.02420806512236595, -0.9996298551559448, 1.490034580230713], [0.5684661865234375, 0.8222644925117493, 0.02697020024061203, -1.253509521484375], [0.0, 0.0, 0.0, 1.0]], [[0.010451795533299446, -0.999746561050415, -0.019935011863708496, 0.0072021484375], [0.014411632902920246, 0.02008463628590107, -0.9996944665908813, 1.4818410873413086], [0.9998415112495422, 0.010161347687244415, 0.014617904089391232, -1.61767578125], [0.0, 0.0, 0.0, 1.0]], [[-0.8437949419021606, -0.5360785722732544, -0.025096189230680466, 1.013916015625], [0.0225017499178648, 0.01138143427670002, -0.9996820092201233, 1.4951210021972656], [0.5361936688423157, -0.8440914154052734, 0.0024591083638370037, -1.2281494140625], [0.0, 0.0, 0.0, 1.0]], [[0.9478644728660583, 0.3186175525188446, 0.0059804669581353664, -1.1419677734375], [-0.002605911809951067, 0.02651578187942505, -0.9996449947357178, 1.562037467956543], [-0.3186630606651306, 0.9475123882293701, 0.025963658466935158, -0.15667724609375], [0.0, 0.0, 0.0, 1.0]], [[0.009067369624972343, 0.9997785687446594, 0.018992770463228226, -0.028778076171875], [-0.0005453713238239288, 0.018998492509126663, -0.9998193383216858, 1.5680370330810547], [-0.9999586939811707, 0.009055343456566334, 0.0007175158243626356, 0.0093994140625], [0.0, 0.0, 0.0, 1.0]], [[-0.9237504601478577, 0.38296592235565186, -0.0046949065290391445, 1.099365234375], [0.003548283129930496, -0.0037003722973167896, -0.9999868273735046, 1.5480480194091797], [-0.38297832012176514, -0.9237550497055054, 0.0020593488588929176, -0.0687103271484375], [0.0, 0.0, 0.0, 1.0]]], "view": [[0.0, -2.0, 100.0], [-2.0, 0.0, 100.0], [0.0, 0.0, 1.0]], "bev": "bev_05439d9773004c36941c5fd40ef084e7.png", "aux": "aux_05439d9773004c36941c5fd40ef084e7.npz", "visibility": "visibility_05439d9773004c36941c5fd40ef084e7.png", "pose": [[0.5955578088760376, -0.8033124208450317, 0.0, 1112.970947265625], [0.8033124208450317, 0.5955578088760376, 0.0, 837.0455322265625], [0.0, 0.0, 1.0, 0.0], [0.0, 0.0, 0.0, 1.0]], "pose_inverse": [[0.5955578088760376, 0.8033124208450317, 0.0, -1335.2476806640625], [-0.8033124208450317, 0.5955578088760376, 0.0, 395.55438232421875], [0.0, 0.0, 1.0, 0.0], [0.0, 0.0, 0.0, 1.0]], "cam_ids": [0, 1, 2, 3, 4, 5], "cam_channels": ["CAM_FRONT_LEFT", "CAM_FRONT", "CAM_FRONT_RIGHT", "CAM_BACK_LEFT", "CAM_BACK", "CAM_BACK_RIGHT"], "token": "05439d9773004c36941c5fd40ef084e7", "scene": "scene-0768"}, {"images": ["samples/CAM_FRONT_LEFT/n008-2018-08-30-15-16-55-0400__CAM_FRONT_LEFT__1535657458654799.jpg", "samples/CAM_FRONT/n008-2018-08-30-15-16-55-0400__CAM_FRONT__1535657458662404.jpg", "samples/CAM_FRONT_RIGHT/n008-2018-08-30-15-16-55-0400__CAM_FRONT_RIGHT__1535657458670482.jpg", "samples/CAM_BACK_LEFT/n008-2018-08-30-15-16-55-0400__CAM_BACK_LEFT__1535657458697405.jpg", "samples/CAM_BACK/n008-2018-08-30-15-16-55-0400__CAM_BACK__1535657458687558.jpg", "samples/CAM_BACK_RIGHT/n008-2018-08-30-15-16-55-0400__CAM_BACK_RIGHT__1535657458678113.jpg"], "intrinsics": [[[1257.8625342125129, 0.0, 827.2410631095686], [0.0, 1257.8625342125129, 450.915498205774], [0.0, 0.0, 1.0]], [[1252.8131021185304, 0.0, 826.588114781398], [0.0, 1252.8131021185304, 469.9846626224581], [0.0, 0.0, 1.0]], [[1256.7485116440405, 0.0, 817.7887570959712], [0.0, 1256.7485116440403, 451.9541780095127], [0.0, 0.0, 1.0]], [[1254.9860565800168, 0.0, 829.5769333630991], [0.0, 1254.9860565800168, 467.1680561863987], [0.0, 0.0, 1.0]], [[796.8910634503094, 0.0, 857.7774326863696], [0.0, 796.8910634503094, 476.8848988407415], [0.0, 0.0, 1.0]], [[1249.9629280788233, 0.0, 825.3768045375984], [0.0, 1249.9629280788233, 462.54816385708756], [0.0, 0.0, 1.0]]], "extrinsics": [[[0.8229774236679077, -0.5680704712867737, -0.0020172533113509417, -0.8515625], [0.014629674144089222, 0.024743959307670593, -0.9995867609977722, 1.4909563064575195], [0.5678856372833252, 0.8226079344749451, 0.028674405068159103, -1.229766845703125], [0.0, 0.0, 0.0, 1.0]], [[0.010982120409607887, -0.9997295141220093, -0.020497286692261696, 0.00860595703125], [0.016529351472854614, 0.020677221938967705, -0.9996495842933655, 1.482661247253418], [0.9998030066490173, 0.010639459826052189, 0.016751961782574654, -1.5819091796875], [0.0, 0.0, 0.0, 1.0]], [[-0.843563973903656, -0.5363448262214661, -0.027091922238469124, 0.9912109375], [0.024449869990348816, 0.012038574554026127, -0.9996285438537598, 1.4959602355957031], [0.5364718437194824, -0.8439130783081055, 0.002958253026008606, -1.212646484375], [0.0, 0.0, 0.0, 1.0]], [[0.9478163123130798, 0.31872719526290894, 0.007561912760138512, -1.1409912109375], [-0.0012401181738823652, 0.02740422450006008, -0.9996236562728882, 1.562032699584961], [-0.3188144862651825, 0.9474502801895142, 0.026369430124759674, -0.1573486328125], [0.0, 0.0, 0.0, 1.0]], [[0.008907860144972801, 0.9997642040252686, 0.019806135445833206, -0.02899169921875], [0.0010609548771753907, 0.019797461107373238, -0.9998034238815308, 1.5681018829345703], [-0.9999597072601318, 0.00892714038491249, -0.0008843515533953905, -0.0020751953125], [0.0, 0.0, 0.0, 1.0]], [[-0.9238320589065552, 0.3827495574951172, -0.006092647556215525, 1.0804443359375], [0.005362174939364195, -0.0029752724803984165, -0.999981164932251, 1.5482792854309082], [-0.3827604651451111, -0.9238473773002625, 0.0006962821935303509, -0.0759124755859375], [0.0, 0.0, 0.0, 1.0]]], "view": [[0.0, -2.0, 100.0], [-2.0, 0.0, 100.0], [0.0, 0.0, 1.0]], "bev": "bev_96a3efb436484e1ca40d93877c567f06.png", "aux": "aux_96a3efb436484e1ca40d93877c567f06.npz", "visibility": "visibility_96a3efb436484e1ca40d93877c567f06.png", "pose": [[0.5989341139793396, -0.8007982969284058, 0.0, 1114.11279296875], [0.8007982969284058, 0.5989341139793396, 0.0, 838.5532836914062], [0.0, 0.0, 1.0, 0.0], [0.0, 0.0, 0.0, 1.0]], "pose_inverse": [[0.5989341139793396, 0.8007982969284058, 0.0, -1338.792236328125], [-0.8007982969284058, 0.5989341139793396, 0.0, 389.9414978027344], [0.0, 0.0, 1.0, 0.0], [0.0, 0.0, 0.0, 1.0]], "cam_ids": [0, 1, 2, 3, 4, 5], "cam_channels": ["CAM_FRONT_LEFT", "CAM_FRONT", "CAM_FRONT_RIGHT", "CAM_BACK_LEFT", "CAM_BACK", "CAM_BACK_RIGHT"], "token": "96a3efb436484e1ca40d93877c567f06", "scene": "scene-0768"}, {"images": ["samples/CAM_FRONT_LEFT/n008-2018-08-30-15-16-55-0400__CAM_FRONT_LEFT__1535657459154799.jpg", "samples/CAM_FRONT/n008-2018-08-30-15-16-55-0400__CAM_FRONT__1535657459162404.jpg", "samples/CAM_FRONT_RIGHT/n008-2018-08-30-15-16-55-0400__CAM_FRONT_RIGHT__1535657459170482.jpg", "samples/CAM_BACK_LEFT/n008-2018-08-30-15-16-55-0400__CAM_BACK_LEFT__1535657459197407.jpg", "samples/CAM_BACK/n008-2018-08-30-15-16-55-0400__CAM_BACK__1535657459187558.jpg", "samples/CAM_BACK_RIGHT/n008-2018-08-30-15-16-55-0400__CAM_BACK_RIGHT__1535657459178113.jpg"], "intrinsics": [[[1257.8625342125129, 0.0, 827.2410631095686], [0.0, 1257.8625342125129, 450.915498205774], [0.0, 0.0, 1.0]], [[1252.8131021185304, 0.0, 826.588114781398], [0.0, 1252.8131021185304, 469.9846626224581], [0.0, 0.0, 1.0]], [[1256.7485116440405, 0.0, 817.7887570959712], [0.0, 1256.7485116440403, 451.9541780095127], [0.0, 0.0, 1.0]], [[1254.9860565800168, 0.0, 829.5769333630991], [0.0, 1254.9860565800168, 467.1680561863987], [0.0, 0.0, 1.0]], [[796.8910634503094, 0.0, 857.7774326863696], [0.0, 796.8910634503094, 476.8848988407415], [0.0, 0.0, 1.0]], [[1249.9629280788233, 0.0, 825.3768045375984], [0.0, 1249.9629280788233, 462.54816385708756], [0.0, 0.0, 1.0]]], "extrinsics": [[[0.8228651881217957, -0.5682055354118347, -0.005943136755377054, -0.832763671875], [0.01109673734754324, 0.026525253430008888, -0.9995865225791931, 1.490586280822754], [0.5681282877922058, 0.8224590420722961, 0.028131935745477676, -1.215576171875], [0.0, 0.0, 0.0, 1.0]], [[0.010773973539471626, -0.9996956586837769, -0.02219349890947342, 0.008026123046875], [0.013076537288725376, 0.022333750501275063, -0.9996650815010071, 1.4823932647705078], [0.9998563528060913, 0.010480161756277084, 0.013313179835677147, -1.5631103515625], [0.0, 0.0, 0.0, 1.0]], [[-0.8437009453773499, -0.5362261533737183, -0.025103360414505005, 0.97906494140625], [0.02112754061818123, 0.01355794072151184, -0.9996848106384277, 1.4958648681640625], [0.5363975763320923, -0.8439654111862183, -0.00010970896983053535, -1.205810546875], [0.0, 0.0, 0.0, 1.0]], [[0.9478701949119568, 0.3186158239841461, 0.005108032841235399, -1.1431884765625], [-0.004142471123486757, 0.02834906615316868, -0.9995895028114319, 1.5620403289794922], [-0.3186298906803131, 0.947459876537323, 0.028191089630126953, -0.15631103515625], [0.0, 0.0, 0.0, 1.0]], [[0.008996979333460331, 0.9997398853302002, 0.02095686085522175, -0.0286865234375], [-0.0020750691182911396, 0.02097633108496666, -0.9997777938842773, 1.5679521560668945], [-0.9999573826789856, 0.008951505646109581, 0.002263253089040518, -0.005615234375], [0.0, 0.0, 0.0, 1.0]], [[-0.9238222241401672, 0.3828132450580597, -0.002528949175029993, 1.072021484375], [0.0020746730733662844, -0.001599505660124123, -0.999996542930603, 1.548011064529419], [-0.38281598687171936, -0.9238243103027344, 0.0006834461819380522, -0.079833984375], [0.0, 0.0, 0.0, 1.0]]], "view": [[0.0, -2.0, 100.0], [-2.0, 0.0, 100.0], [0.0, 0.0, 1.0]], "bev": "bev_5b105f9d3bb540f1a468a09bdd8ab6a6.png", "aux": "aux_5b105f9d3bb540f1a468a09bdd8ab6a6.npz", "visibility": "visibility_5b105f9d3bb540f1a468a09bdd8ab6a6.png", "pose": [[0.602737307548523, -0.797939658164978, 0.0, 1115.493896484375], [0.797939658164978, 0.602737307548523, 0.0, 840.37158203125], [0.0, 0.0, 1.0, 0.0], [0.0, 0.0, 0.0, 1.0]], "pose_inverse": [[0.602737307548523, 0.797939658164978, 0.0, -1342.9156494140625], [-0.797939658164978, 0.602737307548523, 0.0, 383.57354736328125], [0.0, 0.0, 1.0, 0.0], [0.0, 0.0, 0.0, 1.0]], "cam_ids": [0, 1, 2, 3, 4, 5], "cam_channels": ["CAM_FRONT_LEFT", "CAM_FRONT", "CAM_FRONT_RIGHT", "CAM_BACK_LEFT", "CAM_BACK", "CAM_BACK_RIGHT"], "token": "5b105f9d3bb540f1a468a09bdd8ab6a6", "scene": "scene-0768"}, {"images": ["samples/CAM_FRONT_LEFT/n008-2018-08-30-15-16-55-0400__CAM_FRONT_LEFT__1535657459654799.jpg", "samples/CAM_FRONT/n008-2018-08-30-15-16-55-0400__CAM_FRONT__1535657459662416.jpg", "samples/CAM_FRONT_RIGHT/n008-2018-08-30-15-16-55-0400__CAM_FRONT_RIGHT__1535657459670482.jpg", "samples/CAM_BACK_LEFT/n008-2018-08-30-15-16-55-0400__CAM_BACK_LEFT__1535657459697405.jpg", "samples/CAM_BACK/n008-2018-08-30-15-16-55-0400__CAM_BACK__1535657459687558.jpg", "samples/CAM_BACK_RIGHT/n008-2018-08-30-15-16-55-0400__CAM_BACK_RIGHT__1535657459678113.jpg"], "intrinsics": [[[1257.8625342125129, 0.0, 827.2410631095686], [0.0, 1257.8625342125129, 450.915498205774], [0.0, 0.0, 1.0]], [[1252.8131021185304, 0.0, 826.588114781398], [0.0, 1252.8131021185304, 469.9846626224581], [0.0, 0.0, 1.0]], [[1256.7485116440405, 0.0, 817.7887570959712], [0.0, 1256.7485116440403, 451.9541780095127], [0.0, 0.0, 1.0]], [[1254.9860565800168, 0.0, 829.5769333630991], [0.0, 1254.9860565800168, 467.1680561863987], [0.0, 0.0, 1.0]], [[796.8910634503094, 0.0, 857.7774326863696], [0.0, 796.8910634503094, 476.8848988407415], [0.0, 0.0, 1.0]], [[1249.9629280788233, 0.0, 825.3768045375984], [0.0, 1249.9629280788233, 462.54816385708756], [0.0, 0.0, 1.0]]], "extrinsics": [[[0.8227507472038269, -0.568401038646698, -0.0012338303495198488, -0.82177734375], [0.015222239308059216, 0.024203749373555183, -0.9995911121368408, 1.4916448593139648], [0.5681985020637512, 0.8223956227302551, 0.028565987944602966, -1.208251953125], [0.0, 0.0, 0.0, 1.0]], [[0.010670253075659275, -0.9997460246086121, -0.019853150472044945, 0.00830078125], [0.01724223792552948, 0.020035281777381897, -0.9996505975723267, 1.483297348022461], [0.9997944831848145, 0.010324192233383656, 0.017451638355851173, -1.552001953125], [0.0, 0.0, 0.0, 1.0]], [[-0.8436726927757263, -0.536156952381134, -0.027428176254034042, 0.9718017578125], [0.02532626874744892, 0.01128503866493702, -0.9996155500411987, 1.49664306640625], [0.5362603068351746, -0.844042956829071, 0.004057975020259619, -1.201171875], [0.0, 0.0, 0.0, 1.0]], [[0.9478480219841003, 0.3186069130897522, 0.008600140921771526, -1.1396484375], [0.0002329126000404358, 0.026290709152817726, -0.9996542930603027, 1.5620450973510742], [-0.3187229335308075, 0.9475222826004028, 0.024845387786626816, -0.15753173828125], [0.0, 0.0, 0.0, 1.0]], [[0.008994766511023045, 0.9997822642326355, 0.018829630687832832, -0.02862548828125], [0.0022995814215391874, 0.018809661269187927, -0.9998204112052917, 1.5681803226470947], [-0.9999569058418274, 0.009036491625010967, -0.0021298916544765234, -0.0101318359375], [0.0, 0.0, 0.0, 1.0]], [[-0.9237543940544128, 0.38291528820991516, -0.007324548903852701, 1.065673828125], [0.006340499967336655, -0.0038318743463605642, -0.9999725818634033, 1.5484628677368164], [-0.38293278217315674, -0.9237755537033081, 0.0011118364054709673, -0.08245849609375], [0.0, 0.0, 0.0, 1.0]]], "view": [[0.0, -2.0, 100.0], [-2.0, 0.0, 100.0], [0.0, 0.0, 1.0]], "bev": "bev_1dc05748dde346d6a1b78c39c497c8ab.png", "aux": "aux_1dc05748dde346d6a1b78c39c497c8ab.npz", "visibility": "visibility_1dc05748dde346d6a1b78c39c497c8ab.png", "pose": [[0.6065911054611206, -0.7950140237808228, 0.0, 1117.02392578125], [0.7950140237808228, 0.6065911054611206, 0.0, 842.3638305664062], [0.0, 0.0, 1.0, 0.0], [0.0, 0.0, 0.0, 1.0]], "pose_inverse": [[0.6065911054611206, 0.7950140237808228, 0.0, -1347.267822265625], [-0.7950140237808228, 0.6065911054611206, 0.0, 377.07928466796875], [0.0, 0.0, 1.0, 0.0], [0.0, 0.0, 0.0, 1.0]], "cam_ids": [0, 1, 2, 3, 4, 5], "cam_channels": ["CAM_FRONT_LEFT", "CAM_FRONT", "CAM_FRONT_RIGHT", "CAM_BACK_LEFT", "CAM_BACK", "CAM_BACK_RIGHT"], "token": "1dc05748dde346d6a1b78c39c497c8ab", "scene": "scene-0768"}, {"images": ["samples/CAM_FRONT_LEFT/n008-2018-08-30-15-16-55-0400__CAM_FRONT_LEFT__1535657460154799.jpg", "samples/CAM_FRONT/n008-2018-08-30-15-16-55-0400__CAM_FRONT__1535657460162404.jpg", "samples/CAM_FRONT_RIGHT/n008-2018-08-30-15-16-55-0400__CAM_FRONT_RIGHT__1535657460170482.jpg", "samples/CAM_BACK_LEFT/n008-2018-08-30-15-16-55-0400__CAM_BACK_LEFT__1535657460197405.jpg", "samples/CAM_BACK/n008-2018-08-30-15-16-55-0400__CAM_BACK__1535657460187558.jpg", "samples/CAM_BACK_RIGHT/n008-2018-08-30-15-16-55-0400__CAM_BACK_RIGHT__1535657460178113.jpg"], "intrinsics": [[[1257.8625342125129, 0.0, 827.2410631095686], [0.0, 1257.8625342125129, 450.915498205774], [0.0, 0.0, 1.0]], [[1252.8131021185304, 0.0, 826.588114781398], [0.0, 1252.8131021185304, 469.9846626224581], [0.0, 0.0, 1.0]], [[1256.7485116440405, 0.0, 817.7887570959712], [0.0, 1256.7485116440403, 451.9541780095127], [0.0, 0.0, 1.0]], [[1254.9860565800168, 0.0, 829.5769333630991], [0.0, 1254.9860565800168, 467.1680561863987], [0.0, 0.0, 1.0]], [[796.8910634503094, 0.0, 857.7774326863696], [0.0, 796.8910634503094, 476.8848988407415], [0.0, 0.0, 1.0]], [[1249.9629280788233, 0.0, 825.3768045375984], [0.0, 1249.9629280788233, 462.54816385708756], [0.0, 0.0, 1.0]]], "extrinsics": [[[0.8226621150970459, -0.5685214400291443, 0.0032663503661751747, -0.7958984375], [0.016365908086299896, 0.017938153818249702, -0.9997051358222961, 1.492415428161621], [0.5682951211929321, 0.8224729299545288, 0.024061406031250954, -1.1905517578125], [0.0, 0.0, 0.0, 1.0]], [[0.010603729635477066, -0.9998526573181152, -0.013501694425940514, 0.008941650390625], [0.01831989176571369, 0.013694441877305508, -0.9997383952140808, 1.4839839935302734], [0.9997758865356445, 0.010353580117225647, 0.018462402746081352, -1.525390625], [0.0, 0.0, 0.0, 1.0]], [[-0.8436517715454102, -0.5363152027130127, -0.024853989481925964, 0.9537353515625], [0.026340005919337273, 0.004891301970928907, -0.9996410012245178, 1.4973640441894531], [0.53624427318573, -0.8440036773681641, 0.00999999139457941, -1.18896484375], [0.0, 0.0, 0.0, 1.0]], [[0.9478594660758972, 0.31860730051994324, 0.007211567834019661, -1.1368408203125], [0.0009090323583222926, 0.019925778731703758, -0.9998010396957397, 1.5620479583740234], [-0.3186876177787781, 0.9476774334907532, 0.018597209826111794, -0.15838623046875], [0.0, 0.0, 0.0, 1.0]], [[0.009013094939291477, 0.9998815059661865, 0.012476803734898567, -0.02880859375], [0.0029874525498598814, 0.012450329028069973, -0.9999179840087891, 1.5682482719421387], [-0