[{"images": ["samples/CAM_FRONT_LEFT/n008-2018-08-28-16-16-48-0400__CAM_FRONT_LEFT__1535487722754799.jpg", "samples/CAM_FRONT/n008-2018-08-28-16-16-48-0400__CAM_FRONT__1535487722762404.jpg", "samples/CAM_FRONT_RIGHT/n008-2018-08-28-16-16-48-0400__CAM_FRONT_RIGHT__1535487722770482.jpg", "samples/CAM_BACK_LEFT/n008-2018-08-28-16-16-48-0400__CAM_BACK_LEFT__1535487722797405.jpg", "samples/CAM_BACK/n008-2018-08-28-16-16-48-0400__CAM_BACK__1535487722787558.jpg", "samples/CAM_BACK_RIGHT/n008-2018-08-28-16-16-48-0400__CAM_BACK_RIGHT__1535487722778113.jpg"], "intrinsics": [[[1257.8625342125129, 0.0, 827.2410631095686], [0.0, 1257.8625342125129, 450.915498205774], [0.0, 0.0, 1.0]], [[1252.8131021185304, 0.0, 826.588114781398], [0.0, 1252.8131021185304, 469.9846626224581], [0.0, 0.0, 1.0]], [[1256.7485116440405, 0.0, 817.7887570959712], [0.0, 1256.7485116440403, 451.9541780095127], [0.0, 0.0, 1.0]], [[1254.9860565800168, 0.0, 829.5769333630991], [0.0, 1254.9860565800168, 467.1680561863987], [0.0, 0.0, 1.0]], [[796.8910634503094, 0.0, 857.7774326863696], [0.0, 796.8910634503094, 476.8848988407415], [0.0, 0.0, 1.0]], [[1249.9629280788233, 0.0, 825.3768045375984], [0.0, 1249.9629280788233, 462.54816385708756], [0.0, 0.0, 1.0]]], "extrinsics": [[[0.8231257796287537, -0.5676161646842957, -0.01660708338022232, -0.66796875], [0.00959518738090992, 0.04314342141151428, -0.9990227818489075, 1.4920501708984375], [0.5677779912948608, 0.8221621513366699, 0.04095885157585144, -1.105224609375], [0.0, 0.0, 0.0, 1.0]], [[0.011090483516454697, -0.9991801977157593, -0.03893478587269783, 0.011962890625], [0.011501925997436047, 0.039062079042196274, -0.9991706013679504, 1.4839019775390625], [0.9998723864555359, 0.010633425787091255, 0.01192571222782135, -1.4000244140625], [0.0, 0.0, 0.0, 1.0]], [[-0.843619704246521, -0.5359398722648621, -0.03277723491191864, 0.8743896484375], [0.019506283104419708, 0.03041376918554306, -0.9993470311164856, 1.4980316162109375], [0.5365867018699646, -0.8437082767486572, -0.015203464776277542, -1.137451171875], [0.0, 0.0, 0.0, 1.0]], [[0.9478731751441956, 0.3185221552848816, 0.008944101631641388, -1.14361572265625], [-0.005915057845413685, 0.04565253108739853, -0.9989398717880249, 1.5620346069335938], [-0.3185928165912628, 0.9468154311180115, 0.04515688866376877, -0.1563720703125], [0.0, 0.0, 0.0, 1.0]], [[0.009054179303348064, 0.999233603477478, 0.03808064013719559, -0.0286865234375], [-0.003762480802834034, 0.0381159745156765, -0.9992662072181702, 1.5676727294921875], [-0.9999518394470215, 0.00890421960502863, 0.00410470413044095, -0.051177978515625], [0.0, 0.0, 0.0, 1.0]], [[-0.9238685369491577, 0.3826712965965271, 0.005444922484457493, 0.9888153076171875], [0.0004768403305206448, 0.015378255397081375, -0.9998816251754761, 1.5478782653808594], [-0.3827096223831177, -0.9237565398216248, -0.014389961957931519, -0.1131591796875], [0.0, 0.0, 0.0, 1.0]]], "view": [[0.0, -2.0, 100.0], [-2.0, 0.0, 100.0], [0.0, 0.0, 1.0]], "bev": "bev_5fd0dc4c024e43c892956b0df0fc1091.png", "aux": "aux_5fd0dc4c024e43c892956b0df0fc1091.npz", "visibility": "visibility_5fd0dc4c024e43c892956b0df0fc1091.png", "pose": [[-0.7660582661628723, -0.6427711248397827, 0.0, 1372.8594970703125], [0.6427711248397827, -0.7660582661628723, 0.0, 989.0130615234375], [0.0, 0.0, 1.0, 0.0], [0.0, 0.0, 0.0, 1.0]], "pose_inverse": [[-0.7660582661628723, 0.6427711248397827, 0.0, 415.98138427734375], [-0.6427711248397827, -0.7660582661628723, 0.0, 1640.0760498046875], [0.0, 0.0, 1.0, 0.0], [0.0, 0.0, 0.0, 1.0]], "cam_ids": [0, 1, 2, 3, 4, 5], "cam_channels": ["CAM_FRONT_LEFT", "CAM_FRONT", "CAM_FRONT_RIGHT", "CAM_BACK_LEFT", "CAM_BACK", "CAM_BACK_RIGHT"], "token": "5fd0dc4c024e43c892956b0df0fc1091", "scene": "scene-0671"}, {"images": ["samples/CAM_FRONT_LEFT/n008-2018-08-28-16-16-48-0400__CAM_FRONT_LEFT__1535487723254799.jpg", "samples/CAM_FRONT/n008-2018-08-28-16-16-48-0400__CAM_FRONT__1535487723262404.jpg", "samples/CAM_FRONT_RIGHT/n008-2018-08-28-16-16-48-0400__CAM_FRONT_RIGHT__1535487723270482.jpg", "samples/CAM_BACK_LEFT/n008-2018-08-28-16-16-48-0400__CAM_BACK_LEFT__1535487723297405.jpg", "samples/CAM_BACK/n008-2018-08-28-16-16-48-0400__CAM_BACK__1535487723287558.jpg", "samples/CAM_BACK_RIGHT/n008-2018-08-28-16-16-48-0400__CAM_BACK_RIGHT__1535487723278113.jpg"], "intrinsics": [[[1257.8625342125129, 0.0, 827.2410631095686], [0.0, 1257.8625342125129, 450.915498205774], [0.0, 0.0, 1.0]], [[1252.8131021185304, 0.0, 826.588114781398], [0.0, 1252.8131021185304, 469.9846626224581], [0.0, 0.0, 1.0]], [[1256.7485116440405, 0.0, 817.7887570959712], [0.0, 1256.7485116440403, 451.9541780095127], [0.0, 0.0, 1.0]], [[1254.9860565800168, 0.0, 829.5769333630991], [0.0, 1254.9860565800168, 467.1680561863987], [0.0, 0.0, 1.0]], [[796.8910634503094, 0.0, 857.7774326863696], [0.0, 796.8910634503094, 476.8848988407415], [0.0, 0.0, 1.0]], [[1249.9629280788233, 0.0, 825.3768045375984], [0.0, 1249.9629280788233, 462.54816385708756], [0.0, 0.0, 1.0]]], "extrinsics": [[[0.8240125179290771, -0.5663871765136719, -0.014455392956733704, -0.674560546875], [0.010760302655398846, 0.04115370661020279, -0.9990948438644409, 1.4920578002929688], [0.5664694309234619, 0.8231111168861389, 0.04000566899776459, -1.1197509765625], [0.0, 0.0, 0.0, 1.0]], [[0.012402430176734924, -0.999248206615448, -0.036732617765665054, 0.0189208984375], [0.012790627777576447, 0.03689097613096237, -0.9992374181747437, 1.48394775390625], [0.9998412728309631, 0.011923116631805897, 0.013238547369837761, -1.411590576171875], [0.0, 0.0, 0.0, 1.0]], [[-0.843048632144928, -0.5368403792381287, -0.032732896506786346, 0.8848876953125], [0.02094564214348793, 0.028043057769536972, -0.9993872046470642, 1.498077392578125], [0.5374293923377991, -0.843217670917511, -0.012397193349897861, -1.1378173828125], [0.0, 0.0, 0.0, 1.0]], [[0.9477549195289612, 0.3188552260398865, 0.009581310674548149, -1.14617919921875], [-0.00421484000980854, 0.04254966229200363, -0.9990854859352112, 1.56195068359375], [-0.3189713656902313, 0.9468477964401245, 0.041670579463243484, -0.1578369140625], [0.0, 0.0, 0.0, 1.0]], [[0.008594437502324581, 0.9993416666984558, 0.0352475605905056, -0.031005859375], [-0.002186387777328491, 0.035267554223537445, -0.9993755221366882, 1.5677566528320312], [-0.999960720539093, 0.008512078784406185, 0.0024880541022866964, -0.04693603515625], [0.0, 0.0, 0.0, 1.0]], [[-0.9241436123847961, 0.38203364610671997, 0.0029888127464801073, 0.993865966796875], [0.0020539802499115467, 0.01279137097299099, -0.9999160766601562, 1.5481109619140625], [-0.3820398151874542, -0.9240598678588867, -0.012605751864612103, -0.10693359375], [0.0, 0.0, 0.0, 1.0]]], "view": [[0.0, -2.0, 100.0], [-2.0, 0.0, 100.0], [0.0, 0.0, 1.0]], "bev": "bev_f2026fe0e7854a2485e947ca1d18141b.png", "aux": "aux_f2026fe0e7854a2485e947ca1d18141b.npz", "visibility": "visibility_f2026fe0e7854a2485e947ca1d18141b.png", "pose": [[-0.7571358680725098, -0.653257429599762, 0.0, 1369.2882080078125], [0.653257429599762, -0.7571358680725098, 0.0, 992.1328125], [0.0, 0.0, 1.0, 0.0], [0.0, 0.0, 0.0, 1.0]], "pose_inverse": [[-0.7571358680725098, 0.653257429599762, 0.0, 388.61907958984375], [-0.653257429599762, -0.7571358680725098, 0.0, 1645.677001953125], [0.0, 0.0, 1.0, 0.0], [0.0, 0.0, 0.0, 1.0]], "cam_ids": [0, 1, 2, 3, 4, 5], "cam_channels": ["CAM_FRONT_LEFT", "CAM_FRONT", "CAM_FRONT_RIGHT", "CAM_BACK_LEFT", "CAM_BACK", "CAM_BACK_RIGHT"], "token": "f2026fe0e7854a2485e947ca1d18141b", "scene": "scene-0671"}, {"images": ["samples/CAM_FRONT_LEFT/n008-2018-08-28-16-16-48-0400__CAM_FRONT_LEFT__1535487723654799.jpg", "samples/CAM_FRONT/n008-2018-08-28-16-16-48-0400__CAM_FRONT__1535487723662404.jpg", "samples/CAM_FRONT_RIGHT/n008-2018-08-28-16-16-48-0400__CAM_FRONT_RIGHT__1535487723670482.jpg", "samples/CAM_BACK_LEFT/n008-2018-08-28-16-16-48-0400__CAM_BACK_LEFT__1535487723697405.jpg", "samples/CAM_BACK/n008-2018-08-28-16-16-48-0400__CAM_BACK__1535487723687558.jpg", "samples/CAM_BACK_RIGHT/n008-2018-08-28-16-16-48-0400__CAM_BACK_RIGHT__1535487723678113.jpg"], "intrinsics": [[[1257.8625342125129, 0.0, 827.2410631095686], [0.0, 1257.8625342125129, 450.915498205774], [0.0, 0.0, 1.0]], [[1252.8131021185304, 0.0, 826.588114781398], [0.0, 1252.8131021185304, 469.9846626224581], [0.0, 0.0, 1.0]], [[1256.7485116440405, 0.0, 817.7887570959712], [0.0, 1256.7485116440403, 451.9541780095127], [0.0, 0.0, 1.0]], [[1254.9860565800168, 0.0, 829.5769333630991], [0.0, 1254.9860565800168, 467.1680561863987], [0.0, 0.0, 1.0]], [[796.8910634503094, 0.0, 857.7774326863696], [0.0, 796.8910634503094, 476.8848988407415], [0.0, 0.0, 1.0]], [[1249.9629280788233, 0.0, 825.3768045375984], [0.0, 1249.9629280788233, 462.54816385708756], [0.0, 0.0, 1.0]]], "extrinsics": [[[0.8234005570411682, -0.5673673152923584, -0.01028947252780199, -0.66424560546875], [0.010489242151379585, 0.03334705904126167, -0.9993888139724731, 1.49249267578125], [0.5673636794090271, 0.8227893114089966, 0.0334092378616333, -1.1026611328125], [0.0, 0.0, 0.0, 1.0]], [[0.011516040191054344, -0.9995092749595642, -0.02913122996687889, 0.01220703125], [0.012480100616812706, 0.029274562373757362, -0.9994935393333435, 1.4842872619628906], [0.9998557567596436, 0.011146687902510166, 0.012811105698347092, -1.397186279296875], [0.0, 0.0, 0.0, 1.0]], [[-0.8434175252914429, -0.5365070104598999, -0.028407491743564606, 0.873291015625], [0.020555155351758003, 0.020612722262740135, -0.999576210975647, 1.49835205078125], [0.5368651747703552, -0.8436440825462341, -0.006357149221003056, -1.1365966796875], [0.0, 0.0, 0.0, 1.0]], [[0.9478268027305603, 0.31871020793914795, 0.006935531739145517, -1.14117431640625], [-0.004746074788272381, 0.03586157411336899, -0.9993454813957214, 1.5620231628417969], [-0.3187503218650818, 0.9471735954284668, 0.03550318628549576, -0.1572265625], [0.0, 0.0, 0.0, 1.0]], [[0.008840557187795639, 0.9995609521865845, 0.02828068472445011, -0.02880859375], [-0.002726490842178464, 0.0283057801425457, -0.999595582485199, 1.567779541015625], [-0.9999572038650513, 0.008759917691349983, 0.0029755327850580215, -0.050201416015625], [0.0, 0.0, 0.0, 1.0]], [[-0.9239660501480103, 0.3824739158153534, 0.0007009283872321248, 0.9888916015625], [0.0015400383854284883, 0.0055529531091451645, -0.9999833703041077, 1.5480871200561523], [-0.38247138261795044, -0.9239495992660522, -0.005719764623790979, -0.1131591796875], [0.0, 0.0, 0.0, 1.0]]], "view": [[0.0, -2.0, 100.0], [-2.0, 0.0, 100.0], [0.0, 0.0, 1.0]], "bev": "bev_b312e442650f40c6938909e8f225a675.png", "aux": "aux_b312e442650f40c6938909e8f225a675.npz", "visibility": "visibility_b312e442650f40c6938909e8f225a675.png", "pose": [[-0.7527360916137695, -0.6583223938941956, 0.0, 1366.38818359375], [0.6583223938941956, -0.7527360916137695, 0.0, 994.6640014648438], [0.0, 0.0, 1.0, 0.0], [0.0, 0.0, 0.0, 1.0]], "pose_inverse": [[-0.7527360916137695, 0.6583223938941956, 0.0, 373.72015380859375], [-0.6583223938941956, -0.7527360916137695, 0.0, 1648.243408203125], [0.0, 0.0, 1.0, 0.0], [0.0, 0.0, 0.0, 1.0]], "cam_ids": [0, 1, 2, 3, 4, 5], "cam_channels": ["CAM_FRONT_LEFT", "CAM_FRONT", "CAM_FRONT_RIGHT", "CAM_BACK_LEFT", "CAM_BACK", "CAM_BACK_RIGHT"], "token": "b312e442650f40c6938909e8f225a675", "scene": "scene-0671"}, {"images": ["samples/CAM_FRONT_LEFT/n008-2018-08-28-16-16-48-0400__CAM_FRONT_LEFT__1535487724154799.jpg", "samples/CAM_FRONT/n008-2018-08-28-16-16-48-0400__CAM_FRONT__1535487724162404.jpg", "samples/CAM_FRONT_RIGHT/n008-2018-08-28-16-16-48-0400__CAM_FRONT_RIGHT__1535487724170482.jpg", "samples/CAM_BACK_LEFT/n008-2018-08-28-16-16-48-0400__CAM_BACK_LEFT__1535487724197405.jpg", "samples/CAM_BACK/n008-2018-08-28-16-16-48-0400__CAM_BACK__1535487724187558.jpg", "samples/CAM_BACK_RIGHT/n008-2018-08-28-16-16-48-0400__CAM_BACK_RIGHT__1535487724178113.jpg"], "intrinsics": [[[1257.8625342125129, 0.0, 827.2410631095686], [0.0, 1257.8625342125129, 450.915498205774], [0.0, 0.0, 1.0]], [[1252.8131021185304, 0.0, 826.588114781398], [0.0, 1252.8131021185304, 469.9846626224581], [0.0, 0.0, 1.0]], [[1256.7485116440405, 0.0, 817.7887570959712], [0.0, 1256.7485116440403, 451.9541780095127], [0.0, 0.0, 1.0]], [[1254.9860565800168, 0.0, 829.5769333630991], [0.0, 1254.9860565800168, 467.1680561863987], [0.0, 0.0, 1.0]], [[796.8910634503094, 0.0, 857.7774326863696], [0.0, 796.8910634503094, 476.8848988407415], [0.0, 0.0, 1.0]], [[1249.9629280788233, 0.0, 825.3768045375984], [0.0, 1249.9629280788233, 462.54816385708756], [0.0, 0.0, 1.0]]], "extrinsics": [[[0.8233194351196289, -0.5673873424530029, -0.01472671888768673, -0.6937255859375], [0.0067315781489014626, 0.03570617735385895, -0.9993396401405334, 1.4906730651855469], [0.5675384998321533, 0.8226766586303711, 0.03321699798107147, -1.1240234375], [0.0, 0.0, 0.0, 1.0]], [[0.011381485499441624, -0.9994363188743591, -0.03158208727836609, 0.0123291015625], [0.008727596141397953, 0.03168221935629845, -0.9994598627090454, 1.4827461242675781], [0.9998971223831177, 0.011099654249846935, 0.00908326543867588, -1.42626953125], [0.0, 0.0, 0.0, 1.0]], [[-0.8435184359550476, -0.5364443063735962, -0.02653787098824978, 0.8912353515625], [0.016777632758021355, 0.023068249225616455, -0.9995930790901184, 1.4969978332519531], [0.536838173866272, -0.8436204195022583, -0.010458230040967464, -1.1475830078125], [0.0, 0.0, 0.0, 1.0]], [[0.9478956460952759, 0.31855499744415283, 0.004078228957951069, -1.1441650390625], [-0.008628771640360355, 0.03846818581223488, -0.9992225766181946, 1.5620384216308594], [-0.3184642791748047, 0.9471235275268555, 0.039212558418512344, -0.1561279296875], [0.0, 0.0, 0.0, 1.0]], [[0.008951723575592041, 0.9994857907295227, 0.03079378418624401, -0.0291748046875], [-0.006477763876318932, 0.030852334573864937, -0.999502956867218, 1.5674591064453125], [-0.9999389052391052, 0.008747757412493229, 0.006750613916665316, -0.044036865234375], [0.0, 0.0, 0.0, 1.0]], [[-0.9239596724510193, 0.382455050945282, 0.0051716286689043045, 1.0018310546875], [-0.0022657648660242558, 0.008047930896282196, -0.9999650716781616, 1.5474090576171875], [-0.3824833631515503, -0.923939049243927, -0.0065694102086126804, -0.1072998046875], [0.0, 0.0, 0.0, 1.0]]], "view": [[0.0, -2.0, 100.0], [-2.0, 0.0, 100.0], [0.0, 0.0, 1.0]], "bev": "bev_8d50fbd4feb542b09a768b857613eaba.png", "aux": "aux_8d50fbd4feb542b09a768b857613eaba.npz", "visibility": "visibility_8d50fbd4feb542b09a768b857613eaba.png", "pose": [[-0.7441667318344116, -0.66799396276474, 0.0, 1362.9912109375], [0.66799396276474, -0.7441667318344116, 0.0, 997.7175903320312], [0.0, 0.0, 1.0, 0.0], [0.0, 0.0, 0.0, 1.0]], "pose_inverse": [[-0.7441667318344116, 0.66799396276474, 0.0, 347.8233947753906], [-0.66799396276474, -0.7441667318344116, 0.0, 1652.9381103515625], [0.0, 0.0, 1.0, 0.0], [0.0, 0.0, 0.0, 1.0]], "cam_ids": [0, 1, 2, 3, 4, 5], "cam_channels": ["CAM_FRONT_LEFT", "CAM_FRONT", "CAM_FRONT_RIGHT", "CAM_BACK_LEFT", "CAM_BACK", "CAM_BACK_RIGHT"], "token": "8d50fbd4feb542b09a768b857613eaba", "scene": "scene-0671"}, {"images": ["samples/CAM_FRONT_LEFT/n008-2018-08-28-16-16-48-0400__CAM_FRONT_LEFT__1535487724654799.jpg", "samples/CAM_FRONT/n008-2018-08-28-16-16-48-0400__CAM_FRONT__1535487724662404.jpg", "samples/CAM_FRONT_RIGHT/n008-2018-08-28-16-16-48-0400__CAM_FRONT_RIGHT__1535487724670482.jpg", "samples/CAM_BACK_LEFT/n008-2018-08-28-16-16-48-0400__CAM_BACK_LEFT__1535487724697405.jpg", "samples/CAM_BACK/n008-2018-08-28-16-16-48-0400__CAM_BACK__1535487724687558.jpg", "samples/CAM_BACK_RIGHT/n008-2018-08-28-16-16-48-0400__CAM_BACK_RIGHT__1535487724678113.jpg"], "intrinsics": [[[1257.8625342125129, 0.0, 827.2410631095686], [0.0, 1257.8625342125129, 450.915498205774], [0.0, 0.0, 1.0]], [[1252.8131021185304, 0.0, 826.588114781398], [0.0, 1252.8131021185304, 469.9846626224581], [0.0, 0.0, 1.0]], [[1256.7485116440405, 0.0, 817.7887570959712], [0.0, 1256.7485116440403, 451.9541780095127], [0.0, 0.0, 1.0]], [[1254.9860565800168, 0.0, 829.5769333630991], [0.0, 1254.9860565800168, 467.1680561863987], [0.0, 0.0, 1.0]], [[796.8910634503094, 0.0, 857.7774326863696], [0.0, 796.8910634503094, 476.8848988407415], [0.0, 0.0, 1.0]], [[1249.9629280788233, 0.0, 825.3768045375984], [0.0, 1249.9629280788233, 462.54816385708756], [0.0, 0.0, 1.0]]], "extrinsics": [[[0.8226232528686523, -0.5683192610740662, -0.017439886927604675, -0.6993408203125], [0.006473240442574024, 0.04003133252263069, -0.9991773962974548, 1.4906539916992188], [0.5685500502586365, 0.8218337297439575, 0.03660957142710686, -1.123291015625], [0.0, 0.0, 0.0, 1.0]], [[0.01036255992949009, -0.9993027448654175, -0.035870857536792755, 0.00927734375], [0.00855354592204094, 0.03596005588769913, -0.9993166327476501, 1.4827423095703125], [0.9999097585678101, 0.010048695839941502, 0.008920219726860523, -1.42999267578125], [0.0, 0.0, 0.0, 1.0]], [[-0.8439463376998901, -0.5356578230857849, -0.028729239478707314, 0.8929443359375], [0.016703413799405098, 0.027289338409900665, -0.9994879961013794, 1.4969711303710938], [0.5361675024032593, -0.8439940810203552, -0.01408342644572258, -1.1512451171875], [0.0, 0.0, 0.0, 1.0]], [[0.9479783177375793, 0.3182908296585083, 0.005296968389302492, -1.1396484375], [-0.008661605417728424, 0.042423512786626816, -0.999062180519104, 1.5620193481445312], [-0.31821703910827637, 0.9470434188842773, 0.04297347739338875, -0.1571044921875], [0.0, 0.0, 0.0, 1.0]], [[0.009281429462134838, 0.9993482828140259, 0.03488398343324661, -0.028076171875], [-0.006488851737231016, 0.034944940358400345, -0.9993681311607361, 1.5674934387207031], [-0.9999359250068665, 0.009049131534993649, 0.006808960810303688, -0.04248046875], [0.0, 0.0, 0.0, 1.0]], [[-0.9237359166145325, 0.38296836614608765, 0.0068595618940889835, 1.00469970703125], [-0.002351855393499136, 0.012237396091222763, -0.9999223351478577, 1.5474128723144531], [-0.3830225467681885, -0.9236803650856018, -0.010403437539935112, -0.10791015625], [0.0, 0.0, 0.0, 1.0]]], "view": [[0.0, -2.0, 100.0], [-2.0, 0.0, 100.0], [0.0, 0.0, 1.0]], "bev": "bev_280b20086f804e489d6555026114a844.png", "aux": "aux_280b20086f804e489d6555026114a844.npz", "visibility": "visibility_280b20086f804e489d6555026114a844.png", "pose": [[-0.7393839359283447, -0.6732840538024902, 0.0, 1359.7457275390625], [0.6732840538024902, -0.7393839359283447, 0.0, 1000.69482421875], [0.0, 0.0, 1.0, 0.0], [0.0, 0.0, 0.0, 1.0]], "pose_inverse": [[-0.7393839359283447, 0.6732840538024902, 0.0, 331.62225341796875], [-0.6732840538024902, -0.7393839359283447, 0.0, 1655.392822265625], [0.0, 0.0, 1.0, 0.0], [0.0, 0.0, 0.0, 1.0]], "cam_ids": [0, 1, 2, 3, 4, 5], "cam_channels": ["CAM_FRONT_LEFT", "CAM_FRONT", "CAM_FRONT_RIGHT", "CAM_BACK_LEFT", "CAM_BACK", "CAM_BACK_RIGHT"], "token": "280b20086f804e489d6555026114a844", "scene": "scene-0671"}, {"images": ["samples/CAM_FRONT_LEFT/n008-2018-08-28-16-16-48-0400__CAM_FRONT_LEFT__1535487725154799.jpg", "samples/CAM_FRONT/n008-2018-08-28-16-16-48-0400__CAM_FRONT__1535487725162404.jpg", "samples/CAM_FRONT_RIGHT/n008-2018-08-28-16-16-48-0400__CAM_FRONT_RIGHT__1535487725170482.jpg", "samples/CAM_BACK_LEFT/n008-2018-08-28-16-16-48-0400__CAM_BACK_LEFT__1535487725197429.jpg", "samples/CAM_BACK/n008-2018-08-28-16-16-48-0400__CAM_BACK__1535487725187558.jpg", "samples/CAM_BACK_RIGHT/n008-2018-08-28-16-16-48-0400__CAM_BACK_RIGHT__1535487725178113.jpg"], "intrinsics": [[[1257.8625342125129, 0.0, 827.2410631095686], [0.0, 1257.8625342125129, 450.915498205774], [0.0, 0.0, 1.0]], [[1252.8131021185304, 0.0, 826.588114781398], [0.0, 1252.8131021185304, 469.9846626224581], [0.0, 0.0, 1.0]], [[1256.7485116440405, 0.0, 817.7887570959712], [0.0, 1256.7485116440403, 451.9541780095127], [0.0, 0.0, 1.0]], [[1254.9860565800168, 0.0, 829.5769333630991], [0.0, 1254.9860565800168, 467.1680561863987], [0.0, 0.0, 1.0]], [[796.8910634503094, 0.0, 857.7774326863696], [0.0, 796.8910634503094, 476.8848988407415], [0.0, 0.0, 1.0]], [[1249.9629280788233, 0.0, 825.3768045375984], [0.0, 1249.9629280788233, 462.54816385708756], [0.0, 0.0, 1.0]]], "extrinsics": [[[0.8228291869163513, -0.5680408477783203, -0.016785839572548866, -0.702392578125], [0.006367506925016642, 0.03875119239091873, -0.9992285966873169, 1.4904403686523438], [0.5682531595230103, 0.8220875263214111, 0.03550261631608009, -1.1300048828125], [0.0, 0.0, 0.0, 1.0]], [[0.010697344318032265, -0.9993468523025513, -0.03451560065150261, 0.0128173828125], [0.008335322141647339, 0.034605495631694794, -0.999366283416748, 1.4825248718261719], [0.9999080300331116, 0.010402848944067955, 0.008700063452124596, -1.433837890625], [0.0, 0.0, 0.0, 1.0]], [[-0.8437878489494324, -0.5359567999839783, -0.027790198102593422, 0.8956298828125], [0.016473915427923203, 0.025891300290822983, -0.9995290040969849, 1.4968223571777344], [0.5364238619804382, -0.8438482880592346, -0.013017458841204643, -1.1494140625], [0.0, 0.0, 0.0, 1.0]], [[0.9479081630706787, 0.3185097873210907, 0.004636039026081562, -1.1390380859375], [-0.00890680868178606, 0.041049860417842865, -0.9991174340248108, 1.5619964599609375], [-0.31841903924942017, 0.9470303058624268, 0.04174840822815895, -0.157958984375], [0.0, 0.0, 0.0, 1.0]], [[0.009151900187134743, 0.9993982315063477, 0.03345835208892822, -0.0294189453125], [-0.006682835053652525, 0.033520132303237915, -0.9994156956672668, 1.5674247741699219], [-0.9999359250068665, 0.008922906592488289, 0.006985584739595652, -0.044342041015625], [0.0, 0.0, 0.0, 1.0]], [[-0.9238227009773254, 0.3827670216560364, 0.0063889725133776665, 1.00390625], [-0.002433486981317401, 0.010817201808094978, -0.9999385476112366, 1.547372817993164], [-0.3828125, -0.9237814545631409, -0.009061718359589577, -0.1058349609375], [0.0, 0.0, 0.0, 1.0]]], "view": [[0.0, -2.0, 100.0], [-2.0, 0.0, 100.0], [0.0, 0.0, 1.0]], "bev": "bev_3cbf2e9ea114407f9b4ce800c0a24b7d.png", "aux": "aux_3cbf2e9ea114407f9b4ce800c0a24b7d.npz", "visibility": "visibility_3cbf2e9ea114407f9b4ce800c0a24b7d.png", "pose": [[-0.7344843149185181, -0.6786256432533264, 0.0, 1356.6710205078125], [0.6786256432533264, -0.7344843149185181, 0.0, 1003.572998046875], [0.0, 0.0, 1.0, 0.0], [0.0, 0.0, 0.0, 1.0]], "pose_inverse": [[-0.7344843149185181, 0.6786256432533264, 0.0, 315.4032287597656], [-0.6786256432533264, -0.7344843149185181, 0.0, 1657.7803955078125], [0.0, 0.0, 1.0, 0.0], [0.0, 0.0, 0.0, 1.0]], "cam_ids": [0, 1, 2, 3, 4, 5], "cam_channels": ["CAM_FRONT_LEFT", "CAM_FRONT", "CAM_FRONT_RIGHT", "CAM_BACK_LEFT", "CAM_BACK", "CAM_BACK_RIGHT"], "token": "3cbf2e9ea114407f9b4ce800c0a24b7d", "scene": "scene-0671"}, {"images": ["samples/CAM_FRONT_LEFT/n008-2018-08-28-16-16-48-0400__CAM_FRONT_LEFT__1535487725654799.jpg", "samples/CAM_FRONT/n008-2018-08-28-16-16-48-0400__CAM_FRONT__1535487725662404.jpg", "samples/CAM_FRONT_RIGHT/n008-2018-08-28-16-16-48-0400__CAM_FRONT_RIGHT__1535487725670482.jpg", "samples/CAM_BACK_LEFT/n008-2018-08-28-16-16-48-0400__CAM_BACK_LEFT__1535487725697405.jpg", "samples/CAM_BACK/n008-2018-08-28-16-16-48-0400__CAM_BACK__1535487725687558.jpg", "samples/CAM_BACK_RIGHT/n008-2018-08-28-16-16-48-0400__CAM_BACK_RIGHT__1535487725678113.jpg"], "intrinsics": [[[1257.8625342125129, 0.0, 827.2410631095686], [0.0, 1257.8625342125129, 450.915498205774], [0.0, 0.0, 1.0]], [[1252.8131021185304, 0.0, 826.588114781398], [0.0, 1252.8131021185304, 469.9846626224581], [0.0, 0.0, 1.0]], [[1256.7485116440405, 0.0, 817.7887570959712], [0.0, 1256.7485116440403, 451.9541780095127], [0.0, 0.0, 1.0]], [[1254.9860565800168, 0.0, 829.5769333630991], [0.0, 1254.9860565800168, 467.1680561863987], [0.0, 0.0, 1.0]], [[796.8910634503094, 0.0, 857.7774326863696], [0.0, 796.8910634503094, 476.8848988407415], [0.0, 0.0, 1.0]], [[1249.9629280788233, 0.0, 825.3768045375984], [0.0, 1249.9629280788233, 462.54816385708756], [0.0, 0.0, 1.0]]], "extrinsics": [[[0.8216626048088074, -0.5696672797203064, -0.01870429888367653, -0.72210693359375], [0.007156346924602985, 0.04312433302402496, -0.9990440607070923, 1.490631103515625], [0.569929301738739, 0.8207433223724365, 0.03951038420200348, -1.1407470703125], [0.0, 0.0, 0.0, 1.0]], [[0.009001623839139938, -0.9992045760154724, -0.038849618285894394, 0.010498046875], [0.009150455705821514, 0.03893187642097473, -0.9991999864578247, 1.4826583862304688], [0.9999175071716309, 0.008638947270810604, 0.009493624791502953, -1.45184326171875], [0.0, 0.0, 0.0, 1.0]], [[-0.8444985747337341, -0.5346767902374268, -0.030709123238921165, 0.9066162109375], [0.017254943028092384, 0.030146844685077667, -0.999396562576294, 1.496795654296875], [0.5352799296379089, -0.844518780708313, -0.01623314991593361, -1.1585693359375], [0.0, 0.0, 0.0, 1.0]], [[0.9479237794876099, 0.31841644644737244, 0.007176713552325964, -1.13995361328125], [-0.007535126060247421, 0.04494737088680267, -0.9989609718322754, 1.56201171875], [-0.31840819120407104, 0.94688481092453, 0.04500599205493927, -0.1575927734375], [0.0, 0.0, 0.0, 1.0]], [[0.00967409834265709, 0.9992486834526062, 0.03753042593598366, -0.028564453125], [-0.005704877432435751, 0.037586722522974014, -0.9992770552635193, 1.5675697326660156], [-0.9999369382858276, 0.009452943690121174, 0.0060642072930932045, -0.038482666015625], [0.0, 0.0, 0.0, 1.0]], [[-0.9234426021575928, 0.38366711139678955, 0.007306445389986038, 1.013946533203125], [-0.0016767766792327166, 0.015005731955170631, -0.9998859763145447, 1.5475234985351562], [-0.3837329149246216, -0.9233495593070984, -0.013213606551289558, -0.1031494140625], [0.0, 0.0, 0.0, 1.0]]], "view": [[0.0, -2.0, 100.0], [-2.0, 0.0, 100.0], [0.0, 0.0, 1.0]], "bev": "bev_e24e7f2cff364574b2949b6cf66f39a8.png", "aux": "aux_e24e7f2cff364574b2949b6cf66f39a8.npz", "visibility": "visibility_e24e7f2cff364574b2949b6cf66f39a8.png", "pose": [[-0.7395257353782654, -0.6731283068656921, 0.0, 1353.7713623046875], [0.6731283068656921, -0.7395257353782654, 0.0, 1006.2918701171875], [0.0, 0.0, 1.0, 0.0], [0.0, 0.0, 0.0, 1.0]], "pose_inverse": [[-0.7395257353782654, 0.6731283068656921, 0.0, 323.78521728515625], [-0.6731283068656921, -0.7395257353782654, 0.0, 1655.4405517578125], [0.0, 0.0, 1.0, 0.0], [0.0, 0.0, 0.0, 1.0]], "cam_ids": [0, 1, 2, 3, 4, 5], "cam_channels": ["CAM_FRONT_LEFT", "CAM_FRONT", "CAM_FRONT_RIGHT", "CAM_BACK_LEFT", "CAM_BACK", "CAM_BACK_RIGHT"], "token": "e24e7f2cff364574b2949b6cf66f39a8", "scene": "scene-0671"}, {"images": ["samples/CAM_FRONT_LEFT/n008-2018-08-28-16-16-48-0400__CAM_FRONT_LEFT__1535487726154799.jpg", "samples/CAM_FRONT/n008-2018-08-28-16-16-48-0400__CAM_FRONT__1535487726162404.jpg", "samples/CAM_FRONT_RIGHT/n008-2018-08-28-16-16-48-0400__CAM_FRONT_RIGHT__1535487726170578.jpg", "samples/CAM_BACK_LEFT/n008-2018-08-28-16-16-48-0400__CAM_BACK_LEFT__1535487726197405.jpg", "samples/CAM_BACK/n008-2018-08-28-16-16-48-0400__CAM_BACK__1535487726187558.jpg", "samples/CAM_BACK_RIGHT/n008-2018-08-28-16-16-48-0400__CAM_BACK_RIGHT__1535487726178113.jpg"], "intrinsics": [[[1257.8625342125129, 0.0, 827.2410631095686], [0.0, 1257.8625342125129, 450.915498205774], [0.0, 0.0, 1.0]], [[1252.8131021185304, 0.0, 826.588114781398], [0.0, 1252.8131021185304, 469.9846626224581], [0.0, 0.0, 1.0]], [[1256.7485116440405, 0.0, 817.7887570959712], [0.0, 1256.7485116440403, 451.9541780095127], [0.0, 0.0, 1.0]], [[1254.9860565800168, 0.0, 829.5769333630991], [0.0, 1254.9860565800168, 467.1680561863987], [0.0, 0.0, 1.0]], [[796.8910634503094, 0.0, 857.7774326863696], [0.0, 796.8910634503094, 476.8848988407415], [0.0, 0.0, 1.0]], [[1249.9629280788233, 0.0, 825.3768045375984], [0.0, 1249.9629280788233, 462.54816385708756], [0.0, 0.0, 1.0]]], "extrinsics": [[[0.8208891749382019, -0.5710389018058777, -0.007448756601661444, -0.73828125], [0.01391441747546196, 0.033038314431905746, -0.9993572235107422, 1.4926910400390625], [0.5709180235862732, 0.8202579021453857, 0.03506647050380707, -1.151611328125], [0.0, 0.0, 0.0, 1.0]], [[0.007761669810861349, -0.9995579123497009, -0.02869868278503418, 0.00927734375], [0.01593680866062641, 0.028819551691412926, -0.999457597732544, 1.4843482971191406], [0.9998428821563721, 0.007300087716430426, 0.016153452917933464, -1.468902587890625], [0.0, 0.0, 0.0, 1.0]], [[-0.8449842929840088, -0.5338932871818542, -0.030975446105003357, 0.9183349609375], [0.02398308739066124, 0.020032063126564026, -0.9995115995407104, 1.497955322265625], [0.5342531204223633, -0.8453145623207092, -0.004122369922697544, -1.1673583984375], [0.0, 0.0, 0.0, 1.0]], [[0.9478881359100342, 0.3184511065483093, 0.009850704111158848, -1.14166259765625], [-0.0013878090539947152, 0.035045042634010315, -0.9993847608566284, 1.5620346069335938], [-0.3186003863811493, 0.9472913146018982, 0.033660732209682465, -0.1571044921875], [0.0, 0.0, 0.0, 1.0]], [[0.009935697540640831, 0.9995691180229187, 0.02762158028781414, -0.028564453125], [0.0007213772041723132, 0.02761577069759369, -0.9996182918548584, 1.5681076049804688], [-0.9999504089355469, 0.009951806627213955, -0.0004466851241886616, -0.0322265625], [0.0, 0.0, 0.0, 1.0]], [[-0.9231006503105164, 0.3845495879650116, -0.0025972796138375998, 1.023956298828125], [0.004882445093244314, 0.00496625667437911, -0.9999757409095764, 1.5485305786132812], [-0.384527325630188, -0.923090934753418, -0.006461897399276495, -0.099853515625], [0.0, 0.0, 0.0, 1.0]]], "view": [[0.0, -2.0, 100.0], [-2.0, 0.0, 100.0], [0.0, 0.0, 1.0]], "bev": "bev_70f624ed5a644f0789c0b2a11ca6d120.png", "aux": "aux_70f624ed5a644f0789c0b2a11ca6d120.npz", "visibility": "visibility_70f624ed5a644f0789c0b2a11ca6d120.png", "pose": [[-0.7561354637145996, -0.6544151306152344, 0.0, 1350.8648681640625], [0.6544151306152344, -0.7561354637145996, 0.0, 1008.9230346679688], [0.0, 0.0, 1.0, 0.0], [0.0, 0.0, 0.0, 1.0]], "pose_inverse": [[-0.7561354637145996, 0.6544151306152344, 0.0, 361.1822814941406], [-0.6544151306152344, -0.7561354637145996, 0.0, 1646.908935546875], [0.0, 0.0, 1.0, 0.0], [0.0, 0.0, 0.0, 1.0]], "cam_ids": [0, 1, 2, 3, 4, 5], "cam_channels": ["CAM_FRONT_LEFT", "CAM_FRONT", "CAM_FRONT_RIGHT", "CAM_BACK_LEFT", "CAM_BACK", "CAM_BACK_RIGHT"], "token": "70f624ed5a644f0789c0b2a11ca6d120", "scene": "scene-0671"}, {"images": ["samples/CAM_FRONT_LEFT/n008-2018-08-28-16-16-48-0400__CAM_FRONT_LEFT__1535487726654799.jpg", "samples/CAM_FRONT/n008-2018-08-28-16-16-48-0400__CAM_FRONT__1535487726662404.jpg", "samples/CAM_FRONT_RIGHT/n008-2018-08-28-16-16-48-0400__CAM_FRONT_RIGHT__1535487726670482.jpg", "samples/CAM_BACK_LEFT/n008-2018-08-28-16-16-48-0400__CAM_BACK_LEFT__1535487726697405.jpg", "samples/CAM_BACK/n008-2018-08-28-16-16-48-0400__CAM_BACK__1535487726687558.jpg", "samples/CAM_BACK_RIGHT/n008-2018-08-28-16-16-48-0400__CAM_BACK_RIGHT__1535487726678113.jpg"], "intrinsics": [[[1257.8625342125129, 0.0, 827.2410631095686], [0.0, 1257.8625342125129, 450.915498205774], [0.0, 0.0, 1.0]], [[1252.8131021185304, 0.0, 826.588114781398], [0.0, 1252.8131021185304, 469.9846626224581], [0.0, 0.0, 1.0]], [[1256.7485116440405, 0.0, 817.7887570959712], [0.0, 1256.7485116440403, 451.9541780095127], [0.0, 0.0, 1.0]], [[1254.9860565800168, 0.0, 829.5769333630991], [0.0, 1254.9860565800168, 467.1680561863987], [0.0, 0.0, 1.0]], [[796.8910634503094, 0.0, 857.7774326863696], [0.0, 796.8910634503094, 476.8848988407415], [0.0, 0.0, 1.0]], [[1249.9629280788233, 0.0, 825.3768045375984], [0.0, 1249.9629280788233, 462.54816385708756], [0.0, 0.0, 1.0]]], "extrinsics": [[[0.821442723274231, -0.5702807307243347, -0.0034261560067534447, -0.7431640625], [0.016975458711385727, 0.030455950647592545, -0.9993919134140015, 1.4936180114746094], [0.5700383186340332, 0.820885181427002, 0.034698594361543655, -1.154052734375], [0.0, 0.0, 0.0, 1.0]], [[0.008819502778351307, -0.9996210336685181, -0.026074672117829323, 0.0091552734375], [0.018926292657852173, 0.026237884536385536, -0.9994765520095825, 1.4850616455078125], [0.9997819662094116, 0.00832146592438221, 0.01915052719414234, -1.4739990234375], [0.0, 0.0, 0.0, 1.0]], [[-0.844404935836792, -0.5347433090209961, -0.032094284892082214, 0.9215087890625], [0.026950687170028687, 0.017429780215024948, -0.9994847774505615, 1.4984664916992188], [0.5350272059440613, -0.8448347449302673, -0.00030609063105657697, -1.1690673828125], [0.0, 0.0, 0.0, 1.0]], [[0.9478527307510376, 0.3184860348701477, 0.011910591274499893, -1.14080810546875], [0.0016775999683886766, 0.032385118305683136, -0.9994741082191467, 1.5620613098144531], [-0.3187042474746704, 0.947374165058136, 0.030162032693624496, -0.15673828125], [0.0, 0.0, 0.0, 1.0]], [[0.009517530910670757, 0.9996434450149536, 0.024948447942733765, -0.028564453125], [0.0037621615920215845, 0.0249136034399271, -0.9996824860572815, 1.5683364868164062], [-0.9999476075172424, 0.009608335793018341, -0.0035237076226621866, -0.030426025390625], [0.0, 0.0, 0.0, 1.0]], [[-0.9233399629592896, 0.3839292526245117, -0.0064454455859959126, 1.02703857421875], [0.007932019419968128, 0.0022887643426656723, -0.9999659061431885, 1.5489544868469238], [-0.3839013874530792, -0.9233596324920654, -0.00515863997861743, -0.098388671875], [0.0, 0.0, 0.0, 1.0]]], "view": [[0.0, -2.0, 100.0], [-2.0, 0.0, 100.0], [0.0, 0.0, 1.0]], "bev": "bev_d3c1f166eb1b42e8b5b0fd937a529fbc.png", "aux": "aux_d3c1f166eb1b42e8b5b0fd937a529fbc.npz", "visibility": "visibility_d3c1f166eb1b42e8b5b0fd937a529fbc.png", "pose": [[-0.7743712067604065, -0.632731556892395, 0.0, 1348.06982421875], [0.632731556892395, -0.7743712067604065, 0.0, 1011.3135375976562], [0.0, 0.0, 1.0, 0.0], [0.0, 0.0, 0.0, 1.0]], "pose_inverse": [[-0.7743712067604065, 0.632731556892395, 0.0, 404.0164794921875], [-0.632731556892395, -0.7743712067604065, 0.0, 1636.098388671875], [0.0, 0.0, 1.0, 0.0], [0.0, 0.0, 0.0, 1.0]], "cam_ids": [0, 1, 2, 3, 4, 5], "cam_channels": ["CAM_FRONT_LEFT", "CAM_FRONT", "CAM_FRONT_RIGHT", "CAM_BACK_LEFT", "CAM_BACK", "CAM_BACK_RIGHT"], "token": "d3c1f166eb1b42e8b5b0fd937a529fbc", "scene": "scene-0671"}, {"images": ["samples/CAM_FRONT_LEFT/n008-2018-08-28-16-16-48-0400__CAM_FRONT_LEFT__1535487727154799.jpg", "samples/CAM_FRONT/n008-2018-08-28-16-16-48-0400__CAM_FRONT__1535487727162404.jpg", "samples/CAM_FRONT_RIGHT/n008-2018-08-28-16-16-48-0400__CAM_FRONT_RIGHT__1535487727170482.jpg", "samples/CAM_BACK_LEFT/n008-2018-08-28-16-16-48-0400__CAM_BACK_LEFT__1535487727197410.jpg", "samples/CAM_BACK/n008-2018-08-28-16-16-48-0400__CAM_BACK__1535487727187558.jpg", "samples/CAM_BACK_RIGHT/n008-2018-08-28-16-16-48-0400__CAM_BACK_RIGHT__1535487727178113.jpg"], "intrinsics": [[[1257.8625342125129, 0.0, 827.2410631095686], [0.0, 1257.8625342125129, 450.915498205774], [0.0, 0.0, 1.0]], [[1252.8131021185304, 0.0, 826.588114781398], [0.0, 1252.8131021185304, 469.9846626224581], [0.0, 0.0, 1.0]], [[1256.7485116440405, 0.0, 817.7887570959712], [0.0, 1256.7485116440403, 451.9541780095127], [0.0, 0.0, 1.0]], [[1254.9860565800168, 0.0, 829.5769333630991], [0.0, 1254.9860565800168, 467.1680561863987], [0.0, 0.0, 1.0]], [[796.8910634503094, 0.0, 857.7774326863696], [0.0, 796.8910634503094, 476.8848988407415], [0.0, 0.0, 1.0]], [[1249.9629280788233, 0.0, 825.3768045375984], [0.0, 1249.9629280788233, 462.54816385708756], [0.0, 0.0, 1.0]]], "extrinsics": [[[0.8221194744110107, -0.5693130493164062, -0.0014944226713851094, -0.76947021484375], [0.018831556662917137, 0.029817132279276848, -0.999377965927124, 1.4935493469238281], [0.5690035223960876, 0.8215799927711487, 0.03523429483175278, -1.174072265625], [0.0, 0.0, 0.0, 1.0]], [[0.009791547432541847, -0.9996251463890076, -0.0255670715123415, 0.0101318359375], [0.020729057490825653, 0.025765715166926384, -0.999453067779541, 1.484954833984375], [0.9997371435165405, 0.009256168268620968, 0.02097357250750065, -1.500762939453125], [0.0, 0.0, 0.0, 1.0]], [[-0.8439804315567017, -0.5353317856788635, -0.03342047333717346, 0.9393310546875], [0.02870010770857334, 0.017147241160273552, -0.9994409680366516, 1.4982223510742188], [0.5356055498123169, -0.84446781873703, 0.0008921424159780145, -1.1795654296875], [0.0, 0.0, 0.0, 1.0]], [[0.9478232860565186, 0.31851494312286377, 0.013383660465478897, -1.1431884765625], [0.003157585859298706, 0.03260018303990364, -0.9994634985923767, 1.5620460510253906], [-0.31878039240837097, 0.9473570585250854, 0.029893476516008377, -0.1563720703125], [0.0, 0.0, 0.0, 1.0]], [[0.009220133535563946, 0.9996439814567566, 0.025037743151187897, -0.02880859375], [0.005409307312220335, 0.024988578632473946, -0.999673068523407, 1.5684051513671875], [-0.9999428391456604, 0.009352586232125759, -0.005176985170692205, -0.02215576171875], [0.0, 0.0, 0.0, 1.0]], [[-0.923516571521759, 0.38347408175468445, -0.00804569199681282, 1.040679931640625], [0.009617427363991737, 0.0021815099753439426, -0.9999513626098633, 1.549055576324463], [-0.383437842130661, -0.9235489964485168, -0.005702693480998278, -0.0921630859375], [0.0, 0.0, 0.0, 1.0]]], "view": [[0.0, -2.0, 100.0], [-2.0, 0.0, 100.0], [0.0, 0.0, 1.0]], "bev": "bev_e076be001ead478c9623c490228c7dea.png", "aux": "aux_e076be001ead478c9623c490228c7dea.npz", "visibility": "visibility_e076be001ead478c9623c490228c7dea.png", "pose": [[-0.7826531529426575, -0.6224580407142639, 0.0, 1345.3736572265625], [0.6224580407142639, -0.7826531529426575, 0.0, 1013.5209350585938], [0.0, 0.0, 1.0, 0.0], [0.0, 0.0, 0.0, 1.0]], "pose_inverse": [[-0.7826531529426575, 0.6224580407142639, 0.0, 422.086669921875], [-0.6224580407142639, -0.7826531529426575, 0.0, 1630.674072265625], [0.0, 0.0, 1.0, 0.0], [0.0, 0.0, 0.0, 1.0]], "cam_ids": [0, 1, 2, 3, 4, 5], "cam_channels": ["CAM_FRONT_LEFT", "CAM_FRONT", "CAM_FRONT_RIGHT", "CAM_BACK_LEFT", "CAM_BACK", "CAM_BACK_RIGHT"], "token": "e076be001ead478c9623c490228c7dea", "scene": "scene-0671"}, {"images": ["samples/CAM_FRONT_LEFT/n008-2018-08-28-16-16-48-0400__CAM_FRONT_LEFT__1535487727654799.jpg", "samples/CAM_FRONT/n008-2018-08-28-16-16-48-0400__CAM_FRONT__1535487727662404.jpg", "samples/CAM_FRONT_RIGHT/n008-2018-08-28-16-16-48-0400__CAM_FRONT_RIGHT__1535487727670482.jpg", "samples/CAM_BACK_LEFT/n008-2018-08-28-16-16-48-0400__CAM_BACK_LEFT__1535487727697405.jpg", "samples/CAM_BACK/n008-2018-08-28-16-16-48-0400__CAM_BACK__1535487727687558.jpg", "samples/CAM_BACK_RIGHT/n008-2018-08-28-16-16-48-0400__CAM_BACK_RIGHT__1535487727678113.jpg"], "intrinsics": [[[1257.8625342125129, 0.0, 827.2410631095686], [0.0, 1257.8625342125129, 450.915498205774], [0.0, 0.0, 1.0]], [[1252.8131021185304, 0.0, 826.588114781398], [0.0, 1252.8131021185304, 469.9846626224581], [0.0, 0.0, 1.0]], [[1256.7485116440405, 0.0, 817.7887570959712], [0.0, 1256.7485116440403, 451.9541780095127], [0.0, 0.0, 1.0]], [[1254.9860565800168, 0.0, 829.5769333630991], [0.0, 1254.9860565800168, 467.1680561863987], [0.0, 0.0, 1.0]], [[796.8910634503094, 0.0, 857.7774326863696], [0.0, 796.8910634503094, 476.8848988407415], [0.0, 0.0, 1.0]], [[1249.9629280788233, 0.0, 825.3768045375984], [0.0, 1249.9629280788233, 462.54816385708756], [0.0, 0.0, 1.0]]], "extrinsics": [[[0.8223428726196289, -0.5689898133277893, -0.001680191489867866, -0.7706298828125], [0.01988021284341812, 0.03168310970067978, -0.9993002414703369, 1.4938163757324219], [0.5686448812484741, 0.8217340111732483, 0.03736602142453194, -1.1754150390625], [0.0, 0.0, 0.0, 1.0]], [[0.01022614911198616, -0.9995740056037903, -0.02733536623418331, 0.0108642578125], [0.021863171830773354, 0.02755376510322094, -0.9993811845779419, 1.4851799011230469], [0.9997086524963379, 0.009622244164347649, 0.022135628387331963, -1.501800537109375], [0.0, 0.0, 0.0, 1.0]], [[-0.8437424302101135, -0.5355803370475769, -0.03539051488041878, 0.9400634765625], [0.02995147742331028, 0.01885247230529785, -0.9993735551834106, 1.4984169006347656], [0.5359119176864624, -0.8442738652229309, 0.00013478829350788146, -1.1788330078125], [0.0, 0.0, 0.0, 1.0]], [[0.9478137493133545, 0.31845638155937195, 0.015314744785428047, -1.14044189453125], [0.004700060002505779, 0.034073423594236374, -0.9994083046913147, 1.5620574951171875], [-0.31878989934921265, 0.9473249316215515, 0.030798496678471565, -0.1573486328125], [0.0, 0.0, 0.0, 1.0]], [[0.009059694595634937, 0.9996054172515869, 0.026588115841150284, -0.029052734375], [0.006765611935406923, 0.026527324691414833, -0.9996251463890076, 1.5684928894042969], [-0.9999361634254456, 0.0092361029237