[{"images": ["samples/CAM_FRONT_LEFT/n008-2018-08-30-15-31-50-0400__CAM_FRONT_LEFT__1535657832004799.jpg", "samples/CAM_FRONT/n008-2018-08-30-15-31-50-0400__CAM_FRONT__1535657832012404.jpg", "samples/CAM_FRONT_RIGHT/n008-2018-08-30-15-31-50-0400__CAM_FRONT_RIGHT__1535657832020482.jpg", "samples/CAM_BACK_LEFT/n008-2018-08-30-15-31-50-0400__CAM_BACK_LEFT__1535657832047405.jpg", "samples/CAM_BACK/n008-2018-08-30-15-31-50-0400__CAM_BACK__1535657832037558.jpg", "samples/CAM_BACK_RIGHT/n008-2018-08-30-15-31-50-0400__CAM_BACK_RIGHT__1535657832028113.jpg"], "intrinsics": [[[1257.8625342125129, 0.0, 827.2410631095686], [0.0, 1257.8625342125129, 450.915498205774], [0.0, 0.0, 1.0]], [[1252.8131021185304, 0.0, 826.588114781398], [0.0, 1252.8131021185304, 469.9846626224581], [0.0, 0.0, 1.0]], [[1256.7485116440405, 0.0, 817.7887570959712], [0.0, 1256.7485116440403, 451.9541780095127], [0.0, 0.0, 1.0]], [[1254.9860565800168, 0.0, 829.5769333630991], [0.0, 1254.9860565800168, 467.1680561863987], [0.0, 0.0, 1.0]], [[796.8910634503094, 0.0, 857.7774326863696], [0.0, 796.8910634503094, 476.8848988407415], [0.0, 0.0, 1.0]], [[1249.9629280788233, 0.0, 825.3768045375984], [0.0, 1249.9629280788233, 462.54816385708756], [0.0, 0.0, 1.0]]], "extrinsics": [[[0.8222613334655762, -0.5689156651496887, -0.014877500012516975, -0.716064453125], [-0.0033832434564828873, 0.02125472016632557, -0.9997683763504028, 1.4870824813842773], [0.5691000819206238, 0.8221212029457092, 0.015552153810858727, -1.134765625], [0.0, 0.0, 0.0, 1.0]], [[0.009828800335526466, -0.9998030066490173, -0.017242692410945892, 0.009429931640625], [-0.001696706865914166, 0.017226826399564743, -0.9998502135276794, 1.4796562194824219], [0.9999502897262573, 0.009856506250798702, -0.0015270550502464175, -1.4451904296875], [0.0, 0.0, 0.0, 1.0]], [[-0.8442330360412598, -0.535888135433197, -0.009722120128571987, 0.901123046875], [0.006039906293153763, 0.008625857532024384, -0.9999445080757141, 1.4944276809692383], [0.5359423160552979, -0.8442450165748596, -0.004045520443469286, -1.1563720703125], [0.0, 0.0, 0.0, 1.0]], [[0.9478273987770081, 0.31858688592910767, -0.011205260641872883, -1.1353759765625], [-0.019893741235136986, 0.02403121627867222, -0.9995132684707642, 1.5618629455566406], [-0.3181625008583069, 0.9475890398025513, 0.029115332290530205, -0.15899658203125], [0.0, 0.0, 0.0, 1.0]], [[0.00946543924510479, 0.9998232126235962, 0.016247157007455826, -0.028289794921875], [-0.017466546967625618, 0.016410721465945244, -0.9997127056121826, 1.5665283203125], [-0.9998027086257935, 0.009178956039249897, 0.017618795856833458, -0.0435791015625], [0.0, 0.0, 0.0, 1.0]], [[-0.9236295223236084, 0.3831620514392853, 0.009763247333467007, 1.0093994140625], [-0.01321028545498848, -0.0063660056330263615, -0.9998924732208252, 1.5456504821777344], [-0.3830586373806, -0.9236592054367065, 0.01094151008874178, -0.10589599609375], [0.0, 0.0, 0.0, 1.0]]], "view": [[0.0, -2.0, 100.0], [-2.0, 0.0, 100.0], [0.0, 0.0, 1.0]], "bev": "bev_e829650532104af6bdb060d75924421f.png", "aux": "aux_e829650532104af6bdb060d75924421f.npz", "visibility": "visibility_e829650532104af6bdb060d75924421f.png", "pose": [[0.6472834944725037, -0.7622493505477905, 0.0, 1343.701171875], [0.7622493505477905, 0.6472834944725037, 0.0, 1101.37451171875], [0.0, 0.0, 1.0, 0.0], [0.0, 0.0, 0.0, 1.0]], "pose_inverse": [[0.6472834944725037, 0.7622493505477905, 0.0, -1709.277587890625], [-0.7622493505477905, 0.6472834944725037, 0.0, 311.33380126953125], [0.0, 0.0, 1.0, 0.0], [0.0, 0.0, 0.0, 1.0]], "cam_ids": [0, 1, 2, 3, 4, 5], "cam_channels": ["CAM_FRONT_LEFT", "CAM_FRONT", "CAM_FRONT_RIGHT", "CAM_BACK_LEFT", "CAM_BACK", "CAM_BACK_RIGHT"], "token": "e829650532104af6bdb060d75924421f", "scene": "scene-0783"}, {"images": ["samples/CAM_FRONT_LEFT/n008-2018-08-30-15-31-50-0400__CAM_FRONT_LEFT__1535657832504799.jpg", "samples/CAM_FRONT/n008-2018-08-30-15-31-50-0400__CAM_FRONT__1535657832512404.jpg", "samples/CAM_FRONT_RIGHT/n008-2018-08-30-15-31-50-0400__CAM_FRONT_RIGHT__1535657832520482.jpg", "samples/CAM_BACK_LEFT/n008-2018-08-30-15-31-50-0400__CAM_BACK_LEFT__1535657832547405.jpg", "samples/CAM_BACK/n008-2018-08-30-15-31-50-0400__CAM_BACK__1535657832537558.jpg", "samples/CAM_BACK_RIGHT/n008-2018-08-30-15-31-50-0400__CAM_BACK_RIGHT__1535657832528113.jpg"], "intrinsics": [[[1257.8625342125129, 0.0, 827.2410631095686], [0.0, 1257.8625342125129, 450.915498205774], [0.0, 0.0, 1.0]], [[1252.8131021185304, 0.0, 826.588114781398], [0.0, 1252.8131021185304, 469.9846626224581], [0.0, 0.0, 1.0]], [[1256.7485116440405, 0.0, 817.7887570959712], [0.0, 1256.7485116440403, 451.9541780095127], [0.0, 0.0, 1.0]], [[1254.9860565800168, 0.0, 829.5769333630991], [0.0, 1254.9860565800168, 467.1680561863987], [0.0, 0.0, 1.0]], [[796.8910634503094, 0.0, 857.7774326863696], [0.0, 796.8910634503094, 476.8848988407415], [0.0, 0.0, 1.0]], [[1249.9629280788233, 0.0, 825.3768045375984], [0.0, 1249.9629280788233, 462.54816385708756], [0.0, 0.0, 1.0]]], "extrinsics": [[[0.8225111961364746, -0.5684267282485962, -0.01914382539689541, -0.6968994140625], [-0.008226239122450352, 0.021766163408756256, -0.9997292160987854, 1.4851551055908203], [0.5686894655227661, 0.8224458694458008, 0.01322689838707447, -1.124755859375], [0.0, 0.0, 0.0, 1.0]], [[0.010295954532921314, -0.9997884631156921, -0.017802592366933823, 0.011505126953125], [-0.005894702393561602, 0.017742542549967766, -0.9998251795768738, 1.4782934188842773], [0.9999295473098755, 0.010399091988801956, -0.005710778292268515, -1.4263916015625], [0.0, 0.0, 0.0, 1.0]], [[-0.843997061252594, -0.5363014340400696, -0.007041235454380512, 0.8883056640625], [0.0025288467295467854, 0.009148918092250824, -0.9999549388885498, 1.4936619997024536], [0.5363417863845825, -0.8439769148826599, -0.006365437060594559, -1.1463623046875], [0.0, 0.0, 0.0, 1.0]], [[0.9477883577346802, 0.3186216950416565, -0.01332189328968525, -1.1317138671875], [-0.02228439599275589, 0.024500234052538872, -0.9994513988494873, 1.5617523193359375], [-0.3181205689907074, 0.9475652575492859, 0.030321327969431877, -0.16021728515625], [0.0, 0.0, 0.0, 1.0]], [[0.009316831827163696, 0.9998159408569336, 0.016774656251072884, -0.028961181640625], [-0.020373791456222534, 0.016961701214313507, -0.9996485114097595, 1.5660820007324219], [-0.9997491240501404, 0.008971774950623512, 0.020528068765997887, -0.0521240234375], [0.0, 0.0, 0.0, 1.0]], [[-0.9237362742424011, 0.38281136751174927, 0.012915768660604954, 0.9967041015625], [-0.01638743467628956, -0.0058092582039535046, -0.9998488426208496, 1.5449275970458984], [-0.38267838954925537, -0.923808217048645, 0.011639516800642014, -0.10968017578125], [0.0, 0.0, 0.0, 1.0]]], "view": [[0.0, -2.0, 100.0], [-2.0, 0.0, 100.0], [0.0, 0.0, 1.0]], "bev": "bev_5193a061a8c24adb9663daa3a3c8e2cc.png", "aux": "aux_5193a061a8c24adb9663daa3a3c8e2cc.npz", "visibility": "visibility_5193a061a8c24adb9663daa3a3c8e2cc.png", "pose": [[0.6486679315567017, -0.7610715627670288, 0.0, 1346.4063720703125], [0.7610715627670288, 0.6486679315567017, 0.0, 1104.498291015625], [0.0, 0.0, 1.0, 0.0], [0.0, 0.0, 0.0, 1.0]], "pose_inverse": [[0.6486679315567017, 0.7610715627670288, 0.0, -1713.972900390625], [-0.7610715627670288, 0.6486679315567017, 0.0, 308.2589416503906], [0.0, 0.0, 1.0, 0.0], [0.0, 0.0, 0.0, 1.0]], "cam_ids": [0, 1, 2, 3, 4, 5], "cam_channels": ["CAM_FRONT_LEFT", "CAM_FRONT", "CAM_FRONT_RIGHT", "CAM_BACK_LEFT", "CAM_BACK", "CAM_BACK_RIGHT"], "token": "5193a061a8c24adb9663daa3a3c8e2cc", "scene": "scene-0783"}, {"images": ["samples/CAM_FRONT_LEFT/n008-2018-08-30-15-31-50-0400__CAM_FRONT_LEFT__1535657833004799.jpg", "samples/CAM_FRONT/n008-2018-08-30-15-31-50-0400__CAM_FRONT__1535657833012404.jpg", "samples/CAM_FRONT_RIGHT/n008-2018-08-30-15-31-50-0400__CAM_FRONT_RIGHT__1535657833020482.jpg", "samples/CAM_BACK_LEFT/n008-2018-08-30-15-31-50-0400__CAM_BACK_LEFT__1535657833047405.jpg", "samples/CAM_BACK/n008-2018-08-30-15-31-50-0400__CAM_BACK__1535657833037631.jpg", "samples/CAM_BACK_RIGHT/n008-2018-08-30-15-31-50-0400__CAM_BACK_RIGHT__1535657833028113.jpg"], "intrinsics": [[[1257.8625342125129, 0.0, 827.2410631095686], [0.0, 1257.8625342125129, 450.915498205774], [0.0, 0.0, 1.0]], [[1252.8131021185304, 0.0, 826.588114781398], [0.0, 1252.8131021185304, 469.9846626224581], [0.0, 0.0, 1.0]], [[1256.7485116440405, 0.0, 817.7887570959712], [0.0, 1256.7485116440403, 451.9541780095127], [0.0, 0.0, 1.0]], [[1254.9860565800168, 0.0, 829.5769333630991], [0.0, 1254.9860565800168, 467.1680561863987], [0.0, 0.0, 1.0]], [[796.8910634503094, 0.0, 857.7774326863696], [0.0, 796.8910634503094, 476.8848988407415], [0.0, 0.0, 1.0]], [[1249.9629280788233, 0.0, 825.3768045375984], [0.0, 1249.9629280788233, 462.54816385708756], [0.0, 0.0, 1.0]]], "extrinsics": [[[0.8224115371704102, -0.5682894587516785, -0.026198389008641243, -0.692138671875], [-0.01596730388700962, 0.022974971681833267, -0.9996084570884705, 1.4821891784667969], [0.5686689615249634, 0.8225078582763672, 0.009820830076932907, -1.12078857421875], [0.0, 0.0, 0.0, 1.0]], [[0.01013715099543333, -0.9997662901878357, -0.019091328606009483, 0.01104736328125], [-0.014371058903634548, 0.018944675102829933, -0.9997172355651855, 1.475637435913086], [0.9998452663421631, 0.01040873397141695, -0.014175656251609325, -1.4228515625], [0.0, 0.0, 0.0, 1.0]], [[-0.8441076278686523, -0.5361735820770264, 0.00013630995817948133, 0.8876953125], [-0.0067310878075659275, 0.010342665016651154, -0.999923825263977, 1.4914188385009766], [0.5361313819885254, -0.8440443277359009, -0.012339356355369091, -1.1463623046875], [0.0, 0.0, 0.0, 1.0]], [[0.9476026892662048, 0.31860029697418213, -0.023300455883145332, -1.1328125], [-0.03321150690317154, 0.025710653513669968, -0.9991176128387451, 1.5616455078125], [-0.31772008538246155, 0.9475404024124146, 0.03494468331336975, -0.159912109375], [0.0, 0.0, 0.0, 1.0]], [[0.009620629251003265, 0.9997950792312622, 0.017810869961977005, -0.028778076171875], [-0.030798135325312614, 0.018099507316946983, -0.9993616938591003, 1.5651168823242188], [-0.9994792342185974, 0.009065944701433182, 0.030965955927968025, -0.0509033203125], [0.0, 0.0, 0.0, 1.0]], [[-0.9235103130340576, 0.3829328119754791, 0.022162925451993942, 0.9971923828125], [-0.025930315256118774, -0.004678850062191486, -0.9996528029441833, 1.543243408203125], [-0.38269615173339844, -0.9237642884254456, 0.014250535517930984, -0.109832763671875], [0.0, 0.0, 0.0, 1.0]]], "view": [[0.0, -2.0, 100.0], [-2.0, 0.0, 100.0], [0.0, 0.0, 1.0]], "bev": "bev_e35644b0b014475287656d2a84e7dcd2.png", "aux": "aux_e35644b0b014475287656d2a84e7dcd2.npz", "visibility": "visibility_e35644b0b014475287656d2a84e7dcd2.png", "pose": [[0.6508064270019531, -0.7592436671257019, 0.0, 1349.20947265625], [0.7592436671257019, 0.6508064270019531, 0.0, 1107.72216796875], [0.0, 0.0, 1.0, 0.0], [0.0, 0.0, 0.0, 1.0]], "pose_inverse": [[0.6508064270019531, 0.7592436671257019, 0.0, -1719.105224609375], [-0.7592436671257019, 0.6508064270019531, 0.0, 303.4660339355469], [0.0, 0.0, 1.0, 0.0], [0.0, 0.0, 0.0, 1.0]], "cam_ids": [0, 1, 2, 3, 4, 5], "cam_channels": ["CAM_FRONT_LEFT", "CAM_FRONT", "CAM_FRONT_RIGHT", "CAM_BACK_LEFT", "CAM_BACK", "CAM_BACK_RIGHT"], "token": "e35644b0b014475287656d2a84e7dcd2", "scene": "scene-0783"}, {"images": ["samples/CAM_FRONT_LEFT/n008-2018-08-30-15-31-50-0400__CAM_FRONT_LEFT__1535657833504799.jpg", "samples/CAM_FRONT/n008-2018-08-30-15-31-50-0400__CAM_FRONT__1535657833512404.jpg", "samples/CAM_FRONT_RIGHT/n008-2018-08-30-15-31-50-0400__CAM_FRONT_RIGHT__1535657833520482.jpg", "samples/CAM_BACK_LEFT/n008-2018-08-30-15-31-50-0400__CAM_BACK_LEFT__1535657833547405.jpg", "samples/CAM_BACK/n008-2018-08-30-15-31-50-0400__CAM_BACK__1535657833537558.jpg", "samples/CAM_BACK_RIGHT/n008-2018-08-30-15-31-50-0400__CAM_BACK_RIGHT__1535657833528113.jpg"], "intrinsics": [[[1257.8625342125129, 0.0, 827.2410631095686], [0.0, 1257.8625342125129, 450.915498205774], [0.0, 0.0, 1.0]], [[1252.8131021185304, 0.0, 826.588114781398], [0.0, 1252.8131021185304, 469.9846626224581], [0.0, 0.0, 1.0]], [[1256.7485116440405, 0.0, 817.7887570959712], [0.0, 1256.7485116440403, 451.9541780095127], [0.0, 0.0, 1.0]], [[1254.9860565800168, 0.0, 829.5769333630991], [0.0, 1254.9860565800168, 467.1680561863987], [0.0, 0.0, 1.0]], [[796.8910634503094, 0.0, 857.7774326863696], [0.0, 796.8910634503094, 476.8848988407415], [0.0, 0.0, 1.0]], [[1249.9629280788233, 0.0, 825.3768045375984], [0.0, 1249.9629280788233, 462.54816385708756], [0.0, 0.0, 1.0]]], "extrinsics": [[[0.821888267993927, -0.5686340928077698, -0.03398197889328003, -0.6943359375], [-0.025372833013534546, 0.023052377626299858, -0.9994121789932251, 1.4786758422851562], [0.5690833330154419, 0.8222674131393433, 0.004518620204180479, -1.12347412109375], [0.0, 0.0, 0.0, 1.0]], [[0.009716702625155449, -0.9997686147689819, -0.019189171493053436, 0.01214599609375], [-0.023611314594745636, 0.018955335021018982, -0.9995415210723877, 1.4727897644042969], [0.9996740221977234, 0.010165254585444927, -0.023421671241521835, -1.4256591796875], [0.0, 0.0, 0.0, 1.0]], [[-0.8441007733345032, -0.5361274480819702, 0.007821498438715935, 0.8902587890625], [-0.01579545997083187, 0.010282724164426327, -0.9998223185539246, 1.4892616271972656], [0.5359518527984619, -0.8440744280815125, -0.017148038372397423, -1.146728515625], [0.0, 0.0, 0.0, 1.0]], [[0.9473783373832703, 0.31850212812423706, -0.03210163861513138, -1.13818359375], [-0.042472925037145615, 0.025669701397418976, -0.9987677931785583, 1.561767578125], [-0.31728559732437134, 0.9475744366645813, 0.037846639752388, -0.15826416015625], [0.0, 0.0, 0.0, 1.0]], [[0.0098580252379179, 0.9997950196266174, 0.017682714387774467, -0.029266357421875], [-0.03989673778414726, 0.018062753602862358, -0.9990405440330505, 1.5643844604492188], [-0.9991551637649536, 0.009143064729869366, 0.04006662592291832, -0.046875], [0.0, 0.0, 0.0, 1.0]], [[-0.9232487678527832, 0.38297876715660095, 0.03064408339560032, 0.99951171875], [-0.03514509275555611, -0.004759682342410088, -0.9993708729743958, 1.5417327880859375], [-0.3825918138027191, -0.923744797706604, 0.017854193225502968, -0.107818603515625], [0.0, 0.0, 0.0, 1.0]]], "view": [[0.0, -2.0, 100.0], [-2.0, 0.0, 100.0], [0.0, 0.0, 1.0]], "bev": "bev_f2f86758734244c89e74690267cc37d2.png", "aux": "aux_f2f86758734244c89e74690267cc37d2.npz", "visibility": "visibility_f2f86758734244c89e74690267cc37d2.png", "pose": [[0.6493021249771118, -0.7605305314064026, 0.0, 1352.0562744140625], [0.7605305314064026, 0.6493021249771118, 0.0, 1110.991943359375], [0.0, 0.0, 1.0, 0.0], [0.0, 0.0, 0.0, 1.0]], "pose_inverse": [[0.6493021249771118, 0.7605305314064026, 0.0, -1722.8363037109375], [-0.7605305314064026, 0.6493021249771118, 0.0, 306.91064453125], [0.0, 0.0, 1.0, 0.0], [0.0, 0.0, 0.0, 1.0]], "cam_ids": [0, 1, 2, 3, 4, 5], "cam_channels": ["CAM_FRONT_LEFT", "CAM_FRONT", "CAM_FRONT_RIGHT", "CAM_BACK_LEFT", "CAM_BACK", "CAM_BACK_RIGHT"], "token": "f2f86758734244c89e74690267cc37d2", "scene": "scene-0783"}, {"images": ["samples/CAM_FRONT_LEFT/n008-2018-08-30-15-31-50-0400__CAM_FRONT_LEFT__1535657834004799.jpg", "samples/CAM_FRONT/n008-2018-08-30-15-31-50-0400__CAM_FRONT__1535657834012404.jpg", "samples/CAM_FRONT_RIGHT/n008-2018-08-30-15-31-50-0400__CAM_FRONT_RIGHT__1535657834020482.jpg", "samples/CAM_BACK_LEFT/n008-2018-08-30-15-31-50-0400__CAM_BACK_LEFT__1535657834047405.jpg", "samples/CAM_BACK/n008-2018-08-30-15-31-50-0400__CAM_BACK__1535657834037558.jpg", "samples/CAM_BACK_RIGHT/n008-2018-08-30-15-31-50-0400__CAM_BACK_RIGHT__1535657834028113.jpg"], "intrinsics": [[[1257.8625342125129, 0.0, 827.2410631095686], [0.0, 1257.8625342125129, 450.915498205774], [0.0, 0.0, 1.0]], [[1252.8131021185304, 0.0, 826.588114781398], [0.0, 1252.8131021185304, 469.9846626224581], [0.0, 0.0, 1.0]], [[1256.7485116440405, 0.0, 817.7887570959712], [0.0, 1256.7485116440403, 451.9541780095127], [0.0, 0.0, 1.0]], [[1254.9860565800168, 0.0, 829.5769333630991], [0.0, 1254.9860565800168, 467.1680561863987], [0.0, 0.0, 1.0]], [[796.8910634503094, 0.0, 857.7774326863696], [0.0, 796.8910634503094, 476.8848988407415], [0.0, 0.0, 1.0]], [[1249.9629280788233, 0.0, 825.3768045375984], [0.0, 1249.9629280788233, 462.54816385708756], [0.0, 0.0, 1.0]]], "extrinsics": [[[0.8212370276451111, -0.5693437457084656, -0.037647947669029236, -0.70166015625], [-0.030151866376399994, 0.022586336359381676, -0.9992901086807251, 1.4771499633789062], [0.5697898864746094, 0.8217892646789551, 0.001381961046718061, -1.12713623046875], [0.0, 0.0, 0.0, 1.0]], [[0.008868629112839699, -0.9997841119766235, -0.018785500898957253, 0.010955810546875], [-0.02847517840564251, 0.018526118248701096, -0.9994227886199951, 1.4714317321777344], [0.9995551109313965, 0.009398386813700199, -0.028304733335971832, -1.429931640625], [0.0, 0.0, 0.0, 1.0]], [[-0.8444064259529114, -0.5355634689331055, 0.012230483815073967, 0.8897705078125], [-0.02075233682990074, 0.00988894235342741, -0.9997357130050659, 1.4880905151367188], [0.5353009700775146, -0.8444370031356812, -0.019464481621980667, -1.147705078125], [0.0, 0.0, 0.0, 1.0]], [[0.9472594261169434, 0.3183964788913727, -0.03637612238526344, -1.134765625], [-0.046834055334329605, 0.025249695405364037, -0.9985834956169128, 1.56158447265625], [-0.31702691316604614, 0.9476212859153748, 0.03882981091737747, -0.15924072265625], [0.0, 0.0, 0.0, 1.0]], [[0.01023437175899744, 0.9997990131378174, 0.017232224345207214, -0.02880859375], [-0.044552579522132874, 0.017671935260295868, -0.9988507032394409, 1.563873291015625], [-0.9989545941352844, 0.009454924613237381, 0.044724494218826294, -0.0494384765625], [0.0, 0.0, 0.0, 1.0]], [[-0.9229005575180054, 0.38345691561698914, 0.03485989570617676, 0.999267578125], [-0.039869505912065506, -0.005121491849422455, -0.9991918206214905, 1.540863037109375], [-0.3829684257507324, -0.9235445261001587, 0.020014865323901176, -0.108978271484375], [0.0, 0.0, 0.0, 1.0]]], "view": [[0.0, -2.0, 100.0], [-2.0, 0.0, 100.0], [0.0, 0.0, 1.0]], "bev": "bev_4cba70bd54be4df7936ae5765a65446c.png", "aux": "aux_4cba70bd54be4df7936ae5765a65446c.npz", "visibility": "visibility_4cba70bd54be4df7936ae5765a65446c.png", "pose": [[0.6481297612190247, -0.7615298628807068, 0.0, 1354.864501953125], [0.7615298628807068, 0.6481297612190247, 0.0, 1114.207275390625], [0.0, 0.0, 1.0, 0.0], [0.0, 0.0, 0.0, 1.0]], "pose_inverse": [[0.6481297612190247, 0.7615298628807068, 0.0, -1726.6302490234375], [-0.7615298628807068, 0.6481297612190247, 0.0, 309.618896484375], [0.0, 0.0, 1.0, 0.0], [0.0, 0.0, 0.0, 1.0]], "cam_ids": [0, 1, 2, 3, 4, 5], "cam_channels": ["CAM_FRONT_LEFT", "CAM_FRONT", "CAM_FRONT_RIGHT", "CAM_BACK_LEFT", "CAM_BACK", "CAM_BACK_RIGHT"], "token": "4cba70bd54be4df7936ae5765a65446c", "scene": "scene-0783"}, {"images": ["samples/CAM_FRONT_LEFT/n008-2018-08-30-15-31-50-0400__CAM_FRONT_LEFT__1535657834504799.jpg", "samples/CAM_FRONT/n008-2018-08-30-15-31-50-0400__CAM_FRONT__1535657834512404.jpg", "samples/CAM_FRONT_RIGHT/n008-2018-08-30-15-31-50-0400__CAM_FRONT_RIGHT__1535657834520482.jpg", "samples/CAM_BACK_LEFT/n008-2018-08-30-15-31-50-0400__CAM_BACK_LEFT__1535657834547405.jpg", "samples/CAM_BACK/n008-2018-08-30-15-31-50-0400__CAM_BACK__1535657834537558.jpg", "samples/CAM_BACK_RIGHT/n008-2018-08-30-15-31-50-0400__CAM_BACK_RIGHT__1535657834528113.jpg"], "intrinsics": [[[1257.8625342125129, 0.0, 827.2410631095686], [0.0, 1257.8625342125129, 450.915498205774], [0.0, 0.0, 1.0]], [[1252.8131021185304, 0.0, 826.588114781398], [0.0, 1252.8131021185304, 469.9846626224581], [0.0, 0.0, 1.0]], [[1256.7485116440405, 0.0, 817.7887570959712], [0.0, 1256.7485116440403, 451.9541780095127], [0.0, 0.0, 1.0]], [[1254.9860565800168, 0.0, 829.5769333630991], [0.0, 1254.9860565800168, 467.1680561863987], [0.0, 0.0, 1.0]], [[796.8910634503094, 0.0, 857.7774326863696], [0.0, 796.8910634503094, 476.8848988407415], [0.0, 0.0, 1.0]], [[1249.9629280788233, 0.0, 825.3768045375984], [0.0, 1249.9629280788233, 462.54816385708756], [0.0, 0.0, 1.0]]], "extrinsics": [[[0.82094806432724, -0.5688658952713013, -0.04935500770807266, -0.7203369140625], [-0.04363071545958519, 0.023688530549407005, -0.9987668395042419, 1.4731903076171875], [0.5693334937095642, 0.8220891356468201, -0.0053729708306491375, -1.140869140625], [0.0, 0.0, 0.0, 1.0]], [[0.008987177163362503, -0.9997586011886597, -0.020052269101142883, 0.011260986328125], [-0.0417407751083374, 0.019660532474517822, -0.9989350438117981, 1.4683456420898438], [0.9990881085395813, 0.009814579039812088, -0.041554003953933716, -1.453369140625], [0.0, 0.0, 0.0, 1.0]], [[-0.8440608382225037, -0.5357704162597656, 0.02261401154100895, 0.910400390625], [-0.03379446640610695, 0.011058604344725609, -0.9993675947189331, 1.4857749938964844], [0.5351815223693848, -0.8442913293838501, -0.027440212666988373, -1.1602783203125], [0.0, 0.0, 0.0, 1.0]], [[0.9467877745628357, 0.3182026445865631, -0.04837489500641823, -1.140380859375], [-0.059851862490177155, 0.026384778320789337, -0.9978585243225098, 1.56182861328125], [-0.316244900226593, 0.9476554989814758, 0.044025808572769165, -0.15728759765625], [0.0, 0.0, 0.0, 1.0]], [[0.010547691024839878, 0.9997776746749878, 0.018259640783071518, -0.02899169921875], [-0.057476963847875595, 0.018836645409464836, -0.9981690645217896, 1.5634002685546875], [-0.9982911348342896, 0.009478803724050522, 0.05766286700963974, -0.036376953125], [0.0, 0.0, 0.0, 1.0]], [[-0.9223881363868713, 0.3833303451538086, 0.04751758277416229, 1.0172119140625], [-0.05306963622570038, -0.003914475440979004, -0.9985831379890442, 1.5396041870117188], [-0.3826012909412384, -0.9236029982566833, 0.023953869938850403, -0.101287841796875], [0.0, 0.0, 0.0, 1.0]]], "view": [[0.0, -2.0, 100.0], [-2.0, 0.0, 100.0], [0.0, 0.0, 1.0]], "bev": "bev_b83a101de6dd443987b85b63227fe6e9.png", "aux": "aux_b83a101de6dd443987b85b63227fe6e9.npz", "visibility": "visibility_b83a101de6dd443987b85b63227fe6e9.png", "pose": [[0.6468788981437683, -0.7625927925109863, 0.0, 1357.577392578125], [0.7625927925109863, 0.6468788981437683, 0.0, 1117.3248291015625], [0.0, 0.0, 1.0, 0.0], [0.0, 0.0, 0.0, 1.0]], "pose_inverse": [[0.6468788981437683, 0.7625927925109863, 0.0, -1730.251953125], [-0.7625927925109863, 0.6468788981437683, 0.0, 312.5048828125], [0.0, 0.0, 1.0, 0.0], [0.0, 0.0, 0.0, 1.0]], "cam_ids": [0, 1, 2, 3, 4, 5], "cam_channels": ["CAM_FRONT_LEFT", "CAM_FRONT", "CAM_FRONT_RIGHT", "CAM_BACK_LEFT", "CAM_BACK", "CAM_BACK_RIGHT"], "token": "b83a101de6dd443987b85b63227fe6e9", "scene": "scene-0783"}, {"images": ["samples/CAM_FRONT_LEFT/n008-2018-08-30-15-31-50-0400__CAM_FRONT_LEFT__1535657835004799.jpg", "samples/CAM_FRONT/n008-2018-08-30-15-31-50-0400__CAM_FRONT__1535657835012404.jpg", "samples/CAM_FRONT_RIGHT/n008-2018-08-30-15-31-50-0400__CAM_FRONT_RIGHT__1535657835020482.jpg", "samples/CAM_BACK_LEFT/n008-2018-08-30-15-31-50-0400__CAM_BACK_LEFT__1535657835047405.jpg", "samples/CAM_BACK/n008-2018-08-30-15-31-50-0400__CAM_BACK__1535657835037558.jpg", "samples/CAM_BACK_RIGHT/n008-2018-08-30-15-31-50-0400__CAM_BACK_RIGHT__1535657835028113.jpg"], "intrinsics": [[[1257.8625342125129, 0.0, 827.2410631095686], [0.0, 1257.8625342125129, 450.915498205774], [0.0, 0.0, 1.0]], [[1252.8131021185304, 0.0, 826.588114781398], [0.0, 1252.8131021185304, 469.9846626224581], [0.0, 0.0, 1.0]], [[1256.7485116440405, 0.0, 817.7887570959712], [0.0, 1256.7485116440403, 451.9541780095127], [0.0, 0.0, 1.0]], [[1254.9860565800168, 0.0, 829.5769333630991], [0.0, 1254.9860565800168, 467.1680561863987], [0.0, 0.0, 1.0]], [[796.8910634503094, 0.0, 857.7774326863696], [0.0, 796.8910634503094, 476.8848988407415], [0.0, 0.0, 1.0]], [[1249.9629280788233, 0.0, 825.3768045375984], [0.0, 1249.9629280788233, 462.54816385708756], [0.0, 0.0, 1.0]]], "extrinsics": [[[0.8208113312721252, -0.5691450238227844, -0.0484013557434082, -0.729736328125], [-0.04235811159014702, 0.023853516206145287, -0.9988176822662354, 1.4741058349609375], [0.5696266293525696, 0.8218910694122314, -0.004528671037405729, -1.146728515625], [0.0, 0.0, 0.0, 1.0]], [[0.00871274434030056, -0.9997569918632507, -0.02024906314909458, 0.010589599609375], [-0.040235940366983414, 0.0198829248547554, -0.998992383480072, 1.46905517578125], [0.9991521239280701, 0.009518709033727646, -0.040052928030490875, -1.46044921875], [0.0, 0.0, 0.0, 1.0]], [[-0.8442369103431702, -0.5355589389801025, 0.020990516990423203, 0.912109375], [-0.03204316273331642, 0.011340741068124771, -0.9994221329689026, 1.4862289428710938], [0.5350114107131958, -0.8444216847419739, -0.026735277846455574, -1.161865234375], [0.0, 0.0, 0.0, 1.0]], [[0.946890115737915, 0.3183000385761261, -0.04565359279513359, -1.1375732421875], [-0.057093583047389984, 0.026699736714363098, -0.9980117678642273, 1.5616455078125], [-0.31644827127456665, 0.9476139545440674, 0.0434546135365963, -0.15850830078125], [0.0, 0.0, 0.0, 1.0]], [[0.010574102401733398, 0.9997699856758118, 0.018660232424736023, -0.028900146484375], [-0.054956287145614624, 0.019214116036891937, -0.9983038306236267, 1.5635223388671875], [-0.9984326958656311, 0.009530679322779179, 0.05514682084321976, -0.03759765625], [0.0, 0.0, 0.0, 1.0]], [[-0.9224162101745605, 0.3834807276725769, 0.04572556912899017, 1.017578125], [-0.050991326570510864, -0.0035710760857909918, -0.9986926913261414, 1.539947509765625], [-0.38281604647636414, -0.9235419034957886, 0.022848213091492653, -0.101287841796875], [0.0, 0.0, 0.0, 1.0]]], "view": [[0.0, -2.0, 100.0], [-2.0, 0.0, 100.0], [0.0, 0.0, 1.0]], "bev": "bev_54ee4556ae2d475b967578355443d3b8.png", "aux": "aux_54ee4556ae2d475b967578355443d3b8.npz", "visibility": "visibility_54ee4556ae2d475b967578355443d3b8.png", "pose": [[0.6475307941436768, -0.7620392441749573, 0.0, 1360.156005859375], [0.7620392441749573, 0.6475307941436768, 0.0, 1120.2939453125], [0.0, 0.0, 1.0, 0.0], [0.0, 0.0, 0.0, 1.0]], "pose_inverse": [[0.6475307941436768, 0.7620392441749573, 0.0, -1734.450927734375], [-0.7620392441749573, 0.6475307941436768, 0.0, 311.06744384765625], [0.0, 0.0, 1.0, 0.0], [0.0, 0.0, 0.0, 1.0]], "cam_ids": [0, 1, 2, 3, 4, 5], "cam_channels": ["CAM_FRONT_LEFT", "CAM_FRONT", "CAM_FRONT_RIGHT", "CAM_BACK_LEFT", "CAM_BACK", "CAM_BACK_RIGHT"], "token": "54ee4556ae2d475b967578355443d3b8", "scene": "scene-0783"}, {"images": ["samples/CAM_FRONT_LEFT/n008-2018-08-30-15-31-50-0400__CAM_FRONT_LEFT__1535657835504799.jpg", "samples/CAM_FRONT/n008-2018-08-30-15-31-50-0400__CAM_FRONT__1535657835512404.jpg", "samples/CAM_FRONT_RIGHT/n008-2018-08-30-15-31-50-0400__CAM_FRONT_RIGHT__1535657835520482.jpg", "samples/CAM_BACK_LEFT/n008-2018-08-30-15-31-50-0400__CAM_BACK_LEFT__1535657835547405.jpg", "samples/CAM_BACK/n008-2018-08-30-15-31-50-0400__CAM_BACK__1535657835537558.jpg", "samples/CAM_BACK_RIGHT/n008-2018-08-30-15-31-50-0400__CAM_BACK_RIGHT__1535657835528113.jpg"], "intrinsics": [[[1257.8625342125129, 0.0, 827.2410631095686], [0.0, 1257.8625342125129, 450.915498205774], [0.0, 0.0, 1.0]], [[1252.8131021185304, 0.0, 826.588114781398], [0.0, 1252.8131021185304, 469.9846626224581], [0.0, 0.0, 1.0]], [[1256.7485116440405, 0.0, 817.7887570959712], [0.0, 1256.7485116440403, 451.9541780095127], [0.0, 0.0, 1.0]], [[1254.9860565800168, 0.0, 829.5769333630991], [0.0, 1254.9860565800168, 467.1680561863987], [0.0, 0.0, 1.0]], [[796.8910634503094, 0.0, 857.7774326863696], [0.0, 796.8910634503094, 476.8848988407415], [0.0, 0.0, 1.0]], [[1249.9629280788233, 0.0, 825.3768045375984], [0.0, 1249.9629280788233, 462.54816385708756], [0.0, 0.0, 1.0]]], "extrinsics": [[[0.8209642171859741, -0.5689079761505127, -0.048594508320093155, -0.743896484375], [-0.04800093173980713, 0.016039816662669182, -0.9987185001373291, 1.473114013671875], [0.5689584612846375, 0.8222447633743286, -0.014139999635517597, -1.15789794921875], [0.0, 0.0, 0.0, 1.0]], [[0.009310838766396046, -0.9998816847801208, -0.012249164283275604, 0.011627197265625], [-0.045845914632081985, 0.011809967458248138, -0.9988787174224854, 1.4682083129882812], [0.9989051818847656, 0.009861898608505726, -0.045730527490377426, -1.47509765625], [0.0, 0.0, 0.0, 1.0]], [[-0.8437592387199402, -0.5358740091323853, 0.03015725687146187, 0.921875], [-0.03761741518974304, 0.002993729431182146, -0.9992876648902893, 1.4854812622070312], [0.5354020595550537, -0.8442927002906799, -0.022684182971715927, -1.1671142578125], [0.0, 0.0, 0.0, 1.0]], [[0.9466057419776917, 0.31792882084846497, -0.05346796661615372, -1.138671875], [-0.06250285357236862, 0.018277935683727264, -0.9978774189949036, 1.5616912841796875], [-0.31627675890922546, 0.9479383826255798, 0.03717346116900444, -0.15789794921875], [0.0, 0.0, 0.0, 1.0]], [[0.010344021022319794, 0.9998952150344849, 0.010129667818546295, -0.029266357421875], [-0.06057993695139885, 0.010738247074186802, -0.9981055855751038, 1.5633621215820312], [-0.9981098175048828, 0.009710807353258133, 0.06068466603755951, -0.0328369140625], [0.0, 0.0, 0.0, 1.0]], [[-0.9223534464836121, 0.3834182024002075, 0.04748450964689255, 1.025146484375], [-0.05639297887682915, -0.012020163238048553, -0.9983363151550293, 1.5395889282226562], [-0.3822094202041626, -0.923496663570404, 0.03270892798900604, -0.097442626953125], [0.0, 0.0, 0.0, 1.0]]], "view": [[0.0, -2.0, 100.0], [-2.0, 0.0, 100.0], [0.0, 0.0, 1.0]], "bev": "bev_4c425aee90ee4d38a6f8fc5c5ea15203.png", "aux": "aux_4c425aee90ee4d38a6f8fc5c5ea15203.npz", "visibility": "visibility_4c425aee90ee4d38a6f8fc5c5ea15203.png", "pose": [[0.6483381390571594, -0.7613525390625, 0.0, 1362.6036376953125], [0.7613525390625, 0.6483381390571594, 0.0, 1123.0919189453125], [0.0, 0.0, 1.0, 0.0], [0.0, 0.0, 0.0, 1.0]], "pose_inverse": [[0.6483381390571594, 0.7613525390625, 0.0, -1738.4967041015625], [-0.7613525390625, 0.6483381390571594, 0.0, 309.2784118652344], [0.0, 0.0, 1.0, 0.0], [0.0, 0.0, 0.0, 1.0]], "cam_ids": [0, 1, 2, 3, 4, 5], "cam_channels": ["CAM_FRONT_LEFT", "CAM_FRONT", "CAM_FRONT_RIGHT", "CAM_BACK_LEFT", "CAM_BACK", "CAM_BACK_RIGHT"], "token": "4c425aee90ee4d38a6f8fc5c5ea15203", "scene": "scene-0783"}, {"images": ["samples/CAM_FRONT_LEFT/n008-2018-08-30-15-31-50-0400__CAM_FRONT_LEFT__1535657836004799.jpg", "samples/CAM_FRONT/n008-2018-08-30-15-31-50-0400__CAM_FRONT__1535657836012404.jpg", "samples/CAM_FRONT_RIGHT/n008-2018-08-30-15-31-50-0400__CAM_FRONT_RIGHT__1535657836020482.jpg", "samples/CAM_BACK_LEFT/n008-2018-08-30-15-31-50-0400__CAM_BACK_LEFT__1535657836047405.jpg", "samples/CAM_BACK/n008-2018-08-30-15-31-50-0400__CAM_BACK__1535657836037558.jpg", "samples/CAM_BACK_RIGHT/n008-2018-08-30-15-31-50-0400__CAM_BACK_RIGHT__1535657836028113.jpg"], "intrinsics": [[[1257.8625342125129, 0.0, 827.2410631095686], [0.0, 1257.8625342125129, 450.915498205774], [0.0, 0.0, 1.0]], [[1252.8131021185304, 0.0, 826.588114781398], [0.0, 1252.8131021185304, 469.9846626224581], [0.0, 0.0, 1.0]], [[1256.7485116440405, 0.0, 817.7887570959712], [0.0, 1256.7485116440403, 451.9541780095127], [0.0, 0.0, 1.0]], [[1254.9860565800168, 0.0, 829.5769333630991], [0.0, 1254.9860565800168, 467.1680561863987], [0.0, 0.0, 1.0]], [[796.8910634503094, 0.0, 857.7774326863696], [0.0, 796.8910634503094, 476.8848988407415], [0.0, 0.0, 1.0]], [[1249.9629280788233, 0.0, 825.3768045375984], [0.0, 1249.9629280788233, 462.54816385708756], [0.0, 0.0, 1.0]]], "extrinsics": [[[0.8202961683273315, -0.569409966468811, -0.053726207464933395, -0.744873046875], [-0.050788018852472305, 0.02104588970541954, -0.998487651348114, 1.4722213745117188], [0.5696795582771301, 0.8217843174934387, -0.011655344627797604, -1.15533447265625], [0.0, 0.0, 0.0, 1.0]], [[0.008473117835819721, -0.9998213052749634, -0.01689803972840309, 0.009368896484375], [-0.04777250438928604, 0.016474612057209015, -0.9987223744392395, 1.4676437377929688], [0.9988223314285278, 0.009269466623663902, -0.0476243793964386, -1.4736328125], [0.0, 0.0, 0.0, 1.0]], [[-0.8440991640090942, -0.5354170203208923, 0.028726350516080856, 0.919189453125], [-0.03863175958395004, 0.007293191272765398, -0.9992268681526184, 1.4851913452148438], [0.5347936153411865, -0.8445563912391663, -0.02684028074145317, -1.1671142578125], [0.0, 0.0, 0.0, 1.0]], [[0.9467488527297974, 0.31805619597435, -0.050068654119968414, -1.135986328125], [-0.06001598760485649, 0.02154749259352684, -0.9979647994041443, 1.5615310668945312], [-0.31633007526397705, 0.9478269815444946, 0.03948851302266121, -0.158935546875], [0.0, 0.0, 0.0, 1.0]], [[0.010619749315083027, 0.999849259853363, 0.013737359084188938, -0.028594970703125], [-0.059520237147808075, 0.01434584055095911, -0.9981240034103394, 1.5632858276367188], [-0.9981706738471985, 0.009782171808183193, 0.05966361239552498, -0.03564453125], [0.0, 0.0, 0.0, 1.0]], [[-0.9221526384353638, 0.3837033212184906, 0.04905331879854202, 1.0233154296875], [-0.05649838596582413, -0.008149001747369766, -0.9983693957328796, 1.5394210815429688], [-0.38267794251441956, -0.9234204292297363, 0.029193243011832237, -0.09954833984375], [0.0, 0.0, 0.0, 1.0]]], "view": [[0.0, -2.0, 100.0], [-2.0, 0.0, 100.0], [0.0, 0.0, 1.0]], "bev": "bev_84148421e61e41b6b4d39677a76d2e92.png", "aux": "aux_84148421e61e41b6b4d39677a76d2e92.npz", "visibility": "visibility_84148421e61e41b6b4d39677a76d2e92.png", "pose": [[0.6479634642601013, -0.7616714239120483, 0.0, 1364.9681396484375], [0.7616714239120483, 0.6479634642601013, 0.0, 1125.813232421875], [0.0, 0.0, 1.0, 0.0], [0.0, 0.0, 0.0, 1.0]], "pose_inverse": [[0.6479634642601013, 0.7616714239120483, 0.0, -1741.94921875], [-0.7616714239120483, 0.6479634642601013, 0.0, 310.1713562011719], [0.0, 0.0, 1.0, 0.0], [0.0, 0.0, 0.0, 1.0]], "cam_ids": [0, 1, 2, 3, 4, 5], "cam_channels": ["CAM_FRONT_LEFT", "CAM_FRONT", "CAM_FRONT_RIGHT", "CAM_BACK_LEFT", "CAM_BACK", "CAM_BACK_RIGHT"], "token": "84148421e61e41b6b4d39677a76d2e92", "scene": "scene-0783"}, {"images": ["samples/CAM_FRONT_LEFT/n008-2018-08-30-15-31-50-0400__CAM_FRONT_LEFT__1535657836504799.jpg", "samples/CAM_FRONT/n008-2018-08-30-15-31-50-0400__CAM_FRONT__1535657836512404.jpg", "samples/CAM_FRONT_RIGHT/n008-2018-08-30-15-31-50-0400__CAM_FRONT_RIGHT__1535657836520482.jpg", "samples/CAM_BACK_LEFT/n008-2018-08-30-15-31-50-0400__CAM_BACK_LEFT__1535657836547405.jpg", "samples/CAM_BACK/n008-2018-08-30-15-31-50-0400__CAM_BACK__1535657836537558.jpg", "samples/CAM_BACK_RIGHT/n008-2018-08-30-15-31-50-0400__CAM_BACK_RIGHT__1535657836528113.jpg"], "intrinsics": [[[1257.8625342125129, 0.0, 827.2410631095686], [0.0, 1257.8625342125129, 450.915498205774], [0.0, 0.0, 1.0]], [[1252.8131021185304, 0.0, 826.588114781398], [0.0, 1252.8131021185304, 469.9846626224581], [0.0, 0.0, 1.0]], [[1256.7485116440405, 0.0, 817.7887570959712], [0.0, 1256.7485116440403, 451.9541780095127], [0.0, 0.0, 1.0]], [[1254.9860565800168, 0.0, 829.5769333630991], [0.0, 1254.9860565800168, 467.1680561863987], [0.0, 0.0, 1.0]], [[796.8910634503094, 0.0, 857.7774326863696], [0.0, 796.8910634503094, 476.8848988407415], [0.0, 0.0, 1.0]], [[1249.9629280788233, 0.0, 825.3768045375984], [0.0, 1249.9629280788233, 462.54816385708756], [0.0, 0.0, 1.0]]], "extrinsics": [[[0.8219598531723022, -0.5682836771011353, -0.03789064660668373, -0.7364501953125], [-0.03591683506965637, 0.014675631187856197, -0.9992470145225525, 1.476593017578125], [0.5684118270874023, 0.8227018117904663, -0.008348168805241585, -1.1522216796875], [0.0, 0.0, 0.0, 1.0]], [[0.010180448181927204, -0.9998892545700073, -0.01085193082690239, 0.01129150390625], [-0.03411203995347023, 0.010498905554413795, -0.9993628859519958, 1.4710044860839844], [0.9993661642074585, 0.010544165968894958, -0.03400138393044472, -1.467529296875], [0.0, 0.0, 0.0, 1.0]], [[-0.8437126874923706, -0.5363754630088806, 0.021221555769443512, 0.916748046875], [-0.02625148557126522, 0.001742253894917667, -0.9996538758277893, 1.4876251220703125], [0.5361528396606445, -0.8439777493476868, -0.015550617128610611, -1.1640625], [0.0, 0.0, 0.0, 1.0]], [[0.9470204710960388, 0.3181813061237335, -0.04373614117503166, -1.1326904296875], [-0.05186929553747177, 0.01713000424206257, -0.9985069632530212, 1.561431884765625], [-0.3169570565223694, 0.9478751420974731, 0.03272630646824837, -0.16009521484375], [0.0, 0.0, 0.0, 1.0]], [[0.009803306311368942, 0.9999110698699951, 0.009043592028319836, -0.02911376953125], [-0.049787070602178574, 0.00952088925987482, -0.9987144470214844, 1.56390380859375], [-0.9987118244171143, 0.009340470656752586, 0.049875978380441666, -0.0390625], [0.0, 0.0, 0.0, 1.0]], [[-0.9230183959007263, 0.3829701840877533, 0.03702452406287193, 1.0196533203125], [-0.04557715356349945, -0.013279811479151249, -0.9988725781440735, 1.5409088134765625], [-0.3820466697216034, -0.9236651659011841, 0.029712200164794922, -0.0999755859375], [0.0, 0.0, 0.0, 1.0]]], "view": [[0.0, -2.0, 100.0], [-2.0, 0.0, 100.0], [0.0, 0.0, 1.0]], "bev": "bev_8e4a8d5faf5e42bd85af535c791bf9fa.png", "aux": "aux_8e4a8d5faf5e42bd85af535c791bf9fa.npz", "visibility": "visibility_8e4a8d5faf5e42bd85af535c791bf9fa.png", "pose": [[0.6533923149108887, -0.7570194602012634, 0.0, 1367.377197265625], [0.7570194602012634, 0.6533923149108887, 0.0, 1128.5548095703125], [0.0, 0.0, 1.0, 0.0], [0.0, 0.0, 0.0, 1.0]], "pose_inverse": [[0.6533923149108887, 0.7570194602012634, 0.0, -1747.771728515625], [-0.7570194602012634, 0.6533923149108887, 0.0, 297.7420654296875], [0.0, 0.0, 1.0, 0.0], [0.0, 0.0, 0.0, 1.0]], "cam_ids": [0, 1, 2, 3, 4, 5], "cam_channels": ["CAM_FRONT_LEFT", "CAM_FRONT", "CAM_FRONT_RIGHT", "CAM_BACK_LEFT", "CAM_BACK", "CAM_BACK_RIGHT"], "token": "8e4a8d5faf5e42bd85af535c791bf9fa", "scene": "scene-0783"}, {"images": ["samples/CAM_FRONT_LEFT/n008-2018-08-30-15-31-50-0400__CAM_FRONT_LEFT__1535657837004799.jpg", "samples/CAM_FRONT/n008-2018-08-30-15-31-50-0400__CAM_FRONT__1535657837012404.jpg", "samples/CAM_FRONT_RIGHT/n008-2018-08-30-15-31-50-0400__CAM_FRONT_RIGHT__1535657837020482.jpg", "samples/CAM_BACK_LEFT/n008-2018-08-30-15-31-50-0400__CAM_BACK_LEFT__1535657837047405.jpg", "samples/CAM_BACK/n008-2018-08-30-15-31-50-0400__CAM_BACK__1535657837037558.jpg", "samples/CAM_BACK_RIGHT/n008-2018-08-30-15-31-50-0400__CAM_BACK_RIGHT__1535657837028113.jpg"], "intrinsics": [[[1257.8625342125129, 0.0, 827.2410631095686], [0.0, 1257.8625342125129, 450.915498205774], [0.0, 0.0, 1.0]], [[1252.8131021185304, 0.0, 826.588114781398], [0.0, 1252.8131021185304, 469.9846626224581], [0.0, 0.0, 1.0]], [[1256.7485116440405, 0.0, 817.7887570959712], [0.0, 1256.7485116440403, 451.9541780095127], [0.0, 0.0, 1.0]], [[1254.9860565800168, 0.0, 829.5769333630991], [0.0, 1254.9860565800168, 467.1680561863987], [0.0, 0.0, 1.0]], [[796.8910634503094, 0.0, 857.7774326863696], [0.0, 796.8910634503094, 476.8848988407415], [0.0, 0.0, 1.0]], [[1249.9629280788233, 0.0, 825.3768045375984], [0.0, 1249.9629280788233, 462.54816385708756], [0.0, 0.0, 1.0]]], "extrinsics": [[[0.8208733201026917, -0.5689958930015564, -0.049098335206508636, -0.7203369140625], [-0.04386790096759796, 0.02289682626724243, -0.9987748861312866, 1.4730758666992188], [0.5694230198860168, 0.8220216035842896, -0.006165261846035719, -1.137451171875], [0.0, 0.0, 0.0, 1.0]], [[0.008877715095877647, -0.9997735023498535, -0.019341718405485153, 0.0091552734375], [-0.041552480310201645, 0.01895693875849247, -0.9989565014839172, 1.4682159423828125], [0.9990968704223633, 0.009672079235315323, -0.041374772787094116, -1.44775390625], [0.0, 0.0, 0.0, 1.0]], [[-0.8441373705863953, -0.5356587171554565, 0.02240399271249771, 0.9013671875], [-0.0331544391810894, 0.010447788052260876, -0.9993956089019775, 1.4856109619140625], [0.5351009368896484, -0.8443700075149536, -0.026578830555081367, -1.156494140625], [0.0, 0.0, 0.0, 1.0]], [[0.9469238519668579, 0.3181726634502411, -0.04584137722849846, -1.12841796875], [-0.057114724069833755, 0.026188598945736885, -0.9980241060256958, 1.5611190795898438], [-0.3163435161113739, 0.9476709961891174, 0.04297095537185669, -0.16107177734375], [0.0, 0.0, 0.0, 1.0]], [[0.010516921989619732, 0.9997843503952026, 0.017907753586769104, -0.028289794921875], [-0.05554494634270668, 0.01846519485116005, -0.9982853531837463, 1.5629196166992188], [-0.9984008073806763, 0.00950414314866066, 0.05572716891765594