[{"images": ["samples/CAM_FRONT_LEFT/n008-2018-08-31-11-37-23-0400__CAM_FRONT_LEFT__1535730400854799.jpg", "samples/CAM_FRONT/n008-2018-08-31-11-37-23-0400__CAM_FRONT__1535730400862404.jpg", "samples/CAM_FRONT_RIGHT/n008-2018-08-31-11-37-23-0400__CAM_FRONT_RIGHT__1535730400870482.jpg", "samples/CAM_BACK_LEFT/n008-2018-08-31-11-37-23-0400__CAM_BACK_LEFT__1535730400897405.jpg", "samples/CAM_BACK/n008-2018-08-31-11-37-23-0400__CAM_BACK__1535730400887558.jpg", "samples/CAM_BACK_RIGHT/n008-2018-08-31-11-37-23-0400__CAM_BACK_RIGHT__1535730400878113.jpg"], "intrinsics": [[[1257.8625342125129, 0.0, 827.2410631095686], [0.0, 1257.8625342125129, 450.915498205774], [0.0, 0.0, 1.0]], [[1252.8131021185304, 0.0, 826.588114781398], [0.0, 1252.8131021185304, 469.9846626224581], [0.0, 0.0, 1.0]], [[1256.7485116440405, 0.0, 817.7887570959712], [0.0, 1256.7485116440403, 451.9541780095127], [0.0, 0.0, 1.0]], [[1254.9860565800168, 0.0, 829.5769333630991], [0.0, 1254.9860565800168, 467.1680561863987], [0.0, 0.0, 1.0]], [[796.8910634503094, 0.0, 857.7774326863696], [0.0, 796.8910634503094, 476.8848988407415], [0.0, 0.0, 1.0]], [[1249.9629280788233, 0.0, 825.3768045375984], [0.0, 1249.9629280788233, 462.54816385708756], [0.0, 0.0, 1.0]]], "extrinsics": [[[0.822376012802124, -0.5688300728797913, -0.011412303894758224, -0.7659912109375], [0.0002908369351644069, 0.020479032769799232, -0.9997902512550354, 1.4883394241333008], [0.5689443945884705, 0.8222001791000366, 0.017006900161504745, -1.17047119140625], [0.0, 0.0, 0.0, 1.0]], [[0.010001583956182003, -0.9998167157173157, -0.016323044896125793, 0.0091552734375], [0.0022558525670319796, 0.01634638011455536, -0.999863862991333, 1.48067307472229], [0.9999473690986633, 0.009963372722268105, 0.002418929012492299, -1.4990234375], [0.0, 0.0, 0.0, 1.0]], [[-0.84413743019104, -0.5359722971916199, -0.012871910817921162, 0.93994140625], [0.010367454029619694, 0.007685628719627857, -0.999916672706604, 1.4949226379394531], [0.536026656627655, -0.844200611114502, -0.0009310599998570979, -1.1805419921875], [0.0, 0.0, 0.0, 1.0]], [[0.9480853080749512, 0.31793931126594543, -0.006991698406636715, -1.1556396484375], [-0.015062905848026276, 0.02293473295867443, -0.9996234774589539, 1.5622673034667969], [-0.3176592290401459, 0.9478336572647095, 0.02653317339718342, -0.150634765625], [0.0, 0.0, 0.0, 1.0]], [[0.00969653856009245, 0.9998371005058289, 0.015222609974443913, -0.028106689453125], [-0.012968148104846478, 0.015347781591117382, -0.9997981190681458, 1.567312240600586], [-0.9998689293861389, 0.00949705671519041, 0.01311485655605793, -0.013671875], [0.0, 0.0, 0.0, 1.0]], [[-0.9236891269683838, 0.3831048607826233, 0.0053853741846978664, 1.0440673828125], [-0.008884645998477936, -0.0073651764541864395, -0.9999333620071411, 1.5466995239257812], [-0.3830397129058838, -0.9236754775047302, 0.010206884704530239, -0.0911865234375], [0.0, 0.0, 0.0, 1.0]]], "view": [[0.0, -2.0, 100.0], [-2.0, 0.0, 100.0], [0.0, 0.0, 1.0]], "bev": "bev_029af235f15d4f6f80713b778edc3c61.png", "aux": "aux_029af235f15d4f6f80713b778edc3c61.npz", "visibility": "visibility_029af235f15d4f6f80713b778edc3c61.png", "pose": [[0.6376332640647888, -0.770340085029602, 0.0, 1341.5369873046875], [0.770340085029602, 0.6376332640647888, 0.0, 1097.9697265625], [0.0, 0.0, 1.0, 0.0], [0.0, 0.0, 0.0, 1.0]], "pose_inverse": [[0.6376332640647888, 0.770340085029602, 0.0, -1701.2186279296875], [-0.770340085029602, 0.6376332640647888, 0.0, 333.3377380371094], [0.0, 0.0, 1.0, 0.0], [0.0, 0.0, 0.0, 1.0]], "cam_ids": [0, 1, 2, 3, 4, 5], "cam_channels": ["CAM_FRONT_LEFT", "CAM_FRONT", "CAM_FRONT_RIGHT", "CAM_BACK_LEFT", "CAM_BACK", "CAM_BACK_RIGHT"], "token": "029af235f15d4f6f80713b778edc3c61", "scene": "scene-0559"}, {"images": ["samples/CAM_FRONT_LEFT/n008-2018-08-31-11-37-23-0400__CAM_FRONT_LEFT__1535730401404799.jpg", "samples/CAM_FRONT/n008-2018-08-31-11-37-23-0400__CAM_FRONT__1535730401412404.jpg", "samples/CAM_FRONT_RIGHT/n008-2018-08-31-11-37-23-0400__CAM_FRONT_RIGHT__1535730401420482.jpg", "samples/CAM_BACK_LEFT/n008-2018-08-31-11-37-23-0400__CAM_BACK_LEFT__1535730401447415.jpg", "samples/CAM_BACK/n008-2018-08-31-11-37-23-0400__CAM_BACK__1535730401437558.jpg", "samples/CAM_BACK_RIGHT/n008-2018-08-31-11-37-23-0400__CAM_BACK_RIGHT__1535730401428113.jpg"], "intrinsics": [[[1257.8625342125129, 0.0, 827.2410631095686], [0.0, 1257.8625342125129, 450.915498205774], [0.0, 0.0, 1.0]], [[1252.8131021185304, 0.0, 826.588114781398], [0.0, 1252.8131021185304, 469.9846626224581], [0.0, 0.0, 1.0]], [[1256.7485116440405, 0.0, 817.7887570959712], [0.0, 1256.7485116440403, 451.9541780095127], [0.0, 0.0, 1.0]], [[1254.9860565800168, 0.0, 829.5769333630991], [0.0, 1254.9860565800168, 467.1680561863987], [0.0, 0.0, 1.0]], [[796.8910634503094, 0.0, 857.7774326863696], [0.0, 796.8910634503094, 476.8848988407415], [0.0, 0.0, 1.0]], [[1249.9629280788233, 0.0, 825.3768045375984], [0.0, 1249.9629280788233, 462.54816385708756], [0.0, 0.0, 1.0]]], "extrinsics": [[[0.822102963924408, -0.56906658411026, -0.017605789005756378, -0.7530517578125], [-0.005809345282614231, 0.022537151351571083, -0.9997290968894958, 1.4864673614501953], [0.5693091750144958, 0.8219825625419617, 0.015221954323351383, -1.1617431640625], [0.0, 0.0, 0.0, 1.0]], [[0.009572328068315983, -0.9997835755348206, -0.018467385321855545, 0.009765625], [-0.003938238602131605, 0.018430395051836967, -0.9998223781585693, 1.4791440963745117], [0.9999463558197021, 0.009643367491662502, -0.003760966006666422, -1.4837646484375], [0.0, 0.0, 0.0, 1.0]], [[-0.8443637490272522, -0.5357015132904053, -0.008592306636273861, 0.9278564453125], [0.003993245307356119, 0.009744378738105297, -0.9999445080757141, 1.4938321113586426], [0.5357555150985718, -0.8443511724472046, -0.006088613998144865, -1.1727294921875], [0.0, 0.0, 0.0, 1.0]], [[0.947797954082489, 0.3186267018318176, -0.012488212436437607, -1.14794921875], [-0.02159278653562069, 0.02505822479724884, -0.9994527697563171, 1.5621337890625], [-0.3181394636631012, 0.9475489854812622, 0.03063017502427101, -0.15472412109375], [0.0, 0.0, 0.0, 1.0]], [[0.009574772790074348, 0.9998047351837158, 0.017287950962781906, -0.02862548828125], [-0.01959712617099285, 0.017473042011260986, -0.9996552467346191, 1.5667152404785156], [-0.9997621178627014, 0.009232716634869576, 0.019760599359869957, -0.0238037109375], [0.0, 0.0, 0.0, 1.0]], [[-0.9235511422157288, 0.38328734040260315, 0.012000779621303082, 1.033203125], [-0.01518962811678648, -0.00529412692412734, -0.9998705983161926, 1.5457286834716797], [-0.3831741511821747, -0.9236139059066772, 0.01071138959378004, -0.095367431640625], [0.0, 0.0, 0.0, 1.0]]], "view": [[0.0, -2.0, 100.0], [-2.0, 0.0, 100.0], [0.0, 0.0, 1.0]], "bev": "bev_d2b3be57f76a43a9a06b56c1ceaa221f.png", "aux": "aux_d2b3be57f76a43a9a06b56c1ceaa221f.npz", "visibility": "visibility_d2b3be57f76a43a9a06b56c1ceaa221f.png", "pose": [[0.6378715634346008, -0.7701427340507507, 0.0, 1344.088623046875], [0.7701427340507507, 0.6378715634346008, 0.0, 1100.9847412109375], [0.0, 0.0, 1.0, 0.0], [0.0, 0.0, 0.0, 1.0]], "pose_inverse": [[0.6378715634346008, 0.7701427340507507, 0.0, -1705.2713623046875], [-0.7701427340507507, 0.6378715634346008, 0.0, 332.8532409667969], [0.0, 0.0, 1.0, 0.0], [0.0, 0.0, 0.0, 1.0]], "cam_ids": [0, 1, 2, 3, 4, 5], "cam_channels": ["CAM_FRONT_LEFT", "CAM_FRONT", "CAM_FRONT_RIGHT", "CAM_BACK_LEFT", "CAM_BACK", "CAM_BACK_RIGHT"], "token": "d2b3be57f76a43a9a06b56c1ceaa221f", "scene": "scene-0559"}, {"images": ["samples/CAM_FRONT_LEFT/n008-2018-08-31-11-37-23-0400__CAM_FRONT_LEFT__1535730401904799.jpg", "samples/CAM_FRONT/n008-2018-08-31-11-37-23-0400__CAM_FRONT__1535730401912404.jpg", "samples/CAM_FRONT_RIGHT/n008-2018-08-31-11-37-23-0400__CAM_FRONT_RIGHT__1535730401920482.jpg", "samples/CAM_BACK_LEFT/n008-2018-08-31-11-37-23-0400__CAM_BACK_LEFT__1535730401947405.jpg", "samples/CAM_BACK/n008-2018-08-31-11-37-23-0400__CAM_BACK__1535730401937739.jpg", "samples/CAM_BACK_RIGHT/n008-2018-08-31-11-37-23-0400__CAM_BACK_RIGHT__1535730401928113.jpg"], "intrinsics": [[[1257.8625342125129, 0.0, 827.2410631095686], [0.0, 1257.8625342125129, 450.915498205774], [0.0, 0.0, 1.0]], [[1252.8131021185304, 0.0, 826.588114781398], [0.0, 1252.8131021185304, 469.9846626224581], [0.0, 0.0, 1.0]], [[1256.7485116440405, 0.0, 817.7887570959712], [0.0, 1256.7485116440403, 451.9541780095127], [0.0, 0.0, 1.0]], [[1254.9860565800168, 0.0, 829.5769333630991], [0.0, 1254.9860565800168, 467.1680561863987], [0.0, 0.0, 1.0]], [[796.8910634503094, 0.0, 857.7774326863696], [0.0, 796.8910634503094, 476.8848988407415], [0.0, 0.0, 1.0]], [[1249.9629280788233, 0.0, 825.3768045375984], [0.0, 1249.9629280788233, 462.54816385708756], [0.0, 0.0, 1.0]]], "extrinsics": [[[0.8223492503166199, -0.568491518497467, -0.023647643625736237, -0.739501953125], [-0.012078138999640942, 0.024110468104481697, -0.9996362924575806, 1.4843673706054688], [0.568854808807373, 0.8223357796669006, 0.012960906140506268, -1.151611328125], [0.0, 0.0, 0.0, 1.0]], [[0.010092971846461296, -0.9997476935386658, -0.02006613090634346, 0.009552001953125], [-0.009947293438017368, 0.019965775310993195, -0.9997512102127075, 1.4775009155273438], [0.9998995661735535, 0.010290035977959633, -0.009743268601596355, -1.4700927734375], [0.0, 0.0, 0.0, 1.0]], [[-0.8440956473350525, -0.5361731648445129, -0.004562136717140675, 0.9189453125], [-0.001737224287353456, 0.011243057437241077, -0.9999352693557739, 1.492706298828125], [0.53618985414505, -0.8440331220626831, -0.010421670973300934, -1.1669921875], [0.0, 0.0, 0.0, 1.0]], [[0.9477408528327942, 0.3186075687408447, -0.016631148755550385, -1.140869140625], [-0.02646125666797161, 0.02654975838959217, -0.9992972016334534, 1.5619659423828125], [-0.3179421126842499, 0.9475147128105164, 0.03359305113554001, -0.156982421875], [0.0, 0.0, 0.0, 1.0]], [[0.009481190703809261, 0.9997782707214355, 0.01880072057247162, -0.02850341796875], [-0.024568704888224602, 0.0190287996083498, -0.9995169639587402, 1.5662040710449219], [-0.9996532201766968, 0.009014694951474667, 0.02474367246031761, -0.0308837890625], [0.0, 0.0, 0.0, 1.0]], [[-0.9236229062080383, 0.38289716839790344, 0.01761791482567787, 1.0244140625], [-0.020654134452342987, -0.003819832345470786, -0.9997794032096863, 1.5447769165039062], [-0.3827454447746277, -0.923783004283905, 0.011436493135988712, -0.099365234375], [0.0, 0.0, 0.0, 1.0]]], "view": [[0.0, -2.0, 100.0], [-2.0, 0.0, 100.0], [0.0, 0.0, 1.0]], "bev": "bev_66e594111d0e44fe8ef57d222f1830a7.png", "aux": "aux_66e594111d0e44fe8ef57d222f1830a7.npz", "visibility": "visibility_66e594111d0e44fe8ef57d222f1830a7.png", "pose": [[0.6368701457977295, -0.7709710597991943, 0.0, 1346.47607421875], [0.7709710597991943, 0.6368701457977295, 0.0, 1103.8255615234375], [0.0, 0.0, 1.0, 0.0], [0.0, 0.0, 0.0, 1.0]], "pose_inverse": [[0.6368701457977295, 0.7709710597991943, 0.0, -1708.5479736328125], [-0.7709710597991943, 0.6368701457977295, 0.0, 335.10052490234375], [0.0, 0.0, 1.0, 0.0], [0.0, 0.0, 0.0, 1.0]], "cam_ids": [0, 1, 2, 3, 4, 5], "cam_channels": ["CAM_FRONT_LEFT", "CAM_FRONT", "CAM_FRONT_RIGHT", "CAM_BACK_LEFT", "CAM_BACK", "CAM_BACK_RIGHT"], "token": "66e594111d0e44fe8ef57d222f1830a7", "scene": "scene-0559"}, {"images": ["samples/CAM_FRONT_LEFT/n008-2018-08-31-11-37-23-0400__CAM_FRONT_LEFT__1535730402404799.jpg", "samples/CAM_FRONT/n008-2018-08-31-11-37-23-0400__CAM_FRONT__1535730402412404.jpg", "samples/CAM_FRONT_RIGHT/n008-2018-08-31-11-37-23-0400__CAM_FRONT_RIGHT__1535730402420482.jpg", "samples/CAM_BACK_LEFT/n008-2018-08-31-11-37-23-0400__CAM_BACK_LEFT__1535730402447405.jpg", "samples/CAM_BACK/n008-2018-08-31-11-37-23-0400__CAM_BACK__1535730402437558.jpg", "samples/CAM_BACK_RIGHT/n008-2018-08-31-11-37-23-0400__CAM_BACK_RIGHT__1535730402428113.jpg"], "intrinsics": [[[1257.8625342125129, 0.0, 827.2410631095686], [0.0, 1257.8625342125129, 450.915498205774], [0.0, 0.0, 1.0]], [[1252.8131021185304, 0.0, 826.588114781398], [0.0, 1252.8131021185304, 469.9846626224581], [0.0, 0.0, 1.0]], [[1256.7485116440405, 0.0, 817.7887570959712], [0.0, 1256.7485116440403, 451.9541780095127], [0.0, 0.0, 1.0]], [[1254.9860565800168, 0.0, 829.5769333630991], [0.0, 1254.9860565800168, 467.1680561863987], [0.0, 0.0, 1.0]], [[796.8910634503094, 0.0, 857.7774326863696], [0.0, 796.8910634503094, 476.8848988407415], [0.0, 0.0, 1.0]], [[1249.9629280788233, 0.0, 825.3768045375984], [0.0, 1249.9629280788233, 462.54816385708756], [0.0, 0.0, 1.0]]], "extrinsics": [[[0.8224698901176453, -0.5681180357933044, -0.028021719306707382, -0.73779296875], [-0.01784602366387844, 0.02346646785736084, -0.9995653629302979, 1.482452392578125], [0.5685285925865173, 0.8226125240325928, 0.009161814115941525, -1.15411376953125], [0.0, 0.0, 0.0, 1.0]], [[0.010312516242265701, -0.9997578263282776, -0.019440652802586555, 0.011810302734375], [-0.016159340739250183, 0.01927252858877182, -0.999683678150177, 1.4757957458496094], [0.9998162388801575, 0.010623333975672722, -0.015956679359078407, -1.46923828125], [0.0, 0.0, 0.0, 1.0]], [[-0.8439865708351135, -0.5363621711730957, 0.0014776363968849182, 0.9183349609375], [-0.008422285318374634, 0.010498118586838245, -0.9999094009399414, 1.4913101196289062], [0.5362980961799622, -0.8439226150512695, -0.013377667404711246, -1.1646728515625], [0.0, 0.0, 0.0, 1.0]], [[0.9475780725479126, 0.3185768127441406, -0.024588877335190773, -1.1380615234375], [-0.03448666259646416, 0.025464914739131927, -0.9990807175636292, 1.5618209838867188], [-0.31765779852867126, 0.9475549459457397, 0.03511664643883705, -0.15826416015625], [0.0, 0.0, 0.0, 1.0]], [[0.009556751698255539, 0.9997978210449219, 0.01768874004483223, -0.029296875], [-0.0319308303296566, 0.017985651269555092, -0.9993281960487366, 1.5655097961425781], [-0.9994444251060486, 0.008985516615211964, 0.0320962592959404, -0.0350341796875], [0.0, 0.0, 0.0, 1.0]], [[-0.9235356450080872, 0.3827778995037079, 0.02372618578374386, 1.0220947265625], [-0.027606984600424767, -0.0046479892916977406, -0.999608039855957, 1.543701171875], [-0.3825175166130066, -0.9238287210464478, 0.014859926886856556, -0.0987548828125], [0.0, 0.0, 0.0, 1.0]]], "view": [[0.0, -2.0, 100.0], [-2.0, 0.0, 100.0], [0.0, 0.0, 1.0]], "bev": "bev_2a21a555004043768a6da4f645f67896.png", "aux": "aux_2a21a555004043768a6da4f645f67896.npz", "visibility": "visibility_2a21a555004043768a6da4f645f67896.png", "pose": [[0.6363704800605774, -0.7713835835456848, 0.0, 1348.92919921875], [0.7713835835456848, 0.6363704800605774, 0.0, 1106.7589111328125], [0.0, 0.0, 1.0, 0.0], [0.0, 0.0, 0.0, 1.0]], "pose_inverse": [[0.6363704800605774, 0.7713835835456848, 0.0, -1712.1544189453125], [-0.7713835835456848, 0.6363704800605774, 0.0, 336.23309326171875], [0.0, 0.0, 1.0, 0.0], [0.0, 0.0, 0.0, 1.0]], "cam_ids": [0, 1, 2, 3, 4, 5], "cam_channels": ["CAM_FRONT_LEFT", "CAM_FRONT", "CAM_FRONT_RIGHT", "CAM_BACK_LEFT", "CAM_BACK", "CAM_BACK_RIGHT"], "token": "2a21a555004043768a6da4f645f67896", "scene": "scene-0559"}, {"images": ["samples/CAM_FRONT_LEFT/n008-2018-08-31-11-37-23-0400__CAM_FRONT_LEFT__1535730402904799.jpg", "samples/CAM_FRONT/n008-2018-08-31-11-37-23-0400__CAM_FRONT__1535730402912404.jpg", "samples/CAM_FRONT_RIGHT/n008-2018-08-31-11-37-23-0400__CAM_FRONT_RIGHT__1535730402920482.jpg", "samples/CAM_BACK_LEFT/n008-2018-08-31-11-37-23-0400__CAM_BACK_LEFT__1535730402947412.jpg", "samples/CAM_BACK/n008-2018-08-31-11-37-23-0400__CAM_BACK__1535730402937558.jpg", "samples/CAM_BACK_RIGHT/n008-2018-08-31-11-37-23-0400__CAM_BACK_RIGHT__1535730402928113.jpg"], "intrinsics": [[[1257.8625342125129, 0.0, 827.2410631095686], [0.0, 1257.8625342125129, 450.915498205774], [0.0, 0.0, 1.0]], [[1252.8131021185304, 0.0, 826.588114781398], [0.0, 1252.8131021185304, 469.9846626224581], [0.0, 0.0, 1.0]], [[1256.7485116440405, 0.0, 817.7887570959712], [0.0, 1256.7485116440403, 451.9541780095127], [0.0, 0.0, 1.0]], [[1254.9860565800168, 0.0, 829.5769333630991], [0.0, 1254.9860565800168, 467.1680561863987], [0.0, 0.0, 1.0]], [[796.8910634503094, 0.0, 857.7774326863696], [0.0, 796.8910634503094, 476.8848988407415], [0.0, 0.0, 1.0]], [[1249.9629280788233, 0.0, 825.3768045375984], [0.0, 1249.9629280788233, 462.54816385708756], [0.0, 0.0, 1.0]]], "extrinsics": [[[0.8222495317459106, -0.568140983581543, -0.03349042311310768, -0.7447509765625], [-0.023817436769604683, 0.024442939087748528, -0.9994174838066101, 1.4807243347167969], [0.5686286091804504, 0.8225681781768799, 0.006566532421857119, -1.158935546875], [0.0, 0.0, 0.0, 1.0]], [[0.01015340257436037, -0.9997381567955017, -0.020504092797636986, 0.011962890625], [-0.022127022966742516, 0.020275497809052467, -0.9995495080947876, 1.4743690490722656], [0.9997035264968872, 0.010602479800581932, -0.021915365010499954, -1.4764404296875], [0.0, 0.0, 0.0, 1.0]], [[-0.8439780473709106, -0.5363446474075317, 0.005959003698080778, 0.923095703125], [-0.014386409893631935, 0.011529569514095783, -0.9998300671577454, 1.4901580810546875], [0.5361847877502441, -0.8439202308654785, -0.01744678057730198, -1.1673583984375], [0.0, 0.0, 0.0, 1.0]], [[0.9474592804908752, 0.3185283839702606, -0.02933390811085701, -1.1348876953125], [-0.03976120799779892, 0.02628198452293873, -0.9988634586334229, 1.5616531372070312], [-0.3173954486846924, 0.9475488066673279, 0.03756618872284889, -0.1591796875], [0.0, 0.0, 0.0, 1.0]], [[0.009708584286272526, 0.9997802376747131, 0.018580738455057144, -0.029296875], [-0.03768429160118103, 0.018934225663542747, -0.9991102814674377, 1.5650558471679688], [-0.9992425441741943, 0.008999702520668507, 0.03785983845591545, -0.0350341796875], [0.0, 0.0, 0.0, 1.0]], [[-0.9233614206314087, 0.38278383016586304, 0.0296657532453537, 1.024658203125], [-0.03361406549811363, -0.003629046957939863, -0.9994282722473145, 1.54290771484375], [-0.38245731592178345, -0.9238307476043701, 0.016217844560742378, -0.097442626953125], [0.0, 0.0, 0.0, 1.0]]], "view": [[0.0, -2.0, 100.0], [-2.0, 0.0, 100.0], [0.0, 0.0, 1.0]], "bev": "bev_4ffbb8951b9841429bfd3aee39c6a2be.png", "aux": "aux_4ffbb8951b9841429bfd3aee39c6a2be.npz", "visibility": "visibility_4ffbb8951b9841429bfd3aee39c6a2be.png", "pose": [[0.6379987597465515, -0.7700373530387878, 0.0, 1351.2681884765625], [0.7700373530387878, 0.6379987597465515, 0.0, 1109.5345458984375], [0.0, 0.0, 1.0, 0.0], [0.0, 0.0, 0.0, 1.0]], "pose_inverse": [[0.6379987597465515, 0.7700373530387878, 0.0, -1716.490478515625], [-0.7700373530387878, 0.6379987597465515, 0.0, 332.64532470703125], [0.0, 0.0, 1.0, 0.0], [0.0, 0.0, 0.0, 1.0]], "cam_ids": [0, 1, 2, 3, 4, 5], "cam_channels": ["CAM_FRONT_LEFT", "CAM_FRONT", "CAM_FRONT_RIGHT", "CAM_BACK_LEFT", "CAM_BACK", "CAM_BACK_RIGHT"], "token": "4ffbb8951b9841429bfd3aee39c6a2be", "scene": "scene-0559"}, {"images": ["samples/CAM_FRONT_LEFT/n008-2018-08-31-11-37-23-0400__CAM_FRONT_LEFT__1535730403354799.jpg", "samples/CAM_FRONT/n008-2018-08-31-11-37-23-0400__CAM_FRONT__1535730403362404.jpg", "samples/CAM_FRONT_RIGHT/n008-2018-08-31-11-37-23-0400__CAM_FRONT_RIGHT__1535730403370482.jpg", "samples/CAM_BACK_LEFT/n008-2018-08-31-11-37-23-0400__CAM_BACK_LEFT__1535730403397405.jpg", "samples/CAM_BACK/n008-2018-08-31-11-37-23-0400__CAM_BACK__1535730403387558.jpg", "samples/CAM_BACK_RIGHT/n008-2018-08-31-11-37-23-0400__CAM_BACK_RIGHT__1535730403378113.jpg"], "intrinsics": [[[1257.8625342125129, 0.0, 827.2410631095686], [0.0, 1257.8625342125129, 450.915498205774], [0.0, 0.0, 1.0]], [[1252.8131021185304, 0.0, 826.588114781398], [0.0, 1252.8131021185304, 469.9846626224581], [0.0, 0.0, 1.0]], [[1256.7485116440405, 0.0, 817.7887570959712], [0.0, 1256.7485116440403, 451.9541780095127], [0.0, 0.0, 1.0]], [[1254.9860565800168, 0.0, 829.5769333630991], [0.0, 1254.9860565800168, 467.1680561863987], [0.0, 0.0, 1.0]], [[796.8910634503094, 0.0, 857.7774326863696], [0.0, 796.8910634503094, 476.8848988407415], [0.0, 0.0, 1.0]], [[1249.9629280788233, 0.0, 825.3768045375984], [0.0, 1249.9629280788233, 462.54816385708756], [0.0, 0.0, 1.0]]], "extrinsics": [[[0.8215354681015015, -0.568599283695221, -0.04212188348174095, -0.7333984375], [-0.03510744124650955, 0.023289641365408897, -0.9991121292114258, 1.4766845703125], [0.5690754652023315, 0.8222848773002625, -0.0008288024109788239, -1.14837646484375], [0.0, 0.0, 0.0, 1.0]], [[0.009438403882086277, -0.9997655749320984, -0.01948431320488453, 0.01031494140625], [-0.033278439193964005, 0.01916034147143364, -0.9992624521255493, 1.4710693359375], [0.9994015097618103, 0.010079814121127129, -0.03308979421854019, -1.462890625], [0.0, 0.0, 0.0, 1.0]], [[-0.8441020846366882, -0.535947859287262, 0.015859732404351234, 0.91259765625], [-0.02541506104171276, 0.010447213426232338, -0.9996224045753479, 1.4876670837402344], [0.5355798006057739, -0.8441863656044006, -0.022439666092395782, -1.16259765625], [0.0, 0.0, 0.0, 1.0]], [[0.9471401572227478, 0.3183611333370209, -0.0396450012922287, -1.130615234375], [-0.050314970314502716, 0.025358976796269417, -0.9984114170074463, 1.5613327026367188], [-0.31685003638267517, 0.9476302862167358, 0.04003683850169182, -0.16064453125], [0.0, 0.0, 0.0, 1.0]], [[0.010169466026127338, 0.9997965097427368, 0.01742369867861271, -0.028839111328125], [-0.04857673868536949, 0.01789797842502594, -0.9986590147018433, 1.563873291015625], [-0.9987676739692688, 0.009309479035437107, 0.04874886944890022, -0.0416259765625], [0.0, 0.0, 0.0, 1.0]], [[-0.9228469133377075, 0.383169025182724, 0.039178267121315, 1.0169677734375], [-0.0443715862929821, -0.004721004515886307, -0.9990039467811584, 1.5409393310546875], [-0.38260242342948914, -0.9236661195755005, 0.021358584985136986, -0.1016845703125], [0.0, 0.0, 0.0, 1.0]]], "view": [[0.0, -2.0, 100.0], [-2.0, 0.0, 100.0], [0.0, 0.0, 1.0]], "bev": "bev_9229caee2885435ebf71e46d997e7070.png", "aux": "aux_9229caee2885435ebf71e46d997e7070.npz", "visibility": "visibility_9229caee2885435ebf71e46d997e7070.png", "pose": [[0.6439639925956726, -0.765055775642395, 0.0, 1353.41162109375], [0.765055775642395, 0.6439639925956726, 0.0, 1112.0555419921875], [0.0, 0.0, 1.0, 0.0], [0.0, 0.0, 0.0, 1.0]], "pose_inverse": [[0.6439639925956726, 0.765055775642395, 0.0, -1722.3328857421875], [-0.765055775642395, 0.6439639925956726, 0.0, 319.3116149902344], [0.0, 0.0, 1.0, 0.0], [0.0, 0.0, 0.0, 1.0]], "cam_ids": [0, 1, 2, 3, 4, 5], "cam_channels": ["CAM_FRONT_LEFT", "CAM_FRONT", "CAM_FRONT_RIGHT", "CAM_BACK_LEFT", "CAM_BACK", "CAM_BACK_RIGHT"], "token": "9229caee2885435ebf71e46d997e7070", "scene": "scene-0559"}, {"images": ["samples/CAM_FRONT_LEFT/n008-2018-08-31-11-37-23-0400__CAM_FRONT_LEFT__1535730403904799.jpg", "samples/CAM_FRONT/n008-2018-08-31-11-37-23-0400__CAM_FRONT__1535730403912404.jpg", "samples/CAM_FRONT_RIGHT/n008-2018-08-31-11-37-23-0400__CAM_FRONT_RIGHT__1535730403920482.jpg", "samples/CAM_BACK_LEFT/n008-2018-08-31-11-37-23-0400__CAM_BACK_LEFT__1535730403947405.jpg", "samples/CAM_BACK/n008-2018-08-31-11-37-23-0400__CAM_BACK__1535730403937558.jpg", "samples/CAM_BACK_RIGHT/n008-2018-08-31-11-37-23-0400__CAM_BACK_RIGHT__1535730403928113.jpg"], "intrinsics": [[[1257.8625342125129, 0.0, 827.2410631095686], [0.0, 1257.8625342125129, 450.915498205774], [0.0, 0.0, 1.0]], [[1252.8131021185304, 0.0, 826.588114781398], [0.0, 1252.8131021185304, 469.9846626224581], [0.0, 0.0, 1.0]], [[1256.7485116440405, 0.0, 817.7887570959712], [0.0, 1256.7485116440403, 451.9541780095127], [0.0, 0.0, 1.0]], [[1254.9860565800168, 0.0, 829.5769333630991], [0.0, 1254.9860565800168, 467.1680561863987], [0.0, 0.0, 1.0]], [[796.8910634503094, 0.0, 857.7774326863696], [0.0, 796.8910634503094, 476.8848988407415], [0.0, 0.0, 1.0]], [[1249.9629280788233, 0.0, 825.3768045375984], [0.0, 1249.9629280788233, 462.54816385708756], [0.0, 0.0, 1.0]]], "extrinsics": [[[0.8212317824363708, -0.569098949432373, -0.041288722306489944, -0.7371826171875], [-0.03401866555213928, 0.023398926481604576, -0.9991472363471985, 1.477203369140625], [0.5695798397064209, 0.8219360113143921, -0.00014404782268684357, -1.14959716796875], [0.0, 0.0, 0.0, 1.0]], [[0.008764747530221939, -0.9997701644897461, -0.019562577828764915, 0.0087890625], [-0.03227444738149643, 0.019270306453108788, -0.9992932677268982, 1.471466064453125], [0.999440610408783, 0.009389922022819519, -0.03209812939167023, -1.46630859375], [0.0, 0.0, 0.0, 1.0]], [[-0.8444952964782715, -0.5353519916534424, 0.015032218769192696, 0.9141845703125], [-0.02448541857302189, 0.0105555709451437, -0.9996444582939148, 1.4879379272460938], [0.5350030064582825, -0.8445631265640259, -0.022022448480129242, -1.1649169921875], [0.0, 0.0, 0.0, 1.0]], [[0.9471517205238342, 0.3183151185512543, -0.03973686322569847, -1.1295166015625], [-0.050613000988960266, 0.025966953486204147, -0.9983806610107422, 1.5612640380859375], [-0.3167678117752075, 0.9476292729377747, 0.04070552811026573, -0.16107177734375], [0.0, 0.0, 0.0, 1.0]], [[0.010462585836648941, 0.9997854232788086, 0.01788010261952877, -0.028106689453125], [-0.04823562130331993, 0.01836487650871277, -0.9986671209335327, 1.5638961791992188], [-0.9987812638282776, 0.009586145170032978, 0.048417411744594574, -0.0419921875], [0.0, 0.0, 0.0, 1.0]], [[-0.9226745367050171, 0.38363736867904663, 0.038654766976833344, 1.0177001953125], [-0.043719418346881866, -0.004486979451030493, -0.9990337491035461, 1.5410537719726562], [-0.38309311866760254, -0.9234729409217834, 0.020912420004606247, -0.102294921875], [0.0, 0.0, 0.0, 1.0]]], "view": [[0.0, -2.0, 100.0], [-2.0, 0.0, 100.0], [0.0, 0.0, 1.0]], "bev": "bev_2e3b7f9ff9ea40e883ba169c575e1283.png", "aux": "aux_2e3b7f9ff9ea40e883ba169c575e1283.npz", "visibility": "visibility_2e3b7f9ff9ea40e883ba169c575e1283.png", "pose": [[0.648727297782898, -0.7610209584236145, 0.0, 1356.0103759765625], [0.7610209584236145, 0.648727297782898, 0.0, 1115.0601806640625], [0.0, 0.0, 1.0, 0.0], [0.0, 0.0, 0.0, 1.0]], "pose_inverse": [[0.648727297782898, 0.7610209584236145, 0.0, -1728.26513671875], [-0.7610209584236145, 0.648727297782898, 0.0, 308.58233642578125], [0.0, 0.0, 1.0, 0.0], [0.0, 0.0, 0.0, 1.0]], "cam_ids": [0, 1, 2, 3, 4, 5], "cam_channels": ["CAM_FRONT_LEFT", "CAM_FRONT", "CAM_FRONT_RIGHT", "CAM_BACK_LEFT", "CAM_BACK", "CAM_BACK_RIGHT"], "token": "2e3b7f9ff9ea40e883ba169c575e1283", "scene": "scene-0559"}, {"images": ["samples/CAM_FRONT_LEFT/n008-2018-08-31-11-37-23-0400__CAM_FRONT_LEFT__1535730404404799.jpg", "samples/CAM_FRONT/n008-2018-08-31-11-37-23-0400__CAM_FRONT__1535730404412404.jpg", "samples/CAM_FRONT_RIGHT/n008-2018-08-31-11-37-23-0400__CAM_FRONT_RIGHT__1535730404420482.jpg", "samples/CAM_BACK_LEFT/n008-2018-08-31-11-37-23-0400__CAM_BACK_LEFT__1535730404447405.jpg", "samples/CAM_BACK/n008-2018-08-31-11-37-23-0400__CAM_BACK__1535730404437558.jpg", "samples/CAM_BACK_RIGHT/n008-2018-08-31-11-37-23-0400__CAM_BACK_RIGHT__1535730404428113.jpg"], "intrinsics": [[[1257.8625342125129, 0.0, 827.2410631095686], [0.0, 1257.8625342125129, 450.915498205774], [0.0, 0.0, 1.0]], [[1252.8131021185304, 0.0, 826.588114781398], [0.0, 1252.8131021185304, 469.9846626224581], [0.0, 0.0, 1.0]], [[1256.7485116440405, 0.0, 817.7887570959712], [0.0, 1256.7485116440403, 451.9541780095127], [0.0, 0.0, 1.0]], [[1254.9860565800168, 0.0, 829.5769333630991], [0.0, 1254.9860565800168, 467.1680561863987], [0.0, 0.0, 1.0]], [[796.8910634503094, 0.0, 857.7774326863696], [0.0, 796.8910634503094, 476.8848988407415], [0.0, 0.0, 1.0]], [[1249.9629280788233, 0.0, 825.3768045375984], [0.0, 1249.9629280788233, 462.54816385708756], [0.0, 0.0, 1.0]]], "extrinsics": [[[0.820833683013916, -0.5689511895179749, -0.05026601627469063, -0.7362060546875], [-0.04380718991160393, 0.025034788995981216, -0.9987263083457947, 1.473968505859375], [0.5694848895072937, 0.8219901919364929, -0.004374755546450615, -1.1500244140625], [0.0, 0.0, 0.0, 1.0]], [[0.008915252983570099, -0.9997345209121704, -0.021246230229735374, 0.010162353515625], [-0.04211669787764549, 0.020852811634540558, -0.9988950490951538, 1.4687118530273438], [0.9990729689598083, 0.009800199419260025, -0.041919607669115067, -1.4639892578125], [0.0, 0.0, 0.0, 1.0]], [[-0.8440434336662292, -0.5358002781867981, 0.022555530071258545, 0.9127197265625], [-0.03438039869070053, 0.012090332806110382, -0.9993356466293335, 1.4857444763183594], [0.5351715683937073, -0.8442582488059998, -0.028625791892409325, -1.1622314453125], [0.0, 0.0, 0.0, 1.0]], [[0.9467873573303223, 0.31821689009666443, -0.048287756741046906, -1.13037109375], [-0.05999736487865448, 0.027093898504972458, -0.9978307485580444, 1.5611724853515625], [-0.3162183463573456, 0.947630763053894, 0.0447443351149559, -0.1607666015625], [0.0, 0.0, 0.0, 1.0]], [[0.010557843372225761, 0.9997629523277283, 0.01904154196381569, -0.02886962890625], [-0.05779214948415756, 0.019620859995484352, -0.9981358051300049, 1.563018798828125], [-0.9982728958129883, 0.009437762200832367, 0.05798560008406639, -0.0426025390625], [0.0, 0.0, 0.0, 1.0]], [[-0.922370970249176, 0.3832886219024658, 0.04818428307771683, 1.0157470703125], [-0.053428977727890015, -0.0030423500575125217, -0.9985670447349548, 1.5394668579101562], [-0.38259270787239075, -0.9236236214637756, 0.02328488975763321, -0.102020263671875], [0.0, 0.0, 0.0, 1.0]]], "view": [[0.0, -2.0, 100.0], [-2.0, 0.0, 100.0], [0.0, 0.0, 1.0]], "bev": "bev_2dccb688659f42818954fa72a2cc4649.png", "aux": "aux_2dccb688659f42818954fa72a2cc4649.npz", "visibility": "visibility_2dccb688659f42818954fa72a2cc4649.png", "pose": [[0.6480243802070618, -0.7616196274757385, 0.0, 1358.4022216796875], [0.7616196274757385, 0.6480243802070618, 0.0, 1117.82080078125], [0.0, 0.0, 1.0, 0.0], [0.0, 0.0, 0.0, 1.0]], "pose_inverse": [[0.6480243802070618, 0.7616196274757385, 0.0, -1731.6319580078125], [-0.7616196274757385, 0.6480243802070618, 0.0, 310.2106628417969], [0.0, 0.0, 1.0, 0.0], [0.0, 0.0, 0.0, 1.0]], "cam_ids": [0, 1, 2, 3, 4, 5], "cam_channels": ["CAM_FRONT_LEFT", "CAM_FRONT", "CAM_FRONT_RIGHT", "CAM_BACK_LEFT", "CAM_BACK", "CAM_BACK_RIGHT"], "token": "2dccb688659f42818954fa72a2cc4649", "scene": "scene-0559"}, {"images": ["samples/CAM_FRONT_LEFT/n008-2018-08-31-11-37-23-0400__CAM_FRONT_LEFT__1535730404904799.jpg", "samples/CAM_FRONT/n008-2018-08-31-11-37-23-0400__CAM_FRONT__1535730404912404.jpg", "samples/CAM_FRONT_RIGHT/n008-2018-08-31-11-37-23-0400__CAM_FRONT_RIGHT__1535730404920482.jpg", "samples/CAM_BACK_LEFT/n008-2018-08-31-11-37-23-0400__CAM_BACK_LEFT__1535730404947405.jpg", "samples/CAM_BACK/n008-2018-08-31-11-37-23-0400__CAM_BACK__1535730404937558.jpg", "samples/CAM_BACK_RIGHT/n008-2018-08-31-11-37-23-0400__CAM_BACK_RIGHT__1535730404928113.jpg"], "intrinsics": [[[1257.8625342125129, 0.0, 827.2410631095686], [0.0, 1257.8625342125129, 450.915498205774], [0.0, 0.0, 1.0]], [[1252.8131021185304, 0.0, 826.588114781398], [0.0, 1252.8131021185304, 469.9846626224581], [0.0, 0.0, 1.0]], [[1256.7485116440405, 0.0, 817.7887570959712], [0.0, 1256.7485116440403, 451.9541780095127], [0.0, 0.0, 1.0]], [[1254.9860565800168, 0.0, 829.5769333630991], [0.0, 1254.9860565800168, 467.1680561863987], [0.0, 0.0, 1.0]], [[796.8910634503094, 0.0, 857.7774326863696], [0.0, 796.8910634503094, 476.8848988407415], [0.0, 0.0, 1.0]], [[1249.9629280788233, 0.0, 825.3768045375984], [0.0, 1249.9629280788233, 462.54816385708756], [0.0, 0.0, 1.0]]], "extrinsics": [[[0.8207196593284607, -0.5691335201263428, -0.0500635951757431, -0.7459716796875], [-0.0453806035220623, 0.022410700097680092, -0.9987183213233948, 1.4739990234375], [0.5695260763168335, 0.8219397068023682, -0.007434722036123276, -1.1575927734375], [0.0, 0.0, 0.0, 1.0]], [[0.008742006495594978, -0.9997913241386414, -0.018462050706148148, 0.010406494140625], [-0.0433327779173851, 0.01806664653122425, -0.9988973736763, 1.4688568115234375], [0.9990224242210388, 0.00953234639018774, -0.04316579923033714, -1.4752197265625], [0.0, 0.0, 0.0, 1.0]], [[-0.8441240191459656, -0.5355714559555054, 0.02485762909054756, 0.9205322265625], [-0.03521950915455818, 0.009127569384872913, -0.9993378520011902, 1.4859161376953125], [0.5349899530410767, -0.8444406986236572, -0.02656736597418785, -1.1673583984375], [0.0, 0.0, 0.0, 1.0]], [[0.9467705488204956, 0.3180159032344818, -0.04991411045193672, -1.1326904296875], [-0.060583148151636124, 0.023740991950035095, -0.9978808164596558, 1.5613327026367188], [-0.31615695357322693, 0.9477881193161011, 0.041743677109479904, -0.15960693359375], [0.0, 0.0, 0.0, 1.0]], [[0.010600453242659569, 0.9998184442520142, 0.015832388773560524, -0.028900146484375], [-0.05836397036910057, 0.016424933448433876, -0.998160183429718, 1.5632247924804688], [-0.9982390999794006, 0.009657020680606365, 0.058527491986751556, -0.0382080078125], [0.0, 0.0, 0.0, 1.0]], [[-0.9222803115844727, 0.3835454285144806, 0.0478743351995945, 1.0225830078125], [-0.05437237396836281, -0.006111258640885353, -0.9985020160675049, 1.5397186279296875], [-0.38267821073532104, -0.9235017895698547, 0.02649056352674961, -0.0992431640625], [0.0, 0.0, 0.0, 1.0]]], "view": [[0.0, -2.0, 100.0], [-2.0, 0.0, 100.0], [0.0, 0.0, 1.0]], "bev": "bev_e2bc12ef4caf4703892c2a4ed0166e79.png", "aux": "aux_e2bc12ef4caf4703892c2a4ed0166e79.npz", "visibility": "visibility_e2bc12ef4caf4703892c2a4ed0166e79.png", "pose": [[0.64960116147995, -0.7602751851081848, 0.0, 1360.795166015625], [0.7602751851081848, 0.64960116147995, 0.0, 1120.5615234375], [0.0, 0.0, 1.0, 0.0], [0.0, 0.0, 0.0, 1.0]], "pose_inverse": [[0.64960116147995, 0.7602751851081848, 0.0, -1735.9091796875], [-0.7602751851081848, 0.64960116147995, 0.0, 306.6607666015625], [0.0, 0.0, 1.0, 0.0], [0.0, 0.0, 0.0, 1.0]], "cam_ids": [0, 1, 2, 3, 4, 5], "cam_channels": ["CAM_FRONT_LEFT", "CAM_FRONT", "CAM_FRONT_RIGHT", "CAM_BACK_LEFT", "CAM_BACK", "CAM_BACK_RIGHT"], "token": "e2bc12ef4caf4703892c2a4ed0166e79", "scene": "scene-0559"}, {"images": ["samples/CAM_FRONT_LEFT/n008-2018-08-31-11-37-23-0400__CAM_FRONT_LEFT__1535730405404799.jpg", "samples/CAM_FRONT/n008-2018-08-31-11-37-23-0400__CAM_FRONT__1535730405412404.jpg", "samples/CAM_FRONT_RIGHT/n008-2018-08-31-11-37-23-0400__CAM_FRONT_RIGHT__1535730405420482.jpg", "samples/CAM_BACK_LEFT/n008-2018-08-31-11-37-23-0400__CAM_BACK_LEFT__1535730405448104.jpg", "samples/CAM_BACK/n008-2018-08-31-11-37-23-0400__CAM_BACK__1535730405437558.jpg", "samples/CAM_BACK_RIGHT/n008-2018-08-31-11-37-23-0400__CAM_BACK_RIGHT__1535730405428113.jpg"], "intrinsics": [[[1257.8625342125129, 0.0, 827.2410631095686], [0.0, 1257.8625342125129, 450.915498205774], [0.0, 0.0, 1.0]], [[1252.8131021185304, 0.0, 826.588114781398], [0.0, 1252.8131021185304, 469.9846626224581], [0.0, 0.0, 1.0]], [[1256.7485116440405, 0.0, 817.7887570959712], [0.0, 1256.7485116440403, 451.9541780095127], [0.0, 0.0, 1.0]], [[1254.9860565800168, 0.0, 829.5769333630991], [0.0, 1254.9860565800168, 467.1680561863987], [0.0, 0.0, 1.0]], [[796.8910634503094, 0.0, 857.7774326863696], [0.0, 796.8910634503094, 476.8848988407415], [0.0, 0.0, 1.0]], [[1249.9629280788233, 0.0, 825.3768045375984], [0.0, 1249.9629280788233, 462.54816385708756], [0.0, 0.0, 1.0]]], "extrinsics": [[[0.8208613991737366, -0.5690352320671082, -0.048840876668691635, -0.7640380859375], [-0.04871814697980881, 0.015440515242516994, -0.9986932277679443, 1.4740753173828125], [0.5690457820892334, 0.8221681714057922, -0.015047823078930378, -1.171142578125], [0.0, 0.0, 0.0, 1.0]], [[0.009103827178478241, -0.9998898506164551, -0.011724789626896381, 0.01092529296875], [-0.04685130715370178, 0.011285881511867046, -0.9988381862640381, 1.4688339233398438], [0.9988604187965393, 0.00964263267815113, -0.046743400394916534, -1.4940185546875], [0.0, 0.0, 0.0, 1.0]], [[-0.8438599705696106, -0.5356374382972717, 0.03151218593120575, 0.9332275390625], [-0.0389312244951725, 0.0025470659602433443, -0.9992386102676392, 1.485748291015625], [0.5351493954658508, -0.844444215297699, -0.023002393543720245, -1.174560546875], [0.0, 0.0, 0.0, 1.0]], [[0.9464742541313171, 0.3178624212741852, -0.056124672293663025, -1.137451171875], [-0.06496452540159225, 0.01727014034986496, -0.9977381229400635, 1.56158447265625], [-0.3161742091178894, 0.9479795098304749, 0.036995526403188705, -0.15838623046875], [0.0, 0.0, 0.0, 1.0]], [[0.010497665964066982, 0.9998996257781982, 0.009520919062197208, -0.029266357421875], [-0.06244296953082085, 0.010158371180295944, -0.9979968070983887, 1.56329345703125], [-0.9979934096336365, 0.009882158599793911, 0.0625433400273323, -0.031982421875], [0.0, 0.0, 0.0, 1.0]], [[-0.9221889972686768, 0.3836410343647003, 0.04885704070329666, 1.0323486328125], [-0.05806509032845497, -0.012449580244719982, -0.9982351660728455, 1.5398178100585938], [-0.3823556900024414, -0.9233983755111694, 0.03375701606273651, -0.0947265625], [0.0, 0.0, 0.0, 1.0]]], "view": [[0.0, -2.0, 100.0], [-2.0, 0.0, 100.0], [0.0, 0.0, 1.0]], "bev": "bev_d61b0d89bad84d5a8b3f0ae3d28519e8.png", "aux": "aux_d61b0d89bad84d5a8b3f0ae3d28519e8.npz", "visibility": "visibility_d61b0d89bad84d5a8b3f0ae3d28519e8.png", "pose": [[0.6535422801971436, -0.7568899989128113, 0.0, 1363.04248046875], [0.7568899989128113, 0.6535422801971436, 0.0, 1123.1041259765625], [0.0, 0.0, 1.0, 0.0], [0.0, 0.0, 0.0, 1.0]], "pose_inverse": [[0.6535422801971436, 0.7568899989128113, 0.0, -1740.8721923828125], [-0.7568899989128113, 0.6535422801971436, 0.0, 297.6771240234375], [0.0, 0.0, 1.0, 0.0], [0.0, 0.0, 0.0, 1.0]], "cam_ids": [0, 1, 2, 3, 4, 5], "cam_channels": ["CAM_FRONT_LEFT", "CAM_FRONT", "CAM_FRONT_RIGHT", "CAM_BACK_LEFT", "CAM_BACK", "CAM_BACK_RIGHT"], "token": "d61b0d89bad84d5a8b3f0ae3d28519e8", "scene": "scene-0559"}, {"images": ["samples/CAM_FRONT_LEFT/n008-2018-08-31-11-37-23-0400__CAM_FRONT_LEFT__1535730405904799.jpg", "samples/CAM_FRONT/n008-2018-08-31-11-37-23-0400__CAM_FRONT__1535730405912404.jpg", "samples/CAM_FRONT_RIGHT/n008-2018-08-31-11-37-23-0400__CAM_FRONT_RIGHT__1535730405920482.jpg", "samples/CAM_BACK_LEFT/n008-2018-08-31-11-37-23-0400__CAM_BACK_LEFT__1535730405947405.jpg", "samples/CAM_BACK/n008-2018-08-31-11-37-23-0400__CAM_BACK__1535730405937619.jpg", "samples/CAM_BACK_RIGHT/n008-2018-08-31-11-37-23-0400__CAM_BACK_RIGHT__1535730405928113.jpg"], "intrinsics": [[[1257.8625342125129, 0.0, 827.2410631095686], [0.0, 1257.8625342125129, 450.915498205774], [0.0, 0.0, 1.0]], [[1252.8131021185304, 0.0, 826.588114781398], [0.0, 1252.8131021185304, 469.9846626224581], [0.0, 0.0, 1.0]], [[1256.7485116440405, 0.0, 817.7887570959712], [0.0, 1256.7485116440403, 451.9541780095127], [0.0, 0.0, 1.0]], [[1254.9860565800168, 0.0, 829.5769333630991], [0.0, 1254.9860565800168, 467.1680561863987], [0.0, 0.0, 1.0]], [[796.8910634503094, 0.0, 857.7774326863696], [0.0, 796.8910634503094, 476.8848988407415], [0.0, 0.0, 1.0]], [[1249.9629280788233, 0.0, 825.3768045375984], [0.0, 1249.9629280788233, 462.54816385708756], [0.0, 0.0, 1.0]]], "extrinsics": [[[0.8207731246948242, -0.5687153935432434, -0.053799279034137726, -0.76171875], [-0.05089176446199417, 0.021007142961025238, -0.9984831809997559, 1.4732589721679688], [0.5689829587936401, 0.8222661018371582, -0.011700832284986973, -1.1685791015625], [0.0, 0.0, 0.0, 1.0]], [[0.009106962010264397, -0.999811053276062, -0.017172185704112053, 0.01019287109375], [-0.04783427715301514, 0.016717659309506416, -0.9987154006958008, 1.4685440063476562], [0.9988137483596802, 0.009916717186570168, -0.04767299070954323, -1.4930419921875], [0.0, 0.0, 0.0, 1.0]], [[-0.8438674807548523, -0.5357974171638489, 0.028438525274395943, 0.93359375], [-0.03864935785531998, 0.007836051285266876, -0.9992220997810364, 1.4858245849609375], [0.5351578593254089, -0.8443102240562439, -0.027320818975567818, -1.17578125], [0.0, 0.0, 0.0, 1.0]], [[0.946747362613678, 0.318128377199173, -0.04963620752096176, -1.13720703125], [-0.05989342927932739, 0.02253643423318863, -0.9979503154754639, 1.5616073608398438], [-0.31635770201683044, 0.9477798342704773, 0.04039010778069496, -0.1585693359375], [0.0, 0.0, 0.0, 1.0]], [[0.010461152531206608, 0.9998385310173035, 0.014611856080591679, -0.028778076171875], [-0.05919585004448891, 0.015206249430775642, -0.9981305599212646, 1.5637588500976562], [-0.9981916546821594, 0.009576578624546528, 0.059345368295907974, -0.0281982421875], [0.0, 0.0, 0.0, 1.0]