[{"images": ["samples/CAM_FRONT_LEFT/n015-2018-10-02-10-56-37+0800__CAM_FRONT_LEFT__1538449258404844.jpg", "samples/CAM_FRONT/n015-2018-10-02-10-56-37+0800__CAM_FRONT__1538449258412460.jpg", "samples/CAM_FRONT_RIGHT/n015-2018-10-02-10-56-37+0800__CAM_FRONT_RIGHT__1538449258420339.jpg", "samples/CAM_BACK_LEFT/n015-2018-10-02-10-56-37+0800__CAM_BACK_LEFT__1538449258447423.jpg", "samples/CAM_BACK/n015-2018-10-02-10-56-37+0800__CAM_BACK__1538449258437525.jpg", "samples/CAM_BACK_RIGHT/n015-2018-10-02-10-56-37+0800__CAM_BACK_RIGHT__1538449258427893.jpg"], "intrinsics": [[[1272.5979470598488, 0.0, 826.6154927353808], [0.0, 1272.5979470598488, 479.75165386361925], [0.0, 0.0, 1.0]], [[1266.417203046554, 0.0, 816.2670197447984], [0.0, 1266.417203046554, 491.50706579294757], [0.0, 0.0, 1.0]], [[1260.8474446004698, 0.0, 807.968244525554], [0.0, 1260.8474446004698, 495.3344268742088], [0.0, 0.0, 1.0]], [[1256.7414812095406, 0.0, 792.1125740759628], [0.0, 1256.7414812095406, 492.7757465151356], [0.0, 0.0, 1.0]], [[809.2209905677063, 0.0, 829.2196003259838], [0.0, 809.2209905677063, 481.77842384512485], [0.0, 0.0, 1.0]], [[1259.5137405846733, 0.0, 807.2529053838625], [0.0, 1259.5137405846733, 501.19579884916527], [0.0, 0.0, 1.0]]], "extrinsics": [[[0.8205848932266235, -0.5713765025138855, 0.013009224086999893, -0.5869140625], [0.006164644379168749, -0.0139121999964118, -0.9998842477798462, 1.5111198425292969], [0.5714913010597229, 0.820570170879364, -0.00789380818605423, -1.0198974609375], [0.0, 0.0, 0.0, 1.0]], [[0.005413854029029608, -0.9998236894607544, 0.01797795295715332, 0.009521484375], [0.0007360804593190551, -0.017974229529500008, -0.9998381733894348, 1.5208549499511719], [0.9999850392341614, 0.005426162853837013, 0.0006386416498571634, -1.3150634765625], [0.0, 0.0, 0.0, 1.0]], [[-0.8329869508743286, -0.5532720685005188, -0.00476462859660387, 0.79010009765625], [0.006229237653315067, -0.0007669634651392698, -0.9999803304672241, 1.5054655075073242], [0.5532575845718384, -0.8330001831054688, 0.004085334483534098, -1.08544921875], [0.0, 0.0, 0.0, 1.0]], [[0.9478861093521118, 0.3185860514640808, 0.0038483007811009884, -1.140838623046875], [0.014641045592725277, -0.031489335000514984, -0.999396800994873, 1.5885543823242188], [-0.31827276945114136, 0.9473707675933838, -0.03451273590326309, -0.103759765625], [0.0, 0.0, 0.0, 1.0]], [[0.0028010807000100613, 0.9997693300247192, -0.021297773346304893, 0.002685546875], [-0.01073394250124693, -0.021266568452119827, -0.9997162222862244, 1.5782127380371094], [-0.9999384880065918, 0.0030289171263575554, 0.010671895928680897, -0.1055908203125], [0.0, 0.0, 0.0, 1.0]], [[-0.9346182942390442, 0.3549307882785797, -0.02264394424855709, 0.938720703125], [0.022013865411281586, -0.00581384589895606, -0.9997407793998718, 1.5561027526855469], [-0.35497042536735535, -0.9348744750022888, -0.002379670273512602, -0.13720703125], [0.0, 0.0, 0.0, 1.0]]], "view": [[0.0, -2.0, 100.0], [-2.0, 0.0, 100.0], [0.0, 0.0, 1.0]], "bev": "bev_e96a13bc65a74a9b9f5b6b0e46b0edba.png", "aux": "aux_e96a13bc65a74a9b9f5b6b0e46b0edba.npz", "visibility": "visibility_e96a13bc65a74a9b9f5b6b0e46b0edba.png", "pose": [[0.548556923866272, 0.8361132144927979, 0.0, 1631.8255615234375], [-0.8361132144927979, 0.548556923866272, 0.0, 2811.0830078125], [0.0, 0.0, 1.0, 0.0], [0.0, 0.0, 0.0, 1.0]], "pose_inverse": [[0.548556923866272, -0.8361132144927979, 0.0, 1455.2344970703125], [0.8361132144927979, 0.548556923866272, 0.0, -2906.429931640625], [0.0, 0.0, 1.0, 0.0], [0.0, 0.0, 0.0, 1.0]], "cam_ids": [0, 1, 2, 3, 4, 5], "cam_channels": ["CAM_FRONT_LEFT", "CAM_FRONT", "CAM_FRONT_RIGHT", "CAM_BACK_LEFT", "CAM_BACK", "CAM_BACK_RIGHT"], "token": "e96a13bc65a74a9b9f5b6b0e46b0edba", "scene": "scene-0791"}, {"images": ["samples/CAM_FRONT_LEFT/n015-2018-10-02-10-56-37+0800__CAM_FRONT_LEFT__1538449258854844.jpg", "samples/CAM_FRONT/n015-2018-10-02-10-56-37+0800__CAM_FRONT__1538449258862460.jpg", "samples/CAM_FRONT_RIGHT/n015-2018-10-02-10-56-37+0800__CAM_FRONT_RIGHT__1538449258870339.jpg", "samples/CAM_BACK_LEFT/n015-2018-10-02-10-56-37+0800__CAM_BACK_LEFT__1538449258897423.jpg", "samples/CAM_BACK/n015-2018-10-02-10-56-37+0800__CAM_BACK__1538449258887525.jpg", "samples/CAM_BACK_RIGHT/n015-2018-10-02-10-56-37+0800__CAM_BACK_RIGHT__1538449258877893.jpg"], "intrinsics": [[[1272.5979470598488, 0.0, 826.6154927353808], [0.0, 1272.5979470598488, 479.75165386361925], [0.0, 0.0, 1.0]], [[1266.417203046554, 0.0, 816.2670197447984], [0.0, 1266.417203046554, 491.50706579294757], [0.0, 0.0, 1.0]], [[1260.8474446004698, 0.0, 807.968244525554], [0.0, 1260.8474446004698, 495.3344268742088], [0.0, 0.0, 1.0]], [[1256.7414812095406, 0.0, 792.1125740759628], [0.0, 1256.7414812095406, 492.7757465151356], [0.0, 0.0, 1.0]], [[809.2209905677063, 0.0, 829.2196003259838], [0.0, 809.2209905677063, 481.77842384512485], [0.0, 0.0, 1.0]], [[1259.5137405846733, 0.0, 807.2529053838625], [0.0, 1259.5137405846733, 501.19579884916527], [0.0, 0.0, 1.0]]], "extrinsics": [[[0.8207384943962097, -0.5712050199508667, 0.010629779659211636, -0.583740234375], [0.0027117254212498665, -0.014710956253111362, -0.9998881220817566, 1.509552001953125], [0.5712975263595581, 0.8206755518913269, -0.010524897836148739, -1.0194091796875], [0.0, 0.0, 0.0, 1.0]], [[0.005846481770277023, -0.9998085498809814, 0.018671471625566483, 0.010986328125], [-0.0025638157967478037, -0.018686717376112938, -0.9998221397399902, 1.5196266174316406], [0.999979555606842, 0.0057975598610937595, -0.0026725775096565485, -1.311767578125], [0.0, 0.0, 0.0, 1.0]], [[-0.8327347636222839, -0.5536690950393677, -0.0017976777162402868, 0.78765869140625], [0.0030740643851459026, -0.0013766560005024076, -0.9999942779541016, 1.504556655883789], [0.5536634922027588, -0.832735538482666, 0.002848405623808503, -1.08203125], [0.0, 0.0, 0.0, 1.0]], [[0.9477717280387878, 0.31894737482070923, 0.001108812284655869, -1.135345458984375], [0.011799197643995285, -0.031587544828653336, -0.999431312084198, 1.5886383056640625], [-0.3187309801578522, 0.9472458958625793, -0.033701106905937195, -0.106201171875], [0.0, 0.0, 0.0, 1.0]], [[0.0023886938579380512, 0.9997633099555969, -0.021624410524964333, 0.001708984375], [-0.013629931025207043, -0.021589910611510277, -0.9996740221977234, 1.5778465270996094], [-0.9999042749404907, 0.0026827172841876745, 0.013575132936239243, -0.11083984375], [0.0, 0.0, 0.0, 1.0]], [[-0.9348031878471375, 0.3546037971973419, -0.019976459443569183, 0.933837890625], [0.01897413283586502, -0.006303903181105852, -0.9998000860214233, 1.5555534362792969], [-0.354658842086792, -0.9349953532218933, -0.0008353927405551076, -0.137939453125], [0.0, 0.0, 0.0, 1.0]]], "view": [[0.0, -2.0, 100.0], [-2.0, 0.0, 100.0], [0.0, 0.0, 1.0]], "bev": "bev_ce44a18d258b489285217c0ffc86fa98.png", "aux": "aux_ce44a18d258b489285217c0ffc86fa98.npz", "visibility": "visibility_ce44a18d258b489285217c0ffc86fa98.png", "pose": [[0.5501494407653809, 0.8350661993026733, 0.0, 1634.431884765625], [-0.8350661993026733, 0.5501494407653809, 0.0, 2807.0693359375], [0.0, 0.0, 1.0, 0.0], [0.0, 0.0, 0.0, 1.0]], "pose_inverse": [[0.5501494407653809, -0.8350661993026733, 0.0, 1444.906982421875], [0.8350661993026733, 0.5501494407653809, 0.0, -2909.16650390625], [0.0, 0.0, 1.0, 0.0], [0.0, 0.0, 0.0, 1.0]], "cam_ids": [0, 1, 2, 3, 4, 5], "cam_channels": ["CAM_FRONT_LEFT", "CAM_FRONT", "CAM_FRONT_RIGHT", "CAM_BACK_LEFT", "CAM_BACK", "CAM_BACK_RIGHT"], "token": "ce44a18d258b489285217c0ffc86fa98", "scene": "scene-0791"}, {"images": ["samples/CAM_FRONT_LEFT/n015-2018-10-02-10-56-37+0800__CAM_FRONT_LEFT__1538449259354844.jpg", "samples/CAM_FRONT/n015-2018-10-02-10-56-37+0800__CAM_FRONT__1538449259362460.jpg", "samples/CAM_FRONT_RIGHT/n015-2018-10-02-10-56-37+0800__CAM_FRONT_RIGHT__1538449259370339.jpg", "samples/CAM_BACK_LEFT/n015-2018-10-02-10-56-37+0800__CAM_BACK_LEFT__1538449259397423.jpg", "samples/CAM_BACK/n015-2018-10-02-10-56-37+0800__CAM_BACK__1538449259387525.jpg", "samples/CAM_BACK_RIGHT/n015-2018-10-02-10-56-37+0800__CAM_BACK_RIGHT__1538449259377893.jpg"], "intrinsics": [[[1272.5979470598488, 0.0, 826.6154927353808], [0.0, 1272.5979470598488, 479.75165386361925], [0.0, 0.0, 1.0]], [[1266.417203046554, 0.0, 816.2670197447984], [0.0, 1266.417203046554, 491.50706579294757], [0.0, 0.0, 1.0]], [[1260.8474446004698, 0.0, 807.968244525554], [0.0, 1260.8474446004698, 495.3344268742088], [0.0, 0.0, 1.0]], [[1256.7414812095406, 0.0, 792.1125740759628], [0.0, 1256.7414812095406, 492.7757465151356], [0.0, 0.0, 1.0]], [[809.2209905677063, 0.0, 829.2196003259838], [0.0, 809.2209905677063, 481.77842384512485], [0.0, 0.0, 1.0]], [[1259.5137405846733, 0.0, 807.2529053838625], [0.0, 1259.5137405846733, 501.19579884916527], [0.0, 0.0, 1.0]]], "extrinsics": [[[0.8208850622177124, -0.5709753632545471, 0.0116109075024724, -0.585693359375], [0.0020380138885229826, -0.017402062192559242, -0.9998464584350586, 1.5092277526855469], [0.5710898041725159, 0.8207826614379883, -0.013121437281370163, -1.0196533203125], [0.0, 0.0, 0.0, 1.0]], [[0.005823984742164612, -0.9997494220733643, 0.02161189541220665, 0.009765625], [-0.003276282222941518, -0.02163122408092022, -0.9997606873512268, 1.5193405151367188], [0.9999775886535645, 0.005751797463744879, -0.003401441965252161, -1.3134765625], [0.0, 0.0, 0.0, 1.0]], [[-0.8328684568405151, -0.5534704923629761, 0.0005947682075202465, 0.787628173828125], [0.002344678156077862, -0.004602898843586445, -0.9999865889549255, 1.5043411254882812], [0.5534658432006836, -0.8328560590744019, 0.005131321959197521, -1.084228515625], [0.0, 0.0, 0.0, 1.0]], [[0.9476372003555298, 0.31934741139411926, -0.0008673685952089727, -1.139984130859375], [0.011058037169277668, -0.03552800416946411, -0.9993075132369995, 1.5886154174804688], [-0.31915703415870667, 0.9469714760780334, -0.03719902038574219, -0.10546875], [0.0, 0.0, 0.0, 1.0]], [[0.002493101404979825, 0.9996749758720398, -0.025374051183462143, 0.00244140625], [-0.014410021714866161, -0.025335581973195076, -0.9995751976966858, 1.5777702331542969], [-0.9998930096626282, 0.0028576224576681852, 0.014342174865305424, -0.1097412109375], [0.0, 0.0, 0.0, 1.0]], [[-0.9347511529922485, 0.35471010208129883, -0.020519772544503212, 0.935791015625], [0.018233666196465492, -0.0097866952419281, -0.999785840511322, 1.5553665161132812], [-0.3548349440097809, -0.9349251389503479, 0.002680460922420025, -0.138671875], [0.0, 0.0, 0.0, 1.0]]], "view": [[0.0, -2.0, 100.0], [-2.0, 0.0, 100.0], [0.0, 0.0, 1.0]], "bev": "bev_e90d170e63a24f1aa0b38904ff82492e.png", "aux": "aux_e90d170e63a24f1aa0b38904ff82492e.npz", "visibility": "visibility_e90d170e63a24f1aa0b38904ff82492e.png", "pose": [[0.551611602306366, 0.8341010808944702, 0.0, 1637.3551025390625], [-0.8341010808944702, 0.551611602306366, 0.0, 2802.5654296875], [0.0, 0.0, 1.0, 0.0], [0.0, 0.0, 0.0, 1.0]], "pose_inverse": [[0.551611602306366, -0.8341010808944702, 0.0, 1434.4388427734375], [0.8341010808944702, 0.551611602306366, 0.0, -2911.647216796875], [0.0, 0.0, 1.0, 0.0], [0.0, 0.0, 0.0, 1.0]], "cam_ids": [0, 1, 2, 3, 4, 5], "cam_channels": ["CAM_FRONT_LEFT", "CAM_FRONT", "CAM_FRONT_RIGHT", "CAM_BACK_LEFT", "CAM_BACK", "CAM_BACK_RIGHT"], "token": "e90d170e63a24f1aa0b38904ff82492e", "scene": "scene-0791"}, {"images": ["samples/CAM_FRONT_LEFT/n015-2018-10-02-10-56-37+0800__CAM_FRONT_LEFT__1538449259854844.jpg", "samples/CAM_FRONT/n015-2018-10-02-10-56-37+0800__CAM_FRONT__1538449259862460.jpg", "samples/CAM_FRONT_RIGHT/n015-2018-10-02-10-56-37+0800__CAM_FRONT_RIGHT__1538449259870339.jpg", "samples/CAM_BACK_LEFT/n015-2018-10-02-10-56-37+0800__CAM_BACK_LEFT__1538449259897423.jpg", "samples/CAM_BACK/n015-2018-10-02-10-56-37+0800__CAM_BACK__1538449259887525.jpg", "samples/CAM_BACK_RIGHT/n015-2018-10-02-10-56-37+0800__CAM_BACK_RIGHT__1538449259877893.jpg"], "intrinsics": [[[1272.5979470598488, 0.0, 826.6154927353808], [0.0, 1272.5979470598488, 479.75165386361925], [0.0, 0.0, 1.0]], [[1266.417203046554, 0.0, 816.2670197447984], [0.0, 1266.417203046554, 491.50706579294757], [0.0, 0.0, 1.0]], [[1260.8474446004698, 0.0, 807.968244525554], [0.0, 1260.8474446004698, 495.3344268742088], [0.0, 0.0, 1.0]], [[1256.7414812095406, 0.0, 792.1125740759628], [0.0, 1256.7414812095406, 492.7757465151356], [0.0, 0.0, 1.0]], [[809.2209905677063, 0.0, 829.2196003259838], [0.0, 809.2209905677063, 481.77842384512485], [0.0, 0.0, 1.0]], [[1259.5137405846733, 0.0, 807.2529053838625], [0.0, 1259.5137405846733, 501.19579884916527], [0.0, 0.0, 1.0]]], "extrinsics": [[[0.8203579783439636, -0.5715843439102173, 0.01743834838271141, -0.575927734375], [0.004098425153642893, -0.024617083370685577, -0.9996885657310486, 1.5102767944335938], [0.5718356370925903, 0.820173978805542, -0.01785222440958023, -1.0142822265625], [0.0, 0.0, 0.0, 1.0]], [[0.005055519286543131, -0.9995729327201843, 0.028783578425645828, 0.01025390625], [-0.001271622721105814, -0.02879035286605358, -0.9995846748352051, 1.5201187133789062], [0.9999864101409912, 0.005016902927309275, -0.0014166305772960186, -1.3035888671875], [0.0, 0.0, 0.0, 1.0]], [[-0.8331852555274963, -0.5529863834381104, 0.0029257135465741158, 0.780853271484375], [0.004273687954992056, -0.011729509569704533, -0.9999220371246338, 1.5049629211425781], [0.5529775023460388, -0.8331077694892883, 0.012136143632233143, -1.0791015625], [0.0, 0.0, 0.0, 1.0]], [[0.947754442691803, 0.3189966380596161, -0.0016338576097041368, -1.134490966796875], [0.012660027481615543, -0.04273032024502754, -0.9990063905715942, 1.58868408203125], [-0.3187495768070221, 0.9467921257019043, -0.04453635215759277, -0.10693359375], [0.0, 0.0, 0.0, 1.0]], [[0.0028119138441979885, 0.9994657039642334, -0.03256640583276749, 0.001953125], [-0.012712440453469753, -0.03252818062901497, -0.9993900060653687, 1.5778961181640625], [-0.999915361404419, 0.003224215004593134, 0.012614178471267223, -0.1156005859375], [0.0, 0.0, 0.0, 1.0]], [[-0.934555172920227, 0.3549557626247406, -0.024760112166404724, 0.928466796875], [0.020055415108799934, -0.01692800782620907, -0.999655544757843, 1.5559310913085938], [-0.3552526533603668, -0.934729814529419, 0.00870137196034193, -0.140625], [0.0, 0.0, 0.0, 1.0]]], "view": [[0.0, -2.0, 100.0], [-2.0, 0.0, 100.0], [0.0, 0.0, 1.0]], "bev": "bev_7ef2db08d2204df09165a305777e7b6c.png", "aux": "aux_7ef2db08d2204df09165a305777e7b6c.npz", "visibility": "visibility_7ef2db08d2204df09165a305777e7b6c.png", "pose": [[0.5548631548881531, 0.8319416642189026, 0.0, 1640.35205078125], [-0.8319416642189026, 0.5548631548881531, 0.0, 2797.98388671875], [0.0, 0.0, 1.0, 0.0], [0.0, 0.0, 0.0, 1.0]], "pose_inverse": [[0.5548631548881531, -0.8319416642189026, 0.0, 1417.5885009765625], [0.8319416642189026, 0.5548631548881531, 0.0, -2917.17529296875], [0.0, 0.0, 1.0, 0.0], [0.0, 0.0, 0.0, 1.0]], "cam_ids": [0, 1, 2, 3, 4, 5], "cam_channels": ["CAM_FRONT_LEFT", "CAM_FRONT", "CAM_FRONT_RIGHT", "CAM_BACK_LEFT", "CAM_BACK", "CAM_BACK_RIGHT"], "token": "7ef2db08d2204df09165a305777e7b6c", "scene": "scene-0791"}, {"images": ["samples/CAM_FRONT_LEFT/n015-2018-10-02-10-56-37+0800__CAM_FRONT_LEFT__1538449260354844.jpg", "samples/CAM_FRONT/n015-2018-10-02-10-56-37+0800__CAM_FRONT__1538449260362460.jpg", "samples/CAM_FRONT_RIGHT/n015-2018-10-02-10-56-37+0800__CAM_FRONT_RIGHT__1538449260370339.jpg", "samples/CAM_BACK_LEFT/n015-2018-10-02-10-56-37+0800__CAM_BACK_LEFT__1538449260397423.jpg", "samples/CAM_BACK/n015-2018-10-02-10-56-37+0800__CAM_BACK__1538449260387525.jpg", "samples/CAM_BACK_RIGHT/n015-2018-10-02-10-56-37+0800__CAM_BACK_RIGHT__1538449260377893.jpg"], "intrinsics": [[[1272.5979470598488, 0.0, 826.6154927353808], [0.0, 1272.5979470598488, 479.75165386361925], [0.0, 0.0, 1.0]], [[1266.417203046554, 0.0, 816.2670197447984], [0.0, 1266.417203046554, 491.50706579294757], [0.0, 0.0, 1.0]], [[1260.8474446004698, 0.0, 807.968244525554], [0.0, 1260.8474446004698, 495.3344268742088], [0.0, 0.0, 1.0]], [[1256.7414812095406, 0.0, 792.1125740759628], [0.0, 1256.7414812095406, 492.7757465151356], [0.0, 0.0, 1.0]], [[809.2209905677063, 0.0, 829.2196003259838], [0.0, 809.2209905677063, 481.77842384512485], [0.0, 0.0, 1.0]], [[1259.5137405846733, 0.0, 807.2529053838625], [0.0, 1259.5137405846733, 501.19579884916527], [0.0, 0.0, 1.0]]], "extrinsics": [[[0.8206246495246887, -0.5713005065917969, 0.013814250007271767, -0.57763671875], [-0.005354234017431736, -0.03185863792896271, -0.9994780421257019, 1.50592041015625], [0.5714423656463623, 0.8201224207878113, -0.029202863574028015, -1.0169677734375], [0.0, 0.0, 0.0, 1.0]], [[0.00549820251762867, -0.9993278384208679, 0.03624378889799118, 0.01171875], [-0.010816346853971481, -0.03630164638161659, -0.9992823600769043, 1.5165252685546875], [0.9999263882637024, 0.005102301947772503, -0.01100867334753275, -1.3070068359375], [0.0, 0.0, 0.0, 1.0]], [[-0.8330676555633545, -0.5529606938362122, 0.015257277525961399, 0.78485107421875], [-0.005374864675104618, -0.01948879100382328, -0.9997956156730652, 1.5021018981933594], [0.5531449913978577, -0.8329793810844421, 0.013263393193483353, -1.08056640625], [0.0, 0.0, 0.0, 1.0]], [[0.9476885199546814, 0.3188991844654083, -0.013773026876151562, -1.140167236328125], [0.0026985665317624807, -0.051152054220438004, -0.998687207698822, 1.5885772705078125], [-0.3191850483417511, 0.9464073181152344, -0.049336787313222885, -0.104736328125], [0.0, 0.0, 0.0, 1.0]], [[0.0025666167493909597, 0.999164879322052, -0.040777698159217834, 0.00146484375], [-0.022548766806721687, -0.040709640830755234, -0.9989165663719177, 1.576904296875], [-0.9997425079345703, 0.0034832863602787256, 0.022425452247262, -0.1094970703125], [0.0, 0.0, 0.0, 1.0]], [[-0.9347586035728455, 0.35480302572250366, -0.01847209595143795, 0.9326171875], [0.010309094563126564, -0.024883897975087166, -0.9996371865272522, 1.553741455078125], [-0.35513395071029663, -0.9346098899841309, 0.019602740183472633, -0.137939453125], [0.0, 0.0, 0.0, 1.0]]], "view": [[0.0, -2.0, 100.0], [-2.0, 0.0, 100.0], [0.0, 0.0, 1.0]], "bev": "bev_b8973db97ac949a4bb84aa51debfcce3.png", "aux": "aux_b8973db97ac949a4bb84aa51debfcce3.npz", "visibility": "visibility_b8973db97ac949a4bb84aa51debfcce3.png", "pose": [[0.5624396800994873, 0.8268383145332336, 0.0, 1643.3907470703125], [-0.8268383145332336, 0.5624396800994873, 0.0, 2793.42333984375], [0.0, 0.0, 1.0, 0.0], [0.0, 0.0, 0.0, 1.0]], "pose_inverse": [[0.5624396800994873, -0.8268383145332336, 0.0, 1385.4013671875], [0.8268383145332336, 0.5624396800994873, 0.0, -2929.950439453125], [0.0, 0.0, 1.0, 0.0], [0.0, 0.0, 0.0, 1.0]], "cam_ids": [0, 1, 2, 3, 4, 5], "cam_channels": ["CAM_FRONT_LEFT", "CAM_FRONT", "CAM_FRONT_RIGHT", "CAM_BACK_LEFT", "CAM_BACK", "CAM_BACK_RIGHT"], "token": "b8973db97ac949a4bb84aa51debfcce3", "scene": "scene-0791"}, {"images": ["samples/CAM_FRONT_LEFT/n015-2018-10-02-10-56-37+0800__CAM_FRONT_LEFT__1538449260854844.jpg", "samples/CAM_FRONT/n015-2018-10-02-10-56-37+0800__CAM_FRONT__1538449260862460.jpg", "samples/CAM_FRONT_RIGHT/n015-2018-10-02-10-56-37+0800__CAM_FRONT_RIGHT__1538449260870339.jpg", "samples/CAM_BACK_LEFT/n015-2018-10-02-10-56-37+0800__CAM_BACK_LEFT__1538449260897423.jpg", "samples/CAM_BACK/n015-2018-10-02-10-56-37+0800__CAM_BACK__1538449260887525.jpg", "samples/CAM_BACK_RIGHT/n015-2018-10-02-10-56-37+0800__CAM_BACK_RIGHT__1538449260877893.jpg"], "intrinsics": [[[1272.5979470598488, 0.0, 826.6154927353808], [0.0, 1272.5979470598488, 479.75165386361925], [0.0, 0.0, 1.0]], [[1266.417203046554, 0.0, 816.2670197447984], [0.0, 1266.417203046554, 491.50706579294757], [0.0, 0.0, 1.0]], [[1260.8474446004698, 0.0, 807.968244525554], [0.0, 1260.8474446004698, 495.3344268742088], [0.0, 0.0, 1.0]], [[1256.7414812095406, 0.0, 792.1125740759628], [0.0, 1256.7414812095406, 492.7757465151356], [0.0, 0.0, 1.0]], [[809.2209905677063, 0.0, 829.2196003259838], [0.0, 809.2209905677063, 481.77842384512485], [0.0, 0.0, 1.0]], [[1259.5137405846733, 0.0, 807.2529053838625], [0.0, 1259.5137405846733, 501.19579884916527], [0.0, 0.0, 1.0]]], "extrinsics": [[[0.8207259178161621, -0.5709352493286133, 0.021021505817770958, -0.5703125], [-0.0003986109222751111, -0.03736671432852745, -0.999301552772522, 1.508331298828125], [0.571321964263916, 0.8201442956924438, -0.03089541383087635, -1.014404296875], [0.0, 0.0, 0.0, 1.0]], [[0.005559974815696478, -0.9991307854652405, 0.041312191635370255, 0.013427734375], [-0.00577835226431489, -0.04134424030780792, -0.9991282820701599, 1.518524169921875], [0.9999678134918213, 0.005316390190273523, -0.006003205664455891, -1.302490234375], [0.0, 0.0, 0.0, 1.0]], [[-0.8330370187759399, -0.5530526041984558, 0.01349752675741911, 0.783782958984375], [-0.0002217017172370106, -0.02406449243426323, -0.9997103214263916, 1.503692626953125], [0.5532171726226807, -0.8327987194061279, 0.01992400549352169, -1.078369140625], [0.0, 0.0, 0.0, 1.0]], [[0.9479225277900696, 0.3183603584766388, -0.00946013256907463, -1.14727783203125], [0.00824532937258482, -0.05422103777527809, -0.9984948635101318, 1.5885009765625], [-0.31839409470558167, 0.9464178681373596, -0.05402233451604843, -0.1015625], [0.0, 0.0, 0.0, 1.0]], [[0.0027245809324085712, 0.999014675617218, -0.04429730027914047, 0.00146484375], [-0.01710551604628563, -0.044244423508644104, -0.998874306678772, 1.5775909423828125], [-0.9998499155044556, 0.003479219041764736, 0.01696811430156231, -0.1055908203125], [0.0, 0.0, 0.0, 1.0]], [[-0.9346925616264343, 0.3545841872692108, -0.024894606322050095, 0.933349609375], [0.015618725679814816, -0.02899845689535141, -0.9994574189186096, 1.5549163818359375], [-0.355113685131073, -0.9345743060112, 0.021566487848758698, -0.137451171875], [0.0, 0.0, 0.0, 1.0]]], "view": [[0.0, -2.0, 100.0], [-2.0, 0.0, 100.0], [0.0, 0.0, 1.0]], "bev": "bev_366376e66e114b8f8ac092b7de4bafe8.png", "aux": "aux_366376e66e114b8f8ac092b7de4bafe8.npz", "visibility": "visibility_366376e66e114b8f8ac092b7de4bafe8.png", "pose": [[0.5679832100868225, 0.8230401277542114, 0.0, 1646.458740234375], [-0.8230401277542114, 0.5679832100868225, 0.0, 2788.8525390625], [0.0, 0.0, 1.0, 0.0], [0.0, 0.0, 0.0, 1.0]], "pose_inverse": [[0.5679832100868225, -0.8230401277542114, 0.0, 1360.1766357421875], [0.8230401277542114, 0.5679832100868225, 0.0, -2939.123046875], [0.0, 0.0, 1.0, 0.0], [0.0, 0.0, 0.0, 1.0]], "cam_ids": [0, 1, 2, 3, 4, 5], "cam_channels": ["CAM_FRONT_LEFT", "CAM_FRONT", "CAM_FRONT_RIGHT", "CAM_BACK_LEFT", "CAM_BACK", "CAM_BACK_RIGHT"], "token": "366376e66e114b8f8ac092b7de4bafe8", "scene": "scene-0791"}, {"images": ["samples/CAM_FRONT_LEFT/n015-2018-10-02-10-56-37+0800__CAM_FRONT_LEFT__1538449261354844.jpg", "samples/CAM_FRONT/n015-2018-10-02-10-56-37+0800__CAM_FRONT__1538449261362460.jpg", "samples/CAM_FRONT_RIGHT/n015-2018-10-02-10-56-37+0800__CAM_FRONT_RIGHT__1538449261370339.jpg", "samples/CAM_BACK_LEFT/n015-2018-10-02-10-56-37+0800__CAM_BACK_LEFT__1538449261397423.jpg", "samples/CAM_BACK/n015-2018-10-02-10-56-37+0800__CAM_BACK__1538449261387525.jpg", "samples/CAM_BACK_RIGHT/n015-2018-10-02-10-56-37+0800__CAM_BACK_RIGHT__1538449261377893.jpg"], "intrinsics": [[[1272.5979470598488, 0.0, 826.6154927353808], [0.0, 1272.5979470598488, 479.75165386361925], [0.0, 0.0, 1.0]], [[1266.417203046554, 0.0, 816.2670197447984], [0.0, 1266.417203046554, 491.50706579294757], [0.0, 0.0, 1.0]], [[1260.8474446004698, 0.0, 807.968244525554], [0.0, 1260.8474446004698, 495.3344268742088], [0.0, 0.0, 1.0]], [[1256.7414812095406, 0.0, 792.1125740759628], [0.0, 1256.7414812095406, 492.7757465151356], [0.0, 0.0, 1.0]], [[809.2209905677063, 0.0, 829.2196003259838], [0.0, 809.2209905677063, 481.77842384512485], [0.0, 0.0, 1.0]], [[1259.5137405846733, 0.0, 807.2529053838625], [0.0, 1259.5137405846733, 501.19579884916527], [0.0, 0.0, 1.0]]], "extrinsics": [[[0.8204265832901001, -0.571403443813324, 0.019959552213549614, -0.568359375], [-0.0022722934372723103, -0.038167793303728104, -0.9992687702178955, 1.5073089599609375], [0.571747362613678, 0.8197812438011169, -0.03261226788163185, -1.008544921875], [0.0, 0.0, 0.0, 1.0]], [[0.005163867492228746, -0.9990952610969543, 0.04221218079328537, 0.010498046875], [-0.007451522629708052, -0.04225001856684685, -0.9990792870521545, 1.5177230834960938], [0.9999589323997498, 0.00484453933313489, -0.007662953808903694, -1.29736328125], [0.0, 0.0, 0.0, 1.0]], [[-0.8332086205482483, -0.5527472496032715, 0.015291665680706501, 0.7781982421875], [-0.0016988528659567237, -0.025095248594880104, -0.9996835589408875, 1.5031967163085938], [0.5529561042785645, -0.8329710364341736, 0.019970545545220375, -1.07763671875], [0.0, 0.0, 0.0, 1.0]], [[0.9480136036872864, 0.31804603338241577, -0.010816791094839573, -1.142303466796875], [0.00729171559214592, -0.0556911863386631, -0.9984213709831238, 1.5886383056640625], [-0.31814631819725037, 0.9464381337165833, -0.05511510744690895, -0.105224609375], [0.0, 0.0, 0.0, 1.0]], [[0.002833467209711671, 0.9989541172981262, -0.04563835635781288, 0.002197265625], [-0.018232695758342743, -0.045579347759485245, -0.9987943172454834, 1.5773468017578125], [-0.9998297691345215, 0.0036622234620153904, 0.01808447390794754, -0.1104736328125], [0.0, 0.0, 0.0, 1.0]], [[-0.9346321821212769, 0.35480034351348877, -0.02407142147421837, 0.9287109375], [0.014285936020314693, -0.030174460262060165, -0.9994425773620605, 1.5546646118164062], [-0.3553289771080017, -0.9344550967216492, 0.02313336357474327, -0.140380859375], [0.0, 0.0, 0.0, 1.0]]], "view": [[0.0, -2.0, 100.0], [-2.0, 0.0, 100.0], [0.0, 0.0, 1.0]], "bev": "bev_6efa54222afb46d183150f1023640197.png", "aux": "aux_6efa54222afb46d183150f1023640197.npz", "visibility": "visibility_6efa54222afb46d183150f1023640197.png", "pose": [[0.5696808099746704, 0.8218660354614258, 0.0, 1649.619140625], [-0.8218660354614258, 0.5696808099746704, 0.0, 2784.172119140625], [0.0, 0.0, 1.0, 0.0], [0.0, 0.0, 0.0, 1.0]], "pose_inverse": [[0.5696808099746704, -0.8218660354614258, 0.0, 1348.460205078125], [0.8218660354614258, 0.5696808099746704, 0.0, -2941.855224609375], [0.0, 0.0, 1.0, 0.0], [0.0, 0.0, 0.0, 1.0]], "cam_ids": [0, 1, 2, 3, 4, 5], "cam_channels": ["CAM_FRONT_LEFT", "CAM_FRONT", "CAM_FRONT_RIGHT", "CAM_BACK_LEFT", "CAM_BACK", "CAM_BACK_RIGHT"], "token": "6efa54222afb46d183150f1023640197", "scene": "scene-0791"}, {"images": ["samples/CAM_FRONT_LEFT/n015-2018-10-02-10-56-37+0800__CAM_FRONT_LEFT__1538449261854844.jpg", "samples/CAM_FRONT/n015-2018-10-02-10-56-37+0800__CAM_FRONT__1538449261862460.jpg", "samples/CAM_FRONT_RIGHT/n015-2018-10-02-10-56-37+0800__CAM_FRONT_RIGHT__1538449261870339.jpg", "samples/CAM_BACK_LEFT/n015-2018-10-02-10-56-37+0800__CAM_BACK_LEFT__1538449261897423.jpg", "samples/CAM_BACK/n015-2018-10-02-10-56-37+0800__CAM_BACK__1538449261887525.jpg", "samples/CAM_BACK_RIGHT/n015-2018-10-02-10-56-37+0800__CAM_BACK_RIGHT__1538449261877893.jpg"], "intrinsics": [[[1272.5979470598488, 0.0, 826.6154927353808], [0.0, 1272.5979470598488, 479.75165386361925], [0.0, 0.0, 1.0]], [[1266.417203046554, 0.0, 816.2670197447984], [0.0, 1266.417203046554, 491.50706579294757], [0.0, 0.0, 1.0]], [[1260.8474446004698, 0.0, 807.968244525554], [0.0, 1260.8474446004698, 495.3344268742088], [0.0, 0.0, 1.0]], [[1256.7414812095406, 0.0, 792.1125740759628], [0.0, 1256.7414812095406, 492.7757465151356], [0.0, 0.0, 1.0]], [[809.2209905677063, 0.0, 829.2196003259838], [0.0, 809.2209905677063, 481.77842384512485], [0.0, 0.0, 1.0]], [[1259.5137405846733, 0.0, 807.2529053838625], [0.0, 1259.5137405846733, 501.19579884916527], [0.0, 0.0, 1.0]]], "extrinsics": [[[0.8202765583992004, -0.5714109539985657, 0.025215698406100273, -0.55126953125], [0.001637020381167531, -0.04174032434821129, -0.9991271495819092, 1.5093460083007812], [0.571964681148529, 0.8196019530296326, -0.03330320119857788, -0.9996337890625], [0.0, 0.0, 0.0, 1.0]], [[0.004890464246273041, -0.9989320635795593, 0.04594169184565544, 0.0126953125], [-0.003804813837632537, -0.045960500836372375, -0.9989360570907593, 1.5192108154296875], [0.9999808073043823, 0.0047104633413255215, -0.004025522153824568, -1.2821044921875], [0.0, 0.0, 0.0, 1.0]], [[-0.8333196043968201, -0.5525984168052673, 0.014607638120651245, 0.77020263671875], [0.0016680335393175483, -0.028938738629221916, -0.9995797276496887, 1.5042953491210938], [0.5527889728546143, -0.8329450488090515, 0.025036973878741264, -1.06982421875], [0.0, 0.0, 0.0, 1.0]], [[0.9479855298995972, 0.3181643784046173, -0.00973663292825222, -1.14373779296875], [0.009856853634119034, -0.05991499498486519, -0.9981548190116882, 1.588531494140625], [-0.3181607127189636, 0.9461403489112854, -0.059934649616479874, -0.10302734375], [0.0, 0.0, 0.0, 1.0]], [[0.003030631225556135, 0.9987586736679077, -0.04971771687269211, 0.001220703125], [-0.015431816689670086, -0.049665313214063644, -0.9986466765403748, 1.5776519775390625], [-0.9998763203620911, 0.00379377044737339, 0.015262143686413765, -0.1136474609375], [0.0, 0.0, 0.0, 1.0]], [[-0.9345179200172424, 0.35478338599205017, -0.028373122215270996, 0.92138671875], [0.017383625730872154, -0.03412504121661186, -0.9992663860321045, 1.5555343627929688], [-0.35549136996269226, -0.9343255758285522, 0.025723040103912354, -0.14208984375], [0.0, 0.0, 0.0, 1.0]]], "view": [[0.0, -2.0, 100.0], [-2.0, 0.0, 100.0], [0.0, 0.0, 1.0]], "bev": "bev_d966a638cc8c48e6bf5275e7223f07dc.png", "aux": "aux_d966a638cc8c48e6bf5275e7223f07dc.npz", "visibility": "visibility_d966a638cc8c48e6bf5275e7223f07dc.png", "pose": [[0.5698931217193604, 0.8217188119888306, 0.0, 1652.8753662109375], [-0.8217188119888306, 0.5698931217193604, 0.0, 2779.409423828125], [0.0, 0.0, 1.0, 0.0], [0.0, 0.0, 0.0, 1.0]], "pose_inverse": [[0.5698931217193604, -0.8217188119888306, 0.0, 1341.9306640625], [0.8217188119888306, 0.5698931217193604, 0.0, -2942.1650390625], [0.0, 0.0, 1.0, 0.0], [0.0, 0.0, 0.0, 1.0]], "cam_ids": [0, 1, 2, 3, 4, 5], "cam_channels": ["CAM_FRONT_LEFT", "CAM_FRONT", "CAM_FRONT_RIGHT", "CAM_BACK_LEFT", "CAM_BACK", "CAM_BACK_RIGHT"], "token": "d966a638cc8c48e6bf5275e7223f07dc", "scene": "scene-0791"}, {"images": ["samples/CAM_FRONT_LEFT/n015-2018-10-02-10-56-37+0800__CAM_FRONT_LEFT__1538449262404844.jpg", "samples/CAM_FRONT/n015-2018-10-02-10-56-37+0800__CAM_FRONT__1538449262412460.jpg", "samples/CAM_FRONT_RIGHT/n015-2018-10-02-10-56-37+0800__CAM_FRONT_RIGHT__1538449262420339.jpg", "samples/CAM_BACK_LEFT/n015-2018-10-02-10-56-37+0800__CAM_BACK_LEFT__1538449262447423.jpg", "samples/CAM_BACK/n015-2018-10-02-10-56-37+0800__CAM_BACK__1538449262437525.jpg", "samples/CAM_BACK_RIGHT/n015-2018-10-02-10-56-37+0800__CAM_BACK_RIGHT__1538449262427893.jpg"], "intrinsics": [[[1272.5979470598488, 0.0, 826.6154927353808], [0.0, 1272.5979470598488, 479.75165386361925], [0.0, 0.0, 1.0]], [[1266.417203046554, 0.0, 816.2670197447984], [0.0, 1266.417203046554, 491.50706579294757], [0.0, 0.0, 1.0]], [[1260.8474446004698, 0.0, 807.968244525554], [0.0, 1260.8474446004698, 495.3344268742088], [0.0, 0.0, 1.0]], [[1256.7414812095406, 0.0, 792.1125740759628], [0.0, 1256.7414812095406, 492.7757465151356], [0.0, 0.0, 1.0]], [[809.2209905677063, 0.0, 829.2196003259838], [0.0, 809.2209905677063, 481.77842384512485], [0.0, 0.0, 1.0]], [[1259.5137405846733, 0.0, 807.2529053838625], [0.0, 1259.5137405846733, 501.19579884916527], [0.0, 0.0, 1.0]]], "extrinsics": [[[0.819462239742279, -0.5726326704025269, 0.02394690178334713, -0.565673828125], [-0.0036740764044225216, -0.047030169516801834, -0.9988867044448853, 1.5064849853515625], [0.5731213688850403, 0.8184620141983032, -0.040643349289894104, -1.0008544921875], [0.0, 0.0, 0.0, 1.0]], [[0.003782665589824319, -0.9986875057220459, 0.05107701197266579, 0.00634765625], [-0.008897329680621624, -0.05110896751284599, -0.9986534714698792, 1.516998291015625], [0.9999532699584961, 0.003323105862364173, -0.009078978560864925, -1.2926025390625], [0.0, 0.0, 0.0, 1.0]], [[-0.8338283896446228, -0.5516095161437988, 0.021380815654993057, 0.77484130859375], [-0.003160680877044797, -0.033960454165935516, -0.9994181394577026, 1.5026626586914062], [0.5520147681236267, -0.8334107995033264, 0.026573732495307922, -1.078369140625], [0.0, 0.0, 0.0, 1.0]], [[0.9484249949455261, 0.3166528642177582, -0.014865540899336338, -1.145355224609375], [0.00578839099034667, -0.06418540328741074, -0.9979212284088135, 1.5883331298828125], [-0.3169487416744232, 0.9463673830032349, -0.06270795315504074, -0.099609375], [0.0, 0.0, 0.0, 1.0]], [[0.004048092756420374, 0.9985198378562927, -0.054238103330135345, 0.004638671875], [-0.019770758226513863, -0.054148029536008835, -0.9983371496200562, 1.57708740234375], [-0.9997963309288025, 0.005113649647682905, 0.019522298127412796, -0.108642578125], [0.0, 0.0, 0.0, 1.0]], [[-0.9343518018722534, 0.35541483759880066, -0.02582589164376259, 0.92919921875], [0.01279639545828104, -0.03896244242787361, -0.9991587400436401, 1.554290771484375], [-0.3561220169067383, -0.9338963031768799, 0.03185660392045975, -0.14306640625], [0.0, 0.0, 0.0, 1.0]]], "view": [[0.0, -2.0, 100.0], [-2.0, 0.0, 100.0], [0.0, 0.0, 1.0]], "bev": "bev_21861bdc165944f0b27369aa1d55a048.png", "aux": "aux_21861bdc165944f0b27369aa1d55a048.npz", "visibility": "visibility_21861bdc165944f0b27369aa1d55a048.png", "pose": [[0.5706269145011902, 0.8212094306945801, 0.0, 1656.4759521484375], [-0.8212094306945801, 0.5706269145011902, 0.0, 2774.10986328125], [0.0, 0.0, 1.0, 0.0], [0.0, 0.0, 0.0, 1.0]], "pose_inverse": [[0.5706269145011902, -0.8212094306945801, 0.0, 1332.8953857421875], [0.8212094306945801, 0.5706269145011902, 0.0, -2943.29541015625], [0.0, 0.0, 1.0, 0.0], [0.0, 0.0, 0.0, 1.0]], "cam_ids": [0, 1, 2, 3, 4, 5], "cam_channels": ["CAM_FRONT_LEFT", "CAM_FRONT", "CAM_FRONT_RIGHT", "CAM_BACK_LEFT", "CAM_BACK", "CAM_BACK_RIGHT"], "token": "21861bdc165944f0b27369aa1d55a048", "scene": "scene-0791"}, {"images": ["samples/CAM_FRONT_LEFT/n015-2018-10-02-10-56-37+0800__CAM_FRONT_LEFT__1538449262904844.jpg", "samples/CAM_FRONT/n015-2018-10-02-10-56-37+0800__CAM_FRONT__1538449262912460.jpg", "samples/CAM_FRONT_RIGHT/n015-2018-10-02-10-56-37+0800__CAM_FRONT_RIGHT__1538449262920339.jpg", "samples/CAM_BACK_LEFT/n015-2018-10-02-10-56-37+0800__CAM_BACK_LEFT__1538449262947423.jpg", "samples/CAM_BACK/n015-2018-10-02-10-56-37+0800__CAM_BACK__1538449262937525.jpg", "samples/CAM_BACK_RIGHT/n015-2018-10-02-10-56-37+0800__CAM_BACK_RIGHT__1538449262927893.jpg"], "intrinsics": [[[1272.5979470598488, 0.0, 826.6154927353808], [0.0, 1272.5979470598488, 479.75165386361925], [0.0, 0.0, 1.0]], [[1266.417203046554, 0.0, 816.2670197447984], [0.0, 1266.417203046554, 491.50706579294757], [0.0, 0.0, 1.0]], [[1260.8474446004698, 0.0, 807.968244525554], [0.0, 1260.8474446004698, 495.3344268742088], [0.0, 0.0, 1.0]], [[1256.7414812095406, 0.0, 792.1125740759628], [0.0, 1256.7414812095406, 492.7757465151356], [0.0, 0.0, 1.0]], [[809.2209905677063, 0.0, 829.2196003259838], [0.0, 809.2209905677063, 481.77842384512485], [0.0, 0.0, 1.0]], [[1259.5137405846733, 0.0, 807.2529053838625], [0.0, 1259.5137405846733, 501.19579884916527], [0.0, 0.0, 1.0]]], "extrinsics": [[[0.8199297189712524, -0.571933388710022, 0.024645419791340828, -0.55029296875], [-0.002623716602101922, -0.046805430203676224, -0.9989005923271179, 1.507080078125], [0.5724580883979797, 0.8189635872840881, -0.0398777537047863, -0.9951171875], [0.0, 0.0, 0.0, 1.0]], [[0.004420698620378971, -0.9987003803253174, 0.05077469348907471, 0.009521484375], [-0.007845460437238216, -0.050808265805244446, -0.998677670955658, 1.5174407958984375], [0.9999594688415527, 0.004016540478914976, -0.008059869520366192, -1.2789306640625], [0.0, 0.0, 0.0, 1.0]], [[-0.8335541486740112, -0.5520641207695007, 0.020311761647462845, 0.766632080078125], [-0.0021181898191571236, -0.033573344349861145, -0.9994339942932129, 1.5030441284179688], [0.5524336099624634, -0.8331254124641418, 0.026815826073288918, -1.070068359375], [0.0, 0.0, 0.0, 1.0]], [[0.948172390460968, 0.31744104623794556, -0.014149698428809643, -1.14300537109375], [0.006513627246022224, -0.06393783539533615, -0.9979326128959656, 1.58856201171875], [-0.3176894187927246, 0.9461200833320618, -0.06269179284572601, -0.103271484375], [0.0, 0.0, 0.0, 1.0]], [[0.0035244643222540617, 0.9985401034355164, -0.053901318460702896, 0.002197265625], [-0.01883438043296337, -0.05382581055164337, -0.9983727335929871, 1.57720947265625], [-0.9998164176940918, 0.004533930215984583, 0.01861717738211155, -0.1143798828125], [0.0, 0.0, 0.0, 1.0]], [[-0.9344590306282043, 0.35507410764694214, -0.026620768010616302, 0.919921875], [0.01381286233663559, -0.03855779767036438, -0.999160885810852, 1.5546875], [-0.3558025658130646, -0.9340426325798035, 0.03112609311938286, -0.14453125], [0.0, 0.0, 0.0, 1.0]]], "view": [[0.0, -2.0, 100.0], [-2.0, 0.0, 100.0], [0.0, 0.0, 1.0]], "bev": "bev_34ac7066d48a48e888992d3a73b1ad5c.png", "aux": "aux_34ac7066d48a48e888992d3a73b1ad5c.npz", "visibility": "visibility_34ac7066d48a48e888992d3a73b1ad5c.png", "pose": [[0.5684992074966431, 0.8226838111877441, 0.0, 1659.7532958984375], [-0.8226838111877441, 0.5684992074966431, 0.0, 2769.251953125], [0.0, 0.0, 1.0, 0.0], [0.0, 0.0, 0.0, 1.0]], "pose_inverse": [[0.5684992074966431, -0.8226838111877441, 0.0, 1334.650390625], [0.8226838111877441, 0.5684992074966431, 0.0, -2939.769775390625], [0.0, 0.0, 1.0, 0.0], [0.0, 0.0, 0.0, 1.0]], "cam_ids": [0, 1, 2, 3, 4, 5], "cam_channels": ["CAM_FRONT_LEFT", "CAM_FRONT", "CAM_FRONT_RIGHT", "CAM_BACK_LEFT", "CAM_BACK", "CAM_BACK_RIGHT"], "token": "34ac7066d48a48e888992d3a73b1ad5c", "scene": "scene-0791"}, {"images": ["samples/CAM_FRONT_LEFT/n015-2018-10-02-10-56-37+0800__CAM_FRONT_LEFT__1538449263404844.jpg", "samples/CAM_FRONT/n015-2018-10-02-10-56-37+0800__CAM_FRONT__1538449263412460.jpg", "samples/CAM_FRONT_RIGHT/n015-2018-10-02-10-56-37+0800__CAM_FRONT_RIGHT__1538449263420339.jpg", "samples/CAM_BACK_LEFT/n015-2018-10-02-10-56-37+0800__CAM_BACK_LEFT__1538449263447423.jpg", "samples/CAM_BACK/n015-2018-10-02-10-56-37+0800__CAM_BACK__1538449263437525.jpg", "samples/CAM_BACK_RIGHT/n015-2018-10-02-10-56-37+0800__CAM_BACK_RIGHT__1538449263427893.jpg"], "intrinsics": [[[1272.5979470598488, 0.0, 826.6154927353808], [0.0, 1272.5979470598488, 479.75165386361925], [0.0, 0.0, 1.0]], [[1266.417203046554, 0.0, 816.2670197447984], [0.0, 1266.417203046554, 491.50706579294757], [0.0, 0.0, 1.0]], [[1260.8474446004698, 0.0, 807.968244525554], [0.0, 1260.8474446004698, 495.3344268742088], [0.0, 0.0, 1.0]], [[1256.7414812095406, 0.0, 792.1125740759628], [0.0, 1256.7414812095406, 492.7757465151356], [0.0, 0.0, 1.0]], [[809.2209905677063, 0.0, 829.2196003259838], [0.0, 809.2209905677063, 481.77842384512485], [0.0, 0.0, 1.0]], [[1259.5137405846733, 0.0, 807.2529053838625], [0.0, 1259.5137405846733, 501.19579884916527], [0.0, 0.0, 1.0]]], "extrinsics": [[[0.8203521370887756, -0.5714433193206787, 0.021793415769934654, -0.541748046875], [-0.005742183420807123, -0.0463392548263073, -0.9989092350006104, 1.5054473876953125], [0.5718298554420471, 0.8193321824073792, -0.04129583388566971, -0.9888916015625], [0.0, 0.0, 0.0, 1.0]], [[0.005074626766145229, -0.998725175857544, 0.05022021383047104, 0.009765625], [-0.011123035103082657, -0.05027413368225098, -0.9986735582351685, 1.515960693359375], [0.9999252557754517, 0.004509270191192627, -0.011363975703716278, -1.2706298828125], [0.0, 0.0, 0.0, 1.0]], [[-0.8332747220993042, -0.5523861050605774, 0.02286408841609955, 0.76153564453125], [-0.005572027061134577, -0.032962948083877563, -0.9994410276412964, 1.50189208984375], [0.5528310537338257, -0.8329363465309143, 0.02438928186893463, -1.066650390625], [0.0, 0.0, 0.0, 1.0]], [[0.9481346607208252, 0.3173970580101013, -0.017312632873654366, -1.1463623046875], [0.002824051072821021, -0.06287358701229095, -0.9980174899101257, 1.5885009765625], [-0.3178562819957733, 0.9462060928344727, -0.06050897389650345, -0.101806640625], [0.0, 0.0, 0.0, 1.0]], [[0.0032212277874350548, 0.9985859394073486, -0.05306524038314819, 0.003173828125], [-0.02252298779785633, -0.05297960340976715, -0.9983415603637695, 1.5767364501953125], [-0.9997410774230957, 0.004411087837070227, 0.022320477291941643, -0.114990234375], [0.0, 0.0, 0.0, 1.0]], [[-0.9346435666