[{"images": ["samples/CAM_FRONT_LEFT/n008-2018-09-18-14-35-12-0400__CAM_FRONT_LEFT__1537296195854799.jpg", "samples/CAM_FRONT/n008-2018-09-18-14-35-12-0400__CAM_FRONT__1537296195862404.jpg", "samples/CAM_FRONT_RIGHT/n008-2018-09-18-14-35-12-0400__CAM_FRONT_RIGHT__1537296195870482.jpg", "samples/CAM_BACK_LEFT/n008-2018-09-18-14-35-12-0400__CAM_BACK_LEFT__1537296195897405.jpg", "samples/CAM_BACK/n008-2018-09-18-14-35-12-0400__CAM_BACK__1537296195887558.jpg", "samples/CAM_BACK_RIGHT/n008-2018-09-18-14-35-12-0400__CAM_BACK_RIGHT__1537296195878113.jpg"], "intrinsics": [[[1257.8625342125129, 0.0, 827.2410631095686], [0.0, 1257.8625342125129, 450.915498205774], [0.0, 0.0, 1.0]], [[1252.8131021185304, 0.0, 826.588114781398], [0.0, 1252.8131021185304, 469.9846626224581], [0.0, 0.0, 1.0]], [[1256.7485116440405, 0.0, 817.7887570959712], [0.0, 1256.7485116440403, 451.9541780095127], [0.0, 0.0, 1.0]], [[1254.9860565800168, 0.0, 829.5769333630991], [0.0, 1254.9860565800168, 467.1680561863987], [0.0, 0.0, 1.0]], [[796.8910634503094, 0.0, 857.7774326863696], [0.0, 796.8910634503094, 476.8848988407415], [0.0, 0.0, 1.0]], [[1249.9629280788233, 0.0, 825.3768045375984], [0.0, 1249.9629280788233, 462.54816385708756], [0.0, 0.0, 1.0]]], "extrinsics": [[[0.8223630785942078, -0.5688658356666565, -0.010524224489927292, -0.87921142578125], [0.005907065700739622, 0.027032645419239998, -0.9996170997619629, 1.4892005920410156], [0.5689325332641602, 0.8219860196113586, 0.02559097483754158, -1.246337890625], [0.0, 0.0, 0.0, 1.0]], [[0.010000611655414104, -0.9996883869171143, -0.02287125214934349, 0.006591796875], [0.007896238006651402, 0.022950634360313416, -0.99970543384552, 1.4811668395996094], [0.9999188184738159, 0.009817092679440975, 0.008123298175632954, -1.60736083984375], [0.0, 0.0, 0.0, 1.0]], [[-0.8440878987312317, -0.5357887744903564, -0.021119656041264534, 1.0064697265625], [0.015949200838804245, 0.0142822852358222, -0.9997708201408386, 1.4946556091308594], [0.5359675884246826, -0.8442312479019165, -0.003510100534185767, -1.22412109375], [0.0, 0.0, 0.0, 1.0]], [[0.9478869438171387, 0.3186064660549164, 0.00048753360169939697, -1.141357421875], [-0.009390805847942829, 0.029468080028891563, -0.9995216131210327, 1.5620193481445312], [-0.31846845149993896, 0.9474289417266846, 0.03092437982559204, -0.156982421875], [0.0, 0.0, 0.0, 1.0]], [[0.00930710043758154, 0.9997170567512512, 0.021892763674259186, -0.0284423828125], [-0.00725461496040225, 0.02196064218878746, -0.9997324347496033, 1.5677871704101562], [-0.9999304413795471, 0.009145762771368027, 0.007456951774656773, 0.006103515625], [0.0, 0.0, 0.0, 1.0]], [[-0.923682451248169, 0.383150190114975, 0.002560344757512212, 1.0938568115234375], [-0.003089738078415394, -0.0007662952411919832, -0.9999949336051941, 1.54758882522583], [-0.3831462860107422, -0.9236857295036316, 0.0018916464177891612, -0.0712890625], [0.0, 0.0, 0.0, 1.0]]], "view": [[0.0, -2.0, 100.0], [-2.0, 0.0, 100.0], [0.0, 0.0, 1.0]], "bev": "bev_ccd7c315063047ddb231fceb7ceff64b.png", "aux": "aux_ccd7c315063047ddb231fceb7ceff64b.npz", "visibility": "visibility_ccd7c315063047ddb231fceb7ceff64b.png", "pose": [[-0.8810694217681885, -0.47298699617385864, 0.0, 1526.3548583984375], [0.47298699617385864, -0.8810694217681885, 0.0, 1357.1658935546875], [0.0, 0.0, 1.0, 0.0], [0.0, 0.0, 0.0, 1.0]], "pose_inverse": [[-0.8810694217681885, 0.47298699617385864, 0.0, 702.9027099609375], [-0.47298699617385864, -0.8810694217681885, 0.0, 1917.703369140625], [0.0, 0.0, 1.0, 0.0], [0.0, 0.0, 0.0, 1.0]], "cam_ids": [0, 1, 2, 3, 4, 5], "cam_channels": ["CAM_FRONT_LEFT", "CAM_FRONT", "CAM_FRONT_RIGHT", "CAM_BACK_LEFT", "CAM_BACK", "CAM_BACK_RIGHT"], "token": "ccd7c315063047ddb231fceb7ceff64b", "scene": "scene-0638"}, {"images": ["samples/CAM_FRONT_LEFT/n008-2018-09-18-14-35-12-0400__CAM_FRONT_LEFT__1537296196354799.jpg", "samples/CAM_FRONT/n008-2018-09-18-14-35-12-0400__CAM_FRONT__1537296196362404.jpg", "samples/CAM_FRONT_RIGHT/n008-2018-09-18-14-35-12-0400__CAM_FRONT_RIGHT__1537296196370482.jpg", "samples/CAM_BACK_LEFT/n008-2018-09-18-14-35-12-0400__CAM_BACK_LEFT__1537296196397405.jpg", "samples/CAM_BACK/n008-2018-09-18-14-35-12-0400__CAM_BACK__1537296196387568.jpg", "samples/CAM_BACK_RIGHT/n008-2018-09-18-14-35-12-0400__CAM_BACK_RIGHT__1537296196378113.jpg"], "intrinsics": [[[1257.8625342125129, 0.0, 827.2410631095686], [0.0, 1257.8625342125129, 450.915498205774], [0.0, 0.0, 1.0]], [[1252.8131021185304, 0.0, 826.588114781398], [0.0, 1252.8131021185304, 469.9846626224581], [0.0, 0.0, 1.0]], [[1256.7485116440405, 0.0, 817.7887570959712], [0.0, 1256.7485116440403, 451.9541780095127], [0.0, 0.0, 1.0]], [[1254.9860565800168, 0.0, 829.5769333630991], [0.0, 1254.9860565800168, 467.1680561863987], [0.0, 0.0, 1.0]], [[796.8910634503094, 0.0, 857.7774326863696], [0.0, 796.8910634503094, 476.8848988407415], [0.0, 0.0, 1.0]], [[1249.9629280788233, 0.0, 825.3768045375984], [0.0, 1249.9629280788233, 462.54816385708756], [0.0, 0.0, 1.0]]], "extrinsics": [[[0.8225145936012268, -0.5686888098716736, -0.007923487573862076, -0.8829345703125], [0.007440424989908934, 0.02468962036073208, -0.9996674656867981, 1.4893722534179688], [0.5686953663825989, 0.8221821188926697, 0.024538859724998474, -1.25], [0.0, 0.0, 0.0, 1.0]], [[0.010228688828647137, -0.9997386336326599, -0.020445480942726135, 0.007568359375], [0.009382341057062149, 0.020541606470942497, -0.9997450113296509, 1.4812889099121094], [0.9999036192893982, 0.010034223087131977, 0.00959000363945961, -1.61285400390625], [0.0, 0.0, 0.0, 1.0]], [[-0.8439786434173584, -0.5359652638435364, -0.02100573293864727, 1.0113525390625], [0.01737949252128601, 0.011816384270787239, -0.9997791051864624, 1.4947013854980469], [0.5360950827598572, -0.844157338142395, -0.0006579726468771696, -1.2265625], [0.0, 0.0, 0.0, 1.0]], [[0.947882354259491, 0.3186190724372864, 0.0009628911502659321, -1.1400146484375], [-0.008051775395870209, 0.026974672451615334, -0.9996036887168884, 1.5620079040527344], [-0.31851881742477417, 0.9474989175796509, 0.028134264051914215, -0.157470703125], [0.0, 0.0, 0.0, 1.0]], [[0.00922312680631876, 0.9997700452804565, 0.01936190202832222, -0.0289306640625], [-0.005911549087613821, 0.01941690221428871, -0.9997940063476562, 1.5678329467773438], [-0.9999399781227112, 0.009106798097491264, 0.00608927384018898, 0.00738525390625], [0.0, 0.0, 0.0, 1.0]], [[-0.923725426197052, 0.3830552101135254, 0.0003268661384936422, 1.0971221923828125], [-0.0017110652988776565, -0.0032728721853345633, -0.9999932050704956, 1.547696590423584], [-0.38305148482322693, -0.923719584941864, 0.003678668523207307, -0.0694580078125], [0.0, 0.0, 0.0, 1.0]]], "view": [[0.0, -2.0, 100.0], [-2.0, 0.0, 100.0], [0.0, 0.0, 1.0]], "bev": "bev_939ffb964de54881aa15dd6f01f16755.png", "aux": "aux_939ffb964de54881aa15dd6f01f16755.npz", "visibility": "visibility_939ffb964de54881aa15dd6f01f16755.png", "pose": [[-0.8816325664520264, -0.47193643450737, 0.0, 1524.818115234375], [0.47193643450737, -0.8816325664520264, 0.0, 1358.0059814453125], [0.0, 0.0, 1.0, 0.0], [0.0, 0.0, 0.0, 1.0]], "pose_inverse": [[-0.8816325664520264, 0.47193643450737, 0.0, 703.4368286132812], [-0.47193643450737, -0.8816325664520264, 0.0, 1916.8795166015625], [0.0, 0.0, 1.0, 0.0], [0.0, 0.0, 0.0, 1.0]], "cam_ids": [0, 1, 2, 3, 4, 5], "cam_channels": ["CAM_FRONT_LEFT", "CAM_FRONT", "CAM_FRONT_RIGHT", "CAM_BACK_LEFT", "CAM_BACK", "CAM_BACK_RIGHT"], "token": "939ffb964de54881aa15dd6f01f16755", "scene": "scene-0638"}, {"images": ["samples/CAM_FRONT_LEFT/n008-2018-09-18-14-35-12-0400__CAM_FRONT_LEFT__1537296196904799.jpg", "samples/CAM_FRONT/n008-2018-09-18-14-35-12-0400__CAM_FRONT__1537296196912404.jpg", "samples/CAM_FRONT_RIGHT/n008-2018-09-18-14-35-12-0400__CAM_FRONT_RIGHT__1537296196920482.jpg", "samples/CAM_BACK_LEFT/n008-2018-09-18-14-35-12-0400__CAM_BACK_LEFT__1537296196947405.jpg", "samples/CAM_BACK/n008-2018-09-18-14-35-12-0400__CAM_BACK__1537296196937558.jpg", "samples/CAM_BACK_RIGHT/n008-2018-09-18-14-35-12-0400__CAM_BACK_RIGHT__1537296196928113.jpg"], "intrinsics": [[[1257.8625342125129, 0.0, 827.2410631095686], [0.0, 1257.8625342125129, 450.915498205774], [0.0, 0.0, 1.0]], [[1252.8131021185304, 0.0, 826.588114781398], [0.0, 1252.8131021185304, 469.9846626224581], [0.0, 0.0, 1.0]], [[1256.7485116440405, 0.0, 817.7887570959712], [0.0, 1256.7485116440403, 451.9541780095127], [0.0, 0.0, 1.0]], [[1254.9860565800168, 0.0, 829.5769333630991], [0.0, 1254.9860565800168, 467.1680561863987], [0.0, 0.0, 1.0]], [[796.8910634503094, 0.0, 857.7774326863696], [0.0, 796.8910634503094, 476.8848988407415], [0.0, 0.0, 1.0]], [[1249.9629280788233, 0.0, 825.3768045375984], [0.0, 1249.9629280788233, 462.54816385708756], [0.0, 0.0, 1.0]]], "extrinsics": [[[0.8226656317710876, -0.5684905648231506, -0.0063046845607459545, -0.87774658203125], [0.009628918021917343, 0.025020290166139603, -0.9996405839920044, 1.4897346496582031], [0.5684438943862915, 0.8223092555999756, 0.026057280600070953, -1.2474365234375], [0.0, 0.0, 0.0, 1.0]], [[0.010435430333018303, -0.9997289776802063, -0.0208087507635355, 0.0079345703125], [0.01168777048587799, 0.02093040943145752, -0.9997125864028931, 1.4816246032714844], [0.9998772144317627, 0.010189230553805828, 0.011903021484613419, -1.60736083984375], [0.0, 0.0, 0.0, 1.0]], [[-0.8438721895217896, -0.5360376834869385, -0.023304376751184464, 1.0074462890625], [0.01981756091117859, 0.012265099212527275, -0.9997283220291138, 1.4950218200683594], [0.536177933216095, -0.8441048860549927, 0.00027278304332867265, -1.2236328125], [0.0, 0.0, 0.0, 1.0]], [[0.947891116142273, 0.31857213377952576, 0.0037684051785618067, -1.139404296875], [-0.0052726236172020435, 0.02751275897026062, -0.9996075630187988, 1.5620155334472656], [-0.31855085492134094, 0.9474992156028748, 0.02775881253182888, -0.1575927734375], [0.0, 0.0, 0.0, 1.0]], [[0.0091647794470191, 0.9997590780258179, 0.01994500868022442, -0.02880859375], [-0.0032273326069116592, 0.019975315779447556, -0.9997951984405518, 1.5679244995117188], [-0.9999527335166931, 0.009098541922867298, 0.0034096238669008017, 0.00506591796875], [0.0, 0.0, 0.0, 1.0]], [[-0.9237434267997742, 0.3830074965953827, -0.0018244750099256635, 1.0935897827148438], [0.0008297340827994049, -0.002762364922091365, -0.9999958872795105, 1.5478739738464355], [-0.3830108940601349, -0.9237411022186279, 0.0022339222487062216, -0.07080078125], [0.0, 0.0, 0.0, 1.0]]], "view": [[0.0, -2.0, 100.0], [-2.0, 0.0, 100.0], [0.0, 0.0, 1.0]], "bev": "bev_f6b1a19f78ac42768f804252eafab856.png", "aux": "aux_f6b1a19f78ac42768f804252eafab856.npz", "visibility": "visibility_f6b1a19f78ac42768f804252eafab856.png", "pose": [[-0.8820626735687256, -0.4711320400238037, 0.0, 1523.26318359375], [0.4711320400238037, -0.8820626735687256, 0.0, 1358.8541259765625], [0.0, 0.0, 1.0, 0.0], [0.0, 0.0, 0.0, 1.0]], "pose_inverse": [[-0.8820626735687256, 0.4711320400238037, 0.0, 703.4139404296875], [-0.4711320400238037, -0.8820626735687256, 0.0, 1916.2525634765625], [0.0, 0.0, 1.0, 0.0], [0.0, 0.0, 0.0, 1.0]], "cam_ids": [0, 1, 2, 3, 4, 5], "cam_channels": ["CAM_FRONT_LEFT", "CAM_FRONT", "CAM_FRONT_RIGHT", "CAM_BACK_LEFT", "CAM_BACK", "CAM_BACK_RIGHT"], "token": "f6b1a19f78ac42768f804252eafab856", "scene": "scene-0638"}, {"images": ["samples/CAM_FRONT_LEFT/n008-2018-09-18-14-35-12-0400__CAM_FRONT_LEFT__1537296197354799.jpg", "samples/CAM_FRONT/n008-2018-09-18-14-35-12-0400__CAM_FRONT__1537296197362404.jpg", "samples/CAM_FRONT_RIGHT/n008-2018-09-18-14-35-12-0400__CAM_FRONT_RIGHT__1537296197370482.jpg", "samples/CAM_BACK_LEFT/n008-2018-09-18-14-35-12-0400__CAM_BACK_LEFT__1537296197397405.jpg", "samples/CAM_BACK/n008-2018-09-18-14-35-12-0400__CAM_BACK__1537296197387558.jpg", "samples/CAM_BACK_RIGHT/n008-2018-09-18-14-35-12-0400__CAM_BACK_RIGHT__1537296197378113.jpg"], "intrinsics": [[[1257.8625342125129, 0.0, 827.2410631095686], [0.0, 1257.8625342125129, 450.915498205774], [0.0, 0.0, 1.0]], [[1252.8131021185304, 0.0, 826.588114781398], [0.0, 1252.8131021185304, 469.9846626224581], [0.0, 0.0, 1.0]], [[1256.7485116440405, 0.0, 817.7887570959712], [0.0, 1256.7485116440403, 451.9541780095127], [0.0, 0.0, 1.0]], [[1254.9860565800168, 0.0, 829.5769333630991], [0.0, 1254.9860565800168, 467.1680561863987], [0.0, 0.0, 1.0]], [[796.8910634503094, 0.0, 857.7774326863696], [0.0, 796.8910634503094, 476.8848988407415], [0.0, 0.0, 1.0]], [[1249.9629280788233, 0.0, 825.3768045375984], [0.0, 1249.9629280788233, 462.54816385708756], [0.0, 0.0, 1.0]]], "extrinsics": [[[0.8225241899490356, -0.5686988234519958, -0.005988107528537512, -0.882659912109375], [0.009539649821817875, 0.024323347955942154, -0.9996586441993713, 1.4896469116210938], [0.5686503648757935, 0.8221862316131592, 0.02543172612786293, -1.25146484375], [0.0, 0.0, 0.0, 1.0]], [[0.010227319784462452, -0.9997449517250061, -0.020137714222073555, 0.0081787109375], [0.011579221114516258, 0.02025582455098629, -0.9997277855873108, 1.4815406799316406], [0.9998806715011597, 0.009991366416215897, 0.01178343128412962, -1.61328125], [0.0, 0.0, 0.0, 1.0]], [[-0.8439686298370361, -0.5359063148498535, -0.022836735472083092, 1.0118408203125], [0.01966705359518528, 0.01162964478135109, -0.9997389316558838, 1.4949111938476562], [0.5360320210456848, -0.8441974520683289, 0.0007246433524414897, -1.2261962890625], [0.0, 0.0, 0.0, 1.0]], [[0.9478850960731506, 0.31859269738197327, 0.0035307754296809435, -1.1392822265625], [-0.005392317194491625, 0.0271215308457613, -0.9996176362037659, 1.56201171875], [-0.3185667097568512, 0.9475036263465881, 0.02742604725062847, -0.15771484375], [0.0, 0.0, 0.0, 1.0]], [[0.00921347364783287, 0.9997685551643372, 0.019441325217485428, -0.02880859375], [-0.0034031292889267206, 0.01947338879108429, -0.9998045563697815, 1.5679244995117188], [-0.9999518394470215, 0.009145412594079971, 0.0035817583557218313, 0.00701904296875], [0.0, 0.0, 0.0, 1.0]], [[-0.9237011075019836, 0.38310936093330383, -0.0018971813842654228, 1.0969772338867188], [0.0006634332239627838, -0.0033524539321660995, -0.999994158744812, 1.5478606224060059], [-0.3831135034561157, -0.9236969351768494, 0.00284249777905643, -0.0692138671875], [0.0, 0.0, 0.0, 1.0]]], "view": [[0.0, -2.0, 100.0], [-2.0, 0.0, 100.0], [0.0, 0.0, 1.0]], "bev": "bev_b4411c421eb3424cb7220ff7ab3d1cab.png", "aux": "aux_b4411c421eb3424cb7220ff7ab3d1cab.npz", "visibility": "visibility_b4411c421eb3424cb7220ff7ab3d1cab.png", "pose": [[-0.8822954297065735, -0.4706960916519165, 0.0, 1521.94189453125], [0.4706960916519165, -0.8822954297065735, 0.0, 1359.57373046875], [0.0, 0.0, 1.0, 0.0], [0.0, 0.0, 0.0, 1.0]], "pose_inverse": [[-0.8822954297065735, 0.4706960916519165, 0.0, 702.8563232421875], [-0.4706960916519165, -0.8822954297065735, 0.0, 1915.917724609375], [0.0, 0.0, 1.0, 0.0], [0.0, 0.0, 0.0, 1.0]], "cam_ids": [0, 1, 2, 3, 4, 5], "cam_channels": ["CAM_FRONT_LEFT", "CAM_FRONT", "CAM_FRONT_RIGHT", "CAM_BACK_LEFT", "CAM_BACK", "CAM_BACK_RIGHT"], "token": "b4411c421eb3424cb7220ff7ab3d1cab", "scene": "scene-0638"}, {"images": ["samples/CAM_FRONT_LEFT/n008-2018-09-18-14-35-12-0400__CAM_FRONT_LEFT__1537296197754799.jpg", "samples/CAM_FRONT/n008-2018-09-18-14-35-12-0400__CAM_FRONT__1537296197762404.jpg", "samples/CAM_FRONT_RIGHT/n008-2018-09-18-14-35-12-0400__CAM_FRONT_RIGHT__1537296197770482.jpg", "samples/CAM_BACK_LEFT/n008-2018-09-18-14-35-12-0400__CAM_BACK_LEFT__1537296197797405.jpg", "samples/CAM_BACK/n008-2018-09-18-14-35-12-0400__CAM_BACK__1537296197787558.jpg", "samples/CAM_BACK_RIGHT/n008-2018-09-18-14-35-12-0400__CAM_BACK_RIGHT__1537296197778113.jpg"], "intrinsics": [[[1257.8625342125129, 0.0, 827.2410631095686], [0.0, 1257.8625342125129, 450.915498205774], [0.0, 0.0, 1.0]], [[1252.8131021185304, 0.0, 826.588114781398], [0.0, 1252.8131021185304, 469.9846626224581], [0.0, 0.0, 1.0]], [[1256.7485116440405, 0.0, 817.7887570959712], [0.0, 1256.7485116440403, 451.9541780095127], [0.0, 0.0, 1.0]], [[1254.9860565800168, 0.0, 829.5769333630991], [0.0, 1254.9860565800168, 467.1680561863987], [0.0, 0.0, 1.0]], [[796.8910634503094, 0.0, 857.7774326863696], [0.0, 796.8910634503094, 476.8848988407415], [0.0, 0.0, 1.0]], [[1249.9629280788233, 0.0, 825.3768045375984], [0.0, 1249.9629280788233, 462.54816385708756], [0.0, 0.0, 1.0]]], "extrinsics": [[[0.8218963146209717, -0.5695374608039856, -0.010658226907253265, -0.878570556640625], [0.0069402712397277355, 0.028721127659082413, -0.9995633959770203, 1.4893150329589844], [0.5695948600769043, 0.821463406085968, 0.02755853161215782, -1.2474365234375], [0.0, 0.0, 0.0, 1.0]], [[0.009356190450489521, -0.9996545910835266, -0.024557555094361305, 0.0076904296875], [0.008836894296109676, 0.02464033104479313, -0.999657392501831, 1.4812507629394531], [0.9999171495437622, 0.00913598109036684, 0.009064382873475552, -1.608154296875], [0.0, 0.0, 0.0, 1.0]], [[-0.8443306684494019, -0.5353389978408813, -0.022758834064006805, 1.0078125], [0.016818968579173088, 0.01597481220960617, -0.9997308850288391, 1.4947128295898438], [0.5355584621429443, -0.8444862961769104, -0.004484174773097038, -1.2239990234375], [0.0, 0.0, 0.0, 1.0]], [[0.9479053020477295, 0.31854698061943054, 0.0018560067983344197, -1.13818359375], [-0.008537051267921925, 0.031227264553308487, -0.9994758367538452, 1.5619888305664062], [-0.31843796372413635, 0.9473925828933716, 0.032319940626621246, -0.1580810546875], [0.0, 0.0, 0.0, 1.0]], [[0.009499901905655861, 0.9996755719184875, 0.02363363653421402, -0.029052734375], [-0.00643949443474412, 0.02369537204504013, -0.9996984601020813, 1.5677947998046875], [-0.999934196472168, 0.009344891645014286, 0.006662510335445404, 0.0042724609375], [0.0, 0.0, 0.0, 1.0]], [[-0.9235447645187378, 0.38348284363746643, 0.0024487299378961325, 1.0932159423828125], [-0.002256808103993535, 0.0009503921028226614, -0.9999969601631165, 1.5476469993591309], [-0.3834838271141052, -0.9235475659370422, -1.2282498573767953e-05, -0.07080078125], [0.0, 0.0, 0.0, 1.0]]], "view": [[0.0, -2.0, 100.0], [-2.0, 0.0, 100.0], [0.0, 0.0, 1.0]], "bev": "bev_1646a03caf1e497bb7687d0caafa7a85.png", "aux": "aux_1646a03caf1e497bb7687d0caafa7a85.npz", "visibility": "visibility_1646a03caf1e497bb7687d0caafa7a85.png", "pose": [[-0.8841829895973206, -0.46714070439338684, 0.0, 1520.7677001953125], [0.46714070439338684, -0.8841829895973206, 0.0, 1360.208740234375], [0.0, 0.0, 1.0, 0.0], [0.0, 0.0, 0.0, 1.0]], "pose_inverse": [[-0.8841829895973206, 0.46714070439338684, 0.0, 709.22802734375], [-0.46714070439338684, -0.8841829895973206, 0.0, 1913.0859375], [0.0, 0.0, 1.0, 0.0], [0.0, 0.0, 0.0, 1.0]], "cam_ids": [0, 1, 2, 3, 4, 5], "cam_channels": ["CAM_FRONT_LEFT", "CAM_FRONT", "CAM_FRONT_RIGHT", "CAM_BACK_LEFT", "CAM_BACK", "CAM_BACK_RIGHT"], "token": "1646a03caf1e497bb7687d0caafa7a85", "scene": "scene-0638"}, {"images": ["samples/CAM_FRONT_LEFT/n008-2018-09-18-14-35-12-0400__CAM_FRONT_LEFT__1537296198254799.jpg", "samples/CAM_FRONT/n008-2018-09-18-14-35-12-0400__CAM_FRONT__1537296198262404.jpg", "samples/CAM_FRONT_RIGHT/n008-2018-09-18-14-35-12-0400__CAM_FRONT_RIGHT__1537296198270482.jpg", "samples/CAM_BACK_LEFT/n008-2018-09-18-14-35-12-0400__CAM_BACK_LEFT__1537296198297405.jpg", "samples/CAM_BACK/n008-2018-09-18-14-35-12-0400__CAM_BACK__1537296198287558.jpg", "samples/CAM_BACK_RIGHT/n008-2018-09-18-14-35-12-0400__CAM_BACK_RIGHT__1537296198278113.jpg"], "intrinsics": [[[1257.8625342125129, 0.0, 827.2410631095686], [0.0, 1257.8625342125129, 450.915498205774], [0.0, 0.0, 1.0]], [[1252.8131021185304, 0.0, 826.588114781398], [0.0, 1252.8131021185304, 469.9846626224581], [0.0, 0.0, 1.0]], [[1256.7485116440405, 0.0, 817.7887570959712], [0.0, 1256.7485116440403, 451.9541780095127], [0.0, 0.0, 1.0]], [[1254.9860565800168, 0.0, 829.5769333630991], [0.0, 1254.9860565800168, 467.1680561863987], [0.0, 0.0, 1.0]], [[796.8910634503094, 0.0, 857.7774326863696], [0.0, 796.8910634503094, 476.8848988407415], [0.0, 0.0, 1.0]], [[1249.9629280788233, 0.0, 825.3768045375984], [0.0, 1249.9629280788233, 462.54816385708756], [0.0, 0.0, 1.0]]], "extrinsics": [[[0.8218099474906921, -0.5696454048156738, -0.011513683944940567, -0.87884521484375], [0.005999377463012934, 0.028858358040452003, -0.9995655417442322, 1.4891319274902344], [0.5697301626205444, 0.8213837742805481, 0.027133602648973465, -1.2486572265625], [0.0, 0.0, 0.0, 1.0]], [[0.009153432212769985, -0.9996504783630371, -0.024798842146992683, 0.0084228515625], [0.007960784249007702, 0.0248719435185194, -0.9996589422225952, 1.4811286926269531], [0.9999262690544128, 0.008952867239713669, 0.008185666985809803, -1.6077880859375], [0.0, 0.0, 0.0, 1.0]], [[-0.8444657921791077, -0.5351481437683105, -0.022223927080631256, 1.0068359375], [0.015965355560183525, 0.016324328258633614, -0.9997392892837524, 1.4946479797363281], [0.5353714227676392, -0.8446004986763, -0.005241507198661566, -1.22265625], [0.0, 0.0, 0.0, 1.0]], [[0.947909414768219, 0.3185372054576874, 0.0013538295170292258, -1.1365966796875], [-0.009342565201222897, 0.03204956650733948, -0.9994426369667053, 1.5619659423828125], [-0.31840309500694275, 0.9473683834075928, 0.033356040716171265, -0.1585693359375], [0.0, 0.0, 0.0, 1.0]], [[0.009614079259335995, 0.999659538269043, 0.02425631321966648, -0.029052734375], [-0.007308572996407747, 0.024327034130692482, -0.9996773600578308, 1.5677413940429688], [-0.9999270439147949, 0.009433728642761707, 0.007539966609328985, 0.002685546875], [0.0, 0.0, 0.0, 1.0]], [[-0.923480212688446, 0.3836304843425751, 0.003438458777964115, 1.0920600891113281], [-0.0031305772718042135, 0.0014269262319430709, -0.9999940991401672, 1.5475776195526123], [-0.3836330473423004, -0.9234856367111206, -0.00011675224232021719, -0.0709228515625], [0.0, 0.0, 0.0, 1.0]]], "view": [[0.0, -2.0, 100.0], [-2.0, 0.0, 100.0], [0.0, 0.0, 1.0]], "bev": "bev_e9a4cb5ca2e543f5a62871be68329183.png", "aux": "aux_e9a4cb5ca2e543f5a62871be68329183.npz", "visibility": "visibility_e9a4cb5ca2e543f5a62871be68329183.png", "pose": [[-0.8889277577400208, -0.45804738998413086, 0.0, 1519.2574462890625], [0.45804738998413086, -0.8889277577400208, 0.0, 1361.024658203125], [0.0, 0.0, 1.0, 0.0], [0.0, 0.0, 0.0, 1.0]], "pose_inverse": [[-0.8889277577400208, 0.45804738998413086, 0.0, 727.0963745117188], [-0.45804738998413086, -0.8889277577400208, 0.0, 1905.7445068359375], [0.0, 0.0, 1.0, 0.0], [0.0, 0.0, 0.0, 1.0]], "cam_ids": [0, 1, 2, 3, 4, 5], "cam_channels": ["CAM_FRONT_LEFT", "CAM_FRONT", "CAM_FRONT_RIGHT", "CAM_BACK_LEFT", "CAM_BACK", "CAM_BACK_RIGHT"], "token": "e9a4cb5ca2e543f5a62871be68329183", "scene": "scene-0638"}, {"images": ["samples/CAM_FRONT_LEFT/n008-2018-09-18-14-35-12-0400__CAM_FRONT_LEFT__1537296198754799.jpg", "samples/CAM_FRONT/n008-2018-09-18-14-35-12-0400__CAM_FRONT__1537296198762404.jpg", "samples/CAM_FRONT_RIGHT/n008-2018-09-18-14-35-12-0400__CAM_FRONT_RIGHT__1537296198770482.jpg", "samples/CAM_BACK_LEFT/n008-2018-09-18-14-35-12-0400__CAM_BACK_LEFT__1537296198797405.jpg", "samples/CAM_BACK/n008-2018-09-18-14-35-12-0400__CAM_BACK__1537296198787558.jpg", "samples/CAM_BACK_RIGHT/n008-2018-09-18-14-35-12-0400__CAM_BACK_RIGHT__1537296198778113.jpg"], "intrinsics": [[[1257.8625342125129, 0.0, 827.2410631095686], [0.0, 1257.8625342125129, 450.915498205774], [0.0, 0.0, 1.0]], [[1252.8131021185304, 0.0, 826.588114781398], [0.0, 1252.8131021185304, 469.9846626224581], [0.0, 0.0, 1.0]], [[1256.7485116440405, 0.0, 817.7887570959712], [0.0, 1256.7485116440403, 451.9541780095127], [0.0, 0.0, 1.0]], [[1254.9860565800168, 0.0, 829.5769333630991], [0.0, 1254.9860565800168, 467.1680561863987], [0.0, 0.0, 1.0]], [[796.8910634503094, 0.0, 857.7774326863696], [0.0, 796.8910634503094, 476.8848988407415], [0.0, 0.0, 1.0]], [[1249.9629280788233, 0.0, 825.3768045375984], [0.0, 1249.9629280788233, 462.54816385708756], [0.0, 0.0, 1.0]]], "extrinsics": [[[0.8208682537078857, -0.5710030198097229, -0.011443749070167542, -0.8819580078125], [0.006657337304204702, 0.0296027809381485, -0.9995395541191101, 1.489227294921875], [0.5710788369178772, 0.820414125919342, 0.02810133807361126, -1.25], [0.0, 0.0, 0.0, 1.0]], [[0.0078013138845562935, -0.9996452927589417, -0.025462085381150246, 0.007568359375], [0.00862927082926035, 0.02552921324968338, -0.9996368288993835, 1.481201171875], [0.9999322891235352, 0.007578786928206682, 0.008825371041893959, -1.61029052734375], [0.0, 0.0, 0.0, 1.0]], [[-0.8450169563293457, -0.5342399477958679, -0.023110337555408478, 1.0079345703125], [0.016675950959324837, 0.016869520768523216, -0.9997186064720154, 1.4946975708007812], [0.5344794988632202, -0.8451644778251648, -0.005346071906387806, -1.2239990234375], [0.0, 0.0, 0.0, 1.0]], [[0.9479260444641113, 0.3184836208820343, 0.002155194291844964, -1.1373291015625], [-0.00854834821075201, 0.03220635652542114, -0.9994446635246277, 1.5619735717773438], [-0.31837624311447144, 0.9473811388015747, 0.033251747488975525, -0.15869140625], [0.0, 0.0, 0.0, 1.0]], [[0.01003197580575943, 0.9996477365493774, 0.02457340620458126, -0.029052734375], [-0.006444117520004511, 0.024638764560222626, -0.9996756315231323, 1.5677833557128906], [-0.9999289512634277, 0.009870369918644428, 0.006689022295176983, 0.0037841796875], [0.0, 0.0, 0.0, 1.0]], [[-0.9231823086738586, 0.3843514323234558, 0.0028922297060489655, 1.093393325805664], [-0.002349996007978916, 0.0018804166465997696, -0.9999954104423523, 1.5476399660110474], [-0.3843551576137543, -0.9231849312782288, -0.0008327423711307347, -0.07080078125], [0.0, 0.0, 0.0, 1.0]]], "view": [[0.0, -2.0, 100.0], [-2.0, 0.0, 100.0], [0.0, 0.0, 1.0]], "bev": "bev_1d1ac28497a742a19385d3bc3c59465d.png", "aux": "aux_1d1ac28497a742a19385d3bc3c59465d.npz", "visibility": "visibility_1d1ac28497a742a19385d3bc3c59465d.png", "pose": [[-0.8997037410736084, -0.43650108575820923, 0.0, 1517.78759765625], [0.43650108575820923, -0.8997037410736084, 0.0, 1361.7845458984375], [0.0, 0.0, 1.0, 0.0], [0.0, 0.0, 0.0, 1.0]], "pose_inverse": [[-0.8997037410736084, 0.43650108575820923, 0.0, 771.138671875], [-0.43650108575820923, -0.8997037410736084, 0.0, 1887.7186279296875], [0.0, 0.0, 1.0, 0.0], [0.0, 0.0, 0.0, 1.0]], "cam_ids": [0, 1, 2, 3, 4, 5], "cam_channels": ["CAM_FRONT_LEFT", "CAM_FRONT", "CAM_FRONT_RIGHT", "CAM_BACK_LEFT", "CAM_BACK", "CAM_BACK_RIGHT"], "token": "1d1ac28497a742a19385d3bc3c59465d", "scene": "scene-0638"}, {"images": ["samples/CAM_FRONT_LEFT/n008-2018-09-18-14-35-12-0400__CAM_FRONT_LEFT__1537296199254799.jpg", "samples/CAM_FRONT/n008-2018-09-18-14-35-12-0400__CAM_FRONT__1537296199262404.jpg", "samples/CAM_FRONT_RIGHT/n008-2018-09-18-14-35-12-0400__CAM_FRONT_RIGHT__1537296199270482.jpg", "samples/CAM_BACK_LEFT/n008-2018-09-18-14-35-12-0400__CAM_BACK_LEFT__1537296199297405.jpg", "samples/CAM_BACK/n008-2018-09-18-14-35-12-0400__CAM_BACK__1537296199287558.jpg", "samples/CAM_BACK_RIGHT/n008-2018-09-18-14-35-12-0400__CAM_BACK_RIGHT__1537296199278113.jpg"], "intrinsics": [[[1257.8625342125129, 0.0, 827.2410631095686], [0.0, 1257.8625342125129, 450.915498205774], [0.0, 0.0, 1.0]], [[1252.8131021185304, 0.0, 826.588114781398], [0.0, 1252.8131021185304, 469.9846626224581], [0.0, 0.0, 1.0]], [[1256.7485116440405, 0.0, 817.7887570959712], [0.0, 1256.7485116440403, 451.9541780095127], [0.0, 0.0, 1.0]], [[1254.9860565800168, 0.0, 829.5769333630991], [0.0, 1254.9860565800168, 467.1680561863987], [0.0, 0.0, 1.0]], [[796.8910634503094, 0.0, 857.7774326863696], [0.0, 796.8910634503094, 476.8848988407415], [0.0, 0.0, 1.0]], [[1249.9629280788233, 0.0, 825.3768045375984], [0.0, 1249.9629280788233, 462.54816385708756], [0.0, 0.0, 1.0]]], "extrinsics": [[[0.8201125860214233, -0.572166919708252, -0.006352341268211603, -0.881866455078125], [0.010997827164828777, 0.02686125412583351, -0.9995786547660828, 1.4898834228515625], [0.5720965266227722, 0.8196972608566284, 0.028321843594312668, -1.25], [0.0, 0.0, 0.0, 1.0]], [[0.006795406807214022, -0.9997208714485168, -0.022626446560025215, 0.0076904296875], [0.013124163262546062, 0.02271418645977974, -0.9996558427810669, 1.4817581176757812], [0.9998908042907715, 0.006496123969554901, 0.013274853117763996, -1.6107177734375], [0.0, 0.0, 0.0, 1.0]], [[-0.8453488945960999, -0.5336061716079712, -0.025489185005426407, 1.0086669921875], [0.021308455616235733, 0.013995007611811161, -0.9996749758720398, 1.4951324462890625], [0.5337895154953003, -0.8456172943115234, -0.00046033962280489504, -1.2244873046875], [0.0, 0.0, 0.0, 1.0]], [[0.9479600787162781, 0.3183302581310272, 0.006118746940046549, -1.135986328125], [-0.0033880805131047964, 0.029302425682544708, -0.9995648264884949, 1.5620079040527344], [-0.318371057510376, 0.9475268125534058, 0.028856057673692703, -0.1588134765625], [0.0, 0.0, 0.0, 1.0]], [[0.010303331539034843, 0.9997116327285767, 0.02169320173561573, -0.0289306640625], [-0.0015164675423875451, 0.021709950640797615, -0.9997631311416626, 1.5679855346679688], [-0.9999458193778992, 0.010267984122037888, 0.0017397149931639433, 0.00323486328125], [0.0, 0.0, 0.0, 1.0]], [[-0.9229397177696228, 0.3849356770515442, -0.0026003581006079912, 1.0934371948242188], [0.002393835922703147, -0.0010157109936699271, -0.9999966025352478, 1.5479873418807983], [-0.38493698835372925, -0.9229428172111511, 1.596792571945116e-05, -0.0706787109375], [0.0, 0.0, 0.0, 1.0]]], "view": [[0.0, -2.0, 100.0], [-2.0, 0.0, 100.0], [0.0, 0.0, 1.0]], "bev": "bev_8e587f5c219747c69c000f1b430c4820.png", "aux": "aux_8e587f5c219747c69c000f1b430c4820.npz", "visibility": "visibility_8e587f5c219747c69c000f1b430c4820.png", "pose": [[-0.9180736541748047, -0.39640986919403076, 0.0, 1516.295654296875], [0.39640986919403076, -0.9180736541748047, 0.0, 1362.49169921875], [0.0, 0.0, 1.0, 0.0], [0.0, 0.0, 0.0, 1.0]], "pose_inverse": [[-0.9180736541748047, 0.39640986919403076, 0.0, 851.9659423828125], [-0.39640986919403076, -0.9180736541748047, 0.0, 1851.9422607421875], [0.0, 0.0, 1.0, 0.0], [0.0, 0.0, 0.0, 1.0]], "cam_ids": [0, 1, 2, 3, 4, 5], "cam_channels": ["CAM_FRONT_LEFT", "CAM_FRONT", "CAM_FRONT_RIGHT", "CAM_BACK_LEFT", "CAM_BACK", "CAM_BACK_RIGHT"], "token": "8e587f5c219747c69c000f1b430c4820", "scene": "scene-0638"}, {"images": ["samples/CAM_FRONT_LEFT/n008-2018-09-18-14-35-12-0400__CAM_FRONT_LEFT__1537296199754799.jpg", "samples/CAM_FRONT/n008-2018-09-18-14-35-12-0400__CAM_FRONT__1537296199762404.jpg", "samples/CAM_FRONT_RIGHT/n008-2018-09-18-14-35-12-0400__CAM_FRONT_RIGHT__1537296199770482.jpg", "samples/CAM_BACK_LEFT/n008-2018-09-18-14-35-12-0400__CAM_BACK_LEFT__1537296199797405.jpg", "samples/CAM_BACK/n008-2018-09-18-14-35-12-0400__CAM_BACK__1537296199787558.jpg", "samples/CAM_BACK_RIGHT/n008-2018-09-18-14-35-12-0400__CAM_BACK_RIGHT__1537296199778113.jpg"], "intrinsics": [[[1257.8625342125129, 0.0, 827.2410631095686], [0.0, 1257.8625342125129, 450.915498205774], [0.0, 0.0, 1.0]], [[1252.8131021185304, 0.0, 826.588114781398], [0.0, 1252.8131021185304, 469.9846626224581], [0.0, 0.0, 1.0]], [[1256.7485116440405, 0.0, 817.7887570959712], [0.0, 1256.7485116440403, 451.9541780095127], [0.0, 0.0, 1.0]], [[1254.9860565800168, 0.0, 829.5769333630991], [0.0, 1254.9860565800168, 467.1680561863987], [0.0, 0.0, 1.0]], [[796.8910634503094, 0.0, 857.7774326863696], [0.0, 796.8910634503094, 476.8848988407415], [0.0, 0.0, 1.0]], [[1249.9629280788233, 0.0, 825.3768045375984], [0.0, 1249.9629280788233, 462.54816385708756], [0.0, 0.0, 1.0]]], "extrinsics": [[[0.8196924924850464, -0.5727749466896057, -0.005760283675044775, -0.905670166015625], [0.014167232438921928, 0.0303257517516613, -0.9994396567344666, 1.4899673461914062], [0.5726287364959717, 0.8191515803337097, 0.03297242522239685, -1.265625], [0.0, 0.0, 0.0, 1.0]], [[0.006203942000865936, -0.999639093875885, -0.026137515902519226, 0.007080078125], [0.0161605104804039, 0.026234831660985947, -0.9995251893997192, 1.4817390441894531], [0.9998502135276794, 0.005778570659458637, 0.01631743647158146, -1.63519287109375], [0.0, 0.0, 0.0, 1.0]], [[-0.8455630540847778, -0.5330391526222229, -0.02987387217581272, 1.0257568359375], [0.02423752285540104, 0.017571188509464264, -0.9995517730712891, 1.4949302673339844], [0.5333251953125, -0.8459081649780273, -0.0019380003213882446, -1.235595703125], [0.0, 0.0, 0.0, 1.0]], [[0.9479444026947021, 0.31829121708869934, 0.009594074450433254, -1.1378173828125], [-0.00097986264154315, 0.03304421901702881, -0.9994534254074097, 1.5620269775390625], [-0.31843429803848267, 0.9474169015884399, 0.031635966151952744, -0.158447265625], [0.0, 0.0, 0.0, 1.0]], [[0.010485840030014515, 0.9996213316917419, 0.025438977405428886, -0.0286865234375], [0.0010707677574828267, 0.02542913518846035, -0.9996760487556458, 1.5680923461914062], [-0.9999444484710693, 0.010509583167731762, -0.0008037174702621996, 0.01220703125], [0.0, 0.0, 0.0, 1.0]], [[-0.9227709770202637, 0.38533008098602295, -0.0037932044360786676, 1.10760498046875], [0.005209175404161215, 0.0026308242231607437, -0.999983012676239, 1.5481071472167969], [-0.385313481092453, -0.9227750897407532, -0.00443490082398057, -0.065185546875], [0.0, 0.0, 0.0, 1.0]]], "view": [[0.0, -2.0, 100.0], [-2.0, 0.0, 100.0], [0.0, 0.0, 1.0]], "bev": "bev_6f91a4053fe841faab7a91a526ab9e66.png", "aux": "aux_6f91a4053fe841faab7a91a526ab9e66.npz", "visibility": "visibility_6f91a4053fe841faab7a91a526ab9e66.png", "pose": [[-0.9350957274436951, -0.3543952703475952, 0.0, 1514.89453125], [0.3543952703475952, -0.9350957274436951, 0.0, 1363.07421875], [0.0, 0.0, 1.0, 0.0], [0.0, 0.0, 0.0, 1.0]], "pose_inverse": [[-0.9350957274436951, 0.3543952703475952, 0.0, 933.5043334960938], [-0.3543952703475952, -0.9350957274436951, 0.0, 1811.476318359375], [0.0, 0.0, 1.0, 0.0], [0.0, 0.0, 0.0, 1.0]], "cam_ids": [0, 1, 2, 3, 4, 5], "cam_channels": ["CAM_FRONT_LEFT", "CAM_FRONT", "CAM_FRONT_RIGHT", "CAM_BACK_LEFT", "CAM_BACK", "CAM_BACK_RIGHT"], "token": "6f91a4053fe841faab7a91a526ab9e66", "scene": "scene-0638"}, {"images": ["samples/CAM_FRONT_LEFT/n008-2018-09-18-14-35-12-0400__CAM_FRONT_LEFT__1537296200254799.jpg", "samples/CAM_FRONT/n008-2018-09-18-14-35-12-0400__CAM_FRONT__1537296200262404.jpg", "samples/CAM_FRONT_RIGHT/n008-2018-09-18-14-35-12-0400__CAM_FRONT_RIGHT__1537296200270482.jpg", "samples/CAM_BACK_LEFT/n008-2018-09-18-14-35-12-0400__CAM_BACK_LEFT__1537296200297405.jpg", "samples/CAM_BACK/n008-2018-09-18-14-35-12-0400__CAM_BACK__1537296200287558.jpg", "samples/CAM_BACK_RIGHT/n008-2018-09-18-14-35-12-0400__CAM_BACK_RIGHT__1537296200278113.jpg"], "intrinsics": [[[1257.8625342125129, 0.0, 827.2410631095686], [0.0, 1257.8625342125129, 450.915498205774], [0.0, 0.0, 1.0]], [[1252.8131021185304, 0.0, 826.588114781398], [0.0, 1252.8131021185304, 469.9846626224581], [0.0, 0.0, 1.0]], [[1256.7485116440405, 0.0, 817.7887570959712], [0.0, 1256.7485116440403, 451.9541780095127], [0.0, 0.0, 1.0]], [[1254.9860565800168, 0.0, 829.5769333630991], [0.0, 1254.9860565800168, 467.1680561863987], [0.0, 0.0, 1.0]], [[796.8910634503094, 0.0, 857.7774326863696], [0.0, 796.8910634503094, 476.8848988407415], [0.0, 0.0, 1.0]], [[1249.9629280788233, 0.0, 825.3768045375984], [0.0, 1249.9629280788233, 462.54816385708756], [0.0, 0.0, 1.0]]], "extrinsics": [[[0.8176096081733704, -0.5757209658622742, -0.007743540219962597, -0.9061126708984375], [0.013136900961399078, 0.032098427414894104, -0.9993983507156372, 1.4898834228515625], [0.5756232142448425, 0.8170160055160522, 0.033807169646024704, -1.263671875], [0.0, 0.0, 0.0, 1.0]], [[0.0031442870385944843, -0.9996005892753601, -0.028083909302949905, 0.0057373046875], [0.015067572705447674, 0.02812821790575981, -0.9994907975196838, 1.4816741943359375], [0.9998815059661865, 0.002719540148973465, 0.015149999409914017, -1.634765625], [0.0, 0.0, 0.0, 1.0]], [[-0.8468812704086304, -0.5309423804283142, -0.029870210215449333, 1.0244140625], [0.022984584793448448, 0.019571578130126, -0.9995442032814026, 1.4948692321777344], [0.5312849879264832, -0.8471819758415222, -0.004371312912553549, -1.23602294921875], [0.0, 0.0, 0.0, 1.0]], [[0.9480453729629517, 0.31801295280456543, 0.008825608529150486, -1.1373291015625], [-0.002590460004284978, 0.035457368940114975, -0.9993678331375122, 1.5620231628417969], [-0.318124920129776, 0.9474231600761414, 0.03443899378180504, -0.158447265625], [0.0, 0.0, 0.0, 1.0]], [[0.011570260860025883, 0.9995489716529846, 0.027712877839803696, -0.0283203125], [-0.0003797727113123983, 0.027719125151634216, -0.9996156692504883, 1.56805419921875], [-0.9999330043792725, 0.0115553243085742, 0.0007003185455687344, 0.0108642578125], [0.0, 0.0, 0.0, 1.0]], [[-0.9220808148384094, 0.38699400424957275, -0.0016208391170948744, 1.10736083984375], [0.0037670088931918144, 0.00478735426440835, -0.9999814629554749, 1.5480327606201172], [-0.3869790732860565, -0.922069787979126, -0.005872135516256094, -0.066162109375], [0.0, 0.0, 0.0, 1.0]]], "view": [[0.0, -2.0, 100.0], [-2.0, 0.0, 100.0], [0.0, 0.0, 1.0]], "bev": "bev_148a98a0b7ce45fcb92738418dd17a64.png", "aux": "aux_148a98a0b7ce45fcb92738418dd17a64.npz", "visibility": "visibility_148a98a0b7ce45fcb92738418dd17a64.png", "pose": [[-0.9604694843292236, -0.27838537096977234, 0.0, 1513.6317138671875], [0.27838537096977234, -0.9604694843292236, 0.0, 1363.50341796875], [0.0, 0.0, 1.0, 0.0], [0.0, 0.0, 0.0, 1.0]], "pose_inverse": [[-0.9604694843292236, 0.27838537096977234, 0.0, 1074.2176513671875], [-0.27838537096977234, -0.9604694843292236, 0.0, 1730.976318359375], [0.0, 0.0, 1.0, 0.0], [0.0, 0.0, 0.0, 1.0]], "cam_ids": [0, 1, 2, 3, 4, 5], "cam_channels": ["CAM_FRONT_LEFT", "CAM_FRONT", "CAM_FRONT_RIGHT", "CAM_BACK_LEFT", "CAM_BACK", "CAM_BACK_RIGHT"], "token": "148a98a0b7ce45fcb92738418dd17a64", "scene": "scene-0638"}, {"images": ["samples/CAM_FRONT_LEFT/n008-2018-09-18-14-35-12-0400__CAM_FRONT_LEFT__1537296200754799.jpg", "samples/CAM_FRONT/n008-2018-09-18-14-35-12-0400__CAM_FRONT__1537296200762404.jpg", "samples/CAM_FRONT_RIGHT/n008-2018-09-18-14-35-12-0400__CAM_FRONT_RIGHT__1537296200770482.jpg", "samples/CAM_BACK_LEFT/n008-2018-09-18-14-35-12-0400__CAM_BACK_LEFT__1537296200797405.jpg", "samples/CAM_BACK/n008-2018-09-18-14-35-12-0400__CAM_BACK__1537296200787558.jpg", "samples/CAM_BACK_RIGHT/n008-2018-09-18-14-35-12-0400__CAM_BACK_RIGHT__1537296200778113.jpg"], "intrinsics": [[[1257.8625342125129, 0.0, 827.2410631095686], [0.0, 1257.8625342125129, 450.915498205774], [0.0, 0.0, 1.0]], [[1252.8131021185304, 0.0, 826.588114781398], [0.0, 1252.8131021185304, 469.9846626224581], [0.0, 0.0, 1.0]], [[1256.7485116440405, 0.0, 817.7887570959712], [0.0, 1256.7485116440403, 451.9541780095127], [0.0, 0.0, 1.0]], [[1254.9860565800168, 0.0, 829.5769333630991], [0.0, 1254.9860565800168, 467.1680561863987], [0.0, 0.0, 1.0]], [[796.8910634503094, 0.0, 857.7774326863696], [0.0, 796.8910634503094, 476.8848988407415], [0.0, 0.0, 1.0]], [[1249.9629280788233, 0.0, 825.3768045375984], [0.0, 1249.9629280788233, 462.54816385708756], [0.0, 0.0, 1.0]]], "extrinsics": [[[0.8158619999885559, -0.5782082080841064, -0.00666546868160367, -0.8853988647460938], [0.015508645214140415, 0.033402953296899796, -0.9993216395378113, 1.490478515625], [0.5780386924743652, 0.8152051568031311, 0.03621942549943924, -1.2508544921875], [0.0, 0.0, 0.0, 1.0]], [[0.0006284218979999423, -0.9995723962783813, -0.029234381392598152, 0.0072021484375], [0.017512638121843338, 0.02924090437591076, -0.9994189739227295, 1.4822463989257812], [0.9998464584350586, 0.00011608682689256966, 0.017523525282740593, -1.6129150390625], [0.0, 0.0, 0.0, 1.0]], [[-0.8479015827178955, -0.5291538238525391, -0.03254521265625954, 1.0093994140625], [0.025585131719708443, 0.020474310964345932, -0.999462902545929, 1.4955215454101562], [0.5295359492301941, -0.8482789397239685, -0.00382173340767622, -1.22515869140625], [0.0, 0.0, 0.0, 1.0]], [[0.948082447052002, 0.31780150532722473, 0.011915521696209908, -1.136474609375], [0.000577581929974258, 0.03574656322598457, -0.9993607401847839, 1.5620498657226562], [-0.31802430748939514, 0.9474831819534302, 0.03370712697505951, -0.1585693359375], [0.0, 0.0, 0.0, 1.0]], [[0.012377304956316948, 0.9995234608650208, 0.02827920950949192, -0.02880859375], [0.0026207591872662306, 0.028248848393559456, -0.9995974898338318, 1.5681533813476562], [-0.9999200105667114, 0.0124