[{"images": ["samples/CAM_FRONT_LEFT/n008-2018-08-30-15-52-26-0400__CAM_FRONT_LEFT__1535659547004799.jpg", "samples/CAM_FRONT/n008-2018-08-30-15-52-26-0400__CAM_FRONT__1535659547012404.jpg", "samples/CAM_FRONT_RIGHT/n008-2018-08-30-15-52-26-0400__CAM_FRONT_RIGHT__1535659547020482.jpg", "samples/CAM_BACK_LEFT/n008-2018-08-30-15-52-26-0400__CAM_BACK_LEFT__1535659547047405.jpg", "samples/CAM_BACK/n008-2018-08-30-15-52-26-0400__CAM_BACK__1535659547037558.jpg", "samples/CAM_BACK_RIGHT/n008-2018-08-30-15-52-26-0400__CAM_BACK_RIGHT__1535659547028113.jpg"], "intrinsics": [[[1257.8625342125129, 0.0, 827.2410631095686], [0.0, 1257.8625342125129, 450.915498205774], [0.0, 0.0, 1.0]], [[1252.8131021185304, 0.0, 826.588114781398], [0.0, 1252.8131021185304, 469.9846626224581], [0.0, 0.0, 1.0]], [[1256.7485116440405, 0.0, 817.7887570959712], [0.0, 1256.7485116440403, 451.9541780095127], [0.0, 0.0, 1.0]], [[1254.9860565800168, 0.0, 829.5769333630991], [0.0, 1254.9860565800168, 467.1680561863987], [0.0, 0.0, 1.0]], [[796.8910634503094, 0.0, 857.7774326863696], [0.0, 796.8910634503094, 476.8848988407415], [0.0, 0.0, 1.0]], [[1249.9629280788233, 0.0, 825.3768045375984], [0.0, 1249.9629280788233, 462.54816385708756], [0.0, 0.0, 1.0]]], "extrinsics": [[[0.8223944902420044, -0.5685626864433289, -0.02009645849466324, -0.8441162109375], [0.007238580379635096, 0.0457782968878746, -0.9989253878593445, 1.4895401000976562], [0.5688716769218445, 0.8213652968406677, 0.04176340252161026, -1.226165771484375], [0.0, 0.0, 0.0, 1.0]], [[0.010090109892189503, -0.9990860819816589, -0.041533973067998886, 0.0098876953125], [0.009313460439443588, 0.04162818193435669, -0.999089777469635, 1.4815436601638794], [0.9999057650566101, 0.009694104082882404, 0.00972498208284378, -1.5738525390625], [0.0, 0.0, 0.0, 1.0]], [[-0.8440098166465759, -0.5353496670722961, -0.03237346187233925, 0.98529052734375], [0.017463186755776405, 0.03289793059229851, -0.9993061423301697, 1.495203971862793], [0.5360432863235474, -0.8439894914627075, -0.01841726526618004, -1.2078857421875], [0.0, 0.0, 0.0, 1.0]], [[0.9477635025978088, 0.3188785910606384, 0.0077986279502511024, -1.1328125], [-0.0079290010035038, 0.04799385368824005, -0.9988161325454712, 1.5619163513183594], [-0.31887537240982056, 0.94657963514328, 0.04801521077752113, -0.16046142578125], [0.0, 0.0, 0.0, 1.0]], [[0.00909320916980505, 0.9991409778594971, 0.04043136537075043, -0.029541015625], [-0.005772014614194632, 0.04048480838537216, -0.9991634488105774, 1.5677051544189453], [-0.9999419450759888, 0.008852236904203892, 0.00613519037142396, -0.0091552734375], [0.0, 0.0, 0.0, 1.0]], [[-0.9237313866615295, 0.3829505443572998, 0.008312216959893703, 1.0733642578125], [-0.0016090305289253592, 0.01782103069126606, -0.9998399019241333, 1.5476288795471191], [-0.38303738832473755, -0.9235969185829163, -0.015845665708184242, -0.07794189453125], [0.0, 0.0, 0.0, 1.0]]], "view": [[0.0, -2.0, 100.0], [-2.0, 0.0, 100.0], [0.0, 0.0, 1.0]], "bev": "bev_239d091a9714432d87b750e01c43016a.png", "aux": "aux_239d091a9714432d87b750e01c43016a.npz", "visibility": "visibility_239d091a9714432d87b750e01c43016a.png", "pose": [[0.6464617252349854, -0.7629464268684387, 0.0, 1092.8831787109375], [0.7629464268684387, 0.6464617252349854, 0.0, 813.5270385742188], [0.0, 0.0, 1.0, 0.0], [0.0, 0.0, 0.0, 1.0]], "pose_inverse": [[0.6464617252349854, 0.7629464268684387, 0.0, -1327.1846923828125], [-0.7629464268684387, 0.6464617252349854, 0.0, 307.8971862792969], [0.0, 0.0, 1.0, 0.0], [0.0, 0.0, 0.0, 1.0]], "cam_ids": [0, 1, 2, 3, 4, 5], "cam_channels": ["CAM_FRONT_LEFT", "CAM_FRONT", "CAM_FRONT_RIGHT", "CAM_BACK_LEFT", "CAM_BACK", "CAM_BACK_RIGHT"], "token": "239d091a9714432d87b750e01c43016a", "scene": "scene-0545"}, {"images": ["samples/CAM_FRONT_LEFT/n008-2018-08-30-15-52-26-0400__CAM_FRONT_LEFT__1535659547504799.jpg", "samples/CAM_FRONT/n008-2018-08-30-15-52-26-0400__CAM_FRONT__1535659547512404.jpg", "samples/CAM_FRONT_RIGHT/n008-2018-08-30-15-52-26-0400__CAM_FRONT_RIGHT__1535659547520482.jpg", "samples/CAM_BACK_LEFT/n008-2018-08-30-15-52-26-0400__CAM_BACK_LEFT__1535659547547405.jpg", "samples/CAM_BACK/n008-2018-08-30-15-52-26-0400__CAM_BACK__1535659547537558.jpg", "samples/CAM_BACK_RIGHT/n008-2018-08-30-15-52-26-0400__CAM_BACK_RIGHT__1535659547528113.jpg"], "intrinsics": [[[1257.8625342125129, 0.0, 827.2410631095686], [0.0, 1257.8625342125129, 450.915498205774], [0.0, 0.0, 1.0]], [[1252.8131021185304, 0.0, 826.588114781398], [0.0, 1252.8131021185304, 469.9846626224581], [0.0, 0.0, 1.0]], [[1256.7485116440405, 0.0, 817.7887570959712], [0.0, 1256.7485116440403, 451.9541780095127], [0.0, 0.0, 1.0]], [[1254.9860565800168, 0.0, 829.5769333630991], [0.0, 1254.9860565800168, 467.1680561863987], [0.0, 0.0, 1.0]], [[796.8910634503094, 0.0, 857.7774326863696], [0.0, 796.8910634503094, 476.8848988407415], [0.0, 0.0, 1.0]], [[1249.9629280788233, 0.0, 825.3768045375984], [0.0, 1249.9629280788233, 462.54816385708756], [0.0, 0.0, 1.0]]], "extrinsics": [[[0.8227418065071106, -0.5682269930839539, -0.014628195203840733, -0.838623046875], [0.01277924794703722, 0.044219497591257095, -0.998940110206604, 1.4907491207122803], [0.5682715773582458, 0.821682870388031, 0.04364274442195892, -1.221435546875], [0.0, 0.0, 0.0, 1.0]], [[0.010727403685450554, -0.9991464614868164, -0.03989054262638092, 0.009368896484375], [0.014753819443285465, 0.04004665091633797, -0.9990888833999634, 1.4825325012207031], [0.9998336434364319, 0.010129005648195744, 0.015170820988714695, -1.568603515625], [0.0, 0.0, 0.0, 1.0]], [[-0.8436464667320251, -0.535689115524292, -0.036025676876306534, 0.9820556640625], [0.02280011773109436, 0.031293198466300964, -0.9992501139640808, 1.4959774017333984], [0.5364147424697876, -0.8438353538513184, -0.014186623506247997, -1.20623779296875], [0.0, 0.0, 0.0, 1.0]], [[0.9477789998054504, 0.3186835050582886, 0.012482722289860249, -1.1357421875], [-0.00238754041492939, 0.0462283119559288, -0.9989280700683594, 1.56201171875], [-0.31891903281211853, 0.9467332363128662, 0.04457509517669678, -0.15911865234375], [0.0, 0.0, 0.0, 1.0]], [[0.008809964172542095, 0.9992092847824097, 0.03877156227827072, -0.029266357421875], [-0.0003106969525106251, 0.03877579793334007, -0.9992478489875793, 1.5680150985717773], [-0.9999611973762512, 0.008791320957243443, 0.0006520652095787227, -0.0087890625], [0.0, 0.0, 0.0, 1.0]], [[-0.9238462448120117, 0.38275444507598877, 0.0026800327468663454, 1.0718994140625], [0.0037978547625243664, 0.01616780087351799, -0.9998620748519897, 1.5481524467468262], [-0.3827449679374695, -0.9237086176872253, -0.016390206292271614, -0.0790252685546875], [0.0, 0.0, 0.0, 1.0]]], "view": [[0.0, -2.0, 100.0], [-2.0, 0.0, 100.0], [0.0, 0.0, 1.0]], "bev": "bev_ee20c693553e4634baa609dc6d66cc3f.png", "aux": "aux_ee20c693553e4634baa609dc6d66cc3f.npz", "visibility": "visibility_ee20c693553e4634baa609dc6d66cc3f.png", "pose": [[0.6395931839942932, -0.7687135934829712, 0.0, 1094.2562255859375], [0.7687135934829712, 0.6395931839942932, 0.0, 815.1326293945312], [0.0, 0.0, 1.0, 0.0], [0.0, 0.0, 0.0, 1.0]], "pose_inverse": [[0.6395931839942932, 0.7687135934829712, 0.0, -1326.4822998046875], [-0.7687135934829712, 0.6395931839942932, 0.0, 319.81634521484375], [0.0, 0.0, 1.0, 0.0], [0.0, 0.0, 0.0, 1.0]], "cam_ids": [0, 1, 2, 3, 4, 5], "cam_channels": ["CAM_FRONT_LEFT", "CAM_FRONT", "CAM_FRONT_RIGHT", "CAM_BACK_LEFT", "CAM_BACK", "CAM_BACK_RIGHT"], "token": "ee20c693553e4634baa609dc6d66cc3f", "scene": "scene-0545"}, {"images": ["samples/CAM_FRONT_LEFT/n008-2018-08-30-15-52-26-0400__CAM_FRONT_LEFT__1535659548004799.jpg", "samples/CAM_FRONT/n008-2018-08-30-15-52-26-0400__CAM_FRONT__1535659548012404.jpg", "samples/CAM_FRONT_RIGHT/n008-2018-08-30-15-52-26-0400__CAM_FRONT_RIGHT__1535659548020511.jpg", "samples/CAM_BACK_LEFT/n008-2018-08-30-15-52-26-0400__CAM_BACK_LEFT__1535659548047405.jpg", "samples/CAM_BACK/n008-2018-08-30-15-52-26-0400__CAM_BACK__1535659548037558.jpg", "samples/CAM_BACK_RIGHT/n008-2018-08-30-15-52-26-0400__CAM_BACK_RIGHT__1535659548028113.jpg"], "intrinsics": [[[1257.8625342125129, 0.0, 827.2410631095686], [0.0, 1257.8625342125129, 450.915498205774], [0.0, 0.0, 1.0]], [[1252.8131021185304, 0.0, 826.588114781398], [0.0, 1252.8131021185304, 469.9846626224581], [0.0, 0.0, 1.0]], [[1256.7485116440405, 0.0, 817.7887570959712], [0.0, 1256.7485116440403, 451.9541780095127], [0.0, 0.0, 1.0]], [[1254.9860565800168, 0.0, 829.5769333630991], [0.0, 1254.9860565800168, 467.1680561863987], [0.0, 0.0, 1.0]], [[796.8910634503094, 0.0, 857.7774326863696], [0.0, 796.8910634503094, 476.8848988407415], [0.0, 0.0, 1.0]], [[1249.9629280788233, 0.0, 825.3768045375984], [0.0, 1249.9629280788233, 462.54816385708756], [0.0, 0.0, 1.0]]], "extrinsics": [[[0.8223274350166321, -0.5689078569412231, -0.011024083942174911, -0.8165283203125], [0.014239788055419922, 0.039943091571331024, -0.9991005063056946, 1.4914922714233398], [0.5688364505767822, 0.8214308023452759, 0.04094742611050606, -1.204559326171875], [0.0, 0.0, 0.0, 1.0]], [[0.009992269799113274, -0.9993107914924622, -0.03574834764003754, 0.008148193359375], [0.016217762604355812, 0.03590738773345947, -0.999223530292511, 1.483180046081543], [0.9998185634613037, 0.009404721669852734, 0.01656538061797619, -1.5467529296875], [0.0, 0.0, 0.0, 1.0]], [[-0.8439832329750061, -0.5352191925048828, -0.035109397023916245, 0.96820068359375], [0.024261102080345154, 0.027297243475914, -0.9993329048156738, 1.4965839385986328], [0.5358206033706665, -0.8442720174789429, -0.010053410194814205, -1.19903564453125], [0.0, 0.0, 0.0, 1.0]], [[0.9477913975715637, 0.3186415433883667, 0.012609405443072319, -1.1380615234375], [-0.0010407391237094998, 0.042632028460502625, -0.999090313911438, 1.562032699584961], [-0.3188892900943756, 0.9469161033630371, 0.04073788970708847, -0.15826416015625], [0.0, 0.0, 0.0, 1.0]], [[0.009094074368476868, 0.9993432760238647, 0.035076338797807693, -0.028594970703125], [0.001023348537273705, 0.03506846725940704, -0.999384343624115, 1.5681085586547852], [-0.9999580979347229, 0.009124401956796646, -0.0007037622854113579, -0.01318359375], [0.0, 0.0, 0.0, 1.0]], [[-0.9236372709274292, 0.38326776027679443, -0.00017409764404874295, 1.0623779296875], [0.005291760433465242, 0.012298415414988995, -0.9999104142189026, 1.548367977142334], [-0.3832312226295471, -0.9235554337501526, -0.013387434184551239, -0.084014892578125], [0.0, 0.0, 0.0, 1.0]]], "view": [[0.0, -2.0, 100.0], [-2.0, 0.0, 100.0], [0.0, 0.0, 1.0]], "bev": "bev_1d6450c97a2b466b8c9614713f969435.png", "aux": "aux_1d6450c97a2b466b8c9614713f969435.npz", "visibility": "visibility_1d6450c97a2b466b8c9614713f969435.png", "pose": [[0.6370850801467896, -0.7707934975624084, 0.0, 1095.7982177734375], [0.7707934975624084, 0.6370850801467896, 0.0, 816.9669799804688], [0.0, 0.0, 1.0, 0.0], [0.0, 0.0, 0.0, 1.0]], "pose_inverse": [[0.6370850801467896, 0.7707934975624084, 0.0, -1327.8294677734375], [-0.7707934975624084, 0.6370850801467896, 0.0, 324.1566467285156], [0.0, 0.0, 1.0, 0.0], [0.0, 0.0, 0.0, 1.0]], "cam_ids": [0, 1, 2, 3, 4, 5], "cam_channels": ["CAM_FRONT_LEFT", "CAM_FRONT", "CAM_FRONT_RIGHT", "CAM_BACK_LEFT", "CAM_BACK", "CAM_BACK_RIGHT"], "token": "1d6450c97a2b466b8c9614713f969435", "scene": "scene-0545"}, {"images": ["samples/CAM_FRONT_LEFT/n008-2018-08-30-15-52-26-0400__CAM_FRONT_LEFT__1535659548504799.jpg", "samples/CAM_FRONT/n008-2018-08-30-15-52-26-0400__CAM_FRONT__1535659548512404.jpg", "samples/CAM_FRONT_RIGHT/n008-2018-08-30-15-52-26-0400__CAM_FRONT_RIGHT__1535659548520482.jpg", "samples/CAM_BACK_LEFT/n008-2018-08-30-15-52-26-0400__CAM_BACK_LEFT__1535659548547405.jpg", "samples/CAM_BACK/n008-2018-08-30-15-52-26-0400__CAM_BACK__1535659548537558.jpg", "samples/CAM_BACK_RIGHT/n008-2018-08-30-15-52-26-0400__CAM_BACK_RIGHT__1535659548528113.jpg"], "intrinsics": [[[1257.8625342125129, 0.0, 827.2410631095686], [0.0, 1257.8625342125129, 450.915498205774], [0.0, 0.0, 1.0]], [[1252.8131021185304, 0.0, 826.588114781398], [0.0, 1252.8131021185304, 469.9846626224581], [0.0, 0.0, 1.0]], [[1256.7485116440405, 0.0, 817.7887570959712], [0.0, 1256.7485116440403, 451.9541780095127], [0.0, 0.0, 1.0]], [[1254.9860565800168, 0.0, 829.5769333630991], [0.0, 1254.9860565800168, 467.1680561863987], [0.0, 0.0, 1.0]], [[796.8910634503094, 0.0, 857.7774326863696], [0.0, 796.8910634503094, 476.8848988407415], [0.0, 0.0, 1.0]], [[1249.9629280788233, 0.0, 825.3768045375984], [0.0, 1249.9629280788233, 462.54816385708756], [0.0, 0.0, 1.0]]], "extrinsics": [[[0.8222335577011108, -0.5689911246299744, -0.013457292690873146, -0.7890625], [0.009602062404155731, 0.037509091198444366, -0.9992501139640808, 1.490772008895874], [0.5690692663192749, 0.8214877843856812, 0.03630472347140312, -1.184967041015625], [0.0, 0.0, 0.0, 1.0]], [[0.009703781455755234, -0.9994012713432312, -0.0332084596157074, 0.008056640625], [0.011502419598400593, 0.0333193838596344, -0.9993786215782166, 1.4826345443725586], [0.9998868107795715, 0.00931576918810606, 0.011818857863545418, -1.5185546875], [0.0, 0.0, 0.0, 1.0]], [[-0.8442079424858093, -0.535198986530304, -0.02957966737449169, 0.948974609375], [0.019460521638393402, 0.024544933810830116, -0.9995092749595642, 1.4963340759277344], [0.5356624126434326, -0.8443693518638611, -0.010305779054760933, -1.1873779296875], [0.0, 0.0, 0.0, 1.0]], [[0.9478495121002197, 0.31864529848098755, 0.0068149506114423275, -1.1375732421875], [-0.006025830749422312, 0.039294928312301636, -0.999209463596344, 1.5619983673095703], [-0.3186612129211426, 0.947059154510498, 0.03916578367352486, -0.1583251953125], [0.0, 0.0, 0.0, 1.0]], [[0.009307398460805416, 0.9994468092918396, 0.031926754862070084, -0.02850341796875], [-0.0039360420778393745, 0.0319645069539547, -0.999481201171875, 1.5677947998046875], [-0.9999489188194275, 0.009176981635391712, 0.004231370985507965, -0.0216064453125], [0.0, 0.0, 0.0, 1.0]], [[-0.9235947728157043, 0.3833564221858978, 0.0032531714532524347, 1.0474853515625], [0.0003806298191193491, 0.009402673691511154, -0.9999557137489319, 1.5478556156158447], [-0.383370041847229, -0.9235525727272034, -0.008830176666378975, -0.0904083251953125], [0.0, 0.0, 0.0, 1.0]]], "view": [[0.0, -2.0, 100.0], [-2.0, 0.0, 100.0], [0.0, 0.0, 1.0]], "bev": "bev_3e13177e4564403bbd100dfdc213f61e.png", "aux": "aux_3e13177e4564403bbd100dfdc213f61e.npz", "visibility": "visibility_3e13177e4564403bbd100dfdc213f61e.png", "pose": [[0.6359989047050476, -0.7716899514198303, 0.0, 1097.6412353515625], [0.7716899514198303, 0.6359989047050476, 0.0, 819.1708984375], [0.0, 0.0, 1.0, 0.0], [0.0, 0.0, 0.0, 1.0]], "pose_inverse": [[0.6359989047050476, 0.7716899514198303, 0.0, -1330.24462890625], [-0.7716899514198303, 0.6359989047050476, 0.0, 326.0469665527344], [0.0, 0.0, 1.0, 0.0], [0.0, 0.0, 0.0, 1.0]], "cam_ids": [0, 1, 2, 3, 4, 5], "cam_channels": ["CAM_FRONT_LEFT", "CAM_FRONT", "CAM_FRONT_RIGHT", "CAM_BACK_LEFT", "CAM_BACK", "CAM_BACK_RIGHT"], "token": "3e13177e4564403bbd100dfdc213f61e", "scene": "scene-0545"}, {"images": ["samples/CAM_FRONT_LEFT/n008-2018-08-30-15-52-26-0400__CAM_FRONT_LEFT__1535659549004799.jpg", "samples/CAM_FRONT/n008-2018-08-30-15-52-26-0400__CAM_FRONT__1535659549012404.jpg", "samples/CAM_FRONT_RIGHT/n008-2018-08-30-15-52-26-0400__CAM_FRONT_RIGHT__1535659549020482.jpg", "samples/CAM_BACK_LEFT/n008-2018-08-30-15-52-26-0400__CAM_BACK_LEFT__1535659549047405.jpg", "samples/CAM_BACK/n008-2018-08-30-15-52-26-0400__CAM_BACK__1535659549037558.jpg", "samples/CAM_BACK_RIGHT/n008-2018-08-30-15-52-26-0400__CAM_BACK_RIGHT__1535659549028113.jpg"], "intrinsics": [[[1257.8625342125129, 0.0, 827.2410631095686], [0.0, 1257.8625342125129, 450.915498205774], [0.0, 0.0, 1.0]], [[1252.8131021185304, 0.0, 826.588114781398], [0.0, 1252.8131021185304, 469.9846626224581], [0.0, 0.0, 1.0]], [[1256.7485116440405, 0.0, 817.7887570959712], [0.0, 1256.7485116440403, 451.9541780095127], [0.0, 0.0, 1.0]], [[1254.9860565800168, 0.0, 829.5769333630991], [0.0, 1254.9860565800168, 467.1680561863987], [0.0, 0.0, 1.0]], [[796.8910634503094, 0.0, 857.7774326863696], [0.0, 796.8910634503094, 476.8848988407415], [0.0, 0.0, 1.0]], [[1249.9629280788233, 0.0, 825.3768045375984], [0.0, 1249.9629280788233, 462.54816385708756], [0.0, 0.0, 1.0]]], "extrinsics": [[[0.8229857087135315, -0.567894697189331, -0.013785168528556824, -0.76171875], [0.011652548797428608, 0.04113868251442909, -0.9990854859352112, 1.491654872894287], [0.5679425001144409, 0.8220725059509277, 0.040473975241184235, -1.16748046875], [0.0, 0.0, 0.0, 1.0]], [[0.010975554585456848, -0.999256432056427, -0.036959607154130936, 0.009490966796875], [0.013687181286513805, 0.03710849955677986, -0.9992175102233887, 1.4834284782409668], [0.9998461008071899, 0.010461093857884407, 0.014084292575716972, -1.4923095703125], [0.0, 0.0, 0.0, 1.0]], [[-0.8435890674591064, -0.5359317064285278, -0.03368549048900604, 0.9332275390625], [0.021794354543089867, 0.02850794792175293, -0.9993559122085571, 1.4971179962158203], [0.5365468859672546, -0.8437798619270325, -0.012368706054985523, -1.17596435546875], [0.0, 0.0, 0.0, 1.0]], [[0.9478171467781067, 0.31863000988960266, 0.010843547061085701, -1.1396484375], [-0.00334566505625844, 0.04395093023777008, -0.9990280866622925, 1.5620365142822266], [-0.31879693269729614, 0.9468596577644348, 0.04272347316145897, -0.15728759765625], [0.0, 0.0, 0.0, 1.0]], [[0.00880725122988224, 0.9993022680282593, 0.03629683330655098, -0.02862548828125], [-0.00130859250202775, 0.036309726536273956, -0.9993396997451782, 1.5679502487182617], [-0.9999603629112244, 0.008753850124776363, 0.0016274652443826199, -0.0263671875], [0.0, 0.0, 0.0, 1.0]], [[-0.9238877892494202, 0.38265460729599, 0.002589172450825572, 1.0357666015625], [0.0027947991620749235, 0.013513504527509212, -0.9999048113822937, 1.5481796264648438], [-0.382653146982193, -0.9237925410270691, -0.013554404489696026, -0.0945892333984375], [0.0, 0.0, 0.0, 1.0]]], "view": [[0.0, -2.0, 100.0], [-2.0, 0.0, 100.0], [0.0, 0.0, 1.0]], "bev": "bev_8e2553b1b1184746a85bf2381c050f12.png", "aux": "aux_8e2553b1b1184746a85bf2381c050f12.npz", "visibility": "visibility_8e2553b1b1184746a85bf2381c050f12.png", "pose": [[0.6398137807846069, -0.7685299515724182, 0.0, 1099.7196044921875], [0.7685299515724182, 0.6398137807846069, 0.0, 821.64453125], [0.0, 0.0, 1.0, 0.0], [0.0, 0.0, 0.0, 1.0]], "pose_inverse": [[0.6398137807846069, 0.7685299515724182, 0.0, -1335.07421875], [-0.7685299515724182, 0.6398137807846069, 0.0, 319.4679870605469], [0.0, 0.0, 1.0, 0.0], [0.0, 0.0, 0.0, 1.0]], "cam_ids": [0, 1, 2, 3, 4, 5], "cam_channels": ["CAM_FRONT_LEFT", "CAM_FRONT", "CAM_FRONT_RIGHT", "CAM_BACK_LEFT", "CAM_BACK", "CAM_BACK_RIGHT"], "token": "8e2553b1b1184746a85bf2381c050f12", "scene": "scene-0545"}, {"images": ["samples/CAM_FRONT_LEFT/n008-2018-08-30-15-52-26-0400__CAM_FRONT_LEFT__1535659549404803.jpg", "samples/CAM_FRONT/n008-2018-08-30-15-52-26-0400__CAM_FRONT__1535659549412404.jpg", "samples/CAM_FRONT_RIGHT/n008-2018-08-30-15-52-26-0400__CAM_FRONT_RIGHT__1535659549420482.jpg", "samples/CAM_BACK_LEFT/n008-2018-08-30-15-52-26-0400__CAM_BACK_LEFT__1535659549447405.jpg", "samples/CAM_BACK/n008-2018-08-30-15-52-26-0400__CAM_BACK__1535659549437558.jpg", "samples/CAM_BACK_RIGHT/n008-2018-08-30-15-52-26-0400__CAM_BACK_RIGHT__1535659549428113.jpg"], "intrinsics": [[[1257.8625342125129, 0.0, 827.2410631095686], [0.0, 1257.8625342125129, 450.915498205774], [0.0, 0.0, 1.0]], [[1252.8131021185304, 0.0, 826.588114781398], [0.0, 1252.8131021185304, 469.9846626224581], [0.0, 0.0, 1.0]], [[1256.7485116440405, 0.0, 817.7887570959712], [0.0, 1256.7485116440403, 451.9541780095127], [0.0, 0.0, 1.0]], [[1254.9860565800168, 0.0, 829.5769333630991], [0.0, 1254.9860565800168, 467.1680561863987], [0.0, 0.0, 1.0]], [[796.8910634503094, 0.0, 857.7774326863696], [0.0, 796.8910634503094, 476.8848988407415], [0.0, 0.0, 1.0]], [[1249.9629280788233, 0.0, 825.3768045375984], [0.0, 1249.9629280788233, 462.54816385708756], [0.0, 0.0, 1.0]]], "extrinsics": [[[0.823537290096283, -0.5670287013053894, -0.016272690147161484, -0.7567138671875], [0.009760553017258644, 0.04284641891717911, -0.9990339875221252, 1.4911054372787476], [0.5671781897544861, 0.8225829601287842, 0.040820132941007614, -1.165557861328125], [0.0, 0.0, 0.0, 1.0]], [[0.011722990311682224, -0.9991848468780518, -0.03862951695919037, 0.01019287109375], [0.011638370342552662, 0.03876589611172676, -0.9991805553436279, 1.4829621315002441], [0.9998635649681091, 0.011263770051300526, 0.012083333916962147, -1.4879150390625], [0.0, 0.0, 0.0, 1.0]], [[-0.8433220386505127, -0.5364136099815369, -0.032686807215213776, 0.9306640625], [0.019579172134399414, 0.03011513501405716, -0.9993546605110168, 1.4967632293701172], [0.5370518565177917, -0.8434177041053772, -0.014894221909344196, -1.174072265625], [0.0, 0.0, 0.0, 1.0]], [[0.947822630405426, 0.3186802566051483, 0.00866783782839775, -1.14208984375], [-0.00609822291880846, 0.045308127999305725, -0.9989544749259949, 1.5620288848876953], [-0.3187398612499237, 0.9467787742614746, 0.04488745331764221, -0.15667724609375], [0.0, 0.0, 0.0, 1.0]], [[0.008630819618701935, 0.9992502331733704, 0.037742730230093, -0.028778076171875], [-0.0038789964746683836, 0.037777312099933624, -0.9992786049842834, 1.5677661895751953], [-0.9999552369117737, 0.008478214964270592, 0.004202138166874647, -0.026611328125], [0.0, 0.0, 0.0, 1.0]], [[-0.9240589141845703, 0.38221266865730286, 0.005351263098418713, 1.03369140625], [0.00044000803609378636, 0.015062944032251835, -0.9998864531517029, 1.5478572845458984], [-0.3822498619556427, -0.9239516258239746, -0.014087224379181862, -0.0951385498046875], [0.0, 0.0, 0.0, 1.0]]], "view": [[0.0, -2.0, 100.0], [-2.0, 0.0, 100.0], [0.0, 0.0, 1.0]], "bev": "bev_20e43c488ab343f085a12d4c590298b5.png", "aux": "aux_20e43c488ab343f085a12d4c590298b5.npz", "visibility": "visibility_20e43c488ab343f085a12d4c590298b5.png", "pose": [[0.643975019454956, -0.7650465369224548, 0.0, 1101.4984130859375], [0.7650465369224548, 0.643975019454956, 0.0, 823.7382202148438], [0.0, 0.0, 1.0, 0.0], [0.0, 0.0, 0.0, 1.0]], "pose_inverse": [[0.643975019454956, 0.7650465369224548, 0.0, -1339.5355224609375], [-0.7650465369224548, 0.643975019454956, 0.0, 312.2306823730469], [0.0, 0.0, 1.0, 0.0], [0.0, 0.0, 0.0, 1.0]], "cam_ids": [0, 1, 2, 3, 4, 5], "cam_channels": ["CAM_FRONT_LEFT", "CAM_FRONT", "CAM_FRONT_RIGHT", "CAM_BACK_LEFT", "CAM_BACK", "CAM_BACK_RIGHT"], "token": "20e43c488ab343f085a12d4c590298b5", "scene": "scene-0545"}, {"images": ["samples/CAM_FRONT_LEFT/n008-2018-08-30-15-52-26-0400__CAM_FRONT_LEFT__1535659549904799.jpg", "samples/CAM_FRONT/n008-2018-08-30-15-52-26-0400__CAM_FRONT__1535659549912404.jpg", "samples/CAM_FRONT_RIGHT/n008-2018-08-30-15-52-26-0400__CAM_FRONT_RIGHT__1535659549920482.jpg", "samples/CAM_BACK_LEFT/n008-2018-08-30-15-52-26-0400__CAM_BACK_LEFT__1535659549947405.jpg", "samples/CAM_BACK/n008-2018-08-30-15-52-26-0400__CAM_BACK__1535659549937558.jpg", "samples/CAM_BACK_RIGHT/n008-2018-08-30-15-52-26-0400__CAM_BACK_RIGHT__1535659549928113.jpg"], "intrinsics": [[[1257.8625342125129, 0.0, 827.2410631095686], [0.0, 1257.8625342125129, 450.915498205774], [0.0, 0.0, 1.0]], [[1252.8131021185304, 0.0, 826.588114781398], [0.0, 1252.8131021185304, 469.9846626224581], [0.0, 0.0, 1.0]], [[1256.7485116440405, 0.0, 817.7887570959712], [0.0, 1256.7485116440403, 451.9541780095127], [0.0, 0.0, 1.0]], [[1254.9860565800168, 0.0, 829.5769333630991], [0.0, 1254.9860565800168, 467.1680561863987], [0.0, 0.0, 1.0]], [[796.8910634503094, 0.0, 857.7774326863696], [0.0, 796.8910634503094, 476.8848988407415], [0.0, 0.0, 1.0]], [[1249.9629280788233, 0.0, 825.3768045375984], [0.0, 1249.9629280788233, 462.54816385708756], [0.0, 0.0, 1.0]]], "extrinsics": [[[0.8231611251831055, -0.5675410032272339, -0.017405588179826736, -0.7655029296875], [0.007887701503932476, 0.04208061471581459, -0.9990830421447754, 1.4904255867004395], [0.5677530765533447, 0.8222690224647522, 0.03911571949720383, -1.17236328125], [0.0, 0.0, 0.0, 1.0]], [[0.011205301620066166, -0.9992191791534424, -0.03788844868540764, 0.010833740234375], [0.0098104951903224, 0.03799886256456375, -0.9992296099662781, 1.4823768138885498], [0.999889075756073, 0.010824957862496376, 0.010228623636066914, -1.49853515625], [0.0, 0.0, 0.0, 1.0]], [[-0.8435482978820801, -0.5361712574958801, -0.03076762519776821, 0.939208984375], [0.017800455912947655, 0.029345009475946426, -0.9994108080863953, 1.4962272644042969], [0.536758303642273, -0.8435989618301392, -0.01520984061062336, -1.1787109375], [0.0, 0.0, 0.0, 1.0]], [[0.9478335380554199, 0.318692684173584, 0.006830404978245497, -1.1466064453125], [-0.007765303831547499, 0.044505711644887924, -0.9989789724349976, 1.5620613098144531], [-0.3186712861061096, 0.946812629699707, 0.04465874657034874, -0.15521240234375], [0.0, 0.0, 0.0, 1.0]], [[0.008814752101898193, 0.9992780685424805, 0.036953818053007126, -0.0291748046875], [-0.0055261217057704926, 0.03700336813926697, -0.9992998838424683, 1.5676765441894531], [-0.9999459981918335, 0.008604513481259346, 0.005848311353474855, -0.02001953125], [0.0, 0.0, 0.0, 1.0]], [[-0.9239606261253357, 0.3824295699596405, 0.006655401550233364, 1.0411376953125], [-0.0012822390999644995, 0.014303222298622131, -0.9998968839645386, 1.5476250648498535], [-0.38248535990715027, -0.9238739013671875, -0.012725249864161015, -0.0914306640625], [0.0, 0.0, 0.0, 1.0]]], "view": [[0.0, -2.0, 100.0], [-2.0, 0.0, 100.0], [0.0, 0.0, 1.0]], "bev": "bev_a9f1d4d74ba44471bb986c13bd2df160.png", "aux": "aux_a9f1d4d74ba44471bb986c13bd2df160.npz", "visibility": "visibility_a9f1d4d74ba44471bb986c13bd2df160.png", "pose": [[0.650568425655365, -0.7594476342201233, 0.0, 1103.72802734375], [0.7594476342201233, 0.650568425655365, 0.0, 826.3140258789062], [0.0, 0.0, 1.0, 0.0], [0.0, 0.0, 0.0, 1.0]], "pose_inverse": [[0.650568425655365, 0.7594476342201233, 0.0, -1345.5928955078125], [-0.7594476342201233, 0.650568425655365, 0.0, 300.6498107910156], [0.0, 0.0, 1.0, 0.0], [0.0, 0.0, 0.0, 1.0]], "cam_ids": [0, 1, 2, 3, 4, 5], "cam_channels": ["CAM_FRONT_LEFT", "CAM_FRONT", "CAM_FRONT_RIGHT", "CAM_BACK_LEFT", "CAM_BACK", "CAM_BACK_RIGHT"], "token": "a9f1d4d74ba44471bb986c13bd2df160", "scene": "scene-0545"}, {"images": ["samples/CAM_FRONT_LEFT/n008-2018-08-30-15-52-26-0400__CAM_FRONT_LEFT__1535659550354799.jpg", "samples/CAM_FRONT/n008-2018-08-30-15-52-26-0400__CAM_FRONT__1535659550362404.jpg", "samples/CAM_FRONT_RIGHT/n008-2018-08-30-15-52-26-0400__CAM_FRONT_RIGHT__1535659550370482.jpg", "samples/CAM_BACK_LEFT/n008-2018-08-30-15-52-26-0400__CAM_BACK_LEFT__1535659550397405.jpg", "samples/CAM_BACK/n008-2018-08-30-15-52-26-0400__CAM_BACK__1535659550387558.jpg", "samples/CAM_BACK_RIGHT/n008-2018-08-30-15-52-26-0400__CAM_BACK_RIGHT__1535659550378113.jpg"], "intrinsics": [[[1257.8625342125129, 0.0, 827.2410631095686], [0.0, 1257.8625342125129, 450.915498205774], [0.0, 0.0, 1.0]], [[1252.8131021185304, 0.0, 826.588114781398], [0.0, 1252.8131021185304, 469.9846626224581], [0.0, 0.0, 1.0]], [[1256.7485116440405, 0.0, 817.7887570959712], [0.0, 1256.7485116440403, 451.9541780095127], [0.0, 0.0, 1.0]], [[1254.9860565800168, 0.0, 829.5769333630991], [0.0, 1254.9860565800168, 467.1680561863987], [0.0, 0.0, 1.0]], [[796.8910634503094, 0.0, 857.7774326863696], [0.0, 796.8910634503094, 476.8848988407415], [0.0, 0.0, 1.0]], [[1249.9629280788233, 0.0, 825.3768045375984], [0.0, 1249.9629280788233, 462.54816385708756], [0.0, 0.0, 1.0]]], "extrinsics": [[[0.8233314156532288, -0.5674010515213013, -0.013472434133291245, -0.7724609375], [0.007821498438715935, 0.03507821634411812, -0.9993539452552795, 1.4903504848480225], [0.5675071477890015, 0.8226941227912903, 0.03331891819834709, -1.177490234375], [0.0, 0.0, 0.0, 1.0]], [[0.011369547806680202, -0.9994624257087708, -0.0307498499751091, 0.011077880859375], [0.009982941672205925, 0.03086376003921032, -0.9994737505912781, 1.4823627471923828], [0.9998854994773865, 0.0110565684735775, 0.010328482836484909, -1.5047607421875], [0.0, 0.0, 0.0, 1.0]], [[-0.8435238003730774, -0.5364014506340027, -0.02722027711570263, 0.94256591796875], [0.018230438232421875, 0.022056836634874344, -0.9995904564857483, 1.496246337890625], [0.5367822051048279, -0.8436746597290039, -0.008826636709272861, -1.1802978515625], [0.0, 0.0, 0.0, 1.0]], [[0.9478511214256287, 0.3186669647693634, 0.005438505671918392, -1.1494140625], [-0.006705213338136673, 0.036998506635427475, -0.9992928504943848, 1.5620861053466797], [-0.31864282488822937, 0.9471443295478821, 0.037205807864665985, -0.1541748046875], [0.0, 0.0, 0.0, 1.0]], [[0.008879557251930237, 0.999524712562561, 0.02951926738023758, -0.029205322265625], [-0.0048148189671337605, 0.029562825337052345, -0.9995512962341309, 1.5677366256713867], [-0.9999489784240723, 0.008733476512134075, 0.005075035151094198, -0.0174560546875], [0.0, 0.0, 0.0, 1.0]], [[-0.9239357113838196, 0.3825329542160034, 0.003356015309691429, 1.0430908203125], [-0.0007654628716409206, 0.006924095097929239, -0.9999757409095764, 1.5477027893066406], [-0.3825468420982361, -0.9239158034324646, -0.006104603409767151, -0.090362548828125], [0.0, 0.0, 0.0, 1.0]]], "view": [[0.0, -2.0, 100.0], [-2.0, 0.0, 100.0], [0.0, 0.0, 1.0]], "bev": "bev_74458d09cbd140ea9c44d24ba16df4fa.png", "aux": "aux_74458d09cbd140ea9c44d24ba16df4fa.npz", "visibility": "visibility_74458d09cbd140ea9c44d24ba16df4fa.png", "pose": [[0.6574733853340149, -0.7534777522087097, 0.0, 1105.7318115234375], [0.7534777522087097, 0.6574733853340149, 0.0, 828.5841064453125], [0.0, 0.0, 1.0, 0.0], [0.0, 0.0, 0.0, 1.0]], "pose_inverse": [[0.6574733853340149, 0.7534777522087097, 0.0, -1351.3089599609375], [-0.7534777522087097, 0.6574733853340149, 0.0, 288.3722839355469], [0.0, 0.0, 1.0, 0.0], [0.0, 0.0, 0.0, 1.0]], "cam_ids": [0, 1, 2, 3, 4, 5], "cam_channels": ["CAM_FRONT_LEFT", "CAM_FRONT", "CAM_FRONT_RIGHT", "CAM_BACK_LEFT", "CAM_BACK", "CAM_BACK_RIGHT"], "token": "74458d09cbd140ea9c44d24ba16df4fa", "scene": "scene-0545"}, {"images": ["samples/CAM_FRONT_LEFT/n008-2018-08-30-15-52-26-0400__CAM_FRONT_LEFT__1535659550854799.jpg", "samples/CAM_FRONT/n008-2018-08-30-15-52-26-0400__CAM_FRONT__1535659550862404.jpg", "samples/CAM_FRONT_RIGHT/n008-2018-08-30-15-52-26-0400__CAM_FRONT_RIGHT__1535659550870482.jpg", "samples/CAM_BACK_LEFT/n008-2018-08-30-15-52-26-0400__CAM_BACK_LEFT__1535659550897405.jpg", "samples/CAM_BACK/n008-2018-08-30-15-52-26-0400__CAM_BACK__1535659550887558.jpg", "samples/CAM_BACK_RIGHT/n008-2018-08-30-15-52-26-0400__CAM_BACK_RIGHT__1535659550878113.jpg"], "intrinsics": [[[1257.8625342125129, 0.0, 827.2410631095686], [0.0, 1257.8625342125129, 450.915498205774], [0.0, 0.0, 1.0]], [[1252.8131021185304, 0.0, 826.588114781398], [0.0, 1252.8131021185304, 469.9846626224581], [0.0, 0.0, 1.0]], [[1256.7485116440405, 0.0, 817.7887570959712], [0.0, 1256.7485116440403, 451.9541780095127], [0.0, 0.0, 1.0]], [[1254.9860565800168, 0.0, 829.5769333630991], [0.0, 1254.9860565800168, 467.1680561863987], [0.0, 0.0, 1.0]], [[796.8910634503094, 0.0, 857.7774326863696], [0.0, 796.8910634503094, 476.8848988407415], [0.0, 0.0, 1.0]], [[1249.9629280788233, 0.0, 825.3768045375984], [0.0, 1249.9629280788233, 462.54816385708756], [0.0, 0.0, 1.0]]], "extrinsics": [[[0.8226829171180725, -0.5684807896614075, -0.00474592437967658, -0.758056640625], [0.013247543014585972, 0.02751586213707924, -0.9995335340499878, 1.4921951293945312], [0.5683462023735046, 0.8222363591194153, 0.030167801305651665, -1.165283203125], [0.0, 0.0, 0.0, 1.0]], [[0.01060472708195448, -0.9996763467788696, -0.02312500588595867, 0.009765625], [0.01526455394923687, 0.023285456001758575, -0.9996123313903809, 1.483860969543457], [0.9998272657394409, 0.010247697122395039, 0.015506550669670105, -1.489990234375], [0.0, 0.0, 0.0, 1.0]], [[-0.8436928391456604, -0.536121129989624, -0.02750592678785324, 0.93316650390625], [0.023390525951981544, 0.01447638962417841, -0.999621570110321, 1.4974384307861328], [0.5363165140151978, -0.844016969203949, 0.0003265298728365451, -1.17547607421875], [0.0, 0.0, 0.0, 1.0]], [[0.9478561878204346, 0.318606972694397, 0.007634166162461042, -1.1466064453125], [-0.0017710512038320303, 0.02921968325972557, -0.9995714426040649, 1.562047004699707], [-0.3186935484409332, 0.9474363923072815, 0.028260326012969017, -0.15521240234375], [0.0, 0.0, 0.0, 1.0]], [[0.008962257765233517, 0.9997212290763855, 0.02184143103659153, -0.028961181640625], [0.000224482428166084, 0.021840296685695648, -0.9997614026069641, 1.5680618286132812], [-0.9999598860740662, 0.008965013548731804, -2.8682681659120135e-05, -0.0223388671875], [0.0, 0.0, 0.0, 1.0]], [[-0.923812210559845, 0.3828217685222626, -0.00428861053660512, 1.0367431640625], [0.004348386079072952, -0.0007091473671607673, -0.9999902844429016, 1.548393726348877], [-0.38282108306884766, -0.9238219261169434, -0.0010095378383994102, -0.093475341796875], [0.0, 0.0, 0.0, 1.0]]], "view": [[0.0, -2.0, 100.0], [-2.0, 0.0, 100.0], [0.0, 0.0, 1.0]], "bev": "bev_30df6f9fbfb24535bd6170390910363a.png", "aux": "aux_30df6f9fbfb24535bd6170390910363a.npz", "visibility": "visibility_30df6f9fbfb24535bd6170390910363a.png", "pose": [[0.66231769323349, -0.7492231130599976, 0.0, 1108.0257568359375], [0.7492231130599976, 0.66231769323349, 0.0, 831.1660766601562], [0.0, 0.0, 1.0, 0.0], [0.0, 0.0, 0.0, 1.0]], "pose_inverse": [[0.66231769323349, 0.7492231130599976, 0.0, -1356.5938720703125], [-0.7492231130599976, 0.66231769323349, 0.0, 279.6625061035156], [0.0, 0.0, 1.0, 0.0], [0.0, 0.0, 0.0, 1.0]], "cam_ids": [0, 1, 2, 3, 4, 5], "cam_channels": ["CAM_FRONT_LEFT", "CAM_FRONT", "CAM_FRONT_RIGHT", "CAM_BACK_LEFT", "CAM_BACK", "CAM_BACK_RIGHT"], "token": "30df6f9fbfb24535bd6170390910363a", "scene": "scene-0545"}, {"images": ["samples/CAM_FRONT_LEFT/n008-2018-08-30-15-52-26-0400__CAM_FRONT_LEFT__1535659551354799.jpg", "samples/CAM_FRONT/n008-2018-08-30-15-52-26-0400__CAM_FRONT__1535659551362404.jpg", "samples/CAM_FRONT_RIGHT/n008-2018-08-30-15-52-26-0400__CAM_FRONT_RIGHT__1535659551370482.jpg", "samples/CAM_BACK_LEFT/n008-2018-08-30-15-52-26-0400__CAM_BACK_LEFT__1535659551397405.jpg", "samples/CAM_BACK/n008-2018-08-30-15-52-26-0400__CAM_BACK__1535659551387558.jpg", "samples/CAM_BACK_RIGHT/n008-2018-08-30-15-52-26-0400__CAM_BACK_RIGHT__1535659551378113.jpg"], "intrinsics": [[[1257.8625342125129, 0.0, 827.2410631095686], [0.0, 1257.8625342125129, 450.915498205774], [0.0, 0.0, 1.0]], [[1252.8131021185304, 0.0, 826.588114781398], [0.0, 1252.8131021185304, 469.9846626224581], [0.0, 0.0, 1.0]], [[1256.7485116440405, 0.0, 817.7887570959712], [0.0, 1256.7485116440403, 451.9541780095127], [0.0, 0.0, 1.0]], [[1254.9860565800168, 0.0, 829.5769333630991], [0.0, 1254.9860565800168, 467.1680561863987], [0.0, 0.0, 1.0]], [[796.8910634503094, 0.0, 857.7774326863696], [0.0, 796.8910634503094, 476.8848988407415], [0.0, 0.0, 1.0]], [[1249.9629280788233, 0.0, 825.3768045375984], [0.0, 1249.9629280788233, 462.54816385708756], [0.0, 0.0, 1.0]]], "extrinsics": [[[0.8231772184371948, -0.5677772164344788, -0.002885247580707073, -0.7476806640625], [0.013172253035008907, 0.024177178740501404, -0.9996209144592285, 1.492354393005371], [0.567631721496582, 0.8228271007537842, 0.027381008490920067, -1.15802001953125], [0.0, 0.0, 0.0, 1.0]], [[0.011262727901339531, -0.9997392892837524, -0.019862638786435127, 0.0098876953125], [0.014907308854162693, 0.020029565319418907, -0.9996882677078247, 1.4839363098144531], [0.9998254179954529, 0.010963095352053642, 0.015129008330404758, -1.4796142578125], [0.0, 0.0, 0.0, 1.0]], [[-0.8434662222862244, -0.5365892052650452, -0.02523547224700451, 0.92657470703125], [0.022720003500580788, 0.01130062248557806, -0.9996779561042786, 1.4974918365478516], [0.5367016196250916, -0.8437679409980774, 0.0026596158277243376, -1.17169189453125], [0.0, 0.0, 0.0, 1.0]], [[0.9478733539581299, 0.31860342621803284, 0.005290227476507425, -1.14794921875], [-0.0032485893461853266, 0.02626345120370388, -0.9996497631072998, 1.562056541442871], [-0.3186308443546295, 0.9475241899490356, 0.025929436087608337, -0.15484619140625], [0.0, 0.0, 0.0, 1.0]], [[0.008857550099492073, 0.9997842907905579, 0.01879054680466652, -0.028839111328125], [-0.0008846179698593915, 0.018799109384417534, -0.9998229146003723, 1.5679903030395508], [-0.9999604225158691, 0.008839412592351437, 0.0010509404819458723, -0.024658203125], [0.0, 0.0, 0.0, 1.0]], [[-0.9239208102226257, 0.3825553059577942, -0.004668984562158585, 1.031982421875], [0.003467855742201209, -0.003829247783869505, -0.9999866485595703, 1.54829740524292], [-0.38256803154945374, -0.9239246845245361, 0.0022112748119980097, -0.095794677734375], [0.0, 0.0, 0.0, 1.0]]], "view": [[0.0, -2.0, 100.0], [-2.0, 0.0, 100.0], [0.0, 0.0, 1.0]], "bev": "bev_481b35bfc6e74b1c9d6c013c61032fe5.png", "aux": "aux_481b35bfc6e74b1c9d6c013c61032fe5.npz", "visibility": "visibility_481b35bfc6e74b1c9d6c013c61032fe5.png", "pose": [[0.6702937483787537, -0.7420958876609802, 0.0, 1110.468994140625], [0.7420958876609802, 0.6702937483787537, 0.0, 833.85791015625], [0.0, 0.0, 1.0, 0.0], [0.0, 0.0, 0.0, 1.0]], "pose_inverse": [[0.6702937483787537, 0.7420958876609802, 0.0, -1363.1429443359375], [-0.7420958876609802, 0.6702937483787537, 0.0, 265.1447448730469], [0.0, 0.0, 1.0, 0.0], [0.0, 0.0, 0.0, 1.0]], "cam_ids": [0, 1, 2, 3, 4, 5], "cam_channels": ["CAM_FRONT_LEFT", "CAM_FRONT", "CAM_FRONT_RIGHT", "CAM_BACK_LEFT", "CAM_BACK", "CAM_BACK_RIGHT"], "token": "481b35bfc6e74b1c9d6c013c61032fe5", "scene": "scene-0545"}, {"images": ["samples/CAM_FRONT_LEFT/n008-2018-08-30-15-52-26-0400__CAM_FRONT_LEFT__1535659551854799.jpg", "samples/CAM_FRONT/n008-2018-08-30-15-52-26-0400__CAM_FRONT__1535659551862404.jpg", "samples/CAM_FRONT_RIGHT/n008-2018-08-30-15-52-26-0400__CAM_FRONT_RIGHT__1535659551870482.jpg", "samples/CAM_BACK_LEFT/n008-2018-08-30-15-52-26-0400__CAM_BACK_LEFT__1535659551897412.jpg", "samples/CAM_BACK/n008-2018-08-30-15-52-26-0400__CAM_BACK__1535659551887558.jpg", "samples/CAM_BACK_RIGHT/n008-2018-08-30-15-52-26-0400__CAM_BACK_RIGHT__1535659551878113.jpg"], "intrinsics": [[[1257.8625342125129, 0.0, 827.2410631095686], [0.0, 1257.8625342125129, 450.915498205774], [0.0, 0.0, 1.0]], [[1252.8131021185304, 0.0, 826.588114781398], [0.0, 1252.8131021185304, 469.9846626224581], [0.0, 0.0, 1.0]], [[1256.7485116440405, 0.0, 817.7887570959712], [0.0, 1256.7485116440403, 451.9541780095127], [0.0, 0.0, 1.0]], [[1254.9860565800168, 0.0, 829.5769333630991], [0.0, 1254.9860565800168, 467.1680561863987], [0.0, 0.0, 1.0]], [[796.8910634503094, 0.0, 857.7774326863696], [0.0, 796.8910634503094, 476.8848988407415], [0.0, 0.0, 1.0]], [[1249.9629280788233, 0.0, 825.3768045375984], [0.0, 1249.9629280788233, 462.54816385708756], [0.0, 0.0, 1.0]]], "extrinsics": [[[0.8228193521499634, -0.568239688873291, -0.008484994061291218, -0.7215576171875], [0.009440969675779343, 0.028595957905054092, -0.999546468257904, 1.4914779663085938], [0.5682246685028076, 0.8223661184310913, 0.02889403887093067, -1.13995361328125], [0.0, 0.0, 0.0, 1.0]], [[0.010586827993392944, -0.9996446967124939, -0.024465035647153854, 0.010009765625], [0.011422439478337765, 0.02458571083843708, -0.9996324777603149, 1.483332633972168], [0.9998788237571716, 0.01030347216874361, 0.011678663082420826, -1.4539794921875], [0.0, 0.0, 0.0, 1.0]], [[-0.8438704609870911, -0.5359645485877991, -0.024991855025291443, 0.91058349609375], [0.01946527510881424, 0.015967028215527534, -0.9996830224990845, 1.497222900390625], [0.5361937880516052, -0.8440895080566406, -0.003041406162083149, -1.1617431640625], [0.0, 0.0, 0.0, 1.0]], [[0.9478626847267151, 0.31864994764328003, 0.00430739251896739, -1.1494140625], [-0.005925142206251621, 0.03113589435815811, -0.9994975924491882, 1.562082290649414], [-0.31862393021583557, 0.9473609328269958, 0.03140059858560562, -0.1541748046875], [0.0, 0.0, 0.0, 1.0]], [[0.009158927947282791, 0.9996799230575562, 0.02358512580394745, -0.028411865234375], [-0.0038542908150702715, 0.02362123504281044, -0.9997135400772095, 1.5677661895751953], [-0.9999505877494812, 0.009065362624824047, 0.0040694009