[{"images": ["samples/CAM_FRONT_LEFT/n015-2018-08-03-15-00-36+0800__CAM_FRONT_LEFT__1533279856754844.jpg", "samples/CAM_FRONT/n015-2018-08-03-15-00-36+0800__CAM_FRONT__1533279856762460.jpg", "samples/CAM_FRONT_RIGHT/n015-2018-08-03-15-00-36+0800__CAM_FRONT_RIGHT__1533279856770339.jpg", "samples/CAM_BACK_LEFT/n015-2018-08-03-15-00-36+0800__CAM_BACK_LEFT__1533279856797423.jpg", "samples/CAM_BACK/n015-2018-08-03-15-00-36+0800__CAM_BACK__1533279856787525.jpg", "samples/CAM_BACK_RIGHT/n015-2018-08-03-15-00-36+0800__CAM_BACK_RIGHT__1533279856777893.jpg"], "intrinsics": [[[1272.5979470598488, 0.0, 826.6154927353808], [0.0, 1272.5979470598488, 479.75165386361925], [0.0, 0.0, 1.0]], [[1266.417203046554, 0.0, 816.2670197447984], [0.0, 1266.417203046554, 491.50706579294757], [0.0, 0.0, 1.0]], [[1260.8474446004698, 0.0, 807.968244525554], [0.0, 1260.8474446004698, 495.3344268742088], [0.0, 0.0, 1.0]], [[1256.7414812095406, 0.0, 792.1125740759628], [0.0, 1256.7414812095406, 492.7757465151356], [0.0, 0.0, 1.0]], [[809.2209905677063, 0.0, 829.2196003259838], [0.0, 809.2209905677063, 481.77842384512485], [0.0, 0.0, 1.0]], [[1259.5137405846733, 0.0, 807.2529053838625], [0.0, 1259.5137405846733, 501.19579884916527], [0.0, 0.0, 1.0]]], "extrinsics": [[[0.8206453919410706, -0.5711826682090759, 0.017071964219212532, -0.965087890625], [-0.0013202284462749958, -0.03177051991224289, -0.9994943141937256, 1.5082511901855469], [0.5714362263679504, 0.820207953453064, -0.02682642452418804, -1.28021240234375], [0.0, 0.0, 0.0, 1.0]], [[0.005491685587912798, -0.9993445873260498, 0.03577924892306328, 0.005126953125], [-0.006615207530558109, -0.035815317183732986, -0.9993365406990051, 1.5205345153808594], [0.9999629855155945, 0.005251402501016855, -0.006807559635490179, -1.6923828125], [0.0, 0.0, 0.0, 1.0]], [[-0.833045482635498, -0.5530928373336792, 0.011109434999525547, 1.0323028564453125], [-0.0009883641032502055, -0.01859390176832676, -0.9998266100883484, 1.5036430358886719], [0.5532035827636719, -0.832912027835846, 0.014942909590899944, -1.2486572265625], [0.0, 0.0, 0.0, 1.0]], [[0.9478254914283752, 0.3186807930469513, -0.008328134194016457, -1.1422576904296875], [0.007673679850995541, -0.048924267292022705, -0.9987730383872986, 1.5885581970214844], [-0.3186972439289093, 0.9465986490249634, -0.048817120492458344, -0.103759765625], [0.0, 0.0, 0.0, 1.0]], [[0.0026121744886040688, 0.9992372989654541, -0.03896339610219002, 0.0028076171875], [-0.017734302207827568, -0.038911111652851105, -0.9990853071212769, 1.5793571472167969], [-0.9998393058776855, 0.0033007545862346888, 0.01761913299560547, 0.00189208984375], [0.0, 0.0, 0.0, 1.0]], [[-0.9347167611122131, 0.35469359159469604, -0.022295238450169563, 1.13629150390625], [0.014891971834003925, -0.023588772863149643, -0.9996108412742615, 1.5514450073242188], [-0.3550814688205719, -0.9346849918365479, 0.016766730695962906, -0.063720703125], [0.0, 0.0, 0.0, 1.0]]], "view": [[0.0, -2.0, 100.0], [-2.0, 0.0, 100.0], [0.0, 0.0, 1.0]], "bev": "bev_18af18ff634b4904a9211e65fb7d2bcb.png", "aux": "aux_18af18ff634b4904a9211e65fb7d2bcb.npz", "visibility": "visibility_18af18ff634b4904a9211e65fb7d2bcb.png", "pose": [[-0.397814005613327, -0.9174661040306091, 0.0, 770.9483032226562], [0.9174661040306091, -0.397814005613327, 0.0, 902.4915161132812], [0.0, 0.0, 1.0, 0.0], [0.0, 0.0, 0.0, 1.0]], "pose_inverse": [[-0.397814005613327, 0.9174661040306091, 0.0, -521.3113403320312], [-0.9174661040306091, -0.397814005613327, 0.0, 1066.3426513671875], [0.0, 0.0, 1.0, 0.0], [0.0, 0.0, 0.0, 1.0]], "cam_ids": [0, 1, 2, 3, 4, 5], "cam_channels": ["CAM_FRONT_LEFT", "CAM_FRONT", "CAM_FRONT_RIGHT", "CAM_BACK_LEFT", "CAM_BACK", "CAM_BACK_RIGHT"], "token": "18af18ff634b4904a9211e65fb7d2bcb", "scene": "scene-0366"}, {"images": ["samples/CAM_FRONT_LEFT/n015-2018-08-03-15-00-36+0800__CAM_FRONT_LEFT__1533279857254844.jpg", "samples/CAM_FRONT/n015-2018-08-03-15-00-36+0800__CAM_FRONT__1533279857262460.jpg", "samples/CAM_FRONT_RIGHT/n015-2018-08-03-15-00-36+0800__CAM_FRONT_RIGHT__1533279857270339.jpg", "samples/CAM_BACK_LEFT/n015-2018-08-03-15-00-36+0800__CAM_BACK_LEFT__1533279857297423.jpg", "samples/CAM_BACK/n015-2018-08-03-15-00-36+0800__CAM_BACK__1533279857287525.jpg", "samples/CAM_BACK_RIGHT/n015-2018-08-03-15-00-36+0800__CAM_BACK_RIGHT__1533279857277893.jpg"], "intrinsics": [[[1272.5979470598488, 0.0, 826.6154927353808], [0.0, 1272.5979470598488, 479.75165386361925], [0.0, 0.0, 1.0]], [[1266.417203046554, 0.0, 816.2670197447984], [0.0, 1266.417203046554, 491.50706579294757], [0.0, 0.0, 1.0]], [[1260.8474446004698, 0.0, 807.968244525554], [0.0, 1260.8474446004698, 495.3344268742088], [0.0, 0.0, 1.0]], [[1256.7414812095406, 0.0, 792.1125740759628], [0.0, 1256.7414812095406, 492.7757465151356], [0.0, 0.0, 1.0]], [[809.2209905677063, 0.0, 829.2196003259838], [0.0, 809.2209905677063, 481.77842384512485], [0.0, 0.0, 1.0]], [[1259.5137405846733, 0.0, 807.2529053838625], [0.0, 1259.5137405846733, 501.19579884916527], [0.0, 0.0, 1.0]]], "extrinsics": [[[0.8206442594528198, -0.5711848139762878, 0.017055818811058998, -0.9649658203125], [-0.001278348732739687, -0.03168206289410591, -0.9994971752166748, 1.5082473754882812], [0.5714379549026489, 0.8202098608016968, -0.026729876175522804, -1.28021240234375], [0.0, 0.0, 0.0, 1.0]], [[0.00548972561955452, -0.9993476867675781, 0.035692982375621796, 0.0050048828125], [-0.006568854674696922, -0.03572878986597061, -0.9993399977684021, 1.5205345153808594], [0.9999632835388184, 0.005251663271337748, -0.006760711781680584, -1.6923828125], [0.0, 0.0, 0.0, 1.0]], [[-0.8330460786819458, -0.5530937910079956, 0.0110181188210845, 1.0323333740234375], [-0.0009274586336687207, -0.018520565703511238, -0.999828040599823, 1.5036487579345703], [0.5532028079032898, -0.8329131007194519, 0.01491551287472248, -1.24853515625], [0.0, 0.0, 0.0, 1.0]], [[0.9478258490562439, 0.3186817467212677, -0.008250758051872253, -1.1422271728515625], [0.007735670544207096, -0.04886605963110924, -0.9987753629684448, 1.5885543823242188], [-0.31869471073150635, 0.9466012716293335, -0.048781730234622955, -0.103759765625], [0.0, 0.0, 0.0, 1.0]], [[0.0026138252578675747, 0.9992397427558899, -0.03889952227473259, 0.0025634765625], [-0.017674606293439865, -0.038847416639328, -0.9990888833999634, 1.5793571472167969], [-0.9998403191566467, 0.0032989955507218838, 0.017559625208377838, 0.001953125], [0.0, 0.0, 0.0, 1.0]], [[-0.934715211391449, 0.3546944558620453, -0.022344285622239113, 1.13623046875], [0.014965487644076347, -0.023533286526799202, -0.9996110796928406, 1.5514488220214844], [-0.35508230328559875, -0.9346860647201538, 0.016688745468854904, -0.063720703125], [0.0, 0.0, 0.0, 1.0]]], "view": [[0.0, -2.0, 100.0], [-2.0, 0.0, 100.0], [0.0, 0.0, 1.0]], "bev": "bev_2ff1e237db2e4cb6867d6a7426b021c5.png", "aux": "aux_2ff1e237db2e4cb6867d6a7426b021c5.npz", "visibility": "visibility_2ff1e237db2e4cb6867d6a7426b021c5.png", "pose": [[-0.397838830947876, -0.9174553155899048, 0.0, 770.9482421875], [0.9174553155899048, -0.397838830947876, 0.0, 902.491455078125], [0.0, 0.0, 1.0, 0.0], [0.0, 0.0, 0.0, 1.0]], "pose_inverse": [[-0.397838830947876, 0.9174553155899048, 0.0, -521.2824096679688], [-0.9174553155899048, -0.397838830947876, 0.0, 1066.356689453125], [0.0, 0.0, 1.0, 0.0], [0.0, 0.0, 0.0, 1.0]], "cam_ids": [0, 1, 2, 3, 4, 5], "cam_channels": ["CAM_FRONT_LEFT", "CAM_FRONT", "CAM_FRONT_RIGHT", "CAM_BACK_LEFT", "CAM_BACK", "CAM_BACK_RIGHT"], "token": "2ff1e237db2e4cb6867d6a7426b021c5", "scene": "scene-0366"}, {"images": ["samples/CAM_FRONT_LEFT/n015-2018-08-03-15-00-36+0800__CAM_FRONT_LEFT__1533279857754844.jpg", "samples/CAM_FRONT/n015-2018-08-03-15-00-36+0800__CAM_FRONT__1533279857762460.jpg", "samples/CAM_FRONT_RIGHT/n015-2018-08-03-15-00-36+0800__CAM_FRONT_RIGHT__1533279857770339.jpg", "samples/CAM_BACK_LEFT/n015-2018-08-03-15-00-36+0800__CAM_BACK_LEFT__1533279857797423.jpg", "samples/CAM_BACK/n015-2018-08-03-15-00-36+0800__CAM_BACK__1533279857787525.jpg", "samples/CAM_BACK_RIGHT/n015-2018-08-03-15-00-36+0800__CAM_BACK_RIGHT__1533279857777893.jpg"], "intrinsics": [[[1272.5979470598488, 0.0, 826.6154927353808], [0.0, 1272.5979470598488, 479.75165386361925], [0.0, 0.0, 1.0]], [[1266.417203046554, 0.0, 816.2670197447984], [0.0, 1266.417203046554, 491.50706579294757], [0.0, 0.0, 1.0]], [[1260.8474446004698, 0.0, 807.968244525554], [0.0, 1260.8474446004698, 495.3344268742088], [0.0, 0.0, 1.0]], [[1256.7414812095406, 0.0, 792.1125740759628], [0.0, 1256.7414812095406, 492.7757465151356], [0.0, 0.0, 1.0]], [[809.2209905677063, 0.0, 829.2196003259838], [0.0, 809.2209905677063, 481.77842384512485], [0.0, 0.0, 1.0]], [[1259.5137405846733, 0.0, 807.2529053838625], [0.0, 1259.5137405846733, 501.19579884916527], [0.0, 0.0, 1.0]]], "extrinsics": [[[0.8206397891044617, -0.5711870789527893, 0.017192048951983452, -0.965087890625], [-0.0010849795071408153, -0.03164253383874893, -0.9994986653327942, 1.5082435607910156], [0.5714446306228638, 0.8202097415924072, -0.026586852967739105, -1.28021240234375], [0.0, 0.0, 0.0, 1.0]], [[0.005481214262545109, -0.9993488192558289, 0.03566111624240875, 0.005126953125], [-0.0063750180415809155, -0.03569584712386131, -0.9993423819541931, 1.5205345153808594], [0.9999645352363586, 0.005250238813459873, -0.0065665217116475105, -1.6923828125], [0.0, 0.0, 0.0, 1.0]], [[-0.8330488801002502, -0.5530930757522583, 0.01084340363740921, 1.0322418212890625], [-0.000741435622330755, -0.018484944477677345, -0.9998288154602051, 1.5036487579345703], [0.5531988739967346, -0.8329143524169922, 0.01498878002166748, -1.2486572265625], [0.0, 0.0, 0.0, 1.0]], [[0.9478271007537842, 0.3186837136745453, -0.008029922842979431, -1.1422119140625], [0.007954862900078297, -0.048825595527887344, -0.9987756013870239, 1.5885543823242188], [-0.3186856508255005, 0.9466027021408081, -0.04881330579519272, -0.1038818359375], [0.0, 0.0, 0.0, 1.0]], [[0.00262173218652606, 0.9992409944534302, -0.03886532783508301, 0.0029296875], [-0.017463544383645058, -0.03881378471851349, -0.9990938305854797, 1.5793571472167969], [-0.9998440146446228, 0.0032980998512357473, 0.017348527908325195, 0.00189208984375], [0.0, 0.0, 0.0, 1.0]], [[-0.9347110390663147, 0.3546960651874542, -0.022494222968816757, 1.13623046875], [0.015141199342906475, -0.023492764681577682, -0.9996093511581421, 1.55145263671875], [-0.35508596897125244, -0.9346864819526672, 0.016588421538472176, -0.063720703125], [0.0, 0.0, 0.0, 1.0]]], "view": [[0.0, -2.0, 100.0], [-2.0, 0.0, 100.0], [0.0, 0.0, 1.0]], "bev": "bev_bc66d0890b964e8786d835da54c38418.png", "aux": "aux_bc66d0890b964e8786d835da54c38418.npz", "visibility": "visibility_bc66d0890b964e8786d835da54c38418.png", "pose": [[-0.397808313369751, -0.9174685478210449, 0.0, 770.9481811523438], [0.9174685478210449, -0.397808313369751, 0.0, 902.4913940429688], [0.0, 0.0, 1.0, 0.0], [0.0, 0.0, 0.0, 1.0]], "pose_inverse": [[-0.397808313369751, 0.9174685478210449, 0.0, -521.31787109375], [-0.9174685478210449, -0.397808313369751, 0.0, 1066.3392333984375], [0.0, 0.0, 1.0, 0.0], [0.0, 0.0, 0.0, 1.0]], "cam_ids": [0, 1, 2, 3, 4, 5], "cam_channels": ["CAM_FRONT_LEFT", "CAM_FRONT", "CAM_FRONT_RIGHT", "CAM_BACK_LEFT", "CAM_BACK", "CAM_BACK_RIGHT"], "token": "bc66d0890b964e8786d835da54c38418", "scene": "scene-0366"}, {"images": ["samples/CAM_FRONT_LEFT/n015-2018-08-03-15-00-36+0800__CAM_FRONT_LEFT__1533279858254844.jpg", "samples/CAM_FRONT/n015-2018-08-03-15-00-36+0800__CAM_FRONT__1533279858262460.jpg", "samples/CAM_FRONT_RIGHT/n015-2018-08-03-15-00-36+0800__CAM_FRONT_RIGHT__1533279858270353.jpg", "samples/CAM_BACK_LEFT/n015-2018-08-03-15-00-36+0800__CAM_BACK_LEFT__1533279858297423.jpg", "samples/CAM_BACK/n015-2018-08-03-15-00-36+0800__CAM_BACK__1533279858287663.jpg", "samples/CAM_BACK_RIGHT/n015-2018-08-03-15-00-36+0800__CAM_BACK_RIGHT__1533279858277893.jpg"], "intrinsics": [[[1272.5979470598488, 0.0, 826.6154927353808], [0.0, 1272.5979470598488, 479.75165386361925], [0.0, 0.0, 1.0]], [[1266.417203046554, 0.0, 816.2670197447984], [0.0, 1266.417203046554, 491.50706579294757], [0.0, 0.0, 1.0]], [[1260.8474446004698, 0.0, 807.968244525554], [0.0, 1260.8474446004698, 495.3344268742088], [0.0, 0.0, 1.0]], [[1256.7414812095406, 0.0, 792.1125740759628], [0.0, 1256.7414812095406, 492.7757465151356], [0.0, 0.0, 1.0]], [[809.2209905677063, 0.0, 829.2196003259838], [0.0, 809.2209905677063, 481.77842384512485], [0.0, 0.0, 1.0]], [[1259.5137405846733, 0.0, 807.2529053838625], [0.0, 1259.5137405846733, 501.19579884916527], [0.0, 0.0, 1.0]]], "extrinsics": [[[0.8206314444541931, -0.5712004899978638, 0.01715053804218769, -0.9649658203125], [-0.001169531256891787, -0.0316905677318573, -0.9994970560073853, 1.5082511901855469], [0.5714566707611084, 0.8201985955238342, -0.026674307882785797, -1.28021240234375], [0.0, 0.0, 0.0, 1.0]], [[0.005469251424074173, -0.9993473291397095, 0.035704661160707474, 0.0048828125], [-0.006466650404036045, -0.035739798098802567, -0.9993402361869812, 1.520538330078125], [0.9999641180038452, 0.005234760697931051, -0.006657901685684919, -1.69232177734375], [0.0, 0.0, 0.0, 1.0]], [[-0.8330549597740173, -0.5530818104743958, 0.01094728335738182, 1.0322723388671875], [-0.0008358831400983036, -0.0185308288782835, -0.9998279213905334, 1.5036487579345703], [0.5531895160675049, -0.8329208493232727, 0.014974887482821941, -1.24853515625], [0.0, 0.0, 0.0, 1.0]], [[0.9478269219398499, 0.3186817169189453, -0.008125361055135727, -1.1422119140625], [0.007873405702412128, -0.04888269677758217, -0.998773455619812, 1.58856201171875], [-0.31868797540664673, 0.9466004967689514, -0.0488414466381073, -0.103759765625], [0.0, 0.0, 0.0, 1.0]], [[0.00262433011084795, 0.9992393255233765, -0.038910873234272, 0.0028076171875], [-0.01755828969180584, -0.03885896876454353, -0.9990904331207275, 1.5793533325195312], [-0.9998424053192139, 0.003305139485746622, 0.01744295097887516, 0.00189208984375], [0.0, 0.0, 0.0, 1.0]], [[-0.9347092509269714, 0.35470473766326904, -0.022431103512644768, 1.13623046875], [0.015055402182042599, -0.02354048565030098, -0.9996095299720764, 1.5514488220214844], [-0.3550942540168762, -0.9346820116043091, 0.016663290560245514, -0.06365966796875], [0.0, 0.0, 0.0, 1.0]]], "view": [[0.0, -2.0, 100.0], [-2.0, 0.0, 100.0], [0.0, 0.0, 1.0]], "bev": "bev_d516b4c31d7f410e8c7ccc790c82af9d.png", "aux": "aux_d516b4c31d7f410e8c7ccc790c82af9d.npz", "visibility": "visibility_d516b4c31d7f410e8c7ccc790c82af9d.png", "pose": [[-0.3978659212589264, -0.917443573474884, 0.0, 770.9481811523438], [0.917443573474884, -0.3978659212589264, 0.0, 902.4913940429688], [0.0, 0.0, 1.0, 0.0], [0.0, 0.0, 0.0, 1.0]], "pose_inverse": [[-0.3978659212589264, 0.917443573474884, 0.0, -521.2509155273438], [-0.917443573474884, -0.3978659212589264, 0.0, 1066.3720703125], [0.0, 0.0, 1.0, 0.0], [0.0, 0.0, 0.0, 1.0]], "cam_ids": [0, 1, 2, 3, 4, 5], "cam_channels": ["CAM_FRONT_LEFT", "CAM_FRONT", "CAM_FRONT_RIGHT", "CAM_BACK_LEFT", "CAM_BACK", "CAM_BACK_RIGHT"], "token": "d516b4c31d7f410e8c7ccc790c82af9d", "scene": "scene-0366"}, {"images": ["samples/CAM_FRONT_LEFT/n015-2018-08-03-15-00-36+0800__CAM_FRONT_LEFT__1533279858754844.jpg", "samples/CAM_FRONT/n015-2018-08-03-15-00-36+0800__CAM_FRONT__1533279858762460.jpg", "samples/CAM_FRONT_RIGHT/n015-2018-08-03-15-00-36+0800__CAM_FRONT_RIGHT__1533279858770339.jpg", "samples/CAM_BACK_LEFT/n015-2018-08-03-15-00-36+0800__CAM_BACK_LEFT__1533279858797423.jpg", "samples/CAM_BACK/n015-2018-08-03-15-00-36+0800__CAM_BACK__1533279858787525.jpg", "samples/CAM_BACK_RIGHT/n015-2018-08-03-15-00-36+0800__CAM_BACK_RIGHT__1533279858777893.jpg"], "intrinsics": [[[1272.5979470598488, 0.0, 826.6154927353808], [0.0, 1272.5979470598488, 479.75165386361925], [0.0, 0.0, 1.0]], [[1266.417203046554, 0.0, 816.2670197447984], [0.0, 1266.417203046554, 491.50706579294757], [0.0, 0.0, 1.0]], [[1260.8474446004698, 0.0, 807.968244525554], [0.0, 1260.8474446004698, 495.3344268742088], [0.0, 0.0, 1.0]], [[1256.7414812095406, 0.0, 792.1125740759628], [0.0, 1256.7414812095406, 492.7757465151356], [0.0, 0.0, 1.0]], [[809.2209905677063, 0.0, 829.2196003259838], [0.0, 809.2209905677063, 481.77842384512485], [0.0, 0.0, 1.0]], [[1259.5137405846733, 0.0, 807.2529053838625], [0.0, 1259.5137405846733, 501.19579884916527], [0.0, 0.0, 1.0]]], "extrinsics": [[[0.8206292986869812, -0.5711864829063416, 0.017706243321299553, -0.9649658203125], [-0.0005556544638238847, -0.03178170695900917, -0.9994946718215942, 1.5082473754882812], [0.5714606046676636, 0.8202047944068909, -0.02639838494360447, -1.28021240234375], [0.0, 0.0, 0.0, 1.0]], [[0.005460760090500116, -0.9993439316749573, 0.03580227866768837, 0.0050048828125], [-0.0058494433760643005, -0.03583412244915962, -0.9993406534194946, 1.5205345153808594], [0.9999679327011108, 0.00524770375341177, -0.006041286513209343, -1.6923828125], [0.0, 0.0, 0.0, 1.0]], [[-0.8330550789833069, -0.5530906915664673, 0.010483376681804657, 1.032257080078125], [-0.00021781654504593462, -0.018622810021042824, -0.9998265504837036, 1.5036449432373047], [0.5531900525093079, -0.832912802696228, 0.015393354929983616, -1.24853515625], [0.0, 0.0, 0.0, 1.0]], [[0.9478307962417603, 0.31868329644203186, -0.0075940927490592, -1.1422271728515625], [0.008459893055260181, -0.04896164685487747, -0.9987648129463196, 1.5885543823242188], [-0.3186614215373993, 0.9465958476066589, -0.04910339042544365, -0.103759765625], [0.0, 0.0, 0.0, 1.0]], [[0.0026412582956254482, 0.9992358684539795, -0.038996607065200806, 0.002685546875], [-0.0169597789645195, -0.03894637152552605, -0.9990973472595215, 1.5793571472167969], [-0.9998526573181152, 0.0033002165146172047, 0.016843952238559723, 0.00189208984375], [0.0, 0.0, 0.0, 1.0]], [[-0.934698760509491, 0.3546934723854065, -0.023035721853375435, 1.13629150390625], [0.015670375898480415, -0.023624297231435776, -0.9995980858802795, 1.55145263671875], [-0.35509517788887024, -0.934684157371521, 0.016523422673344612, -0.063720703125], [0.0, 0.0, 0.0, 1.0]]], "view": [[0.0, -2.0, 100.0], [-2.0, 0.0, 100.0], [0.0, 0.0, 1.0]], "bev": "bev_97506d9c0d85435089f9c61fb3e6982e.png", "aux": "aux_97506d9c0d85435089f9c61fb3e6982e.npz", "visibility": "visibility_97506d9c0d85435089f9c61fb3e6982e.png", "pose": [[-0.39804208278656006, -0.917367160320282, 0.0, 770.9481201171875], [0.917367160320282, -0.39804208278656006, 0.0, 902.4913330078125], [0.0, 0.0, 1.0, 0.0], [0.0, 0.0, 0.0, 1.0]], "pose_inverse": [[-0.39804208278656006, 0.917367160320282, 0.0, -521.0460815429688], [-0.917367160320282, -0.39804208278656006, 0.0, 1066.4720458984375], [0.0, 0.0, 1.0, 0.0], [0.0, 0.0, 0.0, 1.0]], "cam_ids": [0, 1, 2, 3, 4, 5], "cam_channels": ["CAM_FRONT_LEFT", "CAM_FRONT", "CAM_FRONT_RIGHT", "CAM_BACK_LEFT", "CAM_BACK", "CAM_BACK_RIGHT"], "token": "97506d9c0d85435089f9c61fb3e6982e", "scene": "scene-0366"}, {"images": ["samples/CAM_FRONT_LEFT/n015-2018-08-03-15-00-36+0800__CAM_FRONT_LEFT__1533279859154844.jpg", "samples/CAM_FRONT/n015-2018-08-03-15-00-36+0800__CAM_FRONT__1533279859162460.jpg", "samples/CAM_FRONT_RIGHT/n015-2018-08-03-15-00-36+0800__CAM_FRONT_RIGHT__1533279859170339.jpg", "samples/CAM_BACK_LEFT/n015-2018-08-03-15-00-36+0800__CAM_BACK_LEFT__1533279859197423.jpg", "samples/CAM_BACK/n015-2018-08-03-15-00-36+0800__CAM_BACK__1533279859187525.jpg", "samples/CAM_BACK_RIGHT/n015-2018-08-03-15-00-36+0800__CAM_BACK_RIGHT__1533279859177893.jpg"], "intrinsics": [[[1272.5979470598488, 0.0, 826.6154927353808], [0.0, 1272.5979470598488, 479.75165386361925], [0.0, 0.0, 1.0]], [[1266.417203046554, 0.0, 816.2670197447984], [0.0, 1266.417203046554, 491.50706579294757], [0.0, 0.0, 1.0]], [[1260.8474446004698, 0.0, 807.968244525554], [0.0, 1260.8474446004698, 495.3344268742088], [0.0, 0.0, 1.0]], [[1256.7414812095406, 0.0, 792.1125740759628], [0.0, 1256.7414812095406, 492.7757465151356], [0.0, 0.0, 1.0]], [[809.2209905677063, 0.0, 829.2196003259838], [0.0, 809.2209905677063, 481.77842384512485], [0.0, 0.0, 1.0]], [[1259.5137405846733, 0.0, 807.2529053838625], [0.0, 1259.5137405846733, 501.19579884916527], [0.0, 0.0, 1.0]]], "extrinsics": [[[0.8205951452255249, -0.5712298154830933, 0.017890620976686478, -0.964111328125], [-0.0004199007817078382, -0.03190673515200615, -0.9994907379150391, 1.5082435607910156], [0.5715096592903137, 0.8201697468757629, -0.026422373950481415, -1.2796630859375], [0.0, 0.0, 0.0, 1.0]], [[0.005409673787653446, -0.9993391633033752, 0.035943083465099335, 0.0050048828125], [-0.0057013994082808495, -0.03597385063767433, -0.9993364810943604, 1.5205268859863281], [0.9999691247940063, 0.0052011627703905106, -0.005892238579690456, -1.69140625], [0.0, 0.0, 0.0, 1.0]], [[-0.8330763578414917, -0.553059458732605, 0.010435796342790127, 1.03167724609375], [-5.8284607803216204e-05, -0.018778087571263313, -0.9998236894607544, 1.5036449432373047], [0.5531579256057739, -0.8329300880432129, 0.015611346811056137, -1.248291015625], [0.0, 0.0, 0.0, 1.0]], [[0.9478331208229065, 0.31867852807044983, -0.007501843851059675, -1.142242431640625], [0.00862035620957613, -0.049150340259075165, -0.9987542033195496, 1.5885543823242188], [-0.3186502456665039, 0.9465876817703247, -0.049333445727825165, -0.1038818359375], [0.0, 0.0, 0.0, 1.0]], [[0.0026635064277797937, 0.9992292523384094, -0.03916509449481964, 0.002685546875], [-0.016795391216874123, -0.03911500796675682, -0.9990935921669006, 1.5793495178222656], [-0.9998553991317749, 0.0033188730012625456, 0.016678262501955032, 0.00146484375], [0.0, 0.0, 0.0, 1.0]], [[-0.9346855878829956, 0.35471439361572266, -0.023249661549925804, 1.1357421875], [0.01583472453057766, -0.02379288151860237, -0.9995914697647095, 1.5514602661132812], [-0.3551226854324341, -0.9346719980239868, 0.01662205532193184, -0.06390380859375], [0.0, 0.0, 0.0, 1.0]]], "view": [[0.0, -2.0, 100.0], [-2.0, 0.0, 100.0], [0.0, 0.0, 1.0]], "bev": "bev_b20772a776d347689f02cfae80fe75c9.png", "aux": "aux_b20772a776d347689f02cfae80fe75c9.npz", "visibility": "visibility_b20772a776d347689f02cfae80fe75c9.png", "pose": [[-0.39845460653305054, -0.9171880483627319, 0.0, 770.9476928710938], [0.9171880483627319, -0.39845460653305054, 0.0, 902.4922485351562], [0.0, 0.0, 1.0, 0.0], [0.0, 0.0, 0.0, 1.0]], "pose_inverse": [[-0.39845460653305054, 0.9171880483627319, 0.0, -520.5674438476562], [-0.9171880483627319, -0.39845460653305054, 0.0, 1066.7061767578125], [0.0, 0.0, 1.0, 0.0], [0.0, 0.0, 0.0, 1.0]], "cam_ids": [0, 1, 2, 3, 4, 5], "cam_channels": ["CAM_FRONT_LEFT", "CAM_FRONT", "CAM_FRONT_RIGHT", "CAM_BACK_LEFT", "CAM_BACK", "CAM_BACK_RIGHT"], "token": "b20772a776d347689f02cfae80fe75c9", "scene": "scene-0366"}, {"images": ["samples/CAM_FRONT_LEFT/n015-2018-08-03-15-00-36+0800__CAM_FRONT_LEFT__1533279859654844.jpg", "samples/CAM_FRONT/n015-2018-08-03-15-00-36+0800__CAM_FRONT__1533279859662460.jpg", "samples/CAM_FRONT_RIGHT/n015-2018-08-03-15-00-36+0800__CAM_FRONT_RIGHT__1533279859670352.jpg", "samples/CAM_BACK_LEFT/n015-2018-08-03-15-00-36+0800__CAM_BACK_LEFT__1533279859697423.jpg", "samples/CAM_BACK/n015-2018-08-03-15-00-36+0800__CAM_BACK__1533279859687525.jpg", "samples/CAM_BACK_RIGHT/n015-2018-08-03-15-00-36+0800__CAM_BACK_RIGHT__1533279859677893.jpg"], "intrinsics": [[[1272.5979470598488, 0.0, 826.6154927353808], [0.0, 1272.5979470598488, 479.75165386361925], [0.0, 0.0, 1.0]], [[1266.417203046554, 0.0, 816.2670197447984], [0.0, 1266.417203046554, 491.50706579294757], [0.0, 0.0, 1.0]], [[1260.8474446004698, 0.0, 807.968244525554], [0.0, 1260.8474446004698, 495.3344268742088], [0.0, 0.0, 1.0]], [[1256.7414812095406, 0.0, 792.1125740759628], [0.0, 1256.7414812095406, 492.7757465151356], [0.0, 0.0, 1.0]], [[809.2209905677063, 0.0, 829.2196003259838], [0.0, 809.2209905677063, 481.77842384512485], [0.0, 0.0, 1.0]], [[1259.5137405846733, 0.0, 807.2529053838625], [0.0, 1259.5137405846733, 501.19579884916527], [0.0, 0.0, 1.0]]], "extrinsics": [[[0.8204981684684753, -0.571353018283844, 0.01839682273566723, -0.953125], [-0.0004270716744940728, -0.03279467299580574, -0.9994620084762573, 1.5082359313964844], [0.571648895740509, 0.8200489282608032, -0.027151981368660927, -1.271728515625], [0.0, 0.0, 0.0, 1.0]], [[0.005267361644655466, -0.9993072748184204, 0.03684002906084061, 0.0050048828125], [-0.005714198108762503, -0.036870017647743225, -0.9993037581443787, 1.5204620361328125], [0.9999697208404541, 0.005053197033703327, -0.00590444914996624, -1.68011474609375], [0.0, 0.0, 0.0, 1.0]], [[-0.8331395983695984, -0.5529541969299316, 0.010950634256005287, 1.02410888671875], [-7.091197039699182e-05, -0.019693180918693542, -0.9998060464859009, 1.5036430358886719], [0.5530626773834229, -0.8329787850379944, 0.01636796072125435, -1.243408203125], [0.0, 0.0, 0.0, 1.0]], [[0.9478403329849243, 0.31864917278289795, -0.007827888242900372, -1.1413726806640625], [0.008608417585492134, -0.05014027655124664, -0.9987050294876099, 1.5885581970214844], [-0.31862905621528625, 0.9465456604957581, -0.05026804283261299, -0.10400390625], [0.0, 0.0, 0.0, 1.0]], [[0.00271860184147954, 0.9991906881332397, -0.04013342782855034, 0.0029296875], [-0.016814453527331352, -0.04008222743868828, -0.9990549087524414, 1.5792884826660156], [-0.9998549222946167, 0.0033908949699252844, 0.01669187657535076, -0.00238037109375], [0.0, 0.0, 0.0, 1.0]], [[-0.9346543550491333, 0.35477492213249207, -0.02357696369290352, 1.1295166015625], [0.015825625509023666, -0.024734850972890854, -0.9995688199996948, 1.5515632629394531], [-0.35520511865615845, -0.9346244931221008, 0.017504001036286354, -0.06634521484375], [0.0, 0.0, 0.0, 1.0]]], "view": [[0.0, -2.0, 100.0], [-2.0, 0.0, 100.0], [0.0, 0.0, 1.0]], "bev": "bev_2e81e1a5aeb04f96b56006ac70b62fbd.png", "aux": "aux_2e81e1a5aeb04f96b56006ac70b62fbd.npz", "visibility": "visibility_2e81e1a5aeb04f96b56006ac70b62fbd.png", "pose": [[-0.4001375138759613, -0.916455090045929, 0.0, 770.9033203125], [0.916455090045929, -0.4001375138759613, 0.0, 902.5938720703125], [0.0, 0.0, 1.0, 0.0], [0.0, 0.0, 0.0, 1.0]], "pose_inverse": [[-0.4001375138759613, 0.916455090045929, 0.0, -518.7194213867188], [-0.916455090045929, -0.4001375138759613, 0.0, 1067.659912109375], [0.0, 0.0, 1.0, 0.0], [0.0, 0.0, 0.0, 1.0]], "cam_ids": [0, 1, 2, 3, 4, 5], "cam_channels": ["CAM_FRONT_LEFT", "CAM_FRONT", "CAM_FRONT_RIGHT", "CAM_BACK_LEFT", "CAM_BACK", "CAM_BACK_RIGHT"], "token": "2e81e1a5aeb04f96b56006ac70b62fbd", "scene": "scene-0366"}, {"images": ["samples/CAM_FRONT_LEFT/n015-2018-08-03-15-00-36+0800__CAM_FRONT_LEFT__1533279860154844.jpg", "samples/CAM_FRONT/n015-2018-08-03-15-00-36+0800__CAM_FRONT__1533279860162460.jpg", "samples/CAM_FRONT_RIGHT/n015-2018-08-03-15-00-36+0800__CAM_FRONT_RIGHT__1533279860170339.jpg", "samples/CAM_BACK_LEFT/n015-2018-08-03-15-00-36+0800__CAM_BACK_LEFT__1533279860197423.jpg", "samples/CAM_BACK/n015-2018-08-03-15-00-36+0800__CAM_BACK__1533279860187525.jpg", "samples/CAM_BACK_RIGHT/n015-2018-08-03-15-00-36+0800__CAM_BACK_RIGHT__1533279860177893.jpg"], "intrinsics": [[[1272.5979470598488, 0.0, 826.6154927353808], [0.0, 1272.5979470598488, 479.75165386361925], [0.0, 0.0, 1.0]], [[1266.417203046554, 0.0, 816.2670197447984], [0.0, 1266.417203046554, 491.50706579294757], [0.0, 0.0, 1.0]], [[1260.8474446004698, 0.0, 807.968244525554], [0.0, 1260.8474446004698, 495.3344268742088], [0.0, 0.0, 1.0]], [[1256.7414812095406, 0.0, 792.1125740759628], [0.0, 1256.7414812095406, 492.7757465151356], [0.0, 0.0, 1.0]], [[809.2209905677063, 0.0, 829.2196003259838], [0.0, 809.2209905677063, 481.77842384512485], [0.0, 0.0, 1.0]], [[1259.5137405846733, 0.0, 807.2529053838625], [0.0, 1259.5137405846733, 501.19579884916527], [0.0, 0.0, 1.0]]], "extrinsics": [[[0.8203930258750916, -0.5714659690856934, 0.019538240507245064, -0.9456787109375], [-0.0007382918265648186, -0.035228338092565536, -0.99937903881073, 1.5082054138183594], [0.5717993974685669, 0.8198692798614502, -0.029322993010282516, -1.2659912109375], [0.0, 0.0, 0.0, 1.0]], [[0.005107494071125984, -0.9992147088050842, 0.0392904207110405, 0.0045166015625], [-0.006027889903634787, -0.03932098299264908, -0.9992085099220276, 1.5203971862792969], [0.9999687671661377, 0.004866638220846653, -0.006223988253623247, -1.67218017578125], [0.0, 0.0, 0.0, 1.0]], [[-0.8332182168960571, -0.5528014302253723, 0.012565423734486103, 1.018798828125], [-0.0003787431342061609, -0.022154001519083977, -0.9997544288635254, 1.5036334991455078], [0.5529440641403198, -0.83301842212677, 0.0182497501373291, -1.240234375], [0.0, 0.0, 0.0, 1.0]], [[0.9478510618209839, 0.3185891807079315, -0.008896900340914726, -1.141265869140625], [0.008313775062561035, -0.0526210218667984, -0.9985799193382263, 1.5885581970214844], [-0.31860485672950745, 0.9464311599731445, -0.05252557620406151, -0.1041259765625], [0.0, 0.0, 0.0, 1.0]], [[0.0027893411461263895, 0.9990880489349365, -0.042605672031641006, 0.0029296875], [-0.017109530046582222, -0.0425519198179245, -0.9989477396011353, 1.5792388916015625], [-0.9998497366905212, 0.003515401156619191, 0.01697523333132267, -0.0045166015625], [0.0, 0.0, 0.0, 1.0]], [[-0.9346181750297546, 0.35483089089393616, -0.024164458736777306, 1.125244140625], [0.015519731678068638, -0.02718927524983883, -0.9995098114013672, 1.5516242980957031], [-0.3553139865398407, -0.9345350861549377, 0.019904708489775658, -0.0679931640625], [0.0, 0.0, 0.0, 1.0]]], "view": [[0.0, -2.0, 100.0], [-2.0, 0.0, 100.0], [0.0, 0.0, 1.0]], "bev": "bev_fda53070115e413cbd0e4a8c388e9276.png", "aux": "aux_fda53070115e413cbd0e4a8c388e9276.npz", "visibility": "visibility_fda53070115e413cbd0e4a8c388e9276.png", "pose": [[-0.4040960669517517, -0.9147165417671204, 0.0, 770.8145141601562], [0.9147165417671204, -0.4040960669517517, 0.0, 902.786865234375], [0.0, 0.0, 1.0, 0.0], [0.0, 0.0, 0.0, 1.0]], "pose_inverse": [[-0.4040960669517517, 0.9147165417671204, 0.0, -514.3109741210938], [-0.9147165417671204, -0.4040960669517517, 0.0, 1069.889404296875], [0.0, 0.0, 1.0, 0.0], [0.0, 0.0, 0.0, 1.0]], "cam_ids": [0, 1, 2, 3, 4, 5], "cam_channels": ["CAM_FRONT_LEFT", "CAM_FRONT", "CAM_FRONT_RIGHT", "CAM_BACK_LEFT", "CAM_BACK", "CAM_BACK_RIGHT"], "token": "fda53070115e413cbd0e4a8c388e9276", "scene": "scene-0366"}, {"images": ["samples/CAM_FRONT_LEFT/n015-2018-08-03-15-00-36+0800__CAM_FRONT_LEFT__1533279860654844.jpg", "samples/CAM_FRONT/n015-2018-08-03-15-00-36+0800__CAM_FRONT__1533279860662460.jpg", "samples/CAM_FRONT_RIGHT/n015-2018-08-03-15-00-36+0800__CAM_FRONT_RIGHT__1533279860670339.jpg", "samples/CAM_BACK_LEFT/n015-2018-08-03-15-00-36+0800__CAM_BACK_LEFT__1533279860697423.jpg", "samples/CAM_BACK/n015-2018-08-03-15-00-36+0800__CAM_BACK__1533279860687525.jpg", "samples/CAM_BACK_RIGHT/n015-2018-08-03-15-00-36+0800__CAM_BACK_RIGHT__1533279860677893.jpg"], "intrinsics": [[[1272.5979470598488, 0.0, 826.6154927353808], [0.0, 1272.5979470598488, 479.75165386361925], [0.0, 0.0, 1.0]], [[1266.417203046554, 0.0, 816.2670197447984], [0.0, 1266.417203046554, 491.50706579294757], [0.0, 0.0, 1.0]], [[1260.8474446004698, 0.0, 807.968244525554], [0.0, 1260.8474446004698, 495.3344268742088], [0.0, 0.0, 1.0]], [[1256.7414812095406, 0.0, 792.1125740759628], [0.0, 1256.7414812095406, 492.7757465151356], [0.0, 0.0, 1.0]], [[809.2209905677063, 0.0, 829.2196003259838], [0.0, 809.2209905677063, 481.77842384512485], [0.0, 0.0, 1.0]], [[1259.5137405846733, 0.0, 807.2529053838625], [0.0, 1259.5137405846733, 501.19579884916527], [0.0, 0.0, 1.0]]], "extrinsics": [[[0.8202003240585327, -0.5717157125473022, 0.020311139523983, -0.9322509765625], [-0.000588242313824594, -0.03634706884622574, -0.9993390440940857, 1.5082168579101562], [0.5720760226249695, 0.8196462392807007, -0.030148185789585114, -1.25726318359375], [0.0, 0.0, 0.0, 1.0]], [[0.004831231199204922, -0.9991738796234131, 0.04035099595785141, 0.0050048828125], [-0.005909761879593134, -0.04037929326295853, -0.9991669654846191, 1.5203361511230469], [0.9999708533287048, 0.004588732495903969, -0.00609996123239398, -1.65911865234375], [0.0, 0.0, 0.0, 1.0]], [[-0.8333348035812378, -0.5526145100593567, 0.013046132400631905, 1.010589599609375], [-0.0002946461027022451, -0.023157361894845963, -0.9997317790985107, 1.5036373138427734], [0.5527682900428772, -0.8331152200698853, 0.019135015085339546, -1.234375], [0.0, 0.0, 0.0, 1.0]], [[0.9478596448898315, 0.3185553252696991, -0.009193375706672668, -1.140625], [0.008269798941910267, -0.05342411622405052, -0.9985376596450806, 1.5885658264160156], [-0.31858062744140625, 0.9463975429534912, -0.05327295511960983, -0.1041259765625], [0.0, 0.0, 0.0, 1.0]], [[0.0028801022563129663, 0.9990503191947937, -0.043476253747940063, 0.0029296875], [-0.017098793759942055, -0.04342087358236313, -0.9989105463027954, 1.5791740417480469], [-0.9998496770858765, 0.0036203449126333, 0.016957497224211693, -0.00860595703125], [0.0, 0.0, 0.0, 1.0]], [[-0.9345624446868896, 0.3549511134624481, -0.02454868145287037, 1.1182861328125], [0.015563326887786388, -0.028147758916020393, -0.9994826316833496, 1.5517463684082031], [-0.35545846819877625, -0.9344609975814819, 0.0207816194742918, -0.070556640625], [0.0, 0.0, 0.0, 1.0]]], "view": [[0.0, -2.0, 100.0], [-2.0, 0.0, 100.0], [0.0, 0.0, 1.0]], "bev": "bev_86dc5a0e2d7d43a5a9d99dfd952e72eb.png", "aux": "aux_86dc5a0e2d7d43a5a9d99dfd952e72eb.npz", "visibility": "visibility_86dc5a0e2d7d43a5a9d99dfd952e72eb.png", "pose": [[-0.40961095690727234, -0.9122602939605713, 0.0, 770.671142578125], [0.9122602939605713, -0.40961095690727234, 0.0, 903.0989990234375], [0.0, 0.0, 1.0, 0.0], [0.0, 0.0, 0.0, 1.0]], "pose_inverse": [[-0.40961095690727234, 0.9122602939605713, 0.0, -508.18603515625], [-0.9122602939605713, -0.40961095690727234, 0.0, 1072.971923828125], [0.0, 0.0, 1.0, 0.0], [0.0, 0.0, 0.0, 1.0]], "cam_ids": [0, 1, 2, 3, 4, 5], "cam_channels": ["CAM_FRONT_LEFT", "CAM_FRONT", "CAM_FRONT_RIGHT", "CAM_BACK_LEFT", "CAM_BACK", "CAM_BACK_RIGHT"], "token": "86dc5a0e2d7d43a5a9d99dfd952e72eb", "scene": "scene-0366"}, {"images": ["samples/CAM_FRONT_LEFT/n015-2018-08-03-15-00-36+0800__CAM_FRONT_LEFT__1533279861154844.jpg", "samples/CAM_FRONT/n015-2018-08-03-15-00-36+0800__CAM_FRONT__1533279861162460.jpg", "samples/CAM_FRONT_RIGHT/n015-2018-08-03-15-00-36+0800__CAM_FRONT_RIGHT__1533279861170339.jpg", "samples/CAM_BACK_LEFT/n015-2018-08-03-15-00-36+0800__CAM_BACK_LEFT__1533279861197423.jpg", "samples/CAM_BACK/n015-2018-08-03-15-00-36+0800__CAM_BACK__1533279861187525.jpg", "samples/CAM_BACK_RIGHT/n015-2018-08-03-15-00-36+0800__CAM_BACK_RIGHT__1533279861177893.jpg"], "intrinsics": [[[1272.5979470598488, 0.0, 826.6154927353808], [0.0, 1272.5979470598488, 479.75165386361925], [0.0, 0.0, 1.0]], [[1266.417203046554, 0.0, 816.2670197447984], [0.0, 1266.417203046554, 491.50706579294757], [0.0, 0.0, 1.0]], [[1260.8474446004698, 0.0, 807.968244525554], [0.0, 1260.8474446004698, 495.3344268742088], [0.0, 0.0, 1.0]], [[1256.7414812095406, 0.0, 792.1125740759628], [0.0, 1256.7414812095406, 492.7757465151356], [0.0, 0.0, 1.0]], [[809.2209905677063, 0.0, 829.2196003259838], [0.0, 809.2209905677063, 481.77842384512485], [0.0, 0.0, 1.0]], [[1259.5137405846733, 0.0, 807.2529053838625], [0.0, 1259.5137405846733, 501.19579884916527], [0.0, 0.0, 1.0]]], "extrinsics": [[[0.8203314542770386, -0.571548342704773, 0.01971392147243023, -0.92333984375], [-0.0003867301857098937, -0.035026032477617264, -0.9993863701820374, 1.5082283020019531], [0.5718880891799927, 0.8198204636573792, -0.028953995555639267, -1.25128173828125], [0.0, 0.0, 0.0, 1.0]], [[0.005016634706407785, -0.9992218613624573, 0.03911983221769333, 0.00537109375], [-0.00566142937168479, -0.03914807736873627, -0.9992173910140991, 1.5202980041503906], [0.999971330165863, 0.004791260696947575, -0.0058534154668450356, -1.650360107421875], [0.0, 0.0, 0.0, 1.0]], [[-0.8332532048225403, -0.5527558326721191, 0.012246864847838879, 1.004791259765625], [-8.832332969177514e-05, -0.022017499431967735, -0.9997575879096985, 1.5036449432373047], [0.5528915524482727, -0.8330522179603577, 0.018297327682375908, -1.23046875], [0.0, 0.0, 0.0, 1.0]], [[0.9478562474250793, 0.3185790181159973, -0.00871096458286047, -1.1399078369140625], [0.008493708446621895, -0.052575379610061646, -0.998580813407898, 1.5885772705078125], [-0.3185849189758301, 0.9464371204376221, -0.052539825439453125, -0.1046142578125], [0.0, 0.0, 0.0, 1.0]], [[0.002822317648679018, 0.9990917444229126, -0.04251797869801521, 0.0028076171875], [-0.016941817477345467, -0.042464278638362885, -0.9989543557167053, 1.5791282653808594], [-0.9998525381088257, 0.003539720084518194, 0.016806580126285553, -0.011810302734375], [0.0, 0.0, 0.0, 1.0]], [[-0.9346001148223877, 0.3548715114593506, -0.02426411211490631, 1.11334228515625], [0.0156626645475626, -0.027091221883893013, -0.9995102882385254, 1.5518379211425781], [-0.35535505414009094, -0.9345225095748901, 0.019761230796575546, -0.072265625], [0.0, 0.0, 0.0, 1.0]]], "view": [[0.0, -2.0, 100.0], [-2.0, 0.0, 100.0], [0.0, 0.0, 1.0]], "bev": "bev_33603d82386c4ff48755e93793e20f95.png", "aux": "aux_33603d82386c4ff48755e93793e20f95.npz", "visibility": "visibility_33603d82386c4ff48755e93793e20f95.png", "pose": [[-0.41520223021507263, -0.9097291231155396, 0.0, 770.4563598632812], [0.9097291231155396, -0.41520223021507263, 0.0, 903.569580078125], [0.0, 0.0, 1.0, 0.0], [0.0, 0.0, 0.0, 1.0]], "pose_inverse": [[-0.41520223021507263, 0.9097291231155396, 0.0, -502.1083984375], [-0.9097291231155396, -0.41520223021507263, 0.0, 1076.0706787109375], [0.0, 0.0, 1.0, 0.0], [0.0, 0.0, 0.0, 1.0]], "cam_ids": [0, 1, 2, 3, 4, 5], "cam_channels": ["CAM_FRONT_LEFT", "CAM_FRONT", "CAM_FRONT_RIGHT", "CAM_BACK_LEFT", "CAM_BACK", "CAM_BACK_RIGHT"], "token": "33603d82386c4ff48755e93793e20f95", "scene": "scene-0366"}, {"images": ["samples/CAM_FRONT_LEFT/n015-2018-08-03-15-00-36+0800__CAM_FRONT_LEFT__1533279861654844.jpg", "samples/CAM_FRONT/n015-2018-08-03-15-00-36+0800__CAM_FRONT__1533279861662460.jpg", "samples/CAM_FRONT_RIGHT/n015-2018-08-03-15-00-36+0800__CAM_FRONT_RIGHT__1533279861670339.jpg", "samples/CAM_BACK_LEFT/n015-2018-08-03-15-00-36+0800__CAM_BACK_LEFT__1533279861697423.jpg", "samples/CAM_BACK/n015-2018-08-03-15-00-36+0800__CAM_BACK__1533279861687525.jpg", "samples/CAM_BACK_RIGHT/n015-2018-08-03-15-00-36+0800__CAM_BACK_RIGHT__1533279861677893.jpg"], "intrinsics": [[[1272.5979470598488, 0.0, 826.6154927353808], [0.0, 1272.5979470598488, 479.75165386361925], [0.0, 0.0, 1.0]], [[1266.417203046554, 0.0, 816.2670197447984], [0.0, 1266.417203046554, 491.50706579294757], [0.0, 0.0, 1.0]], [[1260.8474446004698, 0.0, 807.968244525554], [0.0, 1260.8474446004698, 495.3344268742088], [0.0, 0.0, 1.0]], [[1256.7414812095406, 0.0, 792.1125740759628], [0.0, 1256.7414812095406, 492.7757465151356], [0.0, 0.0, 1.0]], [[809.2209905677063, 0.0, 829.2196003259838], [0.0, 809.2209905677063, 481.77842384512485], [0.0, 0.0, 1.0]], [[1259.5137405846733, 0.0, 807.2529053838625], [0.0, 1259.5137405846733, 501.19579884916527], [0.0, 0.0, 1.0]]], "extrinsics": [[[0.8202186822891235, -0.5717835426330566, 0.01746465638279915, -0.9293212890625], [-0.0019238197710365057, -0.03328689560294151, -0.9994440078735352, 1.5081748962402344], [0.5720469355583191, 0.8197289705276489, -0.02840254083275795, -1.2557373046875], [0.0, 0.0, 0.0, 1.0]], [[0.004870707634836435, -0.9992944598197937, 0.03724181279540062, 0.0054931640625], [-0.007234168704599142, -0.037276491522789, -0.9992788434028625, 1.5202827453613281], [0.9999619722366333, 0.004597831051796675, -0.0074106305837631226, -1.65643310546875], [0.0, 0.0, 0.0, 1.0]], [[-0.8333247303962708, -0.552644670009613, 0.012399065308272839, 1.0089111328125], [-0.0015990636311471462, -0.020020142197608948, -0.9997982978820801, 1.5036048889160156], [0.5527814626693726, -0.8331764936447144, 0.015799568966031075, -1.2327880859375], [0.0, 0.0, 0.0, 1.0]], [[0.9478402137756348, 0.3186087906360626, -0.009340938180685043, -1.1402664184570312], [0.007050239015370607, -0.050254106521606445, -0.9987115263938904, 1.5885734558105469], [-0.3186677396297455, 0.9465531706809998, -0.049879129976034164, -0.1044921875], [0.0, 0.0, 0.0, 1.0]], [[0.0028186445124447346, 0.9991828799247742, -0.04031822085380554, 0.0028076171875], [-0.018379412591457367, -0