[{"images": ["samples/CAM_FRONT_LEFT/n015-2018-08-01-16-32-59+0800__CAM_FRONT_LEFT__1533112720154844.jpg", "samples/CAM_FRONT/n015-2018-08-01-16-32-59+0800__CAM_FRONT__1533112720162460.jpg", "samples/CAM_FRONT_RIGHT/n015-2018-08-01-16-32-59+0800__CAM_FRONT_RIGHT__1533112720170339.jpg", "samples/CAM_BACK_LEFT/n015-2018-08-01-16-32-59+0800__CAM_BACK_LEFT__1533112720197423.jpg", "samples/CAM_BACK/n015-2018-08-01-16-32-59+0800__CAM_BACK__1533112720187525.jpg", "samples/CAM_BACK_RIGHT/n015-2018-08-01-16-32-59+0800__CAM_BACK_RIGHT__1533112720177893.jpg"], "intrinsics": [[[1272.5979470598488, 0.0, 826.6154927353808], [0.0, 1272.5979470598488, 479.75165386361925], [0.0, 0.0, 1.0]], [[1266.417203046554, 0.0, 816.2670197447984], [0.0, 1266.417203046554, 491.50706579294757], [0.0, 0.0, 1.0]], [[1260.8474446004698, 0.0, 807.968244525554], [0.0, 1260.8474446004698, 495.3344268742088], [0.0, 0.0, 1.0]], [[1256.7414812095406, 0.0, 792.1125740759628], [0.0, 1256.7414812095406, 492.7757465151356], [0.0, 0.0, 1.0]], [[809.2209905677063, 0.0, 829.2196003259838], [0.0, 809.2209905677063, 481.77842384512485], [0.0, 0.0, 1.0]], [[1259.5137405846733, 0.0, 807.2529053838625], [0.0, 1259.5137405846733, 501.19579884916527], [0.0, 0.0, 1.0]]], "extrinsics": [[[0.8190558552742004, -0.5686419010162354, -0.07611627876758575, -0.570404052734375], [-0.07072245329618454, 0.03158745542168617, -0.996995747089386, 1.4742450714111328], [0.5693379044532776, 0.8219783902168274, -0.014343866147100925, -1.01123046875], [0.0, 0.0, 0.0, 1.0]], [[0.006481376476585865, -0.9995770454406738, -0.028350377455353737, 0.01123046875], [-0.0764378160238266, 0.027772795408964157, -0.9966874718666077, 1.4904289245605469], [0.9970532655715942, 0.008626856841146946, -0.07622547447681427, -1.3009109497070312], [0.0, 0.0, 0.0, 1.0]], [[-0.8310943841934204, -0.555077850818634, 0.03421491011977196, 0.7816162109375], [-0.07123208791017532, 0.04523276537656784, -0.9964336156845093, 1.481903076171875], [0.551550567150116, -0.8305675983428955, -0.07713206112384796, -1.0791015625], [0.0, 0.0, 0.0, 1.0]], [[0.945540189743042, 0.320781946182251, -0.055250536650419235, -1.143646240234375], [-0.06366361677646637, 0.015789425000548363, -0.9978464841842651, 1.5886411666870117], [-0.3192186951637268, 0.947021484375, 0.035351671278476715, -0.10345458984375], [0.0, 0.0, 0.0, 1.0]], [[0.0017037151847034693, 0.9996777176856995, 0.025328535586595535, 0.00189208984375], [-0.08863916248083115, 0.025379842147231102, -0.9957404732704163, 1.56964111328125], [-0.9960622191429138, -0.000548610754776746, 0.08865384012460709, -0.1070556640625], [0.0, 0.0, 0.0, 1.0]], [[-0.9333537817001343, 0.35275670886039734, 0.06643328070640564, 0.93194580078125], [-0.05571131035685539, 0.04047328233718872, -0.9976263046264648, 1.5392189025878906], [-0.35460811853408813, -0.9348394274711609, -0.018123354762792587, -0.13916015625], [0.0, 0.0, 0.0, 1.0]]], "view": [[0.0, -2.0, 100.0], [-2.0, 0.0, 100.0], [0.0, 0.0, 1.0]], "bev": "bev_f13681c5baa842e18612875866994266.png", "aux": "aux_f13681c5baa842e18612875866994266.npz", "visibility": "visibility_f13681c5baa842e18612875866994266.png", "pose": [[-0.824958324432373, -0.5651935338973999, 0.0, 653.3442993164062], [0.5651935338973999, -0.824958324432373, 0.0, 783.596923828125], [0.0, 0.0, 1.0, 0.0], [0.0, 0.0, 0.0, 1.0]], "pose_inverse": [[-0.824958324432373, 0.5651935338973999, 0.0, 96.09789276123047], [-0.5651935338973999, -0.824958324432373, 0.0, 1015.7008056640625], [0.0, 0.0, 1.0, 0.0], [0.0, 0.0, 0.0, 1.0]], "cam_ids": [0, 1, 2, 3, 4, 5], "cam_channels": ["CAM_FRONT_LEFT", "CAM_FRONT", "CAM_FRONT_RIGHT", "CAM_BACK_LEFT", "CAM_BACK", "CAM_BACK_RIGHT"], "token": "f13681c5baa842e18612875866994266", "scene": "scene-0124"}, {"images": ["samples/CAM_FRONT_LEFT/n015-2018-08-01-16-32-59+0800__CAM_FRONT_LEFT__1533112720654844.jpg", "samples/CAM_FRONT/n015-2018-08-01-16-32-59+0800__CAM_FRONT__1533112720662460.jpg", "samples/CAM_FRONT_RIGHT/n015-2018-08-01-16-32-59+0800__CAM_FRONT_RIGHT__1533112720670339.jpg", "samples/CAM_BACK_LEFT/n015-2018-08-01-16-32-59+0800__CAM_BACK_LEFT__1533112720697423.jpg", "samples/CAM_BACK/n015-2018-08-01-16-32-59+0800__CAM_BACK__1533112720687525.jpg", "samples/CAM_BACK_RIGHT/n015-2018-08-01-16-32-59+0800__CAM_BACK_RIGHT__1533112720677893.jpg"], "intrinsics": [[[1272.5979470598488, 0.0, 826.6154927353808], [0.0, 1272.5979470598488, 479.75165386361925], [0.0, 0.0, 1.0]], [[1266.417203046554, 0.0, 816.2670197447984], [0.0, 1266.417203046554, 491.50706579294757], [0.0, 0.0, 1.0]], [[1260.8474446004698, 0.0, 807.968244525554], [0.0, 1260.8474446004698, 495.3344268742088], [0.0, 0.0, 1.0]], [[1256.7414812095406, 0.0, 792.1125740759628], [0.0, 1256.7414812095406, 492.7757465151356], [0.0, 0.0, 1.0]], [[809.2209905677063, 0.0, 829.2196003259838], [0.0, 809.2209905677063, 481.77842384512485], [0.0, 0.0, 1.0]], [[1259.5137405846733, 0.0, 807.2529053838625], [0.0, 1259.5137405846733, 501.19579884916527], [0.0, 0.0, 1.0]]], "extrinsics": [[[0.8187021017074585, -0.5692234635353088, -0.07557421177625656, -0.56591796875], [-0.06478089839220047, 0.039212990552186966, -0.9971287250518799, 1.4766921997070312], [0.5705525875091553, 0.8212472796440125, -0.004771048203110695, -1.005615234375], [0.0, 0.0, 0.0, 1.0]], [[0.005395933054387569, -0.9993506669998169, -0.035623423755168915, 0.009521484375], [-0.06984651833772659, 0.035160284489393234, -0.9969379901885986, 1.4925823211669922], [0.9975430965423584, 0.00786755420267582, -0.06961144506931305, -1.2942352294921875], [0.0, 0.0, 0.0, 1.0]], [[-0.831956684589386, -0.5543089509010315, 0.024281876161694527, 0.7757568359375], [-0.06397625803947449, 0.052365612238645554, -0.9965765476226807, 1.4837532043457031], [0.5511397123336792, -0.8306620121002197, -0.07902853935956955, -1.0767822265625], [0.0, 0.0, 0.0, 1.0]], [[0.9461466073989868, 0.32066574692726135, -0.04449617117643356, -1.141632080078125], [-0.05443328991532326, 0.022086989134550095, -0.9982730746269226, 1.5885429382324219], [-0.31912919878959656, 0.9469349384307861, 0.03835242614150047, -0.10345458984375], [0.0, 0.0, 0.0, 1.0]], [[0.0023303856141865253, 0.9994875192642212, 0.031926896423101425, 0.00244140625], [-0.08012836426496506, 0.03201096132397652, -0.9962704181671143, 1.5701885223388672], [-0.9967818260192871, -0.00023647207126487046, 0.08016189187765121, -0.11197662353515625], [0.0, 0.0, 0.0, 1.0]], [[-0.9334830045700073, 0.3532979488372803, 0.06156361475586891, 0.926849365234375], [-0.04786760360002518, 0.04738273844122887, -0.9977292418479919, 1.5406761169433594], [-0.35541272163391113, -0.9343101382255554, -0.027319451794028282, -0.14202880859375], [0.0, 0.0, 0.0, 1.0]]], "view": [[0.0, -2.0, 100.0], [-2.0, 0.0, 100.0], [0.0, 0.0, 1.0]], "bev": "bev_5c9d70d3c66c42dfa9e11cbed65a7080.png", "aux": "aux_5c9d70d3c66c42dfa9e11cbed65a7080.npz", "visibility": "visibility_5c9d70d3c66c42dfa9e11cbed65a7080.png", "pose": [[-0.8251751065254211, -0.5648770332336426, 0.0, 648.6799926757812], [0.5648770332336426, -0.8251751065254211, 0.0, 786.843017578125], [0.0, 0.0, 1.0, 0.0], [0.0, 0.0, 0.0, 1.0]], "pose_inverse": [[-0.8251751065254211, 0.5648770332336426, 0.0, 90.8050308227539], [-0.5648770332336426, -0.8251751065254211, 0.0, 1015.7077026367188], [0.0, 0.0, 1.0, 0.0], [0.0, 0.0, 0.0, 1.0]], "cam_ids": [0, 1, 2, 3, 4, 5], "cam_channels": ["CAM_FRONT_LEFT", "CAM_FRONT", "CAM_FRONT_RIGHT", "CAM_BACK_LEFT", "CAM_BACK", "CAM_BACK_RIGHT"], "token": "5c9d70d3c66c42dfa9e11cbed65a7080", "scene": "scene-0124"}, {"images": ["samples/CAM_FRONT_LEFT/n015-2018-08-01-16-32-59+0800__CAM_FRONT_LEFT__1533112721104844.jpg", "samples/CAM_FRONT/n015-2018-08-01-16-32-59+0800__CAM_FRONT__1533112721112460.jpg", "samples/CAM_FRONT_RIGHT/n015-2018-08-01-16-32-59+0800__CAM_FRONT_RIGHT__1533112721120339.jpg", "samples/CAM_BACK_LEFT/n015-2018-08-01-16-32-59+0800__CAM_BACK_LEFT__1533112721147423.jpg", "samples/CAM_BACK/n015-2018-08-01-16-32-59+0800__CAM_BACK__1533112721137525.jpg", "samples/CAM_BACK_RIGHT/n015-2018-08-01-16-32-59+0800__CAM_BACK_RIGHT__1533112721127893.jpg"], "intrinsics": [[[1272.5979470598488, 0.0, 826.6154927353808], [0.0, 1272.5979470598488, 479.75165386361925], [0.0, 0.0, 1.0]], [[1266.417203046554, 0.0, 816.2670197447984], [0.0, 1266.417203046554, 491.50706579294757], [0.0, 0.0, 1.0]], [[1260.8474446004698, 0.0, 807.968244525554], [0.0, 1260.8474446004698, 495.3344268742088], [0.0, 0.0, 1.0]], [[1256.7414812095406, 0.0, 792.1125740759628], [0.0, 1256.7414812095406, 492.7757465151356], [0.0, 0.0, 1.0]], [[809.2209905677063, 0.0, 829.2196003259838], [0.0, 809.2209905677063, 481.77842384512485], [0.0, 0.0, 1.0]], [[1259.5137405846733, 0.0, 807.2529053838625], [0.0, 1259.5137405846733, 501.19579884916527], [0.0, 0.0, 1.0]]], "extrinsics": [[[0.8191361427307129, -0.5700180530548096, -0.06399597972631454, -0.55657958984375], [-0.051800042390823364, 0.037601374089717865, -0.9979493618011475, 1.4824180603027344], [0.5712553858757019, 0.820771336555481, 0.0012736859498545527, -1.00103759765625], [0.0, 0.0, 0.0, 1.0]], [[0.0050592864863574505, -0.9994117021560669, -0.033919721841812134, 0.01092529296875], [-0.0568506084382534, 0.03357783704996109, -0.9978179335594177, 1.4972476959228516], [0.9983698725700378, 0.006976506672799587, -0.05664728581905365, -1.285614013671875], [0.0, 0.0, 0.0, 1.0]], [[-0.832621157169342, -0.5536573529243469, 0.01433468610048294, 0.77056884765625], [-0.05096723511815071, 0.050823669880628586, -0.9974062442779541, 1.4873695373535156], [0.5514926910400391, -0.8311922550201416, -0.07053525000810623, -1.07177734375], [0.0, 0.0, 0.0, 1.0]], [[0.9469228386878967, 0.31978216767311096, -0.03281215950846672, -1.140533447265625], [-0.04154110327363014, 0.02051175944507122, -0.9989262223243713, 1.5884933471679688], [-0.3187657296657562, 0.947269082069397, 0.03270715847611427, -0.10400390625], [0.0, 0.0, 0.0, 1.0]], [[0.0027267453260719776, 0.9995338320732117, 0.030410664156079292, 0.00213623046875], [-0.06717933714389801, 0.030525177717208862, -0.997273862361908, 1.5714778900146484], [-0.9977371692657471, 0.0006763875135220587, 0.06723124533891678, -0.11472320556640625], [0.0, 0.0, 0.0, 1.0]], [[-0.9339464902877808, 0.3540547788143158, 0.048879995942115784, 0.921661376953125], [-0.0348600298166275, 0.04587255045771599, -0.9983388185501099, 1.5433692932128906], [-0.3557089567184448, -0.9340990781784058, -0.030500145629048347, -0.14306640625], [0.0, 0.0, 0.0, 1.0]]], "view": [[0.0, -2.0, 100.0], [-2.0, 0.0, 100.0], [0.0, 0.0, 1.0]], "bev": "bev_bd3aee38d25d46cd8ff7f14a56ee0ced.png", "aux": "aux_bd3aee38d25d46cd8ff7f14a56ee0ced.npz", "visibility": "visibility_bd3aee38d25d46cd8ff7f14a56ee0ced.png", "pose": [[-0.8276484608650208, -0.5612468719482422, 0.0, 644.3780517578125], [0.5612468719482422, -0.8276484608650208, 0.0, 789.8250732421875], [0.0, 0.0, 1.0, 0.0], [0.0, 0.0, 0.0, 1.0]], "pose_inverse": [[-0.8276484608650208, 0.5612468719482422, 0.0, 90.03164672851562], [-0.5612468719482422, -0.8276484608650208, 0.0, 1015.3526611328125], [0.0, 0.0, 1.0, 0.0], [0.0, 0.0, 0.0, 1.0]], "cam_ids": [0, 1, 2, 3, 4, 5], "cam_channels": ["CAM_FRONT_LEFT", "CAM_FRONT", "CAM_FRONT_RIGHT", "CAM_BACK_LEFT", "CAM_BACK", "CAM_BACK_RIGHT"], "token": "bd3aee38d25d46cd8ff7f14a56ee0ced", "scene": "scene-0124"}, {"images": ["samples/CAM_FRONT_LEFT/n015-2018-08-01-16-32-59+0800__CAM_FRONT_LEFT__1533112721654844.jpg", "samples/CAM_FRONT/n015-2018-08-01-16-32-59+0800__CAM_FRONT__1533112721662460.jpg", "samples/CAM_FRONT_RIGHT/n015-2018-08-01-16-32-59+0800__CAM_FRONT_RIGHT__1533112721670339.jpg", "samples/CAM_BACK_LEFT/n015-2018-08-01-16-32-59+0800__CAM_BACK_LEFT__1533112721697423.jpg", "samples/CAM_BACK/n015-2018-08-01-16-32-59+0800__CAM_BACK__1533112721687525.jpg", "samples/CAM_BACK_RIGHT/n015-2018-08-01-16-32-59+0800__CAM_BACK_RIGHT__1533112721677893.jpg"], "intrinsics": [[[1272.5979470598488, 0.0, 826.6154927353808], [0.0, 1272.5979470598488, 479.75165386361925], [0.0, 0.0, 1.0]], [[1266.417203046554, 0.0, 816.2670197447984], [0.0, 1266.417203046554, 491.50706579294757], [0.0, 0.0, 1.0]], [[1260.8474446004698, 0.0, 807.968244525554], [0.0, 1260.8474446004698, 495.3344268742088], [0.0, 0.0, 1.0]], [[1256.7414812095406, 0.0, 792.1125740759628], [0.0, 1256.7414812095406, 492.7757465151356], [0.0, 0.0, 1.0]], [[809.2209905677063, 0.0, 829.2196003259838], [0.0, 809.2209905677063, 481.77842384512485], [0.0, 0.0, 1.0]], [[1259.5137405846733, 0.0, 807.2529053838625], [0.0, 1259.5137405846733, 501.19579884916527], [0.0, 0.0, 1.0]]], "extrinsics": [[[0.8191010355949402, -0.5703189373016357, -0.06172414496541023, -0.561309814453125], [-0.04705336317420006, 0.04044013097882271, -0.9980734586715698, 1.4850311279296875], [0.57171630859375, 0.8204272985458374, 0.006289132870733738, -1.0035400390625], [0.0, 0.0, 0.0, 1.0]], [[0.0047007654793560505, -0.9993112087249756, -0.036809127777814865, 0.01019287109375], [-0.05207012966275215, 0.0365150012075901, -0.9979756474494934, 1.4994850158691406], [0.9986323714256287, 0.006607907358556986, -0.05186261236667633, -1.2910385131835938], [0.0, 0.0, 0.0, 1.0]], [[-0.8329427242279053, -0.5532918572425842, 0.008625220507383347, 0.77459716796875], [-0.04610782861709595, 0.053862471133470535, -0.9974832534790039, 1.4891700744628906], [0.5514348745346069, -0.8312441110610962, -0.07037544250488281, -1.0751953125], [0.0, 0.0, 0.0, 1.0]], [[0.9470615386962891, 0.31994614005088806, -0.02662353590130806, -1.142333984375], [-0.036227740347385406, 0.024102751165628433, -0.999052882194519, 1.5885543823242188], [-0.31900134682655334, 0.9471291303634644, 0.034417714923620224, -0.10400390625], [0.0, 0.0, 0.0, 1.0]], [[0.002798129338771105, 0.9994257092475891, 0.033771220594644547, 0.00213623046875], [-0.06209908798336983, 0.0338798388838768, -0.9974948167800903, 1.5722923278808594], [-0.9980660676956177, 0.0006939773447811604, 0.06215821951627731, -0.11112213134765625], [0.0, 0.0, 0.0, 1.0]], [[-0.9340263605117798, 0.354307621717453, 0.045396219938993454, 0.92633056640625], [-0.02992279641330242, 0.04903249070048332, -0.9983488917350769, 1.5446510314941406], [-0.3559485077857971, -0.933842658996582, -0.03519576042890549, -0.14166259765625], [0.0, 0.0, 0.0, 1.0]]], "view": [[0.0, -2.0, 100.0], [-2.0, 0.0, 100.0], [0.0, 0.0, 1.0]], "bev": "bev_5d67a90f5ac64030ae54ccc48fcc4545.png", "aux": "aux_5d67a90f5ac64030ae54ccc48fcc4545.npz", "visibility": "visibility_5d67a90f5ac64030ae54ccc48fcc4545.png", "pose": [[-0.8305597305297852, -0.5569295883178711, 0.0, 639.0936279296875], [0.5569295883178711, -0.8305597305297852, 0.0, 793.454833984375], [0.0, 0.0, 1.0, 0.0], [0.0, 0.0, 0.0, 1.0]], "pose_inverse": [[-0.8305597305297852, 0.5569295883178711, 0.0, 88.90697479248047], [-0.5569295883178711, -0.8305597305297852, 0.0, 1014.9417724609375], [0.0, 0.0, 1.0, 0.0], [0.0, 0.0, 0.0, 1.0]], "cam_ids": [0, 1, 2, 3, 4, 5], "cam_channels": ["CAM_FRONT_LEFT", "CAM_FRONT", "CAM_FRONT_RIGHT", "CAM_BACK_LEFT", "CAM_BACK", "CAM_BACK_RIGHT"], "token": "5d67a90f5ac64030ae54ccc48fcc4545", "scene": "scene-0124"}, {"images": ["samples/CAM_FRONT_LEFT/n015-2018-08-01-16-32-59+0800__CAM_FRONT_LEFT__1533112722154844.jpg", "samples/CAM_FRONT/n015-2018-08-01-16-32-59+0800__CAM_FRONT__1533112722162460.jpg", "samples/CAM_FRONT_RIGHT/n015-2018-08-01-16-32-59+0800__CAM_FRONT_RIGHT__1533112722170339.jpg", "samples/CAM_BACK_LEFT/n015-2018-08-01-16-32-59+0800__CAM_BACK_LEFT__1533112722197423.jpg", "samples/CAM_BACK/n015-2018-08-01-16-32-59+0800__CAM_BACK__1533112722187525.jpg", "samples/CAM_BACK_RIGHT/n015-2018-08-01-16-32-59+0800__CAM_BACK_RIGHT__1533112722177893.jpg"], "intrinsics": [[[1272.5979470598488, 0.0, 826.6154927353808], [0.0, 1272.5979470598488, 479.75165386361925], [0.0, 0.0, 1.0]], [[1266.417203046554, 0.0, 816.2670197447984], [0.0, 1266.417203046554, 491.50706579294757], [0.0, 0.0, 1.0]], [[1260.8474446004698, 0.0, 807.968244525554], [0.0, 1260.8474446004698, 495.3344268742088], [0.0, 0.0, 1.0]], [[1256.7414812095406, 0.0, 792.1125740759628], [0.0, 1256.7414812095406, 492.7757465151356], [0.0, 0.0, 1.0]], [[809.2209905677063, 0.0, 829.2196003259838], [0.0, 809.2209905677063, 481.77842384512485], [0.0, 0.0, 1.0]], [[1259.5137405846733, 0.0, 807.2529053838625], [0.0, 1259.5137405846733, 501.19579884916527], [0.0, 0.0, 1.0]]], "extrinsics": [[[0.8195546865463257, -0.5703356862068176, -0.05520312860608101, -0.56927490234375], [-0.03396648168563843, 0.047815196216106415, -0.9982784986495972, 1.4917984008789062], [0.5719934105873108, 0.8200188279151917, 0.01981486938893795, -1.00653076171875], [0.0, 0.0, 0.0, 1.0]], [[0.004631558898836374, -0.9990198016166687, -0.04402182251214981, 0.008544921875], [-0.03897285833954811, 0.04380851984024048, -0.9982795119285583, 1.5050315856933594], [0.9992294907569885, 0.006339285988360643, -0.03873175382614136, -1.2967376708984375], [0.0, 0.0, 0.0, 1.0]], [[-0.8333176970481873, -0.5527591705322266, -0.006229636259377003, 0.77667236328125], [-0.03303874284029007, 0.06105077266693115, -0.9975876808166504, 1.493408203125], [0.5518060922622681, -0.8311017155647278, -0.06913715600967407, -1.07794189453125], [0.0, 0.0, 0.0, 1.0]], [[0.9475728273391724, 0.31929779052734375, -0.01243688352406025, -1.139892578125], [-0.02355284057557583, 0.030975989997386932, -0.9992425441741943, 1.5885047912597656], [-0.31867077946662903, 0.9471480846405029, 0.03687237948179245, -0.10443115234375], [0.0, 0.0, 0.0, 1.0]], [[0.003070038976147771, 0.9991635084152222, 0.0407785065472126, 0.002685546875], [-0.04925752058625221, 0.040880292654037476, -0.9979491233825684, 1.5736885070800781], [-0.9987813830375671, 0.001055101747624576, 0.04934181645512581, -0.1127777099609375], [0.0, 0.0, 0.0, 1.0]], [[-0.9343071579933167, 0.3546682894229889, 0.0357859767973423, 0.92767333984375], [-0.01693309098482132, 0.056119296699762344, -0.9982804656028748, 1.5476264953613281], [-0.3560667932033539, -0.9333065748214722, -0.046427030116319656, -0.14215087890625], [0.0, 0.0, 0.0, 1.0]]], "view": [[0.0, -2.0, 100.0], [-2.0, 0.0, 100.0], [0.0, 0.0, 1.0]], "bev": "bev_5c3508072c63483c898dd172923d5bd3.png", "aux": "aux_5c3508072c63483c898dd172923d5bd3.npz", "visibility": "visibility_5c3508072c63483c898dd172923d5bd3.png", "pose": [[-0.8312301635742188, -0.5559284687042236, 0.0, 634.4169311523438], [0.5559284687042236, -0.8312301635742188, 0.0, 796.64306640625], [0.0, 0.0, 1.0, 0.0], [0.0, 0.0, 0.0, 1.0]], "pose_inverse": [[-0.8312301635742188, 0.5559284687042236, 0.0, 84.46990966796875], [-0.5559284687042236, -0.8312301635742188, 0.0, 1014.8841552734375], [0.0, 0.0, 1.0, 0.0], [0.0, 0.0, 0.0, 1.0]], "cam_ids": [0, 1, 2, 3, 4, 5], "cam_channels": ["CAM_FRONT_LEFT", "CAM_FRONT", "CAM_FRONT_RIGHT", "CAM_BACK_LEFT", "CAM_BACK", "CAM_BACK_RIGHT"], "token": "5c3508072c63483c898dd172923d5bd3", "scene": "scene-0124"}, {"images": ["samples/CAM_FRONT_LEFT/n015-2018-08-01-16-32-59+0800__CAM_FRONT_LEFT__1533112722654844.jpg", "samples/CAM_FRONT/n015-2018-08-01-16-32-59+0800__CAM_FRONT__1533112722662460.jpg", "samples/CAM_FRONT_RIGHT/n015-2018-08-01-16-32-59+0800__CAM_FRONT_RIGHT__1533112722670339.jpg", "samples/CAM_BACK_LEFT/n015-2018-08-01-16-32-59+0800__CAM_BACK_LEFT__1533112722697423.jpg", "samples/CAM_BACK/n015-2018-08-01-16-32-59+0800__CAM_BACK__1533112722687525.jpg", "samples/CAM_BACK_RIGHT/n015-2018-08-01-16-32-59+0800__CAM_BACK_RIGHT__1533112722677893.jpg"], "intrinsics": [[[1272.5979470598488, 0.0, 826.6154927353808], [0.0, 1272.5979470598488, 479.75165386361925], [0.0, 0.0, 1.0]], [[1266.417203046554, 0.0, 816.2670197447984], [0.0, 1266.417203046554, 491.50706579294757], [0.0, 0.0, 1.0]], [[1260.8474446004698, 0.0, 807.968244525554], [0.0, 1260.8474446004698, 495.3344268742088], [0.0, 0.0, 1.0]], [[1256.7414812095406, 0.0, 792.1125740759628], [0.0, 1256.7414812095406, 492.7757465151356], [0.0, 0.0, 1.0]], [[809.2209905677063, 0.0, 829.2196003259838], [0.0, 809.2209905677063, 481.77842384512485], [0.0, 0.0, 1.0]], [[1259.5137405846733, 0.0, 807.2529053838625], [0.0, 1259.5137405846733, 501.19579884916527], [0.0, 0.0, 1.0]]], "extrinsics": [[[0.8199102282524109, -0.5702193975448608, -0.05096134543418884, -0.538818359375], [-0.027245592325925827, 0.05005020275712013, -0.9983750581741333, 1.4939765930175781], [0.5718433260917664, 0.8199663758277893, 0.0255007091909647, -0.9871826171875], [0.0, 0.0, 0.0, 1.0]], [[0.004861360415816307, -0.9989217519760132, -0.04616978019475937, 0.010009765625], [-0.03246382251381874, 0.04598833993077278, -0.9984143376350403, 1.5066146850585938], [0.9994610548019409, 0.006352526135742664, -0.0322052501142025, -1.2678375244140625], [0.0, 0.0, 0.0, 1.0]], [[-0.8333271145820618, -0.5526346564292908, -0.012680787593126297, 0.759033203125], [-0.026736024767160416, 0.06320766359567642, -0.9976421594619751, 1.4947013854980469], [0.5521331429481506, -0.8310232758522034, -0.06744791567325592, -1.06512451171875], [0.0, 0.0, 0.0, 1.0]], [[0.9478092789649963, 0.318774938583374, -0.0063276044093072414, -1.1458740234375], [-0.017762383446097374, 0.03297683596611023, -0.9992982745170593, 1.5886306762695312], [-0.31834250688552856, 0.9472566246986389, 0.036917950958013535, -0.102294921875], [0.0, 0.0, 0.0, 1.0]], [[0.0030876914970576763, 0.9990772604942322, 0.04283934086561203, 0.0023193359375], [-0.04329035431146622, 0.04293293133378029, -0.9981396198272705, 1.5740509033203125], [-0.9990578293800354, 0.0012274308828637004, 0.04338296875357628, -0.11980438232421875], [0.0, 0.0, 0.0, 1.0]], [[-0.9344488978385925, 0.35476505756378174, 0.03077239729464054, 0.912933349609375], [-0.010764921084046364, 0.05823323503136635, -0.9982449412345886, 1.5487899780273438], [-0.35593441128730774, -0.933140218257904, -0.050596967339515686, -0.14697265625], [0.0, 0.0, 0.0, 1.0]]], "view": [[0.0, -2.0, 100.0], [-2.0, 0.0, 100.0], [0.0, 0.0, 1.0]], "bev": "bev_6e72aec5d0d84cc1a6b63b794152c17d.png", "aux": "aux_6e72aec5d0d84cc1a6b63b794152c17d.npz", "visibility": "visibility_6e72aec5d0d84cc1a6b63b794152c17d.png", "pose": [[-0.8312578797340393, -0.55588698387146, 0.0, 629.4605102539062], [0.55588698387146, -0.8312578797340393, 0.0, 800.0062866210938], [0.0, 0.0, 1.0, 0.0], [0.0, 0.0, 0.0, 1.0]], "pose_inverse": [[-0.8312578797340393, 0.55588698387146, 0.0, 78.53093719482422], [-0.55588698387146, -0.8312578797340393, 0.0, 1014.92041015625], [0.0, 0.0, 1.0, 0.0], [0.0, 0.0, 0.0, 1.0]], "cam_ids": [0, 1, 2, 3, 4, 5], "cam_channels": ["CAM_FRONT_LEFT", "CAM_FRONT", "CAM_FRONT_RIGHT", "CAM_BACK_LEFT", "CAM_BACK", "CAM_BACK_RIGHT"], "token": "6e72aec5d0d84cc1a6b63b794152c17d", "scene": "scene-0124"}, {"images": ["samples/CAM_FRONT_LEFT/n015-2018-08-01-16-32-59+0800__CAM_FRONT_LEFT__1533112723154844.jpg", "samples/CAM_FRONT/n015-2018-08-01-16-32-59+0800__CAM_FRONT__1533112723162460.jpg", "samples/CAM_FRONT_RIGHT/n015-2018-08-01-16-32-59+0800__CAM_FRONT_RIGHT__1533112723170339.jpg", "samples/CAM_BACK_LEFT/n015-2018-08-01-16-32-59+0800__CAM_BACK_LEFT__1533112723197423.jpg", "samples/CAM_BACK/n015-2018-08-01-16-32-59+0800__CAM_BACK__1533112723188271.jpg", "samples/CAM_BACK_RIGHT/n015-2018-08-01-16-32-59+0800__CAM_BACK_RIGHT__1533112723177893.jpg"], "intrinsics": [[[1272.5979470598488, 0.0, 826.6154927353808], [0.0, 1272.5979470598488, 479.75165386361925], [0.0, 0.0, 1.0]], [[1266.417203046554, 0.0, 816.2670197447984], [0.0, 1266.417203046554, 491.50706579294757], [0.0, 0.0, 1.0]], [[1260.8474446004698, 0.0, 807.968244525554], [0.0, 1260.8474446004698, 495.3344268742088], [0.0, 0.0, 1.0]], [[1256.7414812095406, 0.0, 792.1125740759628], [0.0, 1256.7414812095406, 492.7757465151356], [0.0, 0.0, 1.0]], [[809.2209905677063, 0.0, 829.2196003259838], [0.0, 809.2209905677063, 481.77842384512485], [0.0, 0.0, 1.0]], [[1259.5137405846733, 0.0, 807.2529053838625], [0.0, 1259.5137405846733, 501.19579884916527], [0.0, 0.0, 1.0]]], "extrinsics": [[[0.819317638874054, -0.5698984861373901, -0.06272395700216293, -0.57476806640625], [-0.04459905996918678, 0.04571882635354996, -0.9979583024978638, 1.4869499206542969], [0.5716025233268738, 0.8204423189163208, 0.012041306123137474, -1.01275634765625], [0.0, 0.0, 0.0, 1.0]], [[0.004817781038582325, -0.9991099238395691, -0.0419047586619854, 0.00994873046875], [-0.050302308052778244, 0.041610054671764374, -0.9978669285774231, 1.500885009765625], [0.9987224340438843, 0.0069154431112110615, -0.0500570684671402, -1.3047409057617188], [0.0, 0.0, 0.0, 1.0]], [[-0.8329477310180664, -0.5533286929130554, 0.0050610508769750595, 0.783447265625], [-0.04505842179059982, 0.05870676413178444, -0.9972578287124634, 1.4899864196777344], [0.551514208316803, -0.8308916091918945, -0.07383178174495697, -1.081298828125], [0.0, 0.0, 0.0, 1.0]], [[0.9470759630203247, 0.3198884129524231, -0.026807352900505066, -1.140625], [-0.03764890134334564, 0.027754534035921097, -0.9989054799079895, 1.5884971618652344], [-0.3187941908836365, 0.9470486044883728, 0.038329098373651505, -0.1041259765625], [0.0, 0.0, 0.0, 1.0]], [[0.0028467224910855293, 0.9992785453796387, 0.03787283971905708, 0.00244140625], [-0.06260477006435394, 0.037976786494255066, -0.9973155856132507, 1.5729217529296875], [-0.9980344176292419, 0.00046805868623778224, 0.06266771256923676, -0.100341796875], [0.0, 0.0, 0.0, 1.0]], [[-0.934040904045105, 0.3541088402271271, 0.04663129150867462, 0.9329833984375], [-0.029525192454457283, 0.0535605363547802, -0.9981279969215393, 1.5449562072753906], [-0.35594356060028076, -0.9336692690849304, -0.03957260400056839, -0.1392822265625], [0.0, 0.0, 0.0, 1.0]]], "view": [[0.0, -2.0, 100.0], [-2.0, 0.0, 100.0], [0.0, 0.0, 1.0]], "bev": "bev_12a087e40d874fc19f7282c153c15789.png", "aux": "aux_12a087e40d874fc19f7282c153c15789.npz", "visibility": "visibility_12a087e40d874fc19f7282c153c15789.png", "pose": [[-0.8330399990081787, -0.5532127618789673, 0.0, 624.71533203125], [0.5532127618789673, -0.8330399990081787, 0.0, 803.2139282226562], [0.0, 0.0, 1.0, 0.0], [0.0, 0.0, 0.0, 1.0]], "pose_inverse": [[-0.8330399990081787, 0.5532127618789673, 0.0, 76.06463623046875], [-0.5532127618789673, -0.8330399990081787, 0.0, 1014.7098388671875], [0.0, 0.0, 1.0, 0.0], [0.0, 0.0, 0.0, 1.0]], "cam_ids": [0, 1, 2, 3, 4, 5], "cam_channels": ["CAM_FRONT_LEFT", "CAM_FRONT", "CAM_FRONT_RIGHT", "CAM_BACK_LEFT", "CAM_BACK", "CAM_BACK_RIGHT"], "token": "12a087e40d874fc19f7282c153c15789", "scene": "scene-0124"}, {"images": ["samples/CAM_FRONT_LEFT/n015-2018-08-01-16-32-59+0800__CAM_FRONT_LEFT__1533112723654844.jpg", "samples/CAM_FRONT/n015-2018-08-01-16-32-59+0800__CAM_FRONT__1533112723662460.jpg", "samples/CAM_FRONT_RIGHT/n015-2018-08-01-16-32-59+0800__CAM_FRONT_RIGHT__1533112723670339.jpg", "samples/CAM_BACK_LEFT/n015-2018-08-01-16-32-59+0800__CAM_BACK_LEFT__1533112723697423.jpg", "samples/CAM_BACK/n015-2018-08-01-16-32-59+0800__CAM_BACK__1533112723687525.jpg", "samples/CAM_BACK_RIGHT/n015-2018-08-01-16-32-59+0800__CAM_BACK_RIGHT__1533112723677893.jpg"], "intrinsics": [[[1272.5979470598488, 0.0, 826.6154927353808], [0.0, 1272.5979470598488, 479.75165386361925], [0.0, 0.0, 1.0]], [[1266.417203046554, 0.0, 816.2670197447984], [0.0, 1266.417203046554, 491.50706579294757], [0.0, 0.0, 1.0]], [[1260.8474446004698, 0.0, 807.968244525554], [0.0, 1260.8474446004698, 495.3344268742088], [0.0, 0.0, 1.0]], [[1256.7414812095406, 0.0, 792.1125740759628], [0.0, 1256.7414812095406, 492.7757465151356], [0.0, 0.0, 1.0]], [[809.2209905677063, 0.0, 829.2196003259838], [0.0, 809.2209905677063, 481.77842384512485], [0.0, 0.0, 1.0]], [[1259.5137405846733, 0.0, 807.2529053838625], [0.0, 1259.5137405846733, 501.19579884916527], [0.0, 0.0, 1.0]]], "extrinsics": [[[0.8197692036628723, -0.5708534717559814, -0.045876678079366684, -0.57550048828125], [-0.027975130826234818, 0.04009551927447319, -0.9988041520118713, 1.4949188232421875], [0.5720102190971375, 0.8200723528862, 0.01689937338232994, -1.0106201171875], [0.0, 0.0, 0.0, 1.0]], [[0.004678213037550449, -0.9993282556533813, -0.036346130073070526, 0.0081787109375], [-0.03359514847397804, 0.03616894781589508, -0.9987808465957642, 1.5074462890625], [0.9994245767593384, 0.005893583409488201, -0.03340337425470352, -1.3043289184570312], [0.0, 0.0, 0.0, 1.0]], [[-0.8333683013916016, -0.5526845455169678, -0.006077595986425877, 0.783203125], [-0.02822457253932953, 0.053534917533397675, -0.9981669783592224, 1.4951438903808594], [0.5519968271255493, -0.831669270992279, -0.060213591903448105, -1.082763671875], [0.0, 0.0, 0.0, 1.0]], [[0.947638750076294, 0.31914475560188293, -0.011285394430160522, -1.148193359375], [-0.02003590017557144, 0.024148788303136826, -0.9995075464248657, 1.58868408203125], [-0.31871509552001953, 0.9473982453346252, 0.02927868254482746, -0.10162353515625], [0.0, 0.0, 0.0, 1.0]], [[0.002943905536085367, 0.9994297027587891, 0.033641282469034195, 0.0028076171875], [-0.04530849680304527, 0.03374018520116806, -0.9984031319618225, 1.5745773315429688], [-0.998968780040741, 0.0014149543130770326, 0.045381978154182434, -0.10332489013671875], [0.0, 0.0, 0.0, 1.0]], [[-0.9344213008880615, 0.35498565435409546, 0.02901812270283699, 0.93597412109375], [-0.012495380826294422, 0.04874958097934723, -0.99873286485672, 1.5487442016601562], [-0.3559505343437195, -0.9335998892784119, -0.04111696779727936, -0.139404296875], [0.0, 0.0, 0.0, 1.0]]], "view": [[0.0, -2.0, 100.0], [-2.0, 0.0, 100.0], [0.0, 0.0, 1.0]], "bev": "bev_881c5016e242484d98dec9a66f826666.png", "aux": "aux_881c5016e242484d98dec9a66f826666.npz", "visibility": "visibility_881c5016e242484d98dec9a66f826666.png", "pose": [[-0.8355462551116943, -0.5494201183319092, 0.0, 620.0941162109375], [0.5494201183319092, -0.8355462551116943, 0.0, 806.3085327148438], [0.0, 0.0, 1.0, 0.0], [0.0, 0.0, 0.0, 1.0]], "pose_inverse": [[-0.8355462551116943, 0.5494201183319092, 0.0, 75.11515045166016], [-0.5494201183319092, -0.8355462551116943, 0.0, 1014.4002685546875], [0.0, 0.0, 1.0, 0.0], [0.0, 0.0, 0.0, 1.0]], "cam_ids": [0, 1, 2, 3, 4, 5], "cam_channels": ["CAM_FRONT_LEFT", "CAM_FRONT", "CAM_FRONT_RIGHT", "CAM_BACK_LEFT", "CAM_BACK", "CAM_BACK_RIGHT"], "token": "881c5016e242484d98dec9a66f826666", "scene": "scene-0124"}, {"images": ["samples/CAM_FRONT_LEFT/n015-2018-08-01-16-32-59+0800__CAM_FRONT_LEFT__1533112724154844.jpg", "samples/CAM_FRONT/n015-2018-08-01-16-32-59+0800__CAM_FRONT__1533112724162460.jpg", "samples/CAM_FRONT_RIGHT/n015-2018-08-01-16-32-59+0800__CAM_FRONT_RIGHT__1533112724170339.jpg", "samples/CAM_BACK_LEFT/n015-2018-08-01-16-32-59+0800__CAM_BACK_LEFT__1533112724197423.jpg", "samples/CAM_BACK/n015-2018-08-01-16-32-59+0800__CAM_BACK__1533112724187525.jpg", "samples/CAM_BACK_RIGHT/n015-2018-08-01-16-32-59+0800__CAM_BACK_RIGHT__1533112724177893.jpg"], "intrinsics": [[[1272.5979470598488, 0.0, 826.6154927353808], [0.0, 1272.5979470598488, 479.75165386361925], [0.0, 0.0, 1.0]], [[1266.417203046554, 0.0, 816.2670197447984], [0.0, 1266.417203046554, 491.50706579294757], [0.0, 0.0, 1.0]], [[1260.8474446004698, 0.0, 807.968244525554], [0.0, 1260.8474446004698, 495.3344268742088], [0.0, 0.0, 1.0]], [[1256.7414812095406, 0.0, 792.1125740759628], [0.0, 1256.7414812095406, 492.7757465151356], [0.0, 0.0, 1.0]], [[809.2209905677063, 0.0, 829.2196003259838], [0.0, 809.2209905677063, 481.77842384512485], [0.0, 0.0, 1.0]], [[1259.5137405846733, 0.0, 807.2529053838625], [0.0, 1259.5137405846733, 501.19579884916527], [0.0, 0.0, 1.0]]], "extrinsics": [[[0.819929301738739, -0.5700098872184753, -0.05295870453119278, -0.57989501953125], [-0.025631774216890335, 0.05586278811097145, -0.9981094002723694, 1.4960823059082031], [0.571890652179718, 0.8197365999221802, 0.031193172559142113, -1.01568603515625], [0.0, 0.0, 0.0, 1.0]], [[0.004805113188922405, -0.998637318611145, -0.05196595564484596, 0.0096435546875], [-0.03130105510354042, 0.05179088935256004, -0.9981672763824463, 1.5084304809570312], [0.9994984269142151, 0.006422917824238539, -0.03100953996181488, -1.3103790283203125], [0.0, 0.0, 0.0, 1.0]], [[-0.8333792686462402, -0.5524575710296631, -0.01641661673784256, 0.7882080078125], [-0.026037439703941345, 0.06891221553087234, -0.997282862663269, 1.4958419799804688], [0.5520877838134766, -0.8306874632835388, -0.07181459665298462, -1.08447265625], [0.0, 0.0, 0.0, 1.0]], [[0.9478179216384888, 0.3187686502933502, -0.005273071117699146, -1.151275634765625], [-0.018559031188488007, 0.03865612670779228, -0.9990801811218262, 1.5887374877929688], [-0.31827157735824585, 0.9470439553260803, 0.042555004358291626, -0.1004638671875], [0.0, 0.0, 0.0, 1.0]], [[0.003216753713786602, 0.9988169074058533, 0.04852297529578209, 0.00244140625], [-0.04354335740208626, 0.048617105931043625, -0.9978678822517395, 1.5748558044433594], [-0.9990463256835938, 0.0010969775030389428, 0.04364822432398796, -0.10044097900390625], [0.0, 0.0, 0.0, 1.0]], [[-0.9344162940979004, 0.3546924591064453, 0.032552190124988556, 0.93939208984375], [-0.010501984506845474, 0.06391623616218567, -0.9979000091552734, 1.5491561889648438], [-0.356028288602829, -0.9327958226203918, -0.05599939450621605, -0.13702392578125], [0.0, 0.0, 0.0, 1.0]]], "view": [[0.0, -2.0, 100.0], [-2.0, 0.0, 100.0], [0.0, 0.0, 1.0]], "bev": "bev_bb027e30447f445cb16cd3c6ae1708a4.png", "aux": "aux_bb027e30447f445cb16cd3c6ae1708a4.npz", "visibility": "visibility_bb027e30447f445cb16cd3c6ae1708a4.png", "pose": [[-0.8369928002357483, -0.5472139120101929, 0.0, 615.4235229492188], [0.5472139120101929, -0.8369928002357483, 0.0, 809.4218139648438], [0.0, 0.0, 1.0, 0.0], [0.0, 0.0, 0.0, 1.0]], "pose_inverse": [[-0.8369928002357483, 0.5472139120101929, 0.0, 72.17819213867188], [-0.5472139120101929, -0.8369928002357483, 0.0, 1014.24853515625], [0.0, 0.0, 1.0, 0.0], [0.0, 0.0, 0.0, 1.0]], "cam_ids": [0, 1, 2, 3, 4, 5], "cam_channels": ["CAM_FRONT_LEFT", "CAM_FRONT", "CAM_FRONT_RIGHT", "CAM_BACK_LEFT", "CAM_BACK", "CAM_BACK_RIGHT"], "token": "bb027e30447f445cb16cd3c6ae1708a4", "scene": "scene-0124"}, {"images": ["samples/CAM_FRONT_LEFT/n015-2018-08-01-16-32-59+0800__CAM_FRONT_LEFT__1533112724654844.jpg", "samples/CAM_FRONT/n015-2018-08-01-16-32-59+0800__CAM_FRONT__1533112724662460.jpg", "samples/CAM_FRONT_RIGHT/n015-2018-08-01-16-32-59+0800__CAM_FRONT_RIGHT__1533112724670339.jpg", "samples/CAM_BACK_LEFT/n015-2018-08-01-16-32-59+0800__CAM_BACK_LEFT__1533112724697423.jpg", "samples/CAM_BACK/n015-2018-08-01-16-32-59+0800__CAM_BACK__1533112724687525.jpg", "samples/CAM_BACK_RIGHT/n015-2018-08-01-16-32-59+0800__CAM_BACK_RIGHT__1533112724677893.jpg"], "intrinsics": [[[1272.5979470598488, 0.0, 826.6154927353808], [0.0, 1272.5979470598488, 479.75165386361925], [0.0, 0.0, 1.0]], [[1266.417203046554, 0.0, 816.2670197447984], [0.0, 1266.417203046554, 491.50706579294757], [0.0, 0.0, 1.0]], [[1260.8474446004698, 0.0, 807.968244525554], [0.0, 1260.8474446004698, 495.3344268742088], [0.0, 0.0, 1.0]], [[1256.7414812095406, 0.0, 792.1125740759628], [0.0, 1256.7414812095406, 492.7757465151356], [0.0, 0.0, 1.0]], [[809.2209905677063, 0.0, 829.2196003259838], [0.0, 809.2209905677063, 481.77842384512485], [0.0, 0.0, 1.0]], [[1259.5137405846733, 0.0, 807.2529053838625], [0.0, 1259.5137405846733, 501.19579884916527], [0.0, 0.0, 1.0]]], "extrinsics": [[[0.819455087184906, -0.5698893070220947, -0.06098848953843117, -0.5831298828125], [-0.03191051632165909, 0.06088026985526085, -0.9976348280906677, 1.493255615234375], [0.5722544193267822, 0.8194630742073059, 0.03170318156480789, -1.017333984375], [0.0, 0.0, 0.0, 1.0]], [[0.004381122067570686, -0.998354434967041, -0.057175908237695694, 0.00946044921875], [-0.0372137576341629, 0.05697408318519592, -0.9976819157600403, 1.5062713623046875], [0.9992977380752563, 0.006498778238892555, -0.036902908235788345, -1.313385009765625], [0.0, 0.0, 0.0, 1.0]], [[-0.8334881663322449, -0.5523406267166138, -0.014743451029062271, 0.7904052734375], [-0.031578004360198975, 0.07425720244646072, -0.9967389702796936, 1.4942779541015625], [0.5516341924667358, -0.8303045630455017, -0.0793343111872673, -1.08599853515625], [0.0, 0.0, 0.0, 1.0]], [[0.9477561116218567, 0.3189099431037903, -0.007400623522698879, -1.15032958984375], [-0.02261054888367653, 0.04401784762740135, -0.9987748265266418, 1.5887489318847656], [-0.3181934654712677, 0.9467623829841614, 0.048928916454315186, -0.1009521484375], [0.0, 0.0, 0.0, 1.0]], [[0.0034341933205723763, 0.9985425472259521, 0.05386166274547577, 0.00238037109375], [-0.0481606051325798, 0.053964633494615555, -0.9973807334899902, 1.5744476318359375], [-0.9988337755203247, 0.0008312318823300302, 0.04827572777867317, -0.0991363525390625], [0.0, 0.0, 0.0, 1.0]], [[-0.9342251420021057, 0.35451629757881165, 0.03926122933626175, 0.941436767578125], [-0.01563228853046894, 0.06927192956209183, -0.9974753260612488, 1.5481033325195312], [-0.3563409447669983, -0.9324803352355957, -0.05917368829250336, -0.1363525390625], [0.0, 0.0, 0.0, 1.0]]], "view": [[0.0, -2.0, 100.0], [-2.0, 0.0, 100.0], [0.0, 0.0, 1.0]], "bev": "bev_fa2b1551332f4659885d4465ddad9176.png", "aux": "aux_fa2b1551332f4659885d4465ddad9176.npz", "visibility": "visibility_fa2b1551332f4659885d4465ddad9176.png", "pose": [[-0.8383959531784058, -0.5450617074966431, 0.0, 610.7686767578125], [0.5450617074966431, -0.8383959531784058, 0.0, 812.5191040039062], [0.0, 0.0, 1.0, 0.0], [0.0, 0.0, 0.0, 1.0]], "pose_inverse": [[-0.8383959531784058, 0.5450617074966431, 0.0, 69.19294738769531], [-0.5450617074966431, -0.8383959531784058, 0.0, 1014.1193237304688], [0.0, 0.0, 1.0, 0.0], [0.0, 0.0, 0.0, 1.0]], "cam_ids": [0, 1, 2, 3, 4, 5], "cam_channels": ["CAM_FRONT_LEFT", "CAM_FRONT", "CAM_FRONT_RIGHT", "CAM_BACK_LEFT", "CAM_BACK", "CAM_BACK_RIGHT"], "token": "fa2b1551332f4659885d4465ddad9176", "scene": "scene-0124"}, {"images": ["samples/CAM_FRONT_LEFT/n015-2018-08-01-16-32-59+0800__CAM_FRONT_LEFT__1533112725154844.jpg", "samples/CAM_FRONT/n015-2018-08-01-16-32-59+0800__CAM_FRONT__1533112725162460.jpg", "samples/CAM_FRONT_RIGHT/n015-2018-08-01-16-32-59+0800__CAM_FRONT_RIGHT__1533112725170339.jpg", "samples/CAM_BACK_LEFT/n015-2018-08-01-16-32-59+0800__CAM_BACK_LEFT__1533112725197423.jpg", "samples/CAM_BACK/n015-2018-08-01-16-32-59+0800__CAM_BACK__1533112725187525.jpg", "samples/CAM_BACK_RIGHT/n015-2018-08-01-16-32-59+0800__CAM_BACK_RIGHT__1533112725177893.jpg"], "intrinsics": [[[1272.5979470598488, 0.0, 826.6154927353808], [0.0, 1272.5979470598488, 479.75165386361925], [0.0, 0.0, 1.0]], [[1266.417203046554, 0.0, 816.2670197447984], [0.0, 1266.417203046554, 491.50706579294757], [0.0, 0.0, 1.0]], [[1260.8474446004698, 0.0, 807.968244525554], [0.0, 1260.8474446004698, 495.3344268742088], [0.0, 0.0, 1.0]], [[1256.7414812095406, 0.0, 792.1125740759628], [0.0, 1256.7414812095406, 492.7757465151356], [0.0, 0.0, 1.0]], [[809.2209905677063, 0.0, 829.2196003259838], [0.0, 809.2209905677063, 481.77842384512485], [0.0, 0.0, 1.0]], [[1259.5137405846733, 0.0, 807.2529053838625], [0.0, 1259.5137405846733, 501.19579884916527], [0.0, 0.0, 1.0]]], "extrinsics": [[[0.8199588656425476, -0.5694628357887268, -0.05813362076878548, -0.58673095703125], [-0.028922278434038162, 0.060212358832359314, -0.9977664947509766, 1.4947357177734375], [0.5716913342475891, 0.8198089003562927, 0.032901495695114136, -1.02154541015625], [0.0, 0.0, 0.0, 1.0]], [[0.00499408133327961, -0.9984022974967957, -0.05628276243805885, 0.010498046875], [-0.03420066088438034, 0.056080013513565063, -0.9978403449058533, 1.5074577331542969], [0.9994025230407715, 0.006908157840371132, -0.033865947276353836, -1.31622314453125], [0.0, 0.0, 0.0, 1.0]], [[-0.8332641124725342, -0.552622377872467, -0.01671290583908558, 0.79156494140625], [-0.028542106971144676, 0.07318627089262009, -0.9969097971916199, 1.4951248168945312], [0.5521379113197327, -0.8302122354507446, -0.07675649970769882, -1.0855712890625], [0.0, 0.0, 0.0, 1.0]], [[0.9478046298027039, 0.31881240010261536, -0.00500725582242012, -1.14617919921875], [-0.01963941939175129, 0.04269787669181824, -0.998894989490509, 1.5886344909667969], [-0.3182463049888611, 0.9468556046485901, 0.04673052951693535, -0.10235595703125], [0.0, 0.0, 0.0, 1.0]], [[0.0032294581178575754, 0.998609185218811, 0.05262430012226105, 0.00201416015625], [-0.045133545994758606, 0.05271649733185768, -0.9975890