[{"images": ["samples/CAM_FRONT_LEFT/n015-2018-11-14-18-57-54+0800__CAM_FRONT_LEFT__1542193421504844.jpg", "samples/CAM_FRONT/n015-2018-11-14-18-57-54+0800__CAM_FRONT__1542193421512460.jpg", "samples/CAM_FRONT_RIGHT/n015-2018-11-14-18-57-54+0800__CAM_FRONT_RIGHT__1542193421520339.jpg", "samples/CAM_BACK_LEFT/n015-2018-11-14-18-57-54+0800__CAM_BACK_LEFT__1542193421547423.jpg", "samples/CAM_BACK/n015-2018-11-14-18-57-54+0800__CAM_BACK__1542193421537525.jpg", "samples/CAM_BACK_RIGHT/n015-2018-11-14-18-57-54+0800__CAM_BACK_RIGHT__1542193421527893.jpg"], "intrinsics": [[[1272.5979470598488, 0.0, 826.6154927353808], [0.0, 1272.5979470598488, 479.75165386361925], [0.0, 0.0, 1.0]], [[1266.417203046554, 0.0, 816.2670197447984], [0.0, 1266.417203046554, 491.50706579294757], [0.0, 0.0, 1.0]], [[1260.8474446004698, 0.0, 807.968244525554], [0.0, 1260.8474446004698, 495.3344268742088], [0.0, 0.0, 1.0]], [[1256.7414812095406, 0.0, 792.1125740759628], [0.0, 1256.7414812095406, 492.7757465151356], [0.0, 0.0, 1.0]], [[809.2209905677063, 0.0, 829.2196003259838], [0.0, 809.2209905677063, 481.77842384512485], [0.0, 0.0, 1.0]], [[1259.5137405846733, 0.0, 807.2529053838625], [0.0, 1259.5137405846733, 501.19579884916527], [0.0, 0.0, 1.0]]], "extrinsics": [[[0.8198603987693787, -0.5721002221107483, 0.023024993017315865, -0.82373046875], [0.02392168715596199, -0.005952716339379549, -0.9996961355209351, 1.5123519897460938], [0.5720634460449219, 0.8201620578765869, 0.008805208839476109, -1.1832275390625], [0.0, 0.0, 0.0, 1.0]], [[0.0046049971133470535, -0.9999368190765381, 0.010253065265715122, 0.006683349609375], [0.01861598901450634, -0.010165674611926079, -0.9997750520706177, 1.5231742858886719], [0.9998161196708679, 0.004794829525053501, 0.018567997962236404, -1.5509033203125], [0.0, 0.0, 0.0, 1.0]], [[-0.83295077085495, -0.5528261065483093, -0.02400667406618595, 0.9404296875], [0.024246344342827797, 0.006879264488816261, -0.9996823072433472, 1.5063285827636719], [0.5528156161308289, -0.8332682251930237, 0.00767392385751009, -1.1866455078125], [0.0, 0.0, 0.0, 1.0]], [[0.9474875330924988, 0.31892937421798706, 0.023479752242565155, -1.1387939453125], [0.032895635813474655, -0.024168439209461212, -0.9991664886474609, 1.5886764526367188], [-0.3180960714817047, 0.9474703073501587, -0.03339068219065666, -0.1048583984375], [0.0, 0.0, 0.0, 1.0]], [[0.003031013300642371, 0.999899685382843, -0.013834429904818535, 0.002712249755859375], [0.007483095396310091, -0.013856783509254456, -0.9998759627342224, 1.5796804428100586], [-0.9999673962593079, 0.0029271168168634176, -0.007524343207478523, -0.0416259765625], [0.0, 0.0, 0.0, 1.0]], [[-0.933984100818634, 0.3554052412509918, -0.03688882291316986, 1.0601806640625], [0.0401119627058506, 0.0017018826911225915, -0.9991937279701233, 1.5547103881835938], [-0.35505592823028564, -0.9347108006477356, -0.015845535323023796, -0.092041015625], [0.0, 0.0, 0.0, 1.0]]], "view": [[0.0, -2.0, 100.0], [-2.0, 0.0, 100.0], [0.0, 0.0, 1.0]], "bev": "bev_4036ddd62a8a491f98c96502651ef157.png", "aux": "aux_4036ddd62a8a491f98c96502651ef157.npz", "visibility": "visibility_4036ddd62a8a491f98c96502651ef157.png", "pose": [[-0.15249672532081604, 0.9883039593696594, 0.0, 352.873046875], [-0.9883039593696594, -0.15249672532081604, 0.0, 1866.2100830078125], [0.0, 0.0, 1.0, 0.0], [0.0, 0.0, 0.0, 1.0]], "pose_inverse": [[-0.15249672532081604, -0.9883039593696594, 0.0, 1898.19482421875], [0.9883039593696594, -0.15249672532081604, 0.0, -64.1549072265625], [0.0, 0.0, 1.0, 0.0], [0.0, 0.0, 0.0, 1.0]], "cam_ids": [0, 1, 2, 3, 4, 5], "cam_channels": ["CAM_FRONT_LEFT", "CAM_FRONT", "CAM_FRONT_RIGHT", "CAM_BACK_LEFT", "CAM_BACK", "CAM_BACK_RIGHT"], "token": "4036ddd62a8a491f98c96502651ef157", "scene": "scene-1003"}, {"images": ["samples/CAM_FRONT_LEFT/n015-2018-11-14-18-57-54+0800__CAM_FRONT_LEFT__1542193422004844.jpg", "samples/CAM_FRONT/n015-2018-11-14-18-57-54+0800__CAM_FRONT__1542193422012460.jpg", "samples/CAM_FRONT_RIGHT/n015-2018-11-14-18-57-54+0800__CAM_FRONT_RIGHT__1542193422020339.jpg", "samples/CAM_BACK_LEFT/n015-2018-11-14-18-57-54+0800__CAM_BACK_LEFT__1542193422047423.jpg", "samples/CAM_BACK/n015-2018-11-14-18-57-54+0800__CAM_BACK__1542193422037525.jpg", "samples/CAM_BACK_RIGHT/n015-2018-11-14-18-57-54+0800__CAM_BACK_RIGHT__1542193422027893.jpg"], "intrinsics": [[[1272.5979470598488, 0.0, 826.6154927353808], [0.0, 1272.5979470598488, 479.75165386361925], [0.0, 0.0, 1.0]], [[1266.417203046554, 0.0, 816.2670197447984], [0.0, 1266.417203046554, 491.50706579294757], [0.0, 0.0, 1.0]], [[1260.8474446004698, 0.0, 807.968244525554], [0.0, 1260.8474446004698, 495.3344268742088], [0.0, 0.0, 1.0]], [[1256.7414812095406, 0.0, 792.1125740759628], [0.0, 1256.7414812095406, 492.7757465151356], [0.0, 0.0, 1.0]], [[809.2209905677063, 0.0, 829.2196003259838], [0.0, 809.2209905677063, 481.77842384512485], [0.0, 0.0, 1.0]], [[1259.5137405846733, 0.0, 807.2529053838625], [0.0, 1259.5137405846733, 501.19579884916527], [0.0, 0.0, 1.0]]], "extrinsics": [[[0.8189023733139038, -0.5727936625480652, 0.03614271804690361, -0.814453125], [0.03483753278851509, -0.013249213807284832, -0.9993051290512085, 1.5146331787109375], [0.5728745460510254, 0.8195924758911133, 0.009104904718697071, -1.1763916015625], [0.0, 0.0, 0.0, 1.0]], [[0.0035170982591807842, -0.9998435378074646, 0.017337244004011154, 0.00632476806640625], [0.029947543516755104, -0.0172242633998394, -0.9994031190872192, 1.5250663757324219], [0.9995452761650085, 0.004034204874187708, 0.029882272705435753, -1.541259765625], [0.0, 0.0, 0.0, 1.0]], [[-0.8330502510070801, -0.5523800253868103, -0.03006071224808693, 0.9342041015625], [0.036023493856191635, 5.761524516856298e-05, -0.999350905418396, 1.5078964233398438], [0.55202317237854, -0.833592414855957, 0.019850661978125572, -1.182861328125], [0.0, 0.0, 0.0, 1.0]], [[0.9471887350082397, 0.3188827335834503, 0.033870745450258255, -1.1380615234375], [0.04578908905386925, -0.029951145872473717, -0.9985020160675049, 1.5887374877929688], [-0.3173906207084656, 0.9473207592964172, -0.04297074303030968, -0.10467529296875], [0.0, 0.0, 0.0, 1.0]], [[0.0036694062873721123, 0.9997923970222473, -0.020043279975652695, 0.0028533935546875], [0.020035067573189735, -0.020112894475460052, -0.9995969533920288, 1.5802841186523438], [-0.9997925162315369, 0.0032663517631590366, -0.02010471187531948, -0.044189453125], [0.0, 0.0, 0.0, 1.0]], [[-0.9332352876663208, 0.3556886315345764, -0.050572387874126434, 1.0556640625], [0.05225000157952309, -0.00489517766982317, -0.9986220598220825, 1.55596923828125], [-0.35544607043266296, -0.9345917701721191, -0.014016379602253437, -0.09405517578125], [0.0, 0.0, 0.0, 1.0]]], "view": [[0.0, -2.0, 100.0], [-2.0, 0.0, 100.0], [0.0, 0.0, 1.0]], "bev": "bev_b2d66397ab954a3d8fe60b907d7c9ac8.png", "aux": "aux_b2d66397ab954a3d8fe60b907d7c9ac8.npz", "visibility": "visibility_b2d66397ab954a3d8fe60b907d7c9ac8.png", "pose": [[-0.13751600682735443, 0.9904995560646057, 0.0, 352.55218505859375], [-0.9904995560646057, -0.13751600682735443, 0.0, 1864.1488037109375], [0.0, 0.0, 1.0, 0.0], [0.0, 0.0, 0.0, 1.0]], "pose_inverse": [[-0.13751600682735443, -0.9904995560646057, 0.0, 1894.920166015625], [0.9904995560646057, -0.13751600682735443, 0.0, -92.85249328613281], [0.0, 0.0, 1.0, 0.0], [0.0, 0.0, 0.0, 1.0]], "cam_ids": [0, 1, 2, 3, 4, 5], "cam_channels": ["CAM_FRONT_LEFT", "CAM_FRONT", "CAM_FRONT_RIGHT", "CAM_BACK_LEFT", "CAM_BACK", "CAM_BACK_RIGHT"], "token": "b2d66397ab954a3d8fe60b907d7c9ac8", "scene": "scene-1003"}, {"images": ["samples/CAM_FRONT_LEFT/n015-2018-11-14-18-57-54+0800__CAM_FRONT_LEFT__1542193422404844.jpg", "samples/CAM_FRONT/n015-2018-11-14-18-57-54+0800__CAM_FRONT__1542193422412460.jpg", "samples/CAM_FRONT_RIGHT/n015-2018-11-14-18-57-54+0800__CAM_FRONT_RIGHT__1542193422420339.jpg", "samples/CAM_BACK_LEFT/n015-2018-11-14-18-57-54+0800__CAM_BACK_LEFT__1542193422447423.jpg", "samples/CAM_BACK/n015-2018-11-14-18-57-54+0800__CAM_BACK__1542193422437525.jpg", "samples/CAM_BACK_RIGHT/n015-2018-11-14-18-57-54+0800__CAM_BACK_RIGHT__1542193422427893.jpg"], "intrinsics": [[[1272.5979470598488, 0.0, 826.6154927353808], [0.0, 1272.5979470598488, 479.75165386361925], [0.0, 0.0, 1.0]], [[1266.417203046554, 0.0, 816.2670197447984], [0.0, 1266.417203046554, 491.50706579294757], [0.0, 0.0, 1.0]], [[1260.8474446004698, 0.0, 807.968244525554], [0.0, 1260.8474446004698, 495.3344268742088], [0.0, 0.0, 1.0]], [[1256.7414812095406, 0.0, 792.1125740759628], [0.0, 1256.7414812095406, 492.7757465151356], [0.0, 0.0, 1.0]], [[809.2209905677063, 0.0, 829.2196003259838], [0.0, 809.2209905677063, 481.77842384512485], [0.0, 0.0, 1.0]], [[1259.5137405846733, 0.0, 807.2529053838625], [0.0, 1259.5137405846733, 501.19579884916527], [0.0, 0.0, 1.0]]], "extrinsics": [[[0.8184512853622437, -0.5730785727500916, 0.04145391657948494, -0.8134765625], [0.0410328283905983, -0.013666118495166302, -0.9990643858909607, 1.5158309936523438], [0.5731087923049927, 0.8193865418434143, 0.012329977937042713, -1.17474365234375], [0.0, 0.0, 0.0, 1.0]], [[0.0031337898690253496, -0.9998339414596558, 0.017949303612113, 0.00592041015625], [0.03532763943076134, -0.01782749779522419, -0.9992167949676514, 1.5259017944335938], [0.999370813369751, 0.003765446599572897, 0.03526590019464493, -1.54052734375], [0.0, 0.0, 0.0, 1.0]], [[-0.8330234289169312, -0.5522280931472778, -0.03340865299105644, 0.9344482421875], [0.040564458817243576, -0.0007424488430842757, -0.9991766214370728, 1.5084228515625], [0.5517485737800598, -0.8336928486824036, 0.02301931381225586, -1.183349609375], [0.0, 0.0, 0.0, 1.0]], [[0.9471335411071777, 0.31895017623901367, 0.034770943224430084, -1.138916015625], [0.04725846275687218, -0.03149471804499626, -0.9983860850334167, 1.5887069702148438], [-0.31734031438827515, 0.947248101234436, -0.04490279406309128, -0.10443115234375], [0.0, 0.0, 0.0, 1.0]], [[0.0038321013562381268, 0.9997671246528625, -0.021239742636680603, 0.00321197509765625], [0.022683637216687202, -0.021321341395378113, -0.9995152950286865, 1.5803794860839844], [-0.9997352957725525, 0.0033484541345387697, -0.02276006154716015, -0.0435791015625], [0.0, 0.0, 0.0, 1.0]], [[-0.9329789876937866, 0.3557928800582886, -0.05442027375102043, 1.0560302734375], [0.05599325895309448, -0.005883808713406324, -0.9984138011932373, 1.5562667846679688], [-0.3555487394332886, -0.9345463514328003, -0.014432534575462341, -0.09423828125], [0.0, 0.0, 0.0, 1.0]]], "view": [[0.0, -2.0, 100.0], [-2.0, 0.0, 100.0], [0.0, 0.0, 1.0]], "bev": "bev_801f598191a84378aa1cbe224ffdae58.png", "aux": "aux_801f598191a84378aa1cbe224ffdae58.npz", "visibility": "visibility_801f598191a84378aa1cbe224ffdae58.png", "pose": [[-0.11906536668539047, 0.9928864240646362, 0.0, 352.3219909667969], [-0.9928864240646362, -0.11906536668539047, 0.0, 1862.4730224609375], [0.0, 0.0, 1.0, 0.0], [0.0, 0.0, 0.0, 1.0]], "pose_inverse": [[-0.11906536668539047, -0.9928864240646362, 0.0, 1891.1734619140625], [0.9928864240646362, -0.11906536668539047, 0.0, -128.0596923828125], [0.0, 0.0, 1.0, 0.0], [0.0, 0.0, 0.0, 1.0]], "cam_ids": [0, 1, 2, 3, 4, 5], "cam_channels": ["CAM_FRONT_LEFT", "CAM_FRONT", "CAM_FRONT_RIGHT", "CAM_BACK_LEFT", "CAM_BACK", "CAM_BACK_RIGHT"], "token": "801f598191a84378aa1cbe224ffdae58", "scene": "scene-1003"}, {"images": ["samples/CAM_FRONT_LEFT/n015-2018-11-14-18-57-54+0800__CAM_FRONT_LEFT__1542193422904844.jpg", "samples/CAM_FRONT/n015-2018-11-14-18-57-54+0800__CAM_FRONT__1542193422912460.jpg", "samples/CAM_FRONT_RIGHT/n015-2018-11-14-18-57-54+0800__CAM_FRONT_RIGHT__1542193422920339.jpg", "samples/CAM_BACK_LEFT/n015-2018-11-14-18-57-54+0800__CAM_BACK_LEFT__1542193422947423.jpg", "samples/CAM_BACK/n015-2018-11-14-18-57-54+0800__CAM_BACK__1542193422937525.jpg", "samples/CAM_BACK_RIGHT/n015-2018-11-14-18-57-54+0800__CAM_BACK_RIGHT__1542193422927893.jpg"], "intrinsics": [[[1272.5979470598488, 0.0, 826.6154927353808], [0.0, 1272.5979470598488, 479.75165386361925], [0.0, 0.0, 1.0]], [[1266.417203046554, 0.0, 816.2670197447984], [0.0, 1266.417203046554, 491.50706579294757], [0.0, 0.0, 1.0]], [[1260.8474446004698, 0.0, 807.968244525554], [0.0, 1260.8474446004698, 495.3344268742088], [0.0, 0.0, 1.0]], [[1256.7414812095406, 0.0, 792.1125740759628], [0.0, 1256.7414812095406, 492.7757465151356], [0.0, 0.0, 1.0]], [[809.2209905677063, 0.0, 829.2196003259838], [0.0, 809.2209905677063, 481.77842384512485], [0.0, 0.0, 1.0]], [[1259.5137405846733, 0.0, 807.2529053838625], [0.0, 1259.5137405846733, 501.19579884916527], [0.0, 0.0, 1.0]]], "extrinsics": [[[0.8197263479232788, -0.5721807479858398, 0.025648778304457664, -0.792724609375], [0.02310110628604889, -0.01171585638076067, -0.9996644258499146, 1.5130958557128906], [0.5722892880439758, 0.8200438022613525, 0.003614213550463319, -1.162109375], [0.0, 0.0, 0.0, 1.0]], [[0.004379399120807648, -0.9998661875724792, 0.015757465735077858, 0.007232666015625], [0.01749880239367485, -0.01567857898771763, -0.9997239708900452, 1.5235671997070312], [0.9998372197151184, 0.004653931129723787, 0.017427796497941017, -1.5201416015625], [0.0, 0.0, 0.0, 1.0]], [[-0.8330971002578735, -0.5527679324150085, -0.019919566810131073, 0.9212646484375], [0.022827042266726494, 0.0016231156187132, -0.9997380971908569, 1.5067062377929688], [0.5526554584503174, -0.8333335518836975, 0.011265846900641918, -1.173583984375], [0.0, 0.0, 0.0, 1.0]], [[0.9475485682487488, 0.3190039098262787, 0.01970226876437664, -1.1361083984375], [0.030486201867461205, -0.028846824541687965, -0.9991188645362854, 1.5887413024902344], [-0.3181544244289398, 0.9473142623901367, -0.0370589904487133, -0.10565185546875], [0.0, 0.0, 0.0, 1.0]], [[0.003132245037704706, 0.9998205304145813, -0.018686501309275627, 0.002685546875], [0.005425668321549892, -0.018703307956457138, -0.9998103380203247, 1.5796480178833008], [-0.9999803304672241, 0.003030263353139162, -0.005483277607709169, -0.051025390625], [0.0, 0.0, 0.0, 1.0]], [[-0.9339850544929504, 0.3553823232650757, -0.03708449751138687, 1.0440673828125], [0.0384054034948349, -0.003339664079248905, -0.9992566704750061, 1.55523681640625], [-0.3552420437335968, -0.9347150325775146, -0.010529406368732452, -0.09808349609375], [0.0, 0.0, 0.0, 1.0]]], "view": [[0.0, -2.0, 100.0], [-2.0, 0.0, 100.0], [0.0, 0.0, 1.0]], "bev": "bev_43b9d1c6be174070b379879a1134847b.png", "aux": "aux_43b9d1c6be174070b379879a1134847b.npz", "visibility": "visibility_43b9d1c6be174070b379879a1134847b.png", "pose": [[-0.10038763284683228, 0.9949483871459961, 0.0, 352.0561218261719], [-0.9949483871459961, -0.10038763284683228, 0.0, 1860.1907958984375], [0.0, 0.0, 1.0, 0.0], [0.0, 0.0, 0.0, 1.0]], "pose_inverse": [[-0.10038763284683228, -0.9949483871459961, 0.0, 1886.135986328125], [0.9949483871459961, -0.10038763284683228, 0.0, -163.53753662109375], [0.0, 0.0, 1.0, 0.0], [0.0, 0.0, 0.0, 1.0]], "cam_ids": [0, 1, 2, 3, 4, 5], "cam_channels": ["CAM_FRONT_LEFT", "CAM_FRONT", "CAM_FRONT_RIGHT", "CAM_BACK_LEFT", "CAM_BACK", "CAM_BACK_RIGHT"], "token": "43b9d1c6be174070b379879a1134847b", "scene": "scene-1003"}, {"images": ["samples/CAM_FRONT_LEFT/n015-2018-11-14-18-57-54+0800__CAM_FRONT_LEFT__1542193423404844.jpg", "samples/CAM_FRONT/n015-2018-11-14-18-57-54+0800__CAM_FRONT__1542193423412460.jpg", "samples/CAM_FRONT_RIGHT/n015-2018-11-14-18-57-54+0800__CAM_FRONT_RIGHT__1542193423420339.jpg", "samples/CAM_BACK_LEFT/n015-2018-11-14-18-57-54+0800__CAM_BACK_LEFT__1542193423447423.jpg", "samples/CAM_BACK/n015-2018-11-14-18-57-54+0800__CAM_BACK__1542193423437525.jpg", "samples/CAM_BACK_RIGHT/n015-2018-11-14-18-57-54+0800__CAM_BACK_RIGHT__1542193423427893.jpg"], "intrinsics": [[[1272.5979470598488, 0.0, 826.6154927353808], [0.0, 1272.5979470598488, 479.75165386361925], [0.0, 0.0, 1.0]], [[1266.417203046554, 0.0, 816.2670197447984], [0.0, 1266.417203046554, 491.50706579294757], [0.0, 0.0, 1.0]], [[1260.8474446004698, 0.0, 807.968244525554], [0.0, 1260.8474446004698, 495.3344268742088], [0.0, 0.0, 1.0]], [[1256.7414812095406, 0.0, 792.1125740759628], [0.0, 1256.7414812095406, 492.7757465151356], [0.0, 0.0, 1.0]], [[809.2209905677063, 0.0, 829.2196003259838], [0.0, 809.2209905677063, 481.77842384512485], [0.0, 0.0, 1.0]], [[1259.5137405846733, 0.0, 807.2529053838625], [0.0, 1259.5137405846733, 501.19579884916527], [0.0, 0.0, 1.0]]], "extrinsics": [[[0.8195931315422058, -0.5725910663604736, 0.02016346901655197, -0.7847900390625], [0.012848228216171265, -0.016815900802612305, -0.9997760653495789, 1.5110836029052734], [0.5728018283843994, 0.8196686506271362, -0.006425414700061083, -1.156005859375], [0.0, 0.0, 0.0, 1.0]], [[0.004040092695504427, -0.9997803568840027, 0.02055920846760273, 0.006866455078125], [0.007669675629585981, -0.02052779495716095, -0.9997599124908447, 1.521942138671875], [0.9999624490737915, 0.004196818917989731, 0.007585056591778994, -1.5115966796875], [0.0, 0.0, 0.0, 1.0]], [[-0.8334548473358154, -0.5525046586990356, -0.009564351290464401, 0.9150390625], [0.013444924727082253, -0.0029724494088441133, -0.9999051690101624, 1.5055465698242188], [0.5524238348007202, -0.8335044980049133, 0.009905789978802204, -1.169921875], [0.0, 0.0, 0.0, 1.0]], [[0.9477048516273499, 0.3189545273780823, 0.011116224341094494, -1.1357421875], [0.022638319060206413, -0.03244011849164963, -0.9992172718048096, 1.5886993408203125], [-0.31834423542022705, 0.947214663028717, -0.03796425461769104, -0.10552978515625], [0.0, 0.0, 0.0, 1.0]], [[0.003139723325148225, 0.9997377395629883, -0.02268274687230587, 0.0029449462890625], [-0.002997281029820442, -0.02267334796488285, -0.9997384548187256, 1.5791877508163452], [-0.9999906420707703, 0.0032068805303424597, 0.0029253081884235144, -0.0533447265625], [0.0, 0.0, 0.0, 1.0]], [[-0.9341790676116943, 0.3555190861225128, -0.030259087681770325, 1.0394287109375], [0.02945103496313095, -0.007686023134738207, -0.9995366930961609, 1.5544929504394531], [-0.3555869460105896, -0.9346373677253723, -0.003290282329544425, -0.10003662109375], [0.0, 0.0, 0.0, 1.0]]], "view": [[0.0, -2.0, 100.0], [-2.0, 0.0, 100.0], [0.0, 0.0, 1.0]], "bev": "bev_12f48dd153ff4ef49f99ef85c379e5a5.png", "aux": "aux_12f48dd153ff4ef49f99ef85c379e5a5.npz", "visibility": "visibility_12f48dd153ff4ef49f99ef85c379e5a5.png", "pose": [[-0.08314374834299088, 0.9965375661849976, 0.0, 351.8160400390625], [-0.9965375661849976, -0.08314374834299088, 0.0, 1857.771240234375], [0.0, 0.0, 1.0, 0.0], [0.0, 0.0, 0.0, 1.0]], "pose_inverse": [[-0.08314374834299088, -0.9965375661849976, 0.0, 1880.590087890625], [0.9965375661849976, -0.08314374834299088, 0.0, -196.13583374023438], [0.0, 0.0, 1.0, 0.0], [0.0, 0.0, 0.0, 1.0]], "cam_ids": [0, 1, 2, 3, 4, 5], "cam_channels": ["CAM_FRONT_LEFT", "CAM_FRONT", "CAM_FRONT_RIGHT", "CAM_BACK_LEFT", "CAM_BACK", "CAM_BACK_RIGHT"], "token": "12f48dd153ff4ef49f99ef85c379e5a5", "scene": "scene-1003"}, {"images": ["samples/CAM_FRONT_LEFT/n015-2018-11-14-18-57-54+0800__CAM_FRONT_LEFT__1542193423904844.jpg", "samples/CAM_FRONT/n015-2018-11-14-18-57-54+0800__CAM_FRONT__1542193423912460.jpg", "samples/CAM_FRONT_RIGHT/n015-2018-11-14-18-57-54+0800__CAM_FRONT_RIGHT__1542193423920345.jpg", "samples/CAM_BACK_LEFT/n015-2018-11-14-18-57-54+0800__CAM_BACK_LEFT__1542193423947423.jpg", "samples/CAM_BACK/n015-2018-11-14-18-57-54+0800__CAM_BACK__1542193423938319.jpg", "samples/CAM_BACK_RIGHT/n015-2018-11-14-18-57-54+0800__CAM_BACK_RIGHT__1542193423927893.jpg"], "intrinsics": [[[1272.5979470598488, 0.0, 826.6154927353808], [0.0, 1272.5979470598488, 479.75165386361925], [0.0, 0.0, 1.0]], [[1266.417203046554, 0.0, 816.2670197447984], [0.0, 1266.417203046554, 491.50706579294757], [0.0, 0.0, 1.0]], [[1260.8474446004698, 0.0, 807.968244525554], [0.0, 1260.8474446004698, 495.3344268742088], [0.0, 0.0, 1.0]], [[1256.7414812095406, 0.0, 792.1125740759628], [0.0, 1256.7414812095406, 492.7757465151356], [0.0, 0.0, 1.0]], [[809.2209905677063, 0.0, 829.2196003259838], [0.0, 809.2209905677063, 481.77842384512485], [0.0, 0.0, 1.0]], [[1259.5137405846733, 0.0, 807.2529053838625], [0.0, 1259.5137405846733, 501.19579884916527], [0.0, 0.0, 1.0]]], "extrinsics": [[[0.8191514015197754, -0.5725001096725464, 0.03513537719845772, -0.766845703125], [0.029454585164785385, -0.01918932981789112, -0.9993818998336792, 1.5153732299804688], [0.5728205442428589, 0.8196799755096436, 0.0011437878711149096, -1.1431884765625], [0.0, 0.0, 0.0, 1.0]], [[0.003699973691254854, -0.9997221827507019, 0.02327866107225418, 0.006744384765625], [0.02408618852496147, -0.023182973265647888, -0.9994410872459412, 1.5253486633300781], [0.999703049659729, 0.004258602857589722, 0.0239937175065279, -1.4931640625], [0.0, 0.0, 0.0, 1.0]], [[-0.8332008123397827, -0.5525539517402649, -0.021457040682435036, 0.903076171875], [0.029666466638445854, -0.005919618532061577, -0.9995422959327698, 1.5082588195800781], [0.5521740913391113, -0.8334560990333557, 0.021324558183550835, -1.162353515625], [0.0, 0.0, 0.0, 1.0]], [[0.9474393129348755, 0.31898555159568787, 0.02463706023991108, -1.1363525390625], [0.03809932619333267, -0.03603184223175049, -0.9986241459846497, 1.5887527465820312], [-0.3176589608192444, 0.9470744132995605, -0.04629111662507057, -0.10491943359375], [0.0, 0.0, 0.0, 1.0]], [[0.0035489031579345465, 0.9996541738510132, -0.02605772577226162, 0.003173828125], [0.01274219248443842, -0.02610098198056221, -0.9995781183242798, 1.580068588256836], [-0.9999125599861145, 0.0032153718639165163, -0.012830416671931744, -0.05419921875], [0.0, 0.0, 0.0, 1.0]], [[-0.9335569739341736, 0.35541805624961853, -0.046360988169908524, 1.030029296875], [0.04546301066875458, -0.01088294479995966, -0.9989067912101746, 1.5566177368164062], [-0.35553404688835144, -0.9346441030502319, -0.00599852716550231, -0.10400390625], [0.0, 0.0, 0.0, 1.0]]], "view": [[0.0, -2.0, 100.0], [-2.0, 0.0, 100.0], [0.0, 0.0, 1.0]], "bev": "bev_2cdd39e35b0a44b284f33324f235fa77.png", "aux": "aux_2cdd39e35b0a44b284f33324f235fa77.npz", "visibility": "visibility_2cdd39e35b0a44b284f33324f235fa77.png", "pose": [[-0.061207327991724014, 0.9981250762939453, 0.0, 351.60906982421875], [-0.9981250762939453, -0.061207327991724014, 0.0, 1855.1387939453125], [0.0, 0.0, 1.0, 0.0], [0.0, 0.0, 0.0, 1.0]], "pose_inverse": [[-0.061207327991724014, -0.9981250762939453, 0.0, 1873.181640625], [0.9981250762939453, -0.061207327991724014, 0.0, -237.4017333984375], [0.0, 0.0, 1.0, 0.0], [0.0, 0.0, 0.0, 1.0]], "cam_ids": [0, 1, 2, 3, 4, 5], "cam_channels": ["CAM_FRONT_LEFT", "CAM_FRONT", "CAM_FRONT_RIGHT", "CAM_BACK_LEFT", "CAM_BACK", "CAM_BACK_RIGHT"], "token": "2cdd39e35b0a44b284f33324f235fa77", "scene": "scene-1003"}, {"images": ["samples/CAM_FRONT_LEFT/n015-2018-11-14-18-57-54+0800__CAM_FRONT_LEFT__1542193424354844.jpg", "samples/CAM_FRONT/n015-2018-11-14-18-57-54+0800__CAM_FRONT__1542193424362460.jpg", "samples/CAM_FRONT_RIGHT/n015-2018-11-14-18-57-54+0800__CAM_FRONT_RIGHT__1542193424370339.jpg", "samples/CAM_BACK_LEFT/n015-2018-11-14-18-57-54+0800__CAM_BACK_LEFT__1542193424397423.jpg", "samples/CAM_BACK/n015-2018-11-14-18-57-54+0800__CAM_BACK__1542193424387525.jpg", "samples/CAM_BACK_RIGHT/n015-2018-11-14-18-57-54+0800__CAM_BACK_RIGHT__1542193424377893.jpg"], "intrinsics": [[[1272.5979470598488, 0.0, 826.6154927353808], [0.0, 1272.5979470598488, 479.75165386361925], [0.0, 0.0, 1.0]], [[1266.417203046554, 0.0, 816.2670197447984], [0.0, 1266.417203046554, 491.50706579294757], [0.0, 0.0, 1.0]], [[1260.8474446004698, 0.0, 807.968244525554], [0.0, 1260.8474446004698, 495.3344268742088], [0.0, 0.0, 1.0]], [[1256.7414812095406, 0.0, 792.1125740759628], [0.0, 1256.7414812095406, 492.7757465151356], [0.0, 0.0, 1.0]], [[809.2209905677063, 0.0, 829.2196003259838], [0.0, 809.2209905677063, 481.77842384512485], [0.0, 0.0, 1.0]], [[1259.5137405846733, 0.0, 807.2529053838625], [0.0, 1259.5137405846733, 501.19579884916527], [0.0, 0.0, 1.0]]], "extrinsics": [[[0.818895697593689, -0.5729116797447205, 0.03437812253832817, -0.743896484375], [0.029659457504749298, -0.017576323822140694, -0.999405562877655, 1.5162467956542969], [0.5731753706932068, 0.819428563117981, 0.002599073573946953, -1.1280517578125], [0.0, 0.0, 0.0, 1.0]], [[0.003329100087285042, -0.9997554421424866, 0.021858876571059227, 0.007659912109375], [0.024477152153849602, -0.021770982071757317, -0.9994633197784424, 1.5259895324707031], [0.9996948838233948, 0.0038623600266873837, 0.024398688226938248, -1.471435546875], [0.0, 0.0, 0.0, 1.0]], [[-0.8333445191383362, -0.552290678024292, -0.02262512408196926, 0.89013671875], [0.030260467901825905, -0.004712881986051798, -0.9995309114456177, 1.5088539123535156], [0.5519250631332397, -0.8336381912231445, 0.02064003422856331, -1.1524658203125], [0.0, 0.0, 0.0, 1.0]], [[0.9474306702613831, 0.3189098834991455, 0.025914890691637993, -1.1353759765625], [0.03927748650312424, -0.03554040566086769, -0.9985960721969604, 1.588836669921875], [-0.31754112243652344, 0.9471184611320496, -0.046198051422834396, -0.10614013671875], [0.0, 0.0, 0.0, 1.0]], [[0.0036900185514241457, 0.9996731281280518, -0.02530166320502758, 0.002349853515625], [0.013744554482400417, -0.025350147858262062, -0.9995841383934021, 1.5802955627441406], [-0.9998987317085266, 0.003340722993016243, -0.013833601027727127, -0.06494140625], [0.0, 0.0, 0.0, 1.0]], [[-0.9334607124328613, 0.3556213676929474, -0.04673852026462555, 1.01904296875], [0.04624970629811287, -0.00988112110644579, -0.9988810420036316, 1.5572433471679688], [-0.35568535327911377, -0.9345778822898865, -0.007223748601973057, -0.10662841796875], [0.0, 0.0, 0.0, 1.0]]], "view": [[0.0, -2.0, 100.0], [-2.0, 0.0, 100.0], [0.0, 0.0, 1.0]], "bev": "bev_2c7f94f022e04aa99dac81be9c0b62a2.png", "aux": "aux_2c7f94f022e04aa99dac81be9c0b62a2.npz", "visibility": "visibility_2c7f94f022e04aa99dac81be9c0b62a2.png", "pose": [[-0.04310397431254387, 0.9990705847740173, 0.0, 351.45672607421875], [-0.9990705847740173, -0.04310397431254387, 0.0, 1852.57568359375], [0.0, 0.0, 1.0, 0.0], [0.0, 0.0, 0.0, 1.0]], "pose_inverse": [[-0.04310397431254387, -0.9990705847740173, 0.0, 1866.0030517578125], [0.9990705847740173, -0.04310397431254387, 0.0, -271.2767028808594], [0.0, 0.0, 1.0, 0.0], [0.0, 0.0, 0.0, 1.0]], "cam_ids": [0, 1, 2, 3, 4, 5], "cam_channels": ["CAM_FRONT_LEFT", "CAM_FRONT", "CAM_FRONT_RIGHT", "CAM_BACK_LEFT", "CAM_BACK", "CAM_BACK_RIGHT"], "token": "2c7f94f022e04aa99dac81be9c0b62a2", "scene": "scene-1003"}, {"images": ["samples/CAM_FRONT_LEFT/n015-2018-11-14-18-57-54+0800__CAM_FRONT_LEFT__1542193424904844.jpg", "samples/CAM_FRONT/n015-2018-11-14-18-57-54+0800__CAM_FRONT__1542193424912460.jpg", "samples/CAM_FRONT_RIGHT/n015-2018-11-14-18-57-54+0800__CAM_FRONT_RIGHT__1542193424920339.jpg", "samples/CAM_BACK_LEFT/n015-2018-11-14-18-57-54+0800__CAM_BACK_LEFT__1542193424947423.jpg", "samples/CAM_BACK/n015-2018-11-14-18-57-54+0800__CAM_BACK__1542193424937525.jpg", "samples/CAM_BACK_RIGHT/n015-2018-11-14-18-57-54+0800__CAM_BACK_RIGHT__1542193424927893.jpg"], "intrinsics": [[[1272.5979470598488, 0.0, 826.6154927353808], [0.0, 1272.5979470598488, 479.75165386361925], [0.0, 0.0, 1.0]], [[1266.417203046554, 0.0, 816.2670197447984], [0.0, 1266.417203046554, 491.50706579294757], [0.0, 0.0, 1.0]], [[1260.8474446004698, 0.0, 807.968244525554], [0.0, 1260.8474446004698, 495.3344268742088], [0.0, 0.0, 1.0]], [[1256.7414812095406, 0.0, 792.1125740759628], [0.0, 1256.7414812095406, 492.7757465151356], [0.0, 0.0, 1.0]], [[809.2209905677063, 0.0, 829.2196003259838], [0.0, 809.2209905677063, 481.77842384512485], [0.0, 0.0, 1.0]], [[1259.5137405846733, 0.0, 807.2529053838625], [0.0, 1259.5137405846733, 501.19579884916527], [0.0, 0.0, 1.0]]], "extrinsics": [[[0.820936918258667, -0.5699618458747864, 0.034728314727544785, -0.738037109375], [0.03136005252599716, -0.015724409371614456, -0.9993844628334045, 1.51690673828125], [0.570156991481781, 0.8215206861495972, 0.004965281113982201, -1.12457275390625], [0.0, 0.0, 0.0, 1.0]], [[0.00701869186013937, -0.9997764825820923, 0.01994358003139496, 0.007781982421875], [0.026162561029195786, -0.019753651693463326, -0.9994625449180603, 1.5265007019042969], [0.9996330142021179, 0.0075366925448179245, 0.026018070057034492, -1.4649658203125], [0.0, 0.0, 0.0, 1.0]], [[-0.8312513828277588, -0.5553296208381653, -0.02510104700922966, 0.8848876953125], [0.03184591606259346, -0.0024917309638112783, -0.9994896650314331, 1.5093154907226562], [0.5549836158752441, -0.8316265940666199, 0.019756238907575607, -1.1492919921875], [0.0, 0.0, 0.0, 1.0]], [[0.9461951851844788, 0.32237738370895386, 0.028062235563993454, -1.13623046875], [0.04079211503267288, -0.03279862180352211, -0.9986291527748108, 1.588775634765625], [-0.32101505994796753, 0.9460428357124329, -0.044184353202581406, -0.10504150390625], [0.0, 0.0, 0.0, 1.0]], [[0.0005432293983176351, 0.9997389316558838, -0.02284354530274868, 0.003143310546875], [0.015255006961524487, -0.022849174216389656, -0.9996225237846375, 1.5804214477539062], [-0.9998834729194641, 0.00019454520952422172, -0.01526343822479248, -0.06787109375], [0.0, 0.0, 0.0, 1.0]], [[-0.9346118569374084, 0.35250574350357056, -0.047330472618341446, 1.014404296875], [0.04777919128537178, -0.007432794198393822, -0.998830258846283, 1.55767822265625], [-0.35244524478912354, -0.9357801675796509, -0.009895662777125835, -0.10955810546875], [0.0, 0.0, 0.0, 1.0]]], "view": [[0.0, -2.0, 100.0], [-2.0, 0.0, 100.0], [0.0, 0.0, 1.0]], "bev": "bev_71374b6b989e4000bfe6f5d70052c378.png", "aux": "aux_71374b6b989e4000bfe6f5d70052c378.npz", "visibility": "visibility_71374b6b989e4000bfe6f5d70052c378.png", "pose": [[-0.01779179461300373, 0.9998416900634766, 0.0, 351.3273010253906], [-0.9998416900634766, -0.01779179461300373, 0.0, 1849.197021484375], [0.0, 0.0, 1.0, 0.0], [0.0, 0.0, 0.0, 1.0]], "pose_inverse": [[-0.01779179461300373, -0.9998416900634766, 0.0, 1855.155029296875], [0.9998416900634766, -0.01779179461300373, 0.0, -318.37115478515625], [0.0, 0.0, 1.0, 0.0], [0.0, 0.0, 0.0, 1.0]], "cam_ids": [0, 1, 2, 3, 4, 5], "cam_channels": ["CAM_FRONT_LEFT", "CAM_FRONT", "CAM_FRONT_RIGHT", "CAM_BACK_LEFT", "CAM_BACK", "CAM_BACK_RIGHT"], "token": "71374b6b989e4000bfe6f5d70052c378", "scene": "scene-1003"}, {"images": ["samples/CAM_FRONT_LEFT/n015-2018-11-14-18-57-54+0800__CAM_FRONT_LEFT__1542193425404844.jpg", "samples/CAM_FRONT/n015-2018-11-14-18-57-54+0800__CAM_FRONT__1542193425412460.jpg", "samples/CAM_FRONT_RIGHT/n015-2018-11-14-18-57-54+0800__CAM_FRONT_RIGHT__1542193425420339.jpg", "samples/CAM_BACK_LEFT/n015-2018-11-14-18-57-54+0800__CAM_BACK_LEFT__1542193425447423.jpg", "samples/CAM_BACK/n015-2018-11-14-18-57-54+0800__CAM_BACK__1542193425437525.jpg", "samples/CAM_BACK_RIGHT/n015-2018-11-14-18-57-54+0800__CAM_BACK_RIGHT__1542193425427897.jpg"], "intrinsics": [[[1272.5979470598488, 0.0, 826.6154927353808], [0.0, 1272.5979470598488, 479.75165386361925], [0.0, 0.0, 1.0]], [[1266.417203046554, 0.0, 816.2670197447984], [0.0, 1266.417203046554, 491.50706579294757], [0.0, 0.0, 1.0]], [[1260.8474446004698, 0.0, 807.968244525554], [0.0, 1260.8474446004698, 495.3344268742088], [0.0, 0.0, 1.0]], [[1256.7414812095406, 0.0, 792.1125740759628], [0.0, 1256.7414812095406, 492.7757465151356], [0.0, 0.0, 1.0]], [[809.2209905677063, 0.0, 829.2196003259838], [0.0, 809.2209905677063, 481.77842384512485], [0.0, 0.0, 1.0]], [[1259.5137405846733, 0.0, 807.2529053838625], [0.0, 1259.5137405846733, 501.19579884916527], [0.0, 0.0, 1.0]]], "extrinsics": [[[0.8192710876464844, -0.5725803375244141, 0.030766284093260765, -0.728759765625], [0.030848713591694832, -0.00956506934016943, -0.999478280544281, 1.5171089172363281], [0.5725758671760559, 0.8197928071022034, 0.009826983325183392, -1.1181640625], [0.0, 0.0, 0.0, 1.0]], [[0.003974060527980328, -0.9998992085456848, 0.013625693507492542, 0.00787353515625], [0.025539284572005272, -0.013519871048629284, -0.9995824694633484, 1.5266036987304688], [0.9996658563613892, 0.004320391919463873, 0.025482982397079468, -1.45556640625], [0.0, 0.0, 0.0, 1.0]], [[-0.8329904079437256, -0.5525746941566467, -0.028073765337467194, 0.878662109375], [0.031174058094620705, 0.0037863203324377537, -0.9995067715644836, 1.5094146728515625], [0.5524085164070129, -0.8334547877311707, 0.01407202985137701, -1.1453857421875], [0.0, 0.0, 0.0, 1.0]], [[0.9472607374191284, 0.3191257417201996, 0.029253384098410606, -1.134765625], [0.0396970734000206, -0.026269469410181046, -0.9988663792610168, 1.5888442993164062], [-0.31799545884132385, 0.9473482370376587, -0.037552397698163986, -0.105712890625], [0.0, 0.0, 0.0, 1.0]], [[0.003303707577288151, 0.9998618364334106, -0.016289152204990387, 0.003082275390625], [0.014332263730466366, -0.016334909945726395, -0.9997638463973999, 1.5803985595703125], [-0.9998917579650879, 0.0030694659799337387, -0.014384251087903976, -0.0709228515625], [0.0, 0.0, 0.0, 1.0]], [[-0.9335982799530029, 0.35556840896606445, -0.04433120787143707, 1.0093994140625], [0.046997059136629105, -0.001141321030445397, -0.9988943934440613, 1.5578231811523438], [-0.3552258610725403, -0.9346495866775513, -0.015645135194063187, -0.11138916015625], [0.0, 0.0, 0.0, 1.0]]], "view": [[0.0, -2.0, 100.0], [-2.0, 0.0, 100.0], [0.0, 0.0, 1.0]], "bev": "bev_b5ce837fcffd4ac18dbebccde7f64793.png", "aux": "aux_b5ce837fcffd4ac18dbebccde7f64793.npz", "visibility": "visibility_b5ce837fcffd4ac18dbebccde7f64793.png", "pose": [[0.014944944530725479, 0.9998883008956909, 0.0, 351.3045959472656], [-0.9998883008956909, 0.014944944530725479, 0.0, 1845.953369140625], [0.0, 0.0, 1.0, 0.0], [0.0, 0.0, 0.0, 1.0]], "pose_inverse": [[0.014944944530725479, -0.9998883008956909, 0.0, 1840.4969482421875], [0.9998883008956909, 0.014944944530725479, 0.0, -378.85302734375], [0.0, 0.0, 1.0, 0.0], [0.0, 0.0, 0.0, 1.0]], "cam_ids": [0, 1, 2, 3, 4, 5], "cam_channels": ["CAM_FRONT_LEFT", "CAM_FRONT", "CAM_FRONT_RIGHT", "CAM_BACK_LEFT", "CAM_BACK", "CAM_BACK_RIGHT"], "token": "b5ce837fcffd4ac18dbebccde7f64793", "scene": "scene-1003"}, {"images": ["samples/CAM_FRONT_LEFT/n015-2018-11-14-18-57-54+0800__CAM_FRONT_LEFT__1542193425854844.jpg", "samples/CAM_FRONT/n015-2018-11-14-18-57-54+0800__CAM_FRONT__1542193425862460.jpg", "samples/CAM_FRONT_RIGHT/n015-2018-11-14-18-57-54+0800__CAM_FRONT_RIGHT__1542193425870339.jpg", "samples/CAM_BACK_LEFT/n015-2018-11-14-18-57-54+0800__CAM_BACK_LEFT__1542193425897423.jpg", "samples/CAM_BACK/n015-2018-11-14-18-57-54+0800__CAM_BACK__1542193425887525.jpg", "samples/CAM_BACK_RIGHT/n015-2018-11-14-18-57-54+0800__CAM_BACK_RIGHT__1542193425877893.jpg"], "intrinsics": [[[1272.5979470598488, 0.0, 826.6154927353808], [0.0, 1272.5979470598488, 479.75165386361925], [0.0, 0.0, 1.0]], [[1266.417203046554, 0.0, 816.2670197447984], [0.0, 1266.417203046554, 491.50706579294757], [0.0, 0.0, 1.0]], [[1260.8474446004698, 0.0, 807.968244525554], [0.0, 1260.8474446004698, 495.3344268742088], [0.0, 0.0, 1.0]], [[1256.7414812095406, 0.0, 792.1125740759628], [0.0, 1256.7414812095406, 492.7757465151356], [0.0, 0.0, 1.0]], [[809.2209905677063, 0.0, 829.2196003259838], [0.0, 809.2209905677063, 481.77842384512485], [0.0, 0.0, 1.0]], [[1259.5137405846733, 0.0, 807.2529053838625], [0.0, 1259.5137405846733, 501.19579884916527], [0.0, 0.0, 1.0]]], "extrinsics": [[[0.8191665410995483, -0.5729368329048157, 0.026636280119419098, -0.70556640625], [0.02888505719602108, -0.005171836353838444, -0.9995693564414978, 1.5173225402832031], [0.5728278756141663, 0.8195831775665283, 0.012312719598412514, -1.1044921875], [0.0, 0.0, 0.0, 1.0]], [[0.0037487430963665247, -0.9999502301216125, 0.009244535118341446, 0.0096435546875], [0.02357814647257328, -0.009153645485639572, -0.9996801018714905, 1.5266761779785156], [0.9997149705886841, 0.003965510055422783, 0.023542659357190132, -1.4334716796875], [0.0, 0.0, 0.0, 1.0]], [[-0.8331630825996399, -0.5522748231887817, -0.028837893158197403, 0.86474609375], [0.029223043471574783, 0.008106592111289501, -0.9995400309562683, 1.5095481872558594], [0.5522546172142029, -0.8336226344108582, 0.00938503909856081, -1.1343994140625], [0.0, 0.0, 0.0, 1.0]], [[0.9473459720611572, 0.3189138174057007, 0.028802061453461647, -1.1297607421875], [0.037891753017902374, -0.022333350032567978, -0.999032199382782, 1.5890579223632812], [-0.3179619014263153, 0.9475205540657043, -0.03324161097407341, -0.1080322265625], [0.0, 0.0, 0.0, 1.0]], [[0.003297816263511777, 0.9999204874038696, -0.012175433337688446, 0.002197265625], [0.01247711107134819, -0.012215695343911648, -0.9998475313186646, 1.5803909301757812], [-0.9999167323112488, 0.00314540253020823, -0.012516404502093792, -0.0799560546875], [0.0, 0.0, 0.0, 1.0]], [[-0.9336357116699219, 0.3558650612831116, -0.041040901094675064, 0.99658203125], [0.045095477253198624, 0.0031017225701361895, -0.9989778399467468, 1.5581588745117188], [-0.3553740084171295, -0.9345322251319885, -0.0189437847584486, -0.114959716796875], [0.0, 0.0, 0.0, 1.0]]], "view": [[0.0, -2.0, 100.0], [-2.0, 0.0, 100.0], [0.0, 0.0, 1.0]], "bev": "bev_4cca9527a94f4aa182f8e22b5c92cf53.png", "aux": "aux_4cca9527a94f4aa182f8e22b5c92cf53.npz", "visibility": "visibility_4cca9527a94f4aa182f8e22b5c92cf53.png", "pose": [[0.03687286004424095, 0.9993199706077576, 0.0, 351.35748291015625], [-0.9993199706077576, 0.03687286004424095, 0.0, 1842.85986328125], [0.0, 0.0, 1.0, 0.0], [0.0, 0.0, 0.0, 1.0]], "pose_inverse": [[0.03687286004424095, -0.9993199706077576, 0.0, 1828.651123046875], [0.9993199706077576, 0.03687286004424095, 0.0, -419.070068359375], [0.0, 0.0, 1.0, 0.0], [0.0, 0.0, 0.0, 1.0]], "cam_ids": [0, 1, 2, 3, 4, 5], "cam_channels": ["CAM_FRONT_LEFT", "CAM_FRONT", "CAM_FRONT_RIGHT", "CAM_BACK_LEFT", "CAM_BACK", "CAM_BACK_RIGHT"], "token": "4cca9527a94f4aa182f8e22b5c92cf53", "scene": "scene-1003"}, {"images": ["samples/CAM_FRONT_LEFT/n015-2018-11-14-18-57-54+0800__CAM_FRONT_LEFT__1542193426404844.jpg", "samples/CAM_FRONT/n015-2018-11-14-18-57-54+0800__CAM_FRONT__1542193426412460.jpg", "samples/CAM_FRONT_RIGHT/n015-2018-11-14-18-57-54+0800__CAM_FRONT_RIGHT__1542193426420339.jpg", "samples/CAM_BACK_LEFT/n015-2018-11-14-18-57-54+0800__CAM_BACK_LEFT__1542193426447423.jpg", "samples/CAM_BACK/n015-2018-11-14-18-57-54+0800__CAM_BACK__1542193426437525.jpg", "samples/CAM_BACK_RIGHT/n015-2018-11-14-18-57-54+0800__CAM_BACK_RIGHT__1542193426427893.jpg"], "intrinsics": [[[1272.5979470598488, 0.0, 826.6154927353808], [0.0, 1272.5979470598488, 479.75165386361925], [0.0, 0.0, 1.0]], [[1266.417203046554, 0.0, 816.2670197447984], [0.0, 1266.417203046554, 491.50706579294757], [0.0, 0.0, 1.0]], [[1260.8474446004698, 0.0, 807.968244525554], [0.0, 1260.8474446004698, 495.3344268742088], [0.0, 0.0, 1.0]], [[1256.7414812095406, 0.0, 792.1125740759628], [0.0, 1256.7414812095406, 492.7757465151356], [0.0, 0.0, 1.0]], [[809.2209905677063, 0.0, 829.2196003259838], [0.0, 809.2209905677063, 481.77842384512485], [0.0, 0.0, 1.0]], [[1259.5137405846733, 0.0, 807.2529053838625], [0.0, 1259.5137405846733, 501.19579884916527], [0.0, 0.0, 1.0]]], "extrinsics": [[[0.8191848993301392, -0.5729275345802307, 0.026269644498825073, -0.701171875], [0.02745433896780014, -0.006578478496521711, -0.9996013641357422, 1.51708984375], [0.5728719830513, 0.8195796012878418, 0.010340355336666107, -1.09527587890625], [0.0, 0.0, 0.0, 1.0]], [[0.003761612344533205, -0.9999358057975769, 0.010685012675821781, 0.005645751953125], [0.022176777943968773, -0.01059904508292675, -0.9996978640556335, 1.5264549255371094], [0.9997469186782837, 0.00399743439629674, 0.022135484963655472, -1.42529296875], [0.0, 0.0, 0.0, 1.0]], [[-0.8331853151321411, -0.5523401498794556, -0.026880260556936264, 0.857177734375], [0.027849804610013962, 0.006635755300521851, -0.9995900988578796, 1.5095062255859375], [0.5522921681404114, -0.833592414855957, 0.009853753261268139, -1.1328125], [0.0, 0.0, 0.0, 1.0]], [[0.947367787361145, 0.31899294257164, 0.02716122195124626, -1.12890625], [0.03658398985862732, -0.02358364686369896, -0.9990522265434265, 1.5890655517578125], [-0.3180500268936157, 0.9474635720252991, -0.03401242196559906, -0.10791015625], [0.0, 0.0, 0.0, 1.0]], [[0.0032954695634543896, 0.9999022483825684, -0.013584953732788563, 0.00335693359375], [0.011137549765408039, -0.0136208850890