[{"images": ["samples/CAM_FRONT_LEFT/n008-2018-08-28-16-43-51-0400__CAM_FRONT_LEFT__1535489136004799.jpg", "samples/CAM_FRONT/n008-2018-08-28-16-43-51-0400__CAM_FRONT__1535489136012404.jpg", "samples/CAM_FRONT_RIGHT/n008-2018-08-28-16-43-51-0400__CAM_FRONT_RIGHT__1535489136020482.jpg", "samples/CAM_BACK_LEFT/n008-2018-08-28-16-43-51-0400__CAM_BACK_LEFT__1535489136047405.jpg", "samples/CAM_BACK/n008-2018-08-28-16-43-51-0400__CAM_BACK__1535489136037558.jpg", "samples/CAM_BACK_RIGHT/n008-2018-08-28-16-43-51-0400__CAM_BACK_RIGHT__1535489136028113.jpg"], "intrinsics": [[[1257.8625342125129, 0.0, 827.2410631095686], [0.0, 1257.8625342125129, 450.915498205774], [0.0, 0.0, 1.0]], [[1252.8131021185304, 0.0, 826.588114781398], [0.0, 1252.8131021185304, 469.9846626224581], [0.0, 0.0, 1.0]], [[1256.7485116440405, 0.0, 817.7887570959712], [0.0, 1256.7485116440403, 451.9541780095127], [0.0, 0.0, 1.0]], [[1254.9860565800168, 0.0, 829.5769333630991], [0.0, 1254.9860565800168, 467.1680561863987], [0.0, 0.0, 1.0]], [[796.8910634503094, 0.0, 857.7774326863696], [0.0, 796.8910634503094, 476.8848988407415], [0.0, 0.0, 1.0]], [[1249.9629280788233, 0.0, 825.3768045375984], [0.0, 1249.9629280788233, 462.54816385708756], [0.0, 0.0, 1.0]]], "extrinsics": [[[0.8222557902336121, -0.5691161155700684, -0.0015307379653677344, -0.9197998046875], [0.019250350072979927, 0.03050072118639946, -0.9993493556976318, 1.4902534484863281], [0.568792462348938, 0.8216912746429443, 0.03603507578372955, -1.275390625], [0.0, 0.0, 0.0, 1.0]], [[0.010018688626587391, -0.9996110796928406, -0.026022272184491158, 0.007080078125], [0.0201772078871727, 0.026220370084047318, -0.999452531337738, 1.4818382263183594], [0.9997461438179016, 0.009488149546086788, 0.020432056859135628, -1.6507568359375], [0.0, 0.0, 0.0, 1.0]], [[-0.8439132571220398, -0.5355134010314941, -0.03218229487538338, 1.037139892578125], [0.02710552327334881, 0.01734953746199608, -0.9994819760322571, 1.4947881698608398], [0.5357944369316101, -0.8443484902381897, -0.00012613137369044125, -1.242919921875], [0.0, 0.0, 0.0, 1.0]], [[0.9478291273117065, 0.3186630606651306, 0.008593641221523285, -1.1431961059570312], [-0.0017881776439025998, 0.03227245435118675, -0.9994775056838989, 1.562042236328125], [-0.31877392530441284, 0.9473184943199158, 0.03115859627723694, -0.156494140625], [0.0, 0.0, 0.0, 1.0]], [[0.009169742465019226, 0.999651312828064, 0.024762649089097977, -0.0289306640625], [0.0015409472398459911, 0.02474953420460224, -0.9996924996376038, 1.5680885314941406], [-0.9999567866325378, 0.009205076843500137, -0.0013134632026776671, 0.02056884765625], [0.0, 0.0, 0.0, 1.0]], [[-0.9236065745353699, 0.38330018520355225, -0.005643172655254602, 1.1181640625], [0.007004217244684696, 0.002155282534658909, -0.9999731779098511, 1.548132300376892], [-0.3832777142524719, -0.9236212372779846, -0.004675350617617369, -0.0609130859375], [0.0, 0.0, 0.0, 1.0]]], "view": [[0.0, -2.0, 100.0], [-2.0, 0.0, 100.0], [0.0, 0.0, 1.0]], "bev": "bev_5b90526901414d2aa5db2b9fdaf858eb.png", "aux": "aux_5b90526901414d2aa5db2b9fdaf858eb.npz", "visibility": "visibility_5b90526901414d2aa5db2b9fdaf858eb.png", "pose": [[-0.03463338315486908, -0.9994000792503357, 0.0, 1937.629638671875], [0.9994000792503357, -0.03463338315486908, 0.0, 851.0809326171875], [0.0, 0.0, 1.0, 0.0], [0.0, 0.0, 0.0, 1.0]], "pose_inverse": [[-0.03463338315486908, 0.9994000792503357, 0.0, -783.4636840820312], [-0.9994000792503357, -0.03463338315486908, 0.0, 1965.9429931640625], [0.0, 0.0, 1.0, 0.0], [0.0, 0.0, 0.0, 1.0]], "cam_ids": [0, 1, 2, 3, 4, 5], "cam_channels": ["CAM_FRONT_LEFT", "CAM_FRONT", "CAM_FRONT_RIGHT", "CAM_BACK_LEFT", "CAM_BACK", "CAM_BACK_RIGHT"], "token": "5b90526901414d2aa5db2b9fdaf858eb", "scene": "scene-0552"}, {"images": ["samples/CAM_FRONT_LEFT/n008-2018-08-28-16-43-51-0400__CAM_FRONT_LEFT__1535489136504799.jpg", "samples/CAM_FRONT/n008-2018-08-28-16-43-51-0400__CAM_FRONT__1535489136512404.jpg", "samples/CAM_FRONT_RIGHT/n008-2018-08-28-16-43-51-0400__CAM_FRONT_RIGHT__1535489136520482.jpg", "samples/CAM_BACK_LEFT/n008-2018-08-28-16-43-51-0400__CAM_BACK_LEFT__1535489136547405.jpg", "samples/CAM_BACK/n008-2018-08-28-16-43-51-0400__CAM_BACK__1535489136537558.jpg", "samples/CAM_BACK_RIGHT/n008-2018-08-28-16-43-51-0400__CAM_BACK_RIGHT__1535489136528113.jpg"], "intrinsics": [[[1257.8625342125129, 0.0, 827.2410631095686], [0.0, 1257.8625342125129, 450.915498205774], [0.0, 0.0, 1.0]], [[1252.8131021185304, 0.0, 826.588114781398], [0.0, 1252.8131021185304, 469.9846626224581], [0.0, 0.0, 1.0]], [[1256.7485116440405, 0.0, 817.7887570959712], [0.0, 1256.7485116440403, 451.9541780095127], [0.0, 0.0, 1.0]], [[1254.9860565800168, 0.0, 829.5769333630991], [0.0, 1254.9860565800168, 467.1680561863987], [0.0, 0.0, 1.0]], [[796.8910634503094, 0.0, 857.7774326863696], [0.0, 796.8910634503094, 476.8848988407415], [0.0, 0.0, 1.0]], [[1249.9629280788233, 0.0, 825.3768045375984], [0.0, 1249.9629280788233, 462.54816385708756], [0.0, 0.0, 1.0]]], "extrinsics": [[[0.8225230574607849, -0.5687317848205566, 6.354429933708161e-05, -0.918212890625], [0.029745617881417274, 0.04290774092078209, -0.9986361265182495, 1.4914207458496094], [0.5679534077644348, 0.8214030861854553, 0.05220988392829895, -1.273681640625], [0.0, 0.0, 0.0, 1.0]], [[0.010813470929861069, -0.9992001056671143, -0.03849999979138374, 0.006591796875], [0.031664539128541946, 0.03882511332631111, -0.9987441897392273, 1.4828834533691406], [0.9994399547576904, 0.009580815210938454, 0.03205904737114906, -1.648681640625], [0.0, 0.0, 0.0, 1.0]], [[-0.8431916832923889, -0.5353174209594727, -0.0496288537979126, 1.03515625], [0.03963525965809822, 0.030163664370775223, -0.9987587928771973, 1.4956741333007812], [0.5361499786376953, -0.8441122174263, -0.004216304514557123, -1.2421875], [0.0, 0.0, 0.0, 1.0]], [[0.9475135803222656, 0.31855666637420654, 0.027195878326892853, -1.1433334350585938], [0.013459953479468822, 0.04524179920554161, -0.9988853931427002, 1.562042236328125], [-0.31943199038505554, 0.9468234777450562, 0.038579460233449936, -0.15625], [0.0, 0.0, 0.0, 1.0]], [[0.00844854861497879, 0.9992448091506958, 0.037926867604255676, -0.028564453125], [0.01599668525159359, 0.037788309156894684, -0.9991576671600342, 1.5684585571289062], [-0.9998363852500916, 0.00904813688248396, -0.01566534861922264, 0.01995849609375], [0.0, 0.0, 0.0, 1.0]], [[-0.9236099720001221, 0.38310977816581726, -0.013092043809592724, 1.1170654296875], [0.02043941430747509, 0.015113772824406624, -0.9996768236160278, 1.548776626586914], [-0.38278812170028687, -0.9235791563987732, -0.021789774298667908, -0.0616455078125], [0.0, 0.0, 0.0, 1.0]]], "view": [[0.0, -2.0, 100.0], [-2.0, 0.0, 100.0], [0.0, 0.0, 1.0]], "bev": "bev_aa9848eff6fd40a88148dadfa611b10b.png", "aux": "aux_aa9848eff6fd40a88148dadfa611b10b.npz", "visibility": "visibility_aa9848eff6fd40a88148dadfa611b10b.png", "pose": [[-0.038780517876148224, -0.9992477297782898, 0.0, 1937.59716796875], [0.9992477297782898, -0.038780517876148224, 0.0, 852.2054443359375], [0.0, 0.0, 1.0, 0.0], [0.0, 0.0, 0.0, 1.0]], "pose_inverse": [[-0.038780517876148224, 0.9992477297782898, 0.0, -776.42333984375], [-0.9992477297782898, -0.038780517876148224, 0.0, 1969.1885986328125], [0.0, 0.0, 1.0, 0.0], [0.0, 0.0, 0.0, 1.0]], "cam_ids": [0, 1, 2, 3, 4, 5], "cam_channels": ["CAM_FRONT_LEFT", "CAM_FRONT", "CAM_FRONT_RIGHT", "CAM_BACK_LEFT", "CAM_BACK", "CAM_BACK_RIGHT"], "token": "aa9848eff6fd40a88148dadfa611b10b", "scene": "scene-0552"}, {"images": ["samples/CAM_FRONT_LEFT/n008-2018-08-28-16-43-51-0400__CAM_FRONT_LEFT__1535489136904799.jpg", "samples/CAM_FRONT/n008-2018-08-28-16-43-51-0400__CAM_FRONT__1535489136912404.jpg", "samples/CAM_FRONT_RIGHT/n008-2018-08-28-16-43-51-0400__CAM_FRONT_RIGHT__1535489136920482.jpg", "samples/CAM_BACK_LEFT/n008-2018-08-28-16-43-51-0400__CAM_BACK_LEFT__1535489136947405.jpg", "samples/CAM_BACK/n008-2018-08-28-16-43-51-0400__CAM_BACK__1535489136937558.jpg", "samples/CAM_BACK_RIGHT/n008-2018-08-28-16-43-51-0400__CAM_BACK_RIGHT__1535489136928113.jpg"], "intrinsics": [[[1257.8625342125129, 0.0, 827.2410631095686], [0.0, 1257.8625342125129, 450.915498205774], [0.0, 0.0, 1.0]], [[1252.8131021185304, 0.0, 826.588114781398], [0.0, 1252.8131021185304, 469.9846626224581], [0.0, 0.0, 1.0]], [[1256.7485116440405, 0.0, 817.7887570959712], [0.0, 1256.7485116440403, 451.9541780095127], [0.0, 0.0, 1.0]], [[1254.9860565800168, 0.0, 829.5769333630991], [0.0, 1254.9860565800168, 467.1680561863987], [0.0, 0.0, 1.0]], [[796.8910634503094, 0.0, 857.7774326863696], [0.0, 796.8910634503094, 476.8848988407415], [0.0, 0.0, 1.0]], [[1249.9629280788233, 0.0, 825.3768045375984], [0.0, 1249.9629280788233, 462.54816385708756], [0.0, 0.0, 1.0]]], "extrinsics": [[[0.8226234316825867, -0.568490207195282, -0.01047520712018013, -0.927978515625], [0.01825983077287674, 0.04482732340693474, -0.9988278150558472, 1.4899826049804688], [0.5682933926582336, 0.821467936038971, 0.04725653678178787, -1.2808837890625], [0.0, 0.0, 0.0, 1.0]], [[0.010589373297989368, -0.9991189241409302, -0.040611717849969864, 0.0064697265625], [0.020279910415410995, 0.040820229798555374, -0.9989606738090515, 1.481719970703125], [0.9997382164001465, 0.00975476298481226, 0.020694302394986153, -1.65728759765625], [0.0, 0.0, 0.0, 1.0]], [[-0.8436137437820435, -0.5353649854660034, -0.0412331148982048, 1.039398193359375], [0.028370846062898636, 0.03224162384867668, -0.999077320098877, 1.4947967529296875], [0.5362004041671753, -0.8440052270889282, -0.012010724283754826, -1.2451171875], [0.0, 0.0, 0.0, 1.0]], [[0.9477297067642212, 0.3185526728630066, 0.018239174038171768, -1.143768310546875], [0.003182536456733942, 0.047722458839416504, -0.9988555908203125, 1.562042236328125], [-0.31905853748321533, 0.9467030167579651, 0.04421418532729149, -0.156005859375], [0.0, 0.0, 0.0, 1.0]], [[0.008787206374108791, 0.9991550445556641, 0.04015093296766281, -0.0286865234375], [0.0052261934615671635, 0.04010605067014694, -0.9991817474365234, 1.56817626953125], [-0.9999477863311768, 0.008989845402538776, -0.00486935768276453, 0.02191162109375], [0.0, 0.0, 0.0, 1.0]], [[-0.9237425327301025, 0.3830084502696991, -0.0020377500914037228, 1.1202392578125], [0.009368006139993668, 0.01727447099983692, -0.9998068809509277, 1.5482196807861328], [-0.3828992545604706, -0.9235832691192627, -0.019545190036296844, -0.0604248046875], [0.0, 0.0, 0.0, 1.0]]], "view": [[0.0, -2.0, 100.0], [-2.0, 0.0, 100.0], [0.0, 0.0, 1.0]], "bev": "bev_5a2d3dfe7075436fb5826dfc45e53495.png", "aux": "aux_5a2d3dfe7075436fb5826dfc45e53495.npz", "visibility": "visibility_5a2d3dfe7075436fb5826dfc45e53495.png", "pose": [[-0.04062049463391304, -0.9991746544837952, 0.0, 1937.5736083984375], [0.9991746544837952, -0.04062049463391304, 0.0, 853.0801391601562], [0.0, 0.0, 1.0, 0.0], [0.0, 0.0, 0.0, 1.0]], "pose_inverse": [[-0.04062049463391304, 0.9991746544837952, 0.0, -773.6708374023438], [-0.9991746544837952, -0.04062049463391304, 0.0, 1970.626953125], [0.0, 0.0, 1.0, 0.0], [0.0, 0.0, 0.0, 1.0]], "cam_ids": [0, 1, 2, 3, 4, 5], "cam_channels": ["CAM_FRONT_LEFT", "CAM_FRONT", "CAM_FRONT_RIGHT", "CAM_BACK_LEFT", "CAM_BACK", "CAM_BACK_RIGHT"], "token": "5a2d3dfe7075436fb5826dfc45e53495", "scene": "scene-0552"}, {"images": ["samples/CAM_FRONT_LEFT/n008-2018-08-28-16-43-51-0400__CAM_FRONT_LEFT__1535489137404799.jpg", "samples/CAM_FRONT/n008-2018-08-28-16-43-51-0400__CAM_FRONT__1535489137412404.jpg", "samples/CAM_FRONT_RIGHT/n008-2018-08-28-16-43-51-0400__CAM_FRONT_RIGHT__1535489137420482.jpg", "samples/CAM_BACK_LEFT/n008-2018-08-28-16-43-51-0400__CAM_BACK_LEFT__1535489137447405.jpg", "samples/CAM_BACK/n008-2018-08-28-16-43-51-0400__CAM_BACK__1535489137437558.jpg", "samples/CAM_BACK_RIGHT/n008-2018-08-28-16-43-51-0400__CAM_BACK_RIGHT__1535489137428113.jpg"], "intrinsics": [[[1257.8625342125129, 0.0, 827.2410631095686], [0.0, 1257.8625342125129, 450.915498205774], [0.0, 0.0, 1.0]], [[1252.8131021185304, 0.0, 826.588114781398], [0.0, 1252.8131021185304, 469.9846626224581], [0.0, 0.0, 1.0]], [[1256.7485116440405, 0.0, 817.7887570959712], [0.0, 1256.7485116440403, 451.9541780095127], [0.0, 0.0, 1.0]], [[1254.9860565800168, 0.0, 829.5769333630991], [0.0, 1254.9860565800168, 467.1680561863987], [0.0, 0.0, 1.0]], [[796.8910634503094, 0.0, 857.7774326863696], [0.0, 796.8910634503094, 476.8848988407415], [0.0, 0.0, 1.0]], [[1249.9629280788233, 0.0, 825.3768045375984], [0.0, 1249.9629280788233, 462.54816385708756], [0.0, 0.0, 1.0]]], "extrinsics": [[[0.8222971558570862, -0.5690352320671082, -0.005143799353390932, -0.9407958984375], [0.02211962454020977, 0.040994152426719666, -0.9989144802093506, 1.4900245666503906], [0.5686283707618713, 0.8212906718254089, 0.046296220272779465, -1.2890625], [0.0, 0.0, 0.0, 1.0]], [[0.010209770873188972, -0.9992824792861938, -0.03647252172231674, 0.006103515625], [0.024351995438337326, 0.036712080240249634, -0.9990291595458984, 1.4817314147949219], [0.999651312828064, 0.009311683475971222, 0.024709345772862434, -1.67047119140625], [0.0, 0.0, 0.0, 1.0]], [[-0.8436701893806458, -0.5351770520210266, -0.04249852895736694, 1.049072265625], [0.03266723453998566, 0.02783937007188797, -0.9990784525871277, 1.4946823120117188], [0.5358670353889465, -0.8442810773849487, -0.006004491355270147, -1.2509765625], [0.0, 0.0, 0.0, 1.0]], [[0.9476549625396729, 0.3185828924179077, 0.02132868766784668, -1.1432647705078125], [0.008174960501492023, 0.04256851226091385, -0.9990600943565369, 1.562042236328125], [-0.3191913664340973, 0.9469386339187622, 0.03773586079478264, -0.15625], [0.0, 0.0, 0.0, 1.0]], [[0.008817080408334732, 0.9993388652801514, 0.03527350351214409, -0.028564453125], [0.010008190758526325, 0.035184912383556366, -0.9993306398391724, 1.5682487487792969], [-0.9999110698699951, 0.00916419830173254, -0.009691346436738968, 0.0257568359375], [0.0, 0.0, 0.0, 1.0]], [[-0.9235898852348328, 0.3832986652851105, -0.007991552352905273, 1.1278076171875], [0.013895483687520027, 0.012636582367122173, -0.9998236298561096, 1.5483083724975586], [-0.3831300437450409, -0.9235379695892334, -0.016997139900922775, -0.057373046875], [0.0, 0.0, 0.0, 1.0]]], "view": [[0.0, -2.0, 100.0], [-2.0, 0.0, 100.0], [0.0, 0.0, 1.0]], "bev": "bev_f56b256d74d5484fbb1be4ac42546a7c.png", "aux": "aux_f56b256d74d5484fbb1be4ac42546a7c.npz", "visibility": "visibility_f56b256d74d5484fbb1be4ac42546a7c.png", "pose": [[-0.0449979305267334, -0.998987078666687, 0.0, 1937.5357666015625], [0.998987078666687, -0.0449979305267334, 0.0, 854.0676879882812], [0.0, 0.0, 1.0, 0.0], [0.0, 0.0, 0.0, 1.0]], "pose_inverse": [[-0.0449979305267334, 0.998987078666687, 0.0, -766.0175170898438], [-0.998987078666687, -0.0449979305267334, 0.0, 1974.0045166015625], [0.0, 0.0, 1.0, 0.0], [0.0, 0.0, 0.0, 1.0]], "cam_ids": [0, 1, 2, 3, 4, 5], "cam_channels": ["CAM_FRONT_LEFT", "CAM_FRONT", "CAM_FRONT_RIGHT", "CAM_BACK_LEFT", "CAM_BACK", "CAM_BACK_RIGHT"], "token": "f56b256d74d5484fbb1be4ac42546a7c", "scene": "scene-0552"}, {"images": ["samples/CAM_FRONT_LEFT/n008-2018-08-28-16-43-51-0400__CAM_FRONT_LEFT__1535489137904799.jpg", "samples/CAM_FRONT/n008-2018-08-28-16-43-51-0400__CAM_FRONT__1535489137912404.jpg", "samples/CAM_FRONT_RIGHT/n008-2018-08-28-16-43-51-0400__CAM_FRONT_RIGHT__1535489137920483.jpg", "samples/CAM_BACK_LEFT/n008-2018-08-28-16-43-51-0400__CAM_BACK_LEFT__1535489137947405.jpg", "samples/CAM_BACK/n008-2018-08-28-16-43-51-0400__CAM_BACK__1535489137937558.jpg", "samples/CAM_BACK_RIGHT/n008-2018-08-28-16-43-51-0400__CAM_BACK_RIGHT__1535489137928113.jpg"], "intrinsics": [[[1257.8625342125129, 0.0, 827.2410631095686], [0.0, 1257.8625342125129, 450.915498205774], [0.0, 0.0, 1.0]], [[1252.8131021185304, 0.0, 826.588114781398], [0.0, 1252.8131021185304, 469.9846626224581], [0.0, 0.0, 1.0]], [[1256.7485116440405, 0.0, 817.7887570959712], [0.0, 1256.7485116440403, 451.9541780095127], [0.0, 0.0, 1.0]], [[1254.9860565800168, 0.0, 829.5769333630991], [0.0, 1254.9860565800168, 467.1680561863987], [0.0, 0.0, 1.0]], [[796.8910634503094, 0.0, 857.7774326863696], [0.0, 796.8910634503094, 476.8848988407415], [0.0, 0.0, 1.0]], [[1249.9629280788233, 0.0, 825.3768045375984], [0.0, 1249.9629280788233, 462.54816385708756], [0.0, 0.0, 1.0]]], "extrinsics": [[[0.8222624063491821, -0.5691078305244446, 0.0009886239422485232, -0.948486328125], [0.027351917698979378, 0.037783533334732056, -0.9989115595817566, 1.4901618957519531], [0.5684509873390198, 0.8213943839073181, 0.046634167432785034, -1.2945556640625], [0.0, 0.0, 0.0, 1.0]], [[0.010329126380383968, -0.9993893504142761, -0.03338298946619034, 0.0062255859375], [0.02938632294535637, 0.0336737334728241, -0.9990007877349854, 1.4818115234375], [0.9995147585868835, 0.00933780986815691, 0.02971619740128517, -1.6783447265625], [0.0, 0.0, 0.0, 1.0]], [[-0.8434758186340332, -0.5352754592895508, -0.0450417697429657, 1.054107666015625], [0.0374908410012722, 0.024984169751405716, -0.9989846348762512, 1.4946956634521484], [0.5358572602272034, -0.8443080186843872, -0.0010056147584691644, -1.254150390625], [0.0, 0.0, 0.0, 1.0]], [[0.9475820064544678, 0.3185800611972809, 0.024395335465669632, -1.1433486938476562], [0.012243624776601791, 0.040090564638376236, -0.9991210103034973, 1.5620574951171875], [-0.3192780613899231, 0.947047770023346, 0.03408852219581604, -0.15625], [0.0, 0.0, 0.0, 1.0]], [[0.008703866973519325, 0.9994264245033264, 0.0327264778316021, -0.0286865234375], [0.014349396340548992, 0.032599516212940216, -0.9993654489517212, 1.5682907104492188], [-0.9998591542243958, 0.009167949669063091, -0.01405742485076189, 0.0281982421875], [0.0, 0.0, 0.0, 1.0]], [[-0.9235293865203857, 0.38329726457595825, -0.013286564499139786, 1.1317138671875], [0.018496325239539146, 0.00990944355726242, -0.9997798204421997, 1.5483860969543457], [-0.3830811679363251, -0.9235719442367554, -0.016241252422332764, -0.055419921875], [0.0, 0.0, 0.0, 1.0]]], "view": [[0.0, -2.0, 100.0], [-2.0, 0.0, 100.0], [0.0, 0.0, 1.0]], "bev": "bev_509430f5472a4a47bde26cf3bee935fb.png", "aux": "aux_509430f5472a4a47bde26cf3bee935fb.npz", "visibility": "visibility_509430f5472a4a47bde26cf3bee935fb.png", "pose": [[-0.05229908227920532, -0.998631477355957, 0.0, 1937.4984130859375], [0.998631477355957, -0.05229908227920532, 0.0, 854.915283203125], [0.0, 0.0, 1.0, 0.0], [0.0, 0.0, 0.0, 1.0]], "pose_inverse": [[-0.05229908227920532, 0.998631477355957, 0.0, -752.4158935546875], [-0.998631477355957, -0.05229908227920532, 0.0, 1979.5582275390625], [0.0, 0.0, 1.0, 0.0], [0.0, 0.0, 0.0, 1.0]], "cam_ids": [0, 1, 2, 3, 4, 5], "cam_channels": ["CAM_FRONT_LEFT", "CAM_FRONT", "CAM_FRONT_RIGHT", "CAM_BACK_LEFT", "CAM_BACK", "CAM_BACK_RIGHT"], "token": "509430f5472a4a47bde26cf3bee935fb", "scene": "scene-0552"}, {"images": ["samples/CAM_FRONT_LEFT/n008-2018-08-28-16-43-51-0400__CAM_FRONT_LEFT__1535489138404799.jpg", "samples/CAM_FRONT/n008-2018-08-28-16-43-51-0400__CAM_FRONT__1535489138412404.jpg", "samples/CAM_FRONT_RIGHT/n008-2018-08-28-16-43-51-0400__CAM_FRONT_RIGHT__1535489138420482.jpg", "samples/CAM_BACK_LEFT/n008-2018-08-28-16-43-51-0400__CAM_BACK_LEFT__1535489138447405.jpg", "samples/CAM_BACK/n008-2018-08-28-16-43-51-0400__CAM_BACK__1535489138437558.jpg", "samples/CAM_BACK_RIGHT/n008-2018-08-28-16-43-51-0400__CAM_BACK_RIGHT__1535489138428113.jpg"], "intrinsics": [[[1257.8625342125129, 0.0, 827.2410631095686], [0.0, 1257.8625342125129, 450.915498205774], [0.0, 0.0, 1.0]], [[1252.8131021185304, 0.0, 826.588114781398], [0.0, 1252.8131021185304, 469.9846626224581], [0.0, 0.0, 1.0]], [[1256.7485116440405, 0.0, 817.7887570959712], [0.0, 1256.7485116440403, 451.9541780095127], [0.0, 0.0, 1.0]], [[1254.9860565800168, 0.0, 829.5769333630991], [0.0, 1254.9860565800168, 467.1680561863987], [0.0, 0.0, 1.0]], [[796.8910634503094, 0.0, 857.7774326863696], [0.0, 796.8910634503094, 476.8848988407415], [0.0, 0.0, 1.0]], [[1249.9629280788233, 0.0, 825.3768045375984], [0.0, 1249.9629280788233, 462.54816385708756], [0.0, 0.0, 1.0]]], "extrinsics": [[[0.82260662317276, -0.5686055421829224, 0.0024854890070855618, -0.98046875], [0.02740570902824402, 0.03528125211596489, -0.9990015625953674, 1.4891090393066406], [0.5679501295089722, 0.8218534588813782, 0.04460562765598297, -1.31640625], [0.0, 0.0, 0.0, 1.0]], [[0.010810919106006622, -0.9994665384292603, -0.030820168554782867, 0.005859375], [0.029370462521910667, 0.03112606145441532, -0.9990838766098022, 1.4808731079101562], [0.9995101690292358, 0.0098958108574152, 0.029691291972994804, -1.710205078125], [0.0, 0.0, 0.0, 1.0]], [[-0.8432914018630981, -0.5356871485710144, -0.04357578605413437, 1.074981689453125], [0.037401385605335236, 0.02239011414349079, -0.9990494251251221, 1.4937705993652344], [0.5361536741256714, -0.8441197276115417, 0.0011540466221049428, -1.267578125], [0.0, 0.0, 0.0, 1.0]], [[0.947595477104187, 0.3186239004135132, 0.02327367290854454, -1.1438674926757812], [0.0119581688195467, 0.037424057722091675, -0.9992278814315796, 1.562042236328125], [-0.3192489445209503, 0.9471421241760254, 0.03165270760655403, -0.156005859375], [0.0, 0.0, 0.0, 1.0]], [[0.00861561018973589, 0.9995108246803284, 0.030065642669796944, -0.02880859375], [0.014088152907788754, 0.029942449182271957, -0.9994522929191589, 1.5681533813476562], [-0.9998636841773987, 0.009034457616508007, -0.01382328849285841, 0.03741455078125], [0.0, 0.0, 0.0, 1.0]], [[-0.9236223101615906, 0.3830430507659912, -0.014137386344373226, 1.1483154296875], [0.018326641991734505, 0.007289676461368799, -0.9998055100440979, 1.5480573177337646], [-0.38286539912223816, -0.9237017631530762, -0.013752799481153488, -0.0487060546875], [0.0, 0.0, 0.0, 1.0]]], "view": [[0.0, -2.0, 100.0], [-2.0, 0.0, 100.0], [0.0, 0.0, 1.0]], "bev": "bev_fb51300f4f894631bbf2a1c0970e0701.png", "aux": "aux_fb51300f4f894631bbf2a1c0970e0701.npz", "visibility": "visibility_fb51300f4f894631bbf2a1c0970e0701.png", "pose": [[-0.05638456344604492, -0.9984091520309448, 0.0, 1937.470458984375], [0.9984091520309448, -0.05638456344604492, 0.0, 855.4456787109375], [0.0, 0.0, 1.0, 0.0], [0.0, 0.0, 0.0, 1.0]], "pose_inverse": [[-0.05638456344604492, 0.9984091520309448, 0.0, -744.8413696289062], [-0.9984091520309448, -0.05638456344604492, 0.0, 1982.6220703125], [0.0, 0.0, 1.0, 0.0], [0.0, 0.0, 0.0, 1.0]], "cam_ids": [0, 1, 2, 3, 4, 5], "cam_channels": ["CAM_FRONT_LEFT", "CAM_FRONT", "CAM_FRONT_RIGHT", "CAM_BACK_LEFT", "CAM_BACK", "CAM_BACK_RIGHT"], "token": "fb51300f4f894631bbf2a1c0970e0701", "scene": "scene-0552"}, {"images": ["samples/CAM_FRONT_LEFT/n008-2018-08-28-16-43-51-0400__CAM_FRONT_LEFT__1535489138905033.jpg", "samples/CAM_FRONT/n008-2018-08-28-16-43-51-0400__CAM_FRONT__1535489138912404.jpg", "samples/CAM_FRONT_RIGHT/n008-2018-08-28-16-43-51-0400__CAM_FRONT_RIGHT__1535489138920482.jpg", "samples/CAM_BACK_LEFT/n008-2018-08-28-16-43-51-0400__CAM_BACK_LEFT__1535489138947405.jpg", "samples/CAM_BACK/n008-2018-08-28-16-43-51-0400__CAM_BACK__1535489138937558.jpg", "samples/CAM_BACK_RIGHT/n008-2018-08-28-16-43-51-0400__CAM_BACK_RIGHT__1535489138928113.jpg"], "intrinsics": [[[1257.8625342125129, 0.0, 827.2410631095686], [0.0, 1257.8625342125129, 450.915498205774], [0.0, 0.0, 1.0]], [[1252.8131021185304, 0.0, 826.588114781398], [0.0, 1252.8131021185304, 469.9846626224581], [0.0, 0.0, 1.0]], [[1256.7485116440405, 0.0, 817.7887570959712], [0.0, 1256.7485116440403, 451.9541780095127], [0.0, 0.0, 1.0]], [[1254.9860565800168, 0.0, 829.5769333630991], [0.0, 1254.9860565800168, 467.1680561863987], [0.0, 0.0, 1.0]], [[796.8910634503094, 0.0, 857.7774326863696], [0.0, 796.8910634503094, 476.8848988407415], [0.0, 0.0, 1.0]], [[1249.9629280788233, 0.0, 825.3768045375984], [0.0, 1249.9629280788233, 462.54816385708756], [0.0, 0.0, 1.0]]], "extrinsics": [[[0.8226220011711121, -0.5685752630233765, 0.003923925571143627, -1.0001220703125], [0.028171289712190628, 0.03386394679546356, -0.999029278755188, 1.4884872436523438], [0.567890465259552, 0.8219339847564697, 0.043874725699424744, -1.329345703125], [0.0, 0.0, 0.0, 1.0]], [[0.01086354535073042, -0.9995076060295105, -0.029436232522130013, 0.0048828125], [0.03019772283732891, 0.029752472415566444, -0.9991011023521423, 1.4803085327148438], [0.9994848966598511, 0.009964867495000362, 0.03050607442855835, -1.73016357421875], [0.0, 0.0, 0.0, 1.0]], [[-0.8432392477989197, -0.5357657074928284, -0.043619848787784576, 1.08807373046875], [0.03829647973179817, 0.021063441410660744, -0.9990443587303162, 1.4931859970092773], [0.5361725091934204, -0.844103991985321, 0.002756418427452445, -1.276123046875], [0.0, 0.0, 0.0, 1.0]], [[0.9475791454315186, 0.31861913204193115, 0.023993100970983505, -1.143798828125], [0.013131346553564072, 0.03619469702243805, -0.9992585182189941, 1.562042236328125], [-0.31925126910209656, 0.9471915364265442, 0.03011344000697136, -0.156005859375], [0.0, 0.0, 0.0, 1.0]], [[0.00858843419700861, 0.9995476603507996, 0.028821036219596863, -0.0286865234375], [0.01518252957612276, 0.028688430786132812, -0.9994730949401855, 1.568084716796875], [-0.9998478889465332, 0.009021492674946785, -0.014929275959730148, 0.04327392578125], [0.0, 0.0, 0.0, 1.0]], [[-0.9236122965812683, 0.3830123841762543, -0.015550547279417515, 1.1590576171875], [0.0193160567432642, 0.0059872157871723175, -0.9997954964637756, 1.5478506088256836], [-0.38284093141555786, -0.9237238168716431, -0.01292815525084734, -0.044677734375], [0.0, 0.0, 0.0, 1.0]]], "view": [[0.0, -2.0, 100.0], [-2.0, 0.0, 100.0], [0.0, 0.0, 1.0]], "bev": "bev_bca4a3f7ae0748c3b7b2f6e537c1518c.png", "aux": "aux_bca4a3f7ae0748c3b7b2f6e537c1518c.npz", "visibility": "visibility_bca4a3f7ae0748c3b7b2f6e537c1518c.png", "pose": [[-0.0576336644589901, -0.9983378052711487, 0.0, 1937.4559326171875], [0.9983378052711487, -0.0576336644589901, 0.0, 855.6611328125], [0.0, 0.0, 1.0, 0.0], [0.0, 0.0, 0.0, 1.0]], "pose_inverse": [[-0.0576336644589901, 0.9983378052711487, 0.0, -742.576171875], [-0.9983378052711487, -0.0576336644589901, 0.0, 1983.5504150390625], [0.0, 0.0, 1.0, 0.0], [0.0, 0.0, 0.0, 1.0]], "cam_ids": [0, 1, 2, 3, 4, 5], "cam_channels": ["CAM_FRONT_LEFT", "CAM_FRONT", "CAM_FRONT_RIGHT", "CAM_BACK_LEFT", "CAM_BACK", "CAM_BACK_RIGHT"], "token": "bca4a3f7ae0748c3b7b2f6e537c1518c", "scene": "scene-0552"}, {"images": ["samples/CAM_FRONT_LEFT/n008-2018-08-28-16-43-51-0400__CAM_FRONT_LEFT__1535489139404799.jpg", "samples/CAM_FRONT/n008-2018-08-28-16-43-51-0400__CAM_FRONT__1535489139412404.jpg", "samples/CAM_FRONT_RIGHT/n008-2018-08-28-16-43-51-0400__CAM_FRONT_RIGHT__1535489139420482.jpg", "samples/CAM_BACK_LEFT/n008-2018-08-28-16-43-51-0400__CAM_BACK_LEFT__1535489139447405.jpg", "samples/CAM_BACK/n008-2018-08-28-16-43-51-0400__CAM_BACK__1535489139437558.jpg", "samples/CAM_BACK_RIGHT/n008-2018-08-28-16-43-51-0400__CAM_BACK_RIGHT__1535489139428113.jpg"], "intrinsics": [[[1257.8625342125129, 0.0, 827.2410631095686], [0.0, 1257.8625342125129, 450.915498205774], [0.0, 0.0, 1.0]], [[1252.8131021185304, 0.0, 826.588114781398], [0.0, 1252.8131021185304, 469.9846626224581], [0.0, 0.0, 1.0]], [[1256.7485116440405, 0.0, 817.7887570959712], [0.0, 1256.7485116440403, 451.9541780095127], [0.0, 0.0, 1.0]], [[1254.9860565800168, 0.0, 829.5769333630991], [0.0, 1254.9860565800168, 467.1680561863987], [0.0, 0.0, 1.0]], [[796.8910634503094, 0.0, 857.7774326863696], [0.0, 796.8910634503094, 476.8848988407415], [0.0, 0.0, 1.0]], [[1249.9629280788233, 0.0, 825.3768045375984], [0.0, 1249.9629280788233, 462.54816385708756], [0.0, 0.0, 1.0]]], "extrinsics": [[[0.8226609230041504, -0.5684728622436523, 0.008234241046011448, -1.0064697265625], [0.03357251361012459, 0.034115951508283615, -0.9988538026809692, 1.4882431030273438], [0.5675402879714966, 0.8219944834709167, 0.04715092107653618, -1.334228515625], [0.0, 0.0, 0.0, 1.0]], [[0.011119570583105087, -0.999499499797821, -0.029618753120303154, 0.0052490234375], [0.03550809621810913, 0.029996590688824654, -0.9989191293716431, 1.4801216125488281], [0.9993075132369995, 0.010055845603346825, 0.035823870450258255, -1.7362060546875], [0.0, 0.0, 0.0, 1.0]], [[-0.8429626226425171, -0.5358135104179382, -0.048143964260816574, 1.091461181640625], [0.043507277965545654, 0.021299269050359726, -0.9988260269165039, 1.4930295944213867], [0.5362100005149841, -0.8440676331520081, 0.005357297137379646, -1.2783203125], [0.0, 0.0, 0.0, 1.0]], [[0.9474487900733948, 0.3186309337615967, 0.02855108119547367, -1.1439056396484375], [0.01786211133003235, 0.036418769508600235, -0.9991769790649414, 1.5620346069335938], [-0.3194085359573364, 0.9471789598464966, 0.028813496232032776, -0.156005859375], [0.0, 0.0, 0.0, 1.0]], [[0.008413727395236492, 0.9995414614677429, 0.02908824384212494, -0.0286865234375], [0.020089132711291313, 0.028914444148540497, -0.9993799924850464, 1.56805419921875], [-0.999762773513794, 0.008992867544293404, -0.01983664371073246, 0.0447998046875], [0.0, 0.0, 0.0, 1.0]], [[-0.9235411882400513, 0.3829687237739563, -0.020161230117082596, 1.1614990234375], [0.024404330179095268, 0.006223924458026886, -0.9996827840805054, 1.5477914810180664], [-0.38272175192832947, -0.9237402677536011, -0.015094145201146603, -0.043701171875], [0.0, 0.0, 0.0, 1.0]]], "view": [[0.0, -2.0, 100.0], [-2.0, 0.0, 100.0], [0.0, 0.0, 1.0]], "bev": "bev_9e597bf087df4d7fae593e7793e87e4e.png", "aux": "aux_9e597bf087df4d7fae593e7793e87e4e.npz", "visibility": "visibility_9e597bf087df4d7fae593e7793e87e4e.png", "pose": [[-0.05760796740651131, -0.9983392953872681, 0.0, 1937.451904296875], [0.9983392953872681, -0.05760796740651131, 0.0, 855.6671142578125], [0.0, 0.0, 1.0, 0.0], [0.0, 0.0, 0.0, 1.0]], "pose_inverse": [[-0.05760796740651131, 0.9983392953872681, 0.0, -742.6334228515625], [-0.9983392953872681, -0.05760796740651131, 0.0, 1983.527587890625], [0.0, 0.0, 1.0, 0.0], [0.0, 0.0, 0.0, 1.0]], "cam_ids": [0, 1, 2, 3, 4, 5], "cam_channels": ["CAM_FRONT_LEFT", "CAM_FRONT", "CAM_FRONT_RIGHT", "CAM_BACK_LEFT", "CAM_BACK", "CAM_BACK_RIGHT"], "token": "9e597bf087df4d7fae593e7793e87e4e", "scene": "scene-0552"}, {"images": ["samples/CAM_FRONT_LEFT/n008-2018-08-28-16-43-51-0400__CAM_FRONT_LEFT__1535489139904799.jpg", "samples/CAM_FRONT/n008-2018-08-28-16-43-51-0400__CAM_FRONT__1535489139912404.jpg", "samples/CAM_FRONT_RIGHT/n008-2018-08-28-16-43-51-0400__CAM_FRONT_RIGHT__1535489139920482.jpg", "samples/CAM_BACK_LEFT/n008-2018-08-28-16-43-51-0400__CAM_BACK_LEFT__1535489139947405.jpg", "samples/CAM_BACK/n008-2018-08-28-16-43-51-0400__CAM_BACK__1535489139937558.jpg", "samples/CAM_BACK_RIGHT/n008-2018-08-28-16-43-51-0400__CAM_BACK_RIGHT__1535489139928113.jpg"], "intrinsics": [[[1257.8625342125129, 0.0, 827.2410631095686], [0.0, 1257.8625342125129, 450.915498205774], [0.0, 0.0, 1.0]], [[1252.8131021185304, 0.0, 826.588114781398], [0.0, 1252.8131021185304, 469.9846626224581], [0.0, 0.0, 1.0]], [[1256.7485116440405, 0.0, 817.7887570959712], [0.0, 1256.7485116440403, 451.9541780095127], [0.0, 0.0, 1.0]], [[1254.9860565800168, 0.0, 829.5769333630991], [0.0, 1254.9860565800168, 467.1680561863987], [0.0, 0.0, 1.0]], [[796.8910634503094, 0.0, 857.7774326863696], [0.0, 796.8910634503094, 476.8848988407415], [0.0, 0.0, 1.0]], [[1249.9629280788233, 0.0, 825.3768045375984], [0.0, 1249.9629280788233, 462.54816385708756], [0.0, 0.0, 1.0]]], "extrinsics": [[[0.822628378868103, -0.5685329437255859, 0.007272682618349791, -1.00537109375], [0.03223921358585358, 0.03386992961168289, -0.998906135559082, 1.4882850646972656], [0.5676646828651428, 0.8219630122184753, 0.046191416680812836, -1.333251953125], [0.0, 0.0, 0.0, 1.0]], [[0.011018197983503342, -0.999506950378418, -0.029401734471321106, 0.0052490234375], [0.034160930663347244, 0.02976260706782341, -0.9989730715751648, 1.4801597595214844], [0.9993555545806885, 0.010002496652305126, 0.0344720184803009, -1.73492431640625], [0.0, 0.0, 0.0, 1.0]], [[-0.8430526256561279, -0.5357844233512878, -0.04687616974115372, 1.090728759765625], [0.04214552044868469, 0.021077895537018776, -0.9988890886306763, 1.4930686950683594], [0.5361772775650024, -0.8440916538238525, 0.004811135586351156, -1.27783203125], [0.0, 0.0, 0.0, 1.0]], [[0.9474831223487854, 0.3186241686344147, 0.0274681244045496, -1.1438140869140625], [0.016776755452156067, 0.03625120595097542, -0.9992018938064575, 1.5620384216308594], [-0.31936565041542053, 0.9471876621246338, 0.029001925140619278, -0.15625], [0.0, 0.0, 0.0, 1.0]], [[0.00846991315484047, 0.9995468854904175, 0.02888474427163601, -0.0286865234375], [0.018886366859078407, 0.02872072160243988, -0.999409019947052, 1.5680618286132812], [-0.9997857809066772, 0.009010432288050652, -0.018634552136063576, 0.04437255859375], [0.0, 0.0, 0.0, 1.0]], [[-0.9235531687736511, 0.3829972743988037, -0.019039614126086235, 1.1607666015625], [0.02310038171708584, 0.006005896255373955, -0.9997150897979736, 1.5478105545043945], [-0.3827737867832184, -0.9237298965454102, -0.014394146390259266, -0.043701171875], [0.0, 0.0, 0.0, 1.0]]], "view": [[0.0, -2.0, 100.0], [-2.0, 0.0, 100.0], [0.0, 0.0, 1.0]], "bev": "bev_ca025b0fd09d40f8bc1dacec54d6b937.png", "aux": "aux_ca025b0fd09d40f8bc1dacec54d6b937.npz", "visibility": "visibility_ca025b0fd09d40f8bc1dacec54d6b937.png", "pose": [[-0.05791265144944191, -0.9983216524124146, 0.0, 1937.4498291015625], [0.9983216524124146, -0.05791265144944191, 0.0, 855.6560668945312], [0.0, 0.0, 1.0, 0.0], [0.0, 0.0, 0.0, 1.0]], "pose_inverse": [[-0.05791265144944191, 0.9983216524124146, 0.0, -742.0171508789062], [-0.9983216524124146, -0.05791265144944191, 0.0, 1983.75146484375], [0.0, 0.0, 1.0, 0.0], [0.0, 0.0, 0.0, 1.0]], "cam_ids": [0, 1, 2, 3, 4, 5], "cam_channels": ["CAM_FRONT_LEFT", "CAM_FRONT", "CAM_FRONT_RIGHT", "CAM_BACK_LEFT", "CAM_BACK", "CAM_BACK_RIGHT"], "token": "ca025b0fd09d40f8bc1dacec54d6b937", "scene": "scene-0552"}, {"images": ["samples/CAM_FRONT_LEFT/n008-2018-08-28-16-43-51-0400__CAM_FRONT_LEFT__1535489140404799.jpg", "samples/CAM_FRONT/n008-2018-08-28-16-43-51-0400__CAM_FRONT__1535489140412404.jpg", "samples/CAM_FRONT_RIGHT/n008-2018-08-28-16-43-51-0400__CAM_FRONT_RIGHT__1535489140420482.jpg", "samples/CAM_BACK_LEFT/n008-2018-08-28-16-43-51-0400__CAM_BACK_LEFT__1535489140447405.jpg", "samples/CAM_BACK/n008-2018-08-28-16-43-51-0400__CAM_BACK__1535489140437558.jpg", "samples/CAM_BACK_RIGHT/n008-2018-08-28-16-43-51-0400__CAM_BACK_RIGHT__1535489140428113.jpg"], "intrinsics": [[[1257.8625342125129, 0.0, 827.2410631095686], [0.0, 1257.8625342125129, 450.915498205774], [0.0, 0.0, 1.0]], [[1252.8131021185304, 0.0, 826.588114781398], [0.0, 1252.8131021185304, 469.9846626224581], [0.0, 0.0, 1.0]], [[1256.7485116440405, 0.0, 817.7887570959712], [0.0, 1256.7485116440403, 451.9541780095127], [0.0, 0.0, 1.0]], [[1254.9860565800168, 0.0, 829.5769333630991], [0.0, 1254.9860565800168, 467.1680561863987], [0.0, 0.0, 1.0]], [[796.8910634503094, 0.0, 857.7774326863696], [0.0, 796.8910634503094, 476.8848988407415], [0.0, 0.0, 1.0]], [[1249.9629280788233, 0.0, 825.3768045375984], [0.0, 1249.9629280788233, 462.54816385708756], [0.0, 0.0, 1.0]]], "extrinsics": [[[0.8225300908088684, -0.5686119198799133, 0.011169074103236198, -1.0029296875], [0.03673231229186058, 0.0335170216858387, -0.9987629055976868, 1.4883956909179688], [0.5675342082977295, 0.8219228386878967, 0.048455189913511276, -1.33154296875], [0.0, 0.0, 0.0, 1.0]], [[0.011064031161367893, -0.9995182752609253, -0.0289966631680727, 0.0052490234375], [0.038644060492515564, 0.029404178261756897, -0.9988203644752502, 1.480255126953125], [0.9991917610168457, 0.009930421598255634, 0.03895077481865883, -1.73236083984375], [0.0, 0.0, 0.0, 1.0]], [[-0.8428719639778137, -0.5357434749603271, -0.05045498162508011, 1.08905029296875], [0.04661712795495987, 0.020713308826088905, -0.9986980557441711, 1.4931607246398926], [0.5360910296440125, -0.8441267013549805, 0.007516156882047653, -1.276611328125], [0.0, 0.0, 0.0, 1.0]], [[0.9473550915718079, 0.31863805651664734, 0.03143509104847908, -1.1441192626953125], [0.02109730802476406, 0.035843946039676666, -0.9991346597671509, 1.5620384216308594], [-0.31948912143707275, 0.9471985101699829, 0.02723453938961029, -0.156005859375], [0.0, 0.0, 0.0, 1.0]], [[0.008371427655220032, 0.9995577931404114, 0.028535079210996628, -0.0289306640625], [0.023267453536391258, 0.028333645313978195, -0.9993276596069336, 1.5680809020996094], [-0.9996942281723022, 0.009029729291796684, -0.023019971325993538, 0.04364013671875], [0.0, 0.0, 0.0, 1.0]], [[-0.9234400391578674, 0.383036345243454, -0.023270323872566223, 1.1595458984375], [0.027527837082743645, 0.0056369914673268795, -0.9996051788330078, 1.547849178314209], [-0.3827538788318634, -0.9237160086631775, -0.015749584883451462, -0.0443115234375], [0.0, 0.0, 0.0, 1.0]]], "view": [[0.0, -2.0, 100.0], [-2.0, 0.0, 100.0], [0.0, 0.0, 1.0]], "bev": "bev_c735e5f28290490b9fe269fcc6f1f895.png", "aux": "aux_c735e5f28290490b9fe269fcc6f1f895.npz", "visibility": "visibility_c735e5f28290490b9fe269fcc6f1f895.png", "pose": [[-0.05846481770277023, -0.9982894659042358, 0.0, 1937.4473876953125], [0.9982894659042358, -0.05846481770277023, 0.0, 855.6605834960938], [0.0, 0.0, 1.0, 0.0], [0.0, 0.0, 0.0, 1.0]], "pose_inverse": [[-0.05846481770277023, 0.9982894659042358, 0.0, -740.9244384765625], [-0.9982894659042358, -0.05846481770277023, 0.0, 1984.159423828125], [0.0, 0.0, 1.0, 0.0], [0.0, 0.0, 0.0, 1.0]], "cam_ids": [0, 1, 2, 3, 4, 5], "cam_channels": ["CAM_FRONT_LEFT", "CAM_FRONT", "CAM_FRONT_RIGHT", "CAM_BACK_LEFT", "CAM_BACK", "CAM_BACK_RIGHT"], "token": "c735e5f28290490b9fe269fcc6f1f895", "scene": "scene-0552"}, {"images": ["samples/CAM_FRONT_LEFT/n008-2018-08-28-16-43-51-0400__CAM_FRONT_LEFT__1535489140904799.jpg", "samples/CAM_FRONT/n008-2018-08-28-16-43-51-0400__CAM_FRONT__1535489140912404.jpg", "samples/CAM_FRONT_RIGHT/n008-2018-08-28-16-43-51-0400__CAM_FRONT_RIGHT__1535489140920491.jpg", "samples/CAM_BACK_LEFT/n008-2018-08-28-16-43-51-0400__CAM_BACK_LEFT__1535489140947405.jpg", "samples/CAM_BACK/n008-2018-08-28-16-43-51-0400__CAM_BACK__1535489140937558.jpg", "samples/CAM_BACK_RIGHT/n008-2018-08-28-16-43-51-0400__CAM_BACK_RIGHT__1535489140928113.jpg"], "intrinsics": [[[1257.8625342125129, 0.0, 827.2410631095686], [0.0, 1257.8625342125129, 450.915498205774], [0.0, 0.0, 1.0]], [[1252.8131021185304, 0.0, 826.588114781398], [0.0, 1252.8131021185304, 469.9846626224581], [0.0, 0.0, 1.0]], [[1256.7485116440405, 0.0, 817.7887570959712], [0.0, 1256.7485116440403, 451.9541780095127], [0.0, 0.0, 1.0]], [[1254.9860565800168, 0.0, 829.5769333630991], [0.0, 1254.9860565800168, 467.1680561863987], [0.0, 0.0, 1.0]], [[796.8910634503094, 0.0, 857.7774326863696], [0.0, 796.8910634503094, 476.8848988407415], [0.0, 0.0, 1.0]], [[1249.9629280788233, 0.0, 825.3768045375984], [0.0, 1249.9629280788233, 462.54816385708756], [0.0, 0.0, 1.0]]], "extrinsics": [[[0.8224188685417175, -0.568759024143219, 0.011852107010781765, -0.989013671875], [0.036667924374341965, 0.032207682728767395, -0.9988083243370056, 1.4889984130859375], [0.5676994919776917, 0.8218734264373779, 0.0473434180021286, -1.3226318359375], [0.0, 0.0, 0.0, 1.0]], [[0.010898083448410034, -0.9995574355125427, -0.0276798065751791, 0.005615234375], [0.038630906492471695, 0.028081649914383888, -0.9988588690757751, 1.480783462524414], [0.9991940855979919, 0.009816347621381283, 0.0389198437333107, -1.71875], [0.0, 0.0, 0.0, 1.0]], [[-0.8429408073425293, -0.5356990694999695, -0.04977349936962128, 1.080352783203125], [0.04665812477469444, 0.01937635987997055, -0.9987229704856873, 1.4936509132385254], [0.5359793305397034, -0.8441866636276245, 0.008661584928631783, -1.270751953125], [0.0, 0.0, 0.0, 1.0]], [[0.9473611116409302, 0.3186438977718353, 0.031192809343338013, -1.1439895629882812], [0.02129584550857544, 0.034497153013944626, -0.9991779327392578, 1.562042236328125], [-0.3194580376148224, 0.9472465515136719, 0.02589546889066696, -0.156005859375], [0.0, 0.0, 0.0, 1.0]], [[0.008440541103482246, 0.9995943307876587, 0.02720211073756218, -0.02880859375], [0.023406708613038063, 0.02699812687933445, -0.9993613362312317, 1.5681648254394531], [-0.9996905326843262, 0.009071866050362587, -0.02316933684051037, 0.039794921875], [0.0, 0.0, 0.0, 1.0]], [[-0.923397600