[{"images": ["samples/CAM_FRONT_LEFT/n008-2018-09-18-14-54-39-0400__CAM_FRONT_LEFT__1537297593854799.jpg", "samples/CAM_FRONT/n008-2018-09-18-14-54-39-0400__CAM_FRONT__1537297593862461.jpg", "samples/CAM_FRONT_RIGHT/n008-2018-09-18-14-54-39-0400__CAM_FRONT_RIGHT__1537297593870482.jpg", "samples/CAM_BACK_LEFT/n008-2018-09-18-14-54-39-0400__CAM_BACK_LEFT__1537297593897405.jpg", "samples/CAM_BACK/n008-2018-09-18-14-54-39-0400__CAM_BACK__1537297593887558.jpg", "samples/CAM_BACK_RIGHT/n008-2018-09-18-14-54-39-0400__CAM_BACK_RIGHT__1537297593878113.jpg"], "intrinsics": [[[1257.8625342125129, 0.0, 827.2410631095686], [0.0, 1257.8625342125129, 450.915498205774], [0.0, 0.0, 1.0]], [[1252.8131021185304, 0.0, 826.588114781398], [0.0, 1252.8131021185304, 469.9846626224581], [0.0, 0.0, 1.0]], [[1256.7485116440405, 0.0, 817.7887570959712], [0.0, 1256.7485116440403, 451.9541780095127], [0.0, 0.0, 1.0]], [[1254.9860565800168, 0.0, 829.5769333630991], [0.0, 1254.9860565800168, 467.1680561863987], [0.0, 0.0, 1.0]], [[796.8910634503094, 0.0, 857.7774326863696], [0.0, 796.8910634503094, 476.8848988407415], [0.0, 0.0, 1.0]], [[1249.9629280788233, 0.0, 825.3768045375984], [0.0, 1249.9629280788233, 462.54816385708756], [0.0, 0.0, 1.0]]], "extrinsics": [[[0.8223342299461365, -0.5687757730484009, -0.01614273525774479, -0.7777099609375], [0.004643780179321766, 0.03507773578166962, -0.9993737936019897, 1.489501953125], [0.5689858794212341, 0.8217443227767944, 0.03148689121007919, -1.178466796875], [0.0, 0.0, 0.0, 1.0]], [[0.009842542000114918, -0.9994727373123169, -0.0309425238519907, 0.009033203125], [0.006845678668469191, 0.031010648235678673, -0.9994955658912659, 1.4816703796386719], [0.9999281167984009, 0.009625795297324657, 0.007147293072193861, -1.5073394775390625], [0.0, 0.0, 0.0, 1.0]], [[-0.8441822528839111, -0.5354783535003662, -0.024884266778826714, 0.9412841796875], [0.015257176011800766, 0.022401075810194016, -0.9996325969696045, 1.495758056640625], [0.5358390808105469, -0.844251811504364, -0.010740707628428936, -1.181640625], [0.0, 0.0, 0.0, 1.0]], [[0.9479252696037292, 0.31846436858177185, 0.004271175712347031, -1.133544921875], [-0.008291334845125675, 0.03808117285370827, -0.9992402195930481, 1.5619583129882812], [-0.3183850944042206, 0.9471696019172668, 0.03873860090970993, -0.1595458984375], [0.0, 0.0, 0.0, 1.0]], [[0.00941790733486414, 0.9994983077049255, 0.030238784849643707, -0.028564453125], [-0.0069060614332556725, 0.03030441515147686, -0.9995168447494507, 1.5675544738769531], [-0.9999317526817322, 0.009204534813761711, 0.007188000716269016, -0.0276031494140625], [0.0, 0.0, 0.0, 1.0]], [[-0.923632025718689, 0.3832343816757202, 0.005928552243858576, 1.0399169921875], [-0.003326413221657276, 0.007452286314219236, -0.9999666810035706, 1.5473690032958984], [-0.38326576352119446, -0.9236210584640503, -0.00560837471857667, -0.093017578125], [0.0, 0.0, 0.0, 1.0]]], "view": [[0.0, -2.0, 100.0], [-2.0, 0.0, 100.0], [0.0, 0.0, 1.0]], "bev": "bev_22c5f677c4bc469281bc874c9a60f73c.png", "aux": "aux_22c5f677c4bc469281bc874c9a60f73c.npz", "visibility": "visibility_22c5f677c4bc469281bc874c9a60f73c.png", "pose": [[-0.8438050746917725, -0.536649763584137, 0.0, 980.1227416992188], [0.536649763584137, -0.8438050746917725, 0.0, 1802.44287109375], [0.0, 0.0, 1.0, 0.0], [0.0, 0.0, 0.0, 1.0]], "pose_inverse": [[-0.8438050746917725, 0.536649763584137, 0.0, -140.2480010986328], [-0.536649763584137, -0.8438050746917725, 0.0, 2046.89306640625], [0.0, 0.0, 1.0, 0.0], [0.0, 0.0, 0.0, 1.0]], "cam_ids": [0, 1, 2, 3, 4, 5], "cam_channels": ["CAM_FRONT_LEFT", "CAM_FRONT", "CAM_FRONT_RIGHT", "CAM_BACK_LEFT", "CAM_BACK", "CAM_BACK_RIGHT"], "token": "22c5f677c4bc469281bc874c9a60f73c", "scene": "scene-0893"}, {"images": ["samples/CAM_FRONT_LEFT/n008-2018-09-18-14-54-39-0400__CAM_FRONT_LEFT__1537297594354799.jpg", "samples/CAM_FRONT/n008-2018-09-18-14-54-39-0400__CAM_FRONT__1537297594362404.jpg", "samples/CAM_FRONT_RIGHT/n008-2018-09-18-14-54-39-0400__CAM_FRONT_RIGHT__1537297594370482.jpg", "samples/CAM_BACK_LEFT/n008-2018-09-18-14-54-39-0400__CAM_BACK_LEFT__1537297594397405.jpg", "samples/CAM_BACK/n008-2018-09-18-14-54-39-0400__CAM_BACK__1537297594387558.jpg", "samples/CAM_BACK_RIGHT/n008-2018-09-18-14-54-39-0400__CAM_BACK_RIGHT__1537297594378113.jpg"], "intrinsics": [[[1257.8625342125129, 0.0, 827.2410631095686], [0.0, 1257.8625342125129, 450.915498205774], [0.0, 0.0, 1.0]], [[1252.8131021185304, 0.0, 826.588114781398], [0.0, 1252.8131021185304, 469.9846626224581], [0.0, 0.0, 1.0]], [[1256.7485116440405, 0.0, 817.7887570959712], [0.0, 1256.7485116440403, 451.9541780095127], [0.0, 0.0, 1.0]], [[1254.9860565800168, 0.0, 829.5769333630991], [0.0, 1254.9860565800168, 467.1680561863987], [0.0, 0.0, 1.0]], [[796.8910634503094, 0.0, 857.7774326863696], [0.0, 796.8910634503094, 476.8848988407415], [0.0, 0.0, 1.0]], [[1249.9629280788233, 0.0, 825.3768045375984], [0.0, 1249.9629280788233, 462.54816385708756], [0.0, 0.0, 1.0]]], "extrinsics": [[[0.8220557570457458, -0.5693501830101013, 0.008053844794631004, -0.7730712890625], [0.029163740575313568, 0.02797391638159752, -0.9991831183433533, 1.4964027404785156], [0.5686597228050232, 0.8216190338134766, 0.039600495249032974, -1.1759033203125], [0.0, 0.0, 0.0, 1.0]], [[0.010056435130536556, -0.9996625781059265, -0.023951653391122818, 0.0098876953125], [0.030371494591236115, 0.024247173219919205, -0.9992445707321167, 1.4871559143066406], [0.999488115310669, 0.009321419522166252, 0.03060508333146572, -1.5029449462890625], [0.0, 0.0, 0.0, 1.0]], [[-0.843633234500885, -0.5354050993919373, -0.04030480980873108, 0.93902587890625], [0.03758653625845909, 0.015991484746336937, -0.9991653561592102, 1.4998416900634766], [0.5356028079986572, -0.8444440364837646, 0.006633073557168245, -1.1793212890625], [0.0, 0.0, 0.0, 1.0]], [[0.9477418661117554, 0.31845855712890625, 0.01922307163476944, -1.1339111328125], [0.009264534339308739, 0.03275635465979576, -0.9994204044342041, 1.5621337890625], [-0.31890374422073364, 0.9473706483840942, 0.028094196692109108, -0.1595458984375], [0.0, 0.0, 0.0, 1.0]], [[0.009057993069291115, 0.9996514916419983, 0.02479591779410839, -0.02880859375], [0.012354344129562378, 0.024683166295289993, -0.9996189475059509, 1.5689468383789062], [-0.9998826384544373, 0.009360919706523418, -0.012126458808779716, -0.02825927734375], [0.0, 0.0, 0.0, 1.0]], [[-0.9234269261360168, 0.38344722986221313, -0.015839047729969025, 1.03790283203125], [0.017726093530654907, 0.0013879574835300446, -0.9998419284820557, 1.5501585006713867], [-0.38336458802223206, -0.9235617518424988, -0.008078698068857193, -0.0933837890625], [0.0, 0.0, 0.0, 1.0]]], "view": [[0.0, -2.0, 100.0], [-2.0, 0.0, 100.0], [0.0, 0.0, 1.0]], "bev": "bev_4feee2b357b24826898455aacfbb205f.png", "aux": "aux_4feee2b357b24826898455aacfbb205f.npz", "visibility": "visibility_4feee2b357b24826898455aacfbb205f.png", "pose": [[-0.8445923924446106, -0.5354098677635193, 0.0, 977.50439453125], [0.5354098677635193, -0.8445923924446106, 0.0, 1804.1385498046875], [0.0, 0.0, 1.0, 0.0], [0.0, 0.0, 0.0, 1.0]], "pose_inverse": [[-0.8445923924446106, 0.5354098677635193, 0.0, -140.36080932617188], [-0.5354098677635193, -0.8445923924446106, 0.0, 2047.127197265625], [0.0, 0.0, 1.0, 0.0], [0.0, 0.0, 0.0, 1.0]], "cam_ids": [0, 1, 2, 3, 4, 5], "cam_channels": ["CAM_FRONT_LEFT", "CAM_FRONT", "CAM_FRONT_RIGHT", "CAM_BACK_LEFT", "CAM_BACK", "CAM_BACK_RIGHT"], "token": "4feee2b357b24826898455aacfbb205f", "scene": "scene-0893"}, {"images": ["samples/CAM_FRONT_LEFT/n008-2018-09-18-14-54-39-0400__CAM_FRONT_LEFT__1537297594854799.jpg", "samples/CAM_FRONT/n008-2018-09-18-14-54-39-0400__CAM_FRONT__1537297594862404.jpg", "samples/CAM_FRONT_RIGHT/n008-2018-09-18-14-54-39-0400__CAM_FRONT_RIGHT__1537297594870482.jpg", "samples/CAM_BACK_LEFT/n008-2018-09-18-14-54-39-0400__CAM_BACK_LEFT__1537297594897405.jpg", "samples/CAM_BACK/n008-2018-09-18-14-54-39-0400__CAM_BACK__1537297594887558.jpg", "samples/CAM_BACK_RIGHT/n008-2018-09-18-14-54-39-0400__CAM_BACK_RIGHT__1537297594878113.jpg"], "intrinsics": [[[1257.8625342125129, 0.0, 827.2410631095686], [0.0, 1257.8625342125129, 450.915498205774], [0.0, 0.0, 1.0]], [[1252.8131021185304, 0.0, 826.588114781398], [0.0, 1252.8131021185304, 469.9846626224581], [0.0, 0.0, 1.0]], [[1256.7485116440405, 0.0, 817.7887570959712], [0.0, 1256.7485116440403, 451.9541780095127], [0.0, 0.0, 1.0]], [[1254.9860565800168, 0.0, 829.5769333630991], [0.0, 1254.9860565800168, 467.1680561863987], [0.0, 0.0, 1.0]], [[796.8910634503094, 0.0, 857.7774326863696], [0.0, 796.8910634503094, 476.8848988407415], [0.0, 0.0, 1.0]], [[1249.9629280788233, 0.0, 825.3768045375984], [0.0, 1249.9629280788233, 462.54816385708756], [0.0, 0.0, 1.0]]], "extrinsics": [[[0.8222063779830933, -0.5691813826560974, -0.0030288046691566706, -0.7705078125], [0.012691306881606579, 0.023652544245123863, -0.999639630317688, 1.4918861389160156], [0.5690479278564453, 0.8218716979026794, 0.026670927181839943, -1.171875], [0.0, 0.0, 0.0, 1.0]], [[0.009825724177062511, -0.9997648000717163, -0.01933288760483265, 0.00830078125], [0.014552454464137554, 0.01947474107146263, -0.9997044801712036, 1.4835891723632812], [0.9998458027839661, 0.009541397914290428, 0.014740385115146637, -1.4984207153320312], [0.0, 0.0, 0.0, 1.0]], [[-0.8440797328948975, -0.5356448888778687, -0.024773329496383667, 0.93548583984375], [0.022533854469656944, 0.010725838132202625, -0.9996885657310486, 1.4972114562988281], [0.5357438325881958, -0.8443751335144043, 0.0030166825745254755, -1.1785888671875], [0.0, 0.0, 0.0, 1.0]], [[0.9478877782821655, 0.31855303049087524, 0.0057266936637461185, -1.1348876953125], [-0.0026688887737691402, 0.025912661105394363, -0.9996606707572937, 1.5620193481445312], [-0.3185933232307434, 0.9475507140159607, 0.025412477552890778, -0.158935546875], [0.0, 0.0, 0.0, 1.0]], [[0.009307078085839748, 0.9997878670692444, 0.018373508006334305, -0.0281982421875], [-0.0006974978023208678, 0.01838078908622265, -0.9998307824134827, 1.5680084228515625], [-0.9999563694000244, 0.00929272547364235, 0.0008684218628332019, -0.029083251953125], [0.0, 0.0, 0.0, 1.0]], [[-0.9235968589782715, 0.383333683013916, -0.004895471502095461, 1.0362548828125], [0.003494999837130308, -0.004349796567112207, -0.9999843835830688, 1.5482840538024902], [-0.3833490014076233, -0.9235996007919312, 0.0026777067687362432, -0.094970703125], [0.0, 0.0, 0.0, 1.0]]], "view": [[0.0, -2.0, 100.0], [-2.0, 0.0, 100.0], [0.0, 0.0, 1.0]], "bev": "bev_5fb2031eb33a42309e58da722412d74e.png", "aux": "aux_5fb2031eb33a42309e58da722412d74e.npz", "visibility": "visibility_5fb2031eb33a42309e58da722412d74e.png", "pose": [[-0.8461482524871826, -0.5329475402832031, 0.0, 974.8148193359375], [0.5329475402832031, -0.8461482524871826, 0.0, 1805.8704833984375], [0.0, 0.0, 1.0, 0.0], [0.0, 0.0, 0.0, 1.0]], "pose_inverse": [[-0.8461482524871826, 0.5329475402832031, 0.0, -137.5963897705078], [-0.5329475402832031, -0.8461482524871826, 0.0, 2047.559326171875], [0.0, 0.0, 1.0, 0.0], [0.0, 0.0, 0.0, 1.0]], "cam_ids": [0, 1, 2, 3, 4, 5], "cam_channels": ["CAM_FRONT_LEFT", "CAM_FRONT", "CAM_FRONT_RIGHT", "CAM_BACK_LEFT", "CAM_BACK", "CAM_BACK_RIGHT"], "token": "5fb2031eb33a42309e58da722412d74e", "scene": "scene-0893"}, {"images": ["samples/CAM_FRONT_LEFT/n008-2018-09-18-14-54-39-0400__CAM_FRONT_LEFT__1537297595354799.jpg", "samples/CAM_FRONT/n008-2018-09-18-14-54-39-0400__CAM_FRONT__1537297595362404.jpg", "samples/CAM_FRONT_RIGHT/n008-2018-09-18-14-54-39-0400__CAM_FRONT_RIGHT__1537297595370482.jpg", "samples/CAM_BACK_LEFT/n008-2018-09-18-14-54-39-0400__CAM_BACK_LEFT__1537297595397405.jpg", "samples/CAM_BACK/n008-2018-09-18-14-54-39-0400__CAM_BACK__1537297595387558.jpg", "samples/CAM_BACK_RIGHT/n008-2018-09-18-14-54-39-0400__CAM_BACK_RIGHT__1537297595378113.jpg"], "intrinsics": [[[1257.8625342125129, 0.0, 827.2410631095686], [0.0, 1257.8625342125129, 450.915498205774], [0.0, 0.0, 1.0]], [[1252.8131021185304, 0.0, 826.588114781398], [0.0, 1252.8131021185304, 469.9846626224581], [0.0, 0.0, 1.0]], [[1256.7485116440405, 0.0, 817.7887570959712], [0.0, 1256.7485116440403, 451.9541780095127], [0.0, 0.0, 1.0]], [[1254.9860565800168, 0.0, 829.5769333630991], [0.0, 1254.9860565800168, 467.1680561863987], [0.0, 0.0, 1.0]], [[796.8910634503094, 0.0, 857.7774326863696], [0.0, 796.8910634503094, 476.8848988407415], [0.0, 0.0, 1.0]], [[1249.9629280788233, 0.0, 825.3768045375984], [0.0, 1249.9629280788233, 462.54816385708756], [0.0, 0.0, 1.0]]], "extrinsics": [[[0.8226566314697266, -0.5685369968414307, 0.0013876707525923848, -0.764892578125], [0.01681029610335827, 0.021884173154830933, -0.9996191263198853, 1.4931564331054688], [0.5682900547981262, 0.8223666548728943, 0.027560433372855186, -1.169189453125], [0.0, 0.0, 0.0, 1.0]], [[0.01061063352972269, -0.9997883439064026, -0.01762874238193035, 0.009033203125], [0.018802406266331673, 0.017826104536652565, -0.999664306640625, 1.4846954345703125], [0.9997669458389282, 0.010275573469698429, 0.018987569957971573, -1.4925765991210938], [0.0, 0.0, 0.0, 1.0]], [[-0.843666672706604, -0.5361563563346863, -0.027622686699032784, 0.93145751953125], [0.026884913444519043, 0.009194385260343552, -0.9995962381362915, 1.4981555938720703], [0.53619384765625, -0.8440686464309692, 0.006657519843429327, -1.1751708984375], [0.0, 0.0, 0.0, 1.0]], [[0.9478369355201721, 0.3186163604259491, 0.00942317210137844, -1.131591796875], [0.0017043730476871133, 0.024496113881468773, -0.9996984601020813, 1.5620651245117188], [-0.31875112652778625, 0.9475671648979187, 0.022675281390547752, -0.160400390625], [0.0, 0.0, 0.0, 1.0]], [[0.00899899285286665, 0.9998154640197754, 0.01697114109992981, -0.0284423828125], [0.003793378360569477, 0.01693757437169552, -0.9998493194580078, 1.5683479309082031], [-0.9999523758888245, 0.009062102064490318, -0.003640257753431797, -0.033294677734375], [0.0, 0.0, 0.0, 1.0]], [[-0.9237210154533386, 0.38294717669487, -0.009530549868941307, 1.0316162109375], [0.007904873229563236, -0.005818539764732122, -0.9999517798423767, 1.5489206314086914], [-0.38298413157463074, -0.923751950263977, 0.0023475580383092165, -0.096435546875], [0.0, 0.0, 0.0, 1.0]]], "view": [[0.0, -2.0, 100.0], [-2.0, 0.0, 100.0], [0.0, 0.0, 1.0]], "bev": "bev_a46dac4b3d9d4fd48dbb6189e6f190c0.png", "aux": "aux_a46dac4b3d9d4fd48dbb6189e6f190c0.npz", "visibility": "visibility_a46dac4b3d9d4fd48dbb6189e6f190c0.png", "pose": [[-0.8473182320594788, -0.5310855507850647, 0.0, 972.0799560546875], [0.5310855507850647, -0.8473182320594788, 0.0, 1807.59375], [0.0, 0.0, 1.0, 0.0], [0.0, 0.0, 0.0, 1.0]], "pose_inverse": [[-0.8473182320594788, 0.5310855507850647, 0.0, -136.3258514404297], [-0.5310855507850647, -0.8473182320594788, 0.0, 2047.86474609375], [0.0, 0.0, 1.0, 0.0], [0.0, 0.0, 0.0, 1.0]], "cam_ids": [0, 1, 2, 3, 4, 5], "cam_channels": ["CAM_FRONT_LEFT", "CAM_FRONT", "CAM_FRONT_RIGHT", "CAM_BACK_LEFT", "CAM_BACK", "CAM_BACK_RIGHT"], "token": "a46dac4b3d9d4fd48dbb6189e6f190c0", "scene": "scene-0893"}, {"images": ["samples/CAM_FRONT_LEFT/n008-2018-09-18-14-54-39-0400__CAM_FRONT_LEFT__1537297595855430.jpg", "samples/CAM_FRONT/n008-2018-09-18-14-54-39-0400__CAM_FRONT__1537297595862404.jpg", "samples/CAM_FRONT_RIGHT/n008-2018-09-18-14-54-39-0400__CAM_FRONT_RIGHT__1537297595870482.jpg", "samples/CAM_BACK_LEFT/n008-2018-09-18-14-54-39-0400__CAM_BACK_LEFT__1537297595897405.jpg", "samples/CAM_BACK/n008-2018-09-18-14-54-39-0400__CAM_BACK__1537297595887558.jpg", "samples/CAM_BACK_RIGHT/n008-2018-09-18-14-54-39-0400__CAM_BACK_RIGHT__1537297595878113.jpg"], "intrinsics": [[[1257.8625342125129, 0.0, 827.2410631095686], [0.0, 1257.8625342125129, 450.915498205774], [0.0, 0.0, 1.0]], [[1252.8131021185304, 0.0, 826.588114781398], [0.0, 1252.8131021185304, 469.9846626224581], [0.0, 0.0, 1.0]], [[1256.7485116440405, 0.0, 817.7887570959712], [0.0, 1256.7485116440403, 451.9541780095127], [0.0, 0.0, 1.0]], [[1254.9860565800168, 0.0, 829.5769333630991], [0.0, 1254.9860565800168, 467.1680561863987], [0.0, 0.0, 1.0]], [[796.8910634503094, 0.0, 857.7774326863696], [0.0, 796.8910634503094, 476.8848988407415], [0.0, 0.0, 1.0]], [[1249.9629280788233, 0.0, 825.3768045375984], [0.0, 1249.9629280788233, 462.54816385708756], [0.0, 0.0, 1.0]]], "extrinsics": [[[0.8225475549697876, -0.5685281157493591, -0.013833832927048206, -0.76416015625], [0.00447898730635643, 0.03080112859606743, -0.9995154738426208, 1.489532470703125], [0.5686787962913513, 0.8220869898796082, 0.027881821617484093, -1.169189453125], [0.0, 0.0, 0.0, 1.0]], [[0.010237356647849083, -0.9995898604393005, -0.02674366533756256, 0.009521484375], [0.006399182602763176, 0.02681001089513302, -0.9996200799942017, 1.4816818237304688], [0.9999271035194397, 0.010062342509627342, 0.006671021692454815, -1.4898834228515625], [0.0, 0.0, 0.0, 1.0]], [[-0.8440175652503967, -0.5358679890632629, -0.02190285176038742, 0.9300537109375], [0.014341245405375957, 0.018274419009685516, -0.9997301697731018, 1.4957847595214844], [0.5361236929893494, -0.844103991985321, -0.007738915737718344, -1.1739501953125], [0.0, 0.0, 0.0, 1.0]], [[0.9478939771652222, 0.3185858726501465, -7.687733886996284e-05, -1.13311767578125], [-0.011507956311106682, 0.03399866446852684, -0.9993556141853333, 1.5619277954101562], [-0.3183780312538147, 0.9472840428352356, 0.03589340299367905, -0.1593017578125], [0.0, 0.0, 0.0, 1.0]], [[0.00928973313421011, 0.9996136426925659, 0.0261941310018301, -0.0283203125], [-0.009218286722898483, 0.026279756799340248, -0.9996120929718018, 1.5673408508300781], [-0.9999143481254578, 0.00904458574950695, 0.009458858519792557, -0.0328521728515625], [0.0, 0.0, 0.0, 1.0]], [[-0.9237287640571594, 0.38300397992134094, 0.005753195844590664, 1.0306396484375], [-0.0048299431800842285, 0.0033721253275871277, -0.9999825954437256, 1.5471315383911133], [-0.3830167353153229, -0.923740565776825, -0.0012650416465476155, -0.096435546875], [0.0, 0.0, 0.0, 1.0]]], "view": [[0.0, -2.0, 100.0], [-2.0, 0.0, 100.0], [0.0, 0.0, 1.0]], "bev": "bev_83d6f15c638e4f15a246d8e5284487e5.png", "aux": "aux_83d6f15c638e4f15a246d8e5284487e5.npz", "visibility": "visibility_83d6f15c638e4f15a246d8e5284487e5.png", "pose": [[-0.8481723070144653, -0.5297204256057739, 0.0, 969.3187866210938], [0.5297204256057739, -0.8481723070144653, 0.0, 1809.359130859375], [0.0, 0.0, 1.0, 0.0], [0.0, 0.0, 0.0, 1.0]], "pose_inverse": [[-0.8481723070144653, 0.5297204256057739, 0.0, -136.30508422851562], [-0.5297204256057739, -0.8481723070144653, 0.0, 2048.1162109375], [0.0, 0.0, 1.0, 0.0], [0.0, 0.0, 0.0, 1.0]], "cam_ids": [0, 1, 2, 3, 4, 5], "cam_channels": ["CAM_FRONT_LEFT", "CAM_FRONT", "CAM_FRONT_RIGHT", "CAM_BACK_LEFT", "CAM_BACK", "CAM_BACK_RIGHT"], "token": "83d6f15c638e4f15a246d8e5284487e5", "scene": "scene-0893"}, {"images": ["samples/CAM_FRONT_LEFT/n008-2018-09-18-14-54-39-0400__CAM_FRONT_LEFT__1537297596354799.jpg", "samples/CAM_FRONT/n008-2018-09-18-14-54-39-0400__CAM_FRONT__1537297596362404.jpg", "samples/CAM_FRONT_RIGHT/n008-2018-09-18-14-54-39-0400__CAM_FRONT_RIGHT__1537297596370482.jpg", "samples/CAM_BACK_LEFT/n008-2018-09-18-14-54-39-0400__CAM_BACK_LEFT__1537297596397405.jpg", "samples/CAM_BACK/n008-2018-09-18-14-54-39-0400__CAM_BACK__1537297596387558.jpg", "samples/CAM_BACK_RIGHT/n008-2018-09-18-14-54-39-0400__CAM_BACK_RIGHT__1537297596378113.jpg"], "intrinsics": [[[1257.8625342125129, 0.0, 827.2410631095686], [0.0, 1257.8625342125129, 450.915498205774], [0.0, 0.0, 1.0]], [[1252.8131021185304, 0.0, 826.588114781398], [0.0, 1252.8131021185304, 469.9846626224581], [0.0, 0.0, 1.0]], [[1256.7485116440405, 0.0, 817.7887570959712], [0.0, 1256.7485116440403, 451.9541780095127], [0.0, 0.0, 1.0]], [[1254.9860565800168, 0.0, 829.5769333630991], [0.0, 1254.9860565800168, 467.1680561863987], [0.0, 0.0, 1.0]], [[796.8910634503094, 0.0, 857.7774326863696], [0.0, 796.8910634503094, 476.8848988407415], [0.0, 0.0, 1.0]], [[1249.9629280788233, 0.0, 825.3768045375984], [0.0, 1249.9629280788233, 462.54816385708756], [0.0, 0.0, 1.0]]], "extrinsics": [[[0.8222659230232239, -0.5688638091087341, -0.016515403985977173, -0.7491455078125], [0.002994597889482975, 0.03334454074501991, -0.9994394183158875, 1.4891204833984375], [0.5690956115722656, 0.8217555284500122, 0.029121600091457367, -1.1597900390625], [0.0, 0.0, 0.0, 1.0]], [[0.009833678603172302, -0.9995290040969849, -0.029068687930703163, 0.01025390625], [0.005034658592194319, 0.029119214043021202, -0.9995632767677307, 1.4813804626464844], [0.99993896484375, 0.009683072566986084, 0.005318636540323496, -1.478851318359375], [0.0, 0.0, 0.0, 1.0]], [[-0.8441958427429199, -0.5355855822563171, -0.02194136194884777, 0.92254638671875], [0.013103057630360126, 0.020301906391978264, -0.9997079968452454, 1.4956588745117188], [0.5358746647834778, -0.8442369103431702, -0.010120976716279984, -1.168701171875], [0.0, 0.0, 0.0, 1.0]], [[0.9478941559791565, 0.31858518719673157, -0.0003564917715266347, -1.12945556640625], [-0.012156608514487743, 0.035051632672548294, -0.9993115663528442, 1.5618515014648438], [-0.31835341453552246, 0.9472459554672241, 0.03709815815091133, -0.1611328125], [0.0, 0.0, 0.0, 1.0]], [[0.009419502690434456, 0.9995747804641724, 0.02759457193315029, -0.02880859375], [-0.01009745430201292, 0.02768946997821331, -0.9995655417442322, 1.56719970703125], [-0.9999046921730042, 0.00913682859390974, 0.01035398244857788, -0.0386505126953125], [0.0, 0.0, 0.0, 1.0]], [[-0.9236430525779724, 0.38318121433258057, 0.007455757819116116, 1.02362060546875], [-0.005945294629782438, 0.005126025527715683, -0.9999691843986511, 1.5469255447387695], [-0.38320761919021606, -0.9236589074134827, -0.0024564918130636215, -0.0989990234375], [0.0, 0.0, 0.0, 1.0]]], "view": [[0.0, -2.0, 100.0], [-2.0, 0.0, 100.0], [0.0, 0.0, 1.0]], "bev": "bev_0b470b5dc3be461889ea976272126668.png", "aux": "aux_0b470b5dc3be461889ea976272126668.npz", "visibility": "visibility_0b470b5dc3be461889ea976272126668.png", "pose": [[-0.8495151400566101, -0.5275642275810242, 0.0, 966.4749755859375], [0.5275642275810242, -0.8495151400566101, 0.0, 1811.16748046875], [0.0, 0.0, 1.0, 0.0], [0.0, 0.0, 0.0, 1.0]], "pose_inverse": [[-0.8495151400566101, 0.5275642275810242, 0.0, -134.4720001220703], [-0.5275642275810242, -0.8495151400566101, 0.0, 2048.491943359375], [0.0, 0.0, 1.0, 0.0], [0.0, 0.0, 0.0, 1.0]], "cam_ids": [0, 1, 2, 3, 4, 5], "cam_channels": ["CAM_FRONT_LEFT", "CAM_FRONT", "CAM_FRONT_RIGHT", "CAM_BACK_LEFT", "CAM_BACK", "CAM_BACK_RIGHT"], "token": "0b470b5dc3be461889ea976272126668", "scene": "scene-0893"}, {"images": ["samples/CAM_FRONT_LEFT/n008-2018-09-18-14-54-39-0400__CAM_FRONT_LEFT__1537297596854799.jpg", "samples/CAM_FRONT/n008-2018-09-18-14-54-39-0400__CAM_FRONT__1537297596862404.jpg", "samples/CAM_FRONT_RIGHT/n008-2018-09-18-14-54-39-0400__CAM_FRONT_RIGHT__1537297596870482.jpg", "samples/CAM_BACK_LEFT/n008-2018-09-18-14-54-39-0400__CAM_BACK_LEFT__1537297596897405.jpg", "samples/CAM_BACK/n008-2018-09-18-14-54-39-0400__CAM_BACK__1537297596887613.jpg", "samples/CAM_BACK_RIGHT/n008-2018-09-18-14-54-39-0400__CAM_BACK_RIGHT__1537297596878113.jpg"], "intrinsics": [[[1257.8625342125129, 0.0, 827.2410631095686], [0.0, 1257.8625342125129, 450.915498205774], [0.0, 0.0, 1.0]], [[1252.8131021185304, 0.0, 826.588114781398], [0.0, 1252.8131021185304, 469.9846626224581], [0.0, 0.0, 1.0]], [[1256.7485116440405, 0.0, 817.7887570959712], [0.0, 1256.7485116440403, 451.9541780095127], [0.0, 0.0, 1.0]], [[1254.9860565800168, 0.0, 829.5769333630991], [0.0, 1254.9860565800168, 467.1680561863987], [0.0, 0.0, 1.0]], [[796.8910634503094, 0.0, 857.7774326863696], [0.0, 796.8910634503094, 476.8848988407415], [0.0, 0.0, 1.0]], [[1249.9629280788233, 0.0, 825.3768045375984], [0.0, 1249.9629280788233, 462.54816385708756], [0.0, 0.0, 1.0]]], "extrinsics": [[[0.822420060634613, -0.5686721801757812, -0.01540591474622488, -0.7518310546875], [0.0014296608278527856, 0.029147086665034294, -0.9995740652084351, 1.4886741638183594], [0.5688789486885071, 0.822047770023346, 0.024784155189990997, -1.1610107421875], [0.0, 0.0, 0.0, 1.0]], [[0.010020826011896133, -0.9996354579925537, -0.025071488693356514, 0.01025390625], [0.0034086662344634533, 0.025106750428676605, -0.9996789693832397, 1.4809799194335938], [0.9999439716339111, 0.009932177141308784, 0.0036590148229151964, -1.4813461303710938], [0.0, 0.0, 0.0, 1.0]], [[-0.8441301584243774, -0.5358178615570068, -0.018533019348978996, 0.92413330078125], [0.011478930711746216, 0.016497328877449036, -0.9997979402542114, 1.4953193664550781], [0.5360153913497925, -0.8441723585128784, -0.007775277364999056, -1.170166015625], [0.0, 0.0, 0.0, 1.0]], [[0.9478727579116821, 0.31863582134246826, -0.002903830725699663, -1.13006591796875], [-0.013781759887933731, 0.03188993036746979, -0.9993963837623596, 1.5618515014648438], [-0.31835097074508667, 0.9473406076431274, 0.034618962556123734, -0.1607666015625], [0.0, 0.0, 0.0, 1.0]], [[0.009361134842038155, 0.9996631145477295, 0.02420961484313011, -0.028564453125], [-0.011667744256556034, 0.02431822195649147, -0.9996361136436462, 1.5671005249023438], [-0.9998881220817566, 0.009075199253857136, 0.011891458183526993, -0.036773681640625], [0.0, 0.0, 0.0, 1.0]], [[-0.9236864447593689, 0.3830752670764923, 0.007527010049670935, 1.0252685546875], [-0.007518569007515907, 0.00151925312820822, -0.999970555305481, 1.5467133522033691], [-0.38307541608810425, -0.9237158298492432, 0.0014768639812245965, -0.0987548828125], [0.0, 0.0, 0.0, 1.0]]], "view": [[0.0, -2.0, 100.0], [-2.0, 0.0, 100.0], [0.0, 0.0, 1.0]], "bev": "bev_fee5595ded8f4f8cafd219fe19c3e640.png", "aux": "aux_fee5595ded8f4f8cafd219fe19c3e640.npz", "visibility": "visibility_fee5595ded8f4f8cafd219fe19c3e640.png", "pose": [[-0.8505449891090393, -0.525902271270752, 0.0, 963.5819091796875], [0.525902271270752, -0.8505449891090393, 0.0, 1812.9886474609375], [0.0, 0.0, 1.0, 0.0], [0.0, 0.0, 0.0, 1.0]], "pose_inverse": [[-0.8505449891090393, 0.525902271270752, 0.0, -133.8850555419922], [-0.525902271270752, -0.8505449891090393, 0.0, 2048.7783203125], [0.0, 0.0, 1.0, 0.0], [0.0, 0.0, 0.0, 1.0]], "cam_ids": [0, 1, 2, 3, 4, 5], "cam_channels": ["CAM_FRONT_LEFT", "CAM_FRONT", "CAM_FRONT_RIGHT", "CAM_BACK_LEFT", "CAM_BACK", "CAM_BACK_RIGHT"], "token": "fee5595ded8f4f8cafd219fe19c3e640", "scene": "scene-0893"}, {"images": ["samples/CAM_FRONT_LEFT/n008-2018-09-18-14-54-39-0400__CAM_FRONT_LEFT__1537297597354799.jpg", "samples/CAM_FRONT/n008-2018-09-18-14-54-39-0400__CAM_FRONT__1537297597362404.jpg", "samples/CAM_FRONT_RIGHT/n008-2018-09-18-14-54-39-0400__CAM_FRONT_RIGHT__1537297597370482.jpg", "samples/CAM_BACK_LEFT/n008-2018-09-18-14-54-39-0400__CAM_BACK_LEFT__1537297597397405.jpg", "samples/CAM_BACK/n008-2018-09-18-14-54-39-0400__CAM_BACK__1537297597387558.jpg", "samples/CAM_BACK_RIGHT/n008-2018-09-18-14-54-39-0400__CAM_BACK_RIGHT__1537297597378113.jpg"], "intrinsics": [[[1257.8625342125129, 0.0, 827.2410631095686], [0.0, 1257.8625342125129, 450.915498205774], [0.0, 0.0, 1.0]], [[1252.8131021185304, 0.0, 826.588114781398], [0.0, 1252.8131021185304, 469.9846626224581], [0.0, 0.0, 1.0]], [[1256.7485116440405, 0.0, 817.7887570959712], [0.0, 1256.7485116440403, 451.9541780095127], [0.0, 0.0, 1.0]], [[1254.9860565800168, 0.0, 829.5769333630991], [0.0, 1254.9860565800168, 467.1680561863987], [0.0, 0.0, 1.0]], [[796.8910634503094, 0.0, 857.7774326863696], [0.0, 796.8910634503094, 476.8848988407415], [0.0, 0.0, 1.0]], [[1249.9629280788233, 0.0, 825.3768045375984], [0.0, 1249.9629280788233, 462.54816385708756], [0.0, 0.0, 1.0]]], "extrinsics": [[[0.8223946690559387, -0.5687577128410339, -0.013476398773491383, -0.7410888671875], [0.003529673209413886, 0.028788205236196518, -0.9995793104171753, 1.4893684387207031], [0.5689064264297485, 0.8220011591911316, 0.02568279579281807, -1.153076171875], [0.0, 0.0, 0.0, 1.0]], [[0.010085780173540115, -0.9996427297592163, -0.024752458557486534, 0.009521484375], [0.005622942931950092, 0.024810023605823517, -0.9996763467788696, 1.4816169738769531], [0.9999333024024963, 0.009943286888301373, 0.005871161352843046, -1.4687652587890625], [0.0, 0.0, 0.0, 1.0]], [[-0.8440779447555542, -0.535835862159729, -0.020304521545767784, 0.91583251953125], [0.013750212267041206, 0.016224514693021774, -0.9997738003730774, 1.4959068298339844], [0.5360441207885742, -0.8441662192344666, -0.00632689893245697, -1.1649169921875], [0.0, 0.0, 0.0, 1.0]], [[0.9478920698165894, 0.31859058141708374, -0.0007451014243997633, -1.13055419921875], [-0.011428304016590118, 0.03166484087705612, -0.9994332194328308, 1.5618743896484375], [-0.3183864653110504, 0.9473633766174316, 0.0336558036506176, -0.1607666015625], [0.0, 0.0, 0.0, 1.0]], [[0.009321688674390316, 0.9996700882911682, 0.023936858400702477, -0.02880859375], [-0.009380999021232128, 0.024024268612265587, -0.9996673464775085, 1.5672492980957031], [-0.9999126195907593, 0.009094027802348137, 0.009601850062608719, -0.040863037109375], [0.0, 0.0, 0.0, 1.0]], [[-0.9237028360366821, 0.38307276368141174, 0.0053212582133710384, 1.0186767578125], [-0.00524964090436697, 0.0012323303380981088, -0.9999854564666748, 1.5470068454742432], [-0.3830736577510834, -0.9237173795700073, 0.0008726866217330098, -0.101318359375], [0.0, 0.0, 0.0, 1.0]]], "view": [[0.0, -2.0, 100.0], [-2.0, 0.0, 100.0], [0.0, 0.0, 1.0]], "bev": "bev_11a656334ca14759895451d5e0bafd2a.png", "aux": "aux_11a656334ca14759895451d5e0bafd2a.npz", "visibility": "visibility_11a656334ca14759895451d5e0bafd2a.png", "pose": [[-0.8519864678382874, -0.523563802242279, 0.0, 960.651611328125], [0.523563802242279, -0.8519864678382874, 0.0, 1814.820556640625], [0.0, 0.0, 1.0, 0.0], [0.0, 0.0, 0.0, 1.0]], "pose_inverse": [[-0.8519864678382874, 0.523563802242279, 0.0, -131.712158203125], [-0.523563802242279, -0.8519864678382874, 0.0, 2049.1650390625], [0.0, 0.0, 1.0, 0.0], [0.0, 0.0, 0.0, 1.0]], "cam_ids": [0, 1, 2, 3, 4, 5], "cam_channels": ["CAM_FRONT_LEFT", "CAM_FRONT", "CAM_FRONT_RIGHT", "CAM_BACK_LEFT", "CAM_BACK", "CAM_BACK_RIGHT"], "token": "11a656334ca14759895451d5e0bafd2a", "scene": "scene-0893"}, {"images": ["samples/CAM_FRONT_LEFT/n008-2018-09-18-14-54-39-0400__CAM_FRONT_LEFT__1537297597854799.jpg", "samples/CAM_FRONT/n008-2018-09-18-14-54-39-0400__CAM_FRONT__1537297597862404.jpg", "samples/CAM_FRONT_RIGHT/n008-2018-09-18-14-54-39-0400__CAM_FRONT_RIGHT__1537297597870482.jpg", "samples/CAM_BACK_LEFT/n008-2018-09-18-14-54-39-0400__CAM_BACK_LEFT__1537297597897405.jpg", "samples/CAM_BACK/n008-2018-09-18-14-54-39-0400__CAM_BACK__1537297597887558.jpg", "samples/CAM_BACK_RIGHT/n008-2018-09-18-14-54-39-0400__CAM_BACK_RIGHT__1537297597878113.jpg"], "intrinsics": [[[1257.8625342125129, 0.0, 827.2410631095686], [0.0, 1257.8625342125129, 450.915498205774], [0.0, 0.0, 1.0]], [[1252.8131021185304, 0.0, 826.588114781398], [0.0, 1252.8131021185304, 469.9846626224581], [0.0, 0.0, 1.0]], [[1256.7485116440405, 0.0, 817.7887570959712], [0.0, 1256.7485116440403, 451.9541780095127], [0.0, 0.0, 1.0]], [[1254.9860565800168, 0.0, 829.5769333630991], [0.0, 1254.9860565800168, 467.1680561863987], [0.0, 0.0, 1.0]], [[796.8910634503094, 0.0, 857.7774326863696], [0.0, 796.8910634503094, 476.8848988407415], [0.0, 0.0, 1.0]], [[1249.9629280788233, 0.0, 825.3768045375984], [0.0, 1249.9629280788233, 462.54816385708756], [0.0, 0.0, 1.0]]], "extrinsics": [[[0.8225358724594116, -0.5685244798660278, -0.014645806513726711, -0.75], [0.0053703272715210915, 0.03351597487926483, -0.9994237422943115, 1.4898910522460938], [0.5686877965927124, 0.821983277797699, 0.030621256679296494, -1.1591796875], [0.0, 0.0, 0.0, 1.0]], [[0.010163902305066586, -0.9995152354240417, -0.02942790277302265, 0.009521484375], [0.007430737838149071, 0.02950410544872284, -0.9995370507240295, 1.4820175170898438], [0.999920666217804, 0.009940522722899914, 0.007727015297859907, -1.4791259765625], [0.0, 0.0, 0.0, 1.0]], [[-0.8440415859222412, -0.5357227921485901, -0.0243899617344141, 0.92303466796875], [0.015595058910548687, 0.020941371098160744, -0.9996590614318848, 1.4961585998535156], [0.5360509157180786, -0.8441342115402222, -0.009320760145783424, -1.1697998046875], [0.0, 0.0, 0.0, 1.0]], [[0.9479039311408997, 0.3185427784919739, 0.002915977267548442, -1.13165283203125], [-0.009242861531674862, 0.03665202111005783, -0.9992853403091431, 1.5619277954101562], [-0.31842201948165894, 0.9471995830535889, 0.037686847150325775, -0.16015625], [0.0, 0.0, 0.0, 1.0]], [[0.009302102029323578, 0.9995407462120056, 0.028839806094765663, -0.028564453125], [-0.00726910587400198, 0.028907885774970055, -0.9995556473731995, 1.5674552917480469], [-0.9999303817749023, 0.00908832997083664, 0.0075346725061535835, -0.036773681640625], [0.0, 0.0, 0.0, 1.0]], [[-0.9237044453620911, 0.38306835293769836, 0.005349657963961363, 1.02496337890625], [-0.0032935338094830513, 0.00602315180003643, -0.9999764561653137, 1.5473260879516602], [-0.3830915093421936, -0.9237003326416016, -0.004301964771002531, -0.0989990234375], [0.0, 0.0, 0.0, 1.0]]], "view": [[0.0, -2.0, 100.0], [-2.0, 0.0, 100.0], [0.0, 0.0, 1.0]], "bev": "bev_91053db0d6b844db8ed4923cdafc94ea.png", "aux": "aux_91053db0d6b844db8ed4923cdafc94ea.npz", "visibility": "visibility_91053db0d6b844db8ed4923cdafc94ea.png", "pose": [[-0.8531477451324463, -0.521669328212738, 0.0, 957.6736450195312], [0.521669328212738, -0.8531477451324463, 0.0, 1816.6695556640625], [0.0, 0.0, 1.0, 0.0], [0.0, 0.0, 0.0, 1.0]], "pose_inverse": [[-0.8531477451324463, 0.521669328212738, 0.0, -130.6636962890625], [-0.521669328212738, -0.8531477451324463, 0.0, 2049.4765625], [0.0, 0.0, 1.0, 0.0], [0.0, 0.0, 0.0, 1.0]], "cam_ids": [0, 1, 2, 3, 4, 5], "cam_channels": ["CAM_FRONT_LEFT", "CAM_FRONT", "CAM_FRONT_RIGHT", "CAM_BACK_LEFT", "CAM_BACK", "CAM_BACK_RIGHT"], "token": "91053db0d6b844db8ed4923cdafc94ea", "scene": "scene-0893"}, {"images": ["samples/CAM_FRONT_LEFT/n008-2018-09-18-14-54-39-0400__CAM_FRONT_LEFT__1537297598404799.jpg", "samples/CAM_FRONT/n008-2018-09-18-14-54-39-0400__CAM_FRONT__1537297598412404.jpg", "samples/CAM_FRONT_RIGHT/n008-2018-09-18-14-54-39-0400__CAM_FRONT_RIGHT__1537297598420482.jpg", "samples/CAM_BACK_LEFT/n008-2018-09-18-14-54-39-0400__CAM_BACK_LEFT__1537297598447405.jpg", "samples/CAM_BACK/n008-2018-09-18-14-54-39-0400__CAM_BACK__1537297598437558.jpg", "samples/CAM_BACK_RIGHT/n008-2018-09-18-14-54-39-0400__CAM_BACK_RIGHT__1537297598428113.jpg"], "intrinsics": [[[1257.8625342125129, 0.0, 827.2410631095686], [0.0, 1257.8625342125129, 450.915498205774], [0.0, 0.0, 1.0]], [[1252.8131021185304, 0.0, 826.588114781398], [0.0, 1252.8131021185304, 469.9846626224581], [0.0, 0.0, 1.0]], [[1256.7485116440405, 0.0, 817.7887570959712], [0.0, 1256.7485116440403, 451.9541780095127], [0.0, 0.0, 1.0]], [[1254.9860565800168, 0.0, 829.5769333630991], [0.0, 1254.9860565800168, 467.1680561863987], [0.0, 0.0, 1.0]], [[796.8910634503094, 0.0, 857.7774326863696], [0.0, 796.8910634503094, 476.8848988407415], [0.0, 0.0, 1.0]], [[1249.9629280788233, 0.0, 825.3768045375984], [0.0, 1249.9629280788233, 462.54816385708756], [0.0, 0.0, 1.0]]], "extrinsics": [[[0.8230016827583313, -0.5678293108940125, -0.015433957800269127, -0.7410888671875], [0.007078132592141628, 0.03741983324289322, -0.9992745518684387, 1.4904022216796875], [0.5679948925971985, 0.8222953677177429, 0.034815751016139984, -1.156005859375], [0.0, 0.0, 0.0, 1.0]], [[0.010913286358118057, -0.9993880987167358, -0.03323151543736458, 0.01171875], [0.008900835178792477, 0.03332926705479622, -0.999404788017273, 1.4824066162109375], [0.999900758266449, 0.01061105728149414, 0.009259120561182499, -1.4704818725585938], [0.0, 0.0, 0.0, 1.0]], [[-0.8437129259109497, -0.5360954403877258, -0.027392126619815826, 0.91717529296875], [0.016780203208327293, 0.024664007127285004, -0.9995549321174622, 1.4964866638183594], [0.536532461643219, -0.8437970876693726, -0.011813553050160408, -1.1640625], [0.0, 0.0, 0.0, 1.0]], [[0.9478958249092102, 0.31855878233909607, 0.003714297665283084, -1.12762451171875], [-0.009481522254645824, 0.03986288607120514, -0.9991601705551147, 1.5618667602539062], [-0.3184393644332886, 0.9470645785331726, 0.04080628603696823, -0.161865234375], [0.0, 0.0, 0.0, 1.0]], [[0.009071816690266132, 0.9994388818740845, 0.032243769615888596, -0.0291748046875], [-0.007008667103946209, 0.032307855784893036, -0.9994533658027649, 1.5674209594726562], [-0.9999343156814575, 0.008840843103826046, 0.007297825068235397, -0.0425567626953125], [0.0, 0.0, 0.0, 1.0]], [[-0.9238643646240234, 0.3826735019683838, 0.005958205554634333, 1.01788330078125], [-0.0024707389529794455, 0.009604232385754585, -0.9999507665634155, 1.547414779663086], [-0.38271182775497437, -0.9238337874412537, -0.00792752392590046, -0.1007080078125], [0.0, 0.0, 0.0, 1.0]]], "view": [[0.0, -2.0, 100.0], [-2.0, 0.0, 100.0], [0.0, 0.0, 1.0]], "bev": "bev_f2791656a1e64a2ca8bf50c19e21204e.png", "aux": "aux_f2791656a1e64a2ca8bf50c19e21204e.npz", "visibility": "visibility_f2791656a1e64a2ca8bf50c19e21204e.png", "pose": [[-0.8521347641944885, -0.5233224630355835, 0.0, 954.4298706054688], [0.5233224630355835, -0.8521347641944885, 0.0, 1818.6854248046875], [0.0, 0.0, 1.0, 0.0], [0.0, 0.0, 0.0, 1.0]], "pose_inverse": [[-0.8521347641944885, 0.5233224630355835, 0.0, -138.45602416992188], [-0.5233224630355835, -0.8521347641944885, 0.0, 2049.239501953125], [0.0, 0.0, 1.0, 0.0], [0.0, 0.0, 0.0, 1.0]], "cam_ids": [0, 1, 2, 3, 4, 5], "cam_channels": ["CAM_FRONT_LEFT", "CAM_FRONT", "CAM_FRONT_RIGHT", "CAM_BACK_LEFT", "CAM_BACK", "CAM_BACK_RIGHT"], "token": "f2791656a1e64a2ca8bf50c19e21204e", "scene": "scene-0893"}, {"images": ["samples/CAM_FRONT_LEFT/n008-2018-09-18-14-54-39-0400__CAM_FRONT_LEFT__1537297598904799.jpg", "samples/CAM_FRONT/n008-2018-09-18-14-54-39-0400__CAM_FRONT__1537297598912404.jpg", "samples/CAM_FRONT_RIGHT/n008-2018-09-18-14-54-39-0400__CAM_FRONT_RIGHT__1537297598920482.jpg", "samples/CAM_BACK_LEFT/n008-2018-09-18-14-54-39-0400__CAM_BACK_LEFT__1537297598947405.jpg", "samples/CAM_BACK/n008-2018-09-18-14-54-39-0400__CAM_BACK__1537297598937558.jpg", "samples/CAM_BACK_RIGHT/n008-2018-09-18-14-54-39-0400__CAM_BACK_RIGHT__1537297598928113.jpg"], "intrinsics": [[[1257.8625342125129, 0.0, 827.2410631095686], [0.0, 1257.8625342125129, 450.915498205774], [0.0, 0.0, 1.0]], [[1252.8131021185304, 0.0, 826.588114781398], [0.0, 1252.8131021185304, 469.9846626224581], [0.0, 0.0, 1.0]], [[1256.7485116440405, 0.0, 817.7887570959712], [0.0, 1256.7485116440403, 451.9541780095127], [0.0, 0.0, 1.0]], [[1254.9860565800168, 0.0, 829.5769333630991], [0.0, 1254.9860565800168, 467.1680561863987], [0.0, 0.0, 1.0]], [[796.8910634503094, 0.0, 857.7774326863696], [0.0, 796.8910634503094, 476.8848988407415], [0.0, 0.0, 1.0]], [[1249.9629280788233, 0.0, 825.3768045375984], [0.0, 1249.9629280788233, 462.54816385708756], [0.0, 0.0, 1.0]]], "extrinsics": [[[0.8218042254447937, -0.5693652033805847, -0.02147766575217247, -0.743896484375], [0.0010483968071639538, 0.039206333458423615, -0.9992305636405945, 1.4885177612304688], [0.5697692036628723, 0.8211493492126465, 0.032816845923662186, -1.15576171875], [0.0, 0.0, 0.0, 1.0]], [[0.00916540902107954, -0.9993565082550049, -0.034678686410188675, 0.010009765625], [0.004210129380226135, 0.034718405455350876, -0.9993882775306702, 1.4811859130859375], [0.9999490976333618, 0.009013839066028595, 0.0045256298035383224, -1.472900390625], [0.0, 0.0, 0.0, 1.0]], [[-0.8444677591323853, -0.5350165963172913, -0.025131771340966225, 0.91888427734375], [0.013512556441128254, 0.02562594972550869, -0.9995802640914917, 1.49578857421875], [0.5354360342025757, -0.8444527983665466, -0.014410843141376972, -1.16650390625], [0.0, 0.0, 0.0, 1.0]], [[0.9479244351387024, 0.3184545636177063, 0.005101010203361511, -1.13067626953125], [-0.007980654947459698, 0.03976037725806236, -0.9991773962974548, 1.5619277954101562], [-0.3183954060077667, 0.9471039175987244, 0.040231309831142426, -0.160888671875], [0.0, 0.0, 0.0, 1.0]], [[0.0096098268404603, 0.9994258880615234, 0.03249076008796692, -0.0286865234375], [-0.007213670760393143, 0.03256070613861084, -0.9994437098503113, 1.5674362182617188], [-0.99992