[{"images": ["samples/CAM_FRONT_LEFT/n008-2018-08-31-11-37-23-0400__CAM_FRONT_LEFT__1535730494854799.jpg", "samples/CAM_FRONT/n008-2018-08-31-11-37-23-0400__CAM_FRONT__1535730494862404.jpg", "samples/CAM_FRONT_RIGHT/n008-2018-08-31-11-37-23-0400__CAM_FRONT_RIGHT__1535730494870482.jpg", "samples/CAM_BACK_LEFT/n008-2018-08-31-11-37-23-0400__CAM_BACK_LEFT__1535730494897405.jpg", "samples/CAM_BACK/n008-2018-08-31-11-37-23-0400__CAM_BACK__1535730494887558.jpg", "samples/CAM_BACK_RIGHT/n008-2018-08-31-11-37-23-0400__CAM_BACK_RIGHT__1535730494878113.jpg"], "intrinsics": [[[1257.8625342125129, 0.0, 827.2410631095686], [0.0, 1257.8625342125129, 450.915498205774], [0.0, 0.0, 1.0]], [[1252.8131021185304, 0.0, 826.588114781398], [0.0, 1252.8131021185304, 469.9846626224581], [0.0, 0.0, 1.0]], [[1256.7485116440405, 0.0, 817.7887570959712], [0.0, 1256.7485116440403, 451.9541780095127], [0.0, 0.0, 1.0]], [[1254.9860565800168, 0.0, 829.5769333630991], [0.0, 1254.9860565800168, 467.1680561863987], [0.0, 0.0, 1.0]], [[796.8910634503094, 0.0, 857.7774326863696], [0.0, 796.8910634503094, 476.8848988407415], [0.0, 0.0, 1.0]], [[1249.9629280788233, 0.0, 825.3768045375984], [0.0, 1249.9629280788233, 462.54816385708756], [0.0, 0.0, 1.0]]], "extrinsics": [[[0.8227251768112183, -0.5681942105293274, -0.016690727323293686, -0.76336669921875], [0.007531065493822098, 0.040255106985569, -0.9991610050201416, 1.4903945922851562], [0.5683894157409668, 0.8219091892242432, 0.037397999316453934, -1.1693115234375], [0.0, 0.0, 0.0, 1.0]], [[0.01048293150961399, -0.9992995262145996, -0.03592338040471077, 0.0098876953125], [0.009400074370205402, 0.03602224960923195, -0.9993067383766174, 1.4823455810546875], [0.9999008178710938, 0.010138006880879402, 0.009771110489964485, -1.49578857421875], [0.0, 0.0, 0.0, 1.0]], [[-0.8439081311225891, -0.5356923341751099, -0.029205193743109703, 0.9373779296875], [0.01732707768678665, 0.027193870395421982, -0.9994799494743347, 1.4961891174316406], [0.5362079739570618, -0.843975305557251, -0.013667145743966103, -1.17822265625], [0.0, 0.0, 0.0, 1.0]], [[0.9479168653488159, 0.31847384572029114, 0.0053151329047977924, -1.149658203125], [-0.008481113240122795, 0.04191760718822479, -0.9990850687026978, 1.562103271484375], [-0.31840524077415466, 0.9470043778419495, 0.0424354188144207, -0.154052734375], [0.0, 0.0, 0.0, 1.0]], [[0.009254546836018562, 0.9993619322776794, 0.03449716046452522, -0.02880859375], [-0.006220599170774221, 0.03455550596117973, -0.9993833899497986, 1.5676498413085938], [-0.9999378323554993, 0.00903428252786398, 0.006536426953971386, -0.018798828125], [0.0, 0.0, 0.0, 1.0]], [[-0.9237426519393921, 0.38296180963516235, 0.006300710141658783, 1.0406646728515625], [-0.0018463660962879658, 0.011997747235000134, -0.9999263286590576, 1.547555923461914], [-0.3830091059207916, -0.9236862659454346, -0.010375741869211197, -0.0921630859375], [0.0, 0.0, 0.0, 1.0]]], "view": [[0.0, -2.0, 100.0], [-2.0, 0.0, 100.0], [0.0, 0.0, 1.0]], "bev": "bev_e493c6923a0a4d5fb78b75dcc0ffc5ab.png", "aux": "aux_e493c6923a0a4d5fb78b75dcc0ffc5ab.npz", "visibility": "visibility_e493c6923a0a4d5fb78b75dcc0ffc5ab.png", "pose": [[-0.8794405460357666, -0.47600874304771423, 0.0, 1368.005126953125], [0.47600874304771423, -0.8794405460357666, 0.0, 1296.5269775390625], [0.0, 0.0, 1.0, 0.0], [0.0, 0.0, 0.0, 1.0]], "pose_inverse": [[-0.8794405460357666, 0.47600874304771423, 0.0, 585.9210205078125], [-0.47600874304771423, -0.8794405460357666, 0.0, 1791.4007568359375], [0.0, 0.0, 1.0, 0.0], [0.0, 0.0, 0.0, 1.0]], "cam_ids": [0, 1, 2, 3, 4, 5], "cam_channels": ["CAM_FRONT_LEFT", "CAM_FRONT", "CAM_FRONT_RIGHT", "CAM_BACK_LEFT", "CAM_BACK", "CAM_BACK_RIGHT"], "token": "e493c6923a0a4d5fb78b75dcc0ffc5ab", "scene": "scene-0562"}, {"images": ["samples/CAM_FRONT_LEFT/n008-2018-08-31-11-37-23-0400__CAM_FRONT_LEFT__1535730495354799.jpg", "samples/CAM_FRONT/n008-2018-08-31-11-37-23-0400__CAM_FRONT__1535730495362404.jpg", "samples/CAM_FRONT_RIGHT/n008-2018-08-31-11-37-23-0400__CAM_FRONT_RIGHT__1535730495370482.jpg", "samples/CAM_BACK_LEFT/n008-2018-08-31-11-37-23-0400__CAM_BACK_LEFT__1535730495397405.jpg", "samples/CAM_BACK/n008-2018-08-31-11-37-23-0400__CAM_BACK__1535730495387558.jpg", "samples/CAM_BACK_RIGHT/n008-2018-08-31-11-37-23-0400__CAM_BACK_RIGHT__1535730495378113.jpg"], "intrinsics": [[[1257.8625342125129, 0.0, 827.2410631095686], [0.0, 1257.8625342125129, 450.915498205774], [0.0, 0.0, 1.0]], [[1252.8131021185304, 0.0, 826.588114781398], [0.0, 1252.8131021185304, 469.9846626224581], [0.0, 0.0, 1.0]], [[1256.7485116440405, 0.0, 817.7887570959712], [0.0, 1256.7485116440403, 451.9541780095127], [0.0, 0.0, 1.0]], [[1254.9860565800168, 0.0, 829.5769333630991], [0.0, 1254.9860565800168, 467.1680561863987], [0.0, 0.0, 1.0]], [[796.8910634503094, 0.0, 857.7774326863696], [0.0, 796.8910634503094, 476.8848988407415], [0.0, 0.0, 1.0]], [[1249.9629280788233, 0.0, 825.3768045375984], [0.0, 1249.9629280788233, 462.54816385708756], [0.0, 0.0, 1.0]]], "extrinsics": [[[0.8225023150444031, -0.5686818957328796, -0.009536847472190857, -0.7708740234375], [0.015174038708209991, 0.03870227932929993, -0.9991355538368225, 1.4925384521484375], [0.5685593485832214, 0.8216466307640076, 0.040461912751197815, -1.1734619140625], [0.0, 0.0, 0.0, 1.0]], [[0.010300216265022755, -0.9993552565574646, -0.03439424932003021, 0.0089111328125], [0.017360534518957138, 0.03456961363554001, -0.9992515444755554, 1.4841690063476562], [0.9997962713241577, 0.009695409797132015, 0.017705418169498444, -1.502197265625], [0.0, 0.0, 0.0, 1.0]], [[-0.8438296914100647, -0.535436749458313, -0.03548121452331543, 0.9403076171875], [0.0256047286093235, 0.025869857519865036, -0.9993373155593872, 1.4976272583007812], [0.5359998345375061, -0.8441789746284485, -0.008120042271912098, -1.181640625], [0.0, 0.0, 0.0, 1.0]], [[0.9478693008422852, 0.31835734844207764, 0.013870909810066223, -1.1463623046875], [0.0007808130467310548, 0.041208453476428986, -0.999150276184082, 1.5620498657226562], [-0.3186584413051605, 0.9470747113227844, 0.03881165385246277, -0.1552734375], [0.0, 0.0, 0.0, 1.0]], [[0.009149175137281418, 0.9993926286697388, 0.03362613171339035, -0.0283203125], [0.0026840767823159695, 0.03360287472605705, -0.9994316697120667, 1.5682334899902344], [-0.9999545216560364, 0.009234236553311348, -0.0023750076070427895, -0.0194091796875], [0.0, 0.0, 0.0, 1.0]], [[-0.9236598610877991, 0.38320815563201904, -0.0019986059051007032, 1.0428924560546875], [0.006667045410722494, 0.01085477601736784, -0.9999188184738159, 1.5486583709716797], [-0.38315531611442566, -0.9235982894897461, -0.012580987066030502, -0.09228515625], [0.0, 0.0, 0.0, 1.0]]], "view": [[0.0, -2.0, 100.0], [-2.0, 0.0, 100.0], [0.0, 0.0, 1.0]], "bev": "bev_df5bc2ce9fa14afc886ea2eb7cbd9a01.png", "aux": "aux_df5bc2ce9fa14afc886ea2eb7cbd9a01.npz", "visibility": "visibility_df5bc2ce9fa14afc886ea2eb7cbd9a01.png", "pose": [[-0.8779087662696838, -0.47882795333862305, 0.0, 1365.043212890625], [0.47882795333862305, -0.8779087662696838, 0.0, 1298.1771240234375], [0.0, 0.0, 1.0, 0.0], [0.0, 0.0, 0.0, 1.0]], "pose_inverse": [[-0.8779087662696838, 0.47882795333862305, 0.0, 576.7799072265625], [-0.47882795333862305, -0.8779087662696838, 0.0, 1793.3018798828125], [0.0, 0.0, 1.0, 0.0], [0.0, 0.0, 0.0, 1.0]], "cam_ids": [0, 1, 2, 3, 4, 5], "cam_channels": ["CAM_FRONT_LEFT", "CAM_FRONT", "CAM_FRONT_RIGHT", "CAM_BACK_LEFT", "CAM_BACK", "CAM_BACK_RIGHT"], "token": "df5bc2ce9fa14afc886ea2eb7cbd9a01", "scene": "scene-0562"}, {"images": ["samples/CAM_FRONT_LEFT/n008-2018-08-31-11-37-23-0400__CAM_FRONT_LEFT__1535730495854799.jpg", "samples/CAM_FRONT/n008-2018-08-31-11-37-23-0400__CAM_FRONT__1535730495862404.jpg", "samples/CAM_FRONT_RIGHT/n008-2018-08-31-11-37-23-0400__CAM_FRONT_RIGHT__1535730495870482.jpg", "samples/CAM_BACK_LEFT/n008-2018-08-31-11-37-23-0400__CAM_BACK_LEFT__1535730495897405.jpg", "samples/CAM_BACK/n008-2018-08-31-11-37-23-0400__CAM_BACK__1535730495887558.jpg", "samples/CAM_BACK_RIGHT/n008-2018-08-31-11-37-23-0400__CAM_BACK_RIGHT__1535730495878113.jpg"], "intrinsics": [[[1257.8625342125129, 0.0, 827.2410631095686], [0.0, 1257.8625342125129, 450.915498205774], [0.0, 0.0, 1.0]], [[1252.8131021185304, 0.0, 826.588114781398], [0.0, 1252.8131021185304, 469.9846626224581], [0.0, 0.0, 1.0]], [[1256.7485116440405, 0.0, 817.7887570959712], [0.0, 1256.7485116440403, 451.9541780095127], [0.0, 0.0, 1.0]], [[1254.9860565800168, 0.0, 829.5769333630991], [0.0, 1254.9860565800168, 467.1680561863987], [0.0, 0.0, 1.0]], [[796.8910634503094, 0.0, 857.7774326863696], [0.0, 796.8910634503094, 476.8848988407415], [0.0, 0.0, 1.0]], [[1249.9629280788233, 0.0, 825.3768045375984], [0.0, 1249.9629280788233, 462.54816385708756], [0.0, 0.0, 1.0]]], "extrinsics": [[[0.8224230408668518, -0.5686509013175964, -0.01602042093873024, -0.76007080078125], [0.008610156364738941, 0.04060102254152298, -0.999138355255127, 1.490692138671875], [0.568811297416687, 0.8215764760971069, 0.038287390023469925, -1.1688232421875], [0.0, 0.0, 0.0, 1.0]], [[0.010077386163175106, -0.9992901682853699, -0.03629912808537483, 0.0108642578125], [0.010624571703374386, 0.03640592843294144, -0.9992806315422058, 1.4826278686523438], [0.9998927712440491, 0.00968451052904129, 0.010983905754983425, -1.4923095703125], [0.0, 0.0, 0.0, 1.0]], [[-0.8440430164337158, -0.5354018807411194, -0.030600184574723244, 0.9344482421875], [0.018719978630542755, 0.027610456570982933, -0.9994434118270874, 1.4965019226074219], [0.5359487533569336, -0.8441460728645325, -0.013281701132655144, -1.1756591796875], [0.0, 0.0, 0.0, 1.0]], [[0.9479185938835144, 0.31842318177223206, 0.007554312236607075, -1.143798828125], [-0.006304686423391104, 0.04247076064348221, -0.9990777969360352, 1.562042236328125], [-0.31845033168792725, 0.9469967484474182, 0.04226638004183769, -0.156005859375], [0.0, 0.0, 0.0, 1.0]], [[0.009323222562670708, 0.9993436336517334, 0.035006873309612274, -0.0289306640625], [-0.004306166432797909, 0.03504819795489311, -0.9993763566017151, 1.5677375793457031], [-0.9999473690986633, 0.00916663184762001, 0.004630101844668388, -0.02392578125], [0.0, 0.0, 0.0, 1.0]], [[-0.9236647486686707, 0.38316845893859863, 0.005035328678786755, 1.0366668701171875], [-0.00028088624821975827, 0.012463165447115898, -0.9999223351478577, 1.5477542877197266], [-0.3832014799118042, -0.9235943555831909, -0.011404159478843212, -0.09326171875], [0.0, 0.0, 0.0, 1.0]]], "view": [[0.0, -2.0, 100.0], [-2.0, 0.0, 100.0], [0.0, 0.0, 1.0]], "bev": "bev_c23c7613adf34ccdb2196d2d4825b702.png", "aux": "aux_c23c7613adf34ccdb2196d2d4825b702.npz", "visibility": "visibility_c23c7613adf34ccdb2196d2d4825b702.png", "pose": [[-0.8777275681495667, -0.47916004061698914, 0.0, 1362.09716796875], [0.47916004061698914, -0.8777275681495667, 0.0, 1299.819091796875], [0.0, 0.0, 1.0, 0.0], [0.0, 0.0, 0.0, 1.0]], "pose_inverse": [[-0.8777275681495667, 0.47916004061698914, 0.0, 572.7288818359375], [-0.47916004061698914, -0.8777275681495667, 0.0, 1793.549560546875], [0.0, 0.0, 1.0, 0.0], [0.0, 0.0, 0.0, 1.0]], "cam_ids": [0, 1, 2, 3, 4, 5], "cam_channels": ["CAM_FRONT_LEFT", "CAM_FRONT", "CAM_FRONT_RIGHT", "CAM_BACK_LEFT", "CAM_BACK", "CAM_BACK_RIGHT"], "token": "c23c7613adf34ccdb2196d2d4825b702", "scene": "scene-0562"}, {"images": ["samples/CAM_FRONT_LEFT/n008-2018-08-31-11-37-23-0400__CAM_FRONT_LEFT__1535730496354799.jpg", "samples/CAM_FRONT/n008-2018-08-31-11-37-23-0400__CAM_FRONT__1535730496362404.jpg", "samples/CAM_FRONT_RIGHT/n008-2018-08-31-11-37-23-0400__CAM_FRONT_RIGHT__1535730496370482.jpg", "samples/CAM_BACK_LEFT/n008-2018-08-31-11-37-23-0400__CAM_BACK_LEFT__1535730496397405.jpg", "samples/CAM_BACK/n008-2018-08-31-11-37-23-0400__CAM_BACK__1535730496387558.jpg", "samples/CAM_BACK_RIGHT/n008-2018-08-31-11-37-23-0400__CAM_BACK_RIGHT__1535730496378113.jpg"], "intrinsics": [[[1257.8625342125129, 0.0, 827.2410631095686], [0.0, 1257.8625342125129, 450.915498205774], [0.0, 0.0, 1.0]], [[1252.8131021185304, 0.0, 826.588114781398], [0.0, 1252.8131021185304, 469.9846626224581], [0.0, 0.0, 1.0]], [[1256.7485116440405, 0.0, 817.7887570959712], [0.0, 1256.7485116440403, 451.9541780095127], [0.0, 0.0, 1.0]], [[1254.9860565800168, 0.0, 829.5769333630991], [0.0, 1254.9860565800168, 467.1680561863987], [0.0, 0.0, 1.0]], [[796.8910634503094, 0.0, 857.7774326863696], [0.0, 796.8910634503094, 476.8848988407415], [0.0, 0.0, 1.0]], [[1249.9629280788233, 0.0, 825.3768045375984], [0.0, 1249.9629280788233, 462.54816385708756], [0.0, 0.0, 1.0]]], "extrinsics": [[[0.8224664330482483, -0.5685229301452637, -0.018183737993240356, -0.766357421875], [0.00910157524049282, 0.04511727765202522, -0.9989402294158936, 1.4907989501953125], [0.5687409043312073, 0.8214293122291565, 0.042281899601221085, -1.1715087890625], [0.0, 0.0, 0.0, 1.0]], [[0.010074859485030174, -0.9991135001182556, -0.04087337478995323, 0.0098876953125], [0.010809618979692459, 0.04098188132047653, -0.9991014003753662, 1.4826278686523438], [0.9998907446861267, 0.00962398573756218, 0.011212924495339394, -1.4984130859375], [0.0, 0.0, 0.0, 1.0]], [[-0.8440914154052734, -0.535183310508728, -0.032992832362651825, 0.9388427734375], [0.018595874309539795, 0.03227550536394119, -0.9993059635162354, 1.4963912963867188], [0.5358767509460449, -0.8441191911697388, -0.017291279509663582, -1.1795654296875], [0.0, 0.0, 0.0, 1.0]], [[0.9479325413703918, 0.31837567687034607, 0.0077957515604794025, -1.14453125], [-0.007714979350566864, 0.047428324818611145, -0.9988448023796082, 1.562042236328125], [-0.31837767362594604, 0.9467774033546448, 0.0474151149392128, -0.1558837890625], [0.0, 0.0, 0.0, 1.0]], [[0.009433694183826447, 0.9991603493690491, 0.03986949846148491, -0.028564453125], [-0.005299069918692112, 0.03992066532373428, -0.9991887807846069, 1.5677032470703125], [-0.9999414682388306, 0.009214813821017742, 0.0056712208315730095, -0.02099609375], [0.0, 0.0, 0.0, 1.0]], [[-0.9236152172088623, 0.383249968290329, 0.007366886828094721, 1.041473388671875], [-0.0008270721882581711, 0.0172260794788599, -0.9998512864112854, 1.547689437866211], [-0.38331979513168335, -0.9234839081764221, -0.015593293122947216, -0.092529296875], [0.0, 0.0, 0.0, 1.0]]], "view": [[0.0, -2.0, 100.0], [-2.0, 0.0, 100.0], [0.0, 0.0, 1.0]], "bev": "bev_0c15e8d3127a4b88991c235095d800d2.png", "aux": "aux_0c15e8d3127a4b88991c235095d800d2.npz", "visibility": "visibility_0c15e8d3127a4b88991c235095d800d2.png", "pose": [[-0.87696373462677, -0.48055651783943176, 0.0, 1359.132080078125], [0.48055651783943176, -0.87696373462677, 0.0, 1301.4874267578125], [0.0, 0.0, 1.0, 0.0], [0.0, 0.0, 0.0, 1.0]], "pose_inverse": [[-0.87696373462677, 0.48055651783943176, 0.0, 566.4713134765625], [-0.48055651783943176, -0.87696373462677, 0.0, 1794.4970703125], [0.0, 0.0, 1.0, 0.0], [0.0, 0.0, 0.0, 1.0]], "cam_ids": [0, 1, 2, 3, 4, 5], "cam_channels": ["CAM_FRONT_LEFT", "CAM_FRONT", "CAM_FRONT_RIGHT", "CAM_BACK_LEFT", "CAM_BACK", "CAM_BACK_RIGHT"], "token": "0c15e8d3127a4b88991c235095d800d2", "scene": "scene-0562"}, {"images": ["samples/CAM_FRONT_LEFT/n008-2018-08-31-11-37-23-0400__CAM_FRONT_LEFT__1535730496854799.jpg", "samples/CAM_FRONT/n008-2018-08-31-11-37-23-0400__CAM_FRONT__1535730496862404.jpg", "samples/CAM_FRONT_RIGHT/n008-2018-08-31-11-37-23-0400__CAM_FRONT_RIGHT__1535730496870482.jpg", "samples/CAM_BACK_LEFT/n008-2018-08-31-11-37-23-0400__CAM_BACK_LEFT__1535730496897405.jpg", "samples/CAM_BACK/n008-2018-08-31-11-37-23-0400__CAM_BACK__1535730496887558.jpg", "samples/CAM_BACK_RIGHT/n008-2018-08-31-11-37-23-0400__CAM_BACK_RIGHT__1535730496878113.jpg"], "intrinsics": [[[1257.8625342125129, 0.0, 827.2410631095686], [0.0, 1257.8625342125129, 450.915498205774], [0.0, 0.0, 1.0]], [[1252.8131021185304, 0.0, 826.588114781398], [0.0, 1252.8131021185304, 469.9846626224581], [0.0, 0.0, 1.0]], [[1256.7485116440405, 0.0, 817.7887570959712], [0.0, 1256.7485116440403, 451.9541780095127], [0.0, 0.0, 1.0]], [[1254.9860565800168, 0.0, 829.5769333630991], [0.0, 1254.9860565800168, 467.1680561863987], [0.0, 0.0, 1.0]], [[796.8910634503094, 0.0, 857.7774326863696], [0.0, 796.8910634503094, 476.8848988407415], [0.0, 0.0, 1.0]], [[1249.9629280788233, 0.0, 825.3768045375984], [0.0, 1249.9629280788233, 462.54816385708756], [0.0, 0.0, 1.0]]], "extrinsics": [[[0.8225170969963074, -0.5683162808418274, -0.02196117490530014, -0.75933837890625], [0.0009012414375320077, 0.03991607204079628, -0.9992026090621948, 1.4884796142578125], [0.568739652633667, 0.8218414783477783, 0.0333438403904438, -1.1661376953125], [0.0, 0.0, 0.0, 1.0]], [[0.010238048620522022, -0.9993131756782532, -0.03561410680413246, 0.009521484375], [0.0029030630830675364, 0.03564552590250969, -0.9993602633476257, 1.4808120727539062], [0.9999433159828186, 0.010128109715878963, 0.0032660099677741528, -1.49053955078125], [0.0, 0.0, 0.0, 1.0]], [[-0.8440108895301819, -0.5358060598373413, -0.02361042983829975, 0.932861328125], [0.010947780683636665, 0.02680164948105812, -0.9995808005332947, 1.4950904846191406], [0.536214292049408, -0.8439156413078308, -0.01675499603152275, -1.17578125], [0.0, 0.0, 0.0, 1.0]], [[0.9478970766067505, 0.3185768127441406, -0.00015659259224776179, -1.1453857421875], [-0.014138961210846901, 0.04157816246151924, -0.9990352392196655, 1.5620651245117188], [-0.3182629346847534, 0.9469847083091736, 0.043916162103414536, -0.15576171875], [0.0, 0.0, 0.0, 1.0]], [[0.009296112693846226, 0.9993751645088196, 0.03410063683986664, -0.02880859375], [-0.011957760900259018, 0.034210771322250366, -0.9993430376052856, 1.5672378540039062], [-0.9998853206634521, 0.008882259018719196, 0.01226831879466772, -0.0235595703125], [0.0, 0.0, 0.0, 1.0]], [[-0.923764705657959, 0.38277897238731384, 0.011791672557592392, 1.0362091064453125], [-0.007944128476083279, 0.01163072232156992, -0.9999008178710938, 1.5467338562011719], [-0.3828780949115753, -0.9237667322158813, -0.007703204173594713, -0.09423828125], [0.0, 0.0, 0.0, 1.0]]], "view": [[0.0, -2.0, 100.0], [-2.0, 0.0, 100.0], [0.0, 0.0, 1.0]], "bev": "bev_c79d510501b7499a9512971507d68d60.png", "aux": "aux_c79d510501b7499a9512971507d68d60.npz", "visibility": "visibility_c79d510501b7499a9512971507d68d60.png", "pose": [[-0.8787021040916443, -0.47737056016921997, 0.0, 1356.1051025390625], [0.47737056016921997, -0.8787021040916443, 0.0, 1303.14990234375], [0.0, 0.0, 1.0, 0.0], [0.0, 0.0, 0.0, 1.0]], "pose_inverse": [[-0.8787021040916443, 0.47737056016921997, 0.0, 569.5269775390625], [-0.47737056016921997, -0.8787021040916443, 0.0, 1792.4451904296875], [0.0, 0.0, 1.0, 0.0], [0.0, 0.0, 0.0, 1.0]], "cam_ids": [0, 1, 2, 3, 4, 5], "cam_channels": ["CAM_FRONT_LEFT", "CAM_FRONT", "CAM_FRONT_RIGHT", "CAM_BACK_LEFT", "CAM_BACK", "CAM_BACK_RIGHT"], "token": "c79d510501b7499a9512971507d68d60", "scene": "scene-0562"}, {"images": ["samples/CAM_FRONT_LEFT/n008-2018-08-31-11-37-23-0400__CAM_FRONT_LEFT__1535730497404799.jpg", "samples/CAM_FRONT/n008-2018-08-31-11-37-23-0400__CAM_FRONT__1535730497412424.jpg", "samples/CAM_FRONT_RIGHT/n008-2018-08-31-11-37-23-0400__CAM_FRONT_RIGHT__1535730497420482.jpg", "samples/CAM_BACK_LEFT/n008-2018-08-31-11-37-23-0400__CAM_BACK_LEFT__1535730497447405.jpg", "samples/CAM_BACK/n008-2018-08-31-11-37-23-0400__CAM_BACK__1535730497437558.jpg", "samples/CAM_BACK_RIGHT/n008-2018-08-31-11-37-23-0400__CAM_BACK_RIGHT__1535730497428113.jpg"], "intrinsics": [[[1257.8625342125129, 0.0, 827.2410631095686], [0.0, 1257.8625342125129, 450.915498205774], [0.0, 0.0, 1.0]], [[1252.8131021185304, 0.0, 826.588114781398], [0.0, 1252.8131021185304, 469.9846626224581], [0.0, 0.0, 1.0]], [[1256.7485116440405, 0.0, 817.7887570959712], [0.0, 1256.7485116440403, 451.9541780095127], [0.0, 0.0, 1.0]], [[1254.9860565800168, 0.0, 829.5769333630991], [0.0, 1254.9860565800168, 467.1680561863987], [0.0, 0.0, 1.0]], [[796.8910634503094, 0.0, 857.7774326863696], [0.0, 796.8910634503094, 476.8848988407415], [0.0, 0.0, 1.0]], [[1249.9629280788233, 0.0, 825.3768045375984], [0.0, 1249.9629280788233, 462.54816385708756], [0.0, 0.0, 1.0]]], "extrinsics": [[[0.8225281834602356, -0.5686911940574646, -0.006148538086563349, -0.7657470703125], [0.011954441666603088, 0.028097035363316536, -0.9995337128639221, 1.4917488098144531], [0.5685988068580627, 0.8220711350440979, 0.029908988624811172, -1.1688232421875], [0.0, 0.0, 0.0, 1.0]], [[0.010313051752746105, -0.999674379825592, -0.023340968415141106, 0.0084228515625], [0.014728978276252747, 0.023491544649004936, -0.9996155500411987, 1.4836540222167969], [0.9998383522033691, 0.009965291246771812, 0.014966451562941074, -1.4971923828125], [0.0, 0.0, 0.0, 1.0]], [[-0.8438482880592346, -0.5358719825744629, -0.02759154886007309, 0.937255859375], [0.023616692051291466, 0.014279777184128761, -0.9996190667152405, 1.4973640441894531], [0.5360618829727173, -0.8441784381866455, 0.0006055578123778105, -1.1798095703125], [0.0, 0.0, 0.0, 1.0]], [[0.9478784799575806, 0.31849321722984314, 0.009406453929841518, -1.1484375], [0.0005704088835045695, 0.02782517857849598, -0.9996126294136047, 1.5620460510253906], [-0.3186315894126892, 0.947516679763794, 0.02619321644306183, -0.154296875], [0.0, 0.0, 0.0, 1.0]], [[0.009117837063968182, 0.9997408390045166, 0.020861148834228516, -0.0284423828125], [0.0018830272601917386, 0.02084481157362461, -0.9997808933258057, 1.56817626953125], [-0.9999566674232483, 0.009155108593404293, -0.0016924788942560554, -0.01947021484375], [0.0, 0.0, 0.0, 1.0]], [[-0.9236923456192017, 0.3830965757369995, -0.0054196808487176895, 1.0412750244140625], [0.0053143370896577835, -0.0013333129463717341, -0.9999849796295166, 1.5484992265701294], [-0.38309797644615173, -0.9237073063850403, -0.0008043328416533768, -0.0928955078125], [0.0, 0.0, 0.0, 1.0]]], "view": [[0.0, -2.0, 100.0], [-2.0, 0.0, 100.0], [0.0, 0.0, 1.0]], "bev": "bev_1a4601bb2b674b819094ebb5ca797c61.png", "aux": "aux_1a4601bb2b674b819094ebb5ca797c61.npz", "visibility": "visibility_1a4601bb2b674b819094ebb5ca797c61.png", "pose": [[-0.8803420662879944, -0.4743393659591675, 0.0, 1352.7532958984375], [0.4743393659591675, -0.8803420662879944, 0.0, 1304.9747314453125], [0.0, 0.0, 1.0, 0.0], [0.0, 0.0, 0.0, 1.0]], "pose_inverse": [[-0.8803420662879944, 0.4743393659591675, 0.0, 571.884765625], [-0.4743393659591675, -0.8803420662879944, 0.0, 1790.48828125], [0.0, 0.0, 1.0, 0.0], [0.0, 0.0, 0.0, 1.0]], "cam_ids": [0, 1, 2, 3, 4, 5], "cam_channels": ["CAM_FRONT_LEFT", "CAM_FRONT", "CAM_FRONT_RIGHT", "CAM_BACK_LEFT", "CAM_BACK", "CAM_BACK_RIGHT"], "token": "1a4601bb2b674b819094ebb5ca797c61", "scene": "scene-0562"}, {"images": ["samples/CAM_FRONT_LEFT/n008-2018-08-31-11-37-23-0400__CAM_FRONT_LEFT__1535730497854799.jpg", "samples/CAM_FRONT/n008-2018-08-31-11-37-23-0400__CAM_FRONT__1535730497862404.jpg", "samples/CAM_FRONT_RIGHT/n008-2018-08-31-11-37-23-0400__CAM_FRONT_RIGHT__1535730497870482.jpg", "samples/CAM_BACK_LEFT/n008-2018-08-31-11-37-23-0400__CAM_BACK_LEFT__1535730497897405.jpg", "samples/CAM_BACK/n008-2018-08-31-11-37-23-0400__CAM_BACK__1535730497887558.jpg", "samples/CAM_BACK_RIGHT/n008-2018-08-31-11-37-23-0400__CAM_BACK_RIGHT__1535730497878113.jpg"], "intrinsics": [[[1257.8625342125129, 0.0, 827.2410631095686], [0.0, 1257.8625342125129, 450.915498205774], [0.0, 0.0, 1.0]], [[1252.8131021185304, 0.0, 826.588114781398], [0.0, 1252.8131021185304, 469.9846626224581], [0.0, 0.0, 1.0]], [[1256.7485116440405, 0.0, 817.7887570959712], [0.0, 1256.7485116440403, 451.9541780095127], [0.0, 0.0, 1.0]], [[1254.9860565800168, 0.0, 829.5769333630991], [0.0, 1254.9860565800168, 467.1680561863987], [0.0, 0.0, 1.0]], [[796.8910634503094, 0.0, 857.7774326863696], [0.0, 796.8910634503094, 476.8848988407415], [0.0, 0.0, 1.0]], [[1249.9629280788233, 0.0, 825.3768045375984], [0.0, 1249.9629280788233, 462.54816385708756], [0.0, 0.0, 1.0]]], "extrinsics": [[[0.822892427444458, -0.568132758140564, -0.008565584197640419, -0.7720947265625], [0.012111837975680828, 0.03261057659983635, -0.9993947148323059, 1.4916915893554688], [0.5680682063102722, 0.8222905397415161, 0.03371612727642059, -1.173583984375], [0.0, 0.0, 0.0, 1.0]], [[0.010820685885846615, -0.9995437860488892, -0.028195274993777275, 0.008544921875], [0.014384700916707516, 0.028349608182907104, -0.9994946122169495, 1.4834671020507812], [0.9998379945755005, 0.010409670881927013, 0.014684900641441345, -1.50390625], [0.0, 0.0, 0.0, 1.0]], [[-0.8436626195907593, -0.5360554456710815, -0.02962777577340603, 0.942138671875], [0.022695809602737427, 0.01952575147151947, -0.9995516538619995, 1.4970588684082031], [0.5363937020301819, -0.8439569473266602, -0.004306936636567116, -1.1827392578125], [0.0, 0.0, 0.0, 1.0]], [[0.9478784203529358, 0.31851857900619507, 0.008513822220265865, -1.1497802734375], [-0.0025344567839056253, 0.03425594046711922, -0.9994099140167236, 1.5620651245117188], [-0.31862226128578186, 0.9472973942756653, 0.033277738839387894, -0.154052734375], [0.0, 0.0, 0.0, 1.0]], [[0.009020702913403511, 0.9995986819267273, 0.026855314150452614, -0.0283203125], [-0.00026297211297787726, 0.026858774945139885, -0.9996392130851746, 1.5680427551269531], [-0.9999592900276184, 0.009010398760437965, 0.000505151750985533, -0.01593017578125], [0.0, 0.0, 0.0, 1.0]], [[-0.9238061308860779, 0.38285553455352783, -0.0019678270909935236, 1.0456695556640625], [0.003920344170182943, 0.004319761414080858, -0.9999829530715942, 1.5482988357543945], [-0.38284048438072205, -0.923798143863678, -0.00549154682084918, -0.0909423828125], [0.0, 0.0, 0.0, 1.0]]], "view": [[0.0, -2.0, 100.0], [-2.0, 0.0, 100.0], [0.0, 0.0, 1.0]], "bev": "bev_ed798a271bb64df0a3c1b21db414fa33.png", "aux": "aux_ed798a271bb64df0a3c1b21db414fa33.npz", "visibility": "visibility_ed798a271bb64df0a3c1b21db414fa33.png", "pose": [[-0.8791788220405579, -0.4764919579029083, 0.0, 1350.01025390625], [0.4764919579029083, -0.8791788220405579, 0.0, 1306.470458984375], [0.0, 0.0, 1.0, 0.0], [0.0, 0.0, 0.0, 1.0]], "pose_inverse": [[-0.8791788220405579, 0.4764919579029083, 0.0, 564.3778076171875], [-0.4764919579029083, -0.8791788220405579, 0.0, 1791.89013671875], [0.0, 0.0, 1.0, 0.0], [0.0, 0.0, 0.0, 1.0]], "cam_ids": [0, 1, 2, 3, 4, 5], "cam_channels": ["CAM_FRONT_LEFT", "CAM_FRONT", "CAM_FRONT_RIGHT", "CAM_BACK_LEFT", "CAM_BACK", "CAM_BACK_RIGHT"], "token": "ed798a271bb64df0a3c1b21db414fa33", "scene": "scene-0562"}, {"images": ["samples/CAM_FRONT_LEFT/n008-2018-08-31-11-37-23-0400__CAM_FRONT_LEFT__1535730498404799.jpg", "samples/CAM_FRONT/n008-2018-08-31-11-37-23-0400__CAM_FRONT__1535730498412404.jpg", "samples/CAM_FRONT_RIGHT/n008-2018-08-31-11-37-23-0400__CAM_FRONT_RIGHT__1535730498420482.jpg", "samples/CAM_BACK_LEFT/n008-2018-08-31-11-37-23-0400__CAM_BACK_LEFT__1535730498447405.jpg", "samples/CAM_BACK/n008-2018-08-31-11-37-23-0400__CAM_BACK__1535730498437558.jpg", "samples/CAM_BACK_RIGHT/n008-2018-08-31-11-37-23-0400__CAM_BACK_RIGHT__1535730498428113.jpg"], "intrinsics": [[[1257.8625342125129, 0.0, 827.2410631095686], [0.0, 1257.8625342125129, 450.915498205774], [0.0, 0.0, 1.0]], [[1252.8131021185304, 0.0, 826.588114781398], [0.0, 1252.8131021185304, 469.9846626224581], [0.0, 0.0, 1.0]], [[1256.7485116440405, 0.0, 817.7887570959712], [0.0, 1256.7485116440403, 451.9541780095127], [0.0, 0.0, 1.0]], [[1254.9860565800168, 0.0, 829.5769333630991], [0.0, 1254.9860565800168, 467.1680561863987], [0.0, 0.0, 1.0]], [[796.8910634503094, 0.0, 857.7774326863696], [0.0, 796.8910634503094, 476.8848988407415], [0.0, 0.0, 1.0]], [[1249.9629280788233, 0.0, 825.3768045375984], [0.0, 1249.9629280788233, 462.54816385708756], [0.0, 0.0, 1.0]]], "extrinsics": [[[0.8222517967224121, -0.5685306787490845, -0.025978071615099907, -0.76983642578125], [-0.004735543858259916, 0.03880951926112175, -0.9992353916168213, 1.48687744140625], [0.5691041946411133, 0.8217461705207825, 0.029218895360827446, -1.1724853515625], [0.0, 0.0, 0.0, 1.0]], [[0.009806791320443153, -0.9993489980697632, -0.03472041338682175, 0.0087890625], [-0.002936389297246933, 0.0346931554377079, -0.9993937015533447, 1.4794349670410156], [0.9999475479125977, 0.009902783669531345, -0.00259424839168787, -1.50091552734375], [0.0, 0.0, 0.0, 1.0]], [[-0.8442543745040894, -0.535637378692627, -0.018085641786456108, 0.939697265625], [0.00491953082382679, 0.025998881086707115, -0.9996498227119446, 1.4939308166503906], [0.5359200835227966, -0.8440477252006531, -0.019314587116241455, -1.1806640625], [0.0, 0.0, 0.0, 1.0]], [[0.9478553533554077, 0.31863611936569214, -0.006429982837289572, -1.14697265625], [-0.02063528634607792, 0.041226085275411606, -0.9989367723464966, 1.5621109008789062], [-0.31803223490715027, 0.9469801187515259, 0.04565151408314705, -0.155029296875], [0.0, 0.0, 0.0, 1.0]], [[0.009547279216349125, 0.9993945956230164, 0.03345656022429466, -0.0283203125], [-0.018331378698349, 0.03362738713622093, -0.9992662668228149, 1.5668716430664062], [-0.9997864365577698, 0.008927042596042156, 0.018641332164406776, -0.02001953125], [0.0, 0.0, 0.0, 1.0]], [[-0.9236059784889221, 0.38295289874076843, 0.0172925665974617, 1.0420989990234375], [-0.014186635613441467, 0.010933274403214455, -0.9998396039009094, 1.5459861755371094], [-0.38308054208755493, -0.923703134059906, -0.004665223415941, -0.09228515625], [0.0, 0.0, 0.0, 1.0]]], "view": [[0.0, -2.0, 100.0], [-2.0, 0.0, 100.0], [0.0, 0.0, 1.0]], "bev": "bev_bd45ca2a645842e68844ec6badf39e3b.png", "aux": "aux_bd45ca2a645842e68844ec6badf39e3b.npz", "visibility": "visibility_bd45ca2a645842e68844ec6badf39e3b.png", "pose": [[-0.8781577348709106, -0.47837120294570923, 0.0, 1346.7054443359375], [0.47837120294570923, -0.8781577348709106, 0.0, 1308.3035888671875], [0.0, 0.0, 1.0, 0.0], [0.0, 0.0, 0.0, 1.0]], "pose_inverse": [[-0.8781577348709106, 0.47837120294570923, 0.0, 556.7650146484375], [-0.47837120294570923, -0.8781577348709106, 0.0, 1793.1219482421875], [0.0, 0.0, 1.0, 0.0], [0.0, 0.0, 0.0, 1.0]], "cam_ids": [0, 1, 2, 3, 4, 5], "cam_channels": ["CAM_FRONT_LEFT", "CAM_FRONT", "CAM_FRONT_RIGHT", "CAM_BACK_LEFT", "CAM_BACK", "CAM_BACK_RIGHT"], "token": "bd45ca2a645842e68844ec6badf39e3b", "scene": "scene-0562"}, {"images": ["samples/CAM_FRONT_LEFT/n008-2018-08-31-11-37-23-0400__CAM_FRONT_LEFT__1535730498904799.jpg", "samples/CAM_FRONT/n008-2018-08-31-11-37-23-0400__CAM_FRONT__1535730498912404.jpg", "samples/CAM_FRONT_RIGHT/n008-2018-08-31-11-37-23-0400__CAM_FRONT_RIGHT__1535730498920482.jpg", "samples/CAM_BACK_LEFT/n008-2018-08-31-11-37-23-0400__CAM_BACK_LEFT__1535730498947405.jpg", "samples/CAM_BACK/n008-2018-08-31-11-37-23-0400__CAM_BACK__1535730498937558.jpg", "samples/CAM_BACK_RIGHT/n008-2018-08-31-11-37-23-0400__CAM_BACK_RIGHT__1535730498928113.jpg"], "intrinsics": [[[1257.8625342125129, 0.0, 827.2410631095686], [0.0, 1257.8625342125129, 450.915498205774], [0.0, 0.0, 1.0]], [[1252.8131021185304, 0.0, 826.588114781398], [0.0, 1252.8131021185304, 469.9846626224581], [0.0, 0.0, 1.0]], [[1256.7485116440405, 0.0, 817.7887570959712], [0.0, 1256.7485116440403, 451.9541780095127], [0.0, 0.0, 1.0]], [[1254.9860565800168, 0.0, 829.5769333630991], [0.0, 1254.9860565800168, 467.1680561863987], [0.0, 0.0, 1.0]], [[796.8910634503094, 0.0, 857.7774326863696], [0.0, 796.8910634503094, 476.8848988407415], [0.0, 0.0, 1.0]], [[1249.9629280788233, 0.0, 825.3768045375984], [0.0, 1249.9629280788233, 462.54816385708756], [0.0, 0.0, 1.0]]], "extrinsics": [[[0.822353184223175, -0.5685201287269592, -0.02280835062265396, -0.76397705078125], [-0.00053087726701051, 0.03931987285614014, -0.9992265701293945, 1.48797607421875], [0.5689772963523865, 0.8217291831970215, 0.032033003866672516, -1.171630859375], [0.0, 0.0, 0.0, 1.0]], [[0.009942498989403248, -0.9993240833282471, -0.03539038076996803, 0.01123046875], [0.0016819032607600093, 0.03540879487991333, -0.9993715286254883, 1.4804458618164062], [0.9999492168426514, 0.009876774623990059, 0.002032817807048559, -1.49554443359375], [0.0, 0.0, 0.0, 1.0]], [[-0.8441795110702515, -0.5355731248855591, -0.02285628393292427, 0.935546875], [0.009977295994758606, 0.02693231590092182, -0.9995874762535095, 1.4948501586914062], [0.5359677076339722, -0.8440593481063843, -0.01739213801920414, -1.1761474609375], [0.0, 0.0, 0.0, 1.0]], [[0.947891891002655, 0.3185921609401703, -0.00014058584929443896, -1.14111328125], [-0.01452732551842928, 0.04278162866830826, -0.998978853225708, 1.5620040893554688], [-0.3182608485221863, 0.9469259977340698, 0.04518064856529236, -0.156982421875], [0.0, 0.0, 0.0, 1.0]], [[0.009451230987906456, 0.999345064163208, 0.0349314920604229, -0.0291748046875], [-0.012754133902490139, 0.035050682723522186, -0.9993041157722473, 1.5671310424804688], [-0.9998740553855896, 0.008999126963317394, 0.013077053241431713, -0.02587890625], [0.0, 0.0, 0.0, 1.0]], [[-0.9236561059951782, 0.38300973176956177, 0.01276511698961258, 1.0363006591796875], [-0.008805951103568077, 0.012088516727089882, -0.9998881220817566, 1.546609878540039], [-0.3831212818622589, -0.9236651659011841, -0.007792866323143244, -0.0931396484375], [0.0, 0.0, 0.0, 1.0]]], "view": [[0.0, -2.0, 100.0], [-2.0, 0.0, 100.0], [0.0, 0.0, 1.0]], "bev": "bev_2f78ff9e41214edb9ad7152f20748bc0.png", "aux": "aux_2f78ff9e41214edb9ad7152f20748bc0.npz", "visibility": "visibility_2f78ff9e41214edb9ad7152f20748bc0.png", "pose": [[-0.8767150640487671, -0.4810100793838501, 0.0, 1343.7076416015625], [0.4810100793838501, -0.8767150640487671, 0.0, 1309.994873046875], [0.0, 0.0, 1.0, 0.0], [0.0, 0.0, 0.0, 1.0]], "pose_inverse": [[-0.8767150640487671, 0.4810100793838501, 0.0, 547.927978515625], [-0.4810100793838501, -0.8767150640487671, 0.0, 1794.8292236328125], [0.0, 0.0, 1.0, 0.0], [0.0, 0.0, 0.0, 1.0]], "cam_ids": [0, 1, 2, 3, 4, 5], "cam_channels": ["CAM_FRONT_LEFT", "CAM_FRONT", "CAM_FRONT_RIGHT", "CAM_BACK_LEFT", "CAM_BACK", "CAM_BACK_RIGHT"], "token": "2f78ff9e41214edb9ad7152f20748bc0", "scene": "scene-0562"}, {"images": ["samples/CAM_FRONT_LEFT/n008-2018-08-31-11-37-23-0400__CAM_FRONT_LEFT__1535730499404799.jpg", "samples/CAM_FRONT/n008-2018-08-31-11-37-23-0400__CAM_FRONT__1535730499412404.jpg", "samples/CAM_FRONT_RIGHT/n008-2018-08-31-11-37-23-0400__CAM_FRONT_RIGHT__1535730499420482.jpg", "samples/CAM_BACK_LEFT/n008-2018-08-31-11-37-23-0400__CAM_BACK_LEFT__1535730499447405.jpg", "samples/CAM_BACK/n008-2018-08-31-11-37-23-0400__CAM_BACK__1535730499437558.jpg", "samples/CAM_BACK_RIGHT/n008-2018-08-31-11-37-23-0400__CAM_BACK_RIGHT__1535730499428113.jpg"], "intrinsics": [[[1257.8625342125129, 0.0, 827.2410631095686], [0.0, 1257.8625342125129, 450.915498205774], [0.0, 0.0, 1.0]], [[1252.8131021185304, 0.0, 826.588114781398], [0.0, 1252.8131021185304, 469.9846626224581], [0.0, 0.0, 1.0]], [[1256.7485116440405, 0.0, 817.7887570959712], [0.0, 1256.7485116440403, 451.9541780095127], [0.0, 0.0, 1.0]], [[1254.9860565800168, 0.0, 829.5769333630991], [0.0, 1254.9860565800168, 467.1680561863987], [0.0, 0.0, 1.0]], [[796.8910634503094, 0.0, 857.7774326863696], [0.0, 796.8910634503094, 476.8848988407415], [0.0, 0.0, 1.0]], [[1249.9629280788233, 0.0, 825.3768045375984], [0.0, 1249.9629280788233, 462.54816385708756], [0.0, 0.0, 1.0]]], "extrinsics": [[[0.8220105171203613, -0.5689522624015808, -0.02433082088828087, -0.7552490234375], [0.0014631722588092089, 0.0448351688683033, -0.9989932775497437, 1.4886627197265625], [0.5694703459739685, 0.8211474418640137, 0.03768745809793472, -1.1622314453125], [0.0, 0.0, 0.0, 1.0]], [[0.009446168318390846, -0.9991213083267212, -0.04083331301808357, 0.009033203125], [0.0033377378713339567, 0.040866412222385406, -0.999159038066864, 1.4809341430664062], [0.9999497532844543, 0.009301903657615185, 0.0037208350840955973, -1.4844970703125], [0.0, 0.0, 0.0, 1.0]], [[-0.8443841338157654, -0.5350657105445862, -0.02683194726705551, 0.92724609375], [0.011273595504462719, 0.03232681751251221, -0.9994137287139893, 1.4952316284179688], [0.5356194376945496, -0.8441917300224304, -0.02126414142549038, -1.1727294921875], [0.0, 0.0, 0.0, 1.0]], [[0.9479290246963501, 0.31847718358039856, 0.001699922839179635, -1.13671875], [-0.014323745854198933, 0.04796476289629936, -0.9987462759017944, 1.5619277954101562], [-0.3181595206260681, 0.9467162489891052, 0.050028976052999496, -0.1585693359375], [0.0, 0.0, 0.0, 1.0]], [[0.009649580344557762, 0.999146580696106, 0.040162913501262665, -0.028564453125], [-0.012125654146075249, 0.04027874395251274, -0.9991148710250854, 1.5671310424804688], [-0.9998799562454224, 0.009153934195637703, 0.012503977864980698, -0.03143310546875], [0.0, 0.0, 0.0, 1.0]], [[-0.9235382080078125, 0.38325321674346924, 0.01392912957817316, 1.0297698974609375], [-0.007854343391954899, 0.017410948872566223, -0.9998175501823425, 1.5466880798339844], [-0.383425772190094, -0.9234791994094849, -0.013069475069642067, -0.09716796875], [0.0, 0.0, 0.0, 1.0]]], "view": [[0.0, -2.0, 100.0], [-2.0, 0.0, 100.0], [0.0, 0.0, 1.0]], "bev": "bev_b6fd3363ce6946d9ac46893e8a217a19.png", "aux": "aux_b6fd3363ce6946d9ac46893e8a217a19.npz", "visibility": "visibility_b6fd3363ce6946d9ac46893e8a217a19.png", "pose": [[-0.8784836530685425, -0.47777238488197327, 0.0, 1340.6964111328125], [0.47777238488197327, -0.8784836530685425, 0.0, 1311.6781005859375], [0.0, 0.0, 1.0, 0.0], [0.0, 0.0, 0.0, 1.0]], "pose_inverse": [[-0.8784836530685425, 0.47777238488197327, 0.0, 551.0963134765625], [-0.47777238488197327, -0.8784836530685425, 0.0, 1792.83544921875], [0.0, 0.0, 1.0, 0.0], [0.0, 0.0, 0.0, 1.0]], "cam_ids": [0, 1, 2, 3, 4, 5], "cam_channels": ["CAM_FRONT_LEFT", "CAM_FRONT", "CAM_FRONT_RIGHT", "CAM_BACK_LEFT", "CAM_BACK", "CAM_BACK_RIGHT"], "token": "b6fd3363ce6946d9ac46893e8a217a19", "scene": "scene-0562"}, {"images": ["samples/CAM_FRONT_LEFT/n008-2018-08-31-11-37-23-0400__CAM_FRONT_LEFT__1535730499904799.jpg", "samples/CAM_FRONT/n008-2018-08-31-11-37-23-0400__CAM_FRONT__1535730499912404.jpg", "samples/CAM_FRONT_RIGHT/n008-2018-08-31-11-37-23-0400__CAM_FRONT_RIGHT__1535730499920482.jpg", "samples/CAM_BACK_LEFT/n008-2018-08-31-11-37-23-0400__CAM_BACK_LEFT__1535730499947405.jpg", "samples/CAM_BACK/n008-2018-08-31-11-37-23-0400__CAM_BACK__1535730499937571.jpg", "samples/CAM_BACK_RIGHT/n008-2018-08-31-11-37-23-0400__CAM_BACK_RIGHT__1535730499928113.jpg"], "intrinsics": [[[1257.8625342125129, 0.0, 827.2410631095686], [0.0, 1257.8625342125129, 450.915498205774], [0.0, 0.0, 1.0]], [[1252.8131021185304, 0.0, 826.588114781398], [0.0, 1252.8131021185304, 469.9846626224581], [0.0, 0.0, 1.0]], [[1256.7485116440405, 0.0, 817.7887570959712], [0.0, 1256.7485116440403, 451.9541780095127], [0.0, 0.0, 1.0]], [[1254.9860565800168, 0.0, 829.5769333630991], [0.0, 1254.9860565800168, 467.1680561863987], [0.0, 0.0, 1.0]], [[796.8910634503094, 0.0, 857.7774326863696], [0.0, 796.8910634503094, 476.8848988407415], [0.0, 0.0, 1.0]], [[1249.9629280788233, 0.0, 825.3768045375984], [0.0, 1249.9629280788233, 462.54816385708756], [0.0, 0.0, 1.0]]], "extrinsics": [[[0.8225657343864441, -0.5679516792297363, -0.028575388714671135, -0.7386474609375], [8.534536755178124e-05, 0.05037279799580574, -0.998730480670929, 1.4881134033203125], [0.5686699748039246, 0.8215190768241882, 0.04148340970277786, -1.1544189453125], [0.0, 0.0, 0.0, 1.0]], [[0.010211415588855743, -0.9988834261894226, -0.04612617939710617, 0.0113525390625], [0.0018222591606900096, 0.04614710062742233, -0.998932957649231, 1.4804916381835938], [0.9999462366104126, 0.01011650264263153, 0.0022914526052773, -1.4693603515625], [0.0, 0.0, 0.0, 1.0]], [[-0.8440898060798645, -0.5354636311531067, -0.02812713012099266, 0.9173583984375], [0.009611627086997032, 0.03733799606561661, -0.9992564916610718, 1.494964599609375], [0.5361157059669495, -0.8437325954437256, -0.02636994794011116, -1.16455078125], [0.0, 0.0, 0.0, 1.0]], [[0.9478938579559326, 0.3185853064060211, 0.0007730344659648836, -1.1343994140625], [-0.016694115474820137, 0.052093200385570526, -0.9985026717185974, 1.5618438720703125], [-0.31814855337142944, 0.9464616775512695, 0.054697323590517044, -0.1597900390625], [0.0, 0.0, 0.0, 1.0]], [[0.009468315169215202, 0.9989625811576843, 0.044544611126184464, -0.029052734375], [-0.014239045791327953, 0.044676780700683594, -0.9988999366760254, 1.56683349609375], [-0.999853789806366, 0.00882364