[{"images": ["samples/CAM_FRONT_LEFT/n015-2018-10-08-15-52-24+0800__CAM_FRONT_LEFT__1538985190254844.jpg", "samples/CAM_FRONT/n015-2018-10-08-15-52-24+0800__CAM_FRONT__1538985190262460.jpg", "samples/CAM_FRONT_RIGHT/n015-2018-10-08-15-52-24+0800__CAM_FRONT_RIGHT__1538985190270339.jpg", "samples/CAM_BACK_LEFT/n015-2018-10-08-15-52-24+0800__CAM_BACK_LEFT__1538985190297423.jpg", "samples/CAM_BACK/n015-2018-10-08-15-52-24+0800__CAM_BACK__1538985190287525.jpg", "samples/CAM_BACK_RIGHT/n015-2018-10-08-15-52-24+0800__CAM_BACK_RIGHT__1538985190277893.jpg"], "intrinsics": [[[1272.5979470598488, 0.0, 826.6154927353808], [0.0, 1272.5979470598488, 479.75165386361925], [0.0, 0.0, 1.0]], [[1266.417203046554, 0.0, 816.2670197447984], [0.0, 1266.417203046554, 491.50706579294757], [0.0, 0.0, 1.0]], [[1260.8474446004698, 0.0, 807.968244525554], [0.0, 1260.8474446004698, 495.3344268742088], [0.0, 0.0, 1.0]], [[1256.7414812095406, 0.0, 792.1125740759628], [0.0, 1256.7414812095406, 492.7757465151356], [0.0, 0.0, 1.0]], [[809.2209905677063, 0.0, 829.2196003259838], [0.0, 809.2209905677063, 481.77842384512485], [0.0, 0.0, 1.0]], [[1259.5137405846733, 0.0, 807.2529053838625], [0.0, 1259.5137405846733, 501.19579884916527], [0.0, 0.0, 1.0]]], "extrinsics": [[[0.8192680478096008, -0.5715333819389343, -0.04636215418577194, -0.9432373046875], [-0.05326477438211441, 0.004650140181183815, -0.9985696077346802, 1.5068511962890625], [0.5709313750267029, 0.8205656409263611, -0.02663288451731205, -1.2655029296875], [0.0, 0.0, 0.0, 1.0]], [[0.0052638608030974865, -0.9999858140945435, -0.0007490241550840437, 0.00543212890625], [-0.05858827382326126, 0.00043934330460615456, -0.9982821941375732, 1.519256591796875], [0.9982683062553406, 0.005298703908920288, -0.05858512967824936, -1.67041015625], [0.0, 0.0, 0.0, 1.0]], [[-0.8325225710868835, -0.552915632724762, 0.034505072981119156, 1.0184326171875], [-0.05299707502126694, 0.01748904027044773, -0.9984414577484131, 1.50274658203125], [0.5514503717422485, -0.8330536484718323, -0.043862927705049515, -1.2392196655273438], [0.0, 0.0, 0.0, 1.0]], [[0.9468480944633484, 0.3183125853538513, -0.046431880444288254, -1.1422119140625], [-0.044461045414209366, -0.01345816720277071, -0.9989204406738281, 1.5885467529296875], [-0.3185938000679016, 0.9478902816772461, 0.001409670221619308, -0.10382080078125], [0.0, 0.0, 0.0, 1.0]], [[0.002843277296051383, 0.9999901056289673, -0.0034184530377388, 0.00274658203125], [-0.06979253888130188, -0.003211692441254854, -0.9975563883781433, 1.5789260864257812], [-0.997557520866394, 0.0030748876743018627, 0.06978271901607513, -0.00439453125], [0.0, 0.0, 0.0, 1.0]], [[-0.9338314533233643, 0.3555690050125122, 0.03910818323493004, 1.1246337890625], [-0.03716067969799042, 0.012308154255151749, -0.9992335438728333, 1.5509910583496094], [-0.3557778298854828, -0.9345690011978149, 0.001719441032037139, -0.0677490234375], [0.0, 0.0, 0.0, 1.0]]], "view": [[0.0, -2.0, 100.0], [-2.0, 0.0, 100.0], [0.0, 0.0, 1.0]], "bev": "bev_095fc227a0b548409f53c1d1e215778e.png", "aux": "aux_095fc227a0b548409f53c1d1e215778e.npz", "visibility": "visibility_095fc227a0b548409f53c1d1e215778e.png", "pose": [[-0.7441498637199402, 0.6680127382278442, 0.0, 580.0419921875], [-0.6680127382278442, -0.7441498637199402, 0.0, 1771.0609130859375], [0.0, 0.0, 1.0, 0.0], [0.0, 0.0, 0.0, 1.0]], "pose_inverse": [[-0.7441498637199402, -0.6680127382278442, 0.0, 1614.7293701171875], [0.6680127382278442, -0.7441498637199402, 0.0, 930.4592895507812], [0.0, 0.0, 1.0, 0.0], [0.0, 0.0, 0.0, 1.0]], "cam_ids": [0, 1, 2, 3, 4, 5], "cam_channels": ["CAM_FRONT_LEFT", "CAM_FRONT", "CAM_FRONT_RIGHT", "CAM_BACK_LEFT", "CAM_BACK", "CAM_BACK_RIGHT"], "token": "095fc227a0b548409f53c1d1e215778e", "scene": "scene-0422"}, {"images": ["samples/CAM_FRONT_LEFT/n015-2018-10-08-15-52-24+0800__CAM_FRONT_LEFT__1538985190754844.jpg", "samples/CAM_FRONT/n015-2018-10-08-15-52-24+0800__CAM_FRONT__1538985190762460.jpg", "samples/CAM_FRONT_RIGHT/n015-2018-10-08-15-52-24+0800__CAM_FRONT_RIGHT__1538985190770339.jpg", "samples/CAM_BACK_LEFT/n015-2018-10-08-15-52-24+0800__CAM_BACK_LEFT__1538985190797423.jpg", "samples/CAM_BACK/n015-2018-10-08-15-52-24+0800__CAM_BACK__1538985190787525.jpg", "samples/CAM_BACK_RIGHT/n015-2018-10-08-15-52-24+0800__CAM_BACK_RIGHT__1538985190777893.jpg"], "intrinsics": [[[1272.5979470598488, 0.0, 826.6154927353808], [0.0, 1272.5979470598488, 479.75165386361925], [0.0, 0.0, 1.0]], [[1266.417203046554, 0.0, 816.2670197447984], [0.0, 1266.417203046554, 491.50706579294757], [0.0, 0.0, 1.0]], [[1260.8474446004698, 0.0, 807.968244525554], [0.0, 1260.8474446004698, 495.3344268742088], [0.0, 0.0, 1.0]], [[1256.7414812095406, 0.0, 792.1125740759628], [0.0, 1256.7414812095406, 492.7757465151356], [0.0, 0.0, 1.0]], [[809.2209905677063, 0.0, 829.2196003259838], [0.0, 809.2209905677063, 481.77842384512485], [0.0, 0.0, 1.0]], [[1259.5137405846733, 0.0, 807.2529053838625], [0.0, 1259.5137405846733, 501.19579884916527], [0.0, 0.0, 1.0]]], "extrinsics": [[[0.8188456892967224, -0.5721296668052673, -0.04646923765540123, -0.91864013671875], [-0.05522438883781433, 0.0020589218474924564, -0.9984717965126038, 1.5051422119140625], [0.5713509917259216, 0.8201606273651123, -0.029909569770097733, -1.2486572265625], [0.0, 0.0, 0.0, 1.0]], [[0.0047783018089830875, -0.9999872446060181, 0.0016288893530145288, 0.00579833984375], [-0.06053899601101875, -0.0019151974702253938, -0.9981640577316284, 1.5177459716796875], [0.9981544613838196, 0.004670918919146061, -0.060547370463609695, -1.6463623046875], [0.0, 0.0, 0.0, 1.0]], [[-0.8326653242111206, -0.5525200366973877, 0.03728381171822548, 1.002685546875], [-0.05491427332162857, 0.015387819148600101, -0.998372495174408, 1.5016860961914062], [0.5510470867156982, -0.833357572555542, -0.043154142796993256, -1.2287368774414062], [0.0, 0.0, 0.0, 1.0]], [[0.9467633962631226, 0.31824663281440735, -0.048560842871665955, -1.142333984375], [-0.04626787453889847, -0.014764673076570034, -0.9988199472427368, 1.5885543823242188], [-0.3185880184173584, 0.9478930234909058, 0.0007459393818862736, -0.1036376953125], [0.0, 0.0, 0.0, 1.0]], [[0.0029841847717761993, 0.9999829530715942, -0.0050298189744353294, 0.002685546875], [-0.07164879143238068, -0.004803101997822523, -0.9974184036254883, 1.57843017578125], [-0.9974254965782166, 0.0033368305303156376, 0.0716332271695137, -0.0111083984375], [0.0, 0.0, 0.0, 1.0]], [[-0.9336553812026978, 0.3559079170227051, 0.04021424427628517, 1.112060546875], [-0.03906290978193283, 0.010424227453768253, -0.999182403087616, 1.550445556640625], [-0.35603609681129456, -0.9344629049301147, 0.004170158412307501, -0.07275390625], [0.0, 0.0, 0.0, 1.0]]], "view": [[0.0, -2.0, 100.0], [-2.0, 0.0, 100.0], [0.0, 0.0, 1.0]], "bev": "bev_4b26efdfead9468985346eba2c6f7c28.png", "aux": "aux_4b26efdfead9468985346eba2c6f7c28.npz", "visibility": "visibility_4b26efdfead9468985346eba2c6f7c28.png", "pose": [[-0.742897629737854, 0.6694050431251526, 0.0, 579.6983032226562], [-0.6694050431251526, -0.742897629737854, 0.0, 1770.7574462890625], [0.0, 0.0, 1.0, 0.0], [0.0, 0.0, 0.0, 1.0]], "pose_inverse": [[-0.742897629737854, -0.6694050431251526, 0.0, 1616.0103759765625], [0.6694050431251526, -0.742897629737854, 0.0, 927.4385986328125], [0.0, 0.0, 1.0, 0.0], [0.0, 0.0, 0.0, 1.0]], "cam_ids": [0, 1, 2, 3, 4, 5], "cam_channels": ["CAM_FRONT_LEFT", "CAM_FRONT", "CAM_FRONT_RIGHT", "CAM_BACK_LEFT", "CAM_BACK", "CAM_BACK_RIGHT"], "token": "4b26efdfead9468985346eba2c6f7c28", "scene": "scene-0422"}, {"images": ["samples/CAM_FRONT_LEFT/n015-2018-10-08-15-52-24+0800__CAM_FRONT_LEFT__1538985191254844.jpg", "samples/CAM_FRONT/n015-2018-10-08-15-52-24+0800__CAM_FRONT__1538985191262460.jpg", "samples/CAM_FRONT_RIGHT/n015-2018-10-08-15-52-24+0800__CAM_FRONT_RIGHT__1538985191270340.jpg", "samples/CAM_BACK_LEFT/n015-2018-10-08-15-52-24+0800__CAM_BACK_LEFT__1538985191297423.jpg", "samples/CAM_BACK/n015-2018-10-08-15-52-24+0800__CAM_BACK__1538985191287525.jpg", "samples/CAM_BACK_RIGHT/n015-2018-10-08-15-52-24+0800__CAM_BACK_RIGHT__1538985191277893.jpg"], "intrinsics": [[[1272.5979470598488, 0.0, 826.6154927353808], [0.0, 1272.5979470598488, 479.75165386361925], [0.0, 0.0, 1.0]], [[1266.417203046554, 0.0, 816.2670197447984], [0.0, 1266.417203046554, 491.50706579294757], [0.0, 0.0, 1.0]], [[1260.8474446004698, 0.0, 807.968244525554], [0.0, 1260.8474446004698, 495.3344268742088], [0.0, 0.0, 1.0]], [[1256.7414812095406, 0.0, 792.1125740759628], [0.0, 1256.7414812095406, 492.7757465151356], [0.0, 0.0, 1.0]], [[809.2209905677063, 0.0, 829.2196003259838], [0.0, 809.2209905677063, 481.77842384512485], [0.0, 0.0, 1.0]], [[1259.5137405846733, 0.0, 807.2529053838625], [0.0, 1259.5137405846733, 501.19579884916527], [0.0, 0.0, 1.0]]], "extrinsics": [[[0.8188767433166504, -0.5725122690200806, -0.04087255150079727, -0.90228271484375], [-0.05330413207411766, -0.004952866118401289, -0.9985660314559937, 1.5041961669921875], [0.5714887976646423, 0.8198812007904053, -0.034573059529066086, -1.2373046875], [0.0, 0.0, 0.0, 1.0]], [[0.004772599320858717, -0.99994957447052, 0.008829575963318348, 0.005859375], [-0.05871075764298439, -0.009094641543924809, -0.9982336759567261, 1.5168609619140625], [0.9982635378837585, 0.00424591451883316, -0.05875120311975479, -1.6298828125], [0.0, 0.0, 0.0, 1.0]], [[-0.8326965570449829, -0.5522883534431458, 0.039924196898937225, 0.9920654296875], [-0.05320168286561966, 0.008029308170080185, -0.9985514283180237, 1.5010604858398438], [0.5511677861213684, -0.8336144685745239, -0.03606864809989929, -1.2216873168945312], [0.0, 0.0, 0.0, 1.0]], [[0.9467759132385254, 0.3180021047592163, -0.04989882558584213, -1.1417236328125], [-0.04500820115208626, -0.022712701931595802, -0.9987283945083618, 1.588531494140625], [-0.3187310993671417, 0.9478179216384888, -0.007191136945039034, -0.103851318359375], [0.0, 0.0, 0.0, 1.0]], [[0.002841025125235319, 0.9999147653579712, -0.012742363847792149, 0.0028076171875], [-0.0702194944024086, -0.01251147873699665, -0.9974530935287476, 1.578094482421875], [-0.9975274801254272, 0.0037285888101905584, 0.07017797231674194, -0.016357421875], [0.0, 0.0, 0.0, 1.0]], [[-0.9337567687034607, 0.35608863830566406, 0.036043815314769745, 1.103271484375], [-0.037462472915649414, 0.002913663163781166, -0.9992938041687012, 1.5501213073730469], [-0.35594213008880615, -0.9344476461410522, 0.01061930600553751, -0.075927734375], [0.0, 0.0, 0.0, 1.0]]], "view": [[0.0, -2.0, 100.0], [-2.0, 0.0, 100.0], [0.0, 0.0, 1.0]], "bev": "bev_550c1f05a0044476b10ca4d82047cb88.png", "aux": "aux_550c1f05a0044476b10ca4d82047cb88.npz", "visibility": "visibility_550c1f05a0044476b10ca4d82047cb88.png", "pose": [[-0.7395032644271851, 0.6731529235839844, 0.0, 579.119140625], [-0.6731529235839844, -0.7395032644271851, 0.0, 1770.2421875], [0.0, 0.0, 1.0, 0.0], [0.0, 0.0, 0.0, 1.0]], "pose_inverse": [[-0.7395032644271851, -0.6731529235839844, 0.0, 1619.904296875], [0.6731529235839844, -0.7395032644271851, 0.0, 919.26416015625], [0.0, 0.0, 1.0, 0.0], [0.0, 0.0, 0.0, 1.0]], "cam_ids": [0, 1, 2, 3, 4, 5], "cam_channels": ["CAM_FRONT_LEFT", "CAM_FRONT", "CAM_FRONT_RIGHT", "CAM_BACK_LEFT", "CAM_BACK", "CAM_BACK_RIGHT"], "token": "550c1f05a0044476b10ca4d82047cb88", "scene": "scene-0422"}, {"images": ["samples/CAM_FRONT_LEFT/n015-2018-10-08-15-52-24+0800__CAM_FRONT_LEFT__1538985191754844.jpg", "samples/CAM_FRONT/n015-2018-10-08-15-52-24+0800__CAM_FRONT__1538985191762460.jpg", "samples/CAM_FRONT_RIGHT/n015-2018-10-08-15-52-24+0800__CAM_FRONT_RIGHT__1538985191770339.jpg", "samples/CAM_BACK_LEFT/n015-2018-10-08-15-52-24+0800__CAM_BACK_LEFT__1538985191797423.jpg", "samples/CAM_BACK/n015-2018-10-08-15-52-24+0800__CAM_BACK__1538985191787525.jpg", "samples/CAM_BACK_RIGHT/n015-2018-10-08-15-52-24+0800__CAM_BACK_RIGHT__1538985191777893.jpg"], "intrinsics": [[[1272.5979470598488, 0.0, 826.6154927353808], [0.0, 1272.5979470598488, 479.75165386361925], [0.0, 0.0, 1.0]], [[1266.417203046554, 0.0, 816.2670197447984], [0.0, 1266.417203046554, 491.50706579294757], [0.0, 0.0, 1.0]], [[1260.8474446004698, 0.0, 807.968244525554], [0.0, 1260.8474446004698, 495.3344268742088], [0.0, 0.0, 1.0]], [[1256.7414812095406, 0.0, 792.1125740759628], [0.0, 1256.7414812095406, 492.7757465151356], [0.0, 0.0, 1.0]], [[809.2209905677063, 0.0, 829.2196003259838], [0.0, 809.2209905677063, 481.77842384512485], [0.0, 0.0, 1.0]], [[1259.5137405846733, 0.0, 807.2529053838625], [0.0, 1259.5137405846733, 501.19579884916527], [0.0, 0.0, 1.0]]], "extrinsics": [[[0.8197068572044373, -0.5713180899620056, -0.04094257578253746, -0.88616943359375], [-0.04659699276089668, 0.004729008302092552, -0.9989025592803955, 1.5037689208984375], [0.5708847045898438, 0.820715069770813, -0.022745303809642792, -1.225341796875], [0.0, 0.0, 0.0, 1.0]], [[0.005516114179044962, -0.9999842643737793, -0.0009974718559533358, 0.0054931640625], [-0.05061940848827362, 0.0007169831660576165, -0.9987177848815918, 1.5165328979492188], [0.9987027049064636, 0.005559511948376894, -0.05061466246843338, -1.61328125], [0.0, 0.0, 0.0, 1.0]], [[-0.832671046257019, -0.5531344413757324, 0.026482442393898964, 0.9818115234375], [-0.04370436444878578, 0.017967598512768745, -0.9988828897476196, 1.5009803771972656], [0.5520406365394592, -0.8328981995582581, -0.039135485887527466, -1.2149505615234375], [0.0, 0.0, 0.0, 1.0]], [[0.9472713470458984, 0.3186476528644562, -0.03377184271812439, -1.142822265625], [-0.03138754889369011, -0.012615768238902092, -0.9994276762008667, 1.5885810852050781], [-0.3188912868499756, 0.9477892518043518, -0.0019489879487082362, -0.103424072265625], [0.0, 0.0, 0.0, 1.0]], [[0.002608301816508174, 0.9999932050704956, -0.002595334080979228, 0.0028076171875], [-0.05801955610513687, -0.0024396406952291727, -0.9983124732971191, 1.5781021118164062], [-0.9983119964599609, 0.0027544572949409485, 0.05801279842853546, -0.019775390625], [0.0, 0.0, 0.0, 1.0]], [[-0.934278666973114, 0.3553134500980377, 0.029592469334602356, 1.095458984375], [-0.026732811704277992, 0.012956197373569012, -0.9995586276054382, 1.550283432006836], [-0.355540007352829, -0.9346573948860168, -0.0026061723474413157, -0.0792236328125], [0.0, 0.0, 0.0, 1.0]]], "view": [[0.0, -2.0, 100.0], [-2.0, 0.0, 100.0], [0.0, 0.0, 1.0]], "bev": "bev_68a26b7085314d61aba83d439ef77d9e.png", "aux": "aux_68a26b7085314d61aba83d439ef77d9e.npz", "visibility": "visibility_68a26b7085314d61aba83d439ef77d9e.png", "pose": [[-0.7379703521728516, 0.6748331189155579, 0.0, 578.3724975585938], [-0.6748331189155579, -0.7379703521728516, 0.0, 1769.5694580078125], [0.0, 0.0, 1.0, 0.0], [0.0, 0.0, 0.0, 1.0]], "pose_inverse": [[-0.7379703521728516, -0.6748331189155579, 0.0, 1620.98583984375], [0.6748331189155579, -0.7379703521728516, 0.0, 915.5848999023438], [0.0, 0.0, 1.0, 0.0], [0.0, 0.0, 0.0, 1.0]], "cam_ids": [0, 1, 2, 3, 4, 5], "cam_channels": ["CAM_FRONT_LEFT", "CAM_FRONT", "CAM_FRONT_RIGHT", "CAM_BACK_LEFT", "CAM_BACK", "CAM_BACK_RIGHT"], "token": "68a26b7085314d61aba83d439ef77d9e", "scene": "scene-0422"}, {"images": ["samples/CAM_FRONT_LEFT/n015-2018-10-08-15-52-24+0800__CAM_FRONT_LEFT__1538985192254844.jpg", "samples/CAM_FRONT/n015-2018-10-08-15-52-24+0800__CAM_FRONT__1538985192262460.jpg", "samples/CAM_FRONT_RIGHT/n015-2018-10-08-15-52-24+0800__CAM_FRONT_RIGHT__1538985192270339.jpg", "samples/CAM_BACK_LEFT/n015-2018-10-08-15-52-24+0800__CAM_BACK_LEFT__1538985192297423.jpg", "samples/CAM_BACK/n015-2018-10-08-15-52-24+0800__CAM_BACK__1538985192287525.jpg", "samples/CAM_BACK_RIGHT/n015-2018-10-08-15-52-24+0800__CAM_BACK_RIGHT__1538985192277893.jpg"], "intrinsics": [[[1272.5979470598488, 0.0, 826.6154927353808], [0.0, 1272.5979470598488, 479.75165386361925], [0.0, 0.0, 1.0]], [[1266.417203046554, 0.0, 816.2670197447984], [0.0, 1266.417203046554, 491.50706579294757], [0.0, 0.0, 1.0]], [[1260.8474446004698, 0.0, 807.968244525554], [0.0, 1260.8474446004698, 495.3344268742088], [0.0, 0.0, 1.0]], [[1256.7414812095406, 0.0, 792.1125740759628], [0.0, 1256.7414812095406, 492.7757465151356], [0.0, 0.0, 1.0]], [[809.2209905677063, 0.0, 829.2196003259838], [0.0, 809.2209905677063, 481.77842384512485], [0.0, 0.0, 1.0]], [[1259.5137405846733, 0.0, 807.2529053838625], [0.0, 1259.5137405846733, 501.19579884916527], [0.0, 0.0, 1.0]]], "extrinsics": [[[0.8196964263916016, -0.5712988972663879, -0.041417647153139114, -0.863037109375], [-0.05293088033795357, -0.003549667075276375, -0.9985918402671814, 1.5016708374023438], [0.5703473687171936, 0.820734441280365, -0.033149003982543945, -1.2095947265625], [0.0, 0.0, 0.0, 1.0]], [[0.005901471246033907, -0.9999558925628662, 0.007305299397557974, 0.00604248046875], [-0.05807966738939285, -0.00763584952801466, -0.998282790184021, 1.5146408081054688], [0.9982945919036865, 0.005467041861265898, -0.05812215805053711, -1.5909423828125], [0.0, 0.0, 0.0, 1.0]], [[-0.8322474360466003, -0.5530803203582764, 0.038294095546007156, 0.9671630859375], [-0.052314382046461105, 0.009580183774232864, -0.9985846877098083, 1.499542236328125], [0.5519306063652039, -0.83307284116745, -0.0369071327149868, -1.2053909301757812], [0.0, 0.0, 0.0, 1.0]], [[0.9468156695365906, 0.3182344138622284, -0.04761279746890068, -1.142822265625], [-0.04328715056180954, -0.020654749125242233, -0.998849093914032, 1.5885848999023438], [-0.3188515603542328, 0.9477870464324951, -0.005780779290944338, -0.103302001953125], [0.0, 0.0, 0.0, 1.0]], [[0.002504767617210746, 0.9999376535415649, -0.01088830828666687, 0.00286865234375], [-0.0687841847538948, -0.010690274648368359, -0.9975743293762207, 1.5774307250976562], [-0.997628390789032, 0.003247609129175544, 0.06875311583280563, -0.026123046875], [0.0, 0.0, 0.0, 1.0]], [[-0.934022068977356, 0.35543861985206604, 0.03558238968253136, 1.083984375], [-0.03632640838623047, 0.004582677502185106, -0.9993295073509216, 1.549407958984375], [-0.3553633391857147, -0.9346885085105896, 0.00863148644566536, -0.0831298828125], [0.0, 0.0, 0.0, 1.0]]], "view": [[0.0, -2.0, 100.0], [-2.0, 0.0, 100.0], [0.0, 0.0, 1.0]], "bev": "bev_293b95c895c647768c80f29a6bd98fb5.png", "aux": "aux_293b95c895c647768c80f29a6bd98fb5.npz", "visibility": "visibility_293b95c895c647768c80f29a6bd98fb5.png", "pose": [[-0.7396036386489868, 0.6730427145957947, 0.0, 577.4108276367188], [-0.6730427145957947, -0.7396036386489868, 0.0, 1768.6978759765625], [0.0, 0.0, 1.0, 0.0], [0.0, 0.0, 0.0, 1.0]], "pose_inverse": [[-0.7396036386489868, -0.6730427145957947, 0.0, 1617.46435546875], [0.6730427145957947, -0.7396036386489868, 0.0, 919.51318359375], [0.0, 0.0, 1.0, 0.0], [0.0, 0.0, 0.0, 1.0]], "cam_ids": [0, 1, 2, 3, 4, 5], "cam_channels": ["CAM_FRONT_LEFT", "CAM_FRONT", "CAM_FRONT_RIGHT", "CAM_BACK_LEFT", "CAM_BACK", "CAM_BACK_RIGHT"], "token": "293b95c895c647768c80f29a6bd98fb5", "scene": "scene-0422"}, {"images": ["samples/CAM_FRONT_LEFT/n015-2018-10-08-15-52-24+0800__CAM_FRONT_LEFT__1538985192754844.jpg", "samples/CAM_FRONT/n015-2018-10-08-15-52-24+0800__CAM_FRONT__1538985192762460.jpg", "samples/CAM_FRONT_RIGHT/n015-2018-10-08-15-52-24+0800__CAM_FRONT_RIGHT__1538985192770339.jpg", "samples/CAM_BACK_LEFT/n015-2018-10-08-15-52-24+0800__CAM_BACK_LEFT__1538985192797423.jpg", "samples/CAM_BACK/n015-2018-10-08-15-52-24+0800__CAM_BACK__1538985192787525.jpg", "samples/CAM_BACK_RIGHT/n015-2018-10-08-15-52-24+0800__CAM_BACK_RIGHT__1538985192777893.jpg"], "intrinsics": [[[1272.5979470598488, 0.0, 826.6154927353808], [0.0, 1272.5979470598488, 479.75165386361925], [0.0, 0.0, 1.0]], [[1266.417203046554, 0.0, 816.2670197447984], [0.0, 1266.417203046554, 491.50706579294757], [0.0, 0.0, 1.0]], [[1260.8474446004698, 0.0, 807.968244525554], [0.0, 1260.8474446004698, 495.3344268742088], [0.0, 0.0, 1.0]], [[1256.7414812095406, 0.0, 792.1125740759628], [0.0, 1256.7414812095406, 492.7757465151356], [0.0, 0.0, 1.0]], [[809.2209905677063, 0.0, 829.2196003259838], [0.0, 809.2209905677063, 481.77842384512485], [0.0, 0.0, 1.0]], [[1259.5137405846733, 0.0, 807.2529053838625], [0.0, 1259.5137405846733, 501.19579884916527], [0.0, 0.0, 1.0]]], "extrinsics": [[[0.8201656937599182, -0.5704275965690613, -0.04405141994357109, -0.85455322265625], [-0.055183518677949905, -0.0022359401918947697, -0.9984737038612366, 1.5008544921875], [0.5694584846496582, 0.8213448524475098, -0.03331204503774643, -1.2047119140625], [0.0, 0.0, 0.0, 1.0]], [[0.006725373212248087, -0.9999585151672363, 0.006141312886029482, 0.006591796875], [-0.0604291670024395, -0.0065366355702281, -0.9981511235237122, 1.5139083862304688], [0.9981498122215271, 0.006341860163956881, -0.06047062575817108, -1.5826416015625], [0.0, 0.0, 0.0, 1.0]], [[-0.8318149447441101, -0.5536193251609802, 0.03986754268407822, 0.9622802734375], [-0.05480560287833214, 0.010445227846503258, -0.9984424114227295, 1.4990005493164062], [0.552340567111969, -0.8327043652534485, -0.03902994096279144, -1.2014999389648438], [0.0, 0.0, 0.0, 1.0]], [[0.9467417597770691, 0.31803685426712036, -0.05032380297780037, -1.1436767578125], [-0.04615158215165138, -0.020644819363951683, -0.9987210631370544, 1.5886306762695312], [-0.31866908073425293, 0.9478535056114197, -0.004867410287261009, -0.103057861328125], [0.0, 0.0, 0.0, 1.0]], [[0.002348252572119236, 0.999941349029541, -0.010578017681837082, 0.00262451171875], [-0.07152212411165237, -0.010383013635873795, -0.9973849654197693, 1.5772323608398438], [-0.9974362850189209, 0.00309864548034966, 0.07149354368448257, -0.0277099609375], [0.0, 0.0, 0.0, 1.0]], [[-0.9340705871582031, 0.3550345301628113, 0.03824397176504135, 1.07958984375], [-0.03893214091658592, 0.005208178423345089, -0.999228298664093, 1.5490989685058594], [-0.35495972633361816, -0.9348387122154236, 0.008957445621490479, -0.0845947265625], [0.0, 0.0, 0.0, 1.0]]], "view": [[0.0, -2.0, 100.0], [-2.0, 0.0, 100.0], [0.0, 0.0, 1.0]], "bev": "bev_fc9990696ddc4a7aa453d51bef9fe6fa.png", "aux": "aux_fc9990696ddc4a7aa453d51bef9fe6fa.npz", "visibility": "visibility_fc9990696ddc4a7aa453d51bef9fe6fa.png", "pose": [[-0.7501116394996643, 0.6613112092018127, 0.0, 576.2913818359375], [-0.6613112092018127, -0.7501116394996643, 0.0, 1767.7032470703125], [0.0, 0.0, 1.0, 0.0], [0.0, 0.0, 0.0, 1.0]], "pose_inverse": [[-0.7501116394996643, -0.6613112092018127, 0.0, 1601.284912109375], [0.6613112092018127, -0.7501116394996643, 0.0, 944.8668212890625], [0.0, 0.0, 1.0, 0.0], [0.0, 0.0, 0.0, 1.0]], "cam_ids": [0, 1, 2, 3, 4, 5], "cam_channels": ["CAM_FRONT_LEFT", "CAM_FRONT", "CAM_FRONT_RIGHT", "CAM_BACK_LEFT", "CAM_BACK", "CAM_BACK_RIGHT"], "token": "fc9990696ddc4a7aa453d51bef9fe6fa", "scene": "scene-0422"}, {"images": ["samples/CAM_FRONT_LEFT/n015-2018-10-08-15-52-24+0800__CAM_FRONT_LEFT__1538985193254877.jpg", "samples/CAM_FRONT/n015-2018-10-08-15-52-24+0800__CAM_FRONT__1538985193262460.jpg", "samples/CAM_FRONT_RIGHT/n015-2018-10-08-15-52-24+0800__CAM_FRONT_RIGHT__1538985193270339.jpg", "samples/CAM_BACK_LEFT/n015-2018-10-08-15-52-24+0800__CAM_BACK_LEFT__1538985193297423.jpg", "samples/CAM_BACK/n015-2018-10-08-15-52-24+0800__CAM_BACK__1538985193287525.jpg", "samples/CAM_BACK_RIGHT/n015-2018-10-08-15-52-24+0800__CAM_BACK_RIGHT__1538985193277893.jpg"], "intrinsics": [[[1272.5979470598488, 0.0, 826.6154927353808], [0.0, 1272.5979470598488, 479.75165386361925], [0.0, 0.0, 1.0]], [[1266.417203046554, 0.0, 816.2670197447984], [0.0, 1266.417203046554, 491.50706579294757], [0.0, 0.0, 1.0]], [[1260.8474446004698, 0.0, 807.968244525554], [0.0, 1260.8474446004698, 495.3344268742088], [0.0, 0.0, 1.0]], [[1256.7414812095406, 0.0, 792.1125740759628], [0.0, 1256.7414812095406, 492.7757465151356], [0.0, 0.0, 1.0]], [[809.2209905677063, 0.0, 829.2196003259838], [0.0, 809.2209905677063, 481.77842384512485], [0.0, 0.0, 1.0]], [[1259.5137405846733, 0.0, 807.2529053838625], [0.0, 1259.5137405846733, 501.19579884916527], [0.0, 0.0, 1.0]]], "extrinsics": [[[0.8206639885902405, -0.5698776841163635, -0.041832104325294495, -0.82879638671875], [-0.05146856978535652, -0.0008102714782580733, -0.9986742734909058, 1.49969482421875], [0.5690882205963135, 0.8217291235923767, -0.029995746910572052, -1.1854248046875], [0.0, 0.0, 0.0, 1.0]], [[0.007188465446233749, -0.9999633431434631, 0.004658188670873642, 0.0057373046875], [-0.056654270738363266, -0.005058093462139368, -0.9983810782432556, 1.5128097534179688], [0.998367965221405, 0.006912853103131056, -0.05668855085968971, -1.55615234375], [0.0, 0.0, 0.0, 1.0]], [[-0.831745445728302, -0.5540012717247009, 0.03580553084611893, 0.944580078125], [-0.05096437409520149, 0.011972819454967976, -0.9986286759376526, 1.4982681274414062], [0.5528128743171692, -0.8324297070503235, -0.038192667067050934, -1.1905059814453125], [0.0, 0.0, 0.0, 1.0]], [[0.9468885064125061, 0.3182468116283417, -0.04605396091938019, -1.145751953125], [-0.042133212089538574, -0.0191961582750082, -0.9989275336265564, 1.588714599609375], [-0.3187895715236664, 0.9478135704994202, -0.004767862614244223, -0.10223388671875], [0.0, 0.0, 0.0, 1.0]], [[0.002173004439100623, 0.9999569654464722, -0.009020522236824036, 0.0030517578125], [-0.0675501823425293, -0.008853157050907612, -0.9976766109466553, 1.5768280029296875], [-0.997713565826416, 0.0027773105539381504, 0.06752803921699524, -0.0352783203125], [0.0, 0.0, 0.0, 1.0]], [[-0.9343221783638, 0.35469189286231995, 0.035152312368154526, 1.0653076171875], [-0.0350286103785038, 0.0067718494683504105, -0.9993634223937988, 1.548797607421875], [-0.3547040820121765, -0.9349587559700012, 0.006097269244492054, -0.090576171875], [0.0, 0.0, 0.0, 1.0]]], "view": [[0.0, -2.0, 100.0], [-2.0, 0.0, 100.0], [0.0, 0.0, 1.0]], "bev": "bev_e030acb543704542a6396505cf32e25f.png", "aux": "aux_e030acb543704542a6396505cf32e25f.npz", "visibility": "visibility_e030acb543704542a6396505cf32e25f.png", "pose": [[-0.767960786819458, 0.6404968500137329, 0.0, 574.9471435546875], [-0.6404968500137329, -0.767960786819458, 0.0, 1766.5579833984375], [0.0, 0.0, 1.0, 0.0], [0.0, 0.0, 0.0, 1.0]], "pose_inverse": [[-0.767960786819458, -0.6404968500137329, 0.0, 1573.01171875], [0.6404968500137329, -0.767960786819458, 0.0, 988.3953857421875], [0.0, 0.0, 1.0, 0.0], [0.0, 0.0, 0.0, 1.0]], "cam_ids": [0, 1, 2, 3, 4, 5], "cam_channels": ["CAM_FRONT_LEFT", "CAM_FRONT", "CAM_FRONT_RIGHT", "CAM_BACK_LEFT", "CAM_BACK", "CAM_BACK_RIGHT"], "token": "e030acb543704542a6396505cf32e25f", "scene": "scene-0422"}, {"images": ["samples/CAM_FRONT_LEFT/n015-2018-10-08-15-52-24+0800__CAM_FRONT_LEFT__1538985193754844.jpg", "samples/CAM_FRONT/n015-2018-10-08-15-52-24+0800__CAM_FRONT__1538985193762460.jpg", "samples/CAM_FRONT_RIGHT/n015-2018-10-08-15-52-24+0800__CAM_FRONT_RIGHT__1538985193770339.jpg", "samples/CAM_BACK_LEFT/n015-2018-10-08-15-52-24+0800__CAM_BACK_LEFT__1538985193797423.jpg", "samples/CAM_BACK/n015-2018-10-08-15-52-24+0800__CAM_BACK__1538985193787525.jpg", "samples/CAM_BACK_RIGHT/n015-2018-10-08-15-52-24+0800__CAM_BACK_RIGHT__1538985193777893.jpg"], "intrinsics": [[[1272.5979470598488, 0.0, 826.6154927353808], [0.0, 1272.5979470598488, 479.75165386361925], [0.0, 0.0, 1.0]], [[1266.417203046554, 0.0, 816.2670197447984], [0.0, 1266.417203046554, 491.50706579294757], [0.0, 0.0, 1.0]], [[1260.8474446004698, 0.0, 807.968244525554], [0.0, 1260.8474446004698, 495.3344268742088], [0.0, 0.0, 1.0]], [[1256.7414812095406, 0.0, 792.1125740759628], [0.0, 1256.7414812095406, 492.7757465151356], [0.0, 0.0, 1.0]], [[809.2209905677063, 0.0, 829.2196003259838], [0.0, 809.2209905677063, 481.77842384512485], [0.0, 0.0, 1.0]], [[1259.5137405846733, 0.0, 807.2529053838625], [0.0, 1259.5137405846733, 501.19579884916527], [0.0, 0.0, 1.0]]], "extrinsics": [[[0.8209553360939026, -0.5697942972183228, -0.036969706416130066, -0.81201171875], [-0.052032679319381714, -0.010177003219723701, -0.9985935688018799, 1.498565673828125], [0.5686166286468506, 0.8217243552207947, -0.03800278156995773, -1.1744384765625], [0.0, 0.0, 0.0, 1.0]], [[0.007657525595277548, -0.9998749494552612, 0.013837100937962532, 0.0062255859375], [-0.057576652616262436, -0.014255420304834843, -0.998239278793335, 1.5117263793945312], [0.9983116984367371, 0.006847353186458349, -0.05767861381173134, -1.5394287109375], [0.0, 0.0, 0.0, 1.0]], [[-0.8314785957336426, -0.5539750456809998, 0.04189180210232735, 0.93359375], [-0.05228215083479881, 0.0029553037602454424, -0.9986279606819153, 1.4974288940429688], [0.5530911684036255, -0.8325279951095581, -0.0314202755689621, -1.1827888488769531], [0.0, 0.0, 0.0, 1.0]], [[0.9467509388923645, 0.3179284632205963, -0.050833821296691895, -1.14208984375], [-0.044441405683755875, -0.027332069352269173, -0.9986380338668823, 1.5885391235351562], [-0.31888484954833984, 0.9477206468582153, -0.01174747385084629, -0.103607177734375], [0.0, 0.0, 0.0, 1.0]], [[0.0019230660982429981, 0.9998441338539124, -0.017549235373735428, 0.0029296875], [-0.06952160596847534, -0.01737312786281109, -0.9974291920661926, 1.5763015747070312], [-0.9975786209106445, 0.0031382183078676462, 0.06947735697031021, -0.0419921875], [0.0, 0.0, 0.0, 1.0]], [[-0.9343820810317993, 0.35469087958335876, 0.03353206813335419, 1.0557861328125], [-0.0366453193128109, -0.0020616797264665365, -0.999326229095459, 1.5483016967773438], [-0.3543826937675476, -0.9349813461303711, 0.014924151822924614, -0.093994140625], [0.0, 0.0, 0.0, 1.0]]], "view": [[0.0, -2.0, 100.0], [-2.0, 0.0, 100.0], [0.0, 0.0, 1.0]], "bev": "bev_1b31c565923643bfb98ed505225cfc38.png", "aux": "aux_1b31c565923643bfb98ed505225cfc38.npz", "visibility": "visibility_1b31c565923643bfb98ed505225cfc38.png", "pose": [[-0.7898510098457336, 0.613298773765564, 0.0, 573.3301391601562], [-0.613298773765564, -0.7898510098457336, 0.0, 1765.2662353515625], [0.0, 0.0, 1.0, 0.0], [0.0, 0.0, 0.0, 1.0]], "pose_inverse": [[-0.7898510098457336, -0.613298773765564, 0.0, 1535.48095703125], [0.613298773765564, -0.7898510098457336, 0.0, 1042.6746826171875], [0.0, 0.0, 1.0, 0.0], [0.0, 0.0, 0.0, 1.0]], "cam_ids": [0, 1, 2, 3, 4, 5], "cam_channels": ["CAM_FRONT_LEFT", "CAM_FRONT", "CAM_FRONT_RIGHT", "CAM_BACK_LEFT", "CAM_BACK", "CAM_BACK_RIGHT"], "token": "1b31c565923643bfb98ed505225cfc38", "scene": "scene-0422"}, {"images": ["samples/CAM_FRONT_LEFT/n015-2018-10-08-15-52-24+0800__CAM_FRONT_LEFT__1538985194254844.jpg", "samples/CAM_FRONT/n015-2018-10-08-15-52-24+0800__CAM_FRONT__1538985194262460.jpg", "samples/CAM_FRONT_RIGHT/n015-2018-10-08-15-52-24+0800__CAM_FRONT_RIGHT__1538985194270339.jpg", "samples/CAM_BACK_LEFT/n015-2018-10-08-15-52-24+0800__CAM_BACK_LEFT__1538985194297423.jpg", "samples/CAM_BACK/n015-2018-10-08-15-52-24+0800__CAM_BACK__1538985194287525.jpg", "samples/CAM_BACK_RIGHT/n015-2018-10-08-15-52-24+0800__CAM_BACK_RIGHT__1538985194277915.jpg"], "intrinsics": [[[1272.5979470598488, 0.0, 826.6154927353808], [0.0, 1272.5979470598488, 479.75165386361925], [0.0, 0.0, 1.0]], [[1266.417203046554, 0.0, 816.2670197447984], [0.0, 1266.417203046554, 491.50706579294757], [0.0, 0.0, 1.0]], [[1260.8474446004698, 0.0, 807.968244525554], [0.0, 1260.8474446004698, 495.3344268742088], [0.0, 0.0, 1.0]], [[1256.7414812095406, 0.0, 792.1125740759628], [0.0, 1256.7414812095406, 492.7757465151356], [0.0, 0.0, 1.0]], [[809.2209905677063, 0.0, 829.2196003259838], [0.0, 809.2209905677063, 481.77842384512485], [0.0, 0.0, 1.0]], [[1259.5137405846733, 0.0, 807.2529053838625], [0.0, 1259.5137405846733, 501.19579884916527], [0.0, 0.0, 1.0]]], "extrinsics": [[[0.8198248744010925, -0.5708299875259399, -0.04516790062189102, -0.8040771484375], [-0.0622137151658535, -0.010382059961557388, -0.9980088472366333, 1.4960784912109375], [0.56922447681427, 0.8210026025772095, -0.04402492940425873, -1.16943359375], [0.0, 0.0, 0.0, 1.0]], [[0.0067124092020094395, -0.9998788833618164, 0.014038250781595707, 0.006591796875], [-0.06722770631313324, -0.014458030462265015, -0.9976329207420349, 1.5097274780273438], [0.9977150559425354, 0.0057526868768036366, -0.06731661409139633, -1.5316162109375], [0.0, 0.0, 0.0, 1.0]], [[-0.8315618634223938, -0.5532113909721375, 0.04961837828159332, 0.9287109375], [-0.06136539578437805, 0.0027194751892238855, -0.9981116056442261, 1.4959793090820312], [0.5520318150520325, -0.8330365419387817, -0.03620944544672966, -1.1795196533203125], [0.0, 0.0, 0.0, 1.0]], [[0.9464253187179565, 0.31761717796325684, -0.0582963265478611, -1.14111328125], [-0.052110057324171066, -0.027945734560489655, -0.9982502460479736, 1.5884857177734375], [-0.31869053840637207, 0.947807252407074, -0.009897503070533276, -0.1038818359375], [0.0, 0.0, 0.0, 1.0]], [[0.0022903645876795053, 0.999834418296814, -0.018052147701382637, 0.0028076171875], [-0.07770335674285889, -0.01781967654824257, -0.9968172907829285, 1.5757904052734375], [-0.9969738721847534, 0.0036857537925243378, 0.07764966785907745, -0.044189453125], [0.0, 0.0, 0.0, 1.0]], [[-0.9337962865829468, 0.3553883731365204, 0.041514597833156586, 1.05194091796875], [-0.04532358795404434, -0.0023950785398483276, -0.9989694952964783, 1.5473785400390625], [-0.35492271184921265, -0.9347156882286072, 0.018343990668654442, -0.09521484375], [0.0, 0.0, 0.0, 1.0]]], "view": [[0.0, -2.0, 100.0], [-2.0, 0.0, 100.0], [0.0, 0.0, 1.0]], "bev": "bev_840273ecda584bfe914081f954307b17.png", "aux": "aux_840273ecda584bfe914081f954307b17.npz", "visibility": "visibility_840273ecda584bfe914081f954307b17.png", "pose": [[-0.810464084148407, 0.5857883095741272, 0.0, 571.4928588867188], [-0.5857883095741272, -0.810464084148407, 0.0, 1763.907958984375], [0.0, 0.0, 1.0, 0.0], [0.0, 0.0, 0.0, 1.0]], "pose_inverse": [[-0.810464084148407, -0.5857883095741272, 0.0, 1496.4510498046875], [0.5857883095741272, -0.810464084148407, 0.0, 1094.8101806640625], [0.0, 0.0, 1.0, 0.0], [0.0, 0.0, 0.0, 1.0]], "cam_ids": [0, 1, 2, 3, 4, 5], "cam_channels": ["CAM_FRONT_LEFT", "CAM_FRONT", "CAM_FRONT_RIGHT", "CAM_BACK_LEFT", "CAM_BACK", "CAM_BACK_RIGHT"], "token": "840273ecda584bfe914081f954307b17", "scene": "scene-0422"}, {"images": ["samples/CAM_FRONT_LEFT/n015-2018-10-08-15-52-24+0800__CAM_FRONT_LEFT__1538985194754844.jpg", "samples/CAM_FRONT/n015-2018-10-08-15-52-24+0800__CAM_FRONT__1538985194762460.jpg", "samples/CAM_FRONT_RIGHT/n015-2018-10-08-15-52-24+0800__CAM_FRONT_RIGHT__1538985194770339.jpg", "samples/CAM_BACK_LEFT/n015-2018-10-08-15-52-24+0800__CAM_BACK_LEFT__1538985194797423.jpg", "samples/CAM_BACK/n015-2018-10-08-15-52-24+0800__CAM_BACK__1538985194787525.jpg", "samples/CAM_BACK_RIGHT/n015-2018-10-08-15-52-24+0800__CAM_BACK_RIGHT__1538985194777893.jpg"], "intrinsics": [[[1272.5979470598488, 0.0, 826.6154927353808], [0.0, 1272.5979470598488, 479.75165386361925], [0.0, 0.0, 1.0]], [[1266.417203046554, 0.0, 816.2670197447984], [0.0, 1266.417203046554, 491.50706579294757], [0.0, 0.0, 1.0]], [[1260.8474446004698, 0.0, 807.968244525554], [0.0, 1260.8474446004698, 495.3344268742088], [0.0, 0.0, 1.0]], [[1256.7414812095406, 0.0, 792.1125740759628], [0.0, 1256.7414812095406, 492.7757465151356], [0.0, 0.0, 1.0]], [[809.2209905677063, 0.0, 829.2196003259838], [0.0, 809.2209905677063, 481.77842384512485], [0.0, 0.0, 1.0]], [[1259.5137405846733, 0.0, 807.2529053838625], [0.0, 1259.5137405846733, 501.19579884916527], [0.0, 0.0, 1.0]]], "extrinsics": [[[0.8192816376686096, -0.5722730159759521, -0.03579609468579292, -0.78851318359375], [-0.055660538375377655, -0.017240682616829872, -0.9983009099960327, 1.4962921142578125], [0.570683479309082, 0.8198819756507874, -0.045977991074323654, -1.1580810546875], [0.0, 0.0, 0.0, 1.0]], [[0.005496694706380367, -0.9997706413269043, 0.02069774642586708, 0.0064697265625], [-0.0611630454659462, -0.02099543809890747, -0.9979069828987122, 1.509765625], [0.9981126189231873, 0.0042192405089735985, -0.06126442179083824, -1.516357421875], [0.0, 0.0, 0.0, 1.0]], [[-0.8322926759719849, -0.5522139072418213, 0.04846285656094551, 0.9190673828125], [-0.05579590052366257, -0.003528600325807929, -0.9984359741210938, 1.4960556030273438], [0.5515212416648865, -0.8336950540542603, -0.02787444181740284, -1.1733169555664062], [0.0, 0.0, 0.0, 1.0]], [[0.9465392231941223, 0.31764286756515503, -0.05627257004380226, -1.141845703125], [-0.04823398217558861, -0.033121488988399506, -0.998286783695221, 1.5885391235351562], [-0.3189624547958374, 0.9476318359375, -0.016029609367251396, -0.10382080078125], [0.0, 0.0, 0.0, 1.0]], [[0.0025524699594825506, 0.9997190833091736, -0.023562919348478317, 0.0029296875], [-0.07316164672374725, -0.023313159123063087, -0.9970476031303406, 1.57574462890625], [-0.997316837310791, 0.004268857184797525, 0.07308158278465271, -0.047607421875], [0.0, 0.0, 0.0, 1.0]], [[-0.9337912797927856, 0.3561410903930664, 0.03460252657532692, 1.044677734375], [-0.040195856243371964, -0.008314616978168488, -0.9991572499275208, 1.5475234985351562], [-0.3555532693862915, -0.9343951940536499, 0.02207951247692108, -0.098388671875], [0.0, 0.0, 0.0, 1.0]]], "view": [[0.0, -2.0, 100.0], [-2.0, 0.0, 100.0], [0.0, 0.0, 1.0]], "bev": "bev_bb8f5f3e517c423c894b2065981be50a.png", "aux": "aux_bb8f5f3e517c423c894b2065981be50a.npz", "visibility": "visibility_bb8f5f3e517c423c894b2065981be50a.png", "pose": [[-0.8170688152313232, 0.5765401721000671, 0.0, 569.5148315429688], [-0.5765401721000671, -0.8170688152313232, 0.0, 1762.5167236328125], [0.0, 0.0, 1.0, 0.0], [0.0, 0.0, 0.0, 1.0]], "pose_inverse": [[-0.8170688152313232, -0.5765401721000671, 0.0, 1481.4945068359375], [0.5765401721000671, -0.8170688152313232, 0.0, 1111.749267578125], [0.0, 0.0, 1.0, 0.0], [0.0, 0.0, 0.0, 1.0]], "cam_ids": [0, 1, 2, 3, 4, 5], "cam_channels": ["CAM_FRONT_LEFT", "CAM_FRONT", "CAM_FRONT_RIGHT", "CAM_BACK_LEFT", "CAM_BACK", "CAM_BACK_RIGHT"], "token": "bb8f5f3e517c423c894b2065981be50a", "scene": "scene-0422"}, {"images": ["samples/CAM_FRONT_LEFT/n015-2018-10-08-15-52-24+0800__CAM_FRONT_LEFT__1538985195254844.jpg", "samples/CAM_FRONT/n015-2018-10-08-15-52-24+0800__CAM_FRONT__1538985195262651.jpg", "samples/CAM_FRONT_RIGHT/n015-2018-10-08-15-52-24+0800__CAM_FRONT_RIGHT__1538985195270339.jpg", "samples/CAM_BACK_LEFT/n015-2018-10-08-15-52-24+0800__CAM_BACK_LEFT__1538985195297423.jpg", "samples/CAM_BACK/n015-2018-10-08-15-52-24+0800__CAM_BACK__1538985195287525.jpg", "samples/CAM_BACK_RIGHT/n015-2018-10-08-15-52-24+0800__CAM_BACK_RIGHT__1538985195277893.jpg"], "intrinsics": [[[1272.5979470598488, 0.0, 826.6154927353808], [0.0, 1272.5979470598488, 479.75165386361925], [0.0, 0.0, 1.0]], [[1266.417203046554, 0.0, 816.2670197447984], [0.0, 1266.417203046554, 491.50706579294757], [0.0, 0.0, 1.0]], [[1260.8474446004698, 0.0, 807.968244525554], [0.0, 1260.8474446004698, 495.3344268742088], [0.0, 0.0, 1.0]], [[1256.7414812095406, 0.0, 792.1125740759628], [0.0, 1256.7414812095406, 492.7757465151356], [0.0, 0.0, 1.0]], [[809.2209905677063, 0.0, 829.2196003259838], [0.0, 809.2209905677063, 481.77842384512485], [0.0, 0.0, 1.0]], [[1259.5137405846733, 0.0, 807.2529053838625], [0.0, 1259.5137405846733, 501.19579884916527], [0.0, 0.0, 1.0]]], "extrinsics": [[[0.8184818029403687, -0.5736374258995056, -0.032055482268333435, -0.78662109375], [-0.056864652782678604, -0.02536340430378914, -0.9980596899986267, 1.495941162109375], [0.5717113614082336, 0.8187165260314941, -0.053379181772470474, -1.1573486328125], [0.0, 0.0, 0.0, 1.0]], [[0.0044745090417563915, -0.9995669722557068, 0.02908262237906456, 0.0069580078125], [-0.06193205341696739, -0.02930409461259842, -0.9976500868797302, 1.5095977783203125], [0.9980702996253967, 0.002662938553839922, -0.06203635782003403, -1.515625], [0.0, 0.0, 0.0, 1.0]], [[-0.8326802253723145, -0.5511747598648071, 0.05338594317436218, 0.9180908203125], [-0.056052349507808685, -0.012018811888992786, -0.9983554482460022, 1.4959259033203125], [0.5509099364280701, -0.8343032002449036, -0.02088681235909462, -1.1721572875976562], [0.0, 0.0, 0.0, 1.0]], [[0.9465228319168091, 0.3174642324447632, -0.05754106119275093, -1.142578125], [-0.04654914513230324, -0.042107954621315, -0.998028039932251, 1.5885772705078125], [-0.3192611634731293, 0.947334885597229, -0.02507845126092434, -0.10357666015625], [0.0, 0.0, 0.0, 1.0]], [[0.002608959097415209, 0.9994721412658691, -0.03238251805305481, 0.002685546875], [-0.07224958389997482, -0.03210959956049919, -0.9968696236610413, 1.57574462890625], [-0.997