[{"images": ["samples/CAM_FRONT_LEFT/n008-2018-09-18-13-10-39-0400__CAM_FRONT_LEFT__1537290941254799.jpg", "samples/CAM_FRONT/n008-2018-09-18-13-10-39-0400__CAM_FRONT__1537290941262411.jpg", "samples/CAM_FRONT_RIGHT/n008-2018-09-18-13-10-39-0400__CAM_FRONT_RIGHT__1537290941270482.jpg", "samples/CAM_BACK_LEFT/n008-2018-09-18-13-10-39-0400__CAM_BACK_LEFT__1537290941297405.jpg", "samples/CAM_BACK/n008-2018-09-18-13-10-39-0400__CAM_BACK__1537290941287558.jpg", "samples/CAM_BACK_RIGHT/n008-2018-09-18-13-10-39-0400__CAM_BACK_RIGHT__1537290941278113.jpg"], "intrinsics": [[[1257.8625342125129, 0.0, 827.2410631095686], [0.0, 1257.8625342125129, 450.915498205774], [0.0, 0.0, 1.0]], [[1252.8131021185304, 0.0, 826.588114781398], [0.0, 1252.8131021185304, 469.9846626224581], [0.0, 0.0, 1.0]], [[1256.7485116440405, 0.0, 817.7887570959712], [0.0, 1256.7485116440403, 451.9541780095127], [0.0, 0.0, 1.0]], [[1254.9860565800168, 0.0, 829.5769333630991], [0.0, 1254.9860565800168, 467.1680561863987], [0.0, 0.0, 1.0]], [[796.8910634503094, 0.0, 857.7774326863696], [0.0, 796.8910634503094, 476.8848988407415], [0.0, 0.0, 1.0]], [[1249.9629280788233, 0.0, 825.3768045375984], [0.0, 1249.9629280788233, 462.54816385708756], [0.0, 0.0, 1.0]]], "extrinsics": [[[0.8314337730407715, -0.5556197762489319, -0.0021395296789705753, -0.7965087890625], [0.0007250942289829254, 0.004935698118060827, -0.9999875426292419, 1.4884965419769287], [0.5556234121322632, 0.8314219117164612, 0.004506581928580999, -1.18939208984375], [0.0, 0.0, 0.0, 1.0]], [[0.023275500163435936, -0.9997285604476929, -0.0010116469347849488, 0.00726318359375], [0.002463002922013402, 0.001069261459633708, -0.9999964237213135, 1.4806865453720093], [0.9997260570526123, 0.023272931575775146, 0.0024872219655662775, -1.5245361328125], [0.0, 0.0, 0.0, 1.0]], [[-0.8385726809501648, -0.5447702407836914, -0.004605314694344997, 0.95257568359375], [0.01027254294604063, -0.007359665352851152, -0.999920129776001, 1.4947315454483032], [0.5446928143501282, -0.8385530710220337, 0.011767789721488953, -1.19061279296875], [0.0, 0.0, 0.0, 1.0]], [[0.9477276802062988, 0.3188284635543823, -0.01267631072551012, -1.137939453125], [-0.016110805794596672, 0.008137322030961514, -0.9998370409011841, 1.5619516372680664], [-0.31867343187332153, 0.947777509689331, 0.012848548591136932, -0.15728759765625], [0.0, 0.0, 0.0, 1.0]], [[0.005354403518140316, 0.9999856352806091, 0.00036992100649513304, -0.02728271484375], [-0.013707002624869347, 0.00044328460353426635, -0.9999059438705444, 1.567190170288086], [-0.9998917579650879, 0.00534880580380559, 0.013709179125726223, -0.01922607421875], [0.0, 0.0, 0.0, 1.0]], [[-0.926531970500946, 0.37621602416038513, -0.00011390499275876209, 1.051361083984375], [-0.008991395123302937, -0.02244637720286846, -0.9997076392173767, 1.5467090606689453], [-0.3761085569858551, -0.9262600541114807, 0.024179993197321892, -0.08990478515625], [0.0, 0.0, 0.0, 1.0]]], "view": [[0.0, -2.0, 100.0], [-2.0, 0.0, 100.0], [0.0, 0.0, 1.0]], "bev": "bev_2f5248eac5d1492cb24c06b6f7a937be.png", "aux": "aux_2f5248eac5d1492cb24c06b6f7a937be.npz", "visibility": "visibility_2f5248eac5d1492cb24c06b6f7a937be.png", "pose": [[0.9612405300140381, -0.27571117877960205, 0.0, 389.8509216308594], [0.27571117877960205, 0.9612405300140381, 0.0, 834.184326171875], [0.0, 0.0, 1.0, 0.0], [0.0, 0.0, 0.0, 1.0]], "pose_inverse": [[0.9612405300140381, 0.27571117877960205, 0.0, -604.7344360351562], [-0.27571117877960205, 0.9612405300140381, 0.0, -694.3655395507812], [0.0, 0.0, 1.0, 0.0], [0.0, 0.0, 0.0, 1.0]], "cam_ids": [0, 1, 2, 3, 4, 5], "cam_channels": ["CAM_FRONT_LEFT", "CAM_FRONT", "CAM_FRONT_RIGHT", "CAM_BACK_LEFT", "CAM_BACK", "CAM_BACK_RIGHT"], "token": "2f5248eac5d1492cb24c06b6f7a937be", "scene": "scene-0577"}, {"images": ["samples/CAM_FRONT_LEFT/n008-2018-09-18-13-10-39-0400__CAM_FRONT_LEFT__1537290941754799.jpg", "samples/CAM_FRONT/n008-2018-09-18-13-10-39-0400__CAM_FRONT__1537290941762404.jpg", "samples/CAM_FRONT_RIGHT/n008-2018-09-18-13-10-39-0400__CAM_FRONT_RIGHT__1537290941770482.jpg", "samples/CAM_BACK_LEFT/n008-2018-09-18-13-10-39-0400__CAM_BACK_LEFT__1537290941797405.jpg", "samples/CAM_BACK/n008-2018-09-18-13-10-39-0400__CAM_BACK__1537290941787561.jpg", "samples/CAM_BACK_RIGHT/n008-2018-09-18-13-10-39-0400__CAM_BACK_RIGHT__1537290941778113.jpg"], "intrinsics": [[[1257.8625342125129, 0.0, 827.2410631095686], [0.0, 1257.8625342125129, 450.915498205774], [0.0, 0.0, 1.0]], [[1252.8131021185304, 0.0, 826.588114781398], [0.0, 1252.8131021185304, 469.9846626224581], [0.0, 0.0, 1.0]], [[1256.7485116440405, 0.0, 817.7887570959712], [0.0, 1256.7485116440403, 451.9541780095127], [0.0, 0.0, 1.0]], [[1254.9860565800168, 0.0, 829.5769333630991], [0.0, 1254.9860565800168, 467.1680561863987], [0.0, 0.0, 1.0]], [[796.8910634503094, 0.0, 857.7774326863696], [0.0, 796.8910634503094, 476.8848988407415], [0.0, 0.0, 1.0]], [[1249.9629280788233, 0.0, 825.3768045375984], [0.0, 1249.9629280788233, 462.54816385708756], [0.0, 0.0, 1.0]]], "extrinsics": [[[0.8309757709503174, -0.5562445521354675, -0.00844896025955677, -0.7835884094238281], [-0.0044305757619440556, 0.008569731377065182, -0.9999534487724304, 1.4871296882629395], [0.5562911629676819, 0.8309745192527771, 0.004656754434108734, -1.181396484375], [0.0, 0.0, 0.0, 1.0]], [[0.022669557482004166, -0.9997316598892212, -0.004762656055390835, 0.0081787109375], [-0.0020044585689902306, 0.004718421027064323, -0.9999868869781494, 1.4797307252883911], [0.9997410178184509, 0.022678807377815247, -0.001896956586278975, -1.511962890625], [0.0, 0.0, 0.0, 1.0]], [[-0.8388469219207764, -0.5443559288978577, -0.0035419838968664408, 0.94488525390625], [0.006554728373885155, -0.0035942080430686474, -0.9999720454216003, 1.4941962957382202], [0.544327974319458, -0.8388466835021973, 0.006583094596862793, -1.18511962890625], [0.0, 0.0, 0.0, 1.0]], [[0.9477146863937378, 0.318886935710907, -0.012163026258349419, -1.1392822265625], [-0.017149772495031357, 0.01283482275903225, -0.9997705817222595, 1.5619748830795288], [-0.31865769624710083, 0.9477059245109558, 0.017632588744163513, -0.15673828125], [0.0, 0.0, 0.0, 1.0]], [[0.005553217604756355, 0.9999740719795227, 0.0046003228053450584, -0.0274658203125], [-0.01563701033592224, 0.004686668049544096, -0.9998667240142822, 1.567030429840088], [-0.9998624324798584, 0.0054805404506623745, 0.015662631019949913, -0.021881103515625], [0.0, 0.0, 0.0, 1.0]], [[-0.9263893961906433, 0.376544326543808, 0.004122743383049965, 1.0452423095703125], [-0.01196330226957798, -0.01848635822534561, -0.9997575283050537, 1.5462932586669922], [-0.37637677788734436, -0.9262141585350037, 0.02163028158247471, -0.09197998046875], [0.0, 0.0, 0.0, 1.0]]], "view": [[0.0, -2.0, 100.0], [-2.0, 0.0, 100.0], [0.0, 0.0, 1.0]], "bev": "bev_16260548526a4511a842986cdf10611c.png", "aux": "aux_16260548526a4511a842986cdf10611c.npz", "visibility": "visibility_16260548526a4511a842986cdf10611c.png", "pose": [[0.9960500001907349, -0.08879437297582626, 0.0, 392.758056640625], [0.08879437297582626, 0.9960500001907349, 0.0, 834.71044921875], [0.0, 0.0, 1.0, 0.0], [0.0, 0.0, 0.0, 1.0]], "pose_inverse": [[0.9960500001907349, 0.08879437297582626, 0.0, -465.3242492675781], [-0.08879437297582626, 0.9960500001907349, 0.0, -796.5386352539062], [0.0, 0.0, 1.0, 0.0], [0.0, 0.0, 0.0, 1.0]], "cam_ids": [0, 1, 2, 3, 4, 5], "cam_channels": ["CAM_FRONT_LEFT", "CAM_FRONT", "CAM_FRONT_RIGHT", "CAM_BACK_LEFT", "CAM_BACK", "CAM_BACK_RIGHT"], "token": "16260548526a4511a842986cdf10611c", "scene": "scene-0577"}, {"images": ["samples/CAM_FRONT_LEFT/n008-2018-09-18-13-10-39-0400__CAM_FRONT_LEFT__1537290942254799.jpg", "samples/CAM_FRONT/n008-2018-09-18-13-10-39-0400__CAM_FRONT__1537290942262404.jpg", "samples/CAM_FRONT_RIGHT/n008-2018-09-18-13-10-39-0400__CAM_FRONT_RIGHT__1537290942270482.jpg", "samples/CAM_BACK_LEFT/n008-2018-09-18-13-10-39-0400__CAM_BACK_LEFT__1537290942297405.jpg", "samples/CAM_BACK/n008-2018-09-18-13-10-39-0400__CAM_BACK__1537290942287558.jpg", "samples/CAM_BACK_RIGHT/n008-2018-09-18-13-10-39-0400__CAM_BACK_RIGHT__1537290942278113.jpg"], "intrinsics": [[[1257.8625342125129, 0.0, 827.2410631095686], [0.0, 1257.8625342125129, 450.915498205774], [0.0, 0.0, 1.0]], [[1252.8131021185304, 0.0, 826.588114781398], [0.0, 1252.8131021185304, 469.9846626224581], [0.0, 0.0, 1.0]], [[1256.7485116440405, 0.0, 817.7887570959712], [0.0, 1256.7485116440403, 451.9541780095127], [0.0, 0.0, 1.0]], [[1254.9860565800168, 0.0, 829.5769333630991], [0.0, 1254.9860565800168, 467.1680561863987], [0.0, 0.0, 1.0]], [[796.8910634503094, 0.0, 857.7774326863696], [0.0, 796.8910634503094, 476.8848988407415], [0.0, 0.0, 1.0]], [[1249.9629280788233, 0.0, 825.3768045375984], [0.0, 1249.9629280788233, 462.54816385708756], [0.0, 0.0, 1.0]]], "extrinsics": [[[0.8306493163108826, -0.5567856431007385, 0.00341227650642395, -0.776397705078125], [0.01627526991069317, 0.018153807148337364, -0.9997027516365051, 1.492849349975586], [0.5565581321716309, 0.8304579257965088, 0.024141279980540276, -1.17694091796875], [0.0, 0.0, 0.0, 1.0]], [[0.022365642711520195, -0.9996544718742371, -0.01381033193320036, 0.00872802734375], [0.01824086345732212, 0.01421952061355114, -0.999732494354248, 1.4843692779541016], [0.99958336353302, 0.022107740864157677, 0.018552588298916817, -1.50579833984375], [0.0, 0.0, 0.0, 1.0]], [[-0.8387516140937805, -0.5439338088035583, -0.02513544261455536, 0.94049072265625], [0.026214683428406715, 0.0057705179788172245, -0.9996396899223328, 1.4977483749389648], [0.5438828468322754, -0.8391082882881165, 0.00941901933401823, -1.18194580078125], [0.0, 0.0, 0.0, 1.0]], [[0.9477198123931885, 0.31902384757995605, 0.007135478779673576, -1.1361083984375], [0.0003279988595750183, 0.021387100219726562, -0.999771237373352, 1.5620613098144531], [-0.31910350918769836, 0.9475053548812866, 0.020164338871836662, -0.15789794921875], [0.0, 0.0, 0.0, 1.0]], [[0.005424682050943375, 0.9998918771743774, 0.01366888266056776, -0.0277099609375], [0.0025923510547727346, 0.013654977083206177, -0.9999033808708191, 1.568253517150879], [-0.9999819397926331, 0.005459595005959272, -0.0025179965887218714, -0.025909423828125], [0.0, 0.0, 0.0, 1.0]], [[-0.9262568950653076, 0.37675896286964417, -0.010041278786957264, 1.0407791137695312], [0.007067433558404446, -0.009274729527533054, -0.9999319911003113, 1.5487194061279297], [-0.3768264353275299, -0.9262648820877075, 0.005928062833845615, -0.093505859375], [0.0, 0.0, 0.0, 1.0]]], "view": [[0.0, -2.0, 100.0], [-2.0, 0.0, 100.0], [0.0, 0.0, 1.0]], "bev": "bev_01d25353d8d244f7ba119789d6517085.png", "aux": "aux_01d25353d8d244f7ba119789d6517085.npz", "visibility": "visibility_01d25353d8d244f7ba119789d6517085.png", "pose": [[0.9969748854637146, 0.07772471755743027, 0.0, 395.8771057128906], [-0.07772471755743027, 0.9969748854637146, 0.0, 834.7236938476562], [0.0, 0.0, 1.0, 0.0], [0.0, 0.0, 0.0, 1.0]], "pose_inverse": [[0.9969748854637146, -0.07772471755743027, 0.0, -329.80084228515625], [0.07772471755743027, 0.9969748854637146, 0.0, -862.9679565429688], [0.0, 0.0, 1.0, 0.0], [0.0, 0.0, 0.0, 1.0]], "cam_ids": [0, 1, 2, 3, 4, 5], "cam_channels": ["CAM_FRONT_LEFT", "CAM_FRONT", "CAM_FRONT_RIGHT", "CAM_BACK_LEFT", "CAM_BACK", "CAM_BACK_RIGHT"], "token": "01d25353d8d244f7ba119789d6517085", "scene": "scene-0577"}, {"images": ["samples/CAM_FRONT_LEFT/n008-2018-09-18-13-10-39-0400__CAM_FRONT_LEFT__1537290942754799.jpg", "samples/CAM_FRONT/n008-2018-09-18-13-10-39-0400__CAM_FRONT__1537290942762404.jpg", "samples/CAM_FRONT_RIGHT/n008-2018-09-18-13-10-39-0400__CAM_FRONT_RIGHT__1537290942770482.jpg", "samples/CAM_BACK_LEFT/n008-2018-09-18-13-10-39-0400__CAM_BACK_LEFT__1537290942797408.jpg", "samples/CAM_BACK/n008-2018-09-18-13-10-39-0400__CAM_BACK__1537290942787558.jpg", "samples/CAM_BACK_RIGHT/n008-2018-09-18-13-10-39-0400__CAM_BACK_RIGHT__1537290942778113.jpg"], "intrinsics": [[[1257.8625342125129, 0.0, 827.2410631095686], [0.0, 1257.8625342125129, 450.915498205774], [0.0, 0.0, 1.0]], [[1252.8131021185304, 0.0, 826.588114781398], [0.0, 1252.8131021185304, 469.9846626224581], [0.0, 0.0, 1.0]], [[1256.7485116440405, 0.0, 817.7887570959712], [0.0, 1256.7485116440403, 451.9541780095127], [0.0, 0.0, 1.0]], [[1254.9860565800168, 0.0, 829.5769333630991], [0.0, 1254.9860565800168, 467.1680561863987], [0.0, 0.0, 1.0]], [[796.8910634503094, 0.0, 857.7774326863696], [0.0, 796.8910634503094, 476.8848988407415], [0.0, 0.0, 1.0]], [[1249.9629280788233, 0.0, 825.3768045375984], [0.0, 1249.9629280788233, 462.54816385708756], [0.0, 0.0, 1.0]]], "extrinsics": [[[0.8284695744514465, -0.5600280165672302, 0.002606381895020604, -0.77447509765625], [0.02001320943236351, 0.024954620748758316, -0.9994882345199585, 1.4939613342285156], [0.559676468372345, 0.8280977606773376, 0.03188210353255272, -1.17449951171875], [0.0, 0.0, 0.0, 1.0]], [[0.019197935238480568, -0.9996033310890198, -0.020602889358997345, 0.00799560546875], [0.022363968193531036, 0.021030861884355545, -0.9995286464691162, 1.4853839874267578], [0.9995654821395874, 0.018728118389844894, 0.0227588452398777, -1.503265380859375], [0.0, 0.0, 0.0, 1.0]], [[-0.8399754166603088, -0.5416409969329834, -0.0326562337577343, 0.93804931640625], [0.030781354755163193, 0.012522348202764988, -0.9994477033615112, 1.4986515045166016], [0.5417507886886597, -0.8405166268348694, 0.006153978873044252, -1.18096923828125], [0.0, 0.0, 0.0, 1.0]], [[0.9476361870765686, 0.3190033435821533, 0.014916185289621353, -1.133056640625], [0.006379843223839998, 0.02778763882815838, -0.9995934963226318, 1.5621318817138672], [-0.3192881643772125, 0.9473461508750916, 0.024297380819916725, -0.1590576171875], [0.0, 0.0, 0.0, 1.0]], [[0.006229144521057606, 0.9997748732566833, 0.02027967758476734, -0.02764892578125], [0.008126378059387207, 0.0202287919819355, -0.9997623562812805, 1.5686721801757812], [-0.9999475479125977, 0.006392451003193855, -0.007998542860150337, -0.0288238525390625], [0.0, 0.0, 0.0, 1.0]], [[-0.9255228638648987, 0.3784967064857483, -0.01214856468141079, 1.038482666015625], [0.01207635086029768, -0.0025646183639764786, -0.999923825263977, 1.5494073629379272], [-0.37849894165992737, -0.9255990982055664, -0.0021972465328872204, -0.094970703125], [0.0, 0.0, 0.0, 1.0]]], "view": [[0.0, -2.0, 100.0], [-2.0, 0.0, 100.0], [0.0, 0.0, 1.0]], "bev": "bev_1bb9998322f04faf8682498ef7129aac.png", "aux": "aux_1bb9998322f04faf8682498ef7129aac.npz", "visibility": "visibility_1bb9998322f04faf8682498ef7129aac.png", "pose": [[0.9740892052650452, 0.2261640727519989, 0.0, 399.073974609375], [-0.2261640727519989, 0.9740892052650452, 0.0, 834.2180786132812], [0.0, 0.0, 1.0, 0.0], [0.0, 0.0, 0.0, 1.0]], "pose_inverse": [[0.9740892052650452, -0.2261640727519989, 0.0, -200.06349182128906], [0.2261640727519989, 0.9740892052650452, 0.0, -902.8590087890625], [0.0, 0.0, 1.0, 0.0], [0.0, 0.0, 0.0, 1.0]], "cam_ids": [0, 1, 2, 3, 4, 5], "cam_channels": ["CAM_FRONT_LEFT", "CAM_FRONT", "CAM_FRONT_RIGHT", "CAM_BACK_LEFT", "CAM_BACK", "CAM_BACK_RIGHT"], "token": "1bb9998322f04faf8682498ef7129aac", "scene": "scene-0577"}, {"images": ["samples/CAM_FRONT_LEFT/n008-2018-09-18-13-10-39-0400__CAM_FRONT_LEFT__1537290943154799.jpg", "samples/CAM_FRONT/n008-2018-09-18-13-10-39-0400__CAM_FRONT__1537290943162404.jpg", "samples/CAM_FRONT_RIGHT/n008-2018-09-18-13-10-39-0400__CAM_FRONT_RIGHT__1537290943170482.jpg", "samples/CAM_BACK_LEFT/n008-2018-09-18-13-10-39-0400__CAM_BACK_LEFT__1537290943197405.jpg", "samples/CAM_BACK/n008-2018-09-18-13-10-39-0400__CAM_BACK__1537290943187558.jpg", "samples/CAM_BACK_RIGHT/n008-2018-09-18-13-10-39-0400__CAM_BACK_RIGHT__1537290943178113.jpg"], "intrinsics": [[[1257.8625342125129, 0.0, 827.2410631095686], [0.0, 1257.8625342125129, 450.915498205774], [0.0, 0.0, 1.0]], [[1252.8131021185304, 0.0, 826.588114781398], [0.0, 1252.8131021185304, 469.9846626224581], [0.0, 0.0, 1.0]], [[1256.7485116440405, 0.0, 817.7887570959712], [0.0, 1256.7485116440403, 451.9541780095127], [0.0, 0.0, 1.0]], [[1254.9860565800168, 0.0, 829.5769333630991], [0.0, 1254.9860565800168, 467.1680561863987], [0.0, 0.0, 1.0]], [[796.8910634503094, 0.0, 857.7774326863696], [0.0, 796.8910634503094, 476.8848988407415], [0.0, 0.0, 1.0]], [[1249.9629280788233, 0.0, 825.3768045375984], [0.0, 1249.9629280788233, 462.54816385708756], [0.0, 0.0, 1.0]]], "extrinsics": [[[0.8256996273994446, -0.5640757083892822, 0.0062215570360422134, -0.768951416015625], [0.02947920374572277, 0.032132793217897415, -0.9990487694740295, 1.4968013763427734], [0.5633392930030823, 0.8250976204872131, 0.043160539120435715, -1.17047119140625], [0.0, 0.0, 0.0, 1.0]], [[0.015349259600043297, -0.9994970560073853, -0.027748815715312958, 0.0078125], [0.03155403584241867, 0.02822246588766575, -0.9991034865379333, 1.4877376556396484], [0.9993841648101807, 0.014459929428994656, 0.031971365213394165, -1.4958648681640625], [0.0, 0.0, 0.0, 1.0]], [[-0.8413518667221069, -0.5386869311332703, -0.044085487723350525, 0.93292236328125], [0.039697207510471344, 0.019756948575377464, -0.9990164041519165, 1.5005111694335938], [0.5390281081199646, -0.8422743678092957, 0.004761822056025267, -1.17755126953125], [0.0, 0.0, 0.0, 1.0]], [[0.9475449919700623, 0.3186500072479248, 0.024915173649787903, -1.1314697265625], [0.014348028227686882, 0.03546690568327904, -0.9992678761482239, 1.5622406005859375], [-0.3193003833293915, 0.94720858335495, 0.029034486040472984, -0.15997314453125], [0.0, 0.0, 0.0, 1.0]], [[0.007326068356633186, 0.9995845556259155, 0.027875028550624847, -0.02783203125], [0.016459980979561806, 0.027751456946134567, -0.9994792938232422, 1.5693359375], [-0.9998376965522766, 0.007781066466122866, -0.01624983735382557, -0.032318115234375], [0.0, 0.0, 0.0, 1.0]], [[-0.9245088696479797, 0.3807663917541504, -0.017327336594462395, 1.03363037109375], [0.020725015550851822, 0.004824605770409107, -0.9997735619544983, 1.5506696701049805], [-0.3805965781211853, -0.9246586561203003, -0.012351780198514462, -0.09674072265625], [0.0, 0.0, 0.0, 1.0]]], "view": [[0.0, -2.0, 100.0], [-2.0, 0.0, 100.0], [0.0, 0.0, 1.0]], "bev": "bev_ddffa6178ed74b57a6febbbdc6699310.png", "aux": "aux_ddffa6178ed74b57a6febbbdc6699310.npz", "visibility": "visibility_ddffa6178ed74b57a6febbbdc6699310.png", "pose": [[0.9554935693740845, 0.2950119078159332, 0.0, 401.5517883300781], [-0.2950119078159332, 0.9554935693740845, 0.0, 833.5297241210938], [0.0, 0.0, 1.0, 0.0], [0.0, 0.0, 0.0, 1.0]], "pose_inverse": [[0.9554935693740845, -0.2950119078159332, 0.0, -137.77896118164062], [0.2950119078159332, 0.9554935693740845, 0.0, -914.8948364257812], [0.0, 0.0, 1.0, 0.0], [0.0, 0.0, 0.0, 1.0]], "cam_ids": [0, 1, 2, 3, 4, 5], "cam_channels": ["CAM_FRONT_LEFT", "CAM_FRONT", "CAM_FRONT_RIGHT", "CAM_BACK_LEFT", "CAM_BACK", "CAM_BACK_RIGHT"], "token": "ddffa6178ed74b57a6febbbdc6699310", "scene": "scene-0577"}, {"images": ["samples/CAM_FRONT_LEFT/n008-2018-09-18-13-10-39-0400__CAM_FRONT_LEFT__1537290943654799.jpg", "samples/CAM_FRONT/n008-2018-09-18-13-10-39-0400__CAM_FRONT__1537290943662404.jpg", "samples/CAM_FRONT_RIGHT/n008-2018-09-18-13-10-39-0400__CAM_FRONT_RIGHT__1537290943670482.jpg", "samples/CAM_BACK_LEFT/n008-2018-09-18-13-10-39-0400__CAM_BACK_LEFT__1537290943697405.jpg", "samples/CAM_BACK/n008-2018-09-18-13-10-39-0400__CAM_BACK__1537290943687558.jpg", "samples/CAM_BACK_RIGHT/n008-2018-09-18-13-10-39-0400__CAM_BACK_RIGHT__1537290943678113.jpg"], "intrinsics": [[[1257.8625342125129, 0.0, 827.2410631095686], [0.0, 1257.8625342125129, 450.915498205774], [0.0, 0.0, 1.0]], [[1252.8131021185304, 0.0, 826.588114781398], [0.0, 1252.8131021185304, 469.9846626224581], [0.0, 0.0, 1.0]], [[1256.7485116440405, 0.0, 817.7887570959712], [0.0, 1256.7485116440403, 451.9541780095127], [0.0, 0.0, 1.0]], [[1254.9860565800168, 0.0, 829.5769333630991], [0.0, 1254.9860565800168, 467.1680561863987], [0.0, 0.0, 1.0]], [[796.8910634503094, 0.0, 857.7774326863696], [0.0, 796.8910634503094, 476.8848988407415], [0.0, 0.0, 1.0]], [[1249.9629280788233, 0.0, 825.3768045375984], [0.0, 1249.9629280788233, 462.54816385708756], [0.0, 0.0, 1.0]]], "extrinsics": [[[0.8250853419303894, -0.5649538040161133, 0.007839134894311428, -0.749359130859375], [0.029052719473838806, 0.02856578305363655, -0.999169647693634, 1.4972496032714844], [0.5642607808113098, 0.8246278762817383, 0.03998265042901039, -1.15960693359375], [0.0, 0.0, 0.0, 1.0]], [[0.014454394578933716, -0.9996079802513123, -0.023976141586899757, 0.01007080078125], [0.031085120514035225, 0.02441629208624363, -0.9992184638977051, 1.4881305694580078], [0.9994122385978699, 0.01369780208915472, 0.03142585977911949, -1.47784423828125], [0.0, 0.0, 0.0, 1.0]], [[-0.8417378067970276, -0.5382933020591736, -0.04144681245088577, 0.92132568359375], [0.03917127475142479, 0.015675408765673637, -0.9991095066070557, 1.5009574890136719], [0.5384637117385864, -0.8426117897033691, 0.007891049608588219, -1.1683349609375], [0.0, 0.0, 0.0, 1.0]], [[0.9475148916244507, 0.318888783454895, 0.02292313240468502, -1.1287841796875], [0.013937124982476234, 0.030432723462581635, -0.9994396567344666, 1.5622577667236328], [-0.3194076716899872, 0.9473034143447876, 0.024391066282987595, -0.16162109375], [0.0, 0.0, 0.0, 1.0]], [[0.007526111789047718, 0.9997029900550842, 0.023177873343229294, -0.0286865234375], [0.016035649925470352, 0.02305489033460617, -0.9996055364608765, 1.5694007873535156], [-0.9998430609703064, 0.007894829846918583, -0.015857374295592308, -0.03983306884765625], [0.0, 0.0, 0.0, 1.0]], [[-0.9243369102478027, 0.38113000988960266, -0.01846703328192234, 1.0224609375], [0.020171349868178368, 0.0004771371022798121, -0.9997963905334473, 1.5508224964141846], [-0.3810436725616455, -0.9245213270187378, -0.008128941059112549, -0.10003662109375], [0.0, 0.0, 0.0, 1.0]]], "view": [[0.0, -2.0, 100.0], [-2.0, 0.0, 100.0], [0.0, 0.0, 1.0]], "bev": "bev_4bd232146f7f44b7a33116169eca02d6.png", "aux": "aux_4bd232146f7f44b7a33116169eca02d6.npz", "visibility": "visibility_4bd232146f7f44b7a33116169eca02d6.png", "pose": [[0.9390886425971985, 0.34367498755455017, 0.0, 404.6755676269531], [-0.34367498755455017, 0.9390886425971985, 0.0, 832.4603271484375], [0.0, 0.0, 1.0, 0.0], [0.0, 0.0, 0.0, 1.0]], "pose_inverse": [[0.9390886425971985, -0.34367498755455017, 0.0, -93.93043518066406], [0.34367498755455017, 0.9390886425971985, 0.0, -920.8309326171875], [0.0, 0.0, 1.0, 0.0], [0.0, 0.0, 0.0, 1.0]], "cam_ids": [0, 1, 2, 3, 4, 5], "cam_channels": ["CAM_FRONT_LEFT", "CAM_FRONT", "CAM_FRONT_RIGHT", "CAM_BACK_LEFT", "CAM_BACK", "CAM_BACK_RIGHT"], "token": "4bd232146f7f44b7a33116169eca02d6", "scene": "scene-0577"}, {"images": ["samples/CAM_FRONT_LEFT/n008-2018-09-18-13-10-39-0400__CAM_FRONT_LEFT__1537290944154799.jpg", "samples/CAM_FRONT/n008-2018-09-18-13-10-39-0400__CAM_FRONT__1537290944162404.jpg", "samples/CAM_FRONT_RIGHT/n008-2018-09-18-13-10-39-0400__CAM_FRONT_RIGHT__1537290944170482.jpg", "samples/CAM_BACK_LEFT/n008-2018-09-18-13-10-39-0400__CAM_BACK_LEFT__1537290944197405.jpg", "samples/CAM_BACK/n008-2018-09-18-13-10-39-0400__CAM_BACK__1537290944187558.jpg", "samples/CAM_BACK_RIGHT/n008-2018-09-18-13-10-39-0400__CAM_BACK_RIGHT__1537290944178113.jpg"], "intrinsics": [[[1257.8625342125129, 0.0, 827.2410631095686], [0.0, 1257.8625342125129, 450.915498205774], [0.0, 0.0, 1.0]], [[1252.8131021185304, 0.0, 826.588114781398], [0.0, 1252.8131021185304, 469.9846626224581], [0.0, 0.0, 1.0]], [[1256.7485116440405, 0.0, 817.7887570959712], [0.0, 1256.7485116440403, 451.9541780095127], [0.0, 0.0, 1.0]], [[1254.9860565800168, 0.0, 829.5769333630991], [0.0, 1254.9860565800168, 467.1680561863987], [0.0, 0.0, 1.0]], [[796.8910634503094, 0.0, 857.7774326863696], [0.0, 796.8910634503094, 476.8848988407415], [0.0, 0.0, 1.0]], [[1249.9629280788233, 0.0, 825.3768045375984], [0.0, 1249.9629280788233, 462.54816385708756], [0.0, 0.0, 1.0]]], "extrinsics": [[[0.8241003751754761, -0.5663540363311768, 0.010085834190249443, -0.757049560546875], [0.02899063006043434, 0.024388622492551804, -0.9992821216583252, 1.4969844818115234], [0.5657014846801758, 0.8238011598587036, 0.03651762753725052, -1.1640625], [0.0, 0.0, 0.0, 1.0]], [[0.013034547679126263, -0.9997200965881348, -0.019744902849197388, 0.009765625], [0.03083014488220215, 0.02013900689780712, -0.9993217587471008, 1.487823486328125], [0.9994396567344666, 0.012416974641382694, 0.03108401969075203, -1.4857635498046875], [0.0, 0.0, 0.0, 1.0]], [[-0.8423570990562439, -0.5375248193740845, -0.03875153884291649, 0.9273681640625], [0.03873036056756973, 0.011339341290295124, -0.99918532371521, 1.5005912780761719], [0.5375263094902039, -0.8431717753410339, 0.011266753077507019, -1.17236328125], [0.0, 0.0, 0.0, 1.0]], [[0.9476282000541687, 0.31871166825294495, 0.02058507315814495, -1.132476806640625], [0.012897074222564697, 0.026213832199573517, -0.9995731711387634, 1.5622081756591797], [-0.3191152811050415, 0.9474891424179077, 0.0207305159419775, -0.15966796875], [0.0, 0.0, 0.0, 1.0]], [[0.008095880039036274, 0.9997885227203369, 0.01890089362859726, -0.028564453125], [0.015226687304675579, 0.018776066601276398, -0.9997077584266663, 1.5692558288574219], [-0.999851405620575, 0.008381294086575508, -0.015071460977196693, -0.034435272216796875], [0.0, 0.0, 0.0, 1.0]], [[-0.924029529094696, 0.3818207085132599, -0.01955491304397583, 1.028564453125], [0.019571922719478607, -0.0038394732400774956, -0.9998010993003845, 1.5506091117858887], [-0.3818197548389435, -0.9242284893989563, -0.003925176337361336, -0.09765625], [0.0, 0.0, 0.0, 1.0]]], "view": [[0.0, -2.0, 100.0], [-2.0, 0.0, 100.0], [0.0, 0.0, 1.0]], "bev": "bev_115d60d5e42a4d3f842e75a8d8531840.png", "aux": "aux_115d60d5e42a4d3f842e75a8d8531840.npz", "visibility": "visibility_115d60d5e42a4d3f842e75a8d8531840.png", "pose": [[0.9247883558273315, 0.3804819881916046, 0.0, 407.8218688964844], [-0.3804819881916046, 0.9247883558273315, 0.0, 831.2134399414062], [0.0, 0.0, 1.0, 0.0], [0.0, 0.0, 0.0, 1.0]], "pose_inverse": [[0.9247883558273315, -0.3804819881916046, 0.0, -60.887176513671875], [0.3804819881916046, 0.9247883558273315, 0.0, -923.8653564453125], [0.0, 0.0, 1.0, 0.0], [0.0, 0.0, 0.0, 1.0]], "cam_ids": [0, 1, 2, 3, 4, 5], "cam_channels": ["CAM_FRONT_LEFT", "CAM_FRONT", "CAM_FRONT_RIGHT", "CAM_BACK_LEFT", "CAM_BACK", "CAM_BACK_RIGHT"], "token": "115d60d5e42a4d3f842e75a8d8531840", "scene": "scene-0577"}, {"images": ["samples/CAM_FRONT_LEFT/n008-2018-09-18-13-10-39-0400__CAM_FRONT_LEFT__1537290944654799.jpg", "samples/CAM_FRONT/n008-2018-09-18-13-10-39-0400__CAM_FRONT__1537290944662404.jpg", "samples/CAM_FRONT_RIGHT/n008-2018-09-18-13-10-39-0400__CAM_FRONT_RIGHT__1537290944670482.jpg", "samples/CAM_BACK_LEFT/n008-2018-09-18-13-10-39-0400__CAM_BACK_LEFT__1537290944697405.jpg", "samples/CAM_BACK/n008-2018-09-18-13-10-39-0400__CAM_BACK__1537290944687558.jpg", "samples/CAM_BACK_RIGHT/n008-2018-09-18-13-10-39-0400__CAM_BACK_RIGHT__1537290944678113.jpg"], "intrinsics": [[[1257.8625342125129, 0.0, 827.2410631095686], [0.0, 1257.8625342125129, 450.915498205774], [0.0, 0.0, 1.0]], [[1252.8131021185304, 0.0, 826.588114781398], [0.0, 1252.8131021185304, 469.9846626224581], [0.0, 0.0, 1.0]], [[1256.7485116440405, 0.0, 817.7887570959712], [0.0, 1256.7485116440403, 451.9541780095127], [0.0, 0.0, 1.0]], [[1254.9860565800168, 0.0, 829.5769333630991], [0.0, 1254.9860565800168, 467.1680561863987], [0.0, 0.0, 1.0]], [[796.8910634503094, 0.0, 857.7774326863696], [0.0, 796.8910634503094, 476.8848988407415], [0.0, 0.0, 1.0]], [[1249.9629280788233, 0.0, 825.3768045375984], [0.0, 1249.9629280788233, 462.54816385708756], [0.0, 0.0, 1.0]]], "extrinsics": [[[0.823398232460022, -0.5672869682312012, 0.014173315837979317, -0.73870849609375], [0.031657874584198, 0.020984003320336342, -0.9992784857749939, 1.498443603515625], [0.5665801763534546, 0.8232528567314148, 0.03523728996515274, -1.152587890625], [0.0, 0.0, 0.0, 1.0]], [[0.012088309042155743, -0.9997900128364563, -0.016550736501812935, 0.01043701171875], [0.03361033275723457, 0.01694886013865471, -0.9992913007736206, 1.4891510009765625], [0.9993618726730347, 0.011523469351232052, 0.033808156847953796, -1.466583251953125], [0.0, 0.0, 0.0, 1.0]], [[-0.8426592946052551, -0.5369908809661865, -0.03957514837384224, 0.91436767578125], [0.04159852862358093, 0.008354194462299347, -0.9990994334220886, 1.5017995834350586], [0.5368379354476929, -0.8435466885566711, 0.015298290178179741, -1.1634521484375], [0.0, 0.0, 0.0, 1.0]], [[0.9475653171539307, 0.3187602460384369, 0.022629523649811745, -1.129241943359375], [0.01585293374955654, 0.023837849497795105, -0.9995901584625244, 1.5622901916503906], [-0.3191690444946289, 0.9475355744361877, 0.017534632235765457, -0.1610107421875], [0.0, 0.0, 0.0, 1.0]], [[0.00833391398191452, 0.9998316764831543, 0.01634417474269867, -0.0286865234375], [0.018065307289361954, 0.01619153469800949, -0.9997056722640991, 1.5696191787719727], [-0.9998021125793457, 0.008626692928373814, -0.017927328124642372, -0.042491912841796875], [0.0, 0.0, 0.0, 1.0]], [[-0.923754096031189, 0.3822770118713379, -0.023294132202863693, 1.0169677734375], [0.022463060915470123, -0.006637586746364832, -0.9997255802154541, 1.5513043403625488], [-0.38232672214508057, -0.9240239262580872, -0.0024556112475693226, -0.10198974609375], [0.0, 0.0, 0.0, 1.0]]], "view": [[0.0, -2.0, 100.0], [-2.0, 0.0, 100.0], [0.0, 0.0, 1.0]], "bev": "bev_81641a03d3a34591ad2441dd512db03a.png", "aux": "aux_81641a03d3a34591ad2441dd512db03a.npz", "visibility": "visibility_81641a03d3a34591ad2441dd512db03a.png", "pose": [[0.9166154861450195, 0.39976999163627625, 0.0, 411.01470947265625], [-0.39976999163627625, 0.9166154861450195, 0.0, 829.8412475585938], [0.0, 0.0, 1.0, 0.0], [0.0, 0.0, 0.0, 1.0]], "pose_inverse": [[0.9166154861450195, -0.39976999163627625, 0.0, -44.9968147277832], [0.39976999163627625, 0.9166154861450195, 0.0, -924.9566650390625], [0.0, 0.0, 1.0, 0.0], [0.0, 0.0, 0.0, 1.0]], "cam_ids": [0, 1, 2, 3, 4, 5], "cam_channels": ["CAM_FRONT_LEFT", "CAM_FRONT", "CAM_FRONT_RIGHT", "CAM_BACK_LEFT", "CAM_BACK", "CAM_BACK_RIGHT"], "token": "81641a03d3a34591ad2441dd512db03a", "scene": "scene-0577"}, {"images": ["samples/CAM_FRONT_LEFT/n008-2018-09-18-13-10-39-0400__CAM_FRONT_LEFT__1537290945154799.jpg", "samples/CAM_FRONT/n008-2018-09-18-13-10-39-0400__CAM_FRONT__1537290945162404.jpg", "samples/CAM_FRONT_RIGHT/n008-2018-09-18-13-10-39-0400__CAM_FRONT_RIGHT__1537290945170482.jpg", "samples/CAM_BACK_LEFT/n008-2018-09-18-13-10-39-0400__CAM_BACK_LEFT__1537290945197405.jpg", "samples/CAM_BACK/n008-2018-09-18-13-10-39-0400__CAM_BACK__1537290945187558.jpg", "samples/CAM_BACK_RIGHT/n008-2018-09-18-13-10-39-0400__CAM_BACK_RIGHT__1537290945178113.jpg"], "intrinsics": [[[1257.8625342125129, 0.0, 827.2410631095686], [0.0, 1257.8625342125129, 450.915498205774], [0.0, 0.0, 1.0]], [[1252.8131021185304, 0.0, 826.588114781398], [0.0, 1252.8131021185304, 469.9846626224581], [0.0, 0.0, 1.0]], [[1256.7485116440405, 0.0, 817.7887570959712], [0.0, 1256.7485116440403, 451.9541780095127], [0.0, 0.0, 1.0]], [[1254.9860565800168, 0.0, 829.5769333630991], [0.0, 1254.9860565800168, 467.1680561863987], [0.0, 0.0, 1.0]], [[796.8910634503094, 0.0, 857.7774326863696], [0.0, 796.8910634503094, 476.8848988407415], [0.0, 0.0, 1.0]], [[1249.9629280788233, 0.0, 825.3768045375984], [0.0, 1249.9629280788233, 462.54816385708756], [0.0, 0.0, 1.0]]], "extrinsics": [[[0.8226053714752197, -0.568535327911377, 0.009379873983561993, -0.74188232421875], [0.02854227088391781, 0.024810882285237312, -0.9992846250534058, 1.4972152709960938], [0.5678958892822266, 0.8222846388816833, 0.03663685545325279, -1.1573486328125], [0.0, 0.0, 0.0, 1.0]], [[0.01076810248196125, -0.9997331500053406, -0.020435024052858353, 0.01214599609375], [0.030473856255412102, 0.02075481228530407, -0.9993200898170471, 1.4880962371826172], [0.9994775652885437, 0.010138049721717834, 0.030689217150211334, -1.4719810485839844], [0.0, 0.0, 0.0, 1.0]], [[-0.8433124423027039, -0.5360085964202881, -0.03897365927696228, 0.91876220703125], [0.03847772255539894, 0.012113970704376698, -0.9991860389709473, 1.5009479522705078], [0.5360443592071533, -0.8441256880760193, 0.010408525355160236, -1.1646728515625], [0.0, 0.0, 0.0, 1.0]], [[0.9476004838943481, 0.31876182556152344, 0.021077945828437805, -1.1309814453125], [0.013003748841583729, 0.027437010779976845, -0.9995389580726624, 1.562204360961914], [-0.31919315457344055, 0.9474377632141113, 0.021854225546121597, -0.1611328125], [0.0, 0.0, 0.0, 1.0]], [[0.008736753836274147, 0.9997623562812805, 0.019973641261458397, -0.02960205078125], [0.01515137404203415, 0.019839759916067123, -0.9996883273124695, 1.5693111419677734], [-0.9998470544815063, 0.009036676026880741, -0.014974437654018402, -0.03995513916015625], [0.0, 0.0, 0.0, 1.0]], [[-0.923539400100708, 0.383030503988266, -0.019042162224650383, 1.01983642578125], [0.019406169652938843, -0.0029139562975615263, -0.9998074769973755, 1.5507609844207764], [-0.38301220536231995, -0.9237310886383057, -0.004742000252008438, -0.09967041015625], [0.0, 0.0, 0.0, 1.0]]], "view": [[0.0, -2.0, 100.0], [-2.0, 0.0, 100.0], [0.0, 0.0, 1.0]], "bev": "bev_55a0520f47ec447a8880a768ed2b3045.png", "aux": "aux_55a0520f47ec447a8880a768ed2b3045.npz", "visibility": "visibility_55a0520f47ec447a8880a768ed2b3045.png", "pose": [[0.9130051136016846, 0.40794816613197327, 0.0, 414.24700927734375], [-0.40794816613197327, 0.9130051136016846, 0.0, 828.3590698242188], [0.0, 0.0, 1.0, 0.0], [0.0, 0.0, 0.0, 1.0]], "pose_inverse": [[0.9130051136016846, -0.40794816613197327, 0.0, -40.282073974609375], [0.40794816613197327, 0.9130051136016846, 0.0, -925.287353515625], [0.0, 0.0, 1.0, 0.0], [0.0, 0.0, 0.0, 1.0]], "cam_ids": [0, 1, 2, 3, 4, 5], "cam_channels": ["CAM_FRONT_LEFT", "CAM_FRONT", "CAM_FRONT_RIGHT", "CAM_BACK_LEFT", "CAM_BACK", "CAM_BACK_RIGHT"], "token": "55a0520f47ec447a8880a768ed2b3045", "scene": "scene-0577"}, {"images": ["samples/CAM_FRONT_LEFT/n008-2018-09-18-13-10-39-0400__CAM_FRONT_LEFT__1537290945654799.jpg", "samples/CAM_FRONT/n008-2018-09-18-13-10-39-0400__CAM_FRONT__1537290945662404.jpg", "samples/CAM_FRONT_RIGHT/n008-2018-09-18-13-10-39-0400__CAM_FRONT_RIGHT__1537290945670482.jpg", "samples/CAM_BACK_LEFT/n008-2018-09-18-13-10-39-0400__CAM_BACK_LEFT__1537290945697405.jpg", "samples/CAM_BACK/n008-2018-09-18-13-10-39-0400__CAM_BACK__1537290945687558.jpg", "samples/CAM_BACK_RIGHT/n008-2018-09-18-13-10-39-0400__CAM_BACK_RIGHT__1537290945678113.jpg"], "intrinsics": [[[1257.8625342125129, 0.0, 827.2410631095686], [0.0, 1257.8625342125129, 450.915498205774], [0.0, 0.0, 1.0]], [[1252.8131021185304, 0.0, 826.588114781398], [0.0, 1252.8131021185304, 469.9846626224581], [0.0, 0.0, 1.0]], [[1256.7485116440405, 0.0, 817.7887570959712], [0.0, 1256.7485116440403, 451.9541780095127], [0.0, 0.0, 1.0]], [[1254.9860565800168, 0.0, 829.5769333630991], [0.0, 1254.9860565800168, 467.1680561863987], [0.0, 0.0, 1.0]], [[796.8910634503094, 0.0, 857.7774326863696], [0.0, 796.8910634503094, 476.8848988407415], [0.0, 0.0, 1.0]], [[1249.9629280788233, 0.0, 825.3768045375984], [0.0, 1249.9629280788233, 462.54816385708756], [0.0, 0.0, 1.0]]], "extrinsics": [[[0.8219876885414124, -0.5694584846496582, 0.00730109354481101, -0.71942138671875], [0.026196027174592018, 0.02500007674098015, -0.9993441700935364, 1.4970722198486328], [0.5689024925231934, 0.8216398358345032, 0.03546730428934097, -1.144775390625], [0.0, 0.0, 0.0, 1.0]], [[0.00970714446157217, -0.9997395873069763, -0.02065153978765011, 0.0142822265625], [0.028245706111192703, 0.020918410271406174, -0.9993821382522583, 1.4880962371826172], [0.9995538592338562, 0.009117796085774899, 0.028441406786441803, -1.4495964050292969], [0.0, 0.0, 0.0, 1.0]], [[-0.8438873887062073, -0.5352228879928589, -0.03729061037302017, 0.9034423828125], [0.03637927770614624, 0.012262377887964249, -0.999262809753418, 1.501190185546875], [0.5352855920791626, -0.8446218371391296, 0.009122958406805992, -1.1533203125], [0.0, 0.0, 0.0, 1.0]], [[0.9477421641349792, 0.3184368312358856, 0.01956404745578766, -1.12213134765625], [0.01133925560861826, 0.02766202948987484, -0.9995530247688293, 1.5622940063476562], [-0.31883567571640015, 0.9475403428077698, 0.022605635225772858, -0.163818359375], [0.0, 0.0, 0.0, 1.0]], [[0.009383047930896282, 0.9997522830963135, 0.020181579515337944, -0.0296630859375], [0.013347990810871124, 0.020055443048477173, -0.9997097849845886, 1.5693206787109375], [-0.9998669624328613, 0.009649676270782948, -0.013156506232917309, -0.052501678466796875], [0.0, 0.0, 0.0, 1.0]], [[-0.9232545495033264, 0.38380566239356995, -0.017153816297650337, 1.004852294921875], [0.017439695075154305, -0.002735408488661051, -0.9998441934585571, 1.5507416725158691], [-0.3837926685810089, -0.9234098196029663, -0.004167973529547453, -0.10498046875], [0.0, 0.0, 0.0, 1.0]]], "view": [[0.0, -2.0, 100.0], [-2.0, 0.0, 100.0], [0.0, 0.0, 1.0]], "bev": "bev_cbfd955556f24d8e850a3cbfb5c5acc7.png", "aux": "aux_cbfd955556f24d8e850a3cbfb5c5acc7.npz", "visibility": "visibility_cbfd955556f24d8e850a3cbfb5c5acc7.png", "pose": [[0.9153015613555908, 0.40276917815208435, 0.0, 417.6397705078125], [-0.40276917815208435, 0.9153015613555908, 0.0, 826.7833862304688], [0.0, 0.0, 1.0, 0.0], [0.0, 0.0, 0.0, 1.0]], "pose_inverse": [[0.9153015613555908, -0.40276917815208435, 0.0, -49.263484954833984], [0.40276917815208435, 0.9153015613555908, 0.0, -924.9685668945312], [0.0, 0.0, 1.0, 0.0], [0.0, 0.0, 0.0, 1.0]], "cam_ids": [0, 1, 2, 3, 4, 5], "cam_channels": ["CAM_FRONT_LEFT", "CAM_FRONT", "CAM_FRONT_RIGHT", "CAM_BACK_LEFT", "CAM_BACK", "CAM_BACK_RIGHT"], "token": "cbfd955556f24d8e850a3cbfb5c5acc7", "scene": "scene-0577"}, {"images": ["samples/CAM_FRONT_LEFT/n008-2018-09-18-13-10-39-0400__CAM_FRONT_LEFT__1537290946254799.jpg", "samples/CAM_FRONT/n008-2018-09-18-13-10-39-0400__CAM_FRONT__1537290946262404.jpg", "samples/CAM_FRONT_RIGHT/n008-2018-09-18-13-10-39-0400__CAM_FRONT_RIGHT__1537290946270482.jpg", "samples/CAM_BACK_LEFT/n008-2018-09-18-13-10-39-0400__CAM_BACK_LEFT__1537290946297405.jpg", "samples/CAM_BACK/n008-2018-09-18-13-10-39-0400__CAM_BACK__1537290946287558.jpg", "samples/CAM_BACK_RIGHT/n008-2018-09-18-13-10-39-0400__CAM_BACK_RIGHT__1537290946278113.jpg"], "intrinsics": [[[1257.8625342125129, 0.0, 827.2410631095686], [0.0, 1257.8625342125129, 450.915498205774], [0.0, 0.0, 1.0]], [[1252.8131021185304, 0.0, 826.588114781398], [0.0, 1252.8131021185304, 469.9846626224581], [0.0, 0.0, 1.0]], [[1256.7485116440405, 0.0, 817.7887570959712], [0.0, 1256.7485116440403, 451.9541780095127], [0.0, 0.0, 1.0]], [[1254.9860565800168, 0.0, 829.5769333630991], [0.0, 1254.9860565800168, 467.1680561863987], [0.0, 0.0, 1.0]], [[796.8910634503094, 0.0, 857.7774326863696], [0.0, 796.8910634503094, 476.8848988407415], [0.0, 0.0, 1.0]], [[1249.9629280788233, 0.0, 825.3768045375984], [0.0, 1249.9629280788233, 462.54816385708756], [0.0, 0.0, 1.0]]], "extrinsics": [[[0.8225996494293213, -0.5685961842536926, 0.005313991103321314, -0.71600341796875], [0.02527620457112789, 0.02722824178636074, -0.9993095993995667, 1.496999740600586], [0.568058967590332, 0.8221660852432251, 0.036769893020391464, -1.13848876953125], [0.0, 0.0, 0.0, 1.0]], [[0.01073548011481762, -0.9996803998947144, -0.022890698164701462, 0.01177978515625], [0.027120349928736687, 0.02317468635737896, -0.9993635416030884, 1.4879379272460938], [0.9995745420455933, 0.010107806883752346, 0.027360470965504646, -1.4453811645507812], [0.0, 0.0, 0.0, 1.0]], [[-0.843421220779419, -0.5359531044960022, -0.03735014423727989, 0.89971923828125], [0.03501872718334198, 0.014530667103827, -0.9992809891700745, 1.5010185241699219], [0.5361104011535645, -0.8441228270530701, 0.006512918975204229, -1.15313720703125], [0.0, 0.0, 0.0, 1.0]], [[0.9477382898330688, 0.31852397322654724, 0.018294915556907654, -1.121734619140625], [0.009298386983573437, 0.0297421645373106, -0.9995143413543701, 1.5622520446777344], [-0.31891345977783203, 0.9474481344223022, 0.02522602677345276, -0.163818359375], [0.0, 0.0, 0.0, 1.0]], [[0.00885840505361557, 0.9997114539146423, 0.022325504571199417, -0.02923583984375]