[{"images": ["samples/CAM_FRONT_LEFT/n008-2018-09-18-14-54-39-0400__CAM_FRONT_LEFT__1537297877854799.jpg", "samples/CAM_FRONT/n008-2018-09-18-14-54-39-0400__CAM_FRONT__1537297877862404.jpg", "samples/CAM_FRONT_RIGHT/n008-2018-09-18-14-54-39-0400__CAM_FRONT_RIGHT__1537297877870482.jpg", "samples/CAM_BACK_LEFT/n008-2018-09-18-14-54-39-0400__CAM_BACK_LEFT__1537297877897405.jpg", "samples/CAM_BACK/n008-2018-09-18-14-54-39-0400__CAM_BACK__1537297877887558.jpg", "samples/CAM_BACK_RIGHT/n008-2018-09-18-14-54-39-0400__CAM_BACK_RIGHT__1537297877878113.jpg"], "intrinsics": [[[1257.8625342125129, 0.0, 827.2410631095686], [0.0, 1257.8625342125129, 450.915498205774], [0.0, 0.0, 1.0]], [[1252.8131021185304, 0.0, 826.588114781398], [0.0, 1252.8131021185304, 469.9846626224581], [0.0, 0.0, 1.0]], [[1256.7485116440405, 0.0, 817.7887570959712], [0.0, 1256.7485116440403, 451.9541780095127], [0.0, 0.0, 1.0]], [[1254.9860565800168, 0.0, 829.5769333630991], [0.0, 1254.9860565800168, 467.1680561863987], [0.0, 0.0, 1.0]], [[796.8910634503094, 0.0, 857.7774326863696], [0.0, 796.8910634503094, 476.8848988407415], [0.0, 0.0, 1.0]], [[1249.9629280788233, 0.0, 825.3768045375984], [0.0, 1249.9629280788233, 462.54816385708756], [0.0, 0.0, 1.0]]], "extrinsics": [[[0.8224177360534668, -0.5687761306762695, 0.011083313263952732, -1.0050048828125], [0.030029183253645897, 0.023948606103658676, -0.9992620348930359, 1.4882965087890625], [0.5680910348892212, 0.8221436738967896, 0.03677563741803169, -1.3333740234375], [0.0, 0.0, 0.0, 1.0]], [[0.010556470602750778, -0.9997541308403015, -0.019500169903039932, 0.005428314208984375], [0.03199276700615883, 0.019828960299491882, -0.9992913603782654, 1.48016357421875], [0.999432384967804, 0.009925070218741894, 0.03219422325491905, -1.734619140625], [0.0, 0.0, 0.0, 1.0]], [[-0.8433653116226196, -0.5358685851097107, -0.03974805772304535, 1.0904541015625], [0.040017589926719666, 0.011130177415907383, -0.9991369247436523, 1.4930648803710938], [0.5358484983444214, -0.8442280888557434, 0.012057362124323845, -1.277587890625], [0.0, 0.0, 0.0, 1.0]], [[0.9476671814918518, 0.31848281621932983, 0.02226473018527031, -1.1439208984375], [0.014642913825809956, 0.02630605921149254, -0.9995466470718384, 1.562042236328125], [-0.3189241290092468, 0.9475635886192322, 0.020265871658921242, -0.15606689453125], [0.0, 0.0, 0.0, 1.0]], [[0.008931280113756657, 0.99978107213974, 0.018925726413726807, -0.028848648071289062], [0.016767045482993126, 0.018774090334773064, -0.999683141708374, 1.568063735961914], [-0.9998195767402649, 0.009245766326785088, -0.016595695167779922, 0.0443115234375], [0.0, 0.0, 0.0, 1.0]], [[-0.9234384298324585, 0.3831784725189209, -0.0208740234375, 1.16064453125], [0.020967010408639908, -0.003934280015528202, -0.9997724294662476, 1.5478172302246094], [-0.3831733763217926, -0.9236659407615662, -0.004401040729135275, -0.04376220703125], [0.0, 0.0, 0.0, 1.0]]], "view": [[0.0, -2.0, 100.0], [-2.0, 0.0, 100.0], [0.0, 0.0, 1.0]], "bev": "bev_c23520f65f8d4e7cacc265fb7137518e.png", "aux": "aux_c23520f65f8d4e7cacc265fb7137518e.npz", "visibility": "visibility_c23520f65f8d4e7cacc265fb7137518e.png", "pose": [[0.5097235441207886, -0.8603382706642151, 0.0, 995.3406372070312], [0.8603382706642151, 0.5097235441207886, 0.0, 1625.2078857421875], [0.0, 0.0, 1.0, 0.0], [0.0, 0.0, 0.0, 1.0]], "pose_inverse": [[0.5097235441207886, 0.8603382706642151, 0.0, -1905.5770263671875], [-0.8603382706642151, 0.5097235441207886, 0.0, 27.92285919189453], [0.0, 0.0, 1.0, 0.0], [0.0, 0.0, 0.0, 1.0]], "cam_ids": [0, 1, 2, 3, 4, 5], "cam_channels": ["CAM_FRONT_LEFT", "CAM_FRONT", "CAM_FRONT_RIGHT", "CAM_BACK_LEFT", "CAM_BACK", "CAM_BACK_RIGHT"], "token": "c23520f65f8d4e7cacc265fb7137518e", "scene": "scene-0903"}, {"images": ["samples/CAM_FRONT_LEFT/n008-2018-09-18-14-54-39-0400__CAM_FRONT_LEFT__1537297878354799.jpg", "samples/CAM_FRONT/n008-2018-09-18-14-54-39-0400__CAM_FRONT__1537297878362404.jpg", "samples/CAM_FRONT_RIGHT/n008-2018-09-18-14-54-39-0400__CAM_FRONT_RIGHT__1537297878370482.jpg", "samples/CAM_BACK_LEFT/n008-2018-09-18-14-54-39-0400__CAM_BACK_LEFT__1537297878397405.jpg", "samples/CAM_BACK/n008-2018-09-18-14-54-39-0400__CAM_BACK__1537297878387558.jpg", "samples/CAM_BACK_RIGHT/n008-2018-09-18-14-54-39-0400__CAM_BACK_RIGHT__1537297878378113.jpg"], "intrinsics": [[[1257.8625342125129, 0.0, 827.2410631095686], [0.0, 1257.8625342125129, 450.915498205774], [0.0, 0.0, 1.0]], [[1252.8131021185304, 0.0, 826.588114781398], [0.0, 1252.8131021185304, 469.9846626224581], [0.0, 0.0, 1.0]], [[1256.7485116440405, 0.0, 817.7887570959712], [0.0, 1256.7485116440403, 451.9541780095127], [0.0, 0.0, 1.0]], [[1254.9860565800168, 0.0, 829.5769333630991], [0.0, 1254.9860565800168, 467.1680561863987], [0.0, 0.0, 1.0]], [[796.8910634503094, 0.0, 857.7774326863696], [0.0, 796.8910634503094, 476.8848988407415], [0.0, 0.0, 1.0]], [[1249.9629280788233, 0.0, 825.3768045375984], [0.0, 1249.9629280788233, 462.54816385708756], [0.0, 0.0, 1.0]]], "extrinsics": [[[0.8224174380302429, -0.56877601146698, 0.01110368687659502, -1.005126953125], [0.030029421672225, 0.02391313761472702, -0.9992629289627075, 1.4882965087890625], [0.5680912137031555, 0.8221447467803955, 0.03674659505486488, -1.3336181640625], [0.0, 0.0, 0.0, 1.0]], [[0.010557396337389946, -0.999754786491394, -0.01946503482758999, 0.005397796630859375], [0.0319812074303627, 0.01979375258088112, -0.9992924332618713, 1.4801597595214844], [0.9994326829910278, 0.009927316568791866, 0.03218233585357666, -1.73486328125], [0.0, 0.0, 0.0, 1.0]], [[-0.8433648347854614, -0.5358722805976868, -0.03970636799931526, 1.090576171875], [0.0399947464466095, 0.011088444851338863, -0.999138355255127, 1.4930801391601562], [0.5358508229255676, -0.8442261815071106, 0.012080472894012928, -1.277587890625], [0.0, 0.0, 0.0, 1.0]], [[0.9476683139801025, 0.3184826970100403, 0.022214941680431366, -1.14404296875], [0.014609161764383316, 0.026250319555401802, -0.9995486736297607, 1.5620384216308594], [-0.31892210245132446, 0.9475650787353516, 0.0202238317579031, -0.15606689453125], [0.0, 0.0, 0.0, 1.0]], [[0.008930415846407413, 0.9997820258140564, 0.01887701079249382, -0.028856277465820312], [0.016747822985053062, 0.018725572153925896, -0.9996843338012695, 1.568063735961914], [-0.999819815158844, 0.009243718348443508, -0.016576943919062614, 0.04443359375], [0.0, 0.0, 0.0, 1.0]], [[-0.9234399795532227, 0.3831750750541687, -0.02086857706308365, 1.16064453125], [0.020940104499459267, -0.00398487551137805, -0.9997727870941162, 1.5478096008300781], [-0.3831711709499359, -0.9236670732498169, -0.004343935288488865, -0.043701171875], [0.0, 0.0, 0.0, 1.0]]], "view": [[0.0, -2.0, 100.0], [-2.0, 0.0, 100.0], [0.0, 0.0, 1.0]], "bev": "bev_319e10183bad43e79e504cc83bc702ce.png", "aux": "aux_319e10183bad43e79e504cc83bc702ce.npz", "visibility": "visibility_319e10183bad43e79e504cc83bc702ce.png", "pose": [[0.5097161531448364, -0.8603426218032837, 0.0, 995.3406982421875], [0.8603426218032837, 0.5097161531448364, 0.0, 1625.2078857421875], [0.0, 0.0, 1.0, 0.0], [0.0, 0.0, 0.0, 1.0]], "pose_inverse": [[0.5097161531448364, 0.8603426218032837, 0.0, -1905.576904296875], [-0.8603426218032837, 0.5097161531448364, 0.0, 27.939292907714844], [0.0, 0.0, 1.0, 0.0], [0.0, 0.0, 0.0, 1.0]], "cam_ids": [0, 1, 2, 3, 4, 5], "cam_channels": ["CAM_FRONT_LEFT", "CAM_FRONT", "CAM_FRONT_RIGHT", "CAM_BACK_LEFT", "CAM_BACK", "CAM_BACK_RIGHT"], "token": "319e10183bad43e79e504cc83bc702ce", "scene": "scene-0903"}, {"images": ["samples/CAM_FRONT_LEFT/n008-2018-09-18-14-54-39-0400__CAM_FRONT_LEFT__1537297878854799.jpg", "samples/CAM_FRONT/n008-2018-09-18-14-54-39-0400__CAM_FRONT__1537297878862404.jpg", "samples/CAM_FRONT_RIGHT/n008-2018-09-18-14-54-39-0400__CAM_FRONT_RIGHT__1537297878870482.jpg", "samples/CAM_BACK_LEFT/n008-2018-09-18-14-54-39-0400__CAM_BACK_LEFT__1537297878897405.jpg", "samples/CAM_BACK/n008-2018-09-18-14-54-39-0400__CAM_BACK__1537297878887558.jpg", "samples/CAM_BACK_RIGHT/n008-2018-09-18-14-54-39-0400__CAM_BACK_RIGHT__1537297878878113.jpg"], "intrinsics": [[[1257.8625342125129, 0.0, 827.2410631095686], [0.0, 1257.8625342125129, 450.915498205774], [0.0, 0.0, 1.0]], [[1252.8131021185304, 0.0, 826.588114781398], [0.0, 1252.8131021185304, 469.9846626224581], [0.0, 0.0, 1.0]], [[1256.7485116440405, 0.0, 817.7887570959712], [0.0, 1256.7485116440403, 451.9541780095127], [0.0, 0.0, 1.0]], [[1254.9860565800168, 0.0, 829.5769333630991], [0.0, 1254.9860565800168, 467.1680561863987], [0.0, 0.0, 1.0]], [[796.8910634503094, 0.0, 857.7774326863696], [0.0, 796.8910634503094, 476.8848988407415], [0.0, 0.0, 1.0]], [[1249.9629280788233, 0.0, 825.3768045375984], [0.0, 1249.9629280788233, 462.54816385708756], [0.0, 0.0, 1.0]]], "extrinsics": [[[0.8224323391914368, -0.5687544345855713, 0.01111410278826952, -1.0050048828125], [0.029955465346574783, 0.023789482191205025, -0.9992680549621582, 1.4883003234863281], [0.5680737495422363, 0.8221633434295654, 0.03660253807902336, -1.3333740234375], [0.0, 0.0, 0.0, 1.0]], [[0.01057585421949625, -0.9997570514678955, -0.019337626174092293, 0.005481719970703125], [0.031914122402668, 0.01966632902622223, -0.9992971420288086, 1.48016357421875], [0.9994346499443054, 0.009951198473572731, 0.03211435675621033, -1.734619140625], [0.0, 0.0, 0.0, 1.0]], [[-0.8433592915534973, -0.535889744758606, -0.03958902880549431, 1.090576171875], [0.03993577882647514, 0.010962807573378086, -0.9991421103477478, 1.4930801391601562], [0.535863995552063, -0.8442168831825256, 0.01215558685362339, -1.2774658203125], [0.0, 0.0, 0.0, 1.0]], [[0.9476686716079712, 0.31848645210266113, 0.022148307412862778, -1.1439208984375], [0.014575397595763206, 0.0261415746062994, -0.9995519518852234, 1.5620441436767578], [-0.3189227283000946, 0.9475669264793396, 0.020131483674049377, -0.15606689453125], [0.0, 0.0, 0.0, 1.0]], [[0.008926445618271828, 0.9997842311859131, 0.018756577745079994, -0.02888202667236328], [0.01669156365096569, 0.018605733290314674, -0.9996875524520874, 1.5680618286132812], [-0.9998209476470947, 0.009236814454197884, -0.01652188040316105, 0.0443115234375], [0.0, 0.0, 0.0, 1.0]], [[-0.9234450459480286, 0.38316309452056885, -0.02086533047258854, 1.16064453125], [0.020886188372969627, -0.004106234759092331, -0.9997734427452087, 1.5478172302246094], [-0.38316184282302856, -0.9236716032028198, -0.0042109317146241665, -0.04364013671875], [0.0, 0.0, 0.0, 1.0]]], "view": [[0.0, -2.0, 100.0], [-2.0, 0.0, 100.0], [0.0, 0.0, 1.0]], "bev": "bev_2d1ef96d3ebe486d9aed6e636a7762e5.png", "aux": "aux_2d1ef96d3ebe486d9aed6e636a7762e5.npz", "visibility": "visibility_2d1ef96d3ebe486d9aed6e636a7762e5.png", "pose": [[0.5098076462745667, -0.8602884411811829, 0.0, 995.3406982421875], [0.8602884411811829, 0.5098076462745667, 0.0, 1625.2078857421875], [0.0, 0.0, 1.0, 0.0], [0.0, 0.0, 0.0, 1.0]], "pose_inverse": [[0.5098076462745667, 0.8602884411811829, 0.0, -1905.579833984375], [-0.8602884411811829, 0.5098076462745667, 0.0, 27.736675262451172], [0.0, 0.0, 1.0, 0.0], [0.0, 0.0, 0.0, 1.0]], "cam_ids": [0, 1, 2, 3, 4, 5], "cam_channels": ["CAM_FRONT_LEFT", "CAM_FRONT", "CAM_FRONT_RIGHT", "CAM_BACK_LEFT", "CAM_BACK", "CAM_BACK_RIGHT"], "token": "2d1ef96d3ebe486d9aed6e636a7762e5", "scene": "scene-0903"}, {"images": ["samples/CAM_FRONT_LEFT/n008-2018-09-18-14-54-39-0400__CAM_FRONT_LEFT__1537297879354799.jpg", "samples/CAM_FRONT/n008-2018-09-18-14-54-39-0400__CAM_FRONT__1537297879362404.jpg", "samples/CAM_FRONT_RIGHT/n008-2018-09-18-14-54-39-0400__CAM_FRONT_RIGHT__1537297879370482.jpg", "samples/CAM_BACK_LEFT/n008-2018-09-18-14-54-39-0400__CAM_BACK_LEFT__1537297879397405.jpg", "samples/CAM_BACK/n008-2018-09-18-14-54-39-0400__CAM_BACK__1537297879387558.jpg", "samples/CAM_BACK_RIGHT/n008-2018-09-18-14-54-39-0400__CAM_BACK_RIGHT__1537297879378113.jpg"], "intrinsics": [[[1257.8625342125129, 0.0, 827.2410631095686], [0.0, 1257.8625342125129, 450.915498205774], [0.0, 0.0, 1.0]], [[1252.8131021185304, 0.0, 826.588114781398], [0.0, 1252.8131021185304, 469.9846626224581], [0.0, 0.0, 1.0]], [[1256.7485116440405, 0.0, 817.7887570959712], [0.0, 1256.7485116440403, 451.9541780095127], [0.0, 0.0, 1.0]], [[1254.9860565800168, 0.0, 829.5769333630991], [0.0, 1254.9860565800168, 467.1680561863987], [0.0, 0.0, 1.0]], [[796.8910634503094, 0.0, 857.7774326863696], [0.0, 796.8910634503094, 476.8848988407415], [0.0, 0.0, 1.0]], [[1249.9629280788233, 0.0, 825.3768045375984], [0.0, 1249.9629280788233, 462.54816385708756], [0.0, 0.0, 1.0]]], "extrinsics": [[[0.822421669960022, -0.568768322467804, 0.011197678744792938, -1.0050048828125], [0.02998814545571804, 0.02368873544037342, -0.9992695450782776, 1.4882926940917969], [0.5680875778198242, 0.8221567273139954, 0.03653843328356743, -1.3333740234375], [0.0, 0.0, 0.0, 1.0]], [[0.010561985895037651, -0.9997589588165283, -0.019248975440859795, 0.005428314208984375], [0.03194595128297806, 0.019577592611312866, -0.9992978572845459, 1.48016357421875], [0.9994338154792786, 0.009939531795680523, 0.032145023345947266, -1.7347412109375], [0.0, 0.0, 0.0, 1.0]], [[-0.8433637022972107, -0.5358837842941284, -0.039577655494213104, 1.090576171875], [0.03996749967336655, 0.010891446843743324, -0.9991416335105896, 1.493072509765625], [0.5358548760414124, -0.8442215919494629, 0.012232480570673943, -1.27734375], [0.0, 0.0, 0.0, 1.0]], [[0.9476690292358398, 0.3184864819049835, 0.02213321067392826, -1.1439208984375], [0.014577745459973812, 0.02608729526400566, -0.999553382396698, 1.5620441436767578], [-0.31892165541648865, 0.947568416595459, 0.02007930539548397, -0.15606689453125], [0.0, 0.0, 0.0, 1.0]], [[0.00893065333366394, 0.9997852444648743, 0.018706930801272392, -0.02886199951171875], [0.016710516065359116, 0.01855584979057312, -0.9996881484985352, 1.568063735961914], [-0.9998205304145813, 0.00924048013985157, -0.01654120907187462, 0.0443115234375], [0.0, 0.0, 0.0, 1.0]], [[-0.9234416484832764, 0.38316860795021057, -0.02091427706182003, 1.1605224609375], [0.020915139466524124, -0.004164249636232853, -0.9997725486755371, 1.5478134155273438], [-0.3831685483455658, -0.9236690402030945, -0.004168584011495113, -0.043701171875], [0.0, 0.0, 0.0, 1.0]]], "view": [[0.0, -2.0, 100.0], [-2.0, 0.0, 100.0], [0.0, 0.0, 1.0]], "bev": "bev_d75303e6973a4bba9082d85d4f67a1b4.png", "aux": "aux_d75303e6973a4bba9082d85d4f67a1b4.npz", "visibility": "visibility_d75303e6973a4bba9082d85d4f67a1b4.png", "pose": [[0.5097520351409912, -0.8603214025497437, 0.0, 995.3406982421875], [0.8603214025497437, 0.5097520351409912, 0.0, 1625.2078857421875], [0.0, 0.0, 1.0, 0.0], [0.0, 0.0, 0.0, 1.0]], "pose_inverse": [[0.5097520351409912, 0.8603214025497437, 0.0, -1905.5780029296875], [-0.8603214025497437, 0.5097520351409912, 0.0, 27.859878540039062], [0.0, 0.0, 1.0, 0.0], [0.0, 0.0, 0.0, 1.0]], "cam_ids": [0, 1, 2, 3, 4, 5], "cam_channels": ["CAM_FRONT_LEFT", "CAM_FRONT", "CAM_FRONT_RIGHT", "CAM_BACK_LEFT", "CAM_BACK", "CAM_BACK_RIGHT"], "token": "d75303e6973a4bba9082d85d4f67a1b4", "scene": "scene-0903"}, {"images": ["samples/CAM_FRONT_LEFT/n008-2018-09-18-14-54-39-0400__CAM_FRONT_LEFT__1537297879854799.jpg", "samples/CAM_FRONT/n008-2018-09-18-14-54-39-0400__CAM_FRONT__1537297879862404.jpg", "samples/CAM_FRONT_RIGHT/n008-2018-09-18-14-54-39-0400__CAM_FRONT_RIGHT__1537297879870482.jpg", "samples/CAM_BACK_LEFT/n008-2018-09-18-14-54-39-0400__CAM_BACK_LEFT__1537297879897405.jpg", "samples/CAM_BACK/n008-2018-09-18-14-54-39-0400__CAM_BACK__1537297879887558.jpg", "samples/CAM_BACK_RIGHT/n008-2018-09-18-14-54-39-0400__CAM_BACK_RIGHT__1537297879878113.jpg"], "intrinsics": [[[1257.8625342125129, 0.0, 827.2410631095686], [0.0, 1257.8625342125129, 450.915498205774], [0.0, 0.0, 1.0]], [[1252.8131021185304, 0.0, 826.588114781398], [0.0, 1252.8131021185304, 469.9846626224581], [0.0, 0.0, 1.0]], [[1256.7485116440405, 0.0, 817.7887570959712], [0.0, 1256.7485116440403, 451.9541780095127], [0.0, 0.0, 1.0]], [[1254.9860565800168, 0.0, 829.5769333630991], [0.0, 1254.9860565800168, 467.1680561863987], [0.0, 0.0, 1.0]], [[796.8910634503094, 0.0, 857.7774326863696], [0.0, 796.8910634503094, 476.8848988407415], [0.0, 0.0, 1.0]], [[1249.9629280788233, 0.0, 825.3768045375984], [0.0, 1249.9629280788233, 462.54816385708756], [0.0, 0.0, 1.0]]], "extrinsics": [[[0.8224225640296936, -0.56876540184021, 0.011275297030806541, -1.0050048828125], [0.030031656846404076, 0.023615442216396332, -0.9992699027061462, 1.4882965087890625], [0.5680838823318481, 0.8221607208251953, 0.036502838134765625, -1.3333740234375], [0.0, 0.0, 0.0, 1.0]], [[0.01056182011961937, -0.9997604489326477, -0.0191677063703537, 0.005374908447265625], [0.03199060633778572, 0.019496798515319824, -0.9992979764938354, 1.48016357421875], [0.9994322657585144, 0.009941129945218563, 0.032188862562179565, -1.7347412109375], [0.0, 0.0, 0.0, 1.0]], [[-0.8433644771575928, -0.5358832478523254, -0.03956514969468117, 1.0906982421875], [0.04001199081540108, 0.01079799048602581, -0.9991408586502075, 1.493072509765625], [0.5358501076698303, -0.8442229628562927, 0.012335116975009441, -1.2774658203125], [0.0, 0.0, 0.0, 1.0]], [[0.9476692080497742, 0.31848379969596863, 0.022158578038215637, -1.14404296875], [0.014642374590039253, 0.02597494050860405, -0.9995553493499756, 1.5620460510253906], [-0.31891778111457825, 0.9475722908973694, 0.01995229348540306, -0.156005859375], [0.0, 0.0, 0.0, 1.0]], [[0.008934603072702885, 0.9997871518135071, 0.01859915815293789, -0.02891826629638672], [0.016761669889092445, 0.018447546288371086, -0.9996892809867859, 1.5680618286132812], [-0.9998195171356201, 0.009243575856089592, -0.01659328117966652, 0.04443359375], [0.0, 0.0, 0.0, 1.0]], [[-0.9234382510185242, 0.3831721544265747, -0.020996062085032463, 1.1605224609375], [0.020961230620741844, -0.004266637843102217, -0.9997711777687073, 1.5478134155273438], [-0.3831740617752075, -0.9236670136451721, -0.0040917834267020226, -0.04376220703125], [0.0, 0.0, 0.0, 1.0]]], "view": [[0.0, -2.0, 100.0], [-2.0, 0.0, 100.0], [0.0, 0.0, 1.0]], "bev": "bev_267236ea745444998601e2d78adf2ae1.png", "aux": "aux_267236ea745444998601e2d78adf2ae1.npz", "visibility": "visibility_267236ea745444998601e2d78adf2ae1.png", "pose": [[0.5096866488456726, -0.8603600859642029, 0.0, 995.3407592773438], [0.8603600859642029, 0.5096866488456726, 0.0, 1625.2078857421875], [0.0, 0.0, 1.0, 0.0], [0.0, 0.0, 0.0, 1.0]], "pose_inverse": [[0.5096866488456726, 0.8603600859642029, 0.0, -1905.575927734375], [-0.8603600859642029, 0.5096866488456726, 0.0, 28.00465965270996], [0.0, 0.0, 1.0, 0.0], [0.0, 0.0, 0.0, 1.0]], "cam_ids": [0, 1, 2, 3, 4, 5], "cam_channels": ["CAM_FRONT_LEFT", "CAM_FRONT", "CAM_FRONT_RIGHT", "CAM_BACK_LEFT", "CAM_BACK", "CAM_BACK_RIGHT"], "token": "267236ea745444998601e2d78adf2ae1", "scene": "scene-0903"}, {"images": ["samples/CAM_FRONT_LEFT/n008-2018-09-18-14-54-39-0400__CAM_FRONT_LEFT__1537297880354799.jpg", "samples/CAM_FRONT/n008-2018-09-18-14-54-39-0400__CAM_FRONT__1537297880362404.jpg", "samples/CAM_FRONT_RIGHT/n008-2018-09-18-14-54-39-0400__CAM_FRONT_RIGHT__1537297880370482.jpg", "samples/CAM_BACK_LEFT/n008-2018-09-18-14-54-39-0400__CAM_BACK_LEFT__1537297880397405.jpg", "samples/CAM_BACK/n008-2018-09-18-14-54-39-0400__CAM_BACK__1537297880387558.jpg", "samples/CAM_BACK_RIGHT/n008-2018-09-18-14-54-39-0400__CAM_BACK_RIGHT__1537297880378113.jpg"], "intrinsics": [[[1257.8625342125129, 0.0, 827.2410631095686], [0.0, 1257.8625342125129, 450.915498205774], [0.0, 0.0, 1.0]], [[1252.8131021185304, 0.0, 826.588114781398], [0.0, 1252.8131021185304, 469.9846626224581], [0.0, 0.0, 1.0]], [[1256.7485116440405, 0.0, 817.7887570959712], [0.0, 1256.7485116440403, 451.9541780095127], [0.0, 0.0, 1.0]], [[1254.9860565800168, 0.0, 829.5769333630991], [0.0, 1254.9860565800168, 467.1680561863987], [0.0, 0.0, 1.0]], [[796.8910634503094, 0.0, 857.7774326863696], [0.0, 796.8910634503094, 476.8848988407415], [0.0, 0.0, 1.0]], [[1249.9629280788233, 0.0, 825.3768045375984], [0.0, 1249.9629280788233, 462.54816385708756], [0.0, 0.0, 1.0]]], "extrinsics": [[[0.8224223852157593, -0.5687646269798279, 0.011319311335682869, -1.005126953125], [0.030074186623096466, 0.0235996525734663, -0.9992690086364746, 1.4883003234863281], [0.568081796169281, 0.8221616744995117, 0.03651401773095131, -1.3333740234375], [0.0, 0.0, 0.0, 1.0]], [[0.010564914904534817, -0.9997609853744507, -0.019142506644129753, 0.005405426025390625], [0.03202759101986885, 0.01947207748889923, -0.9992973208427429, 1.4801597595214844], [0.9994311332702637, 0.009944384917616844, 0.032225657254457474, -1.7347412109375], [0.0, 0.0, 0.0, 1.0]], [[-0.8433605432510376, -0.535888135433197, -0.03958287090063095, 1.0906982421875], [0.040048398077487946, 0.010773842222988605, -0.9991396069526672, 1.493072509765625], [0.5358535647392273, -0.8442202210426331, 0.012375228106975555, -1.2777099609375], [0.0, 0.0, 0.0, 1.0]], [[0.9476688504219055, 0.3184845745563507, 0.022164763882756233, -1.14404296875], [0.014656622894108295, 0.025951934978365898, -0.999555766582489, 1.5620441436767578], [-0.3189183175563812, 0.9475727081298828, 0.019925933331251144, -0.156005859375], [0.0, 0.0, 0.0, 1.0]], [[0.008931800723075867, 0.9997873902320862, 0.0185830220580101, -0.02883625030517578], [0.016781697049736977, 0.018431276082992554, -0.9996892213821411, 1.568063735961914], [-0.9998192191123962, 0.009240818209946156, -0.01661350391805172, 0.0443115234375], [0.0, 0.0, 0.0, 1.0]], [[-0.9234393239021301, 0.3831672966480255, -0.021035464480519295, 1.1605224609375], [0.02099650911986828, -0.004284365568310022, -0.9997704029083252, 1.5478096008300781], [-0.3831694722175598, -0.9236689805984497, -0.004088824149221182, -0.043701171875], [0.0, 0.0, 0.0, 1.0]]], "view": [[0.0, -2.0, 100.0], [-2.0, 0.0, 100.0], [0.0, 0.0, 1.0]], "bev": "bev_435bcff694874a699307e5beaad8649d.png", "aux": "aux_435bcff694874a699307e5beaad8649d.npz", "visibility": "visibility_435bcff694874a699307e5beaad8649d.png", "pose": [[0.5097387433052063, -0.8603292107582092, 0.0, 995.3407592773438], [0.8603292107582092, 0.5097387433052063, 0.0, 1625.2078857421875], [0.0, 0.0, 1.0, 0.0], [0.0, 0.0, 0.0, 1.0]], "pose_inverse": [[0.5097387433052063, 0.8603292107582092, 0.0, -1905.57763671875], [-0.8603292107582092, 0.5097387433052063, 0.0, 27.8892765045166], [0.0, 0.0, 1.0, 0.0], [0.0, 0.0, 0.0, 1.0]], "cam_ids": [0, 1, 2, 3, 4, 5], "cam_channels": ["CAM_FRONT_LEFT", "CAM_FRONT", "CAM_FRONT_RIGHT", "CAM_BACK_LEFT", "CAM_BACK", "CAM_BACK_RIGHT"], "token": "435bcff694874a699307e5beaad8649d", "scene": "scene-0903"}, {"images": ["samples/CAM_FRONT_LEFT/n008-2018-09-18-14-54-39-0400__CAM_FRONT_LEFT__1537297880854799.jpg", "samples/CAM_FRONT/n008-2018-09-18-14-54-39-0400__CAM_FRONT__1537297880862404.jpg", "samples/CAM_FRONT_RIGHT/n008-2018-09-18-14-54-39-0400__CAM_FRONT_RIGHT__1537297880870482.jpg", "samples/CAM_BACK_LEFT/n008-2018-09-18-14-54-39-0400__CAM_BACK_LEFT__1537297880897405.jpg", "samples/CAM_BACK/n008-2018-09-18-14-54-39-0400__CAM_BACK__1537297880887558.jpg", "samples/CAM_BACK_RIGHT/n008-2018-09-18-14-54-39-0400__CAM_BACK_RIGHT__1537297880878113.jpg"], "intrinsics": [[[1257.8625342125129, 0.0, 827.2410631095686], [0.0, 1257.8625342125129, 450.915498205774], [0.0, 0.0, 1.0]], [[1252.8131021185304, 0.0, 826.588114781398], [0.0, 1252.8131021185304, 469.9846626224581], [0.0, 0.0, 1.0]], [[1256.7485116440405, 0.0, 817.7887570959712], [0.0, 1256.7485116440403, 451.9541780095127], [0.0, 0.0, 1.0]], [[1254.9860565800168, 0.0, 829.5769333630991], [0.0, 1254.9860565800168, 467.1680561863987], [0.0, 0.0, 1.0]], [[796.8910634503094, 0.0, 857.7774326863696], [0.0, 796.8910634503094, 476.8848988407415], [0.0, 0.0, 1.0]], [[1249.9629280788233, 0.0, 825.3768045375984], [0.0, 1249.9629280788233, 462.54816385708756], [0.0, 0.0, 1.0]]], "extrinsics": [[[0.822420597076416, -0.5687658190727234, 0.011397386901080608, -1.0050048828125], [0.03011573664844036, 0.023522401228547096, -0.9992696046829224, 1.4882926940917969], [0.5680822730064392, 0.8221631050109863, 0.03647410869598389, -1.33349609375], [0.0, 0.0, 0.0, 1.0]], [[0.010564333759248257, -0.9997621178627014, -0.01908177323639393, 0.00537872314453125], [0.03206072747707367, 0.019411684945225716, -0.9992974400520325, 1.48016357421875], [0.9994301199913025, 0.00994513463228941, 0.03225817158818245, -1.7344970703125], [0.0, 0.0, 0.0, 1.0]], [[-0.8433594703674316, -0.5358901619911194, -0.039581213146448135, 1.09033203125], [0.040079351514577866, 0.01072203740477562, -0.9991389513015747, 1.493072509765625], [0.5358530879020691, -0.8442197442054749, 0.012435595504939556, -1.277587890625], [0.0, 0.0, 0.0, 1.0]], [[0.9476674199104309, 0.31848421692848206, 0.022231368348002434, -1.1439208984375], [0.014737785793840885, 0.025919537991285324, -0.9995553493499756, 1.5620460510253906], [-0.3189188539981842, 0.947573721408844, 0.019869348034262657, -0.15606689453125], [0.0, 0.0, 0.0, 1.0]], [[0.008931362070143223, 0.9997881650924683, 0.01854376681149006, -0.028848648071289062], [0.01684436947107315, 0.018391452729701996, -0.9996889233589172, 1.568063735961914], [-0.9998182654380798, 0.009240943938493729, -0.016676543280482292, 0.04443359375], [0.0, 0.0, 0.0, 1.0]], [[-0.923438549041748, 0.3831663131713867, -0.021089239045977592, 1.1607666015625], [0.021034227684140205, -0.00433377968147397, -0.999769389629364, 1.5478134155273438], [-0.3831693232059479, -0.923669159412384, -0.004057627636939287, -0.04364013671875], [0.0, 0.0, 0.0, 1.0]]], "view": [[0.0, -2.0, 100.0], [-2.0, 0.0, 100.0], [0.0, 0.0, 1.0]], "bev": "bev_b9830863bc8c41ccbc022853245498b5.png", "aux": "aux_b9830863bc8c41ccbc022853245498b5.npz", "visibility": "visibility_b9830863bc8c41ccbc022853245498b5.png", "pose": [[0.5096931457519531, -0.8603562712669373, 0.0, 995.3407592773438], [0.8603562712669373, 0.5096931457519531, 0.0, 1625.2078857421875], [0.0, 0.0, 1.0, 0.0], [0.0, 0.0, 0.0, 1.0]], "pose_inverse": [[0.5096931457519531, 0.8603562712669373, 0.0, -1905.576171875], [-0.8603562712669373, 0.5096931457519531, 0.0, 27.9903564453125], [0.0, 0.0, 1.0, 0.0], [0.0, 0.0, 0.0, 1.0]], "cam_ids": [0, 1, 2, 3, 4, 5], "cam_channels": ["CAM_FRONT_LEFT", "CAM_FRONT", "CAM_FRONT_RIGHT", "CAM_BACK_LEFT", "CAM_BACK", "CAM_BACK_RIGHT"], "token": "b9830863bc8c41ccbc022853245498b5", "scene": "scene-0903"}, {"images": ["samples/CAM_FRONT_LEFT/n008-2018-09-18-14-54-39-0400__CAM_FRONT_LEFT__1537297881354799.jpg", "samples/CAM_FRONT/n008-2018-09-18-14-54-39-0400__CAM_FRONT__1537297881362404.jpg", "samples/CAM_FRONT_RIGHT/n008-2018-09-18-14-54-39-0400__CAM_FRONT_RIGHT__1537297881370482.jpg", "samples/CAM_BACK_LEFT/n008-2018-09-18-14-54-39-0400__CAM_BACK_LEFT__1537297881397405.jpg", "samples/CAM_BACK/n008-2018-09-18-14-54-39-0400__CAM_BACK__1537297881387558.jpg", "samples/CAM_BACK_RIGHT/n008-2018-09-18-14-54-39-0400__CAM_BACK_RIGHT__1537297881378113.jpg"], "intrinsics": [[[1257.8625342125129, 0.0, 827.2410631095686], [0.0, 1257.8625342125129, 450.915498205774], [0.0, 0.0, 1.0]], [[1252.8131021185304, 0.0, 826.588114781398], [0.0, 1252.8131021185304, 469.9846626224581], [0.0, 0.0, 1.0]], [[1256.7485116440405, 0.0, 817.7887570959712], [0.0, 1256.7485116440403, 451.9541780095127], [0.0, 0.0, 1.0]], [[1254.9860565800168, 0.0, 829.5769333630991], [0.0, 1254.9860565800168, 467.1680561863987], [0.0, 0.0, 1.0]], [[796.8910634503094, 0.0, 857.7774326863696], [0.0, 796.8910634503094, 476.8848988407415], [0.0, 0.0, 1.0]], [[1249.9629280788233, 0.0, 825.3768045375984], [0.0, 1249.9629280788233, 462.54816385708756], [0.0, 0.0, 1.0]]], "extrinsics": [[[0.8224369287490845, -0.5687420964241028, 0.011399505659937859, -1.0050048828125], [0.030136719346046448, 0.02355090156197548, -0.9992682933807373, 1.4882965087890625], [0.5680574774742126, 0.8221787214279175, 0.03650915250182152, -1.33349609375], [0.0, 0.0, 0.0, 1.0]], [[0.010588602162897587, -0.9997613430023193, -0.01910642720758915, 0.005405426025390625], [0.03209676966071129, 0.01943746767938137, -0.9992957711219788, 1.48016357421875], [0.9994286894798279, 0.009967896156013012, 0.032294925302267075, -1.734619140625], [0.0, 0.0, 0.0, 1.0]], [[-0.8433482646942139, -0.535904049873352, -0.0396304577589035, 1.090576171875], [0.040125295519828796, 0.01074194721877575, -0.9991368651390076, 1.493072509765625], [0.5358672738075256, -0.8442106246948242, 0.012444105930626392, -1.277587890625], [0.0, 0.0, 0.0, 1.0]], [[0.9476665258407593, 0.3184852600097656, 0.022256700322031975, -1.1439208984375], [0.014754817821085453, 0.02594825066626072, -0.9995543956756592, 1.562042236328125], [-0.31892091035842896, 0.947572648525238, 0.01989109441637993, -0.15606689453125], [0.0, 0.0, 0.0, 1.0]], [[0.008924242109060287, 0.9997880458831787, 0.018555914983153343, -0.028787612915039062], [0.01688428968191147, 0.018403349444270134, -0.9996880292892456, 1.5680618286132812], [-0.9998176097869873, 0.009234681725502014, -0.016716474667191505, 0.0443115234375], [0.0, 0.0, 0.0, 1.0]], [[-0.9234421253204346, 0.38315561413764954, -0.0211295485496521, 1.1605224609375], [0.021082937717437744, -0.004321437794715166, -0.9997683763504028, 1.5478134155273438], [-0.3831581473350525, -0.923673689365387, -0.0040874481201171875, -0.04376220703125], [0.0, 0.0, 0.0, 1.0]]], "view": [[0.0, -2.0, 100.0], [-2.0, 0.0, 100.0], [0.0, 0.0, 1.0]], "bev": "bev_48cdd49d837b445cb90274b21101c061.png", "aux": "aux_48cdd49d837b445cb90274b21101c061.npz", "visibility": "visibility_48cdd49d837b445cb90274b21101c061.png", "pose": [[0.5097644329071045, -0.8603140115737915, 0.0, 995.3407592773438], [0.8603140115737915, 0.5097644329071045, 0.0, 1625.2078857421875], [0.0, 0.0, 1.0, 0.0], [0.0, 0.0, 0.0, 1.0]], "pose_inverse": [[0.5097644329071045, 0.8603140115737915, 0.0, -1905.5784912109375], [-0.8603140115737915, 0.5097644329071045, 0.0, 27.832380294799805], [0.0, 0.0, 1.0, 0.0], [0.0, 0.0, 0.0, 1.0]], "cam_ids": [0, 1, 2, 3, 4, 5], "cam_channels": ["CAM_FRONT_LEFT", "CAM_FRONT", "CAM_FRONT_RIGHT", "CAM_BACK_LEFT", "CAM_BACK", "CAM_BACK_RIGHT"], "token": "48cdd49d837b445cb90274b21101c061", "scene": "scene-0903"}, {"images": ["samples/CAM_FRONT_LEFT/n008-2018-09-18-14-54-39-0400__CAM_FRONT_LEFT__1537297881854799.jpg", "samples/CAM_FRONT/n008-2018-09-18-14-54-39-0400__CAM_FRONT__1537297881862404.jpg", "samples/CAM_FRONT_RIGHT/n008-2018-09-18-14-54-39-0400__CAM_FRONT_RIGHT__1537297881870482.jpg", "samples/CAM_BACK_LEFT/n008-2018-09-18-14-54-39-0400__CAM_BACK_LEFT__1537297881897405.jpg", "samples/CAM_BACK/n008-2018-09-18-14-54-39-0400__CAM_BACK__1537297881887558.jpg", "samples/CAM_BACK_RIGHT/n008-2018-09-18-14-54-39-0400__CAM_BACK_RIGHT__1537297881878113.jpg"], "intrinsics": [[[1257.8625342125129, 0.0, 827.2410631095686], [0.0, 1257.8625342125129, 450.915498205774], [0.0, 0.0, 1.0]], [[1252.8131021185304, 0.0, 826.588114781398], [0.0, 1252.8131021185304, 469.9846626224581], [0.0, 0.0, 1.0]], [[1256.7485116440405, 0.0, 817.7887570959712], [0.0, 1256.7485116440403, 451.9541780095127], [0.0, 0.0, 1.0]], [[1254.9860565800168, 0.0, 829.5769333630991], [0.0, 1254.9860565800168, 467.1680561863987], [0.0, 0.0, 1.0]], [[796.8910634503094, 0.0, 857.7774326863696], [0.0, 796.8910634503094, 476.8848988407415], [0.0, 0.0, 1.0]], [[1249.9629280788233, 0.0, 825.3768045375984], [0.0, 1249.9629280788233, 462.54816385708756], [0.0, 0.0, 1.0]]], "extrinsics": [[[0.822403073310852, -0.5687892436981201, 0.011495698243379593, -1.0050048828125], [0.030180906876921654, 0.023442022502422333, -0.9992695450782776, 1.4882965087890625], [0.5681042075157166, 0.8221491575241089, 0.036445364356040955, -1.3333740234375], [0.0, 0.0, 0.0, 1.0]], [[0.010538363829255104, -0.9997639656066895, -0.018998319283127785, 0.00540924072265625], [0.03214248642325401, 0.019328242167830467, -0.9992963671684265, 1.48016357421875], [0.9994277358055115, 0.009920269250869751, 0.03233858570456505, -1.734619140625], [0.0, 0.0, 0.0, 1.0]], [[-0.8433696031570435, -0.5358721017837524, -0.039608683437108994, 1.0904541015625], [0.04016776382923126, 0.010633518919348717, -0.9991363286972046, 1.4930801391601562], [0.5358304381370544, -0.8442322015762329, 0.012556795962154865, -1.2777099609375], [0.0, 0.0, 0.0, 1.0]], [[0.9476677179336548, 0.3184814751148224, 0.022260455414652824, -1.143798828125], [0.014814665541052818, 0.025782449170947075, -0.9995577931404114, 1.562042236328125], [-0.3189145624637604, 0.9475783705711365, 0.019714998081326485, -0.15606689453125], [0.0, 0.0, 0.0, 1.0]], [[0.008943193592131138, 0.9997903108596802, 0.018425125628709793, -0.028896331787109375], [0.016935398802161217, 0.018271783366799355, -0.9996895790100098, 1.5680656433105469], [-0.9998165965080261, 0.009252415969967842, -0.0167684406042099, 0.04443359375], [0.0, 0.0, 0.0, 1.0]], [[-0.923428475856781, 0.3831840753555298, -0.02120818756520748, 1.1607666015625], [0.021122874692082405, -0.0044307224452495575, -0.9997670650482178, 1.5478134155273438], [-0.38318872451782227, -0.9236613512039185, -0.0040024928748607635, -0.04364013671875], [0.0, 0.0, 0.0, 1.0]]], "view": [[0.0, -2.0, 100.0], [-2.0, 0.0, 100.0], [0.0, 0.0, 1.0]], "bev": "bev_cecb18d70cf841d0ac6eca442e085833.png", "aux": "aux_cecb18d70cf841d0ac6eca442e085833.npz", "visibility": "visibility_cecb18d70cf841d0ac6eca442e085833.png", "pose": [[0.5096994042396545, -0.8603525757789612, 0.0, 995.3408203125], [0.8603525757789612, 0.5096994042396545, 0.0, 1625.2078857421875], [0.0, 0.0, 1.0, 0.0], [0.0, 0.0, 0.0, 1.0]], "pose_inverse": [[0.5096994042396545, 0.8603525757789612, 0.0, -1905.576416015625], [-0.8603525757789612, 0.5096994042396545, 0.0, 27.9765625], [0.0, 0.0, 1.0, 0.0], [0.0, 0.0, 0.0, 1.0]], "cam_ids": [0, 1, 2, 3, 4, 5], "cam_channels": ["CAM_FRONT_LEFT", "CAM_FRONT", "CAM_FRONT_RIGHT", "CAM_BACK_LEFT", "CAM_BACK", "CAM_BACK_RIGHT"], "token": "cecb18d70cf841d0ac6eca442e085833", "scene": "scene-0903"}, {"images": ["samples/CAM_FRONT_LEFT/n008-2018-09-18-14-54-39-0400__CAM_FRONT_LEFT__1537297882354799.jpg", "samples/CAM_FRONT/n008-2018-09-18-14-54-39-0400__CAM_FRONT__1537297882362404.jpg", "samples/CAM_FRONT_RIGHT/n008-2018-09-18-14-54-39-0400__CAM_FRONT_RIGHT__1537297882370482.jpg", "samples/CAM_BACK_LEFT/n008-2018-09-18-14-54-39-0400__CAM_BACK_LEFT__1537297882397405.jpg", "samples/CAM_BACK/n008-2018-09-18-14-54-39-0400__CAM_BACK__1537297882387558.jpg", "samples/CAM_BACK_RIGHT/n008-2018-09-18-14-54-39-0400__CAM_BACK_RIGHT__1537297882378113.jpg"], "intrinsics": [[[1257.8625342125129, 0.0, 827.2410631095686], [0.0, 1257.8625342125129, 450.915498205774], [0.0, 0.0, 1.0]], [[1252.8131021185304, 0.0, 826.588114781398], [0.0, 1252.8131021185304, 469.9846626224581], [0.0, 0.0, 1.0]], [[1256.7485116440405, 0.0, 817.7887570959712], [0.0, 1256.7485116440403, 451.9541780095127], [0.0, 0.0, 1.0]], [[1254.9860565800168, 0.0, 829.5769333630991], [0.0, 1254.9860565800168, 467.1680561863987], [0.0, 0.0, 1.0]], [[796.8910634503094, 0.0, 857.7774326863696], [0.0, 796.8910634503094, 476.8848988407415], [0.0, 0.0, 1.0]], [[1249.9629280788233, 0.0, 825.3768045375984], [0.0, 1249.9629280788233, 462.54816385708756], [0.0, 0.0, 1.0]]], "extrinsics": [[[0.8224191069602966, -0.568763792514801, 0.011600379832088947, -1.005126953125], [0.030187392607331276, 0.023269303143024445, -0.9992733597755432, 1.4882926940917969], [0.5680806040763855, 0.822171688079834, 0.03630661591887474, -1.3333740234375], [0.0, 0.0, 0.0, 1.0]], [[0.010560037568211555, -0.9997668862342834, -0.01883312314748764, 0.0054473876953125], [0.032133083790540695, 0.01916373148560524, -0.9992998838424683, 1.48016357421875], [0.9994277954101562, 0.009947442449629307, 0.032327961176633835, -1.7347412109375], [0.0, 0.0, 0.0, 1.0]], [[-0.8433628678321838, -0.5358908772468567, -0.03949955478310585, 1.0904541015625], [0.04013834148645401, 0.01047671027481556, -0.9991391897201538, 1.4930801391601562], [0.5358434319496155, -0.8442223072052002, 0.012674100697040558, -1.277587890625], [0.0, 0.0, 0.0, 1.0]], [[0.9476679563522339, 0.31848686933517456, 0.02217150293290615, -1.1439208984375], [0.014750721864402294, 0.025693312287330627, -0.999561071395874, 1.562042236328125], [-0.31891676783561707, 0.9475789666175842, 0.019650815054774284, -0.15606689453125], [0.0, 0.0, 0.0, 1.0]], [[0.00893933605402708, 0.9997924566268921, 0.018304452300071716, -0.02884960174560547], [0.016880957409739494, 0.018151691183447838, -0.9996926784515381, 1.5680618286132812], [-0.9998176097869873, 0.009245574474334717, -0.016715191304683685, 0.0443115234375], [0.0, 0.0, 0.0, 1.0]], [[-0.9234331250190735, 0.3831719756126404, -0.021222731098532677, 1.16064453125], [0.021077390760183334, -0.0045781913213431835, -0.9997673630714417, 1.5478134155273438], [-0.38318005204200745, -0.9236656427383423, -0.0038486106786876917, -0.04376220703125], [0.0, 0.0, 0.0, 1.0]]], "view": [[0.0, -2.0, 100.0], [-2.0, 0.0, 100.0], [0.0, 0.0, 1.0]], "bev": "bev_b90d04c16c464c9cadc0f01a6b7c563f.png", "aux": "aux_b90d04c16c464c9cadc0f01a6b7c563f.npz", "visibility": "visibility_b90d04c16c464c9cadc0f01a6b7c563f.png", "pose": [[0.509702742099762, -0.8603506088256836, 0.0, 995.3408203125], [0.8603506088256836, 0.509702742099762, 0.0, 1625.2078857421875], [0.0, 0.0, 1.0, 0.0], [0.0, 0.0, 0.0, 1.0]], "pose_inverse": [[0.509702742099762, 0.8603506088256836, 0.0, -1905.5765380859375], [-0.8603506088256836, 0.509702742099762, 0.0, 27.969192504882812], [0.0, 0.0, 1.0, 0.0], [0.0, 0.0, 0.0, 1.0]], "cam_ids": [0, 1, 2, 3, 4, 5], "cam_channels": ["CAM_FRONT_LEFT", "CAM_FRONT", "CAM_FRONT_RIGHT", "CAM_BACK_LEFT", "CAM_BACK", "CAM_BACK_RIGHT"], "token": "b90d04c16c464c9cadc0f01a6b7c563f", "scene": "scene-0903"}, {"images": ["samples/CAM_FRONT_LEFT/n008-2018-09-18-14-54-39-0400__CAM_FRONT_LEFT__1537297882854799.jpg", "samples/CAM_FRONT/n008-2018-09-18-14-54-39-0400__CAM_FRONT__1537297882862404.jpg", "samples/CAM_FRONT_RIGHT/n008-2018-09-18-14-54-39-0400__CAM_FRONT_RIGHT__1537297882870482.jpg", "samples/CAM_BACK_LEFT/n008-2018-09-18-14-54-39-0400__CAM_BACK_LEFT__1537297882897405.jpg", "samples/CAM_BACK/n008-2018-09-18-14-54-39-0400__CAM_BACK__1537297882887558.jpg", "samples/CAM_BACK_RIGHT/n008-2018-09-18-14-54-39-0400__CAM_BACK_RIGHT__1537297882878113.jpg"], "intrinsics": [[[1257.8625342125129, 0.0, 827.2410631095686], [0.0, 1257.8625342125129, 450.915498205774], [0.0, 0.0, 1.0]], [[1252.8131021185304, 0.0, 826.588114781398], [0.0, 1252.8131021185304, 469.9846626224581], [0.0, 0.0, 1.0]], [[1256.7485116440405, 0.0, 817.7887570959712], [0.0, 1256.7485116440403, 451.9541780095127], [0.0, 0.0, 1.0]], [[1254.9860565800168, 0.0, 829.5769333630991], [0.0, 1254.9860565800168, 467.1680561863987], [0.0, 0.0, 1.0]], [[796.8910634503094, 0.0, 857.7774326863696], [0.0, 796.8910634503094, 476.8848988407415], [0.0, 0.0, 1.0]], [[1249.9629280788233, 0.0, 825.3768045375984], [0.0, 1249.9629280788233, 462.54816385708756], [0.0, 0.0, 1.0]]], "extrinsics": [[[0.8224211931228638, -0.5687592625617981, 0.011676608584821224, -1.0048828125], [0.03031734749674797, 0.02332369051873684, -0.9992681741714478, 1.4883003234863281], [0.568070650100708, 0.8221732974052429, 0.036425165832042694, -1.3333740234375], [0.0, 0.0, 0.0, 1.0]], [[0.01057078130543232, -0.9997659921646118, -0.018874339759349823, 0.00536346435546875], [0.03227139264345169, 0.01920665241777897, -0.999294638633728, 1.48016357421875], [0.9994232058525085, 0.009954153560101986, 0.03246687352657318, -1.7347412109375], [0.0, 0.0, 0.0, 1.0]], [[-0.8433510661125183, -0.5358980298042297, -0.03964933007955551, 1.0906982421875], [0.04029560461640358, 0.010508700273931026, -0.999132513999939, 1.493072509765625], [0.5358498692512512, -0.8442173004150391, 0.012731811963021755, -1.2774658203125], [0.0, 0.0, 0.0, 1.0]], [[0.9476646780967712, 0.31848546862602234, 0.02233228273689747, -1.143798828125], [0.014925982803106308, 0.025676535442471504, -0.9995588660240173, 1.5620441436767578], [-0.318918377161026, 0.9475799202919006, 0.01957903616130352, -0.15606689453125], [0.0, 0.0, 0.0, 1.0]], [[0.008932475000619888, 0.9997924566268921, 0.018308216705918312, -0.028764724731445312], [0.01705559715628624, 0.018153954297304153, -0.9996896982192993, 1.568063735961914], [-0.9998146295547485, 0.009241904132068157, -0.016889899969100952, 0.044