[{"images": ["samples/CAM_FRONT_LEFT/n008-2018-09-18-15-12-01-0400__CAM_FRONT_LEFT__1537297985654799.jpg", "samples/CAM_FRONT/n008-2018-09-18-15-12-01-0400__CAM_FRONT__1537297985662404.jpg", "samples/CAM_FRONT_RIGHT/n008-2018-09-18-15-12-01-0400__CAM_FRONT_RIGHT__1537297985670482.jpg", "samples/CAM_BACK_LEFT/n008-2018-09-18-15-12-01-0400__CAM_BACK_LEFT__1537297985697405.jpg", "samples/CAM_BACK/n008-2018-09-18-15-12-01-0400__CAM_BACK__1537297985687558.jpg", "samples/CAM_BACK_RIGHT/n008-2018-09-18-15-12-01-0400__CAM_BACK_RIGHT__1537297985678113.jpg"], "intrinsics": [[[1257.8625342125129, 0.0, 827.2410631095686], [0.0, 1257.8625342125129, 450.915498205774], [0.0, 0.0, 1.0]], [[1252.8131021185304, 0.0, 826.588114781398], [0.0, 1252.8131021185304, 469.9846626224581], [0.0, 0.0, 1.0]], [[1256.7485116440405, 0.0, 817.7887570959712], [0.0, 1256.7485116440403, 451.9541780095127], [0.0, 0.0, 1.0]], [[1254.9860565800168, 0.0, 829.5769333630991], [0.0, 1254.9860565800168, 467.1680561863987], [0.0, 0.0, 1.0]], [[796.8910634503094, 0.0, 857.7774326863696], [0.0, 796.8910634503094, 476.8848988407415], [0.0, 0.0, 1.0]], [[1249.9629280788233, 0.0, 825.3768045375984], [0.0, 1249.9629280788233, 462.54816385708756], [0.0, 0.0, 1.0]]], "extrinsics": [[[0.8224084973335266, -0.5686959624290466, -0.015140854753553867, -0.7196044921875], [0.007738562300801277, 0.03779495880007744, -0.9992555975914001, 1.4908828735351562], [0.5688447952270508, 0.8216791152954102, 0.03548378497362137, -1.1385498046875], [0.0, 0.0, 0.0, 1.0]], [[0.010023646056652069, -0.9993917942047119, -0.033399663865566254, 0.01025390625], [0.009874828159809113, 0.03349864482879639, -0.9993900060653687, 1.482940673828125], [0.9999009370803833, 0.009687704965472221, 0.010204602032899857, -1.44696044921875], [0.0, 0.0, 0.0, 1.0]], [[-0.8440915942192078, -0.5354463458061218, -0.02839980088174343, 0.900146484375], [0.018054591491818428, 0.024553116410970688, -0.9995355010032654, 1.4971237182617188], [0.5358949899673462, -0.8442122936248779, -0.011057814583182335, -1.1551513671875], [0.0, 0.0, 0.0, 1.0]], [[0.9479034543037415, 0.3185003697872162, 0.006052510347217321, -1.12353515625], [-0.006641569547355175, 0.03875473141670227, -0.9992266893386841, 1.5618820190429688], [-0.3184886574745178, 0.9471302032470703, 0.03885108605027199, -0.1632080078125], [0.0, 0.0, 0.0, 1.0]], [[0.009342767298221588, 0.9994593858718872, 0.031521886587142944, -0.0284423828125], [-0.004752020817250013, 0.03156728297472, -0.9994903206825256, 1.5675849914550781], [-0.9999451041221619, 0.009188237600028515, 0.005044377408921719, -0.052490234375], [0.0, 0.0, 0.0, 1.0]], [[-0.9236503839492798, 0.38321155309677124, 0.004333395045250654, 1.0045166015625], [-0.0008676603902131319, 0.009216303005814552, -0.9999571442604065, 1.5476551055908203], [-0.38323503732681274, -0.9236146211624146, -0.008180145174264908, -0.1072998046875], [0.0, 0.0, 0.0, 1.0]]], "view": [[0.0, -2.0, 100.0], [-2.0, 0.0, 100.0], [0.0, 0.0, 1.0]], "bev": "bev_2fb7b5d1eab24b13abb4e0703850dba9.png", "aux": "aux_2fb7b5d1eab24b13abb4e0703850dba9.npz", "visibility": "visibility_2fb7b5d1eab24b13abb4e0703850dba9.png", "pose": [[0.8806150555610657, 0.473832368850708, 0.0, 1341.1700439453125], [-0.473832368850708, 0.8806150555610657, 0.0, 1448.8251953125], [0.0, 0.0, 1.0, 0.0], [0.0, 0.0, 0.0, 1.0]], "pose_inverse": [[0.8806150555610657, -0.473832368850708, 0.0, -494.5542297363281], [0.473832368850708, 0.8806150555610657, 0.0, -1911.3470458984375], [0.0, 0.0, 1.0, 0.0], [0.0, 0.0, 0.0, 1.0]], "cam_ids": [0, 1, 2, 3, 4, 5], "cam_channels": ["CAM_FRONT_LEFT", "CAM_FRONT", "CAM_FRONT_RIGHT", "CAM_BACK_LEFT", "CAM_BACK", "CAM_BACK_RIGHT"], "token": "2fb7b5d1eab24b13abb4e0703850dba9", "scene": "scene-0906"}, {"images": ["samples/CAM_FRONT_LEFT/n008-2018-09-18-15-12-01-0400__CAM_FRONT_LEFT__1537297986154799.jpg", "samples/CAM_FRONT/n008-2018-09-18-15-12-01-0400__CAM_FRONT__1537297986162404.jpg", "samples/CAM_FRONT_RIGHT/n008-2018-09-18-15-12-01-0400__CAM_FRONT_RIGHT__1537297986170482.jpg", "samples/CAM_BACK_LEFT/n008-2018-09-18-15-12-01-0400__CAM_BACK_LEFT__1537297986197405.jpg", "samples/CAM_BACK/n008-2018-09-18-15-12-01-0400__CAM_BACK__1537297986187558.jpg", "samples/CAM_BACK_RIGHT/n008-2018-09-18-15-12-01-0400__CAM_BACK_RIGHT__1537297986178113.jpg"], "intrinsics": [[[1257.8625342125129, 0.0, 827.2410631095686], [0.0, 1257.8625342125129, 450.915498205774], [0.0, 0.0, 1.0]], [[1252.8131021185304, 0.0, 826.588114781398], [0.0, 1252.8131021185304, 469.9846626224581], [0.0, 0.0, 1.0]], [[1256.7485116440405, 0.0, 817.7887570959712], [0.0, 1256.7485116440403, 451.9541780095127], [0.0, 0.0, 1.0]], [[1254.9860565800168, 0.0, 829.5769333630991], [0.0, 1254.9860565800168, 467.1680561863987], [0.0, 0.0, 1.0]], [[796.8910634503094, 0.0, 857.7774326863696], [0.0, 796.8910634503094, 476.8848988407415], [0.0, 0.0, 1.0]], [[1249.9629280788233, 0.0, 825.3768045375984], [0.0, 1249.9629280788233, 462.54816385708756], [0.0, 0.0, 1.0]]], "extrinsics": [[[0.8223931193351746, -0.5687609910964966, -0.013436813838779926, -0.716552734375], [0.007774672470986843, 0.03485133498907089, -0.9993622303009033, 1.4909210205078125], [0.568866491317749, 0.8217641711235046, 0.03308342769742012, -1.13720703125], [0.0, 0.0, 0.0, 1.0]], [[0.00994776003062725, -0.9994816184043884, -0.030617862939834595, 0.010498046875], [0.009796383790671825, 0.030715322121977806, -0.9994801878929138, 1.482940673828125], [0.9999025464057922, 0.009642655961215496, 0.010096854530274868, -1.44464111328125], [0.0, 0.0, 0.0, 1.0]], [[-0.8441641330718994, -0.5354127287864685, -0.026835128664970398, 0.899169921875], [0.01781974546611309, 0.022004662081599236, -0.999599039554596, 1.4970932006835938], [0.5357885360717773, -0.8443038463592529, -0.009034628979861736, -1.154052734375], [0.0, 0.0, 0.0, 1.0]], [[0.9479086995124817, 0.3185051679611206, 0.00487289996817708, -1.12353515625], [-0.007339317351579666, 0.03713098540902138, -0.9992834329605103, 1.5618743896484375], [-0.3184579312801361, 0.9471936821937561, 0.03753438964486122, -0.1630859375], [0.0, 0.0, 0.0, 1.0]], [[0.009400841780006886, 0.9995186924934387, 0.02956359274685383, -0.0284423828125], [-0.005248970352113247, 0.029613817110657692, -0.9995476007461548, 1.567535400390625], [-0.9999420642852783, 0.009241387248039246, 0.005524838343262672, -0.052520751953125], [0.0, 0.0, 0.0, 1.0]], [[-0.9236136078834534, 0.3833058476448059, 0.0038125948049128056, 1.004058837890625], [-0.001248238724656403, 0.0069386097602546215, -0.9999751448631287, 1.5475950241088867], [-0.38332268595695496, -0.9235954284667969, -0.005930136889219284, -0.1075439453125], [0.0, 0.0, 0.0, 1.0]]], "view": [[0.0, -2.0, 100.0], [-2.0, 0.0, 100.0], [0.0, 0.0, 1.0]], "bev": "bev_e23f762b990846e693a7b0f6308f51d0.png", "aux": "aux_e23f762b990846e693a7b0f6308f51d0.npz", "visibility": "visibility_e23f762b990846e693a7b0f6308f51d0.png", "pose": [[0.881073534488678, 0.472979336977005, 0.0, 1344.5006103515625], [-0.472979336977005, 0.881073534488678, 0.0, 1447.0023193359375], [0.0, 0.0, 1.0, 0.0], [0.0, 0.0, 0.0, 1.0]], "pose_inverse": [[0.881073534488678, -0.472979336977005, 0.0, -500.20166015625], [0.472979336977005, 0.881073534488678, 0.0, -1910.83642578125], [0.0, 0.0, 1.0, 0.0], [0.0, 0.0, 0.0, 1.0]], "cam_ids": [0, 1, 2, 3, 4, 5], "cam_channels": ["CAM_FRONT_LEFT", "CAM_FRONT", "CAM_FRONT_RIGHT", "CAM_BACK_LEFT", "CAM_BACK", "CAM_BACK_RIGHT"], "token": "e23f762b990846e693a7b0f6308f51d0", "scene": "scene-0906"}, {"images": ["samples/CAM_FRONT_LEFT/n008-2018-09-18-15-12-01-0400__CAM_FRONT_LEFT__1537297986654799.jpg", "samples/CAM_FRONT/n008-2018-09-18-15-12-01-0400__CAM_FRONT__1537297986662404.jpg", "samples/CAM_FRONT_RIGHT/n008-2018-09-18-15-12-01-0400__CAM_FRONT_RIGHT__1537297986670482.jpg", "samples/CAM_BACK_LEFT/n008-2018-09-18-15-12-01-0400__CAM_BACK_LEFT__1537297986697405.jpg", "samples/CAM_BACK/n008-2018-09-18-15-12-01-0400__CAM_BACK__1537297986687558.jpg", "samples/CAM_BACK_RIGHT/n008-2018-09-18-15-12-01-0400__CAM_BACK_RIGHT__1537297986678113.jpg"], "intrinsics": [[[1257.8625342125129, 0.0, 827.2410631095686], [0.0, 1257.8625342125129, 450.915498205774], [0.0, 0.0, 1.0]], [[1252.8131021185304, 0.0, 826.588114781398], [0.0, 1252.8131021185304, 469.9846626224581], [0.0, 0.0, 1.0]], [[1256.7485116440405, 0.0, 817.7887570959712], [0.0, 1256.7485116440403, 451.9541780095127], [0.0, 0.0, 1.0]], [[1254.9860565800168, 0.0, 829.5769333630991], [0.0, 1254.9860565800168, 467.1680561863987], [0.0, 0.0, 1.0]], [[796.8910634503094, 0.0, 857.7774326863696], [0.0, 796.8910634503094, 476.8848988407415], [0.0, 0.0, 1.0]], [[1249.9629280788233, 0.0, 825.3768045375984], [0.0, 1249.9629280788233, 462.54816385708756], [0.0, 0.0, 1.0]]], "extrinsics": [[[0.8224559426307678, -0.5687273144721985, -0.010748308151960373, -0.71533203125], [0.009287622757256031, 0.032319337129592896, -0.9994344115257263, 1.4914474487304688], [0.5687530636787415, 0.8218909502029419, 0.03186335414648056, -1.1368408203125], [0.0, 0.0, 0.0, 1.0]], [[0.010112709365785122, -0.9995535612106323, -0.028114940971136093, 0.010986328125], [0.011250801384449005, 0.028228336945176125, -0.9995381832122803, 1.4833564758300781], [0.9998855590820312, 0.009791751392185688, 0.011531244032084942, -1.4439697265625], [0.0, 0.0, 0.0, 1.0]], [[-0.8440331220626831, -0.5356222987174988, -0.026772618293762207, 0.8995361328125], [0.019282126799225807, 0.019580498337745667, -0.9996222853660583, 1.4974174499511719], [0.5359442830085754, -0.8442306518554688, -0.006198653019964695, -1.1536865234375], [0.0, 0.0, 0.0, 1.0]], [[0.9478986263275146, 0.3185255527496338, 0.005457441788166761, -1.124267578125], [-0.005969173274934292, 0.034886348992586136, -0.9993734955787659, 1.5619125366210938], [-0.3185163736343384, 0.9472720623016357, 0.034970056265592575, -0.162841796875], [0.0, 0.0, 0.0, 1.0]], [[0.009286805056035519, 0.9995839595794678, 0.02730736695230007, -0.02880859375], [-0.0038899036590009928, 0.02734444849193096, -0.9996184706687927, 1.567657470703125], [-0.9999493360519409, 0.009177025407552719, 0.004142228048294783, -0.052215576171875], [0.0, 0.0, 0.0, 1.0]], [[-0.9236687421798706, 0.38318896293640137, 0.0015292549505829811, 1.003753662109375], [0.00024371287145186216, 0.00457828538492322, -0.9999895095825195, 1.5478434562683105], [-0.38319194316864014, -0.9236586689949036, -0.0043222070671617985, -0.1070556640625], [0.0, 0.0, 0.0, 1.0]]], "view": [[0.0, -2.0, 100.0], [-2.0, 0.0, 100.0], [0.0, 0.0, 1.0]], "bev": "bev_88a95c50f2d24db0a17a95417252e2ef.png", "aux": "aux_88a95c50f2d24db0a17a95417252e2ef.npz", "visibility": "visibility_88a95c50f2d24db0a17a95417252e2ef.png", "pose": [[0.8808184862136841, 0.47345414757728577, 0.0, 1347.8450927734375], [-0.47345414757728577, 0.8808184862136841, 0.0, 1445.158203125], [0.0, 0.0, 1.0, 0.0], [0.0, 0.0, 0.0, 1.0]], "pose_inverse": [[0.8808184862136841, -0.47345414757728577, 0.0, -502.9906921386719], [0.47345414757728577, 0.8808184862136841, 0.0, -1911.06494140625], [0.0, 0.0, 1.0, 0.0], [0.0, 0.0, 0.0, 1.0]], "cam_ids": [0, 1, 2, 3, 4, 5], "cam_channels": ["CAM_FRONT_LEFT", "CAM_FRONT", "CAM_FRONT_RIGHT", "CAM_BACK_LEFT", "CAM_BACK", "CAM_BACK_RIGHT"], "token": "88a95c50f2d24db0a17a95417252e2ef", "scene": "scene-0906"}, {"images": ["samples/CAM_FRONT_LEFT/n008-2018-09-18-15-12-01-0400__CAM_FRONT_LEFT__1537297987254799.jpg", "samples/CAM_FRONT/n008-2018-09-18-15-12-01-0400__CAM_FRONT__1537297987262404.jpg", "samples/CAM_FRONT_RIGHT/n008-2018-09-18-15-12-01-0400__CAM_FRONT_RIGHT__1537297987270482.jpg", "samples/CAM_BACK_LEFT/n008-2018-09-18-15-12-01-0400__CAM_BACK_LEFT__1537297987297408.jpg", "samples/CAM_BACK/n008-2018-09-18-15-12-01-0400__CAM_BACK__1537297987287558.jpg", "samples/CAM_BACK_RIGHT/n008-2018-09-18-15-12-01-0400__CAM_BACK_RIGHT__1537297987278113.jpg"], "intrinsics": [[[1257.8625342125129, 0.0, 827.2410631095686], [0.0, 1257.8625342125129, 450.915498205774], [0.0, 0.0, 1.0]], [[1252.8131021185304, 0.0, 826.588114781398], [0.0, 1252.8131021185304, 469.9846626224581], [0.0, 0.0, 1.0]], [[1256.7485116440405, 0.0, 817.7887570959712], [0.0, 1256.7485116440403, 451.9541780095127], [0.0, 0.0, 1.0]], [[1254.9860565800168, 0.0, 829.5769333630991], [0.0, 1254.9860565800168, 467.1680561863987], [0.0, 0.0, 1.0]], [[796.8910634503094, 0.0, 857.7774326863696], [0.0, 796.8910634503094, 476.8848988407415], [0.0, 0.0, 1.0]], [[1249.9629280788233, 0.0, 825.3768045375984], [0.0, 1249.9629280788233, 462.54816385708756], [0.0, 0.0, 1.0]]], "extrinsics": [[[0.8224164247512817, -0.5688139796257019, -0.009051946923136711, -0.7108154296875], [0.006282778922468424, 0.024992357939481735, -0.9996678829193115, 1.4904441833496094], [0.5688512921333313, 0.8220863938331604, 0.024127855896949768, -1.134033203125], [0.0, 0.0, 0.0, 1.0]], [[0.010069192387163639, -0.99973464012146, -0.020719196647405624, 0.01123046875], [0.008109800517559052, 0.020801210775971413, -0.9997507929801941, 1.4825019836425781], [0.9999163746833801, 0.009898623451590538, 0.008317098952829838, -1.4393310546875], [0.0, 0.0, 0.0, 1.0]], [[-0.8440642952919006, -0.5358705520629883, -0.019959932193160057, 0.8958740234375], [0.016021154820919037, 0.012004856020212173, -0.9997995495796204, 1.49676513671875], [0.5360027551651001, -0.844214916229248, -0.0015476047992706299, -1.1514892578125], [0.0, 0.0, 0.0, 1.0]], [[0.9478729367256165, 0.3186477720737457, -0.00062946742400527, -1.1240234375], [-0.009649712592363358, 0.02673010341823101, -0.9995960593223572, 1.5618247985839844], [-0.3185023069381714, 0.947496235370636, 0.02841160073876381, -0.1632080078125], [0.0, 0.0, 0.0, 1.0]], [[0.009290752001106739, 0.9997704029083252, 0.0193089060485363, -0.02880859375], [-0.0073755523189902306, 0.019377728924155235, -0.9997850060462952, 1.56732177734375], [-0.9999297261238098, 0.009146295487880707, 0.007553892210125923, -0.053741455078125], [0.0, 0.0, 0.0, 1.0]], [[-0.9236945509910583, 0.3831261098384857, 0.0016589406877756119, 1.00103759765625], [-0.003112252801656723, -0.003173490520566702, -0.9999901056289673, 1.5472807884216309], [-0.3831169903278351, -0.9236905574798584, 0.004123721271753311, -0.1080322265625], [0.0, 0.0, 0.0, 1.0]]], "view": [[0.0, -2.0, 100.0], [-2.0, 0.0, 100.0], [0.0, 0.0, 1.0]], "bev": "bev_7e619b436bb74d21a2a18a5b44a5e44c.png", "aux": "aux_7e619b436bb74d21a2a18a5b44a5e44c.npz", "visibility": "visibility_7e619b436bb74d21a2a18a5b44a5e44c.png", "pose": [[0.8809386491775513, 0.4732304811477661, 0.0, 1351.9566650390625], [-0.4732304811477661, 0.8809386491775513, 0.0, 1442.91015625], [0.0, 0.0, 1.0, 0.0], [0.0, 0.0, 0.0, 1.0]], "pose_inverse": [[0.8809386491775513, -0.4732304811477661, 0.0, -508.16180419921875], [0.4732304811477661, 0.8809386491775513, 0.0, -1910.9024658203125], [0.0, 0.0, 1.0, 0.0], [0.0, 0.0, 0.0, 1.0]], "cam_ids": [0, 1, 2, 3, 4, 5], "cam_channels": ["CAM_FRONT_LEFT", "CAM_FRONT", "CAM_FRONT_RIGHT", "CAM_BACK_LEFT", "CAM_BACK", "CAM_BACK_RIGHT"], "token": "7e619b436bb74d21a2a18a5b44a5e44c", "scene": "scene-0906"}, {"images": ["samples/CAM_FRONT_LEFT/n008-2018-09-18-15-12-01-0400__CAM_FRONT_LEFT__1537297987754799.jpg", "samples/CAM_FRONT/n008-2018-09-18-15-12-01-0400__CAM_FRONT__1537297987762404.jpg", "samples/CAM_FRONT_RIGHT/n008-2018-09-18-15-12-01-0400__CAM_FRONT_RIGHT__1537297987770482.jpg", "samples/CAM_BACK_LEFT/n008-2018-09-18-15-12-01-0400__CAM_BACK_LEFT__1537297987797405.jpg", "samples/CAM_BACK/n008-2018-09-18-15-12-01-0400__CAM_BACK__1537297987787568.jpg", "samples/CAM_BACK_RIGHT/n008-2018-09-18-15-12-01-0400__CAM_BACK_RIGHT__1537297987778113.jpg"], "intrinsics": [[[1257.8625342125129, 0.0, 827.2410631095686], [0.0, 1257.8625342125129, 450.915498205774], [0.0, 0.0, 1.0]], [[1252.8131021185304, 0.0, 826.588114781398], [0.0, 1252.8131021185304, 469.9846626224581], [0.0, 0.0, 1.0]], [[1256.7485116440405, 0.0, 817.7887570959712], [0.0, 1256.7485116440403, 451.9541780095127], [0.0, 0.0, 1.0]], [[1254.9860565800168, 0.0, 829.5769333630991], [0.0, 1254.9860565800168, 467.1680561863987], [0.0, 0.0, 1.0]], [[796.8910634503094, 0.0, 857.7774326863696], [0.0, 796.8910634503094, 476.8848988407415], [0.0, 0.0, 1.0]], [[1249.9629280788233, 0.0, 825.3768045375984], [0.0, 1249.9629280788233, 462.54816385708756], [0.0, 0.0, 1.0]]], "extrinsics": [[[0.8225054144859314, -0.5686813592910767, -0.009291787631809711, -0.7159423828125], [0.005329751409590244, 0.024042848497629166, -0.9996967315673828, 1.4901008605957031], [0.5687322616577148, 0.8222064971923828, 0.022806303575634956, -1.13623046875], [0.0, 0.0, 0.0, 1.0]], [[0.010187511332333088, -0.9997506737709045, -0.01986832730472088, 0.0101318359375], [0.007314279675483704, 0.01994333043694496, -0.9997743368148804, 1.4822502136230469], [0.999921441078186, 0.01003990601748228, 0.007515629753470421, -1.44384765625], [0.0, 0.0, 0.0, 1.0]], [[-0.8440265655517578, -0.5359659790992737, -0.018964480608701706, 0.8988037109375], [0.01533333770930767, 0.0112307695671916, -0.9998193383216858, 1.4965534210205078], [0.5360821485519409, -0.8441649079322815, -0.0012609207769855857, -1.154052734375], [0.0, 0.0, 0.0, 1.0]], [[0.9478835463523865, 0.3186147212982178, -0.0012246966361999512, -1.12548828125], [-0.010080874897539616, 0.026148444041609764, -0.9996072053909302, 1.5618438720703125], [-0.31845757365226746, 0.9475235939025879, 0.027997592464089394, -0.1624755859375], [0.0, 0.0, 0.0, 1.0]], [[0.00925899762660265, 0.9997828006744385, 0.01867113634943962, -0.0284423828125], [-0.007950504310429096, 0.018744949251413345, -0.9997926354408264, 1.5672931671142578], [-0.9999255537986755, 0.009108655154705048, 0.008122336119413376, -0.05126953125], [0.0, 0.0, 0.0, 1.0]], [[-0.9237208366394043, 0.3830612897872925, 0.0019796988926827908, 1.004119873046875], [-0.003752361983060837, -0.003880487522110343, -0.9999854564666748, 1.5471820831298828], [-0.38304808735847473, -0.9237146973609924, 0.00502187293022871, -0.107421875], [0.0, 0.0, 0.0, 1.0]]], "view": [[0.0, -2.0, 100.0], [-2.0, 0.0, 100.0], [0.0, 0.0, 1.0]], "bev": "bev_7380c8cf21ab4b609c3f47e80c7c5b11.png", "aux": "aux_7380c8cf21ab4b609c3f47e80c7c5b11.npz", "visibility": "visibility_7380c8cf21ab4b609c3f47e80c7c5b11.png", "pose": [[0.8806403279304504, 0.473785400390625, 0.0, 1355.3536376953125], [-0.473785400390625, 0.8806403279304504, 0.0, 1441.0540771484375], [0.0, 0.0, 1.0, 0.0], [0.0, 0.0, 0.0, 1.0]], "pose_inverse": [[0.8806403279304504, -0.473785400390625, 0.0, -510.82867431640625], [0.473785400390625, 0.8806403279304504, 0.0, -1911.1971435546875], [0.0, 0.0, 1.0, 0.0], [0.0, 0.0, 0.0, 1.0]], "cam_ids": [0, 1, 2, 3, 4, 5], "cam_channels": ["CAM_FRONT_LEFT", "CAM_FRONT", "CAM_FRONT_RIGHT", "CAM_BACK_LEFT", "CAM_BACK", "CAM_BACK_RIGHT"], "token": "7380c8cf21ab4b609c3f47e80c7c5b11", "scene": "scene-0906"}, {"images": ["samples/CAM_FRONT_LEFT/n008-2018-09-18-15-12-01-0400__CAM_FRONT_LEFT__1537297988154799.jpg", "samples/CAM_FRONT/n008-2018-09-18-15-12-01-0400__CAM_FRONT__1537297988162404.jpg", "samples/CAM_FRONT_RIGHT/n008-2018-09-18-15-12-01-0400__CAM_FRONT_RIGHT__1537297988170482.jpg", "samples/CAM_BACK_LEFT/n008-2018-09-18-15-12-01-0400__CAM_BACK_LEFT__1537297988197405.jpg", "samples/CAM_BACK/n008-2018-09-18-15-12-01-0400__CAM_BACK__1537297988187558.jpg", "samples/CAM_BACK_RIGHT/n008-2018-09-18-15-12-01-0400__CAM_BACK_RIGHT__1537297988178113.jpg"], "intrinsics": [[[1257.8625342125129, 0.0, 827.2410631095686], [0.0, 1257.8625342125129, 450.915498205774], [0.0, 0.0, 1.0]], [[1252.8131021185304, 0.0, 826.588114781398], [0.0, 1252.8131021185304, 469.9846626224581], [0.0, 0.0, 1.0]], [[1256.7485116440405, 0.0, 817.7887570959712], [0.0, 1256.7485116440403, 451.9541780095127], [0.0, 0.0, 1.0]], [[1254.9860565800168, 0.0, 829.5769333630991], [0.0, 1254.9860565800168, 467.1680561863987], [0.0, 0.0, 1.0]], [[796.8910634503094, 0.0, 857.7774326863696], [0.0, 796.8910634503094, 476.8848988407415], [0.0, 0.0, 1.0]], [[1249.9629280788233, 0.0, 825.3768045375984], [0.0, 1249.9629280788233, 462.54816385708756], [0.0, 0.0, 1.0]]], "extrinsics": [[[0.822491466999054, -0.5687276124954224, -0.00753336027264595, -0.71429443359375], [0.007129492703825235, 0.02355262078344822, -0.9996971487998962, 1.490753173828125], [0.5687328577041626, 0.822188675403595, 0.023426568135619164, -1.1346435546875], [0.0, 0.0, 0.0, 1.0]], [[0.010183556005358696, -0.9997628331184387, -0.019251123070716858, 0.0101318359375], [0.009045375511050224, 0.019343435764312744, -0.9997719526290894, 1.4827766418457031], [0.9999072551727295, 0.010007056407630444, 0.00924021378159523, -1.44219970703125], [0.0, 0.0, 0.0, 1.0]], [[-0.8440065979957581, -0.5359585285186768, -0.020035777240991592, 0.8978271484375], [0.017021343111991882, 0.010571020655333996, -0.9997992515563965, 1.4969558715820312], [0.5360627174377441, -0.8441781401634216, 0.00020072275947313756, -1.153564453125], [0.0, 0.0, 0.0, 1.0]], [[0.9478883147239685, 0.31860271096229553, 0.00011036308569600806, -1.125732421875], [-0.00851021520793438, 0.025665368884801865, -0.9996343851089478, 1.5618782043457031], [-0.31848907470703125, 0.947540819644928, 0.02703928016126156, -0.162353515625], [0.0, 0.0, 0.0, 1.0]], [[0.009243608452379704, 0.9997941851615906, 0.01805805042386055, -0.028564453125], [-0.006341872271150351, 0.01811707392334938, -0.9998157024383545, 1.5674495697021484], [-0.9999371767044067, 0.009127405472099781, 0.006508033722639084, -0.050811767578125], [0.0, 0.0, 0.0, 1.0]], [[-0.9237151145935059, 0.3830801844596863, 0.00018032343359664083, 1.003936767578125], [-0.0020822298247367144, -0.004550133366137743, -0.9999874830245972, 1.5474624633789062], [-0.3830745816230774, -0.9237039089202881, 0.005000687669962645, -0.107666015625], [0.0, 0.0, 0.0, 1.0]]], "view": [[0.0, -2.0, 100.0], [-2.0, 0.0, 100.0], [0.0, 0.0, 1.0]], "bev": "bev_14994efceb384860a0f8664c0b0d6a1d.png", "aux": "aux_14994efceb384860a0f8664c0b0d6a1d.npz", "visibility": "visibility_14994efceb384860a0f8664c0b0d6a1d.png", "pose": [[0.8808857798576355, 0.47332894802093506, 0.0, 1358.0985107421875], [-0.47332894802093506, 0.8808857798576355, 0.0, 1439.5546875], [0.0, 0.0, 1.0, 0.0], [0.0, 0.0, 0.0, 1.0]], "pose_inverse": [[0.8808857798576355, -0.47332894802093506, 0.0, -514.9467163085938], [0.47332894802093506, 0.8808857798576355, 0.0, -1910.9105224609375], [0.0, 0.0, 1.0, 0.0], [0.0, 0.0, 0.0, 1.0]], "cam_ids": [0, 1, 2, 3, 4, 5], "cam_channels": ["CAM_FRONT_LEFT", "CAM_FRONT", "CAM_FRONT_RIGHT", "CAM_BACK_LEFT", "CAM_BACK", "CAM_BACK_RIGHT"], "token": "14994efceb384860a0f8664c0b0d6a1d", "scene": "scene-0906"}, {"images": ["samples/CAM_FRONT_LEFT/n008-2018-09-18-15-12-01-0400__CAM_FRONT_LEFT__1537297988754799.jpg", "samples/CAM_FRONT/n008-2018-09-18-15-12-01-0400__CAM_FRONT__1537297988762404.jpg", "samples/CAM_FRONT_RIGHT/n008-2018-09-18-15-12-01-0400__CAM_FRONT_RIGHT__1537297988770482.jpg", "samples/CAM_BACK_LEFT/n008-2018-09-18-15-12-01-0400__CAM_BACK_LEFT__1537297988797405.jpg", "samples/CAM_BACK/n008-2018-09-18-15-12-01-0400__CAM_BACK__1537297988787558.jpg", "samples/CAM_BACK_RIGHT/n008-2018-09-18-15-12-01-0400__CAM_BACK_RIGHT__1537297988778113.jpg"], "intrinsics": [[[1257.8625342125129, 0.0, 827.2410631095686], [0.0, 1257.8625342125129, 450.915498205774], [0.0, 0.0, 1.0]], [[1252.8131021185304, 0.0, 826.588114781398], [0.0, 1252.8131021185304, 469.9846626224581], [0.0, 0.0, 1.0]], [[1256.7485116440405, 0.0, 817.7887570959712], [0.0, 1256.7485116440403, 451.9541780095127], [0.0, 0.0, 1.0]], [[1254.9860565800168, 0.0, 829.5769333630991], [0.0, 1254.9860565800168, 467.1680561863987], [0.0, 0.0, 1.0]], [[796.8910634503094, 0.0, 857.7774326863696], [0.0, 796.8910634503094, 476.8848988407415], [0.0, 0.0, 1.0]], [[1249.9629280788233, 0.0, 825.3768045375984], [0.0, 1249.9629280788233, 462.54816385708756], [0.0, 0.0, 1.0]]], "extrinsics": [[[0.8224696516990662, -0.5687221884727478, -0.009936576709151268, -0.7265625], [0.0007190312026068568, 0.018508603796362877, -0.9998283982276917, 1.4884910583496094], [0.5688086152076721, 0.8223212957382202, 0.015631692484021187, -1.14404296875], [0.0, 0.0, 0.0, 1.0]], [[0.01015513390302658, -0.9998461604118347, -0.014299190603196621, 0.01025390625], [0.002581292064860463, 0.014326091855764389, -0.9998940825462341, 1.4808540344238281], [0.9999451041221619, 0.010117154568433762, 0.0027263786178082228, -1.45574951171875], [0.0, 0.0, 0.0, 1.0]], [[-0.8440561890602112, -0.5361238121986389, -0.01185536477714777, 0.9078369140625], [0.010508576408028603, 0.005567177198827267, -0.9999293088912964, 1.4953498840332031], [0.5361518859863281, -0.8441210389137268, 0.0009348876192234457, -1.1595458984375], [0.0, 0.0, 0.0, 1.0]], [[0.9478400349617004, 0.31865349411964417, -0.00769452378153801, -1.131591796875], [-0.014996681362390518, 0.020468655973672867, -0.9996780157089233, 1.5618438720703125], [-0.31839340925216675, 0.9476501941680908, 0.02417975477874279, -0.1605224609375], [0.0, 0.0, 0.0, 1.0]], [[0.009277691133320332, 0.999873161315918, 0.012945096008479595, -0.0286865234375], [-0.012848084792494774, 0.013063780032098293, -0.9998320937156677, 1.566925048828125], [-0.999874472618103, 0.009109824895858765, 0.012967657297849655, -0.04351806640625], [0.0, 0.0, 0.0, 1.0]], [[-0.9237335324287415, 0.38301151990890503, 0.004306992515921593, 1.01275634765625], [-0.008624897338449955, -0.009557081386446953, -0.9999171495437622, 1.5464458465576172], [-0.3829386234283447, -0.9236941337585449, 0.012131632305681705, -0.103759765625], [0.0, 0.0, 0.0, 1.0]]], "view": [[0.0, -2.0, 100.0], [-2.0, 0.0, 100.0], [0.0, 0.0, 1.0]], "bev": "bev_a474fc3cae054873a4db787ed25e497a.png", "aux": "aux_a474fc3cae054873a4db787ed25e497a.npz", "visibility": "visibility_a474fc3cae054873a4db787ed25e497a.png", "pose": [[0.8815768957138062, 0.47204041481018066, 0.0, 1362.1842041015625], [-0.47204041481018066, 0.8815768957138062, 0.0, 1437.323486328125], [0.0, 0.0, 1.0, 0.0], [0.0, 0.0, 0.0, 1.0]], "pose_inverse": [[0.8815768957138062, -0.47204041481018066, 0.0, -522.3953857421875], [0.47204041481018066, 0.8815768957138062, 0.0, -1910.1171875], [0.0, 0.0, 1.0, 0.0], [0.0, 0.0, 0.0, 1.0]], "cam_ids": [0, 1, 2, 3, 4, 5], "cam_channels": ["CAM_FRONT_LEFT", "CAM_FRONT", "CAM_FRONT_RIGHT", "CAM_BACK_LEFT", "CAM_BACK", "CAM_BACK_RIGHT"], "token": "a474fc3cae054873a4db787ed25e497a", "scene": "scene-0906"}, {"images": ["samples/CAM_FRONT_LEFT/n008-2018-09-18-15-12-01-0400__CAM_FRONT_LEFT__1537297989254799.jpg", "samples/CAM_FRONT/n008-2018-09-18-15-12-01-0400__CAM_FRONT__1537297989262404.jpg", "samples/CAM_FRONT_RIGHT/n008-2018-09-18-15-12-01-0400__CAM_FRONT_RIGHT__1537297989270482.jpg", "samples/CAM_BACK_LEFT/n008-2018-09-18-15-12-01-0400__CAM_BACK_LEFT__1537297989297405.jpg", "samples/CAM_BACK/n008-2018-09-18-15-12-01-0400__CAM_BACK__1537297989287558.jpg", "samples/CAM_BACK_RIGHT/n008-2018-09-18-15-12-01-0400__CAM_BACK_RIGHT__1537297989278113.jpg"], "intrinsics": [[[1257.8625342125129, 0.0, 827.2410631095686], [0.0, 1257.8625342125129, 450.915498205774], [0.0, 0.0, 1.0]], [[1252.8131021185304, 0.0, 826.588114781398], [0.0, 1252.8131021185304, 469.9846626224581], [0.0, 0.0, 1.0]], [[1256.7485116440405, 0.0, 817.7887570959712], [0.0, 1256.7485116440403, 451.9541780095127], [0.0, 0.0, 1.0]], [[1254.9860565800168, 0.0, 829.5769333630991], [0.0, 1254.9860565800168, 467.1680561863987], [0.0, 0.0, 1.0]], [[796.8910634503094, 0.0, 857.7774326863696], [0.0, 796.8910634503094, 476.8848988407415], [0.0, 0.0, 1.0]], [[1249.9629280788233, 0.0, 825.3768045375984], [0.0, 1249.9629280788233, 462.54816385708756], [0.0, 0.0, 1.0]]], "extrinsics": [[[0.8221582174301147, -0.5692028403282166, -0.0079991789534688, -0.721923828125], [0.00011094094952568412, 0.014212124049663544, -0.9998989701271057, 1.4882926940917969], [0.5692591071128845, 0.8220743536949158, 0.011747760698199272, -1.140869140625], [0.0, 0.0, 0.0, 1.0]], [[0.009682917967438698, -0.9999035596847534, -0.009948162361979485, 0.010498046875], [0.0020195888355374336, 0.009968164376914501, -0.999948263168335, 1.4807167053222656], [0.9999510049819946, 0.009662320837378502, 0.0021159148309379816, -1.45074462890625], [0.0, 0.0, 0.0, 1.0]], [[-0.8442699909210205, -0.5358420014381409, -0.009023332968354225, 0.9041748046875], [0.009973271749913692, 0.0011248551309108734, -0.99994957447052, 1.4952855110168457], [0.5358251333236694, -0.8443174362182617, 0.004394416231662035, -1.1571044921875], [0.0, 0.0, 0.0, 1.0]], [[0.9478435516357422, 0.3185826241970062, -0.009882893413305283, -1.132080078125], [-0.01570478267967701, 0.01571090891957283, -0.9997531771659851, 1.561849594116211], [-0.31834876537323, 0.9477648735046387, 0.019894756376743317, -0.16015625], [0.0, 0.0, 0.0, 1.0]], [[0.009436387568712234, 0.9999210834503174, 0.008288685232400894, -0.0286865234375], [-0.013443425297737122, 0.00841516349464655, -0.9998741745948792, 1.5668578147888184], [-0.9998651742935181, 0.00932371336966753, 0.013521773740649223, -0.044921875], [0.0, 0.0, 0.0, 1.0]], [[-0.9236228466033936, 0.38329023122787476, 0.0030644952785223722, 1.010009765625], [-0.009162862785160542, -0.014085846953094006, -0.9998587965965271, 1.5463447570800781], [-0.38319286704063416, -0.9235205054283142, 0.01652204617857933, -0.104736328125], [0.0, 0.0, 0.0, 1.0]]], "view": [[0.0, -2.0, 100.0], [-2.0, 0.0, 100.0], [0.0, 0.0, 1.0]], "bev": "bev_2f3e07dddeb9482ea9994adbd1049e7a.png", "aux": "aux_2f3e07dddeb9482ea9994adbd1049e7a.npz", "visibility": "visibility_2f3e07dddeb9482ea9994adbd1049e7a.png", "pose": [[0.8840690851211548, 0.4673561751842499, 0.0, 1365.5738525390625], [-0.4673561751842499, 0.8840690851211548, 0.0, 1435.4814453125], [0.0, 0.0, 1.0, 0.0], [0.0, 0.0, 0.0, 1.0]], "pose_inverse": [[0.8840690851211548, -0.4673561751842499, 0.0, -536.3805541992188], [0.4673561751842499, 0.8840690851211548, 0.0, -1907.274169921875], [0.0, 0.0, 1.0, 0.0], [0.0, 0.0, 0.0, 1.0]], "cam_ids": [0, 1, 2, 3, 4, 5], "cam_channels": ["CAM_FRONT_LEFT", "CAM_FRONT", "CAM_FRONT_RIGHT", "CAM_BACK_LEFT", "CAM_BACK", "CAM_BACK_RIGHT"], "token": "2f3e07dddeb9482ea9994adbd1049e7a", "scene": "scene-0906"}, {"images": ["samples/CAM_FRONT_LEFT/n008-2018-09-18-15-12-01-0400__CAM_FRONT_LEFT__1537297989754799.jpg", "samples/CAM_FRONT/n008-2018-09-18-15-12-01-0400__CAM_FRONT__1537297989762404.jpg", "samples/CAM_FRONT_RIGHT/n008-2018-09-18-15-12-01-0400__CAM_FRONT_RIGHT__1537297989770482.jpg", "samples/CAM_BACK_LEFT/n008-2018-09-18-15-12-01-0400__CAM_BACK_LEFT__1537297989797405.jpg", "samples/CAM_BACK/n008-2018-09-18-15-12-01-0400__CAM_BACK__1537297989787558.jpg", "samples/CAM_BACK_RIGHT/n008-2018-09-18-15-12-01-0400__CAM_BACK_RIGHT__1537297989778113.jpg"], "intrinsics": [[[1257.8625342125129, 0.0, 827.2410631095686], [0.0, 1257.8625342125129, 450.915498205774], [0.0, 0.0, 1.0]], [[1252.8131021185304, 0.0, 826.588114781398], [0.0, 1252.8131021185304, 469.9846626224581], [0.0, 0.0, 1.0]], [[1256.7485116440405, 0.0, 817.7887570959712], [0.0, 1256.7485116440403, 451.9541780095127], [0.0, 0.0, 1.0]], [[1254.9860565800168, 0.0, 829.5769333630991], [0.0, 1254.9860565800168, 467.1680561863987], [0.0, 0.0, 1.0]], [[796.8910634503094, 0.0, 857.7774326863696], [0.0, 796.8910634503094, 476.8848988407415], [0.0, 0.0, 1.0]], [[1249.9629280788233, 0.0, 825.3768045375984], [0.0, 1249.9629280788233, 462.54816385708756], [0.0, 0.0, 1.0]]], "extrinsics": [[[0.8224584460258484, -0.5687964558601379, -0.005726895295083523, -0.7261962890625], [-0.000357302138581872, 0.0095513379201293, -0.9999542832374573, 1.4881534576416016], [0.5688251852989197, 0.8224229216575623, 0.007652344647794962, -1.143310546875], [0.0, 0.0, 0.0, 1.0]], [[0.01013841200619936, -0.9999347925186157, -0.005264847539365292, 0.0098876953125], [0.0015997861046344042, 0.005281331017613411, -0.9999848008155823, 1.4806041717529297], [0.9999473094940186, 0.010129766538739204, 0.001653227023780346, -1.455078125], [0.0, 0.0, 0.0, 1.0]], [[-0.8440691828727722, -0.5361984968185425, -0.006193936802446842, 0.9072265625], [0.009618363343179226, -0.003590003354474902, -0.9999473094940186, 1.4951756000518799], [0.5361480712890625, -0.8440843224525452, 0.00818756315857172, -1.159423828125], [0.0, 0.0, 0.0, 1.0]], [[0.9478384256362915, 0.3185439705848694, -0.01149031426757574, -1.137451171875], [-0.015795903280377388, 0.01093654241412878, -0.9998154044151306, 1.5619306564331055], [-0.31835952401161194, 0.9478449821472168, 0.015397765673696995, -0.1583251953125], [0.0, 0.0, 0.0, 1.0]], [[0.009287134744226933, 0.9999507069587708, 0.0035249607171863317, -0.0284423828125], [-0.013718370348215103, 0.0036521912552416325, -0.9998992085456848, 1.5669026374816895], [-0.9998628497123718, 0.009237836115062237, 0.013751612044870853, -0.04010009765625], [0.0, 0.0, 0.0, 1.0]], [[-0.9237288236618042, 0.38304418325424194, 0.0015191501006484032, 1.0138397216796875], [-0.009453926235437393, -0.018833469599485397, -0.9997779130935669, 1.5463333129882812], [-0.3829304873943329, -0.9235380291938782, 0.021018289029598236, -0.103515625], [0.0, 0.0, 0.0, 1.0]]], "view": [[0.0, -2.0, 100.0], [-2.0, 0.0, 100.0], [0.0, 0.0, 1.0]], "bev": "bev_04d4b4a43c1d465e96f3de26b50a9a97.png", "aux": "aux_04d4b4a43c1d465e96f3de26b50a9a97.npz", "visibility": "visibility_04d4b4a43c1d465e96f3de26b50a9a97.png", "pose": [[0.885386049747467, 0.46485650539398193, 0.0, 1368.9290771484375], [-0.46485650539398193, 0.885386049747467, 0.0, 1433.685546875], [0.0, 0.0, 1.0, 0.0], [0.0, 0.0, 0.0, 1.0]], "pose_inverse": [[0.885386049747467, -0.46485650539398193, 0.0, -545.5726318359375], [0.46485650539398193, 0.885386049747467, 0.0, -1905.720703125], [0.0, 0.0, 1.0, 0.0], [0.0, 0.0, 0.0, 1.0]], "cam_ids": [0, 1, 2, 3, 4, 5], "cam_channels": ["CAM_FRONT_LEFT", "CAM_FRONT", "CAM_FRONT_RIGHT", "CAM_BACK_LEFT", "CAM_BACK", "CAM_BACK_RIGHT"], "token": "04d4b4a43c1d465e96f3de26b50a9a97", "scene": "scene-0906"}, {"images": ["samples/CAM_FRONT_LEFT/n008-2018-09-18-15-12-01-0400__CAM_FRONT_LEFT__1537297990254799.jpg", "samples/CAM_FRONT/n008-2018-09-18-15-12-01-0400__CAM_FRONT__1537297990262404.jpg", "samples/CAM_FRONT_RIGHT/n008-2018-09-18-15-12-01-0400__CAM_FRONT_RIGHT__1537297990270482.jpg", "samples/CAM_BACK_LEFT/n008-2018-09-18-15-12-01-0400__CAM_BACK_LEFT__1537297990297533.jpg", "samples/CAM_BACK/n008-2018-09-18-15-12-01-0400__CAM_BACK__1537297990287558.jpg", "samples/CAM_BACK_RIGHT/n008-2018-09-18-15-12-01-0400__CAM_BACK_RIGHT__1537297990278113.jpg"], "intrinsics": [[[1257.8625342125129, 0.0, 827.2410631095686], [0.0, 1257.8625342125129, 450.915498205774], [0.0, 0.0, 1.0]], [[1252.8131021185304, 0.0, 826.588114781398], [0.0, 1252.8131021185304, 469.9846626224581], [0.0, 0.0, 1.0]], [[1256.7485116440405, 0.0, 817.7887570959712], [0.0, 1256.7485116440403, 451.9541780095127], [0.0, 0.0, 1.0]], [[1254.9860565800168, 0.0, 829.5769333630991], [0.0, 1254.9860565800168, 467.1680561863987], [0.0, 0.0, 1.0]], [[796.8910634503094, 0.0, 857.7774326863696], [0.0, 796.8910634503094, 476.8848988407415], [0.0, 0.0, 1.0]], [[1249.9629280788233, 0.0, 825.3768045375984], [0.0, 1249.9629280788233, 462.54816385708756], [0.0, 0.0, 1.0]]], "extrinsics": [[[0.8224502801895142, -0.5688225030899048, -0.004081950057297945, -0.7225341796875], [0.00034655426861718297, 0.007677007932215929, -0.9999704360961914, 1.488398551940918], [0.5688369870185852, 0.8224246501922607, 0.006511082872748375, -1.140625], [0.0, 0.0, 0.0, 1.0]], [[0.010138224810361862, -0.9999427199363708, -0.0034383595921099186, 0.0098876953125], [0.0023012429010123014, 0.0034618591889739037, -0.9999913573265076, 1.4808077812194824], [0.9999459385871887, 0.010130238719284534, 0.0023362082429230213, -1.45263671875], [0.0, 0.0, 0.0, 1.0]], [[-0.844057023525238, -0.5362215638160706, -0.005850215442478657, 0.9071044921875], [0.010331835597753525, -0.005353828426450491, -0.9999322891235352, 1.495333194732666], [0.5361539721488953, -0.8440603613853455, 0.01005908939987421, -1.1595458984375], [0.0, 0.0, 0.0, 1.0]], [[0.9478425979614258, 0.3185361921787262, -0.011364415287971497, -1.1387939453125], [-0.015108630061149597, 0.009286146610975266, -0.9998427629470825, 1.561960220336914], [-0.31838056445121765, 0.9478651881217957, 0.013614450581371784, -0.157958984375], [0.0, 0.0, 0.0, 1.0]], [[0.00928043294698, 0.9999552369117737, 0.0018639626214280725, -0.0284423828125], [-0.012957143597304821, 0.0019841401372104883, -0.9999140501022339, 1.5669753551483154], [-0.9998730421066284, 0.009255516342818737, 0.012974976561963558, -0.0394287109375], [0.0, 0.0, 0.0, 1.0]], [[-0.9237329959869385, 0.38303694128990173, 0.00018322523101232946, 1.0142822265625], [-0.008719401434063911, -0.020549504086375237, -0.9997508525848389, 1.5464553833007812], [-0.3829377293586731, -0.9235045313835144, 0.02232210710644722, -0.1036376953125], [0.0, 0.0, 0.0, 1.0]]], "view": [[0.0, -2.0, 100.0], [-2.0, 0.0, 100.0], [0.0, 0.0, 1.0]], "bev": "bev_27ab30ff89bf4051aa154178677b9da7.png", "aux": "aux_27ab30ff89bf4051aa154178677b9da7.npz", "visibility": "visibility_27ab30ff89bf4051aa154178677b9da7.png", "pose": [[0.8847584128379822, 0.46604999899864197, 0.0, 1372.361328125], [-0.46604999899864197, 0.8847584128379822, 0.0, 1431.8455810546875], [0.0, 0.0, 1.0, 0.0], [0.0, 0.0, 0.0, 1.0]], "pose_inverse": [[0.8847584128379822, -0.46604999899864197, 0.0, -546.8966064453125], [0.46604999899864197, 0.8847584128379822, 0.0, -1906.4263916015625], [0.0, 0.0, 1.0, 0.0], [0.0, 0.0, 0.0, 1.0]], "cam_ids": [0, 1, 2, 3, 4, 5], "cam_channels": ["CAM_FRONT_LEFT", "CAM_FRONT", "CAM_FRONT_RIGHT", "CAM_BACK_LEFT", "CAM_BACK", "CAM_BACK_RIGHT"], "token": "27ab30ff89bf4051aa154178677b9da7", "scene": "scene-0906"}, {"images": ["samples/CAM_FRONT_LEFT/n008-2018-09-18-15-12-01-0400__CAM_FRONT_LEFT__1537297990754799.jpg", "samples/CAM_FRONT/n008-2018-09-18-15-12-01-0400__CAM_FRONT__1537297990762404.jpg", "samples/CAM_FRONT_RIGHT/n008-2018-09-18-15-12-01-0400__CAM_FRONT_RIGHT__1537297990770482.jpg", "samples/CAM_BACK_LEFT/n008-2018-09-18-15-12-01-0400__CAM_BACK_LEFT__1537297990797405.jpg", "samples/CAM_BACK/n008-2018-09-18-15-12-01-0400__CAM_BACK__1537297990787558.jpg", "samples/CAM_BACK_RIGHT/n008-2018-09-18-15-12-01-0400__CAM_BACK_RIGHT__1537297990778113.jpg"], "intrinsics": [[[1257.8625342125129, 0.0, 827.2410631095686], [0.0, 1257.8625342125129, 450.915498205774], [0.0, 0.0, 1.0]], [[1252.8131021185304, 0.0, 826.588114781398], [0.0, 1252.8131021185304, 469.9846626224581], [0.0, 0.0, 1.0]], [[1256.7485116440405, 0.0, 817.7887570959712], [0.0, 1256.7485116440403, 451.9541780095127], [0.0, 0.0, 1.0]], [[1254.9860565800168, 0.0, 829.5769333630991], [0.0, 1254.9860565800168, 467.1680561863987], [0.0, 0.0, 1.0]], [[796.8910634503094, 0.0, 857.7774326863696], [0.0, 796.8910634503094, 476.8848988407415], [0.0, 0.0, 1.0]], [[1249.9629280788233, 0.0, 825.3768045375984], [0.0, 1249.9629280788233, 462.54816385708756], [0.0, 0.0, 1.0]]], "extrinsics": [[[0.8225794434547424, -0.5686476826667786, -0.0016912631690502167, -0.7171630859375], [0.0022605948615819216, 0.006244190968573093, -0.9999779462814331, 1.4890508651733398], [0.568645715713501, 0.8225575089454651, 0.0064218249171972275, -1.14013671875], [0.0, 0.0, 0.0, 1.0]], [[0.010319411754608154, -0.999944269657135, -0.0022286507301032543, 0.01220703125], [0.004077849444001913, 0.002270834520459175, -0.9999890923500061, 1.4813232421875], [0.9999384880065918, 0.010310233570635319, 0.004101055674254894, -1.44891357421875], [0.0, 0.0, 0.0, 1.0]], [[-0.8439751267433167, -0.5363399386405945, -0.006744967773556709, 0.905517578125], [0.01201897207647562, -0.006338085979223251, -0.9999076128005981, 1.4957504272460938], [0.5362476110458374, -0.8439782857894897, 0.011795440688729286, -1.1561279296875], [0.0, 0.0, 0.0, 1.0]], [[0.947856068611145, 0.31854239106178284, -0.009981907904148102, -1.1385498046875], [-0.013520346023142338, 0.008899100124835968, -0.9998689889907837, 1.561964988708496], [-0.31841185688972473, 0.9478668570518494, 0.012741870246827602, -0.1580810546875], [0.0, 0.0, 0.0, 1.0]], [[0.009221539832651615, 0.9999567866325378, 0.001251410460099578, -0.0291748046875], [-0.01136650238186121, 0.0013562047388404608, -0.9999344348907471, 1.5670993328094482], [-0.9998929500579834, 0.00920