[{"images": ["samples/CAM_FRONT_LEFT/n008-2018-08-30-10-33-52-0400__CAM_FRONT_LEFT__1535639716654799.jpg", "samples/CAM_FRONT/n008-2018-08-30-10-33-52-0400__CAM_FRONT__1535639716662720.jpg", "samples/CAM_FRONT_RIGHT/n008-2018-08-30-10-33-52-0400__CAM_FRONT_RIGHT__1535639716670482.jpg", "samples/CAM_BACK_LEFT/n008-2018-08-30-10-33-52-0400__CAM_BACK_LEFT__1535639716697405.jpg", "samples/CAM_BACK/n008-2018-08-30-10-33-52-0400__CAM_BACK__1535639716687558.jpg", "samples/CAM_BACK_RIGHT/n008-2018-08-30-10-33-52-0400__CAM_BACK_RIGHT__1535639716678113.jpg"], "intrinsics": [[[1257.8625342125129, 0.0, 827.2410631095686], [0.0, 1257.8625342125129, 450.915498205774], [0.0, 0.0, 1.0]], [[1252.8131021185304, 0.0, 826.588114781398], [0.0, 1252.8131021185304, 469.9846626224581], [0.0, 0.0, 1.0]], [[1256.7485116440405, 0.0, 817.7887570959712], [0.0, 1256.7485116440403, 451.9541780095127], [0.0, 0.0, 1.0]], [[1254.9860565800168, 0.0, 829.5769333630991], [0.0, 1254.9860565800168, 467.1680561863987], [0.0, 0.0, 1.0]], [[796.8910634503094, 0.0, 857.7774326863696], [0.0, 796.8910634503094, 476.8848988407415], [0.0, 0.0, 1.0]], [[1249.9629280788233, 0.0, 825.3768045375984], [0.0, 1249.9629280788233, 462.54816385708756], [0.0, 0.0, 1.0]]], "extrinsics": [[[0.8236870169639587, -0.5670363306999207, -0.00309372553601861, -0.77471923828125], [0.009750321507453918, 0.019618136808276176, -0.9997599720954895, 1.4909744262695312], [0.5669609308242798, 0.8234591484069824, 0.021687988191843033, -1.17724609375], [0.0, 0.0, 0.0, 1.0]], [[0.011927756480872631, -0.999812126159668, -0.015277942642569542, 0.009765625], [0.011819733306765556, 0.015418937429785728, -0.9998112916946411, 1.4828338623046875], [0.9998589754104614, 0.01174493134021759, 0.01200142689049244, -1.50653076171875], [0.0, 0.0, 0.0, 1.0]], [[-0.843233585357666, -0.5371593832969666, -0.020421531051397324, 0.9398193359375], [0.019977442920207977, 0.006648591719567776, -0.9997783303260803, 1.4966449737548828], [0.5371760129928589, -0.8434545397758484, 0.00512475473806262, -1.1802978515625], [0.0, 0.0, 0.0, 1.0]], [[0.9478579163551331, 0.31868770718574524, 0.001870262436568737, -1.1336669921875], [-0.005245047155767679, 0.0214673038572073, -0.9997557997703552, 1.561981201171875], [-0.3186500072479248, 0.9476165771484375, 0.022019486874341965, -0.1597900390625], [0.0, 0.0, 0.0, 1.0]], [[0.008657209575176239, 0.9998638033866882, 0.01405076589435339, -0.02880859375], [-0.0031723713036626577, 0.014078683219850063, -0.9998958706855774, 1.5678253173828125], [-0.9999575018882751, 0.008611735887825489, 0.00329382112249732, -0.02813720703125], [0.0, 0.0, 0.0, 1.0]], [[-0.9240817427635193, 0.3821715712547302, -0.004200549330562353, 1.0385894775390625], [0.0010183696867898107, -0.008528465405106544, -0.999963104724884, 1.547952651977539], [-0.38219335675239563, -0.9240519404411316, 0.0074918074533343315, -0.093017578125], [0.0, 0.0, 0.0, 1.0]]], "view": [[0.0, -2.0, 100.0], [-2.0, 0.0, 100.0], [0.0, 0.0, 1.0]], "bev": "bev_ce03b6f0c1d2455aa18f6275917485bc.png", "aux": "aux_ce03b6f0c1d2455aa18f6275917485bc.npz", "visibility": "visibility_ce03b6f0c1d2455aa18f6275917485bc.png", "pose": [[0.836603045463562, 0.5478095412254333, 0.0, 1737.555419921875], [-0.5478095412254333, 0.836603045463562, 0.0, 1235.6524658203125], [0.0, 0.0, 1.0, 0.0], [0.0, 0.0, 0.0, 1.0]], "pose_inverse": [[0.836603045463562, -0.5478095412254333, 0.0, -776.741943359375], [0.5478095412254333, 0.836603045463562, 0.0, -1985.60009765625], [0.0, 0.0, 1.0, 0.0], [0.0, 0.0, 0.0, 1.0]], "cam_ids": [0, 1, 2, 3, 4, 5], "cam_channels": ["CAM_FRONT_LEFT", "CAM_FRONT", "CAM_FRONT_RIGHT", "CAM_BACK_LEFT", "CAM_BACK", "CAM_BACK_RIGHT"], "token": "ce03b6f0c1d2455aa18f6275917485bc", "scene": "scene-0523"}, {"images": ["samples/CAM_FRONT_LEFT/n008-2018-08-30-10-33-52-0400__CAM_FRONT_LEFT__1535639717154808.jpg", "samples/CAM_FRONT/n008-2018-08-30-10-33-52-0400__CAM_FRONT__1535639717162404.jpg", "samples/CAM_FRONT_RIGHT/n008-2018-08-30-10-33-52-0400__CAM_FRONT_RIGHT__1535639717170482.jpg", "samples/CAM_BACK_LEFT/n008-2018-08-30-10-33-52-0400__CAM_BACK_LEFT__1535639717197405.jpg", "samples/CAM_BACK/n008-2018-08-30-10-33-52-0400__CAM_BACK__1535639717187558.jpg", "samples/CAM_BACK_RIGHT/n008-2018-08-30-10-33-52-0400__CAM_BACK_RIGHT__1535639717178113.jpg"], "intrinsics": [[[1257.8625342125129, 0.0, 827.2410631095686], [0.0, 1257.8625342125129, 450.915498205774], [0.0, 0.0, 1.0]], [[1252.8131021185304, 0.0, 826.588114781398], [0.0, 1252.8131021185304, 469.9846626224581], [0.0, 0.0, 1.0]], [[1256.7485116440405, 0.0, 817.7887570959712], [0.0, 1256.7485116440403, 451.9541780095127], [0.0, 0.0, 1.0]], [[1254.9860565800168, 0.0, 829.5769333630991], [0.0, 1254.9860565800168, 467.1680561863987], [0.0, 0.0, 1.0]], [[796.8910634503094, 0.0, 857.7774326863696], [0.0, 796.8910634503094, 476.8848988407415], [0.0, 0.0, 1.0]], [[1249.9629280788233, 0.0, 825.3768045375984], [0.0, 1249.9629280788233, 462.54816385708756], [0.0, 0.0, 1.0]]], "extrinsics": [[[0.8233802914619446, -0.567467987537384, -0.005013348534703255, -0.7786865234375], [0.0033821642864495516, 0.013741133734583855, -0.9998998641967773, 1.4892253875732422], [0.5674800276756287, 0.8232808113098145, 0.013233446516096592, -1.17724609375], [0.0, 0.0, 0.0, 1.0]], [[0.011531868949532509, -0.9998877644538879, -0.009564181789755821, 0.008056640625], [0.005311714019626379, 0.009625938721001148, -0.9999395608901978, 1.4813804626464844], [0.9999194741249084, 0.011480334214866161, 0.005422122310847044, -1.50604248046875], [0.0, 0.0, 0.0, 1.0]], [[-0.8434569239616394, -0.5370690822601318, -0.011725316755473614, 0.9388427734375], [0.013298017904162407, 0.0009458214044570923, -0.9999111294746399, 1.4954595565795898], [0.537032425403595, -0.8435377478599548, 0.00634419359266758, -1.18115234375], [0.0, 0.0, 0.0, 1.0]], [[0.9478448033332825, 0.31866979598999023, -0.006310757249593735, -1.128173828125], [-0.012125764973461628, 0.016267262399196625, -0.9997941851615906, 1.5618400573730469], [-0.3185015618801117, 0.9477261900901794, 0.019282957538962364, -0.161376953125], [0.0, 0.0, 0.0, 1.0]], [[0.008802254684269428, 0.9999247193336487, 0.008555428124964237, -0.028076171875], [-0.0100249033421278, 0.00864357128739357, -0.9999123811721802, 1.5672988891601562], [-0.9999110698699951, 0.008715714327991009, 0.010100231505930424, -0.03173828125], [0.0, 0.0, 0.0, 1.0]], [[-0.9240391254425049, 0.3822977542877197, -4.388147863210179e-05, 1.0374908447265625], [-0.00578856747597456, -0.01410612277686596, -0.9998837113380432, 1.5470390319824219], [-0.3822539746761322, -0.9239314794540405, 0.015247566625475883, -0.0947265625], [0.0, 0.0, 0.0, 1.0]]], "view": [[0.0, -2.0, 100.0], [-2.0, 0.0, 100.0], [0.0, 0.0, 1.0]], "bev": "bev_ea43c86a960344f09d3b3ab2035aced8.png", "aux": "aux_ea43c86a960344f09d3b3ab2035aced8.npz", "visibility": "visibility_ea43c86a960344f09d3b3ab2035aced8.png", "pose": [[0.8280501961708069, 0.5606539845466614, 0.0, 1740.124755859375], [-0.5606539845466614, 0.8280501961708069, 0.0, 1233.9146728515625], [0.0, 0.0, 1.0, 0.0], [0.0, 0.0, 0.0, 1.0]], "pose_inverse": [[0.8280501961708069, -0.5606539845466614, 0.0, -749.1113891601562], [0.5606539845466614, 0.8280501961708069, 0.0, -1997.3511962890625], [0.0, 0.0, 1.0, 0.0], [0.0, 0.0, 0.0, 1.0]], "cam_ids": [0, 1, 2, 3, 4, 5], "cam_channels": ["CAM_FRONT_LEFT", "CAM_FRONT", "CAM_FRONT_RIGHT", "CAM_BACK_LEFT", "CAM_BACK", "CAM_BACK_RIGHT"], "token": "ea43c86a960344f09d3b3ab2035aced8", "scene": "scene-0523"}, {"images": ["samples/CAM_FRONT_LEFT/n008-2018-08-30-10-33-52-0400__CAM_FRONT_LEFT__1535639717604799.jpg", "samples/CAM_FRONT/n008-2018-08-30-10-33-52-0400__CAM_FRONT__1535639717612404.jpg", "samples/CAM_FRONT_RIGHT/n008-2018-08-30-10-33-52-0400__CAM_FRONT_RIGHT__1535639717620482.jpg", "samples/CAM_BACK_LEFT/n008-2018-08-30-10-33-52-0400__CAM_BACK_LEFT__1535639717647405.jpg", "samples/CAM_BACK/n008-2018-08-30-10-33-52-0400__CAM_BACK__1535639717637558.jpg", "samples/CAM_BACK_RIGHT/n008-2018-08-30-10-33-52-0400__CAM_BACK_RIGHT__1535639717628113.jpg"], "intrinsics": [[[1257.8625342125129, 0.0, 827.2410631095686], [0.0, 1257.8625342125129, 450.915498205774], [0.0, 0.0, 1.0]], [[1252.8131021185304, 0.0, 826.588114781398], [0.0, 1252.8131021185304, 469.9846626224581], [0.0, 0.0, 1.0]], [[1256.7485116440405, 0.0, 817.7887570959712], [0.0, 1256.7485116440403, 451.9541780095127], [0.0, 0.0, 1.0]], [[1254.9860565800168, 0.0, 829.5769333630991], [0.0, 1254.9860565800168, 467.1680561863987], [0.0, 0.0, 1.0]], [[796.8910634503094, 0.0, 857.7774326863696], [0.0, 796.8910634503094, 476.8848988407415], [0.0, 0.0, 1.0]], [[1249.9629280788233, 0.0, 825.3768045375984], [0.0, 1249.9629280788233, 462.54816385708756], [0.0, 0.0, 1.0]]], "extrinsics": [[[0.8239818215370178, -0.5666161775588989, 0.0003276754869148135, -0.786376953125], [0.008393596857786179, 0.011627853848040104, -0.9998971819877625, 1.490488052368164], [0.5665541291236877, 0.8238998055458069, 0.014337088912725449, -1.185302734375], [0.0, 0.0, 0.0, 1.0]], [[0.012384828180074692, -0.9998961091041565, -0.0073784105479717255, 0.009521484375], [0.010354126803576946, 0.007506821770220995, -0.9999182224273682, 1.4824333190917969], [0.999869704246521, 0.012307501398026943, 0.010446022264659405, -1.514404296875], [0.0, 0.0, 0.0, 1.0]], [[-0.8430582880973816, -0.5376166701316833, -0.014866145327687263, 0.9449462890625], [0.018385158851742744, -0.0011832568561658263, -0.9998303055763245, 1.4962654113769531], [0.5375078320503235, -0.8431885242462158, 0.010881723836064339, -1.18310546875], [0.0, 0.0, 0.0, 1.0]], [[0.947822630405426, 0.3187903165817261, -0.002211641287431121, -1.1258544921875], [-0.006975953467190266, 0.013804025016725063, -0.9998804330825806, 1.5619087219238281], [-0.3187216520309448, 0.9477247595787048, 0.015307635068893433, -0.162353515625], [0.0, 0.0, 0.0, 1.0]], [[0.008476238697767258, 0.9999440908432007, 0.006326177157461643, -0.02880859375], [-0.00488789938390255, 0.006367761641740799, -0.9999677538871765, 1.5676884651184082], [-0.9999521374702454, 0.008445119485259056, 0.00494160084053874, -0.03118896484375], [0.0, 0.0, 0.0, 1.0]], [[-0.9242034554481506, 0.3818592131137848, -0.005617961287498474, 1.0403594970703125], [-0.0006495472625829279, -0.016282254830002785, -0.9998672008514404, 1.5477447509765625], [-0.38189998269081116, -0.924077033996582, 0.01529615093022585, -0.09228515625], [0.0, 0.0, 0.0, 1.0]]], "view": [[0.0, -2.0, 100.0], [-2.0, 0.0, 100.0], [0.0, 0.0, 1.0]], "bev": "bev_c94e416f271641fab8c1a2e3b9758979.png", "aux": "aux_c94e416f271641fab8c1a2e3b9758979.npz", "visibility": "visibility_c94e416f271641fab8c1a2e3b9758979.png", "pose": [[0.8142054080963135, 0.5805768966674805, 0.0, 1742.3299560546875], [-0.5805768966674805, 0.8142054080963135, 0.0, 1232.375244140625], [0.0, 0.0, 1.0, 0.0], [0.0, 0.0, 0.0, 1.0]], "pose_inverse": [[0.8142054080963135, -0.5805768966674805, 0.0, -703.1259155273438], [0.5805768966674805, 0.8142054080963135, 0.0, -2014.963134765625], [0.0, 0.0, 1.0, 0.0], [0.0, 0.0, 0.0, 1.0]], "cam_ids": [0, 1, 2, 3, 4, 5], "cam_channels": ["CAM_FRONT_LEFT", "CAM_FRONT", "CAM_FRONT_RIGHT", "CAM_BACK_LEFT", "CAM_BACK", "CAM_BACK_RIGHT"], "token": "c94e416f271641fab8c1a2e3b9758979", "scene": "scene-0523"}, {"images": ["samples/CAM_FRONT_LEFT/n008-2018-08-30-10-33-52-0400__CAM_FRONT_LEFT__1535639718104799.jpg", "samples/CAM_FRONT/n008-2018-08-30-10-33-52-0400__CAM_FRONT__1535639718112404.jpg", "samples/CAM_FRONT_RIGHT/n008-2018-08-30-10-33-52-0400__CAM_FRONT_RIGHT__1535639718120482.jpg", "samples/CAM_BACK_LEFT/n008-2018-08-30-10-33-52-0400__CAM_BACK_LEFT__1535639718147405.jpg", "samples/CAM_BACK/n008-2018-08-30-10-33-52-0400__CAM_BACK__1535639718137558.jpg", "samples/CAM_BACK_RIGHT/n008-2018-08-30-10-33-52-0400__CAM_BACK_RIGHT__1535639718128113.jpg"], "intrinsics": [[[1257.8625342125129, 0.0, 827.2410631095686], [0.0, 1257.8625342125129, 450.915498205774], [0.0, 0.0, 1.0]], [[1252.8131021185304, 0.0, 826.588114781398], [0.0, 1252.8131021185304, 469.9846626224581], [0.0, 0.0, 1.0]], [[1256.7485116440405, 0.0, 817.7887570959712], [0.0, 1256.7485116440403, 451.9541780095127], [0.0, 0.0, 1.0]], [[1254.9860565800168, 0.0, 829.5769333630991], [0.0, 1254.9860565800168, 467.1680561863987], [0.0, 0.0, 1.0]], [[796.8910634503094, 0.0, 857.7774326863696], [0.0, 796.8910634503094, 476.8848988407415], [0.0, 0.0, 1.0]], [[1249.9629280788233, 0.0, 825.3768045375984], [0.0, 1249.9629280788233, 462.54816385708756], [0.0, 0.0, 1.0]]], "extrinsics": [[[0.8239099979400635, -0.566716194152832, 0.002274267142638564, -0.78570556640625], [0.014528336934745312, 0.0171097069978714, -0.9997480511665344, 1.4921302795410156], [0.5665345788002014, 0.8237354755401611, 0.022330299019813538, -1.1839599609375], [0.0, 0.0, 0.0, 1.0]], [[0.01237992849200964, -0.9998412132263184, -0.012816629372537136, 0.0091552734375], [0.016364652663469315, 0.013018486090004444, -0.9997813701629639, 1.4837799072265625], [0.9997894167900085, 0.012167458422482014, 0.016523221507668495, -1.5126953125], [0.0, 0.0, 0.0, 1.0]], [[-0.84295654296875, -0.5374982953071594, -0.022803252562880516, 0.94287109375], [0.024263456463813782, 0.0043596127070486546, -0.9996960759162903, 1.4973316192626953], [0.5374343395233154, -0.8432537317276001, 0.009366599842905998, -1.1824951171875], [0.0, 0.0, 0.0, 1.0]], [[0.9477980136871338, 0.3188340663909912, 0.004898559767752886, -1.123291015625], [-0.0014019018271937966, 0.019528470933437347, -0.9998083114624023, 1.5620079040527344], [-0.3188685476779938, 0.9476093649864197, 0.01895601861178875, -0.163330078125], [0.0, 0.0, 0.0, 1.0]], [[0.008389851078391075, 0.9998927116394043, 0.01201208122074604, -0.0284423828125], [0.0008538753609173, 0.0120053356513381, -0.9999275803565979, 1.5681228637695312], [-0.9999644756317139, 0.008399402722716331, -0.0007530605071224272, -0.03387451171875], [0.0, 0.0, 0.0, 1.0]], [[-0.9241679906845093, 0.3818839192390442, -0.008836735039949417, 1.03826904296875], [0.005133314058184624, -0.010715472511947155, -0.9999293684959412, 1.5485000610351562], [-0.3819516897201538, -0.9241481423377991, 0.007942567579448223, -0.093505859375], [0.0, 0.0, 0.0, 1.0]]], "view": [[0.0, -2.0, 100.0], [-2.0, 0.0, 100.0], [0.0, 0.0, 1.0]], "bev": "bev_918265ec23a44843bef78029269143e2.png", "aux": "aux_918265ec23a44843bef78029269143e2.npz", "visibility": "visibility_918265ec23a44843bef78029269143e2.png", "pose": [[0.798432469367981, 0.6020843982696533, 0.0, 1744.72802734375], [-0.6020843982696533, 0.798432469367981, 0.0, 1230.57080078125], [0.0, 0.0, 1.0, 0.0], [0.0, 0.0, 0.0, 1.0]], "pose_inverse": [[0.798432469367981, -0.6020843982696533, 0.0, -652.1400146484375], [0.6020843982696533, 0.798432469367981, 0.0, -2033.001220703125], [0.0, 0.0, 1.0, 0.0], [0.0, 0.0, 0.0, 1.0]], "cam_ids": [0, 1, 2, 3, 4, 5], "cam_channels": ["CAM_FRONT_LEFT", "CAM_FRONT", "CAM_FRONT_RIGHT", "CAM_BACK_LEFT", "CAM_BACK", "CAM_BACK_RIGHT"], "token": "918265ec23a44843bef78029269143e2", "scene": "scene-0523"}, {"images": ["samples/CAM_FRONT_LEFT/n008-2018-08-30-10-33-52-0400__CAM_FRONT_LEFT__1535639718604799.jpg", "samples/CAM_FRONT/n008-2018-08-30-10-33-52-0400__CAM_FRONT__1535639718612404.jpg", "samples/CAM_FRONT_RIGHT/n008-2018-08-30-10-33-52-0400__CAM_FRONT_RIGHT__1535639718620482.jpg", "samples/CAM_BACK_LEFT/n008-2018-08-30-10-33-52-0400__CAM_BACK_LEFT__1535639718647416.jpg", "samples/CAM_BACK/n008-2018-08-30-10-33-52-0400__CAM_BACK__1535639718637580.jpg", "samples/CAM_BACK_RIGHT/n008-2018-08-30-10-33-52-0400__CAM_BACK_RIGHT__1535639718628113.jpg"], "intrinsics": [[[1257.8625342125129, 0.0, 827.2410631095686], [0.0, 1257.8625342125129, 450.915498205774], [0.0, 0.0, 1.0]], [[1252.8131021185304, 0.0, 826.588114781398], [0.0, 1252.8131021185304, 469.9846626224581], [0.0, 0.0, 1.0]], [[1256.7485116440405, 0.0, 817.7887570959712], [0.0, 1256.7485116440403, 451.9541780095127], [0.0, 0.0, 1.0]], [[1254.9860565800168, 0.0, 829.5769333630991], [0.0, 1254.9860565800168, 467.1680561863987], [0.0, 0.0, 1.0]], [[796.8910634503094, 0.0, 857.7774326863696], [0.0, 796.8910634503094, 476.8848988407415], [0.0, 0.0, 1.0]], [[1249.9629280788233, 0.0, 825.3768045375984], [0.0, 1249.9629280788233, 462.54816385708756], [0.0, 0.0, 1.0]]], "extrinsics": [[[0.8239521980285645, -0.566658616065979, -0.0010368581861257553, -0.774658203125], [0.0176849402487278, 0.027543656527996063, -0.9994641542434692, 1.4931259155273438], [0.566383421421051, 0.8234922289848328, 0.032715972512960434, -1.1785888671875], [0.0, 0.0, 0.0, 1.0]], [[0.012510626576840878, -0.9996500611305237, -0.023305952548980713, 0.010986328125], [0.01970577798783779, 0.023549731820821762, -0.9995284676551819, 1.4847221374511719], [0.9997275471687317, 0.012045484967529774, 0.019993504509329796, -1.50030517578125], [0.0, 0.0, 0.0, 1.0]], [[-0.8428249359130859, -0.5372650027275085, -0.03150205686688423, 0.932861328125], [0.027800478041172028, 0.014993347227573395, -0.9995009899139404, 1.4982757568359375], [0.5374692678451538, -0.8432801961898804, 0.0022994549944996834, -1.174560546875], [0.0, 0.0, 0.0, 1.0]], [[0.9477379322052002, 0.3188219368457794, 0.012057260610163212, -1.1146240234375], [0.002493280218914151, 0.030388979241251945, -0.9995350241661072, 1.562103271484375], [-0.3190402388572693, 0.9473273158073425, 0.028005875647068024, -0.16650390625], [0.0, 0.0, 0.0, 1.0]], [[0.00824675988405943, 0.9997050762176514, 0.022844118997454643, -0.029052734375], [0.0046485550701618195, 0.02280632220208645, -0.9997290968894958, 1.5684547424316406], [-0.9999552369117737, 0.008350782096385956, -0.004459103103727102, -0.0445556640625], [0.0, 0.0, 0.0, 1.0]], [[-0.9241628050804138, 0.38191214203834534, -0.008125821128487587, 1.0267333984375], [0.008796961978077888, 1.130774944613222e-05, -0.9999613165855408, 1.5490784645080566], [-0.38189730048179626, -0.9241986870765686, -0.003370116464793682, -0.09765625], [0.0, 0.0, 0.0, 1.0]]], "view": [[0.0, -2.0, 100.0], [-2.0, 0.0, 100.0], [0.0, 0.0, 1.0]], "bev": "bev_17dc38b84c1049cdb8891866948a25f0.png", "aux": "aux_17dc38b84c1049cdb8891866948a25f0.npz", "visibility": "visibility_17dc38b84c1049cdb8891866948a25f0.png", "pose": [[0.7821072936058044, 0.6231437921524048, 0.0, 1746.95556640625], [-0.6231437921524048, 0.7821072936058044, 0.0, 1228.818359375], [0.0, 0.0, 1.0, 0.0], [0.0, 0.0, 0.0, 1.0]], "pose_inverse": [[0.7821072936058044, -0.6231437921524048, 0.0, -600.5762329101562], [0.6231437921524048, 0.7821072936058044, 0.0, -2049.67236328125], [0.0, 0.0, 1.0, 0.0], [0.0, 0.0, 0.0, 1.0]], "cam_ids": [0, 1, 2, 3, 4, 5], "cam_channels": ["CAM_FRONT_LEFT", "CAM_FRONT", "CAM_FRONT_RIGHT", "CAM_BACK_LEFT", "CAM_BACK", "CAM_BACK_RIGHT"], "token": "17dc38b84c1049cdb8891866948a25f0", "scene": "scene-0523"}, {"images": ["samples/CAM_FRONT_LEFT/n008-2018-08-30-10-33-52-0400__CAM_FRONT_LEFT__1535639719104799.jpg", "samples/CAM_FRONT/n008-2018-08-30-10-33-52-0400__CAM_FRONT__1535639719112404.jpg", "samples/CAM_FRONT_RIGHT/n008-2018-08-30-10-33-52-0400__CAM_FRONT_RIGHT__1535639719120482.jpg", "samples/CAM_BACK_LEFT/n008-2018-08-30-10-33-52-0400__CAM_BACK_LEFT__1535639719147405.jpg", "samples/CAM_BACK/n008-2018-08-30-10-33-52-0400__CAM_BACK__1535639719137558.jpg", "samples/CAM_BACK_RIGHT/n008-2018-08-30-10-33-52-0400__CAM_BACK_RIGHT__1535639719128113.jpg"], "intrinsics": [[[1257.8625342125129, 0.0, 827.2410631095686], [0.0, 1257.8625342125129, 450.915498205774], [0.0, 0.0, 1.0]], [[1252.8131021185304, 0.0, 826.588114781398], [0.0, 1252.8131021185304, 469.9846626224581], [0.0, 0.0, 1.0]], [[1256.7485116440405, 0.0, 817.7887570959712], [0.0, 1256.7485116440403, 451.9541780095127], [0.0, 0.0, 1.0]], [[1254.9860565800168, 0.0, 829.5769333630991], [0.0, 1254.9860565800168, 467.1680561863987], [0.0, 0.0, 1.0]], [[796.8910634503094, 0.0, 857.7774326863696], [0.0, 796.8910634503094, 476.8848988407415], [0.0, 0.0, 1.0]], [[1249.9629280788233, 0.0, 825.3768045375984], [0.0, 1249.9629280788233, 462.54816385708756], [0.0, 0.0, 1.0]]], "extrinsics": [[[0.8246090412139893, -0.56566321849823, -0.006705996114760637, -0.77935791015625], [0.012189208529889584, 0.02961812913417816, -0.9994869828224182, 1.4914779663085938], [0.565571665763855, 0.8241042494773865, 0.03131836652755737, -1.183837890625], [0.0, 0.0, 0.0, 1.0]], [[0.013395115733146667, -0.9995901584625244, -0.02530094049870968, 0.011962890625], [0.014031526632606983, 0.025488629937171936, -0.9995766282081604, 1.4832687377929688], [0.9998118281364441, 0.013034384697675705, 0.014367199502885342, -1.5068359375], [0.0, 0.0, 0.0, 1.0]], [[-0.8425489664077759, -0.5379157662391663, -0.02752806432545185, 0.9383544921875], [0.021938929334282875, 0.01679246500134468, -0.9996182918548584, 1.4970283508300781], [0.538172721862793, -0.8428313732147217, -0.0023471792228519917, -1.1766357421875], [0.0, 0.0, 0.0, 1.0]], [[0.9477389454841614, 0.3189799189567566, 0.0065424200147390366, -1.113525390625], [-0.003839898854494095, 0.031908776611089706, -0.9994834065437317, 1.5618972778320312], [-0.3190239667892456, 0.9472241401672363, 0.0314660370349884, -0.167236328125], [0.0, 0.0, 0.0, 1.0]], [[0.007966547273099422, 0.9996713399887085, 0.024368520826101303, -0.030029296875], [-0.001545479753986001, 0.024381574243307114, -0.9997014999389648, 1.5678863525390625], [-0.9999671578407288, 0.00792653951793909, 0.001739208702929318, -0.0428466796875], [0.0, 0.0, 0.0, 1.0]], [[-0.9244433045387268, 0.3813142776489258, -0.001985762966796756, 1.030426025390625], [0.002838479122146964, 0.0016738451085984707, -0.9999945759773254, 1.5482044219970703], [-0.3813088834285736, -0.9244439601898193, -0.0026297273579984903, -0.094482421875], [0.0, 0.0, 0.0, 1.0]]], "view": [[0.0, -2.0, 100.0], [-2.0, 0.0, 100.0], [0.0, 0.0, 1.0]], "bev": "bev_0c0bc7cd759348d6a3a7ad7e52cd50ac.png", "aux": "aux_0c0bc7cd759348d6a3a7ad7e52cd50ac.npz", "visibility": "visibility_0c0bc7cd759348d6a3a7ad7e52cd50ac.png", "pose": [[0.7637555599212646, 0.6455056071281433, 0.0, 1749.164306640625], [-0.6455056071281433, 0.7637555599212646, 0.0, 1226.97021484375], [0.0, 0.0, 1.0, 0.0], [0.0, 0.0, 0.0, 1.0]], "pose_inverse": [[0.7637555599212646, -0.6455056071281433, 0.0, -543.9177856445312], [0.6455056071281433, 0.7637555599212646, 0.0, -2066.20068359375], [0.0, 0.0, 1.0, 0.0], [0.0, 0.0, 0.0, 1.0]], "cam_ids": [0, 1, 2, 3, 4, 5], "cam_channels": ["CAM_FRONT_LEFT", "CAM_FRONT", "CAM_FRONT_RIGHT", "CAM_BACK_LEFT", "CAM_BACK", "CAM_BACK_RIGHT"], "token": "0c0bc7cd759348d6a3a7ad7e52cd50ac", "scene": "scene-0523"}, {"images": ["samples/CAM_FRONT_LEFT/n008-2018-08-30-10-33-52-0400__CAM_FRONT_LEFT__1535639719654799.jpg", "samples/CAM_FRONT/n008-2018-08-30-10-33-52-0400__CAM_FRONT__1535639719662404.jpg", "samples/CAM_FRONT_RIGHT/n008-2018-08-30-10-33-52-0400__CAM_FRONT_RIGHT__1535639719670482.jpg", "samples/CAM_BACK_LEFT/n008-2018-08-30-10-33-52-0400__CAM_BACK_LEFT__1535639719697405.jpg", "samples/CAM_BACK/n008-2018-08-30-10-33-52-0400__CAM_BACK__1535639719687558.jpg", "samples/CAM_BACK_RIGHT/n008-2018-08-30-10-33-52-0400__CAM_BACK_RIGHT__1535639719678113.jpg"], "intrinsics": [[[1257.8625342125129, 0.0, 827.2410631095686], [0.0, 1257.8625342125129, 450.915498205774], [0.0, 0.0, 1.0]], [[1252.8131021185304, 0.0, 826.588114781398], [0.0, 1252.8131021185304, 469.9846626224581], [0.0, 0.0, 1.0]], [[1256.7485116440405, 0.0, 817.7887570959712], [0.0, 1256.7485116440403, 451.9541780095127], [0.0, 0.0, 1.0]], [[1254.9860565800168, 0.0, 829.5769333630991], [0.0, 1254.9860565800168, 467.1680561863987], [0.0, 0.0, 1.0]], [[796.8910634503094, 0.0, 857.7774326863696], [0.0, 796.8910634503094, 476.8848988407415], [0.0, 0.0, 1.0]], [[1249.9629280788233, 0.0, 825.3768045375984], [0.0, 1249.9629280788233, 462.54816385708756], [0.0, 0.0, 1.0]]], "extrinsics": [[[0.823564887046814, -0.5671340823173523, -0.009995093569159508, -0.785400390625], [0.008197307586669922, 0.029519326984882355, -0.9995306134223938, 1.4905242919921875], [0.5671629309654236, 0.8230963945388794, 0.028960052877664566, -1.180908203125], [0.0, 0.0, 0.0, 1.0]], [[0.011734607629477978, -0.999610960483551, -0.02530215121805668, 0.00732421875], [0.010146968066692352, 0.02542162872850895, -0.9996253252029419, 1.4824752807617188], [0.9998795986175537, 0.01147343311458826, 0.010441333055496216, -1.509185791015625], [0.0, 0.0, 0.0, 1.0]], [[-0.8433393836021423, -0.5368300676345825, -0.024333065375685692, 0.9378662109375], [0.018166279420256615, 0.01677492819726467, -0.9996942281723022, 1.496368408203125], [0.537074089050293, -0.8435235619544983, -0.004394752439111471, -1.1812744140625], [0.0, 0.0, 0.0, 1.0]], [[0.9478208422660828, 0.31878596544265747, 0.003328850260004401, -1.1156005859375], [-0.007357150781899691, 0.03231097385287285, -0.9994507431983948, 1.5618324279785156], [-0.31871840357780457, 0.9472758173942566, 0.0329703688621521, -0.16552734375], [0.0, 0.0, 0.0, 1.0]], [[0.00867213774472475, 0.9996602535247803, 0.024578962475061417, -0.02783203125], [-0.005145559553056955, 0.02462417259812355, -0.9996834993362427, 1.5676345825195312], [-0.9999490976333618, 0.008542968891561031, 0.005357356276363134, -0.040863037109375], [0.0, 0.0, 0.0, 1.0]], [[-0.9240615963935852, 0.38224053382873535, 0.0015039718709886074, 1.033447265625], [-0.000888547976501286, 0.0017865609843283892, -0.9999979734420776, 1.5476882457733154], [-0.38224247097969055, -0.9240610599517822, -0.0013112539891153574, -0.09716796875], [0.0, 0.0, 0.0, 1.0]]], "view": [[0.0, -2.0, 100.0], [-2.0, 0.0, 100.0], [0.0, 0.0, 1.0]], "bev": "bev_6e5f83862953468098943f4901e9551a.png", "aux": "aux_6e5f83862953468098943f4901e9551a.npz", "visibility": "visibility_6e5f83862953468098943f4901e9551a.png", "pose": [[0.7407541275024414, 0.6717762351036072, 0.0, 1751.36474609375], [-0.6717762351036072, 0.7407541275024414, 0.0, 1224.999755859375], [0.0, 0.0, 1.0, 0.0], [0.0, 0.0, 0.0, 1.0]], "pose_inverse": [[0.7407541275024414, -0.6717762351036072, 0.0, -474.4049377441406], [0.6717762351036072, 0.7407541275024414, 0.0, -2083.94873046875], [0.0, 0.0, 1.0, 0.0], [0.0, 0.0, 0.0, 1.0]], "cam_ids": [0, 1, 2, 3, 4, 5], "cam_channels": ["CAM_FRONT_LEFT", "CAM_FRONT", "CAM_FRONT_RIGHT", "CAM_BACK_LEFT", "CAM_BACK", "CAM_BACK_RIGHT"], "token": "6e5f83862953468098943f4901e9551a", "scene": "scene-0523"}, {"images": ["samples/CAM_FRONT_LEFT/n008-2018-08-30-10-33-52-0400__CAM_FRONT_LEFT__1535639720154799.jpg", "samples/CAM_FRONT/n008-2018-08-30-10-33-52-0400__CAM_FRONT__1535639720162404.jpg", "samples/CAM_FRONT_RIGHT/n008-2018-08-30-10-33-52-0400__CAM_FRONT_RIGHT__1535639720170482.jpg", "samples/CAM_BACK_LEFT/n008-2018-08-30-10-33-52-0400__CAM_BACK_LEFT__1535639720197405.jpg", "samples/CAM_BACK/n008-2018-08-30-10-33-52-0400__CAM_BACK__1535639720187558.jpg", "samples/CAM_BACK_RIGHT/n008-2018-08-30-10-33-52-0400__CAM_BACK_RIGHT__1535639720178113.jpg"], "intrinsics": [[[1257.8625342125129, 0.0, 827.2410631095686], [0.0, 1257.8625342125129, 450.915498205774], [0.0, 0.0, 1.0]], [[1252.8131021185304, 0.0, 826.588114781398], [0.0, 1252.8131021185304, 469.9846626224581], [0.0, 0.0, 1.0]], [[1256.7485116440405, 0.0, 817.7887570959712], [0.0, 1256.7485116440403, 451.9541780095127], [0.0, 0.0, 1.0]], [[1254.9860565800168, 0.0, 829.5769333630991], [0.0, 1254.9860565800168, 467.1680561863987], [0.0, 0.0, 1.0]], [[796.8910634503094, 0.0, 857.7774326863696], [0.0, 796.8910634503094, 476.8848988407415], [0.0, 0.0, 1.0]], [[1249.9629280788233, 0.0, 825.3768045375984], [0.0, 1249.9629280788233, 462.54816385708756], [0.0, 0.0, 1.0]]], "extrinsics": [[[0.8234997987747192, -0.5671870112419128, -0.012125232256948948, -0.79931640625], [0.005071710329502821, 0.028732364997267723, -0.9995742440223694, 1.4895744323730469], [0.5672939419746399, 0.8230876922607422, 0.026537705212831497, -1.1912841796875], [0.0, 0.0, 0.0, 1.0]], [[0.01164258923381567, -0.9996320605278015, -0.024497615173459053, 0.007568359375], [0.007006153464317322, 0.024580223485827446, -0.9996733665466309, 1.4816360473632812], [0.9999076128005981, 0.011467017233371735, 0.007289751898497343, -1.524627685546875], [0.0, 0.0, 0.0, 1.0]], [[-0.8434112668037415, -0.5368509888648987, -0.02117885649204254, 0.9490966796875], [0.015004809014499187, 0.01586768589913845, -0.9997615218162537, 1.4955902099609375], [0.53705894947052, -0.8435278534889221, -0.005327638704329729, -1.187744140625], [0.0, 0.0, 0.0, 1.0]], [[0.9478367567062378, 0.3187563121318817, 3.74832670786418e-05, -1.119873046875], [-0.010412955656647682, 0.0310809388756752, -0.9994626045227051, 1.5617752075195312], [-0.31858617067337036, 0.9473270177841187, 0.03277885168790817, -0.1641845703125], [0.0, 0.0, 0.0, 1.0]], [[0.008751885034143925, 0.9996869564056396, 0.023440547287464142, -0.028076171875], [-0.00828496553003788, 0.023513132706284523, -0.9996891617774963, 1.5674209594726562], [-0.9999274611473083, 0.008555016480386257, 0.008488157764077187, -0.03289794921875], [0.0, 0.0, 0.0, 1.0]], [[-0.9240532517433167, 0.38224220275878906, 0.0040547666139900684, 1.043243408203125], [-0.0040618618950247765, 0.0007883895887061954, -0.9999914169311523, 1.5472935438156128], [-0.38224220275878906, -0.9240618348121643, 0.0008241018513217568, -0.092529296875], [0.0, 0.0, 0.0, 1.0]]], "view": [[0.0, -2.0, 100.0], [-2.0, 0.0, 100.0], [0.0, 0.0, 1.0]], "bev": "bev_c677f08e71944f7fb17beb92d02a734a.png", "aux": "aux_c677f08e71944f7fb17beb92d02a734a.npz", "visibility": "visibility_c677f08e71944f7fb17beb92d02a734a.png", "pose": [[0.7251471877098083, 0.6885939240455627, 0.0, 1753.329345703125], [-0.6885939240455627, 0.7251471877098083, 0.0, 1223.180419921875], [0.0, 0.0, 1.0, 0.0], [0.0, 0.0, 0.0, 1.0]], "pose_inverse": [[0.7251471877098083, -0.6885939240455627, 0.0, -429.147216796875], [0.6885939240455627, 0.7251471877098083, 0.0, -2094.317626953125], [0.0, 0.0, 1.0, 0.0], [0.0, 0.0, 0.0, 1.0]], "cam_ids": [0, 1, 2, 3, 4, 5], "cam_channels": ["CAM_FRONT_LEFT", "CAM_FRONT", "CAM_FRONT_RIGHT", "CAM_BACK_LEFT", "CAM_BACK", "CAM_BACK_RIGHT"], "token": "c677f08e71944f7fb17beb92d02a734a", "scene": "scene-0523"}, {"images": ["samples/CAM_FRONT_LEFT/n008-2018-08-30-10-33-52-0400__CAM_FRONT_LEFT__1535639720654799.jpg", "samples/CAM_FRONT/n008-2018-08-30-10-33-52-0400__CAM_FRONT__1535639720662404.jpg", "samples/CAM_FRONT_RIGHT/n008-2018-08-30-10-33-52-0400__CAM_FRONT_RIGHT__1535639720670482.jpg", "samples/CAM_BACK_LEFT/n008-2018-08-30-10-33-52-0400__CAM_BACK_LEFT__1535639720697405.jpg", "samples/CAM_BACK/n008-2018-08-30-10-33-52-0400__CAM_BACK__1535639720687558.jpg", "samples/CAM_BACK_RIGHT/n008-2018-08-30-10-33-52-0400__CAM_BACK_RIGHT__1535639720678113.jpg"], "intrinsics": [[[1257.8625342125129, 0.0, 827.2410631095686], [0.0, 1257.8625342125129, 450.915498205774], [0.0, 0.0, 1.0]], [[1252.8131021185304, 0.0, 826.588114781398], [0.0, 1252.8131021185304, 469.9846626224581], [0.0, 0.0, 1.0]], [[1256.7485116440405, 0.0, 817.7887570959712], [0.0, 1256.7485116440403, 451.9541780095127], [0.0, 0.0, 1.0]], [[1254.9860565800168, 0.0, 829.5769333630991], [0.0, 1254.9860565800168, 467.1680561863987], [0.0, 0.0, 1.0]], [[796.8910634503094, 0.0, 857.7774326863696], [0.0, 796.8910634503094, 476.8848988407415], [0.0, 0.0, 1.0]], [[1249.9629280788233, 0.0, 825.3768045375984], [0.0, 1249.9629280788233, 462.54816385708756], [0.0, 0.0, 1.0]]], "extrinsics": [[[0.8234776854515076, -0.5673084855079651, -0.006753292866051197, -0.8350830078125], [0.008910171687602997, 0.024833524599671364, -0.9996519088745117, 1.4901313781738281], [0.5672787427902222, 0.8231308460235596, 0.025504671037197113, -1.216552734375], [0.0, 0.0, 0.0, 1.0]], [[0.01154964417219162, -0.9997266530990601, -0.020329363644123077, 0.00732421875], [0.010971013456583023, 0.020456191152334213, -0.9997305870056152, 1.4820556640625], [0.999873161315918, 0.011323526501655579, 0.011204276233911514, -1.562652587890625], [0.0, 0.0, 0.0, 1.0]], [[-0.8434178829193115, -0.5367942452430725, -0.022320842370390892, 0.9754638671875], [0.019137810915708542, 0.011501810513436794, -0.9997506737709045, 1.4956836700439453], [0.5369171500205994, -0.843634843826294, 0.0005722343339584768, -1.20458984375], [0.0, 0.0, 0.0, 1.0]], [[0.947835385799408, 0.31874898076057434, 0.0026861948426812887, -1.12646484375], [-0.005872145760804415, 0.0258858110755682, -0.9996476769447327, 1.5619354248046875], [-0.318706214427948, 0.947485625743866, 0.02640722692012787, -0.162109375], [0.0, 0.0, 0.0, 1.0]], [[0.008746609091758728, 0.9997890591621399, 0.018587902188301086, -0.0283203125], [-0.0038851380813866854, 0.01862245239317417, -0.9998190402984619, 1.5678253173828125], [-0.9999542236328125, 0.008672853000462055, 0.0040472024120390415, -0.016998291015625], [0.0, 0.0, 0.0, 1.0]], [[-0.9240046143531799, 0.3823777735233307, -0.0016550594009459019, 1.06573486328125], [0.00021413770446088165, -0.003810847643762827, -0.9999927282333374, 1.5478334426879883], [-0.38238126039505005, -0.923998236656189, 0.0034393593668937683, -0.0830078125], [0.0, 0.0, 0.0, 1.0]]], "view": [[0.0, -2.0, 100.0], [-2.0, 0.0, 100.0], [0.0, 0.0, 1.0]], "bev": "bev_226ccb2e4b564ef3a8d7f08cda9101b1.png", "aux": "aux_226ccb2e4b564ef3a8d7f08cda9101b1.npz", "visibility": "visibility_226ccb2e4b564ef3a8d7f08cda9101b1.png", "pose": [[0.7113960385322571, 0.7027913928031921, 0.0, 1755.0802001953125], [-0.7027913928031921, 0.7113960385322571, 0.0, 1221.485595703125], [0.0, 0.0, 1.0, 0.0], [0.0, 0.0, 0.0, 1.0]], "pose_inverse": [[0.7113960385322571, -0.7027913928031921, 0.0, -390.1075134277344], [0.7027913928031921, 0.7113960385322571, 0.0, -2102.415283203125], [0.0, 0.0, 1.0, 0.0], [0.0, 0.0, 0.0, 1.0]], "cam_ids": [0, 1, 2, 3, 4, 5], "cam_channels": ["CAM_FRONT_LEFT", "CAM_FRONT", "CAM_FRONT_RIGHT", "CAM_BACK_LEFT", "CAM_BACK", "CAM_BACK_RIGHT"], "token": "226ccb2e4b564ef3a8d7f08cda9101b1", "scene": "scene-0523"}, {"images": ["samples/CAM_FRONT_LEFT/n008-2018-08-30-10-33-52-0400__CAM_FRONT_LEFT__1535639721154799.jpg", "samples/CAM_FRONT/n008-2018-08-30-10-33-52-0400__CAM_FRONT__1535639721162404.jpg", "samples/CAM_FRONT_RIGHT/n008-2018-08-30-10-33-52-0400__CAM_FRONT_RIGHT__1535639721170482.jpg", "samples/CAM_BACK_LEFT/n008-2018-08-30-10-33-52-0400__CAM_BACK_LEFT__1535639721197405.jpg", "samples/CAM_BACK/n008-2018-08-30-10-33-52-0400__CAM_BACK__1535639721187558.jpg", "samples/CAM_BACK_RIGHT/n008-2018-08-30-10-33-52-0400__CAM_BACK_RIGHT__1535639721178113.jpg"], "intrinsics": [[[1257.8625342125129, 0.0, 827.2410631095686], [0.0, 1257.8625342125129, 450.915498205774], [0.0, 0.0, 1.0]], [[1252.8131021185304, 0.0, 826.588114781398], [0.0, 1252.8131021185304, 469.9846626224581], [0.0, 0.0, 1.0]], [[1256.7485116440405, 0.0, 817.7887570959712], [0.0, 1256.7485116440403, 451.9541780095127], [0.0, 0.0, 1.0]], [[1254.9860565800168, 0.0, 829.5769333630991], [0.0, 1254.9860565800168, 467.1680561863987], [0.0, 0.0, 1.0]], [[796.8910634503094, 0.0, 857.7774326863696], [0.0, 796.8910634503094, 476.8848988407415], [0.0, 0.0, 1.0]], [[1249.9629280788233, 0.0, 825.3768045375984], [0.0, 1249.9629280788233, 462.54816385708756], [0.0, 0.0, 1.0]]], "extrinsics": [[[0.8234906196594238, -0.5673260688781738, -0.002086701337248087, -0.84625244140625], [0.00957721658051014, 0.017579011619091034, -0.9997996091842651, 1.4901390075683594], [0.5672491192817688, 0.8233056664466858, 0.019909553229808807, -1.22412109375], [0.0, 0.0, 0.0, 1.0]], [[0.01157848909497261, -0.9998458027839661, -0.013200688175857067, 0.00732421875], [0.011503556743264198, 0.013333890587091446, -0.9998449683189392, 1.482004165649414], [0.999866783618927, 0.011424907483160496, 0.011656170710921288, -1.574462890625], [0.0, 0.0, 0.0, 1.0]], [[-0.8434014320373535, -0.5369530916213989, -0.01885214075446129, 0.9837646484375], [0.019480299204587936, 0.004504410549998283, -0.9998000860214233, 1.4955368041992188], [0.5369306802749634, -0.8436000943183899, 0.006660980172455311, -1.2093505859375], [0.0, 0.0, 0.0, 1.0]], [[0.9478281736373901, 0.3187812566757202, 0.0002773326705209911, -1.12847900390625], [-0.006143474020063877, 0.019136112183332443, -0.9997979998588562, 1.5619392395019531], [-0.3187222480773926, 0.9476351141929626, 0.020096173509955406, -0.161376953125], [0.0, 0.0, 0.0, 1.0]], [[0.008736055344343185, 0.9998926520347595, 0.011764663271605968, -0.0283203125], [-0.003949230536818504, 0.011799519881606102, -0.9999225735664368, 1.5678386688232422], [-0.999954104423523, 0.008688920177519321, 0.004051886964589357, -0.012359619140625], [0.0, 0.0, 0.0, 1.0]], [[-0.9240090847015381, 0.38234496116638184, -0.0044266763143241405, 1.07257080078125], [0.00035066038253717124, -0.010729600675404072, -0.9999423623085022, 1.5478439331054688], [-0.38237035274505615, -0.9239572882652283, 0.009780175052583218, -0.080078125], [0.0, 0.0, 0.0, 1.0]]], "view": [[0.0, -2.0, 100.0], [-2.0, 0.0, 100.0], [0.0, 0.0, 1.0]], "bev": "bev_ae7d650f8a4744c18869109f59666897.png", "aux": "aux_ae7d650f8a4744c18869109f59666897.npz", "visibility": "visibility_ae7d650f8a4744c18869109f59666897.png", "pose": [[0.6983787417411804, 0.7157284021377563, 0.0, 1756.57470703125], [-0.7157284021377563, 0.6983787417411804, 0.0, 1219.974853515625], [0.0, 0.0, 1.0, 0.0], [0.0, 0.0, 0.0, 1.0]], "pose_inverse": [[0.6983787417411804, -0.7157284021377563, 0.0, -353.5838317871094], [0.7157284021377563, 0.6983787417411804, 0.0, -2109.23486328125], [0.0, 0.0, 1.0, 0.0], [0.0, 0.0, 0.0, 1.0]], "cam_ids": [0, 1, 2, 3, 4, 5], "cam_channels": ["CAM_FRONT_LEFT", "CAM_FRONT", "CAM_FRONT_RIGHT", "CAM_BACK_LEFT", "CAM_BACK", "CAM_BACK_RIGHT"], "token": "ae7d650f8a4744c18869109f59666897", "scene": "scene-0523"}, {"images": ["samples/CAM_FRONT_LEFT/n008-2018-08-30-10-33-52-0400__CAM_FRONT_LEFT__1535639721654799.jpg", "samples/CAM_FRONT/n008-2018-08-30-10-33-52-0400__CAM_FRONT__1535639721662404.jpg", "samples/CAM_FRONT_RIGHT/n008-2018-08-30-10-33-52-0400__CAM_FRONT_RIGHT__1535639721670482.jpg", "samples/CAM_BACK_LEFT/n008-2018-08-30-10-33-52-0400__CAM_BACK_LEFT__1535639721697405.jpg", "samples/CAM_BACK/n008-2018-08-30-10-33-52-0400__CAM_BACK__1535639721687558.jpg", "samples/CAM_BACK_RIGHT/n008-2018-08-30-10-33-52-0400__CAM_BACK_RIGHT__1535639721678113.jpg"], "intrinsics": [[[1257.8625342125129, 0.0, 827.2410631095686], [0.0, 1257.8625342125129, 450.915498205774], [0.0, 0.0, 1.0]], [[1252.8131021185304, 0.0, 826.588114781398], [0.0, 1252.8131021185304, 469.9846626224581], [0.0, 0.0, 1.0]], [[1256.7485116440405, 0.0, 817.7887570959712], [0.0, 1256.7485116440403, 451.9541780095127], [0.0, 0.0, 1.0]], [[1254.9860565800168, 0.0, 829.5769333630991], [0.0, 1254.9860565800168, 467.1680561863987], [0.0, 0.0, 1.0]], [[796.8910634503094, 0.0, 857.7774326863696], [0.0, 796.8910634503094, 476.8848988407415], [0.0, 0.0, 1.0]], [[1249.9629280788233, 0.0, 825.3768045375984], [0.0, 1249.9629280788233, 462.54816385708756], [0.0, 0.0, 1.0]]], "extrinsics": [[[0.823315441608429, -0.5675820708274841, -0.001564793405123055, -0.86199951171875], [0.006761192809790373, 0.012564223259687424, -0.9998981952667236, 1.4894752502441406], [0.5675439238548279, 0.82322096824646, 0.014181848615407944, -1.2342529296875], [0.0, 0.0, 0.0, 1.0]], [[0.011418682523071766, -0.9998999834060669, -0.00833811704069376, 0.0068359375], [0.008606906048953533, 0.008436634205281734, -0.9999274015426636, 1.481414794921875], [0.9998977184295654, 0.01134607195854187, 0.008702381514012814, -1.590118408203125], [0.0, 0.0, 0.0, 1.0]], [[-0.8434831500053406, -0.5369782447814941, -0.013804497197270393, 0.994384765625], [0.016522688791155815, -0.0002495407243259251, -0.9998634457588196, 1.4949545860290527], [0.5369015336036682, -0.8435961008071899, 0.00908280722796917, -1.21630859375], [0.0, 0.0, 0.0, 1.0]], [[0.9478525519371033, 0.31868454813957214, -0.003968127071857452, -1.13201904296875], [-0.00921824760735035, 0.014967854134738445, -0.9998455047607422, 1.5619316101074219], [-0.31857600808143616, 0.9477426409721375, 0.01712503284215927, -0.159912109375], [0.0, 0.0, 0.0, 1.0]], [[0.008820812217891216, 0.9999340772628784, 0.007355652749538422, -0.0283203125], [-0.006986995227634907, 0.007417391054332256, -0.9999480843544006, 1.5677146911621094], [-0.9999367594718933, 0.008768990635871887, 0.0070519614