[{"images": ["samples/CAM_FRONT_LEFT/n008-2018-05-21-11-06-59-0400__CAM_FRONT_LEFT__1526915657004917.jpg", "samples/CAM_FRONT/n008-2018-05-21-11-06-59-0400__CAM_FRONT__1526915657012465.jpg", "samples/CAM_FRONT_RIGHT/n008-2018-05-21-11-06-59-0400__CAM_FRONT_RIGHT__1526915657019956.jpg", "samples/CAM_BACK_LEFT/n008-2018-05-21-11-06-59-0400__CAM_BACK_LEFT__1526915657047295.jpg", "samples/CAM_BACK/n008-2018-05-21-11-06-59-0400__CAM_BACK__1526915657037570.jpg", "samples/CAM_BACK_RIGHT/n008-2018-05-21-11-06-59-0400__CAM_BACK_RIGHT__1526915657027813.jpg"], "intrinsics": [[[1256.4720761102153, 0.0, 759.9201772536986], [0.0, 1256.472076110215, 418.2347543062189], [0.0, 0.0, 1.0]], [[1262.8093578767177, 0.0, 786.6784634591471], [0.0, 1262.8093578767177, 437.9890946201144], [0.0, 0.0, 1.0]], [[1264.1253743585607, 0.0, 761.8659236816043], [0.0, 1264.125374358561, 415.0768894058469], [0.0, 0.0, 1.0]], [[1258.2338510172276, 0.0, 742.9036438917772], [0.0, 1258.2338510172278, 422.93240569290015], [0.0, 0.0, 1.0]], [[798.1242652672415, 0.0, 679.0081140747895], [0.0, 798.1242652672414, 419.2474525237902], [0.0, 0.0, 1.0]], [[1259.4297629105833, 0.0, 752.9541347831612], [0.0, 1259.4297629105833, 429.46398926977497], [0.0, 0.0, 1.0]]], "extrinsics": [[[0.8099462985992432, -0.5859262347221375, 0.02602769434452057, -0.7135009765625], [0.024978404864668846, -0.009876907803118229, -0.9996392130851746, 1.5077781677246094], [0.5859718918800354, 0.8103041052818298, 0.006635740399360657, -1.0960693359375], [0.0, 0.0, 0.0, 1.0]], [[-0.004133023787289858, -0.9998798370361328, 0.01494053564965725, -0.02984619140625], [0.015746721997857094, -0.015003886073827744, -0.9997634291648865, 1.5178451538085938], [0.9998674392700195, -0.003896729787811637, 0.015806840732693672, -1.3814697265625], [0.0, 0.0, 0.0, 1.0]], [[-0.8105437755584717, -0.585541307926178, -0.012657903134822845, 0.8099365234375], [0.021741895005106926, -0.008484974503517151, -0.9997276067733765, 1.5011329650878906], [0.585274338722229, -0.8105981349945068, 0.01960822008550167, -1.2342529296875], [0.0, 0.0, 0.0, 1.0]], [[0.9457570314407349, 0.3247319161891937, 0.009635425172746181, -1.1602783203125], [0.011247160844504833, -0.003086579730734229, -0.9999319911003113, 1.5958290100097656], [-0.32468000054359436, 0.9458010196685791, -0.0065714651718735695, -0.076416015625], [0.0, 0.0, 0.0, 1.0]], [[0.01774040423333645, 0.9998006820678711, -0.009159683249890804, 0.00811767578125], [0.019048841670155525, -0.009497434832155704, -0.9997735023498535, 1.541107177734375], [-0.9996610879898071, 0.017561830580234528, -0.01921353116631508, 0.0267333984375], [0.0, 0.0, 0.0, 1.0]], [[-0.935042142868042, 0.3541666269302368, -0.016188474372029305, 0.9913330078125], [0.013254186138510704, -0.010709364898502827, -0.9998548626899719, 1.5861968994140625], [-0.3542884886264801, -0.9351210594177246, 0.005319518502801657, -0.115386962890625], [0.0, 0.0, 0.0, 1.0]]], "view": [[0.0, -2.0, 100.0], [-2.0, 0.0, 100.0], [0.0, 0.0, 1.0]], "bev": "bev_c29f3669ab774a8296aba6d57427379a.png", "aux": "aux_c29f3669ab774a8296aba6d57427379a.npz", "visibility": "visibility_c29f3669ab774a8296aba6d57427379a.png", "pose": [[-0.5982173085212708, 0.8013339042663574, 0.0, 1714.9376220703125], [-0.8013339042663574, -0.5982173085212708, 0.0, 1013.2714233398438], [0.0, 0.0, 1.0, 0.0], [0.0, 0.0, 0.0, 1.0]], "pose_inverse": [[-0.5982173085212708, -0.8013339042663574, 0.0, 1837.8741455078125], [0.8013339042663574, -0.5982173085212708, 0.0, -768.0811157226562], [0.0, 0.0, 1.0, 0.0], [0.0, 0.0, 0.0, 1.0]], "cam_ids": [0, 1, 2, 3, 4, 5], "cam_channels": ["CAM_FRONT_LEFT", "CAM_FRONT", "CAM_FRONT_RIGHT", "CAM_BACK_LEFT", "CAM_BACK", "CAM_BACK_RIGHT"], "token": "c29f3669ab774a8296aba6d57427379a", "scene": "scene-0172"}, {"images": ["samples/CAM_FRONT_LEFT/n008-2018-05-21-11-06-59-0400__CAM_FRONT_LEFT__1526915657504917.jpg", "samples/CAM_FRONT/n008-2018-05-21-11-06-59-0400__CAM_FRONT__1526915657512465.jpg", "samples/CAM_FRONT_RIGHT/n008-2018-05-21-11-06-59-0400__CAM_FRONT_RIGHT__1526915657519956.jpg", "samples/CAM_BACK_LEFT/n008-2018-05-21-11-06-59-0400__CAM_BACK_LEFT__1526915657547295.jpg", "samples/CAM_BACK/n008-2018-05-21-11-06-59-0400__CAM_BACK__1526915657537570.jpg", "samples/CAM_BACK_RIGHT/n008-2018-05-21-11-06-59-0400__CAM_BACK_RIGHT__1526915657527813.jpg"], "intrinsics": [[[1256.4720761102153, 0.0, 759.9201772536986], [0.0, 1256.472076110215, 418.2347543062189], [0.0, 0.0, 1.0]], [[1262.8093578767177, 0.0, 786.6784634591471], [0.0, 1262.8093578767177, 437.9890946201144], [0.0, 0.0, 1.0]], [[1264.1253743585607, 0.0, 761.8659236816043], [0.0, 1264.125374358561, 415.0768894058469], [0.0, 0.0, 1.0]], [[1258.2338510172276, 0.0, 742.9036438917772], [0.0, 1258.2338510172278, 422.93240569290015], [0.0, 0.0, 1.0]], [[798.1242652672415, 0.0, 679.0081140747895], [0.0, 798.1242652672414, 419.2474525237902], [0.0, 0.0, 1.0]], [[1259.4297629105833, 0.0, 752.9541347831612], [0.0, 1259.4297629105833, 429.46398926977497], [0.0, 0.0, 1.0]]], "extrinsics": [[[0.8093186616897583, -0.5864348411560059, 0.03312879800796509, -0.7091064453125], [0.03396602347493172, -0.009581328369677067, -0.9993771314620972, 1.5113601684570312], [0.5863869190216064, 0.8099397420883179, 0.012164512649178505, -1.093414306640625], [0.0, 0.0, 0.0, 1.0]], [[-0.004798975773155689, -0.9998782873153687, 0.014843990094959736, -0.02935791015625], [0.02418687380850315, -0.014955880120396614, -0.999595582485199, 1.5205917358398438], [0.9996959567070007, -0.004438030067831278, 0.024255704134702682, -1.3768310546875], [0.0, 0.0, 0.0, 1.0]], [[-0.8106685280799866, -0.5852017402648926, -0.018854599446058273, 0.8084716796875], [0.029553957283496857, -0.008736853487789631, -0.9995250105857849, 1.5030937194824219], [0.584758996963501, -0.8108406662940979, 0.024377718567848206, -1.232666015625], [0.0, 0.0, 0.0, 1.0]], [[0.9456129670143127, 0.3249838054180145, 0.01420059148222208, -1.1640625], [0.016506953164935112, -0.004340725485235453, -0.999854326248169, 1.595733642578125], [-0.3248748779296875, 0.9457096457481384, -0.009469138458371162, -0.076416015625], [0.0, 0.0, 0.0, 1.0]], [[0.01786400005221367, 0.999791145324707, -0.009926355443894863, 0.0074462890625], [0.025250639766454697, -0.010375900194048882, -0.9996273517608643, 1.5415611267089844], [-0.9995215535163879, 0.017606670036911964, -0.025430718436837196, 0.0294189453125], [0.0, 0.0, 0.0, 1.0]], [[-0.9347962141036987, 0.3544369041919708, -0.0230315700173378, 0.991455078125], [0.0203691553324461, -0.011241286061704159, -0.999729335308075, 1.5874137878417969], [-0.3545999228954315, -0.9350123405456543, 0.0032887307461351156, -0.11484527587890625], [0.0, 0.0, 0.0, 1.0]]], "view": [[0.0, -2.0, 100.0], [-2.0, 0.0, 100.0], [0.0, 0.0, 1.0]], "bev": "bev_a8fe373c5d734c7ba49355ba719a13fc.png", "aux": "aux_a8fe373c5d734c7ba49355ba719a13fc.npz", "visibility": "visibility_a8fe373c5d734c7ba49355ba719a13fc.png", "pose": [[-0.5959106683731079, 0.8030507564544678, 0.0, 1712.187744140625], [-0.8030507564544678, -0.5959106683731079, 0.0, 1009.5645751953125], [0.0, 0.0, 1.0, 0.0], [0.0, 0.0, 0.0, 1.0]], "pose_inverse": [[-0.5959106683731079, -0.8030507564544678, 0.0, 1831.04248046875], [0.8030507564544678, -0.5959106683731079, 0.0, -773.3633422851562], [0.0, 0.0, 1.0, 0.0], [0.0, 0.0, 0.0, 1.0]], "cam_ids": [0, 1, 2, 3, 4, 5], "cam_channels": ["CAM_FRONT_LEFT", "CAM_FRONT", "CAM_FRONT_RIGHT", "CAM_BACK_LEFT", "CAM_BACK", "CAM_BACK_RIGHT"], "token": "a8fe373c5d734c7ba49355ba719a13fc", "scene": "scene-0172"}, {"images": ["samples/CAM_FRONT_LEFT/n008-2018-05-21-11-06-59-0400__CAM_FRONT_LEFT__1526915658004917.jpg", "samples/CAM_FRONT/n008-2018-05-21-11-06-59-0400__CAM_FRONT__1526915658012465.jpg", "samples/CAM_FRONT_RIGHT/n008-2018-05-21-11-06-59-0400__CAM_FRONT_RIGHT__1526915658019956.jpg", "samples/CAM_BACK_LEFT/n008-2018-05-21-11-06-59-0400__CAM_BACK_LEFT__1526915658047295.jpg", "samples/CAM_BACK/n008-2018-05-21-11-06-59-0400__CAM_BACK__1526915658037570.jpg", "samples/CAM_BACK_RIGHT/n008-2018-05-21-11-06-59-0400__CAM_BACK_RIGHT__1526915658027813.jpg"], "intrinsics": [[[1256.4720761102153, 0.0, 759.9201772536986], [0.0, 1256.472076110215, 418.2347543062189], [0.0, 0.0, 1.0]], [[1262.8093578767177, 0.0, 786.6784634591471], [0.0, 1262.8093578767177, 437.9890946201144], [0.0, 0.0, 1.0]], [[1264.1253743585607, 0.0, 761.8659236816043], [0.0, 1264.125374358561, 415.0768894058469], [0.0, 0.0, 1.0]], [[1258.2338510172276, 0.0, 742.9036438917772], [0.0, 1258.2338510172278, 422.93240569290015], [0.0, 0.0, 1.0]], [[798.1242652672415, 0.0, 679.0081140747895], [0.0, 798.1242652672414, 419.2474525237902], [0.0, 0.0, 1.0]], [[1259.4297629105833, 0.0, 752.9541347831612], [0.0, 1259.4297629105833, 429.46398926977497], [0.0, 0.0, 1.0]]], "extrinsics": [[[0.8082641959190369, -0.5878649353981018, 0.03352608531713486, -0.70458984375], [0.031163228675723076, -0.014150056056678295, -0.9994142055511475, 1.5104751586914062], [0.5879948735237122, 0.8088353276252747, 0.006882785819470882, -1.08935546875], [0.0, 0.0, 0.0, 1.0]], [[-0.006569642573595047, -0.9997962117195129, 0.01908840611577034, -0.03082275390625], [0.021241040900349617, -0.01922403648495674, -0.9995895624160767, 1.5197525024414062], [0.9997527599334717, -0.0061615146696567535, 0.02136300690472126, -1.37158203125], [0.0, 0.0, 0.0, 1.0]], [[-0.8115509748458862, -0.5841124057769775, -0.01405725535005331, 0.80401611328125], [0.02648197114467621, -0.012737762182950974, -0.9995681643486023, 1.5024642944335938], [0.5836811065673828, -0.811572790145874, 0.025805793702602386, -1.23046875], [0.0, 0.0, 0.0, 1.0]], [[0.9456284046173096, 0.32510116696357727, 0.00980324111878872, -1.1602783203125], [0.012943875975906849, -0.007499055005609989, -0.9998880624771118, 1.5958271026611328], [-0.32499128580093384, 0.9456495046615601, -0.01129938755184412, -0.07763671875], [0.0, 0.0, 0.0, 1.0]], [[0.018289893865585327, 0.9997427463531494, -0.013413556851446629, 0.0078125], [0.021882832050323486, -0.013812853954732418, -0.9996651411056519, 1.5413856506347656], [-0.999593198299408, 0.01799018867313862, -0.022129835560917854, 0.0247802734375], [0.0, 0.0, 0.0, 1.0]], [[-0.9345113635063171, 0.3552912771701813, -0.021367661654949188, 0.987548828125], [0.017165210098028183, -0.014976534992456436, -0.9997405409812927, 1.5869407653808594], [-0.3555191457271576, -0.9346356391906738, 0.007897092960774899, -0.117156982421875], [0.0, 0.0, 0.0, 1.0]]], "view": [[0.0, -2.0, 100.0], [-2.0, 0.0, 100.0], [0.0, 0.0, 1.0]], "bev": "bev_a8c2e7958d9f4e6da6b038b9f0be957a.png", "aux": "aux_a8c2e7958d9f4e6da6b038b9f0be957a.npz", "visibility": "visibility_a8c2e7958d9f4e6da6b038b9f0be957a.png", "pose": [[-0.5896885991096497, 0.807630717754364, 0.0, 1709.40478515625], [-0.807630717754364, -0.5896885991096497, 0.0, 1005.7852783203125], [0.0, 0.0, 1.0, 0.0], [0.0, 0.0, 0.0, 1.0]], "pose_inverse": [[-0.5896885991096497, -0.807630717754364, 0.0, 1820.319580078125], [0.807630717754364, -0.5896885991096497, 0.0, -787.4677124023438], [0.0, 0.0, 1.0, 0.0], [0.0, 0.0, 0.0, 1.0]], "cam_ids": [0, 1, 2, 3, 4, 5], "cam_channels": ["CAM_FRONT_LEFT", "CAM_FRONT", "CAM_FRONT_RIGHT", "CAM_BACK_LEFT", "CAM_BACK", "CAM_BACK_RIGHT"], "token": "a8c2e7958d9f4e6da6b038b9f0be957a", "scene": "scene-0172"}, {"images": ["samples/CAM_FRONT_LEFT/n008-2018-05-21-11-06-59-0400__CAM_FRONT_LEFT__1526915658504917.jpg", "samples/CAM_FRONT/n008-2018-05-21-11-06-59-0400__CAM_FRONT__1526915658512465.jpg", "samples/CAM_FRONT_RIGHT/n008-2018-05-21-11-06-59-0400__CAM_FRONT_RIGHT__1526915658519956.jpg", "samples/CAM_BACK_LEFT/n008-2018-05-21-11-06-59-0400__CAM_BACK_LEFT__1526915658547295.jpg", "samples/CAM_BACK/n008-2018-05-21-11-06-59-0400__CAM_BACK__1526915658537570.jpg", "samples/CAM_BACK_RIGHT/n008-2018-05-21-11-06-59-0400__CAM_BACK_RIGHT__1526915658527813.jpg"], "intrinsics": [[[1256.4720761102153, 0.0, 759.9201772536986], [0.0, 1256.472076110215, 418.2347543062189], [0.0, 0.0, 1.0]], [[1262.8093578767177, 0.0, 786.6784634591471], [0.0, 1262.8093578767177, 437.9890946201144], [0.0, 0.0, 1.0]], [[1264.1253743585607, 0.0, 761.8659236816043], [0.0, 1264.125374358561, 415.0768894058469], [0.0, 0.0, 1.0]], [[1258.2338510172276, 0.0, 742.9036438917772], [0.0, 1258.2338510172278, 422.93240569290015], [0.0, 0.0, 1.0]], [[798.1242652672415, 0.0, 679.0081140747895], [0.0, 798.1242652672414, 419.2474525237902], [0.0, 0.0, 1.0]], [[1259.4297629105833, 0.0, 752.9541347831612], [0.0, 1259.4297629105833, 429.46398926977497], [0.0, 0.0, 1.0]]], "extrinsics": [[[0.8083131909370422, -0.5879846811294556, 0.030060743913054466, -0.6922607421875], [0.025904908776283264, -0.015489797107875347, -0.9995444416999817, 1.5088043212890625], [0.5881824493408203, 0.8087236285209656, 0.002711082808673382, -1.084075927734375], [0.0, 0.0, 0.0, 1.0]], [[-0.006348550785332918, -0.9997690916061401, 0.020527323707938194, -0.02789306640625], [0.016055600717663765, -0.02062699943780899, -0.9996583461761475, 1.5182952880859375], [0.9998509287834167, -0.0060168104246258736, 0.01618284545838833, -1.3623046875], [0.0, 0.0, 0.0, 1.0]], [[-0.8115535378456116, -0.5842081904411316, -0.009036315605044365, 0.799560546875], [0.02139377035200596, -0.014256665483117104, -0.9996694922447205, 1.5013771057128906], [0.5838862657546997, -0.8114785552024841, 0.02406846359372139, -1.2244873046875], [0.0, 0.0, 0.0, 1.0]], [[0.9457075595855713, 0.3249848186969757, 0.00471062958240509, -1.160888671875], [0.008252544328570366, -0.009521175175905228, -0.9999206066131592, 1.5958538055419922], [-0.3249141573905945, 0.9456712603569031, -0.011686197482049465, -0.0770263671875], [0.0, 0.0, 0.0, 1.0]], [[0.01823495700955391, 0.9997155666351318, -0.015371962450444698, 0.00732421875], [0.017036553472280502, -0.01568296179175377, -0.9997318983078003, 1.5410194396972656], [-0.9996885061264038, 0.017968177795410156, -0.01731768436729908, 0.0225830078125], [0.0, 0.0, 0.0, 1.0]], [[-0.93463134765625, 0.35519668459892273, -0.017304934561252594, 0.9825439453125], [0.01218257937580347, -0.016652826219797134, -0.9997870922088623, 1.5861434936523438], [-0.3554092347621918, -0.9346432685852051, 0.01123704295605421, -0.1176605224609375], [0.0, 0.0, 0.0, 1.0]]], "view": [[0.0, -2.0, 100.0], [-2.0, 0.0, 100.0], [0.0, 0.0, 1.0]], "bev": "bev_c5502e303037494cac125ed97a1bde6a.png", "aux": "aux_c5502e303037494cac125ed97a1bde6a.npz", "visibility": "visibility_c5502e303037494cac125ed97a1bde6a.png", "pose": [[-0.5683943629264832, 0.8227562308311462, 0.0, 1706.66552734375], [-0.8227562308311462, -0.5683943629264832, 0.0, 1001.9171752929688], [0.0, 0.0, 1.0, 0.0], [0.0, 0.0, 0.0, 1.0]], "pose_inverse": [[-0.5683943629264832, -0.8227562308311462, 0.0, 1794.3927001953125], [0.8227562308311462, -0.5683943629264832, 0.0, -834.6856689453125], [0.0, 0.0, 1.0, 0.0], [0.0, 0.0, 0.0, 1.0]], "cam_ids": [0, 1, 2, 3, 4, 5], "cam_channels": ["CAM_FRONT_LEFT", "CAM_FRONT", "CAM_FRONT_RIGHT", "CAM_BACK_LEFT", "CAM_BACK", "CAM_BACK_RIGHT"], "token": "c5502e303037494cac125ed97a1bde6a", "scene": "scene-0172"}, {"images": ["samples/CAM_FRONT_LEFT/n008-2018-05-21-11-06-59-0400__CAM_FRONT_LEFT__1526915659004917.jpg", "samples/CAM_FRONT/n008-2018-05-21-11-06-59-0400__CAM_FRONT__1526915659012465.jpg", "samples/CAM_FRONT_RIGHT/n008-2018-05-21-11-06-59-0400__CAM_FRONT_RIGHT__1526915659019956.jpg", "samples/CAM_BACK_LEFT/n008-2018-05-21-11-06-59-0400__CAM_BACK_LEFT__1526915659047295.jpg", "samples/CAM_BACK/n008-2018-05-21-11-06-59-0400__CAM_BACK__1526915659037570.jpg", "samples/CAM_BACK_RIGHT/n008-2018-05-21-11-06-59-0400__CAM_BACK_RIGHT__1526915659027813.jpg"], "intrinsics": [[[1256.4720761102153, 0.0, 759.9201772536986], [0.0, 1256.472076110215, 418.2347543062189], [0.0, 0.0, 1.0]], [[1262.8093578767177, 0.0, 786.6784634591471], [0.0, 1262.8093578767177, 437.9890946201144], [0.0, 0.0, 1.0]], [[1264.1253743585607, 0.0, 761.8659236816043], [0.0, 1264.125374358561, 415.0768894058469], [0.0, 0.0, 1.0]], [[1258.2338510172276, 0.0, 742.9036438917772], [0.0, 1258.2338510172278, 422.93240569290015], [0.0, 0.0, 1.0]], [[798.1242652672415, 0.0, 679.0081140747895], [0.0, 798.1242652672414, 419.2474525237902], [0.0, 0.0, 1.0]], [[1259.4297629105833, 0.0, 752.9541347831612], [0.0, 1259.4297629105833, 429.46398926977497], [0.0, 0.0, 1.0]]], "extrinsics": [[[0.8084583878517151, -0.5879664421081543, 0.026278017088770866, -0.6883544921875], [0.0219254232943058, -0.014529968611896038, -0.9996540546417236, 1.5073013305664062], [0.588144838809967, 0.8087548017501831, 0.0011445375857874751, -1.0810546875], [0.0, 0.0, 0.0, 1.0]], [[-0.006333730649203062, -0.9997889399528503, 0.019543470814824104, -0.0281982421875], [0.012157500721514225, -0.019619407132267952, -0.999733567237854, 1.5170745849609375], [0.999906063079834, -0.006094435229897499, 0.012279197573661804, -1.356689453125], [0.0, 0.0, 0.0, 1.0]], [[-0.8116229176521301, -0.5841445326805115, -0.006597919389605522, 0.79412841796875], [0.01757608726620674, -0.013128296472132206, -0.9997593760490417, 1.5005073547363281], [0.5839172601699829, -0.8115435242652893, 0.02092219889163971, -1.2208251953125], [0.0, 0.0, 0.0, 1.0]], [[0.9457176923751831, 0.3249841034412384, 0.0018333591287955642, -1.152099609375], [0.004629931878298521, -0.007832152768969536, -0.9999585747718811, 1.5959253311157227], [-0.32495632767677307, 0.9456870555877686, -0.008911659009754658, -0.080078125], [0.0, 0.0, 0.0, 1.0]], [[0.018226291984319687, 0.9997367858886719, -0.013934018090367317, 0.00738525390625], [0.013373930007219315, -0.014178862795233727, -0.9998100996017456, 1.5408172607421875], [-0.9997444152832031, 0.01803642138838768, -0.013628838583827019, 0.014404296875], [0.0, 0.0, 0.0, 1.0]], [[-0.9346639513969421, 0.3552815318107605, -0.013350676745176315, 0.975341796875], [0.008444443345069885, -0.015356581658124924, -0.9998464584350586, 1.5855293273925781], [-0.35543200373649597, -0.934633195400238, 0.011353087611496449, -0.1200408935546875], [0.0, 0.0, 0.0, 1.0]]], "view": [[0.0, -2.0, 100.0], [-2.0, 0.0, 100.0], [0.0, 0.0, 1.0]], "bev": "bev_f6b6a8a9a6e14081922c953356eb653c.png", "aux": "aux_f6b6a8a9a6e14081922c953356eb653c.npz", "visibility": "visibility_f6b6a8a9a6e14081922c953356eb653c.png", "pose": [[-0.5501128435134888, 0.8350903391838074, 0.0, 1703.984130859375], [-0.8350903391838074, -0.5501128435134888, 0.0, 997.9837036132812], [0.0, 0.0, 1.0, 0.0], [0.0, 0.0, 0.0, 1.0]], "pose_inverse": [[-0.5501128435134888, -0.8350903391838074, 0.0, 1770.7900390625], [0.8350903391838074, -0.5501128435134888, 0.0, -873.97705078125], [0.0, 0.0, 1.0, 0.0], [0.0, 0.0, 0.0, 1.0]], "cam_ids": [0, 1, 2, 3, 4, 5], "cam_channels": ["CAM_FRONT_LEFT", "CAM_FRONT", "CAM_FRONT_RIGHT", "CAM_BACK_LEFT", "CAM_BACK", "CAM_BACK_RIGHT"], "token": "f6b6a8a9a6e14081922c953356eb653c", "scene": "scene-0172"}, {"images": ["samples/CAM_FRONT_LEFT/n008-2018-05-21-11-06-59-0400__CAM_FRONT_LEFT__1526915659504917.jpg", "samples/CAM_FRONT/n008-2018-05-21-11-06-59-0400__CAM_FRONT__1526915659512465.jpg", "samples/CAM_FRONT_RIGHT/n008-2018-05-21-11-06-59-0400__CAM_FRONT_RIGHT__1526915659519956.jpg", "samples/CAM_BACK_LEFT/n008-2018-05-21-11-06-59-0400__CAM_BACK_LEFT__1526915659547295.jpg", "samples/CAM_BACK/n008-2018-05-21-11-06-59-0400__CAM_BACK__1526915659537570.jpg", "samples/CAM_BACK_RIGHT/n008-2018-05-21-11-06-59-0400__CAM_BACK_RIGHT__1526915659527813.jpg"], "intrinsics": [[[1256.4720761102153, 0.0, 759.9201772536986], [0.0, 1256.472076110215, 418.2347543062189], [0.0, 0.0, 1.0]], [[1262.8093578767177, 0.0, 786.6784634591471], [0.0, 1262.8093578767177, 437.9890946201144], [0.0, 0.0, 1.0]], [[1264.1253743585607, 0.0, 761.8659236816043], [0.0, 1264.125374358561, 415.0768894058469], [0.0, 0.0, 1.0]], [[1258.2338510172276, 0.0, 742.9036438917772], [0.0, 1258.2338510172278, 422.93240569290015], [0.0, 0.0, 1.0]], [[798.1242652672415, 0.0, 679.0081140747895], [0.0, 798.1242652672414, 419.2474525237902], [0.0, 0.0, 1.0]], [[1259.4297629105833, 0.0, 752.9541347831612], [0.0, 1259.4297629105833, 429.46398926977497], [0.0, 0.0, 1.0]]], "extrinsics": [[[0.8096604943275452, -0.586268961429596, 0.02717570960521698, -0.698486328125], [0.023340119048953056, -0.014102795161306858, -0.9996281862258911, 1.5075721740722656], [0.5864342451095581, 0.8099936246871948, 0.0022651127073913813, -1.089111328125], [0.0, 0.0, 0.0, 1.0]], [[-0.0046056839637458324, -0.999805212020874, 0.019189294427633286, -0.0274658203125], [0.013281445950269699, -0.0192489642649889, -0.9997265338897705, 1.5173072814941406], [0.9999011754989624, -0.004349608905613422, 0.013367514126002789, -1.3675537109375], [0.0, 0.0, 0.0, 1.0]], [[-0.8108140826225281, -0.5852569341659546, -0.007415138650685549, 0.8016357421875], [0.018362628296017647, -0.012772838585078716, -0.9997497797012329, 1.5005531311035156], [0.5850157141685486, -0.8107472658157349, 0.021103251725435257, -1.2255859375], [0.0, 0.0, 0.0, 1.0]], [[0.9456073641777039, 0.32530704140663147, 0.0014547888422384858, -1.153564453125], [0.004156972747296095, -0.007611667271703482, -0.9999623894691467, 1.5959272384643555], [-0.3252837061882019, 0.94557785987854, -0.008549941703677177, -0.0802001953125], [0.0, 0.0, 0.0, 1.0]], [[0.017619678750634193, 0.9997508525848389, -0.013700984418392181, 0.0069580078125], [0.013329251669347286, -0.013936763629317284, -0.9998140931129456, 1.5407638549804688], [-0.9997559785842896, 0.017433807253837585, -0.013571493327617645, 0.0185546875], [0.0, 0.0, 0.0, 1.0]], [[-0.935006320476532, 0.35436946153640747, -0.013621593825519085, 0.981689453125], [0.008862286806106567, -0.015049888752400875, -0.9998474717140198, 1.5855522155761719], [-0.3545204997062683, -0.9349843263626099, 0.01093121524900198, -0.1173095703125], [0.0, 0.0, 0.0, 1.0]]], "view": [[0.0, -2.0, 100.0], [-2.0, 0.0, 100.0], [0.0, 0.0, 1.0]], "bev": "bev_66a519036eac4bee8f1c3797381b3db8.png", "aux": "aux_66a519036eac4bee8f1c3797381b3db8.npz", "visibility": "visibility_66a519036eac4bee8f1c3797381b3db8.png", "pose": [[-0.5379618406295776, 0.8429691791534424, 0.0, 1701.4354248046875], [-0.8429691791534424, -0.5379618406295776, 0.0, 994.0404663085938], [0.0, 0.0, 1.0, 0.0], [0.0, 0.0, 0.0, 1.0]], "pose_inverse": [[-0.5379618406295776, -0.8429691791534424, 0.0, 1753.2528076171875], [0.8429691791534424, -0.5379618406295776, 0.0, -899.5018310546875], [0.0, 0.0, 1.0, 0.0], [0.0, 0.0, 0.0, 1.0]], "cam_ids": [0, 1, 2, 3, 4, 5], "cam_channels": ["CAM_FRONT_LEFT", "CAM_FRONT", "CAM_FRONT_RIGHT", "CAM_BACK_LEFT", "CAM_BACK", "CAM_BACK_RIGHT"], "token": "66a519036eac4bee8f1c3797381b3db8", "scene": "scene-0172"}, {"images": ["samples/CAM_FRONT_LEFT/n008-2018-05-21-11-06-59-0400__CAM_FRONT_LEFT__1526915660004917.jpg", "samples/CAM_FRONT/n008-2018-05-21-11-06-59-0400__CAM_FRONT__1526915660012465.jpg", "samples/CAM_FRONT_RIGHT/n008-2018-05-21-11-06-59-0400__CAM_FRONT_RIGHT__1526915660019956.jpg", "samples/CAM_BACK_LEFT/n008-2018-05-21-11-06-59-0400__CAM_BACK_LEFT__1526915660047295.jpg", "samples/CAM_BACK/n008-2018-05-21-11-06-59-0400__CAM_BACK__1526915660037570.jpg", "samples/CAM_BACK_RIGHT/n008-2018-05-21-11-06-59-0400__CAM_BACK_RIGHT__1526915660027813.jpg"], "intrinsics": [[[1256.4720761102153, 0.0, 759.9201772536986], [0.0, 1256.472076110215, 418.2347543062189], [0.0, 0.0, 1.0]], [[1262.8093578767177, 0.0, 786.6784634591471], [0.0, 1262.8093578767177, 437.9890946201144], [0.0, 0.0, 1.0]], [[1264.1253743585607, 0.0, 761.8659236816043], [0.0, 1264.125374358561, 415.0768894058469], [0.0, 0.0, 1.0]], [[1258.2338510172276, 0.0, 742.9036438917772], [0.0, 1258.2338510172278, 422.93240569290015], [0.0, 0.0, 1.0]], [[798.1242652672415, 0.0, 679.0081140747895], [0.0, 798.1242652672414, 419.2474525237902], [0.0, 0.0, 1.0]], [[1259.4297629105833, 0.0, 752.9541347831612], [0.0, 1259.4297629105833, 429.46398926977497], [0.0, 0.0, 1.0]]], "extrinsics": [[[0.810016393661499, -0.5862947106361389, 0.011486446484923363, -0.7218017578125], [0.007566174026578665, -0.009136894717812538, -0.999929666519165, 1.5011234283447266], [0.5863584876060486, 0.8100462555885315, -0.0029650251381099224, -1.105194091796875], [0.0, 0.0, 0.0, 1.0]], [[-0.0043490491807460785, -0.9998905658721924, 0.014141632243990898, -0.02789306640625], [-0.002385087078437209, -0.014131355099380016, -0.999897301197052, 1.5122690200805664], [0.9999876618385315, -0.004382315557450056, -0.0023233680985867977, -1.391357421875], [0.0, 0.0, 0.0, 1.0]], [[-0.8108795881271362, -0.5852092504501343, 0.002108990913257003, 0.8167724609375], [0.002839638851583004, -0.007538376841694117, -0.9999675750732422, 1.4965429306030273], [0.585206151008606, -0.8108472228050232, 0.00777449831366539, -1.2369384765625], [0.0, 0.0, 0.0, 1.0]], [[0.9456904530525208, 0.3248904049396515, -0.01076305191963911, -1.1539306640625], [-0.010664929635822773, -0.002082833321765065, -0.9999409317970276, 1.5959291458129883], [-0.324893593788147, 0.9457494020462036, 0.0014952186029404402, -0.0797119140625], [0.0, 0.0, 0.0, 1.0]], [[0.017679743468761444, 0.9998076558113098, -0.00848331954330206, 0.007080078125], [-0.001763931242749095, -0.00845344364643097, -0.9999627470970154, 1.5394062995910645], [-0.9998421669006348, 0.017694054171442986, 0.0016141374362632632, 0.0260009765625], [0.0, 0.0, 0.0, 1.0]], [[-0.9350622892379761, 0.35447371006011963, 0.0026168350595980883, 0.9947509765625], [-0.006472688168287277, -0.009692425839602947, -0.999932050704956, 1.5828523635864258], [-0.35442423820495605, -0.9350157976150513, 0.01135742012411356, -0.1128387451171875], [0.0, 0.0, 0.0, 1.0]]], "view": [[0.0, -2.0, 100.0], [-2.0, 0.0, 100.0], [0.0, 0.0, 1.0]], "bev": "bev_273c6fefbb5945acaf43cb333219360f.png", "aux": "aux_273c6fefbb5945acaf43cb333219360f.npz", "visibility": "visibility_273c6fefbb5945acaf43cb333219360f.png", "pose": [[-0.5362253189086914, 0.8440749049186707, 0.0, 1699.04248046875], [-0.8440749049186707, -0.5362253189086914, 0.0, 990.2511596679688], [0.0, 0.0, 1.0, 0.0], [0.0, 0.0, 0.0, 1.0]], "pose_inverse": [[-0.5362253189086914, -0.8440749049186707, 0.0, 1746.915771484375], [0.8440749049186707, -0.5362253189086914, 0.0, -903.121337890625], [0.0, 0.0, 1.0, 0.0], [0.0, 0.0, 0.0, 1.0]], "cam_ids": [0, 1, 2, 3, 4, 5], "cam_channels": ["CAM_FRONT_LEFT", "CAM_FRONT", "CAM_FRONT_RIGHT", "CAM_BACK_LEFT", "CAM_BACK", "CAM_BACK_RIGHT"], "token": "273c6fefbb5945acaf43cb333219360f", "scene": "scene-0172"}, {"images": ["samples/CAM_FRONT_LEFT/n008-2018-05-21-11-06-59-0400__CAM_FRONT_LEFT__1526915660504917.jpg", "samples/CAM_FRONT/n008-2018-05-21-11-06-59-0400__CAM_FRONT__1526915660512465.jpg", "samples/CAM_FRONT_RIGHT/n008-2018-05-21-11-06-59-0400__CAM_FRONT_RIGHT__1526915660519956.jpg", "samples/CAM_BACK_LEFT/n008-2018-05-21-11-06-59-0400__CAM_BACK_LEFT__1526915660547295.jpg", "samples/CAM_BACK/n008-2018-05-21-11-06-59-0400__CAM_BACK__1526915660537570.jpg", "samples/CAM_BACK_RIGHT/n008-2018-05-21-11-06-59-0400__CAM_BACK_RIGHT__1526915660527813.jpg"], "intrinsics": [[[1256.4720761102153, 0.0, 759.9201772536986], [0.0, 1256.472076110215, 418.2347543062189], [0.0, 0.0, 1.0]], [[1262.8093578767177, 0.0, 786.6784634591471], [0.0, 1262.8093578767177, 437.9890946201144], [0.0, 0.0, 1.0]], [[1264.1253743585607, 0.0, 761.8659236816043], [0.0, 1264.125374358561, 415.0768894058469], [0.0, 0.0, 1.0]], [[1258.2338510172276, 0.0, 742.9036438917772], [0.0, 1258.2338510172278, 422.93240569290015], [0.0, 0.0, 1.0]], [[798.1242652672415, 0.0, 679.0081140747895], [0.0, 798.1242652672414, 419.2474525237902], [0.0, 0.0, 1.0]], [[1259.4297629105833, 0.0, 752.9541347831612], [0.0, 1259.4297629105833, 429.46398926977497], [0.0, 0.0, 1.0]]], "extrinsics": [[[0.8096837401390076, -0.5867406725883484, 0.012149191461503506, -0.7498779296875], [0.012921774759888649, -0.002872778568416834, -0.9999123811721802, 1.5026493072509766], [0.5867241621017456, 0.8097697496414185, 0.00525568937882781, -1.123382568359375], [0.0, 0.0, 0.0, 1.0]], [[-0.0048670838586986065, -0.9999560713768005, 0.00801436323672533, -0.02960205078125], [0.00317731243558228, -0.008029881864786148, -0.9999627470970154, 1.513838768005371], [0.999983012676239, -0.0048414235934615135, 0.0032162554562091827, -1.41845703125], [0.0, 0.0, 0.0, 1.0]], [[-0.8110808730125427, -0.5849027037620544, -0.00605126703158021, 0.83245849609375], [0.00861050933599472, -0.001594768837094307, -0.9999616146087646, 1.4977188110351562], [0.5848706364631653, -0.8111018538475037, 0.006329796276986599, -1.250244140625], [0.0, 0.0, 0.0, 1.0]], [[0.9457565546035767, 0.3248620331287384, -0.0030417798552662134, -1.150390625], [-0.004441544413566589, 0.0035673282109200954, -0.9999837875366211, 1.5959062576293945], [-0.32484591007232666, 0.9457547068595886, 0.004816713742911816, -0.080810546875], [0.0, 0.0, 0.0, 1.0]], [[0.017873045057058334, 0.9998366832733154, -0.0026692822575569153, 0.0076904296875], [0.004337951075285673, -0.002747228369116783, -0.9999868273735046, 1.539891242980957], [-0.9998308420181274, 0.01786128431558609, -0.00438634492456913, 0.03076171875], [0.0, 0.0, 0.0, 1.0]], [[-0.9349737763404846, 0.35471582412719727, -0.000865727779455483, 1.0079345703125], [-0.0005447271978482604, -0.003876419272273779, -0.999992311000824, 1.583850383758545], [-0.3547164499759674, -0.9349661469459534, 0.0038175736553967, -0.1090240478515625], [0.0, 0.0, 0.0, 1.0]]], "view": [[0.0, -2.0, 100.0], [-2.0, 0.0, 100.0], [0.0, 0.0, 1.0]], "bev": "bev_9b57e0d0be0b4a9bade2b04fe2ea5a9f.png", "aux": "aux_9b57e0d0be0b4a9bade2b04fe2ea5a9f.npz", "visibility": "visibility_9b57e0d0be0b4a9bade2b04fe2ea5a9f.png", "pose": [[-0.5355662703514099, 0.8444932103157043, 0.0, 1696.806396484375], [-0.8444932103157043, -0.5355662703514099, 0.0, 986.7125244140625], [0.0, 0.0, 1.0, 0.0], [0.0, 0.0, 0.0, 1.0]], "pose_inverse": [[-0.5355662703514099, -0.8444932103157043, 0.0, 1742.0242919921875], [0.8444932103157043, -0.5355662703514099, 0.0, -904.4915161132812], [0.0, 0.0, 1.0, 0.0], [0.0, 0.0, 0.0, 1.0]], "cam_ids": [0, 1, 2, 3, 4, 5], "cam_channels": ["CAM_FRONT_LEFT", "CAM_FRONT", "CAM_FRONT_RIGHT", "CAM_BACK_LEFT", "CAM_BACK", "CAM_BACK_RIGHT"], "token": "9b57e0d0be0b4a9bade2b04fe2ea5a9f", "scene": "scene-0172"}, {"images": ["samples/CAM_FRONT_LEFT/n008-2018-05-21-11-06-59-0400__CAM_FRONT_LEFT__1526915661004917.jpg", "samples/CAM_FRONT/n008-2018-05-21-11-06-59-0400__CAM_FRONT__1526915661012465.jpg", "samples/CAM_FRONT_RIGHT/n008-2018-05-21-11-06-59-0400__CAM_FRONT_RIGHT__1526915661019956.jpg", "samples/CAM_BACK_LEFT/n008-2018-05-21-11-06-59-0400__CAM_BACK_LEFT__1526915661047295.jpg", "samples/CAM_BACK/n008-2018-05-21-11-06-59-0400__CAM_BACK__1526915661037570.jpg", "samples/CAM_BACK_RIGHT/n008-2018-05-21-11-06-59-0400__CAM_BACK_RIGHT__1526915661027813.jpg"], "intrinsics": [[[1256.4720761102153, 0.0, 759.9201772536986], [0.0, 1256.472076110215, 418.2347543062189], [0.0, 0.0, 1.0]], [[1262.8093578767177, 0.0, 786.6784634591471], [0.0, 1262.8093578767177, 437.9890946201144], [0.0, 0.0, 1.0]], [[1264.1253743585607, 0.0, 761.8659236816043], [0.0, 1264.125374358561, 415.0768894058469], [0.0, 0.0, 1.0]], [[1258.2338510172276, 0.0, 742.9036438917772], [0.0, 1258.2338510172278, 422.93240569290015], [0.0, 0.0, 1.0]], [[798.1242652672415, 0.0, 679.0081140747895], [0.0, 798.1242652672414, 419.2474525237902], [0.0, 0.0, 1.0]], [[1259.4297629105833, 0.0, 752.9541347831612], [0.0, 1259.4297629105833, 429.46398926977497], [0.0, 0.0, 1.0]]], "extrinsics": [[[0.8112694621086121, -0.5844802260398865, 0.014991067349910736, -0.774658203125], [0.01442096196115017, -0.005628905259072781, -0.9998801946640015, 1.5026893615722656], [0.5844945311546326, 0.8113884329795837, 0.0038622100837528706, -1.14422607421875], [0.0, 0.0, 0.0, 1.0]], [[-0.0024694851599633694, -0.9999377727508545, 0.010876130312681198, -0.02716064453125], [0.0047079152427613735, -0.010887669399380684, -0.999929666519165, 1.5141410827636719], [0.9999858736991882, -0.0024181667249649763, 0.0047345091588795185, -1.4464111328125], [0.0, 0.0, 0.0, 1.0]], [[-0.809955894947052, -0.5864645838737488, -0.005558527074754238, 0.8515625], [0.01013520173728466, -0.004520107991993427, -0.999938428401947, 1.4978275299072266], [0.5864032506942749, -0.809962272644043, 0.009605024009943008, -1.26171875], [0.0, 0.0, 0.0, 1.0]], [[0.9457403421401978, 0.32491376996040344, -0.002486553741618991, -1.1514892578125], [-0.0026942782569676638, 0.00018941200687550008, -0.9999963045120239, 1.5959157943725586], [-0.3249121606349945, 0.9457436800003052, 0.0010545427212491632, -0.0802001953125], [0.0, 0.0, 0.0, 1.0]], [[0.017165258526802063, 0.9998353719711304, -0.005868454929441214, 0.00677490234375], [0.005991074256598949, -0.005972066428512335, -0.9999642372131348, 1.5399694442749023], [-0.9998346567153931, 0.017129503190517426, -0.006092600524425507, 0.039306640625], [0.0, 0.0, 0.0, 1.0]], [[-0.9354561567306519, 0.3534259498119354, -0.0034176683984696865, 1.0224609375], [0.001033364562317729, -0.006934737786650658, -0.9999754428863525, 1.5840811729431152], [-0.35344094038009644, -0.9354368448257446, 0.006121926940977573, -0.1021728515625], [0.0, 0.0, 0.0, 1.0]]], "view": [[0.0, -2.0, 100.0], [-2.0, 0.0, 100.0], [0.0, 0.0, 1.0]], "bev": "bev_dae2c7bff5654ee88b10ba06d4aefc19.png", "aux": "aux_dae2c7bff5654ee88b10ba06d4aefc19.npz", "visibility": "visibility_dae2c7bff5654ee88b10ba06d4aefc19.png", "pose": [[-0.543304979801178, 0.8395354151725769, 0.0, 1694.8037109375], [-0.8395354151725769, -0.543304979801178, 0.0, 983.5647583007812], [0.0, 0.0, 1.0, 0.0], [0.0, 0.0, 0.0, 1.0]], "pose_inverse": [[-0.543304979801178, -0.8395354151725769, 0.0, 1746.53271484375], [0.8395354151725769, -0.543304979801178, 0.0, -888.4721069335938], [0.0, 0.0, 1.0, 0.0], [0.0, 0.0, 0.0, 1.0]], "cam_ids": [0, 1, 2, 3, 4, 5], "cam_channels": ["CAM_FRONT_LEFT", "CAM_FRONT", "CAM_FRONT_RIGHT", "CAM_BACK_LEFT", "CAM_BACK", "CAM_BACK_RIGHT"], "token": "dae2c7bff5654ee88b10ba06d4aefc19", "scene": "scene-0172"}, {"images": ["samples/CAM_FRONT_LEFT/n008-2018-05-21-11-06-59-0400__CAM_FRONT_LEFT__1526915661504917.jpg", "samples/CAM_FRONT/n008-2018-05-21-11-06-59-0400__CAM_FRONT__1526915661512465.jpg", "samples/CAM_FRONT_RIGHT/n008-2018-05-21-11-06-59-0400__CAM_FRONT_RIGHT__1526915661519956.jpg", "samples/CAM_BACK_LEFT/n008-2018-05-21-11-06-59-0400__CAM_BACK_LEFT__1526915661547295.jpg", "samples/CAM_BACK/n008-2018-05-21-11-06-59-0400__CAM_BACK__1526915661537570.jpg", "samples/CAM_BACK_RIGHT/n008-2018-05-21-11-06-59-0400__CAM_BACK_RIGHT__1526915661527813.jpg"], "intrinsics": [[[1256.4720761102153, 0.0, 759.9201772536986], [0.0, 1256.472076110215, 418.2347543062189], [0.0, 0.0, 1.0]], [[1262.8093578767177, 0.0, 786.6784634591471], [0.0, 1262.8093578767177, 437.9890946201144], [0.0, 0.0, 1.0]], [[1264.1253743585607, 0.0, 761.8659236816043], [0.0, 1264.125374358561, 415.0768894058469], [0.0, 0.0, 1.0]], [[1258.2338510172276, 0.0, 742.9036438917772], [0.0, 1258.2338510172278, 422.93240569290015], [0.0, 0.0, 1.0]], [[798.1242652672415, 0.0, 679.0081140747895], [0.0, 798.1242652672414, 419.2474525237902], [0.0, 0.0, 1.0]], [[1259.4297629105833, 0.0, 752.9541347831612], [0.0, 1259.4297629105833, 429.46398926977497], [0.0, 0.0, 1.0]]], "extrinsics": [[[0.810364305973053, -0.5858315825462341, 0.010537591762840748, -0.8150634765625], [0.010565988719463348, -0.0033706659451127052, -0.9999384880065918, 1.5010013580322266], [0.5858311057090759, 0.810425877571106, 0.003458422841504216, -1.172210693359375], [0.0, 0.0, 0.0, 1.0]], [[-0.003792981617152691, -0.9999561905860901, 0.00855253916233778, -0.0277099609375], [0.00076547876233235, -0.008555502630770206, -0.999963104724884, 1.5131378173828125], [0.9999925494194031, -0.0037863238248974085, 0.0007978947833180428, -1.4847412109375], [0.0, 0.0, 0.0, 1.0]], [[-0.8106066584587097, -0.5855792760848999, -0.0036954358220100403, 0.875], [0.006120875012129545, -0.002162414835765958, -0.9999788999557495, 1.496872901916504], [0.5855590105056763, -0.8106122612953186, 0.005337124224752188, -1.279541015625], [0.0, 0.0, 0.0, 1.0]], [[0.9457392692565918, 0.32487934827804565, -0.005551035050302744, -1.1490478515625], [-0.0067992745898664, 0.002707019215449691, -0.9999732375144958, 1.5958890914916992], [-0.32485565543174744, 0.9457516074180603, 0.004769078455865383, -0.0814208984375], [0.0, 0.0, 0.0, 1.0]], [[0.017560239881277084, 0.9998399019241333, -0.0034638880752027035, 0.0068359375], [0.0018962746253237128, -0.0034977197647094727, -0.9999921321868896, 1.539668083190918], [-0.999843955039978, 0.01755344495177269, -0.001957392320036888, 0.0482177734375], [0.0, 0.0, 0.0, 1.0]], [[-0.9351839423179626, 0.3541603684425354, 0.0012380334082990885, 1.0418701171875], [-0.003035555826500058, -0.004519951064139605, -0.9999852180480957, 1.5835782289505005], [-0.3541494309902191, -0.9351738095283508, 0.005302058532834053, -0.095306396484375], [0.0, 0.0, 0.0, 1.0]]], "view": [[0.0, -2.0, 100.0], [-2.0, 0.0, 100.0], [0.0, 0.0, 1.0]], "bev": "bev_0362a55223f14419a043e669d9b064b9.png", "aux": "aux_0362a55223f14419a043e669d9b064b9.npz", "visibility": "visibility_0362a55223f14419a043e669d9b064b9.png", "pose": [[-0.5600849986076355, 0.8284351825714111, 0.0, 1692.988525390625], [-0.8284351825714111, -0.5600849986076355, 0.0, 980.825927734375], [0.0, 0.0, 1.0, 0.0], [0.0, 0.0, 0.0, 1.0]], "pose_inverse": [[-0.5600849986076355, -0.8284351825714111, 0.0, 1760.7681884765625], [0.8284351825714111, -0.5600849986076355, 0.0, -853.185302734375], [0.0, 0.0, 1.0, 0.0], [0.0, 0.0, 0.0, 1.0]], "cam_ids": [0, 1, 2, 3, 4, 5], "cam_channels": ["CAM_FRONT_LEFT", "CAM_FRONT", "CAM_FRONT_RIGHT", "CAM_BACK_LEFT", "CAM_BACK", "CAM_BACK_RIGHT"], "token": "0362a55223f14419a043e669d9b064b9", "scene": "scene-0172"}, {"images": ["samples/CAM_FRONT_LEFT/n008-2018-05-21-11-06-59-0400__CAM_FRONT_LEFT__1526915662004917.jpg", "samples/CAM_FRONT/n008-2018-05-21-11-06-59-0400__CAM_FRONT__1526915662012465.jpg", "samples/CAM_FRONT_RIGHT/n008-2018-05-21-11-06-59-0400__CAM_FRONT_RIGHT__1526915662019956.jpg", "samples/CAM_BACK_LEFT/n008-2018-05-21-11-06-59-0400__CAM_BACK_LEFT__1526915662047295.jpg", "samples/CAM_BACK/n008-2018-05-21-11-06-59-0400__CAM_BACK__1526915662037570.jpg", "samples/CAM_BACK_RIGHT/n008-2018-05-21-11-06-59-0400__CAM_BACK_RIGHT__1526915662027813.jpg"], "intrinsics": [[[1256.4720761102153, 0.0, 759.9201772536986], [0.0, 1256.472076110215, 418.2347543062189], [0.0, 0.0, 1.0]], [[1262.8093578767177, 0.0, 786.6784634591471], [0.0, 1262.8093578767177, 437.9890946201144], [0.0, 0.0, 1.0]], [[1264.1253743585607, 0.0, 761.8659236816043], [0.0, 1264.125374358561, 415.0768894058469], [0.0, 0.0, 1.0]], [[1258.2338510172276, 0.0, 742.9036438917772], [0.0, 1258.2338510172278, 422.93240569290015], [0.0, 0.0, 1.0]], [[798.1242652672415, 0.0, 679.0081140747895], [0.0, 798.1242652672414, 419.2474525237902], [0.0, 0.0, 1.0]], [[1259.4297629105833, 0.0, 752.9541347831612], [0.0, 1259.4297629105833, 429.46398926977497], [0.0, 0.0, 1.0]]], "extrinsics": [[[0.809488832950592, -0.587073028087616, 0.008544673211872578, -0.830322265625], [0.009383265860378742, -0.0016158724902197719, -0.9999547004699707, 1.5005359649658203], [0.5870603322982788, 0.8095323443412781, 0.004200632683932781, -1.1817626953125], [0.0, 0.0, 0.0, 1.0]], [[-0.005073898937553167, -0.9999642968177795, 0.006754637695848942, -0.02862548828125], [-0.00045577515265904367, -0.006752411834895611, -0.9999771118164062, 1.5128884315490723], [0.9999870657920837, -0.005076864268630743, -0.00042149770888499916, -1.499755859375], [0.0, 0.0, 0.0, 1.0]], [[-0.8112103939056396, -0.5847423672676086, -0.003771189833059907, 0.88421630859375], [0.0048775868490338326, -0.0003174095181748271, -0.9999880194664001, 1.4966049194335938], [0.5847341418266296, -0.8112190365791321, 0.0031096164602786303, -1.2872314453125], [0.0, 0.0, 0.0, 1.0]], [[0.9457366466522217, 0.32487308979034424, -0.006294254679232836, -1.150146484375], [-0.008309082128107548, 0.004814924672245979, -0.9999538660049438, 1.5958938598632812], [-0.32482782006263733, 0.9457453489303589, 0.00725304801017046, -0.080810546875], [0.0, 0.0, 0.0, 1.0]], [[0.017943495884537697, 0.9998379349708557, -0.0014807485276833177, 0.00701904296875], [0.0005063