[{"images": ["samples/CAM_FRONT_LEFT/n015-2018-10-08-15-52-24+0800__CAM_FRONT_LEFT__1538985480254844.jpg", "samples/CAM_FRONT/n015-2018-10-08-15-52-24+0800__CAM_FRONT__1538985480262460.jpg", "samples/CAM_FRONT_RIGHT/n015-2018-10-08-15-52-24+0800__CAM_FRONT_RIGHT__1538985480270339.jpg", "samples/CAM_BACK_LEFT/n015-2018-10-08-15-52-24+0800__CAM_BACK_LEFT__1538985480297423.jpg", "samples/CAM_BACK/n015-2018-10-08-15-52-24+0800__CAM_BACK__1538985480287525.jpg", "samples/CAM_BACK_RIGHT/n015-2018-10-08-15-52-24+0800__CAM_BACK_RIGHT__1538985480277893.jpg"], "intrinsics": [[[1272.5979470598488, 0.0, 826.6154927353808], [0.0, 1272.5979470598488, 479.75165386361925], [0.0, 0.0, 1.0]], [[1266.417203046554, 0.0, 816.2670197447984], [0.0, 1266.417203046554, 491.50706579294757], [0.0, 0.0, 1.0]], [[1260.8474446004698, 0.0, 807.968244525554], [0.0, 1260.8474446004698, 495.3344268742088], [0.0, 0.0, 1.0]], [[1256.7414812095406, 0.0, 792.1125740759628], [0.0, 1256.7414812095406, 492.7757465151356], [0.0, 0.0, 1.0]], [[809.2209905677063, 0.0, 829.2196003259838], [0.0, 809.2209905677063, 481.77842384512485], [0.0, 0.0, 1.0]], [[1259.5137405846733, 0.0, 807.2529053838625], [0.0, 1259.5137405846733, 501.19579884916527], [0.0, 0.0, 1.0]]], "extrinsics": [[[0.8228017091751099, -0.5679987072944641, 0.019357088953256607, -0.60137939453125], [-0.0064656552858650684, -0.04341274872422218, -0.9990363121032715, 1.5053863525390625], [0.5682916641235352, 0.8218836188316345, -0.03939256817102432, -1.029296875], [0.0, 0.0, 0.0, 1.0]], [[0.008768063969910145, -0.9988418817520142, 0.04730730503797531, 0.0087890625], [-0.011843062937259674, -0.0474095344543457, -0.9988054037094116, 1.516265869140625], [0.9998914003372192, 0.00819732341915369, -0.01224503479897976, -1.329681396484375], [0.0, 0.0, 0.0, 1.0]], [[-0.8315850496292114, -0.5549613833427429, 0.022003432735800743, 0.7996826171875], [-0.006345939356833696, -0.03012068383395672, -0.9995260834693909, 1.5018997192382812], [0.5553611516952515, -0.8313305974006653, 0.021526163443922997, -1.091796875], [0.0, 0.0, 0.0, 1.0]], [[0.9478738307952881, 0.3181758224964142, -0.017295101657509804, -1.1414794921875], [0.002051961375400424, -0.06037076562643051, -0.9981738924980164, 1.5885467529296875], [-0.31863895058631897, 0.9461075067520142, -0.057876765727996826, -0.1038818359375], [0.0, 0.0, 0.0, 1.0]], [[0.0017055007629096508, 0.9987257122993469, -0.05043938755989075, 0.0025634765625], [-0.023259250447154045, -0.05038619786500931, -0.9984589219093323, 1.576995849609375], [-0.9997279644012451, 0.002876040991395712, 0.023143675178289413, -0.100982666015625], [0.0, 0.0, 0.0, 1.0]], [[-0.9354289770126343, 0.35287559032440186, -0.021246394142508507, 0.946502685546875], [0.009469282813370228, -0.03506769239902496, -0.9993401169776917, 1.5533981323242188], [-0.3533877432346344, -0.935012936592102, 0.029461856931447983, -0.134521484375], [0.0, 0.0, 0.0, 1.0]]], "view": [[0.0, -2.0, 100.0], [-2.0, 0.0, 100.0], [0.0, 0.0, 1.0]], "bev": "bev_62f91567d17244799a2c9ed4116b2cd1.png", "aux": "aux_62f91567d17244799a2c9ed4116b2cd1.npz", "visibility": "visibility_62f91567d17244799a2c9ed4116b2cd1.png", "pose": [[0.8975645303726196, 0.440883070230484, 0.0, 1292.949951171875], [-0.440883070230484, 0.8975645303726196, 0.0, 1628.697998046875], [0.0, 0.0, 1.0, 0.0], [0.0, 0.0, 0.0, 1.0]], "pose_inverse": [[0.8975645303726196, -0.440883070230484, 0.0, -442.4407043457031], [0.440883070230484, 0.8975645303726196, 0.0, -2031.9013671875], [0.0, 0.0, 1.0, 0.0], [0.0, 0.0, 0.0, 1.0]], "cam_ids": [0, 1, 2, 3, 4, 5], "cam_channels": ["CAM_FRONT_LEFT", "CAM_FRONT", "CAM_FRONT_RIGHT", "CAM_BACK_LEFT", "CAM_BACK", "CAM_BACK_RIGHT"], "token": "62f91567d17244799a2c9ed4116b2cd1", "scene": "scene-0431"}, {"images": ["samples/CAM_FRONT_LEFT/n015-2018-10-08-15-52-24+0800__CAM_FRONT_LEFT__1538985480754844.jpg", "samples/CAM_FRONT/n015-2018-10-08-15-52-24+0800__CAM_FRONT__1538985480762460.jpg", "samples/CAM_FRONT_RIGHT/n015-2018-10-08-15-52-24+0800__CAM_FRONT_RIGHT__1538985480770339.jpg", "samples/CAM_BACK_LEFT/n015-2018-10-08-15-52-24+0800__CAM_BACK_LEFT__1538985480797423.jpg", "samples/CAM_BACK/n015-2018-10-08-15-52-24+0800__CAM_BACK__1538985480787539.jpg", "samples/CAM_BACK_RIGHT/n015-2018-10-08-15-52-24+0800__CAM_BACK_RIGHT__1538985480777893.jpg"], "intrinsics": [[[1272.5979470598488, 0.0, 826.6154927353808], [0.0, 1272.5979470598488, 479.75165386361925], [0.0, 0.0, 1.0]], [[1266.417203046554, 0.0, 816.2670197447984], [0.0, 1266.417203046554, 491.50706579294757], [0.0, 0.0, 1.0]], [[1260.8474446004698, 0.0, 807.968244525554], [0.0, 1260.8474446004698, 495.3344268742088], [0.0, 0.0, 1.0]], [[1256.7414812095406, 0.0, 792.1125740759628], [0.0, 1256.7414812095406, 492.7757465151356], [0.0, 0.0, 1.0]], [[809.2209905677063, 0.0, 829.2196003259838], [0.0, 809.2209905677063, 481.77842384512485], [0.0, 0.0, 1.0]], [[1259.5137405846733, 0.0, 807.2529053838625], [0.0, 1259.5137405846733, 501.19579884916527], [0.0, 0.0, 1.0]]], "extrinsics": [[[0.8215898275375366, -0.5698665976524353, 0.015560157597064972, -0.58203125], [-0.007559743709862232, -0.03818327188491821, -0.9992421269416809, 1.5047378540039062], [0.5700289011001587, 0.8208495378494263, -0.035679034888744354, -1.014892578125], [0.0, 0.0, 0.0, 1.0]], [[0.006868008058518171, -0.9990965127944946, 0.04193955659866333, 0.0076904296875], [-0.013052946887910366, -0.042026545852422714, -0.9990312457084656, 1.5155105590820312], [0.9998912215232849, 0.006313972640782595, -0.013329794630408287, -1.307647705078125], [0.0, 0.0, 0.0, 1.0]], [[-0.83251953125, -0.5536352396011353, 0.019981568679213524, 0.7822265625], [-0.007657940499484539, -0.024564126506447792, -0.9996688961982727, 1.5013504028320312], [0.5539427399635315, -0.8323968052864075, 0.016210410743951797, -1.08203125], [0.0, 0.0, 0.0, 1.0]], [[0.9477697610855103, 0.3185264766216278, -0.01653052121400833, -1.13067626953125], [0.000776696193497628, -0.05413178354501724, -0.9985334277153015, 1.5885696411132812], [-0.3189541697502136, 0.9463670253753662, -0.05155186727643013, -0.1077880859375], [0.0, 0.0, 0.0, 1.0]], [[0.00222328444942832, 0.9990091323852539, -0.04444973170757294, 0.003173828125], [-0.024619318544864655, -0.04438168555498123, -0.9987112879753113, 1.57647705078125], [-0.9996944069862366, 0.003314749803394079, 0.024496249854564667, -0.114959716796875], [0.0, 0.0, 0.0, 1.0]], [[-0.935021162033081, 0.3541363477706909, -0.017968270927667618, 0.9307861328125], [0.008097941055893898, -0.02933390997350216, -0.9995368719100952, 1.55322265625], [-0.3544993996620178, -0.9347336292266846, 0.024560051038861275, -0.141357421875], [0.0, 0.0, 0.0, 1.0]]], "view": [[0.0, -2.0, 100.0], [-2.0, 0.0, 100.0], [0.0, 0.0, 1.0]], "bev": "bev_578aced790dd4ae192c9477e2f4a56c9.png", "aux": "aux_578aced790dd4ae192c9477e2f4a56c9.npz", "visibility": "visibility_578aced790dd4ae192c9477e2f4a56c9.png", "pose": [[0.8786066770553589, 0.4775460958480835, 0.0, 1297.5888671875], [-0.4775460958480835, 0.8786066770553589, 0.0, 1626.248291015625], [0.0, 0.0, 1.0, 0.0], [0.0, 0.0, 0.0, 1.0]], "pose_inverse": [[0.8786066770553589, -0.4775460958480835, 0.0, -363.4617614746094], [0.4775460958480835, 0.8786066770553589, 0.0, -2048.4912109375], [0.0, 0.0, 1.0, 0.0], [0.0, 0.0, 0.0, 1.0]], "cam_ids": [0, 1, 2, 3, 4, 5], "cam_channels": ["CAM_FRONT_LEFT", "CAM_FRONT", "CAM_FRONT_RIGHT", "CAM_BACK_LEFT", "CAM_BACK", "CAM_BACK_RIGHT"], "token": "578aced790dd4ae192c9477e2f4a56c9", "scene": "scene-0431"}, {"images": ["samples/CAM_FRONT_LEFT/n015-2018-10-08-15-52-24+0800__CAM_FRONT_LEFT__1538985481254844.jpg", "samples/CAM_FRONT/n015-2018-10-08-15-52-24+0800__CAM_FRONT__1538985481262477.jpg", "samples/CAM_FRONT_RIGHT/n015-2018-10-08-15-52-24+0800__CAM_FRONT_RIGHT__1538985481270339.jpg", "samples/CAM_BACK_LEFT/n015-2018-10-08-15-52-24+0800__CAM_BACK_LEFT__1538985481297423.jpg", "samples/CAM_BACK/n015-2018-10-08-15-52-24+0800__CAM_BACK__1538985481287525.jpg", "samples/CAM_BACK_RIGHT/n015-2018-10-08-15-52-24+0800__CAM_BACK_RIGHT__1538985481277893.jpg"], "intrinsics": [[[1272.5979470598488, 0.0, 826.6154927353808], [0.0, 1272.5979470598488, 479.75165386361925], [0.0, 0.0, 1.0]], [[1266.417203046554, 0.0, 816.2670197447984], [0.0, 1266.417203046554, 491.50706579294757], [0.0, 0.0, 1.0]], [[1260.8474446004698, 0.0, 807.968244525554], [0.0, 1260.8474446004698, 495.3344268742088], [0.0, 0.0, 1.0]], [[1256.7414812095406, 0.0, 792.1125740759628], [0.0, 1256.7414812095406, 492.7757465151356], [0.0, 0.0, 1.0]], [[809.2209905677063, 0.0, 829.2196003259838], [0.0, 809.2209905677063, 481.77842384512485], [0.0, 0.0, 1.0]], [[1259.5137405846733, 0.0, 807.2529053838625], [0.0, 1259.5137405846733, 501.19579884916527], [0.0, 0.0, 1.0]]], "extrinsics": [[[0.8220028877258301, -0.5689008235931396, 0.02575034648180008, -0.579345703125], [0.004124147817492485, -0.03926907107234001, -0.9992201328277588, 1.5100936889648438], [0.5694683194160461, 0.8214681148529053, -0.029933057725429535, -1.010009765625], [0.0, 0.0, 0.0, 1.0]], [[0.0074019040912389755, -0.9990332722663879, 0.043330755084753036, 0.006103515625], [-0.0008524573058821261, -0.04333823174238205, -0.9990600943565369, 1.520111083984375], [0.9999721646308899, 0.007357968017458916, -0.0011724189389497042, -1.303009033203125], [0.0, 0.0, 0.0, 1.0]], [[-0.8321799039840698, -0.5544092059135437, 0.010350794531404972, 0.7772216796875], [0.004964926280081272, -0.026115817949175835, -0.9996465444564819, 1.5051116943359375], [0.5544835329055786, -0.8318343162536621, 0.02448565699160099, -1.08056640625], [0.0, 0.0, 0.0, 1.0]], [[0.9478696584701538, 0.31862661242485046, -0.004486201796680689, -1.12689208984375], [0.014145543798804283, -0.05613721162080765, -0.9983228445053101, 1.5887527465820312], [-0.31834402680397034, 0.9462164640426636, -0.057717908173799515, -0.1083984375], [0.0, 0.0, 0.0, 1.0]], [[0.0022097749169915915, 0.998920738697052, -0.04639607295393944, 0.003662109375], [-0.011353773064911366, -0.046368133276700974, -0.9988599419593811, 1.57794189453125], [-0.9999330639839172, 0.002734053647145629, 0.011239055544137955, -0.11981201171875], [0.0, 0.0, 0.0, 1.0]], [[-0.9349917769432068, 0.35333776473999023, -0.030705761164426804, 0.926513671875], [0.02106650173664093, -0.031095152720808983, -0.9992944598197937, 1.5561408996582031], [-0.35404324531555176, -0.9349789023399353, 0.021630119532346725, -0.1441650390625], [0.0, 0.0, 0.0, 1.0]]], "view": [[0.0, -2.0, 100.0], [-2.0, 0.0, 100.0], [0.0, 0.0, 1.0]], "bev": "bev_7f92bede900144c1bda37544eb2140f0.png", "aux": "aux_7f92bede900144c1bda37544eb2140f0.npz", "visibility": "visibility_7f92bede900144c1bda37544eb2140f0.png", "pose": [[0.867137610912323, 0.498068630695343, 0.0, 1302.27001953125], [-0.498068630695343, 0.867137610912323, 0.0, 1623.6605224609375], [0.0, 0.0, 1.0, 0.0], [0.0, 0.0, 0.0, 1.0]], "pose_inverse": [[0.867137610912323, -0.498068630695343, 0.0, -320.5529479980469], [0.498068630695343, 0.867137610912323, 0.0, -2056.556884765625], [0.0, 0.0, 1.0, 0.0], [0.0, 0.0, 0.0, 1.0]], "cam_ids": [0, 1, 2, 3, 4, 5], "cam_channels": ["CAM_FRONT_LEFT", "CAM_FRONT", "CAM_FRONT_RIGHT", "CAM_BACK_LEFT", "CAM_BACK", "CAM_BACK_RIGHT"], "token": "7f92bede900144c1bda37544eb2140f0", "scene": "scene-0431"}, {"images": ["samples/CAM_FRONT_LEFT/n015-2018-10-08-15-52-24+0800__CAM_FRONT_LEFT__1538985481654844.jpg", "samples/CAM_FRONT/n015-2018-10-08-15-52-24+0800__CAM_FRONT__1538985481662462.jpg", "samples/CAM_FRONT_RIGHT/n015-2018-10-08-15-52-24+0800__CAM_FRONT_RIGHT__1538985481670339.jpg", "samples/CAM_BACK_LEFT/n015-2018-10-08-15-52-24+0800__CAM_BACK_LEFT__1538985481697423.jpg", "samples/CAM_BACK/n015-2018-10-08-15-52-24+0800__CAM_BACK__1538985481687525.jpg", "samples/CAM_BACK_RIGHT/n015-2018-10-08-15-52-24+0800__CAM_BACK_RIGHT__1538985481677893.jpg"], "intrinsics": [[[1272.5979470598488, 0.0, 826.6154927353808], [0.0, 1272.5979470598488, 479.75165386361925], [0.0, 0.0, 1.0]], [[1266.417203046554, 0.0, 816.2670197447984], [0.0, 1266.417203046554, 491.50706579294757], [0.0, 0.0, 1.0]], [[1260.8474446004698, 0.0, 807.968244525554], [0.0, 1260.8474446004698, 495.3344268742088], [0.0, 0.0, 1.0]], [[1256.7414812095406, 0.0, 792.1125740759628], [0.0, 1256.7414812095406, 492.7757465151356], [0.0, 0.0, 1.0]], [[809.2209905677063, 0.0, 829.2196003259838], [0.0, 809.2209905677063, 481.77842384512485], [0.0, 0.0, 1.0]], [[1259.5137405846733, 0.0, 807.2529053838625], [0.0, 1259.5137405846733, 501.19579884916527], [0.0, 0.0, 1.0]]], "extrinsics": [[[0.8222808241844177, -0.5690444111824036, 0.006541371811181307, -0.5665283203125], [-0.011562070809304714, -0.028197448700666428, -0.9995355010032654, 1.5025596618652344], [0.5689644813537598, 0.8218231797218323, -0.029765550047159195, -1.001708984375], [0.0, 0.0, 0.0, 1.0]], [[0.008201341144740582, -0.999453067779541, 0.032035842537879944, 0.00732421875], [-0.01683715172111988, -0.03217040002346039, -0.9993405938148499, 1.5137176513671875], [0.9998245239257812, 0.00765649089589715, -0.01709178276360035, -1.290313720703125], [0.0, 0.0, 0.0, 1.0]], [[-0.8317678570747375, -0.5548450946807861, 0.017584405839443207, 0.7698974609375], [-0.011211187578737736, -0.014880279079079628, -0.9998264312744141, 1.5001029968261719], [0.5550103783607483, -0.8318206071853638, 0.00615646643564105, -1.0740966796875], [0.0, 0.0, 0.0, 1.0]], [[0.947736918926239, 0.31861719489097595, -0.016666952520608902, -1.1290283203125], [-0.0023759049363434315, -0.04518947750329971, -0.9989756345748901, 1.5885162353515625], [-0.31904396414756775, 0.9468056559562683, -0.04207072779536247, -0.1082763671875], [0.0, 0.0, 0.0, 1.0]], [[0.0015760704409331083, 0.9993777871131897, -0.03523575887084007, 0.0029296875], [-0.027829108759760857, -0.03517831861972809, -0.9989935159683228, 1.5759048461914062], [-0.9996114373207092, 0.0025550832506269217, 0.027756348252296448, -0.122100830078125], [0.0, 0.0, 0.0, 1.0]], [[-0.9353966116905212, 0.3534155786037445, -0.011434158310294151, 0.92010498046875], [0.004727927967905998, -0.01983301341533661, -0.9997921586036682, 1.5525398254394531], [-0.35356882214546204, -0.9352562427520752, 0.016880810260772705, -0.1455078125], [0.0, 0.0, 0.0, 1.0]]], "view": [[0.0, -2.0, 100.0], [-2.0, 0.0, 100.0], [0.0, 0.0, 1.0]], "bev": "bev_46c3580207054ab59be2717bd466989a.png", "aux": "aux_46c3580207054ab59be2717bd466989a.npz", "visibility": "visibility_46c3580207054ab59be2717bd466989a.png", "pose": [[0.8556643724441528, 0.517531156539917, 0.0, 1306.00341796875], [-0.517531156539917, 0.8556643724441528, 0.0, 1621.46484375], [0.0, 0.0, 1.0, 0.0], [0.0, 0.0, 0.0, 1.0]], "pose_inverse": [[0.8556643724441528, -0.517531156539917, 0.0, -278.3420715332031], [0.517531156539917, 0.8556643724441528, 0.0, -2063.3271484375], [0.0, 0.0, 1.0, 0.0], [0.0, 0.0, 0.0, 1.0]], "cam_ids": [0, 1, 2, 3, 4, 5], "cam_channels": ["CAM_FRONT_LEFT", "CAM_FRONT", "CAM_FRONT_RIGHT", "CAM_BACK_LEFT", "CAM_BACK", "CAM_BACK_RIGHT"], "token": "46c3580207054ab59be2717bd466989a", "scene": "scene-0431"}, {"images": ["samples/CAM_FRONT_LEFT/n015-2018-10-08-15-52-24+0800__CAM_FRONT_LEFT__1538985482154844.jpg", "samples/CAM_FRONT/n015-2018-10-08-15-52-24+0800__CAM_FRONT__1538985482162460.jpg", "samples/CAM_FRONT_RIGHT/n015-2018-10-08-15-52-24+0800__CAM_FRONT_RIGHT__1538985482170339.jpg", "samples/CAM_BACK_LEFT/n015-2018-10-08-15-52-24+0800__CAM_BACK_LEFT__1538985482197423.jpg", "samples/CAM_BACK/n015-2018-10-08-15-52-24+0800__CAM_BACK__1538985482187525.jpg", "samples/CAM_BACK_RIGHT/n015-2018-10-08-15-52-24+0800__CAM_BACK_RIGHT__1538985482177893.jpg"], "intrinsics": [[[1272.5979470598488, 0.0, 826.6154927353808], [0.0, 1272.5979470598488, 479.75165386361925], [0.0, 0.0, 1.0]], [[1266.417203046554, 0.0, 816.2670197447984], [0.0, 1266.417203046554, 491.50706579294757], [0.0, 0.0, 1.0]], [[1260.8474446004698, 0.0, 807.968244525554], [0.0, 1260.8474446004698, 495.3344268742088], [0.0, 0.0, 1.0]], [[1256.7414812095406, 0.0, 792.1125740759628], [0.0, 1256.7414812095406, 492.7757465151356], [0.0, 0.0, 1.0]], [[809.2209905677063, 0.0, 829.2196003259838], [0.0, 809.2209905677063, 481.77842384512485], [0.0, 0.0, 1.0]], [[1259.5137405846733, 0.0, 807.2529053838625], [0.0, 1259.5137405846733, 501.19579884916527], [0.0, 0.0, 1.0]]], "extrinsics": [[[0.8230935335159302, -0.5677667856216431, 0.012562642805278301, -0.56298828125], [-0.0075979153625667095, -0.03312835097312927, -0.9994221925735474, 1.5045852661132812], [0.5678548812866211, 0.8225225806236267, -0.0315815806388855, -1.0047607421875], [0.0, 0.0, 0.0, 1.0]], [[0.009099260903894901, -0.9992694854736328, 0.037116050720214844, 0.010009765625], [-0.012947378680109978, -0.03723221272230148, -0.9992228150367737, 1.5153579711914062], [0.9998747706413269, 0.00861162319779396, -0.013276705518364906, -1.288970947265625], [0.0, 0.0, 0.0, 1.0]], [[-0.8315168619155884, -0.555229127407074, 0.017329847440123558, 0.7698974609375], [-0.0074635217897593975, -0.020027482882142067, -0.9997715353965759, 1.5013084411621094], [0.5554493069648743, -0.831456184387207, 0.012509225867688656, -1.0716552734375], [0.0, 0.0, 0.0, 1.0]], [[0.9477648735046387, 0.31860700249671936, -0.015208370983600616, -1.12457275390625], [0.0008774232701398432, -0.05028362572193146, -0.9987345933914185, 1.5885696411132812], [-0.3189685344696045, 0.9465521574020386, -0.047936614602804184, -0.10986328125], [0.0, 0.0, 0.0, 1.0]], [[0.0014542201533913612, 0.999183177947998, -0.040383193641901016, 0.002197265625], [-0.024400753900408745, -0.0403357557952404, -0.9988881945610046, 1.5762710571289062], [-0.9997011423110962, 0.0024379966780543327, 0.024322163313627243, -0.1255340576171875], [0.0, 0.0, 0.0, 1.0]], [[-0.9354978203773499, 0.3529405891895294, -0.016637172549962997, 0.91748046875], [0.008344371803104877, -0.02500491589307785, -0.9996525049209595, 1.5534248352050781], [-0.3532339632511139, -0.935311496257782, 0.020446976646780968, -0.144775390625], [0.0, 0.0, 0.0, 1.0]]], "view": [[0.0, -2.0, 100.0], [-2.0, 0.0, 100.0], [0.0, 0.0, 1.0]], "bev": "bev_8e584bb27bda4c4b9980455d3895096e.png", "aux": "aux_8e584bb27bda4c4b9980455d3895096e.npz", "visibility": "visibility_8e584bb27bda4c4b9980455d3895096e.png", "pose": [[0.8376267552375793, 0.5462429523468018, 0.0, 1310.6331787109375], [-0.5462429523468018, 0.8376267552375793, 0.0, 1618.5577392578125], [0.0, 0.0, 1.0, 0.0], [0.0, 0.0, 0.0, 1.0]], "pose_inverse": [[0.8376267552375793, -0.5462429523468018, 0.0, -213.6956787109375], [0.5462429523468018, 0.8376267552375793, 0.0, -2071.67138671875], [0.0, 0.0, 1.0, 0.0], [0.0, 0.0, 0.0, 1.0]], "cam_ids": [0, 1, 2, 3, 4, 5], "cam_channels": ["CAM_FRONT_LEFT", "CAM_FRONT", "CAM_FRONT_RIGHT", "CAM_BACK_LEFT", "CAM_BACK", "CAM_BACK_RIGHT"], "token": "8e584bb27bda4c4b9980455d3895096e", "scene": "scene-0431"}, {"images": ["samples/CAM_FRONT_LEFT/n015-2018-10-08-15-52-24+0800__CAM_FRONT_LEFT__1538985482654844.jpg", "samples/CAM_FRONT/n015-2018-10-08-15-52-24+0800__CAM_FRONT__1538985482662460.jpg", "samples/CAM_FRONT_RIGHT/n015-2018-10-08-15-52-24+0800__CAM_FRONT_RIGHT__1538985482670339.jpg", "samples/CAM_BACK_LEFT/n015-2018-10-08-15-52-24+0800__CAM_BACK_LEFT__1538985482697423.jpg", "samples/CAM_BACK/n015-2018-10-08-15-52-24+0800__CAM_BACK__1538985482687525.jpg", "samples/CAM_BACK_RIGHT/n015-2018-10-08-15-52-24+0800__CAM_BACK_RIGHT__1538985482677893.jpg"], "intrinsics": [[[1272.5979470598488, 0.0, 826.6154927353808], [0.0, 1272.5979470598488, 479.75165386361925], [0.0, 0.0, 1.0]], [[1266.417203046554, 0.0, 816.2670197447984], [0.0, 1266.417203046554, 491.50706579294757], [0.0, 0.0, 1.0]], [[1260.8474446004698, 0.0, 807.968244525554], [0.0, 1260.8474446004698, 495.3344268742088], [0.0, 0.0, 1.0]], [[1256.7414812095406, 0.0, 792.1125740759628], [0.0, 1256.7414812095406, 492.7757465151356], [0.0, 0.0, 1.0]], [[809.2209905677063, 0.0, 829.2196003259838], [0.0, 809.2209905677063, 481.77842384512485], [0.0, 0.0, 1.0]], [[1259.5137405846733, 0.0, 807.2529053838625], [0.0, 1259.5137405846733, 501.19579884916527], [0.0, 0.0, 1.0]]], "extrinsics": [[[0.8213405013084412, -0.5703830122947693, 0.00794619508087635, -0.5616455078125], [-0.007836146280169487, -0.025210373103618622, -0.9996514320373535, 1.5043716430664062], [0.5703845024108887, 0.8209918737411499, -0.025175902992486954, -0.9991455078125], [0.0, 0.0, 0.0, 1.0]], [[0.006696014199405909, -0.9995568990707397, 0.029000816866755486, 0.007080078125], [-0.013330643065273762, -0.02908811718225479, -0.9994879364967346, 1.5150718688964844], [0.9998887777328491, 0.006305945571511984, -0.013519508764147758, -1.28399658203125], [0.0, 0.0, 0.0, 1.0]], [[-0.8324741721153259, -0.553909182548523, 0.013087429106235504, 0.76416015625], [-0.007942783646285534, -0.011687763035297394, -0.9999001622200012, 1.5010871887207031], [0.554006814956665, -0.8324950337409973, 0.005330182146281004, -1.070068359375], [0.0, 0.0, 0.0, 1.0]], [[0.9477604031562805, 0.31870439648628235, -0.01333492062985897, -1.11968994140625], [-9.278786455979571e-05, -0.04152899608016014, -0.999137282371521, 1.5885467529296875], [-0.318983256816864, 0.9469439387321472, -0.03932996466755867, -0.111328125], [0.0, 0.0, 0.0, 1.0]], [[0.002062322339043021, 0.9994946718215942, -0.03171951323747635, 0.003173828125], [-0.025205207988619804, -0.03165755048394203, -0.9991809129714966, 1.5760116577148438], [-0.9996801018714905, 0.0028600883670151234, 0.02512717805802822, -0.130889892578125], [0.0, 0.0, 0.0, 1.0]], [[-0.9350631833076477, 0.35424017906188965, -0.013068161904811859, 0.912841796875], [0.007717155385762453, -0.016514116898179054, -0.999833881855011, 1.5532951354980469], [-0.35439714789390564, -0.935008704662323, 0.012708017602562904, -0.148193359375], [0.0, 0.0, 0.0, 1.0]]], "view": [[0.0, -2.0, 100.0], [-2.0, 0.0, 100.0], [0.0, 0.0, 1.0]], "bev": "bev_ebf7e0b9500842bc800e471d364da28d.png", "aux": "aux_ebf7e0b9500842bc800e471d364da28d.npz", "visibility": "visibility_ebf7e0b9500842bc800e471d364da28d.png", "pose": [[0.821977436542511, 0.5695200562477112, 0.0, 1315.2139892578125], [-0.5695200562477112, 0.821977436542511, 0.0, 1615.4525146484375], [0.0, 0.0, 1.0, 0.0], [0.0, 0.0, 0.0, 1.0]], "pose_inverse": [[0.821977436542511, -0.5695200562477112, 0.0, -161.04367065429688], [0.5695200562477112, 0.821977436542511, 0.0, -2076.90625], [0.0, 0.0, 1.0, 0.0], [0.0, 0.0, 0.0, 1.0]], "cam_ids": [0, 1, 2, 3, 4, 5], "cam_channels": ["CAM_FRONT_LEFT", "CAM_FRONT", "CAM_FRONT_RIGHT", "CAM_BACK_LEFT", "CAM_BACK", "CAM_BACK_RIGHT"], "token": "ebf7e0b9500842bc800e471d364da28d", "scene": "scene-0431"}, {"images": ["samples/CAM_FRONT_LEFT/n015-2018-10-08-15-52-24+0800__CAM_FRONT_LEFT__1538985483154844.jpg", "samples/CAM_FRONT/n015-2018-10-08-15-52-24+0800__CAM_FRONT__1538985483162460.jpg", "samples/CAM_FRONT_RIGHT/n015-2018-10-08-15-52-24+0800__CAM_FRONT_RIGHT__1538985483170339.jpg", "samples/CAM_BACK_LEFT/n015-2018-10-08-15-52-24+0800__CAM_BACK_LEFT__1538985483197423.jpg", "samples/CAM_BACK/n015-2018-10-08-15-52-24+0800__CAM_BACK__1538985483187525.jpg", "samples/CAM_BACK_RIGHT/n015-2018-10-08-15-52-24+0800__CAM_BACK_RIGHT__1538985483177893.jpg"], "intrinsics": [[[1272.5979470598488, 0.0, 826.6154927353808], [0.0, 1272.5979470598488, 479.75165386361925], [0.0, 0.0, 1.0]], [[1266.417203046554, 0.0, 816.2670197447984], [0.0, 1266.417203046554, 491.50706579294757], [0.0, 0.0, 1.0]], [[1260.8474446004698, 0.0, 807.968244525554], [0.0, 1260.8474446004698, 495.3344268742088], [0.0, 0.0, 1.0]], [[1256.7414812095406, 0.0, 792.1125740759628], [0.0, 1256.7414812095406, 492.7757465151356], [0.0, 0.0, 1.0]], [[809.2209905677063, 0.0, 829.2196003259838], [0.0, 809.2209905677063, 481.77842384512485], [0.0, 0.0, 1.0]], [[1259.5137405846733, 0.0, 807.2529053838625], [0.0, 1259.5137405846733, 501.19579884916527], [0.0, 0.0, 1.0]]], "extrinsics": [[[0.8210105299949646, -0.5708967447280884, 0.004304821603000164, -0.570068359375], [-0.010310547426342964, -0.022365834563970566, -0.9996967315673828, 1.50335693359375], [0.5708198547363281, 0.8207171559333801, -0.024248844012618065, -1.0086669921875], [0.0, 0.0, 0.0, 1.0]], [[0.006355497986078262, -0.9996333718299866, 0.026316754519939423, 0.010009765625], [-0.01593036949634552, -0.026415159925818443, -0.9995241165161133, 1.5142745971679688], [0.9998528957366943, 0.005933226551860571, -0.016092410311102867, -1.295379638671875], [0.0, 0.0, 0.0, 1.0]], [[-0.8325483202934265, -0.5537765622138977, 0.01395726390182972, 0.77392578125], [-0.010671938769519329, -0.009157084859907627, -0.9999011158943176, 1.5003376007080078], [0.5538495182991028, -0.8326148986816406, 0.0017138480907306075, -1.0736083984375], [0.0, 0.0, 0.0, 1.0]], [[0.9477230310440063, 0.31870540976524353, -0.015744663774967194, -1.1270751953125], [-0.0034080827608704567, -0.03922911733388901, -0.9992244243621826, 1.5885009765625], [-0.31907591223716736, 0.9470416903495789, -0.03609216585755348, -0.1090087890625], [0.0, 0.0, 0.0, 1.0]], [[0.002072365954518318, 0.9995658993721008, -0.029388783499598503, 0.001708984375], [-0.02832985669374466, -0.029318364337086678, -0.9991685748100281, 1.5758743286132812], [-0.9995964765548706, 0.0029032777529209852, 0.028256798163056374, -0.122283935546875], [0.0, 0.0, 0.0, 1.0]], [[-0.935039758682251, 0.35441553592681885, -0.009495801292359829, 0.9208984375], [0.004810716491192579, -0.014097960665822029, -0.999889075756073, 1.5525779724121094], [-0.35451018810272217, -0.9349817037582397, 0.011477159336209297, -0.143310546875], [0.0, 0.0, 0.0, 1.0]]], "view": [[0.0, -2.0, 100.0], [-2.0, 0.0, 100.0], [0.0, 0.0, 1.0]], "bev": "bev_0fe15045886c4b6589ecf66ab067bb91.png", "aux": "aux_0fe15045886c4b6589ecf66ab067bb91.npz", "visibility": "visibility_0fe15045886c4b6589ecf66ab067bb91.png", "pose": [[0.8144198060035706, 0.5802761316299438, 0.0, 1319.6824951171875], [-0.5802761316299438, 0.8144198060035706, 0.0, 1612.2879638671875], [0.0, 0.0, 1.0, 0.0], [0.0, 0.0, 0.0, 1.0]], "pose_inverse": [[0.8144198060035706, -0.5802761316299438, 0.0, -139.20333862304688], [0.5802761316299438, 0.8144198060035706, 0.0, -2078.859375], [0.0, 0.0, 1.0, 0.0], [0.0, 0.0, 0.0, 1.0]], "cam_ids": [0, 1, 2, 3, 4, 5], "cam_channels": ["CAM_FRONT_LEFT", "CAM_FRONT", "CAM_FRONT_RIGHT", "CAM_BACK_LEFT", "CAM_BACK", "CAM_BACK_RIGHT"], "token": "0fe15045886c4b6589ecf66ab067bb91", "scene": "scene-0431"}, {"images": ["samples/CAM_FRONT_LEFT/n015-2018-10-08-15-52-24+0800__CAM_FRONT_LEFT__1538985483654844.jpg", "samples/CAM_FRONT/n015-2018-10-08-15-52-24+0800__CAM_FRONT__1538985483662460.jpg", "samples/CAM_FRONT_RIGHT/n015-2018-10-08-15-52-24+0800__CAM_FRONT_RIGHT__1538985483670339.jpg", "samples/CAM_BACK_LEFT/n015-2018-10-08-15-52-24+0800__CAM_BACK_LEFT__1538985483697423.jpg", "samples/CAM_BACK/n015-2018-10-08-15-52-24+0800__CAM_BACK__1538985483687525.jpg", "samples/CAM_BACK_RIGHT/n015-2018-10-08-15-52-24+0800__CAM_BACK_RIGHT__1538985483677893.jpg"], "intrinsics": [[[1272.5979470598488, 0.0, 826.6154927353808], [0.0, 1272.5979470598488, 479.75165386361925], [0.0, 0.0, 1.0]], [[1266.417203046554, 0.0, 816.2670197447984], [0.0, 1266.417203046554, 491.50706579294757], [0.0, 0.0, 1.0]], [[1260.8474446004698, 0.0, 807.968244525554], [0.0, 1260.8474446004698, 495.3344268742088], [0.0, 0.0, 1.0]], [[1256.7414812095406, 0.0, 792.1125740759628], [0.0, 1256.7414812095406, 492.7757465151356], [0.0, 0.0, 1.0]], [[809.2209905677063, 0.0, 829.2196003259838], [0.0, 809.2209905677063, 481.77842384512485], [0.0, 0.0, 1.0]], [[1259.5137405846733, 0.0, 807.2529053838625], [0.0, 1259.5137405846733, 501.19579884916527], [0.0, 0.0, 1.0]]], "extrinsics": [[[0.8211009502410889, -0.570770800113678, -0.003736682701855898, -0.5625], [-0.004283655434846878, 0.0003842775768134743, -0.999990701675415, 1.5061544179916382], [0.5707669854164124, 0.821109414100647, -0.0021294548641890287, -1.0029296875], [0.0, 0.0, 0.0, 1.0]], [[0.006260366179049015, -0.9999750852584839, 0.0032704605255275965, 0.009521484375], [-0.01008602511137724, -0.003333501750603318, -0.9999436140060425, 1.5164623260498047], [0.9999295473098755, 0.006226986646652222, -0.010106640867888927, -1.2882232666015625], [0.0, 0.0, 0.0, 1.0]], [[-0.8326804041862488, -0.5537413358688354, -0.0037197263445705175, 0.7694091796875], [-0.004997746087610722, 0.01423196867108345, -0.9998862147331238, 1.5020408630371094], [0.5537312626838684, -0.8325670957565308, -0.014618138782680035, -1.072021484375], [0.0, 0.0, 0.0, 1.0]], [[0.9477506279945374, 0.3189989924430847, -0.002885571215301752, -1.1280517578125], [0.0020007218699902296, -0.014988843351602554, -0.9998856782913208, 1.5885868072509766], [-0.3190057575702667, 0.9476364850997925, -0.014843914657831192, -0.108642578125], [0.0, 0.0, 0.0, 1.0]], [[0.002186780096963048, 0.9999828934669495, -0.005427250172942877, 0.002197265625], [-0.022806847468018532, -0.0053759790025651455, -0.9997254610061646, 1.5765056610107422], [-0.9997375011444092, 0.0023099349346011877, 0.022794699296355247, -0.1232452392578125], [0.0, 0.0, 0.0, 1.0]], [[-0.9349555373191833, 0.35470816493034363, -0.006343488115817308, 0.91839599609375], [0.010409600101411343, 0.009556186385452747, -0.9999001622200012, 1.5538616180419922], [-0.35461217164993286, -0.9349282383918762, -0.012626980431377888, -0.1451416015625], [0.0, 0.0, 0.0, 1.0]]], "view": [[0.0, -2.0, 100.0], [-2.0, 0.0, 100.0], [0.0, 0.0, 1.0]], "bev": "bev_7bb9274039a04b9fa4943ba5e5cafe69.png", "aux": "aux_7bb9274039a04b9fa4943ba5e5cafe69.npz", "visibility": "visibility_7bb9274039a04b9fa4943ba5e5cafe69.png", "pose": [[0.8131400346755981, 0.582068145275116, 0.0, 1324.169921875], [-0.582068145275116, 0.8131400346755981, 0.0, 1609.049072265625], [0.0, 0.0, 1.0, 0.0], [0.0, 0.0, 0.0, 1.0]], "pose_inverse": [[0.8131400346755981, -0.582068145275116, 0.0, -140.1593780517578], [0.582068145275116, 0.8131400346755981, 0.0, -2079.139404296875], [0.0, 0.0, 1.0, 0.0], [0.0, 0.0, 0.0, 1.0]], "cam_ids": [0, 1, 2, 3, 4, 5], "cam_channels": ["CAM_FRONT_LEFT", "CAM_FRONT", "CAM_FRONT_RIGHT", "CAM_BACK_LEFT", "CAM_BACK", "CAM_BACK_RIGHT"], "token": "7bb9274039a04b9fa4943ba5e5cafe69", "scene": "scene-0431"}, {"images": ["samples/CAM_FRONT_LEFT/n015-2018-10-08-15-52-24+0800__CAM_FRONT_LEFT__1538985484154844.jpg", "samples/CAM_FRONT/n015-2018-10-08-15-52-24+0800__CAM_FRONT__1538985484162460.jpg", "samples/CAM_FRONT_RIGHT/n015-2018-10-08-15-52-24+0800__CAM_FRONT_RIGHT__1538985484170339.jpg", "samples/CAM_BACK_LEFT/n015-2018-10-08-15-52-24+0800__CAM_BACK_LEFT__1538985484197423.jpg", "samples/CAM_BACK/n015-2018-10-08-15-52-24+0800__CAM_BACK__1538985484187525.jpg", "samples/CAM_BACK_RIGHT/n015-2018-10-08-15-52-24+0800__CAM_BACK_RIGHT__1538985484177893.jpg"], "intrinsics": [[[1272.5979470598488, 0.0, 826.6154927353808], [0.0, 1272.5979470598488, 479.75165386361925], [0.0, 0.0, 1.0]], [[1266.417203046554, 0.0, 816.2670197447984], [0.0, 1266.417203046554, 491.50706579294757], [0.0, 0.0, 1.0]], [[1260.8474446004698, 0.0, 807.968244525554], [0.0, 1260.8474446004698, 495.3344268742088], [0.0, 0.0, 1.0]], [[1256.7414812095406, 0.0, 792.1125740759628], [0.0, 1256.7414812095406, 492.7757465151356], [0.0, 0.0, 1.0]], [[809.2209905677063, 0.0, 829.2196003259838], [0.0, 809.2209905677063, 481.77842384512485], [0.0, 0.0, 1.0]], [[1259.5137405846733, 0.0, 807.2529053838625], [0.0, 1259.5137405846733, 501.19579884916527], [0.0, 0.0, 1.0]]], "extrinsics": [[[0.8212214708328247, -0.5703162550926208, -0.018290691077709198, -0.5731201171875], [-0.023183291777968407, -0.001320072915405035, -0.9997303485870361, 1.4972615242004395], [0.5701383352279663, 0.8214240670204163, -0.014305880293250084, -1.0133056640625], [0.0, 0.0, 0.0, 1.0]], [[0.006761298049241304, -0.9999635815620422, 0.005202061031013727, 0.011474609375], [-0.02855454571545124, -0.005393127910792828, -0.9995777606964111, 1.509385108947754], [0.999569296836853, 0.006609906442463398, -0.028589967638254166, -1.3014068603515625], [0.0, 0.0, 0.0, 1.0]], [[-0.8324517011642456, -0.5539538264274597, 0.012616169638931751, 0.7802734375], [-0.023030202835798264, 0.011841409839689732, -0.9996646046638489, 1.4965744018554688], [0.5536187291145325, -0.8324631452560425, -0.02261507138609886, -1.0770263671875], [0.0, 0.0, 0.0, 1.0]], [[0.9475240707397461, 0.3190750777721405, -0.019728025421500206, -1.1298828125], [-0.014612490311264992, -0.018418503925204277, -0.9997235536575317, 1.5883674621582031], [-0.31935015320777893, 0.9475504159927368, -0.012789496220648289, -0.1082763671875], [0.0, 0.0, 0.0, 1.0]], [[0.0019014530116692185, 0.9999619722366333, -0.008516062051057816, 0.001708984375], [-0.03993801400065422, -0.008433344773948193, -0.9991666078567505, 1.5745849609375], [-0.9992003440856934, 0.0022400168236345053, 0.03992045670747757, -0.1177215576171875], [0.0, 0.0, 0.0, 1.0]], [[-0.9350097179412842, 0.35450321435928345, 0.00918553490191698, 0.92608642578125], [-0.007220372091978788, 0.0068658264353871346, -0.9999503493309021, 1.5498170852661133], [-0.35454878211021423, -0.9350295662879944, -0.003859968390315771, -0.1405029296875], [0.0, 0.0, 0.0, 1.0]]], "view": [[0.0, -2.0, 100.0], [-2.0, 0.0, 100.0], [0.0, 0.0, 1.0]], "bev": "bev_82349e3aaffa457f9b677447dd126936.png", "aux": "aux_82349e3aaffa457f9b677447dd126936.npz", "visibility": "visibility_82349e3aaffa457f9b677447dd126936.png", "pose": [[0.8114363551139832, 0.5844407677650452, 0.0, 1328.6063232421875], [-0.5844407677650452, 0.8114363551139832, 0.0, 1605.8497314453125], [0.0, 0.0, 1.0, 0.0], [0.0, 0.0, 0.0, 1.0]], "pose_inverse": [[0.8114363551139832, -0.5844407677650452, 0.0, -139.5554656982422], [0.5844407677650452, 0.8114363551139832, 0.0, -2079.53662109375], [0.0, 0.0, 1.0, 0.0], [0.0, 0.0, 0.0, 1.0]], "cam_ids": [0, 1, 2, 3, 4, 5], "cam_channels": ["CAM_FRONT_LEFT", "CAM_FRONT", "CAM_FRONT_RIGHT", "CAM_BACK_LEFT", "CAM_BACK", "CAM_BACK_RIGHT"], "token": "82349e3aaffa457f9b677447dd126936", "scene": "scene-0431"}, {"images": ["samples/CAM_FRONT_LEFT/n015-2018-10-08-15-52-24+0800__CAM_FRONT_LEFT__1538985484654844.jpg", "samples/CAM_FRONT/n015-2018-10-08-15-52-24+0800__CAM_FRONT__1538985484662460.jpg", "samples/CAM_FRONT_RIGHT/n015-2018-10-08-15-52-24+0800__CAM_FRONT_RIGHT__1538985484670339.jpg", "samples/CAM_BACK_LEFT/n015-2018-10-08-15-52-24+0800__CAM_BACK_LEFT__1538985484697423.jpg", "samples/CAM_BACK/n015-2018-10-08-15-52-24+0800__CAM_BACK__1538985484687534.jpg", "samples/CAM_BACK_RIGHT/n015-2018-10-08-15-52-24+0800__CAM_BACK_RIGHT__1538985484677893.jpg"], "intrinsics": [[[1272.5979470598488, 0.0, 826.6154927353808], [0.0, 1272.5979470598488, 479.75165386361925], [0.0, 0.0, 1.0]], [[1266.417203046554, 0.0, 816.2670197447984], [0.0, 1266.417203046554, 491.50706579294757], [0.0, 0.0, 1.0]], [[1260.8474446004698, 0.0, 807.968244525554], [0.0, 1260.8474446004698, 495.3344268742088], [0.0, 0.0, 1.0]], [[1256.7414812095406, 0.0, 792.1125740759628], [0.0, 1256.7414812095406, 492.7757465151356], [0.0, 0.0, 1.0]], [[809.2209905677063, 0.0, 829.2196003259838], [0.0, 809.2209905677063, 481.77842384512485], [0.0, 0.0, 1.0]], [[1259.5137405846733, 0.0, 807.2529053838625], [0.0, 1259.5137405846733, 501.19579884916527], [0.0, 0.0, 1.0]]], "extrinsics": [[[0.8209212422370911, -0.570758581161499, -0.01797209121286869, -0.586669921875], [-0.0334479995071888, -0.016642114147543907, -0.9993019104003906, 1.4929962158203125], [0.5700610280036926, 0.8209492564201355, -0.03275259956717491, -1.0224609375], [0.0, 0.0, 0.0, 1.0]], [[0.006946211215108633, -0.9997541308403015, 0.021055124700069427, 0.011474609375], [-0.038097672164440155, -0.021304931491613388, -0.9990468621253967, 1.506256103515625], [0.9992498755455017, 0.00613740598782897, -0.03823629021644592, -1.31610107421875], [0.0, 0.0, 0.0, 1.0]], [[-0.8320942521095276, -0.5538702607154846, 0.02910054288804531, 0.790771484375], [-0.03188556805253029, -0.004610533360391855, -0.9994809031486511, 1.4943342208862305], [0.5537168979644775, -0.8325902819633484, -0.013824069872498512, -1.0843505859375], [0.0, 0.0, 0.0, 1.0]], [[0.9473378658294678, 0.31865403056144714, -0.03178979828953743, -1.13140869140625], [-0.021048570051789284, -0.037095919251441956, -0.9990900158882141, 1.58831787109375], [-0.3195432722568512, 0.9471448659896851, -0.028435157611966133, -0.1075439453125], [0.0, 0.0, 0.0, 1.0]], [[0.0016118340427055955, 0.9996514916419983, -0.026350513100624084, 0.00146484375], [-0.047224365174770355, -0.026245053857564926, -0.9985395073890686, 1.5740127563476562], [-0.9988829493522644, 0.002853912301361561, 0.04716559872031212, -0.11199951171875], [0.0, 0.0, 0.0, 1.0]], [[-0.9350147843360901, 0.35444390773773193, 0.010808923281729221, 0.93524169921875], [-0.015404374338686466, -0.010146131739020348, -0.999829888343811, 1.5481739044189453], [-0.3542739152908325, -0.9350221753120422, 0.01494676899164915, -0.1370849609375], [0.0, 0.0, 0.0, 1.0]]], "view": [[0.0, -2.0, 100.0], [-2.0, 0.0, 100.0], [0.0, 0.0, 1.0]], "bev": "bev_4839d4fd60624f5cbeec4011c1b3a527.png", "aux": "aux_4839d4fd60624f5cbeec4011c1b3a527.npz", "visibility": "visibility_4839d4fd60624f5cbeec4011c1b3a527.png", "pose": [[0.8086562156677246, 0.588281512260437, 0.0, 1332.924560546875], [-0.588281512260437, 0.8086562156677246, 0.0, 1602.695556640625], [0.0, 0.0, 1.0, 0.0], [0.0, 0.0, 0.0, 1.0]], "pose_inverse": [[0.8086562156677246, -0.588281512260437, 0.0, -135.0415496826172], [0.588281512260437, 0.8086562156677246, 0.0, -2080.16455078125], [0.0, 0.0, 1.0, 0.0], [0.0, 0.0, 0.0, 1.0]], "cam_ids": [0, 1, 2, 3, 4, 5], "cam_channels": ["CAM_FRONT_LEFT", "CAM_FRONT", "CAM_FRONT_RIGHT", "CAM_BACK_LEFT", "CAM_BACK", "CAM_BACK_RIGHT"], "token": "4839d4fd60624f5cbeec4011c1b3a527", "scene": "scene-0431"}, {"images": ["samples/CAM_FRONT_LEFT/n015-2018-10-08-15-52-24+0800__CAM_FRONT_LEFT__1538985485154844.jpg", "samples/CAM_FRONT/n015-2018-10-08-15-52-24+0800__CAM_FRONT__1538985485162460.jpg", "samples/CAM_FRONT_RIGHT/n015-2018-10-08-15-52-24+0800__CAM_FRONT_RIGHT__1538985485170339.jpg", "samples/CAM_BACK_LEFT/n015-2018-10-08-15-52-24+0800__CAM_BACK_LEFT__1538985485197423.jpg", "samples/CAM_BACK/n015-2018-10-08-15-52-24+0800__CAM_BACK__1538985485187525.jpg", "samples/CAM_BACK_RIGHT/n015-2018-10-08-15-52-24+0800__CAM_BACK_RIGHT__1538985485177893.jpg"], "intrinsics": [[[1272.5979470598488, 0.0, 826.6154927353808], [0.0, 1272.5979470598488, 479.75165386361925], [0.0, 0.0, 1.0]], [[1266.417203046554, 0.0, 816.2670197447984], [0.0, 1266.417203046554, 491.50706579294757], [0.0, 0.0, 1.0]], [[1260.8474446004698, 0.0, 807.968244525554], [0.0, 1260.8474446004698, 495.3344268742088], [0.0, 0.0, 1.0]], [[1256.7414812095406, 0.0, 792.1125740759628], [0.0, 1256.7414812095406, 492.7757465151356], [0.0, 0.0, 1.0]], [[809.2209905677063, 0.0, 829.2196003259838], [0.0, 809.2209905677063, 481.77842384512485], [0.0, 0.0, 1.0]], [[1259.5137405846733, 0.0, 807.2529053838625], [0.0, 1259.5137405846733, 501.19579884916527], [0.0, 0.0, 1.0]]], "extrinsics": [[[0.820868730545044, -0.5710832476615906, -0.006195291876792908, -0.5921630859375], [-0.021783819422125816, -0.020468350499868393, -0.9995531439781189, 1.4984817504882812], [0.5707013010978699, 0.8206368684768677, -0.02924220636487007, -1.0252685546875], [0.0, 0.0, 0.0, 1.0]], [[0.006177319213747978, -0.9996832609176636, 0.024397334083914757, 0.01025390625], [-0.02664884366095066, -0.024553710594773293, -0.9993432760238647, 1.5106468200683594], [0.9996256828308105, 0.005523120518773794, -0.026792079210281372, -1.3189849853515625], [0.0, 0.0, 0.0, 1.0]], [[-0.8327473998069763, -0.5532461404800415, 0.021223369985818863, 0.789794921875], [-0.02058619074523449, -0.007365977391600609, -0.9997609257698059, 1.4976310729980469], [0.5532702207565308, -0.8329852819442749, -0.005255230702459812, -1.0848388671875], [0.0, 0.0, 0.0, 1.0]], [[0.9476193189620972, 0.31862872838974, -0.022210566326975822, -1.13275146484375], [-0.010719405487179756, -0.03777287155389786, -0.999228835105896, 1.58843994140625], [-0.31922197341918945, 0.9471266865730286, -0.032378796488046646, -0.1070556640625], [0.0, 0.0, 0.0, 1.0]], [[0.0021388938184827566, 0.9996103644371033, -0.027832631021738052, 0.002197265625], [-0.036519695073366165, -0.02773604542016983, -0.9989479780197144, 1.5752