[{"images": ["samples/CAM_FRONT_LEFT/n015-2018-09-27-15-33-17+0800__CAM_FRONT_LEFT__1538034043754844.jpg", "samples/CAM_FRONT/n015-2018-09-27-15-33-17+0800__CAM_FRONT__1538034043762460.jpg", "samples/CAM_FRONT_RIGHT/n015-2018-09-27-15-33-17+0800__CAM_FRONT_RIGHT__1538034043770339.jpg", "samples/CAM_BACK_LEFT/n015-2018-09-27-15-33-17+0800__CAM_BACK_LEFT__1538034043797423.jpg", "samples/CAM_BACK/n015-2018-09-27-15-33-17+0800__CAM_BACK__1538034043787525.jpg", "samples/CAM_BACK_RIGHT/n015-2018-09-27-15-33-17+0800__CAM_BACK_RIGHT__1538034043777893.jpg"], "intrinsics": [[[1272.5979470598488, 0.0, 826.6154927353808], [0.0, 1272.5979470598488, 479.75165386361925], [0.0, 0.0, 1.0]], [[1266.417203046554, 0.0, 816.2670197447984], [0.0, 1266.417203046554, 491.50706579294757], [0.0, 0.0, 1.0]], [[1260.8474446004698, 0.0, 807.968244525554], [0.0, 1260.8474446004698, 495.3344268742088], [0.0, 0.0, 1.0]], [[1256.7414812095406, 0.0, 792.1125740759628], [0.0, 1256.7414812095406, 492.7757465151356], [0.0, 0.0, 1.0]], [[809.2209905677063, 0.0, 829.2196003259838], [0.0, 809.2209905677063, 481.77842384512485], [0.0, 0.0, 1.0]], [[1259.5137405846733, 0.0, 807.2529053838625], [0.0, 1259.5137405846733, 501.19579884916527], [0.0, 0.0, 1.0]]], "extrinsics": [[[0.8202818036079407, -0.571016252040863, -0.03283672779798508, -0.69140625], [-0.04548614099621773, -0.007897749543190002, -0.9989337921142578, 1.4931793212890625], [0.5701480507850647, 0.8209007382392883, -0.032451704144477844, -1.093048095703125], [0.0, 0.0, 0.0, 1.0]], [[0.006414185278117657, -0.9999104738235474, 0.011739569716155529, 0.0087890625], [-0.050810955464839935, -0.012050543911755085, -0.9986355900764465, 1.506622314453125], [0.9986876249313354, 0.005808960180729628, -0.050883699208498, -1.41845703125], [0.0, 0.0, 0.0, 1.0]], [[-0.8321569561958313, -0.5534422993659973, 0.03487701714038849, 0.8543701171875], [-0.045234400779008865, 0.005061494652181864, -0.9989635944366455, 1.493927001953125], [0.5526922345161438, -0.8328721523284912, -0.029246587306261063, -1.129150390625], [0.0, 0.0, 0.0, 1.0]], [[0.9468957185745239, 0.3186623156070709, -0.04292869195342064, -1.1328125], [-0.03668016567826271, -0.025586500763893127, -0.9989994168281555, 1.5881996154785156], [-0.31944188475608826, 0.9475229382514954, -0.012539160437881947, -0.107177734375], [0.0, 0.0, 0.0, 1.0]], [[0.0019031038973480463, 0.999876081943512, -0.01562792994081974, 0.0023193359375], [-0.062031809240579605, -0.015479824505746365, -0.9979541301727295, 1.5741119384765625], [-0.9980723857879639, 0.002868572250008583, 0.061994656920433044, -0.082763671875], [0.0, 0.0, 0.0, 1.0]], [[-0.9344787001609802, 0.35495826601982117, 0.02746349573135376, 0.988525390625], [-0.029395828023552895, -5.1119459385517985e-05, -0.9995678663253784, 1.5468292236328125], [-0.3548033833503723, -0.9348822236061096, 0.010482056997716427, -0.11883544921875], [0.0, 0.0, 0.0, 1.0]]], "view": [[0.0, -2.0, 100.0], [-2.0, 0.0, 100.0], [0.0, 0.0, 1.0]], "bev": "bev_44dc66483d58419083c8bd4b7324debc.png", "aux": "aux_44dc66483d58419083c8bd4b7324debc.npz", "visibility": "visibility_44dc66483d58419083c8bd4b7324debc.png", "pose": [[-0.3391163647174835, 0.9407444596290588, 0.0, 2453.689208984375], [-0.9407444596290588, -0.3391163647174835, 0.0, 2074.387451171875], [0.0, 0.0, 1.0, 0.0], [0.0, 0.0, 0.0, 1.0]], "pose_inverse": [[-0.3391163647174835, -0.9407444596290588, 0.0, 2783.5546875], [0.9407444596290588, -0.3391163647174835, 0.0, -1604.835693359375], [0.0, 0.0, 1.0, 0.0], [0.0, 0.0, 0.0, 1.0]], "cam_ids": [0, 1, 2, 3, 4, 5], "cam_channels": ["CAM_FRONT_LEFT", "CAM_FRONT", "CAM_FRONT_RIGHT", "CAM_BACK_LEFT", "CAM_BACK", "CAM_BACK_RIGHT"], "token": "44dc66483d58419083c8bd4b7324debc", "scene": "scene-0419"}, {"images": ["samples/CAM_FRONT_LEFT/n015-2018-09-27-15-33-17+0800__CAM_FRONT_LEFT__1538034044254844.jpg", "samples/CAM_FRONT/n015-2018-09-27-15-33-17+0800__CAM_FRONT__1538034044262460.jpg", "samples/CAM_FRONT_RIGHT/n015-2018-09-27-15-33-17+0800__CAM_FRONT_RIGHT__1538034044270339.jpg", "samples/CAM_BACK_LEFT/n015-2018-09-27-15-33-17+0800__CAM_BACK_LEFT__1538034044297423.jpg", "samples/CAM_BACK/n015-2018-09-27-15-33-17+0800__CAM_BACK__1538034044287525.jpg", "samples/CAM_BACK_RIGHT/n015-2018-09-27-15-33-17+0800__CAM_BACK_RIGHT__1538034044277893.jpg"], "intrinsics": [[[1272.5979470598488, 0.0, 826.6154927353808], [0.0, 1272.5979470598488, 479.75165386361925], [0.0, 0.0, 1.0]], [[1266.417203046554, 0.0, 816.2670197447984], [0.0, 1266.417203046554, 491.50706579294757], [0.0, 0.0, 1.0]], [[1260.8474446004698, 0.0, 807.968244525554], [0.0, 1260.8474446004698, 495.3344268742088], [0.0, 0.0, 1.0]], [[1256.7414812095406, 0.0, 792.1125740759628], [0.0, 1256.7414812095406, 492.7757465151356], [0.0, 0.0, 1.0]], [[809.2209905677063, 0.0, 829.2196003259838], [0.0, 809.2209905677063, 481.77842384512485], [0.0, 0.0, 1.0]], [[1259.5137405846733, 0.0, 807.2529053838625], [0.0, 1259.5137405846733, 501.19579884916527], [0.0, 0.0, 1.0]]], "extrinsics": [[[0.8197754621505737, -0.571779727935791, -0.03218849375844002, -0.69677734375], [-0.04656147211790085, -0.010525300167500973, -0.9988600015640259, 1.4930877685546875], [0.5707891583442688, 0.820339560508728, -0.03525129333138466, -1.095703125], [0.0, 0.0, 0.0, 1.0]], [[0.005754094570875168, -0.9998800158500671, 0.014379103668034077, 0.0084228515625], [-0.05210821330547333, -0.01465961616486311, -0.9985338449478149, 1.50653076171875], [0.998624861240387, 0.0049963947385549545, -0.05218631774187088, -1.423828125], [0.0, 0.0, 0.0, 1.0]], [[-0.8323913216590881, -0.5529114007949829, 0.037598200142383575, 0.8580322265625], [-0.04675501585006714, 0.0024624185170978308, -0.9989033341407776, 1.4938201904296875], [0.5522124767303467, -0.8332363963127136, -0.027901073917746544, -1.131591796875], [0.0, 0.0, 0.0, 1.0]], [[0.9467699527740479, 0.31861498951911926, -0.04594576731324196, -1.134033203125], [-0.039001695811748505, -0.028143545612692833, -0.998842716217041, 1.5882225036621094], [-0.3195393681526184, 0.9474663138389587, -0.014218940399587154, -0.106689453125], [0.0, 0.0, 0.0, 1.0]], [[0.002026800299063325, 0.9998315572738647, -0.018242591992020607, 0.002197265625], [-0.06407535821199417, -0.01807529851794243, -0.9977813363075256, 1.574127197265625], [-0.9979429841041565, 0.0031911975238472223, 0.06402792781591415, -0.079833984375], [0.0, 0.0, 0.0, 1.0]], [[-0.9343000650405884, 0.3553723096847534, 0.028173400089144707, 0.991943359375], [-0.031147614121437073, -0.0026495852507650852, -0.9995113015174866, 1.546661376953125], [-0.35512402653694153, -0.934721052646637, 0.013544508256018162, -0.1173095703125], [0.0, 0.0, 0.0, 1.0]]], "view": [[0.0, -2.0, 100.0], [-2.0, 0.0, 100.0], [0.0, 0.0, 1.0]], "bev": "bev_ee5ab200d6ab4df4ada31994a05a8484.png", "aux": "aux_ee5ab200d6ab4df4ada31994a05a8484.npz", "visibility": "visibility_ee5ab200d6ab4df4ada31994a05a8484.png", "pose": [[-0.33835580945014954, 0.9410182237625122, 0.0, 2452.40185546875], [-0.9410182237625122, -0.33835580945014954, 0.0, 2070.864501953125], [0.0, 0.0, 1.0, 0.0], [0.0, 0.0, 0.0, 1.0]], "pose_inverse": [[-0.33835580945014954, -0.9410182237625122, 0.0, 2778.505615234375], [0.9410182237625122, -0.33835580945014954, 0.0, -1607.0657958984375], [0.0, 0.0, 1.0, 0.0], [0.0, 0.0, 0.0, 1.0]], "cam_ids": [0, 1, 2, 3, 4, 5], "cam_channels": ["CAM_FRONT_LEFT", "CAM_FRONT", "CAM_FRONT_RIGHT", "CAM_BACK_LEFT", "CAM_BACK", "CAM_BACK_RIGHT"], "token": "ee5ab200d6ab4df4ada31994a05a8484", "scene": "scene-0419"}, {"images": ["samples/CAM_FRONT_LEFT/n015-2018-09-27-15-33-17+0800__CAM_FRONT_LEFT__1538034044754844.jpg", "samples/CAM_FRONT/n015-2018-09-27-15-33-17+0800__CAM_FRONT__1538034044762460.jpg", "samples/CAM_FRONT_RIGHT/n015-2018-09-27-15-33-17+0800__CAM_FRONT_RIGHT__1538034044770339.jpg", "samples/CAM_BACK_LEFT/n015-2018-09-27-15-33-17+0800__CAM_BACK_LEFT__1538034044797423.jpg", "samples/CAM_BACK/n015-2018-09-27-15-33-17+0800__CAM_BACK__1538034044787525.jpg", "samples/CAM_BACK_RIGHT/n015-2018-09-27-15-33-17+0800__CAM_BACK_RIGHT__1538034044777893.jpg"], "intrinsics": [[[1272.5979470598488, 0.0, 826.6154927353808], [0.0, 1272.5979470598488, 479.75165386361925], [0.0, 0.0, 1.0]], [[1266.417203046554, 0.0, 816.2670197447984], [0.0, 1266.417203046554, 491.50706579294757], [0.0, 0.0, 1.0]], [[1260.8474446004698, 0.0, 807.968244525554], [0.0, 1260.8474446004698, 495.3344268742088], [0.0, 0.0, 1.0]], [[1256.7414812095406, 0.0, 792.1125740759628], [0.0, 1256.7414812095406, 492.7757465151356], [0.0, 0.0, 1.0]], [[809.2209905677063, 0.0, 829.2196003259838], [0.0, 809.2209905677063, 481.77842384512485], [0.0, 0.0, 1.0]], [[1259.5137405846733, 0.0, 807.2529053838625], [0.0, 1259.5137405846733, 501.19579884916527], [0.0, 0.0, 1.0]]], "extrinsics": [[[0.8195788860321045, -0.5719671845436096, -0.03382451832294464, -0.7080078125], [-0.04428256303071976, -0.004374445881694555, -0.9990094304084778, 1.4944381713867188], [0.5712526440620422, 0.8202649354934692, -0.02891337126493454, -1.1041259765625], [0.0, 0.0, 0.0, 1.0]], [[0.005235391668975353, -0.9999532699584961, 0.008123713545501232, 0.0081787109375], [-0.049734536558389664, -0.00837414525449276, -0.9987273812294006, 1.5077743530273438], [0.998748779296875, 0.004824663512408733, -0.04977605119347572, -1.435791015625], [0.0, 0.0, 0.0, 1.0]], [[-0.8327592015266418, -0.5527105331420898, 0.03198693320155144, 0.86669921875], [-0.044270724058151245, 0.008888110518455505, -0.9989799857139587, 1.4947967529296875], [0.5518624782562256, -0.8333259224891663, -0.03187054768204689, -1.137451171875], [0.0, 0.0, 0.0, 1.0]], [[0.9469808340072632, 0.31864133477211, -0.04117131233215332, -1.13525390625], [-0.03626558557152748, -0.0213156770914793, -0.9991148710250854, 1.5882949829101562], [-0.3192368745803833, 0.9476356506347656, -0.008629824966192245, -0.10595703125], [0.0, 0.0, 0.0, 1.0]], [[0.002431941917166114, 0.9999306797981262, -0.011530071496963501, 0.0028076171875], [-0.061408255249261856, -0.011359011754393578, -0.9980480670928955, 1.574615478515625], [-0.9981098175048828, 0.0031352615915238857, 0.06137636676430702, -0.075439453125], [0.0, 0.0, 0.0, 1.0]], [[-0.934208869934082, 0.35561856627464294, 0.0280950665473938, 1.0], [-0.028571540489792824, 0.003913168329745531, -0.9995840787887573, 1.5472869873046875], [-0.3555806577205658, -0.9346230030059814, 0.006504855118691921, -0.11468505859375], [0.0, 0.0, 0.0, 1.0]]], "view": [[0.0, -2.0, 100.0], [-2.0, 0.0, 100.0], [0.0, 0.0, 1.0]], "bev": "bev_e70b19cfaa3249e08c6281ba1adadfc1.png", "aux": "aux_e70b19cfaa3249e08c6281ba1adadfc1.npz", "visibility": "visibility_e70b19cfaa3249e08c6281ba1adadfc1.png", "pose": [[-0.33431750535964966, 0.9424605369567871, 0.0, 2451.14990234375], [-0.9424605369567871, -0.33431750535964966, 0.0, 2067.436279296875], [0.0, 0.0, 1.0, 0.0], [0.0, 0.0, 0.0, 1.0]], "pose_inverse": [[-0.33431750535964966, -0.9424605369567871, 0.0, 2767.939453125], [0.9424605369567871, -0.33431750535964966, 0.0, -1618.931884765625], [0.0, 0.0, 1.0, 0.0], [0.0, 0.0, 0.0, 1.0]], "cam_ids": [0, 1, 2, 3, 4, 5], "cam_channels": ["CAM_FRONT_LEFT", "CAM_FRONT", "CAM_FRONT_RIGHT", "CAM_BACK_LEFT", "CAM_BACK", "CAM_BACK_RIGHT"], "token": "e70b19cfaa3249e08c6281ba1adadfc1", "scene": "scene-0419"}, {"images": ["samples/CAM_FRONT_LEFT/n015-2018-09-27-15-33-17+0800__CAM_FRONT_LEFT__1538034045254844.jpg", "samples/CAM_FRONT/n015-2018-09-27-15-33-17+0800__CAM_FRONT__1538034045262460.jpg", "samples/CAM_FRONT_RIGHT/n015-2018-09-27-15-33-17+0800__CAM_FRONT_RIGHT__1538034045270339.jpg", "samples/CAM_BACK_LEFT/n015-2018-09-27-15-33-17+0800__CAM_BACK_LEFT__1538034045297423.jpg", "samples/CAM_BACK/n015-2018-09-27-15-33-17+0800__CAM_BACK__1538034045287525.jpg", "samples/CAM_BACK_RIGHT/n015-2018-09-27-15-33-17+0800__CAM_BACK_RIGHT__1538034045277893.jpg"], "intrinsics": [[[1272.5979470598488, 0.0, 826.6154927353808], [0.0, 1272.5979470598488, 479.75165386361925], [0.0, 0.0, 1.0]], [[1266.417203046554, 0.0, 816.2670197447984], [0.0, 1266.417203046554, 491.50706579294757], [0.0, 0.0, 1.0]], [[1260.8474446004698, 0.0, 807.968244525554], [0.0, 1260.8474446004698, 495.3344268742088], [0.0, 0.0, 1.0]], [[1256.7414812095406, 0.0, 792.1125740759628], [0.0, 1256.7414812095406, 492.7757465151356], [0.0, 0.0, 1.0]], [[809.2209905677063, 0.0, 829.2196003259838], [0.0, 809.2209905677063, 481.77842384512485], [0.0, 0.0, 1.0]], [[1259.5137405846733, 0.0, 807.2529053838625], [0.0, 1259.5137405846733, 501.19579884916527], [0.0, 0.0, 1.0]]], "extrinsics": [[[0.8184989094734192, -0.5728960633277893, -0.04300625994801521, -0.720703125], [-0.05211516097187996, 0.0005090085323899984, -0.9986409544944763, 1.4927978515625], [0.572139322757721, 0.8196278810501099, -0.02943994477391243, -1.11279296875], [0.0, 0.0, 0.0, 1.0]], [[0.0039963810704648495, -0.9999863505363464, 0.00339133501984179, 0.0078125], [-0.0576518289744854, -0.0036161188036203384, -0.9983302354812622, 1.50640869140625], [0.998328685760498, 0.00379412854090333, -0.05766548588871956, -1.447509765625], [0.0, 0.0, 0.0, 1.0]], [[-0.833153486251831, -0.551861047744751, 0.03611987829208374, 0.8734130859375], [-0.052242983132600784, 0.013516386039555073, -0.9985429048538208, 1.4936065673828125], [0.5505687594413757, -0.83382648229599, -0.040092092007398605, -1.141845703125], [0.0, 0.0, 0.0, 1.0]], [[0.9467238783836365, 0.31852105259895325, -0.047520749270915985, -1.135986328125], [-0.04437337443232536, -0.01713426224887371, -0.9988680481910706, 1.588287353515625], [-0.31897470355033875, 0.9477609395980835, -0.0020875632762908936, -0.10595703125], [0.0, 0.0, 0.0, 1.0]], [[0.0030284076929092407, 0.9999696016311646, -0.007197038270533085, 0.002685546875], [-0.06948897242546082, -0.006969239097088575, -0.9975583553314209, 1.57421875], [-0.9975781440734863, 0.00352112646214664, 0.0694657415151596, -0.072021484375], [0.0, 0.0, 0.0, 1.0]], [[-0.9335909485816956, 0.3564038872718811, 0.03720533102750778, 1.00537109375], [-0.03661198168992996, 0.008413080126047134, -0.9992941617965698, 1.5463104248046875], [-0.35646533966064453, -0.9342941641807556, 0.005194277502596378, -0.1129150390625], [0.0, 0.0, 0.0, 1.0]]], "view": [[0.0, -2.0, 100.0], [-2.0, 0.0, 100.0], [0.0, 0.0, 1.0]], "bev": "bev_a99f37f6b51b4a619e2cc278e1e30ad9.png", "aux": "aux_a99f37f6b51b4a619e2cc278e1e30ad9.npz", "visibility": "visibility_a99f37f6b51b4a619e2cc278e1e30ad9.png", "pose": [[-0.3249983489513397, 0.9457145929336548, 0.0, 2449.99560546875], [-0.9457145929336548, -0.3249983489513397, 0.0, 2064.228759765625], [0.0, 0.0, 1.0, 0.0], [0.0, 0.0, 0.0, 1.0]], "pose_inverse": [[-0.3249983489513397, -0.9457145929336548, 0.0, 2748.415771484375], [0.9457145929336548, -0.3249983489513397, 0.0, -1646.1256103515625], [0.0, 0.0, 1.0, 0.0], [0.0, 0.0, 0.0, 1.0]], "cam_ids": [0, 1, 2, 3, 4, 5], "cam_channels": ["CAM_FRONT_LEFT", "CAM_FRONT", "CAM_FRONT_RIGHT", "CAM_BACK_LEFT", "CAM_BACK", "CAM_BACK_RIGHT"], "token": "a99f37f6b51b4a619e2cc278e1e30ad9", "scene": "scene-0419"}, {"images": ["samples/CAM_FRONT_LEFT/n015-2018-09-27-15-33-17+0800__CAM_FRONT_LEFT__1538034045654844.jpg", "samples/CAM_FRONT/n015-2018-09-27-15-33-17+0800__CAM_FRONT__1538034045662460.jpg", "samples/CAM_FRONT_RIGHT/n015-2018-09-27-15-33-17+0800__CAM_FRONT_RIGHT__1538034045670339.jpg", "samples/CAM_BACK_LEFT/n015-2018-09-27-15-33-17+0800__CAM_BACK_LEFT__1538034045697423.jpg", "samples/CAM_BACK/n015-2018-09-27-15-33-17+0800__CAM_BACK__1538034045687525.jpg", "samples/CAM_BACK_RIGHT/n015-2018-09-27-15-33-17+0800__CAM_BACK_RIGHT__1538034045677893.jpg"], "intrinsics": [[[1272.5979470598488, 0.0, 826.6154927353808], [0.0, 1272.5979470598488, 479.75165386361925], [0.0, 0.0, 1.0]], [[1266.417203046554, 0.0, 816.2670197447984], [0.0, 1266.417203046554, 491.50706579294757], [0.0, 0.0, 1.0]], [[1260.8474446004698, 0.0, 807.968244525554], [0.0, 1260.8474446004698, 495.3344268742088], [0.0, 0.0, 1.0]], [[1256.7414812095406, 0.0, 792.1125740759628], [0.0, 1256.7414812095406, 492.7757465151356], [0.0, 0.0, 1.0]], [[809.2209905677063, 0.0, 829.2196003259838], [0.0, 809.2209905677063, 481.77842384512485], [0.0, 0.0, 1.0]], [[1259.5137405846733, 0.0, 807.2529053838625], [0.0, 1259.5137405846733, 501.19579884916527], [0.0, 0.0, 1.0]]], "extrinsics": [[[0.8164184093475342, -0.5757544040679932, -0.0443609356880188, -0.734375], [-0.05792051926255226, -0.005213193595409393, -0.9983075857162476, 1.491943359375], [0.5745487213134766, 0.8176060914993286, -0.037604138255119324, -1.11944580078125], [0.0, 0.0, 0.0, 1.0]], [[0.0014519916148856282, -0.9999555945396423, 0.009310024790465832, 0.0062255859375], [-0.06308922171592712, -0.009383088909089565, -0.9979637861251831, 1.505950927734375], [0.9980068802833557, 0.0008616916020400822, -0.06310003995895386, -1.46142578125], [0.0, 0.0, 0.0, 1.0]], [[-0.8340290188789368, -0.5499929785728455, 0.04362756013870239, 0.883056640625], [-0.05726463347673416, 0.0076467739418148994, -0.998329758644104, 1.4933929443359375], [0.5487406849861145, -0.8351342678070068, -0.03787278011441231, -1.150390625], [0.0, 0.0, 0.0, 1.0]], [[0.9464293122291565, 0.31851837038993835, -0.0530807189643383, -1.140380859375], [-0.04811636731028557, -0.023439453914761543, -0.9985666871070862, 1.588470458984375], [-0.319305956363678, 0.9476268887519836, -0.006857843603938818, -0.104736328125], [0.0, 0.0, 0.0, 1.0]], [[0.0034934200812131166, 0.9999042749404907, -0.013390748761594296, 0.003173828125], [-0.0737265795469284, -0.01309684943407774, -0.9971925020217896, 1.5744781494140625], [-0.9972724318504333, 0.004470900632441044, 0.07367376238107681, -0.06396484375], [0.0, 0.0, 0.0, 1.0]], [[-0.932937502861023, 0.3578735888004303, 0.039422910660505295, 1.015625], [-0.04129590094089508, 0.0024105568882077932, -0.9991440176963806, 1.546112060546875], [-0.35766229033470154, -0.9337670207023621, 0.012529811821877956, -0.10992431640625], [0.0, 0.0, 0.0, 1.0]]], "view": [[0.0, -2.0, 100.0], [-2.0, 0.0, 100.0], [0.0, 0.0, 1.0]], "bev": "bev_f61c46983ab0414c81cb13ee46c2b424.png", "aux": "aux_f61c46983ab0414c81cb13ee46c2b424.npz", "visibility": "visibility_f61c46983ab0414c81cb13ee46c2b424.png", "pose": [[-0.2951505482196808, 0.9554507732391357, 0.0, 2449.146484375], [-0.9554507732391357, -0.2951505482196808, 0.0, 2061.700439453125], [0.0, 0.0, 1.0, 0.0], [0.0, 0.0, 0.0, 1.0]], "pose_inverse": [[-0.2951505482196808, -0.9554507732391357, 0.0, 2692.72021484375], [0.9554507732391357, -0.2951505482196808, 0.0, -1731.52685546875], [0.0, 0.0, 1.0, 0.0], [0.0, 0.0, 0.0, 1.0]], "cam_ids": [0, 1, 2, 3, 4, 5], "cam_channels": ["CAM_FRONT_LEFT", "CAM_FRONT", "CAM_FRONT_RIGHT", "CAM_BACK_LEFT", "CAM_BACK", "CAM_BACK_RIGHT"], "token": "f61c46983ab0414c81cb13ee46c2b424", "scene": "scene-0419"}, {"images": ["samples/CAM_FRONT_LEFT/n015-2018-09-27-15-33-17+0800__CAM_FRONT_LEFT__1538034046154844.jpg", "samples/CAM_FRONT/n015-2018-09-27-15-33-17+0800__CAM_FRONT__1538034046162460.jpg", "samples/CAM_FRONT_RIGHT/n015-2018-09-27-15-33-17+0800__CAM_FRONT_RIGHT__1538034046170339.jpg", "samples/CAM_BACK_LEFT/n015-2018-09-27-15-33-17+0800__CAM_BACK_LEFT__1538034046197423.jpg", "samples/CAM_BACK/n015-2018-09-27-15-33-17+0800__CAM_BACK__1538034046187525.jpg", "samples/CAM_BACK_RIGHT/n015-2018-09-27-15-33-17+0800__CAM_BACK_RIGHT__1538034046177893.jpg"], "intrinsics": [[[1272.5979470598488, 0.0, 826.6154927353808], [0.0, 1272.5979470598488, 479.75165386361925], [0.0, 0.0, 1.0]], [[1266.417203046554, 0.0, 816.2670197447984], [0.0, 1266.417203046554, 491.50706579294757], [0.0, 0.0, 1.0]], [[1260.8474446004698, 0.0, 807.968244525554], [0.0, 1260.8474446004698, 495.3344268742088], [0.0, 0.0, 1.0]], [[1256.7414812095406, 0.0, 792.1125740759628], [0.0, 1256.7414812095406, 492.7757465151356], [0.0, 0.0, 1.0]], [[809.2209905677063, 0.0, 829.2196003259838], [0.0, 809.2209905677063, 481.77842384512485], [0.0, 0.0, 1.0]], [[1259.5137405846733, 0.0, 807.2529053838625], [0.0, 1259.5137405846733, 501.19579884916527], [0.0, 0.0, 1.0]]], "extrinsics": [[[0.8137062191963196, -0.5802479386329651, -0.03456249460577965, -0.752197265625], [-0.0491790734231472, -0.009475594386458397, -0.9987450242042542, 1.49554443359375], [0.5791922211647034, 0.8143848180770874, -0.0362464003264904, -1.133148193359375], [0.0, 0.0, 0.0, 1.0]], [[-0.0028372141532599926, -0.9999029636383057, 0.0136407520622015, 0.0067138671875], [-0.05434286966919899, -0.013466482050716877, -0.9984315633773804, 1.5090408325195312], [0.9985182881355286, -0.0035740435123443604, -0.054299384355545044, -1.480712890625], [0.0, 0.0, 0.0, 1.0]], [[-0.8360641598701477, -0.5472803711891174, 0.03848094865679741, 0.896728515625], [-0.04843180999159813, 0.003757820464670658, -0.9988194108009338, 1.4957122802734375], [0.5464896559715271, -0.8369408249855042, -0.02964755892753601, -1.15771484375], [0.0, 0.0, 0.0, 1.0]], [[0.9467299580574036, 0.3187794089317322, -0.04562967270612717, -1.1405029296875], [-0.03929372876882553, -0.026281842961907387, -0.998881995677948, 1.5884933471679688], [-0.3196222484111786, 0.9474644660949707, -0.012355776503682137, -0.105712890625], [0.0, 0.0, 0.0, 1.0]], [[0.004465898033231497, 0.9998512864112854, -0.01666150614619255, 0.00244140625], [-0.06491118669509888, -0.016336685046553612, -0.9977573156356812, 1.57550048828125], [-0.9978809952735901, 0.005537392571568489, 0.06482856720685959, -0.057861328125], [0.0, 0.0, 0.0, 1.0]], [[-0.9325041174888611, 0.35992515087127686, 0.02983018197119236, 1.025634765625], [-0.03245501592755318, -0.0012502402532845736, -0.999472439289093, 1.5476303100585938], [-0.35969796776771545, -0.9329803586006165, 0.012847229838371277, -0.10467529296875], [0.0, 0.0, 0.0, 1.0]]], "view": [[0.0, -2.0, 100.0], [-2.0, 0.0, 100.0], [0.0, 0.0, 1.0]], "bev": "bev_438ab1314a8e417098b18ca403998c67.png", "aux": "aux_438ab1314a8e417098b18ca403998c67.npz", "visibility": "visibility_438ab1314a8e417098b18ca403998c67.png", "pose": [[-0.20541393756866455, 0.9786751866340637, 0.0, 2448.338134765625], [-0.9786751866340637, -0.20541393756866455, 0.0, 2058.710205078125], [0.0, 0.0, 1.0, 0.0], [0.0, 0.0, 0.0, 1.0]], "pose_inverse": [[-0.20541393756866455, -0.9786751866340637, 0.0, 2517.7314453125], [0.9786751866340637, -0.20541393756866455, 0.0, -1973.239990234375], [0.0, 0.0, 1.0, 0.0], [0.0, 0.0, 0.0, 1.0]], "cam_ids": [0, 1, 2, 3, 4, 5], "cam_channels": ["CAM_FRONT_LEFT", "CAM_FRONT", "CAM_FRONT_RIGHT", "CAM_BACK_LEFT", "CAM_BACK", "CAM_BACK_RIGHT"], "token": "438ab1314a8e417098b18ca403998c67", "scene": "scene-0419"}, {"images": ["samples/CAM_FRONT_LEFT/n015-2018-09-27-15-33-17+0800__CAM_FRONT_LEFT__1538034046654844.jpg", "samples/CAM_FRONT/n015-2018-09-27-15-33-17+0800__CAM_FRONT__1538034046662460.jpg", "samples/CAM_FRONT_RIGHT/n015-2018-09-27-15-33-17+0800__CAM_FRONT_RIGHT__1538034046670339.jpg", "samples/CAM_BACK_LEFT/n015-2018-09-27-15-33-17+0800__CAM_BACK_LEFT__1538034046697423.jpg", "samples/CAM_BACK/n015-2018-09-27-15-33-17+0800__CAM_BACK__1538034046687525.jpg", "samples/CAM_BACK_RIGHT/n015-2018-09-27-15-33-17+0800__CAM_BACK_RIGHT__1538034046677893.jpg"], "intrinsics": [[[1272.5979470598488, 0.0, 826.6154927353808], [0.0, 1272.5979470598488, 479.75165386361925], [0.0, 0.0, 1.0]], [[1266.417203046554, 0.0, 816.2670197447984], [0.0, 1266.417203046554, 491.50706579294757], [0.0, 0.0, 1.0]], [[1260.8474446004698, 0.0, 807.968244525554], [0.0, 1260.8474446004698, 495.3344268742088], [0.0, 0.0, 1.0]], [[1256.7414812095406, 0.0, 792.1125740759628], [0.0, 1256.7414812095406, 492.7757465151356], [0.0, 0.0, 1.0]], [[809.2209905677063, 0.0, 829.2196003259838], [0.0, 809.2209905677063, 481.77842384512485], [0.0, 0.0, 1.0]], [[1259.5137405846733, 0.0, 807.2529053838625], [0.0, 1259.5137405846733, 501.19579884916527], [0.0, 0.0, 1.0]]], "extrinsics": [[[0.8113683462142944, -0.5838189721107483, -0.028927093371748924, -0.765869140625], [-0.03575054928660393, -0.00016831113316584378, -0.9993607401847839, 1.4995574951171875], [0.583440899848938, 0.811883807182312, -0.021008413285017014, -1.14080810546875], [0.0, 0.0, 0.0, 1.0]], [[-0.006779875606298447, -0.9999666810035706, 0.0045453323982656, 0.00634765625], [-0.040998801589012146, -0.004263644572347403, -0.9991501569747925, 1.5123519897460938], [0.9991361498832703, -0.006960466504096985, -0.040968526154756546, -1.492919921875], [0.0, 0.0, 0.0, 1.0]], [[-0.8380312323570251, -0.5451596975326538, 0.022462567314505577, 0.90374755859375], [-0.0351228192448616, 0.012816720642149448, -0.9993007779121399, 1.498199462890625], [0.54449063539505, -0.8382341861724854, -0.02988835796713829, -1.1630859375], [0.0, 0.0, 0.0, 1.0]], [[0.947262167930603, 0.3189837336540222, -0.03071875311434269, -1.14013671875], [-0.026494521647691727, -0.01757444255053997, -0.9994944334030151, 1.588517189025879], [-0.3193623423576355, 0.9475972056388855, -0.008196283131837845, -0.107177734375], [0.0, 0.0, 0.0, 1.0]], [[0.00572399003431201, 0.9999532103538513, -0.007799962535500526, 0.002197265625], [-0.05193910002708435, -0.007492266595363617, -0.9986221790313721, 1.576446533203125], [-0.998633861541748, 0.006121228914707899, 0.05189377814531326, -0.053955078125], [0.0, 0.0, 0.0, 1.0]], [[-0.9320952892303467, 0.36161863803863525, 0.020743247121572495, 1.0322265625], [-0.019271327182650566, 0.007676787208765745, -0.9997848272323608, 1.5492897033691406], [-0.36170005798339844, -0.932294487953186, -0.00018662636284716427, -0.1026611328125], [0.0, 0.0, 0.0, 1.0]]], "view": [[0.0, -2.0, 100.0], [-2.0, 0.0, 100.0], [0.0, 0.0, 1.0]], "bev": "bev_3bf6f0df3f494c8aad14df94d6b4e5b8.png", "aux": "aux_3bf6f0df3f494c8aad14df94d6b4e5b8.npz", "visibility": "visibility_3bf6f0df3f494c8aad14df94d6b4e5b8.png", "pose": [[-0.05251593515276909, 0.9986200928688049, 0.0, 2447.9306640625], [-0.9986200928688049, -0.05251593515276909, 0.0, 2055.8388671875], [0.0, 0.0, 1.0, 0.0], [0.0, 0.0, 0.0, 1.0]], "pose_inverse": [[-0.05251593515276909, -0.9986200928688049, 0.0, 2181.557373046875], [0.9986200928688049, -0.05251593515276909, 0.0, -2336.58837890625], [0.0, 0.0, 1.0, 0.0], [0.0, 0.0, 0.0, 1.0]], "cam_ids": [0, 1, 2, 3, 4, 5], "cam_channels": ["CAM_FRONT_LEFT", "CAM_FRONT", "CAM_FRONT_RIGHT", "CAM_BACK_LEFT", "CAM_BACK", "CAM_BACK_RIGHT"], "token": "3bf6f0df3f494c8aad14df94d6b4e5b8", "scene": "scene-0419"}, {"images": ["samples/CAM_FRONT_LEFT/n015-2018-09-27-15-33-17+0800__CAM_FRONT_LEFT__1538034047154844.jpg", "samples/CAM_FRONT/n015-2018-09-27-15-33-17+0800__CAM_FRONT__1538034047162460.jpg", "samples/CAM_FRONT_RIGHT/n015-2018-09-27-15-33-17+0800__CAM_FRONT_RIGHT__1538034047170339.jpg", "samples/CAM_BACK_LEFT/n015-2018-09-27-15-33-17+0800__CAM_BACK_LEFT__1538034047197423.jpg", "samples/CAM_BACK/n015-2018-09-27-15-33-17+0800__CAM_BACK__1538034047187525.jpg", "samples/CAM_BACK_RIGHT/n015-2018-09-27-15-33-17+0800__CAM_BACK_RIGHT__1538034047177893.jpg"], "intrinsics": [[[1272.5979470598488, 0.0, 826.6154927353808], [0.0, 1272.5979470598488, 479.75165386361925], [0.0, 0.0, 1.0]], [[1266.417203046554, 0.0, 816.2670197447984], [0.0, 1266.417203046554, 491.50706579294757], [0.0, 0.0, 1.0]], [[1260.8474446004698, 0.0, 807.968244525554], [0.0, 1260.8474446004698, 495.3344268742088], [0.0, 0.0, 1.0]], [[1256.7414812095406, 0.0, 792.1125740759628], [0.0, 1256.7414812095406, 492.7757465151356], [0.0, 0.0, 1.0]], [[809.2209905677063, 0.0, 829.2196003259838], [0.0, 809.2209905677063, 481.77842384512485], [0.0, 0.0, 1.0]], [[1259.5137405846733, 0.0, 807.2529053838625], [0.0, 1259.5137405846733, 501.19579884916527], [0.0, 0.0, 1.0]]], "extrinsics": [[[0.8115111589431763, -0.5837697386741638, -0.025740230455994606, -0.77685546875], [-0.03635638579726219, -0.0064767636358737946, -0.9993178844451904, 1.4999313354492188], [0.5832048058509827, 0.8118934631347656, -0.026479722931981087, -1.149169921875], [0.0, 0.0, 0.0, 1.0]], [[-0.006454310845583677, -0.9999208450317383, 0.010799228213727474, 0.006591796875], [-0.04122482240200043, -0.01052420400083065, -0.9990944862365723, 1.5128135681152344], [0.999129056930542, -0.006893672980368137, -0.04115363210439682, -1.50439453125], [0.0, 0.0, 0.0, 1.0]], [[-0.83782958984375, -0.5453261137008667, 0.025708967819809914, 0.9115180969238281], [-0.034937597811222076, 0.006563110277056694, -0.9993679523468018, 1.4985580444335938], [0.5448126792907715, -0.8381982445716858, -0.02455115132033825, -1.16796875], [0.0, 0.0, 0.0, 1.0]], [[0.9472018480300903, 0.3191300928592682, -0.031058944761753082, -1.14239501953125], [-0.02467411197721958, -0.024031423032283783, -0.999406635761261, 1.5886001586914062], [-0.319687157869339, 0.9474061131477356, -0.014888355508446693, -0.1064453125], [0.0, 0.0, 0.0, 1.0]], [[0.005364309996366501, 0.9998853802680969, -0.014155559241771698, 0.00244140625], [-0.05072758346796036, -0.013865443877875805, -0.9986162781715393, 1.5767173767089844], [-0.9986981153488159, 0.006074967328459024, 0.050647392868995667, -0.050048828125], [0.0, 0.0, 0.0, 1.0]], [[-0.9322459101676941, 0.3613826036453247, 0.017895229160785675, 1.03857421875], [-0.018654432147741318, 0.0013879488687962294, -0.9998250007629395, 1.54949951171875], [-0.36134421825408936, -0.9324166178703308, 0.00544747756794095, -0.1002197265625], [0.0, 0.0, 0.0, 1.0]]], "view": [[0.0, -2.0, 100.0], [-2.0, 0.0, 100.0], [0.0, 0.0, 1.0]], "bev": "bev_5e807117cadd48c7a7c2faddb07de288.png", "aux": "aux_5e807117cadd48c7a7c2faddb07de288.npz", "visibility": "visibility_5e807117cadd48c7a7c2faddb07de288.png", "pose": [[0.1321648359298706, 0.9912277460098267, 0.0, 2448.02587890625], [-0.9912277460098267, 0.1321648359298706, 0.0, 2053.10693359375], [0.0, 0.0, 1.0, 0.0], [0.0, 0.0, 0.0, 1.0]], "pose_inverse": [[0.1321648359298706, -0.9912277460098267, 0.0, 1711.5535888671875], [0.9912277460098267, 0.1321648359298706, 0.0, -2697.899658203125], [0.0, 0.0, 1.0, 0.0], [0.0, 0.0, 0.0, 1.0]], "cam_ids": [0, 1, 2, 3, 4, 5], "cam_channels": ["CAM_FRONT_LEFT", "CAM_FRONT", "CAM_FRONT_RIGHT", "CAM_BACK_LEFT", "CAM_BACK", "CAM_BACK_RIGHT"], "token": "5e807117cadd48c7a7c2faddb07de288", "scene": "scene-0419"}, {"images": ["samples/CAM_FRONT_LEFT/n015-2018-09-27-15-33-17+0800__CAM_FRONT_LEFT__1538034047654844.jpg", "samples/CAM_FRONT/n015-2018-09-27-15-33-17+0800__CAM_FRONT__1538034047662460.jpg", "samples/CAM_FRONT_RIGHT/n015-2018-09-27-15-33-17+0800__CAM_FRONT_RIGHT__1538034047670339.jpg", "samples/CAM_BACK_LEFT/n015-2018-09-27-15-33-17+0800__CAM_BACK_LEFT__1538034047697423.jpg", "samples/CAM_BACK/n015-2018-09-27-15-33-17+0800__CAM_BACK__1538034047687525.jpg", "samples/CAM_BACK_RIGHT/n015-2018-09-27-15-33-17+0800__CAM_BACK_RIGHT__1538034047677893.jpg"], "intrinsics": [[[1272.5979470598488, 0.0, 826.6154927353808], [0.0, 1272.5979470598488, 479.75165386361925], [0.0, 0.0, 1.0]], [[1266.417203046554, 0.0, 816.2670197447984], [0.0, 1266.417203046554, 491.50706579294757], [0.0, 0.0, 1.0]], [[1260.8474446004698, 0.0, 807.968244525554], [0.0, 1260.8474446004698, 495.3344268742088], [0.0, 0.0, 1.0]], [[1256.7414812095406, 0.0, 792.1125740759628], [0.0, 1256.7414812095406, 492.7757465151356], [0.0, 0.0, 1.0]], [[809.2209905677063, 0.0, 829.2196003259838], [0.0, 809.2209905677063, 481.77842384512485], [0.0, 0.0, 1.0]], [[1259.5137405846733, 0.0, 807.2529053838625], [0.0, 1259.5137405846733, 501.19579884916527], [0.0, 0.0, 1.0]]], "extrinsics": [[[0.8135782480239868, -0.5812654495239258, -0.014859694987535477, -0.766357421875], [-0.02968401089310646, -0.01599789410829544, -0.9994312524795532, 1.501143455505371], [0.5806971788406372, 0.8135567307472229, -0.03026982955634594, -1.1429443359375], [0.0, 0.0, 0.0, 1.0]], [[-0.003785837208852172, -0.9997878074645996, 0.020246928557753563, 0.007080078125], [-0.03478250280022621, -0.02010316774249077, -0.9991927146911621, 1.5137062072753906], [0.9993876218795776, -0.004487007390707731, -0.03469901904463768, -1.494384765625], [0.0, 0.0, 0.0, 1.0]], [[-0.8367869257926941, -0.5469226837158203, 0.025749797001481056, 0.905517578125], [-0.02876761555671692, -0.0030473314691334963, -0.9995814561843872, 1.4992523193359375], [0.5467722415924072, -0.837177574634552, -0.013183695264160633, -1.163330078125], [0.0, 0.0, 0.0, 1.0]], [[0.9473364353179932, 0.31892111897468567, -0.029033642262220383, -1.14105224609375], [-0.019207460805773735, -0.03391324728727341, -0.9992401599884033, 1.5885772705078125], [-0.31966346502304077, 0.9471743106842041, -0.026001591235399246, -0.10595703125], [0.0, 0.0, 0.0, 1.0]], [[0.004594414494931698, 0.9997054934501648, -0.02383088879287243, 0.002197265625], [-0.04503222927451134, -0.023600123822689056, -0.9987067580223083, 1.5768280029296875], [-0.9989749789237976, 0.0056616151705384254, 0.044910531491041183, -0.0546875], [0.0, 0.0, 0.0, 1.0]], [[-0.932910144329071, 0.35999977588653564, 0.008869572542607784, 1.032470703125], [-0.012687252834439278, -0.008243096061050892, -0.9998855590820312, 1.5500612258911133], [-0.35988545417785645, -0.9329159259796143, 0.012257476337254047, -0.10205078125], [0.0, 0.0, 0.0, 1.0]]], "view": [[0.0, -2.0, 100.0], [-2.0, 0.0, 100.0], [0.0, 0.0, 1.0]], "bev": "bev_b9708f2f00364efc9802e2927478f22e.png", "aux": "aux_b9708f2f00364efc9802e2927478f22e.npz", "visibility": "visibility_b9708f2f00364efc9802e2927478f22e.png", "pose": [[0.29881221055984497, 0.9543119072914124, 0.0, 2448.629638671875], [-0.9543119072914124, 0.29881221055984497, 0.0, 2050.355224609375], [0.0, 0.0, 1.0, 0.0], [0.0, 0.0, 0.0, 1.0]], "pose_inverse": [[0.29881221055984497, -0.9543119072914124, 0.0, 1224.998046875], [0.9543119072914124, 0.29881221055984497, 0.0, -2949.427734375], [0.0, 0.0, 1.0, 0.0], [0.0, 0.0, 0.0, 1.0]], "cam_ids": [0, 1, 2, 3, 4, 5], "cam_channels": ["CAM_FRONT_LEFT", "CAM_FRONT", "CAM_FRONT_RIGHT", "CAM_BACK_LEFT", "CAM_BACK", "CAM_BACK_RIGHT"], "token": "b9708f2f00364efc9802e2927478f22e", "scene": "scene-0419"}, {"images": ["samples/CAM_FRONT_LEFT/n015-2018-09-27-15-33-17+0800__CAM_FRONT_LEFT__1538034048154844.jpg", "samples/CAM_FRONT/n015-2018-09-27-15-33-17+0800__CAM_FRONT__1538034048162460.jpg", "samples/CAM_FRONT_RIGHT/n015-2018-09-27-15-33-17+0800__CAM_FRONT_RIGHT__1538034048170339.jpg", "samples/CAM_BACK_LEFT/n015-2018-09-27-15-33-17+0800__CAM_BACK_LEFT__1538034048197423.jpg", "samples/CAM_BACK/n015-2018-09-27-15-33-17+0800__CAM_BACK__1538034048187525.jpg", "samples/CAM_BACK_RIGHT/n015-2018-09-27-15-33-17+0800__CAM_BACK_RIGHT__1538034048177893.jpg"], "intrinsics": [[[1272.5979470598488, 0.0, 826.6154927353808], [0.0, 1272.5979470598488, 479.75165386361925], [0.0, 0.0, 1.0]], [[1266.417203046554, 0.0, 816.2670197447984], [0.0, 1266.417203046554, 491.50706579294757], [0.0, 0.0, 1.0]], [[1260.8474446004698, 0.0, 807.968244525554], [0.0, 1260.8474446004698, 495.3344268742088], [0.0, 0.0, 1.0]], [[1256.7414812095406, 0.0, 792.1125740759628], [0.0, 1256.7414812095406, 492.7757465151356], [0.0, 0.0, 1.0]], [[809.2209905677063, 0.0, 829.2196003259838], [0.0, 809.2209905677063, 481.77842384512485], [0.0, 0.0, 1.0]], [[1259.5137405846733, 0.0, 807.2529053838625], [0.0, 1259.5137405846733, 501.19579884916527], [0.0, 0.0, 1.0]]], "extrinsics": [[[0.8166472315788269, -0.5771186351776123, 0.004621253814548254, -0.75], [-0.011356267146766186, -0.024074219167232513, -0.9996457099914551, 1.505401611328125], [0.5770253539085388, 0.8163054585456848, -0.026214057579636574, -1.13330078125], [0.0, 0.0, 0.0, 1.0]], [[-2.8721653507091105e-05, -0.9995988011360168, 0.02832363359630108, 0.008544921875], [-0.016617489978671074, -0.02831924520432949, -0.9994608163833618, 1.5170516967773438], [0.9998618960380554, -0.0004994259215891361, -0.016610009595751762, -1.47674560546875], [0.0, 0.0, 0.0, 1.0]], [[-0.8353867530822754, -0.5494491457939148, 0.015315967611968517, 0.8919677734375], [-0.010851779952645302, -0.01137255597859621, -0.9998764395713806, 1.5018463134765625], [0.5495553612709045, -0.835449755191803, 0.003537982702255249, -1.1533203125], [0.0, 0.0, 0.0, 1.0]], [[0.9477788209915161, 0.3185490369796753, -0.015553584322333336, -1.1356658935546875], [-0.002080475213006139, -0.0425918884575367, -0.9990903735160828, 1.5885772705078125], [-0.3189217150211334, 0.9469490051269531, -0.039704956114292145, -0.10693359375], [0.0, 0.0, 0.0, 1.0]], [[0.004003250505775213, 0.9994696378707886, -0.032318536192178726, 0.001953125], [-0.027565471827983856, -0.03219621628522873, -0.9991014003753662, 1.57757568359375], [-0.9996119737625122, 0.004890528041869402, 0.02742196060717106, -0.064453125], [0.0, 0.0, 0.0, 1.0]], [[-0.9337138533592224, 0.357860803604126, -0.010679907165467739, 1.0196533203125], [0.005052244756370783, -0.0166571456938982, -0.9998485445976257, 1.5521049499511719], [-0.3579844534397125, -0.9336263537406921, 0.01374500710517168, -0.10595703125], [0.0, 0.0, 0.0, 1.0]]], "view": [[0.0, -2.0, 100.0], [-2.0, 0.0, 100.0], [0.0, 0.0, 1.0]], "bev": "bev_af693f155c8f4051babbf54264c4daf0.png", "aux": "aux_af693f155c8f4051babbf54264c4daf0.npz", "visibility": "visibility_af693f155c8f4051babbf54264c4daf0.png", "pose": [[0.40672600269317627, 0.9135501980781555, 0.0, 2449.637451171875], [-0.9135501980781555, 0.40672600269317627, 0.0, 2047.6546630859375], [0.0, 0.0, 1.0, 0.0], [0.0, 0.0, 0.0, 1.0]], "pose_inverse": [[0.40672600269317627, -0.9135501980781555, 0.0, 874.3040161132812], [0.9135501980781555, 0.40672600269317627, 0.0, -3070.701171875], [0.0, 0.0, 1.0, 0.0], [0.0, 0.0, 0.0, 1.0]], "cam_ids": [0, 1, 2, 3, 4, 5], "cam_channels": ["CAM_FRONT_LEFT", "CAM_FRONT", "CAM_FRONT_RIGHT", "CAM_BACK_LEFT", "CAM_BACK", "CAM_BACK_RIGHT"], "token": "af693f155c8f4051babbf54264c4daf0", "scene": "scene-0419"}, {"images": ["samples/CAM_FRONT_LEFT/n015-2018-09-27-15-33-17+0800__CAM_FRONT_LEFT__1538034048654844.jpg", "samples/CAM_FRONT/n015-2018-09-27-15-33-17+0800__CAM_FRONT__1538034048662460.jpg", "samples/CAM_FRONT_RIGHT/n015-2018-09-27-15-33-17+0800__CAM_FRONT_RIGHT__1538034048670339.jpg", "samples/CAM_BACK_LEFT/n015-2018-09-27-15-33-17+0800__CAM_BACK_LEFT__1538034048697423.jpg", "samples/CAM_BACK/n015-2018-09-27-15-33-17+0800__CAM_BACK__1538034048687525.jpg", "samples/CAM_BACK_RIGHT/n015-2018-09-27-15-33-17+0800__CAM_BACK_RIGHT__1538034048677893.jpg"], "intrinsics": [[[1272.5979470598488, 0.0, 826.6154927353808], [0.0, 1272.5979470598488, 479.75165386361925], [0.0, 0.0, 1.0]], [[1266.417203046554, 0.0, 816.2670197447984], [0.0, 1266.417203046554, 491.50706579294757], [0.0, 0.0, 1.0]], [[1260.8474446004698, 0.0, 807.968244525554], [0.0, 1260.8474446004698, 495.3344268742088], [0.0, 0.0, 1.0]], [[1256.7414812095406, 0.0, 792.1125740759628], [0.0, 1256.7414812095406, 492.7757465151356], [0.0, 0.0, 1.0]], [[809.2209905677063, 0.0, 829.2196003259838], [0.0, 809.2209905677063, 481.77842384512485], [0.0, 0.0, 1.0]], [[1259.5137405846733, 0.0, 807.2529053838625], [0.0, 1259.5137405846733, 501.19579884916527], [0.0, 0.0, 1.0]]], "extrinsics": [[[0.8198593258857727, -0.5724202394485474, 0.012867094948887825, -0.74169921875], [-0.005713963881134987, -0.030651407316327095, -0.9995137453079224, 1.506805419921875], [0.5725363492965698, 0.8193872570991516, -0.028400633484125137, -1.1279296875], [0.0, 0.0, 0.0, 1.0]], [[0.004414062015712261, -0.9993868470191956, 0.03473339602351189, 0.00830078125], [-0.010875577107071877, -0.03477965667843819, -0.9993358254432678, 1.5181884765625], [0.9999310970306396, 0.00403339508920908, -0.01102242898195982, -1.46856689453125], [0.0, 0.0, 0.0, 1.0]], [[-0.8335235118865967, -0.55230712890625, 0.013976975344121456, 0.8870849609375], [-0.005058269947767258, -0.017668478190898895, -0.9998310804367065, 1.5027885437011719], [0.552460789680481, -0.8334534764289856, 0.011933375149965286, -1.150390625], [0.0, 0.0, 0.0, 1.0]], [[0.9477978348731995, 0.31866878271102905, -0.011375497095286846, -1.13372802734375], [0.004285747185349464, -0.04840162768959999, -0.9988186955451965, 1.588623046875], [-0.3188428580760956, 0.9466295838356018, -0.04724069684743881, -0.10693359375], [0.0, 0.0, 0.0, 1.0]], [[0.002873230492696166, 0.9992630481719971, -0.03827826306223869, 0.002197265625], [-0.021398667246103287, -0.038208216428756714, -0.9990406632423401, 1.5778961181640625], [-0.9997668862342834, 0.0036895524244755507, 0.021273113787174225, -0.06854248046875], [0.0, 0.0, 0.0, 1.0]], [[-0.934543311595