[{"images": ["samples/CAM_FRONT_LEFT/n008-2018-08-29-16-04-13-0400__CAM_FRONT_LEFT__1535573510004799.jpg", "samples/CAM_FRONT/n008-2018-08-29-16-04-13-0400__CAM_FRONT__1535573510012404.jpg", "samples/CAM_FRONT_RIGHT/n008-2018-08-29-16-04-13-0400__CAM_FRONT_RIGHT__1535573510020482.jpg", "samples/CAM_BACK_LEFT/n008-2018-08-29-16-04-13-0400__CAM_BACK_LEFT__1535573510047405.jpg", "samples/CAM_BACK/n008-2018-08-29-16-04-13-0400__CAM_BACK__1535573510037558.jpg", "samples/CAM_BACK_RIGHT/n008-2018-08-29-16-04-13-0400__CAM_BACK_RIGHT__1535573510028113.jpg"], "intrinsics": [[[1257.8625342125129, 0.0, 827.2410631095686], [0.0, 1257.8625342125129, 450.915498205774], [0.0, 0.0, 1.0]], [[1252.8131021185304, 0.0, 826.588114781398], [0.0, 1252.8131021185304, 469.9846626224581], [0.0, 0.0, 1.0]], [[1256.7485116440405, 0.0, 817.7887570959712], [0.0, 1256.7485116440403, 451.9541780095127], [0.0, 0.0, 1.0]], [[1254.9860565800168, 0.0, 829.5769333630991], [0.0, 1254.9860565800168, 467.1680561863987], [0.0, 0.0, 1.0]], [[796.8910634503094, 0.0, 857.7774326863696], [0.0, 796.8910634503094, 476.8848988407415], [0.0, 0.0, 1.0]], [[1249.9629280788233, 0.0, 825.3768045375984], [0.0, 1249.9629280788233, 462.54816385708756], [0.0, 0.0, 1.0]]], "extrinsics": [[[0.8217278718948364, -0.5698496699333191, -0.005890226457268, -0.7783203125], [0.010477066040039062, 0.025440558791160583, -0.9996213912963867, 1.4910850524902344], [0.5697838068008423, 0.8213551044464111, 0.02687556855380535, -1.179931640625], [0.0, 0.0, 0.0, 1.0]], [[0.009112800471484661, -0.9997343420982361, -0.021172018721699715, 0.0101318359375], [0.0121886245906353, 0.02128237672150135, -0.9996991753578186, 1.482879638671875], [0.9998841285705566, 0.008851976133883, 0.012379326857626438, -1.507415771484375], [0.0, 0.0, 0.0, 1.0]], [[-0.8444199562072754, -0.535163164138794, -0.02356325089931488, 0.94140625], [0.01995028182864189, 0.012538772076368332, -0.9997223019599915, 1.4965991973876953], [0.5353100299835205, -0.8446556329727173, 8.866525604389608e-05, -1.1806640625], [0.0, 0.0, 0.0, 1.0]], [[0.9479582905769348, 0.3183809220790863, 0.00294736260548234, -1.1336822509765625], [-0.0061739650554955006, 0.027636202052235603, -0.9995989799499512, 1.5619773864746094], [-0.31833475828170776, 0.9475598931312561, 0.028163639828562737, -0.1595458984375], [0.0, 0.0, 0.0, 1.0]], [[0.00961151160299778, 0.9997513294219971, 0.020123567432165146, -0.0289306640625], [-0.0038367221131920815, 0.0201612189412117, -0.9997893571853638, 1.5677604675292969], [-0.9999464750289917, 0.00953229982405901, 0.0040295482613146305, -0.0289306640625], [0.0, 0.0, 0.0, 1.0]], [[-0.9234590530395508, 0.38369375467300415, -0.0015501437010243535, 1.03857421875], [0.0006282750400714576, -0.002527934964746237, -0.9999966025352478, 1.547898769378662], [-0.38369637727737427, -0.9234568476676941, 0.002093380317091942, -0.0926513671875], [0.0, 0.0, 0.0, 1.0]]], "view": [[0.0, -2.0, 100.0], [-2.0, 0.0, 100.0], [0.0, 0.0, 1.0]], "bev": "bev_48fe06fbc34a4d509b0d5b25f0de2ea9.png", "aux": "aux_48fe06fbc34a4d509b0d5b25f0de2ea9.npz", "visibility": "visibility_48fe06fbc34a4d509b0d5b25f0de2ea9.png", "pose": [[-0.8431349992752075, -0.5377019047737122, 0.0, 532.0780029296875], [0.5377019047737122, -0.8431349992752075, 0.0, 1558.239990234375], [0.0, 0.0, 1.0, 0.0], [0.0, 0.0, 0.0, 1.0]], "pose_inverse": [[-0.8431349992752075, 0.5377019047737122, 0.0, -389.2550354003906], [-0.5377019047737122, -0.8431349992752075, 0.0, 1599.906005859375], [0.0, 0.0, 1.0, 0.0], [0.0, 0.0, 0.0, 1.0]], "cam_ids": [0, 1, 2, 3, 4, 5], "cam_channels": ["CAM_FRONT_LEFT", "CAM_FRONT", "CAM_FRONT_RIGHT", "CAM_BACK_LEFT", "CAM_BACK", "CAM_BACK_RIGHT"], "token": "48fe06fbc34a4d509b0d5b25f0de2ea9", "scene": "scene-0713"}, {"images": ["samples/CAM_FRONT_LEFT/n008-2018-08-29-16-04-13-0400__CAM_FRONT_LEFT__1535573510504799.jpg", "samples/CAM_FRONT/n008-2018-08-29-16-04-13-0400__CAM_FRONT__1535573510512404.jpg", "samples/CAM_FRONT_RIGHT/n008-2018-08-29-16-04-13-0400__CAM_FRONT_RIGHT__1535573510520482.jpg", "samples/CAM_BACK_LEFT/n008-2018-08-29-16-04-13-0400__CAM_BACK_LEFT__1535573510547405.jpg", "samples/CAM_BACK/n008-2018-08-29-16-04-13-0400__CAM_BACK__1535573510537558.jpg", "samples/CAM_BACK_RIGHT/n008-2018-08-29-16-04-13-0400__CAM_BACK_RIGHT__1535573510528113.jpg"], "intrinsics": [[[1257.8625342125129, 0.0, 827.2410631095686], [0.0, 1257.8625342125129, 450.915498205774], [0.0, 0.0, 1.0]], [[1252.8131021185304, 0.0, 826.588114781398], [0.0, 1252.8131021185304, 469.9846626224581], [0.0, 0.0, 1.0]], [[1256.7485116440405, 0.0, 817.7887570959712], [0.0, 1256.7485116440403, 451.9541780095127], [0.0, 0.0, 1.0]], [[1254.9860565800168, 0.0, 829.5769333630991], [0.0, 1254.9860565800168, 467.1680561863987], [0.0, 0.0, 1.0]], [[796.8910634503094, 0.0, 857.7774326863696], [0.0, 796.8910634503094, 476.8848988407415], [0.0, 0.0, 1.0]], [[1249.9629280788233, 0.0, 825.3768045375984], [0.0, 1249.9629280788233, 462.54816385708756], [0.0, 0.0, 1.0]]], "extrinsics": [[[0.821808397769928, -0.5697169303894043, -0.00731936888769269, -0.781494140625], [0.008116246201097965, 0.024550652131438255, -0.9996656179428101, 1.4904098510742188], [0.5697060823440552, 0.8214741945266724, 0.024799894541502, -1.1822509765625], [0.0, 0.0, 0.0, 1.0]], [[0.009211157448589802, -0.9997508525848389, -0.020330699160695076, 0.010009765625], [0.010107381269335747, 0.020423607900738716, -0.9997403621673584, 1.4823665618896484], [0.9999064803123474, 0.009003243409097195, 0.01029298733919859, -1.51171875], [0.0, 0.0, 0.0, 1.0]], [[-0.8443987965583801, -0.5352789759635925, -0.02161489427089691, 0.9453125], [0.01816633529961109, 0.011713916435837746, -0.9997663497924805, 1.4961986541748047], [0.5354070663452148, -0.8445940613746643, -0.00016716036770958453, -1.1832275390625], [0.0, 0.0, 0.0, 1.0]], [[0.9479042887687683, 0.31854942440986633, 0.001968881580978632, -1.1320037841796875], [-0.007025284226983786, 0.027083424851298332, -0.9996085166931152, 1.5619544982910156], [-0.3184780180454254, 0.9475192427635193, 0.027910394594073296, -0.16015625], [0.0, 0.0, 0.0, 1.0]], [[0.009540851227939129, 0.9997662901878357, 0.019401606172323227, -0.029052734375], [-0.004975305404514074, 0.019449710845947266, -0.9997984170913696, 1.5676994323730469], [-0.9999421238899231, 0.009442386217415333, 0.005159709136933088, -0.02569580078125], [0.0, 0.0, 0.0, 1.0]], [[-0.9234956502914429, 0.38360869884490967, -0.0004497807240113616, 1.0430908203125], [-0.0008928487077355385, -0.0033219270408153534, -0.9999940991401672, 1.5477027893066406], [-0.3836078643798828, -0.9234897494316101, 0.0034102899953722954, -0.091064453125], [0.0, 0.0, 0.0, 1.0]]], "view": [[0.0, -2.0, 100.0], [-2.0, 0.0, 100.0], [0.0, 0.0, 1.0]], "bev": "bev_8eba6f528fd84f41b7297350a4f0728d.png", "aux": "aux_8eba6f528fd84f41b7297350a4f0728d.npz", "visibility": "visibility_8eba6f528fd84f41b7297350a4f0728d.png", "pose": [[-0.850692629814148, -0.525663435459137, 0.0, 529.5081176757812], [0.525663435459137, -0.850692629814148, 0.0, 1559.8968505859375], [0.0, 0.0, 1.0, 0.0], [0.0, 0.0, 0.0, 1.0]], "pose_inverse": [[-0.850692629814148, 0.525663435459137, 0.0, -369.5321044921875], [-0.525663435459137, -0.850692629814148, 0.0, 1605.3358154296875], [0.0, 0.0, 1.0, 0.0], [0.0, 0.0, 0.0, 1.0]], "cam_ids": [0, 1, 2, 3, 4, 5], "cam_channels": ["CAM_FRONT_LEFT", "CAM_FRONT", "CAM_FRONT_RIGHT", "CAM_BACK_LEFT", "CAM_BACK", "CAM_BACK_RIGHT"], "token": "8eba6f528fd84f41b7297350a4f0728d", "scene": "scene-0713"}, {"images": ["samples/CAM_FRONT_LEFT/n008-2018-08-29-16-04-13-0400__CAM_FRONT_LEFT__1535573511004799.jpg", "samples/CAM_FRONT/n008-2018-08-29-16-04-13-0400__CAM_FRONT__1535573511012404.jpg", "samples/CAM_FRONT_RIGHT/n008-2018-08-29-16-04-13-0400__CAM_FRONT_RIGHT__1535573511020482.jpg", "samples/CAM_BACK_LEFT/n008-2018-08-29-16-04-13-0400__CAM_BACK_LEFT__1535573511047405.jpg", "samples/CAM_BACK/n008-2018-08-29-16-04-13-0400__CAM_BACK__1535573511037558.jpg", "samples/CAM_BACK_RIGHT/n008-2018-08-29-16-04-13-0400__CAM_BACK_RIGHT__1535573511028113.jpg"], "intrinsics": [[[1257.8625342125129, 0.0, 827.2410631095686], [0.0, 1257.8625342125129, 450.915498205774], [0.0, 0.0, 1.0]], [[1252.8131021185304, 0.0, 826.588114781398], [0.0, 1252.8131021185304, 469.9846626224581], [0.0, 0.0, 1.0]], [[1256.7485116440405, 0.0, 817.7887570959712], [0.0, 1256.7485116440403, 451.9541780095127], [0.0, 0.0, 1.0]], [[1254.9860565800168, 0.0, 829.5769333630991], [0.0, 1254.9860565800168, 467.1680561863987], [0.0, 0.0, 1.0]], [[796.8910634503094, 0.0, 857.7774326863696], [0.0, 796.8910634503094, 476.8848988407415], [0.0, 0.0, 1.0]], [[1249.9629280788233, 0.0, 825.3768045375984], [0.0, 1249.9629280788233, 462.54816385708756], [0.0, 0.0, 1.0]]], "extrinsics": [[[0.822181761264801, -0.569186270236969, -0.00663909874856472, -0.7808837890625], [0.009348147548735142, 0.025163261219859123, -0.999639630317688, 1.4907150268554688], [0.5691482424736023, 0.8218234777450562, 0.026009613648056984, -1.1832275390625], [0.0, 0.0, 0.0, 1.0]], [[0.009757069870829582, -0.999732255935669, -0.02098061889410019, 0.0111083984375], [0.011362149380147457, 0.021091105416417122, -0.9997130036354065, 1.4826469421386719], [0.9998878240585327, 0.009515865705907345, 0.011564893648028374, -1.510009765625], [0.0, 0.0, 0.0, 1.0]], [[-0.8441566824913025, -0.535599410533905, -0.023080894723534584, 0.94256591796875], [0.019440915435552597, 0.01244132500141859, -0.999733567237854, 1.4964818954467773], [0.5357439517974854, -0.8443804979324341, -8.988523768493906e-05, -1.1805419921875], [0.0, 0.0, 0.0, 1.0]], [[0.94791179895401, 0.31851720809936523, 0.003158793319016695, -1.1246490478515625], [-0.005928318481892347, 0.027556002140045166, -0.9996026754379272, 1.5619125366210938], [-0.31847766041755676, 0.9475164413452148, 0.02800893224775791, -0.1627197265625], [0.0, 0.0, 0.0, 1.0]], [[0.009384002536535263, 0.9997548460960388, 0.020054778084158897, -0.029296875], [-0.0038652701769024134, 0.02009177766740322, -0.999790608882904, 1.5677375793457031], [-0.9999484419822693, 0.009304560720920563, 0.004052863456308842, -0.032745361328125], [0.0, 0.0, 0.0, 1.0]], [[-0.9236037135124207, 0.383346289396286, -0.0013172804610803723, 1.0377197265625], [0.00035291723906993866, -0.0025859675370156765, -0.9999966025352478, 1.5478625297546387], [-0.3833482563495636, -0.9236010313034058, 0.0022531207650899887, -0.0924072265625], [0.0, 0.0, 0.0, 1.0]]], "view": [[0.0, -2.0, 100.0], [-2.0, 0.0, 100.0], [0.0, 0.0, 1.0]], "bev": "bev_1e7eb8765e664f8c96ff6eb24d021950.png", "aux": "aux_1e7eb8765e664f8c96ff6eb24d021950.npz", "visibility": "visibility_1e7eb8765e664f8c96ff6eb24d021950.png", "pose": [[-0.8570875525474548, -0.5151707530021667, 0.0, 527.0469360351562], [0.5151707530021667, -0.8570875525474548, 0.0, 1561.4339599609375], [0.0, 0.0, 1.0, 0.0], [0.0, 0.0, 0.0, 1.0]], "pose_inverse": [[-0.8570875525474548, 0.5151707530021667, 0.0, -352.67974853515625], [-0.5151707530021667, -0.8570875525474548, 0.0, 1609.8048095703125], [0.0, 0.0, 1.0, 0.0], [0.0, 0.0, 0.0, 1.0]], "cam_ids": [0, 1, 2, 3, 4, 5], "cam_channels": ["CAM_FRONT_LEFT", "CAM_FRONT", "CAM_FRONT_RIGHT", "CAM_BACK_LEFT", "CAM_BACK", "CAM_BACK_RIGHT"], "token": "1e7eb8765e664f8c96ff6eb24d021950", "scene": "scene-0713"}, {"images": ["samples/CAM_FRONT_LEFT/n008-2018-08-29-16-04-13-0400__CAM_FRONT_LEFT__1535573511504799.jpg", "samples/CAM_FRONT/n008-2018-08-29-16-04-13-0400__CAM_FRONT__1535573511512404.jpg", "samples/CAM_FRONT_RIGHT/n008-2018-08-29-16-04-13-0400__CAM_FRONT_RIGHT__1535573511520482.jpg", "samples/CAM_BACK_LEFT/n008-2018-08-29-16-04-13-0400__CAM_BACK_LEFT__1535573511547405.jpg", "samples/CAM_BACK/n008-2018-08-29-16-04-13-0400__CAM_BACK__1535573511537558.jpg", "samples/CAM_BACK_RIGHT/n008-2018-08-29-16-04-13-0400__CAM_BACK_RIGHT__1535573511528113.jpg"], "intrinsics": [[[1257.8625342125129, 0.0, 827.2410631095686], [0.0, 1257.8625342125129, 450.915498205774], [0.0, 0.0, 1.0]], [[1252.8131021185304, 0.0, 826.588114781398], [0.0, 1252.8131021185304, 469.9846626224581], [0.0, 0.0, 1.0]], [[1256.7485116440405, 0.0, 817.7887570959712], [0.0, 1256.7485116440403, 451.9541780095127], [0.0, 0.0, 1.0]], [[1254.9860565800168, 0.0, 829.5769333630991], [0.0, 1254.9860565800168, 467.1680561863987], [0.0, 0.0, 1.0]], [[796.8910634503094, 0.0, 857.7774326863696], [0.0, 796.8910634503094, 476.8848988407415], [0.0, 0.0, 1.0]], [[1249.9629280788233, 0.0, 825.3768045375984], [0.0, 1249.9629280788233, 462.54816385708756], [0.0, 0.0, 1.0]]], "extrinsics": [[[0.8225895166397095, -0.5685791969299316, -0.008008756674826145, -0.79541015625], [0.007668871898204088, 0.025175588205456734, -0.9996536374092102, 1.4901084899902344], [0.5685839056968689, 0.8222432136535645, 0.02506953850388527, -1.194091796875], [0.0, 0.0, 0.0, 1.0]], [[0.01032714918255806, -0.9997274279594421, -0.02093919925391674, 0.0113525390625], [0.009603369049727917, 0.021038509905338287, -0.9997325539588928, 1.482095718383789], [0.9999005794525146, 0.010123323649168015, 0.009818017482757568, -1.525177001953125], [0.0, 0.0, 0.0, 1.0]], [[-0.8439404368400574, -0.5360071659088135, -0.021466104313731194, 0.95294189453125], [0.01760338805615902, 0.01232247706502676, -0.9997690916061401, 1.4959421157836914], [0.5361480116844177, -0.8441235423088074, -0.0009638949995860457, -1.186279296875], [0.0, 0.0, 0.0, 1.0]], [[0.9478664994239807, 0.31866520643234253, 0.0012405914021655917, -1.127197265625], [-0.007872957736253738, 0.02730955183506012, -0.9995959997177124, 1.5618858337402344], [-0.3185703158378601, 0.9474737644195557, 0.028394648805260658, -0.162353515625], [0.0, 0.0, 0.0, 1.0]], [[0.00917924102395773, 0.9997615218162537, 0.019814126193523407, -0.02978515625], [-0.005742975976318121, 0.019867340102791786, -0.9997861385345459, 1.5676231384277344], [-0.999941349029541, 0.009063523262739182, 0.005923973396420479, -0.0272216796875], [0.0, 0.0, 0.0, 1.0]], [[-0.9237428903579712, 0.38301289081573486, 0.00032167320023290813, 1.0458984375], [-0.0014998167753219604, -0.0027773831970989704, -0.9999949932098389, 1.5476353168487549], [-0.3830100893974304, -0.9237387776374817, 0.0031400371808558702, -0.0887451171875], [0.0, 0.0, 0.0, 1.0]]], "view": [[0.0, -2.0, 100.0], [-2.0, 0.0, 100.0], [0.0, 0.0, 1.0]], "bev": "bev_7322db70daa84f86be6f4a5f11bca0bc.png", "aux": "aux_7322db70daa84f86be6f4a5f11bca0bc.npz", "visibility": "visibility_7322db70daa84f86be6f4a5f11bca0bc.png", "pose": [[-0.85831618309021, -0.5131211280822754, 0.0, 524.6751098632812], [0.5131211280822754, -0.85831618309021, 0.0, 1562.9039306640625], [0.0, 0.0, 1.0, 0.0], [0.0, 0.0, 0.0, 1.0]], "pose_inverse": [[-0.85831618309021, 0.5131211280822754, 0.0, -351.6219177246094], [-0.5131211280822754, -0.85831618309021, 0.0, 1610.6876220703125], [0.0, 0.0, 1.0, 0.0], [0.0, 0.0, 0.0, 1.0]], "cam_ids": [0, 1, 2, 3, 4, 5], "cam_channels": ["CAM_FRONT_LEFT", "CAM_FRONT", "CAM_FRONT_RIGHT", "CAM_BACK_LEFT", "CAM_BACK", "CAM_BACK_RIGHT"], "token": "7322db70daa84f86be6f4a5f11bca0bc", "scene": "scene-0713"}, {"images": ["samples/CAM_FRONT_LEFT/n008-2018-08-29-16-04-13-0400__CAM_FRONT_LEFT__1535573512004799.jpg", "samples/CAM_FRONT/n008-2018-08-29-16-04-13-0400__CAM_FRONT__1535573512012404.jpg", "samples/CAM_FRONT_RIGHT/n008-2018-08-29-16-04-13-0400__CAM_FRONT_RIGHT__1535573512020482.jpg", "samples/CAM_BACK_LEFT/n008-2018-08-29-16-04-13-0400__CAM_BACK_LEFT__1535573512047405.jpg", "samples/CAM_BACK/n008-2018-08-29-16-04-13-0400__CAM_BACK__1535573512037558.jpg", "samples/CAM_BACK_RIGHT/n008-2018-08-29-16-04-13-0400__CAM_BACK_RIGHT__1535573512028113.jpg"], "intrinsics": [[[1257.8625342125129, 0.0, 827.2410631095686], [0.0, 1257.8625342125129, 450.915498205774], [0.0, 0.0, 1.0]], [[1252.8131021185304, 0.0, 826.588114781398], [0.0, 1252.8131021185304, 469.9846626224581], [0.0, 0.0, 1.0]], [[1256.7485116440405, 0.0, 817.7887570959712], [0.0, 1256.7485116440403, 451.9541780095127], [0.0, 0.0, 1.0]], [[1254.9860565800168, 0.0, 829.5769333630991], [0.0, 1254.9860565800168, 467.1680561863987], [0.0, 0.0, 1.0]], [[796.8910634503094, 0.0, 857.7774326863696], [0.0, 796.8910634503094, 476.8848988407415], [0.0, 0.0, 1.0]], [[1249.9629280788233, 0.0, 825.3768045375984], [0.0, 1249.9629280788233, 462.54816385708756], [0.0, 0.0, 1.0]]], "extrinsics": [[[0.8222880959510803, -0.5690381526947021, -0.006148932967334986, -0.8057861328125], [0.008012386038899422, 0.022381071001291275, -0.9997173547744751, 1.4901580810546875], [0.5690150260925293, 0.8220064043998718, 0.022963041439652443, -1.1988525390625], [0.0, 0.0, 0.0, 1.0]], [[0.009887483902275562, -0.9997850060462952, -0.018228203058242798, 0.0098876953125], [0.009811321273446083, 0.018325215205550194, -0.9997839331626892, 1.4820804595947266], [0.9999028444290161, 0.009706544689834118, 0.00999040063470602, -1.534698486328125], [0.0, 0.0, 0.0, 1.0]], [[-0.8441256284713745, -0.5357681512832642, -0.02011062763631344, 0.9586181640625], [0.017666637897491455, 0.009693899191915989, -0.9997969269752502, 1.4958391189575195], [0.5358542799949646, -0.8443095088005066, 0.0012823512079194188, -1.1915283203125], [0.0, 0.0, 0.0, 1.0]], [[0.9479286670684814, 0.3184819519519806, 0.0007775472477078438, -1.127532958984375], [-0.007595465984195471, 0.025047704577445984, -0.999657392501831, 1.5619087219238281], [-0.318392276763916, 0.9475979208946228, 0.02616245672106743, -0.1617431640625], [0.0, 0.0, 0.0, 1.0]], [[0.009368892759084702, 0.9998047351837158, 0.017396265640854836, -0.029052734375], [-0.005496943835169077, 0.017448261380195618, -0.9998326301574707, 1.5676727294921875], [-0.9999410510063171, 0.009271617978811264, 0.005659341346472502, -0.023712158203125], [0.0, 0.0, 0.0, 1.0]], [[-0.9236441254615784, 0.38325023651123047, -0.000768435827922076, 1.05181884765625], [-0.0013740260619670153, -0.005316463299095631, -0.9999849200248718, 1.5476593971252441], [-0.38324853777885437, -0.9236292243003845, 0.005437116604298353, -0.087158203125], [0.0, 0.0, 0.0, 1.0]]], "view": [[0.0, -2.0, 100.0], [-2.0, 0.0, 100.0], [0.0, 0.0, 1.0]], "bev": "bev_79cf16dade414898b3b55ff78f26b074.png", "aux": "aux_79cf16dade414898b3b55ff78f26b074.npz", "visibility": "visibility_79cf16dade414898b3b55ff78f26b074.png", "pose": [[-0.8604304194450378, -0.50956791639328, 0.0, 522.3327026367188], [0.50956791639328, -0.8604304194450378, 0.0, 1564.3321533203125], [0.0, 0.0, 1.0, 0.0], [0.0, 0.0, 0.0, 1.0]], "pose_inverse": [[-0.8604304194450378, 0.50956791639328, 0.0, -347.7025146484375], [-0.50956791639328, -0.8604304194450378, 0.0, 1612.1629638671875], [0.0, 0.0, 1.0, 0.0], [0.0, 0.0, 0.0, 1.0]], "cam_ids": [0, 1, 2, 3, 4, 5], "cam_channels": ["CAM_FRONT_LEFT", "CAM_FRONT", "CAM_FRONT_RIGHT", "CAM_BACK_LEFT", "CAM_BACK", "CAM_BACK_RIGHT"], "token": "79cf16dade414898b3b55ff78f26b074", "scene": "scene-0713"}, {"images": ["samples/CAM_FRONT_LEFT/n008-2018-08-29-16-04-13-0400__CAM_FRONT_LEFT__1535573512504799.jpg", "samples/CAM_FRONT/n008-2018-08-29-16-04-13-0400__CAM_FRONT__1535573512512404.jpg", "samples/CAM_FRONT_RIGHT/n008-2018-08-29-16-04-13-0400__CAM_FRONT_RIGHT__1535573512520482.jpg", "samples/CAM_BACK_LEFT/n008-2018-08-29-16-04-13-0400__CAM_BACK_LEFT__1535573512547405.jpg", "samples/CAM_BACK/n008-2018-08-29-16-04-13-0400__CAM_BACK__1535573512537558.jpg", "samples/CAM_BACK_RIGHT/n008-2018-08-29-16-04-13-0400__CAM_BACK_RIGHT__1535573512528113.jpg"], "intrinsics": [[[1257.8625342125129, 0.0, 827.2410631095686], [0.0, 1257.8625342125129, 450.915498205774], [0.0, 0.0, 1.0]], [[1252.8131021185304, 0.0, 826.588114781398], [0.0, 1252.8131021185304, 469.9846626224581], [0.0, 0.0, 1.0]], [[1256.7485116440405, 0.0, 817.7887570959712], [0.0, 1256.7485116440403, 451.9541780095127], [0.0, 0.0, 1.0]], [[1254.9860565800168, 0.0, 829.5769333630991], [0.0, 1254.9860565800168, 467.1680561863987], [0.0, 0.0, 1.0]], [[796.8910634503094, 0.0, 857.7774326863696], [0.0, 796.8910634503094, 476.8848988407415], [0.0, 0.0, 1.0]], [[1249.9629280788233, 0.0, 825.3768045375984], [0.0, 1249.9629280788233, 462.54816385708756], [0.0, 0.0, 1.0]]], "extrinsics": [[[0.8225398659706116, -0.5686936378479004, -0.0039671496488153934, -0.81201171875], [0.012151991948485374, 0.02454952523112297, -0.9996247291564941, 1.4910621643066406], [0.5685777068138123, 0.8221830129623413, 0.027103722095489502, -1.203125], [0.0, 0.0, 0.0, 1.0]], [[0.010315481573343277, -0.9997410774230957, -0.02028275653719902, 0.009765625], [0.014412237331271172, 0.020430374890565872, -0.9996874332427979, 1.4829063415527344], [0.9998429417610168, 0.010019956156611443, 0.014619254507124424, -1.5413818359375], [0.0, 0.0, 0.0, 1.0]], [[-0.8438687324523926, -0.5359432101249695, -0.02550121396780014, 0.96380615234375], [0.022757910192012787, 0.011732892133295536, -0.9996721148490906, 1.4964981079101562], [0.5360668301582336, -0.8441725373268127, 0.0022959262132644653, -1.19482421875], [0.0, 0.0, 0.0, 1.0]], [[0.9478773474693298, 0.3185613751411438, 0.006865217350423336, -1.1339263916015625], [-0.0018535376293584704, 0.027057955041527748, -0.9996321797370911, 1.56201171875], [-0.3186299204826355, 0.9475159049034119, 0.02623808942735195, -0.1597900390625], [0.0, 0.0, 0.0, 1.0]], [[0.009144392795860767, 0.9997689723968506, 0.019452359527349472, -0.0291748046875], [-2.812457751133479e-06, 0.019453197717666626, -0.9998107552528381, 1.568044662475586], [-0.9999582171440125, 0.009142636321485043, 0.0001806996442610398, -0.018218994140625], [0.0, 0.0, 0.0, 1.0]], [[-0.9237015843391418, 0.38308122754096985, -0.0049031758680939674, 1.05706787109375], [0.003933204337954521, -0.0033152326941490173, -0.9999867677688599, 1.5482549667358398], [-0.3830924332141876, -0.9237086176872253, 0.001555548864416778, -0.08544921875], [0.0, 0.0, 0.0, 1.0]]], "view": [[0.0, -2.0, 100.0], [-2.0, 0.0, 100.0], [0.0, 0.0, 1.0]], "bev": "bev_c0b2e98577694a1eb47b3f4bc6fe3e01.png", "aux": "aux_c0b2e98577694a1eb47b3f4bc6fe3e01.npz", "visibility": "visibility_c0b2e98577694a1eb47b3f4bc6fe3e01.png", "pose": [[-0.8616241216659546, -0.5075469017028809, 0.0, 520.112060546875], [0.5075469017028809, -0.8616241216659546, 0.0, 1565.67626953125], [0.0, 0.0, 1.0, 0.0], [0.0, 0.0, 0.0, 1.0]], "pose_inverse": [[-0.8616241216659546, 0.5075469017028809, 0.0, -346.5130310058594], [-0.5075469017028809, -0.8616241216659546, 0.0, 1613.0057373046875], [0.0, 0.0, 1.0, 0.0], [0.0, 0.0, 0.0, 1.0]], "cam_ids": [0, 1, 2, 3, 4, 5], "cam_channels": ["CAM_FRONT_LEFT", "CAM_FRONT", "CAM_FRONT_RIGHT", "CAM_BACK_LEFT", "CAM_BACK", "CAM_BACK_RIGHT"], "token": "c0b2e98577694a1eb47b3f4bc6fe3e01", "scene": "scene-0713"}, {"images": ["samples/CAM_FRONT_LEFT/n008-2018-08-29-16-04-13-0400__CAM_FRONT_LEFT__1535573513004799.jpg", "samples/CAM_FRONT/n008-2018-08-29-16-04-13-0400__CAM_FRONT__1535573513012404.jpg", "samples/CAM_FRONT_RIGHT/n008-2018-08-29-16-04-13-0400__CAM_FRONT_RIGHT__1535573513020542.jpg", "samples/CAM_BACK_LEFT/n008-2018-08-29-16-04-13-0400__CAM_BACK_LEFT__1535573513047405.jpg", "samples/CAM_BACK/n008-2018-08-29-16-04-13-0400__CAM_BACK__1535573513037558.jpg", "samples/CAM_BACK_RIGHT/n008-2018-08-29-16-04-13-0400__CAM_BACK_RIGHT__1535573513028113.jpg"], "intrinsics": [[[1257.8625342125129, 0.0, 827.2410631095686], [0.0, 1257.8625342125129, 450.915498205774], [0.0, 0.0, 1.0]], [[1252.8131021185304, 0.0, 826.588114781398], [0.0, 1252.8131021185304, 469.9846626224581], [0.0, 0.0, 1.0]], [[1256.7485116440405, 0.0, 817.7887570959712], [0.0, 1256.7485116440403, 451.9541780095127], [0.0, 0.0, 1.0]], [[1254.9860565800168, 0.0, 829.5769333630991], [0.0, 1254.9860565800168, 467.1680561863987], [0.0, 0.0, 1.0]], [[796.8910634503094, 0.0, 857.7774326863696], [0.0, 796.8910634503094, 476.8848988407415], [0.0, 0.0, 1.0]], [[1249.9629280788233, 0.0, 825.3768045375984], [0.0, 1249.9629280788233, 462.54816385708756], [0.0, 0.0, 1.0]]], "extrinsics": [[[0.8224795460700989, -0.5687941908836365, -0.0007273695664480329, -0.793701171875], [0.016341863200068474, 0.024908654391765594, -0.9995561242103577, 1.4923896789550781], [0.5685598850250244, 0.8221027255058289, 0.029782013967633247, -1.1907958984375], [0.0, 0.0, 0.0, 1.0]], [[0.010300724767148495, -0.9997358322143555, -0.020546257495880127, 0.010009765625], [0.01815454289317131, 0.020730935037136078, -0.999620258808136, 1.4839553833007812], [0.9997822046279907, 0.009923825971782207, 0.018363289535045624, -1.523406982421875], [0.0, 0.0, 0.0, 1.0]], [[-0.8438057899475098, -0.5358967781066895, -0.028397822752594948, 0.95281982421875], [0.026038140058517456, 0.011970637366175652, -0.9995892643928528, 1.4973344802856445], [0.536016583442688, -0.8441987037658691, 0.0038528605364263058, -1.187744140625], [0.0, 0.0, 0.0, 1.0]], [[0.9478526711463928, 0.31858211755752563, 0.00898954551666975, -1.135284423828125], [0.0003678225912153721, 0.027112623676657677, -0.9996322989463806, 1.5620460510253906], [-0.3187086880207062, 0.9475074410438538, 0.025581590831279755, -0.1590576171875], [0.0, 0.0, 0.0, 1.0]], [[0.00906912051141262, 0.9997672438621521, 0.019575566053390503, -0.0291748046875], [0.002678811550140381, 0.01955200918018818, -0.999805212020874, 1.5682201385498047], [-0.9999552369117737, 0.00911980401724577, -0.0025008695665746927, -0.022247314453125], [0.0, 0.0, 0.0, 1.0]], [[-0.9236800670623779, 0.3830878436565399, -0.007658686954528093, 1.04833984375], [0.006986818742007017, -0.0031451708637177944, -0.9999706149101257, 1.5486602783203125], [-0.3831007480621338, -0.9237064719200134, 0.00022856643772684038, -0.088623046875], [0.0, 0.0, 0.0, 1.0]]], "view": [[0.0, -2.0, 100.0], [-2.0, 0.0, 100.0], [0.0, 0.0, 1.0]], "bev": "bev_ff937ef063d44e978be15260fbf574f3.png", "aux": "aux_ff937ef063d44e978be15260fbf574f3.npz", "visibility": "visibility_ff937ef063d44e978be15260fbf574f3.png", "pose": [[-0.863197922706604, -0.5048656463623047, 0.0, 517.7476196289062], [0.5048656463623047, -0.863197922706604, 0.0, 1567.0892333984375], [0.0, 0.0, 1.0, 0.0], [0.0, 0.0, 0.0, 1.0]], "pose_inverse": [[-0.863197922706604, 0.5048656463623047, 0.0, -344.2508850097656], [-0.5048656463623047, -0.863197922706604, 0.0, 1614.1011962890625], [0.0, 0.0, 1.0, 0.0], [0.0, 0.0, 0.0, 1.0]], "cam_ids": [0, 1, 2, 3, 4, 5], "cam_channels": ["CAM_FRONT_LEFT", "CAM_FRONT", "CAM_FRONT_RIGHT", "CAM_BACK_LEFT", "CAM_BACK", "CAM_BACK_RIGHT"], "token": "ff937ef063d44e978be15260fbf574f3", "scene": "scene-0713"}, {"images": ["samples/CAM_FRONT_LEFT/n008-2018-08-29-16-04-13-0400__CAM_FRONT_LEFT__1535573513504929.jpg", "samples/CAM_FRONT/n008-2018-08-29-16-04-13-0400__CAM_FRONT__1535573513512404.jpg", "samples/CAM_FRONT_RIGHT/n008-2018-08-29-16-04-13-0400__CAM_FRONT_RIGHT__1535573513520482.jpg", "samples/CAM_BACK_LEFT/n008-2018-08-29-16-04-13-0400__CAM_BACK_LEFT__1535573513547405.jpg", "samples/CAM_BACK/n008-2018-08-29-16-04-13-0400__CAM_BACK__1535573513537558.jpg", "samples/CAM_BACK_RIGHT/n008-2018-08-29-16-04-13-0400__CAM_BACK_RIGHT__1535573513528113.jpg"], "intrinsics": [[[1257.8625342125129, 0.0, 827.2410631095686], [0.0, 1257.8625342125129, 450.915498205774], [0.0, 0.0, 1.0]], [[1252.8131021185304, 0.0, 826.588114781398], [0.0, 1252.8131021185304, 469.9846626224581], [0.0, 0.0, 1.0]], [[1256.7485116440405, 0.0, 817.7887570959712], [0.0, 1256.7485116440403, 451.9541780095127], [0.0, 0.0, 1.0]], [[1254.9860565800168, 0.0, 829.5769333630991], [0.0, 1254.9860565800168, 467.1680561863987], [0.0, 0.0, 1.0]], [[796.8910634503094, 0.0, 857.7774326863696], [0.0, 796.8910634503094, 476.8848988407415], [0.0, 0.0, 1.0]], [[1249.9629280788233, 0.0, 825.3768045375984], [0.0, 1249.9629280788233, 462.54816385708756], [0.0, 0.0, 1.0]]], "extrinsics": [[[0.8226361870765686, -0.5685638785362244, -0.0021992777474224567, -0.7625732421875], [0.014000502415001392, 0.024123482406139374, -0.999610960483551, 1.4923362731933594], [0.568395733833313, 0.8222852945327759, 0.027805032208561897, -1.1688232421875], [0.0, 0.0, 0.0, 1.0]], [[0.01048206351697445, -0.9997479915618896, -0.01985321193933487, 0.0101318359375], [0.01603349670767784, 0.020019790157675743, -0.9996710419654846, 1.4840145111083984], [0.9998165369033813, 0.01016034372150898, 0.016239304095506668, -1.4923095703125], [0.0, 0.0, 0.0, 1.0]], [[-0.8437769412994385, -0.5360414981842041, -0.026456031948328018, 0.93304443359375], [0.024139316752552986, 0.011339462362229824, -0.9996442794799805, 1.4975910186767578], [0.5361508131027222, -0.8441154360771179, 0.0033716983161866665, -1.175537109375], [0.0, 0.0, 0.0, 1.0]], [[0.9477850198745728, 0.3188347816467285, 0.006924730259925127, -1.13873291015625], [-0.0016457234742119908, 0.02660331502556801, -0.9996446967124939, 1.5620155334472656], [-0.318905770778656, 0.9474368691444397, 0.02573893778026104, -0.1585693359375], [0.0, 0.0, 0.0, 1.0]], [[0.009001052007079124, 0.9997780919075012, 0.01904500275850296, -0.029052734375], [0.0006490920204669237, 0.019039927050471306, -0.9998185038566589, 1.568094253540039], [-0.9999592900276184, 0.00901176780462265, -0.000477570021757856, -0.02801513671875], [0.0, 0.0, 0.0, 1.0]], [[-0.9237248301506042, 0.3830089569091797, -0.006039617583155632, 1.03424072265625], [0.005001843441277742, -0.003705328330397606, -0.999980628490448, 1.5484986305236816], [-0.3830239176750183, -0.9237371683120728, 0.0015069538494572043, -0.0948486328125], [0.0, 0.0, 0.0, 1.0]]], "view": [[0.0, -2.0, 100.0], [-2.0, 0.0, 100.0], [0.0, 0.0, 1.0]], "bev": "bev_333872cfb6764820bfa0efd47ad8a72d.png", "aux": "aux_333872cfb6764820bfa0efd47ad8a72d.npz", "visibility": "visibility_333872cfb6764820bfa0efd47ad8a72d.png", "pose": [[-0.864027202129364, -0.5034450888633728, 0.0, 514.988525390625], [0.5034450888633728, -0.864027202129364, 0.0, 1568.7320556640625], [0.0, 0.0, 1.0, 0.0], [0.0, 0.0, 0.0, 1.0]], "pose_inverse": [[-0.864027202129364, 0.5034450888633728, 0.0, -344.80633544921875], [-0.5034450888633728, -0.864027202129364, 0.0, 1614.6956787109375], [0.0, 0.0, 1.0, 0.0], [0.0, 0.0, 0.0, 1.0]], "cam_ids": [0, 1, 2, 3, 4, 5], "cam_channels": ["CAM_FRONT_LEFT", "CAM_FRONT", "CAM_FRONT_RIGHT", "CAM_BACK_LEFT", "CAM_BACK", "CAM_BACK_RIGHT"], "token": "333872cfb6764820bfa0efd47ad8a72d", "scene": "scene-0713"}, {"images": ["samples/CAM_FRONT_LEFT/n008-2018-08-29-16-04-13-0400__CAM_FRONT_LEFT__1535573514004799.jpg", "samples/CAM_FRONT/n008-2018-08-29-16-04-13-0400__CAM_FRONT__1535573514012404.jpg", "samples/CAM_FRONT_RIGHT/n008-2018-08-29-16-04-13-0400__CAM_FRONT_RIGHT__1535573514020515.jpg", "samples/CAM_BACK_LEFT/n008-2018-08-29-16-04-13-0400__CAM_BACK_LEFT__1535573514047405.jpg", "samples/CAM_BACK/n008-2018-08-29-16-04-13-0400__CAM_BACK__1535573514037558.jpg", "samples/CAM_BACK_RIGHT/n008-2018-08-29-16-04-13-0400__CAM_BACK_RIGHT__1535573514028113.jpg"], "intrinsics": [[[1257.8625342125129, 0.0, 827.2410631095686], [0.0, 1257.8625342125129, 450.915498205774], [0.0, 0.0, 1.0]], [[1252.8131021185304, 0.0, 826.588114781398], [0.0, 1252.8131021185304, 469.9846626224581], [0.0, 0.0, 1.0]], [[1256.7485116440405, 0.0, 817.7887570959712], [0.0, 1256.7485116440403, 451.9541780095127], [0.0, 0.0, 1.0]], [[1254.9860565800168, 0.0, 829.5769333630991], [0.0, 1254.9860565800168, 467.1680561863987], [0.0, 0.0, 1.0]], [[796.8910634503094, 0.0, 857.7774326863696], [0.0, 796.8910634503094, 476.8848988407415], [0.0, 0.0, 1.0]], [[1249.9629280788233, 0.0, 825.3768045375984], [0.0, 1249.9629280788233, 462.54816385708756], [0.0, 0.0, 1.0]]], "extrinsics": [[[0.8224318623542786, -0.5688573122024536, -0.002654542913660407, -0.7547607421875], [0.0132791418582201, 0.02386317402124405, -0.9996270537376404, 1.49224853515625], [0.568708598613739, 0.8220899105072021, 0.02717977575957775, -1.163330078125], [0.0, 0.0, 0.0, 1.0]], [[0.010175235569477081, -0.9997565746307373, -0.019577234983444214, 0.010009765625], [0.015242275781929493, 0.01973104476928711, -0.9996891617774963, 1.4839191436767578], [0.9998319745063782, 0.00987367145717144, 0.015439334325492382, -1.48583984375], [0.0, 0.0, 0.0, 1.0]], [[-0.8439198136329651, -0.5358604788780212, -0.025553086772561073, 0.92974853515625], [0.023272229358553886, 0.011019137687981129, -0.9996683597564697, 1.497513771057129], [0.5359643697738647, -0.8442346453666687, 0.003171399235725403, -1.173583984375], [0.0, 0.0, 0.0, 1.0]], [[0.9479105472564697, 0.3184742331504822, 0.006295015104115009, -1.14404296875], [-0.002102307276800275, 0.026016762480139732, -0.9996592998504639, 1.5620574951171875], [-0.31852957606315613, 0.9475743770599365, 0.02533109486103058, -0.155517578125], [0.0, 0.0, 0.0, 1.0]], [[0.00921555794775486, 0.9997849464416504, 0.018573492765426636, -0.0284423828125], [-3.876854680129327e-05, 0.018574636429548264, -0.9998274445533752, 1.5680503845214844], [-0.9999575018882751, 0.009213194251060486, 0.00020993583893869072, -0.0262451171875], [0.0, 0.0, 0.0, 1.0]], [[-0.9236677289009094, 0.383155882358551, -0.005423309747129679, 1.03277587890625], [0.004182147327810526, -0.004072239156812429, -0.999983012676239, 1.5483927726745605], [-0.38317131996154785, -0.9236747026443481, 0.0021589831449091434, -0.0955810546875], [0.0, 0.0, 0.0, 1.0]]], "view": [[0.0, -2.0, 100.0], [-2.0, 0.0, 100.0], [0.0, 0.0, 1.0]], "bev": "bev_9f94498c9aea4aa3ac154d79835e4b75.png", "aux": "aux_9f94498c9aea4aa3ac154d79835e4b75.npz", "visibility": "visibility_9f94498c9aea4aa3ac154d79835e4b75.png", "pose": [[-0.8652733564376831, -0.5013002753257751, 0.0, 512.0015258789062], [0.5013002753257751, -0.8652733564376831, 0.0, 1570.493896484375], [0.0, 0.0, 1.0, 0.0], [0.0, 0.0, 0.0, 1.0]], "pose_inverse": [[-0.8652733564376831, 0.5013002753257751, 0.0, -344.2677307128906], [-0.5013002753257751, -0.8652733564376831, 0.0, 1615.5731201171875], [0.0, 0.0, 1.0, 0.0], [0.0, 0.0, 0.0, 1.0]], "cam_ids": [0, 1, 2, 3, 4, 5], "cam_channels": ["CAM_FRONT_LEFT", "CAM_FRONT", "CAM_FRONT_RIGHT", "CAM_BACK_LEFT", "CAM_BACK", "CAM_BACK_RIGHT"], "token": "9f94498c9aea4aa3ac154d79835e4b75", "scene": "scene-0713"}, {"images": ["samples/CAM_FRONT_LEFT/n008-2018-08-29-16-04-13-0400__CAM_FRONT_LEFT__1535573514504799.jpg", "samples/CAM_FRONT/n008-2018-08-29-16-04-13-0400__CAM_FRONT__1535573514512404.jpg", "samples/CAM_FRONT_RIGHT/n008-2018-08-29-16-04-13-0400__CAM_FRONT_RIGHT__1535573514520482.jpg", "samples/CAM_BACK_LEFT/n008-2018-08-29-16-04-13-0400__CAM_BACK_LEFT__1535573514547405.jpg", "samples/CAM_BACK/n008-2018-08-29-16-04-13-0400__CAM_BACK__1535573514537558.jpg", "samples/CAM_BACK_RIGHT/n008-2018-08-29-16-04-13-0400__CAM_BACK_RIGHT__1535573514528113.jpg"], "intrinsics": [[[1257.8625342125129, 0.0, 827.2410631095686], [0.0, 1257.8625342125129, 450.915498205774], [0.0, 0.0, 1.0]], [[1252.8131021185304, 0.0, 826.588114781398], [0.0, 1252.8131021185304, 469.9846626224581], [0.0, 0.0, 1.0]], [[1256.7485116440405, 0.0, 817.7887570959712], [0.0, 1256.7485116440403, 451.9541780095127], [0.0, 0.0, 1.0]], [[1254.9860565800168, 0.0, 829.5769333630991], [0.0, 1254.9860565800168, 467.1680561863987], [0.0, 0.0, 1.0]], [[796.8910634503094, 0.0, 857.7774326863696], [0.0, 796.8910634503094, 476.8848988407415], [0.0, 0.0, 1.0]], [[1249.9629280788233, 0.0, 825.3768045375984], [0.0, 1249.9629280788233, 462.54816385708756], [0.0, 0.0, 1.0]]], "extrinsics": [[[0.8229057192802429, -0.5680910348892212, -0.00994530413299799, -0.7298583984375], [0.006596221588551998, 0.027054669335484505, -0.9996122121810913, 1.4904136657714844], [0.568139910697937, 0.822520911693573, 0.026010693982243538, -1.1466064453125], [0.0, 0.0, 0.0, 1.0]], [[0.010660124942660332, -0.9996751546859741, -0.02315269038081169, 0.0103759765625], [0.008506787940859795, 0.02324383333325386, -0.9996936321258545, 1.4824485778808594], [0.9999070167541504, 0.010459953919053078, 0.008751807734370232, -1.460479736328125], [0.0, 0.0, 0.0, 1.0]], [[-0.8438240885734558, -0.5361735224723816, -0.021886399015784264, 0.91326904296875], [0.01647818461060524, 0.01487637497484684, -0.9997535347938538, 1.4965286254882812], [0.5363669395446777, -0.8439767956733704, -0.0037178779020905495, -1.162841796875], [0.0, 0.0, 0.0, 1.0]], [[0.9478921294212341, 0.31858906149864197, 0.0013005112996324897, -1.14361572265625], [-0.008863906376063824, 0.030452653765678406, -0.9994968771934509, 1.5620384216308594], [-0.31846845149993896, 0.947403609752655, 0.03168977051973343, -0.15625], [0.0, 0.0, 0.0, 1.0]], [[0.009131831116974354, 0.9996964931488037, 0.022881921380758286, -0.0286865234375], [-0.006793892942368984, 0.02294437400996685, -0.9997135996818542, 1.5675239562988281], [-0.9999353289604187, 0.008973742835223675, 0.007001353427767754, -0.033233642578125], [0.0, 0.0, 0.0, 1.0]], [[-0.9238123893737793, 0.38283756375312805, 0.002473237458616495, 1.0203857421875], [-0.0026430014986544847, 8.251649705925956e-05, -0.9999964833259583, 1.547411561012268], [-0.38283637166023254, -0.9238156676292419, 0.0009356107329949737, -0.1007080078125], [0.0, 0.0, 0.0, 1.0]]], "view": [[0.0, -2.0, 100.0], [-2.0, 0.0, 100.0], [0.0, 0.0, 1.0]], "bev": "bev_29dcafd1bc9f42d2806e9168159d321e.png", "aux": "aux_29dcafd1bc9f42d2806e9168159d321e.npz", "visibility": "visibility_29dcafd1bc9f42d2806e9168159d321e.png", "pose": [[-0.862787127494812, -0.5055674314498901, 0.0, 508.7707214355469], [0.5055674314498901, -0.862787127494812, 0.0, 1572.4144287109375], [0.0, 0.0, 1.0, 0.0], [0.0, 0.0, 0.0, 1.0]], "pose_inverse": [[-0.862787127494812, 0.5055674314498901, 0.0, -356.00067138671875], [-0.5055674314498901, -0.862787127494812, 0.0, 1613.8768310546875], [0.0, 0.0, 1.0, 0.0], [0.0, 0.0, 0.0, 1.0]], "cam_ids": [0, 1, 2, 3, 4, 5], "cam_channels": ["CAM_FRONT_LEFT", "CAM_FRONT", "CAM_FRONT_RIGHT", "CAM_BACK_LEFT", "CAM_BACK", "CAM_BACK_RIGHT"], "token": "29dcafd1bc9f42d2806e9168159d321e", "scene": "scene-0713"}, {"images": ["samples/CAM_FRONT_LEFT/n008-2018-08-29-16-04-13-0400__CAM_FRONT_LEFT__1535573515004799.jpg", "samples/CAM_FRONT/n008-2018-08-29-16-04-13-0400__CAM_FRONT__1535573515012404.jpg", "samples/CAM_FRONT_RIGHT/n008-2018-08-29-16-04-13-0400__CAM_FRONT_RIGHT__1535573515020482.jpg", "samples/CAM_BACK_LEFT/n008-2018-08-29-16-04-13-0400__CAM_BACK_LEFT__1535573515047405.jpg", "samples/CAM_BACK/n008-2018-08-29-16-04-13-0400__CAM_BACK__1535573515037558.jpg", "samples/CAM_BACK_RIGHT/n008-2018-08-29-16-04-13-0400__CAM_BACK_RIGHT__1535573515028113.jpg"], "intrinsics": [[[1257.8625342125129, 0.0, 827.2410631095686], [0.0, 1257.8625342125129, 450.915498205774], [0.0, 0.0, 1.0]], [[1252.8131021185304, 0.0, 826.588114781398], [0.0, 1252.8131021185304, 469.9846626224581], [0.0, 0.0, 1.0]], [[1256.7485116440405, 0.0, 817.7887570959712], [0.0, 1256.7485116440403, 451.9541780095127], [0.0, 0.0, 1.0]], [[1254.9860565800168, 0.0, 829.5769333630991], [0.0, 1254.9860565800168, 467.1680561863987], [0.0, 0.0, 1.0]], [[796.8910634503094, 0.0, 857.7774326863696], [0.0, 796.8910634503094, 476.8848988407415], [0.0, 0.0, 1.0]], [[1249.9629280788233, 0.0, 825.3768045375984], [0.0, 1249.9629280788233, 462.54816385708756], [0.0, 0.0, 1.0]]], "extrinsics": [[[0.8229871392250061, -0.5679896473884583, -0.008943330496549606, -0.7205810546875], [0.009197399951517582, 0.02906481735408306, -0.9995352029800415, 1.4913406372070312], [0.5679855942726135, 0.8225224018096924, 0.02914399839937687, -1.1414794921875], [0.0, 0.0, 0.0, 1.0]], [[0.010911445133388042, -0.9996338486671448, -0.024758465588092804, 0.01171875], [0.010903568007051945, 0.024877412244677544, -0.9996310472488403, 1.4831466674804688], [0.9998809695243835, 0.010637420229613781, 0.011171023361384869, -1.45379638671875], [0.0, 0.0, 0.0, 1.0]], [[-0.8436899781227112, -0.5362756848335266, -0.024401744827628136, 0.90966796875], [0.018672211095690727, 0.016112538054585457, -0.9996958374977112, 1.4970664978027344], [0.5365058183670044, -0.843889057636261, -0.0035805345978587866, -1.15966796875], [0.0, 0.0, 0.0, 1.0]], [[0.9479160308837891, 0.3185065686702728, 0.002974150935187936, -1.143768310546875], [-0.007220807950943708, 0.03082316555082798, -0.999498724937439, 1.5620460510253906], [-0.3184385597705841, 0.9474194049835205, 0.031517647206783295, -0.1561279296875], [0.0, 0.0, 0.0, 1.0]], [[0.009061668999493122, 0.9996815919876099, 0.023548969998955727, -0.029052734375], [-0.004823674447834492, 0.023593362420797348, -0.9997100234031677, 1.5676612854