[{"images": ["samples/CAM_FRONT_LEFT/n008-2018-08-28-16-16-48-0400__CAM_FRONT_LEFT__1535488176754799.jpg", "samples/CAM_FRONT/n008-2018-08-28-16-16-48-0400__CAM_FRONT__1535488176762404.jpg", "samples/CAM_FRONT_RIGHT/n008-2018-08-28-16-16-48-0400__CAM_FRONT_RIGHT__1535488176770482.jpg", "samples/CAM_BACK_LEFT/n008-2018-08-28-16-16-48-0400__CAM_BACK_LEFT__1535488176797405.jpg", "samples/CAM_BACK/n008-2018-08-28-16-16-48-0400__CAM_BACK__1535488176787558.jpg", "samples/CAM_BACK_RIGHT/n008-2018-08-28-16-16-48-0400__CAM_BACK_RIGHT__1535488176778113.jpg"], "intrinsics": [[[1257.8625342125129, 0.0, 827.2410631095686], [0.0, 1257.8625342125129, 450.915498205774], [0.0, 0.0, 1.0]], [[1252.8131021185304, 0.0, 826.588114781398], [0.0, 1252.8131021185304, 469.9846626224581], [0.0, 0.0, 1.0]], [[1256.7485116440405, 0.0, 817.7887570959712], [0.0, 1256.7485116440403, 451.9541780095127], [0.0, 0.0, 1.0]], [[1254.9860565800168, 0.0, 829.5769333630991], [0.0, 1254.9860565800168, 467.1680561863987], [0.0, 0.0, 1.0]], [[796.8910634503094, 0.0, 857.7774326863696], [0.0, 796.8910634503094, 476.8848988407415], [0.0, 0.0, 1.0]], [[1249.9629280788233, 0.0, 825.3768045375984], [0.0, 1249.9629280788233, 462.54816385708756], [0.0, 0.0, 1.0]]], "extrinsics": [[[0.8233494162559509, -0.5675197839736938, -0.004143328871577978, -0.730712890625], [0.010626176372170448, 0.022714775055646896, -0.999685525894165, 1.4917621612548828], [0.5674353241920471, 0.8230463862419128, 0.024732761085033417, -1.147216796875], [0.0, 0.0, 0.0, 1.0]], [[0.011402915231883526, -0.999762237071991, -0.018587827682495117, 0.0101318359375], [0.012731504626572132, 0.018732689321041107, -0.9997435212135315, 1.4835853576660156], [0.9998539686203003, 0.011163405142724514, 0.012942085042595863, -1.46356201171875], [0.0, 0.0, 0.0, 1.0]], [[-0.8434755206108093, -0.5366735458374023, -0.023037264123558998, 0.91632080078125], [0.02083137258887291, 0.010174378752708435, -0.999731183052063, 1.4973812103271484], [0.5367637276649475, -0.8437286615371704, 0.0025978079065680504, -1.1656494140625], [0.0, 0.0, 0.0, 1.0]], [[0.9478873610496521, 0.31857943534851074, 0.004080823622643948, -1.1518592834472656], [-0.0042904396541416645, 0.025570714846253395, -0.9996638298034668, 1.5620803833007812], [-0.31857675313949585, 0.9475511908531189, 0.025605004280805588, -0.1534423828125], [0.0, 0.0, 0.0, 1.0]], [[0.00891213770955801, 0.9997987151145935, 0.017978396266698837, -0.0284423828125], [-0.0022391779348254204, 0.017999017611145973, -0.9998354911804199, 1.567901611328125], [-0.9999578595161438, 0.008870379067957401, 0.0023991374764591455, -0.0264892578125], [0.0, 0.0, 0.0, 1.0]], [[-0.9239163994789124, 0.38257846236228943, -0.003477421123534441, 1.02490234375], [0.0017785736126825213, -0.0047941082157194614, -0.9999869465827942, 1.548072338104248], [-0.382590115070343, -0.9239105582237244, 0.0037489114329218864, -0.099609375], [0.0, 0.0, 0.0, 1.0]]], "view": [[0.0, -2.0, 100.0], [-2.0, 0.0, 100.0], [0.0, 0.0, 1.0]], "bev": "bev_53b9bb9e5ab64343b56af300324a9563.png", "aux": "aux_53b9bb9e5ab64343b56af300324a9563.npz", "visibility": "visibility_53b9bb9e5ab64343b56af300324a9563.png", "pose": [[-0.779384434223175, -0.6265460252761841, 0.0, 546.1520385742188], [0.6265460252761841, -0.779384434223175, 0.0, 1546.7935791015625], [0.0, 0.0, 1.0, 0.0], [0.0, 0.0, 0.0, 1.0]], "pose_inverse": [[-0.779384434223175, 0.6265460252761841, 0.0, -543.4749755859375], [-0.6265460252761841, -0.779384434223175, 0.0, 1547.7362060546875], [0.0, 0.0, 1.0, 0.0], [0.0, 0.0, 0.0, 1.0]], "cam_ids": [0, 1, 2, 3, 4, 5], "cam_channels": ["CAM_FRONT_LEFT", "CAM_FRONT", "CAM_FRONT_RIGHT", "CAM_BACK_LEFT", "CAM_BACK", "CAM_BACK_RIGHT"], "token": "53b9bb9e5ab64343b56af300324a9563", "scene": "scene-0684"}, {"images": ["samples/CAM_FRONT_LEFT/n008-2018-08-28-16-16-48-0400__CAM_FRONT_LEFT__1535488177254799.jpg", "samples/CAM_FRONT/n008-2018-08-28-16-16-48-0400__CAM_FRONT__1535488177262404.jpg", "samples/CAM_FRONT_RIGHT/n008-2018-08-28-16-16-48-0400__CAM_FRONT_RIGHT__1535488177270482.jpg", "samples/CAM_BACK_LEFT/n008-2018-08-28-16-16-48-0400__CAM_BACK_LEFT__1535488177297405.jpg", "samples/CAM_BACK/n008-2018-08-28-16-16-48-0400__CAM_BACK__1535488177287558.jpg", "samples/CAM_BACK_RIGHT/n008-2018-08-28-16-16-48-0400__CAM_BACK_RIGHT__1535488177278113.jpg"], "intrinsics": [[[1257.8625342125129, 0.0, 827.2410631095686], [0.0, 1257.8625342125129, 450.915498205774], [0.0, 0.0, 1.0]], [[1252.8131021185304, 0.0, 826.588114781398], [0.0, 1252.8131021185304, 469.9846626224581], [0.0, 0.0, 1.0]], [[1256.7485116440405, 0.0, 817.7887570959712], [0.0, 1256.7485116440403, 451.9541780095127], [0.0, 0.0, 1.0]], [[1254.9860565800168, 0.0, 829.5769333630991], [0.0, 1254.9860565800168, 467.1680561863987], [0.0, 0.0, 1.0]], [[796.8910634503094, 0.0, 857.7774326863696], [0.0, 796.8910634503094, 476.8848988407415], [0.0, 0.0, 1.0]], [[1249.9629280788233, 0.0, 825.3768045375984], [0.0, 1249.9629280788233, 462.54816385708756], [0.0, 0.0, 1.0]]], "extrinsics": [[[0.8226889967918396, -0.568455159664154, -0.006441057194024324, -0.7271728515625], [0.009931914508342743, 0.025700338184833527, -0.9996203184127808, 1.4916000366210938], [0.5684048533439636, 0.8223128318786621, 0.026789234951138496, -1.14324951171875], [0.0, 0.0, 0.0, 1.0]], [[0.010496776551008224, -0.999710202217102, -0.021663859486579895, 0.009521484375], [0.011904889717698097, 0.02178845927119255, -0.9996917247772217, 1.4834060668945312], [0.9998739957809448, 0.010235657915472984, 0.012130147777497768, -1.46026611328125], [0.0, 0.0, 0.0, 1.0]], [[-0.8438300490379333, -0.5360760688781738, -0.02394147589802742, 0.91510009765625], [0.019907118752598763, 0.013312257826328278, -0.9997131824493408, 1.4972124099731445], [0.5362409949302673, -0.8440647721290588, -0.0005615550908260047, -1.1646728515625], [0.0, 0.0, 0.0, 1.0]], [[0.947888195514679, 0.31857866048812866, 0.003931036684662104, -1.1530418395996094], [-0.005658689420670271, 0.029170507565140724, -0.9995584487915039, 1.562103271484375], [-0.31855279207229614, 0.9474473595619202, 0.02945312112569809, -0.1529541015625], [0.0, 0.0, 0.0, 1.0]], [[0.009113886393606663, 0.9997301697731018, 0.021370187401771545, -0.028564453125], [-0.0035105417482554913, 0.021402930840849876, -0.9997647404670715, 1.56781005859375], [-0.9999522566795349, 0.009036688134074211, 0.0037046577781438828, -0.025634765625], [0.0, 0.0, 0.0, 1.0]], [[-0.9237785339355469, 0.3829248249530792, -0.0013212906196713448, 1.0250244140625], [0.0007828644011169672, -0.0015619156183674932, -0.9999984502792358, 1.5479283332824707], [-0.3829263150691986, -0.9237781763076782, 0.0011430864688009024, -0.09912109375], [0.0, 0.0, 0.0, 1.0]]], "view": [[0.0, -2.0, 100.0], [-2.0, 0.0, 100.0], [0.0, 0.0, 1.0]], "bev": "bev_1d2543aa8e2b4cbb945ce55f186392c5.png", "aux": "aux_1d2543aa8e2b4cbb945ce55f186392c5.npz", "visibility": "visibility_1d2543aa8e2b4cbb945ce55f186392c5.png", "pose": [[-0.7715586423873901, -0.6361581683158875, 0.0, 543.0347900390625], [0.6361581683158875, -0.7715586423873901, 0.0, 1549.3865966796875], [0.0, 0.0, 1.0, 0.0], [0.0, 0.0, 0.0, 1.0]], "pose_inverse": [[-0.7715586423873901, 0.6361581683158875, 0.0, -566.6717529296875], [-0.6361581683158875, -0.7715586423873901, 0.0, 1540.898681640625], [0.0, 0.0, 1.0, 0.0], [0.0, 0.0, 0.0, 1.0]], "cam_ids": [0, 1, 2, 3, 4, 5], "cam_channels": ["CAM_FRONT_LEFT", "CAM_FRONT", "CAM_FRONT_RIGHT", "CAM_BACK_LEFT", "CAM_BACK", "CAM_BACK_RIGHT"], "token": "1d2543aa8e2b4cbb945ce55f186392c5", "scene": "scene-0684"}, {"images": ["samples/CAM_FRONT_LEFT/n008-2018-08-28-16-16-48-0400__CAM_FRONT_LEFT__1535488177754799.jpg", "samples/CAM_FRONT/n008-2018-08-28-16-16-48-0400__CAM_FRONT__1535488177762404.jpg", "samples/CAM_FRONT_RIGHT/n008-2018-08-28-16-16-48-0400__CAM_FRONT_RIGHT__1535488177770482.jpg", "samples/CAM_BACK_LEFT/n008-2018-08-28-16-16-48-0400__CAM_BACK_LEFT__1535488177797405.jpg", "samples/CAM_BACK/n008-2018-08-28-16-16-48-0400__CAM_BACK__1535488177787558.jpg", "samples/CAM_BACK_RIGHT/n008-2018-08-28-16-16-48-0400__CAM_BACK_RIGHT__1535488177778113.jpg"], "intrinsics": [[[1257.8625342125129, 0.0, 827.2410631095686], [0.0, 1257.8625342125129, 450.915498205774], [0.0, 0.0, 1.0]], [[1252.8131021185304, 0.0, 826.588114781398], [0.0, 1252.8131021185304, 469.9846626224581], [0.0, 0.0, 1.0]], [[1256.7485116440405, 0.0, 817.7887570959712], [0.0, 1256.7485116440403, 451.9541780095127], [0.0, 0.0, 1.0]], [[1254.9860565800168, 0.0, 829.5769333630991], [0.0, 1254.9860565800168, 467.1680561863987], [0.0, 0.0, 1.0]], [[796.8910634503094, 0.0, 857.7774326863696], [0.0, 796.8910634503094, 476.8848988407415], [0.0, 0.0, 1.0]], [[1249.9629280788233, 0.0, 825.3768045375984], [0.0, 1249.9629280788233, 462.54816385708756], [0.0, 0.0, 1.0]]], "extrinsics": [[[0.8207351565361023, -0.5712209939956665, -0.010018722154200077, -0.7269287109375], [0.011651301756501198, 0.0342683307826519, -0.9993447661399841, 1.4921035766601562], [0.5711899995803833, 0.8200806379318237, 0.03478069230914116, -1.14373779296875], [0.0, 0.0, 0.0, 1.0]], [[0.007777770981192589, -0.9995183944702148, -0.030042270198464394, 0.01025390625], [0.013566521927714348, 0.030145887285470963, -0.9994534850120544, 1.4837989807128906], [0.9998777508735657, 0.00736592710018158, 0.013794457539916039, -1.4605712890625], [0.0, 0.0, 0.0, 1.0]], [[-0.8448961973190308, -0.5341060757637024, -0.029683930799365044, 0.91650390625], [0.02157527394592762, 0.02142147161066532, -0.9995377063751221, 1.4975013732910156], [0.5344951152801514, -0.8451459407806396, -0.006575431674718857, -1.164794921875], [0.0, 0.0, 0.0, 1.0]], [[0.9478612542152405, 0.3185800611972809, 0.008120973594486713, -1.1541061401367188], [-0.0037188001442700624, 0.036538392305374146, -0.9993253350257874, 1.5620880126953125], [-0.31866177916526794, 0.9471914768218994, 0.03581806272268295, -0.152587890625], [0.0, 0.0, 0.0, 1.0]], [[0.009768393822014332, 0.9995303153991699, 0.029048103839159012, -0.029052734375], [-0.001552614732645452, 0.029064614325761795, -0.9995763301849365, 1.56793212890625], [-0.9999510645866394, 0.009719219990074635, 0.0018358002416789532, -0.0242919921875], [0.0, 0.0, 0.0, 1.0]], [[-0.9232308864593506, 0.38424569368362427, 7.70214683143422e-05, 1.026123046875], [0.0025681043043732643, 0.006370855029672384, -0.999976396560669, 1.548171043395996], [-0.38423705101013184, -0.9232088923454285, -0.006868553813546896, -0.09765625], [0.0, 0.0, 0.0, 1.0]]], "view": [[0.0, -2.0, 100.0], [-2.0, 0.0, 100.0], [0.0, 0.0, 1.0]], "bev": "bev_71af91b948094ce1bedeb9b83ead3da2.png", "aux": "aux_71af91b948094ce1bedeb9b83ead3da2.npz", "visibility": "visibility_71af91b948094ce1bedeb9b83ead3da2.png", "pose": [[-0.7847287058830261, -0.6198393702507019, 0.0, 539.9042358398438], [0.6198393702507019, -0.7847287058830261, 0.0, 1551.9654541015625], [0.0, 0.0, 1.0, 0.0], [0.0, 0.0, 0.0, 1.0]], "pose_inverse": [[-0.7847287058830261, 0.6198393702507019, 0.0, -538.2909545898438], [-0.6198393702507019, -0.7847287058830261, 0.0, 1552.5257568359375], [0.0, 0.0, 1.0, 0.0], [0.0, 0.0, 0.0, 1.0]], "cam_ids": [0, 1, 2, 3, 4, 5], "cam_channels": ["CAM_FRONT_LEFT", "CAM_FRONT", "CAM_FRONT_RIGHT", "CAM_BACK_LEFT", "CAM_BACK", "CAM_BACK_RIGHT"], "token": "71af91b948094ce1bedeb9b83ead3da2", "scene": "scene-0684"}, {"images": ["samples/CAM_FRONT_LEFT/n008-2018-08-28-16-16-48-0400__CAM_FRONT_LEFT__1535488178254799.jpg", "samples/CAM_FRONT/n008-2018-08-28-16-16-48-0400__CAM_FRONT__1535488178262404.jpg", "samples/CAM_FRONT_RIGHT/n008-2018-08-28-16-16-48-0400__CAM_FRONT_RIGHT__1535488178270482.jpg", "samples/CAM_BACK_LEFT/n008-2018-08-28-16-16-48-0400__CAM_BACK_LEFT__1535488178297405.jpg", "samples/CAM_BACK/n008-2018-08-28-16-16-48-0400__CAM_BACK__1535488178287558.jpg", "samples/CAM_BACK_RIGHT/n008-2018-08-28-16-16-48-0400__CAM_BACK_RIGHT__1535488178278113.jpg"], "intrinsics": [[[1257.8625342125129, 0.0, 827.2410631095686], [0.0, 1257.8625342125129, 450.915498205774], [0.0, 0.0, 1.0]], [[1252.8131021185304, 0.0, 826.588114781398], [0.0, 1252.8131021185304, 469.9846626224581], [0.0, 0.0, 1.0]], [[1256.7485116440405, 0.0, 817.7887570959712], [0.0, 1256.7485116440403, 451.9541780095127], [0.0, 0.0, 1.0]], [[1254.9860565800168, 0.0, 829.5769333630991], [0.0, 1254.9860565800168, 467.1680561863987], [0.0, 0.0, 1.0]], [[796.8910634503094, 0.0, 857.7774326863696], [0.0, 796.8910634503094, 476.8848988407415], [0.0, 0.0, 1.0]], [[1249.9629280788233, 0.0, 825.3768045375984], [0.0, 1249.9629280788233, 462.54816385708756], [0.0, 0.0, 1.0]]], "extrinsics": [[[0.8209429383277893, -0.5709338784217834, -0.009333927184343338, -0.7340087890625], [0.009990681894123554, 0.03070555441081524, -0.9994785189628601, 1.4914398193359375], [0.5709227323532104, 0.8204216361045837, 0.030911529436707497, -1.14996337890625], [0.0, 0.0, 0.0, 1.0]], [[0.008050445467233658, -0.9996170997619629, -0.026470785960555077, 0.0108642578125], [0.011921598576009274, 0.026565704494714737, -0.9995759725570679, 1.483245849609375], [0.9998964071273804, 0.0077314311638474464, 0.012130902148783207, -1.468536376953125], [0.0, 0.0, 0.0, 1.0]], [[-0.8448206782341003, -0.5344004034996033, -0.026347551494836807, 0.92193603515625], [0.01989886537194252, 0.017827779054641724, -0.9996430277824402, 1.4970340728759766], [0.5346794128417969, -0.845043420791626, -0.004427317064255476, -1.1676025390625], [0.0, 0.0, 0.0, 1.0]], [[0.9478504061698914, 0.318672239780426, 0.005248006898909807, -1.1587944030761719], [-0.005533671006560326, 0.032918378710746765, -0.9994427561759949, 1.5621337890625], [-0.3186674416065216, 0.9472931027412415, 0.032965127378702164, -0.1507568359375], [0.0, 0.0, 0.0, 1.0]], [[0.00971374474465847, 0.9996300935745239, 0.0254004318267107, -0.0291748046875], [-0.0034620596561580896, 0.02543509751558304, -0.9996704459190369, 1.5678176879882812], [-0.9999468326568604, 0.009622583165764809, 0.0037078489549458027, -0.019500732421875], [0.0, 0.0, 0.0, 1.0]], [[-0.923285722732544, 0.38411375880241394, 0.0003552354755811393, 1.0302734375], [0.0007646037265658379, 0.002762675518169999, -0.9999958872795105, 1.547912836074829], [-0.3841131329536438, -0.9232816100120544, -0.00284443493001163, -0.0958251953125], [0.0, 0.0, 0.0, 1.0]]], "view": [[0.0, -2.0, 100.0], [-2.0, 0.0, 100.0], [0.0, 0.0, 1.0]], "bev": "bev_b94e8addd40c47a29949de876aae949d.png", "aux": "aux_b94e8addd40c47a29949de876aae949d.npz", "visibility": "visibility_b94e8addd40c47a29949de876aae949d.png", "pose": [[-0.8058143854141235, -0.5921681523323059, 0.0, 536.7469482421875], [0.5921681523323059, -0.8058143854141235, 0.0, 1554.419189453125], [0.0, 0.0, 1.0, 0.0], [0.0, 0.0, 0.0, 1.0]], "pose_inverse": [[-0.8058143854141235, 0.5921681523323059, 0.0, -487.95916748046875], [-0.5921681523323059, -0.8058143854141235, 0.0, 1570.4178466796875], [0.0, 0.0, 1.0, 0.0], [0.0, 0.0, 0.0, 1.0]], "cam_ids": [0, 1, 2, 3, 4, 5], "cam_channels": ["CAM_FRONT_LEFT", "CAM_FRONT", "CAM_FRONT_RIGHT", "CAM_BACK_LEFT", "CAM_BACK", "CAM_BACK_RIGHT"], "token": "b94e8addd40c47a29949de876aae949d", "scene": "scene-0684"}, {"images": ["samples/CAM_FRONT_LEFT/n008-2018-08-28-16-16-48-0400__CAM_FRONT_LEFT__1535488178754799.jpg", "samples/CAM_FRONT/n008-2018-08-28-16-16-48-0400__CAM_FRONT__1535488178762404.jpg", "samples/CAM_FRONT_RIGHT/n008-2018-08-28-16-16-48-0400__CAM_FRONT_RIGHT__1535488178770482.jpg", "samples/CAM_BACK_LEFT/n008-2018-08-28-16-16-48-0400__CAM_BACK_LEFT__1535488178797405.jpg", "samples/CAM_BACK/n008-2018-08-28-16-16-48-0400__CAM_BACK__1535488178787558.jpg", "samples/CAM_BACK_RIGHT/n008-2018-08-28-16-16-48-0400__CAM_BACK_RIGHT__1535488178778113.jpg"], "intrinsics": [[[1257.8625342125129, 0.0, 827.2410631095686], [0.0, 1257.8625342125129, 450.915498205774], [0.0, 0.0, 1.0]], [[1252.8131021185304, 0.0, 826.588114781398], [0.0, 1252.8131021185304, 469.9846626224581], [0.0, 0.0, 1.0]], [[1256.7485116440405, 0.0, 817.7887570959712], [0.0, 1256.7485116440403, 451.9541780095127], [0.0, 0.0, 1.0]], [[1254.9860565800168, 0.0, 829.5769333630991], [0.0, 1254.9860565800168, 467.1680561863987], [0.0, 0.0, 1.0]], [[796.8910634503094, 0.0, 857.7774326863696], [0.0, 796.8910634503094, 476.8848988407415], [0.0, 0.0, 1.0]], [[1249.9629280788233, 0.0, 825.3768045375984], [0.0, 1249.9629280788233, 462.54816385708756], [0.0, 0.0, 1.0]]], "extrinsics": [[[0.8209689259529114, -0.5709071755409241, -0.008659034967422485, -0.7354736328125], [0.010467358864843845, 0.030211538076400757, -0.9994887113571167, 1.4915504455566406], [0.5708768963813782, 0.8204585313796997, 0.03077862411737442, -1.15185546875], [0.0, 0.0, 0.0, 1.0]], [[0.008028323762118816, -0.9996308088302612, -0.025957947596907616, 0.0111083984375], [0.012485334649682045, 0.026056969538331032, -0.9995824694633484, 1.4833755493164062], [0.9998897910118103, 0.0077008712105453014, 0.012689919210970402, -1.469696044921875], [0.0, 0.0, 0.0, 1.0]], [[-0.8448634743690491, -0.5343188047409058, -0.02662903629243374, 0.9219970703125], [0.020567715167999268, 0.017297733575105667, -0.9996387958526611, 1.4971675872802734], [0.5345864295959473, -0.8451060652732849, -0.0036245081573724747, -1.1678466796875], [0.0, 0.0, 0.0, 1.0]], [[0.9478520154953003, 0.31866246461868286, 0.005553408991545439, -1.1557159423828125], [-0.005012464709579945, 0.03232734650373459, -0.999464750289917, 1.5621070861816406], [-0.3186713755130768, 0.9473168253898621, 0.03223882615566254, -0.152099609375], [0.0, 0.0, 0.0, 1.0]], [[0.009796344675123692, 0.9996439218521118, 0.024818385019898415, -0.0286865234375], [-0.0026557573582977057, 0.02484549582004547, -0.9996877908706665, 1.56787109375], [-0.9999484419822693, 0.009727359749376774, 0.002898208098486066, -0.02166748046875], [0.0, 0.0, 0.0, 1.0]], [[-0.9232144951820374, 0.38428470492362976, -0.0005287897074595094, 1.02978515625], [0.0014919398818165064, 0.0022082391660660505, -0.9999964237213135, 1.5480170249938965], [-0.38428211212158203, -0.9232119917869568, -0.0026120073162019253, -0.0968017578125], [0.0, 0.0, 0.0, 1.0]]], "view": [[0.0, -2.0, 100.0], [-2.0, 0.0, 100.0], [0.0, 0.0, 1.0]], "bev": "bev_1d66571dc25341bf83ae75e1ec8cb9bc.png", "aux": "aux_1d66571dc25341bf83ae75e1ec8cb9bc.npz", "visibility": "visibility_1d66571dc25341bf83ae75e1ec8cb9bc.png", "pose": [[-0.8249814510345459, -0.565159797668457, 0.0, 533.512939453125], [0.565159797668457, -0.8249814510345459, 0.0, 1556.7750244140625], [0.0, 0.0, 1.0, 0.0], [0.0, 0.0, 0.0, 1.0]], "pose_inverse": [[-0.8249814510345459, 0.565159797668457, 0.0, -439.6883850097656], [-0.565159797668457, -0.8249814510345459, 0.0, 1585.83056640625], [0.0, 0.0, 1.0, 0.0], [0.0, 0.0, 0.0, 1.0]], "cam_ids": [0, 1, 2, 3, 4, 5], "cam_channels": ["CAM_FRONT_LEFT", "CAM_FRONT", "CAM_FRONT_RIGHT", "CAM_BACK_LEFT", "CAM_BACK", "CAM_BACK_RIGHT"], "token": "1d66571dc25341bf83ae75e1ec8cb9bc", "scene": "scene-0684"}, {"images": ["samples/CAM_FRONT_LEFT/n008-2018-08-28-16-16-48-0400__CAM_FRONT_LEFT__1535488179254799.jpg", "samples/CAM_FRONT/n008-2018-08-28-16-16-48-0400__CAM_FRONT__1535488179262404.jpg", "samples/CAM_FRONT_RIGHT/n008-2018-08-28-16-16-48-0400__CAM_FRONT_RIGHT__1535488179270482.jpg", "samples/CAM_BACK_LEFT/n008-2018-08-28-16-16-48-0400__CAM_BACK_LEFT__1535488179297405.jpg", "samples/CAM_BACK/n008-2018-08-28-16-16-48-0400__CAM_BACK__1535488179287558.jpg", "samples/CAM_BACK_RIGHT/n008-2018-08-28-16-16-48-0400__CAM_BACK_RIGHT__1535488179278113.jpg"], "intrinsics": [[[1257.8625342125129, 0.0, 827.2410631095686], [0.0, 1257.8625342125129, 450.915498205774], [0.0, 0.0, 1.0]], [[1252.8131021185304, 0.0, 826.588114781398], [0.0, 1252.8131021185304, 469.9846626224581], [0.0, 0.0, 1.0]], [[1256.7485116440405, 0.0, 817.7887570959712], [0.0, 1256.7485116440403, 451.9541780095127], [0.0, 0.0, 1.0]], [[1254.9860565800168, 0.0, 829.5769333630991], [0.0, 1254.9860565800168, 467.1680561863987], [0.0, 0.0, 1.0]], [[796.8910634503094, 0.0, 857.7774326863696], [0.0, 796.8910634503094, 476.8848988407415], [0.0, 0.0, 1.0]], [[1249.9629280788233, 0.0, 825.3768045375984], [0.0, 1249.9629280788233, 462.54816385708756], [0.0, 0.0, 1.0]]], "extrinsics": [[[0.8217853307723999, -0.5697506070137024, -0.00729736965149641, -0.734619140625], [0.009162942878901958, 0.026019396260380745, -0.9996194243431091, 1.4911613464355469], [0.5697236657142639, 0.8214057683944702, 0.02660294808447361, -1.1514892578125], [0.0, 0.0, 0.0, 1.0]], [[0.009216412901878357, -0.9997237920761108, -0.021622290834784508, 0.01171875], [0.01115570031106472, 0.021724659949541092, -0.999701738357544, 1.4830398559570312], [0.9998952746391296, 0.008972419425845146, 0.0113528398796916, -1.46929931640625], [0.0, 0.0, 0.0, 1.0]], [[-0.8443710803985596, -0.5352610349655151, -0.02308548428118229, 0.92218017578125], [0.019195914268493652, 0.012836450710892677, -0.9997332692146301, 1.4969005584716797], [0.5354146957397461, -0.8445892333984375, -0.0005639038281515241, -1.1671142578125], [0.0, 0.0, 0.0, 1.0]], [[0.9478737711906433, 0.31863439083099365, 0.0027436024975031614, -1.152252197265625], [-0.006362923886626959, 0.027535492554306984, -0.9996005892753601, 1.562103271484375], [-0.318582683801651, 0.9474776983261108, 0.02812761627137661, -0.1531982421875], [0.0, 0.0, 0.0, 1.0]], [[0.009465297684073448, 0.9997524619102478, 0.02013537846505642, -0.029296875], [-0.00414997898042202, 0.020175380632281303, -0.9997878074645996, 1.5677604675292969], [-0.9999465942382812, 0.009379629977047443, 0.004339916165918112, -0.0233154296875], [0.0, 0.0, 0.0, 1.0]], [[-0.9235078692436218, 0.3835780620574951, -0.0009998816531151533, 1.029541015625], [9.611528366804123e-05, -0.0023753081914037466, -0.9999971985816956, 1.5478310585021973], [-0.3835793137550354, -0.9235053658485413, 0.0021567484363913536, -0.095947265625], [0.0, 0.0, 0.0, 1.0]]], "view": [[0.0, -2.0, 100.0], [-2.0, 0.0, 100.0], [0.0, 0.0, 1.0]], "bev": "bev_1ea38c81edf14ede8a97bee1abd1ae4b.png", "aux": "aux_1ea38c81edf14ede8a97bee1abd1ae4b.npz", "visibility": "visibility_1ea38c81edf14ede8a97bee1abd1ae4b.png", "pose": [[-0.8401657938957214, -0.5423296689987183, 0.0, 530.2454223632812], [0.5423296689987183, -0.8401657938957214, 0.0, 1558.997802734375], [0.0, 0.0, 1.0, 0.0], [0.0, 0.0, 0.0, 1.0]], "pose_inverse": [[-0.8401657938957214, 0.5423296689987183, 0.0, -399.9966735839844], [-0.5423296689987183, -0.8401657938957214, 0.0, 1597.3843994140625], [0.0, 0.0, 1.0, 0.0], [0.0, 0.0, 0.0, 1.0]], "cam_ids": [0, 1, 2, 3, 4, 5], "cam_channels": ["CAM_FRONT_LEFT", "CAM_FRONT", "CAM_FRONT_RIGHT", "CAM_BACK_LEFT", "CAM_BACK", "CAM_BACK_RIGHT"], "token": "1ea38c81edf14ede8a97bee1abd1ae4b", "scene": "scene-0684"}, {"images": ["samples/CAM_FRONT_LEFT/n008-2018-08-28-16-16-48-0400__CAM_FRONT_LEFT__1535488179754799.jpg", "samples/CAM_FRONT/n008-2018-08-28-16-16-48-0400__CAM_FRONT__1535488179762404.jpg", "samples/CAM_FRONT_RIGHT/n008-2018-08-28-16-16-48-0400__CAM_FRONT_RIGHT__1535488179770482.jpg", "samples/CAM_BACK_LEFT/n008-2018-08-28-16-16-48-0400__CAM_BACK_LEFT__1535488179797414.jpg", "samples/CAM_BACK/n008-2018-08-28-16-16-48-0400__CAM_BACK__1535488179787558.jpg", "samples/CAM_BACK_RIGHT/n008-2018-08-28-16-16-48-0400__CAM_BACK_RIGHT__1535488179778113.jpg"], "intrinsics": [[[1257.8625342125129, 0.0, 827.2410631095686], [0.0, 1257.8625342125129, 450.915498205774], [0.0, 0.0, 1.0]], [[1252.8131021185304, 0.0, 826.588114781398], [0.0, 1252.8131021185304, 469.9846626224581], [0.0, 0.0, 1.0]], [[1256.7485116440405, 0.0, 817.7887570959712], [0.0, 1256.7485116440403, 451.9541780095127], [0.0, 0.0, 1.0]], [[1254.9860565800168, 0.0, 829.5769333630991], [0.0, 1254.9860565800168, 467.1680561863987], [0.0, 0.0, 1.0]], [[796.8910634503094, 0.0, 857.7774326863696], [0.0, 796.8910634503094, 476.8848988407415], [0.0, 0.0, 1.0]], [[1249.9629280788233, 0.0, 825.3768045375984], [0.0, 1249.9629280788233, 462.54816385708756], [0.0, 0.0, 1.0]]], "extrinsics": [[[0.8220316767692566, -0.5693930387496948, -0.007451770361512899, -0.734619140625], [0.00957182701677084, 0.02690071240067482, -0.9995923042297363, 1.491302490234375], [0.5693613290786743, 0.8216252326965332, 0.027563367038965225, -1.1512451171875], [0.0, 0.0, 0.0, 1.0]], [[0.009620976634323597, -0.999697208404541, -0.02264556474983692, 0.0115966796875], [0.011641199700534344, 0.02275705523788929, -0.9996732473373413, 1.4831886291503906], [0.9998859167098999, 0.00935425329953432, 0.011856621131300926, -1.467803955078125], [0.0, 0.0, 0.0, 1.0]], [[-0.8441551327705383, -0.5355553030967712, -0.02414066344499588, 0.9197998046875], [0.01969282329082489, 0.01402247603982687, -0.9997076988220215, 1.4970531463623047], [0.5357372164726257, -0.8443837761878967, -0.001290550921112299, -1.16552734375], [0.0, 0.0, 0.0, 1.0]], [[0.947883129119873, 0.3185940980911255, 0.003911105915904045, -1.1492462158203125], [-0.005642401520162821, 0.029058068990707397, -0.9995618462562561, 1.5620765686035156], [-0.3185681700706482, 0.9474456906318665, 0.029341289773583412, -0.1541748046875], [0.0, 0.0, 0.0, 1.0]], [[0.00928291492164135, 0.9997242093086243, 0.021569404751062393, -0.0294189453125], [-0.0035565393045544624, 0.021603206172585487, -0.9997602701187134, 1.567779541015625], [-0.9999505877494812, 0.009203963913023472, 0.003756099147722125, -0.027099609375], [0.0, 0.0, 0.0, 1.0]], [[-0.9236487150192261, 0.38323891162872314, -0.0009310829336754978, 1.02557373046875], [0.0005676327273249626, -0.0010614487109705806, -0.9999992847442627, 1.547897458076477], [-0.38323965668678284, -0.9236485958099365, 0.0007628673920407891, -0.0970458984375], [0.0, 0.0, 0.0, 1.0]]], "view": [[0.0, -2.0, 100.0], [-2.0, 0.0, 100.0], [0.0, 0.0, 1.0]], "bev": "bev_c0d18a7c344c4602b66c611f5ddedbf8.png", "aux": "aux_c0d18a7c344c4602b66c611f5ddedbf8.npz", "visibility": "visibility_c0d18a7c344c4602b66c611f5ddedbf8.png", "pose": [[-0.846604585647583, -0.5322223901748657, 0.0, 526.913818359375], [0.5322223901748657, -0.846604585647583, 0.0, 1561.1787109375], [0.0, 0.0, 1.0, 0.0], [0.0, 0.0, 0.0, 1.0]], "pose_inverse": [[-0.846604585647583, 0.5322223901748657, 0.0, -384.80657958984375], [-0.5322223901748657, -0.846604585647583, 0.0, 1602.1363525390625], [0.0, 0.0, 1.0, 0.0], [0.0, 0.0, 0.0, 1.0]], "cam_ids": [0, 1, 2, 3, 4, 5], "cam_channels": ["CAM_FRONT_LEFT", "CAM_FRONT", "CAM_FRONT_RIGHT", "CAM_BACK_LEFT", "CAM_BACK", "CAM_BACK_RIGHT"], "token": "c0d18a7c344c4602b66c611f5ddedbf8", "scene": "scene-0684"}, {"images": ["samples/CAM_FRONT_LEFT/n008-2018-08-28-16-16-48-0400__CAM_FRONT_LEFT__1535488180254799.jpg", "samples/CAM_FRONT/n008-2018-08-28-16-16-48-0400__CAM_FRONT__1535488180262404.jpg", "samples/CAM_FRONT_RIGHT/n008-2018-08-28-16-16-48-0400__CAM_FRONT_RIGHT__1535488180270482.jpg", "samples/CAM_BACK_LEFT/n008-2018-08-28-16-16-48-0400__CAM_BACK_LEFT__1535488180297405.jpg", "samples/CAM_BACK/n008-2018-08-28-16-16-48-0400__CAM_BACK__1535488180287558.jpg", "samples/CAM_BACK_RIGHT/n008-2018-08-28-16-16-48-0400__CAM_BACK_RIGHT__1535488180278113.jpg"], "intrinsics": [[[1257.8625342125129, 0.0, 827.2410631095686], [0.0, 1257.8625342125129, 450.915498205774], [0.0, 0.0, 1.0]], [[1252.8131021185304, 0.0, 826.588114781398], [0.0, 1252.8131021185304, 469.9846626224581], [0.0, 0.0, 1.0]], [[1256.7485116440405, 0.0, 817.7887570959712], [0.0, 1256.7485116440403, 451.9541780095127], [0.0, 0.0, 1.0]], [[1254.9860565800168, 0.0, 829.5769333630991], [0.0, 1254.9860565800168, 467.1680561863987], [0.0, 0.0, 1.0]], [[796.8910634503094, 0.0, 857.7774326863696], [0.0, 796.8910634503094, 476.8848988407415], [0.0, 0.0, 1.0]], [[1249.9629280788233, 0.0, 825.3768045375984], [0.0, 1249.9629280788233, 462.54816385708756], [0.0, 0.0, 1.0]]], "extrinsics": [[[0.8221282958984375, -0.5692716240882874, -0.0059112850576639175, -0.7279052734375], [0.010132793337106705, 0.025013696402311325, -0.9996357560157776, 1.4915390014648438], [0.5692120790481567, 0.8217689394950867, 0.026332778856158257, -1.1480712890625], [0.0, 0.0, 0.0, 1.0]], [[0.00968005508184433, -0.9997389316558838, -0.020698104053735733, 0.01220703125], [0.012068506330251694, 0.02081436850130558, -0.9997105598449707, 1.4833602905273438], [0.999880313873291, 0.0094274478033185, 0.012266839854419231, -1.462615966796875], [0.0, 0.0, 0.0, 1.0]], [[-0.8441869020462036, -0.5355383157730103, -0.023393945768475533, 0.91754150390625], [0.020094487816095352, 0.011995477601885796, -0.9997261166572571, 1.4971942901611328], [0.5356722474098206, -0.8444257974624634, 0.0006349424947984517, -1.163818359375], [0.0, 0.0, 0.0, 1.0]], [[0.9478764533996582, 0.3186180293560028, 0.003576480085030198, -1.150390625], [-0.005191037431359291, 0.026663977652788162, -0.9996309876441956, 1.56207275390625], [-0.3185957968235016, 0.9475080966949463, 0.026928113773465157, -0.154052734375], [0.0, 0.0, 0.0, 1.0]], [[0.009362949058413506, 0.9997699856758118, 0.019293682649731636, -0.029296875], [-0.002937496639788151, 0.019321946427226067, -0.9998089671134949, 1.5678291320800781], [-0.9999518990516663, 0.009304462000727654, 0.0031177308410406113, -0.02679443359375], [0.0, 0.0, 0.0, 1.0]], [[-0.9235727787017822, 0.38341665267944336, -0.002237549517303705, 1.02520751953125], [0.0010918844491243362, -0.003205656073987484, -0.9999942779541016, 1.5479774475097656], [-0.38342154026031494, -0.923569917678833, 0.0025420100428164005, -0.0975341796875], [0.0, 0.0, 0.0, 1.0]]], "view": [[0.0, -2.0, 100.0], [-2.0, 0.0, 100.0], [0.0, 0.0, 1.0]], "bev": "bev_c89eaf238ce24c0c8ff1bdb342c637ff.png", "aux": "aux_c89eaf238ce24c0c8ff1bdb342c637ff.npz", "visibility": "visibility_c89eaf238ce24c0c8ff1bdb342c637ff.png", "pose": [[-0.8519547581672668, -0.5236154198646545, 0.0, 523.5926513671875], [0.5236154198646545, -0.8519547581672668, 0.0, 1563.302001953125], [0.0, 0.0, 1.0, 0.0], [0.0, 0.0, 0.0, 1.0]], "pose_inverse": [[-0.8519547581672668, 0.5236154198646545, 0.0, -372.49176025390625], [-0.5236154198646545, -0.8519547581672668, 0.0, 1606.0238037109375], [0.0, 0.0, 1.0, 0.0], [0.0, 0.0, 0.0, 1.0]], "cam_ids": [0, 1, 2, 3, 4, 5], "cam_channels": ["CAM_FRONT_LEFT", "CAM_FRONT", "CAM_FRONT_RIGHT", "CAM_BACK_LEFT", "CAM_BACK", "CAM_BACK_RIGHT"], "token": "c89eaf238ce24c0c8ff1bdb342c637ff", "scene": "scene-0684"}, {"images": ["samples/CAM_FRONT_LEFT/n008-2018-08-28-16-16-48-0400__CAM_FRONT_LEFT__1535488180755488.jpg", "samples/CAM_FRONT/n008-2018-08-28-16-16-48-0400__CAM_FRONT__1535488180762404.jpg", "samples/CAM_FRONT_RIGHT/n008-2018-08-28-16-16-48-0400__CAM_FRONT_RIGHT__1535488180770482.jpg", "samples/CAM_BACK_LEFT/n008-2018-08-28-16-16-48-0400__CAM_BACK_LEFT__1535488180797405.jpg", "samples/CAM_BACK/n008-2018-08-28-16-16-48-0400__CAM_BACK__1535488180787558.jpg", "samples/CAM_BACK_RIGHT/n008-2018-08-28-16-16-48-0400__CAM_BACK_RIGHT__1535488180778113.jpg"], "intrinsics": [[[1257.8625342125129, 0.0, 827.2410631095686], [0.0, 1257.8625342125129, 450.915498205774], [0.0, 0.0, 1.0]], [[1252.8131021185304, 0.0, 826.588114781398], [0.0, 1252.8131021185304, 469.9846626224581], [0.0, 0.0, 1.0]], [[1256.7485116440405, 0.0, 817.7887570959712], [0.0, 1256.7485116440403, 451.9541780095127], [0.0, 0.0, 1.0]], [[1254.9860565800168, 0.0, 829.5769333630991], [0.0, 1254.9860565800168, 467.1680561863987], [0.0, 0.0, 1.0]], [[796.8910634503094, 0.0, 857.7774326863696], [0.0, 796.8910634503094, 476.8848988407415], [0.0, 0.0, 1.0]], [[1249.9629280788233, 0.0, 825.3768045375984], [0.0, 1249.9629280788233, 462.54816385708756], [0.0, 0.0, 1.0]]], "extrinsics": [[[0.8225862383842468, -0.5686171650886536, -0.0051441490650177, -0.735107421875], [0.011057396419346333, 0.025039490312337875, -0.9996252655982971, 1.4917755126953125], [0.5685328841209412, 0.8222211599349976, 0.026884563267230988, -1.1522216796875], [0.0, 0.0, 0.0, 1.0]], [[0.010361401364207268, -0.9997286796569824, -0.020858440548181534, 0.01171875], [0.01324727013707161, 0.020994970574975014, -0.9996917843818665, 1.4836654663085938], [0.999858558177948, 0.010081969201564789, 0.013461215421557426, -1.4647216796875], [0.0, 0.0, 0.0, 1.0]], [[-0.8438714742660522, -0.5359731316566467, -0.02477381005883217, 0.918212890625], [0.021491296589374542, 0.012370580807328224, -0.9996924996376038, 1.4974660873413086], [0.5361148118972778, -0.8441444635391235, 0.00107957748696208, -1.1646728515625], [0.0, 0.0, 0.0, 1.0]], [[0.9478190541267395, 0.31875935196876526, 0.005618893541395664, -1.1474609375], [-0.003417740575969219, 0.027782998979091644, -0.9996080994606018, 1.5620155334472656], [-0.3187905550003052, 0.9474284052848816, 0.027422690764069557, -0.156494140625], [0.0, 0.0, 0.0, 1.0]], [[0.009052242152392864, 0.9997555613517761, 0.020171543583273888, -0.0299072265625], [-0.0013811890967190266, 0.020184854045510292, -0.9997953176498413, 1.5679244995117188], [-0.9999580383300781, 0.009022614918649197, 0.0015635701129212976, -0.028411865234375], [0.0, 0.0, 0.0, 1.0]], [[-0.9237226247787476, 0.38304704427719116, -0.0033856849186122417, 1.025390625], [0.002577562350779772, -0.0026229415088891983, -0.9999932646751404, 1.5481929779052734], [-0.3830533027648926, -0.9237251281738281, 0.0014355432940647006, -0.09765625], [0.0, 0.0, 0.0, 1.0]]], "view": [[0.0, -2.0, 100.0], [-2.0, 0.0, 100.0], [0.0, 0.0, 1.0]], "bev": "bev_09ae53d6f722438e981b7b79ab7c1cfe.png", "aux": "aux_09ae53d6f722438e981b7b79ab7c1cfe.npz", "visibility": "visibility_09ae53d6f722438e981b7b79ab7c1cfe.png", "pose": [[-0.8544638156890869, -0.5195109248161316, 0.0, 520.2101440429688], [0.5195109248161316, -0.8544638156890869, 0.0, 1565.419921875], [0.0, 0.0, 1.0, 0.0], [0.0, 0.0, 0.0, 1.0]], "pose_inverse": [[-0.8544638156890869, 0.5195109248161316, 0.0, -368.7519836425781], [-0.5195109248161316, -0.8544638156890869, 0.0, 1607.8494873046875], [0.0, 0.0, 1.0, 0.0], [0.0, 0.0, 0.0, 1.0]], "cam_ids": [0, 1, 2, 3, 4, 5], "cam_channels": ["CAM_FRONT_LEFT", "CAM_FRONT", "CAM_FRONT_RIGHT", "CAM_BACK_LEFT", "CAM_BACK", "CAM_BACK_RIGHT"], "token": "09ae53d6f722438e981b7b79ab7c1cfe", "scene": "scene-0684"}, {"images": ["samples/CAM_FRONT_LEFT/n008-2018-08-28-16-16-48-0400__CAM_FRONT_LEFT__1535488181254928.jpg", "samples/CAM_FRONT/n008-2018-08-28-16-16-48-0400__CAM_FRONT__1535488181262404.jpg", "samples/CAM_FRONT_RIGHT/n008-2018-08-28-16-16-48-0400__CAM_FRONT_RIGHT__1535488181270482.jpg", "samples/CAM_BACK_LEFT/n008-2018-08-28-16-16-48-0400__CAM_BACK_LEFT__1535488181297405.jpg", "samples/CAM_BACK/n008-2018-08-28-16-16-48-0400__CAM_BACK__1535488181287558.jpg", "samples/CAM_BACK_RIGHT/n008-2018-08-28-16-16-48-0400__CAM_BACK_RIGHT__1535488181278113.jpg"], "intrinsics": [[[1257.8625342125129, 0.0, 827.2410631095686], [0.0, 1257.8625342125129, 450.915498205774], [0.0, 0.0, 1.0]], [[1252.8131021185304, 0.0, 826.588114781398], [0.0, 1252.8131021185304, 469.9846626224581], [0.0, 0.0, 1.0]], [[1256.7485116440405, 0.0, 817.7887570959712], [0.0, 1256.7485116440403, 451.9541780095127], [0.0, 0.0, 1.0]], [[1254.9860565800168, 0.0, 829.5769333630991], [0.0, 1254.9860565800168, 467.1680561863987], [0.0, 0.0, 1.0]], [[796.8910634503094, 0.0, 857.7774326863696], [0.0, 796.8910634503094, 476.8848988407415], [0.0, 0.0, 1.0]], [[1249.9629280788233, 0.0, 825.3768045375984], [0.0, 1249.9629280788233, 462.54816385708756], [0.0, 0.0, 1.0]]], "extrinsics": [[[0.8225752711296082, -0.5686120390892029, -0.0070893126539886, -0.7353515625], [0.009009896777570248, 0.02549724280834198, -0.9996342658996582, 1.4911270141601562], [0.5685847997665405, 0.8222105503082275, 0.026096537709236145, -1.1513671875], [0.0, 0.0, 0.0, 1.0]], [[0.010343492031097412, -0.9997215867042542, -0.02120777778327465, 0.0113525390625], [0.010912611149251461, 0.02132050320506096, -0.999713122844696, 1.4830188751220703], [0.9998869299888611, 0.010109065100550652, 0.011130099184811115, -1.46722412109375], [0.0, 0.0, 0.0, 1.0]], [[-0.8439066410064697, -0.5360095500946045, -0.02270200476050377, 0.91888427734375], [0.018911702558398247, 0.012567759491503239, -0.9997421503067017, 1.4969215393066406], [0.5361566543579102, -0.8441183567047119, -0.00046916207065805793, -1.1654052734375], [0.0, 0.0, 0.0, 1.0]], [[0.9478859901428223, 0.3185998499393463, 0.0025121308863162994, -1.147918701171875], [-0.006633909419178963, 0.027618680149316788, -0.9995965361595154, 1.5620651245117188], [-0.31854066252708435, 0.9474868774414062, 0.02829292230308056, -0.15478515625], [0.0, 0.0, 0.0, 1.0]], [[0.009160617366433144, 0.9997559785842896, 0.020100001245737076, -0.0291748046875], [-0.004385222680866718, 0.020140815526247025, -0.9997875094413757, 1.5677261352539062], [-0.9999484419822693, 0.009070560336112976, 0.004568655043840408, -0.02838134765625], [0.0, 0.0, 0.0, 1.0]], [[-0.9237533211708069, 0.3829869031906128, -0.0008732848800718784, 1.02490234375], [-0.00010933174780802801, -0.0025438934098929167, -0.9999967217445374, 1.547800064086914], [-0.3829878866672516, -0.9237501621246338, 0.002391803078353405, -0.09814453125], [0.0, 0.0, 0.0, 1.0]]], "view": [[0.0, -2.0, 100.0], [-2.0, 0.0, 100.0], [0.0, 0.0, 1.0]], "bev": "bev_f7165818d9a84452b67ec5134908ba8a.png", "aux": "aux_f7165818d9a84452b67ec5134908ba8a.npz", "visibility": "visibility_f7165818d9a84452b67ec5134908ba8a.png", "pose": [[-0.8559278845787048, -0.517095148563385, 0.0, 516.9060668945312], [0.517095148563385, -0.8559278845787048, 0.0, 1567.4661865234375], [0.0, 0.0, 1.0, 0.0], [0.0, 0.0, 0.0, 1.0]], "pose_inverse": [[-0.8559278845787048, 0.517095148563385, 0.0, -368.0948791503906], [-0.517095148563385, -0.8559278845787048, 0.0, 1608.927734375], [0.0, 0.0, 1.0, 0.0], [0.0, 0.0, 0.0, 1.0]], "cam_ids": [0, 1, 2, 3, 4, 5], "cam_channels": ["CAM_FRONT_LEFT", "CAM_FRONT", "CAM_FRONT_RIGHT", "CAM_BACK_LEFT", "CAM_BACK", "CAM_BACK_RIGHT"], "token": "f7165818d9a84452b67ec5134908ba8a", "scene": "scene-0684"}, {"images": ["samples/CAM_FRONT_LEFT/n008-2018-08-28-16-16-48-0400__CAM_FRONT_LEFT__1535488181654799.jpg", "samples/CAM_FRONT/n008-2018-08-28-16-16-48-0400__CAM_FRONT__1535488181662404.jpg", "samples/CAM_FRONT_RIGHT/n008-2018-08-28-16-16-48-0400__CAM_FRONT_RIGHT__1535488181670484.jpg", "samples/CAM_BACK_LEFT/n008-2018-08-28-16-16-48-0400__CAM_BACK_LEFT__1535488181697405.jpg", "samples/CAM_BACK/n008-2018-08-28-16-16-48-0400__CAM_BACK__1535488181687558.jpg", "samples/CAM_BACK_RIGHT/n008-2018-08-28-16-16-48-0400__CAM_BACK_RIGHT__1535488181678113.jpg"], "intrinsics": [[[1257.8625342125129, 0.0, 827.2410631095686], [0.0, 1257.8625342125129, 450.915498205774], [0.0, 0.0, 1.0]], [[1252.8131021185304, 0.0, 826.588114781398], [0.0, 1252.8131021185304, 469.9846626224581], [0.0, 0.0, 1.0]], [[1256.7485116440405, 0.0, 817.7887570959712], [0.0, 1256.7485116440403, 451.9541780095127], [0.0, 0.0, 1.0]], [[1254.9860565800168, 0.0, 829.5769333630991], [0.0, 1254.9860565800168, 467.1680561863987], [0.0, 0.0, 1.0]], [[796.8910634503094, 0.0, 857.7774326863696], [0.0, 796.8910634503094, 476.8848988407415], [0.0, 0.0, 1.0]], [[1249.9629280788233, 0.0, 825.3768045375984], [0.0, 1249.9629280788233, 462.54816385708756], [0.0, 0.0, 1.0]]], "extrinsics": [[[0.822485089302063, -0.5687119364738464, -0.00923042744398117, -0.73974609375], [0.006397717632353306, 0.025477347895503044, -0.9996548891067505, 1.4903182983398438], [0.5687507390975952, 0.8221421241760254, 0.02459319308400154, -1.151611328125], [0.0, 0.0, 0.0, 1.0]], [[0.010163608938455582, -0.9997202157974243, -0.021359551697969437, 0.0091552734375], [0.00835100281983614, 0.02144477143883705, -0.9997351765632629, 1.4823360443115234], [0.9999134540557861, 0.0099825793877244, 0.008566622622311115, -1.471710205078125], [0.0, 0.0, 0.0, 1.0]], [[-0.844022810459137, -0.5359075665473938, -0.020705590024590492, 0.92144775390625], [0.016368456184864044, 0.012848776765167713, -0.999783456325531, 1.4963502883911133], [0.5360575318336487, -0.8441789150238037, -0.002072681440040469, -1.1693115234375], [0.0, 0.0, 0.0, 1.0]], [[0.947910487651825, 0.3185368478298187, 0.0004275919636711478, -1.1472930908203125], [-0.00904567539691925, 0.028260134160518646, -0.9995596408843994, 1.5621147155761719], [-0.31840863823890686, 0.9474891424179077, 0.02966945618391037, -0.153564453125], [0.0, 0.0, 0.0, 1.0]], [[0.009291385300457478, 0.9997442364692688, 0.020620793104171753, -0.02783203125], [-0.006634383462369442, 0.020682862028479576, -0.9997640