[{"images": ["samples/CAM_FRONT_LEFT/n015-2018-11-21-19-21-35+0800__CAM_FRONT_LEFT__1542799542104844.jpg", "samples/CAM_FRONT/n015-2018-11-21-19-21-35+0800__CAM_FRONT__1542799542112460.jpg", "samples/CAM_FRONT_RIGHT/n015-2018-11-21-19-21-35+0800__CAM_FRONT_RIGHT__1542799542120339.jpg", "samples/CAM_BACK_LEFT/n015-2018-11-21-19-21-35+0800__CAM_BACK_LEFT__1542799542147423.jpg", "samples/CAM_BACK/n015-2018-11-21-19-21-35+0800__CAM_BACK__1542799542137525.jpg", "samples/CAM_BACK_RIGHT/n015-2018-11-21-19-21-35+0800__CAM_BACK_RIGHT__1542799542127893.jpg"], "intrinsics": [[[1272.5979470598488, 0.0, 826.6154927353808], [0.0, 1272.5979470598488, 479.75165386361925], [0.0, 0.0, 1.0]], [[1266.417203046554, 0.0, 816.2670197447984], [0.0, 1266.417203046554, 491.50706579294757], [0.0, 0.0, 1.0]], [[1260.8474446004698, 0.0, 807.968244525554], [0.0, 1260.8474446004698, 495.3344268742088], [0.0, 0.0, 1.0]], [[1256.7414812095406, 0.0, 792.1125740759628], [0.0, 1256.7414812095406, 492.7757465151356], [0.0, 0.0, 1.0]], [[809.2209905677063, 0.0, 829.2196003259838], [0.0, 809.2209905677063, 481.77842384512485], [0.0, 0.0, 1.0]], [[1259.5137405846733, 0.0, 807.2529053838625], [0.0, 1259.5137405846733, 501.19579884916527], [0.0, 0.0, 1.0]]], "extrinsics": [[[0.8206304907798767, -0.5714575052261353, 0.0014168682973831892, -0.6695556640625], [-0.014728713780641556, -0.023629315197467804, -0.9996122717857361, 1.5030441284179688], [0.5712693333625793, 0.8202914595603943, -0.027807768434286118, -1.07763671875], [0.0, 0.0, 0.0, 1.0]], [[0.005677767563611269, -0.9996035099029541, 0.027577852830290794, 0.009033203125], [-0.020080795511603355, -0.02768670953810215, -0.9994149208068848, 1.5146636962890625], [0.9997822046279907, 0.0051206317730247974, -0.02023003064095974, -1.397216796875], [0.0, 0.0, 0.0, 1.0]], [[-0.8329790234565735, -0.553015410900116, 0.01788731850683689, 0.8414306640625], [-0.014512121677398682, -0.010481010191142559, -0.9998397827148438, 1.5003299713134766], [0.5531142950057983, -0.8331051468849182, 0.0007050343556329608, -1.1201171875], [0.0, 0.0, 0.0, 1.0]], [[0.9476333260536194, 0.318816214799881, -0.018637558445334435, -1.1339111328125], [-0.00585521012544632, -0.041004735976457596, -0.9991418123245239, 1.5885086059570312], [-0.31930676102638245, 0.9469292163848877, -0.03699072077870369, -0.10693359375], [0.0, 0.0, 0.0, 1.0]], [[0.002340877428650856, 0.9995177388191223, -0.03096669353544712, 0.002197265625], [-0.031326472759246826, -0.030878283083438873, -0.9990321397781372, 1.57659912109375], [-0.9995064735412598, 0.0033087285701185465, 0.03123907931149006, -0.086822509765625], [0.0, 0.0, 0.0, 1.0]], [[-0.9348341822624207, 0.3550207316875458, -0.006739656440913677, 0.978759765625], [0.0013211047044023871, -0.015502837486565113, -0.9998789429664612, 1.5516853332519531], [-0.3550822138786316, -0.9347298741340637, 0.014023561030626297, -0.122314453125], [0.0, 0.0, 0.0, 1.0]]], "view": [[0.0, -2.0, 100.0], [-2.0, 0.0, 100.0], [0.0, 0.0, 1.0]], "bev": "bev_dc2def2a7bc94693b67eba2ffbe13a56.png", "aux": "aux_dc2def2a7bc94693b67eba2ffbe13a56.npz", "visibility": "visibility_dc2def2a7bc94693b67eba2ffbe13a56.png", "pose": [[-0.7756270170211792, -0.6311915516853333, 0.0, 1560.07080078125], [0.6311915516853333, -0.7756270170211792, 0.0, 2508.6962890625], [0.0, 0.0, 1.0, 0.0], [0.0, 0.0, 0.0, 1.0]], "pose_inverse": [[-0.7756270170211792, 0.6311915516853333, 0.0, -373.4348449707031], [-0.6311915516853333, -0.7756270170211792, 0.0, 2930.51611328125], [0.0, 0.0, 1.0, 0.0], [0.0, 0.0, 0.0, 1.0]], "cam_ids": [0, 1, 2, 3, 4, 5], "cam_channels": ["CAM_FRONT_LEFT", "CAM_FRONT", "CAM_FRONT_RIGHT", "CAM_BACK_LEFT", "CAM_BACK", "CAM_BACK_RIGHT"], "token": "dc2def2a7bc94693b67eba2ffbe13a56", "scene": "scene-1065"}, {"images": ["samples/CAM_FRONT_LEFT/n015-2018-11-21-19-21-35+0800__CAM_FRONT_LEFT__1542799542604844.jpg", "samples/CAM_FRONT/n015-2018-11-21-19-21-35+0800__CAM_FRONT__1542799542612460.jpg", "samples/CAM_FRONT_RIGHT/n015-2018-11-21-19-21-35+0800__CAM_FRONT_RIGHT__1542799542620339.jpg", "samples/CAM_BACK_LEFT/n015-2018-11-21-19-21-35+0800__CAM_BACK_LEFT__1542799542647423.jpg", "samples/CAM_BACK/n015-2018-11-21-19-21-35+0800__CAM_BACK__1542799542637525.jpg", "samples/CAM_BACK_RIGHT/n015-2018-11-21-19-21-35+0800__CAM_BACK_RIGHT__1542799542627893.jpg"], "intrinsics": [[[1272.5979470598488, 0.0, 826.6154927353808], [0.0, 1272.5979470598488, 479.75165386361925], [0.0, 0.0, 1.0]], [[1266.417203046554, 0.0, 816.2670197447984], [0.0, 1266.417203046554, 491.50706579294757], [0.0, 0.0, 1.0]], [[1260.8474446004698, 0.0, 807.968244525554], [0.0, 1260.8474446004698, 495.3344268742088], [0.0, 0.0, 1.0]], [[1256.7414812095406, 0.0, 792.1125740759628], [0.0, 1256.7414812095406, 492.7757465151356], [0.0, 0.0, 1.0]], [[809.2209905677063, 0.0, 829.2196003259838], [0.0, 809.2209905677063, 481.77842384512485], [0.0, 0.0, 1.0]], [[1259.5137405846733, 0.0, 807.2529053838625], [0.0, 1259.5137405846733, 501.19579884916527], [0.0, 0.0, 1.0]]], "extrinsics": [[[0.8203248977661133, -0.5718392133712769, 0.008179569616913795, -0.7115478515625], [-0.0045432704500854015, -0.020818209275603294, -0.9997729659080505, 1.5069007873535156], [0.5718796253204346, 0.8201014995574951, -0.019675716757774353, -1.10693359375], [0.0, 0.0, 0.0, 1.0]], [[0.005079235881567001, -0.9996846914291382, 0.024589546024799347, 0.00830078125], [-0.009835951030254364, -0.024638619273900986, -0.9996480345726013, 1.5180892944335938], [0.9999387264251709, 0.004835553001612425, -0.009957995265722275, -1.438690185546875], [0.0, 0.0, 0.0, 1.0]], [[-0.83323073387146, -0.5528749823570251, 0.007470583543181419, 0.8680419921875], [-0.004194955807179213, -0.007189616095274687, -0.9999653697013855, 1.5028247833251953], [0.5529095530509949, -0.833233118057251, 0.0036713227164000273, -1.1376953125], [0.0, 0.0, 0.0, 1.0]], [[0.9477701783180237, 0.31886613368988037, -0.007482666056603193, -1.13555908203125], [0.004412722773849964, -0.03656655550003052, -0.999321460723877, 1.5886077880859375], [-0.3189234435558319, 0.9470940828323364, -0.03606376424431801, -0.10693359375], [0.0, 0.0, 0.0, 1.0]], [[0.0026376370806246996, 0.9996315240859985, -0.027016259729862213, 0.001708984375], [-0.020960509777069092, -0.026955153793096542, -0.9994168877601624, 1.5777435302734375], [-0.9997768402099609, 0.00320229004137218, 0.020881690084934235, -0.0760498046875], [0.0, 0.0, 0.0, 1.0]], [[-0.9346773028373718, 0.3551732897758484, -0.015173962339758873, 0.999755859375], [0.01168561726808548, -0.011964750476181507, -0.9998601078987122, 1.5531730651855469], [-0.35530510544776917, -0.9347239136695862, 0.007032760884612799, -0.1142578125], [0.0, 0.0, 0.0, 1.0]]], "view": [[0.0, -2.0, 100.0], [-2.0, 0.0, 100.0], [0.0, 0.0, 1.0]], "bev": "bev_d528a32b7367451e84f119068d4568a0.png", "aux": "aux_d528a32b7367451e84f119068d4568a0.npz", "visibility": "visibility_d528a32b7367451e84f119068d4568a0.png", "pose": [[-0.7790679931640625, -0.6269394159317017, 0.0, 1557.126220703125], [0.6269394159317017, -0.7790679931640625, 0.0, 2511.111572265625], [0.0, 0.0, 1.0, 0.0], [0.0, 0.0, 0.0, 1.0]], "pose_inverse": [[-0.7790679931640625, 0.6269394159317017, 0.0, -361.2075500488281], [-0.6269394159317017, -0.7790679931640625, 0.0, 2932.550537109375], [0.0, 0.0, 1.0, 0.0], [0.0, 0.0, 0.0, 1.0]], "cam_ids": [0, 1, 2, 3, 4, 5], "cam_channels": ["CAM_FRONT_LEFT", "CAM_FRONT", "CAM_FRONT_RIGHT", "CAM_BACK_LEFT", "CAM_BACK", "CAM_BACK_RIGHT"], "token": "d528a32b7367451e84f119068d4568a0", "scene": "scene-1065"}, {"images": ["samples/CAM_FRONT_LEFT/n015-2018-11-21-19-21-35+0800__CAM_FRONT_LEFT__1542799543104844.jpg", "samples/CAM_FRONT/n015-2018-11-21-19-21-35+0800__CAM_FRONT__1542799543112460.jpg", "samples/CAM_FRONT_RIGHT/n015-2018-11-21-19-21-35+0800__CAM_FRONT_RIGHT__1542799543120339.jpg", "samples/CAM_BACK_LEFT/n015-2018-11-21-19-21-35+0800__CAM_BACK_LEFT__1542799543147423.jpg", "samples/CAM_BACK/n015-2018-11-21-19-21-35+0800__CAM_BACK__1542799543137525.jpg", "samples/CAM_BACK_RIGHT/n015-2018-11-21-19-21-35+0800__CAM_BACK_RIGHT__1542799543127893.jpg"], "intrinsics": [[[1272.5979470598488, 0.0, 826.6154927353808], [0.0, 1272.5979470598488, 479.75165386361925], [0.0, 0.0, 1.0]], [[1266.417203046554, 0.0, 816.2670197447984], [0.0, 1266.417203046554, 491.50706579294757], [0.0, 0.0, 1.0]], [[1260.8474446004698, 0.0, 807.968244525554], [0.0, 1260.8474446004698, 495.3344268742088], [0.0, 0.0, 1.0]], [[1256.7414812095406, 0.0, 792.1125740759628], [0.0, 1256.7414812095406, 492.7757465151356], [0.0, 0.0, 1.0]], [[809.2209905677063, 0.0, 829.2196003259838], [0.0, 809.2209905677063, 481.77842384512485], [0.0, 0.0, 1.0]], [[1259.5137405846733, 0.0, 807.2529053838625], [0.0, 1259.5137405846733, 501.19579884916527], [0.0, 0.0, 1.0]]], "extrinsics": [[[0.820349931716919, -0.571861743927002, 0.0004400282632559538, -0.74609375], [-0.008572365157306194, -0.013066647574305534, -0.9998778700828552, 1.506011962890625], [0.5717974901199341, 0.8202459812164307, -0.01562142837792635, -1.130859375], [0.0, 0.0, 0.0, 1.0]], [[0.005173254758119583, -0.9998413920402527, 0.01704220101237297, 0.008544921875], [-0.014033892191946507, -0.017113342881202698, -0.9997550845146179, 1.5175094604492188], [0.9998881816864014, 0.004932851530611515, -0.014120196923613548, -1.474609375], [0.0, 0.0, 0.0, 1.0]], [[-0.8331970572471619, -0.5529308319091797, 0.007082304917275906, 0.8917236328125], [-0.008569186553359032, 0.00010449197725392878, -0.9999632239341736, 1.5021905899047852], [0.552909791469574, -0.8332270979881287, -0.0048252297565341, -1.15380859375], [0.0, 0.0, 0.0, 1.0]], [[0.9477536678314209, 0.31884658336639404, -0.009988704696297646, -1.138427734375], [-0.0004042683285661042, -0.03011174313724041, -0.999546468257904, 1.58856201171875], [-0.31900274753570557, 0.9473279118537903, -0.028409617021679878, -0.10546875], [0.0, 0.0, 0.0, 1.0]], [[0.0025283433496952057, 0.9997922778129578, -0.020227855071425438, 0.001953125], [-0.025664718821644783, -0.020156381651759148, -0.9994674324989319, 1.5777168273925781], [-0.9996674060821533, 0.0030461193528026342, 0.025608420372009277, -0.062591552734375], [0.0, 0.0, 0.0, 1.0]], [[-0.9347326755523682, 0.3552516996860504, -0.00843364279717207, 1.0203857421875], [0.00716261425986886, -0.004892861004918814, -0.9999623894691467, 1.5523386001586914], [-0.3552795946598053, -0.9347578883171082, 0.0020289868116378784, -0.106689453125], [0.0, 0.0, 0.0, 1.0]]], "view": [[0.0, -2.0, 100.0], [-2.0, 0.0, 100.0], [0.0, 0.0, 1.0]], "bev": "bev_6350cb22be8c458792dee63332f31617.png", "aux": "aux_6350cb22be8c458792dee63332f31617.npz", "visibility": "visibility_6350cb22be8c458792dee63332f31617.png", "pose": [[-0.7816529273986816, -0.6237136721611023, 0.0, 1554.5953369140625], [0.6237136721611023, -0.7816529273986816, 0.0, 2513.17578125], [0.0, 0.0, 1.0, 0.0], [0.0, 0.0, 0.0, 1.0]], "pose_inverse": [[-0.7816529273986816, 0.6237136721611023, 0.0, -352.3480529785156], [-0.6237136721611023, -0.7816529273986816, 0.0, 2934.053466796875], [0.0, 0.0, 1.0, 0.0], [0.0, 0.0, 0.0, 1.0]], "cam_ids": [0, 1, 2, 3, 4, 5], "cam_channels": ["CAM_FRONT_LEFT", "CAM_FRONT", "CAM_FRONT_RIGHT", "CAM_BACK_LEFT", "CAM_BACK", "CAM_BACK_RIGHT"], "token": "6350cb22be8c458792dee63332f31617", "scene": "scene-1065"}, {"images": ["samples/CAM_FRONT_LEFT/n015-2018-11-21-19-21-35+0800__CAM_FRONT_LEFT__1542799543604844.jpg", "samples/CAM_FRONT/n015-2018-11-21-19-21-35+0800__CAM_FRONT__1542799543612460.jpg", "samples/CAM_FRONT_RIGHT/n015-2018-11-21-19-21-35+0800__CAM_FRONT_RIGHT__1542799543620339.jpg", "samples/CAM_BACK_LEFT/n015-2018-11-21-19-21-35+0800__CAM_BACK_LEFT__1542799543647423.jpg", "samples/CAM_BACK/n015-2018-11-21-19-21-35+0800__CAM_BACK__1542799543637525.jpg", "samples/CAM_BACK_RIGHT/n015-2018-11-21-19-21-35+0800__CAM_BACK_RIGHT__1542799543627893.jpg"], "intrinsics": [[[1272.5979470598488, 0.0, 826.6154927353808], [0.0, 1272.5979470598488, 479.75165386361925], [0.0, 0.0, 1.0]], [[1266.417203046554, 0.0, 816.2670197447984], [0.0, 1266.417203046554, 491.50706579294757], [0.0, 0.0, 1.0]], [[1260.8474446004698, 0.0, 807.968244525554], [0.0, 1260.8474446004698, 495.3344268742088], [0.0, 0.0, 1.0]], [[1256.7414812095406, 0.0, 792.1125740759628], [0.0, 1256.7414812095406, 492.7757465151356], [0.0, 0.0, 1.0]], [[809.2209905677063, 0.0, 829.2196003259838], [0.0, 809.2209905677063, 481.77842384512485], [0.0, 0.0, 1.0]], [[1259.5137405846733, 0.0, 807.2529053838625], [0.0, 1259.5137405846733, 501.19579884916527], [0.0, 0.0, 1.0]]], "extrinsics": [[[0.8205129504203796, -0.5715990662574768, 0.0057388958521187305, -0.7886962890625], [-0.001817538170143962, -0.012648271396756172, -0.9999183416366577, 1.50787353515625], [0.5716250538825989, 0.8204355835914612, -0.011416974477469921, -1.15869140625], [0.0, 0.0, 0.0, 1.0]], [[0.005329972133040428, -0.999841034412384, 0.0170085821300745, 0.006591796875], [-0.00672391289845109, -0.017044275999069214, -0.9998321533203125, 1.5193710327148438], [0.999963104724884, 0.00521475076675415, -0.006813692394644022, -1.5164794921875], [0.0, 0.0, 0.0, 1.0]], [[-0.8330962657928467, -0.5531274676322937, 0.000675368937663734, 0.919189453125], [-0.0006880927248857915, -0.00018462420848663896, -0.9999997615814209, 1.503555178642273], [0.5531274676322937, -0.8330965638160706, -0.0002267944219056517, -1.173095703125], [0.0, 0.0, 0.0, 1.0]], [[0.9478350877761841, 0.31875845789909363, -0.0012906510382890701, -1.14141845703125], [0.009335346519947052, -0.0318056158721447, -0.9994505047798157, 1.5885543823242188], [-0.3186243176460266, 0.9473021626472473, -0.03312220051884651, -0.103759765625], [0.0, 0.0, 0.0, 1.0]], [[0.0025981857907027006, 0.9997684955596924, -0.0213631559163332, 0.00244140625], [-0.01648213528096676, -0.021317513659596443, -0.9996368885040283, 1.5785408020019531], [-0.9998607039451599, 0.002949436428025365, 0.016422931104898453, -0.048065185546875], [0.0, 0.0, 0.0, 1.0]], [[-0.9346958994865417, 0.3550628423690796, -0.016550052911043167, 1.0443115234375], [0.015601999126374722, -0.005533282179385424, -0.9998629689216614, 1.5529823303222656], [-0.3551057279109955, -0.9348260760307312, -0.0003677538188640028, -0.09814453125], [0.0, 0.0, 0.0, 1.0]]], "view": [[0.0, -2.0, 100.0], [-2.0, 0.0, 100.0], [0.0, 0.0, 1.0]], "bev": "bev_7aac5fbd9a7348ce9f85890881ec0dfb.png", "aux": "aux_7aac5fbd9a7348ce9f85890881ec0dfb.npz", "visibility": "visibility_7aac5fbd9a7348ce9f85890881ec0dfb.png", "pose": [[-0.7840514183044434, -0.6206958889961243, 0.0, 1552.492919921875], [0.6206958889961243, -0.7840514183044434, 0.0, 2514.869140625], [0.0, 0.0, 1.0, 0.0], [0.0, 0.0, 0.0, 1.0]], "pose_inverse": [[-0.7840514183044434, 0.6206958889961243, 0.0, -343.73468017578125], [-0.6206958889961243, -0.7840514183044434, 0.0, 2935.41259765625], [0.0, 0.0, 1.0, 0.0], [0.0, 0.0, 0.0, 1.0]], "cam_ids": [0, 1, 2, 3, 4, 5], "cam_channels": ["CAM_FRONT_LEFT", "CAM_FRONT", "CAM_FRONT_RIGHT", "CAM_BACK_LEFT", "CAM_BACK", "CAM_BACK_RIGHT"], "token": "7aac5fbd9a7348ce9f85890881ec0dfb", "scene": "scene-1065"}, {"images": ["samples/CAM_FRONT_LEFT/n015-2018-11-21-19-21-35+0800__CAM_FRONT_LEFT__1542799544104844.jpg", "samples/CAM_FRONT/n015-2018-11-21-19-21-35+0800__CAM_FRONT__1542799544112460.jpg", "samples/CAM_FRONT_RIGHT/n015-2018-11-21-19-21-35+0800__CAM_FRONT_RIGHT__1542799544120339.jpg", "samples/CAM_BACK_LEFT/n015-2018-11-21-19-21-35+0800__CAM_BACK_LEFT__1542799544147423.jpg", "samples/CAM_BACK/n015-2018-11-21-19-21-35+0800__CAM_BACK__1542799544137525.jpg", "samples/CAM_BACK_RIGHT/n015-2018-11-21-19-21-35+0800__CAM_BACK_RIGHT__1542799544127893.jpg"], "intrinsics": [[[1272.5979470598488, 0.0, 826.6154927353808], [0.0, 1272.5979470598488, 479.75165386361925], [0.0, 0.0, 1.0]], [[1266.417203046554, 0.0, 816.2670197447984], [0.0, 1266.417203046554, 491.50706579294757], [0.0, 0.0, 1.0]], [[1260.8474446004698, 0.0, 807.968244525554], [0.0, 1260.8474446004698, 495.3344268742088], [0.0, 0.0, 1.0]], [[1256.7414812095406, 0.0, 792.1125740759628], [0.0, 1256.7414812095406, 492.7757465151356], [0.0, 0.0, 1.0]], [[809.2209905677063, 0.0, 829.2196003259838], [0.0, 809.2209905677063, 481.77842384512485], [0.0, 0.0, 1.0]], [[1259.5137405846733, 0.0, 807.2529053838625], [0.0, 1259.5137405846733, 501.19579884916527], [0.0, 0.0, 1.0]]], "extrinsics": [[[0.8203988075256348, -0.5703262686729431, 0.04091339558362961, -0.805419921875], [0.04523869603872299, -0.0065872021950781345, -0.9989544749259949, 1.5170173645019531], [0.5699994564056396, 0.8213919401168823, 0.020396681502461433, -1.170654296875], [0.0, 0.0, 0.0, 1.0]], [[0.006261217873543501, -0.9999199509620667, 0.010992911644279957, 0.006591796875], [0.04015795886516571, -0.010732831433415413, -0.9991357326507568, 1.5269203186035156], [0.9991737604141235, 0.006697297561913729, 0.040087535977363586, -1.5335693359375], [0.0, 0.0, 0.0, 1.0]], [[-0.8313295841217041, -0.5542042851448059, -0.0418163426220417, 0.930419921875], [0.045977748930454254, 0.006403053645044565, -0.9989218711853027, 1.5092976093292236], [0.5538746118545532, -0.8323560953140259, 0.02015801891684532, -1.18017578125], [0.0, 0.0, 0.0, 1.0]], [[0.9465364217758179, 0.31957533955574036, 0.044051140546798706, -1.143798828125], [0.054677821695804596, -0.024352284148335457, -0.9982070326805115, 1.588470458984375], [-0.31792959570884705, 0.9472479820251465, -0.04052400216460228, -0.103271484375], [0.0, 0.0, 0.0, 1.0]], [[0.0022296449169516563, 0.9998984932899475, -0.014075124636292458, 0.0029296875], [0.029457205906510353, -0.014134724624454975, -0.999466061592102, 1.580657958984375], [-0.9995635747909546, 0.0018138738814741373, -0.029485728591680527, -0.04254150390625], [0.0, 0.0, 0.0, 1.0]], [[-0.9334502220153809, 0.35406678915023804, -0.05751100182533264, 1.0538330078125], [0.062000252306461334, 0.001338272588327527, -0.9980752468109131, 1.5569190979003906], [-0.35330843925476074, -0.9352191686630249, -0.023201443254947662, -0.0947265625], [0.0, 0.0, 0.0, 1.0]]], "view": [[0.0, -2.0, 100.0], [-2.0, 0.0, 100.0], [0.0, 0.0, 1.0]], "bev": "bev_cc4e11cedcc84ec9add244318e24367e.png", "aux": "aux_cc4e11cedcc84ec9add244318e24367e.npz", "visibility": "visibility_cc4e11cedcc84ec9add244318e24367e.png", "pose": [[-0.7827203273773193, -0.622373640537262, 0.0, 1550.65380859375], [0.622373640537262, -0.7827203273773193, 0.0, 2516.343505859375], [0.0, 0.0, 1.0, 0.0], [0.0, 0.0, 0.0, 1.0]], "pose_inverse": [[-0.7827203273773193, 0.622373640537262, 0.0, -352.3775939941406], [-0.622373640537262, -0.7827203273773193, 0.0, 2934.67919921875], [0.0, 0.0, 1.0, 0.0], [0.0, 0.0, 0.0, 1.0]], "cam_ids": [0, 1, 2, 3, 4, 5], "cam_channels": ["CAM_FRONT_LEFT", "CAM_FRONT", "CAM_FRONT_RIGHT", "CAM_BACK_LEFT", "CAM_BACK", "CAM_BACK_RIGHT"], "token": "cc4e11cedcc84ec9add244318e24367e", "scene": "scene-1065"}, {"images": ["samples/CAM_FRONT_LEFT/n015-2018-11-21-19-21-35+0800__CAM_FRONT_LEFT__1542799544604844.jpg", "samples/CAM_FRONT/n015-2018-11-21-19-21-35+0800__CAM_FRONT__1542799544612460.jpg", "samples/CAM_FRONT_RIGHT/n015-2018-11-21-19-21-35+0800__CAM_FRONT_RIGHT__1542799544620339.jpg", "samples/CAM_BACK_LEFT/n015-2018-11-21-19-21-35+0800__CAM_BACK_LEFT__1542799544647423.jpg", "samples/CAM_BACK/n015-2018-11-21-19-21-35+0800__CAM_BACK__1542799544637525.jpg", "samples/CAM_BACK_RIGHT/n015-2018-11-21-19-21-35+0800__CAM_BACK_RIGHT__1542799544627893.jpg"], "intrinsics": [[[1272.5979470598488, 0.0, 826.6154927353808], [0.0, 1272.5979470598488, 479.75165386361925], [0.0, 0.0, 1.0]], [[1266.417203046554, 0.0, 816.2670197447984], [0.0, 1266.417203046554, 491.50706579294757], [0.0, 0.0, 1.0]], [[1260.8474446004698, 0.0, 807.968244525554], [0.0, 1260.8474446004698, 495.3344268742088], [0.0, 0.0, 1.0]], [[1256.7414812095406, 0.0, 792.1125740759628], [0.0, 1256.7414812095406, 492.7757465151356], [0.0, 0.0, 1.0]], [[809.2209905677063, 0.0, 829.2196003259838], [0.0, 809.2209905677063, 481.77842384512485], [0.0, 0.0, 1.0]], [[1259.5137405846733, 0.0, 807.2529053838625], [0.0, 1259.5137405846733, 501.19579884916527], [0.0, 0.0, 1.0]]], "extrinsics": [[[0.820430338382721, -0.5707729458808899, -0.0333503782749176, -0.78857421875], [-0.04194025695323944, -0.0019063373329117894, -0.9991182684898376, 1.4993066787719727], [0.5702061057090759, 0.8211056590080261, -0.02550237998366356, -1.160888671875], [0.0, 0.0, 0.0, 1.0]], [[0.006453862879425287, -0.999963641166687, 0.005578426644206047, 0.008544921875], [-0.04691284894943237, -0.005875172093510628, -0.9988817572593689, 1.5123417377471924], [0.9988780617713928, 0.006184970494359732, -0.04694906249642372, -1.517669677734375], [0.0, 0.0, 0.0, 1.0]], [[-0.8322342038154602, -0.5537272095680237, 0.027790537104010582, 0.920654296875], [-0.0409722700715065, 0.011437304317951202, -0.9990947842597961, 1.4980812072753906], [0.5529081225395203, -0.8326195478439331, -0.0322059765458107, -1.1728515625], [0.0, 0.0, 0.0, 1.0]], [[0.9470657110214233, 0.3191761374473572, -0.03454109653830528, -1.14471435546875], [-0.030150489881634712, -0.018688281998038292, -0.9993706345558167, 1.5886306762695312], [-0.3196207284927368, 0.9475111365318298, -0.008075718767940998, -0.10302734375], [0.0, 0.0, 0.0, 1.0]], [[0.00174623669590801, 0.9999591112136841, -0.008869918994605541, 0.00244140625], [-0.05657614767551422, -0.00875693280249834, -0.9983599185943604, 1.5766196250915527], [-0.9983966946601868, 0.0022452359553426504, 0.05655854195356369, -0.046600341796875], [0.0, 0.0, 0.0, 1.0]], [[-0.9346570372581482, 0.3546416759490967, 0.02540554851293564, 1.044921875], [-0.024700874462723732, 0.006514775101095438, -0.9996736645698547, 1.549041748046875], [-0.3546915054321289, -0.9349796772003174, 0.002670879242941737, -0.096923828125], [0.0, 0.0, 0.0, 1.0]]], "view": [[0.0, -2.0, 100.0], [-2.0, 0.0, 100.0], [0.0, 0.0, 1.0]], "bev": "bev_32e623d951244e09a4ae29f2d0bcf901.png", "aux": "aux_32e623d951244e09a4ae29f2d0bcf901.npz", "visibility": "visibility_32e623d951244e09a4ae29f2d0bcf901.png", "pose": [[-0.7803110480308533, -0.6253916025161743, 0.0, 1548.8349609375], [0.6253916025161743, -0.7803110480308533, 0.0, 2517.813720703125], [0.0, 0.0, 1.0, 0.0], [0.0, 0.0, 0.0, 1.0]], "pose_inverse": [[-0.7803110480308533, 0.6253916025161743, 0.0, -366.04644775390625], [-0.6253916025161743, -0.7803110480308533, 0.0, 2933.30615234375], [0.0, 0.0, 1.0, 0.0], [0.0, 0.0, 0.0, 1.0]], "cam_ids": [0, 1, 2, 3, 4, 5], "cam_channels": ["CAM_FRONT_LEFT", "CAM_FRONT", "CAM_FRONT_RIGHT", "CAM_BACK_LEFT", "CAM_BACK", "CAM_BACK_RIGHT"], "token": "32e623d951244e09a4ae29f2d0bcf901", "scene": "scene-1065"}, {"images": ["samples/CAM_FRONT_LEFT/n015-2018-11-21-19-21-35+0800__CAM_FRONT_LEFT__1542799545154844.jpg", "samples/CAM_FRONT/n015-2018-11-21-19-21-35+0800__CAM_FRONT__1542799545162460.jpg", "samples/CAM_FRONT_RIGHT/n015-2018-11-21-19-21-35+0800__CAM_FRONT_RIGHT__1542799545170339.jpg", "samples/CAM_BACK_LEFT/n015-2018-11-21-19-21-35+0800__CAM_BACK_LEFT__1542799545197423.jpg", "samples/CAM_BACK/n015-2018-11-21-19-21-35+0800__CAM_BACK__1542799545187525.jpg", "samples/CAM_BACK_RIGHT/n015-2018-11-21-19-21-35+0800__CAM_BACK_RIGHT__1542799545177893.jpg"], "intrinsics": [[[1272.5979470598488, 0.0, 826.6154927353808], [0.0, 1272.5979470598488, 479.75165386361925], [0.0, 0.0, 1.0]], [[1266.417203046554, 0.0, 816.2670197447984], [0.0, 1266.417203046554, 491.50706579294757], [0.0, 0.0, 1.0]], [[1260.8474446004698, 0.0, 807.968244525554], [0.0, 1260.8474446004698, 495.3344268742088], [0.0, 0.0, 1.0]], [[1256.7414812095406, 0.0, 792.1125740759628], [0.0, 1256.7414812095406, 492.7757465151356], [0.0, 0.0, 1.0]], [[809.2209905677063, 0.0, 829.2196003259838], [0.0, 809.2209905677063, 481.77842384512485], [0.0, 0.0, 1.0]], [[1259.5137405846733, 0.0, 807.2529053838625], [0.0, 1259.5137405846733, 501.19579884916527], [0.0, 0.0, 1.0]]], "extrinsics": [[[0.8208630084991455, -0.5709854364395142, 0.012631874531507492, -0.7593994140625], [0.013652142137289047, -0.0024941449519246817, -0.999903678894043, 1.511652946472168], [0.5709619522094727, 0.8209564089775085, 0.0057478235103189945, -1.140380859375], [0.0, 0.0, 0.0, 1.0]], [[0.005938960239291191, -0.999962568283081, 0.006289721000939608, 0.008544921875], [0.007367483805865049, -0.006245905999094248, -0.9999533891677856, 1.522054672241211], [0.9999551177024841, 0.005985035095363855, 0.007330113090574741, -1.487701416015625], [0.0, 0.0, 0.0, 1.0]], [[-0.832619845867157, -0.5536056160926819, -0.01627577841281891, 0.9005126953125], [0.012024196796119213, 0.011311255395412445, -0.9998636841773987, 1.505544662475586], [0.5537142753601074, -0.832702100276947, -0.0027613111305981874, -1.159423828125], [0.0, 0.0, 0.0, 1.0]], [[0.9476833939552307, 0.31900811195373535, 0.011404851451516151, -1.1424560546875], [0.018009740859270096, -0.01776234433054924, -0.9996799826622009, 1.5885505676269531], [-0.31870341300964355, 0.9475855827331543, -0.02257833071053028, -0.103759765625], [0.0, 0.0, 0.0, 1.0]], [[0.0023434681352227926, 0.999963104724884, -0.008276238106191158, 0.002197265625], [-0.00651053199544549, -0.00826082844287157, -0.9999446868896484, 1.5789813995361328], [-0.9999760389328003, 0.002397152129560709, 0.0064909327775239944, -0.056488037109375], [0.0, 0.0, 0.0, 1.0]], [[-0.9346779584884644, 0.3547540605068207, -0.02295014262199402, 1.0279541015625], [0.02706843428313732, 0.006649797782301903, -0.999611496925354, 1.5545692443847656], [-0.3544636368751526, -0.9349360466003418, -0.01581805758178234, -0.103759765625], [0.0, 0.0, 0.0, 1.0]]], "view": [[0.0, -2.0, 100.0], [-2.0, 0.0, 100.0], [0.0, 0.0, 1.0]], "bev": "bev_e504fa8b548f4ae48bf687918ef001b4.png", "aux": "aux_e504fa8b548f4ae48bf687918ef001b4.npz", "visibility": "visibility_e504fa8b548f4ae48bf687918ef001b4.png", "pose": [[-0.7782012224197388, -0.6280150413513184, 0.0, 1546.4482421875], [0.6280150413513184, -0.7782012224197388, 0.0, 2519.7646484375], [0.0, 0.0, 1.0, 0.0], [0.0, 0.0, 0.0, 1.0]], "pose_inverse": [[-0.7782012224197388, 0.6280150413513184, 0.0, -379.002197265625], [-0.6280150413513184, -0.7782012224197388, 0.0, 2932.07666015625], [0.0, 0.0, 1.0, 0.0], [0.0, 0.0, 0.0, 1.0]], "cam_ids": [0, 1, 2, 3, 4, 5], "cam_channels": ["CAM_FRONT_LEFT", "CAM_FRONT", "CAM_FRONT_RIGHT", "CAM_BACK_LEFT", "CAM_BACK", "CAM_BACK_RIGHT"], "token": "e504fa8b548f4ae48bf687918ef001b4", "scene": "scene-1065"}, {"images": ["samples/CAM_FRONT_LEFT/n015-2018-11-21-19-21-35+0800__CAM_FRONT_LEFT__1542799545654844.jpg", "samples/CAM_FRONT/n015-2018-11-21-19-21-35+0800__CAM_FRONT__1542799545662460.jpg", "samples/CAM_FRONT_RIGHT/n015-2018-11-21-19-21-35+0800__CAM_FRONT_RIGHT__1542799545670339.jpg", "samples/CAM_BACK_LEFT/n015-2018-11-21-19-21-35+0800__CAM_BACK_LEFT__1542799545697443.jpg", "samples/CAM_BACK/n015-2018-11-21-19-21-35+0800__CAM_BACK__1542799545687525.jpg", "samples/CAM_BACK_RIGHT/n015-2018-11-21-19-21-35+0800__CAM_BACK_RIGHT__1542799545677893.jpg"], "intrinsics": [[[1272.5979470598488, 0.0, 826.6154927353808], [0.0, 1272.5979470598488, 479.75165386361925], [0.0, 0.0, 1.0]], [[1266.417203046554, 0.0, 816.2670197447984], [0.0, 1266.417203046554, 491.50706579294757], [0.0, 0.0, 1.0]], [[1260.8474446004698, 0.0, 807.968244525554], [0.0, 1260.8474446004698, 495.3344268742088], [0.0, 0.0, 1.0]], [[1256.7414812095406, 0.0, 792.1125740759628], [0.0, 1256.7414812095406, 492.7757465151356], [0.0, 0.0, 1.0]], [[809.2209905677063, 0.0, 829.2196003259838], [0.0, 809.2209905677063, 481.77842384512485], [0.0, 0.0, 1.0]], [[1259.5137405846733, 0.0, 807.2529053838625], [0.0, 1259.5137405846733, 501.19579884916527], [0.0, 0.0, 1.0]]], "extrinsics": [[[0.8205447196960449, -0.5714882612228394, 0.010365188121795654, -0.7286376953125], [0.019740410149097443, 0.010210643522441387, -0.9997529983520508, 1.513916015625], [0.5712412595748901, 0.8205466270446777, 0.019659703597426414, -1.116455078125], [0.0, 0.0, 0.0, 1.0]], [[0.005562149919569492, -0.9999656081199646, -0.006148749962449074, 0.007080078125], [0.014527350664138794, 0.00622900016605854, -0.9998750686645508, 1.5239648818969727], [0.9998789429664612, 0.005472153425216675, 0.01456149760633707, -1.455780029296875], [0.0, 0.0, 0.0, 1.0]], [[-0.8326036930084229, -0.5530652403831482, -0.029830966144800186, 0.8797607421875], [0.020188726484775543, 0.023518789559602737, -0.9995195269584656, 1.5073356628417969], [0.5535010099411011, -0.832805871963501, -0.008416147902607918, -1.146728515625], [0.0, 0.0, 0.0, 1.0]], [[0.9474973082542419, 0.3187783658504486, 0.025082919746637344, -1.14166259765625], [0.028719130903482437, -0.006710907910019159, -0.9995650053024292, 1.588571548461914], [-0.31847134232521057, 0.9478054642677307, -0.015513606369495392, -0.103759765625], [0.0, 0.0, 0.0, 1.0]], [[0.0025091529823839664, 0.9999913573265076, 0.003298887750133872, 0.002685546875], [0.0033945573959499598, 0.0032903619576245546, -0.999988853931427, 1.5795879364013672], [-0.9999910593032837, 0.002520338399335742, -0.0033862716518342495, -0.066070556640625], [0.0, 0.0, 0.0, 1.0]], [[-0.9343659281730652, 0.3552822172641754, -0.027107371017336845, 1.011962890625], [0.03604554384946823, 0.0185617133975029, -0.9991777539253235, 1.5562400817871094], [-0.3544869124889374, -0.9345747232437134, -0.030149776488542557, -0.111083984375], [0.0, 0.0, 0.0, 1.0]]], "view": [[0.0, -2.0, 100.0], [-2.0, 0.0, 100.0], [0.0, 0.0, 1.0]], "bev": "bev_9e6eb8eefe2f4facabe681aca09cea2d.png", "aux": "aux_9e6eb8eefe2f4facabe681aca09cea2d.npz", "visibility": "visibility_9e6eb8eefe2f4facabe681aca09cea2d.png", "pose": [[-0.7796326279640198, -0.6262370944023132, 0.0, 1543.9732666015625], [0.6262370944023132, -0.7796326279640198, 0.0, 2521.78125], [0.0, 0.0, 1.0, 0.0], [0.0, 0.0, 0.0, 1.0]], "pose_inverse": [[-0.7796326279640198, 0.6262370944023132, 0.0, -375.5010681152344], [-0.6262370944023132, -0.7796326279640198, 0.0, 2932.956298828125], [0.0, 0.0, 1.0, 0.0], [0.0, 0.0, 0.0, 1.0]], "cam_ids": [0, 1, 2, 3, 4, 5], "cam_channels": ["CAM_FRONT_LEFT", "CAM_FRONT", "CAM_FRONT_RIGHT", "CAM_BACK_LEFT", "CAM_BACK", "CAM_BACK_RIGHT"], "token": "9e6eb8eefe2f4facabe681aca09cea2d", "scene": "scene-1065"}, {"images": ["samples/CAM_FRONT_LEFT/n015-2018-11-21-19-21-35+0800__CAM_FRONT_LEFT__1542799546154844.jpg", "samples/CAM_FRONT/n015-2018-11-21-19-21-35+0800__CAM_FRONT__1542799546162460.jpg", "samples/CAM_FRONT_RIGHT/n015-2018-11-21-19-21-35+0800__CAM_FRONT_RIGHT__1542799546170339.jpg", "samples/CAM_BACK_LEFT/n015-2018-11-21-19-21-35+0800__CAM_BACK_LEFT__1542799546197423.jpg", "samples/CAM_BACK/n015-2018-11-21-19-21-35+0800__CAM_BACK__1542799546187525.jpg", "samples/CAM_BACK_RIGHT/n015-2018-11-21-19-21-35+0800__CAM_BACK_RIGHT__1542799546177893.jpg"], "intrinsics": [[[1272.5979470598488, 0.0, 826.6154927353808], [0.0, 1272.5979470598488, 479.75165386361925], [0.0, 0.0, 1.0]], [[1266.417203046554, 0.0, 816.2670197447984], [0.0, 1266.417203046554, 491.50706579294757], [0.0, 0.0, 1.0]], [[1260.8474446004698, 0.0, 807.968244525554], [0.0, 1260.8474446004698, 495.3344268742088], [0.0, 0.0, 1.0]], [[1256.7414812095406, 0.0, 792.1125740759628], [0.0, 1256.7414812095406, 492.7757465151356], [0.0, 0.0, 1.0]], [[809.2209905677063, 0.0, 829.2196003259838], [0.0, 809.2209905677063, 481.77842384512485], [0.0, 0.0, 1.0]], [[1259.5137405846733, 0.0, 807.2529053838625], [0.0, 1259.5137405846733, 501.19579884916527], [0.0, 0.0, 1.0]]], "extrinsics": [[[0.8203238248825073, -0.5718521475791931, -0.0073457579128444195, -0.6915283203125], [-0.006683059968054295, 0.0032583288848400116, -0.9999723434448242, 1.5060234069824219], [0.5718602538108826, 0.8203502297401428, -0.001148837385699153, -1.091796875], [0.0, 0.0, 0.0, 1.0]], [[0.005150715820491314, -0.9999859929084778, 0.0011980264680460095, 0.0078125], [-0.01229407824575901, -0.001261275727301836, -0.9999236464500427, 1.517148733139038], [0.9999111294746399, 0.005135569721460342, -0.012300402857363224, -1.416839599609375], [0.0, 0.0, 0.0, 1.0]], [[-0.8331753611564636, -0.5530020594596863, -0.002754144137725234, 0.8521728515625], [-0.006960908882319927, 0.015467223711311817, -0.9998561143875122, 1.5021133422851562], [0.5529650449752808, -0.8330363631248474, -0.016736304387450218, -1.12744140625], [0.0, 0.0, 0.0, 1.0]], [[0.9477585554122925, 0.31895720958709717, -0.00446136062964797, -1.1326904296875], [0.0008740149787627161, -0.01658247411251068, -0.9998621344566345, 1.5885696411132812], [-0.3189871907234192, 0.9476240277290344, -0.015994956716895103, -0.10693359375], [0.0, 0.0, 0.0, 1.0]], [[0.0024986565113067627, 0.99997878074646, -0.006010137964040041, 0.002685546875], [-0.02428375370800495, -0.00594770722091198, -0.9996874332427979, 1.5772604942321777], [-0.9997019171714783, 0.002643854357302189, 0.02426837757229805, -0.084503173828125], [0.0, 0.0, 0.0, 1.0]], [[-0.9347518682479858, 0.3552719056606293, -0.004548473283648491, 0.98583984375], [0.00866091437637806, 0.009985958226025105, -0.9999126195907593, 1.5528335571289062], [-0.35519543290138245, -0.9347097277641296, -0.012411374598741531, -0.119873046875], [0.0, 0.0, 0.0, 1.0]]], "view": [[0.0, -2.0, 100.0], [-2.0, 0.0, 100.0], [0.0, 0.0, 1.0]], "bev": "bev_c2848cc504144003a6e1eac71a6918b9.png", "aux": "aux_c2848cc504144003a6e1eac71a6918b9.npz", "visibility": "visibility_c2848cc504144003a6e1eac71a6918b9.png", "pose": [[-0.7819235324859619, -0.623374342918396, 0.0, 1541.1751708984375], [0.623374342918396, -0.7819235324859619, 0.0, 2524.04248046875], [0.0, 0.0, 1.0, 0.0], [0.0, 0.0, 0.0, 1.0]], "pose_inverse": [[-0.7819235324859619, 0.623374342918396, 0.0, -368.3421630859375], [-0.623374342918396, -0.7819235324859619, 0.0, 2934.33740234375], [0.0, 0.0, 1.0, 0.0], [0.0, 0.0, 0.0, 1.0]], "cam_ids": [0, 1, 2, 3, 4, 5], "cam_channels": ["CAM_FRONT_LEFT", "CAM_FRONT", "CAM_FRONT_RIGHT", "CAM_BACK_LEFT", "CAM_BACK", "CAM_BACK_RIGHT"], "token": "c2848cc504144003a6e1eac71a6918b9", "scene": "scene-1065"}, {"images": ["samples/CAM_FRONT_LEFT/n015-2018-11-21-19-21-35+0800__CAM_FRONT_LEFT__1542799546654844.jpg", "samples/CAM_FRONT/n015-2018-11-21-19-21-35+0800__CAM_FRONT__1542799546662460.jpg", "samples/CAM_FRONT_RIGHT/n015-2018-11-21-19-21-35+0800__CAM_FRONT_RIGHT__1542799546670339.jpg", "samples/CAM_BACK_LEFT/n015-2018-11-21-19-21-35+0800__CAM_BACK_LEFT__1542799546697423.jpg", "samples/CAM_BACK/n015-2018-11-21-19-21-35+0800__CAM_BACK__1542799546687525.jpg", "samples/CAM_BACK_RIGHT/n015-2018-11-21-19-21-35+0800__CAM_BACK_RIGHT__1542799546677893.jpg"], "intrinsics": [[[1272.5979470598488, 0.0, 826.6154927353808], [0.0, 1272.5979470598488, 479.75165386361925], [0.0, 0.0, 1.0]], [[1266.417203046554, 0.0, 816.2670197447984], [0.0, 1266.417203046554, 491.50706579294757], [0.0, 0.0, 1.0]], [[1260.8474446004698, 0.0, 807.968244525554], [0.0, 1260.8474446004698, 495.3344268742088], [0.0, 0.0, 1.0]], [[1256.7414812095406, 0.0, 792.1125740759628], [0.0, 1256.7414812095406, 492.7757465151356], [0.0, 0.0, 1.0]], [[809.2209905677063, 0.0, 829.2196003259838], [0.0, 809.2209905677063, 481.77842384512485], [0.0, 0.0, 1.0]], [[1259.5137405846733, 0.0, 807.2529053838625], [0.0, 1259.5137405846733, 501.19579884916527], [0.0, 0.0, 1.0]]], "extrinsics": [[[0.8210523128509521, -0.5706294775009155, 0.01596890389919281, -0.655029296875], [0.014786813408136368, -0.006704965606331825, -0.9998681545257568, 1.5138225555419922], [0.5706613659858704, 0.8211802244186401, 0.0029326644726097584, -1.067626953125], [0.0, 0.0, 0.0, 1.0]], [[0.006145227700471878, -0.9999222755432129, 0.01085310336202383, 0.008544921875], [0.009198254905641079, -0.010796326212584972, -0.9998993873596191, 1.5234260559082031], [0.9999387264251709, 0.006244489923119545, 0.009131192229688168, -1.37994384765625], [0.0, 0.0, 0.0, 1.0]], [[-0.8325361609458923, -0.5537517666816711, -0.015573970042169094, 0.827392578125], [0.014443368650972843, 0.006406120490282774, -0.9998751282691956, 1.5072011947631836], [0.5537824630737305, -0.8326571583747864, 0.002664716448634863, -1.111328125], [0.0, 0.0, 0.0, 1.0]], [[0.9476386308670044, 0.3190864622592926, 0.012837271206080914, -1.1280517578125], [0.021514317020773888, -0.02368355356156826, -0.9994879364967346, 1.5888748168945312], [-0.3186189532279968, 0.9474295973777771, -0.02930837869644165, -0.108642578125], [0.0, 0.0, 0.0, 1.0]], [[0.002392756287008524, 0.9999014139175415, -0.013836265541613102, 0.002685546875], [-0.0032527169678360224, -0.01382844801992178, -0.9998990893363953, 1.5790328979492188], [-0.9999918937683105, 0.0024376148357987404, 0.0032193074002861977, -0.09857177734375], [0.0, 0.0, 0.0, 1.0]], [[-0.9345951676368713, 0.35465192794799805, -0.027457840740680695, 0.9649658203125], [0.02991197071969509, 0.0014381855726242065, -0.99955153465271, 1.5569233894348145], [-0.35445332527160645, -0.9349973201751709, -0.011952458880841732, -0.12841796875], [0.0, 0.0, 0.0, 1.0]]], "view": [[0.0, -2.0, 100.0], [-2.0, 0.0, 100.0], [0.0, 0.0, 1.0]], "bev": "bev_f7a93963d6cc431099c3e6943cda4d72.png", "aux": "aux_f7a93963d6cc431099c3e6943cda4d72.npz", "visibility": "visibility_f7a93963d6cc431099c3e6943cda4d72.png", "pose": [[-0.7817878723144531, -0.6235445141792297, 0.0, 1538.057861328125], [0.6235445141792297, -0.7817878723144531, 0.0, 2526.5478515625], [0.0, 0.0, 1.0, 0.0], [0.0, 0.0, 0.0, 1.0]], "pose_inverse": [[-0.7817878723144531, 0.6235445141792297, 0.0, -372.9800720214844], [-0.6235445141792297, -0.7817878723144531, 0.0, 2934.27197265625], [0.0, 0.0, 1.0, 0.0], [0.0, 0.0, 0.0, 1.0]], "cam_ids": [0, 1, 2, 3, 4, 5], "cam_channels": ["CAM_FRONT_LEFT", "CAM_FRONT", "CAM_FRONT_RIGHT", "CAM_BACK_LEFT", "CAM_BACK", "CAM_BACK_RIGHT"], "token": "f7a93963d6cc431099c3e6943cda4d72", "scene": "scene-1065"}, {"images": ["samples/CAM_FRONT_LEFT/n015-2018-11-21-19-21-35+0800__CAM_FRONT_LEFT__1542799547154844.jpg", "samples/CAM_FRONT/n015-2018-11-21-19-21-35+0800__CAM_FRONT__1542799547162460.jpg", "samples/CAM_FRONT_RIGHT/n015-2018-11-21-19-21-35+0800__CAM_FRONT_RIGHT__1542799547170339.jpg", "samples/CAM_BACK_LEFT/n015-2018-11-21-19-21-35+0800__CAM_BACK_LEFT__1542799547197423.jpg", "samples/CAM_BACK/n015-2018-11-21-19-21-35+0800__CAM_BACK__1542799547187525.jpg", "samples/CAM_BACK_RIGHT/n015-2018-11-21-19-21-35+0800__CAM_BACK_RIGHT__1542799547177893.jpg"], "intrinsics": [[[1272.5979470598488, 0.0, 826.6154927353808], [0.0, 1272.5979470598488, 479.75165386361925], [0.0, 0.0, 1.0]], [[1266.417203046554, 0.0, 816.2670197447984], [0.0, 1266.417203046554, 491.50706579294757], [0.0, 0.0, 1.0]], [[1260.8474446004698, 0.0, 807.968244525554], [0.0, 1260.8474446004698, 495.3344268742088], [0.0, 0.0, 1.0]], [[1256.7414812095406, 0.0, 792.1125740759628], [0.0, 1256.7414812095406, 492.7757465151356], [0.0, 0.0, 1.0]], [[809.2209905677063, 0.0, 829.2196003259838], [0.0, 809.2209905677063, 481.77842384512485], [0.0, 0.0, 1.0]], [[1259.5137405846733, 0.0, 807.2529053838625], [0.0, 1259.5137405846733, 501.19579884916527], [0.0, 0.0, 1.0]]], "extrinsics": [[[0.8208797574043274, -0.5710984468460083, 0.0016700419364497066, -0.6380615234375], [-0.0015512537211179733, -0.005153945181518793, -0.9999855160713196, 1.5076360702514648], [0.571098804473877, 0.8208653926849365, -0.005116688087582588, -1.053955078125], [0.0, 0.0, 0.0, 1.0]], [[0.005896625109016895, -0.9999386668205261, 0.009364059194922447, 0.0078125], [-0.007177966181188822, -0.00940630678087473, -0.9999300241470337, 1.5181865692138672], [0.9999568462371826, 0.005829093046486378, -0.007232992444187403, -1.364532470703125], [0.0, 0.0, 0.0, 1.0]], [[-0.832831621170044, -0.5535202026367188, -0.0026227764319628477, 0.81982421875], [-0.0019080581841990352, 0.007609093561768532, -0.9999692440032959, 1.5031471252441406], [0.5535231232643127, -0.8328009843826294, -0.007393242791295052, -1.106201171875], [0.0, 0.0, 0.0, 1.0]], [[0.9477666616439819, 0.31895649433135986, -0.0022302663419395685, -1.13299560546875], [0.005538832396268845, -0.023448772728443146, -0.9997096657752991, 1.5886154174804688], [-0.3189162313938141, 0.9474791884422302, -0.023990614339709282, -0.10693359375], [0.0, 0.0, 0.0, 1.0]], [[0.0023147291503846645, 0.9999093413352966, -0.013263908214867115, 0.00244140625], [-0.01942484825849533, -0.013216481544077396, -0.9997239708900452, 1.5774364471435547], [-0.99