[{"images": ["samples/CAM_FRONT_LEFT/n015-2018-11-14-18-57-54+0800__CAM_FRONT_LEFT__1542193201754844.jpg", "samples/CAM_FRONT/n015-2018-11-14-18-57-54+0800__CAM_FRONT__1542193201762460.jpg", "samples/CAM_FRONT_RIGHT/n015-2018-11-14-18-57-54+0800__CAM_FRONT_RIGHT__1542193201770339.jpg", "samples/CAM_BACK_LEFT/n015-2018-11-14-18-57-54+0800__CAM_BACK_LEFT__1542193201797423.jpg", "samples/CAM_BACK/n015-2018-11-14-18-57-54+0800__CAM_BACK__1542193201787525.jpg", "samples/CAM_BACK_RIGHT/n015-2018-11-14-18-57-54+0800__CAM_BACK_RIGHT__1542193201777893.jpg"], "intrinsics": [[[1272.5979470598488, 0.0, 826.6154927353808], [0.0, 1272.5979470598488, 479.75165386361925], [0.0, 0.0, 1.0]], [[1266.417203046554, 0.0, 816.2670197447984], [0.0, 1266.417203046554, 491.50706579294757], [0.0, 0.0, 1.0]], [[1260.8474446004698, 0.0, 807.968244525554], [0.0, 1260.8474446004698, 495.3344268742088], [0.0, 0.0, 1.0]], [[1256.7414812095406, 0.0, 792.1125740759628], [0.0, 1256.7414812095406, 492.7757465151356], [0.0, 0.0, 1.0]], [[809.2209905677063, 0.0, 829.2196003259838], [0.0, 809.2209905677063, 481.77842384512485], [0.0, 0.0, 1.0]], [[1259.5137405846733, 0.0, 807.2529053838625], [0.0, 1259.5137405846733, 501.19579884916527], [0.0, 0.0, 1.0]]], "extrinsics": [[[0.8182897567749023, -0.5745663046836853, 0.016596296802163124, -0.728790283203125], [0.006470889784395695, -0.01966296322643757, -0.9997857213020325, 1.5101203918457031], [0.5747694969177246, 0.8182218074798584, -0.012372048571705818, -1.115234375], [0.0, 0.0, 0.0, 1.0]], [[0.002087803091853857, -0.9997169971466064, 0.02369561232626438, 0.006103515625], [0.001080792979337275, -0.023693393915891647, -0.9997187256813049, 1.5208015441894531], [0.9999971985816956, 0.0021128018852323294, 0.0010310214711353183, -1.455322265625], [0.0, 0.0, 0.0, 1.0]], [[-0.8344141244888306, -0.5511342883110046, -0.0020026955753564835, 0.878662109375], [0.006685307715088129, -0.006487905979156494, -0.9999566078186035, 1.5048718452453613], [0.5510973334312439, -0.8343913555145264, 0.00909810233861208, -1.14739990234375], [0.0, 0.0, 0.0, 1.0]], [[0.9477859735488892, 0.31889575719833374, 0.002668150467798114, -1.141357421875], [0.015193612314760685, -0.03679652139544487, -0.9992072582244873, 1.5884971618652344], [-0.31854483485221863, 0.9470751881599426, -0.039720408618450165, -0.102294921875], [0.0, 0.0, 0.0, 1.0]], [[0.0034742692951112986, 0.9996340870857239, -0.026824943721294403, 0.00341796875], [-0.010196106508374214, -0.026788299903273582, -0.9995891451835632, 1.5786514282226562], [-0.9999419450759888, 0.003746323985978961, 0.01009930670261383, -0.0665283203125], [0.0, 0.0, 0.0, 1.0]], [[-0.933959424495697, 0.35649511218070984, -0.02511964924633503, 1.01214599609375], [0.022493062540888786, -0.01151214074343443, -0.9996806979179382, 1.554433822631836], [-0.35667046904563904, -0.9342262744903564, 0.002733206143602729, -0.111572265625], [0.0, 0.0, 0.0, 1.0]]], "view": [[0.0, -2.0, 100.0], [-2.0, 0.0, 100.0], [0.0, 0.0, 1.0]], "bev": "bev_94ca6355bc4b46aab672d8a3b0bb2905.png", "aux": "aux_94ca6355bc4b46aab672d8a3b0bb2905.npz", "visibility": "visibility_94ca6355bc4b46aab672d8a3b0bb2905.png", "pose": [[-0.9332332611083984, 0.35927101969718933, 0.0, 780.9577026367188], [-0.35927101969718933, -0.9332332611083984, 0.0, 2793.552490234375], [0.0, 0.0, 1.0, 0.0], [0.0, 0.0, 0.0, 1.0]], "pose_inverse": [[-0.9332332611083984, -0.35927101969718933, 0.0, 1732.4581298828125], [0.35927101969718933, -0.9332332611083984, 0.0, 2326.460693359375], [0.0, 0.0, 1.0, 0.0], [0.0, 0.0, 0.0, 1.0]], "cam_ids": [0, 1, 2, 3, 4, 5], "cam_channels": ["CAM_FRONT_LEFT", "CAM_FRONT", "CAM_FRONT_RIGHT", "CAM_BACK_LEFT", "CAM_BACK", "CAM_BACK_RIGHT"], "token": "94ca6355bc4b46aab672d8a3b0bb2905", "scene": "scene-0996"}, {"images": ["samples/CAM_FRONT_LEFT/n015-2018-11-14-18-57-54+0800__CAM_FRONT_LEFT__1542193202254844.jpg", "samples/CAM_FRONT/n015-2018-11-14-18-57-54+0800__CAM_FRONT__1542193202262460.jpg", "samples/CAM_FRONT_RIGHT/n015-2018-11-14-18-57-54+0800__CAM_FRONT_RIGHT__1542193202270339.jpg", "samples/CAM_BACK_LEFT/n015-2018-11-14-18-57-54+0800__CAM_BACK_LEFT__1542193202297440.jpg", "samples/CAM_BACK/n015-2018-11-14-18-57-54+0800__CAM_BACK__1542193202287525.jpg", "samples/CAM_BACK_RIGHT/n015-2018-11-14-18-57-54+0800__CAM_BACK_RIGHT__1542193202277893.jpg"], "intrinsics": [[[1272.5979470598488, 0.0, 826.6154927353808], [0.0, 1272.5979470598488, 479.75165386361925], [0.0, 0.0, 1.0]], [[1266.417203046554, 0.0, 816.2670197447984], [0.0, 1266.417203046554, 491.50706579294757], [0.0, 0.0, 1.0]], [[1260.8474446004698, 0.0, 807.968244525554], [0.0, 1260.8474446004698, 495.3344268742088], [0.0, 0.0, 1.0]], [[1256.7414812095406, 0.0, 792.1125740759628], [0.0, 1256.7414812095406, 492.7757465151356], [0.0, 0.0, 1.0]], [[809.2209905677063, 0.0, 829.2196003259838], [0.0, 809.2209905677063, 481.77842384512485], [0.0, 0.0, 1.0]], [[1259.5137405846733, 0.0, 807.2529053838625], [0.0, 1259.5137405846733, 501.19579884916527], [0.0, 0.0, 1.0]]], "extrinsics": [[[0.8186829090118408, -0.5741420388221741, 0.010913863778114319, -0.7270965576171875], [0.0019361440790817142, -0.016245657578110695, -0.9998661279678345, 1.5088653564453125], [0.5742424726486206, 0.8185945749282837, -0.012188420630991459, -1.117919921875], [0.0, 0.0, 0.0, 1.0]], [[0.0027421992272138596, -0.9997897744178772, 0.020321065559983253, 0.0087890625], [-0.003572720568627119, -0.02033080905675888, -0.9997869729995728, 1.5197486877441406], [0.9999898672103882, 0.0026690466329455376, -0.0036277209874242544, -1.4560546875], [0.0, 0.0, 0.0, 1.0]], [[-0.8341529965400696, -0.5515329837799072, 0.00018730215379036963, 0.880859375], [0.0018797970842570066, -0.003182654269039631, -0.9999931454658508, 1.5039987564086914], [0.5515298247337341, -0.834147036075592, 0.003691592486575246, -1.1456298828125], [0.0, 0.0, 0.0, 1.0]], [[0.9477498531341553, 0.3190113604068756, -0.0014334007864817977, -1.13720703125], [0.009835273027420044, -0.03371007740497589, -0.999383270740509, 1.5886154174804688], [-0.3188628554344177, 0.947151243686676, -0.03508628159761429, -0.105712890625], [0.0, 0.0, 0.0, 1.0]], [[0.0032470887526869774, 0.9997140169143677, -0.023696331307291985, 0.001953125], [-0.015350712463259697, -0.02364383079111576, -0.9996026158332825, 1.57830810546875], [-0.9998769164085388, 0.003609563922509551, 0.015269545838236809, -0.0682373046875], [0.0, 0.0, 0.0, 1.0]], [[-0.9341799020767212, 0.35627758502960205, -0.019344326108694077, 1.0111083984375], [0.017546895891427994, -0.008276495151221752, -0.9998118281364441, 1.553802490234375], [-0.3563706576824188, -0.9343435168266296, 0.0014801681973040104, -0.109619140625], [0.0, 0.0, 0.0, 1.0]]], "view": [[0.0, -2.0, 100.0], [-2.0, 0.0, 100.0], [0.0, 0.0, 1.0]], "bev": "bev_c921aac53544444fa82af29d7c7732f0.png", "aux": "aux_c921aac53544444fa82af29d7c7732f0.npz", "visibility": "visibility_c921aac53544444fa82af29d7c7732f0.png", "pose": [[-0.9147651195526123, 0.4039861559867859, 0.0, 777.7880249023438], [-0.4039861559867859, -0.9147651195526123, 0.0, 2792.27294921875], [0.0, 0.0, 1.0, 0.0], [0.0, 0.0, 0.0, 1.0]], "pose_inverse": [[-0.9147651195526123, -0.4039861559867859, 0.0, 1839.532958984375], [0.4039861559867859, -0.9147651195526123, 0.0, 2240.058349609375], [0.0, 0.0, 1.0, 0.0], [0.0, 0.0, 0.0, 1.0]], "cam_ids": [0, 1, 2, 3, 4, 5], "cam_channels": ["CAM_FRONT_LEFT", "CAM_FRONT", "CAM_FRONT_RIGHT", "CAM_BACK_LEFT", "CAM_BACK", "CAM_BACK_RIGHT"], "token": "c921aac53544444fa82af29d7c7732f0", "scene": "scene-0996"}, {"images": ["samples/CAM_FRONT_LEFT/n015-2018-11-14-18-57-54+0800__CAM_FRONT_LEFT__1542193202754844.jpg", "samples/CAM_FRONT/n015-2018-11-14-18-57-54+0800__CAM_FRONT__1542193202762460.jpg", "samples/CAM_FRONT_RIGHT/n015-2018-11-14-18-57-54+0800__CAM_FRONT_RIGHT__1542193202770339.jpg", "samples/CAM_BACK_LEFT/n015-2018-11-14-18-57-54+0800__CAM_BACK_LEFT__1542193202797423.jpg", "samples/CAM_BACK/n015-2018-11-14-18-57-54+0800__CAM_BACK__1542193202787525.jpg", "samples/CAM_BACK_RIGHT/n015-2018-11-14-18-57-54+0800__CAM_BACK_RIGHT__1542193202777893.jpg"], "intrinsics": [[[1272.5979470598488, 0.0, 826.6154927353808], [0.0, 1272.5979470598488, 479.75165386361925], [0.0, 0.0, 1.0]], [[1266.417203046554, 0.0, 816.2670197447984], [0.0, 1266.417203046554, 491.50706579294757], [0.0, 0.0, 1.0]], [[1260.8474446004698, 0.0, 807.968244525554], [0.0, 1260.8474446004698, 495.3344268742088], [0.0, 0.0, 1.0]], [[1256.7414812095406, 0.0, 792.1125740759628], [0.0, 1256.7414812095406, 492.7757465151356], [0.0, 0.0, 1.0]], [[809.2209905677063, 0.0, 829.2196003259838], [0.0, 809.2209905677063, 481.77842384512485], [0.0, 0.0, 1.0]], [[1259.5137405846733, 0.0, 807.2529053838625], [0.0, 1259.5137405846733, 501.19579884916527], [0.0, 0.0, 1.0]]], "extrinsics": [[[0.8185391426086426, -0.5742878913879395, 0.013676666654646397, -0.73040771484375], [0.0059723034501075745, -0.015299394726753235, -0.9998651146888733, 1.5099868774414062], [0.5744196772575378, 0.8185104131698608, -0.0090933321043849, -1.11865234375], [0.0, 0.0, 0.0, 1.0]], [[0.002557286061346531, -0.9998084902763367, 0.019401587545871735, 0.008056640625], [0.0007949373684823513, -0.01939961314201355, -0.9998115301132202, 1.5207633972167969], [0.9999963641166687, 0.002572216559201479, 0.0007451752899214625, -1.4573974609375], [0.0, 0.0, 0.0, 1.0]], [[-0.8341686725616455, -0.5514929890632629, -0.00424061669036746, 0.880615234375], [0.00658993236720562, -0.0022785456385463476, -0.9999756813049316, 1.5048527717590332], [0.5514699816703796, -0.8341763615608215, 0.00553499348461628, -1.14642333984375], [0.0, 0.0, 0.0, 1.0]], [[0.9476987719535828, 0.3191378712654114, 0.0042626019567251205, -1.13818359375], [0.01559303980320692, -0.03295672684907913, -0.9993351101875305, 1.5886154174804688], [-0.3187851309776306, 0.9471350908279419, -0.03620937839150429, -0.1048583984375], [0.0, 0.0, 0.0, 1.0]], [[0.0033345522824674845, 0.9997342228889465, -0.022811461240053177, 0.00244140625], [-0.009972925297915936, -0.02277720719575882, -0.99969083070755, 1.5786819458007812], [-0.9999446868896484, 0.003561031771823764, 0.009894321672618389, -0.06787109375], [0.0, 0.0, 0.0, 1.0]], [[-0.9340685606002808, 0.35630524158477783, -0.023716727271676064, 1.0115966796875], [0.02256680093705654, -0.007384409196674824, -0.9997180700302124, 1.5544567108154297], [-0.3563799560070038, -0.9343404769897461, -0.0011431238381192088, -0.10986328125], [0.0, 0.0, 0.0, 1.0]]], "view": [[0.0, -2.0, 100.0], [-2.0, 0.0, 100.0], [0.0, 0.0, 1.0]], "bev": "bev_4fe4902e31c344578ccd26e529c9b50e.png", "aux": "aux_4fe4902e31c344578ccd26e529c9b50e.npz", "visibility": "visibility_4fe4902e31c344578ccd26e529c9b50e.png", "pose": [[-0.8939282298088074, 0.44821012020111084, 0.0, 774.816650390625], [-0.44821012020111084, -0.8939282298088074, 0.0, 2790.890625], [0.0, 0.0, 1.0, 0.0], [0.0, 0.0, 0.0, 1.0]], "pose_inverse": [[-0.8939282298088074, -0.44821012020111084, 0.0, 1943.535888671875], [0.44821012020111084, -0.8939282298088074, 0.0, 2147.5751953125], [0.0, 0.0, 1.0, 0.0], [0.0, 0.0, 0.0, 1.0]], "cam_ids": [0, 1, 2, 3, 4, 5], "cam_channels": ["CAM_FRONT_LEFT", "CAM_FRONT", "CAM_FRONT_RIGHT", "CAM_BACK_LEFT", "CAM_BACK", "CAM_BACK_RIGHT"], "token": "4fe4902e31c344578ccd26e529c9b50e", "scene": "scene-0996"}, {"images": ["samples/CAM_FRONT_LEFT/n015-2018-11-14-18-57-54+0800__CAM_FRONT_LEFT__1542193203254844.jpg", "samples/CAM_FRONT/n015-2018-11-14-18-57-54+0800__CAM_FRONT__1542193203262460.jpg", "samples/CAM_FRONT_RIGHT/n015-2018-11-14-18-57-54+0800__CAM_FRONT_RIGHT__1542193203270339.jpg", "samples/CAM_BACK_LEFT/n015-2018-11-14-18-57-54+0800__CAM_BACK_LEFT__1542193203297423.jpg", "samples/CAM_BACK/n015-2018-11-14-18-57-54+0800__CAM_BACK__1542193203287525.jpg", "samples/CAM_BACK_RIGHT/n015-2018-11-14-18-57-54+0800__CAM_BACK_RIGHT__1542193203277893.jpg"], "intrinsics": [[[1272.5979470598488, 0.0, 826.6154927353808], [0.0, 1272.5979470598488, 479.75165386361925], [0.0, 0.0, 1.0]], [[1266.417203046554, 0.0, 816.2670197447984], [0.0, 1266.417203046554, 491.50706579294757], [0.0, 0.0, 1.0]], [[1260.8474446004698, 0.0, 807.968244525554], [0.0, 1260.8474446004698, 495.3344268742088], [0.0, 0.0, 1.0]], [[1256.7414812095406, 0.0, 792.1125740759628], [0.0, 1256.7414812095406, 492.7757465151356], [0.0, 0.0, 1.0]], [[809.2209905677063, 0.0, 829.2196003259838], [0.0, 809.2209905677063, 481.77842384512485], [0.0, 0.0, 1.0]], [[1259.5137405846733, 0.0, 807.2529053838625], [0.0, 1259.5137405846733, 501.19579884916527], [0.0, 0.0, 1.0]]], "extrinsics": [[[0.8181341886520386, -0.5748042464256287, 0.01601472496986389, -0.729156494140625], [0.008366864174604416, -0.01594788022339344, -0.9998378157615662, 1.51068115234375], [0.5749663710594177, 0.8181355595588684, -0.008238197304308414, -1.116943359375], [0.0, 0.0, 0.0, 1.0]], [[0.0019293992081657052, -0.9997997879981995, 0.019914833828806877, 0.007080078125], [0.0031416064593940973, -0.019908713176846504, -0.9997968673706055, 1.5213127136230469], [0.9999932050704956, 0.0019915923476219177, 0.0031025658827275038, -1.4556884765625], [0.0, 0.0, 0.0, 1.0]], [[-0.8344270586967468, -0.5510857701301575, -0.005980431102216244, 0.87841796875], [0.008908398449420929, -0.002637041499838233, -0.9999567866325378, 1.5052976608276367], [0.5510462522506714, -0.8344443440437317, 0.007109713274985552, -1.14599609375], [0.0, 0.0, 0.0, 1.0]], [[0.9477715492248535, 0.31888413429260254, 0.006469677668064833, -1.135498046875], [0.017832528799772263, -0.03272655978798866, -0.9993051886558533, 1.5886821746826172], [-0.3184509575366974, 0.9472284913063049, -0.03670381382107735, -0.1058349609375], [0.0, 0.0, 0.0, 1.0]], [[0.0035857593175023794, 0.9997332096099854, -0.02281944826245308, 0.00244140625], [-0.007723713759332895, -0.022791225463151932, -0.9997104406356812, 1.5788116455078125], [-0.9999637603759766, 0.0037610114086419344, 0.007639927323907614, -0.0701904296875], [0.0, 0.0, 0.0, 1.0]], [[-0.9338827133178711, 0.35663869976997375, -0.0259217731654644, 1.0096435546875], [0.024843312799930573, -0.007605134975165129, -0.9996623992919922, 1.5548171997070312], [-0.3567154109477997, -0.9342114329338074, -0.0017577827675268054, -0.111328125], [0.0, 0.0, 0.0, 1.0]]], "view": [[0.0, -2.0, 100.0], [-2.0, 0.0, 100.0], [0.0, 0.0, 1.0]], "bev": "bev_deac1a2d95704879828cac7f482d6a69.png", "aux": "aux_deac1a2d95704879828cac7f482d6a69.npz", "visibility": "visibility_deac1a2d95704879828cac7f482d6a69.png", "pose": [[-0.8719792366027832, 0.4895428419113159, 0.0, 771.8973999023438], [-0.4895428419113159, -0.8719792366027832, 0.0, 2789.359619140625], [0.0, 0.0, 1.0, 0.0], [0.0, 0.0, 0.0, 1.0]], "pose_inverse": [[-0.8719792366027832, -0.4895428419113159, 0.0, 2038.589599609375], [0.4895428419113159, -0.8719792366027832, 0.0, 2054.386962890625], [0.0, 0.0, 1.0, 0.0], [0.0, 0.0, 0.0, 1.0]], "cam_ids": [0, 1, 2, 3, 4, 5], "cam_channels": ["CAM_FRONT_LEFT", "CAM_FRONT", "CAM_FRONT_RIGHT", "CAM_BACK_LEFT", "CAM_BACK", "CAM_BACK_RIGHT"], "token": "deac1a2d95704879828cac7f482d6a69", "scene": "scene-0996"}, {"images": ["samples/CAM_FRONT_LEFT/n015-2018-11-14-18-57-54+0800__CAM_FRONT_LEFT__1542193203754844.jpg", "samples/CAM_FRONT/n015-2018-11-14-18-57-54+0800__CAM_FRONT__1542193203762460.jpg", "samples/CAM_FRONT_RIGHT/n015-2018-11-14-18-57-54+0800__CAM_FRONT_RIGHT__1542193203770339.jpg", "samples/CAM_BACK_LEFT/n015-2018-11-14-18-57-54+0800__CAM_BACK_LEFT__1542193203797423.jpg", "samples/CAM_BACK/n015-2018-11-14-18-57-54+0800__CAM_BACK__1542193203787525.jpg", "samples/CAM_BACK_RIGHT/n015-2018-11-14-18-57-54+0800__CAM_BACK_RIGHT__1542193203777893.jpg"], "intrinsics": [[[1272.5979470598488, 0.0, 826.6154927353808], [0.0, 1272.5979470598488, 479.75165386361925], [0.0, 0.0, 1.0]], [[1266.417203046554, 0.0, 816.2670197447984], [0.0, 1266.417203046554, 491.50706579294757], [0.0, 0.0, 1.0]], [[1260.8474446004698, 0.0, 807.968244525554], [0.0, 1260.8474446004698, 495.3344268742088], [0.0, 0.0, 1.0]], [[1256.7414812095406, 0.0, 792.1125740759628], [0.0, 1256.7414812095406, 492.7757465151356], [0.0, 0.0, 1.0]], [[809.2209905677063, 0.0, 829.2196003259838], [0.0, 809.2209905677063, 481.77842384512485], [0.0, 0.0, 1.0]], [[1259.5137405846733, 0.0, 807.2529053838625], [0.0, 1259.5137405846733, 501.19579884916527], [0.0, 0.0, 1.0]]], "extrinsics": [[[0.8189250826835632, -0.5736587047576904, 0.016657354310154915, -0.72796630859375], [0.009603863582015038, -0.015322329476475716, -0.9998364448547363, 1.5110445022583008], [0.5738201141357422, 0.8189511299133301, -0.007038500625640154, -1.116455078125], [0.0, 0.0, 0.0, 1.0]], [[0.003066513454541564, -0.9998092651367188, 0.01928599365055561, 0.00732421875], [0.004208838101476431, -0.01927301101386547, -0.9998054504394531, 1.521566390991211], [0.999986469745636, 0.003147086827084422, 0.004148935433477163, -1.4541015625], [0.0, 0.0, 0.0, 1.0]], [[-0.8339270949363708, -0.5518292188644409, -0.007079772185534239, 0.876953125], [0.009783095680177212, -0.001955256564542651, -0.9999502301216125, 1.5054759979248047], [0.5517879128456116, -0.8339548707008362, 0.007029137574136257, -1.1444091796875], [0.0, 0.0, 0.0, 1.0]], [[0.9477478861808777, 0.3189416229724884, 0.007090929429978132, -1.133544921875], [0.01816832646727562, -0.031770121306180954, -0.9993300437927246, 1.588714599609375], [-0.31850260496139526, 0.9472417235374451, -0.03590469807386398, -0.1065673828125], [0.0, 0.0, 0.0, 1.0]], [[0.00327186263166368, 0.9997529983520508, -0.021984726190567017, 0.002685546875], [-0.007148402277380228, -0.021960899233818054, -0.9997332692146301, 1.5788345336914062], [-0.9999691843986511, 0.0034281397238373756, 0.0070747812278568745, -0.072509765625], [0.0, 0.0, 0.0, 1.0]], [[-0.9340937733650208, 0.3560546040534973, -0.026341615244746208, 1.00732421875], [0.02557714469730854, -0.006855481769889593, -0.9996493458747864, 1.5549736022949219], [-0.3561103343963623, -0.934440016746521, -0.002703197067603469, -0.1123046875], [0.0, 0.0, 0.0, 1.0]]], "view": [[0.0, -2.0, 100.0], [-2.0, 0.0, 100.0], [0.0, 0.0, 1.0]], "bev": "bev_bcc7f357528845cab123901cb75f28a1.png", "aux": "aux_bcc7f357528845cab123901cb75f28a1.npz", "visibility": "visibility_bcc7f357528845cab123901cb75f28a1.png", "pose": [[-0.8500643968582153, 0.5266788005828857, 0.0, 769.0518798828125], [-0.5266788005828857, -0.8500643968582153, 0.0, 2787.699462890625], [0.0, 0.0, 1.0, 0.0], [0.0, 0.0, 0.0, 1.0]], "pose_inverse": [[-0.8500643968582153, -0.5266788005828857, 0.0, 2121.9658203125], [0.5266788005828857, -0.8500643968582153, 0.0, 1964.6806640625], [0.0, 0.0, 1.0, 0.0], [0.0, 0.0, 0.0, 1.0]], "cam_ids": [0, 1, 2, 3, 4, 5], "cam_channels": ["CAM_FRONT_LEFT", "CAM_FRONT", "CAM_FRONT_RIGHT", "CAM_BACK_LEFT", "CAM_BACK", "CAM_BACK_RIGHT"], "token": "bcc7f357528845cab123901cb75f28a1", "scene": "scene-0996"}, {"images": ["samples/CAM_FRONT_LEFT/n015-2018-11-14-18-57-54+0800__CAM_FRONT_LEFT__1542193204254844.jpg", "samples/CAM_FRONT/n015-2018-11-14-18-57-54+0800__CAM_FRONT__1542193204262460.jpg", "samples/CAM_FRONT_RIGHT/n015-2018-11-14-18-57-54+0800__CAM_FRONT_RIGHT__1542193204270339.jpg", "samples/CAM_BACK_LEFT/n015-2018-11-14-18-57-54+0800__CAM_BACK_LEFT__1542193204297423.jpg", "samples/CAM_BACK/n015-2018-11-14-18-57-54+0800__CAM_BACK__1542193204287525.jpg", "samples/CAM_BACK_RIGHT/n015-2018-11-14-18-57-54+0800__CAM_BACK_RIGHT__1542193204277893.jpg"], "intrinsics": [[[1272.5979470598488, 0.0, 826.6154927353808], [0.0, 1272.5979470598488, 479.75165386361925], [0.0, 0.0, 1.0]], [[1266.417203046554, 0.0, 816.2670197447984], [0.0, 1266.417203046554, 491.50706579294757], [0.0, 0.0, 1.0]], [[1260.8474446004698, 0.0, 807.968244525554], [0.0, 1260.8474446004698, 495.3344268742088], [0.0, 0.0, 1.0]], [[1256.7414812095406, 0.0, 792.1125740759628], [0.0, 1256.7414812095406, 492.7757465151356], [0.0, 0.0, 1.0]], [[809.2209905677063, 0.0, 829.2196003259838], [0.0, 809.2209905677063, 481.77842384512485], [0.0, 0.0, 1.0]], [[1259.5137405846733, 0.0, 807.2529053838625], [0.0, 1259.5137405846733, 501.19579884916527], [0.0, 0.0, 1.0]]], "extrinsics": [[[0.8195770382881165, -0.5728619694709778, 0.011074015870690346, -0.7366943359375], [0.008211769163608551, -0.00758149242028594, -0.9999375343322754, 1.5105407238006592], [0.5729101896286011, 0.8196167349815369, -0.0015094067202880979, -1.12451171875], [0.0, 0.0, 0.0, 1.0]], [[0.0040176319889724255, -0.9999250173568726, 0.011568049900233746, 0.00830078125], [0.002942063380032778, -0.011556274257600307, -0.9999289512634277, 1.521230697631836], [0.9999875426292419, 0.004051412455737591, 0.002895412500947714, -1.46435546875], [0.0, 0.0, 0.0, 1.0]], [[-0.8335266709327698, -0.5523824095726013, -0.010337457992136478, 0.885009765625], [0.008613260462880135, 0.005716192070394754, -0.9999465346336365, 1.5051612854003906], [0.5524119138717651, -0.8335712552070618, -6.783093795093009e-06, -1.14892578125], [0.0, 0.0, 0.0, 1.0]], [[0.9477238655090332, 0.31897664070129395, 0.00857258215546608, -1.137451171875], [0.01729939691722393, -0.024535752832889557, -0.9995492100715637, 1.58864164352417], [-0.31862249970436096, 0.9474449753761292, -0.02877121977508068, -0.1053466796875], [0.0, 0.0, 0.0, 1.0]], [[0.0029591310303658247, 0.9998899102210999, -0.01454221922904253, 0.0020751953125], [-0.008117449469864368, -0.014517786912620068, -0.9998616576194763, 1.5788192749023438], [-0.9999626874923706, 0.0030766751151531935, 0.008073595352470875, -0.066162109375], [0.0, 0.0, 0.0, 1.0]], [[-0.9343146681785583, 0.3557298183441162, -0.02263721078634262, 1.0146484375], [0.024504374712705612, 0.000743220909498632, -0.9996994137763977, 1.5546226501464844], [-0.3556060791015625, -0.9345885515213013, -0.009411338716745377, -0.108642578125], [0.0, 0.0, 0.0, 1.0]]], "view": [[0.0, -2.0, 100.0], [-2.0, 0.0, 100.0], [0.0, 0.0, 1.0]], "bev": "bev_1803990f509d46d49742db3f8c60f2a0.png", "aux": "aux_1803990f509d46d49742db3f8c60f2a0.npz", "visibility": "visibility_1803990f509d46d49742db3f8c60f2a0.png", "pose": [[-0.8354068398475647, 0.5496320724487305, 0.0, 766.345947265625], [-0.5496320724487305, -0.8354068398475647, 0.0, 2785.998291015625], [0.0, 0.0, 1.0, 0.0], [0.0, 0.0, 0.0, 1.0]], "pose_inverse": [[-0.8354068398475647, -0.5496320724487305, 0.0, 2171.484619140625], [0.5496320724487305, -0.8354068398475647, 0.0, 1906.233642578125], [0.0, 0.0, 1.0, 0.0], [0.0, 0.0, 0.0, 1.0]], "cam_ids": [0, 1, 2, 3, 4, 5], "cam_channels": ["CAM_FRONT_LEFT", "CAM_FRONT", "CAM_FRONT_RIGHT", "CAM_BACK_LEFT", "CAM_BACK", "CAM_BACK_RIGHT"], "token": "1803990f509d46d49742db3f8c60f2a0", "scene": "scene-0996"}, {"images": ["samples/CAM_FRONT_LEFT/n015-2018-11-14-18-57-54+0800__CAM_FRONT_LEFT__1542193204854844.jpg", "samples/CAM_FRONT/n015-2018-11-14-18-57-54+0800__CAM_FRONT__1542193204862460.jpg", "samples/CAM_FRONT_RIGHT/n015-2018-11-14-18-57-54+0800__CAM_FRONT_RIGHT__1542193204870339.jpg", "samples/CAM_BACK_LEFT/n015-2018-11-14-18-57-54+0800__CAM_BACK_LEFT__1542193204897423.jpg", "samples/CAM_BACK/n015-2018-11-14-18-57-54+0800__CAM_BACK__1542193204887525.jpg", "samples/CAM_BACK_RIGHT/n015-2018-11-14-18-57-54+0800__CAM_BACK_RIGHT__1542193204877893.jpg"], "intrinsics": [[[1272.5979470598488, 0.0, 826.6154927353808], [0.0, 1272.5979470598488, 479.75165386361925], [0.0, 0.0, 1.0]], [[1266.417203046554, 0.0, 816.2670197447984], [0.0, 1266.417203046554, 491.50706579294757], [0.0, 0.0, 1.0]], [[1260.8474446004698, 0.0, 807.968244525554], [0.0, 1260.8474446004698, 495.3344268742088], [0.0, 0.0, 1.0]], [[1256.7414812095406, 0.0, 792.1125740759628], [0.0, 1256.7414812095406, 492.7757465151356], [0.0, 0.0, 1.0]], [[809.2209905677063, 0.0, 829.2196003259838], [0.0, 809.2209905677063, 481.77842384512485], [0.0, 0.0, 1.0]], [[1259.5137405846733, 0.0, 807.2529053838625], [0.0, 1259.5137405846733, 501.19579884916527], [0.0, 0.0, 1.0]]], "extrinsics": [[[0.8191736340522766, -0.5734935998916626, 0.00772163225337863, -0.742919921875], [0.008520643226802349, -0.0012928815558552742, -0.9999628663063049, 1.5105457305908203], [0.5734823346138, 0.8192090392112732, 0.0038274398539215326, -1.12841796875], [0.0, 0.0, 0.0, 1.0]], [[0.003358022077009082, -0.9999801516532898, 0.005328027531504631, 0.008056640625], [0.003325070021674037, -0.005316862836480141, -0.9999803900718689, 1.5212832689285278], [0.999988853931427, 0.003375673433765769, 0.0033071490470319986, -1.470703125], [0.0, 0.0, 0.0, 1.0]], [[-0.833835780620575, -0.5518307685852051, -0.014166834764182568, 0.888671875], [0.00910827424377203, 0.011906619183719158, -0.9998875856399536, 1.5051994323730469], [0.5519374012947083, -0.8338711857795715, -0.004901939071714878, -1.15185546875], [0.0, 0.0, 0.0, 1.0]], [[0.9477027058601379, 0.3189501166343689, 0.011424949392676353, -1.1357421875], [0.018242331221699715, -0.018395325168967247, -0.999664306640625, 1.588686466217041], [-0.3186328709125519, 0.9475930333137512, -0.023251689970493317, -0.1060791015625], [0.0, 0.0, 0.0, 1.0]], [[0.003189703216776252, 0.9999596476554871, -0.00840258039534092, 0.0025634765625], [-0.007385561242699623, -0.008378837257623672, -0.9999375939369202, 1.5788688659667969], [-0.999967634677887, 0.003251520451158285, 0.0073585365898907185, -0.064453125], [0.0, 0.0, 0.0, 1.0]], [[-0.9341529607772827, 0.3562544584274292, -0.02100175805389881, 1.0179443359375], [0.025104887783527374, 0.006897216197103262, -0.9996610283851624, 1.5546112060546875], [-0.35598883032798767, -0.934363603591919, -0.015386783517897129, -0.107421875], [0.0, 0.0, 0.0, 1.0]]], "view": [[0.0, -2.0, 100.0], [-2.0, 0.0, 100.0], [0.0, 0.0, 1.0]], "bev": "bev_99fb8ef2ec0b458ab498638e2652659b.png", "aux": "aux_99fb8ef2ec0b458ab498638e2652659b.npz", "visibility": "visibility_99fb8ef2ec0b458ab498638e2652659b.png", "pose": [[-0.8154065608978271, 0.5788887143135071, 0.0, 763.27294921875], [-0.5788887143135071, -0.8154065608978271, 0.0, 2783.92578125], [0.0, 0.0, 1.0, 0.0], [0.0, 0.0, 0.0, 1.0]], "pose_inverse": [[-0.8154065608978271, -0.5788887143135071, 0.0, 2233.9609375], [0.5788887143135071, -0.8154065608978271, 0.0, 1828.18115234375], [0.0, 0.0, 1.0, 0.0], [0.0, 0.0, 0.0, 1.0]], "cam_ids": [0, 1, 2, 3, 4, 5], "cam_channels": ["CAM_FRONT_LEFT", "CAM_FRONT", "CAM_FRONT_RIGHT", "CAM_BACK_LEFT", "CAM_BACK", "CAM_BACK_RIGHT"], "token": "99fb8ef2ec0b458ab498638e2652659b", "scene": "scene-0996"}, {"images": ["samples/CAM_FRONT_LEFT/n015-2018-11-14-18-57-54+0800__CAM_FRONT_LEFT__1542193205354844.jpg", "samples/CAM_FRONT/n015-2018-11-14-18-57-54+0800__CAM_FRONT__1542193205362460.jpg", "samples/CAM_FRONT_RIGHT/n015-2018-11-14-18-57-54+0800__CAM_FRONT_RIGHT__1542193205370339.jpg", "samples/CAM_BACK_LEFT/n015-2018-11-14-18-57-54+0800__CAM_BACK_LEFT__1542193205397423.jpg", "samples/CAM_BACK/n015-2018-11-14-18-57-54+0800__CAM_BACK__1542193205387525.jpg", "samples/CAM_BACK_RIGHT/n015-2018-11-14-18-57-54+0800__CAM_BACK_RIGHT__1542193205377893.jpg"], "intrinsics": [[[1272.5979470598488, 0.0, 826.6154927353808], [0.0, 1272.5979470598488, 479.75165386361925], [0.0, 0.0, 1.0]], [[1266.417203046554, 0.0, 816.2670197447984], [0.0, 1266.417203046554, 491.50706579294757], [0.0, 0.0, 1.0]], [[1260.8474446004698, 0.0, 807.968244525554], [0.0, 1260.8474446004698, 495.3344268742088], [0.0, 0.0, 1.0]], [[1256.7414812095406, 0.0, 792.1125740759628], [0.0, 1256.7414812095406, 492.7757465151356], [0.0, 0.0, 1.0]], [[809.2209905677063, 0.0, 829.2196003259838], [0.0, 809.2209905677063, 481.77842384512485], [0.0, 0.0, 1.0]], [[1259.5137405846733, 0.0, 807.2529053838625], [0.0, 1259.5137405846733, 501.19579884916527], [0.0, 0.0, 1.0]]], "extrinsics": [[[0.8191950917243958, -0.5733366012573242, 0.014304728247225285, -0.77008056640625], [0.018782703205943108, 0.0018915904220193624, -0.9998218417167664, 1.5126762390136719], [0.5732073187828064, 0.8193178176879883, 0.012318391352891922, -1.147216796875], [0.0, 0.0, 0.0, 1.0]], [[0.0036128382198512554, -0.999991238117218, 0.0021110435482114553, 0.0079345703125], [0.0135860750451684, -0.002061777748167515, -0.9999055862426758, 1.5231685638427734], [0.9999011754989624, 0.0036411932669579983, 0.0135785061866045, -1.498779296875], [0.0, 0.0, 0.0, 1.0]], [[-0.8334740400314331, -0.5520132780075073, -0.024542445316910744, 0.907958984375], [0.019350770860910416, 0.01522904634475708, -0.9996967315673828, 1.50653076171875], [0.5522196888923645, -0.833696186542511, -0.002011129865422845, -1.1645050048828125], [0.0, 0.0, 0.0, 1.0]], [[0.9475443959236145, 0.31885355710983276, 0.022184938192367554, -1.138427734375], [0.028400592505931854, -0.014857234433293343, -0.9994862079620361, 1.5886688232421875], [-0.31836003065109253, 0.947687566280365, -0.023133516311645508, -0.10528564453125], [0.0, 0.0, 0.0, 1.0]], [[0.0031654294580221176, 0.9999829530715942, -0.0049222903326153755, 0.0023193359375], [0.002836465835571289, -0.004931272938847542, -0.9999838471412659, 1.579522728919983], [-0.9999909996986389, 0.0031514507718384266, -0.0028520256746560335, -0.05517578125], [0.0, 0.0, 0.0, 1.0]], [[-0.9339688420295715, 0.3561464846134186, -0.029360393062233925, 1.0338134765625], [0.03533197566866875, 0.010272322222590446, -0.9993228912353516, 1.5553054809570312], [-0.3556036949157715, -0.9343737363815308, -0.02217738702893257, -0.1015625], [0.0, 0.0, 0.0, 1.0]]], "view": [[0.0, -2.0, 100.0], [-2.0, 0.0, 100.0], [0.0, 0.0, 1.0]], "bev": "bev_9a507692c5bf4f218bf5c31f145ed1e5.png", "aux": "aux_9a507692c5bf4f218bf5c31f145ed1e5.npz", "visibility": "visibility_9a507692c5bf4f218bf5c31f145ed1e5.png", "pose": [[-0.797351598739624, 0.603515088558197, 0.0, 760.945068359375], [-0.603515088558197, -0.797351598739624, 0.0, 2782.250732421875], [0.0, 0.0, 1.0, 0.0], [0.0, 0.0, 0.0, 1.0]], "pose_inverse": [[-0.797351598739624, -0.603515088558197, 0.0, 2285.87109375], [0.603515088558197, -0.797351598739624, 0.0, 1759.190185546875], [0.0, 0.0, 1.0, 0.0], [0.0, 0.0, 0.0, 1.0]], "cam_ids": [0, 1, 2, 3, 4, 5], "cam_channels": ["CAM_FRONT_LEFT", "CAM_FRONT", "CAM_FRONT_RIGHT", "CAM_BACK_LEFT", "CAM_BACK", "CAM_BACK_RIGHT"], "token": "9a507692c5bf4f218bf5c31f145ed1e5", "scene": "scene-0996"}, {"images": ["samples/CAM_FRONT_LEFT/n015-2018-11-14-18-57-54+0800__CAM_FRONT_LEFT__1542193205855577.jpg", "samples/CAM_FRONT/n015-2018-11-14-18-57-54+0800__CAM_FRONT__1542193205862460.jpg", "samples/CAM_FRONT_RIGHT/n015-2018-11-14-18-57-54+0800__CAM_FRONT_RIGHT__1542193205870339.jpg", "samples/CAM_BACK_LEFT/n015-2018-11-14-18-57-54+0800__CAM_BACK_LEFT__1542193205897423.jpg", "samples/CAM_BACK/n015-2018-11-14-18-57-54+0800__CAM_BACK__1542193205887525.jpg", "samples/CAM_BACK_RIGHT/n015-2018-11-14-18-57-54+0800__CAM_BACK_RIGHT__1542193205877893.jpg"], "intrinsics": [[[1272.5979470598488, 0.0, 826.6154927353808], [0.0, 1272.5979470598488, 479.75165386361925], [0.0, 0.0, 1.0]], [[1266.417203046554, 0.0, 816.2670197447984], [0.0, 1266.417203046554, 491.50706579294757], [0.0, 0.0, 1.0]], [[1260.8474446004698, 0.0, 807.968244525554], [0.0, 1260.8474446004698, 495.3344268742088], [0.0, 0.0, 1.0]], [[1256.7414812095406, 0.0, 792.1125740759628], [0.0, 1256.7414812095406, 492.7757465151356], [0.0, 0.0, 1.0]], [[809.2209905677063, 0.0, 829.2196003259838], [0.0, 809.2209905677063, 481.77842384512485], [0.0, 0.0, 1.0]], [[1259.5137405846733, 0.0, 807.2529053838625], [0.0, 1259.5137405846733, 501.19579884916527], [0.0, 0.0, 1.0]]], "extrinsics": [[[0.8189709782600403, -0.573399543762207, 0.022351322695612907, -0.7945556640625], [0.029486769810318947, 0.003151930635794997, -0.9995601773262024, 1.5143051147460938], [0.5730769038200378, 0.8192697763442993, 0.019489038735628128, -1.164794921875], [0.0, 0.0, 0.0, 1.0]], [[0.0034849538933485746, -0.9999933242797852, 0.0010047655086964369, 0.008056640625], [0.024312913417816162, -0.0009197453618980944, -0.9997040033340454, 1.5247459411621094], [0.9996983408927917, 0.0035083561670035124, 0.024309545755386353, -1.519287109375], [0.0, 0.0, 0.0, 1.0]], [[-0.8332247138023376, -0.5518835783004761, -0.03407435491681099, 0.9208984375], [0.03010895662009716, 0.016247771680355072, -0.9994145631790161, 1.5076828002929688], [0.5521141290664673, -0.8337628245353699, 0.0030785962007939816, -1.1724014282226562], [0.0, 0.0, 0.0, 1.0]], [[0.9472710490226746, 0.3187614977359772, 0.03268950805068016, -1.14208984375], [0.039210256189107895, -0.014059429988265038, -0.9991320371627808, 1.5885543823242188], [-0.3180253207683563, 0.9477306604385376, -0.025816811248660088, -0.103759765625], [0.0, 0.0, 0.0, 1.0]], [[0.003309231251478195, 0.9999869465827942, -0.0038829392287880182, 0.00244140625], [0.013635670766234398, -0.0039277225732803345, -0.9998993277549744, 1.5800304412841797], [-0.9999015927314758, 0.003255941206589341, -0.013648489490151405, -0.04736328125], [0.0, 0.0, 0.0, 1.0]], [[-0.9335610270500183, 0.3562833070755005, -0.03906481713056564, 1.0447998046875], [0.046103376895189285, 0.011281812563538551, -0.9988729357719421, 1.5559158325195312], [-0.35544103384017944, -0.9343098998069763, -0.026958124712109566, -0.096923828125], [0.0, 0.0, 0.0, 1.0]]], "view": [[0.0, -2.0, 100.0], [-2.0, 0.0, 100.0], [0.0, 0.0, 1.0]], "bev": "bev_badee73765f74b02a21aa17fa398702c.png", "aux": "aux_badee73765f74b02a21aa17fa398702c.npz", "visibility": "visibility_badee73765f74b02a21aa17fa398702c.png", "pose": [[-0.7783452272415161, 0.6278365254402161, 0.0, 758.9342041015625], [-0.6278365254402161, -0.7783452272415161, 0.0, 2780.709228515625], [0.0, 0.0, 1.0, 0.0], [0.0, 0.0, 0.0, 1.0]], "pose_inverse": [[-0.7783452272415161, -0.6278365254402161, 0.0, 2336.543701171875], [0.6278365254402161, -0.7783452272415161, 0.0, 1687.865234375], [0.0, 0.0, 1.0, 0.0], [0.0, 0.0, 0.0, 1.0]], "cam_ids": [0, 1, 2, 3, 4, 5], "cam_channels": ["CAM_FRONT_LEFT", "CAM_FRONT", "CAM_FRONT_RIGHT", "CAM_BACK_LEFT", "CAM_BACK", "CAM_BACK_RIGHT"], "token": "badee73765f74b02a21aa17fa398702c", "scene": "scene-0996"}, {"images": ["samples/CAM_FRONT_LEFT/n015-2018-11-14-18-57-54+0800__CAM_FRONT_LEFT__1542193206354844.jpg", "samples/CAM_FRONT/n015-2018-11-14-18-57-54+0800__CAM_FRONT__1542193206362460.jpg", "samples/CAM_FRONT_RIGHT/n015-2018-11-14-18-57-54+0800__CAM_FRONT_RIGHT__1542193206370339.jpg", "samples/CAM_BACK_LEFT/n015-2018-11-14-18-57-54+0800__CAM_BACK_LEFT__1542193206397423.jpg", "samples/CAM_BACK/n015-2018-11-14-18-57-54+0800__CAM_BACK__1542193206387525.jpg", "samples/CAM_BACK_RIGHT/n015-2018-11-14-18-57-54+0800__CAM_BACK_RIGHT__1542193206377893.jpg"], "intrinsics": [[[1272.5979470598488, 0.0, 826.6154927353808], [0.0, 1272.5979470598488, 479.75165386361925], [0.0, 0.0, 1.0]], [[1266.417203046554, 0.0, 816.2670197447984], [0.0, 1266.417203046554, 491.50706579294757], [0.0, 0.0, 1.0]], [[1260.8474446004698, 0.0, 807.968244525554], [0.0, 1260.8474446004698, 495.3344268742088], [0.0, 0.0, 1.0]], [[1256.7414812095406, 0.0, 792.1125740759628], [0.0, 1256.7414812095406, 492.7757465151356], [0.0, 0.0, 1.0]], [[809.2209905677063, 0.0, 829.2196003259838], [0.0, 809.2209905677063, 481.77842384512485], [0.0, 0.0, 1.0]], [[1259.5137405846733, 0.0, 807.2529053838625], [0.0, 1259.5137405846733, 501.19579884916527], [0.0, 0.0, 1.0]]], "extrinsics": [[[0.8185178637504578, -0.573845624923706, 0.027010740712285042, -0.81396484375], [0.03431250900030136, 0.001900538569316268, -0.9994093179702759, 1.514556884765625], [0.5734553337097168, 0.8189612627029419, 0.02124570682644844, -1.17578125], [0.0, 0.0, 0.0, 1.0]], [[0.0029807500541210175, -0.9999932050704956, 0.002166180405765772, 0.006103515625], [0.029113559052348137, -0.0020784931257367134, -0.9995739459991455, 1.524932861328125], [0.999571681022644, 0.0030424909200519323, 0.029107164591550827, -1.541259765625], [0.0, 0.0, 0.0, 1.0]], [[-0.8332940340042114, -0.5515578389167786, -0.03748125955462456, 0.934326171875], [0.0348857082426548, 0.015200681984424591, -0.9992756843566895, 1.50775146484375], [0.5517281293869019, -0.8339980840682983, 0.006574850529432297, -1.1836719512939453], [0.0, 0.0, 0.0, 1.0]], [[0.9471378922462463, 0.3186955451965332, 0.0369192399084568, -1.1396484375], [0.043930113315582275, -0.014836550690233707, -0.9989244341850281, 1.58868408203125], [-0.3178049623966217, 0.9477410316467285, -0.028052588924765587, -0.1048583984375], [0.0, 0.0, 0.0, 1.0]], [[0.003567478619515896, 0.9999818205833435, -0.004861963447183371, 0.0030517578125], [0.018381526693701744, -0.004926749039441347, -0.9998189210891724, 1.5801658630371094], [-0.9998246431350708, 0.0034774779342114925, -0.018398767337203026, -0.042236328125], [0.0, 0.0, 0.0, 1.0]], [[-0.9332389831542969, 0.3565666377544403, -0.043876320123672485, 1.056640625], [0.05086834728717804, 0.010250871069729328, -0.9986528158187866, 1.5557861328125], [-0.3556365668773651, -0.9342136979103088, -0.027704469859600067, -0.09375], [0.0, 0.0, 0.0, 1.0]]], "view": [[0.0, -2.0, 100.0], [-2.0, 0.0, 100.0], [0.0, 0.0, 1.0]], "bev": "bev_aa1a597a5ed04abd90d4de1e4045f265.png", "aux": "aux_aa1a597a5ed04abd90d4de1e4045f265.npz", "visibility": "visibility_aa1a597a5ed04abd90d4de1e4045f265.png", "pose": [[-0.7578642964363098, 0.6524122357368469, 0.0, 757.1533813476562], [-0.6524122357368469, -0.7578642964363098, 0.0, 2779.25146484375], [0.0, 0.0, 1.0, 0.0], [0.0, 0.0, 0.0, 1.0]], "pose_inverse": [[-0.7578642964363098, -0.6524122357368469, 0.0, 2387.037109375], [0.6524122357368469, -0.7578642964363098, 0.0, 1612.3192138671875], [0.0, 0.0, 1.0, 0.0], [0.0, 0.0, 0.0, 1.0]], "cam_ids": [0, 1, 2, 3, 4, 5], "cam_channels": ["CAM_FRONT_LEFT", "CAM_FRONT", "CAM_FRONT_RIGHT", "CAM_BACK_LEFT", "CAM_BACK", "CAM_BACK_RIGHT"], "token": "aa1a597a5ed04abd90d4de1e4045f265", "scene": "scene-0996"}, {"images": ["samples/CAM_FRONT_LEFT/n015-2018-11-14-18-57-54+0800__CAM_FRONT_LEFT__1542193206855161.jpg", "samples/CAM_FRONT/n015-2018-11-14-18-57-54+0800__CAM_FRONT__1542193206862470.jpg", "samples/CAM_FRONT_RIGHT/n015-2018-11-14-18-57-54+0800__CAM_FRONT_RIGHT__1542193206870339.jpg", "samples/CAM_BACK_LEFT/n015-2018-11-14-18-57-54+0800__CAM_BACK_LEFT__1542193206897423.jpg", "samples/CAM_BACK/n015-2018-11-14-18-57-54+0800__CAM_BACK__1542193206887525.jpg", "samples/CAM_BACK_RIGHT/n015-2018-11-14-18-57-54+0800__CAM_BACK_RIGHT__1542193206877893.jpg"], "intrinsics": [[[1272.5979470598488, 0.0, 826.6154927353808], [0.0, 1272.5979470598488, 479.75165386361925], [0.0, 0.0, 1.0]], [[1266.417203046554, 0.0, 816.2670197447984], [0.0, 1266.417203046554, 491.50706579294757], [0.0, 0.0, 1.0]], [[1260.8474446004698, 0.0, 807.968244525554], [0.0, 1260.8474446004698, 495.3344268742088], [0.0, 0.0, 1.0]], [[1256.7414812095406, 0.0, 792.1125740759628], [0.0, 1256.7414812095406, 492.7757465151356], [0.0, 0.0, 1.0]], [[809.2209905677063, 0.0, 829.2196003259838], [0.0, 809.2209905677063, 481.77842384512485], [0.0, 0.0, 1.0]], [[1259.5137405846733, 0.0, 807.2529053838625], [0.0, 1259.5137405846733, 501.19579884916527], [0.0, 0.0, 1.0]]], "extrinsics": [[[0.8182578682899475, -0.5737817287445068, 0.03505178913474083, -0.8333740234375], [0.04244813695549965, -0.0004996206844225526, -0.999098539352417, 1.5150527954101562], [0.57328200340271, 0.8190081119537354, 0.02394714392721653, -1.18896484375], [0.0, 0.0, 0.0, 1.0]], [[0.00289591820910573, -0.9999850988388062, 0.004625699017196894, 0.006103515625], [0.0372718945145607, -0.004514568485319614, -0.9992949366569519, 1.5254669189453125], [0.9993009567260742, 0.003066297387704253, 0.03725826367735863, -1.559814453125], [0.0, 0.0, 0.0, 1.0]], [[-0.8330103158950806, -0.5515897870063782, -0.04292476549744606, 0.94677734375], [0.043057043105363846, 0.01271691732108593, -0.9989916682243347, 1.508056640625], [0.5515795350074768, -0.8340185880661011, 0.01315650437027216, -1.1919631958007812], [0.0, 0.0, 0.0, 1.0]], [[0.9468809962272644, 0.31859081983566284, 0.04377608746290207, -1.14306640625], [0.05207856371998787, -0.017584607005119324, -0.998488187789917, 1.5884780883789062], [-0.3173394203186035, 0.947729229927063, -0.03324228525161743, -0.1029052734375], [0.0, 0.0, 0.0, 1.0]], [[0.003746815724298358, 0.9999653100967407, -0.0074495067819952965, 0.0028076171875], [0.02653505839407444, -0.0075463540852069855, -0.9996193647384644, 1.5803375244140625], [-0.9996408820152283, 0.0035476810298860073, -0.026562411338090897, -0.034912