[{"images": ["samples/CAM_FRONT_LEFT/n008-2018-08-01-15-16-36-0400__CAM_FRONT_LEFT__1533151847504799.jpg", "samples/CAM_FRONT/n008-2018-08-01-15-16-36-0400__CAM_FRONT__1533151847512404.jpg", "samples/CAM_FRONT_RIGHT/n008-2018-08-01-15-16-36-0400__CAM_FRONT_RIGHT__1533151847520482.jpg", "samples/CAM_BACK_LEFT/n008-2018-08-01-15-16-36-0400__CAM_BACK_LEFT__1533151847547405.jpg", "samples/CAM_BACK/n008-2018-08-01-15-16-36-0400__CAM_BACK__1533151847537558.jpg", "samples/CAM_BACK_RIGHT/n008-2018-08-01-15-16-36-0400__CAM_BACK_RIGHT__1533151847528113.jpg"], "intrinsics": [[[1257.8625342125129, 0.0, 827.2410631095686], [0.0, 1257.8625342125129, 450.915498205774], [0.0, 0.0, 1.0]], [[1252.8131021185304, 0.0, 826.588114781398], [0.0, 1252.8131021185304, 469.9846626224581], [0.0, 0.0, 1.0]], [[1256.7485116440405, 0.0, 817.7887570959712], [0.0, 1256.7485116440403, 451.9541780095127], [0.0, 0.0, 1.0]], [[1254.9860565800168, 0.0, 829.5769333630991], [0.0, 1254.9860565800168, 467.1680561863987], [0.0, 0.0, 1.0]], [[796.8910634503094, 0.0, 857.7774326863696], [0.0, 796.8910634503094, 476.8848988407415], [0.0, 0.0, 1.0]], [[1249.9629280788233, 0.0, 825.3768045375984], [0.0, 1249.9629280788233, 462.54816385708756], [0.0, 0.0, 1.0]]], "extrinsics": [[[0.8226627111434937, -0.5683370232582092, -0.014807102270424366, -0.71099853515625], [-0.0016782097518444061, 0.023616889491677284, -0.9997196793556213, 1.4875640869140625], [0.5685274004936218, 0.8224568963050842, 0.018474943935871124, -1.13720703125], [0.0, 0.0, 0.0, 1.0]], [[0.010396132245659828, -0.9997575283050537, -0.019410530105233192, 0.0133056640625], [0.00024148884403984994, 0.019414087757468224, -0.9998115301132202, 1.4801406860351562], [0.9999459981918335, 0.010389490984380245, 0.0004432615533005446, -1.4449462890625], [0.0, 0.0, 0.0, 1.0]], [[-0.8439854383468628, -0.5362171530723572, -0.01264349278062582, 0.9052734375], [0.0082261236384511, 0.010629318654537201, -0.9999096393585205, 1.4948577880859375], [0.5363031029701233, -0.8440131545066833, -0.004560000728815794, -1.1553955078125], [0.0, 0.0, 0.0, 1.0]], [[0.9478231072425842, 0.3186873495578766, -0.008346318267285824, -1.1485595703125], [-0.017320454120635986, 0.02533624693751335, -0.9995288848876953, 1.5621261596679688], [-0.31832578778266907, 0.9475211501121521, 0.029534094035625458, -0.1546630859375], [0.0, 0.0, 0.0, 1.0]], [[0.00924493558704853, 0.9997982978820801, 0.017831651493906975, -0.0294189453125], [-0.015183408744633198, 0.01797071099281311, -0.9997231960296631, 1.5668506622314453], [-0.9998420476913452, 0.008971668779850006, 0.015346486121416092, -0.033935546875], [0.0, 0.0, 0.0, 1.0]], [[-0.9237685203552246, 0.3828606903553009, 0.008332340978085995, 1.013946533203125], [-0.010910219512879848, -0.0045623863115906715, -0.9999300837516785, 1.546102523803711], [-0.38279590010643005, -0.9237948656082153, 0.008391681127250195, -0.101806640625], [0.0, 0.0, 0.0, 1.0]]], "view": [[0.0, -2.0, 100.0], [-2.0, 0.0, 100.0], [0.0, 0.0, 1.0]], "bev": "bev_4d0d06979c984a72bfb9e6c5e3a35f84.png", "aux": "aux_4d0d06979c984a72bfb9e6c5e3a35f84.npz", "visibility": "visibility_4d0d06979c984a72bfb9e6c5e3a35f84.png", "pose": [[0.868457555770874, 0.49576354026794434, 0.0, 1726.689208984375], [-0.49576354026794434, 0.868457555770874, 0.0, 1241.366943359375], [0.0, 0.0, 1.0, 0.0], [0.0, 0.0, 0.0, 1.0]], "pose_inverse": [[0.868457555770874, -0.49576354026794434, 0.0, -884.1317749023438], [0.49576354026794434, 0.868457555770874, 0.0, -1934.10400390625], [0.0, 0.0, 1.0, 0.0], [0.0, 0.0, 0.0, 1.0]], "cam_ids": [0, 1, 2, 3, 4, 5], "cam_channels": ["CAM_FRONT_LEFT", "CAM_FRONT", "CAM_FRONT_RIGHT", "CAM_BACK_LEFT", "CAM_BACK", "CAM_BACK_RIGHT"], "token": "4d0d06979c984a72bfb9e6c5e3a35f84", "scene": "scene-0109"}, {"images": ["samples/CAM_FRONT_LEFT/n008-2018-08-01-15-16-36-0400__CAM_FRONT_LEFT__1533151848004799.jpg", "samples/CAM_FRONT/n008-2018-08-01-15-16-36-0400__CAM_FRONT__1533151848012404.jpg", "samples/CAM_FRONT_RIGHT/n008-2018-08-01-15-16-36-0400__CAM_FRONT_RIGHT__1533151848020482.jpg", "samples/CAM_BACK_LEFT/n008-2018-08-01-15-16-36-0400__CAM_BACK_LEFT__1533151848047405.jpg", "samples/CAM_BACK/n008-2018-08-01-15-16-36-0400__CAM_BACK__1533151848037558.jpg", "samples/CAM_BACK_RIGHT/n008-2018-08-01-15-16-36-0400__CAM_BACK_RIGHT__1533151848028113.jpg"], "intrinsics": [[[1257.8625342125129, 0.0, 827.2410631095686], [0.0, 1257.8625342125129, 450.915498205774], [0.0, 0.0, 1.0]], [[1252.8131021185304, 0.0, 826.588114781398], [0.0, 1252.8131021185304, 469.9846626224581], [0.0, 0.0, 1.0]], [[1256.7485116440405, 0.0, 817.7887570959712], [0.0, 1256.7485116440403, 451.9541780095127], [0.0, 0.0, 1.0]], [[1254.9860565800168, 0.0, 829.5769333630991], [0.0, 1254.9860565800168, 467.1680561863987], [0.0, 0.0, 1.0]], [[796.8910634503094, 0.0, 857.7774326863696], [0.0, 796.8910634503094, 476.8848988407415], [0.0, 0.0, 1.0]], [[1249.9629280788233, 0.0, 825.3768045375984], [0.0, 1249.9629280788233, 462.54816385708756], [0.0, 0.0, 1.0]]], "extrinsics": [[[0.8230709433555603, -0.5677998065948486, -0.012559395283460617, -0.721405029296875], [-2.2342872398439795e-05, 0.02208162657916546, -0.9997561573982239, 1.4881629943847656], [0.5679386854171753, 0.8228704929351807, 0.018162056803703308, -1.144775390625], [0.0, 0.0, 0.0, 1.0]], [[0.011076164431869984, -0.9997768998146057, -0.017981532961130142, 0.013427734375], [0.002039342885836959, 0.018005184829235077, -0.9998357892036438, 1.4806442260742188], [0.999936580657959, 0.011037707328796387, 0.002238317159935832, -1.45574951171875], [0.0, 0.0, 0.0, 1.0]], [[-0.8436965346336365, -0.5366478562355042, -0.013610129244625568, 0.91259765625], [0.010178357362747192, 0.00935694482177496, -0.9999043941497803, 1.4952106475830078], [0.5367239117622375, -0.8437544703483582, -0.0024322292301803827, -1.1597900390625], [0.0, 0.0, 0.0, 1.0]], [[0.9478574991226196, 0.31863221526145935, -0.0062947398982942104, -1.1490478515625], [-0.014872383326292038, 0.02449452504515648, -0.9995893239974976, 1.5621223449707031], [-0.31834718585014343, 0.9475618600845337, 0.027956141158938408, -0.154296875], [0.0, 0.0, 0.0, 1.0]], [[0.009053124114871025, 0.9998165965080261, 0.016877060756087303, -0.0296630859375], [-0.01291422639042139, 0.016993248835206032, -0.9997721910476685, 1.5670738220214844], [-0.9998756051063538, 0.008833135478198528, 0.01306570041924715, -0.03045654296875], [0.0, 0.0, 0.0, 1.0]], [[-0.9239149689674377, 0.3825516402721405, 0.005944018252193928, 1.019744873046875], [-0.008792507462203503, -0.005698150955140591, -0.9999451041221619, 1.5464973449707031], [-0.38249680399894714, -0.9239165186882019, 0.008628196083009243, -0.09912109375], [0.0, 0.0, 0.0, 1.0]]], "view": [[0.0, -2.0, 100.0], [-2.0, 0.0, 100.0], [0.0, 0.0, 1.0]], "bev": "bev_2f66ecc47ea444a382fe2fdd0b72bfbe.png", "aux": "aux_2f66ecc47ea444a382fe2fdd0b72bfbe.npz", "visibility": "visibility_2f66ecc47ea444a382fe2fdd0b72bfbe.png", "pose": [[0.8659313321113586, 0.5001628994941711, 0.0, 1730.2232666015625], [-0.5001628994941711, 0.8659313321113586, 0.0, 1239.2685546875], [0.0, 0.0, 1.0, 0.0], [0.0, 0.0, 0.0, 1.0]], "pose_inverse": [[0.8659313321113586, -0.5001628994941711, 0.0, -878.4183959960938], [0.5001628994941711, 0.8659313321113586, 0.0, -1938.5150146484375], [0.0, 0.0, 1.0, 0.0], [0.0, 0.0, 0.0, 1.0]], "cam_ids": [0, 1, 2, 3, 4, 5], "cam_channels": ["CAM_FRONT_LEFT", "CAM_FRONT", "CAM_FRONT_RIGHT", "CAM_BACK_LEFT", "CAM_BACK", "CAM_BACK_RIGHT"], "token": "2f66ecc47ea444a382fe2fdd0b72bfbe", "scene": "scene-0109"}, {"images": ["samples/CAM_FRONT_LEFT/n008-2018-08-01-15-16-36-0400__CAM_FRONT_LEFT__1533151848504799.jpg", "samples/CAM_FRONT/n008-2018-08-01-15-16-36-0400__CAM_FRONT__1533151848512404.jpg", "samples/CAM_FRONT_RIGHT/n008-2018-08-01-15-16-36-0400__CAM_FRONT_RIGHT__1533151848520482.jpg", "samples/CAM_BACK_LEFT/n008-2018-08-01-15-16-36-0400__CAM_BACK_LEFT__1533151848547405.jpg", "samples/CAM_BACK/n008-2018-08-01-15-16-36-0400__CAM_BACK__1533151848537558.jpg", "samples/CAM_BACK_RIGHT/n008-2018-08-01-15-16-36-0400__CAM_BACK_RIGHT__1533151848528121.jpg"], "intrinsics": [[[1257.8625342125129, 0.0, 827.2410631095686], [0.0, 1257.8625342125129, 450.915498205774], [0.0, 0.0, 1.0]], [[1252.8131021185304, 0.0, 826.588114781398], [0.0, 1252.8131021185304, 469.9846626224581], [0.0, 0.0, 1.0]], [[1256.7485116440405, 0.0, 817.7887570959712], [0.0, 1256.7485116440403, 451.9541780095127], [0.0, 0.0, 1.0]], [[1254.9860565800168, 0.0, 829.5769333630991], [0.0, 1254.9860565800168, 467.1680561863987], [0.0, 0.0, 1.0]], [[796.8910634503094, 0.0, 857.7774326863696], [0.0, 796.8910634503094, 476.8848988407415], [0.0, 0.0, 1.0]], [[1249.9629280788233, 0.0, 825.3768045375984], [0.0, 1249.9629280788233, 462.54816385708756], [0.0, 0.0, 1.0]]], "extrinsics": [[[0.8232275247573853, -0.5676154494285583, -0.010445638559758663, -0.736053466796875], [0.0027613313868641853, 0.02240280993282795, -0.9997451901435852, 1.4891128540039062], [0.5677049160003662, 0.8229889273643494, 0.020009983330965042, -1.15234375], [0.0, 0.0, 0.0, 1.0]], [[0.011430509388446808, -0.9997656941413879, -0.01837838627398014, 0.0118408203125], [0.004433853551745415, 0.018430083990097046, -0.9998202919960022, 1.4812850952148438], [0.9999248385429382, 0.011346950195729733, 0.004643479827791452, -1.46807861328125], [0.0, 0.0, 0.0, 1.0]], [[-0.8435391187667847, -0.5368419289588928, -0.015573237091302872, 0.9190673828125], [0.012163691222667694, 0.009892618283629417, -0.9998770356178284, 1.4955387115478516], [0.5369300246238708, -0.8436248898506165, -0.0018148317467421293, -1.16552734375], [0.0, 0.0, 0.0, 1.0]], [[0.9478612542152405, 0.3186376094818115, -0.00539632560685277, -1.1455078125], [-0.014269604347646236, 0.025519853457808495, -0.9995724558830261, 1.5620613098144531], [-0.3183636963367462, 0.9475330114364624, 0.028736114501953125, -0.15576171875], [0.0, 0.0, 0.0, 1.0]], [[0.008946110494434834, 0.9998025298118591, 0.017742207273840904, -0.0291748046875], [-0.011763259768486023, 0.017846910282969475, -0.9997715353965759, 1.5671710968017578], [-0.9998908638954163, 0.008735357783734798, 0.011920597404241562, -0.02972412109375], [0.0, 0.0, 0.0, 1.0]], [[-0.923988938331604, 0.3823898434638977, 0.004748181439936161, 1.0247268676757812], [-0.007224956061691046, -0.005041408818215132, -0.9999611973762512, 1.546762466430664], [-0.3823510408401489, -0.9239873290061951, 0.00742095522582531, -0.09814453125], [0.0, 0.0, 0.0, 1.0]]], "view": [[0.0, -2.0, 100.0], [-2.0, 0.0, 100.0], [0.0, 0.0, 1.0]], "bev": "bev_4b5202b4625f48799812af5d212e68a4.png", "aux": "aux_4b5202b4625f48799812af5d212e68a4.npz", "visibility": "visibility_4b5202b4625f48799812af5d212e68a4.png", "pose": [[0.8635742664337158, 0.5042216777801514, 0.0, 1733.592041015625], [-0.5042216777801514, 0.8635742664337158, 0.0, 1237.25244140625], [0.0, 0.0, 1.0, 0.0], [0.0, 0.0, 0.0, 1.0]], "pose_inverse": [[0.8635742664337158, -0.5042216777801514, 0.0, -873.2359619140625], [0.5042216777801514, 0.8635742664337158, 0.0, -1942.5740966796875], [0.0, 0.0, 1.0, 0.0], [0.0, 0.0, 0.0, 1.0]], "cam_ids": [0, 1, 2, 3, 4, 5], "cam_channels": ["CAM_FRONT_LEFT", "CAM_FRONT", "CAM_FRONT_RIGHT", "CAM_BACK_LEFT", "CAM_BACK", "CAM_BACK_RIGHT"], "token": "4b5202b4625f48799812af5d212e68a4", "scene": "scene-0109"}, {"images": ["samples/CAM_FRONT_LEFT/n008-2018-08-01-15-16-36-0400__CAM_FRONT_LEFT__1533151849004799.jpg", "samples/CAM_FRONT/n008-2018-08-01-15-16-36-0400__CAM_FRONT__1533151849012404.jpg", "samples/CAM_FRONT_RIGHT/n008-2018-08-01-15-16-36-0400__CAM_FRONT_RIGHT__1533151849020482.jpg", "samples/CAM_BACK_LEFT/n008-2018-08-01-15-16-36-0400__CAM_BACK_LEFT__1533151849047405.jpg", "samples/CAM_BACK/n008-2018-08-01-15-16-36-0400__CAM_BACK__1533151849037558.jpg", "samples/CAM_BACK_RIGHT/n008-2018-08-01-15-16-36-0400__CAM_BACK_RIGHT__1533151849028113.jpg"], "intrinsics": [[[1257.8625342125129, 0.0, 827.2410631095686], [0.0, 1257.8625342125129, 450.915498205774], [0.0, 0.0, 1.0]], [[1252.8131021185304, 0.0, 826.588114781398], [0.0, 1252.8131021185304, 469.9846626224581], [0.0, 0.0, 1.0]], [[1256.7485116440405, 0.0, 817.7887570959712], [0.0, 1256.7485116440403, 451.9541780095127], [0.0, 0.0, 1.0]], [[1254.9860565800168, 0.0, 829.5769333630991], [0.0, 1254.9860565800168, 467.1680561863987], [0.0, 0.0, 1.0]], [[796.8910634503094, 0.0, 857.7774326863696], [0.0, 796.8910634503094, 476.8848988407415], [0.0, 0.0, 1.0]], [[1249.9629280788233, 0.0, 825.3768045375984], [0.0, 1249.9629280788233, 462.54816385708756], [0.0, 0.0, 1.0]]], "extrinsics": [[[0.8233197927474976, -0.567481517791748, -0.010455179959535599, -0.748199462890625], [0.003917583730071783, 0.024102086201310158, -0.9997018575668335, 1.4893646240234375], [0.5675643086433411, 0.823033332824707, 0.022066880017518997, -1.1630859375], [0.0, 0.0, 0.0, 1.0]], [[0.01138955820351839, -0.9997376799583435, -0.01986774243414402, 0.012939453125], [0.006057722959667444, 0.019937654957175255, -0.9997828602790833, 1.4816017150878906], [0.9999167323112488, 0.011266842484474182, 0.006283216178417206, -1.48187255859375], [0.0, 0.0, 0.0, 1.0]], [[-0.8435350060462952, -0.5367705821990967, -0.01805754564702511, 0.92822265625], [0.014278708025813103, 0.011196555569767952, -0.9998353719711304, 1.4958076477050781], [0.5368843674659729, -0.8436539769172668, -0.0017802971415221691, -1.1697998046875], [0.0, 0.0, 0.0, 1.0]], [[0.947884202003479, 0.3186114430427551, -0.001551153720356524, -1.1422119140625], [-0.010488112457096577, 0.026336107403039932, -0.9995980858802795, 1.5620231628417969], [-0.31844258308410645, 0.9475194215774536, 0.028305210173130035, -0.1566162109375], [0.0, 0.0, 0.0, 1.0]], [[0.008924724534153938, 0.9997851252555847, 0.018705300986766815, -0.0296630859375], [-0.00860480684787035, 0.01878213882446289, -0.9997864961624146, 1.5674152374267578], [-0.9999231696128845, 0.00876188836991787, 0.00877058319747448, -0.02789306640625], [0.0, 0.0, 0.0, 1.0]], [[-0.923981249332428, 0.382427841424942, 0.0027295267209410667, 1.0302772521972656], [-0.004577826242893934, -0.003923223819583654, -0.9999818205833435, 1.54718017578125], [-0.3824101984500885, -0.9239770174026489, 0.005375674460083246, -0.0947265625], [0.0, 0.0, 0.0, 1.0]]], "view": [[0.0, -2.0, 100.0], [-2.0, 0.0, 100.0], [0.0, 0.0, 1.0]], "bev": "bev_337b3416809642ddae453ed60595cf5b.png", "aux": "aux_337b3416809642ddae453ed60595cf5b.npz", "visibility": "visibility_337b3416809642ddae453ed60595cf5b.png", "pose": [[0.858738124370575, 0.5124146938323975, 0.0, 1736.798095703125], [-0.5124146938323975, 0.858738124370575, 0.0, 1235.2940673828125], [0.0, 0.0, 1.0, 0.0], [0.0, 0.0, 0.0, 1.0]], "pose_inverse": [[0.858738124370575, -0.5124146938323975, 0.0, -858.471923828125], [0.5124146938323975, 0.858738124370575, 0.0, -1950.7550048828125], [0.0, 0.0, 1.0, 0.0], [0.0, 0.0, 0.0, 1.0]], "cam_ids": [0, 1, 2, 3, 4, 5], "cam_channels": ["CAM_FRONT_LEFT", "CAM_FRONT", "CAM_FRONT_RIGHT", "CAM_BACK_LEFT", "CAM_BACK", "CAM_BACK_RIGHT"], "token": "337b3416809642ddae453ed60595cf5b", "scene": "scene-0109"}, {"images": ["samples/CAM_FRONT_LEFT/n008-2018-08-01-15-16-36-0400__CAM_FRONT_LEFT__1533151849504799.jpg", "samples/CAM_FRONT/n008-2018-08-01-15-16-36-0400__CAM_FRONT__1533151849512404.jpg", "samples/CAM_FRONT_RIGHT/n008-2018-08-01-15-16-36-0400__CAM_FRONT_RIGHT__1533151849520482.jpg", "samples/CAM_BACK_LEFT/n008-2018-08-01-15-16-36-0400__CAM_BACK_LEFT__1533151849547405.jpg", "samples/CAM_BACK/n008-2018-08-01-15-16-36-0400__CAM_BACK__1533151849537558.jpg", "samples/CAM_BACK_RIGHT/n008-2018-08-01-15-16-36-0400__CAM_BACK_RIGHT__1533151849528113.jpg"], "intrinsics": [[[1257.8625342125129, 0.0, 827.2410631095686], [0.0, 1257.8625342125129, 450.915498205774], [0.0, 0.0, 1.0]], [[1252.8131021185304, 0.0, 826.588114781398], [0.0, 1252.8131021185304, 469.9846626224581], [0.0, 0.0, 1.0]], [[1256.7485116440405, 0.0, 817.7887570959712], [0.0, 1256.7485116440403, 451.9541780095127], [0.0, 0.0, 1.0]], [[1254.9860565800168, 0.0, 829.5769333630991], [0.0, 1254.9860565800168, 467.1680561863987], [0.0, 0.0, 1.0]], [[796.8910634503094, 0.0, 857.7774326863696], [0.0, 796.8910634503094, 476.8848988407415], [0.0, 0.0, 1.0]], [[1249.9629280788233, 0.0, 825.3768045375984], [0.0, 1249.9629280788233, 462.54816385708756], [0.0, 0.0, 1.0]]], "extrinsics": [[[0.8236502408981323, -0.5669789910316467, -0.011632070876657963, -0.76202392578125], [-0.001803259365260601, 0.017892969772219658, -0.9998382925987244, 1.4877128601074219], [0.5670953392982483, 0.8235380053520203, 0.013715136796236038, -1.16943359375], [0.0, 0.0, 0.0, 1.0]], [[0.011925414204597473, -0.9998349547386169, -0.013707602396607399, 0.0103759765625], [-8.247920777648687e-05, 0.013707594014704227, -0.999906063079834, 1.4801158905029297], [0.9999289512634277, 0.011925463564693928, 8.100349805317819e-05, -1.49481201171875], [0.0, 0.0, 0.0, 1.0]], [[-0.8433529138565063, -0.5372821688652039, -0.009148482233285904, 0.9356689453125], [0.0076953573152422905, 0.004947487264871597, -0.9999581575393677, 1.494485855102539], [0.5373049378395081, -0.8433880805969238, -3.790060509345494e-05, -1.1768798828125], [0.0, 0.0, 0.0, 1.0]], [[0.9478361010551453, 0.3185737431049347, -0.010834639891982079, -1.1434326171875], [-0.01813337206840515, 0.01995382271707058, -0.9996364116668701, 1.5620288848876953], [-0.31824174523353577, 0.9476880431175232, 0.024689769372344017, -0.156494140625], [0.0, 0.0, 0.0, 1.0]], [[0.008837511762976646, 0.9998851418495178, 0.012315711006522179, -0.0289306640625], [-0.01580851338803768, 0.01245435606688261, -0.9997974634170532, 1.5669803619384766], [-0.9998360276222229, 0.008641005493700504, 0.01591676101088524, -0.0235595703125], [0.0, 0.0, 0.0, 1.0]], [[-0.9240939617156982, 0.3821069002151489, 0.0066854520700871944, 1.037689208984375], [-0.011456698179244995, -0.01021285355091095, -0.9998822212219238, 1.546304702758789], [-0.38199350237846375, -0.9240617156028748, 0.01381531823426485, -0.09326171875], [0.0, 0.0, 0.0, 1.0]]], "view": [[0.0, -2.0, 100.0], [-2.0, 0.0, 100.0], [0.0, 0.0, 1.0]], "bev": "bev_b38d8cf878e54d3a8f025af620fa2f97.png", "aux": "aux_b38d8cf878e54d3a8f025af620fa2f97.npz", "visibility": "visibility_b38d8cf878e54d3a8f025af620fa2f97.png", "pose": [[0.8492984771728516, 0.527912974357605, 0.0, 1739.7529296875], [-0.527912974357605, 0.8492984771728516, 0.0, 1233.432861328125], [0.0, 0.0, 1.0, 0.0], [0.0, 0.0, 0.0, 1.0]], "pose_inverse": [[0.8492984771728516, -0.527912974357605, 0.0, -826.42431640625], [0.527912974357605, 0.8492984771728516, 0.0, -1965.99072265625], [0.0, 0.0, 1.0, 0.0], [0.0, 0.0, 0.0, 1.0]], "cam_ids": [0, 1, 2, 3, 4, 5], "cam_channels": ["CAM_FRONT_LEFT", "CAM_FRONT", "CAM_FRONT_RIGHT", "CAM_BACK_LEFT", "CAM_BACK", "CAM_BACK_RIGHT"], "token": "b38d8cf878e54d3a8f025af620fa2f97", "scene": "scene-0109"}, {"images": ["samples/CAM_FRONT_LEFT/n008-2018-08-01-15-16-36-0400__CAM_FRONT_LEFT__1533151850004799.jpg", "samples/CAM_FRONT/n008-2018-08-01-15-16-36-0400__CAM_FRONT__1533151850012404.jpg", "samples/CAM_FRONT_RIGHT/n008-2018-08-01-15-16-36-0400__CAM_FRONT_RIGHT__1533151850020482.jpg", "samples/CAM_BACK_LEFT/n008-2018-08-01-15-16-36-0400__CAM_BACK_LEFT__1533151850047405.jpg", "samples/CAM_BACK/n008-2018-08-01-15-16-36-0400__CAM_BACK__1533151850037558.jpg", "samples/CAM_BACK_RIGHT/n008-2018-08-01-15-16-36-0400__CAM_BACK_RIGHT__1533151850028113.jpg"], "intrinsics": [[[1257.8625342125129, 0.0, 827.2410631095686], [0.0, 1257.8625342125129, 450.915498205774], [0.0, 0.0, 1.0]], [[1252.8131021185304, 0.0, 826.588114781398], [0.0, 1252.8131021185304, 469.9846626224581], [0.0, 0.0, 1.0]], [[1256.7485116440405, 0.0, 817.7887570959712], [0.0, 1256.7485116440403, 451.9541780095127], [0.0, 0.0, 1.0]], [[1254.9860565800168, 0.0, 829.5769333630991], [0.0, 1254.9860565800168, 467.1680561863987], [0.0, 0.0, 1.0]], [[796.8910634503094, 0.0, 857.7774326863696], [0.0, 796.8910634503094, 476.8848988407415], [0.0, 0.0, 1.0]], [[1249.9629280788233, 0.0, 825.3768045375984], [0.0, 1249.9629280788233, 462.54816385708756], [0.0, 0.0, 1.0]]], "extrinsics": [[[0.8238989114761353, -0.5667245388031006, -0.003731978591531515, -0.7645263671875], [0.0053330990485847, 0.014337614178657532, -0.9998829364776611, 1.4898090362548828], [0.5667116641998291, 0.8237826228141785, 0.014835141599178314, -1.17041015625], [0.0, 0.0, 0.0, 1.0]], [[0.012265702709555626, -0.9998738169670105, -0.010089888237416744, 0.0106201171875], [0.007575044874101877, 0.010183273814618587, -0.9999194741249084, 1.481954574584961], [0.9998960494995117, 0.012188254855573177, 0.007698993664234877, -1.495849609375], [0.0, 0.0, 0.0, 1.0]], [[-0.8431563377380371, -0.5374809503555298, -0.014195293188095093, 0.936767578125], [0.01590549387037754, 0.001456171739846468, -0.9998723864555359, 1.4959897994995117], [0.5374331474304199, -0.8432745933532715, 0.007321119774132967, -1.177490234375], [0.0, 0.0, 0.0, 1.0]], [[0.9479281306266785, 0.31847265362739563, -0.002729447791352868, -1.144287109375], [-0.00850982591509819, 0.016760429367423058, -0.9998233318328857, 1.5620536804199219], [-0.31837064027786255, 0.947783887386322, 0.018597830086946487, -0.1556396484375], [0.0, 0.0, 0.0, 1.0]], [[0.008706246502697468, 0.9999210238456726, 0.009065676480531693, -0.0286865234375], [-0.006745015271008015, 0.009124536998569965, -0.9999356269836426, 1.5676050186157227], [-0.9999393820762634, 0.00864453986287117, 0.006823922973126173, -0.0225830078125], [0.0, 0.0, 0.0, 1.0]], [[-0.9241608381271362, 0.3819948136806488, -0.002561840694397688, 1.0387115478515625], [-0.0028676067013293505, -0.013643435202538967, -0.9999027848243713, 1.5474510192871094], [-0.3819926679134369, -0.9240637421607971, 0.013704140670597553, -0.0927734375], [0.0, 0.0, 0.0, 1.0]]], "view": [[0.0, -2.0, 100.0], [-2.0, 0.0, 100.0], [0.0, 0.0, 1.0]], "bev": "bev_d71c3cf6e5184dab8100dd12a7205d43.png", "aux": "aux_d71c3cf6e5184dab8100dd12a7205d43.npz", "visibility": "visibility_d71c3cf6e5184dab8100dd12a7205d43.png", "pose": [[0.836183488368988, 0.5484497547149658, 0.0, 1742.6082763671875], [-0.5484497547149658, 0.836183488368988, 0.0, 1231.564697265625], [0.0, 0.0, 1.0, 0.0], [0.0, 0.0, 0.0, 1.0]], "pose_inverse": [[0.836183488368988, -0.5484497547149658, 0.0, -781.6889038085938], [0.5484497547149658, 0.836183488368988, 0.0, -1985.5472412109375], [0.0, 0.0, 1.0, 0.0], [0.0, 0.0, 0.0, 1.0]], "cam_ids": [0, 1, 2, 3, 4, 5], "cam_channels": ["CAM_FRONT_LEFT", "CAM_FRONT", "CAM_FRONT_RIGHT", "CAM_BACK_LEFT", "CAM_BACK", "CAM_BACK_RIGHT"], "token": "d71c3cf6e5184dab8100dd12a7205d43", "scene": "scene-0109"}, {"images": ["samples/CAM_FRONT_LEFT/n008-2018-08-01-15-16-36-0400__CAM_FRONT_LEFT__1533151850504799.jpg", "samples/CAM_FRONT/n008-2018-08-01-15-16-36-0400__CAM_FRONT__1533151850512404.jpg", "samples/CAM_FRONT_RIGHT/n008-2018-08-01-15-16-36-0400__CAM_FRONT_RIGHT__1533151850520482.jpg", "samples/CAM_BACK_LEFT/n008-2018-08-01-15-16-36-0400__CAM_BACK_LEFT__1533151850547405.jpg", "samples/CAM_BACK/n008-2018-08-01-15-16-36-0400__CAM_BACK__1533151850537558.jpg", "samples/CAM_BACK_RIGHT/n008-2018-08-01-15-16-36-0400__CAM_BACK_RIGHT__1533151850528113.jpg"], "intrinsics": [[[1257.8625342125129, 0.0, 827.2410631095686], [0.0, 1257.8625342125129, 450.915498205774], [0.0, 0.0, 1.0]], [[1252.8131021185304, 0.0, 826.588114781398], [0.0, 1252.8131021185304, 469.9846626224581], [0.0, 0.0, 1.0]], [[1256.7485116440405, 0.0, 817.7887570959712], [0.0, 1256.7485116440403, 451.9541780095127], [0.0, 0.0, 1.0]], [[1254.9860565800168, 0.0, 829.5769333630991], [0.0, 1254.9860565800168, 467.1680561863987], [0.0, 0.0, 1.0]], [[796.8910634503094, 0.0, 857.7774326863696], [0.0, 796.8910634503094, 476.8848988407415], [0.0, 0.0, 1.0]], [[1249.9629280788233, 0.0, 825.3768045375984], [0.0, 1249.9629280788233, 462.54816385708756], [0.0, 0.0, 1.0]]], "extrinsics": [[[0.8235671520233154, -0.5671873688697815, -0.005978494882583618, -0.78228759765625], [0.008392436429858208, 0.022723490372300148, -0.9997065663337708, 1.4905509948730469], [0.5671568512916565, 0.8232752680778503, 0.023474400863051414, -1.180419921875], [0.0, 0.0, 0.0, 1.0]], [[0.011722573079168797, -0.9997594952583313, -0.01853487826883793, 0.00830078125], [0.010379115119576454, 0.018656810745596886, -0.9997721314430237, 1.4824600219726562], [0.9998774528503418, 0.011527596041560173, 0.010595323517918587, -1.512939453125], [0.0, 0.0, 0.0, 1.0]], [[-0.8433545231819153, -0.5369498133659363, -0.020933179184794426, 0.9468994140625], [0.01843569427728653, 0.010020950809121132, -0.9997798204421997, 1.4962158203125], [0.5370413661003113, -0.8435547947883606, 0.0014478267403319478, -1.18603515625], [0.0, 0.0, 0.0, 1.0]], [[0.9480436444282532, 0.31813541054725647, 0.0017829167190939188, -1.1451416015625], [-0.006686537526547909, 0.025528201833367348, -0.9996517300605774, 1.5620765686035156], [-0.3180701434612274, 0.9477015137672424, 0.026329072192311287, -0.15478515625], [0.0, 0.0, 0.0, 1.0]], [[0.008983127772808075, 0.9998015761375427, 0.017782822251319885, -0.02783203125], [-0.00467272661626339, 0.01782531663775444, -0.9998301863670349, 1.5677833557128906], [-0.9999487400054932, 0.008898486383259296, 0.0048319255001842976, -0.01708984375], [0.0, 0.0, 0.0, 1.0]], [[-0.9240313768386841, 0.38231396675109863, -0.001399768516421318, 1.0479965209960938], [-0.0005593090318143368, -0.005013079382479191, -0.9999873042106628, 1.5477466583251953], [-0.38231611251831055, -0.9240188598632812, 0.0048460750840604305, -0.090087890625], [0.0, 0.0, 0.0, 1.0]]], "view": [[0.0, -2.0, 100.0], [-2.0, 0.0, 100.0], [0.0, 0.0, 1.0]], "bev": "bev_e3831bdcf3024b5eb47f2684694f8504.png", "aux": "aux_e3831bdcf3024b5eb47f2684694f8504.npz", "visibility": "visibility_e3831bdcf3024b5eb47f2684694f8504.png", "pose": [[0.8249303102493286, 0.5652344822883606, 0.0, 1745.3955078125], [-0.5652344822883606, 0.8249303102493286, 0.0, 1229.6895751953125], [0.0, 0.0, 1.0, 0.0], [0.0, 0.0, 0.0, 1.0]], "pose_inverse": [[0.8249303102493286, -0.5652344822883606, 0.0, -744.7667236328125], [0.5652344822883606, 0.8249303102493286, 0.0, -2000.9659423828125], [0.0, 0.0, 1.0, 0.0], [0.0, 0.0, 0.0, 1.0]], "cam_ids": [0, 1, 2, 3, 4, 5], "cam_channels": ["CAM_FRONT_LEFT", "CAM_FRONT", "CAM_FRONT_RIGHT", "CAM_BACK_LEFT", "CAM_BACK", "CAM_BACK_RIGHT"], "token": "e3831bdcf3024b5eb47f2684694f8504", "scene": "scene-0109"}, {"images": ["samples/CAM_FRONT_LEFT/n008-2018-08-01-15-16-36-0400__CAM_FRONT_LEFT__1533151851004799.jpg", "samples/CAM_FRONT/n008-2018-08-01-15-16-36-0400__CAM_FRONT__1533151851012404.jpg", "samples/CAM_FRONT_RIGHT/n008-2018-08-01-15-16-36-0400__CAM_FRONT_RIGHT__1533151851020482.jpg", "samples/CAM_BACK_LEFT/n008-2018-08-01-15-16-36-0400__CAM_BACK_LEFT__1533151851047405.jpg", "samples/CAM_BACK/n008-2018-08-01-15-16-36-0400__CAM_BACK__1533151851037558.jpg", "samples/CAM_BACK_RIGHT/n008-2018-08-01-15-16-36-0400__CAM_BACK_RIGHT__1533151851028113.jpg"], "intrinsics": [[[1257.8625342125129, 0.0, 827.2410631095686], [0.0, 1257.8625342125129, 450.915498205774], [0.0, 0.0, 1.0]], [[1252.8131021185304, 0.0, 826.588114781398], [0.0, 1252.8131021185304, 469.9846626224581], [0.0, 0.0, 1.0]], [[1256.7485116440405, 0.0, 817.7887570959712], [0.0, 1256.7485116440403, 451.9541780095127], [0.0, 0.0, 1.0]], [[1254.9860565800168, 0.0, 829.5769333630991], [0.0, 1254.9860565800168, 467.1680561863987], [0.0, 0.0, 1.0]], [[796.8910634503094, 0.0, 857.7774326863696], [0.0, 796.8910634503094, 476.8848988407415], [0.0, 0.0, 1.0]], [[1249.9629280788233, 0.0, 825.3768045375984], [0.0, 1249.9629280788233, 462.54816385708756], [0.0, 0.0, 1.0]]], "extrinsics": [[[0.823535680770874, -0.5671725273132324, -0.010214502923190594, -0.79376220703125], [0.0100261140614748, 0.03255699574947357, -0.999419629573822, 1.4908294677734375], [0.5671758651733398, 0.8229552507400513, 0.03249838575720787, -1.189208984375], [0.0, 0.0, 0.0, 1.0]], [[0.011751108802855015, -0.9995287656784058, -0.02835531160235405, 0.0089111328125], [0.011974831111729145, 0.02849590592086315, -0.9995222091674805, 1.482635498046875], [0.9998592734336853, 0.011405881494283676, 0.01230404619127512, -1.52593994140625], [0.0, 0.0, 0.0, 1.0]], [[-0.8433266878128052, -0.5366953611373901, -0.02753302827477455, 0.9560546875], [0.019993238151073456, 0.019864631816744804, -0.999602735042572, 1.4962539672851562], [0.5370291471481323, -0.843542218208313, -0.006022097077220678, -1.1907958984375], [0.0, 0.0, 0.0, 1.0]], [[0.9479489922523499, 0.3183700740337372, 0.005747854709625244, -1.145263671875], [-0.005687905475497246, 0.034978434443473816, -0.9993718862533569, 1.5620651245117188], [-0.3183712065219879, 0.9473209977149963, 0.03496863320469856, -0.1552734375], [0.0, 0.0, 0.0, 1.0]], [[0.00887015089392662, 0.9995834827423096, 0.027463356032967567, -0.0284423828125], [-0.0034489845857024193, 0.027494853362441063, -0.9996159076690674, 1.5678558349609375], [-0.9999547004699707, 0.00877203419804573, 0.00369143090210855, -0.01324462890625], [0.0, 0.0, 0.0, 1.0]], [[-0.924019992351532, 0.3823426365852356, 0.0010374319972470403, 1.0548553466796875], [0.0008687154622748494, 0.004812777508050203, -0.9999880194664001, 1.5479097366333008], [-0.38234302401542664, -0.9240080714225769, -0.004779249429702759, -0.087158203125], [0.0, 0.0, 0.0, 1.0]]], "view": [[0.0, -2.0, 100.0], [-2.0, 0.0, 100.0], [0.0, 0.0, 1.0]], "bev": "bev_fad35ef9ea5445cea6b6488e5435b9a7.png", "aux": "aux_fad35ef9ea5445cea6b6488e5435b9a7.npz", "visibility": "visibility_fad35ef9ea5445cea6b6488e5435b9a7.png", "pose": [[0.8089156150817871, 0.5879247188568115, 0.0, 1747.9031982421875], [-0.5879247188568115, 0.8089156150817871, 0.0, 1227.8807373046875], [0.0, 0.0, 1.0, 0.0], [0.0, 0.0, 0.0, 1.0]], "pose_inverse": [[0.8089156150817871, -0.5879247188568115, 0.0, -692.0047607421875], [0.5879247188568115, 0.8089156150817871, 0.0, -2020.887451171875], [0.0, 0.0, 1.0, 0.0], [0.0, 0.0, 0.0, 1.0]], "cam_ids": [0, 1, 2, 3, 4, 5], "cam_channels": ["CAM_FRONT_LEFT", "CAM_FRONT", "CAM_FRONT_RIGHT", "CAM_BACK_LEFT", "CAM_BACK", "CAM_BACK_RIGHT"], "token": "fad35ef9ea5445cea6b6488e5435b9a7", "scene": "scene-0109"}, {"images": ["samples/CAM_FRONT_LEFT/n008-2018-08-01-15-16-36-0400__CAM_FRONT_LEFT__1533151851504812.jpg", "samples/CAM_FRONT/n008-2018-08-01-15-16-36-0400__CAM_FRONT__1533151851512404.jpg", "samples/CAM_FRONT_RIGHT/n008-2018-08-01-15-16-36-0400__CAM_FRONT_RIGHT__1533151851520482.jpg", "samples/CAM_BACK_LEFT/n008-2018-08-01-15-16-36-0400__CAM_BACK_LEFT__1533151851547405.jpg", "samples/CAM_BACK/n008-2018-08-01-15-16-36-0400__CAM_BACK__1533151851537558.jpg", "samples/CAM_BACK_RIGHT/n008-2018-08-01-15-16-36-0400__CAM_BACK_RIGHT__1533151851528113.jpg"], "intrinsics": [[[1257.8625342125129, 0.0, 827.2410631095686], [0.0, 1257.8625342125129, 450.915498205774], [0.0, 0.0, 1.0]], [[1252.8131021185304, 0.0, 826.588114781398], [0.0, 1252.8131021185304, 469.9846626224581], [0.0, 0.0, 1.0]], [[1256.7485116440405, 0.0, 817.7887570959712], [0.0, 1256.7485116440403, 451.9541780095127], [0.0, 0.0, 1.0]], [[1254.9860565800168, 0.0, 829.5769333630991], [0.0, 1254.9860565800168, 467.1680561863987], [0.0, 0.0, 1.0]], [[796.8910634503094, 0.0, 857.7774326863696], [0.0, 796.8910634503094, 476.8848988407415], [0.0, 0.0, 1.0]], [[1249.9629280788233, 0.0, 825.3768045375984], [0.0, 1249.9629280788233, 462.54816385708756], [0.0, 0.0, 1.0]]], "extrinsics": [[[0.824111819267273, -0.5661624670028687, -0.017313579097390175, -0.81549072265625], [0.0017709862440824509, 0.0331416018307209, -0.9994490742683411, 1.4886398315429688], [0.5664243698120117, 0.8236271739006042, 0.028315052390098572, -1.2054443359375], [0.0, 0.0, 0.0, 1.0]], [[0.012480832636356354, -0.9995006918907166, -0.02902381680905819, 0.009521484375], [0.003665213007479906, 0.029071610420942307, -0.9995706081390381, 1.4808006286621094], [0.9999154210090637, 0.012369086034595966, 0.004026221111416817, -1.5472412109375], [0.0, 0.0, 0.0, 1.0]], [[-0.843120276927948, -0.5373228192329407, -0.020787568762898445, 0.97021484375], [0.011625281535089016, 0.020435217767953873, -0.9997236132621765, 1.4947166442871094], [0.5375991463661194, -0.8431289792060852, -0.010982819832861423, -1.19921875], [0.0, 0.0, 0.0, 1.0]], [[0.9478269815444946, 0.31878015398979187, -0.0018058749847114086, -1.14697265625], [-0.013923960737884045, 0.0357392318546772, -0.999264121055603, 1.5620880126953125], [-0.31848108768463135, 0.9471546411514282, 0.03831328824162483, -0.1549072265625], [0.0, 0.0, 0.0, 1.0]], [[0.008632833138108253, 0.9995688796043396, 0.028062209486961365, -0.028564453125], [-0.011745180003345013, 0.028162678703665733, -0.9995343089103699, 1.5674514770507812], [-0.9998937845230103, 0.00829917099326849, 0.011983239091932774, -0.00665283203125], [0.0, 0.0, 0.0, 1.0]], [[-0.9241941571235657, 0.3818177282810211, 0.008960509672760963, 1.0657196044921875], [-0.007470867596566677, 0.005383710842579603, -0.9999575614929199, 1.5470423698425293], [-0.3818497955799103, -0.924221932888031, -0.0021230841521173716, -0.08203125], [0.0, 0.0, 0.0, 1.0]]], "view": [[0.0, -2.0, 100.0], [-2.0, 0.0, 100.0], [0.0, 0.0, 1.0]], "bev": "bev_dc01868069094fb68ff4b7b5f38f37ac.png", "aux": "aux_dc01868069094fb68ff4b7b5f38f37ac.npz", "visibility": "visibility_dc01868069094fb68ff4b7b5f38f37ac.png", "pose": [[0.7893683910369873, 0.6139197945594788, 0.0, 1750.1331787109375], [-0.6139197945594788, 0.7893683910369873, 0.0, 1226.175048828125], [0.0, 0.0, 1.0, 0.0], [0.0, 0.0, 0.0, 1.0]], "pose_inverse": [[0.7893683910369873, -0.6139197945594788, 0.0, -628.7266845703125], [0.6139197945594788, 0.7893683910369873, 0.0, -2042.34521484375], [0.0, 0.0, 1.0, 0.0], [0.0, 0.0, 0.0, 1.0]], "cam_ids": [0, 1, 2, 3, 4, 5], "cam_channels": ["CAM_FRONT_LEFT", "CAM_FRONT", "CAM_FRONT_RIGHT", "CAM_BACK_LEFT", "CAM_BACK", "CAM_BACK_RIGHT"], "token": "dc01868069094fb68ff4b7b5f38f37ac", "scene": "scene-0109"}, {"images": ["samples/CAM_FRONT_LEFT/n008-2018-08-01-15-16-36-0400__CAM_FRONT_LEFT__1533151852004799.jpg", "samples/CAM_FRONT/n008-2018-08-01-15-16-36-0400__CAM_FRONT__1533151852012404.jpg", "samples/CAM_FRONT_RIGHT/n008-2018-08-01-15-16-36-0400__CAM_FRONT_RIGHT__1533151852020482.jpg", "samples/CAM_BACK_LEFT/n008-2018-08-01-15-16-36-0400__CAM_BACK_LEFT__1533151852047405.jpg", "samples/CAM_BACK/n008-2018-08-01-15-16-36-0400__CAM_BACK__1533151852037558.jpg", "samples/CAM_BACK_RIGHT/n008-2018-08-01-15-16-36-0400__CAM_BACK_RIGHT__1533151852028113.jpg"], "intrinsics": [[[1257.8625342125129, 0.0, 827.2410631095686], [0.0, 1257.8625342125129, 450.915498205774], [0.0, 0.0, 1.0]], [[1252.8131021185304, 0.0, 826.588114781398], [0.0, 1252.8131021185304, 469.9846626224581], [0.0, 0.0, 1.0]], [[1256.7485116440405, 0.0, 817.7887570959712], [0.0, 1256.7485116440403, 451.9541780095127], [0.0, 0.0, 1.0]], [[1254.9860565800168, 0.0, 829.5769333630991], [0.0, 1254.9860565800168, 467.1680561863987], [0.0, 0.0, 1.0]], [[796.8910634503094, 0.0, 857.7774326863696], [0.0, 796.8910634503094, 476.8848988407415], [0.0, 0.0, 1.0]], [[1249.9629280788233, 0.0, 825.3768045375984], [0.0, 1249.9629280788233, 462.54816385708756], [0.0, 0.0, 1.0]]], "extrinsics": [[[0.8235345482826233, -0.5670323371887207, -0.016284486278891563, -0.799072265625], [0.0037913990672677755, 0.034208253026008606, -0.9994075298309326, 1.4893264770507812], [0.5672534704208374, 0.8229849338531494, 0.030321521684527397, -1.1885986328125], [0.0, 0.0, 0.0, 1.0]], [[0.011533168144524097, -0.9994853734970093, -0.02993292361497879, 0.00537109375], [0.005793946795165539, 0.030001210048794746, -0.9995331168174744, 1.4814224243164062], [0.9999166131019592, 0.011354382149875164, 0.006136974785476923, -1.52874755859375], [0.0, 0.0, 0.0, 1.0]], [[-0.8434901237487793, -0.5366483330726624, -0.023085670545697212, 0.9556884765625], [0.013862346298992634, 0.02121594361960888, -0.9996787905693054, 1.4953079223632812], [0.5369658470153809, -0.8435392379760742, -0.010456235148012638, -1.19384765625], [0.0, 0.0, 0.0, 1.0]], [[0.9479454159736633, 0.31843236088752747, 0.0005794346216134727, -1.142578125], [-0.011479836888611317, 0.0359928235411644, -0.9992861151695251, 1.562042236328125], [-0.3182258903980255, 0.9472620487213135, 0.03777478262782097, -0.156005859375], [0.0, 0.0, 0.0, 1.0]], [[0.00899994745850563, 0.9995522499084473, 0.028534401208162308, -0.02734375], [-0.009345736354589462, 0.02861839160323143, -0.9995467066764832, 1.5675392150878906], [-0.9999157786369324, 0.008729238063097, 0.009599116630852222, -0.014404296875], [0.0, 0.0, 0.0, 1.0]], [[-0.923998236656189, 0.38233113288879395, 0.00708361342549324, 1.0558319091796875], [-0.005169141571968794, 0.006034328136593103, -0.9999684691429138, 1.547234058380127], [-0.38236182928085327, -0.9240056872367859, -0.003599385032430291, -0.08837890625], [0.0, 0.0, 0.0, 1.0]]], "view": [[0.0, -2.0, 100.0], [-2.0, 0.0, 100.0], [0.0, 0.0, 1.0]], "bev": "bev_1183d8d6cbc84ad4b5a6d1e7a88e1bef.png", "aux": "aux_1183d8d6cbc84ad4b5a6d1e7a88e1bef.npz", "visibility": "visibility_1183d8d6cbc84ad4b5a6d1e7a88e1bef.png", "pose": [[0.7721428871154785, 0.6354489326477051, 0.0, 1752.4378662109375], [-0.6354489326477051, 0.7721428871154785, 0.0, 1224.33837890625], [0.0, 0.0, 1.0, 0.0], [0.0, 0.0, 0.0, 1.0]], "pose_inverse": [[0.7721428871154785, -0.6354489326477051, 0.0, -575.1279907226562], [0.6354489326477051, 0.7721428871154785, 0.0, -2058.948974609375], [0.0, 0.0, 1.0, 0.0], [0.0, 0.0, 0.0, 1.0]], "cam_ids": [0, 1, 2, 3, 4, 5], "cam_channels": ["CAM_FRONT_LEFT", "CAM_FRONT", "CAM_FRONT_RIGHT", "CAM_BACK_LEFT", "CAM_BACK", "CAM_BACK_RIGHT"], "token": "1183d8d6cbc84ad4b5a6d1e7a88e1bef", "scene": "scene-0109"}, {"images": ["samples/CAM_FRONT_LEFT/n008-2018-08-01-15-16-36-0400__CAM_FRONT_LEFT__1533151852504799.jpg", "samples/CAM_FRONT/n008-2018-08-01-15-16-36-0400__CAM_FRONT__1533151852512404.jpg", "samples/CAM_FRONT_RIGHT/n008-2018-08-01-15-16-36-0400__CAM_FRONT_RIGHT__1533151852520482.jpg", "samples/CAM_BACK_LEFT/n008-2018-08-01-15-16-36-0400__CAM_BACK_LEFT__1533151852547405.jpg", "samples/CAM_BACK/n008-2018-08-01-15-16-36-0400__CAM_BACK__1533151852537558.jpg", "samples/CAM_BACK_RIGHT/n008-2018-08-01-15-16-36-0400__CAM_BACK_RIGHT__1533151852528113.jpg"], "intrinsics": [[[1257.8625342125129, 0.0, 827.2410631095686], [0.0, 1257.8625342125129, 450.915498205774], [0.0, 0.0, 1.0]], [[1252.8131021185304, 0.0, 826.588114781398], [0.0, 1252.8131021185304, 469.9846626224581], [0.0, 0.0, 1.0]], [[1256.7485116440405, 0.0, 817.7887570959712], [0.0, 1256.7485116440403, 451.9541780095127], [0.0, 0.0, 1.0]], [[1254.9860565800168, 0.0, 829.5769333630991], [0.0, 1254.9860565800168, 467.1680561863987], [0.0, 0.0, 1.0]], [[796.8910634503094, 0.0, 857.7774326863696], [0.0, 796.8910634503094, 476.8848988407415], [0.0, 0.0, 1.0]], [[1249.9629280788233, 0.0, 825.3768045375984], [0.0, 1249.9629280788233, 462.54816385708756], [0.0, 0.0, 1.0]]], "extrinsics": [[[0.8247424960136414, -0.5653353929519653, -0.013991422019898891, -0.81231689453125], [0.0042898645624518394, 0.030995067209005356, -0.9995103478431702, 1.48931884765625], [0.5654922127723694, 0.824278712272644, 0.027988161891698837, -1.2000732421875], [0.0, 0.0, 0.0, 1.0]], [[0.013415436260402203, -0.9995527267456055, -0.026729056611657143, 0.007568359375], [0.006364902947098017, 0.026816288009285927, -0.9996200799942017, 1.4813957214355469], [0.9998897314071655, 0.013240099884569645, 0.006721806712448597, -1.54296875], [0.0, 0.0, 0.0, 1.0]], [[-0.8427028656005859, -0.5379310250282288, -0.021959399804472923, 0.9658203125], [0.01451833639293909, 0.018067114055156708, -0.9997313022613525, 1.4952278137207031], [0.5381832122802734, -0.8427953124046326, -0.007415348198264837, -1.1983642578125], [0.0, 0.0, 0.0, 1.0]], [[0.9479685425758362, 0.3183639943599701, 0.00038568387390114367, -1.1434326171875], [-0.010651761665940285, 0.032927677035331726, -0.9994009733200073, 1.5620536804199219], [-0.3181860148906708, 0.9473965764045715, 0.03460553660988808, -0.1556396484375], [0.0, 0.0, 0.0, 1.0]], [[0.008477088995277882, 0.9996404051780701, 0.025440378114581108, -0.028076171875], [-0.00861410517245531, 0.02551335096359253, -0.9996373653411865, 1.5676078796386719], [-0.9999270439147949, 0.008254