[{"images": ["samples/CAM_FRONT_LEFT/n008-2018-08-31-11-19-57-0400__CAM_FRONT_LEFT__1535729422404799.jpg", "samples/CAM_FRONT/n008-2018-08-31-11-19-57-0400__CAM_FRONT__1535729422412413.jpg", "samples/CAM_FRONT_RIGHT/n008-2018-08-31-11-19-57-0400__CAM_FRONT_RIGHT__1535729422420482.jpg", "samples/CAM_BACK_LEFT/n008-2018-08-31-11-19-57-0400__CAM_BACK_LEFT__1535729422448247.jpg", "samples/CAM_BACK/n008-2018-08-31-11-19-57-0400__CAM_BACK__1535729422437558.jpg", "samples/CAM_BACK_RIGHT/n008-2018-08-31-11-19-57-0400__CAM_BACK_RIGHT__1535729422428113.jpg"], "intrinsics": [[[1257.8625342125129, 0.0, 827.2410631095686], [0.0, 1257.8625342125129, 450.915498205774], [0.0, 0.0, 1.0]], [[1252.8131021185304, 0.0, 826.588114781398], [0.0, 1252.8131021185304, 469.9846626224581], [0.0, 0.0, 1.0]], [[1256.7485116440405, 0.0, 817.7887570959712], [0.0, 1256.7485116440403, 451.9541780095127], [0.0, 0.0, 1.0]], [[1254.9860565800168, 0.0, 829.5769333630991], [0.0, 1254.9860565800168, 467.1680561863987], [0.0, 0.0, 1.0]], [[796.8910634503094, 0.0, 857.7774326863696], [0.0, 796.8910634503094, 476.8848988407415], [0.0, 0.0, 1.0]], [[1249.9629280788233, 0.0, 825.3768045375984], [0.0, 1249.9629280788233, 462.54816385708756], [0.0, 0.0, 1.0]]], "extrinsics": [[[0.822142481803894, -0.5692771077156067, -0.0023155666422098875, -0.742431640625], [-0.008600489236414433, -0.00835344661027193, -0.9999281167984009, 1.4855899810791016], [0.5692169070243835, 0.8221032619476318, -0.01176378596574068, -1.1549072265625], [0.0, 0.0, 0.0, 1.0]], [[0.009738997556269169, -0.9998740553855896, 0.012529055587947369, 0.009765625], [-0.007375694345682859, -0.012601137161254883, -0.9998933672904968, 1.4782791137695312], [0.999925434589386, 0.00964552816003561, -0.007497487124055624, -1.4752197265625], [0.0, 0.0, 0.0, 1.0]], [[-0.8442520499229431, -0.5358208417892456, 0.011595300398766994, 0.9241943359375], [-0.00012768797751050442, -0.02143409475684166, -0.9997702836990356, 1.4930763244628906], [0.535946249961853, -0.8440595865249634, 0.01802736148238182, -1.1702880859375], [0.0, 0.0, 0.0, 1.0]], [[0.9476736783981323, 0.31808218359947205, -0.027174007147550583, -1.156494140625], [-0.026459315791726112, -0.006567836739122868, -0.9996283054351807, 1.5623970031738281], [-0.31814244389533997, 0.9480404257774353, 0.002192071173340082, -0.15167236328125], [0.0, 0.0, 0.0, 1.0]], [[0.009463571012020111, 0.9998538494110107, -0.014233998954296112, -0.028564453125], [-0.02428598143160343, -0.014000620692968369, -0.9996069669723511, 1.5664138793945312], [-0.999660313129425, 0.009805538691580296, 0.02414993941783905, -0.023681640625], [0.0, 0.0, 0.0, 1.0]], [[-0.9235759973526001, 0.383392333984375, 0.0041911969892680645, 1.03106689453125], [-0.01972954347729683, -0.036605220288038254, -0.9991350173950195, 1.5450820922851562], [-0.38290727138519287, -0.922859787940979, 0.04137185961008072, -0.096435546875], [0.0, 0.0, 0.0, 1.0]]], "view": [[0.0, -2.0, 100.0], [-2.0, 0.0, 100.0], [0.0, 0.0, 1.0]], "bev": "bev_f3dae1f516c049e1bc78518191f89af9.png", "aux": "aux_f3dae1f516c049e1bc78518191f89af9.npz", "visibility": "visibility_f3dae1f516c049e1bc78518191f89af9.png", "pose": [[0.9895297884941101, -0.14432868361473083, 0.0, 1049.1064453125], [0.14432868361473083, 0.9895297884941101, 0.0, 1379.00634765625], [0.0, 0.0, 1.0, 0.0], [0.0, 0.0, 0.0, 1.0]], "pose_inverse": [[0.9895297884941101, 0.14432868361473083, 0.0, -1237.1522216796875], [-0.14432868361473083, 0.9895297884941101, 0.0, -1213.1517333984375], [0.0, 0.0, 1.0, 0.0], [0.0, 0.0, 0.0, 1.0]], "cam_ids": [0, 1, 2, 3, 4, 5], "cam_channels": ["CAM_FRONT_LEFT", "CAM_FRONT", "CAM_FRONT_RIGHT", "CAM_BACK_LEFT", "CAM_BACK", "CAM_BACK_RIGHT"], "token": "f3dae1f516c049e1bc78518191f89af9", "scene": "scene-0303"}, {"images": ["samples/CAM_FRONT_LEFT/n008-2018-08-31-11-19-57-0400__CAM_FRONT_LEFT__1535729422904799.jpg", "samples/CAM_FRONT/n008-2018-08-31-11-19-57-0400__CAM_FRONT__1535729422912404.jpg", "samples/CAM_FRONT_RIGHT/n008-2018-08-31-11-19-57-0400__CAM_FRONT_RIGHT__1535729422920482.jpg", "samples/CAM_BACK_LEFT/n008-2018-08-31-11-19-57-0400__CAM_BACK_LEFT__1535729422947405.jpg", "samples/CAM_BACK/n008-2018-08-31-11-19-57-0400__CAM_BACK__1535729422937558.jpg", "samples/CAM_BACK_RIGHT/n008-2018-08-31-11-19-57-0400__CAM_BACK_RIGHT__1535729422928113.jpg"], "intrinsics": [[[1257.8625342125129, 0.0, 827.2410631095686], [0.0, 1257.8625342125129, 450.915498205774], [0.0, 0.0, 1.0]], [[1252.8131021185304, 0.0, 826.588114781398], [0.0, 1252.8131021185304, 469.9846626224581], [0.0, 0.0, 1.0]], [[1256.7485116440405, 0.0, 817.7887570959712], [0.0, 1256.7485116440403, 451.9541780095127], [0.0, 0.0, 1.0]], [[1254.9860565800168, 0.0, 829.5769333630991], [0.0, 1254.9860565800168, 467.1680561863987], [0.0, 0.0, 1.0]], [[796.8910634503094, 0.0, 857.7774326863696], [0.0, 796.8910634503094, 476.8848988407415], [0.0, 0.0, 1.0]], [[1249.9629280788233, 0.0, 825.3768045375984], [0.0, 1249.9629280788233, 462.54816385708756], [0.0, 0.0, 1.0]]], "extrinsics": [[[0.8225899934768677, -0.5683534145355225, 0.017898742109537125, -0.736083984375], [0.019529398530721664, -0.003220792394131422, -0.9998040795326233, 1.494659423828125], [0.5682997107505798, 0.8227782845497131, 0.008450203575193882, -1.14990234375], [0.0, 0.0, 0.0, 1.0]], [[0.010525096207857132, -0.9999150037765503, 0.007696281187236309, 0.0098876953125], [0.021704064682126045, -0.0074664512649178505, -0.9997365474700928, 1.4859504699707031], [0.9997090101242065, 0.010689363814890385, 0.021623631939291954, -1.4688720703125], [0.0, 0.0, 0.0, 1.0]], [[-0.8436460494995117, -0.5366450548171997, -0.01653965748846531, 0.92041015625], [0.02995781973004341, -0.016293371096253395, -0.9994183778762817, 1.499166488647461], [0.5360634922981262, -0.8436508178710938, 0.02982255071401596, -1.16778564453125], [0.0, 0.0, 0.0, 1.0]], [[0.9478186964988708, 0.3187812268733978, 0.004263168200850487, -1.151123046875], [0.005021632183343172, -0.0015574517892673612, -0.9999861717224121, 1.562006950378418], [-0.318770170211792, 0.9478271007537842, -0.003076983615756035, -0.1534423828125], [0.0, 0.0, 0.0, 1.0]], [[0.009026155807077885, 0.9999199509620667, -0.008862691931426525, -0.02880859375], [0.007008814252912998, -0.008926098234951496, -0.9999355673789978, 1.5685505867004395], [-0.9999347925186157, 0.00896345917135477, -0.007088823709636927, -0.025146484375], [0.0, 0.0, 0.0, 1.0]], [[-0.9236480593681335, 0.3826001286506653, -0.022169018164277077, 1.028076171875], [0.010951810516417027, -0.031471725553274155, -0.9994446039199829, 1.5494117736816406], [-0.3830852806568146, -0.9233778119087219, 0.02487863600254059, -0.097412109375], [0.0, 0.0, 0.0, 1.0]]], "view": [[0.0, -2.0, 100.0], [-2.0, 0.0, 100.0], [0.0, 0.0, 1.0]], "bev": "bev_eb9fcaa5ae61441f9dd2f3a9b5596082.png", "aux": "aux_eb9fcaa5ae61441f9dd2f3a9b5596082.npz", "visibility": "visibility_eb9fcaa5ae61441f9dd2f3a9b5596082.png", "pose": [[0.9900521039962769, -0.14070136845111847, 0.0, 1052.9114990234375], [0.14070136845111847, 0.9900521039962769, 0.0, 1379.5208740234375], [0.0, 0.0, 1.0, 0.0], [0.0, 0.0, 0.0, 1.0]], "pose_inverse": [[0.9900521039962769, 0.14070136845111847, 0.0, -1236.5377197265625], [-0.14070136845111847, 0.9900521039962769, 0.0, -1217.6513671875], [0.0, 0.0, 1.0, 0.0], [0.0, 0.0, 0.0, 1.0]], "cam_ids": [0, 1, 2, 3, 4, 5], "cam_channels": ["CAM_FRONT_LEFT", "CAM_FRONT", "CAM_FRONT_RIGHT", "CAM_BACK_LEFT", "CAM_BACK", "CAM_BACK_RIGHT"], "token": "eb9fcaa5ae61441f9dd2f3a9b5596082", "scene": "scene-0303"}, {"images": ["samples/CAM_FRONT_LEFT/n008-2018-08-31-11-19-57-0400__CAM_FRONT_LEFT__1535729423404799.jpg", "samples/CAM_FRONT/n008-2018-08-31-11-19-57-0400__CAM_FRONT__1535729423412404.jpg", "samples/CAM_FRONT_RIGHT/n008-2018-08-31-11-19-57-0400__CAM_FRONT_RIGHT__1535729423420482.jpg", "samples/CAM_BACK_LEFT/n008-2018-08-31-11-19-57-0400__CAM_BACK_LEFT__1535729423447405.jpg", "samples/CAM_BACK/n008-2018-08-31-11-19-57-0400__CAM_BACK__1535729423437558.jpg", "samples/CAM_BACK_RIGHT/n008-2018-08-31-11-19-57-0400__CAM_BACK_RIGHT__1535729423428113.jpg"], "intrinsics": [[[1257.8625342125129, 0.0, 827.2410631095686], [0.0, 1257.8625342125129, 450.915498205774], [0.0, 0.0, 1.0]], [[1252.8131021185304, 0.0, 826.588114781398], [0.0, 1252.8131021185304, 469.9846626224581], [0.0, 0.0, 1.0]], [[1256.7485116440405, 0.0, 817.7887570959712], [0.0, 1256.7485116440403, 451.9541780095127], [0.0, 0.0, 1.0]], [[1254.9860565800168, 0.0, 829.5769333630991], [0.0, 1254.9860565800168, 467.1680561863987], [0.0, 0.0, 1.0]], [[796.8910634503094, 0.0, 857.7774326863696], [0.0, 796.8910634503094, 476.8848988407415], [0.0, 0.0, 1.0]], [[1249.9629280788233, 0.0, 825.3768045375984], [0.0, 1249.9629280788233, 462.54816385708756], [0.0, 0.0, 1.0]]], "extrinsics": [[[0.8221518397331238, -0.5691832304000854, 0.009842456318438053, -0.75103759765625], [0.009905830025672913, -0.0029829288832843304, -0.9999464750289917, 1.4913501739501953], [0.5691820979118347, 0.8222053647041321, 0.0031858105212450027, -1.15869140625], [0.0, 0.0, 0.0, 1.0]], [[0.009725034236907959, -0.9999264478683472, 0.007254513446241617, 0.0084228515625], [0.011632438749074936, -0.007141239009797573, -0.9999068379402161, 1.483116626739502], [0.999885082244873, 0.009808514267206192, 0.011562133207917213, -1.4814453125], [0.0, 0.0, 0.0, 1.0]], [[-0.8441619873046875, -0.5360304117202759, -0.007876789197325706, 0.926513671875], [0.019410813227295876, -0.01587887480854988, -0.9996854662895203, 1.4968605041503906], [0.5357366800308228, -0.8440493941307068, 0.023809125646948814, -1.172821044921875], [0.0, 0.0, 0.0, 1.0]], [[0.9479418396949768, 0.31837594509124756, -0.006564021576195955, -1.1490478515625], [-0.006610480602830648, -0.0009345036232843995, -0.999977707862854, 1.562082290649414], [-0.31837502121925354, 0.9479641318321228, 0.0012187623651698232, -0.15283203125], [0.0, 0.0, 0.0, 1.0]], [[0.009423064067959785, 0.9999202489852905, -0.008414887823164463, -0.02783203125], [-0.004200298339128494, -0.008375605568289757, -0.9999560713768005, 1.5677719116210938], [-0.9999468326568604, 0.009457980282604694, 0.004121038597077131, -0.0242919921875], [0.0, 0.0, 0.0, 1.0]], [[-0.9236113429069519, 0.3831419050693512, -0.01201658695936203, 1.03173828125], [0.00014528093743138015, -0.030997995287179947, -0.999519407749176, 1.5478439331054688], [-0.38333022594451904, -0.9231692552566528, 0.02857443504035473, -0.0966796875], [0.0, 0.0, 0.0, 1.0]]], "view": [[0.0, -2.0, 100.0], [-2.0, 0.0, 100.0], [0.0, 0.0, 1.0]], "bev": "bev_e384abaf92b24fc2a5205bd15103f43a.png", "aux": "aux_e384abaf92b24fc2a5205bd15103f43a.npz", "visibility": "visibility_e384abaf92b24fc2a5205bd15103f43a.png", "pose": [[0.9897234439849854, -0.1429949700832367, 0.0, 1056.7225341796875], [0.1429949700832367, 0.9897234439849854, 0.0, 1380.0323486328125], [0.0, 0.0, 1.0, 0.0], [0.0, 0.0, 0.0, 1.0]], "pose_inverse": [[0.9897234439849854, 0.1429949700832367, 0.0, -1243.20068359375], [-0.1429949700832367, 0.9897234439849854, 0.0, -1214.7442626953125], [0.0, 0.0, 1.0, 0.0], [0.0, 0.0, 0.0, 1.0]], "cam_ids": [0, 1, 2, 3, 4, 5], "cam_channels": ["CAM_FRONT_LEFT", "CAM_FRONT", "CAM_FRONT_RIGHT", "CAM_BACK_LEFT", "CAM_BACK", "CAM_BACK_RIGHT"], "token": "e384abaf92b24fc2a5205bd15103f43a", "scene": "scene-0303"}, {"images": ["samples/CAM_FRONT_LEFT/n008-2018-08-31-11-19-57-0400__CAM_FRONT_LEFT__1535729423904799.jpg", "samples/CAM_FRONT/n008-2018-08-31-11-19-57-0400__CAM_FRONT__1535729423912404.jpg", "samples/CAM_FRONT_RIGHT/n008-2018-08-31-11-19-57-0400__CAM_FRONT_RIGHT__1535729423920482.jpg", "samples/CAM_BACK_LEFT/n008-2018-08-31-11-19-57-0400__CAM_BACK_LEFT__1535729423947405.jpg", "samples/CAM_BACK/n008-2018-08-31-11-19-57-0400__CAM_BACK__1535729423937558.jpg", "samples/CAM_BACK_RIGHT/n008-2018-08-31-11-19-57-0400__CAM_BACK_RIGHT__1535729423928113.jpg"], "intrinsics": [[[1257.8625342125129, 0.0, 827.2410631095686], [0.0, 1257.8625342125129, 450.915498205774], [0.0, 0.0, 1.0]], [[1252.8131021185304, 0.0, 826.588114781398], [0.0, 1252.8131021185304, 469.9846626224581], [0.0, 0.0, 1.0]], [[1256.7485116440405, 0.0, 817.7887570959712], [0.0, 1256.7485116440403, 451.9541780095127], [0.0, 0.0, 1.0]], [[1254.9860565800168, 0.0, 829.5769333630991], [0.0, 1254.9860565800168, 467.1680561863987], [0.0, 0.0, 1.0]], [[796.8910634503094, 0.0, 857.7774326863696], [0.0, 796.8910634503094, 476.8848988407415], [0.0, 0.0, 1.0]], [[1249.9629280788233, 0.0, 825.3768045375984], [0.0, 1249.9629280788233, 462.54816385708756], [0.0, 0.0, 1.0]]], "extrinsics": [[[0.8222343921661377, -0.5691412091255188, 0.0029800848569720984, -0.7413330078125], [0.0013588498113676906, -0.003272953210398555, -0.9999936819076538, 1.488731861114502], [0.5691474080085754, 0.822233259677887, -0.0019177580252289772, -1.152587890625], [0.0, 0.0, 0.0, 1.0]], [[0.009784753434360027, -0.9999258518218994, 0.00725450087338686, 0.0087890625], [0.0031423592008650303, -0.007224065717309713, -0.9999690055847168, 1.4810023307800293], [0.9999471306800842, 0.00980727095156908, 0.0030714410822838545, -1.470703125], [0.0, 0.0, 0.0, 1.0]], [[-0.8442329168319702, -0.535975992679596, -0.0008337190956808627, 0.9176025390625], [0.010981598868966103, -0.015742233023047447, -0.9998157620429993, 1.4953393936157227], [0.5358641147613525, -0.8440864682197571, 0.01917598396539688, -1.166900634765625], [0.0, 0.0, 0.0, 1.0]], [[0.9478428959846497, 0.3184349536895752, -0.013894965872168541, -1.1412353515625], [-0.0145927919074893, -0.00019411196990404278, -0.9998934864997864, 1.562002182006836], [-0.31840378046035767, 0.947944700717926, 0.004462867975234985, -0.15692138671875], [0.0, 0.0, 0.0, 1.0]], [[0.009405300952494144, 0.9999240040779114, -0.007968292571604252, -0.0283203125], [-0.012393530458211899, -0.007851463742554188, -0.9998923540115356, 1.5670967102050781], [-0.9998789429664612, 0.009503031149506569, 0.012318743392825127, -0.0338134765625], [0.0, 0.0, 0.0, 1.0]], [[-0.9236317873001099, 0.3832574486732483, -0.0042282226495444775, 1.022216796875], [-0.008147820830345154, -0.030662627890706062, -0.999496579170227, 1.5466079711914062], [-0.3831941783428192, -0.9231324791908264, 0.03144369274377823, -0.1005859375], [0.0, 0.0, 0.0, 1.0]]], "view": [[0.0, -2.0, 100.0], [-2.0, 0.0, 100.0], [0.0, 0.0, 1.0]], "bev": "bev_371c406439814c0a9d678931a42bc834.png", "aux": "aux_371c406439814c0a9d678931a42bc834.npz", "visibility": "visibility_371c406439814c0a9d678931a42bc834.png", "pose": [[0.9889518022537231, -0.14823737740516663, 0.0, 1060.439453125], [0.14823737740516663, 0.9889518022537231, 0.0, 1380.5528564453125], [0.0, 0.0, 1.0, 0.0], [0.0, 0.0, 0.0, 1.0]], "pose_inverse": [[0.9889518022537231, 0.14823737740516663, 0.0, -1253.373046875], [-0.14823737740516663, 0.9889518022537231, 0.0, -1208.103515625], [0.0, 0.0, 1.0, 0.0], [0.0, 0.0, 0.0, 1.0]], "cam_ids": [0, 1, 2, 3, 4, 5], "cam_channels": ["CAM_FRONT_LEFT", "CAM_FRONT", "CAM_FRONT_RIGHT", "CAM_BACK_LEFT", "CAM_BACK", "CAM_BACK_RIGHT"], "token": "371c406439814c0a9d678931a42bc834", "scene": "scene-0303"}, {"images": ["samples/CAM_FRONT_LEFT/n008-2018-08-31-11-19-57-0400__CAM_FRONT_LEFT__1535729424354799.jpg", "samples/CAM_FRONT/n008-2018-08-31-11-19-57-0400__CAM_FRONT__1535729424362404.jpg", "samples/CAM_FRONT_RIGHT/n008-2018-08-31-11-19-57-0400__CAM_FRONT_RIGHT__1535729424370482.jpg", "samples/CAM_BACK_LEFT/n008-2018-08-31-11-19-57-0400__CAM_BACK_LEFT__1535729424397405.jpg", "samples/CAM_BACK/n008-2018-08-31-11-19-57-0400__CAM_BACK__1535729424387558.jpg", "samples/CAM_BACK_RIGHT/n008-2018-08-31-11-19-57-0400__CAM_BACK_RIGHT__1535729424378113.jpg"], "intrinsics": [[[1257.8625342125129, 0.0, 827.2410631095686], [0.0, 1257.8625342125129, 450.915498205774], [0.0, 0.0, 1.0]], [[1252.8131021185304, 0.0, 826.588114781398], [0.0, 1252.8131021185304, 469.9846626224581], [0.0, 0.0, 1.0]], [[1256.7485116440405, 0.0, 817.7887570959712], [0.0, 1256.7485116440403, 451.9541780095127], [0.0, 0.0, 1.0]], [[1254.9860565800168, 0.0, 829.5769333630991], [0.0, 1254.9860565800168, 467.1680561863987], [0.0, 0.0, 1.0]], [[796.8910634503094, 0.0, 857.7774326863696], [0.0, 796.8910634503094, 476.8848988407415], [0.0, 0.0, 1.0]], [[1249.9629280788233, 0.0, 825.3768045375984], [0.0, 1249.9629280788233, 462.54816385708756], [0.0, 0.0, 1.0]]], "extrinsics": [[[0.8219773173332214, -0.5694926381111145, 0.005608995445072651, -0.744232177734375], [0.0064768316224217415, -0.0005005643470212817, -0.9999788999557495, 1.4903383255004883], [0.5694833993911743, 0.8219963312149048, 0.0032770545221865177, -1.156005859375], [0.0, 0.0, 0.0, 1.0]], [[0.009334728121757507, -0.9999457001686096, 0.004630852956324816, 0.0098876953125], [0.008160008117556572, -0.0045547266490757465, -0.9999563694000244, 1.4822955131530762], [0.999923050403595, 0.009372124448418617, 0.00811704806983471, -1.4752197265625], [0.0, 0.0, 0.0, 1.0]], [[-0.8444241881370544, -0.5356366038322449, -0.006411723326891661, 0.9219970703125], [0.015944933518767357, -0.01316925510764122, -0.9997861385345459, 1.496288776397705], [0.5354375243186951, -0.8443459272384644, 0.019661128520965576, -1.1690673828125], [0.0, 0.0, 0.0, 1.0]], [[0.9478735327720642, 0.31853726506233215, -0.008341362699866295, -1.140380859375], [-0.009619462303817272, 0.0024395326618105173, -0.9999507665634155, 1.5620059967041016], [-0.3185012638568878, 0.9479072093963623, 0.005376528017222881, -0.1573486328125], [0.0, 0.0, 0.0, 1.0]], [[0.009514989331364632, 0.9999403357505798, -0.005353675223886967, -0.0286865234375], [-0.00733204185962677, -0.005284006241708994, -0.9999591708183289, 1.5675106048583984], [-0.9999279379844666, 0.009553841315209866, 0.007281328085809946, -0.031494140625], [0.0, 0.0, 0.0, 1.0]], [[-0.923514187335968, 0.3834834694862366, -0.007866724394261837, 1.02655029296875], [-0.003160727908834815, -0.028117382898926735, -0.9995996356010437, 1.5473861694335938], [-0.38355109095573425, -0.9231196045875549, 0.027178891003131866, -0.09814453125], [0.0, 0.0, 0.0, 1.0]]], "view": [[0.0, -2.0, 100.0], [-2.0, 0.0, 100.0], [0.0, 0.0, 1.0]], "bev": "bev_4022a6f8073a4baca5ac7d63c56e677f.png", "aux": "aux_4022a6f8073a4baca5ac7d63c56e677f.npz", "visibility": "visibility_4022a6f8073a4baca5ac7d63c56e677f.png", "pose": [[0.9881748557090759, -0.15333105623722076, 0.0, 1063.75], [0.15333105623722076, 0.9881748557090759, 0.0, 1381.03515625], [0.0, 0.0, 1.0, 0.0], [0.0, 0.0, 0.0, 1.0]], "pose_inverse": [[0.9881748557090759, 0.15333105623722076, 0.0, -1262.9266357421875], [-0.15333105623722076, 0.9881748557090759, 0.0, -1201.5982666015625], [0.0, 0.0, 1.0, 0.0], [0.0, 0.0, 0.0, 1.0]], "cam_ids": [0, 1, 2, 3, 4, 5], "cam_channels": ["CAM_FRONT_LEFT", "CAM_FRONT", "CAM_FRONT_RIGHT", "CAM_BACK_LEFT", "CAM_BACK", "CAM_BACK_RIGHT"], "token": "4022a6f8073a4baca5ac7d63c56e677f", "scene": "scene-0303"}, {"images": ["samples/CAM_FRONT_LEFT/n008-2018-08-31-11-19-57-0400__CAM_FRONT_LEFT__1535729424904799.jpg", "samples/CAM_FRONT/n008-2018-08-31-11-19-57-0400__CAM_FRONT__1535729424912404.jpg", "samples/CAM_FRONT_RIGHT/n008-2018-08-31-11-19-57-0400__CAM_FRONT_RIGHT__1535729424920482.jpg", "samples/CAM_BACK_LEFT/n008-2018-08-31-11-19-57-0400__CAM_BACK_LEFT__1535729424947405.jpg", "samples/CAM_BACK/n008-2018-08-31-11-19-57-0400__CAM_BACK__1535729424937558.jpg", "samples/CAM_BACK_RIGHT/n008-2018-08-31-11-19-57-0400__CAM_BACK_RIGHT__1535729424928113.jpg"], "intrinsics": [[[1257.8625342125129, 0.0, 827.2410631095686], [0.0, 1257.8625342125129, 450.915498205774], [0.0, 0.0, 1.0]], [[1252.8131021185304, 0.0, 826.588114781398], [0.0, 1252.8131021185304, 469.9846626224581], [0.0, 0.0, 1.0]], [[1256.7485116440405, 0.0, 817.7887570959712], [0.0, 1256.7485116440403, 451.9541780095127], [0.0, 0.0, 1.0]], [[1254.9860565800168, 0.0, 829.5769333630991], [0.0, 1254.9860565800168, 467.1680561863987], [0.0, 0.0, 1.0]], [[796.8910634503094, 0.0, 857.7774326863696], [0.0, 796.8910634503094, 476.8848988407415], [0.0, 0.0, 1.0]], [[1249.9629280788233, 0.0, 825.3768045375984], [0.0, 1249.9629280788233, 462.54816385708756], [0.0, 0.0, 1.0]]], "extrinsics": [[[0.8222948312759399, -0.5690127015113831, -0.0074774776585400105, -0.7674560546875], [-0.005904068239033222, 0.00460865767672658, -0.9999719262123108, 1.4865888357162476], [0.5690311789512634, 0.8223158121109009, 0.00043018508586101234, -1.1712646484375], [0.0, 0.0, 0.0, 1.0]], [[0.0099277812987566, -0.9999505877494812, -0.0005424172268249094, 0.0091552734375], [-0.003708068048581481, 0.0005056255613453686, -0.9999930262565613, 1.4792861938476562], [0.9999437928199768, 0.00992972869426012, -0.0037028645165264606, -1.497802734375], [0.0, 0.0, 0.0, 1.0]], [[-0.8441832065582275, -0.5360545516014099, 0.00052358687389642, 0.9365234375], [0.004570252727717161, -0.008173971436917782, -0.9999561309814453, 1.4939184188842773], [0.5360351800918579, -0.844143807888031, 0.009350234642624855, -1.17840576171875], [0.0, 0.0, 0.0, 1.0]], [[0.9476485848426819, 0.3188975751399994, -0.016323108226060867, -1.141357421875], [-0.019553333520889282, 0.006930422969162464, -0.9997848272323608, 1.5619773864746094], [-0.31871581077575684, 0.9477638602256775, 0.012803117744624615, -0.15771484375], [0.0, 0.0, 0.0, 1.0]], [[0.009176339954137802, 0.9999576807022095, -0.0007378834998235106, -0.029052734375], [-0.017792729660868645, -0.0005745194503106177, -0.9998415112495422, 1.5668315887451172], [-0.9997996687889099, 0.00918803084641695, 0.017786704003810883, -0.0250244140625], [0.0, 0.0, 0.0, 1.0]], [[-0.9236592054367065, 0.38319215178489685, 0.0041640205308794975, 1.03790283203125], [-0.014149514026939869, -0.023243822157382965, -0.9996296763420105, 1.54595947265625], [-0.3829534649848938, -0.9233761429786682, 0.026891354471445084, -0.0936279296875], [0.0, 0.0, 0.0, 1.0]]], "view": [[0.0, -2.0, 100.0], [-2.0, 0.0, 100.0], [0.0, 0.0, 1.0]], "bev": "bev_bfda5e8cb73549a99e4fb56cabb2eab9.png", "aux": "aux_bfda5e8cb73549a99e4fb56cabb2eab9.npz", "visibility": "visibility_bfda5e8cb73549a99e4fb56cabb2eab9.png", "pose": [[0.9875892400741577, -0.15705890953540802, 0.0, 1067.5203857421875], [0.15705890953540802, 0.9875892400741577, 0.0, 1381.5982666015625], [0.0, 0.0, 1.0, 0.0], [0.0, 0.0, 0.0, 1.0]], "pose_inverse": [[0.9875892400741577, 0.15705890953540802, 0.0, -1271.263916015625], [-0.15705890953540802, 0.9875892400741577, 0.0, -1196.7879638671875], [0.0, 0.0, 1.0, 0.0], [0.0, 0.0, 0.0, 1.0]], "cam_ids": [0, 1, 2, 3, 4, 5], "cam_channels": ["CAM_FRONT_LEFT", "CAM_FRONT", "CAM_FRONT_RIGHT", "CAM_BACK_LEFT", "CAM_BACK", "CAM_BACK_RIGHT"], "token": "bfda5e8cb73549a99e4fb56cabb2eab9", "scene": "scene-0303"}, {"images": ["samples/CAM_FRONT_LEFT/n008-2018-08-31-11-19-57-0400__CAM_FRONT_LEFT__1535729425404799.jpg", "samples/CAM_FRONT/n008-2018-08-31-11-19-57-0400__CAM_FRONT__1535729425412404.jpg", "samples/CAM_FRONT_RIGHT/n008-2018-08-31-11-19-57-0400__CAM_FRONT_RIGHT__1535729425420482.jpg", "samples/CAM_BACK_LEFT/n008-2018-08-31-11-19-57-0400__CAM_BACK_LEFT__1535729425447405.jpg", "samples/CAM_BACK/n008-2018-08-31-11-19-57-0400__CAM_BACK__1535729425437558.jpg", "samples/CAM_BACK_RIGHT/n008-2018-08-31-11-19-57-0400__CAM_BACK_RIGHT__1535729425429023.jpg"], "intrinsics": [[[1257.8625342125129, 0.0, 827.2410631095686], [0.0, 1257.8625342125129, 450.915498205774], [0.0, 0.0, 1.0]], [[1252.8131021185304, 0.0, 826.588114781398], [0.0, 1252.8131021185304, 469.9846626224581], [0.0, 0.0, 1.0]], [[1256.7485116440405, 0.0, 817.7887570959712], [0.0, 1256.7485116440403, 451.9541780095127], [0.0, 0.0, 1.0]], [[1254.9860565800168, 0.0, 829.5769333630991], [0.0, 1254.9860565800168, 467.1680561863987], [0.0, 0.0, 1.0]], [[796.8910634503094, 0.0, 857.7774326863696], [0.0, 796.8910634503094, 476.8848988407415], [0.0, 0.0, 1.0]], [[1249.9629280788233, 0.0, 825.3768045375984], [0.0, 1249.9629280788233, 462.54816385708756], [0.0, 0.0, 1.0]]], "extrinsics": [[[0.8223540782928467, -0.5689554214477539, -0.004850542172789574, -0.7713623046875], [-0.006002139765769243, -0.0001501519582234323, -0.9999819993972778, 1.4865951538085938], [0.5689443945884705, 0.8223684430122375, -0.003538428572937846, -1.1737060546875], [0.0, 0.0, 0.0, 1.0]], [[0.009970891289412975, -0.9999412894248962, 0.004242306109517813, 0.009033203125], [-0.004334309604018927, -0.004285694565623999, -0.9999814033508301, 1.4791545867919922], [0.9999409317970276, 0.009952312335371971, -0.004376786760985851, -1.500732421875], [0.0, 0.0, 0.0, 1.0]], [[-0.84419846534729, -0.536014974117279, 0.004113324452191591, 0.936279296875], [0.003382174065336585, -0.012999970465898514, -0.9999097585678101, 1.4937028884887695], [0.536020040512085, -0.8441083431243896, 0.012787449173629284, -1.1787109375], [0.0, 0.0, 0.0, 1.0]], [[0.9478262662887573, 0.31808751821517944, -0.02111128345131874, -1.130859375], [-0.02292018197476864, 0.0019449115497991443, -0.9997353553771973, 1.5617332458496094], [-0.31796228885650635, 0.9480593800544739, 0.009134063497185707, -0.15948486328125], [0.0, 0.0, 0.0, 1.0]], [[0.009574715979397297, 0.9999381303787231, -0.005660082679241896, -0.02783203125], [-0.02051372639834881, -0.005462730303406715, -0.9997746348381042, 1.5665092468261719], [-0.9997437596321106, 0.009688666090369225, 0.020460154861211777, -0.0313720703125], [0.0, 0.0, 0.0, 1.0]], [[-0.9236101508140564, 0.38331228494644165, 0.003991808742284775, 1.0408935546875], [-0.015980210155248642, -0.028096575289964676, -0.9994774460792542, 1.5457534790039062], [-0.38299983739852905, -0.9231913685798645, 0.03207569196820259, -0.093017578125], [0.0, 0.0, 0.0, 1.0]]], "view": [[0.0, -2.0, 100.0], [-2.0, 0.0, 100.0], [0.0, 0.0, 1.0]], "bev": "bev_cdccb62fd3de4f64a9dc7cbe2868dadd.png", "aux": "aux_cdccb62fd3de4f64a9dc7cbe2868dadd.npz", "visibility": "visibility_cdccb62fd3de4f64a9dc7cbe2868dadd.png", "pose": [[0.9865660071372986, -0.16336320340633392, 0.0, 1070.7283935546875], [0.16336320340633392, 0.9865660071372986, 0.0, 1382.0999755859375], [0.0, 0.0, 1.0, 0.0], [0.0, 0.0, 0.0, 1.0]], "pose_inverse": [[0.9865660071372986, 0.16336320340633392, 0.0, -1282.1285400390625], [-0.16336320340633392, 0.9865660071372986, 0.0, -1188.615234375], [0.0, 0.0, 1.0, 0.0], [0.0, 0.0, 0.0, 1.0]], "cam_ids": [0, 1, 2, 3, 4, 5], "cam_channels": ["CAM_FRONT_LEFT", "CAM_FRONT", "CAM_FRONT_RIGHT", "CAM_BACK_LEFT", "CAM_BACK", "CAM_BACK_RIGHT"], "token": "cdccb62fd3de4f64a9dc7cbe2868dadd", "scene": "scene-0303"}, {"images": ["samples/CAM_FRONT_LEFT/n008-2018-08-31-11-19-57-0400__CAM_FRONT_LEFT__1535729425904799.jpg", "samples/CAM_FRONT/n008-2018-08-31-11-19-57-0400__CAM_FRONT__1535729425912404.jpg", "samples/CAM_FRONT_RIGHT/n008-2018-08-31-11-19-57-0400__CAM_FRONT_RIGHT__1535729425920482.jpg", "samples/CAM_BACK_LEFT/n008-2018-08-31-11-19-57-0400__CAM_BACK_LEFT__1535729425947405.jpg", "samples/CAM_BACK/n008-2018-08-31-11-19-57-0400__CAM_BACK__1535729425937577.jpg", "samples/CAM_BACK_RIGHT/n008-2018-08-31-11-19-57-0400__CAM_BACK_RIGHT__1535729425928113.jpg"], "intrinsics": [[[1257.8625342125129, 0.0, 827.2410631095686], [0.0, 1257.8625342125129, 450.915498205774], [0.0, 0.0, 1.0]], [[1252.8131021185304, 0.0, 826.588114781398], [0.0, 1252.8131021185304, 469.9846626224581], [0.0, 0.0, 1.0]], [[1256.7485116440405, 0.0, 817.7887570959712], [0.0, 1256.7485116440403, 451.9541780095127], [0.0, 0.0, 1.0]], [[1254.9860565800168, 0.0, 829.5769333630991], [0.0, 1254.9860565800168, 467.1680561863987], [0.0, 0.0, 1.0]], [[796.8910634503094, 0.0, 857.7774326863696], [0.0, 796.8910634503094, 476.8848988407415], [0.0, 0.0, 1.0]], [[1249.9629280788233, 0.0, 825.3768045375984], [0.0, 1249.9629280788233, 462.54816385708756], [0.0, 0.0, 1.0]]], "extrinsics": [[[0.8223886489868164, -0.5689260363578796, -0.0003809125046245754, -0.786865234375], [-0.0032680563163012266, -0.004054490011185408, -0.9999864101409912, 1.4874353408813477], [0.5689167380332947, 0.8223787546157837, -0.0051936497911810875, -1.183837890625], [0.0, 0.0, 0.0, 1.0]], [[0.010074259713292122, -0.9999143481254578, 0.008350783959031105, 0.008544921875], [-0.0010710868518799543, -0.008361994288861752, -0.9999644756317139, 1.4799365997314453], [0.9999486207962036, 0.010064946487545967, -0.001155235804617405, -1.5169677734375], [0.0, 0.0, 0.0, 1.0]], [[-0.8441146016120911, -0.5361533761024475, 0.003168545663356781, 0.9483642578125], [0.0072081685066223145, -0.01725720800459385, -0.9998250603675842, 1.4943056106567383], [0.5361143350601196, -0.8439441323280334, 0.01843174733221531, -1.186370849609375], [0.0, 0.0, 0.0, 1.0]], [[0.9478176236152649, 0.3183382451534271, -0.017391439527273178, -1.13818359375], [-0.017422068864107132, -0.002751120598986745, -0.9998444318771362, 1.5619392395019531], [-0.3183366060256958, 0.9479731917381287, 0.0029385515954345465, -0.15826416015625], [0.0, 0.0, 0.0, 1.0]], [[0.009316016919910908, 0.9999049305915833, -0.010167899541556835, -0.0284423828125], [-0.015535241924226284, -0.010022386908531189, -0.9998290538787842, 1.5670452117919922], [-0.9998359084129333, 0.009472368285059929, 0.015440396964550018, -0.0213623046875], [0.0, 0.0, 0.0, 1.0]], [[-0.9237073659896851, 0.3830949664115906, -0.00172153499443084, 1.0469970703125], [-0.011617369018495083, -0.03250253573060036, -0.9994041323661804, 1.5464019775390625], [-0.38292261958122253, -0.9231369495391846, 0.03447338938713074, -0.0902099609375], [0.0, 0.0, 0.0, 1.0]]], "view": [[0.0, -2.0, 100.0], [-2.0, 0.0, 100.0], [0.0, 0.0, 1.0]], "bev": "bev_fe679a66da144635b57e5d60ef5cc5e7.png", "aux": "aux_fe679a66da144635b57e5d60ef5cc5e7.npz", "visibility": "visibility_fe679a66da144635b57e5d60ef5cc5e7.png", "pose": [[0.9864342212677002, -0.16415700316429138, 0.0, 1073.7493896484375], [0.16415700316429138, 0.9864342212677002, 0.0, 1382.5736083984375], [0.0, 0.0, 1.0, 0.0], [0.0, 0.0, 0.0, 1.0]], "pose_inverse": [[0.9864342212677002, 0.16415700316429138, 0.0, -1286.142333984375], [-0.16415700316429138, 0.9864342212677002, 0.0, -1187.554443359375], [0.0, 0.0, 1.0, 0.0], [0.0, 0.0, 0.0, 1.0]], "cam_ids": [0, 1, 2, 3, 4, 5], "cam_channels": ["CAM_FRONT_LEFT", "CAM_FRONT", "CAM_FRONT_RIGHT", "CAM_BACK_LEFT", "CAM_BACK", "CAM_BACK_RIGHT"], "token": "fe679a66da144635b57e5d60ef5cc5e7", "scene": "scene-0303"}, {"images": ["samples/CAM_FRONT_LEFT/n008-2018-08-31-11-19-57-0400__CAM_FRONT_LEFT__1535729426404799.jpg", "samples/CAM_FRONT/n008-2018-08-31-11-19-57-0400__CAM_FRONT__1535729426412404.jpg", "samples/CAM_FRONT_RIGHT/n008-2018-08-31-11-19-57-0400__CAM_FRONT_RIGHT__1535729426420482.jpg", "samples/CAM_BACK_LEFT/n008-2018-08-31-11-19-57-0400__CAM_BACK_LEFT__1535729426447405.jpg", "samples/CAM_BACK/n008-2018-08-31-11-19-57-0400__CAM_BACK__1535729426437558.jpg", "samples/CAM_BACK_RIGHT/n008-2018-08-31-11-19-57-0400__CAM_BACK_RIGHT__1535729426428113.jpg"], "intrinsics": [[[1257.8625342125129, 0.0, 827.2410631095686], [0.0, 1257.8625342125129, 450.915498205774], [0.0, 0.0, 1.0]], [[1252.8131021185304, 0.0, 826.588114781398], [0.0, 1252.8131021185304, 469.9846626224581], [0.0, 0.0, 1.0]], [[1256.7485116440405, 0.0, 817.7887570959712], [0.0, 1256.7485116440403, 451.9541780095127], [0.0, 0.0, 1.0]], [[1254.9860565800168, 0.0, 829.5769333630991], [0.0, 1254.9860565800168, 467.1680561863987], [0.0, 0.0, 1.0]], [[796.8910634503094, 0.0, 857.7774326863696], [0.0, 796.8910634503094, 476.8848988407415], [0.0, 0.0, 1.0]], [[1249.9629280788233, 0.0, 825.3768045375984], [0.0, 1249.9629280788233, 462.54816385708756], [0.0, 0.0, 1.0]]], "extrinsics": [[[0.8223848938941956, -0.568843424320221, 0.010014384053647518, -0.797119140625], [0.0006189483683556318, -0.016707533970475197, -0.9998602271080017, 1.488473892211914], [0.5689312815666199, 0.8222760558128357, -0.013387937098741531, -1.1917724609375], [0.0, 0.0, 0.0, 1.0]], [[0.010021572932600975, -0.9997277855873108, 0.021067271009087563, 0.0087890625], [0.0026058407966047525, -0.021042143926024437, -0.999775230884552, 1.4807376861572266], [0.9999462962150574, 0.01007423922419548, 0.002394255716353655, -1.527099609375], [0.0, 0.0, 0.0, 1.0]], [[-0.8441153168678284, -0.5361150503158569, 0.007067672908306122, 0.955322265625], [0.010662159882485867, -0.029964067041873932, -0.9994940757751465, 1.4948177337646484], [0.5360556244850159, -0.8436129689216614, 0.03100927360355854, -1.19036865234375], [0.0, 0.0, 0.0, 1.0]], [[0.947871208190918, 0.31809094548225403, -0.018932674080133438, -1.13330078125], [-0.01474706456065178, -0.01556160394102335, -0.9997701644897461, 1.5618743896484375], [-0.31831249594688416, 0.9479324221611023, -0.01005948893725872, -0.158935546875], [0.0, 0.0, 0.0, 1.0]], [[0.009333387948572636, 0.9996934533119202, -0.0229333508759737, -0.0284423828125], [-0.012625351548194885, -0.022814709693193436, -0.9996599555015564, 1.5672492980957031], [-0.9998767375946045, 0.00961974821984768, 0.012408542446792126, -0.020263671875], [0.0, 0.0, 0.0, 1.0]], [[-0.923712432384491, 0.3829669952392578, -0.009571205824613571, 1.05255126953125], [-0.008404619060456753, -0.04523763060569763, -0.9989408850669861, 1.546875], [-0.38299432396888733, -0.9226536154747009, 0.045005254447460175, -0.0875244140625], [0.0, 0.0, 0.0, 1.0]]], "view": [[0.0, -2.0, 100.0], [-2.0, 0.0, 100.0], [0.0, 0.0, 1.0]], "bev": "bev_3cece6da5e334cf8a324024ff09e9a8e.png", "aux": "aux_3cece6da5e334cf8a324024ff09e9a8e.npz", "visibility": "visibility_3cece6da5e334cf8a324024ff09e9a8e.png", "pose": [[0.9861368536949158, -0.16593393683433533, 0.0, 1076.6422119140625], [0.16593393683433533, 0.9861368536949158, 0.0, 1383.0379638671875], [0.0, 0.0, 1.0, 0.0], [0.0, 0.0, 0.0, 1.0]], "pose_inverse": [[0.9861368536949158, 0.16593393683433533, 0.0, -1291.20947265625], [-0.16593393683433533, 0.9861368536949158, 0.0, -1185.2132568359375], [0.0, 0.0, 1.0, 0.0], [0.0, 0.0, 0.0, 1.0]], "cam_ids": [0, 1, 2, 3, 4, 5], "cam_channels": ["CAM_FRONT_LEFT", "CAM_FRONT", "CAM_FRONT_RIGHT", "CAM_BACK_LEFT", "CAM_BACK", "CAM_BACK_RIGHT"], "token": "3cece6da5e334cf8a324024ff09e9a8e", "scene": "scene-0303"}, {"images": ["samples/CAM_FRONT_LEFT/n008-2018-08-31-11-19-57-0400__CAM_FRONT_LEFT__1535729426854799.jpg", "samples/CAM_FRONT/n008-2018-08-31-11-19-57-0400__CAM_FRONT__1535729426862404.jpg", "samples/CAM_FRONT_RIGHT/n008-2018-08-31-11-19-57-0400__CAM_FRONT_RIGHT__1535729426870482.jpg", "samples/CAM_BACK_LEFT/n008-2018-08-31-11-19-57-0400__CAM_BACK_LEFT__1535729426897405.jpg", "samples/CAM_BACK/n008-2018-08-31-11-19-57-0400__CAM_BACK__1535729426887558.jpg", "samples/CAM_BACK_RIGHT/n008-2018-08-31-11-19-57-0400__CAM_BACK_RIGHT__1535729426878113.jpg"], "intrinsics": [[[1257.8625342125129, 0.0, 827.2410631095686], [0.0, 1257.8625342125129, 450.915498205774], [0.0, 0.0, 1.0]], [[1252.8131021185304, 0.0, 826.588114781398], [0.0, 1252.8131021185304, 469.9846626224581], [0.0, 0.0, 1.0]], [[1256.7485116440405, 0.0, 817.7887570959712], [0.0, 1256.7485116440403, 451.9541780095127], [0.0, 0.0, 1.0]], [[1254.9860565800168, 0.0, 829.5769333630991], [0.0, 1254.9860565800168, 467.1680561863987], [0.0, 0.0, 1.0]], [[796.8910634503094, 0.0, 857.7774326863696], [0.0, 796.8910634503094, 476.8848988407415], [0.0, 0.0, 1.0]], [[1249.9629280788233, 0.0, 825.3768045375984], [0.0, 1249.9629280788233, 462.54816385708756], [0.0, 0.0, 1.0]]], "extrinsics": [[[0.8224390149116516, -0.5687460899353027, 0.011039267294108868, -0.80096435546875], [-0.0031633395701646805, -0.023978522047400475, -0.9997074604034424, 1.4875755310058594], [0.5688444375991821, 0.8221635818481445, -0.021520014852285385, -1.195556640625], [0.0, 0.0, 0.0, 1.0]], [[0.010083096101880074, -0.9995535612106323, 0.02812325954437256, 0.009521484375], [-0.0014535462250933051, -0.02813931182026863, -0.9996029734611511, 1.4799232482910156], [0.9999480843544006, 0.010038185864686966, -0.0017366282409057021, -1.5308837890625], [0.0, 0.0, 0.0, 1.0]], [[-0.8441227674484253, -0.535955011844635, 0.014448260888457298, 0.9573974609375], [0.006301087327301502, -0.03686325624585152, -0.9993004202842712, 1.4941253662109375], [0.5361127257347107, -0.8434413075447083, 0.03449421748518944, -1.19110107421875], [0.0, 0.0, 0.0, 1.0]], [[0.9477517604827881, 0.3179565966129303, -0.02588936872780323, -1.138671875], [-0.019992398098111153, -0.0217960886657238, -0.9995625019073486, 1.5619316101074219], [-0.31838178634643555, 0.9478546380996704, -0.014300565235316753, -0.15789794921875], [0.0, 0.0, 0.0, 1.0]], [[0.00926949642598629, 0.9995242953300476, -0.029413342475891113, -0.02880859375], [-0.0175434872508049, -0.02924751676619053, -0.9994181990623474, 1.5670013427734375], [-0.9998031258583069, 0.009780116379261017, 0.01726403273642063, -0.01708984375], [0.0, 0.0, 0.0, 1.0]], [[-0.9237077236175537, 0.38301733136177063, -0.007852676324546337, 1.05352783203125], [-0.013040170073509216, -0.05192120000720024, -0.9985660314559937, 1.5463714599609375], [-0.38287580013275146, -0.9222807884216309, 0.05295463278889656, -0.0867919921875], [0.0, 0.0, 0.0, 1.0]]], "view": [[0.0, -2.0, 100.0], [-2.0, 0.0, 100.0], [0.0, 0.0, 1.0]], "bev": "bev_4952ca299c7b4f968d2a2996da38b563.png", "aux": "aux_4952ca299c7b4f968d2a2996da38b563.npz", "visibility": "visibility_4952ca299c7b4f968d2a2996da38b563.png", "pose": [[0.9859656691551208, -0.16694805026054382, 0.0, 1079.12109375], [0.16694805026054382, 0.9859656691551208, 0.0, 1383.428466796875], [0.0, 0.0, 1.0, 0.0], [0.0, 0.0, 0.0, 1.0]], "pose_inverse": [[0.9859656691551208, 0.16694805026054382, 0.0, -1294.93701171875], [-0.16694805026054382, 0.9859656691551208, 0.0, -1183.8558349609375], [0.0, 0.0, 1.0, 0.0], [0.0, 0.0, 0.0, 1.0]], "cam_ids": [0, 1, 2, 3, 4, 5], "cam_channels": ["CAM_FRONT_LEFT", "CAM_FRONT", "CAM_FRONT_RIGHT", "CAM_BACK_LEFT", "CAM_BACK", "CAM_BACK_RIGHT"], "token": "4952ca299c7b4f968d2a2996da38b563", "scene": "scene-0303"}, {"images": ["samples/CAM_FRONT_LEFT/n008-2018-08-31-11-19-57-0400__CAM_FRONT_LEFT__1535729427504799.jpg", "samples/CAM_FRONT/n008-2018-08-31-11-19-57-0400__CAM_FRONT__1535729427512404.jpg", "samples/CAM_FRONT_RIGHT/n008-2018-08-31-11-19-57-0400__CAM_FRONT_RIGHT__1535729427520482.jpg", "samples/CAM_BACK_LEFT/n008-2018-08-31-11-19-57-0400__CAM_BACK_LEFT__1535729427547409.jpg", "samples/CAM_BACK/n008-2018-08-31-11-19-57-0400__CAM_BACK__1535729427537558.jpg", "samples/CAM_BACK_RIGHT/n008-2018-08-31-11-19-57-0400__CAM_BACK_RIGHT__1535729427528113.jpg"], "intrinsics": [[[1257.8625342125129, 0.0, 827.2410631095686], [0.0, 1257.8625342125129, 450.915498205774], [0.0, 0.0, 1.0]], [[1252.8131021185304, 0.0, 826.588114781398], [0.0, 1252.8131021185304, 469.9846626224581], [0.0, 0.0, 1.0]], [[1256.7485116440405, 0.0, 817.7887570959712], [0.0, 1256.7485116440403, 451.9541780095127], [0.0, 0.0, 1.0]], [[1254.9860565800168, 0.0, 829.5769333630991], [0.0, 1254.9860565800168, 467.1680561863987], [0.0, 0.0, 1.0]], [[796.8910634503094, 0.0, 857.7774326863696], [0.0, 796.8910634503094, 476.8848988407415], [0.0, 0.0, 1.0]], [[1249.9629280788233, 0.0, 825.3768045375984], [0.0, 1249.9629280788233, 462.54816385708756], [0.0, 0.0, 1.0]]], "extrinsics": [[[0.8223918676376343, -0.5688815712928772, 0.006730465218424797, -0.8070068359375], [-0.0035042092204093933, -0.016895074397325516, -0.9998511075973511, 1.4874858856201172], [0.5689105987548828, 0.8222459554672241, -0.015887852758169174, -1.1986083984375], [0.0, 0.0, 0.0, 1.0]], [[0.010048267431557178, -0.9997316002845764, 0.02087249793112278, 0.0089111328125], [-0.0016440112376585603, -0.020890044048428535, -0.9997804760932922, 1.4798698425292969], [0.9999482035636902, 0.01001172885298729, -0.0018534770933911204, -1.5364990234375], [0.0, 0.0, 0.0, 1.0]], [[-0.844123899936676, -0.5360453724861145, 0.010493176989257336, 0.961181640625], [0.006277718581259251, -0.029451968148350716, -0.999546468257904, 1.4940776824951172], [0.5361112356185913, -0.8436753153800964, 0.028226252645254135, -1.19403076171875], [0.0, 0.0, 0.0, 1.0]], [[0.9477745890617371, 0.3181232213973999, -0.022825606167316437, -1.137451171875], [-0.019428450614213943, -0.013847836293280125, -0.9997153282165527, 1.5619087219238281], [-0.31834876537323, 0.9479482173919678, -0.006943984422832727, -0.15826416015625], [0.0, 0.0, 0.0, 1.0]], [[0.009299496188759804, 0.9997216463088989, -0.02168496698141098, -0.0286865234375], [-0.01716286689043045, -