[{"images": ["samples/CAM_FRONT_LEFT/n015-2018-08-03-15-00-36+0800__CAM_FRONT_LEFT__1533280153654844.jpg", "samples/CAM_FRONT/n015-2018-08-03-15-00-36+0800__CAM_FRONT__1533280153662477.jpg", "samples/CAM_FRONT_RIGHT/n015-2018-08-03-15-00-36+0800__CAM_FRONT_RIGHT__1533280153670339.jpg", "samples/CAM_BACK_LEFT/n015-2018-08-03-15-00-36+0800__CAM_BACK_LEFT__1533280153697423.jpg", "samples/CAM_BACK/n015-2018-08-03-15-00-36+0800__CAM_BACK__1533280153687525.jpg", "samples/CAM_BACK_RIGHT/n015-2018-08-03-15-00-36+0800__CAM_BACK_RIGHT__1533280153677893.jpg"], "intrinsics": [[[1272.5979470598488, 0.0, 826.6154927353808], [0.0, 1272.5979470598488, 479.75165386361925], [0.0, 0.0, 1.0]], [[1266.417203046554, 0.0, 816.2670197447984], [0.0, 1266.417203046554, 491.50706579294757], [0.0, 0.0, 1.0]], [[1260.8474446004698, 0.0, 807.968244525554], [0.0, 1260.8474446004698, 495.3344268742088], [0.0, 0.0, 1.0]], [[1256.7414812095406, 0.0, 792.1125740759628], [0.0, 1256.7414812095406, 492.7757465151356], [0.0, 0.0, 1.0]], [[809.2209905677063, 0.0, 829.2196003259838], [0.0, 809.2209905677063, 481.77842384512485], [0.0, 0.0, 1.0]], [[1259.5137405846733, 0.0, 807.2529053838625], [0.0, 1259.5137405846733, 501.19579884916527], [0.0, 0.0, 1.0]]], "extrinsics": [[[0.8208944201469421, -0.5708797574043274, 0.015120885334908962, -0.59197998046875], [0.001333853229880333, -0.024560963734984398, -0.9996974468231201, 1.5089073181152344], [0.5710784792900085, 0.8206661939620972, -0.01940048858523369, -1.02337646484375], [0.0, 0.0, 0.0, 1.0]], [[0.005839324556291103, -0.9995682835578918, 0.028796160593628883, 0.0091552734375], [-0.003850555745884776, -0.028818916529417038, -0.9995772838592529, 1.5191421508789062], [0.9999755024909973, 0.00572592206299305, -0.004017177037894726, -1.3168258666992188], [0.0, 0.0, 0.0, 1.0]], [[-0.8328675031661987, -0.5534499883651733, 0.004983232356607914, 0.786712646484375], [0.0018529874505475163, -0.01179179735481739, -0.9999287724494934, 1.5042085647583008], [0.5534693598747253, -0.832798957824707, 0.010846540331840515, -1.0836181640625], [0.0, 0.0, 0.0, 1.0]], [[0.9478431344032288, 0.31871795654296875, -0.003497631521895528, -1.1213836669921875], [0.010645914822816849, -0.0426236167550087, -0.9990344643592834, 1.5888023376464844], [-0.31855931878089905, 0.9468908309936523, -0.04379354417324066, -0.1109619140625], [0.0, 0.0, 0.0, 1.0]], [[0.002548231277614832, 0.9994670748710632, -0.03254314139485359, 0.00250244140625], [-0.014784352853894234, -0.032502032816410065, -0.9993623495101929, 1.5775718688964844], [-0.9998874664306641, 0.003027732251212001, 0.014693652279675007, -0.120147705078125], [0.0, 0.0, 0.0, 1.0]], [[-0.9347552061080933, 0.3545694053173065, -0.02265835925936699, 0.930694580078125], [0.01779658906161785, -0.01696721836924553, -0.9996976852416992, 1.5553741455078125], [-0.3548465669155121, -0.9348757863044739, 0.009550067596137524, -0.14056396484375], [0.0, 0.0, 0.0, 1.0]]], "view": [[0.0, -2.0, 100.0], [-2.0, 0.0, 100.0], [0.0, 0.0, 1.0]], "bev": "bev_987e4ae9a96d4f579965293839121b72.png", "aux": "aux_987e4ae9a96d4f579965293839121b72.npz", "visibility": "visibility_987e4ae9a96d4f579965293839121b72.png", "pose": [[-0.8448934555053711, -0.5349346399307251, 0.0, 437.0998229980469], [0.5349346399307251, -0.8448934555053711, 0.0, 924.1026000976562], [0.0, 0.0, 1.0, 0.0], [0.0, 0.0, 0.0, 1.0]], "pose_inverse": [[-0.8448934555053711, 0.5349346399307251, 0.0, -125.03169250488281], [-0.5349346399307251, -0.8448934555053711, 0.0, 1014.5880737304688], [0.0, 0.0, 1.0, 0.0], [0.0, 0.0, 0.0, 1.0]], "cam_ids": [0, 1, 2, 3, 4, 5], "cam_channels": ["CAM_FRONT_LEFT", "CAM_FRONT", "CAM_FRONT_RIGHT", "CAM_BACK_LEFT", "CAM_BACK", "CAM_BACK_RIGHT"], "token": "987e4ae9a96d4f579965293839121b72", "scene": "scene-0371"}, {"images": ["samples/CAM_FRONT_LEFT/n015-2018-08-03-15-00-36+0800__CAM_FRONT_LEFT__1533280154154844.jpg", "samples/CAM_FRONT/n015-2018-08-03-15-00-36+0800__CAM_FRONT__1533280154162460.jpg", "samples/CAM_FRONT_RIGHT/n015-2018-08-03-15-00-36+0800__CAM_FRONT_RIGHT__1533280154170339.jpg", "samples/CAM_BACK_LEFT/n015-2018-08-03-15-00-36+0800__CAM_BACK_LEFT__1533280154197423.jpg", "samples/CAM_BACK/n015-2018-08-03-15-00-36+0800__CAM_BACK__1533280154187525.jpg", "samples/CAM_BACK_RIGHT/n015-2018-08-03-15-00-36+0800__CAM_BACK_RIGHT__1533280154177893.jpg"], "intrinsics": [[[1272.5979470598488, 0.0, 826.6154927353808], [0.0, 1272.5979470598488, 479.75165386361925], [0.0, 0.0, 1.0]], [[1266.417203046554, 0.0, 816.2670197447984], [0.0, 1266.417203046554, 491.50706579294757], [0.0, 0.0, 1.0]], [[1260.8474446004698, 0.0, 807.968244525554], [0.0, 1260.8474446004698, 495.3344268742088], [0.0, 0.0, 1.0]], [[1256.7414812095406, 0.0, 792.1125740759628], [0.0, 1256.7414812095406, 492.7757465151356], [0.0, 0.0, 1.0]], [[809.2209905677063, 0.0, 829.2196003259838], [0.0, 809.2209905677063, 481.77842384512485], [0.0, 0.0, 1.0]], [[1259.5137405846733, 0.0, 807.2529053838625], [0.0, 1259.5137405846733, 501.19579884916527], [0.0, 0.0, 1.0]]], "extrinsics": [[[0.8212840557098389, -0.5703150629997253, 0.015266809612512589, -0.58544921875], [-0.0012595553416758776, -0.028571952134370804, -0.9995909333229065, 1.507680892944336], [0.5705180764198303, 0.8209288716316223, -0.024184035137295723, -1.01727294921875], [0.0, 0.0, 0.0, 1.0]], [[0.006404143758118153, -0.9994466304779053, 0.032639145851135254, 0.00799560546875], [-0.0066681792959570885, -0.032681770622730255, -0.9994435906410217, 1.5179882049560547], [0.9999571442604065, 0.006182955577969551, -0.006873787846416235, -1.30865478515625], [0.0, 0.0, 0.0, 1.0]], [[-0.8326506614685059, -0.5537161231040955, 0.009555954486131668, 0.780059814453125], [-0.0011652742978185415, -0.015503487549722195, -0.9998791217803955, 1.5032978057861328], [0.5537973642349243, -0.8325610756874084, 0.012263759970664978, -1.08050537109375], [0.0, 0.0, 0.0, 1.0]], [[0.947730302810669, 0.3189784288406372, -0.007748506031930447, -1.114471435546875], [0.007272579241544008, -0.04587327688932419, -0.998920738697052, 1.5887603759765625], [-0.3189895749092102, 0.9466511011123657, -0.045795291662216187, -0.1129150390625], [0.0, 0.0, 0.0, 1.0]], [[0.0022425877396017313, 0.9993520975112915, -0.03592129424214363, 0.00299072265625], [-0.01808365248143673, -0.03587498143315315, -0.9991927146911621, 1.5770378112792969], [-0.9998340010643005, 0.0028903819620609283, 0.017991479486227036, -0.126434326171875], [0.0, 0.0, 0.0, 1.0]], [[-0.9349067211151123, 0.35427388548851013, -0.020961185917258263, 0.9249267578125], [0.014633762650191784, -0.0205302182585001, -0.9996821880340576, 1.5547618865966797], [-0.35459163784980774, -0.9349162578582764, 0.014009478501975536, -0.1434326171875], [0.0, 0.0, 0.0, 1.0]]], "view": [[0.0, -2.0, 100.0], [-2.0, 0.0, 100.0], [0.0, 0.0, 1.0]], "bev": "bev_0d145c1591fe4f17813f8152a2bcf3e1.png", "aux": "aux_0d145c1591fe4f17813f8152a2bcf3e1.npz", "visibility": "visibility_0d145c1591fe4f17813f8152a2bcf3e1.png", "pose": [[-0.8411567211151123, -0.540791392326355, 0.0, 432.8480529785156], [0.540791392326355, -0.8411567211151123, 0.0, 926.8379516601562], [0.0, 0.0, 1.0, 0.0], [0.0, 0.0, 0.0, 1.0]], "pose_inverse": [[-0.8411567211151123, 0.540791392326355, 0.0, -137.13294982910156], [-0.540791392326355, -0.8411567211151123, 0.0, 1013.6964721679688], [0.0, 0.0, 1.0, 0.0], [0.0, 0.0, 0.0, 1.0]], "cam_ids": [0, 1, 2, 3, 4, 5], "cam_channels": ["CAM_FRONT_LEFT", "CAM_FRONT", "CAM_FRONT_RIGHT", "CAM_BACK_LEFT", "CAM_BACK", "CAM_BACK_RIGHT"], "token": "0d145c1591fe4f17813f8152a2bcf3e1", "scene": "scene-0371"}, {"images": ["samples/CAM_FRONT_LEFT/n015-2018-08-03-15-00-36+0800__CAM_FRONT_LEFT__1533280154654844.jpg", "samples/CAM_FRONT/n015-2018-08-03-15-00-36+0800__CAM_FRONT__1533280154662460.jpg", "samples/CAM_FRONT_RIGHT/n015-2018-08-03-15-00-36+0800__CAM_FRONT_RIGHT__1533280154670339.jpg", "samples/CAM_BACK_LEFT/n015-2018-08-03-15-00-36+0800__CAM_BACK_LEFT__1533280154697423.jpg", "samples/CAM_BACK/n015-2018-08-03-15-00-36+0800__CAM_BACK__1533280154687525.jpg", "samples/CAM_BACK_RIGHT/n015-2018-08-03-15-00-36+0800__CAM_BACK_RIGHT__1533280154677893.jpg"], "intrinsics": [[[1272.5979470598488, 0.0, 826.6154927353808], [0.0, 1272.5979470598488, 479.75165386361925], [0.0, 0.0, 1.0]], [[1266.417203046554, 0.0, 816.2670197447984], [0.0, 1266.417203046554, 491.50706579294757], [0.0, 0.0, 1.0]], [[1260.8474446004698, 0.0, 807.968244525554], [0.0, 1260.8474446004698, 495.3344268742088], [0.0, 0.0, 1.0]], [[1256.7414812095406, 0.0, 792.1125740759628], [0.0, 1256.7414812095406, 492.7757465151356], [0.0, 0.0, 1.0]], [[809.2209905677063, 0.0, 829.2196003259838], [0.0, 809.2209905677063, 481.77842384512485], [0.0, 0.0, 1.0]], [[1259.5137405846733, 0.0, 807.2529053838625], [0.0, 1259.5137405846733, 501.19579884916527], [0.0, 0.0, 1.0]]], "extrinsics": [[[0.8208075761795044, -0.5710135698318481, 0.014782325364649296, -0.59368896484375], [0.002266740659251809, -0.022622834891080856, -0.9997414946556091, 1.509307861328125], [0.571200430393219, 0.820628821849823, -0.017274653539061546, -1.02386474609375], [0.0, 0.0, 0.0, 1.0]], [[0.005705009680241346, -0.9996341466903687, 0.026437142863869667, 0.00860595703125], [-0.0029543377459049225, -0.02645430900156498, -0.9996457099914551, 1.5194644927978516], [0.9999793171882629, 0.005624869372695684, -0.003104180097579956, -1.31756591796875], [0.0, 0.0, 0.0, 1.0]], [[-0.8329112529754639, -0.553399920463562, 0.0027045435272157192, 0.786529541015625], [0.002743900055065751, -0.009016712196171284, -0.9999555349349976, 1.5044641494750977], [0.5533996820449829, -0.8328668475151062, 0.009028595872223377, -1.0841064453125], [0.0, 0.0, 0.0, 1.0]], [[0.9477251768112183, 0.3190850615501404, -0.0012690232833847404, -1.1160888671875], [0.01166872400790453, -0.03863149136304855, -0.9991853833198547, 1.5888710021972656], [-0.31887421011924744, 0.9469383955001831, -0.04033535346388817, -0.11236572265625], [0.0, 0.0, 0.0, 1.0]], [[0.002472255378961563, 0.999578595161438, -0.02892303094267845, 0.00274658203125], [-0.013846631161868572, -0.028886128216981888, -0.9994868040084839, 1.5776443481445312], [-0.9999011158943176, 0.002871482400223613, 0.013769382610917091, -0.1227264404296875], [0.0, 0.0, 0.0, 1.0]], [[-0.934722363948822, 0.3546736240386963, -0.022376999258995056, 0.93017578125], [0.01869470253586769, -0.013805927708745003, -0.9997299313545227, 1.5555753707885742], [-0.3548867702484131, -0.9348881840705872, 0.006274189800024033, -0.14105224609375], [0.0, 0.0, 0.0, 1.0]]], "view": [[0.0, -2.0, 100.0], [-2.0, 0.0, 100.0], [0.0, 0.0, 1.0]], "bev": "bev_d2ab65d57c5042c3986fb2886b1fff53.png", "aux": "aux_d2ab65d57c5042c3986fb2886b1fff53.npz", "visibility": "visibility_d2ab65d57c5042c3986fb2886b1fff53.png", "pose": [[-0.8383727073669434, -0.5450974106788635, 0.0, 428.62127685546875], [0.5450974106788635, -0.8383727073669434, 0.0, 929.592529296875], [0.0, 0.0, 1.0, 0.0], [0.0, 0.0, 0.0, 1.0]], "pose_inverse": [[-0.8383727073669434, 0.5450974106788635, 0.0, -147.3740997314453], [-0.5450974106788635, -0.8383727073669434, 0.0, 1012.9853515625], [0.0, 0.0, 1.0, 0.0], [0.0, 0.0, 0.0, 1.0]], "cam_ids": [0, 1, 2, 3, 4, 5], "cam_channels": ["CAM_FRONT_LEFT", "CAM_FRONT", "CAM_FRONT_RIGHT", "CAM_BACK_LEFT", "CAM_BACK", "CAM_BACK_RIGHT"], "token": "d2ab65d57c5042c3986fb2886b1fff53", "scene": "scene-0371"}, {"images": ["samples/CAM_FRONT_LEFT/n015-2018-08-03-15-00-36+0800__CAM_FRONT_LEFT__1533280155154844.jpg", "samples/CAM_FRONT/n015-2018-08-03-15-00-36+0800__CAM_FRONT__1533280155162460.jpg", "samples/CAM_FRONT_RIGHT/n015-2018-08-03-15-00-36+0800__CAM_FRONT_RIGHT__1533280155170339.jpg", "samples/CAM_BACK_LEFT/n015-2018-08-03-15-00-36+0800__CAM_BACK_LEFT__1533280155197423.jpg", "samples/CAM_BACK/n015-2018-08-03-15-00-36+0800__CAM_BACK__1533280155187525.jpg", "samples/CAM_BACK_RIGHT/n015-2018-08-03-15-00-36+0800__CAM_BACK_RIGHT__1533280155177893.jpg"], "intrinsics": [[[1272.5979470598488, 0.0, 826.6154927353808], [0.0, 1272.5979470598488, 479.75165386361925], [0.0, 0.0, 1.0]], [[1266.417203046554, 0.0, 816.2670197447984], [0.0, 1266.417203046554, 491.50706579294757], [0.0, 0.0, 1.0]], [[1260.8474446004698, 0.0, 807.968244525554], [0.0, 1260.8474446004698, 495.3344268742088], [0.0, 0.0, 1.0]], [[1256.7414812095406, 0.0, 792.1125740759628], [0.0, 1256.7414812095406, 492.7757465151356], [0.0, 0.0, 1.0]], [[809.2209905677063, 0.0, 829.2196003259838], [0.0, 809.2209905677063, 481.77842384512485], [0.0, 0.0, 1.0]], [[1259.5137405846733, 0.0, 807.2529053838625], [0.0, 1259.5137405846733, 501.19579884916527], [0.0, 0.0, 1.0]]], "extrinsics": [[[0.8208006620407104, -0.5711551308631897, 0.008251406252384186, -0.59259033203125], [-0.0015135927824303508, -0.016620026901364326, -0.9998607635498047, 1.5076112747192383], [0.5712127685546875, 0.8206738829612732, -0.014506225474178791, -1.02447509765625], [0.0, 0.0, 0.0, 1.0]], [[0.005736480467021465, -0.9997697472572327, 0.02067587897181511, 0.009521484375], [-0.006835142616182566, -0.020714936777949333, -0.9997620582580566, 1.5180091857910156], [0.9999601244926453, 0.005593784153461456, -0.006952398922294378, -1.3163909912109375], [0.0, 0.0, 0.0, 1.0]], [[-0.8329272270202637, -0.5533746480941772, 0.002971948590129614, 0.78546142578125], [-0.0012208520201966166, -0.0035329528618603945, -0.9999930262565613, 1.503286361694336], [0.5533812642097473, -0.832925021648407, 0.002267105272039771, -1.08245849609375], [0.0, 0.0, 0.0, 1.0]], [[0.9478033185005188, 0.3188346028327942, -0.0036530725192278624, -1.1146240234375], [0.007579571567475796, -0.03398251533508301, -0.9993937015533447, 1.588775634765625], [-0.3187653720378876, 0.9472010135650635, -0.03462537005543709, -0.113037109375], [0.0, 0.0, 0.0, 1.0]], [[0.0024706164840608835, 0.9997095465660095, -0.0239727683365345, 0.0023193359375], [-0.01791037619113922, -0.023924758657813072, -0.9995533227920532, 1.5770988464355469], [-0.9998365640640259, 0.0028988823760300875, 0.017846064642071724, -0.125152587890625], [0.0, 0.0, 0.0, 1.0]], [[-0.9347865581512451, 0.3548144996166229, -0.01675829477608204, 0.92755126953125], [0.01467523630708456, -0.008561276830732822, -0.9998556971549988, 1.554727554321289], [-0.35490667819976807, -0.9348975419998169, 0.0027959796134382486, -0.14129638671875], [0.0, 0.0, 0.0, 1.0]]], "view": [[0.0, -2.0, 100.0], [-2.0, 0.0, 100.0], [0.0, 0.0, 1.0]], "bev": "bev_9fe998b6018f472d9af54dab47e80f34.png", "aux": "aux_9fe998b6018f472d9af54dab47e80f34.npz", "visibility": "visibility_9fe998b6018f472d9af54dab47e80f34.png", "pose": [[-0.8387115597724915, -0.5445759296417236, 0.0, 424.49200439453125], [0.5445759296417236, -0.8387115597724915, 0.0, 932.3106079101562], [0.0, 0.0, 1.0, 0.0], [0.0, 0.0, 0.0, 1.0]], "pose_inverse": [[-0.8387115597724915, 0.5445759296417236, 0.0, -151.68756103515625], [-0.5445759296417236, -0.8387115597724915, 0.0, 1013.1077880859375], [0.0, 0.0, 1.0, 0.0], [0.0, 0.0, 0.0, 1.0]], "cam_ids": [0, 1, 2, 3, 4, 5], "cam_channels": ["CAM_FRONT_LEFT", "CAM_FRONT", "CAM_FRONT_RIGHT", "CAM_BACK_LEFT", "CAM_BACK", "CAM_BACK_RIGHT"], "token": "9fe998b6018f472d9af54dab47e80f34", "scene": "scene-0371"}, {"images": ["samples/CAM_FRONT_LEFT/n015-2018-08-03-15-00-36+0800__CAM_FRONT_LEFT__1533280155654844.jpg", "samples/CAM_FRONT/n015-2018-08-03-15-00-36+0800__CAM_FRONT__1533280155662460.jpg", "samples/CAM_FRONT_RIGHT/n015-2018-08-03-15-00-36+0800__CAM_FRONT_RIGHT__1533280155670339.jpg", "samples/CAM_BACK_LEFT/n015-2018-08-03-15-00-36+0800__CAM_BACK_LEFT__1533280155697423.jpg", "samples/CAM_BACK/n015-2018-08-03-15-00-36+0800__CAM_BACK__1533280155687525.jpg", "samples/CAM_BACK_RIGHT/n015-2018-08-03-15-00-36+0800__CAM_BACK_RIGHT__1533280155677893.jpg"], "intrinsics": [[[1272.5979470598488, 0.0, 826.6154927353808], [0.0, 1272.5979470598488, 479.75165386361925], [0.0, 0.0, 1.0]], [[1266.417203046554, 0.0, 816.2670197447984], [0.0, 1266.417203046554, 491.50706579294757], [0.0, 0.0, 1.0]], [[1260.8474446004698, 0.0, 807.968244525554], [0.0, 1260.8474446004698, 495.3344268742088], [0.0, 0.0, 1.0]], [[1256.7414812095406, 0.0, 792.1125740759628], [0.0, 1256.7414812095406, 492.7757465151356], [0.0, 0.0, 1.0]], [[809.2209905677063, 0.0, 829.2196003259838], [0.0, 809.2209905677063, 481.77842384512485], [0.0, 0.0, 1.0]], [[1259.5137405846733, 0.0, 807.2529053838625], [0.0, 1259.5137405846733, 501.19579884916527], [0.0, 0.0, 1.0]]], "extrinsics": [[[0.8207032680511475, -0.5712681412696838, 0.009943448007106781, -0.6029052734375], [-0.004182395059615374, -0.023409567773342133, -0.9997171759605408, 1.5064468383789062], [0.5713393092155457, 0.8204296231269836, -0.02160157635807991, -1.0302734375], [0.0, 0.0, 0.0, 1.0]], [[0.005592628847807646, -0.9996057748794556, 0.02751290611922741, 0.0084228515625], [-0.00946385134011507, -0.027565013617277145, -0.9995752573013306, 1.5171051025390625], [0.9999395608901978, 0.005329950246959925, -0.009614282287657261, -1.32635498046875], [0.0, 0.0, 0.0, 1.0]], [[-0.8330148458480835, -0.5531784296035767, 0.008936865255236626, 0.791656494140625], [-0.003806160995736718, -0.010422904044389725, -0.999938428401947, 1.502553939819336], [0.5532374978065491, -0.8329976201057434, 0.006576946936547756, -1.08758544921875], [0.0, 0.0, 0.0, 1.0]], [[0.947746992111206, 0.3189205527305603, -0.008086401037871838, -1.1169586181640625], [0.00513644190505147, -0.04059842973947525, -0.9991623163223267, 1.5886802673339844], [-0.31898170709609985, 0.9469115138053894, -0.04011515527963638, -0.11187744140625], [0.0, 0.0, 0.0, 1.0]], [[0.0024705042596906424, 0.9995235204696655, -0.0307676550000906, 0.002685546875], [-0.02042030543088913, -0.030710909515619278, -0.9993197321891785, 1.5768623352050781], [-0.9997884631156921, 0.0030971344094723463, 0.020334703847765923, -0.12091064453125], [0.0, 0.0, 0.0, 1.0]], [[-0.9347707033157349, 0.3548533022403717, -0.0168179739266634, 0.93377685546875], [0.012129769660532475, -0.01543224137276411, -0.9998073577880859, 1.5540876388549805], [-0.35504448413848877, -0.9347946047782898, 0.010121315717697144, -0.13970947265625], [0.0, 0.0, 0.0, 1.0]]], "view": [[0.0, -2.0, 100.0], [-2.0, 0.0, 100.0], [0.0, 0.0, 1.0]], "bev": "bev_cfe0b41419ef4f848d6b8967aa186ef0.png", "aux": "aux_cfe0b41419ef4f848d6b8967aa186ef0.npz", "visibility": "visibility_cfe0b41419ef4f848d6b8967aa186ef0.png", "pose": [[-0.8392539024353027, -0.5437397360801697, 0.0, 420.3610534667969], [0.5437397360801697, -0.8392539024353027, 0.0, 935.0151977539062], [0.0, 0.0, 1.0, 0.0], [0.0, 0.0, 0.0, 1.0]], "pose_inverse": [[-0.8392539024353027, 0.5437397360801697, 0.0, -155.6152801513672], [-0.5437397360801697, -0.8392539024353027, 0.0, 1013.2821655273438], [0.0, 0.0, 1.0, 0.0], [0.0, 0.0, 0.0, 1.0]], "cam_ids": [0, 1, 2, 3, 4, 5], "cam_channels": ["CAM_FRONT_LEFT", "CAM_FRONT", "CAM_FRONT_RIGHT", "CAM_BACK_LEFT", "CAM_BACK", "CAM_BACK_RIGHT"], "token": "cfe0b41419ef4f848d6b8967aa186ef0", "scene": "scene-0371"}, {"images": ["samples/CAM_FRONT_LEFT/n015-2018-08-03-15-00-36+0800__CAM_FRONT_LEFT__1533280156154844.jpg", "samples/CAM_FRONT/n015-2018-08-03-15-00-36+0800__CAM_FRONT__1533280156162460.jpg", "samples/CAM_FRONT_RIGHT/n015-2018-08-03-15-00-36+0800__CAM_FRONT_RIGHT__1533280156170339.jpg", "samples/CAM_BACK_LEFT/n015-2018-08-03-15-00-36+0800__CAM_BACK_LEFT__1533280156197423.jpg", "samples/CAM_BACK/n015-2018-08-03-15-00-36+0800__CAM_BACK__1533280156187525.jpg", "samples/CAM_BACK_RIGHT/n015-2018-08-03-15-00-36+0800__CAM_BACK_RIGHT__1533280156177893.jpg"], "intrinsics": [[[1272.5979470598488, 0.0, 826.6154927353808], [0.0, 1272.5979470598488, 479.75165386361925], [0.0, 0.0, 1.0]], [[1266.417203046554, 0.0, 816.2670197447984], [0.0, 1266.417203046554, 491.50706579294757], [0.0, 0.0, 1.0]], [[1260.8474446004698, 0.0, 807.968244525554], [0.0, 1260.8474446004698, 495.3344268742088], [0.0, 0.0, 1.0]], [[1256.7414812095406, 0.0, 792.1125740759628], [0.0, 1256.7414812095406, 492.7757465151356], [0.0, 0.0, 1.0]], [[809.2209905677063, 0.0, 829.2196003259838], [0.0, 809.2209905677063, 481.77842384512485], [0.0, 0.0, 1.0]], [[1259.5137405846733, 0.0, 807.2529053838625], [0.0, 1259.5137405846733, 501.19579884916527], [0.0, 0.0, 1.0]]], "extrinsics": [[[0.8201861381530762, -0.5719330906867981, 0.01368729304522276, -0.5948486328125], [0.0034756057430058718, -0.018942970782518387, -0.999814510345459, 1.5098514556884766], [0.5720861554145813, 0.8200815320014954, -0.013548946008086205, -1.0247802734375], [0.0, 0.0, 0.0, 1.0]], [[0.004800674505531788, -0.9997246861457825, 0.02296755090355873, 0.00872802734375], [-0.001951884594745934, -0.02297714166343212, -0.999734103679657, 1.5198421478271484], [0.9999865889549255, 0.0047545051202178, -0.002061653882265091, -1.3167572021484375], [0.0, 0.0, 0.0, 1.0]], [[-0.8333097100257874, -0.5528063178062439, 0.00024355579807888716, 0.784088134765625], [0.003522031009197235, -0.0057497406378388405, -0.9999772310256958, 1.5047054290771484], [0.5527951121330261, -0.8332899808883667, 0.00673831719905138, -1.0823974609375], [0.0, 0.0, 0.0, 1.0]], [[0.9478133916854858, 0.318824827671051, -0.0006917814025655389, -1.111907958984375], [0.011361039243638515, -0.03594273701310158, -0.9992892742156982, 1.58892822265625], [-0.31862306594848633, 0.9471319317817688, -0.03768918663263321, -0.1141357421875], [0.0, 0.0, 0.0, 1.0]], [[0.0028747397009283304, 0.9996564388275146, -0.026055874302983284, 0.00250244140625], [-0.013714494183659554, -0.026014119386672974, -0.9995675086975098, 1.5775814056396484], [-0.9999018311500549, 0.0032308995723724365, 0.013634994626045227, -0.128692626953125], [0.0, 0.0, 0.0, 1.0]], [[-0.9345095753669739, 0.3552711308002472, -0.021780909970402718, 0.925201416015625], [0.019215291365981102, -0.010748857632279396, -0.9997575879096985, 1.555790901184082], [-0.3554191589355469, -0.9347016215324402, 0.003218269906938076, -0.14276123046875], [0.0, 0.0, 0.0, 1.0]]], "view": [[0.0, -2.0, 100.0], [-2.0, 0.0, 100.0], [0.0, 0.0, 1.0]], "bev": "bev_e24eec5246544588a3150856f032f6fe.png", "aux": "aux_e24eec5246544588a3150856f032f6fe.npz", "visibility": "visibility_e24eec5246544588a3150856f032f6fe.png", "pose": [[-0.8423519134521484, -0.5389279127120972, 0.0, 416.2749328613281], [0.5389279127120972, -0.8423519134521484, 0.0, 937.6725463867188], [0.0, 0.0, 1.0, 0.0], [0.0, 0.0, 0.0, 1.0]], "pose_inverse": [[-0.8423519134521484, 0.5389279127120972, 0.0, -154.68792724609375], [-0.5389279127120972, -0.8423519134521484, 0.0, 1014.1924438476562], [0.0, 0.0, 1.0, 0.0], [0.0, 0.0, 0.0, 1.0]], "cam_ids": [0, 1, 2, 3, 4, 5], "cam_channels": ["CAM_FRONT_LEFT", "CAM_FRONT", "CAM_FRONT_RIGHT", "CAM_BACK_LEFT", "CAM_BACK", "CAM_BACK_RIGHT"], "token": "e24eec5246544588a3150856f032f6fe", "scene": "scene-0371"}, {"images": ["samples/CAM_FRONT_LEFT/n015-2018-08-03-15-00-36+0800__CAM_FRONT_LEFT__1533280156654844.jpg", "samples/CAM_FRONT/n015-2018-08-03-15-00-36+0800__CAM_FRONT__1533280156662460.jpg", "samples/CAM_FRONT_RIGHT/n015-2018-08-03-15-00-36+0800__CAM_FRONT_RIGHT__1533280156670339.jpg", "samples/CAM_BACK_LEFT/n015-2018-08-03-15-00-36+0800__CAM_BACK_LEFT__1533280156697423.jpg", "samples/CAM_BACK/n015-2018-08-03-15-00-36+0800__CAM_BACK__1533280156687525.jpg", "samples/CAM_BACK_RIGHT/n015-2018-08-03-15-00-36+0800__CAM_BACK_RIGHT__1533280156677893.jpg"], "intrinsics": [[[1272.5979470598488, 0.0, 826.6154927353808], [0.0, 1272.5979470598488, 479.75165386361925], [0.0, 0.0, 1.0]], [[1266.417203046554, 0.0, 816.2670197447984], [0.0, 1266.417203046554, 491.50706579294757], [0.0, 0.0, 1.0]], [[1260.8474446004698, 0.0, 807.968244525554], [0.0, 1260.8474446004698, 495.3344268742088], [0.0, 0.0, 1.0]], [[1256.7414812095406, 0.0, 792.1125740759628], [0.0, 1256.7414812095406, 492.7757465151356], [0.0, 0.0, 1.0]], [[809.2209905677063, 0.0, 829.2196003259838], [0.0, 809.2209905677063, 481.77842384512485], [0.0, 0.0, 1.0]], [[1259.5137405846733, 0.0, 807.2529053838625], [0.0, 1259.5137405846733, 501.19579884916527], [0.0, 0.0, 1.0]]], "extrinsics": [[[0.8198287487030029, -0.5725002884864807, 0.01115152332931757, -0.5919189453125], [-0.0011511475313454866, -0.021122736856341362, -0.9997761845588684, 1.5077457427978516], [0.572607696056366, 0.8196324706077576, -0.017976058647036552, -1.02093505859375], [0.0, 0.0, 0.0, 1.0]], [[0.004313171841204166, -0.9996716380119324, 0.025260204449295998, 0.00750732421875], [-0.006417569238692522, -0.02528759278357029, -0.9996596574783325, 1.5181255340576172], [0.9999700784683228, 0.0041494909673929214, -0.006524530239403248, -1.3139801025390625], [0.0, 0.0, 0.0, 1.0]], [[-0.8335527181625366, -0.5524160265922546, 0.005139946471899748, 0.782623291015625], [-0.0007690024795010686, -0.008143807761371136, -0.9999665021896362, 1.5034198760986328], [0.5524393916130066, -0.8335288166999817, 0.00636348407715559, -1.08245849609375], [0.0, 0.0, 0.0, 1.0]], [[0.9478723406791687, 0.3186130225658417, -0.004873243626207113, -1.11370849609375], [0.007788656745105982, -0.03845462575554848, -0.9992299675941467, 1.5887565612792969], [-0.31855508685112, 0.9471046328544617, -0.03893164172768593, -0.11248779296875], [0.0, 0.0, 0.0, 1.0]], [[0.003007015911862254, 0.9995909333229065, -0.028444185853004456, 0.00311279296875], [-0.0176239050924778, -0.028386922553181648, -0.9994416236877441, 1.5770893096923828], [-0.9998401403427124, 0.0035065943375229836, 0.01753133349120617, -0.1267547607421875], [0.0, 0.0, 0.0, 1.0]], [[-0.9344759583473206, 0.3555324971675873, -0.018748126924037933, 0.925994873046875], [0.015061881393194199, -0.013133591040968895, -0.9998003244400024, 1.5548410415649414], [-0.35570773482322693, -0.9345716834068298, 0.0069180321879684925, -0.1431884765625], [0.0, 0.0, 0.0, 1.0]]], "view": [[0.0, -2.0, 100.0], [-2.0, 0.0, 100.0], [0.0, 0.0, 1.0]], "bev": "bev_9a9691f9faac4d7c9e60d4cc4b66a638.png", "aux": "aux_9a9691f9faac4d7c9e60d4cc4b66a638.npz", "visibility": "visibility_9a9691f9faac4d7c9e60d4cc4b66a638.png", "pose": [[-0.8475396037101746, -0.5307322144508362, 0.0, 412.15625], [0.5307322144508362, -0.8475396037101746, 0.0, 940.3119506835938], [0.0, 0.0, 1.0, 0.0], [0.0, 0.0, 0.0, 1.0]], "pose_inverse": [[-0.8475396037101746, 0.5307322144508362, 0.0, -149.73509216308594], [-0.5307322144508362, -0.8475396037101746, 0.0, 1015.6961669921875], [0.0, 0.0, 1.0, 0.0], [0.0, 0.0, 0.0, 1.0]], "cam_ids": [0, 1, 2, 3, 4, 5], "cam_channels": ["CAM_FRONT_LEFT", "CAM_FRONT", "CAM_FRONT_RIGHT", "CAM_BACK_LEFT", "CAM_BACK", "CAM_BACK_RIGHT"], "token": "9a9691f9faac4d7c9e60d4cc4b66a638", "scene": "scene-0371"}, {"images": ["samples/CAM_FRONT_LEFT/n015-2018-08-03-15-00-36+0800__CAM_FRONT_LEFT__1533280157154844.jpg", "samples/CAM_FRONT/n015-2018-08-03-15-00-36+0800__CAM_FRONT__1533280157162460.jpg", "samples/CAM_FRONT_RIGHT/n015-2018-08-03-15-00-36+0800__CAM_FRONT_RIGHT__1533280157170339.jpg", "samples/CAM_BACK_LEFT/n015-2018-08-03-15-00-36+0800__CAM_BACK_LEFT__1533280157197423.jpg", "samples/CAM_BACK/n015-2018-08-03-15-00-36+0800__CAM_BACK__1533280157187525.jpg", "samples/CAM_BACK_RIGHT/n015-2018-08-03-15-00-36+0800__CAM_BACK_RIGHT__1533280157177893.jpg"], "intrinsics": [[[1272.5979470598488, 0.0, 826.6154927353808], [0.0, 1272.5979470598488, 479.75165386361925], [0.0, 0.0, 1.0]], [[1266.417203046554, 0.0, 816.2670197447984], [0.0, 1266.417203046554, 491.50706579294757], [0.0, 0.0, 1.0]], [[1260.8474446004698, 0.0, 807.968244525554], [0.0, 1260.8474446004698, 495.3344268742088], [0.0, 0.0, 1.0]], [[1256.7414812095406, 0.0, 792.1125740759628], [0.0, 1256.7414812095406, 492.7757465151356], [0.0, 0.0, 1.0]], [[809.2209905677063, 0.0, 829.2196003259838], [0.0, 809.2209905677063, 481.77842384512485], [0.0, 0.0, 1.0]], [[1259.5137405846733, 0.0, 807.2529053838625], [0.0, 1259.5137405846733, 501.19579884916527], [0.0, 0.0, 1.0]]], "extrinsics": [[[0.8193379640579224, -0.5731992125511169, 0.01130941603332758, -0.6112060546875], [-0.0014378564665094018, -0.02178092673420906, -0.9997617602348328, 1.5076961517333984], [0.573309063911438, 0.8191264867782593, -0.01867011748254299, -1.03656005859375], [0.0, 0.0, 0.0, 1.0]], [[0.0035896480549126863, -0.9996628761291504, 0.025715086609125137, 0.0089111328125], [-0.006672302260994911, -0.02573862299323082, -0.9996464252471924, 1.5182113647460938], [0.9999712109565735, 0.003416728926822543, -0.0067624435760080814, -1.334625244140625], [0.0, 0.0, 0.0, 1.0]], [[-0.8338701725006104, -0.5519338250160217, 0.005437688902020454, 0.79718017578125], [-0.0009343979181721807, -0.008440007455646992, -0.9999638795852661, 1.5033931732177734], [0.5519598126411438, -0.8338451981544495, 0.006522146984934807, -1.0906982421875], [0.0, 0.0, 0.0, 1.0]], [[0.9479922652244568, 0.3182595372200012, -0.004630572162568569, -1.119598388671875], [0.008023235015571117, -0.038437072187662125, -0.9992287755012512, 1.5887260437011719], [-0.3181920647621155, 0.9472240209579468, -0.038991522043943405, -0.1107177734375], [0.0, 0.0, 0.0, 1.0]], [[0.0033436077646911144, 0.9995852112770081, -0.028605999425053596, 0.0025634765625], [-0.017498265951871872, -0.028543293476104736, -0.9994394183158875, 1.5772781372070312], [-0.9998413324356079, 0.0038422199431806803, 0.017395569011569023, -0.1179962158203125], [0.0, 0.0, 0.0, 1.0]], [[-0.9343241453170776, 0.3559280335903168, -0.018804239109158516, 0.937652587890625], [0.015025134198367596, -0.013379358686506748, -0.9997976422309875, 1.5546560287475586], [-0.3561076521873474, -0.9344176054000854, 0.007152787875384092, -0.13775634765625], [0.0, 0.0, 0.0, 1.0]]], "view": [[0.0, -2.0, 100.0], [-2.0, 0.0, 100.0], [0.0, 0.0, 1.0]], "bev": "bev_313e3766ab054aa98073a8a58c0ae7fd.png", "aux": "aux_313e3766ab054aa98073a8a58c0ae7fd.npz", "visibility": "visibility_313e3766ab054aa98073a8a58c0ae7fd.png", "pose": [[-0.8589314222335815, -0.5120906233787537, 0.0, 408.01556396484375], [0.5120906233787537, -0.8589314222335815, 0.0, 942.8787231445312], [0.0, 0.0, 1.0, 0.0], [0.0, 0.0, 0.0, 1.0]], "pose_inverse": [[-0.8589314222335815, 0.5120906233787537, 0.0, -132.38194274902344], [-0.5120906233787537, -0.8589314222335815, 0.0, 1018.80908203125], [0.0, 0.0, 1.0, 0.0], [0.0, 0.0, 0.0, 1.0]], "cam_ids": [0, 1, 2, 3, 4, 5], "cam_channels": ["CAM_FRONT_LEFT", "CAM_FRONT", "CAM_FRONT_RIGHT", "CAM_BACK_LEFT", "CAM_BACK", "CAM_BACK_RIGHT"], "token": "313e3766ab054aa98073a8a58c0ae7fd", "scene": "scene-0371"}, {"images": ["samples/CAM_FRONT_LEFT/n015-2018-08-03-15-00-36+0800__CAM_FRONT_LEFT__1533280157654844.jpg", "samples/CAM_FRONT/n015-2018-08-03-15-00-36+0800__CAM_FRONT__1533280157662460.jpg", "samples/CAM_FRONT_RIGHT/n015-2018-08-03-15-00-36+0800__CAM_FRONT_RIGHT__1533280157670339.jpg", "samples/CAM_BACK_LEFT/n015-2018-08-03-15-00-36+0800__CAM_BACK_LEFT__1533280157697423.jpg", "samples/CAM_BACK/n015-2018-08-03-15-00-36+0800__CAM_BACK__1533280157687525.jpg", "samples/CAM_BACK_RIGHT/n015-2018-08-03-15-00-36+0800__CAM_BACK_RIGHT__1533280157677893.jpg"], "intrinsics": [[[1272.5979470598488, 0.0, 826.6154927353808], [0.0, 1272.5979470598488, 479.75165386361925], [0.0, 0.0, 1.0]], [[1266.417203046554, 0.0, 816.2670197447984], [0.0, 1266.417203046554, 491.50706579294757], [0.0, 0.0, 1.0]], [[1260.8474446004698, 0.0, 807.968244525554], [0.0, 1260.8474446004698, 495.3344268742088], [0.0, 0.0, 1.0]], [[1256.7414812095406, 0.0, 792.1125740759628], [0.0, 1256.7414812095406, 492.7757465151356], [0.0, 0.0, 1.0]], [[809.2209905677063, 0.0, 829.2196003259838], [0.0, 809.2209905677063, 481.77842384512485], [0.0, 0.0, 1.0]], [[1259.5137405846733, 0.0, 807.2529053838625], [0.0, 1259.5137405846733, 501.19579884916527], [0.0, 0.0, 1.0]]], "extrinsics": [[[0.8196075558662415, -0.5728954076766968, 0.005850768648087978, -0.60418701171875], [-0.0006670946604572237, -0.011166363023221493, -0.9999374151229858, 1.5080347061157227], [0.5729249715805054, 0.8195523619651794, -0.00953421089798212, -1.03631591796875], [0.0, 0.0, 0.0, 1.0]], [[0.003944378346204758, -0.9998775720596313, 0.015134943649172783, 0.01202392578125], [-0.005922879558056593, -0.015158155933022499, -0.9998675584793091, 1.518472671508789], [0.9999746680259705, 0.0038542281836271286, -0.005981944501399994, -1.33013916015625], [0.0, 0.0, 0.0, 1.0]], [[-0.83370041847229, -0.5522159934043884, -0.0009219898493029177, 0.79571533203125], [-0.00022167223505675793, 0.002004282781854272, -0.9999979138374329, 1.5035722255706787], [0.5522167682647705, -0.833698570728302, -0.0017933821072801948, -1.08673095703125], [0.0, 0.0, 0.0, 1.0]], [[0.9477073550224304, 0.31913867592811584, -0.001158893690444529, -1.1195526123046875], [0.008487862534821033, -0.028835048899054527, -0.9995481371879578, 1.5888252258300781], [-0.3190278708934784, 0.9472692608833313, -0.030035993084311485, -0.113525390625], [0.0, 0.0, 0.0, 1.0]], [[0.002930497983470559, 0.9998224377632141, -0.018613995984196663, 0.00079345703125], [-0.016945350915193558, -0.018561754375696182, -0.9996840953826904, 1.5773515701293945], [-0.9998520612716675, 0.003244966035708785, 0.01688794605433941, -0.119171142578125], [0.0, 0.0, 0.0, 1.0]], [[-0.9344038367271423, 0.3558661937713623, -0.015765784308314323, 0.934906005859375], [0.01567855477333069, -0.00312945619225502, -0.9998722076416016, 1.554816722869873], [-0.3558700382709503, -0.9345316290855408, -0.0026552926283329725, -0.13671875], [0.0, 0.0, 0.0, 1.0]]], "view": [[0.0, -2.0, 100.0], [-2.0, 0.0, 100.0], [0.0, 0.0, 1.0]], "bev": "bev_3c41a6c582c84b81b1edecb32b7dcf3d.png", "aux": "aux_3c41a6c582c84b81b1edecb32b7dcf3d.npz", "visibility": "visibility_3c41a6c582c84b81b1edecb32b7dcf3d.png", "pose": [[-0.8711822032928467, -0.4909597933292389, 0.0, 403.8577575683594], [0.4909597933292389, -0.8711822032928467, 0.0, 945.3342895507812], [0.0, 0.0, 1.0, 0.0], [0.0, 0.0, 0.0, 1.0]], "pose_inverse": [[-0.8711822032928467, 0.4909597933292389, 0.0, -112.28743743896484], [-0.4909597933292389, -0.8711822032928467, 0.0, 1021.8363647460938], [0.0, 0.0, 1.0, 0.0], [0.0, 0.0, 0.0, 1.0]], "cam_ids": [0, 1, 2, 3, 4, 5], "cam_channels": ["CAM_FRONT_LEFT", "CAM_FRONT", "CAM_FRONT_RIGHT", "CAM_BACK_LEFT", "CAM_BACK", "CAM_BACK_RIGHT"], "token": "3c41a6c582c84b81b1edecb32b7dcf3d", "scene": "scene-0371"}, {"images": ["samples/CAM_FRONT_LEFT/n015-2018-08-03-15-00-36+0800__CAM_FRONT_LEFT__1533280158104844.jpg", "samples/CAM_FRONT/n015-2018-08-03-15-00-36+0800__CAM_FRONT__1533280158112460.jpg", "samples/CAM_FRONT_RIGHT/n015-2018-08-03-15-00-36+0800__CAM_FRONT_RIGHT__1533280158120339.jpg", "samples/CAM_BACK_LEFT/n015-2018-08-03-15-00-36+0800__CAM_BACK_LEFT__1533280158147423.jpg", "samples/CAM_BACK/n015-2018-08-03-15-00-36+0800__CAM_BACK__1533280158137525.jpg", "samples/CAM_BACK_RIGHT/n015-2018-08-03-15-00-36+0800__CAM_BACK_RIGHT__1533280158127893.jpg"], "intrinsics": [[[1272.5979470598488, 0.0, 826.6154927353808], [0.0, 1272.5979470598488, 479.75165386361925], [0.0, 0.0, 1.0]], [[1266.417203046554, 0.0, 816.2670197447984], [0.0, 1266.417203046554, 491.50706579294757], [0.0, 0.0, 1.0]], [[1260.8474446004698, 0.0, 807.968244525554], [0.0, 1260.8474446004698, 495.3344268742088], [0.0, 0.0, 1.0]], [[1256.7414812095406, 0.0, 792.1125740759628], [0.0, 1256.7414812095406, 492.7757465151356], [0.0, 0.0, 1.0]], [[809.2209905677063, 0.0, 829.2196003259838], [0.0, 809.2209905677063, 481.77842384512485], [0.0, 0.0, 1.0]], [[1259.5137405846733, 0.0, 807.2529053838625], [0.0, 1259.5137405846733, 501.19579884916527], [0.0, 0.0, 1.0]]], "extrinsics": [[[0.8188364505767822, -0.5739725828170776, 0.007895370945334435, -0.60601806640625], [-0.0012542480835691094, -0.015543311834335327, -0.9998784065246582, 1.507746696472168], [0.5740255117416382, 0.8187270164489746, -0.013447334989905357, -1.03204345703125], [0.0, 0.0, 0.0, 1.0]], [[0.0027928431518375874, -0.9998038411140442, 0.0196080319583416, 0.00830078125], [-0.006481859367340803, -0.019625796005129814, -0.999786376953125, 1.518218994140625], [0.9999750256538391, 0.002665127394720912, -0.006535400170832872, -1.3288345336914062], [0.0, 0.0, 0.0, 1.0]], [[-0.834271252155304, -0.5513507127761841, 0.0019706860184669495, 0.79278564453125], [-0.0007294300012290478, -0.002470544772222638, -0.9999966621398926, 1.5034382343292236], [0.5513536930084229, -0.8342699408531189, 0.001658932538703084, -1.08868408203125], [0.0, 0.0, 0.0, 1.0]], [[0.9478702545166016, 0.31864550709724426, -0.002652222290635109, -1.115631103515625], [0.00829243753105402, -0.03298600763082504, -0.9994214177131653, 1.5887908935546875], [-0.31854861974716187, 0.9472998380661011, -0.03390880674123764, -0.11273193359375], [0.0, 0.0, 0.0, 1.0]], [[0.0035106607247143984, 0.9997318387031555, -0.02289162017405033, 0.002685546875], [-0.01729382574558258, -0.022827642038464546, -0.9995898604393005, 1.577239990234375], [-0.9998443126678467, 0.0039050744380801916, 0.017209049314260483, -0.12116241455078125], [0.0, 0.0, 0.0, 1.0]], [[-0.9341214895248413, 0.3565542995929718, -0.016913505271077156, 0.934478759765625], [0.01523626409471035, -0.007512304466217756, -0.9998556971549988, 1.5547409057617188], [-0.3566298186779022, -0.9342445135116577, 0.0015848507173359394, -0.13958740234375], [0.0, 0.0, 0.0, 1.0]]], "view": [[0.0, -2.0, 100.0], [-2.0, 0.0, 100.0], [0.0, 0.0, 1.0]], "bev": "bev_8d52c5a0c78a442791e011d0a132bc9b.png", "aux": "aux_8d52c5a0c78a442791e011d0a132bc9b.npz", "visibility": "visibility_8d52c5a0c78a442791e011d0a132bc9b.png", "pose": [[-0.8842539191246033, -0.4670064449310303, 0.0, 400.0763854980469], [0.4670064449310303, -0.8842539191246033, 0.0, 947.4330444335938], [0.0, 0.0, 1.0, 0.0], [0.0, 0.0, 0.0, 1.0]], "pose_inverse": [[-0.8842539191246033, 0.4670064449310303, 0.0, -88.688232421875], [-0.4670064449310303, -0.8842539191246033, 0.0, 1024.609619140625], [0.0, 0.0, 1.0, 0.0], [0.0, 0.0, 0.0, 1.0]], "cam_ids": [0, 1, 2, 3, 4, 5], "cam_channels": ["CAM_FRONT_LEFT", "CAM_FRONT", "CAM_FRONT_RIGHT", "CAM_BACK_LEFT", "CAM_BACK", "CAM_BACK_RIGHT"], "token": "8d52c5a0c78a442791e011d0a132bc9b", "scene": "scene-0371"}, {"images": ["samples/CAM_FRONT_LEFT/n015-2018-08-03-15-00-36+0800__CAM_FRONT_LEFT__1533280158654844.jpg", "samples/CAM_FRONT/n015-2018-08-03-15-00-36+0800__CAM_FRONT__1533280158662460.jpg", "samples/CAM_FRONT_RIGHT/n015-2018-08-03-15-00-36+0800__CAM_FRONT_RIGHT__1533280158670339.jpg", "samples/CAM_BACK_LEFT/n015-2018-08-03-15-00-36+0800__CAM_BACK_LEFT__1533280158697423.jpg", "samples/CAM_BACK/n015-2018-08-03-15-00-36+0800__CAM_BACK__1533280158687525.jpg", "samples/CAM_BACK_RIGHT/n015-2018-08-03-15-00-36+0800__CAM_BACK_RIGHT__1533280158677893.jpg"], "intrinsics": [[[1272.5979470598488, 0.0, 826.6154927353808], [0.0, 1272.5979470598488, 479.75165386361925], [0.0, 0.0, 1.0]], [[1266.417203046554, 0.0, 816.2670197447984], [0.0, 1266.417203046554, 491.50706579294757], [0.0, 0.0, 1.0]], [[1260.8474446004698, 0.0, 807.968244525554], [0.0, 1260.8474446004698, 495.3344268742088], [0.0, 0.0, 1.0]], [[1256.7414812095406, 0.0, 792.1125740759628], [0.0, 1256.7414812095406, 492.7757465151356], [0.0, 0.0, 1.0]], [[809.2209905677063, 0.0, 829.2196003259838], [0.0, 809.2209905677063, 481.77842384512485], [0.0, 0.0, 1.0]], [[1259.5137405846733, 0.0, 807.2529053838625], [0.0, 1259.5137405846733, 501.19579884916527], [0.0, 0.0, 1.0]]], "extrinsics": [[[0.8190861940383911, -0.5736695528030396, -0.0010214539943262935, -0.6121826171875], [-0.010578840039670467, -0.01332417968660593, -0.9998552799224854, 1.5037918090820312], [0.5735728144645691, 0.818978488445282, -0.016982410103082657, -1.03900146484375], [0.0, 0.0, 0.0, 1.0]], [[0.00334600149653852, -0.9998400807380676, 0.017566412687301636, 0.01025390625], [-0.01583459973335266, -0.017617283388972282, -0.9997193813323975, 1.514979362487793], [0.9998690485954285, 0.00306694651953876, -0.01589101552963257, -1.337371826171875], [0.0, 0.0, 0.0, 1.0]], [[-0.8340060114860535, -0.551685094833374, 0.008797511458396912, 0.80023193359375], [-0.010088209062814713, -0.0006950240931473672, -0.9999488592147827, 1.500819206237793], [0.5516629815101624, -0.8340521454811096, -0.004985860548913479, -1.091552734375], [0.0, 0.0, 0.0, 1.0]], [[0.9478634595870972, 0.3184860646724701, -0.011025508865714073, -1.11920166015625], [-0.0008767668041400611, -0.031991370022296906, -0.9994877576828003, 1.58855247497558