[{"images": ["samples/CAM_FRONT_LEFT/n015-2018-10-08-16-03-24+0800__CAM_FRONT_LEFT__1538986177754844.jpg", "samples/CAM_FRONT/n015-2018-10-08-16-03-24+0800__CAM_FRONT__1538986177762460.jpg", "samples/CAM_FRONT_RIGHT/n015-2018-10-08-16-03-24+0800__CAM_FRONT_RIGHT__1538986177770339.jpg", "samples/CAM_BACK_LEFT/n015-2018-10-08-16-03-24+0800__CAM_BACK_LEFT__1538986177797423.jpg", "samples/CAM_BACK/n015-2018-10-08-16-03-24+0800__CAM_BACK__1538986177787525.jpg", "samples/CAM_BACK_RIGHT/n015-2018-10-08-16-03-24+0800__CAM_BACK_RIGHT__1538986177777893.jpg"], "intrinsics": [[[1272.5979470598488, 0.0, 826.6154927353808], [0.0, 1272.5979470598488, 479.75165386361925], [0.0, 0.0, 1.0]], [[1266.417203046554, 0.0, 816.2670197447984], [0.0, 1266.417203046554, 491.50706579294757], [0.0, 0.0, 1.0]], [[1260.8474446004698, 0.0, 807.968244525554], [0.0, 1260.8474446004698, 495.3344268742088], [0.0, 0.0, 1.0]], [[1256.7414812095406, 0.0, 792.1125740759628], [0.0, 1256.7414812095406, 492.7757465151356], [0.0, 0.0, 1.0]], [[809.2209905677063, 0.0, 829.2196003259838], [0.0, 809.2209905677063, 481.77842384512485], [0.0, 0.0, 1.0]], [[1259.5137405846733, 0.0, 807.2529053838625], [0.0, 1259.5137405846733, 501.19579884916527], [0.0, 0.0, 1.0]]], "extrinsics": [[[0.8196256160736084, -0.5705602765083313, -0.05171794071793556, -0.9649658203125], [-0.03752397373318672, 0.036615241318941116, -0.9986247420310974, 1.5082511901855469], [0.5716692805290222, 0.8204390406608582, 0.00860110204666853, -1.2803955078125], [0.0, 0.0, 0.0, 1.0]], [[0.004857916850596666, -0.9994503259658813, -0.032792747020721436, 0.005096435546875], [-0.04281692951917648, 0.032555170357227325, -0.9985523819923401, 1.5205345153808594], [0.9990711212158203, 0.006254910957068205, -0.0426352433860302, -1.6923828125], [0.0, 0.0, 0.0, 1.0]], [[-0.8331633806228638, -0.553015947341919, 0.0034679705277085304, 1.032470703125], [-0.037184830754995346, 0.04976306110620499, -0.9980685710906982, 1.5036430358886719], [0.5517752766609192, -0.8316832184791565, -0.062024571001529694, -1.248779296875], [0.0, 0.0, 0.0, 1.0]], [[0.9475221037864685, 0.31900903582572937, -0.0208598580211401, -1.1422119140625], [-0.02854490466415882, 0.01943363808095455, -0.9994035363197327, 1.5885505676269531], [-0.3184133470058441, 0.9475524425506592, 0.027519885450601578, -0.103790283203125], [0.0, 0.0, 0.0, 1.0]], [[0.0031374169047921896, 0.9995653033256531, 0.029313700273633003, 0.002593994140625], [-0.0539386086165905, 0.029440322890877724, -0.9981101751327515, 1.5793609619140625], [-0.9985392689704895, 0.001550262444652617, 0.054007530212402344, 0.0018310546875], [0.0, 0.0, 0.0, 1.0]], [[-0.9342249631881714, 0.3548785150051117, 0.03584485501050949, 1.1361083984375], [-0.021315153688192368, 0.044769156724214554, -0.9987699389457703, 1.55145263671875], [-0.35604679584503174, -0.9338399171829224, -0.03426017612218857, -0.06353759765625], [0.0, 0.0, 0.0, 1.0]]], "view": [[0.0, -2.0, 100.0], [-2.0, 0.0, 100.0], [0.0, 0.0, 1.0]], "bev": "bev_0248517da55e4f5abe058ec395f5c6f2.png", "aux": "aux_0248517da55e4f5abe058ec395f5c6f2.npz", "visibility": "visibility_0248517da55e4f5abe058ec395f5c6f2.png", "pose": [[-0.591401994228363, 0.8063768744468689, 0.0, 792.6636962890625], [-0.8063768744468689, -0.591401994228363, 0.0, 1556.1439208984375], [0.0, 0.0, 1.0, 0.0], [0.0, 0.0, 0.0, 1.0]], "pose_inverse": [[-0.591401994228363, -0.8063768744468689, 0.0, 1723.621337890625], [0.8063768744468689, -0.591401994228363, 0.0, 281.12091064453125], [0.0, 0.0, 1.0, 0.0], [0.0, 0.0, 0.0, 1.0]], "cam_ids": [0, 1, 2, 3, 4, 5], "cam_channels": ["CAM_FRONT_LEFT", "CAM_FRONT", "CAM_FRONT_RIGHT", "CAM_BACK_LEFT", "CAM_BACK", "CAM_BACK_RIGHT"], "token": "0248517da55e4f5abe058ec395f5c6f2", "scene": "scene-0861"}, {"images": ["samples/CAM_FRONT_LEFT/n015-2018-10-08-16-03-24+0800__CAM_FRONT_LEFT__1538986178254844.jpg", "samples/CAM_FRONT/n015-2018-10-08-16-03-24+0800__CAM_FRONT__1538986178262460.jpg", "samples/CAM_FRONT_RIGHT/n015-2018-10-08-16-03-24+0800__CAM_FRONT_RIGHT__1538986178270339.jpg", "samples/CAM_BACK_LEFT/n015-2018-10-08-16-03-24+0800__CAM_BACK_LEFT__1538986178297428.jpg", "samples/CAM_BACK/n015-2018-10-08-16-03-24+0800__CAM_BACK__1538986178287525.jpg", "samples/CAM_BACK_RIGHT/n015-2018-10-08-16-03-24+0800__CAM_BACK_RIGHT__1538986178277893.jpg"], "intrinsics": [[[1272.5979470598488, 0.0, 826.6154927353808], [0.0, 1272.5979470598488, 479.75165386361925], [0.0, 0.0, 1.0]], [[1266.417203046554, 0.0, 816.2670197447984], [0.0, 1266.417203046554, 491.50706579294757], [0.0, 0.0, 1.0]], [[1260.8474446004698, 0.0, 807.968244525554], [0.0, 1260.8474446004698, 495.3344268742088], [0.0, 0.0, 1.0]], [[1256.7414812095406, 0.0, 792.1125740759628], [0.0, 1256.7414812095406, 492.7757465151356], [0.0, 0.0, 1.0]], [[809.2209905677063, 0.0, 829.2196003259838], [0.0, 809.2209905677063, 481.77842384512485], [0.0, 0.0, 1.0]], [[1259.5137405846733, 0.0, 807.2529053838625], [0.0, 1259.5137405846733, 501.19579884916527], [0.0, 0.0, 1.0]]], "extrinsics": [[[0.8196085691452026, -0.5705934762954712, -0.05162297189235687, -0.9649658203125], [-0.03746280074119568, 0.03653636574745178, -0.9986298680305481, 1.5082511901855469], [0.5716977715492249, 0.8204194903373718, 0.008569492027163506, -1.2803955078125], [0.0, 0.0, 0.0, 1.0]], [[0.004830897320061922, -0.9994527697563171, -0.03272097930312157, 0.00518798828125], [-0.042755886912345886, 0.0324849970638752, -0.9985573291778564, 1.5205345153808594], [0.99907386302948, 0.006222972646355629, -0.04257556423544884, -1.6923828125], [0.0, 0.0, 0.0, 1.0]], [[-0.8331757187843323, -0.5529974699020386, 0.003451772965490818, 1.032470703125], [-0.03711764141917229, 0.0496935211122036, -0.9980745315551758, 1.5036430358886719], [0.5517612099647522, -0.8316996097564697, -0.06192940101027489, -1.24884033203125], [0.0, 0.0, 0.0, 1.0]], [[0.9475232362747192, 0.3190086781978607, -0.02081008441746235, -1.142333984375], [-0.02847137488424778, 0.01937110349535942, -0.9994068741798401, 1.5885543823242188], [-0.31841638684272766, 0.947553813457489, 0.02743718773126602, -0.1036376953125], [0.0, 0.0, 0.0, 1.0]], [[0.0031422972679138184, 0.9995675086975098, 0.029240433126688004, 0.002716064453125], [-0.05386858433485031, 0.029367316514253616, -0.9981160759925842, 1.5793685913085938], [-0.9985430240631104, 0.0015611913986504078, 0.05393756553530693, 0.0018310546875], [0.0, 0.0, 0.0, 1.0]], [[-0.9342220425605774, 0.35489532351493835, 0.0357544906437397, 1.1361083984375], [-0.021247105672955513, 0.04469252750277519, -0.9987748265266418, 1.5514450073242188], [-0.3560584783554077, -0.9338371753692627, -0.034212250262498856, -0.06365966796875], [0.0, 0.0, 0.0, 1.0]]], "view": [[0.0, -2.0, 100.0], [-2.0, 0.0, 100.0], [0.0, 0.0, 1.0]], "bev": "bev_bda143614e554578bfbf94679bc67dcd.png", "aux": "aux_bda143614e554578bfbf94679bc67dcd.npz", "visibility": "visibility_bda143614e554578bfbf94679bc67dcd.png", "pose": [[-0.591368556022644, 0.8064013719558716, 0.0, 792.663330078125], [-0.8064013719558716, -0.591368556022644, 0.0, 1556.1441650390625], [0.0, 0.0, 1.0, 0.0], [0.0, 0.0, 0.0, 1.0]], "pose_inverse": [[-0.591368556022644, -0.8064013719558716, 0.0, 1723.633056640625], [0.8064013719558716, -0.591368556022644, 0.0, 281.0499267578125], [0.0, 0.0, 1.0, 0.0], [0.0, 0.0, 0.0, 1.0]], "cam_ids": [0, 1, 2, 3, 4, 5], "cam_channels": ["CAM_FRONT_LEFT", "CAM_FRONT", "CAM_FRONT_RIGHT", "CAM_BACK_LEFT", "CAM_BACK", "CAM_BACK_RIGHT"], "token": "bda143614e554578bfbf94679bc67dcd", "scene": "scene-0861"}, {"images": ["samples/CAM_FRONT_LEFT/n015-2018-10-08-16-03-24+0800__CAM_FRONT_LEFT__1538986178754854.jpg", "samples/CAM_FRONT/n015-2018-10-08-16-03-24+0800__CAM_FRONT__1538986178762460.jpg", "samples/CAM_FRONT_RIGHT/n015-2018-10-08-16-03-24+0800__CAM_FRONT_RIGHT__1538986178770339.jpg", "samples/CAM_BACK_LEFT/n015-2018-10-08-16-03-24+0800__CAM_BACK_LEFT__1538986178797423.jpg", "samples/CAM_BACK/n015-2018-10-08-16-03-24+0800__CAM_BACK__1538986178787525.jpg", "samples/CAM_BACK_RIGHT/n015-2018-10-08-16-03-24+0800__CAM_BACK_RIGHT__1538986178777893.jpg"], "intrinsics": [[[1272.5979470598488, 0.0, 826.6154927353808], [0.0, 1272.5979470598488, 479.75165386361925], [0.0, 0.0, 1.0]], [[1266.417203046554, 0.0, 816.2670197447984], [0.0, 1266.417203046554, 491.50706579294757], [0.0, 0.0, 1.0]], [[1260.8474446004698, 0.0, 807.968244525554], [0.0, 1260.8474446004698, 495.3344268742088], [0.0, 0.0, 1.0]], [[1256.7414812095406, 0.0, 792.1125740759628], [0.0, 1256.7414812095406, 492.7757465151356], [0.0, 0.0, 1.0]], [[809.2209905677063, 0.0, 829.2196003259838], [0.0, 809.2209905677063, 481.77842384512485], [0.0, 0.0, 1.0]], [[1259.5137405846733, 0.0, 807.2529053838625], [0.0, 1259.5137405846733, 501.19579884916527], [0.0, 0.0, 1.0]]], "extrinsics": [[[0.8196157813072205, -0.570581316947937, -0.05164181441068649, -0.96484375], [-0.03751112520694733, 0.036500174552202225, -0.9986293911933899, 1.5082473754882812], [0.5716841816902161, 0.8204296231269836, 0.008512974716722965, -1.2802734375], [0.0, 0.0, 0.0, 1.0]], [[0.0048411255702376366, -0.9994539618492126, -0.032684795558452606, 0.005096435546875], [-0.04280594736337662, 0.03244810551404953, -0.99855637550354, 1.5205345153808594], [0.9990716576576233, 0.006233185529708862, -0.042625486850738525, -1.692138671875], [0.0, 0.0, 0.0, 1.0]], [[-0.8331725001335144, -0.5530021786689758, 0.0035080891102552414, 1.0323486328125], [-0.03716493770480156, 0.049662500619888306, -0.9980742931365967, 1.5036430358886719], [0.5517630577087402, -0.8316984176635742, -0.061929717659950256, -1.24871826171875], [0.0, 0.0, 0.0, 1.0]], [[0.9475221037864685, 0.3190068006515503, -0.020893361419439316, -1.1422119140625], [-0.02854388952255249, 0.01932566612958908, -0.9994056820869446, 1.5885505676269531], [-0.31841349601745605, 0.947555422782898, 0.027417190372943878, -0.103607177734375], [0.0, 0.0, 0.0, 1.0]], [[0.003143600421026349, 0.99956876039505, 0.0291990265250206, 0.00274658203125], [-0.053925663232803345, 0.02932613715529442, -0.9981142282485962, 1.5793609619140625], [-0.9985399842262268, 0.0015630903653800488, 0.05399458855390549, 0.001708984375], [0.0, 0.0, 0.0, 1.0]], [[-0.9342207312583923, 0.35489553213119507, 0.035789307206869125, 1.1363525390625], [-0.021295098587870598, 0.044664252549409866, -0.998775064945221, 1.5514545440673828], [-0.35605931282043457, -0.9338384866714478, -0.03416873514652252, -0.06378173828125], [0.0, 0.0, 0.0, 1.0]]], "view": [[0.0, -2.0, 100.0], [-2.0, 0.0, 100.0], [0.0, 0.0, 1.0]], "bev": "bev_8b2717bb1b1347ea948ab7cd6d80dbfb.png", "aux": "aux_8b2717bb1b1347ea948ab7cd6d80dbfb.npz", "visibility": "visibility_8b2717bb1b1347ea948ab7cd6d80dbfb.png", "pose": [[-0.5914373397827148, 0.8063510060310364, 0.0, 792.6630249023438], [-0.8063510060310364, -0.5914373397827148, 0.0, 1556.144287109375], [0.0, 0.0, 1.0, 0.0], [0.0, 0.0, 0.0, 1.0]], "pose_inverse": [[-0.5914373397827148, -0.8063510060310364, 0.0, 1723.6090087890625], [0.8063510060310364, -0.5914373397827148, 0.0, 281.19720458984375], [0.0, 0.0, 1.0, 0.0], [0.0, 0.0, 0.0, 1.0]], "cam_ids": [0, 1, 2, 3, 4, 5], "cam_channels": ["CAM_FRONT_LEFT", "CAM_FRONT", "CAM_FRONT_RIGHT", "CAM_BACK_LEFT", "CAM_BACK", "CAM_BACK_RIGHT"], "token": "8b2717bb1b1347ea948ab7cd6d80dbfb", "scene": "scene-0861"}, {"images": ["samples/CAM_FRONT_LEFT/n015-2018-10-08-16-03-24+0800__CAM_FRONT_LEFT__1538986179254844.jpg", "samples/CAM_FRONT/n015-2018-10-08-16-03-24+0800__CAM_FRONT__1538986179262460.jpg", "samples/CAM_FRONT_RIGHT/n015-2018-10-08-16-03-24+0800__CAM_FRONT_RIGHT__1538986179270339.jpg", "samples/CAM_BACK_LEFT/n015-2018-10-08-16-03-24+0800__CAM_BACK_LEFT__1538986179297423.jpg", "samples/CAM_BACK/n015-2018-10-08-16-03-24+0800__CAM_BACK__1538986179287525.jpg", "samples/CAM_BACK_RIGHT/n015-2018-10-08-16-03-24+0800__CAM_BACK_RIGHT__1538986179277893.jpg"], "intrinsics": [[[1272.5979470598488, 0.0, 826.6154927353808], [0.0, 1272.5979470598488, 479.75165386361925], [0.0, 0.0, 1.0]], [[1266.417203046554, 0.0, 816.2670197447984], [0.0, 1266.417203046554, 491.50706579294757], [0.0, 0.0, 1.0]], [[1260.8474446004698, 0.0, 807.968244525554], [0.0, 1260.8474446004698, 495.3344268742088], [0.0, 0.0, 1.0]], [[1256.7414812095406, 0.0, 792.1125740759628], [0.0, 1256.7414812095406, 492.7757465151356], [0.0, 0.0, 1.0]], [[809.2209905677063, 0.0, 829.2196003259838], [0.0, 809.2209905677063, 481.77842384512485], [0.0, 0.0, 1.0]], [[1259.5137405846733, 0.0, 807.2529053838625], [0.0, 1259.5137405846733, 501.19579884916527], [0.0, 0.0, 1.0]]], "extrinsics": [[[0.8196213245391846, -0.5705799460411072, -0.05156892165541649, -0.96484375], [-0.037475015968084335, 0.03642457723617554, -0.9986335039138794, 1.5082435607910156], [0.5716785788536072, 0.8204339146614075, 0.008471870794892311, -1.2803955078125], [0.0, 0.0, 0.0, 1.0]], [[0.004847179166972637, -0.999456524848938, -0.03260475769639015, 0.00518798828125], [-0.042773324996232986, 0.032368071377277374, -0.99856036901474, 1.5205268859863281], [0.9990730285644531, 0.0062348805367946625, -0.042593181133270264, -1.6922607421875], [0.0, 0.0, 0.0, 1.0]], [[-0.8331702351570129, -0.5530052185058594, 0.003532936330884695, 1.0322265625], [-0.037134572863578796, 0.0495714507997036, -0.9980799555778503, 1.5036354064941406], [0.5517683625221252, -0.8317018151283264, -0.06183707341551781, -1.2486572265625], [0.0, 0.0, 0.0, 1.0]], [[0.9475225806236267, 0.31900694966316223, -0.020868778228759766, -1.1422119140625], [-0.0284864604473114, 0.019231921061873436, -0.9994091391563416, 1.5885543823242188], [-0.3184170722961426, 0.9475572109222412, 0.02731006033718586, -0.10369873046875], [0.0, 0.0, 0.0, 1.0]], [[0.003139918204396963, 0.9995712637901306, 0.029110055416822433, 0.002777099609375], [-0.05388142913579941, 0.029237020760774612, -0.9981192350387573, 1.5793609619140625], [-0.9985424280166626, 0.0015655348543077707, 0.05395013093948364, 0.001953125], [0.0, 0.0, 0.0, 1.0]], [[-0.9342230558395386, 0.3548959195613861, 0.035721998661756516, 1.1361083984375], [-0.02126038260757923, 0.044566523283720016, -0.9987801909446716, 1.551443099975586], [-0.35605505108833313, -0.9338429570198059, -0.03408985584974289, -0.06365966796875], [0.0, 0.0, 0.0, 1.0]]], "view": [[0.0, -2.0, 100.0], [-2.0, 0.0, 100.0], [0.0, 0.0, 1.0]], "bev": "bev_672c08701df6465bb5259c60717309fb.png", "aux": "aux_672c08701df6465bb5259c60717309fb.npz", "visibility": "visibility_672c08701df6465bb5259c60717309fb.png", "pose": [[-0.59149569272995, 0.8063081502914429, 0.0, 792.6627197265625], [-0.8063081502914429, -0.59149569272995, 0.0, 1556.14453125], [0.0, 0.0, 1.0, 0.0], [0.0, 0.0, 0.0, 1.0]], "pose_inverse": [[-0.59149569272995, -0.8063081502914429, 0.0, 1723.588623046875], [0.8063081502914429, -0.59149569272995, 0.0, 281.3224182128906], [0.0, 0.0, 1.0, 0.0], [0.0, 0.0, 0.0, 1.0]], "cam_ids": [0, 1, 2, 3, 4, 5], "cam_channels": ["CAM_FRONT_LEFT", "CAM_FRONT", "CAM_FRONT_RIGHT", "CAM_BACK_LEFT", "CAM_BACK", "CAM_BACK_RIGHT"], "token": "672c08701df6465bb5259c60717309fb", "scene": "scene-0861"}, {"images": ["samples/CAM_FRONT_LEFT/n015-2018-10-08-16-03-24+0800__CAM_FRONT_LEFT__1538986179754844.jpg", "samples/CAM_FRONT/n015-2018-10-08-16-03-24+0800__CAM_FRONT__1538986179762460.jpg", "samples/CAM_FRONT_RIGHT/n015-2018-10-08-16-03-24+0800__CAM_FRONT_RIGHT__1538986179770339.jpg", "samples/CAM_BACK_LEFT/n015-2018-10-08-16-03-24+0800__CAM_BACK_LEFT__1538986179797423.jpg", "samples/CAM_BACK/n015-2018-10-08-16-03-24+0800__CAM_BACK__1538986179787525.jpg", "samples/CAM_BACK_RIGHT/n015-2018-10-08-16-03-24+0800__CAM_BACK_RIGHT__1538986179777893.jpg"], "intrinsics": [[[1272.5979470598488, 0.0, 826.6154927353808], [0.0, 1272.5979470598488, 479.75165386361925], [0.0, 0.0, 1.0]], [[1266.417203046554, 0.0, 816.2670197447984], [0.0, 1266.417203046554, 491.50706579294757], [0.0, 0.0, 1.0]], [[1260.8474446004698, 0.0, 807.968244525554], [0.0, 1260.8474446004698, 495.3344268742088], [0.0, 0.0, 1.0]], [[1256.7414812095406, 0.0, 792.1125740759628], [0.0, 1256.7414812095406, 492.7757465151356], [0.0, 0.0, 1.0]], [[809.2209905677063, 0.0, 829.2196003259838], [0.0, 809.2209905677063, 481.77842384512485], [0.0, 0.0, 1.0]], [[1259.5137405846733, 0.0, 807.2529053838625], [0.0, 1259.5137405846733, 501.19579884916527], [0.0, 0.0, 1.0]]], "extrinsics": [[[0.8196153044700623, -0.5705931186676025, -0.05151969939470291, -0.96484375], [-0.03745115548372269, 0.036372508853673935, -0.9986363053321838, 1.5082473754882812], [0.5716888308525085, 0.8204271197319031, 0.008442096412181854, -1.2802734375], [0.0, 0.0, 0.0, 1.0]], [[0.004840669222176075, -0.9994583129882812, -0.03255211561918259, 0.00506591796875], [-0.04273998364806175, 0.032315969467163086, -0.9985634684562683, 1.5205345153808594], [0.9990745186805725, 0.00622494937852025, -0.0425604023039341, -1.6922607421875], [0.0, 0.0, 0.0, 1.0]], [[-0.8331720232963562, -0.553002655506134, 0.0035216440446674824, 1.0323486328125], [-0.037097103893756866, 0.04953569546341896, -0.9980831146240234, 1.5036430358886719], [0.5517682433128357, -0.8317056894302368, -0.061786551028490067, -1.248779296875], [0.0, 0.0, 0.0, 1.0]], [[0.9475229978561401, 0.3190069794654846, -0.020848000422120094, -1.14208984375], [-0.028455637395381927, 0.01920541562139988, -0.9994105100631714, 1.5885505676269531], [-0.31841859221458435, 0.9475577473640442, 0.027275122702121735, -0.10369873046875], [0.0, 0.0, 0.0, 1.0]], [[0.003138071158900857, 0.9995723366737366, 0.029074257239699364, 0.002777099609375], [-0.053845781832933426, 0.029201122000813484, -0.9981222152709961, 1.5793609619140625], [-0.9985443353652954, 0.0015667108818888664, 0.0539143867790699, 0.001708984375], [0.0, 0.0, 0.0, 1.0]], [[-0.9342246055603027, 0.35489606857299805, 0.035678885877132416, 1.13623046875], [-0.021226845681667328, 0.044533587992191315, -0.9987823367118835, 1.5514507293701172], [-0.3560529053211212, -0.9338445067405701, -0.034071050584316254, -0.06365966796875], [0.0, 0.0, 0.0, 1.0]]], "view": [[0.0, -2.0, 100.0], [-2.0, 0.0, 100.0], [0.0, 0.0, 1.0]], "bev": "bev_a8d7d8a16b4048caa103eb0535c94013.png", "aux": "aux_a8d7d8a16b4048caa103eb0535c94013.npz", "visibility": "visibility_a8d7d8a16b4048caa103eb0535c94013.png", "pose": [[-0.5914540886878967, 0.8063386678695679, 0.0, 792.6625366210938], [-0.8063386678695679, -0.5914540886878967, 0.0, 1556.1446533203125], [0.0, 0.0, 1.0, 0.0], [0.0, 0.0, 0.0, 1.0]], "pose_inverse": [[-0.5914540886878967, -0.8063386678695679, 0.0, 1723.6031494140625], [0.8063386678695679, -0.5914540886878967, 0.0, 281.2336730957031], [0.0, 0.0, 1.0, 0.0], [0.0, 0.0, 0.0, 1.0]], "cam_ids": [0, 1, 2, 3, 4, 5], "cam_channels": ["CAM_FRONT_LEFT", "CAM_FRONT", "CAM_FRONT_RIGHT", "CAM_BACK_LEFT", "CAM_BACK", "CAM_BACK_RIGHT"], "token": "a8d7d8a16b4048caa103eb0535c94013", "scene": "scene-0861"}, {"images": ["samples/CAM_FRONT_LEFT/n015-2018-10-08-16-03-24+0800__CAM_FRONT_LEFT__1538986180254844.jpg", "samples/CAM_FRONT/n015-2018-10-08-16-03-24+0800__CAM_FRONT__1538986180262460.jpg", "samples/CAM_FRONT_RIGHT/n015-2018-10-08-16-03-24+0800__CAM_FRONT_RIGHT__1538986180270339.jpg", "samples/CAM_BACK_LEFT/n015-2018-10-08-16-03-24+0800__CAM_BACK_LEFT__1538986180297423.jpg", "samples/CAM_BACK/n015-2018-10-08-16-03-24+0800__CAM_BACK__1538986180287525.jpg", "samples/CAM_BACK_RIGHT/n015-2018-10-08-16-03-24+0800__CAM_BACK_RIGHT__1538986180277893.jpg"], "intrinsics": [[[1272.5979470598488, 0.0, 826.6154927353808], [0.0, 1272.5979470598488, 479.75165386361925], [0.0, 0.0, 1.0]], [[1266.417203046554, 0.0, 816.2670197447984], [0.0, 1266.417203046554, 491.50706579294757], [0.0, 0.0, 1.0]], [[1260.8474446004698, 0.0, 807.968244525554], [0.0, 1260.8474446004698, 495.3344268742088], [0.0, 0.0, 1.0]], [[1256.7414812095406, 0.0, 792.1125740759628], [0.0, 1256.7414812095406, 492.7757465151356], [0.0, 0.0, 1.0]], [[809.2209905677063, 0.0, 829.2196003259838], [0.0, 809.2209905677063, 481.77842384512485], [0.0, 0.0, 1.0]], [[1259.5137405846733, 0.0, 807.2529053838625], [0.0, 1259.5137405846733, 501.19579884916527], [0.0, 0.0, 1.0]]], "extrinsics": [[[0.8196302056312561, -0.570574939250946, -0.05148298665881157, -0.965087890625], [-0.03738831356167793, 0.03639882057905197, -0.9986376762390137, 1.5082473754882812], [0.5716716051101685, 0.8204384446144104, 0.008500735275447369, -1.280517578125], [0.0, 0.0, 0.0, 1.0]], [[0.004858930129557848, -0.9994573593139648, -0.032578207552433014, 0.005126953125], [-0.042685944586992264, 0.032341595739126205, -0.9985649585723877, 1.5205345153808594], [0.9990766644477844, 0.006242555566132069, -0.04250563681125641, -1.6922607421875], [0.0, 0.0, 0.0, 1.0]], [[-0.8331651091575623, -0.553013265132904, 0.0034785999450832605, 1.032470703125], [-0.037049032747745514, 0.04953953996300697, -0.9980847239494324, 1.5036430358886719], [0.5517818331718445, -0.8316984176635742, -0.061763226985931396, -1.248779296875], [0.0, 0.0, 0.0, 1.0]], [[0.9475237727165222, 0.31900694966316223, -0.020812373608350754, -1.1422119140625], [-0.02841571532189846, 0.01919843629002571, -0.9994118213653564, 1.5885543823242188], [-0.3184197247028351, 0.9475578665733337, 0.027255790308117867, -0.103790283203125], [0.0, 0.0, 0.0, 1.0]], [[0.0031324168667197227, 0.9995724558830261, 0.02907121740281582, 0.00286865234375], [-0.05380558595061302, 0.02919772081077099, -0.9981244802474976, 1.5793609619140625], [-0.9985464811325073, 0.0015623809304088354, 0.053874049335718155, 0.001708984375], [0.0, 0.0, 0.0, 1.0]], [[-0.9342294335365295, 0.35488802194595337, 0.035634759813547134, 1.1363525390625], [-0.021179987117648125, 0.044533584266901016, -0.9987833499908447, 1.5514469146728516], [-0.3560431897640228, -0.9338475465774536, -0.03408806025981903, -0.06365966796875], [0.0, 0.0, 0.0, 1.0]]], "view": [[0.0, -2.0, 100.0], [-2.0, 0.0, 100.0], [0.0, 0.0, 1.0]], "bev": "bev_576ba6b6982640f19f733b2b1f021bc1.png", "aux": "aux_576ba6b6982640f19f733b2b1f021bc1.npz", "visibility": "visibility_576ba6b6982640f19f733b2b1f021bc1.png", "pose": [[-0.591389000415802, 0.806386411190033, 0.0, 792.662353515625], [-0.806386411190033, -0.591389000415802, 0.0, 1556.1448974609375], [0.0, 0.0, 1.0, 0.0], [0.0, 0.0, 0.0, 1.0]], "pose_inverse": [[-0.591389000415802, -0.806386411190033, 0.0, 1723.6258544921875], [0.806386411190033, -0.591389000415802, 0.0, 281.0948791503906], [0.0, 0.0, 1.0, 0.0], [0.0, 0.0, 0.0, 1.0]], "cam_ids": [0, 1, 2, 3, 4, 5], "cam_channels": ["CAM_FRONT_LEFT", "CAM_FRONT", "CAM_FRONT_RIGHT", "CAM_BACK_LEFT", "CAM_BACK", "CAM_BACK_RIGHT"], "token": "576ba6b6982640f19f733b2b1f021bc1", "scene": "scene-0861"}, {"images": ["samples/CAM_FRONT_LEFT/n015-2018-10-08-16-03-24+0800__CAM_FRONT_LEFT__1538986180754844.jpg", "samples/CAM_FRONT/n015-2018-10-08-16-03-24+0800__CAM_FRONT__1538986180762460.jpg", "samples/CAM_FRONT_RIGHT/n015-2018-10-08-16-03-24+0800__CAM_FRONT_RIGHT__1538986180770339.jpg", "samples/CAM_BACK_LEFT/n015-2018-10-08-16-03-24+0800__CAM_BACK_LEFT__1538986180797423.jpg", "samples/CAM_BACK/n015-2018-10-08-16-03-24+0800__CAM_BACK__1538986180787999.jpg", "samples/CAM_BACK_RIGHT/n015-2018-10-08-16-03-24+0800__CAM_BACK_RIGHT__1538986180777893.jpg"], "intrinsics": [[[1272.5979470598488, 0.0, 826.6154927353808], [0.0, 1272.5979470598488, 479.75165386361925], [0.0, 0.0, 1.0]], [[1266.417203046554, 0.0, 816.2670197447984], [0.0, 1266.417203046554, 491.50706579294757], [0.0, 0.0, 1.0]], [[1260.8474446004698, 0.0, 807.968244525554], [0.0, 1260.8474446004698, 495.3344268742088], [0.0, 0.0, 1.0]], [[1256.7414812095406, 0.0, 792.1125740759628], [0.0, 1256.7414812095406, 492.7757465151356], [0.0, 0.0, 1.0]], [[809.2209905677063, 0.0, 829.2196003259838], [0.0, 809.2209905677063, 481.77842384512485], [0.0, 0.0, 1.0]], [[1259.5137405846733, 0.0, 807.2529053838625], [0.0, 1259.5137405846733, 501.19579884916527], [0.0, 0.0, 1.0]]], "extrinsics": [[[0.8196168541908264, -0.5705914497375488, -0.0515124648809433, -0.9649658203125], [-0.03746712580323219, 0.03633696585893631, -0.9986369609832764, 1.5082473754882812], [0.5716854929924011, 0.820429801940918, 0.008403969928622246, -1.2803955078125], [0.0, 0.0, 0.0, 1.0]], [[0.004843147937208414, -0.9994596242904663, -0.032509006559848785, 0.00518798828125], [-0.04276221990585327, 0.03227264806628227, -0.9985638856887817, 1.5205268859863281], [0.9990735054016113, 0.006226357538253069, -0.042582813650369644, -1.6923828125], [0.0, 0.0, 0.0, 1.0]], [[-0.8331702351570129, -0.553005039691925, 0.0035819781478494406, 1.0325927734375], [-0.03711884468793869, 0.04945921525359154, -0.9980860948562622, 1.5036392211914062], [0.551769495010376, -0.8317086100578308, -0.06173485144972801, -1.2486572265625], [0.0, 0.0, 0.0, 1.0]], [[0.9475226998329163, 0.31900545954704285, -0.020884834229946136, -1.14208984375], [-0.02846686728298664, 0.019123349338769913, -0.9994117617607117, 1.5885543823242188], [-0.3184184432029724, 0.9475598931312561, 0.027200892567634583, -0.10369873046875], [0.0, 0.0, 0.0, 1.0]], [[0.003137277439236641, 0.999574601650238, 0.028997752815485, 0.0028076171875], [-0.05385914072394371, 0.029124701395630836, -0.9981237649917603, 1.5793609619140625], [-0.9985436201095581, 0.0015695979818701744, 0.053927600383758545, 0.0018310546875], [0.0, 0.0, 0.0, 1.0]], [[-0.9342250823974609, 0.3548969030380249, 0.03565914183855057, 1.1361083984375], [-0.021236592903733253, 0.04445257410407066, -0.9987857341766357, 1.5514488220214844], [-0.35605111718177795, -0.9338480234146118, -0.03399191051721573, -0.0635986328125], [0.0, 0.0, 0.0, 1.0]]], "view": [[0.0, -2.0, 100.0], [-2.0, 0.0, 100.0], [0.0, 0.0, 1.0]], "bev": "bev_d659408cc5a145c1bbf7fd33d0676d7a.png", "aux": "aux_d659408cc5a145c1bbf7fd33d0676d7a.npz", "visibility": "visibility_d659408cc5a145c1bbf7fd33d0676d7a.png", "pose": [[-0.5914073586463928, 0.8063729405403137, 0.0, 792.6621704101562], [-0.8063729405403137, -0.5914073586463928, 0.0, 1556.14501953125], [0.0, 0.0, 1.0, 0.0], [0.0, 0.0, 0.0, 1.0]], "pose_inverse": [[-0.5914073586463928, -0.8063729405403137, 0.0, 1723.6195068359375], [0.8063729405403137, -0.5914073586463928, 0.0, 281.13433837890625], [0.0, 0.0, 1.0, 0.0], [0.0, 0.0, 0.0, 1.0]], "cam_ids": [0, 1, 2, 3, 4, 5], "cam_channels": ["CAM_FRONT_LEFT", "CAM_FRONT", "CAM_FRONT_RIGHT", "CAM_BACK_LEFT", "CAM_BACK", "CAM_BACK_RIGHT"], "token": "d659408cc5a145c1bbf7fd33d0676d7a", "scene": "scene-0861"}, {"images": ["samples/CAM_FRONT_LEFT/n015-2018-10-08-16-03-24+0800__CAM_FRONT_LEFT__1538986181254844.jpg", "samples/CAM_FRONT/n015-2018-10-08-16-03-24+0800__CAM_FRONT__1538986181262460.jpg", "samples/CAM_FRONT_RIGHT/n015-2018-10-08-16-03-24+0800__CAM_FRONT_RIGHT__1538986181270339.jpg", "samples/CAM_BACK_LEFT/n015-2018-10-08-16-03-24+0800__CAM_BACK_LEFT__1538986181297423.jpg", "samples/CAM_BACK/n015-2018-10-08-16-03-24+0800__CAM_BACK__1538986181287525.jpg", "samples/CAM_BACK_RIGHT/n015-2018-10-08-16-03-24+0800__CAM_BACK_RIGHT__1538986181277904.jpg"], "intrinsics": [[[1272.5979470598488, 0.0, 826.6154927353808], [0.0, 1272.5979470598488, 479.75165386361925], [0.0, 0.0, 1.0]], [[1266.417203046554, 0.0, 816.2670197447984], [0.0, 1266.417203046554, 491.50706579294757], [0.0, 0.0, 1.0]], [[1260.8474446004698, 0.0, 807.968244525554], [0.0, 1260.8474446004698, 495.3344268742088], [0.0, 0.0, 1.0]], [[1256.7414812095406, 0.0, 792.1125740759628], [0.0, 1256.7414812095406, 492.7757465151356], [0.0, 0.0, 1.0]], [[809.2209905677063, 0.0, 829.2196003259838], [0.0, 809.2209905677063, 481.77842384512485], [0.0, 0.0, 1.0]], [[1259.5137405846733, 0.0, 807.2529053838625], [0.0, 1259.5137405846733, 501.19579884916527], [0.0, 0.0, 1.0]]], "extrinsics": [[[0.8196331262588501, -0.5705822110176086, -0.051355984061956406, -0.96484375], [-0.03729083016514778, 0.03631652891635895, -0.9986443519592285, 1.5082473754882812], [0.5716737508773804, 0.8204371333122253, 0.00848874356597662, -1.2802734375], [0.0, 0.0, 0.0, 1.0]], [[0.0048576537519693375, -0.9994599223136902, -0.03250172361731529, 0.005096435546875], [-0.042599380016326904, 0.03226577490568161, -0.9985711574554443, 1.5205268859863281], [0.9990803599357605, 0.006235241424292326, -0.04241963475942612, -1.6922607421875], [0.0, 0.0, 0.0, 1.0]], [[-0.8331674933433533, -0.5530099272727966, 0.0034542179200798273, 1.0323486328125], [-0.03697168454527855, 0.04946743696928024, -0.9980911612510681, 1.5036392211914062], [0.5517834424972534, -0.8317049145698547, -0.061660367995500565, -1.24871826171875], [0.0, 0.0, 0.0, 1.0]], [[0.9475243091583252, 0.31900554895401, -0.02081298641860485, -1.1422119140625], [-0.02839200384914875, 0.019126078113913536, -0.9994138479232788, 1.5885543823242188], [-0.3184204697608948, 0.9475598335266113, 0.02717963047325611, -0.103668212890625], [0.0, 0.0, 0.0, 1.0]], [[0.0031326187308877707, 0.9995742440223694, 0.029011225327849388, 0.002777099609375], [-0.053758975118398666, 0.02913775108754635, -0.9981287717819214, 1.5793685913085938], [-0.9985490441322327, 0.0015671856235712767, 0.05382736027240753, 0.001953125], [0.0, 0.0, 0.0, 1.0]], [[-0.9342305064201355, 0.3548935353755951, 0.03555033355951309, 1.1361083984375], [-0.021114356815814972, 0.04446842148900032, -0.9987876415252686, 1.55145263671875], [-0.356044203042984, -0.9338485598564148, -0.034050408750772476, -0.063720703125], [0.0, 0.0, 0.0, 1.0]]], "view": [[0.0, -2.0, 100.0], [-2.0, 0.0, 100.0], [0.0, 0.0, 1.0]], "bev": "bev_32c72ae94bf546668a49f3bc091e0e4d.png", "aux": "aux_32c72ae94bf546668a49f3bc091e0e4d.npz", "visibility": "visibility_32c72ae94bf546668a49f3bc091e0e4d.png", "pose": [[-0.591401219367981, 0.8063774704933167, 0.0, 792.6620483398438], [-0.8063774704933167, -0.591401219367981, 0.0, 1556.14501953125], [0.0, 0.0, 1.0, 0.0], [0.0, 0.0, 0.0, 1.0]], "pose_inverse": [[-0.591401219367981, -0.8063774704933167, 0.0, 1723.62158203125], [0.8063774704933167, -0.591401219367981, 0.0, 281.1212463378906], [0.0, 0.0, 1.0, 0.0], [0.0, 0.0, 0.0, 1.0]], "cam_ids": [0, 1, 2, 3, 4, 5], "cam_channels": ["CAM_FRONT_LEFT", "CAM_FRONT", "CAM_FRONT_RIGHT", "CAM_BACK_LEFT", "CAM_BACK", "CAM_BACK_RIGHT"], "token": "32c72ae94bf546668a49f3bc091e0e4d", "scene": "scene-0861"}, {"images": ["samples/CAM_FRONT_LEFT/n015-2018-10-08-16-03-24+0800__CAM_FRONT_LEFT__1538986181754844.jpg", "samples/CAM_FRONT/n015-2018-10-08-16-03-24+0800__CAM_FRONT__1538986181762460.jpg", "samples/CAM_FRONT_RIGHT/n015-2018-10-08-16-03-24+0800__CAM_FRONT_RIGHT__1538986181770339.jpg", "samples/CAM_BACK_LEFT/n015-2018-10-08-16-03-24+0800__CAM_BACK_LEFT__1538986181797423.jpg", "samples/CAM_BACK/n015-2018-10-08-16-03-24+0800__CAM_BACK__1538986181787525.jpg", "samples/CAM_BACK_RIGHT/n015-2018-10-08-16-03-24+0800__CAM_BACK_RIGHT__1538986181777899.jpg"], "intrinsics": [[[1272.5979470598488, 0.0, 826.6154927353808], [0.0, 1272.5979470598488, 479.75165386361925], [0.0, 0.0, 1.0]], [[1266.417203046554, 0.0, 816.2670197447984], [0.0, 1266.417203046554, 491.50706579294757], [0.0, 0.0, 1.0]], [[1260.8474446004698, 0.0, 807.968244525554], [0.0, 1260.8474446004698, 495.3344268742088], [0.0, 0.0, 1.0]], [[1256.7414812095406, 0.0, 792.1125740759628], [0.0, 1256.7414812095406, 492.7757465151356], [0.0, 0.0, 1.0]], [[809.2209905677063, 0.0, 829.2196003259838], [0.0, 809.2209905677063, 481.77842384512485], [0.0, 0.0, 1.0]], [[1259.5137405846733, 0.0, 807.2529053838625], [0.0, 1259.5137405846733, 501.19579884916527], [0.0, 0.0, 1.0]]], "extrinsics": [[[0.8196049928665161, -0.5706233978271484, -0.05134683847427368, -0.965087890625], [-0.03738391771912575, 0.03616620972752571, -0.9986463189125061, 1.5082511901855469], [0.5717079639434814, 0.8204150795936584, 0.008309870958328247, -1.2802734375], [0.0, 0.0, 0.0, 1.0]], [[0.004820522852241993, -0.99946528673172, -0.03234083950519562, 0.005126953125], [-0.04267619177699089, 0.03210613876581192, -0.9985730051994324, 1.5205421447753906], [0.9990772604942322, 0.006193821784108877, -0.042498599737882614, -1.692138671875], [0.0, 0.0, 0.0, 1.0]], [[-0.8331829309463501, -0.5529858469963074, 0.0035895714536309242, 1.0323486328125], [-0.037031207233667374, 0.04931596294045448, -0.9980964660644531, 1.5036468505859375], [0.5517561435699463, -0.8317298889160156, -0.061566948890686035, -1.24859619140625], [0.0, 0.0, 0.0, 1.0]], [[0.9475240707397461, 0.3190026581287384, -0.020864950492978096, -1.1419677734375], [-0.02839329093694687, 0.018967078998684883, -0.9994168281555176, 1.5885543823242188], [-0.3184208869934082, 0.9475639462471008, 0.02702930197119713, -0.1036376953125], [0.0, 0.0, 0.0, 1.0]], [[0.003143699374049902, 0.9995788931846619, 0.028846386820077896, 0.002716064453125], [-0.05378558859229088, 0.028973786160349846, -0.998132050037384, 1.5793609619140625], [-0.9985475540161133, 0.0015863027656450868, 0.053854022175073624, 0.0018310546875], [0.0, 0.0, 0.0, 1.0]], [[-0.9342212080955505, 0.35491904616355896, 0.03553968295454979, 1.1361083984375], [-0.021161388605833054, 0.04431261494755745, -0.9987935423851013, 1.5514507293701172], [-0.3560657203197479, -0.9338463544845581, -0.03388720750808716, -0.0635986328125], [0.0, 0.0, 0.0, 1.0]]], "view": [[0.0, -2.0, 100.0], [-2.0, 0.0, 100.0], [0.0, 0.0, 1.0]], "bev": "bev_88526d85547140f0b9de79e0fac47884.png", "aux": "aux_88526d85547140f0b9de79e0fac47884.npz", "visibility": "visibility_88526d85547140f0b9de79e0fac47884.png", "pose": [[-0.5914281010627747, 0.806357741355896, 0.0, 792.6619262695312], [-0.806357741355896, -0.5914281010627747, 0.0, 1556.1451416015625], [0.0, 0.0, 1.0, 0.0], [0.0, 0.0, 0.0, 1.0]], "pose_inverse": [[-0.5914281010627747, -0.806357741355896, 0.0, 1723.6121826171875], [0.806357741355896, -0.5914281010627747, 0.0, 281.1788330078125], [0.0, 0.0, 1.0, 0.0], [0.0, 0.0, 0.0, 1.0]], "cam_ids": [0, 1, 2, 3, 4, 5], "cam_channels": ["CAM_FRONT_LEFT", "CAM_FRONT", "CAM_FRONT_RIGHT", "CAM_BACK_LEFT", "CAM_BACK", "CAM_BACK_RIGHT"], "token": "88526d85547140f0b9de79e0fac47884", "scene": "scene-0861"}, {"images": ["samples/CAM_FRONT_LEFT/n015-2018-10-08-16-03-24+0800__CAM_FRONT_LEFT__1538986182254844.jpg", "samples/CAM_FRONT/n015-2018-10-08-16-03-24+0800__CAM_FRONT__1538986182262460.jpg", "samples/CAM_FRONT_RIGHT/n015-2018-10-08-16-03-24+0800__CAM_FRONT_RIGHT__1538986182270339.jpg", "samples/CAM_BACK_LEFT/n015-2018-10-08-16-03-24+0800__CAM_BACK_LEFT__1538986182297423.jpg", "samples/CAM_BACK/n015-2018-10-08-16-03-24+0800__CAM_BACK__1538986182287525.jpg", "samples/CAM_BACK_RIGHT/n015-2018-10-08-16-03-24+0800__CAM_BACK_RIGHT__1538986182277893.jpg"], "intrinsics": [[[1272.5979470598488, 0.0, 826.6154927353808], [0.0, 1272.5979470598488, 479.75165386361925], [0.0, 0.0, 1.0]], [[1266.417203046554, 0.0, 816.2670197447984], [0.0, 1266.417203046554, 491.50706579294757], [0.0, 0.0, 1.0]], [[1260.8474446004698, 0.0, 807.968244525554], [0.0, 1260.8474446004698, 495.3344268742088], [0.0, 0.0, 1.0]], [[1256.7414812095406, 0.0, 792.1125740759628], [0.0, 1256.7414812095406, 492.7757465151356], [0.0, 0.0, 1.0]], [[809.2209905677063, 0.0, 829.2196003259838], [0.0, 809.2209905677063, 481.77842384512485], [0.0, 0.0, 1.0]], [[1259.5137405846733, 0.0, 807.2529053838625], [0.0, 1259.5137405846733, 501.19579884916527], [0.0, 0.0, 1.0]]], "extrinsics": [[[0.8196137547492981, -0.5706110596656799, -0.05134383589029312, -0.96484375], [-0.037332672625780106, 0.036234717816114426, -0.9986457228660583, 1.5082473754882812], [0.5716986656188965, 0.8204206824302673, 0.008396039716899395, -1.2802734375], [0.0, 0.0, 0.0, 1.0]], [[0.004834117367863655, -0.9994626641273499, -0.032416071742773056, 0.005035400390625], [-0.04261063039302826, 0.03218112885951996, -0.998573362827301, 1.5205345153808594], [0.9990800023078918, 0.006208496168255806, -0.04243217036128044, -1.6923828125], [0.0, 0.0, 0.0, 1.0]], [[-0.8331762552261353, -0.5529963374137878, 0.003497453173622489, 1.0323486328125], [-0.03697110339999199, 0.04939030110836029, -0.9980950355529785, 1.5036468505859375], [0.5517702102661133, -0.8317184448242188, -0.06159571558237076, -1.248779296875], [0.0, 0.0, 0.0, 1.0]], [[0.9475247263908386, 0.3190058171749115, -0.020789625123143196, -1.1422119140625], [-0.028353292495012283, 0.019084174185991287, -0.9994157552719116, 1.5885505676269531], [-0.3184226453304291, 0.9475606083869934, 0.027127595618367195, -0.103790283203125], [0.0, 0.0, 0.0, 1.0]], [[0.003136604791507125, 0.9995760917663574, 0.028944822028279305, 0.0028076171875], [-0.053744617849588394, 0.029071640223264694, -0.9981313943862915, 1.5793609619140625], [-0.99854975938797, 0.0015751624014228582, 0.053813014179468155, 0.0018310546875], [0.0, 0.0, 0.0, 1.0]], [[-0.9342274069786072, 0.3549048900604248, 0.03552097827196121, 1.13623046875], [-0.021110596135258675, 0.04439482465386391, -0.9987910389900208, 1.5514507293701172], [-0.35605278611183167, -0.9338477253913879, -0.03398260846734047, -0.06365966796875], [0.0, 0.0, 0.0, 1.0]]], "view": [[0.0, -2.0, 100.0], [-2.0, 0.0, 100.0], [0.0, 0.0, 1.0]], "bev": "bev_641868c6b27f45f8a74e70dc678fe8cf.png", "aux": "aux_641868c6b27f45f8a74e70dc678fe8cf.npz", "visibility": "visibility_641868c6b27f45f8a74e70dc678fe8cf.png", "pose": [[-0.5913758277893066, 0.8063960671424866, 0.0, 792.6618041992188], [-0.8063960671424866, -0.5913758277893066, 0.0, 1556.145263671875], [0.0, 0.0, 1.0, 0.0], [0.0, 0.0, 0.0, 1.0]], "pose_inverse": [[-0.5913758277893066, -0.8063960671424866, 0.0, 1723.6304931640625], [0.8063960671424866, -0.5913758277893066, 0.0, 281.0673522949219], [0.0, 0.0, 1.0, 0.0], [0.0, 0.0, 0.0, 1.0]], "cam_ids": [0, 1, 2, 3, 4, 5], "cam_channels": ["CAM_FRONT_LEFT", "CAM_FRONT", "CAM_FRONT_RIGHT", "CAM_BACK_LEFT", "CAM_BACK", "CAM_BACK_RIGHT"], "token": "641868c6b27f45f8a74e70dc678fe8cf", "scene": "scene-0861"}, {"images": ["samples/CAM_FRONT_LEFT/n015-2018-10-08-16-03-24+0800__CAM_FRONT_LEFT__1538986182754844.jpg", "samples/CAM_FRONT/n015-2018-10-08-16-03-24+0800__CAM_FRONT__1538986182762460.jpg", "samples/CAM_FRONT_RIGHT/n015-2018-10-08-16-03-24+0800__CAM_FRONT_RIGHT__1538986182770339.jpg", "samples/CAM_BACK_LEFT/n015-2018-10-08-16-03-24+0800__CAM_BACK_LEFT__1538986182797423.jpg", "samples/CAM_BACK/n015-2018-10-08-16-03-24+0800__CAM_BACK__1538986182787525.jpg", "samples/CAM_BACK_RIGHT/n015-2018-10-08-16-03-24+0800__CAM_BACK_RIGHT__1538986182777893.jpg"], "intrinsics": [[[1272.5979470598488, 0.0, 826.6154927353808], [0.0, 1272.5979470598488, 479.75165386361925], [0.0, 0.0, 1.0]], [[1266.417203046554, 0.0, 816.2670197447984], [0.0, 1266.417203046554, 491.50706579294757], [0.0, 0.0, 1.0]], [[1260.8474446004698, 0.0, 807.968244525554], [0.0, 1260.8474446004698, 495.3344268742088], [0.0, 0.0, 1.0]], [[1256.7414812095406, 0.0, 792.1125740759628], [0.0, 1256.7414812095406, 492.7757465151356], [0.0, 0.0, 1.0]], [[809.2209905677063, 0.0, 829.2196003259838], [0.0, 809.2209905677063, 481.77842384512485], [0.0, 0.0, 1.0]], [[1259.5137405846733, 0.0, 807.2529053838625], [0.0, 1259.5137405846733, 501.19579884916527], [0.0, 0.0, 1.0]]], "extrinsics": [[[0.8196671009063721, -0.5705410838127136, -0.05127173662185669, -0.965087890625], [-0.03718709200620651, 0.03631884604692459, -0.9986481070518494, 1.5082473754882812], [0.5716318488121033, 0.820465624332428, 0.00855260156095028, -1.2802734375], [0.0, 0.0, 0.0, 1.0]], [[0.004900413099676371, -0.9994601011276245, -0.03248816728591919, 0.005096435546875], [-0.04247359186410904, 0.032251209020614624, -0.9985769391059875, 1.5205268859863281], [0.9990854859352112, 0.006273280363529921, -0.04229261726140976, -1.6922607421875], [0.0, 0.0, 0.0, 1.0]], [[-0.8331525921821594, -0.5530331134796143, 0.003344601020216942, 1.032470703125], [-0.03682339936494827, 0.04943876713514328, -0.9980981349945068, 1.5036430358886719], [0.551815927028656, -0.8316911458969116, -0.061554595828056335, -1.248779296875], [0.0, 0.0, 0.0, 1.0]], [[0.9475277066230774, 0.3190073072910309, -0.020630566403269768, -1.1422119140625], [-0.02817787416279316, 0.019061289727687836, -0.9994211792945862, 1.5885581970214844], [-0.3184294104576111, 0.9475604891777039, 0.027050044387578964, -0.103729248046875], [0.0, 0.0, 0.0, 1.0]], [[0.0031169098801910877, 0.9995757937431335, 0.028960494324564934, 0.002716064453125], [-0.053569406270980835, 0.029085952788591385, -0.9981404542922974, 1.5793533325195312], [-0.9985592365264893, 0.0015596840530633926, 0.05