[{"images": ["samples/CAM_FRONT_LEFT/n008-2018-08-01-15-16-36-0400__CAM_FRONT_LEFT__1533151061504799.jpg", "samples/CAM_FRONT/n008-2018-08-01-15-16-36-0400__CAM_FRONT__1533151061512404.jpg", "samples/CAM_FRONT_RIGHT/n008-2018-08-01-15-16-36-0400__CAM_FRONT_RIGHT__1533151061520482.jpg", "samples/CAM_BACK_LEFT/n008-2018-08-01-15-16-36-0400__CAM_BACK_LEFT__1533151061547405.jpg", "samples/CAM_BACK/n008-2018-08-01-15-16-36-0400__CAM_BACK__1533151061537558.jpg", "samples/CAM_BACK_RIGHT/n008-2018-08-01-15-16-36-0400__CAM_BACK_RIGHT__1533151061528113.jpg"], "intrinsics": [[[1257.8625342125129, 0.0, 827.2410631095686], [0.0, 1257.8625342125129, 450.915498205774], [0.0, 0.0, 1.0]], [[1252.8131021185304, 0.0, 826.588114781398], [0.0, 1252.8131021185304, 469.9846626224581], [0.0, 0.0, 1.0]], [[1256.7485116440405, 0.0, 817.7887570959712], [0.0, 1256.7485116440403, 451.9541780095127], [0.0, 0.0, 1.0]], [[1254.9860565800168, 0.0, 829.5769333630991], [0.0, 1254.9860565800168, 467.1680561863987], [0.0, 0.0, 1.0]], [[796.8910634503094, 0.0, 857.7774326863696], [0.0, 796.8910634503094, 476.8848988407415], [0.0, 0.0, 1.0]], [[1249.9629280788233, 0.0, 825.3768045375984], [0.0, 1249.9629280788233, 462.54816385708756], [0.0, 0.0, 1.0]]], "extrinsics": [[[0.8224554061889648, -0.5688296556472778, 1.2005596545350272e-05, -0.7379150390625], [0.007255504839122295, 0.010469432920217514, -0.9999188780784607, 1.4905872344970703], [0.5687834620475769, 0.822388768196106, 0.012737787328660488, -1.153564453125], [0.0, 0.0, 0.0, 1.0]], [[0.010085287503898144, -0.9999294877052307, -0.006269644945859909, 0.0111083984375], [0.008929969742894173, 0.006359777878969908, -0.9999399185180664, 1.4824886322021484], [0.9999093413352966, 0.01002869289368391, 0.008993479423224926, -1.47216796875], [0.0, 0.0, 0.0, 1.0]], [[-0.8440573811531067, -0.536099910736084, -0.012810568325221539, 0.921875], [0.01665298081934452, -0.002326642395928502, -0.9998586177825928, 1.496429443359375], [0.535994291305542, -0.8441514372825623, 0.01089148037135601, -1.167724609375], [0.0, 0.0, 0.0, 1.0]], [[0.9478697776794434, 0.3186241090297699, -0.004634529817849398, -1.143310546875], [-0.009194819256663322, 0.012809885665774345, -0.9998756647109985, 1.5620393753051758], [-0.31852513551712036, 0.9477946162223816, 0.015071794390678406, -0.15636825561523438], [0.0, 0.0, 0.0, 1.0]], [[0.00926501676440239, 0.9999433755874634, 0.005234370008111, -0.02899169921875], [-0.006891799159348011, 0.005298325791954994, -0.9999621510505676, 1.5675458908081055], [-0.9999334216117859, 0.009228593669831753, 0.006940498016774654, -0.029296875], [0.0, 0.0, 0.0, 1.0]], [[-0.9236945509910583, 0.3831050992012024, -0.00434513483196497, 1.0262451171875], [-0.002513066167011857, -0.017399322241544724, -0.9998455047607422, 1.5474777221679688], [-0.38312146067619324, -0.9235408306121826, 0.01703442819416523, -0.09765625], [0.0, 0.0, 0.0, 1.0]]], "view": [[0.0, -2.0, 100.0], [-2.0, 0.0, 100.0], [0.0, 0.0, 1.0]], "bev": "bev_8e46878ced734164aae0e83567aa02a5.png", "aux": "aux_8e46878ced734164aae0e83567aa02a5.npz", "visibility": "visibility_8e46878ced734164aae0e83567aa02a5.png", "pose": [[-0.9995294809341431, 0.030673224478960037, 0.0, 2265.38330078125], [-0.030673224478960037, -0.9995294809341431, 0.0, 794.2113037109375], [0.0, 0.0, 1.0, 0.0], [0.0, 0.0, 0.0, 1.0]], "pose_inverse": [[-0.9995294809341431, -0.030673224478960037, 0.0, 2288.678466796875], [0.030673224478960037, -0.9995294809341431, 0.0, 724.3510131835938], [0.0, 0.0, 1.0, 0.0], [0.0, 0.0, 0.0, 1.0]], "cam_ids": [0, 1, 2, 3, 4, 5], "cam_channels": ["CAM_FRONT_LEFT", "CAM_FRONT", "CAM_FRONT_RIGHT", "CAM_BACK_LEFT", "CAM_BACK", "CAM_BACK_RIGHT"], "token": "8e46878ced734164aae0e83567aa02a5", "scene": "scene-0092"}, {"images": ["samples/CAM_FRONT_LEFT/n008-2018-08-01-15-16-36-0400__CAM_FRONT_LEFT__1533151062004799.jpg", "samples/CAM_FRONT/n008-2018-08-01-15-16-36-0400__CAM_FRONT__1533151062012404.jpg", "samples/CAM_FRONT_RIGHT/n008-2018-08-01-15-16-36-0400__CAM_FRONT_RIGHT__1533151062020482.jpg", "samples/CAM_BACK_LEFT/n008-2018-08-01-15-16-36-0400__CAM_BACK_LEFT__1533151062047405.jpg", "samples/CAM_BACK/n008-2018-08-01-15-16-36-0400__CAM_BACK__1533151062037574.jpg", "samples/CAM_BACK_RIGHT/n008-2018-08-01-15-16-36-0400__CAM_BACK_RIGHT__1533151062028113.jpg"], "intrinsics": [[[1257.8625342125129, 0.0, 827.2410631095686], [0.0, 1257.8625342125129, 450.915498205774], [0.0, 0.0, 1.0]], [[1252.8131021185304, 0.0, 826.588114781398], [0.0, 1252.8131021185304, 469.9846626224581], [0.0, 0.0, 1.0]], [[1256.7485116440405, 0.0, 817.7887570959712], [0.0, 1256.7485116440403, 451.9541780095127], [0.0, 0.0, 1.0]], [[1254.9860565800168, 0.0, 829.5769333630991], [0.0, 1254.9860565800168, 467.1680561863987], [0.0, 0.0, 1.0]], [[796.8910634503094, 0.0, 857.7774326863696], [0.0, 796.8910634503094, 476.8848988407415], [0.0, 0.0, 1.0]], [[1249.9629280788233, 0.0, 825.3768045375984], [0.0, 1249.9629280788233, 462.54816385708756], [0.0, 0.0, 1.0]]], "extrinsics": [[[0.8232297897338867, -0.5676801800727844, -0.005658645648509264, -0.731201171875], [0.0036879456602036953, 0.01531490869820118, -0.9998759031295776, 1.4894676208496094], [0.5676963329315186, 0.8231067061424255, 0.01470126211643219, -1.148193359375], [0.0, 0.0, 0.0, 1.0]], [[0.011306419968605042, -0.9998750686645508, -0.011044075712561607, 0.010986328125], [0.005283514969050884, 0.011104365810751915, -0.9999244213104248, 1.4815692901611328], [0.9999220967292786, 0.011247210204601288, 0.00540840532630682, -1.46337890625], [0.0, 0.0, 0.0, 1.0]], [[-0.843574047088623, -0.5368754267692566, -0.012148439884185791, 0.915771484375], [0.012926746159791946, 0.002314735669642687, -0.99991375207901, 1.4957561492919922], [0.5368571877479553, -0.8436583876609802, 0.0049874004907906055, -1.16387939453125], [0.0, 0.0, 0.0, 1.0]], [[0.947856605052948, 0.31861206889152527, -0.007373358588665724, -1.14453125], [-0.01336471177637577, 0.01662256009876728, -0.9997724890708923, 1.5620498657226562], [-0.3184170126914978, 0.9477393627166748, 0.0200139619410038, -0.15593719482421875], [0.0, 0.0, 0.0, 1.0]], [[0.008949997834861279, 0.9999168515205383, 0.009291952475905418, -0.029052734375], [-0.01085303258150816, 0.009388910606503487, -0.9998970031738281, 1.5672321319580078], [-0.9999009966850281, 0.008848228491842747, 0.010936161503195763, -0.031494140625], [0.0, 0.0, 0.0, 1.0]], [[-0.9239696264266968, 0.38246458768844604, 0.0009216259932145476, 1.022216796875], [-0.0063561261631548405, -0.012945872731506824, -0.9998959898948669, 1.5468826293945312], [-0.382412850856781, -0.9238793849945068, 0.01439258735626936, -0.0994873046875], [0.0, 0.0, 0.0, 1.0]]], "view": [[0.0, -2.0, 100.0], [-2.0, 0.0, 100.0], [0.0, 0.0, 1.0]], "bev": "bev_6f5b556ef64b47f596df0314f6db9f99.png", "aux": "aux_6f5b556ef64b47f596df0314f6db9f99.npz", "visibility": "visibility_6f5b556ef64b47f596df0314f6db9f99.png", "pose": [[-0.9995193481445312, 0.03100029192864895, 0.0, 2261.63671875], [-0.03100029192864895, -0.9995193481445312, 0.0, 794.1148681640625], [0.0, 0.0, 1.0, 0.0], [0.0, 0.0, 0.0, 1.0]], "pose_inverse": [[-0.9995193481445312, -0.03100029192864895, 0.0, 2285.16748046875], [0.03100029192864895, -0.9995193481445312, 0.0, 723.621826171875], [0.0, 0.0, 1.0, 0.0], [0.0, 0.0, 0.0, 1.0]], "cam_ids": [0, 1, 2, 3, 4, 5], "cam_channels": ["CAM_FRONT_LEFT", "CAM_FRONT", "CAM_FRONT_RIGHT", "CAM_BACK_LEFT", "CAM_BACK", "CAM_BACK_RIGHT"], "token": "6f5b556ef64b47f596df0314f6db9f99", "scene": "scene-0092"}, {"images": ["samples/CAM_FRONT_LEFT/n008-2018-08-01-15-16-36-0400__CAM_FRONT_LEFT__1533151062504799.jpg", "samples/CAM_FRONT/n008-2018-08-01-15-16-36-0400__CAM_FRONT__1533151062512404.jpg", "samples/CAM_FRONT_RIGHT/n008-2018-08-01-15-16-36-0400__CAM_FRONT_RIGHT__1533151062520482.jpg", "samples/CAM_BACK_LEFT/n008-2018-08-01-15-16-36-0400__CAM_BACK_LEFT__1533151062547405.jpg", "samples/CAM_BACK/n008-2018-08-01-15-16-36-0400__CAM_BACK__1533151062537558.jpg", "samples/CAM_BACK_RIGHT/n008-2018-08-01-15-16-36-0400__CAM_BACK_RIGHT__1533151062528113.jpg"], "intrinsics": [[[1257.8625342125129, 0.0, 827.2410631095686], [0.0, 1257.8625342125129, 450.915498205774], [0.0, 0.0, 1.0]], [[1252.8131021185304, 0.0, 826.588114781398], [0.0, 1252.8131021185304, 469.9846626224581], [0.0, 0.0, 1.0]], [[1256.7485116440405, 0.0, 817.7887570959712], [0.0, 1256.7485116440403, 451.9541780095127], [0.0, 0.0, 1.0]], [[1254.9860565800168, 0.0, 829.5769333630991], [0.0, 1254.9860565800168, 467.1680561863987], [0.0, 0.0, 1.0]], [[796.8910634503094, 0.0, 857.7774326863696], [0.0, 796.8910634503094, 476.8848988407415], [0.0, 0.0, 1.0]], [[1249.9629280788233, 0.0, 825.3768045375984], [0.0, 1249.9629280788233, 462.54816385708756], [0.0, 0.0, 1.0]]], "extrinsics": [[[0.8228220343589783, -0.5682912468910217, 0.0029990063048899174, -0.7427978515625], [0.019533786922693253, 0.02300790324807167, -0.9995443820953369, 1.4943885803222656], [0.5679633617401123, 0.8225057721138, 0.030032288283109665, -1.1568603515625], [0.0, 0.0, 0.0, 1.0]], [[0.010836278088390827, -0.9997695684432983, -0.018533501774072647, 0.0111083984375], [0.021265152841806412, 0.018760807812213898, -0.9995978474617004, 1.4856109619140625], [0.9997152090072632, 0.010437802411615849, 0.02146354876458645, -1.47607421875], [0.0, 0.0, 0.0, 1.0]], [[-0.8435407280921936, -0.5362354516983032, -0.02984197624027729, 0.92431640625], [0.029048506170511246, 0.00992906279861927, -0.9995286464691162, 1.4988021850585938], [0.5362789630889893, -0.8440101146697998, 0.007201266475021839, -1.169189453125], [0.0, 0.0, 0.0, 1.0]], [[0.9478311538696289, 0.31860098242759705, 0.010461072437465191, -1.145263671875], [0.0028085147496312857, 0.02446916699409485, -0.9996966123580933, 1.562042236328125], [-0.31876030564308167, 0.9475730061531067, 0.022297846153378487, -0.155670166015625], [0.0, 0.0, 0.0, 1.0]], [[0.008954780176281929, 0.999812126159668, 0.017194494605064392, -0.02899169921875], [0.005234799813479185, 0.017148077487945557, -0.9998392462730408, 1.5684242248535156], [-0.9999462366104126, 0.009043347090482712, -0.005080259405076504, -0.027099609375], [0.0, 0.0, 0.0, 1.0]], [[-0.9237290620803833, 0.3828873634338379, -0.011042914353311062, 1.0294189453125], [0.009746503084897995, -0.00532560283318162, -0.9999383091926575, 1.5492019653320312], [-0.38292253017425537, -0.9237797260284424, 0.0011876014759764075, -0.0963134765625], [0.0, 0.0, 0.0, 1.0]]], "view": [[0.0, -2.0, 100.0], [-2.0, 0.0, 100.0], [0.0, 0.0, 1.0]], "bev": "bev_4f0f533c84c4493599f2eb3a60882b16.png", "aux": "aux_4f0f533c84c4493599f2eb3a60882b16.npz", "visibility": "visibility_4f0f533c84c4493599f2eb3a60882b16.png", "pose": [[-0.9996285438537598, 0.027254456654191017, 0.0, 2257.833251953125], [-0.027254456654191017, -0.9996285438537598, 0.0, 794.036376953125], [0.0, 0.0, 1.0, 0.0], [0.0, 0.0, 0.0, 1.0]], "pose_inverse": [[-0.9996285438537598, -0.027254456654191017, 0.0, 2278.635498046875], [0.027254456654191017, -0.9996285438537598, 0.0, 732.2053833007812], [0.0, 0.0, 1.0, 0.0], [0.0, 0.0, 0.0, 1.0]], "cam_ids": [0, 1, 2, 3, 4, 5], "cam_channels": ["CAM_FRONT_LEFT", "CAM_FRONT", "CAM_FRONT_RIGHT", "CAM_BACK_LEFT", "CAM_BACK", "CAM_BACK_RIGHT"], "token": "4f0f533c84c4493599f2eb3a60882b16", "scene": "scene-0092"}, {"images": ["samples/CAM_FRONT_LEFT/n008-2018-08-01-15-16-36-0400__CAM_FRONT_LEFT__1533151062904799.jpg", "samples/CAM_FRONT/n008-2018-08-01-15-16-36-0400__CAM_FRONT__1533151062912404.jpg", "samples/CAM_FRONT_RIGHT/n008-2018-08-01-15-16-36-0400__CAM_FRONT_RIGHT__1533151062920815.jpg", "samples/CAM_BACK_LEFT/n008-2018-08-01-15-16-36-0400__CAM_BACK_LEFT__1533151062947405.jpg", "samples/CAM_BACK/n008-2018-08-01-15-16-36-0400__CAM_BACK__1533151062937853.jpg", "samples/CAM_BACK_RIGHT/n008-2018-08-01-15-16-36-0400__CAM_BACK_RIGHT__1533151062928113.jpg"], "intrinsics": [[[1257.8625342125129, 0.0, 827.2410631095686], [0.0, 1257.8625342125129, 450.915498205774], [0.0, 0.0, 1.0]], [[1252.8131021185304, 0.0, 826.588114781398], [0.0, 1252.8131021185304, 469.9846626224581], [0.0, 0.0, 1.0]], [[1256.7485116440405, 0.0, 817.7887570959712], [0.0, 1256.7485116440403, 451.9541780095127], [0.0, 0.0, 1.0]], [[1254.9860565800168, 0.0, 829.5769333630991], [0.0, 1254.9860565800168, 467.1680561863987], [0.0, 0.0, 1.0]], [[796.8910634503094, 0.0, 857.7774326863696], [0.0, 796.8910634503094, 476.8848988407415], [0.0, 0.0, 1.0]], [[1249.9629280788233, 0.0, 825.3768045375984], [0.0, 1249.9629280788233, 462.54816385708756], [0.0, 0.0, 1.0]]], "extrinsics": [[[0.8224069476127625, -0.5686789155006409, 0.015848375856876373, -0.7513427734375], [0.02436402440071106, 0.007374817971140146, -0.9996759295463562, 1.4957695007324219], [0.5683777928352356, 0.8225265145301819, 0.019920406863093376, -1.160400390625], [0.0, 0.0, 0.0, 1.0]], [[0.010330820456147194, -0.9999428987503052, -0.002715814160183072, 0.00921630859375], [0.026524726301431656, 0.002989039057865739, -0.9996437430381775, 1.4868316650390625], [0.9995948672294617, 0.010255097411572933, 0.02655409276485443, -1.483642578125], [0.0, 0.0, 0.0, 1.0]], [[-0.84361332654953, -0.5363149642944336, -0.026131732389330864, 0.93017578125], [0.034771185368299484, -0.0060001565143466, -0.9993772506713867, 1.4997177124023438], [0.535824179649353, -0.8439966440200806, 0.023710118606686592, -1.1744384765625], [0.0, 0.0, 0.0, 1.0]], [[0.9477460384368896, 0.3188070058822632, 0.011817483231425285, -1.14306640625], [0.009675446897745132, 0.008301750756800175, -0.9999186992645264, 1.562051773071289], [-0.31887921690940857, 0.9477832317352295, 0.004783349577337503, -0.15670204162597656], [0.0, 0.0, 0.0, 1.0]], [[0.009038090705871582, 0.999958336353302, 0.0012092959368601441, -0.02850341796875], [0.011673393659293652, 0.0011037540389224887, -0.9999312162399292, 1.5688667297363281], [-0.9998909831047058, 0.009051586501300335, -0.011662933975458145, -0.024658203125], [0.0, 0.0, 0.0, 1.0]], [[-0.9235098361968994, 0.3829019069671631, -0.022708192467689514, 1.032470703125], [0.01575522869825363, -0.02128514088690281, -0.9996492862701416, 1.5500125885009766], [-0.383250892162323, -0.9235438108444214, 0.013624331913888454, -0.09619140625], [0.0, 0.0, 0.0, 1.0]]], "view": [[0.0, -2.0, 100.0], [-2.0, 0.0, 100.0], [0.0, 0.0, 1.0]], "bev": "bev_76ffdcc4676f4b75b7adf32b0ff47c4a.png", "aux": "aux_76ffdcc4676f4b75b7adf32b0ff47c4a.npz", "visibility": "visibility_76ffdcc4676f4b75b7adf32b0ff47c4a.png", "pose": [[-0.9996298551559448, 0.027205824851989746, 0.0, 2254.88525390625], [-0.027205824851989746, -0.9996298551559448, 0.0, 793.9862060546875], [0.0, 0.0, 1.0, 0.0], [0.0, 0.0, 0.0, 1.0]], "pose_inverse": [[-0.9996298551559448, -0.027205824851989746, 0.0, 2275.651611328125], [0.027205824851989746, -0.9996298551559448, 0.0, 732.3463134765625], [0.0, 0.0, 1.0, 0.0], [0.0, 0.0, 0.0, 1.0]], "cam_ids": [0, 1, 2, 3, 4, 5], "cam_channels": ["CAM_FRONT_LEFT", "CAM_FRONT", "CAM_FRONT_RIGHT", "CAM_BACK_LEFT", "CAM_BACK", "CAM_BACK_RIGHT"], "token": "76ffdcc4676f4b75b7adf32b0ff47c4a", "scene": "scene-0092"}, {"images": ["samples/CAM_FRONT_LEFT/n008-2018-08-01-15-16-36-0400__CAM_FRONT_LEFT__1533151063404799.jpg", "samples/CAM_FRONT/n008-2018-08-01-15-16-36-0400__CAM_FRONT__1533151063412404.jpg", "samples/CAM_FRONT_RIGHT/n008-2018-08-01-15-16-36-0400__CAM_FRONT_RIGHT__1533151063420482.jpg", "samples/CAM_BACK_LEFT/n008-2018-08-01-15-16-36-0400__CAM_BACK_LEFT__1533151063447405.jpg", "samples/CAM_BACK/n008-2018-08-01-15-16-36-0400__CAM_BACK__1533151063437558.jpg", "samples/CAM_BACK_RIGHT/n008-2018-08-01-15-16-36-0400__CAM_BACK_RIGHT__1533151063428113.jpg"], "intrinsics": [[[1257.8625342125129, 0.0, 827.2410631095686], [0.0, 1257.8625342125129, 450.915498205774], [0.0, 0.0, 1.0]], [[1252.8131021185304, 0.0, 826.588114781398], [0.0, 1252.8131021185304, 469.9846626224581], [0.0, 0.0, 1.0]], [[1256.7485116440405, 0.0, 817.7887570959712], [0.0, 1256.7485116440403, 451.9541780095127], [0.0, 0.0, 1.0]], [[1254.9860565800168, 0.0, 829.5769333630991], [0.0, 1254.9860565800168, 467.1680561863987], [0.0, 0.0, 1.0]], [[796.8910634503094, 0.0, 857.7774326863696], [0.0, 796.8910634503094, 476.8848988407415], [0.0, 0.0, 1.0]], [[1249.9629280788233, 0.0, 825.3768045375984], [0.0, 1249.9629280788233, 462.54816385708756], [0.0, 0.0, 1.0]]], "extrinsics": [[[0.8224490284919739, -0.5685188174247742, 0.019077926874160767, -0.7388916015625], [0.014669831842184067, -0.012328938581049442, -0.9998164176940918, 1.4930381774902344], [0.5686496496200562, 0.8225778937339783, -0.0017998481635004282, -1.1475830078125], [0.0, 0.0, 0.0, 1.0]], [[0.010219093412160873, -0.9998103380203247, 0.016578540205955505, 0.00689697265625], [0.016726788133382797, -0.016406171023845673, -0.9997255206108093, 1.484609603881836], [0.9998078942298889, 0.01049358956515789, 0.01655595935881138, -1.468017578125], [0.0, 0.0, 0.0, 1.0]], [[-0.8438753485679626, -0.5364863276481628, -0.007539156824350357, 0.9169921875], [0.024855883792042732, -0.025053400546312332, -0.9993770718574524, 1.4981460571289062], [0.535963237285614, -0.8435370922088623, 0.03447679057717323, -1.16827392578125], [0.0, 0.0, 0.0, 1.0]], [[0.9479409456253052, 0.31842729449272156, -0.0034558637998998165, -1.1298828125], [-0.00046097266022115946, -0.009480131790041924, -0.9999549388885498, 1.5620298385620117], [-0.31844574213027954, 0.9478998780250549, -0.008839819580316544, -0.1601409912109375], [0.0, 0.0, 0.0, 1.0]], [[0.009226290509104729, 0.9998092651367188, -0.017217382788658142, -0.0277099609375], [0.0016333197709172964, -0.01723315939307213, -0.9998501539230347, 1.5681815147399902], [-0.9999561309814453, 0.00919678620994091, -0.0017920052632689476, -0.034912109375], [0.0, 0.0, 0.0, 1.0]], [[-0.9236568212509155, 0.38265854120254517, -0.020746776834130287, 1.0252685546875], [0.005843272432684898, -0.04006858170032501, -0.9991798400878906, 1.5486412048339844], [-0.38317596912384033, -0.923020601272583, 0.03477364405989647, -0.1005859375], [0.0, 0.0, 0.0, 1.0]]], "view": [[0.0, -2.0, 100.0], [-2.0, 0.0, 100.0], [0.0, 0.0, 1.0]], "bev": "bev_774f588fe35f46338735d6c72c94de28.png", "aux": "aux_774f588fe35f46338735d6c72c94de28.npz", "visibility": "visibility_774f588fe35f46338735d6c72c94de28.png", "pose": [[-0.9995930194854736, 0.028527189046144485, 0.0, 2251.239990234375], [-0.028527189046144485, -0.9995930194854736, 0.0, 793.893310546875], [0.0, 0.0, 1.0, 0.0], [0.0, 0.0, 0.0, 1.0]], "pose_inverse": [[-0.9995930194854736, -0.028527189046144485, 0.0, 2272.971435546875], [0.028527189046144485, -0.9995930194854736, 0.0, 729.3486328125], [0.0, 0.0, 1.0, 0.0], [0.0, 0.0, 0.0, 1.0]], "cam_ids": [0, 1, 2, 3, 4, 5], "cam_channels": ["CAM_FRONT_LEFT", "CAM_FRONT", "CAM_FRONT_RIGHT", "CAM_BACK_LEFT", "CAM_BACK", "CAM_BACK_RIGHT"], "token": "774f588fe35f46338735d6c72c94de28", "scene": "scene-0092"}, {"images": ["samples/CAM_FRONT_LEFT/n008-2018-08-01-15-16-36-0400__CAM_FRONT_LEFT__1533151063904799.jpg", "samples/CAM_FRONT/n008-2018-08-01-15-16-36-0400__CAM_FRONT__1533151063912404.jpg", "samples/CAM_FRONT_RIGHT/n008-2018-08-01-15-16-36-0400__CAM_FRONT_RIGHT__1533151063920488.jpg", "samples/CAM_BACK_LEFT/n008-2018-08-01-15-16-36-0400__CAM_BACK_LEFT__1533151063947405.jpg", "samples/CAM_BACK/n008-2018-08-01-15-16-36-0400__CAM_BACK__1533151063938038.jpg", "samples/CAM_BACK_RIGHT/n008-2018-08-01-15-16-36-0400__CAM_BACK_RIGHT__1533151063928113.jpg"], "intrinsics": [[[1257.8625342125129, 0.0, 827.2410631095686], [0.0, 1257.8625342125129, 450.915498205774], [0.0, 0.0, 1.0]], [[1252.8131021185304, 0.0, 826.588114781398], [0.0, 1252.8131021185304, 469.9846626224581], [0.0, 0.0, 1.0]], [[1256.7485116440405, 0.0, 817.7887570959712], [0.0, 1256.7485116440403, 451.9541780095127], [0.0, 0.0, 1.0]], [[1254.9860565800168, 0.0, 829.5769333630991], [0.0, 1254.9860565800168, 467.1680561863987], [0.0, 0.0, 1.0]], [[796.8910634503094, 0.0, 857.7774326863696], [0.0, 796.8910634503094, 476.8848988407415], [0.0, 0.0, 1.0]], [[1249.9629280788233, 0.0, 825.3768045375984], [0.0, 1249.9629280788233, 462.54816385708756], [0.0, 0.0, 1.0]]], "extrinsics": [[[0.8225564360618591, -0.5685303211212158, -0.013196076266467571, -0.7379150390625], [4.553420876618475e-05, 0.02327045053243637, -0.9997292160987854, 1.4882221221923828], [0.5686835050582886, 0.8223331570625305, 0.01916714757680893, -1.153564453125], [0.0, 0.0, 0.0, 1.0]], [[0.010056720115244389, -0.9997576475143433, -0.01958332397043705, 0.0108642578125], [0.0015470588114112616, 0.01959984563291073, -0.9998067617416382, 1.4805221557617188], [0.9999483227729797, 0.0100244777277112, 0.0017437946517020464, -1.47021484375], [0.0, 0.0, 0.0, 1.0]], [[-0.8441564440727234, -0.5359201431274414, -0.013766254298388958, 0.919189453125], [0.00908193364739418, 0.01137897465378046, -0.9998940229415894, 1.4949073791503906], [0.536020040512085, -0.8441920280456543, -0.004738443996757269, -1.1661376953125], [0.0, 0.0, 0.0, 1.0]], [[0.9478259682655334, 0.3186962902545929, -0.007659831549972296, -1.1416015625], [-0.01729755848646164, 0.027421943843364716, -0.999474287033081, 1.5619945526123047], [-0.3183186650276184, 0.9474601745605469, 0.03150389716029167, -0.1571483612060547], [0.0, 0.0, 0.0, 1.0]], [[0.009392587468028069, 0.9997643828392029, 0.01956932432949543, -0.0289306640625], [-0.01476258598268032, 0.019706692546606064, -0.9996967911720276, 1.5669689178466797], [-0.9998469352722168, 0.009100843220949173, 0.01494420412927866, -0.028564453125], [0.0, 0.0, 0.0, 1.0]], [[-0.9236699342727661, 0.38310110569000244, 0.008199659176170826, 1.024169921875], [-0.010262721218168736, -0.0033416396472603083, -0.9999417662620544, 1.546304702758789], [-0.3830513656139374, -0.9237003922462463, 0.007018231321126223, -0.0987548828125], [0.0, 0.0, 0.0, 1.0]]], "view": [[0.0, -2.0, 100.0], [-2.0, 0.0, 100.0], [0.0, 0.0, 1.0]], "bev": "bev_8d966583bc7c4627a2437be13761529c.png", "aux": "aux_8d966583bc7c4627a2437be13761529c.npz", "visibility": "visibility_8d966583bc7c4627a2437be13761529c.png", "pose": [[-0.9996483325958252, 0.026518210768699646, 0.0, 2247.627197265625], [-0.026518210768699646, -0.9996483325958252, 0.0, 793.8025512695312], [0.0, 0.0, 1.0, 0.0], [0.0, 0.0, 0.0, 1.0]], "pose_inverse": [[-0.9996483325958252, -0.026518210768699646, 0.0, 2267.886962890625], [0.026518210768699646, -0.9996483325958252, 0.0, 733.9203491210938], [0.0, 0.0, 1.0, 0.0], [0.0, 0.0, 0.0, 1.0]], "cam_ids": [0, 1, 2, 3, 4, 5], "cam_channels": ["CAM_FRONT_LEFT", "CAM_FRONT", "CAM_FRONT_RIGHT", "CAM_BACK_LEFT", "CAM_BACK", "CAM_BACK_RIGHT"], "token": "8d966583bc7c4627a2437be13761529c", "scene": "scene-0092"}, {"images": ["samples/CAM_FRONT_LEFT/n008-2018-08-01-15-16-36-0400__CAM_FRONT_LEFT__1533151064354801.jpg", "samples/CAM_FRONT/n008-2018-08-01-15-16-36-0400__CAM_FRONT__1533151064362404.jpg", "samples/CAM_FRONT_RIGHT/n008-2018-08-01-15-16-36-0400__CAM_FRONT_RIGHT__1533151064370482.jpg", "samples/CAM_BACK_LEFT/n008-2018-08-01-15-16-36-0400__CAM_BACK_LEFT__1533151064397405.jpg", "samples/CAM_BACK/n008-2018-08-01-15-16-36-0400__CAM_BACK__1533151064387558.jpg", "samples/CAM_BACK_RIGHT/n008-2018-08-01-15-16-36-0400__CAM_BACK_RIGHT__1533151064378113.jpg"], "intrinsics": [[[1257.8625342125129, 0.0, 827.2410631095686], [0.0, 1257.8625342125129, 450.915498205774], [0.0, 0.0, 1.0]], [[1252.8131021185304, 0.0, 826.588114781398], [0.0, 1252.8131021185304, 469.9846626224581], [0.0, 0.0, 1.0]], [[1256.7485116440405, 0.0, 817.7887570959712], [0.0, 1256.7485116440403, 451.9541780095127], [0.0, 0.0, 1.0]], [[1254.9860565800168, 0.0, 829.5769333630991], [0.0, 1254.9860565800168, 467.1680561863987], [0.0, 0.0, 1.0]], [[796.8910634503094, 0.0, 857.7774326863696], [0.0, 796.8910634503094, 476.8848988407415], [0.0, 0.0, 1.0]], [[1249.9629280788233, 0.0, 825.3768045375984], [0.0, 1249.9629280788233, 462.54816385708756], [0.0, 0.0, 1.0]]], "extrinsics": [[[0.8225440382957458, -0.5685718059539795, 0.012139391154050827, -0.734619140625], [0.025051889941096306, 0.01490058097988367, -0.9995750784873962, 1.4964599609375], [0.5681493878364563, 0.822498619556427, 0.02650018222630024, -1.1494140625], [0.0, 0.0, 0.0, 1.0]], [[0.01058927457779646, -0.9998948574066162, -0.00990364421159029, 0.01007080078125], [0.026887280866503716, 0.010185337625443935, -0.9995865821838379, 1.4873886108398438], [0.9995824098587036, 0.010318612679839134, 0.026992307975888252, -1.465576171875], [0.0, 0.0, 0.0, 1.0]], [[-0.8434979915618896, -0.5363075733184814, -0.029753701761364937, 0.916015625], [0.03477702662348747, 0.0007483371300622821, -0.9993948340415955, 1.50030517578125], [0.5360051989555359, -0.8440223336219788, 0.018019963055849075, -1.16497802734375], [0.0, 0.0, 0.0, 1.0]], [[0.9477757215499878, 0.31867966055870056, 0.012825573794543743, -1.14013671875], [0.008957845158874989, 0.013599376194179058, -0.9998673796653748, 1.5620803833007812], [-0.3188118636608124, 0.9477648735046387, 0.010034476406872272, -0.1574249267578125], [0.0, 0.0, 0.0, 1.0]], [[0.008979140780866146, 0.999936044216156, 0.0068715703673660755, -0.02862548828125], [0.011363033205270767, 0.006769372150301933, -0.999912440776825, 1.5689506530761719], [-0.9998951554298401, 0.009056439623236656, -0.011301525868475437, -0.033447265625], [0.0, 0.0, 0.0, 1.0]], [[-0.9235714077949524, 0.3828900456428528, -0.02027263306081295, 1.0220947265625], [0.015687016770243645, -0.015095057897269726, -0.999763011932373, 1.5501785278320312], [-0.3831052780151367, -0.9236705303192139, 0.007934962399303913, -0.1002197265625], [0.0, 0.0, 0.0, 1.0]]], "view": [[0.0, -2.0, 100.0], [-2.0, 0.0, 100.0], [0.0, 0.0, 1.0]], "bev": "bev_2d30b6e4f3094fcca0fe91fb288a6a0f.png", "aux": "aux_2d30b6e4f3094fcca0fe91fb288a6a0f.npz", "visibility": "visibility_2d30b6e4f3094fcca0fe91fb288a6a0f.png", "pose": [[-0.9995525479316711, 0.029911592602729797, 0.0, 2244.252197265625], [-0.029911592602729797, -0.9995525479316711, 0.0, 793.7415161132812], [0.0, 0.0, 1.0, 0.0], [0.0, 0.0, 0.0, 1.0]], "pose_inverse": [[-0.9995525479316711, -0.029911592602729797, 0.0, 2266.989990234375], [0.029911592602729797, -0.9995525479316711, 0.0, 726.2572021484375], [0.0, 0.0, 1.0, 0.0], [0.0, 0.0, 0.0, 1.0]], "cam_ids": [0, 1, 2, 3, 4, 5], "cam_channels": ["CAM_FRONT_LEFT", "CAM_FRONT", "CAM_FRONT_RIGHT", "CAM_BACK_LEFT", "CAM_BACK", "CAM_BACK_RIGHT"], "token": "2d30b6e4f3094fcca0fe91fb288a6a0f", "scene": "scene-0092"}, {"images": ["samples/CAM_FRONT_LEFT/n008-2018-08-01-15-16-36-0400__CAM_FRONT_LEFT__1533151064854799.jpg", "samples/CAM_FRONT/n008-2018-08-01-15-16-36-0400__CAM_FRONT__1533151064862404.jpg", "samples/CAM_FRONT_RIGHT/n008-2018-08-01-15-16-36-0400__CAM_FRONT_RIGHT__1533151064870482.jpg", "samples/CAM_BACK_LEFT/n008-2018-08-01-15-16-36-0400__CAM_BACK_LEFT__1533151064897405.jpg", "samples/CAM_BACK/n008-2018-08-01-15-16-36-0400__CAM_BACK__1533151064887558.jpg", "samples/CAM_BACK_RIGHT/n008-2018-08-01-15-16-36-0400__CAM_BACK_RIGHT__1533151064878113.jpg"], "intrinsics": [[[1257.8625342125129, 0.0, 827.2410631095686], [0.0, 1257.8625342125129, 450.915498205774], [0.0, 0.0, 1.0]], [[1252.8131021185304, 0.0, 826.588114781398], [0.0, 1252.8131021185304, 469.9846626224581], [0.0, 0.0, 1.0]], [[1256.7485116440405, 0.0, 817.7887570959712], [0.0, 1256.7485116440403, 451.9541780095127], [0.0, 0.0, 1.0]], [[1254.9860565800168, 0.0, 829.5769333630991], [0.0, 1254.9860565800168, 467.1680561863987], [0.0, 0.0, 1.0]], [[796.8910634503094, 0.0, 857.7774326863696], [0.0, 796.8910634503094, 476.8848988407415], [0.0, 0.0, 1.0]], [[1249.9629280788233, 0.0, 825.3768045375984], [0.0, 1249.9629280788233, 462.54816385708756], [0.0, 0.0, 1.0]]], "extrinsics": [[[0.8225069046020508, -0.5687360763549805, 0.004654670599848032, -0.74072265625], [0.00610944302752614, 0.0006514033302664757, -0.9999811053276062, 1.4902420043945312], [0.5687223672866821, 0.8225197792053223, 0.004010443575680256, -1.1544189453125], [0.0, 0.0, 0.0, 1.0]], [[0.010243355296552181, -0.999940812587738, 0.0036472335923463106, 0.010498046875], [0.008137993514537811, -0.0035639412235468626, -0.9999605417251587, 1.482316017150879], [0.9999144077301025, 0.010272628627717495, 0.008101006038486958, -1.471435546875], [0.0, 0.0, 0.0, 1.0]], [[-0.843960165977478, -0.5363593101501465, -0.007061928976327181, 0.919677734375], [0.016228049993515015, -0.012371125631034374, -0.9997917413711548, 1.4964027404785156], [0.5361602902412415, -0.8438990712165833, 0.019144805148243904, -1.1666259765625], [0.0, 0.0, 0.0, 1.0]], [[0.9478764533996582, 0.318546861410141, -0.00762584712356329, -1.144775390625], [-0.008802642114460468, 0.0022548772394657135, -0.9999586939811707, 1.5620498657226562], [-0.3185165524482727, 0.9479043483734131, 0.004941399674862623, -0.15595245361328125], [0.0, 0.0, 0.0, 1.0]], [[0.00918580312281847, 0.9999445676803589, -0.005138039588928223, -0.0289306640625], [-0.006738903466612101, -0.005076234694570303, -0.9999644160270691, 1.5675640106201172], [-0.9999350905418396, 0.009220100939273834, 0.006691901013255119, -0.030029296875], [0.0, 0.0, 0.0, 1.0]], [[-0.9237565398216248, 0.38289499282836914, -0.008072901517152786, 1.0245361328125], [-0.0027019409462809563, -0.02759433351457119, -0.9996155500411987, 1.5474510192871094], [-0.38297057151794434, -0.9233796000480652, 0.02652500756084919, -0.0985107421875], [0.0, 0.0, 0.0, 1.0]]], "view": [[0.0, -2.0, 100.0], [-2.0, 0.0, 100.0], [0.0, 0.0, 1.0]], "bev": "bev_1525755f9f8948f1a2f056039971fd70.png", "aux": "aux_1525755f9f8948f1a2f056039971fd70.npz", "visibility": "visibility_1525755f9f8948f1a2f056039971fd70.png", "pose": [[-0.9995421767234802, 0.030255382880568504, 0.0, 2240.48828125], [-0.030255382880568504, -0.9995421767234802, 0.0, 793.6619262695312], [0.0, 0.0, 1.0, 0.0], [0.0, 0.0, 0.0, 1.0]], "pose_inverse": [[-0.9995421767234802, -0.030255382880568504, 0.0, 2263.47509765625], [0.030255382880568504, -0.9995421767234802, 0.0, 725.5117797851562], [0.0, 0.0, 1.0, 0.0], [0.0, 0.0, 0.0, 1.0]], "cam_ids": [0, 1, 2, 3, 4, 5], "cam_channels": ["CAM_FRONT_LEFT", "CAM_FRONT", "CAM_FRONT_RIGHT", "CAM_BACK_LEFT", "CAM_BACK", "CAM_BACK_RIGHT"], "token": "1525755f9f8948f1a2f056039971fd70", "scene": "scene-0092"}, {"images": ["samples/CAM_FRONT_LEFT/n008-2018-08-01-15-16-36-0400__CAM_FRONT_LEFT__1533151065404799.jpg", "samples/CAM_FRONT/n008-2018-08-01-15-16-36-0400__CAM_FRONT__1533151065412404.jpg", "samples/CAM_FRONT_RIGHT/n008-2018-08-01-15-16-36-0400__CAM_FRONT_RIGHT__1533151065420482.jpg", "samples/CAM_BACK_LEFT/n008-2018-08-01-15-16-36-0400__CAM_BACK_LEFT__1533151065447448.jpg", "samples/CAM_BACK/n008-2018-08-01-15-16-36-0400__CAM_BACK__1533151065437558.jpg", "samples/CAM_BACK_RIGHT/n008-2018-08-01-15-16-36-0400__CAM_BACK_RIGHT__1533151065428113.jpg"], "intrinsics": [[[1257.8625342125129, 0.0, 827.2410631095686], [0.0, 1257.8625342125129, 450.915498205774], [0.0, 0.0, 1.0]], [[1252.8131021185304, 0.0, 826.588114781398], [0.0, 1252.8131021185304, 469.9846626224581], [0.0, 0.0, 1.0]], [[1256.7485116440405, 0.0, 817.7887570959712], [0.0, 1256.7485116440403, 451.9541780095127], [0.0, 0.0, 1.0]], [[1254.9860565800168, 0.0, 829.5769333630991], [0.0, 1254.9860565800168, 467.1680561863987], [0.0, 0.0, 1.0]], [[796.8910634503094, 0.0, 857.7774326863696], [0.0, 796.8910634503094, 476.8848988407415], [0.0, 0.0, 1.0]], [[1249.9629280788233, 0.0, 825.3768045375984], [0.0, 1249.9629280788233, 462.54816385708756], [0.0, 0.0, 1.0]]], "extrinsics": [[[0.8225743174552917, -0.5685995221138, 0.008138027973473072, -0.7421875], [0.009166008792817593, -0.0010516331531107426, -0.9999574422836304, 1.4912071228027344], [0.5685839056968689, 0.8226138353347778, 0.004346740432083607, -1.15576171875], [0.0, 0.0, 0.0, 1.0]], [[0.010374591685831547, -0.9999319314956665, 0.005332614295184612, 0.010986328125], [0.011040152981877327, -0.005218035075813532, -0.999925434589386, 1.4830780029296875], [0.9998852610588074, 0.010432690382003784, 0.010985265485942364, -1.47216796875], [0.0, 0.0, 0.0, 1.0]], [[-0.8438975214958191, -0.5364367365837097, -0.008526216261088848, 0.921142578125], [0.018976157531142235, -0.013962657190859318, -0.999722421169281, 1.4969444274902344], [0.5361688733100891, -0.8438250422477722, 0.021962560713291168, -1.1669921875], [0.0, 0.0, 0.0, 1.0]], [[0.9478622674942017, 0.3186335861682892, -0.005462098401039839, -1.14404296875], [-0.006095696706324816, 0.0009913775138556957, -0.9999809265136719, 1.5620450973510742], [-0.31862205266952515, 0.9478774666786194, 0.002881983295083046, -0.15592193603515625], [0.0, 0.0, 0.0, 1.0]], [[0.009137872606515884, 0.9999374151229858, -0.0064536514692008495, -0.02899169921875], [-0.004123224411159754, -0.006416189018636942, -0.9999708533287048, 1.5677595138549805], [-0.9999497532844543, 0.009164215996861458, 0.0040643359534442425, -0.029541015625], [0.0, 0.0, 0.0, 1.0]], [[-0.9237497448921204, 0.3828367292881012, -0.011071030050516129, 1.026123046875], [-7.445353548973799e-05, -0.029085827991366386, -0.9995769262313843, 1.5478496551513672], [-0.38299673795700073, -0.9233580827713013, 0.026896527037024498, -0.09765625], [0.0, 0.0, 0.0, 1.0]]], "view": [[0.0, -2.0, 100.0], [-2.0, 0.0, 100.0], [0.0, 0.0, 1.0]], "bev": "bev_6b10154e2b3146ab85b43f3cfe053d6d.png", "aux": "aux_6b10154e2b3146ab85b43f3cfe053d6d.npz", "visibility": "visibility_6b10154e2b3146ab85b43f3cfe053d6d.png", "pose": [[-0.9994981288909912, 0.031678345054388046, 0.0, 2236.524658203125], [-0.031678345054388046, -0.9994981288909912, 0.0, 793.5656127929688], [0.0, 0.0, 1.0, 0.0], [0.0, 0.0, 0.0, 1.0]], "pose_inverse": [[-0.9994981288909912, -0.031678345054388046, 0.0, 2260.541015625], [0.031678345054388046, -0.9994981288909912, 0.0, 722.3179321289062], [0.0, 0.0, 1.0, 0.0], [0.0, 0.0, 0.0, 1.0]], "cam_ids": [0, 1, 2, 3, 4, 5], "cam_channels": ["CAM_FRONT_LEFT", "CAM_FRONT", "CAM_FRONT_RIGHT", "CAM_BACK_LEFT", "CAM_BACK", "CAM_BACK_RIGHT"], "token": "6b10154e2b3146ab85b43f3cfe053d6d", "scene": "scene-0092"}, {"images": ["samples/CAM_FRONT_LEFT/n008-2018-08-01-15-16-36-0400__CAM_FRONT_LEFT__1533151065904799.jpg", "samples/CAM_FRONT/n008-2018-08-01-15-16-36-0400__CAM_FRONT__1533151065912404.jpg", "samples/CAM_FRONT_RIGHT/n008-2018-08-01-15-16-36-0400__CAM_FRONT_RIGHT__1533151065920482.jpg", "samples/CAM_BACK_LEFT/n008-2018-08-01-15-16-36-0400__CAM_BACK_LEFT__1533151065947405.jpg", "samples/CAM_BACK/n008-2018-08-01-15-16-36-0400__CAM_BACK__1533151065937558.jpg", "samples/CAM_BACK_RIGHT/n008-2018-08-01-15-16-36-0400__CAM_BACK_RIGHT__1533151065928113.jpg"], "intrinsics": [[[1257.8625342125129, 0.0, 827.2410631095686], [0.0, 1257.8625342125129, 450.915498205774], [0.0, 0.0, 1.0]], [[1252.8131021185304, 0.0, 826.588114781398], [0.0, 1252.8131021185304, 469.9846626224581], [0.0, 0.0, 1.0]], [[1256.7485116440405, 0.0, 817.7887570959712], [0.0, 1256.7485116440403, 451.9541780095127], [0.0, 0.0, 1.0]], [[1254.9860565800168, 0.0, 829.5769333630991], [0.0, 1254.9860565800168, 467.1680561863987], [0.0, 0.0, 1.0]], [[796.8910634503094, 0.0, 857.7774326863696], [0.0, 796.8910634503094, 476.8848988407415], [0.0, 0.0, 1.0]], [[1249.9629280788233, 0.0, 825.3768045375984], [0.0, 1249.9629280788233, 462.54816385708756], [0.0, 0.0, 1.0]]], "extrinsics": [[[0.8224393129348755, -0.5686724185943604, 0.01432432048022747, -0.7408447265625], [0.014852955006062984, -0.0037050978280603886, -0.9998828172683716, 1.4930591583251953], [0.5686588883399963, 0.8225557208061218, 0.005399247631430626, -1.15283203125], [0.0, 0.0, 0.0, 1.0]], [[0.010202756151556969, -0.999915361404419, 0.00806653592735529, 0.0091552734375], [0.016785457730293274, -0.00789455696940422, -0.9998279809951782, 1.4845657348632812], [0.9998070001602173, 0.01033639907836914, 0.016703492030501366, -1.472900390625], [0.0, 0.0, 0.0, 1.0]], [[-0.843883216381073, -0.5363929867744446, -0.011980952695012093, 0.921142578125], [0.024782443419098854, -0.01666293479502201, -0.9995539784431458, 1.4980697631835938], [0.5359541177749634, -0.8438038229942322, 0.027354702353477478, -1.16888427734375], [0.0, 0.0, 0.0, 1.0]], [[0.9478579759597778, 0.3186908960342407, -0.0011633913964033127, -1.144287109375], [-0.0006237547495402396, -0.0017953404458239675, -0.999998152256012, 1.56204354763031], [-0.3186924159526825, 0.9478569030761719, -0.0015029433416202664, -0.15618515014648438], [0.0, 0.0, 0.0, 1.0]], [[0.009155964478850365, 0.9999161958694458, -0.009153524413704872, -0.0286865234375], [0.0015291320160031319, -0.009167895652353764, -0.9999567866325378, 1.568175196647644], [-0.9999569654464722, 0.009141570888459682, -0.0016129444120451808, -0.029296875], [0.0, 0.0, 0.0, 1.0]], [[-0.9236549735069275, 0.382826566696167, -0.017468973994255066, 1.0274658203125], [0.005731784272938967, -0.031778544187545776, -0.9994784593582153, 1.548659324645996], [-0.38318201899528503, -0.9232734441757202, 0.027158135548233986, -0.0982666015625], [0.0, 0.0, 0.0, 1.0]]], "view": [[0.0, -2.0, 100.0], [-2.0, 0.0, 100.0], [0.0, 0.0, 1.0]], "bev": "bev_1259283ec9f549d4b26c98ee76c654a6.png", "aux": "aux_1259283ec9f549d4b26c98ee76c654a6.npz", "visibility": "visibility_1259283ec9f549d4b26c98ee76c654a6.png", "pose": [[-0.9994639158248901, 0.03273869678378105, 0.0, 2232.71875], [-0.03273869678378105, -0.9994639158248901, 0.0, 793.4722290039062], [0.0, 0.0, 1.0, 0.0], [0.0, 0.0, 0.0, 1.0]], "pose_inverse": [[-0.9994639158248901, -0.03273869678378105, 0.0, 2257.4990234375], [0.03273869678378105, -0.9994639158248901, 0.0, 719.9505615234375], [0.0, 0.0, 1.0, 0.0], [0.0, 0.0, 0.0, 1.0]], "cam_ids": [0, 1, 2, 3, 4, 5], "cam_channels": ["CAM_FRONT_LEFT", "CAM_FRONT", "CAM_FRONT_RIGHT", "CAM_BACK_LEFT", "CAM_BACK", "CAM_BACK_RIGHT"], "token": "1259283ec9f549d4b26c98ee76c654a6", "scene": "scene-0092"}, {"images": ["samples/CAM_FRONT_LEFT/n008-2018-08-01-15-16-36-0400__CAM_FRONT_LEFT__1533151066404799.jpg", "samples/CAM_FRONT/n008-2018-08-01-15-16-36-0400__CAM_FRONT__1533151066412404.jpg", "samples/CAM_FRONT_RIGHT/n008-2018-08-01-15-16-36-0400__CAM_FRONT_RIGHT__1533151066420482.jpg", "samples/CAM_BACK_LEFT/n008-2018-08-01-15-16-36-0400__CAM_BACK_LEFT__1533151066447405.jpg", "samples/CAM_BACK/n008-2018-08-01-15-16-36-0400__CAM_BACK__1533151066437558.jpg", "samples/CAM_BACK_RIGHT/n008-2018-08-01-15-16-36-0400__CAM_BACK_RIGHT__1533151066428579.jpg"], "intrinsics": [[[1257.8625342125129, 0.0, 827.2410631095686], [0.0, 1257.8625342125129, 450.915498205774], [0.0, 0.0, 1.0]], [[1252.8131021185304, 0.0, 826.588114781398], [0.0, 1252.8131021185304, 469.9846626224581], [0.0, 0.0, 1.0]], [[1256.7485116440405, 0.0, 817.7887570959712], [0.0, 1256.7485116440403, 451.9541780095127], [0.0, 0.0, 1.0]], [[1254.9860565800168, 0.0, 829.5769333630991], [0.0, 1254.9860565800168, 467.1680561863987], [0.0, 0.0, 1.0]], [[796.8910634503094, 0.0, 857.7774326863696], [0.0, 796.8910634503094, 476.8848988407415], [0.0, 0.0, 1.0]], [[1249.9629280788233, 0.0, 825.3768045375984], [0.0, 1249.9629280788233, 462.54816385708756], [0.0, 0.0, 1.0]]], "extrinsics": [[[0.8225353360176086, -0.5685378909111023, 0.014150482602417469, -0.7591552734375], [0.014331040903925896, -0.004152965731918812, -0.9998887181282043, 1.492563247680664], [0.5685333609580994, 0.8226466178894043, 0.004731778986752033, -1.1671142578125], [0.0, 0.0, 0.0, 1.0]], [[0.010372184216976166, -0.9999110102653503, 0.00839429534971714, 0.0106201171875], [0.016310615465044975, -0.008224450051784515, -0.9998331665992737, 1.4841556549072266], [0.9998131394386292, 0.0105073731392622, 0.016223855316638947, -1.4912109375], [0.0, 0.0, 0.0, 1.0]], [[-0.8438168168067932, -0.5365078449249268, -0.011509066447615623, 0.933837890625], [0.02435780130326748, -0.01686742901802063, -0.9995609521865845, 1.4976654052734375], [0.5360782146453857, -0.8437267541885376, 0.02730117179453373, -1.1754150390625], [0.0, 0.0, 0.0, 1.0]], [[0.9478649497032166, 0.3186686635017395, -0.0015366629231721163, -1.145263671875], [-0.001107715885154903, -0.001527274725958705, -0.9999982118606567, 1.5620427131652832], [-0.31867048144340515, 0.9478649497032166, -0.0010946544352918863, -0.15557479858398438], [0.0, 0.0, 0.0, 1.0]], [[0.009115220978856087, 0.9999169707298279, -0.00911035854369402, -0.02899169921875], [0.001183134620077908, -0.009121513925492764, -0.999957