[{"images": ["samples/CAM_FRONT_LEFT/n008-2018-08-28-16-57-39-0400__CAM_FRONT_LEFT__1535489901754799.jpg", "samples/CAM_FRONT/n008-2018-08-28-16-57-39-0400__CAM_FRONT__1535489901762404.jpg", "samples/CAM_FRONT_RIGHT/n008-2018-08-28-16-57-39-0400__CAM_FRONT_RIGHT__1535489901770482.jpg", "samples/CAM_BACK_LEFT/n008-2018-08-28-16-57-39-0400__CAM_BACK_LEFT__1535489901797405.jpg", "samples/CAM_BACK/n008-2018-08-28-16-57-39-0400__CAM_BACK__1535489901787558.jpg", "samples/CAM_BACK_RIGHT/n008-2018-08-28-16-57-39-0400__CAM_BACK_RIGHT__1535489901778113.jpg"], "intrinsics": [[[1257.8625342125129, 0.0, 827.2410631095686], [0.0, 1257.8625342125129, 450.915498205774], [0.0, 0.0, 1.0]], [[1252.8131021185304, 0.0, 826.588114781398], [0.0, 1252.8131021185304, 469.9846626224581], [0.0, 0.0, 1.0]], [[1256.7485116440405, 0.0, 817.7887570959712], [0.0, 1256.7485116440403, 451.9541780095127], [0.0, 0.0, 1.0]], [[1254.9860565800168, 0.0, 829.5769333630991], [0.0, 1254.9860565800168, 467.1680561863987], [0.0, 0.0, 1.0]], [[796.8910634503094, 0.0, 857.7774326863696], [0.0, 796.8910634503094, 476.8848988407415], [0.0, 0.0, 1.0]], [[1249.9629280788233, 0.0, 825.3768045375984], [0.0, 1249.9629280788233, 462.54816385708756], [0.0, 0.0, 1.0]]], "extrinsics": [[[0.822584867477417, -0.568404495716095, 0.016449110582470894, -1.0050506591796875], [0.008195516653358936, -0.01707349717617035, -0.9998206496238708, 1.4882926940917969], [0.5685834288597107, 0.8225721120834351, -0.0093860337510705, -1.333251953125], [0.0, 0.0, 0.0, 1.0]], [[0.010340878739953041, -0.999719500541687, 0.021304741501808167, 0.0054931640625], [0.010155731812119484, -0.02119978331029415, -0.9997237324714661, 1.48016357421875], [0.999894917011261, 0.01055437233299017, 0.009933659806847572, -1.7347412109375], [0.0, 0.0, 0.0, 1.0]], [[-0.8439183235168457, -0.5364711284637451, 0.0006923341425135732, 1.0906982421875], [0.01818382740020752, -0.029894579201936722, -0.9993876218795776, 1.4930706024169922], [0.5361632704734802, -0.8433890342712402, 0.03498368710279465, -1.277496337890625], [0.0, 0.0, 0.0, 1.0]], [[0.947860836982727, 0.31847697496414185, -0.011503067798912525, -1.143798828125], [-0.007187328767031431, -0.01472300011664629, -0.9998657703399658, 1.5620460510253906], [-0.3186035454273224, 0.9478163123130798, -0.011666354723274708, -0.15594482421875], [0.0, 0.0, 0.0, 1.0]], [[0.009132743813097477, 0.9997099041938782, -0.022287776693701744, -0.02880859375], [-0.005047614220529795, -0.022242333739995956, -0.9997398257255554, 1.5680656433105469], [-0.9999456405639648, 0.009242864325642586, 0.004843016620725393, 0.044189453125], [0.0, 0.0, 0.0, 1.0]], [[-0.923754870891571, 0.3826318085193634, -0.016419878229498863, 1.16070556640625], [-0.0008639448788017035, -0.04495534673333168, -0.9989886283874512, 1.5478096008300781], [-0.3829829692840576, -0.9228065609931946, 0.04185829684138298, -0.0438232421875], [0.0, 0.0, 0.0, 1.0]]], "view": [[0.0, -2.0, 100.0], [-2.0, 0.0, 100.0], [0.0, 0.0, 1.0]], "bev": "bev_1252b78b7ca74e64b3fae0c8246daeed.png", "aux": "aux_1252b78b7ca74e64b3fae0c8246daeed.npz", "visibility": "visibility_1252b78b7ca74e64b3fae0c8246daeed.png", "pose": [[0.9929126501083374, -0.11884630471467972, 0.0, 1004.3232421875], [0.11884630471467972, 0.9929126501083374, 0.0, 1377.5877685546875], [0.0, 0.0, 1.0, 0.0], [0.0, 0.0, 0.0, 1.0]], "pose_inverse": [[0.9929126501083374, 0.11884630471467972, 0.0, -1160.926513671875], [-0.11884630471467972, 0.9929126501083374, 0.0, -1248.4642333984375], [0.0, 0.0, 1.0, 0.0], [0.0, 0.0, 0.0, 1.0]], "cam_ids": [0, 1, 2, 3, 4, 5], "cam_channels": ["CAM_FRONT_LEFT", "CAM_FRONT", "CAM_FRONT_RIGHT", "CAM_BACK_LEFT", "CAM_BACK", "CAM_BACK_RIGHT"], "token": "1252b78b7ca74e64b3fae0c8246daeed", "scene": "scene-0514"}, {"images": ["samples/CAM_FRONT_LEFT/n008-2018-08-28-16-57-39-0400__CAM_FRONT_LEFT__1535489902254799.jpg", "samples/CAM_FRONT/n008-2018-08-28-16-57-39-0400__CAM_FRONT__1535489902262404.jpg", "samples/CAM_FRONT_RIGHT/n008-2018-08-28-16-57-39-0400__CAM_FRONT_RIGHT__1535489902270482.jpg", "samples/CAM_BACK_LEFT/n008-2018-08-28-16-57-39-0400__CAM_BACK_LEFT__1535489902297405.jpg", "samples/CAM_BACK/n008-2018-08-28-16-57-39-0400__CAM_BACK__1535489902287558.jpg", "samples/CAM_BACK_RIGHT/n008-2018-08-28-16-57-39-0400__CAM_BACK_RIGHT__1535489902278113.jpg"], "intrinsics": [[[1257.8625342125129, 0.0, 827.2410631095686], [0.0, 1257.8625342125129, 450.915498205774], [0.0, 0.0, 1.0]], [[1252.8131021185304, 0.0, 826.588114781398], [0.0, 1252.8131021185304, 469.9846626224581], [0.0, 0.0, 1.0]], [[1256.7485116440405, 0.0, 817.7887570959712], [0.0, 1256.7485116440403, 451.9541780095127], [0.0, 0.0, 1.0]], [[1254.9860565800168, 0.0, 829.5769333630991], [0.0, 1254.9860565800168, 467.1680561863987], [0.0, 0.0, 1.0]], [[796.8910634503094, 0.0, 857.7774326863696], [0.0, 796.8910634503094, 476.8848988407415], [0.0, 0.0, 1.0]], [[1249.9629280788233, 0.0, 825.3768045375984], [0.0, 1249.9629280788233, 462.54816385708756], [0.0, 0.0, 1.0]]], "extrinsics": [[[0.8225920796394348, -0.5683963298797607, 0.016367653384804726, -1.0050506591796875], [0.008021415211260319, -0.017182301729917526, -0.9998201727867126, 1.4882965087890625], [0.568575382232666, 0.8225755095481873, -0.009574683383107185, -1.3333740234375], [0.0, 0.0, 0.0, 1.0]], [[0.010351340286433697, -0.9997173547744751, 0.02140200510621071, 0.00537109375], [0.009973918087780476, -0.021298862993717194, -0.9997234344482422, 1.4801645278930664], [0.9998967051506042, 0.010561930015683174, 0.009750627912580967, -1.7347412109375], [0.0, 0.0, 0.0, 1.0]], [[-0.8439157605171204, -0.5364750623703003, 0.0008986859465949237, 1.0904541015625], [0.01799747534096241, -0.02998553030192852, -0.9993882775306702, 1.4930744171142578], [0.5361738204956055, -0.8433833122253418, 0.03496045619249344, -1.27752685546875], [0.0, 0.0, 0.0, 1.0]], [[0.9478602409362793, 0.3184717297554016, -0.011691125109791756, -1.143798828125], [-0.007359720766544342, -0.014800500124692917, -0.99986332654953, 1.5620460510253906], [-0.3186013102531433, 0.9478168487548828, -0.011684943921864033, -0.15606689453125], [0.0, 0.0, 0.0, 1.0]], [[0.009129959158599377, 0.9997077584266663, -0.022384217008948326, -0.02880859375], [-0.005248313769698143, -0.02233693189918995, -0.9997366666793823, 1.5680656433105469], [-0.9999445080757141, 0.009245014749467373, 0.005042844917625189, 0.04443359375], [0.0, 0.0, 0.0, 1.0]], [[-0.923758864402771, 0.38262853026390076, -0.016275914385914803, 1.16064453125], [-0.0010578067740425467, -0.04504770785570145, -0.9989842772483826, 1.5478096008300781], [-0.3829730749130249, -0.9228033423423767, 0.042017970234155655, -0.043701171875], [0.0, 0.0, 0.0, 1.0]]], "view": [[0.0, -2.0, 100.0], [-2.0, 0.0, 100.0], [0.0, 0.0, 1.0]], "bev": "bev_dbb7303b179c41be824fa2b2b1f79954.png", "aux": "aux_dbb7303b179c41be824fa2b2b1f79954.npz", "visibility": "visibility_dbb7303b179c41be824fa2b2b1f79954.png", "pose": [[0.9929101467132568, -0.11886721849441528, 0.0, 1004.3231811523438], [0.11886721849441528, 0.9929101467132568, 0.0, 1377.5877685546875], [0.0, 0.0, 1.0, 0.0], [0.0, 0.0, 0.0, 1.0]], "pose_inverse": [[0.9929101467132568, 0.11886721849441528, 0.0, -1160.9527587890625], [-0.11886721849441528, 0.9929101467132568, 0.0, -1248.4398193359375], [0.0, 0.0, 1.0, 0.0], [0.0, 0.0, 0.0, 1.0]], "cam_ids": [0, 1, 2, 3, 4, 5], "cam_channels": ["CAM_FRONT_LEFT", "CAM_FRONT", "CAM_FRONT_RIGHT", "CAM_BACK_LEFT", "CAM_BACK", "CAM_BACK_RIGHT"], "token": "dbb7303b179c41be824fa2b2b1f79954", "scene": "scene-0514"}, {"images": ["samples/CAM_FRONT_LEFT/n008-2018-08-28-16-57-39-0400__CAM_FRONT_LEFT__1535489902754799.jpg", "samples/CAM_FRONT/n008-2018-08-28-16-57-39-0400__CAM_FRONT__1535489902762404.jpg", "samples/CAM_FRONT_RIGHT/n008-2018-08-28-16-57-39-0400__CAM_FRONT_RIGHT__1535489902770482.jpg", "samples/CAM_BACK_LEFT/n008-2018-08-28-16-57-39-0400__CAM_BACK_LEFT__1535489902797405.jpg", "samples/CAM_BACK/n008-2018-08-28-16-57-39-0400__CAM_BACK__1535489902787558.jpg", "samples/CAM_BACK_RIGHT/n008-2018-08-28-16-57-39-0400__CAM_BACK_RIGHT__1535489902778113.jpg"], "intrinsics": [[[1257.8625342125129, 0.0, 827.2410631095686], [0.0, 1257.8625342125129, 450.915498205774], [0.0, 0.0, 1.0]], [[1252.8131021185304, 0.0, 826.588114781398], [0.0, 1252.8131021185304, 469.9846626224581], [0.0, 0.0, 1.0]], [[1256.7485116440405, 0.0, 817.7887570959712], [0.0, 1256.7485116440403, 451.9541780095127], [0.0, 0.0, 1.0]], [[1254.9860565800168, 0.0, 829.5769333630991], [0.0, 1254.9860565800168, 467.1680561863987], [0.0, 0.0, 1.0]], [[796.8910634503094, 0.0, 857.7774326863696], [0.0, 796.8910634503094, 476.8848988407415], [0.0, 0.0, 1.0]], [[1249.9629280788233, 0.0, 825.3768045375984], [0.0, 1249.9629280788233, 462.54816385708756], [0.0, 0.0, 1.0]]], "extrinsics": [[[0.8225867748260498, -0.568400502204895, 0.01648845709860325, -1.00506591796875], [0.008068258874118328, -0.017326870933175087, -0.9998173117637634, 1.4882936477661133], [0.5685823559761047, 0.8225696086883545, -0.00966685451567173, -1.3333740234375], [0.0, 0.0, 0.0, 1.0]], [[0.01034342497587204, -0.9997143149375916, 0.021546347066760063, 0.00537109375], [0.010021555237472057, -0.021442780271172523, -0.9997198581695557, 1.4801607131958008], [0.9998962879180908, 0.010556463152170181, 0.009796901606023312, -1.7347412109375], [0.0, 0.0, 0.0, 1.0]], [[-0.8439188003540039, -0.5364701151847839, 0.000940554600674659, 1.090576171875], [0.018039697781205177, -0.03013031743466854, -0.9993831515312195, 1.493072509765625], [0.5361675024032593, -0.8433813452720642, 0.035105299204587936, -1.277679443359375], [0.0, 0.0, 0.0, 1.0]], [[0.9478601217269897, 0.31846943497657776, -0.011769404634833336, -1.14404296875], [-0.007386170793324709, -0.014967551454901695, -0.9998607039451599, 1.5620479583740234], [-0.31860125064849854, 0.94781494140625, -0.011834878474473953, -0.1561279296875], [0.0, 0.0, 0.0, 1.0]], [[0.009132197126746178, 0.9997044205665588, -0.022530969232320786, -0.0289306640625], [-0.005242095794528723, -0.022483736276626587, -0.9997334480285645, 1.5680618286132812], [-0.9999446272850037, 0.009247883222997189, 0.0050352211110293865, 0.044189453125], [0.0, 0.0, 0.0, 1.0]], [[-0.9237567186355591, 0.38263002038002014, -0.016364810988307, 1.16058349609375], [-0.0010221314150840044, -0.045193225145339966, -0.9989777207374573, 1.5478096008300781], [-0.3829784095287323, -0.9227957129478455, 0.04213864356279373, -0.043701171875], [0.0, 0.0, 0.0, 1.0]]], "view": [[0.0, -2.0, 100.0], [-2.0, 0.0, 100.0], [0.0, 0.0, 1.0]], "bev": "bev_5a41756a75164875b5c8ee564ed979de.png", "aux": "aux_5a41756a75164875b5c8ee564ed979de.npz", "visibility": "visibility_5a41756a75164875b5c8ee564ed979de.png", "pose": [[0.9929088950157166, -0.11887801438570023, 0.0, 1004.3231811523438], [0.11887801438570023, 0.9929088950157166, 0.0, 1377.5877685546875], [0.0, 0.0, 1.0, 0.0], [0.0, 0.0, 0.0, 1.0]], "pose_inverse": [[0.9929088950157166, 0.11887801438570023, 0.0, -1160.96630859375], [-0.11887801438570023, 0.9929088950157166, 0.0, -1248.4271240234375], [0.0, 0.0, 1.0, 0.0], [0.0, 0.0, 0.0, 1.0]], "cam_ids": [0, 1, 2, 3, 4, 5], "cam_channels": ["CAM_FRONT_LEFT", "CAM_FRONT", "CAM_FRONT_RIGHT", "CAM_BACK_LEFT", "CAM_BACK", "CAM_BACK_RIGHT"], "token": "5a41756a75164875b5c8ee564ed979de", "scene": "scene-0514"}, {"images": ["samples/CAM_FRONT_LEFT/n008-2018-08-28-16-57-39-0400__CAM_FRONT_LEFT__1535489903254799.jpg", "samples/CAM_FRONT/n008-2018-08-28-16-57-39-0400__CAM_FRONT__1535489903262404.jpg", "samples/CAM_FRONT_RIGHT/n008-2018-08-28-16-57-39-0400__CAM_FRONT_RIGHT__1535489903270482.jpg", "samples/CAM_BACK_LEFT/n008-2018-08-28-16-57-39-0400__CAM_BACK_LEFT__1535489903297405.jpg", "samples/CAM_BACK/n008-2018-08-28-16-57-39-0400__CAM_BACK__1535489903287558.jpg", "samples/CAM_BACK_RIGHT/n008-2018-08-28-16-57-39-0400__CAM_BACK_RIGHT__1535489903278113.jpg"], "intrinsics": [[[1257.8625342125129, 0.0, 827.2410631095686], [0.0, 1257.8625342125129, 450.915498205774], [0.0, 0.0, 1.0]], [[1252.8131021185304, 0.0, 826.588114781398], [0.0, 1252.8131021185304, 469.9846626224581], [0.0, 0.0, 1.0]], [[1256.7485116440405, 0.0, 817.7887570959712], [0.0, 1256.7485116440403, 451.9541780095127], [0.0, 0.0, 1.0]], [[1254.9860565800168, 0.0, 829.5769333630991], [0.0, 1254.9860565800168, 467.1680561863987], [0.0, 0.0, 1.0]], [[796.8910634503094, 0.0, 857.7774326863696], [0.0, 796.8910634503094, 476.8848988407415], [0.0, 0.0, 1.0]], [[1249.9629280788233, 0.0, 825.3768045375984], [0.0, 1249.9629280788233, 462.54816385708756], [0.0, 0.0, 1.0]]], "extrinsics": [[[0.8225857615470886, -0.5684040188789368, 0.016420427709817886, -1.0051422119140625], [0.00792228989303112, -0.01741834543645382, -0.99981689453125, 1.4882926940917969], [0.5685859322547913, 0.8225651979446411, -0.009825022891163826, -1.333251953125], [0.0, 0.0, 0.0, 1.0]], [[0.010339471511542797, -0.9997124075889587, 0.021637320518493652, 0.0054931640625], [0.009887998923659325, -0.021535200998187065, -0.9997192025184631, 1.4801654815673828], [0.9998977184295654, 0.010550507344305515, 0.009662492200732231, -1.734619140625], [0.0, 0.0, 0.0, 1.0]], [[-0.8439222574234009, -0.5364643931388855, 0.0010925405658781528, 1.0906982421875], [0.017917416989803314, -0.030221523717045784, -0.9993826150894165, 1.4930706024169922], [0.5361661911010742, -0.8433817028999329, 0.03511667251586914, -1.2777099609375], [0.0, 0.0, 0.0, 1.0]], [[0.9478602409362793, 0.31846484541893005, -0.01187924575060606, -1.1439208984375], [-0.0074624973349273205, -0.015085368417203426, -0.9998583793640137, 1.5620403289794922], [-0.31859901547431946, 0.9478146433830261, -0.011922275647521019, -0.1561279296875], [0.0, 0.0, 0.0, 1.0]], [[0.009133477695286274, 0.999701738357544, -0.02264842577278614, -0.0289306640625], [-0.005351984407752752, -0.02260017581284046, -0.9997302293777466, 1.5680618286132812], [-0.9999440312385559, 0.009252237156033516, 0.005143969785422087, 0.044189453125], [0.0, 0.0, 0.0, 1.0]], [[-0.9237566590309143, 0.38263338804244995, -0.0162876658141613, 1.16070556640625], [-0.00114301813300699, -0.04528307914733887, -0.998973548412323, 1.5478096008300781], [-0.3829781711101532, -0.9227898120880127, 0.04226790368556976, -0.0435791015625], [0.0, 0.0, 0.0, 1.0]]], "view": [[0.0, -2.0, 100.0], [-2.0, 0.0, 100.0], [0.0, 0.0, 1.0]], "bev": "bev_c7b9ad94bac2424db75bbb3f55cb8eb7.png", "aux": "aux_c7b9ad94bac2424db75bbb3f55cb8eb7.npz", "visibility": "visibility_c7b9ad94bac2424db75bbb3f55cb8eb7.png", "pose": [[0.9929050207138062, -0.11891008913516998, 0.0, 1004.3232421875], [0.11891008913516998, 0.9929050207138062, 0.0, 1377.5877685546875], [0.0, 0.0, 1.0, 0.0], [0.0, 0.0, 0.0, 1.0]], "pose_inverse": [[0.9929050207138062, 0.11891008913516998, 0.0, -1161.0067138671875], [-0.11891008913516998, 0.9929050207138062, 0.0, -1248.3896484375], [0.0, 0.0, 1.0, 0.0], [0.0, 0.0, 0.0, 1.0]], "cam_ids": [0, 1, 2, 3, 4, 5], "cam_channels": ["CAM_FRONT_LEFT", "CAM_FRONT", "CAM_FRONT_RIGHT", "CAM_BACK_LEFT", "CAM_BACK", "CAM_BACK_RIGHT"], "token": "c7b9ad94bac2424db75bbb3f55cb8eb7", "scene": "scene-0514"}, {"images": ["samples/CAM_FRONT_LEFT/n008-2018-08-28-16-57-39-0400__CAM_FRONT_LEFT__1535489903754799.jpg", "samples/CAM_FRONT/n008-2018-08-28-16-57-39-0400__CAM_FRONT__1535489903762404.jpg", "samples/CAM_FRONT_RIGHT/n008-2018-08-28-16-57-39-0400__CAM_FRONT_RIGHT__1535489903770482.jpg", "samples/CAM_BACK_LEFT/n008-2018-08-28-16-57-39-0400__CAM_BACK_LEFT__1535489903797405.jpg", "samples/CAM_BACK/n008-2018-08-28-16-57-39-0400__CAM_BACK__1535489903787558.jpg", "samples/CAM_BACK_RIGHT/n008-2018-08-28-16-57-39-0400__CAM_BACK_RIGHT__1535489903778113.jpg"], "intrinsics": [[[1257.8625342125129, 0.0, 827.2410631095686], [0.0, 1257.8625342125129, 450.915498205774], [0.0, 0.0, 1.0]], [[1252.8131021185304, 0.0, 826.588114781398], [0.0, 1252.8131021185304, 469.9846626224581], [0.0, 0.0, 1.0]], [[1256.7485116440405, 0.0, 817.7887570959712], [0.0, 1256.7485116440403, 451.9541780095127], [0.0, 0.0, 1.0]], [[1254.9860565800168, 0.0, 829.5769333630991], [0.0, 1254.9860565800168, 467.1680561863987], [0.0, 0.0, 1.0]], [[796.8910634503094, 0.0, 857.7774326863696], [0.0, 796.8910634503094, 476.8848988407415], [0.0, 0.0, 1.0]], [[1249.9629280788233, 0.0, 825.3768045375984], [0.0, 1249.9629280788233, 462.54816385708756], [0.0, 0.0, 1.0]]], "extrinsics": [[[0.8225797414779663, -0.5684115886688232, 0.016454534605145454, -1.00506591796875], [0.007828745990991592, -0.01761348359286785, -0.9998142123222351, 1.488295555114746], [0.568595826625824, 0.8225557804107666, -0.010038546286523342, -1.333251953125], [0.0, 0.0, 0.0, 1.0]], [[0.010327022522687912, -0.9997081160545349, 0.021841278299689293, 0.00537109375], [0.009781780652701855, -0.021740399301052094, -0.9997158050537109, 1.4801654815673828], [0.9998987913131714, 0.010537720285356045, 0.00955441314727068, -1.73486328125], [0.0, 0.0, 0.0, 1.0]], [[-0.8439297676086426, -0.536452054977417, 0.0013065524399280548, 1.0906982421875], [0.01780017279088497, -0.030436715111136436, -0.9993781447410583, 1.4930706024169922], [0.5361581444740295, -0.8433818221092224, 0.035235390067100525, -1.277618408203125], [0.0, 0.0, 0.0, 1.0]], [[0.9478592872619629, 0.3184617757797241, -0.012035229243338108, -1.143798828125], [-0.0075669120997190475, -0.01526436023414135, -0.9998548626899719, 1.5620384216308594], [-0.31859928369522095, 0.9478127360343933, -0.012058692052960396, -0.1561279296875], [0.0, 0.0, 0.0, 1.0]], [[0.009137800894677639, 0.9996971487998962, -0.022849934175610542, -0.0286865234375], [-0.00546095659956336, -0.022800656035542488, -0.9997251033782959, 1.5680580139160156], [-0.9999433159828186, 0.009260076098144054, 0.005250954534858465, 0.044189453125], [0.0, 0.0, 0.0, 1.0]], [[-0.9237543344497681, 0.3826400339603424, -0.016264554113149643, 1.16064453125], [-0.001259318902157247, -0.04550229012966156, -0.998963475227356, 1.5478134155273438], [-0.3829834461212158, -0.9227762818336487, 0.042514801025390625, -0.0435791015625], [0.0, 0.0, 0.0, 1.0]]], "view": [[0.0, -2.0, 100.0], [-2.0, 0.0, 100.0], [0.0, 0.0, 1.0]], "bev": "bev_7399d4c183d04e29bc528f30d70df4ba.png", "aux": "aux_7399d4c183d04e29bc528f30d70df4ba.npz", "visibility": "visibility_7399d4c183d04e29bc528f30d70df4ba.png", "pose": [[0.9929089546203613, -0.11887705326080322, 0.0, 1004.3231811523438], [0.11887705326080322, 0.9929089546203613, 0.0, 1377.5877685546875], [0.0, 0.0, 1.0, 0.0], [0.0, 0.0, 0.0, 1.0]], "pose_inverse": [[0.9929089546203613, 0.11887705326080322, 0.0, -1160.965087890625], [-0.11887705326080322, 0.9929089546203613, 0.0, -1248.4283447265625], [0.0, 0.0, 1.0, 0.0], [0.0, 0.0, 0.0, 1.0]], "cam_ids": [0, 1, 2, 3, 4, 5], "cam_channels": ["CAM_FRONT_LEFT", "CAM_FRONT", "CAM_FRONT_RIGHT", "CAM_BACK_LEFT", "CAM_BACK", "CAM_BACK_RIGHT"], "token": "7399d4c183d04e29bc528f30d70df4ba", "scene": "scene-0514"}, {"images": ["samples/CAM_FRONT_LEFT/n008-2018-08-28-16-57-39-0400__CAM_FRONT_LEFT__1535489904254799.jpg", "samples/CAM_FRONT/n008-2018-08-28-16-57-39-0400__CAM_FRONT__1535489904262404.jpg", "samples/CAM_FRONT_RIGHT/n008-2018-08-28-16-57-39-0400__CAM_FRONT_RIGHT__1535489904270482.jpg", "samples/CAM_BACK_LEFT/n008-2018-08-28-16-57-39-0400__CAM_BACK_LEFT__1535489904297405.jpg", "samples/CAM_BACK/n008-2018-08-28-16-57-39-0400__CAM_BACK__1535489904287558.jpg", "samples/CAM_BACK_RIGHT/n008-2018-08-28-16-57-39-0400__CAM_BACK_RIGHT__1535489904278113.jpg"], "intrinsics": [[[1257.8625342125129, 0.0, 827.2410631095686], [0.0, 1257.8625342125129, 450.915498205774], [0.0, 0.0, 1.0]], [[1252.8131021185304, 0.0, 826.588114781398], [0.0, 1252.8131021185304, 469.9846626224581], [0.0, 0.0, 1.0]], [[1256.7485116440405, 0.0, 817.7887570959712], [0.0, 1256.7485116440403, 451.9541780095127], [0.0, 0.0, 1.0]], [[1254.9860565800168, 0.0, 829.5769333630991], [0.0, 1254.9860565800168, 467.1680561863987], [0.0, 0.0, 1.0]], [[796.8910634503094, 0.0, 857.7774326863696], [0.0, 796.8910634503094, 476.8848988407415], [0.0, 0.0, 1.0]], [[1249.9629280788233, 0.0, 825.3768045375984], [0.0, 1249.9629280788233, 462.54816385708756], [0.0, 0.0, 1.0]]], "extrinsics": [[[0.8225892186164856, -0.5684009790420532, 0.016350174322724342, -1.00494384765625], [0.007797393947839737, -0.017475562170147896, -0.99981689453125, 1.4882946014404297], [0.5685826539993286, 0.8225661516189575, -0.009943163022398949, -1.3331298828125], [0.0, 0.0, 0.0, 1.0]], [[0.010342803783714771, -0.9997110366821289, 0.02169634774327278, 0.00537109375], [0.009751535020768642, -0.021595634520053864, -0.9997192621231079, 1.4801645278930664], [0.9998989701271057, 0.010551474057137966, 0.009525357745587826, -1.7347412109375], [0.0, 0.0, 0.0, 1.0]], [[-0.8439227938652039, -0.5364631414413452, 0.0012495553819462657, 1.0904541015625], [0.017774691805243492, -0.03028959222137928, -0.9993830919265747, 1.4930744171142578], [0.5361700654029846, -0.8433800339698792, 0.035097550600767136, -1.277618408203125], [0.0, 0.0, 0.0, 1.0]], [[0.9478607177734375, 0.31845706701278687, -0.012043368071317673, -1.14404296875], [-0.007614539470523596, -0.015148397535085678, -0.9998562335968018, 1.5620479583740234], [-0.3185937702655792, 0.9478162527084351, -0.011933666653931141, -0.156005859375], [0.0, 0.0, 0.0, 1.0]], [[0.009134309366345406, 0.9997001886367798, -0.022718943655490875, -0.02880859375], [-0.0054760402999818325, -0.022669540718197823, -0.9997279644012451, 1.5680618286132812], [-0.9999433159828186, 0.00925624743103981, 0.005267327185720205, 0.0443115234375], [0.0, 0.0, 0.0, 1.0]], [[-0.9237579703330994, 0.3826344311237335, -0.016187144443392754, 1.1607666015625], [-0.0012816066155210137, -0.04535495489835739, -0.998970091342926, 1.5478172302246094], [-0.3829744756221771, -0.9227858781814575, 0.04238738864660263, -0.0435791015625], [0.0, 0.0, 0.0, 1.0]]], "view": [[0.0, -2.0, 100.0], [-2.0, 0.0, 100.0], [0.0, 0.0, 1.0]], "bev": "bev_9b409d8c9e544012926be2aebdde1ecc.png", "aux": "aux_9b409d8c9e544012926be2aebdde1ecc.npz", "visibility": "visibility_9b409d8c9e544012926be2aebdde1ecc.png", "pose": [[0.9928992390632629, -0.11895829439163208, 0.0, 1004.3233642578125], [0.11895829439163208, 0.9928992390632629, 0.0, 1377.5877685546875], [0.0, 0.0, 1.0, 0.0], [0.0, 0.0, 0.0, 1.0]], "pose_inverse": [[0.9928992390632629, 0.11895829439163208, 0.0, -1161.0673828125], [-0.11895829439163208, 0.9928992390632629, 0.0, -1248.333251953125], [0.0, 0.0, 1.0, 0.0], [0.0, 0.0, 0.0, 1.0]], "cam_ids": [0, 1, 2, 3, 4, 5], "cam_channels": ["CAM_FRONT_LEFT", "CAM_FRONT", "CAM_FRONT_RIGHT", "CAM_BACK_LEFT", "CAM_BACK", "CAM_BACK_RIGHT"], "token": "9b409d8c9e544012926be2aebdde1ecc", "scene": "scene-0514"}, {"images": ["samples/CAM_FRONT_LEFT/n008-2018-08-28-16-57-39-0400__CAM_FRONT_LEFT__1535489904754799.jpg", "samples/CAM_FRONT/n008-2018-08-28-16-57-39-0400__CAM_FRONT__1535489904762404.jpg", "samples/CAM_FRONT_RIGHT/n008-2018-08-28-16-57-39-0400__CAM_FRONT_RIGHT__1535489904770482.jpg", "samples/CAM_BACK_LEFT/n008-2018-08-28-16-57-39-0400__CAM_BACK_LEFT__1535489904797405.jpg", "samples/CAM_BACK/n008-2018-08-28-16-57-39-0400__CAM_BACK__1535489904787558.jpg", "samples/CAM_BACK_RIGHT/n008-2018-08-28-16-57-39-0400__CAM_BACK_RIGHT__1535489904778113.jpg"], "intrinsics": [[[1257.8625342125129, 0.0, 827.2410631095686], [0.0, 1257.8625342125129, 450.915498205774], [0.0, 0.0, 1.0]], [[1252.8131021185304, 0.0, 826.588114781398], [0.0, 1252.8131021185304, 469.9846626224581], [0.0, 0.0, 1.0]], [[1256.7485116440405, 0.0, 817.7887570959712], [0.0, 1256.7485116440403, 451.9541780095127], [0.0, 0.0, 1.0]], [[1254.9860565800168, 0.0, 829.5769333630991], [0.0, 1254.9860565800168, 467.1680561863987], [0.0, 0.0, 1.0]], [[796.8910634503094, 0.0, 857.7774326863696], [0.0, 796.8910634503094, 476.8848988407415], [0.0, 0.0, 1.0]], [[1249.9629280788233, 0.0, 825.3768045375984], [0.0, 1249.9629280788233, 462.54816385708756], [0.0, 0.0, 1.0]]], "extrinsics": [[[0.82259202003479, -0.5683985352516174, 0.01629384234547615, -1.0049591064453125], [0.007638649549335241, -0.017606215551495552, -0.999815821647644, 1.4882936477661133], [0.5685807466506958, 0.8225648999214172, -0.010140934959053993, -1.3336181640625], [0.0, 0.0, 0.0, 1.0]], [[0.010347436182200909, -0.9997081756591797, 0.02182672917842865, 0.00537109375], [0.009602389298379421, -0.0217275507748127, -0.9997178316116333, 1.4801673889160156], [0.9999004006385803, 0.010554103180766106, 0.009374762885272503, -1.734619140625], [0.0, 0.0, 0.0, 1.0]], [[-0.843921959400177, -0.5364640951156616, 0.0014350692508742213, 1.0904541015625], [0.017636826261878014, -0.03041822835803032, -0.9993816018104553, 1.4930686950683594], [0.5361759662628174, -0.8433747887611389, 0.03513213247060776, -1.277618408203125], [0.0, 0.0, 0.0, 1.0]], [[0.9478592872619629, 0.3184552490711212, -0.012211673893034458, -1.1436767578125], [-0.007745328824967146, -0.015287545509636402, -0.9998531341552734, 1.5620460510253906], [-0.31859520077705383, 0.9478145837783813, -0.01202390156686306, -0.156005859375], [0.0, 0.0, 0.0, 1.0]], [[0.0091329300776124, 0.9996973276138306, -0.022846853360533714, -0.02880859375], [-0.0056211031042039394, -0.02279611863195896, -0.9997243285179138, 1.5680618286132812], [-0.9999425411224365, 0.009258837439119816, 0.005411206278949976, 0.0443115234375], [0.0, 0.0, 0.0, 1.0]], [[-0.923759937286377, 0.3826325237751007, -0.016114410012960434, 1.1607666015625], [-0.0014130847994238138, -0.045482464134693146, -0.9989641308784485, 1.5478057861328125], [-0.38296905159950256, -0.9227803945541382, 0.04255557432770729, -0.043701171875], [0.0, 0.0, 0.0, 1.0]]], "view": [[0.0, -2.0, 100.0], [-2.0, 0.0, 100.0], [0.0, 0.0, 1.0]], "bev": "bev_fd6f037a0e6446aba449f1942aea569d.png", "aux": "aux_fd6f037a0e6446aba449f1942aea569d.npz", "visibility": "visibility_fd6f037a0e6446aba449f1942aea569d.png", "pose": [[0.992902934551239, -0.11892739683389664, 0.0, 1004.3233642578125], [0.11892739683389664, 0.992902934551239, 0.0, 1377.5877685546875], [0.0, 0.0, 1.0, 0.0], [0.0, 0.0, 0.0, 1.0]], "pose_inverse": [[0.992902934551239, 0.11892739683389664, 0.0, -1161.028564453125], [-0.11892739683389664, 0.992902934551239, 0.0, -1248.369384765625], [0.0, 0.0, 1.0, 0.0], [0.0, 0.0, 0.0, 1.0]], "cam_ids": [0, 1, 2, 3, 4, 5], "cam_channels": ["CAM_FRONT_LEFT", "CAM_FRONT", "CAM_FRONT_RIGHT", "CAM_BACK_LEFT", "CAM_BACK", "CAM_BACK_RIGHT"], "token": "fd6f037a0e6446aba449f1942aea569d", "scene": "scene-0514"}, {"images": ["samples/CAM_FRONT_LEFT/n008-2018-08-28-16-57-39-0400__CAM_FRONT_LEFT__1535489905154799.jpg", "samples/CAM_FRONT/n008-2018-08-28-16-57-39-0400__CAM_FRONT__1535489905162404.jpg", "samples/CAM_FRONT_RIGHT/n008-2018-08-28-16-57-39-0400__CAM_FRONT_RIGHT__1535489905170482.jpg", "samples/CAM_BACK_LEFT/n008-2018-08-28-16-57-39-0400__CAM_BACK_LEFT__1535489905197405.jpg", "samples/CAM_BACK/n008-2018-08-28-16-57-39-0400__CAM_BACK__1535489905187558.jpg", "samples/CAM_BACK_RIGHT/n008-2018-08-28-16-57-39-0400__CAM_BACK_RIGHT__1535489905178113.jpg"], "intrinsics": [[[1257.8625342125129, 0.0, 827.2410631095686], [0.0, 1257.8625342125129, 450.915498205774], [0.0, 0.0, 1.0]], [[1252.8131021185304, 0.0, 826.588114781398], [0.0, 1252.8131021185304, 469.9846626224581], [0.0, 0.0, 1.0]], [[1256.7485116440405, 0.0, 817.7887570959712], [0.0, 1256.7485116440403, 451.9541780095127], [0.0, 0.0, 1.0]], [[1254.9860565800168, 0.0, 829.5769333630991], [0.0, 1254.9860565800168, 467.1680561863987], [0.0, 0.0, 1.0]], [[796.8910634503094, 0.0, 857.7774326863696], [0.0, 796.8910634503094, 476.8848988407415], [0.0, 0.0, 1.0]], [[1249.9629280788233, 0.0, 825.3768045375984], [0.0, 1249.9629280788233, 462.54816385708756], [0.0, 0.0, 1.0]]], "extrinsics": [[[0.8225915431976318, -0.5683960914611816, 0.01640470139682293, -1.0049896240234375], [0.007714689709246159, -0.017691196873784065, -0.9998136758804321, 1.488295555114746], [0.5685803890228271, 0.8225648403167725, -0.010167630389332771, -1.3333740234375], [0.0, 0.0, 0.0, 1.0]], [[0.010344966314733028, -0.999706506729126, 0.02190619893372059, 0.00537109375], [0.00967831164598465, -0.02180623821914196, -0.9997153878211975, 1.4801673889160156], [0.999899685382843, 0.010554032400250435, 0.009449886158108711, -1.734619140625], [0.0, 0.0, 0.0, 1.0]], [[-0.8439235091209412, -0.5364616513252258, 0.0014168409397825599, 1.0906982421875], [0.017704972997307777, -0.030491651967167854, -0.9993782043457031, 1.4930744171142578], [0.5361712574958801, -0.8433736562728882, 0.03523065894842148, -1.27752685546875], [0.0, 0.0, 0.0, 1.0]], [[0.9478601813316345, 0.318454384803772, -0.01216459646821022, -1.1439208984375], [-0.007681583054363728, -0.015329484827816486, -0.9998529553413391, 1.5620441436767578], [-0.3185940980911255, 0.9478142261505127, -0.012083973735570908, -0.15606689453125], [0.0, 0.0, 0.0, 1.0]], [[0.009134610183537006, 0.999695897102356, -0.022907815873622894, -0.0286865234375], [-0.005552335176616907, -0.02285771071910858, -0.9997232556343079, 1.5680618286132812], [-0.99994295835495, 0.009259284473955631, 0.005341849289834499, 0.0443115234375], [0.0, 0.0, 0.0, 1.0]], [[-0.9237582087516785, 0.3826334774494171, -0.016195593401789665, 1.16070556640625], [-0.0013541547814384103, -0.04555189609527588, -0.9989610314369202, 1.5478134155273438], [-0.3829736113548279, -0.9227766394615173, 0.04259708523750305, -0.0438232421875], [0.0, 0.0, 0.0, 1.0]]], "view": [[0.0, -2.0, 100.0], [-2.0, 0.0, 100.0], [0.0, 0.0, 1.0]], "bev": "bev_859e48eb6d884d5bbc23a98a3c272278.png", "aux": "aux_859e48eb6d884d5bbc23a98a3c272278.npz", "visibility": "visibility_859e48eb6d884d5bbc23a98a3c272278.png", "pose": [[0.9929028749465942, -0.11892801523208618, 0.0, 1004.3233642578125], [0.11892801523208618, 0.9929028749465942, 0.0, 1377.5877685546875], [0.0, 0.0, 1.0, 0.0], [0.0, 0.0, 0.0, 1.0]], "pose_inverse": [[0.9929028749465942, 0.11892801523208618, 0.0, -1161.029296875], [-0.11892801523208618, 0.9929028749465942, 0.0, -1248.36865234375], [0.0, 0.0, 1.0, 0.0], [0.0, 0.0, 0.0, 1.0]], "cam_ids": [0, 1, 2, 3, 4, 5], "cam_channels": ["CAM_FRONT_LEFT", "CAM_FRONT", "CAM_FRONT_RIGHT", "CAM_BACK_LEFT", "CAM_BACK", "CAM_BACK_RIGHT"], "token": "859e48eb6d884d5bbc23a98a3c272278", "scene": "scene-0514"}, {"images": ["samples/CAM_FRONT_LEFT/n008-2018-08-28-16-57-39-0400__CAM_FRONT_LEFT__1535489905654799.jpg", "samples/CAM_FRONT/n008-2018-08-28-16-57-39-0400__CAM_FRONT__1535489905662404.jpg", "samples/CAM_FRONT_RIGHT/n008-2018-08-28-16-57-39-0400__CAM_FRONT_RIGHT__1535489905670482.jpg", "samples/CAM_BACK_LEFT/n008-2018-08-28-16-57-39-0400__CAM_BACK_LEFT__1535489905697405.jpg", "samples/CAM_BACK/n008-2018-08-28-16-57-39-0400__CAM_BACK__1535489905687558.jpg", "samples/CAM_BACK_RIGHT/n008-2018-08-28-16-57-39-0400__CAM_BACK_RIGHT__1535489905678113.jpg"], "intrinsics": [[[1257.8625342125129, 0.0, 827.2410631095686], [0.0, 1257.8625342125129, 450.915498205774], [0.0, 0.0, 1.0]], [[1252.8131021185304, 0.0, 826.588114781398], [0.0, 1252.8131021185304, 469.9846626224581], [0.0, 0.0, 1.0]], [[1256.7485116440405, 0.0, 817.7887570959712], [0.0, 1256.7485116440403, 451.9541780095127], [0.0, 0.0, 1.0]], [[1254.9860565800168, 0.0, 829.5769333630991], [0.0, 1254.9860565800168, 467.1680561863987], [0.0, 0.0, 1.0]], [[796.8910634503094, 0.0, 857.7774326863696], [0.0, 796.8910634503094, 476.8848988407415], [0.0, 0.0, 1.0]], [[1249.9629280788233, 0.0, 825.3768045375984], [0.0, 1249.9629280788233, 462.54816385708756], [0.0, 0.0, 1.0]]], "extrinsics": [[[0.8225970268249512, -0.5683940052986145, 0.016200946643948555, -1.0051116943359375], [0.00755586801096797, -0.017562730237841606, -0.9998171925544739, 1.4882936477661133], [0.5685746669769287, 0.8225690722465515, -0.010152338072657585, -1.3333740234375], [0.0, 0.0, 0.0, 1.0]], [[0.010352158918976784, -0.9997093677520752, 0.021771742030978203, 0.00537109375], [0.009488733485341072, -0.021673716604709625, -0.9997200965881348, 1.4801616668701172], [0.9999014139175415, 0.010555841960012913, 0.009261606261134148, -1.73486328125], [0.0, 0.0, 0.0, 1.0]], [[-0.8439222574234009, -0.5364633798599243, 0.0015266364207491279, 1.0906982421875], [0.01749112457036972, -0.030359666794538498, -0.9993859529495239, 1.4930706024169922], [0.536180317401886, -0.8433773517608643, 0.035004545003175735, -1.277587890625], [0.0, 0.0, 0.0, 1.0]], [[0.9478594660758972, 0.3184499740600586, -0.012340042740106583, -1.1436767578125], [-0.007905792444944382, -0.015213224105536938, -0.9998530149459839, 1.562042236328125], [-0.3185909390449524, 0.9478175640106201, -0.011902393773198128, -0.15606689453125], [0.0, 0.0, 0.0, 1.0]], [[0.00913346465677023, 0.9996989369392395, -0.022775081917643547, -0.02880859375], [-0.005774722900241613, -0.022722920402884483, -0.9997251033782959, 1.5680618286132812], [-0.9999416470527649, 0.009262465871870518, 0.0055654458701610565, 0.0443115234375], [0.0, 0.0, 0.0, 1.0]], [[-0.923761785030365, 0.38263562321662903, -0.01594553142786026, 1.16058349609375], [-0.0015717623755335808, -0.04542437940835953, -0.9989665150642395, 1.5478134155273438], [-0.38296452164649963, -0.9227819442749023, 0.042562711983919144, -0.0435791015625], [0.0, 0.0, 0.0, 1.0]]], "view": [[0.0, -2.0, 100.0], [-2.0, 0.0, 100.0], [0.0, 0.0, 1.0]], "bev": "bev_3f207a1108b545e9a96bd920a1fc448c.png", "aux": "aux_3f207a1108b545e9a96bd920a1fc448c.npz", "visibility": "visibility_3f207a1108b545e9a96bd920a1fc448c.png", "pose": [[0.99290931224823, -0.11887441575527191, 0.0, 1004.3232421875], [0.11887441575527191, 0.99290931224823, 0.0, 1377.5877685546875], [0.0, 0.0, 1.0, 0.0], [0.0, 0.0, 0.0, 1.0]], "pose_inverse": [[0.99290931224823, 0.11887441575527191, 0.0, -1160.9617919921875], [-0.11887441575527191, 0.99290931224823, 0.0, -1248.431396484375], [0.0, 0.0, 1.0, 0.0], [0.0, 0.0, 0.0, 1.0]], "cam_ids": [0, 1, 2, 3, 4, 5], "cam_channels": ["CAM_FRONT_LEFT", "CAM_FRONT", "CAM_FRONT_RIGHT", "CAM_BACK_LEFT", "CAM_BACK", "CAM_BACK_RIGHT"], "token": "3f207a1108b545e9a96bd920a1fc448c", "scene": "scene-0514"}, {"images": ["samples/CAM_FRONT_LEFT/n008-2018-08-28-16-57-39-0400__CAM_FRONT_LEFT__1535489906154799.jpg", "samples/CAM_FRONT/n008-2018-08-28-16-57-39-0400__CAM_FRONT__1535489906162413.jpg", "samples/CAM_FRONT_RIGHT/n008-2018-08-28-16-57-39-0400__CAM_FRONT_RIGHT__1535489906170490.jpg", "samples/CAM_BACK_LEFT/n008-2018-08-28-16-57-39-0400__CAM_BACK_LEFT__1535489906197405.jpg", "samples/CAM_BACK/n008-2018-08-28-16-57-39-0400__CAM_BACK__1535489906187558.jpg", "samples/CAM_BACK_RIGHT/n008-2018-08-28-16-57-39-0400__CAM_BACK_RIGHT__1535489906178113.jpg"], "intrinsics": [[[1257.8625342125129, 0.0, 827.2410631095686], [0.0, 1257.8625342125129, 450.915498205774], [0.0, 0.0, 1.0]], [[1252.8131021185304, 0.0, 826.588114781398], [0.0, 1252.8131021185304, 469.9846626224581], [0.0, 0.0, 1.0]], [[1256.7485116440405, 0.0, 817.7887570959712], [0.0, 1256.7485116440403, 451.9541780095127], [0.0, 0.0, 1.0]], [[1254.9860565800168, 0.0, 829.5769333630991], [0.0, 1254.9860565800168, 467.1680561863987], [0.0, 0.0, 1.0]], [[796.8910634503094, 0.0, 857.7774326863696], [0.0, 796.8910634503094, 476.8848988407415], [0.0, 0.0, 1.0]], [[1249.9629280788233, 0.0, 825.3768045375984], [0.0, 1249.9629280788233, 462.54816385708756], [0.0, 0.0, 1.0]]], "extrinsics": [[[0.8225994110107422, -0.5683892369270325, 0.016244735568761826, -1.0050201416015625], [0.007544781547039747, -0.017655864357948303, -0.9998156428337097, 1.488297462463379], [0.5685712695121765, 0.8225703239440918, -0.010235335677862167, -1.3333740234375], [0.0, 0.0, 0.0, 1.0]], [[0.010359246283769608, -0.9997068643569946, 0.02188132330775261, 0.0054931640625], [0.009498932398855686, -0.021783122792840004, -0.9997175931930542, 1.4801673889160156], [0.9999011754989624, 0.010564162395894527, 0.00927049107849598, -1.7347412109375], [0.0, 0.0, 0.0, 1.0]], [[-0.8439178466796875, -0.5364699959754944, 0.0015755289932712913, 1.0906982421875], [0.017512202262878418, -0.030483372509479523, -0.9993818402290344, 1.4930744171142578], [0.5361863970756531, -0.843368649482727, 0.03512023761868477, -1.27752685546875], [0.0, 0.0, 0.0, 1.0]], [[0.9478590488433838, 0.3184491991996765, -0.012382554821670055, -1.1439208984375], [-0.007902277633547783, -0.015357114374637604, -0.999850869178772, 1.5620460510253906], [-0.3185918927192688, 0.947815477848053, -0.012039906345307827, -0.1561279296875], [0.0, 0.0, 0.0, 1.0]], [[0.009130469523370266, 0.9996955990791321, -0.022920848801732063, -0.0286865234375], [-0.0057782274670898914, -0.022868674248456955, -0.9997217059135437, 1.5680580139160156], [-0.9999416470527649, 0.009260362945497036, 0.0055676670745015144, 0.044189453125], [0.0, 0.0, 0.0, 1.0]], [[-0.9237637519836426, 0.38262826204299927, -0.016000980511307716, 1.16058349609375], [-0.0015646596439182758, -0.04555263742804527, -0.9989607334136963, 1.5478134155273438], [-0.3829594552516937, -0.9227787256240845, 0.04267856106162071, -0.0438232421875], [0.0, 0.0, 0.0, 1.0]]], "view": [[0.0, -2.0, 100.0], [-2.0, 0.0, 100.0], [0.0, 0.0, 1.0]], "bev": "bev_0c7440a674064cd3885841b9d684c279.png", "aux": "aux_0c7440a674064cd3885841b9d684c279.npz", "visibility": "visibility_0c7440a674064cd3885841b9d684c279.png", "pose": [[0.9929113388061523, -0.11885717511177063, 0.0, 1004.3231811523438], [0.11885717511177063, 0.9929113388061523, 0.0, 1377.5877685546875], [0.0, 0.0, 1.0, 0.0], [0.0, 0.0, 0.0, 1.0]], "pose_inverse": [[0.9929113388061523, 0.11885717511177063, 0.0, -1160.9400634765625], [-0.11885717511177063, 0.9929113388061523, 0.0, -1248.4515380859375], [0.0, 0.0, 1.0, 0.0], [0.0, 0.0, 0.0, 1.0]], "cam_ids": [0, 1, 2, 3, 4, 5], "cam_channels": ["CAM_FRONT_LEFT", "CAM_FRONT", "CAM_FRONT_RIGHT", "CAM_BACK_LEFT", "CAM_BACK", "CAM_BACK_RIGHT"], "token": "0c7440a674064cd3885841b9d684c279", "scene": "scene-0514"}, {"images": ["samples/CAM_FRONT_LEFT/n008-2018-08-28-16-57-39-0400__CAM_FRONT_LEFT__1535489906654799.jpg", "samples/CAM_FRONT/n008-2018-08-28-16-57-39-0400__CAM_FRONT__1535489906662404.jpg", "samples/CAM_FRONT_RIGHT/n008-2018-08-28-16-57-39-0400__CAM_FRONT_RIGHT__1535489906670482.jpg", "samples/CAM_BACK_LEFT/n008-2018-08-28-16-57-39-0400__CAM_BACK_LEFT__1535489906697405.jpg", "samples/CAM_BACK/n008-2018-08-28-16-57-39-0400__CAM_BACK__1535489906687558.jpg", "samples/CAM_BACK_RIGHT/n008-2018-08-28-16-57-39-0400__CAM_BACK_RIGHT__1535489906678113.jpg"], "intrinsics": [[[1257.8625342125129, 0.0, 827.2410631095686], [0.0, 1257.8625342125129, 450.915498205774], [0.0, 0.0, 1.0]], [[1252.8131021185304, 0.0, 826.588114781398], [0.0, 1252.8131021185304, 469.9846626224581], [0.0, 0.0, 1.0]], [[1256.7485116440405, 0.0, 817.7887570959712], [0.0, 1256.7485116440403, 451.9541780095127], [0.0, 0.0, 1.0]], [[1254.9860565800168, 0.0, 829.5769333630991], [0.0, 1254.9860565800168, 467.1680561863987], [0.0, 0.0, 1.0]], [[796.8910634503094, 0.0, 857.7774326863696], [0.0, 796.8910634503094, 476.8848988407415], [0.0, 0.0, 1.0]], [[1249.9629280788233, 0.0, 825.3768045375984], [0.0, 1249.9629280788233, 462.54816385708756], [0.0, 0.0, 1.0]]], "extrinsics": [[[0.8225923180580139, -0.5684018731117249, 0.016166016459465027, -1.0050811767578125], [0.007476885803043842, -0.01761540211737156, -0.9998168349266052, 1.4882965087890625], [0.5685825943946838, 0.822562575340271, -0.010240417905151844, -1.333251953125], [0.0, 0.0, 0.0, 1.0]], [[0.01034537423402071, -0.9997082352638245, 0.021827947348356247, 0.0052490234375], [0.009448125958442688, -0.021730415523052216, -0.9997192025184631, 1.4801712036132812], [0.9999018907546997, 0.01054871454834938, 0.00922055821865797, -1.7347412109375], [0.0, 0.0, 0.0, 1.0]], [[-0.8439249992370605, -0.5364589691162109, 0.0015680526848882437, 1.0904541015625], [0.017478395253419876, -0.030417127534747124, -0.9993844628334045, 1.4930744171142578], [0.5361764430999756, -0.8433781266212463, 0.03504621237516403, -1.27752685546875], [0.0, 0.0, 0.0, 1.0]], [[0.947859525680542, 0.31844907999038696, -0.012356694787740707, -1.14404296875], [-0.007907968945801258, -0.01525904145091772, -0.9998522996902466, 1.5620460510253906], [-0.3185906708240509, 0.9478172063827515, -0.011945140548050404, -0.1561279296875], [0.0, 0.0, 0.0, 1.0]], [[0.009134911000728607, 0.9996975064277649, -0.02283628098666668, -0.02880859375], [