[{"images": ["samples/CAM_FRONT_LEFT/n008-2018-08-30-15-16-55-0400__CAM_FRONT_LEFT__1535657268254799.jpg", "samples/CAM_FRONT/n008-2018-08-30-15-16-55-0400__CAM_FRONT__1535657268262404.jpg", "samples/CAM_FRONT_RIGHT/n008-2018-08-30-15-16-55-0400__CAM_FRONT_RIGHT__1535657268270482.jpg", "samples/CAM_BACK_LEFT/n008-2018-08-30-15-16-55-0400__CAM_BACK_LEFT__1535657268297405.jpg", "samples/CAM_BACK/n008-2018-08-30-15-16-55-0400__CAM_BACK__1535657268287558.jpg", "samples/CAM_BACK_RIGHT/n008-2018-08-30-15-16-55-0400__CAM_BACK_RIGHT__1535657268278113.jpg"], "intrinsics": [[[1257.8625342125129, 0.0, 827.2410631095686], [0.0, 1257.8625342125129, 450.915498205774], [0.0, 0.0, 1.0]], [[1252.8131021185304, 0.0, 826.588114781398], [0.0, 1252.8131021185304, 469.9846626224581], [0.0, 0.0, 1.0]], [[1256.7485116440405, 0.0, 817.7887570959712], [0.0, 1256.7485116440403, 451.9541780095127], [0.0, 0.0, 1.0]], [[1254.9860565800168, 0.0, 829.5769333630991], [0.0, 1254.9860565800168, 467.1680561863987], [0.0, 0.0, 1.0]], [[796.8910634503094, 0.0, 857.7774326863696], [0.0, 796.8910634503094, 476.8848988407415], [0.0, 0.0, 1.0]], [[1249.9629280788233, 0.0, 825.3768045375984], [0.0, 1249.9629280788233, 462.54816385708756], [0.0, 0.0, 1.0]]], "extrinsics": [[[0.8215807676315308, -0.5699692368507385, -0.011836080811917782, -0.61627197265625], [0.007792441174387932, 0.03198731318116188, -0.9994578957557678, 1.4918651580810547], [0.5700387954711914, 0.8210431337356567, 0.030721614137291908, -1.0673828125], [0.0, 0.0, 0.0, 1.0]], [[0.00884593091905117, -0.9995701909065247, -0.027946360409259796, 0.01141357421875], [0.00958720687776804, 0.028030946850776672, -0.999561071395874, 1.483835220336914], [0.9999149441719055, 0.008574144914746284, 0.009831048548221588, -1.3444709777832031], [0.0, 0.0, 0.0, 1.0]], [[-0.844573438167572, -0.5348473191261292, -0.025177614763379097, 0.83447265625], [0.017470352351665497, 0.019470978528261185, -0.9996577501296997, 1.4983558654785156], [0.5351545810699463, -0.8447243571281433, -0.0071007004007697105, -1.11297607421875], [0.0, 0.0, 0.0, 1.0]], [[0.9479171633720398, 0.31849756836891174, 0.0035021582152694464, -1.1296539306640625], [-0.008050802163779736, 0.03494971990585327, -0.9993566870689392, 1.5619182586669922], [-0.3184150457382202, 0.9472790956497192, 0.03569360077381134, -0.16094970703125], [0.0, 0.0, 0.0, 1.0]], [[0.009699977934360504, 0.9995812177658081, 0.027263619005680084, -0.02838134765625], [-0.005891617853194475, 0.027321556583046913, -0.9996092915534973, 1.5673255920410156], [-0.9999355673789978, 0.009535572491586208, 0.006154168397188187, -0.07697677612304688], [0.0, 0.0, 0.0, 1.0]], [[-0.9234037399291992, 0.3838157057762146, 0.0032985061407089233, 0.954010009765625], [-0.0016952657606452703, 0.004515322390943766, -0.999988317489624, 1.547426700592041], [-0.3838261365890503, -0.9233986139297485, -0.0035187960602343082, -0.12811279296875], [0.0, 0.0, 0.0, 1.0]]], "view": [[0.0, -2.0, 100.0], [-2.0, 0.0, 100.0], [0.0, 0.0, 1.0]], "bev": "bev_a93b5d1a78e64b84b212332a633417fd.png", "aux": "aux_a93b5d1a78e64b84b212332a633417fd.npz", "visibility": "visibility_a93b5d1a78e64b84b212332a633417fd.png", "pose": [[0.7355550527572632, 0.6774649024009705, 0.0, 586.2312622070312], [-0.6774649024009705, 0.7355550527572632, 0.0, 710.4362182617188], [0.0, 0.0, 1.0, 0.0], [0.0, 0.0, 0.0, 1.0]], "pose_inverse": [[0.7355550527572632, -0.6774649024009705, 0.0, 50.090240478515625], [0.6774649024009705, 0.7355550527572632, 0.0, -919.716064453125], [0.0, 0.0, 1.0, 0.0], [0.0, 0.0, 0.0, 1.0]], "cam_ids": [0, 1, 2, 3, 4, 5], "cam_channels": ["CAM_FRONT_LEFT", "CAM_FRONT", "CAM_FRONT_RIGHT", "CAM_BACK_LEFT", "CAM_BACK", "CAM_BACK_RIGHT"], "token": "a93b5d1a78e64b84b212332a633417fd", "scene": "scene-0763"}, {"images": ["samples/CAM_FRONT_LEFT/n008-2018-08-30-15-16-55-0400__CAM_FRONT_LEFT__1535657268754799.jpg", "samples/CAM_FRONT/n008-2018-08-30-15-16-55-0400__CAM_FRONT__1535657268762404.jpg", "samples/CAM_FRONT_RIGHT/n008-2018-08-30-15-16-55-0400__CAM_FRONT_RIGHT__1535657268770482.jpg", "samples/CAM_BACK_LEFT/n008-2018-08-30-15-16-55-0400__CAM_BACK_LEFT__1535657268797405.jpg", "samples/CAM_BACK/n008-2018-08-30-15-16-55-0400__CAM_BACK__1535657268787558.jpg", "samples/CAM_BACK_RIGHT/n008-2018-08-30-15-16-55-0400__CAM_BACK_RIGHT__1535657268778113.jpg"], "intrinsics": [[[1257.8625342125129, 0.0, 827.2410631095686], [0.0, 1257.8625342125129, 450.915498205774], [0.0, 0.0, 1.0]], [[1252.8131021185304, 0.0, 826.588114781398], [0.0, 1252.8131021185304, 469.9846626224581], [0.0, 0.0, 1.0]], [[1256.7485116440405, 0.0, 817.7887570959712], [0.0, 1256.7485116440403, 451.9541780095127], [0.0, 0.0, 1.0]], [[1254.9860565800168, 0.0, 829.5769333630991], [0.0, 1254.9860565800168, 467.1680561863987], [0.0, 0.0, 1.0]], [[796.8910634503094, 0.0, 857.7774326863696], [0.0, 796.8910634503094, 476.8848988407415], [0.0, 0.0, 1.0]], [[1249.9629280788233, 0.0, 825.3768045375984], [0.0, 1249.9629280788233, 462.54816385708756], [0.0, 0.0, 1.0]]], "extrinsics": [[[0.8218467831611633, -0.5694609880447388, -0.01679643988609314, -0.6239013671875], [0.0043609957210719585, 0.03576996922492981, -0.9993505477905273, 1.490121841430664], [0.5696919560432434, 0.8212397694587708, 0.031880851835012436, -1.07513427734375], [0.0, 0.0, 0.0, 1.0]], [[0.009290244430303574, -0.9994590282440186, -0.031549666076898575, 0.01312255859375], [0.006321891210973263, 0.031609103083610535, -0.9994803667068481, 1.4824542999267578], [0.9999368190765381, 0.009085969999432564, 0.006612125784158707, -1.3517341613769531], [0.0, 0.0, 0.0, 1.0]], [[-0.8443661332130432, -0.5352112054824829, -0.02438846416771412, 0.8382568359375], [0.014386017806828022, 0.022855466231703758, -0.9996352791786194, 1.4973278045654297], [0.535573422908783, -0.8444090485572815, -0.011598826386034489, -1.11358642578125], [0.0, 0.0, 0.0, 1.0]], [[0.9479172229766846, 0.31851089000701904, 0.001960799563676119, -1.120697021484375], [-0.010699521750211716, 0.03799409791827202, -0.9992206692695618, 1.5617713928222656], [-0.3183371126651764, 0.9471574425697327, 0.03942317143082619, -0.1641845703125], [0.0, 0.0, 0.0, 1.0]], [[0.009530606679618359, 0.9994932413101196, 0.030373360961675644, -0.029052734375], [-0.008638858795166016, 0.030455905944108963, -0.999498724937439, 1.5669307708740234], [-0.9999172687530518, 0.009263494983315468, 0.008924744091928005, -0.08162307739257812], [0.0, 0.0, 0.0, 1.0]], [[-0.9235690832138062, 0.383364737033844, 0.007184831891208887, 0.953582763671875], [-0.004555338062345982, 0.007766421884298325, -0.9999594688415527, 1.5467748641967773], [-0.3834049701690674, -0.9235644340515137, -0.005426471587270498, -0.1270751953125], [0.0, 0.0, 0.0, 1.0]]], "view": [[0.0, -2.0, 100.0], [-2.0, 0.0, 100.0], [0.0, 0.0, 1.0]], "bev": "bev_2a8b33ffdb9d4ade9c7f9975358bd448.png", "aux": "aux_2a8b33ffdb9d4ade9c7f9975358bd448.npz", "visibility": "visibility_2a8b33ffdb9d4ade9c7f9975358bd448.png", "pose": [[0.747169017791748, 0.664634108543396, 0.0, 590.0806884765625], [-0.664634108543396, 0.747169017791748, 0.0, 706.8989868164062], [0.0, 0.0, 1.0, 0.0], [0.0, 0.0, 0.0, 1.0]], "pose_inverse": [[0.747169017791748, -0.664634108543396, 0.0, 28.939165115356445], [0.664634108543396, 0.747169017791748, 0.0, -920.3607788085938], [0.0, 0.0, 1.0, 0.0], [0.0, 0.0, 0.0, 1.0]], "cam_ids": [0, 1, 2, 3, 4, 5], "cam_channels": ["CAM_FRONT_LEFT", "CAM_FRONT", "CAM_FRONT_RIGHT", "CAM_BACK_LEFT", "CAM_BACK", "CAM_BACK_RIGHT"], "token": "2a8b33ffdb9d4ade9c7f9975358bd448", "scene": "scene-0763"}, {"images": ["samples/CAM_FRONT_LEFT/n008-2018-08-30-15-16-55-0400__CAM_FRONT_LEFT__1535657269254799.jpg", "samples/CAM_FRONT/n008-2018-08-30-15-16-55-0400__CAM_FRONT__1535657269262404.jpg", "samples/CAM_FRONT_RIGHT/n008-2018-08-30-15-16-55-0400__CAM_FRONT_RIGHT__1535657269270482.jpg", "samples/CAM_BACK_LEFT/n008-2018-08-30-15-16-55-0400__CAM_BACK_LEFT__1535657269297405.jpg", "samples/CAM_BACK/n008-2018-08-30-15-16-55-0400__CAM_BACK__1535657269287558.jpg", "samples/CAM_BACK_RIGHT/n008-2018-08-30-15-16-55-0400__CAM_BACK_RIGHT__1535657269278113.jpg"], "intrinsics": [[[1257.8625342125129, 0.0, 827.2410631095686], [0.0, 1257.8625342125129, 450.915498205774], [0.0, 0.0, 1.0]], [[1252.8131021185304, 0.0, 826.588114781398], [0.0, 1252.8131021185304, 469.9846626224581], [0.0, 0.0, 1.0]], [[1256.7485116440405, 0.0, 817.7887570959712], [0.0, 1256.7485116440403, 451.9541780095127], [0.0, 0.0, 1.0]], [[1254.9860565800168, 0.0, 829.5769333630991], [0.0, 1254.9860565800168, 467.1680561863987], [0.0, 0.0, 1.0]], [[796.8910634503094, 0.0, 857.7774326863696], [0.0, 796.8910634503094, 476.8848988407415], [0.0, 0.0, 1.0]], [[1249.9629280788233, 0.0, 825.3768045375984], [0.0, 1249.9629280788233, 462.54816385708756], [0.0, 0.0, 1.0]]], "extrinsics": [[[0.8218442797660828, -0.5695019960403442, -0.015470078215003014, -0.6434326171875], [0.005117323249578476, 0.03453243523836136, -0.9993904829025269, 1.4903926849365234], [0.5696890950202942, 0.8212643265724182, 0.03129461407661438, -1.0875244140625], [0.0, 0.0, 0.0, 1.0]], [[0.00924875121563673, -0.999497652053833, -0.030311888083815575, 0.01214599609375], [0.006916746497154236, 0.030376402661204338, -0.9995145797729492, 1.4825801849365234], [0.9999333024024963, 0.00903452467173338, 0.007194214034825563, -1.3705971240997314], [0.0, 0.0, 0.0, 1.0]], [[-0.8444043397903442, -0.5351638793945312, -0.024102305993437767, 0.8499755859375], [0.014815290458500385, 0.021645553410053253, -0.9996559023857117, 1.4972591400146484], [0.5355014204978943, -0.8444709181785583, -0.010348993353545666, -1.12158203125], [0.0, 0.0, 0.0, 1.0]], [[0.9479188323020935, 0.31850937008857727, 0.0012894963147118688, -1.11785888671875], [-0.011003449559211731, 0.036793019622564316, -0.9992623329162598, 1.5617294311523438], [-0.31832191348075867, 0.9472054243087769, 0.03838149830698967, -0.1650390625], [0.0, 0.0, 0.0, 1.0]], [[0.009585886262357235, 0.9995282888412476, 0.029177235439419746, -0.02899169921875], [-0.008722241036593914, 0.029261043295264244, -0.9995337724685669, 1.5669574737548828], [-0.9999160170555115, 0.009326926432549953, 0.008998619392514229, -0.07809829711914062], [0.0, 0.0, 0.0, 1.0]], [[-0.9235314726829529, 0.3834647834300995, 0.006664048880338669, 0.962738037109375], [-0.004484991077333689, 0.006576369516551495, -0.9999682903289795, 1.5468406677246094], [-0.3834964334964752, -0.9235320687294006, -0.004353648517280817, -0.1234130859375], [0.0, 0.0, 0.0, 1.0]]], "view": [[0.0, -2.0, 100.0], [-2.0, 0.0, 100.0], [0.0, 0.0, 1.0]], "bev": "bev_e379fc5e914a4b008be18db9eeaa9b86.png", "aux": "aux_e379fc5e914a4b008be18db9eeaa9b86.npz", "visibility": "visibility_e379fc5e914a4b008be18db9eeaa9b86.png", "pose": [[0.7558383345603943, 0.6547582745552063, 0.0, 593.777099609375], [-0.6547582745552063, 0.7558383345603943, 0.0, 703.5924682617188], [0.0, 0.0, 1.0, 0.0], [0.0, 0.0, 0.0, 1.0]], "pose_inverse": [[0.7558383345603943, -0.6547582745552063, 0.0, 11.883505821228027], [0.6547582745552063, 0.7558383345603943, 0.0, -920.5826416015625], [0.0, 0.0, 1.0, 0.0], [0.0, 0.0, 0.0, 1.0]], "cam_ids": [0, 1, 2, 3, 4, 5], "cam_channels": ["CAM_FRONT_LEFT", "CAM_FRONT", "CAM_FRONT_RIGHT", "CAM_BACK_LEFT", "CAM_BACK", "CAM_BACK_RIGHT"], "token": "e379fc5e914a4b008be18db9eeaa9b86", "scene": "scene-0763"}, {"images": ["samples/CAM_FRONT_LEFT/n008-2018-08-30-15-16-55-0400__CAM_FRONT_LEFT__1535657269754799.jpg", "samples/CAM_FRONT/n008-2018-08-30-15-16-55-0400__CAM_FRONT__1535657269762404.jpg", "samples/CAM_FRONT_RIGHT/n008-2018-08-30-15-16-55-0400__CAM_FRONT_RIGHT__1535657269770482.jpg", "samples/CAM_BACK_LEFT/n008-2018-08-30-15-16-55-0400__CAM_BACK_LEFT__1535657269797405.jpg", "samples/CAM_BACK/n008-2018-08-30-15-16-55-0400__CAM_BACK__1535657269787558.jpg", "samples/CAM_BACK_RIGHT/n008-2018-08-30-15-16-55-0400__CAM_BACK_RIGHT__1535657269778113.jpg"], "intrinsics": [[[1257.8625342125129, 0.0, 827.2410631095686], [0.0, 1257.8625342125129, 450.915498205774], [0.0, 0.0, 1.0]], [[1252.8131021185304, 0.0, 826.588114781398], [0.0, 1252.8131021185304, 469.9846626224581], [0.0, 0.0, 1.0]], [[1256.7485116440405, 0.0, 817.7887570959712], [0.0, 1256.7485116440403, 451.9541780095127], [0.0, 0.0, 1.0]], [[1254.9860565800168, 0.0, 829.5769333630991], [0.0, 1254.9860565800168, 467.1680561863987], [0.0, 0.0, 1.0]], [[796.8910634503094, 0.0, 857.7774326863696], [0.0, 796.8910634503094, 476.8848988407415], [0.0, 0.0, 1.0]], [[1249.9629280788233, 0.0, 825.3768045375984], [0.0, 1249.9629280788233, 462.54816385708756], [0.0, 0.0, 1.0]]], "extrinsics": [[[0.8223245143890381, -0.5688565373420715, -0.013586091808974743, -0.658447265625], [0.0052264174446463585, 0.031426213681697845, -0.9994924068450928, 1.490325927734375], [0.5689947009086609, 0.8218361139297485, 0.028815628960728645, -1.09942626953125], [0.0, 0.0, 0.0, 1.0]], [[0.009804422967135906, -0.9995850920677185, -0.027081381529569626, 0.012939453125], [0.007068208418786526, 0.027151284739375114, -0.9996063113212585, 1.4825153350830078], [0.9999268651008606, 0.009609218686819077, 0.00733147980645299, -1.386378288269043], [0.0, 0.0, 0.0, 1.0]], [[-0.8442692160606384, -0.5354489684104919, -0.02244560979306698, 0.860748291015625], [0.014997128397226334, 0.01826080121099949, -0.9997207522392273, 1.4971275329589844], [0.5357093811035156, -0.8443700671195984, -0.007386836223304272, -1.12786865234375], [0.0, 0.0, 0.0, 1.0]], [[0.9479119181632996, 0.3185323178768158, 0.0003324953722767532, -1.11572265625], [-0.010723073966801167, 0.03295372426509857, -0.9993993639945984, 1.561716079711914], [-0.3183519244194031, 0.9473389983177185, 0.03465287759900093, -0.16583251953125], [0.0, 0.0, 0.0, 1.0]], [[0.00954881776124239, 0.9996286630630493, 0.025521712377667427, -0.02911376953125], [-0.008512509055435658, 0.02560321055352688, -0.9996359348297119, 1.5670108795166016], [-0.9999182224273682, 0.009328042156994343, 0.008753828704357147, -0.07469367980957031], [0.0, 0.0, 0.0, 1.0]], [[-0.923547625541687, 0.38345038890838623, 0.00504978047683835, 0.970794677734375], [-0.004193413536995649, 0.0030692224390804768, -0.9999865293502808, 1.5469450950622559], [-0.38346067070961, -0.9235563278198242, -0.0012266077101230621, -0.11993408203125], [0.0, 0.0, 0.0, 1.0]]], "view": [[0.0, -2.0, 100.0], [-2.0, 0.0, 100.0], [0.0, 0.0, 1.0]], "bev": "bev_0919ae36088c47419792d78eb251731e.png", "aux": "aux_0919ae36088c47419792d78eb251731e.npz", "visibility": "visibility_0919ae36088c47419792d78eb251731e.png", "pose": [[0.7603425979614258, 0.6495221853256226, 0.0, 597.29931640625], [-0.6495221853256226, 0.7603425979614258, 0.0, 700.50244140625], [0.0, 0.0, 1.0, 0.0], [0.0, 0.0, 0.0, 1.0]], "pose_inverse": [[0.7603425979614258, -0.6495221853256226, 0.0, 0.839760959148407], [0.6495221853256226, 0.7603425979614258, 0.0, -920.5810546875], [0.0, 0.0, 1.0, 0.0], [0.0, 0.0, 0.0, 1.0]], "cam_ids": [0, 1, 2, 3, 4, 5], "cam_channels": ["CAM_FRONT_LEFT", "CAM_FRONT", "CAM_FRONT_RIGHT", "CAM_BACK_LEFT", "CAM_BACK", "CAM_BACK_RIGHT"], "token": "0919ae36088c47419792d78eb251731e", "scene": "scene-0763"}, {"images": ["samples/CAM_FRONT_LEFT/n008-2018-08-30-15-16-55-0400__CAM_FRONT_LEFT__1535657270254799.jpg", "samples/CAM_FRONT/n008-2018-08-30-15-16-55-0400__CAM_FRONT__1535657270262404.jpg", "samples/CAM_FRONT_RIGHT/n008-2018-08-30-15-16-55-0400__CAM_FRONT_RIGHT__1535657270270482.jpg", "samples/CAM_BACK_LEFT/n008-2018-08-30-15-16-55-0400__CAM_BACK_LEFT__1535657270298054.jpg", "samples/CAM_BACK/n008-2018-08-30-15-16-55-0400__CAM_BACK__1535657270287668.jpg", "samples/CAM_BACK_RIGHT/n008-2018-08-30-15-16-55-0400__CAM_BACK_RIGHT__1535657270278113.jpg"], "intrinsics": [[[1257.8625342125129, 0.0, 827.2410631095686], [0.0, 1257.8625342125129, 450.915498205774], [0.0, 0.0, 1.0]], [[1252.8131021185304, 0.0, 826.588114781398], [0.0, 1252.8131021185304, 469.9846626224581], [0.0, 0.0, 1.0]], [[1256.7485116440405, 0.0, 817.7887570959712], [0.0, 1256.7485116440403, 451.9541780095127], [0.0, 0.0, 1.0]], [[1254.9860565800168, 0.0, 829.5769333630991], [0.0, 1254.9860565800168, 467.1680561863987], [0.0, 0.0, 1.0]], [[796.8910634503094, 0.0, 857.7774326863696], [0.0, 796.8910634503094, 476.8848988407415], [0.0, 0.0, 1.0]], [[1249.9629280788233, 0.0, 825.3768045375984], [0.0, 1249.9629280788233, 462.54816385708756], [0.0, 0.0, 1.0]]], "extrinsics": [[[0.8221880793571472, -0.569109320640564, -0.01101405918598175, -0.66961669921875], [0.004150510299950838, 0.025342978537082672, -0.999670147895813, 1.4898643493652344], [0.5692008137702942, 0.8218712210655212, 0.02319878712296486, -1.1065673828125], [0.0, 0.0, 0.0, 1.0]], [[0.009700591675937176, -0.9997310042381287, -0.021067015826702118, 0.01226806640625], [0.006009816657751799, 0.02112591452896595, -0.999758780002594, 1.4821205139160156], [0.9999349117279053, 0.009571741335093975, 0.006213135551661253, -1.3967628479003906], [0.0, 0.0, 0.0, 1.0]], [[-0.8442561030387878, -0.5356249213218689, -0.018375422805547714, 0.8665771484375], [0.013947977684438229, 0.012315665371716022, -0.9998268485069275, 1.4967641830444336], [0.5357585549354553, -0.844366192817688, -0.0029266923666000366, -1.13201904296875], [0.0, 0.0, 0.0, 1.0]], [[0.9478901028633118, 0.31858718395233154, -0.002574134850874543, -1.118988037109375], [-0.011845434084534645, 0.027167337015271187, -0.9995607137680054, 1.5617218017578125], [-0.3183773458003998, 0.9475041627883911, 0.029525455087423325, -0.164794921875], [0.0, 0.0, 0.0, 1.0]], [[0.009467899799346924, 0.9997612237930298, 0.019695866852998734, -0.0289306640625], [-0.009627713821828365, 0.019786978140473366, -0.9997578859329224, 1.5669116973876953], [-0.9999089241027832, 0.009275875054299831, 0.009812755510210991, -0.07269134372472763], [0.0, 0.0, 0.0, 1.0]], [[-0.923600435256958, 0.3833378553390503, 0.0037958542816340923, 0.974884033203125], [-0.0052802423015236855, -0.002820090390741825, -0.9999820590019226, 1.546759843826294], [-0.38332033157348633, -0.9236039519309998, 0.004628753289580345, -0.11859130859375], [0.0, 0.0, 0.0, 1.0]]], "view": [[0.0, -2.0, 100.0], [-2.0, 0.0, 100.0], [0.0, 0.0, 1.0]], "bev": "bev_e901e354209b4213a90725f5e61e1c67.png", "aux": "aux_e901e354209b4213a90725f5e61e1c67.npz", "visibility": "visibility_e901e354209b4213a90725f5e61e1c67.png", "pose": [[0.7639380693435669, 0.6452895998954773, 0.0, 600.635498046875], [-0.6452895998954773, 0.7639380693435669, 0.0, 697.6201171875], [0.0, 0.0, 1.0, 0.0], [0.0, 0.0, 0.0, 1.0]], "pose_inverse": [[0.7639380693435669, -0.6452895998954773, 0.0, -8.681309700012207], [0.6452895998954773, 0.7639380693435669, 0.0, -920.5223999023438], [0.0, 0.0, 1.0, 0.0], [0.0, 0.0, 0.0, 1.0]], "cam_ids": [0, 1, 2, 3, 4, 5], "cam_channels": ["CAM_FRONT_LEFT", "CAM_FRONT", "CAM_FRONT_RIGHT", "CAM_BACK_LEFT", "CAM_BACK", "CAM_BACK_RIGHT"], "token": "e901e354209b4213a90725f5e61e1c67", "scene": "scene-0763"}, {"images": ["samples/CAM_FRONT_LEFT/n008-2018-08-30-15-16-55-0400__CAM_FRONT_LEFT__1535657270754799.jpg", "samples/CAM_FRONT/n008-2018-08-30-15-16-55-0400__CAM_FRONT__1535657270762404.jpg", "samples/CAM_FRONT_RIGHT/n008-2018-08-30-15-16-55-0400__CAM_FRONT_RIGHT__1535657270770482.jpg", "samples/CAM_BACK_LEFT/n008-2018-08-30-15-16-55-0400__CAM_BACK_LEFT__1535657270797405.jpg", "samples/CAM_BACK/n008-2018-08-30-15-16-55-0400__CAM_BACK__1535657270787558.jpg", "samples/CAM_BACK_RIGHT/n008-2018-08-30-15-16-55-0400__CAM_BACK_RIGHT__1535657270778113.jpg"], "intrinsics": [[[1257.8625342125129, 0.0, 827.2410631095686], [0.0, 1257.8625342125129, 450.915498205774], [0.0, 0.0, 1.0]], [[1252.8131021185304, 0.0, 826.588114781398], [0.0, 1252.8131021185304, 469.9846626224581], [0.0, 0.0, 1.0]], [[1256.7485116440405, 0.0, 817.7887570959712], [0.0, 1256.7485116440403, 451.9541780095127], [0.0, 0.0, 1.0]], [[1254.9860565800168, 0.0, 829.5769333630991], [0.0, 1254.9860565800168, 467.1680561863987], [0.0, 0.0, 1.0]], [[796.8910634503094, 0.0, 857.7774326863696], [0.0, 796.8910634503094, 476.8848988407415], [0.0, 0.0, 1.0]], [[1249.9629280788233, 0.0, 825.3768045375984], [0.0, 1249.9629280788233, 462.54816385708756], [0.0, 0.0, 1.0]]], "extrinsics": [[[0.8226097822189331, -0.5684857964515686, -0.01171151828020811, -0.683746337890625], [0.0025760706048458815, 0.024322710931301117, -0.9997008442878723, 1.4892463684082031], [0.5686006546020508, 0.8223334550857544, 0.02147255837917328, -1.11376953125], [0.0, 0.0, 0.0, 1.0]], [[0.010323670692741871, -0.999742865562439, -0.020186856389045715, 0.0106201171875], [0.004520214628428221, 0.020234383642673492, -0.9997850656509399, 1.4816036224365234], [0.9999365210533142, 0.010230105370283127, 0.004727945663034916, -1.4081802368164062], [0.0, 0.0, 0.0, 1.0]], [[-0.8439981937408447, -0.5360839366912842, -0.016762137413024902, 0.871795654296875], [0.012514900416135788, 0.011560037732124329, -0.9998548626899719, 1.496312141418457], [0.5361999273300171, -0.8440854549407959, -0.0030476145911961794, -1.13653564453125], [0.0, 0.0, 0.0, 1.0]], [[0.947866678237915, 0.3186456561088562, -0.0037001771852374077, -1.111114501953125], [-0.01286914199590683, 0.026674384251236916, -0.9995613098144531, 1.5615921020507812], [-0.31840717792510986, 0.9474985003471375, 0.02938445657491684, -0.16729736328125], [0.0, 0.0, 0.0, 1.0]], [[0.009249098598957062, 0.9997749924659729, 0.019085988402366638, -0.028564453125], [-0.010753619484603405, 0.019185148179531097, -0.9997580647468567, 1.5667810440063477], [-0.9998994469642639, 0.009041614830493927, 0.010928644798696041, -0.07329130172729492], [0.0, 0.0, 0.0, 1.0]], [[-0.9237499833106995, 0.38296735286712646, 0.004673056770116091, 0.9779052734375], [-0.006515958346426487, -0.003515152493491769, -0.9999725818634033, 1.5465309619903564], [-0.3829404413700104, -0.9237551689147949, 0.005742521956562996, -0.1180419921875], [0.0, 0.0, 0.0, 1.0]]], "view": [[0.0, -2.0, 100.0], [-2.0, 0.0, 100.0], [0.0, 0.0, 1.0]], "bev": "bev_9d3beda9784b41beaa3401cb809e71cc.png", "aux": "aux_9d3beda9784b41beaa3401cb809e71cc.npz", "visibility": "visibility_9d3beda9784b41beaa3401cb809e71cc.png", "pose": [[0.7653052806854248, 0.643667459487915, 0.0, 603.753173828125], [-0.643667459487915, 0.7653052806854248, 0.0, 694.947265625], [0.0, 0.0, 1.0, 0.0], [0.0, 0.0, 0.0, 1.0]], "pose_inverse": [[0.7653052806854248, -0.643667459487915, 0.0, -14.740530014038086], [0.643667459487915, 0.7653052806854248, 0.0, -920.4630737304688], [0.0, 0.0, 1.0, 0.0], [0.0, 0.0, 0.0, 1.0]], "cam_ids": [0, 1, 2, 3, 4, 5], "cam_channels": ["CAM_FRONT_LEFT", "CAM_FRONT", "CAM_FRONT_RIGHT", "CAM_BACK_LEFT", "CAM_BACK", "CAM_BACK_RIGHT"], "token": "9d3beda9784b41beaa3401cb809e71cc", "scene": "scene-0763"}, {"images": ["samples/CAM_FRONT_LEFT/n008-2018-08-30-15-16-55-0400__CAM_FRONT_LEFT__1535657271154799.jpg", "samples/CAM_FRONT/n008-2018-08-30-15-16-55-0400__CAM_FRONT__1535657271162404.jpg", "samples/CAM_FRONT_RIGHT/n008-2018-08-30-15-16-55-0400__CAM_FRONT_RIGHT__1535657271170482.jpg", "samples/CAM_BACK_LEFT/n008-2018-08-30-15-16-55-0400__CAM_BACK_LEFT__1535657271197405.jpg", "samples/CAM_BACK/n008-2018-08-30-15-16-55-0400__CAM_BACK__1535657271187558.jpg", "samples/CAM_BACK_RIGHT/n008-2018-08-30-15-16-55-0400__CAM_BACK_RIGHT__1535657271178113.jpg"], "intrinsics": [[[1257.8625342125129, 0.0, 827.2410631095686], [0.0, 1257.8625342125129, 450.915498205774], [0.0, 0.0, 1.0]], [[1252.8131021185304, 0.0, 826.588114781398], [0.0, 1252.8131021185304, 469.9846626224581], [0.0, 0.0, 1.0]], [[1256.7485116440405, 0.0, 817.7887570959712], [0.0, 1256.7485116440403, 451.9541780095127], [0.0, 0.0, 1.0]], [[1254.9860565800168, 0.0, 829.5769333630991], [0.0, 1254.9860565800168, 467.1680561863987], [0.0, 0.0, 1.0]], [[796.8910634503094, 0.0, 857.7774326863696], [0.0, 796.8910634503094, 476.8848988407415], [0.0, 0.0, 1.0]], [[1249.9629280788233, 0.0, 825.3768045375984], [0.0, 1249.9629280788233, 462.54816385708756], [0.0, 0.0, 1.0]]], "extrinsics": [[[0.822916567325592, -0.5680097341537476, -0.013163914903998375, -0.716033935546875], [0.0007179089006967843, 0.024208800867199898, -0.9997066259384155, 1.4884471893310547], [0.5681617856025696, 0.8226657509803772, 0.020329603925347328, -1.13873291015625], [0.0, 0.0, 0.0, 1.0]], [[0.010712314397096634, -0.999740481376648, -0.020105760544538498, 0.01171875], [0.0025914302095770836, 0.02013460360467434, -0.9997939467430115, 1.480855941772461], [0.9999392628669739, 0.010658028535544872, 0.0028064469806849957, -1.4438648223876953], [0.0, 0.0, 0.0, 1.0]], [[-0.8438854813575745, -0.5363124012947083, -0.015047729946672916, 0.89794921875], [0.010525158606469631, 0.011493069119751453, -0.9998785257339478, 1.4954643249511719], [0.5364201664924622, -0.843941330909729, -0.004054062534123659, -1.15228271484375], [0.0, 0.0, 0.0, 1.0]], [[0.947844386100769, 0.318681001663208, -0.0057747578248381615, -1.116668701171875], [-0.015060373581945896, 0.02668136917054653, -0.999530553817749, 1.5615997314453125], [-0.318377286195755, 0.947486400604248, 0.030089246109128, -0.16546630859375], [0.0, 0.0, 0.0, 1.0]], [[0.009196877479553223, 0.9997766613960266, 0.019027281552553177, -0.0289306640625], [-0.012854677625000477, 0.01914471760392189, -0.9997340440750122, 1.5667314529418945], [-0.9998750686645508, 0.0089497035369277, 0.013027877546846867, -0.057787418365478516], [0.0, 0.0, 0.0, 1.0]], [[-0.9237945675849915, 0.38283324241638184, 0.0065032015554606915, 1.000823974609375], [-0.008520498871803284, -0.00357405305840075, -0.9999573230743408, 1.5463500022888184], [-0.382793664932251, -0.9238104820251465, 0.006563621573150158, -0.108154296875], [0.0, 0.0, 0.0, 1.0]]], "view": [[0.0, -2.0, 100.0], [-2.0, 0.0, 100.0], [0.0, 0.0, 1.0]], "bev": "bev_b16ad250cbfa46cc879d306d47b55df8.png", "aux": "aux_b16ad250cbfa46cc879d306d47b55df8.npz", "visibility": "visibility_b16ad250cbfa46cc879d306d47b55df8.png", "pose": [[0.7619310021400452, 0.6476581692695618, 0.0, 606.1131591796875], [-0.6476581692695618, 0.7619310021400452, 0.0, 692.9102783203125], [0.0, 0.0, 1.0, 0.0], [0.0, 0.0, 0.0, 1.0]], "pose_inverse": [[0.7619310021400452, -0.6476581692695618, 0.0, -13.04738712310791], [0.6476581692695618, 0.7619310021400452, 0.0, -920.5039672851562], [0.0, 0.0, 1.0, 0.0], [0.0, 0.0, 0.0, 1.0]], "cam_ids": [0, 1, 2, 3, 4, 5], "cam_channels": ["CAM_FRONT_LEFT", "CAM_FRONT", "CAM_FRONT_RIGHT", "CAM_BACK_LEFT", "CAM_BACK", "CAM_BACK_RIGHT"], "token": "b16ad250cbfa46cc879d306d47b55df8", "scene": "scene-0763"}, {"images": ["samples/CAM_FRONT_LEFT/n008-2018-08-30-15-16-55-0400__CAM_FRONT_LEFT__1535657271654799.jpg", "samples/CAM_FRONT/n008-2018-08-30-15-16-55-0400__CAM_FRONT__1535657271662405.jpg", "samples/CAM_FRONT_RIGHT/n008-2018-08-30-15-16-55-0400__CAM_FRONT_RIGHT__1535657271670482.jpg", "samples/CAM_BACK_LEFT/n008-2018-08-30-15-16-55-0400__CAM_BACK_LEFT__1535657271697405.jpg", "samples/CAM_BACK/n008-2018-08-30-15-16-55-0400__CAM_BACK__1535657271687558.jpg", "samples/CAM_BACK_RIGHT/n008-2018-08-30-15-16-55-0400__CAM_BACK_RIGHT__1535657271678113.jpg"], "intrinsics": [[[1257.8625342125129, 0.0, 827.2410631095686], [0.0, 1257.8625342125129, 450.915498205774], [0.0, 0.0, 1.0]], [[1252.8131021185304, 0.0, 826.588114781398], [0.0, 1252.8131021185304, 469.9846626224581], [0.0, 0.0, 1.0]], [[1256.7485116440405, 0.0, 817.7887570959712], [0.0, 1256.7485116440403, 451.9541780095127], [0.0, 0.0, 1.0]], [[1254.9860565800168, 0.0, 829.5769333630991], [0.0, 1254.9860565800168, 467.1680561863987], [0.0, 0.0, 1.0]], [[796.8910634503094, 0.0, 857.7774326863696], [0.0, 796.8910634503094, 476.8848988407415], [0.0, 0.0, 1.0]], [[1249.9629280788233, 0.0, 825.3768045375984], [0.0, 1249.9629280788233, 462.54816385708756], [0.0, 0.0, 1.0]]], "extrinsics": [[[0.8230205178260803, -0.5678179860115051, -0.014833718538284302, -0.7130126953125], [-0.0008905516588129103, 0.024825209751725197, -0.999691367149353, 1.4878864288330078], [0.5680109858512878, 0.8227797746658325, 0.019925983622670174, -1.13653564453125], [0.0, 0.0, 0.0, 1.0]], [[0.010887847281992435, -0.9997272491455078, -0.020661259070038795, 0.01190185546875], [0.0008948081522248685, 0.02067221701145172, -0.9997859001159668, 1.4803619384765625], [0.9999403953552246, 0.010866924189031124, 0.0011196386767551303, -1.440408706665039], [0.0, 0.0, 0.0, 1.0]], [[-0.8438056707382202, -0.5364719033241272, -0.013782596215605736, 0.89544677734375], [0.00873933918774128, 0.011942441575229168, -0.9998905062675476, 1.4950752258300781], [0.5365777611732483, -0.8438337445259094, -0.0053886910900473595, -1.15008544921875], [0.0, 0.0, 0.0, 1.0]], [[0.9478191137313843, 0.3187173306941986, -0.007617746479809284, -1.1168212890625], [-0.01707925833761692, 0.02690211683511734, -0.9994921684265137, 1.561544418334961], [-0.318350613117218, 0.9474679827690125, 0.0309417974203825, -0.16552734375], [0.0, 0.0, 0.0, 1.0]], [[0.009137959219515324, 0.9997715353965759, 0.019326290115714073, -0.02923583984375], [-0.014776689000427723, 0.019459998235106468, -0.9997014403343201, 1.566507339477539], [-0.9998490810394287, 0.008849667385220528, 0.014951137825846672, -0.05914491415023804], [0.0, 0.0, 0.0, 1.0]], [[-0.9238395094871521, 0.38268768787384033, 0.008401039987802505, 0.997955322265625], [-0.010411874391138554, -0.003183691995218396, -0.9999406933784485, 1.5459952354431152], [-0.38263827562332153, -0.9238722920417786, 0.006925716996192932, -0.1087646484375], [0.0, 0.0, 0.0, 1.0]]], "view": [[0.0, -2.0, 100.0], [-2.0, 0.0, 100.0], [0.0, 0.0, 1.0]], "bev": "bev_92aeedd9bf854dc8b4d5fe16b36bde2f.png", "aux": "aux_92aeedd9bf854dc8b4d5fe16b36bde2f.npz", "visibility": "visibility_92aeedd9bf854dc8b4d5fe16b36bde2f.png", "pose": [[0.75623619556427, 0.6542987823486328, 0.0, 608.9865112304688], [-0.6542987823486328, 0.75623619556427, 0.0, 690.39990234375], [0.0, 0.0, 1.0, 0.0], [0.0, 0.0, 0.0, 1.0]], "pose_inverse": [[0.75623619556427, -0.6542987823486328, 0.0, -8.809830665588379], [0.6542987823486328, 0.75623619556427, 0.0, -920.5645141601562], [0.0, 0.0, 1.0, 0.0], [0.0, 0.0, 0.0, 1.0]], "cam_ids": [0, 1, 2, 3, 4, 5], "cam_channels": ["CAM_FRONT_LEFT", "CAM_FRONT", "CAM_FRONT_RIGHT", "CAM_BACK_LEFT", "CAM_BACK", "CAM_BACK_RIGHT"], "token": "92aeedd9bf854dc8b4d5fe16b36bde2f", "scene": "scene-0763"}, {"images": ["samples/CAM_FRONT_LEFT/n008-2018-08-30-15-16-55-0400__CAM_FRONT_LEFT__1535657272154799.jpg", "samples/CAM_FRONT/n008-2018-08-30-15-16-55-0400__CAM_FRONT__1535657272162404.jpg", "samples/CAM_FRONT_RIGHT/n008-2018-08-30-15-16-55-0400__CAM_FRONT_RIGHT__1535657272170482.jpg", "samples/CAM_BACK_LEFT/n008-2018-08-30-15-16-55-0400__CAM_BACK_LEFT__1535657272197405.jpg", "samples/CAM_BACK/n008-2018-08-30-15-16-55-0400__CAM_BACK__1535657272187558.jpg", "samples/CAM_BACK_RIGHT/n008-2018-08-30-15-16-55-0400__CAM_BACK_RIGHT__1535657272178113.jpg"], "intrinsics": [[[1257.8625342125129, 0.0, 827.2410631095686], [0.0, 1257.8625342125129, 450.915498205774], [0.0, 0.0, 1.0]], [[1252.8131021185304, 0.0, 826.588114781398], [0.0, 1252.8131021185304, 469.9846626224581], [0.0, 0.0, 1.0]], [[1256.7485116440405, 0.0, 817.7887570959712], [0.0, 1256.7485116440403, 451.9541780095127], [0.0, 0.0, 1.0]], [[1254.9860565800168, 0.0, 829.5769333630991], [0.0, 1254.9860565800168, 467.1680561863987], [0.0, 0.0, 1.0]], [[796.8910634503094, 0.0, 857.7774326863696], [0.0, 796.8910634503094, 476.8848988407415], [0.0, 0.0, 1.0]], [[1249.9629280788233, 0.0, 825.3768045375984], [0.0, 1249.9629280788233, 462.54816385708756], [0.0, 0.0, 1.0]]], "extrinsics": [[[0.8230559825897217, -0.567766547203064, -0.014831798151135445, -0.74578857421875], [-0.001596028683707118, 0.023801960051059723, -0.9997153878211975, 1.4877357482910156], [0.5679579973220825, 0.8228455185890198, 0.01868417300283909, -1.1573486328125], [0.0, 0.0, 0.0, 1.0]], [[0.010900512337684631, -0.9997466802597046, -0.01968919113278389, 0.01031494140625], [0.00023067774600349367, 0.01969287358224392, -0.9998060464859009, 1.480184555053711], [0.9999405145645142, 0.01089384127408266, 0.0004452828725334257, -1.4742536544799805], [0.0, 0.0, 0.0, 1.0]], [[-0.8438315391540527, -0.5364570617675781, -0.012732749804854393, 0.9189453125], [0.008083865977823734, 0.011016984470188618, -0.999906599521637, 1.4947071075439453], [0.5365472435951233, -0.8438557386398315, -0.0049598328769207, -1.16650390625], [0.0, 0.0, 0.0, 1.0]], [[0.9478141665458679, 0.3187111020088196, -0.008458973839879036, -1.120819091796875], [-0.017760345712304115, 0.02628961391746998, -0.999496579170227, 1.5616092681884766], [-0.3183283507823944, 0.9474872350692749, 0.030578088015317917, -0.1639404296875], [0.0, 0.0, 0.0, 1.0]], [[0.009173738770186901, 0.9997851848602295, 0.01858409494161606, -0.02862548828125], [-0.015497617423534393, 0.018724799156188965, -0.9997044801712036, 1.5666627883911133], [-0.9998378753662109, 0.00888306088745594, 0.015666065737605095, -0.045189857482910156], [0.0, 0.0, 0.0, 1.0]], [[-0.9238167405128479, 0.3827366232872009, 0.00866740383207798, 1.019775390625], [-0.011054778471589088, -0.004038773477077484, -0.999930739402771, 1.546135663986206], [-0.3826751410961151, -0.923848569393158, 0.007962155155837536, -0.100830078125], [0.0, 0.0, 0.0, 1.0]]], "view": [[0.0, -2.0, 100.0], [-2.0, 0.0, 100.0], [0.0, 0.0, 1.0]], "bev": "bev_79a1fca152024fcf89dae1e4a57a83d8.png", "aux": "aux_79a1fca152024fcf89dae1e4a57a83d8.npz", "visibility": "visibility_79a1fca152024fcf89dae1e4a57a83d8.png", "pose": [[0.7484561204910278, 0.6631842851638794, 0.0, 611.6261596679688], [-0.6631842851638794, 0.7484561204910278, 0.0, 688.0423583984375], [0.0, 0.0, 1.0, 0.0], [0.0, 0.0, 0.0, 1.0]], "pose_inverse": [[0.7484561204910278, -0.6631842851638794, 0.0, -1.4764440059661865], [0.6631842851638794, 0.7484561204910278, 0.0, -920.5903930664062], [0.0, 0.0, 1.0, 0.0], [0.0, 0.0, 0.0, 1.0]], "cam_ids": [0, 1, 2, 3, 4, 5], "cam_channels": ["CAM_FRONT_LEFT", "CAM_FRONT", "CAM_FRONT_RIGHT", "CAM_BACK_LEFT", "CAM_BACK", "CAM_BACK_RIGHT"], "token": "79a1fca152024fcf89dae1e4a57a83d8", "scene": "scene-0763"}, {"images": ["samples/CAM_FRONT_LEFT/n008-2018-08-30-15-16-55-0400__CAM_FRONT_LEFT__1535657272654799.jpg", "samples/CAM_FRONT/n008-2018-08-30-15-16-55-0400__CAM_FRONT__1535657272662404.jpg", "samples/CAM_FRONT_RIGHT/n008-2018-08-30-15-16-55-0400__CAM_FRONT_RIGHT__1535657272670702.jpg", "samples/CAM_BACK_LEFT/n008-2018-08-30-15-16-55-0400__CAM_BACK_LEFT__1535657272697405.jpg", "samples/CAM_BACK/n008-2018-08-30-15-16-55-0400__CAM_BACK__1535657272687575.jpg", "samples/CAM_BACK_RIGHT/n008-2018-08-30-15-16-55-0400__CAM_BACK_RIGHT__1535657272678113.jpg"], "intrinsics": [[[1257.8625342125129, 0.0, 827.2410631095686], [0.0, 1257.8625342125129, 450.915498205774], [0.0, 0.0, 1.0]], [[1252.8131021185304, 0.0, 826.588114781398], [0.0, 1252.8131021185304, 469.9846626224581], [0.0, 0.0, 1.0]], [[1256.7485116440405, 0.0, 817.7887570959712], [0.0, 1256.7485116440403, 451.9541780095127], [0.0, 0.0, 1.0]], [[1254.9860565800168, 0.0, 829.5769333630991], [0.0, 1254.9860565800168, 467.1680561863987], [0.0, 0.0, 1.0]], [[796.8910634503094, 0.0, 857.7774326863696], [0.0, 796.8910634503094, 476.8848988407415], [0.0, 0.0, 1.0]], [[1249.9629280788233, 0.0, 825.3768045375984], [0.0, 1249.9629280788233, 462.54816385708756], [0.0, 0.0, 1.0]]], "extrinsics": [[[0.8231993913650513, -0.5674774646759033, -0.01766876131296158, -0.7578125], [-0.004118513315916061, 0.025151066482067108, -0.9996751546859741, 1.4869976043701172], [0.5677374601364136, 0.8230046629905701, 0.018367178738117218, -1.166015625], [0.0, 0.0, 0.0, 1.0]], [[0.011140585877001286, -0.9997165203094482, -0.02104014903306961, 0.01025390625], [-0.002026621950790286, 0.02101883664727211, -0.9997770190238953, 1.4796161651611328], [0.9999358654022217, 0.011180688627064228, -0.0017918851226568222, -1.4857070446014404], [0.0, 0.0, 0.0, 1.0]], [[-0.8437288403511047, -0.536639928817749, -0.011796543374657631, 0.926849365234375], [0.006156939547508955, 0.01229994185268879, -0.9999053478240967, 1.4942541122436523], [0.5367342233657837, -0.8437217473983765, -0.007073758170008659, -1.17156982421875], [0.0, 0.0, 0.0, 1.0]], [[0.9477990865707397, 0.31874093413352966, -0.009009107947349548, -1.125335693359375], [-0.018641971051692963, 0.027183936908841133, -0.9994566440582275, 1.5616741180419922], [-0.3183228075504303, 0.9474520087242126, 0.03170686960220337, -0.16241455078125], [0.0, 0.0, 0.0, 1.0]], [[0.009084402583539486, 0.9997659921646118, 0.019631169736385345, -0.02874755859375], [-0.016748670488595963, 0.019781354814767838, -0.9996640086174011, 1.5666389465332031], [-0.9998183846473694, 0.008752524852752686, 0.016924455761909485, -0.0400390625], [0.0, 0.0, 0.0, 1.0]], [[-0.9238787293434143, 0.382537305355072, 0.010642035864293575, 1.0247802734375], [-0.012696677818894386, -0.002846931107342243, -0.999915361404419, 1.545952320098877], [-0.3824745714664459, -0.9239357113838196, 0.007487170863896608, -0.098876953125], [0.0, 0.0, 0.0, 1.0]]], "view": [[0.0, -2.0, 100.0], [-2.0, 0.0, 100.0], [0.0, 0.0, 1.0]], "bev": "bev_89ef626b46814dab8c2409c6bf568e37.png", "aux": "aux_89ef626b46814dab8c2409c6bf568e37.npz", "visibility": "visibility_89ef626b46814dab8c2409c6bf568e37.png", "pose": [[0.7383323311805725, 0.6744370460510254, 0.0, 614.00634765625], [-0.6744370460510254, 0.7383323311805725, 0.0, 685.8557739257812], [0.0, 0.0, 1.0, 0.0], [0.0, 0.0, 0.0, 1.0]], "pose_inverse": [[0.7383323311805725, -0.6744370460510254, 0.0, 9.225798606872559], [0.6744370460510254, 0.7383323311805725, 0.0, -920.4981079101562], [0.0, 0.0, 1.0, 0.0], [0.0, 0.0, 0.0, 1.0]], "cam_ids": [0, 1, 2, 3, 4, 5], "cam_channels": ["CAM_FRONT_LEFT", "CAM_FRONT", "CAM_FRONT_RIGHT", "CAM_BACK_LEFT", "CAM_BACK", "CAM_BACK_RIGHT"], "token": "89ef626b46814dab8c2409c6bf568e37", "scene": "scene-0763"}, {"images": ["samples/CAM_FRONT_LEFT/n008-2018-08-30-15-16-55-0400__CAM_FRONT_LEFT__1535657273154799.jpg", "samples/CAM_FRONT/n008-2018-08-30-15-16-55-0400__CAM_FRONT__1535657273162404.jpg", "samples/CAM_FRONT_RIGHT/n008-2018-08-30-15-16-55-0400__CAM_FRONT_RIGHT__1535657273170482.jpg", "samples/CAM_BACK_LEFT/n008-2018-08-30-15-16-55-0400__CAM_BACK_LEFT__1535657273197405.jpg", "samples/CAM_BACK/n008-2018-08-30-15-16-55-0400__CAM_BACK__1535657273187558.jpg", "samples/CAM_BACK_RIGHT/n008-2018-08-30-15-16-55-0400__CAM_BACK_RIGHT__1535657273178113.jpg"], "intrinsics": [[[1257.8625342125129, 0.0, 827.2410631095686], [0.0, 1257.8625342125129, 450.915498205774], [0.0, 0.0, 1.0]], [[1252.8131021185304, 0.0, 826.588114781398], [0.0, 1252.8131021185304, 469.9846626224581], [0.0, 0.0, 1.0]], [[1256.7485116440405, 0.0, 817.7887570959712], [0.0, 1256.7485116440403, 451.9541780095127], [0.0, 0.0, 1.0]], [[1254.9860565800168, 0.0, 829.5769333630991], [0.0, 1254.9860565800168, 467.1680561863987], [0.0, 0.0, 1.0]], [[796.8910634503094, 0.0, 857.7774326863696], [0.0, 796.8910634503094, 476.8848988407415], [0.0, 0.0, 1.0]], [[1249.9629280788233, 0.0, 825.3768045375984], [0.0, 1249.9629280788233, 462.54816385708756], [0.0, 0.0, 1.0]]], "extrinsics": [[[0.8235092759132385, -0.5670996308326721, -0.01518713403493166, -0.76129150390625], [0.000387018546462059, 0.02733236365020275, -0.9996263384819031, 1.4883365631103516], [0.5673028230667114, 0.8231955766677856, 0.022727929055690765, -1.168701171875], [0.0, 0.0, 0.0, 1.0]], [[0.01164938323199749, -0.9996619820594788, -0.02323874458670616, 0.01055908203125], [0.0024194070138037205, 0.023268433287739754, -0.9997263550758362, 1.480703353881836], [0.9999291896820068, 0.01158999651670456, 0.002689652843400836, -1.4906187057495117], [0.0, 0.0, 0.0, 1.0]], [[-0.843445360660553, -0.5369544625282288, -0.0167226605117321, 0.930633544921875], [0.010486850515007973, 0.014665779657661915, -0.9998374581336975, 1.4950485229492188], [0.5371124744415283, -0.8434836864471436, -0.006738825235515833, -1.17327880859375], [0.0, 0.0, 0.0, 1.0]], [[0.9478279948234558, 0.31875038146972656, -0.004494935739785433, -1.126800537109375], [-0.014884961768984795, 0.030167780816555023, -0.9994339942932129, 1.5617694854736328], [-0.31843438744544983, 0.9473584294319153, 0.033338457345962524, -0.1619873046875], [0.0, 0.0, 0.0, 1.0]], [[0.008824372664093971, 0.9997100234031677, 0.02240597829222679, -0.028930664062