[{"images": ["samples/CAM_FRONT_LEFT/n008-2018-09-18-12-53-31-0400__CAM_FRONT_LEFT__1537290161504799.jpg", "samples/CAM_FRONT/n008-2018-09-18-12-53-31-0400__CAM_FRONT__1537290161512404.jpg", "samples/CAM_FRONT_RIGHT/n008-2018-09-18-12-53-31-0400__CAM_FRONT_RIGHT__1537290161520482.jpg", "samples/CAM_BACK_LEFT/n008-2018-09-18-12-53-31-0400__CAM_BACK_LEFT__1537290161547405.jpg", "samples/CAM_BACK/n008-2018-09-18-12-53-31-0400__CAM_BACK__1537290161537558.jpg", "samples/CAM_BACK_RIGHT/n008-2018-09-18-12-53-31-0400__CAM_BACK_RIGHT__1537290161528113.jpg"], "intrinsics": [[[1257.8625342125129, 0.0, 827.2410631095686], [0.0, 1257.8625342125129, 450.915498205774], [0.0, 0.0, 1.0]], [[1252.8131021185304, 0.0, 826.588114781398], [0.0, 1252.8131021185304, 469.9846626224581], [0.0, 0.0, 1.0]], [[1256.7485116440405, 0.0, 817.7887570959712], [0.0, 1256.7485116440403, 451.9541780095127], [0.0, 0.0, 1.0]], [[1254.9860565800168, 0.0, 829.5769333630991], [0.0, 1254.9860565800168, 467.1680561863987], [0.0, 0.0, 1.0]], [[796.8910634503094, 0.0, 857.7774326863696], [0.0, 796.8910634503094, 476.8848988407415], [0.0, 0.0, 1.0]], [[1249.9629280788233, 0.0, 825.3768045375984], [0.0, 1249.9629280788233, 462.54816385708756], [0.0, 0.0, 1.0]]], "extrinsics": [[[0.8229621648788452, -0.5677471160888672, -0.019912557676434517, -0.7274169921875], [-0.004985445644706488, 0.0278323944658041, -0.9996001720428467, 1.4865150451660156], [0.5680742859840393, 0.8227323889732361, 0.02007453516125679, -1.1468505859375], [0.0, 0.0, 0.0, 1.0]], [[0.010957510210573673, -0.9996621608734131, -0.023570019751787186, 0.0120849609375], [-0.0032091455068439245, 0.023536156862974167, -0.9997178316116333, 1.4791908264160156], [0.9999348521232605, 0.011030053719878197, -0.0029501630924642086, -1.457763671875], [0.0, 0.0, 0.0, 1.0]], [[-0.8437471389770508, -0.5366113781929016, -0.01178390346467495, 0.909912109375], [0.004645221866667271, 0.014653283171355724, -0.9998818039894104, 1.4940338134765625], [0.5367206931114197, -0.8437022566795349, -0.009870988316833973, -1.1591796875], [0.0, 0.0, 0.0, 1.0]], [[0.9477776885032654, 0.31876420974731445, -0.01034307386726141, -1.1319580078125], [-0.020722854882478714, 0.02918838895857334, -0.9993590712547302, 1.5617752075195312], [-0.31825798749923706, 0.9473845362663269, 0.03426980599761009, -0.1602783203125], [0.0, 0.0, 0.0, 1.0]], [[0.009071776643395424, 0.9997237920761108, 0.021683814004063606, -0.029296875], [-0.018567437306046486, 0.021849375218153, -0.9995887875556946, 1.5664176940917969], [-0.9997865557670593, 0.008665412664413452, 0.018760520964860916, -0.042724609375], [0.0, 0.0, 0.0, 1.0]], [[-0.9238936305046082, 0.38242894411087036, 0.012986988760530949, 1.013427734375], [-0.014321176335215569, -0.0006421831203624606, -0.9998972415924072, 1.5455427169799805], [-0.3823813199996948, -0.9239846467971802, 0.006070142146199942, -0.1024169921875], [0.0, 0.0, 0.0, 1.0]]], "view": [[0.0, -2.0, 100.0], [-2.0, 0.0, 100.0], [0.0, 0.0, 1.0]], "bev": "bev_3cb1b3074c7a4286a4b7e3ba5131c296.png", "aux": "aux_3cb1b3074c7a4286a4b7e3ba5131c296.npz", "visibility": "visibility_3cb1b3074c7a4286a4b7e3ba5131c296.png", "pose": [[-0.857447624206543, -0.5145712494850159, 0.0, 455.892822265625], [0.5145712494850159, -0.857447624206543, 0.0, 1605.0811767578125], [0.0, 0.0, 1.0, 0.0], [0.0, 0.0, 0.0, 1.0]], "pose_inverse": [[-0.857447624206543, 0.5145712494850159, 0.0, -435.0244140625], [-0.5145712494850159, -0.857447624206543, 0.0, 1610.8624267578125], [0.0, 0.0, 1.0, 0.0], [0.0, 0.0, 0.0, 1.0]], "cam_ids": [0, 1, 2, 3, 4, 5], "cam_channels": ["CAM_FRONT_LEFT", "CAM_FRONT", "CAM_FRONT_RIGHT", "CAM_BACK_LEFT", "CAM_BACK", "CAM_BACK_RIGHT"], "token": "3cb1b3074c7a4286a4b7e3ba5131c296", "scene": "scene-0475"}, {"images": ["samples/CAM_FRONT_LEFT/n008-2018-09-18-12-53-31-0400__CAM_FRONT_LEFT__1537290162004799.jpg", "samples/CAM_FRONT/n008-2018-09-18-12-53-31-0400__CAM_FRONT__1537290162012404.jpg", "samples/CAM_FRONT_RIGHT/n008-2018-09-18-12-53-31-0400__CAM_FRONT_RIGHT__1537290162020482.jpg", "samples/CAM_BACK_LEFT/n008-2018-09-18-12-53-31-0400__CAM_BACK_LEFT__1537290162047405.jpg", "samples/CAM_BACK/n008-2018-09-18-12-53-31-0400__CAM_BACK__1537290162037558.jpg", "samples/CAM_BACK_RIGHT/n008-2018-09-18-12-53-31-0400__CAM_BACK_RIGHT__1537290162028113.jpg"], "intrinsics": [[[1257.8625342125129, 0.0, 827.2410631095686], [0.0, 1257.8625342125129, 450.915498205774], [0.0, 0.0, 1.0]], [[1252.8131021185304, 0.0, 826.588114781398], [0.0, 1252.8131021185304, 469.9846626224581], [0.0, 0.0, 1.0]], [[1256.7485116440405, 0.0, 817.7887570959712], [0.0, 1256.7485116440403, 451.9541780095127], [0.0, 0.0, 1.0]], [[1254.9860565800168, 0.0, 829.5769333630991], [0.0, 1254.9860565800168, 467.1680561863987], [0.0, 0.0, 1.0]], [[796.8910634503094, 0.0, 857.7774326863696], [0.0, 796.8910634503094, 476.8848988407415], [0.0, 0.0, 1.0]], [[1249.9629280788233, 0.0, 825.3768045375984], [0.0, 1249.9629280788233, 462.54816385708756], [0.0, 0.0, 1.0]]], "extrinsics": [[[0.8221202492713928, -0.5690032243728638, -0.01880531944334507, -0.7381591796875], [-0.003053914522752166, 0.028623459860682487, -0.9995855689048767, 1.4872589111328125], [0.5693056583404541, 0.8218370079994202, 0.021794240921735764, -1.15087890625], [0.0, 0.0, 0.0, 1.0]], [[0.009536500088870525, -0.9996570944786072, -0.024385610595345497, 0.0093994140625], [-0.0010871303966268897, 0.024376340210437775, -0.9997022747993469, 1.4798355102539062], [0.9999539256095886, 0.009560146369040012, -0.0008542921277694404, -1.46649169921875], [0.0, 0.0, 0.0, 1.0]], [[-0.8443557620048523, -0.5355956554412842, -0.014167554676532745, 0.913543701171875], [0.006917519494891167, 0.015542801469564438, -0.9998552203178406, 1.4945125579833984], [0.5357383489608765, -0.8443315625190735, -0.009418661706149578, -1.1636962890625], [0.0, 0.0, 0.0, 1.0]], [[0.9478276968002319, 0.31866762042045593, -0.008576376363635063, -1.1258621215820312], [-0.019237559288740158, 0.030323276296257973, -0.9993550181388855, 1.5616722106933594], [-0.31820204854011536, 0.947381317615509, 0.03487163037061691, -0.1622314453125], [0.0, 0.0, 0.0, 1.0]], [[0.009560709819197655, 0.999695360660553, 0.022752925753593445, -0.0283203125], [-0.016724521294236183, 0.022910648956894875, -0.9995975494384766, 1.5665626525878906], [-0.9998144507408142, 0.009176407940685749, 0.0169384703040123, -0.044647216796875], [0.0, 0.0, 0.0, 1.0]], [[-0.9235642552375793, 0.383270263671875, 0.011525885201990604, 1.01617431640625], [-0.012330060824751854, 0.00035850293352268636, -0.9999238848686218, 1.5458884239196777], [-0.3832451105117798, -0.9236361384391785, 0.0043946439400315285, -0.1026611328125], [0.0, 0.0, 0.0, 1.0]]], "view": [[0.0, -2.0, 100.0], [-2.0, 0.0, 100.0], [0.0, 0.0, 1.0]], "bev": "bev_fa8b8377ad2a4c52adb62a86238411a1.png", "aux": "aux_fa8b8377ad2a4c52adb62a86238411a1.npz", "visibility": "visibility_fa8b8377ad2a4c52adb62a86238411a1.png", "pose": [[-0.8574255704879761, -0.5146079659461975, 0.0, 452.7477722167969], [0.5146079659461975, -0.8574255704879761, 0.0, 1607.004638671875], [0.0, 0.0, 1.0, 0.0], [0.0, 0.0, 0.0, 1.0]], "pose_inverse": [[-0.8574255704879761, 0.5146079659461975, 0.0, -438.7798767089844], [-0.5146079659461975, -0.8574255704879761, 0.0, 1610.87451171875], [0.0, 0.0, 1.0, 0.0], [0.0, 0.0, 0.0, 1.0]], "cam_ids": [0, 1, 2, 3, 4, 5], "cam_channels": ["CAM_FRONT_LEFT", "CAM_FRONT", "CAM_FRONT_RIGHT", "CAM_BACK_LEFT", "CAM_BACK", "CAM_BACK_RIGHT"], "token": "fa8b8377ad2a4c52adb62a86238411a1", "scene": "scene-0475"}, {"images": ["samples/CAM_FRONT_LEFT/n008-2018-09-18-12-53-31-0400__CAM_FRONT_LEFT__1537290162504799.jpg", "samples/CAM_FRONT/n008-2018-09-18-12-53-31-0400__CAM_FRONT__1537290162512404.jpg", "samples/CAM_FRONT_RIGHT/n008-2018-09-18-12-53-31-0400__CAM_FRONT_RIGHT__1537290162520482.jpg", "samples/CAM_BACK_LEFT/n008-2018-09-18-12-53-31-0400__CAM_BACK_LEFT__1537290162547405.jpg", "samples/CAM_BACK/n008-2018-09-18-12-53-31-0400__CAM_BACK__1537290162537558.jpg", "samples/CAM_BACK_RIGHT/n008-2018-09-18-12-53-31-0400__CAM_BACK_RIGHT__1537290162528113.jpg"], "intrinsics": [[[1257.8625342125129, 0.0, 827.2410631095686], [0.0, 1257.8625342125129, 450.915498205774], [0.0, 0.0, 1.0]], [[1252.8131021185304, 0.0, 826.588114781398], [0.0, 1252.8131021185304, 469.9846626224581], [0.0, 0.0, 1.0]], [[1256.7485116440405, 0.0, 817.7887570959712], [0.0, 1256.7485116440403, 451.9541780095127], [0.0, 0.0, 1.0]], [[1254.9860565800168, 0.0, 829.5769333630991], [0.0, 1254.9860565800168, 467.1680561863987], [0.0, 0.0, 1.0]], [[796.8910634503094, 0.0, 857.7774326863696], [0.0, 796.8910634503094, 476.8848988407415], [0.0, 0.0, 1.0]], [[1249.9629280788233, 0.0, 825.3768045375984], [0.0, 1249.9629280788233, 462.54816385708756], [0.0, 0.0, 1.0]]], "extrinsics": [[[0.8222329020500183, -0.5687430500984192, -0.021554438397288322, -0.7376708984375], [-0.005749852862209082, 0.029568610712885857, -0.999546229839325, 1.4863662719726562], [0.569122314453125, 0.8219836950302124, 0.021042093634605408, -1.151123046875], [0.0, 0.0, 0.0, 1.0]], [[0.009836613200604916, -0.9996330738067627, -0.025237862020730972, 0.010009765625], [-0.003956259228289127, 0.025199981406331062, -0.9996746182441711, 1.4790496826171875], [0.999943733215332, 0.009933263063430786, -0.0037069255486130714, -1.46539306640625], [0.0, 0.0, 0.0, 1.0]], [[-0.844209611415863, -0.5358787775039673, -0.012002695351839066, 0.91253662109375], [0.003911162726581097, 0.01623348332941532, -0.9998605847358704, 1.493875503540039], [0.5359989404678345, -0.8441389203071594, -0.011608554981648922, -1.1624755859375], [0.0, 0.0, 0.0, 1.0]], [[0.9477771520614624, 0.31873762607574463, -0.011171774938702583, -1.1265869140625], [-0.022045357152819633, 0.030527405440807343, -0.9992908239364624, 1.5616340637207031], [-0.31817054748535156, 0.9473512768745422, 0.03595986217260361, -0.162109375], [0.0, 0.0, 0.0, 1.0]], [[0.009425080381333828, 0.9996893405914307, 0.023077132180333138, -0.02880859375], [-0.01965968683362007, 0.023258952423930168, -0.9995361566543579, 1.5662765502929688], [-0.9997622966766357, 0.00896698608994484, 0.019872793927788734, -0.045196533203125], [0.0, 0.0, 0.0, 1.0]], [[-0.9236499667167664, 0.3829653859138489, 0.014431962743401527, 1.01422119140625], [-0.015256339684128761, 0.0008845735574141145, -0.9998831748962402, 1.5454025268554688], [-0.3829333782196045, -0.9237622618675232, 0.005025613121688366, -0.1029052734375], [0.0, 0.0, 0.0, 1.0]]], "view": [[0.0, -2.0, 100.0], [-2.0, 0.0, 100.0], [0.0, 0.0, 1.0]], "bev": "bev_59bc2b2a4cad4ca5b7213da7e9c96ac4.png", "aux": "aux_59bc2b2a4cad4ca5b7213da7e9c96ac4.npz", "visibility": "visibility_59bc2b2a4cad4ca5b7213da7e9c96ac4.png", "pose": [[-0.8586907982826233, -0.5124940872192383, 0.0, 449.64971923828125], [0.5124940872192383, -0.8586907982826233, 0.0, 1608.8916015625], [0.0, 0.0, 1.0, 0.0], [0.0, 0.0, 0.0, 1.0]], "pose_inverse": [[-0.8586907982826233, 0.5124940872192383, 0.0, -438.43731689453125], [-0.5124940872192383, -0.8586907982826233, 0.0, 1611.983154296875], [0.0, 0.0, 1.0, 0.0], [0.0, 0.0, 0.0, 1.0]], "cam_ids": [0, 1, 2, 3, 4, 5], "cam_channels": ["CAM_FRONT_LEFT", "CAM_FRONT", "CAM_FRONT_RIGHT", "CAM_BACK_LEFT", "CAM_BACK", "CAM_BACK_RIGHT"], "token": "59bc2b2a4cad4ca5b7213da7e9c96ac4", "scene": "scene-0475"}, {"images": ["samples/CAM_FRONT_LEFT/n008-2018-09-18-12-53-31-0400__CAM_FRONT_LEFT__1537290163004799.jpg", "samples/CAM_FRONT/n008-2018-09-18-12-53-31-0400__CAM_FRONT__1537290163012404.jpg", "samples/CAM_FRONT_RIGHT/n008-2018-09-18-12-53-31-0400__CAM_FRONT_RIGHT__1537290163020482.jpg", "samples/CAM_BACK_LEFT/n008-2018-09-18-12-53-31-0400__CAM_BACK_LEFT__1537290163047405.jpg", "samples/CAM_BACK/n008-2018-09-18-12-53-31-0400__CAM_BACK__1537290163037558.jpg", "samples/CAM_BACK_RIGHT/n008-2018-09-18-12-53-31-0400__CAM_BACK_RIGHT__1537290163028113.jpg"], "intrinsics": [[[1257.8625342125129, 0.0, 827.2410631095686], [0.0, 1257.8625342125129, 450.915498205774], [0.0, 0.0, 1.0]], [[1252.8131021185304, 0.0, 826.588114781398], [0.0, 1252.8131021185304, 469.9846626224581], [0.0, 0.0, 1.0]], [[1256.7485116440405, 0.0, 817.7887570959712], [0.0, 1256.7485116440403, 451.9541780095127], [0.0, 0.0, 1.0]], [[1254.9860565800168, 0.0, 829.5769333630991], [0.0, 1254.9860565800168, 467.1680561863987], [0.0, 0.0, 1.0]], [[796.8910634503094, 0.0, 857.7774326863696], [0.0, 796.8910634503094, 476.8848988407415], [0.0, 0.0, 1.0]], [[1249.9629280788233, 0.0, 825.3768045375984], [0.0, 1249.9629280788233, 462.54816385708756], [0.0, 0.0, 1.0]]], "extrinsics": [[[0.822330892086029, -0.5684837698936462, -0.024455219507217407, -0.7545166015625], [-0.010129821486771107, 0.028345700353384018, -0.9995468258857727, 1.4851570129394531], [0.56891930103302, 0.8222060203552246, 0.01755090430378914, -1.1632080078125], [0.0, 0.0, 0.0, 1.0]], [[0.00994738470762968, -0.9996535778045654, -0.024364201352000237, 0.0098876953125], [-0.008256304077804089, 0.024282466620206833, -0.9996710419654846, 1.47802734375], [0.9999163746833801, 0.010145304724574089, -0.0080118952319026, -1.482177734375], [0.0, 0.0, 0.0, 1.0]], [[-0.844203770160675, -0.5359609127044678, -0.008118413388729095, 0.923309326171875], [-0.00031684053828939795, 0.015644604340195656, -0.9998775720596313, 1.4929847717285156], [0.5360223054885864, -0.844097912311554, -0.013377049937844276, -1.1693115234375], [0.0, 0.0, 0.0, 1.0]], [[0.9477245807647705, 0.31877410411834717, -0.014182180166244507, -1.1252212524414062], [-0.025389714166522026, 0.031030379235744476, -0.99919593334198, 1.5615310668945312], [-0.3180776536464691, 0.9473226070404053, 0.03750184178352356, -0.16259765625], [0.0, 0.0, 0.0, 1.0]], [[0.009521265514194965, 0.9996850490570068, 0.023217516019940376, -0.0286865234375], [-0.023428527638316154, 0.023435210809111595, -0.9994507431983948, 1.5660400390625], [-0.9996801614761353, 0.008972042240202427, 0.023644285276532173, -0.0413818359375], [0.0, 0.0, 0.0, 1.0]], [[-0.9235724806785583, 0.3829975128173828, 0.018074117600917816, 1.02276611328125], [-0.01930186338722706, 0.0006372759817168117, -0.9998134970664978, 1.544938087463379], [-0.3829375207424164, -0.9237491488456726, 0.0068039963953197, -0.0997314453125], [0.0, 0.0, 0.0, 1.0]]], "view": [[0.0, -2.0, 100.0], [-2.0, 0.0, 100.0], [0.0, 0.0, 1.0]], "bev": "bev_85692eec1cd64f21b5b772b240d77236.png", "aux": "aux_85692eec1cd64f21b5b772b240d77236.npz", "visibility": "visibility_85692eec1cd64f21b5b772b240d77236.png", "pose": [[-0.859922468662262, -0.5104246139526367, 0.0, 446.64239501953125], [0.5104246139526367, -0.859922468662262, 0.0, 1610.7073974609375], [0.0, 0.0, 1.0, 0.0], [0.0, 0.0, 0.0, 1.0]], "pose_inverse": [[-0.859922468662262, 0.5104246139526367, 0.0, -438.06689453125], [-0.5104246139526367, -0.859922468662262, 0.0, 1613.060791015625], [0.0, 0.0, 1.0, 0.0], [0.0, 0.0, 0.0, 1.0]], "cam_ids": [0, 1, 2, 3, 4, 5], "cam_channels": ["CAM_FRONT_LEFT", "CAM_FRONT", "CAM_FRONT_RIGHT", "CAM_BACK_LEFT", "CAM_BACK", "CAM_BACK_RIGHT"], "token": "85692eec1cd64f21b5b772b240d77236", "scene": "scene-0475"}, {"images": ["samples/CAM_FRONT_LEFT/n008-2018-09-18-12-53-31-0400__CAM_FRONT_LEFT__1537290163504799.jpg", "samples/CAM_FRONT/n008-2018-09-18-12-53-31-0400__CAM_FRONT__1537290163512404.jpg", "samples/CAM_FRONT_RIGHT/n008-2018-09-18-12-53-31-0400__CAM_FRONT_RIGHT__1537290163520482.jpg", "samples/CAM_BACK_LEFT/n008-2018-09-18-12-53-31-0400__CAM_BACK_LEFT__1537290163547405.jpg", "samples/CAM_BACK/n008-2018-09-18-12-53-31-0400__CAM_BACK__1537290163537558.jpg", "samples/CAM_BACK_RIGHT/n008-2018-09-18-12-53-31-0400__CAM_BACK_RIGHT__1537290163528113.jpg"], "intrinsics": [[[1257.8625342125129, 0.0, 827.2410631095686], [0.0, 1257.8625342125129, 450.915498205774], [0.0, 0.0, 1.0]], [[1252.8131021185304, 0.0, 826.588114781398], [0.0, 1252.8131021185304, 469.9846626224581], [0.0, 0.0, 1.0]], [[1256.7485116440405, 0.0, 817.7887570959712], [0.0, 1256.7485116440403, 451.9541780095127], [0.0, 0.0, 1.0]], [[1254.9860565800168, 0.0, 829.5769333630991], [0.0, 1254.9860565800168, 467.1680561863987], [0.0, 0.0, 1.0]], [[796.8910634503094, 0.0, 857.7774326863696], [0.0, 796.8910634503094, 476.8848988407415], [0.0, 0.0, 1.0]], [[1249.9629280788233, 0.0, 825.3768045375984], [0.0, 1249.9629280788233, 462.54816385708756], [0.0, 0.0, 1.0]]], "extrinsics": [[[0.822449803352356, -0.568290114402771, -0.02495553158223629, -0.7574462890625], [-0.010243390686810017, 0.029067903757095337, -0.9995249509811401, 1.4851531982421875], [0.5687455534934998, 0.8223146796226501, 0.018085671588778496, -1.165283203125], [0.0, 0.0, 0.0, 1.0]], [[0.010245667770504951, -0.9996346831321716, -0.025010406970977783, 0.01025390625], [-0.008292945101857185, 0.024925915524363518, -0.9996549487113953, 1.4780387878417969], [0.9999130964279175, 0.010449480265378952, -0.008034531027078629, -1.485687255859375], [0.0, 0.0, 0.0, 1.0]], [[-0.8440412282943726, -0.5362115502357483, -0.008464565500617027, 0.926300048828125], [-0.00027014120132662356, 0.016209019348025322, -0.9998685717582703, 1.492990493774414], [0.536278247833252, -0.8439280390739441, -0.013825935311615467, -1.1708984375], [0.0, 0.0, 0.0, 1.0]], [[0.9477109909057617, 0.3188175857067108, -0.014117863960564137, -1.126251220703125], [-0.025454584509134293, 0.03142007067799568, -0.9991820454597473, 1.5615577697753906], [-0.3181132972240448, 0.9472951889038086, 0.03789251297712326, -0.1622314453125], [0.0, 0.0, 0.0, 1.0]], [[0.009337980300188065, 0.9996752142906189, 0.023713557049632072, -0.0289306640625], [-0.023411059752106667, 0.02392665110528469, -0.999439537525177, 1.5660858154296875], [-0.9996823668479919, 0.008777537383139133, 0.02362688072025776, -0.039215087890625], [0.0, 0.0, 0.0, 1.0]], [[-0.9236896634101868, 0.3827061951160431, 0.01825934275984764, 1.025390625], [-0.019285183399915695, 0.0011560088023543358, -0.9998133778572083, 1.5449981689453125], [-0.3826558589935303, -0.9238694310188293, 0.006312767043709755, -0.097900390625], [0.0, 0.0, 0.0, 1.0]]], "view": [[0.0, -2.0, 100.0], [-2.0, 0.0, 100.0], [0.0, 0.0, 1.0]], "bev": "bev_79e8322512154195b696a2de4885959b.png", "aux": "aux_79e8322512154195b696a2de4885959b.npz", "visibility": "visibility_79e8322512154195b696a2de4885959b.png", "pose": [[-0.8612837791442871, -0.5081242918968201, 0.0, 443.78753662109375], [0.5081242918968201, -0.8612837791442871, 0.0, 1612.4217529296875], [0.0, 0.0, 1.0, 0.0], [0.0, 0.0, 0.0, 1.0]], "pose_inverse": [[-0.8612837791442871, 0.5081242918968201, 0.0, -437.08367919921875], [-0.5081242918968201, -0.8612837791442871, 0.0, 1614.2518310546875], [0.0, 0.0, 1.0, 0.0], [0.0, 0.0, 0.0, 1.0]], "cam_ids": [0, 1, 2, 3, 4, 5], "cam_channels": ["CAM_FRONT_LEFT", "CAM_FRONT", "CAM_FRONT_RIGHT", "CAM_BACK_LEFT", "CAM_BACK", "CAM_BACK_RIGHT"], "token": "79e8322512154195b696a2de4885959b", "scene": "scene-0475"}, {"images": ["samples/CAM_FRONT_LEFT/n008-2018-09-18-12-53-31-0400__CAM_FRONT_LEFT__1537290164004799.jpg", "samples/CAM_FRONT/n008-2018-09-18-12-53-31-0400__CAM_FRONT__1537290164012404.jpg", "samples/CAM_FRONT_RIGHT/n008-2018-09-18-12-53-31-0400__CAM_FRONT_RIGHT__1537290164020482.jpg", "samples/CAM_BACK_LEFT/n008-2018-09-18-12-53-31-0400__CAM_BACK_LEFT__1537290164047405.jpg", "samples/CAM_BACK/n008-2018-09-18-12-53-31-0400__CAM_BACK__1537290164037558.jpg", "samples/CAM_BACK_RIGHT/n008-2018-09-18-12-53-31-0400__CAM_BACK_RIGHT__1537290164028113.jpg"], "intrinsics": [[[1257.8625342125129, 0.0, 827.2410631095686], [0.0, 1257.8625342125129, 450.915498205774], [0.0, 0.0, 1.0]], [[1252.8131021185304, 0.0, 826.588114781398], [0.0, 1252.8131021185304, 469.9846626224581], [0.0, 0.0, 1.0]], [[1256.7485116440405, 0.0, 817.7887570959712], [0.0, 1256.7485116440403, 451.9541780095127], [0.0, 0.0, 1.0]], [[1254.9860565800168, 0.0, 829.5769333630991], [0.0, 1254.9860565800168, 467.1680561863987], [0.0, 0.0, 1.0]], [[796.8910634503094, 0.0, 857.7774326863696], [0.0, 796.8910634503094, 476.8848988407415], [0.0, 0.0, 1.0]], [[1249.9629280788233, 0.0, 825.3768045375984], [0.0, 1249.9629280788233, 462.54816385708756], [0.0, 0.0, 1.0]]], "extrinsics": [[[0.8228461742401123, -0.5677957534790039, -0.023069651797413826, -0.769775390625], [-0.008498191833496094, 0.028296926990151405, -0.9995633959770203, 1.4857864379882812], [0.5682006478309631, 0.8226829767227173, 0.018458779901266098, -1.175048828125], [0.0, 0.0, 0.0, 1.0]], [[0.010729538276791573, -0.9996483325958252, -0.024251336231827736, 0.0106201171875], [-0.00639946386218071, 0.02418358623981476, -0.9996870160102844, 1.4785995483398438], [0.9999219179153442, 0.01088134478777647, -0.006137736141681671, -1.50030517578125], [0.0, 0.0, 0.0, 1.0]], [[-0.8438509106636047, -0.5364878177642822, -0.009823611937463284, 0.93768310546875], [0.0017867941642180085, 0.015498261898756027, -0.9998782873153687, 1.4933662414550781], [0.5365747809410095, -0.8437657356262207, -0.01211963128298521, -1.1776123046875], [0.0, 0.0, 0.0, 1.0]], [[0.9477505683898926, 0.31878674030303955, -0.011989687569439411, -1.1340789794921875], [-0.02296244353055954, 0.03068443201482296, -0.9992653727531433, 1.5618019104003906], [-0.31818467378616333, 0.947329580783844, 0.03640131652355194, -0.159423828125], [0.0, 0.0, 0.0, 1.0]], [[0.009190651588141918, 0.9996933937072754, 0.02299308404326439, -0.029052734375], [-0.021156862378120422, 0.02318330854177475, -0.9995073080062866, 1.5664901733398438], [-0.9997339248657227, 0.008699676021933556, 0.02136344462633133, -0.029083251953125], [0.0, 0.0, 0.0, 1.0]], [[-0.9238072037696838, 0.38252517580986023, 0.015956511721014977, 1.0364990234375], [-0.017084326595067978, 0.0004484799283090979, -0.9998539090156555, 1.5455265045166016], [-0.3824765086174011, -0.923944890499115, 0.006120877340435982, -0.0933837890625], [0.0, 0.0, 0.0, 1.0]]], "view": [[0.0, -2.0, 100.0], [-2.0, 0.0, 100.0], [0.0, 0.0, 1.0]], "bev": "bev_0d943eb10775498287adbbfed0cf35cc.png", "aux": "aux_0d943eb10775498287adbbfed0cf35cc.npz", "visibility": "visibility_0d943eb10775498287adbbfed0cf35cc.png", "pose": [[-0.8604367971420288, -0.5095571279525757, 0.0, 440.95257568359375], [0.5095571279525757, -0.8604367971420288, 0.0, 1614.1279296875], [0.0, 0.0, 1.0, 0.0], [0.0, 0.0, 0.0, 1.0]], "pose_inverse": [[-0.8604367971420288, 0.5095571279525757, 0.0, -443.0785827636719], [-0.5095571279525757, -0.8604367971420288, 0.0, 1613.545654296875], [0.0, 0.0, 1.0, 0.0], [0.0, 0.0, 0.0, 1.0]], "cam_ids": [0, 1, 2, 3, 4, 5], "cam_channels": ["CAM_FRONT_LEFT", "CAM_FRONT", "CAM_FRONT_RIGHT", "CAM_BACK_LEFT", "CAM_BACK", "CAM_BACK_RIGHT"], "token": "0d943eb10775498287adbbfed0cf35cc", "scene": "scene-0475"}, {"images": ["samples/CAM_FRONT_LEFT/n008-2018-09-18-12-53-31-0400__CAM_FRONT_LEFT__1537290164404799.jpg", "samples/CAM_FRONT/n008-2018-09-18-12-53-31-0400__CAM_FRONT__1537290164412404.jpg", "samples/CAM_FRONT_RIGHT/n008-2018-09-18-12-53-31-0400__CAM_FRONT_RIGHT__1537290164420482.jpg", "samples/CAM_BACK_LEFT/n008-2018-09-18-12-53-31-0400__CAM_BACK_LEFT__1537290164447405.jpg", "samples/CAM_BACK/n008-2018-09-18-12-53-31-0400__CAM_BACK__1537290164437558.jpg", "samples/CAM_BACK_RIGHT/n008-2018-09-18-12-53-31-0400__CAM_BACK_RIGHT__1537290164428113.jpg"], "intrinsics": [[[1257.8625342125129, 0.0, 827.2410631095686], [0.0, 1257.8625342125129, 450.915498205774], [0.0, 0.0, 1.0]], [[1252.8131021185304, 0.0, 826.588114781398], [0.0, 1252.8131021185304, 469.9846626224581], [0.0, 0.0, 1.0]], [[1256.7485116440405, 0.0, 817.7887570959712], [0.0, 1256.7485116440403, 451.9541780095127], [0.0, 0.0, 1.0]], [[1254.9860565800168, 0.0, 829.5769333630991], [0.0, 1254.9860565800168, 467.1680561863987], [0.0, 0.0, 1.0]], [[796.8910634503094, 0.0, 857.7774326863696], [0.0, 796.8910634503094, 476.8848988407415], [0.0, 0.0, 1.0]], [[1249.9629280788233, 0.0, 825.3768045375984], [0.0, 1249.9629280788233, 462.54816385708756], [0.0, 0.0, 1.0]]], "extrinsics": [[[0.8224380612373352, -0.5685279965400696, -0.01928018592298031, -0.7694091796875], [-0.004338447470217943, 0.027623169124126434, -0.9996089339256287, 1.4869880676269531], [0.5688382387161255, 0.8222001791000366, 0.020251814275979996, -1.1737060546875], [0.0, 0.0, 0.0, 1.0]], [[0.010056568309664726, -0.9996722936630249, -0.023539045825600624, 0.0096435546875], [-0.0024345957208424807, 0.023515688255429268, -0.9997205138206482, 1.4795417785644531], [0.9999464154243469, 0.010111140087246895, -0.002197310794144869, -1.49884033203125], [0.0, 0.0, 0.0, 1.0]], [[-0.8441358208656311, -0.535980761051178, -0.01262038666754961, 0.9359130859375], [0.0055318716913461685, 0.014831043779850006, -0.9998746514320374, 1.4940681457519531], [0.5361008048057556, -0.8440998792648315, -0.009554440155625343, -1.1773681640625], [0.0, 0.0, 0.0, 1.0]], [[0.9478043913841248, 0.3187139630317688, -0.009395482949912548, -1.132080078125], [-0.019987044855952263, 0.029978062957525253, -0.9993506669998169, 1.5617904663085938], [-0.31822532415390015, 0.9473767280578613, 0.034783490002155304, -0.16015625], [0.0, 0.0, 0.0, 1.0]], [[0.009382345713675022, 0.9997074007987976, 0.022294912487268448, -0.02880859375], [-0.017762919887900352, 0.0224589966237545, -0.9995899200439453, 1.56671142578125], [-0.9997981786727905, 0.00898235198110342, 0.017968442291021347, -0.030914306640625], [0.0, 0.0, 0.0, 1.0]], [[-0.9236810803413391, 0.3829600512981415, 0.012440270744264126, 1.034912109375], [-0.013570652343332767, -0.0002502379647921771, -0.9999078512191772, 1.5459704399108887], [-0.38292157649993896, -0.9237648248672485, 0.005428157281130552, -0.0947265625], [0.0, 0.0, 0.0, 1.0]]], "view": [[0.0, -2.0, 100.0], [-2.0, 0.0, 100.0], [0.0, 0.0, 1.0]], "bev": "bev_98328861bd854870908a712f679622e0.png", "aux": "aux_98328861bd854870908a712f679622e0.npz", "visibility": "visibility_98328861bd854870908a712f679622e0.png", "pose": [[-0.860861599445343, -0.5088391900062561, 0.0, 438.6886291503906], [0.5088391900062561, -0.860861599445343, 0.0, 1615.48876953125], [0.0, 0.0, 1.0, 0.0], [0.0, 0.0, 0.0, 1.0]], "pose_inverse": [[-0.860861599445343, 0.5088391900062561, 0.0, -444.37384033203125], [-0.5088391900062561, -0.860861599445343, 0.0, 1613.9342041015625], [0.0, 0.0, 1.0, 0.0], [0.0, 0.0, 0.0, 1.0]], "cam_ids": [0, 1, 2, 3, 4, 5], "cam_channels": ["CAM_FRONT_LEFT", "CAM_FRONT", "CAM_FRONT_RIGHT", "CAM_BACK_LEFT", "CAM_BACK", "CAM_BACK_RIGHT"], "token": "98328861bd854870908a712f679622e0", "scene": "scene-0475"}, {"images": ["samples/CAM_FRONT_LEFT/n008-2018-09-18-12-53-31-0400__CAM_FRONT_LEFT__1537290164904799.jpg", "samples/CAM_FRONT/n008-2018-09-18-12-53-31-0400__CAM_FRONT__1537290164912404.jpg", "samples/CAM_FRONT_RIGHT/n008-2018-09-18-12-53-31-0400__CAM_FRONT_RIGHT__1537290164920482.jpg", "samples/CAM_BACK_LEFT/n008-2018-09-18-12-53-31-0400__CAM_BACK_LEFT__1537290164947405.jpg", "samples/CAM_BACK/n008-2018-09-18-12-53-31-0400__CAM_BACK__1537290164937558.jpg", "samples/CAM_BACK_RIGHT/n008-2018-09-18-12-53-31-0400__CAM_BACK_RIGHT__1537290164928113.jpg"], "intrinsics": [[[1257.8625342125129, 0.0, 827.2410631095686], [0.0, 1257.8625342125129, 450.915498205774], [0.0, 0.0, 1.0]], [[1252.8131021185304, 0.0, 826.588114781398], [0.0, 1252.8131021185304, 469.9846626224581], [0.0, 0.0, 1.0]], [[1256.7485116440405, 0.0, 817.7887570959712], [0.0, 1256.7485116440403, 451.9541780095127], [0.0, 0.0, 1.0]], [[1254.9860565800168, 0.0, 829.5769333630991], [0.0, 1254.9860565800168, 467.1680561863987], [0.0, 0.0, 1.0]], [[796.8910634503094, 0.0, 857.7774326863696], [0.0, 796.8910634503094, 476.8848988407415], [0.0, 0.0, 1.0]], [[1249.9629280788233, 0.0, 825.3768045375984], [0.0, 1249.9629280788233, 462.54816385708756], [0.0, 0.0, 1.0]]], "extrinsics": [[[0.8221226930618286, -0.5689026713371277, -0.021546151489019394, -0.7657470703125], [-0.008471735753118992, 0.02561686746776104, -0.9996359348297119, 1.4857978820800781], [0.5692475438117981, 0.8220058679580688, 0.016240611672401428, -1.169677734375], [0.0, 0.0, 0.0, 1.0]], [[0.009637097828090191, -0.999720573425293, -0.021585991606116295, 0.009033203125], [-0.006317617371678352, 0.02152569219470024, -0.9997483491897583, 1.4786148071289062], [0.999933660030365, 0.00977099034935236, -0.0061084069311618805, -1.494049072265625], [0.0, 0.0, 0.0, 1.0]], [[-0.8443169593811035, -0.5357768535614014, -0.00849588867276907, 0.932464599609375], [0.0019035658333450556, 0.012856023386120796, -0.9999155402183533, 1.4934215545654297], [0.5358408093452454, -0.8442617654800415, -0.009834673255681992, -1.1761474609375], [0.0, 0.0, 0.0, 1.0]], [[0.9477542638778687, 0.31872594356536865, -0.013259082101285458, -1.132568359375], [-0.023386668413877487, 0.02796931192278862, -0.9993351697921753, 1.5617599487304688], [-0.31814321875572205, 0.9474341869354248, 0.03396197035908699, -0.159912109375], [0.0, 0.0, 0.0, 1.0]], [[0.009546706452965736, 0.9997499585151672, 0.020221499726176262, -0.0284423828125], [-0.021338457241654396, 0.020421495661139488, -0.9995636940002441, 1.5664291381835938], [-0.9997268319129944, 0.009111075662076473, 0.021528080105781555, -0.03204345703125], [0.0, 0.0, 0.0, 1.0]], [[-0.923553466796875, 0.38317546248435974, 0.015019462443888187, 1.0328369140625], [-0.01718589849770069, -0.002231063088402152, -0.999849796295166, 1.5454392433166504], [-0.38308435678482056, -0.9236728549003601, 0.008645719848573208, -0.0960693359375], [0.0, 0.0, 0.0, 1.0]]], "view": [[0.0, -2.0, 100.0], [-2.0, 0.0, 100.0], [0.0, 0.0, 1.0]], "bev": "bev_a13f455b8a1e41f594cafca6e81e8c6d.png", "aux": "aux_a13f455b8a1e41f594cafca6e81e8c6d.npz", "visibility": "visibility_a13f455b8a1e41f594cafca6e81e8c6d.png", "pose": [[-0.8602059483528137, -0.5099468231201172, 0.0, 435.9275207519531], [0.5099468231201172, -0.8602059483528137, 0.0, 1617.1573486328125], [0.0, 0.0, 1.0, 0.0], [0.0, 0.0, 0.0, 1.0]], "pose_inverse": [[-0.8602059483528137, 0.5099468231201172, 0.0, -449.6767578125], [-0.5099468231201172, -0.8602059483528137, 0.0, 1613.38818359375], [0.0, 0.0, 1.0, 0.0], [0.0, 0.0, 0.0, 1.0]], "cam_ids": [0, 1, 2, 3, 4, 5], "cam_channels": ["CAM_FRONT_LEFT", "CAM_FRONT", "CAM_FRONT_RIGHT", "CAM_BACK_LEFT", "CAM_BACK", "CAM_BACK_RIGHT"], "token": "a13f455b8a1e41f594cafca6e81e8c6d", "scene": "scene-0475"}, {"images": ["samples/CAM_FRONT_LEFT/n008-2018-09-18-12-53-31-0400__CAM_FRONT_LEFT__1537290165404799.jpg", "samples/CAM_FRONT/n008-2018-09-18-12-53-31-0400__CAM_FRONT__1537290165412404.jpg", "samples/CAM_FRONT_RIGHT/n008-2018-09-18-12-53-31-0400__CAM_FRONT_RIGHT__1537290165420482.jpg", "samples/CAM_BACK_LEFT/n008-2018-09-18-12-53-31-0400__CAM_BACK_LEFT__1537290165447405.jpg", "samples/CAM_BACK/n008-2018-09-18-12-53-31-0400__CAM_BACK__1537290165437558.jpg", "samples/CAM_BACK_RIGHT/n008-2018-09-18-12-53-31-0400__CAM_BACK_RIGHT__1537290165428113.jpg"], "intrinsics": [[[1257.8625342125129, 0.0, 827.2410631095686], [0.0, 1257.8625342125129, 450.915498205774], [0.0, 0.0, 1.0]], [[1252.8131021185304, 0.0, 826.588114781398], [0.0, 1252.8131021185304, 469.9846626224581], [0.0, 0.0, 1.0]], [[1256.7485116440405, 0.0, 817.7887570959712], [0.0, 1256.7485116440403, 451.9541780095127], [0.0, 0.0, 1.0]], [[1254.9860565800168, 0.0, 829.5769333630991], [0.0, 1254.9860565800168, 467.1680561863987], [0.0, 0.0, 1.0]], [[796.8910634503094, 0.0, 857.7774326863696], [0.0, 796.8910634503094, 476.8848988407415], [0.0, 0.0, 1.0]], [[1249.9629280788233, 0.0, 825.3768045375984], [0.0, 1249.9629280788233, 462.54816385708756], [0.0, 0.0, 1.0]]], "extrinsics": [[[0.8222752809524536, -0.5686678290367126, -0.02191716991364956, -0.762451171875], [-0.01048928964883089, 0.023361438885331154, -0.9996720552444458, 1.4851531982421875], [0.568993330001831, 0.8222355246543884, 0.013244610279798508, -1.1690673828125], [0.0, 0.0, 0.0, 1.0]], [[0.009868047200143337, -0.9997648000717163, -0.01931375078856945, 0.010009765625], [-0.008609610609710217, 0.01922902837395668, -0.9997780323028564, 1.4780349731445312], [0.9999142289161682, 0.010032117366790771, -0.008417830802500248, -1.492431640625], [0.0, 0.0, 0.0, 1.0]], [[-0.844244658946991, -0.5359340310096741, -0.005068606697022915, 0.93255615234375], [-0.0006724154809489846, 0.010516236536204815, -0.9999444484710693, 1.4929256439208984], [0.5359575748443604, -0.8441944122314453, -0.009238647297024727, -1.175048828125], [0.0, 0.0, 0.0, 1.0]], [[0.9476965069770813, 0.31874239444732666, -0.016571078449487686, -1.133209228515625], [-0.02607850730419159, 0.02558332309126854, -0.9993324875831604, 1.5617485046386719], [-0.3181057870388031, 0.9474960565567017, 0.03255755454301834, -0.1597900390625], [0.0, 0.0, 0.0, 1.0]], [[0.00953935831785202, 0.9997953772544861, 0.017840437591075897, -0.02880859375], [-0.02391902171075344, 0.018064292147755623, -0.9995506405830383, 1.5662345886230469], [-0.9996684193611145, 0.009108378551900387, 0.024086449295282364, -0.03143310546875], [0.0, 0.0, 0.0, 1.0]], [[-0.9235363602638245, 0.38315460085868835, 0.016529301181435585, 1.032958984375], [-0.019795745611190796, -0.00458353478461504, -0.9997935891151428, 1.5450917482376099], [-0.3829997181892395, -0.9236728549003601, 0.011817891150712967, -0.09521484375], [0.0, 0.0, 0.0, 1.0]]], "view": [[0.0, -2.0, 100.0], [-2.0, 0.0, 100.0], [0.0, 0.0, 1.0]], "bev": "bev_529a7bc0ce584fc8b0efa9f47d449573.png", "aux": "aux_529a7bc0ce584fc8b0efa9f47d449573.npz", "visibility": "visibility_529a7bc0ce584fc8b0efa9f47d449573.png", "pose": [[-0.858889102935791, -0.5121616721153259, 0.0, 433.1183166503906], [0.5121616721153259, -0.858889102935791, 0.0, 1618.861572265625], [0.0, 0.0, 1.0, 0.0], [0.0, 0.0, 0.0, 1.0]], "pose_inverse": [[-0.858889102935791, 0.5121616721153259, 0.0, -457.11822509765625], [-0.5121616721153259, -0.858889102935791, 0.0, 1612.2491455078125], [0.0, 0.0, 1.0, 0.0], [0.0, 0.0, 0.0, 1.0]], "cam_ids": [0, 1, 2, 3, 4, 5], "cam_channels": ["CAM_FRONT_LEFT", "CAM_FRONT", "CAM_FRONT_RIGHT", "CAM_BACK_LEFT", "CAM_BACK", "CAM_BACK_RIGHT"], "token": "529a7bc0ce584fc8b0efa9f47d449573", "scene": "scene-0475"}, {"images": ["samples/CAM_FRONT_LEFT/n008-2018-09-18-12-53-31-0400__CAM_FRONT_LEFT__1537290165904799.jpg", "samples/CAM_FRONT/n008-2018-09-18-12-53-31-0400__CAM_FRONT__1537290165912404.jpg", "samples/CAM_FRONT_RIGHT/n008-2018-09-18-12-53-31-0400__CAM_FRONT_RIGHT__1537290165920482.jpg", "samples/CAM_BACK_LEFT/n008-2018-09-18-12-53-31-0400__CAM_BACK_LEFT__1537290165947405.jpg", "samples/CAM_BACK/n008-2018-09-18-12-53-31-0400__CAM_BACK__1537290165937558.jpg", "samples/CAM_BACK_RIGHT/n008-2018-09-18-12-53-31-0400__CAM_BACK_RIGHT__1537290165928113.jpg"], "intrinsics": [[[1257.8625342125129, 0.0, 827.2410631095686], [0.0, 1257.8625342125129, 450.915498205774], [0.0, 0.0, 1.0]], [[1252.8131021185304, 0.0, 826.588114781398], [0.0, 1252.8131021185304, 469.9846626224581], [0.0, 0.0, 1.0]], [[1256.7485116440405, 0.0, 817.7887570959712], [0.0, 1256.7485116440403, 451.9541780095127], [0.0, 0.0, 1.0]], [[1254.9860565800168, 0.0, 829.5769333630991], [0.0, 1254.9860565800168, 467.1680561863987], [0.0, 0.0, 1.0]], [[796.8910634503094, 0.0, 857.7774326863696], [0.0, 796.8910634503094, 476.8848988407415], [0.0, 0.0, 1.0]], [[1249.9629280788233, 0.0, 825.3768045375984], [0.0, 1249.9629280788233, 462.54816385708756], [0.0, 0.0, 1.0]]], "extrinsics": [[[0.8221244812011719, -0.5689060091972351, -0.021390262991189957, -0.7918701171875], [-0.011177911423146725, 0.021434789523482323, -0.9997077584266663, 1.4853858947753906], [0.5691981315612793, 0.8221232891082764, 0.011262882500886917, -1.1875], [0.0, 0.0, 0.0, 1.0]], [[0.009730680845677853, -0.9998014569282532, -0.017390329390764236, 0.0086669921875], [-0.008867388591170311, 0.0173041932284832, -0.9998109936714172, 1.4782543182373047], [0.9999133944511414, 0.00988293532282114, -0.00869724340736866, -1.521392822265625], [0.0, 0.0, 0.0, 1.0]], [[-0.8442544341087341, -0.5359260439872742, -0.004211395513266325, 0.951446533203125], [-0.0004676368844229728, 0.008594549261033535, -0.9999629259109497, 1.4929876327514648], [0.5359424352645874, -0.8442212343215942, -0.007506605703383684, -1.188232421875], [0.0, 0.0, 0.0, 1.0]], [[0.947700560092926, 0.31875479221343994, -0.016098296269774437, -1.1393508911132812], [-0.02497110888361931, 0.02376875840127468, -0.999405562877655, 1.561920166015625], [-0.31818270683288574, 0.9475391507148743, 0.030485324561595917, -0.15771484375], [0.0, 0.0, 0.0, 1.0]], [[0.009457041509449482, 0.9998263120651245, 0.01606457494199276, -0.028564453125], [-0.023147784173488617, 0.016279879957437515, -0.9995994567871094, 1.5665817260742188], [-0.9996873736381531, 0.009081345982849598, 0.02329772152006626, -0.01934814453125], [0.0, 0.0, 0.0, 1.0]], [[-0.9235774874687195, 0.3831051290035248, 0.01533002220094204, 1.04931640625], [-0.019278736785054207, -0.006469646468758583, -0.9997931718826294, 1.5454950332641602], [-0.3829267621040344, -0.9236820936203003, 0.013361003249883652, -0.089111328125], [0.0, 0.0, 0.0, 1.0]]], "view": [[0.0, -2.0, 100.0], [-2.0, 0.0, 100.0], [0.0, 0.0, 1.0]], "bev": "bev_04b08aa7a863458aa2eeccc86d5e3569.png", "aux": "aux_04b08aa7a863458aa2eeccc86d5e3569.npz", "visibility": "visibility_04b08aa7a863458aa2eeccc86d5e3569.png", "pose": [[-0.8596126437187195, -0.5109463334083557, 0.0, 430.4267578125], [0.5109463334083557, -0.8596126437187195, 0.0, 1620.4908447265625], [0.0, 0.0, 1.0, 0.0], [0.0, 0.0, 0.0, 1.0]], "pose_inverse": [[-0.8596126437187195, 0.5109463334083557, 0.0, -457.9835510253906], [-0.5109463334083557, -0.8596126437187195, 0.0, 1612.9193115234375], [0.0, 0.0, 1.0, 0.0], [0.0, 0.0, 0.0, 1.0]], "cam_ids": [0, 1, 2, 3, 4, 5], "cam_channels": ["CAM_FRONT_LEFT", "CAM_FRONT", "CAM_FRONT_RIGHT", "CAM_BACK_LEFT", "CAM_BACK", "CAM_BACK_RIGHT"], "token": "04b08aa7a863458aa2eeccc86d5e3569", "scene": "scene-0475"}, {"images": ["samples/CAM_FRONT_LEFT/n008-2018-09-18-12-53-31-0400__CAM_FRONT_LEFT__1537290166404799.jpg", "samples/CAM_FRONT/n008-2018-09-18-12-53-31-0400__CAM_FRONT__1537290166412404.jpg", "samples/CAM_FRONT_RIGHT/n008-2018-09-18-12-53-31-0400__CAM_FRONT_RIGHT__1537290166420482.jpg", "samples/CAM_BACK_LEFT/n008-2018-09-18-12-53-31-0400__CAM_BACK_LEFT__1537290166447405.jpg", "samples/CAM_BACK/n008-2018-09-18-12-53-31-0400__CAM_BACK__1537290166437558.jpg", "samples/CAM_BACK_RIGHT/n008-2018-09-18-12-53-31-0400__CAM_BACK_RIGHT__1537290166428113.jpg"], "intrinsics": [[[1257.8625342125129, 0.0, 827.2410631095686], [0.0, 1257.8625342125129, 450.915498205774], [0.0, 0.0, 1.0]], [[1252.8131021185304, 0.0, 826.588114781398], [0.0, 1252.8131021185304, 469.9846626224581], [0.0, 0.0, 1.0]], [[1256.7485116440405, 0.0, 817.7887570959712], [0.0, 1256.7485116440403, 451.9541780095127], [0.0, 0.0, 1.0]], [[1254.9860565800168, 0.0, 829.5769333630991], [0.0, 1254.9860565800168, 467.1680561863987], [0.0, 0.0, 1.0]], [[796.8910634503094, 0.0, 857.7774326863696], [0.0, 796.8910634503094, 476.8848988407415], [0.0, 0.0, 1.0]], [[1249.9629280788233, 0.0, 825.3768045375984], [0.0, 1249.9629280788233, 462.54816385708756], [0.0, 0.0, 1.0]]], "extrinsics": [[[0.8225172758102417, -0.5681178569793701, -0.026599187403917313, -0.790771484375], [-0.014794613234698772, 0.02538008987903595, -0.9995684027671814, 1.4844017028808594], [0.5685476660728455, 0.8225557804107666, 0.012470477260649204, -1.188720703125], [0.0, 0.0, 0.0, 1.0]], [[0.010316630825400352, -0.9997215867042542, -0.021220603957772255, 0.009765625], [-0.012853397987782955, 0.0210874006152153, -0.9996950626373291, 1.4773788452148438], [0.9998642206192017, 0.010586251504719257, -0.012632268480956554, -1.521942138671875], [0.0, 0.0, 0.0, 1.0]], [[-0.8440067768096924, -0.5363269448280334, -0.0024569774977862835, 0.9525146484375], [-0.004846485331654549, 0.01220753788948059, -0.99991375207901, 1.492258071899414], [0.5363106727600098, -0.8439220786094666, -0.012902544811367989, -1.1878662109375], [0.0, 0.0, 0.0, 1.0]], [[0.9475913643836975, 0.3188372552394867, -0.020332857966423035, -1.1388778686523438], [-0.03042430616915226, 0.026702068746089935, -0.9991803765296936, 1.5618782043457031], [-0.3180330693721771, 0.9474332928657532, 0.03500305488705635, -0.1580810546875], [0.0, 0.0, 0.0, 1.0]], [[0.009365963749587536, 0.999775230884552, 0.01901833713054657, -0.02880859375], [-0.0282073225826025, 0.019275756552815437, -0