[{"images": ["samples/CAM_FRONT_LEFT/n008-2018-09-18-14-54-39-0400__CAM_FRONT_LEFT__1537297837854799.jpg", "samples/CAM_FRONT/n008-2018-09-18-14-54-39-0400__CAM_FRONT__1537297837862404.jpg", "samples/CAM_FRONT_RIGHT/n008-2018-09-18-14-54-39-0400__CAM_FRONT_RIGHT__1537297837870482.jpg", "samples/CAM_BACK_LEFT/n008-2018-09-18-14-54-39-0400__CAM_BACK_LEFT__1537297837897405.jpg", "samples/CAM_BACK/n008-2018-09-18-14-54-39-0400__CAM_BACK__1537297837887558.jpg", "samples/CAM_BACK_RIGHT/n008-2018-09-18-14-54-39-0400__CAM_BACK_RIGHT__1537297837878113.jpg"], "intrinsics": [[[1257.8625342125129, 0.0, 827.2410631095686], [0.0, 1257.8625342125129, 450.915498205774], [0.0, 0.0, 1.0]], [[1252.8131021185304, 0.0, 826.588114781398], [0.0, 1252.8131021185304, 469.9846626224581], [0.0, 0.0, 1.0]], [[1256.7485116440405, 0.0, 817.7887570959712], [0.0, 1256.7485116440403, 451.9541780095127], [0.0, 0.0, 1.0]], [[1254.9860565800168, 0.0, 829.5769333630991], [0.0, 1254.9860565800168, 467.1680561863987], [0.0, 0.0, 1.0]], [[796.8910634503094, 0.0, 857.7774326863696], [0.0, 796.8910634503094, 476.8848988407415], [0.0, 0.0, 1.0]], [[1249.9629280788233, 0.0, 825.3768045375984], [0.0, 1249.9629280788233, 462.54816385708756], [0.0, 0.0, 1.0]]], "extrinsics": [[[0.8225156664848328, -0.5684561133384705, -0.018046092242002487, -0.8214111328125], [-0.006626116577535868, 0.022149793803691864, -0.9997327327728271, 1.4867687225341797], [0.568703830242157, 0.8224154710769653, 0.014451895840466022, -1.2095947265625], [0.0, 0.0, 0.0, 1.0]], [[0.010178857482969761, -0.9997817873954773, -0.018242359161376953, 0.0092315673828125], [-0.0046184672974050045, 0.01819610223174095, -0.999823808670044, 1.4792804718017578], [0.9999374747276306, 0.010261260904371738, -0.0044322446919977665, -1.550537109375], [0.0, 0.0, 0.0, 1.0]], [[-0.8441205024719238, -0.5360919237136841, -0.008126111701130867, 0.96923828125], [0.003573994617909193, 0.009529725648462772, -0.9999482035636902, 1.493577003479004], [0.5361416339874268, -0.8441058397293091, -0.006128248758614063, -1.1988525390625], [0.0, 0.0, 0.0, 1.0]], [[0.9478033781051636, 0.31861692667007446, -0.01233163382858038, -1.1336669921875], [-0.02106572315096855, 0.023981191217899323, -0.9994904398918152, 1.5618133544921875], [-0.3181588053703308, 0.9475801587104797, 0.0294413510710001, -0.1595458984375], [0.0, 0.0, 0.0, 1.0]], [[0.009422985836863518, 0.9998165369033813, 0.016679536551237106, -0.02867889404296875], [-0.019188292324543, 0.016857998445630074, -0.9996737241744995, 1.5669021606445312], [-0.9997714757919312, 0.009099815040826797, 0.019343623891472816, -0.0155029296875], [0.0, 0.0, 0.0, 1.0]], [[-0.9236626625061035, 0.38302186131477356, 0.011901980265974998, 1.061279296875], [-0.015224289149045944, -0.005643792916089296, -0.9998681545257568, 1.5461845397949219], [-0.3829041123390198, -0.9237220287322998, 0.011044193990528584, -0.08404541015625], [0.0, 0.0, 0.0, 1.0]]], "view": [[0.0, -2.0, 100.0], [-2.0, 0.0, 100.0], [0.0, 0.0, 1.0]], "bev": "bev_7efb4b8ec8e44218b45ecfb7575054a7.png", "aux": "aux_7efb4b8ec8e44218b45ecfb7575054a7.npz", "visibility": "visibility_7efb4b8ec8e44218b45ecfb7575054a7.png", "pose": [[0.49720874428749084, -0.8676309585571289, 0.0, 961.5763549804688], [0.8676309585571289, 0.49720874428749084, 0.0, 1566.7763671875], [0.0, 0.0, 1.0, 0.0], [0.0, 0.0, 0.0, 1.0]], "pose_inverse": [[0.49720874428749084, 0.8676309585571289, 0.0, -1837.48779296875], [-0.8676309585571289, 0.49720874428749084, 0.0, 55.278526306152344], [0.0, 0.0, 1.0, 0.0], [0.0, 0.0, 0.0, 1.0]], "cam_ids": [0, 1, 2, 3, 4, 5], "cam_channels": ["CAM_FRONT_LEFT", "CAM_FRONT", "CAM_FRONT_RIGHT", "CAM_BACK_LEFT", "CAM_BACK", "CAM_BACK_RIGHT"], "token": "7efb4b8ec8e44218b45ecfb7575054a7", "scene": "scene-0902"}, {"images": ["samples/CAM_FRONT_LEFT/n008-2018-09-18-14-54-39-0400__CAM_FRONT_LEFT__1537297838354799.jpg", "samples/CAM_FRONT/n008-2018-09-18-14-54-39-0400__CAM_FRONT__1537297838362404.jpg", "samples/CAM_FRONT_RIGHT/n008-2018-09-18-14-54-39-0400__CAM_FRONT_RIGHT__1537297838370482.jpg", "samples/CAM_BACK_LEFT/n008-2018-09-18-14-54-39-0400__CAM_BACK_LEFT__1537297838397405.jpg", "samples/CAM_BACK/n008-2018-09-18-14-54-39-0400__CAM_BACK__1537297838387558.jpg", "samples/CAM_BACK_RIGHT/n008-2018-09-18-14-54-39-0400__CAM_BACK_RIGHT__1537297838378113.jpg"], "intrinsics": [[[1257.8625342125129, 0.0, 827.2410631095686], [0.0, 1257.8625342125129, 450.915498205774], [0.0, 0.0, 1.0]], [[1252.8131021185304, 0.0, 826.588114781398], [0.0, 1252.8131021185304, 469.9846626224581], [0.0, 0.0, 1.0]], [[1256.7485116440405, 0.0, 817.7887570959712], [0.0, 1256.7485116440403, 451.9541780095127], [0.0, 0.0, 1.0]], [[1254.9860565800168, 0.0, 829.5769333630991], [0.0, 1254.9860565800168, 467.1680561863987], [0.0, 0.0, 1.0]], [[796.8910634503094, 0.0, 857.7774326863696], [0.0, 796.8910634503094, 476.8848988407415], [0.0, 0.0, 1.0]], [[1249.9629280788233, 0.0, 825.3768045375984], [0.0, 1249.9629280788233, 462.54816385708756], [0.0, 0.0, 1.0]]], "extrinsics": [[[0.8219176530838013, -0.5692956447601318, -0.018810590729117393, -0.8338623046875], [-0.004347397480159998, 0.026753196492791176, -0.9996325969696045, 1.4873466491699219], [0.5695896744728088, 0.821697473526001, 0.019513968378305435, -1.21685791015625], [0.0, 0.0, 0.0, 1.0]], [[0.009271601215004921, -0.9996980428695679, -0.02275596745312214, 0.00830841064453125], [-0.002072748029604554, 0.02273768186569214, -0.9997392892837524, 1.4797792434692383], [0.999954879283905, 0.009316378273069859, -0.0018613071879372, -1.5633544921875], [0.0, 0.0, 0.0, 1.0]], [[-0.844511091709137, -0.5353872776031494, -0.012712934985756874, 0.9783935546875], [0.006122335325926542, 0.014085236005485058, -0.9998820424079895, 1.493875503540039], [0.5355032086372375, -0.844489336013794, -0.008617316372692585, -1.205078125], [0.0, 0.0, 0.0, 1.0]], [[0.9478546380996704, 0.3185928761959076, -0.008374864235520363, -1.13525390625], [-0.018573971465229988, 0.028988495469093323, -0.999407172203064, 1.5618629455566406], [-0.3181612491607666, 0.9474483132362366, 0.03339441865682602, -0.1591796875], [0.0, 0.0, 0.0, 1.0]], [[0.00971599668264389, 0.9997217059135437, 0.02149677462875843, -0.028751373291015625], [-0.016614876687526703, 0.021656222641468048, -0.9996273517608643, 1.5671424865722656], [-0.9998146891593933, 0.009355243295431137, 0.016820663586258888, -0.0101318359375], [0.0, 0.0, 0.0, 1.0]], [[-0.9234599471092224, 0.3835228681564331, 0.011489012278616428, 1.0697021484375], [-0.012844490818679333, -0.0009733822662383318, -0.9999170303344727, 1.5465545654296875], [-0.3834798038005829, -0.9235308170318604, 0.005825035274028778, -0.08062744140625], [0.0, 0.0, 0.0, 1.0]]], "view": [[0.0, -2.0, 100.0], [-2.0, 0.0, 100.0], [0.0, 0.0, 1.0]], "bev": "bev_514298d7123e48a8abcad00c663546fe.png", "aux": "aux_514298d7123e48a8abcad00c663546fe.npz", "visibility": "visibility_514298d7123e48a8abcad00c663546fe.png", "pose": [[0.49811697006225586, -0.8671098351478577, 0.0, 962.788818359375], [0.8671098351478577, 0.49811697006225586, 0.0, 1568.84521484375], [0.0, 0.0, 1.0, 0.0], [0.0, 0.0, 0.0, 1.0]], "pose_inverse": [[0.49811697006225586, 0.8671098351478577, 0.0, -1839.942626953125], [-0.8671098351478577, 0.49811697006225586, 0.0, 53.37521743774414], [0.0, 0.0, 1.0, 0.0], [0.0, 0.0, 0.0, 1.0]], "cam_ids": [0, 1, 2, 3, 4, 5], "cam_channels": ["CAM_FRONT_LEFT", "CAM_FRONT", "CAM_FRONT_RIGHT", "CAM_BACK_LEFT", "CAM_BACK", "CAM_BACK_RIGHT"], "token": "514298d7123e48a8abcad00c663546fe", "scene": "scene-0902"}, {"images": ["samples/CAM_FRONT_LEFT/n008-2018-09-18-14-54-39-0400__CAM_FRONT_LEFT__1537297838854799.jpg", "samples/CAM_FRONT/n008-2018-09-18-14-54-39-0400__CAM_FRONT__1537297838862404.jpg", "samples/CAM_FRONT_RIGHT/n008-2018-09-18-14-54-39-0400__CAM_FRONT_RIGHT__1537297838870482.jpg", "samples/CAM_BACK_LEFT/n008-2018-09-18-14-54-39-0400__CAM_BACK_LEFT__1537297838897405.jpg", "samples/CAM_BACK/n008-2018-09-18-14-54-39-0400__CAM_BACK__1537297838887558.jpg", "samples/CAM_BACK_RIGHT/n008-2018-09-18-14-54-39-0400__CAM_BACK_RIGHT__1537297838878113.jpg"], "intrinsics": [[[1257.8625342125129, 0.0, 827.2410631095686], [0.0, 1257.8625342125129, 450.915498205774], [0.0, 0.0, 1.0]], [[1252.8131021185304, 0.0, 826.588114781398], [0.0, 1252.8131021185304, 469.9846626224581], [0.0, 0.0, 1.0]], [[1256.7485116440405, 0.0, 817.7887570959712], [0.0, 1256.7485116440403, 451.9541780095127], [0.0, 0.0, 1.0]], [[1254.9860565800168, 0.0, 829.5769333630991], [0.0, 1254.9860565800168, 467.1680561863987], [0.0, 0.0, 1.0]], [[796.8910634503094, 0.0, 857.7774326863696], [0.0, 796.8910634503094, 476.8848988407415], [0.0, 0.0, 1.0]], [[1249.9629280788233, 0.0, 825.3768045375984], [0.0, 1249.9629280788233, 462.54816385708756], [0.0, 0.0, 1.0]]], "extrinsics": [[[0.8223326206207275, -0.5689893364906311, -0.004503362812101841, -0.8525390625], [0.00606714328750968, 0.0166819728910923, -0.9998424053192139, 1.4893913269042969], [0.5689747333526611, 0.8221757411956787, 0.017170269042253494, -1.22943115234375], [0.0, 0.0, 0.0, 1.0]], [[0.009924500249326229, -0.999871551990509, -0.012582773342728615, 0.00800323486328125], [0.0076605514623224735, 0.012659049592912197, -0.9998905658721924, 1.4813261032104492], [0.999921441078186, 0.009827034547924995, 0.007785202469676733, -1.58154296875], [0.0, 0.0, 0.0, 1.0]], [[-0.8441473245620728, -0.5358989834785461, -0.015083127655088902, 0.9896240234375], [0.015239685773849487, 0.004136424511671066, -0.9998752474784851, 1.4948997497558594], [0.5358946323394775, -0.8442719578742981, 0.004675180185586214, -1.21240234375], [0.0, 0.0, 0.0, 1.0]], [[0.9478773474693298, 0.3186008036136627, -0.004703863523900509, -1.1363525390625], [-0.011755387298762798, 0.020213657990098, -0.9997265934944153, 1.5619487762451172], [-0.3184186518192291, 0.9476734399795532, 0.022905344143509865, -0.15875244140625], [0.0, 0.0, 0.0, 1.0]], [[0.009363393299281597, 0.9998814463615417, 0.012228510342538357, -0.028736114501953125], [-0.00897566881030798, 0.01231259386986494, -0.9998838901519775, 1.5676155090332031], [-0.9999158978462219, 0.009252527728676796, 0.00908989179879427, -0.0048828125], [0.0, 0.0, 0.0, 1.0]], [[-0.9236538410186768, 0.38322770595550537, -0.0001720147702144459, 1.07861328125], [-0.004255369771271944, -0.010705104097723961, -0.999933660030365, 1.5474419593811035], [-0.38320404291152954, -0.9235919117927551, 0.011518587358295918, -0.0770263671875], [0.0, 0.0, 0.0, 1.0]]], "view": [[0.0, -2.0, 100.0], [-2.0, 0.0, 100.0], [0.0, 0.0, 1.0]], "bev": "bev_73be747124d34b64a0ff0b473981feec.png", "aux": "aux_73be747124d34b64a0ff0b473981feec.npz", "visibility": "visibility_73be747124d34b64a0ff0b473981feec.png", "pose": [[0.49852454662323, -0.8668755888938904, 0.0, 963.9151000976562], [0.8668755888938904, 0.49852454662323, 0.0, 1570.74169921875], [0.0, 0.0, 1.0, 0.0], [0.0, 0.0, 0.0, 1.0]], "pose_inverse": [[0.49852454662323, 0.8668755888938904, 0.0, -1842.1729736328125], [-0.8668755888938904, 0.49852454662323, 0.0, 52.54117965698242], [0.0, 0.0, 1.0, 0.0], [0.0, 0.0, 0.0, 1.0]], "cam_ids": [0, 1, 2, 3, 4, 5], "cam_channels": ["CAM_FRONT_LEFT", "CAM_FRONT", "CAM_FRONT_RIGHT", "CAM_BACK_LEFT", "CAM_BACK", "CAM_BACK_RIGHT"], "token": "73be747124d34b64a0ff0b473981feec", "scene": "scene-0902"}, {"images": ["samples/CAM_FRONT_LEFT/n008-2018-09-18-14-54-39-0400__CAM_FRONT_LEFT__1537297839354799.jpg", "samples/CAM_FRONT/n008-2018-09-18-14-54-39-0400__CAM_FRONT__1537297839362404.jpg", "samples/CAM_FRONT_RIGHT/n008-2018-09-18-14-54-39-0400__CAM_FRONT_RIGHT__1537297839370482.jpg", "samples/CAM_BACK_LEFT/n008-2018-09-18-14-54-39-0400__CAM_BACK_LEFT__1537297839397405.jpg", "samples/CAM_BACK/n008-2018-09-18-14-54-39-0400__CAM_BACK__1537297839387558.jpg", "samples/CAM_BACK_RIGHT/n008-2018-09-18-14-54-39-0400__CAM_BACK_RIGHT__1537297839378113.jpg"], "intrinsics": [[[1257.8625342125129, 0.0, 827.2410631095686], [0.0, 1257.8625342125129, 450.915498205774], [0.0, 0.0, 1.0]], [[1252.8131021185304, 0.0, 826.588114781398], [0.0, 1252.8131021185304, 469.9846626224581], [0.0, 0.0, 1.0]], [[1256.7485116440405, 0.0, 817.7887570959712], [0.0, 1256.7485116440403, 451.9541780095127], [0.0, 0.0, 1.0]], [[1254.9860565800168, 0.0, 829.5769333630991], [0.0, 1254.9860565800168, 467.1680561863987], [0.0, 0.0, 1.0]], [[796.8910634503094, 0.0, 857.7774326863696], [0.0, 796.8910634503094, 476.8848988407415], [0.0, 0.0, 1.0]], [[1249.9629280788233, 0.0, 825.3768045375984], [0.0, 1249.9629280788233, 462.54816385708756], [0.0, 0.0, 1.0]]], "extrinsics": [[[0.8225298523902893, -0.5686171650886536, -0.010918102227151394, -0.8677978515625], [-0.0035679200664162636, 0.014037981629371643, -0.9998950958251953, 1.4877033233642578], [0.5687107443809509, 0.8224825263023376, 0.00951787643134594, -1.23797607421875], [0.0, 0.0, 0.0, 1.0]], [[0.01031951792538166, -0.9998980760574341, -0.009870931506156921, 0.0064849853515625], [-0.001634452142752707, 0.009854576550424099, -0.999950110912323, 1.4799385070800781], [0.9999454021453857, 0.010335111990571022, -0.001532591413706541, -1.593017578125], [0.0, 0.0, 0.0, 1.0]], [[-0.8439602255821228, -0.536372184753418, -0.006000906229019165, 0.9937744140625], [0.006392441224306822, 0.0011294656433165073, -0.9999788999557495, 1.4938068389892578], [0.536367654800415, -0.8439808487892151, 0.00247550243511796, -1.21630859375], [0.0, 0.0, 0.0, 1.0]], [[0.9478027820587158, 0.3186103403568268, -0.012540551833808422, -1.136962890625], [-0.018759848549962044, 0.016458945348858833, -0.9996885061264038, 1.5618972778320312], [-0.31830474734306335, 0.9477428197860718, 0.021576914936304092, -0.158447265625], [0.0, 0.0, 0.0, 1.0]], [[0.009186823852360249, 0.9999203085899353, 0.008659386076033115, -0.0282440185546875], [-0.016754044219851494, 0.008812450803816319, -0.9998208284378052, 1.5672607421875], [-0.999817430973053, 0.009040027856826782, 0.01683366857469082, -0.00341796875], [0.0, 0.0, 0.0, 1.0]], [[-0.9238067865371704, 0.3828063905239105, 0.00633781123906374, 1.0806884765625], [-0.012634553015232086, -0.013937069103121758, -0.9998230338096619, 1.5467166900634766], [-0.382650226354599, -0.9237235188484192, 0.01771174743771553, -0.0770263671875], [0.0, 0.0, 0.0, 1.0]]], "view": [[0.0, -2.0, 100.0], [-2.0, 0.0, 100.0], [0.0, 0.0, 1.0]], "bev": "bev_726489c984a34cc3ba9e3f549fdccdf8.png", "aux": "aux_726489c984a34cc3ba9e3f549fdccdf8.npz", "visibility": "visibility_726489c984a34cc3ba9e3f549fdccdf8.png", "pose": [[0.49929288029670715, -0.8664332628250122, 0.0, 964.8843994140625], [0.8664332628250122, 0.49929288029670715, 0.0, 1572.414794921875], [0.0, 0.0, 1.0, 0.0], [0.0, 0.0, 0.0, 1.0]], "pose_inverse": [[0.49929288029670715, 0.8664332628250122, 0.0, -1844.1524658203125], [-0.8664332628250122, 0.49929288029670715, 0.0, 50.912437438964844], [0.0, 0.0, 1.0, 0.0], [0.0, 0.0, 0.0, 1.0]], "cam_ids": [0, 1, 2, 3, 4, 5], "cam_channels": ["CAM_FRONT_LEFT", "CAM_FRONT", "CAM_FRONT_RIGHT", "CAM_BACK_LEFT", "CAM_BACK", "CAM_BACK_RIGHT"], "token": "726489c984a34cc3ba9e3f549fdccdf8", "scene": "scene-0902"}, {"images": ["samples/CAM_FRONT_LEFT/n008-2018-09-18-14-54-39-0400__CAM_FRONT_LEFT__1537297839854799.jpg", "samples/CAM_FRONT/n008-2018-09-18-14-54-39-0400__CAM_FRONT__1537297839862404.jpg", "samples/CAM_FRONT_RIGHT/n008-2018-09-18-14-54-39-0400__CAM_FRONT_RIGHT__1537297839870482.jpg", "samples/CAM_BACK_LEFT/n008-2018-09-18-14-54-39-0400__CAM_BACK_LEFT__1537297839897405.jpg", "samples/CAM_BACK/n008-2018-09-18-14-54-39-0400__CAM_BACK__1537297839887558.jpg", "samples/CAM_BACK_RIGHT/n008-2018-09-18-14-54-39-0400__CAM_BACK_RIGHT__1537297839878113.jpg"], "intrinsics": [[[1257.8625342125129, 0.0, 827.2410631095686], [0.0, 1257.8625342125129, 450.915498205774], [0.0, 0.0, 1.0]], [[1252.8131021185304, 0.0, 826.588114781398], [0.0, 1252.8131021185304, 469.9846626224581], [0.0, 0.0, 1.0]], [[1256.7485116440405, 0.0, 817.7887570959712], [0.0, 1256.7485116440403, 451.9541780095127], [0.0, 0.0, 1.0]], [[1254.9860565800168, 0.0, 829.5769333630991], [0.0, 1254.9860565800168, 467.1680561863987], [0.0, 0.0, 1.0]], [[796.8910634503094, 0.0, 857.7774326863696], [0.0, 796.8910634503094, 476.8848988407415], [0.0, 0.0, 1.0]], [[1249.9629280788233, 0.0, 825.3768045375984], [0.0, 1249.9629280788233, 462.54816385708756], [0.0, 0.0, 1.0]]], "extrinsics": [[[0.822442889213562, -0.5688104629516602, -0.006500962655991316, -0.8880615234375], [0.007084151729941368, 0.021669048815965652, -0.9997401237487793, 1.4892826080322266], [0.5688035488128662, 0.8221830725669861, 0.02185109257698059, -1.25335693359375], [0.0, 0.0, 0.0, 1.0]], [[0.010092073120176792, -0.9997990727424622, -0.01731470413506031, 0.00705718994140625], [0.009078672155737877, 0.017406485974788666, -0.9998072981834412, 1.4812116622924805], [0.9999078512191772, 0.009932967834174633, 0.009252515621483326, -1.618408203125], [0.0, 0.0, 0.0, 1.0]], [[-0.8440580368041992, -0.53591388463974, -0.01903877779841423, 1.015380859375], [0.01713528111577034, 0.008531441912055016, -0.9998167753219604, 1.494598388671875], [0.5359780788421631, -0.8442295789718628, 0.001982002751901746, -1.2293701171875], [0.0, 0.0, 0.0, 1.0]], [[0.9478822350502014, 0.31862083077430725, -0.00037453926051966846, -1.13916015625], [-0.00812887866050005, 0.023007886484265327, -0.9997022151947021, 1.5620059967041016], [-0.3185173571109772, 0.9476029872894287, 0.024398794397711754, -0.15765380859375], [0.0, 0.0, 0.0, 1.0]], [[0.009281952865421772, 0.9998338222503662, 0.015690403059124947, -0.02862548828125], [-0.006068746093660593, 0.01574711501598358, -0.9998575448989868, 1.5678443908691406], [-0.9999384880065918, 0.009185370989143848, 0.006213901564478874, 0.009033203125], [0.0, 0.0, 0.0, 1.0]], [[-0.9236804842948914, 0.3831627070903778, -0.0008206758066080511, 1.10107421875], [-0.0019006612710654736, -0.006723669823259115, -0.9999756217002869, 1.5476906299591064], [-0.3831588923931122, -0.9236564040184021, 0.006938784383237362, -0.06805419921875], [0.0, 0.0, 0.0, 1.0]]], "view": [[0.0, -2.0, 100.0], [-2.0, 0.0, 100.0], [0.0, 0.0, 1.0]], "bev": "bev_2ecd7e7325754e63ae054f4a1982f511.png", "aux": "aux_2ecd7e7325754e63ae054f4a1982f511.npz", "visibility": "visibility_2ecd7e7325754e63ae054f4a1982f511.png", "pose": [[0.4986740052700043, -0.8667896389961243, 0.0, 965.7322387695312], [0.8667896389961243, 0.4986740052700043, 0.0, 1573.879638671875], [0.0, 0.0, 1.0, 0.0], [0.0, 0.0, 0.0, 1.0]], "pose_inverse": [[0.4986740052700043, 0.8667896389961243, 0.0, -1845.80810546875], [-0.8667896389961243, 0.4986740052700043, 0.0, 52.233802795410156], [0.0, 0.0, 1.0, 0.0], [0.0, 0.0, 0.0, 1.0]], "cam_ids": [0, 1, 2, 3, 4, 5], "cam_channels": ["CAM_FRONT_LEFT", "CAM_FRONT", "CAM_FRONT_RIGHT", "CAM_BACK_LEFT", "CAM_BACK", "CAM_BACK_RIGHT"], "token": "2ecd7e7325754e63ae054f4a1982f511", "scene": "scene-0902"}, {"images": ["samples/CAM_FRONT_LEFT/n008-2018-09-18-14-54-39-0400__CAM_FRONT_LEFT__1537297840354799.jpg", "samples/CAM_FRONT/n008-2018-09-18-14-54-39-0400__CAM_FRONT__1537297840362404.jpg", "samples/CAM_FRONT_RIGHT/n008-2018-09-18-14-54-39-0400__CAM_FRONT_RIGHT__1537297840370482.jpg", "samples/CAM_BACK_LEFT/n008-2018-09-18-14-54-39-0400__CAM_BACK_LEFT__1537297840397405.jpg", "samples/CAM_BACK/n008-2018-09-18-14-54-39-0400__CAM_BACK__1537297840387558.jpg", "samples/CAM_BACK_RIGHT/n008-2018-09-18-14-54-39-0400__CAM_BACK_RIGHT__1537297840378113.jpg"], "intrinsics": [[[1257.8625342125129, 0.0, 827.2410631095686], [0.0, 1257.8625342125129, 450.915498205774], [0.0, 0.0, 1.0]], [[1252.8131021185304, 0.0, 826.588114781398], [0.0, 1252.8131021185304, 469.9846626224581], [0.0, 0.0, 1.0]], [[1256.7485116440405, 0.0, 817.7887570959712], [0.0, 1256.7485116440403, 451.9541780095127], [0.0, 0.0, 1.0]], [[1254.9860565800168, 0.0, 829.5769333630991], [0.0, 1254.9860565800168, 467.1680561863987], [0.0, 0.0, 1.0]], [[796.8910634503094, 0.0, 857.7774326863696], [0.0, 796.8910634503094, 476.8848988407415], [0.0, 0.0, 1.0]], [[1249.9629280788233, 0.0, 825.3768045375984], [0.0, 1249.9629280788233, 462.54816385708756], [0.0, 0.0, 1.0]]], "extrinsics": [[[0.8224836587905884, -0.5687816739082336, -0.002827565185725689, -0.8607177734375], [0.007505687419325113, 0.01582406274974346, -0.9998465776443481, 1.489607810974121], [0.5687392354011536, 0.8223363161087036, 0.017284128814935684, -1.2337646484375], [0.0, 0.0, 0.0, 1.0]], [[0.010187187232077122, -0.9998806118965149, -0.011617741547524929, 0.00711822509765625], [0.009459265507757664, 0.01171418558806181, -0.9998866319656372, 1.4815483093261719], [0.9999032616615295, 0.010076076723635197, 0.00957747083157301, -1.58837890625], [0.0, 0.0, 0.0, 1.0]], [[-0.8439925312995911, -0.5361045598983765, -0.016388095915317535, 0.9925537109375], [0.017476115375757217, 0.0030512847006320953, -0.999842643737793, 1.4951057434082031], [0.5360701680183411, -0.8441460728645325, 0.006793763488531113, -1.2152099609375], [0.0, 0.0, 0.0, 1.0]], [[0.9478825926780701, 0.3186160922050476, -0.0015366636216640472, -1.1357421875], [-0.007842510007321835, 0.018509505316615105, -0.9997979402542114, 1.561976432800293], [-0.31852322816848755, 0.9477031230926514, 0.020043587312102318, -0.1588134765625], [0.0, 0.0, 0.0, 1.0]], [[0.009221790358424187, 0.9998992085456848, 0.010792694985866547, -0.02845001220703125], [-0.005703086033463478, 0.010845569893717766, -0.9999248385429382, 1.567784309387207], [-0.9999411702156067, 0.009159514680504799, 0.005802526604384184, -0.0040283203125], [0.0, 0.0, 0.0, 1.0]], [[-0.9237208962440491, 0.3830532133579254, -0.00312810274772346, 1.0806884765625], [-0.0015741640236228704, -0.01196169015020132, -0.9999272227287292, 1.5476772785186768], [-0.3830627501010895, -0.9236488342285156, 0.011652251705527306, -0.0767822265625], [0.0, 0.0, 0.0, 1.0]]], "view": [[0.0, -2.0, 100.0], [-2.0, 0.0, 100.0], [0.0, 0.0, 1.0]], "bev": "bev_1e9a783e2bd54fc4a242927792e515da.png", "aux": "aux_1e9a783e2bd54fc4a242927792e515da.npz", "visibility": "visibility_1e9a783e2bd54fc4a242927792e515da.png", "pose": [[0.4966169595718384, -0.867969810962677, 0.0, 966.6234741210938], [0.867969810962677, 0.4966169595718384, 0.0, 1575.4210205078125], [0.0, 0.0, 1.0, 0.0], [0.0, 0.0, 0.0, 1.0]], "pose_inverse": [[0.4966169595718384, 0.867969810962677, 0.0, -1847.45947265625], [-0.867969810962677, 0.4966169595718384, 0.0, 56.61917495727539], [0.0, 0.0, 1.0, 0.0], [0.0, 0.0, 0.0, 1.0]], "cam_ids": [0, 1, 2, 3, 4, 5], "cam_channels": ["CAM_FRONT_LEFT", "CAM_FRONT", "CAM_FRONT_RIGHT", "CAM_BACK_LEFT", "CAM_BACK", "CAM_BACK_RIGHT"], "token": "1e9a783e2bd54fc4a242927792e515da", "scene": "scene-0902"}, {"images": ["samples/CAM_FRONT_LEFT/n008-2018-09-18-14-54-39-0400__CAM_FRONT_LEFT__1537297840904799.jpg", "samples/CAM_FRONT/n008-2018-09-18-14-54-39-0400__CAM_FRONT__1537297840912404.jpg", "samples/CAM_FRONT_RIGHT/n008-2018-09-18-14-54-39-0400__CAM_FRONT_RIGHT__1537297840920482.jpg", "samples/CAM_BACK_LEFT/n008-2018-09-18-14-54-39-0400__CAM_BACK_LEFT__1537297840947405.jpg", "samples/CAM_BACK/n008-2018-09-18-14-54-39-0400__CAM_BACK__1537297840937558.jpg", "samples/CAM_BACK_RIGHT/n008-2018-09-18-14-54-39-0400__CAM_BACK_RIGHT__1537297840928113.jpg"], "intrinsics": [[[1257.8625342125129, 0.0, 827.2410631095686], [0.0, 1257.8625342125129, 450.915498205774], [0.0, 0.0, 1.0]], [[1252.8131021185304, 0.0, 826.588114781398], [0.0, 1252.8131021185304, 469.9846626224581], [0.0, 0.0, 1.0]], [[1256.7485116440405, 0.0, 817.7887570959712], [0.0, 1256.7485116440403, 451.9541780095127], [0.0, 0.0, 1.0]], [[1254.9860565800168, 0.0, 829.5769333630991], [0.0, 1254.9860565800168, 467.1680561863987], [0.0, 0.0, 1.0]], [[796.8910634503094, 0.0, 857.7774326863696], [0.0, 796.8910634503094, 476.8848988407415], [0.0, 0.0, 1.0]], [[1249.9629280788233, 0.0, 825.3768045375984], [0.0, 1249.9629280788233, 462.54816385708756], [0.0, 0.0, 1.0]]], "extrinsics": [[[0.8224866986274719, -0.568781316280365, 0.0018727417336776853, -0.834228515625], [0.01417426485568285, 0.017204973846673965, -0.9997515082359314, 1.4911956787109375], [0.5686078071594238, 0.8223087787628174, 0.0222129188477993, -1.21710205078125], [0.0, 0.0, 0.0, 1.0]], [[0.010248846374452114, -0.9998672008514404, -0.012665470130741596, 0.0083770751953125], [0.016145093366503716, 0.012829948216676712, -0.9997873306274414, 1.4829254150390625], [0.9998171329498291, 0.010042201727628708, 0.01627444289624691, -1.562744140625], [0.0, 0.0, 0.0, 1.0]], [[-0.8438798189163208, -0.5360608696937561, -0.022485261783003807, 0.977294921875], [0.024185938760638237, 0.003858689684420824, -0.9997000098228455, 1.4963302612304688], [0.5359869003295898, -0.8441705703735352, 0.00970886368304491, -1.204345703125], [0.0, 0.0, 0.0, 1.0]], [[0.9478802680969238, 0.318593829870224, 0.004578392021358013, -1.1339111328125], [-0.0012305809650570154, 0.018029499799013138, -0.9998367428779602, 1.5620265007019043], [-0.3186243772506714, 0.9477198719978333, 0.017481863498687744, -0.15966796875], [0.0, 0.0, 0.0, 1.0]], [[0.00917771551758051, 0.9998987913131714, 0.010867900215089321, -0.02866363525390625], [0.0009601462516002357, 0.010859541594982147, -0.9999405145645142, 1.5681116580963135], [-0.9999574422836304, 0.009187521412968636, -0.0008603841997683048, -0.01171875], [0.0, 0.0, 0.0, 1.0]], [[-0.9236658811569214, 0.38308900594711304, -0.0091729536652565, 1.0684814453125], [0.005161913111805916, -0.01149691827595234, -0.9999205470085144, 1.5483341217041016], [-0.3831639289855957, -0.9236398935317993, 0.00864183995872736, -0.0811767578125], [0.0, 0.0, 0.0, 1.0]]], "view": [[0.0, -2.0, 100.0], [-2.0, 0.0, 100.0], [0.0, 0.0, 1.0]], "bev": "bev_0687fa45cb5049558cf98d07cbaf5bd2.png", "aux": "aux_0687fa45cb5049558cf98d07cbaf5bd2.npz", "visibility": "visibility_0687fa45cb5049558cf98d07cbaf5bd2.png", "pose": [[0.4957869052886963, -0.8684442043304443, 0.0, 967.80517578125], [0.8684442043304443, 0.4957869052886963, 0.0, 1577.453125], [0.0, 0.0, 1.0, 0.0], [0.0, 0.0, 0.0, 1.0]], "pose_inverse": [[0.4957869052886963, 0.8684442043304443, 0.0, -1849.755126953125], [-0.8684442043304443, 0.4957869052886963, 0.0, 58.404205322265625], [0.0, 0.0, 1.0, 0.0], [0.0, 0.0, 0.0, 1.0]], "cam_ids": [0, 1, 2, 3, 4, 5], "cam_channels": ["CAM_FRONT_LEFT", "CAM_FRONT", "CAM_FRONT_RIGHT", "CAM_BACK_LEFT", "CAM_BACK", "CAM_BACK_RIGHT"], "token": "0687fa45cb5049558cf98d07cbaf5bd2", "scene": "scene-0902"}, {"images": ["samples/CAM_FRONT_LEFT/n008-2018-09-18-14-54-39-0400__CAM_FRONT_LEFT__1537297841404799.jpg", "samples/CAM_FRONT/n008-2018-09-18-14-54-39-0400__CAM_FRONT__1537297841412404.jpg", "samples/CAM_FRONT_RIGHT/n008-2018-09-18-14-54-39-0400__CAM_FRONT_RIGHT__1537297841420482.jpg", "samples/CAM_BACK_LEFT/n008-2018-09-18-14-54-39-0400__CAM_BACK_LEFT__1537297841447405.jpg", "samples/CAM_BACK/n008-2018-09-18-14-54-39-0400__CAM_BACK__1537297841437558.jpg", "samples/CAM_BACK_RIGHT/n008-2018-09-18-14-54-39-0400__CAM_BACK_RIGHT__1537297841428113.jpg"], "intrinsics": [[[1257.8625342125129, 0.0, 827.2410631095686], [0.0, 1257.8625342125129, 450.915498205774], [0.0, 0.0, 1.0]], [[1252.8131021185304, 0.0, 826.588114781398], [0.0, 1252.8131021185304, 469.9846626224581], [0.0, 0.0, 1.0]], [[1256.7485116440405, 0.0, 817.7887570959712], [0.0, 1256.7485116440403, 451.9541780095127], [0.0, 0.0, 1.0]], [[1254.9860565800168, 0.0, 829.5769333630991], [0.0, 1254.9860565800168, 467.1680561863987], [0.0, 0.0, 1.0]], [[796.8910634503094, 0.0, 857.7774326863696], [0.0, 796.8910634503094, 476.8848988407415], [0.0, 0.0, 1.0]], [[1249.9629280788233, 0.0, 825.3768045375984], [0.0, 1249.9629280788233, 462.54816385708756], [0.0, 0.0, 1.0]]], "extrinsics": [[[0.8224433064460754, -0.5688459873199463, 0.0011216773418709636, -0.808837890625], [0.009368405677378178, 0.011573308147490025, -0.9998891353607178, 1.490509033203125], [0.5687699317932129, 0.8223626017570496, 0.014847570098936558, -1.198974609375], [0.0, 0.0, 0.0, 1.0]], [[0.010157798416912556, -0.9999241232872009, -0.006959904916584492, 0.008270263671875], [0.011322918348014355, 0.007074836175888777, -0.9999108910560608, 1.4824066162109375], [0.9998842477798462, 0.0100780688226223, 0.011393924243748188, -1.536376953125], [0.0, 0.0, 0.0, 1.0]], [[-0.8439847826957703, -0.536150336265564, -0.015247244387865067, 0.9591064453125], [0.019344354048371315, -0.0020180526189506054, -0.9998108148574829, 1.49609375], [0.5360181927680969, -0.8441201448440552, 0.012074688449501991, -1.193359375], [0.0, 0.0, 0.0, 1.0]], [[0.9478819370269775, 0.3186158835887909, -0.0019611993338912725, -1.130615234375], [-0.006052280776202679, 0.011850700713694096, -0.9999114871025085, 1.5619564056396484], [-0.31856441497802734, 0.9478098154067993, 0.013161418959498405, -0.16046142578125], [0.0, 0.0, 0.0, 1.0]], [[0.009226464666426182, 0.9999459981918335, 0.004790559411048889, -0.028453826904296875], [-0.003915994893759489, 0.004826859105378389, -0.999980628490448, 1.5678009986877441], [-0.9999497532844543, 0.009207447990775108, 0.003960317932069302, -0.0218505859375], [0.0, 0.0, 0.0, 1.0]], [[-0.9236971139907837, 0.3830608129501343, -0.00693147350102663, 1.053466796875], [0.0002842883113771677, -0.017406709492206573, -0.9998484253883362, 1.5478540658950806], [-0.3831233084201813, -0.9235591292381287, 0.01596962846815586, -0.08770751953125], [0.0, 0.0, 0.0, 1.0]]], "view": [[0.0, -2.0, 100.0], [-2.0, 0.0, 100.0], [0.0, 0.0, 1.0]], "bev": "bev_d003b5fe60df4323be4f82140a4dc28a.png", "aux": "aux_d003b5fe60df4323be4f82140a4dc28a.npz", "visibility": "visibility_d003b5fe60df4323be4f82140a4dc28a.png", "pose": [[0.4940387010574341, -0.8694398999214172, 0.0, 969.0703125], [0.8694398999214172, 0.4940387010574341, 0.0, 1579.6490478515625], [0.0, 0.0, 1.0, 0.0], [0.0, 0.0, 0.0, 1.0]], "pose_inverse": [[0.4940387010574341, 0.8694398999214172, 0.0, -1852.168212890625], [-0.8694398999214172, 0.4940387010574341, 0.0, 62.140625], [0.0, 0.0, 1.0, 0.0], [0.0, 0.0, 0.0, 1.0]], "cam_ids": [0, 1, 2, 3, 4, 5], "cam_channels": ["CAM_FRONT_LEFT", "CAM_FRONT", "CAM_FRONT_RIGHT", "CAM_BACK_LEFT", "CAM_BACK", "CAM_BACK_RIGHT"], "token": "d003b5fe60df4323be4f82140a4dc28a", "scene": "scene-0902"}, {"images": ["samples/CAM_FRONT_LEFT/n008-2018-09-18-14-54-39-0400__CAM_FRONT_LEFT__1537297841904819.jpg", "samples/CAM_FRONT/n008-2018-09-18-14-54-39-0400__CAM_FRONT__1537297841912404.jpg", "samples/CAM_FRONT_RIGHT/n008-2018-09-18-14-54-39-0400__CAM_FRONT_RIGHT__1537297841920484.jpg", "samples/CAM_BACK_LEFT/n008-2018-09-18-14-54-39-0400__CAM_BACK_LEFT__1537297841947405.jpg", "samples/CAM_BACK/n008-2018-09-18-14-54-39-0400__CAM_BACK__1537297841937558.jpg", "samples/CAM_BACK_RIGHT/n008-2018-09-18-14-54-39-0400__CAM_BACK_RIGHT__1537297841928113.jpg"], "intrinsics": [[[1257.8625342125129, 0.0, 827.2410631095686], [0.0, 1257.8625342125129, 450.915498205774], [0.0, 0.0, 1.0]], [[1252.8131021185304, 0.0, 826.588114781398], [0.0, 1252.8131021185304, 469.9846626224581], [0.0, 0.0, 1.0]], [[1256.7485116440405, 0.0, 817.7887570959712], [0.0, 1256.7485116440403, 451.9541780095127], [0.0, 0.0, 1.0]], [[1254.9860565800168, 0.0, 829.5769333630991], [0.0, 1254.9860565800168, 467.1680561863987], [0.0, 0.0, 1.0]], [[796.8910634503094, 0.0, 857.7774326863696], [0.0, 796.8910634503094, 476.8848988407415], [0.0, 0.0, 1.0]], [[1249.9629280788233, 0.0, 825.3768045375984], [0.0, 1249.9629280788233, 462.54816385708756], [0.0, 0.0, 1.0]]], "extrinsics": [[[0.8225390911102295, -0.5686964392662048, 0.0037104529328644276, -0.7850341796875], [0.011692424304783344, 0.010387753136456013, -0.9998776912689209, 1.491363525390625], [0.5685883164405823, 0.8224818706512451, 0.015193771570920944, -1.1851806640625], [0.0, 0.0, 0.0, 1.0]], [[0.010321085341274738, -0.9999304413795471, -0.0057171424850821495, 0.01029205322265625], [0.013475005514919758, 0.005856010131537914, -0.9998921155929565, 1.483114242553711], [0.9998559355735779, 0.010242899879813194, 0.013534506782889366, -1.5150146484375], [0.0, 0.0, 0.0, 1.0]], [[-0.843890368938446, -0.5362700819969177, -0.016232291236519814, 0.9456787109375], [0.02131432294845581, -0.0032790082041174173, -0.9997674226760864, 1.49676513671875], [0.5360921025276184, -0.8440400958061218, 0.014197354204952717, -1.183349609375], [0.0, 0.0, 0.0, 1.0]], [[0.9478808045387268, 0.3186235725879669, -0.0009833904914557934, -1.126953125], [-0.004472517408430576, 0.010219219140708447, -0.9999377727508545, 1.5619611740112305], [-0.31859368085861206, 0.9478262662887573, 0.011111650615930557, -0.16192626953125], [0.0, 0.0, 0.0, 1.0]], [[0.00916931964457035, 0.999952495098114, 0.003324576886370778, -0.028964996337890625], [-0.0022431816905736923, 0.0033452778588980436, -0.9999918937683105, 1.567892074584961], [-0.9999553561210632, 0.009161778725683689, 0.002273749327287078, -0.0302734375], [0.0, 0.0, 0.0, 1.0]], [[-0.9237163066864014, 0.38296830654144287, -0.009139509871602058, 1.040771484375], [0.002118572825565934, -0.018750693649053574, -0.9998219013214111, 1.5481114387512207], [-0.3830714821815491, -0.9235711693763733, 0.016508975997567177, -0.091796875], [0.0, 0.0, 0.0, 1.0]]], "view": [[0.0, -2.0, 100.0], [-2.0, 0.0, 100.0], [0.0, 0.0, 1.0]], "bev": "bev_ffed6ed6eb2040be8ed8aa289badb061.png", "aux": "aux_ffed6ed6eb2040be8ed8aa289badb061.npz", "visibility": "visibility_ffed6ed6eb2040be8ed8aa289badb061.png", "pose": [[0.4935467839241028, -0.8697192668914795, 0.0, 970.4578857421875], [0.8697192668914795, 0.4935467839241028, 0.0, 1582.0601806640625], [0.0, 0.0, 1.0, 0.0], [0.0, 0.0, 0.0, 1.0]], "pose_inverse": [[0.4935467839241028, 0.8697192668914795, 0.0, -1854.91455078125], [-0.8697192668914795, 0.4935467839241028, 0.0, 63.205169677734375], [0.0, 0.0, 1.0, 0.0], [0.0, 0.0, 0.0, 1.0]], "cam_ids": [0, 1, 2, 3, 4, 5], "cam_channels": ["CAM_FRONT_LEFT", "CAM_FRONT", "CAM_FRONT_RIGHT", "CAM_BACK_LEFT", "CAM_BACK", "CAM_BACK_RIGHT"], "token": "ffed6ed6eb2040be8ed8aa289badb061", "scene": "scene-0902"}, {"images": ["samples/CAM_FRONT_LEFT/n008-2018-09-18-14-54-39-0400__CAM_FRONT_LEFT__1537297842404799.jpg", "samples/CAM_FRONT/n008-2018-09-18-14-54-39-0400__CAM_FRONT__1537297842412404.jpg", "samples/CAM_FRONT_RIGHT/n008-2018-09-18-14-54-39-0400__CAM_FRONT_RIGHT__1537297842420482.jpg", "samples/CAM_BACK_LEFT/n008-2018-09-18-14-54-39-0400__CAM_BACK_LEFT__1537297842447405.jpg", "samples/CAM_BACK/n008-2018-09-18-14-54-39-0400__CAM_BACK__1537297842437558.jpg", "samples/CAM_BACK_RIGHT/n008-2018-09-18-14-54-39-0400__CAM_BACK_RIGHT__1537297842428113.jpg"], "intrinsics": [[[1257.8625342125129, 0.0, 827.2410631095686], [0.0, 1257.8625342125129, 450.915498205774], [0.0, 0.0, 1.0]], [[1252.8131021185304, 0.0, 826.588114781398], [0.0, 1252.8131021185304, 469.9846626224581], [0.0, 0.0, 1.0]], [[1256.7485116440405, 0.0, 817.7887570959712], [0.0, 1256.7485116440403, 451.9541780095127], [0.0, 0.0, 1.0]], [[1254.9860565800168, 0.0, 829.5769333630991], [0.0, 1254.9860565800168, 467.1680561863987], [0.0, 0.0, 1.0]], [[796.8910634503094, 0.0, 857.7774326863696], [0.0, 796.8910634503094, 476.8848988407415], [0.0, 0.0, 1.0]], [[1249.9629280788233, 0.0, 825.3768045375984], [0.0, 1249.9629280788233, 462.54816385708756], [0.0, 0.0, 1.0]]], "extrinsics": [[[0.8223820924758911, -0.5689324140548706, -0.0018869531340897083, -0.776123046875], [0.005891258828341961, 0.011832078918814659, -0.999912679195404, 1.4899072647094727], [0.5689051151275635, 0.8222991824150085, 0.01308221835643053, -1.177001953125], [0.0, 0.0, 0.0, 1.0]], [[0.010048458352684975, -0.9999213218688965, -0.007512192241847515, 0.00930023193359375], [0.00762803154066205, 0.007589004933834076, -0.9999421238899231, 1.4819135665893555], [0.9999204277992249, 0.009990558959543705, 0.007703688461333513, -1.504150390625], [0.0, 0.0, 0.0, 1.0]], [[-0.8440729379653931, -0.5360860228538513, -0.01235774252563715, 0.93798828125], [0.01542660128325224, -0.001240311423316598, -0.9998801946640015, 1.4958763122558594], [0.5360064506530762, -0.8441624641418457, 0.009316897951066494, -1.17919921875], [0.0, 0.0, 0.0, 1.0]], [[0.9478784203529358, 0.3185834586620331, -0.005584122613072395, -1.1265869140625], [-0.010380118153989315, 0.013358402997255325, -0.9998568892478943, 1.5618515014648438], [-0.3184633255004883, 0.9478006958961487, 0.01596907526254654, -0.162109375], [0.0, 0.0, 0.0, 1.0]], [[0.009286652319133282, 0.9999389052391052, 0.0060000973753631115, -0.02872467041015625], [-0.007988671772181988, 0.0060743545182049274, -0.9999496340751648, 1.567434310913086], [-0.9999249577522278, 0.009238267317414284, 0.008044593967497349, -0.03369140625], [0.0, 0.0, 0.0, 1.0]], [[-0.9236974120140076, 0.3831114172935486, -0.002938841236755252, 1.0352783203125], [-0.0036397299263626337, -0.016445429995656013, -0.9998581409454346, 1.547332763671875], [-0.3831055462360382, -0.9235557317733765, 0.01658502407371998, -0.0948486328125], [0.0, 0.0, 0.0, 1.0]]], "view": [[0.0, -2.0, 100.0], [-2.0, 0.0, 100.0], [0.0, 0.0, 1.0]], "bev": "bev_4b1afc4e0e294e4e8fb0ebea13d8a556.png", "aux": "aux_4b1afc4e0e294e4e8fb0ebea13d8a556.npz", "visibility": "visibility_4b1afc4e0e294e4e8fb0ebea13d8a556.png", "pose": [[0.4917238652706146, -0.8707512021064758, 0.0, 971.9498901367188], [0.8707512021064758, 0.4917238652706146, 0.0, 1584.654296875], [0.0, 0.0, 1.0, 0.0], [0.0, 0.0, 0.0, 1.0]], "pose_inverse": [[0.4917238652706146, 0.8707512021064758, 0.0, -1857.7706298828125], [-0.8707512021064758, 0.4917238652706146, 0.0, 67.11421203613281], [0.0, 0.0, 1.0, 0.0], [0.0, 0.0, 0.0, 1.0]], "cam_ids": [0, 1, 2, 3, 4, 5], "cam_channels": ["CAM_FRONT_LEFT", "CAM_FRONT", "CAM_FRONT_RIGHT", "CAM_BACK_LEFT", "CAM_BACK", "CAM_BACK_RIGHT"], "token": "4b1afc4e0e294e4e8fb0ebea13d8a556", "scene": "scene-0902"}, {"images": ["samples/CAM_FRONT_LEFT/n008-2018-09-18-14-54-39-0400__CAM_FRONT_LEFT__1537297842904799.jpg", "samples/CAM_FRONT/n008-2018-09-18-14-54-39-0400__CAM_FRONT__1537297842912404.jpg", "samples/CAM_FRONT_RIGHT/n008-2018-09-18-14-54-39-0400__CAM_FRONT_RIGHT__1537297842920482.jpg", "samples/CAM_BACK_LEFT/n008-2018-09-18-14-54-39-0400__CAM_BACK_LEFT__1537297842947405.jpg", "samples/CAM_BACK/n008-2018-09-18-14-54-39-0400__CAM_BACK__1537297842937558.jpg", "samples/CAM_BACK_RIGHT/n008-2018-09-18-14-54-39-0400__CAM_BACK_RIGHT__1537297842928113.jpg"], "intrinsics": [[[1257.8625342125129, 0.0, 827.2410631095686], [0.0, 1257.8625342125129, 450.915498205774], [0.0, 0.0, 1.0]], [[1252.8131021185304, 0.0, 826.588114781398], [0.0, 1252.8131021185304, 469.9846626224581], [0.0, 0.0, 1.0]], [[1256.7485116440405, 0.0, 817.7887570959712], [0.0, 1256.7485116440403, 451.9541780095127], [0.0, 0.0, 1.0]], [[1254.9860565800168, 0.0, 829.5769333630991], [0.0, 1254.9860565800168, 467.1680561863987], [0.0, 0.0, 1.0]], [[796.8910634503094, 0.0, 857.7774326863696], [0.0, 796.8910634503094, 476.8848988407415], [0.0, 0.0, 1.0]], [[1249.9629280788233, 0.0, 825.3768045375984], [0.0, 1249.9629280788233, 462.54816385708756], [0.0, 0.0, 1.0]]], "extrinsics": [[[0.8223927617073059, -0.5689161419868469, 0.0021619454491883516, -0.762939453125], [0.00770434970036149, 0.007337074261158705, -0.9999433755874634, 1.4905147552490234], [0.5688679814338684, 0.8223628401756287, 0.010417084209620953, -1.17047119140625], [0.0, 0.0, 0.0, 1.0]], [[0.010149801149964333, -0.9999433159828186, -0.0032240618020296097, 0.0112457275390625], [0.009620541706681252, 0.0033217305317521095, -0.999948263168335, 1.4825077056884766], [0.9999021291732788, 0.01011823769658804, 0.009653710760176182, -1.490478515625], [0.0, 0.0, 0.0, 1.0]], [[-0.8439899682998657, -0.5362240076065063, -0.012037177570164204, 0.9285888671875], [0.017604557797312737, -0.005264448933303356, -0.9998311996459961, 1.4964942932128906], [0.5360700488090515, -0.8440592885017395, 0.013883127830922604, -1.171630859375], [0.0, 0.0, 0.0, 1.0]], [[0.9478787779808044, 0.318603515625, -0.004197431728243828, -1.1236572265625], [-0.007925626821815968, 0.01040622778236866, -0.9999144673347473, 1.561868667602539], [-0.3185325860977173, 0.9478309154510498, 0.012388975359499454, -0.163330078125], [0.0, 0.0, 0.0, 1.0]], [[0.009221622720360756, 0.9999540448188782, 0.0026154164224863052, -0.0293731689453125], [-0.005745567847043276, 0.0026684701442718506, -0.9999799132347107, 1.5675716400146484]