[{"images": ["samples/CAM_FRONT_LEFT/n008-2018-08-31-11-56-46-0400__CAM_FRONT_LEFT__1535731102604799.jpg", "samples/CAM_FRONT/n008-2018-08-31-11-56-46-0400__CAM_FRONT__1535731102612404.jpg", "samples/CAM_FRONT_RIGHT/n008-2018-08-31-11-56-46-0400__CAM_FRONT_RIGHT__1535731102620482.jpg", "samples/CAM_BACK_LEFT/n008-2018-08-31-11-56-46-0400__CAM_BACK_LEFT__1535731102647405.jpg", "samples/CAM_BACK/n008-2018-08-31-11-56-46-0400__CAM_BACK__1535731102637558.jpg", "samples/CAM_BACK_RIGHT/n008-2018-08-31-11-56-46-0400__CAM_BACK_RIGHT__1535731102628113.jpg"], "intrinsics": [[[1257.8625342125129, 0.0, 827.2410631095686], [0.0, 1257.8625342125129, 450.915498205774], [0.0, 0.0, 1.0]], [[1252.8131021185304, 0.0, 826.588114781398], [0.0, 1252.8131021185304, 469.9846626224581], [0.0, 0.0, 1.0]], [[1256.7485116440405, 0.0, 817.7887570959712], [0.0, 1256.7485116440403, 451.9541780095127], [0.0, 0.0, 1.0]], [[1254.9860565800168, 0.0, 829.5769333630991], [0.0, 1254.9860565800168, 467.1680561863987], [0.0, 0.0, 1.0]], [[796.8910634503094, 0.0, 857.7774326863696], [0.0, 796.8910634503094, 476.8848988407415], [0.0, 0.0, 1.0]], [[1249.9629280788233, 0.0, 825.3768045375984], [0.0, 1249.9629280788233, 462.54816385708756], [0.0, 0.0, 1.0]]], "extrinsics": [[[0.8225747346878052, -0.5679148435592651, -0.02904234640300274, -0.6707763671875], [-0.011558718048036098, 0.034363143146038055, -0.9993425607681274, 1.4835338592529297], [0.5685396194458008, 0.8223696351051331, 0.021701883524656296, -1.1053466796875], [0.0, 0.0, 0.0, 1.0]], [[0.010323535650968552, -0.9994848370552063, -0.030386969447135925, 0.010650634765625], [-0.009681427851319313, 0.030287260189652443, -0.9994943141937256, 1.476907730102539], [0.9998998641967773, 0.010612409561872482, -0.009363772347569466, -1.404296875], [0.0, 0.0, 0.0, 1.0]], [[-0.84404057264328, -0.5361834764480591, -0.010133858770132065, 0.878662109375], [-0.0017423306126147509, 0.02163824252784252, -0.9997643232345581, 1.4926023483276367], [0.5362764000892639, -0.8438240885734558, -0.019197765737771988, -1.141357421875], [0.0, 0.0, 0.0, 1.0]], [[0.9477012753486633, 0.31884729862213135, -0.01409426610916853, -1.1544189453125], [-0.027271758764982224, 0.036901868879795074, -0.9989466667175293, 1.5623435974121094], [-0.31799137592315674, 0.9470873475074768, 0.04366748034954071, -0.15264892578125], [0.0, 0.0, 0.0, 1.0]], [[0.009479486383497715, 0.9995308518409729, 0.02912580780684948, -0.02838134765625], [-0.025106633082032204, 0.029355844482779503, -0.9992536306381226, 1.5658912658691406], [-0.9996399283409119, 0.008741244673728943, 0.02537313476204872, -0.04150390625], [0.0, 0.0, 0.0, 1.0]], [[-0.923639178276062, 0.38264134526252747, 0.021822376176714897, 0.9959716796875], [-0.020887840539216995, 0.006597061175853014, -0.999760091304779, 1.544088363647461], [-0.38269346952438354, -0.9238733053207397, 0.001899249735288322, -0.1109619140625], [0.0, 0.0, 0.0, 1.0]]], "view": [[0.0, -2.0, 100.0], [-2.0, 0.0, 100.0], [0.0, 0.0, 1.0]], "bev": "bev_c65c3a18c2f44d5786a1fcce06133d75.png", "aux": "aux_c65c3a18c2f44d5786a1fcce06133d75.npz", "visibility": "visibility_c65c3a18c2f44d5786a1fcce06133d75.png", "pose": [[-0.6366480588912964, 0.7711544632911682, 0.0, 1196.0828857421875], [-0.7711544632911682, -0.6366480588912964, 0.0, 944.6843872070312], [0.0, 0.0, 1.0, 0.0], [0.0, 0.0, 0.0, 1.0]], "pose_inverse": [[-0.6366480588912964, -0.7711544632911682, 0.0, 1489.9814453125], [0.7711544632911682, -0.6366480588912964, 0.0, -320.93316650390625], [0.0, 0.0, 1.0, 0.0], [0.0, 0.0, 0.0, 1.0]], "cam_ids": [0, 1, 2, 3, 4, 5], "cam_channels": ["CAM_FRONT_LEFT", "CAM_FRONT", "CAM_FRONT_RIGHT", "CAM_BACK_LEFT", "CAM_BACK", "CAM_BACK_RIGHT"], "token": "c65c3a18c2f44d5786a1fcce06133d75", "scene": "scene-0389"}, {"images": ["samples/CAM_FRONT_LEFT/n008-2018-08-31-11-56-46-0400__CAM_FRONT_LEFT__1535731103104799.jpg", "samples/CAM_FRONT/n008-2018-08-31-11-56-46-0400__CAM_FRONT__1535731103112404.jpg", "samples/CAM_FRONT_RIGHT/n008-2018-08-31-11-56-46-0400__CAM_FRONT_RIGHT__1535731103120482.jpg", "samples/CAM_BACK_LEFT/n008-2018-08-31-11-56-46-0400__CAM_BACK_LEFT__1535731103147405.jpg", "samples/CAM_BACK/n008-2018-08-31-11-56-46-0400__CAM_BACK__1535731103137558.jpg", "samples/CAM_BACK_RIGHT/n008-2018-08-31-11-56-46-0400__CAM_BACK_RIGHT__1535731103128113.jpg"], "intrinsics": [[[1257.8625342125129, 0.0, 827.2410631095686], [0.0, 1257.8625342125129, 450.915498205774], [0.0, 0.0, 1.0]], [[1252.8131021185304, 0.0, 826.588114781398], [0.0, 1252.8131021185304, 469.9846626224581], [0.0, 0.0, 1.0]], [[1256.7485116440405, 0.0, 817.7887570959712], [0.0, 1256.7485116440403, 451.9541780095127], [0.0, 0.0, 1.0]], [[1254.9860565800168, 0.0, 829.5769333630991], [0.0, 1254.9860565800168, 467.1680561863987], [0.0, 0.0, 1.0]], [[796.8910634503094, 0.0, 857.7774326863696], [0.0, 796.8910634503094, 476.8848988407415], [0.0, 0.0, 1.0]], [[1249.9629280788233, 0.0, 825.3768045375984], [0.0, 1249.9629280788233, 462.54816385708756], [0.0, 0.0, 1.0]]], "extrinsics": [[[0.822344958782196, -0.5682691335678101, -0.028620930388569832, -0.670654296875], [-0.011005271226167679, 0.03440644592046738, -0.9993473291397095, 1.4837589263916016], [0.568882942199707, 0.8221231698989868, 0.02204001136124134, -1.10479736328125], [0.0, 0.0, 0.0, 1.0]], [[0.00999406911432743, -0.9994881749153137, -0.03038881905376911, 0.010589599609375], [-0.009174732491374016, 0.030297400429844856, -0.9994988441467285, 1.4770755767822266], [0.9999079704284668, 0.010267829522490501, -0.008867240510880947, -1.4041748046875], [0.0, 0.0, 0.0, 1.0]], [[-0.8441748023033142, -0.5359650254249573, -0.010500633157789707, 0.878662109375], [-0.0012854192173108459, 0.021612020209431648, -0.9997655749320984, 1.49271821975708], [0.5360663533210754, -0.8439635038375854, -0.018933266401290894, -1.1412353515625], [0.0, 0.0, 0.0, 1.0]], [[0.9477679133415222, 0.31864601373672485, -0.014170389622449875, -1.1551513671875], [-0.027295302599668503, 0.0367620624601841, -0.9989511966705322, 1.5623893737792969], [-0.3177908658981323, 0.9471606612205505, 0.043539442121982574, -0.15179443359375], [0.0, 0.0, 0.0, 1.0]], [[0.009593639522790909, 0.9995331168174744, 0.029009312391281128, -0.028533935546875], [-0.025035113096237183, 0.029241638258099556, -0.9992587566375732, 1.5659217834472656], [-0.9996405839920044, 0.008860237896442413, 0.025303956121206284, -0.0406494140625], [0.0, 0.0, 0.0, 1.0]], [[-0.9235786199569702, 0.3828115463256836, 0.021396221593022346, 0.9964599609375], [-0.0204500462859869, 0.006541242823004723, -0.9997694492340088, 1.5441722869873047], [-0.38286325335502625, -0.9238033294677734, 0.0017871614545583725, -0.110687255859375], [0.0, 0.0, 0.0, 1.0]]], "view": [[0.0, -2.0, 100.0], [-2.0, 0.0, 100.0], [0.0, 0.0, 1.0]], "bev": "bev_3d978abb8f4c46aaac145dc674ecaf44.png", "aux": "aux_3d978abb8f4c46aaac145dc674ecaf44.npz", "visibility": "visibility_3d978abb8f4c46aaac145dc674ecaf44.png", "pose": [[-0.640495777130127, 0.7679616808891296, 0.0, 1192.91259765625], [-0.7679616808891296, -0.640495777130127, 0.0, 940.9170532226562], [0.0, 0.0, 1.0, 0.0], [0.0, 0.0, 0.0, 1.0]], "pose_inverse": [[-0.640495777130127, -0.7679616808891296, 0.0, 1486.6436767578125], [0.7679616808891296, -0.640495777130127, 0.0, -313.457763671875], [0.0, 0.0, 1.0, 0.0], [0.0, 0.0, 0.0, 1.0]], "cam_ids": [0, 1, 2, 3, 4, 5], "cam_channels": ["CAM_FRONT_LEFT", "CAM_FRONT", "CAM_FRONT_RIGHT", "CAM_BACK_LEFT", "CAM_BACK", "CAM_BACK_RIGHT"], "token": "3d978abb8f4c46aaac145dc674ecaf44", "scene": "scene-0389"}, {"images": ["samples/CAM_FRONT_LEFT/n008-2018-08-31-11-56-46-0400__CAM_FRONT_LEFT__1535731103604799.jpg", "samples/CAM_FRONT/n008-2018-08-31-11-56-46-0400__CAM_FRONT__1535731103612404.jpg", "samples/CAM_FRONT_RIGHT/n008-2018-08-31-11-56-46-0400__CAM_FRONT_RIGHT__1535731103620482.jpg", "samples/CAM_BACK_LEFT/n008-2018-08-31-11-56-46-0400__CAM_BACK_LEFT__1535731103647405.jpg", "samples/CAM_BACK/n008-2018-08-31-11-56-46-0400__CAM_BACK__1535731103637558.jpg", "samples/CAM_BACK_RIGHT/n008-2018-08-31-11-56-46-0400__CAM_BACK_RIGHT__1535731103628113.jpg"], "intrinsics": [[[1257.8625342125129, 0.0, 827.2410631095686], [0.0, 1257.8625342125129, 450.915498205774], [0.0, 0.0, 1.0]], [[1252.8131021185304, 0.0, 826.588114781398], [0.0, 1252.8131021185304, 469.9846626224581], [0.0, 0.0, 1.0]], [[1256.7485116440405, 0.0, 817.7887570959712], [0.0, 1256.7485116440403, 451.9541780095127], [0.0, 0.0, 1.0]], [[1254.9860565800168, 0.0, 829.5769333630991], [0.0, 1254.9860565800168, 467.1680561863987], [0.0, 0.0, 1.0]], [[796.8910634503094, 0.0, 857.7774326863696], [0.0, 796.8910634503094, 476.8848988407415], [0.0, 0.0, 1.0]], [[1249.9629280788233, 0.0, 825.3768045375984], [0.0, 1249.9629280788233, 462.54816385708756], [0.0, 0.0, 1.0]]], "extrinsics": [[[0.8216454386711121, -0.569112241268158, -0.03178010135889053, -0.6522216796875], [-0.012792534194886684, 0.03732905164361, -0.99922114610672, 1.4827022552490234], [0.5698553323745728, 0.8214120864868164, 0.02339085564017296, -1.09320068359375], [0.0, 0.0, 0.0, 1.0]], [[0.009006933309137821, -0.9994019269943237, -0.033387117087841034, 0.0113525390625], [-0.010780488140881062, 0.033289484679698944, -0.9993876218795776, 1.4763126373291016], [0.999901294708252, 0.009361308068037033, -0.01047420408576727, -1.38623046875], [0.0, 0.0, 0.0, 1.0]], [[-0.844575822353363, -0.5353242754936218, -0.010932020843029022, 0.866943359375], [-0.0027000235859304667, 0.024674808606505394, -0.9996918439865112, 1.4923028945922852], [0.5354291200637817, -0.8442860841751099, -0.022285139188170433, -1.1331787109375], [0.0, 0.0, 0.0, 1.0]], [[0.9477077722549438, 0.31884515285491943, -0.013699416071176529, -1.1505126953125], [-0.027832837775349617, 0.03981291130185127, -0.9988194108009338, 1.5622329711914062], [-0.31792333722114563, 0.9469702839851379, 0.046605370938777924, -0.15386962890625], [0.0, 0.0, 0.0, 1.0]], [[0.00985289178788662, 0.9994352459907532, 0.03212563693523407, -0.0286865234375], [-0.02574876695871353, 0.032370127737522125, -0.9991441965103149, 1.565643310546875], [-0.9996198415756226, 0.009017271921038628, 0.02605316787958145, -0.048583984375], [0.0, 0.0, 0.0, 1.0]], [[-0.9233545660972595, 0.38321420550346375, 0.023732703179121017, 0.98583984375], [-0.021683085709810257, 0.009667802602052689, -0.999718189239502, 1.5437049865722656], [-0.38333556056022644, -0.9236088991165161, -0.0006175436428748071, -0.1146240234375], [0.0, 0.0, 0.0, 1.0]]], "view": [[0.0, -2.0, 100.0], [-2.0, 0.0, 100.0], [0.0, 0.0, 1.0]], "bev": "bev_ee749910f2bc4dffa182c91298c808dc.png", "aux": "aux_ee749910f2bc4dffa182c91298c808dc.npz", "visibility": "visibility_ee749910f2bc4dffa182c91298c808dc.png", "pose": [[-0.6388286352157593, 0.7693490386009216, 0.0, 1189.649658203125], [-0.7693490386009216, -0.6388286352157593, 0.0, 937.0859375], [0.0, 0.0, 1.0, 0.0], [0.0, 0.0, 0.0, 1.0]], "pose_inverse": [[-0.6388286352157593, -0.7693490386009216, 0.0, 1480.928466796875], [0.7693490386009216, -0.6388286352157593, 0.0, -316.61846923828125], [0.0, 0.0, 1.0, 0.0], [0.0, 0.0, 0.0, 1.0]], "cam_ids": [0, 1, 2, 3, 4, 5], "cam_channels": ["CAM_FRONT_LEFT", "CAM_FRONT", "CAM_FRONT_RIGHT", "CAM_BACK_LEFT", "CAM_BACK", "CAM_BACK_RIGHT"], "token": "ee749910f2bc4dffa182c91298c808dc", "scene": "scene-0389"}, {"images": ["samples/CAM_FRONT_LEFT/n008-2018-08-31-11-56-46-0400__CAM_FRONT_LEFT__1535731104154799.jpg", "samples/CAM_FRONT/n008-2018-08-31-11-56-46-0400__CAM_FRONT__1535731104162404.jpg", "samples/CAM_FRONT_RIGHT/n008-2018-08-31-11-56-46-0400__CAM_FRONT_RIGHT__1535731104170482.jpg", "samples/CAM_BACK_LEFT/n008-2018-08-31-11-56-46-0400__CAM_BACK_LEFT__1535731104197405.jpg", "samples/CAM_BACK/n008-2018-08-31-11-56-46-0400__CAM_BACK__1535731104187558.jpg", "samples/CAM_BACK_RIGHT/n008-2018-08-31-11-56-46-0400__CAM_BACK_RIGHT__1535731104178113.jpg"], "intrinsics": [[[1257.8625342125129, 0.0, 827.2410631095686], [0.0, 1257.8625342125129, 450.915498205774], [0.0, 0.0, 1.0]], [[1252.8131021185304, 0.0, 826.588114781398], [0.0, 1252.8131021185304, 469.9846626224581], [0.0, 0.0, 1.0]], [[1256.7485116440405, 0.0, 817.7887570959712], [0.0, 1256.7485116440403, 451.9541780095127], [0.0, 0.0, 1.0]], [[1254.9860565800168, 0.0, 829.5769333630991], [0.0, 1254.9860565800168, 467.1680561863987], [0.0, 0.0, 1.0]], [[796.8910634503094, 0.0, 857.7774326863696], [0.0, 796.8910634503094, 476.8848988407415], [0.0, 0.0, 1.0]], [[1249.9629280788233, 0.0, 825.3768045375984], [0.0, 1249.9629280788233, 462.54816385708756], [0.0, 0.0, 1.0]]], "extrinsics": [[[0.8221262693405151, -0.5684438347816467, -0.031304266303777695, -0.6492919921875], [-0.015822846442461014, 0.03215055167675018, -0.9993577599525452, 1.4813995361328125], [0.5690852999687195, 0.822093665599823, 0.017437413334846497, -1.090087890625], [0.0, 0.0, 0.0, 1.0]], [[0.009894557297229767, -0.9995521306991577, -0.02823968417942524, 0.0111083984375], [-0.014204186387360096, 0.028097722679376602, -0.9995042681694031, 1.4750537872314453], [0.9998501539230347, 0.010290819220244884, -0.013919811695814133, -1.3792724609375], [0.0, 0.0, 0.0, 1.0]], [[-0.8440921306610107, -0.5361754298210144, -0.0049333516508340836, 0.859375], [-0.006494475062936544, 0.019423214718699455, -0.9997901916503906, 1.4912490844726562], [0.5361588597297668, -0.8438830375671387, -0.01987716183066368, -1.128173828125], [0.0, 0.0, 0.0, 1.0]], [[0.9476501941680908, 0.31869474053382874, -0.019819658249616623, -1.14306640625], [-0.03246704488992691, 0.03442147374153137, -0.9988799095153809, 1.56201171875], [-0.3176555931568146, 0.9472321271896362, 0.04296658933162689, -0.15643310546875], [0.0, 0.0, 0.0, 1.0]], [[0.009557362645864487, 0.9995971918106079, 0.02672187052667141, -0.028961181640625], [-0.030205879360437393, 0.026999490335583687, -0.999178946018219, 1.5649490356445312], [-0.9994980692863464, 0.008742284029722214, 0.030451757833361626, -0.0576171875], [0.0, 0.0, 0.0, 1.0]], [[-0.9235820770263672, 0.38255617022514343, 0.025436079129576683, 0.97607421875], [-0.025739461183547974, 0.004325923975557089, -0.9996592998504639, 1.5426788330078125], [-0.382535845041275, -0.9239221811294556, 0.005851442459970713, -0.118133544921875], [0.0, 0.0, 0.0, 1.0]]], "view": [[0.0, -2.0, 100.0], [-2.0, 0.0, 100.0], [0.0, 0.0, 1.0]], "bev": "bev_160e499dc38841e7bb1aa9a0dd527fd4.png", "aux": "aux_160e499dc38841e7bb1aa9a0dd527fd4.npz", "visibility": "visibility_160e499dc38841e7bb1aa9a0dd527fd4.png", "pose": [[-0.6358737945556641, 0.7717930674552917, 0.0, 1186.053955078125], [-0.7717930674552917, -0.6358737945556641, 0.0, 932.7963256835938], [0.0, 0.0, 1.0, 0.0], [0.0, 0.0, 0.0, 1.0]], "pose_inverse": [[-0.6358737945556641, -0.7717930674552917, 0.0, 1474.1063232421875], [0.7717930674552917, -0.6358737945556641, 0.0, -322.2474365234375], [0.0, 0.0, 1.0, 0.0], [0.0, 0.0, 0.0, 1.0]], "cam_ids": [0, 1, 2, 3, 4, 5], "cam_channels": ["CAM_FRONT_LEFT", "CAM_FRONT", "CAM_FRONT_RIGHT", "CAM_BACK_LEFT", "CAM_BACK", "CAM_BACK_RIGHT"], "token": "160e499dc38841e7bb1aa9a0dd527fd4", "scene": "scene-0389"}, {"images": ["samples/CAM_FRONT_LEFT/n008-2018-08-31-11-56-46-0400__CAM_FRONT_LEFT__1535731104654799.jpg", "samples/CAM_FRONT/n008-2018-08-31-11-56-46-0400__CAM_FRONT__1535731104662404.jpg", "samples/CAM_FRONT_RIGHT/n008-2018-08-31-11-56-46-0400__CAM_FRONT_RIGHT__1535731104670482.jpg", "samples/CAM_BACK_LEFT/n008-2018-08-31-11-56-46-0400__CAM_BACK_LEFT__1535731104697405.jpg", "samples/CAM_BACK/n008-2018-08-31-11-56-46-0400__CAM_BACK__1535731104687558.jpg", "samples/CAM_BACK_RIGHT/n008-2018-08-31-11-56-46-0400__CAM_BACK_RIGHT__1535731104678113.jpg"], "intrinsics": [[[1257.8625342125129, 0.0, 827.2410631095686], [0.0, 1257.8625342125129, 450.915498205774], [0.0, 0.0, 1.0]], [[1252.8131021185304, 0.0, 826.588114781398], [0.0, 1252.8131021185304, 469.9846626224581], [0.0, 0.0, 1.0]], [[1256.7485116440405, 0.0, 817.7887570959712], [0.0, 1256.7485116440403, 451.9541780095127], [0.0, 0.0, 1.0]], [[1254.9860565800168, 0.0, 829.5769333630991], [0.0, 1254.9860565800168, 467.1680561863987], [0.0, 0.0, 1.0]], [[796.8910634503094, 0.0, 857.7774326863696], [0.0, 796.8910634503094, 476.8848988407415], [0.0, 0.0, 1.0]], [[1249.9629280788233, 0.0, 825.3768045375984], [0.0, 1249.9629280788233, 462.54816385708756], [0.0, 0.0, 1.0]]], "extrinsics": [[[0.8225756287574768, -0.5680310726165771, -0.026650743559002876, -0.635986328125], [-0.007739328779280186, 0.03567902743816376, -0.9993333220481873, 1.4847049713134766], [0.5686032176017761, 0.8222334384918213, 0.024952515959739685, -1.0828857421875], [0.0, 0.0, 0.0, 1.0]], [[0.010326438583433628, -0.9994206428527832, -0.032430361956357956, 0.012451171875], [-0.006031355820596218, 0.03236924856901169, -0.9994577765464783, 1.4778423309326172], [0.9999284148216248, 0.010516428388655186, -0.005693601910024881, -1.366455078125], [0.0, 0.0, 0.0, 1.0]], [[-0.8440203666687012, -0.5361125469207764, -0.014591467566788197, 0.850830078125], [0.0017642687307670712, 0.02443145401775837, -0.9996998906135559, 1.4935131072998047], [0.536308228969574, -0.8437929153442383, -0.01967480033636093, -1.1221923828125], [0.0, 0.0, 0.0, 1.0]], [[0.9477742910385132, 0.3187973201274872, -0.009595920331776142, -1.138916015625], [-0.02372826635837555, 0.04047614708542824, -0.9988987445831299, 1.561920166015625], [-0.3180578649044037, 0.9469582438468933, 0.045926764607429504, -0.15771484375], [0.0, 0.0, 0.0, 1.0]], [[0.009375916793942451, 0.9994171857833862, 0.03282247856259346, -0.02886962890625], [-0.02168719284236431, 0.03301943466067314, -0.9992193579673767, 1.565673828125], [-0.9997208714485168, 0.008656741119921207, 0.021984143182635307, -0.0640869140625], [0.0, 0.0, 0.0, 1.0]], [[-0.923714280128479, 0.3825671672821045, 0.01985577866435051, 0.9683837890625], [-0.017406608909368515, 0.009862505830824375, -0.9997998476028442, 1.5441856384277344], [-0.38268643617630005, -0.923875093460083, -0.0024509401991963387, -0.12127685546875], [0.0, 0.0, 0.0, 1.0]]], "view": [[0.0, -2.0, 100.0], [-2.0, 0.0, 100.0], [0.0, 0.0, 1.0]], "bev": "bev_3f351531e65b49aeb987fc0d08c6787c.png", "aux": "aux_3f351531e65b49aeb987fc0d08c6787c.npz", "visibility": "visibility_3f351531e65b49aeb987fc0d08c6787c.png", "pose": [[-0.6375079154968262, 0.7704437971115112, 0.0, 1182.6884765625], [-0.7704437971115112, -0.6375079154968262, 0.0, 928.7760620117188], [0.0, 0.0, 1.0, 0.0], [0.0, 0.0, 0.0, 1.0]], "pose_inverse": [[-0.6375079154968262, -0.7704437971115112, 0.0, 1469.54296875], [0.7704437971115112, -0.6375079154968262, 0.0, -319.0929260253906], [0.0, 0.0, 1.0, 0.0], [0.0, 0.0, 0.0, 1.0]], "cam_ids": [0, 1, 2, 3, 4, 5], "cam_channels": ["CAM_FRONT_LEFT", "CAM_FRONT", "CAM_FRONT_RIGHT", "CAM_BACK_LEFT", "CAM_BACK", "CAM_BACK_RIGHT"], "token": "3f351531e65b49aeb987fc0d08c6787c", "scene": "scene-0389"}, {"images": ["samples/CAM_FRONT_LEFT/n008-2018-08-31-11-56-46-0400__CAM_FRONT_LEFT__1535731105104799.jpg", "samples/CAM_FRONT/n008-2018-08-31-11-56-46-0400__CAM_FRONT__1535731105112404.jpg", "samples/CAM_FRONT_RIGHT/n008-2018-08-31-11-56-46-0400__CAM_FRONT_RIGHT__1535731105120482.jpg", "samples/CAM_BACK_LEFT/n008-2018-08-31-11-56-46-0400__CAM_BACK_LEFT__1535731105147405.jpg", "samples/CAM_BACK/n008-2018-08-31-11-56-46-0400__CAM_BACK__1535731105137558.jpg", "samples/CAM_BACK_RIGHT/n008-2018-08-31-11-56-46-0400__CAM_BACK_RIGHT__1535731105128113.jpg"], "intrinsics": [[[1257.8625342125129, 0.0, 827.2410631095686], [0.0, 1257.8625342125129, 450.915498205774], [0.0, 0.0, 1.0]], [[1252.8131021185304, 0.0, 826.588114781398], [0.0, 1252.8131021185304, 469.9846626224581], [0.0, 0.0, 1.0]], [[1256.7485116440405, 0.0, 817.7887570959712], [0.0, 1256.7485116440403, 451.9541780095127], [0.0, 0.0, 1.0]], [[1254.9860565800168, 0.0, 829.5769333630991], [0.0, 1254.9860565800168, 467.1680561863987], [0.0, 0.0, 1.0]], [[796.8910634503094, 0.0, 857.7774326863696], [0.0, 796.8910634503094, 476.8848988407415], [0.0, 0.0, 1.0]], [[1249.9629280788233, 0.0, 825.3768045375984], [0.0, 1249.9629280788233, 462.54816385708756], [0.0, 0.0, 1.0]]], "extrinsics": [[[0.8227396607398987, -0.56796795129776, -0.022624075412750244, -0.6231689453125], [-0.005003855098038912, 0.03256332501769066, -0.9994571805000305, 1.4858455657958984], [0.5683963894844055, 0.8224061727523804, 0.02394910715520382, -1.0748291015625], [0.0, 0.0, 0.0, 1.0]], [[0.010515369474887848, -0.999541163444519, -0.028404925018548965, 0.012939453125], [-0.002990364795550704, 0.028374936431646347, -0.9995929002761841, 1.4789257049560547], [0.9999402165412903, 0.010596132837235928, -0.0026906179264187813, -1.35400390625], [0.0, 0.0, 0.0, 1.0]], [[-0.8439540266990662, -0.5362108945846558, -0.014815196394920349, 0.8424072265625], [0.005093947984278202, 0.019606273621320724, -0.9997947812080383, 1.4945279359817505], [0.5363913774490356, -0.8438563346862793, -0.013815364800393581, -1.11669921875], [0.0, 0.0, 0.0, 1.0]], [[0.9478433728218079, 0.3186255693435669, -0.008403782732784748, -1.13134765625], [-0.02045636996626854, 0.03449946269392967, -0.9991953372955322, 1.5617942810058594], [-0.31807929277420044, 0.9472525715827942, 0.03921801596879959, -0.15966796875], [0.0, 0.0, 0.0, 1.0]], [[0.009290468879044056, 0.9995952844619751, 0.026888718828558922, -0.028778076171875], [-0.018322406336665154, 0.027055533602833748, -0.9994659423828125, 1.5659027099609375], [-0.9997889995574951, 0.008792874403297901, 0.018566351383924484, -0.07177734375], [0.0, 0.0, 0.0, 1.0]], [[-0.9237691164016724, 0.38267001509666443, 0.014632641337811947, 0.9608154296875], [-0.013991843909025192, 0.0044577037915587425, -0.9998921751976013, 1.5447883605957031], [-0.3826940059661865, -0.9238743185997009, 0.0012363700661808252, -0.124298095703125], [0.0, 0.0, 0.0, 1.0]]], "view": [[0.0, -2.0, 100.0], [-2.0, 0.0, 100.0], [0.0, 0.0, 1.0]], "bev": "bev_c44bf91961e4469c9ecd0d0b9c28da8f.png", "aux": "aux_c44bf91961e4469c9ecd0d0b9c28da8f.npz", "visibility": "visibility_c44bf91961e4469c9ecd0d0b9c28da8f.png", "pose": [[-0.6380289196968079, 0.770012378692627, 0.0, 1179.604736328125], [-0.770012378692627, -0.6380289196968079, 0.0, 925.125], [0.0, 0.0, 1.0, 0.0], [0.0, 0.0, 0.0, 1.0]], "pose_inverse": [[-0.6380289196968079, -0.770012378692627, 0.0, 1464.9796142578125], [0.770012378692627, -0.6380289196968079, 0.0, -318.0537414550781], [0.0, 0.0, 1.0, 0.0], [0.0, 0.0, 0.0, 1.0]], "cam_ids": [0, 1, 2, 3, 4, 5], "cam_channels": ["CAM_FRONT_LEFT", "CAM_FRONT", "CAM_FRONT_RIGHT", "CAM_BACK_LEFT", "CAM_BACK", "CAM_BACK_RIGHT"], "token": "c44bf91961e4469c9ecd0d0b9c28da8f", "scene": "scene-0389"}, {"images": ["samples/CAM_FRONT_LEFT/n008-2018-08-31-11-56-46-0400__CAM_FRONT_LEFT__1535731105604799.jpg", "samples/CAM_FRONT/n008-2018-08-31-11-56-46-0400__CAM_FRONT__1535731105612404.jpg", "samples/CAM_FRONT_RIGHT/n008-2018-08-31-11-56-46-0400__CAM_FRONT_RIGHT__1535731105620482.jpg", "samples/CAM_BACK_LEFT/n008-2018-08-31-11-56-46-0400__CAM_BACK_LEFT__1535731105647405.jpg", "samples/CAM_BACK/n008-2018-08-31-11-56-46-0400__CAM_BACK__1535731105637558.jpg", "samples/CAM_BACK_RIGHT/n008-2018-08-31-11-56-46-0400__CAM_BACK_RIGHT__1535731105628113.jpg"], "intrinsics": [[[1257.8625342125129, 0.0, 827.2410631095686], [0.0, 1257.8625342125129, 450.915498205774], [0.0, 0.0, 1.0]], [[1252.8131021185304, 0.0, 826.588114781398], [0.0, 1252.8131021185304, 469.9846626224581], [0.0, 0.0, 1.0]], [[1256.7485116440405, 0.0, 817.7887570959712], [0.0, 1256.7485116440403, 451.9541780095127], [0.0, 0.0, 1.0]], [[1254.9860565800168, 0.0, 829.5769333630991], [0.0, 1254.9860565800168, 467.1680561863987], [0.0, 0.0, 1.0]], [[796.8910634503094, 0.0, 857.7774326863696], [0.0, 796.8910634503094, 476.8848988407415], [0.0, 0.0, 1.0]], [[1249.9629280788233, 0.0, 825.3768045375984], [0.0, 1249.9629280788233, 462.54816385708756], [0.0, 0.0, 1.0]]], "extrinsics": [[[0.8215266466140747, -0.569450855255127, -0.028631243854761124, -0.6153564453125], [-0.011944376863539219, 0.033015958964824677, -0.9993834495544434, 1.4825763702392578], [0.5700451135635376, 0.8213620781898499, 0.02032175101339817, -1.0655517578125], [0.0, 0.0, 0.0, 1.0]], [[0.008846739307045937, -0.9995397329330444, -0.029018061235547066, 0.01055908203125], [-0.010256025940179825, 0.028926972299814224, -0.9995289444923401, 1.4761104583740234], [0.9999082684516907, 0.009140167385339737, -0.009995394386351109, -1.344482421875], [0.0, 0.0, 0.0, 1.0]], [[-0.8446404337882996, -0.535262942314148, -0.008718416094779968, 0.83544921875], [-0.0025185493286699057, 0.0202589500695467, -0.9997915625572205, 1.4922828674316406], [0.5353280901908875, -0.8444424867630005, -0.018459618091583252, -1.114501953125], [0.0, 0.0, 0.0, 1.0]], [[0.9478299617767334, 0.31839215755462646, -0.01564786024391651, -1.1297607421875], [-0.0283874049782753, 0.035411346703767776, -0.998969554901123, 1.5616531372070312], [-0.3175099492073059, 0.9472973942756653, 0.042602263391017914, -0.15997314453125], [0.0, 0.0, 0.0, 1.0]], [[0.009979513473808765, 0.9995672702789307, 0.027669433504343033, -0.02801513671875], [-0.0260945912450552, 0.027921712026000023, -0.999269425868988, 1.5649681091308594], [-0.999609649181366, 0.009250189177691936, 0.026361944153904915, -0.0738525390625], [0.0, 0.0, 0.0, 1.0]], [[-0.9233150482177734, 0.38340744376182556, 0.022089757025241852, 0.957275390625], [-0.021749859675765038, 0.005222269333899021, -0.9997497797012329, 1.5430278778076172], [-0.3834267854690552, -0.9235645532608032, 0.0035172575153410435, -0.1273193359375], [0.0, 0.0, 0.0, 1.0]]], "view": [[0.0, -2.0, 100.0], [-2.0, 0.0, 100.0], [0.0, 0.0, 1.0]], "bev": "bev_e23f164a474a45378c05af2bdc1886c4.png", "aux": "aux_e23f164a474a45378c05af2bdc1886c4.npz", "visibility": "visibility_e23f164a474a45378c05af2bdc1886c4.png", "pose": [[-0.6372292637825012, 0.7706742882728577, 0.0, 1176.2056884765625], [-0.7706742882728577, -0.6372292637825012, 0.0, 921.118408203125], [0.0, 0.0, 1.0, 0.0], [0.0, 0.0, 0.0, 1.0]], "pose_inverse": [[-0.6372292637825012, -0.7706742882728577, 0.0, 1459.39501953125], [0.7706742882728577, -0.6372292637825012, 0.0, -319.50787353515625], [0.0, 0.0, 1.0, 0.0], [0.0, 0.0, 0.0, 1.0]], "cam_ids": [0, 1, 2, 3, 4, 5], "cam_channels": ["CAM_FRONT_LEFT", "CAM_FRONT", "CAM_FRONT_RIGHT", "CAM_BACK_LEFT", "CAM_BACK", "CAM_BACK_RIGHT"], "token": "e23f164a474a45378c05af2bdc1886c4", "scene": "scene-0389"}, {"images": ["samples/CAM_FRONT_LEFT/n008-2018-08-31-11-56-46-0400__CAM_FRONT_LEFT__1535731106104799.jpg", "samples/CAM_FRONT/n008-2018-08-31-11-56-46-0400__CAM_FRONT__1535731106112404.jpg", "samples/CAM_FRONT_RIGHT/n008-2018-08-31-11-56-46-0400__CAM_FRONT_RIGHT__1535731106120482.jpg", "samples/CAM_BACK_LEFT/n008-2018-08-31-11-56-46-0400__CAM_BACK_LEFT__1535731106147405.jpg", "samples/CAM_BACK/n008-2018-08-31-11-56-46-0400__CAM_BACK__1535731106137558.jpg", "samples/CAM_BACK_RIGHT/n008-2018-08-31-11-56-46-0400__CAM_BACK_RIGHT__1535731106128113.jpg"], "intrinsics": [[[1257.8625342125129, 0.0, 827.2410631095686], [0.0, 1257.8625342125129, 450.915498205774], [0.0, 0.0, 1.0]], [[1252.8131021185304, 0.0, 826.588114781398], [0.0, 1252.8131021185304, 469.9846626224581], [0.0, 0.0, 1.0]], [[1256.7485116440405, 0.0, 817.7887570959712], [0.0, 1256.7485116440403, 451.9541780095127], [0.0, 0.0, 1.0]], [[1254.9860565800168, 0.0, 829.5769333630991], [0.0, 1254.9860565800168, 467.1680561863987], [0.0, 0.0, 1.0]], [[796.8910634503094, 0.0, 857.7774326863696], [0.0, 796.8910634503094, 476.8848988407415], [0.0, 0.0, 1.0]], [[1249.9629280788233, 0.0, 825.3768045375984], [0.0, 1249.9629280788233, 462.54816385708756], [0.0, 0.0, 1.0]]], "extrinsics": [[[0.8221869468688965, -0.5685392022132874, -0.027782272547483444, -0.617919921875], [-0.012900437228381634, 0.03018389269709587, -0.9994611144065857, 1.4821338653564453], [0.5690714120864868, 0.8221021890640259, 0.017482398077845573, -1.0701904296875], [0.0, 0.0, 0.0, 1.0]], [[0.009786567650735378, -0.9996082186698914, -0.026221876963973045, 0.012237548828125], [-0.011050938628613949, 0.026113413274288177, -0.9995979070663452, 1.475799560546875], [0.9998910427093506, 0.010072417557239532, -0.010791048407554626, -1.347412109375], [0.0, 0.0, 0.0, 1.0]], [[-0.8442549109458923, -0.5358998775482178, -0.006709488108754158, 0.8369140625], [-0.003141992259770632, 0.017467951402068138, -0.9998424649238586, 1.4920854568481445], [0.5359326601028442, -0.8441008925437927, -0.01643119752407074, -1.1138916015625], [0.0, 0.0, 0.0, 1.0]], [[0.9477127194404602, 0.3186871409416199, -0.016707241535186768, -1.12890625], [-0.028580306097865105, 0.032616306096315384, -0.99905925989151, 1.5615768432617188], [-0.31784239411354065, 0.9472986459732056, 0.040019065141677856, -0.16131591796875], [0.0, 0.0, 0.0, 1.0]], [[0.009654580615460873, 0.9996445178985596, 0.024851100519299507, -0.028656005859375], [-0.026474494487047195, 0.02509908191859722, -0.9993342757225037, 1.564849853515625], [-0.9996028542518616, 0.008990254253149033, 0.02670740708708763, -0.076171875], [0.0, 0.0, 0.0, 1.0]], [[-0.9235081672668457, 0.38297611474990845, 0.021490873768925667, 0.9561767578125], [-0.022260267287492752, 0.0024229916743934155, -0.9997493028640747, 1.5428943634033203], [-0.3829321563243866, -0.9237550497055054, 0.006287498865276575, -0.126708984375], [0.0, 0.0, 0.0, 1.0]]], "view": [[0.0, -2.0, 100.0], [-2.0, 0.0, 100.0], [0.0, 0.0, 1.0]], "bev": "bev_319edd4eceee462681e36c2324fe8cae.png", "aux": "aux_319edd4eceee462681e36c2324fe8cae.npz", "visibility": "visibility_319edd4eceee462681e36c2324fe8cae.png", "pose": [[-0.6372202038764954, 0.7706817984580994, 0.0, 1172.802978515625], [-0.7706817984580994, -0.6372202038764954, 0.0, 917.0899047851562], [0.0, 0.0, 1.0, 0.0], [0.0, 0.0, 0.0, 1.0]], "pose_inverse": [[-0.6372202038764954, -0.7706817984580994, 0.0, 1454.1182861328125], [0.7706817984580994, -0.6372202038764954, 0.0, -319.4697265625], [0.0, 0.0, 1.0, 0.0], [0.0, 0.0, 0.0, 1.0]], "cam_ids": [0, 1, 2, 3, 4, 5], "cam_channels": ["CAM_FRONT_LEFT", "CAM_FRONT", "CAM_FRONT_RIGHT", "CAM_BACK_LEFT", "CAM_BACK", "CAM_BACK_RIGHT"], "token": "319edd4eceee462681e36c2324fe8cae", "scene": "scene-0389"}, {"images": ["samples/CAM_FRONT_LEFT/n008-2018-08-31-11-56-46-0400__CAM_FRONT_LEFT__1535731106604799.jpg", "samples/CAM_FRONT/n008-2018-08-31-11-56-46-0400__CAM_FRONT__1535731106612404.jpg", "samples/CAM_FRONT_RIGHT/n008-2018-08-31-11-56-46-0400__CAM_FRONT_RIGHT__1535731106620482.jpg", "samples/CAM_BACK_LEFT/n008-2018-08-31-11-56-46-0400__CAM_BACK_LEFT__1535731106647405.jpg", "samples/CAM_BACK/n008-2018-08-31-11-56-46-0400__CAM_BACK__1535731106637558.jpg", "samples/CAM_BACK_RIGHT/n008-2018-08-31-11-56-46-0400__CAM_BACK_RIGHT__1535731106628113.jpg"], "intrinsics": [[[1257.8625342125129, 0.0, 827.2410631095686], [0.0, 1257.8625342125129, 450.915498205774], [0.0, 0.0, 1.0]], [[1252.8131021185304, 0.0, 826.588114781398], [0.0, 1252.8131021185304, 469.9846626224581], [0.0, 0.0, 1.0]], [[1256.7485116440405, 0.0, 817.7887570959712], [0.0, 1256.7485116440403, 451.9541780095127], [0.0, 0.0, 1.0]], [[1254.9860565800168, 0.0, 829.5769333630991], [0.0, 1254.9860565800168, 467.1680561863987], [0.0, 0.0, 1.0]], [[796.8910634503094, 0.0, 857.7774326863696], [0.0, 796.8910634503094, 476.8848988407415], [0.0, 0.0, 1.0]], [[1249.9629280788233, 0.0, 825.3768045375984], [0.0, 1249.9629280788233, 462.54816385708756], [0.0, 0.0, 1.0]]], "extrinsics": [[[0.8222607374191284, -0.5684895515441895, -0.026586607098579407, -0.630859375], [-0.013874238356947899, 0.026678310707211494, -0.9995477795600891, 1.4819087982177734], [0.5689417719841003, 0.8222578167915344, 0.014049169607460499, -1.07965087890625], [0.0, 0.0, 0.0, 1.0]], [[0.010012025944888592, -0.9997037649154663, -0.022183923050761223, 0.012786865234375], [-0.011739744804799557, 0.022065987810492516, -0.9996876120567322, 1.4757232666015625], [0.9998809099197388, 0.010269289836287498, -0.011515342630445957, -1.3634033203125], [0.0, 0.0, 0.0, 1.0]], [[-0.8441223502159119, -0.5361363887786865, -0.003912267275154591, 0.8494873046875], [-0.003525208216160536, 0.012846785597503185, -0.9999112486839294, 1.4920201301574707], [0.5361390709877014, -0.8440337181091309, -0.012734251096844673, -1.1209716796875], [0.0, 0.0, 0.0, 1.0]], [[0.9477044343948364, 0.3185999095439911, -0.018717246130108833, -1.130615234375], [-0.028614474460482597, 0.026412473991513252, -0.9992414712905884, 1.5616340637207031], [-0.31786391139030457, 0.9475211501121521, 0.03414779156446457, -0.1607666015625], [0.0, 0.0, 0.0, 1.0]], [[0.009534657932817936, 0.9997733235359192, 0.01903272233903408, -0.02899169921875], [-0.026764702051877975, 0.01928192563354969, -0.9994557499885559, 1.5649909973144531], [-0.9995962977409363, 0.009020013734698296, 0.026942482218146324, -0.0694580078125], [0.0, 0.0, 0.0, 1.0]], [[-0.9235805869102478, 0.3829014003276825, 0.019634369760751724, 0.9661865234375], [-0.022398503497242928, -0.0027616892475634813, -0.9997453093528748, 1.5431137084960938], [-0.3827495574951172, -0.9237850904464722, 0.011127058416604996, -0.1220703125], [0.0, 0.0, 0.0, 1.0]]], "view": [[0.0, -2.0, 100.0], [-2.0, 0.0, 100.0], [0.0, 0.0, 1.0]], "bev": "bev_aa3f18bbfe6c4ec586edfff53f2a77ba.png", "aux": "aux_aa3f18bbfe6c4ec586edfff53f2a77ba.npz", "visibility": "visibility_aa3f18bbfe6c4ec586edfff53f2a77ba.png", "pose": [[-0.6356253027915955, 0.7719976902008057, 0.0, 1169.3765869140625], [-0.7719976902008057, -0.6356253027915955, 0.0, 913.032470703125], [0.0, 0.0, 1.0, 0.0], [0.0, 0.0, 0.0, 1.0]], "pose_inverse": [[-0.6356253027915955, -0.7719976902008057, 0.0, 1448.144287109375], [0.7719976902008057, -0.6356253027915955, 0.0, -322.4094543457031], [0.0, 0.0, 1.0, 0.0], [0.0, 0.0, 0.0, 1.0]], "cam_ids": [0, 1, 2, 3, 4, 5], "cam_channels": ["CAM_FRONT_LEFT", "CAM_FRONT", "CAM_FRONT_RIGHT", "CAM_BACK_LEFT", "CAM_BACK", "CAM_BACK_RIGHT"], "token": "aa3f18bbfe6c4ec586edfff53f2a77ba", "scene": "scene-0389"}, {"images": ["samples/CAM_FRONT_LEFT/n008-2018-08-31-11-56-46-0400__CAM_FRONT_LEFT__1535731107104799.jpg", "samples/CAM_FRONT/n008-2018-08-31-11-56-46-0400__CAM_FRONT__1535731107112404.jpg", "samples/CAM_FRONT_RIGHT/n008-2018-08-31-11-56-46-0400__CAM_FRONT_RIGHT__1535731107120482.jpg", "samples/CAM_BACK_LEFT/n008-2018-08-31-11-56-46-0400__CAM_BACK_LEFT__1535731107147405.jpg", "samples/CAM_BACK/n008-2018-08-31-11-56-46-0400__CAM_BACK__1535731107137558.jpg", "samples/CAM_BACK_RIGHT/n008-2018-08-31-11-56-46-0400__CAM_BACK_RIGHT__1535731107128113.jpg"], "intrinsics": [[[1257.8625342125129, 0.0, 827.2410631095686], [0.0, 1257.8625342125129, 450.915498205774], [0.0, 0.0, 1.0]], [[1252.8131021185304, 0.0, 826.588114781398], [0.0, 1252.8131021185304, 469.9846626224581], [0.0, 0.0, 1.0]], [[1256.7485116440405, 0.0, 817.7887570959712], [0.0, 1256.7485116440403, 451.9541780095127], [0.0, 0.0, 1.0]], [[1254.9860565800168, 0.0, 829.5769333630991], [0.0, 1254.9860565800168, 467.1680561863987], [0.0, 0.0, 1.0]], [[796.8910634503094, 0.0, 857.7774326863696], [0.0, 796.8910634503094, 476.8848988407415], [0.0, 0.0, 1.0]], [[1249.9629280788233, 0.0, 825.3768045375984], [0.0, 1249.9629280788233, 462.54816385708756], [0.0, 0.0, 1.0]]], "extrinsics": [[[0.8220795392990112, -0.5687600374221802, -0.026404976844787598, -0.617431640625], [-0.01198855135589838, 0.029074426740407944, -0.999505341053009, 1.482534408569336], [0.5692464113235474, 0.8219895362854004, 0.017082883045077324, -1.07110595703125], [0.0, 0.0, 0.0, 1.0]], [[0.009633120149374008, -0.9996386766433716, -0.025092966854572296, 0.01324462890625], [-0.01039113663136959, 0.02499270625412464, -0.9996336102485657, 1.476043701171875], [0.9998996257781982, 0.009890273213386536, -0.01014662440866232, -1.34814453125], [0.0, 0.0, 0.0, 1.0]], [[-0.8443158864974976, -0.535807192325592, -0.0064316242933273315, 0.8388671875], [-0.002749653998762369, 0.01633482798933983, -0.9998627305030823, 1.4921917915344238], [0.5358387231826782, -0.8441823124885559, -0.015265040099620819, -1.1138916015625], [0.0, 0.0, 0.0, 1.0]], [[0.9477724432945251, 0.3184521198272705, -0.017762858420610428, -1.1312255859375], [-0.02935333363711834, 0.03163417801260948, -0.9990683794021606, 1.5616683959960938], [-0.3175934851169586, 0.9474108815193176, 0.039329636842012405, -0.15997314453125], [0.0, 0.0, 0.0, 1.0]], [[0.009729119949042797, 0.9996690154075623, 0.023815713822841644, -0.028900146484375], [-0.026826338842511177, 0.024069201201200485, -0.9993502497673035, 1.5648651123046875], [-0.9995927214622498, 0.009083831682801247, 0.027051633223891258, -0.07373046875], [0.0, 0.0, 0.0, 1.0]], [[-0.9234774112701416, 0.383078932762146, 0.020975828170776367, 0.9576416015625], [-0.022166095674037933, 0.0013072186848148704, -0.9997534155845642, 1.542959213256836], [-0.38301190733909607, -0.9237146973609924, 0.007284177001565695, -0.1252899169921875], [0.0, 0.0, 0.0, 1.0]]], "view": [[0.0, -2.0, 100.0], [-2.0, 0.0, 100.0], [0.0, 0.0, 1.0]], "bev": "bev_d411a0068d37422d92ce51e61c9e8edd.png", "aux": "aux_d411a0068d37422d92ce51e61c9e8edd.npz", "visibility": "visibility_d411a0068d37422d92ce51e61c9e8edd.png", "pose": [[-0.6354027986526489, 0.7721808552742004, 0.0, 1166.0260009765625], [-0.7721808552742004, -0.6354027986526489, 0.0, 909.0480346679688], [0.0, 0.0, 1.0, 0.0], [0.0, 0.0, 0.0, 1.0]], "pose_inverse": [[-0.6354027986526489, -0.7721808552742004, 0.0, 1442.845703125], [0.7721808552742004, -0.6354027986526489, 0.0, -322.771240234375], [0.0, 0.0, 1.0, 0.0], [0.0, 0.0, 0.0, 1.0]], "cam_ids": [0, 1, 2, 3, 4, 5], "cam_channels": ["CAM_FRONT_LEFT", "CAM_FRONT", "CAM_FRONT_RIGHT", "CAM_BACK_LEFT", "CAM_BACK", "CAM_BACK_RIGHT"], "token": "d411a0068d37422d92ce51e61c9e8edd", "scene": "scene-0389"}, {"images": ["samples/CAM_FRONT_LEFT/n008-2018-08-31-11-56-46-0400__CAM_FRONT_LEFT__1535731107604799.jpg", "samples/CAM_FRONT/n008-2018-08-31-11-56-46-0400__CAM_FRONT__1535731107612404.jpg", "samples/CAM_FRONT_RIGHT/n008-2018-08-31-11-56-46-0400__CAM_FRONT_RIGHT__1535731107620482.jpg", "samples/CAM_BACK_LEFT/n008-2018-08-31-11-56-46-0400__CAM_BACK_LEFT__1535731107647405.jpg", "samples/CAM_BACK/n008-2018-08-31-11-56-46-0400__CAM_BACK__1535731107637558.jpg", "samples/CAM_BACK_RIGHT/n008-2018-08-31-11-56-46-0400__CAM_BACK_RIGHT__1535731107628113.jpg"], "intrinsics": [[[1257.8625342125129, 0.0, 827.2410631095686], [0.0, 1257.8625342125129, 450.915498205774], [0.0, 0.0, 1.0]], [[1252.8131021185304, 0.0, 826.588114781398], [0.0, 1252.8131021185304, 469.9846626224581], [0.0, 0.0, 1.0]], [[1256.7485116440405, 0.0, 817.7887570959712], [0.0, 1256.7485116440403, 451.9541780095127], [0.0, 0.0, 1.0]], [[1254.9860565800168, 0.0, 829.5769333630991], [0.0, 1254.9860565800168, 467.1680561863987], [0.0, 0.0, 1.0]], [[796.8910634503094, 0.0, 857.7774326863696], [0.0, 796.8910634503094, 476.8848988407415], [0.0, 0.0, 1.0]], [[1249.9629280788233, 0.0, 825.3768045375984], [0.0, 1249.9629280788233, 462.54816385708756], [0.0, 0.0, 1.0]]], "extrinsics": [[[0.8222656846046448, -0.5684918165206909, -0.026386573910713196, -0.6287841796875], [-0.011677615344524384, 0.029501190409064293, -0.9994965195655823, 1.4829063415527344], [0.5689840912818909, 0.8221598267555237, 0.017619185149669647, -1.07568359375], [0.0, 0.0, 0.0, 1.0]], [[0.009826443158090115, -0.9996223449707031, -0.025661807507276535, 0.010986328125], [-0.009739588014781475, 0.02556615136563778, -0.9996256828308105, 1.4764289855957031], [0.999904215335846, 0.010072675533592701, -0.00948468316346407, -1.3560791015625], [0.0, 0.0, 0.0, 1.0]], [[-0.8442574143409729, -0.5358830094337463, -0.007677766494452953, 0.8416748046875], [-0.0017382428050041199, 0.01706373132765293, -0.9998528361320496, 1.4925332069396973], [0.5359351634979248, -0.8441198468208313, -0.01533767580986023, -1.1177978515625], [0.0, 0.0, 0.0, 1.0]], [[0.9477372169494629, 0.318674236536026, -0.015525301918387413, -1.1279296875], [-0.02737380936741829, 0.0327356718480587, -0.9990891218185425, 1.5615730285644531], [-0.3178757429122925, 0.9472988247871399, 0.039748139679431915, -0.16156005859375], [0.0, 0.0, 0.0, 1.0]], [[0.009634208865463734, 0.9996454119682312, 0.02482457086443901, -0.028289794921875], [-0.025244638323783875, 0.02506095916032791, -0.9993671178817749, 1.5650482177734375]