[{"images": ["samples/CAM_FRONT_LEFT/n015-2018-09-25-11-10-38+0800__CAM_FRONT_LEFT__1537845392254844.jpg", "samples/CAM_FRONT/n015-2018-09-25-11-10-38+0800__CAM_FRONT__1537845392262460.jpg", "samples/CAM_FRONT_RIGHT/n015-2018-09-25-11-10-38+0800__CAM_FRONT_RIGHT__1537845392270339.jpg", "samples/CAM_BACK_LEFT/n015-2018-09-25-11-10-38+0800__CAM_BACK_LEFT__1537845392297423.jpg", "samples/CAM_BACK/n015-2018-09-25-11-10-38+0800__CAM_BACK__1537845392287525.jpg", "samples/CAM_BACK_RIGHT/n015-2018-09-25-11-10-38+0800__CAM_BACK_RIGHT__1537845392277893.jpg"], "intrinsics": [[[1272.5979470598488, 0.0, 826.6154927353808], [0.0, 1272.5979470598488, 479.75165386361925], [0.0, 0.0, 1.0]], [[1266.417203046554, 0.0, 816.2670197447984], [0.0, 1266.417203046554, 491.50706579294757], [0.0, 0.0, 1.0]], [[1260.8474446004698, 0.0, 807.968244525554], [0.0, 1260.8474446004698, 495.3344268742088], [0.0, 0.0, 1.0]], [[1256.7414812095406, 0.0, 792.1125740759628], [0.0, 1256.7414812095406, 492.7757465151356], [0.0, 0.0, 1.0]], [[809.2209905677063, 0.0, 829.2196003259838], [0.0, 809.2209905677063, 481.77842384512485], [0.0, 0.0, 1.0]], [[1259.5137405846733, 0.0, 807.2529053838625], [0.0, 1259.5137405846733, 501.19579884916527], [0.0, 0.0, 1.0]]], "extrinsics": [[[0.8209944367408752, -0.5704854130744934, 0.02267829328775406, -0.96484375], [-0.0010458905017003417, -0.041223958134651184, -0.9991493821144104, 1.5082502365112305], [0.5709351301193237, 0.8202723264694214, -0.03444131091237068, -1.2802734375], [0.0, 0.0, 0.0, 1.0]], [[0.006099687423557043, -0.998958170413971, 0.04522457718849182, 0.0050506591796875], [-0.006346601527184248, -0.04526318609714508, -0.9989549517631531, 1.5205354690551758], [0.999961256980896, 0.005806298926472664, -0.006616079714149237, -1.6923828125], [0.0, 0.0, 0.0, 1.0]], [[-0.8327077031135559, -0.55347740650177, 0.016139492392539978, 1.0323486328125], [-0.0007216143421828747, -0.028063001111149788, -0.9996058344841003, 1.503643274307251], [0.5537121891975403, -0.8323912024497986, 0.022968880832195282, -1.24859619140625], [0.0, 0.0, 0.0, 1.0]], [[0.947632908821106, 0.31916865706443787, -0.011098593473434448, -1.142333984375], [0.007979042828083038, -0.05840328708291054, -0.9982611536979675, 1.5885562896728516], [-0.3192618489265442, 0.9458966255187988, -0.057891543954610825, -0.103668212890625], [0.0, 0.0, 0.0, 1.0]], [[0.0020110439509153366, 0.9988237619400024, -0.0484466552734375, 0.00279998779296875], [-0.01744646020233631, -0.048404332250356674, -0.9986754655838013, 1.5793571472167969], [-0.9998458027839661, 0.0028536284808069468, 0.017328597605228424, 0.0018310546875], [0.0, 0.0, 0.0, 1.0]], [[-0.9349281191825867, 0.3538900911808014, -0.02590716816484928, 1.13623046875], [0.01517428271472454, -0.03307001665234566, -0.9993378520011902, 1.5514497756958008], [-0.3545125126838684, -0.9347022175788879, 0.0255480594933033, -0.063720703125], [0.0, 0.0, 0.0, 1.0]]], "view": [[0.0, -2.0, 100.0], [-2.0, 0.0, 100.0], [0.0, 0.0, 1.0]], "bev": "bev_e96f6c460c834679a1cb8aa2f5376e12.png", "aux": "aux_e96f6c460c834679a1cb8aa2f5376e12.npz", "visibility": "visibility_e96f6c460c834679a1cb8aa2f5376e12.png", "pose": [[-0.4217652976512909, 0.9067050218582153, 0.0, 396.0914001464844], [-0.9067050218582153, -0.4217652976512909, 0.0, 1147.3599853515625], [0.0, 0.0, 1.0, 0.0], [0.0, 0.0, 0.0, 1.0]], "pose_inverse": [[-0.4217652976512909, -0.9067050218582153, 0.0, 1207.3746337890625], [0.9067050218582153, -0.4217652976512909, 0.0, 124.77855682373047], [0.0, 0.0, 1.0, 0.0], [0.0, 0.0, 0.0, 1.0]], "cam_ids": [0, 1, 2, 3, 4, 5], "cam_channels": ["CAM_FRONT_LEFT", "CAM_FRONT", "CAM_FRONT_RIGHT", "CAM_BACK_LEFT", "CAM_BACK", "CAM_BACK_RIGHT"], "token": "e96f6c460c834679a1cb8aa2f5376e12", "scene": "scene-0982"}, {"images": ["samples/CAM_FRONT_LEFT/n015-2018-09-25-11-10-38+0800__CAM_FRONT_LEFT__1537845392754844.jpg", "samples/CAM_FRONT/n015-2018-09-25-11-10-38+0800__CAM_FRONT__1537845392762460.jpg", "samples/CAM_FRONT_RIGHT/n015-2018-09-25-11-10-38+0800__CAM_FRONT_RIGHT__1537845392770339.jpg", "samples/CAM_BACK_LEFT/n015-2018-09-25-11-10-38+0800__CAM_BACK_LEFT__1537845392797423.jpg", "samples/CAM_BACK/n015-2018-09-25-11-10-38+0800__CAM_BACK__1537845392787525.jpg", "samples/CAM_BACK_RIGHT/n015-2018-09-25-11-10-38+0800__CAM_BACK_RIGHT__1537845392777893.jpg"], "intrinsics": [[[1272.5979470598488, 0.0, 826.6154927353808], [0.0, 1272.5979470598488, 479.75165386361925], [0.0, 0.0, 1.0]], [[1266.417203046554, 0.0, 816.2670197447984], [0.0, 1266.417203046554, 491.50706579294757], [0.0, 0.0, 1.0]], [[1260.8474446004698, 0.0, 807.968244525554], [0.0, 1260.8474446004698, 495.3344268742088], [0.0, 0.0, 1.0]], [[1256.7414812095406, 0.0, 792.1125740759628], [0.0, 1256.7414812095406, 492.7757465151356], [0.0, 0.0, 1.0]], [[809.2209905677063, 0.0, 829.2196003259838], [0.0, 809.2209905677063, 481.77842384512485], [0.0, 0.0, 1.0]], [[1259.5137405846733, 0.0, 807.2529053838625], [0.0, 1259.5137405846733, 501.19579884916527], [0.0, 0.0, 1.0]]], "extrinsics": [[[0.8209856152534485, -0.5704957842826843, 0.022742534056305885, -0.96502685546875], [-0.0009263412212021649, -0.04116377606987953, -0.9991520047187805, 1.5082478523254395], [0.5709481835365295, 0.8202682137489319, -0.03432333841919899, -1.28021240234375], [0.0, 0.0, 0.0, 1.0]], [[0.006085993722081184, -0.9989603757858276, 0.04517732560634613, 0.00506591796875], [-0.006223180331289768, -0.045215118676424026, -0.9989579319953918, 1.5205345153808594], [0.9999620914459229, 0.005798497702926397, -0.0064918906427919865, -1.6923828125], [0.0, 0.0, 0.0, 1.0]], [[-0.83271324634552, -0.5534730553627014, 0.016008339822292328, 1.032470703125], [-0.0006023906171321869, -0.02800576388835907, -0.9996075630187988, 1.5036437511444092], [0.5537042021751404, -0.8323960900306702, 0.0229873675853014, -1.2486572265625], [0.0, 0.0, 0.0, 1.0]], [[0.9476355910301208, 0.3191651403903961, -0.01096795592457056, -1.14208984375], [0.008094033226370811, -0.05833692103624344, -0.9982640743255615, 1.5885558128356934], [-0.3192509710788727, 0.9459018707275391, -0.057865481823682785, -0.103668212890625], [0.0, 0.0, 0.0, 1.0]], [[0.002020790707319975, 0.9988275170326233, -0.04836898297071457, 0.00275421142578125], [-0.01733636111021042, -0.04832682013511658, -0.9986811280250549, 1.5793590545654297], [-0.9998476505279541, 0.0028566154651343822, 0.017218375578522682, 0.0018310546875], [0.0, 0.0, 0.0, 1.0]], [[-0.934923529624939, 0.3538963496685028, -0.025985825806856155, 1.13623046875], [0.01528578158468008, -0.03299723193049431, -0.9993385672569275, 1.5514488220214844], [-0.35451969504356384, -0.934702455997467, 0.025440307334065437, -0.06365966796875], [0.0, 0.0, 0.0, 1.0]]], "view": [[0.0, -2.0, 100.0], [-2.0, 0.0, 100.0], [0.0, 0.0, 1.0]], "bev": "bev_b6ecab04a2214087806e502093402aff.png", "aux": "aux_b6ecab04a2214087806e502093402aff.npz", "visibility": "visibility_b6ecab04a2214087806e502093402aff.png", "pose": [[-0.4217519760131836, 0.906711220741272, 0.0, 396.0913391113281], [-0.906711220741272, -0.4217519760131836, 0.0, 1147.3599853515625], [0.0, 0.0, 1.0, 0.0], [0.0, 0.0, 0.0, 1.0]], "pose_inverse": [[-0.4217519760131836, -0.906711220741272, 0.0, 1207.37646484375], [0.906711220741272, -0.4217519760131836, 0.0, 124.76085662841797], [0.0, 0.0, 1.0, 0.0], [0.0, 0.0, 0.0, 1.0]], "cam_ids": [0, 1, 2, 3, 4, 5], "cam_channels": ["CAM_FRONT_LEFT", "CAM_FRONT", "CAM_FRONT_RIGHT", "CAM_BACK_LEFT", "CAM_BACK", "CAM_BACK_RIGHT"], "token": "b6ecab04a2214087806e502093402aff", "scene": "scene-0982"}, {"images": ["samples/CAM_FRONT_LEFT/n015-2018-09-25-11-10-38+0800__CAM_FRONT_LEFT__1537845393254844.jpg", "samples/CAM_FRONT/n015-2018-09-25-11-10-38+0800__CAM_FRONT__1537845393262460.jpg", "samples/CAM_FRONT_RIGHT/n015-2018-09-25-11-10-38+0800__CAM_FRONT_RIGHT__1537845393270339.jpg", "samples/CAM_BACK_LEFT/n015-2018-09-25-11-10-38+0800__CAM_BACK_LEFT__1537845393297423.jpg", "samples/CAM_BACK/n015-2018-09-25-11-10-38+0800__CAM_BACK__1537845393287525.jpg", "samples/CAM_BACK_RIGHT/n015-2018-09-25-11-10-38+0800__CAM_BACK_RIGHT__1537845393277893.jpg"], "intrinsics": [[[1272.5979470598488, 0.0, 826.6154927353808], [0.0, 1272.5979470598488, 479.75165386361925], [0.0, 0.0, 1.0]], [[1266.417203046554, 0.0, 816.2670197447984], [0.0, 1266.417203046554, 491.50706579294757], [0.0, 0.0, 1.0]], [[1260.8474446004698, 0.0, 807.968244525554], [0.0, 1260.8474446004698, 495.3344268742088], [0.0, 0.0, 1.0]], [[1256.7414812095406, 0.0, 792.1125740759628], [0.0, 1256.7414812095406, 492.7757465151356], [0.0, 0.0, 1.0]], [[809.2209905677063, 0.0, 829.2196003259838], [0.0, 809.2209905677063, 481.77842384512485], [0.0, 0.0, 1.0]], [[1259.5137405846733, 0.0, 807.2529053838625], [0.0, 1259.5137405846733, 501.19579884916527], [0.0, 0.0, 1.0]]], "extrinsics": [[[0.8209730386734009, -0.5705142617225647, 0.022731756791472435, -0.96490478515625], [-0.0009133630082942545, -0.041124939918518066, -0.9991536140441895, 1.5082511901855469], [0.5709661245346069, 0.8202574253082275, -0.03428355231881142, -1.28021240234375], [0.0, 0.0, 0.0, 1.0]], [[0.006065738387405872, -0.9989621043205261, 0.04514200985431671, 0.00510406494140625], [-0.006217322312295437, -0.04517964646220207, -0.9989595413208008, 1.520533561706543], [0.9999622106552124, 0.005778774153441191, -0.006484919227659702, -1.6922607421875], [0.0, 0.0, 0.0, 1.0]], [[-0.8327217698097229, -0.5534604787826538, 0.015993477776646614, 1.032470703125], [-0.0006056979764252901, -0.027974598109722137, -0.9996083974838257, 1.5036447048187256], [0.5536912083625793, -0.8324054479598999, 0.022959833964705467, -1.24871826171875], [0.0, 0.0, 0.0, 1.0]], [[0.9476386308670044, 0.3191557824611664, -0.010976996272802353, -1.14208984375], [0.008070399053394794, -0.058296896517276764, -0.9982666373252869, 1.5885581970214844], [-0.3192425072193146, 0.945907473564148, -0.05782011151313782, -0.103729248046875], [0.0, 0.0, 0.0, 1.0]], [[0.0020305546931922436, 0.9988287091255188, -0.048343781381845474, 0.0028228759765625], [-0.017351102083921432, -0.04830140992999077, -0.9986821413040161, 1.579355239868164], [-0.9998473525047302, 0.002866690047085285, 0.017232701182365417, 0.001708984375], [0.0, 0.0, 0.0, 1.0]], [[-0.9349196553230286, 0.35390782356262207, -0.02596832998096943, 1.1361083984375], [0.015276526100933552, -0.032971445471048355, -0.9993395209312439, 1.5514507293701172], [-0.35453030467033386, -0.9346989393234253, 0.025419173762202263, -0.0635986328125], [0.0, 0.0, 0.0, 1.0]]], "view": [[0.0, -2.0, 100.0], [-2.0, 0.0, 100.0], [0.0, 0.0, 1.0]], "bev": "bev_6da7712dff6d4e13a55a7ac750d833dd.png", "aux": "aux_6da7712dff6d4e13a55a7ac750d833dd.npz", "visibility": "visibility_6da7712dff6d4e13a55a7ac750d833dd.png", "pose": [[-0.4217863082885742, 0.9066952466964722, 0.0, 396.0912780761719], [-0.9066952466964722, -0.4217863082885742, 0.0, 1147.3599853515625], [0.0, 0.0, 1.0, 0.0], [0.0, 0.0, 0.0, 1.0]], "pose_inverse": [[-0.4217863082885742, -0.9066952466964722, 0.0, 1207.3717041015625], [0.9066952466964722, -0.4217863082885742, 0.0, 124.806640625], [0.0, 0.0, 1.0, 0.0], [0.0, 0.0, 0.0, 1.0]], "cam_ids": [0, 1, 2, 3, 4, 5], "cam_channels": ["CAM_FRONT_LEFT", "CAM_FRONT", "CAM_FRONT_RIGHT", "CAM_BACK_LEFT", "CAM_BACK", "CAM_BACK_RIGHT"], "token": "6da7712dff6d4e13a55a7ac750d833dd", "scene": "scene-0982"}, {"images": ["samples/CAM_FRONT_LEFT/n015-2018-09-25-11-10-38+0800__CAM_FRONT_LEFT__1537845393754844.jpg", "samples/CAM_FRONT/n015-2018-09-25-11-10-38+0800__CAM_FRONT__1537845393762460.jpg", "samples/CAM_FRONT_RIGHT/n015-2018-09-25-11-10-38+0800__CAM_FRONT_RIGHT__1537845393770339.jpg", "samples/CAM_BACK_LEFT/n015-2018-09-25-11-10-38+0800__CAM_BACK_LEFT__1537845393797423.jpg", "samples/CAM_BACK/n015-2018-09-25-11-10-38+0800__CAM_BACK__1537845393787525.jpg", "samples/CAM_BACK_RIGHT/n015-2018-09-25-11-10-38+0800__CAM_BACK_RIGHT__1537845393777893.jpg"], "intrinsics": [[[1272.5979470598488, 0.0, 826.6154927353808], [0.0, 1272.5979470598488, 479.75165386361925], [0.0, 0.0, 1.0]], [[1266.417203046554, 0.0, 816.2670197447984], [0.0, 1266.417203046554, 491.50706579294757], [0.0, 0.0, 1.0]], [[1260.8474446004698, 0.0, 807.968244525554], [0.0, 1260.8474446004698, 495.3344268742088], [0.0, 0.0, 1.0]], [[1256.7414812095406, 0.0, 792.1125740759628], [0.0, 1256.7414812095406, 492.7757465151356], [0.0, 0.0, 1.0]], [[809.2209905677063, 0.0, 829.2196003259838], [0.0, 809.2209905677063, 481.77842384512485], [0.0, 0.0, 1.0]], [[1259.5137405846733, 0.0, 807.2529053838625], [0.0, 1259.5137405846733, 501.19579884916527], [0.0, 0.0, 1.0]]], "extrinsics": [[[0.8209806680679321, -0.5705039501190186, 0.022715933620929718, -0.9649658203125], [-0.0009161285124719143, -0.04110199958086014, -0.9991545677185059, 1.5082483291625977], [0.5709552764892578, 0.8202657699584961, -0.034266598522663116, -1.2801513671875], [0.0, 0.0, 0.0, 1.0]], [[0.00608031265437603, -0.9989631175994873, 0.045117974281311035, 0.005035400390625], [-0.006207634229212999, -0.04515564441680908, -0.9989606738090515, 1.5205345153808594], [0.9999622702598572, 0.0057939267717301846, -0.006475756876170635, -1.6922607421875], [0.0, 0.0, 0.0, 1.0]], [[-0.8327158093452454, -0.5534704923629761, 0.015964796766638756, 1.0323486328125], [-0.0005892833578400314, -0.027947023510932922, -0.9996092319488525, 1.5036437511444092], [0.5537003874778748, -0.8323997855186462, 0.02294577658176422, -1.248779296875], [0.0, 0.0, 0.0, 1.0]], [[0.9476343393325806, 0.3191697597503662, -0.010949917137622833, -1.1422119140625], [0.008082735352218151, -0.05824626609683037, -0.9982694983482361, 1.5885570049285889], [-0.31925520300865173, 0.9459059834480286, -0.05777592211961746, -0.103759765625], [0.0, 0.0, 0.0, 1.0]], [[0.0020210309885442257, 0.998831033706665, -0.04829743877053261, 0.00278472900390625], [-0.01733478717505932, -0.04825529083609581, -0.9986845850944519, 1.5793571472167969], [-0.9998477101325989, 0.0028555835597217083, 0.017216995358467102, 0.0018310546875], [0.0, 0.0, 0.0, 1.0]], [[-0.9349220991134644, 0.3539012372493744, -0.025972941890358925, 1.1363525390625], [0.015294723212718964, -0.03293697163462639, -0.9993404150009155, 1.55145263671875], [-0.35452333092689514, -0.9347026348114014, 0.025380682200193405, -0.06365966796875], [0.0, 0.0, 0.0, 1.0]]], "view": [[0.0, -2.0, 100.0], [-2.0, 0.0, 100.0], [0.0, 0.0, 1.0]], "bev": "bev_1f372f19cb3e4c0b8f7ce2af0e45189b.png", "aux": "aux_1f372f19cb3e4c0b8f7ce2af0e45189b.npz", "visibility": "visibility_1f372f19cb3e4c0b8f7ce2af0e45189b.png", "pose": [[-0.42182034254074097, 0.9066794514656067, 0.0, 396.09124755859375], [-0.9066794514656067, -0.42182034254074097, 0.0, 1147.360107421875], [0.0, 0.0, 1.0, 0.0], [0.0, 0.0, 0.0, 1.0]], "pose_inverse": [[-0.42182034254074097, -0.9066794514656067, 0.0, 1207.3671875], [0.9066794514656067, -0.42182034254074097, 0.0, 124.85205078125], [0.0, 0.0, 1.0, 0.0], [0.0, 0.0, 0.0, 1.0]], "cam_ids": [0, 1, 2, 3, 4, 5], "cam_channels": ["CAM_FRONT_LEFT", "CAM_FRONT", "CAM_FRONT_RIGHT", "CAM_BACK_LEFT", "CAM_BACK", "CAM_BACK_RIGHT"], "token": "1f372f19cb3e4c0b8f7ce2af0e45189b", "scene": "scene-0982"}, {"images": ["samples/CAM_FRONT_LEFT/n015-2018-09-25-11-10-38+0800__CAM_FRONT_LEFT__1537845394254844.jpg", "samples/CAM_FRONT/n015-2018-09-25-11-10-38+0800__CAM_FRONT__1537845394262460.jpg", "samples/CAM_FRONT_RIGHT/n015-2018-09-25-11-10-38+0800__CAM_FRONT_RIGHT__1537845394270339.jpg", "samples/CAM_BACK_LEFT/n015-2018-09-25-11-10-38+0800__CAM_BACK_LEFT__1537845394297423.jpg", "samples/CAM_BACK/n015-2018-09-25-11-10-38+0800__CAM_BACK__1537845394287525.jpg", "samples/CAM_BACK_RIGHT/n015-2018-09-25-11-10-38+0800__CAM_BACK_RIGHT__1537845394277893.jpg"], "intrinsics": [[[1272.5979470598488, 0.0, 826.6154927353808], [0.0, 1272.5979470598488, 479.75165386361925], [0.0, 0.0, 1.0]], [[1266.417203046554, 0.0, 816.2670197447984], [0.0, 1266.417203046554, 491.50706579294757], [0.0, 0.0, 1.0]], [[1260.8474446004698, 0.0, 807.968244525554], [0.0, 1260.8474446004698, 495.3344268742088], [0.0, 0.0, 1.0]], [[1256.7414812095406, 0.0, 792.1125740759628], [0.0, 1256.7414812095406, 492.7757465151356], [0.0, 0.0, 1.0]], [[809.2209905677063, 0.0, 829.2196003259838], [0.0, 809.2209905677063, 481.77842384512485], [0.0, 0.0, 1.0]], [[1259.5137405846733, 0.0, 807.2529053838625], [0.0, 1259.5137405846733, 501.19579884916527], [0.0, 0.0, 1.0]]], "extrinsics": [[[0.820991575717926, -0.5704836249351501, 0.022829825058579445, -0.9649658203125], [-0.0007924156961962581, -0.04112488031387329, -0.9991536736488342, 1.5082502365112305], [0.5709396600723267, 0.8202787041664124, -0.03421524167060852, -1.28021240234375], [0.0, 0.0, 0.0, 1.0]], [[0.006092222407460213, -0.9989618062973022, 0.045144617557525635, 0.00507354736328125], [-0.006085499189794064, -0.04518165811896324, -0.9989602565765381, 1.520533561706543], [0.9999628663063049, 0.0058111632242798805, -0.006354439537972212, -1.6922607421875], [0.0, 0.0, 0.0, 1.0]], [[-0.8327100872993469, -0.5534815788269043, 0.015874696895480156, 1.0323486328125], [-0.00045723177026957273, -0.02798239141702652, -0.9996082782745361, 1.5036442279815674], [0.5537089705467224, -0.8323912024497986, 0.023048151284456253, -1.2486572265625], [0.0, 0.0, 0.0, 1.0]], [[0.9476343989372253, 0.31917405128479004, -0.010816832073032856, -1.142333984375], [0.008243024349212646, -0.05830497667193413, -0.998264729976654, 1.5885539054870605], [-0.31925082206726074, 0.9459008574485779, -0.05788275972008705, -0.10369873046875], [0.0, 0.0, 0.0, 1.0]], [[0.0020207413472235203, 0.9988284111022949, -0.04835068807005882, 0.00276947021484375], [-0.017178550362586975, -0.04830897971987724, -0.9986847639083862, 1.5793571472167969], [-0.999850332736969, 0.0028486636001616716, 0.01706080511212349, 0.001708984375], [0.0, 0.0, 0.0, 1.0]], [[-0.9349220991134644, 0.35388997197151184, -0.026125220581889153, 1.13623046875], [0.015440313145518303, -0.03298313915729523, -0.9993366003036499, 1.5514488220214844], [-0.3545169234275818, -0.9347053170204163, 0.025372495874762535, -0.063720703125], [0.0, 0.0, 0.0, 1.0]]], "view": [[0.0, -2.0, 100.0], [-2.0, 0.0, 100.0], [0.0, 0.0, 1.0]], "bev": "bev_924b9c0ce50d4000848f22a2b5adb4a2.png", "aux": "aux_924b9c0ce50d4000848f22a2b5adb4a2.npz", "visibility": "visibility_924b9c0ce50d4000848f22a2b5adb4a2.png", "pose": [[-0.4217699468135834, 0.9067028760910034, 0.0, 396.0911865234375], [-0.9067028760910034, -0.4217699468135834, 0.0, 1147.360107421875], [0.0, 0.0, 1.0, 0.0], [0.0, 0.0, 0.0, 1.0]], "pose_inverse": [[-0.4217699468135834, -0.9067028760910034, 0.0, 1207.3740234375], [0.9067028760910034, -0.4217699468135834, 0.0, 124.78498077392578], [0.0, 0.0, 1.0, 0.0], [0.0, 0.0, 0.0, 1.0]], "cam_ids": [0, 1, 2, 3, 4, 5], "cam_channels": ["CAM_FRONT_LEFT", "CAM_FRONT", "CAM_FRONT_RIGHT", "CAM_BACK_LEFT", "CAM_BACK", "CAM_BACK_RIGHT"], "token": "924b9c0ce50d4000848f22a2b5adb4a2", "scene": "scene-0982"}, {"images": ["samples/CAM_FRONT_LEFT/n015-2018-09-25-11-10-38+0800__CAM_FRONT_LEFT__1537845394754844.jpg", "samples/CAM_FRONT/n015-2018-09-25-11-10-38+0800__CAM_FRONT__1537845394762460.jpg", "samples/CAM_FRONT_RIGHT/n015-2018-09-25-11-10-38+0800__CAM_FRONT_RIGHT__1537845394770339.jpg", "samples/CAM_BACK_LEFT/n015-2018-09-25-11-10-38+0800__CAM_BACK_LEFT__1537845394797423.jpg", "samples/CAM_BACK/n015-2018-09-25-11-10-38+0800__CAM_BACK__1537845394787525.jpg", "samples/CAM_BACK_RIGHT/n015-2018-09-25-11-10-38+0800__CAM_BACK_RIGHT__1537845394777893.jpg"], "intrinsics": [[[1272.5979470598488, 0.0, 826.6154927353808], [0.0, 1272.5979470598488, 479.75165386361925], [0.0, 0.0, 1.0]], [[1266.417203046554, 0.0, 816.2670197447984], [0.0, 1266.417203046554, 491.50706579294757], [0.0, 0.0, 1.0]], [[1260.8474446004698, 0.0, 807.968244525554], [0.0, 1260.8474446004698, 495.3344268742088], [0.0, 0.0, 1.0]], [[1256.7414812095406, 0.0, 792.1125740759628], [0.0, 1256.7414812095406, 492.7757465151356], [0.0, 0.0, 1.0]], [[809.2209905677063, 0.0, 829.2196003259838], [0.0, 809.2209905677063, 481.77842384512485], [0.0, 0.0, 1.0]], [[1259.5137405846733, 0.0, 807.2529053838625], [0.0, 1259.5137405846733, 501.19579884916527], [0.0, 0.0, 1.0]]], "extrinsics": [[[0.8209905624389648, -0.5704847574234009, 0.02284097857773304, -0.96502685546875], [-0.0008292487473227084, -0.04119722545146942, -0.9991506934165955, 1.5082478523254395], [0.5709412097930908, 0.820274293422699, -0.03429560363292694, -1.2801513671875], [0.0, 0.0, 0.0, 1.0]], [[0.006092125084251165, -0.9989588260650635, 0.04521262273192406, 0.00506591796875], [-0.0061305188573896885, -0.045249924063682556, -0.9989569187164307, 1.5205345153808594], [0.9999626278877258, 0.005808577407151461, -0.006399803329259157, -1.6922607421875], [0.0, 0.0, 0.0, 1.0]], [[-0.8327099680900574, -0.5534793734550476, 0.015959300100803375, 1.032470703125], [-0.0005176112172193825, -0.028044408187270164, -0.9996064901351929, 1.5036451816558838], [0.5537091493606567, -0.8323906064033508, 0.02306636981666088, -1.248779296875], [0.0, 0.0, 0.0, 1.0]], [[0.9476366639137268, 0.31916379928588867, -0.010920833796262741, -1.14208984375], [0.008155177347362041, -0.05837126821279526, -0.9982616305351257, 1.5885570049285889], [-0.31924641132354736, 0.9459002017974854, -0.05791759118437767, -0.103729248046875], [0.0, 0.0, 0.0, 1.0]], [[0.002021124353632331, 0.9988255500793457, -0.04841006547212601, 0.002777099609375], [-0.017271120101213455, -0.048368070274591446, -0.9986802935600281, 1.5793571472167969], [-0.9998487830162048, 0.0028545132372528315, 0.017153078690171242, 0.0018310546875], [0.0, 0.0, 0.0, 1.0]], [[-0.9349238872528076, 0.3538892865180969, -0.02607164904475212, 1.13623046875], [0.015361776575446129, -0.03303927928209305, -0.9993360042572021, 1.5514488220214844], [-0.3545156717300415, -0.9347035884857178, 0.02545284666121006, -0.06365966796875], [0.0, 0.0, 0.0, 1.0]]], "view": [[0.0, -2.0, 100.0], [-2.0, 0.0, 100.0], [0.0, 0.0, 1.0]], "bev": "bev_b1f567fd76a54033a672fc901c1acf24.png", "aux": "aux_b1f567fd76a54033a672fc901c1acf24.npz", "visibility": "visibility_b1f567fd76a54033a672fc901c1acf24.png", "pose": [[-0.4217142164707184, 0.9067288041114807, 0.0, 396.0911560058594], [-0.9067288041114807, -0.4217142164707184, 0.0, 1147.360107421875], [0.0, 0.0, 1.0, 0.0], [0.0, 0.0, 0.0, 1.0]], "pose_inverse": [[-0.4217142164707184, -0.9067288041114807, 0.0, 1207.3817138671875], [0.9067288041114807, -0.4217142164707184, 0.0, 124.71082305908203], [0.0, 0.0, 1.0, 0.0], [0.0, 0.0, 0.0, 1.0]], "cam_ids": [0, 1, 2, 3, 4, 5], "cam_channels": ["CAM_FRONT_LEFT", "CAM_FRONT", "CAM_FRONT_RIGHT", "CAM_BACK_LEFT", "CAM_BACK", "CAM_BACK_RIGHT"], "token": "b1f567fd76a54033a672fc901c1acf24", "scene": "scene-0982"}, {"images": ["samples/CAM_FRONT_LEFT/n015-2018-09-25-11-10-38+0800__CAM_FRONT_LEFT__1537845395254844.jpg", "samples/CAM_FRONT/n015-2018-09-25-11-10-38+0800__CAM_FRONT__1537845395262460.jpg", "samples/CAM_FRONT_RIGHT/n015-2018-09-25-11-10-38+0800__CAM_FRONT_RIGHT__1537845395270339.jpg", "samples/CAM_BACK_LEFT/n015-2018-09-25-11-10-38+0800__CAM_BACK_LEFT__1537845395297423.jpg", "samples/CAM_BACK/n015-2018-09-25-11-10-38+0800__CAM_BACK__1537845395287525.jpg", "samples/CAM_BACK_RIGHT/n015-2018-09-25-11-10-38+0800__CAM_BACK_RIGHT__1537845395277893.jpg"], "intrinsics": [[[1272.5979470598488, 0.0, 826.6154927353808], [0.0, 1272.5979470598488, 479.75165386361925], [0.0, 0.0, 1.0]], [[1266.417203046554, 0.0, 816.2670197447984], [0.0, 1266.417203046554, 491.50706579294757], [0.0, 0.0, 1.0]], [[1260.8474446004698, 0.0, 807.968244525554], [0.0, 1260.8474446004698, 495.3344268742088], [0.0, 0.0, 1.0]], [[1256.7414812095406, 0.0, 792.1125740759628], [0.0, 1256.7414812095406, 492.7757465151356], [0.0, 0.0, 1.0]], [[809.2209905677063, 0.0, 829.2196003259838], [0.0, 809.2209905677063, 481.77842384512485], [0.0, 0.0, 1.0]], [[1259.5137405846733, 0.0, 807.2529053838625], [0.0, 1259.5137405846733, 501.19579884916527], [0.0, 0.0, 1.0]]], "extrinsics": [[[0.8209904432296753, -0.5704842209815979, 0.0228585172444582, -0.9649658203125], [-0.0007972110179252923, -0.04118189960718155, -0.999151349067688, 1.5082464218139648], [0.5709414482116699, 0.8202754855155945, -0.034264739602804184, -1.2802734375], [0.0, 0.0, 0.0, 1.0]], [[0.006092693656682968, -0.9989594221115112, 0.045198969542980194, 0.00505828857421875], [-0.0060973456129431725, -0.04523608088493347, -0.9989576935768127, 1.5205326080322266], [0.9999628663063049, 0.005810759030282497, -0.0063666109926998615, -1.6923828125], [0.0, 0.0, 0.0, 1.0]], [[-0.832709550857544, -0.5534810423851013, 0.015923038125038147, 1.0323486328125], [-0.0004819995956495404, -0.028032416477799416, -0.9996068477630615, 1.5036427974700928], [0.5537098050117493, -0.8323898911476135, 0.02307608537375927, -1.2486572265625], [0.0, 0.0, 0.0, 1.0]], [[0.9476330876350403, 0.31917575001716614, -0.01088764052838087, -1.142333984375], [0.00819456111639738, -0.0583820678293705, -0.9982606172561646, 1.5885536670684814], [-0.3192562162876129, 0.9458955526351929, -0.0579402819275856, -0.10369873046875], [0.0, 0.0, 0.0, 1.0]], [[0.00201642164029181, 0.9988252520561218, -0.04841652140021324, 0.00281524658203125], [-0.017230994999408722, -0.048374731093645096, -0.998680591583252, 1.5793590545654297], [-0.9998495578765869, 0.0028480342589318752, 0.017113206908106804, 0.001953125], [0.0, 0.0, 0.0, 1.0]], [[-0.9349232912063599, 0.3538881242275238, -0.02610635571181774, 1.1361083984375], [0.015401157550513744, -0.033033356070518494, -0.9993355870246887, 1.5514516830444336], [-0.35451534390449524, -0.9347042441368103, 0.025433365255594254, -0.06365966796875], [0.0, 0.0, 0.0, 1.0]]], "view": [[0.0, -2.0, 100.0], [-2.0, 0.0, 100.0], [0.0, 0.0, 1.0]], "bev": "bev_309cdecb0fb4462790e7fe07238193a9.png", "aux": "aux_309cdecb0fb4462790e7fe07238193a9.npz", "visibility": "visibility_309cdecb0fb4462790e7fe07238193a9.png", "pose": [[-0.4217602610588074, 0.9067074060440063, 0.0, 396.09112548828125], [-0.9067074060440063, -0.4217602610588074, 0.0, 1147.360107421875], [0.0, 0.0, 1.0, 0.0], [0.0, 0.0, 0.0, 1.0]], "pose_inverse": [[-0.4217602610588074, -0.9067074060440063, 0.0, 1207.3753662109375], [0.9067074060440063, -0.4217602610588074, 0.0, 124.77213287353516], [0.0, 0.0, 1.0, 0.0], [0.0, 0.0, 0.0, 1.0]], "cam_ids": [0, 1, 2, 3, 4, 5], "cam_channels": ["CAM_FRONT_LEFT", "CAM_FRONT", "CAM_FRONT_RIGHT", "CAM_BACK_LEFT", "CAM_BACK", "CAM_BACK_RIGHT"], "token": "309cdecb0fb4462790e7fe07238193a9", "scene": "scene-0982"}, {"images": ["samples/CAM_FRONT_LEFT/n015-2018-09-25-11-10-38+0800__CAM_FRONT_LEFT__1537845395754844.jpg", "samples/CAM_FRONT/n015-2018-09-25-11-10-38+0800__CAM_FRONT__1537845395762460.jpg", "samples/CAM_FRONT_RIGHT/n015-2018-09-25-11-10-38+0800__CAM_FRONT_RIGHT__1537845395770339.jpg", "samples/CAM_BACK_LEFT/n015-2018-09-25-11-10-38+0800__CAM_BACK_LEFT__1537845395797423.jpg", "samples/CAM_BACK/n015-2018-09-25-11-10-38+0800__CAM_BACK__1537845395787525.jpg", "samples/CAM_BACK_RIGHT/n015-2018-09-25-11-10-38+0800__CAM_BACK_RIGHT__1537845395777893.jpg"], "intrinsics": [[[1272.5979470598488, 0.0, 826.6154927353808], [0.0, 1272.5979470598488, 479.75165386361925], [0.0, 0.0, 1.0]], [[1266.417203046554, 0.0, 816.2670197447984], [0.0, 1266.417203046554, 491.50706579294757], [0.0, 0.0, 1.0]], [[1260.8474446004698, 0.0, 807.968244525554], [0.0, 1260.8474446004698, 495.3344268742088], [0.0, 0.0, 1.0]], [[1256.7414812095406, 0.0, 792.1125740759628], [0.0, 1256.7414812095406, 492.7757465151356], [0.0, 0.0, 1.0]], [[809.2209905677063, 0.0, 829.2196003259838], [0.0, 809.2209905677063, 481.77842384512485], [0.0, 0.0, 1.0]], [[1259.5137405846733, 0.0, 807.2529053838625], [0.0, 1259.5137405846733, 501.19579884916527], [0.0, 0.0, 1.0]]], "extrinsics": [[[0.820974588394165, -0.5705050230026245, 0.022906934842467308, -0.9649658203125], [-0.0008420641534030437, -0.04132946580648422, -0.9991452097892761, 1.5082497596740723], [0.5709640979766846, 0.8202535510063171, -0.03441084548830986, -1.28021240234375], [0.0, 0.0, 0.0, 1.0]], [[0.006067842245101929, -0.9989525675773621, 0.04535224661231041, 0.0050506591796875], [-0.006128487642854452, -0.04538938030600548, -0.9989505410194397, 1.520533561706543], [0.9999628067016602, 0.005783535074442625, -0.006397485267370939, -1.692138671875], [0.0, 0.0, 0.0, 1.0]], [[-0.8327202200889587, -0.5534618496894836, 0.01602538488805294, 1.0323486328125], [-0.0005066994344815612, -0.02818094566464424, -0.9996026754379272, 1.5036447048187256], [0.5536936521530151, -0.8323976397514343, 0.02318641170859337, -1.2486572265625], [0.0, 0.0, 0.0, 1.0]], [[0.9476348161697388, 0.31916868686676025, -0.010931314900517464, -1.1422119140625], [0.008183302357792854, -0.058486372232437134, -0.9982545971870422, 1.5885570049285889], [-0.3192509412765503, 0.9458914995193481, -0.058035578578710556, -0.103729248046875], [0.0, 0.0, 0.0, 1.0]], [[0.0020261064637452364, 0.9988196492195129, -0.048530664294958115, 0.0027923583984375], [-0.017239565029740334, -0.048488665372133255, -0.9986749887466431, 1.5793533325195312], [-0.9998493790626526, 0.002860079286620021, 0.017120974138379097, 0.001708984375], [0.0, 0.0, 0.0, 1.0]], [[-0.9349188208580017, 0.3538978695869446, -0.026135507971048355, 1.1363525390625], [0.015380507335066795, -0.03316919505596161, -0.9993314146995544, 1.5514497756958008], [-0.3545280992984772, -0.9346957206726074, 0.025567378848791122, -0.063720703125], [0.0, 0.0, 0.0, 1.0]]], "view": [[0.0, -2.0, 100.0], [-2.0, 0.0, 100.0], [0.0, 0.0, 1.0]], "bev": "bev_ae1bb89aa94548d0b373081435be7b7a.png", "aux": "aux_ae1bb89aa94548d0b373081435be7b7a.npz", "visibility": "visibility_ae1bb89aa94548d0b373081435be7b7a.png", "pose": [[-0.42176228761672974, 0.9067064523696899, 0.0, 396.0910949707031], [-0.9067064523696899, -0.42176228761672974, 0.0, 1147.360107421875], [0.0, 0.0, 1.0, 0.0], [0.0, 0.0, 0.0, 1.0]], "pose_inverse": [[-0.42176228761672974, -0.9067064523696899, 0.0, 1207.3751220703125], [0.9067064523696899, -0.42176228761672974, 0.0, 124.7748794555664], [0.0, 0.0, 1.0, 0.0], [0.0, 0.0, 0.0, 1.0]], "cam_ids": [0, 1, 2, 3, 4, 5], "cam_channels": ["CAM_FRONT_LEFT", "CAM_FRONT", "CAM_FRONT_RIGHT", "CAM_BACK_LEFT", "CAM_BACK", "CAM_BACK_RIGHT"], "token": "ae1bb89aa94548d0b373081435be7b7a", "scene": "scene-0982"}, {"images": ["samples/CAM_FRONT_LEFT/n015-2018-09-25-11-10-38+0800__CAM_FRONT_LEFT__1537845396254844.jpg", "samples/CAM_FRONT/n015-2018-09-25-11-10-38+0800__CAM_FRONT__1537845396262460.jpg", "samples/CAM_FRONT_RIGHT/n015-2018-09-25-11-10-38+0800__CAM_FRONT_RIGHT__1537845396270339.jpg", "samples/CAM_BACK_LEFT/n015-2018-09-25-11-10-38+0800__CAM_BACK_LEFT__1537845396297423.jpg", "samples/CAM_BACK/n015-2018-09-25-11-10-38+0800__CAM_BACK__1537845396287525.jpg", "samples/CAM_BACK_RIGHT/n015-2018-09-25-11-10-38+0800__CAM_BACK_RIGHT__1537845396277893.jpg"], "intrinsics": [[[1272.5979470598488, 0.0, 826.6154927353808], [0.0, 1272.5979470598488, 479.75165386361925], [0.0, 0.0, 1.0]], [[1266.417203046554, 0.0, 816.2670197447984], [0.0, 1266.417203046554, 491.50706579294757], [0.0, 0.0, 1.0]], [[1260.8474446004698, 0.0, 807.968244525554], [0.0, 1260.8474446004698, 495.3344268742088], [0.0, 0.0, 1.0]], [[1256.7414812095406, 0.0, 792.1125740759628], [0.0, 1256.7414812095406, 492.7757465151356], [0.0, 0.0, 1.0]], [[809.2209905677063, 0.0, 829.2196003259838], [0.0, 809.2209905677063, 481.77842384512485], [0.0, 0.0, 1.0]], [[1259.5137405846733, 0.0, 807.2529053838625], [0.0, 1259.5137405846733, 501.19579884916527], [0.0, 0.0, 1.0]]], "extrinsics": [[[0.8209887742996216, -0.5704783797264099, 0.023061135783791542, -0.96490478515625], [-0.0006777008529752493, -0.041364893317222595, -0.9991438388824463, 1.5082483291625977], [0.5709438920021057, 0.820270299911499, -0.03434672951698303, -1.28021240234375], [0.0, 0.0, 0.0, 1.0]], [[0.006087624467909336, -0.9989508986473083, 0.04538755491375923, 0.00504302978515625], [-0.005978625733405352, -0.045423947274684906, -0.9989499449729919, 1.5205354690551758], [0.999963641166687, 0.00580990593880415, -0.006248875521123409, -1.6922607421875], [0.0, 0.0, 0.0, 1.0]], [[-0.8327110409736633, -0.553479015827179, 0.015919342637062073, 1.032470703125], [-0.00035382798523642123, -0.02821853570640087, -0.9996016621589661, 1.5036437511444092], [0.5537077784538269, -0.8323849439620972, 0.023302050307393074, -1.248779296875], [0.0, 0.0, 0.0, 1.0]], [[0.9476364850997925, 0.31916844844818115, -0.010799970477819443, -1.1422119140625], [0.0083437105640769, -0.05855174735188484, -0.9982495307922363, 1.5885579586029053], [-0.31924208998680115, 0.9458874464035034, -0.0581488162279129, -0.103759765625], [0.0, 0.0, 0.0, 1.0]], [[0.0020252561662346125, 0.9988164305686951, -0.04859813675284386, 0.0027618408203125], [-0.017081962898373604, -0.04855658859014511, -0.9986743330955505, 1.5793533325195312], [-0.9998520612716675, 0.002852710196748376, 0.016963405534625053, 0.001708984375], [0.0, 0.0, 0.0, 1.0]], [[-0.9349203705787659, 0.3538815379142761, -0.026302088052034378, 1.1363525390625], [0.015541398897767067, -0.0332157127559185, -0.9993273615837097, 1.5514497756958008], [-0.3545171916484833, -0.9347003102302551, 0.0255542304366827, -0.06365966796875], [0.0, 0.0, 0.0, 1.0]]], "view": [[0.0, -2.0, 100.0], [-2.0, 0.0, 100.0], [0.0, 0.0, 1.0]], "bev": "bev_0181d81cbba2458fb23ee1f1627489d2.png", "aux": "aux_0181d81cbba2458fb23ee1f1627489d2.npz", "visibility": "visibility_0181d81cbba2458fb23ee1f1627489d2.png", "pose": [[-0.42180293798446655, 0.9066875576972961, 0.0, 396.091064453125], [-0.9066875576972961, -0.42180293798446655, 0.0, 1147.360107421875], [0.0, 0.0, 1.0, 0.0], [0.0, 0.0, 0.0, 1.0]], "pose_inverse": [[-0.42180293798446655, -0.9066875576972961, 0.0, 1207.3695068359375], [0.9066875576972961, -0.42180293798446655, 0.0, 124.82904052734375], [0.0, 0.0, 1.0, 0.0], [0.0, 0.0, 0.0, 1.0]], "cam_ids": [0, 1, 2, 3, 4, 5], "cam_channels": ["CAM_FRONT_LEFT", "CAM_FRONT", "CAM_FRONT_RIGHT", "CAM_BACK_LEFT", "CAM_BACK", "CAM_BACK_RIGHT"], "token": "0181d81cbba2458fb23ee1f1627489d2", "scene": "scene-0982"}, {"images": ["samples/CAM_FRONT_LEFT/n015-2018-09-25-11-10-38+0800__CAM_FRONT_LEFT__1537845396754844.jpg", "samples/CAM_FRONT/n015-2018-09-25-11-10-38+0800__CAM_FRONT__1537845396762460.jpg", "samples/CAM_FRONT_RIGHT/n015-2018-09-25-11-10-38+0800__CAM_FRONT_RIGHT__1537845396770339.jpg", "samples/CAM_BACK_LEFT/n015-2018-09-25-11-10-38+0800__CAM_BACK_LEFT__1537845396797423.jpg", "samples/CAM_BACK/n015-2018-09-25-11-10-38+0800__CAM_BACK__1537845396787525.jpg", "samples/CAM_BACK_RIGHT/n015-2018-09-25-11-10-38+0800__CAM_BACK_RIGHT__1537845396777893.jpg"], "intrinsics": [[[1272.5979470598488, 0.0, 826.6154927353808], [0.0, 1272.5979470598488, 479.75165386361925], [0.0, 0.0, 1.0]], [[1266.417203046554, 0.0, 816.2670197447984], [0.0, 1266.417203046554, 491.50706579294757], [0.0, 0.0, 1.0]], [[1260.8474446004698, 0.0, 807.968244525554], [0.0, 1260.8474446004698, 495.3344268742088], [0.0, 0.0, 1.0]], [[1256.7414812095406, 0.0, 792.1125740759628], [0.0, 1256.7414812095406, 492.7757465151356], [0.0, 0.0, 1.0]], [[809.2209905677063, 0.0, 829.2196003259838], [0.0, 809.2209905677063, 481.77842384512485], [0.0, 0.0, 1.0]], [[1259.5137405846733, 0.0, 807.2529053838625], [0.0, 1259.5137405846733, 501.19579884916527], [0.0, 0.0, 1.0]]], "extrinsics": [[[0.8209826350212097, -0.5704805254936218, 0.02322250045835972, -0.96484375], [-0.0005608774372376502, -0.04147903248667717, -0.9991391897201538, 1.5082488059997559], [0.5709527134895325, 0.8202629685401917, -0.034373536705970764, -1.28021240234375], [0.0, 0.0, 0.0, 1.0]], [[0.006077327765524387, -0.9989462494850159, 0.04548998177051544, 0.00506591796875], [-0.005870863329619169, -0.045525677502155304, -0.998945951461792, 1.520533561706543], [0.9999642968177795, 0.0058038802817463875, -0.006141351535916328, -1.6922607421875], [0.0, 0.0, 0.0, 1.0]], [[-0.8327144980430603, -0.5534743666648865, 0.015898101031780243, 1.0323486328125], [-0.0002614551631268114, -0.028319301083683968, -0.9995988607406616, 1.5036437511444092], [0.5537025928497314, -0.8323846459388733, 0.02343718335032463, -1.248779296875], [0.0, 0.0, 0.0, 1.0]], [[0.9476356506347656, 0.31917229294776917, -0.010754969902336597, -1.1422119140625], [0.008423413150012493, -0.058646705001592636, -0.9982432723045349, 1.5885570049285889], [-0.31924232840538025, 0.9458802938461304, -0.05826423317193985, -0.10369873046875], [0.0, 0.0, 0.0, 1.0]], [[0.002027709037065506, 0.9988120198249817, -0.04868758097290993, 0.00281524658203125], [-0.017001910135149956, -0.04864620789885521, -0.9986713528633118, 1.5793609619140625], [-0.9998533129692078, 0.002852813107892871, 0.016883065924048424, 0.001708984375], [0.0, 0.0, 0.0, 1.0]], [[-0.9349175691604614, 0.35388079285621643, -0.02641187608242035, 1.1363525390625], [0.015620749443769455, -0.03331596031785011, -0.9993228316307068, 1.5514488220214844], [-0.35452109575271606, -0.9346970319747925, 0.025619789958000183, -0.06365966796875], [0.0, 0.0, 0.0, 1.0]]], "view": [[0.0, -2.0, 100.0], [-2.0, 0.0, 100.0], [0.0, 0.0, 1.0]], "bev": "bev_0416ed720cd7490e9d2f39ab3c64c1aa.png", "aux": "aux_0416ed720cd7490e9d2f39ab3c64c1aa.npz", "visibility": "visibility_0416ed720cd7490e9d2f39ab3c64c1aa.png", "pose": [[-0.42184320092201233, 0.9066687822341919, 0.0, 396.091064453125], [-0.9066687822341919, -0.42184320092201233, 0.0, 1147.360107421875], [0.0, 0.0, 1.0, 0.0], [0.0, 0.0, 0.0, 1.0]], "pose_inverse": [[-0.42184320092201233, -0.9066687822341919, 0.0, 1207.3638916015625], [0.9066687822341919, -0.42184320092201233, 0.0, 124.88265991210938], [0.0, 0.0, 1.0, 0.0], [0.0, 0.0, 0.0, 1.0]], "cam_ids": [0, 1, 2, 3, 4, 5], "cam_channels": ["CAM_FRONT_LEFT", "CAM_FRONT", "CAM_FRONT_RIGHT", "CAM_BACK_LEFT", "CAM_BACK", "CAM_BACK_RIGHT"], "token": "0416ed720cd7490e9d2f39ab3c64c1aa", "scene": "scene-0982"}, {"images": ["samples/CAM_FRONT_LEFT/n015-2018-09-25-11-10-38+0800__CAM_FRONT_LEFT__1537845397254844.jpg", "samples/CAM_FRONT/n015-2018-09-25-11-10-38+0800__CAM_FRONT__1537845397262460.jpg", "samples/CAM_FRONT_RIGHT/n015-2018-09-25-11-10-38+0800__CAM_FRONT_RIGHT__1537845397270362.jpg", "samples/CAM_BACK_LEFT/n015-2018-09-25-11-10-38+0800__CAM_BACK_LEFT__1537845397297423.jpg", "samples/CAM_BACK/n015-2018-09-25-11-10-38+0800__CAM_BACK__1537845397287525.jpg", "samples/CAM_BACK_RIGHT/n015-2018-09-25-11-10-38+0800__CAM_BACK_RIGHT__1537845397277893.jpg"], "intrinsics": [[[1272.5979470598488, 0.0, 826.6154927353808], [0.0, 1272.5979470598488, 479.75165386361925], [0.0, 0.0, 1.0]], [[1266.417203046554, 0.0, 816.2670197447984], [0.0, 1266.417203046554, 491.50706579294757], [0.0, 0.0, 1.0]], [[1260.8474446004698, 0.0, 807.968244525554], [0.0, 1260.8474446004698, 495.3344268742088], [0.0, 0.0, 1.0]], [[1256.7414812095406, 0.0, 792.1125740759628], [0.0, 1256.7414812095406, 492.7757465151356], [0.0, 0.0, 1.0]], [[809.2209905677063, 0.0, 829.2196003259838], [0.0, 809.2209905677063, 481.77842384512485], [0.0, 0.0, 1.0]], [[1259.5137405846733, 0.0, 807.2529053838625], [0.0, 1259.5137405846733, 501.19579884916527], [0.0, 0.0, 1.0]]], "extrinsics": [[[0.8209909796714783, -0.5704690217971802, 0.02321440912783146, -0.96502685546875], [-0.0005601512384600937, -0.04146468639373779, -0.9991397857666016, 1.5082488059997559], [0.5709408521652222, 0.8202718496322632, -0.03436168283224106, -1.28021240234375], [0.0, 0.0, 0.0, 1.0]], [[0.006092227064073086, -0.9989463090896606, 0.04548817500472069, 0.00507354736328125], [-0.005847658962011337, -0.045523833483457565, -0.9989461898803711, 1.5205326080322266], [0.9999643564224243, 0.0058198547922074795, -0.0061188386753201485, -1.6922607421875], [0.0, 0.0, 0.0, 1.0]], [[-0.8327081799507141, -0.5534846186637878, 0.015865270048379898, 1.0322265625], [-0.00022398543660528958, -0.02831585705280304, -0.9995989799499512, 1.5036444664001465], [0.553712010383606, -0.8323779106140137, 0.023454876616597176, -1.248779296875], [0.0, 0.0, 0.0, 1.0]], [[0.9476363062858582, 0.3191725015640259, -0.010699516162276268, -1.1422119140625], [0.008471506647765636, -0.05861608684062958, -0.9982446432113647, 1.588554859161377], [-0.31923940777778625, 0.9458822011947632, -0.05825059860944748, -0.103668212890625], [0.0, 0.0, 0.0, 1.0]], [[0.