[{"images": ["samples/CAM_FRONT_LEFT/n008-2018-09-18-13-41-50-0400__CAM_FRONT_LEFT__1537292983254799.jpg", "samples/CAM_FRONT/n008-2018-09-18-13-41-50-0400__CAM_FRONT__1537292983262404.jpg", "samples/CAM_FRONT_RIGHT/n008-2018-09-18-13-41-50-0400__CAM_FRONT_RIGHT__1537292983270482.jpg", "samples/CAM_BACK_LEFT/n008-2018-09-18-13-41-50-0400__CAM_BACK_LEFT__1537292983297405.jpg", "samples/CAM_BACK/n008-2018-09-18-13-41-50-0400__CAM_BACK__1537292983287558.jpg", "samples/CAM_BACK_RIGHT/n008-2018-09-18-13-41-50-0400__CAM_BACK_RIGHT__1537292983278113.jpg"], "intrinsics": [[[1257.8625342125129, 0.0, 827.2410631095686], [0.0, 1257.8625342125129, 450.915498205774], [0.0, 0.0, 1.0]], [[1252.8131021185304, 0.0, 826.588114781398], [0.0, 1252.8131021185304, 469.9846626224581], [0.0, 0.0, 1.0]], [[1256.7485116440405, 0.0, 817.7887570959712], [0.0, 1256.7485116440403, 451.9541780095127], [0.0, 0.0, 1.0]], [[1254.9860565800168, 0.0, 829.5769333630991], [0.0, 1254.9860565800168, 467.1680561863987], [0.0, 0.0, 1.0]], [[796.8910634503094, 0.0, 857.7774326863696], [0.0, 796.8910634503094, 476.8848988407415], [0.0, 0.0, 1.0]], [[1249.9629280788233, 0.0, 825.3768045375984], [0.0, 1249.9629280788233, 462.54816385708756], [0.0, 0.0, 1.0]]], "extrinsics": [[[0.8225595355033875, -0.568653404712677, -0.005395076237618923, -1.0048828125], [0.008674068376421928, 0.0220318753272295, -0.9997196793556213, 1.4882946014404297], [0.568612813949585, 0.822282075881958, 0.023055067285895348, -1.3333740234375], [0.0, 0.0, 0.0, 1.0]], [[0.010296912863850594, -0.9997883439064026, -0.017807980999350548, 0.005462646484375], [0.010634719394147396, 0.017917411401867867, -0.999782919883728, 1.4801654815673828], [0.9998903870582581, 0.01010526716709137, 0.010816962458193302, -1.7347412109375], [0.0, 0.0, 0.0, 1.0]], [[-0.8439386487007141, -0.5360403656959534, -0.020693540573120117, 1.090576171875], [0.018656473606824875, 0.00922344159334898, -0.9997833967208862, 1.493072509765625], [0.5361151099205017, -0.8441419005393982, 0.002216603374108672, -1.277587890625], [0.0, 0.0, 0.0, 1.0]], [[0.9478771686553955, 0.3186328709125519, 0.001393580692820251, -1.14404296875], [-0.00672674085944891, 0.02438310533761978, -0.9996800422668457, 1.5620441436767578], [-0.31856492161750793, 0.9475644826889038, 0.02525554969906807, -0.156005859375], [0.0, 0.0, 0.0, 1.0]], [[0.009179194457828999, 0.9998162984848022, 0.016823023557662964, -0.028839111328125], [-0.004603860434144735, 0.0168658085167408, -0.9998471140861511, 1.5680627822875977], [-0.9999472498893738, 0.009100285358726978, 0.00475782947614789, 0.04443359375], [0.0, 0.0, 0.0, 1.0]], [[-0.9237329363822937, 0.3830326795578003, -0.001862808014266193, 1.1605224609375], [-0.0004066269029863179, -0.005843864753842354, -0.9999828338623047, 1.5478127002716064], [-0.38303691148757935, -0.9237162470817566, 0.005553922615945339, -0.0435791015625], [0.0, 0.0, 0.0, 1.0]]], "view": [[0.0, -2.0, 100.0], [-2.0, 0.0, 100.0], [0.0, 0.0, 1.0]], "bev": "bev_87a45c888d504cdcbbe27aa41402389c.png", "aux": "aux_87a45c888d504cdcbbe27aa41402389c.npz", "visibility": "visibility_87a45c888d504cdcbbe27aa41402389c.png", "pose": [[0.477741003036499, -0.8785006999969482, 0.0, 1224.1209716796875], [0.8785006999969482, 0.477741003036499, 0.0, 1477.194580078125], [0.0, 0.0, 1.0, 0.0], [0.0, 0.0, 0.0, 1.0]], "pose_inverse": [[0.477741003036499, 0.8785006999969482, 0.0, -1882.529296875], [-0.8785006999969482, 0.477741003036499, 0.0, 369.6747131347656], [0.0, 0.0, 1.0, 0.0], [0.0, 0.0, 0.0, 1.0]], "cam_ids": [0, 1, 2, 3, 4, 5], "cam_channels": ["CAM_FRONT_LEFT", "CAM_FRONT", "CAM_FRONT_RIGHT", "CAM_BACK_LEFT", "CAM_BACK", "CAM_BACK_RIGHT"], "token": "87a45c888d504cdcbbe27aa41402389c", "scene": "scene-0595"}, {"images": ["samples/CAM_FRONT_LEFT/n008-2018-09-18-13-41-50-0400__CAM_FRONT_LEFT__1537292983754799.jpg", "samples/CAM_FRONT/n008-2018-09-18-13-41-50-0400__CAM_FRONT__1537292983762404.jpg", "samples/CAM_FRONT_RIGHT/n008-2018-09-18-13-41-50-0400__CAM_FRONT_RIGHT__1537292983770482.jpg", "samples/CAM_BACK_LEFT/n008-2018-09-18-13-41-50-0400__CAM_BACK_LEFT__1537292983797405.jpg", "samples/CAM_BACK/n008-2018-09-18-13-41-50-0400__CAM_BACK__1537292983787558.jpg", "samples/CAM_BACK_RIGHT/n008-2018-09-18-13-41-50-0400__CAM_BACK_RIGHT__1537292983778113.jpg"], "intrinsics": [[[1257.8625342125129, 0.0, 827.2410631095686], [0.0, 1257.8625342125129, 450.915498205774], [0.0, 0.0, 1.0]], [[1252.8131021185304, 0.0, 826.588114781398], [0.0, 1252.8131021185304, 469.9846626224581], [0.0, 0.0, 1.0]], [[1256.7485116440405, 0.0, 817.7887570959712], [0.0, 1256.7485116440403, 451.9541780095127], [0.0, 0.0, 1.0]], [[1254.9860565800168, 0.0, 829.5769333630991], [0.0, 1254.9860565800168, 467.1680561863987], [0.0, 0.0, 1.0]], [[796.8910634503094, 0.0, 857.7774326863696], [0.0, 796.8910634503094, 476.8848988407415], [0.0, 0.0, 1.0]], [[1249.9629280788233, 0.0, 825.3768045375984], [0.0, 1249.9629280788233, 462.54816385708756], [0.0, 0.0, 1.0]]], "extrinsics": [[[0.8225600123405457, -0.5686538219451904, -0.005277331452816725, -1.005126953125], [0.008767046965658665, 0.021959366276860237, -0.9997203946113586, 1.4882965087890625], [0.5686107873916626, 0.8222838044166565, 0.023048309609293938, -1.333251953125], [0.0, 0.0, 0.0, 1.0]], [[0.010302908718585968, -0.9997896552085876, -0.01773254945874214, 0.00543212890625], [0.010719570331275463, 0.01784290187060833, -0.9997833371162415, 1.4801654815673828], [0.9998894333839417, 0.010110567323863506, 0.010901149362325668, -1.734619140625], [0.0, 0.0, 0.0, 1.0]], [[-0.8439319729804993, -0.5360497236251831, -0.020723827183246613, 1.090576171875], [0.018737541511654854, 0.009152338840067387, -0.9997825622558594, 1.4930744171142578], [0.5361228585243225, -0.8441367745399475, 0.0023203014861792326, -1.277587890625], [0.0, 0.0, 0.0, 1.0]], [[0.9478777647018433, 0.31863099336624146, 0.0014653821708634496, -1.1439208984375], [-0.006632013246417046, 0.024326741695404053, -0.9996820688247681, 1.5620441436767578], [-0.31856533885002136, 0.9475666284561157, 0.02517194114625454, -0.15606689453125], [0.0, 0.0, 0.0, 1.0]], [[0.009173027239739895, 0.9998174905776978, 0.016760297119617462, -0.02886962890625], [-0.004501014947891235, 0.016802117228507996, -0.9998486638069153, 1.5680627822875977], [-0.9999477863311768, 0.009096220135688782, 0.004654319491237402, 0.0443115234375], [0.0, 0.0, 0.0, 1.0]], [[-0.9237358570098877, 0.38302484154701233, -0.001969596603885293, 1.16064453125], [-0.0003184489905834198, -0.005910125561058521, -0.999982476234436, 1.5478123426437378], [-0.3830297589302063, -0.9237191081047058, 0.005581369157880545, -0.04364013671875], [0.0, 0.0, 0.0, 1.0]]], "view": [[0.0, -2.0, 100.0], [-2.0, 0.0, 100.0], [0.0, 0.0, 1.0]], "bev": "bev_a1f433020f5c4e0e855d1d66eeefeb42.png", "aux": "aux_a1f433020f5c4e0e855d1d66eeefeb42.npz", "visibility": "visibility_a1f433020f5c4e0e855d1d66eeefeb42.png", "pose": [[0.4777955114841461, -0.8784710764884949, 0.0, 1224.1209716796875], [0.8784710764884949, 0.4777955114841461, 0.0, 1477.1944580078125], [0.0, 0.0, 1.0, 0.0], [0.0, 0.0, 0.0, 1.0]], "pose_inverse": [[0.4777955114841461, 0.8784710764884949, 0.0, -1882.5521240234375], [-0.8784710764884949, 0.4777955114841461, 0.0, 369.5580139160156], [0.0, 0.0, 1.0, 0.0], [0.0, 0.0, 0.0, 1.0]], "cam_ids": [0, 1, 2, 3, 4, 5], "cam_channels": ["CAM_FRONT_LEFT", "CAM_FRONT", "CAM_FRONT_RIGHT", "CAM_BACK_LEFT", "CAM_BACK", "CAM_BACK_RIGHT"], "token": "a1f433020f5c4e0e855d1d66eeefeb42", "scene": "scene-0595"}, {"images": ["samples/CAM_FRONT_LEFT/n008-2018-09-18-13-41-50-0400__CAM_FRONT_LEFT__1537292984254799.jpg", "samples/CAM_FRONT/n008-2018-09-18-13-41-50-0400__CAM_FRONT__1537292984262404.jpg", "samples/CAM_FRONT_RIGHT/n008-2018-09-18-13-41-50-0400__CAM_FRONT_RIGHT__1537292984270482.jpg", "samples/CAM_BACK_LEFT/n008-2018-09-18-13-41-50-0400__CAM_BACK_LEFT__1537292984297405.jpg", "samples/CAM_BACK/n008-2018-09-18-13-41-50-0400__CAM_BACK__1537292984287915.jpg", "samples/CAM_BACK_RIGHT/n008-2018-09-18-13-41-50-0400__CAM_BACK_RIGHT__1537292984278113.jpg"], "intrinsics": [[[1257.8625342125129, 0.0, 827.2410631095686], [0.0, 1257.8625342125129, 450.915498205774], [0.0, 0.0, 1.0]], [[1252.8131021185304, 0.0, 826.588114781398], [0.0, 1252.8131021185304, 469.9846626224581], [0.0, 0.0, 1.0]], [[1256.7485116440405, 0.0, 817.7887570959712], [0.0, 1256.7485116440403, 451.9541780095127], [0.0, 0.0, 1.0]], [[1254.9860565800168, 0.0, 829.5769333630991], [0.0, 1254.9860565800168, 467.1680561863987], [0.0, 0.0, 1.0]], [[796.8910634503094, 0.0, 857.7774326863696], [0.0, 796.8910634503094, 476.8848988407415], [0.0, 0.0, 1.0]], [[1249.9629280788233, 0.0, 825.3768045375984], [0.0, 1249.9629280788233, 462.54816385708756], [0.0, 0.0, 1.0]]], "extrinsics": [[[0.8225630521774292, -0.56864994764328, -0.00522729242220521, -1.0048828125], [0.008778289891779423, 0.021887870505452156, -0.999721884727478, 1.488295555114746], [0.5686062574386597, 0.8222883939743042, 0.022995926439762115, -1.3333740234375], [0.0, 0.0, 0.0, 1.0]], [[0.010306200943887234, -0.9997910261154175, -0.017657866701483727, 0.00537109375], [0.010725148022174835, 0.017768312245607376, -0.9997846484184265, 1.4801654815673828], [0.9998893737792969, 0.01011458970606327, 0.010906030423939228, -1.73486328125], [0.0, 0.0, 0.0, 1.0]], [[-0.8439314961433411, -0.5360522866249084, -0.02068081684410572, 1.0904541015625], [0.01873753033578396, 0.009072141721844673, -0.9997832775115967, 1.493072509765625], [0.5361236929893494, -0.8441360592842102, 0.0023880284279584885, -1.277587890625], [0.0, 0.0, 0.0, 1.0]], [[0.9478766918182373, 0.3186340928077698, 0.001434252830222249, -1.1439208984375], [-0.00663102837279439, 0.02422589436173439, -0.9996845126152039, 1.562042236328125], [-0.3185683488845825, 0.9475680589675903, 0.025076035410165787, -0.15594482421875], [0.0, 0.0, 0.0, 1.0]], [[0.009173382073640823, 0.9998190402984619, 0.016666069626808167, -0.028839111328125], [-0.004512506071478128, 0.016707992181181908, -0.9998501539230347, 1.5680618286132812], [-0.9999477863311768, 0.009096766822040081, 0.00466495705768466, 0.044189453125], [0.0, 0.0, 0.0, 1.0]], [[-0.923736035823822, 0.3830244839191437, -0.0019967067055404186, 1.1605224609375], [-0.0003245796251576394, -0.005995691753923893, -0.9999819397926331, 1.547811508178711], [-0.3830294907093048, -0.9237187504768372, 0.005662758834660053, -0.043670654296875], [0.0, 0.0, 0.0, 1.0]]], "view": [[0.0, -2.0, 100.0], [-2.0, 0.0, 100.0], [0.0, 0.0, 1.0]], "bev": "bev_3249386c8332412a879cee983f5d5bb3.png", "aux": "aux_3249386c8332412a879cee983f5d5bb3.npz", "visibility": "visibility_3249386c8332412a879cee983f5d5bb3.png", "pose": [[0.4777849018573761, -0.8784768581390381, 0.0, 1224.1209716796875], [0.8784768581390381, 0.4777849018573761, 0.0, 1477.1944580078125], [0.0, 0.0, 1.0, 0.0], [0.0, 0.0, 0.0, 1.0]], "pose_inverse": [[0.4777849018573761, 0.8784768581390381, 0.0, -1882.547607421875], [-0.8784768581390381, 0.4777849018573761, 0.0, 369.5807189941406], [0.0, 0.0, 1.0, 0.0], [0.0, 0.0, 0.0, 1.0]], "cam_ids": [0, 1, 2, 3, 4, 5], "cam_channels": ["CAM_FRONT_LEFT", "CAM_FRONT", "CAM_FRONT_RIGHT", "CAM_BACK_LEFT", "CAM_BACK", "CAM_BACK_RIGHT"], "token": "3249386c8332412a879cee983f5d5bb3", "scene": "scene-0595"}, {"images": ["samples/CAM_FRONT_LEFT/n008-2018-09-18-13-41-50-0400__CAM_FRONT_LEFT__1537292984754799.jpg", "samples/CAM_FRONT/n008-2018-09-18-13-41-50-0400__CAM_FRONT__1537292984762404.jpg", "samples/CAM_FRONT_RIGHT/n008-2018-09-18-13-41-50-0400__CAM_FRONT_RIGHT__1537292984770482.jpg", "samples/CAM_BACK_LEFT/n008-2018-09-18-13-41-50-0400__CAM_BACK_LEFT__1537292984797405.jpg", "samples/CAM_BACK/n008-2018-09-18-13-41-50-0400__CAM_BACK__1537292984787558.jpg", "samples/CAM_BACK_RIGHT/n008-2018-09-18-13-41-50-0400__CAM_BACK_RIGHT__1537292984778113.jpg"], "intrinsics": [[[1257.8625342125129, 0.0, 827.2410631095686], [0.0, 1257.8625342125129, 450.915498205774], [0.0, 0.0, 1.0]], [[1252.8131021185304, 0.0, 826.588114781398], [0.0, 1252.8131021185304, 469.9846626224581], [0.0, 0.0, 1.0]], [[1256.7485116440405, 0.0, 817.7887570959712], [0.0, 1256.7485116440403, 451.9541780095127], [0.0, 0.0, 1.0]], [[1254.9860565800168, 0.0, 829.5769333630991], [0.0, 1254.9860565800168, 467.1680561863987], [0.0, 0.0, 1.0]], [[796.8910634503094, 0.0, 857.7774326863696], [0.0, 796.8910634503094, 476.8848988407415], [0.0, 0.0, 1.0]], [[1249.9629280788233, 0.0, 825.3768045375984], [0.0, 1249.9629280788233, 462.54816385708756], [0.0, 0.0, 1.0]]], "extrinsics": [[[0.8225547671318054, -0.5686615705490112, -0.005269092041999102, -1.005126953125], [0.008700277656316757, 0.02184794843196869, -0.9997234344482422, 1.488295555114746], [0.5686194896697998, 0.8222814798355103, 0.022918645292520523, -1.333251953125], [0.0, 0.0, 0.0, 1.0]], [[0.010292138904333115, -0.9997918605804443, -0.01761811599135399, 0.005340576171875], [0.010647999122738838, 0.017727632075548172, -0.9997861385345459, 1.480168342590332], [0.9998903870582581, 0.010102336294949055, 0.010828237049281597, -1.7347412109375], [0.0, 0.0, 0.0, 1.0]], [[-0.843938946723938, -0.5360435247421265, -0.020605627447366714, 1.090576171875], [0.018672481179237366, 0.009034269489347935, -0.9997848272323608, 1.493072509765625], [0.5361143350601196, -0.8441420197486877, 0.002384889405220747, -1.277587890625], [0.0, 0.0, 0.0, 1.0]], [[0.9478775262832642, 0.3186321258544922, 0.0013430407270789146, -1.143798828125], [-0.006722838152199984, 0.02421301230788231, -0.9996841549873352, 1.5620403289794922], [-0.3185640275478363, 0.9475691914558411, 0.0250930804759264, -0.156005859375], [0.0, 0.0, 0.0, 1.0]], [[0.009179018437862396, 0.999819278717041, 0.016652651131153107, -0.0289306640625], [-0.004575262777507305, 0.016695169731974602, -0.9998501539230347, 1.5680618286132812], [-0.9999474883079529, 0.009101469069719315, 0.004727680701762438, 0.044189453125], [0.0, 0.0, 0.0, 1.0]], [[-0.9237328171730042, 0.3830324709415436, -0.0019584419205784798, 1.16064453125], [-0.0003769475151784718, -0.006021957844495773, -0.9999818205833435, 1.5478116273880005], [-0.3830372393131256, -0.923715353012085, 0.005707063712179661, -0.043701171875], [0.0, 0.0, 0.0, 1.0]]], "view": [[0.0, -2.0, 100.0], [-2.0, 0.0, 100.0], [0.0, 0.0, 1.0]], "bev": "bev_3577c0efaecc4e3484ef94321a4a6ab7.png", "aux": "aux_3577c0efaecc4e3484ef94321a4a6ab7.npz", "visibility": "visibility_3577c0efaecc4e3484ef94321a4a6ab7.png", "pose": [[0.47768115997314453, -0.8785333037376404, 0.0, 1224.1209716796875], [0.8785333037376404, 0.47768115997314453, 0.0, 1477.1944580078125], [0.0, 0.0, 1.0, 0.0], [0.0, 0.0, 0.0, 1.0]], "pose_inverse": [[0.47768115997314453, 0.8785333037376404, 0.0, -1882.5040283203125], [-0.8785333037376404, 0.47768115997314453, 0.0, 369.80303955078125], [0.0, 0.0, 1.0, 0.0], [0.0, 0.0, 0.0, 1.0]], "cam_ids": [0, 1, 2, 3, 4, 5], "cam_channels": ["CAM_FRONT_LEFT", "CAM_FRONT", "CAM_FRONT_RIGHT", "CAM_BACK_LEFT", "CAM_BACK", "CAM_BACK_RIGHT"], "token": "3577c0efaecc4e3484ef94321a4a6ab7", "scene": "scene-0595"}, {"images": ["samples/CAM_FRONT_LEFT/n008-2018-09-18-13-41-50-0400__CAM_FRONT_LEFT__1537292985254799.jpg", "samples/CAM_FRONT/n008-2018-09-18-13-41-50-0400__CAM_FRONT__1537292985262404.jpg", "samples/CAM_FRONT_RIGHT/n008-2018-09-18-13-41-50-0400__CAM_FRONT_RIGHT__1537292985270482.jpg", "samples/CAM_BACK_LEFT/n008-2018-09-18-13-41-50-0400__CAM_BACK_LEFT__1537292985297405.jpg", "samples/CAM_BACK/n008-2018-09-18-13-41-50-0400__CAM_BACK__1537292985287558.jpg", "samples/CAM_BACK_RIGHT/n008-2018-09-18-13-41-50-0400__CAM_BACK_RIGHT__1537292985278113.jpg"], "intrinsics": [[[1257.8625342125129, 0.0, 827.2410631095686], [0.0, 1257.8625342125129, 450.915498205774], [0.0, 0.0, 1.0]], [[1252.8131021185304, 0.0, 826.588114781398], [0.0, 1252.8131021185304, 469.9846626224581], [0.0, 0.0, 1.0]], [[1256.7485116440405, 0.0, 817.7887570959712], [0.0, 1256.7485116440403, 451.9541780095127], [0.0, 0.0, 1.0]], [[1254.9860565800168, 0.0, 829.5769333630991], [0.0, 1254.9860565800168, 467.1680561863987], [0.0, 0.0, 1.0]], [[796.8910634503094, 0.0, 857.7774326863696], [0.0, 796.8910634503094, 476.8848988407415], [0.0, 0.0, 1.0]], [[1249.9629280788233, 0.0, 825.3768045375984], [0.0, 1249.9629280788233, 462.54816385708756], [0.0, 0.0, 1.0]]], "extrinsics": [[[0.8225482106208801, -0.5686708092689514, -0.005303715355694294, -1.005126953125], [0.008673648349940777, 0.0218698438256979, -0.9997231960296631, 1.4882936477661133], [0.5686293840408325, 0.8222744464874268, 0.022921448573470116, -1.33331298828125], [0.0, 0.0, 0.0, 1.0]], [[0.010281141847372055, -0.9997913837432861, -0.017646221444010735, 0.005340576171875], [0.01062486506998539, 0.017755383625626564, -0.9997859001159668, 1.4801645278930664], [0.9998906850814819, 0.010091453790664673, 0.010805195197463036, -1.7347412109375], [0.0, 0.0, 0.0, 1.0]], [[-0.8439447283744812, -0.5360345840454102, -0.02059590071439743, 1.090576171875], [0.018642930313944817, 0.009062610566616058, -0.9997850656509399, 1.4930744171142578], [0.5361061096191406, -0.8441473841667175, 0.0023449126165360212, -1.277587890625], [0.0, 0.0, 0.0, 1.0]], [[0.9478784799575806, 0.3186292052268982, 0.001345816534012556, -1.143798828125], [-0.00672180624678731, 0.02421889454126358, -0.9996840953826904, 1.5620441436767578], [-0.3185611367225647, 0.9475699067115784, 0.02509833127260208, -0.156005859375], [0.0, 0.0, 0.0, 1.0]], [[0.009183824062347412, 0.9998189806938171, 0.01666414365172386, -0.028961181640625], [-0.004609628580510616, 0.016706999391317368, -0.9998497366905212, 1.5680599212646484], [-0.9999472498893738, 0.009105653502047062, 0.004762228578329086, 0.044189453125], [0.0, 0.0, 0.0, 1.0]], [[-0.9237299561500549, 0.38303953409194946, -0.0019136829068884254, 1.1607666015625], [-0.00041723379399627447, -0.006002148147672415, -0.9999818801879883, 1.5478123426437378], [-0.3830440640449524, -0.9237124919891357, 0.005704180337488651, -0.043701171875], [0.0, 0.0, 0.0, 1.0]]], "view": [[0.0, -2.0, 100.0], [-2.0, 0.0, 100.0], [0.0, 0.0, 1.0]], "bev": "bev_01c9be400837485fa23d7e6bdea93f2e.png", "aux": "aux_01c9be400837485fa23d7e6bdea93f2e.npz", "visibility": "visibility_01c9be400837485fa23d7e6bdea93f2e.png", "pose": [[0.47762367129325867, -0.8785645365715027, 0.0, 1224.1209716796875], [0.8785645365715027, 0.47762367129325867, 0.0, 1477.1944580078125], [0.0, 0.0, 1.0, 0.0], [0.0, 0.0, 0.0, 1.0]], "pose_inverse": [[0.47762367129325867, 0.8785645365715027, 0.0, -1882.4798583984375], [-0.8785645365715027, 0.47762367129325867, 0.0, 369.92620849609375], [0.0, 0.0, 1.0, 0.0], [0.0, 0.0, 0.0, 1.0]], "cam_ids": [0, 1, 2, 3, 4, 5], "cam_channels": ["CAM_FRONT_LEFT", "CAM_FRONT", "CAM_FRONT_RIGHT", "CAM_BACK_LEFT", "CAM_BACK", "CAM_BACK_RIGHT"], "token": "01c9be400837485fa23d7e6bdea93f2e", "scene": "scene-0595"}, {"images": ["samples/CAM_FRONT_LEFT/n008-2018-09-18-13-41-50-0400__CAM_FRONT_LEFT__1537292985754799.jpg", "samples/CAM_FRONT/n008-2018-09-18-13-41-50-0400__CAM_FRONT__1537292985762404.jpg", "samples/CAM_FRONT_RIGHT/n008-2018-09-18-13-41-50-0400__CAM_FRONT_RIGHT__1537292985770482.jpg", "samples/CAM_BACK_LEFT/n008-2018-09-18-13-41-50-0400__CAM_BACK_LEFT__1537292985797405.jpg", "samples/CAM_BACK/n008-2018-09-18-13-41-50-0400__CAM_BACK__1537292985787558.jpg", "samples/CAM_BACK_RIGHT/n008-2018-09-18-13-41-50-0400__CAM_BACK_RIGHT__1537292985778113.jpg"], "intrinsics": [[[1257.8625342125129, 0.0, 827.2410631095686], [0.0, 1257.8625342125129, 450.915498205774], [0.0, 0.0, 1.0]], [[1252.8131021185304, 0.0, 826.588114781398], [0.0, 1252.8131021185304, 469.9846626224581], [0.0, 0.0, 1.0]], [[1256.7485116440405, 0.0, 817.7887570959712], [0.0, 1256.7485116440403, 451.9541780095127], [0.0, 0.0, 1.0]], [[1254.9860565800168, 0.0, 829.5769333630991], [0.0, 1254.9860565800168, 467.1680561863987], [0.0, 0.0, 1.0]], [[796.8910634503094, 0.0, 857.7774326863696], [0.0, 796.8910634503094, 476.8848988407415], [0.0, 0.0, 1.0]], [[1249.9629280788233, 0.0, 825.3768045375984], [0.0, 1249.9629280788233, 462.54816385708756], [0.0, 0.0, 1.0]]], "extrinsics": [[[0.8225622177124023, -0.5686506032943726, -0.005280745681375265, -1.0052490234375], [0.008704240433871746, 0.021874703466892242, -0.9997228384017944, 1.4882936477661133], [0.5686084032058716, 0.8222882747650146, 0.022942975163459778, -1.33343505859375], [0.0, 0.0, 0.0, 1.0]], [[0.010304480791091919, -0.999791145324707, -0.017648013308644295, 0.00537109375], [0.010664799250662327, 0.017757831141352654, -0.9997854828834534, 1.4801645278930664], [0.9998900294303894, 0.01011411938816309, 0.010845557786524296, -1.73486328125], [0.0, 0.0, 0.0, 1.0]], [[-0.8439327478408813, -0.5360520482063293, -0.02063627541065216, 1.09033203125], [0.018689868971705437, 0.009064103476703167, -0.9997842311859131, 1.493072509765625], [0.5361233949661255, -0.8441361784934998, 0.002369249239563942, -1.2777099609375], [0.0, 0.0, 0.0, 1.0]], [[0.9478774070739746, 0.3186323046684265, 0.0013764321338385344, -1.1439208984375], [-0.006689528934657574, 0.024218669161200523, -0.9996843338012695, 1.5620441436767578], [-0.3185650706291199, 0.947568953037262, 0.025087831541895866, -0.15618896484375], [0.0, 0.0, 0.0, 1.0]], [[0.009174446575343609, 0.9998190999031067, 0.016660811379551888, -0.028778076171875], [-0.004573782440274954, 0.016703296452760696, -0.9998499751091003, 1.5680608749389648], [-0.9999475479125977, 0.009096844121813774, 0.004726198501884937, 0.044189453125], [0.0, 0.0, 0.0, 1.0]], [[-0.9237359166145325, 0.38302478194236755, -0.0019572419114410877, 1.16064453125], [-0.000369516754290089, -0.006001030560582876, -0.9999818801879883, 1.547812581062317], [-0.3830295205116272, -0.9237186312675476, 0.005684901960194111, -0.04364013671875], [0.0, 0.0, 0.0, 1.0]]], "view": [[0.0, -2.0, 100.0], [-2.0, 0.0, 100.0], [0.0, 0.0, 1.0]], "bev": "bev_15a9ad5509154d11bbe737d6de795436.png", "aux": "aux_15a9ad5509154d11bbe737d6de795436.npz", "visibility": "visibility_15a9ad5509154d11bbe737d6de795436.png", "pose": [[0.47768986225128174, -0.8785285353660583, 0.0, 1224.12109375], [0.8785285353660583, 0.47768986225128174, 0.0, 1477.1944580078125], [0.0, 0.0, 1.0, 0.0], [0.0, 0.0, 0.0, 1.0]], "pose_inverse": [[0.47768986225128174, 0.8785285353660583, 0.0, -1882.5076904296875], [-0.8785285353660583, 0.47768986225128174, 0.0, 369.7845153808594], [0.0, 0.0, 1.0, 0.0], [0.0, 0.0, 0.0, 1.0]], "cam_ids": [0, 1, 2, 3, 4, 5], "cam_channels": ["CAM_FRONT_LEFT", "CAM_FRONT", "CAM_FRONT_RIGHT", "CAM_BACK_LEFT", "CAM_BACK", "CAM_BACK_RIGHT"], "token": "15a9ad5509154d11bbe737d6de795436", "scene": "scene-0595"}, {"images": ["samples/CAM_FRONT_LEFT/n008-2018-09-18-13-41-50-0400__CAM_FRONT_LEFT__1537292986254799.jpg", "samples/CAM_FRONT/n008-2018-09-18-13-41-50-0400__CAM_FRONT__1537292986262404.jpg", "samples/CAM_FRONT_RIGHT/n008-2018-09-18-13-41-50-0400__CAM_FRONT_RIGHT__1537292986270482.jpg", "samples/CAM_BACK_LEFT/n008-2018-09-18-13-41-50-0400__CAM_BACK_LEFT__1537292986297405.jpg", "samples/CAM_BACK/n008-2018-09-18-13-41-50-0400__CAM_BACK__1537292986287558.jpg", "samples/CAM_BACK_RIGHT/n008-2018-09-18-13-41-50-0400__CAM_BACK_RIGHT__1537292986278113.jpg"], "intrinsics": [[[1257.8625342125129, 0.0, 827.2410631095686], [0.0, 1257.8625342125129, 450.915498205774], [0.0, 0.0, 1.0]], [[1252.8131021185304, 0.0, 826.588114781398], [0.0, 1252.8131021185304, 469.9846626224581], [0.0, 0.0, 1.0]], [[1256.7485116440405, 0.0, 817.7887570959712], [0.0, 1256.7485116440403, 451.9541780095127], [0.0, 0.0, 1.0]], [[1254.9860565800168, 0.0, 829.5769333630991], [0.0, 1254.9860565800168, 467.1680561863987], [0.0, 0.0, 1.0]], [[796.8910634503094, 0.0, 857.7774326863696], [0.0, 796.8910634503094, 476.8848988407415], [0.0, 0.0, 1.0]], [[1249.9629280788233, 0.0, 825.3768045375984], [0.0, 1249.9629280788233, 462.54816385708756], [0.0, 0.0, 1.0]]], "extrinsics": [[[0.8225527405738831, -0.5686643719673157, -0.005259988363832235, -1.005126953125], [0.008634159341454506, 0.02173619531095028, -0.999726414680481, 1.4882965087890625], [0.5686231851577759, 0.8222823739051819, 0.022789107635617256, -1.333251953125], [0.0, 0.0, 0.0, 1.0]], [[0.010288695804774761, -0.9997937679290771, -0.01750994473695755, 0.00543212890625], [0.010581331327557564, 0.017618749290704727, -0.999788761138916, 1.4801664352416992], [0.9998910427093506, 0.010101170279085636, 0.010760420933365822, -1.7347412109375], [0.0, 0.0, 0.0, 1.0]], [[-0.8439412713050842, -0.5360440015792847, -0.020492300391197205, 1.0904541015625], [0.018606597557663918, 0.008926616050302982, -0.9997870326042175, 1.493072509765625], [0.5361127853393555, -0.8441428542137146, 0.002440415322780609, -1.2774658203125], [0.0, 0.0, 0.0, 1.0]], [[0.9478786587715149, 0.31862905621528625, 0.0012467928463593125, -1.1439208984375], [-0.0067809647880494595, 0.024084225296974182, -0.9996868968009949, 1.5620441436767578], [-0.31855934858322144, 0.9475734829902649, 0.0249895378947258, -0.15606689453125], [0.0, 0.0, 0.0, 1.0]], [[0.009181455709040165, 0.9998214244842529, 0.01651982218027115, -0.028900146484375], [-0.004655133001506329, 0.01656307466328144, -0.9998519420623779, 1.5680608749389648], [-0.9999470114707947, 0.009103161282837391, 0.0048063755966722965, 0.0443115234375], [0.0, 0.0, 0.0, 1.0]], [[-0.923732340335846, 0.3830336034297943, -0.0019388158107176423, 1.1605224609375], [-0.00044692898518405855, -0.006139467470347881, -0.9999810457229614, 1.5478123426437378], [-0.3830382525920868, -0.9237139821052551, 0.005842413753271103, -0.04376220703125], [0.0, 0.0, 0.0, 1.0]]], "view": [[0.0, -2.0, 100.0], [-2.0, 0.0, 100.0], [0.0, 0.0, 1.0]], "bev": "bev_2ac0eb6de70c4a9597f83d56da28b72f.png", "aux": "aux_2ac0eb6de70c4a9597f83d56da28b72f.npz", "visibility": "visibility_2ac0eb6de70c4a9597f83d56da28b72f.png", "pose": [[0.4777141511440277, -0.8785153031349182, 0.0, 1224.12109375], [0.8785153031349182, 0.4777141511440277, 0.0, 1477.1944580078125], [0.0, 0.0, 1.0, 0.0], [0.0, 0.0, 0.0, 1.0]], "pose_inverse": [[0.4777141511440277, 0.8785153031349182, 0.0, -1882.5179443359375], [-0.8785153031349182, 0.4777141511440277, 0.0, 369.732421875], [0.0, 0.0, 1.0, 0.0], [0.0, 0.0, 0.0, 1.0]], "cam_ids": [0, 1, 2, 3, 4, 5], "cam_channels": ["CAM_FRONT_LEFT", "CAM_FRONT", "CAM_FRONT_RIGHT", "CAM_BACK_LEFT", "CAM_BACK", "CAM_BACK_RIGHT"], "token": "2ac0eb6de70c4a9597f83d56da28b72f", "scene": "scene-0595"}, {"images": ["samples/CAM_FRONT_LEFT/n008-2018-09-18-13-41-50-0400__CAM_FRONT_LEFT__1537292986755486.jpg", "samples/CAM_FRONT/n008-2018-09-18-13-41-50-0400__CAM_FRONT__1537292986762404.jpg", "samples/CAM_FRONT_RIGHT/n008-2018-09-18-13-41-50-0400__CAM_FRONT_RIGHT__1537292986770482.jpg", "samples/CAM_BACK_LEFT/n008-2018-09-18-13-41-50-0400__CAM_BACK_LEFT__1537292986797405.jpg", "samples/CAM_BACK/n008-2018-09-18-13-41-50-0400__CAM_BACK__1537292986787558.jpg", "samples/CAM_BACK_RIGHT/n008-2018-09-18-13-41-50-0400__CAM_BACK_RIGHT__1537292986778113.jpg"], "intrinsics": [[[1257.8625342125129, 0.0, 827.2410631095686], [0.0, 1257.8625342125129, 450.915498205774], [0.0, 0.0, 1.0]], [[1252.8131021185304, 0.0, 826.588114781398], [0.0, 1252.8131021185304, 469.9846626224581], [0.0, 0.0, 1.0]], [[1256.7485116440405, 0.0, 817.7887570959712], [0.0, 1256.7485116440403, 451.9541780095127], [0.0, 0.0, 1.0]], [[1254.9860565800168, 0.0, 829.5769333630991], [0.0, 1254.9860565800168, 467.1680561863987], [0.0, 0.0, 1.0]], [[796.8910634503094, 0.0, 857.7774326863696], [0.0, 796.8910634503094, 476.8848988407415], [0.0, 0.0, 1.0]], [[1249.9629280788233, 0.0, 825.3768045375984], [0.0, 1249.9629280788233, 462.54816385708756], [0.0, 0.0, 1.0]]], "extrinsics": [[[0.8225566744804382, -0.568659782409668, -0.005154900718480349, -1.0050048828125], [0.008688620291650295, 0.02163047529757023, -0.999728262424469, 1.488295555114746], [0.5686168074607849, 0.8222883343696594, 0.022733159363269806, -1.33331298828125], [0.0, 0.0, 0.0, 1.0]], [[0.010294917970895767, -0.9997955560684204, -0.01740065962076187, 0.005401611328125], [0.010644861496984959, 0.017510173842310905, -0.9997900724411011, 1.48016357421875], [0.9998903274536133, 0.010107544250786304, 0.010822952724993229, -1.73486328125], [0.0, 0.0, 0.0, 1.0]], [[-0.8439377546310425, -0.5360499024391174, -0.020480206236243248, 1.0906982421875], [0.018666820600628853, 0.008809268474578857, -0.999786913394928, 1.493072509765625], [0.5361161828041077, -0.844140350818634, 0.0025718724355101585, -1.277587890625], [0.0, 0.0, 0.0, 1.0]], [[0.9478781223297119, 0.3186304569244385, 0.0012705610133707523, -1.1439208984375], [-0.006720451172441244, 0.023978672921657562, -0.9996898770332336, 1.5620460510253906], [-0.3185620903968811, 0.9475756883621216, 0.02487020194530487, -0.156005859375], [0.0, 0.0, 0.0, 1.0]], [[0.009179220534861088, 0.9998232126235962, 0.016408400610089302, -0.028900146484375], [-0.004602962639182806, 0.016451163217425346, -0.9998540878295898, 1.5680656433105469], [-0.9999473094940186, 0.009102295152842999, 0.0047531588934361935, 0.0443115234375], [0.0, 0.0, 0.0, 1.0]], [[-0.9237333536148071, 0.3830306828022003, -0.0020346338860690594, 1.1607666015625], [-0.0003943740448448807, -0.006262919865548611, -0.9999803304672241, 1.547811508178711], [-0.3830358386039734, -0.9237143397331238, 0.005936325993388891, -0.043731689453125], [0.0, 0.0, 0.0, 1.0]]], "view": [[0.0, -2.0, 100.0], [-2.0, 0.0, 100.0], [0.0, 0.0, 1.0]], "bev": "bev_02dab9b1ab4b4acc8c63d07b1eff9c8f.png", "aux": "aux_02dab9b1ab4b4acc8c63d07b1eff9c8f.npz", "visibility": "visibility_02dab9b1ab4b4acc8c63d07b1eff9c8f.png", "pose": [[0.4777625501155853, -0.8784890174865723, 0.0, 1224.12109375], [0.8784890174865723, 0.4777625501155853, 0.0, 1477.1944580078125], [0.0, 0.0, 1.0, 0.0], [0.0, 0.0, 0.0, 1.0]], "pose_inverse": [[0.4777625501155853, 0.8784890174865723, 0.0, -1882.538330078125], [-0.8784890174865723, 0.4777625501155853, 0.0, 369.62872314453125], [0.0, 0.0, 1.0, 0.0], [0.0, 0.0, 0.0, 1.0]], "cam_ids": [0, 1, 2, 3, 4, 5], "cam_channels": ["CAM_FRONT_LEFT", "CAM_FRONT", "CAM_FRONT_RIGHT", "CAM_BACK_LEFT", "CAM_BACK", "CAM_BACK_RIGHT"], "token": "02dab9b1ab4b4acc8c63d07b1eff9c8f", "scene": "scene-0595"}, {"images": ["samples/CAM_FRONT_LEFT/n008-2018-09-18-13-41-50-0400__CAM_FRONT_LEFT__1537292987254799.jpg", "samples/CAM_FRONT/n008-2018-09-18-13-41-50-0400__CAM_FRONT__1537292987262404.jpg", "samples/CAM_FRONT_RIGHT/n008-2018-09-18-13-41-50-0400__CAM_FRONT_RIGHT__1537292987270482.jpg", "samples/CAM_BACK_LEFT/n008-2018-09-18-13-41-50-0400__CAM_BACK_LEFT__1537292987297405.jpg", "samples/CAM_BACK/n008-2018-09-18-13-41-50-0400__CAM_BACK__1537292987287558.jpg", "samples/CAM_BACK_RIGHT/n008-2018-09-18-13-41-50-0400__CAM_BACK_RIGHT__1537292987278113.jpg"], "intrinsics": [[[1257.8625342125129, 0.0, 827.2410631095686], [0.0, 1257.8625342125129, 450.915498205774], [0.0, 0.0, 1.0]], [[1252.8131021185304, 0.0, 826.588114781398], [0.0, 1252.8131021185304, 469.9846626224581], [0.0, 0.0, 1.0]], [[1256.7485116440405, 0.0, 817.7887570959712], [0.0, 1256.7485116440403, 451.9541780095127], [0.0, 0.0, 1.0]], [[1254.9860565800168, 0.0, 829.5769333630991], [0.0, 1254.9860565800168, 467.1680561863987], [0.0, 0.0, 1.0]], [[796.8910634503094, 0.0, 857.7774326863696], [0.0, 796.8910634503094, 476.8848988407415], [0.0, 0.0, 1.0]], [[1249.9629280788233, 0.0, 825.3768045375984], [0.0, 1249.9629280788233, 462.54816385708756], [0.0, 0.0, 1.0]]], "extrinsics": [[[0.8225727081298828, -0.5686373710632324, -0.005065987352281809, -1.005126953125], [0.008711430244147778, 0.02150827646255493, -0.9997307062149048, 1.4882917404174805], [0.5685931444168091, 0.8223071098327637, 0.022645767778158188, -1.33331298828125], [0.0, 0.0, 0.0, 1.0]], [[0.010321903973817825, -0.9997972846031189, -0.017282620072364807, 0.005340576171875], [0.010665727779269218, 0.017392637208104134, -0.9997918605804443, 1.4801654815673828], [0.9998897910118103, 0.010135459713637829, 0.010843092575669289, -1.7347412109375], [0.0, 0.0, 0.0, 1.0]], [[-0.8439239859580994, -0.5360732674598694, -0.020439017564058304, 1.0906982421875], [0.018687112256884575, 0.008700624108314514, -0.9997875094413757, 1.493072509765625], [0.5361372232437134, -0.8441267013549805, 0.0026749949902296066, -1.277587890625], [0.0, 0.0, 0.0, 1.0]], [[0.9478763341903687, 0.31863561272621155, 0.0012722986284643412, -1.14404296875], [-0.006682830862700939, 0.02387179620563984, -0.9996926784515381, 1.5620441436767578], [-0.3185681402683258, 0.9475765228271484, 0.02475690096616745, -0.15606689453125], [0.0, 0.0, 0.0, 1.0]], [[0.009167909622192383, 0.9998248219490051, 0.016316315159201622, -0.02874755859375], [-0.004567703232169151, 0.01635870337486267, -0.9998556971549988, 1.5680627822875977], [-0.9999475479125977, 0.009092000313103199, 0.004716877359896898, 0.0443115234375], [0.0, 0.0, 0.0, 1.0]], [[-0.9237406849861145, 0.3830126225948334, -0.0020937195513397455, 1.16064453125], [-0.0003710192977450788, -0.006361158564686775, -0.9999796748161316, 1.5478134155273438], [-0.38301804661750793, -0.923721194267273, 0.006018165964633226, -0.043670654296875], [0.0, 0.0, 0.0, 1.0]]], "view": [[0.0, -2.0, 100.0], [-2.0, 0.0, 100.0], [0.0, 0.0, 1.0]], "bev": "bev_6e54c3d03b3f49109a144c4d7bdacd25.png", "aux": "aux_6e54c3d03b3f49109a144c4d7bdacd25.npz", "visibility": "visibility_6e54c3d03b3f49109a144c4d7bdacd25.png", "pose": [[0.47775933146476746, -0.8784907460212708, 0.0, 1224.12109375], [0.8784907460212708, 0.47775933146476746, 0.0, 1477.1944580078125], [0.0, 0.0, 1.0, 0.0], [0.0, 0.0, 0.0, 1.0]], "pose_inverse": [[0.47775933146476746, 0.8784907460212708, 0.0, -1882.5369873046875], [-0.8784907460212708, 0.47775933146476746, 0.0, 369.6356506347656], [0.0, 0.0, 1.0, 0.0], [0.0, 0.0, 0.0, 1.0]], "cam_ids": [0, 1, 2, 3, 4, 5], "cam_channels": ["CAM_FRONT_LEFT", "CAM_FRONT", "CAM_FRONT_RIGHT", "CAM_BACK_LEFT", "CAM_BACK", "CAM_BACK_RIGHT"], "token": "6e54c3d03b3f49109a144c4d7bdacd25", "scene": "scene-0595"}, {"images": ["samples/CAM_FRONT_LEFT/n008-2018-09-18-13-41-50-0400__CAM_FRONT_LEFT__1537292987754799.jpg", "samples/CAM_FRONT/n008-2018-09-18-13-41-50-0400__CAM_FRONT__1537292987762404.jpg", "samples/CAM_FRONT_RIGHT/n008-2018-09-18-13-41-50-0400__CAM_FRONT_RIGHT__1537292987770482.jpg", "samples/CAM_BACK_LEFT/n008-2018-09-18-13-41-50-0400__CAM_BACK_LEFT__1537292987797405.jpg", "samples/CAM_BACK/n008-2018-09-18-13-41-50-0400__CAM_BACK__1537292987787558.jpg", "samples/CAM_BACK_RIGHT/n008-2018-09-18-13-41-50-0400__CAM_BACK_RIGHT__1537292987778113.jpg"], "intrinsics": [[[1257.8625342125129, 0.0, 827.2410631095686], [0.0, 1257.8625342125129, 450.915498205774], [0.0, 0.0, 1.0]], [[1252.8131021185304, 0.0, 826.588114781398], [0.0, 1252.8131021185304, 469.9846626224581], [0.0, 0.0, 1.0]], [[1256.7485116440405, 0.0, 817.7887570959712], [0.0, 1256.7485116440403, 451.9541780095127], [0.0, 0.0, 1.0]], [[1254.9860565800168, 0.0, 829.5769333630991], [0.0, 1254.9860565800168, 467.1680561863987], [0.0, 0.0, 1.0]], [[796.8910634503094, 0.0, 857.7774326863696], [0.0, 796.8910634503094, 476.8848988407415], [0.0, 0.0, 1.0]], [[1249.9629280788233, 0.0, 825.3768045375984], [0.0, 1249.9629280788233, 462.54816385708756], [0.0, 0.0, 1.0]]], "extrinsics": [[[0.8225669860839844, -0.5686471462249756, -0.004914180375635624, -1.0047607421875], [0.00884206872433424, 0.02142990566790104, -0.9997312426567078, 1.488295555114746], [0.5685996413230896, 0.8223024010658264, 0.02265554666519165, -1.33319091796875], [0.0, 0.0, 0.0, 1.0]], [[0.010308515280485153, -0.9997988939285278, -0.017204204574227333, 0.00537109375], [0.010805227793753147, 0.017315488308668137, -0.99979168176651, 1.4801654815673828], [0.9998884797096252, 0.010120474733412266, 0.010981552302837372, -1.734619140625], [0.0, 0.0, 0.0, 1.0]], [[-0.8439322113990784, -0.5360575914382935, -0.020511332899332047, 1.0906982421875], [0.0188229288905859, 0.008621574379503727, -0.9997856020927429, 1.493072509765625], [0.5361195802688599, -0.8441373705863953, 0.002814148785546422, -1.277587890625], [0.0, 0.0, 0.0, 1.0]], [[0.9478781819343567, 0.3186299502849579, 0.001366847543977201, -1.14404296875], [-0.006548716686666012, 0.02376994676887989, -0.9996960163116455, 1.5620441436767578], [-0.31856563687324524, 0.9475811123847961, 0.0246176328510046, -0.156005859375], [0.0, 0.0, 0.0, 1.0]], [[0.009175816550850868, 0.9998264312744141, 0.01621449738740921, -0.028839111328125], [-0.004436897579580545, 0.016255728900432587, -0.9998579621315002, 1.5680608749389648], [-0.9999481439590454, 0.00910259410738945, 0.0045852866023778915, 0.044189453125], [0.0, 0.0, 0.0, 1.0]], [[-0.9237338304519653, 0.3830282390117645, -0.002243709983304143, 1.1607666015625], [-0.00024444633163511753, -0.0064472174271941185, -0.9999791979789734, 1.54781174659729], [-0.3830347955226898, -0.9237141013145447, 0.006049143150448799, -0.043670654296875], [0.0, 0.0, 0.0, 1.0]]], "view": [[0.0, -2.0, 100.0], [-2.0, 0.0, 100.0], [0.0, 0.0, 1.0]], "bev": "bev_b59a4ba37835490f8c204faf87014cd5.png", "aux": "aux_b59a4ba37835490f8c204faf87014cd5.npz", "visibility": "visibility_b59a4ba37835490f8c204faf87014cd5.png", "pose": [[0.47773462533950806, -0.87850421667099, 0.0, 1224.12109375], [0.87850421667099, 0.47773462533950806, 0.0, 1477.1944580078125], [0.0, 0.0, 1.0, 0.0], [0.0, 0.0, 0.0, 1.0]], "pose_inverse": [[0.47773462533950806, 0.87850421667099, 0.0, -1882.526611328125], [-0.87850421667099, 0.47773462533950806, 0.0, 369.6885681152344], [0.0, 0.0, 1.0, 0.0], [0.0, 0.0, 0.0, 1.0]], "cam_ids": [0, 1, 2, 3, 4, 5], "cam_channels": ["CAM_FRONT_LEFT", "CAM_FRONT", "CAM_FRONT_RIGHT", "CAM_BACK_LEFT", "CAM_BACK", "CAM_BACK_RIGHT"], "token": "b59a4ba37835490f8c204faf87014cd5", "scene": "scene-0595"}, {"images": ["samples/CAM_FRONT_LEFT/n008-2018-09-18-13-41-50-0400__CAM_FRONT_LEFT__1537292988254799.jpg", "samples/CAM_FRONT/n008-2018-09-18-13-41-50-0400__CAM_FRONT__1537292988262404.jpg", "samples/CAM_FRONT_RIGHT/n008-2018-09-18-13-41-50-0400__CAM_FRONT_RIGHT__1537292988270482.jpg", "samples/CAM_BACK_LEFT/n008-2018-09-18-13-41-50-0400__CAM_BACK_LEFT__1537292988297405.jpg", "samples/CAM_BACK/n008-2018-09-18-13-41-50-0400__CAM_BACK__1537292988287558.jpg", "samples/CAM_BACK_RIGHT/n008-2018-09-18-13-41-50-0400__CAM_BACK_RIGHT__1537292988278113.jpg"], "intrinsics": [[[1257.8625342125129, 0.0, 827.2410631095686], [0.0, 1257.8625342125129, 450.915498205774], [0.0, 0.0, 1.0]], [[1252.8131021185304, 0.0, 826.588114781398], [0.0, 1252.8131021185304, 469.9846626224581], [0.0, 0.0, 1.0]], [[1256.7485116440405, 0.0, 817.7887570959712], [0.0, 1256.7485116440403, 451.9541780095127], [0.0, 0.0, 1.0]], [[1254.9860565800168, 0.0, 829.5769333630991], [0.0, 1254.9860565800168, 467.1680561863987], [0.0, 0.0, 1.0]], [[796.8910634503094, 0.0, 857.7774326863696], [0.0, 796.8910634503094, 476.8848988407415], [0.0, 0.0, 1.0]], [[1249.9629280788233, 0.0, 825.3768045375984], [0.0, 1249.9629280788233, 462.54816385708756], [0.0, 0.0, 1.0]]], "extrinsics": [[[0.8225623965263367, -0.5686540603637695, -0.004842023365199566, -1.005126953125], [0.008817030116915703, 0.021266529336571693, -0.9997349381446838, 1.4882926940917969], [0.5686063766479492, 0.8223018050193787, 0.022506888955831528, -1.33331298828125], [0.0, 0.0, 0.0, 1.0]], [[0.010304775089025497, -0.9998016357421875, -0.01703936606645584, 0.005340576171875], [0.01077193021774292, 0.0171502735465765, -0.9997949004173279, 1.4801654815673828], [0.9998888373374939, 0.010119150392711163, 0.010946525260806084, -1.73486328125], [0.0, 0.0, 0.0, 1.0]], [[-0.8439318537712097, -0.5360622406005859, -0.02040175348520279, 1.090576171875], [0.01879708655178547, 0.008457893505692482, -0.9997875690460205, 1.4930763244628906], [0.5361208915710449, -0.844136118888855, 0.002938520163297653, -1.277587890625], [0.0, 0.0, 0.0, 1.0]], [[0.9478774666786194, 0.31863242387771606, 0.0012836579699069262, -1.143798828125], [-0.006592354737222195, 0.023638570681214333, -0.99969881772995, 1.5620403289794922], [-0.31856685876846313, 0.9475834965705872, 0.024507006630301476, -0.1561279296875], [0.0, 0.0, 0.0, 1.0]], [[0.009175271727144718, 0.9998287558555603, 0.01607213355600834, -0.0289306640625], [-0.00446430454030633, 0.016113609075546265, -0.9998601675033569, 1.5680608749389648], [-0.9999479