[{"images": ["samples/CAM_FRONT_LEFT/n015-2018-07-18-11-50-34+0800__CAM_FRONT_LEFT__1531886138604844.jpg", "samples/CAM_FRONT/n015-2018-07-18-11-50-34+0800__CAM_FRONT__1531886138612461.jpg", "samples/CAM_FRONT_RIGHT/n015-2018-07-18-11-50-34+0800__CAM_FRONT_RIGHT__1531886138620339.jpg", "samples/CAM_BACK_LEFT/n015-2018-07-18-11-50-34+0800__CAM_BACK_LEFT__1531886138647423.jpg", "samples/CAM_BACK/n015-2018-07-18-11-50-34+0800__CAM_BACK__1531886138637525.jpg", "samples/CAM_BACK_RIGHT/n015-2018-07-18-11-50-34+0800__CAM_BACK_RIGHT__1531886138627893.jpg"], "intrinsics": [[[1272.5979470598488, 0.0, 826.6154927353808], [0.0, 1272.5979470598488, 479.75165386361925], [0.0, 0.0, 1.0]], [[1266.417203046554, 0.0, 816.2670197447984], [0.0, 1266.417203046554, 491.50706579294757], [0.0, 0.0, 1.0]], [[1260.8474446004698, 0.0, 807.968244525554], [0.0, 1260.8474446004698, 495.3344268742088], [0.0, 0.0, 1.0]], [[1256.7414812095406, 0.0, 792.1125740759628], [0.0, 1256.7414812095406, 492.7757465151356], [0.0, 0.0, 1.0]], [[809.2209905677063, 0.0, 829.2196003259838], [0.0, 809.2209905677063, 481.77842384512485], [0.0, 0.0, 1.0]], [[1259.5137405846733, 0.0, 807.2529053838625], [0.0, 1259.5137405846733, 501.19579884916527], [0.0, 0.0, 1.0]]], "extrinsics": [[[0.8206107020378113, -0.5712838768959045, -0.015255820006132126, -0.7225341796875], [-0.03564061224460602, -0.024515880271792412, -0.9990639090538025, 1.4978752136230469], [0.5703751444816589, 0.8203862309455872, -0.0404789075255394, -1.1154632568359375], [0.0, 0.0, 0.0, 1.0]], [[0.0065228198654949665, -0.9995755553245544, 0.028391515836119652, 0.00921630859375], [-0.040871571749448776, -0.028634892776608467, -0.9987540245056152, 1.5107078552246094], [0.9991430640220642, 0.005354286637157202, -0.04104100912809372, -1.450439453125], [0.0, 0.0, 0.0, 1.0]], [[-0.8322583436965942, -0.5532388687133789, 0.03567662835121155, 0.8758544921875], [-0.03519958630204201, -0.011490533128380775, -0.9993141889572144, 1.4970016479492188], [0.5532693862915039, -0.8329434394836426, -0.009910685941576958, -1.1424560546875], [0.0, 0.0, 0.0, 1.0]], [[0.9469434022903442, 0.3190855085849762, -0.03850671648979187, -1.13427734375], [-0.026440801098942757, -0.042061515152454376, -0.9987651109695435, 1.5883469581604004], [-0.3203110992908478, 0.9467921257019043, -0.03139299526810646, -0.1070556640625], [0.0, 0.0, 0.0, 1.0]], [[0.0013427119702100754, 0.9994851350784302, -0.03205586224794388, 0.0020751953125], [-0.051894597709178925, -0.03194305673241615, -0.9981415867805481, 1.5755348205566406], [-0.9986516833305359, 0.003003742778673768, 0.051824990659952164, -0.0718994140625], [0.0, 0.0, 0.0, 1.0]], [[-0.9348936080932617, 0.35471904277801514, 0.012175929732620716, 1.0062255859375], [-0.01930120401084423, -0.01655559241771698, -0.9996766448020935, 1.5487966537475586], [-0.3544027805328369, -0.9348263740539551, 0.022324226796627045, -0.11138916015625], [0.0, 0.0, 0.0, 1.0]]], "view": [[0.0, -2.0, 100.0], [-2.0, 0.0, 100.0], [0.0, 0.0, 1.0]], "bev": "bev_e5fd1a6e14a448a1aba85e60b763f605.png", "aux": "aux_e5fd1a6e14a448a1aba85e60b763f605.npz", "visibility": "visibility_e5fd1a6e14a448a1aba85e60b763f605.png", "pose": [[0.006987931206822395, 0.9999755620956421, 0.0, 909.5523071289062], [-0.9999755620956421, 0.006987931206822395, 0.0, 1628.9158935546875], [0.0, 0.0, 1.0, 0.0], [0.0, 0.0, 0.0, 1.0]], "pose_inverse": [[0.006987931206822395, -0.9999755620956421, 0.0, 1622.520263671875], [0.9999755620956421, 0.006987931206822395, 0.0, -920.912841796875], [0.0, 0.0, 1.0, 0.0], [0.0, 0.0, 0.0, 1.0]], "cam_ids": [0, 1, 2, 3, 4, 5], "cam_channels": ["CAM_FRONT_LEFT", "CAM_FRONT", "CAM_FRONT_RIGHT", "CAM_BACK_LEFT", "CAM_BACK", "CAM_BACK_RIGHT"], "token": "e5fd1a6e14a448a1aba85e60b763f605", "scene": "scene-0028"}, {"images": ["samples/CAM_FRONT_LEFT/n015-2018-07-18-11-50-34+0800__CAM_FRONT_LEFT__1531886139004844.jpg", "samples/CAM_FRONT/n015-2018-07-18-11-50-34+0800__CAM_FRONT__1531886139012467.jpg", "samples/CAM_FRONT_RIGHT/n015-2018-07-18-11-50-34+0800__CAM_FRONT_RIGHT__1531886139020339.jpg", "samples/CAM_BACK_LEFT/n015-2018-07-18-11-50-34+0800__CAM_BACK_LEFT__1531886139047423.jpg", "samples/CAM_BACK/n015-2018-07-18-11-50-34+0800__CAM_BACK__1531886139037525.jpg", "samples/CAM_BACK_RIGHT/n015-2018-07-18-11-50-34+0800__CAM_BACK_RIGHT__1531886139027893.jpg"], "intrinsics": [[[1272.5979470598488, 0.0, 826.6154927353808], [0.0, 1272.5979470598488, 479.75165386361925], [0.0, 0.0, 1.0]], [[1266.417203046554, 0.0, 816.2670197447984], [0.0, 1266.417203046554, 491.50706579294757], [0.0, 0.0, 1.0]], [[1260.8474446004698, 0.0, 807.968244525554], [0.0, 1260.8474446004698, 495.3344268742088], [0.0, 0.0, 1.0]], [[1256.7414812095406, 0.0, 792.1125740759628], [0.0, 1256.7414812095406, 492.7757465151356], [0.0, 0.0, 1.0]], [[809.2209905677063, 0.0, 829.2196003259838], [0.0, 809.2209905677063, 481.77842384512485], [0.0, 0.0, 1.0]], [[1259.5137405846733, 0.0, 807.2529053838625], [0.0, 1259.5137405846733, 501.19579884916527], [0.0, 0.0, 1.0]]], "extrinsics": [[[0.8207700848579407, -0.5710209012031555, -0.016479745507240295, -0.7281494140625], [-0.04001203179359436, -0.028687074780464172, -0.9987873435020447, 1.4967308044433594], [0.5698556303977966, 0.8204340934753418, -0.046393200755119324, -1.1164703369140625], [0.0, 0.0, 0.0, 1.0]], [[0.00702229468151927, -0.9994426965713501, 0.032634880393743515, 0.00726318359375], [-0.045553624629974365, -0.03292153775691986, -0.9984193444252014, 1.5097274780273438], [0.99893718957901, 0.005524555686861277, -0.045759417116642, -1.4549560546875], [0.0, 0.0, 0.0, 1.0]], [[-0.8318892121315002, -0.5533280372619629, 0.042290035635232925, 0.87835693359375], [-0.04021487757563591, -0.015896819531917572, -0.999064564704895, 1.4961891174316406], [0.553482711315155, -0.832811713218689, -0.009027624502778053, -1.1456298828125], [0.0, 0.0, 0.0, 1.0]], [[0.9466971755027771, 0.31886762380599976, -0.04569193720817566, -1.1357421875], [-0.032433975487947464, -0.04676773399114609, -0.9983790516853333, 1.5883259773254395], [-0.3204876780509949, 0.9466447234153748, -0.03393274545669556, -0.1058349609375], [0.0, 0.0, 0.0, 1.0]], [[0.0009140936308540404, 0.9993257522583008, -0.036704592406749725, 0.00262451171875], [-0.05751343071460724, -0.036591317504644394, -0.9976739287376404, 1.5752410888671875], [-0.9983442425727844, 0.0030229748226702213, 0.05744120106101036, -0.06982421875], [0.0, 0.0, 0.0, 1.0]], [[-0.9349191784858704, 0.35452067852020264, 0.015533681958913803, 1.0096435546875], [-0.024597883224487305, -0.021074946969747543, -0.9994752407073975, 1.5481243133544922], [-0.3540073037147522, -0.9348106980323792, 0.02842382900416851, -0.11126708984375], [0.0, 0.0, 0.0, 1.0]]], "view": [[0.0, -2.0, 100.0], [-2.0, 0.0, 100.0], [0.0, 0.0, 1.0]], "bev": "bev_69900a0493514f279e1d160de412f568.png", "aux": "aux_69900a0493514f279e1d160de412f568.npz", "visibility": "visibility_69900a0493514f279e1d160de412f568.png", "pose": [[0.009380346164107323, 0.9999560117721558, 0.0, 909.570556640625], [-0.9999560117721558, 0.009380346164107323, 0.0, 1626.2188720703125], [0.0, 0.0, 1.0, 0.0], [0.0, 0.0, 0.0, 1.0]], "pose_inverse": [[0.009380346164107323, -0.9999560117721558, 0.0, 1617.615234375], [0.9999560117721558, 0.009380346164107323, 0.0, -924.7850341796875], [0.0, 0.0, 1.0, 0.0], [0.0, 0.0, 0.0, 1.0]], "cam_ids": [0, 1, 2, 3, 4, 5], "cam_channels": ["CAM_FRONT_LEFT", "CAM_FRONT", "CAM_FRONT_RIGHT", "CAM_BACK_LEFT", "CAM_BACK", "CAM_BACK_RIGHT"], "token": "69900a0493514f279e1d160de412f568", "scene": "scene-0028"}, {"images": ["samples/CAM_FRONT_LEFT/n015-2018-07-18-11-50-34+0800__CAM_FRONT_LEFT__1531886139504844.jpg", "samples/CAM_FRONT/n015-2018-07-18-11-50-34+0800__CAM_FRONT__1531886139512478.jpg", "samples/CAM_FRONT_RIGHT/n015-2018-07-18-11-50-34+0800__CAM_FRONT_RIGHT__1531886139520349.jpg", "samples/CAM_BACK_LEFT/n015-2018-07-18-11-50-34+0800__CAM_BACK_LEFT__1531886139547423.jpg", "samples/CAM_BACK/n015-2018-07-18-11-50-34+0800__CAM_BACK__1531886139537525.jpg", "samples/CAM_BACK_RIGHT/n015-2018-07-18-11-50-34+0800__CAM_BACK_RIGHT__1531886139528099.jpg"], "intrinsics": [[[1272.5979470598488, 0.0, 826.6154927353808], [0.0, 1272.5979470598488, 479.75165386361925], [0.0, 0.0, 1.0]], [[1266.417203046554, 0.0, 816.2670197447984], [0.0, 1266.417203046554, 491.50706579294757], [0.0, 0.0, 1.0]], [[1260.8474446004698, 0.0, 807.968244525554], [0.0, 1260.8474446004698, 495.3344268742088], [0.0, 0.0, 1.0]], [[1256.7414812095406, 0.0, 792.1125740759628], [0.0, 1256.7414812095406, 492.7757465151356], [0.0, 0.0, 1.0]], [[809.2209905677063, 0.0, 829.2196003259838], [0.0, 809.2209905677063, 481.77842384512485], [0.0, 0.0, 1.0]], [[1259.5137405846733, 0.0, 807.2529053838625], [0.0, 1259.5137405846733, 501.19579884916527], [0.0, 0.0, 1.0]]], "extrinsics": [[[0.8206920623779297, -0.5708397030830383, -0.02462540566921234, -0.7415771484375], [-0.04974253103137016, -0.02844645082950592, -0.9983569383621216, 1.4948348999023438], [0.5692012906074524, 0.8205685615539551, -0.05174079164862633, -1.1277923583984375], [0.0, 0.0, 0.0, 1.0]], [[0.007483792956918478, -0.9994567036628723, 0.032094620168209076, 0.0084228515625], [-0.05497407913208008, -0.03245819732546806, -0.9979601502418518, 1.508331298828125], [0.9984597563743591, 0.005704152397811413, -0.055187128484249115, -1.4696044921875], [0.0, 0.0, 0.0, 1.0]], [[-0.831415057182312, -0.5534433126449585, 0.04949025437235832, 0.88836669921875], [-0.0493268221616745, -0.015201577916741371, -0.9986670017242432, 1.4950942993164062], [0.5534579753875732, -0.8327480554580688, -0.014660780318081379, -1.1514892578125], [0.0, 0.0, 0.0, 1.0]], [[0.9462568163871765, 0.3190445899963379, -0.052995238453149796, -1.1378173828125], [-0.04063233733177185, -0.04528653249144554, -0.9981473684310913, 1.5883922576904297], [-0.32085344195365906, 0.9466570019721985, -0.029889170080423355, -0.10595703125], [0.0, 0.0, 0.0, 1.0]], [[0.0006108867819420993, 0.9993695616722107, -0.035498153418302536, 0.00238037109375], [-0.06595215946435928, -0.03538060560822487, -0.9971953630447388, 1.574981689453125], [-0.9978225231170654, 0.002950353315100074, 0.06588897109031677, -0.0645751953125], [0.0, 0.0, 0.0, 1.0]], [[-0.9347639083862305, 0.35445162653923035, 0.02409430406987667, 1.0186767578125], [-0.03339986875653267, -0.020157983526587486, -0.9992387890815735, 1.547271728515625], [-0.35369613766670227, -0.9348570704460144, 0.030681591480970383, -0.107147216796875], [0.0, 0.0, 0.0, 1.0]]], "view": [[0.0, -2.0, 100.0], [-2.0, 0.0, 100.0], [0.0, 0.0, 1.0]], "bev": "bev_f4855427349f4c33998ed4bacdf74e20.png", "aux": "aux_f4855427349f4c33998ed4bacdf74e20.npz", "visibility": "visibility_f4855427349f4c33998ed4bacdf74e20.png", "pose": [[0.008656638674438, 0.9999625086784363, 0.0, 909.5874633789062], [-0.9999625086784363, 0.008656638674438, 0.0, 1623.020263671875], [0.0, 0.0, 1.0, 0.0], [0.0, 0.0, 0.0, 1.0]], "pose_inverse": [[0.008656638674438, -0.9999625086784363, 0.0, 1615.08544921875], [0.9999625086784363, 0.008656638674438, 0.0, -923.603271484375], [0.0, 0.0, 1.0, 0.0], [0.0, 0.0, 0.0, 1.0]], "cam_ids": [0, 1, 2, 3, 4, 5], "cam_channels": ["CAM_FRONT_LEFT", "CAM_FRONT", "CAM_FRONT_RIGHT", "CAM_BACK_LEFT", "CAM_BACK", "CAM_BACK_RIGHT"], "token": "f4855427349f4c33998ed4bacdf74e20", "scene": "scene-0028"}, {"images": ["samples/CAM_FRONT_LEFT/n015-2018-07-18-11-50-34+0800__CAM_FRONT_LEFT__1531886140004844.jpg", "samples/CAM_FRONT/n015-2018-07-18-11-50-34+0800__CAM_FRONT__1531886140012465.jpg", "samples/CAM_FRONT_RIGHT/n015-2018-07-18-11-50-34+0800__CAM_FRONT_RIGHT__1531886140020339.jpg", "samples/CAM_BACK_LEFT/n015-2018-07-18-11-50-34+0800__CAM_BACK_LEFT__1531886140047423.jpg", "samples/CAM_BACK/n015-2018-07-18-11-50-34+0800__CAM_BACK__1531886140037525.jpg", "samples/CAM_BACK_RIGHT/n015-2018-07-18-11-50-34+0800__CAM_BACK_RIGHT__1531886140027893.jpg"], "intrinsics": [[[1272.5979470598488, 0.0, 826.6154927353808], [0.0, 1272.5979470598488, 479.75165386361925], [0.0, 0.0, 1.0]], [[1266.417203046554, 0.0, 816.2670197447984], [0.0, 1266.417203046554, 491.50706579294757], [0.0, 0.0, 1.0]], [[1260.8474446004698, 0.0, 807.968244525554], [0.0, 1260.8474446004698, 495.3344268742088], [0.0, 0.0, 1.0]], [[1256.7414812095406, 0.0, 792.1125740759628], [0.0, 1256.7414812095406, 492.7757465151356], [0.0, 0.0, 1.0]], [[809.2209905677063, 0.0, 829.2196003259838], [0.0, 809.2209905677063, 481.77842384512485], [0.0, 0.0, 1.0]], [[1259.5137405846733, 0.0, 807.2529053838625], [0.0, 1259.5137405846733, 501.19579884916527], [0.0, 0.0, 1.0]]], "extrinsics": [[[0.8209086060523987, -0.5708025097846985, -0.01713644713163376, -0.7576904296875], [-0.03963018208742142, -0.027007635682821274, -0.9988493919372559, 1.4982948303222656], [0.5696828365325928, 0.8206431865692139, -0.044791802763938904, -1.1375732421875], [0.0, 0.0, 0.0, 1.0]], [[0.007152103818953037, -0.9995071291923523, 0.030566619709134102, 0.00738525390625], [-0.04473009333014488, -0.030856581404805183, -0.9985224604606628, 1.5112838745117188], [0.9989734888076782, 0.005774288438260555, -0.04492872953414917, -1.4849853515625], [0.0, 0.0, 0.0, 1.0]], [[-0.8318971395492554, -0.5534967184066772, 0.039857059717178345, 0.8983154296875], [-0.03893545642495155, -0.013429074548184872, -0.9991514682769775, 1.4973640441894531], [0.5535622239112854, -0.8327431678771973, -0.010379033163189888, -1.1588134765625], [0.0, 0.0, 0.0, 1.0]], [[0.9468849301338196, 0.31884944438934326, -0.041761402040719986, -1.1390380859375], [-0.029566187411546707, -0.042994383722543716, -0.9986377358436584, 1.5884528160095215], [-0.32021063566207886, 0.9468297362327576, -0.03128356859087944, -0.1044921875], [0.0, 0.0, 0.0, 1.0]], [[0.0010596916545182467, 0.9994423985481262, -0.03337091580033302, 0.00250244140625], [-0.05521143972873688, -0.033261556178331375, -0.9979205131530762, 1.5759696960449219], [-0.99847412109375, 0.002899944083765149, 0.05514540523290634, -0.0596923828125], [0.0, 0.0, 0.0, 1.0]], [[-0.9349513053894043, 0.3544619083404541, 0.014928700402379036, 1.0260009765625], [-0.02286565490067005, -0.018213395029306412, -0.9995726346969604, 1.5487709045410156], [-0.3540385067462921, -0.9348930716514587, 0.025133639574050903, -0.104827880859375], [0.0, 0.0, 0.0, 1.0]]], "view": [[0.0, -2.0, 100.0], [-2.0, 0.0, 100.0], [0.0, 0.0, 1.0]], "bev": "bev_48676dfadb7e4abfacd4ec684182fbdb.png", "aux": "aux_48676dfadb7e4abfacd4ec684182fbdb.npz", "visibility": "visibility_48676dfadb7e4abfacd4ec684182fbdb.png", "pose": [[0.006507933139801025, 0.9999788403511047, 0.0, 909.602783203125], [-0.9999788403511047, 0.006507933139801025, 0.0, 1620.0303955078125], [0.0, 0.0, 1.0, 0.0], [0.0, 0.0, 0.0, 1.0]], "pose_inverse": [[0.006507933139801025, -0.9999788403511047, 0.0, 1614.076416015625], [0.9999788403511047, 0.006507933139801025, 0.0, -920.1265869140625], [0.0, 0.0, 1.0, 0.0], [0.0, 0.0, 0.0, 1.0]], "cam_ids": [0, 1, 2, 3, 4, 5], "cam_channels": ["CAM_FRONT_LEFT", "CAM_FRONT", "CAM_FRONT_RIGHT", "CAM_BACK_LEFT", "CAM_BACK", "CAM_BACK_RIGHT"], "token": "48676dfadb7e4abfacd4ec684182fbdb", "scene": "scene-0028"}, {"images": ["samples/CAM_FRONT_LEFT/n015-2018-07-18-11-50-34+0800__CAM_FRONT_LEFT__1531886140404844.jpg", "samples/CAM_FRONT/n015-2018-07-18-11-50-34+0800__CAM_FRONT__1531886140412464.jpg", "samples/CAM_FRONT_RIGHT/n015-2018-07-18-11-50-34+0800__CAM_FRONT_RIGHT__1531886140420339.jpg", "samples/CAM_BACK_LEFT/n015-2018-07-18-11-50-34+0800__CAM_BACK_LEFT__1531886140447423.jpg", "samples/CAM_BACK/n015-2018-07-18-11-50-34+0800__CAM_BACK__1531886140437525.jpg", "samples/CAM_BACK_RIGHT/n015-2018-07-18-11-50-34+0800__CAM_BACK_RIGHT__1531886140427893.jpg"], "intrinsics": [[[1272.5979470598488, 0.0, 826.6154927353808], [0.0, 1272.5979470598488, 479.75165386361925], [0.0, 0.0, 1.0]], [[1266.417203046554, 0.0, 816.2670197447984], [0.0, 1266.417203046554, 491.50706579294757], [0.0, 0.0, 1.0]], [[1260.8474446004698, 0.0, 807.968244525554], [0.0, 1260.8474446004698, 495.3344268742088], [0.0, 0.0, 1.0]], [[1256.7414812095406, 0.0, 792.1125740759628], [0.0, 1256.7414812095406, 492.7757465151356], [0.0, 0.0, 1.0]], [[809.2209905677063, 0.0, 829.2196003259838], [0.0, 809.2209905677063, 481.77842384512485], [0.0, 0.0, 1.0]], [[1259.5137405846733, 0.0, 807.2529053838625], [0.0, 1259.5137405846733, 501.19579884916527], [0.0, 0.0, 1.0]]], "extrinsics": [[[0.8211693167686462, -0.5701842904090881, -0.023890072479844093, -0.775390625], [-0.0413999930024147, -0.01776721514761448, -0.998984694480896, 1.4987640380859375], [0.5691808462142944, 0.8213247060775757, -0.038195520639419556, -1.15069580078125], [0.0, 0.0, 0.0, 1.0]], [[0.007584419101476669, -0.9997347593307495, 0.021741142496466637, 0.00787353515625], [-0.04673156514763832, -0.02207236923277378, -0.998663604259491, 1.5116996765136719], [0.9988785982131958, 0.006558286491781473, -0.04688658565282822, -1.5028076171875], [0.0, 0.0, 0.0, 1.0]], [[-0.8316795825958252, -0.5540141463279724, 0.037112705409526825, 0.90960693359375], [-0.04118464142084122, -0.005105102434754372, -0.9991384744644165, 1.4975395202636719], [0.5537263751029968, -0.8324915170669556, -0.018571065738797188, -1.1656494140625], [0.0, 0.0, 0.0, 1.0]], [[0.946816086769104, 0.31898170709609985, -0.04230792820453644, -1.1385498046875], [-0.03244498744606972, -0.036172956228256226, -0.9988186955451965, 1.5884342193603516], [-0.3201352655887604, 0.947070300579071, -0.023899782449007034, -0.1053466796875], [0.0, 0.0, 0.0, 1.0]], [[0.0010503382654860616, 0.9996601343154907, -0.026050187647342682, 0.00244140625], [-0.057901881635189056, -0.025945700705051422, -0.9979850649833679, 1.5760269165039062], [-0.9983216524124146, 0.0025565768592059612, 0.05785495042800903, -0.0560302734375], [0.0, 0.0, 0.0, 1.0]], [[-0.9349443316459656, 0.3542289733886719, 0.020024510100483894, 1.0345458984375], [-0.025325171649456024, -0.010334022343158722, -0.9996258616447449, 1.5487041473388672], [-0.35388949513435364, -0.9351015686988831, 0.018632644787430763, -0.101318359375], [0.0, 0.0, 0.0, 1.0]]], "view": [[0.0, -2.0, 100.0], [-2.0, 0.0, 100.0], [0.0, 0.0, 1.0]], "bev": "bev_e11dfc749a174c5b9c04807dd44048eb.png", "aux": "aux_e11dfc749a174c5b9c04807dd44048eb.npz", "visibility": "visibility_e11dfc749a174c5b9c04807dd44048eb.png", "pose": [[-0.003039689501747489, 0.9999953508377075, 0.0, 909.5936889648438], [-0.9999953508377075, -0.003039689501747489, 0.0, 1617.811279296875], [0.0, 0.0, 1.0, 0.0], [0.0, 0.0, 0.0, 1.0]], "pose_inverse": [[-0.003039689501747489, -0.9999953508377075, 0.0, 1620.5687255859375], [0.9999953508377075, -0.003039689501747489, 0.0, -904.6718139648438], [0.0, 0.0, 1.0, 0.0], [0.0, 0.0, 0.0, 1.0]], "cam_ids": [0, 1, 2, 3, 4, 5], "cam_channels": ["CAM_FRONT_LEFT", "CAM_FRONT", "CAM_FRONT_RIGHT", "CAM_BACK_LEFT", "CAM_BACK", "CAM_BACK_RIGHT"], "token": "e11dfc749a174c5b9c04807dd44048eb", "scene": "scene-0028"}, {"images": ["samples/CAM_FRONT_LEFT/n015-2018-07-18-11-50-34+0800__CAM_FRONT_LEFT__1531886140904844.jpg", "samples/CAM_FRONT/n015-2018-07-18-11-50-34+0800__CAM_FRONT__1531886140912465.jpg", "samples/CAM_FRONT_RIGHT/n015-2018-07-18-11-50-34+0800__CAM_FRONT_RIGHT__1531886140920339.jpg", "samples/CAM_BACK_LEFT/n015-2018-07-18-11-50-34+0800__CAM_BACK_LEFT__1531886140947423.jpg", "samples/CAM_BACK/n015-2018-07-18-11-50-34+0800__CAM_BACK__1531886140937525.jpg", "samples/CAM_BACK_RIGHT/n015-2018-07-18-11-50-34+0800__CAM_BACK_RIGHT__1531886140927893.jpg"], "intrinsics": [[[1272.5979470598488, 0.0, 826.6154927353808], [0.0, 1272.5979470598488, 479.75165386361925], [0.0, 0.0, 1.0]], [[1266.417203046554, 0.0, 816.2670197447984], [0.0, 1266.417203046554, 491.50706579294757], [0.0, 0.0, 1.0]], [[1260.8474446004698, 0.0, 807.968244525554], [0.0, 1260.8474446004698, 495.3344268742088], [0.0, 0.0, 1.0]], [[1256.7414812095406, 0.0, 792.1125740759628], [0.0, 1256.7414812095406, 492.7757465151356], [0.0, 0.0, 1.0]], [[809.2209905677063, 0.0, 829.2196003259838], [0.0, 809.2209905677063, 481.77842384512485], [0.0, 0.0, 1.0]], [[1259.5137405846733, 0.0, 807.2529053838625], [0.0, 1259.5137405846733, 501.19579884916527], [0.0, 0.0, 1.0]]], "extrinsics": [[[0.8217388987541199, -0.5692583322525024, -0.026269128546118736, -0.789794921875], [-0.039487406611442566, -0.010893573053181171, -0.999160647392273, 1.4999122619628906], [0.5684943795204163, 0.82208651304245, -0.031430210918188095, -1.1615753173828125], [0.0, 0.0, 0.0, 1.0]], [[0.008202488534152508, -0.9998602867126465, 0.014563308097422123, 0.0081787109375], [-0.04455866292119026, -0.01491479855030775, -0.9988954663276672, 1.5127830505371094], [0.9989731311798096, 0.0075445049442350864, -0.04467477276921272, -1.5179443359375], [0.0, 0.0, 0.0, 1.0]], [[-0.8315350413322449, -0.554610013961792, 0.030939774587750435, 0.919677734375], [-0.03875188156962395, 0.002356786048039794, -0.9992460608482361, 1.4983558654785156], [0.5541190505027771, -0.8321070075035095, -0.02345193177461624, -1.1719970703125], [0.0, 0.0, 0.0, 1.0]], [[0.9470860362052917, 0.3188570737838745, -0.036853477358818054, -1.1368408203125], [-0.029370255768299103, -0.028246847912669182, -0.9991693496704102, 1.588399887084961], [-0.3196331858634949, 0.947381854057312, -0.017387283965945244, -0.1058349609375], [0.0, 0.0, 0.0, 1.0]], [[0.0011644186452031136, 0.9998341798782349, -0.01817314513027668, 0.00201416015625], [-0.05499289557337761, -0.018081631511449814, -0.9983230233192444, 1.5764694213867188], [-0.9984861016273499, 0.0021618586033582687, 0.05496272072196007, -0.0509033203125], [0.0, 0.0, 0.0, 1.0]], [[-0.935070812702179, 0.35388118028640747, 0.0202670656144619, 1.0426025390625], [-0.022662928327918053, -0.002627023495733738, -0.9997397065162659, 1.5491943359375], [-0.35373586416244507, -0.9352867007255554, 0.010476436465978622, -0.09771728515625], [0.0, 0.0, 0.0, 1.0]]], "view": [[0.0, -2.0, 100.0], [-2.0, 0.0, 100.0], [0.0, 0.0, 1.0]], "bev": "bev_03f0ff95697543d2a63bf2ecc88c2f14.png", "aux": "aux_03f0ff95697543d2a63bf2ecc88c2f14.npz", "visibility": "visibility_03f0ff95697543d2a63bf2ecc88c2f14.png", "pose": [[-0.023476947098970413, 0.9997243881225586, 0.0, 909.5525512695312], [-0.9997243881225586, -0.023476947098970413, 0.0, 1615.2342529296875], [0.0, 0.0, 1.0, 0.0], [0.0, 0.0, 0.0, 1.0]], "pose_inverse": [[-0.023476947098970413, -0.9997243881225586, 0.0, 1636.142578125], [0.9997243881225586, -0.023476947098970413, 0.0, -871.381103515625], [0.0, 0.0, 1.0, 0.0], [0.0, 0.0, 0.0, 1.0]], "cam_ids": [0, 1, 2, 3, 4, 5], "cam_channels": ["CAM_FRONT_LEFT", "CAM_FRONT", "CAM_FRONT_RIGHT", "CAM_BACK_LEFT", "CAM_BACK", "CAM_BACK_RIGHT"], "token": "03f0ff95697543d2a63bf2ecc88c2f14", "scene": "scene-0028"}, {"images": ["samples/CAM_FRONT_LEFT/n015-2018-07-18-11-50-34+0800__CAM_FRONT_LEFT__1531886141504844.jpg", "samples/CAM_FRONT/n015-2018-07-18-11-50-34+0800__CAM_FRONT__1531886141512466.jpg", "samples/CAM_FRONT_RIGHT/n015-2018-07-18-11-50-34+0800__CAM_FRONT_RIGHT__1531886141520339.jpg", "samples/CAM_BACK_LEFT/n015-2018-07-18-11-50-34+0800__CAM_BACK_LEFT__1531886141547423.jpg", "samples/CAM_BACK/n015-2018-07-18-11-50-34+0800__CAM_BACK__1531886141537525.jpg", "samples/CAM_BACK_RIGHT/n015-2018-07-18-11-50-34+0800__CAM_BACK_RIGHT__1531886141527893.jpg"], "intrinsics": [[[1272.5979470598488, 0.0, 826.6154927353808], [0.0, 1272.5979470598488, 479.75165386361925], [0.0, 0.0, 1.0]], [[1266.417203046554, 0.0, 816.2670197447984], [0.0, 1266.417203046554, 491.50706579294757], [0.0, 0.0, 1.0]], [[1260.8474446004698, 0.0, 807.968244525554], [0.0, 1260.8474446004698, 495.3344268742088], [0.0, 0.0, 1.0]], [[1256.7414812095406, 0.0, 792.1125740759628], [0.0, 1256.7414812095406, 492.7757465151356], [0.0, 0.0, 1.0]], [[809.2209905677063, 0.0, 829.2196003259838], [0.0, 809.2209905677063, 481.77842384512485], [0.0, 0.0, 1.0]], [[1259.5137405846733, 0.0, 807.2529053838625], [0.0, 1259.5137405846733, 501.19579884916527], [0.0, 0.0, 1.0]]], "extrinsics": [[[0.8225741982460022, -0.5682140588760376, -0.022459017112851143, -0.8189697265625], [-0.03639274463057518, -0.013187890872359276, -0.9992505311965942, 1.5019187927246094], [0.5674920082092285, 0.8227750658988953, -0.03152688965201378, -1.183441162109375], [0.0, 0.0, 0.0, 1.0]], [[0.009249643422663212, -0.9998154044151306, 0.0168409813195467, 0.00921630859375], [-0.04185844212770462, -0.017214076593518257, -0.9989752769470215, 1.5145301818847656], [0.9990807175636292, 0.008535214699804783, -0.04200994223356247, -1.5477294921875], [0.0, 0.0, 0.0, 1.0]], [[-0.8311339020729065, -0.555246114730835, 0.030302222818136215, 0.93975830078125], [-0.03647780045866966, 6.462626333814114e-05, -0.9993343949317932, 1.4995155334472656], [0.5548745393753052, -0.8316860198974609, -0.0203078705817461, -1.1837158203125], [0.0, 0.0, 0.0, 1.0]], [[0.9471321702003479, 0.31876739859580994, -0.03644053637981415, -1.1390380859375], [-0.028366105630993843, -0.029937440529465675, -0.9991491436958313, 1.5884876251220703], [-0.3195871412754059, 0.9473600387573242, -0.019312525168061256, -0.1060791015625], [0.0, 0.0, 0.0, 1.0]], [[0.000845324422698468, 0.9997961521148682, -0.02017669752240181, 0.00103759765625], [-0.0535641685128212, -0.020102471113204956, -0.9983620643615723, 1.5770187377929688], [-0.9985640645027161, 0.0019246814772486687, 0.05353625491261482, -0.04248046875], [0.0, 0.0, 0.0, 1.0]], [[-0.9353302121162415, 0.353331983089447, 0.017715975642204285, 1.057373046875], [-0.020769447088241577, -0.004851944278925657, -0.9997724890708923, 1.549734115600586], [-0.3531656563282013, -0.9354854226112366, 0.011876679956912994, -0.090728759765625], [0.0, 0.0, 0.0, 1.0]]], "view": [[0.0, -2.0, 100.0], [-2.0, 0.0, 100.0], [0.0, 0.0, 1.0]], "bev": "bev_be4d6ffa6ec14e9ab422a1c6f74c8818.png", "aux": "aux_be4d6ffa6ec14e9ab422a1c6f74c8818.npz", "visibility": "visibility_be4d6ffa6ec14e9ab422a1c6f74c8818.png", "pose": [[-0.07339984178543091, 0.9973025918006897, 0.0, 909.409912109375], [-0.9973025918006897, -0.07339984178543091, 0.0, 1612.609130859375], [0.0, 0.0, 1.0, 0.0], [0.0, 0.0, 0.0, 1.0]], "pose_inverse": [[-0.07339984178543091, -0.9973025918006897, 0.0, 1675.009765625], [0.9973025918006897, -0.07339984178543091, 0.0, -788.5916137695312], [0.0, 0.0, 1.0, 0.0], [0.0, 0.0, 0.0, 1.0]], "cam_ids": [0, 1, 2, 3, 4, 5], "cam_channels": ["CAM_FRONT_LEFT", "CAM_FRONT", "CAM_FRONT_RIGHT", "CAM_BACK_LEFT", "CAM_BACK", "CAM_BACK_RIGHT"], "token": "be4d6ffa6ec14e9ab422a1c6f74c8818", "scene": "scene-0028"}, {"images": ["samples/CAM_FRONT_LEFT/n015-2018-07-18-11-50-34+0800__CAM_FRONT_LEFT__1531886142004844.jpg", "samples/CAM_FRONT/n015-2018-07-18-11-50-34+0800__CAM_FRONT__1531886142012560.jpg", "samples/CAM_FRONT_RIGHT/n015-2018-07-18-11-50-34+0800__CAM_FRONT_RIGHT__1531886142020382.jpg", "samples/CAM_BACK_LEFT/n015-2018-07-18-11-50-34+0800__CAM_BACK_LEFT__1531886142047423.jpg", "samples/CAM_BACK/n015-2018-07-18-11-50-34+0800__CAM_BACK__1531886142037525.jpg", "samples/CAM_BACK_RIGHT/n015-2018-07-18-11-50-34+0800__CAM_BACK_RIGHT__1531886142027893.jpg"], "intrinsics": [[[1272.5979470598488, 0.0, 826.6154927353808], [0.0, 1272.5979470598488, 479.75165386361925], [0.0, 0.0, 1.0]], [[1266.417203046554, 0.0, 816.2670197447984], [0.0, 1266.417203046554, 491.50706579294757], [0.0, 0.0, 1.0]], [[1260.8474446004698, 0.0, 807.968244525554], [0.0, 1260.8474446004698, 495.3344268742088], [0.0, 0.0, 1.0]], [[1256.7414812095406, 0.0, 792.1125740759628], [0.0, 1256.7414812095406, 492.7757465151356], [0.0, 0.0, 1.0]], [[809.2209905677063, 0.0, 829.2196003259838], [0.0, 809.2209905677063, 481.77842384512485], [0.0, 0.0, 1.0]], [[1259.5137405846733, 0.0, 807.2529053838625], [0.0, 1259.5137405846733, 501.19579884916527], [0.0, 0.0, 1.0]]], "extrinsics": [[[0.8223744034767151, -0.5680733919143677, -0.03151317685842514, -0.828857421875], [-0.04512808099389076, -0.009915359318256378, -0.9989320039749146, 1.5008316040039062], [0.5671542882919312, 0.822918176651001, -0.03379019349813461, -1.187957763671875], [0.0, 0.0, 0.0, 1.0]], [[0.009488146752119064, -0.9998652935028076, 0.013397072441875935, 0.0074462890625], [-0.050575871020555496, -0.013860378414392471, -0.9986240863800049, 1.5136947631835938], [0.9986751079559326, 0.008797497488558292, -0.05070056393742561, -1.5567626953125], [0.0, 0.0, 0.0, 1.0]], [[-0.8307879567146301, -0.5554476380348206, 0.03562640771269798, 0.9449462890625], [-0.04518140107393265, 0.0035041235387325287, -0.9989725947380066, 1.4988632202148438], [0.5547521114349365, -0.8315441608428955, -0.028007082641124725, -1.1890869140625], [0.0, 0.0, 0.0, 1.0]], [[0.9468062520027161, 0.3188481628894806, -0.04351675882935524, -1.13916015625], [-0.036996033042669296, -0.026481637731194496, -0.9989644885063171, 1.58843994140625], [-0.31967034935951233, 0.9474358558654785, -0.013276863843202591, -0.1048583984375], [0.0, 0.0, 0.0, 1.0]], [[0.000788442965131253, 0.9998608827590942, -0.016664862632751465, 0.0023193359375], [-0.06219131499528885, -0.016583580523729324, -0.9979264736175537, 1.5768356323242188], [-0.9980639815330505, 0.0018232016591355205, 0.06216958537697792, -0.0386962890625], [0.0, 0.0, 0.0, 1.0]], [[-0.9351409077644348, 0.35324087738990784, 0.02706199698150158, 1.0634765625], [-0.02943754382431507, -0.0013532100711017847, -0.9995657205581665, 1.5491828918457031], [-0.3530508577823639, -0.935531497001648, 0.011663983575999737, -0.09008026123046875], [0.0, 0.0, 0.0, 1.0]]], "view": [[0.0, -2.0, 100.0], [-2.0, 0.0, 100.0], [0.0, 0.0, 1.0]], "bev": "bev_29f1d24272df4ee289273295c188b759.png", "aux": "aux_29f1d24272df4ee289273295c188b759.npz", "visibility": "visibility_29f1d24272df4ee289273295c188b759.png", "pose": [[-0.1225125789642334, 0.9924669861793518, 0.0, 909.2000122070312], [-0.9924669861793518, -0.1225125789642334, 0.0, 1610.6702880859375], [0.0, 0.0, 1.0, 0.0], [0.0, 0.0, 0.0, 1.0]], "pose_inverse": [[-0.1225125789642334, -0.9924669861793518, 0.0, 1709.925537109375], [0.9924669861793518, -0.1225125789642334, 0.0, -705.0236206054688], [0.0, 0.0, 1.0, 0.0], [0.0, 0.0, 0.0, 1.0]], "cam_ids": [0, 1, 2, 3, 4, 5], "cam_channels": ["CAM_FRONT_LEFT", "CAM_FRONT", "CAM_FRONT_RIGHT", "CAM_BACK_LEFT", "CAM_BACK", "CAM_BACK_RIGHT"], "token": "29f1d24272df4ee289273295c188b759", "scene": "scene-0028"}, {"images": ["samples/CAM_FRONT_LEFT/n015-2018-07-18-11-50-34+0800__CAM_FRONT_LEFT__1531886142504844.jpg", "samples/CAM_FRONT/n015-2018-07-18-11-50-34+0800__CAM_FRONT__1531886142512467.jpg", "samples/CAM_FRONT_RIGHT/n015-2018-07-18-11-50-34+0800__CAM_FRONT_RIGHT__1531886142520339.jpg", "samples/CAM_BACK_LEFT/n015-2018-07-18-11-50-34+0800__CAM_BACK_LEFT__1531886142547423.jpg", "samples/CAM_BACK/n015-2018-07-18-11-50-34+0800__CAM_BACK__1531886142537525.jpg", "samples/CAM_BACK_RIGHT/n015-2018-07-18-11-50-34+0800__CAM_BACK_RIGHT__1531886142527893.jpg"], "intrinsics": [[[1272.5979470598488, 0.0, 826.6154927353808], [0.0, 1272.5979470598488, 479.75165386361925], [0.0, 0.0, 1.0]], [[1266.417203046554, 0.0, 816.2670197447984], [0.0, 1266.417203046554, 491.50706579294757], [0.0, 0.0, 1.0]], [[1260.8474446004698, 0.0, 807.968244525554], [0.0, 1260.8474446004698, 495.3344268742088], [0.0, 0.0, 1.0]], [[1256.7414812095406, 0.0, 792.1125740759628], [0.0, 1256.7414812095406, 492.7757465151356], [0.0, 0.0, 1.0]], [[809.2209905677063, 0.0, 829.2196003259838], [0.0, 809.2209905677063, 481.77842384512485], [0.0, 0.0, 1.0]], [[1259.5137405846733, 0.0, 807.2529053838625], [0.0, 1259.5137405846733, 501.19579884916527], [0.0, 0.0, 1.0]]], "extrinsics": [[[0.8216903209686279, -0.5684479475021362, -0.041132859885692596, -0.8297119140625], [-0.054844930768013, -0.00702898483723402, -0.99847012758255, 1.4993133544921875], [0.5672891736030579, 0.8226891160011292, -0.03695213794708252, -1.189239501953125], [0.0, 0.0, 0.0, 1.0]], [[0.009011794812977314, -0.9999046325683594, 0.010455929674208164, 0.008056640625], [-0.06019577756524086, -0.010979857295751572, -0.998126208782196, 1.512451171875], [0.9981458783149719, 0.008365516550838947, -0.060288991779088974, -1.5579833984375], [0.0, 0.0, 0.0, 1.0]], [[-0.8307386040687561, -0.5550785660743713, 0.04196520522236824, 0.946044921875], [-0.05469854921102524, 0.006375078111886978, -0.9984825253486633, 1.4979019165039062], [0.5539687871932983, -0.8317735195159912, -0.03565801680088043, -1.1895751953125], [0.0, 0.0, 0.0, 1.0]], [[0.9464830756187439, 0.31866440176963806, -0.05121303349733353, -1.1417236328125], [-0.046095430850982666, -0.023585261777043343, -0.9986585974693298, 1.588531494140625], [-0.31944480538368225, 0.9475741982460022, -0.007634079549461603, -0.104248046875], [0.0, 0.0, 0.0, 1.0]], [[0.0010462281061336398, 0.9999039173126221, -0.013823259621858597, 0.00201416015625], [-0.07144156098365784, -0.01371320802718401, -0.9973505139350891, 1.5764999389648438], [-0.9974441528320312, 0.0020310126710683107, 0.0714203491806984, -0.0382080078125], [0.0, 0.0, 0.0, 1.0]], [[-0.9346634745597839, 0.3536170721054077, 0.0368657112121582, 1.064453125], [-0.0388440378010273, 0.001503713778220117, -0.9992441534996033, 1.5484771728515625], [-0.3534051477909088, -0.9353891015052795, 0.012330448254942894, -0.08960151672363281], [0.0, 0.0, 0.0, 1.0]]], "view": [[0.0, -2.0, 100.0], [-2.0, 0.0, 100.0], [0.0, 0.0, 1.0]], "bev": "bev_accfc202aad04ab88921c3f18f472e7c.png", "aux": "aux_accfc202aad04ab88921c3f18f472e7c.npz", "visibility": "visibility_accfc202aad04ab88921c3f18f472e7c.png", "pose": [[-0.16720592975616455, 0.9859219789505005, 0.0, 908.9024047851562], [-0.9859219789505005, -0.16720592975616455, 0.0, 1608.7530517578125], [0.0, 0.0, 1.0, 0.0], [0.0, 0.0, 0.0, 1.0]], "pose_inverse": [[-0.16720592975616455, -0.9859219789505005, 0.0, 1738.078857421875], [0.9859219789505005, -0.16720592975616455, 0.0, -627.1138305664062], [0.0, 0.0, 1.0, 0.0], [0.0, 0.0, 0.0, 1.0]], "cam_ids": [0, 1, 2, 3, 4, 5], "cam_channels": ["CAM_FRONT_LEFT", "CAM_FRONT", "CAM_FRONT_RIGHT", "CAM_BACK_LEFT", "CAM_BACK", "CAM_BACK_RIGHT"], "token": "accfc202aad04ab88921c3f18f472e7c", "scene": "scene-0028"}, {"images": ["samples/CAM_FRONT_LEFT/n015-2018-07-18-11-50-34+0800__CAM_FRONT_LEFT__1531886143004844.jpg", "samples/CAM_FRONT/n015-2018-07-18-11-50-34+0800__CAM_FRONT__1531886143012464.jpg", "samples/CAM_FRONT_RIGHT/n015-2018-07-18-11-50-34+0800__CAM_FRONT_RIGHT__1531886143020339.jpg", "samples/CAM_BACK_LEFT/n015-2018-07-18-11-50-34+0800__CAM_BACK_LEFT__1531886143047423.jpg", "samples/CAM_BACK/n015-2018-07-18-11-50-34+0800__CAM_BACK__1531886143037525.jpg", "samples/CAM_BACK_RIGHT/n015-2018-07-18-11-50-34+0800__CAM_BACK_RIGHT__1531886143027893.jpg"], "intrinsics": [[[1272.5979470598488, 0.0, 826.6154927353808], [0.0, 1272.5979470598488, 479.75165386361925], [0.0, 0.0, 1.0]], [[1266.417203046554, 0.0, 816.2670197447984], [0.0, 1266.417203046554, 491.50706579294757], [0.0, 0.0, 1.0]], [[1260.8474446004698, 0.0, 807.968244525554], [0.0, 1260.8474446004698, 495.3344268742088], [0.0, 0.0, 1.0]], [[1256.7414812095406, 0.0, 792.1125740759628], [0.0, 1256.7414812095406, 492.7757465151356], [0.0, 0.0, 1.0]], [[809.2209905677063, 0.0, 829.2196003259838], [0.0, 809.2209905677063, 481.77842384512485], [0.0, 0.0, 1.0]], [[1259.5137405846733, 0.0, 807.2529053838625], [0.0, 1259.5137405846733, 501.19579884916527], [0.0, 0.0, 1.0]]], "extrinsics": [[[0.8202021718025208, -0.5701218843460083, -0.04721663519740105, -0.8140869140625], [-0.057041946798563004, 0.0006206081598065794, -0.9983716011047363, 1.4977340698242188], [0.5692228674888611, 0.8215597867965698, -0.032011836767196655, -1.17486572265625], [0.0, 0.0, 0.0, 1.0]], [[0.006924477871507406, -0.9999721646308899, 0.00277405371889472, 0.005615234375], [-0.0621461421251297, -0.0031990958377718925, -0.9980619549751282, 1.5110702514648438], [0.9980430603027344, 0.006738663651049137, -0.06216655671596527, -1.54052734375], [0.0, 0.0, 0.0, 1.0]], [[-0.8316401243209839, -0.5539420247077942, 0.03902686387300491, 0.933349609375], [-0.05635496601462364, 0.01427258737385273, -0.9983087778091431, 1.4969482421875], [0.5524481534957886, -0.8324328660964966, -0.04308703914284706, -1.1832275390625], [0.0, 0.0, 0.0, 1.0]], [[0.9465545415878296, 0.3187437355518341, -0.04936564713716507, -1.139404296875], [-0.04694947227835655, -0.015263741835951805, -0.9987806081771851, 1.5884017944335938], [-0.3191085755825043, 0.94771808385849, 0.0005168852512724698, -0.1044921875], [0.0, 0.0, 0.0, 1.0]], [[0.0020027593709528446, 0.999981701374054, -0.005711922887712717, 0.00311279296875], [-0.07257867604494095, -0.0055515156127512455, -0.9973472952842712, 1.5760040283203125], [-0.9973607063293457, 0.002411994617432356, 0.07256621867418289, -0.0443115234375], [0.0, 0.0, 0.0, 1.0]], [[-0.9341098666191101, 0.3546217978000641, 0.0410144068300724, 1.05517578125], [-0.04026108607649803, 0.009505965746939182, -0.9991440176963806, 1.5479583740234375], [-0.3547080457210541, -0.9349615573883057, 0.005397837143391371, -0.09479522705078125], [0.0, 0.0, 0.0, 1.0]]], "view": [[0.0, -2.0, 100.0], [-2.0, 0.0, 100.0], [0.0, 0.0, 1.0]], "bev": "bev_1cd5675706444c709853445988445db8.png", "aux": "aux_1cd5675706444c709853445988445db8.npz", "visibility": "visibility_1cd5675706444c709853445988445db8.png", "pose": [[-0.19977842271327972, 0.9798411130905151, 0.0, 908.515625], [-0.9798411130905151, -0.19977842271327972, 0.0, 1606.712890625], [0.0, 0.0, 1.0, 0.0], [0.0, 0.0, 0.0, 1.0]], "pose_inverse": [[-0.19977842271327972, -0.9798411130905151, 0.0, 1755.8251953125], [0.9798411130905151, -0.19977842271327972, 0.0, -569.21435546875], [0.0, 0.0, 1.0, 0.0], [0.0, 0.0, 0.0, 1.0]], "cam_ids": [0, 1, 2, 3, 4, 5], "cam_channels": ["CAM_FRONT_LEFT", "CAM_FRONT", "CAM_FRONT_RIGHT", "CAM_BACK_LEFT", "CAM_BACK", "CAM_BACK_RIGHT"], "token": "1cd5675706444c709853445988445db8", "scene": "scene-0028"}, {"images": ["samples/CAM_FRONT_LEFT/n015-2018-07-18-11-50-34+0800__CAM_FRONT_LEFT__1531886143504844.jpg", "samples/CAM_FRONT/n015-2018-07-18-11-50-34+0800__CAM_FRONT__1531886143512465.jpg", "samples/CAM_FRONT_RIGHT/n015-2018-07-18-11-50-34+0800__CAM_FRONT_RIGHT__1531886143520339.jpg", "samples/CAM_BACK_LEFT/n015-2018-07-18-11-50-34+0800__CAM_BACK_LEFT__1531886143547423.jpg", "samples/CAM_BACK/n015-2018-07-18-11-50-34+0800__CAM_BACK__1531886143537525.jpg", "samples/CAM_BACK_RIGHT/n015-2018-07-18-11-50-34+0800__CAM_BACK_RIGHT__1531886143527893.jpg"], "intrinsics": [[[1272.5979470598488, 0.0, 826.6154927353808], [0.0, 1272.5979470598488, 479.75165386361925], [0.0, 0.0, 1.0]], [[1266.417203046554, 0.0, 816.2670197447984], [0.0, 1266.417203046554, 491.50706579294757], [0.0, 0.0, 1.0]], [[1260.8474446004698, 0.0, 807.968244525554], [0.0, 1260.8474446004698, 495.3344268742088], [0.0, 0.0, 1.0]], [[1256.7414812095406, 0.0, 792.1125740759628], [0.0, 1256.7414812095406, 492.7757465151356], [0.0, 0.0, 1.0]], [[809.2209905677063, 0.0, 829.2196003259838], [0.0, 809.2209905677063, 481.77842384512485], [0.0, 0.0, 1.0]], [[1259.5137405846733, 0.0, 807.2529053838625], [0.0, 1259.5137405846733, 501.19579884916527], [0.0, 0.0, 1.0]]], "extrinsics": [[[0.8187756538391113, -0.572435736656189, -0.04385935515165329, -0.7972412109375], [-0.05147908627986908, 0.0028845055494457483, -0.9986699223518372, 1.4977874755859375], [0.5718008279800415, 0.8199445009231567, -0.02710670232772827, -1.16571044921875], [0.0, 0.0, 0.0, 1.0]], [[0.00453202985227108, -0.9999893307685852, 0.0008612745441496372, 0.00762939453125], [-0.056679874658584595, -0.001116776023991406, -0.9983918070793152, 1.511016845703125], [0.9983820915222168, 0.004475910682231188, -0.056684330105781555, -1.5245361328125], [0.0, 0.0, 0.0, 1.0]], [[-0.8328471183776855, -0.5524850487709045, 0.033555854111909866, 0.923583984375], [-0.05094202607870102, 0.016143446788191795, -0.9985710978507996, 1.496917724609375], [0.5511538982391357, -0.8333663940429688, -0.041589733213186264, -1.1748046875], [0.0, 0.0, 0.0, 1.0]], [[0.9468117356300354, 0.3187265694141388, -0.0442817248404026, -1.1357421875], [-0.04200940579175949, -0.014003516174852848, -0.9990190267562866, 1.5882644653320312], [-0.31903403997421265, 0.94774329662323, 0.0001308194041484967, -0.1060791015625], [0.0, 0.0, 0.0, 1.0]], [[0.0027519871946424246, 0.9999873042106628, -0.004241449292