[{"images": ["samples/CAM_FRONT_LEFT/n008-2018-09-18-15-26-58-0400__CAM_FRONT_LEFT__1537299466354799.jpg", "samples/CAM_FRONT/n008-2018-09-18-15-26-58-0400__CAM_FRONT__1537299466362404.jpg", "samples/CAM_FRONT_RIGHT/n008-2018-09-18-15-26-58-0400__CAM_FRONT_RIGHT__1537299466370482.jpg", "samples/CAM_BACK_LEFT/n008-2018-09-18-15-26-58-0400__CAM_BACK_LEFT__1537299466397405.jpg", "samples/CAM_BACK/n008-2018-09-18-15-26-58-0400__CAM_BACK__1537299466387558.jpg", "samples/CAM_BACK_RIGHT/n008-2018-09-18-15-26-58-0400__CAM_BACK_RIGHT__1537299466378113.jpg"], "intrinsics": [[[1257.8625342125129, 0.0, 827.2410631095686], [0.0, 1257.8625342125129, 450.915498205774], [0.0, 0.0, 1.0]], [[1252.8131021185304, 0.0, 826.588114781398], [0.0, 1252.8131021185304, 469.9846626224581], [0.0, 0.0, 1.0]], [[1256.7485116440405, 0.0, 817.7887570959712], [0.0, 1256.7485116440403, 451.9541780095127], [0.0, 0.0, 1.0]], [[1254.9860565800168, 0.0, 829.5769333630991], [0.0, 1254.9860565800168, 467.1680561863987], [0.0, 0.0, 1.0]], [[796.8910634503094, 0.0, 857.7774326863696], [0.0, 796.8910634503094, 476.8848988407415], [0.0, 0.0, 1.0]], [[1249.9629280788233, 0.0, 825.3768045375984], [0.0, 1249.9629280788233, 462.54816385708756], [0.0, 0.0, 1.0]]], "extrinsics": [[[0.8228150606155396, -0.5682251453399658, -0.00978146493434906, -0.832275390625], [0.01379280537366867, 0.03717311844229698, -0.9992136359214783, 1.4911518096923828], [0.5681418776512146, 0.8220331072807312, 0.03842402249574661, -1.2149505615234375], [0.0, 0.0, 0.0, 1.0]], [[0.010795076377689838, -0.9994022250175476, -0.03283999115228653, 0.008056640625], [0.015728207305073738, 0.03300754725933075, -0.9993313550949097, 1.4828753471374512], [0.999817967414856, 0.010271374136209488, 0.016075128689408302, -1.5606689453125], [0.0, 0.0, 0.0, 1.0]], [[-0.8436325192451477, -0.535902202129364, -0.033058200031518936, 0.9761962890625], [0.023742295801639557, 0.024275625124573708, -0.9994233250617981, 1.4962825775146484], [0.5363956689834595, -0.8439309000968933, -0.007756159175187349, -1.2039794921875], [0.0, 0.0, 0.0, 1.0]], [[0.947807788848877, 0.318654328584671, 0.01094064861536026, -1.13525390625], [-0.001697117812000215, 0.03935518488287926, -0.9992238283157349, 1.5620307922363281], [-0.3188375234603882, 0.9470536112785339, 0.03784194961190224, -0.158935546875], [0.0, 0.0, 0.0, 1.0]], [[0.008863805793225765, 0.999453067779541, 0.031858932226896286, -0.0286865234375], [0.0004238130059093237, 0.03185642883181572, -0.999492347240448, 1.5680809020996094], [-0.9999606013298035, 0.00887278001755476, -0.00014121457934379578, -0.0111083984375], [0.0, 0.0, 0.0, 1.0]], [[-0.9238265156745911, 0.38281041383743286, -0.0008057734812609851, 1.068115234375], [0.004677482880651951, 0.00918327085673809, -0.9999468922615051, 1.5482770204544067], [-0.3827826678752899, -0.9237812161445618, -0.010274338535964489, -0.0816650390625], [0.0, 0.0, 0.0, 1.0]]], "view": [[0.0, -2.0, 100.0], [-2.0, 0.0, 100.0], [0.0, 0.0, 1.0]], "bev": "bev_79bf33270fe947fa9349b8ec631bbc46.png", "aux": "aux_79bf33270fe947fa9349b8ec631bbc46.npz", "visibility": "visibility_79bf33270fe947fa9349b8ec631bbc46.png", "pose": [[-0.5066511034965515, 0.8621511459350586, 0.0, 1980.223388671875], [-0.8621511459350586, -0.5066511034965515, 0.0, 1084.168701171875], [0.0, 0.0, 1.0, 0.0], [0.0, 0.0, 0.0, 1.0]], "pose_inverse": [[-0.5066511034965515, -0.8621511459350586, 0.0, 1937.999755859375], [0.8621511459350586, -0.5066511034965515, 0.0, -1157.9566650390625], [0.0, 0.0, 1.0, 0.0], [0.0, 0.0, 0.0, 1.0]], "cam_ids": [0, 1, 2, 3, 4, 5], "cam_channels": ["CAM_FRONT_LEFT", "CAM_FRONT", "CAM_FRONT_RIGHT", "CAM_BACK_LEFT", "CAM_BACK", "CAM_BACK_RIGHT"], "token": "79bf33270fe947fa9349b8ec631bbc46", "scene": "scene-0819"}, {"images": ["samples/CAM_FRONT_LEFT/n008-2018-09-18-15-26-58-0400__CAM_FRONT_LEFT__1537299466854799.jpg", "samples/CAM_FRONT/n008-2018-09-18-15-26-58-0400__CAM_FRONT__1537299466862404.jpg", "samples/CAM_FRONT_RIGHT/n008-2018-09-18-15-26-58-0400__CAM_FRONT_RIGHT__1537299466870482.jpg", "samples/CAM_BACK_LEFT/n008-2018-09-18-15-26-58-0400__CAM_BACK_LEFT__1537299466897405.jpg", "samples/CAM_BACK/n008-2018-09-18-15-26-58-0400__CAM_BACK__1537299466887558.jpg", "samples/CAM_BACK_RIGHT/n008-2018-09-18-15-26-58-0400__CAM_BACK_RIGHT__1537299466878113.jpg"], "intrinsics": [[[1257.8625342125129, 0.0, 827.2410631095686], [0.0, 1257.8625342125129, 450.915498205774], [0.0, 0.0, 1.0]], [[1252.8131021185304, 0.0, 826.588114781398], [0.0, 1252.8131021185304, 469.9846626224581], [0.0, 0.0, 1.0]], [[1256.7485116440405, 0.0, 817.7887570959712], [0.0, 1256.7485116440403, 451.9541780095127], [0.0, 0.0, 1.0]], [[1254.9860565800168, 0.0, 829.5769333630991], [0.0, 1254.9860565800168, 467.1680561863987], [0.0, 0.0, 1.0]], [[796.8910634503094, 0.0, 857.7774326863696], [0.0, 796.8910634503094, 476.8848988407415], [0.0, 0.0, 1.0]], [[1249.9629280788233, 0.0, 825.3768045375984], [0.0, 1249.9629280788233, 462.54816385708756], [0.0, 0.0, 1.0]]], "extrinsics": [[[0.8225896954536438, -0.5685117840766907, -0.011856133118271828, -0.836669921875], [0.011499053798615932, 0.037476830184459686, -0.9992313385009766, 1.490631103515625], [0.5685192346572876, 0.8218210339546204, 0.037365399301052094, -1.21722412109375], [0.0, 0.0, 0.0, 1.0]], [[0.010395476594567299, -0.9993960857391357, -0.033157166093587875, 0.0074462890625], [0.01341966725885868, 0.0332954041659832, -0.9993554949760437, 1.4824323654174805], [0.9998559355735779, 0.009943773038685322, 0.013757683336734772, -1.5648193359375], [0.0, 0.0, 0.0, 1.0]], [[-0.8438411951065063, -0.5356848835945129, -0.03120533749461174, 0.97894287109375], [0.02139400690793991, 0.024521255865693092, -0.9994703531265259, 1.4959039688110352], [0.5361664295196533, -0.8440619111061096, -0.009231600910425186, -1.2061767578125], [0.0, 0.0, 0.0, 1.0]], [[0.9478415846824646, 0.31862545013427734, 0.008612547069787979, -1.134765625], [-0.004172158427536488, 0.03942033648490906, -0.9992140531539917, 1.5620193481445312], [-0.31871461868286133, 0.9470607042312622, 0.038693588227033615, -0.1585693359375], [0.0, 0.0, 0.0, 1.0]], [[0.009040922857820988, 0.9994480013847351, 0.03196721524000168, -0.0284423828125], [-0.001965173752978444, 0.03198621794581413, -0.9994863271713257, 1.5679512023925781], [-0.9999572038650513, 0.008973420597612858, 0.0022532735019922256, -0.010009765625], [0.0, 0.0, 0.0, 1.0]], [[-0.9237579703330994, 0.38297396898269653, 0.0014776706229895353, 1.07080078125], [0.0022884123027324677, 0.009378030896186829, -0.9999534487724304, 1.5480332374572754], [-0.3829699754714966, -0.9237115383148193, -0.009539431892335415, -0.080810546875], [0.0, 0.0, 0.0, 1.0]]], "view": [[0.0, -2.0, 100.0], [-2.0, 0.0, 100.0], [0.0, 0.0, 1.0]], "bev": "bev_a174208c7ee5455797ebb22572a29455.png", "aux": "aux_a174208c7ee5455797ebb22572a29455.npz", "visibility": "visibility_a174208c7ee5455797ebb22572a29455.png", "pose": [[-0.5050579309463501, 0.8630854487419128, 0.0, 1979.041748046875], [-0.8630854487419128, -0.5050579309463501, 0.0, 1082.1717529296875], [0.0, 0.0, 1.0, 0.0], [0.0, 0.0, 0.0, 1.0]], "pose_inverse": [[-0.5050579309463501, -0.8630854487419128, 0.0, 1933.5374755859375], [0.8630854487419128, -0.5050579309463501, 0.0, -1161.522705078125], [0.0, 0.0, 1.0, 0.0], [0.0, 0.0, 0.0, 1.0]], "cam_ids": [0, 1, 2, 3, 4, 5], "cam_channels": ["CAM_FRONT_LEFT", "CAM_FRONT", "CAM_FRONT_RIGHT", "CAM_BACK_LEFT", "CAM_BACK", "CAM_BACK_RIGHT"], "token": "a174208c7ee5455797ebb22572a29455", "scene": "scene-0819"}, {"images": ["samples/CAM_FRONT_LEFT/n008-2018-09-18-15-26-58-0400__CAM_FRONT_LEFT__1537299467354799.jpg", "samples/CAM_FRONT/n008-2018-09-18-15-26-58-0400__CAM_FRONT__1537299467362404.jpg", "samples/CAM_FRONT_RIGHT/n008-2018-09-18-15-26-58-0400__CAM_FRONT_RIGHT__1537299467370482.jpg", "samples/CAM_BACK_LEFT/n008-2018-09-18-15-26-58-0400__CAM_BACK_LEFT__1537299467397405.jpg", "samples/CAM_BACK/n008-2018-09-18-15-26-58-0400__CAM_BACK__1537299467387558.jpg", "samples/CAM_BACK_RIGHT/n008-2018-09-18-15-26-58-0400__CAM_BACK_RIGHT__1537299467378113.jpg"], "intrinsics": [[[1257.8625342125129, 0.0, 827.2410631095686], [0.0, 1257.8625342125129, 450.915498205774], [0.0, 0.0, 1.0]], [[1252.8131021185304, 0.0, 826.588114781398], [0.0, 1252.8131021185304, 469.9846626224581], [0.0, 0.0, 1.0]], [[1256.7485116440405, 0.0, 817.7887570959712], [0.0, 1256.7485116440403, 451.9541780095127], [0.0, 0.0, 1.0]], [[1254.9860565800168, 0.0, 829.5769333630991], [0.0, 1254.9860565800168, 467.1680561863987], [0.0, 0.0, 1.0]], [[796.8910634503094, 0.0, 857.7774326863696], [0.0, 796.8910634503094, 476.8848988407415], [0.0, 0.0, 1.0]], [[1249.9629280788233, 0.0, 825.3768045375984], [0.0, 1249.9629280788233, 462.54816385708756], [0.0, 0.0, 1.0]]], "extrinsics": [[[0.822563886642456, -0.5684994459152222, -0.014034319669008255, -0.837646484375], [0.009165257215499878, 0.03792904317378998, -0.9992383718490601, 1.4900970458984375], [0.5685988068580627, 0.8218088150024414, 0.03640950843691826, -1.219512939453125], [0.0, 0.0, 0.0, 1.0]], [[0.010312232188880444, -0.9993799328804016, -0.03366569057106972, 0.00830078125], [0.01113213412463665, 0.03378013148903847, -0.9993672966957092, 1.481985092163086], [0.999884843826294, 0.009930950589478016, 0.01147358026355505, -1.567626953125], [0.0, 0.0, 0.0, 1.0]], [[-0.843909502029419, -0.5356688499450684, -0.02959291823208332, 0.98114013671875], [0.01915431208908558, 0.02504103258252144, -0.9995028972625732, 1.495549201965332], [0.5361436605453491, -0.8440568447113037, -0.01087199803441763, -1.20703125], [0.0, 0.0, 0.0, 1.0]], [[0.94782555103302, 0.31871557235717773, 0.006861596368253231, -1.136474609375], [-0.006233984138816595, 0.04005039855837822, -0.9991781711578369, 1.5619888305664062], [-0.3187284767627716, 0.9470038414001465, 0.03994765877723694, -0.1588134765625], [0.0, 0.0, 0.0, 1.0]], [[0.009067469276487827, 0.9994295239448547, 0.032533712685108185, -0.02880859375], [-0.004124216269701719, 0.03257215395569801, -0.9994608163833618, 1.5678291320800781], [-0.9999504089355469, 0.008928402327001095, 0.0044172098860144615, -0.0081787109375], [0.0, 0.0, 0.0, 1.0]], [[-0.9237543940544128, 0.3829672336578369, 0.0037270239554345608, 1.072021484375], [8.13125807326287e-05, 0.009927615523338318, -0.9999507069587708, 1.5478096008300781], [-0.38298529386520386, -0.9237085580825806, -0.009201820939779282, -0.07965087890625], [0.0, 0.0, 0.0, 1.0]]], "view": [[0.0, -2.0, 100.0], [-2.0, 0.0, 100.0], [0.0, 0.0, 1.0]], "bev": "bev_e8b363b014f3404c8c78a37090773c12.png", "aux": "aux_e8b363b014f3404c8c78a37090773c12.npz", "visibility": "visibility_e8b363b014f3404c8c78a37090773c12.png", "pose": [[-0.5039771795272827, 0.8637169599533081, 0.0, 1977.8848876953125], [-0.8637169599533081, -0.5039771795272827, 0.0, 1080.21875], [0.0, 0.0, 1.0, 0.0], [0.0, 0.0, 0.0, 1.0]], "pose_inverse": [[-0.5039771795272827, -0.8637169599533081, 0.0, 1929.8121337890625], [0.8637169599533081, -0.5039771795272827, 0.0, -1163.9271240234375], [0.0, 0.0, 1.0, 0.0], [0.0, 0.0, 0.0, 1.0]], "cam_ids": [0, 1, 2, 3, 4, 5], "cam_channels": ["CAM_FRONT_LEFT", "CAM_FRONT", "CAM_FRONT_RIGHT", "CAM_BACK_LEFT", "CAM_BACK", "CAM_BACK_RIGHT"], "token": "e8b363b014f3404c8c78a37090773c12", "scene": "scene-0819"}, {"images": ["samples/CAM_FRONT_LEFT/n008-2018-09-18-15-26-58-0400__CAM_FRONT_LEFT__1537299467854799.jpg", "samples/CAM_FRONT/n008-2018-09-18-15-26-58-0400__CAM_FRONT__1537299467862404.jpg", "samples/CAM_FRONT_RIGHT/n008-2018-09-18-15-26-58-0400__CAM_FRONT_RIGHT__1537299467870482.jpg", "samples/CAM_BACK_LEFT/n008-2018-09-18-15-26-58-0400__CAM_BACK_LEFT__1537299467897405.jpg", "samples/CAM_BACK/n008-2018-09-18-15-26-58-0400__CAM_BACK__1537299467887558.jpg", "samples/CAM_BACK_RIGHT/n008-2018-09-18-15-26-58-0400__CAM_BACK_RIGHT__1537299467878113.jpg"], "intrinsics": [[[1257.8625342125129, 0.0, 827.2410631095686], [0.0, 1257.8625342125129, 450.915498205774], [0.0, 0.0, 1.0]], [[1252.8131021185304, 0.0, 826.588114781398], [0.0, 1252.8131021185304, 469.9846626224581], [0.0, 0.0, 1.0]], [[1256.7485116440405, 0.0, 817.7887570959712], [0.0, 1256.7485116440403, 451.9541780095127], [0.0, 0.0, 1.0]], [[1254.9860565800168, 0.0, 829.5769333630991], [0.0, 1254.9860565800168, 467.1680561863987], [0.0, 0.0, 1.0]], [[796.8910634503094, 0.0, 857.7774326863696], [0.0, 796.8910634503094, 476.8848988407415], [0.0, 0.0, 1.0]], [[1249.9629280788233, 0.0, 825.3768045375984], [0.0, 1249.9629280788233, 462.54816385708756], [0.0, 0.0, 1.0]]], "extrinsics": [[[0.8224259614944458, -0.5687345266342163, -0.01251925714313984, -0.833740234375], [0.009751302190124989, 0.036098089069128036, -0.9993006587028503, 1.4902896881103516], [0.5687886476516724, 0.8217287063598633, 0.03523390740156174, -1.215667724609375], [0.0, 0.0, 0.0, 1.0]], [[0.010139568708837032, -0.9994381666183472, -0.03194471448659897, 0.008056640625], [0.011678239330649376, 0.03206253796815872, -0.9994176030158997, 1.4821538925170898], [0.999880313873291, 0.009760620072484016, 0.011996779590845108, -1.5626220703125], [0.0, 0.0, 0.0, 1.0]], [[-0.8439747095108032, -0.5355871915817261, -0.02920554392039776, 0.977783203125], [0.019708141684532166, 0.0234484001994133, -0.9995307326316833, 1.4957036972045898], [0.5360207557678223, -0.8441542983055115, -0.009234429337084293, -1.2052001953125], [0.0, 0.0, 0.0, 1.0]], [[0.9478851556777954, 0.318535715341568, 0.006981776561588049, -1.1346435546875], [-0.005676243919879198, 0.03879262134432793, -0.9992311596870422, 1.5619850158691406], [-0.3185616433620453, 0.9471167325973511, 0.03857903927564621, -0.158935546875], [0.0, 0.0, 0.0, 1.0]], [[0.009187581017613411, 0.9994707107543945, 0.031205516308546066, -0.0284423828125], [-0.0035216640681028366, 0.031238978728652, -0.9995057582855225, 1.5678596496582031], [-0.9999516010284424, 0.009073200635612011, 0.0038068117573857307, -0.0101318359375], [0.0, 0.0, 0.0, 1.0]], [[-0.923711895942688, 0.38307884335517883, 0.002612259006127715, 1.06982421875], [0.0006801840499974787, 0.00845898687839508, -0.9999639987945557, 1.547874927520752], [-0.3830871284008026, -0.9236769080162048, -0.008074232377111912, -0.080963134765625], [0.0, 0.0, 0.0, 1.0]]], "view": [[0.0, -2.0, 100.0], [-2.0, 0.0, 100.0], [0.0, 0.0, 1.0]], "bev": "bev_0afbc3a59c3a42af9f9c3f7aa6e813bb.png", "aux": "aux_0afbc3a59c3a42af9f9c3f7aa6e813bb.npz", "visibility": "visibility_0afbc3a59c3a42af9f9c3f7aa6e813bb.png", "pose": [[-0.5028638243675232, 0.8643656373023987, 0.0, 1976.714599609375], [-0.8643656373023987, -0.5028638243675232, 0.0, 1078.2352294921875], [0.0, 0.0, 1.0, 0.0], [0.0, 0.0, 0.0, 1.0]], "pose_inverse": [[-0.5028638243675232, -0.8643656373023987, 0.0, 1926.0076904296875], [0.8643656373023987, -0.5028638243675232, 0.0, -1166.398681640625], [0.0, 0.0, 1.0, 0.0], [0.0, 0.0, 0.0, 1.0]], "cam_ids": [0, 1, 2, 3, 4, 5], "cam_channels": ["CAM_FRONT_LEFT", "CAM_FRONT", "CAM_FRONT_RIGHT", "CAM_BACK_LEFT", "CAM_BACK", "CAM_BACK_RIGHT"], "token": "0afbc3a59c3a42af9f9c3f7aa6e813bb", "scene": "scene-0819"}, {"images": ["samples/CAM_FRONT_LEFT/n008-2018-09-18-15-26-58-0400__CAM_FRONT_LEFT__1537299468354799.jpg", "samples/CAM_FRONT/n008-2018-09-18-15-26-58-0400__CAM_FRONT__1537299468362404.jpg", "samples/CAM_FRONT_RIGHT/n008-2018-09-18-15-26-58-0400__CAM_FRONT_RIGHT__1537299468370482.jpg", "samples/CAM_BACK_LEFT/n008-2018-09-18-15-26-58-0400__CAM_BACK_LEFT__1537299468397405.jpg", "samples/CAM_BACK/n008-2018-09-18-15-26-58-0400__CAM_BACK__1537299468387558.jpg", "samples/CAM_BACK_RIGHT/n008-2018-09-18-15-26-58-0400__CAM_BACK_RIGHT__1537299468378113.jpg"], "intrinsics": [[[1257.8625342125129, 0.0, 827.2410631095686], [0.0, 1257.8625342125129, 450.915498205774], [0.0, 0.0, 1.0]], [[1252.8131021185304, 0.0, 826.588114781398], [0.0, 1252.8131021185304, 469.9846626224581], [0.0, 0.0, 1.0]], [[1256.7485116440405, 0.0, 817.7887570959712], [0.0, 1256.7485116440403, 451.9541780095127], [0.0, 0.0, 1.0]], [[1254.9860565800168, 0.0, 829.5769333630991], [0.0, 1254.9860565800168, 467.1680561863987], [0.0, 0.0, 1.0]], [[796.8910634503094, 0.0, 857.7774326863696], [0.0, 796.8910634503094, 476.8848988407415], [0.0, 0.0, 1.0]], [[1249.9629280788233, 0.0, 825.3768045375984], [0.0, 1249.9629280788233, 462.54816385708756], [0.0, 0.0, 1.0]]], "extrinsics": [[[0.8228198289871216, -0.5681679248809814, -0.012361181899905205, -0.84423828125], [0.00835938286036253, 0.033849023282527924, -0.9993919730186462, 1.4898490905761719], [0.5682409405708313, 0.8222161531448364, 0.03260117769241333, -1.2245635986328125], [0.0, 0.0, 0.0, 1.0]], [[0.010699004866182804, -0.9995079040527344, -0.029486648738384247, 0.0087890625], [0.01035783439874649, 0.029597533866763115, -0.9995082020759583, 1.4817800521850586], [0.9998891353607178, 0.010388369672000408, 0.010669401846826077, -1.5738525390625], [0.0, 0.0, 0.0, 1.0]], [[-0.8437637090682983, -0.5360514521598816, -0.026677800342440605, 0.9857177734375], [0.018400410190224648, 0.020785175263881683, -0.9996145963668823, 1.4953460693359375], [0.5363994240760803, -0.8439294099807739, -0.0076742093078792095, -1.2093505859375], [0.0, 0.0, 0.0, 1.0]], [[0.9478685855865479, 0.3186258375644684, 0.004779646638780832, -1.1356201171875], [-0.006955228745937347, 0.03568175435066223, -0.9993389844894409, 1.5619773864746094], [-0.3185858130455017, 0.9472087621688843, 0.03603772819042206, -0.1590576171875], [0.0, 0.0, 0.0, 1.0]], [[0.00902760773897171, 0.9995619058609009, 0.028187770396471024, -0.029052734375], [-0.004825586453080177, 0.028232136741280556, -0.999589741230011, 1.5677986145019531], [-0.9999476075172424, 0.0088877584785223, 0.005078339949250221, -0.0068359375], [0.0, 0.0, 0.0, 1.0]], [[-0.9238351583480835, 0.3827805817127228, 0.002765973564237356, 1.07568359375], [-0.0006632630247622728, 0.005625113379210234, -0.9999839663505554, 1.5477476119995117], [-0.3827899992465973, -0.9238221049308777, -0.004942792002111673, -0.077667236328125], [0.0, 0.0, 0.0, 1.0]]], "view": [[0.0, -2.0, 100.0], [-2.0, 0.0, 100.0], [0.0, 0.0, 1.0]], "bev": "bev_4fe84cd60d8747f7b1cf7aa11eff2be4.png", "aux": "aux_4fe84cd60d8747f7b1cf7aa11eff2be4.npz", "visibility": "visibility_4fe84cd60d8747f7b1cf7aa11eff2be4.png", "pose": [[-0.5052522420883179, 0.8629717230796814, 0.0, 1975.591552734375], [-0.8629717230796814, -0.5052522420883179, 0.0, 1076.3336181640625], [0.0, 0.0, 1.0, 0.0], [0.0, 0.0, 0.0, 1.0]], "pose_inverse": [[-0.5052522420883179, -0.8629717230796814, 0.0, 1927.0174560546875], [0.8629717230796814, -0.5052522420883179, 0.0, -1161.0596923828125], [0.0, 0.0, 1.0, 0.0], [0.0, 0.0, 0.0, 1.0]], "cam_ids": [0, 1, 2, 3, 4, 5], "cam_channels": ["CAM_FRONT_LEFT", "CAM_FRONT", "CAM_FRONT_RIGHT", "CAM_BACK_LEFT", "CAM_BACK", "CAM_BACK_RIGHT"], "token": "4fe84cd60d8747f7b1cf7aa11eff2be4", "scene": "scene-0819"}, {"images": ["samples/CAM_FRONT_LEFT/n008-2018-09-18-15-26-58-0400__CAM_FRONT_LEFT__1537299468854799.jpg", "samples/CAM_FRONT/n008-2018-09-18-15-26-58-0400__CAM_FRONT__1537299468862437.jpg", "samples/CAM_FRONT_RIGHT/n008-2018-09-18-15-26-58-0400__CAM_FRONT_RIGHT__1537299468870482.jpg", "samples/CAM_BACK_LEFT/n008-2018-09-18-15-26-58-0400__CAM_BACK_LEFT__1537299468897405.jpg", "samples/CAM_BACK/n008-2018-09-18-15-26-58-0400__CAM_BACK__1537299468887558.jpg", "samples/CAM_BACK_RIGHT/n008-2018-09-18-15-26-58-0400__CAM_BACK_RIGHT__1537299468878113.jpg"], "intrinsics": [[[1257.8625342125129, 0.0, 827.2410631095686], [0.0, 1257.8625342125129, 450.915498205774], [0.0, 0.0, 1.0]], [[1252.8131021185304, 0.0, 826.588114781398], [0.0, 1252.8131021185304, 469.9846626224581], [0.0, 0.0, 1.0]], [[1256.7485116440405, 0.0, 817.7887570959712], [0.0, 1256.7485116440403, 451.9541780095127], [0.0, 0.0, 1.0]], [[1254.9860565800168, 0.0, 829.5769333630991], [0.0, 1254.9860565800168, 467.1680561863987], [0.0, 0.0, 1.0]], [[796.8910634503094, 0.0, 857.7774326863696], [0.0, 796.8910634503094, 476.8848988407415], [0.0, 0.0, 1.0]], [[1249.9629280788233, 0.0, 825.3768045375984], [0.0, 1249.9629280788233, 462.54816385708756], [0.0, 0.0, 1.0]]], "extrinsics": [[[0.822946310043335, -0.5678808093070984, -0.01645270735025406, -0.85400390625], [0.004575556144118309, 0.035584136843681335, -0.999356210231781, 1.4890689849853516], [0.5681007504463196, 0.82234126329422, 0.031882207840681076, -1.230804443359375], [0.0, 0.0, 0.0, 1.0]], [[0.010836469940841198, -0.9994496703147888, -0.03135121986269951, 0.0081787109375], [0.00640754122287035, 0.03142182156443596, -0.9994856715202332, 1.4810848236083984], [0.9999207258224487, 0.010629937052726746, 0.0067445142194628716, -1.5841064453125], [0.0, 0.0, 0.0, 1.0]], [[-0.8437555432319641, -0.5361788868904114, -0.024264177307486534, 0.99224853515625], [0.01434461772441864, 0.022664256393909454, -0.9996402263641357, 1.4947290420532227], [0.5365358591079712, -0.8438000679016113, -0.011431814171373844, -1.2138671875], [0.0, 0.0, 0.0, 1.0]], [[0.9478499889373779, 0.3187137246131897, 0.0014078500680625439, -1.137939453125], [-0.01112399436533451, 0.037496499717235565, -0.9992348551750183, 1.5619735717773438], [-0.31852269172668457, 0.947109043598175, 0.03908642753958702, -0.158203125], [0.0, 0.0, 0.0, 1.0]], [[0.009023919701576233, 0.9995080232620239, 0.030037278309464455, -0.02880859375], [-0.008971484377980232, 0.030118215829133987, -0.9995060563087463, 1.567626953125], [-0.999919056892395, 0.008749974891543388, 0.00923885591328144, -0.0023193359375], [0.0, 0.0, 0.0, 1.0]], [[-0.9238758683204651, 0.38262316584587097, 0.007260370533913374, 1.0810546875], [-0.0047442615032196045, 0.007519078440964222, -0.9999604821205139, 1.5473995208740234], [-0.3826626241207123, -0.9238739013671875, -0.005131430923938751, -0.075927734375], [0.0, 0.0, 0.0, 1.0]]], "view": [[0.0, -2.0, 100.0], [-2.0, 0.0, 100.0], [0.0, 0.0, 1.0]], "bev": "bev_cb89a37284164496a998013e04d63192.png", "aux": "aux_cb89a37284164496a998013e04d63192.npz", "visibility": "visibility_cb89a37284164496a998013e04d63192.png", "pose": [[-0.509946882724762, 0.860205888748169, 0.0, 1974.5023193359375], [-0.860205888748169, -0.509946882724762, 0.0, 1074.5140380859375], [0.0, 0.0, 1.0, 0.0], [0.0, 0.0, 0.0, 1.0]], "pose_inverse": [[-0.509946882724762, -0.860205888748169, 0.0, 1931.194580078125], [0.860205888748169, -0.509946882724762, 0.0, -1150.533447265625], [0.0, 0.0, 1.0, 0.0], [0.0, 0.0, 0.0, 1.0]], "cam_ids": [0, 1, 2, 3, 4, 5], "cam_channels": ["CAM_FRONT_LEFT", "CAM_FRONT", "CAM_FRONT_RIGHT", "CAM_BACK_LEFT", "CAM_BACK", "CAM_BACK_RIGHT"], "token": "cb89a37284164496a998013e04d63192", "scene": "scene-0819"}, {"images": ["samples/CAM_FRONT_LEFT/n008-2018-09-18-15-26-58-0400__CAM_FRONT_LEFT__1537299469404799.jpg", "samples/CAM_FRONT/n008-2018-09-18-15-26-58-0400__CAM_FRONT__1537299469412404.jpg", "samples/CAM_FRONT_RIGHT/n008-2018-09-18-15-26-58-0400__CAM_FRONT_RIGHT__1537299469420482.jpg", "samples/CAM_BACK_LEFT/n008-2018-09-18-15-26-58-0400__CAM_BACK_LEFT__1537299469447409.jpg", "samples/CAM_BACK/n008-2018-09-18-15-26-58-0400__CAM_BACK__1537299469437558.jpg", "samples/CAM_BACK_RIGHT/n008-2018-09-18-15-26-58-0400__CAM_BACK_RIGHT__1537299469428113.jpg"], "intrinsics": [[[1257.8625342125129, 0.0, 827.2410631095686], [0.0, 1257.8625342125129, 450.915498205774], [0.0, 0.0, 1.0]], [[1252.8131021185304, 0.0, 826.588114781398], [0.0, 1252.8131021185304, 469.9846626224581], [0.0, 0.0, 1.0]], [[1256.7485116440405, 0.0, 817.7887570959712], [0.0, 1256.7485116440403, 451.9541780095127], [0.0, 0.0, 1.0]], [[1254.9860565800168, 0.0, 829.5769333630991], [0.0, 1254.9860565800168, 467.1680561863987], [0.0, 0.0, 1.0]], [[796.8910634503094, 0.0, 857.7774326863696], [0.0, 796.8910634503094, 476.8848988407415], [0.0, 0.0, 1.0]], [[1249.9629280788233, 0.0, 825.3768045375984], [0.0, 1249.9629280788233, 462.54816385708756], [0.0, 0.0, 1.0]]], "extrinsics": [[[0.8227672576904297, -0.5681310892105103, -0.016773704439401627, -0.861572265625], [0.0016226453008130193, 0.03185924515128136, -0.9994910359382629, 1.488546371459961], [0.5683762431144714, 0.8223211765289307, 0.027134614065289497, -1.2350921630859375], [0.0, 0.0, 0.0, 1.0]], [[0.010577860288321972, -0.9995574355125427, -0.027805093675851822, 0.00732421875], [0.003580360906198621, 0.02784433402121067, -0.9996058940887451, 1.4806575775146484], [0.9999376535415649, 0.010474130511283875, 0.0038733077235519886, -1.591064453125], [0.0, 0.0, 0.0, 1.0]], [[-0.843880295753479, -0.5361539721488953, -0.020127886906266212, 0.99676513671875], [0.011609208770096302, 0.01925942488014698, -0.999747097492218, 1.4943580627441406], [0.5364060401916504, -0.8439005017280579, -0.010028325952589512, -1.21728515625], [0.0, 0.0, 0.0, 1.0]], [[0.9478532671928406, 0.3187022805213928, -0.0017664986662566662, -1.138427734375], [-0.013499167747795582, 0.03460893779993057, -0.9993097186088562, 1.5619659423828125], [-0.3184211552143097, 0.9472228288650513, 0.037106409668922424, -0.158203125], [0.0, 0.0, 0.0, 1.0]], [[0.009145967662334442, 0.9995947480201721, 0.026958413422107697, -0.0286865234375], [-0.011503548361361027, 0.027062933892011642, -0.9995675086975098, 1.5675468444824219], [-0.999891996383667, 0.008831891231238842, 0.011746401898562908, -0.0001220703125], [0.0, 0.0, 0.0, 1.0]], [[-0.9238218069076538, 0.3827292025089264, 0.008467253297567368, 1.0849609375], [-0.007391354534775019, 0.0042814877815544605, -0.9999635219573975, 1.5472068786621094], [-0.3827514052391052, -0.9238507151603699, -0.001126444316469133, -0.0745849609375], [0.0, 0.0, 0.0, 1.0]]], "view": [[0.0, -2.0, 100.0], [-2.0, 0.0, 100.0], [0.0, 0.0, 1.0]], "bev": "bev_abeee9cd21094be684cd4fb5fa4208b2.png", "aux": "aux_abeee9cd21094be684cd4fb5fa4208b2.npz", "visibility": "visibility_abeee9cd21094be684cd4fb5fa4208b2.png", "pose": [[-0.513931930065155, 0.8578310012817383, 0.0, 1973.3453369140625], [-0.8578310012817383, -0.513931930065155, 0.0, 1072.5999755859375], [0.0, 0.0, 1.0, 0.0], [0.0, 0.0, 0.0, 1.0]], "pose_inverse": [[-0.513931930065155, -0.8578310012817383, 0.0, 1934.274658203125], [0.8578310012817383, -0.513931930065155, 0.0, -1141.553466796875], [0.0, 0.0, 1.0, 0.0], [0.0, 0.0, 0.0, 1.0]], "cam_ids": [0, 1, 2, 3, 4, 5], "cam_channels": ["CAM_FRONT_LEFT", "CAM_FRONT", "CAM_FRONT_RIGHT", "CAM_BACK_LEFT", "CAM_BACK", "CAM_BACK_RIGHT"], "token": "abeee9cd21094be684cd4fb5fa4208b2", "scene": "scene-0819"}, {"images": ["samples/CAM_FRONT_LEFT/n008-2018-09-18-15-26-58-0400__CAM_FRONT_LEFT__1537299469854799.jpg", "samples/CAM_FRONT/n008-2018-09-18-15-26-58-0400__CAM_FRONT__1537299469862404.jpg", "samples/CAM_FRONT_RIGHT/n008-2018-09-18-15-26-58-0400__CAM_FRONT_RIGHT__1537299469870482.jpg", "samples/CAM_BACK_LEFT/n008-2018-09-18-15-26-58-0400__CAM_BACK_LEFT__1537299469898524.jpg", "samples/CAM_BACK/n008-2018-09-18-15-26-58-0400__CAM_BACK__1537299469887558.jpg", "samples/CAM_BACK_RIGHT/n008-2018-09-18-15-26-58-0400__CAM_BACK_RIGHT__1537299469878113.jpg"], "intrinsics": [[[1257.8625342125129, 0.0, 827.2410631095686], [0.0, 1257.8625342125129, 450.915498205774], [0.0, 0.0, 1.0]], [[1252.8131021185304, 0.0, 826.588114781398], [0.0, 1252.8131021185304, 469.9846626224581], [0.0, 0.0, 1.0]], [[1256.7485116440405, 0.0, 817.7887570959712], [0.0, 1256.7485116440403, 451.9541780095127], [0.0, 0.0, 1.0]], [[1254.9860565800168, 0.0, 829.5769333630991], [0.0, 1254.9860565800168, 467.1680561863987], [0.0, 0.0, 1.0]], [[796.8910634503094, 0.0, 857.7774326863696], [0.0, 796.8910634503094, 476.8848988407415], [0.0, 0.0, 1.0]], [[1249.9629280788233, 0.0, 825.3768045375984], [0.0, 1249.9629280788233, 462.54816385708756], [0.0, 0.0, 1.0]]], "extrinsics": [[[0.8228402137756348, -0.5680937170982361, -0.014268533326685429, -0.8642578125], [0.002760289004072547, 0.029103845357894897, -0.9995725750923157, 1.4887237548828125], [0.5682660937309265, 0.8224491477012634, 0.02551591582596302, -1.23760986328125], [0.0, 0.0, 0.0, 1.0]], [[0.010674243792891502, -0.9996354579925537, -0.024799460545182228, 0.0079345703125], [0.004665980581194162, 0.024850396439433098, -0.9996803402900696, 1.4807929992675781], [0.9999321103096008, 0.01055509876459837, 0.0049295383505523205, -1.59423828125], [0.0, 0.0, 0.0, 1.0]], [[-0.843842625617981, -0.5362455248832703, -0.019242579117417336, 0.99853515625], [0.012622019276022911, 0.01601426862180233, -0.9997920393943787, 1.4944415092468262], [0.536442220211029, -0.8439100980758667, -0.006745023187249899, -1.2181396484375], [0.0, 0.0, 0.0, 1.0]], [[0.9478552937507629, 0.31869176030158997, -0.0024472526274621487, -1.1416015625], [-0.012948490679264069, 0.03083672933280468, -0.9994405508041382, 1.5620155334472656], [-0.3184380531311035, 0.947356641292572, 0.033355336636304855, -0.1568603515625], [0.0, 0.0, 0.0, 1.0]], [[0.009114974178373814, 0.9996869564056396, 0.02330132946372032, -0.0286865234375], [-0.010757158510386944, 0.023398978635668755, -0.999668300151825, 1.5675811767578125], [-0.9999006390571594, 0.008861266076564789, 0.010967071168124676, 0.0], [0.0, 0.0, 0.0, 1.0]], [[-0.9238362908363342, 0.3827357292175293, 0.006316040642559528, 1.086181640625], [-0.006498156581073999, 0.0008169408538378775, -0.9999785423278809, 1.5472898483276367], [-0.3827325999736786, -0.923857569694519, 0.001732358243316412, -0.073944091796875], [0.0, 0.0, 0.0, 1.0]]], "view": [[0.0, -2.0, 100.0], [-2.0, 0.0, 100.0], [0.0, 0.0, 1.0]], "bev": "bev_76a7f4f9401143bfa29a5d13fb0c51b9.png", "aux": "aux_76a7f4f9401143bfa29a5d13fb0c51b9.npz", "visibility": "visibility_76a7f4f9401143bfa29a5d13fb0c51b9.png", "pose": [[-0.5174544453620911, 0.8557107448577881, 0.0, 1972.42578125], [-0.8557107448577881, -0.5174544453620911, 0.0, 1071.0902099609375], [0.0, 0.0, 1.0, 0.0], [0.0, 0.0, 0.0, 1.0]], "pose_inverse": [[-0.5174544453620911, -0.8557107448577881, 0.0, 1937.183837890625], [0.8557107448577881, -0.5174544453620911, 0.0, -1133.5855712890625], [0.0, 0.0, 1.0, 0.0], [0.0, 0.0, 0.0, 1.0]], "cam_ids": [0, 1, 2, 3, 4, 5], "cam_channels": ["CAM_FRONT_LEFT", "CAM_FRONT", "CAM_FRONT_RIGHT", "CAM_BACK_LEFT", "CAM_BACK", "CAM_BACK_RIGHT"], "token": "76a7f4f9401143bfa29a5d13fb0c51b9", "scene": "scene-0819"}, {"images": ["samples/CAM_FRONT_LEFT/n008-2018-09-18-15-26-58-0400__CAM_FRONT_LEFT__1537299470354799.jpg", "samples/CAM_FRONT/n008-2018-09-18-15-26-58-0400__CAM_FRONT__1537299470362404.jpg", "samples/CAM_FRONT_RIGHT/n008-2018-09-18-15-26-58-0400__CAM_FRONT_RIGHT__1537299470370482.jpg", "samples/CAM_BACK_LEFT/n008-2018-09-18-15-26-58-0400__CAM_BACK_LEFT__1537299470397405.jpg", "samples/CAM_BACK/n008-2018-09-18-15-26-58-0400__CAM_BACK__1537299470387558.jpg", "samples/CAM_BACK_RIGHT/n008-2018-09-18-15-26-58-0400__CAM_BACK_RIGHT__1537299470378113.jpg"], "intrinsics": [[[1257.8625342125129, 0.0, 827.2410631095686], [0.0, 1257.8625342125129, 450.915498205774], [0.0, 0.0, 1.0]], [[1252.8131021185304, 0.0, 826.588114781398], [0.0, 1252.8131021185304, 469.9846626224581], [0.0, 0.0, 1.0]], [[1256.7485116440405, 0.0, 817.7887570959712], [0.0, 1256.7485116440403, 451.9541780095127], [0.0, 0.0, 1.0]], [[1254.9860565800168, 0.0, 829.5769333630991], [0.0, 1254.9860565800168, 467.1680561863987], [0.0, 0.0, 1.0]], [[796.8910634503094, 0.0, 857.7774326863696], [0.0, 796.8910634503094, 476.8848988407415], [0.0, 0.0, 1.0]], [[1249.9629280788233, 0.0, 825.3768045375984], [0.0, 1249.9629280788233, 462.54816385708756], [0.0, 0.0, 1.0]]], "extrinsics": [[[0.822746217250824, -0.5682573318481445, -0.013123461045324802, -0.8505859375], [0.0032553200144320726, 0.027798356488347054, -0.9996082782745361, 1.4888439178466797], [0.5683996081352234, 0.8223811984062195, 0.024720851331949234, -1.2291412353515625], [0.0, 0.0, 0.0, 1.0]], [[0.01055340189486742, -0.9996643662452698, -0.023661784827709198, 0.008544921875], [0.005347402300685644, 0.0237191841006279, -0.9997043609619141, 1.4809494018554688], [0.9999300241470337, 0.010423688217997551, 0.005595925729721785, -1.58056640625], [0.0, 0.0, 0.0, 1.0]], [[-0.8438836932182312, -0.536173403263092, -0.019455112516880035, 0.989501953125], [0.013474106788635254, 0.015070791356265545, -0.9997956156730652, 1.4946813583374023], [0.536357045173645, -0.8439733982086182, -0.005493538919836283, -1.2117919921875], [0.0, 0.0, 0.0, 1.0]], [[0.9479081630706787, 0.3185410499572754, -0.0013468132819980383, -1.134033203125], [-0.011635608039796352, 0.03039918653666973, -0.9994701147079468, 1.5619163513183594], [-0.3183312714099884, 0.9474214911460876, 0.0325220562517643, -0.1597900390625], [0.0, 0.0, 0.0, 1.0]], [[0.009195066057145596, 0.9996997714042664, 0.022712204605340958, -0.029052734375], [-0.009620431810617447, 0.02280055545270443, -0.999693751335144, 1.5675582885742188], [-0.9999114871025085, 0.008973735384643078, 0.009827196598052979, -0.0059814453125], [0.0, 0.0, 0.0, 1.0]], [[-0.9238117337226868, 0.3828127384185791, 0.005124315153807402, 1.078125], [-0.00552920438349247, 4.256016472936608e-05, -0.9999847412109375, 1.5473203659057617], [-0.38280704617500305, -0.9238259196281433, 0.002077333629131317, -0.07659912109375], [0.0, 0.0, 0.0, 1.0]]], "view": [[0.0, -2.0, 100.0], [-2.0, 0.0, 100.0], [0.0, 0.0, 1.0]], "bev": "bev_8aa2d86ba7384725ad956cf926ee8b01.png", "aux": "aux_8aa2d86ba7384725ad956cf926ee8b01.npz", "visibility": "visibility_8aa2d86ba7384725ad956cf926ee8b01.png", "pose": [[-0.5207739472389221, 0.8536946177482605, 0.0, 1971.37890625], [-0.8536946177482605, -0.5207739472389221, 0.0, 1069.39794921875], [0.0, 0.0, 1.0, 0.0], [0.0, 0.0, 0.0, 1.0]], "pose_inverse": [[-0.5207739472389221, -0.8536946177482605, 0.0, 1939.58203125], [0.8536946177482605, -0.5207739472389221, 0.0, -1126.041015625], [0.0, 0.0, 1.0, 0.0], [0.0, 0.0, 0.0, 1.0]], "cam_ids": [0, 1, 2, 3, 4, 5], "cam_channels": ["CAM_FRONT_LEFT", "CAM_FRONT", "CAM_FRONT_RIGHT", "CAM_BACK_LEFT", "CAM_BACK", "CAM_BACK_RIGHT"], "token": "8aa2d86ba7384725ad956cf926ee8b01", "scene": "scene-0819"}, {"images": ["samples/CAM_FRONT_LEFT/n008-2018-09-18-15-26-58-0400__CAM_FRONT_LEFT__1537299470854799.jpg", "samples/CAM_FRONT/n008-2018-09-18-15-26-58-0400__CAM_FRONT__1537299470862404.jpg", "samples/CAM_FRONT_RIGHT/n008-2018-09-18-15-26-58-0400__CAM_FRONT_RIGHT__1537299470870482.jpg", "samples/CAM_BACK_LEFT/n008-2018-09-18-15-26-58-0400__CAM_BACK_LEFT__1537299470897405.jpg", "samples/CAM_BACK/n008-2018-09-18-15-26-58-0400__CAM_BACK__1537299470887558.jpg", "samples/CAM_BACK_RIGHT/n008-2018-09-18-15-26-58-0400__CAM_BACK_RIGHT__1537299470878113.jpg"], "intrinsics": [[[1257.8625342125129, 0.0, 827.2410631095686], [0.0, 1257.8625342125129, 450.915498205774], [0.0, 0.0, 1.0]], [[1252.8131021185304, 0.0, 826.588114781398], [0.0, 1252.8131021185304, 469.9846626224581], [0.0, 0.0, 1.0]], [[1256.7485116440405, 0.0, 817.7887570959712], [0.0, 1256.7485116440403, 451.9541780095127], [0.0, 0.0, 1.0]], [[1254.9860565800168, 0.0, 829.5769333630991], [0.0, 1254.9860565800168, 467.1680561863987], [0.0, 0.0, 1.0]], [[796.8910634503094, 0.0, 857.7774326863696], [0.0, 796.8910634503094, 476.8848988407415], [0.0, 0.0, 1.0]], [[1249.9629280788233, 0.0, 825.3768045375984], [0.0, 1249.9629280788233, 462.54816385708756], [0.0, 0.0, 1.0]]], "extrinsics": [[[0.8230488300323486, -0.5677783489227295, -0.014778951182961464, -0.86669921875], [0.003347740974277258, 0.030869757756590843, -0.9995177984237671, 1.488800048828125], [0.5679608583450317, 0.8226025700569153, 0.027308091521263123, -1.239776611328125], [0.0, 0.0, 0.0, 1.0]], [[0.010991250164806843, -0.9995788931846619, -0.026854898780584335, 0.008544921875], [0.005348021164536476, 0.026914900168776512, -0.9996234774589539, 1.480865478515625], [0.9999253153800964, 0.010843564756214619, 0.005641597788780928, -1.59619140625], [0.0, 0.0, 0.0, 1.0]], [[-0.8437001705169678, -0.5363972187042236, -0.0211682990193367, 0.999755859375], [0.013390965759754181, 0.018390964716672897, -0.9997411370277405, 1.4945006370544434], [0.5366477370262146, -0.8437653183937073, -0.008333584293723106, -1.2186279296875], [0.0, 0.0, 0.0, 1.0]], [[0.9477670788764954, 0.31896284222602844, -0.0004595208156388253, -1.1378173828125], [-0.011945473030209541, 0.03405507281422615, -0.999348521232605, 1.56195068359375], [-0.3187394440174103, 0.9471551775932312, 0.036086440086364746, -0.15869140625], [0.0, 0.0, 0.0, 1.0]], [[0.00888777431100607, 0.9996157288551331, 0.026258395984768867, -0.029052734375], [-0.009802612476050854, 0.0263452660292387, -0.9996047616004944, 1.5676155090332031], [-0.9999125003814697, 0.008626868948340416, 0.010032996535301208, 0.0003662109375], [0.0, 0.0, 0.0, 1.0]], [[-0.9239095449447632, 0.3825547695159912, 0.006556759122759104, 1.086669921875], [-0.005662580020725727, 0.00346329971216619, -0.9999779462814331, 1.5473575592041016], [-0.38256901502609253, -0.9239262342453003, -0.0010335282422602177, -0.0733642578125], [0.0, 0.0, 0.0, 1.0]]], "view": [[0.0, -2.0, 100.0], [-2.0, 0.0, 100.0], [0.0, 0.0, 1.0]], "bev": "bev_68505725a1a344f890426dadb78c582a.png", "aux": "aux_68505725a1a344f890426dadb78c582a.npz", "visibility": "visibility_68505725a1a344f890426dadb78c582a.png", "pose": [[-0.5253456830978394, 0.8508889079093933, 0.0, 1970.3369140625], [-0.8508889079093933, -0.5253456830978394, 0.0, 1067.73828125], [0.0, 0.0, 1.0, 0.0], [0.0, 0.0, 0.0, 1.0]], "pose_inverse": [[-0.5253456830978394, -0.8508889079093933, 0.0, 1943.6346435546875], [0.8508889079093933, -0.5253456830978394, 0.0, -1115.6060791015625], [0.0, 0.0, 1.0, 0.0], [0.0, 0.0, 0.0, 1.0]], "cam_ids": [0, 1, 2, 3, 4, 5], "cam_channels": ["CAM_FRONT_LEFT", "CAM_FRONT", "CAM_FRONT_RIGHT", "CAM_BACK_LEFT", "CAM_BACK", "CAM_BACK_RIGHT"], "token": "68505725a1a344f890426dadb78c582a", "scene": "scene-0819"}, {"images": ["samples/CAM_FRONT_LEFT/n008-2018-09-18-15-26-58-0400__CAM_FRONT_LEFT__1537299471354799.jpg", "samples/CAM_FRONT/n008-2018-09-18-15-26-58-0400__CAM_FRONT__1537299471362404.jpg", "samples/CAM_FRONT_RIGHT/n008-2018-09-18-15-26-58-0400__CAM_FRONT_RIGHT__1537299471370482.jpg", "samples/CAM_BACK_LEFT/n008-2018-09-18-15-26-58-0400__CAM_BACK_LEFT__1537299471397405.jpg", "samples/CAM_BACK/n008-2018-09-18-15-26-58-0400__CAM_BACK__1537299471387558.jpg", "samples/CAM_BACK_RIGHT/n008-2018-09-18-15-26-58-0400__CAM_BACK_RIGHT__1537299471378113.jpg"], "intrinsics": [[[1257.8625342125129, 0.0, 827.2410631095686], [0.0, 1257.8625342125129, 450.915498205774], [0.0, 0.0, 1.0]], [[1252.8131021185304, 0.0, 826.588114781398], [0.0, 1252.8131021185304, 469.9846626224581], [0.0, 0.0, 1.0]], [[1256.7485116440405, 0.0, 817.7887570959712], [0.0, 1256.7485116440403, 451.9541780095127], [0.0, 0.0, 1.0]], [[1254.9860565800168, 0.0, 829.5769333630991], [0.0, 1254.9860565800168, 467.1680561863987], [0.0, 0.0, 1.0]], [[796.8910634503094, 0.0, 857.7774326863696], [0.0, 796.8910634503094, 476.8848988407415], [0.0, 0.0, 1.0]], [[1249.9629280788233, 0.0, 825.3768045375984], [0.0, 1249.9629280788233, 462.54816385708756], [0.0, 0.0, 1.0]]], "extrinsics": [[[0.8224927186965942, -0.5684995651245117, -0.017721129581332207, -0.865966796875], [0.0027932757511734962, 0.03519357368350029, -0.9993765950202942, 1.4887161254882812], [0.5687688589096069, 0.821930468082428, 0.03053443320095539, -1.2388153076171875], [0.0, 0.0, 0.0, 1.0]], [[0.010169987566769123, -0.9994670748710632, -0.031017929315567017, 0.0076904296875], [0.004786232952028513, 0.03106783516705036, -0.9995058178901672, 1.480804443359375], [0.9999368190765381, 0.010016381740570068, 0.005099640227854252, -1.5953369140625], [0.0, 0.0, 0.0, 1.0]], [[-0.8440481424331665, -0.5357829928398132, -0.02278987504541874, 0.9991455078125], [0.012796685099601746, 0.022362209856510162, -0.9996680021286011, 1.4944483041763306], [0.5361147522926331, -0.8440596461296082, -0.012018537148833275, -1.218505859375], [0.0, 0.0, 0.0, 1.0]], [[0.9478994607925415, 0.3185696601867676, -0.0001062688825186342, -1.136474609375], [-0.012698383070528507, 0.03745054081082344, -0.9992178082466125, 1.56195068359375], [-0.3183164894580841, 0.9471593499183655, 0.039544668048620224, -0.158203125], [0.0, 0.0, 0.0, 1.0]], [[0.009307547472417355, 0.999510645866394, 0.029863277450203896, -0.0286865234375], [-0.010530623607337475, 0.029960887506604195, -0.9994955658912659, 1.5675888061523438], [-0.999901294708252, 0.008988364599645138, 0.010804333724081516, 0.0], [0.0, 0.0, 0.0, 1.0]