[{"images": ["samples/CAM_FRONT_LEFT/n015-2018-11-14-18-57-54+0800__CAM_FRONT_LEFT__1542193181504844.jpg", "samples/CAM_FRONT/n015-2018-11-14-18-57-54+0800__CAM_FRONT__1542193181512460.jpg", "samples/CAM_FRONT_RIGHT/n015-2018-11-14-18-57-54+0800__CAM_FRONT_RIGHT__1542193181520339.jpg", "samples/CAM_BACK_LEFT/n015-2018-11-14-18-57-54+0800__CAM_BACK_LEFT__1542193181547423.jpg", "samples/CAM_BACK/n015-2018-11-14-18-57-54+0800__CAM_BACK__1542193181537525.jpg", "samples/CAM_BACK_RIGHT/n015-2018-11-14-18-57-54+0800__CAM_BACK_RIGHT__1542193181527893.jpg"], "intrinsics": [[[1272.5979470598488, 0.0, 826.6154927353808], [0.0, 1272.5979470598488, 479.75165386361925], [0.0, 0.0, 1.0]], [[1266.417203046554, 0.0, 816.2670197447984], [0.0, 1266.417203046554, 491.50706579294757], [0.0, 0.0, 1.0]], [[1260.8474446004698, 0.0, 807.968244525554], [0.0, 1260.8474446004698, 495.3344268742088], [0.0, 0.0, 1.0]], [[1256.7414812095406, 0.0, 792.1125740759628], [0.0, 1256.7414812095406, 492.7757465151356], [0.0, 0.0, 1.0]], [[809.2209905677063, 0.0, 829.2196003259838], [0.0, 809.2209905677063, 481.77842384512485], [0.0, 0.0, 1.0]], [[1259.5137405846733, 0.0, 807.2529053838625], [0.0, 1259.5137405846733, 501.19579884916527], [0.0, 0.0, 1.0]]], "extrinsics": [[[0.827380895614624, -0.5616146922111511, 0.00544616486877203, -0.78643798828125], [-0.009712545201182365, -0.02400277741253376, -0.9996647238731384, 1.506011962890625], [0.5615571737289429, 0.8270506262779236, -0.025314150378108025, -1.15380859375], [0.0, 0.0, 0.0, 1.0]], [[0.015407702885568142, -0.9994910359382629, 0.02793184667825699, 0.00390625], [-0.015136301517486572, -0.028165115043520927, -0.9994886517524719, 1.5177001953125], [0.9997666478157043, 0.01497704815119505, -0.015562556684017181, -1.511962890625], [0.0, 0.0, 0.0, 1.0]], [[-0.828654408454895, -0.5595784783363342, 0.014273073524236679, 0.9140625], [-0.009820455685257912, -0.010961402207612991, -0.9998916983604431, 1.502227783203125], [0.5596743822097778, -0.828704833984375, 0.00358789786696434, -1.17266845703125], [0.0, 0.0, 0.0, 1.0]], [[0.9476041793823242, 0.31911996006965637, -0.014447645284235477, -1.136962890625], [-0.0012156213633716106, -0.04162443056702614, -0.9991325736045837, 1.5885391235351562], [-0.31944453716278076, 0.9467997550964355, -0.039055559784173965, -0.10498046875], [0.0, 0.0, 0.0, 1.0]], [[-0.0008353643352165818, 0.9995027780532837, -0.031521640717983246, 0.00341796875], [-0.026510128751397133, -0.03153270483016968, -0.9991511106491089, 1.577880859375], [-0.9996482133865356, 9.663070841270383e-07, 0.0265232864767313, -0.052734375], [0.0, 0.0, 0.0, 1.0]], [[-0.9369142055511475, 0.34937605261802673, -0.011319962330162525, 1.039794921875], [0.006132867187261581, -0.01594940759241581, -0.9998540282249451, 1.5520610809326172], [-0.34950560331344604, -0.936846911907196, 0.0128005500882864, -0.100830078125], [0.0, 0.0, 0.0, 1.0]]], "view": [[0.0, -2.0, 100.0], [-2.0, 0.0, 100.0], [0.0, 0.0, 1.0]], "bev": "bev_9711d62fa66f40a9894043673518b95f.png", "aux": "aux_9711d62fa66f40a9894043673518b95f.npz", "visibility": "visibility_9711d62fa66f40a9894043673518b95f.png", "pose": [[-0.8978021740913391, 0.4403989613056183, 0.0, 915.8854370117188], [-0.4403989613056183, -0.8978021740913391, 0.0, 2822.43701171875], [0.0, 0.0, 1.0, 0.0], [0.0, 0.0, 0.0, 1.0]], "pose_inverse": [[-0.8978021740913391, -0.4403989613056183, 0.0, 2065.2822265625], [0.4403989613056183, -0.8978021740913391, 0.0, 2130.63525390625], [0.0, 0.0, 1.0, 0.0], [0.0, 0.0, 0.0, 1.0]], "cam_ids": [0, 1, 2, 3, 4, 5], "cam_channels": ["CAM_FRONT_LEFT", "CAM_FRONT", "CAM_FRONT_RIGHT", "CAM_BACK_LEFT", "CAM_BACK", "CAM_BACK_RIGHT"], "token": "9711d62fa66f40a9894043673518b95f", "scene": "scene-0995"}, {"images": ["samples/CAM_FRONT_LEFT/n015-2018-11-14-18-57-54+0800__CAM_FRONT_LEFT__1542193182004844.jpg", "samples/CAM_FRONT/n015-2018-11-14-18-57-54+0800__CAM_FRONT__1542193182012460.jpg", "samples/CAM_FRONT_RIGHT/n015-2018-11-14-18-57-54+0800__CAM_FRONT_RIGHT__1542193182020339.jpg", "samples/CAM_BACK_LEFT/n015-2018-11-14-18-57-54+0800__CAM_BACK_LEFT__1542193182047423.jpg", "samples/CAM_BACK/n015-2018-11-14-18-57-54+0800__CAM_BACK__1542193182037525.jpg", "samples/CAM_BACK_RIGHT/n015-2018-11-14-18-57-54+0800__CAM_BACK_RIGHT__1542193182027893.jpg"], "intrinsics": [[[1272.5979470598488, 0.0, 826.6154927353808], [0.0, 1272.5979470598488, 479.75165386361925], [0.0, 0.0, 1.0]], [[1266.417203046554, 0.0, 816.2670197447984], [0.0, 1266.417203046554, 491.50706579294757], [0.0, 0.0, 1.0]], [[1260.8474446004698, 0.0, 807.968244525554], [0.0, 1260.8474446004698, 495.3344268742088], [0.0, 0.0, 1.0]], [[1256.7414812095406, 0.0, 792.1125740759628], [0.0, 1256.7414812095406, 492.7757465151356], [0.0, 0.0, 1.0]], [[809.2209905677063, 0.0, 829.2196003259838], [0.0, 809.2209905677063, 481.77842384512485], [0.0, 0.0, 1.0]], [[1259.5137405846733, 0.0, 807.2529053838625], [0.0, 1259.5137405846733, 501.19579884916527], [0.0, 0.0, 1.0]]], "extrinsics": [[[0.8241471648216248, -0.5663608312606812, 0.0041215852834284306, -0.7796173095703125], [-0.01500452309846878, -0.029107434675097466, -0.9994636178016663, 1.5047454833984375], [0.5661770105361938, 0.8236432075500488, -0.03248677775263786, -1.14892578125], [0.0, 0.0, 0.0, 1.0]], [[0.010897425003349781, -0.9993823766708374, 0.033406518399715424, 0.004150390625], [-0.02028653770685196, -0.03362258896231651, -0.9992287158966064, 1.5166168212890625], [0.9997348785400391, 0.01021126750856638, -0.020640406757593155, -1.504150390625], [0.0, 0.0, 0.0, 1.0]], [[-0.8306200504302979, -0.5564196705818176, 0.0216213371604681, 0.908203125], [-0.014744440093636513, -0.016837822273373604, -0.999749481678009, 1.5014266967773438], [0.5566443204879761, -0.8307307958602905, 0.005781737621873617, -1.16802978515625], [0.0, 0.0, 0.0, 1.0]], [[0.9476003646850586, 0.318744957447052, -0.02133236452937126, -1.137451171875], [-0.00612596794962883, -0.04863370209932327, -0.9987978339195251, 1.5885162353515625], [-0.31939932703971863, 0.9465920329093933, -0.044132694602012634, -0.105224609375], [0.0, 0.0, 0.0, 1.0]], [[0.0004972733440808952, 0.9992694854736328, -0.03821522369980812, 0.00341796875], [-0.031386811286211014, -0.03818080201745033, -0.9987778067588806, 1.5775146484375], [-0.9995072484016418, 0.0016961221117526293, 0.03134489431977272, -0.0565185546875], [0.0, 0.0, 0.0, 1.0]], [[-0.9360047578811646, 0.35187259316444397, -0.008982084691524506, 1.033203125], [0.0012354075442999601, -0.022233933210372925, -0.9997520446777344, 1.5515708923339844], [-0.35198506712913513, -0.935783863067627, 0.020376361906528473, -0.103271484375], [0.0, 0.0, 0.0, 1.0]]], "view": [[0.0, -2.0, 100.0], [-2.0, 0.0, 100.0], [0.0, 0.0, 1.0]], "bev": "bev_e350dd9c9d7f41f68c0e0a8c39c71454.png", "aux": "aux_e350dd9c9d7f41f68c0e0a8c39c71454.npz", "visibility": "visibility_e350dd9c9d7f41f68c0e0a8c39c71454.png", "pose": [[-0.9375048279762268, 0.3479723334312439, 0.0, 913.4995727539062], [-0.3479723334312439, -0.9375048279762268, 0.0, 2821.415771484375], [0.0, 0.0, 1.0, 0.0], [0.0, 0.0, 0.0, 1.0]], "pose_inverse": [[-0.9375048279762268, -0.3479723334312439, 0.0, 1838.1849365234375], [0.3479723334312439, -0.9375048279762268, 0.0, 2327.21826171875], [0.0, 0.0, 1.0, 0.0], [0.0, 0.0, 0.0, 1.0]], "cam_ids": [0, 1, 2, 3, 4, 5], "cam_channels": ["CAM_FRONT_LEFT", "CAM_FRONT", "CAM_FRONT_RIGHT", "CAM_BACK_LEFT", "CAM_BACK", "CAM_BACK_RIGHT"], "token": "e350dd9c9d7f41f68c0e0a8c39c71454", "scene": "scene-0995"}, {"images": ["samples/CAM_FRONT_LEFT/n015-2018-11-14-18-57-54+0800__CAM_FRONT_LEFT__1542193182504844.jpg", "samples/CAM_FRONT/n015-2018-11-14-18-57-54+0800__CAM_FRONT__1542193182512460.jpg", "samples/CAM_FRONT_RIGHT/n015-2018-11-14-18-57-54+0800__CAM_FRONT_RIGHT__1542193182520339.jpg", "samples/CAM_BACK_LEFT/n015-2018-11-14-18-57-54+0800__CAM_BACK_LEFT__1542193182547423.jpg", "samples/CAM_BACK/n015-2018-11-14-18-57-54+0800__CAM_BACK__1542193182537525.jpg", "samples/CAM_BACK_RIGHT/n015-2018-11-14-18-57-54+0800__CAM_BACK_RIGHT__1542193182527893.jpg"], "intrinsics": [[[1272.5979470598488, 0.0, 826.6154927353808], [0.0, 1272.5979470598488, 479.75165386361925], [0.0, 0.0, 1.0]], [[1266.417203046554, 0.0, 816.2670197447984], [0.0, 1266.417203046554, 491.50706579294757], [0.0, 0.0, 1.0]], [[1260.8474446004698, 0.0, 807.968244525554], [0.0, 1260.8474446004698, 495.3344268742088], [0.0, 0.0, 1.0]], [[1256.7414812095406, 0.0, 792.1125740759628], [0.0, 1256.7414812095406, 492.7757465151356], [0.0, 0.0, 1.0]], [[809.2209905677063, 0.0, 829.2196003259838], [0.0, 809.2209905677063, 481.77842384512485], [0.0, 0.0, 1.0]], [[1259.5137405846733, 0.0, 807.2529053838625], [0.0, 1259.5137405846733, 501.19579884916527], [0.0, 0.0, 1.0]]], "extrinsics": [[[0.8231624960899353, -0.5677974820137024, 0.0030827198643237352, -0.7696800231933594], [-0.01494597364217043, -0.027094535529613495, -0.9995211362838745, 1.5046463012695312], [0.5676091313362122, 0.8227221965789795, -0.030789492651820183, -1.143798828125], [0.0, 0.0, 0.0, 1.0]], [[0.00937782321125269, -0.9994732141494751, 0.031069369986653328, 0.005615234375], [-0.020166991278529167, -0.031253453344106674, -0.9993080496788025, 1.51654052734375], [0.9997526407241821, 0.008744734339416027, -0.020449455827474594, -1.49658203125], [0.0, 0.0, 0.0, 1.0]], [[-0.8313404321670532, -0.5554061532020569, 0.01992429792881012, 0.9052734375], [-0.01453150063753128, -0.014115042984485626, -0.9997947216033936, 1.5014190673828125], [0.5555734038352966, -0.8314593434333801, 0.003663522657006979, -1.1654052734375], [0.0, 0.0, 0.0, 1.0]], [[0.9476693868637085, 0.3186580538749695, -0.019488153979182243, -1.141357421875], [-0.005614819470793009, -0.04439755901694298, -0.9989981055259705, 1.5885543823242188], [-0.3192040026187897, 0.9468294382095337, -0.04028499871492386, -0.1041259765625], [0.0, 0.0, 0.0, 1.0]], [[0.0011488856980577111, 0.999401330947876, -0.03457902371883392, 0.0029296875], [-0.031068848446011543, -0.034526679664850235, -0.998920738697052, 1.577606201171875], [-0.9995166063308716, 0.002222006907686591, 0.031010577455163002, -0.05419921875], [0.0, 0.0, 0.0, 1.0]], [[-0.9356259107589722, 0.3528994619846344, -0.008130930364131927, 1.03375244140625], [0.0014667826471850276, -0.019147299230098724, -0.9998155832290649, 1.5516014099121094], [-0.35299012064933777, -0.9354653358459473, 0.01739707961678505, -0.10302734375], [0.0, 0.0, 0.0, 1.0]]], "view": [[0.0, -2.0, 100.0], [-2.0, 0.0, 100.0], [0.0, 0.0, 1.0]], "bev": "bev_aa4d424704b24b82b877bc9f4cb0c96b.png", "aux": "aux_aa4d424704b24b82b877bc9f4cb0c96b.npz", "visibility": "visibility_aa4d424704b24b82b877bc9f4cb0c96b.png", "pose": [[-0.9591567516326904, 0.28287509083747864, 0.0, 910.8993530273438], [-0.28287509083747864, -0.9591567516326904, 0.0, 2820.55029296875], [0.0, 0.0, 1.0, 0.0], [0.0, 0.0, 0.0, 1.0]], "pose_inverse": [[-0.9591567516326904, -0.28287509083747864, 0.0, 1671.5587158203125], [0.28287509083747864, -0.9591567516326904, 0.0, 2447.67919921875], [0.0, 0.0, 1.0, 0.0], [0.0, 0.0, 0.0, 1.0]], "cam_ids": [0, 1, 2, 3, 4, 5], "cam_channels": ["CAM_FRONT_LEFT", "CAM_FRONT", "CAM_FRONT_RIGHT", "CAM_BACK_LEFT", "CAM_BACK", "CAM_BACK_RIGHT"], "token": "aa4d424704b24b82b877bc9f4cb0c96b", "scene": "scene-0995"}, {"images": ["samples/CAM_FRONT_LEFT/n015-2018-11-14-18-57-54+0800__CAM_FRONT_LEFT__1542193183004844.jpg", "samples/CAM_FRONT/n015-2018-11-14-18-57-54+0800__CAM_FRONT__1542193183012460.jpg", "samples/CAM_FRONT_RIGHT/n015-2018-11-14-18-57-54+0800__CAM_FRONT_RIGHT__1542193183020339.jpg", "samples/CAM_BACK_LEFT/n015-2018-11-14-18-57-54+0800__CAM_BACK_LEFT__1542193183047423.jpg", "samples/CAM_BACK/n015-2018-11-14-18-57-54+0800__CAM_BACK__1542193183037525.jpg", "samples/CAM_BACK_RIGHT/n015-2018-11-14-18-57-54+0800__CAM_BACK_RIGHT__1542193183027893.jpg"], "intrinsics": [[[1272.5979470598488, 0.0, 826.6154927353808], [0.0, 1272.5979470598488, 479.75165386361925], [0.0, 0.0, 1.0]], [[1266.417203046554, 0.0, 816.2670197447984], [0.0, 1266.417203046554, 491.50706579294757], [0.0, 0.0, 1.0]], [[1260.8474446004698, 0.0, 807.968244525554], [0.0, 1260.8474446004698, 495.3344268742088], [0.0, 0.0, 1.0]], [[1256.7414812095406, 0.0, 792.1125740759628], [0.0, 1256.7414812095406, 492.7757465151356], [0.0, 0.0, 1.0]], [[809.2209905677063, 0.0, 829.2196003259838], [0.0, 809.2209905677063, 481.77842384512485], [0.0, 0.0, 1.0]], [[1259.5137405846733, 0.0, 807.2529053838625], [0.0, 1259.5137405846733, 501.19579884916527], [0.0, 0.0, 1.0]]], "extrinsics": [[[0.8222357034683228, -0.5691179633140564, 0.005769805982708931, -0.756317138671875], [-0.005851937457919121, -0.018590843304991722, -0.9998100399971008, 1.5067214965820312], [0.5691171288490295, 0.8220457434654236, -0.01861649565398693, -1.133544921875], [0.0, 0.0, 0.0, 1.0]], [[0.007900790311396122, -0.9997165203094482, 0.02245999500155449, 0.005126953125], [-0.010962058790028095, -0.022545939311385155, -0.9996857047080994, 1.5181961059570312], [0.9999087452888489, 0.0076520852744579315, -0.011137081310153008, -1.48193359375], [0.0, 0.0, 0.0, 1.0]], [[-0.8319885730743408, -0.5547460913658142, 0.007201393600553274, 0.8955078125], [-0.005185072775930166, -0.005204685032367706, -0.9999729990959167, 1.5027923583984375], [0.5547686219215393, -0.8320034146308899, 0.001453839591704309, -1.15869140625], [0.0, 0.0, 0.0, 1.0]], [[0.9477363228797913, 0.31897369027137756, -0.007182334084063768, -1.13818359375], [0.004275059327483177, -0.0352049246430397, -0.9993709325790405, 1.58856201171875], [-0.3190259039402008, 0.947109580039978, -0.03472861647605896, -0.1051025390625], [0.0, 0.0, 0.0, 1.0]], [[0.0016766027547419071, 0.9996772408485413, -0.025351880118250847, 0.003173828125], [-0.02141997404396534, -0.025310199707746506, -0.999450147151947, 1.5780181884765625], [-0.9997691512107849, 0.0022186930291354656, 0.021370623260736465, -0.0604248046875], [0.0, 0.0, 0.0, 1.0]], [[-0.9352893829345703, 0.35361528396606445, -0.013779268600046635, 1.02496337890625], [0.010919099673628807, -0.010082226246595383, -0.9998895525932312, 1.5527448654174805], [-0.3537151515483856, -0.9353366494178772, 0.005568637512624264, -0.106689453125], [0.0, 0.0, 0.0, 1.0]]], "view": [[0.0, -2.0, 100.0], [-2.0, 0.0, 100.0], [0.0, 0.0, 1.0]], "bev": "bev_9fa6c8ae0c9d4675920a477a62241e4e.png", "aux": "aux_9fa6c8ae0c9d4675920a477a62241e4e.npz", "visibility": "visibility_9fa6c8ae0c9d4675920a477a62241e4e.png", "pose": [[-0.9698328971862793, 0.2437708079814911, 0.0, 908.1785888671875], [-0.2437708079814911, -0.9698328971862793, 0.0, 2819.7998046875], [0.0, 0.0, 1.0, 0.0], [0.0, 0.0, 0.0, 1.0]], "pose_inverse": [[-0.9698328971862793, -0.2437708079814911, 0.0, 1568.166259765625], [0.2437708079814911, -0.9698328971862793, 0.0, 2513.34716796875], [0.0, 0.0, 1.0, 0.0], [0.0, 0.0, 0.0, 1.0]], "cam_ids": [0, 1, 2, 3, 4, 5], "cam_channels": ["CAM_FRONT_LEFT", "CAM_FRONT", "CAM_FRONT_RIGHT", "CAM_BACK_LEFT", "CAM_BACK", "CAM_BACK_RIGHT"], "token": "9fa6c8ae0c9d4675920a477a62241e4e", "scene": "scene-0995"}, {"images": ["samples/CAM_FRONT_LEFT/n015-2018-11-14-18-57-54+0800__CAM_FRONT_LEFT__1542193183504844.jpg", "samples/CAM_FRONT/n015-2018-11-14-18-57-54+0800__CAM_FRONT__1542193183512460.jpg", "samples/CAM_FRONT_RIGHT/n015-2018-11-14-18-57-54+0800__CAM_FRONT_RIGHT__1542193183520339.jpg", "samples/CAM_BACK_LEFT/n015-2018-11-14-18-57-54+0800__CAM_BACK_LEFT__1542193183547423.jpg", "samples/CAM_BACK/n015-2018-11-14-18-57-54+0800__CAM_BACK__1542193183537525.jpg", "samples/CAM_BACK_RIGHT/n015-2018-11-14-18-57-54+0800__CAM_BACK_RIGHT__1542193183527893.jpg"], "intrinsics": [[[1272.5979470598488, 0.0, 826.6154927353808], [0.0, 1272.5979470598488, 479.75165386361925], [0.0, 0.0, 1.0]], [[1266.417203046554, 0.0, 816.2670197447984], [0.0, 1266.417203046554, 491.50706579294757], [0.0, 0.0, 1.0]], [[1260.8474446004698, 0.0, 807.968244525554], [0.0, 1260.8474446004698, 495.3344268742088], [0.0, 0.0, 1.0]], [[1256.7414812095406, 0.0, 792.1125740759628], [0.0, 1256.7414812095406, 492.7757465151356], [0.0, 0.0, 1.0]], [[809.2209905677063, 0.0, 829.2196003259838], [0.0, 809.2209905677063, 481.77842384512485], [0.0, 0.0, 1.0]], [[1259.5137405846733, 0.0, 807.2529053838625], [0.0, 1259.5137405846733, 501.19579884916527], [0.0, 0.0, 1.0]]], "extrinsics": [[[0.822479784488678, -0.5687156319618225, 0.009461787529289722, -0.761474609375], [3.480779196252115e-05, -0.016584487631917, -0.9998624920845032, 1.5082550048828125], [0.568794310092926, 0.8223670125007629, -0.013620610348880291, -1.1396484375], [0.0, 0.0, 0.0, 1.0]], [[0.008176508359611034, -0.9997566938400269, 0.02048453316092491, 0.006591796875], [-0.005190723575651646, -0.020527377724647522, -0.9997758269309998, 1.5194816589355469], [0.9999530911445618, 0.008068328723311424, -0.005357303190976381, -1.4891357421875], [0.0, 0.0, 0.0, 1.0]], [[-0.8318319320678711, -0.5550258159637451, 0.00137418566737324, 0.901611328125], [0.00046203588135540485, -0.0031683461274951696, -0.9999948740005493, 1.5037174224853516], [0.5550273060798645, -0.8318270444869995, 0.00289197382517159, -1.161376953125], [0.0, 0.0, 0.0, 1.0]], [[0.9477481842041016, 0.3190150558948517, -0.0016854343703016639, -1.142822265625], [0.009330488741397858, -0.03299969807267189, -0.9994118213653564, 1.5885467529296875], [-0.31888291239738464, 0.9471749663352966, -0.034251973032951355, -0.1033935546875], [0.0, 0.0, 0.0, 1.0]], [[0.001658171066083014, 0.9997290968894958, -0.023218298330903053, 0.002685546875], [-0.016133595257997513, -0.02318856120109558, -0.9996009469032288, 1.5784378051757812], [-0.9998684525489807, 0.002032106276601553, 0.016090773046016693, -0.0552978515625], [0.0, 0.0, 0.0, 1.0]], [[-0.9352917671203613, 0.3534095883369446, -0.01819087751209736, 1.030303955078125], [0.016416089609265327, -0.00801905244588852, -0.9998331069946289, 1.5533137321472168], [-0.3534964919090271, -0.9354342222213745, 0.0016985487891361117, -0.103759765625], [0.0, 0.0, 0.0, 1.0]]], "view": [[0.0, -2.0, 100.0], [-2.0, 0.0, 100.0], [0.0, 0.0, 1.0]], "bev": "bev_6f3a03abb05941939da51c90df7d3ea9.png", "aux": "aux_6f3a03abb05941939da51c90df7d3ea9.npz", "visibility": "visibility_6f3a03abb05941939da51c90df7d3ea9.png", "pose": [[-0.9770510196685791, 0.21300534904003143, 0.0, 905.40087890625], [-0.21300534904003143, -0.9770510196685791, 0.0, 2819.145263671875], [0.0, 0.0, 1.0, 0.0], [0.0, 0.0, 0.0, 1.0]], "pose_inverse": [[-0.9770510196685791, -0.21300534904003143, 0.0, 1485.1158447265625], [0.21300534904003143, -0.9770510196685791, 0.0, 2561.593505859375], [0.0, 0.0, 1.0, 0.0], [0.0, 0.0, 0.0, 1.0]], "cam_ids": [0, 1, 2, 3, 4, 5], "cam_channels": ["CAM_FRONT_LEFT", "CAM_FRONT", "CAM_FRONT_RIGHT", "CAM_BACK_LEFT", "CAM_BACK", "CAM_BACK_RIGHT"], "token": "6f3a03abb05941939da51c90df7d3ea9", "scene": "scene-0995"}, {"images": ["samples/CAM_FRONT_LEFT/n015-2018-11-14-18-57-54+0800__CAM_FRONT_LEFT__1542193184004844.jpg", "samples/CAM_FRONT/n015-2018-11-14-18-57-54+0800__CAM_FRONT__1542193184012460.jpg", "samples/CAM_FRONT_RIGHT/n015-2018-11-14-18-57-54+0800__CAM_FRONT_RIGHT__1542193184020339.jpg", "samples/CAM_BACK_LEFT/n015-2018-11-14-18-57-54+0800__CAM_BACK_LEFT__1542193184047423.jpg", "samples/CAM_BACK/n015-2018-11-14-18-57-54+0800__CAM_BACK__1542193184037525.jpg", "samples/CAM_BACK_RIGHT/n015-2018-11-14-18-57-54+0800__CAM_BACK_RIGHT__1542193184027893.jpg"], "intrinsics": [[[1272.5979470598488, 0.0, 826.6154927353808], [0.0, 1272.5979470598488, 479.75165386361925], [0.0, 0.0, 1.0]], [[1266.417203046554, 0.0, 816.2670197447984], [0.0, 1266.417203046554, 491.50706579294757], [0.0, 0.0, 1.0]], [[1260.8474446004698, 0.0, 807.968244525554], [0.0, 1260.8474446004698, 495.3344268742088], [0.0, 0.0, 1.0]], [[1256.7414812095406, 0.0, 792.1125740759628], [0.0, 1256.7414812095406, 492.7757465151356], [0.0, 0.0, 1.0]], [[809.2209905677063, 0.0, 829.2196003259838], [0.0, 809.2209905677063, 481.77842384512485], [0.0, 0.0, 1.0]], [[1259.5137405846733, 0.0, 807.2529053838625], [0.0, 1259.5137405846733, 501.19579884916527], [0.0, 0.0, 1.0]]], "extrinsics": [[[0.8224171996116638, -0.5688830018043518, 0.0014890973689034581, -0.753326416015625], [-0.002829787554219365, -0.006708451081067324, -0.999973475933075, 1.5075263977050781], [0.5688778758049011, 0.8223910927772522, -0.007126962300390005, -1.134521484375], [0.0, 0.0, 0.0, 1.0]], [[0.008097652345895767, -0.999912440776825, 0.010466275736689568, 0.007568359375], [-0.008381552994251251, -0.01053412165492773, -0.9999094009399414, 1.5187721252441406], [0.9999319911003113, 0.00800919160246849, -0.00846611987799406, -1.4814453125], [0.0, 0.0, 0.0, 1.0]], [[-0.8318589329719543, -0.554985523223877, -0.001305877696722746, 0.89697265625], [-0.0030650009866803885, 0.006947008427232504, -0.9999711513519287, 1.503138542175293], [0.5549785494804382, -0.8318309783935547, -0.007479961961507797, -1.157470703125], [0.0, 0.0, 0.0, 1.0]], [[0.9477713108062744, 0.3189387917518616, -0.002743086777627468, -1.14306640625], [0.00473804771900177, -0.022678127512335777, -0.9997315406799316, 1.5885429382324219], [-0.31891539692878723, 0.947503924369812, -0.02300482802093029, -0.103271484375], [0.0, 0.0, 0.0, 1.0]], [[0.001612114254385233, 0.9999151229858398, -0.012931887991726398, 0.00244140625], [-0.0202795397490263, -0.012896553613245487, -0.9997111558914185, 1.5781631469726562], [-0.9997930526733398, 0.0018739037914201617, 0.020257025957107544, -0.0572509765625], [0.0, 0.0, 0.0, 1.0]], [[-0.935356616973877, 0.3535332679748535, -0.01105653215199709, 1.025909423828125], [0.012649067677557468, 0.0021943224128335714, -0.9999175667762756, 1.552938461303711], [-0.35347986221313477, -0.9354194402694702, -0.006524339783936739, -0.104736328125], [0.0, 0.0, 0.0, 1.0]]], "view": [[0.0, -2.0, 100.0], [-2.0, 0.0, 100.0], [0.0, 0.0, 1.0]], "bev": "bev_efec5e2da08443c29bf1862444d36b4a.png", "aux": "aux_efec5e2da08443c29bf1862444d36b4a.npz", "visibility": "visibility_efec5e2da08443c29bf1862444d36b4a.png", "pose": [[-0.9832345247268677, 0.1823454201221466, 0.0, 902.5250854492188], [-0.1823454201221466, -0.9832345247268677, 0.0, 2818.573486328125], [0.0, 0.0, 1.0, 0.0], [0.0, 0.0, 0.0, 1.0]], "pose_inverse": [[-0.9832345247268677, -0.1823454201221466, 0.0, 1401.3477783203125], [0.1823454201221466, -0.9832345247268677, 0.0, 2606.74755859375], [0.0, 0.0, 1.0, 0.0], [0.0, 0.0, 0.0, 1.0]], "cam_ids": [0, 1, 2, 3, 4, 5], "cam_channels": ["CAM_FRONT_LEFT", "CAM_FRONT", "CAM_FRONT_RIGHT", "CAM_BACK_LEFT", "CAM_BACK", "CAM_BACK_RIGHT"], "token": "efec5e2da08443c29bf1862444d36b4a", "scene": "scene-0995"}, {"images": ["samples/CAM_FRONT_LEFT/n015-2018-11-14-18-57-54+0800__CAM_FRONT_LEFT__1542193184404844.jpg", "samples/CAM_FRONT/n015-2018-11-14-18-57-54+0800__CAM_FRONT__1542193184412460.jpg", "samples/CAM_FRONT_RIGHT/n015-2018-11-14-18-57-54+0800__CAM_FRONT_RIGHT__1542193184420339.jpg", "samples/CAM_BACK_LEFT/n015-2018-11-14-18-57-54+0800__CAM_BACK_LEFT__1542193184447423.jpg", "samples/CAM_BACK/n015-2018-11-14-18-57-54+0800__CAM_BACK__1542193184437536.jpg", "samples/CAM_BACK_RIGHT/n015-2018-11-14-18-57-54+0800__CAM_BACK_RIGHT__1542193184427982.jpg"], "intrinsics": [[[1272.5979470598488, 0.0, 826.6154927353808], [0.0, 1272.5979470598488, 479.75165386361925], [0.0, 0.0, 1.0]], [[1266.417203046554, 0.0, 816.2670197447984], [0.0, 1266.417203046554, 491.50706579294757], [0.0, 0.0, 1.0]], [[1260.8474446004698, 0.0, 807.968244525554], [0.0, 1260.8474446004698, 495.3344268742088], [0.0, 0.0, 1.0]], [[1256.7414812095406, 0.0, 792.1125740759628], [0.0, 1256.7414812095406, 492.7757465151356], [0.0, 0.0, 1.0]], [[809.2209905677063, 0.0, 829.2196003259838], [0.0, 809.2209905677063, 481.77842384512485], [0.0, 0.0, 1.0]], [[1259.5137405846733, 0.0, 807.2529053838625], [0.0, 1259.5137405846733, 501.19579884916527], [0.0, 0.0, 1.0]]], "extrinsics": [[[0.8217807412147522, -0.5696657299995422, -0.012545541860163212, -0.7650146484375], [-0.016789380460977554, -0.0022003203630447388, -0.9998566508293152, 1.5041961669921875], [0.5695564150810242, 0.8218735456466675, -0.011372515931725502, -1.14453125], [0.0, 0.0, 0.0, 1.0]], [[0.007376892026513815, -0.9999544620513916, 0.006063099019229412, 0.008544921875], [-0.022122573107481003, -0.006224977318197489, -0.999735951423645, 1.5161514282226562], [0.9997280240058899, 0.00724082300439477, -0.02216748520731926, -1.49365234375], [0.0, 0.0, 0.0, 1.0]], [[-0.8322370052337646, -0.5543670058250427, 0.007667269557714462, 0.90478515625], [-0.016565989702939987, 0.011041566729545593, -0.9998018145561218, 1.5010747909545898], [0.5541724562644958, -0.8321990966796875, -0.01837283745408058, -1.1619873046875], [0.0, 0.0, 0.0, 1.0]], [[0.9476935267448425, 0.3188856542110443, -0.013742933981120586, -1.140869140625], [-0.008028815500438213, -0.019226621836423874, -0.9997828602790833, 1.5885429382324219], [-0.319080650806427, 0.9475982189178467, -0.015660671517252922, -0.10400390625], [0.0, 0.0, 0.0, 1.0]], [[0.0018686121329665184, 0.9999551177024841, -0.009288596920669079, 0.002197265625], [-0.03337366133928299, -0.009221079759299755, -0.9994004368782043, 1.5774688720703125], [-0.9994411468505859, 0.0021774987690150738, 0.03335493430495262, -0.0550537109375], [0.0, 0.0, 0.0, 1.0]], [[-0.935167133808136, 0.3541955053806305, 0.002821057802066207, 1.032012939453125], [-0.000708370003849268, 0.006094262469559908, -0.9999812245368958, 1.551361083984375], [-0.35420602560043335, -0.9351515769958496, -0.005448253825306892, -0.10205078125], [0.0, 0.0, 0.0, 1.0]]], "view": [[0.0, -2.0, 100.0], [-2.0, 0.0, 100.0], [0.0, 0.0, 1.0]], "bev": "bev_85d864f57cee4916b91f2d8eff9dd20b.png", "aux": "aux_85d864f57cee4916b91f2d8eff9dd20b.npz", "visibility": "visibility_85d864f57cee4916b91f2d8eff9dd20b.png", "pose": [[-0.9863514304161072, 0.16465377807617188, 0.0, 900.2353515625], [-0.16465377807617188, -0.9863514304161072, 0.0, 2818.184326171875], [0.0, 0.0, 1.0, 0.0], [0.0, 0.0, 0.0, 1.0]], "pose_inverse": [[-0.9863514304161072, -0.16465377807617188, 0.0, 1351.97314453125], [0.16465377807617188, -0.9863514304161072, 0.0, 2631.492919921875], [0.0, 0.0, 1.0, 0.0], [0.0, 0.0, 0.0, 1.0]], "cam_ids": [0, 1, 2, 3, 4, 5], "cam_channels": ["CAM_FRONT_LEFT", "CAM_FRONT", "CAM_FRONT_RIGHT", "CAM_BACK_LEFT", "CAM_BACK", "CAM_BACK_RIGHT"], "token": "85d864f57cee4916b91f2d8eff9dd20b", "scene": "scene-0995"}, {"images": ["samples/CAM_FRONT_LEFT/n015-2018-11-14-18-57-54+0800__CAM_FRONT_LEFT__1542193184904844.jpg", "samples/CAM_FRONT/n015-2018-11-14-18-57-54+0800__CAM_FRONT__1542193184912460.jpg", "samples/CAM_FRONT_RIGHT/n015-2018-11-14-18-57-54+0800__CAM_FRONT_RIGHT__1542193184920339.jpg", "samples/CAM_BACK_LEFT/n015-2018-11-14-18-57-54+0800__CAM_BACK_LEFT__1542193184947423.jpg", "samples/CAM_BACK/n015-2018-11-14-18-57-54+0800__CAM_BACK__1542193184937525.jpg", "samples/CAM_BACK_RIGHT/n015-2018-11-14-18-57-54+0800__CAM_BACK_RIGHT__1542193184927893.jpg"], "intrinsics": [[[1272.5979470598488, 0.0, 826.6154927353808], [0.0, 1272.5979470598488, 479.75165386361925], [0.0, 0.0, 1.0]], [[1266.417203046554, 0.0, 816.2670197447984], [0.0, 1266.417203046554, 491.50706579294757], [0.0, 0.0, 1.0]], [[1260.8474446004698, 0.0, 807.968244525554], [0.0, 1260.8474446004698, 495.3344268742088], [0.0, 0.0, 1.0]], [[1256.7414812095406, 0.0, 792.1125740759628], [0.0, 1256.7414812095406, 492.7757465151356], [0.0, 0.0, 1.0]], [[809.2209905677063, 0.0, 829.2196003259838], [0.0, 809.2209905677063, 481.77842384512485], [0.0, 0.0, 1.0]], [[1259.5137405846733, 0.0, 807.2529053838625], [0.0, 1259.5137405846733, 501.19579884916527], [0.0, 0.0, 1.0]]], "extrinsics": [[[0.8213628530502319, -0.5701384544372559, -0.017468605190515518, -0.7642822265625], [-0.02074377052485943, 0.0007483758381567895, -0.999784529209137, 1.5031814575195312], [0.5700286626815796, 0.821548342704773, -0.01121213287115097, -1.141357421875], [0.0, 0.0, 0.0, 1.0]], [[0.006903591100126505, -0.9999715089797974, 0.0030250896234065294, 0.006591796875], [-0.026035064831376076, -0.003203874221071601, -0.9996559619903564, 1.5152740478515625], [0.9996371865272522, 0.006822413764894009, -0.0260564424097538, -1.490234375], [0.0, 0.0, 0.0, 1.0]], [[-0.8324013352394104, -0.5540972948074341, 0.009175478480756283, 0.89990234375], [-0.020427128300070763, 0.014132755808532238, -0.9996914267539978, 1.5004024505615234], [0.5537967085838318, -0.8323318958282471, -0.023082740604877472, -1.1607666015625], [0.0, 0.0, 0.0, 1.0]], [[0.9476429224014282, 0.3189278841018677, -0.01605561003088951, -1.138916015625], [-0.011655458249151707, -0.01570049300789833, -0.9998087882995605, 1.5885124206542969], [-0.3191189765930176, 0.9476488828659058, -0.01116121280938387, -0.104736328125], [0.0, 0.0, 0.0, 1.0]], [[0.0019549585413187742, 0.9999802708625793, -0.005978356581181288, 0.002685546875], [-0.037112344056367874, -0.005901697091758251, -0.9992936849594116, 1.5770912170410156], [-0.9993091225624084, 0.0021754286717623472, 0.03710006922483444, -0.0592041015625], [0.0, 0.0, 0.0, 1.0]], [[-0.93506920337677, 0.3543856739997864, 0.0075094872154295444, 1.0269775390625], [-0.004521811846643686, 0.009257937781512737, -0.9999468922615051, 1.5509223937988281], [-0.35443639755249023, -0.9350535273551941, -0.007054348010569811, -0.10498046875], [0.0, 0.0, 0.0, 1.0]]], "view": [[0.0, -2.0, 100.0], [-2.0, 0.0, 100.0], [0.0, 0.0, 1.0]], "bev": "bev_5770fd2538974fa2959a40ee59ef2bd3.png", "aux": "aux_5770fd2538974fa2959a40ee59ef2bd3.npz", "visibility": "visibility_5770fd2538974fa2959a40ee59ef2bd3.png", "pose": [[-0.989281952381134, 0.14601776003837585, 0.0, 897.4268798828125], [-0.14601776003837585, -0.989281952381134, 0.0, 2817.751220703125], [0.0, 0.0, 1.0, 0.0], [0.0, 0.0, 0.0, 1.0]], "pose_inverse": [[-0.989281952381134, -0.14601776003837585, 0.0, 1299.25], [0.14601776003837585, -0.989281952381134, 0.0, 2656.51025390625], [0.0, 0.0, 1.0, 0.0], [0.0, 0.0, 0.0, 1.0]], "cam_ids": [0, 1, 2, 3, 4, 5], "cam_channels": ["CAM_FRONT_LEFT", "CAM_FRONT", "CAM_FRONT_RIGHT", "CAM_BACK_LEFT", "CAM_BACK", "CAM_BACK_RIGHT"], "token": "5770fd2538974fa2959a40ee59ef2bd3", "scene": "scene-0995"}, {"images": ["samples/CAM_FRONT_LEFT/n015-2018-11-14-18-57-54+0800__CAM_FRONT_LEFT__1542193185404844.jpg", "samples/CAM_FRONT/n015-2018-11-14-18-57-54+0800__CAM_FRONT__1542193185412460.jpg", "samples/CAM_FRONT_RIGHT/n015-2018-11-14-18-57-54+0800__CAM_FRONT_RIGHT__1542193185420339.jpg", "samples/CAM_BACK_LEFT/n015-2018-11-14-18-57-54+0800__CAM_BACK_LEFT__1542193185447423.jpg", "samples/CAM_BACK/n015-2018-11-14-18-57-54+0800__CAM_BACK__1542193185437525.jpg", "samples/CAM_BACK_RIGHT/n015-2018-11-14-18-57-54+0800__CAM_BACK_RIGHT__1542193185427893.jpg"], "intrinsics": [[[1272.5979470598488, 0.0, 826.6154927353808], [0.0, 1272.5979470598488, 479.75165386361925], [0.0, 0.0, 1.0]], [[1266.417203046554, 0.0, 816.2670197447984], [0.0, 1266.417203046554, 491.50706579294757], [0.0, 0.0, 1.0]], [[1260.8474446004698, 0.0, 807.968244525554], [0.0, 1260.8474446004698, 495.3344268742088], [0.0, 0.0, 1.0]], [[1256.7414812095406, 0.0, 792.1125740759628], [0.0, 1256.7414812095406, 492.7757465151356], [0.0, 0.0, 1.0]], [[809.2209905677063, 0.0, 829.2196003259838], [0.0, 809.2209905677063, 481.77842384512485], [0.0, 0.0, 1.0]], [[1259.5137405846733, 0.0, 807.2529053838625], [0.0, 1259.5137405846733, 501.19579884916527], [0.0, 0.0, 1.0]]], "extrinsics": [[[0.8201677799224854, -0.5708531737327576, -0.03809831663966179, -0.759429931640625], [-0.04426807910203934, 0.0030717833433300257, -0.9990149736404419, 1.4971733093261719], [0.5704078674316406, 0.8210464119911194, -0.02275119349360466, -1.13818359375], [0.0, 0.0, 0.0, 1.0]], [[0.006112740840762854, -0.9999810457229614, 0.0006839287234470248, 0.0068359375], [-0.05043073743581772, -0.0009913468966260552, -0.9987270832061768, 1.5100860595703125], [0.9987087845802307, 0.006070486735552549, -0.05043583735823631, -1.4854736328125], [0.0, 0.0, 0.0, 1.0]], [[-0.8323138356208801, -0.5535401105880737, 0.029103843495249748, 0.8974609375], [-0.045714739710092545, 0.01622181199491024, -0.9988227486610413, 1.4962148666381836], [0.5524163246154785, -0.8326644897460938, -0.038806576281785965, -1.1585693359375], [0.0, 0.0, 0.0, 1.0]], [[0.9468604922294617, 0.31882068514823914, -0.04252642020583153, -1.1395263671875], [-0.04014558345079422, -0.014038222841918468, -0.9990952014923096, 1.5884475708007812], [-0.31912922859191895, 0.9477111101150513, -0.0004929975839331746, -0.10498046875], [0.0, 0.0, 0.0, 1.0]], [[0.0022061369381844997, 0.9999886155128479, -0.004233017563819885, 0.002685546875], [-0.0643211305141449, -0.004082362167537212, -0.9979209303855896, 1.5753555297851562], [-0.9979268312454224, 0.0024738037027418613, 0.06431139260530472, -0.06005859375], [0.0, 0.0, 0.0, 1.0]], [[-0.934332013130188, 0.3549094796180725, 0.03260302171111107, 1.0242156982421875], [-0.030616097152233124, 0.01121436432003975, -0.9994683265686035, 1.5477771759033203], [-0.35508641600608826, -0.9348334074020386, 0.0003880037984345108, -0.10595703125], [0.0, 0.0, 0.0, 1.0]]], "view": [[0.0, -2.0, 100.0], [-2.0, 0.0, 100.0], [0.0, 0.0, 1.0]], "bev": "bev_18263114311e4f2cb417be178bed4bf0.png", "aux": "aux_18263114311e4f2cb417be178bed4bf0.npz", "visibility": "visibility_18263114311e4f2cb417be178bed4bf0.png", "pose": [[-0.9916360974311829, 0.12906518578529358, 0.0, 894.5845947265625], [-0.12906518578529358, -0.9916360974311829, 0.0, 2817.37158203125], [0.0, 0.0, 1.0, 0.0], [0.0, 0.0, 0.0, 1.0]], "pose_inverse": [[-0.9916360974311829, -0.12906518578529358, 0.0, 1250.7269287109375], [0.12906518578529358, -0.9916360974311829, 0.0, 2678.34765625], [0.0, 0.0, 1.0, 0.0], [0.0, 0.0, 0.0, 1.0]], "cam_ids": [0, 1, 2, 3, 4, 5], "cam_channels": ["CAM_FRONT_LEFT", "CAM_FRONT", "CAM_FRONT_RIGHT", "CAM_BACK_LEFT", "CAM_BACK", "CAM_BACK_RIGHT"], "token": "18263114311e4f2cb417be178bed4bf0", "scene": "scene-0995"}, {"images": ["samples/CAM_FRONT_LEFT/n015-2018-11-14-18-57-54+0800__CAM_FRONT_LEFT__1542193185904844.jpg", "samples/CAM_FRONT/n015-2018-11-14-18-57-54+0800__CAM_FRONT__1542193185912460.jpg", "samples/CAM_FRONT_RIGHT/n015-2018-11-14-18-57-54+0800__CAM_FRONT_RIGHT__1542193185920339.jpg", "samples/CAM_BACK_LEFT/n015-2018-11-14-18-57-54+0800__CAM_BACK_LEFT__1542193185947423.jpg", "samples/CAM_BACK/n015-2018-11-14-18-57-54+0800__CAM_BACK__1542193185937525.jpg", "samples/CAM_BACK_RIGHT/n015-2018-11-14-18-57-54+0800__CAM_BACK_RIGHT__1542193185927893.jpg"], "intrinsics": [[[1272.5979470598488, 0.0, 826.6154927353808], [0.0, 1272.5979470598488, 479.75165386361925], [0.0, 0.0, 1.0]], [[1266.417203046554, 0.0, 816.2670197447984], [0.0, 1266.417203046554, 491.50706579294757], [0.0, 0.0, 1.0]], [[1260.8474446004698, 0.0, 807.968244525554], [0.0, 1260.8474446004698, 495.3344268742088], [0.0, 0.0, 1.0]], [[1256.7414812095406, 0.0, 792.1125740759628], [0.0, 1256.7414812095406, 492.7757465151356], [0.0, 0.0, 1.0]], [[809.2209905677063, 0.0, 829.2196003259838], [0.0, 809.2209905677063, 481.77842384512485], [0.0, 0.0, 1.0]], [[1259.5137405846733, 0.0, 807.2529053838625], [0.0, 1259.5137405846733, 501.19579884916527], [0.0, 0.0, 1.0]]], "extrinsics": [[[0.8188881874084473, -0.5711736083030701, -0.05641511455178261, -0.75433349609375], [-0.07127132266759872, -0.003662611125037074, -0.9974502325057983, 1.48992919921875], [0.5695106387138367, 0.8208210468292236, -0.043707575649023056, -1.134033203125], [0.0, 0.0, 0.0, 1.0]], [[0.006170116364955902, -0.999951958656311, 0.0076072001829743385, 0.006591796875], [-0.07642604410648346, -0.008056646212935448, -0.997042715549469, 1.5043716430664062], [0.9970561265945435, 0.005570460110902786, -0.07647208124399185, -1.4814453125], [0.0, 0.0, 0.0, 1.0]], [[-0.8313316702842712, -0.553144633769989, 0.05402456969022751, 0.895751953125], [-0.07068171352148056, 0.008808918297290802, -0.9974600076675415, 1.4920310974121094], [0.5512637495994568, -0.8330386877059937, -0.04642034322023392, -1.1580810546875], [0.0, 0.0, 0.0, 1.0]], [[0.9457584619522095, 0.3181905746459961, -0.06554165482521057, -1.142578125], [-0.061496276408433914, -0.022753585129976273, -0.9978479146957397, 1.588592529296875], [-0.3189970850944519, 0.9477536678314209, -0.0019518585177138448, -0.10400390625], [0.0, 0.0, 0.0, 1.0]], [[0.002179585862904787, 0.9999192357063293, -0.012524716556072235, 0.0029296875], [-0.08706246316432953, -0.0122874416410923, -0.9961271286010742, 1.574127197265625], [-0.9962005019187927, 0.003261575708165765, 0.08702865242958069, -0.0582275390625], [0.0, 0.0, 0.0, 1.0]], [[-0.9332528710365295, 0.35538458824157715, 0.05235409364104271, 1.0254058837890625], [-0.054696690291166306, 0.003459807252511382, -0.9984970688819885, 1.5449447631835938], [-0.3550316095352173, -0.9347137808799744, 0.01620948500931263, -0.105712890625], [0.0, 0.0, 0.0, 1.0]]], "view": [[0.0, -2.0, 100.0], [-2.0, 0.0, 100.0], [0.0, 0.0, 1.0]], "bev": "bev_9dfda3b3374f4003ba78f0a2a3ae2d6b.png", "aux": "aux_9dfda3b3374f4003ba78f0a2a3ae2d6b.npz", "visibility": "visibility_9dfda3b3374f4003ba78f0a2a3ae2d6b.png", "pose": [[-0.9923510551452637, 0.12344792485237122, 0.0, 891.6572265625], [-0.12344792485237122, -0.9923510551452637, 0.0, 2817.002197265625], [0.0, 0.0, 1.0, 0.0], [0.0, 0.0, 0.0, 1.0]], "pose_inverse": [[-0.9923510551452637, -0.12344792485237122, 0.0, 1232.590087890625], [0.12344792485237122, -0.9923510551452637, 0.0, 2685.3818359375], [0.0, 0.0, 1.0, 0.0], [0.0, 0.0, 0.0, 1.0]], "cam_ids": [0, 1, 2, 3, 4, 5], "cam_channels": ["CAM_FRONT_LEFT", "CAM_FRONT", "CAM_FRONT_RIGHT", "CAM_BACK_LEFT", "CAM_BACK", "CAM_BACK_RIGHT"], "token": "9dfda3b3374f4003ba78f0a2a3ae2d6b", "scene": "scene-0995"}, {"images": ["samples/CAM_FRONT_LEFT/n015-2018-11-14-18-57-54+0800__CAM_FRONT_LEFT__1542193186404844.jpg", "samples/CAM_FRONT/n015-2018-11-14-18-57-54+0800__CAM_FRONT__1542193186412460.jpg", "samples/CAM_FRONT_RIGHT/n015-2018-11-14-18-57-54+0800__CAM_FRONT_RIGHT__1542193186420339.jpg", "samples/CAM_BACK_LEFT/n015-2018-11-14-18-57-54+0800__CAM_BACK_LEFT__1542193186447423.jpg", "samples/CAM_BACK/n015-2018-11-14-18-57-54+0800__CAM_BACK__1542193186437525.jpg", "samples/CAM_BACK_RIGHT/n015-2018-11-14-18-57-54+0800__CAM_BACK_RIGHT__1542193186427914.jpg"], "intrinsics": [[[1272.5979470598488, 0.0, 826.6154927353808], [0.0, 1272.5979470598488, 479.75165386361925], [0.0, 0.0, 1.0]], [[1266.417203046554, 0.0, 816.2670197447984], [0.0, 1266.417203046554, 491.50706579294757], [0.0, 0.0, 1.0]], [[1260.8474446004698, 0.0, 807.968244525554], [0.0, 1260.8474446004698, 495.3344268742088], [0.0, 0.0, 1.0]], [[1256.7414812095406, 0.0, 792.1125740759628], [0.0, 1256.7414812095406, 492.7757465151356], [0.0, 0.0, 1.0]], [[809.2209905677063, 0.0, 829.2196003259838], [0.0, 809.2209905677063, 481.77842384512485], [0.0, 0.0, 1.0]], [[1259.5137405846733, 0.0, 807.2529053838625], [0.0, 1259.5137405846733, 501.19579884916527], [0.0, 0.0, 1.0]]], "extrinsics": [[[0.818731427192688, -0.5720969438552856, -0.0488259382545948, -0.72613525390625], [-0.06764721870422363, -0.011666077189147472, -0.9976410865783691, 1.4885482788085938], [0.5701777935028076, 0.8201030492782593, -0.04825214296579361, -1.11474609375], [0.0, 0.0, 0.0, 1.0]], [[0.0056455968879163265, -0.9998658895492554, 0.015372663736343384, 0.0068359375], [-0.07317560911178589, -0.01574477180838585, -0.997194766998291, 1.503021240234375], [0.9973030686378479, 0.004504862707108259, -0.07325468212366104, -1.453369140625], [0.0, 0.0, 0.0, 1.0]], [[-0.8316948413848877, -0.5524291396141052, 0.05572918802499771, 0.878173828125], [-0.06780596822500229, 0.0014354977756738663, -0.9976974725723267, 1.4910354614257812], [0.551077127456665, -0.8335586786270142, -0.03865189105272293, -1.145751953125], [0.0, 0.0, 0.0, 1.0]], [[0.945844292640686, 0.31776002049446106, -0.06638695299625397, -1.1397705078125], [-0.06018342450261116, -0.02931109629571438, -0.997756838798523, 1.5884246826171875], [-0.31899312138557434, 0.9477180242538452, -0.008599844761192799, -0.10498046875], [0.0, 0.0, 0.0, 1.0]], [[0.002340450417250395, 0.9998102188110352, -0.019341984763741493, 0.002685546875], [-0.08511915802955627, -0.01907265931367874, -0.996188223361969, 1.5734710693359375], [-0.9963680505752563, 0.00397791