[{"images": ["samples/CAM_FRONT_LEFT/n008-2018-09-18-15-26-58-0400__CAM_FRONT_LEFT__1537299506354799.jpg", "samples/CAM_FRONT/n008-2018-09-18-15-26-58-0400__CAM_FRONT__1537299506362404.jpg", "samples/CAM_FRONT_RIGHT/n008-2018-09-18-15-26-58-0400__CAM_FRONT_RIGHT__1537299506370482.jpg", "samples/CAM_BACK_LEFT/n008-2018-09-18-15-26-58-0400__CAM_BACK_LEFT__1537299506397405.jpg", "samples/CAM_BACK/n008-2018-09-18-15-26-58-0400__CAM_BACK__1537299506387558.jpg", "samples/CAM_BACK_RIGHT/n008-2018-09-18-15-26-58-0400__CAM_BACK_RIGHT__1537299506378113.jpg"], "intrinsics": [[[1257.8625342125129, 0.0, 827.2410631095686], [0.0, 1257.8625342125129, 450.915498205774], [0.0, 0.0, 1.0]], [[1252.8131021185304, 0.0, 826.588114781398], [0.0, 1252.8131021185304, 469.9846626224581], [0.0, 0.0, 1.0]], [[1256.7485116440405, 0.0, 817.7887570959712], [0.0, 1256.7485116440403, 451.9541780095127], [0.0, 0.0, 1.0]], [[1254.9860565800168, 0.0, 829.5769333630991], [0.0, 1254.9860565800168, 467.1680561863987], [0.0, 0.0, 1.0]], [[796.8910634503094, 0.0, 857.7774326863696], [0.0, 796.8910634503094, 476.8848988407415], [0.0, 0.0, 1.0]], [[1249.9629280788233, 0.0, 825.3768045375984], [0.0, 1249.9629280788233, 462.54816385708756], [0.0, 0.0, 1.0]]], "extrinsics": [[[0.8213944435119629, -0.5699573159217834, -0.021446993574500084, -0.680419921875], [0.002607126021757722, 0.041354063898324966, -0.9991411566734314, 1.4891204833984375], [0.570354700088501, 0.8206329941749573, 0.03545394912362099, -1.1138916015625], [0.0, 0.0, 0.0, 1.0]], [[0.008513509295880795, -0.9992728233337402, -0.03716510906815529, 0.01220703125], [0.004544345661997795, 0.03720473498106003, -0.9992973208427429, 1.4814910888671875], [0.9999533891677856, 0.008338558487594128, 0.00485778646543622, -1.40814208984375], [0.0, 0.0, 0.0, 1.0]], [[-0.8447837233543396, -0.5344826579093933, -0.025860615074634552, 0.875], [0.012582598254084587, 0.028473341837525368, -0.9995153546333313, 1.4962158203125], [0.5349600315093994, -0.8446997404098511, -0.017328638583421707, -1.136962890625], [0.0, 0.0, 0.0, 1.0]], [[0.947968065738678, 0.3183581531047821, 0.0021514850668609142, -1.11920166015625], [-0.012375596910715103, 0.04360167682170868, -0.9989723563194275, 1.5616989135742188], [-0.3181247413158417, 0.9469673037528992, 0.04527286812663078, -0.1650390625], [0.0, 0.0, 0.0, 1.0]], [[0.009989029727876186, 0.9993021488189697, 0.035993270576000214, -0.029052734375], [-0.01047372817993164, 0.03609764948487282, -0.999293327331543, 1.5668563842773438], [-0.9998953342437744, 0.009605009108781815, 0.010826999321579933, -0.06662750244140625], [0.0, 0.0, 0.0, 1.0]], [[-0.9233097434043884, 0.3838959038257599, 0.011090396903455257, 0.9825439453125], [-0.0064321476966142654, 0.013415886089205742, -0.9998893141746521, 1.5465412139892578], [-0.3840021789073944, -0.9232788681983948, -0.009917741641402245, -0.1151123046875], [0.0, 0.0, 0.0, 1.0]]], "view": [[0.0, -2.0, 100.0], [-2.0, 0.0, 100.0], [0.0, 0.0, 1.0]], "bev": "bev_9103a43ec0bb405ebbd6f1c4ce816480.png", "aux": "aux_9103a43ec0bb405ebbd6f1c4ce816480.npz", "visibility": "visibility_9103a43ec0bb405ebbd6f1c4ce816480.png", "pose": [[-0.5497474670410156, -0.8353309035301208, 0.0, 1833.2274169921875], [0.8353309035301208, -0.5497474670410156, 0.0, 1154.092041015625], [0.0, 0.0, 1.0, 0.0], [0.0, 0.0, 0.0, 1.0]], "pose_inverse": [[-0.5497474670410156, 0.8353309035301208, 0.0, 43.7633056640625], [-0.8353309035301208, -0.5497474670410156, 0.0, 2165.810791015625], [0.0, 0.0, 1.0, 0.0], [0.0, 0.0, 0.0, 1.0]], "cam_ids": [0, 1, 2, 3, 4, 5], "cam_channels": ["CAM_FRONT_LEFT", "CAM_FRONT", "CAM_FRONT_RIGHT", "CAM_BACK_LEFT", "CAM_BACK", "CAM_BACK_RIGHT"], "token": "9103a43ec0bb405ebbd6f1c4ce816480", "scene": "scene-0821"}, {"images": ["samples/CAM_FRONT_LEFT/n008-2018-09-18-15-26-58-0400__CAM_FRONT_LEFT__1537299506854799.jpg", "samples/CAM_FRONT/n008-2018-09-18-15-26-58-0400__CAM_FRONT__1537299506862404.jpg", "samples/CAM_FRONT_RIGHT/n008-2018-09-18-15-26-58-0400__CAM_FRONT_RIGHT__1537299506870482.jpg", "samples/CAM_BACK_LEFT/n008-2018-09-18-15-26-58-0400__CAM_BACK_LEFT__1537299506897405.jpg", "samples/CAM_BACK/n008-2018-09-18-15-26-58-0400__CAM_BACK__1537299506887558.jpg", "samples/CAM_BACK_RIGHT/n008-2018-09-18-15-26-58-0400__CAM_BACK_RIGHT__1537299506878113.jpg"], "intrinsics": [[[1257.8625342125129, 0.0, 827.2410631095686], [0.0, 1257.8625342125129, 450.915498205774], [0.0, 0.0, 1.0]], [[1252.8131021185304, 0.0, 826.588114781398], [0.0, 1252.8131021185304, 469.9846626224581], [0.0, 0.0, 1.0]], [[1256.7485116440405, 0.0, 817.7887570959712], [0.0, 1256.7485116440403, 451.9541780095127], [0.0, 0.0, 1.0]], [[1254.9860565800168, 0.0, 829.5769333630991], [0.0, 1254.9860565800168, 467.1680561863987], [0.0, 0.0, 1.0]], [[796.8910634503094, 0.0, 857.7774326863696], [0.0, 796.8910634503094, 476.8848988407415], [0.0, 0.0, 1.0]], [[1249.9629280788233, 0.0, 825.3768045375984], [0.0, 1249.9629280788233, 462.54816385708756], [0.0, 0.0, 1.0]]], "extrinsics": [[[0.8219465017318726, -0.569282054901123, -0.017943043261766434, -0.69384765625], [0.0064431531354784966, 0.040794648230075836, -0.9991467595100403, 1.4904937744140625], [0.569528341293335, 0.8211296200752258, 0.0371989868581295, -1.124267578125], [0.0, 0.0, 0.0, 1.0]], [[0.009395523928105831, -0.99928218126297, -0.03669944778084755, 0.0126953125], [0.008631962351500988, 0.03678074851632118, -0.9992861151695251, 1.4826812744140625], [0.9999185800552368, 0.00907207652926445, 0.008971340954303741, -1.423858642578125], [0.0, 0.0, 0.0, 1.0]], [[-0.8443530797958374, -0.5349811911582947, -0.029375484213232994, 0.88671875], [0.01688256300985813, 0.028234150260686874, -0.9994587302207947, 1.4970893859863281], [0.5355210304260254, -0.8443920612335205, -0.014807740226387978, -1.14404296875], [0.0, 0.0, 0.0, 1.0]], [[0.9479378461837769, 0.3183891177177429, 0.006492361426353455, -1.125244140625], [-0.00797011237591505, 0.044100161641836166, -0.9989953637123108, 1.5618820190429688], [-0.31835559010505676, 0.9469337463378906, 0.044341813772916794, -0.16259765625], [0.0, 0.0, 0.0, 1.0]], [[0.009582887403666973, 0.999297022819519, 0.03624555096030235, -0.029296875], [-0.006051485426723957, 0.03630450367927551, -0.9993224143981934, 1.5673980712890625], [-0.9999357461929321, 0.00935711432248354, 0.006395136937499046, -0.057415008544921875], [0.0, 0.0, 0.0, 1.0]], [[-0.9235194325447083, 0.38348811864852905, 0.00698068318888545, 0.9931640625], [-0.0020100180990993977, 0.013360925950109959, -0.9999086856842041, 1.547414779663086], [-0.3835463523864746, -0.9234490990638733, -0.011568255722522736, -0.1104736328125], [0.0, 0.0, 0.0, 1.0]]], "view": [[0.0, -2.0, 100.0], [-2.0, 0.0, 100.0], [0.0, 0.0, 1.0]], "bev": "bev_341535da8f11417eb0497c62141bdced.png", "aux": "aux_341535da8f11417eb0497c62141bdced.npz", "visibility": "visibility_341535da8f11417eb0497c62141bdced.png", "pose": [[-0.5611929297447205, -0.8276849985122681, 0.0, 1830.92431640625], [0.8276849985122681, -0.5611929297447205, 0.0, 1157.6221923828125], [0.0, 0.0, 1.0, 0.0], [0.0, 0.0, 0.0, 1.0]], "pose_inverse": [[-0.5611929297447205, 0.8276849985122681, 0.0, 69.35526275634766], [-0.8276849985122681, -0.5611929297447205, 0.0, 2165.078125], [0.0, 0.0, 1.0, 0.0], [0.0, 0.0, 0.0, 1.0]], "cam_ids": [0, 1, 2, 3, 4, 5], "cam_channels": ["CAM_FRONT_LEFT", "CAM_FRONT", "CAM_FRONT_RIGHT", "CAM_BACK_LEFT", "CAM_BACK", "CAM_BACK_RIGHT"], "token": "341535da8f11417eb0497c62141bdced", "scene": "scene-0821"}, {"images": ["samples/CAM_FRONT_LEFT/n008-2018-09-18-15-26-58-0400__CAM_FRONT_LEFT__1537299507354799.jpg", "samples/CAM_FRONT/n008-2018-09-18-15-26-58-0400__CAM_FRONT__1537299507362404.jpg", "samples/CAM_FRONT_RIGHT/n008-2018-09-18-15-26-58-0400__CAM_FRONT_RIGHT__1537299507370482.jpg", "samples/CAM_BACK_LEFT/n008-2018-09-18-15-26-58-0400__CAM_BACK_LEFT__1537299507397405.jpg", "samples/CAM_BACK/n008-2018-09-18-15-26-58-0400__CAM_BACK__1537299507387558.jpg", "samples/CAM_BACK_RIGHT/n008-2018-09-18-15-26-58-0400__CAM_BACK_RIGHT__1537299507378113.jpg"], "intrinsics": [[[1257.8625342125129, 0.0, 827.2410631095686], [0.0, 1257.8625342125129, 450.915498205774], [0.0, 0.0, 1.0]], [[1252.8131021185304, 0.0, 826.588114781398], [0.0, 1252.8131021185304, 469.9846626224581], [0.0, 0.0, 1.0]], [[1256.7485116440405, 0.0, 817.7887570959712], [0.0, 1256.7485116440403, 451.9541780095127], [0.0, 0.0, 1.0]], [[1254.9860565800168, 0.0, 829.5769333630991], [0.0, 1254.9860565800168, 467.1680561863987], [0.0, 0.0, 1.0]], [[796.8910634503094, 0.0, 857.7774326863696], [0.0, 796.8910634503094, 476.8848988407415], [0.0, 0.0, 1.0]], [[1249.9629280788233, 0.0, 825.3768045375984], [0.0, 1249.9629280788233, 462.54816385708756], [0.0, 0.0, 1.0]]], "extrinsics": [[[0.822037398815155, -0.5689651966094971, -0.023090079426765442, -0.695556640625], [0.003415255108848214, 0.04547470435500145, -0.9989596009254456, 1.489410400390625], [0.569423258304596, 0.8211033344268799, 0.03932506963610649, -1.1231689453125], [0.0, 0.0, 0.0, 1.0]], [[0.00946906115859747, -0.9991022944450378, -0.04128919914364815, 0.01123046875], [0.0050604320131242275, 0.041338399052619934, -0.9991323947906494, 1.4816131591796875], [0.9999423623085022, 0.009252000600099564, 0.005447325296700001, -1.4244232177734375], [0.0, 0.0, 0.0, 1.0]], [[-0.8443770408630371, -0.5350004434585571, -0.028317900374531746, 0.8865966796875], [0.012852131389081478, 0.03261389583349228, -0.9993853569030762, 1.4961318969726562], [0.5355951189994812, -0.8442220687866211, -0.02066253311932087, -1.1458740234375], [0.0, 0.0, 0.0, 1.0]], [[0.9479576945304871, 0.3183848261833191, 0.002694525755941868, -1.122802734375], [-0.013171072117984295, 0.04766824468970299, -0.998776376247406, 1.561737060546875], [-0.3181237578392029, 0.9467622637748718, 0.04938095435500145, -0.163330078125], [0.0, 0.0, 0.0, 1.0]], [[0.009683715179562569, 0.9991487264633179, 0.04010159522294998, -0.028564453125], [-0.010687035508453846, 0.040204595774412155, -0.9991342425346375, 1.5669403076171875], [-0.9998960494995117, 0.009246750734746456, 0.011067262850701809, -0.057952880859375], [0.0, 0.0, 0.0, 1.0]], [[-0.9235288500785828, 0.3833232522010803, 0.01256380695849657, 0.9945068359375], [-0.006322972476482391, 0.017536574974656105, -0.999826192855835, 1.5466537475585938], [-0.3834769129753113, -0.9234477877616882, -0.013771791011095047, -0.111083984375], [0.0, 0.0, 0.0, 1.0]]], "view": [[0.0, -2.0, 100.0], [-2.0, 0.0, 100.0], [0.0, 0.0, 1.0]], "bev": "bev_03cfc7933cca4d72ad1509263818e9fc.png", "aux": "aux_03cfc7933cca4d72ad1509263818e9fc.npz", "visibility": "visibility_03cfc7933cca4d72ad1509263818e9fc.png", "pose": [[-0.5683494210243225, -0.8227872848510742, 0.0, 1828.6385498046875], [0.8227872848510742, -0.5683494210243225, 0.0, 1161.0489501953125], [0.0, 0.0, 1.0, 0.0], [0.0, 0.0, 0.0, 1.0]], "pose_inverse": [[-0.5683494210243225, 0.8227872848510742, 0.0, 84.00936889648438], [-0.8227872848510742, -0.5683494210243225, 0.0, 2164.462158203125], [0.0, 0.0, 1.0, 0.0], [0.0, 0.0, 0.0, 1.0]], "cam_ids": [0, 1, 2, 3, 4, 5], "cam_channels": ["CAM_FRONT_LEFT", "CAM_FRONT", "CAM_FRONT_RIGHT", "CAM_BACK_LEFT", "CAM_BACK", "CAM_BACK_RIGHT"], "token": "03cfc7933cca4d72ad1509263818e9fc", "scene": "scene-0821"}, {"images": ["samples/CAM_FRONT_LEFT/n008-2018-09-18-15-26-58-0400__CAM_FRONT_LEFT__1537299507854799.jpg", "samples/CAM_FRONT/n008-2018-09-18-15-26-58-0400__CAM_FRONT__1537299507862404.jpg", "samples/CAM_FRONT_RIGHT/n008-2018-09-18-15-26-58-0400__CAM_FRONT_RIGHT__1537299507870482.jpg", "samples/CAM_BACK_LEFT/n008-2018-09-18-15-26-58-0400__CAM_BACK_LEFT__1537299507897405.jpg", "samples/CAM_BACK/n008-2018-09-18-15-26-58-0400__CAM_BACK__1537299507887558.jpg", "samples/CAM_BACK_RIGHT/n008-2018-09-18-15-26-58-0400__CAM_BACK_RIGHT__1537299507878113.jpg"], "intrinsics": [[[1257.8625342125129, 0.0, 827.2410631095686], [0.0, 1257.8625342125129, 450.915498205774], [0.0, 0.0, 1.0]], [[1252.8131021185304, 0.0, 826.588114781398], [0.0, 1252.8131021185304, 469.9846626224581], [0.0, 0.0, 1.0]], [[1256.7485116440405, 0.0, 817.7887570959712], [0.0, 1256.7485116440403, 451.9541780095127], [0.0, 0.0, 1.0]], [[1254.9860565800168, 0.0, 829.5769333630991], [0.0, 1254.9860565800168, 467.1680561863987], [0.0, 0.0, 1.0]], [[796.8910634503094, 0.0, 857.7774326863696], [0.0, 796.8910634503094, 476.8848988407415], [0.0, 0.0, 1.0]], [[1249.9629280788233, 0.0, 825.3768045375984], [0.0, 1249.9629280788233, 462.54816385708756], [0.0, 0.0, 1.0]]], "extrinsics": [[[0.8227930068969727, -0.5678322315216064, -0.024044688791036606, -0.7073974609375], [-0.0033399988897144794, 0.037475042045116425, -0.9992920160293579, 1.4868545532226562], [0.568331241607666, 0.82229083776474, 0.028937647119164467, -1.135986328125], [0.0, 0.0, 0.0, 1.0]], [[0.010661068372428417, -0.9993889331817627, -0.033287983387708664, 0.014404296875], [-0.001571749453432858, 0.03327308967709541, -0.9994450807571411, 1.4795074462890625], [0.999941885471344, 0.010707464069128036, -0.001216063741594553, -1.4381637573242188], [0.0, 0.0, 0.0, 1.0]], [[-0.8438957929611206, -0.5361902117729187, -0.01843762770295143, 0.8970947265625], [0.006282088812440634, 0.024488145485520363, -0.9996803998947144, 1.4944229125976562], [0.5364702939987183, -0.8437419533729553, -0.01729705184698105, -1.1490478515625], [0.0, 0.0, 0.0, 1.0]], [[0.9478540420532227, 0.31864866614341736, -0.005971705541014671, -1.12786865234375], [-0.019453829154372215, 0.039144668728113174, -0.9990441799163818, 1.5616912841796875], [-0.3181103765964508, 0.947064220905304, 0.043302372097969055, -0.1619873046875], [0.0, 0.0, 0.0, 1.0]], [[0.009289341978728771, 0.9994545578956604, 0.03169017285108566, -0.02978515625], [-0.017145317047834396, 0.031846076250076294, -0.9993456602096558, 1.5663528442382812], [-0.9998099207878113, 0.00873993057757616, 0.017431793734431267, -0.05142974853515625], [0.0, 0.0, 0.0, 1.0]], [[-0.923798143863678, 0.3825673460960388, 0.015465623699128628, 1.00115966796875], [-0.012882964685559273, 0.009311848320066929, -0.9998736381530762, 1.545572280883789], [-0.38266298174858093, -0.9238806366920471, -0.003673667786642909, -0.1060791015625], [0.0, 0.0, 0.0, 1.0]]], "view": [[0.0, -2.0, 100.0], [-2.0, 0.0, 100.0], [0.0, 0.0, 1.0]], "bev": "bev_9ad7aabae47344c49a90a8f539f86915.png", "aux": "aux_9ad7aabae47344c49a90a8f539f86915.npz", "visibility": "visibility_9ad7aabae47344c49a90a8f539f86915.png", "pose": [[-0.5676673054695129, -0.8232580423355103, 0.0, 1826.3992919921875], [0.8232580423355103, -0.5676673054695129, 0.0, 1164.38037109375], [0.0, 0.0, 1.0, 0.0], [0.0, 0.0, 0.0, 1.0]], "pose_inverse": [[-0.5676673054695129, 0.8232580423355103, 0.0, 78.20171356201172], [-0.8232580423355103, -0.5676673054695129, 0.0, 2164.57861328125], [0.0, 0.0, 1.0, 0.0], [0.0, 0.0, 0.0, 1.0]], "cam_ids": [0, 1, 2, 3, 4, 5], "cam_channels": ["CAM_FRONT_LEFT", "CAM_FRONT", "CAM_FRONT_RIGHT", "CAM_BACK_LEFT", "CAM_BACK", "CAM_BACK_RIGHT"], "token": "9ad7aabae47344c49a90a8f539f86915", "scene": "scene-0821"}, {"images": ["samples/CAM_FRONT_LEFT/n008-2018-09-18-15-26-58-0400__CAM_FRONT_LEFT__1537299508354799.jpg", "samples/CAM_FRONT/n008-2018-09-18-15-26-58-0400__CAM_FRONT__1537299508362404.jpg", "samples/CAM_FRONT_RIGHT/n008-2018-09-18-15-26-58-0400__CAM_FRONT_RIGHT__1537299508370482.jpg", "samples/CAM_BACK_LEFT/n008-2018-09-18-15-26-58-0400__CAM_BACK_LEFT__1537299508397405.jpg", "samples/CAM_BACK/n008-2018-09-18-15-26-58-0400__CAM_BACK__1537299508387558.jpg", "samples/CAM_BACK_RIGHT/n008-2018-09-18-15-26-58-0400__CAM_BACK_RIGHT__1537299508378113.jpg"], "intrinsics": [[[1257.8625342125129, 0.0, 827.2410631095686], [0.0, 1257.8625342125129, 450.915498205774], [0.0, 0.0, 1.0]], [[1252.8131021185304, 0.0, 826.588114781398], [0.0, 1252.8131021185304, 469.9846626224581], [0.0, 0.0, 1.0]], [[1256.7485116440405, 0.0, 817.7887570959712], [0.0, 1256.7485116440403, 451.9541780095127], [0.0, 0.0, 1.0]], [[1254.9860565800168, 0.0, 829.5769333630991], [0.0, 1254.9860565800168, 467.1680561863987], [0.0, 0.0, 1.0]], [[796.8910634503094, 0.0, 857.7774326863696], [0.0, 796.8910634503094, 476.8848988407415], [0.0, 0.0, 1.0]], [[1249.9629280788233, 0.0, 825.3768045375984], [0.0, 1249.9629280788233, 462.54816385708756], [0.0, 0.0, 1.0]]], "extrinsics": [[[0.8222072720527649, -0.568768322467804, -0.021861476823687553, -0.7156982421875], [-0.0029690407682210207, 0.03412195295095444, -0.999413251876831, 1.4871826171875], [0.5691804885864258, 0.8217897415161133, 0.026366621255874634, -1.1357421875], [0.0, 0.0, 0.0, 1.0]], [[0.009726716205477715, -0.9995038509368896, -0.02995731681585312, 0.009765625], [-0.0009616222232580185, 0.0299493707716465, -0.9995509386062622, 1.4798355102539062], [0.9999522566795349, 0.009751029312610626, -0.0006698379875160754, -1.4441146850585938], [0.0, 0.0, 0.0, 1.0]], [[-0.844290018081665, -0.5356084108352661, -0.017264096066355705, 0.899658203125], [0.00701528787612915, 0.02116633579134941, -0.9997513890266418, 1.4946365356445312], [0.5358405709266663, -0.8442012071609497, -0.01411308255046606, -1.1549072265625], [0.0, 0.0, 0.0, 1.0]], [[0.9478670954704285, 0.31860798597335815, -0.0060812933370471, -1.12890625], [-0.018489757552742958, 0.035936035215854645, -0.9991830587387085, 1.5617446899414062], [-0.31812921166419983, 0.9472051858901978, 0.0399535670876503, -0.1612548828125], [0.0, 0.0, 0.0, 1.0]], [[0.009571913629770279, 0.9995509386062622, 0.028395773842930794, -0.0283203125], [-0.016212748363614082, 0.028548473492264748, -0.9994608759880066, 1.5665359497070312], [-0.9998227953910828, 0.009106464684009552, 0.016478732228279114, -0.0488128662109375], [0.0, 0.0, 0.0, 1.0]], [[-0.923588752746582, 0.38314786553382874, 0.013471987098455429, 1.0057373046875], [-0.01209799200296402, 0.005995571613311768, -0.9999088048934937, 1.5457801818847656], [-0.3831936717033386, -0.9236674904823303, -0.0009021233418025076, -0.10693359375], [0.0, 0.0, 0.0, 1.0]]], "view": [[0.0, -2.0, 100.0], [-2.0, 0.0, 100.0], [0.0, 0.0, 1.0]], "bev": "bev_5f40aace1d3f4ec7af4532d6c7466305.png", "aux": "aux_5f40aace1d3f4ec7af4532d6c7466305.npz", "visibility": "visibility_5f40aace1d3f4ec7af4532d6c7466305.png", "pose": [[-0.5667702555656433, -0.823875904083252, 0.0, 1824.180908203125], [0.823875904083252, -0.5667702555656433, 0.0, 1167.671142578125], [0.0, 0.0, 1.0, 0.0], [0.0, 0.0, 0.0, 1.0]], "pose_inverse": [[-0.5667702555656433, 0.823875904083252, 0.0, 71.8753662109375], [-0.823875904083252, -0.5667702555656433, 0.0, 2164.699951171875], [0.0, 0.0, 1.0, 0.0], [0.0, 0.0, 0.0, 1.0]], "cam_ids": [0, 1, 2, 3, 4, 5], "cam_channels": ["CAM_FRONT_LEFT", "CAM_FRONT", "CAM_FRONT_RIGHT", "CAM_BACK_LEFT", "CAM_BACK", "CAM_BACK_RIGHT"], "token": "5f40aace1d3f4ec7af4532d6c7466305", "scene": "scene-0821"}, {"images": ["samples/CAM_FRONT_LEFT/n008-2018-09-18-15-26-58-0400__CAM_FRONT_LEFT__1537299508854799.jpg", "samples/CAM_FRONT/n008-2018-09-18-15-26-58-0400__CAM_FRONT__1537299508862404.jpg", "samples/CAM_FRONT_RIGHT/n008-2018-09-18-15-26-58-0400__CAM_FRONT_RIGHT__1537299508870482.jpg", "samples/CAM_BACK_LEFT/n008-2018-09-18-15-26-58-0400__CAM_BACK_LEFT__1537299508897405.jpg", "samples/CAM_BACK/n008-2018-09-18-15-26-58-0400__CAM_BACK__1537299508887558.jpg", "samples/CAM_BACK_RIGHT/n008-2018-09-18-15-26-58-0400__CAM_BACK_RIGHT__1537299508878113.jpg"], "intrinsics": [[[1257.8625342125129, 0.0, 827.2410631095686], [0.0, 1257.8625342125129, 450.915498205774], [0.0, 0.0, 1.0]], [[1252.8131021185304, 0.0, 826.588114781398], [0.0, 1252.8131021185304, 469.9846626224581], [0.0, 0.0, 1.0]], [[1256.7485116440405, 0.0, 817.7887570959712], [0.0, 1256.7485116440403, 451.9541780095127], [0.0, 0.0, 1.0]], [[1254.9860565800168, 0.0, 829.5769333630991], [0.0, 1254.9860565800168, 467.1680561863987], [0.0, 0.0, 1.0]], [[796.8910634503094, 0.0, 857.7774326863696], [0.0, 796.8910634503094, 476.8848988407415], [0.0, 0.0, 1.0]], [[1249.9629280788233, 0.0, 825.3768045375984], [0.0, 1249.9629280788233, 462.54816385708756], [0.0, 0.0, 1.0]]], "extrinsics": [[[0.8225882053375244, -0.5679562091827393, -0.027827063575387, -0.734375], [-0.012244148179888725, 0.031233930960297585, -0.9994370937347412, 1.484222412109375], [0.5685057044029236, 0.8224659562110901, 0.01873852126300335, -1.1485595703125], [0.0, 0.0, 0.0, 1.0]], [[0.010354659520089626, -0.9995728731155396, -0.02732660621404648, 0.009765625], [-0.009928546845912933, 0.027223952114582062, -0.9995800256729126, 1.4774169921875], [0.9998970627784729, 0.010621645487844944, -0.009642412886023521, -1.462860107421875], [0.0, 0.0, 0.0, 1.0]], [[-0.8440126776695251, -0.5362514853477478, -0.008770447224378586, 0.912109375], [-0.001446355483494699, 0.0186286810785532, -0.9998253583908081, 1.4927444458007812], [0.536321222782135, -0.8438526391983032, -0.01649845391511917, -1.16259765625], [0.0, 0.0, 0.0, 1.0]], [[0.9477469325065613, 0.31874972581863403, -0.013211137615144253, -1.130615234375], [-0.025382142513990402, 0.034060049802064896, -0.9990974068641663, 1.5616683959960938], [-0.3180120289325714, 0.9472267627716064, 0.04037085548043251, -0.160888671875], [0.0, 0.0, 0.0, 1.0]], [[0.009408854879438877, 0.9996119141578674, 0.026219980791211128, -0.02880859375], [-0.023946143686771393, 0.02643885836005211, -0.9993635416030884, 1.56597900390625], [-0.9996689558029175, 0.008775025606155396, 0.024185610935091972, -0.042354583740234375], [0.0, 0.0, 0.0, 1.0]], [[-0.9236733913421631, 0.38266098499298096, 0.019946713000535965, 1.0159912109375], [-0.020085182040929794, 0.0036335247568786144, -0.99979168176651, 1.5446710586547852], [-0.38265371322631836, -0.9238817095756531, 0.0043296245858073235, -0.1025390625], [0.0, 0.0, 0.0, 1.0]]], "view": [[0.0, -2.0, 100.0], [-2.0, 0.0, 100.0], [0.0, 0.0, 1.0]], "bev": "bev_6f943823ba9e477987c6dde291b45612.png", "aux": "aux_6f943823ba9e477987c6dde291b45612.npz", "visibility": "visibility_6f943823ba9e477987c6dde291b45612.png", "pose": [[-0.564644455909729, -0.8253342509269714, 0.0, 1822.026123046875], [0.8253342509269714, -0.564644455909729, 0.0, 1170.8583984375], [0.0, 0.0, 1.0, 0.0], [0.0, 0.0, 0.0, 1.0]], "pose_inverse": [[-0.564644455909729, 0.8253342509269714, 0.0, 62.4473762512207], [-0.8253342509269714, -0.564644455909729, 0.0, 2164.899169921875], [0.0, 0.0, 1.0, 0.0], [0.0, 0.0, 0.0, 1.0]], "cam_ids": [0, 1, 2, 3, 4, 5], "cam_channels": ["CAM_FRONT_LEFT", "CAM_FRONT", "CAM_FRONT_RIGHT", "CAM_BACK_LEFT", "CAM_BACK", "CAM_BACK_RIGHT"], "token": "6f943823ba9e477987c6dde291b45612", "scene": "scene-0821"}, {"images": ["samples/CAM_FRONT_LEFT/n008-2018-09-18-15-26-58-0400__CAM_FRONT_LEFT__1537299509354799.jpg", "samples/CAM_FRONT/n008-2018-09-18-15-26-58-0400__CAM_FRONT__1537299509362404.jpg", "samples/CAM_FRONT_RIGHT/n008-2018-09-18-15-26-58-0400__CAM_FRONT_RIGHT__1537299509370482.jpg", "samples/CAM_BACK_LEFT/n008-2018-09-18-15-26-58-0400__CAM_BACK_LEFT__1537299509397405.jpg", "samples/CAM_BACK/n008-2018-09-18-15-26-58-0400__CAM_BACK__1537299509387558.jpg", "samples/CAM_BACK_RIGHT/n008-2018-09-18-15-26-58-0400__CAM_BACK_RIGHT__1537299509378113.jpg"], "intrinsics": [[[1257.8625342125129, 0.0, 827.2410631095686], [0.0, 1257.8625342125129, 450.915498205774], [0.0, 0.0, 1.0]], [[1252.8131021185304, 0.0, 826.588114781398], [0.0, 1252.8131021185304, 469.9846626224581], [0.0, 0.0, 1.0]], [[1256.7485116440405, 0.0, 817.7887570959712], [0.0, 1256.7485116440403, 451.9541780095127], [0.0, 0.0, 1.0]], [[1254.9860565800168, 0.0, 829.5769333630991], [0.0, 1254.9860565800168, 467.1680561863987], [0.0, 0.0, 1.0]], [[796.8910634503094, 0.0, 857.7774326863696], [0.0, 796.8910634503094, 476.8848988407415], [0.0, 0.0, 1.0]], [[1249.9629280788233, 0.0, 825.3768045375984], [0.0, 1249.9629280788233, 462.54816385708756], [0.0, 0.0, 1.0]]], "extrinsics": [[[0.8226535320281982, -0.5682673454284668, -0.01770368404686451, -0.7392578125], [0.00043660966912284493, 0.03177012875676155, -0.9994951486587524, 1.4883804321289062], [0.5685428380966187, 0.8222304582595825, 0.02638391964137554, -1.152099609375], [0.0, 0.0, 0.0, 1.0]], [[0.010348843410611153, -0.9995597004890442, -0.027807394042611122, 0.009521484375], [0.001914172898977995, 0.027828635647892952, -0.9996109008789062, 1.4806327819824219], [0.9999446272850037, 0.01029153447598219, 0.0022013243287801743, -1.4673919677734375], [0.0, 0.0, 0.0, 1.0]], [[-0.8440126180648804, -0.5360103249549866, -0.018317576497793198, 0.9144287109375], [0.00946865789592266, 0.01925651542842388, -0.9997697472572327, 1.4950332641601562], [0.5362396836280823, -0.843991756439209, -0.011177445761859417, -1.1641845703125], [0.0, 0.0, 0.0, 1.0]], [[0.947862446308136, 0.31863775849342346, -0.005182442255318165, -1.12811279296875], [-0.017075244337320328, 0.034542016685009, -0.9992573857307434, 1.5617523193359375], [-0.3182220458984375, 0.9472469091415405, 0.03818189725279808, -0.161376953125], [0.0, 0.0, 0.0, 1.0]], [[0.009329646825790405, 0.9995965957641602, 0.02682545781135559, -0.0283203125], [-0.014537450857460499, 0.02695937640964985, -0.9995307922363281, 1.5667800903320312], [-0.999850869178772, 0.008935350924730301, 0.014783108606934547, -0.04276275634765625], [0.0, 0.0, 0.0, 1.0]], [[-0.9237444400787354, 0.382856160402298, 0.010836263187229633, 1.017333984375], [-0.009975956752896309, 0.004232378676533699, -0.9999412894248962, 1.5462617874145508], [-0.38287949562072754, -0.9237983226776123, -9.027920168591663e-05, -0.102294921875], [0.0, 0.0, 0.0, 1.0]]], "view": [[0.0, -2.0, 100.0], [-2.0, 0.0, 100.0], [0.0, 0.0, 1.0]], "bev": "bev_808504770b1e4ad08f7f9163d486b50f.png", "aux": "aux_808504770b1e4ad08f7f9163d486b50f.npz", "visibility": "visibility_808504770b1e4ad08f7f9163d486b50f.png", "pose": [[-0.5637820363044739, -0.8259236216545105, 0.0, 1819.9788818359375], [0.8259236216545105, -0.5637820363044739, 0.0, 1173.8956298828125], [0.0, 0.0, 1.0, 0.0], [0.0, 0.0, 0.0, 1.0]], "pose_inverse": [[-0.5637820363044739, 0.8259236216545105, 0.0, 56.52324676513672], [-0.8259236216545105, -0.5637820363044739, 0.0, 2164.98486328125], [0.0, 0.0, 1.0, 0.0], [0.0, 0.0, 0.0, 1.0]], "cam_ids": [0, 1, 2, 3, 4, 5], "cam_channels": ["CAM_FRONT_LEFT", "CAM_FRONT", "CAM_FRONT_RIGHT", "CAM_BACK_LEFT", "CAM_BACK", "CAM_BACK_RIGHT"], "token": "808504770b1e4ad08f7f9163d486b50f", "scene": "scene-0821"}, {"images": ["samples/CAM_FRONT_LEFT/n008-2018-09-18-15-26-58-0400__CAM_FRONT_LEFT__1537299509854799.jpg", "samples/CAM_FRONT/n008-2018-09-18-15-26-58-0400__CAM_FRONT__1537299509862404.jpg", "samples/CAM_FRONT_RIGHT/n008-2018-09-18-15-26-58-0400__CAM_FRONT_RIGHT__1537299509870482.jpg", "samples/CAM_BACK_LEFT/n008-2018-09-18-15-26-58-0400__CAM_BACK_LEFT__1537299509897405.jpg", "samples/CAM_BACK/n008-2018-09-18-15-26-58-0400__CAM_BACK__1537299509887558.jpg", "samples/CAM_BACK_RIGHT/n008-2018-09-18-15-26-58-0400__CAM_BACK_RIGHT__1537299509878113.jpg"], "intrinsics": [[[1257.8625342125129, 0.0, 827.2410631095686], [0.0, 1257.8625342125129, 450.915498205774], [0.0, 0.0, 1.0]], [[1252.8131021185304, 0.0, 826.588114781398], [0.0, 1252.8131021185304, 469.9846626224581], [0.0, 0.0, 1.0]], [[1256.7485116440405, 0.0, 817.7887570959712], [0.0, 1256.7485116440403, 451.9541780095127], [0.0, 0.0, 1.0]], [[1254.9860565800168, 0.0, 829.5769333630991], [0.0, 1254.9860565800168, 467.1680561863987], [0.0, 0.0, 1.0]], [[796.8910634503094, 0.0, 857.7774326863696], [0.0, 796.8910634503094, 476.8848988407415], [0.0, 0.0, 1.0]], [[1249.9629280788233, 0.0, 825.3768045375984], [0.0, 1249.9629280788233, 462.54816385708756], [0.0, 0.0, 1.0]]], "extrinsics": [[[0.8228332996368408, -0.5675937533378601, -0.027978673577308655, -0.7391357421875], [-0.0074291531927883625, 0.038485657423734665, -0.9992315769195557, 1.4858779907226562], [0.5682342648506165, 0.8224088549613953, 0.02745053917169571, -1.1505126953125], [0.0, 0.0, 0.0, 1.0]], [[0.010822029784321785, -0.9993448257446289, -0.034536510705947876, 0.009033203125], [-0.005472185090184212, 0.03447882831096649, -0.9993904829025269, 1.478668212890625], [0.9999263882637024, 0.011004440486431122, -0.005095469765365124, -1.4662246704101562], [0.0, 0.0, 0.0, 1.0]], [[-0.8437341451644897, -0.5365201234817505, -0.016087185591459274, 0.912841796875], [0.0025797956623136997, 0.025917137041687965, -0.9996607303619385, 1.4935951232910156], [0.5367550849914551, -0.8434894680976868, -0.02048306353390217, -1.1634521484375], [0.0, 0.0, 0.0, 1.0]], [[0.9478038549423218, 0.31874701380729675, -0.008253789506852627, -1.12823486328125], [-0.02261998876929283, 0.04139555245637894, -0.99888676404953, 1.5616607666015625], [-0.3180505335330963, 0.9469354152679443, 0.04644492641091347, -0.161376953125], [0.0, 0.0, 0.0, 1.0]], [[0.009039830416440964, 0.9993945360183716, 0.03359616547822952, -0.028564453125], [-0.02057630755007267, 0.033776331692934036, -0.9992175698280334, 1.5662155151367188], [-0.9997473359107971, 0.0083415312692523, 0.020869184285402298, -0.04407501220703125], [0.0, 0.0, 0.0, 1.0]], [[-0.9239429831504822, 0.3820395767688751, 0.0193654615432024, 1.01519775390625], [-0.016426095739006996, 0.010954122059047222, -0.9998050332069397, 1.5452251434326172], [-0.3821771740913391, -0.924081027507782, -0.003845566650852561, -0.1026611328125], [0.0, 0.0, 0.0, 1.0]]], "view": [[0.0, -2.0, 100.0], [-2.0, 0.0, 100.0], [0.0, 0.0, 1.0]], "bev": "bev_3fdfe15ecbda44e7a34c5c86bcd25b6b.png", "aux": "aux_3fdfe15ecbda44e7a34c5c86bcd25b6b.npz", "visibility": "visibility_3fdfe15ecbda44e7a34c5c86bcd25b6b.png", "pose": [[-0.5595182180404663, -0.8288180232048035, 0.0, 1817.9901123046875], [0.8288180232048035, -0.5595182180404663, 0.0, 1176.8790283203125], [0.0, 0.0, 1.0, 0.0], [0.0, 0.0, 0.0, 1.0]], "pose_inverse": [[-0.5595182180404663, 0.8288180232048035, 0.0, 41.78000259399414], [-0.8288180232048035, -0.5595182180404663, 0.0, 2165.268310546875], [0.0, 0.0, 1.0, 0.0], [0.0, 0.0, 0.0, 1.0]], "cam_ids": [0, 1, 2, 3, 4, 5], "cam_channels": ["CAM_FRONT_LEFT", "CAM_FRONT", "CAM_FRONT_RIGHT", "CAM_BACK_LEFT", "CAM_BACK", "CAM_BACK_RIGHT"], "token": "3fdfe15ecbda44e7a34c5c86bcd25b6b", "scene": "scene-0821"}, {"images": ["samples/CAM_FRONT_LEFT/n008-2018-09-18-15-26-58-0400__CAM_FRONT_LEFT__1537299510354799.jpg", "samples/CAM_FRONT/n008-2018-09-18-15-26-58-0400__CAM_FRONT__1537299510362404.jpg", "samples/CAM_FRONT_RIGHT/n008-2018-09-18-15-26-58-0400__CAM_FRONT_RIGHT__1537299510370482.jpg", "samples/CAM_BACK_LEFT/n008-2018-09-18-15-26-58-0400__CAM_BACK_LEFT__1537299510397405.jpg", "samples/CAM_BACK/n008-2018-09-18-15-26-58-0400__CAM_BACK__1537299510387558.jpg", "samples/CAM_BACK_RIGHT/n008-2018-09-18-15-26-58-0400__CAM_BACK_RIGHT__1537299510378113.jpg"], "intrinsics": [[[1257.8625342125129, 0.0, 827.2410631095686], [0.0, 1257.8625342125129, 450.915498205774], [0.0, 0.0, 1.0]], [[1252.8131021185304, 0.0, 826.588114781398], [0.0, 1252.8131021185304, 469.9846626224581], [0.0, 0.0, 1.0]], [[1256.7485116440405, 0.0, 817.7887570959712], [0.0, 1256.7485116440403, 451.9541780095127], [0.0, 0.0, 1.0]], [[1254.9860565800168, 0.0, 829.5769333630991], [0.0, 1254.9860565800168, 467.1680561863987], [0.0, 0.0, 1.0]], [[796.8910634503094, 0.0, 857.7774326863696], [0.0, 796.8910634503094, 476.8848988407415], [0.0, 0.0, 1.0]], [[1249.9629280788233, 0.0, 825.3768045375984], [0.0, 1249.9629280788233, 462.54816385708756], [0.0, 0.0, 1.0]]], "extrinsics": [[[0.8223451972007751, -0.5684473514556885, -0.024821745231747627, -0.757568359375], [-0.005866548046469688, 0.03515128418803215, -0.9993647933006287, 1.4864730834960938], [0.5689587593078613, 0.8219684362411499, 0.025571662932634354, -1.1644287109375], [0.0, 0.0, 0.0, 1.0]], [[0.009959004819393158, -0.999471127986908, -0.030954906716942787, 0.009765625], [-0.004164527636021376, 0.03091471828520298, -0.9995133876800537, 1.4790802001953125], [0.9999417662620544, 0.010083036497235298, -0.003854443086311221, -1.4862289428710938], [0.0, 0.0, 0.0, 1.0]], [[-0.8441987037658691, -0.5358226299285889, -0.014926563948392868, 0.9271240234375], [0.0036357578355818987, 0.022122081369161606, -0.9997486472129822, 1.4937515258789062], [0.5360181331634521, -0.8440408110618591, -0.016727309674024582, -1.1722412109375], [0.0, 0.0, 0.0, 1.0]], [[0.9478200078010559, 0.31866660714149475, -0.009427382610738277, -1.1302490234375], [-0.022419992834329605, 0.03712848946452141, -0.9990589618682861, 1.5617218017578125], [-0.3180166780948639, 0.9471393823623657, 0.0423356294631958, -0.160888671875], [0.0, 0.0, 0.0, 1.0]], [[0.009545156732201576, 0.999521017074585, 0.029436493292450905, -0.02880859375], [-0.02006308175623417, 0.02962333895266056, -0.9993597269058228, 1.566436767578125], [-0.9997531771659851, 0.00894848071038723, 0.02033623307943344, -0.03586006164550781], [0.0, 0.0, 0.0, 1.0]], [[-0.9236181974411011, 0.38293230533599854, 0.017091482877731323, 1.02813720703125], [-0.015606177970767021, 0.006985126528888941, -0.9998538494110107, 1.5455732345581055], [-0.38299575448036194, -0.9237499833106995, -0.00047547966823913157, -0.09765625], [0.0, 0.0, 0.0, 1.0]]], "view": [[0.0, -2.0, 100.0], [-2.0, 0.0, 100.0], [0.0, 0.0, 1.0]], "bev": "bev_b49173cfbe8e4eaf815f73134366e2cc.png", "aux": "aux_b49173cfbe8e4eaf815f73134366e2cc.npz", "visibility": "visibility_b49173cfbe8e4eaf815f73134366e2cc.png", "pose": [[-0.5587890148162842, -0.82930988073349, 0.0, 1816.05908203125], [0.82930988073349, -0.5587890148162842, 0.0, 1179.7855224609375], [0.0, 0.0, 1.0, 0.0], [0.0, 0.0, 0.0, 1.0]], "pose_inverse": [[-0.5587890148162842, 0.82930988073349, 0.0, 36.38610076904297], [-0.82930988073349, -0.5587890148162842, 0.0, 2165.326904296875], [0.0, 0.0, 1.0, 0.0], [0.0, 0.0, 0.0, 1.0]], "cam_ids": [0, 1, 2, 3, 4, 5], "cam_channels": ["CAM_FRONT_LEFT", "CAM_FRONT", "CAM_FRONT_RIGHT", "CAM_BACK_LEFT", "CAM_BACK", "CAM_BACK_RIGHT"], "token": "b49173cfbe8e4eaf815f73134366e2cc", "scene": "scene-0821"}, {"images": ["samples/CAM_FRONT_LEFT/n008-2018-09-18-15-26-58-0400__CAM_FRONT_LEFT__1537299510854799.jpg", "samples/CAM_FRONT/n008-2018-09-18-15-26-58-0400__CAM_FRONT__1537299510862404.jpg", "samples/CAM_FRONT_RIGHT/n008-2018-09-18-15-26-58-0400__CAM_FRONT_RIGHT__1537299510870482.jpg", "samples/CAM_BACK_LEFT/n008-2018-09-18-15-26-58-0400__CAM_BACK_LEFT__1537299510897405.jpg", "samples/CAM_BACK/n008-2018-09-18-15-26-58-0400__CAM_BACK__1537299510887558.jpg", "samples/CAM_BACK_RIGHT/n008-2018-09-18-15-26-58-0400__CAM_BACK_RIGHT__1537299510878113.jpg"], "intrinsics": [[[1257.8625342125129, 0.0, 827.2410631095686], [0.0, 1257.8625342125129, 450.915498205774], [0.0, 0.0, 1.0]], [[1252.8131021185304, 0.0, 826.588114781398], [0.0, 1252.8131021185304, 469.9846626224581], [0.0, 0.0, 1.0]], [[1256.7485116440405, 0.0, 817.7887570959712], [0.0, 1256.7485116440403, 451.9541780095127], [0.0, 0.0, 1.0]], [[1254.9860565800168, 0.0, 829.5769333630991], [0.0, 1254.9860565800168, 467.1680561863987], [0.0, 0.0, 1.0]], [[796.8910634503094, 0.0, 857.7774326863696], [0.0, 796.8910634503094, 476.8848988407415], [0.0, 0.0, 1.0]], [[1249.9629280788233, 0.0, 825.3768045375984], [0.0, 1249.9629280788233, 462.54816385708756], [0.0, 0.0, 1.0]]], "extrinsics": [[[0.8221073746681213, -0.5687106847763062, -0.026603741571307182, -0.779296875], [-0.0071633560582995415, 0.03639177232980728, -0.9993119239807129, 1.4862823486328125], [0.5692874789237976, 0.821732223033905, 0.025844061747193336, -1.178955078125], [0.0, 0.0, 0.0, 1.0]], [[0.009589293971657753, -0.9994245171546936, -0.032536450773477554, 0.009033203125], [-0.005310083739459515, 0.03248659521341324, -0.9994580745697021, 1.4789199829101562], [0.9999399781227112, 0.009756851941347122, -0.004995505325496197, -1.5078659057617188], [0.0, 0.0, 0.0, 1.0]], [[-0.8443598747253418, -0.5355643033981323, -0.015077636577188969, 0.9415283203125], [0.0025887915398925543, 0.024063121527433395, -0.999707043170929, 1.4935035705566406], [0.5357702374458313, -0.8441515564918518, -0.018931472674012184, -1.1817626953125], [0.0, 0.0, 0.0, 1.0]], [[0.947813093662262, 0.31869474053382874, -0.009164639748632908, -1.13299560546875], [-0.02318902127444744, 0.040239471942186356, -0.9989209175109863, 1.5617828369140625], [-0.31798210740089417, 0.9470028877258301, 0.04552971571683884, -0.1595458984375], [0.0, 0.0, 0.0, 1.0]], [[0.009684313088655472, 0.999436616897583, 0.032135069370269775, -0.028564453125], [-0.020902618765830994, 0.032331883907318115, -0.9992585778236389, 1.5665435791015625], [-0.99973464012146, 0.009005450643599033, 0.02120395563542843, -0.027950286865234375], [0.0, 0.0, 0.0, 1.0]], [[-0.92351895570755, 0.38308802247047424, 0.01887904852628708, 1.03997802734375], [-0.016587654128670692, 0.009284096769988537, -0.999819278717041, 1.5456371307373047], [-0.3831940293312073, -0.9236652255058289, -0.002219507237896323, -0.093017578125], [0.0, 0.0, 0.0, 1.0]]], "view": [[0.0, -2.0, 100.0], [-2.0, 0.0, 100.0], [0.0, 0.0, 1.0]], "bev": "bev_ed7bfac32a9540ba9b148fb8e41bfabe.png", "aux": "aux_ed7bfac32a9540ba9b148fb8e41bfabe.npz", "visibility": "visibility_ed7bfac32a9540ba9b148fb8e41bfabe.png", "pose": [[-0.55878084897995, -0.8293153643608093, 0.0, 1814.287353515625], [0.8293153643608093, -0.55878084897995, 0.0, 1182.447509765625], [0.0, 0.0, 1.0, 0.0], [0.0, 0.0, 0.0, 1.0]], "pose_inverse": [[-0.55878084897995, 0.8293153643608093, 0.0, 33.16720962524414], [-0.8293153643608093, -0.55878084897995, 0.0, 2165.345458984375], [0.0, 0.0, 1.0, 0.0], [0.0, 0.0, 0.0, 1.0]], "cam_ids": [0, 1, 2, 3, 4, 5], "cam_channels": ["CAM_FRONT_LEFT", "CAM_FRONT", "CAM_FRONT_RIGHT", "CAM_BACK_LEFT", "CAM_BACK", "CAM_BACK_RIGHT"], "token": "ed7bfac32a9540ba9b148fb8e41bfabe", "scene": "scene-0821"}, {"images": ["samples/CAM_FRONT_LEFT/n008-2018-09-18-15-26-58-0400__CAM_FRONT_LEFT__1537299511354799.jpg", "samples/CAM_FRONT/n008-2018-09-18-15-26-58-0400__CAM_FRONT__1537299511362404.jpg", "samples/CAM_FRONT_RIGHT/n008-2018-09-18-15-26-58-0400__CAM_FRONT_RIGHT__1537299511370482.jpg", "samples/CAM_BACK_LEFT/n008-2018-09-18-15-26-58-0400__CAM_BACK_LEFT__1537299511397405.jpg", "samples/CAM_BACK/n008-2018-09-18-15-26-58-0400__CAM_BACK__1537299511387558.jpg", "samples/CAM_BACK_RIGHT/n008-2018-09-18-15-26-58-0400__CAM_BACK_RIGHT__1537299511378113.jpg"], "intrinsics": [[[1257.8625342125129, 0.0, 827.2410631095686], [0.0, 1257.8625342125129, 450.915498205774], [0.0, 0.0, 1.0]], [[1252.8131021185304, 0.0, 826.588114781398], [0.0, 1252.8131021185304, 469.9846626224581], [0.0, 0.0, 1.0]], [[1256.7485116440405, 0.0, 817.7887570959712], [0.0, 1256.7485116440403, 451.9541780095127], [0.0, 0.0, 1.0]], [[1254.9860565800168, 0.0, 829.5769333630991], [0.0, 1254.9860565800168, 467.1680561863987], [0.0, 0.0, 1.0]], [[796.8910634503094, 0.0, 857.7774326863696], [0.0, 796.8910634503094, 476.8848988407415], [0.0, 0.0, 1.0]], [[1249.9629280788233, 0.0, 825.3768045375984], [0.0, 1249.9629280788233, 462.54816385708756], [0.0, 0.0, 1.0]]], "extrinsics": [[[0.822358250617981, -0.5685044527053833, -0.023016110062599182, -0.7979736328125], [-0.004080475773662329, 0.03455831855535507, -0.9993942975997925, 1.4872283935546875], [0.5689554810523987, 0.821954071521759, 0.026099547743797302, -1.19189453125], [0.0, 0.0, 0.0, 1.0]], [[0.009978704154491425, -0.9994832873344421, -0.030554253607988358, 0.008544921875], [-0.0020731366239488125, 0.030535031110048294, -0.9995315670967102, 1.4796981811523438], [0.9999480247497559, 0.010037386789917946, -0.001767364563420415, -1.5261268615722656], [0.0, 0.0, 0.0, 1.0]], [[-0.8441682457923889, -0.5358150601387024, -0.016797855496406555, 0.95263671875], [0.005989179480820894, 0.021906154230237007, -0.9997420907020569, 1.4940376281738281], [0.5360447764396667, -0.84405118227005, -0.015283390879631042, -1.1890869140625], [0.0, 0.0, 0.0, 1.0]], [[0.9478501677513123, 0.31865185499191284, -0.006407682318240404, -1.130859375], [-0.01920713111758232, 0.03704162314534187, -0.9991291165351868, 1.5617752075195312], [-0.31813696026802063, 0.947147786617279, 0.041230298578739166, -0.1605224609375], [0.0, 0.0, 0.0, 1.0]], [[0.009452220052480698, 0.9995225667953491, 0.02941771224141121, -0.0283203125], [-0.017129072919487953, 0.029576553031802177, -0.9994156956672668, 1.5668754577636719], [-0.9998085498809814, 0.008942835964262486, 0.017400462180376053, -0.