[{"images": ["samples/CAM_FRONT_LEFT/n015-2018-07-11-11-54-16+0800__CAM_FRONT_LEFT__1531281929754851.jpg", "samples/CAM_FRONT/n015-2018-07-11-11-54-16+0800__CAM_FRONT__1531281929762460.jpg", "samples/CAM_FRONT_RIGHT/n015-2018-07-11-11-54-16+0800__CAM_FRONT_RIGHT__1531281929770339.jpg", "samples/CAM_BACK_LEFT/n015-2018-07-11-11-54-16+0800__CAM_BACK_LEFT__1531281929797423.jpg", "samples/CAM_BACK/n015-2018-07-11-11-54-16+0800__CAM_BACK__1531281929787525.jpg", "samples/CAM_BACK_RIGHT/n015-2018-07-11-11-54-16+0800__CAM_BACK_RIGHT__1531281929777893.jpg"], "intrinsics": [[[1272.5979470598488, 0.0, 826.6154927353808], [0.0, 1272.5979470598488, 479.75165386361925], [0.0, 0.0, 1.0]], [[1266.417203046554, 0.0, 816.2670197447984], [0.0, 1266.417203046554, 491.50706579294757], [0.0, 0.0, 1.0]], [[1260.8474446004698, 0.0, 807.968244525554], [0.0, 1260.8474446004698, 495.3344268742088], [0.0, 0.0, 1.0]], [[1256.7414812095406, 0.0, 792.1125740759628], [0.0, 1256.7414812095406, 492.7757465151356], [0.0, 0.0, 1.0]], [[809.2209905677063, 0.0, 829.2196003259838], [0.0, 809.2209905677063, 481.77842384512485], [0.0, 0.0, 1.0]], [[1259.5137405846733, 0.0, 807.2529053838625], [0.0, 1259.5137405846733, 501.19579884916527], [0.0, 0.0, 1.0]]], "extrinsics": [[[0.8209572434425354, -0.570767343044281, 0.015933377668261528, -0.7349853515625], [-0.0006832146900705993, -0.02888674847781658, -0.9995824694633484, 1.5080512762069702], [0.5709892511367798, 0.8206034898757935, -0.02410474233329296, -1.119873046875], [0.0, 0.0, 0.0, 1.0]], [[0.005998377688229084, -0.9994349479675293, 0.03307344764471054, 0.0062713623046875], [-0.005883321166038513, -0.03310874477028847, -0.9994344711303711, 1.5191493034362793], [0.999964714050293, 0.005800351966172457, -0.0060785929672420025, -1.4578857421875], [0.0, 0.0, 0.0, 1.0]], [[-0.8327767252922058, -0.5535352826118469, 0.009027156978845596, 0.87652587890625], [-0.00015889314818196, -0.016067029908299446, -0.9998708963394165, 1.503612756729126], [0.5536088943481445, -0.8326706886291504, 0.013292297720909119, -1.1453857421875], [0.0, 0.0, 0.0, 1.0]], [[0.9477002620697021, 0.31910011172294617, -0.006258767563849688, -1.11962890625], [0.009077131748199463, -0.04655004292726517, -0.9988746643066406, 1.588768482208252], [-0.3190324306488037, 0.9465771317481995, -0.047012005001306534, -0.111236572265625], [0.0, 0.0, 0.0, 1.0]], [[0.002205077325925231, 0.9993277192115784, -0.036597155034542084, 0.00304412841796875], [-0.016558831557631493, -0.036555737257003784, -0.9991943836212158, 1.5779762268066406], [-0.9998604655265808, 0.0028092791326344013, 0.01646708883345127, -0.081298828125], [0.0, 0.0, 0.0, 1.0]], [[-0.9348627328872681, 0.3543056547641754, -0.02234366349875927, 1.00421142578125], [0.015871917828917503, -0.02116190269589424, -0.9996500611305237, 1.5536909103393555], [-0.3546544909477234, -0.9348902106285095, 0.014159965328872204, -0.113861083984375], [0.0, 0.0, 0.0, 1.0]]], "view": [[0.0, -2.0, 100.0], [-2.0, 0.0, 100.0], [0.0, 0.0, 1.0]], "bev": "bev_7e2fd590b46d42cdbe8dfbf035761561.png", "aux": "aux_7e2fd590b46d42cdbe8dfbf035761561.npz", "visibility": "visibility_7e2fd590b46d42cdbe8dfbf035761561.png", "pose": [[-0.3887248635292053, 0.9213538765907288, 0.0, 334.4463806152344], [-0.9213538765907288, -0.3887248635292053, 0.0, 1006.031494140625], [0.0, 0.0, 1.0, 0.0], [0.0, 0.0, 0.0, 1.0]], "pose_inverse": [[-0.3887248635292053, -0.9213538765907288, 0.0, 1056.918701171875], [0.9213538765907288, -0.3887248635292053, 0.0, 82.9260025024414], [0.0, 0.0, 1.0, 0.0], [0.0, 0.0, 0.0, 1.0]], "cam_ids": [0, 1, 2, 3, 4, 5], "cam_channels": ["CAM_FRONT_LEFT", "CAM_FRONT", "CAM_FRONT_RIGHT", "CAM_BACK_LEFT", "CAM_BACK", "CAM_BACK_RIGHT"], "token": "7e2fd590b46d42cdbe8dfbf035761561", "scene": "scene-0277"}, {"images": ["samples/CAM_FRONT_LEFT/n015-2018-07-11-11-54-16+0800__CAM_FRONT_LEFT__1531281930154844.jpg", "samples/CAM_FRONT/n015-2018-07-11-11-54-16+0800__CAM_FRONT__1531281930162460.jpg", "samples/CAM_FRONT_RIGHT/n015-2018-07-11-11-54-16+0800__CAM_FRONT_RIGHT__1531281930170339.jpg", "samples/CAM_BACK_LEFT/n015-2018-07-11-11-54-16+0800__CAM_BACK_LEFT__1531281930197423.jpg", "samples/CAM_BACK/n015-2018-07-11-11-54-16+0800__CAM_BACK__1531281930187525.jpg", "samples/CAM_BACK_RIGHT/n015-2018-07-11-11-54-16+0800__CAM_BACK_RIGHT__1531281930177893.jpg"], "intrinsics": [[[1272.5979470598488, 0.0, 826.6154927353808], [0.0, 1272.5979470598488, 479.75165386361925], [0.0, 0.0, 1.0]], [[1266.417203046554, 0.0, 816.2670197447984], [0.0, 1266.417203046554, 491.50706579294757], [0.0, 0.0, 1.0]], [[1260.8474446004698, 0.0, 807.968244525554], [0.0, 1260.8474446004698, 495.3344268742088], [0.0, 0.0, 1.0]], [[1256.7414812095406, 0.0, 792.1125740759628], [0.0, 1256.7414812095406, 492.7757465151356], [0.0, 0.0, 1.0]], [[809.2209905677063, 0.0, 829.2196003259838], [0.0, 809.2209905677063, 481.77842384512485], [0.0, 0.0, 1.0]], [[1259.5137405846733, 0.0, 807.2529053838625], [0.0, 1259.5137405846733, 501.19579884916527], [0.0, 0.0, 1.0]]], "extrinsics": [[[0.8207530379295349, -0.5708972215652466, 0.02099570445716381, -0.72991943359375], [0.0026544854044914246, -0.03294035792350769, -0.9994537830352783, 1.5090091228485107], [0.5712770223617554, 0.8203604221343994, -0.025520460680127144, -1.11669921875], [0.0, 0.0, 0.0, 1.0]], [[0.005704192444682121, -0.9993086457252502, 0.036739327013492584, 0.0064239501953125], [-0.00247188750654459, -0.036753904074430466, -0.9993213415145874, 1.519944190979004], [0.999980628490448, 0.005609497893601656, -0.002679828554391861, -1.4534912109375], [0.0, 0.0, 0.0, 1.0]], [[-0.8328654170036316, -0.5534191131591797, 0.007904695346951485, 0.87457275390625], [0.0033177912700921297, -0.01927373930811882, -0.9998087286949158, 1.5042736530303955], [0.5534656047821045, -0.8326798677444458, 0.017888562753796577, -1.1439208984375], [0.0, 0.0, 0.0, 1.0]], [[0.9477052688598633, 0.3191251754760742, -0.0037282798439264297, -1.123779296875], [0.012408980168402195, -0.0485190711915493, -0.9987451434135437, 1.5887975692749023], [-0.3189055919647217, 0.946469783782959, -0.04994179308414459, -0.109954833984375], [0.0, 0.0, 0.0, 1.0]], [[0.0023490285966545343, 0.999239981174469, -0.03890902176499367, 0.00299072265625], [-0.013141417875885963, -0.038874924182891846, -0.9991576671600342, 1.5782861709594727], [-0.999910831451416, 0.0028583866078406572, 0.013040111400187016, -0.0799560546875], [0.0, 0.0, 0.0, 1.0]], [[-0.934761106967926, 0.3542826473712921, -0.02656080201268196, 1.00347900390625], [0.019326720386743546, -0.023942355066537857, -0.9995265007019043, 1.5541954040527344], [-0.3547508120536804, -0.9348318576812744, 0.015533258207142353, -0.114044189453125], [0.0, 0.0, 0.0, 1.0]]], "view": [[0.0, -2.0, 100.0], [-2.0, 0.0, 100.0], [0.0, 0.0, 1.0]], "bev": "bev_18cb702eec7543c9b7e3d951226e367d.png", "aux": "aux_18cb702eec7543c9b7e3d951226e367d.npz", "visibility": "visibility_18cb702eec7543c9b7e3d951226e367d.png", "pose": [[-0.38631829619407654, 0.9223655462265015, 0.0, 333.5123596191406], [-0.9223655462265015, -0.38631829619407654, 0.0, 1003.8077392578125], [0.0, 0.0, 1.0, 0.0], [0.0, 0.0, 0.0, 1.0]], "pose_inverse": [[-0.38631829619407654, -0.9223655462265015, 0.0, 1054.7196044921875], [0.9223655462265015, -0.38631829619407654, 0.0, 80.16897583007812], [0.0, 0.0, 1.0, 0.0], [0.0, 0.0, 0.0, 1.0]], "cam_ids": [0, 1, 2, 3, 4, 5], "cam_channels": ["CAM_FRONT_LEFT", "CAM_FRONT", "CAM_FRONT_RIGHT", "CAM_BACK_LEFT", "CAM_BACK", "CAM_BACK_RIGHT"], "token": "18cb702eec7543c9b7e3d951226e367d", "scene": "scene-0277"}, {"images": ["samples/CAM_FRONT_LEFT/n015-2018-07-11-11-54-16+0800__CAM_FRONT_LEFT__1531281930654844.jpg", "samples/CAM_FRONT/n015-2018-07-11-11-54-16+0800__CAM_FRONT__1531281930662460.jpg", "samples/CAM_FRONT_RIGHT/n015-2018-07-11-11-54-16+0800__CAM_FRONT_RIGHT__1531281930670339.jpg", "samples/CAM_BACK_LEFT/n015-2018-07-11-11-54-16+0800__CAM_BACK_LEFT__1531281930697423.jpg", "samples/CAM_BACK/n015-2018-07-11-11-54-16+0800__CAM_BACK__1531281930687525.jpg", "samples/CAM_BACK_RIGHT/n015-2018-07-11-11-54-16+0800__CAM_BACK_RIGHT__1531281930677893.jpg"], "intrinsics": [[[1272.5979470598488, 0.0, 826.6154927353808], [0.0, 1272.5979470598488, 479.75165386361925], [0.0, 0.0, 1.0]], [[1266.417203046554, 0.0, 816.2670197447984], [0.0, 1266.417203046554, 491.50706579294757], [0.0, 0.0, 1.0]], [[1260.8474446004698, 0.0, 807.968244525554], [0.0, 1260.8474446004698, 495.3344268742088], [0.0, 0.0, 1.0]], [[1256.7414812095406, 0.0, 792.1125740759628], [0.0, 1256.7414812095406, 492.7757465151356], [0.0, 0.0, 1.0]], [[809.2209905677063, 0.0, 829.2196003259838], [0.0, 809.2209905677063, 481.77842384512485], [0.0, 0.0, 1.0]], [[1259.5137405846733, 0.0, 807.2529053838625], [0.0, 1259.5137405846733, 501.19579884916527], [0.0, 0.0, 1.0]]], "extrinsics": [[[0.8199061751365662, -0.5721550583839417, 0.019807904958724976, -0.71221923828125], [0.004678672179579735, -0.027901358902454376, -0.9995997548103333, 1.5096652507781982], [0.572478711605072, 0.8196707367897034, -0.020199572667479515, -1.1025390625], [0.0, 0.0, 0.0, 1.0]], [[0.004424971528351307, -0.9994822144508362, 0.031869031488895416, 0.0052947998046875], [-0.0005671222461387515, -0.03187184780836105, -0.999491810798645, 1.520358681678772], [0.9999899864196777, 0.004404654260724783, -0.0007078609778545797, -1.4354248046875], [0.0, 0.0, 0.0, 1.0]], [[-0.8334173560142517, -0.5526307225227356, 0.0038494886830449104, 0.863037109375], [0.005092402920126915, -0.014644722454249859, -0.999879777431488, 1.5046648979187012], [0.5526206493377686, -0.8332974910736084, 0.015019385144114494, -1.13726806640625], [0.0, 0.0, 0.0, 1.0]], [[0.9476863145828247, 0.31920045614242554, -0.0013161414535716176, -1.12939453125], [0.013825371861457825, -0.04516531527042389, -0.998883843421936, 1.588735580444336], [-0.3189035952091217, 0.9466103315353394, -0.04721561446785927, -0.107879638671875], [0.0, 0.0, 0.0, 1.0]], [[0.002737106056883931, 0.9993789792060852, -0.035132475197315216, 0.00344085693359375], [-0.011643994599580765, -0.035098373889923096, -0.9993160367012024, 1.5783777236938477], [-0.9999284148216248, 0.0031443608459085226, 0.011540692299604416, -0.0810546875], [0.0, 0.0, 0.0, 1.0]], [[-0.9344557523727417, 0.35508403182029724, -0.02660432830452919, 0.9957275390625], [0.020970938727259636, -0.01970491372048855, -0.9995858669281006, 1.554595947265625], [-0.3554612100124359, -0.9346266984939575, 0.010966924019157887, -0.117706298828125], [0.0, 0.0, 0.0, 1.0]]], "view": [[0.0, -2.0, 100.0], [-2.0, 0.0, 100.0], [0.0, 0.0, 1.0]], "bev": "bev_61db69a026d34c558f0ab0321f0886f8.png", "aux": "aux_61db69a026d34c558f0ab0321f0886f8.npz", "visibility": "visibility_61db69a026d34c558f0ab0321f0886f8.png", "pose": [[-0.3789925277233124, 0.9253997206687927, 0.0, 332.24627685546875], [-0.9253997206687927, -0.3789925277233124, 0.0, 1000.7643432617188], [0.0, 0.0, 1.0, 0.0], [0.0, 0.0, 0.0, 1.0]], "pose_inverse": [[-0.3789925277233124, -0.9253997206687927, 0.0, 1052.02587890625], [0.9253997206687927, -0.3789925277233124, 0.0, 71.82160949707031], [0.0, 0.0, 1.0, 0.0], [0.0, 0.0, 0.0, 1.0]], "cam_ids": [0, 1, 2, 3, 4, 5], "cam_channels": ["CAM_FRONT_LEFT", "CAM_FRONT", "CAM_FRONT_RIGHT", "CAM_BACK_LEFT", "CAM_BACK", "CAM_BACK_RIGHT"], "token": "61db69a026d34c558f0ab0321f0886f8", "scene": "scene-0277"}, {"images": ["samples/CAM_FRONT_LEFT/n015-2018-07-11-11-54-16+0800__CAM_FRONT_LEFT__1531281931154844.jpg", "samples/CAM_FRONT/n015-2018-07-11-11-54-16+0800__CAM_FRONT__1531281931162460.jpg", "samples/CAM_FRONT_RIGHT/n015-2018-07-11-11-54-16+0800__CAM_FRONT_RIGHT__1531281931170339.jpg", "samples/CAM_BACK_LEFT/n015-2018-07-11-11-54-16+0800__CAM_BACK_LEFT__1531281931197423.jpg", "samples/CAM_BACK/n015-2018-07-11-11-54-16+0800__CAM_BACK__1531281931187525.jpg", "samples/CAM_BACK_RIGHT/n015-2018-07-11-11-54-16+0800__CAM_BACK_RIGHT__1531281931177893.jpg"], "intrinsics": [[[1272.5979470598488, 0.0, 826.6154927353808], [0.0, 1272.5979470598488, 479.75165386361925], [0.0, 0.0, 1.0]], [[1266.417203046554, 0.0, 816.2670197447984], [0.0, 1266.417203046554, 491.50706579294757], [0.0, 0.0, 1.0]], [[1260.8474446004698, 0.0, 807.968244525554], [0.0, 1260.8474446004698, 495.3344268742088], [0.0, 0.0, 1.0]], [[1256.7414812095406, 0.0, 792.1125740759628], [0.0, 1256.7414812095406, 492.7757465151356], [0.0, 0.0, 1.0]], [[809.2209905677063, 0.0, 829.2196003259838], [0.0, 809.2209905677063, 481.77842384512485], [0.0, 0.0, 1.0]], [[1259.5137405846733, 0.0, 807.2529053838625], [0.0, 1259.5137405846733, 501.19579884916527], [0.0, 0.0, 1.0]]], "extrinsics": [[[0.82075035572052, -0.5709277987480164, 0.020257199183106422, -0.68267822265625], [0.0022750890348106623, -0.032192107290029526, -0.9994791150093079, 1.5090768337249756], [0.5712825059890747, 0.8203689455986023, -0.02512277103960514, -1.0855712890625], [0.0, 0.0, 0.0, 1.0]], [[0.005691222846508026, -0.9993348121643066, 0.03602149337530136, 0.00791168212890625], [-0.0030896218959242105, -0.036039479076862335, -0.999345600605011, 1.5196990966796875], [0.9999789595603943, 0.005576176103204489, -0.0032926774583756924, -1.408203125], [0.0, 0.0, 0.0, 1.0]], [[-0.8328850269317627, -0.5533847808837891, 0.00824055727571249, 0.846923828125], [0.0024973393883556128, -0.01864723116159439, -0.9998229742050171, 1.5042191743850708], [0.553440511226654, -0.8327169418334961, 0.01691298931837082, -1.1243896484375], [0.0, 0.0, 0.0, 1.0]], [[0.9477095603942871, 0.3190990686416626, -0.0047218771651387215, -1.12896728515625], [0.011295149102807045, -0.048325374722480774, -0.9987677335739136, 1.5887165069580078], [-0.31893402338027954, 0.9464884996414185, -0.04940269514918327, -0.108184814453125], [0.0, 0.0, 0.0, 1.0]], [[0.0023440802469849586, 0.9992526173591614, -0.03858588635921478, 0.00258636474609375], [-0.014192129485309124, -0.03854886069893837, -0.9991559386253357, 1.578089714050293], [-0.9998965859413147, 0.0028897300362586975, 0.014091159217059612, -0.088623046875], [0.0, 0.0, 0.0, 1.0]], [[-0.9347660541534424, 0.35434582829475403, -0.025524716824293137, 0.98175048828125], [0.018395595252513885, -0.02347363717854023, -0.999555230140686, 1.5545005798339844], [-0.35478734970092773, -0.9348198175430298, 0.015423953533172607, -0.121551513671875], [0.0, 0.0, 0.0, 1.0]]], "view": [[0.0, -2.0, 100.0], [-2.0, 0.0, 100.0], [0.0, 0.0, 1.0]], "bev": "bev_5d413e8d6a4648a7bcb091f7e362a3fe.png", "aux": "aux_5d413e8d6a4648a7bcb091f7e362a3fe.npz", "visibility": "visibility_5d413e8d6a4648a7bcb091f7e362a3fe.png", "pose": [[-0.3703693747520447, 0.9288845658302307, 0.0, 330.8666687011719], [-0.9288845658302307, -0.3703693747520447, 0.0, 997.3463134765625], [0.0, 0.0, 1.0, 0.0], [0.0, 0.0, 0.0, 1.0]], "pose_inverse": [[-0.3703693747520447, -0.9288845658302307, 0.0, 1048.9625244140625], [0.9288845658302307, -0.3703693747520447, 0.0, 62.049591064453125], [0.0, 0.0, 1.0, 0.0], [0.0, 0.0, 0.0, 1.0]], "cam_ids": [0, 1, 2, 3, 4, 5], "cam_channels": ["CAM_FRONT_LEFT", "CAM_FRONT", "CAM_FRONT_RIGHT", "CAM_BACK_LEFT", "CAM_BACK", "CAM_BACK_RIGHT"], "token": "5d413e8d6a4648a7bcb091f7e362a3fe", "scene": "scene-0277"}, {"images": ["samples/CAM_FRONT_LEFT/n015-2018-07-11-11-54-16+0800__CAM_FRONT_LEFT__1531281931654844.jpg", "samples/CAM_FRONT/n015-2018-07-11-11-54-16+0800__CAM_FRONT__1531281931662460.jpg", "samples/CAM_FRONT_RIGHT/n015-2018-07-11-11-54-16+0800__CAM_FRONT_RIGHT__1531281931670339.jpg", "samples/CAM_BACK_LEFT/n015-2018-07-11-11-54-16+0800__CAM_BACK_LEFT__1531281931697423.jpg", "samples/CAM_BACK/n015-2018-07-11-11-54-16+0800__CAM_BACK__1531281931687525.jpg", "samples/CAM_BACK_RIGHT/n015-2018-07-11-11-54-16+0800__CAM_BACK_RIGHT__1531281931677896.jpg"], "intrinsics": [[[1272.5979470598488, 0.0, 826.6154927353808], [0.0, 1272.5979470598488, 479.75165386361925], [0.0, 0.0, 1.0]], [[1266.417203046554, 0.0, 816.2670197447984], [0.0, 1266.417203046554, 491.50706579294757], [0.0, 0.0, 1.0]], [[1260.8474446004698, 0.0, 807.968244525554], [0.0, 1260.8474446004698, 495.3344268742088], [0.0, 0.0, 1.0]], [[1256.7414812095406, 0.0, 792.1125740759628], [0.0, 1256.7414812095406, 492.7757465151356], [0.0, 0.0, 1.0]], [[809.2209905677063, 0.0, 829.2196003259838], [0.0, 809.2209905677063, 481.77842384512485], [0.0, 0.0, 1.0]], [[1259.5137405846733, 0.0, 807.2529053838625], [0.0, 1259.5137405846733, 501.19579884916527], [0.0, 0.0, 1.0]]], "extrinsics": [[[0.820885181427002, -0.5705593228340149, 0.024685509502887726, -0.67547607421875], [0.01300481241196394, -0.024538254365324974, -0.9996142983436584, 1.5128536224365234], [0.5709449648857117, 0.8208897113800049, -0.012723073363304138, -1.08050537109375], [0.0, 0.0, 0.0, 1.0]], [[0.005854443181306124, -0.999572217464447, 0.028655564412474632, 0.008022308349609375], [0.007801945321261883, -0.02860952727496624, -0.9995602369308472, 1.5228323936462402], [0.9999524354934692, 0.006075423676520586, 0.007631115149706602, -1.4024658203125], [0.0, 0.0, 0.0, 1.0]], [[-0.8327004909515381, -0.553701639175415, -0.0049227094277739525, 0.84454345703125], [0.013480938039720058, -0.011384543962776661, -0.9998443126678467, 1.5067071914672852], [0.553559422492981, -0.8326373100280762, 0.016944335773587227, -1.12255859375], [0.0, 0.0, 0.0, 1.0]], [[0.9476991295814514, 0.31906452775001526, 0.00802196841686964, -1.13433837890625], [0.022403566166758537, -0.041429780423641205, -0.9988901615142822, 1.5887451171875], [-0.3183780312538147, 0.9468270540237427, -0.046411145478487015, -0.106414794921875], [0.0, 0.0, 0.0, 1.0]], [[0.0026262360624969006, 0.9994981288909912, -0.031570564955472946, 0.00246429443359375], [-0.0030785095877945423, -0.031562440097332, -0.9994970560073853, 1.5791034698486328], [-0.9999918341636658, 0.0027220859192311764, 0.0029940742533653975, -0.0860595703125], [0.0, 0.0, 0.0, 1.0]], [[-0.9345239400863647, 0.35433703660964966, -0.03332144394516945, 0.9815673828125], [0.029435234144330025, -0.016353411599993706, -0.9994329214096069, 1.5563240051269531], [-0.35468101501464844, -0.9349747896194458, 0.004852660931646824, -0.1212158203125], [0.0, 0.0, 0.0, 1.0]]], "view": [[0.0, -2.0, 100.0], [-2.0, 0.0, 100.0], [0.0, 0.0, 1.0]], "bev": "bev_e3dbf6e92f0e4ac3860f1cbf73e2a312.png", "aux": "aux_e3dbf6e92f0e4ac3860f1cbf73e2a312.npz", "visibility": "visibility_e3dbf6e92f0e4ac3860f1cbf73e2a312.png", "pose": [[-0.3694632649421692, 0.9292453527450562, 0.0, 329.41351318359375], [-0.9292453527450562, -0.3694632649421692, 0.0, 993.7178955078125], [0.0, 0.0, 1.0, 0.0], [0.0, 0.0, 0.0, 1.0]], "pose_inverse": [[-0.3694632649421692, -0.9292453527450562, 0.0, 1045.1138916015625], [0.9292453527450562, -0.3694632649421692, 0.0, 61.03628158569336], [0.0, 0.0, 1.0, 0.0], [0.0, 0.0, 0.0, 1.0]], "cam_ids": [0, 1, 2, 3, 4, 5], "cam_channels": ["CAM_FRONT_LEFT", "CAM_FRONT", "CAM_FRONT_RIGHT", "CAM_BACK_LEFT", "CAM_BACK", "CAM_BACK_RIGHT"], "token": "e3dbf6e92f0e4ac3860f1cbf73e2a312", "scene": "scene-0277"}, {"images": ["samples/CAM_FRONT_LEFT/n015-2018-07-11-11-54-16+0800__CAM_FRONT_LEFT__1531281932104844.jpg", "samples/CAM_FRONT/n015-2018-07-11-11-54-16+0800__CAM_FRONT__1531281932112460.jpg", "samples/CAM_FRONT_RIGHT/n015-2018-07-11-11-54-16+0800__CAM_FRONT_RIGHT__1531281932120339.jpg", "samples/CAM_BACK_LEFT/n015-2018-07-11-11-54-16+0800__CAM_BACK_LEFT__1531281932147423.jpg", "samples/CAM_BACK/n015-2018-07-11-11-54-16+0800__CAM_BACK__1531281932137525.jpg", "samples/CAM_BACK_RIGHT/n015-2018-07-11-11-54-16+0800__CAM_BACK_RIGHT__1531281932127893.jpg"], "intrinsics": [[[1272.5979470598488, 0.0, 826.6154927353808], [0.0, 1272.5979470598488, 479.75165386361925], [0.0, 0.0, 1.0]], [[1266.417203046554, 0.0, 816.2670197447984], [0.0, 1266.417203046554, 491.50706579294757], [0.0, 0.0, 1.0]], [[1260.8474446004698, 0.0, 807.968244525554], [0.0, 1260.8474446004698, 495.3344268742088], [0.0, 0.0, 1.0]], [[1256.7414812095406, 0.0, 792.1125740759628], [0.0, 1256.7414812095406, 492.7757465151356], [0.0, 0.0, 1.0]], [[809.2209905677063, 0.0, 829.2196003259838], [0.0, 809.2209905677063, 481.77842384512485], [0.0, 0.0, 1.0]], [[1259.5137405846733, 0.0, 807.2529053838625], [0.0, 1259.5137405846733, 501.19579884916527], [0.0, 0.0, 1.0]]], "extrinsics": [[[0.8212834596633911, -0.5703400373458862, 0.01434063259512186, -0.6632080078125], [0.0033481332939118147, -0.02031739428639412, -0.9997879862785339, 1.5094990730285645], [0.5705105066299438, 0.8211573958396912, -0.014776768162846565, -1.072021484375], [0.0, 0.0, 0.0, 1.0]], [[0.006408873945474625, -0.9996836185455322, 0.024323083460330963, 0.007915496826171875], [-0.0020573807414621115, -0.024336710572242737, -0.999701738357544, 1.5199358463287354], [0.9999774098396301, 0.006356960628181696, -0.0022126997355371714, -1.390625], [0.0, 0.0, 0.0, 1.0]], [[-0.8325849175453186, -0.553896427154541, 0.0010539285140112042, 0.8369140625], [0.0034420122392475605, -0.007076526526361704, -0.9999690055847168, 1.5044581890106201], [0.5538867712020874, -0.8325554728507996, 0.007798328530043364, -1.117919921875], [0.0, 0.0, 0.0, 1.0]], [[0.9477410912513733, 0.31903979182243347, -0.0006313867052085698, -1.1365966796875], [0.011789733543992043, -0.03700017184019089, -0.9992457032203674, 1.5886335372924805], [-0.3188225030899048, 0.9470188617706299, -0.03882798179984093, -0.105743408203125], [0.0, 0.0, 0.0, 1.0]], [[0.0022090014535933733, 0.9996273517608643, -0.027211038395762444, 0.00270843505859375], [-0.01350002083927393, -0.0271788127720356, -0.9995394349098206, 1.578160285949707], [-0.9999064207077026, 0.002575342310592532, 0.01343495026230812, -0.0875244140625], [0.0, 0.0, 0.0, 1.0]], [[-0.9348804950714111, 0.354265034198761, -0.02224065363407135, 0.97613525390625], [0.01923559047281742, -0.012002204544842243, -0.9997429251670837, 1.5547447204589844], [-0.35444095730781555, -0.9350680112838745, 0.004406128078699112, -0.123748779296875], [0.0, 0.0, 0.0, 1.0]]], "view": [[0.0, -2.0, 100.0], [-2.0, 0.0, 100.0], [0.0, 0.0, 1.0]], "bev": "bev_2dc6dfa0bf9441f6a2397e7d4ec424ad.png", "aux": "aux_2dc6dfa0bf9441f6a2397e7d4ec424ad.npz", "visibility": "visibility_2dc6dfa0bf9441f6a2397e7d4ec424ad.png", "pose": [[-0.3777623176574707, 0.9259026050567627, 0.0, 328.0220031738281], [-0.9259026050567627, -0.3777623176574707, 0.0, 990.278076171875], [0.0, 0.0, 1.0, 0.0], [0.0, 0.0, 0.0, 1.0]], "pose_inverse": [[-0.3777623176574707, -0.9259026050567627, 0.0, 1040.8154296875], [0.9259026050567627, -0.3777623176574707, 0.0, 70.37330627441406], [0.0, 0.0, 1.0, 0.0], [0.0, 0.0, 0.0, 1.0]], "cam_ids": [0, 1, 2, 3, 4, 5], "cam_channels": ["CAM_FRONT_LEFT", "CAM_FRONT", "CAM_FRONT_RIGHT", "CAM_BACK_LEFT", "CAM_BACK", "CAM_BACK_RIGHT"], "token": "2dc6dfa0bf9441f6a2397e7d4ec424ad", "scene": "scene-0277"}, {"images": ["samples/CAM_FRONT_LEFT/n015-2018-07-11-11-54-16+0800__CAM_FRONT_LEFT__1531281932604844.jpg", "samples/CAM_FRONT/n015-2018-07-11-11-54-16+0800__CAM_FRONT__1531281932612460.jpg", "samples/CAM_FRONT_RIGHT/n015-2018-07-11-11-54-16+0800__CAM_FRONT_RIGHT__1531281932620339.jpg", "samples/CAM_BACK_LEFT/n015-2018-07-11-11-54-16+0800__CAM_BACK_LEFT__1531281932647423.jpg", "samples/CAM_BACK/n015-2018-07-11-11-54-16+0800__CAM_BACK__1531281932637525.jpg", "samples/CAM_BACK_RIGHT/n015-2018-07-11-11-54-16+0800__CAM_BACK_RIGHT__1531281932627893.jpg"], "intrinsics": [[[1272.5979470598488, 0.0, 826.6154927353808], [0.0, 1272.5979470598488, 479.75165386361925], [0.0, 0.0, 1.0]], [[1266.417203046554, 0.0, 816.2670197447984], [0.0, 1266.417203046554, 491.50706579294757], [0.0, 0.0, 1.0]], [[1260.8474446004698, 0.0, 807.968244525554], [0.0, 1260.8474446004698, 495.3344268742088], [0.0, 0.0, 1.0]], [[1256.7414812095406, 0.0, 792.1125740759628], [0.0, 1256.7414812095406, 492.7757465151356], [0.0, 0.0, 1.0]], [[809.2209905677063, 0.0, 829.2196003259838], [0.0, 809.2209905677063, 481.77842384512485], [0.0, 0.0, 1.0]], [[1259.5137405846733, 0.0, 807.2529053838625], [0.0, 1259.5137405846733, 501.19579884916527], [0.0, 0.0, 1.0]]], "extrinsics": [[[0.821186363697052, -0.5703985095024109, 0.017277369275689125, -0.646240234375], [0.005552527029067278, -0.022288192063570023, -0.9997361898422241, 1.5104165077209473], [0.5706329941749573, 0.8210656642913818, -0.01513560488820076, -1.0594482421875], [0.0, 0.0, 0.0, 1.0]], [[0.00627128267660737, -0.9996263980865479, 0.026606054976582527, 0.00762176513671875], [0.000529694021679461, -0.026603257283568382, -0.9996459484100342, 1.5207182168960571], [0.9999802112579346, 0.006283136084675789, 0.0003626591933425516, -1.3731689453125], [0.0, 0.0, 0.0, 1.0]], [[-0.8326110243797302, -0.55385822057724, -5.907544164074352e-06, 0.825927734375], [0.006426891777664423, -0.009650833904743195, -0.9999327659606934, 1.5052437782287598], [0.5538209080696106, -0.8325550556182861, 0.011594978161156178, -1.110870361328125], [0.0, 0.0, 0.0, 1.0]], [[0.9476299285888672, 0.31936267018318176, 0.00224854308180511, -1.1383056640625], [0.01598489098250866, -0.040397144854068756, -0.9990558624267578, 1.588658332824707], [-0.318970263004303, 0.9467712044715881, -0.04338652268052101, -0.1058807373046875], [0.0, 0.0, 0.0, 1.0]], [[0.002291003242135048, 0.9995360374450684, -0.030374865978956223, 0.0027923583984375], [-0.009728437289595604, -0.03035122901201248, -0.9994919896125793, 1.5784540176391602], [-0.999950110912323, 0.0025853202678263187, 0.009654385969042778, -0.091796875], [0.0, 0.0, 0.0, 1.0]], [[-0.9347899556159973, 0.3542196452617645, -0.0263861995190382, 0.96759033203125], [0.022579001262784004, -0.014877576380968094, -0.9996343851089478, 1.5555229187011719], [-0.35448282957077026, -0.9350438714027405, 0.005909481085836887, -0.127197265625], [0.0, 0.0, 0.0, 1.0]]], "view": [[0.0, -2.0, 100.0], [-2.0, 0.0, 100.0], [0.0, 0.0, 1.0]], "bev": "bev_e6d1a6c5413942bdaa26ce0c0e5330ad.png", "aux": "aux_e6d1a6c5413942bdaa26ce0c0e5330ad.npz", "visibility": "visibility_e6d1a6c5413942bdaa26ce0c0e5330ad.png", "pose": [[-0.3854576349258423, 0.9227255582809448, 0.0, 326.3487854003906], [-0.9227255582809448, -0.3854576349258423, 0.0, 986.2612915039062], [0.0, 0.0, 1.0, 0.0], [0.0, 0.0, 0.0, 1.0]], "pose_inverse": [[-0.3854576349258423, -0.9227255582809448, 0.0, 1035.8421630859375], [0.9227255582809448, -0.3854576349258423, 0.0, 79.03157043457031], [0.0, 0.0, 1.0, 0.0], [0.0, 0.0, 0.0, 1.0]], "cam_ids": [0, 1, 2, 3, 4, 5], "cam_channels": ["CAM_FRONT_LEFT", "CAM_FRONT", "CAM_FRONT_RIGHT", "CAM_BACK_LEFT", "CAM_BACK", "CAM_BACK_RIGHT"], "token": "e6d1a6c5413942bdaa26ce0c0e5330ad", "scene": "scene-0277"}, {"images": ["samples/CAM_FRONT_LEFT/n015-2018-07-11-11-54-16+0800__CAM_FRONT_LEFT__1531281933104844.jpg", "samples/CAM_FRONT/n015-2018-07-11-11-54-16+0800__CAM_FRONT__1531281933112460.jpg", "samples/CAM_FRONT_RIGHT/n015-2018-07-11-11-54-16+0800__CAM_FRONT_RIGHT__1531281933120339.jpg", "samples/CAM_BACK_LEFT/n015-2018-07-11-11-54-16+0800__CAM_BACK_LEFT__1531281933147423.jpg", "samples/CAM_BACK/n015-2018-07-11-11-54-16+0800__CAM_BACK__1531281933137525.jpg", "samples/CAM_BACK_RIGHT/n015-2018-07-11-11-54-16+0800__CAM_BACK_RIGHT__1531281933127893.jpg"], "intrinsics": [[[1272.5979470598488, 0.0, 826.6154927353808], [0.0, 1272.5979470598488, 479.75165386361925], [0.0, 0.0, 1.0]], [[1266.417203046554, 0.0, 816.2670197447984], [0.0, 1266.417203046554, 491.50706579294757], [0.0, 0.0, 1.0]], [[1260.8474446004698, 0.0, 807.968244525554], [0.0, 1260.8474446004698, 495.3344268742088], [0.0, 0.0, 1.0]], [[1256.7414812095406, 0.0, 792.1125740759628], [0.0, 1256.7414812095406, 492.7757465151356], [0.0, 0.0, 1.0]], [[809.2209905677063, 0.0, 829.2196003259838], [0.0, 809.2209905677063, 481.77842384512485], [0.0, 0.0, 1.0]], [[1259.5137405846733, 0.0, 807.2529053838625], [0.0, 1259.5137405846733, 501.19579884916527], [0.0, 0.0, 1.0]]], "extrinsics": [[[0.820888876914978, -0.5707402229309082, 0.01992783695459366, -0.642578125], [0.010068417526781559, -0.02042544074356556, -0.9997406601905823, 1.5122499465942383], [0.5709992051124573, 0.8208765983581543, -0.011020566336810589, -1.06036376953125], [0.0, 0.0, 0.0, 1.0]], [[0.005875656381249428, -0.9996852874755859, 0.024385809898376465, 0.009918212890625], [0.004688782151788473, -0.024358421564102173, -0.9996923208236694, 1.522111177444458], [0.9999717473983765, 0.005988167133182287, 0.004544185008853674, -1.3709716796875], [0.0, 0.0, 0.0, 1.0]], [[-0.8327218294143677, -0.5536721348762512, -0.004630475305020809, 0.82568359375], [0.01022318098694086, -0.00701307924464345, -0.9999231696128845, 1.506211280822754], [0.553597092628479, -0.8327051997184753, 0.011500234715640545, -1.108551025390625], [0.0, 0.0, 0.0, 1.0]], [[0.9477380514144897, 0.31899696588516235, 0.005786695517599583, -1.1392822265625], [0.01848272979259491, -0.03678717091679573, -0.9991521239280701, 1.5885982513427734], [-0.3185136318206787, 0.9470415115356445, -0.04076053947210312, -0.10430908203125], [0.0, 0.0, 0.0, 1.0]], [[0.002495906315743923, 0.9996300935745239, -0.027084510773420334, 0.00229644775390625], [-0.006742429919540882, -0.0270671583712101, -0.9996108412742615, 1.578749179840088], [-0.9999741911888123, 0.002677549608051777, 0.006672375835478306, -0.0916748046875], [0.0, 0.0, 0.0, 1.0]], [[-0.9346397519111633, 0.3544485867023468, -0.028544865548610687, 0.9664306640625], [0.0260152705013752, -0.011900955811142921, -0.9995906949043274, 1.5561790466308594], [-0.3546432554721832, -0.9349998235702515, 0.0019020297331735492, -0.12628173828125], [0.0, 0.0, 0.0, 1.0]]], "view": [[0.0, -2.0, 100.0], [-2.0, 0.0, 100.0], [0.0, 0.0, 1.0]], "bev": "bev_b421615151244708b1efe89c5147eaaf.png", "aux": "aux_b421615151244708b1efe89c5147eaaf.npz", "visibility": "visibility_b421615151244708b1efe89c5147eaaf.png", "pose": [[-0.3892492949962616, 0.9211324453353882, 0.0, 324.582275390625], [-0.9211324453353882, -0.3892492949962616, 0.0, 982.1270141601562], [0.0, 0.0, 1.0, 0.0], [0.0, 0.0, 0.0, 1.0]], "pose_inverse": [[-0.3892492949962616, -0.9211324453353882, 0.0, 1031.012451171875], [0.9211324453353882, -0.3892492949962616, 0.0, 83.30897521972656], [0.0, 0.0, 1.0, 0.0], [0.0, 0.0, 0.0, 1.0]], "cam_ids": [0, 1, 2, 3, 4, 5], "cam_channels": ["CAM_FRONT_LEFT", "CAM_FRONT", "CAM_FRONT_RIGHT", "CAM_BACK_LEFT", "CAM_BACK", "CAM_BACK_RIGHT"], "token": "b421615151244708b1efe89c5147eaaf", "scene": "scene-0277"}, {"images": ["samples/CAM_FRONT_LEFT/n015-2018-07-11-11-54-16+0800__CAM_FRONT_LEFT__1531281933604844.jpg", "samples/CAM_FRONT/n015-2018-07-11-11-54-16+0800__CAM_FRONT__1531281933612460.jpg", "samples/CAM_FRONT_RIGHT/n015-2018-07-11-11-54-16+0800__CAM_FRONT_RIGHT__1531281933620339.jpg", "samples/CAM_BACK_LEFT/n015-2018-07-11-11-54-16+0800__CAM_BACK_LEFT__1531281933647426.jpg", "samples/CAM_BACK/n015-2018-07-11-11-54-16+0800__CAM_BACK__1531281933637525.jpg", "samples/CAM_BACK_RIGHT/n015-2018-07-11-11-54-16+0800__CAM_BACK_RIGHT__1531281933627893.jpg"], "intrinsics": [[[1272.5979470598488, 0.0, 826.6154927353808], [0.0, 1272.5979470598488, 479.75165386361925], [0.0, 0.0, 1.0]], [[1266.417203046554, 0.0, 816.2670197447984], [0.0, 1266.417203046554, 491.50706579294757], [0.0, 0.0, 1.0]], [[1260.8474446004698, 0.0, 807.968244525554], [0.0, 1260.8474446004698, 495.3344268742088], [0.0, 0.0, 1.0]], [[1256.7414812095406, 0.0, 792.1125740759628], [0.0, 1256.7414812095406, 492.7757465151356], [0.0, 0.0, 1.0]], [[809.2209905677063, 0.0, 829.2196003259838], [0.0, 809.2209905677063, 481.77842384512485], [0.0, 0.0, 1.0]], [[1259.5137405846733, 0.0, 807.2529053838625], [0.0, 1259.5137405846733, 501.19579884916527], [0.0, 0.0, 1.0]]], "extrinsics": [[[0.820919930934906, -0.5709028244018555, 0.01266736350953579, -0.631591796875], [0.004147038329392672, -0.0162220299243927, -0.9998598098754883, 1.5099637508392334], [0.5710282325744629, 0.8208574056625366, -0.010949430987238884, -1.0511474609375], [0.0, 0.0, 0.0, 1.0]], [[0.005910259205847979, -0.999773383140564, 0.020450634881854057, 0.00894927978515625], [-0.0013191895559430122, -0.02045876905322075, -0.999789834022522, 1.5201345682144165], [0.9999815821647644, 0.005882013123482466, -0.0014398074708878994, -1.359619140625], [0.0, 0.0, 0.0, 1.0]], [[-0.832785964012146, -0.5535929799079895, -0.0015384245198220015, 0.81817626953125], [0.0041258810088038445, -0.0034277404192835093, -0.9999855756759644, 1.5047147274017334], [0.5535797476768494, -0.8327803015708923, 0.005138632375746965, -1.10455322265625], [0.0, 0.0, 0.0, 1.0]], [[0.9477313756942749, 0.31906893849372864, 0.00028727270546369255, -1.1395263671875], [0.012064087204635143, -0.03493426740169525, -0.9993168115615845, 1.5885944366455078], [-0.3188409209251404, 0.9470875263214111, -0.03695758432149887, -0.1046600341796875], [0.0, 0.0, 0.0, 1.0]], [[0.0023585117887705564, 0.9996992945671082, -0.024410167708992958, 0.0023956298828125], [-0.013039248995482922, -0.02437741495668888, -0.9996178150177002, 1.5781192779541016], [-0.9999122619628906, 0.0026758424937725067, 0.012977832928299904, -0.0943603515625], [0.0, 0.0, 0.0, 1.0]], [[-0.9347727298736572, 0.35458824038505554, -0.021614955738186836, 0.9610595703125], [0.019841745495796204, -0.008636419661343098, -0.9997658133506775, 1.5551719665527344], [-0.35469186305999756, -0.9349827170372009, 0.0010374423582106829, -0.128936767578125], [0.0, 0.0, 0.0, 1.0]]], "view": [[0.0, -2.0, 100.0], [-2.0, 0.0, 100.0], [0.0, 0.0, 1.0]], "bev": "bev_b45559bc742b417aa85dcce98f5e0676.png", "aux": "aux_b45559bc742b417aa85dcce98f5e0676.npz", "visibility": "visibility_b45559bc742b417aa85dcce98f5e0676.png", "pose": [[-0.38947364687919617, 0.9210376143455505, 0.0, 322.7182312011719], [-0.9210376143455505, -0.38947364687919617, 0.0, 977.7982788085938], [0.0, 0.0, 1.0, 0.0], [0.0, 0.0, 0.0, 1.0]], "pose_inverse": [[-0.38947364687919617, -0.9210376143455505, 0.0, 1026.2791748046875], [0.9210376143455505, -0.38947364687919617, 0.0, 83.59104919433594], [0.0, 0.0, 1.0, 0.0], [0.0, 0.0, 0.0, 1.0]], "cam_ids": [0, 1, 2, 3, 4, 5], "cam_channels": ["CAM_FRONT_LEFT", "CAM_FRONT", "CAM_FRONT_RIGHT", "CAM_BACK_LEFT", "CAM_BACK", "CAM_BACK_RIGHT"], "token": "b45559bc742b417aa85dcce98f5e0676", "scene": "scene-0277"}, {"images": ["samples/CAM_FRONT_LEFT/n015-2018-07-11-11-54-16+0800__CAM_FRONT_LEFT__1531281934154844.jpg", "samples/CAM_FRONT/n015-2018-07-11-11-54-16+0800__CAM_FRONT__1531281934162460.jpg", "samples/CAM_FRONT_RIGHT/n015-2018-07-11-11-54-16+0800__CAM_FRONT_RIGHT__1531281934170400.jpg", "samples/CAM_BACK_LEFT/n015-2018-07-11-11-54-16+0800__CAM_BACK_LEFT__1531281934197423.jpg", "samples/CAM_BACK/n015-2018-07-11-11-54-16+0800__CAM_BACK__1531281934187525.jpg", "samples/CAM_BACK_RIGHT/n015-2018-07-11-11-54-16+0800__CAM_BACK_RIGHT__1531281934177893.jpg"], "intrinsics": [[[1272.5979470598488, 0.0, 826.6154927353808], [0.0, 1272.5979470598488, 479.75165386361925], [0.0, 0.0, 1.0]], [[1266.417203046554, 0.0, 816.2670197447984], [0.0, 1266.417203046554, 491.50706579294757], [0.0, 0.0, 1.0]], [[1260.8474446004698, 0.0, 807.968244525554], [0.0, 1260.8474446004698, 495.3344268742088], [0.0, 0.0, 1.0]], [[1256.7414812095406, 0.0, 792.1125740759628], [0.0, 1256.7414812095406, 492.7757465151356], [0.0, 0.0, 1.0]], [[809.2209905677063, 0.0, 829.2196003259838], [0.0, 809.2209905677063, 481.77842384512485], [0.0, 0.0, 1.0]], [[1259.5137405846733, 0.0, 807.2529053838625], [0.0, 1259.5137405846733, 501.19579884916527], [0.0, 0.0, 1.0]]], "extrinsics": [[[0.8201636075973511, -0.5718915462493896, 0.016485443338751793, -0.6297607421875], [0.009004198014736176, -0.015908217057585716, -0.9998328685760498, 1.511950969696045], [0.5720581412315369, 0.8201749324798584, -0.007897915318608284, -1.04925537109375], [0.0, 0.0, 0.0, 1.0]], [[0.004682434722781181, -0.9997907280921936, 0.0199101772159338, 0.008209228515625], [0.0036285454407334328, -0.019893277436494827, -0.9997955560684204, 1.5217785835266113], [0.9999824166297913, 0.004753767978399992, 0.0035346359945833683, -1.3575439453125], [0.0, 0.0, 0.0, 1.0]], [[-0.8333514332771301, -0.5527085661888123, -0.006208701990544796, 0.81640625], [0.009191751480102539, -0.0026262328028678894, -0.9999542832374573, 1.5060310363769531], [0.552666962146759, -0.8333704471588135, 0.007268934510648251, -1.10467529296875], [0.0, 0.0, 0.0, 1.0]], [[0.9477540254592896, 0.3189426064491272, 0.0061692725867033005, -1.14288330078125], [0.01760118640959263, -0.032973431050777435, -0.9993011951446533, 1.588545799255371], [-0.3185163140296936, 0.9472002983093262, -0.036864470690488815, -0.103546142578125], [0.0, 0.0, 0.0, 1.0]], [[0.0030120813753455877, 0.9997314810752869, -0.02297626994550228, 0.00296783447265625], [-0.007712552789598703, -0.02295246534049511, -0.9997068047523499, 1.5786266326904297], [-0.9999657273292542, 0.0031883823685348034, 0.007641347125172615, -0.093017578125], [0.0, 0.0, 0.0, 1.0]], [[-0.9343199729919434, 0.3554794192314148, -0.026086220517754555, 0.96051025390625], [0.02500675991177559, -0.007631906308233738, -0.9996581077575684, 1.55615234375], [-0.35555699467658997, -0.9346529245376587, -0.0017587461043149233, -0.130340576171875], [0.0, 0.0, 0.0, 1.0]]], "view": [[0.0, -2.0, 100.0], [-2.0, 0.0, 100.0], [0.0, 0.0, 1.0]], "bev": "bev_6382c18ecfe44ffaa22119c94be8f02a.png", "aux": "aux_6382c18ecfe44ffaa22119c94be8f02a.npz", "visibility": "visibility_6382c18ecfe44ffaa22119c94be8f02a.png", "pose": [[-0.38602718710899353, 0.9224873781204224, 0.0, 320.65997314453125], [-0.9224873781204224, -0.38602718710899353, 0.0, 972.9829711914062], [0.0, 0.0, 1.0, 0.0], [0.0, 0.0, 0.0, 1.0]], "pose_inverse": [[-0.38602718710899353, -0.9224873781204224, 0.0, 1021.3480224609375], [0.9224873781204224, -0.38602718710899353, 0.0, 79.79310607910156], [0.0, 0.0, 1.0, 0.0], [0.0, 0.0, 0.0, 1.0]], "cam_ids": [0, 1, 2, 3, 4, 5], "cam_channels": ["CAM_FRONT_LEFT", "CAM_FRONT", "CAM_FRONT_RIGHT", "CAM_BACK_LEFT", "CAM_BACK", "CAM_BACK_RIGHT"], "token": "6382c18ecfe44ffaa22119c94be8f02a", "scene": "scene-0277"}, {"images": ["samples/CAM_FRONT_LEFT/n015-2018-07-11-11-54-16+0800__CAM_FRONT_LEFT__1531281934654844.jpg", "samples/CAM_FRONT/n015-2018-07-11-11-54-16+0800__CAM_FRONT__1531281934662460.jpg", "samples/CAM_FRONT_RIGHT/n015-2018-07-11-11-54-16+0800__CAM_FRONT_RIGHT__1531281934670339.jpg", "samples/CAM_BACK_LEFT/n015-2018-07-11-11-54-16+0800__CAM_BACK_LEFT__1531281934697423.jpg", "samples/CAM_BACK/n015-2018-07-11-11-54-16+0800__CAM_BACK__1531281934687525.jpg", "samples/CAM_BACK_RIGHT/n015-2018-07-11-11-54-16+0800__CAM_BACK_RIGHT__1531281934677893.jpg"], "intrinsics": [[[1272.5979470598488, 0.0, 826.6154927353808], [0.0, 1272.5979470598488, 479.75165386361925], [0.0, 0.0, 1.0]], [[1266.417203046554, 0.0, 816.2670197447984], [0.0, 1266.417203046554, 491.50706579294757], [0.0, 0.0, 1.0]], [[1260.8474446004698, 0.0, 807.968244525554], [0.0, 1260.8474446004698, 495.3344268742088], [0.0, 0.0, 1.0]], [[1256.7414812095406, 0.0, 792.1125740759628], [0.0, 1256.7414812095406, 492.7757465151356], [0.0, 0.0, 1.0]], [[809.2209905677063, 0.0, 829.2196003259838], [0.0, 809.2209905677063, 481.77842384512485], [0.0, 0.0, 1.0]], [[1259.5137405846733, 0.0, 807.2529053838625], [0.0, 1259.5137405846733, 501.19579884916527], [0.0, 0.0, 1.0]]], "extrinsics": [[[0.8208447098731995, -0.5710914134979248, 0.008284796960651875, -0.62042236328125], [0.00041111750761047006, -0.013914637267589569, -0.9999030828475952, 1.5084688663482666], [0.5711513161659241, 0.8207684755325317, -0.01118697039783001, -1.0447998046875], [0.0, 0.0, 0.0, 1.0]], [[0.005820692516863346, -0.9998217821121216, 0.017958277836441994, 0.0099945068359375], [-0.004892108961939812, -0.0179868396371603, -0.9998262524604797, 1.51890230178833], [0.9999710917472839, 0.005731850862503052, -0.004995932802557945, -1.34814453125], [0.0, 0.0, 0.0, 1.0]], [[-0.8328531384468079, -0.5534939169883728, -0.00017770643171388656, 0.80987548828125], [0.0007543027750216424, -0.0008139506098814309, -0.9999993443489075, 1.5038485527038574], [0.5534934401512146, -0.8328527808189392, 0.0010954034514725208, -1.09808349609375], [0.0, 0.0, 0.0, 1.0]], [[0.9477410912513733, 0.3190391957759857, -0.000957803800702095, -1.1339111328125], [0.009518886916339397, -0.031277451664209366, -0.9994654059410095, 1.588644027709961], [-0.3188985288143158, 0.9472252726554871, -0.032679822295904