[{"images": ["samples/CAM_FRONT_LEFT/n015-2018-11-21-19-38-26+0800__CAM_FRONT_LEFT__1542800568004844.jpg", "samples/CAM_FRONT/n015-2018-11-21-19-38-26+0800__CAM_FRONT__1542800568012460.jpg", "samples/CAM_FRONT_RIGHT/n015-2018-11-21-19-38-26+0800__CAM_FRONT_RIGHT__1542800568020339.jpg", "samples/CAM_BACK_LEFT/n015-2018-11-21-19-38-26+0800__CAM_BACK_LEFT__1542800568047423.jpg", "samples/CAM_BACK/n015-2018-11-21-19-38-26+0800__CAM_BACK__1542800568037525.jpg", "samples/CAM_BACK_RIGHT/n015-2018-11-21-19-38-26+0800__CAM_BACK_RIGHT__1542800568027893.jpg"], "intrinsics": [[[1272.5979470598488, 0.0, 826.6154927353808], [0.0, 1272.5979470598488, 479.75165386361925], [0.0, 0.0, 1.0]], [[1266.417203046554, 0.0, 816.2670197447984], [0.0, 1266.417203046554, 491.50706579294757], [0.0, 0.0, 1.0]], [[1260.8474446004698, 0.0, 807.968244525554], [0.0, 1260.8474446004698, 495.3344268742088], [0.0, 0.0, 1.0]], [[1256.7414812095406, 0.0, 792.1125740759628], [0.0, 1256.7414812095406, 492.7757465151356], [0.0, 0.0, 1.0]], [[809.2209905677063, 0.0, 829.2196003259838], [0.0, 809.2209905677063, 481.77842384512485], [0.0, 0.0, 1.0]], [[1259.5137405846733, 0.0, 807.2529053838625], [0.0, 1259.5137405846733, 501.19579884916527], [0.0, 0.0, 1.0]]], "extrinsics": [[[0.8204113245010376, -0.5717551708221436, -0.004605632741004229, -0.6778640747070312], [-0.005297242663800716, 0.00045412793406285346, -0.9999858736991882, 1.5064005851745605], [0.571749210357666, 0.8204241394996643, -0.002656153868883848, -1.0826416015625], [0.0, 0.0, 0.0, 1.0]], [[0.005231593735516071, -0.9999811053276062, 0.0032300474122166634, 0.0081787109375], [-0.010740748606622219, -0.0032860971987247467, -0.9999369382858276, 1.5174598693847656], [0.9999285340309143, 0.0051965732127428055, -0.01075773686170578, -1.40576171875], [0.0, 0.0, 0.0, 1.0]], [[-0.8331503868103027, -0.553035318851471, -0.0035008355043828487, 0.84765625], [-0.005258916411548853, 0.014252073131501675, -0.9998845458030701, 1.5024547576904297], [0.5530213713645935, -0.8330358862876892, -0.014782488346099854, -1.12457275390625], [0.0, 0.0, 0.0, 1.0]], [[0.9477640390396118, 0.31896549463272095, -0.0020626699551939964, -1.1429443359375], [0.0029096018988639116, -0.015111480839550495, -0.9998815655708313, 1.5885543823242188], [-0.31895890831947327, 0.9476457834243774, -0.015250181779265404, -0.103515625], [0.0, 0.0, 0.0, 1.0]], [[0.0025069699622690678, 0.9999822974205017, -0.005396406166255474, 0.0025634765625], [-0.022372644394636154, -0.0053389850072562695, -0.9997354745864868, 1.577545166015625], [-0.9997465014457703, 0.002627014182507992, 0.022358864545822144, -0.079345703125], [0.0, 0.0, 0.0, 1.0]], [[-0.9347426295280457, 0.35526809096336365, -0.006381594110280275, 0.985443115234375], [0.010469014756381512, 0.009583978913724422, -0.9998992681503296, 1.5531253814697266], [-0.35517117381095886, -0.9347153306007385, -0.012677861377596855, -0.1199951171875], [0.0, 0.0, 0.0, 1.0]]], "view": [[0.0, -2.0, 100.0], [-2.0, 0.0, 100.0], [0.0, 0.0, 1.0]], "bev": "bev_6522941a2ee34a95acf08c4d3578e4c8.png", "aux": "aux_6522941a2ee34a95acf08c4d3578e4c8.npz", "visibility": "visibility_6522941a2ee34a95acf08c4d3578e4c8.png", "pose": [[0.9434818029403687, 0.3314242660999298, 0.0, 1603.214599609375], [-0.3314242660999298, 0.9434818029403687, 0.0, 1194.4500732421875], [0.0, 0.0, 1.0, 0.0], [0.0, 0.0, 0.0, 1.0]], "pose_inverse": [[0.9434818029403687, -0.3314242660999298, 0.0, -1116.734130859375], [0.3314242660999298, 0.9434818029403687, 0.0, -1658.2861328125], [0.0, 0.0, 1.0, 0.0], [0.0, 0.0, 0.0, 1.0]], "cam_ids": [0, 1, 2, 3, 4, 5], "cam_channels": ["CAM_FRONT_LEFT", "CAM_FRONT", "CAM_FRONT_RIGHT", "CAM_BACK_LEFT", "CAM_BACK", "CAM_BACK_RIGHT"], "token": "6522941a2ee34a95acf08c4d3578e4c8", "scene": "scene-1086"}, {"images": ["samples/CAM_FRONT_LEFT/n015-2018-11-21-19-38-26+0800__CAM_FRONT_LEFT__1542800568504848.jpg", "samples/CAM_FRONT/n015-2018-11-21-19-38-26+0800__CAM_FRONT__1542800568514391.jpg", "samples/CAM_FRONT_RIGHT/n015-2018-11-21-19-38-26+0800__CAM_FRONT_RIGHT__1542800568520339.jpg", "samples/CAM_BACK_LEFT/n015-2018-11-21-19-38-26+0800__CAM_BACK_LEFT__1542800568547423.jpg", "samples/CAM_BACK/n015-2018-11-21-19-38-26+0800__CAM_BACK__1542800568537525.jpg", "samples/CAM_BACK_RIGHT/n015-2018-11-21-19-38-26+0800__CAM_BACK_RIGHT__1542800568527893.jpg"], "intrinsics": [[[1272.5979470598488, 0.0, 826.6154927353808], [0.0, 1272.5979470598488, 479.75165386361925], [0.0, 0.0, 1.0]], [[1266.417203046554, 0.0, 816.2670197447984], [0.0, 1266.417203046554, 491.50706579294757], [0.0, 0.0, 1.0]], [[1260.8474446004698, 0.0, 807.968244525554], [0.0, 1260.8474446004698, 495.3344268742088], [0.0, 0.0, 1.0]], [[1256.7414812095406, 0.0, 792.1125740759628], [0.0, 1256.7414812095406, 492.7757465151356], [0.0, 0.0, 1.0]], [[809.2209905677063, 0.0, 829.2196003259838], [0.0, 809.2209905677063, 481.77842384512485], [0.0, 0.0, 1.0]], [[1259.5137405846733, 0.0, 807.2529053838625], [0.0, 1259.5137405846733, 501.19579884916527], [0.0, 0.0, 1.0]]], "extrinsics": [[[0.8207419514656067, -0.5712939500808716, -0.002408500760793686, -0.6929988861083984], [-0.0035695957485586405, -0.0009123719646595418, -0.9999932050704956, 1.5070772171020508], [0.5712878704071045, 0.820745050907135, -0.0027881101705133915, -1.0950927734375], [0.0, 0.0, 0.0, 1.0]], [[0.005683836527168751, -0.9999710321426392, 0.005053273402154446, 0.009033203125], [-0.009097220376133919, -0.005104853771626949, -0.9999456405639648, 1.5182266235351562], [0.9999424815177917, 0.0056375679560005665, -0.009125972166657448, -1.4373779296875], [0.0, 0.0, 0.0, 1.0]], [[-0.8329575061798096, -0.5533251166343689, -0.003643764415755868, 0.8594970703125], [-0.0036149572115391493, 0.012026534415781498, -0.9999211430549622, 1.5028667449951172], [0.5533252358436584, -0.832878589630127, -0.012017836794257164, -1.1317138671875], [0.0, 0.0, 0.0, 1.0]], [[0.9477671384811401, 0.3189569115638733, -0.001994500635191798, -1.1434326171875], [0.004305435344576836, -0.019045429304242134, -0.9998093247413635, 1.5885505676269531], [-0.31893405318260193, 0.9475778937339783, -0.01942387782037258, -0.103271484375], [0.0, 0.0, 0.0, 1.0]], [[0.0024042834993451834, 0.9999589323997498, -0.008736716583371162, 0.0023193359375], [-0.02080877125263214, -0.008684821426868439, -0.999745786190033, 1.5777969360351562], [-0.9997805953025818, 0.0025854508858174086, 0.020787034183740616, -0.0732421875], [0.0, 0.0, 0.0, 1.0]], [[-0.9348104000091553, 0.3550368845462799, -0.008855889551341534, 0.995330810546875], [0.012089055962860584, 0.006889258045703173, -0.9999032020568848, 1.5532550811767578], [-0.3549415171146393, -0.9348269104957581, -0.010732210241258144, -0.11572265625], [0.0, 0.0, 0.0, 1.0]]], "view": [[0.0, -2.0, 100.0], [-2.0, 0.0, 100.0], [0.0, 0.0, 1.0]], "bev": "bev_05c7893c7dc047f281d6f4a92046fe43.png", "aux": "aux_05c7893c7dc047f281d6f4a92046fe43.npz", "visibility": "visibility_05c7893c7dc047f281d6f4a92046fe43.png", "pose": [[0.9443528056144714, 0.32893434166908264, 0.0, 1606.92822265625], [-0.32893434166908264, 0.9443528056144714, 0.0, 1193.121826171875], [0.0, 0.0, 1.0, 0.0], [0.0, 0.0, 0.0, 1.0]], "pose_inverse": [[0.9443528056144714, -0.32893434166908264, 0.0, -1125.0484619140625], [0.32893434166908264, 0.9443528056144714, 0.0, -1655.3017578125], [0.0, 0.0, 1.0, 0.0], [0.0, 0.0, 0.0, 1.0]], "cam_ids": [0, 1, 2, 3, 4, 5], "cam_channels": ["CAM_FRONT_LEFT", "CAM_FRONT", "CAM_FRONT_RIGHT", "CAM_BACK_LEFT", "CAM_BACK", "CAM_BACK_RIGHT"], "token": "05c7893c7dc047f281d6f4a92046fe43", "scene": "scene-1086"}, {"images": ["samples/CAM_FRONT_LEFT/n015-2018-11-21-19-38-26+0800__CAM_FRONT_LEFT__1542800569004844.jpg", "samples/CAM_FRONT/n015-2018-11-21-19-38-26+0800__CAM_FRONT__1542800569012460.jpg", "samples/CAM_FRONT_RIGHT/n015-2018-11-21-19-38-26+0800__CAM_FRONT_RIGHT__1542800569020339.jpg", "samples/CAM_BACK_LEFT/n015-2018-11-21-19-38-26+0800__CAM_BACK_LEFT__1542800569047423.jpg", "samples/CAM_BACK/n015-2018-11-21-19-38-26+0800__CAM_BACK__1542800569037525.jpg", "samples/CAM_BACK_RIGHT/n015-2018-11-21-19-38-26+0800__CAM_BACK_RIGHT__1542800569027893.jpg"], "intrinsics": [[[1272.5979470598488, 0.0, 826.6154927353808], [0.0, 1272.5979470598488, 479.75165386361925], [0.0, 0.0, 1.0]], [[1266.417203046554, 0.0, 816.2670197447984], [0.0, 1266.417203046554, 491.50706579294757], [0.0, 0.0, 1.0]], [[1260.8474446004698, 0.0, 807.968244525554], [0.0, 1260.8474446004698, 495.3344268742088], [0.0, 0.0, 1.0]], [[1256.7414812095406, 0.0, 792.1125740759628], [0.0, 1256.7414812095406, 492.7757465151356], [0.0, 0.0, 1.0]], [[809.2209905677063, 0.0, 829.2196003259838], [0.0, 809.2209905677063, 481.77842384512485], [0.0, 0.0, 1.0]], [[1259.5137405846733, 0.0, 807.2529053838625], [0.0, 1259.5137405846733, 501.19579884916527], [0.0, 0.0, 1.0]]], "extrinsics": [[[0.8205323815345764, -0.5715994238853455, 0.0008276058943010867, -0.7095947265625], [-0.00635455222800374, -0.010569742880761623, -0.9999239444732666, 1.5062999725341797], [0.5715646743774414, 0.8204647302627563, -0.01230507344007492, -1.104736328125], [0.0, 0.0, 0.0, 1.0]], [[0.005406827665865421, -0.9998804330825806, 0.01448674313724041, 0.0079345703125], [-0.011591063812375069, -0.014548646286129951, -0.9998270273208618, 1.5176048278808594], [0.9999181628227234, 0.005237922538071871, -0.011668339371681213, -1.4376220703125], [0.0, 0.0, 0.0, 1.0]], [[-0.8330884575843811, -0.5531293153762817, 0.0033963245805352926, 0.868408203125], [-0.005897998344153166, 0.002743122633546591, -0.9999788403511047, 1.5024752616882324], [0.5531083345413208, -0.8330908417701721, -0.005547618493437767, -1.1383056640625], [0.0, 0.0, 0.0, 1.0]], [[0.9477717280387878, 0.31889599561691284, -0.00583262462168932, -1.140625], [0.003042682074010372, -0.027326107025146484, -0.9996219277381897, 1.5885581970214844], [-0.318934828042984, 0.9473957419395447, -0.026869211345911026, -0.1043701171875], [0.0, 0.0, 0.0, 1.0]], [[0.002485400764271617, 0.9998446106910706, -0.01745452545583248, 0.0025634765625], [-0.022513629868626595, -0.017394207417964935, -0.9995952248573303, 1.5777130126953125], [-0.9997434616088867, 0.0028773562517017126, 0.02246689796447754, -0.0714111328125], [0.0, 0.0, 0.0, 1.0]], [[-0.9347673654556274, 0.35511523485183716, -0.010156926698982716, 1.00244140625], [0.010036052204668522, -0.002182439900934696, -0.9999472498893738, 1.5528802871704102], [-0.35511860251426697, -0.9348200559616089, -0.0015238821506500244, -0.1136474609375], [0.0, 0.0, 0.0, 1.0]]], "view": [[0.0, -2.0, 100.0], [-2.0, 0.0, 100.0], [0.0, 0.0, 1.0]], "bev": "bev_ac9289f3fe5543d1889c48117014ebca.png", "aux": "aux_ac9289f3fe5543d1889c48117014ebca.npz", "visibility": "visibility_ac9289f3fe5543d1889c48117014ebca.png", "pose": [[0.9454302191734314, 0.32582470774650574, 0.0, 1610.4488525390625], [-0.32582470774650574, 0.9454302191734314, 0.0, 1191.8704833984375], [0.0, 0.0, 1.0, 0.0], [0.0, 0.0, 0.0, 1.0]], "pose_inverse": [[0.9454302191734314, -0.32582470774650574, 0.0, -1134.22607421875], [0.32582470774650574, 0.9454302191734314, 0.0, -1651.5543212890625], [0.0, 0.0, 1.0, 0.0], [0.0, 0.0, 0.0, 1.0]], "cam_ids": [0, 1, 2, 3, 4, 5], "cam_channels": ["CAM_FRONT_LEFT", "CAM_FRONT", "CAM_FRONT_RIGHT", "CAM_BACK_LEFT", "CAM_BACK", "CAM_BACK_RIGHT"], "token": "ac9289f3fe5543d1889c48117014ebca", "scene": "scene-1086"}, {"images": ["samples/CAM_FRONT_LEFT/n015-2018-11-21-19-38-26+0800__CAM_FRONT_LEFT__1542800569504844.jpg", "samples/CAM_FRONT/n015-2018-11-21-19-38-26+0800__CAM_FRONT__1542800569512460.jpg", "samples/CAM_FRONT_RIGHT/n015-2018-11-21-19-38-26+0800__CAM_FRONT_RIGHT__1542800569520339.jpg", "samples/CAM_BACK_LEFT/n015-2018-11-21-19-38-26+0800__CAM_BACK_LEFT__1542800569547423.jpg", "samples/CAM_BACK/n015-2018-11-21-19-38-26+0800__CAM_BACK__1542800569537525.jpg", "samples/CAM_BACK_RIGHT/n015-2018-11-21-19-38-26+0800__CAM_BACK_RIGHT__1542800569527893.jpg"], "intrinsics": [[[1272.5979470598488, 0.0, 826.6154927353808], [0.0, 1272.5979470598488, 479.75165386361925], [0.0, 0.0, 1.0]], [[1266.417203046554, 0.0, 816.2670197447984], [0.0, 1266.417203046554, 491.50706579294757], [0.0, 0.0, 1.0]], [[1260.8474446004698, 0.0, 807.968244525554], [0.0, 1260.8474446004698, 495.3344268742088], [0.0, 0.0, 1.0]], [[1256.7414812095406, 0.0, 792.1125740759628], [0.0, 1256.7414812095406, 492.7757465151356], [0.0, 0.0, 1.0]], [[809.2209905677063, 0.0, 829.2196003259838], [0.0, 809.2209905677063, 481.77842384512485], [0.0, 0.0, 1.0]], [[1259.5137405846733, 0.0, 807.2529053838625], [0.0, 1259.5137405846733, 501.19579884916527], [0.0, 0.0, 1.0]]], "extrinsics": [[[0.8205979466438293, -0.5715055465698242, 0.0006327357259579003, -0.730618953704834], [0.0015377728268504143, 0.0011008792789652944, -0.9999982118606567, 1.5086841583251953], [0.571503758430481, 0.8205974698066711, 0.0017822252120822668, -1.1190185546875], [0.0, 0.0, 0.0, 1.0]], [[0.005459014326334, -0.9999809861183167, 0.002866754774004221, 0.007568359375], [-0.0037756492383778095, -0.002887388924136758, -0.9999887347221375, 1.5196542739868164], [0.9999780058860779, 0.0054481555707752705, -0.0037913399282842875, -1.45849609375], [0.0, 0.0, 0.0, 1.0]], [[-0.8330017924308777, -0.5531888604164124, -0.009494668804109097, 0.8814697265625], [0.001836031093262136, 0.014396985061466694, -0.9998946785926819, 1.50396728515625], [0.553267240524292, -0.8329314589500427, -0.010977041907608509, -1.14752197265625], [0.0, 0.0, 0.0, 1.0]], [[0.9477531909942627, 0.3189658224582672, 0.004965065512806177, -1.13818359375], [0.01043151505291462, -0.015432056970894337, -0.9998264908790588, 1.5885963439941406], [-0.3188338279724121, 0.947640597820282, -0.01795307733118534, -0.10498046875], [0.0, 0.0, 0.0, 1.0]], [[0.0024850035551935434, 0.9999809265136719, -0.005651385057717562, 0.002685546875], [-0.014995107427239418, -0.005613503511995077, -0.9998717904090881, 1.5783309936523438], [-0.9998844861984253, 0.0025694549549371004, 0.014980873093008995, -0.0670166015625], [0.0, 0.0, 0.0, 1.0]], [[-0.9347162246704102, 0.3551511764526367, -0.01316424272954464, 1.01287841796875], [0.017687300220131874, 0.009491773322224617, -0.9997985363006592, 1.55377197265625], [-0.35495471954345703, -0.9347607493400574, -0.015153779648244381, -0.10986328125], [0.0, 0.0, 0.0, 1.0]]], "view": [[0.0, -2.0, 100.0], [-2.0, 0.0, 100.0], [0.0, 0.0, 1.0]], "bev": "bev_99e2742e851c4faa8efb00ead4e35dde.png", "aux": "aux_99e2742e851c4faa8efb00ead4e35dde.npz", "visibility": "visibility_99e2742e851c4faa8efb00ead4e35dde.png", "pose": [[0.9460267424583435, 0.32408854365348816, 0.0, 1613.6998291015625], [-0.32408854365348816, 0.9460267424583435, 0.0, 1190.7239990234375], [0.0, 0.0, 1.0, 0.0], [0.0, 0.0, 0.0, 1.0]], "pose_inverse": [[0.9460267424583435, -0.32408854365348816, 0.0, -1140.7032470703125], [0.32408854365348816, 0.9460267424583435, 0.0, -1649.4383544921875], [0.0, 0.0, 1.0, 0.0], [0.0, 0.0, 0.0, 1.0]], "cam_ids": [0, 1, 2, 3, 4, 5], "cam_channels": ["CAM_FRONT_LEFT", "CAM_FRONT", "CAM_FRONT_RIGHT", "CAM_BACK_LEFT", "CAM_BACK", "CAM_BACK_RIGHT"], "token": "99e2742e851c4faa8efb00ead4e35dde", "scene": "scene-1086"}, {"images": ["samples/CAM_FRONT_LEFT/n015-2018-11-21-19-38-26+0800__CAM_FRONT_LEFT__1542800570004844.jpg", "samples/CAM_FRONT/n015-2018-11-21-19-38-26+0800__CAM_FRONT__1542800570012460.jpg", "samples/CAM_FRONT_RIGHT/n015-2018-11-21-19-38-26+0800__CAM_FRONT_RIGHT__1542800570020339.jpg", "samples/CAM_BACK_LEFT/n015-2018-11-21-19-38-26+0800__CAM_BACK_LEFT__1542800570047423.jpg", "samples/CAM_BACK/n015-2018-11-21-19-38-26+0800__CAM_BACK__1542800570037525.jpg", "samples/CAM_BACK_RIGHT/n015-2018-11-21-19-38-26+0800__CAM_BACK_RIGHT__1542800570027893.jpg"], "intrinsics": [[[1272.5979470598488, 0.0, 826.6154927353808], [0.0, 1272.5979470598488, 479.75165386361925], [0.0, 0.0, 1.0]], [[1266.417203046554, 0.0, 816.2670197447984], [0.0, 1266.417203046554, 491.50706579294757], [0.0, 0.0, 1.0]], [[1260.8474446004698, 0.0, 807.968244525554], [0.0, 1260.8474446004698, 495.3344268742088], [0.0, 0.0, 1.0]], [[1256.7414812095406, 0.0, 792.1125740759628], [0.0, 1256.7414812095406, 492.7757465151356], [0.0, 0.0, 1.0]], [[809.2209905677063, 0.0, 829.2196003259838], [0.0, 809.2209905677063, 481.77842384512485], [0.0, 0.0, 1.0]], [[1259.5137405846733, 0.0, 807.2529053838625], [0.0, 1259.5137405846733, 501.19579884916527], [0.0, 0.0, 1.0]]], "extrinsics": [[[0.8207148313522339, -0.5713009834289551, -0.006496619898825884, -0.748930811882019], [-0.002985674189403653, 0.007082151714712381, -0.9999704360961914, 1.5074501037597656], [0.571330189704895, 0.8207100629806519, 0.00410670880228281, -1.133056640625], [0.0, 0.0, 0.0, 1.0]], [[0.005663102958351374, -0.9999788999557495, -0.0031741149723529816, 0.0084228515625], [-0.008430955931544304, 0.003126307390630245, -0.9999595880508423, 1.518707275390625], [0.9999484419822693, 0.005689642857760191, -0.008413072675466537, -1.4764404296875], [0.0, 0.0, 0.0, 1.0]], [[-0.8329437375068665, -0.5532868504524231, -0.008849379606544971, 0.8931884765625], [-0.002959221601486206, 0.02044573612511158, -0.9997865557670593, 1.5031108856201172], [0.5533497333526611, -0.8327398300170898, -0.018667446449398994, -1.15411376953125], [0.0, 0.0, 0.0, 1.0]], [[0.9477680921554565, 0.31895506381988525, 0.0018258062191307545, -1.13916015625], [0.005171071272343397, -0.009641733020544052, -0.9999401569366455, 1.5885734558105469], [-0.3189183175563812, 0.9477207660675049, -0.010787466540932655, -0.1048583984375], [0.0, 0.0, 0.0, 1.0]], [[0.0023869816213846207, 0.9999971985816956, 0.00024801489780656993, 0.0023193359375], [-0.020026877522468567, 0.00029576962697319686, -0.9997994303703308, 1.5780773162841797], [-0.9997966885566711, 0.002381502417847514, 0.02002752386033535, -0.062255859375], [0.0, 0.0, 0.0, 1.0]], [[-0.9348199963569641, 0.355063259601593, -0.0064497413113713264, 1.0208740234375], [0.012792469933629036, 0.0155189773067832, -0.9997977614402771, 1.5530014038085938], [-0.35489141941070557, -0.9347134232521057, -0.019049588590860367, -0.10595703125], [0.0, 0.0, 0.0, 1.0]]], "view": [[0.0, -2.0, 100.0], [-2.0, 0.0, 100.0], [0.0, 0.0, 1.0]], "bev": "bev_6386ca8547c04142a7bd00071fc71377.png", "aux": "aux_6386ca8547c04142a7bd00071fc71377.npz", "visibility": "visibility_6386ca8547c04142a7bd00071fc71377.png", "pose": [[0.9468491673469543, 0.32167789340019226, 0.0, 1616.68017578125], [-0.32167789340019226, 0.9468491673469543, 0.0, 1189.680908203125], [0.0, 0.0, 1.0, 0.0], [0.0, 0.0, 0.0, 1.0]], "pose_inverse": [[0.9468491673469543, -0.32167789340019226, 0.0, -1148.0582275390625], [0.32167789340019226, 0.9468491673469543, 0.0, -1646.4986572265625], [0.0, 0.0, 1.0, 0.0], [0.0, 0.0, 0.0, 1.0]], "cam_ids": [0, 1, 2, 3, 4, 5], "cam_channels": ["CAM_FRONT_LEFT", "CAM_FRONT", "CAM_FRONT_RIGHT", "CAM_BACK_LEFT", "CAM_BACK", "CAM_BACK_RIGHT"], "token": "6386ca8547c04142a7bd00071fc71377", "scene": "scene-1086"}, {"images": ["samples/CAM_FRONT_LEFT/n015-2018-11-21-19-38-26+0800__CAM_FRONT_LEFT__1542800570504844.jpg", "samples/CAM_FRONT/n015-2018-11-21-19-38-26+0800__CAM_FRONT__1542800570512460.jpg", "samples/CAM_FRONT_RIGHT/n015-2018-11-21-19-38-26+0800__CAM_FRONT_RIGHT__1542800570520339.jpg", "samples/CAM_BACK_LEFT/n015-2018-11-21-19-38-26+0800__CAM_BACK_LEFT__1542800570547423.jpg", "samples/CAM_BACK/n015-2018-11-21-19-38-26+0800__CAM_BACK__1542800570537525.jpg", "samples/CAM_BACK_RIGHT/n015-2018-11-21-19-38-26+0800__CAM_BACK_RIGHT__1542800570527893.jpg"], "intrinsics": [[[1272.5979470598488, 0.0, 826.6154927353808], [0.0, 1272.5979470598488, 479.75165386361925], [0.0, 0.0, 1.0]], [[1266.417203046554, 0.0, 816.2670197447984], [0.0, 1266.417203046554, 491.50706579294757], [0.0, 0.0, 1.0]], [[1260.8474446004698, 0.0, 807.968244525554], [0.0, 1260.8474446004698, 495.3344268742088], [0.0, 0.0, 1.0]], [[1256.7414812095406, 0.0, 792.1125740759628], [0.0, 1256.7414812095406, 492.7757465151356], [0.0, 0.0, 1.0]], [[809.2209905677063, 0.0, 829.2196003259838], [0.0, 809.2209905677063, 481.77842384512485], [0.0, 0.0, 1.0]], [[1259.5137405846733, 0.0, 807.2529053838625], [0.0, 1259.5137405846733, 501.19579884916527], [0.0, 0.0, 1.0]]], "extrinsics": [[[0.8206760883331299, -0.5713515281677246, -0.00694556999951601, -0.7740669250488281], [-0.006376946344971657, 0.0029963876586407423, -0.9999752044677734, 1.5067670345306396], [0.5713581442832947, 0.8207000494003296, -0.001184414024464786, -1.1488037109375], [0.0, 0.0, 0.0, 1.0]], [[0.005635367706418037, -0.999983549118042, 0.001064031501300633, 0.007080078125], [-0.011808842420578003, -0.0011305223451927304, -0.999929666519165, 1.5182857513427734], [0.9999143481254578, 0.005622377619147301, -0.011815018020570278, -1.501953125], [0.0, 0.0, 0.0, 1.0]], [[-0.8329765200614929, -0.5532967448234558, -0.003593537723645568, 0.9097900390625], [-0.0063224365003407, 0.016012106090784073, -0.9998517632484436, 1.5026988983154297], [0.5532722473144531, -0.8328303694725037, -0.01683589071035385, -1.16656494140625], [0.0, 0.0, 0.0, 1.0]], [[0.9477613568305969, 0.3189677298069, -0.002844371600076556, -1.1375732421875], [0.0019906775560230017, -0.014831406064331532, -0.999888002872467, 1.5885677337646484], [-0.31897419691085815, 0.9476495385169983, -0.014691594056785107, -0.10546875], [0.0, 0.0, 0.0, 1.0]], [[0.002381536876782775, 0.999986469745636, -0.004632208496332169, 0.002685546875], [-0.02329455129802227, -0.004575487691909075, -0.999718189239502, 1.5780372619628906], [-0.999725878238678, 0.002488767961040139, 0.02328334003686905, -0.054931640625], [0.0, 0.0, 0.0, 1.0]], [[-0.9348328709602356, 0.35505345463752747, -0.004963040817528963, 1.0360107421875], [0.009461653418838978, 0.010935087688267231, -0.999895453453064, 1.5524559020996094], [-0.3549620807170868, -0.934782087802887, -0.013581872917711735, -0.1009521484375], [0.0, 0.0, 0.0, 1.0]]], "view": [[0.0, -2.0, 100.0], [-2.0, 0.0, 100.0], [0.0, 0.0, 1.0]], "bev": "bev_f0cb66f55b074f1fbd27a00f0a5c6a8e.png", "aux": "aux_f0cb66f55b074f1fbd27a00f0a5c6a8e.npz", "visibility": "visibility_f0cb66f55b074f1fbd27a00f0a5c6a8e.png", "pose": [[0.9477835893630981, 0.3189142644405365, 0.0, 1619.356689453125], [-0.3189142644405365, 0.9477835893630981, 0.0, 1188.7586669921875], [0.0, 0.0, 1.0, 0.0], [0.0, 0.0, 0.0, 1.0]], "pose_inverse": [[0.9477835893630981, -0.3189142644405365, 0.0, -1155.6876220703125], [0.3189142644405365, 0.9477835893630981, 0.0, -1643.121826171875], [0.0, 0.0, 1.0, 0.0], [0.0, 0.0, 0.0, 1.0]], "cam_ids": [0, 1, 2, 3, 4, 5], "cam_channels": ["CAM_FRONT_LEFT", "CAM_FRONT", "CAM_FRONT_RIGHT", "CAM_BACK_LEFT", "CAM_BACK", "CAM_BACK_RIGHT"], "token": "f0cb66f55b074f1fbd27a00f0a5c6a8e", "scene": "scene-1086"}, {"images": ["samples/CAM_FRONT_LEFT/n015-2018-11-21-19-38-26+0800__CAM_FRONT_LEFT__1542800571004844.jpg", "samples/CAM_FRONT/n015-2018-11-21-19-38-26+0800__CAM_FRONT__1542800571012460.jpg", "samples/CAM_FRONT_RIGHT/n015-2018-11-21-19-38-26+0800__CAM_FRONT_RIGHT__1542800571020339.jpg", "samples/CAM_BACK_LEFT/n015-2018-11-21-19-38-26+0800__CAM_BACK_LEFT__1542800571047423.jpg", "samples/CAM_BACK/n015-2018-11-21-19-38-26+0800__CAM_BACK__1542800571037525.jpg", "samples/CAM_BACK_RIGHT/n015-2018-11-21-19-38-26+0800__CAM_BACK_RIGHT__1542800571027893.jpg"], "intrinsics": [[[1272.5979470598488, 0.0, 826.6154927353808], [0.0, 1272.5979470598488, 479.75165386361925], [0.0, 0.0, 1.0]], [[1266.417203046554, 0.0, 816.2670197447984], [0.0, 1266.417203046554, 491.50706579294757], [0.0, 0.0, 1.0]], [[1260.8474446004698, 0.0, 807.968244525554], [0.0, 1260.8474446004698, 495.3344268742088], [0.0, 0.0, 1.0]], [[1256.7414812095406, 0.0, 792.1125740759628], [0.0, 1256.7414812095406, 492.7757465151356], [0.0, 0.0, 1.0]], [[809.2209905677063, 0.0, 829.2196003259838], [0.0, 809.2209905677063, 481.77842384512485], [0.0, 0.0, 1.0]], [[1259.5137405846733, 0.0, 807.2529053838625], [0.0, 1259.5137405846733, 501.19579884916527], [0.0, 0.0, 1.0]]], "extrinsics": [[[0.8205877542495728, -0.571504533290863, -0.0042749554850161076, -0.7979030609130859], [-0.011318285949528217, -0.008771812543272972, -0.9998974800109863, 1.5059585571289062], [0.5714084506034851, 0.8205521106719971, -0.013666492886841297, -1.1651611328125], [0.0, 0.0, 0.0, 1.0]], [[0.0055602495558559895, -0.9999039769172668, 0.012696626596152782, 0.0067138671875], [-0.016320673748850822, -0.01278587244451046, -0.9997850656509399, 1.517822265625], [0.9998513460159302, 0.005351835396140814, -0.016390198841691017, -1.5255126953125], [0.0, 0.0, 0.0, 1.0]], [[-0.8330298662185669, -0.5531933903694153, 0.006180776748806238, 0.925048828125], [-0.010388215072453022, 0.004470973741263151, -0.9999359846115112, 1.5022997856140137], [0.5531303882598877, -0.8330408930778503, -0.009471145458519459, -1.17681884765625], [0.0, 0.0, 0.0, 1.0]], [[0.9477543830871582, 0.31888312101364136, -0.008665907196700573, -1.140869140625], [-0.0005592495435848832, -0.025504818186163902, -0.9996745586395264, 1.5885505676269531], [-0.31900036334991455, 0.9474508166313171, -0.023993968963623047, -0.1041259765625], [0.0, 0.0, 0.0, 1.0]], [[0.0024108358193188906, 0.9998745322227478, -0.015659784898161888, 0.0028076171875], [-0.026431847363710403, -0.01559064444154501, -0.9995290637016296, 1.5780868530273438], [-0.9996476769447327, 0.0028236221987754107, 0.026390941813588142, -0.046142578125], [0.0, 0.0, 0.0, 1.0]], [[-0.9348165392875671, 0.355087012052536, -0.00558566115796566, 1.048919677734375], [0.005805946886539459, -0.00044516671914607286, -0.9999830722808838, 1.551987648010254], [-0.35508349537849426, -0.9348331689834595, -0.0016454681754112244, -0.09619140625], [0.0, 0.0, 0.0, 1.0]]], "view": [[0.0, -2.0, 100.0], [-2.0, 0.0, 100.0], [0.0, 0.0, 1.0]], "bev": "bev_c2b3dfd91d04403f8a566d3687931e3c.png", "aux": "aux_c2b3dfd91d04403f8a566d3687931e3c.npz", "visibility": "visibility_c2b3dfd91d04403f8a566d3687931e3c.png", "pose": [[0.9482215046882629, 0.3176098167896271, 0.0, 1621.710205078125], [-0.3176098167896271, 0.9482215046882629, 0.0, 1187.948974609375], [0.0, 0.0, 1.0, 0.0], [0.0, 0.0, 0.0, 1.0]], "pose_inverse": [[0.9482215046882629, -0.3176098167896271, 0.0, -1160.436279296875], [0.3176098167896271, 0.9482215046882629, 0.0, -1641.509765625], [0.0, 0.0, 1.0, 0.0], [0.0, 0.0, 0.0, 1.0]], "cam_ids": [0, 1, 2, 3, 4, 5], "cam_channels": ["CAM_FRONT_LEFT", "CAM_FRONT", "CAM_FRONT_RIGHT", "CAM_BACK_LEFT", "CAM_BACK", "CAM_BACK_RIGHT"], "token": "c2b3dfd91d04403f8a566d3687931e3c", "scene": "scene-1086"}, {"images": ["samples/CAM_FRONT_LEFT/n015-2018-11-21-19-38-26+0800__CAM_FRONT_LEFT__1542800571504844.jpg", "samples/CAM_FRONT/n015-2018-11-21-19-38-26+0800__CAM_FRONT__1542800571513316.jpg", "samples/CAM_FRONT_RIGHT/n015-2018-11-21-19-38-26+0800__CAM_FRONT_RIGHT__1542800571520339.jpg", "samples/CAM_BACK_LEFT/n015-2018-11-21-19-38-26+0800__CAM_BACK_LEFT__1542800571547423.jpg", "samples/CAM_BACK/n015-2018-11-21-19-38-26+0800__CAM_BACK__1542800571537525.jpg", "samples/CAM_BACK_RIGHT/n015-2018-11-21-19-38-26+0800__CAM_BACK_RIGHT__1542800571527893.jpg"], "intrinsics": [[[1272.5979470598488, 0.0, 826.6154927353808], [0.0, 1272.5979470598488, 479.75165386361925], [0.0, 0.0, 1.0]], [[1266.417203046554, 0.0, 816.2670197447984], [0.0, 1266.417203046554, 491.50706579294757], [0.0, 0.0, 1.0]], [[1260.8474446004698, 0.0, 807.968244525554], [0.0, 1260.8474446004698, 495.3344268742088], [0.0, 0.0, 1.0]], [[1256.7414812095406, 0.0, 792.1125740759628], [0.0, 1256.7414812095406, 492.7757465151356], [0.0, 0.0, 1.0]], [[809.2209905677063, 0.0, 829.2196003259838], [0.0, 809.2209905677063, 481.77842384512485], [0.0, 0.0, 1.0]], [[1259.5137405846733, 0.0, 807.2529053838625], [0.0, 1259.5137405846733, 501.19579884916527], [0.0, 0.0, 1.0]]], "extrinsics": [[[0.8203660845756531, -0.5709349513053894, 0.03213630989193916, -0.8154935836791992], [0.02277306467294693, -0.02353477105498314, -0.9994635581970215, 1.5123987197875977], [0.5713850855827332, 0.8206579685211182, -0.006305189337581396, -1.17626953125], [0.0, 0.0, 0.0, 1.0]], [[0.005429750308394432, -0.9996068477630615, 0.027505867183208466, 0.006103515625], [0.01779022067785263, -0.027405358850955963, -0.9994661211967468, 1.5231437683105469], [0.9998270869255066, 0.005916185211390257, 0.017634421586990356, -1.5457763671875], [0.0, 0.0, 0.0, 1.0]], [[-0.832542896270752, -0.5537797212600708, -0.014156456105411053, 0.9351806640625], [0.023673631250858307, -0.010035648941993713, -0.9996693730354309, 1.5064077377319336], [0.5534546375274658, -0.8326026797294617, 0.021465085446834564, -1.18377685546875], [0.0, 0.0, 0.0, 1.0]], [[0.9474090933799744, 0.31947699189186096, 0.01872130110859871, -1.139404296875], [0.03307665139436722, -0.03956695273518562, -0.9986692667007446, 1.5886592864990234], [-0.31831109523773193, 0.9467675685882568, -0.0480533204972744, -0.1048583984375], [0.0, 0.0, 0.0, 1.0]], [[0.0025607796851545572, 0.9995507001876831, -0.029865803197026253, 0.0028076171875], [0.00745322834700346, -0.029884152114391327, -0.9995256066322327, 1.5796890258789062], [-0.9999690055847168, 0.0023369411937892437, -0.007526406552642584, -0.042724609375], [0.0, 0.0, 0.0, 1.0]], [[-0.9342437982559204, 0.3540956377983093, -0.04248500242829323, 1.05670166015625], [0.0398111529648304, -0.014835895039141178, -0.9990970492362976, 1.554840087890625], [-0.3544061779975891, -0.9350916147232056, -0.0002366109110880643, -0.093505859375], [0.0, 0.0, 0.0, 1.0]]], "view": [[0.0, -2.0, 100.0], [-2.0, 0.0, 100.0], [0.0, 0.0, 1.0]], "bev": "bev_e214cdac755e48d595ff1c5e9e46ef25.png", "aux": "aux_e214cdac755e48d595ff1c5e9e46ef25.npz", "visibility": "visibility_e214cdac755e48d595ff1c5e9e46ef25.png", "pose": [[0.9477216005325317, 0.31909844279289246, 0.0, 1623.80712890625], [-0.31909844279289246, 0.9477216005325317, 0.0, 1187.2347412109375], [0.0, 0.0, 1.0, 0.0], [0.0, 0.0, 0.0, 1.0]], "pose_inverse": [[0.9477216005325317, -0.31909844279289246, 0.0, -1160.072265625], [0.31909844279289246, 0.9477216005325317, 0.0, -1643.322265625], [0.0, 0.0, 1.0, 0.0], [0.0, 0.0, 0.0, 1.0]], "cam_ids": [0, 1, 2, 3, 4, 5], "cam_channels": ["CAM_FRONT_LEFT", "CAM_FRONT", "CAM_FRONT_RIGHT", "CAM_BACK_LEFT", "CAM_BACK", "CAM_BACK_RIGHT"], "token": "e214cdac755e48d595ff1c5e9e46ef25", "scene": "scene-1086"}, {"images": ["samples/CAM_FRONT_LEFT/n015-2018-11-21-19-38-26+0800__CAM_FRONT_LEFT__1542800572004844.jpg", "samples/CAM_FRONT/n015-2018-11-21-19-38-26+0800__CAM_FRONT__1542800572012460.jpg", "samples/CAM_FRONT_RIGHT/n015-2018-11-21-19-38-26+0800__CAM_FRONT_RIGHT__1542800572020423.jpg", "samples/CAM_BACK_LEFT/n015-2018-11-21-19-38-26+0800__CAM_BACK_LEFT__1542800572047423.jpg", "samples/CAM_BACK/n015-2018-11-21-19-38-26+0800__CAM_BACK__1542800572037525.jpg", "samples/CAM_BACK_RIGHT/n015-2018-11-21-19-38-26+0800__CAM_BACK_RIGHT__1542800572027893.jpg"], "intrinsics": [[[1272.5979470598488, 0.0, 826.6154927353808], [0.0, 1272.5979470598488, 479.75165386361925], [0.0, 0.0, 1.0]], [[1266.417203046554, 0.0, 816.2670197447984], [0.0, 1266.417203046554, 491.50706579294757], [0.0, 0.0, 1.0]], [[1260.8474446004698, 0.0, 807.968244525554], [0.0, 1260.8474446004698, 495.3344268742088], [0.0, 0.0, 1.0]], [[1256.7414812095406, 0.0, 792.1125740759628], [0.0, 1256.7414812095406, 492.7757465151356], [0.0, 0.0, 1.0]], [[809.2209905677063, 0.0, 829.2196003259838], [0.0, 809.2209905677063, 481.77842384512485], [0.0, 0.0, 1.0]], [[1259.5137405846733, 0.0, 807.2529053838625], [0.0, 1259.5137405846733, 501.19579884916527], [0.0, 0.0, 1.0]]], "extrinsics": [[[0.8209042549133301, -0.571050226688385, -0.0042332191951572895, -0.834864616394043], [-0.012965341098606586, -0.011226171627640724, -0.9998529553413391, 1.5062179565429688], [0.5709186792373657, 0.8208383321762085, -0.016619473695755005, -1.1915283203125], [0.0, 0.0, 0.0, 1.0]], [[0.006102884653955698, -0.9998639822006226, 0.015322131104767323, 0.007080078125], [-0.01937299594283104, -0.015437762252986431, -0.9996932148933411, 1.5180320739746094], [0.9997937083244324, 0.0058042025193572044, -0.019464576616883278, -1.562255859375], [0.0, 0.0, 0.0, 1.0]], [[-0.8327510952949524, -0.5535275340080261, 0.011528345756232738, 0.948486328125], [-0.014917440712451935, 0.00161774642765522, -0.9998874068260193, 1.5021333694458008], [0.5534465312957764, -0.8328292965888977, -0.009604394435882568, -1.19183349609375], [0.0, 0.0, 0.0, 1.0]], [[0.9476509094238281, 0.31876900792121887, -0.018549319356679916, -1.1400146484375], [-0.009766895323991776, -0.029127536341547966, -0.9995279908180237, 1.588531494140625], [-0.3191588222980499, 0.947384774684906, -0.024489354342222214, -0.104248046875], [0.0, 0.0, 0.0, 1.0]], [[0.00214101723395288, 0.9998161196708679, -0.019058967009186745, 0.00244140625], [-0.033813465386629105, -0.01897573098540306, -0.9992480278015137, 1.57806396484375], [-0.9994258284568787, 0.0027838367968797684, 0.03376661613583565, -0.0367431640625], [0.0, 0.0, 0.0, 1.0]], [[-0.9349594712257385, 0.35475221276283264, -0.0013052260037511587, 1.0665283203125], [6.829002813901752e-05, -0.003499257145449519, -0.9999939203262329, 1.5514588356018066], [-0.35475459694862366, -0.9349539279937744, 0.0032474370673298836, -0.0892333984375], [0.0, 0.0, 0.0, 1.0]]], "view": [[0.0, -2.0, 100.0], [-2.0, 0.0, 100.0], [0.0, 0.0, 1.0]], "bev": "bev_d29a639261294570a61a5f88d922ce89.png", "aux": "aux_d29a639261294570a61a5f88d922ce89.npz", "visibility": "visibility_d29a639261294570a61a5f88d922ce89.png", "pose": [[0.9472026824951172, 0.32063546776771545, 0.0, 1625.6102294921875], [-0.32063546776771545, 0.9472026824951172, 0.0, 1186.6180419921875], [0.0, 0.0, 1.0, 0.0], [0.0, 0.0, 0.0, 1.0]], "pose_inverse": [[0.9472026824951172, -0.32063546776771545, 0.0, -1159.310546875], [0.32063546776771545, 0.9472026824951172, 0.0, -1645.196044921875], [0.0, 0.0, 1.0, 0.0], [0.0, 0.0, 0.0, 1.0]], "cam_ids": [0, 1, 2, 3, 4, 5], "cam_channels": ["CAM_FRONT_LEFT", "CAM_FRONT", "CAM_FRONT_RIGHT", "CAM_BACK_LEFT", "CAM_BACK", "CAM_BACK_RIGHT"], "token": "d29a639261294570a61a5f88d922ce89", "scene": "scene-1086"}, {"images": ["samples/CAM_FRONT_LEFT/n015-2018-11-21-19-38-26+0800__CAM_FRONT_LEFT__1542800572504844.jpg", "samples/CAM_FRONT/n015-2018-11-21-19-38-26+0800__CAM_FRONT__1542800572512460.jpg", "samples/CAM_FRONT_RIGHT/n015-2018-11-21-19-38-26+0800__CAM_FRONT_RIGHT__1542800572520339.jpg", "samples/CAM_BACK_LEFT/n015-2018-11-21-19-38-26+0800__CAM_BACK_LEFT__1542800572547423.jpg", "samples/CAM_BACK/n015-2018-11-21-19-38-26+0800__CAM_BACK__1542800572537525.jpg", "samples/CAM_BACK_RIGHT/n015-2018-11-21-19-38-26+0800__CAM_BACK_RIGHT__1542800572527893.jpg"], "intrinsics": [[[1272.5979470598488, 0.0, 826.6154927353808], [0.0, 1272.5979470598488, 479.75165386361925], [0.0, 0.0, 1.0]], [[1266.417203046554, 0.0, 816.2670197447984], [0.0, 1266.417203046554, 491.50706579294757], [0.0, 0.0, 1.0]], [[1260.8474446004698, 0.0, 807.968244525554], [0.0, 1260.8474446004698, 495.3344268742088], [0.0, 0.0, 1.0]], [[1256.7414812095406, 0.0, 792.1125740759628], [0.0, 1256.7414812095406, 492.7757465151356], [0.0, 0.0, 1.0]], [[809.2209905677063, 0.0, 829.2196003259838], [0.0, 809.2209905677063, 481.77842384512485], [0.0, 0.0, 1.0]], [[1259.5137405846733, 0.0, 807.2529053838625], [0.0, 1259.5137405846733, 501.19579884916527], [0.0, 0.0, 1.0]]], "extrinsics": [[[0.820480465888977, -0.5711960196495056, -0.023384861648082733, -0.8207979202270508], [-0.029849259182810783, -0.0019543860107660294, -0.9995524883270264, 1.503021240234375], [0.5708946585655212, 0.8208113312721252, -0.01865331456065178, -1.18115234375], [0.0, 0.0, 0.0, 1.0]], [[0.005959386005997658, -0.9999658465385437, 0.005722383968532085, 0.0067138671875], [-0.03425798937678337, -0.005923283752053976, -0.999395489692688, 1.5156211853027344], [0.9993951916694641, 0.00575977424159646, -0.03429212048649788, -1.548828125], [0.0, 0.0, 0.0, 1.0]], [[-0.8327167630195618, -0.5534443855285645, 0.01679060608148575, 0.9400634765625], [-0.027721256017684937, 0.01138487458229065, -0.9995508193969727, 1.5005483627319336], [0.5530046224594116, -0.8328083157539368, -0.024822549894452095, -1.1865234375], [0.0, 0.0, 0.0, 1.0]], [[0.947535514831543, 0.3189641535282135, -0.020934849977493286, -1.140625], [-0.01578214392066002, -0.018730713054537773, -0.9997000098228455, 1.5885238647460938], [-0.3192605972290039, 0.9475816488265991, -0.012714077718555927, -0.1043701171875], [0.0, 0.0, 0.0, 1.0]], [[0.002141627948731184, 0.9999582767486572, -0.008890479803085327, 0.00244140625], [-0.04242720454931259, -0.008791632950305939, -0.9990609288215637, 1.5775985717773438], [-0.9990972876548767, 0.0025168322026729584, 0.0424065999686718, -0.039794921875], [0.0, 0.0, 0.0, 1.0]], [[-0.9348174333572388, 0.3549079895019531, 0.012522071599960327, 1.060821533203125], [-0.010943494737148285, 0.006454887334257364, -0.9999192953109741, 1.5505614280700684], [-0.354960173368454, -0.934878945350647, -0.002150209853425622, -0.091552734375], [0.0, 0.0, 0.0, 1.0]]], "view": [[0.0, -2.0, 100.0], [-2.0, 0.0, 100.0], [0.0, 0.0, 1.0]], "bev": "bev_a8966bc31cc64f1989c28fd2a50635fe.png", "aux": "aux_a8966bc31cc64f1989c28fd2a50635fe.npz", "visibility": "visibility_a8966bc31cc64f1989c28fd2a50635fe.png", "pose": [[0.9467679262161255, 0.32191693782806396, 0.0, 1627.409912109375], [-0.32191693782806396, 0.9467679262161255, 0.0, 1186.0001220703125], [0.0, 0.0, 1.0, 0.0], [0.0, 0.0, 0.0, 1.0]], "pose_inverse": [[0.9467679262161255, -0.32191693782806396, 0.0, -1158.9859619140625], [0.32191693782806396, 0.9467679262161255, 0.0, -1646.7576904296875], [0.0, 0.0, 1.0, 0.0], [0.0, 0.0, 0.0, 1.0]], "cam_ids": [0, 1, 2, 3, 4, 5], "cam_channels": ["CAM_FRONT_LEFT", "CAM_FRONT", "CAM_FRONT_RIGHT", "CAM_BACK_LEFT", "CAM_BACK", "CAM_BACK_RIGHT"], "token": "a8966bc31cc64f1989c28fd2a50635fe", "scene": "scene-1086"}, {"images": ["samples/CAM_FRONT_LEFT/n015-2018-11-21-19-38-26+0800__CAM_FRONT_LEFT__1542800573004844.jpg", "samples/CAM_FRONT/n015-2018-11-21-19-38-26+0800__CAM_FRONT__1542800573012460.jpg", "samples/CAM_FRONT_RIGHT/n015-2018-11-21-19-38-26+0800__CAM_FRONT_RIGHT__1542800573020348.jpg", "samples/CAM_BACK_LEFT/n015-2018-11-21-19-38-26+0800__CAM_BACK_LEFT__1542800573047428.jpg", "samples/CAM_BACK/n015-2018-11-21-19-38-26+0800__CAM_BACK__1542800573037530.jpg", "samples/CAM_BACK_RIGHT/n015-2018-11-21-19-38-26+0800__CAM_BACK_RIGHT__1542800573027893.jpg"], "intrinsics": [[[1272.5979470598488, 0.0, 826.6154927353808], [0.0, 1272.5979470598488, 479.75165386361925], [0.0, 0.0, 1.0]], [[1266.417203046554, 0.0, 816.2670197447984], [0.0, 1266.417203046554, 491.50706579294757], [0.0, 0.0, 1.0]], [[1260.8474446004698, 0.0, 807.968244525554], [0.0, 1260.8474446004698, 495.3344268742088], [0.0, 0.0, 1.0]], [[1256.7414812095406, 0.0, 792.1125740759628], [0.0, 1256.7414812095406, 492.7757465151356], [0.0, 0.0, 1.0]], [[809.2209905677063, 0.0, 829.2196003259838], [0.0, 809.2209905677063, 481.77842384512485], [0.0, 0.0, 1.0]], [[1259.5137405846733, 0.0, 807.2529053838625], [0.0, 1259.5137405846733, 501.19579884916527], [0.0, 0.0, 1.0]]], "extrinsics": [[[0.8200802206993103, -0.5722162127494812, 0.006087698973715305, -0.8047714233398438], [0.008264197036623955, 0.001205519074574113, -0.9999651312828064, 1.5098590850830078], [0.5721888542175293, 0.8201018571853638, 0.0057175299152731895, -1.16943359375], [0.0, 0.0, 0.0, 1.0]], [[0.004703443963080645, -0.9999841451644897, 0.003078562906011939, 0.00634765625], [0.002914008917286992, -0.003064878052100539, -0.9999911189079285, 1.521003007888794], [0.9999846816062927, 0.0047124046832323074, 0.002899546641856432, -1.5313720703125], [0.0, 0.0, 0.0, 1.0]], [[-0.8332509994506836, -0.5526973605155945, -0.014778438955545425, 0.9278564453125], [0.008500823751091957, 0.01391928642988205, -0.9998669624328613, 1.5047016143798828], [0.5528295040130615, -0.8332657814025879, -0.0068998755887150764, -1.17877197265625], [0.0, 0.0, 0.0, 1.0]], [[0.9476989507675171, 0.31899014115333557, 0.01058247685432434, -1.140625], [0.01686267741024494, -0.01693246327340603, -0.9997144341468811, 1.5885801315307617], [-0.3187197744846344, 0.9476068019866943, -0.02142590470612049, -0.104248046875], [0.0, 0.0, 0.0, 1.0]], [[0.0027494372334331274, 0.9999730587005615,