[{"images": ["samples/CAM_FRONT_LEFT/n008-2018-08-01-15-16-36-0400__CAM_FRONT_LEFT__1533151580504799.jpg", "samples/CAM_FRONT/n008-2018-08-01-15-16-36-0400__CAM_FRONT__1533151580512404.jpg", "samples/CAM_FRONT_RIGHT/n008-2018-08-01-15-16-36-0400__CAM_FRONT_RIGHT__1533151580520482.jpg", "samples/CAM_BACK_LEFT/n008-2018-08-01-15-16-36-0400__CAM_BACK_LEFT__1533151580547405.jpg", "samples/CAM_BACK/n008-2018-08-01-15-16-36-0400__CAM_BACK__1533151580537558.jpg", "samples/CAM_BACK_RIGHT/n008-2018-08-01-15-16-36-0400__CAM_BACK_RIGHT__1533151580528113.jpg"], "intrinsics": [[[1257.8625342125129, 0.0, 827.2410631095686], [0.0, 1257.8625342125129, 450.915498205774], [0.0, 0.0, 1.0]], [[1252.8131021185304, 0.0, 826.588114781398], [0.0, 1252.8131021185304, 469.9846626224581], [0.0, 0.0, 1.0]], [[1256.7485116440405, 0.0, 817.7887570959712], [0.0, 1256.7485116440403, 451.9541780095127], [0.0, 0.0, 1.0]], [[1254.9860565800168, 0.0, 829.5769333630991], [0.0, 1254.9860565800168, 467.1680561863987], [0.0, 0.0, 1.0]], [[796.8910634503094, 0.0, 857.7774326863696], [0.0, 796.8910634503094, 476.8848988407415], [0.0, 0.0, 1.0]], [[1249.9629280788233, 0.0, 825.3768045375984], [0.0, 1249.9629280788233, 462.54816385708756], [0.0, 0.0, 1.0]]], "extrinsics": [[[0.8234901428222656, -0.5672003030776978, -0.012159573845565319, -0.899658203125], [-0.006598510779440403, 0.01185586117208004, -0.999907910823822, 1.487443447113037], [0.5672922730445862, 0.823494553565979, 0.006020504981279373, -1.2620849609375], [0.0, 0.0, 0.0, 1.0]], [[0.011628943495452404, -0.9999017119407654, -0.007838868536055088, 0.007659912109375], [-0.004664506763219833, 0.007785068359225988, -0.999958872795105, 1.4796700477600098], [0.9999215602874756, 0.011665009893476963, -0.0045735156163573265, -1.6300048828125], [0.0, 0.0, 0.0, 1.0]], [[-0.8434897065162659, -0.5371401309967041, -0.0023561089765280485, 1.0233154296875], [0.003337535308673978, -0.0008546796161681414, -0.9999940395355225, 1.493340015411377], [0.5371350049972534, -0.8434926867485046, 0.002513637999072671, -1.23345947265625], [0.0, 0.0, 0.0, 1.0]], [[0.9477678537368774, 0.3185333013534546, -0.01651361770927906, -1.142822265625], [-0.022301534190773964, 0.014531953260302544, -0.9996456503868103, 1.5620155334472656], [-0.3181804418563843, 0.9478002786636353, 0.020876696333289146, -0.15643310546875], [0.0, 0.0, 0.0, 1.0]], [[0.008919435553252697, 0.9999377131462097, 0.006721667479723692, -0.029052734375], [-0.02007569558918476, 0.006899647880345583, -0.9997746348381042, 1.5674552917480469], [-0.999758780002594, 0.008782484568655491, 0.020135987550020218, 0.01416015625], [0.0, 0.0, 0.0, 1.0]], [[-0.9240044951438904, 0.38228726387023926, 0.008486829698085785, 1.106689453125], [-0.01575598679482937, -0.015888307243585587, -0.9997496008872986, 1.5469131469726562], [-0.38205674290657043, -0.9239069223403931, 0.020704181864857674, -0.06524658203125], [0.0, 0.0, 0.0, 1.0]]], "view": [[0.0, -2.0, 100.0], [-2.0, 0.0, 100.0], [0.0, 0.0, 1.0]], "bev": "bev_806011e8a7114eca971fd0f6b95bcd4b.png", "aux": "aux_806011e8a7114eca971fd0f6b95bcd4b.npz", "visibility": "visibility_806011e8a7114eca971fd0f6b95bcd4b.png", "pose": [[0.45008695125579834, -0.8929847478866577, 0.0, 451.4459533691406], [0.8929847478866577, 0.45008695125579834, 0.0, 1711.1051025390625], [0.0, 0.0, 1.0, 0.0], [0.0, 0.0, 0.0, 1.0]], "pose_inverse": [[0.45008695125579834, 0.8929847478866577, 0.0, -1731.1806640625], [-0.8929847478866577, 0.45008695125579834, 0.0, -367.0117492675781], [0.0, 0.0, 1.0, 0.0], [0.0, 0.0, 0.0, 1.0]], "cam_ids": [0, 1, 2, 3, 4, 5], "cam_channels": ["CAM_FRONT_LEFT", "CAM_FRONT", "CAM_FRONT_RIGHT", "CAM_BACK_LEFT", "CAM_BACK", "CAM_BACK_RIGHT"], "token": "806011e8a7114eca971fd0f6b95bcd4b", "scene": "scene-0102"}, {"images": ["samples/CAM_FRONT_LEFT/n008-2018-08-01-15-16-36-0400__CAM_FRONT_LEFT__1533151581004799.jpg", "samples/CAM_FRONT/n008-2018-08-01-15-16-36-0400__CAM_FRONT__1533151581012404.jpg", "samples/CAM_FRONT_RIGHT/n008-2018-08-01-15-16-36-0400__CAM_FRONT_RIGHT__1533151581020482.jpg", "samples/CAM_BACK_LEFT/n008-2018-08-01-15-16-36-0400__CAM_BACK_LEFT__1533151581047405.jpg", "samples/CAM_BACK/n008-2018-08-01-15-16-36-0400__CAM_BACK__1533151581037558.jpg", "samples/CAM_BACK_RIGHT/n008-2018-08-01-15-16-36-0400__CAM_BACK_RIGHT__1533151581028113.jpg"], "intrinsics": [[[1257.8625342125129, 0.0, 827.2410631095686], [0.0, 1257.8625342125129, 450.915498205774], [0.0, 0.0, 1.0]], [[1252.8131021185304, 0.0, 826.588114781398], [0.0, 1252.8131021185304, 469.9846626224581], [0.0, 0.0, 1.0]], [[1256.7485116440405, 0.0, 817.7887570959712], [0.0, 1256.7485116440403, 451.9541780095127], [0.0, 0.0, 1.0]], [[1254.9860565800168, 0.0, 829.5769333630991], [0.0, 1254.9860565800168, 467.1680561863987], [0.0, 0.0, 1.0]], [[796.8910634503094, 0.0, 857.7774326863696], [0.0, 796.8910634503094, 476.8848988407415], [0.0, 0.0, 1.0]], [[1249.9629280788233, 0.0, 825.3768045375984], [0.0, 1249.9629280788233, 462.54816385708756], [0.0, 0.0, 1.0]]], "extrinsics": [[[0.8243447542190552, -0.5659600496292114, -0.012038257904350758, -0.9083251953125], [-0.0064779361709952354, 0.011833183467388153, -0.999908983707428, 1.4875140190124512], [0.5660510063171387, 0.8243476748466492, 0.006088368594646454, -1.2701416015625], [0.0, 0.0, 0.0, 1.0]], [[0.01288637239485979, -0.9998860955238342, -0.007854823023080826, 0.0091552734375], [-0.004682024475187063, 0.007795051671564579, -0.9999586343765259, 1.4797024726867676], [0.9999060034751892, 0.012922649271786213, -0.0045810420997440815, -1.639892578125], [0.0, 0.0, 0.0, 1.0]], [[-0.8429586887359619, -0.5379735827445984, -0.0022437211591750383, 1.0306396484375], [0.0031754346564412117, -0.0008049688185565174, -0.9999945759773254, 1.4933032989501953], [0.5379688739776611, -0.8429613709449768, 0.0023868544958531857, -1.23602294921875], [0.0, 0.0, 0.0, 1.0]], [[0.9477819204330444, 0.3184691369533539, -0.016934741288423538, -1.143798828125], [-0.02272873744368553, 0.014485860243439674, -0.999636709690094, 1.5619926452636719], [-0.3181081712245941, 0.9478225111961365, 0.020967839285731316, -0.1586151123046875], [0.0, 0.0, 0.0, 1.0]], [[0.008561523631215096, 0.9999405741691589, 0.006739398930221796, -0.03125], [-0.02043694444000721, 0.00691321212798357, -0.9997671842575073, 1.5674896240234375], [-0.9997544884681702, 0.008421811275184155, 0.020494919270277023, 0.01708984375], [0.0, 0.0, 0.0, 1.0]], [[-0.9242724180221558, 0.3816329836845398, 0.008758774027228355, 1.11083984375], [-0.016015999019145966, -0.015844007954001427, -0.9997461438179016, 1.5470237731933594], [-0.3813973069190979, -0.9241781830787659, 0.02075641229748726, -0.060546875], [0.0, 0.0, 0.0, 1.0]]], "view": [[0.0, -2.0, 100.0], [-2.0, 0.0, 100.0], [0.0, 0.0, 1.0]], "bev": "bev_dd0789b8c39340289a053eea9e3b16d7.png", "aux": "aux_dd0789b8c39340289a053eea9e3b16d7.npz", "visibility": "visibility_dd0789b8c39340289a053eea9e3b16d7.png", "pose": [[0.4792681932449341, -0.8776684999465942, 0.0, 452.1358947753906], [0.8776684999465942, 0.4792681932449341, 0.0, 1712.4052734375], [0.0, 0.0, 1.0, 0.0], [0.0, 0.0, 0.0, 1.0]], "pose_inverse": [[0.4792681932449341, 0.8776684999465942, 0.0, -1719.6185302734375], [-0.8776684999465942, 0.4792681932449341, 0.0, -423.8759460449219], [0.0, 0.0, 1.0, 0.0], [0.0, 0.0, 0.0, 1.0]], "cam_ids": [0, 1, 2, 3, 4, 5], "cam_channels": ["CAM_FRONT_LEFT", "CAM_FRONT", "CAM_FRONT_RIGHT", "CAM_BACK_LEFT", "CAM_BACK", "CAM_BACK_RIGHT"], "token": "dd0789b8c39340289a053eea9e3b16d7", "scene": "scene-0102"}, {"images": ["samples/CAM_FRONT_LEFT/n008-2018-08-01-15-16-36-0400__CAM_FRONT_LEFT__1533151581504799.jpg", "samples/CAM_FRONT/n008-2018-08-01-15-16-36-0400__CAM_FRONT__1533151581512404.jpg", "samples/CAM_FRONT_RIGHT/n008-2018-08-01-15-16-36-0400__CAM_FRONT_RIGHT__1533151581520482.jpg", "samples/CAM_BACK_LEFT/n008-2018-08-01-15-16-36-0400__CAM_BACK_LEFT__1533151581547405.jpg", "samples/CAM_BACK/n008-2018-08-01-15-16-36-0400__CAM_BACK__1533151581537558.jpg", "samples/CAM_BACK_RIGHT/n008-2018-08-01-15-16-36-0400__CAM_BACK_RIGHT__1533151581528113.jpg"], "intrinsics": [[[1257.8625342125129, 0.0, 827.2410631095686], [0.0, 1257.8625342125129, 450.915498205774], [0.0, 0.0, 1.0]], [[1252.8131021185304, 0.0, 826.588114781398], [0.0, 1252.8131021185304, 469.9846626224581], [0.0, 0.0, 1.0]], [[1256.7485116440405, 0.0, 817.7887570959712], [0.0, 1256.7485116440403, 451.9541780095127], [0.0, 0.0, 1.0]], [[1254.9860565800168, 0.0, 829.5769333630991], [0.0, 1254.9860565800168, 467.1680561863987], [0.0, 0.0, 1.0]], [[796.8910634503094, 0.0, 857.7774326863696], [0.0, 796.8910634503094, 476.8848988407415], [0.0, 0.0, 1.0]], [[1249.9629280788233, 0.0, 825.3768045375984], [0.0, 1249.9629280788233, 462.54816385708756], [0.0, 0.0, 1.0]]], "extrinsics": [[[0.8255317807197571, -0.5642020106315613, -0.01316927932202816, -0.905517578125], [-0.005650351755321026, 0.015070893801748753, -0.9998704195022583, 1.4875940084457397], [0.5643274188041687, 0.8254992961883545, 0.009253560565412045, -1.267333984375], [0.0, 0.0, 0.0, 1.0]], [[0.014577007852494717, -0.9998303055763245, -0.011267622001469135, 0.008453369140625], [-0.003726087510585785, 0.011214423924684525, -0.999930202960968, 1.4797794818878174], [0.9998868107795715, 0.0146179785951972, -0.0035619812551885843, -1.63623046875], [0.0, 0.0, 0.0, 1.0]], [[-0.8422766327857971, -0.5390214323997498, -0.005112831946462393, 1.02734375], [0.0042699710465967655, 0.0028130020946264267, -0.9999869465827942, 1.493391513824463], [0.5390287637710571, -0.8422874808311462, -6.772013148292899e-05, -1.2354736328125], [0.0, 0.0, 0.0, 1.0]], [[0.9478421807289124, 0.31841981410980225, -0.014283312484622002, -1.1456298828125], [-0.021371029317378998, 0.01877656579017639, -0.9995952844619751, 1.5620574951171875], [-0.31802284717559814, 0.9477638006210327, 0.02460218407213688, -0.15643692016601562], [0.0, 0.0, 0.0, 1.0]], [[0.008165484294295311, 0.9999085664749146, 0.010785329155623913, -0.02972412109375], [-0.019164210185408592, 0.01094019040465355, -0.9997564554214478, 1.5675315856933594], [-0.9997830390930176, 0.007956890389323235, 0.019251788035035133, 0.017333984375], [0.0, 0.0, 0.0, 1.0]], [[-0.9246142506599426, 0.38079607486724854, 0.009095091372728348, 1.110107421875], [-0.014800576493144035, -0.012057350017130375, -0.9998177886009216, 1.547027587890625], [-0.3806169927120209, -0.924580454826355, 0.01678439974784851, -0.0628662109375], [0.0, 0.0, 0.0, 1.0]]], "view": [[0.0, -2.0, 100.0], [-2.0, 0.0, 100.0], [0.0, 0.0, 1.0]], "bev": "bev_e14dc295bf8f4cca8bbea7fa0068b6ef.png", "aux": "aux_e14dc295bf8f4cca8bbea7fa0068b6ef.npz", "visibility": "visibility_e14dc295bf8f4cca8bbea7fa0068b6ef.png", "pose": [[0.5281307101249695, -0.8491631150245667, 0.0, 452.8399963378906], [0.8491631150245667, 0.5281307101249695, 0.0, 1713.5968017578125], [0.0, 0.0, 1.0, 0.0], [0.0, 0.0, 0.0, 1.0]], "pose_inverse": [[0.5281307101249695, 0.8491631150245667, 0.0, -1694.2818603515625], [-0.8491631150245667, 0.5281307101249695, 0.0, -520.468017578125], [0.0, 0.0, 1.0, 0.0], [0.0, 0.0, 0.0, 1.0]], "cam_ids": [0, 1, 2, 3, 4, 5], "cam_channels": ["CAM_FRONT_LEFT", "CAM_FRONT", "CAM_FRONT_RIGHT", "CAM_BACK_LEFT", "CAM_BACK", "CAM_BACK_RIGHT"], "token": "e14dc295bf8f4cca8bbea7fa0068b6ef", "scene": "scene-0102"}, {"images": ["samples/CAM_FRONT_LEFT/n008-2018-08-01-15-16-36-0400__CAM_FRONT_LEFT__1533151582004799.jpg", "samples/CAM_FRONT/n008-2018-08-01-15-16-36-0400__CAM_FRONT__1533151582012404.jpg", "samples/CAM_FRONT_RIGHT/n008-2018-08-01-15-16-36-0400__CAM_FRONT_RIGHT__1533151582020482.jpg", "samples/CAM_BACK_LEFT/n008-2018-08-01-15-16-36-0400__CAM_BACK_LEFT__1533151582047405.jpg", "samples/CAM_BACK/n008-2018-08-01-15-16-36-0400__CAM_BACK__1533151582037558.jpg", "samples/CAM_BACK_RIGHT/n008-2018-08-01-15-16-36-0400__CAM_BACK_RIGHT__1533151582028113.jpg"], "intrinsics": [[[1257.8625342125129, 0.0, 827.2410631095686], [0.0, 1257.8625342125129, 450.915498205774], [0.0, 0.0, 1.0]], [[1252.8131021185304, 0.0, 826.588114781398], [0.0, 1252.8131021185304, 469.9846626224581], [0.0, 0.0, 1.0]], [[1256.7485116440405, 0.0, 817.7887570959712], [0.0, 1256.7485116440403, 451.9541780095127], [0.0, 0.0, 1.0]], [[1254.9860565800168, 0.0, 829.5769333630991], [0.0, 1254.9860565800168, 467.1680561863987], [0.0, 0.0, 1.0]], [[796.8910634503094, 0.0, 857.7774326863696], [0.0, 796.8910634503094, 476.8848988407415], [0.0, 0.0, 1.0]], [[1249.9629280788233, 0.0, 825.3768045375984], [0.0, 1249.9629280788233, 462.54816385708756], [0.0, 0.0, 1.0]]], "extrinsics": [[[0.8269349932670593, -0.5621618032455444, -0.012357106432318687, -0.8978271484375], [-0.00502576120197773, 0.014585942029953003, -0.9998809695243835, 1.487606167793274], [0.5622751116752625, 0.8268986940383911, 0.009236332960426807, -1.2645263671875], [0.0, 0.0, 0.0, 1.0]], [[0.016704896464943886, -0.9998054504394531, -0.010492239147424698, 0.010498046875], [-0.0029909242875874043, 0.010443690232932568, -0.9999409914016724, 1.4798167943954468], [0.9998560547828674, 0.016735224053263664, -0.0028158812783658504, -1.6297607421875], [0.0, 0.0, 0.0, 1.0]], [[-0.8413472771644592, -0.5404694080352783, -0.005257296841591597, 1.024169921875], [0.005126249045133591, 0.0017471190076321363, -0.9999853372573853, 1.4934825897216797], [0.5404706597328186, -0.8413618803024292, 0.0013006471563130617, -1.23126220703125], [0.0, 0.0, 0.0, 1.0]], [[0.9478670954704285, 0.3183777332305908, -0.013551061041653156, -1.1444091796875], [-0.02005399577319622, 0.017156288027763367, -0.9996516704559326, 1.5620040893554688], [-0.31803441047668457, 0.9478086829185486, 0.022646628320217133, -0.15828704833984375], [0.0, 0.0, 0.0, 1.0]], [[0.007478934712707996, 0.9999290108680725, 0.009275518357753754, -0.03131103515625], [-0.0180039145052433, 0.009408921003341675, -0.9997935891151428, 1.5674972534179688], [-0.9998099207878113, 0.007310302462428808, 0.018073005601763725, 0.0145263671875], [0.0, 0.0, 0.0, 1.0]], [[-0.9250978827476501, 0.37965109944343567, 0.007675384636968374, 1.1053466796875], [-0.013797913677990437, -0.01340824831277132, -0.9998149275779724, 1.54705810546875], [-0.379477858543396, -0.9250326156616211, 0.01764233596622944, -0.0623779296875], [0.0, 0.0, 0.0, 1.0]]], "view": [[0.0, -2.0, 100.0], [-2.0, 0.0, 100.0], [0.0, 0.0, 1.0]], "bev": "bev_bdc86a9c8b2742039a4d07b1074e2ae4.png", "aux": "aux_bdc86a9c8b2742039a4d07b1074e2ae4.npz", "visibility": "visibility_bdc86a9c8b2742039a4d07b1074e2ae4.png", "pose": [[0.5939668416976929, -0.8044895529747009, 0.0, 453.6602478027344], [0.8044895529747009, 0.5939668416976929, 0.0, 1714.781982421875], [0.0, 0.0, 1.0, 0.0], [0.0, 0.0, 0.0, 1.0]], "pose_inverse": [[0.5939668416976929, 0.8044895529747009, 0.0, -1648.9832763671875], [-0.8044895529747009, 0.5939668416976929, 0.0, -653.5587158203125], [0.0, 0.0, 1.0, 0.0], [0.0, 0.0, 0.0, 1.0]], "cam_ids": [0, 1, 2, 3, 4, 5], "cam_channels": ["CAM_FRONT_LEFT", "CAM_FRONT", "CAM_FRONT_RIGHT", "CAM_BACK_LEFT", "CAM_BACK", "CAM_BACK_RIGHT"], "token": "bdc86a9c8b2742039a4d07b1074e2ae4", "scene": "scene-0102"}, {"images": ["samples/CAM_FRONT_LEFT/n008-2018-08-01-15-16-36-0400__CAM_FRONT_LEFT__1533151582504799.jpg", "samples/CAM_FRONT/n008-2018-08-01-15-16-36-0400__CAM_FRONT__1533151582512404.jpg", "samples/CAM_FRONT_RIGHT/n008-2018-08-01-15-16-36-0400__CAM_FRONT_RIGHT__1533151582520482.jpg", "samples/CAM_BACK_LEFT/n008-2018-08-01-15-16-36-0400__CAM_BACK_LEFT__1533151582547405.jpg", "samples/CAM_BACK/n008-2018-08-01-15-16-36-0400__CAM_BACK__1533151582538261.jpg", "samples/CAM_BACK_RIGHT/n008-2018-08-01-15-16-36-0400__CAM_BACK_RIGHT__1533151582528113.jpg"], "intrinsics": [[[1257.8625342125129, 0.0, 827.2410631095686], [0.0, 1257.8625342125129, 450.915498205774], [0.0, 0.0, 1.0]], [[1252.8131021185304, 0.0, 826.588114781398], [0.0, 1252.8131021185304, 469.9846626224581], [0.0, 0.0, 1.0]], [[1256.7485116440405, 0.0, 817.7887570959712], [0.0, 1256.7485116440403, 451.9541780095127], [0.0, 0.0, 1.0]], [[1254.9860565800168, 0.0, 829.5769333630991], [0.0, 1254.9860565800168, 467.1680561863987], [0.0, 0.0, 1.0]], [[796.8910634503094, 0.0, 857.7774326863696], [0.0, 796.8910634503094, 476.8848988407415], [0.0, 0.0, 1.0]], [[1249.9629280788233, 0.0, 825.3768045375984], [0.0, 1249.9629280788233, 462.54816385708756], [0.0, 0.0, 1.0]]], "extrinsics": [[[0.827683687210083, -0.561068058013916, -0.011934212408959866, -0.88653564453125], [-0.0038933169562369585, 0.015524407848715782, -0.9998719096183777, 1.4876198768615723], [0.5611814260482788, 0.8276240825653076, 0.010664883069694042, -1.263916015625], [0.0, 0.0, 0.0, 1.0]], [[0.01764938235282898, -0.9997779726982117, -0.011508289724588394, 0.016357421875], [-0.0017036544159054756, 0.011479994282126427, -0.9999327063560486, 1.479867935180664], [0.9998428225517273, 0.01766779087483883, -0.0015006617177277803, -1.6219482421875], [0.0, 0.0, 0.0, 1.0]], [[-0.8410261869430542, -0.5409479141235352, -0.007094206288456917, 1.0218505859375], [0.006577061023563147, 0.002888527698814869, -0.9999741911888123, 1.4936246871948242], [0.5409544706344604, -0.8410512208938599, 0.001128519419580698, -1.22271728515625], [0.0, 0.0, 0.0, 1.0]], [[0.9479091763496399, 0.3183424174785614, -0.011244334280490875, -1.1456298828125], [-0.018013427034020424, 0.01832764968276024, -0.9996697306632996, 1.5618534088134766], [-0.3180311918258667, 0.9477985501289368, 0.023107385262846947, -0.16510009765625], [0.0, 0.0, 0.0, 1.0]], [[0.007416998967528343, 0.9999171495437622, 0.010516324080526829, -0.03729248046875], [-0.0161513052880764, 0.010635033249855042, -0.9998129606246948, 1.5674667358398438], [-0.9998420476913452, 0.007245862390846014, 0.016228849068284035, 0.0130615234375], [0.0, 0.0, 0.0, 1.0]], [[-0.9252631664276123, 0.3792673945426941, 0.006653377320617437, 1.096923828125], [-0.012192037887871265, -0.01220367569476366, -0.9998511672019958, 1.5471687316894531], [-0.37912967801094055, -0.9252066612243652, 0.015915652737021446, -0.0572509765625], [0.0, 0.0, 0.0, 1.0]]], "view": [[0.0, -2.0, 100.0], [-2.0, 0.0, 100.0], [0.0, 0.0, 1.0]], "bev": "bev_ded4f73ce5494ba89d258c0217bc50ca.png", "aux": "aux_ded4f73ce5494ba89d258c0217bc50ca.npz", "visibility": "visibility_ded4f73ce5494ba89d258c0217bc50ca.png", "pose": [[0.6781967282295227, -0.7348803877830505, 0.0, 454.66241455078125], [0.7348803877830505, 0.6781967282295227, 0.0, 1715.96923828125], [0.0, 0.0, 1.0, 0.0], [0.0, 0.0, 0.0, 1.0]], "pose_inverse": [[0.6781967282295227, 0.7348803877830505, 0.0, -1569.3826904296875], [-0.7348803877830505, 0.6781967282295227, 0.0, -829.6422119140625], [0.0, 0.0, 1.0, 0.0], [0.0, 0.0, 0.0, 1.0]], "cam_ids": [0, 1, 2, 3, 4, 5], "cam_channels": ["CAM_FRONT_LEFT", "CAM_FRONT", "CAM_FRONT_RIGHT", "CAM_BACK_LEFT", "CAM_BACK", "CAM_BACK_RIGHT"], "token": "ded4f73ce5494ba89d258c0217bc50ca", "scene": "scene-0102"}, {"images": ["samples/CAM_FRONT_LEFT/n008-2018-08-01-15-16-36-0400__CAM_FRONT_LEFT__1533151583004799.jpg", "samples/CAM_FRONT/n008-2018-08-01-15-16-36-0400__CAM_FRONT__1533151583012404.jpg", "samples/CAM_FRONT_RIGHT/n008-2018-08-01-15-16-36-0400__CAM_FRONT_RIGHT__1533151583020482.jpg", "samples/CAM_BACK_LEFT/n008-2018-08-01-15-16-36-0400__CAM_BACK_LEFT__1533151583047405.jpg", "samples/CAM_BACK/n008-2018-08-01-15-16-36-0400__CAM_BACK__1533151583037558.jpg", "samples/CAM_BACK_RIGHT/n008-2018-08-01-15-16-36-0400__CAM_BACK_RIGHT__1533151583028113.jpg"], "intrinsics": [[[1257.8625342125129, 0.0, 827.2410631095686], [0.0, 1257.8625342125129, 450.915498205774], [0.0, 0.0, 1.0]], [[1252.8131021185304, 0.0, 826.588114781398], [0.0, 1252.8131021185304, 469.9846626224581], [0.0, 0.0, 1.0]], [[1256.7485116440405, 0.0, 817.7887570959712], [0.0, 1256.7485116440403, 451.9541780095127], [0.0, 0.0, 1.0]], [[1254.9860565800168, 0.0, 829.5769333630991], [0.0, 1254.9860565800168, 467.1680561863987], [0.0, 0.0, 1.0]], [[796.8910634503094, 0.0, 857.7774326863696], [0.0, 796.8910634503094, 476.8848988407415], [0.0, 0.0, 1.0]], [[1249.9629280788233, 0.0, 825.3768045375984], [0.0, 1249.9629280788233, 462.54816385708756], [0.0, 0.0, 1.0]]], "extrinsics": [[[0.8284972906112671, -0.5598955750465393, -0.010449575260281563, -0.87890625], [-0.0032718030270189047, 0.013820151798427105, -0.9998990893363953, 1.4877204895019531], [0.5599835515022278, 0.8284479379653931, 0.009618088603019714, -1.255859375], [0.0, 0.0, 0.0, 1.0]], [[0.018827786669135094, -0.9997757077217102, -0.00970457587391138, 0.01422119140625], [-0.001118181273341179, 0.009685236029326916, -0.9999524354934692, 1.4799652099609375], [0.9998220801353455, 0.018837736919522285, -0.0009355784277431667, -1.6134033203125], [0.0, 0.0, 0.0, 1.0]], [[-0.8405420184135437, -0.5417070984840393, -0.006532031577080488, 1.015625], [0.007125325035303831, 0.0010018839966505766, -0.9999740719795227, 1.4937305450439453], [0.5416995882987976, -0.8405667543411255, 0.0030177123844623566, -1.2219696044921875], [0.0, 0.0, 0.0, 1.0]], [[0.9479348659515381, 0.3182491958141327, -0.011700117029249668, -1.1444091796875], [-0.01767732948064804, 0.01589995250105858, -0.9997173547744751, 1.5619354248046875], [-0.31797319650650024, 0.9478737115859985, 0.02069791406393051, -0.161529541015625], [0.0, 0.0, 0.0, 1.0]], [[0.006953490898013115, 0.9999411106109619, 0.008329542353749275, -0.0347900390625], [-0.015768621116876602, 0.008438353426754475, -0.9998400211334229, 1.567448616027832], [-0.9998515844345093, 0.006821000948548317, 0.01582636870443821, 0.0087890625], [0.0, 0.0, 0.0, 1.0]], [[-0.9255048632621765, 0.37869715690612793, 0.005408014170825481, 1.09442138671875], [-0.011656409129500389, -0.014209141954779625, -0.9998311400413513, 1.5471305847167969], [-0.37855640053749084, -0.925411581993103, 0.01756487786769867, -0.062255859375], [0.0, 0.0, 0.0, 1.0]]], "view": [[0.0, -2.0, 100.0], [-2.0, 0.0, 100.0], [0.0, 0.0, 1.0]], "bev": "bev_bf5592d0c9e54957a9a3c627013ae32d.png", "aux": "aux_bf5592d0c9e54957a9a3c627013ae32d.npz", "visibility": "visibility_bf5592d0c9e54957a9a3c627013ae32d.png", "pose": [[0.7629075050354004, -0.6465076804161072, 0.0, 455.8983154296875], [0.6465076804161072, 0.7629075050354004, 0.0, 1717.1541748046875], [0.0, 0.0, 1.0, 0.0], [0.0, 0.0, 0.0, 1.0]], "pose_inverse": [[0.7629075050354004, 0.6465076804161072, 0.0, -1457.9615478515625], [-0.6465076804161072, 0.7629075050354004, 0.0, -1015.2880249023438], [0.0, 0.0, 1.0, 0.0], [0.0, 0.0, 0.0, 1.0]], "cam_ids": [0, 1, 2, 3, 4, 5], "cam_channels": ["CAM_FRONT_LEFT", "CAM_FRONT", "CAM_FRONT_RIGHT", "CAM_BACK_LEFT", "CAM_BACK", "CAM_BACK_RIGHT"], "token": "bf5592d0c9e54957a9a3c627013ae32d", "scene": "scene-0102"}, {"images": ["samples/CAM_FRONT_LEFT/n008-2018-08-01-15-16-36-0400__CAM_FRONT_LEFT__1533151583504799.jpg", "samples/CAM_FRONT/n008-2018-08-01-15-16-36-0400__CAM_FRONT__1533151583512404.jpg", "samples/CAM_FRONT_RIGHT/n008-2018-08-01-15-16-36-0400__CAM_FRONT_RIGHT__1533151583520482.jpg", "samples/CAM_BACK_LEFT/n008-2018-08-01-15-16-36-0400__CAM_BACK_LEFT__1533151583547405.jpg", "samples/CAM_BACK/n008-2018-08-01-15-16-36-0400__CAM_BACK__1533151583537558.jpg", "samples/CAM_BACK_RIGHT/n008-2018-08-01-15-16-36-0400__CAM_BACK_RIGHT__1533151583528113.jpg"], "intrinsics": [[[1257.8625342125129, 0.0, 827.2410631095686], [0.0, 1257.8625342125129, 450.915498205774], [0.0, 0.0, 1.0]], [[1252.8131021185304, 0.0, 826.588114781398], [0.0, 1252.8131021185304, 469.9846626224581], [0.0, 0.0, 1.0]], [[1256.7485116440405, 0.0, 817.7887570959712], [0.0, 1256.7485116440403, 451.9541780095127], [0.0, 0.0, 1.0]], [[1254.9860565800168, 0.0, 829.5769333630991], [0.0, 1254.9860565800168, 467.1680561863987], [0.0, 0.0, 1.0]], [[796.8910634503094, 0.0, 857.7774326863696], [0.0, 796.8910634503094, 476.8848988407415], [0.0, 0.0, 1.0]], [[1249.9629280788233, 0.0, 825.3768045375984], [0.0, 1249.9629280788233, 462.54816385708756], [0.0, 0.0, 1.0]]], "extrinsics": [[[0.829842746257782, -0.5579532980918884, -0.0069993711076676846, -0.870330810546875], [-0.00377230579033494, 0.006933791562914848, -0.9999688863754272, 1.4876458644866943], [0.5579845309257507, 0.829843282699585, 0.0036491863429546356, -1.2528076171875], [0.0, 0.0, 0.0, 1.0]], [[0.02070121094584465, -0.9997808933258057, -0.0030860777478665113, 0.0166015625], [-0.0017240308225154877, 0.003051036735996604, -0.9999939203262329, 1.4799140691757202], [0.9997842311859131, 0.02070644497871399, -0.0016604921547695994, -1.605224609375], [0.0, 0.0, 0.0, 1.0]], [[-0.8398194909095764, -0.5428600907325745, -0.0024746262934058905, 1.0107421875], [0.0064100041054189205, -0.005358112044632435, -0.9999650716781616, 1.493747591972351], [0.5428279042243958, -0.8398060202598572, 0.007979581132531166, -1.217681884765625], [0.0, 0.0, 0.0, 1.0]], [[0.9479362964630127, 0.31813302636146545, -0.014426052570343018, -1.1436767578125], [-0.018915321677923203, 0.011026605032384396, -0.9997602701187134, 1.5619287490844727], [-0.3178977370262146, 0.9479818940162659, 0.016470106318593025, -0.16290283203125], [0.0, 0.0, 0.0, 1.0]], [[0.006491189822554588, 0.9999749660491943, 0.0028026194777339697, -0.03564453125], [-0.016798028722405434, 0.002911323681473732, -0.9998546242713928, 1.5673942565917969], [-0.9998378157615662, 0.006443163845688105, 0.016816508024930954, 0.005859375], [0.0, 0.0, 0.0, 1.0]], [[-0.9258601069450378, 0.37784621119499207, 0.0039060325361788273, 1.08905029296875], [-0.01249745860695839, -0.0202886164188385, -0.99971604347229, 1.5470733642578125], [-0.3776595890522003, -0.9256460666656494, 0.023506538942456245, -0.063232421875], [0.0, 0.0, 0.0, 1.0]]], "view": [[0.0, -2.0, 100.0], [-2.0, 0.0, 100.0], [0.0, 0.0, 1.0]], "bev": "bev_a687809bdfff490198d3b39bfc4bd42b.png", "aux": "aux_a687809bdfff490198d3b39bfc4bd42b.npz", "visibility": "visibility_a687809bdfff490198d3b39bfc4bd42b.png", "pose": [[0.8501599431037903, -0.5265244841575623, 0.0, 457.3313293457031], [0.5265244841575623, 0.8501599431037903, 0.0, 1718.1905517578125], [0.0, 0.0, 1.0, 0.0], [0.0, 0.0, 0.0, 1.0]], "pose_inverse": [[0.8501599431037903, 0.5265244841575623, 0.0, -1293.47412109375], [-0.5265244841575623, 0.8501599431037903, 0.0, -1219.940673828125], [0.0, 0.0, 1.0, 0.0], [0.0, 0.0, 0.0, 1.0]], "cam_ids": [0, 1, 2, 3, 4, 5], "cam_channels": ["CAM_FRONT_LEFT", "CAM_FRONT", "CAM_FRONT_RIGHT", "CAM_BACK_LEFT", "CAM_BACK", "CAM_BACK_RIGHT"], "token": "a687809bdfff490198d3b39bfc4bd42b", "scene": "scene-0102"}, {"images": ["samples/CAM_FRONT_LEFT/n008-2018-08-01-15-16-36-0400__CAM_FRONT_LEFT__1533151584004799.jpg", "samples/CAM_FRONT/n008-2018-08-01-15-16-36-0400__CAM_FRONT__1533151584012404.jpg", "samples/CAM_FRONT_RIGHT/n008-2018-08-01-15-16-36-0400__CAM_FRONT_RIGHT__1533151584020499.jpg", "samples/CAM_BACK_LEFT/n008-2018-08-01-15-16-36-0400__CAM_BACK_LEFT__1533151584047405.jpg", "samples/CAM_BACK/n008-2018-08-01-15-16-36-0400__CAM_BACK__1533151584037558.jpg", "samples/CAM_BACK_RIGHT/n008-2018-08-01-15-16-36-0400__CAM_BACK_RIGHT__1533151584028113.jpg"], "intrinsics": [[[1257.8625342125129, 0.0, 827.2410631095686], [0.0, 1257.8625342125129, 450.915498205774], [0.0, 0.0, 1.0]], [[1252.8131021185304, 0.0, 826.588114781398], [0.0, 1252.8131021185304, 469.9846626224581], [0.0, 0.0, 1.0]], [[1256.7485116440405, 0.0, 817.7887570959712], [0.0, 1256.7485116440403, 451.9541780095127], [0.0, 0.0, 1.0]], [[1254.9860565800168, 0.0, 829.5769333630991], [0.0, 1254.9860565800168, 467.1680561863987], [0.0, 0.0, 1.0]], [[796.8910634503094, 0.0, 857.7774326863696], [0.0, 796.8910634503094, 476.8848988407415], [0.0, 0.0, 1.0]], [[1249.9629280788233, 0.0, 825.3768045375984], [0.0, 1249.9629280788233, 462.54816385708756], [0.0, 0.0, 1.0]]], "extrinsics": [[[0.8308692574501038, -0.5564666390419006, -0.0010850396938621998, -0.8583450317382812], [0.008579130284488201, 0.014759228564798832, -0.9998542666435242, 1.4896488189697266], [0.5564015507698059, 0.83073890209198, 0.017036989331245422, -1.24462890625], [0.0, 0.0, 0.0, 1.0]], [[0.022305333986878395, -0.9996979832649231, -0.010322174057364464, 0.0169677734375], [0.010856260545551777, 0.01056633424013853, -0.9998852610588074, 1.4816169738769531], [0.9996922612190247, 0.02219073660671711, 0.011088666506111622, -1.5931396484375], [0.0, 0.0, 0.0, 1.0]], [[-0.8390219211578369, -0.5438277125358582, -0.017137574031949043, 1.0030517578125], [0.01923426240682602, 0.0018322146497666836, -0.9998133182525635, 1.4951496124267578], [0.5437576770782471, -0.8391948938369751, 0.00892285630106926, -1.21270751953125], [0.0, 0.0, 0.0, 1.0]], [[0.948063313961029, 0.31808167695999146, 0.00012902259186375886, -1.14208984375], [-0.005369897466152906, 0.01641090214252472, -0.9998509287834167, 1.561910629272461], [-0.31803637742996216, 0.9479212760925293, 0.017266638576984406, -0.16387939453125], [0.0, 0.0, 0.0, 1.0]], [[0.005966563243418932, 0.9999414682388306, 0.009027654305100441, -0.0362548828125], [-0.003601107047870755, 0.009049242362380028, -0.9999525547027588, 1.5678353309631348], [-0.9999756813049316, 0.005933709908276796, 0.0036548885982483625, 0.0008544921875], [0.0, 0.0, 0.0, 1.0]], [[-0.926184356212616, 0.3770306706428528, -0.005520232021808624, 1.08123779296875], [0.0004663204890675843, -0.013494474813342094, -0.9999088048934937, 1.5479793548583984], [-0.37707072496414185, -0.9261025190353394, 0.012322554364800453, -0.065673828125], [0.0, 0.0, 0.0, 1.0]]], "view": [[0.0, -2.0, 100.0], [-2.0, 0.0, 100.0], [0.0, 0.0, 1.0]], "bev": "bev_5d0fc4d327d2439db96cd66818e1862f.png", "aux": "aux_5d0fc4d327d2439db96cd66818e1862f.npz", "visibility": "visibility_5d0fc4d327d2439db96cd66818e1862f.png", "pose": [[0.928504228591919, -0.3713218569755554, 0.0, 458.9940490722656], [0.3713218569755554, 0.928504228591919, 0.0, 1719.03173828125], [0.0, 0.0, 1.0, 0.0], [0.0, 0.0, 0.0, 1.0]], "pose_inverse": [[0.928504228591919, 0.3713218569755554, 0.0, -1064.491943359375], [-0.3713218569755554, 0.928504228591919, 0.0, -1425.6937255859375], [0.0, 0.0, 1.0, 0.0], [0.0, 0.0, 0.0, 1.0]], "cam_ids": [0, 1, 2, 3, 4, 5], "cam_channels": ["CAM_FRONT_LEFT", "CAM_FRONT", "CAM_FRONT_RIGHT", "CAM_BACK_LEFT", "CAM_BACK", "CAM_BACK_RIGHT"], "token": "5d0fc4d327d2439db96cd66818e1862f", "scene": "scene-0102"}, {"images": ["samples/CAM_FRONT_LEFT/n008-2018-08-01-15-16-36-0400__CAM_FRONT_LEFT__1533151584404799.jpg", "samples/CAM_FRONT/n008-2018-08-01-15-16-36-0400__CAM_FRONT__1533151584412404.jpg", "samples/CAM_FRONT_RIGHT/n008-2018-08-01-15-16-36-0400__CAM_FRONT_RIGHT__1533151584420482.jpg", "samples/CAM_BACK_LEFT/n008-2018-08-01-15-16-36-0400__CAM_BACK_LEFT__1533151584447405.jpg", "samples/CAM_BACK/n008-2018-08-01-15-16-36-0400__CAM_BACK__1533151584437558.jpg", "samples/CAM_BACK_RIGHT/n008-2018-08-01-15-16-36-0400__CAM_BACK_RIGHT__1533151584428113.jpg"], "intrinsics": [[[1257.8625342125129, 0.0, 827.2410631095686], [0.0, 1257.8625342125129, 450.915498205774], [0.0, 0.0, 1.0]], [[1252.8131021185304, 0.0, 826.588114781398], [0.0, 1252.8131021185304, 469.9846626224581], [0.0, 0.0, 1.0]], [[1256.7485116440405, 0.0, 817.7887570959712], [0.0, 1256.7485116440403, 451.9541780095127], [0.0, 0.0, 1.0]], [[1254.9860565800168, 0.0, 829.5769333630991], [0.0, 1254.9860565800168, 467.1680561863987], [0.0, 0.0, 1.0]], [[796.8910634503094, 0.0, 857.7774326863696], [0.0, 796.8910634503094, 476.8848988407415], [0.0, 0.0, 1.0]], [[1249.9629280788233, 0.0, 825.3768045375984], [0.0, 1249.9629280788233, 462.54816385708756], [0.0, 0.0, 1.0]]], "extrinsics": [[[0.8309860229492188, -0.5559567809104919, 0.01934620551764965, -0.8487396240234375], [0.026591798290610313, 0.004961335565894842, -0.9996340274810791, 1.49298095703125], [0.5556573271751404, 0.8311964273452759, 0.018906690180301666, -1.2454833984375], [0.0, 0.0, 0.0, 1.0]], [[0.022815775126218796, -0.9997397065162659, 0.00016277401300612837, 0.0233154296875], [0.029154272750020027, 0.000502604350913316, -0.9995747804641724, 1.4845447540283203], [0.999314546585083, 0.022810818627476692, 0.029158147051930428, -1.58465576171875], [0.0, 0.0, 0.0, 1.0]], [[-0.8384329080581665, -0.5443304777145386, -0.02710561268031597, 0.998779296875], [0.037830650806427, -0.00851180125027895, -0.9992478489875793, 1.4976444244384766], [0.5436904430389404, -0.8388277292251587, 0.02772894874215126, -1.20245361328125], [0.0, 0.0, 0.0, 1.0]], [[0.9479404091835022, 0.31809401512145996, 0.015011340379714966, -1.13525390625], [0.013882282190024853, 0.0058160931803286076, -0.9998867511749268, 1.5621585845947266], [-0.3181453049182892, 0.9480413794517517, 0.0010974373435601592, -0.172607421875], [0.0, 0.0, 0.0, 1.0]], [[0.005643951706588268, 0.9999830722808838, -0.0014696938451379538, -0.0419921875], [0.015462569892406464, -0.001556810806505382, -0.9998791813850403, 1.5689191818237305], [-0.9998645186424255, 0.0056205387227237225, -0.015471094287931919, -0.009765625], [0.0, 0.0, 0.0, 1.0]], [[-0.9259878396987915, 0.3765925168991089, -0.026917727664113045, 1.0668182373046875], [0.01927935890853405, -0.024037903174757957, -0.9995251297950745, 1.5500450134277344], [-0.3770607113838196, -0.926067054271698, 0.014998343773186207, -0.063232421875], [0.0, 0.0, 0.0, 1.0]]], "view": [[0.0, -2.0, 100.0], [-2.0, 0.0, 100.0], [0.0, 0.0, 1.0]], "bev": "bev_47a1ea38aee04afcb5651a090a9c88fe.png", "aux": "aux_47a1ea38aee04afcb5651a090a9c88fe.npz", "visibility": "visibility_47a1ea38aee04afcb5651a090a9c88fe.png", "pose": [[0.9743309617042542, -0.22512048482894897, 0.0, 460.463134765625], [0.22512048482894897, 0.9743309617042542, 0.0, 1719.477294921875], [0.0, 0.0, 1.0, 0.0], [0.0, 0.0, 0.0, 1.0]], "pose_inverse": [[0.9743309617042542, 0.22512048482894897, 0.0, -835.7330322265625], [-0.22512048482894897, 0.9743309617042542, 0.0, -1571.68017578125], [0.0, 0.0, 1.0, 0.0], [0.0, 0.0, 0.0, 1.0]], "cam_ids": [0, 1, 2, 3, 4, 5], "cam_channels": ["CAM_FRONT_LEFT", "CAM_FRONT", "CAM_FRONT_RIGHT", "CAM_BACK_LEFT", "CAM_BACK", "CAM_BACK_RIGHT"], "token": "47a1ea38aee04afcb5651a090a9c88fe", "scene": "scene-0102"}, {"images": ["samples/CAM_FRONT_LEFT/n008-2018-08-01-15-16-36-0400__CAM_FRONT_LEFT__1533151584904799.jpg", "samples/CAM_FRONT/n008-2018-08-01-15-16-36-0400__CAM_FRONT__1533151584912404.jpg", "samples/CAM_FRONT_RIGHT/n008-2018-08-01-15-16-36-0400__CAM_FRONT_RIGHT__1533151584920482.jpg", "samples/CAM_BACK_LEFT/n008-2018-08-01-15-16-36-0400__CAM_BACK_LEFT__1533151584947405.jpg", "samples/CAM_BACK/n008-2018-08-01-15-16-36-0400__CAM_BACK__1533151584937558.jpg", "samples/CAM_BACK_RIGHT/n008-2018-08-01-15-16-36-0400__CAM_BACK_RIGHT__1533151584928113.jpg"], "intrinsics": [[[1257.8625342125129, 0.0, 827.2410631095686], [0.0, 1257.8625342125129, 450.915498205774], [0.0, 0.0, 1.0]], [[1252.8131021185304, 0.0, 826.588114781398], [0.0, 1252.8131021185304, 469.9846626224581], [0.0, 0.0, 1.0]], [[1256.7485116440405, 0.0, 817.7887570959712], [0.0, 1256.7485116440403, 451.9541780095127], [0.0, 0.0, 1.0]], [[1254.9860565800168, 0.0, 829.5769333630991], [0.0, 1254.9860565800168, 467.1680561863987], [0.0, 0.0, 1.0]], [[796.8910634503094, 0.0, 857.7774326863696], [0.0, 796.8910634503094, 476.8848988407415], [0.0, 0.0, 1.0]], [[1249.9629280788233, 0.0, 825.3768045375984], [0.0, 1249.9629280788233, 462.54816385708756], [0.0, 0.0, 1.0]]], "extrinsics": [[[0.8318642973899841, -0.5541039109230042, 0.031153477728366852, -0.84381103515625], [0.04478927329182625, 0.011077897623181343, -0.9989350438117981, 1.4966773986816406], [0.5531686544418335, 0.832373857498169, 0.03403322026133537, -1.2349853515625], [0.0, 0.0, 0.0, 1.0]], [[0.024880114942789078, -0.9996749758720398, -0.005553302355110645, 0.016845703125], [0.04731135815382004, 0.00672625657171011, -0.9988574981689453, 1.48760986328125], [0.9985702633857727, 0.02458895556628704, 0.04746333137154579, -1.57672119140625], [0.0, 0.0, 0.0, 1.0]], [[-0.8368642926216125, -0.5454987287521362, -0.0457080714404583, 0.9901123046875], [0.055943358689546585, -0.002164293546229601, -0.9984315633773804, 1.5000667572021484], [0.5445443391799927, -0.8381087779998779, 0.032328251749277115, -1.20361328125], [0.0, 0.0, 0.0, 1.0]], [[0.9472154378890991, 0.31875890493392944, 0.03428822383284569, -1.13006591796875], [0.03231044486165047, 0.011491759680211544, -0.9994118213653564, 1.5625114440917969], [-0.31896546483039856, 0.947766125202179, 0.0005859298398718238, -0.1673583984375], [0.0, 0.0, 0.0, 1.0]], [[0.004621492233127356, 0.9999783635139465, 0.004693210124969482, -0.035400390625], [0.03380288928747177, 0.004534359090030193, -0.9994181990623474, 1.5699405670166016], [-0.9994178414344788, 0.004777445457875729, -0.033781204372644424, -0.01226806640625], [0.0, 0.0, 0.0, 1.0]], [[-0.9258792996406555, 0.3755396008491516, -0.04144250229001045, 1.0669403076171875], [0.03753556311130524, -0.01771686226129532, -0.9991381764411926, 1.5516319274902344], [-0.3759502172470093, -0.9266369342803955, 0.002307584974914789, -0.0723876953125], [0.0, 0.0, 0.0, 1.0]]], "view": [[0.0, -2.0, 100.0], [-2.0, 0.0, 100.0], [0.0, 0.0, 1.0]], "bev": "bev_d5d6c0c464bc490cb251a7f1d41c6665.png", "aux": "aux_d5d6c0c464bc490cb251a7f1d41c6665.npz", "visibility": "visibility_d5d6c0c464bc490cb251a7f1d41c6665.png", "pose": [[0.9997275471687317, -0.023341068997979164, 0.0, 462.4297790527344], [0.023341068997979164, 0.9997275471687317, 0.0, 1719.7274169921875], [0.0, 0.0, 1.0, 0.0], [0.0, 0.0, 0.0, 1.0]], "pose_inverse": [[0.9997275471687317, 0.023341068997979164, 0.0, -502.4440612792969], [-0.023341068997979164, 0.9997275471687317, 0.0, -1708.46533203125], [0.0, 0.0, 1.0, 0.0], [0.0, 0.0, 0.0, 1.0]], "cam_ids": [0, 1, 2, 3, 4, 5], "cam_channels": ["CAM_FRONT_LEFT", "CAM_FRONT", "CAM_FRONT_RIGHT", "CAM_BACK_LEFT", "CAM_BACK", "CAM_BACK_RIGHT"], "token": "d5d6c0c464bc490cb251a7f1d41c6665", "scene": "scene-0102"}, {"images": ["samples/CAM_FRONT_LEFT/n008-2018-08-01-15-16-36-0400__CAM_FRONT_LEFT__1533151585404799.jpg", "samples/CAM_FRONT/n008-2018-08-01-15-16-36-0400__CAM_FRONT__1533151585412404.jpg", "samples/CAM_FRONT_RIGHT/n008-2018-08-01-15-16-36-0400__CAM_FRONT_RIGHT__1533151585420482.jpg", "samples/CAM_BACK_LEFT/n008-2018-08-01-15-16-36-0400__CAM_BACK_LEFT__1533151585447405.jpg", "samples/CAM_BACK/n008-2018-08-01-15-16-36-0400__CAM_BACK__1533151585437558.jpg", "samples/CAM_BACK_RIGHT/n008-2018-08-01-15-16-36-0400__CAM_BACK_RIGHT__1533151585428113.jpg"], "intrinsics": [[[1257.8625342125129, 0.0, 827.2410631095686], [0.0, 1257.8625342125129, 450.915498205774], [0.0, 0.0, 1.0]], [[1252.8131021185304, 0.0, 826.588114781398], [0.0, 1252.8131021185304, 469.9846626224581], [0.0, 0.0, 1.0]], [[1256.7485116440405, 0.0, 817.7887570959712], [0.0, 1256.7485116440403, 451.9541780095127], [0.0, 0.0, 1.0]], [[1254.9860565800168, 0.0, 829.5769333630991], [0.0, 1254.9860565800168, 467.1680561863987], [0.0, 0.0, 1.0]], [[796.8910634503094, 0.0, 857.7774326863696], [0.0, 796.8910634503094, 476.8848988407415], [0.0, 0.0, 1.0]], [[1249.9629280788233, 0.0, 825.3768045375984], [0.0, 1249.9629280788233, 462.54816385708756], [0.0, 0.0, 1.0]]], "extrinsics": [[[0.8295264840126038, -0.5575063824653625, 0.03275018185377121, -0.85321044921875], [0.046633780002593994, 0.01071069948375225, -0.9988546371459961, 1.4967994689941406], [0.5565170645713806, 0.8301035165786743, 0.03488343581557274, -1.232421875], [0.0, 0.0, 0.0, 1.0]], [[0.021569563075900078, -0.9997512698173523, -0.0056661441922187805, 0.0098876953125], [0.0486653596162796, 0.006710662506520748, -0.9987926483154297, 1.4875717163085938], [0.9985821843147278, 0.021267784759402275, 0.04879799857735634, -1.5826263427734375], [0.0, 0.0, 0.0, 1.0]], [[-0.8382076025009155, -0.543350100517273, -0.04667672887444496, 0.99169921875], [0.05677458643913269, -0.001817474141716957, -0.9983853697776794, 1.499833583831787], [0.5423879623413086, -0.8395042419433594, 0.032371897250413895, -1.2117919921875], [0.0, 0.0, 0.0, 1.0]], [[0.947259783744812, 0.318624347448349, 0.034313034266233444, -1.13336181640625], [0.03155570849776268, 0.01381317526102066, -0.9994065761566162, 1.5623855590820312], [-0.31890925765037537, 0.947780430316925, 0.0030302510131150484, -0.1622314453125], [0.0, 0.0, 0.0, 1.0]], [[0.00564237404614687, 0.9999643564224243, 0.006285424809902906, -0.0311279296875], [0.033580001443624496, 0.006092509720474482, -0.999417424