[{"images": ["samples/CAM_FRONT_LEFT/n008-2018-07-27-12-07-38-0400__CAM_FRONT_LEFT__1532707960004799.jpg", "samples/CAM_FRONT/n008-2018-07-27-12-07-38-0400__CAM_FRONT__1532707960012404.jpg", "samples/CAM_FRONT_RIGHT/n008-2018-07-27-12-07-38-0400__CAM_FRONT_RIGHT__1532707960020482.jpg", "samples/CAM_BACK_LEFT/n008-2018-07-27-12-07-38-0400__CAM_BACK_LEFT__1532707960047405.jpg", "samples/CAM_BACK/n008-2018-07-27-12-07-38-0400__CAM_BACK__1532707960037558.jpg", "samples/CAM_BACK_RIGHT/n008-2018-07-27-12-07-38-0400__CAM_BACK_RIGHT__1532707960028113.jpg"], "intrinsics": [[[1257.8625342125129, 0.0, 827.2410631095686], [0.0, 1257.8625342125129, 450.915498205774], [0.0, 0.0, 1.0]], [[1252.8131021185304, 0.0, 826.588114781398], [0.0, 1252.8131021185304, 469.9846626224581], [0.0, 0.0, 1.0]], [[1256.7485116440405, 0.0, 817.7887570959712], [0.0, 1256.7485116440403, 451.9541780095127], [0.0, 0.0, 1.0]], [[1254.9860565800168, 0.0, 829.5769333630991], [0.0, 1254.9860565800168, 467.1680561863987], [0.0, 0.0, 1.0]], [[796.8910634503094, 0.0, 857.7774326863696], [0.0, 796.8910634503094, 476.8848988407415], [0.0, 0.0, 1.0]], [[1249.9629280788233, 0.0, 825.3768045375984], [0.0, 1249.9629280788233, 462.54816385708756], [0.0, 0.0, 1.0]]], "extrinsics": [[[0.8226013779640198, -0.5684176683425903, -0.015114094130694866, -1.0050048828125], [0.006561978254467249, 0.03606824204325676, -0.9993277788162231, 1.4882926940917969], [0.568580687046051, 0.8219492435455322, 0.03339972719550133, -1.33331298828125], [0.0, 0.0, 0.0, 1.0]], [[0.01035676896572113, -0.9994385242462158, -0.03186492994427681, 0.00543212890625], [0.008525202982127666, 0.03195373713970184, -0.9994529485702515, 1.4801629781723022], [0.9999101161956787, 0.010079432278871536, 0.008851352147758007, -1.7347412109375], [0.0, 0.0, 0.0, 1.0]], [[-0.8439273238182068, -0.5358051657676697, -0.026446908712387085, 1.090576171875], [0.01655624620616436, 0.023261917755007744, -0.9995923042297363, 1.493072509765625], [0.5362019538879395, -0.8440210819244385, -0.010760447010397911, -1.2774658203125], [0.0, 0.0, 0.0, 1.0]], [[0.9478486180305481, 0.3186972141265869, 0.0038759796880185604, -1.143798828125], [-0.008832402527332306, 0.038421258330345154, -0.9992225766181946, 1.5620403289794922], [-0.31859835982322693, 0.9470775723457336, 0.03923240303993225, -0.156005859375], [0.0, 0.0, 0.0, 1.0]], [[0.009118299931287766, 0.9994826316833496, 0.030842669308185577, -0.0289306640625], [-0.006712222006171942, 0.030904430896043777, -0.9994997978210449, 1.5680599212646484], [-0.9999359250068665, 0.008906716480851173, 0.006990544963628054, 0.04443359375], [0.0, 0.0, 0.0, 1.0]], [[-0.9237724542617798, 0.38290297985076904, 0.005451667588204145, 1.1607666015625], [-0.002502234885469079, 0.008200432173907757, -0.9999632239341736, 1.5478100776672363], [-0.3829336166381836, -0.9237521290779114, -0.006617220584303141, -0.0437164306640625], [0.0, 0.0, 0.0, 1.0]]], "view": [[0.0, -2.0, 100.0], [-2.0, 0.0, 100.0], [0.0, 0.0, 1.0]], "bev": "bev_09756a98db224673bfbdc95dc551915a.png", "aux": "aux_09756a98db224673bfbdc95dc551915a.npz", "visibility": "visibility_09756a98db224673bfbdc95dc551915a.png", "pose": [[-0.7300980091094971, 0.683342456817627, 0.0, 1568.9652099609375], [-0.683342456817627, -0.7300980091094971, 0.0, 845.7542724609375], [0.0, 0.0, 1.0, 0.0], [0.0, 0.0, 0.0, 1.0]], "pose_inverse": [[-0.7300980091094971, -0.683342456817627, 0.0, 1723.4381103515625], [0.683342456817627, -0.7300980091094971, 0.0, -454.65704345703125], [0.0, 0.0, 1.0, 0.0], [0.0, 0.0, 0.0, 1.0]], "cam_ids": [0, 1, 2, 3, 4, 5], "cam_channels": ["CAM_FRONT_LEFT", "CAM_FRONT", "CAM_FRONT_RIGHT", "CAM_BACK_LEFT", "CAM_BACK", "CAM_BACK_RIGHT"], "token": "09756a98db224673bfbdc95dc551915a", "scene": "scene-0225"}, {"images": ["samples/CAM_FRONT_LEFT/n008-2018-07-27-12-07-38-0400__CAM_FRONT_LEFT__1532707960504799.jpg", "samples/CAM_FRONT/n008-2018-07-27-12-07-38-0400__CAM_FRONT__1532707960512404.jpg", "samples/CAM_FRONT_RIGHT/n008-2018-07-27-12-07-38-0400__CAM_FRONT_RIGHT__1532707960520482.jpg", "samples/CAM_BACK_LEFT/n008-2018-07-27-12-07-38-0400__CAM_BACK_LEFT__1532707960547405.jpg", "samples/CAM_BACK/n008-2018-07-27-12-07-38-0400__CAM_BACK__1532707960537558.jpg", "samples/CAM_BACK_RIGHT/n008-2018-07-27-12-07-38-0400__CAM_BACK_RIGHT__1532707960528113.jpg"], "intrinsics": [[[1257.8625342125129, 0.0, 827.2410631095686], [0.0, 1257.8625342125129, 450.915498205774], [0.0, 0.0, 1.0]], [[1252.8131021185304, 0.0, 826.588114781398], [0.0, 1252.8131021185304, 469.9846626224581], [0.0, 0.0, 1.0]], [[1256.7485116440405, 0.0, 817.7887570959712], [0.0, 1256.7485116440403, 451.9541780095127], [0.0, 0.0, 1.0]], [[1254.9860565800168, 0.0, 829.5769333630991], [0.0, 1254.9860565800168, 467.1680561863987], [0.0, 0.0, 1.0]], [[796.8910634503094, 0.0, 857.7774326863696], [0.0, 796.8910634503094, 476.8848988407415], [0.0, 0.0, 1.0]], [[1249.9629280788233, 0.0, 825.3768045375984], [0.0, 1249.9629280788233, 462.54816385708756], [0.0, 0.0, 1.0]]], "extrinsics": [[[0.8226162195205688, -0.5683968663215637, -0.01508485246449709, -1.005126953125], [0.006577461492270231, 0.03604074940085411, -0.9993286728858948, 1.4882926940917969], [0.5685590505599976, 0.821964681148529, 0.033386312425136566, -1.3333740234375], [0.0, 0.0, 0.0, 1.0]], [[0.010379843413829803, -0.9994392991065979, -0.03183239698410034, 0.005462646484375], [0.008532807230949402, 0.03192148357629776, -0.9994539618492126, 1.4801632165908813], [0.9999097585678101, 0.010102624073624611, 0.008859364315867424, -1.73486328125], [0.0, 0.0, 0.0, 1.0]], [[-0.8439170718193054, -0.5358224511146545, -0.026426583528518677, 1.0908203125], [0.016555557027459145, 0.02322470396757126, -0.9995931386947632, 1.4930706024169922], [0.5362182259559631, -0.8440113067626953, -0.010728885419666767, -1.277587890625], [0.0, 0.0, 0.0, 1.0]], [[0.9478472471237183, 0.31870153546333313, 0.0038569183088839054, -1.143798828125], [-0.008839184418320656, 0.038381122052669525, -0.999224066734314, 1.5620403289794922], [-0.3186022639274597, 0.947077751159668, 0.039196502417325974, -0.15606689453125], [0.0, 0.0, 0.0, 1.0]], [[0.009111215360462666, 0.999484121799469, 0.030797293409705162, -0.02886962890625], [-0.006709264125674963, 0.030858980491757393, -0.9995011687278748, 1.5680656433105469], [-0.999936044216156, 0.008900084532797337, 0.006986964028328657, 0.0443115234375], [0.0, 0.0, 0.0, 1.0]], [[-0.9237776398658752, 0.3828904926776886, 0.005435794126242399, 1.16064453125], [-0.0025040030013769865, 0.008154951967298985, -0.999963641166687, 1.5478119850158691], [-0.3829209506511688, -0.9237576723098755, -0.006574604194611311, -0.0436553955078125], [0.0, 0.0, 0.0, 1.0]]], "view": [[0.0, -2.0, 100.0], [-2.0, 0.0, 100.0], [0.0, 0.0, 1.0]], "bev": "bev_8310b968bda747f79d08cc6619fe2d8d.png", "aux": "aux_8310b968bda747f79d08cc6619fe2d8d.npz", "visibility": "visibility_8310b968bda747f79d08cc6619fe2d8d.png", "pose": [[-0.730141282081604, 0.6832962036132812, 0.0, 1568.9652099609375], [-0.6832962036132812, -0.730141282081604, 0.0, 845.7542724609375], [0.0, 0.0, 1.0, 0.0], [0.0, 0.0, 0.0, 1.0]], "pose_inverse": [[-0.730141282081604, -0.6832962036132812, 0.0, 1723.4669189453125], [0.6832962036132812, -0.730141282081604, 0.0, -454.5478210449219], [0.0, 0.0, 1.0, 0.0], [0.0, 0.0, 0.0, 1.0]], "cam_ids": [0, 1, 2, 3, 4, 5], "cam_channels": ["CAM_FRONT_LEFT", "CAM_FRONT", "CAM_FRONT_RIGHT", "CAM_BACK_LEFT", "CAM_BACK", "CAM_BACK_RIGHT"], "token": "8310b968bda747f79d08cc6619fe2d8d", "scene": "scene-0225"}, {"images": ["samples/CAM_FRONT_LEFT/n008-2018-07-27-12-07-38-0400__CAM_FRONT_LEFT__1532707961004799.jpg", "samples/CAM_FRONT/n008-2018-07-27-12-07-38-0400__CAM_FRONT__1532707961012404.jpg", "samples/CAM_FRONT_RIGHT/n008-2018-07-27-12-07-38-0400__CAM_FRONT_RIGHT__1532707961020482.jpg", "samples/CAM_BACK_LEFT/n008-2018-07-27-12-07-38-0400__CAM_BACK_LEFT__1532707961047405.jpg", "samples/CAM_BACK/n008-2018-07-27-12-07-38-0400__CAM_BACK__1532707961037558.jpg", "samples/CAM_BACK_RIGHT/n008-2018-07-27-12-07-38-0400__CAM_BACK_RIGHT__1532707961028113.jpg"], "intrinsics": [[[1257.8625342125129, 0.0, 827.2410631095686], [0.0, 1257.8625342125129, 450.915498205774], [0.0, 0.0, 1.0]], [[1252.8131021185304, 0.0, 826.588114781398], [0.0, 1252.8131021185304, 469.9846626224581], [0.0, 0.0, 1.0]], [[1256.7485116440405, 0.0, 817.7887570959712], [0.0, 1256.7485116440403, 451.9541780095127], [0.0, 0.0, 1.0]], [[1254.9860565800168, 0.0, 829.5769333630991], [0.0, 1254.9860565800168, 467.1680561863987], [0.0, 0.0, 1.0]], [[796.8910634503094, 0.0, 857.7774326863696], [0.0, 796.8910634503094, 476.8848988407415], [0.0, 0.0, 1.0]], [[1249.9629280788233, 0.0, 825.3768045375984], [0.0, 1249.9629280788233, 462.54816385708756], [0.0, 0.0, 1.0]]], "extrinsics": [[[0.8225957751274109, -0.5684264898300171, -0.015086079016327858, -1.005126953125], [0.006573901046067476, 0.03603564575314522, -0.9993289113044739, 1.488295555114746], [0.5685886740684509, 0.821944534778595, 0.03337954729795456, -1.3333740234375], [0.0, 0.0, 0.0, 1.0]], [[0.010349726304411888, -0.9994395971298218, -0.031832266598939896, 0.00531005859375], [0.00853804312646389, 0.031921133399009705, -0.9994539022445679, 1.48016357421875], [0.9999099969863892, 0.010072299279272556, 0.008863631635904312, -1.7347412109375], [0.0, 0.0, 0.0, 1.0]], [[-0.843929648399353, -0.535801887512207, -0.026441039517521858, 1.090576171875], [0.01657007448375225, 0.023229291662573814, -0.9995928406715393, 1.493072509765625], [0.5361979007720947, -0.8440241813659668, -0.010725609958171844, -1.2774658203125], [0.0, 0.0, 0.0, 1.0]], [[0.9478467106819153, 0.3187030255794525, 0.0038843252696096897, -1.14404296875], [-0.008817172609269619, 0.038401372730731964, -0.9992234706878662, 1.5620479583740234], [-0.31860479712486267, 0.9470763802528381, 0.03920867294073105, -0.156005859375], [0.0, 0.0, 0.0, 1.0]], [[0.009119829162955284, 0.9994834661483765, 0.030818548053503036, -0.02874755859375], [-0.006696256808936596, 0.03088017925620079, -0.9995006322860718, 1.5680618286132812], [-0.9999359846115112, 0.008908933028578758, 0.006974420975893736, 0.04443359375], [0.0, 0.0, 0.0, 1.0]], [[-0.92377108335495, 0.38290658593177795, 0.005426343064755201, 1.1607666015625], [-0.0024882000871002674, 0.008168097585439682, -0.9999635815620422, 1.5478129386901855], [-0.382936954498291, -0.9237509369850159, -0.006592704448848963, -0.0436553955078125], [0.0, 0.0, 0.0, 1.0]]], "view": [[0.0, -2.0, 100.0], [-2.0, 0.0, 100.0], [0.0, 0.0, 1.0]], "bev": "bev_afe8f0bfb59c45bbbf901542b38b7158.png", "aux": "aux_afe8f0bfb59c45bbbf901542b38b7158.npz", "visibility": "visibility_afe8f0bfb59c45bbbf901542b38b7158.png", "pose": [[-0.7301867604255676, 0.6832476258277893, 0.0, 1568.9652099609375], [-0.6832476258277893, -0.7301867604255676, 0.0, 845.7542724609375], [0.0, 0.0, 1.0, 0.0], [0.0, 0.0, 0.0, 1.0]], "pose_inverse": [[-0.7301867604255676, -0.6832476258277893, 0.0, 1723.4971923828125], [0.6832476258277893, -0.7301867604255676, 0.0, -454.4331359863281], [0.0, 0.0, 1.0, 0.0], [0.0, 0.0, 0.0, 1.0]], "cam_ids": [0, 1, 2, 3, 4, 5], "cam_channels": ["CAM_FRONT_LEFT", "CAM_FRONT", "CAM_FRONT_RIGHT", "CAM_BACK_LEFT", "CAM_BACK", "CAM_BACK_RIGHT"], "token": "afe8f0bfb59c45bbbf901542b38b7158", "scene": "scene-0225"}, {"images": ["samples/CAM_FRONT_LEFT/n008-2018-07-27-12-07-38-0400__CAM_FRONT_LEFT__1532707961504799.jpg", "samples/CAM_FRONT/n008-2018-07-27-12-07-38-0400__CAM_FRONT__1532707961512404.jpg", "samples/CAM_FRONT_RIGHT/n008-2018-07-27-12-07-38-0400__CAM_FRONT_RIGHT__1532707961520482.jpg", "samples/CAM_BACK_LEFT/n008-2018-07-27-12-07-38-0400__CAM_BACK_LEFT__1532707961547405.jpg", "samples/CAM_BACK/n008-2018-07-27-12-07-38-0400__CAM_BACK__1532707961537558.jpg", "samples/CAM_BACK_RIGHT/n008-2018-07-27-12-07-38-0400__CAM_BACK_RIGHT__1532707961528113.jpg"], "intrinsics": [[[1257.8625342125129, 0.0, 827.2410631095686], [0.0, 1257.8625342125129, 450.915498205774], [0.0, 0.0, 1.0]], [[1252.8131021185304, 0.0, 826.588114781398], [0.0, 1252.8131021185304, 469.9846626224581], [0.0, 0.0, 1.0]], [[1256.7485116440405, 0.0, 817.7887570959712], [0.0, 1256.7485116440403, 451.9541780095127], [0.0, 0.0, 1.0]], [[1254.9860565800168, 0.0, 829.5769333630991], [0.0, 1254.9860565800168, 467.1680561863987], [0.0, 0.0, 1.0]], [[796.8910634503094, 0.0, 857.7774326863696], [0.0, 796.8910634503094, 476.8848988407415], [0.0, 0.0, 1.0]], [[1249.9629280788233, 0.0, 825.3768045375984], [0.0, 1249.9629280788233, 462.54816385708756], [0.0, 0.0, 1.0]]], "extrinsics": [[[0.8226006627082825, -0.5684208273887634, -0.015038279816508293, -1.0050048828125], [0.006634521298110485, 0.036039747297763824, -0.9993283152580261, 1.4882960319519043], [0.5685809850692749, 0.8219482898712158, 0.03341751545667648, -1.3333740234375], [0.0, 0.0, 0.0, 1.0]], [[0.010357901453971863, -0.9994395971298218, -0.031832993030548096, 0.005279541015625], [0.008584359660744667, 0.03192240372300148, -0.9994535446166992, 1.480167269706726], [0.999909520149231, 0.010079016909003258, 0.008910197764635086, -1.7347412109375], [0.0, 0.0, 0.0, 1.0]], [[-0.8439255356788635, -0.5358070731163025, -0.02646649442613125, 1.0904541015625], [0.016601230949163437, 0.02322758175432682, -0.9995923042297363, 1.493072509765625], [0.5362035036087036, -0.8440209031105042, -0.010707292705774307, -1.2777099609375], [0.0, 0.0, 0.0, 1.0]], [[0.9478477835655212, 0.3186992406845093, 0.003927191253751516, -1.143798828125], [-0.008764690719544888, 0.038380179554224014, -0.9992247819900513, 1.5620479583740234], [-0.3186030387878418, 0.94707852602005, 0.039171863347291946, -0.15594482421875], [0.0, 0.0, 0.0, 1.0]], [[0.009117002598941326, 0.9994838833808899, 0.03080357052385807, -0.028839111328125], [-0.006659192033112049, 0.030864853411912918, -0.9995013475418091, 1.568063735961914], [-0.9999362826347351, 0.008907406590878963, 0.006937147583812475, 0.0443115234375], [0.0, 0.0, 0.0, 1.0]], [[-0.923772931098938, 0.3829028010368347, 0.005394856911152601, 1.16064453125], [-0.0024551069363951683, 0.008165779523551464, -0.999963641166687, 1.5478119850158691], [-0.3829329013824463, -0.9237526059150696, -0.006603258196264505, -0.04364013671875], [0.0, 0.0, 0.0, 1.0]]], "view": [[0.0, -2.0, 100.0], [-2.0, 0.0, 100.0], [0.0, 0.0, 1.0]], "bev": "bev_27c2be81a32546679bad5fd581fa048d.png", "aux": "aux_27c2be81a32546679bad5fd581fa048d.npz", "visibility": "visibility_27c2be81a32546679bad5fd581fa048d.png", "pose": [[-0.7302019000053406, 0.6832314729690552, 0.0, 1568.9652099609375], [-0.6832314729690552, -0.7302019000053406, 0.0, 845.7542724609375], [0.0, 0.0, 1.0, 0.0], [0.0, 0.0, 0.0, 1.0]], "pose_inverse": [[-0.7302019000053406, -0.6832314729690552, 0.0, 1723.5072021484375], [0.6832314729690552, -0.7302019000053406, 0.0, -454.3950500488281], [0.0, 0.0, 1.0, 0.0], [0.0, 0.0, 0.0, 1.0]], "cam_ids": [0, 1, 2, 3, 4, 5], "cam_channels": ["CAM_FRONT_LEFT", "CAM_FRONT", "CAM_FRONT_RIGHT", "CAM_BACK_LEFT", "CAM_BACK", "CAM_BACK_RIGHT"], "token": "27c2be81a32546679bad5fd581fa048d", "scene": "scene-0225"}, {"images": ["samples/CAM_FRONT_LEFT/n008-2018-07-27-12-07-38-0400__CAM_FRONT_LEFT__1532707962004799.jpg", "samples/CAM_FRONT/n008-2018-07-27-12-07-38-0400__CAM_FRONT__1532707962012404.jpg", "samples/CAM_FRONT_RIGHT/n008-2018-07-27-12-07-38-0400__CAM_FRONT_RIGHT__1532707962020482.jpg", "samples/CAM_BACK_LEFT/n008-2018-07-27-12-07-38-0400__CAM_BACK_LEFT__1532707962047415.jpg", "samples/CAM_BACK/n008-2018-07-27-12-07-38-0400__CAM_BACK__1532707962037558.jpg", "samples/CAM_BACK_RIGHT/n008-2018-07-27-12-07-38-0400__CAM_BACK_RIGHT__1532707962028113.jpg"], "intrinsics": [[[1257.8625342125129, 0.0, 827.2410631095686], [0.0, 1257.8625342125129, 450.915498205774], [0.0, 0.0, 1.0]], [[1252.8131021185304, 0.0, 826.588114781398], [0.0, 1252.8131021185304, 469.9846626224581], [0.0, 0.0, 1.0]], [[1256.7485116440405, 0.0, 817.7887570959712], [0.0, 1256.7485116440403, 451.9541780095127], [0.0, 0.0, 1.0]], [[1254.9860565800168, 0.0, 829.5769333630991], [0.0, 1254.9860565800168, 467.1680561863987], [0.0, 0.0, 1.0]], [[796.8910634503094, 0.0, 857.7774326863696], [0.0, 796.8910634503094, 476.8848988407415], [0.0, 0.0, 1.0]], [[1249.9629280788233, 0.0, 825.3768045375984], [0.0, 1249.9629280788233, 462.54816385708756], [0.0, 0.0, 1.0]]], "extrinsics": [[[0.8225917220115662, -0.5684325695037842, -0.015077956020832062, -1.0048828125], [0.006584320217370987, 0.036036014556884766, -0.9993287920951843, 1.4882941246032715], [0.5685943365097046, 0.8219403624534607, 0.03338567167520523, -1.33331298828125], [0.0, 0.0, 0.0, 1.0]], [[0.010343615896999836, -0.9994400143623352, -0.03182247281074524, 0.00537109375], [0.008541520684957504, 0.031911324709653854, -0.9994542002677917, 1.4801639318466187], [0.9999099373817444, 0.010066154412925243, 0.008866814896464348, -1.7344970703125], [0.0, 0.0, 0.0, 1.0]], [[-0.8439325094223022, -0.5357980728149414, -0.026426615193486214, 1.0908203125], [0.016566166654229164, 0.023208636790513992, -0.9995933175086975, 1.493072509765625], [0.5361936092376709, -0.8440271615982056, -0.010710404254496098, -1.277587890625], [0.0, 0.0, 0.0, 1.0]], [[0.9478487372398376, 0.3186968266963959, 0.003890782129019499, -1.143798828125], [-0.008797436021268368, 0.038363754749298096, -0.9992251396179199, 1.5620403289794922], [-0.3185991644859314, 0.9470800161361694, 0.039166755974292755, -0.156005859375], [0.0, 0.0, 0.0, 1.0]], [[0.009122824296355247, 0.9994844794273376, 0.030784372240304947, -0.02886962890625], [-0.0066867731511592865, 0.030845941975712776, -0.9995017647743225, 1.568063735961914], [-0.999936044216156, 0.008912482298910618, 0.006964728236198425, 0.044189453125], [0.0, 0.0, 0.0, 1.0]], [[-0.923769474029541, 0.38291069865226746, 0.005419228225946426, 1.16064453125], [-0.0024892697110772133, 0.008146862499415874, -0.9999637603759766, 1.5478110313415527], [-0.3829409182071686, -0.9237493872642517, -0.006572652142494917, -0.043670654296875], [0.0, 0.0, 0.0, 1.0]]], "view": [[0.0, -2.0, 100.0], [-2.0, 0.0, 100.0], [0.0, 0.0, 1.0]], "bev": "bev_214726c101d94c209b4fdd75d3917641.png", "aux": "aux_214726c101d94c209b4fdd75d3917641.npz", "visibility": "visibility_214726c101d94c209b4fdd75d3917641.png", "pose": [[-0.7301559448242188, 0.6832805275917053, 0.0, 1568.9652099609375], [-0.6832805275917053, -0.7301559448242188, 0.0, 845.7542724609375], [0.0, 0.0, 1.0, 0.0], [0.0, 0.0, 0.0, 1.0]], "pose_inverse": [[-0.7301559448242188, -0.6832805275917053, 0.0, 1723.4766845703125], [0.6832805275917053, -0.7301559448242188, 0.0, -454.5108642578125], [0.0, 0.0, 1.0, 0.0], [0.0, 0.0, 0.0, 1.0]], "cam_ids": [0, 1, 2, 3, 4, 5], "cam_channels": ["CAM_FRONT_LEFT", "CAM_FRONT", "CAM_FRONT_RIGHT", "CAM_BACK_LEFT", "CAM_BACK", "CAM_BACK_RIGHT"], "token": "214726c101d94c209b4fdd75d3917641", "scene": "scene-0225"}, {"images": ["samples/CAM_FRONT_LEFT/n008-2018-07-27-12-07-38-0400__CAM_FRONT_LEFT__1532707962504799.jpg", "samples/CAM_FRONT/n008-2018-07-27-12-07-38-0400__CAM_FRONT__1532707962512404.jpg", "samples/CAM_FRONT_RIGHT/n008-2018-07-27-12-07-38-0400__CAM_FRONT_RIGHT__1532707962520482.jpg", "samples/CAM_BACK_LEFT/n008-2018-07-27-12-07-38-0400__CAM_BACK_LEFT__1532707962547405.jpg", "samples/CAM_BACK/n008-2018-07-27-12-07-38-0400__CAM_BACK__1532707962537558.jpg", "samples/CAM_BACK_RIGHT/n008-2018-07-27-12-07-38-0400__CAM_BACK_RIGHT__1532707962528113.jpg"], "intrinsics": [[[1257.8625342125129, 0.0, 827.2410631095686], [0.0, 1257.8625342125129, 450.915498205774], [0.0, 0.0, 1.0]], [[1252.8131021185304, 0.0, 826.588114781398], [0.0, 1252.8131021185304, 469.9846626224581], [0.0, 0.0, 1.0]], [[1256.7485116440405, 0.0, 817.7887570959712], [0.0, 1256.7485116440403, 451.9541780095127], [0.0, 0.0, 1.0]], [[1254.9860565800168, 0.0, 829.5769333630991], [0.0, 1254.9860565800168, 467.1680561863987], [0.0, 0.0, 1.0]], [[796.8910634503094, 0.0, 857.7774326863696], [0.0, 796.8910634503094, 476.8848988407415], [0.0, 0.0, 1.0]], [[1249.9629280788233, 0.0, 825.3768045375984], [0.0, 1249.9629280788233, 462.54816385708756], [0.0, 0.0, 1.0]]], "extrinsics": [[[0.82260662317276, -0.5684094429016113, -0.015133795328438282, -1.0047607421875], [0.006569857709109783, 0.03611482307314873, -0.9993260502815247, 1.488295555114746], [0.5685728788375854, 0.8219528198242188, 0.0334426611661911, -1.33331298828125], [0.0, 0.0, 0.0, 1.0]], [[0.010365711525082588, -0.9994369149208069, -0.031911857426166534, 0.00543212890625], [0.008523093536496162, 0.032000720500946045, -0.9994515180587769, 1.4801652431488037], [0.9999099373817444, 0.010088121518492699, 0.008850005455315113, -1.734619140625], [0.0, 0.0, 0.0, 1.0]], [[-0.8439231514930725, -0.5358110070228577, -0.026461737230420113, 1.090576171875], [0.016543574631214142, 0.023309376090765, -0.9995913505554199, 1.493072509765625], [0.5362088680267334, -0.8440161347389221, -0.010807095095515251, -1.2774658203125], [0.0, 0.0, 0.0, 1.0]], [[0.9478477239608765, 0.3186999559402466, 0.0038703512400388718, -1.143798828125], [-0.008855563588440418, 0.03847211226820946, -0.9992204308509827, 1.562051773071289], [-0.3186003565788269, 0.9470744729042053, 0.039287976920604706, -0.1561279296875], [0.0, 0.0, 0.0, 1.0]], [[0.009115156717598438, 0.9994810819625854, 0.030892957001924515, -0.028961181640625], [-0.006726895458996296, 0.03095482848584652, -0.9994981288909912, 1.5680618286132812], [-0.9999358654022217, 0.008902795612812042, 0.007005561608821154, 0.04443359375], [0.0, 0.0, 0.0, 1.0]], [[-0.9237747192382812, 0.38289695978164673, 0.005484841763973236, 1.1605224609375], [-0.0025191796012222767, 0.008246298879384995, -0.9999628067016602, 1.5478129386901855], [-0.3829279839992523, -0.9237542152404785, -0.006653137505054474, -0.0437164306640625], [0.0, 0.0, 0.0, 1.0]]], "view": [[0.0, -2.0, 100.0], [-2.0, 0.0, 100.0], [0.0, 0.0, 1.0]], "bev": "bev_2de8109977b6419983301d114874b18d.png", "aux": "aux_2de8109977b6419983301d114874b18d.npz", "visibility": "visibility_2de8109977b6419983301d114874b18d.png", "pose": [[-0.7301483750343323, 0.6832886338233948, 0.0, 1568.9652099609375], [-0.6832886338233948, -0.7301483750343323, 0.0, 845.7542724609375], [0.0, 0.0, 1.0, 0.0], [0.0, 0.0, 0.0, 1.0]], "pose_inverse": [[-0.7301483750343323, -0.6832886338233948, 0.0, 1723.4716796875], [0.6832886338233948, -0.7301483750343323, 0.0, -454.52996826171875], [0.0, 0.0, 1.0, 0.0], [0.0, 0.0, 0.0, 1.0]], "cam_ids": [0, 1, 2, 3, 4, 5], "cam_channels": ["CAM_FRONT_LEFT", "CAM_FRONT", "CAM_FRONT_RIGHT", "CAM_BACK_LEFT", "CAM_BACK", "CAM_BACK_RIGHT"], "token": "2de8109977b6419983301d114874b18d", "scene": "scene-0225"}, {"images": ["samples/CAM_FRONT_LEFT/n008-2018-07-27-12-07-38-0400__CAM_FRONT_LEFT__1532707963004799.jpg", "samples/CAM_FRONT/n008-2018-07-27-12-07-38-0400__CAM_FRONT__1532707963012404.jpg", "samples/CAM_FRONT_RIGHT/n008-2018-07-27-12-07-38-0400__CAM_FRONT_RIGHT__1532707963020482.jpg", "samples/CAM_BACK_LEFT/n008-2018-07-27-12-07-38-0400__CAM_BACK_LEFT__1532707963047405.jpg", "samples/CAM_BACK/n008-2018-07-27-12-07-38-0400__CAM_BACK__1532707963037558.jpg", "samples/CAM_BACK_RIGHT/n008-2018-07-27-12-07-38-0400__CAM_BACK_RIGHT__1532707963028113.jpg"], "intrinsics": [[[1257.8625342125129, 0.0, 827.2410631095686], [0.0, 1257.8625342125129, 450.915498205774], [0.0, 0.0, 1.0]], [[1252.8131021185304, 0.0, 826.588114781398], [0.0, 1252.8131021185304, 469.9846626224581], [0.0, 0.0, 1.0]], [[1256.7485116440405, 0.0, 817.7887570959712], [0.0, 1256.7485116440403, 451.9541780095127], [0.0, 0.0, 1.0]], [[1254.9860565800168, 0.0, 829.5769333630991], [0.0, 1254.9860565800168, 467.1680561863987], [0.0, 0.0, 1.0]], [[796.8910634503094, 0.0, 857.7774326863696], [0.0, 796.8910634503094, 476.8848988407415], [0.0, 0.0, 1.0]], [[1249.9629280788233, 0.0, 825.3768045375984], [0.0, 1249.9629280788233, 462.54816385708756], [0.0, 0.0, 1.0]]], "extrinsics": [[[0.8226041793823242, -0.5684142708778381, -0.015088642947375774, -1.0050048828125], [0.00659160315990448, 0.03606661781668663, -0.9993276000022888, 1.4882960319519043], [0.5685762166976929, 0.8219515681266785, 0.033415310084819794, -1.333251953125], [0.0, 0.0, 0.0, 1.0]], [[0.010362197645008564, -0.9994385838508606, -0.03186256065964699, 0.00537109375], [0.008546228520572186, 0.031951628625392914, -0.9994528889656067, 1.480164885520935], [0.9999098181724548, 0.010084277018904686, 0.008872520178556442, -1.73486328125], [0.0, 0.0, 0.0, 1.0]], [[-0.8439244031906128, -0.5358094573020935, -0.02645563893020153, 1.090576171875], [0.016568176448345184, 0.023259317502379417, -0.9995921850204468, 1.4930706024169922], [0.5362061858177185, -0.8440185189247131, -0.010751721449196339, -1.277587890625], [0.0, 0.0, 0.0, 1.0]], [[0.9478477239608765, 0.31870031356811523, 0.003859784919768572, -1.14404296875], [-0.008849299512803555, 0.03842032700777054, -0.999222457408905, 1.5620403289794922], [-0.3186008632183075, 0.9470765590667725, 0.039236895740032196, -0.15594482421875], [0.0, 0.0, 0.0, 1.0]], [[0.009116311557590961, 0.9994828701019287, 0.030837850645184517, -0.02874755859375], [-0.0067095947451889515, 0.03089958056807518, -0.9994999170303345, 1.568063735961914], [-0.9999358654022217, 0.008904893882572651, 0.006987815722823143, 0.0443115234375], [0.0, 0.0, 0.0, 1.0]], [[-0.9237738251686096, 0.382899671792984, 0.00544697605073452, 1.1605224609375], [-0.0024974236730486155, 0.008199851028621197, -0.9999632239341736, 1.5478119850158691], [-0.38293027877807617, -0.9237534999847412, -0.006618544925004244, -0.0438079833984375], [0.0, 0.0, 0.0, 1.0]]], "view": [[0.0, -2.0, 100.0], [-2.0, 0.0, 100.0], [0.0, 0.0, 1.0]], "bev": "bev_85a09ffec0cb4983b809fa3c54bec4e6.png", "aux": "aux_85a09ffec0cb4983b809fa3c54bec4e6.npz", "visibility": "visibility_85a09ffec0cb4983b809fa3c54bec4e6.png", "pose": [[-0.7301230430603027, 0.6833156943321228, 0.0, 1568.9652099609375], [-0.6833156943321228, -0.7301230430603027, 0.0, 845.7542724609375], [0.0, 0.0, 1.0, 0.0], [0.0, 0.0, 0.0, 1.0]], "pose_inverse": [[-0.7301230430603027, -0.6833156943321228, 0.0, 1723.454833984375], [0.6833156943321228, -0.7301230430603027, 0.0, -454.59393310546875], [0.0, 0.0, 1.0, 0.0], [0.0, 0.0, 0.0, 1.0]], "cam_ids": [0, 1, 2, 3, 4, 5], "cam_channels": ["CAM_FRONT_LEFT", "CAM_FRONT", "CAM_FRONT_RIGHT", "CAM_BACK_LEFT", "CAM_BACK", "CAM_BACK_RIGHT"], "token": "85a09ffec0cb4983b809fa3c54bec4e6", "scene": "scene-0225"}, {"images": ["samples/CAM_FRONT_LEFT/n008-2018-07-27-12-07-38-0400__CAM_FRONT_LEFT__1532707963504799.jpg", "samples/CAM_FRONT/n008-2018-07-27-12-07-38-0400__CAM_FRONT__1532707963512404.jpg", "samples/CAM_FRONT_RIGHT/n008-2018-07-27-12-07-38-0400__CAM_FRONT_RIGHT__1532707963520482.jpg", "samples/CAM_BACK_LEFT/n008-2018-07-27-12-07-38-0400__CAM_BACK_LEFT__1532707963547405.jpg", "samples/CAM_BACK/n008-2018-07-27-12-07-38-0400__CAM_BACK__1532707963537558.jpg", "samples/CAM_BACK_RIGHT/n008-2018-07-27-12-07-38-0400__CAM_BACK_RIGHT__1532707963528113.jpg"], "intrinsics": [[[1257.8625342125129, 0.0, 827.2410631095686], [0.0, 1257.8625342125129, 450.915498205774], [0.0, 0.0, 1.0]], [[1252.8131021185304, 0.0, 826.588114781398], [0.0, 1252.8131021185304, 469.9846626224581], [0.0, 0.0, 1.0]], [[1256.7485116440405, 0.0, 817.7887570959712], [0.0, 1256.7485116440403, 451.9541780095127], [0.0, 0.0, 1.0]], [[1254.9860565800168, 0.0, 829.5769333630991], [0.0, 1254.9860565800168, 467.1680561863987], [0.0, 0.0, 1.0]], [[796.8910634503094, 0.0, 857.7774326863696], [0.0, 796.8910634503094, 476.8848988407415], [0.0, 0.0, 1.0]], [[1249.9629280788233, 0.0, 825.3768045375984], [0.0, 1249.9629280788233, 462.54816385708756], [0.0, 0.0, 1.0]]], "extrinsics": [[[0.8226052522659302, -0.5684114098548889, -0.015141465701162815, -1.005126953125], [0.006536651402711868, 0.036080148071050644, -0.9993274807929993, 1.4882941246032715], [0.568575382232666, 0.8219530582427979, 0.03339522331953049, -1.33319091796875], [0.0, 0.0, 0.0, 1.0]], [[0.01035983208566904, -0.9994381666183472, -0.031874243170022964, 0.005401611328125], [0.008495455607771873, 0.03196277469396591, -0.9994530081748962, 1.4801652431488037], [0.999910295009613, 0.010083397850394249, 0.008821812458336353, -1.7347412109375], [0.0, 0.0, 0.0, 1.0]], [[-0.8439275026321411, -0.5358062386512756, -0.026421014219522476, 1.090576171875], [0.016521750018000603, 0.023267917335033417, -0.9995927214622498, 1.4930706024169922], [0.5362027883529663, -0.8440203070640564, -0.010783975943922997, -1.277587890625], [0.0, 0.0, 0.0, 1.0]], [[0.9478495717048645, 0.31869468092918396, 0.003870109561830759, -1.1439208984375], [-0.008844250813126564, 0.03843841329216957, -0.9992218017578125, 1.5620403289794922], [-0.31859543919563293, 0.9470776915550232, 0.039252448827028275, -0.156005859375], [0.0, 0.0, 0.0, 1.0]], [[0.009118245914578438, 0.9994822144508362, 0.030857043340802193, -0.028900146484375], [-0.006731303408741951, 0.03091897815465927, -0.9994992017745972, 1.5680599212646484], [-0.9999358057975769, 0.008906010538339615, 0.007009746972471476, 0.04443359375], [0.0, 0.0, 0.0, 1.0]], [[-0.9237727522850037, 0.38290196657180786, 0.0054834806360304356, 1.16064453125], [-0.002535007195547223, 0.008204467594623566, -0.9999631643295288, 1.54780912399292], [-0.3829328715801239, -0.9237525463104248, -0.006608403753489256, -0.0437164306640625], [0.0, 0.0, 0.0, 1.0]]], "view": [[0.0, -2.0, 100.0], [-2.0, 0.0, 100.0], [0.0, 0.0, 1.0]], "bev": "bev_c5703ad1258c41978b9a57b020eae591.png", "aux": "aux_c5703ad1258c41978b9a57b020eae591.npz", "visibility": "visibility_c5703ad1258c41978b9a57b020eae591.png", "pose": [[-0.7301337122917175, 0.6833043098449707, 0.0, 1568.9652099609375], [-0.6833043098449707, -0.7301337122917175, 0.0, 845.7542724609375], [0.0, 0.0, 1.0, 0.0], [0.0, 0.0, 0.0, 1.0]], "pose_inverse": [[-0.7301337122917175, -0.6833043098449707, 0.0, 1723.4619140625], [0.6833043098449707, -0.7301337122917175, 0.0, -454.5669860839844], [0.0, 0.0, 1.0, 0.0], [0.0, 0.0, 0.0, 1.0]], "cam_ids": [0, 1, 2, 3, 4, 5], "cam_channels": ["CAM_FRONT_LEFT", "CAM_FRONT", "CAM_FRONT_RIGHT", "CAM_BACK_LEFT", "CAM_BACK", "CAM_BACK_RIGHT"], "token": "c5703ad1258c41978b9a57b020eae591", "scene": "scene-0225"}, {"images": ["samples/CAM_FRONT_LEFT/n008-2018-07-27-12-07-38-0400__CAM_FRONT_LEFT__1532707963904802.jpg", "samples/CAM_FRONT/n008-2018-07-27-12-07-38-0400__CAM_FRONT__1532707963912404.jpg", "samples/CAM_FRONT_RIGHT/n008-2018-07-27-12-07-38-0400__CAM_FRONT_RIGHT__1532707963920482.jpg", "samples/CAM_BACK_LEFT/n008-2018-07-27-12-07-38-0400__CAM_BACK_LEFT__1532707963947405.jpg", "samples/CAM_BACK/n008-2018-07-27-12-07-38-0400__CAM_BACK__1532707963937558.jpg", "samples/CAM_BACK_RIGHT/n008-2018-07-27-12-07-38-0400__CAM_BACK_RIGHT__1532707963928113.jpg"], "intrinsics": [[[1257.8625342125129, 0.0, 827.2410631095686], [0.0, 1257.8625342125129, 450.915498205774], [0.0, 0.0, 1.0]], [[1252.8131021185304, 0.0, 826.588114781398], [0.0, 1252.8131021185304, 469.9846626224581], [0.0, 0.0, 1.0]], [[1256.7485116440405, 0.0, 817.7887570959712], [0.0, 1256.7485116440403, 451.9541780095127], [0.0, 0.0, 1.0]], [[1254.9860565800168, 0.0, 829.5769333630991], [0.0, 1254.9860565800168, 467.1680561863987], [0.0, 0.0, 1.0]], [[796.8910634503094, 0.0, 857.7774326863696], [0.0, 796.8910634503094, 476.8848988407415], [0.0, 0.0, 1.0]], [[1249.9629280788233, 0.0, 825.3768045375984], [0.0, 1249.9629280788233, 462.54816385708756], [0.0, 0.0, 1.0]]], "extrinsics": [[[0.8225871920585632, -0.568437933921814, -0.01512521505355835, -1.0050048828125], [0.006540946662425995, 0.03605592995882034, -0.9993283748626709, 1.4882922172546387], [0.5686014294624329, 0.821935772895813, 0.0333772674202919, -1.33343505859375], [0.0, 0.0, 0.0, 1.0]], [[0.010339620523154736, -0.9994390606880188, -0.03185300529003143, 0.005401611328125], [0.008502138778567314, 0.03194142505526543, -0.999453604221344, 1.4801667928695679], [0.9999104142189026, 0.010063164867460728, 0.008827634155750275, -1.73486328125], [0.0, 0.0, 0.0, 1.0]], [[-0.8439330458641052, -0.5357974767684937, -0.026418959721922874, 1.0904541015625], [0.016531100496649742, 0.023249570280313492, -0.9995929598808289, 1.4930744171142578], [0.5361936092376709, -0.8440263867378235, -0.010763758793473244, -1.2777099609375], [0.0, 0.0, 0.0, 1.0]], [[0.9478502869606018, 0.3186926245689392, 0.0038455380126833916, -1.1439208984375], [-0.00886391568928957, 0.03842013329267502, -0.9992223381996155, 1.5620403289794922], [-0.31859251856803894, 0.947079062461853, 0.039241403341293335, -0.1561279296875], [0.0, 0.0, 0.0, 1.0]], [[0.009122656658291817, 0.9994828701019287, 0.030834315344691277, -0.028900146484375], [-0.0067339250817894936, 0.030896304175257683, -0.9994998574256897, 1.5680599212646484], [-0.9999357461929321, 0.00891045667231083, 0.007012298330664635, 0.0443115234375], [0.0, 0.0, 0.0, 1.0]], [[-0.9237696528434753, 0.3829094469547272, 0.005470296833664179, 1.16064453125], [-0.0025263603311032057, 0.008190764114260674, -0.9999632239341736, 1.5478129386901855], [-0.3829401731491089, -0.9237495064735413, -0.006599013227969408, -0.043609619140625], [0.0, 0.0, 0.0, 1.0]]], "view": [[0.0, -2.0, 100.0], [-2.0, 0.0, 100.0], [0.0, 0.0, 1.0]], "bev": "bev_8f53c1521a644ce0b9647c66c6615d15.png", "aux": "aux_8f53c1521a644ce0b9647c66c6615d15.npz", "visibility": "visibility_8f53c1521a644ce0b9647c66c6615d15.png", "pose": [[-0.7301086187362671, 0.6833310723304749, 0.0, 1568.9652099609375], [-0.6833310723304749, -0.7301086187362671, 0.0, 845.7542724609375], [0.0, 0.0, 1.0, 0.0], [0.0, 0.0, 0.0, 1.0]], "pose_inverse": [[-0.7301086187362671, -0.6833310723304749, 0.0, 1723.4451904296875], [0.6833310723304749, -0.7301086187362671, 0.0, -454.63018798828125], [0.0, 0.0, 1.0, 0.0], [0.0, 0.0, 0.0, 1.0]], "cam_ids": [0, 1, 2, 3, 4, 5], "cam_channels": ["CAM_FRONT_LEFT", "CAM_FRONT", "CAM_FRONT_RIGHT", "CAM_BACK_LEFT", "CAM_BACK", "CAM_BACK_RIGHT"], "token": "8f53c1521a644ce0b9647c66c6615d15", "scene": "scene-0225"}, {"images": ["samples/CAM_FRONT_LEFT/n008-2018-07-27-12-07-38-0400__CAM_FRONT_LEFT__1532707964404799.jpg", "samples/CAM_FRONT/n008-2018-07-27-12-07-38-0400__CAM_FRONT__1532707964412404.jpg", "samples/CAM_FRONT_RIGHT/n008-2018-07-27-12-07-38-0400__CAM_FRONT_RIGHT__1532707964420482.jpg", "samples/CAM_BACK_LEFT/n008-2018-07-27-12-07-38-0400__CAM_BACK_LEFT__1532707964447405.jpg", "samples/CAM_BACK/n008-2018-07-27-12-07-38-0400__CAM_BACK__1532707964437558.jpg", "samples/CAM_BACK_RIGHT/n008-2018-07-27-12-07-38-0400__CAM_BACK_RIGHT__1532707964428113.jpg"], "intrinsics": [[[1257.8625342125129, 0.0, 827.2410631095686], [0.0, 1257.8625342125129, 450.915498205774], [0.0, 0.0, 1.0]], [[1252.8131021185304, 0.0, 826.588114781398], [0.0, 1252.8131021185304, 469.9846626224581], [0.0, 0.0, 1.0]], [[1256.7485116440405, 0.0, 817.7887570959712], [0.0, 1256.7485116440403, 451.9541780095127], [0.0, 0.0, 1.0]], [[1254.9860565800168, 0.0, 829.5769333630991], [0.0, 1254.9860565800168, 467.1680561863987], [0.0, 0.0, 1.0]], [[796.8910634503094, 0.0, 857.7774326863696], [0.0, 796.8910634503094, 476.8848988407415], [0.0, 0.0, 1.0]], [[1249.9629280788233, 0.0, 825.3768045375984], [0.0, 1249.9629280788233, 462.54816385708756], [0.0, 0.0, 1.0]]], "extrinsics": [[[0.8225854635238647, -0.5684409737586975, -0.015107459388673306, -1.0050048828125], [0.006590309087187052, 0.03609588369727135, -0.9993265867233276, 1.4882941246032715], [0.5686033964157104, 0.8219318985939026, 0.033438146114349365, -1.33319091796875], [0.0, 0.0, 0.0, 1.0]], [[0.010332445614039898, -0.9994378089904785, -0.03189406543970108, 0.00531005859375], [0.008555049076676369, 0.03198295459151268, -0.9994518160820007, 1.4801632165908813], [0.9999100565910339, 0.01005391962826252, 0.008880699053406715, -1.734619140625], [0.0, 0.0, 0.0, 1.0]], [[-0.843937873840332, -0.5357865691184998, -0.026489678770303726, 1.0906982421875], [0.016587626188993454, 0.023292705416679382, -0.999591052532196, 1.4930744171142578], [0.5361844897270203, -0.8440321683883667, -0.010770169086754322, -1.2774658203125], [0.0, 0.0, 0.0, 1.0]], [[0.9478499889373779, 0.3186931908130646, 0.0039024734869599342, -1.1439208984375], [-0.008810998871922493, 0.03844118118286133, -0.9992219805717468, 1.5620479583740234], [-0.3185952603816986, 0.9470781683921814, 0.03924447298049927, -0.15606689453125], [0.0, 0.0, 0.0, 1.0]], [[0.009125725366175175, 0.999481737613678, 0.030870042741298676, -0.028778076171875], [-0.006681558210402727, 0.030931588262319565, -0.9994991421699524, 1.568063735961914], [-0.9999361038208008, 0.008915014564990997, 0.006960369646549225, 0.0443115234375], [0.0, 0.0, 0.0, 1.0]], [[-0.9237667322158813, 0.3829171657562256, 0.005430939141660929, 1.1607666015625], [-0.0024697030894458294, 0.008224518038332462, -0.999963104724884, 1.5478119850158691], [-0.382947713136673, -0.9237461090087891, -0.006651845294982195, -0.0435943603515625], [0.0, 0.0, 0.0, 1.0]]], "view": [[0.0, -2.0, 100.0], [-2.0, 0.0, 100.0], [0.0, 0.0, 1.0]], "bev": "bev_256113f3d5aa48adb609cdd8adc874bf.png", "aux": "aux_256113f3d5aa48adb609cdd8adc874bf.npz", "visibility": "visibility_256113f3d5aa48adb609cdd8adc874bf.png", "pose": [[-0.7301166653633118, 0.683322548866272, 0.0, 1568.9652099609375], [-0.683322548866272, -0.7301166653633118, 0.0, 845.7542724609375], [0.0, 0.0, 1.0, 0.0], [0.0, 0.0, 0.0, 1.0]], "pose_inverse": [[-0.7301166653633118, -0.683322548866272, 0.0, 1723.4505615234375], [0.683322548866272, -0.7301166653633118, 0.0, -454.6100158691406], [0.0, 0.0, 1.0, 0.0], [0.0, 0.0, 0.0, 1.0]], "cam_ids": [0, 1, 2, 3, 4, 5], "cam_channels": ["CAM_FRONT_LEFT", "CAM_FRONT", "CAM_FRONT_RIGHT", "CAM_BACK_LEFT", "CAM_BACK", "CAM_BACK_RIGHT"], "token": "256113f3d5aa48adb609cdd8adc874bf", "scene": "scene-0225"}, {"images": ["samples/CAM_FRONT_LEFT/n008-2018-07-27-12-07-38-0400__CAM_FRONT_LEFT__1532707964904799.jpg", "samples/CAM_FRONT/n008-2018-07-27-12-07-38-0400__CAM_FRONT__1532707964912404.jpg", "samples/CAM_FRONT_RIGHT/n008-2018-07-27-12-07-38-0400__CAM_FRONT_RIGHT__1532707964920482.jpg", "samples/CAM_BACK_LEFT/n008-2018-07-27-12-07-38-0400__CAM_BACK_LEFT__1532707964947410.jpg", "samples/CAM_BACK/n008-2018-07-27-12-07-38-0400__CAM_BACK__1532707964937558.jpg", "samples/CAM_BACK_RIGHT/n008-2018-07-27-12-07-38-0400__CAM_BACK_RIGHT__1532707964928121.jpg"], "intrinsics": [[[1257.8625342125129, 0.0, 827.2410631095686], [0.0, 1257.8625342125129, 450.915498205774], [0.0, 0.0, 1.0]], [[1252.8131021185304, 0.0, 826.588114781398], [0.0, 1252.8131021185304, 469.9846626224581], [0.0, 0.0, 1.0]], [[1256.7485116440405, 0.0, 817.7887570959712], [0.0, 1256.7485116440403, 451.9541780095127], [0.0, 0.0, 1.0]], [[1254.9860565800168, 0.0, 829.5769333630991], [0.0, 1254.9860565800168, 467.1680561863987], [0.0, 0.0, 1.0]], [[796.8910634503094, 0.0, 857.7774326863696], [0.0, 796.8910634503094, 476.8848988407415], [0.0, 0.0, 1.0]], [[1249.9629280788233, 0.0, 825.3768045375984], [0.0, 1249.9629280788233, 462.54816385708756], [0.0, 0.0, 1.0]]], "extrinsics": [[[0.8225986361503601, -0.5684229135513306, -0.015067021362483501, -1.0048828125], [0.006578220520168543, 0.03600868582725525, -0.9993298649787903, 1.4882965087890625], [0.5685844421386719, 0.8219481706619263, 0.03335990384221077, -1.33319091796875], [0.0, 0.0, 0.0, 1.0]], [[0.010353749617934227, -0.9994404911994934, -0.031802672892808914, 0.00537109375], [0.008528139442205429, 0.031891483813524246, -0.9994549751281738, 1.480165719985962], [0.9999100565910339, 0.010076924227178097, 0.008853564970195293, -1.7344970703125], [0.0, 0.0, 0.0, 1.0]], [[-0.843928337097168, -0.5358058214187622, -0.026402553543448448, 1.0906982421875], [0.016545074060559273, 0.023196794092655182, -0.99959397315979, 1.493072509765625], [0.536200761795044, -0.8440225720405579, -0.010711487382650375, -1.2777099609375], [0.0, 0.0, 0.0, 1.0]], [[0.9478482604026794, 0.31869882345199585, 0.0038516095373779535, -1.1439208984375], [-0.008834423497319221, 0.03835068270564079, -0.9992252588272095, 1.5620403289794922], [-0.3185996413230896, 0.9470798969268799, 0.039166148751974106, -0.1561279296875], [0.0, 0.0, 0.0, 1.0]], [[0.009119274094700813, 0.9994849562644958, 0.030770106241106987, -0.028900146484375], [-0.0067099896259605885, 0.03083185665309429, -0.9995020031929