[{"images": ["samples/CAM_FRONT_LEFT/n015-2018-11-21-19-38-26+0800__CAM_FRONT_LEFT__1542800367904844.jpg", "samples/CAM_FRONT/n015-2018-11-21-19-38-26+0800__CAM_FRONT__1542800367912460.jpg", "samples/CAM_FRONT_RIGHT/n015-2018-11-21-19-38-26+0800__CAM_FRONT_RIGHT__1542800367920339.jpg", "samples/CAM_BACK_LEFT/n015-2018-11-21-19-38-26+0800__CAM_BACK_LEFT__1542800367947423.jpg", "samples/CAM_BACK/n015-2018-11-21-19-38-26+0800__CAM_BACK__1542800367937525.jpg", "samples/CAM_BACK_RIGHT/n015-2018-11-21-19-38-26+0800__CAM_BACK_RIGHT__1542800367927893.jpg"], "intrinsics": [[[1272.5979470598488, 0.0, 826.6154927353808], [0.0, 1272.5979470598488, 479.75165386361925], [0.0, 0.0, 1.0]], [[1266.417203046554, 0.0, 816.2670197447984], [0.0, 1266.417203046554, 491.50706579294757], [0.0, 0.0, 1.0]], [[1260.8474446004698, 0.0, 807.968244525554], [0.0, 1260.8474446004698, 495.3344268742088], [0.0, 0.0, 1.0]], [[1256.7414812095406, 0.0, 792.1125740759628], [0.0, 1256.7414812095406, 492.7757465151356], [0.0, 0.0, 1.0]], [[809.2209905677063, 0.0, 829.2196003259838], [0.0, 809.2209905677063, 481.77842384512485], [0.0, 0.0, 1.0]], [[1259.5137405846733, 0.0, 807.2529053838625], [0.0, 1259.5137405846733, 501.19579884916527], [0.0, 0.0, 1.0]]], "extrinsics": [[[0.8097501397132874, -0.5867089629173279, 0.008797961287200451, -0.7613525390625], [0.012958378531038761, 0.0028904650826007128, -0.9999118447303772, 1.5115432739257812], [0.5866318345069885, 0.8097927570343018, 0.009943352080881596, -1.12884521484375], [0.0, 0.0, 0.0, 1.0]], [[-0.009779181331396103, -0.9999518990516663, 0.0007583388942293823, -0.000732421875], [0.007606765255331993, -0.0008327446994371712, -0.9999707341194153, 1.5221071243286133], [0.9999232292175293, -0.009773126803338528, 0.007614540867507458, -1.48486328125], [0.0, 0.0, 0.0, 1.0]], [[-0.8392787575721741, -0.5433225631713867, -0.020291343331336975, 0.89599609375], [0.013454611413180828, 0.01655472256243229, -0.9997723698616028, 1.5058784484863281], [0.5435348749160767, -0.8393607139587402, -0.006583831738680601, -1.1673583984375], [0.0, 0.0, 0.0, 1.0]], [[0.9474064707756042, 0.3196355998516083, 0.015937592834234238, -1.1480712890625], [0.021432124078273773, -0.013679622672498226, -0.9996767044067383, 1.5882530212402344], [-0.31931421160697937, 0.947441816329956, -0.01981063187122345, -0.0933837890625], [0.0, 0.0, 0.0, 1.0]], [[0.006823858246207237, 0.9999687075614929, -0.00400448078289628, 0.01007080078125], [-0.0037845808546990156, -0.003978719003498554, -0.9999849200248718, 1.5791282653808594], [-0.9999696016311646, 0.0068389116786420345, 0.003757309867069125, -0.0528564453125], [0.0, 0.0, 0.0, 1.0]], [[-0.9314535856246948, 0.36311864852905273, -0.02321859821677208, 1.034912109375], [0.029110368341207504, 0.010761061683297157, -0.9995183348655701, 1.5547943115234375], [-0.3626938760280609, -0.9316807389259338, -0.020593948662281036, -0.111663818359375], [0.0, 0.0, 0.0, 1.0]]], "view": [[0.0, -2.0, 100.0], [-2.0, 0.0, 100.0], [0.0, 0.0, 1.0]], "bev": "bev_5998b71b64c146769bde1d5430741381.png", "aux": "aux_5998b71b64c146769bde1d5430741381.npz", "visibility": "visibility_5998b71b64c146769bde1d5430741381.png", "pose": [[0.01329739298671484, 0.9999116063117981, 0.0, 608.8587646484375], [-0.9999116063117981, 0.01329739298671484, 0.0, 2011.05224609375], [0.0, 0.0, 1.0, 0.0], [0.0, 0.0, 0.0, 1.0]], "pose_inverse": [[0.01329739298671484, -0.9999116063117981, 0.0, 2002.7781982421875], [0.9999116063117981, 0.01329739298671484, 0.0, -635.5466918945312], [0.0, 0.0, 1.0, 0.0], [0.0, 0.0, 0.0, 1.0]], "cam_ids": [0, 1, 2, 3, 4, 5], "cam_channels": ["CAM_FRONT_LEFT", "CAM_FRONT", "CAM_FRONT_RIGHT", "CAM_BACK_LEFT", "CAM_BACK", "CAM_BACK_RIGHT"], "token": "5998b71b64c146769bde1d5430741381", "scene": "scene-1077"}, {"images": ["samples/CAM_FRONT_LEFT/n015-2018-11-21-19-38-26+0800__CAM_FRONT_LEFT__1542800368404844.jpg", "samples/CAM_FRONT/n015-2018-11-21-19-38-26+0800__CAM_FRONT__1542800368412460.jpg", "samples/CAM_FRONT_RIGHT/n015-2018-11-21-19-38-26+0800__CAM_FRONT_RIGHT__1542800368420339.jpg", "samples/CAM_BACK_LEFT/n015-2018-11-21-19-38-26+0800__CAM_BACK_LEFT__1542800368447423.jpg", "samples/CAM_BACK/n015-2018-11-21-19-38-26+0800__CAM_BACK__1542800368437525.jpg", "samples/CAM_BACK_RIGHT/n015-2018-11-21-19-38-26+0800__CAM_BACK_RIGHT__1542800368427893.jpg"], "intrinsics": [[[1272.5979470598488, 0.0, 826.6154927353808], [0.0, 1272.5979470598488, 479.75165386361925], [0.0, 0.0, 1.0]], [[1266.417203046554, 0.0, 816.2670197447984], [0.0, 1266.417203046554, 491.50706579294757], [0.0, 0.0, 1.0]], [[1260.8474446004698, 0.0, 807.968244525554], [0.0, 1260.8474446004698, 495.3344268742088], [0.0, 0.0, 1.0]], [[1256.7414812095406, 0.0, 792.1125740759628], [0.0, 1256.7414812095406, 492.7757465151356], [0.0, 0.0, 1.0]], [[809.2209905677063, 0.0, 829.2196003259838], [0.0, 809.2209905677063, 481.77842384512485], [0.0, 0.0, 1.0]], [[1259.5137405846733, 0.0, 807.2529053838625], [0.0, 1259.5137405846733, 501.19579884916527], [0.0, 0.0, 1.0]]], "extrinsics": [[[0.8092420697212219, -0.5874559283256531, -0.004762041382491589, -0.766357421875], [-0.0014362072106450796, 0.006127621047198772, -0.9999802112579346, 1.507965087890625], [0.587473452091217, 0.8092328906059265, 0.004115020390599966, -1.119415283203125], [0.0, 0.0, 0.0, 1.0]], [[-0.010359987616539001, -0.9999433159828186, -0.002432082546874881, -0.0103759765625], [-0.006857460364699364, 0.002503202762454748, -0.9999733567237854, 1.5191373825073242], [0.9999227523803711, -0.010343054309487343, -0.006883005145937204, -1.48388671875], [0.0, 0.0, 0.0, 1.0]], [[-0.8396657109260559, -0.543012261390686, -0.009956467896699905, 0.890380859375], [-0.0010701121063902974, 0.019986676052212715, -0.9997996091842651, 1.5037651062011719], [0.543102502822876, -0.8394867777824402, -0.017363209277391434, -1.174072265625], [0.0, 0.0, 0.0, 1.0]], [[0.947574257850647, 0.3195176124572754, 0.003374983323737979, -1.1453857421875], [0.007235588040202856, -0.010896308347582817, -0.9999144077301025, 1.588327407836914], [-0.31945350766181946, 0.9475176334381104, -0.012636959552764893, -0.0865478515625], [0.0, 0.0, 0.0, 1.0]], [[0.006865409668534994, 0.9999760985374451, -0.0007529576541855931, 0.01708984375], [-0.01811099424958229, -0.0006285097915679216, -0.9998357892036438, 1.5783615112304688], [-0.9998124241828918, 0.0068779257126152515, 0.0181062463670969, -0.0526123046875], [0.0, 0.0, 0.0, 1.0]], [[-0.9316087365150452, 0.36336690187454224, -0.008339791558682919, 1.037841796875], [0.014679082669317722, 0.01468809973448515, -0.9997844099998474, 1.553354263305664], [-0.36316606402397156, -0.9315302968025208, -0.019017456099390984, -0.1204833984375], [0.0, 0.0, 0.0, 1.0]]], "view": [[0.0, -2.0, 100.0], [-2.0, 0.0, 100.0], [0.0, 0.0, 1.0]], "bev": "bev_30aaef2c5ab44dc4afea271fe829b459.png", "aux": "aux_30aaef2c5ab44dc4afea271fe829b459.npz", "visibility": "visibility_30aaef2c5ab44dc4afea271fe829b459.png", "pose": [[0.24777497351169586, 0.9688175916671753, 0.0, 609.2274780273438], [-0.9688175916671753, 0.24777497351169586, 0.0, 2007.95751953125], [0.0, 0.0, 1.0, 0.0], [0.0, 0.0, 0.0, 1.0]], "pose_inverse": [[0.24777497351169586, -0.9688175916671753, 0.0, 1794.393310546875], [0.9688175916671753, 0.24777497351169586, 0.0, -1087.751953125], [0.0, 0.0, 1.0, 0.0], [0.0, 0.0, 0.0, 1.0]], "cam_ids": [0, 1, 2, 3, 4, 5], "cam_channels": ["CAM_FRONT_LEFT", "CAM_FRONT", "CAM_FRONT_RIGHT", "CAM_BACK_LEFT", "CAM_BACK", "CAM_BACK_RIGHT"], "token": "30aaef2c5ab44dc4afea271fe829b459", "scene": "scene-1077"}, {"images": ["samples/CAM_FRONT_LEFT/n015-2018-11-21-19-38-26+0800__CAM_FRONT_LEFT__1542800368904844.jpg", "samples/CAM_FRONT/n015-2018-11-21-19-38-26+0800__CAM_FRONT__1542800368912460.jpg", "samples/CAM_FRONT_RIGHT/n015-2018-11-21-19-38-26+0800__CAM_FRONT_RIGHT__1542800368920339.jpg", "samples/CAM_BACK_LEFT/n015-2018-11-21-19-38-26+0800__CAM_BACK_LEFT__1542800368947423.jpg", "samples/CAM_BACK/n015-2018-11-21-19-38-26+0800__CAM_BACK__1542800368937525.jpg", "samples/CAM_BACK_RIGHT/n015-2018-11-21-19-38-26+0800__CAM_BACK_RIGHT__1542800368927893.jpg"], "intrinsics": [[[1272.5979470598488, 0.0, 826.6154927353808], [0.0, 1272.5979470598488, 479.75165386361925], [0.0, 0.0, 1.0]], [[1266.417203046554, 0.0, 816.2670197447984], [0.0, 1266.417203046554, 491.50706579294757], [0.0, 0.0, 1.0]], [[1260.8474446004698, 0.0, 807.968244525554], [0.0, 1260.8474446004698, 495.3344268742088], [0.0, 0.0, 1.0]], [[1256.7414812095406, 0.0, 792.1125740759628], [0.0, 1256.7414812095406, 492.7757465151356], [0.0, 0.0, 1.0]], [[809.2209905677063, 0.0, 829.2196003259838], [0.0, 809.2209905677063, 481.77842384512485], [0.0, 0.0, 1.0]], [[1259.5137405846733, 0.0, 807.2529053838625], [0.0, 1259.5137405846733, 501.19579884916527], [0.0, 0.0, 1.0]]], "extrinsics": [[[0.8119735717773438, -0.5836647748947144, -0.005859785247594118, -0.7265625], [-0.0069348555989563465, 0.00039187513175420463, -0.9999759197235107, 1.5061779022216797], [0.5836529731750488, 0.8119946122169495, -0.003729438642039895, -1.09979248046875], [0.0, 0.0, 0.0, 1.0]], [[-0.006581513676792383, -0.9999703764915466, 0.003975969273597002, -0.0047607421875], [-0.012514564208686352, -0.003893377957865596, -0.9999141097068787, 1.5174236297607422], [0.9999000430107117, -0.006630748510360718, -0.01248856820166111, -1.4461669921875], [0.0, 0.0, 0.0, 1.0]], [[-0.8381728529930115, -0.5454033017158508, -0.0012333258055150509, 0.865875244140625], [-0.00695493770763278, 0.012949378229677677, -0.9998919367790222, 1.5024528503417969], [0.545360267162323, -0.83807373046875, -0.014647062867879868, -1.1533203125], [0.0, 0.0, 0.0, 1.0]], [[0.947615921497345, 0.31937289237976074, -0.004999526310712099, -1.13458251953125], [0.0006723171682097018, -0.017646601423621178, -0.9998440742492676, 1.5883216857910156], [-0.3194113075733185, 0.9474648237228394, -0.016936922445893288, -0.0921630859375], [0.0, 0.0, 0.0, 1.0]], [[0.005931950639933348, 0.9999523162841797, -0.007760913111269474, 0.014892578125], [-0.02439015731215477, -0.0076140593737363815, -0.9996735453605652, 1.577493667602539], [-0.9996848702430725, 0.006119290832430124, 0.02434382773935795, -0.0709228515625], [0.0, 0.0, 0.0, 1.0]], [[-0.9323536157608032, 0.36150917410850525, -0.005272324662655592, 1.0113525390625], [0.008621218614280224, 0.007651390973478556, -0.9999336004257202, 1.5527453422546387], [-0.3614448606967926, -0.9323371648788452, -0.010250452905893326, -0.1260986328125], [0.0, 0.0, 0.0, 1.0]]], "view": [[0.0, -2.0, 100.0], [-2.0, 0.0, 100.0], [0.0, 0.0, 1.0]], "bev": "bev_e8b1863300964b2481fee312496d06d8.png", "aux": "aux_e8b1863300964b2481fee312496d06d8.npz", "visibility": "visibility_e8b1863300964b2481fee312496d06d8.png", "pose": [[0.45488065481185913, 0.8905524015426636, 0.0, 610.3844604492188], [-0.8905524015426636, 0.45488065481185913, 0.0, 2004.8116455078125], [0.0, 0.0, 1.0, 0.0], [0.0, 0.0, 0.0, 1.0]], "pose_inverse": [[0.45488065481185913, -0.8905524015426636, 0.0, 1507.73779296875], [0.8905524015426636, 0.45488065481185913, 0.0, -1455.5294189453125], [0.0, 0.0, 1.0, 0.0], [0.0, 0.0, 0.0, 1.0]], "cam_ids": [0, 1, 2, 3, 4, 5], "cam_channels": ["CAM_FRONT_LEFT", "CAM_FRONT", "CAM_FRONT_RIGHT", "CAM_BACK_LEFT", "CAM_BACK", "CAM_BACK_RIGHT"], "token": "e8b1863300964b2481fee312496d06d8", "scene": "scene-1077"}, {"images": ["samples/CAM_FRONT_LEFT/n015-2018-11-21-19-38-26+0800__CAM_FRONT_LEFT__1542800369404844.jpg", "samples/CAM_FRONT/n015-2018-11-21-19-38-26+0800__CAM_FRONT__1542800369412460.jpg", "samples/CAM_FRONT_RIGHT/n015-2018-11-21-19-38-26+0800__CAM_FRONT_RIGHT__1542800369420339.jpg", "samples/CAM_BACK_LEFT/n015-2018-11-21-19-38-26+0800__CAM_BACK_LEFT__1542800369447423.jpg", "samples/CAM_BACK/n015-2018-11-21-19-38-26+0800__CAM_BACK__1542800369437525.jpg", "samples/CAM_BACK_RIGHT/n015-2018-11-21-19-38-26+0800__CAM_BACK_RIGHT__1542800369427893.jpg"], "intrinsics": [[[1272.5979470598488, 0.0, 826.6154927353808], [0.0, 1272.5979470598488, 479.75165386361925], [0.0, 0.0, 1.0]], [[1266.417203046554, 0.0, 816.2670197447984], [0.0, 1266.417203046554, 491.50706579294757], [0.0, 0.0, 1.0]], [[1260.8474446004698, 0.0, 807.968244525554], [0.0, 1260.8474446004698, 495.3344268742088], [0.0, 0.0, 1.0]], [[1256.7414812095406, 0.0, 792.1125740759628], [0.0, 1256.7414812095406, 492.7757465151356], [0.0, 0.0, 1.0]], [[809.2209905677063, 0.0, 829.2196003259838], [0.0, 809.2209905677063, 481.77842384512485], [0.0, 0.0, 1.0]], [[1259.5137405846733, 0.0, 807.2529053838625], [0.0, 1259.5137405846733, 501.19579884916527], [0.0, 0.0, 1.0]]], "extrinsics": [[[0.8124386072158813, -0.5829000473022461, -0.013074998743832111, -0.7066650390625], [-0.0154817970469594, 0.0008499153191223741, -0.999879777431488, 1.5032634735107422], [0.582841157913208, 0.8125433921813965, -0.008333835750818253, -1.0875244140625], [0.0, 0.0, 0.0, 1.0]], [[-0.005763676483184099, -0.9999770522117615, 0.003556062700226903, -0.003662109375], [-0.020783288404345512, -0.003435564925894141, -0.999778151512146, 1.5149803161621094], [0.9997673630714417, -0.005836382508277893, -0.020763009786605835, -1.426513671875], [0.0, 0.0, 0.0, 1.0]], [[-0.8377991318702698, -0.5459537506103516, 0.005201635882258415, 0.85333251953125], [-0.0149516761302948, 0.013418563641607761, -0.9997981786727905, 1.5006675720214844], [0.5457738041877747, -0.8377078771591187, -0.019404983147978783, -1.143310546875], [0.0, 0.0, 0.0, 1.0]], [[0.9475274085998535, 0.3194655179977417, -0.011560202576220036, -1.13385009765625], [-0.006245215889066458, -0.017656560987234116, -0.999824583530426, 1.5883121490478516], [-0.31961360573768616, 0.9474334120750427, -0.014734943397343159, -0.09375], [0.0, 0.0, 0.0, 1.0]], [[0.005595966707915068, 0.9999562501907349, -0.007502927910536528, 0.0140380859375], [-0.03172878548502922, -0.007321718614548445, -0.9994696974754333, 1.5767440795898438], [-0.9994808435440063, 0.0058310022577643394, 0.03168642148375511, -0.0780029296875], [0.0, 0.0, 0.0, 1.0]], [[-0.932543933391571, 0.36105063557624817, 0.0020899514202028513, 0.999267578125], [0.0009084100020118058, 0.008134627714753151, -0.9999665021896362, 1.5516834259033203], [-0.3610556125640869, -0.9325107336044312, -0.007913880050182343, -0.12939453125], [0.0, 0.0, 0.0, 1.0]]], "view": [[0.0, -2.0, 100.0], [-2.0, 0.0, 100.0], [0.0, 0.0, 1.0]], "bev": "bev_f0c059b6d7b8438ea9f08de0a3c1fc1a.png", "aux": "aux_f0c059b6d7b8438ea9f08de0a3c1fc1a.npz", "visibility": "visibility_f0c059b6d7b8438ea9f08de0a3c1fc1a.png", "pose": [[0.6077648997306824, 0.7941170334815979, 0.0, 612.2356567382812], [-0.7941170334815979, 0.6077648997306824, 0.0, 2001.76904296875], [0.0, 0.0, 1.0, 0.0], [0.0, 0.0, 0.0, 1.0]], "pose_inverse": [[0.6077648997306824, -0.7941170334815979, 0.0, 1217.54345703125], [0.7941170334815979, 0.6077648997306824, 0.0, -1702.791748046875], [0.0, 0.0, 1.0, 0.0], [0.0, 0.0, 0.0, 1.0]], "cam_ids": [0, 1, 2, 3, 4, 5], "cam_channels": ["CAM_FRONT_LEFT", "CAM_FRONT", "CAM_FRONT_RIGHT", "CAM_BACK_LEFT", "CAM_BACK", "CAM_BACK_RIGHT"], "token": "f0c059b6d7b8438ea9f08de0a3c1fc1a", "scene": "scene-1077"}, {"images": ["samples/CAM_FRONT_LEFT/n015-2018-11-21-19-38-26+0800__CAM_FRONT_LEFT__1542800369904844.jpg", "samples/CAM_FRONT/n015-2018-11-21-19-38-26+0800__CAM_FRONT__1542800369912460.jpg", "samples/CAM_FRONT_RIGHT/n015-2018-11-21-19-38-26+0800__CAM_FRONT_RIGHT__1542800369920339.jpg", "samples/CAM_BACK_LEFT/n015-2018-11-21-19-38-26+0800__CAM_BACK_LEFT__1542800369947423.jpg", "samples/CAM_BACK/n015-2018-11-21-19-38-26+0800__CAM_BACK__1542800369937525.jpg", "samples/CAM_BACK_RIGHT/n015-2018-11-21-19-38-26+0800__CAM_BACK_RIGHT__1542800369927893.jpg"], "intrinsics": [[[1272.5979470598488, 0.0, 826.6154927353808], [0.0, 1272.5979470598488, 479.75165386361925], [0.0, 0.0, 1.0]], [[1266.417203046554, 0.0, 816.2670197447984], [0.0, 1266.417203046554, 491.50706579294757], [0.0, 0.0, 1.0]], [[1260.8474446004698, 0.0, 807.968244525554], [0.0, 1260.8474446004698, 495.3344268742088], [0.0, 0.0, 1.0]], [[1256.7414812095406, 0.0, 792.1125740759628], [0.0, 1256.7414812095406, 492.7757465151356], [0.0, 0.0, 1.0]], [[809.2209905677063, 0.0, 829.2196003259838], [0.0, 809.2209905677063, 481.77842384512485], [0.0, 0.0, 1.0]], [[1259.5137405846733, 0.0, 807.2529053838625], [0.0, 1259.5137405846733, 501.19579884916527], [0.0, 0.0, 1.0]]], "extrinsics": [[[0.8169469237327576, -0.5766804814338684, -0.006119242869317532, -0.6754150390625], [-0.014044811017811298, -0.009286753833293915, -0.9998582005500793, 1.5033738613128662], [0.5765418410301208, 0.8169170022010803, -0.015686150640249252, -1.08258056640625], [0.0, 0.0, 0.0, 1.0]], [[0.0004947919514961541, -0.9999079704284668, 0.01355739589780569, 0.0093994140625], [-0.01926049403846264, -0.013564414344727993, -0.9997224807739258, 1.5149874687194824], [0.9998143911361694, 0.00023354659788310528, -0.0192654337733984, -1.40155029296875], [0.0, 0.0, 0.0, 1.0]], [[-0.8351835012435913, -0.5498912334442139, 0.009388969279825687, 0.8425140380859375], [-0.013455977663397789, 0.0033645660150796175, -0.9999037981033325, 1.5005569458007812], [0.5498067736625671, -0.8352294564247131, -0.010209353640675545, -1.120849609375], [0.0, 0.0, 0.0, 1.0]], [[0.9477408528327942, 0.3187723457813263, -0.013086820021271706, -1.128631591796875], [-0.004556762520223856, -0.027490172535181046, -0.9996116757392883, 1.5884437561035156], [-0.31900838017463684, 0.9474325776100159, -0.02460099197924137, -0.106689453125], [0.0, 0.0, 0.0, 1.0]], [[0.003932615276426077, 0.9998406171798706, -0.01741413027048111, 0.0032958984375], [-0.03006804548203945, -0.01728816330432892, -0.9993983507156372, 1.5765516757965088], [-0.9995400905609131, 0.004453869070857763, 0.0299952644854784, -0.0914306640625], [0.0, 0.0, 0.0, 1.0]], [[-0.9337897896766663, 0.3578094244003296, -0.0030005110893398523, 0.9776611328125], [0.002499742666259408, -0.0018620637711137533, -0.9999951720237732, 1.551875114440918], [-0.3578132688999176, -0.9337928295135498, 0.0008443432743661106, -0.1231689453125], [0.0, 0.0, 0.0, 1.0]]], "view": [[0.0, -2.0, 100.0], [-2.0, 0.0, 100.0], [0.0, 0.0, 1.0]], "bev": "bev_a63038dfb41843eb8a14485d90c2fa35.png", "aux": "aux_a63038dfb41843eb8a14485d90c2fa35.npz", "visibility": "visibility_a63038dfb41843eb8a14485d90c2fa35.png", "pose": [[0.7016682624816895, 0.7125037908554077, 0.0, 614.7846069335938], [-0.7125037908554077, 0.7016682624816895, 0.0, 1998.7767333984375], [0.0, 0.0, 1.0, 0.0], [0.0, 0.0, 0.0, 1.0]], "pose_inverse": [[0.7016682624816895, -0.7125037908554077, 0.0, 992.76123046875], [0.7125037908554077, 0.7016682624816895, 0.0, -1840.5145263671875], [0.0, 0.0, 1.0, 0.0], [0.0, 0.0, 0.0, 1.0]], "cam_ids": [0, 1, 2, 3, 4, 5], "cam_channels": ["CAM_FRONT_LEFT", "CAM_FRONT", "CAM_FRONT_RIGHT", "CAM_BACK_LEFT", "CAM_BACK", "CAM_BACK_RIGHT"], "token": "a63038dfb41843eb8a14485d90c2fa35", "scene": "scene-1077"}, {"images": ["samples/CAM_FRONT_LEFT/n015-2018-11-21-19-38-26+0800__CAM_FRONT_LEFT__1542800370404844.jpg", "samples/CAM_FRONT/n015-2018-11-21-19-38-26+0800__CAM_FRONT__1542800370412460.jpg", "samples/CAM_FRONT_RIGHT/n015-2018-11-21-19-38-26+0800__CAM_FRONT_RIGHT__1542800370420339.jpg", "samples/CAM_BACK_LEFT/n015-2018-11-21-19-38-26+0800__CAM_BACK_LEFT__1542800370447423.jpg", "samples/CAM_BACK/n015-2018-11-21-19-38-26+0800__CAM_BACK__1542800370437525.jpg", "samples/CAM_BACK_RIGHT/n015-2018-11-21-19-38-26+0800__CAM_BACK_RIGHT__1542800370427893.jpg"], "intrinsics": [[[1272.5979470598488, 0.0, 826.6154927353808], [0.0, 1272.5979470598488, 479.75165386361925], [0.0, 0.0, 1.0]], [[1266.417203046554, 0.0, 816.2670197447984], [0.0, 1266.417203046554, 491.50706579294757], [0.0, 0.0, 1.0]], [[1260.8474446004698, 0.0, 807.968244525554], [0.0, 1260.8474446004698, 495.3344268742088], [0.0, 0.0, 1.0]], [[1256.7414812095406, 0.0, 792.1125740759628], [0.0, 1256.7414812095406, 492.7757465151356], [0.0, 0.0, 1.0]], [[809.2209905677063, 0.0, 829.2196003259838], [0.0, 809.2209905677063, 481.77842384512485], [0.0, 0.0, 1.0]], [[1259.5137405846733, 0.0, 807.2529053838625], [0.0, 1259.5137405846733, 501.19579884916527], [0.0, 0.0, 1.0]]], "extrinsics": [[[0.8197999000549316, -0.5726431012153625, -0.0028335002716630697, -0.6314697265625], [-0.008812932297587395, -0.00766888540238142, -0.9999317526817322, 1.5047478675842285], [0.5725821852684021, 0.8197689056396484, -0.011333616450428963, -1.054931640625], [0.0, 0.0, 0.0, 1.0]], [[0.00440932996571064, -0.9999223947525024, 0.011646151542663574, 0.0115966796875], [-0.01404661126434803, -0.011707048863172531, -0.999832808971405, 1.515885353088379], [0.9998915791511536, 0.004245017189532518, -0.014097142033278942, -1.357177734375], [0.0, 0.0, 0.0, 1.0]], [[-0.8335211873054504, -0.5524737238883972, 0.0038996406365185976, 0.81329345703125], [-0.008332373574376106, 0.005512959789484739, -0.9999500513076782, 1.5014114379882812], [0.5524246692657471, -0.8335120677947998, -0.009198585525155067, -1.09912109375], [0.0, 0.0, 0.0, 1.0]], [[0.9477452039718628, 0.3189404606819153, -0.007475382182747126, -1.1192626953125], [0.0004208492173347622, -0.02468160167336464, -0.9996952414512634, 1.5885696411132812], [-0.3190278112888336, 0.9474533200263977, -0.02352609857916832, -0.111572265625], [0.0, 0.0, 0.0, 1.0]], [[0.002780764363706112, 0.9998866319656372, -0.014796233735978603, 0.0015869140625], [-0.025016507133841515, -0.014722100459039211, -0.9995786547660828, 1.5765504837036133], [-0.999683141708374, 0.0031497778836637735, 0.02497273124754429, -0.11114501953125], [0.0, 0.0, 0.0, 1.0]], [[-0.9345735311508179, 0.35570263862609863, -0.0069256918504834175, 0.9495849609375], [0.007608283311128616, 0.0005201203166507185, -0.9999709725379944, 1.5529594421386719], [-0.3556887209415436, -0.9345990419387817, -0.003192378208041191, -0.131591796875], [0.0, 0.0, 0.0, 1.0]]], "view": [[0.0, -2.0, 100.0], [-2.0, 0.0, 100.0], [0.0, 0.0, 1.0]], "bev": "bev_7220a2aaebf347cda4efedc88dcae96e.png", "aux": "aux_7220a2aaebf347cda4efedc88dcae96e.npz", "visibility": "visibility_7220a2aaebf347cda4efedc88dcae96e.png", "pose": [[0.7274660468101501, 0.6861436367034912, 0.0, 617.830078125], [-0.6861436367034912, 0.7274660468101501, 0.0, 1995.7315673828125], [0.0, 0.0, 1.0, 0.0], [0.0, 0.0, 0.0, 1.0]], "pose_inverse": [[0.7274660468101501, -0.6861436367034912, 0.0, 919.9081420898438], [0.6861436367034912, 0.7274660468101501, 0.0, -1875.7471923828125], [0.0, 0.0, 1.0, 0.0], [0.0, 0.0, 0.0, 1.0]], "cam_ids": [0, 1, 2, 3, 4, 5], "cam_channels": ["CAM_FRONT_LEFT", "CAM_FRONT", "CAM_FRONT_RIGHT", "CAM_BACK_LEFT", "CAM_BACK", "CAM_BACK_RIGHT"], "token": "7220a2aaebf347cda4efedc88dcae96e", "scene": "scene-1077"}, {"images": ["samples/CAM_FRONT_LEFT/n015-2018-11-21-19-38-26+0800__CAM_FRONT_LEFT__1542800370904865.jpg", "samples/CAM_FRONT/n015-2018-11-21-19-38-26+0800__CAM_FRONT__1542800370912460.jpg", "samples/CAM_FRONT_RIGHT/n015-2018-11-21-19-38-26+0800__CAM_FRONT_RIGHT__1542800370920339.jpg", "samples/CAM_BACK_LEFT/n015-2018-11-21-19-38-26+0800__CAM_BACK_LEFT__1542800370947423.jpg", "samples/CAM_BACK/n015-2018-11-21-19-38-26+0800__CAM_BACK__1542800370937525.jpg", "samples/CAM_BACK_RIGHT/n015-2018-11-21-19-38-26+0800__CAM_BACK_RIGHT__1542800370927893.jpg"], "intrinsics": [[[1272.5979470598488, 0.0, 826.6154927353808], [0.0, 1272.5979470598488, 479.75165386361925], [0.0, 0.0, 1.0]], [[1266.417203046554, 0.0, 816.2670197447984], [0.0, 1266.417203046554, 491.50706579294757], [0.0, 0.0, 1.0]], [[1260.8474446004698, 0.0, 807.968244525554], [0.0, 1260.8474446004698, 495.3344268742088], [0.0, 0.0, 1.0]], [[1256.7414812095406, 0.0, 792.1125740759628], [0.0, 1256.7414812095406, 492.7757465151356], [0.0, 0.0, 1.0]], [[809.2209905677063, 0.0, 829.2196003259838], [0.0, 809.2209905677063, 481.77842384512485], [0.0, 0.0, 1.0]], [[1259.5137405846733, 0.0, 807.2529053838625], [0.0, 1259.5137405846733, 501.19579884916527], [0.0, 0.0, 1.0]]], "extrinsics": [[[0.8205149173736572, -0.5716210007667542, -0.00216814992018044, -0.6197509765625], [-0.010971037670969963, -0.01195553783327341, -0.9998683333396912, 1.5036993026733398], [0.5715197920799255, 0.8204306960105896, -0.01608097366988659, -1.0440673828125], [0.0, 0.0, 0.0, 1.0]], [[0.005456439219415188, -0.9998586773872375, 0.015896841883659363, 0.009765625], [-0.015948176383972168, -0.015982069075107574, -0.9997451305389404, 1.515049934387207], [0.9998578429222107, 0.005201530177146196, -0.016033127903938293, -1.34576416015625], [0.0, 0.0, 0.0, 1.0]], [[-0.8330745697021484, -0.5531080961227417, 0.007623258512467146, 0.80694580078125], [-0.009986869990825653, 0.0012600350892171264, -0.9999493360519409, 1.5009260177612305], [0.5530704855918884, -0.8331085443496704, -0.006573521997779608, -1.0966796875], [0.0, 0.0, 0.0, 1.0]], [[0.9477823376655579, 0.31877654790878296, -0.009493237361311913, -1.129852294921875], [-0.0003140420885756612, -0.028834138065576553, -0.9995841383934021, 1.5885505676269531], [-0.3189176917076111, 0.9473912119865417, -0.027228377759456635, -0.10791015625], [0.0, 0.0, 0.0, 1.0]], [[0.002452475717291236, 0.9998171925544739, -0.018962642177939415, 0.002197265625], [-0.02605256997048855, -0.018892379477620125, -0.9994820356369019, 1.5765419006347656], [-0.9996575713157654, 0.0029451639857143164, 0.026001475751399994, -0.1068115234375], [0.0, 0.0, 0.0, 1.0]], [[-0.9347931146621704, 0.3551214039325714, -0.0071113319136202335, 0.9481201171875], [0.006206092424690723, -0.0036881365813314915, -0.9999738931655884, 1.5527019500732422], [-0.3551384508609772, -0.9348129630088806, 0.0012437303084880114, -0.13330078125], [0.0, 0.0, 0.0, 1.0]]], "view": [[0.0, -2.0, 100.0], [-2.0, 0.0, 100.0], [0.0, 0.0, 1.0]], "bev": "bev_4cd162f9083b47d0acd83129a6539c01.png", "aux": "aux_4cd162f9083b47d0acd83129a6539c01.npz", "visibility": "visibility_4cd162f9083b47d0acd83129a6539c01.png", "pose": [[0.734312891960144, 0.6788111329078674, 0.0, 621.2376708984375], [-0.6788111329078674, 0.734312891960144, 0.0, 1992.4930419921875], [0.0, 0.0, 1.0, 0.0], [0.0, 0.0, 0.0, 1.0]], "pose_inverse": [[0.734312891960144, -0.6788111329078674, 0.0, 896.3436279296875], [0.6788111329078674, 0.734312891960144, 0.0, -1884.81640625], [0.0, 0.0, 1.0, 0.0], [0.0, 0.0, 0.0, 1.0]], "cam_ids": [0, 1, 2, 3, 4, 5], "cam_channels": ["CAM_FRONT_LEFT", "CAM_FRONT", "CAM_FRONT_RIGHT", "CAM_BACK_LEFT", "CAM_BACK", "CAM_BACK_RIGHT"], "token": "4cd162f9083b47d0acd83129a6539c01", "scene": "scene-1077"}, {"images": ["samples/CAM_FRONT_LEFT/n015-2018-11-21-19-38-26+0800__CAM_FRONT_LEFT__1542800371404844.jpg", "samples/CAM_FRONT/n015-2018-11-21-19-38-26+0800__CAM_FRONT__1542800371412460.jpg", "samples/CAM_FRONT_RIGHT/n015-2018-11-21-19-38-26+0800__CAM_FRONT_RIGHT__1542800371420339.jpg", "samples/CAM_BACK_LEFT/n015-2018-11-21-19-38-26+0800__CAM_BACK_LEFT__1542800371447423.jpg", "samples/CAM_BACK/n015-2018-11-21-19-38-26+0800__CAM_BACK__1542800371437525.jpg", "samples/CAM_BACK_RIGHT/n015-2018-11-21-19-38-26+0800__CAM_BACK_RIGHT__1542800371427893.jpg"], "intrinsics": [[[1272.5979470598488, 0.0, 826.6154927353808], [0.0, 1272.5979470598488, 479.75165386361925], [0.0, 0.0, 1.0]], [[1266.417203046554, 0.0, 816.2670197447984], [0.0, 1266.417203046554, 491.50706579294757], [0.0, 0.0, 1.0]], [[1260.8474446004698, 0.0, 807.968244525554], [0.0, 1260.8474446004698, 495.3344268742088], [0.0, 0.0, 1.0]], [[1256.7414812095406, 0.0, 792.1125740759628], [0.0, 1256.7414812095406, 492.7757465151356], [0.0, 0.0, 1.0]], [[809.2209905677063, 0.0, 829.2196003259838], [0.0, 809.2209905677063, 481.77842384512485], [0.0, 0.0, 1.0]], [[1259.5137405846733, 0.0, 807.2529053838625], [0.0, 1259.5137405846733, 501.19579884916527], [0.0, 0.0, 1.0]]], "extrinsics": [[[0.8200588822364807, -0.5722779631614685, -0.0011551746865734458, -0.595947265625], [-0.012546728365123272, -0.01596098206937313, -0.9997938871383667, 1.5026931762695312], [0.5721415877342224, 0.8199043273925781, -0.020269162952899933, -1.02734375], [0.0, 0.0, 0.0, 1.0]], [[0.004872844088822603, -0.9997754693031311, 0.020622069016098976, 0.0096435546875], [-0.0176919624209404, -0.02070527896285057, -0.9996291399002075, 1.514068603515625], [0.9998316168785095, 0.0045061553828418255, -0.017788885161280632, -1.323486328125], [0.0, 0.0, 0.0, 1.0]], [[-0.8333149552345276, -0.5526628494262695, 0.012242427095770836, 0.7935791015625], [-0.011895260773599148, -0.0042140549048781395, -0.9999203681945801, 1.5002288818359375], [0.552670419216156, -0.8333942294120789, -0.0030624312348663807, -1.087646484375], [0.0, 0.0, 0.0, 1.0]], [[0.9478294253349304, 0.3184402883052826, -0.014672870747745037, -1.1340484619140625], [-0.0033235116861760616, -0.03615458309650421, -0.9993406534194946, 1.5885391235351562], [-0.31876078248023987, 0.9472532272338867, -0.03321003541350365, -0.10693359375], [0.0, 0.0, 0.0, 1.0]], [[0.0026182648725807667, 0.9996622800827026, -0.025856275111436844, 0.002197265625], [-0.02857104130089283, -0.025771023705601692, -0.9992595314979553, 1.5761966705322266], [-0.9995883107185364, 0.003355044638738036, 0.028493916615843773, -0.109375], [0.0, 0.0, 0.0, 1.0]], [[-0.9346827268600464, 0.35540732741355896, -0.0073402957059443, 0.9390869140625], [0.004119029734283686, -0.009819422848522663, -0.9999433159828186, 1.5523319244384766], [-0.3554592728614807, -0.934660017490387, 0.007714110426604748, -0.136962890625], [0.0, 0.0, 0.0, 1.0]]], "view": [[0.0, -2.0, 100.0], [-2.0, 0.0, 100.0], [0.0, 0.0, 1.0]], "bev": "bev_c0f7a7d51fbe46f9be8ca098da06b7fb.png", "aux": "aux_c0f7a7d51fbe46f9be8ca098da06b7fb.npz", "visibility": "visibility_c0f7a7d51fbe46f9be8ca098da06b7fb.png", "pose": [[0.738467812538147, 0.6742887496948242, 0.0, 624.940185546875], [-0.6742887496948242, 0.738467812538147, 0.0, 1989.017822265625], [0.0, 0.0, 1.0, 0.0], [0.0, 0.0, 0.0, 1.0]], "pose_inverse": [[0.738467812538147, -0.6742887496948242, 0.0, 879.674072265625], [0.6742887496948242, 0.738467812538147, 0.0, -1890.2158203125], [0.0, 0.0, 1.0, 0.0], [0.0, 0.0, 0.0, 1.0]], "cam_ids": [0, 1, 2, 3, 4, 5], "cam_channels": ["CAM_FRONT_LEFT", "CAM_FRONT", "CAM_FRONT_RIGHT", "CAM_BACK_LEFT", "CAM_BACK", "CAM_BACK_RIGHT"], "token": "c0f7a7d51fbe46f9be8ca098da06b7fb", "scene": "scene-1077"}, {"images": ["samples/CAM_FRONT_LEFT/n015-2018-11-21-19-38-26+0800__CAM_FRONT_LEFT__1542800371904844.jpg", "samples/CAM_FRONT/n015-2018-11-21-19-38-26+0800__CAM_FRONT__1542800371912471.jpg", "samples/CAM_FRONT_RIGHT/n015-2018-11-21-19-38-26+0800__CAM_FRONT_RIGHT__1542800371920339.jpg", "samples/CAM_BACK_LEFT/n015-2018-11-21-19-38-26+0800__CAM_BACK_LEFT__1542800371947423.jpg", "samples/CAM_BACK/n015-2018-11-21-19-38-26+0800__CAM_BACK__1542800371937525.jpg", "samples/CAM_BACK_RIGHT/n015-2018-11-21-19-38-26+0800__CAM_BACK_RIGHT__1542800371927893.jpg"], "intrinsics": [[[1272.5979470598488, 0.0, 826.6154927353808], [0.0, 1272.5979470598488, 479.75165386361925], [0.0, 0.0, 1.0]], [[1266.417203046554, 0.0, 816.2670197447984], [0.0, 1266.417203046554, 491.50706579294757], [0.0, 0.0, 1.0]], [[1260.8474446004698, 0.0, 807.968244525554], [0.0, 1260.8474446004698, 495.3344268742088], [0.0, 0.0, 1.0]], [[1256.7414812095406, 0.0, 792.1125740759628], [0.0, 1256.7414812095406, 492.7757465151356], [0.0, 0.0, 1.0]], [[809.2209905677063, 0.0, 829.2196003259838], [0.0, 809.2209905677063, 481.77842384512485], [0.0, 0.0, 1.0]], [[1259.5137405846733, 0.0, 807.2529053838625], [0.0, 1259.5137405846733, 501.19579884916527], [0.0, 0.0, 1.0]]], "extrinsics": [[[0.8201478123664856, -0.5721513032913208, 0.0006209387793205678, -0.587646484375], [-0.011457853950560093, -0.01750924438238144, -0.99978107213974, 1.503021240234375], [0.572036862373352, 0.8199611306190491, -0.020915793254971504, -1.0191650390625], [0.0, 0.0, 0.0, 1.0]], [[0.004936704412102699, -0.9997604489326477, 0.021319719031453133, 0.0084228515625], [-0.01613045111298561, -0.021396823227405548, -0.999640941619873, 1.5144596099853516], [0.9998577237129211, 0.004591007716953754, -0.016232216730713844, -1.314208984375], [0.0, 0.0, 0.0, 1.0]], [[-0.8333025574684143, -0.5527187585830688, 0.010427899658679962, 0.78680419921875], [-0.009847412817180157, -0.00401910487562418, -0.9999434351921082, 1.5007407665252686], [0.5527294874191284, -0.8333581686019897, -0.0020937188528478146, -1.0849609375], [0.0, 0.0, 0.0, 1.0]], [[0.9478517174720764, 0.31854793429374695, -0.010214212350547314, -1.137908935546875], [0.0007153108599595726, -0.034174609929323196, -0.9994156360626221, 1.588531494140625], [-0.31871089339256287, 0.9472905993461609, -0.032620321959257126, -0.1044921875], [0.0, 0.0, 0.0, 1.0]], [[0.0026469079311937094, 0.9997040629386902, -0.024184638634324074, 0.0028076171875], [-0.025340747088193893, -0.02410990186035633, -0.9993880987167358, 1.576498031616211], [-0.9996753334999084, 0.003258225740864873, 0.025269431993365288, -0.11114501953125], [0.0, 0.0, 0.0, 1.0]], [[-0.9346813559532166, 0.35536354780197144, -0.009350506588816643, 0.9346923828125], [0.0066259740851819515, -0.008883180096745491, -0.9999386072158813, 1.5528850555419922], [-0.35542479157447815, -0.934686005115509, 0.005948312114924192, -0.1395263671875], [0.0, 0.0, 0.0, 1.0]]], "view": [[0.0, -2.0, 100.0], [-2.0, 0.0, 100.0], [0.0, 0.0, 1.0]], "bev": "bev_1ddf7a48af3d43be8763f154974f09ce.png", "aux": "aux_1ddf7a48af3d43be8763f154974f09ce.npz", "visibility": "visibility_1ddf7a48af3d43be8763f154974f09ce.png", "pose": [[0.7397573590278625, 0.6728737354278564, 0.0, 628.8046875], [-0.6728737354278564, 0.7397573590278625, 0.0, 1985.447021484375], [0.0, 0.0, 1.0, 0.0], [0.0, 0.0, 0.0, 1.0]], "pose_inverse": [[0.7397573590278625, -0.6728737354278564, 0.0, 870.7921752929688], [0.6728737354278564, 0.7397573590278625, 0.0, -1891.855224609375], [0.0, 0.0, 1.0, 0.0], [0.0, 0.0, 0.0, 1.0]], "cam_ids": [0, 1, 2, 3, 4, 5], "cam_channels": ["CAM_FRONT_LEFT", "CAM_FRONT", "CAM_FRONT_RIGHT", "CAM_BACK_LEFT", "CAM_BACK", "CAM_BACK_RIGHT"], "token": "1ddf7a48af3d43be8763f154974f09ce", "scene": "scene-1077"}, {"images": ["samples/CAM_FRONT_LEFT/n015-2018-11-21-19-38-26+0800__CAM_FRONT_LEFT__1542800372354844.jpg", "samples/CAM_FRONT/n015-2018-11-21-19-38-26+0800__CAM_FRONT__1542800372362460.jpg", "samples/CAM_FRONT_RIGHT/n015-2018-11-21-19-38-26+0800__CAM_FRONT_RIGHT__1542800372370339.jpg", "samples/CAM_BACK_LEFT/n015-2018-11-21-19-38-26+0800__CAM_BACK_LEFT__1542800372397423.jpg", "samples/CAM_BACK/n015-2018-11-21-19-38-26+0800__CAM_BACK__1542800372387525.jpg", "samples/CAM_BACK_RIGHT/n015-2018-11-21-19-38-26+0800__CAM_BACK_RIGHT__1542800372377893.jpg"], "intrinsics": [[[1272.5979470598488, 0.0, 826.6154927353808], [0.0, 1272.5979470598488, 479.75165386361925], [0.0, 0.0, 1.0]], [[1266.417203046554, 0.0, 816.2670197447984], [0.0, 1266.417203046554, 491.50706579294757], [0.0, 0.0, 1.0]], [[1260.8474446004698, 0.0, 807.968244525554], [0.0, 1260.8474446004698, 495.3344268742088], [0.0, 0.0, 1.0]], [[1256.7414812095406, 0.0, 792.1125740759628], [0.0, 1256.7414812095406, 492.7757465151356], [0.0, 0.0, 1.0]], [[809.2209905677063, 0.0, 829.2196003259838], [0.0, 809.2209905677063, 481.77842384512485], [0.0, 0.0, 1.0]], [[1259.5137405846733, 0.0, 807.2529053838625], [0.0, 1259.5137405846733, 501.19579884916527], [0.0, 0.0, 1.0]]], "extrinsics": [[[0.8206815719604492, -0.5713779330253601, -0.0030069355852901936, -0.57080078125], [-0.012521049939095974, -0.012722471728920937, -0.9998406171798706, 1.502298355102539], [0.5712486505508423, 0.8205884099006653, -0.01759534887969494, -1.009521484375], [0.0, 0.0, 0.0, 1.0]], [[0.005669507198035717, -0.9998433589935303, 0.016762543469667435, 0.0098876953125], [-0.017880525439977646, -0.01686149463057518, -0.9996979832649231, 1.513540267944336], [0.9998241066932678, 0.005368055310100317, -0.017973320558667183, -1.2989501953125], [0.0, 0.0, 0.0, 1.0]], [[-0.8330157995223999, -0.5531560182571411, 0.010148284956812859, 0.77874755859375], [-0.01235940307378769, 0.0002676809090189636, -0.9999235272407532, 1.499863624572754], [0.5531110167503357, -0.833077609539032, -0.0070596602745354176, -1.078125], [0.0, 0.0, 0.0, 1.0]], [[0.947712242603302, 0.3188401460647583, -0.013511083088815212, -1.1381378173828125], [-0.003965770360082388, -0.030567839741706848, -0.9995248317718506, 1.5885391235351562], [-0.31910163164138794, 0.9473154544830322, -0.02770506963133812, -0.105224609375], [0.0, 0.0, 0.0, 1.0]], [[0.0023854514583945274, 0.9997894763946533, -0.02037987858057022, 0.002197265625], [-0.029321741312742233, -0.020301243290305138, -0.999363899230957, 1.5760164260864258], [-0.9995672106742859, 0.0029814180452376604, 0.029267139732837677, -0.1126708984375], [0.0, 0.0, 0.0, 1.0]], [[-0.9348059296607971, 0.3551247715950012, -0.004915247205644846, 0.928466796875], [0.0034260747488588095, -0.004822101444005966, -0.999982476234436, 1.5522165298461914], [-0.3551422357559204, -0.9348064661026001, 0.003291045781224966, -0.1409912109375], [0.0, 0.0, 0.0, 1.0]]], "view": [[0.0, -2.0, 100.0], [-2.0, 0.0, 100.0], [0.0, 0.0, 1.0]], "bev": "bev_3be9d2705879419f8f3afc08949dca57.png", "aux": "aux_3be9d2705879419f8f3afc08949dca57.npz", "visibility": "visibility_3be9d2705879419f8f3afc08949dca57.png", "pose": [[0.7405737638473511, 0.6719750761985779, 0.0, 632.467529296875], [-0.6719750761985779, 0.7405737638473511, 0.0, 1982.078369140625], [0.0, 0.0, 1.0, 0.0], [0.0, 0.0, 0.0, 1.0]], "pose_inverse": [[0.7405737638473511, -0.6719750761985779, 0.0, 863.5184326171875], [0.6719750761985779, 0.7405737638473511, 0.0, -1892.877685546875], [0.0, 0.0, 1.0, 0.0], [0.0, 0.0, 0.0, 1.0]], "cam_ids": [0, 1, 2, 3, 4, 5], "cam_channels": ["CAM_FRONT_LEFT", "CAM_FRONT", "CAM_FRONT_RIGHT", "CAM_BACK_LEFT", "CAM_BACK", "CAM_BACK_RIGHT"], "token": "3be9d2705879419f8f3afc08949dca57", "scene": "scene-1077"}, {"images": ["samples/CAM_FRONT_LEFT/n015-2018-11-21-19-38-26+0800__CAM_FRONT_LEFT__1542800372904844.jpg", "samples/CAM_FRONT/n015-2018-11-21-19-38-26+0800__CAM_FRONT__1542800372912460.jpg", "samples/CAM_FRONT_RIGHT/n015-2018-11-21-19-38-26+0800__CAM_FRONT_RIGHT__1542800372920339.jpg", "samples/CAM_BACK_LEFT/n015-2018-11-21-19-38-26+0800__CAM_BACK_LEFT__1542800372947423.jpg", "samples/CAM_BACK/n015-2018-11-21-19-38-26+0800__CAM_BACK__1542800372937525.jpg", "samples/CAM_BACK_RIGHT/n015-2018-11-21-19-38-26+0800__CAM_BACK_RIGHT__1542800372927893.jpg"], "intrinsics": [[[1272.5979470598488, 0.0, 826.6154927353808], [0.0, 1272.5979470598488, 479.75165386361925], [0.0, 0.0, 1.0]], [[1266.417203046554, 0.0, 816.2670197447984], [0.0, 1266.417203046554, 491.50706579294757], [0.0, 0.0, 1.0]], [[1260.8474446004698, 0.0, 807.968244525554], [0.0, 1260.8474446004698, 495.3344268742088], [0.0, 0.0, 1.0]], [[1256.7414812095406, 0.0, 792.1125740759628], [0.0, 1256.7414812095406, 492.7757465151356], [0.0, 0.0, 1.0]], [[809.2209905677063, 0.0, 829.2196003259838], [0.0, 809.2209905677063, 481.77842384512485], [0.0, 0.0, 1.0]], [[1259.5137405846733, 0.0, 807.2529053838625], [0.0, 1259.5137405846733, 501.19579884916527], [0.0, 0.0, 1.0]]], "extrinsics": [[[0.820867657661438, -0.571118175983429, -0.00046169033157639205, -0.56103515625], [-0.009838157333433628, -0.01333208940923214, -0.9998626708984375, 1.5034866333007812], [0.5710335969924927, 0.8207595348358154, -0.016562631353735924, -1.004150390625], [0.0, 0.0, 0.0, 1.0]], [[0.005991449113935232, -0.9998334646224976, 0.017234833911061287, 0.0107421875], [-0.015255991369485855, -0.017324531450867653, -0.9997335076332092, 1.514455795288086], [0.9998656511306763, 0.00572696328163147, -0.015357250347733498, -1.29052734375], [0.0, 0.0, 0.0, 1.0]], [[-0.8328292369842529, -0.5534699559211731, 0.008153471164405346, 0.7735595703125], [-0.009762091562151909, -4.1421622881898656e-05, -0.9999523162841797, 1.5005970001220703], [0.5534438490867615, -0.8328691124916077, -0.0053685251623392105, -1.07373046875], [0.0, 0.0, 0.0, 1.0]], [[0.9477357268333435, 0.3188695013523102, -0.010920511558651924, -1.13580322265625], [-0.001277277828194201, -0.030435407534241676, -0.9995359182357788, 1.5885505676269531], [-0.31905385851860046, 0.9473098516464233, -0.02843743935227394, -0.10595703125], [0.0, 0.0, 0.0, 1.0]], [[0.0022585191763937473, 0.9997890591621399, -0.02041621506214142, 0.002075195312