[{"images": ["samples/CAM_FRONT_LEFT/n008-2018-09-18-12-07-26-0400__CAM_FRONT_LEFT__1537287210504799.jpg", "samples/CAM_FRONT/n008-2018-09-18-12-07-26-0400__CAM_FRONT__1537287210512404.jpg", "samples/CAM_FRONT_RIGHT/n008-2018-09-18-12-07-26-0400__CAM_FRONT_RIGHT__1537287210520482.jpg", "samples/CAM_BACK_LEFT/n008-2018-09-18-12-07-26-0400__CAM_BACK_LEFT__1537287210547405.jpg", "samples/CAM_BACK/n008-2018-09-18-12-07-26-0400__CAM_BACK__1537287210537558.jpg", "samples/CAM_BACK_RIGHT/n008-2018-09-18-12-07-26-0400__CAM_BACK_RIGHT__1537287210528113.jpg"], "intrinsics": [[[1257.8625342125129, 0.0, 827.2410631095686], [0.0, 1257.8625342125129, 450.915498205774], [0.0, 0.0, 1.0]], [[1252.8131021185304, 0.0, 826.588114781398], [0.0, 1252.8131021185304, 469.9846626224581], [0.0, 0.0, 1.0]], [[1256.7485116440405, 0.0, 817.7887570959712], [0.0, 1256.7485116440403, 451.9541780095127], [0.0, 0.0, 1.0]], [[1254.9860565800168, 0.0, 829.5769333630991], [0.0, 1254.9860565800168, 467.1680561863987], [0.0, 0.0, 1.0]], [[796.8910634503094, 0.0, 857.7774326863696], [0.0, 796.8910634503094, 476.8848988407415], [0.0, 0.0, 1.0]], [[1249.9629280788233, 0.0, 825.3768045375984], [0.0, 1249.9629280788233, 462.54816385708756], [0.0, 0.0, 1.0]]], "extrinsics": [[[0.8227018117904663, -0.5684261322021484, -0.007309390231966972, -0.7440185546875], [0.0034985525999218225, 0.017920423299074173, -0.9998332858085632, 1.4892692565917969], [0.5684623122215271, 0.8225390911102295, 0.016731834039092064, -1.1610870361328125], [0.0, 0.0, 0.0, 1.0]], [[0.010500805452466011, -0.9998491406440735, -0.013833549804985523, 0.01361083984375], [0.005469135940074921, 0.013891533948481083, -0.9998885989189148, 1.4815120697021484], [0.9999299049377441, 0.010424027219414711, 0.005614183377474546, -1.474609375], [0.0, 0.0, 0.0, 1.0]], [[-0.8438902497291565, -0.5363268256187439, -0.014239639043807983, 0.9205322265625], [0.013508711941540241, 0.005292051006108522, -0.9998947381973267, 1.4958076477050781], [0.5363457202911377, -0.8439938426017761, 0.0027791738975793123, -1.164306640625], [0.0, 0.0, 0.0, 1.0]], [[0.9478605389595032, 0.3186533749103546, -0.004529664758592844, -1.1268310546875], [-0.011744288727641106, 0.020723359659314156, -0.9997162818908691, 1.5618247985839844], [-0.3184691071510315, 0.9476446509361267, 0.02338521182537079, -0.162109375], [0.0, 0.0, 0.0, 1.0]], [[0.009117872454226017, 0.999873697757721, 0.013020886108279228, -0.030029296875], [-0.009667539037764072, 0.013108962215483189, -0.99986732006073, 1.5672054290771484], [-0.9999116659164429, 0.008990803733468056, 0.009785845875740051, -0.0418701171875], [0.0, 0.0, 0.0, 1.0]], [[-0.9238216876983643, 0.38282057642936707, 0.001387124415487051, 1.019287109375], [-0.005519388243556023, -0.009696169756352901, -0.9999377727508545, 1.5470058917999268], [-0.3827832341194153, -0.9237717390060425, 0.01107046753168106, -0.0988311767578125], [0.0, 0.0, 0.0, 1.0]]], "view": [[0.0, -2.0, 100.0], [-2.0, 0.0, 100.0], [0.0, 0.0, 1.0]], "bev": "bev_3b65bd83167f474a9afc2251c5a29006.png", "aux": "aux_3b65bd83167f474a9afc2251c5a29006.npz", "visibility": "visibility_3b65bd83167f474a9afc2251c5a29006.png", "pose": [[0.5649177432060242, -0.8251472115516663, 0.0, 1756.1651611328125], [0.8251472115516663, 0.5649177432060242, 0.0, 920.3670654296875], [0.0, 0.0, 1.0, 0.0], [0.0, 0.0, 0.0, 1.0]], "pose_inverse": [[0.5649177432060242, 0.8251472115516663, 0.0, -1751.5272216796875], [-0.8251472115516663, 0.5649177432060242, 0.0, 929.1630859375], [0.0, 0.0, 1.0, 0.0], [0.0, 0.0, 0.0, 1.0]], "cam_ids": [0, 1, 2, 3, 4, 5], "cam_channels": ["CAM_FRONT_LEFT", "CAM_FRONT", "CAM_FRONT_RIGHT", "CAM_BACK_LEFT", "CAM_BACK", "CAM_BACK_RIGHT"], "token": "3b65bd83167f474a9afc2251c5a29006", "scene": "scene-0450"}, {"images": ["samples/CAM_FRONT_LEFT/n008-2018-09-18-12-07-26-0400__CAM_FRONT_LEFT__1537287211004799.jpg", "samples/CAM_FRONT/n008-2018-09-18-12-07-26-0400__CAM_FRONT__1537287211012404.jpg", "samples/CAM_FRONT_RIGHT/n008-2018-09-18-12-07-26-0400__CAM_FRONT_RIGHT__1537287211020482.jpg", "samples/CAM_BACK_LEFT/n008-2018-09-18-12-07-26-0400__CAM_BACK_LEFT__1537287211047405.jpg", "samples/CAM_BACK/n008-2018-09-18-12-07-26-0400__CAM_BACK__1537287211037558.jpg", "samples/CAM_BACK_RIGHT/n008-2018-09-18-12-07-26-0400__CAM_BACK_RIGHT__1537287211028113.jpg"], "intrinsics": [[[1257.8625342125129, 0.0, 827.2410631095686], [0.0, 1257.8625342125129, 450.915498205774], [0.0, 0.0, 1.0]], [[1252.8131021185304, 0.0, 826.588114781398], [0.0, 1252.8131021185304, 469.9846626224581], [0.0, 0.0, 1.0]], [[1256.7485116440405, 0.0, 817.7887570959712], [0.0, 1256.7485116440403, 451.9541780095127], [0.0, 0.0, 1.0]], [[1254.9860565800168, 0.0, 829.5769333630991], [0.0, 1254.9860565800168, 467.1680561863987], [0.0, 0.0, 1.0]], [[796.8910634503094, 0.0, 857.7774326863696], [0.0, 796.8910634503094, 476.8848988407415], [0.0, 0.0, 1.0]], [[1249.9629280788233, 0.0, 825.3768045375984], [0.0, 1249.9629280788233, 462.54816385708756], [0.0, 0.0, 1.0]]], "extrinsics": [[[0.8221721053123474, -0.5691614151000977, -0.00939871370792389, -0.7403564453125], [0.005459144711494446, 0.024394016712903976, -0.9996874928474426, 1.4899492263793945], [0.5692128539085388, 0.8218638300895691, 0.023163214325904846, -1.15447998046875], [0.0, 0.0, 0.0, 1.0]], [[0.009671630337834358, -0.999747097492218, -0.02030033990740776, 0.0108642578125], [0.007467261515557766, 0.02037293277680874, -0.999764621257782, 1.4820904731750488], [0.9999252557754517, 0.009517758153378963, 0.0076624141074717045, -1.468994140625], [0.0, 0.0, 0.0, 1.0]], [[-0.8442363739013672, -0.5356186032295227, -0.019434770569205284, 0.9150390625], [0.015543610788881779, 0.011778142303228378, -0.9998098015785217, 1.4962997436523438], [0.5357456207275391, -0.844377875328064, -0.0016180885722860694, -1.16357421875], [0.0, 0.0, 0.0, 1.0]], [[0.947887659072876, 0.3186042010784149, -0.0005439907545223832, -1.123779296875], [-0.009725944139063358, 0.027229206636548042, -0.9995819330215454, 1.56182861328125], [-0.31845617294311523, 0.9474966526031494, 0.02890895865857601, -0.1630859375], [0.0, 0.0, 0.0, 1.0]], [[0.009413558058440685, 0.9997649192810059, 0.019533785060048103, -0.02899169921875], [-0.007645424921065569, 0.01960603892803192, -0.9997785091400146, 1.5673580169677734], [-0.9999264478683472, 0.00926208309829235, 0.007828190922737122, -0.045654296875], [0.0, 0.0, 0.0, 1.0]], [[-0.9236090183258057, 0.38333067297935486, 0.001987580442801118, 1.0157470703125], [-0.003480092855170369, -0.0032000765204429626, -0.9999887943267822, 1.5472745895385742], [-0.3833199441432953, -0.9236055612564087, 0.004289646167308092, -0.1019744873046875], [0.0, 0.0, 0.0, 1.0]]], "view": [[0.0, -2.0, 100.0], [-2.0, 0.0, 100.0], [0.0, 0.0, 1.0]], "bev": "bev_67a40939c6564def83e19b8203615755.png", "aux": "aux_67a40939c6564def83e19b8203615755.npz", "visibility": "visibility_67a40939c6564def83e19b8203615755.png", "pose": [[0.5641117691993713, -0.8256984353065491, 0.0, 1758.1795654296875], [0.8256984353065491, 0.5641117691993713, 0.0, 923.2052612304688], [0.0, 0.0, 1.0, 0.0], [0.0, 0.0, 0.0, 1.0]], "pose_inverse": [[0.5641117691993713, 0.8256984353065491, 0.0, -1754.0989990234375], [-0.8256984353065491, 0.5641117691993713, 0.0, 930.9351196289062], [0.0, 0.0, 1.0, 0.0], [0.0, 0.0, 0.0, 1.0]], "cam_ids": [0, 1, 2, 3, 4, 5], "cam_channels": ["CAM_FRONT_LEFT", "CAM_FRONT", "CAM_FRONT_RIGHT", "CAM_BACK_LEFT", "CAM_BACK", "CAM_BACK_RIGHT"], "token": "67a40939c6564def83e19b8203615755", "scene": "scene-0450"}, {"images": ["samples/CAM_FRONT_LEFT/n008-2018-09-18-12-07-26-0400__CAM_FRONT_LEFT__1537287211505494.jpg", "samples/CAM_FRONT/n008-2018-09-18-12-07-26-0400__CAM_FRONT__1537287211512404.jpg", "samples/CAM_FRONT_RIGHT/n008-2018-09-18-12-07-26-0400__CAM_FRONT_RIGHT__1537287211520482.jpg", "samples/CAM_BACK_LEFT/n008-2018-09-18-12-07-26-0400__CAM_BACK_LEFT__1537287211547405.jpg", "samples/CAM_BACK/n008-2018-09-18-12-07-26-0400__CAM_BACK__1537287211538383.jpg", "samples/CAM_BACK_RIGHT/n008-2018-09-18-12-07-26-0400__CAM_BACK_RIGHT__1537287211528331.jpg"], "intrinsics": [[[1257.8625342125129, 0.0, 827.2410631095686], [0.0, 1257.8625342125129, 450.915498205774], [0.0, 0.0, 1.0]], [[1252.8131021185304, 0.0, 826.588114781398], [0.0, 1252.8131021185304, 469.9846626224581], [0.0, 0.0, 1.0]], [[1256.7485116440405, 0.0, 817.7887570959712], [0.0, 1256.7485116440403, 451.9541780095127], [0.0, 0.0, 1.0]], [[1254.9860565800168, 0.0, 829.5769333630991], [0.0, 1254.9860565800168, 467.1680561863987], [0.0, 0.0, 1.0]], [[796.8910634503094, 0.0, 857.7774326863696], [0.0, 796.8910634503094, 476.8848988407415], [0.0, 0.0, 1.0]], [[1249.9629280788233, 0.0, 825.3768045375984], [0.0, 1249.9629280788233, 462.54816385708756], [0.0, 0.0, 1.0]]], "extrinsics": [[[0.8228071928024292, -0.5681624412536621, -0.013411307707428932, -0.7669677734375], [0.003978420048952103, 0.029355855658650398, -0.999561071395874, 1.4900836944580078], [0.5683068037033081, 0.8223927021026611, 0.026414595544338226, -1.144744873046875], [0.0, 0.0, 0.0, 1.0]], [[0.010578258894383907, -0.9996268153190613, -0.025187164545059204, -0.00885009765625], [0.005961104761809111, 0.025251168757677078, -0.9996633529663086, 1.4821186065673828], [0.9999262690544128, 0.01042458601295948, 0.006225992925465107, -1.4783935546875], [0.0, 0.0, 0.0, 1.0]], [[-0.8439114689826965, -0.53608238697052, -0.020715761929750443, 0.91326904296875], [0.014014904387295246, 0.016571227461099625, -0.9997644424438477, 1.4961199760437012], [0.5362994074821472, -0.8440030217170715, -0.006471505854278803, -1.180908203125], [0.0, 0.0, 0.0, 1.0]], [[0.9478648900985718, 0.31867197155952454, -0.0006224897224456072, -1.1279296875], [-0.011350846849381924, 0.031809937208890915, -0.99942946434021, 1.5618896484375], [-0.3184703290462494, 0.9473311305046082, 0.03376871719956398, -0.160400390625], [0.0, 0.0, 0.0, 1.0]], [[0.009230492636561394, 0.9996652007102966, 0.024171749129891396, -0.02276611328125], [-0.009257973171770573, 0.024257175624370575, -0.9996628761291504, 1.5674629211425781], [-0.9999145865440369, 0.009003616869449615, 0.009478780440986156, -0.03466796875], [0.0, 0.0, 0.0, 1.0]], [[-0.9237552881240845, 0.3829471170902252, 0.005256298463791609, 1.02734375], [-0.005058995448052883, 0.0015222758520394564, -0.9999860525131226, 1.5470752716064453], [-0.38294973969459534, -0.9237690567970276, 0.0005311184795573354, -0.1099853515625], [0.0, 0.0, 0.0, 1.0]]], "view": [[0.0, -2.0, 100.0], [-2.0, 0.0, 100.0], [0.0, 0.0, 1.0]], "bev": "bev_9c4ed75ddb504e93a10b3db20b3e194d.png", "aux": "aux_9c4ed75ddb504e93a10b3db20b3e194d.npz", "visibility": "visibility_9c4ed75ddb504e93a10b3db20b3e194d.png", "pose": [[0.5642135739326477, -0.8256288766860962, 0.0, 1760.0858154296875], [0.8256288766860962, 0.5642135739326477, 0.0, 926.171142578125], [0.0, 0.0, 1.0, 0.0], [0.0, 0.0, 0.0, 1.0]], "pose_inverse": [[0.5642135739326477, 0.8256288766860962, 0.0, -1757.7379150390625], [-0.8256288766860962, 0.5642135739326477, 0.0, 930.619384765625], [0.0, 0.0, 1.0, 0.0], [0.0, 0.0, 0.0, 1.0]], "cam_ids": [0, 1, 2, 3, 4, 5], "cam_channels": ["CAM_FRONT_LEFT", "CAM_FRONT", "CAM_FRONT_RIGHT", "CAM_BACK_LEFT", "CAM_BACK", "CAM_BACK_RIGHT"], "token": "9c4ed75ddb504e93a10b3db20b3e194d", "scene": "scene-0450"}, {"images": ["samples/CAM_FRONT_LEFT/n008-2018-09-18-12-07-26-0400__CAM_FRONT_LEFT__1537287212004799.jpg", "samples/CAM_FRONT/n008-2018-09-18-12-07-26-0400__CAM_FRONT__1537287212012404.jpg", "samples/CAM_FRONT_RIGHT/n008-2018-09-18-12-07-26-0400__CAM_FRONT_RIGHT__1537287212020482.jpg", "samples/CAM_BACK_LEFT/n008-2018-09-18-12-07-26-0400__CAM_BACK_LEFT__1537287212047405.jpg", "samples/CAM_BACK/n008-2018-09-18-12-07-26-0400__CAM_BACK__1537287212037558.jpg", "samples/CAM_BACK_RIGHT/n008-2018-09-18-12-07-26-0400__CAM_BACK_RIGHT__1537287212028113.jpg"], "intrinsics": [[[1257.8625342125129, 0.0, 827.2410631095686], [0.0, 1257.8625342125129, 450.915498205774], [0.0, 0.0, 1.0]], [[1252.8131021185304, 0.0, 826.588114781398], [0.0, 1252.8131021185304, 469.9846626224581], [0.0, 0.0, 1.0]], [[1256.7485116440405, 0.0, 817.7887570959712], [0.0, 1256.7485116440403, 451.9541780095127], [0.0, 0.0, 1.0]], [[1254.9860565800168, 0.0, 829.5769333630991], [0.0, 1254.9860565800168, 467.1680561863987], [0.0, 0.0, 1.0]], [[796.8910634503094, 0.0, 857.7774326863696], [0.0, 796.8910634503094, 476.8848988407415], [0.0, 0.0, 1.0]], [[1249.9629280788233, 0.0, 825.3768045375984], [0.0, 1249.9629280788233, 462.54816385708756], [0.0, 0.0, 1.0]]], "extrinsics": [[[0.8224422335624695, -0.56858891248703, -0.017190098762512207, -0.7626953125], [0.0010304300813004375, 0.03170817345380783, -0.999496579170227, 1.4889659881591797], [0.5688477754592896, 0.8220105171203613, 0.02666403166949749, -1.1520843505859375], [0.0, 0.0, 0.0, 1.0]], [[0.010054489597678185, -0.9995695948600769, -0.027559474110603333, -0.00152587890625], [0.002938435412943363, 0.02759028598666191, -0.9996150135993958, 1.4811592102050781], [0.9999451637268066, 0.009969652630388737, 0.003214580239728093, -1.4832763671875], [0.0, 0.0, 0.0, 1.0]], [[-0.8441203832626343, -0.5358048677444458, -0.01933702826499939, 0.919921875], [0.0109093664214015, 0.018894201144576073, -0.9997619390487671, 1.4953670501708984], [0.5360426902770996, -0.8441303372383118, -0.010103688575327396, -1.177978515625], [0.0, 0.0, 0.0, 1.0]], [[0.9478572010993958, 0.3186812400817871, -0.002994751324877143, -1.126220703125], [-0.014598717913031578, 0.0340302474796772, -0.9993141293525696, 1.5618019104003906], [-0.3183608651161194, 0.9472508430480957, 0.03690815716981888, -0.161376953125], [0.0, 0.0, 0.0, 1.0]], [[0.009346043691039085, 0.9996076226234436, 0.026405178010463715, -0.02496337890625], [-0.012359478510916233, 0.026519792154431343, -0.9995718598365784, 1.5671043395996094], [-0.9998799562454224, 0.009015713818371296, 0.012602483853697777, -0.03955078125], [0.0, 0.0, 0.0, 1.0]], [[-0.9236913323402405, 0.3830309510231018, 0.009034458547830582, 1.02734375], [-0.008195869624614716, 0.003821196034550667, -0.9999591112136841, 1.546630859375], [-0.38304975628852844, -0.9237276315689087, -0.00039033443317748606, -0.1049041748046875], [0.0, 0.0, 0.0, 1.0]]], "view": [[0.0, -2.0, 100.0], [-2.0, 0.0, 100.0], [0.0, 0.0, 1.0]], "bev": "bev_a54e4b6125b743db88bbe67e0b8b82c2.png", "aux": "aux_a54e4b6125b743db88bbe67e0b8b82c2.npz", "visibility": "visibility_a54e4b6125b743db88bbe67e0b8b82c2.png", "pose": [[0.5698199272155762, -0.8217695951461792, 0.0, 1761.8876953125], [0.8217695951461792, 0.5698199272155762, 0.0, 929.1029663085938], [0.0, 0.0, 1.0, 0.0], [0.0, 0.0, 0.0, 1.0]], "pose_inverse": [[0.5698199272155762, 0.8217695951461792, 0.0, -1767.46728515625], [-0.8217695951461792, 0.5698199272155762, 0.0, 918.4442749023438], [0.0, 0.0, 1.0, 0.0], [0.0, 0.0, 0.0, 1.0]], "cam_ids": [0, 1, 2, 3, 4, 5], "cam_channels": ["CAM_FRONT_LEFT", "CAM_FRONT", "CAM_FRONT_RIGHT", "CAM_BACK_LEFT", "CAM_BACK", "CAM_BACK_RIGHT"], "token": "a54e4b6125b743db88bbe67e0b8b82c2", "scene": "scene-0450"}, {"images": ["samples/CAM_FRONT_LEFT/n008-2018-09-18-12-07-26-0400__CAM_FRONT_LEFT__1537287212604799.jpg", "samples/CAM_FRONT/n008-2018-09-18-12-07-26-0400__CAM_FRONT__1537287212612404.jpg", "samples/CAM_FRONT_RIGHT/n008-2018-09-18-12-07-26-0400__CAM_FRONT_RIGHT__1537287212620482.jpg", "samples/CAM_BACK_LEFT/n008-2018-09-18-12-07-26-0400__CAM_BACK_LEFT__1537287212647405.jpg", "samples/CAM_BACK/n008-2018-09-18-12-07-26-0400__CAM_BACK__1537287212637558.jpg", "samples/CAM_BACK_RIGHT/n008-2018-09-18-12-07-26-0400__CAM_BACK_RIGHT__1537287212628113.jpg"], "intrinsics": [[[1257.8625342125129, 0.0, 827.2410631095686], [0.0, 1257.8625342125129, 450.915498205774], [0.0, 0.0, 1.0]], [[1252.8131021185304, 0.0, 826.588114781398], [0.0, 1252.8131021185304, 469.9846626224581], [0.0, 0.0, 1.0]], [[1256.7485116440405, 0.0, 817.7887570959712], [0.0, 1256.7485116440403, 451.9541780095127], [0.0, 0.0, 1.0]], [[1254.9860565800168, 0.0, 829.5769333630991], [0.0, 1254.9860565800168, 467.1680561863987], [0.0, 0.0, 1.0]], [[796.8910634503094, 0.0, 857.7774326863696], [0.0, 796.8910634503094, 476.8848988407415], [0.0, 0.0, 1.0]], [[1249.9629280788233, 0.0, 825.3768045375984], [0.0, 1249.9629280788233, 462.54816385708756], [0.0, 0.0, 1.0]]], "extrinsics": [[[0.8224543929100037, -0.5685784220695496, -0.016957102343440056, -0.7364501953125], [0.0024555018171668053, 0.03335890546441078, -0.9994403719902039, 1.4892330169677734], [0.568825900554657, 0.8219524621963501, 0.028832320123910904, -1.142822265625], [0.0, 0.0, 0.0, 1.0]], [[0.010131102055311203, -0.9995235204696655, -0.029156014323234558, 0.0048828125], [0.004561285022646189, 0.029203400015830994, -0.9995630979537964, 1.4815120697021484], [0.9999383091926575, 0.009993646293878555, 0.004854972939938307, -1.4605712890625], [0.0, 0.0, 0.0, 1.0]], [[-0.8440552949905396, -0.5358156561851501, -0.021729793399572372, 0.906982421875], [0.012743877246975899, 0.020467743277549744, -0.9997093081474304, 1.4958782196044922], [0.536104679107666, -0.8440868854522705, -0.010447540320456028, -1.1640625], [0.0, 0.0, 0.0, 1.0]], [[0.9478583931922913, 0.3186919689178467, -3.7058292946312577e-05, -1.12451171875], [-0.0119676748290658, 0.03547823429107666, -0.9992988109588623, 1.5618057250976562], [-0.3184671998023987, 0.9471941590309143, 0.037442341446876526, -0.1624755859375], [0.0, 0.0, 0.0, 1.0]], [[0.009236587211489677, 0.9995678067207336, 0.027909524738788605, -0.02691650390625], [-0.010052950121462345, 0.02800212800502777, -0.9995572566986084, 1.567169189453125], [-0.9999068379402161, 0.00895192101597786, 0.010307248681783676, -0.0477294921875], [0.0, 0.0, 0.0, 1.0]], [[-0.923735499382019, 0.38295289874076843, 0.007723873946815729, 1.012939453125], [-0.006140538956969976, 0.005356752313673496, -0.9999668002128601, 1.5468330383300781], [-0.382981538772583, -0.9237523078918457, -0.0025966858956962824, -0.1071929931640625], [0.0, 0.0, 0.0, 1.0]]], "view": [[0.0, -2.0, 100.0], [-2.0, 0.0, 100.0], [0.0, 0.0, 1.0]], "bev": "bev_f808a774831e4f52a6322d3139c967a5.png", "aux": "aux_f808a774831e4f52a6322d3139c967a5.npz", "visibility": "visibility_f808a774831e4f52a6322d3139c967a5.png", "pose": [[0.5708800554275513, -0.8210334777832031, 0.0, 1764.22119140625], [0.8210334777832031, 0.5708800554275513, 0.0, 932.6309814453125], [0.0, 0.0, 1.0, 0.0], [0.0, 0.0, 0.0, 1.0]], "pose_inverse": [[0.5708800554275513, 0.8210334777832031, 0.0, -1772.8798828125], [-0.8210334777832031, 0.5708800554275513, 0.0, 916.0642700195312], [0.0, 0.0, 1.0, 0.0], [0.0, 0.0, 0.0, 1.0]], "cam_ids": [0, 1, 2, 3, 4, 5], "cam_channels": ["CAM_FRONT_LEFT", "CAM_FRONT", "CAM_FRONT_RIGHT", "CAM_BACK_LEFT", "CAM_BACK", "CAM_BACK_RIGHT"], "token": "f808a774831e4f52a6322d3139c967a5", "scene": "scene-0450"}, {"images": ["samples/CAM_FRONT_LEFT/n008-2018-09-18-12-07-26-0400__CAM_FRONT_LEFT__1537287213104799.jpg", "samples/CAM_FRONT/n008-2018-09-18-12-07-26-0400__CAM_FRONT__1537287213112404.jpg", "samples/CAM_FRONT_RIGHT/n008-2018-09-18-12-07-26-0400__CAM_FRONT_RIGHT__1537287213120482.jpg", "samples/CAM_BACK_LEFT/n008-2018-09-18-12-07-26-0400__CAM_BACK_LEFT__1537287213147405.jpg", "samples/CAM_BACK/n008-2018-09-18-12-07-26-0400__CAM_BACK__1537287213137558.jpg", "samples/CAM_BACK_RIGHT/n008-2018-09-18-12-07-26-0400__CAM_BACK_RIGHT__1537287213128113.jpg"], "intrinsics": [[[1257.8625342125129, 0.0, 827.2410631095686], [0.0, 1257.8625342125129, 450.915498205774], [0.0, 0.0, 1.0]], [[1252.8131021185304, 0.0, 826.588114781398], [0.0, 1252.8131021185304, 469.9846626224581], [0.0, 0.0, 1.0]], [[1256.7485116440405, 0.0, 817.7887570959712], [0.0, 1256.7485116440403, 451.9541780095127], [0.0, 0.0, 1.0]], [[1254.9860565800168, 0.0, 829.5769333630991], [0.0, 1254.9860565800168, 467.1680561863987], [0.0, 0.0, 1.0]], [[796.8910634503094, 0.0, 857.7774326863696], [0.0, 796.8910634503094, 476.8848988407415], [0.0, 0.0, 1.0]], [[1249.9629280788233, 0.0, 825.3768045375984], [0.0, 1249.9629280788233, 462.54816385708756], [0.0, 0.0, 1.0]]], "extrinsics": [[[0.8228111863136292, -0.5681803226470947, -0.012361102737486362, -0.7420654296875], [0.008044416084885597, 0.033392295241355896, -0.9994099140167236, 1.4908733367919922], [0.5682578086853027, 0.8222262859344482, 0.03204623609781265, -1.15142822265625], [0.0, 0.0, 0.0, 1.0]], [[0.010686059482395649, -0.9995152950286865, -0.029238199815154076, 0.008056640625], [0.00994498934596777, 0.029344657436013222, -0.9995198845863342, 1.4828176498413086], [0.9998934268951416, 0.010390179231762886, 0.01025374885648489, -1.4683837890625], [0.0, 0.0, 0.0, 1.0]], [[-0.8437641859054565, -0.5360727310180664, -0.026231851428747177, 0.91357421875], [0.01791001483798027, 0.020725131034851074, -0.9996247887611389, 1.4968280792236328], [0.5364152193069458, -0.8439173698425293, -0.007886052131652832, -1.1651611328125], [0.0, 0.0, 0.0, 1.0]], [[0.9478470683097839, 0.31870338320732117, 0.0037494394928216934, -1.1258544921875], [-0.008039943873882294, 0.03566817194223404, -0.9993312954902649, 1.5618858337402344], [-0.3186240792274475, 0.9471831321716309, 0.036370329558849335, -0.1622314453125], [0.0, 0.0, 0.0, 1.0]], [[0.008988437242805958, 0.9995594620704651, 0.028285088017582893, -0.0281982421875], [-0.005674769636243582, 0.028336763381958008, -0.9995822906494141, 1.5675544738769531], [-0.9999434947967529, 0.008824183605611324, 0.005926973652094603, -0.0447998046875], [0.0, 0.0, 0.0, 1.0]], [[-0.9238508939743042, 0.3827379047870636, 0.0033681208733469248, 1.0162353515625], [-0.0012828827602788806, 0.0057033053599298, -0.9999828934669495, 1.5476117134094238], [-0.3827504813671112, -0.9238393902778625, -0.004777994938194752, -0.1033477783203125], [0.0, 0.0, 0.0, 1.0]]], "view": [[0.0, -2.0, 100.0], [-2.0, 0.0, 100.0], [0.0, 0.0, 1.0]], "bev": "bev_4c80c3d289b0423c87822ad3a5c4cdde.png", "aux": "aux_4c80c3d289b0423c87822ad3a5c4cdde.npz", "visibility": "visibility_4c80c3d289b0423c87822ad3a5c4cdde.png", "pose": [[0.571288526058197, -0.8207492828369141, 0.0, 1766.2430419921875], [0.8207492828369141, 0.571288526058197, 0.0, 935.5828247070312], [0.0, 0.0, 1.0, 0.0], [0.0, 0.0, 0.0, 1.0]], "pose_inverse": [[0.571288526058197, 0.8207492828369141, 0.0, -1776.913330078125], [-0.8207492828369141, 0.571288526058197, 0.0, 915.155029296875], [0.0, 0.0, 1.0, 0.0], [0.0, 0.0, 0.0, 1.0]], "cam_ids": [0, 1, 2, 3, 4, 5], "cam_channels": ["CAM_FRONT_LEFT", "CAM_FRONT", "CAM_FRONT_RIGHT", "CAM_BACK_LEFT", "CAM_BACK", "CAM_BACK_RIGHT"], "token": "4c80c3d289b0423c87822ad3a5c4cdde", "scene": "scene-0450"}, {"images": ["samples/CAM_FRONT_LEFT/n008-2018-09-18-12-07-26-0400__CAM_FRONT_LEFT__1537287213604799.jpg", "samples/CAM_FRONT/n008-2018-09-18-12-07-26-0400__CAM_FRONT__1537287213612404.jpg", "samples/CAM_FRONT_RIGHT/n008-2018-09-18-12-07-26-0400__CAM_FRONT_RIGHT__1537287213620482.jpg", "samples/CAM_BACK_LEFT/n008-2018-09-18-12-07-26-0400__CAM_BACK_LEFT__1537287213647405.jpg", "samples/CAM_BACK/n008-2018-09-18-12-07-26-0400__CAM_BACK__1537287213637558.jpg", "samples/CAM_BACK_RIGHT/n008-2018-09-18-12-07-26-0400__CAM_BACK_RIGHT__1537287213628113.jpg"], "intrinsics": [[[1257.8625342125129, 0.0, 827.2410631095686], [0.0, 1257.8625342125129, 450.915498205774], [0.0, 0.0, 1.0]], [[1252.8131021185304, 0.0, 826.588114781398], [0.0, 1252.8131021185304, 469.9846626224581], [0.0, 0.0, 1.0]], [[1256.7485116440405, 0.0, 817.7887570959712], [0.0, 1256.7485116440403, 451.9541780095127], [0.0, 0.0, 1.0]], [[1254.9860565800168, 0.0, 829.5769333630991], [0.0, 1254.9860565800168, 467.1680561863987], [0.0, 0.0, 1.0]], [[796.8910634503094, 0.0, 857.7774326863696], [0.0, 796.8910634503094, 476.8848988407415], [0.0, 0.0, 1.0]], [[1249.9629280788233, 0.0, 825.3768045375984], [0.0, 1249.9629280788233, 462.54816385708756], [0.0, 0.0, 1.0]]], "extrinsics": [[[0.8226484060287476, -0.5683771371841431, -0.014038545079529285, -0.7349853515625], [0.0048600370064377785, 0.03172086924314499, -0.9994849562644958, 1.4898204803466797], [0.5685296654701233, 0.8221564292907715, 0.028857456520199776, -1.149169921875], [0.0, 0.0, 0.0, 1.0]], [[0.010395867750048637, -0.9995655417442322, -0.027579890564084053, 0.00982666015625], [0.006905835121870041, 0.027652490884065628, -0.9995937347412109, 1.4820013046264648], [0.9999220967292786, 0.010201141238212585, 0.007190305273979902, -1.462646484375], [0.0, 0.0, 0.0, 1.0]], [[-0.8439390063285828, -0.5359512567520142, -0.022874724119901657, 0.9102783203125], [0.015024393796920776, 0.019009817391633987, -0.9997063875198364, 1.496264934539795], [0.5362287759780884, -0.8440348505973816, -0.007990783080458641, -1.16162109375], [0.0, 0.0, 0.0, 1.0]], [[0.947859525680542, 0.31868666410446167, 0.0010377162834629416, -1.123291015625], [-0.010469971224665642, 0.03439461067318916, -0.9993534684181213, 1.5618095397949219], [-0.31851643323898315, 0.9472357630729675, 0.035937901586294174, -0.1632080078125], [0.0, 0.0, 0.0, 1.0]], [[0.009174021892249584, 0.9996013641357422, 0.026699528098106384, -0.0286865234375], [-0.008323888294398785, 0.026776066049933434, -0.999606728553772, 1.5672760009765625], [-0.9999232292175293, 0.008948179893195629, 0.008566216565668583, -0.0477294921875], [0.0, 0.0, 0.0, 1.0]], [[-0.9237685799598694, 0.3829151690006256, 0.005238812416791916, 1.0126953125], [-0.004013445693999529, 0.003998882137238979, -0.9999839663505554, 1.5471668243408203], [-0.38293004035949707, -0.923774778842926, -0.002157231094315648, -0.103851318359375], [0.0, 0.0, 0.0, 1.0]]], "view": [[0.0, -2.0, 100.0], [-2.0, 0.0, 100.0], [0.0, 0.0, 1.0]], "bev": "bev_d550f30a81c545b1b3fea0f4613b37d3.png", "aux": "aux_d550f30a81c545b1b3fea0f4613b37d3.npz", "visibility": "visibility_d550f30a81c545b1b3fea0f4613b37d3.png", "pose": [[0.5708872675895691, -0.8210284113883972, 0.0, 1768.266357421875], [0.8210284113883972, 0.5708872675895691, 0.0, 938.4716796875], [0.0, 0.0, 1.0, 0.0], [0.0, 0.0, 0.0, 1.0]], "pose_inverse": [[0.5708872675895691, 0.8210284113883972, 0.0, -1779.99267578125], [-0.8210284113883972, 0.5708872675895691, 0.0, 916.035400390625], [0.0, 0.0, 1.0, 0.0], [0.0, 0.0, 0.0, 1.0]], "cam_ids": [0, 1, 2, 3, 4, 5], "cam_channels": ["CAM_FRONT_LEFT", "CAM_FRONT", "CAM_FRONT_RIGHT", "CAM_BACK_LEFT", "CAM_BACK", "CAM_BACK_RIGHT"], "token": "d550f30a81c545b1b3fea0f4613b37d3", "scene": "scene-0450"}, {"images": ["samples/CAM_FRONT_LEFT/n008-2018-09-18-12-07-26-0400__CAM_FRONT_LEFT__1537287214104799.jpg", "samples/CAM_FRONT/n008-2018-09-18-12-07-26-0400__CAM_FRONT__1537287214112404.jpg", "samples/CAM_FRONT_RIGHT/n008-2018-09-18-12-07-26-0400__CAM_FRONT_RIGHT__1537287214120482.jpg", "samples/CAM_BACK_LEFT/n008-2018-09-18-12-07-26-0400__CAM_BACK_LEFT__1537287214147405.jpg", "samples/CAM_BACK/n008-2018-09-18-12-07-26-0400__CAM_BACK__1537287214137558.jpg", "samples/CAM_BACK_RIGHT/n008-2018-09-18-12-07-26-0400__CAM_BACK_RIGHT__1537287214128113.jpg"], "intrinsics": [[[1257.8625342125129, 0.0, 827.2410631095686], [0.0, 1257.8625342125129, 450.915498205774], [0.0, 0.0, 1.0]], [[1252.8131021185304, 0.0, 826.588114781398], [0.0, 1252.8131021185304, 469.9846626224581], [0.0, 0.0, 1.0]], [[1256.7485116440405, 0.0, 817.7887570959712], [0.0, 1256.7485116440403, 451.9541780095127], [0.0, 0.0, 1.0]], [[1254.9860565800168, 0.0, 829.5769333630991], [0.0, 1254.9860565800168, 467.1680561863987], [0.0, 0.0, 1.0]], [[796.8910634503094, 0.0, 857.7774326863696], [0.0, 796.8910634503094, 476.8848988407415], [0.0, 0.0, 1.0]], [[1249.9629280788233, 0.0, 825.3768045375984], [0.0, 1249.9629280788233, 462.54816385708756], [0.0, 0.0, 1.0]]], "extrinsics": [[[0.8223757147789001, -0.5687910318374634, -0.013233301229774952, -0.732666015625], [0.007736807223409414, 0.03443728759884834, -0.9993768930435181, 1.4907894134521484], [0.5688923597335815, 0.821760892868042, 0.032721009105443954, -1.14703369140625], [0.0, 0.0, 0.0, 1.0]], [[0.010059748776257038, -0.9994900822639465, -0.030305061489343643, 0.009521484375], [0.009857782162725925, 0.03040424920618534, -0.9994890689849854, 1.4828424453735352], [0.9999008178710938, 0.009755830280482769, 0.010158613324165344, -1.4591064453125], [0.0, 0.0, 0.0, 1.0]], [[-0.8440324664115906, -0.5356157422065735, -0.026926299557089806, 0.907958984375], [0.01805669441819191, 0.021797485649585724, -0.9995993375778198, 1.4969663619995117], [0.5359880328178406, -0.8441804647445679, -0.008726336061954498, -1.160400390625], [0.0, 0.0, 0.0, 1.0]], [[0.9478565454483032, 0.3186546862125397, 0.00521762203425169, -1.123779296875], [-0.0070427474565804005, 0.03731115907430649, -0.9992789030075073, 1.5618934631347656], [-0.31861957907676697, 0.9471362829208374, 0.037609830498695374, -0.1629638671875], [0.0, 0.0, 0.0, 1.0]], [[0.00920032151043415, 0.9995188117027283, 0.02962377667427063, -0.02838134765625], [-0.005063795484602451, 0.02967122197151184, -0.9995468258857727, 1.5675773620605469], [-0.9999449253082275, 0.009046155028045177, 0.005334342829883099, -0.048583984375], [0.0, 0.0, 0.0, 1.0]], [[-0.9236997961997986, 0.3831014931201935, 0.003458549967035651, 1.01123046875], [-0.0009074158151634037, 0.00683966837823391, -0.9999762177467346, 1.5476608276367188], [-0.3831159472465515, -0.9236809611320496, -0.005970168858766556, -0.1047821044921875], [0.0, 0.0, 0.0, 1.0]]], "view": [[0.0, -2.0, 100.0], [-2.0, 0.0, 100.0], [0.0, 0.0, 1.0]], "bev": "bev_3171826553c94939b5168d5fd5187478.png", "aux": "aux_3171826553c94939b5168d5fd5187478.npz", "visibility": "visibility_3171826553c94939b5168d5fd5187478.png", "pose": [[0.5699219107627869, -0.8216989040374756, 0.0, 1770.318603515625], [0.8216989040374756, 0.5699219107627869, 0.0, 941.3807983398438], [0.0, 0.0, 1.0, 0.0], [0.0, 0.0, 0.0, 1.0]], "pose_inverse": [[0.5699219107627869, 0.8216989040374756, 0.0, -1782.474853515625], [-0.8216989040374756, 0.5699219107627869, 0.0, 918.1552734375], [0.0, 0.0, 1.0, 0.0], [0.0, 0.0, 0.0, 1.0]], "cam_ids": [0, 1, 2, 3, 4, 5], "cam_channels": ["CAM_FRONT_LEFT", "CAM_FRONT", "CAM_FRONT_RIGHT", "CAM_BACK_LEFT", "CAM_BACK", "CAM_BACK_RIGHT"], "token": "3171826553c94939b5168d5fd5187478", "scene": "scene-0450"}, {"images": ["samples/CAM_FRONT_LEFT/n008-2018-09-18-12-07-26-0400__CAM_FRONT_LEFT__1537287214604799.jpg", "samples/CAM_FRONT/n008-2018-09-18-12-07-26-0400__CAM_FRONT__1537287214612404.jpg", "samples/CAM_FRONT_RIGHT/n008-2018-09-18-12-07-26-0400__CAM_FRONT_RIGHT__1537287214620482.jpg", "samples/CAM_BACK_LEFT/n008-2018-09-18-12-07-26-0400__CAM_BACK_LEFT__1537287214647405.jpg", "samples/CAM_BACK/n008-2018-09-18-12-07-26-0400__CAM_BACK__1537287214637558.jpg", "samples/CAM_BACK_RIGHT/n008-2018-09-18-12-07-26-0400__CAM_BACK_RIGHT__1537287214628113.jpg"], "intrinsics": [[[1257.8625342125129, 0.0, 827.2410631095686], [0.0, 1257.8625342125129, 450.915498205774], [0.0, 0.0, 1.0]], [[1252.8131021185304, 0.0, 826.588114781398], [0.0, 1252.8131021185304, 469.9846626224581], [0.0, 0.0, 1.0]], [[1256.7485116440405, 0.0, 817.7887570959712], [0.0, 1256.7485116440403, 451.9541780095127], [0.0, 0.0, 1.0]], [[1254.9860565800168, 0.0, 829.5769333630991], [0.0, 1254.9860565800168, 467.1680561863987], [0.0, 0.0, 1.0]], [[796.8910634503094, 0.0, 857.7774326863696], [0.0, 796.8910634503094, 476.8848988407415], [0.0, 0.0, 1.0]], [[1249.9629280788233, 0.0, 825.3768045375984], [0.0, 1249.9629280788233, 462.54816385708756], [0.0, 0.0, 1.0]]], "extrinsics": [[[0.8224353790283203, -0.568702220916748, -0.013332442380487919, -0.7271728515625], [0.00730914669111371, 0.03399965539574623, -0.9993951320648193, 1.490692138671875], [0.5688115358352661, 0.8218405246734619, 0.03211924806237221, -1.14349365234375], [0.0, 0.0, 0.0, 1.0]], [[0.010079523548483849, -0.9995036721229553, -0.02984628826379776, 0.0098876953125], [0.009172510355710983, 0.029938971623778343, -0.9995096325874329, 1.4826955795288086], [0.9999070763587952, 0.009800776839256287, 0.009469726122915745, -1.453369140625], [0.0, 0.0, 0.0, 1.0]], [[-0.8440680503845215, -0.5356127023696899, -0.025850171223282814, 0.90325927734375], [0.017096467316150665, 0.021302605047822, -0.999626874923706, 1.4968576431274414], [0.5359635353088379, -0.8441950678825378, -0.008823765441775322, -1.1572265625], [0.0, 0.0, 0.0, 1.0]], [[0.9478671550750732, 0.3186446726322174, 0.0036683729849755764, -1.1202392578125], [-0.008464710786938667, 0.036684099584817886, -0.9992910623550415, 1.56182861328125], [-0.3185533285140991, 0.9471640586853027, 0.037468891590833664, -0.1641845703125], [0.0, 0.0, 0.0, 1.0]], [[0.009288429282605648, 0.9995353817939758, 0.029031863436102867, -0.02838134765625], [-0.006218584254384041, 0.029090292751789093, -0.9995574355125427, 1.56744384765625], [-0.9999375939369202, 0.009103783406317234, 0.006485897582024336, -0.05322265625], [0.0, 0.0, 0.0, 1.0]], [[-0.9236668348312378, 0.3831729292869568, 0.004246364813297987, 1.0062255859375], [-0.0019831738900393248, 0.006301279179751873, -0.9999781847000122, 1.5474748611450195], [-0.38319143652915955, -0.923655092716217, -0.0050603835843503475, -0.1072235107421875], [0.0, 0.0, 0.0, 1.0]]], "view": [[0.0, -2.0, 100.0], [-2.0, 0.0, 100.0], [0.0, 0.0, 1.0]], "bev": "bev_3e39a109a22941d4a1f1cbd39832cf5f.png", "aux": "aux_3e39a109a22941d4a1f1cbd39832cf5f.npz", "visibility": "visibility_3e39a109a22941d4a1f1cbd39832cf5f.png", "pose": [[0.569354772567749, -0.8220919370651245, 0.0, 1772.4228515625], [0.8220919370651245, 0.569354772567749, 0.0, 944.3644409179688], [0.0, 0.0, 1.0, 0.0], [0.0, 0.0, 0.0, 1.0]], "pose_inverse": [[0.569354772567749, 0.8220919370651245, 0.0, -1785.4918212890625], [-0.8220919370651245, 0.569354772567749, 0.0, 919.4161376953125], [0.0, 0.0, 1.0, 0.0], [0.0, 0.0, 0.0, 1.0]], "cam_ids": [0, 1, 2, 3, 4, 5], "cam_channels": ["CAM_FRONT_LEFT", "CAM_FRONT", "CAM_FRONT_RIGHT", "CAM_BACK_LEFT", "CAM_BACK", "CAM_BACK_RIGHT"], "token": "3e39a109a22941d4a1f1cbd39832cf5f", "scene": "scene-0450"}, {"images": ["samples/CAM_FRONT_LEFT/n008-2018-09-18-12-07-26-0400__CAM_FRONT_LEFT__1537287215154799.jpg", "samples/CAM_FRONT/n008-2018-09-18-12-07-26-0400__CAM_FRONT__1537287215162404.jpg", "samples/CAM_FRONT_RIGHT/n008-2018-09-18-12-07-26-0400__CAM_FRONT_RIGHT__1537287215170482.jpg", "samples/CAM_BACK_LEFT/n008-2018-09-18-12-07-26-0400__CAM_BACK_LEFT__1537287215197415.jpg", "samples/CAM_BACK/n008-2018-09-18-12-07-26-0400__CAM_BACK__1537287215187558.jpg", "samples/CAM_BACK_RIGHT/n008-2018-09-18-12-07-26-0400__CAM_BACK_RIGHT__1537287215178113.jpg"], "intrinsics": [[[1257.8625342125129, 0.0, 827.2410631095686], [0.0, 1257.8625342125129, 450.915498205774], [0.0, 0.0, 1.0]], [[1252.8131021185304, 0.0, 826.588114781398], [0.0, 1252.8131021185304, 469.9846626224581], [0.0, 0.0, 1.0]], [[1256.7485116440405, 0.0, 817.7887570959712], [0.0, 1256.7485116440403, 451.9541780095127], [0.0, 0.0, 1.0]], [[1254.9860565800168, 0.0, 829.5769333630991], [0.0, 1254.9860565800168, 467.1680561863987], [0.0, 0.0, 1.0]], [[796.8910634503094, 0.0, 857.7774326863696], [0.0, 796.8910634503094, 476.8848988407415], [0.0, 0.0, 1.0]], [[1249.9629280788233, 0.0, 825.3768045375984], [0.0, 1249.9629280788233, 462.54816385708756], [0.0, 0.0, 1.0]]], "extrinsics": [[[0.822442889213562, -0.5687173008918762, -0.012180197983980179, -0.7215576171875], [0.0076674893498420715, 0.032493267208337784, -0.9994425177574158, 1.4908428192138672], [0.5687959790229797, 0.8218910098075867, 0.031084489077329636, -1.140380859375], [0.0, 0.0, 0.0, 1.0]], [[0.010079069063067436, -0.9995481371879578, -0.028321217745542526, 0.01019287109375], [0.009491842240095139, 0.028417017310857773, -0.9995510578155518, 1.482832908630371], [0.9999040961265564, 0.009805635549128056, 0.009773967787623405, -1.4483642578125], [0.0, 0.0, 0.0, 1.0]], [[-0.8440663814544678, -0.5356423258781433, -0.025287216529250145, 0.9000244140625], [0.01740332506597042, 0.019768575206398964, -0.9996530413627625, 1.4969921112060547], [0.5359563827514648, -0.844213604927063, -0.007364032790064812, -1.155029296875], [0.0, 0.0, 0.0, 1.0]], [[0.9478647112846375, 0.3186587393283844, 0.0030295304022729397, -1.118896484375], [-0.008603195659816265, 0.03509151190519333, -0.9993470907211304, 1.5618057250976562], [-0.3185569941997528, 0.947219729423523, 0.036003489047288895, -0.1646728515625], [0.0, 0.0, 0.0, 1.0]], [[0.009256120771169662, 0.9995802044868469, 0.02745313011109829, -0.02850341796875], [-0.006237150169909, 0.027511484920978546, -0.9996019601821899, 1.5674247741699219], [-0.9999377727508545, 0.009081214666366577, 0.006489180494099855, -0.0552978515625], [0.0, 0.0, 0.0, 1.0]], [[-0.9236860275268555, 0.3831343352794647, 0.003494868054986, 1.003173828125], [-0.001816542586311698, 0.004742220509797335, -0.9999871253967285, 1.5474987030029297], [-0.3831459879875183, -0.9236804842948914, -0.0036843421403318644, -0.1078643798828125], [0.0, 0.0, 0.0, 1.0]]], "view": [[0.0, -2.0, 100.0], [-2.0, 0.0, 100.0], [0.0, 0.0, 1.0]], "bev": "bev_59ecec8673494303bfaa1dd4d56acf7d.png", "aux": "aux_59ecec8673494303bfaa1dd4d56acf7d.npz", "visibility": "visibility_59ecec8673494303bfaa1dd4d56acf7d.png", "pose": [[0.5690407156944275, -0.8223093748092651, 0.0, 1774.772216796875], [0.8223093748092651, 0.5690407156944275, 0.0, 947.6964721679688], [0.0, 0.0, 1.0, 0.0], [0.0, 0.0, 0.0, 1.0]], "pose_inverse": [[0.5690407156944275, 0.8223093748092651, 0.0, -1789.21728515625], [-0.8223093748092651, 0.5690407156944275, 0.0, 920.1339111328125], [0.0, 0.0, 1.0, 0.0], [0.0, 0.0, 0.0, 1.0]], "cam_ids": [0, 1, 2, 3, 4, 5], "cam_channels": ["CAM_FRONT_LEFT", "CAM_FRONT", "CAM_FRONT_RIGHT", "CAM_BACK_LEFT", "CAM_BACK", "CAM_BACK_RIGHT"], "token": "59ecec8673494303bfaa1dd4d56acf7d", "scene": "scene-0450"}, {"images": ["samples/CAM_FRONT_LEFT/n008-2018-09-18-12-07-26-0400__CAM_FRONT_LEFT__1537287215654799.jpg", "samples/CAM_FRONT/n008-2018-09-18-12-07-26-0400__CAM_FRONT__1537287215662404.jpg", "samples/CAM_FRONT_RIGHT/n008-2018-09-18-12-07-26-0400__CAM_FRONT_RIGHT__1537287215670482.jpg", "samples/CAM_BACK_LEFT/n008-2018-09-18-12-07-26-0400__CAM_BACK_LEFT__1537287215697405.jpg", "samples/CAM_BACK/n008-2018-09-18-12-07-26-0400__CAM_BACK__1537287215687558.jpg", "samples/CAM_BACK_RIGHT/n008-2018-09-18-12-07-26-0400__CAM_BACK_RIGHT__1537287215678113.jpg"], "intrinsics": [[[1257.8625342125129, 0.0, 827.2410631095686], [0.0, 1257.8625342125129, 450.915498205774], [0.0, 0.0, 1.0]], [[1252.8131021185304, 0.0, 826.588114781398], [0.0, 1252.8131021185304, 469.9846626224581], [0.0, 0.0, 1.0]], [[1256.7485116440405, 0.0, 817.7887570959712], [0.0, 1256.7485116440403, 451.9541780095127], [0.0, 0.0, 1.0]], [[1254.9860565800168, 0.0, 829.5769333630991], [0.0, 1254.9860565800168, 467.1680561863987], [0.0, 0.0, 1.0]], [[796.8910634503094, 0.0, 857.7774326863696], [0.0, 796.8910634503094, 476.8848988407415], [0.0, 0.0, 1.0]], [[1249.9629280788233, 0.0, 825.3768045375984], [0.0, 1249.9629280788233, 462.54816385708756], [0.0, 0.0, 1.0]]], "extrinsics": [[[0.822974443435669, -0.5678446292877197, -0.016296779736876488, -0.73046875], [0.0037030065432190895, 0.034049272537231445, -0.9994133114814758, 1.4893436431884766], [0.568066418170929, 0.822431206703186, 0.03012441284954548, -1.14990234375], [0.0, 0.0, 0.0, 1.0]], [[0.010848598554730415, -0.9994954466819763, -0.029848864302039146, 0.01251220703125], [0.0057008760049939156, 0.029911959543824196, -0.9995362758636475, 1.4816093444824219], [0.999924898147583, 0.010673332028090954, 0.006022502668201923, -1.459228515625], [0.0, 0.0, 0.0, 1.0]], [[-0.8437737822532654, -0.5362058281898499, -0.023004787042737007, 0.90911865234375], [0.013774441555142403, 0.0212137121707201, -0.9996800422668457, 1.4959917068481445], [0.5365222692489624, -0.8438206911087036, -0.010513638146221638, -1.1580810546875], [0.0, 0.0, 0.0, 1.0]], [[0.9478448033332825, 0.3187313675880432, 0.000709202722646296, -1.120849609375], [-0.011536105535924435, 0.03652956709265709, -0.9992659687995911, 1.561737060546875], [-0.3185233771800995, 0.9471408724784851, 0.03830127790570259, -0.1644287109375], [0.0, 0.0, 0.0, 1.0]], [[0.009099050424993038, 0.9995425939559937, 0.028841760009527206, -0.02960205078125], [-0.009448167867958546, 0.028927603736519814, -0.9995368719100952, 1.5671195983886719], [-0.9999140501022339, 0.008822296746075153, 0.00970