[{"images": ["samples/CAM_FRONT_LEFT/n015-2018-09-26-11-17-24+0800__CAM_FRONT_LEFT__1537932259504844.jpg", "samples/CAM_FRONT/n015-2018-09-26-11-17-24+0800__CAM_FRONT__1537932259512460.jpg", "samples/CAM_FRONT_RIGHT/n015-2018-09-26-11-17-24+0800__CAM_FRONT_RIGHT__1537932259520339.jpg", "samples/CAM_BACK_LEFT/n015-2018-09-26-11-17-24+0800__CAM_BACK_LEFT__1537932259547423.jpg", "samples/CAM_BACK/n015-2018-09-26-11-17-24+0800__CAM_BACK__1537932259537525.jpg", "samples/CAM_BACK_RIGHT/n015-2018-09-26-11-17-24+0800__CAM_BACK_RIGHT__1537932259527893.jpg"], "intrinsics": [[[1272.5979470598488, 0.0, 826.6154927353808], [0.0, 1272.5979470598488, 479.75165386361925], [0.0, 0.0, 1.0]], [[1266.417203046554, 0.0, 816.2670197447984], [0.0, 1266.417203046554, 491.50706579294757], [0.0, 0.0, 1.0]], [[1260.8474446004698, 0.0, 807.968244525554], [0.0, 1260.8474446004698, 495.3344268742088], [0.0, 0.0, 1.0]], [[1256.7414812095406, 0.0, 792.1125740759628], [0.0, 1256.7414812095406, 492.7757465151356], [0.0, 0.0, 1.0]], [[809.2209905677063, 0.0, 829.2196003259838], [0.0, 809.2209905677063, 481.77842384512485], [0.0, 0.0, 1.0]], [[1259.5137405846733, 0.0, 807.2529053838625], [0.0, 1259.5137405846733, 501.19579884916527], [0.0, 0.0, 1.0]]], "extrinsics": [[[0.8203962445259094, -0.5710771083831787, -0.028650598600506783, -0.965087890625], [-0.05163674056529999, -0.024092262610793114, -0.9983752369880676, 1.5082473754882812], [0.5694589614868164, 0.8205428123474121, -0.04925376549363136, -1.2801456451416016], [0.0, 0.0, 0.0, 1.0]], [[0.007169002667069435, -0.9995881915092468, 0.02778451330959797, 0.00506591796875], [-0.056921329349279404, -0.028148099780082703, -0.99798184633255, 1.520538330078125], [0.9983529448509216, 0.005573001690208912, -0.057099681347608566, -1.6922607421875], [0.0, 0.0, 0.0, 1.0]], [[-0.8314932584762573, -0.5533877611160278, 0.048794444650411606, 1.03228759765625], [-0.05132383108139038, -0.010935892350971699, -0.9986221790313721, 1.5036392211914062], [0.5531588792800903, -0.8328518867492676, -0.01930885761976242, -1.2486572265625], [0.0, 0.0, 0.0, 1.0]], [[0.9462384581565857, 0.31900009512901306, -0.0535883791744709, -1.14208984375], [-0.042617298662662506, -0.04127851501107216, -0.9982383251190186, 1.5885562896728516], [-0.3206501305103302, 0.9468553066253662, -0.02546439692378044, -0.103759765625], [0.0, 0.0, 0.0, 1.0]], [[0.0007577245123684406, 0.999506950378418, -0.03138904273509979, 0.0028076171875], [-0.06801200658082962, -0.031264860183000565, -0.9971944689750671, 1.5793609619140625], [-0.9976841807365417, 0.002890432020649314, 0.06795478612184525, 0.001953125], [0.0, 0.0, 0.0, 1.0]], [[-0.9346139430999756, 0.35459887981414795, 0.02750176377594471, 1.1361083984375], [-0.03545057773590088, -0.015938086435198784, -0.9992443323135376, 1.5514488220214844], [-0.35389262437820435, -0.9348827004432678, 0.027466697618365288, -0.063629150390625], [0.0, 0.0, 0.0, 1.0]]], "view": [[0.0, -2.0, 100.0], [-2.0, 0.0, 100.0], [0.0, 0.0, 1.0]], "bev": "bev_95852a5de408404c988502671970298a.png", "aux": "aux_95852a5de408404c988502671970298a.npz", "visibility": "visibility_95852a5de408404c988502671970298a.png", "pose": [[0.0638609454035759, 0.997958779335022, 0.0, 908.761474609375], [-0.997958779335022, 0.0638609454035759, 0.0, 1566.47412109375], [0.0, 0.0, 1.0, 0.0], [0.0, 0.0, 0.0, 1.0]], "pose_inverse": [[0.0638609454035759, -0.997958779335022, 0.0, 1505.2423095703125], [0.997958779335022, 0.0638609454035759, 0.0, -1006.9430541992188], [0.0, 0.0, 1.0, 0.0], [0.0, 0.0, 0.0, 1.0]], "cam_ids": [0, 1, 2, 3, 4, 5], "cam_channels": ["CAM_FRONT_LEFT", "CAM_FRONT", "CAM_FRONT_RIGHT", "CAM_BACK_LEFT", "CAM_BACK", "CAM_BACK_RIGHT"], "token": "95852a5de408404c988502671970298a", "scene": "scene-0958"}, {"images": ["samples/CAM_FRONT_LEFT/n015-2018-09-26-11-17-24+0800__CAM_FRONT_LEFT__1537932260004844.jpg", "samples/CAM_FRONT/n015-2018-09-26-11-17-24+0800__CAM_FRONT__1537932260012460.jpg", "samples/CAM_FRONT_RIGHT/n015-2018-09-26-11-17-24+0800__CAM_FRONT_RIGHT__1537932260020339.jpg", "samples/CAM_BACK_LEFT/n015-2018-09-26-11-17-24+0800__CAM_BACK_LEFT__1537932260047423.jpg", "samples/CAM_BACK/n015-2018-09-26-11-17-24+0800__CAM_BACK__1537932260037525.jpg", "samples/CAM_BACK_RIGHT/n015-2018-09-26-11-17-24+0800__CAM_BACK_RIGHT__1537932260027893.jpg"], "intrinsics": [[[1272.5979470598488, 0.0, 826.6154927353808], [0.0, 1272.5979470598488, 479.75165386361925], [0.0, 0.0, 1.0]], [[1266.417203046554, 0.0, 816.2670197447984], [0.0, 1266.417203046554, 491.50706579294757], [0.0, 0.0, 1.0]], [[1260.8474446004698, 0.0, 807.968244525554], [0.0, 1260.8474446004698, 495.3344268742088], [0.0, 0.0, 1.0]], [[1256.7414812095406, 0.0, 792.1125740759628], [0.0, 1256.7414812095406, 492.7757465151356], [0.0, 0.0, 1.0]], [[809.2209905677063, 0.0, 829.2196003259838], [0.0, 809.2209905677063, 481.77842384512485], [0.0, 0.0, 1.0]], [[1259.5137405846733, 0.0, 807.2529053838625], [0.0, 1259.5137405846733, 501.19579884916527], [0.0, 0.0, 1.0]]], "extrinsics": [[[0.8204041719436646, -0.5710629224777222, -0.02870827540755272, -0.9649658203125], [-0.05173076316714287, -0.02412809059023857, -0.998369574546814, 1.5082511901855469], [0.5694391131401062, 0.8205516338348389, -0.049336306750774384, -1.2802295684814453], [0.0, 0.0, 0.0, 1.0]], [[0.007184070069342852, -0.9995872974395752, 0.027815336361527443, 0.00506591796875], [-0.057009007781744, -0.02818022482097149, -0.9979758858680725, 1.5205345153808594], [0.998347818851471, 0.00558380875736475, -0.057187922298908234, -1.6923828125], [0.0, 0.0, 0.0, 1.0]], [[-0.8314838409423828, -0.5533945560455322, 0.04887770861387253, 1.03216552734375], [-0.05140519142150879, -0.010964246466755867, -0.9986176490783691, 1.5036468505859375], [0.5531654357910156, -0.8328470587730408, -0.01933075673878193, -1.24853515625], [0.0, 0.0, 0.0, 1.0]], [[0.9462344646453857, 0.31899699568748474, -0.05367831140756607, -1.142333984375], [-0.04270029440522194, -0.04131384193897247, -0.9982333779335022, 1.5885601043701172], [-0.320651113986969, 0.946854829788208, -0.025471314787864685, -0.103759765625], [0.0, 0.0, 0.0, 1.0]], [[0.0007510062423534691, 0.9995057582855225, -0.03142520412802696, 0.0028076171875], [-0.06810102611780167, -0.03130113705992699, -0.9971873164176941, 1.5793609619140625], [-0.9976781606674194, 0.002888983581215143, 0.06804386526346207, 0.001953125], [0.0, 0.0, 0.0, 1.0]], [[-0.9346144199371338, 0.3545924723148346, 0.027567215263843536, 1.1361083984375], [-0.035533659160137177, -0.015973228961229324, -0.9992408156394958, 1.5514450073242188], [-0.35388296842575073, -0.9348846077919006, 0.027528777718544006, -0.063690185546875], [0.0, 0.0, 0.0, 1.0]]], "view": [[0.0, -2.0, 100.0], [-2.0, 0.0, 100.0], [0.0, 0.0, 1.0]], "bev": "bev_2a010d7b79ec479aadb126a5d3c3b6d9.png", "aux": "aux_2a010d7b79ec479aadb126a5d3c3b6d9.npz", "visibility": "visibility_2a010d7b79ec479aadb126a5d3c3b6d9.png", "pose": [[0.06384831666946411, 0.9979596138000488, 0.0, 908.761474609375], [-0.9979596138000488, 0.06384831666946411, 0.0, 1566.47412109375], [0.0, 0.0, 1.0, 0.0], [0.0, 0.0, 0.0, 1.0]], "pose_inverse": [[0.06384831666946411, -0.9979596138000488, 0.0, 1505.2550048828125], [0.9979596138000488, 0.06384831666946411, 0.0, -1006.9240112304688], [0.0, 0.0, 1.0, 0.0], [0.0, 0.0, 0.0, 1.0]], "cam_ids": [0, 1, 2, 3, 4, 5], "cam_channels": ["CAM_FRONT_LEFT", "CAM_FRONT", "CAM_FRONT_RIGHT", "CAM_BACK_LEFT", "CAM_BACK", "CAM_BACK_RIGHT"], "token": "2a010d7b79ec479aadb126a5d3c3b6d9", "scene": "scene-0958"}, {"images": ["samples/CAM_FRONT_LEFT/n015-2018-09-26-11-17-24+0800__CAM_FRONT_LEFT__1537932260504844.jpg", "samples/CAM_FRONT/n015-2018-09-26-11-17-24+0800__CAM_FRONT__1537932260512460.jpg", "samples/CAM_FRONT_RIGHT/n015-2018-09-26-11-17-24+0800__CAM_FRONT_RIGHT__1537932260520339.jpg", "samples/CAM_BACK_LEFT/n015-2018-09-26-11-17-24+0800__CAM_BACK_LEFT__1537932260547423.jpg", "samples/CAM_BACK/n015-2018-09-26-11-17-24+0800__CAM_BACK__1537932260537525.jpg", "samples/CAM_BACK_RIGHT/n015-2018-09-26-11-17-24+0800__CAM_BACK_RIGHT__1537932260527893.jpg"], "intrinsics": [[[1272.5979470598488, 0.0, 826.6154927353808], [0.0, 1272.5979470598488, 479.75165386361925], [0.0, 0.0, 1.0]], [[1266.417203046554, 0.0, 816.2670197447984], [0.0, 1266.417203046554, 491.50706579294757], [0.0, 0.0, 1.0]], [[1260.8474446004698, 0.0, 807.968244525554], [0.0, 1260.8474446004698, 495.3344268742088], [0.0, 0.0, 1.0]], [[1256.7414812095406, 0.0, 792.1125740759628], [0.0, 1256.7414812095406, 492.7757465151356], [0.0, 0.0, 1.0]], [[809.2209905677063, 0.0, 829.2196003259838], [0.0, 809.2209905677063, 481.77842384512485], [0.0, 0.0, 1.0]], [[1259.5137405846733, 0.0, 807.2529053838625], [0.0, 1259.5137405846733, 501.19579884916527], [0.0, 0.0, 1.0]]], "extrinsics": [[[0.8204033374786377, -0.5710702538490295, -0.028584999963641167, -0.9649658203125], [-0.051645345985889435, -0.02422042191028595, -0.9983717203140259, 1.5082473754882812], [0.5694479942321777, 0.8205438256263733, -0.0493636317551136, -1.280111312866211], [0.0, 0.0, 0.0, 1.0]], [[0.007181324064731598, -0.9995845556259155, 0.02791162207722664, 0.00506591796875], [-0.05693557858467102, -0.028275785967707634, -0.9979774355888367, 1.520538330078125], [0.9983519315719604, 0.005577626638114452, -0.05711498484015465, -1.6922607421875], [0.0, 0.0, 0.0, 1.0]], [[-0.8314864039421082, -0.5533903241157532, 0.048881661146879196, 1.03228759765625], [-0.051344189792871475, -0.011063076555728912, -0.9986197352409363, 1.5036544799804688], [0.5531673431396484, -0.8328484892845154, -0.019214579835534096, -1.248779296875], [0.0, 0.0, 0.0, 1.0]], [[0.9462357759475708, 0.318998247385025, -0.053644903004169464, -1.1422119140625], [-0.042633865028619766, -0.0414058119058609, -0.9982324242591858, 1.588552474975586], [-0.32065558433532715, 0.9468503594398499, -0.025579536333680153, -0.1038818359375], [0.0, 0.0, 0.0, 1.0]], [[0.0007493206649087369, 0.9995028376579285, -0.03151828050613403, 0.00274658203125], [-0.06803612411022186, -0.03139429911971092, -0.9971888065338135, 1.5793609619140625], [-0.997682511806488, 0.0028915880247950554, 0.06797877699136734, 0.0018310546875], [0.0, 0.0, 0.0, 1.0]], [[-0.9346166849136353, 0.35459354519844055, 0.02747819386422634, 1.1363525390625], [-0.035474251955747604, -0.016067638993263245, -0.9992414116859436, 1.5514450073242188], [-0.3538830280303955, -0.9348825216293335, 0.027596022933721542, -0.063690185546875], [0.0, 0.0, 0.0, 1.0]]], "view": [[0.0, -2.0, 100.0], [-2.0, 0.0, 100.0], [0.0, 0.0, 1.0]], "bev": "bev_fcd8f966a1aa445d963574e7441a19dc.png", "aux": "aux_fcd8f966a1aa445d963574e7441a19dc.npz", "visibility": "visibility_fcd8f966a1aa445d963574e7441a19dc.png", "pose": [[0.06389258056879044, 0.9979567527770996, 0.0, 908.761474609375], [-0.9979567527770996, 0.06389258056879044, 0.0, 1566.47412109375], [0.0, 0.0, 1.0, 0.0], [0.0, 0.0, 0.0, 1.0]], "pose_inverse": [[0.06389258056879044, -0.9979567527770996, 0.0, 1505.2103271484375], [0.9979567527770996, 0.06389258056879044, 0.0, -1006.99072265625], [0.0, 0.0, 1.0, 0.0], [0.0, 0.0, 0.0, 1.0]], "cam_ids": [0, 1, 2, 3, 4, 5], "cam_channels": ["CAM_FRONT_LEFT", "CAM_FRONT", "CAM_FRONT_RIGHT", "CAM_BACK_LEFT", "CAM_BACK", "CAM_BACK_RIGHT"], "token": "fcd8f966a1aa445d963574e7441a19dc", "scene": "scene-0958"}, {"images": ["samples/CAM_FRONT_LEFT/n015-2018-09-26-11-17-24+0800__CAM_FRONT_LEFT__1537932261004844.jpg", "samples/CAM_FRONT/n015-2018-09-26-11-17-24+0800__CAM_FRONT__1537932261012460.jpg", "samples/CAM_FRONT_RIGHT/n015-2018-09-26-11-17-24+0800__CAM_FRONT_RIGHT__1537932261020339.jpg", "samples/CAM_BACK_LEFT/n015-2018-09-26-11-17-24+0800__CAM_BACK_LEFT__1537932261047423.jpg", "samples/CAM_BACK/n015-2018-09-26-11-17-24+0800__CAM_BACK__1537932261037525.jpg", "samples/CAM_BACK_RIGHT/n015-2018-09-26-11-17-24+0800__CAM_BACK_RIGHT__1537932261027893.jpg"], "intrinsics": [[[1272.5979470598488, 0.0, 826.6154927353808], [0.0, 1272.5979470598488, 479.75165386361925], [0.0, 0.0, 1.0]], [[1266.417203046554, 0.0, 816.2670197447984], [0.0, 1266.417203046554, 491.50706579294757], [0.0, 0.0, 1.0]], [[1260.8474446004698, 0.0, 807.968244525554], [0.0, 1260.8474446004698, 495.3344268742088], [0.0, 0.0, 1.0]], [[1256.7414812095406, 0.0, 792.1125740759628], [0.0, 1256.7414812095406, 492.7757465151356], [0.0, 0.0, 1.0]], [[809.2209905677063, 0.0, 829.2196003259838], [0.0, 809.2209905677063, 481.77842384512485], [0.0, 0.0, 1.0]], [[1259.5137405846733, 0.0, 807.2529053838625], [0.0, 1259.5137405846733, 501.19579884916527], [0.0, 0.0, 1.0]]], "extrinsics": [[[0.8204127550125122, -0.5710570812225342, -0.02857838198542595, -0.965087890625], [-0.05167556554079056, -0.02427695319056511, -0.9983687996864319, 1.5082511901855469], [0.5694317817687988, 0.8205512762069702, -0.04942682012915611, -1.2802410125732422], [0.0, 0.0, 0.0, 1.0]], [[0.007194437552243471, -0.9995830655097961, 0.027960358187556267, 0.00506591796875], [-0.056959863752126694, -0.028325332328677177, -0.9979746341705322, 1.5205345153808594], [0.9983505606651306, 0.005587243940681219, -0.05713989958167076, -1.6923828125], [0.0, 0.0, 0.0, 1.0]], [[-0.831480085849762, -0.5533965229988098, 0.04892021417617798, 1.0323486328125], [-0.05136250704526901, -0.011105464771389961, -0.9986183047294617, 1.5036468505859375], [0.553175151348114, -0.8328438401222229, -0.019189856946468353, -1.2486572265625], [0.0, 0.0, 0.0, 1.0]], [[0.9462342262268066, 0.31899869441986084, -0.05367188900709152, -1.1422119140625], [-0.04264902323484421, -0.041445083916187286, -0.9982300996780396, 1.5885543823242188], [-0.32065850496292114, 0.9468485713005066, -0.025611774995923042, -0.1036376953125], [0.0, 0.0, 0.0, 1.0]], [[0.000744068413041532, 0.9995017051696777, -0.03155715763568878, 0.0028076171875], [-0.06804334372282028, -0.03143342584371567, -0.997187077999115, 1.5793609619140625], [-0.9976820945739746, 0.0028892166446894407, 0.06798604875802994, 0.001953125], [0.0, 0.0, 0.0, 1.0]], [[-0.9346192479133606, 0.3545874357223511, 0.027469653636217117, 1.1363525390625], [-0.03548165038228035, -0.016111809760332108, -0.9992404580116272, 1.5514488220214844], [-0.3538755178451538, -0.9348840713500977, 0.02763975039124489, -0.063568115234375], [0.0, 0.0, 0.0, 1.0]]], "view": [[0.0, -2.0, 100.0], [-2.0, 0.0, 100.0], [0.0, 0.0, 1.0]], "bev": "bev_0473336e6eb74a03be3113d5a55ab6dc.png", "aux": "aux_0473336e6eb74a03be3113d5a55ab6dc.npz", "visibility": "visibility_0473336e6eb74a03be3113d5a55ab6dc.png", "pose": [[0.06384468823671341, 0.9979598522186279, 0.0, 908.761474609375], [-0.9979598522186279, 0.06384468823671341, 0.0, 1566.47412109375], [0.0, 0.0, 1.0, 0.0], [0.0, 0.0, 0.0, 1.0]], "pose_inverse": [[0.06384468823671341, -0.9979598522186279, 0.0, 1505.2586669921875], [0.9979598522186279, 0.06384468823671341, 0.0, -1006.9185180664062], [0.0, 0.0, 1.0, 0.0], [0.0, 0.0, 0.0, 1.0]], "cam_ids": [0, 1, 2, 3, 4, 5], "cam_channels": ["CAM_FRONT_LEFT", "CAM_FRONT", "CAM_FRONT_RIGHT", "CAM_BACK_LEFT", "CAM_BACK", "CAM_BACK_RIGHT"], "token": "0473336e6eb74a03be3113d5a55ab6dc", "scene": "scene-0958"}, {"images": ["samples/CAM_FRONT_LEFT/n015-2018-09-26-11-17-24+0800__CAM_FRONT_LEFT__1537932261504844.jpg", "samples/CAM_FRONT/n015-2018-09-26-11-17-24+0800__CAM_FRONT__1537932261512460.jpg", "samples/CAM_FRONT_RIGHT/n015-2018-09-26-11-17-24+0800__CAM_FRONT_RIGHT__1537932261520339.jpg", "samples/CAM_BACK_LEFT/n015-2018-09-26-11-17-24+0800__CAM_BACK_LEFT__1537932261547423.jpg", "samples/CAM_BACK/n015-2018-09-26-11-17-24+0800__CAM_BACK__1537932261537525.jpg", "samples/CAM_BACK_RIGHT/n015-2018-09-26-11-17-24+0800__CAM_BACK_RIGHT__1537932261527893.jpg"], "intrinsics": [[[1272.5979470598488, 0.0, 826.6154927353808], [0.0, 1272.5979470598488, 479.75165386361925], [0.0, 0.0, 1.0]], [[1266.417203046554, 0.0, 816.2670197447984], [0.0, 1266.417203046554, 491.50706579294757], [0.0, 0.0, 1.0]], [[1260.8474446004698, 0.0, 807.968244525554], [0.0, 1260.8474446004698, 495.3344268742088], [0.0, 0.0, 1.0]], [[1256.7414812095406, 0.0, 792.1125740759628], [0.0, 1256.7414812095406, 492.7757465151356], [0.0, 0.0, 1.0]], [[809.2209905677063, 0.0, 829.2196003259838], [0.0, 809.2209905677063, 481.77842384512485], [0.0, 0.0, 1.0]], [[1259.5137405846733, 0.0, 807.2529053838625], [0.0, 1259.5137405846733, 501.19579884916527], [0.0, 0.0, 1.0]]], "extrinsics": [[[0.8203957676887512, -0.5710775852203369, -0.028655393049120903, -0.96484375], [-0.05175738036632538, -0.024257637560367584, -0.998365044593811, 1.5082473754882812], [0.5694488286972046, 0.8205376267433167, -0.0494583435356617, -1.2802257537841797], [0.0, 0.0, 0.0, 1.0]], [[0.00717436708509922, -0.9995837807655334, 0.027939632534980774, 0.00506591796875], [-0.057039469480514526, -0.028303932398557663, -0.9979706406593323, 1.5205307006835938], [0.9983460903167725, 0.005566149018704891, -0.05721879377961159, -1.6922607421875], [0.0, 0.0, 0.0, 1.0]], [[-0.8314861059188843, -0.5533828139305115, 0.04897179454565048, 1.03228759765625], [-0.051439039409160614, -0.011082927696406841, -0.9986146092414856, 1.5036468505859375], [0.5531589388847351, -0.8328532576560974, -0.019250182434916496, -1.2486572265625], [0.0, 0.0, 0.0, 1.0]], [[0.9462332129478455, 0.3189883530139923, -0.053750358521938324, -1.1422119140625], [-0.042736541479825974, -0.041431974619627, -0.9982268810272217, 1.5885581970214844], [-0.32064974308013916, 0.9468525648117065, -0.025571854785084724, -0.103759765625], [0.0, 0.0, 0.0, 1.0]], [[0.0007516205660067499, 0.9995021224021912, -0.031543195247650146, 0.00286865234375], [-0.06813329458236694, -0.03141871839761734, -0.9971814155578613, 1.5793609619140625], [-0.997675895690918, 0.0028986367397010326, 0.0680757537484169, 0.0015869140625], [0.0, 0.0, 0.0, 1.0]], [[-0.9346124529838562, 0.3545989990234375, 0.027551349252462387, 1.1361083984375], [-0.03556133806705475, -0.01609060727059841, -0.9992380142211914, 1.5514564514160156], [-0.3538854420185089, -0.9348800778388977, 0.027648497372865677, -0.063751220703125], [0.0, 0.0, 0.0, 1.0]]], "view": [[0.0, -2.0, 100.0], [-2.0, 0.0, 100.0], [0.0, 0.0, 1.0]], "bev": "bev_f87a5dd188e24a5392e36a4bf90be957.png", "aux": "aux_f87a5dd188e24a5392e36a4bf90be957.npz", "visibility": "visibility_f87a5dd188e24a5392e36a4bf90be957.png", "pose": [[0.06394200026988983, 0.9979535937309265, 0.0, 908.761474609375], [-0.9979535937309265, 0.06394200026988983, 0.0, 1566.47412109375], [0.0, 0.0, 1.0, 0.0], [0.0, 0.0, 0.0, 1.0]], "pose_inverse": [[0.06394200026988983, -0.9979535937309265, 0.0, 1505.1605224609375], [0.9979535937309265, 0.06394200026988983, 0.0, -1007.0653076171875], [0.0, 0.0, 1.0, 0.0], [0.0, 0.0, 0.0, 1.0]], "cam_ids": [0, 1, 2, 3, 4, 5], "cam_channels": ["CAM_FRONT_LEFT", "CAM_FRONT", "CAM_FRONT_RIGHT", "CAM_BACK_LEFT", "CAM_BACK", "CAM_BACK_RIGHT"], "token": "f87a5dd188e24a5392e36a4bf90be957", "scene": "scene-0958"}, {"images": ["samples/CAM_FRONT_LEFT/n015-2018-09-26-11-17-24+0800__CAM_FRONT_LEFT__1537932262004844.jpg", "samples/CAM_FRONT/n015-2018-09-26-11-17-24+0800__CAM_FRONT__1537932262012460.jpg", "samples/CAM_FRONT_RIGHT/n015-2018-09-26-11-17-24+0800__CAM_FRONT_RIGHT__1537932262020339.jpg", "samples/CAM_BACK_LEFT/n015-2018-09-26-11-17-24+0800__CAM_BACK_LEFT__1537932262047423.jpg", "samples/CAM_BACK/n015-2018-09-26-11-17-24+0800__CAM_BACK__1537932262037525.jpg", "samples/CAM_BACK_RIGHT/n015-2018-09-26-11-17-24+0800__CAM_BACK_RIGHT__1537932262027893.jpg"], "intrinsics": [[[1272.5979470598488, 0.0, 826.6154927353808], [0.0, 1272.5979470598488, 479.75165386361925], [0.0, 0.0, 1.0]], [[1266.417203046554, 0.0, 816.2670197447984], [0.0, 1266.417203046554, 491.50706579294757], [0.0, 0.0, 1.0]], [[1260.8474446004698, 0.0, 807.968244525554], [0.0, 1260.8474446004698, 495.3344268742088], [0.0, 0.0, 1.0]], [[1256.7414812095406, 0.0, 792.1125740759628], [0.0, 1256.7414812095406, 492.7757465151356], [0.0, 0.0, 1.0]], [[809.2209905677063, 0.0, 829.2196003259838], [0.0, 809.2209905677063, 481.77842384512485], [0.0, 0.0, 1.0]], [[1259.5137405846733, 0.0, 807.2529053838625], [0.0, 1259.5137405846733, 501.19579884916527], [0.0, 0.0, 1.0]]], "extrinsics": [[[0.8205094933509827, -0.5709825754165649, -0.027259500697255135, -0.965087890625], [-0.0500788576900959, -0.024296604096889496, -0.9984496831893921, 1.5082511901855469], [0.5694351196289062, 0.820602536201477, -0.04852974787354469, -1.280282974243164], [0.0, 0.0, 0.0, 1.0]], [[0.007227936293929815, -0.9995815753936768, 0.02800718881189823, 0.005126953125], [-0.055352963507175446, -0.028364919126033783, -0.9980639219284058, 1.5205345153808594], [0.9984407424926758, 0.005663659889250994, -0.05553482100367546, -1.6923828125], [0.0, 0.0, 0.0, 1.0]], [[-0.8315243721008301, -0.5534446835517883, 0.04760505259037018, 1.03228759765625], [-0.04974494129419327, -0.011164647527039051, -0.9986994862556458, 1.5036430358886719], [0.5532563924789429, -0.832811176776886, -0.018247393891215324, -1.2486572265625], [0.0, 0.0, 0.0, 1.0]], [[0.9463310837745667, 0.31898432970046997, -0.05202294513583183, -1.1422119140625], [-0.040871575474739075, -0.04155830293893814, -0.998299777507782, 1.5885639190673828], [-0.3206039369106293, 0.9468483924865723, -0.0262905266135931, -0.103759765625], [0.0, 0.0, 0.0, 1.0]], [[0.0007777020800858736, 0.9994988441467285, -0.031645532697439194, 0.002685546875], [-0.06636606156826019, -0.031524185091257095, -0.9972972273826599, 1.5793609619140625], [-0.9977949857711792, 0.0028757923282682896, 0.06630828231573105, 0.0018310546875], [0.0, 0.0, 0.0, 1.0]], [[-0.9346784353256226, 0.3545481860637665, 0.02591911144554615, 1.13623046875], [-0.033847078680992126, -0.016176270321011543, -0.9992961287498474, 1.5514488220214844], [-0.35387933254241943, -0.934897780418396, 0.027120031416416168, -0.063629150390625], [0.0, 0.0, 0.0, 1.0]]], "view": [[0.0, -2.0, 100.0], [-2.0, 0.0, 100.0], [0.0, 0.0, 1.0]], "bev": "bev_33292db2389948818ea680a50bea062c.png", "aux": "aux_33292db2389948818ea680a50bea062c.npz", "visibility": "visibility_33292db2389948818ea680a50bea062c.png", "pose": [[0.06381943821907043, 0.9979614615440369, 0.0, 908.761474609375], [-0.9979614615440369, 0.06381943821907043, 0.0, 1566.47412109375], [0.0, 0.0, 1.0, 0.0], [0.0, 0.0, 0.0, 1.0]], "pose_inverse": [[0.06381943821907043, -0.9979614615440369, 0.0, 1505.2841796875], [0.9979614615440369, 0.06381943821907043, 0.0, -1006.8804321289062], [0.0, 0.0, 1.0, 0.0], [0.0, 0.0, 0.0, 1.0]], "cam_ids": [0, 1, 2, 3, 4, 5], "cam_channels": ["CAM_FRONT_LEFT", "CAM_FRONT", "CAM_FRONT_RIGHT", "CAM_BACK_LEFT", "CAM_BACK", "CAM_BACK_RIGHT"], "token": "33292db2389948818ea680a50bea062c", "scene": "scene-0958"}, {"images": ["samples/CAM_FRONT_LEFT/n015-2018-09-26-11-17-24+0800__CAM_FRONT_LEFT__1537932262504844.jpg", "samples/CAM_FRONT/n015-2018-09-26-11-17-24+0800__CAM_FRONT__1537932262512460.jpg", "samples/CAM_FRONT_RIGHT/n015-2018-09-26-11-17-24+0800__CAM_FRONT_RIGHT__1537932262520339.jpg", "samples/CAM_BACK_LEFT/n015-2018-09-26-11-17-24+0800__CAM_BACK_LEFT__1537932262547423.jpg", "samples/CAM_BACK/n015-2018-09-26-11-17-24+0800__CAM_BACK__1537932262537525.jpg", "samples/CAM_BACK_RIGHT/n015-2018-09-26-11-17-24+0800__CAM_BACK_RIGHT__1537932262527893.jpg"], "intrinsics": [[[1272.5979470598488, 0.0, 826.6154927353808], [0.0, 1272.5979470598488, 479.75165386361925], [0.0, 0.0, 1.0]], [[1266.417203046554, 0.0, 816.2670197447984], [0.0, 1266.417203046554, 491.50706579294757], [0.0, 0.0, 1.0]], [[1260.8474446004698, 0.0, 807.968244525554], [0.0, 1260.8474446004698, 495.3344268742088], [0.0, 0.0, 1.0]], [[1256.7414812095406, 0.0, 792.1125740759628], [0.0, 1256.7414812095406, 492.7757465151356], [0.0, 0.0, 1.0]], [[809.2209905677063, 0.0, 829.2196003259838], [0.0, 809.2209905677063, 481.77842384512485], [0.0, 0.0, 1.0]], [[1259.5137405846733, 0.0, 807.2529053838625], [0.0, 1259.5137405846733, 501.19579884916527], [0.0, 0.0, 1.0]]], "extrinsics": [[[0.8205883502960205, -0.5710721015930176, -0.022613752633333206, -0.9437255859375], [-0.045216478407382965, -0.025427283719182014, -0.9986535906791687, 1.5070724487304688], [0.5697281956672668, 0.8205059766769409, -0.046687204390764236, -1.2653961181640625], [0.0, 0.0, 0.0, 1.0]], [[0.007032489404082298, -0.9995505809783936, 0.02913985587656498, 0.00506591796875], [-0.05052487179636955, -0.029458533972501755, -0.9982882738113403, 1.519439697265625], [0.9986979961395264, 0.005548167508095503, -0.050709329545497894, -1.670654296875], [0.0, 0.0, 0.0, 1.0]], [[-0.8317662477493286, -0.5533638596534729, 0.044195909053087234, 1.0181884765625], [-0.044946398586034775, -0.012221688404679298, -0.9989145994186401, 1.5028762817382812], [0.5533034205436707, -0.8328500390052795, -0.014706123620271683, -1.2393798828125], [0.0, 0.0, 0.0, 1.0]], [[0.9465523362159729, 0.3189699947834015, -0.04792546480894089, -1.1417236328125], [-0.03624192997813225, -0.04246743768453598, -0.9984402656555176, 1.5885381698608398], [-0.3205077648162842, 0.9468129277229309, -0.028637561947107315, -0.10400390625], [0.0, 0.0, 0.0, 1.0]], [[0.0009244596585631371, 0.9994674324989319, -0.03261961415410042, 0.00286865234375], [-0.0616595633327961, -0.03250059112906456, -0.9975679516792297, 1.5789451599121094], [-0.998096764087677, 0.0029335147701203823, 0.06159667298197746, -0.0050048828125], [0.0, 0.0, 0.0, 1.0]], [[-0.9347833395004272, 0.3545914590358734, 0.02109331451356411, 1.124267578125], [-0.029078572988510132, -0.017205428332090378, -0.9994290471076965, 1.5510807037353516], [-0.35402607917785645, -0.9348629713058472, 0.026394357904791832, -0.06805419921875], [0.0, 0.0, 0.0, 1.0]]], "view": [[0.0, -2.0, 100.0], [-2.0, 0.0, 100.0], [0.0, 0.0, 1.0]], "bev": "bev_bf7b9cfe7d55452f855e0f2e902ef523.png", "aux": "aux_bf7b9cfe7d55452f855e0f2e902ef523.npz", "visibility": "visibility_bf7b9cfe7d55452f855e0f2e902ef523.png", "pose": [[0.06366171687841415, 0.9979715347290039, 0.0, 908.7696533203125], [-0.9979715347290039, 0.06366171687841415, 0.0, 1566.3485107421875], [0.0, 0.0, 1.0, 0.0], [0.0, 0.0, 0.0, 1.0]], "pose_inverse": [[0.06366171687841415, -0.9979715347290039, 0.0, 1505.3173828125], [0.9979715347290039, 0.06366171687841415, 0.0, -1006.6427001953125], [0.0, 0.0, 1.0, 0.0], [0.0, 0.0, 0.0, 1.0]], "cam_ids": [0, 1, 2, 3, 4, 5], "cam_channels": ["CAM_FRONT_LEFT", "CAM_FRONT", "CAM_FRONT_RIGHT", "CAM_BACK_LEFT", "CAM_BACK", "CAM_BACK_RIGHT"], "token": "bf7b9cfe7d55452f855e0f2e902ef523", "scene": "scene-0958"}, {"images": ["samples/CAM_FRONT_LEFT/n015-2018-09-26-11-17-24+0800__CAM_FRONT_LEFT__1537932263004844.jpg", "samples/CAM_FRONT/n015-2018-09-26-11-17-24+0800__CAM_FRONT__1537932263012460.jpg", "samples/CAM_FRONT_RIGHT/n015-2018-09-26-11-17-24+0800__CAM_FRONT_RIGHT__1537932263020339.jpg", "samples/CAM_BACK_LEFT/n015-2018-09-26-11-17-24+0800__CAM_BACK_LEFT__1537932263047423.jpg", "samples/CAM_BACK/n015-2018-09-26-11-17-24+0800__CAM_BACK__1537932263037525.jpg", "samples/CAM_BACK_RIGHT/n015-2018-09-26-11-17-24+0800__CAM_BACK_RIGHT__1537932263027893.jpg"], "intrinsics": [[[1272.5979470598488, 0.0, 826.6154927353808], [0.0, 1272.5979470598488, 479.75165386361925], [0.0, 0.0, 1.0]], [[1266.417203046554, 0.0, 816.2670197447984], [0.0, 1266.417203046554, 491.50706579294757], [0.0, 0.0, 1.0]], [[1260.8474446004698, 0.0, 807.968244525554], [0.0, 1260.8474446004698, 495.3344268742088], [0.0, 0.0, 1.0]], [[1256.7414812095406, 0.0, 792.1125740759628], [0.0, 1256.7414812095406, 492.7757465151356], [0.0, 0.0, 1.0]], [[809.2209905677063, 0.0, 829.2196003259838], [0.0, 809.2209905677063, 481.77842384512485], [0.0, 0.0, 1.0]], [[1259.5137405846733, 0.0, 807.2529053838625], [0.0, 1259.5137405846733, 501.19579884916527], [0.0, 0.0, 1.0]]], "extrinsics": [[[0.820260763168335, -0.5713208913803101, -0.027653206139802933, -0.9259033203125], [-0.048520080745220184, -0.02132738009095192, -0.9985944628715515, 1.5059242248535156], [0.5699281692504883, 0.8204496502876282, -0.04521454498171806, -1.252889633178711], [0.0, 0.0, 0.0, 1.0]], [[0.0067437635734677315, -0.999665379524231, 0.024975165724754333, 0.00518798828125], [-0.05388389900326729, -0.025302724912762642, -0.9982266426086426, 1.5184135437011719], [0.9985244274139404, 0.005386053584516048, -0.054036498069763184, -1.6529541015625], [0.0, 0.0, 0.0, 1.0]], [[-0.8318002820014954, -0.5532715916633606, 0.04470900446176529, 1.00689697265625], [-0.048358652740716934, -0.008007866330444813, -0.9987979531288147, 1.5021629333496094], [0.5529645085334778, -0.8329623937606812, -0.020094525068998337, -1.2318115234375], [0.0, 0.0, 0.0, 1.0]], [[0.9464431405067444, 0.3189801573753357, -0.04996972903609276, -1.14501953125], [-0.039882250130176544, -0.03808203339576721, -0.9984784126281738, 1.5886707305908203], [-0.3203977346420288, 0.9469959735870361, -0.023320836946368217, -0.1029052734375], [0.0, 0.0, 0.0, 1.0]], [[0.0010672534117475152, 0.9995995163917542, -0.028281809762120247, 0.00286865234375], [-0.0652121752500534, -0.02815205603837967, -0.9974742531776428, 1.5786895751953125], [-0.9978708624839783, 0.0029088687151670456, 0.0651560053229332, -0.0081787109375], [0.0, 0.0, 0.0, 1.0]], [[-0.9345974326133728, 0.3547658324241638, 0.02586139552295208, 1.115478515625], [-0.032562315464019775, -0.012930043041706085, -0.9993860721588135, 1.5507316589355469], [-0.3542136549949646, -0.9348657727241516, 0.023636382073163986, -0.0714111328125], [0.0, 0.0, 0.0, 1.0]]], "view": [[0.0, -2.0, 100.0], [-2.0, 0.0, 100.0], [0.0, 0.0, 1.0]], "bev": "bev_a74a308741c94c5f874c909642d9eb06.png", "aux": "aux_a74a308741c94c5f874c909642d9eb06.npz", "visibility": "visibility_a74a308741c94c5f874c909642d9eb06.png", "pose": [[0.06537380814552307, 0.997860848903656, 0.0, 908.8001708984375], [-0.997860848903656, 0.06537380814552307, 0.0, 1565.881103515625], [0.0, 0.0, 1.0, 0.0], [0.0, 0.0, 0.0, 1.0]], "pose_inverse": [[0.06537380814552307, -0.997860848903656, 0.0, 1503.1197509765625], [0.997860848903656, 0.06537380814552307, 0.0, -1009.2236938476562], [0.0, 0.0, 1.0, 0.0], [0.0, 0.0, 0.0, 1.0]], "cam_ids": [0, 1, 2, 3, 4, 5], "cam_channels": ["CAM_FRONT_LEFT", "CAM_FRONT", "CAM_FRONT_RIGHT", "CAM_BACK_LEFT", "CAM_BACK", "CAM_BACK_RIGHT"], "token": "a74a308741c94c5f874c909642d9eb06", "scene": "scene-0958"}, {"images": ["samples/CAM_FRONT_LEFT/n015-2018-09-26-11-17-24+0800__CAM_FRONT_LEFT__1537932263504844.jpg", "samples/CAM_FRONT/n015-2018-09-26-11-17-24+0800__CAM_FRONT__1537932263512460.jpg", "samples/CAM_FRONT_RIGHT/n015-2018-09-26-11-17-24+0800__CAM_FRONT_RIGHT__1537932263520339.jpg", "samples/CAM_BACK_LEFT/n015-2018-09-26-11-17-24+0800__CAM_BACK_LEFT__1537932263547423.jpg", "samples/CAM_BACK/n015-2018-09-26-11-17-24+0800__CAM_BACK__1537932263537525.jpg", "samples/CAM_BACK_RIGHT/n015-2018-09-26-11-17-24+0800__CAM_BACK_RIGHT__1537932263527893.jpg"], "intrinsics": [[[1272.5979470598488, 0.0, 826.6154927353808], [0.0, 1272.5979470598488, 479.75165386361925], [0.0, 0.0, 1.0]], [[1266.417203046554, 0.0, 816.2670197447984], [0.0, 1266.417203046554, 491.50706579294757], [0.0, 0.0, 1.0]], [[1260.8474446004698, 0.0, 807.968244525554], [0.0, 1260.8474446004698, 495.3344268742088], [0.0, 0.0, 1.0]], [[1256.7414812095406, 0.0, 792.1125740759628], [0.0, 1256.7414812095406, 492.7757465151356], [0.0, 0.0, 1.0]], [[809.2209905677063, 0.0, 829.2196003259838], [0.0, 809.2209905677063, 481.77842384512485], [0.0, 0.0, 1.0]], [[1259.5137405846733, 0.0, 807.2529053838625], [0.0, 1259.5137405846733, 501.19579884916527], [0.0, 0.0, 1.0]]], "extrinsics": [[[0.8202912211418152, -0.5713168978691101, -0.026818232610821724, -0.923828125], [-0.0496540404856205, -0.024423634633421898, -0.9984678030014038, 1.5057640075683594], [0.5697864890098572, 0.8203660249710083, -0.048402685672044754, -1.2517242431640625], [0.0, 0.0, 0.0, 1.0]], [[0.006885120179504156, -0.9995789527893066, 0.02818390727043152, 0.00537109375], [-0.054876625537872314, -0.02851979248225689, -0.9980857372283936, 1.5182914733886719], [0.998469352722168, 0.005325303412973881, -0.05504988506436348, -1.6513671875], [0.0, 0.0, 0.0, 1.0]], [[-0.8316887617111206, -0.5532266497612, 0.047265734523534775, 1.0059814453125], [-0.04920760542154312, -0.01135160867124796, -0.9987239837646484, 1.5020942687988281], [0.5530573129653931, -0.8329533934593201, -0.017781948670744896, -1.231201171875], [0.0, 0.0, 0.0, 1.0]], [[0.9463451504707336, 0.3190394341945648, -0.05142591521143913, -1.1427001953125], [-0.04019928723573685, -0.04167890548706055, -0.9983220100402832, 1.5885677337646484], [-0.3206475079059601, 0.9468244910240173, -0.026617472991347313, -0.103759765625], [0.0, 0.0, 0.0, 1.0]], [[0.0008625652408227324, 0.999493420124054, -0.03181397169828415, 0.0028076171875], [-0.06572713702917099, -0.031688522547483444, -0.997334361076355, 1.5786209106445312], [-0.9978371858596802, 0.0029513128101825714, 0.06566651165485382, -0.0093994140625], [0.0, 0.0, 0.0, 1.0]], [[-0.9346311688423157, 0.35471832752227783, 0.02528674714267254, 1.115234375], [-0.03325238451361656, -0.01637735404074192, -0.9993128180503845, 1.5506973266601562], [-0.35406044125556946, -0.9348297715187073, 0.027102015912532806, -0.071563720703125], [0.0, 0.0, 0.0, 1.0]]], "view": [[0.0, -2.0, 100.0], [-2.0, 0.0, 100.0], [0.0, 0.0, 1.0]], "bev": "bev_ec74476d0b5a4cc4b97fd222ee7a91be.png", "aux": "aux_ec74476d0b5a4cc4b97fd222ee7a91be.npz", "visibility": "visibility_ec74476d0b5a4cc4b97fd222ee7a91be.png", "pose": [[0.06855016946792603, 0.9976476430892944, 0.0, 908.843017578125], [-0.9976476430892944, 0.06855016946792603, 0.0, 1565.275146484375], [0.0, 0.0, 1.0, 0.0], [0.0, 0.0, 0.0, 1.0]], "pose_inverse": [[0.06855016946792603, -0.9976476430892944, 0.0, 1499.291748046875], [0.9976476430892944, 0.06855016946792603, 0.0, -1014.0050048828125], [0.0, 0.0, 1.0, 0.0], [0.0, 0.0, 0.0, 1.0]], "cam_ids": [0, 1, 2, 3, 4, 5], "cam_channels": ["CAM_FRONT_LEFT", "CAM_FRONT", "CAM_FRONT_RIGHT", "CAM_BACK_LEFT", "CAM_BACK", "CAM_BACK_RIGHT"], "token": "ec74476d0b5a4cc4b97fd222ee7a91be", "scene": "scene-0958"}, {"images": ["samples/CAM_FRONT_LEFT/n015-2018-09-26-11-17-24+0800__CAM_FRONT_LEFT__1537932264004844.jpg", "samples/CAM_FRONT/n015-2018-09-26-11-17-24+0800__CAM_FRONT__1537932264012460.jpg", "samples/CAM_FRONT_RIGHT/n015-2018-09-26-11-17-24+0800__CAM_FRONT_RIGHT__1537932264020339.jpg", "samples/CAM_BACK_LEFT/n015-2018-09-26-11-17-24+0800__CAM_BACK_LEFT__1537932264047423.jpg", "samples/CAM_BACK/n015-2018-09-26-11-17-24+0800__CAM_BACK__1537932264037525.jpg", "samples/CAM_BACK_RIGHT/n015-2018-09-26-11-17-24+0800__CAM_BACK_RIGHT__1537932264027893.jpg"], "intrinsics": [[[1272.5979470598488, 0.0, 826.6154927353808], [0.0, 1272.5979470598488, 479.75165386361925], [0.0, 0.0, 1.0]], [[1266.417203046554, 0.0, 816.2670197447984], [0.0, 1266.417203046554, 491.50706579294757], [0.0, 0.0, 1.0]], [[1260.8474446004698, 0.0, 807.968244525554], [0.0, 1260.8474446004698, 495.3344268742088], [0.0, 0.0, 1.0]], [[1256.7414812095406, 0.0, 792.1125740759628], [0.0, 1256.7414812095406, 492.7757465151356], [0.0, 0.0, 1.0]], [[809.2209905677063, 0.0, 829.2196003259838], [0.0, 809.2209905677063, 481.77842384512485], [0.0, 0.0, 1.0]], [[1259.5137405846733, 0.0, 807.2529053838625], [0.0, 1259.5137405846733, 501.19579884916527], [0.0, 0.0, 1.0]]], "extrinsics": [[[0.8199341893196106, -0.5718506574630737, -0.026358263567090034, -0.9158935546875], [-0.048280905932188034, -0.0231996588408947, -0.9985643029212952, 1.5053482055664062], [0.570418119430542, 0.820029616355896, -0.04663165658712387, -1.2459678649902344], [0.0, 0.0, 0.0, 1.0]], [[0.0062653860077261925, -0.999615490436554, 0.027010047808289528, 0.00537109375], [-0.0535358265042305, -0.02730715274810791, -0.9981924891471863, 1.5179023742675781], [0.9985462427139282, 0.004808055702596903, -0.05368633195757866, -1.64306640625], [0.0, 0.0, 0.0, 1.0]], [[-0.8320067524909973, -0.5528953075408936, 0.04551416262984276, 1.0006103515625], [-0.04788887873291969, -0.010156934149563313, -0.9988009929656982, 1.5018196105957031], [0.5526946783065796, -0.8331888318061829, -0.018026897683739662, -1.2276611328125], [0.0, 0.0, 0.0, 1.0]], [[0.9464359283447266, 0.3189849853515625, -0.050076767802238464, -1.1405029296875], [-0.039087045937776566, -0.040765102952718735, -0.9984039068222046, 1.588484764099121], [-0.32051724195480347, 0.9468826651573181, -0.026113370433449745, -0.1044921875], [0.0, 0.0, 0.0, 1.0]], [[0.001121146255172789, 0.9995254874229431, -0.0307856947183609, 0.00274658203125], [-0.06452702730894089, -0.030649246647953987, -0.9974452257156372, 1.5784187316894531], [-0.9979153275489807, 0.0031047805678099394, 0.06446202844381332, -0.0125732421875], [0.0, 0.0, 0.0, 1.0]], [[-0.934539258480072, 0.35501572489738464, 0.02449822798371315, 1.110595703125], [-0.03198505565524101, -0.015234365127980709, -0.9993722438812256, 1.5505714416503906], [-0.35441961884498596, -0.9347361922264099, 0.02559230849146843, -0.0732421875], [0.0, 0.0, 0.0, 1.0]]], "view": [[0.0, -2.0, 100.0], [-2.0, 0.0, 100.0], [0.0, 0.0, 1.0]], "bev": "bev_19bf846b1a4e4bf2a3db641f52537d41.png", "aux": "aux_19bf846b1a4e4bf2a3db641f52537d41.npz", "visibility": "visibility_19bf846b1a4e4bf2a3db641f52537d41.png", "pose": [[0.07591666281223297, 0.9971141815185547, 0.0, 908.8900146484375], [-0.9971141815185547, 0.07591666281223297, 0.0, 1564.652587890625], [0.0, 0.0, 1.0, 0.0], [0.0, 0.0, 0.0, 1.0]], "pose_inverse": [[0.07591666281223297, -0.9971141815185547, 0.0, 1491.1373291015625], [0.9971141815185547, 0.07591666281223297, 0.0, -1025.05029296875], [0.0, 0.0, 1.0, 0.0], [0.0, 0.0, 0.0, 1.0]], "cam_ids": [0, 1, 2, 3, 4, 5], "cam_channels": ["CAM_FRONT_LEFT", "CAM_FRONT", "CAM_FRONT_RIGHT", "CAM_BACK_LEFT", "CAM_BACK", "CAM_BACK_RIGHT"], "token": "19bf846b1a4e4bf2a3db641f52537d41", "scene": "scene-0958"}, {"images": ["samples/CAM_FRONT_LEFT/n015-2018-09-26-11-17-24+0800__CAM_FRONT_LEFT__1537932264504844.jpg", "samples/CAM_FRONT/n015-2018-09-26-11-17-24+0800__CAM_FRONT__1537932264512460.jpg", "samples/CAM_FRONT_RIGHT/n015-2018-09-26-11-17-24+0800__CAM_FRONT_RIGHT__1537932264520339.jpg", "samples/CAM_BACK_LEFT/n015-2018-09-26-11-17-24+0800__CAM_BACK_LEFT__1537932264547423.jpg", "samples/CAM_BACK/n015-2018-09-26-11-17-24+0800__CAM_BACK__1537932264537525.jpg", "samples/CAM_BACK_RIGHT/n015-2018-09-26-11-17-24+0800__CAM_BACK_RIGHT__1537932264527893.jpg"], "intrinsics": [[[1272.5979470598488, 0.0, 826.6154927353808], [0.0, 1272.5979470598488, 479.75165386361925], [0.0, 0.0, 1.0]], [[1266.417203046554, 0.0, 816.2670197447984], [0.0, 1266.417203046554, 491.50706579294757], [0.0, 0.0, 1.0]], [[1260.8474446004698, 0.0, 807.968244525554], [0.0, 1260.8474446004698, 495.3344268742088], [0.0, 0.0, 1.0]], [[1256.7414812095406, 0.0, 792.1125740759628], [0.0, 1256.7414812095406, 492.7757465151356], [0.0, 0.0, 1.0]], [[809.2209905677063, 0.0, 829.2196003259838], [0.0, 809.2209905677063, 481.77842384512485], [0.0, 0.0, 1.0]], [[1259.5137405846733, 0.0, 807.2529053838625], [0.0, 1259.5137405846733, 501.19579884916527], [0.0, 0.0, 1.0]]], "extrinsics": [[[0.8199270963668823, -0.5719773173332214, -0.023696472868323326, -0.9080810546875], [-0.044270072132349014, -0.022082652896642685, -0.9987754821777344, 1.5051612854003906], [0.5707536339759827, 0.8199721574783325, -0.043427638709545135, -1.2404661178588867], [0.0, 0.0, 0.0, 1.0]], [[0.006014945451170206, -0.9996467232704163, 0.025887498632073402, 0.00537109375], [-0.049445245414972305, -0.02615361660718918, -0.9984343647956848, 1.5177154541015625], [0.9987587332725525, 0.004725513514131308, -0.04958508908748627, -1.6353759765625], [0.0, 0.0, 0.0, 1.0]], [[-0.8322550058364868, -0.5528467893600464, 0.04137500748038292, 0.9957275390625], [-0.04370969533920288, -0.008964844048023224, -0.9990040063858032, 1.5017242431640625], [0.5526671409606934, -0.8332346081733704, -0.016703732311725616, -1.2244873046875], [0.0, 0.0, 0.0, 1.0]], [[0.9466536641120911, 0.3190340995788574, -0.045430928468704224, -1.1439208984375], [-0.034637052565813065, -0.03942846134305, -0.9986218810081482, 1.588618278503418], [-0.3203856348991394, 0.9469227194786072, -0.026274699717760086, -0.1031494140625], [0.0, 0.0, 0.0, 1.0]], [[0.0013153607724234462, 0.9995638728141785, -0.02950180508196354, 0.0028076171875], [-0.0601830482482910