[{"images": ["samples/CAM_FRONT_LEFT/n015-2018-10-08-15-52-24+0800__CAM_FRONT_LEFT__1538985699254844.jpg", "samples/CAM_FRONT/n015-2018-10-08-15-52-24+0800__CAM_FRONT__1538985699262468.jpg", "samples/CAM_FRONT_RIGHT/n015-2018-10-08-15-52-24+0800__CAM_FRONT_RIGHT__1538985699270339.jpg", "samples/CAM_BACK_LEFT/n015-2018-10-08-15-52-24+0800__CAM_BACK_LEFT__1538985699297423.jpg", "samples/CAM_BACK/n015-2018-10-08-15-52-24+0800__CAM_BACK__1538985699287525.jpg", "samples/CAM_BACK_RIGHT/n015-2018-10-08-15-52-24+0800__CAM_BACK_RIGHT__1538985699277893.jpg"], "intrinsics": [[[1272.5979470598488, 0.0, 826.6154927353808], [0.0, 1272.5979470598488, 479.75165386361925], [0.0, 0.0, 1.0]], [[1266.417203046554, 0.0, 816.2670197447984], [0.0, 1266.417203046554, 491.50706579294757], [0.0, 0.0, 1.0]], [[1260.8474446004698, 0.0, 807.968244525554], [0.0, 1260.8474446004698, 495.3344268742088], [0.0, 0.0, 1.0]], [[1256.7414812095406, 0.0, 792.1125740759628], [0.0, 1256.7414812095406, 492.7757465151356], [0.0, 0.0, 1.0]], [[809.2209905677063, 0.0, 829.2196003259838], [0.0, 809.2209905677063, 481.77842384512485], [0.0, 0.0, 1.0]], [[1259.5137405846733, 0.0, 807.2529053838625], [0.0, 1259.5137405846733, 501.19579884916527], [0.0, 0.0, 1.0]]], "extrinsics": [[[0.8209294080734253, -0.5709420442581177, 0.010007604025304317, -0.68914794921875], [1.7972097339225e-05, -0.017499705776572227, -0.999846875667572, 1.5082778930664062], [0.5710297226905823, 0.8208038806915283, -0.014355761930346489, -1.089599609375], [0.0, 0.0, 0.0, 1.0]], [[0.005910593084990978, -0.9997496604919434, 0.02157909981906414, 0.008056640625], [-0.00527877127751708, -0.02161037176847458, -0.9997525811195374, 1.5191001892089844], [0.9999685883522034, 0.005795266013592482, -0.005405179690569639, -1.4171142578125], [0.0, 0.0, 0.0, 1.0]], [[-0.8328414559364319, -0.5535073280334473, 0.002155792899429798, 0.855224609375], [0.0003432412340771407, -0.004411210771650076, -0.9999901652336121, 1.5037202835083008], [0.5535114407539368, -0.8328326344490051, 0.0038638263940811157, -1.1300048828125], [0.0, 0.0, 0.0, 1.0]], [[0.9477717280387878, 0.31893813610076904, -0.0026874879840761423, -1.142822265625], [0.00891061034053564, -0.03490008786320686, -0.9993510842323303, 1.5885696411132812], [-0.31882497668266296, 0.9471327662467957, -0.035919249057769775, -0.1038818359375], [0.0, 0.0, 0.0, 1.0]], [[0.0024028997868299484, 0.9996885657310486, -0.024841183796525, 0.002685546875], [-0.016457004472613335, -0.024798361584544182, -0.9995570182800293, 1.5780868530273438], [-0.9998617172241211, 0.0028106016106903553, 0.016392290592193604, -0.0760498046875], [0.0, 0.0, 0.0, 1.0]], [[-0.9348013997077942, 0.35468819737434387, -0.018504567444324493, 0.992523193359375], [0.0162139181047678, -0.009429463185369968, -0.999824047088623, 1.5539460182189941], [-0.354800283908844, -0.9349371194839478, 0.0030637895688414574, -0.11767578125], [0.0, 0.0, 0.0, 1.0]]], "view": [[0.0, -2.0, 100.0], [-2.0, 0.0, 100.0], [0.0, 0.0, 1.0]], "bev": "bev_e1beb90023384430be44be58399cd51b.png", "aux": "aux_e1beb90023384430be44be58399cd51b.npz", "visibility": "visibility_e1beb90023384430be44be58399cd51b.png", "pose": [[0.8687249422073364, 0.49529486894607544, 0.0, 2321.325439453125], [-0.49529486894607544, 0.8687249422073364, 0.0, 1393.7537841796875], [0.0, 0.0, 1.0, 0.0], [0.0, 0.0, 0.0, 1.0]], "pose_inverse": [[0.8687249422073364, -0.49529486894607544, 0.0, -1326.274169921875], [0.49529486894607544, 0.8687249422073364, 0.0, -2360.529296875], [0.0, 0.0, 1.0, 0.0], [0.0, 0.0, 0.0, 1.0]], "cam_ids": [0, 1, 2, 3, 4, 5], "cam_channels": ["CAM_FRONT_LEFT", "CAM_FRONT", "CAM_FRONT_RIGHT", "CAM_BACK_LEFT", "CAM_BACK", "CAM_BACK_RIGHT"], "token": "e1beb90023384430be44be58399cd51b", "scene": "scene-0438"}, {"images": ["samples/CAM_FRONT_LEFT/n015-2018-10-08-15-52-24+0800__CAM_FRONT_LEFT__1538985699754844.jpg", "samples/CAM_FRONT/n015-2018-10-08-15-52-24+0800__CAM_FRONT__1538985699762460.jpg", "samples/CAM_FRONT_RIGHT/n015-2018-10-08-15-52-24+0800__CAM_FRONT_RIGHT__1538985699770339.jpg", "samples/CAM_BACK_LEFT/n015-2018-10-08-15-52-24+0800__CAM_BACK_LEFT__1538985699797423.jpg", "samples/CAM_BACK/n015-2018-10-08-15-52-24+0800__CAM_BACK__1538985699787525.jpg", "samples/CAM_BACK_RIGHT/n015-2018-10-08-15-52-24+0800__CAM_BACK_RIGHT__1538985699777893.jpg"], "intrinsics": [[[1272.5979470598488, 0.0, 826.6154927353808], [0.0, 1272.5979470598488, 479.75165386361925], [0.0, 0.0, 1.0]], [[1266.417203046554, 0.0, 816.2670197447984], [0.0, 1266.417203046554, 491.50706579294757], [0.0, 0.0, 1.0]], [[1260.8474446004698, 0.0, 807.968244525554], [0.0, 1260.8474446004698, 495.3344268742088], [0.0, 0.0, 1.0]], [[1256.7414812095406, 0.0, 792.1125740759628], [0.0, 1256.7414812095406, 492.7757465151356], [0.0, 0.0, 1.0]], [[809.2209905677063, 0.0, 829.2196003259838], [0.0, 809.2209905677063, 481.77842384512485], [0.0, 0.0, 1.0]], [[1259.5137405846733, 0.0, 807.2529053838625], [0.0, 1259.5137405846733, 501.19579884916527], [0.0, 0.0, 1.0]]], "extrinsics": [[[0.8211344480514526, -0.5706979632377625, 0.006478708703070879, -0.683349609375], [-0.0070944977924227715, -0.021557070314884186, -0.9997424483299255, 1.5058364868164062], [0.5706906914710999, 0.8208770155906677, -0.0217500701546669, -1.085205078125], [0.0, 0.0, 0.0, 1.0]], [[0.006260280963033438, -0.9996533393859863, 0.02557344175875187, 0.007568359375], [-0.01238555833697319, -0.025649497285485268, -0.9995942711830139, 1.5170745849609375], [0.9999036192893982, 0.005941077601164579, -0.01254183892160654, -1.4114990234375], [0.0, 0.0, 0.0, 1.0]], [[-0.8327381610870361, -0.5535704493522644, 0.010333612561225891, 0.8515625], [-0.0067598517052829266, -0.008497228845953941, -0.9999409914016724, 1.5021800994873047], [0.5536256432533264, -0.832758903503418, 0.003333912929520011, -1.1278076171875], [0.0, 0.0, 0.0, 1.0]], [[0.9477314949035645, 0.31889137625694275, -0.010647882707417011, -1.1494140625], [0.001955021172761917, -0.03917485848069191, -0.9992303848266602, 1.5885391235351562], [-0.31906309723854065, 0.9469813704490662, -0.03775068745017052, -0.101318359375], [0.0, 0.0, 0.0, 1.0]], [[0.00220800400711596, 0.9995745420455933, -0.029085667803883553, 0.002685546875], [-0.023475281894207, -0.029025912284851074, -0.9993029832839966, 1.5775909423828125], [-0.9997219443321228, 0.0028892834670841694, 0.023401200771331787, -0.0738525390625], [0.0, 0.0, 0.0, 1.0]], [[-0.9349263310432434, 0.35459011793136597, -0.013361097313463688, 0.989776611328125], [0.009138708002865314, -0.013579867780208588, -0.9998660087585449, 1.552886962890625], [-0.35472404956817627, -0.9349232316017151, 0.009455681778490543, -0.118896484375], [0.0, 0.0, 0.0, 1.0]]], "view": [[0.0, -2.0, 100.0], [-2.0, 0.0, 100.0], [0.0, 0.0, 1.0]], "bev": "bev_c3fddb8380d94b1ab0e32758549e4c51.png", "aux": "aux_c3fddb8380d94b1ab0e32758549e4c51.npz", "visibility": "visibility_c3fddb8380d94b1ab0e32758549e4c51.png", "pose": [[0.865551769733429, 0.5008194446563721, 0.0, 2324.813720703125], [-0.5008194446563721, 0.865551769733429, 0.0, 1391.7384033203125], [0.0, 0.0, 1.0, 0.0], [0.0, 0.0, 0.0, 1.0]], "pose_inverse": [[0.865551769733429, -0.5008194446563721, 0.0, -1315.237060546875], [0.5008194446563721, 0.865551769733429, 0.0, -2368.93359375], [0.0, 0.0, 1.0, 0.0], [0.0, 0.0, 0.0, 1.0]], "cam_ids": [0, 1, 2, 3, 4, 5], "cam_channels": ["CAM_FRONT_LEFT", "CAM_FRONT", "CAM_FRONT_RIGHT", "CAM_BACK_LEFT", "CAM_BACK", "CAM_BACK_RIGHT"], "token": "c3fddb8380d94b1ab0e32758549e4c51", "scene": "scene-0438"}, {"images": ["samples/CAM_FRONT_LEFT/n015-2018-10-08-15-52-24+0800__CAM_FRONT_LEFT__1538985700254844.jpg", "samples/CAM_FRONT/n015-2018-10-08-15-52-24+0800__CAM_FRONT__1538985700262460.jpg", "samples/CAM_FRONT_RIGHT/n015-2018-10-08-15-52-24+0800__CAM_FRONT_RIGHT__1538985700270339.jpg", "samples/CAM_BACK_LEFT/n015-2018-10-08-15-52-24+0800__CAM_BACK_LEFT__1538985700297431.jpg", "samples/CAM_BACK/n015-2018-10-08-15-52-24+0800__CAM_BACK__1538985700287525.jpg", "samples/CAM_BACK_RIGHT/n015-2018-10-08-15-52-24+0800__CAM_BACK_RIGHT__1538985700277893.jpg"], "intrinsics": [[[1272.5979470598488, 0.0, 826.6154927353808], [0.0, 1272.5979470598488, 479.75165386361925], [0.0, 0.0, 1.0]], [[1266.417203046554, 0.0, 816.2670197447984], [0.0, 1266.417203046554, 491.50706579294757], [0.0, 0.0, 1.0]], [[1260.8474446004698, 0.0, 807.968244525554], [0.0, 1260.8474446004698, 495.3344268742088], [0.0, 0.0, 1.0]], [[1256.7414812095406, 0.0, 792.1125740759628], [0.0, 1256.7414812095406, 492.7757465151356], [0.0, 0.0, 1.0]], [[809.2209905677063, 0.0, 829.2196003259838], [0.0, 809.2209905677063, 481.77842384512485], [0.0, 0.0, 1.0]], [[1259.5137405846733, 0.0, 807.2529053838625], [0.0, 1259.5137405846733, 501.19579884916527], [0.0, 0.0, 1.0]]], "extrinsics": [[[0.8205569982528687, -0.5714900493621826, 0.00923337135463953, -0.661712646484375], [-0.007799054495990276, -0.027348164469003677, -0.999595582485199, 1.5054092407226562], [0.571511447429657, 0.8201531171798706, -0.02689780853688717, -1.07080078125], [0.0, 0.0, 0.0, 1.0]], [[0.005437351763248444, -0.999492347240448, 0.03139053285121918, 0.008056640625], [-0.013164065778255463, -0.03145981952548027, -0.999418318271637, 1.5165786743164062], [0.9998984932899475, 0.0050209276378154755, -0.013328440487384796, -1.3890380859375], [0.0, 0.0, 0.0, 1.0]], [[-0.8330958485603333, -0.5529447197914124, 0.014259414747357368, 0.83642578125], [-0.007606557570397854, -0.014324301853775978, -0.9998684525489807, 1.5018653869628906], [0.5530762076377869, -0.8330947756767273, 0.0077275121584534645, -1.1171875], [0.0, 0.0, 0.0, 1.0]], [[0.9478061199188232, 0.3185690641403198, -0.013317291624844074, -1.1396484375], [0.0011112346546724439, -0.045067109167575836, -0.9989833235740662, 1.58856201171875], [-0.318845272064209, 0.9468277096748352, -0.043068889528512955, -0.1046142578125], [0.0, 0.0, 0.0, 1.0]], [[0.0025544138625264168, 0.9993855953216553, -0.03495585173368454, 0.00244140625], [-0.02434212900698185, -0.034883465617895126, -0.9990949034690857, 1.5772171020507812], [-0.9997004270553589, 0.0034029888920485973, 0.024238064885139465, -0.0865478515625], [0.0, 0.0, 0.0, 1.0]], [[-0.9347634315490723, 0.35496920347213745, -0.014634847640991211, 0.975616455078125], [0.008272673934698105, -0.019434334710240364, -0.9997769594192505, 1.5528793334960938], [-0.3551744222640991, -0.9346760511398315, 0.015229962766170502, -0.123779296875], [0.0, 0.0, 0.0, 1.0]]], "view": [[0.0, -2.0, 100.0], [-2.0, 0.0, 100.0], [0.0, 0.0, 1.0]], "bev": "bev_f312087ee6374da9b899b36d3a2de2bd.png", "aux": "aux_f312087ee6374da9b899b36d3a2de2bd.npz", "visibility": "visibility_f312087ee6374da9b899b36d3a2de2bd.png", "pose": [[0.8626652359962463, 0.5057753324508667, 0.0, 2328.453369140625], [-0.5057753324508667, 0.8626652359962463, 0.0, 1389.593505859375], [0.0, 0.0, 1.0, 0.0], [0.0, 0.0, 0.0, 1.0]], "pose_inverse": [[0.8626652359962463, -0.5057753324508667, 0.0, -1305.8536376953125], [0.5057753324508667, 0.8626652359962463, 0.0, -2376.42822265625], [0.0, 0.0, 1.0, 0.0], [0.0, 0.0, 0.0, 1.0]], "cam_ids": [0, 1, 2, 3, 4, 5], "cam_channels": ["CAM_FRONT_LEFT", "CAM_FRONT", "CAM_FRONT_RIGHT", "CAM_BACK_LEFT", "CAM_BACK", "CAM_BACK_RIGHT"], "token": "f312087ee6374da9b899b36d3a2de2bd", "scene": "scene-0438"}, {"images": ["samples/CAM_FRONT_LEFT/n015-2018-10-08-15-52-24+0800__CAM_FRONT_LEFT__1538985700754844.jpg", "samples/CAM_FRONT/n015-2018-10-08-15-52-24+0800__CAM_FRONT__1538985700762460.jpg", "samples/CAM_FRONT_RIGHT/n015-2018-10-08-15-52-24+0800__CAM_FRONT_RIGHT__1538985700770339.jpg", "samples/CAM_BACK_LEFT/n015-2018-10-08-15-52-24+0800__CAM_BACK_LEFT__1538985700797423.jpg", "samples/CAM_BACK/n015-2018-10-08-15-52-24+0800__CAM_BACK__1538985700787525.jpg", "samples/CAM_BACK_RIGHT/n015-2018-10-08-15-52-24+0800__CAM_BACK_RIGHT__1538985700777893.jpg"], "intrinsics": [[[1272.5979470598488, 0.0, 826.6154927353808], [0.0, 1272.5979470598488, 479.75165386361925], [0.0, 0.0, 1.0]], [[1266.417203046554, 0.0, 816.2670197447984], [0.0, 1266.417203046554, 491.50706579294757], [0.0, 0.0, 1.0]], [[1260.8474446004698, 0.0, 807.968244525554], [0.0, 1260.8474446004698, 495.3344268742088], [0.0, 0.0, 1.0]], [[1256.7414812095406, 0.0, 792.1125740759628], [0.0, 1256.7414812095406, 492.7757465151356], [0.0, 0.0, 1.0]], [[809.2209905677063, 0.0, 829.2196003259838], [0.0, 809.2209905677063, 481.77842384512485], [0.0, 0.0, 1.0]], [[1259.5137405846733, 0.0, 807.2529053838625], [0.0, 1259.5137405846733, 501.19579884916527], [0.0, 0.0, 1.0]]], "extrinsics": [[[0.8203468918800354, -0.5716443061828613, 0.015932416543364525, -0.653228759765625], [-0.004848699551075697, -0.034812185913324356, -0.9993821382522583, 1.5065155029296875], [0.5718456506729126, 0.8197627067565918, -0.031329795718193054, -1.06640625], [0.0, 0.0, 0.0, 1.0]], [[0.005077451933175325, -0.9992277026176453, 0.03896443173289299, 0.009033203125], [-0.0100556006655097, -0.03901398554444313, -0.9991881251335144, 1.5175094604492188], [0.9999365210533142, 0.0046815816313028336, -0.010245926678180695, -1.382568359375], [0.0, 0.0, 0.0, 1.0]], [[-0.8332592248916626, -0.5526579022407532, 0.015757091343402863, 0.833984375], [-0.004321853164583445, -0.021988123655319214, -0.9997488856315613, 1.5026435852050781], [0.5528656244277954, -0.8331181406974792, 0.01593330129981041, -1.115234375], [0.0, 0.0, 0.0, 1.0]], [[0.9478591680526733, 0.31844669580459595, -0.01244243886321783, -1.1448974609375], [0.00470651825889945, -0.053025878965854645, -0.9985820055007935, 1.5885391235351562], [-0.3186548948287964, 0.9464565515518188, -0.05175984278321266, -0.1026611328125], [0.0, 0.0, 0.0, 1.0]], [[0.0027853993233293295, 0.9990792870521545, -0.042812529951334, 0.002197265625], [-0.020852090790867805, -0.04274535924196243, -0.9988684058189392, 1.5776214599609375], [-0.9997787475585938, 0.0036749723367393017, 0.02071383036673069, -0.0833740234375], [0.0, 0.0, 0.0, 1.0]], [[-0.9346456527709961, 0.3549860417842865, -0.020555933937430382, 0.9755859375], [0.011655657552182674, -0.027192696928977966, -0.9995622634887695, 1.5534820556640625], [-0.35538971424102783, -0.9344760775566101, 0.021277939900755882, -0.1240234375], [0.0, 0.0, 0.0, 1.0]]], "view": [[0.0, -2.0, 100.0], [-2.0, 0.0, 100.0], [0.0, 0.0, 1.0]], "bev": "bev_0e178aa7c2e0461896b07dc021f83337.png", "aux": "aux_0e178aa7c2e0461896b07dc021f83337.npz", "visibility": "visibility_0e178aa7c2e0461896b07dc021f83337.png", "pose": [[0.8634699583053589, 0.5044003129005432, 0.0, 2332.170654296875], [-0.5044003129005432, 0.8634699583053589, 0.0, 1387.3848876953125], [0.0, 0.0, 1.0, 0.0], [0.0, 0.0, 0.0, 1.0]], "pose_inverse": [[0.8634699583053589, -0.5044003129005432, 0.0, -1313.9619140625], [0.5044003129005432, 0.8634699583053589, 0.0, -2374.312744140625], [0.0, 0.0, 1.0, 0.0], [0.0, 0.0, 0.0, 1.0]], "cam_ids": [0, 1, 2, 3, 4, 5], "cam_channels": ["CAM_FRONT_LEFT", "CAM_FRONT", "CAM_FRONT_RIGHT", "CAM_BACK_LEFT", "CAM_BACK", "CAM_BACK_RIGHT"], "token": "0e178aa7c2e0461896b07dc021f83337", "scene": "scene-0438"}, {"images": ["samples/CAM_FRONT_LEFT/n015-2018-10-08-15-52-24+0800__CAM_FRONT_LEFT__1538985701254844.jpg", "samples/CAM_FRONT/n015-2018-10-08-15-52-24+0800__CAM_FRONT__1538985701262460.jpg", "samples/CAM_FRONT_RIGHT/n015-2018-10-08-15-52-24+0800__CAM_FRONT_RIGHT__1538985701270339.jpg", "samples/CAM_BACK_LEFT/n015-2018-10-08-15-52-24+0800__CAM_BACK_LEFT__1538985701297423.jpg", "samples/CAM_BACK/n015-2018-10-08-15-52-24+0800__CAM_BACK__1538985701287525.jpg", "samples/CAM_BACK_RIGHT/n015-2018-10-08-15-52-24+0800__CAM_BACK_RIGHT__1538985701277893.jpg"], "intrinsics": [[[1272.5979470598488, 0.0, 826.6154927353808], [0.0, 1272.5979470598488, 479.75165386361925], [0.0, 0.0, 1.0]], [[1266.417203046554, 0.0, 816.2670197447984], [0.0, 1266.417203046554, 491.50706579294757], [0.0, 0.0, 1.0]], [[1260.8474446004698, 0.0, 807.968244525554], [0.0, 1260.8474446004698, 495.3344268742088], [0.0, 0.0, 1.0]], [[1256.7414812095406, 0.0, 792.1125740759628], [0.0, 1256.7414812095406, 492.7757465151356], [0.0, 0.0, 1.0]], [[809.2209905677063, 0.0, 829.2196003259838], [0.0, 809.2209905677063, 481.77842384512485], [0.0, 0.0, 1.0]], [[1259.5137405846733, 0.0, 807.2529053838625], [0.0, 1259.5137405846733, 501.19579884916527], [0.0, 0.0, 1.0]]], "extrinsics": [[[0.8203642964363098, -0.5714122653007507, 0.02214745245873928, -0.637542724609375], [-0.0030227655079215765, -0.043062735348939896, -0.9990677833557129, 1.5070724487304688], [0.5718333125114441, 0.8195326328277588, -0.03705437108874321, -1.052978515625], [0.0, 0.0, 0.0, 1.0]], [[0.005154110491275787, -0.998876690864563, 0.047102849930524826, 0.00732421875], [-0.008176501840353012, -0.047143999487161636, -0.9988546371459961, 1.5179061889648438], [0.9999532103538513, 0.0047631412744522095, -0.008410303853452206, -1.365478515625], [0.0, 0.0, 0.0, 1.0]], [[-0.8331633806228638, -0.5527135133743286, 0.018611345440149307, 0.822021484375], [-0.0024372264742851257, -0.02998354844748974, -0.9995473623275757, 1.5030517578125], [0.5530214309692383, -0.8328317999839783, 0.023634111508727074, -1.108154296875], [0.0, 0.0, 0.0, 1.0]], [[0.9479073286056519, 0.3182809352874756, -0.0130049092695117, -1.1417236328125], [0.006578500382602215, -0.060376569628715515, -0.9981539249420166, 1.5885772705078125], [-0.3184785842895508, 0.9460718631744385, -0.0593251995742321, -0.1038818359375], [0.0, 0.0, 0.0, 1.0]], [[0.002734959125518799, 0.9987249970436096, -0.050407975912094116, 0.002685546875], [-0.01894610933959484, -0.05034736543893814, -0.9985520839691162, 1.5776214599609375], [-0.9998167753219604, 0.0036859880201518536, 0.018784252926707268, -0.0904541015625], [0.0, 0.0, 0.0, 1.0]], [[-0.9347094893455505, 0.354524165391922, -0.025115318596363068, 0.96612548828125], [0.013566810637712479, -0.03502320125699043, -0.9992944002151489, 1.553955078125], [-0.3551535904407501, -0.9343907833099365, 0.027926761656999588, -0.12744140625], [0.0, 0.0, 0.0, 1.0]]], "view": [[0.0, -2.0, 100.0], [-2.0, 0.0, 100.0], [0.0, 0.0, 1.0]], "bev": "bev_f72b90a715084d6ea19d7bc9238cf4ce.png", "aux": "aux_f72b90a715084d6ea19d7bc9238cf4ce.npz", "visibility": "visibility_f72b90a715084d6ea19d7bc9238cf4ce.png", "pose": [[0.8645574450492859, 0.502534031867981, 0.0, 2336.067626953125], [-0.502534031867981, 0.8645574450492859, 0.0, 1385.0845947265625], [0.0, 0.0, 1.0, 0.0], [0.0, 0.0, 0.0, 1.0]], "pose_inverse": [[0.8645574450492859, -0.502534031867981, 0.0, -1323.612548828125], [0.502534031867981, 0.8645574450492859, 0.0, -2371.438720703125], [0.0, 0.0, 1.0, 0.0], [0.0, 0.0, 0.0, 1.0]], "cam_ids": [0, 1, 2, 3, 4, 5], "cam_channels": ["CAM_FRONT_LEFT", "CAM_FRONT", "CAM_FRONT_RIGHT", "CAM_BACK_LEFT", "CAM_BACK", "CAM_BACK_RIGHT"], "token": "f72b90a715084d6ea19d7bc9238cf4ce", "scene": "scene-0438"}, {"images": ["samples/CAM_FRONT_LEFT/n015-2018-10-08-15-52-24+0800__CAM_FRONT_LEFT__1538985701754844.jpg", "samples/CAM_FRONT/n015-2018-10-08-15-52-24+0800__CAM_FRONT__1538985701762460.jpg", "samples/CAM_FRONT_RIGHT/n015-2018-10-08-15-52-24+0800__CAM_FRONT_RIGHT__1538985701770339.jpg", "samples/CAM_BACK_LEFT/n015-2018-10-08-15-52-24+0800__CAM_BACK_LEFT__1538985701797423.jpg", "samples/CAM_BACK/n015-2018-10-08-15-52-24+0800__CAM_BACK__1538985701787529.jpg", "samples/CAM_BACK_RIGHT/n015-2018-10-08-15-52-24+0800__CAM_BACK_RIGHT__1538985701777893.jpg"], "intrinsics": [[[1272.5979470598488, 0.0, 826.6154927353808], [0.0, 1272.5979470598488, 479.75165386361925], [0.0, 0.0, 1.0]], [[1266.417203046554, 0.0, 816.2670197447984], [0.0, 1266.417203046554, 491.50706579294757], [0.0, 0.0, 1.0]], [[1260.8474446004698, 0.0, 807.968244525554], [0.0, 1260.8474446004698, 495.3344268742088], [0.0, 0.0, 1.0]], [[1256.7414812095406, 0.0, 792.1125740759628], [0.0, 1256.7414812095406, 492.7757465151356], [0.0, 0.0, 1.0]], [[809.2209905677063, 0.0, 829.2196003259838], [0.0, 809.2209905677063, 481.77842384512485], [0.0, 0.0, 1.0]], [[1259.5137405846733, 0.0, 807.2529053838625], [0.0, 1259.5137405846733, 501.19579884916527], [0.0, 0.0, 1.0]]], "extrinsics": [[[0.820331871509552, -0.5713731050491333, 0.02425527200102806, -0.625213623046875], [0.00030557310674339533, -0.04197470843791962, -0.9991186261177063, 1.5083389282226562], [0.5718876123428345, 0.8196162581443787, -0.03425859659910202, -1.04248046875], [0.0, 0.0, 0.0, 1.0]], [[0.005079004447907209, -0.9989293813705444, 0.04598097875714302, 0.00634765625], [-0.005002829246222973, -0.04600638151168823, -0.9989286065101624, 1.5188064575195312], [0.9999745488166809, 0.004843537695705891, -0.005231139715760946, -1.35107421875], [0.0, 0.0, 0.0, 1.0]], [[-0.8331864476203918, -0.5527778267860413, 0.015390723012387753, 0.811279296875], [0.0006327112787403166, -0.028784634545445442, -0.9995853900909424, 1.503814697265625], [0.5529917478561401, -0.8328313827514648, 0.024332722648978233, -1.102294921875], [0.0, 0.0, 0.0, 1.0]], [[0.947899580001831, 0.3184121251106262, -0.0100035285577178, -1.1375732421875], [0.009277471341192722, -0.058979522436857224, -0.9982160329818726, 1.5886001586914062], [-0.3184340298175812, 0.9461157917976379, -0.05886073037981987, -0.1051025390625], [0.0, 0.0, 0.0, 1.0]], [[0.002804410643875599, 0.9987905025482178, -0.04908880591392517, 0.0029296875], [-0.0161431934684515, -0.0490373857319355, -0.998666524887085, 1.5777587890625], [-0.9998657703399658, 0.003593211527913809, 0.01598615013062954, -0.0977783203125], [0.0, 0.0, 0.0, 1.0]], [[-0.9346442818641663, 0.354525625705719, -0.027413487434387207, 0.956390380859375], [0.01650029793381691, -0.03376966342329979, -0.9992934465408325, 1.55462646484375], [-0.3552008271217346, -0.9344363212585449, 0.02571284957230091, -0.1318359375], [0.0, 0.0, 0.0, 1.0]]], "view": [[0.0, -2.0, 100.0], [-2.0, 0.0, 100.0], [0.0, 0.0, 1.0]], "bev": "bev_912aef71c3b642c0a67d24e4eb8a6bee.png", "aux": "aux_912aef71c3b642c0a67d24e4eb8a6bee.npz", "visibility": "visibility_912aef71c3b642c0a67d24e4eb8a6bee.png", "pose": [[0.8641839623451233, 0.5031759738922119, 0.0, 2340.15087890625], [-0.5031759738922119, 0.8641839623451233, 0.0, 1382.7015380859375], [0.0, 0.0, 1.0, 0.0], [0.0, 0.0, 0.0, 1.0]], "pose_inverse": [[0.8641839623451233, -0.5031759738922119, 0.0, -1326.5787353515625], [0.5031759738922119, 0.8641839623451233, 0.0, -2372.416259765625], [0.0, 0.0, 1.0, 0.0], [0.0, 0.0, 0.0, 1.0]], "cam_ids": [0, 1, 2, 3, 4, 5], "cam_channels": ["CAM_FRONT_LEFT", "CAM_FRONT", "CAM_FRONT_RIGHT", "CAM_BACK_LEFT", "CAM_BACK", "CAM_BACK_RIGHT"], "token": "912aef71c3b642c0a67d24e4eb8a6bee", "scene": "scene-0438"}, {"images": ["samples/CAM_FRONT_LEFT/n015-2018-10-08-15-52-24+0800__CAM_FRONT_LEFT__1538985702254844.jpg", "samples/CAM_FRONT/n015-2018-10-08-15-52-24+0800__CAM_FRONT__1538985702262460.jpg", "samples/CAM_FRONT_RIGHT/n015-2018-10-08-15-52-24+0800__CAM_FRONT_RIGHT__1538985702270339.jpg", "samples/CAM_BACK_LEFT/n015-2018-10-08-15-52-24+0800__CAM_BACK_LEFT__1538985702297423.jpg", "samples/CAM_BACK/n015-2018-10-08-15-52-24+0800__CAM_BACK__1538985702287529.jpg", "samples/CAM_BACK_RIGHT/n015-2018-10-08-15-52-24+0800__CAM_BACK_RIGHT__1538985702277893.jpg"], "intrinsics": [[[1272.5979470598488, 0.0, 826.6154927353808], [0.0, 1272.5979470598488, 479.75165386361925], [0.0, 0.0, 1.0]], [[1266.417203046554, 0.0, 816.2670197447984], [0.0, 1266.417203046554, 491.50706579294757], [0.0, 0.0, 1.0]], [[1260.8474446004698, 0.0, 807.968244525554], [0.0, 1260.8474446004698, 495.3344268742088], [0.0, 0.0, 1.0]], [[1256.7414812095406, 0.0, 792.1125740759628], [0.0, 1256.7414812095406, 492.7757465151356], [0.0, 0.0, 1.0]], [[809.2209905677063, 0.0, 829.2196003259838], [0.0, 809.2209905677063, 481.77842384512485], [0.0, 0.0, 1.0]], [[1259.5137405846733, 0.0, 807.2529053838625], [0.0, 1259.5137405846733, 501.19579884916527], [0.0, 0.0, 1.0]]], "extrinsics": [[[0.8205308318138123, -0.5712997913360596, 0.018591877073049545, -0.61956787109375], [-0.0005662334733642638, -0.0333382785320282, -0.9994439482688904, 1.5081024169921875], [0.571601927280426, 0.8200640082359314, -0.02767857536673546, -1.04345703125], [0.0, 0.0, 0.0, 1.0]], [[0.00524183688685298, -0.9992794394493103, 0.037590254098176956, 0.0087890625], [-0.005951248109340668, -0.037621282041072845, -0.9992743730545044, 1.5185623168945312], [0.9999685287475586, 0.005014451686292887, -0.006144166924059391, -1.347412109375], [0.0, 0.0, 0.0, 1.0]], [[-0.8331956267356873, -0.5528529286384583, 0.01177610270678997, 0.81005859375], [-0.0004183807468507439, -0.020665520802140236, -0.9997863173484802, 1.5035514831542969], [0.5529782176017761, -0.8330224752426147, 0.016987118870019913, -1.0992431640625], [0.0, 0.0, 0.0, 1.0]], [[0.9478620290756226, 0.31855571269989014, -0.008938416838645935, -1.1387939453125], [0.008012484759092331, -0.05186166986823082, -0.9986221194267273, 1.5885848999023438], [-0.31858035922050476, 0.9464843273162842, -0.05171012878417969, -0.10498046875], [0.0, 0.0, 0.0, 1.0]], [[0.0028423001058399677, 0.9991301894187927, -0.04160190373659134, 0.00244140625], [-0.01732763834297657, -0.041546616703271866, -0.9989863038063049, 1.5776443481445312], [-0.9998458027839661, 0.003560252021998167, 0.017194481566548347, -0.0982666015625], [0.0, 0.0, 0.0, 1.0]], [[-0.9346014261245728, 0.3549134135246277, -0.023591244593262672, 0.95440673828125], [0.015384089201688766, -0.02592894621193409, -0.9995453953742981, 1.5544548034667969], [-0.35536378622055054, -0.9345395565032959, 0.018773213028907776, -0.132080078125], [0.0, 0.0, 0.0, 1.0]]], "view": [[0.0, -2.0, 100.0], [-2.0, 0.0, 100.0], [0.0, 0.0, 1.0]], "bev": "bev_25bdd8404faf4a59b2cc2b7632e9a5bc.png", "aux": "aux_25bdd8404faf4a59b2cc2b7632e9a5bc.npz", "visibility": "visibility_25bdd8404faf4a59b2cc2b7632e9a5bc.png", "pose": [[0.8622255325317383, 0.5065245032310486, 0.0, 2344.3232421875], [-0.5065245032310486, 0.8622255325317383, 0.0, 1380.231201171875], [0.0, 0.0, 1.0, 0.0], [0.0, 0.0, 0.0, 1.0]], "pose_inverse": [[0.8622255325317383, -0.5065245032310486, 0.0, -1322.2144775390625], [0.5065245032310486, 0.8622255325317383, 0.0, -2377.52783203125], [0.0, 0.0, 1.0, 0.0], [0.0, 0.0, 0.0, 1.0]], "cam_ids": [0, 1, 2, 3, 4, 5], "cam_channels": ["CAM_FRONT_LEFT", "CAM_FRONT", "CAM_FRONT_RIGHT", "CAM_BACK_LEFT", "CAM_BACK", "CAM_BACK_RIGHT"], "token": "25bdd8404faf4a59b2cc2b7632e9a5bc", "scene": "scene-0438"}, {"images": ["samples/CAM_FRONT_LEFT/n015-2018-10-08-15-52-24+0800__CAM_FRONT_LEFT__1538985702754844.jpg", "samples/CAM_FRONT/n015-2018-10-08-15-52-24+0800__CAM_FRONT__1538985702762460.jpg", "samples/CAM_FRONT_RIGHT/n015-2018-10-08-15-52-24+0800__CAM_FRONT_RIGHT__1538985702770339.jpg", "samples/CAM_BACK_LEFT/n015-2018-10-08-15-52-24+0800__CAM_BACK_LEFT__1538985702797423.jpg", "samples/CAM_BACK/n015-2018-10-08-15-52-24+0800__CAM_BACK__1538985702787533.jpg", "samples/CAM_BACK_RIGHT/n015-2018-10-08-15-52-24+0800__CAM_BACK_RIGHT__1538985702777893.jpg"], "intrinsics": [[[1272.5979470598488, 0.0, 826.6154927353808], [0.0, 1272.5979470598488, 479.75165386361925], [0.0, 0.0, 1.0]], [[1266.417203046554, 0.0, 816.2670197447984], [0.0, 1266.417203046554, 491.50706579294757], [0.0, 0.0, 1.0]], [[1260.8474446004698, 0.0, 807.968244525554], [0.0, 1260.8474446004698, 495.3344268742088], [0.0, 0.0, 1.0]], [[1256.7414812095406, 0.0, 792.1125740759628], [0.0, 1256.7414812095406, 492.7757465151356], [0.0, 0.0, 1.0]], [[809.2209905677063, 0.0, 829.2196003259838], [0.0, 809.2209905677063, 481.77842384512485], [0.0, 0.0, 1.0]], [[1259.5137405846733, 0.0, 807.2529053838625], [0.0, 1259.5137405846733, 501.19579884916527], [0.0, 0.0, 1.0]]], "extrinsics": [[[0.8205193877220154, -0.5710048675537109, 0.026487668976187706, -0.5936279296875], [0.004484937060624361, -0.039905667304992676, -0.9991933703422546, 1.5105056762695312], [0.5716012716293335, 0.8199762105941772, -0.030182447284460068, -1.029052734375], [0.0, 0.0, 0.0, 1.0]], [[0.005252615083009005, -0.9990159273147583, 0.04404187574982643, 0.011962890625], [-0.0012872933875769377, -0.044049203395843506, -0.9990285634994507, 1.520294189453125], [0.9999853372573853, 0.005190861877053976, -0.0015174023574218154, -1.322998046875], [0.0, 0.0, 0.0, 1.0]], [[-0.8331246972084045, -0.5529616475105286, 0.011690872721374035, 0.794677734375], [0.003858475713059306, -0.026947863399982452, -0.9996293783187866, 1.5048561096191406], [0.5530716776847839, -0.8327708840370178, 0.024584516882896423, -1.0860595703125], [0.0, 0.0, 0.0, 1.0]], [[0.9478854537010193, 0.31851935386657715, -0.007651863154023886, -1.128173828125], [0.011094022542238235, -0.05699753016233444, -0.9983126521110535, 1.5887603759765625], [-0.31841805577278137, 0.9462012648582458, -0.057560790330171585, -0.1092529296875], [0.0, 0.0, 0.0, 1.0]], [[0.0028601912781596184, 0.998884379863739, -0.0471377894282341, 0.00146484375], [-0.013855382800102234, -0.04709387570619583, -0.9987943768501282, 1.577880859375], [-0.9998999238014221, 0.0035097619984298944, 0.013705230318009853, -0.11181640625], [0.0, 0.0, 0.0, 1.0]], [[-0.9345815777778625, 0.3545342683792114, -0.02937290258705616, 0.93902587890625], [0.0193004310131073, -0.03191410005092621, -0.9993042945861816, 1.5555877685546875], [-0.355225145816803, -0.9344983100891113, 0.02298365905880928, -0.135498046875], [0.0, 0.0, 0.0, 1.0]]], "view": [[0.0, -2.0, 100.0], [-2.0, 0.0, 100.0], [0.0, 0.0, 1.0]], "bev": "bev_f1927ae5198c4635bd804812bd471ab2.png", "aux": "aux_f1927ae5198c4635bd804812bd471ab2.npz", "visibility": "visibility_f1927ae5198c4635bd804812bd471ab2.png", "pose": [[0.8611695170402527, 0.5083179473876953, 0.0, 2348.661865234375], [-0.5083179473876953, 0.8611695170402527, 0.0, 1377.628662109375], [0.0, 0.0, 1.0, 0.0], [0.0, 0.0, 0.0, 1.0]], "pose_inverse": [[0.8611695170402527, -0.5083179473876953, 0.0, -1322.3226318359375], [0.5083179473876953, 0.8611695170402527, 0.0, -2380.23876953125], [0.0, 0.0, 1.0, 0.0], [0.0, 0.0, 0.0, 1.0]], "cam_ids": [0, 1, 2, 3, 4, 5], "cam_channels": ["CAM_FRONT_LEFT", "CAM_FRONT", "CAM_FRONT_RIGHT", "CAM_BACK_LEFT", "CAM_BACK", "CAM_BACK_RIGHT"], "token": "f1927ae5198c4635bd804812bd471ab2", "scene": "scene-0438"}, {"images": ["samples/CAM_FRONT_LEFT/n015-2018-10-08-15-52-24+0800__CAM_FRONT_LEFT__1538985703254844.jpg", "samples/CAM_FRONT/n015-2018-10-08-15-52-24+0800__CAM_FRONT__1538985703262460.jpg", "samples/CAM_FRONT_RIGHT/n015-2018-10-08-15-52-24+0800__CAM_FRONT_RIGHT__1538985703270339.jpg", "samples/CAM_BACK_LEFT/n015-2018-10-08-15-52-24+0800__CAM_BACK_LEFT__1538985703297423.jpg", "samples/CAM_BACK/n015-2018-10-08-15-52-24+0800__CAM_BACK__1538985703287525.jpg", "samples/CAM_BACK_RIGHT/n015-2018-10-08-15-52-24+0800__CAM_BACK_RIGHT__1538985703277893.jpg"], "intrinsics": [[[1272.5979470598488, 0.0, 826.6154927353808], [0.0, 1272.5979470598488, 479.75165386361925], [0.0, 0.0, 1.0]], [[1266.417203046554, 0.0, 816.2670197447984], [0.0, 1266.417203046554, 491.50706579294757], [0.0, 0.0, 1.0]], [[1260.8474446004698, 0.0, 807.968244525554], [0.0, 1260.8474446004698, 495.3344268742088], [0.0, 0.0, 1.0]], [[1256.7414812095406, 0.0, 792.1125740759628], [0.0, 1256.7414812095406, 492.7757465151356], [0.0, 0.0, 1.0]], [[809.2209905677063, 0.0, 829.2196003259838], [0.0, 809.2209905677063, 481.77842384512485], [0.0, 0.0, 1.0]], [[1259.5137405846733, 0.0, 807.2529053838625], [0.0, 1259.5137405846733, 501.19579884916527], [0.0, 0.0, 1.0]]], "extrinsics": [[[0.8207962512969971, -0.570706307888031, 0.02424675226211548, -0.5970458984375], [-0.0020370036363601685, -0.045371320098638535, -0.9989681243896484, 1.5074310302734375], [0.5712175369262695, 0.8198999166488647, -0.03840313479304314, -1.0263671875], [0.0, 0.0, 0.0, 1.0]], [[0.005661133676767349, -0.9987562894821167, 0.04953685775399208, 0.0087890625], [-0.007502804044634104, -0.04957869276404381, -0.9987421035766602, 1.517852783203125], [0.9999557733535767, 0.005282343830913305, -0.007774145342409611, -1.324951171875], [0.0, 0.0, 0.0, 1.0]], [[-0.8330186009407043, -0.5528941750526428, 0.019697213545441628, 0.795654296875], [-0.0020315286237746477, -0.032545894384384155, -0.9994681477546692, 1.50311279296875], [0.5532411932945251, -0.8326156735420227, 0.02598811872303486, -1.0899658203125], [0.0, 0.0, 0.0, 1.0]], [[0.9479632377624512, 0.318058043718338, -0.014309398829936981, -1.1392822265625], [0.006174987182021141, -0.06330318003892899, -0.99797523021698, 1.588531494140625], [-0.3183198571205139, 0.9459555149078369, -0.06197308748960495, -0.1038818359375], [0.0, 0.0, 0.0, 1.0]], [[0.0028289889451116323, 0.9985801577568054, -0.053194478154182434, 0.002685546875], [-0.019079480320215225, -0.0531311109662056, -0.9984052777290344, 1.5773468017578125], [-0.999813973903656, 0.0038393940776586533, 0.01890207827091217, -0.104248046875], [0.0, 0.0, 0.0, 1.0]], [[-0.9347138404846191, 0.35443416237831116, -0.02620118297636509, 0.942901611328125], [0.013721483759582043, -0.037678223103284836, -0.9991957545280457, 1.5543289184570312], [-0.3551364243030548, -0.9343215823173523, 0.03035498782992363, -0.135986328125], [0.0, 0.0, 0.0, 1.0]]], "view": [[0.0, -2.0, 100.0], [-2.0, 0.0, 100.0], [0.0, 0.0, 1.0]], "bev": "bev_0a840ab765fc4770857590de600f4ee7.png", "aux": "aux_0a840ab765fc4770857590de600f4ee7.npz", "visibility": "visibility_0a840ab765fc4770857590de600f4ee7.png", "pose": [[0.8600601553916931, 0.5101926922798157, 0.0, 2353.156005859375], [-0.5101926922798157, 0.8600601553916931, 0.0, 1374.9398193359375], [0.0, 0.0, 1.0, 0.0], [0.0, 0.0, 0.0, 1.0]], "pose_inverse": [[0.8600601553916931, -0.5101926922798157, 0.0, -1322.3714599609375], [0.5101926922798157, 0.8600601553916931, 0.0, -2383.09375], [0.0, 0.0, 1.0, 0.0], [0.0, 0.0, 0.0, 1.0]], "cam_ids": [0, 1, 2, 3, 4, 5], "cam_channels": ["CAM_FRONT_LEFT", "CAM_FRONT", "CAM_FRONT_RIGHT", "CAM_BACK_LEFT", "CAM_BACK", "CAM_BACK_RIGHT"], "token": "0a840ab765fc4770857590de600f4ee7", "scene": "scene-0438"}, {"images": ["samples/CAM_FRONT_LEFT/n015-2018-10-08-15-52-24+0800__CAM_FRONT_LEFT__1538985703754844.jpg", "samples/CAM_FRONT/n015-2018-10-08-15-52-24+0800__CAM_FRONT__1538985703762460.jpg", "samples/CAM_FRONT_RIGHT/n015-2018-10-08-15-52-24+0800__CAM_FRONT_RIGHT__1538985703770339.jpg", "samples/CAM_BACK_LEFT/n015-2018-10-08-15-52-24+0800__CAM_BACK_LEFT__1538985703797423.jpg", "samples/CAM_BACK/n015-2018-10-08-15-52-24+0800__CAM_BACK__1538985703787537.jpg", "samples/CAM_BACK_RIGHT/n015-2018-10-08-15-52-24+0800__CAM_BACK_RIGHT__1538985703777893.jpg"], "intrinsics": [[[1272.5979470598488, 0.0, 826.6154927353808], [0.0, 1272.5979470598488, 479.75165386361925], [0.0, 0.0, 1.0]], [[1266.417203046554, 0.0, 816.2670197447984], [0.0, 1266.417203046554, 491.50706579294757], [0.0, 0.0, 1.0]], [[1260.8474446004698, 0.0, 807.968244525554], [0.0, 1260.8474446004698, 495.3344268742088], [0.0, 0.0, 1.0]], [[1256.7414812095406, 0.0, 792.1125740759628], [0.0, 1256.7414812095406, 492.7757465151356], [0.0, 0.0, 1.0]], [[809.2209905677063, 0.0, 829.2196003259838], [0.0, 809.2209905677063, 481.77842384512485], [0.0, 0.0, 1.0]], [[1259.5137405846733, 0.0, 807.2529053838625], [0.0, 1259.5137405846733, 501.19579884916527], [0.0, 0.0, 1.0]]], "extrinsics": [[[0.8201334476470947, -0.5716888308525085, 0.02351401560008526, -0.5859375], [-0.007699491921812296, -0.05211921036243439, -0.9986112117767334, 1.504547119140625], [0.5721204280853271, 0.8188134431838989, -0.047146424651145935, -1.0126953125], [0.0, 0.0, 0.0, 1.0]], [[0.004758113529533148, -0.9984113574028015, 0.05614212527871132, 0.005126953125], [-0.013124336488544941, -0.05620027706027031, -0.9983332753181458, 1.5154266357421875], [0.9999025464057922, 0.004013342317193747, -0.013370892964303493, -1.311279296875], [0.0, 0.0, 0.0, 1.0]], [[-0.8334403038024902, -0.5519049763679504, 0.0278929453343153, 0.785400390625], [-0.007588416337966919, -0.03904002159833908, -0.9992088079452515, 1.5013504028320312], [0.5525572896003723, -0.8329925537109375, 0.02834944613277912, -1.0867919921875], [0.0, 0.0, 0.0, 1.0]], [[0.9480924606323242, 0.3172932267189026, -0.02110615186393261, -1.141357421875], [0.001024169847369194, -0.06941916793584824, -0.9975870251655579, 1.5883636474609375], [-0.31799277663230896, 0.945783257484436, -0.06614076346158981, -0.10107421875], [0.0, 0.0, 0.0, 1.0]], [[0.003275411669164896, 0.9982250928878784, -0.05946512520313263, 0.005126953125], [-0.024411439895629883, -0.05936790630221367, -0.9979376792907715, 1.5766143798828125], [-0.9996965527534485, 0.0047202641144394875, 0.02417365461587906, -0.1060791015625], [0.0, 0.0, 0.0, 1.0]], [[-0.9345607757568359, 0.35503479838371277, -0.023375270888209343, 0.937896728515625], [0.00824229046702385, -0.044076915830373764, -0.9989941120147705, 1.55316162109375], [-0.3557080030441284, -0.9338133931159973, 0.03826625645160675, -0.140625], [0.0, 0.0, 0.0, 1.0]]], "view": [[0.0, -2.0, 100.0], [-2.0, 0.0, 100.0], [0.0, 0.0, 1.0]], "bev": "bev_864b719bbb594d269c7929badcbf8b83.png", "aux": "aux_864b719bbb594d269c7929badcbf8b83.npz", "visibility": "visibility_864b719bbb594d269c7929badcbf8b83.png", "pose": [[0.8598776459693909, 0.5105001330375671, 0.0, 2357.780517578125], [-0.5105001330375671, 0.8598776459693909, 0.0, 1372.1904296875], [0.0, 0.0, 1.0, 0.0], [0.0, 0.0, 0.0, 1.0]], "pose_inverse": [[0.8598776459693909, -0.5105001330375671, 0.0, -1326.8994140625], [0.5105001330375671, 0.8598776459693909, 0.0, -2383.563232421875], [0.0, 0.0, 1.0, 0.0], [0.0, 0.0, 0.0, 1.0]], "cam_ids": [0, 1, 2, 3, 4, 5], "cam_channels": ["CAM_FRONT_LEFT", "CAM_FRONT", "CAM_FRONT_RIGHT", "CAM_BACK_LEFT", "CAM_BACK", "CAM_BACK_RIGHT"], "token": "864b719bbb594d269c7929badcbf8b83", "scene": "scene-0438"}, {"images": ["samples/CAM_FRONT_LEFT/n015-2018-10-08-15-52-24+0800__CAM_FRONT_LEFT__1538985704254844.jpg", "samples/CAM_FRONT/n015-2018-10-08-15-52-24+0800__CAM_FRONT__1538985704262460.jpg", "samples/CAM_FRONT_RIGHT/n015-2018-10-08-15-52-24+0800__CAM_FRONT_RIGHT__1538985704270339.jpg", "samples/CAM_BACK_LEFT/n015-2018-10-08-15-52-24+0800__CAM_BACK_LEFT__1538985704297423.jpg", "samples/CAM_BACK/n015-2018-10-08-15-52-24+0800__CAM_BACK__1538985704287525.jpg", "samples/CAM_BACK_RIGHT/n015-2018-10-08-15-52-24+0800__CAM_BACK_RIGHT__1538985704277893.jpg"], "intrinsics": [[[1272.5979470598488, 0.0, 826.6154927353808], [0.0, 1272.5979470598488, 479.75165386361925], [0.0, 0.0, 1.0]], [[1266.417203046554, 0.0, 816.2670197447984], [0.0, 1266.417203046554, 491.50706579294757], [0.0, 0.0, 1.0]], [[1260.8474446004698, 0.0, 807.968244525554], [0.0, 1260.8474446004698, 495.3344268742088], [0.0, 0.0, 1.0]], [[1256.7414812095406, 0.0, 792.1125740759628], [0.0, 1256.7414812095406, 492.7757465151356], [0.0, 0.0, 1.0]], [[809.2209905677063, 0.0, 829.2196003259838], [0.0, 809.2209905677063, 481.77842384512485], [0.0, 0.0, 1.0]], [[1259.5137405846733, 0.0, 807.2529053838625], [0.0, 1259.5137405846733, 501.19579884916527], [0.0, 0.0, 1.0]]], "extrinsics": [[[0.8202868103981018, -0.5710251927375793, 0.03255387023091316, -0.577545166015625], [0.00047543368418700993, -0.05623631551861763, -0.9984173774719238, 1.5085296630859375], [0.5719521045684814, 0.8190040588378906, -0.04585842788219452, -1.0107421875], [0.0, 0.0, 0.0, 1.0]], [[0.004871726967394352, -0.9981815218925476, 0.06008094176650047, 0.0078125], [-0.004829704761505127, -0.06010444089770317, -0.9981804490089417, 1.518707275390625], [0.9999764561653137, 0.004572639241814613, -0.0051137348636984825, -1.3052978515625], [0.0, 0.0, 0.0, 1.0]], [[-0.833364725112915, -0.5522475838661194, 0.022933850064873695, 0.782470703125], [0.0008145940373651683, -0.042719535529613495, -0.9990867376327515, 1.5039215087890625], [0.5527229309082031, -0.8325849175453186, 0.036050815135240555, -1.082763671875], [0.0, 0.0, 0.0, 1.0]], [[0.9480376243591309, 0.3178509771823883, -0.013976424932479858, -1.1466064453125], [0.00956042017787695, -0.07236969470977783, -0.9973320364952087, 1.5884857177734375], [-0.3180144429206848, 0.9453747272491455, -0.0716479942202568, -0.1019287109375], [0.0, 0.0, 0.0, 1.0]], [[0.0032572762575000525, 0.9980330467224121, -0.06260444223880768, 0.00341796875], [-0.01589537039399147, -0.06254518777132034, -0.997915506362915, 1.57763671875], [-0.9998683333396912, 0.004245617426931858, 0.015660379081964493, -0.10546875], [0.0, 0.