[{"images": ["samples/CAM_FRONT_LEFT/n015-2018-08-01-17-13-57+0800__CAM_FRONT_LEFT__1533115287004844.jpg", "samples/CAM_FRONT/n015-2018-08-01-17-13-57+0800__CAM_FRONT__1533115287012460.jpg", "samples/CAM_FRONT_RIGHT/n015-2018-08-01-17-13-57+0800__CAM_FRONT_RIGHT__1533115287020339.jpg", "samples/CAM_BACK_LEFT/n015-2018-08-01-17-13-57+0800__CAM_BACK_LEFT__1533115287047423.jpg", "samples/CAM_BACK/n015-2018-08-01-17-13-57+0800__CAM_BACK__1533115287037525.jpg", "samples/CAM_BACK_RIGHT/n015-2018-08-01-17-13-57+0800__CAM_BACK_RIGHT__1533115287027893.jpg"], "intrinsics": [[[1272.5979470598488, 0.0, 826.6154927353808], [0.0, 1272.5979470598488, 479.75165386361925], [0.0, 0.0, 1.0]], [[1266.417203046554, 0.0, 816.2670197447984], [0.0, 1266.417203046554, 491.50706579294757], [0.0, 0.0, 1.0]], [[1260.8474446004698, 0.0, 807.968244525554], [0.0, 1260.8474446004698, 495.3344268742088], [0.0, 0.0, 1.0]], [[1256.7414812095406, 0.0, 792.1125740759628], [0.0, 1256.7414812095406, 492.7757465151356], [0.0, 0.0, 1.0]], [[809.2209905677063, 0.0, 829.2196003259838], [0.0, 809.2209905677063, 481.77842384512485], [0.0, 0.0, 1.0]], [[1259.5137405846733, 0.0, 807.2529053838625], [0.0, 1259.5137405846733, 501.19579884916527], [0.0, 0.0, 1.0]]], "extrinsics": [[[0.8211378455162048, -0.5706735849380493, -0.008016941137611866, -0.852783203125], [-0.023417549207806587, -0.019653689116239548, -0.9995325803756714, 1.505075454711914], [0.5702491998672485, 0.820941686630249, -0.02950216457247734, -1.2030963897705078], [0.0, 0.0, 0.0, 1.0]], [[0.006720496341586113, -0.999703049659729, 0.02342267520725727, 0.00628662109375], [-0.02872641757130623, -0.023606546223163605, -0.9993085265159607, 1.5173368453979492], [0.9995646476745605, 0.006042999215424061, -0.02887653559446335, -1.58056640625], [0.0, 0.0, 0.0, 1.0]], [[-0.8324162364006042, -0.5536839365959167, 0.022741777822375298, 0.9603271484375], [-0.023134514689445496, -0.006281010340899229, -0.9997126460075378, 1.501638412475586], [0.5536676645278931, -0.832703173160553, -0.007580796722322702, -1.2003173828125], [0.0, 0.0, 0.0, 1.0]], [[0.9473769068717957, 0.31912514567375183, -0.025222552940249443, -1.13909912109375], [-0.014387735165655613, -0.03626396134495735, -0.9992386698722839, 1.5885066986083984], [-0.3197968602180481, 0.9470184445381165, -0.029764151200652122, -0.10498046875], [0.0, 0.0, 0.0, 1.0]], [[0.0016117023769766092, 0.9996477961540222, -0.026490474119782448, 0.00274658203125], [-0.039837706834077835, -0.026405293494462967, -0.9988572597503662, 1.5780372619628906], [-0.9992048740386963, 0.0026651574298739433, 0.0397811196744442, -0.031494140625], [0.0, 0.0, 0.0, 1.0]], [[-0.9350564479827881, 0.3544875383377075, 0.0028140677604824305, 1.0775146484375], [-0.007247581146657467, -0.011179745197296143, -0.9999112486839294, 1.5509986877441406], [-0.3544246554374695, -0.9349939227104187, 0.013022870756685734, -0.0855712890625], [0.0, 0.0, 0.0, 1.0]]], "view": [[0.0, -2.0, 100.0], [-2.0, 0.0, 100.0], [0.0, 0.0, 1.0]], "bev": "bev_122e8653d3924da0bc416e98bb9b7480.png", "aux": "aux_122e8653d3924da0bc416e98bb9b7480.npz", "visibility": "visibility_122e8653d3924da0bc416e98bb9b7480.png", "pose": [[0.1796853095293045, 0.9837241172790527, 0.0, 577.3807983398438], [-0.9837241172790527, 0.1796853095293045, 0.0, 1243.3331298828125], [0.0, 0.0, 1.0, 0.0], [0.0, 0.0, 0.0, 1.0]], "pose_inverse": [[0.1796853095293045, -0.9837241172790527, 0.0, 1119.3499755859375], [0.9837241172790527, 0.1796853095293045, 0.0, -791.3921508789062], [0.0, 0.0, 1.0, 0.0], [0.0, 0.0, 0.0, 1.0]], "cam_ids": [0, 1, 2, 3, 4, 5], "cam_channels": ["CAM_FRONT_LEFT", "CAM_FRONT", "CAM_FRONT_RIGHT", "CAM_BACK_LEFT", "CAM_BACK", "CAM_BACK_RIGHT"], "token": "122e8653d3924da0bc416e98bb9b7480", "scene": "scene-0160"}, {"images": ["samples/CAM_FRONT_LEFT/n015-2018-08-01-17-13-57+0800__CAM_FRONT_LEFT__1533115287504844.jpg", "samples/CAM_FRONT/n015-2018-08-01-17-13-57+0800__CAM_FRONT__1533115287512460.jpg", "samples/CAM_FRONT_RIGHT/n015-2018-08-01-17-13-57+0800__CAM_FRONT_RIGHT__1533115287520339.jpg", "samples/CAM_BACK_LEFT/n015-2018-08-01-17-13-57+0800__CAM_BACK_LEFT__1533115287547423.jpg", "samples/CAM_BACK/n015-2018-08-01-17-13-57+0800__CAM_BACK__1533115287537525.jpg", "samples/CAM_BACK_RIGHT/n015-2018-08-01-17-13-57+0800__CAM_BACK_RIGHT__1533115287527893.jpg"], "intrinsics": [[[1272.5979470598488, 0.0, 826.6154927353808], [0.0, 1272.5979470598488, 479.75165386361925], [0.0, 0.0, 1.0]], [[1266.417203046554, 0.0, 816.2670197447984], [0.0, 1266.417203046554, 491.50706579294757], [0.0, 0.0, 1.0]], [[1260.8474446004698, 0.0, 807.968244525554], [0.0, 1260.8474446004698, 495.3344268742088], [0.0, 0.0, 1.0]], [[1256.7414812095406, 0.0, 792.1125740759628], [0.0, 1256.7414812095406, 492.7757465151356], [0.0, 0.0, 1.0]], [[809.2209905677063, 0.0, 829.2196003259838], [0.0, 809.2209905677063, 481.77842384512485], [0.0, 0.0, 1.0]], [[1259.5137405846733, 0.0, 807.2529053838625], [0.0, 1259.5137405846733, 501.19579884916527], [0.0, 0.0, 1.0]]], "extrinsics": [[[0.8209537267684937, -0.5709823369979858, -0.0037569652777165174, -0.858642578125], [-0.0199738759547472, -0.02214137651026249, -0.9995552897453308, 1.505727767944336], [0.5706452131271362, 0.8206636905670166, -0.02958177588880062, -1.2085590362548828], [0.0, 0.0, 0.0, 1.0]], [[0.006337675731629133, -0.9996370077133179, 0.026181649416685104, 0.00738525390625], [-0.025228122249245644, -0.026333676651120186, -0.9993348121643066, 1.5179128646850586], [0.9996616244316101, 0.005672929342836142, -0.025385860353708267, -1.5867919921875], [0.0, 0.0, 0.0, 1.0]], [[-0.8326151371002197, -0.5534371733665466, 0.021426334977149963, 0.964447021484375], [-0.019571837037801743, -0.009261217899620533, -0.9997655153274536, 1.5020456314086914], [0.5535058975219727, -0.8328393697738647, -0.003120752051472664, -1.2021484375], [0.0, 0.0, 0.0, 1.0]], [[0.9474663138389587, 0.319024920463562, -0.023036612197756767, -1.1378173828125], [-0.010803073644638062, -0.04006339982151985, -0.9991387128829956, 1.588521957397461], [-0.3196730613708496, 0.9468991756439209, -0.03451227769255638, -0.105712890625], [0.0, 0.0, 0.0, 1.0]], [[0.001786779030226171, 0.9995500445365906, -0.029940970242023468, 0.002197265625], [-0.036243271082639694, -0.029856618493795395, -0.9988969564437866, 1.5782079696655273], [-0.9993414282798767, 0.002869966672733426, 0.03617361932992935, -0.0302734375], [0.0, 0.0, 0.0, 1.0]], [[-0.9350081086158752, 0.35462239384651184, -0.001678575063124299, 1.080078125], [-0.003657818539068103, -0.014377208426594734, -0.9998899698257446, 1.5512442588806152], [-0.354607492685318, -0.9348990321159363, 0.014739949256181717, -0.084014892578125], [0.0, 0.0, 0.0, 1.0]]], "view": [[0.0, -2.0, 100.0], [-2.0, 0.0, 100.0], [0.0, 0.0, 1.0]], "bev": "bev_c572f93958e94705b1bd9af135cfeca7.png", "aux": "aux_c572f93958e94705b1bd9af135cfeca7.npz", "visibility": "visibility_c572f93958e94705b1bd9af135cfeca7.png", "pose": [[0.17769253253936768, 0.9840860366821289, 0.0, 577.6394653320312], [-0.9840860366821289, 0.17769253253936768, 0.0, 1241.8441162109375], [0.0, 0.0, 1.0, 0.0], [0.0, 0.0, 0.0, 1.0]], "pose_inverse": [[0.17769253253936768, -0.9840860366821289, 0.0, 1119.439208984375], [0.9840860366821289, 0.17769253253936768, 0.0, -789.1133422851562], [0.0, 0.0, 1.0, 0.0], [0.0, 0.0, 0.0, 1.0]], "cam_ids": [0, 1, 2, 3, 4, 5], "cam_channels": ["CAM_FRONT_LEFT", "CAM_FRONT", "CAM_FRONT_RIGHT", "CAM_BACK_LEFT", "CAM_BACK", "CAM_BACK_RIGHT"], "token": "c572f93958e94705b1bd9af135cfeca7", "scene": "scene-0160"}, {"images": ["samples/CAM_FRONT_LEFT/n015-2018-08-01-17-13-57+0800__CAM_FRONT_LEFT__1533115288004844.jpg", "samples/CAM_FRONT/n015-2018-08-01-17-13-57+0800__CAM_FRONT__1533115288012460.jpg", "samples/CAM_FRONT_RIGHT/n015-2018-08-01-17-13-57+0800__CAM_FRONT_RIGHT__1533115288020339.jpg", "samples/CAM_BACK_LEFT/n015-2018-08-01-17-13-57+0800__CAM_BACK_LEFT__1533115288047423.jpg", "samples/CAM_BACK/n015-2018-08-01-17-13-57+0800__CAM_BACK__1533115288037525.jpg", "samples/CAM_BACK_RIGHT/n015-2018-08-01-17-13-57+0800__CAM_BACK_RIGHT__1533115288027893.jpg"], "intrinsics": [[[1272.5979470598488, 0.0, 826.6154927353808], [0.0, 1272.5979470598488, 479.75165386361925], [0.0, 0.0, 1.0]], [[1266.417203046554, 0.0, 816.2670197447984], [0.0, 1266.417203046554, 491.50706579294757], [0.0, 0.0, 1.0]], [[1260.8474446004698, 0.0, 807.968244525554], [0.0, 1260.8474446004698, 495.3344268742088], [0.0, 0.0, 1.0]], [[1256.7414812095406, 0.0, 792.1125740759628], [0.0, 1256.7414812095406, 492.7757465151356], [0.0, 0.0, 1.0]], [[809.2209905677063, 0.0, 829.2196003259838], [0.0, 809.2209905677063, 481.77842384512485], [0.0, 0.0, 1.0]], [[1259.5137405846733, 0.0, 807.2529053838625], [0.0, 1259.5137405846733, 501.19579884916527], [0.0, 0.0, 1.0]]], "extrinsics": [[[0.820762574672699, -0.5712268948554993, -0.00697880145162344, -0.8756103515625], [-0.021704085171222687, -0.018973199650645256, -0.9995843768119812, 1.505906105041504], [0.5708569884300232, 0.8205729722976685, -0.02797044813632965, -1.2187471389770508], [0.0, 0.0, 0.0, 1.0]], [[0.006127114407718182, -0.9997187852859497, 0.02290835976600647, 0.00616455078125], [-0.027066607028245926, -0.023066198453307152, -0.9993675351142883, 1.5181360244750977], [0.9996148347854614, 0.005503188818693161, -0.027200322598218918, -1.603271484375], [0.0, 0.0, 0.0, 1.0]], [[-0.832690417766571, -0.5533334016799927, 0.021183857694268227, 0.974822998046875], [-0.02151905931532383, -0.005891327280551195, -0.999751091003418, 1.502157211303711], [0.5533204674720764, -0.8329390287399292, -0.00700156157836318, -1.2100830078125], [0.0, 0.0, 0.0, 1.0]], [[0.947450578212738, 0.318998783826828, -0.024023719131946564, -1.1390380859375], [-0.013046610169112682, -0.036503709852695465, -0.9992483258247375, 1.5885143280029297], [-0.3196359872817993, 0.9470518231391907, -0.030423609539866447, -0.1048583984375], [0.0, 0.0, 0.0, 1.0]], [[0.0018568187952041626, 0.9996486902236938, -0.026439011096954346, 0.00274658203125], [-0.03839937597513199, -0.026348281651735306, -0.9989150762557983, 1.5783271789550781], [-0.9992607235908508, 0.0028700423426926136, 0.03833695873618126, -0.02490234375], [0.0, 0.0, 0.0, 1.0]], [[-0.9349489808082581, 0.35477906465530396, 0.001452717580832541, 1.0889892578125], [-0.005707572214305401, -0.010946759954094887, -0.999923825263977, 1.5511698722839355], [-0.3547361195087433, -0.93488609790802, 0.0122595876455307, -0.081207275390625], [0.0, 0.0, 0.0, 1.0]]], "view": [[0.0, -2.0, 100.0], [-2.0, 0.0, 100.0], [0.0, 0.0, 1.0]], "bev": "bev_1bc73dc401434b5192f8db4190021478.png", "aux": "aux_1bc73dc401434b5192f8db4190021478.npz", "visibility": "visibility_1bc73dc401434b5192f8db4190021478.png", "pose": [[0.17819400131702423, 0.9839953780174255, 0.0, 577.8541870117188], [-0.9839953780174255, 0.17819400131702423, 0.0, 1240.584716796875], [0.0, 0.0, 1.0, 0.0], [0.0, 0.0, 0.0, 1.0]], "pose_inverse": [[0.17819400131702423, -0.9839953780174255, 0.0, 1117.759521484375], [0.9839953780174255, 0.17819400131702423, 0.0, -789.6705932617188], [0.0, 0.0, 1.0, 0.0], [0.0, 0.0, 0.0, 1.0]], "cam_ids": [0, 1, 2, 3, 4, 5], "cam_channels": ["CAM_FRONT_LEFT", "CAM_FRONT", "CAM_FRONT_RIGHT", "CAM_BACK_LEFT", "CAM_BACK", "CAM_BACK_RIGHT"], "token": "1bc73dc401434b5192f8db4190021478", "scene": "scene-0160"}, {"images": ["samples/CAM_FRONT_LEFT/n015-2018-08-01-17-13-57+0800__CAM_FRONT_LEFT__1533115288504844.jpg", "samples/CAM_FRONT/n015-2018-08-01-17-13-57+0800__CAM_FRONT__1533115288512460.jpg", "samples/CAM_FRONT_RIGHT/n015-2018-08-01-17-13-57+0800__CAM_FRONT_RIGHT__1533115288520339.jpg", "samples/CAM_BACK_LEFT/n015-2018-08-01-17-13-57+0800__CAM_BACK_LEFT__1533115288547423.jpg", "samples/CAM_BACK/n015-2018-08-01-17-13-57+0800__CAM_BACK__1533115288537525.jpg", "samples/CAM_BACK_RIGHT/n015-2018-08-01-17-13-57+0800__CAM_BACK_RIGHT__1533115288527893.jpg"], "intrinsics": [[[1272.5979470598488, 0.0, 826.6154927353808], [0.0, 1272.5979470598488, 479.75165386361925], [0.0, 0.0, 1.0]], [[1266.417203046554, 0.0, 816.2670197447984], [0.0, 1266.417203046554, 491.50706579294757], [0.0, 0.0, 1.0]], [[1260.8474446004698, 0.0, 807.968244525554], [0.0, 1260.8474446004698, 495.3344268742088], [0.0, 0.0, 1.0]], [[1256.7414812095406, 0.0, 792.1125740759628], [0.0, 1256.7414812095406, 492.7757465151356], [0.0, 0.0, 1.0]], [[809.2209905677063, 0.0, 829.2196003259838], [0.0, 809.2209905677063, 481.77842384512485], [0.0, 0.0, 1.0]], [[1259.5137405846733, 0.0, 807.2529053838625], [0.0, 1259.5137405846733, 501.19579884916527], [0.0, 0.0, 1.0]]], "extrinsics": [[[0.8209577798843384, -0.5709523558616638, -0.006462902296334505, -0.901123046875], [-0.02187948301434517, -0.020145446062088013, -0.999557614326477, 1.506570816040039], [0.5705695152282715, 0.8207360506057739, -0.029030703008174896, -1.2367448806762695], [0.0, 0.0, 0.0, 1.0]], [[0.006409742869436741, -0.9996895790100098, 0.024073665961623192, 0.00604248046875], [-0.027183612808585167, -0.02423945628106594, -0.9993365406990051, 1.5188226699829102], [0.9996098875999451, 0.00575105519965291, -0.027330545708537102, -1.62890625], [0.0, 0.0, 0.0, 1.0]], [[-0.8325662612915039, -0.553493082523346, 0.021882658824324608, 0.991607666015625], [-0.02158079296350479, -0.007063460070639849, -0.9997420907020569, 1.502584457397461], [0.5535049438476562, -0.8328237533569336, -0.006064021028578281, -1.2208251953125], [0.0, 0.0, 0.0, 1.0]], [[0.9474530220031738, 0.3189772069454193, -0.02421353943645954, -1.1436767578125], [-0.012926955707371235, -0.03745359927415848, -0.9992147088050842, 1.5885820388793945], [-0.3196336030960083, 0.9470220804214478, -0.03136212006211281, -0.1033935546875], [0.0, 0.0, 0.0, 1.0]], [[0.0017708075465634465, 0.9996199011802673, -0.027513954788446426, 0.00262451171875], [-0.0383368656039238, -0.027425911277532578, -0.9988884329795837, 1.5786876678466797], [-0.9992632865905762, 0.002823634771630168, 0.03827372565865517, -0.0157470703125], [0.0, 0.0, 0.0, 1.0]], [[-0.9350079894065857, 0.3546251058578491, 0.0010419160826131701, 1.1025390625], [-0.005701546557247639, -0.01209494099020958, -0.9999105930328369, 1.5512523651123047], [-0.354580819606781, -0.9349303841590881, 0.013330776244401932, -0.07598876953125], [0.0, 0.0, 0.0, 1.0]]], "view": [[0.0, -2.0, 100.0], [-2.0, 0.0, 100.0], [0.0, 0.0, 1.0]], "bev": "bev_438996e3398741a2b09c01462f6e8b07.png", "aux": "aux_438996e3398741a2b09c01462f6e8b07.npz", "visibility": "visibility_438996e3398741a2b09c01462f6e8b07.png", "pose": [[0.17869623005390167, 0.9839043021202087, 0.0, 578.02197265625], [-0.9839043021202087, 0.17869623005390167, 0.0, 1239.6099853515625], [0.0, 0.0, 1.0, 0.0], [0.0, 0.0, 0.0, 1.0]], "pose_inverse": [[0.17869623005390167, -0.9839043021202087, 0.0, 1116.3671875], [0.9839043021202087, 0.17869623005390167, 0.0, -790.23193359375], [0.0, 0.0, 1.0, 0.0], [0.0, 0.0, 0.0, 1.0]], "cam_ids": [0, 1, 2, 3, 4, 5], "cam_channels": ["CAM_FRONT_LEFT", "CAM_FRONT", "CAM_FRONT_RIGHT", "CAM_BACK_LEFT", "CAM_BACK", "CAM_BACK_RIGHT"], "token": "438996e3398741a2b09c01462f6e8b07", "scene": "scene-0160"}, {"images": ["samples/CAM_FRONT_LEFT/n015-2018-08-01-17-13-57+0800__CAM_FRONT_LEFT__1533115289004844.jpg", "samples/CAM_FRONT/n015-2018-08-01-17-13-57+0800__CAM_FRONT__1533115289012460.jpg", "samples/CAM_FRONT_RIGHT/n015-2018-08-01-17-13-57+0800__CAM_FRONT_RIGHT__1533115289020339.jpg", "samples/CAM_BACK_LEFT/n015-2018-08-01-17-13-57+0800__CAM_BACK_LEFT__1533115289047928.jpg", "samples/CAM_BACK/n015-2018-08-01-17-13-57+0800__CAM_BACK__1533115289037525.jpg", "samples/CAM_BACK_RIGHT/n015-2018-08-01-17-13-57+0800__CAM_BACK_RIGHT__1533115289028406.jpg"], "intrinsics": [[[1272.5979470598488, 0.0, 826.6154927353808], [0.0, 1272.5979470598488, 479.75165386361925], [0.0, 0.0, 1.0]], [[1266.417203046554, 0.0, 816.2670197447984], [0.0, 1266.417203046554, 491.50706579294757], [0.0, 0.0, 1.0]], [[1260.8474446004698, 0.0, 807.968244525554], [0.0, 1260.8474446004698, 495.3344268742088], [0.0, 0.0, 1.0]], [[1256.7414812095406, 0.0, 792.1125740759628], [0.0, 1256.7414812095406, 492.7757465151356], [0.0, 0.0, 1.0]], [[809.2209905677063, 0.0, 829.2196003259838], [0.0, 809.2209905677063, 481.77842384512485], [0.0, 0.0, 1.0]], [[1259.5137405846733, 0.0, 807.2529053838625], [0.0, 1259.5137405846733, 501.19579884916527], [0.0, 0.0, 1.0]]], "extrinsics": [[[0.8207371830940247, -0.5712649822235107, -0.006832515820860863, -0.9134521484375], [-0.022578656673431396, -0.02048402465879917, -0.9995352029800415, 1.506852149963379], [0.5708594918251038, 0.8205100893974304, -0.029710398986935616, -1.2450380325317383], [0.0, 0.0, 0.0, 1.0]], [[0.006114992778748274, -0.9996846914291382, 0.024352632462978363, 0.0057373046875], [-0.02785922773182392, -0.02451394870877266, -0.9993112683296204, 1.5191164016723633], [0.9995930790901184, 0.005432336125522852, -0.028000345453619957, -1.6409912109375], [0.0, 0.0, 0.0, 1.0]], [[-0.8326855301856995, -0.5532873272895813, 0.022539325058460236, 0.999481201171875], [-0.02222670428454876, -0.0072752563282847404, -0.9997264742851257, 1.5027656555175781], [0.5533000230789185, -0.8329586982727051, -0.006239751819521189, -1.2265625], [0.0, 0.0, 0.0, 1.0]], [[0.9474478960037231, 0.3189524710178375, -0.024734005331993103, -1.14215087890625], [-0.013475672341883183, -0.0374566912651062, -0.9992073774337769, 1.5885562896728516], [-0.3196260929107666, 0.9470303058624268, -0.031190164387226105, -0.103759765625], [0.0, 0.0, 0.0, 1.0]], [[0.0018543364712968469, 0.999617338180542, -0.02759912796318531, 0.00274658203125], [-0.03891327232122421, -0.027506139129400253, -0.9988639950752258, 1.5787792205810547], [-0.9992409348487854, 0.002926220651715994, 0.03884737566113472, -0.0130615234375], [0.0, 0.0, 0.0, 1.0]], [[-0.9349457025527954, 0.35478755831718445, 0.0015673043671995401, 1.110107421875], [-0.006320741027593613, -0.012239420786499977, -0.9999051094055176, 1.5512747764587402], [-0.35473471879959106, -0.9348668456077576, 0.013685713522136211, -0.073272705078125], [0.0, 0.0, 0.0, 1.0]]], "view": [[0.0, -2.0, 100.0], [-2.0, 0.0, 100.0], [0.0, 0.0, 1.0]], "bev": "bev_3fb218931a024d5b8d218efad547437e.png", "aux": "aux_3fb218931a024d5b8d218efad547437e.npz", "visibility": "visibility_3fb218931a024d5b8d218efad547437e.png", "pose": [[0.180015429854393, 0.98366379737854, 0.0, 578.1532592773438], [-0.98366379737854, 0.180015429854393, 0.0, 1238.8538818359375], [0.0, 0.0, 1.0, 0.0], [0.0, 0.0, 0.0, 1.0]], "pose_inverse": [[0.180015429854393, -0.98366379737854, 0.0, 1114.5391845703125], [0.98366379737854, 0.180015429854393, 0.0, -791.7212524414062], [0.0, 0.0, 1.0, 0.0], [0.0, 0.0, 0.0, 1.0]], "cam_ids": [0, 1, 2, 3, 4, 5], "cam_channels": ["CAM_FRONT_LEFT", "CAM_FRONT", "CAM_FRONT_RIGHT", "CAM_BACK_LEFT", "CAM_BACK", "CAM_BACK_RIGHT"], "token": "3fb218931a024d5b8d218efad547437e", "scene": "scene-0160"}, {"images": ["samples/CAM_FRONT_LEFT/n015-2018-08-01-17-13-57+0800__CAM_FRONT_LEFT__1533115289504844.jpg", "samples/CAM_FRONT/n015-2018-08-01-17-13-57+0800__CAM_FRONT__1533115289512460.jpg", "samples/CAM_FRONT_RIGHT/n015-2018-08-01-17-13-57+0800__CAM_FRONT_RIGHT__1533115289520339.jpg", "samples/CAM_BACK_LEFT/n015-2018-08-01-17-13-57+0800__CAM_BACK_LEFT__1533115289547423.jpg", "samples/CAM_BACK/n015-2018-08-01-17-13-57+0800__CAM_BACK__1533115289537525.jpg", "samples/CAM_BACK_RIGHT/n015-2018-08-01-17-13-57+0800__CAM_BACK_RIGHT__1533115289527893.jpg"], "intrinsics": [[[1272.5979470598488, 0.0, 826.6154927353808], [0.0, 1272.5979470598488, 479.75165386361925], [0.0, 0.0, 1.0]], [[1266.417203046554, 0.0, 816.2670197447984], [0.0, 1266.417203046554, 491.50706579294757], [0.0, 0.0, 1.0]], [[1260.8474446004698, 0.0, 807.968244525554], [0.0, 1260.8474446004698, 495.3344268742088], [0.0, 0.0, 1.0]], [[1256.7414812095406, 0.0, 792.1125740759628], [0.0, 1256.7414812095406, 492.7757465151356], [0.0, 0.0, 1.0]], [[809.2209905677063, 0.0, 829.2196003259838], [0.0, 809.2209905677063, 481.77842384512485], [0.0, 0.0, 1.0]], [[1259.5137405846733, 0.0, 807.2529053838625], [0.0, 1259.5137405846733, 501.19579884916527], [0.0, 0.0, 1.0]]], "extrinsics": [[[0.82063889503479, -0.5714216232299805, -0.00538212712854147, -0.935302734375], [-0.021353553980588913, -0.021252039819955826, -0.9995461106300354, 1.507497787475586], [0.5710479021072388, 0.8203814029693604, -0.02964213117957115, -1.2603425979614258], [0.0, 0.0, 0.0, 1.0]], [[0.0059469714760780334, -0.9996653199195862, 0.025173868983983994, 0.0057373046875], [-0.02665220946073532, -0.02532382309436798, -0.9993240237236023, 1.5197687149047852], [0.9996270537376404, 0.0052719721570611, -0.026793891564011574, -1.6629638671875], [0.0, 0.0, 0.0, 1.0]], [[-0.8327692747116089, -0.5531821250915527, 0.022020718082785606, 1.01373291015625], [-0.02103540301322937, -0.00813019648194313, -0.9997456669807434, 1.5031728744506836], [0.5532204508781433, -0.8330206274986267, -0.004865829832851887, -1.2359619140625], [0.0, 0.0, 0.0, 1.0]], [[0.9474805593490601, 0.31891363859176636, -0.023972786962985992, -1.14208984375], [-0.012306736782193184, -0.038545724004507065, -0.9991810321807861, 1.5885543823242188], [-0.3195764720439911, 0.9469996690750122, -0.032596539705991745, -0.1038818359375], [0.0, 0.0, 0.0, 1.0]], [[0.001923985779285431, 0.9995890259742737, -0.028601501137018204, 0.00262451171875], [-0.037741851061582565, -0.028508588671684265, -0.9988808035850525, 1.579050064086914], [-0.9992855787277222, 0.0030013136565685272, 0.03767148405313492, -0.00634765625], [0.0, 0.0, 0.0, 1.0]], [[-0.9349214434623718, 0.35485461354255676, 0.00013994451728649437, 1.12109375], [-0.00514474231749773, -0.013160319067537785, -0.9999001622200012, 1.5513696670532227], [-0.35481739044189453, -0.9348288774490356, 0.014129500836133957, -0.069183349609375], [0.0, 0.0, 0.0, 1.0]]], "view": [[0.0, -2.0, 100.0], [-2.0, 0.0, 100.0], [0.0, 0.0, 1.0]], "bev": "bev_49b5034b631146c1bab33224ae47a294.png", "aux": "aux_49b5034b631146c1bab33224ae47a294.npz", "visibility": "visibility_49b5034b631146c1bab33224ae47a294.png", "pose": [[0.18079166114330292, 0.9835214018821716, 0.0, 578.2417602539062], [-0.9835214018821716, 0.18079166114330292, 0.0, 1238.3277587890625], [0.0, 0.0, 1.0, 0.0], [0.0, 0.0, 0.0, 1.0]], "pose_inverse": [[0.18079166114330292, -0.9835214018821716, 0.0, 1113.380615234375], [0.9835214018821716, 0.18079166114330292, 0.0, -792.5924682617188], [0.0, 0.0, 1.0, 0.0], [0.0, 0.0, 0.0, 1.0]], "cam_ids": [0, 1, 2, 3, 4, 5], "cam_channels": ["CAM_FRONT_LEFT", "CAM_FRONT", "CAM_FRONT_RIGHT", "CAM_BACK_LEFT", "CAM_BACK", "CAM_BACK_RIGHT"], "token": "49b5034b631146c1bab33224ae47a294", "scene": "scene-0160"}, {"images": ["samples/CAM_FRONT_LEFT/n015-2018-08-01-17-13-57+0800__CAM_FRONT_LEFT__1533115290004844.jpg", "samples/CAM_FRONT/n015-2018-08-01-17-13-57+0800__CAM_FRONT__1533115290012460.jpg", "samples/CAM_FRONT_RIGHT/n015-2018-08-01-17-13-57+0800__CAM_FRONT_RIGHT__1533115290020339.jpg", "samples/CAM_BACK_LEFT/n015-2018-08-01-17-13-57+0800__CAM_BACK_LEFT__1533115290047423.jpg", "samples/CAM_BACK/n015-2018-08-01-17-13-57+0800__CAM_BACK__1533115290037525.jpg", "samples/CAM_BACK_RIGHT/n015-2018-08-01-17-13-57+0800__CAM_BACK_RIGHT__1533115290027893.jpg"], "intrinsics": [[[1272.5979470598488, 0.0, 826.6154927353808], [0.0, 1272.5979470598488, 479.75165386361925], [0.0, 0.0, 1.0]], [[1266.417203046554, 0.0, 816.2670197447984], [0.0, 1266.417203046554, 491.50706579294757], [0.0, 0.0, 1.0]], [[1260.8474446004698, 0.0, 807.968244525554], [0.0, 1260.8474446004698, 495.3344268742088], [0.0, 0.0, 1.0]], [[1256.7414812095406, 0.0, 792.1125740759628], [0.0, 1256.7414812095406, 492.7757465151356], [0.0, 0.0, 1.0]], [[809.2209905677063, 0.0, 829.2196003259838], [0.0, 809.2209905677063, 481.77842384512485], [0.0, 0.0, 1.0]], [[1259.5137405846733, 0.0, 807.2529053838625], [0.0, 1259.5137405846733, 501.19579884916527], [0.0, 0.0, 1.0]]], "extrinsics": [[[0.8208745121955872, -0.5710929036140442, -0.004246012307703495, -0.950927734375], [-0.020488768815994263, -0.02201850898563862, -0.99954754114151, 1.5079150199890137], [0.5707410573959351, 0.820590078830719, -0.02977541834115982, -1.271017074584961], [0.0, 0.0, 0.0, 1.0]], [[0.0062530930154025555, -0.9996440410614014, 0.025937411934137344, 0.0054931640625], [-0.025774329900741577, -0.02609042264521122, -0.9993272423744202, 1.520188808441162], [0.9996482133865356, 0.005580372642725706, -0.025928298011422157, -1.678466796875], [0.0, 0.0, 0.0, 1.0]], [[-0.8326470851898193, -0.5533784627914429, 0.02170427329838276, 1.023651123046875], [-0.020149346441030502, -0.008893935941159725, -0.9997573494911194, 1.503432273864746], [0.5534372329711914, -0.8328824639320374, -0.003744702320545912, -1.2425537109375], [0.0, 0.0, 0.0, 1.0]], [[0.9474890232086182, 0.31893157958984375, -0.023395512253046036, -1.1424560546875], [-0.011445156298577785, -0.03929292783141136, -0.9991621971130371, 1.5885581970214844], [-0.31958362460136414, 0.9469629526138306, -0.03357939422130585, -0.1036376953125], [0.0, 0.0, 0.0, 1.0]], [[0.0018412008648738265, 0.9995678067207336, -0.0293420422822237, 0.00274658203125], [-0.03686652332544327, -0.02925429679453373, -0.9988919496536255, 1.5792179107666016], [-0.999318540096283, 0.0029208818450570107, 0.036796726286411285, -0.001953125], [0.0, 0.0, 0.0, 1.0]], [[-0.9349870085716248, 0.3546806275844574, -0.0009567224187776446, 1.1290283203125], [-0.004253917373716831, -0.0139110516756773, -0.9998942017555237, 1.5514187812805176], [-0.3546564280986786, -0.9348841309547424, 0.014515434391796589, -0.066131591796875], [0.0, 0.0, 0.0, 1.0]]], "view": [[0.0, -2.0, 100.0], [-2.0, 0.0, 100.0], [0.0, 0.0, 1.0]], "bev": "bev_2cab4c0c33d941659e7870267695a056.png", "aux": "aux_2cab4c0c33d941659e7870267695a056.npz", "visibility": "visibility_2cab4c0c33d941659e7870267695a056.png", "pose": [[0.1800389587879181, 0.9836595058441162, 0.0, 578.294189453125], [-0.9836595058441162, 0.1800389587879181, 0.0, 1238.0062255859375], [0.0, 0.0, 1.0, 0.0], [0.0, 0.0, 0.0, 1.0]], "pose_inverse": [[0.1800389587879181, -0.9836595058441162, 0.0, 1113.6611328125], [0.9836595058441162, 0.1800389587879181, 0.0, -791.73388671875], [0.0, 0.0, 1.0, 0.0], [0.0, 0.0, 0.0, 1.0]], "cam_ids": [0, 1, 2, 3, 4, 5], "cam_channels": ["CAM_FRONT_LEFT", "CAM_FRONT", "CAM_FRONT_RIGHT", "CAM_BACK_LEFT", "CAM_BACK", "CAM_BACK_RIGHT"], "token": "2cab4c0c33d941659e7870267695a056", "scene": "scene-0160"}, {"images": ["samples/CAM_FRONT_LEFT/n015-2018-08-01-17-13-57+0800__CAM_FRONT_LEFT__1533115290404844.jpg", "samples/CAM_FRONT/n015-2018-08-01-17-13-57+0800__CAM_FRONT__1533115290412471.jpg", "samples/CAM_FRONT_RIGHT/n015-2018-08-01-17-13-57+0800__CAM_FRONT_RIGHT__1533115290420339.jpg", "samples/CAM_BACK_LEFT/n015-2018-08-01-17-13-57+0800__CAM_BACK_LEFT__1533115290447423.jpg", "samples/CAM_BACK/n015-2018-08-01-17-13-57+0800__CAM_BACK__1533115290437525.jpg", "samples/CAM_BACK_RIGHT/n015-2018-08-01-17-13-57+0800__CAM_BACK_RIGHT__1533115290427893.jpg"], "intrinsics": [[[1272.5979470598488, 0.0, 826.6154927353808], [0.0, 1272.5979470598488, 479.75165386361925], [0.0, 0.0, 1.0]], [[1266.417203046554, 0.0, 816.2670197447984], [0.0, 1266.417203046554, 491.50706579294757], [0.0, 0.0, 1.0]], [[1260.8474446004698, 0.0, 807.968244525554], [0.0, 1260.8474446004698, 495.3344268742088], [0.0, 0.0, 1.0]], [[1256.7414812095406, 0.0, 792.1125740759628], [0.0, 1256.7414812095406, 492.7757465151356], [0.0, 0.0, 1.0]], [[809.2209905677063, 0.0, 829.2196003259838], [0.0, 809.2209905677063, 481.77842384512485], [0.0, 0.0, 1.0]], [[1259.5137405846733, 0.0, 807.2529053838625], [0.0, 1259.5137405846733, 501.19579884916527], [0.0, 0.0, 1.0]]], "extrinsics": [[[0.8207886815071106, -0.5712175369262695, -0.004046997055411339, -0.960693359375], [-0.02017783187329769, -0.021912027150392532, -0.999556303024292, 1.5081586837768555], [0.570875346660614, 0.8205061554908752, -0.02951107546687126, -1.2777185440063477], [0.0, 0.0, 0.0, 1.0]], [[0.006115455646067858, -0.9996481537818909, 0.02581009455025196, 0.00537109375], [-0.02547609619796276, -0.025957951322197914, -0.9993383884429932, 1.5204381942749023], [0.9996566772460938, 0.005453881341964006, -0.02562587708234787, -1.688232421875], [0.0, 0.0, 0.0, 1.0]], [[-0.8327091932296753, -0.5532976388931274, 0.02137754298746586, 1.029815673828125], [-0.01986151933670044, -0.00873605627566576, -0.9997645616531372, 1.5035858154296875], [0.5533541440963745, -0.8329377770423889, -0.0037147372495383024, -1.2469482421875], [0.0, 0.0, 0.0, 1.0]], [[0.9475057721138, 0.31890299916267395, -0.023099996149539948, -1.14007568359375], [-0.01120691280812025, -0.039078615605831146, -0.9991732835769653, 1.5885295867919922], [-0.3195420205593109, 0.9469814300537109, -0.03345329314470291, -0.1044921875], [0.0, 0.0, 0.0, 1.0]], [[0.0018984879134222865, 0.9995732307434082, -0.02915186807513237, 0.0028076171875], [-0.036618541926145554, -0.029062876477837563, -0.9989066123962402, 1.5792865753173828], [-0.9993274807929993, 0.00296391430310905, 0.036547739058732986, -0.000244140625], [0.0, 0.0, 0.0, 1.0]], [[-0.9349608421325684, 0.35474932193756104, -0.0011467826552689075, 1.13427734375], [-0.003988636191934347, -0.013744592666625977, -0.9998975992202759, 1.5514426231384277], [-0.3547287583351135, -0.9348604679107666, 0.014265618287026882, -0.064239501953125], [0.0, 0.0, 0.0, 1.0]]], "view": [[0.0, -2.0, 100.0], [-2.0, 0.0, 100.0], [0.0, 0.0, 1.0]], "bev": "bev_39724856f3274120b1b20b499ffe6b16.png", "aux": "aux_39724856f3274120b1b20b499ffe6b16.npz", "visibility": "visibility_39724856f3274120b1b20b499ffe6b16.png", "pose": [[0.18089716136455536, 0.9835020303726196, 0.0, 578.30322265625], [-0.9835020303726196, 0.18089716136455536, 0.0, 1237.9385986328125], [0.0, 0.0, 1.0, 0.0], [0.0, 0.0, 0.0, 1.0]], "pose_inverse": [[0.18089716136455536, -0.9835020303726196, 0.0, 1112.9017333984375], [0.9835020303726196, 0.18089716136455536, 0.0, -792.7019653320312], [0.0, 0.0, 1.0, 0.0], [0.0, 0.0, 0.0, 1.0]], "cam_ids": [0, 1, 2, 3, 4, 5], "cam_channels": ["CAM_FRONT_LEFT", "CAM_FRONT", "CAM_FRONT_RIGHT", "CAM_BACK_LEFT", "CAM_BACK", "CAM_BACK_RIGHT"], "token": "39724856f3274120b1b20b499ffe6b16", "scene": "scene-0160"}, {"images": ["samples/CAM_FRONT_LEFT/n015-2018-08-01-17-13-57+0800__CAM_FRONT_LEFT__1533115290854844.jpg", "samples/CAM_FRONT/n015-2018-08-01-17-13-57+0800__CAM_FRONT__1533115290862460.jpg", "samples/CAM_FRONT_RIGHT/n015-2018-08-01-17-13-57+0800__CAM_FRONT_RIGHT__1533115290870339.jpg", "samples/CAM_BACK_LEFT/n015-2018-08-01-17-13-57+0800__CAM_BACK_LEFT__1533115290897423.jpg", "samples/CAM_BACK/n015-2018-08-01-17-13-57+0800__CAM_BACK__1533115290887525.jpg", "samples/CAM_BACK_RIGHT/n015-2018-08-01-17-13-57+0800__CAM_BACK_RIGHT__1533115290877893.jpg"], "intrinsics": [[[1272.5979470598488, 0.0, 826.6154927353808], [0.0, 1272.5979470598488, 479.75165386361925], [0.0, 0.0, 1.0]], [[1266.417203046554, 0.0, 816.2670197447984], [0.0, 1266.417203046554, 491.50706579294757], [0.0, 0.0, 1.0]], [[1260.8474446004698, 0.0, 807.968244525554], [0.0, 1260.8474446004698, 495.3344268742088], [0.0, 0.0, 1.0]], [[1256.7414812095406, 0.0, 792.1125740759628], [0.0, 1256.7414812095406, 492.7757465151356], [0.0, 0.0, 1.0]], [[809.2209905677063, 0.0, 829.2196003259838], [0.0, 809.2209905677063, 481.77842384512485], [0.0, 0.0, 1.0]], [[1259.5137405846733, 0.0, 807.2529053838625], [0.0, 1259.5137405846733, 501.19579884916527], [0.0, 0.0, 1.0]]], "extrinsics": [[[0.820781946182251, -0.5712413787841797, -0.0005506144952960312, -0.9664306640625], [-0.016010707244277, -0.02204127609729767, -0.9996288418769836, 1.508288025856018], [0.5710172653198242, 0.8204861879348755, -0.0272370595484972, -1.2816381454467773], [0.0, 0.0, 0.0, 1.0]], [[0.005986378062516451, -0.9996444582939148, 0.02597930282354355, 0.00531005859375], [-0.021324731409549713, -0.026101477444171906, -0.999431848526001, 1.5205744504928589], [0.9997546672821045, 0.005428969860076904, -0.02147340402007103, -1.6937255859375], [0.0, 0.0, 0.0, 1.0]], [[-0.8328006267547607, -0.553279459476471, 0.01802673563361168, 1.033477783203125], [-0.015732018277049065, -0.008896329440176487, -0.9998366236686707, 1.5036659240722656], [0.5533494353294373, -0.8329482674598694, -0.0012953313998878002, -1.249267578125], [0.0, 0.0, 0.0, 1.0]], [[0.947587788105011, 0.31890779733657837, -0.019370125606656075, -1.14215087890625], [-0.007215089164674282, -0.03925198316574097, -0.9992032647132874, 1.5885581970214844], [-0.31941401958465576, 0.9469726085662842, -0.03489375486969948, -0.103759765625], [0.0, 0.0, 0.0, 1.0]], [[0.002021495485678315, 0.9995683431625366, -0.029308384284377098, 0.00274658203125], [-0.03257619962096214, -0.029227066785097122, -0.9990417957305908, 1.5793724060058594], [-0.9994671940803528, 0.002974302275106311, 0.03250305354595184, 0.0023193359375], [0.0, 0.0, 0.0, 1.0]], [[-0.9349426627159119, 0.3547629415988922, -0.0050345174968242645, 1.136962890625], [0.00010821422620210797, -0.013904660008847713, -0.9999033808708191, 1.5514516830444336], [-0.35479864478111267, -0.9348528981208801, 0.012961667031049728, -0.063201904296875], [0.0, 0.0, 0.0, 1.0]]], "view": [[0.0, -2.0, 100.0], [-2.0, 0.0, 100.0], [0.0, 0.0, 1.0]], "bev": "bev_8a499f5fc164461d8bc857f9847b2503.png", "aux": "aux_8a499f5fc164461d8bc857f9847b2503.npz", "visibility": "visibility_8a499f5fc164461d8bc857f9847b2503.png", "pose": [[0.1813635528087616, 0.9834161400794983, 0.0, 578.2929077148438], [-0.9834161400794983, 0.1813635528087616, 0.0, 1237.97412109375], [0.0, 0.0, 1.0, 0.0], [0.0, 0.0, 0.0, 1.0]], "pose_inverse": [[0.1813635528087616, -0.9834161400794983, 0.0, 1112.5625], [0.9834161400794983, 0.1813635528087616, 0.0, -793.2259521484375], [0.0, 0.0, 1.0, 0.0], [0.0, 0.0, 0.0, 1.0]], "cam_ids": [0, 1, 2, 3, 4, 5], "cam_channels": ["CAM_FRONT_LEFT", "CAM_FRONT", "CAM_FRONT_RIGHT", "CAM_BACK_LEFT", "CAM_BACK", "CAM_BACK_RIGHT"], "token": "8a499f5fc164461d8bc857f9847b2503", "scene": "scene-0160"}, {"images": ["samples/CAM_FRONT_LEFT/n015-2018-08-01-17-13-57+0800__CAM_FRONT_LEFT__1533115291404844.jpg", "samples/CAM_FRONT/n015-2018-08-01-17-13-57+0800__CAM_FRONT__1533115291412460.jpg", "samples/CAM_FRONT_RIGHT/n015-2018-08-01-17-13-57+0800__CAM_FRONT_RIGHT__1533115291420356.jpg", "samples/CAM_BACK_LEFT/n015-2018-08-01-17-13-57+0800__CAM_BACK_LEFT__1533115291447423.jpg", "samples/CAM_BACK/n015-2018-08-01-17-13-57+0800__CAM_BACK__1533115291437525.jpg", "samples/CAM_BACK_RIGHT/n015-2018-08-01-17-13-57+0800__CAM_BACK_RIGHT__1533115291427893.jpg"], "intrinsics": [[[1272.5979470598488, 0.0, 826.6154927353808], [0.0, 1272.5979470598488, 479.75165386361925], [0.0, 0.0, 1.0]], [[1266.417203046554, 0.0, 816.2670197447984], [0.0, 1266.417203046554, 491.50706579294757], [0.0, 0.0, 1.0]], [[1260.8474446004698, 0.0, 807.968244525554], [0.0, 1260.8474446004698, 495.3344268742088], [0.0, 0.0, 1.0]], [[1256.7414812095406, 0.0, 792.1125740759628], [0.0, 1256.7414812095406, 492.7757465151356], [0.0, 0.0, 1.0]], [[809.2209905677063, 0.0, 829.2196003259838], [0.0, 809.2209905677063, 481.77842384512485], [0.0, 0.0, 1.0]], [[1259.5137405846733, 0.0, 807.2529053838625], [0.0, 1259.5137405846733, 501.19579884916527], [0.0, 0.0, 1.0]]], "extrinsics": [[[0.8207834362983704, -0.5712374448776245, -0.0014545005979016423, -0.9647216796875], [-0.01713676005601883, -0.02207774855196476, -0.9996093511581421, 1.5082560777664185], [0.5709822177886963, 0.820487916469574, -0.02791021391749382, -1.280517578125], [0.0, 0.0, 0.0, 1.0]], [[0.006015196442604065, -0.9996435642242432, 0.02600983716547489, 0.00537109375], [-0.02243621088564396, -0.026138678193092346, -0.9994065761566162, 1.520540714263916], [0.999730110168457, 0.0054280743934214115, -0.022585444152355194, -1.6922607421875], [0.0, 0.0, 0.0, 1.0]], [[-0.8327800631523132, -0.5532793998718262, 0.018953485414385796, 1.032440185546875], [-0.01682051084935665, -0.008932671509683132, -0.9998186230659485, 1.5036468505859375], [0.5533483028411865, -0.832947850227356, -0.0018674908205866814, -1.24853515625], [0.0, 0.0, 0.0, 1.0]], [[0.9475690722465515, 0.31891122460365295, -0.020208317786455154, -1.1422119140625], [-0.008092808537185192, -0.039269767701625824, -0.9991958737373352, 1.5885581970214844], [-0.319448322057724, 0.9469707608222961, -0.034629937261343, -0.103759765625], [0.0, 0.0, 0.0, 1.0]], [[0.0019915772136300802, 0.9995673894882202, -0.0293421670794487, 0.002685546875], [-0.03352885693311691, -0.029258981347084045, -0.999009370803833, 1.5793628692626953], [-0.9994356632232666, 0.0029734321869909763, 0.03345607966184616, 0.001953125], [0.0, 0.0, 0.0, 1.0]], [[-0.9349479675292969, 0.3547613024711609, -0.004082909785211086, 1.1361083984375], [-0.0009225005633197725, -0.013938956893980503, -0.9999024271965027, 1.55145263671875], [-0.3547835946083069, -0.9348530173301697, 0.013359468430280685, -0.063507080078125], [0.0, 0.0, 0.0, 1.0]]], "view": [[0.0, -2.0, 100.0], [-2.0, 0.0, 100.0], [0.0, 0.0, 1.0]], "bev": "bev_3c2f9080acef49b39a78960dfd35258b.png", "aux": "aux_3c2f9080acef49b39a78960dfd35258b.npz", "visibility": "visibility_3c2f9080acef49b39a78960dfd35258b.png", "pose": [[0.18150903284549713, 0.9833892583847046, 0.0, 578.2879028320312], [-0.9833892583847046, 0.18150903284549713, 0.0, 1237.9813232421875], [0.0, 0.0, 1.0, 0.0], [0.0, 0.0, 0.0, 1.0]], "pose_inverse": [[0.18150903284549713, -0.9833892583847046, 0.0, 1112.453125], [0.9833892583847046, 0.18150903284549713, 0.0, -793.3869018554688], [0.0, 0.0, 1.0, 0.0], [0.0, 0.0, 0.0, 1.0]], "cam_ids": [0, 1, 2, 3, 4, 5], "cam_channels": ["CAM_FRONT_LEFT", "CAM_FRONT", "CAM_FRONT_RIGHT", "CAM_BACK_LEFT", "CAM_BACK", "CAM_BACK_RIGHT"], "token": "3c2f9080acef49b39a78960dfd35258b", "scene": "scene-0160"}, {"images": ["samples/CAM_FRONT_LEFT/n015-2018-08-01-17-13-57+0800__CAM_FRONT_LEFT__1533115291904844.jpg", "samples/CAM_FRONT/n015-2018-08-01-17-13-57+0800__CAM_FRONT__1533115291912460.jpg", "samples/CAM_FRONT_RIGHT/n015-2018-08-01-17-13-57+0800__CAM_FRONT_RIGHT__1533115291920339.jpg", "samples/CAM_BACK_LEFT/n015-2018-08-01-17-13-57+0800__CAM_BACK_LEFT__1533115291947423.jpg", "samples/CAM_BACK/n015-2018-08-01-17-13-57+0800__CAM_BACK__1533115291937526.jpg", "samples/CAM_BACK_RIGHT/n015-2018-08-01-17-13-57+0800__CAM_BACK_RIGHT__1533115291927893.jpg"], "intrinsics": [[[1272.5979470598488, 0.0, 826.6154927353808], [0.0, 1272.5979470598488, 479.75165386361925], [0.0, 0.0, 1.0]], [[1266.417203046554, 0.0, 816.2670197447984], [0.0, 1266.417203046554, 491.50706579294757], [0.0, 0.0, 1.0]], [[1260.8474446004698, 0.0, 807.968244525554], [0.0, 1260.8474446004698, 495.3344268742088], [0.0, 0.0, 1.0]], [[1256.7414812095406, 0.0, 792.1125740759628], [0.0, 1256.7414812095406, 492.7757465151356], [0.0, 0.0, 1.0]], [[809.2209905677063, 0.0, 829.2196003259838], [0.0, 809.2209905677063, 481.77842384512485], [0.0, 0.0, 1.0]], [[1259.5137405846733, 0.0, 807.2529053838625], [0.0, 1259.5137405846733, 501.19579884916527], [0.0, 0.0, 1.0]]], "extrinsics": [[[0.8208334445953369, -0.5711663961410522, -0.0012382182758301497, -0.9649658203125], [-0.017003092914819717, -0.022268420085310936, -0.9996074438095093, 1.5082519054412842], [0.5709145665168762, 0.8205322027206421, -0.027990257367491722, -1.2803592681884766], [0.0, 0.0, 0.0, 1.0]], [[0.006084850523620844, -0.9996386170387268, 0.026183586567640305, 0.0052490234375], [-0.022305728867650032, -0.026313237845897675, -0.9994048476219177, 1.5205397605895996], [0.9997326135635376, 0.005497212056070566, -0.022457778453826904, -1.6922607421875], [0.0, 0.0, 0.0, 1.0]], [[-0.8327535390853882, -0.5533198714256287, 0.018935497850179672, 1.0323486328125], [-0.01669466309249401, -0.00908974464982748, -0.999819278717041, 1.5036449432373047], [0.5533919930458069, -0.832919180393219, -0.0016679734690114856, -1.24853515625], [0.0, 0.0, 0.0, 1.0]], [[0.9475714564323425, 0.3189093768596649, -0.02012738399207592, -1.1422119140625], [-0.007969454862177372, -0.03938266634941101, -0.9991924166679382, 1.5885581970214844], [-0.3194444477558136, 0.9469666481018066, -0.03477635979652405, -0.1038818359375], [0.0, 0.0, 0.0, 1.0]], [[0.0019815133418887854, 0.9995638132095337, -0.029465360566973686, 0.0026855