[{"images": ["samples/CAM_FRONT_LEFT/n008-2018-09-18-12-07-26-0400__CAM_FRONT_LEFT__1537286947504799.jpg", "samples/CAM_FRONT/n008-2018-09-18-12-07-26-0400__CAM_FRONT__1537286947512404.jpg", "samples/CAM_FRONT_RIGHT/n008-2018-09-18-12-07-26-0400__CAM_FRONT_RIGHT__1537286947520482.jpg", "samples/CAM_BACK_LEFT/n008-2018-09-18-12-07-26-0400__CAM_BACK_LEFT__1537286947547405.jpg", "samples/CAM_BACK/n008-2018-09-18-12-07-26-0400__CAM_BACK__1537286947537558.jpg", "samples/CAM_BACK_RIGHT/n008-2018-09-18-12-07-26-0400__CAM_BACK_RIGHT__1537286947528113.jpg"], "intrinsics": [[[1257.8625342125129, 0.0, 827.2410631095686], [0.0, 1257.8625342125129, 450.915498205774], [0.0, 0.0, 1.0]], [[1252.8131021185304, 0.0, 826.588114781398], [0.0, 1252.8131021185304, 469.9846626224581], [0.0, 0.0, 1.0]], [[1256.7485116440405, 0.0, 817.7887570959712], [0.0, 1256.7485116440403, 451.9541780095127], [0.0, 0.0, 1.0]], [[1254.9860565800168, 0.0, 829.5769333630991], [0.0, 1254.9860565800168, 467.1680561863987], [0.0, 0.0, 1.0]], [[796.8910634503094, 0.0, 857.7774326863696], [0.0, 796.8910634503094, 476.8848988407415], [0.0, 0.0, 1.0]], [[1249.9629280788233, 0.0, 825.3768045375984], [0.0, 1249.9629280788233, 462.54816385708756], [0.0, 0.0, 1.0]]], "extrinsics": [[[0.8224277496337891, -0.5684630870819092, -0.02150227315723896, -0.78466796875], [0.0026844467502087355, 0.04167601838707924, -0.9991275668144226, 1.4889068603515625], [0.5688632130622864, 0.8216525912284851, 0.03580152243375778, -1.183837890625], [0.0, 0.0, 0.0, 1.0]], [[0.01014728657901287, -0.9992507100105286, -0.037351131439208984, 0.00994873046875], [0.004534701816737652, 0.03739865869283676, -0.9992901086807251, 1.4810829162597656], [0.9999382495880127, 0.009970706887543201, 0.004910798743367195, -1.513671875], [0.0, 0.0, 0.0, 1.0]], [[-0.8440199494361877, -0.5356907844543457, -0.025803904980421066, 0.94580078125], [0.012447282671928406, 0.028534455224871635, -0.9995152950286865, 1.4951667785644531], [0.5361673831939697, -0.843932032585144, -0.01741575449705124, -1.18304443359375], [0.0, 0.0, 0.0, 1.0]], [[0.947855532169342, 0.3186973035335541, 0.001375372870825231, -1.13232421875], [-0.01311479602009058, 0.043316636234521866, -0.9989752769470215, 1.5618782043457031], [-0.3184303343296051, 0.9468662142753601, 0.04523756355047226, -0.16010284423828125], [0.0, 0.0, 0.0, 1.0]], [[0.009244147688150406, 0.9993177652359009, 0.03575769066810608, -0.029052734375], [-0.011033370159566402, 0.03585897386074066, -0.9992958903312683, 1.5672483444213867], [-0.9998964071273804, 0.008843110874295235, 0.011357327923178673, -0.026611328125], [0.0, 0.0, 0.0, 1.0]], [[-0.9237464666366577, 0.38283854722976685, 0.01126928348094225, 1.0423583984375], [-0.00667950976639986, 0.013315948657691479, -0.9998890161514282, 1.5469424724578857], [-0.38294610381126404, -0.9237192869186401, -0.009743387810885906, -0.091064453125], [0.0, 0.0, 0.0, 1.0]]], "view": [[0.0, -2.0, 100.0], [-2.0, 0.0, 100.0], [0.0, 0.0, 1.0]], "bev": "bev_f29e030d1be54060a3182f37b701ac12.png", "aux": "aux_f29e030d1be54060a3182f37b701ac12.npz", "visibility": "visibility_f29e030d1be54060a3182f37b701ac12.png", "pose": [[-0.999478280544281, 0.03229789435863495, 0.0, 1863.556640625], [-0.03229789435863495, -0.999478280544281, 0.0, 785.289306640625], [0.0, 0.0, 1.0, 0.0], [0.0, 0.0, 0.0, 1.0]], "pose_inverse": [[-0.999478280544281, -0.03229789435863495, 0.0, 1887.9476318359375], [0.03229789435863495, -0.999478280544281, 0.0, 724.690673828125], [0.0, 0.0, 1.0, 0.0], [0.0, 0.0, 0.0, 1.0]], "cam_ids": [0, 1, 2, 3, 4, 5], "cam_channels": ["CAM_FRONT_LEFT", "CAM_FRONT", "CAM_FRONT_RIGHT", "CAM_BACK_LEFT", "CAM_BACK", "CAM_BACK_RIGHT"], "token": "f29e030d1be54060a3182f37b701ac12", "scene": "scene-0442"}, {"images": ["samples/CAM_FRONT_LEFT/n008-2018-09-18-12-07-26-0400__CAM_FRONT_LEFT__1537286948004799.jpg", "samples/CAM_FRONT/n008-2018-09-18-12-07-26-0400__CAM_FRONT__1537286948012404.jpg", "samples/CAM_FRONT_RIGHT/n008-2018-09-18-12-07-26-0400__CAM_FRONT_RIGHT__1537286948020482.jpg", "samples/CAM_BACK_LEFT/n008-2018-09-18-12-07-26-0400__CAM_BACK_LEFT__1537286948047405.jpg", "samples/CAM_BACK/n008-2018-09-18-12-07-26-0400__CAM_BACK__1537286948037558.jpg", "samples/CAM_BACK_RIGHT/n008-2018-09-18-12-07-26-0400__CAM_BACK_RIGHT__1537286948028113.jpg"], "intrinsics": [[[1257.8625342125129, 0.0, 827.2410631095686], [0.0, 1257.8625342125129, 450.915498205774], [0.0, 0.0, 1.0]], [[1252.8131021185304, 0.0, 826.588114781398], [0.0, 1252.8131021185304, 469.9846626224581], [0.0, 0.0, 1.0]], [[1256.7485116440405, 0.0, 817.7887570959712], [0.0, 1256.7485116440403, 451.9541780095127], [0.0, 0.0, 1.0]], [[1254.9860565800168, 0.0, 829.5769333630991], [0.0, 1254.9860565800168, 467.1680561863987], [0.0, 0.0, 1.0]], [[796.8910634503094, 0.0, 857.7774326863696], [0.0, 796.8910634503094, 476.8848988407415], [0.0, 0.0, 1.0]], [[1249.9629280788233, 0.0, 825.3768045375984], [0.0, 1249.9629280788233, 462.54816385708756], [0.0, 0.0, 1.0]]], "extrinsics": [[[0.8224954009056091, -0.5677444934844971, -0.03417069837450981, -0.7919921875], [-0.007596954237669706, 0.049106646329164505, -0.9987646341323853, 1.4862537384033203], [0.5687211155891418, 0.8217388987541199, 0.0360768586397171, -1.1881103515625], [0.0, 0.0, 0.0, 1.0]], [[0.010193134658038616, -0.9989179968833923, -0.04537523165345192, 0.00872802734375], [-0.006279236637055874, 0.045312754809856415, -0.9989531636238098, 1.478769302368164], [0.99992835521698, 0.01046738587319851, -0.0058105639182031155, -1.52099609375], [0.0, 0.0, 0.0, 1.0]], [[-0.8440827131271362, -0.5358125567436218, -0.02072026953101158, 0.94921875], [0.0010659851832315326, 0.03696500509977341, -0.9993159770965576, 1.4932308197021484], [0.5362119674682617, -0.8435274958610535, -0.030630357563495636, -1.1868896484375], [0.0, 0.0, 0.0, 1.0]], [[0.9476855993270874, 0.3190990686416626, -0.008239107206463814, -1.1279296875], [-0.02642074227333069, 0.052691392600536346, -0.9982612729072571, 1.5615997314453125], [-0.3181101381778717, 0.9462555050849915, 0.058365702629089355, -0.1614990234375], [0.0, 0.0, 0.0, 1.0]], [[0.009365151636302471, 0.9989485144615173, 0.0448806956410408, -0.0284423828125], [-0.023544849827885628, 0.045090507715940475, -0.9987053871154785, 1.5663518905639648], [-0.9996790289878845, 0.008296317420899868, 0.0239423718303442, -0.0274658203125], [0.0, 0.0, 0.0, 1.0]], [[-0.9236710071563721, 0.38232430815696716, 0.02568942680954933, 1.044677734375], [-0.018622973933815956, 0.022172680124640465, -0.9995806813240051, 1.5454750061035156], [-0.38273361325263977, -0.9237621426582336, -0.013360248878598213, -0.0911865234375], [0.0, 0.0, 0.0, 1.0]]], "view": [[0.0, -2.0, 100.0], [-2.0, 0.0, 100.0], [0.0, 0.0, 1.0]], "bev": "bev_e8962cd1031146b0abef813c36103899.png", "aux": "aux_e8962cd1031146b0abef813c36103899.npz", "visibility": "visibility_e8962cd1031146b0abef813c36103899.png", "pose": [[-0.999535858631134, 0.0304647795855999, 0.0, 1860.662109375], [-0.0304647795855999, -0.999535858631134, 0.0, 785.2349243164062], [0.0, 0.0, 1.0, 0.0], [0.0, 0.0, 0.0, 1.0]], "pose_inverse": [[-0.999535858631134, -0.0304647795855999, 0.0, 1883.720458984375], [0.0304647795855999, -0.999535858631134, 0.0, 728.185791015625], [0.0, 0.0, 1.0, 0.0], [0.0, 0.0, 0.0, 1.0]], "cam_ids": [0, 1, 2, 3, 4, 5], "cam_channels": ["CAM_FRONT_LEFT", "CAM_FRONT", "CAM_FRONT_RIGHT", "CAM_BACK_LEFT", "CAM_BACK", "CAM_BACK_RIGHT"], "token": "e8962cd1031146b0abef813c36103899", "scene": "scene-0442"}, {"images": ["samples/CAM_FRONT_LEFT/n008-2018-09-18-12-07-26-0400__CAM_FRONT_LEFT__1537286948504799.jpg", "samples/CAM_FRONT/n008-2018-09-18-12-07-26-0400__CAM_FRONT__1537286948512404.jpg", "samples/CAM_FRONT_RIGHT/n008-2018-09-18-12-07-26-0400__CAM_FRONT_RIGHT__1537286948520482.jpg", "samples/CAM_BACK_LEFT/n008-2018-09-18-12-07-26-0400__CAM_BACK_LEFT__1537286948547405.jpg", "samples/CAM_BACK/n008-2018-09-18-12-07-26-0400__CAM_BACK__1537286948537558.jpg", "samples/CAM_BACK_RIGHT/n008-2018-09-18-12-07-26-0400__CAM_BACK_RIGHT__1537286948528113.jpg"], "intrinsics": [[[1257.8625342125129, 0.0, 827.2410631095686], [0.0, 1257.8625342125129, 450.915498205774], [0.0, 0.0, 1.0]], [[1252.8131021185304, 0.0, 826.588114781398], [0.0, 1252.8131021185304, 469.9846626224581], [0.0, 0.0, 1.0]], [[1256.7485116440405, 0.0, 817.7887570959712], [0.0, 1256.7485116440403, 451.9541780095127], [0.0, 0.0, 1.0]], [[1254.9860565800168, 0.0, 829.5769333630991], [0.0, 1254.9860565800168, 467.1680561863987], [0.0, 0.0, 1.0]], [[796.8910634503094, 0.0, 857.7774326863696], [0.0, 796.8910634503094, 476.8848988407415], [0.0, 0.0, 1.0]], [[1249.9629280788233, 0.0, 825.3768045375984], [0.0, 1249.9629280788233, 462.54816385708756], [0.0, 0.0, 1.0]]], "extrinsics": [[[0.8223177194595337, -0.5681540966033936, -0.03153610974550247, -0.795166015625], [-0.002390054054558277, 0.05197184532880783, -0.9986456632614136, 1.4876785278320312], [0.5690237283706665, 0.8212794065475464, 0.04137944430112839, -1.188232421875], [0.0, 0.0, 0.0, 1.0]], [[0.010041782632470131, -0.998818039894104, -0.04755769670009613, 0.0074462890625], [-3.132434721919708e-05, 0.04755978286266327, -0.9988684058189392, 1.48016357421875], [0.9999496340751648, 0.01003190502524376, 0.00044629929470829666, -1.5223388671875], [0.0, 0.0, 0.0, 1.0]], [[-0.84406578540802, -0.5355197191238403, -0.027778033167123795, 0.94970703125], [0.008423255756497383, 0.038554344326257706, -0.9992209672927856, 1.4944839477539062], [0.5361735820770264, -0.8436421751976013, -0.02803158015012741, -1.1883544921875], [0.0, 0.0, 0.0, 1.0]], [[0.9478363990783691, 0.3187512159347534, 0.001968949567526579, -1.1259765625], [-0.01570158451795578, 0.052857790142297745, -0.9984786510467529, 1.5617485046386719], [-0.31837037205696106, 0.9463633894920349, 0.055105436593294144, -0.16214752197265625], [0.0, 0.0, 0.0, 1.0]], [[0.009274999611079693, 0.9989240765571594, 0.045438673347234726, -0.02813720703125], [-0.014043334871530533, 0.045566264539957047, -0.9988625645637512, 1.5670409202575684], [-0.9998583793640137, 0.008626338094472885, 0.014450852759182453, -0.028564453125], [0.0, 0.0, 0.0, 1.0]], [[-0.9237337112426758, 0.3825950622558594, 0.018356425687670708, 1.0452880859375], [-0.010260258801281452, 0.023191029205918312, -0.9996784329414368, 1.5465338230133057], [-0.3828977048397064, -0.9236249923706055, -0.017496811226010323, -0.091552734375], [0.0, 0.0, 0.0, 1.0]]], "view": [[0.0, -2.0, 100.0], [-2.0, 0.0, 100.0], [0.0, 0.0, 1.0]], "bev": "bev_01a5a9a78db7446e812b7b56ed0fa787.png", "aux": "aux_01a5a9a78db7446e812b7b56ed0fa787.npz", "visibility": "visibility_01a5a9a78db7446e812b7b56ed0fa787.png", "pose": [[-0.9995592832565308, 0.029686279594898224, 0.0, 1857.915283203125], [-0.029686279594898224, -0.9995592832565308, 0.0, 785.1720581054688], [0.0, 0.0, 1.0, 0.0], [0.0, 0.0, 0.0, 1.0]], "pose_inverse": [[-0.9995592832565308, -0.029686279594898224, 0.0, 1880.4052734375], [0.029686279594898224, -0.9995592832565308, 0.0, 729.67138671875], [0.0, 0.0, 1.0, 0.0], [0.0, 0.0, 0.0, 1.0]], "cam_ids": [0, 1, 2, 3, 4, 5], "cam_channels": ["CAM_FRONT_LEFT", "CAM_FRONT", "CAM_FRONT_RIGHT", "CAM_BACK_LEFT", "CAM_BACK", "CAM_BACK_RIGHT"], "token": "01a5a9a78db7446e812b7b56ed0fa787", "scene": "scene-0442"}, {"images": ["samples/CAM_FRONT_LEFT/n008-2018-09-18-12-07-26-0400__CAM_FRONT_LEFT__1537286949004799.jpg", "samples/CAM_FRONT/n008-2018-09-18-12-07-26-0400__CAM_FRONT__1537286949012404.jpg", "samples/CAM_FRONT_RIGHT/n008-2018-09-18-12-07-26-0400__CAM_FRONT_RIGHT__1537286949020482.jpg", "samples/CAM_BACK_LEFT/n008-2018-09-18-12-07-26-0400__CAM_BACK_LEFT__1537286949047405.jpg", "samples/CAM_BACK/n008-2018-09-18-12-07-26-0400__CAM_BACK__1537286949037558.jpg", "samples/CAM_BACK_RIGHT/n008-2018-09-18-12-07-26-0400__CAM_BACK_RIGHT__1537286949028113.jpg"], "intrinsics": [[[1257.8625342125129, 0.0, 827.2410631095686], [0.0, 1257.8625342125129, 450.915498205774], [0.0, 0.0, 1.0]], [[1252.8131021185304, 0.0, 826.588114781398], [0.0, 1252.8131021185304, 469.9846626224581], [0.0, 0.0, 1.0]], [[1256.7485116440405, 0.0, 817.7887570959712], [0.0, 1256.7485116440403, 451.9541780095127], [0.0, 0.0, 1.0]], [[1254.9860565800168, 0.0, 829.5769333630991], [0.0, 1254.9860565800168, 467.1680561863987], [0.0, 0.0, 1.0]], [[796.8910634503094, 0.0, 857.7774326863696], [0.0, 796.8910634503094, 476.8848988407415], [0.0, 0.0, 1.0]], [[1249.9629280788233, 0.0, 825.3768045375984], [0.0, 1249.9629280788233, 462.54816385708756], [0.0, 0.0, 1.0]]], "extrinsics": [[[0.822256863117218, -0.5690690279006958, 0.007368510123342276, -0.8055419921875], [0.024821879342198372, 0.02292456291615963, -0.9994289875030518, 1.4942817687988281], [0.5685751438140869, 0.8219701647758484, 0.03297524154186249, -1.1964111328125], [0.0, 0.0, 0.0, 1.0]], [[0.010104118846356869, -0.999773383140564, -0.018734749406576157, 0.00811767578125], [0.026281969621777534, 0.018994756042957306, -0.9994741082191467, 1.4854545593261719], [0.9996035099029541, 0.009606418199837208, 0.02646793983876705, -1.532958984375], [0.0, 0.0, 0.0, 1.0]], [[-0.8437603116035461, -0.5356331467628479, -0.034141238778829575, 0.9566650390625], [0.033774517476558685, 0.010496514849364758, -0.9993743300437927, 1.4984512329101562], [0.5356564521789551, -0.8443855047225952, 0.00923420675098896, -1.191741943359375], [0.0, 0.0, 0.0, 1.0]], [[0.9478058815002441, 0.31851428747177124, 0.014585806056857109, -1.1251220703125], [0.006409317255020142, 0.026703719049692154, -0.9996228814125061, 1.5621662139892578], [-0.3187836706638336, 0.9475418925285339, 0.023268481716513634, -0.162689208984375], [0.0, 0.0, 0.0, 1.0]], [[0.00918628741055727, 0.9997813701629639, 0.01878092624247074, -0.028564453125], [0.009324343875050545, 0.018695255741477013, -0.9997817277908325, 1.5687141418457031], [-0.9999143481254578, 0.009359406307339668, -0.009150567464530468, -0.0264892578125], [0.0, 0.0, 0.0, 1.0]], [[-0.9234738349914551, 0.3833751678466797, -0.014813070185482502, 1.0498046875], [0.014235984534025192, -0.00434266310185194, -0.9998892545700073, 1.5495185852050781], [-0.38339704275131226, -0.9235824942588806, -0.001447386690415442, -0.089111328125], [0.0, 0.0, 0.0, 1.0]]], "view": [[0.0, -2.0, 100.0], [-2.0, 0.0, 100.0], [0.0, 0.0, 1.0]], "bev": "bev_7a609e9a28dd4b099055173b82c06d26.png", "aux": "aux_7a609e9a28dd4b099055173b82c06d26.npz", "visibility": "visibility_7a609e9a28dd4b099055173b82c06d26.png", "pose": [[-0.9996262788772583, 0.02733648754656315, 0.0, 1855.21875], [-0.02733648754656315, -0.9996262788772583, 0.0, 785.107421875], [0.0, 0.0, 1.0, 0.0], [0.0, 0.0, 0.0, 1.0]], "pose_inverse": [[-0.9996262788772583, -0.02733648754656315, 0.0, 1875.987548828125], [0.02733648754656315, -0.9996262788772583, 0.0, 734.098876953125], [0.0, 0.0, 1.0, 0.0], [0.0, 0.0, 0.0, 1.0]], "cam_ids": [0, 1, 2, 3, 4, 5], "cam_channels": ["CAM_FRONT_LEFT", "CAM_FRONT", "CAM_FRONT_RIGHT", "CAM_BACK_LEFT", "CAM_BACK", "CAM_BACK_RIGHT"], "token": "7a609e9a28dd4b099055173b82c06d26", "scene": "scene-0442"}, {"images": ["samples/CAM_FRONT_LEFT/n008-2018-09-18-12-07-26-0400__CAM_FRONT_LEFT__1537286949504799.jpg", "samples/CAM_FRONT/n008-2018-09-18-12-07-26-0400__CAM_FRONT__1537286949512404.jpg", "samples/CAM_FRONT_RIGHT/n008-2018-09-18-12-07-26-0400__CAM_FRONT_RIGHT__1537286949520482.jpg", "samples/CAM_BACK_LEFT/n008-2018-09-18-12-07-26-0400__CAM_BACK_LEFT__1537286949547405.jpg", "samples/CAM_BACK/n008-2018-09-18-12-07-26-0400__CAM_BACK__1537286949537558.jpg", "samples/CAM_BACK_RIGHT/n008-2018-09-18-12-07-26-0400__CAM_BACK_RIGHT__1537286949528113.jpg"], "intrinsics": [[[1257.8625342125129, 0.0, 827.2410631095686], [0.0, 1257.8625342125129, 450.915498205774], [0.0, 0.0, 1.0]], [[1252.8131021185304, 0.0, 826.588114781398], [0.0, 1252.8131021185304, 469.9846626224581], [0.0, 0.0, 1.0]], [[1256.7485116440405, 0.0, 817.7887570959712], [0.0, 1256.7485116440403, 451.9541780095127], [0.0, 0.0, 1.0]], [[1254.9860565800168, 0.0, 829.5769333630991], [0.0, 1254.9860565800168, 467.1680561863987], [0.0, 0.0, 1.0]], [[796.8910634503094, 0.0, 857.7774326863696], [0.0, 796.8910634503094, 476.8848988407415], [0.0, 0.0, 1.0]], [[1249.9629280788233, 0.0, 825.3768045375984], [0.0, 1249.9629280788233, 462.54816385708756], [0.0, 0.0, 1.0]]], "extrinsics": [[[0.8214954137802124, -0.5701439380645752, -0.009011315181851387, -0.8126220703125], [0.0018985620699822903, 0.01853814162313938, -0.9998263120651245, 1.4887199401855469], [0.5702120661735535, 0.8213356137275696, 0.01631144993007183, -1.200927734375], [0.0, 0.0, 0.0, 1.0]], [[0.00868789292871952, -0.9998657703399658, -0.01389087364077568, 0.00787353515625], [0.004543669056147337, 0.0139307277277112, -0.9998926520347595, 1.4810428619384766], [0.9999518990516663, 0.008623846806585789, 0.004664088133722544, -1.539794921875], [0.0, 0.0, 0.0, 1.0]], [[-0.8446843028068542, -0.5350880026817322, -0.01375263836234808, 0.9600830078125], [0.013296307064592838, 0.004709666594862938, -0.9999005198478699, 1.495126724243164], [0.5350995063781738, -0.8447832465171814, 0.003136513289064169, -1.19427490234375], [0.0, 0.0, 0.0, 1.0]], [[0.9479153752326965, 0.3185020387172699, -0.003607340157032013, -1.124267578125], [-0.009911979548633099, 0.018176179379224777, -0.9997856616973877, 1.5618329048156738], [-0.31836819648742676, 0.9477478861808777, 0.0203864648938179, -0.16294097900390625], [0.0, 0.0, 0.0, 1.0]], [[0.009790000505745411, 0.9998887777328491, 0.011243985034525394, -0.0284423828125], [-0.008562869392335415, 0.011327940970659256, -0.99989914894104, 1.5674595832824707], [-0.999915361404419, 0.009692732244729996, 0.008672818541526794, -0.025634765625], [0.0, 0.0, 0.0, 1.0]], [[-0.9233822822570801, 0.3838809132575989, 0.0006755110807716846, 1.0526123046875], [-0.005225133616477251, -0.010808907449245453, -0.9999278783798218, 1.5472068786621094], [-0.3838459849357605, -0.9233192801475525, 0.011986583471298218, -0.0880126953125], [0.0, 0.0, 0.0, 1.0]]], "view": [[0.0, -2.0, 100.0], [-2.0, 0.0, 100.0], [0.0, 0.0, 1.0]], "bev": "bev_d12d8964e8d440f0b0fc54a7c2c3014b.png", "aux": "aux_d12d8964e8d440f0b0fc54a7c2c3014b.npz", "visibility": "visibility_d12d8964e8d440f0b0fc54a7c2c3014b.png", "pose": [[-0.999609649181366, 0.027938270941376686, 0.0, 1852.7230224609375], [-0.027938270941376686, -0.999609649181366, 0.0, 785.0547485351562], [0.0, 0.0, 1.0, 0.0], [0.0, 0.0, 0.0, 1.0]], "pose_inverse": [[-0.999609649181366, -0.027938270941376686, 0.0, 1873.932861328125], [0.027938270941376686, -0.999609649181366, 0.0, 732.9864501953125], [0.0, 0.0, 1.0, 0.0], [0.0, 0.0, 0.0, 1.0]], "cam_ids": [0, 1, 2, 3, 4, 5], "cam_channels": ["CAM_FRONT_LEFT", "CAM_FRONT", "CAM_FRONT_RIGHT", "CAM_BACK_LEFT", "CAM_BACK", "CAM_BACK_RIGHT"], "token": "d12d8964e8d440f0b0fc54a7c2c3014b", "scene": "scene-0442"}, {"images": ["samples/CAM_FRONT_LEFT/n008-2018-09-18-12-07-26-0400__CAM_FRONT_LEFT__1537286950004799.jpg", "samples/CAM_FRONT/n008-2018-09-18-12-07-26-0400__CAM_FRONT__1537286950012404.jpg", "samples/CAM_FRONT_RIGHT/n008-2018-09-18-12-07-26-0400__CAM_FRONT_RIGHT__1537286950020482.jpg", "samples/CAM_BACK_LEFT/n008-2018-09-18-12-07-26-0400__CAM_BACK_LEFT__1537286950047405.jpg", "samples/CAM_BACK/n008-2018-09-18-12-07-26-0400__CAM_BACK__1537286950037576.jpg", "samples/CAM_BACK_RIGHT/n008-2018-09-18-12-07-26-0400__CAM_BACK_RIGHT__1537286950028113.jpg"], "intrinsics": [[[1257.8625342125129, 0.0, 827.2410631095686], [0.0, 1257.8625342125129, 450.915498205774], [0.0, 0.0, 1.0]], [[1252.8131021185304, 0.0, 826.588114781398], [0.0, 1252.8131021185304, 469.9846626224581], [0.0, 0.0, 1.0]], [[1256.7485116440405, 0.0, 817.7887570959712], [0.0, 1256.7485116440403, 451.9541780095127], [0.0, 0.0, 1.0]], [[1254.9860565800168, 0.0, 829.5769333630991], [0.0, 1254.9860565800168, 467.1680561863987], [0.0, 0.0, 1.0]], [[796.8910634503094, 0.0, 857.7774326863696], [0.0, 796.8910634503094, 476.8848988407415], [0.0, 0.0, 1.0]], [[1249.9629280788233, 0.0, 825.3768045375984], [0.0, 1249.9629280788233, 462.54816385708756], [0.0, 0.0, 1.0]]], "extrinsics": [[[0.8231350183486938, -0.5678136944770813, 0.006037991493940353, -0.822265625], [0.017464347183704376, 0.014686325564980507, -0.9997395873069763, 1.4921035766601562], [0.567577064037323, 0.8230260610580444, 0.022005325183272362, -1.2105712890625], [0.0, 0.0, 0.0, 1.0]], [[0.01141983363777399, -0.9998766779899597, -0.010780362412333488, 0.010009765625], [0.019452137872576714, 0.011001167818903923, -0.9997502565383911, 1.4837188720703125], [0.9997455477714539, 0.011207276955246925, 0.019575372338294983, -1.55078125], [0.0, 0.0, 0.0, 1.0]], [[-0.8432348370552063, -0.5369778871536255, -0.024696188047528267, 0.9688720703125], [0.027511950582265854, 0.002770527731627226, -0.9996176362037659, 1.4970779418945312], [0.5368409752845764, -0.8435918092727661, 0.012437102384865284, -1.197296142578125], [0.0, 0.0, 0.0, 1.0]], [[0.9478040337562561, 0.3187430202960968, 0.008392092771828175, -1.121337890625], [0.002414700808003545, 0.019143525511026382, -0.9998138546943665, 1.5620975494384766], [-0.31884434819221497, 0.947647750377655, 0.017374642193317413, -0.1640167236328125], [0.0, 0.0, 0.0, 1.0]], [[0.008637034334242344, 0.9998989105224609, 0.011287310160696507, -0.029296875], [0.004394343122839928, 0.011249667964875698, -0.9999270439147949, 1.5683517456054688], [-0.9999530911445618, 0.008686008863151073, -0.004296735394746065, -0.02392578125], [0.0, 0.0, 0.0, 1.0]], [[-0.9239384531974792, 0.38233792781829834, -0.012467213906347752, 1.0572509765625], [0.008565716445446014, -0.01190485805273056, -0.9998924136161804, 1.5487875938415527], [-0.38244515657424927, -0.9239458441734314, 0.0077243587002158165, -0.084716796875], [0.0, 0.0, 0.0, 1.0]]], "view": [[0.0, -2.0, 100.0], [-2.0, 0.0, 100.0], [0.0, 0.0, 1.0]], "bev": "bev_a3214de878d5465e8a27b6845d1b7d1e.png", "aux": "aux_a3214de878d5465e8a27b6845d1b7d1e.npz", "visibility": "visibility_a3214de878d5465e8a27b6845d1b7d1e.png", "pose": [[-0.9995396733283997, 0.030338069424033165, 0.0, 1850.32275390625], [-0.030338069424033165, -0.9995396733283997, 0.0, 784.9974365234375], [0.0, 0.0, 1.0, 0.0], [0.0, 0.0, 0.0, 1.0]], "pose_inverse": [[-0.9995396733283997, -0.030338069424033165, 0.0, 1873.286376953125], [0.030338069424033165, -0.9995396733283997, 0.0, 728.5008544921875], [0.0, 0.0, 1.0, 0.0], [0.0, 0.0, 0.0, 1.0]], "cam_ids": [0, 1, 2, 3, 4, 5], "cam_channels": ["CAM_FRONT_LEFT", "CAM_FRONT", "CAM_FRONT_RIGHT", "CAM_BACK_LEFT", "CAM_BACK", "CAM_BACK_RIGHT"], "token": "a3214de878d5465e8a27b6845d1b7d1e", "scene": "scene-0442"}, {"images": ["samples/CAM_FRONT_LEFT/n008-2018-09-18-12-07-26-0400__CAM_FRONT_LEFT__1537286950504799.jpg", "samples/CAM_FRONT/n008-2018-09-18-12-07-26-0400__CAM_FRONT__1537286950512404.jpg", "samples/CAM_FRONT_RIGHT/n008-2018-09-18-12-07-26-0400__CAM_FRONT_RIGHT__1537286950520482.jpg", "samples/CAM_BACK_LEFT/n008-2018-09-18-12-07-26-0400__CAM_BACK_LEFT__1537286950547405.jpg", "samples/CAM_BACK/n008-2018-09-18-12-07-26-0400__CAM_BACK__1537286950537558.jpg", "samples/CAM_BACK_RIGHT/n008-2018-09-18-12-07-26-0400__CAM_BACK_RIGHT__1537286950528113.jpg"], "intrinsics": [[[1257.8625342125129, 0.0, 827.2410631095686], [0.0, 1257.8625342125129, 450.915498205774], [0.0, 0.0, 1.0]], [[1252.8131021185304, 0.0, 826.588114781398], [0.0, 1252.8131021185304, 469.9846626224581], [0.0, 0.0, 1.0]], [[1256.7485116440405, 0.0, 817.7887570959712], [0.0, 1256.7485116440403, 451.9541780095127], [0.0, 0.0, 1.0]], [[1254.9860565800168, 0.0, 829.5769333630991], [0.0, 1254.9860565800168, 467.1680561863987], [0.0, 0.0, 1.0]], [[796.8910634503094, 0.0, 857.7774326863696], [0.0, 796.8910634503094, 476.8848988407415], [0.0, 0.0, 1.0]], [[1249.9629280788233, 0.0, 825.3768045375984], [0.0, 1249.9629280788233, 462.54816385708756], [0.0, 0.0, 1.0]]], "extrinsics": [[[0.8222188949584961, -0.5690420269966125, 0.01213388703763485, -0.8167724609375], [0.029508503153920174, 0.021328143775463104, -0.9993369579315186, 1.4950485229492188], [0.56840580701828, 0.8220319747924805, 0.03432798013091087, -1.203125], [0.0, 0.0, 0.0, 1.0]], [[0.010391894727945328, -0.9997937083244324, -0.01745060831308365, 0.00738525390625], [0.03144725784659386, 0.01776968315243721, -0.9993475079536438, 1.4861907958984375], [0.9994513392448425, 0.009836344048380852, 0.03162543103098869, -1.5430908203125], [0.0, 0.0, 0.0, 1.0]], [[-0.8433712124824524, -0.5359516143798828, -0.03848472237586975, 0.962158203125], [0.03945082798600197, 0.009667432866990566, -0.9991747736930847, 1.4990768432617188], [0.5358813405036926, -0.8441933989524841, 0.012990499846637249, -1.19586181640625], [0.0, 0.0, 0.0, 1.0]], [[0.947712242603302, 0.31843939423561096, 0.020925482735037804, -1.1207275390625], [0.013341599144041538, 0.025978446006774902, -0.9995734691619873, 1.5623703002929688], [-0.3188472390174866, 0.9475871920585632, 0.02037159912288189, -0.16388702392578125], [0.0, 0.0, 0.0, 1.0]], [[0.008940953761339188, 0.999793529510498, 0.018245430663228035, -0.02825927734375], [0.015827683731913567, 0.018102377653121948, -0.9997108578681946, 1.5691909790039062], [-0.9998347759246826, 0.009227150119841099, -0.01566256396472454, -0.0267333984375], [0.0, 0.0, 0.0, 1.0]], [[-0.9234598875045776, 0.3831363618373871, -0.02069655805826187, 1.053466796875], [0.02033669874072075, -0.004990117158740759, -0.9997807145118713, 1.5501708984375], [-0.38315561413764954, -0.9236783385276794, -0.0031835543923079967, -0.088134765625], [0.0, 0.0, 0.0, 1.0]]], "view": [[0.0, -2.0, 100.0], [-2.0, 0.0, 100.0], [0.0, 0.0, 1.0]], "bev": "bev_45c86bf967b5450bae03573efb6f637b.png", "aux": "aux_45c86bf967b5450bae03573efb6f637b.npz", "visibility": "visibility_45c86bf967b5450bae03573efb6f637b.png", "pose": [[-0.9996676445007324, 0.02578071318566799, 0.0, 1848.01025390625], [-0.02578071318566799, -0.9996676445007324, 0.0, 784.9497680664062], [0.0, 0.0, 1.0, 0.0], [0.0, 0.0, 0.0, 1.0]], "pose_inverse": [[-0.9996676445007324, -0.02578071318566799, 0.0, 1867.632568359375], [0.02578071318566799, -0.9996676445007324, 0.0, 737.0458374023438], [0.0, 0.0, 1.0, 0.0], [0.0, 0.0, 0.0, 1.0]], "cam_ids": [0, 1, 2, 3, 4, 5], "cam_channels": ["CAM_FRONT_LEFT", "CAM_FRONT", "CAM_FRONT_RIGHT", "CAM_BACK_LEFT", "CAM_BACK", "CAM_BACK_RIGHT"], "token": "45c86bf967b5450bae03573efb6f637b", "scene": "scene-0442"}, {"images": ["samples/CAM_FRONT_LEFT/n008-2018-09-18-12-07-26-0400__CAM_FRONT_LEFT__1537286951004799.jpg", "samples/CAM_FRONT/n008-2018-09-18-12-07-26-0400__CAM_FRONT__1537286951012404.jpg", "samples/CAM_FRONT_RIGHT/n008-2018-09-18-12-07-26-0400__CAM_FRONT_RIGHT__1537286951020488.jpg", "samples/CAM_BACK_LEFT/n008-2018-09-18-12-07-26-0400__CAM_BACK_LEFT__1537286951047405.jpg", "samples/CAM_BACK/n008-2018-09-18-12-07-26-0400__CAM_BACK__1537286951037558.jpg", "samples/CAM_BACK_RIGHT/n008-2018-09-18-12-07-26-0400__CAM_BACK_RIGHT__1537286951028113.jpg"], "intrinsics": [[[1257.8625342125129, 0.0, 827.2410631095686], [0.0, 1257.8625342125129, 450.915498205774], [0.0, 0.0, 1.0]], [[1252.8131021185304, 0.0, 826.588114781398], [0.0, 1252.8131021185304, 469.9846626224581], [0.0, 0.0, 1.0]], [[1256.7485116440405, 0.0, 817.7887570959712], [0.0, 1256.7485116440403, 451.9541780095127], [0.0, 0.0, 1.0]], [[1254.9860565800168, 0.0, 829.5769333630991], [0.0, 1254.9860565800168, 467.1680561863987], [0.0, 0.0, 1.0]], [[796.8910634503094, 0.0, 857.7774326863696], [0.0, 796.8910634503094, 476.8848988407415], [0.0, 0.0, 1.0]], [[1249.9629280788233, 0.0, 825.3768045375984], [0.0, 1249.9629280788233, 462.54816385708756], [0.0, 0.0, 1.0]]], "extrinsics": [[[0.822604775428772, -0.5683009624481201, -0.018855853006243706, -0.8289794921875], [9.797312668524683e-05, 0.03330275043845177, -0.9994453191757202, 1.4883098602294922], [0.5686137080192566, 0.8221465349197388, 0.027450677007436752, -1.2119140625], [0.0, 0.0, 0.0, 1.0]], [[0.010358245112001896, -0.9995185136795044, -0.02924889698624611, 0.00738525390625], [0.0028378625866025686, 0.029279734939336777, -0.9995672702789307, 1.4806709289550781], [0.9999421834945679, 0.010270755738019943, 0.0031397829297930002, -1.554931640625], [0.0, 0.0, 0.0, 1.0]], [[-0.8439658284187317, -0.535987138748169, -0.020963625982403755, 0.969482421875], [0.011695223860442638, 0.020685825496912003, -0.9997175931930542, 1.4947471618652344], [0.53626948595047, -0.8439726829528809, -0.011189642362296581, -1.200469970703125], [0.0, 0.0, 0.0, 1.0]], [[0.9478729963302612, 0.318646103143692, 0.0012313434854149818, -1.122802734375], [-0.010723493061959743, 0.035760652273893356, -0.999302864074707, 1.5618062019348145], [-0.31846803426742554, 0.9471989870071411, 0.0373135581612587, -0.1632232666015625], [0.0, 0.0, 0.0, 1.0]], [[0.009181358851492405, 0.9995588064193726, 0.02824593521654606, -0.0283203125], [-0.009808356873691082, 0.02833578921854496, -0.9995502829551697, 1.56740403175354], [-0.9999097585678101, 0.008900183252990246, 0.010064191184937954, -0.0224609375], [0.0, 0.0, 0.0, 1.0]], [[-0.9237794876098633, 0.3828355371952057, 0.008265197277069092, 1.0596923828125], [-0.006596716120839119, 0.005670773796737194, -0.9999621510505676, 1.547091007232666], [-0.3828679025173187, -0.9237990379333496, -0.0027130863163620234, -0.08544921875], [0.0, 0.0, 0.0, 1.0]]], "view": [[0.0, -2.0, 100.0], [-2.0, 0.0, 100.0], [0.0, 0.0, 1.0]], "bev": "bev_1db850c3658c461e9074a5bc7ae2153f.png", "aux": "aux_1db850c3658c461e9074a5bc7ae2153f.npz", "visibility": "visibility_1db850c3658c461e9074a5bc7ae2153f.png", "pose": [[-0.9997503757476807, 0.022342443466186523, 0.0, 1845.7305908203125], [-0.022342443466186523, -0.9997503757476807, 0.0, 784.9036254882812], [0.0, 0.0, 1.0, 0.0], [0.0, 0.0, 0.0, 1.0]], "pose_inverse": [[-0.9997503757476807, -0.022342443466186523, 0.0, 1862.8065185546875], [0.022342443466186523, -0.9997503757476807, 0.0, 743.4695434570312], [0.0, 0.0, 1.0, 0.0], [0.0, 0.0, 0.0, 1.0]], "cam_ids": [0, 1, 2, 3, 4, 5], "cam_channels": ["CAM_FRONT_LEFT", "CAM_FRONT", "CAM_FRONT_RIGHT", "CAM_BACK_LEFT", "CAM_BACK", "CAM_BACK_RIGHT"], "token": "1db850c3658c461e9074a5bc7ae2153f", "scene": "scene-0442"}, {"images": ["samples/CAM_FRONT_LEFT/n008-2018-09-18-12-07-26-0400__CAM_FRONT_LEFT__1537286951504799.jpg", "samples/CAM_FRONT/n008-2018-09-18-12-07-26-0400__CAM_FRONT__1537286951512404.jpg", "samples/CAM_FRONT_RIGHT/n008-2018-09-18-12-07-26-0400__CAM_FRONT_RIGHT__1537286951520482.jpg", "samples/CAM_BACK_LEFT/n008-2018-09-18-12-07-26-0400__CAM_BACK_LEFT__1537286951547405.jpg", "samples/CAM_BACK/n008-2018-09-18-12-07-26-0400__CAM_BACK__1537286951537558.jpg", "samples/CAM_BACK_RIGHT/n008-2018-09-18-12-07-26-0400__CAM_BACK_RIGHT__1537286951528113.jpg"], "intrinsics": [[[1257.8625342125129, 0.0, 827.2410631095686], [0.0, 1257.8625342125129, 450.915498205774], [0.0, 0.0, 1.0]], [[1252.8131021185304, 0.0, 826.588114781398], [0.0, 1252.8131021185304, 469.9846626224581], [0.0, 0.0, 1.0]], [[1256.7485116440405, 0.0, 817.7887570959712], [0.0, 1256.7485116440403, 451.9541780095127], [0.0, 0.0, 1.0]], [[1254.9860565800168, 0.0, 829.5769333630991], [0.0, 1254.9860565800168, 467.1680561863987], [0.0, 0.0, 1.0]], [[796.8910634503094, 0.0, 857.7774326863696], [0.0, 796.8910634503094, 476.8848988407415], [0.0, 0.0, 1.0]], [[1249.9629280788233, 0.0, 825.3768045375984], [0.0, 1249.9629280788233, 462.54816385708756], [0.0, 0.0, 1.0]]], "extrinsics": [[[0.8229631185531616, -0.568086564540863, -0.003083624877035618, -0.81787109375], [0.016101913526654243, 0.028751308098435402, -0.9994568824768066, 1.4919242858886719], [0.5678667426109314, 0.8224664330482483, 0.03280854597687721, -1.205322265625], [0.0, 0.0, 0.0, 1.0]], [[0.01109472755342722, -0.9996370673179626, -0.024547774344682693, 0.00823974609375], [0.017861180007457733, 0.02474348619580269, -0.9995343089103699, 1.4835624694824219], [0.9997788667678833, 0.010651107877492905, 0.018129218369722366, -1.54296875], [0.0, 0.0, 0.0, 1.0]], [[-0.8434321284294128, -0.5363782048225403, -0.030343053862452507, 0.961181640625], [0.02567754127085209, 0.016167359426617622, -0.9995394945144653, 1.4970130920410156], [0.5366217494010925, -0.8438229560852051, 0.00013679891708306968, -1.194366455078125], [0.0, 0.0, 0.0, 1.0]], [[0.9478356242179871, 0.3186187744140625, 0.009469619952142239, -1.1195068359375], [-0.000585285946726799, 0.031447265297174454, -0.9995052218437195, 1.5620269775390625], [-0.3187589943408966, 0.9473611116409302, 0.029993319883942604, -0.16436004638671875], [0.0, 0.0, 0.0, 1.0]], [[0.008796326816082, 0.9996753931045532, 0.023913253098726273, -0.02850341796875], [0.0018401127308607101, 0.02389795519411564, -0.9997126460075378, 1.5681896209716797], [-0.9999596476554871, 0.008837799541652203, -0.0016293019289150834, -0.0281982421875], [0.0, 0.0, 0.0, 1.0]], [[-0.923880934715271, 0.3826419413089752, -0.005405523348599672, 1.0521240234375], [0.006340063642710447, 0.0011814007302746177, -0.9999791979789734, 1.5485553741455078], [-0.38262754678726196, -0.9238960146903992, -0.0035174470394849777, -0.0882568359375], [0.0, 0.0, 0.0, 1.0]]], "view": [[0.0, -2.0, 100.0], [-2.0, 0.0, 100.0], [0.0, 0.0, 1.0]], "bev": "bev_f34438e951c049abbc4d6709768afb63.png", "aux": "aux_f34438e951c049abbc4d6709768afb63.npz", "visibility": "visibility_f34438e951c049abbc4d6709768afb63.png", "pose": [[-0.9997968673706055, 0.020156309008598328, 0.0, 1843.3411865234375], [-0.020156309008598328, -0.9997968673706055, 0.0, 784.8612060546875], [0.0, 0.0, 1.0, 0.0], [0.0, 0.0, 0.0, 1.0]], "pose_inverse": [[-0.9997968673706055, -0.020156309008598328, 0.0, 1858.78662109375], [0.020156309008598328, -0.9997968673706055, 0.0, 747.5468139648438], [0.0, 0.0, 1.0, 0.0], [0.0, 0.0, 0.0, 1.0]], "cam_ids": [0, 1, 2, 3, 4, 5], "cam_channels": ["CAM_FRONT_LEFT", "CAM_FRONT", "CAM_FRONT_RIGHT", "CAM_BACK_LEFT", "CAM_BACK", "CAM_BACK_RIGHT"], "token": "f34438e951c049abbc4d6709768afb63", "scene": "scene-0442"}, {"images": ["samples/CAM_FRONT_LEFT/n008-2018-09-18-12-07-26-0400__CAM_FRONT_LEFT__1537286952004799.jpg", "samples/CAM_FRONT/n008-2018-09-18-12-07-26-0400__CAM_FRONT__1537286952012404.jpg", "samples/CAM_FRONT_RIGHT/n008-2018-09-18-12-07-26-0400__CAM_FRONT_RIGHT__1537286952020482.jpg", "samples/CAM_BACK_LEFT/n008-2018-09-18-12-07-26-0400__CAM_BACK_LEFT__1537286952047405.jpg", "samples/CAM_BACK/n008-2018-09-18-12-07-26-0400__CAM_BACK__1537286952037558.jpg", "samples/CAM_BACK_RIGHT/n008-2018-09-18-12-07-26-0400__CAM_BACK_RIGHT__1537286952028113.jpg"], "intrinsics": [[[1257.8625342125129, 0.0, 827.2410631095686], [0.0, 1257.8625342125129, 450.915498205774], [0.0, 0.0, 1.0]], [[1252.8131021185304, 0.0, 826.588114781398], [0.0, 1252.8131021185304, 469.9846626224581], [0.0, 0.0, 1.0]], [[1256.7485116440405, 0.0, 817.7887570959712], [0.0, 1256.7485116440403, 451.9541780095127], [0.0, 0.0, 1.0]], [[1254.9860565800168, 0.0, 829.5769333630991], [0.0, 1254.9860565800168, 467.1680561863987], [0.0, 0.0, 1.0]], [[796.8910634503094, 0.0, 857.7774326863696], [0.0, 796.8910634503094, 476.8848988407415], [0.0, 0.0, 1.0]], [[1249.9629280788233, 0.0, 825.3768045375984], [0.0, 1249.9629280788233, 462.54816385708756], [0.0, 0.0, 1.0]]], "extrinsics": [[[0.8224708437919617, -0.5687295198440552, -0.009406235069036484, -0.8023681640625], [0.005768907722085714, 0.024876369163393974, -0.9996738433837891, 1.4896812438964844], [0.5687780976295471, 0.8221483826637268, 0.023741034790873528, -1.1947021484375], [0.0, 0.0, 0.0, 1.0]], [[0.010166846215724945, -0.9997360110282898, -0.020606297999620438, 0.008544921875], [0.007560909725725651, 0.02068363130092621, -0.9997574687004089, 1.4817066192626953], [0.9999197125434875, 0.01000857725739479, 0.007769201882183552, -1.5283203125], [0.0, 0.0, 0.0, 1.0]], [[-0.8440183401107788, -0.5359634160995483, -0.019392481073737144, 0.951904296875], [0.015410095453262329, 0.011908268555998802, -0.9998102784156799, 1.4955978393554688], [0.5360926389694214, -0.8441572189331055, -0.0017915514763444662, -1.18853759765625], [0.0, 0.0, 0.0, 1.0]], [[0.947873592376709, 0.31864434480667114, -0.0011887564323842525, -1.1181640625], [-0.010321860201656818, 0.026975397020578384, -0.9995827674865723, 1.5617600679397583], [-0.31847935914993286, 0.947490394115448, 0.02885827049612999, -0.16485595703125], [0.0, 0.0, 0.0, 1.0]], [[0.009247908368706703, 0.9997697472572327, 0.019362673163414, -0.02850341796875], [-0.00801900215446949, 0.019437024369835854, -0.9997788667678833, 1.567433476448059], [-0.9999250769615173, 0.00909059401601553, 0.008196907117962837, -0.0330810546875], [0.0, 0.0, 0.0, 1.0]], [[-0.9237255454063416, 0.38304853439331055, 0.002209358150139451, 1.0443115234375], [-0.0037309550680220127, -0.0032294790726155043, -0.9999878406524658, 1.54734468460083], [-0.38303667306900024, -0.923722505569458, 0.004412289708852768, -0.09130859375], [0.0, 0.0, 0.0, 1.0]]], "view": [[0.0, -2.0, 100.0], [-2.0, 0.0, 100.0], [0.0, 0.0, 1.0]], "bev": "bev_27afd450aa55400887a2aafdcad844f4.png", "aux": "aux_27afd450aa55400887a2aafdcad844f4.npz", "visibility": "visibility_27afd450aa55400887a2aafdcad844f4.png", "pose": [[-0.9997991323471069, 0.02004143036901951, 0.0, 1840.776123046875], [-0.02004143036901951, -0.9997991323471069, 0.0, 784.814208984375], [0.0, 0.0, 1.0, 0.0], [0.0, 0.0, 0.0, 1.0]], "pose_inverse": [[-0.9997991323471069, -0.02004143036901951, 0.0, 1856.13525390625], [0.02004143036901951, -0.9997991323471069, 0.0, 747.7647705078125], [0.0, 0.0, 1.0, 0.0], [0.0, 0.0, 0.0, 1.0]], "cam_ids": [0, 1, 2, 3, 4, 5], "cam_channels": ["CAM_FRONT_LEFT", "CAM_FRONT", "CAM_FRONT_RIGHT", "CAM_BACK_LEFT", "CAM_BACK", "CAM_BACK_RIGHT"], "token": "27afd450aa55400887a2aafdcad844f4", "scene": "scene-0442"}, {"images": ["samples/CAM_FRONT_LEFT/n008-2018-09-18-12-07-26-0400__CAM_FRONT_LEFT__1537286952504799.jpg", "samples/CAM_FRONT/n008-2018-09-18-12-07-26-0400__CAM_FRONT__1537286952512404.jpg", "samples/CAM_FRONT_RIGHT/n008-2018-09-18-12-07-26-0400__CAM_FRONT_RIGHT__1537286952520482.jpg", "samples/CAM_BACK_LEFT/n008-2018-09-18-12-07-26-0400__CAM_BACK_LEFT__1537286952547405.jpg", "samples/CAM_BACK/n008-2018-09-18-12-07-26-0400__CAM_BACK__1537286952537558.jpg", "samples/CAM_BACK_RIGHT/n008-2018-09-18-12-07-26-0400__CAM_BACK_RIGHT__1537286952528113.jpg"], "intrinsics": [[[1257.8625342125129, 0.0, 827.2410631095686], [0.0, 1257.8625342125129, 450.915498205774], [0.0, 0.0, 1.0]], [[1252.8131021185304, 0.0, 826.588114781398], [0.0, 1252.8131021185304, 469.9846626224581], [0.0, 0.0, 1.0]], [[1256.7485116440405, 0.0, 817.7887570959712], [0.0, 1256.7485116440403, 451.9541780095127], [0.0, 0.0, 1.0]], [[1254.9860565800168, 0.0, 829.5769333630991], [0.0, 1254.9860565800168, 467.1680561863987], [0.0, 0.0, 1.0]], [[796.8910634503094, 0.0, 857.7774326863696], [0.0, 796.8910634503094, 476.8848988407415], [0.0, 0.0, 1.0]], [[1249.9629280788233, 0.0, 825.3768045375984], [0.0, 1249.9629280788233, 462.54816385708756], [0.0, 0.0, 1.0]]], "extrinsics": [[[0.8224257826805115, -0.568345844745636, -0.024472175166010857, -0.798095703125], [-0.006257425062358379, 0.03397807106375694, -0.9994029998779297, 1.4866714477539062], [0.5688380599021912, 0.8220879435539246, 0.024388061836361885, -1.1922607421875], [0.0, 0.0, 0.0, 1.0]], [[0.010307865217328072, -0.9994984269142151, -0.02994260936975479, 0.009033203125], [-0.004070029594004154, 0.029902013018727303, -0.9995445609092712, 1.479262351989746], [0.9999384880065918, 0.010425036773085594, -0.0037597627379000187, -1.5235595703125], [0.0, 0.0, 0.0, 1.0]], [[-0.8439162373542786, -0.5362666249275208, -0.014949820935726166, 0.9488525390625], [0.00420417170971632, 0.021254993975162506, -0.9997652173042297, 1.493753433227539], [0.536458432674408, -0.8437809348106384, -0.015682879835367203, -1.18572998046875], [0.0, 0.0, 0.0, 1.0]], [[0.9477826952934265, 0.31883618235588074, -0.007171557284891605, -1.1204833984375], [-0.01985839009284973, 0.03655824437737465, -0.9991341829299927, 1.561537742614746], [-0.31829801201820374, 0.9471045732498169, 0.04098084196448326, -0.16426849365234375], [0.0, 0.0, 0.0, 1.0]], [[0.009177787229418755, 0.9995423555374146, 0.028823580592870712, -0.02880859375], [-0.01827998086810112, 0.028987685218453407, -0.9994125962257385, 1.5666217803955078], [-0.99979