[{"images": ["samples/CAM_FRONT_LEFT/n008-2018-09-18-14-54-39-0400__CAM_FRONT_LEFT__1537297152854799.jpg", "samples/CAM_FRONT/n008-2018-09-18-14-54-39-0400__CAM_FRONT__1537297152862404.jpg", "samples/CAM_FRONT_RIGHT/n008-2018-09-18-14-54-39-0400__CAM_FRONT_RIGHT__1537297152870482.jpg", "samples/CAM_BACK_LEFT/n008-2018-09-18-14-54-39-0400__CAM_BACK_LEFT__1537297152897405.jpg", "samples/CAM_BACK/n008-2018-09-18-14-54-39-0400__CAM_BACK__1537297152887558.jpg", "samples/CAM_BACK_RIGHT/n008-2018-09-18-14-54-39-0400__CAM_BACK_RIGHT__1537297152878113.jpg"], "intrinsics": [[[1257.8625342125129, 0.0, 827.2410631095686], [0.0, 1257.8625342125129, 450.915498205774], [0.0, 0.0, 1.0]], [[1252.8131021185304, 0.0, 826.588114781398], [0.0, 1252.8131021185304, 469.9846626224581], [0.0, 0.0, 1.0]], [[1256.7485116440405, 0.0, 817.7887570959712], [0.0, 1256.7485116440403, 451.9541780095127], [0.0, 0.0, 1.0]], [[1254.9860565800168, 0.0, 829.5769333630991], [0.0, 1254.9860565800168, 467.1680561863987], [0.0, 0.0, 1.0]], [[796.8910634503094, 0.0, 857.7774326863696], [0.0, 796.8910634503094, 476.8848988407415], [0.0, 0.0, 1.0]], [[1249.9629280788233, 0.0, 825.3768045375984], [0.0, 1249.9629280788233, 462.54816385708756], [0.0, 0.0, 1.0]]], "extrinsics": [[[0.8223956823348999, -0.5688335299491882, -0.009685022756457329, -1.0049667358398438], [-0.008381581865251064, 0.004907567054033279, -0.9999528527259827, 1.4882937669754028], [0.5688542723655701, 0.8224380612373352, -0.0007317647687159479, -1.33349609375], [0.0, 0.0, 0.0, 1.0]], [[0.010079342871904373, -0.9999488592147827, -0.0008488863240927458, 0.0054931640625], [-0.006420495919883251, 0.0007841949118301272, -0.9999790787696838, 1.4801688194274902], [0.9999286532402039, 0.010084590874612331, -0.00641226302832365, -1.734619140625], [0.0, 0.0, 0.0, 1.0]], [[-0.8441209197044373, -0.5361450910568237, 0.002887183101847768, 1.0906982421875], [0.0016059662448242307, -0.007913379929959774, -0.9999673962593079, 1.4930686950683594], [0.5361505150794983, -0.8440888524055481, 0.007540879771113396, -1.27764892578125], [0.0, 0.0, 0.0, 1.0]], [[0.9477366209030151, 0.31841373443603516, -0.020201921463012695, -1.143798828125], [-0.023744141682982445, 0.007246845867484808, -0.9996917843818665, 1.5620412826538086], [-0.31816917657852173, 0.9479241967201233, 0.014428561553359032, -0.15625], [0.0, 0.0, 0.0, 1.0]], [[0.009377940557897091, 0.9999558925628662, -0.0004743367899209261, -0.0289306640625], [-0.021633077412843704, -0.0002713632711675018, -0.999765932559967, 1.5680599212646484], [-0.9997220039367676, 0.009386003948748112, 0.021629581227898598, 0.04437255859375], [0.0, 0.0, 0.0, 1.0]], [[-0.9236642122268677, 0.3831331133842468, 0.007313981652259827, 1.160736083984375], [-0.017445771023631096, -0.022976601496338844, -0.9995837807655334, 1.5478134155273438], [-0.38280561566352844, -0.9234073758125305, 0.027906715869903564, -0.0438232421875], [0.0, 0.0, 0.0, 1.0]]], "view": [[0.0, -2.0, 100.0], [-2.0, 0.0, 100.0], [0.0, 0.0, 1.0]], "bev": "bev_b8e10354fd53499a985fe8d97bbc305f.png", "aux": "aux_b8e10354fd53499a985fe8d97bbc305f.npz", "visibility": "visibility_b8e10354fd53499a985fe8d97bbc305f.png", "pose": [[0.9970612525939941, 0.07660882920026779, 0.0, 1145.6031494140625], [-0.07660882920026779, 0.9970612525939941, 0.0, 1391.693115234375], [0.0, 0.0, 1.0, 0.0], [0.0, 0.0, 0.0, 1.0]], "pose_inverse": [[0.9970612525939941, -0.07660882920026779, 0.0, -1035.6204833984375], [0.07660882920026779, 0.9970612525939941, 0.0, -1475.3665771484375], [0.0, 0.0, 1.0, 0.0], [0.0, 0.0, 0.0, 1.0]], "cam_ids": [0, 1, 2, 3, 4, 5], "cam_channels": ["CAM_FRONT_LEFT", "CAM_FRONT", "CAM_FRONT_RIGHT", "CAM_BACK_LEFT", "CAM_BACK", "CAM_BACK_RIGHT"], "token": "b8e10354fd53499a985fe8d97bbc305f", "scene": "scene-0876"}, {"images": ["samples/CAM_FRONT_LEFT/n008-2018-09-18-14-54-39-0400__CAM_FRONT_LEFT__1537297153354799.jpg", "samples/CAM_FRONT/n008-2018-09-18-14-54-39-0400__CAM_FRONT__1537297153362993.jpg", "samples/CAM_FRONT_RIGHT/n008-2018-09-18-14-54-39-0400__CAM_FRONT_RIGHT__1537297153370482.jpg", "samples/CAM_BACK_LEFT/n008-2018-09-18-14-54-39-0400__CAM_BACK_LEFT__1537297153397405.jpg", "samples/CAM_BACK/n008-2018-09-18-14-54-39-0400__CAM_BACK__1537297153387558.jpg", "samples/CAM_BACK_RIGHT/n008-2018-09-18-14-54-39-0400__CAM_BACK_RIGHT__1537297153378113.jpg"], "intrinsics": [[[1257.8625342125129, 0.0, 827.2410631095686], [0.0, 1257.8625342125129, 450.915498205774], [0.0, 0.0, 1.0]], [[1252.8131021185304, 0.0, 826.588114781398], [0.0, 1252.8131021185304, 469.9846626224581], [0.0, 0.0, 1.0]], [[1256.7485116440405, 0.0, 817.7887570959712], [0.0, 1256.7485116440403, 451.9541780095127], [0.0, 0.0, 1.0]], [[1254.9860565800168, 0.0, 829.5769333630991], [0.0, 1254.9860565800168, 467.1680561863987], [0.0, 0.0, 1.0]], [[796.8910634503094, 0.0, 857.7774326863696], [0.0, 796.8910634503094, 476.8848988407415], [0.0, 0.0, 1.0]], [[1249.9629280788233, 0.0, 825.3768045375984], [0.0, 1249.9629280788233, 462.54816385708756], [0.0, 0.0, 1.0]]], "extrinsics": [[[0.8224106431007385, -0.5688129663467407, -0.009614773094654083, -1.0049800872802734], [-0.008387754671275616, 0.004775112960487604, -0.9999533891677856, 1.4882956743240356], [0.5688323378562927, 0.8224530220031738, -0.0008439619559794664, -1.3336181640625], [0.0, 0.0, 0.0, 1.0]], [[0.010099071078002453, -0.9999486207962036, -0.0007273575174622238, 0.00537109375], [-0.006428303197026253, 0.0006624558009207249, -0.9999791383743286, 1.4801650047302246], [0.9999282956123352, 0.010103551670908928, -0.006421281956136227, -1.734619140625], [0.0, 0.0, 0.0, 1.0]], [[-0.8441122174263, -0.5361584424972534, 0.002959910314530134, 1.0904541015625], [0.0015982122858986259, -0.008036579936742783, -0.9999663829803467, 1.4930734634399414], [0.5361642837524414, -0.8440790772438049, 0.007640669122338295, -1.2774658203125], [0.0, 0.0, 0.0, 1.0]], [[0.9477358460426331, 0.31841138005256653, -0.02027246542274952, -1.14404296875], [-0.023777412250638008, 0.007124398369342089, -0.999691903591156, 1.5620441436767578], [-0.3181688189506531, 0.947925865650177, 0.014323048293590546, -0.156005859375], [0.0, 0.0, 0.0, 1.0]], [[0.009371215477585793, 0.9999558925628662, -0.0006059409934096038, -0.0286865234375], [-0.021660517901182175, -0.0004028312396258116, -0.9997652769088745, 1.5680618286132812], [-0.9997214078903198, 0.00938214361667633, 0.021655790507793427, 0.04437255859375], [0.0, 0.0, 0.0, 1.0]], [[-0.9236689805984497, 0.38312214612960815, 0.007275134790688753, 1.160552978515625], [-0.01745835319161415, -0.023109223693609238, -0.9995805025100708, 1.5478134155273438], [-0.3827933073043823, -0.9234085083007812, 0.02803395688533783, -0.043701171875], [0.0, 0.0, 0.0, 1.0]]], "view": [[0.0, -2.0, 100.0], [-2.0, 0.0, 100.0], [0.0, 0.0, 1.0]], "bev": "bev_351213db4a964f30b0113cb6b689f50c.png", "aux": "aux_351213db4a964f30b0113cb6b689f50c.npz", "visibility": "visibility_351213db4a964f30b0113cb6b689f50c.png", "pose": [[0.9970607757568359, 0.07661429792642593, 0.0, 1145.6031494140625], [-0.07661429792642593, 0.9970607757568359, 0.0, 1391.6932373046875], [0.0, 0.0, 1.0, 0.0], [0.0, 0.0, 0.0, 1.0]], "pose_inverse": [[0.9970607757568359, -0.07661429792642593, 0.0, -1035.6124267578125], [0.07661429792642593, 0.9970607757568359, 0.0, -1475.372314453125], [0.0, 0.0, 1.0, 0.0], [0.0, 0.0, 0.0, 1.0]], "cam_ids": [0, 1, 2, 3, 4, 5], "cam_channels": ["CAM_FRONT_LEFT", "CAM_FRONT", "CAM_FRONT_RIGHT", "CAM_BACK_LEFT", "CAM_BACK", "CAM_BACK_RIGHT"], "token": "351213db4a964f30b0113cb6b689f50c", "scene": "scene-0876"}, {"images": ["samples/CAM_FRONT_LEFT/n008-2018-09-18-14-54-39-0400__CAM_FRONT_LEFT__1537297153854799.jpg", "samples/CAM_FRONT/n008-2018-09-18-14-54-39-0400__CAM_FRONT__1537297153862404.jpg", "samples/CAM_FRONT_RIGHT/n008-2018-09-18-14-54-39-0400__CAM_FRONT_RIGHT__1537297153870482.jpg", "samples/CAM_BACK_LEFT/n008-2018-09-18-14-54-39-0400__CAM_BACK_LEFT__1537297153897405.jpg", "samples/CAM_BACK/n008-2018-09-18-14-54-39-0400__CAM_BACK__1537297153887558.jpg", "samples/CAM_BACK_RIGHT/n008-2018-09-18-14-54-39-0400__CAM_BACK_RIGHT__1537297153878113.jpg"], "intrinsics": [[[1257.8625342125129, 0.0, 827.2410631095686], [0.0, 1257.8625342125129, 450.915498205774], [0.0, 0.0, 1.0]], [[1252.8131021185304, 0.0, 826.588114781398], [0.0, 1252.8131021185304, 469.9846626224581], [0.0, 0.0, 1.0]], [[1256.7485116440405, 0.0, 817.7887570959712], [0.0, 1256.7485116440403, 451.9541780095127], [0.0, 0.0, 1.0]], [[1254.9860565800168, 0.0, 829.5769333630991], [0.0, 1254.9860565800168, 467.1680561863987], [0.0, 0.0, 1.0]], [[796.8910634503094, 0.0, 857.7774326863696], [0.0, 796.8910634503094, 476.8848988407415], [0.0, 0.0, 1.0]], [[1249.9629280788233, 0.0, 825.3768045375984], [0.0, 1249.9629280788233, 462.54816385708756], [0.0, 0.0, 1.0]]], "extrinsics": [[[0.8223845362663269, -0.5688501000404358, -0.009660775773227215, -1.0051345825195312], [-0.008414721116423607, 0.0048170615918934345, -0.999953031539917, 1.4882941246032715], [0.5688698887825012, 0.8224271535873413, -0.0008252384723164141, -1.33349609375], [0.0, 0.0, 0.0, 1.0]], [[0.010060715489089489, -0.9999490976333618, -0.0007487925468012691, 0.00537109375], [-0.0064556775614619255, 0.0006838625995442271, -0.9999789595603943, 1.480165958404541], [0.9999286532402039, 0.010065341368317604, -0.006448468659073114, -1.734619140625], [0.0, 0.0, 0.0, 1.0]], [[-0.8441287875175476, -0.5361321568489075, 0.002986206440255046, 1.0904541015625], [0.0015629710396751761, -0.00803059060126543, -0.999966561794281, 1.4930715560913086], [0.5361381769180298, -0.8440959453582764, 0.007616812363266945, -1.27752685546875], [0.0, 0.0, 0.0, 1.0]], [[0.947735607624054, 0.31841015815734863, -0.020304037258028984, -1.1439208984375], [-0.023817352950572968, 0.0071442220360040665, -0.99969083070755, 1.5620431900024414], [-0.31816667318344116, 0.9479261636734009, 0.014354522339999676, -0.1561279296875], [0.0, 0.0, 0.0, 1.0]], [[0.009384422563016415, 0.9999558329582214, -0.0005944978329353034, -0.02880859375], [-0.0216958187520504, -0.000390771368984133, -0.9997645020484924, 1.5680599212646484], [-0.999720573425293, 0.009395107626914978, 0.02169119194149971, 0.04437255859375], [0.0, 0.0, 0.0, 1.0]], [[-0.9236593842506409, 0.3831445574760437, 0.007317223586142063, 1.160675048828125], [-0.017503321170806885, -0.023106055334210396, -0.9995797872543335, 1.5478134155273438], [-0.3828144669532776, -0.9233993887901306, 0.028048424050211906, -0.0435791015625], [0.0, 0.0, 0.0, 1.0]]], "view": [[0.0, -2.0, 100.0], [-2.0, 0.0, 100.0], [0.0, 0.0, 1.0]], "bev": "bev_d44a135279b140178e76aa795c1d8977.png", "aux": "aux_d44a135279b140178e76aa795c1d8977.npz", "visibility": "visibility_d44a135279b140178e76aa795c1d8977.png", "pose": [[0.9970582723617554, 0.07664750516414642, 0.0, 1145.6031494140625], [-0.07664750516414642, 0.9970582723617554, 0.0, 1391.6932373046875], [0.0, 0.0, 1.0, 0.0], [0.0, 0.0, 0.0, 1.0]], "pose_inverse": [[0.9970582723617554, -0.07664750516414642, 0.0, -1035.563232421875], [0.07664750516414642, 0.9970582723617554, 0.0, -1475.4068603515625], [0.0, 0.0, 1.0, 0.0], [0.0, 0.0, 0.0, 1.0]], "cam_ids": [0, 1, 2, 3, 4, 5], "cam_channels": ["CAM_FRONT_LEFT", "CAM_FRONT", "CAM_FRONT_RIGHT", "CAM_BACK_LEFT", "CAM_BACK", "CAM_BACK_RIGHT"], "token": "d44a135279b140178e76aa795c1d8977", "scene": "scene-0876"}, {"images": ["samples/CAM_FRONT_LEFT/n008-2018-09-18-14-54-39-0400__CAM_FRONT_LEFT__1537297154354799.jpg", "samples/CAM_FRONT/n008-2018-09-18-14-54-39-0400__CAM_FRONT__1537297154362404.jpg", "samples/CAM_FRONT_RIGHT/n008-2018-09-18-14-54-39-0400__CAM_FRONT_RIGHT__1537297154370488.jpg", "samples/CAM_BACK_LEFT/n008-2018-09-18-14-54-39-0400__CAM_BACK_LEFT__1537297154397405.jpg", "samples/CAM_BACK/n008-2018-09-18-14-54-39-0400__CAM_BACK__1537297154387558.jpg", "samples/CAM_BACK_RIGHT/n008-2018-09-18-14-54-39-0400__CAM_BACK_RIGHT__1537297154378113.jpg"], "intrinsics": [[[1257.8625342125129, 0.0, 827.2410631095686], [0.0, 1257.8625342125129, 450.915498205774], [0.0, 0.0, 1.0]], [[1252.8131021185304, 0.0, 826.588114781398], [0.0, 1252.8131021185304, 469.9846626224581], [0.0, 0.0, 1.0]], [[1256.7485116440405, 0.0, 817.7887570959712], [0.0, 1256.7485116440403, 451.9541780095127], [0.0, 0.0, 1.0]], [[1254.9860565800168, 0.0, 829.5769333630991], [0.0, 1254.9860565800168, 467.1680561863987], [0.0, 0.0, 1.0]], [[796.8910634503094, 0.0, 857.7774326863696], [0.0, 796.8910634503094, 476.8848988407415], [0.0, 0.0, 1.0]], [[1249.9629280788233, 0.0, 825.3768045375984], [0.0, 1249.9629280788233, 462.54816385708756], [0.0, 0.0, 1.0]]], "extrinsics": [[[0.8224018812179565, -0.568825364112854, -0.009629923850297928, -1.0048999786376953], [-0.008446348831057549, 0.004717051982879639, -0.9999531507492065, 1.488293170928955], [0.568844199180603, 0.82244473695755, -0.0009251869050785899, -1.33349609375], [0.0, 0.0, 0.0, 1.0]], [[0.01008670125156641, -0.9999488592147827, -0.0006647403351962566, 0.0052490234375], [-0.006493257824331522, 0.000599261315073818, -0.9999787211418152, 1.4801664352416992], [0.9999280571937561, 0.01009080745279789, -0.0064868805930018425, -1.734619140625], [0.0, 0.0, 0.0, 1.0]], [[-0.8441188335418701, -0.53614741563797, 0.0030544009059667587, 1.0904541015625], [0.0015249361749738455, -0.008097629994153976, -0.999966025352478, 1.4930734634399414], [0.5361539125442505, -0.8440855145454407, 0.007652952801436186, -1.27752685546875], [0.0, 0.0, 0.0, 1.0]], [[0.9477347135543823, 0.31840890645980835, -0.02036316506564617, -1.1439208984375], [-0.023855440318584442, 0.007071936968713999, -0.9996904134750366, 1.5620412826538086], [-0.3181663751602173, 0.9479270577430725, 0.014298106543719769, -0.15625], [0.0, 0.0, 0.0, 1.0]], [[0.009378652088344097, 0.9999557733535767, -0.0006585372611880302, -0.0286865234375], [-0.0217344518750906, -0.00045456172665581107, -0.9997636675834656, 1.5680618286132812], [-0.9997197389602661, 0.009390739724040031, 0.021729230880737305, 0.04443359375], [0.0, 0.0, 0.0, 1.0]], [[-0.9236633777618408, 0.38313475251197815, 0.00732497638091445, 1.160736083984375], [-0.0175358597189188, -0.023165084421634674, -0.9995778203010559, 1.5478134155273438], [-0.3828032612800598, -0.9234018921852112, 0.02811533957719803, -0.0435791015625], [0.0, 0.0, 0.0, 1.0]]], "view": [[0.0, -2.0, 100.0], [-2.0, 0.0, 100.0], [0.0, 0.0, 1.0]], "bev": "bev_a1a39267cd98475f92a9df59773209e7.png", "aux": "aux_a1a39267cd98475f92a9df59773209e7.npz", "visibility": "visibility_a1a39267cd98475f92a9df59773209e7.png", "pose": [[0.9970601797103882, 0.07662218064069748, 0.0, 1145.6031494140625], [-0.07662218064069748, 0.9970601797103882, 0.0, 1391.6932373046875], [0.0, 0.0, 1.0, 0.0], [0.0, 0.0, 0.0, 1.0]], "pose_inverse": [[0.9970601797103882, -0.07662218064069748, 0.0, -1035.6007080078125], [0.07662218064069748, 0.9970601797103882, 0.0, -1475.3804931640625], [0.0, 0.0, 1.0, 0.0], [0.0, 0.0, 0.0, 1.0]], "cam_ids": [0, 1, 2, 3, 4, 5], "cam_channels": ["CAM_FRONT_LEFT", "CAM_FRONT", "CAM_FRONT_RIGHT", "CAM_BACK_LEFT", "CAM_BACK", "CAM_BACK_RIGHT"], "token": "a1a39267cd98475f92a9df59773209e7", "scene": "scene-0876"}, {"images": ["samples/CAM_FRONT_LEFT/n008-2018-09-18-14-54-39-0400__CAM_FRONT_LEFT__1537297154854799.jpg", "samples/CAM_FRONT/n008-2018-09-18-14-54-39-0400__CAM_FRONT__1537297154862404.jpg", "samples/CAM_FRONT_RIGHT/n008-2018-09-18-14-54-39-0400__CAM_FRONT_RIGHT__1537297154870515.jpg", "samples/CAM_BACK_LEFT/n008-2018-09-18-14-54-39-0400__CAM_BACK_LEFT__1537297154897405.jpg", "samples/CAM_BACK/n008-2018-09-18-14-54-39-0400__CAM_BACK__1537297154887558.jpg", "samples/CAM_BACK_RIGHT/n008-2018-09-18-14-54-39-0400__CAM_BACK_RIGHT__1537297154878113.jpg"], "intrinsics": [[[1257.8625342125129, 0.0, 827.2410631095686], [0.0, 1257.8625342125129, 450.915498205774], [0.0, 0.0, 1.0]], [[1252.8131021185304, 0.0, 826.588114781398], [0.0, 1252.8131021185304, 469.9846626224581], [0.0, 0.0, 1.0]], [[1256.7485116440405, 0.0, 817.7887570959712], [0.0, 1256.7485116440403, 451.9541780095127], [0.0, 0.0, 1.0]], [[1254.9860565800168, 0.0, 829.5769333630991], [0.0, 1254.9860565800168, 467.1680561863987], [0.0, 0.0, 1.0]], [[796.8910634503094, 0.0, 857.7774326863696], [0.0, 796.8910634503094, 476.8848988407415], [0.0, 0.0, 1.0]], [[1249.9629280788233, 0.0, 825.3768045375984], [0.0, 1249.9629280788233, 462.54816385708756], [0.0, 0.0, 1.0]]], "extrinsics": [[[0.8224072456359863, -0.5688192844390869, -0.009544122032821178, -1.005019187927246], [-0.008423815481364727, 0.0045987823978066444, -0.9999539852142334, 1.4882944822311401], [0.5688369274139404, 0.822449803352356, -0.0010095579782500863, -1.333251953125], [0.0, 0.0, 0.0, 1.0]], [[0.01009498443454504, -0.9999489188194275, -0.0005384110263548791, 0.0052490234375], [-0.006467719096690416, 0.0004731317749246955, -0.9999790191650391, 1.4801654815673828], [0.9999281764030457, 0.010098258033394814, -0.006462611723691225, -1.734619140625], [0.0, 0.0, 0.0, 1.0]], [[-0.8441147804260254, -0.5361536145210266, 0.0030984042678028345, 1.090576171875], [0.0015562294283881783, -0.00822885986417532, -0.9999649524688721, 1.493072509765625], [0.5361603498458862, -0.8440803289413452, 0.007780480198562145, -1.2774658203125], [0.0, 0.0, 0.0, 1.0]], [[0.9477351307868958, 0.3184068500995636, -0.02037995122373104, -1.1439208984375], [-0.023830855265259743, 0.006946037523448467, -0.9996918439865112, 1.5620431900024414], [-0.31816720962524414, 0.9479287266731262, 0.014170912094414234, -0.156005859375], [0.0, 0.0, 0.0, 1.0]], [[0.009374621324241161, 0.9999557733535767, -0.0007896596798673272, -0.02880859375], [-0.021707240492105484, -0.0005860020755790174, -0.9997642040252686, 1.5680618286132812], [-0.9997203946113586, 0.009389549493789673, 0.0217007864266634, 0.04437255859375], [0.0, 0.0, 0.0, 1.0]], [[-0.9236665368080139, 0.38312894105911255, 0.0072431559674441814, 1.160614013671875], [-0.01750139147043228, -0.023295996710658073, -0.9995753765106201, 1.5478134155273438], [-0.3827974796295166, -0.9234010577201843, 0.02822301909327507, -0.0435791015625], [0.0, 0.0, 0.0, 1.0]]], "view": [[0.0, -2.0, 100.0], [-2.0, 0.0, 100.0], [0.0, 0.0, 1.0]], "bev": "bev_ec8a9b19ae9041288d1c338315262814.png", "aux": "aux_ec8a9b19ae9041288d1c338315262814.npz", "visibility": "visibility_ec8a9b19ae9041288d1c338315262814.png", "pose": [[0.99705970287323, 0.07662896066904068, 0.0, 1145.6031494140625], [-0.07662896066904068, 0.99705970287323, 0.0, 1391.6932373046875], [0.0, 0.0, 1.0, 0.0], [0.0, 0.0, 0.0, 1.0]], "pose_inverse": [[0.99705970287323, -0.07662896066904068, 0.0, -1035.5906982421875], [0.07662896066904068, 0.99705970287323, 0.0, -1475.3875732421875], [0.0, 0.0, 1.0, 0.0], [0.0, 0.0, 0.0, 1.0]], "cam_ids": [0, 1, 2, 3, 4, 5], "cam_channels": ["CAM_FRONT_LEFT", "CAM_FRONT", "CAM_FRONT_RIGHT", "CAM_BACK_LEFT", "CAM_BACK", "CAM_BACK_RIGHT"], "token": "ec8a9b19ae9041288d1c338315262814", "scene": "scene-0876"}, {"images": ["samples/CAM_FRONT_LEFT/n008-2018-09-18-14-54-39-0400__CAM_FRONT_LEFT__1537297155357065.jpg", "samples/CAM_FRONT/n008-2018-09-18-14-54-39-0400__CAM_FRONT__1537297155362404.jpg", "samples/CAM_FRONT_RIGHT/n008-2018-09-18-14-54-39-0400__CAM_FRONT_RIGHT__1537297155370482.jpg", "samples/CAM_BACK_LEFT/n008-2018-09-18-14-54-39-0400__CAM_BACK_LEFT__1537297155397405.jpg", "samples/CAM_BACK/n008-2018-09-18-14-54-39-0400__CAM_BACK__1537297155387558.jpg", "samples/CAM_BACK_RIGHT/n008-2018-09-18-14-54-39-0400__CAM_BACK_RIGHT__1537297155378113.jpg"], "intrinsics": [[[1257.8625342125129, 0.0, 827.2410631095686], [0.0, 1257.8625342125129, 450.915498205774], [0.0, 0.0, 1.0]], [[1252.8131021185304, 0.0, 826.588114781398], [0.0, 1252.8131021185304, 469.9846626224581], [0.0, 0.0, 1.0]], [[1256.7485116440405, 0.0, 817.7887570959712], [0.0, 1256.7485116440403, 451.9541780095127], [0.0, 0.0, 1.0]], [[1254.9860565800168, 0.0, 829.5769333630991], [0.0, 1254.9860565800168, 467.1680561863987], [0.0, 0.0, 1.0]], [[796.8910634503094, 0.0, 857.7774326863696], [0.0, 796.8910634503094, 476.8848988407415], [0.0, 0.0, 1.0]], [[1249.9629280788233, 0.0, 825.3768045375984], [0.0, 1249.9629280788233, 462.54816385708756], [0.0, 0.0, 1.0]]], "extrinsics": [[[0.8224233388900757, -0.5687982439994812, -0.00940394401550293, -1.0049867630004883], [-0.008318193256855011, 0.004505019634962082, -0.9999552369117737, 1.4882938861846924], [0.5688151717185974, 0.8224647045135498, -0.0010263406438753009, -1.33349609375], [0.0, 0.0, 0.0, 1.0]], [[0.010119588114321232, -0.9999486804008484, -0.00044910391443409026, 0.0052490234375], [-0.006362492684274912, 0.0003847295301966369, -0.9999796748161316, 1.4801664352416992], [0.9999284744262695, 0.01012223307043314, -0.006358274724334478, -1.73486328125], [0.0, 0.0, 0.0, 1.0]], [[-0.8441041707992554, -0.5361705422401428, 0.003050025552511215, 1.0904541015625], [0.0016707744216546416, -0.00831866730004549, -0.9999639391899109, 1.4930715560913086], [0.5361765623092651, -0.844068706035614, 0.007917642593383789, -1.277587890625], [0.0, 0.0, 0.0, 1.0]], [[0.9477365612983704, 0.31840643286705017, -0.020313013345003128, -1.14404296875], [-0.023727670311927795, 0.006848999764770269, -0.9996950030326843, 1.5620431900024414], [-0.3181702196598053, 0.9479295015335083, 0.014046093448996544, -0.156005859375], [0.0, 0.0, 0.0, 1.0]], [[0.009365697391331196, 0.9999557137489319, -0.0008718798635527492, -0.02880859375], [-0.021607480943202972, -0.0006693368777632713, -0.9997662901878357, 1.5680618286132812], [-0.9997226595878601, 0.009382342919707298, 0.021600259467959404, 0.044189453125], [0.0, 0.0, 0.0, 1.0]], [[-0.9236735701560974, 0.38311442732810974, 0.007096895016729832, 1.16058349609375], [-0.017380977049469948, -0.023388490080833435, -0.9995753765106201, 1.5478172302246094], [-0.38278573751449585, -0.9234046936035156, 0.028262237086892128, -0.043701171875], [0.0, 0.0, 0.0, 1.0]]], "view": [[0.0, -2.0, 100.0], [-2.0, 0.0, 100.0], [0.0, 0.0, 1.0]], "bev": "bev_f8191586e3c342b68a55c3781607da5d.png", "aux": "aux_f8191586e3c342b68a55c3781607da5d.npz", "visibility": "visibility_f8191586e3c342b68a55c3781607da5d.png", "pose": [[0.9970701932907104, 0.07649172842502594, 0.0, 1145.6031494140625], [-0.07649172842502594, 0.9970701932907104, 0.0, 1391.6932373046875], [0.0, 0.0, 1.0, 0.0], [0.0, 0.0, 0.0, 1.0]], "pose_inverse": [[0.9970701932907104, -0.07649172842502594, 0.0, -1035.793701171875], [0.07649172842502594, 0.9970701932907104, 0.0, -1475.2449951171875], [0.0, 0.0, 1.0, 0.0], [0.0, 0.0, 0.0, 1.0]], "cam_ids": [0, 1, 2, 3, 4, 5], "cam_channels": ["CAM_FRONT_LEFT", "CAM_FRONT", "CAM_FRONT_RIGHT", "CAM_BACK_LEFT", "CAM_BACK", "CAM_BACK_RIGHT"], "token": "f8191586e3c342b68a55c3781607da5d", "scene": "scene-0876"}, {"images": ["samples/CAM_FRONT_LEFT/n008-2018-09-18-14-54-39-0400__CAM_FRONT_LEFT__1537297155854799.jpg", "samples/CAM_FRONT/n008-2018-09-18-14-54-39-0400__CAM_FRONT__1537297155862404.jpg", "samples/CAM_FRONT_RIGHT/n008-2018-09-18-14-54-39-0400__CAM_FRONT_RIGHT__1537297155870482.jpg", "samples/CAM_BACK_LEFT/n008-2018-09-18-14-54-39-0400__CAM_BACK_LEFT__1537297155897405.jpg", "samples/CAM_BACK/n008-2018-09-18-14-54-39-0400__CAM_BACK__1537297155887558.jpg", "samples/CAM_BACK_RIGHT/n008-2018-09-18-14-54-39-0400__CAM_BACK_RIGHT__1537297155878113.jpg"], "intrinsics": [[[1257.8625342125129, 0.0, 827.2410631095686], [0.0, 1257.8625342125129, 450.915498205774], [0.0, 0.0, 1.0]], [[1252.8131021185304, 0.0, 826.588114781398], [0.0, 1252.8131021185304, 469.9846626224581], [0.0, 0.0, 1.0]], [[1256.7485116440405, 0.0, 817.7887570959712], [0.0, 1256.7485116440403, 451.9541780095127], [0.0, 0.0, 1.0]], [[1254.9860565800168, 0.0, 829.5769333630991], [0.0, 1254.9860565800168, 467.1680561863987], [0.0, 0.0, 1.0]], [[796.8910634503094, 0.0, 857.7774326863696], [0.0, 796.8910634503094, 476.8848988407415], [0.0, 0.0, 1.0]], [[1249.9629280788233, 0.0, 825.3768045375984], [0.0, 1249.9629280788233, 462.54816385708756], [0.0, 0.0, 1.0]]], "extrinsics": [[[0.8226378560066223, -0.5685611963272095, -0.0022608989384025335, -1.0017681121826172], [-0.000535510596819222, 0.003201689338311553, -0.999994695186615, 1.4882917404174805], [0.5685654282569885, 0.822634756565094, 0.0023293597623705864, -1.3311767578125], [0.0, 0.0, 0.0, 1.0]], [[0.010370523668825626, -0.9999457001686096, 0.000998812378384173, 0.0054931640625], [0.001525543862953782, -0.0009830447379499674, -0.9999983906745911, 1.480170488357544], [0.9999451041221619, 0.010372031480073929, 0.0015152660198509693, -1.731689453125], [0.0, 0.0, 0.0, 1.0]], [[-0.8439931273460388, -0.5363460183143616, -0.002928640693426132, 1.0887451171875], [0.00966248195618391, -0.00974502507597208, -0.9999058246612549, 1.4930906295776367], [0.5362669825553894, -0.8439419865608215, 0.013407169841229916, -1.27655029296875], [0.0, 0.0, 0.0, 1.0]], [[0.9478428959846497, 0.3184765577316284, -0.012909290380775928, -1.1439208984375], [-0.015364937484264374, 0.005199610721319914, -0.9998684525489807, 1.5620441436767578], [-0.31836754083633423, 0.9479164481163025, 0.009821787476539612, -0.1561279296875], [0.0, 0.0, 0.0, 1.0]], [[0.009243462234735489, 0.9999544620513916, -0.0023630503565073013, -0.0289306640625], [-0.013352622278034687, -0.002239509951323271, -0.9999083280563354, 1.56805419921875], [-0.9998680949211121, 0.009274162352085114, 0.01333131454885006, 0.043701171875], [0.0, 0.0, 0.0, 1.0]], [[-0.9237624406814575, 0.3829648196697235, -0.0009468763018958271, 1.159576416015625], [-0.009287547320127487, -0.024874426424503326, -0.9996474385261536, 1.5478019714355469], [-0.38285329937934875, -0.923427939414978, 0.02653486467897892, -0.044189453125], [0.0, 0.0, 0.0, 1.0]]], "view": [[0.0, -2.0, 100.0], [-2.0, 0.0, 100.0], [0.0, 0.0, 1.0]], "bev": "bev_319179d722e843a28542556c03bee503.png", "aux": "aux_319179d722e843a28542556c03bee503.npz", "visibility": "visibility_319179d722e843a28542556c03bee503.png", "pose": [[0.9969511032104492, 0.0780288428068161, 0.0, 1145.61083984375], [-0.0780288428068161, 0.9969511032104492, 0.0, 1391.692626953125], [0.0, 0.0, 1.0, 0.0], [0.0, 0.0, 0.0, 1.0]], "pose_inverse": [[0.9969511032104492, -0.0780288428068161, 0.0, -1033.52587890625], [0.0780288428068161, 0.9969511032104492, 0.0, -1476.8402099609375], [0.0, 0.0, 1.0, 0.0], [0.0, 0.0, 0.0, 1.0]], "cam_ids": [0, 1, 2, 3, 4, 5], "cam_channels": ["CAM_FRONT_LEFT", "CAM_FRONT", "CAM_FRONT_RIGHT", "CAM_BACK_LEFT", "CAM_BACK", "CAM_BACK_RIGHT"], "token": "319179d722e843a28542556c03bee503", "scene": "scene-0876"}, {"images": ["samples/CAM_FRONT_LEFT/n008-2018-09-18-14-54-39-0400__CAM_FRONT_LEFT__1537297156404799.jpg", "samples/CAM_FRONT/n008-2018-09-18-14-54-39-0400__CAM_FRONT__1537297156412404.jpg", "samples/CAM_FRONT_RIGHT/n008-2018-09-18-14-54-39-0400__CAM_FRONT_RIGHT__1537297156420594.jpg", "samples/CAM_BACK_LEFT/n008-2018-09-18-14-54-39-0400__CAM_BACK_LEFT__1537297156447405.jpg", "samples/CAM_BACK/n008-2018-09-18-14-54-39-0400__CAM_BACK__1537297156437558.jpg", "samples/CAM_BACK_RIGHT/n008-2018-09-18-14-54-39-0400__CAM_BACK_RIGHT__1537297156428113.jpg"], "intrinsics": [[[1257.8625342125129, 0.0, 827.2410631095686], [0.0, 1257.8625342125129, 450.915498205774], [0.0, 0.0, 1.0]], [[1252.8131021185304, 0.0, 826.588114781398], [0.0, 1252.8131021185304, 469.9846626224581], [0.0, 0.0, 1.0]], [[1256.7485116440405, 0.0, 817.7887570959712], [0.0, 1256.7485116440403, 451.9541780095127], [0.0, 0.0, 1.0]], [[1254.9860565800168, 0.0, 829.5769333630991], [0.0, 1254.9860565800168, 467.1680561863987], [0.0, 0.0, 1.0]], [[796.8910634503094, 0.0, 857.7774326863696], [0.0, 796.8910634503094, 476.8848988407415], [0.0, 0.0, 1.0]], [[1249.9629280788233, 0.0, 825.3768045375984], [0.0, 1249.9629280788233, 462.54816385708756], [0.0, 0.0, 1.0]]], "extrinsics": [[[0.8230546712875366, -0.5679412484169006, 0.004879091866314411, -0.9667794704437256], [0.00534423254430294, -0.0008459081291221082, -0.99998539686203, 1.4885411262512207], [0.5679371356964111, 0.8230686783790588, 0.0023389821872115135, -1.30712890625], [0.0, 0.0, 0.0, 1.0]], [[0.010988201946020126, -0.9999268651008606, 0.005037981551140547, 0.0059814453125], [0.007320955861359835, -0.0049577029421925545, -0.9999609589576721, 1.4804472923278809], [0.9999127984046936, 0.011024662293493748, 0.007265944965183735, -1.6962890625], [0.0, 0.0, 0.0, 1.0]], [[-0.8436909914016724, -0.536799430847168, -0.005644524935632944, 1.0654296875], [0.01536859106272459, -0.013641982339322567, -0.9997888207435608, 1.4935359954833984], [0.5366090536117554, -0.8435996174812317, 0.019759468734264374, -1.261474609375], [0.0, 0.0, 0.0, 1.0]], [[0.9478764533996582, 0.3185182511806488, -0.008746485225856304, -1.1424560546875], [-0.009733016602694988, 0.0015058366116136312, -0.9999514818191528, 1.5620288848876953], [-0.31848961114883423, 0.9479154944419861, 0.004527490120381117, -0.1566162109375], [0.0, 0.0, 0.0, 1.0]], [[0.00900521595031023, 0.9999409317970276, -0.006081713363528252, -0.02880859375], [-0.007723755668848753, -0.00601222412660718, -0.9999520778656006, 1.5679683685302734], [-0.999929666519165, 0.009051754139363766, 0.00766915874555707, 0.0321044921875], [0.0, 0.0, 0.0, 1.0]], [[-0.9238963723182678, 0.38256585597991943, -0.007670621853321791, 1.140228271484375], [-0.003592198248952627, -0.028717216104269028, -0.9995811581611633, 1.5477409362792969], [-0.38262590765953064, -0.923481822013855, 0.027905987575650215, -0.05224609375], [0.0, 0.0, 0.0, 1.0]]], "view": [[0.0, -2.0, 100.0], [-2.0, 0.0, 100.0], [0.0, 0.0, 1.0]], "bev": "bev_381b53b4a56b4dbf88653669869e2187.png", "aux": "aux_381b53b4a56b4dbf88653669869e2187.npz", "visibility": "visibility_381b53b4a56b4dbf88653669869e2187.png", "pose": [[0.9963889122009277, 0.08490647375583649, 0.0, 1145.92333984375], [-0.08490647375583649, 0.9963889122009277, 0.0, 1391.665283203125], [0.0, 0.0, 1.0, 0.0], [0.0, 0.0, 0.0, 1.0]], "pose_inverse": [[0.9963889122009277, -0.08490647375583649, 0.0, -1023.6239624023438], [0.08490647375583649, 0.9963889122009277, 0.0, -1483.9361572265625], [0.0, 0.0, 1.0, 0.0], [0.0, 0.0, 0.0, 1.0]], "cam_ids": [0, 1, 2, 3, 4, 5], "cam_channels": ["CAM_FRONT_LEFT", "CAM_FRONT", "CAM_FRONT_RIGHT", "CAM_BACK_LEFT", "CAM_BACK", "CAM_BACK_RIGHT"], "token": "381b53b4a56b4dbf88653669869e2187", "scene": "scene-0876"}, {"images": ["samples/CAM_FRONT_LEFT/n008-2018-09-18-14-54-39-0400__CAM_FRONT_LEFT__1537297156904799.jpg", "samples/CAM_FRONT/n008-2018-09-18-14-54-39-0400__CAM_FRONT__1537297156912404.jpg", "samples/CAM_FRONT_RIGHT/n008-2018-09-18-14-54-39-0400__CAM_FRONT_RIGHT__1537297156920482.jpg", "samples/CAM_BACK_LEFT/n008-2018-09-18-14-54-39-0400__CAM_BACK_LEFT__1537297156949200.jpg", "samples/CAM_BACK/n008-2018-09-18-14-54-39-0400__CAM_BACK__1537297156937558.jpg", "samples/CAM_BACK_RIGHT/n008-2018-09-18-14-54-39-0400__CAM_BACK_RIGHT__1537297156928113.jpg"], "intrinsics": [[[1257.8625342125129, 0.0, 827.2410631095686], [0.0, 1257.8625342125129, 450.915498205774], [0.0, 0.0, 1.0]], [[1252.8131021185304, 0.0, 826.588114781398], [0.0, 1252.8131021185304, 469.9846626224581], [0.0, 0.0, 1.0]], [[1256.7485116440405, 0.0, 817.7887570959712], [0.0, 1256.7485116440403, 451.9541780095127], [0.0, 0.0, 1.0]], [[1254.9860565800168, 0.0, 829.5769333630991], [0.0, 1254.9860565800168, 467.1680561863987], [0.0, 0.0, 1.0]], [[796.8910634503094, 0.0, 857.7774326863696], [0.0, 796.8910634503094, 476.8848988407415], [0.0, 0.0, 1.0]], [[1249.9629280788233, 0.0, 825.3768045375984], [0.0, 1249.9629280788233, 462.54816385708756], [0.0, 0.0, 1.0]]], "extrinsics": [[[0.8231920003890991, -0.5676969885826111, 0.008672073483467102, -0.9354591369628906], [0.007925116457045078, -0.00378344114869833, -0.9999614357948303, 1.488959550857544], [0.5677079558372498, 0.8232289552688599, 0.0013845673529431224, -1.2862548828125], [0.0, 0.0, 0.0, 1.0]], [[0.011195152997970581, -0.9999063014984131, 0.007875648327171803, 0.0069580078125], [0.009734835475683212, -0.007766782771795988, -0.9999224543571472, 1.4808459281921387], [0.9998900294303894, 0.011270957998931408, 0.009646971710026264, -1.6651611328125], [0.0, 0.0, 0.0, 1.0]], [[-0.843584418296814, -0.5369619131088257, -0.006092215422540903, 1.045166015625], [0.017603348940610886, -0.016312984749674797, -0.9997119903564453, 1.4940361976623535], [0.536707878112793, -0.8434487581253052, 0.023213710635900497, -1.2479248046875], [0.0, 0.0, 0.0, 1.0]], [[0.9478991627693176, 0.3184707462787628, -0.007981386967003345, -1.144775390625], [-0.00838336069136858, -0.00010841371113201603, -0.9999648332595825, 1.562051773071289], [-0.3184604346752167, 0.9479327201843262, 0.0025670898612588644, -0.1556396484375], [0.0, 0.0, 0.0, 1.0]], [[0.008938349783420563, 0.9999262094497681, -0.008232411928474903, -0.02880859375], [-0.006031176541000605, -0.008178681135177612, -0.9999483227729797, 1.56793212890625], [-0.999941885471344, 0.008987544104456902, 0.005957626737654209, 0.02264404296875], [0.0, 0.0, 0.0, 1.0]], [[-0.9239283204078674, 0.38242313265800476, -0.010446169413626194, 1.123779296875], [-0.0016167027642950416, -0.031208321452140808, -0.9995115995407104, 1.5477638244628906], [-0.38256239891052246, -0.9234601259231567, 0.02945251576602459, -0.05859375], [0.0, 0.0, 0.0, 1.0]]], "view": [[0.0, -2.0, 100.0], [-2.0, 0.0, 100.0], [0.0, 0.0, 1.0]], "bev": "bev_37f8e879d97b44ae98bebddae1738f0f.png", "aux": "aux_37f8e879d97b44ae98bebddae1738f0f.npz", "visibility": "visibility_37f8e879d97b44ae98bebddae1738f0f.png", "pose": [[0.9954709410667419, 0.09506656974554062, 0.0, 1146.682373046875], [-0.09506656974554062, 0.9954709410667419, 0.0, 1391.5906982421875], [0.0, 0.0, 1.0, 0.0], [0.0, 0.0, 0.0, 1.0]], "pose_inverse": [[0.9954709410667419, -0.09506656974554062, 0.0, -1009.1951904296875], [0.09506656974554062, 0.9954709410667419, 0.0, -1494.2991943359375], [0.0, 0.0, 1.0, 0.0], [0.0, 0.0, 0.0, 1.0]], "cam_ids": [0, 1, 2, 3, 4, 5], "cam_channels": ["CAM_FRONT_LEFT", "CAM_FRONT", "CAM_FRONT_RIGHT", "CAM_BACK_LEFT", "CAM_BACK", "CAM_BACK_RIGHT"], "token": "37f8e879d97b44ae98bebddae1738f0f", "scene": "scene-0876"}, {"images": ["samples/CAM_FRONT_LEFT/n008-2018-09-18-14-54-39-0400__CAM_FRONT_LEFT__1537297157504799.jpg", "samples/CAM_FRONT/n008-2018-09-18-14-54-39-0400__CAM_FRONT__1537297157512404.jpg", "samples/CAM_FRONT_RIGHT/n008-2018-09-18-14-54-39-0400__CAM_FRONT_RIGHT__1537297157520482.jpg", "samples/CAM_BACK_LEFT/n008-2018-09-18-14-54-39-0400__CAM_BACK_LEFT__1537297157547405.jpg", "samples/CAM_BACK/n008-2018-09-18-14-54-39-0400__CAM_BACK__1537297157537558.jpg", "samples/CAM_BACK_RIGHT/n008-2018-09-18-14-54-39-0400__CAM_BACK_RIGHT__1537297157528113.jpg"], "intrinsics": [[[1257.8625342125129, 0.0, 827.2410631095686], [0.0, 1257.8625342125129, 450.915498205774], [0.0, 0.0, 1.0]], [[1252.8131021185304, 0.0, 826.588114781398], [0.0, 1252.8131021185304, 469.9846626224581], [0.0, 0.0, 1.0]], [[1256.7485116440405, 0.0, 817.7887570959712], [0.0, 1256.7485116440403, 451.9541780095127], [0.0, 0.0, 1.0]], [[1254.9860565800168, 0.0, 829.5769333630991], [0.0, 1254.9860565800168, 467.1680561863987], [0.0, 0.0, 1.0]], [[796.8910634503094, 0.0, 857.7774326863696], [0.0, 796.8910634503094, 476.8848988407415], [0.0, 0.0, 1.0]], [[1249.9629280788233, 0.0, 825.3768045375984], [0.0, 1249.9629280788233, 462.54816385708756], [0.0, 0.0, 1.0]]], "extrinsics": [[[0.8232088088989258, -0.5676591992378235, 0.009503747336566448, -0.9039115905761719], [0.017559519037604332, 0.008725715801119804, -0.9998077154159546, 1.4904346466064453], [0.5674671530723572, 0.8232173919677734, 0.017150908708572388, -1.2646484375], [0.0, 0.0, 0.0, 1.0]], [[0.01135831419378519, -0.9999261498451233, -0.0043241111561656, 0.007080078125], [0.019596362486481667, 0.004546153359115124, -0.9997976422309875, 1.4821224212646484], [0.9997434616088867, 0.011271262541413307, 0.019646551460027695, -1.63470458984375], [0.0, 0.0, 0.0, 1.0]], [[-0.8433516025543213, -0.5369472503662109, -0.021112576127052307, 1.0260009765625], [0.02770371362566948, -0.004208392929285765, -0.999607264995575, 1.4952106475830078], [0.536647617816925, -0.8436053395271301, 0.018424589186906815, -1.23583984375], [0.0, 0.0, 0.0, 1.0]], [[0.9478526711463928, 0.31865739822387695, 0.005722702480852604, -1.1402587890625], [0.002337591489776969, 0.01100444607436657, -0.9999366998672485, 1.5620536804199219], [-0.3187001943588257, 0.9478060603141785, 0.009685702621936798, -0.1572265625], [0.0, 0.0, 0.0, 1.0]], [[0.008794955909252167, 0.9999553561210632, 0.0034467349760234356, -0.0286865234375], [0.004480795469135046, 0.0034074238501489162, -0.9999841451644897, 1.5681982040405273], [-0.9999513030052185, 0.008810254745185375, -0.0044506266713142395, 0.01373291015625], [0.0, 0.0, 0.0, 1.0]], [[-0.9238613843917847, 0.382416307926178, -0.015422625467181206, 1.108489990234375], [0.008693368174135685, -0.0193184707313776, -0.9997755885124207, 1.548309326171875], [-0.3826284408569336, -0.9237881302833557, 0.014523104764521122, -0.06494140625], [0.0, 0.0, 0.0, 1.0]]], "view": [[0.0, -2.0, 100.0], [-2.0, 0.0, 100.0], [0.0, 0.0, 1.0]], "bev": "bev_6623aaab15fb49e3a8ec5e15af109169.png", "aux": "aux_6623aaab15fb49e3a8ec5e15af109169.npz", "visibility": "visibility_6623aaab15fb49e3a8ec5e15af109169.png", "pose": [[0.9939935207366943, 0.10943877696990967, 0.0, 1148.1513671875], [-0.10943877696990967, 0.9939935207366943, 0.0, 1391.42822265625], [0.0, 0.0, 1.0, 0.0], [0.0, 0.0, 0.0, 1.0]], "pose_inverse": [[0.9939935207366943, -0.10943877696990967, 0.0, -988.9788208007812], [0.10943877696990967, 0.9939935207366943, 0.0, -1508.722900390625], [0.0, 0.0, 1.0, 0.0], [0.0, 0.0, 0.0, 1.0]], "cam_ids": [0, 1, 2, 3, 4, 5], "cam_channels": ["CAM_FRONT_LEFT", "CAM_FRONT", "CAM_FRONT_RIGHT", "CAM_BACK_LEFT", "CAM_BACK", "CAM_BACK_RIGHT"], "token": "6623aaab15fb49e3a8ec5e15af109169", "scene": "scene-0876"}, {"images": ["samples/CAM_FRONT_LEFT/n008-2018-09-18-14-54-39-0400__CAM_FRONT_LEFT__1537297158004799.jpg", "samples/CAM_FRONT/n008-2018-09-18-14-54-39-0400__CAM_FRONT__1537297158012404.jpg", "samples/CAM_FRONT_RIGHT/n008-2018-09-18-14-54-39-0400__CAM_FRONT_RIGHT__1537297158020482.jpg", "samples/CAM_BACK_LEFT/n008-2018-09-18-14-54-39-0400__CAM_BACK_LEFT__1537297158047405.jpg", "samples/CAM_BACK/n008-2018-09-18-14-54-39-0400__CAM_BACK__1537297158037558.jpg", "samples/CAM_BACK_RIGHT/n008-2018-09-18-14-54-39-0400__CAM_BACK_RIGHT__1537297158028113.jpg"], "intrinsics": [[[1257.8625342125129, 0.0, 827.2410631095686], [0.0, 1257.8625342125129, 450.915498205774], [0.0, 0.0, 1.0]], [[1252.8131021185304, 0.0, 826.588114781398], [0.0, 1252.8131021185304, 469.9846626224581], [0.0, 0.0, 1.0]], [[1256.7485116440405, 0.0, 817.7887570959712], [0.0, 1256.7485116440403, 451.9541780095127], [0.0, 0.0, 1.0]], [[1254.9860565800168, 0.0, 829.5769333630991], [0.0, 1254.9860565800168, 467.1680561863987], [0.0, 0.0, 1.0]], [[796.8910634503094, 0.0, 857.7774326863696], [0.0, 796.8910634503094, 476.8848988407415], [0.0, 0.0, 1.0]], [[1249.9629280788233, 0.0, 825.3768045375984], [0.0, 1249.9629280788233, 462.54816385708756], [0.0, 0.0, 1.0]]], "extrinsics": [[[0.823004961013794, -0.5679976344108582, 0.006443648599088192, -0.8739471435546875], [0.019726483151316643, 0.017242250964045525, -0.9996567368507385, 1.4914016723632812], [0.5676915645599365, 0.8228495717048645, 0.02539505437016487, -1.2442626953125], [0.0, 0.0, 0.0, 1.0]], [[0.011121413670480251, -0.9998513460159302, -0.013172593899071217, 0.0078125], [0.02158156782388687, 0.013410352170467377, -0.9996771216392517, 1.4829826354980469], [0.9997052550315857, 0.010833537206053734, 0.02172750234603882, -1.603271484375], [0.0, 0.0, 0.0, 1.0]], [[-0.8434047102928162, -0.5365702509880066, -0.027584634721279144, 1.00439453125], [0.0294970516115427, 0.005021394696086645, -0.9995522499084473, 1.4960975646972656], [0.536468505859375, -0.8438408374786377, 0.011592173017561436, -1.22174072265625], [0.0, 0.0, 0.0, 1.0]], [[0.947824239730835, 0.3186468780040741, 0.009665731340646744, -1.1375732421875], [0.003522660816088319, 0.019849257543683052, -0.9997968077659607, 1.5620651245117188], [-0.3187739849090576, 0.9476656913757324, 0.017691122367978096, -0.158203125], [0.0, 0.0, 0.0, 1.0]], [[0.008843811228871346, 0.9998837113380432, 0.01242403499