[{"images": ["samples/CAM_FRONT_LEFT/n015-2018-08-03-15-00-36+0800__CAM_FRONT_LEFT__1533279698854844.jpg", "samples/CAM_FRONT/n015-2018-08-03-15-00-36+0800__CAM_FRONT__1533279698862460.jpg", "samples/CAM_FRONT_RIGHT/n015-2018-08-03-15-00-36+0800__CAM_FRONT_RIGHT__1533279698870339.jpg", "samples/CAM_BACK_LEFT/n015-2018-08-03-15-00-36+0800__CAM_BACK_LEFT__1533279698897423.jpg", "samples/CAM_BACK/n015-2018-08-03-15-00-36+0800__CAM_BACK__1533279698887525.jpg", "samples/CAM_BACK_RIGHT/n015-2018-08-03-15-00-36+0800__CAM_BACK_RIGHT__1533279698877903.jpg"], "intrinsics": [[[1272.5979470598488, 0.0, 826.6154927353808], [0.0, 1272.5979470598488, 479.75165386361925], [0.0, 0.0, 1.0]], [[1266.417203046554, 0.0, 816.2670197447984], [0.0, 1266.417203046554, 491.50706579294757], [0.0, 0.0, 1.0]], [[1260.8474446004698, 0.0, 807.968244525554], [0.0, 1260.8474446004698, 495.3344268742088], [0.0, 0.0, 1.0]], [[1256.7414812095406, 0.0, 792.1125740759628], [0.0, 1256.7414812095406, 492.7757465151356], [0.0, 0.0, 1.0]], [[809.2209905677063, 0.0, 829.2196003259838], [0.0, 809.2209905677063, 481.77842384512485], [0.0, 0.0, 1.0]], [[1259.5137405846733, 0.0, 807.2529053838625], [0.0, 1259.5137405846733, 501.19579884916527], [0.0, 0.0, 1.0]]], "extrinsics": [[[0.8110858798027039, -0.5848823189735413, 0.007231357507407665, -0.85003662109375], [0.005940568167716265, -0.004125373438000679, -0.9999738335609436, 1.5090899467468262], [0.5848969221115112, 0.8111075758934021, 0.00012850154598709196, -1.197113037109375], [0.0, 0.0, 0.0, 1.0]], [[-0.008024610579013824, -0.9999354481697083, 0.008049111813306808, 0.0037841796875], [0.00060848897555843, -0.008054252713918686, -0.9999673962593079, 1.5206027030944824], [0.999967634677887, -0.008019465953111649, 0.000673082482535392, -1.5750732421875], [0.0, 0.0, 0.0, 1.0]], [[-0.8387646079063416, -0.5443950295448303, -0.010383764281868935, 0.9550018310546875], [0.006444256287068129, 0.009143912233412266, -0.9999374151229858, 1.5042400360107422], [0.5444560647010803, -0.838779091835022, -0.004161366727203131, -1.1988525390625], [0.0, 0.0, 0.0, 1.0]], [[0.9479970932006836, 0.31818994879722595, 0.007527013774961233, -1.13604736328125], [0.014987955801188946, -0.021006423979997635, -0.9996669292449951, 1.5886592864990234], [-0.3179258704185486, 0.9477941989898682, -0.024683045223355293, -0.10595703125], [0.0, 0.0, 0.0, 1.0]], [[0.006887755356729031, 0.9999150633811951, -0.011070656590163708, 0.00311279296875], [-0.010447070933878422, -0.010998360812664032, -0.9998849630355835, 1.5789653062820435], [-0.9999217391014099, 0.007002630736678839, 0.010370428673923016, -0.03564453125], [0.0, 0.0, 0.0, 1.0]], [[-0.9318385720252991, 0.36236080527305603, -0.01927584782242775, 1.072998046875], [0.02226444147527218, 0.004073158372193575, -0.9997438192367554, 1.552962303161621], [-0.3621894419193268, -0.9320290088653564, -0.011863287538290024, -0.08831787109375], [0.0, 0.0, 0.0, 1.0]]], "view": [[0.0, -2.0, 100.0], [-2.0, 0.0, 100.0], [0.0, 0.0, 1.0]], "bev": "bev_d37f906d1f5e46de936282a61e43414c.png", "aux": "aux_d37f906d1f5e46de936282a61e43414c.npz", "visibility": "visibility_d37f906d1f5e46de936282a61e43414c.png", "pose": [[0.6229891180992126, 0.7822304964065552, 0.0, 150.65237426757812], [-0.7822304964065552, 0.6229891180992126, 0.0, 924.4905395507812], [0.0, 0.0, 1.0, 0.0], [0.0, 0.0, 0.0, 1.0]], "pose_inverse": [[0.6229891180992126, -0.7822304964065552, 0.0, 629.3098754882812], [0.7822304964065552, 0.6229891180992126, 0.0, -693.7924194335938], [0.0, 0.0, 1.0, 0.0], [0.0, 0.0, 0.0, 1.0]], "cam_ids": [0, 1, 2, 3, 4, 5], "cam_channels": ["CAM_FRONT_LEFT", "CAM_FRONT", "CAM_FRONT_RIGHT", "CAM_BACK_LEFT", "CAM_BACK", "CAM_BACK_RIGHT"], "token": "d37f906d1f5e46de936282a61e43414c", "scene": "scene-0382"}, {"images": ["samples/CAM_FRONT_LEFT/n015-2018-08-03-15-00-36+0800__CAM_FRONT_LEFT__1533279699354844.jpg", "samples/CAM_FRONT/n015-2018-08-03-15-00-36+0800__CAM_FRONT__1533279699362460.jpg", "samples/CAM_FRONT_RIGHT/n015-2018-08-03-15-00-36+0800__CAM_FRONT_RIGHT__1533279699370339.jpg", "samples/CAM_BACK_LEFT/n015-2018-08-03-15-00-36+0800__CAM_BACK_LEFT__1533279699397423.jpg", "samples/CAM_BACK/n015-2018-08-03-15-00-36+0800__CAM_BACK__1533279699387525.jpg", "samples/CAM_BACK_RIGHT/n015-2018-08-03-15-00-36+0800__CAM_BACK_RIGHT__1533279699377893.jpg"], "intrinsics": [[[1272.5979470598488, 0.0, 826.6154927353808], [0.0, 1272.5979470598488, 479.75165386361925], [0.0, 0.0, 1.0]], [[1266.417203046554, 0.0, 816.2670197447984], [0.0, 1266.417203046554, 491.50706579294757], [0.0, 0.0, 1.0]], [[1260.8474446004698, 0.0, 807.968244525554], [0.0, 1260.8474446004698, 495.3344268742088], [0.0, 0.0, 1.0]], [[1256.7414812095406, 0.0, 792.1125740759628], [0.0, 1256.7414812095406, 492.7757465151356], [0.0, 0.0, 1.0]], [[809.2209905677063, 0.0, 829.2196003259838], [0.0, 809.2209905677063, 481.77842384512485], [0.0, 0.0, 1.0]], [[1259.5137405846733, 0.0, 807.2529053838625], [0.0, 1259.5137405846733, 501.19579884916527], [0.0, 0.0, 1.0]]], "extrinsics": [[[0.8095921277999878, -0.5869842171669006, 0.0031913048587739468, -0.84075927734375], [-0.0015009690541774035, -0.007506819441914558, -0.9999706745147705, 1.508047103881836], [0.5869908928871155, 0.8095635771751404, -0.006958506070077419, -1.19427490234375], [0.0, 0.0, 0.0, 1.0]], [[-0.01012286264449358, -0.9998809099197388, 0.011643298901617527, 0.006591796875], [-0.0069431583397090435, -0.01157333329319954, -0.999908983707428, 1.5196986198425293], [0.9999246001243591, -0.010202823206782341, -0.0068251765333116055, -1.567626953125], [0.0, 0.0, 0.0, 1.0]], [[-0.8397414684295654, -0.542982816696167, -0.0019929942209273577, 0.9512977600097656], [-0.0011853899341076612, 0.005503644701093435, -0.9999841451644897, 1.5035169124603271], [0.5429851412773132, -0.8397257924079895, -0.005265283863991499, -1.19378662109375], [0.0, 0.0, 0.0, 1.0]], [[0.9478877782821655, 0.31860172748565674, -0.0012996313162147999, -1.1406097412109375], [0.0069327587261796, -0.024703823029994965, -0.9996707439422607, 1.5885887145996094], [-0.318528950214386, 0.9475666880607605, -0.025625240057706833, -0.10504150390625], [0.0, 0.0, 0.0, 1.0]], [[0.00726947421208024, 0.9998639225959778, -0.014814482070505619, 0.0020751953125], [-0.018375471234321594, -0.014678803272545338, -0.9997233748435974, 1.5786802768707275], [-0.9998047351837158, 0.0075397612527012825, 0.018266258761286736, -0.035888671875], [0.0, 0.0, 0.0, 1.0]], [[-0.9315046072006226, 0.3634835183620453, -0.013372438959777355, 1.0684814453125], [0.01450258493423462, 0.0003801887505687773, -0.9998947978019714, 1.5524959564208984], [-0.36344024538993835, -0.9316005706787109, -0.005625599063932896, -0.08837890625], [0.0, 0.0, 0.0, 1.0]]], "view": [[0.0, -2.0, 100.0], [-2.0, 0.0, 100.0], [0.0, 0.0, 1.0]], "bev": "bev_c3d61b8b66424ed9b1faa5114a0749e8.png", "aux": "aux_c3d61b8b66424ed9b1faa5114a0749e8.npz", "visibility": "visibility_c3d61b8b66424ed9b1faa5114a0749e8.png", "pose": [[0.7658688426017761, 0.6429968476295471, 0.0, 151.81195068359375], [-0.6429968476295471, 0.7658688426017761, 0.0, 923.2982788085938], [0.0, 0.0, 1.0, 0.0], [0.0, 0.0, 0.0, 1.0]], "pose_inverse": [[0.7658688426017761, -0.6429968476295471, 0.0, 477.40985107421875], [0.6429968476295471, 0.7658688426017761, 0.0, -804.739990234375], [0.0, 0.0, 1.0, 0.0], [0.0, 0.0, 0.0, 1.0]], "cam_ids": [0, 1, 2, 3, 4, 5], "cam_channels": ["CAM_FRONT_LEFT", "CAM_FRONT", "CAM_FRONT_RIGHT", "CAM_BACK_LEFT", "CAM_BACK", "CAM_BACK_RIGHT"], "token": "c3d61b8b66424ed9b1faa5114a0749e8", "scene": "scene-0382"}, {"images": ["samples/CAM_FRONT_LEFT/n015-2018-08-03-15-00-36+0800__CAM_FRONT_LEFT__1533279699854844.jpg", "samples/CAM_FRONT/n015-2018-08-03-15-00-36+0800__CAM_FRONT__1533279699862460.jpg", "samples/CAM_FRONT_RIGHT/n015-2018-08-03-15-00-36+0800__CAM_FRONT_RIGHT__1533279699870339.jpg", "samples/CAM_BACK_LEFT/n015-2018-08-03-15-00-36+0800__CAM_BACK_LEFT__1533279699897423.jpg", "samples/CAM_BACK/n015-2018-08-03-15-00-36+0800__CAM_BACK__1533279699887525.jpg", "samples/CAM_BACK_RIGHT/n015-2018-08-03-15-00-36+0800__CAM_BACK_RIGHT__1533279699877893.jpg"], "intrinsics": [[[1272.5979470598488, 0.0, 826.6154927353808], [0.0, 1272.5979470598488, 479.75165386361925], [0.0, 0.0, 1.0]], [[1266.417203046554, 0.0, 816.2670197447984], [0.0, 1266.417203046554, 491.50706579294757], [0.0, 0.0, 1.0]], [[1260.8474446004698, 0.0, 807.968244525554], [0.0, 1260.8474446004698, 495.3344268742088], [0.0, 0.0, 1.0]], [[1256.7414812095406, 0.0, 792.1125740759628], [0.0, 1256.7414812095406, 492.7757465151356], [0.0, 0.0, 1.0]], [[809.2209905677063, 0.0, 829.2196003259838], [0.0, 809.2209905677063, 481.77842384512485], [0.0, 0.0, 1.0]], [[1259.5137405846733, 0.0, 807.2529053838625], [0.0, 1259.5137405846733, 501.19579884916527], [0.0, 0.0, 1.0]]], "extrinsics": [[[0.809032142162323, -0.5877557992935181, 0.003174417419359088, -0.82965087890625], [-0.0005011934554204345, -0.006090692710131407, -0.9999812841415405, 1.5081896781921387], [0.5877640843391418, 0.8090154528617859, -0.005222145933657885, -1.1868896484375], [0.0, 0.0, 0.0, 1.0]], [[-0.010873168706893921, -0.9998899698257446, 0.010087652131915092, 0.0068359375], [-0.005815480370074511, -0.010024845600128174, -0.9999328851699829, 1.5197772979736328], [0.9999239444732666, -0.010931123979389668, -0.005705838091671467, -1.556671142578125], [0.0, 0.0, 0.0, 1.0]], [[-0.8400416970252991, -0.5425072908401489, -0.003958160523325205, 0.94439697265625], [0.00010229978215647861, 0.007137459237128496, -0.9999744892120361, 1.5036373138427734], [0.5425217151641846, -0.8400207161903381, -0.00594026455655694, -1.18896484375], [0.0, 0.0, 0.0, 1.0]], [[0.947853684425354, 0.31870442628860474, 0.0009055102127604187, -1.1384057998657227], [0.008713203482329845, -0.023073440417647362, -0.9996957778930664, 1.5886192321777344], [-0.3185865879058838, 0.9475732445716858, -0.02464718371629715, -0.1060791015625], [0.0, 0.0, 0.0, 1.0]], [[0.007442533038556576, 0.9998857975006104, -0.013151411898434162, 0.00177001953125], [-0.016713425517082214, -0.013025554828345776, -0.9997754693031311, 1.578676700592041], [-0.9998326301574707, 0.007660679519176483, 0.01661457121372223, -0.039947509765625], [0.0, 0.0, 0.0, 1.0]], [[-0.9313440322875977, 0.363869309425354, -0.014054247178137302, 1.062744140625], [0.015877757221460342, 0.002020519459620118, -0.9998719096183777, 1.5526862144470215], [-0.3637942969799042, -0.9314478635787964, -0.007659228518605232, -0.09027099609375], [0.0, 0.0, 0.0, 1.0]]], "view": [[0.0, -2.0, 100.0], [-2.0, 0.0, 100.0], [0.0, 0.0, 1.0]], "bev": "bev_8034fcccce954b4ba926d5d23bcda7df.png", "aux": "aux_8034fcccce954b4ba926d5d23bcda7df.npz", "visibility": "visibility_8034fcccce954b4ba926d5d23bcda7df.png", "pose": [[0.8882498145103455, 0.45936068892478943, 0.0, 153.33119201660156], [-0.45936068892478943, 0.8882498145103455, 0.0, 922.2630615234375], [0.0, 0.0, 1.0, 0.0], [0.0, 0.0, 0.0, 1.0]], "pose_inverse": [[0.8882498145103455, -0.45936068892478943, 0.0, 287.4549865722656], [0.45936068892478943, 0.8882498145103455, 0.0, -889.6343383789062], [0.0, 0.0, 1.0, 0.0], [0.0, 0.0, 0.0, 1.0]], "cam_ids": [0, 1, 2, 3, 4, 5], "cam_channels": ["CAM_FRONT_LEFT", "CAM_FRONT", "CAM_FRONT_RIGHT", "CAM_BACK_LEFT", "CAM_BACK", "CAM_BACK_RIGHT"], "token": "8034fcccce954b4ba926d5d23bcda7df", "scene": "scene-0382"}, {"images": ["samples/CAM_FRONT_LEFT/n015-2018-08-03-15-00-36+0800__CAM_FRONT_LEFT__1533279700404844.jpg", "samples/CAM_FRONT/n015-2018-08-03-15-00-36+0800__CAM_FRONT__1533279700412460.jpg", "samples/CAM_FRONT_RIGHT/n015-2018-08-03-15-00-36+0800__CAM_FRONT_RIGHT__1533279700420339.jpg", "samples/CAM_BACK_LEFT/n015-2018-08-03-15-00-36+0800__CAM_BACK_LEFT__1533279700447423.jpg", "samples/CAM_BACK/n015-2018-08-03-15-00-36+0800__CAM_BACK__1533279700437525.jpg", "samples/CAM_BACK_RIGHT/n015-2018-08-03-15-00-36+0800__CAM_BACK_RIGHT__1533279700427893.jpg"], "intrinsics": [[[1272.5979470598488, 0.0, 826.6154927353808], [0.0, 1272.5979470598488, 479.75165386361925], [0.0, 0.0, 1.0]], [[1266.417203046554, 0.0, 816.2670197447984], [0.0, 1266.417203046554, 491.50706579294757], [0.0, 0.0, 1.0]], [[1260.8474446004698, 0.0, 807.968244525554], [0.0, 1260.8474446004698, 495.3344268742088], [0.0, 0.0, 1.0]], [[1256.7414812095406, 0.0, 792.1125740759628], [0.0, 1256.7414812095406, 492.7757465151356], [0.0, 0.0, 1.0]], [[809.2209905677063, 0.0, 829.2196003259838], [0.0, 809.2209905677063, 481.77842384512485], [0.0, 0.0, 1.0]], [[1259.5137405846733, 0.0, 807.2529053838625], [0.0, 1259.5137405846733, 501.19579884916527], [0.0, 0.0, 1.0]]], "extrinsics": [[[0.8111735582351685, -0.5847775340080261, 0.005720962304621935, -0.821044921875], [-0.000849870266392827, -0.010961450636386871, -0.9999395608901978, 1.5080757141113281], [0.5848048329353333, 0.8111196756362915, -0.009388623759150505, -1.1741943359375], [0.0, 0.0, 0.0, 1.0]], [[-0.007752582430839539, -0.9998598098754883, 0.014840228483080864, 0.00067138671875], [-0.006127255968749523, -0.01479289773851633, -0.9998717904090881, 1.5195808410644531], [0.999951183795929, -0.007842530496418476, -0.00601171376183629, -1.5445327758789062], [0.0, 0.0, 0.0, 1.0]], [[-0.8385269641876221, -0.5448588132858276, -0.0011650058440864086, 0.933929443359375], [-0.00023907337163109332, 0.002506103366613388, -0.9999967813491821, 1.5036232471466064], [0.5448600053787231, -0.8385240435600281, -0.0022316942922770977, -1.1875], [0.0, 0.0, 0.0, 1.0]], [[0.947813093662262, 0.31882625818252563, -0.000561255612410605, -1.13348388671875], [0.00866577960550785, -0.02752145193517208, -0.9995836019515991, 1.5885066986083984], [-0.3187089264392853, 0.9474135637283325, -0.028848066926002502, -0.1021728515625], [0.0, 0.0, 0.0, 1.0]], [[0.006632579956203699, 0.9998224377632141, -0.017637308686971664, 0.008056640625], [-0.016957713291049004, -0.017522701993584633, -0.9997026920318604, 1.5784597396850586], [-0.9998342394828796, 0.006929658818989992, 0.016838479787111282, -0.0457763671875], [0.0, 0.0, 0.0, 1.0]], [[-0.9320748448371887, 0.3619347810745239, -0.015484238974750042, 1.05792236328125], [0.015641845762729645, -0.0024947193451225758, -0.9998745918273926, 1.5527806282043457], [-0.36192798614501953, -0.9322000741958618, -0.0033360635861754417, -0.09906005859375], [0.0, 0.0, 0.0, 1.0]]], "view": [[0.0, -2.0, 100.0], [-2.0, 0.0, 100.0], [0.0, 0.0, 1.0]], "bev": "bev_f414656a37174f0bbfd78dd2040ccefd.png", "aux": "aux_f414656a37174f0bbfd78dd2040ccefd.npz", "visibility": "visibility_f414656a37174f0bbfd78dd2040ccefd.png", "pose": [[0.9721934795379639, 0.23417915403842926, 0.0, 155.36900329589844], [-0.23417915403842926, 0.9721934795379639, 0.0, 921.5020751953125], [0.0, 0.0, 1.0, 0.0], [0.0, 0.0, 0.0, 1.0]], "pose_inverse": [[0.9721934795379639, -0.23417915403842926, 0.0, 64.74784088134766], [0.23417915403842926, 0.9721934795379639, 0.0, -932.262451171875], [0.0, 0.0, 1.0, 0.0], [0.0, 0.0, 0.0, 1.0]], "cam_ids": [0, 1, 2, 3, 4, 5], "cam_channels": ["CAM_FRONT_LEFT", "CAM_FRONT", "CAM_FRONT_RIGHT", "CAM_BACK_LEFT", "CAM_BACK", "CAM_BACK_RIGHT"], "token": "f414656a37174f0bbfd78dd2040ccefd", "scene": "scene-0382"}, {"images": ["samples/CAM_FRONT_LEFT/n015-2018-08-03-15-00-36+0800__CAM_FRONT_LEFT__1533279700904844.jpg", "samples/CAM_FRONT/n015-2018-08-03-15-00-36+0800__CAM_FRONT__1533279700912460.jpg", "samples/CAM_FRONT_RIGHT/n015-2018-08-03-15-00-36+0800__CAM_FRONT_RIGHT__1533279700920339.jpg", "samples/CAM_BACK_LEFT/n015-2018-08-03-15-00-36+0800__CAM_BACK_LEFT__1533279700947423.jpg", "samples/CAM_BACK/n015-2018-08-03-15-00-36+0800__CAM_BACK__1533279700937525.jpg", "samples/CAM_BACK_RIGHT/n015-2018-08-03-15-00-36+0800__CAM_BACK_RIGHT__1533279700927893.jpg"], "intrinsics": [[[1272.5979470598488, 0.0, 826.6154927353808], [0.0, 1272.5979470598488, 479.75165386361925], [0.0, 0.0, 1.0]], [[1266.417203046554, 0.0, 816.2670197447984], [0.0, 1266.417203046554, 491.50706579294757], [0.0, 0.0, 1.0]], [[1260.8474446004698, 0.0, 807.968244525554], [0.0, 1260.8474446004698, 495.3344268742088], [0.0, 0.0, 1.0]], [[1256.7414812095406, 0.0, 792.1125740759628], [0.0, 1256.7414812095406, 492.7757465151356], [0.0, 0.0, 1.0]], [[809.2209905677063, 0.0, 829.2196003259838], [0.0, 809.2209905677063, 481.77842384512485], [0.0, 0.0, 1.0]], [[1259.5137405846733, 0.0, 807.2529053838625], [0.0, 1259.5137405846733, 501.19579884916527], [0.0, 0.0, 1.0]]], "extrinsics": [[[0.8146751523017883, -0.5798031687736511, 0.011518173851072788, -0.809783935546875], [0.0028745040763169527, -0.015824155882000923, -0.9998706579208374, 1.5088129043579102], [0.5799104571342468, 0.8146028518676758, -0.0112248994410038, -1.17108154296875], [0.0, 0.0, 0.0, 1.0]], [[-0.002896758960559964, -0.9997953176498413, 0.0200235303491354, 0.0048828125], [-0.002334861783310771, -0.020016800612211227, -0.9997969269752502, 1.5201683044433594], [0.999993085861206, -0.0029429190326482058, -0.00227639963850379, -1.534637451171875], [0.0, 0.0, 0.0, 1.0]], [[-0.8364810347557068, -0.5479943156242371, -0.0012942580506205559, 0.92828369140625], [0.0035371819976717234, -0.003037515329197049, -0.9999890923500061, 1.5040853023529053], [0.5479843616485596, -0.8364765048027039, 0.0044791800901293755, -1.18035888671875], [0.0, 0.0, 0.0, 1.0]], [[0.9477888345718384, 0.3188974857330322, 0.0008670629467815161, -1.130035400390625], [0.012276165187358856, -0.03376856446266174, -0.9993542432785034, 1.5886344909667969], [-0.31866222620010376, 0.9471874833106995, -0.03592030704021454, -0.1055908203125], [0.0, 0.0, 0.0, 1.0]], [[0.005184128414839506, 0.9997074604034424, -0.0236250888556242, 0.0050048828125], [-0.013230063021183014, -0.02355477213859558, -0.9996350407600403, 1.57861328125], [-0.9998990297317505, 0.005494794342666864, 0.013104081153869629, -0.05089569091796875], [0.0, 0.0, 0.0, 1.0]], [[-0.9329999685287476, 0.35925930738449097, -0.021065104752779007, 1.0498809814453125], [0.019407466053962708, -0.00822041742503643, -0.9997778534889221, 1.5532450675964355], [-0.3593526780605316, -0.9332016110420227, 0.0006973373237997293, -0.09832763671875], [0.0, 0.0, 0.0, 1.0]]], "view": [[0.0, -2.0, 100.0], [-2.0, 0.0, 100.0], [0.0, 0.0, 1.0]], "bev": "bev_5910ddd9bb1c4136a5293ab1349d1ec9.png", "aux": "aux_5910ddd9bb1c4136a5293ab1349d1ec9.npz", "visibility": "visibility_5910ddd9bb1c4136a5293ab1349d1ec9.png", "pose": [[0.9978969097137451, 0.06482135504484177, 0.0, 157.40155029296875], [-0.06482135504484177, 0.9978969097137451, 0.0, 921.1790771484375], [0.0, 0.0, 1.0, 0.0], [0.0, 0.0, 0.0, 1.0]], "pose_inverse": [[0.9978969097137451, -0.06482135504484177, 0.0, -97.35844421386719], [0.06482135504484177, 0.9978969097137451, 0.0, -929.4447021484375], [0.0, 0.0, 1.0, 0.0], [0.0, 0.0, 0.0, 1.0]], "cam_ids": [0, 1, 2, 3, 4, 5], "cam_channels": ["CAM_FRONT_LEFT", "CAM_FRONT", "CAM_FRONT_RIGHT", "CAM_BACK_LEFT", "CAM_BACK", "CAM_BACK_RIGHT"], "token": "5910ddd9bb1c4136a5293ab1349d1ec9", "scene": "scene-0382"}, {"images": ["samples/CAM_FRONT_LEFT/n015-2018-08-03-15-00-36+0800__CAM_FRONT_LEFT__1533279701404844.jpg", "samples/CAM_FRONT/n015-2018-08-03-15-00-36+0800__CAM_FRONT__1533279701412460.jpg", "samples/CAM_FRONT_RIGHT/n015-2018-08-03-15-00-36+0800__CAM_FRONT_RIGHT__1533279701420339.jpg", "samples/CAM_BACK_LEFT/n015-2018-08-03-15-00-36+0800__CAM_BACK_LEFT__1533279701447423.jpg", "samples/CAM_BACK/n015-2018-08-03-15-00-36+0800__CAM_BACK__1533279701438099.jpg", "samples/CAM_BACK_RIGHT/n015-2018-08-03-15-00-36+0800__CAM_BACK_RIGHT__1533279701427893.jpg"], "intrinsics": [[[1272.5979470598488, 0.0, 826.6154927353808], [0.0, 1272.5979470598488, 479.75165386361925], [0.0, 0.0, 1.0]], [[1266.417203046554, 0.0, 816.2670197447984], [0.0, 1266.417203046554, 491.50706579294757], [0.0, 0.0, 1.0]], [[1260.8474446004698, 0.0, 807.968244525554], [0.0, 1260.8474446004698, 495.3344268742088], [0.0, 0.0, 1.0]], [[1256.7414812095406, 0.0, 792.1125740759628], [0.0, 1256.7414812095406, 492.7757465151356], [0.0, 0.0, 1.0]], [[809.2209905677063, 0.0, 829.2196003259838], [0.0, 809.2209905677063, 481.77842384512485], [0.0, 0.0, 1.0]], [[1259.5137405846733, 0.0, 807.2529053838625], [0.0, 1259.5137405846733, 501.19579884916527], [0.0, 0.0, 1.0]]], "extrinsics": [[[0.8178728222846985, -0.5753106474876404, 0.0100889652967453, -0.79345703125], [0.0039740679785609245, -0.011885562911629677, -0.9999215006828308, 1.5091123580932617], [0.5753853917121887, 0.8178486227989197, -0.007434554398059845, -1.16357421875], [0.0, 0.0, 0.0, 1.0]], [[0.001585785299539566, -0.9998729228973389, 0.01586015149950981, 0.00799560546875], [-0.0013805765192955732, -0.015862347558140755, -0.9998732805252075, 1.5203351974487305], [0.9999977946281433, 0.00156368687748909, -0.0014055554056540132, -1.5190277099609375], [0.0, 0.0, 0.0, 1.0]], [[-0.8346078395843506, -0.5508275032043457, -0.00432052556425333, 0.91839599609375], [0.004258826840668917, 0.0013906919630244374, -0.999989926815033, 1.5042285919189453], [0.5508280396461487, -0.8346179127693176, 0.001185197033919394, -1.17095947265625], [0.0, 0.0, 0.0, 1.0]], [[0.9477896690368652, 0.31888288259506226, 0.002914481796324253, -1.12603759765625], [0.012762818485498428, -0.02879875712096691, -0.9995037317276001, 1.5887737274169922], [-0.31864067912101746, 0.9473564624786377, -0.031365007162094116, -0.10906982421875], [0.0, 0.0, 0.0, 1.0]], [[0.003748104441910982, 0.9998149275779724, -0.01886911876499653, 0.00244140625], [-0.012645657174289227, -0.018820352852344513, -0.9997429251670837, 1.5786323547363281], [-0.9999130368232727, 0.003985752817243338, 0.012572775594890118, -0.05633544921875], [0.0, 0.0, 0.0, 1.0]], [[-0.9338871836662292, 0.35700666904449463, -0.02002166584134102, 1.03857421875], [0.020055284723639488, -0.0036081543657928705, -0.9997923970222473, 1.5535407066345215], [-0.3570047914981842, -0.9340949058532715, -0.0037902623880654573, -0.09954833984375], [0.0, 0.0, 0.0, 1.0]]], "view": [[0.0, -2.0, 100.0], [-2.0, 0.0, 100.0], [0.0, 0.0, 1.0]], "bev": "bev_80f5b73ed5aa4160b33dd643d6a19bf6.png", "aux": "aux_80f5b73ed5aa4160b33dd643d6a19bf6.npz", "visibility": "visibility_80f5b73ed5aa4160b33dd643d6a19bf6.png", "pose": [[0.9997542500495911, -0.022168094292283058, 0.0, 159.5085906982422], [0.022168094292283058, 0.9997542500495911, 0.0, 921.128173828125], [0.0, 0.0, 1.0, 0.0], [0.0, 0.0, 0.0, 1.0]], "pose_inverse": [[0.9997542500495911, 0.022168094292283058, 0.0, -179.88905334472656], [-0.022168094292283058, 0.9997542500495911, 0.0, -917.3657836914062], [0.0, 0.0, 1.0, 0.0], [0.0, 0.0, 0.0, 1.0]], "cam_ids": [0, 1, 2, 3, 4, 5], "cam_channels": ["CAM_FRONT_LEFT", "CAM_FRONT", "CAM_FRONT_RIGHT", "CAM_BACK_LEFT", "CAM_BACK", "CAM_BACK_RIGHT"], "token": "80f5b73ed5aa4160b33dd643d6a19bf6", "scene": "scene-0382"}, {"images": ["samples/CAM_FRONT_LEFT/n015-2018-08-03-15-00-36+0800__CAM_FRONT_LEFT__1533279701854844.jpg", "samples/CAM_FRONT/n015-2018-08-03-15-00-36+0800__CAM_FRONT__1533279701862460.jpg", "samples/CAM_FRONT_RIGHT/n015-2018-08-03-15-00-36+0800__CAM_FRONT_RIGHT__1533279701870339.jpg", "samples/CAM_BACK_LEFT/n015-2018-08-03-15-00-36+0800__CAM_BACK_LEFT__1533279701897423.jpg", "samples/CAM_BACK/n015-2018-08-03-15-00-36+0800__CAM_BACK__1533279701887525.jpg", "samples/CAM_BACK_RIGHT/n015-2018-08-03-15-00-36+0800__CAM_BACK_RIGHT__1533279701877893.jpg"], "intrinsics": [[[1272.5979470598488, 0.0, 826.6154927353808], [0.0, 1272.5979470598488, 479.75165386361925], [0.0, 0.0, 1.0]], [[1266.417203046554, 0.0, 816.2670197447984], [0.0, 1266.417203046554, 491.50706579294757], [0.0, 0.0, 1.0]], [[1260.8474446004698, 0.0, 807.968244525554], [0.0, 1260.8474446004698, 495.3344268742088], [0.0, 0.0, 1.0]], [[1256.7414812095406, 0.0, 792.1125740759628], [0.0, 1256.7414812095406, 492.7757465151356], [0.0, 0.0, 1.0]], [[809.2209905677063, 0.0, 829.2196003259838], [0.0, 809.2209905677063, 481.77842384512485], [0.0, 0.0, 1.0]], [[1259.5137405846733, 0.0, 807.2529053838625], [0.0, 1259.5137405846733, 501.19579884916527], [0.0, 0.0, 1.0]]], "extrinsics": [[[0.8193169236183167, -0.5732449293136597, 0.010489052161574364, -0.782867431640625], [0.005450321827083826, -0.010506462305784225, -0.9999299645423889, 1.5094842910766602], [0.5733150243759155, 0.8193167448043823, -0.005483753979206085, -1.1571044921875], [0.0, 0.0, 0.0, 1.0]], [[0.003596231807023287, -0.9998891353607178, 0.014446067623794079, 0.0086669921875], [0.0002133493107976392, -0.014445394277572632, -0.9998956918716431, 1.520615577697754], [0.9999935626983643, 0.0035989375319331884, 0.0001613766944501549, -1.5080108642578125], [0.0, 0.0, 0.0, 1.0]], [[-0.8337944746017456, -0.5520361065864563, -0.006547797471284866, 0.91058349609375], [0.00595387676730752, 0.002868191571906209, -0.9999781250953674, 1.5045161247253418], [0.5520427823066711, -0.833815336227417, 0.0008952746284194291, -1.16546630859375], [0.0, 0.0, 0.0, 1.0]], [[0.9477939009666443, 0.318836510181427, 0.00547320069745183, -1.1231689453125], [0.014848652295768261, -0.026982037350535393, -0.9995256662368774, 1.5888633728027344], [-0.31853756308555603, 0.9474256038665771, -0.030307702720165253, -0.1103515625], [0.0, 0.0, 0.0, 1.0]], [[0.0032336062286049128, 0.9998469352722168, -0.01719704270362854, 0.0020751953125], [-0.010635760612785816, -0.017161773517727852, -0.9997961521148682, 1.5786628723144531], [-0.9999382495880127, 0.0034158527851104736, 0.010578637942671776, -0.0649566650390625], [0.0, 0.0, 0.0, 1.0]], [[-0.9342270493507385, 0.3560473620891571, -0.021214401349425316, 1.0308609008789062], [0.021923255175352097, -0.0020445636473596096, -0.9997575879096985, 1.5539116859436035], [-0.35600441694259644, -0.9344657063484192, -0.005895629990845919, -0.10205078125], [0.0, 0.0, 0.0, 1.0]]], "view": [[0.0, -2.0, 100.0], [-2.0, 0.0, 100.0], [0.0, 0.0, 1.0]], "bev": "bev_695bbe25c0c94561b308ff3a88900992.png", "aux": "aux_695bbe25c0c94561b308ff3a88900992.npz", "visibility": "visibility_695bbe25c0c94561b308ff3a88900992.png", "pose": [[0.9983658194541931, -0.05714644864201546, 0.0, 161.54017639160156], [0.05714644864201546, 0.9983658194541931, 0.0, 921.1815185546875], [0.0, 0.0, 1.0, 0.0], [0.0, 0.0, 0.0, 1.0]], "pose_inverse": [[0.9983658194541931, 0.05714644864201546, 0.0, -213.91844177246094], [-0.05714644864201546, 0.9983658194541931, 0.0, -910.4447021484375], [0.0, 0.0, 1.0, 0.0], [0.0, 0.0, 0.0, 1.0]], "cam_ids": [0, 1, 2, 3, 4, 5], "cam_channels": ["CAM_FRONT_LEFT", "CAM_FRONT", "CAM_FRONT_RIGHT", "CAM_BACK_LEFT", "CAM_BACK", "CAM_BACK_RIGHT"], "token": "695bbe25c0c94561b308ff3a88900992", "scene": "scene-0382"}, {"images": ["samples/CAM_FRONT_LEFT/n015-2018-08-03-15-00-36+0800__CAM_FRONT_LEFT__1533279702404844.jpg", "samples/CAM_FRONT/n015-2018-08-03-15-00-36+0800__CAM_FRONT__1533279702412460.jpg", "samples/CAM_FRONT_RIGHT/n015-2018-08-03-15-00-36+0800__CAM_FRONT_RIGHT__1533279702420339.jpg", "samples/CAM_BACK_LEFT/n015-2018-08-03-15-00-36+0800__CAM_BACK_LEFT__1533279702447423.jpg", "samples/CAM_BACK/n015-2018-08-03-15-00-36+0800__CAM_BACK__1533279702437525.jpg", "samples/CAM_BACK_RIGHT/n015-2018-08-03-15-00-36+0800__CAM_BACK_RIGHT__1533279702427893.jpg"], "intrinsics": [[[1272.5979470598488, 0.0, 826.6154927353808], [0.0, 1272.5979470598488, 479.75165386361925], [0.0, 0.0, 1.0]], [[1266.417203046554, 0.0, 816.2670197447984], [0.0, 1266.417203046554, 491.50706579294757], [0.0, 0.0, 1.0]], [[1260.8474446004698, 0.0, 807.968244525554], [0.0, 1260.8474446004698, 495.3344268742088], [0.0, 0.0, 1.0]], [[1256.7414812095406, 0.0, 792.1125740759628], [0.0, 1256.7414812095406, 492.7757465151356], [0.0, 0.0, 1.0]], [[809.2209905677063, 0.0, 829.2196003259838], [0.0, 809.2209905677063, 481.77842384512485], [0.0, 0.0, 1.0]], [[1259.5137405846733, 0.0, 807.2529053838625], [0.0, 1259.5137405846733, 501.19579884916527], [0.0, 0.0, 1.0]]], "extrinsics": [[[0.8198719620704651, -0.5725401043891907, -0.002791977720335126, -0.78485107421875], [-0.006694605574011803, -0.004710298962891102, -0.9999665021896362, 1.50681734085083], [0.5725077390670776, 0.8198632001876831, -0.00769477104768157, -1.15972900390625], [0.0, 0.0, 0.0, 1.0]], [[0.004370557144284248, -0.9999533891677856, 0.008614880964159966, 0.0093994140625], [-0.012169486843049526, -0.008667511865496635, -0.9998884201049805, 1.5183582305908203], [0.9999163746833801, 0.004265234339982271, -0.012206800282001495, -1.511077880859375], [0.0, 0.0, 0.0, 1.0]], [[-0.8335992693901062, -0.5523691177368164, 0.0008167583146132529, 0.91326904296875], [-0.00670235138386488, 0.008636190555989742, -0.9999402165412903, 1.5026507377624512], [0.5523291826248169, -0.8335548043251038, -0.010901292786002159, -1.16644287109375], [0.0, 0.0, 0.0, 1.0]], [[0.9478594064712524, 0.3186418414115906, -0.005473298951983452, -1.12701416015625], [0.0014316223096102476, -0.02143162302672863, -0.9997692704200745, 1.5885848999023438], [-0.3186856806278229, 0.9476328492164612, -0.02077033929526806, -0.109130859375], [0.0, 0.0, 0.0, 1.0]], [[0.002900694264099002, 0.9999288320541382, -0.011577120050787926, 0.0018310546875], [-0.023845642805099487, -0.011504711583256721, -0.9996494650840759, 1.5778322219848633], [-0.9997115135192871, 0.0031757380347698927, 0.02381056919693947, -0.0626068115234375], [0.0, 0.0, 0.0, 1.0]], [[-0.9345214366912842, 0.3558361530303955, -0.007094508968293667, 1.033172607421875], [0.009000418707728386, 0.0037008842919021845, -0.9999526143074036, 1.552426815032959], [-0.3557930886745453, -0.9345410466194153, -0.0066612293012440205, -0.10064697265625], [0.0, 0.0, 0.0, 1.0]]], "view": [[0.0, -2.0, 100.0], [-2.0, 0.0, 100.0], [0.0, 0.0, 1.0]], "bev": "bev_174a94acd2d841d9916075ba4b58ef47.png", "aux": "aux_174a94acd2d841d9916075ba4b58ef47.npz", "visibility": "visibility_174a94acd2d841d9916075ba4b58ef47.png", "pose": [[0.9971374869346619, -0.07560998946428299, 0.0, 164.12744140625], [0.07560998946428299, 0.9971374869346619, 0.0, 921.3138427734375], [0.0, 0.0, 1.0, 0.0], [0.0, 0.0, 0.0, 1.0]], "pose_inverse": [[0.9971374869346619, 0.07560998946428299, 0.0, -233.3181610107422], [-0.07560998946428299, 0.9971374869346619, 0.0, -906.2669067382812], [0.0, 0.0, 1.0, 0.0], [0.0, 0.0, 0.0, 1.0]], "cam_ids": [0, 1, 2, 3, 4, 5], "cam_channels": ["CAM_FRONT_LEFT", "CAM_FRONT", "CAM_FRONT_RIGHT", "CAM_BACK_LEFT", "CAM_BACK", "CAM_BACK_RIGHT"], "token": "174a94acd2d841d9916075ba4b58ef47", "scene": "scene-0382"}, {"images": ["samples/CAM_FRONT_LEFT/n015-2018-08-03-15-00-36+0800__CAM_FRONT_LEFT__1533279702904844.jpg", "samples/CAM_FRONT/n015-2018-08-03-15-00-36+0800__CAM_FRONT__1533279702912460.jpg", "samples/CAM_FRONT_RIGHT/n015-2018-08-03-15-00-36+0800__CAM_FRONT_RIGHT__1533279702920339.jpg", "samples/CAM_BACK_LEFT/n015-2018-08-03-15-00-36+0800__CAM_BACK_LEFT__1533279702947433.jpg", "samples/CAM_BACK/n015-2018-08-03-15-00-36+0800__CAM_BACK__1533279702937525.jpg", "samples/CAM_BACK_RIGHT/n015-2018-08-03-15-00-36+0800__CAM_BACK_RIGHT__1533279702927893.jpg"], "intrinsics": [[[1272.5979470598488, 0.0, 826.6154927353808], [0.0, 1272.5979470598488, 479.75165386361925], [0.0, 0.0, 1.0]], [[1266.417203046554, 0.0, 816.2670197447984], [0.0, 1266.417203046554, 491.50706579294757], [0.0, 0.0, 1.0]], [[1260.8474446004698, 0.0, 807.968244525554], [0.0, 1260.8474446004698, 495.3344268742088], [0.0, 0.0, 1.0]], [[1256.7414812095406, 0.0, 792.1125740759628], [0.0, 1256.7414812095406, 492.7757465151356], [0.0, 0.0, 1.0]], [[809.2209905677063, 0.0, 829.2196003259838], [0.0, 809.2209905677063, 481.77842384512485], [0.0, 0.0, 1.0]], [[1259.5137405846733, 0.0, 807.2529053838625], [0.0, 1259.5137405846733, 501.19579884916527], [0.0, 0.0, 1.0]]], "extrinsics": [[[0.8202915787696838, -0.5719453692436218, -0.00040768057806417346, -0.759246826171875], [-0.001755288103595376, -0.0018046631012111902, -0.9999967813491821, 1.5078155994415283], [0.5719428062438965, 0.8202897310256958, -0.002484278753399849, -1.13995361328125], [0.0, 0.0, 0.0, 1.0]], [[0.0050237528048455715, -0.9999704360961914, 0.005820993334054947, 0.00830078125], [-0.006956837140023708, -0.005855875089764595, -0.9999586939811707, 1.5191020965576172], [0.999963104724884, 0.004983046092092991, -0.006986050400882959, -1.484771728515625], [0.0, 0.0, 0.0, 1.0]], [[-0.8332216143608093, -0.552914023399353, -0.005263357888907194, 0.8961181640625], [-0.001220917678438127, 0.011358563788235188, -0.999934732913971, 1.5034217834472656], [0.5529377460479736, -0.8331608176231384, -0.010139264166355133, -1.15618896484375], [0.0, 0.0, 0.0, 1.0]], [[0.94776451587677, 0.3189685642719269, 0.0011970760533586144, -1.1236572265625], [0.007659082300961018, -0.019005578011274338, -0.9997900128364563, 1.5887107849121094], [-0.31887882947921753, 0.9475746750831604, -0.020455820485949516, -0.1102294921875], [0.0, 0.0, 0.0, 1.0]], [[0.002637375146150589, 0.9999554753303528, -0.009062215685844421, 0.002197265625], [-0.01782502606511116, -0.009013797156512737, -0.9998005032539368, 1.5780916213989258], [-0.9998375773429871, 0.0027983766049146652, 0.017800459638237953, -0.0695343017578125], [0.0, 0.0, 0.0, 1.0]], [[-0.934651792049408, 0.35537758469581604, -0.011524691246449947, 1.0201644897460938], [0.014736161567270756, 0.006331204436719418, -0.9998713731765747, 1.5532636642456055], [-0.35525891184806824, -0.9347014427185059, -0.011154373176395893, -0.1063232421875], [0.0, 0.0, 0.0, 1.0]]], "view": [[0.0, -2.0, 100.0], [-2.0, 0.0, 100.0], [0.0, 0.0, 1.0]], "bev": "bev_e0af0c552cce4c86957c02e566cf1498.png", "aux": "aux_e0af0c552cce4c86957c02e566cf1498.npz", "visibility": "visibility_e0af0c552cce4c86957c02e566cf1498.png", "pose": [[0.9965052008628845, -0.083530493080616, 0.0, 166.71693420410156], [0.083530493080616, 0.9965052008628845, 0.0, 921.492431640625], [0.0, 0.0, 1.0, 0.0], [0.0, 0.0, 0.0, 1.0]], "pose_inverse": [[0.9965052008628845, 0.083530493080616, 0.0, -243.1070098876953], [-0.083530493080616, 0.9965052008628845, 0.0, -904.3460693359375], [0.0, 0.0, 1.0, 0.0], [0.0, 0.0, 0.0, 1.0]], "cam_ids": [0, 1, 2, 3, 4, 5], "cam_channels": ["CAM_FRONT_LEFT", "CAM_FRONT", "CAM_FRONT_RIGHT", "CAM_BACK_LEFT", "CAM_BACK", "CAM_BACK_RIGHT"], "token": "e0af0c552cce4c86957c02e566cf1498", "scene": "scene-0382"}, {"images": ["samples/CAM_FRONT_LEFT/n015-2018-08-03-15-00-36+0800__CAM_FRONT_LEFT__1533279703354844.jpg", "samples/CAM_FRONT/n015-2018-08-03-15-00-36+0800__CAM_FRONT__1533279703362460.jpg", "samples/CAM_FRONT_RIGHT/n015-2018-08-03-15-00-36+0800__CAM_FRONT_RIGHT__1533279703370339.jpg", "samples/CAM_BACK_LEFT/n015-2018-08-03-15-00-36+0800__CAM_BACK_LEFT__1533279703397423.jpg", "samples/CAM_BACK/n015-2018-08-03-15-00-36+0800__CAM_BACK__1533279703387525.jpg", "samples/CAM_BACK_RIGHT/n015-2018-08-03-15-00-36+0800__CAM_BACK_RIGHT__1533279703377893.jpg"], "intrinsics": [[[1272.5979470598488, 0.0, 826.6154927353808], [0.0, 1272.5979470598488, 479.75165386361925], [0.0, 0.0, 1.0]], [[1266.417203046554, 0.0, 816.2670197447984], [0.0, 1266.417203046554, 491.50706579294757], [0.0, 0.0, 1.0]], [[1260.8474446004698, 0.0, 807.968244525554], [0.0, 1260.8474446004698, 495.3344268742088], [0.0, 0.0, 1.0]], [[1256.7414812095406, 0.0, 792.1125740759628], [0.0, 1256.7414812095406, 492.7757465151356], [0.0, 0.0, 1.0]], [[809.2209905677063, 0.0, 829.2196003259838], [0.0, 809.2209905677063, 481.77842384512485], [0.0, 0.0, 1.0]], [[1259.5137405846733, 0.0, 807.2529053838625], [0.0, 1259.5137405846733, 501.19579884916527], [0.0, 0.0, 1.0]]], "extrinsics": [[[0.8208054900169373, -0.5711941719055176, -0.003940197639167309, -0.781829833984375], [-0.005058256443589926, -0.0003706226998474449, -0.9999871253967285, 1.5071312189102173], [0.5711853504180908, 0.8208149075508118, -0.003193455748260021, -1.15625], [0.0, 0.0, 0.0, 1.0]], [[0.005788058508187532, -0.9999735355377197, 0.004398778546601534, 0.00860595703125], [-0.010286371223628521, -0.004458158276975155, -0.9999371767044067, 1.5186505317687988], [0.9999302625656128, 0.005742429289966822, -0.010311903432011604, -1.50830078125], [0.0, 0.0, 0.0, 1.0]], [[-0.8329187631607056, -0.553385853767395, -0.003217951860278845, 0.91204833984375], [-0.004594061989337206, 0.012729162350296974, -0.9999083876609802, 1.5029516220092773], [0.5533761382102966, -0.8328277468681335, -0.01314464583992958, -1.16650390625], [0.0, 0.0, 0.0, 1.0]], [[0.9477124214172363, 0.3191213309764862, -0.0016518302727490664, -1.1334228515625], [0.004251080099493265, -0.01779998652637005, -0.9998325705528259, 1.5886049270629883], [-0.31909728050231934, 0.947546660900116, -0.018225880339741707, -0.10723876953125], [0.0, 0.0, 0.0, 1.0]], [[0.002303007524460554, 0.9999672174453735, -0.007762848399579525, 0.00201416015625], [-0.021215420216321945, -0.007712263148277998, -0.9997451901435852, 1.578089714050293], [-0.9997721910476685, 0.002467109588906169, 0.021196965128183365, -0.0582733154296875], [0.0, 0.0, 0.0, 1.0]], [[-0.93483567237854, 0.3549930453300476, -0.007888026535511017, 1.0339584350585938], [0.01135404035449028, 0.007681491319090128, -0.9999060034751892, 1.5526752471923828], [-0.3548990786075592, -0.9348374009132385, -0.011211536824703217, -0.10089111328125], [0.0, 0.0, 0.0, 1.0]]], "view": [[0.0, -2.0, 100.0], [-2.0, 0.0, 100.0], [0.0, 0.0, 1.0]], "bev": "bev_fb2566c6f03242a8811f25e6e842f974.png", "aux": "aux_fb2566c6f03242a8811f25e6e842f974.npz", "visibility": "visibility_fb2566c6f03242a8811f25e6e842f974.png", "pose": [[0.9962290525436401, -0.08676224201917648, 0.0, 168.90280151367188], [0.08676224201917648, 0.9962290525436401, 0.0, 921.6527709960938], [0.0, 0.0, 1.0, 0.0], [0.0, 0.0, 0.0, 1.0]], "pose_inverse": [[0.9962290525436401, 0.08676224201917648, 0.0, -248.2305450439453], [-0.08676224201917648, 0.9962290525436401, 0.0, -903.5228881835938], [0.0, 0.0, 1.0, 0.0], [0.0, 0.0, 0.0, 1.0]], "cam_ids": [0, 1, 2, 3, 4, 5], "cam_channels": ["CAM_FRONT_LEFT", "CAM_FRONT", "CAM_FRONT_RIGHT", "CAM_BACK_LEFT", "CAM_BACK", "CAM_BACK_RIGHT"], "token": "fb2566c6f03242a8811f25e6e842f974", "scene": "scene-0382"}, {"images": ["samples/CAM_FRONT_LEFT/n015-2018-08-03-15-00-36+0800__CAM_FRONT_LEFT__1533279703854844.jpg", "samples/CAM_FRONT/n015-2018-08-03-15-00-36+0800__CAM_FRONT__1533279703862460.jpg", "samples/CAM_FRONT_RIGHT/n015-2018-08-03-15-00-36+0800__CAM_FRONT_RIGHT__1533279703870339.jpg", "samples/CAM_BACK_LEFT/n015-2018-08-03-15-00-36+0800__CAM_BACK_LEFT__1533279703897423.jpg", "samples/CAM_BACK/n015-2018-08-03-15-00-36+0800__CAM_BACK__1533279703887525.jpg", "samples/CAM_BACK_RIGHT/n015-2018-08-03-15-00-36+0800__CAM_BACK_RIGHT__1533279703877893.jpg"], "intrinsics": [[[1272.5979470598488, 0.0, 826.6154927353808], [0.0, 1272.5979470598488, 479.75165386361925], [0.0, 0.0, 1.0]], [[1266.417203046554, 0.0, 816.2670197447984], [0.0, 1266.417203046554, 491.50706579294757], [0.0, 0.0, 1.0]], [[1260.8474446004698, 0.0, 807.968244525554], [0.0, 1260.8474446004698, 495.3344268742088], [0.0, 0.0, 1.0]], [[1256.7414812095406, 0.0, 792.1125740759628], [0.0, 1256.7414812095406, 492.7757465151356], [0.0, 0.0, 1.0]], [[809.2209905677063, 0.0, 829.2196003259838], [0.0, 809.2209905677063, 481.77842384512485], [0.0, 0.0, 1.0]], [[1259.5137405846733, 0.0, 807.2529053838625], [0.0, 1259.5137405846733, 501.19579884916527], [0.0, 0.0, 1.0]]], "extrinsics": [[[0.8206629753112793, -0.5714048147201538, -0.0029648873023688793, -0.775604248046875], [-0.004857118707150221, -0.0017871902091428638, -0.9999866485595703, 1.5071325302124023], [0.5713918209075928, 0.8206663727760315, -0.004242061171680689, -1.14971923828125], [0.0, 0.0, 0.0, 1.0]], [[0.005570870358496904, -0.9999677538871765, 0.005776099395006895, 0.007080078125], [-0.010205334983766079, -0.0058327410370111465, -0.9999309182167053, 1.5185861587524414], [0.9999324083328247, 0.005511535797268152, -0.010237498208880424, -1.50103759765625], [0.0, 0.0, 0.0, 1.0]], [[-0.8330139517784119, -0.5532466173171997, -0.002448473824188113, 0.90667724609375], [-0.004629192408174276, 0.011395408771932125, -0.9999243021011353, 1.5029373168945312], [0.5532326102256775, -0.8329395651817322, -0.012053617276251316, -1.1644287109375], [0.0, 0.0, 0.0, 1.0]], [[0.947769820690155, 0.3189462125301361, -0.0023987027816474438, -1.12933349609375], [0.003855751594528556, -0.018976924940943718, -0.9998124837875366, 1.5886096954345703]