[{"images": ["samples/CAM_FRONT_LEFT/n015-2018-11-21-19-11-29+0800__CAM_FRONT_LEFT__1542798851604844.jpg", "samples/CAM_FRONT/n015-2018-11-21-19-11-29+0800__CAM_FRONT__1542798851612460.jpg", "samples/CAM_FRONT_RIGHT/n015-2018-11-21-19-11-29+0800__CAM_FRONT_RIGHT__1542798851620339.jpg", "samples/CAM_BACK_LEFT/n015-2018-11-21-19-11-29+0800__CAM_BACK_LEFT__1542798851647423.jpg", "samples/CAM_BACK/n015-2018-11-21-19-11-29+0800__CAM_BACK__1542798851637525.jpg", "samples/CAM_BACK_RIGHT/n015-2018-11-21-19-11-29+0800__CAM_BACK_RIGHT__1542798851627893.jpg"], "intrinsics": [[[1272.5979470598488, 0.0, 826.6154927353808], [0.0, 1272.5979470598488, 479.75165386361925], [0.0, 0.0, 1.0]], [[1266.417203046554, 0.0, 816.2670197447984], [0.0, 1266.417203046554, 491.50706579294757], [0.0, 0.0, 1.0]], [[1260.8474446004698, 0.0, 807.968244525554], [0.0, 1260.8474446004698, 495.3344268742088], [0.0, 0.0, 1.0]], [[1256.7414812095406, 0.0, 792.1125740759628], [0.0, 1256.7414812095406, 492.7757465151356], [0.0, 0.0, 1.0]], [[809.2209905677063, 0.0, 829.2196003259838], [0.0, 809.2209905677063, 481.77842384512485], [0.0, 0.0, 1.0]], [[1259.5137405846733, 0.0, 807.2529053838625], [0.0, 1259.5137405846733, 501.19579884916527], [0.0, 0.0, 1.0]]], "extrinsics": [[[0.8205180168151855, -0.571406900882721, 0.015629280358552933, -0.4864501953125], [0.015063909813761711, -0.005717540625482798, -0.9998701810836792, 1.5170211791992188], [0.5714221596717834, 0.8206470012664795, 0.0039162770844995975, -0.950927734375], [0.0, 0.0, 0.0, 1.0]], [[0.005394909530878067, -0.9999375939369202, 0.009778061881661415, 0.01055908203125], [0.009876984171569347, -0.009724442847073078, -0.9999039769172668, 1.5252819061279297], [0.9999366402626038, 0.005490883253514767, 0.009823906235396862, -1.214111328125], [0.0, 0.0, 0.0, 1.0]], [[-0.8328221440315247, -0.5532738566398621, -0.017182324081659317, 0.72314453125], [0.015618257224559784, 0.007541489787399769, -0.9998495578765869, 1.5094375610351562], [0.5533202290534973, -0.8329652547836304, 0.002360455458983779, -1.04095458984375], [0.0, 0.0, 0.0, 1.0]], [[0.9476639032363892, 0.318860799074173, 0.016155457124114037, -1.13427734375], [0.024722695350646973, -0.022839119657874107, -0.9994333982467651, 1.5887374877929688], [-0.3183111846446991, 0.9475263357162476, -0.029526907950639725, -0.10565185546875], [0.0, 0.0, 0.0, 1.0]], [[0.0027196472510695457, 0.9999145269393921, -0.01278908085078001, 0.00262451171875], [-0.0008430862799286842, -0.012786829844117165, -0.9999179244041443, 1.5792474746704102], [-0.9999959468841553, 0.0027302009984850883, 0.0008082381100393832, -0.138671875], [0.0, 0.0, 0.0, 1.0]], [[-0.9344126582145691, 0.355037659406662, -0.0286579467356205, 0.8828125], [0.03162435442209244, 0.0025537435431033373, -0.999496579170227, 1.5600051879882812], [-0.3547857403755188, -0.9348485469818115, -0.013614087365567684, -0.1580810546875], [0.0, 0.0, 0.0, 1.0]]], "view": [[0.0, -2.0, 100.0], [-2.0, 0.0, 100.0], [0.0, 0.0, 1.0]], "bev": "bev_e5e191f3a6a14456bec8809b954f6190.png", "aux": "aux_e5e191f3a6a14456bec8809b954f6190.npz", "visibility": "visibility_e5e191f3a6a14456bec8809b954f6190.png", "pose": [[0.5601240992546082, -0.8284087181091309, 0.0, 921.2857055664062], [0.8284087181091309, 0.5601240992546082, 0.0, 2484.032470703125], [0.0, 0.0, 1.0, 0.0], [0.0, 0.0, 0.0, 1.0]], "pose_inverse": [[0.5601240992546082, 0.8284087181091309, 0.0, -2573.828369140625], [-0.8284087181091309, 0.5601240992546082, 0.0, -628.1654052734375], [0.0, 0.0, 1.0, 0.0], [0.0, 0.0, 0.0, 1.0]], "cam_ids": [0, 1, 2, 3, 4, 5], "cam_channels": ["CAM_FRONT_LEFT", "CAM_FRONT", "CAM_FRONT_RIGHT", "CAM_BACK_LEFT", "CAM_BACK", "CAM_BACK_RIGHT"], "token": "e5e191f3a6a14456bec8809b954f6190", "scene": "scene-1051"}, {"images": ["samples/CAM_FRONT_LEFT/n015-2018-11-21-19-11-29+0800__CAM_FRONT_LEFT__1542798852104844.jpg", "samples/CAM_FRONT/n015-2018-11-21-19-11-29+0800__CAM_FRONT__1542798852112460.jpg", "samples/CAM_FRONT_RIGHT/n015-2018-11-21-19-11-29+0800__CAM_FRONT_RIGHT__1542798852120339.jpg", "samples/CAM_BACK_LEFT/n015-2018-11-21-19-11-29+0800__CAM_BACK_LEFT__1542798852147423.jpg", "samples/CAM_BACK/n015-2018-11-21-19-11-29+0800__CAM_BACK__1542798852137525.jpg", "samples/CAM_BACK_RIGHT/n015-2018-11-21-19-11-29+0800__CAM_BACK_RIGHT__1542798852127893.jpg"], "intrinsics": [[[1272.5979470598488, 0.0, 826.6154927353808], [0.0, 1272.5979470598488, 479.75165386361925], [0.0, 0.0, 1.0]], [[1266.417203046554, 0.0, 816.2670197447984], [0.0, 1266.417203046554, 491.50706579294757], [0.0, 0.0, 1.0]], [[1260.8474446004698, 0.0, 807.968244525554], [0.0, 1260.8474446004698, 495.3344268742088], [0.0, 0.0, 1.0]], [[1256.7414812095406, 0.0, 792.1125740759628], [0.0, 1256.7414812095406, 492.7757465151356], [0.0, 0.0, 1.0]], [[809.2209905677063, 0.0, 829.2196003259838], [0.0, 809.2209905677063, 481.77842384512485], [0.0, 0.0, 1.0]], [[1259.5137405846733, 0.0, 807.2529053838625], [0.0, 1259.5137405846733, 501.19579884916527], [0.0, 0.0, 1.0]]], "extrinsics": [[[0.820551335811615, -0.5713902115821838, 0.014446992427110672, -0.494140625], [0.014001676812767982, -0.005173849873244762, -0.99988853931427, 1.5162620544433594], [0.5714012384414673, 0.8206622004508972, 0.003755010897293687, -0.9578857421875], [0.0, 0.0, 0.0, 1.0]], [[0.005438616499304771, -0.999943196773529, 0.009162837639451027, 0.01123046875], [0.008622786961495876, -0.009115738794207573, -0.9999212622642517, 1.5246152877807617], [0.9999479055404663, 0.005517194513231516, 0.008572719991207123, -1.22314453125], [0.0, 0.0, 0.0, 1.0]], [[-0.832831084728241, -0.5532857775688171, -0.01634589210152626, 0.729736328125], [0.014164918102324009, 0.008217663504183292, -0.9998658895492554, 1.5087890625], [0.5533459186553955, -0.8329509496688843, 0.0009933235123753548, -1.0445556640625], [0.0, 0.0, 0.0, 1.0]], [[0.9477306008338928, 0.3187445104122162, 0.014444093219935894, -1.14208984375], [0.02252887934446335, -0.02169223502278328, -0.9995108246803284, 1.5885200500488281], [-0.31827524304389954, 0.9475923180580139, -0.027739353477954865, -0.1025238037109375], [0.0, 0.0, 0.0, 1.0]], [[0.0027335663326084614, 0.9999260306358337, -0.01185452751815319, 0.0028076171875], [-0.0027620489709079266, -0.011846977286040783, -0.9999260306358337, 1.578989028930664], [-0.9999924898147583, 0.0027660378254950047, 0.002729460597038269, -0.13232421875], [0.0, 0.0, 0.0, 1.0]], [[-0.9344671964645386, 0.3550361096858978, -0.02684098482131958, 0.888427734375], [0.029970943927764893, 0.003318212926387787, -0.9995452761650085, 1.5593719482421875], [-0.3547855615615845, -0.9348467588424683, -0.013741527684032917, -0.1556396484375], [0.0, 0.0, 0.0, 1.0]]], "view": [[0.0, -2.0, 100.0], [-2.0, 0.0, 100.0], [0.0, 0.0, 1.0]], "bev": "bev_487085d80f8f4e6bacb195686a6fc072.png", "aux": "aux_487085d80f8f4e6bacb195686a6fc072.npz", "visibility": "visibility_487085d80f8f4e6bacb195686a6fc072.png", "pose": [[0.5599401593208313, -0.8285330533981323, 0.0, 925.1163940429688], [0.8285330533981323, 0.5599401593208313, 0.0, 2489.599365234375], [0.0, 0.0, 1.0, 0.0], [0.0, 0.0, 0.0, 1.0]], "pose_inverse": [[0.5599401593208313, 0.8285330533981323, 0.0, -2580.72509765625], [-0.8285330533981323, 0.5599401593208313, 0.0, -627.5372314453125], [0.0, 0.0, 1.0, 0.0], [0.0, 0.0, 0.0, 1.0]], "cam_ids": [0, 1, 2, 3, 4, 5], "cam_channels": ["CAM_FRONT_LEFT", "CAM_FRONT", "CAM_FRONT_RIGHT", "CAM_BACK_LEFT", "CAM_BACK", "CAM_BACK_RIGHT"], "token": "487085d80f8f4e6bacb195686a6fc072", "scene": "scene-1051"}, {"images": ["samples/CAM_FRONT_LEFT/n015-2018-11-21-19-11-29+0800__CAM_FRONT_LEFT__1542798852604844.jpg", "samples/CAM_FRONT/n015-2018-11-21-19-11-29+0800__CAM_FRONT__1542798852612460.jpg", "samples/CAM_FRONT_RIGHT/n015-2018-11-21-19-11-29+0800__CAM_FRONT_RIGHT__1542798852620339.jpg", "samples/CAM_BACK_LEFT/n015-2018-11-21-19-11-29+0800__CAM_BACK_LEFT__1542798852647423.jpg", "samples/CAM_BACK/n015-2018-11-21-19-11-29+0800__CAM_BACK__1542798852637525.jpg", "samples/CAM_BACK_RIGHT/n015-2018-11-21-19-11-29+0800__CAM_BACK_RIGHT__1542798852627893.jpg"], "intrinsics": [[[1272.5979470598488, 0.0, 826.6154927353808], [0.0, 1272.5979470598488, 479.75165386361925], [0.0, 0.0, 1.0]], [[1266.417203046554, 0.0, 816.2670197447984], [0.0, 1266.417203046554, 491.50706579294757], [0.0, 0.0, 1.0]], [[1260.8474446004698, 0.0, 807.968244525554], [0.0, 1260.8474446004698, 495.3344268742088], [0.0, 0.0, 1.0]], [[1256.7414812095406, 0.0, 792.1125740759628], [0.0, 1256.7414812095406, 492.7757465151356], [0.0, 0.0, 1.0]], [[809.2209905677063, 0.0, 829.2196003259838], [0.0, 809.2209905677063, 481.77842384512485], [0.0, 0.0, 1.0]], [[1259.5137405846733, 0.0, 807.2529053838625], [0.0, 1259.5137405846733, 501.19579884916527], [0.0, 0.0, 1.0]]], "extrinsics": [[[0.8197304010391235, -0.5726320147514343, 0.011602595448493958, -0.4737548828125], [0.010511161759495735, -0.005213608033955097, -0.9999311566352844, 1.5145454406738281], [0.5726529955863953, 0.8197959661483765, 0.001745273475535214, -0.9376220703125], [0.0, 0.0, 0.0, 1.0]], [[0.004245800897479057, -0.9999473690986633, 0.00933545920997858, 0.00732421875], [0.00516413664445281, -0.009313493967056274, -0.9999433159828186, 1.5230836868286133], [0.9999775886535645, 0.004293752834200859, 0.005124322604387999, -1.19873046875], [0.0, 0.0, 0.0, 1.0]], [[-0.8334094882011414, -0.5524957180023193, -0.013303360901772976, 0.711181640625], [0.01076201070100069, 0.00784262828528881, -0.9999113082885742, 1.507791519165039], [0.5525510907173157, -0.8334788084030151, -0.0005901541444472969, -1.0357666015625], [0.0, 0.0, 0.0, 1.0]], [[0.9480379819869995, 0.3179595470428467, 0.011209756135940552, -1.123779296875], [0.019336095079779625, -0.022413261234760284, -0.9995617866516113, 1.5888938903808594], [-0.31756892800331116, 0.9478393197059631, -0.02739671990275383, -0.1085968017578125], [0.0, 0.0, 0.0, 1.0]], [[0.0034302661661058664, 0.9999163746833801, -0.012467821128666401, 0.00396728515625], [-0.006086972076445818, -0.012446784414350986, -0.9999040365219116, 1.5784263610839844], [-0.9999755620956421, 0.0035057507921010256, 0.006043766625225544, -0.149658203125], [0.0, 0.0, 0.0, 1.0]], [[-0.9343057870864868, 0.35567325353622437, -0.023856408894062042, 0.873779296875], [0.02659066580235958, 0.00280013564042747, -0.9996424913406372, 1.5589218139648438], [-0.35547930002212524, -0.93460613489151, -0.012073773890733719, -0.1634521484375], [0.0, 0.0, 0.0, 1.0]]], "view": [[0.0, -2.0, 100.0], [-2.0, 0.0, 100.0], [0.0, 0.0, 1.0]], "bev": "bev_5654ba942df44de2906fef8b6e7a80ad.png", "aux": "aux_5654ba942df44de2906fef8b6e7a80ad.npz", "visibility": "visibility_5654ba942df44de2906fef8b6e7a80ad.png", "pose": [[0.5588531494140625, -0.8292666077613831, 0.0, 928.92333984375], [0.8292666077613831, 0.5588531494140625, 0.0, 2495.1630859375], [0.0, 0.0, 1.0, 0.0], [0.0, 0.0, 0.0, 1.0]], "pose_inverse": [[0.5588531494140625, 0.8292666077613831, 0.0, -2588.287353515625], [-0.8292666077613831, 0.5588531494140625, 0.0, -624.1046142578125], [0.0, 0.0, 1.0, 0.0], [0.0, 0.0, 0.0, 1.0]], "cam_ids": [0, 1, 2, 3, 4, 5], "cam_channels": ["CAM_FRONT_LEFT", "CAM_FRONT", "CAM_FRONT_RIGHT", "CAM_BACK_LEFT", "CAM_BACK", "CAM_BACK_RIGHT"], "token": "5654ba942df44de2906fef8b6e7a80ad", "scene": "scene-1051"}, {"images": ["samples/CAM_FRONT_LEFT/n015-2018-11-21-19-11-29+0800__CAM_FRONT_LEFT__1542798853104844.jpg", "samples/CAM_FRONT/n015-2018-11-21-19-11-29+0800__CAM_FRONT__1542798853112460.jpg", "samples/CAM_FRONT_RIGHT/n015-2018-11-21-19-11-29+0800__CAM_FRONT_RIGHT__1542798853120339.jpg", "samples/CAM_BACK_LEFT/n015-2018-11-21-19-11-29+0800__CAM_BACK_LEFT__1542798853147423.jpg", "samples/CAM_BACK/n015-2018-11-21-19-11-29+0800__CAM_BACK__1542798853137525.jpg", "samples/CAM_BACK_RIGHT/n015-2018-11-21-19-11-29+0800__CAM_BACK_RIGHT__1542798853127893.jpg"], "intrinsics": [[[1272.5979470598488, 0.0, 826.6154927353808], [0.0, 1272.5979470598488, 479.75165386361925], [0.0, 0.0, 1.0]], [[1266.417203046554, 0.0, 816.2670197447984], [0.0, 1266.417203046554, 491.50706579294757], [0.0, 0.0, 1.0]], [[1260.8474446004698, 0.0, 807.968244525554], [0.0, 1260.8474446004698, 495.3344268742088], [0.0, 0.0, 1.0]], [[1256.7414812095406, 0.0, 792.1125740759628], [0.0, 1256.7414812095406, 492.7757465151356], [0.0, 0.0, 1.0]], [[809.2209905677063, 0.0, 829.2196003259838], [0.0, 809.2209905677063, 481.77842384512485], [0.0, 0.0, 1.0]], [[1259.5137405846733, 0.0, 807.2529053838625], [0.0, 1259.5137405846733, 501.19579884916527], [0.0, 0.0, 1.0]]], "extrinsics": [[[0.8208062052726746, -0.5711159706115723, 0.010188031941652298, -0.4986572265625], [0.009814984165132046, -0.0037317643873393536, -0.9999448657035828, 1.513814926147461], [0.571122407913208, 0.8208609223365784, 0.00254243821837008, -0.9591064453125], [0.0, 0.0, 0.0, 1.0]], [[0.005761567037552595, -0.9999538064002991, 0.0076941694132983685, 0.00994873046875], [0.004656744655221701, -0.007667384576052427, -0.9999597668647766, 1.5227246284484863], [0.9999725222587585, 0.005797204561531544, 0.004612352699041367, -1.225830078125], [0.0, 0.0, 0.0, 1.0]], [[-0.8327609896659851, -0.5534547567367554, -0.014035598374903202, 0.730224609375], [0.010422112420201302, 0.009675679728388786, -0.9998988509178162, 1.5074176788330078], [0.5535346269607544, -0.8328230381011963, -0.0022893596906214952, -1.0460205078125], [0.0, 0.0, 0.0, 1.0]], [[0.9476644992828369, 0.3190332055091858, 0.012238794006407261, -1.137451171875], [0.019784487783908844, -0.02042173407971859, -0.9995957016944885, 1.5886344909667969], [-0.318654328584671, 0.9475235342979431, -0.025664860382676125, -0.1046142578125], [0.0, 0.0, 0.0, 1.0]], [[0.0024641817435622215, 0.9999423027038574, -0.010457504540681839, 0.0028076171875], [-0.005940654780715704, -0.010442713275551796, -0.999927818775177, 1.5785541534423828], [-0.9999792575836182, 0.002526146825402975, 0.005914580542594194, -0.134521484375], [0.0, 0.0, 0.0, 1.0]], [[-0.9346165657043457, 0.3549117147922516, -0.023013539612293243, 0.88818359375], [0.026428954675793648, 0.004777797497808933, -0.9996392726898193, 1.558441162109375], [-0.3546737730503082, -0.9348875880241394, -0.0138453533872962, -0.1563720703125], [0.0, 0.0, 0.0, 1.0]]], "view": [[0.0, -2.0, 100.0], [-2.0, 0.0, 100.0], [0.0, 0.0, 1.0]], "bev": "bev_a44504c82dbc499780134ec61c342092.png", "aux": "aux_a44504c82dbc499780134ec61c342092.npz", "visibility": "visibility_a44504c82dbc499780134ec61c342092.png", "pose": [[0.5588448643684387, -0.8292722105979919, 0.0, 932.69287109375], [0.8292722105979919, 0.5588448643684387, 0.0, 2500.679443359375], [0.0, 0.0, 1.0, 0.0], [0.0, 0.0, 0.0, 1.0]], "pose_inverse": [[0.5588448643684387, 0.8292722105979919, 0.0, -2594.974609375], [-0.8292722105979919, 0.5588448643684387, 0.0, -624.0355224609375], [0.0, 0.0, 1.0, 0.0], [0.0, 0.0, 0.0, 1.0]], "cam_ids": [0, 1, 2, 3, 4, 5], "cam_channels": ["CAM_FRONT_LEFT", "CAM_FRONT", "CAM_FRONT_RIGHT", "CAM_BACK_LEFT", "CAM_BACK", "CAM_BACK_RIGHT"], "token": "a44504c82dbc499780134ec61c342092", "scene": "scene-1051"}, {"images": ["samples/CAM_FRONT_LEFT/n015-2018-11-21-19-11-29+0800__CAM_FRONT_LEFT__1542798853604844.jpg", "samples/CAM_FRONT/n015-2018-11-21-19-11-29+0800__CAM_FRONT__1542798853612460.jpg", "samples/CAM_FRONT_RIGHT/n015-2018-11-21-19-11-29+0800__CAM_FRONT_RIGHT__1542798853620339.jpg", "samples/CAM_BACK_LEFT/n015-2018-11-21-19-11-29+0800__CAM_BACK_LEFT__1542798853647423.jpg", "samples/CAM_BACK/n015-2018-11-21-19-11-29+0800__CAM_BACK__1542798853637525.jpg", "samples/CAM_BACK_RIGHT/n015-2018-11-21-19-11-29+0800__CAM_BACK_RIGHT__1542798853627893.jpg"], "intrinsics": [[[1272.5979470598488, 0.0, 826.6154927353808], [0.0, 1272.5979470598488, 479.75165386361925], [0.0, 0.0, 1.0]], [[1266.417203046554, 0.0, 816.2670197447984], [0.0, 1266.417203046554, 491.50706579294757], [0.0, 0.0, 1.0]], [[1260.8474446004698, 0.0, 807.968244525554], [0.0, 1260.8474446004698, 495.3344268742088], [0.0, 0.0, 1.0]], [[1256.7414812095406, 0.0, 792.1125740759628], [0.0, 1256.7414812095406, 492.7757465151356], [0.0, 0.0, 1.0]], [[809.2209905677063, 0.0, 829.2196003259838], [0.0, 809.2209905677063, 481.77842384512485], [0.0, 0.0, 1.0]], [[1259.5137405846733, 0.0, 807.2529053838625], [0.0, 1259.5137405846733, 501.19579884916527], [0.0, 0.0, 1.0]]], "extrinsics": [[[0.8211795091629028, -0.5705860257148743, 0.009791179560124874, -0.4990234375], [0.012897864915430546, 0.001404006965458393, -0.9999157786369324, 1.5155067443847656], [0.570524275302887, 0.8212366700172424, 0.0085122836753726, -0.9635009765625], [0.0, 0.0, 0.0, 1.0]], [[0.006310267373919487, -0.9999755024909973, 0.0030513801611959934, 0.0126953125], [0.007396053988486528, -0.0030046855099499226, -0.9999681711196899, 1.5239686965942383], [0.9999527931213379, 0.006332609336823225, 0.007376910652965307, -1.229736328125], [0.0, 0.0, 0.0, 1.0]], [[-0.8324803113937378, -0.5537513494491577, -0.018327096477150917, 0.73583984375], [0.012795060873031616, 0.01385495439171791, -0.9998221397399902, 1.5081748962402344], [0.5539067387580872, -0.8325667977333069, -0.004448694176971912, -1.0469970703125], [0.0, 0.0, 0.0, 1.0]], [[0.9475900530815125, 0.3191724419593811, 0.014218146912753582, -1.14013671875], [0.020833773538470268, -0.017322758212685585, -0.9996328353881836, 1.5886154174804688], [-0.318808913230896, 0.9475383758544922, -0.02306443825364113, -0.1051025390625], [0.0, 0.0, 0.0, 1.0]], [[0.0022326824255287647, 0.9999712705612183, -0.007251131813973188, 0.00128173828125], [-0.004365129396319389, -0.007241334766149521, -0.9999642372131348, 1.5787982940673828], [-0.9999879598617554, 0.002264314331114292, 0.004348836373537779, -0.130126953125], [0.0, 0.0, 0.0, 1.0]], [[-0.934680700302124, 0.354702353477478, -0.023626437410712242, 0.8935546875], [0.02848602831363678, 0.008484132587909698, -0.99955815076828, 1.5587921142578125], [-0.3543451428413391, -0.9349408149719238, -0.018034014850854874, -0.152587890625], [0.0, 0.0, 0.0, 1.0]]], "view": [[0.0, -2.0, 100.0], [-2.0, 0.0, 100.0], [0.0, 0.0, 1.0]], "bev": "bev_2d15d49af3da4e538db7556153d24840.png", "aux": "aux_2d15d49af3da4e538db7556153d24840.npz", "visibility": "visibility_2d15d49af3da4e538db7556153d24840.png", "pose": [[0.5589480400085449, -0.8292027115821838, 0.0, 936.394775390625], [0.8292027115821838, 0.5589480400085449, 0.0, 2506.1103515625], [0.0, 0.0, 1.0, 0.0], [0.0, 0.0, 0.0, 1.0]], "pose_inverse": [[0.5589480400085449, 0.8292027115821838, 0.0, -2601.469482421875], [-0.8292027115821838, 0.5589480400085449, 0.0, -624.3244018554688], [0.0, 0.0, 1.0, 0.0], [0.0, 0.0, 0.0, 1.0]], "cam_ids": [0, 1, 2, 3, 4, 5], "cam_channels": ["CAM_FRONT_LEFT", "CAM_FRONT", "CAM_FRONT_RIGHT", "CAM_BACK_LEFT", "CAM_BACK", "CAM_BACK_RIGHT"], "token": "2d15d49af3da4e538db7556153d24840", "scene": "scene-1051"}, {"images": ["samples/CAM_FRONT_LEFT/n015-2018-11-21-19-11-29+0800__CAM_FRONT_LEFT__1542798854104844.jpg", "samples/CAM_FRONT/n015-2018-11-21-19-11-29+0800__CAM_FRONT__1542798854112460.jpg", "samples/CAM_FRONT_RIGHT/n015-2018-11-21-19-11-29+0800__CAM_FRONT_RIGHT__1542798854120339.jpg", "samples/CAM_BACK_LEFT/n015-2018-11-21-19-11-29+0800__CAM_BACK_LEFT__1542798854147423.jpg", "samples/CAM_BACK/n015-2018-11-21-19-11-29+0800__CAM_BACK__1542798854137532.jpg", "samples/CAM_BACK_RIGHT/n015-2018-11-21-19-11-29+0800__CAM_BACK_RIGHT__1542798854127893.jpg"], "intrinsics": [[[1272.5979470598488, 0.0, 826.6154927353808], [0.0, 1272.5979470598488, 479.75165386361925], [0.0, 0.0, 1.0]], [[1266.417203046554, 0.0, 816.2670197447984], [0.0, 1266.417203046554, 491.50706579294757], [0.0, 0.0, 1.0]], [[1260.8474446004698, 0.0, 807.968244525554], [0.0, 1260.8474446004698, 495.3344268742088], [0.0, 0.0, 1.0]], [[1256.7414812095406, 0.0, 792.1125740759628], [0.0, 1256.7414812095406, 492.7757465151356], [0.0, 0.0, 1.0]], [[809.2209905677063, 0.0, 829.2196003259838], [0.0, 809.2209905677063, 481.77842384512485], [0.0, 0.0, 1.0]], [[1259.5137405846733, 0.0, 807.2529053838625], [0.0, 1259.5137405846733, 501.19579884916527], [0.0, 0.0, 1.0]]], "extrinsics": [[[0.820429801940918, -0.5715680718421936, 0.014316442422568798, -0.50146484375], [0.01608029380440712, -0.00196269154548645, -0.9998688101768494, 1.5173187255859375], [0.5715211033821106, 0.8205523490905762, 0.007580730132758617, -0.9593505859375], [0.0, 0.0, 0.0, 1.0]], [[0.005529757123440504, -0.999966561794281, 0.006014147307723761, 0.0096435546875], [0.010481280274689198, -0.005955950357019901, -0.9999273419380188, 1.5253982543945312], [0.9999298453330994, 0.0055923787876963615, 0.010447995737195015, -1.22900390625], [0.0, 0.0, 0.0, 1.0]], [[-0.8326080441474915, -0.5535220503807068, -0.01941882073879242, 0.734375], [0.015789905562996864, 0.011324483901262283, -0.9998111724853516, 1.5092926025390625], [0.5536374449729919, -0.8327574729919434, -0.0006887943600304425, -1.04840087890625], [0.0, 0.0, 0.0, 1.0]], [[0.9476354718208313, 0.31894975900650024, 0.01606578379869461, -1.143310546875], [0.023175010457634926, -0.018506815657019615, -0.9995601177215576, 1.5885238647460938], [-0.31851211190223694, 0.9475908875465393, -0.02492937631905079, -0.10345458984375], [0.0, 0.0, 0.0, 1.0]], [[0.002270214259624481, 0.9999593496322632, -0.00873028114438057, 0.00177001953125], [-0.001728959963656962, -0.008726365864276886, -0.9999604225158691, 1.5791425704956055], [-0.9999959468841553, 0.0022852635011076927, 0.001709077274426818, -0.12890625], [0.0, 0.0, 0.0, 1.0]], [[-0.934637725353241, 0.3545716106891632, -0.027042163535952568, 0.892822265625], [0.0313563346862793, 0.0064260754734277725, -0.999487578868866, 1.5595626831054688], [-0.35421621799468994, -0.9350067973136902, -0.017124122008681297, -0.1533203125], [0.0, 0.0, 0.0, 1.0]]], "view": [[0.0, -2.0, 100.0], [-2.0, 0.0, 100.0], [0.0, 0.0, 1.0]], "bev": "bev_3a4f878e30bd4c44b0f238371cc9c96d.png", "aux": "aux_3a4f878e30bd4c44b0f238371cc9c96d.npz", "visibility": "visibility_3a4f878e30bd4c44b0f238371cc9c96d.png", "pose": [[0.5560304522514343, -0.8311619162559509, 0.0, 940.06640625], [0.8311619162559509, 0.5560304522514343, 0.0, 2511.514404296875], [0.0, 0.0, 1.0, 0.0], [0.0, 0.0, 0.0, 1.0]], "pose_inverse": [[0.5560304522514343, 0.8311619162559509, 0.0, -2610.1806640625], [-0.8311619162559509, 0.5560304522514343, 0.0, -615.1310424804688], [0.0, 0.0, 1.0, 0.0], [0.0, 0.0, 0.0, 1.0]], "cam_ids": [0, 1, 2, 3, 4, 5], "cam_channels": ["CAM_FRONT_LEFT", "CAM_FRONT", "CAM_FRONT_RIGHT", "CAM_BACK_LEFT", "CAM_BACK", "CAM_BACK_RIGHT"], "token": "3a4f878e30bd4c44b0f238371cc9c96d", "scene": "scene-1051"}, {"images": ["samples/CAM_FRONT_LEFT/n015-2018-11-21-19-11-29+0800__CAM_FRONT_LEFT__1542798854604844.jpg", "samples/CAM_FRONT/n015-2018-11-21-19-11-29+0800__CAM_FRONT__1542798854612460.jpg", "samples/CAM_FRONT_RIGHT/n015-2018-11-21-19-11-29+0800__CAM_FRONT_RIGHT__1542798854620339.jpg", "samples/CAM_BACK_LEFT/n015-2018-11-21-19-11-29+0800__CAM_BACK_LEFT__1542798854647423.jpg", "samples/CAM_BACK/n015-2018-11-21-19-11-29+0800__CAM_BACK__1542798854637525.jpg", "samples/CAM_BACK_RIGHT/n015-2018-11-21-19-11-29+0800__CAM_BACK_RIGHT__1542798854627893.jpg"], "intrinsics": [[[1272.5979470598488, 0.0, 826.6154927353808], [0.0, 1272.5979470598488, 479.75165386361925], [0.0, 0.0, 1.0]], [[1266.417203046554, 0.0, 816.2670197447984], [0.0, 1266.417203046554, 491.50706579294757], [0.0, 0.0, 1.0]], [[1260.8474446004698, 0.0, 807.968244525554], [0.0, 1260.8474446004698, 495.3344268742088], [0.0, 0.0, 1.0]], [[1256.7414812095406, 0.0, 792.1125740759628], [0.0, 1256.7414812095406, 492.7757465151356], [0.0, 0.0, 1.0]], [[809.2209905677063, 0.0, 829.2196003259838], [0.0, 809.2209905677063, 481.77842384512485], [0.0, 0.0, 1.0]], [[1259.5137405846733, 0.0, 807.2529053838625], [0.0, 1259.5137405846733, 501.19579884916527], [0.0, 0.0, 1.0]]], "extrinsics": [[[0.8207241892814636, -0.5712416768074036, 0.009731601923704147, -0.4990234375], [0.012739555910229683, 0.0012689133873209357, -0.9999180436134338, 1.5154151916503906], [0.5711824893951416, 0.8207809329032898, 0.008318793028593063, -0.9635009765625], [0.0, 0.0, 0.0, 1.0]], [[0.005674906075000763, -0.9999797344207764, 0.0028739783447235823, 0.01251220703125], [0.007150659337639809, -0.002833371050655842, -0.9999704360961914, 1.5238618850708008], [0.999958336353302, 0.005695277359336615, 0.007134434301406145, -1.22900390625], [0.0, 0.0, 0.0, 1.0]], [[-0.8327570557594299, -0.5533353090286255, -0.018321525305509567, 0.734619140625], [0.012471458874642849, 0.014335829764604568, -0.9998194575309753, 1.5080757141113281], [0.5534980297088623, -0.8328352570533752, -0.005037364549934864, -1.04632568359375], [0.0, 0.0, 0.0, 1.0]], [[0.947628378868103, 0.3190644681453705, 0.014076298102736473, -1.139404296875], [0.02031959779560566, -0.016247175633907318, -0.9996615052223206, 1.5886688232421875], [-0.3187277913093567, 0.9475936889648438, -0.021879548206925392, -0.1069488525390625], [0.0, 0.0, 0.0, 1.0]], [[0.0024490677751600742, 0.9999780058860779, -0.006158319301903248, 0.0008544921875], [-0.004864573013037443, -0.006146351806819439, -0.9999693036079407, 1.5787162780761719], [-0.9999852180480957, 0.002478854265064001, 0.004849412478506565, -0.13232421875], [0.0, 0.0, 0.0, 1.0]], [[-0.9345672130584717, 0.35504627227783203, -0.022938285022974014, 0.891845703125], [0.02805931307375431, 0.009280619211494923, -0.9995631575584412, 1.558746337890625], [-0.35467833280563354, -0.9348027110099792, -0.018635716289281845, -0.1534423828125], [0.0, 0.0, 0.0, 1.0]]], "view": [[0.0, -2.0, 100.0], [-2.0, 0.0, 100.0], [0.0, 0.0, 1.0]], "bev": "bev_294f09d08aa444e58a347feae034792b.png", "aux": "aux_294f09d08aa444e58a347feae034792b.npz", "visibility": "visibility_294f09d08aa444e58a347feae034792b.png", "pose": [[0.5576550960540771, -0.8300727605819702, 0.0, 943.791748046875], [0.8300727605819702, 0.5576550960540771, 0.0, 2516.981201171875], [0.0, 0.0, 1.0, 0.0], [0.0, 0.0, 0.0, 1.0]], "pose_inverse": [[0.5576550960540771, 0.8300727605819702, 0.0, -2615.587890625], [-0.8300727605819702, 0.5576550960540771, 0.0, -620.191650390625], [0.0, 0.0, 1.0, 0.0], [0.0, 0.0, 0.0, 1.0]], "cam_ids": [0, 1, 2, 3, 4, 5], "cam_channels": ["CAM_FRONT_LEFT", "CAM_FRONT", "CAM_FRONT_RIGHT", "CAM_BACK_LEFT", "CAM_BACK", "CAM_BACK_RIGHT"], "token": "294f09d08aa444e58a347feae034792b", "scene": "scene-1051"}, {"images": ["samples/CAM_FRONT_LEFT/n015-2018-11-21-19-11-29+0800__CAM_FRONT_LEFT__1542798855104844.jpg", "samples/CAM_FRONT/n015-2018-11-21-19-11-29+0800__CAM_FRONT__1542798855112460.jpg", "samples/CAM_FRONT_RIGHT/n015-2018-11-21-19-11-29+0800__CAM_FRONT_RIGHT__1542798855120339.jpg", "samples/CAM_BACK_LEFT/n015-2018-11-21-19-11-29+0800__CAM_BACK_LEFT__1542798855147441.jpg", "samples/CAM_BACK/n015-2018-11-21-19-11-29+0800__CAM_BACK__1542798855137525.jpg", "samples/CAM_BACK_RIGHT/n015-2018-11-21-19-11-29+0800__CAM_BACK_RIGHT__1542798855127893.jpg"], "intrinsics": [[[1272.5979470598488, 0.0, 826.6154927353808], [0.0, 1272.5979470598488, 479.75165386361925], [0.0, 0.0, 1.0]], [[1266.417203046554, 0.0, 816.2670197447984], [0.0, 1266.417203046554, 491.50706579294757], [0.0, 0.0, 1.0]], [[1260.8474446004698, 0.0, 807.968244525554], [0.0, 1260.8474446004698, 495.3344268742088], [0.0, 0.0, 1.0]], [[1256.7414812095406, 0.0, 792.1125740759628], [0.0, 1256.7414812095406, 492.7757465151356], [0.0, 0.0, 1.0]], [[809.2209905677063, 0.0, 829.2196003259838], [0.0, 809.2209905677063, 481.77842384512485], [0.0, 0.0, 1.0]], [[1259.5137405846733, 0.0, 807.2529053838625], [0.0, 1259.5137405846733, 501.19579884916527], [0.0, 0.0, 1.0]]], "extrinsics": [[[0.8205773830413818, -0.5713314414024353, 0.015269562602043152, -0.499755859375], [0.01473957672715187, -0.005553178954869509, -0.9998759627342224, 1.5165977478027344], [0.571345329284668, 0.8207007050514221, 0.0038643712177872658, -0.9581298828125], [0.0, 0.0, 0.0, 1.0]], [[0.00547807477414608, -0.999937891960144, 0.009699652902781963, 0.00897216796875], [0.009397312998771667, -0.009647892788052559, -0.9999093413352966, 1.5249156951904297], [0.9999408721923828, 0.005568672902882099, 0.00934387743473053, -1.22705078125], [0.0, 0.0, 0.0, 1.0]], [[-0.8327987194061279, -0.5533258318901062, -0.0166401918977499, 0.732177734375], [0.014976471662521362, 0.007528058718889952, -0.9998595118522644, 1.5090408325195312], [0.5533733367919922, -0.8329309225082397, 0.002017510589212179, -1.048095703125], [0.0, 0.0, 0.0, 1.0]], [[0.9477206468582153, 0.31876224279403687, 0.014701451174914837, -1.13525390625], [0.023287147283554077, -0.023140085861086845, -0.9994609355926514, 1.5887222290039062], [-0.31825026869773865, 0.9475522041320801, -0.029353400692343712, -0.1057586669921875], [0.0, 0.0, 0.0, 1.0]], [[0.002730672713369131, 0.9999123811721802, -0.01296050101518631, 0.00299072265625], [-0.0019434195710346103, -0.012955219484865665, -0.9999141693115234, 1.5790939331054688], [-0.9999943971633911, 0.0027556451968848705, 0.0019078715704381466, -0.133544921875], [0.0, 0.0, 0.0, 1.0]], [[-0.9344525933265686, 0.35499194264411926, -0.027913395315408707, 0.8916015625], [0.030798038467764854, 0.002476778579875827, -0.9995225667953491, 1.5594863891601562], [-0.3547533452510834, -0.9348661303520203, -0.013247490860521793, -0.1556396484375], [0.0, 0.0, 0.0, 1.0]]], "view": [[0.0, -2.0, 100.0], [-2.0, 0.0, 100.0], [0.0, 0.0, 1.0]], "bev": "bev_294db9d1104f40e99b40a6d4b9bb0197.png", "aux": "aux_294db9d1104f40e99b40a6d4b9bb0197.npz", "visibility": "visibility_294db9d1104f40e99b40a6d4b9bb0197.png", "pose": [[0.5566276907920837, -0.8307620882987976, 0.0, 947.4912719726562], [0.8307620882987976, 0.5566276907920837, 0.0, 2522.438720703125], [0.0, 0.0, 1.0, 0.0], [0.0, 0.0, 0.0, 1.0]], "pose_inverse": [[0.5566276907920837, 0.8307620882987976, 0.0, -2622.9462890625], [-0.8307620882987976, 0.5566276907920837, 0.0, -616.9193725585938], [0.0, 0.0, 1.0, 0.0], [0.0, 0.0, 0.0, 1.0]], "cam_ids": [0, 1, 2, 3, 4, 5], "cam_channels": ["CAM_FRONT_LEFT", "CAM_FRONT", "CAM_FRONT_RIGHT", "CAM_BACK_LEFT", "CAM_BACK", "CAM_BACK_RIGHT"], "token": "294db9d1104f40e99b40a6d4b9bb0197", "scene": "scene-1051"}, {"images": ["samples/CAM_FRONT_LEFT/n015-2018-11-21-19-11-29+0800__CAM_FRONT_LEFT__1542798855604844.jpg", "samples/CAM_FRONT/n015-2018-11-21-19-11-29+0800__CAM_FRONT__1542798855612460.jpg", "samples/CAM_FRONT_RIGHT/n015-2018-11-21-19-11-29+0800__CAM_FRONT_RIGHT__1542798855620339.jpg", "samples/CAM_BACK_LEFT/n015-2018-11-21-19-11-29+0800__CAM_BACK_LEFT__1542798855647423.jpg", "samples/CAM_BACK/n015-2018-11-21-19-11-29+0800__CAM_BACK__1542798855637525.jpg", "samples/CAM_BACK_RIGHT/n015-2018-11-21-19-11-29+0800__CAM_BACK_RIGHT__1542798855627893.jpg"], "intrinsics": [[[1272.5979470598488, 0.0, 826.6154927353808], [0.0, 1272.5979470598488, 479.75165386361925], [0.0, 0.0, 1.0]], [[1266.417203046554, 0.0, 816.2670197447984], [0.0, 1266.417203046554, 491.50706579294757], [0.0, 0.0, 1.0]], [[1260.8474446004698, 0.0, 807.968244525554], [0.0, 1260.8474446004698, 495.3344268742088], [0.0, 0.0, 1.0]], [[1256.7414812095406, 0.0, 792.1125740759628], [0.0, 1256.7414812095406, 492.7757465151356], [0.0, 0.0, 1.0]], [[809.2209905677063, 0.0, 829.2196003259838], [0.0, 809.2209905677063, 481.77842384512485], [0.0, 0.0, 1.0]], [[1259.5137405846733, 0.0, 807.2529053838625], [0.0, 1259.5137405846733, 501.19579884916527], [0.0, 0.0, 1.0]]], "extrinsics": [[[0.8207024335861206, -0.5711921453475952, 0.013679113239049911, -0.4925537109375], [0.008661291562020779, -0.011501127853989601, -0.9998963475227356, 1.5132503509521484], [0.5712902545928955, 0.8207358717918396, -0.004491741769015789, -0.954345703125], [0.0, 0.0, 0.0, 1.0]], [[0.005602738820016384, -0.9998620748519897, 0.015633907169103622, 0.009765625], [0.0035465999972075224, -0.015614187344908714, -0.9998718500137329, 1.5222365856170654], [0.9999780058860779, 0.005657455418258905, 0.003458628198131919, -1.220947265625], [0.0, 0.0, 0.0, 1.0]], [[-0.8328494429588318, -0.5534321069717407, -0.008650153875350952, 0.728515625], [0.009360233321785927, 0.0015432784566655755, -0.9999549984931946, 1.5070667266845703], [0.5534204840660095, -0.8328928351402283, 0.0038949346635490656, -1.0450439453125], [0.0, 0.0, 0.0, 1.0]], [[0.9478262066841125, 0.31867316365242004, 0.008544208481907845, -1.135498046875], [0.01875041052699089, -0.0289732925593853, -0.99940425157547, 1.588644027709961], [-0.31823572516441345, 0.9474217891693115, -0.03343689441680908, -0.1045074462890625], [0.0, 0.0, 0.0, 1.0]], [[0.0027128392830491066, 0.9998172521591187, -0.01892361417412758, 0.00299072265625], [-0.006937033496797085, -0.018904412165284157, -0.9997972249984741, 1.5784053802490234], [-0.9999722838401794, 0.0028436598367989063, 0.006884479895234108, -0.134765625], [0.0, 0.0, 0.0, 1.0]], [[-0.9346030950546265, 0.3548111617565155, -0.025023924186825752, 0.88916015625], [0.025429969653487206, -0.003519481047987938, -0.9996703863143921, 1.5581703186035156], [-0.3547822833061218, -0.9349313974380493, -0.005733518861234188, -0.15625], [0.0, 0.0, 0.0, 1.0]]], "view": [[0.0, -2.0, 100.0], [-2.0, 0.0, 100.0], [0.0, 0.0, 1.0]], "bev": "bev_9ca99b200b97420dbe00a111c47aff74.png", "aux": "aux_9ca99b200b97420dbe00a111c47aff74.npz", "visibility": "visibility_9ca99b200b97420dbe00a111c47aff74.png", "pose": [[0.5566383004188538, -0.8307549953460693, 0.0, 951.2227783203125], [0.8307549953460693, 0.5566383004188538, 0.0, 2527.976318359375], [0.0, 0.0, 1.0, 0.0], [0.0, 0.0, 0.0, 1.0]], "pose_inverse": [[0.5566383004188538, 0.8307549953460693, 0.0, -2629.615966796875], [-0.8307549953460693, 0.5566383004188538, 0.0, -616.935302734375], [0.0, 0.0, 1.0, 0.0], [0.0, 0.0, 0.0, 1.0]], "cam_ids": [0, 1, 2, 3, 4, 5], "cam_channels": ["CAM_FRONT_LEFT", "CAM_FRONT", "CAM_FRONT_RIGHT", "CAM_BACK_LEFT", "CAM_BACK", "CAM_BACK_RIGHT"], "token": "9ca99b200b97420dbe00a111c47aff74", "scene": "scene-1051"}, {"images": ["samples/CAM_FRONT_LEFT/n015-2018-11-21-19-11-29+0800__CAM_FRONT_LEFT__1542798856154844.jpg", "samples/CAM_FRONT/n015-2018-11-21-19-11-29+0800__CAM_FRONT__1542798856162460.jpg", "samples/CAM_FRONT_RIGHT/n015-2018-11-21-19-11-29+0800__CAM_FRONT_RIGHT__1542798856170339.jpg", "samples/CAM_BACK_LEFT/n015-2018-11-21-19-11-29+0800__CAM_BACK_LEFT__1542798856197423.jpg", "samples/CAM_BACK/n015-2018-11-21-19-11-29+0800__CAM_BACK__1542798856187525.jpg", "samples/CAM_BACK_RIGHT/n015-2018-11-21-19-11-29+0800__CAM_BACK_RIGHT__1542798856177893.jpg"], "intrinsics": [[[1272.5979470598488, 0.0, 826.6154927353808], [0.0, 1272.5979470598488, 479.75165386361925], [0.0, 0.0, 1.0]], [[1266.417203046554, 0.0, 816.2670197447984], [0.0, 1266.417203046554, 491.50706579294757], [0.0, 0.0, 1.0]], [[1260.8474446004698, 0.0, 807.968244525554], [0.0, 1260.8474446004698, 495.3344268742088], [0.0, 0.0, 1.0]], [[1256.7414812095406, 0.0, 792.1125740759628], [0.0, 1256.7414812095406, 492.7757465151356], [0.0, 0.0, 1.0]], [[809.2209905677063, 0.0, 829.2196003259838], [0.0, 809.2209905677063, 481.77842384512485], [0.0, 0.0, 1.0]], [[1259.5137405846733, 0.0, 807.2529053838625], [0.0, 1259.5137405846733, 501.19579884916527], [0.0, 0.0, 1.0]]], "extrinsics": [[[0.8207206130027771, -0.5711687803268433, 0.013564028777182102, -0.485107421875], [0.009824559092521667, -0.00962855201214552, -0.9999053478240967, 1.5140018463134766], [0.5712453722953796, 0.8207762241363525, -0.002290868666023016, -0.950927734375], [0.0, 0.0, 0.0, 1.0]], [[0.005676375702023506, -0.9998897314071655, 0.013720208778977394, 0.0113525390625], [0.004418567288666964, -0.013695216737687588, -0.9998964667320251, 1.5226949453353882], [0.9999740719795227, 0.0057364460080862045, 0.004340340383350849, -1.21484375], [0.0, 0.0, 0.0, 1.0]], [[-0.8327839374542236, -0.5535039305686951, -0.010213050059974194, 0.725341796875], [0.009908949956297874, 0.003541928716003895, -0.9999446272850037, 1.5073051452636719], [0.5535094738006592, -0.8328390121459961, 0.002534980420023203, -1.041015625], [0.0, 0.0, 0.0, 1.0]], [[0.9477095603942871, 0.319016695022583, 0.00865905825048685, -1.138671875], [0.018112212419509888, -0.026677479967474937, -0.9994800090789795, 1.588623046875], [-0.3186197876930237, 0.9473735690116882, -0.031060602515935898, -0.10498046875], [0.0, 0.0, 0.0, 1.0]], [[0.002491517225280404, 0.9998574256896973, -0.01669902540743351, 0.00189208984375], [-0.007131307385861874, -0.0166808869689703, -0.9998354315757751, 1.5783958435058594], [-0.9999714493751526, 0.0026101800613105297, 0.007088729180395603, -0.1357421875], [0.0, 0.0, 0.0, 1.0]], [[-0.9346253275871277, 0.35478922724723816, -0.02449282631278038, 0.884765625], [0.025662118569016457, -0.0014100453117862344, -0.9996696710586548, 1.5583419799804688], [-0.35470664501190186, -0.9349453449249268, -0.007786782458424568, -0.1566162109375], [0.0, 0.0, 0.0, 1.0]]], "view": [[0.0, -2.0, 100.0], [-2.0, 0.0, 100.0], [0.0, 0.0, 1.0]], "bev": "bev_633fb80ca4b2472eba59f41e696a5eb3.png", "aux": "aux_633fb80ca4b2472eba59f41e696a5eb3.npz", "visibility": "visibility_633fb80ca4b2472eba59f41e696a5eb3.png", "pose": [[0.554972231388092, -0.8318688869476318, 0.0, 955.3418579101562], [0.8318688869476318, 0.554972231388092, 0.0, 2534.062744140625], [0.0, 0.0, 1.0, 0.0], [0.0, 0.0, 0.0, 1.0]], "pose_inverse": [[0.554972231388092, 0.8318688869476318, 0.0, -2638.196044921875], [-0.8318688869476318, 0.554972231388092, 0.0, -611.615234375], [0.0, 0.0, 1.0, 0.0], [0.0, 0.0, 0.0, 1.0]], "cam_ids": [0, 1, 2, 3, 4, 5], "cam_channels": ["CAM_FRONT_LEFT", "CAM_FRONT", "CAM_FRONT_RIGHT", "CAM_BACK_LEFT", "CAM_BACK", "CAM_BACK_RIGHT"], "token": "633fb80ca4b2472eba59f41e696a5eb3", "scene": "scene-1051"}, {"images": ["samples/CAM_FRONT_LEFT/n015-2018-11-21-19-11-29+0800__CAM_FRONT_LEFT__1542798856654844.jpg", "samples/CAM_FRONT/n015-2018-11-21-19-11-29+0800__CAM_FRONT__1542798856662460.jpg", "samples/CAM_FRONT_RIGHT/n015-2018-11-21-19-11-29+0800__CAM_FRONT_RIGHT__1542798856670339.jpg", "samples/CAM_BACK_LEFT/n015-2018-11-21-19-11-29+0800__CAM_BACK_LEFT__1542798856697423.jpg", "samples/CAM_BACK/n015-2018-11-21-19-11-29+0800__CAM_BACK__1542798856687525.jpg", "samples/CAM_BACK_RIGHT/n015-2018-11-21-19-11-29+0800__CAM_BACK_RIGHT__1542798856677893.jpg"], "intrinsics": [[[1272.5979470598488, 0.0, 826.6154927353808], [0.0, 1272.5979470598488, 479.75165386361925], [0.0, 0.0, 1.0]], [[1266.417203046554, 0.0, 816.2670197447984], [0.0, 1266.417203046554, 491.50706579294757], [0.0, 0.0, 1.0]], [[1260.8474446004698, 0.0, 807.968244525554], [0.0, 1260.8474446004698, 495.3344268742088], [0.0, 0.0, 1.0]], [[1256.7414812095406, 0.0, 792.1125740759628], [0.0, 1256.7414812095406, 492.7757465151356], [0.0, 0.0, 1.0]], [[809.2209905677063, 0.0, 829.2196003259838], [0.0, 809.2209905677063, 481.77842384512485], [0.0, 0.0, 1.0]], [[1259.5137405846733, 0.0, 807.2529053838625], [0.0, 1259.5137405846733, 501.19579884916527], [0.0, 0.0, 1.0]]], "extrinsics": [[[0.8211076855659485, -0.5705657601356506, 0.01539422757923603, -0.4688720703125], [0.008653149008750916, -0.014523936435580254, -0.9998570680618286, 1.5135002136230469], [0.5707077383995056, 0.821123480796814, -0.006988524459302425, -0.938720703125], [0.0, 0.0, 0.0, 1.0]], [[0.006342433858662844, -0.999803900718689, 0.01875978335738182, 0.0106201171875], [0.003176242345944047, -0.01873992569744587, -0.9998193979263306, 1.5221498012542725], [0.9999748468399048, 0.00640079565346241, 0.003056763205677271, -1.1962890625], [0.0, 0.0, 0.0, 1.0]], [[-0.8324487805366516, -0.5540668964385986, -0.006240664515644312, 0.7119140625], [0.00862350407987833, -0.0016933003207668662, -0.9999613761901855, 1.5069713592529297], [0.554034948348999, -0.8324704766273499, 0.006187585182487965, -1.033447265625], [0.0, 0.0, 0.0, 1.0]], [[0.9476996064186096, 0.3191142678260803, 0.00561287859454751, -1.1396484375], [0.016917916014790535, -0.03266548737883568, -0.9993231296539307, 1.5886001586914062], [-0.31871497631073, 0.9471531510353088, -0.036355819553136826, -0.104522705078125], [0.0, 0.0, 0.0, 1.0]], [[0.002232954138889909, 0.9997450113296509, -0.022471819072961807, 0.00244140625], [-0.008398989215493202, -0.022452332079410553, -0.9997126460075378, 1.5781822204589844], [-0.9999622106552124, 0.002421053359284997, 0.008346714079380035, -0.140380859375], [