[{"images": ["samples/CAM_FRONT_LEFT/n015-2018-09-25-11-10-38+0800__CAM_FRONT_LEFT__1537845372254844.jpg", "samples/CAM_FRONT/n015-2018-09-25-11-10-38+0800__CAM_FRONT__1537845372262460.jpg", "samples/CAM_FRONT_RIGHT/n015-2018-09-25-11-10-38+0800__CAM_FRONT_RIGHT__1537845372270339.jpg", "samples/CAM_BACK_LEFT/n015-2018-09-25-11-10-38+0800__CAM_BACK_LEFT__1537845372297423.jpg", "samples/CAM_BACK/n015-2018-09-25-11-10-38+0800__CAM_BACK__1537845372287525.jpg", "samples/CAM_BACK_RIGHT/n015-2018-09-25-11-10-38+0800__CAM_BACK_RIGHT__1537845372277893.jpg"], "intrinsics": [[[1272.5979470598488, 0.0, 826.6154927353808], [0.0, 1272.5979470598488, 479.75165386361925], [0.0, 0.0, 1.0]], [[1266.417203046554, 0.0, 816.2670197447984], [0.0, 1266.417203046554, 491.50706579294757], [0.0, 0.0, 1.0]], [[1260.8474446004698, 0.0, 807.968244525554], [0.0, 1260.8474446004698, 495.3344268742088], [0.0, 0.0, 1.0]], [[1256.7414812095406, 0.0, 792.1125740759628], [0.0, 1256.7414812095406, 492.7757465151356], [0.0, 0.0, 1.0]], [[809.2209905677063, 0.0, 829.2196003259838], [0.0, 809.2209905677063, 481.77842384512485], [0.0, 0.0, 1.0]], [[1259.5137405846733, 0.0, 807.2529053838625], [0.0, 1259.5137405846733, 501.19579884916527], [0.0, 0.0, 1.0]]], "extrinsics": [[[0.8202336430549622, -0.5719302296638489, 0.010612178593873978, -0.8382568359375], [-0.0072670262306928635, -0.028968749567866325, -0.9995538592338562, 1.5071659088134766], [0.5719823837280273, 0.8197905421257019, -0.027917373925447464, -1.19317626953125], [0.0, 0.0, 0.0, 1.0]], [[0.005052078515291214, -0.9994450807571411, 0.032922424376010895, 0.00659942626953125], [-0.01257381122559309, -0.03298373520374298, -0.9993768334388733, 1.518972396850586], [0.9999080896377563, 0.00463499128818512, -0.012733470648527145, -1.5657958984375], [0.0, 0.0, 0.0, 1.0]], [[-0.8332019448280334, -0.5527791976928711, 0.01447965856641531, 0.9508056640625], [-0.006928279064595699, -0.015747446566820145, -0.9998520016670227, 1.502976417541504], [0.5529254078865051, -0.8331788778305054, 0.009290995076298714, -1.19384765625], [0.0, 0.0, 0.0, 1.0]], [[0.9476485848426819, 0.3190522789955139, -0.012950806878507137, -1.1436767578125], [0.001828257692977786, -0.04597878083586693, -0.9989407658576965, 1.5885419845581055], [-0.319309800863266, 0.9466211199760437, -0.04415503889322281, -0.102935791015625], [0.0, 0.0, 0.0, 1.0]], [[0.0023187119513750076, 0.9993464946746826, -0.0360729806125164, 0.00275421142578125], [-0.0236388947814703, -0.03600822016596794, -0.9990718364715576, 1.5785255432128906], [-0.9997178316116333, 0.0031693684868514538, 0.0235399529337883, -0.03369140625], [0.0, 0.0, 0.0, 1.0]], [[-0.9347562193870544, 0.35494038462638855, -0.015746520832180977, 1.0694580078125], [0.008969279937446117, -0.020731406286358833, -0.9997448921203613, 1.552098274230957], [-0.35517627000808716, -0.9346590042114258, 0.016195254400372505, -0.0885009765625], [0.0, 0.0, 0.0, 1.0]]], "view": [[0.0, -2.0, 100.0], [-2.0, 0.0, 100.0], [0.0, 0.0, 1.0]], "bev": "bev_ba1a6e35e8a44504b5bca4c42b5f49a8.png", "aux": "aux_ba1a6e35e8a44504b5bca4c42b5f49a8.npz", "visibility": "visibility_ba1a6e35e8a44504b5bca4c42b5f49a8.png", "pose": [[-0.38161730766296387, 0.9243203997612, 0.0, 403.2989807128906], [-0.9243203997612, -0.38161730766296387, 0.0, 1164.6068115234375], [0.0, 0.0, 1.0, 0.0], [0.0, 0.0, 0.0, 1.0]], "pose_inverse": [[-0.38161730766296387, -0.9243203997612, 0.0, 1230.375732421875], [0.9243203997612, -0.38161730766296387, 0.0, 71.6566390991211], [0.0, 0.0, 1.0, 0.0], [0.0, 0.0, 0.0, 1.0]], "cam_ids": [0, 1, 2, 3, 4, 5], "cam_channels": ["CAM_FRONT_LEFT", "CAM_FRONT", "CAM_FRONT_RIGHT", "CAM_BACK_LEFT", "CAM_BACK", "CAM_BACK_RIGHT"], "token": "ba1a6e35e8a44504b5bca4c42b5f49a8", "scene": "scene-0981"}, {"images": ["samples/CAM_FRONT_LEFT/n015-2018-09-25-11-10-38+0800__CAM_FRONT_LEFT__1537845372754844.jpg", "samples/CAM_FRONT/n015-2018-09-25-11-10-38+0800__CAM_FRONT__1537845372762460.jpg", "samples/CAM_FRONT_RIGHT/n015-2018-09-25-11-10-38+0800__CAM_FRONT_RIGHT__1537845372770339.jpg", "samples/CAM_BACK_LEFT/n015-2018-09-25-11-10-38+0800__CAM_BACK_LEFT__1537845372797423.jpg", "samples/CAM_BACK/n015-2018-09-25-11-10-38+0800__CAM_BACK__1537845372787525.jpg", "samples/CAM_BACK_RIGHT/n015-2018-09-25-11-10-38+0800__CAM_BACK_RIGHT__1537845372777893.jpg"], "intrinsics": [[[1272.5979470598488, 0.0, 826.6154927353808], [0.0, 1272.5979470598488, 479.75165386361925], [0.0, 0.0, 1.0]], [[1266.417203046554, 0.0, 816.2670197447984], [0.0, 1266.417203046554, 491.50706579294757], [0.0, 0.0, 1.0]], [[1260.8474446004698, 0.0, 807.968244525554], [0.0, 1260.8474446004698, 495.3344268742088], [0.0, 0.0, 1.0]], [[1256.7414812095406, 0.0, 792.1125740759628], [0.0, 1256.7414812095406, 492.7757465151356], [0.0, 0.0, 1.0]], [[809.2209905677063, 0.0, 829.2196003259838], [0.0, 809.2209905677063, 481.77842384512485], [0.0, 0.0, 1.0]], [[1259.5137405846733, 0.0, 807.2529053838625], [0.0, 1259.5137405846733, 501.19579884916527], [0.0, 0.0, 1.0]]], "extrinsics": [[[0.8201003670692444, -0.5720912218093872, 0.012124770320951939, -0.83056640625], [-0.0074507612735033035, -0.03186318650841713, -0.9994644522666931, 1.5070257186889648], [0.5721712708473206, 0.8195708990097046, -0.03039352409541607, -1.1864013671875], [0.0, 0.0, 0.0, 1.0]], [[0.004877571947872639, -0.9993451833724976, 0.03585033863782883, 0.005718231201171875], [-0.01283574104309082, -0.035910382866859436, -0.9992726445198059, 1.5187969207763672], [0.9999057054519653, 0.0044138492085039616, -0.013002493418753147, -1.5570068359375], [0.0, 0.0, 0.0, 1.0]], [[-0.8332714438438416, -0.5526207089424133, 0.01640421897172928, 0.9444580078125], [-0.007267680484801531, -0.01871982030570507, -0.9997983574867249, 1.5028762817382812], [0.5528163909912109, -0.8332225680351257, 0.011582420207560062, -1.1905517578125], [0.0, 0.0, 0.0, 1.0]], [[0.9476405382156372, 0.31901082396507263, -0.014471881091594696, -1.13916015625], [0.0012614453444257379, -0.04905739426612854, -0.9987951517105103, 1.5885605812072754], [-0.3193363845348358, 0.9464805126190186, -0.046891190111637115, -0.104827880859375], [0.0, 0.0, 0.0, 1.0]], [[0.002342970808967948, 0.9992311596870422, -0.03913477435708046, 0.00290679931640625], [-0.02412119321525097, -0.03906702250242233, -0.998945415019989, 1.5783748626708984], [-0.9997063279151917, 0.0032844410743564367, 0.024011118337512016, -0.03857421875], [0.0, 0.0, 0.0, 1.0]], [[-0.9347313046455383, 0.3549749255180359, -0.016437919810414314, 1.064453125], [0.008561179041862488, -0.023748941719532013, -0.999681293964386, 1.5521087646484375], [-0.3552521765232086, -0.9345741868019104, 0.019159873947501183, -0.0909423828125], [0.0, 0.0, 0.0, 1.0]]], "view": [[0.0, -2.0, 100.0], [-2.0, 0.0, 100.0], [0.0, 0.0, 1.0]], "bev": "bev_403839251e9543b4b490afab5e5cb346.png", "aux": "aux_403839251e9543b4b490afab5e5cb346.npz", "visibility": "visibility_403839251e9543b4b490afab5e5cb346.png", "pose": [[-0.3671760857105255, 0.9301514625549316, 0.0, 402.58905029296875], [-0.9301514625549316, -0.3671760857105255, 0.0, 1162.8824462890625], [0.0, 0.0, 1.0, 0.0], [0.0, 0.0, 0.0, 1.0]], "pose_inverse": [[-0.3671760857105255, -0.9301514625549316, 0.0, 1229.4779052734375], [0.9301514625549316, -0.3671760857105255, 0.0, 52.513851165771484], [0.0, 0.0, 1.0, 0.0], [0.0, 0.0, 0.0, 1.0]], "cam_ids": [0, 1, 2, 3, 4, 5], "cam_channels": ["CAM_FRONT_LEFT", "CAM_FRONT", "CAM_FRONT_RIGHT", "CAM_BACK_LEFT", "CAM_BACK", "CAM_BACK_RIGHT"], "token": "403839251e9543b4b490afab5e5cb346", "scene": "scene-0981"}, {"images": ["samples/CAM_FRONT_LEFT/n015-2018-09-25-11-10-38+0800__CAM_FRONT_LEFT__1537845373154844.jpg", "samples/CAM_FRONT/n015-2018-09-25-11-10-38+0800__CAM_FRONT__1537845373162460.jpg", "samples/CAM_FRONT_RIGHT/n015-2018-09-25-11-10-38+0800__CAM_FRONT_RIGHT__1537845373170339.jpg", "samples/CAM_BACK_LEFT/n015-2018-09-25-11-10-38+0800__CAM_BACK_LEFT__1537845373197423.jpg", "samples/CAM_BACK/n015-2018-09-25-11-10-38+0800__CAM_BACK__1537845373187525.jpg", "samples/CAM_BACK_RIGHT/n015-2018-09-25-11-10-38+0800__CAM_BACK_RIGHT__1537845373177893.jpg"], "intrinsics": [[[1272.5979470598488, 0.0, 826.6154927353808], [0.0, 1272.5979470598488, 479.75165386361925], [0.0, 0.0, 1.0]], [[1266.417203046554, 0.0, 816.2670197447984], [0.0, 1266.417203046554, 491.50706579294757], [0.0, 0.0, 1.0]], [[1260.8474446004698, 0.0, 807.968244525554], [0.0, 1260.8474446004698, 495.3344268742088], [0.0, 0.0, 1.0]], [[1256.7414812095406, 0.0, 792.1125740759628], [0.0, 1256.7414812095406, 492.7757465151356], [0.0, 0.0, 1.0]], [[809.2209905677063, 0.0, 829.2196003259838], [0.0, 809.2209905677063, 481.77842384512485], [0.0, 0.0, 1.0]], [[1259.5137405846733, 0.0, 807.2529053838625], [0.0, 1259.5137405846733, 501.19579884916527], [0.0, 0.0, 1.0]]], "extrinsics": [[[0.8203164935112, -0.5717846155166626, 0.011966399848461151, -0.8416748046875], [-0.007273918483406305, -0.03135291486978531, -0.9994819164276123, 1.5071821212768555], [0.5718636512756348, 0.8198044896125793, -0.02987842634320259, -1.1951904296875], [0.0, 0.0, 0.0, 1.0]], [[0.005182262044399977, -0.9993587136268616, 0.035430025309324265, 0.006378173828125], [-0.012679907493293285, -0.03549332544207573, -0.9992894530296326, 1.5189924240112305], [0.9999061226844788, 0.004729338455945253, -0.012855710461735725, -1.56884765625], [0.0, 0.0, 0.0, 1.0]], [[-0.8331393599510193, -0.5528275966644287, 0.016138600185513496, 0.9525146484375], [-0.007173106539994478, -0.01837690733373165, -0.9998053312301636, 1.5029630661010742], [0.5530166029930115, -0.833092987537384, 0.011345036327838898, -1.1951904296875], [0.0, 0.0, 0.0, 1.0]], [[0.9476151466369629, 0.3190794885158539, -0.014617884531617165, -1.141357421875], [0.0010768929496407509, -0.04895591363310814, -0.9988003373146057, 1.5885586738586426], [-0.31941235065460205, 0.9464626908302307, -0.04673498496413231, -0.104034423828125], [0.0, 0.0, 0.0, 1.0]], [[0.002220508875325322, 0.9992385506629944, -0.038953058421611786, 0.00266265869140625], [-0.024200063198804855, -0.038888052105903625, -0.9989504814147949, 1.5784931182861328], [-0.9997047185897827, 0.0031608156859874725, 0.024095283821225166, -0.0341796875], [0.0, 0.0, 0.0, 1.0]], [[-0.9347934126853943, 0.35481494665145874, -0.01635655201971531, 1.07080078125], [0.008583019487559795, -0.023471655324101448, -0.999687671661377, 1.5520553588867188], [-0.3550880253314972, -0.9346418976783752, 0.018895767629146576, -0.088165283203125], [0.0, 0.0, 0.0, 1.0]]], "view": [[0.0, -2.0, 100.0], [-2.0, 0.0, 100.0], [0.0, 0.0, 1.0]], "bev": "bev_bac9648d9bfb4258beafbd52eda61344.png", "aux": "aux_bac9648d9bfb4258beafbd52eda61344.npz", "visibility": "visibility_bac9648d9bfb4258beafbd52eda61344.png", "pose": [[-0.35695648193359375, 0.9341210126876831, 0.0, 402.0475158691406], [-0.9341210126876831, -0.35695648193359375, 0.0, 1161.5072021484375], [0.0, 0.0, 1.0, 0.0], [0.0, 0.0, 0.0, 1.0]], "pose_inverse": [[-0.35695648193359375, -0.9341210126876831, 0.0, 1228.501708984375], [0.9341210126876831, -0.35695648193359375, 0.0, 39.04650115966797], [0.0, 0.0, 1.0, 0.0], [0.0, 0.0, 0.0, 1.0]], "cam_ids": [0, 1, 2, 3, 4, 5], "cam_channels": ["CAM_FRONT_LEFT", "CAM_FRONT", "CAM_FRONT_RIGHT", "CAM_BACK_LEFT", "CAM_BACK", "CAM_BACK_RIGHT"], "token": "bac9648d9bfb4258beafbd52eda61344", "scene": "scene-0981"}, {"images": ["samples/CAM_FRONT_LEFT/n015-2018-09-25-11-10-38+0800__CAM_FRONT_LEFT__1537845373654844.jpg", "samples/CAM_FRONT/n015-2018-09-25-11-10-38+0800__CAM_FRONT__1537845373662460.jpg", "samples/CAM_FRONT_RIGHT/n015-2018-09-25-11-10-38+0800__CAM_FRONT_RIGHT__1537845373670339.jpg", "samples/CAM_BACK_LEFT/n015-2018-09-25-11-10-38+0800__CAM_BACK_LEFT__1537845373697423.jpg", "samples/CAM_BACK/n015-2018-09-25-11-10-38+0800__CAM_BACK__1537845373687525.jpg", "samples/CAM_BACK_RIGHT/n015-2018-09-25-11-10-38+0800__CAM_BACK_RIGHT__1537845373677893.jpg"], "intrinsics": [[[1272.5979470598488, 0.0, 826.6154927353808], [0.0, 1272.5979470598488, 479.75165386361925], [0.0, 0.0, 1.0]], [[1266.417203046554, 0.0, 816.2670197447984], [0.0, 1266.417203046554, 491.50706579294757], [0.0, 0.0, 1.0]], [[1260.8474446004698, 0.0, 807.968244525554], [0.0, 1260.8474446004698, 495.3344268742088], [0.0, 0.0, 1.0]], [[1256.7414812095406, 0.0, 792.1125740759628], [0.0, 1256.7414812095406, 492.7757465151356], [0.0, 0.0, 1.0]], [[809.2209905677063, 0.0, 829.2196003259838], [0.0, 809.2209905677063, 481.77842384512485], [0.0, 0.0, 1.0]], [[1259.5137405846733, 0.0, 807.2529053838625], [0.0, 1259.5137405846733, 501.19579884916527], [0.0, 0.0, 1.0]]], "extrinsics": [[[0.8209310173988342, -0.5709003806114197, 0.012037533335387707, -0.841064453125], [-0.00827914196997881, -0.03297803923487663, -0.9994218349456787, 1.5069818496704102], [0.5709672570228577, 0.8203566074371338, -0.03179926797747612, -1.19354248046875], [0.0, 0.0, 0.0, 1.0]], [[0.006085304077714682, -0.999299943447113, 0.03691110387444496, 0.0054473876953125], [-0.013506172224879265, -0.03699055686593056, -0.9992243647575378, 1.5188446044921875], [0.999890148639679, 0.005582073237746954, -0.01372181624174118, -1.5679931640625], [0.0, 0.0, 0.0, 1.0]], [[-0.8327503204345703, -0.5533738136291504, 0.01744174025952816, 0.9522705078125], [-0.007818466052412987, -0.01974610425531864, -0.9997744560241699, 1.5028877258300781], [0.5535933971405029, -0.8326988220214844, 0.012117039412260056, -1.19573974609375], [0.0, 0.0, 0.0, 1.0]], [[0.9476210474967957, 0.3190467357635498, -0.014949575066566467, -1.1412353515625], [0.001108972355723381, -0.05009198561310768, -0.9987439513206482, 1.5885612964630127], [-0.3193948566913605, 0.9464142322540283, -0.04782203584909439, -0.104095458984375], [0.0, 0.0, 0.0, 1.0]], [[0.001962682930752635, 0.999193549156189, -0.040105145424604416, 0.00295257568359375], [-0.024399064481258392, -0.04004543647170067, -0.9988999366760254, 1.5784893035888672], [-0.9997003674507141, 0.00293905776925385, 0.024300789460539818, -0.03369140625], [0.0, 0.0, 0.0, 1.0]], [[-0.9349789023399353, 0.35432517528533936, -0.01637212373316288, 1.071533203125], [0.00813554972410202, -0.024723084643483162, -0.9996612668037415, 1.5520076751708984], [-0.3546099066734314, -0.9347954392433167, 0.02023293636739254, -0.088348388671875], [0.0, 0.0, 0.0, 1.0]]], "view": [[0.0, -2.0, 100.0], [-2.0, 0.0, 100.0], [0.0, 0.0, 1.0]], "bev": "bev_d0bac3892e0349d4871bf4de169d382c.png", "aux": "aux_d0bac3892e0349d4871bf4de169d382c.npz", "visibility": "visibility_d0bac3892e0349d4871bf4de169d382c.png", "pose": [[-0.35074546933174133, 0.9364708065986633, 0.0, 401.4287109375], [-0.9364708065986633, -0.35074546933174133, 0.0, 1159.8702392578125], [0.0, 0.0, 1.0, 0.0], [0.0, 0.0, 0.0, 1.0]], "pose_inverse": [[-0.35074546933174133, -0.9364708065986633, 0.0, 1226.9840087890625], [0.9364708065986633, -0.35074546933174133, 0.0, 30.892934799194336], [0.0, 0.0, 1.0, 0.0], [0.0, 0.0, 0.0, 1.0]], "cam_ids": [0, 1, 2, 3, 4, 5], "cam_channels": ["CAM_FRONT_LEFT", "CAM_FRONT", "CAM_FRONT_RIGHT", "CAM_BACK_LEFT", "CAM_BACK", "CAM_BACK_RIGHT"], "token": "d0bac3892e0349d4871bf4de169d382c", "scene": "scene-0981"}, {"images": ["samples/CAM_FRONT_LEFT/n015-2018-09-25-11-10-38+0800__CAM_FRONT_LEFT__1537845374104844.jpg", "samples/CAM_FRONT/n015-2018-09-25-11-10-38+0800__CAM_FRONT__1537845374112460.jpg", "samples/CAM_FRONT_RIGHT/n015-2018-09-25-11-10-38+0800__CAM_FRONT_RIGHT__1537845374120339.jpg", "samples/CAM_BACK_LEFT/n015-2018-09-25-11-10-38+0800__CAM_BACK_LEFT__1537845374147423.jpg", "samples/CAM_BACK/n015-2018-09-25-11-10-38+0800__CAM_BACK__1537845374137525.jpg", "samples/CAM_BACK_RIGHT/n015-2018-09-25-11-10-38+0800__CAM_BACK_RIGHT__1537845374127893.jpg"], "intrinsics": [[[1272.5979470598488, 0.0, 826.6154927353808], [0.0, 1272.5979470598488, 479.75165386361925], [0.0, 0.0, 1.0]], [[1266.417203046554, 0.0, 816.2670197447984], [0.0, 1266.417203046554, 491.50706579294757], [0.0, 0.0, 1.0]], [[1260.8474446004698, 0.0, 807.968244525554], [0.0, 1260.8474446004698, 495.3344268742088], [0.0, 0.0, 1.0]], [[1256.7414812095406, 0.0, 792.1125740759628], [0.0, 1256.7414812095406, 492.7757465151356], [0.0, 0.0, 1.0]], [[809.2209905677063, 0.0, 829.2196003259838], [0.0, 809.2209905677063, 481.77842384512485], [0.0, 0.0, 1.0]], [[1259.5137405846733, 0.0, 807.2529053838625], [0.0, 1259.5137405846733, 501.19579884916527], [0.0, 0.0, 1.0]]], "extrinsics": [[[0.8214488625526428, -0.5700644254684448, 0.015756648033857346, -0.8443603515625], [-0.00519874133169651, -0.03511395677924156, -0.9993698000907898, 1.5074963569641113], [0.5702584981918335, 0.8208492398262024, -0.03180793672800064, -1.19683837890625], [0.0, 0.0, 0.0, 1.0]], [[0.006776448804885149, -0.9992159008979797, 0.039006687700748444, 0.0061588287353515625], [-0.010418815538287163, -0.03907601907849312, -0.9991819262504578, 1.5192890167236328], [0.9999227523803711, 0.006364479660987854, -0.010675442405045033, -1.5716552734375], [0.0, 0.0, 0.0, 1.0]], [[-0.8324503302574158, -0.5538685321807861, 0.01600034534931183, 0.9544677734375], [-0.004735754337161779, -0.021763458847999573, -0.9997519254684448, 1.5032038688659668], [0.5540794134140015, -0.8323196172714233, 0.015494013205170631, -1.1966552734375], [0.0, 0.0, 0.0, 1.0]], [[0.9476438164710999, 0.319084495306015, -0.012504683807492256, -1.1422119140625], [0.00420205295085907, -0.05161628499627113, -0.9986581802368164, 1.5885562896728516], [-0.3193017244338989, 0.9463196396827698, -0.050254661589860916, -0.103729248046875], [0.0, 0.0, 0.0, 1.0]], [[0.0018233956070616841, 0.9991219639778137, -0.04185832664370537, 0.002811431884765625], [-0.021320320665836334, -0.041810035705566406, -0.9988980889320374, 1.5786285400390625], [-0.9997710585594177, 0.002713869558647275, 0.02122535929083824, -0.0325927734375], [0.0, 0.0, 0.0, 1.0]], [[-0.9350902438163757, 0.3538491427898407, -0.01992630958557129, 1.072998046875], [0.011216090060770512, -0.026649560779333115, -0.9995819330215454, 1.5522117614746094], [-0.3542322516441345, -0.9349228143692017, 0.020950939506292343, -0.087371826171875], [0.0, 0.0, 0.0, 1.0]]], "view": [[0.0, -2.0, 100.0], [-2.0, 0.0, 100.0], [0.0, 0.0, 1.0]], "bev": "bev_7e675d1e19b84ccda4393c593a8594ee.png", "aux": "aux_7e675d1e19b84ccda4393c593a8594ee.npz", "visibility": "visibility_7e675d1e19b84ccda4393c593a8594ee.png", "pose": [[-0.3563295006752014, 0.9343603849411011, 0.0, 400.8805847167969], [-0.9343603849411011, -0.3563295006752014, 0.0, 1158.435302734375], [0.0, 0.0, 1.0, 0.0], [0.0, 0.0, 0.0, 1.0]], "pose_inverse": [[-0.3563295006752014, -0.9343603849411011, 0.0, 1225.2415771484375], [0.9343603849411011, -0.3563295006752014, 0.0, 38.21773910522461], [0.0, 0.0, 1.0, 0.0], [0.0, 0.0, 0.0, 1.0]], "cam_ids": [0, 1, 2, 3, 4, 5], "cam_channels": ["CAM_FRONT_LEFT", "CAM_FRONT", "CAM_FRONT_RIGHT", "CAM_BACK_LEFT", "CAM_BACK", "CAM_BACK_RIGHT"], "token": "7e675d1e19b84ccda4393c593a8594ee", "scene": "scene-0981"}, {"images": ["samples/CAM_FRONT_LEFT/n015-2018-09-25-11-10-38+0800__CAM_FRONT_LEFT__1537845374604844.jpg", "samples/CAM_FRONT/n015-2018-09-25-11-10-38+0800__CAM_FRONT__1537845374612460.jpg", "samples/CAM_FRONT_RIGHT/n015-2018-09-25-11-10-38+0800__CAM_FRONT_RIGHT__1537845374620339.jpg", "samples/CAM_BACK_LEFT/n015-2018-09-25-11-10-38+0800__CAM_BACK_LEFT__1537845374647423.jpg", "samples/CAM_BACK/n015-2018-09-25-11-10-38+0800__CAM_BACK__1537845374637525.jpg", "samples/CAM_BACK_RIGHT/n015-2018-09-25-11-10-38+0800__CAM_BACK_RIGHT__1537845374627893.jpg"], "intrinsics": [[[1272.5979470598488, 0.0, 826.6154927353808], [0.0, 1272.5979470598488, 479.75165386361925], [0.0, 0.0, 1.0]], [[1266.417203046554, 0.0, 816.2670197447984], [0.0, 1266.417203046554, 491.50706579294757], [0.0, 0.0, 1.0]], [[1260.8474446004698, 0.0, 807.968244525554], [0.0, 1260.8474446004698, 495.3344268742088], [0.0, 0.0, 1.0]], [[1256.7414812095406, 0.0, 792.1125740759628], [0.0, 1256.7414812095406, 492.7757465151356], [0.0, 0.0, 1.0]], [[809.2209905677063, 0.0, 829.2196003259838], [0.0, 809.2209905677063, 481.77842384512485], [0.0, 0.0, 1.0]], [[1259.5137405846733, 0.0, 807.2529053838625], [0.0, 1259.5137405846733, 501.19579884916527], [0.0, 0.0, 1.0]]], "extrinsics": [[[0.8214797377586365, -0.5700834393501282, 0.013264515437185764, -0.8447265625], [-0.007266257423907518, -0.03372436761856079, -0.9994047284126282, 1.5071725845336914], [0.5701913833618164, 0.8208943605422974, -0.03184625878930092, -1.1962890625], [0.0, 0.0, 0.0, 1.0]], [[0.006851017475128174, -0.9992665648460388, 0.03767281398177147, 0.005580902099609375], [-0.012721149250864983, -0.037757743149995804, -0.9992059469223022, 1.5189943313598633], [0.9998956322669983, 0.006366292480379343, -0.012970496900379658, -1.5721435546875], [0.0, 0.0, 0.0, 1.0]], [[-0.8324243426322937, -0.553864598274231, 0.017430061474442482, 0.954833984375], [-0.007281729020178318, -0.02051844820380211, -0.9997629523277283, 1.5029621124267578], [0.5540909767150879, -0.8323538303375244, 0.013046962209045887, -1.1973876953125], [0.0, 0.0, 0.0, 1.0]], [[0.9476212859153748, 0.3190279006958008, -0.015332996845245361, -1.141845703125], [0.0009111423278227448, -0.050706177949905396, -0.9987131953239441, 1.5885497331619263], [-0.3193948268890381, 0.9463879466056824, -0.04834093526005745, -0.10369873046875], [0.0, 0.0, 0.0, 1.0]], [[0.0017335802549496293, 0.9991649389266968, -0.04082221910357475, 0.0029754638671875], [-0.024334771558642387, -0.040768034756183624, -0.9988722205162048, 1.5785331726074219], [-0.9997023344039917, 0.002725097117945552, 0.024243773892521858, -0.0318603515625], [0.0, 0.0, 0.0, 1.0]], [[-0.9351296424865723, 0.3539007902145386, -0.016935164108872414, 1.0738525390625], [0.008459312841296196, -0.0254831463098526, -0.9996394515037537, 1.552011489868164], [-0.3542047441005707, -0.9349358081817627, 0.02083628997206688, -0.087432861328125], [0.0, 0.0, 0.0, 1.0]]], "view": [[0.0, -2.0, 100.0], [-2.0, 0.0, 100.0], [0.0, 0.0, 1.0]], "bev": "bev_8a43d6b7a49b4f82a44bc2bfb6e179fc.png", "aux": "aux_8a43d6b7a49b4f82a44bc2bfb6e179fc.npz", "visibility": "visibility_8a43d6b7a49b4f82a44bc2bfb6e179fc.png", "pose": [[-0.3665218949317932, 0.9304094314575195, 0.0, 400.26043701171875], [-0.9304094314575195, -0.3665218949317932, 0.0, 1156.8421630859375], [0.0, 0.0, 1.0, 0.0], [0.0, 0.0, 0.0, 1.0]], "pose_inverse": [[-0.3665218949317932, -0.9304094314575195, 0.0, 1223.041015625], [0.9304094314575195, -0.3665218949317932, 0.0, 51.601898193359375], [0.0, 0.0, 1.0, 0.0], [0.0, 0.0, 0.0, 1.0]], "cam_ids": [0, 1, 2, 3, 4, 5], "cam_channels": ["CAM_FRONT_LEFT", "CAM_FRONT", "CAM_FRONT_RIGHT", "CAM_BACK_LEFT", "CAM_BACK", "CAM_BACK_RIGHT"], "token": "8a43d6b7a49b4f82a44bc2bfb6e179fc", "scene": "scene-0981"}, {"images": ["samples/CAM_FRONT_LEFT/n015-2018-09-25-11-10-38+0800__CAM_FRONT_LEFT__1537845375104844.jpg", "samples/CAM_FRONT/n015-2018-09-25-11-10-38+0800__CAM_FRONT__1537845375112460.jpg", "samples/CAM_FRONT_RIGHT/n015-2018-09-25-11-10-38+0800__CAM_FRONT_RIGHT__1537845375120339.jpg", "samples/CAM_BACK_LEFT/n015-2018-09-25-11-10-38+0800__CAM_BACK_LEFT__1537845375147423.jpg", "samples/CAM_BACK/n015-2018-09-25-11-10-38+0800__CAM_BACK__1537845375137525.jpg", "samples/CAM_BACK_RIGHT/n015-2018-09-25-11-10-38+0800__CAM_BACK_RIGHT__1537845375127893.jpg"], "intrinsics": [[[1272.5979470598488, 0.0, 826.6154927353808], [0.0, 1272.5979470598488, 479.75165386361925], [0.0, 0.0, 1.0]], [[1266.417203046554, 0.0, 816.2670197447984], [0.0, 1266.417203046554, 491.50706579294757], [0.0, 0.0, 1.0]], [[1260.8474446004698, 0.0, 807.968244525554], [0.0, 1260.8474446004698, 495.3344268742088], [0.0, 0.0, 1.0]], [[1256.7414812095406, 0.0, 792.1125740759628], [0.0, 1256.7414812095406, 492.7757465151356], [0.0, 0.0, 1.0]], [[809.2209905677063, 0.0, 829.2196003259838], [0.0, 809.2209905677063, 481.77842384512485], [0.0, 0.0, 1.0]], [[1259.5137405846733, 0.0, 807.2529053838625], [0.0, 1259.5137405846733, 501.19579884916527], [0.0, 0.0, 1.0]]], "extrinsics": [[[0.8214195370674133, -0.5702056288719177, 0.011640134267508984, -0.854736328125], [-0.008008881472051144, -0.03194018453359604, -0.9994576573371887, 1.5071516036987305], [0.5702682137489319, 0.8208808302879333, -0.030802998691797256, -1.20294189453125], [0.0, 0.0, 0.0, 1.0]], [[0.006777144502848387, -0.9993366599082947, 0.03578036278486252, 0.005298614501953125], [-0.013360276818275452, -0.035868480801582336, -0.9992672801017761, 1.519033432006836], [0.9998877644538879, 0.006294108461588621, -0.01359450165182352, -1.58154296875], [0.0, 0.0, 0.0, 1.0]], [[-0.832455039024353, -0.5538389682769775, 0.016764072701334953, 0.9605712890625], [-0.007812445051968098, -0.018520142883062363, -0.9997979402542114, 1.5029640197753906], [0.5540375709533691, -0.8324178457260132, 0.011090350337326527, -1.20135498046875], [0.0, 0.0, 0.0, 1.0]], [[0.9476225972175598, 0.31904536485671997, -0.014881008304655552, -1.1412353515625], [0.0006213854649104178, -0.048433177173137665, -0.9988262057304382, 1.588556170463562], [-0.3193916380405426, 0.9465011358261108, -0.0460946261882782, -0.10400390625], [0.0, 0.0, 0.0, 1.0]], [[0.0017680461751297116, 0.999252200126648, -0.038626912981271744, 0.003021240234375], [-0.024694504216313362, -0.038571566343307495, -0.9989506602287292, 1.5785636901855469], [-0.9996934533119202, 0.0027200723998248577, 0.024607839062809944, -0.0302734375], [0.0, 0.0, 0.0, 1.0]], [[-0.9351150393486023, 0.3539927005767822, -0.015776153653860092, 1.078125], [0.008013421669602394, -0.023384271189570427, -0.9996944665908813, 1.5519428253173828], [-0.35425347089767456, -0.9349557757377625, 0.019030293449759483, -0.0859375], [0.0, 0.0, 0.0, 1.0]]], "view": [[0.0, -2.0, 100.0], [-2.0, 0.0, 100.0], [0.0, 0.0, 1.0]], "bev": "bev_3ea38d2fcb3244ce93899fc085bd47ed.png", "aux": "aux_3ea38d2fcb3244ce93899fc085bd47ed.npz", "visibility": "visibility_3ea38d2fcb3244ce93899fc085bd47ed.png", "pose": [[-0.3766169846057892, 0.9263690710067749, 0.0, 399.6654968261719], [-0.9263690710067749, -0.3766169846057892, 0.0, 1155.354248046875], [0.0, 0.0, 1.0, 0.0], [0.0, 0.0, 0.0, 1.0]], "pose_inverse": [[-0.3766169846057892, -0.9263690710067749, 0.0, 1220.8052978515625], [0.9263690710067749, -0.3766169846057892, 0.0, 64.88829803466797], [0.0, 0.0, 1.0, 0.0], [0.0, 0.0, 0.0, 1.0]], "cam_ids": [0, 1, 2, 3, 4, 5], "cam_channels": ["CAM_FRONT_LEFT", "CAM_FRONT", "CAM_FRONT_RIGHT", "CAM_BACK_LEFT", "CAM_BACK", "CAM_BACK_RIGHT"], "token": "3ea38d2fcb3244ce93899fc085bd47ed", "scene": "scene-0981"}, {"images": ["samples/CAM_FRONT_LEFT/n015-2018-09-25-11-10-38+0800__CAM_FRONT_LEFT__1537845375604844.jpg", "samples/CAM_FRONT/n015-2018-09-25-11-10-38+0800__CAM_FRONT__1537845375612460.jpg", "samples/CAM_FRONT_RIGHT/n015-2018-09-25-11-10-38+0800__CAM_FRONT_RIGHT__1537845375620339.jpg", "samples/CAM_BACK_LEFT/n015-2018-09-25-11-10-38+0800__CAM_BACK_LEFT__1537845375647423.jpg", "samples/CAM_BACK/n015-2018-09-25-11-10-38+0800__CAM_BACK__1537845375637525.jpg", "samples/CAM_BACK_RIGHT/n015-2018-09-25-11-10-38+0800__CAM_BACK_RIGHT__1537845375627893.jpg"], "intrinsics": [[[1272.5979470598488, 0.0, 826.6154927353808], [0.0, 1272.5979470598488, 479.75165386361925], [0.0, 0.0, 1.0]], [[1266.417203046554, 0.0, 816.2670197447984], [0.0, 1266.417203046554, 491.50706579294757], [0.0, 0.0, 1.0]], [[1260.8474446004698, 0.0, 807.968244525554], [0.0, 1260.8474446004698, 495.3344268742088], [0.0, 0.0, 1.0]], [[1256.7414812095406, 0.0, 792.1125740759628], [0.0, 1256.7414812095406, 492.7757465151356], [0.0, 0.0, 1.0]], [[809.2209905677063, 0.0, 829.2196003259838], [0.0, 809.2209905677063, 481.77842384512485], [0.0, 0.0, 1.0]], [[1259.5137405846733, 0.0, 807.2529053838625], [0.0, 1259.5137405846733, 501.19579884916527], [0.0, 0.0, 1.0]]], "extrinsics": [[[0.8215557336807251, -0.5699731707572937, 0.01329285092651844, -0.860107421875], [-0.007747873663902283, -0.03447506204247475, -0.9993755221366882, 1.5072765350341797], [0.5700755715370178, 0.8209397196769714, -0.03273926302790642, -1.20806884765625], [0.0, 0.0, 0.0, 1.0]], [[0.00693398155272007, -0.9992345571517944, 0.03849753737449646, 0.0059967041015625], [-0.012990258634090424, -0.038585223257541656, -0.9991708993911743, 1.5191707611083984], [0.9998915195465088, 0.006428174674510956, -0.013247868046164513, -1.5869140625], [0.0, 0.0, 0.0, 1.0]], [[-0.8324108719825745, -0.5538671612739563, 0.017975376918911934, 0.9635009765625], [-0.00733262300491333, -0.021425733342766762, -0.9997435212135315, 1.5030393600463867], [0.5541102886199951, -0.8323293328285217, 0.013773716054856777, -1.20294189453125], [0.0, 0.0, 0.0, 1.0]], [[0.9476125240325928, 0.3190622925758362, -0.015157340094447136, -1.1416015625], [0.0014936187071725726, -0.05187790468335152, -0.9986523389816284, 1.5885542631149292], [-0.3194185793399811, 0.9463127851486206, -0.049636710435152054, -0.1038818359375], [0.0, 0.0, 0.0, 1.0]], [[0.0017150409985333681, 0.9991204142570496, -0.04189825803041458, 0.00286102294921875], [-0.02397327683866024, -0.04184519872069359, -0.9988364577293396, 1.5786285400390625], [-0.9997110962867737, 0.00271748099476099, 0.023880423977971077, -0.02880859375], [0.0, 0.0, 0.0, 1.0]], [[-0.9351369142532349, 0.3538583815097809, -0.017412353307008743, 1.0804443359375], [0.008600091561675072, -0.02646072953939438, -0.9996128678321838, 1.5519628524780273], [-0.35418206453323364, -0.9349246025085449, 0.02170119434595108, -0.084808349609375], [0.0, 0.0, 0.0, 1.0]]], "view": [[0.0, -2.0, 100.0], [-2.0, 0.0, 100.0], [0.0, 0.0, 1.0]], "bev": "bev_49fdf59ed98c43e2bf2eaa6c8a2120af.png", "aux": "aux_49fdf59ed98c43e2bf2eaa6c8a2120af.npz", "visibility": "visibility_49fdf59ed98c43e2bf2eaa6c8a2120af.png", "pose": [[-0.3872354030609131, 0.9219808578491211, 0.0, 399.0809631347656], [-0.9219808578491211, -0.3872354030609131, 0.0, 1153.9449462890625], [0.0, 0.0, 1.0, 0.0], [0.0, 0.0, 0.0, 1.0]], "pose_inverse": [[-0.3872354030609131, -0.9219808578491211, 0.0, 1218.4534912109375], [0.9219808578491211, -0.3872354030609131, 0.0, 78.9033203125], [0.0, 0.0, 1.0, 0.0], [0.0, 0.0, 0.0, 1.0]], "cam_ids": [0, 1, 2, 3, 4, 5], "cam_channels": ["CAM_FRONT_LEFT", "CAM_FRONT", "CAM_FRONT_RIGHT", "CAM_BACK_LEFT", "CAM_BACK", "CAM_BACK_RIGHT"], "token": "49fdf59ed98c43e2bf2eaa6c8a2120af", "scene": "scene-0981"}, {"images": ["samples/CAM_FRONT_LEFT/n015-2018-09-25-11-10-38+0800__CAM_FRONT_LEFT__1537845376104844.jpg", "samples/CAM_FRONT/n015-2018-09-25-11-10-38+0800__CAM_FRONT__1537845376112460.jpg", "samples/CAM_FRONT_RIGHT/n015-2018-09-25-11-10-38+0800__CAM_FRONT_RIGHT__1537845376120339.jpg", "samples/CAM_BACK_LEFT/n015-2018-09-25-11-10-38+0800__CAM_BACK_LEFT__1537845376147423.jpg", "samples/CAM_BACK/n015-2018-09-25-11-10-38+0800__CAM_BACK__1537845376137525.jpg", "samples/CAM_BACK_RIGHT/n015-2018-09-25-11-10-38+0800__CAM_BACK_RIGHT__1537845376127893.jpg"], "intrinsics": [[[1272.5979470598488, 0.0, 826.6154927353808], [0.0, 1272.5979470598488, 479.75165386361925], [0.0, 0.0, 1.0]], [[1266.417203046554, 0.0, 816.2670197447984], [0.0, 1266.417203046554, 491.50706579294757], [0.0, 0.0, 1.0]], [[1260.8474446004698, 0.0, 807.968244525554], [0.0, 1260.8474446004698, 495.3344268742088], [0.0, 0.0, 1.0]], [[1256.7414812095406, 0.0, 792.1125740759628], [0.0, 1256.7414812095406, 492.7757465151356], [0.0, 0.0, 1.0]], [[809.2209905677063, 0.0, 829.2196003259838], [0.0, 809.2209905677063, 481.77842384512485], [0.0, 0.0, 1.0]], [[1259.5137405846733, 0.0, 807.2529053838625], [0.0, 1259.5137405846733, 501.19579884916527], [0.0, 0.0, 1.0]]], "extrinsics": [[[0.8214837908744812, -0.570137619972229, 0.010367303155362606, -0.87384033203125], [-0.010244345292448997, -0.03293363004922867, -0.999405026435852, 1.507136344909668], [0.5701397657394409, 0.820888876914978, -0.032895129173994064, -1.21771240234375], [0.0, 0.0, 0.0, 1.0]], [[0.006920484825968742, -0.9992971420288086, 0.036841318011283875, 0.0061798095703125], [-0.015512512065470219, -0.03694505617022514, -0.9991969466209412, 1.5191364288330078], [0.9998557567596436, 0.006343420594930649, -0.015757285058498383, -1.60107421875], [0.0, 0.0, 0.0, 1.0]], [[-0.832384467124939, -0.553868293762207, 0.019131209701299667, 0.97314453125], [-0.00988095998764038, -0.01968303881585598, -0.9997574090957642, 1.5029449462890625], [0.5541104674339294, -0.8323715925216675, 0.010911106131970882, -1.20880126953125], [0.0, 0.0, 0.0, 1.0]], [[0.9475478529930115, 0.319169282913208, -0.016851775348186493, -1.139404296875], [-0.0009201124194078147, -0.050001177936792374, -0.9987487196922302, 1.5885562896728516], [-0.3196125030517578, 0.9463777542114258, -0.04708483815193176, -0.104705810546875], [0.0, 0.0, 0.0, 1.0]], [[0.0016508777625858784, 0.9991967082023621, -0.0400417260825634, 0.00263214111328125], [-0.02647496573626995, -0.0399840772151947, -0.9988495707511902, 1.5786209106445312], [-0.9996481537818909, 0.0027090555522590876, 0.026387691497802734, -0.0262451171875], [0.0, 0.0, 0.0, 1.0]], [[-0.9351639747619629, 0.35392284393310547, -0.014383180998265743, 1.087158203125], [0.006047558970749378, -0.024646872654557228, -0.9996779561042786, 1.551771640777588], [-0.35416340827941895, -0.9349498748779297, 0.020908502861857414, -0.081787109375], [0.0, 0.0, 0.0, 1.0]]], "view": [[0.0, -2.0, 100.0], [-2.0, 0.0, 100.0], [0.0, 0.0, 1.0]], "bev": "bev_8ae761878ba54c25a7bc4199ab97fc74.png", "aux": "aux_8ae761878ba54c25a7bc4199ab97fc74.npz", "visibility": "visibility_8ae761878ba54c25a7bc4199ab97fc74.png", "pose": [[-0.3942893147468567, 0.9189863801002502, 0.0, 398.53424072265625], [-0.9189863801002502, -0.3942893147468567, 0.0, 1152.6707763671875], [0.0, 0.0, 1.0, 0.0], [0.0, 0.0, 0.0, 1.0]], "pose_inverse": [[-0.3942893147468567, -0.9189863801002502, 0.0, 1216.426513671875], [0.9189863801002502, -0.3942893147468567, 0.0, 88.23824310302734], [0.0, 0.0, 1.0, 0.0], [0.0, 0.0, 0.0, 1.0]], "cam_ids": [0, 1, 2, 3, 4, 5], "cam_channels": ["CAM_FRONT_LEFT", "CAM_FRONT", "CAM_FRONT_RIGHT", "CAM_BACK_LEFT", "CAM_BACK", "CAM_BACK_RIGHT"], "token": "8ae761878ba54c25a7bc4199ab97fc74", "scene": "scene-0981"}, {"images": ["samples/CAM_FRONT_LEFT/n015-2018-09-25-11-10-38+0800__CAM_FRONT_LEFT__1537845376604844.jpg", "samples/CAM_FRONT/n015-2018-09-25-11-10-38+0800__CAM_FRONT__1537845376612460.jpg", "samples/CAM_FRONT_RIGHT/n015-2018-09-25-11-10-38+0800__CAM_FRONT_RIGHT__1537845376620339.jpg", "samples/CAM_BACK_LEFT/n015-2018-09-25-11-10-38+0800__CAM_BACK_LEFT__1537845376647423.jpg", "samples/CAM_BACK/n015-2018-09-25-11-10-38+0800__CAM_BACK__1537845376637525.jpg", "samples/CAM_BACK_RIGHT/n015-2018-09-25-11-10-38+0800__CAM_BACK_RIGHT__1537845376627893.jpg"], "intrinsics": [[[1272.5979470598488, 0.0, 826.6154927353808], [0.0, 1272.5979470598488, 479.75165386361925], [0.0, 0.0, 1.0]], [[1266.417203046554, 0.0, 816.2670197447984], [0.0, 1266.417203046554, 491.50706579294757], [0.0, 0.0, 1.0]], [[1260.8474446004698, 0.0, 807.968244525554], [0.0, 1260.8474446004698, 495.3344268742088], [0.0, 0.0, 1.0]], [[1256.7414812095406, 0.0, 792.1125740759628], [0.0, 1256.7414812095406, 492.7757465151356], [0.0, 0.0, 1.0]], [[809.2209905677063, 0.0, 829.2196003259838], [0.0, 809.2209905677063, 481.77842384512485], [0.0, 0.0, 1.0]], [[1259.5137405846733, 0.0, 807.2529053838625], [0.0, 1259.5137405846733, 501.19579884916527], [0.0, 0.0, 1.0]]], "extrinsics": [[[0.8212334513664246, -0.5703802704811096, 0.015557163394987583, -0.87493896484375], [-0.005686390679329634, -0.03544476255774498, -0.9993554353713989, 1.507645606994629], [0.5705640912055969, 0.8206156492233276, -0.03235182911157608, -1.21844482421875], [0.0, 0.0, 0.0, 1.0]], [[0.006494498811662197, -0.9991969466209412, 0.03953775018453598, 0.00616455078125], [-0.01092375349253416, -0.03960712254047394, -0.9991556406021118, 1.519566535949707], [0.9999192357063293, 0.00605710269883275, -0.011172208935022354, -1.6019287109375], [0.0, 0.0, 0.0, 1.0]], [[-0.8325578570365906, -0.5536820292472839, 0.01683872751891613, 0.9736328125], [-0.005253131035715342, -0.022505145519971848, -0.9997329115867615, 1.5032844543457031], [0.5539131164550781, -0.8324240446090698, 0.015828274190425873, -1.2091064453125], [0.0, 0.0, 0.0, 1.0]], [[0.9476245045661926, 0.31909826397895813, -0.01357188168913126, -1.140869140625], [0.0035857551265507936, -0.05312025919556618, -0.9985816478729248, 1.588561773300171], [-0.31936657428741455, 0.9462317824363708, -0.051482267677783966, -0.104156494140625], [0.0, 0.0, 0.0, 1.0]], [[0.0018474363023415208, 0.9990697503089905, -0.04308471828699112, 0.002685546875], [-0.021886494010686874, -0.04303407669067383, -0.9988338947296143, 1.5787811279296875], [-0.9997587203979492, 0.0027882687281817198, 0.021786630153656006, -0.02490234375], [0.0, 0.0, 0.0, 1.0]], [[-0.935051679611206, 0.35395994782447815, -0.019763866439461708, 1.087890625], [0.010682758875191212, -0.027591504156589508, -0.9995622038841248, 1.552006721496582], [-0.35435017943382263, -0.9348534941673279, 0.02201821655035019, -0.08160400390625], [0.0, 0.0, 0.0, 1.0]]], "view": [[0.0, -2.0, 100.0], [-2.0, 0.0, 100.0], [0.0, 0.0, 1.0]], "bev": "bev_fee3c7fe8b28463ea6510d6ca0d5de23.png", "aux": "aux_fee3c7fe8b28463ea6510d6ca0d5de23.npz", "visibility": "visibility_fee3c7fe8b28463ea6510d6ca0d5de23.png", "pose": [[-0.3977136015892029, 0.9175096154212952, 0.0, 398.0176696777344], [-0.9175096154212952, -0.3977136015892029, 0.0, 1151.4853515625], [0.0, 0.0, 1.0, 0.0], [0.0, 0.0, 0.0, 1.0]], "pose_inverse": [[-0.3977136015892029, -0.9175096154212952, 0.0, 1214.7958984375], [0.9175096154212952, -0.3977136015892029, 0.0, 92.77633666992188], [0.0, 0.0, 1.0, 0.0], [0.0, 0.0, 0.0, 1.0]], "cam_ids": [0, 1, 2, 3, 4, 5], "cam_channels": ["CAM_FRONT_LEFT", "CAM_FRONT", "CAM_FRONT_RIGHT", "CAM_BACK_LEFT", "CAM_BACK", "CAM_BACK_RIGHT"], "token": "fee3c7fe8b28463ea6510d6ca0d5de23", "scene": "scene-0981"}, {"images": ["samples/CAM_FRONT_LEFT/n015-2018-09-25-11-10-38+0800__CAM_FRONT_LEFT__1537845377104844.jpg", "samples/CAM_FRONT/n015-2018-09-25-11-10-38+0800__CAM_FRONT__1537845377112460.jpg", "samples/CAM_FRONT_RIGHT/n015-2018-09-25-11-10-38+0800__CAM_FRONT_RIGHT__1537845377120339.jpg", "samples/CAM_BACK_LEFT/n015-2018-09-25-11-10-38+0800__CAM_BACK_LEFT__1537845377147423.jpg", "samples/CAM_BACK/n015-2018-09-25-11-10-38+0800__CAM_BACK__1537845377137525.jpg", "samples/CAM_BACK_RIGHT/n015-2018-09-25-11-10-38+0800__CAM_BACK_RIGHT__1537845377127893.jpg"], "intrinsics": [[[1272.5979470598488, 0.0, 826.6154927353808], [0.0, 1272.5979470598488, 479.75165386361925], [0.0, 0.0, 1.0]], [[1266.417203046554, 0.0, 816.2670197447984], [0.0, 1266.417203046554, 491.50706579294757], [0.0, 0.0, 1.0]], [[1260.8474446004698, 0.0, 807.968244525554], [0.0, 1260.8474446004698, 495.3344268742088], [0.0, 0.0, 1.0]], [[1256.7414812095406, 0.0, 792.1125740759628], [0.0, 1256.7414812095406, 492.7757465151356], [0.0, 0.0, 1.0]], [[809.2209905677063, 0.0, 829.2196003259838], [0.0, 809.2209905677063, 481.77842384512485], [0.0, 0.0, 1.0]], [[1259.5137405846733, 0.0, 807.2529053838625], [0.0, 1259.5137405846733, 501.19579884916527], [0.0, 0.0, 1.0]]], "extrinsics": [[[0.8208672404289246, -0.5707324147224426, 0.021009905263781548, -0.89178466796875], [-0.0014293137937784195, -0.03884010761976242, -0.9992443919181824, 1.5081605911254883], [0.5711172223091125, 0.8202170133590698, -0.03269832953810692, -1.2305908203125], [0.0, 0.0, 0.0, 1.0]], [[0.0059044454246759415, -0.9990634918212891, 0.04286270961165428, 0.006317138671875], [-0.006635377649217844, -0.0429016575217247, -0.9990572929382324, 1.5200891494750977], [0.9999605417251587, 0.005614475347101688, -0.006882472895085812, -1.61962890625], [0.0, 0.0, 0.0, 1.0]], [[-0.8328030109405518, -0.5533663034439087, 0.014995591714978218, 0.98583984375], [-0.000921321043279022, -0.025703325867652893, -0.9996691346168518, 1.5036096572875977], [0.5535686612129211, -0.8325413465499878, 0.020895978435873985, -1.21697998046875], [0.0, 0.0, 0.0, 1.0]], [[0.9476572871208191, 0.3191196024417877, -0.010407296940684319, -1.1412353515625], [0.007945208810269833, -0.056154124438762665, -0.9983904957771301, 1.5885658264160156], [-0.3191903829574585, 0.9460493922233582, -0.05575034022331238, -0.10400390625], [0.0, 0.0, 0.0, 1.0]], [[0.0021090919617563486, 0.9989337