[{"images": ["samples/CAM_FRONT_LEFT/n015-2018-08-01-16-41-59+0800__CAM_FRONT_LEFT__1533113014504844.jpg", "samples/CAM_FRONT/n015-2018-08-01-16-41-59+0800__CAM_FRONT__1533113014512460.jpg", "samples/CAM_FRONT_RIGHT/n015-2018-08-01-16-41-59+0800__CAM_FRONT_RIGHT__1533113014520339.jpg", "samples/CAM_BACK_LEFT/n015-2018-08-01-16-41-59+0800__CAM_BACK_LEFT__1533113014547423.jpg", "samples/CAM_BACK/n015-2018-08-01-16-41-59+0800__CAM_BACK__1533113014537525.jpg", "samples/CAM_BACK_RIGHT/n015-2018-08-01-16-41-59+0800__CAM_BACK_RIGHT__1533113014527893.jpg"], "intrinsics": [[[1272.5979470598488, 0.0, 826.6154927353808], [0.0, 1272.5979470598488, 479.75165386361925], [0.0, 0.0, 1.0]], [[1266.417203046554, 0.0, 816.2670197447984], [0.0, 1266.417203046554, 491.50706579294757], [0.0, 0.0, 1.0]], [[1260.8474446004698, 0.0, 807.968244525554], [0.0, 1260.8474446004698, 495.3344268742088], [0.0, 0.0, 1.0]], [[1256.7414812095406, 0.0, 792.1125740759628], [0.0, 1256.7414812095406, 492.7757465151356], [0.0, 0.0, 1.0]], [[809.2209905677063, 0.0, 829.2196003259838], [0.0, 809.2209905677063, 481.77842384512485], [0.0, 0.0, 1.0]], [[1259.5137405846733, 0.0, 807.2529053838625], [0.0, 1259.5137405846733, 501.19579884916527], [0.0, 0.0, 1.0]]], "extrinsics": [[[0.820550262928009, -0.5713876485824585, 0.01461008470505476, -0.86224365234375], [0.0028198312502354383, -0.02151399850845337, -0.9997645616531372, 1.5085983276367188], [0.5715673565864563, 0.8203983306884766, -0.01604210026562214, -1.20855712890625], [0.0, 0.0, 0.0, 1.0]], [[0.005365906748920679, -0.9996554255485535, 0.02569366805255413, 0.005615234375], [-0.0023737987503409386, -0.02570669911801815, -0.9996667504310608, 1.5202865600585938], [0.9999827146530151, 0.0053031244315207005, -0.002510920399799943, -1.5892181396484375], [0.0, 0.0, 0.0, 1.0]], [[-0.8330342769622803, -0.553217887878418, 0.0019767077174037695, 0.96539306640625], [0.0033637629821896553, -0.008638103492558002, -0.9999570250511169, 1.5039138793945312], [0.5532110929489136, -0.8329918384552002, 0.009056729264557362, -1.20440673828125], [0.0, 0.0, 0.0, 1.0]], [[0.9477514624595642, 0.31900808215141296, -0.0009761687251739204, -1.13970947265625], [0.012270507402718067, -0.03951224312186241, -0.9991437196731567, 1.5885848999023438], [-0.31877344846725464, 0.9469280242919922, -0.041362181305885315, -0.1044921875], [0.0, 0.0, 0.0, 1.0]], [[0.002546330913901329, 0.9995664358139038, -0.02933526784181595, 0.0029296875], [-0.013213777914643288, -0.029299169778823853, -0.9994833469390869, 1.5789508819580078], [-0.9999094605445862, 0.00293265120126307, 0.013133442960679531, -0.0286407470703125], [0.0, 0.0, 0.0, 1.0]], [[-0.9346655011177063, 0.3547860383987427, -0.022960156202316284, 1.0818328857421875], [0.01932539790868759, -0.01378550287336111, -0.999718189239502, 1.5525741577148438], [-0.35500261187553406, -0.9348459243774414, 0.006028453819453716, -0.08441162109375], [0.0, 0.0, 0.0, 1.0]]], "view": [[0.0, -2.0, 100.0], [-2.0, 0.0, 100.0], [0.0, 0.0, 1.0]], "bev": "bev_e410f12e40cd4483b919061fbd6084df.png", "aux": "aux_e410f12e40cd4483b919061fbd6084df.npz", "visibility": "visibility_e410f12e40cd4483b919061fbd6084df.png", "pose": [[0.9981515407562256, 0.06077421084046364, 0.0, 265.2769470214844], [-0.06077421084046364, 0.9981515407562256, 0.0, 916.6309814453125], [0.0, 0.0, 1.0, 0.0], [0.0, 0.0, 0.0, 1.0]], "pose_inverse": [[0.9981515407562256, -0.06077421084046364, 0.0, -209.07907104492188], [0.06077421084046364, 0.9981515407562256, 0.0, -931.05859375], [0.0, 0.0, 1.0, 0.0], [0.0, 0.0, 0.0, 1.0]], "cam_ids": [0, 1, 2, 3, 4, 5], "cam_channels": ["CAM_FRONT_LEFT", "CAM_FRONT", "CAM_FRONT_RIGHT", "CAM_BACK_LEFT", "CAM_BACK", "CAM_BACK_RIGHT"], "token": "e410f12e40cd4483b919061fbd6084df", "scene": "scene-0134"}, {"images": ["samples/CAM_FRONT_LEFT/n015-2018-08-01-16-41-59+0800__CAM_FRONT_LEFT__1533113015004844.jpg", "samples/CAM_FRONT/n015-2018-08-01-16-41-59+0800__CAM_FRONT__1533113015012460.jpg", "samples/CAM_FRONT_RIGHT/n015-2018-08-01-16-41-59+0800__CAM_FRONT_RIGHT__1533113015020339.jpg", "samples/CAM_BACK_LEFT/n015-2018-08-01-16-41-59+0800__CAM_BACK_LEFT__1533113015047423.jpg", "samples/CAM_BACK/n015-2018-08-01-16-41-59+0800__CAM_BACK__1533113015037525.jpg", "samples/CAM_BACK_RIGHT/n015-2018-08-01-16-41-59+0800__CAM_BACK_RIGHT__1533113015027893.jpg"], "intrinsics": [[[1272.5979470598488, 0.0, 826.6154927353808], [0.0, 1272.5979470598488, 479.75165386361925], [0.0, 0.0, 1.0]], [[1266.417203046554, 0.0, 816.2670197447984], [0.0, 1266.417203046554, 491.50706579294757], [0.0, 0.0, 1.0]], [[1260.8474446004698, 0.0, 807.968244525554], [0.0, 1260.8474446004698, 495.3344268742088], [0.0, 0.0, 1.0]], [[1256.7414812095406, 0.0, 792.1125740759628], [0.0, 1256.7414812095406, 492.7757465151356], [0.0, 0.0, 1.0]], [[809.2209905677063, 0.0, 829.2196003259838], [0.0, 809.2209905677063, 481.77842384512485], [0.0, 0.0, 1.0]], [[1259.5137405846733, 0.0, 807.2529053838625], [0.0, 1259.5137405846733, 501.19579884916527], [0.0, 0.0, 1.0]]], "extrinsics": [[[0.8202811479568481, -0.5716813206672668, 0.01786954142153263, -0.854522705078125], [0.0029180548153817654, -0.027059299871325493, -0.999629557132721, 1.508646011352539], [0.5719530582427979, 0.8200294375419617, -0.02052803337574005, -1.203369140625], [0.0, 0.0, 0.0, 1.0]], [[0.005002038553357124, -0.999505877494812, 0.031030287966132164, 0.0057373046875], [-0.002363763749599457, -0.03104241192340851, -0.9995152950286865, 1.5202713012695312], [0.9999847412109375, 0.0049262698739767075, -0.0025178713258355856, -1.5819549560546875], [0.0, 0.0, 0.0, 1.0]], [[-0.833187997341156, -0.5529683232307434, 0.004871194716542959, 0.96124267578125], [0.003288599895313382, -0.01376340538263321, -0.9998998641967773, 1.5039262771606445], [0.5529800057411194, -0.8330885171890259, 0.01328599825501442, -1.201416015625], [0.0, 0.0, 0.0, 1.0]], [[0.9477633833885193, 0.3189650774002075, -0.002437628572806716, -1.1427001953125], [0.012131094001233578, -0.04368042200803757, -0.9989718794822693, 1.5885543823242188], [-0.31874358654022217, 0.9467594027519226, -0.04526809602975845, -0.1036376953125], [0.0, 0.0, 0.0, 1.0]], [[0.0026528327725827694, 0.9994208812713623, -0.033924758434295654, 0.0028076171875], [-0.013397633098065853, -0.03388631343841553, -0.9993358850479126, 1.578948974609375], [-0.9999067187309265, 0.003105579176917672, 0.013299978338181973, -0.028900146484375], [0.0, 0.0, 0.0, 1.0]], [[-0.934597373008728, 0.354857474565506, -0.024576285853981972, 1.0788650512695312], [0.01918582059442997, -0.018701735883951187, -0.9996410012245178, 1.5526275634765625], [-0.3551896810531616, -0.9347333908081055, 0.01067036297172308, -0.08544921875], [0.0, 0.0, 0.0, 1.0]]], "view": [[0.0, -2.0, 100.0], [-2.0, 0.0, 100.0], [0.0, 0.0, 1.0]], "bev": "bev_97eb27fbc3524300957d6fa328ec5674.png", "aux": "aux_97eb27fbc3524300957d6fa328ec5674.npz", "visibility": "visibility_97eb27fbc3524300957d6fa328ec5674.png", "pose": [[0.9985737800598145, 0.05338957905769348, 0.0, 266.7831115722656], [-0.05338957905769348, 0.9985737800598145, 0.0, 916.5426025390625], [0.0, 0.0, 1.0, 0.0], [0.0, 0.0, 0.0, 1.0]], "pose_inverse": [[0.9985737800598145, -0.05338957905769348, 0.0, -217.4687957763672], [0.05338957905769348, 0.9985737800598145, 0.0, -929.4788208007812], [0.0, 0.0, 1.0, 0.0], [0.0, 0.0, 0.0, 1.0]], "cam_ids": [0, 1, 2, 3, 4, 5], "cam_channels": ["CAM_FRONT_LEFT", "CAM_FRONT", "CAM_FRONT_RIGHT", "CAM_BACK_LEFT", "CAM_BACK", "CAM_BACK_RIGHT"], "token": "97eb27fbc3524300957d6fa328ec5674", "scene": "scene-0134"}, {"images": ["samples/CAM_FRONT_LEFT/n015-2018-08-01-16-41-59+0800__CAM_FRONT_LEFT__1533113015404844.jpg", "samples/CAM_FRONT/n015-2018-08-01-16-41-59+0800__CAM_FRONT__1533113015412460.jpg", "samples/CAM_FRONT_RIGHT/n015-2018-08-01-16-41-59+0800__CAM_FRONT_RIGHT__1533113015420339.jpg", "samples/CAM_BACK_LEFT/n015-2018-08-01-16-41-59+0800__CAM_BACK_LEFT__1533113015447423.jpg", "samples/CAM_BACK/n015-2018-08-01-16-41-59+0800__CAM_BACK__1533113015437525.jpg", "samples/CAM_BACK_RIGHT/n015-2018-08-01-16-41-59+0800__CAM_BACK_RIGHT__1533113015427893.jpg"], "intrinsics": [[[1272.5979470598488, 0.0, 826.6154927353808], [0.0, 1272.5979470598488, 479.75165386361925], [0.0, 0.0, 1.0]], [[1266.417203046554, 0.0, 816.2670197447984], [0.0, 1266.417203046554, 491.50706579294757], [0.0, 0.0, 1.0]], [[1260.8474446004698, 0.0, 807.968244525554], [0.0, 1260.8474446004698, 495.3344268742088], [0.0, 0.0, 1.0]], [[1256.7414812095406, 0.0, 792.1125740759628], [0.0, 1256.7414812095406, 492.7757465151356], [0.0, 0.0, 1.0]], [[809.2209905677063, 0.0, 829.2196003259838], [0.0, 809.2209905677063, 481.77842384512485], [0.0, 0.0, 1.0]], [[1259.5137405846733, 0.0, 807.2529053838625], [0.0, 1259.5137405846733, 501.19579884916527], [0.0, 0.0, 1.0]]], "extrinsics": [[[0.8202529549598694, -0.5717505812644958, 0.01692454144358635, -0.842437744140625], [0.0028400314040482044, -0.02551710419356823, -0.9996703267097473, 1.5086803436279297], [0.5719939470291138, 0.8200306296348572, -0.019306689500808716, -1.1951904296875], [0.0, 0.0, 0.0, 1.0]], [[0.004968432243913412, -0.9995485544204712, 0.02962944284081459, 0.0059814453125], [-0.002540172543376684, -0.02964232861995697, -0.999557375907898, 1.5202312469482422], [0.9999844431877136, 0.00489096948876977, -0.002686302410438657, -1.5701446533203125], [0.0, 0.0, 0.0, 1.0]], [[-0.8332041501998901, -0.5529479384422302, 0.004409103188663721, 0.953857421875], [0.003010951681062579, -0.012510173954069614, -0.999917209148407, 1.5039310455322266], [0.5529573559761047, -0.8331218361854553, 0.012088429182767868, -1.19635009765625], [0.0, 0.0, 0.0, 1.0]], [[0.9477759599685669, 0.31892287731170654, -0.0029793488793075085, -1.14373779296875], [0.011404230259358883, -0.043223701417446136, -0.9990003108978271, 1.588531494140625], [-0.3187327980995178, 0.9467945098876953, -0.04460345581173897, -0.10308837890625], [0.0, 0.0, 0.0, 1.0]], [[0.002664780244231224, 0.9994486570358276, -0.03309498354792595, 0.0028076171875], [-0.013918413780629635, -0.03305482491850853, -0.9993566274642944, 1.5788955688476562], [-0.9998995661735535, 0.003123684087768197, 0.01382265705615282, -0.0315704345703125], [0.0, 0.0, 0.0, 1.0]], [[-0.9345971345901489, 0.3549082279205322, -0.02383873052895069, 1.0729751586914062], [0.01881476491689682, -0.01760058104991913, -0.9996681213378906, 1.552724838256836], [-0.35521000623703003, -0.9347354173660278, 0.009771937504410744, -0.08746337890625], [0.0, 0.0, 0.0, 1.0]]], "view": [[0.0, -2.0, 100.0], [-2.0, 0.0, 100.0], [0.0, 0.0, 1.0]], "bev": "bev_96eb9b56ab234d44a5f67d0f1984c05e.png", "aux": "aux_96eb9b56ab234d44a5f67d0f1984c05e.npz", "visibility": "visibility_96eb9b56ab234d44a5f67d0f1984c05e.png", "pose": [[0.9988887906074524, 0.0471293143928051, 0.0, 268.1438903808594], [-0.0471293143928051, 0.9988887906074524, 0.0, 916.4716796875], [0.0, 0.0, 1.0, 0.0], [0.0, 0.0, 0.0, 1.0]], "pose_inverse": [[0.9988887906074524, -0.0471293143928051, 0.0, -224.6532440185547], [0.0471293143928051, 0.9988887906074524, 0.0, -928.0907592773438], [0.0, 0.0, 1.0, 0.0], [0.0, 0.0, 0.0, 1.0]], "cam_ids": [0, 1, 2, 3, 4, 5], "cam_channels": ["CAM_FRONT_LEFT", "CAM_FRONT", "CAM_FRONT_RIGHT", "CAM_BACK_LEFT", "CAM_BACK", "CAM_BACK_RIGHT"], "token": "96eb9b56ab234d44a5f67d0f1984c05e", "scene": "scene-0134"}, {"images": ["samples/CAM_FRONT_LEFT/n015-2018-08-01-16-41-59+0800__CAM_FRONT_LEFT__1533113015904844.jpg", "samples/CAM_FRONT/n015-2018-08-01-16-41-59+0800__CAM_FRONT__1533113015912460.jpg", "samples/CAM_FRONT_RIGHT/n015-2018-08-01-16-41-59+0800__CAM_FRONT_RIGHT__1533113015920339.jpg", "samples/CAM_BACK_LEFT/n015-2018-08-01-16-41-59+0800__CAM_BACK_LEFT__1533113015947423.jpg", "samples/CAM_BACK/n015-2018-08-01-16-41-59+0800__CAM_BACK__1533113015937525.jpg", "samples/CAM_BACK_RIGHT/n015-2018-08-01-16-41-59+0800__CAM_BACK_RIGHT__1533113015927893.jpg"], "intrinsics": [[[1272.5979470598488, 0.0, 826.6154927353808], [0.0, 1272.5979470598488, 479.75165386361925], [0.0, 0.0, 1.0]], [[1266.417203046554, 0.0, 816.2670197447984], [0.0, 1266.417203046554, 491.50706579294757], [0.0, 0.0, 1.0]], [[1260.8474446004698, 0.0, 807.968244525554], [0.0, 1260.8474446004698, 495.3344268742088], [0.0, 0.0, 1.0]], [[1256.7414812095406, 0.0, 792.1125740759628], [0.0, 1256.7414812095406, 492.7757465151356], [0.0, 0.0, 1.0]], [[809.2209905677063, 0.0, 829.2196003259838], [0.0, 809.2209905677063, 481.77842384512485], [0.0, 0.0, 1.0]], [[1259.5137405846733, 0.0, 807.2529053838625], [0.0, 1259.5137405846733, 501.19579884916527], [0.0, 0.0, 1.0]]], "extrinsics": [[[0.8206797242164612, -0.5712004899978638, 0.014651039615273476, -0.841094970703125], [7.335992268053815e-05, -0.025535790249705315, -0.9996739029884338, 1.5082893371582031], [0.5713883638381958, 0.8204131722450256, -0.020914802327752113, -1.19549560546875], [0.0, 0.0, 0.0, 1.0]], [[0.005636892281472683, -0.999550998210907, 0.029425762593746185, 0.00677490234375], [-0.005189237650483847, -0.029455073177814484, -0.9995526671409607, 1.5199241638183594], [0.9999706149101257, 0.0054816752672195435, -0.005352942738682032, -1.5695343017578125], [0.0, 0.0, 0.0, 1.0]], [[-0.832909882068634, -0.5533725619316101, 0.0063059404492378235, 0.953857421875], [0.00047070012078620493, -0.012103107757866383, -0.9999266266822815, 1.503697395324707], [0.5534082651138306, -0.8328458070755005, 0.010341273620724678, -1.19561767578125], [0.0, 0.0, 0.0, 1.0]], [[0.9476800560951233, 0.3191857933998108, -0.004783344455063343, -1.14556884765625], [0.0091245723888278, -0.04206354543566704, -0.9990732669830322, 1.588531494140625], [-0.31909120082855225, 0.9467582106590271, -0.042775221168994904, -0.10272216796875], [0.0, 0.0, 0.0, 1.0]], [[0.002247605239972472, 0.9994786977767944, -0.032206349074840546, 0.00250244140625], [-0.016285300254821777, -0.03216557577252388, -0.9993498921394348, 1.578826904296875], [-0.9998647570610046, 0.002770640654489398, 0.01620451547205448, -0.0311126708984375], [0.0, 0.0, 0.0, 1.0]], [[-0.9348042011260986, 0.35452374815940857, -0.02130597084760666, 1.0726470947265625], [0.016348714008927345, -0.01697264425456524, -0.9997223019599915, 1.5525684356689453], [-0.3547869622707367, -0.9348928928375244, 0.010070092976093292, -0.08709716796875], [0.0, 0.0, 0.0, 1.0]]], "view": [[0.0, -2.0, 100.0], [-2.0, 0.0, 100.0], [0.0, 0.0, 1.0]], "bev": "bev_e9c5ef1d123b464ca814db0ba67f0342.png", "aux": "aux_e9c5ef1d123b464ca814db0ba67f0342.npz", "visibility": "visibility_e9c5ef1d123b464ca814db0ba67f0342.png", "pose": [[0.9991334676742554, 0.041620392352342606, 0.0, 269.93194580078125], [-0.041620392352342606, 0.9991334676742554, 0.0, 916.38525390625], [0.0, 0.0, 1.0, 0.0], [0.0, 0.0, 0.0, 1.0]], "pose_inverse": [[0.9991334676742554, -0.041620392352342606, 0.0, -231.5577392578125], [0.041620392352342606, 0.9991334676742554, 0.0, -926.8258666992188], [0.0, 0.0, 1.0, 0.0], [0.0, 0.0, 0.0, 1.0]], "cam_ids": [0, 1, 2, 3, 4, 5], "cam_channels": ["CAM_FRONT_LEFT", "CAM_FRONT", "CAM_FRONT_RIGHT", "CAM_BACK_LEFT", "CAM_BACK", "CAM_BACK_RIGHT"], "token": "e9c5ef1d123b464ca814db0ba67f0342", "scene": "scene-0134"}, {"images": ["samples/CAM_FRONT_LEFT/n015-2018-08-01-16-41-59+0800__CAM_FRONT_LEFT__1533113016404844.jpg", "samples/CAM_FRONT/n015-2018-08-01-16-41-59+0800__CAM_FRONT__1533113016412460.jpg", "samples/CAM_FRONT_RIGHT/n015-2018-08-01-16-41-59+0800__CAM_FRONT_RIGHT__1533113016420339.jpg", "samples/CAM_BACK_LEFT/n015-2018-08-01-16-41-59+0800__CAM_BACK_LEFT__1533113016447423.jpg", "samples/CAM_BACK/n015-2018-08-01-16-41-59+0800__CAM_BACK__1533113016437525.jpg", "samples/CAM_BACK_RIGHT/n015-2018-08-01-16-41-59+0800__CAM_BACK_RIGHT__1533113016427893.jpg"], "intrinsics": [[[1272.5979470598488, 0.0, 826.6154927353808], [0.0, 1272.5979470598488, 479.75165386361925], [0.0, 0.0, 1.0]], [[1266.417203046554, 0.0, 816.2670197447984], [0.0, 1266.417203046554, 491.50706579294757], [0.0, 0.0, 1.0]], [[1260.8474446004698, 0.0, 807.968244525554], [0.0, 1260.8474446004698, 495.3344268742088], [0.0, 0.0, 1.0]], [[1256.7414812095406, 0.0, 792.1125740759628], [0.0, 1256.7414812095406, 492.7757465151356], [0.0, 0.0, 1.0]], [[809.2209905677063, 0.0, 829.2196003259838], [0.0, 809.2209905677063, 481.77842384512485], [0.0, 0.0, 1.0]], [[1259.5137405846733, 0.0, 807.2529053838625], [0.0, 1259.5137405846733, 501.19579884916527], [0.0, 0.0, 1.0]]], "extrinsics": [[[0.820560872554779, -0.57142573595047, 0.01235109381377697, -0.84844970703125], [-0.0018690733704715967, -0.024292072281241417, -0.9997031092643738, 1.5079898834228516], [0.5715560913085938, 0.8202941417694092, -0.021001160144805908, -1.19952392578125], [0.0, 0.0, 0.0, 1.0]], [[0.005406509153544903, -0.9995917677879333, 0.028055157512426376, 0.00592041015625], [-0.0072158509865403175, -0.028093839064240456, -0.9995793104171753, 1.5196990966796875], [0.9999593496322632, 0.00520179932937026, -0.007364794611930847, -1.5760498046875], [0.0, 0.0, 0.0, 1.0]], [[-0.8330644965171814, -0.5531284213066101, 0.007240045350044966, 0.95745849609375], [-0.0016371459932997823, -0.010622808709740639, -0.9999422430992126, 1.5035009384155273], [0.5531733632087708, -0.833028256893158, 0.007943934760987759, -1.19879150390625], [0.0, 0.0, 0.0, 1.0]], [[0.9477849006652832, 0.3188494145870209, -0.006231198087334633, -1.1429443359375], [0.006787486840039492, -0.03970281407237053, -0.9991884231567383, 1.5885467529296875], [-0.31883805990219116, 0.946973443031311, -0.039793916046619415, -0.10333251953125], [0.0, 0.0, 0.0, 1.0]], [[0.0025148973800241947, 0.9995385408401489, -0.03027358092367649, 0.00286865234375], [-0.01852632686495781, -0.030221911147236824, -0.9993715286254883, 1.5787544250488281], [-0.9998252391815186, 0.003074173117056489, 0.01844177208840847, -0.0306549072265625], [0.0, 0.0, 0.0, 1.0]], [[-0.9347350001335144, 0.35485216975212097, -0.018720868974924088, 1.0756301879882812], [0.014195865951478481, -0.01535119954496622, -0.9997813701629639, 1.552372932434082], [-0.35506194829940796, -0.9347963929176331, 0.00931187067180872, -0.08642578125], [0.0, 0.0, 0.0, 1.0]]], "view": [[0.0, -2.0, 100.0], [-2.0, 0.0, 100.0], [0.0, 0.0, 1.0]], "bev": "bev_ce6f60c000c248e498c57613bdcf0ea4.png", "aux": "aux_ce6f60c000c248e498c57613bdcf0ea4.npz", "visibility": "visibility_ce6f60c000c248e498c57613bdcf0ea4.png", "pose": [[0.9992519617080688, 0.0386725552380085, 0.0, 271.6939392089844], [-0.0386725552380085, 0.9992519617080688, 0.0, 916.3074951171875], [0.0, 0.0, 1.0, 0.0], [0.0, 0.0, 0.0, 1.0]], "pose_inverse": [[0.9992519617080688, -0.0386725552380085, 0.0, -236.05474853515625], [0.0386725552380085, 0.9992519617080688, 0.0, -926.129150390625], [0.0, 0.0, 1.0, 0.0], [0.0, 0.0, 0.0, 1.0]], "cam_ids": [0, 1, 2, 3, 4, 5], "cam_channels": ["CAM_FRONT_LEFT", "CAM_FRONT", "CAM_FRONT_RIGHT", "CAM_BACK_LEFT", "CAM_BACK", "CAM_BACK_RIGHT"], "token": "ce6f60c000c248e498c57613bdcf0ea4", "scene": "scene-0134"}, {"images": ["samples/CAM_FRONT_LEFT/n015-2018-08-01-16-41-59+0800__CAM_FRONT_LEFT__1533113016904844.jpg", "samples/CAM_FRONT/n015-2018-08-01-16-41-59+0800__CAM_FRONT__1533113016912460.jpg", "samples/CAM_FRONT_RIGHT/n015-2018-08-01-16-41-59+0800__CAM_FRONT_RIGHT__1533113016920339.jpg", "samples/CAM_BACK_LEFT/n015-2018-08-01-16-41-59+0800__CAM_BACK_LEFT__1533113016947423.jpg", "samples/CAM_BACK/n015-2018-08-01-16-41-59+0800__CAM_BACK__1533113016937525.jpg", "samples/CAM_BACK_RIGHT/n015-2018-08-01-16-41-59+0800__CAM_BACK_RIGHT__1533113016927893.jpg"], "intrinsics": [[[1272.5979470598488, 0.0, 826.6154927353808], [0.0, 1272.5979470598488, 479.75165386361925], [0.0, 0.0, 1.0]], [[1266.417203046554, 0.0, 816.2670197447984], [0.0, 1266.417203046554, 491.50706579294757], [0.0, 0.0, 1.0]], [[1260.8474446004698, 0.0, 807.968244525554], [0.0, 1260.8474446004698, 495.3344268742088], [0.0, 0.0, 1.0]], [[1256.7414812095406, 0.0, 792.1125740759628], [0.0, 1256.7414812095406, 492.7757465151356], [0.0, 0.0, 1.0]], [[809.2209905677063, 0.0, 829.2196003259838], [0.0, 809.2209905677063, 481.77842384512485], [0.0, 0.0, 1.0]], [[1259.5137405846733, 0.0, 807.2529053838625], [0.0, 1259.5137405846733, 501.19579884916527], [0.0, 0.0, 1.0]]], "extrinsics": [[[0.8204967379570007, -0.5715962648391724, 0.007925826124846935, -0.857208251953125], [-0.0022590593434870243, -0.01710682176053524, -0.9998511075973511, 1.5079460144042969], [0.5716467499732971, 0.8203566074371338, -0.015327361412346363, -1.204833984375], [0.0, 0.0, 0.0, 1.0]], [[0.005322668235749006, -0.9997630715370178, 0.021101877093315125, 0.0054931640625], [-0.007530033588409424, -0.021141652017831802, -0.999748170375824, 1.51971435546875], [0.9999574422836304, 0.005162426270544529, -0.0076407804153859615, -1.5845947265625], [0.0, 0.0, 0.0, 1.0]], [[-0.8331007361412048, -0.5531086921691895, 0.003721693530678749, 0.962890625], [-0.0018714269390329719, -0.003909847233444452, -0.9999905824661255, 1.5034875869750977], [0.5531179904937744, -0.8330998420715332, 0.00222219480201602, -1.20281982421875], [0.0, 0.0, 0.0, 1.0]], [[0.9477974772453308, 0.31884273886680603, -0.004376125056296587, -1.14306640625], [0.006896462757140398, -0.03421720489859581, -0.9993906021118164, 1.5885448455810547], [-0.3187981843948364, 0.9471897482872009, -0.03462987020611763, -0.103271484375], [0.0, 0.0, 0.0, 1.0]], [[0.002549032447859645, 0.9997023940086365, -0.024262281134724617, 0.00299072265625], [-0.018550070002675056, -0.024210913106799126, -0.9995347857475281, 1.5788002014160156], [-0.9998247027397156, 0.0029979164246469736, 0.018482832238078117, -0.02801513671875], [0.0, 0.0, 0.0, 1.0]], [[-0.9347211718559265, 0.3550083041191101, -0.016289999708533287, 1.0803375244140625], [0.014041597954928875, -0.008908997289836407, -0.9998617172241211, 1.5522894859313965], [-0.35510435700416565, -0.9348207116127014, 0.003342545358464122, -0.0850830078125], [0.0, 0.0, 0.0, 1.0]]], "view": [[0.0, -2.0, 100.0], [-2.0, 0.0, 100.0], [0.0, 0.0, 1.0]], "bev": "bev_425c20737b4444199307f7627e1dff33.png", "aux": "aux_425c20737b4444199307f7627e1dff33.npz", "visibility": "visibility_425c20737b4444199307f7627e1dff33.png", "pose": [[0.9993177056312561, 0.036933355033397675, 0.0, 273.3740539550781], [-0.036933355033397675, 0.9993177056312561, 0.0, 916.2452392578125], [0.0, 0.0, 1.0, 0.0], [0.0, 0.0, 0.0, 1.0]], "pose_inverse": [[0.9993177056312561, -0.036933355033397675, 0.0, -239.3475341796875], [0.036933355033397675, 0.9993177056312561, 0.0, -925.7167358398438], [0.0, 0.0, 1.0, 0.0], [0.0, 0.0, 0.0, 1.0]], "cam_ids": [0, 1, 2, 3, 4, 5], "cam_channels": ["CAM_FRONT_LEFT", "CAM_FRONT", "CAM_FRONT_RIGHT", "CAM_BACK_LEFT", "CAM_BACK", "CAM_BACK_RIGHT"], "token": "425c20737b4444199307f7627e1dff33", "scene": "scene-0134"}, {"images": ["samples/CAM_FRONT_LEFT/n015-2018-08-01-16-41-59+0800__CAM_FRONT_LEFT__1533113017354844.jpg", "samples/CAM_FRONT/n015-2018-08-01-16-41-59+0800__CAM_FRONT__1533113017362460.jpg", "samples/CAM_FRONT_RIGHT/n015-2018-08-01-16-41-59+0800__CAM_FRONT_RIGHT__1533113017370339.jpg", "samples/CAM_BACK_LEFT/n015-2018-08-01-16-41-59+0800__CAM_BACK_LEFT__1533113017397423.jpg", "samples/CAM_BACK/n015-2018-08-01-16-41-59+0800__CAM_BACK__1533113017387525.jpg", "samples/CAM_BACK_RIGHT/n015-2018-08-01-16-41-59+0800__CAM_BACK_RIGHT__1533113017377893.jpg"], "intrinsics": [[[1272.5979470598488, 0.0, 826.6154927353808], [0.0, 1272.5979470598488, 479.75165386361925], [0.0, 0.0, 1.0]], [[1266.417203046554, 0.0, 816.2670197447984], [0.0, 1266.417203046554, 491.50706579294757], [0.0, 0.0, 1.0]], [[1260.8474446004698, 0.0, 807.968244525554], [0.0, 1260.8474446004698, 495.3344268742088], [0.0, 0.0, 1.0]], [[1256.7414812095406, 0.0, 792.1125740759628], [0.0, 1256.7414812095406, 492.7757465151356], [0.0, 0.0, 1.0]], [[809.2209905677063, 0.0, 829.2196003259838], [0.0, 809.2209905677063, 481.77842384512485], [0.0, 0.0, 1.0]], [[1259.5137405846733, 0.0, 807.2529053838625], [0.0, 1259.5137405846733, 501.19579884916527], [0.0, 0.0, 1.0]]], "extrinsics": [[[0.8209436535835266, -0.5709772706031799, 0.006034670397639275, -0.86566162109375], [-0.000836821913253516, -0.011771456338465214, -0.9999303817749023, 1.508143424987793], [0.571008563041687, 0.8208814263343811, -0.010141508653759956, -1.2108154296875], [0.0, 0.0, 0.0, 1.0]], [[0.005979841109365225, -0.9998559355735779, 0.01588735170662403, 0.0054931640625], [-0.006268930155783892, -0.015924807637929916, -0.9998535513877869, 1.5199108123779297], [0.9999625086784363, 0.005879363045096397, -0.00636325404047966, -1.5933074951171875], [0.0, 0.0, 0.0, 1.0]], [[-0.8327916860580444, -0.5535866618156433, -3.7869997413508827e-06, 0.9688720703125], [-0.000789567653555423, 0.0011946335434913635, -0.9999989867210388, 1.5035845041275024], [0.5535860061645508, -0.8327907919883728, -0.0014319740002974868, -1.2066650390625], [0.0, 0.0, 0.0, 1.0]], [[0.947765052318573, 0.3189601004123688, -0.002406036714091897, -1.142578125], [0.007310592569410801, -0.02926279976963997, -0.9995449781417847, 1.588552474975586], [-0.31888535618782043, 0.9473163485527039, -0.030066046863794327, -0.103515625], [0.0, 0.0, 0.0, 1.0]], [[0.002317539881914854, 0.9998114109039307, -0.019284114241600037, 0.00286865234375], [-0.017880365252494812, -0.019239652901887894, -0.99965500831604, 1.578866958618164], [-0.9998375177383423, 0.002661546226590872, 0.017832402139902115, -0.025604248046875], [0.0, 0.0, 0.0, 1.0]], [[-0.9348570704460144, 0.35469257831573486, -0.015346502885222435, 1.0852203369140625], [0.014950226992368698, -0.0038578459061682224, -0.9998807907104492, 1.5522657632827759], [-0.3547095060348511, -0.9349750280380249, -0.0016962009249255061, -0.0830078125], [0.0, 0.0, 0.0, 1.0]]], "view": [[0.0, -2.0, 100.0], [-2.0, 0.0, 100.0], [0.0, 0.0, 1.0]], "bev": "bev_2a7a89bc26ce4fbcae464cc95a99898e.png", "aux": "aux_2a7a89bc26ce4fbcae464cc95a99898e.npz", "visibility": "visibility_2a7a89bc26ce4fbcae464cc95a99898e.png", "pose": [[0.999271035194397, 0.038176506757736206, 0.0, 274.7295837402344], [-0.038176506757736206, 0.999271035194397, 0.0, 916.1926879882812], [0.0, 0.0, 1.0, 0.0], [0.0, 0.0, 0.0, 1.0]], "pose_inverse": [[0.999271035194397, -0.038176506757736206, 0.0, -239.55227661132812], [0.038176506757736206, 0.999271035194397, 0.0, -926.0130004882812], [0.0, 0.0, 1.0, 0.0], [0.0, 0.0, 0.0, 1.0]], "cam_ids": [0, 1, 2, 3, 4, 5], "cam_channels": ["CAM_FRONT_LEFT", "CAM_FRONT", "CAM_FRONT_RIGHT", "CAM_BACK_LEFT", "CAM_BACK", "CAM_BACK_RIGHT"], "token": "2a7a89bc26ce4fbcae464cc95a99898e", "scene": "scene-0134"}, {"images": ["samples/CAM_FRONT_LEFT/n015-2018-08-01-16-41-59+0800__CAM_FRONT_LEFT__1533113017854844.jpg", "samples/CAM_FRONT/n015-2018-08-01-16-41-59+0800__CAM_FRONT__1533113017862460.jpg", "samples/CAM_FRONT_RIGHT/n015-2018-08-01-16-41-59+0800__CAM_FRONT_RIGHT__1533113017870339.jpg", "samples/CAM_BACK_LEFT/n015-2018-08-01-16-41-59+0800__CAM_BACK_LEFT__1533113017897423.jpg", "samples/CAM_BACK/n015-2018-08-01-16-41-59+0800__CAM_BACK__1533113017887525.jpg", "samples/CAM_BACK_RIGHT/n015-2018-08-01-16-41-59+0800__CAM_BACK_RIGHT__1533113017877893.jpg"], "intrinsics": [[[1272.5979470598488, 0.0, 826.6154927353808], [0.0, 1272.5979470598488, 479.75165386361925], [0.0, 0.0, 1.0]], [[1266.417203046554, 0.0, 816.2670197447984], [0.0, 1266.417203046554, 491.50706579294757], [0.0, 0.0, 1.0]], [[1260.8474446004698, 0.0, 807.968244525554], [0.0, 1260.8474446004698, 495.3344268742088], [0.0, 0.0, 1.0]], [[1256.7414812095406, 0.0, 792.1125740759628], [0.0, 1256.7414812095406, 492.7757465151356], [0.0, 0.0, 1.0]], [[809.2209905677063, 0.0, 829.2196003259838], [0.0, 809.2209905677063, 481.77842384512485], [0.0, 0.0, 1.0]], [[1259.5137405846733, 0.0, 807.2529053838625], [0.0, 1259.5137405846733, 501.19579884916527], [0.0, 0.0, 1.0]]], "extrinsics": [[[0.8208121061325073, -0.5711982250213623, 0.00018023597658611834, -0.881988525390625], [-0.005620830692350864, -0.00839266087859869, -0.9999489784240723, 1.5076866149902344], [0.5711705684661865, 0.8207692503929138, -0.010099406354129314, -1.22314453125], [0.0, 0.0, 0.0, 1.0]], [[0.005796193610876799, -0.9999066591262817, 0.012368716299533844, 0.00604248046875], [-0.010901851579546928, -0.012431374751031399, -0.99986332654953, 1.5196466445922852], [0.9999237656593323, 0.005660558585077524, -0.010972889140248299, -1.6105194091796875], [0.0, 0.0, 0.0, 1.0]], [[-0.8329214453697205, -0.5533885359764099, 0.001724890200421214, 0.980712890625], [-0.005269424989819527, 0.004814285784959793, -0.9999744892120361, 1.503314733505249], [0.5533661246299744, -0.832909345626831, -0.006925961934030056, -1.214111328125], [0.0, 0.0, 0.0, 1.0]], [[0.9477681517601013, 0.3189215362071991, -0.004949667025357485, -1.1441650390625], [0.00337197445333004, -0.025535672903060913, -0.9996682405471802, 1.5885486602783203], [-0.3189420998096466, 0.947437047958374, -0.02527729421854019, -0.10308837890625], [0.0, 0.0, 0.0, 1.0]], [[0.0023748022504150867, 0.9998759627342224, -0.015570314601063728, 0.00274658203125], [-0.022028464823961258, -0.015514272265136242, -0.9996370077133179, 1.5788917541503906], [-0.9997544884681702, 0.0027169298846274614, 0.0219888873398304, -0.019378662109375], [0.0, 0.0, 0.0, 1.0]], [[-0.9348391890525818, 0.354931116104126, -0.009984767064452171, 1.0950927734375], [0.010609710589051247, -0.00018548313528299332, -0.999943733215332, 1.551915168762207], [-0.35491299629211426, -0.9348924160003662, -0.003592320252209902, -0.07891845703125], [0.0, 0.0, 0.0, 1.0]]], "view": [[0.0, -2.0, 100.0], [-2.0, 0.0, 100.0], [0.0, 0.0, 1.0]], "bev": "bev_4be9f6c465204b1eabda9fa95aa392e8.png", "aux": "aux_4be9f6c465204b1eabda9fa95aa392e8.npz", "visibility": "visibility_4be9f6c465204b1eabda9fa95aa392e8.png", "pose": [[0.9991612434387207, 0.04094893857836723, 0.0, 276.07232666015625], [-0.04094893857836723, 0.9991612434387207, 0.0, 916.1353149414062], [0.0, 0.0, 1.0, 0.0], [0.0, 0.0, 0.0, 1.0]], "pose_inverse": [[0.9991612434387207, -0.04094893857836723, 0.0, -238.3260040283203], [0.04094893857836723, 0.9991612434387207, 0.0, -926.6717529296875], [0.0, 0.0, 1.0, 0.0], [0.0, 0.0, 0.0, 1.0]], "cam_ids": [0, 1, 2, 3, 4, 5], "cam_channels": ["CAM_FRONT_LEFT", "CAM_FRONT", "CAM_FRONT_RIGHT", "CAM_BACK_LEFT", "CAM_BACK", "CAM_BACK_RIGHT"], "token": "4be9f6c465204b1eabda9fa95aa392e8", "scene": "scene-0134"}, {"images": ["samples/CAM_FRONT_LEFT/n015-2018-08-01-16-41-59+0800__CAM_FRONT_LEFT__1533113018354844.jpg", "samples/CAM_FRONT/n015-2018-08-01-16-41-59+0800__CAM_FRONT__1533113018362460.jpg", "samples/CAM_FRONT_RIGHT/n015-2018-08-01-16-41-59+0800__CAM_FRONT_RIGHT__1533113018370339.jpg", "samples/CAM_BACK_LEFT/n015-2018-08-01-16-41-59+0800__CAM_BACK_LEFT__1533113018397423.jpg", "samples/CAM_BACK/n015-2018-08-01-16-41-59+0800__CAM_BACK__1533113018387525.jpg", "samples/CAM_BACK_RIGHT/n015-2018-08-01-16-41-59+0800__CAM_BACK_RIGHT__1533113018377893.jpg"], "intrinsics": [[[1272.5979470598488, 0.0, 826.6154927353808], [0.0, 1272.5979470598488, 479.75165386361925], [0.0, 0.0, 1.0]], [[1266.417203046554, 0.0, 816.2670197447984], [0.0, 1266.417203046554, 491.50706579294757], [0.0, 0.0, 1.0]], [[1260.8474446004698, 0.0, 807.968244525554], [0.0, 1260.8474446004698, 495.3344268742088], [0.0, 0.0, 1.0]], [[1256.7414812095406, 0.0, 792.1125740759628], [0.0, 1256.7414812095406, 492.7757465151356], [0.0, 0.0, 1.0]], [[809.2209905677063, 0.0, 829.2196003259838], [0.0, 809.2209905677063, 481.77842384512485], [0.0, 0.0, 1.0]], [[1259.5137405846733, 0.0, 807.2529053838625], [0.0, 1259.5137405846733, 501.19579884916527], [0.0, 0.0, 1.0]]], "extrinsics": [[[0.8208069801330566, -0.5712008476257324, -0.0023634096141904593, -0.893341064453125], [-0.008147947490215302, -0.007571116555482149, -0.9999381303787231, 1.5075397491455078], [0.5711475610733032, 0.8207754492759705, -0.010868538171052933, -1.2305908203125], [0.0, 0.0, 0.0, 1.0]], [[0.0058503723703324795, -0.9999161958694458, 0.011548420414328575, 0.0057373046875], [-0.013461973518133163, -0.011626326479017735, -0.9998418092727661, 1.5195751190185547], [0.9998922348022461, 0.005693981423974037, -0.013528862968087196, -1.6209259033203125], [0.0, 0.0, 0.0, 1.0]], [[-0.8328858613967896, -0.5534340739250183, 0.0034456122666597366, 0.986572265625], [-0.007858969271183014, 0.0056017013266682625, -0.9999533891677856, 1.5032093524932861], [0.5533889532089233, -0.8328741192817688, -0.009014998562633991, -1.218017578125], [0.0, 0.0, 0.0, 1.0]], [[0.947763204574585, 0.31889376044273376, -0.00720062293112278, -1.14288330078125], [0.0007153718615882099, -0.024699214845895767, -0.9996946454048157, 1.5885562896728516], [-0.31897422671318054, 0.9474685788154602, -0.023637134581804276, -0.103515625], [0.0, 0.0, 0.0, 1.0]], [[0.0023245327174663544, 0.9998882412910461, -0.014769074507057667, 0.0028076171875], [-0.02466139756143093, -0.014707302674651146, -0.9995877146720886, 1.5788764953613281], [-0.9996932148933411, 0.0026877974160015583, 0.024624453857541084, -0.017730712890625], [0.0, 0.0, 0.0, 1.0]], [[-0.9348788261413574, 0.35489270091056824, -0.007265900727361441, 1.099212646484375], [0.00800342671573162, 0.0006102334009483457, -0.9999677538871765, 1.551764965057373], [-0.35487687587738037, -0.9349068999290466, -0.003410853212699294, -0.0775146484375], [0.0, 0.0, 0.0, 1.0]]], "view": [[0.0, -2.0, 100.0], [-2.0, 0.0, 100.0], [0.0, 0.0, 1.0]], "bev": "bev_ef76ceaed46e4a80b97468d5c722b0f6.png", "aux": "aux_ef76ceaed46e4a80b97468d5c722b0f6.npz", "visibility": "visibility_ef76ceaed46e4a80b97468d5c722b0f6.png", "pose": [[0.9991244077682495, 0.04183831438422203, 0.0, 277.21673583984375], [-0.04183831438422203, 0.9991244077682495, 0.0, 916.0836181640625], [0.0, 0.0, 1.0, 0.0], [0.0, 0.0, 0.0, 1.0]], "pose_inverse": [[0.9991244077682495, -0.04183831438422203, 0.0, -238.6466064453125], [0.04183831438422203, 0.9991244077682495, 0.0, -926.8797607421875], [0.0, 0.0, 1.0, 0.0], [0.0, 0.0, 0.0, 1.0]], "cam_ids": [0, 1, 2, 3, 4, 5], "cam_channels": ["CAM_FRONT_LEFT", "CAM_FRONT", "CAM_FRONT_RIGHT", "CAM_BACK_LEFT", "CAM_BACK", "CAM_BACK_RIGHT"], "token": "ef76ceaed46e4a80b97468d5c722b0f6", "scene": "scene-0134"}, {"images": ["samples/CAM_FRONT_LEFT/n015-2018-08-01-16-41-59+0800__CAM_FRONT_LEFT__1533113018904844.jpg", "samples/CAM_FRONT/n015-2018-08-01-16-41-59+0800__CAM_FRONT__1533113018912460.jpg", "samples/CAM_FRONT_RIGHT/n015-2018-08-01-16-41-59+0800__CAM_FRONT_RIGHT__1533113018920339.jpg", "samples/CAM_BACK_LEFT/n015-2018-08-01-16-41-59+0800__CAM_BACK_LEFT__1533113018947423.jpg", "samples/CAM_BACK/n015-2018-08-01-16-41-59+0800__CAM_BACK__1533113018937525.jpg", "samples/CAM_BACK_RIGHT/n015-2018-08-01-16-41-59+0800__CAM_BACK_RIGHT__1533113018927893.jpg"], "intrinsics": [[[1272.5979470598488, 0.0, 826.6154927353808], [0.0, 1272.5979470598488, 479.75165386361925], [0.0, 0.0, 1.0]], [[1266.417203046554, 0.0, 816.2670197447984], [0.0, 1266.417203046554, 491.50706579294757], [0.0, 0.0, 1.0]], [[1260.8474446004698, 0.0, 807.968244525554], [0.0, 1260.8474446004698, 495.3344268742088], [0.0, 0.0, 1.0]], [[1256.7414812095406, 0.0, 792.1125740759628], [0.0, 1256.7414812095406, 492.7757465151356], [0.0, 0.0, 1.0]], [[809.2209905677063, 0.0, 829.2196003259838], [0.0, 809.2209905677063, 481.77842384512485], [0.0, 0.0, 1.0]], [[1259.5137405846733, 0.0, 807.2529053838625], [0.0, 1259.5137405846733, 501.19579884916527], [0.0, 0.0, 1.0]]], "extrinsics": [[[0.8208732008934021, -0.5710672736167908, -0.007008194457739592, -0.91461181640625], [-0.009475656785070896, -0.0013491252902895212, -0.9999541640281677, 1.5076680183410645], [0.5710316300392151, 0.8209021091461182, -0.00651869922876358, -1.245361328125], [0.0, 0.0, 0.0, 1.0]], [[0.005924217868596315, -0.9999682307243347, 0.00531693734228611, 0.0054931640625], [-0.014841880649328232, -0.005404372233897448, -0.9998752474784851, 1.5197887420654297], [0.9998723268508911, 0.005844566971063614, -0.014873428270220757, -1.64202880859375], [0.0, 0.0, 0.0, 1.0]], [[-0.8328790068626404, -0.5534536838531494, 0.0012003387091681361, 1.0001220703125], [-0.009292333386838436, 0.011815236881375313, -0.9998869895935059, 1.5032844543457031], [0.5533770322799683, -0.8327960968017578, -0.01498353946954012, -1.2271728515625], [0.0, 0.0, 0.0, 1.0]], [[0.9477641582489014, 0.3189019560813904, -0.0066710966639220715, -1.14385986328125], [-0.0007882993086241186, -0.018572542816400528, -0.9998272061347961, 1.5885581970214844], [-0.3189707100391388, 0.9476057291030884, -0.017351001501083374, -0.10302734375], [0.0, 0.0, 0.0, 1.0]], [[0.0023294035345315933, 0.9999602437019348, -0.008601149544119835, 0.00274658203125], [-0.02616492472589016, -0.008537281304597855, -0.9996212124824524, 1.5790119171142578], [-0.9996548891067505, 0.002553565427660942, 0.02614400163292885, -0.0113677978515625], [0.0, 0.0, 0.0, 1.0]], [[-0.9348809719085693, 0.3549421429634094, -0.003684182185679674, 1.1103897094726562], [0.006525788456201553, 0.006809048354625702, -0.9999555349349976, 1.551628589630127], [-0.3549012243747711, -0.9348635077476501, -0.008681928738951683, -0.07342529296875], [0.0, 0.0, 0.0, 1.0]]], "view": [[0.0, -2.0, 100.0], [-2.0, 0.0, 100.0], [0.0, 0.0, 1.0]], "bev": "bev_f9c40a9574dc41eeb485362c08a5ba1e.png", "aux": "aux_f9c40a9574dc41eeb485362c08a5ba1e.npz", "visibility": "visibility_f9c40a9574dc41eeb485362c08a5ba1e.png", "pose": [[0.9990592002868652, 0.04336664453148842, 0.0, 278.2027282714844], [-0.04336664453148842, 0.9990592002868652, 0.0, 916.0376586914062], [0.0, 0.0, 1.0, 0.0], [0.0, 0.0, 0.0, 1.0]], "pose_inverse": [[0.9990592002868652, -0.04336664453148842, 0.0, -238.21551513671875], [0.04336664453148842, 0.9990592002868652, 0.0, -927.2406005859375], [0.0, 0.0, 1.0, 0.0], [0.0, 0.0, 0.0, 1.0]], "cam_ids": [0, 1, 2, 3, 4, 5], "cam_channels": ["CAM_FRONT_LEFT", "CAM_FRONT", "CAM_FRONT_RIGHT", "CAM_BACK_LEFT", "CAM_BACK", "CAM_BACK_RIGHT"], "token": "f9c40a9574dc41eeb485362c08a5ba1e", "scene": "scene-0134"}, {"images": ["samples/CAM_FRONT_LEFT/n015-2018-08-01-16-41-59+0800__CAM_FRONT_LEFT__1533113019404844.jpg", "samples/CAM_FRONT/n015-2018-08-01-16-41-59+0800__CAM_FRONT__1533113019412460.jpg", "samples/CAM_FRONT_RIGHT/n015-2018-08-01-16-41-59+0800__CAM_FRONT_RIGHT__1533113019420339.jpg", "samples/CAM_BACK_LEFT/n015-2018-08-01-16-41-59+0800__CAM_BACK_LEFT__1533113019447423.jpg", "samples/CAM_BACK/n015-2018-08-01-16-41-59+0800__CAM_BACK__1533113019437525.jpg", "samples/CAM_BACK_RIGHT/n015-2018-08-01-16-41-59+0800__CAM_BACK_RIGHT__1533113019427893.jpg"], "intrinsics": [[[1272.5979470598488, 0.0, 826.6154927353808], [0.0, 1272.5979470598488, 479.75165386361925], [0.0, 0.0, 1.0]], [[1266.417203046554, 0.0, 816.2670197447984], [0.0, 1266.417203046554, 491.50706579294757], [0.0, 0.0, 1.0]], [[1260.8474446004698, 0.0, 807.968244525554], [0.0, 1260.8474446004698, 495.3344268742088], [0.0, 0.0, 1.0]], [[1256.7414812095406, 0.0, 792.1125740759628], [0.0, 1256.7414812095406, 492.7757465151356], [0.0, 0.0, 1.0]], [[809.2209905677063, 0.0, 829.2196003259838], [0.0, 809.2209905677063, 481.77842384512485], [0.0, 0.0, 1.0]], [[1259.5137405846733, 0.0, 807.2529053838625], [0.0, 1259.5137405846733, 501.19579884916527], [0.0, 0.0, 1.0]]], "extrinsics": [[[0.8207318782806396, -0.571214497089386, -0.010630998760461807, -0.923736572265625], [-0.013753588311374187, -0.0011519730323925614, -0.9999047517776489, 1.5075640678405762], [0.5711477994918823, 0.8208000063896179, -0.008801709860563278, -1.2523193359375], [0.0, 0.0, 0.0, 1.0]], [[0.0057981498539447784, -0.9999700784683228, 0.005126075819134712, 0.0057373046875], [-0.0190647691488266, -0.005235771182924509, -0.9998045563697815, 1.5197601318359375], [0.9998013973236084, 0.005699286237359047, -0.0190945565700531, -1.6515655517578125], [0.0, 0.0, 0.0, 1.0]], [[-0.8329322338104248, -0.5533558130264282, 0.0045945895835757256, 1.00640869140625], [-0.013456000946462154, 0.011952693574130535, -0.9998379945755005, 1.5032176971435547], [0.5532112121582031, -0.832859218120575, -0.017401739954948425, -1.23101806640625], [0.0, 0.0, 0.0, 1.0]], [[0.9477179050445557, 0.3189372718334198, -0.010470704175531864, -1.14227294921875], [-0.004820419009774923, -0.018500160425901413, -0.9998171925544739, 1.5885562896728516], [-0.319072693