[{"images": ["samples/CAM_FRONT_LEFT/n015-2018-10-08-16-03-24+0800__CAM_FRONT_LEFT__1538986037754844.jpg", "samples/CAM_FRONT/n015-2018-10-08-16-03-24+0800__CAM_FRONT__1538986037762460.jpg", "samples/CAM_FRONT_RIGHT/n015-2018-10-08-16-03-24+0800__CAM_FRONT_RIGHT__1538986037770339.jpg", "samples/CAM_BACK_LEFT/n015-2018-10-08-16-03-24+0800__CAM_BACK_LEFT__1538986037797423.jpg", "samples/CAM_BACK/n015-2018-10-08-16-03-24+0800__CAM_BACK__1538986037787525.jpg", "samples/CAM_BACK_RIGHT/n015-2018-10-08-16-03-24+0800__CAM_BACK_RIGHT__1538986037777893.jpg"], "intrinsics": [[[1272.5979470598488, 0.0, 826.6154927353808], [0.0, 1272.5979470598488, 479.75165386361925], [0.0, 0.0, 1.0]], [[1266.417203046554, 0.0, 816.2670197447984], [0.0, 1266.417203046554, 491.50706579294757], [0.0, 0.0, 1.0]], [[1260.8474446004698, 0.0, 807.968244525554], [0.0, 1260.8474446004698, 495.3344268742088], [0.0, 0.0, 1.0]], [[1256.7414812095406, 0.0, 792.1125740759628], [0.0, 1256.7414812095406, 492.7757465151356], [0.0, 0.0, 1.0]], [[809.2209905677063, 0.0, 829.2196003259838], [0.0, 809.2209905677063, 481.77842384512485], [0.0, 0.0, 1.0]], [[1259.5137405846733, 0.0, 807.2529053838625], [0.0, 1259.5137405846733, 501.19579884916527], [0.0, 0.0, 1.0]]], "extrinsics": [[[0.8212317228317261, -0.5682309865951538, -0.0518852099776268, -0.6993408203125], [-0.0412495918571949, 0.031571123749017715, -0.9986499547958374, 1.4948959350585938], [0.569101870059967, 0.822263240814209, 0.002487912541255355, -1.0982666015625], [0.0, 0.0, 0.0, 1.0]], [[0.007446760777384043, -0.9995900988578796, -0.027644600719213486, 0.008544921875], [-0.04614195227622986, 0.027272431179881096, -0.9985625743865967, 1.5083122253417969], [0.9989070892333984, 0.008711692877113819, -0.04591994360089302, -1.4284744262695312], [0.0, 0.0, 0.0, 1.0]], [[-0.8319274187088013, -0.5548129081726074, 0.008904753252863884, 0.8631591796875], [-0.04018804430961609, 0.044239599257707596, -0.9982122182846069, 1.4954071044921875], [0.5534271597862244, -0.8307980298995972, -0.059100985527038574, -1.135009765625], [0.0, 0.0, 0.0, 1.0]], [[0.9473012685775757, 0.31940019130706787, -0.024571901187300682, -1.14239501953125], [-0.030324259772896767, 0.013048523105680943, -0.999454915523529, 1.5885772705078125], [-0.3189055025577545, 0.9475300908088684, 0.022046459838747978, -0.1031494140625], [0.0, 0.0, 0.0, 1.0]], [[0.0020515623036772013, 0.9997252225875854, 0.023351328447461128, 0.002685546875], [-0.056158397346735, 0.02342970483005047, -0.9981469511985779, 1.5752220153808594], [-0.9984197020530701, 0.0007362982141785324, 0.05619103088974953, -0.07141876220703125], [0.0, 0.0, 0.0, 1.0]], [[-0.9347429871559143, 0.35346829891204834, 0.036273062229156494, 0.999267578125], [-0.023980846628546715, 0.03909532353281975, -0.9989476799964905, 1.54791259765625], [-0.35451453924179077, -0.9346292018890381, -0.028067609295248985, -0.11474609375], [0.0, 0.0, 0.0, 1.0]]], "view": [[0.0, -2.0, 100.0], [-2.0, 0.0, 100.0], [0.0, 0.0, 1.0]], "bev": "bev_c3e8973a581f4ef9a4332ed60d0a10a7.png", "aux": "aux_c3e8973a581f4ef9a4332ed60d0a10a7.npz", "visibility": "visibility_c3e8973a581f4ef9a4332ed60d0a10a7.png", "pose": [[-0.6693143844604492, -0.7429792881011963, 0.0, 1464.279541015625], [0.7429792881011963, -0.6693143844604492, 0.0, 1459.6201171875], [0.0, 0.0, 1.0, 0.0], [0.0, 0.0, 0.0, 1.0]], "pose_inverse": [[-0.6693143844604492, 0.7429792881011963, 0.0, -104.4041519165039], [-0.7429792881011963, -0.6693143844604492, 0.0, 2064.8740234375], [0.0, 0.0, 1.0, 0.0], [0.0, 0.0, 0.0, 1.0]], "cam_ids": [0, 1, 2, 3, 4, 5], "cam_channels": ["CAM_FRONT_LEFT", "CAM_FRONT", "CAM_FRONT_RIGHT", "CAM_BACK_LEFT", "CAM_BACK", "CAM_BACK_RIGHT"], "token": "c3e8973a581f4ef9a4332ed60d0a10a7", "scene": "scene-0856"}, {"images": ["samples/CAM_FRONT_LEFT/n015-2018-10-08-16-03-24+0800__CAM_FRONT_LEFT__1538986038254844.jpg", "samples/CAM_FRONT/n015-2018-10-08-16-03-24+0800__CAM_FRONT__1538986038262460.jpg", "samples/CAM_FRONT_RIGHT/n015-2018-10-08-16-03-24+0800__CAM_FRONT_RIGHT__1538986038270339.jpg", "samples/CAM_BACK_LEFT/n015-2018-10-08-16-03-24+0800__CAM_BACK_LEFT__1538986038297423.jpg", "samples/CAM_BACK/n015-2018-10-08-16-03-24+0800__CAM_BACK__1538986038287525.jpg", "samples/CAM_BACK_RIGHT/n015-2018-10-08-16-03-24+0800__CAM_BACK_RIGHT__1538986038277893.jpg"], "intrinsics": [[[1272.5979470598488, 0.0, 826.6154927353808], [0.0, 1272.5979470598488, 479.75165386361925], [0.0, 0.0, 1.0]], [[1266.417203046554, 0.0, 816.2670197447984], [0.0, 1266.417203046554, 491.50706579294757], [0.0, 0.0, 1.0]], [[1260.8474446004698, 0.0, 807.968244525554], [0.0, 1260.8474446004698, 495.3344268742088], [0.0, 0.0, 1.0]], [[1256.7414812095406, 0.0, 792.1125740759628], [0.0, 1256.7414812095406, 492.7757465151356], [0.0, 0.0, 1.0]], [[809.2209905677063, 0.0, 829.2196003259838], [0.0, 809.2209905677063, 481.77842384512485], [0.0, 0.0, 1.0]], [[1259.5137405846733, 0.0, 807.2529053838625], [0.0, 1259.5137405846733, 501.19579884916527], [0.0, 0.0, 1.0]]], "extrinsics": [[[0.821354866027832, -0.5681526064872742, -0.050782181322574615, -0.7342529296875], [-0.04216794669628143, 0.02830541506409645, -0.998709499835968, 1.4964141845703125], [0.5688568353652954, 0.8224362730979919, -0.0007090402650646865, -1.124755859375], [0.0, 0.0, 0.0, 1.0]], [[0.0076824682764709, -0.9996671676635742, -0.024627726525068283, 0.010009765625], [-0.04744331166148186, 0.02423633262515068, -0.9985799193382263, 1.5096206665039062], [0.99884432554245, 0.008840025402605534, -0.047241322696208954, -1.46405029296875], [0.0, 0.0, 0.0, 1.0]], [[-0.8317758440971375, -0.554985761642456, 0.011822233907878399, 0.88629150390625], [-0.04185085743665695, 0.04145841300487518, -0.9982632994651794, 1.4961471557617188], [0.5535317659378052, -0.8308260440826416, -0.057710736989974976, -1.1488037109375], [0.0, 0.0, 0.0, 1.0]], [[0.9472498297691345, 0.31928277015686035, -0.027860458940267563, -1.144744873046875], [-0.03314141556620598, 0.01111795287579298, -0.9993888139724731, 1.5886554718017578], [-0.318777859210968, 0.9475942850112915, 0.021112961694598198, -0.1025390625], [0.0, 0.0, 0.0, 1.0]], [[0.0019865776412189007, 0.9997771978378296, 0.02101612277328968, 0.001953125], [-0.058543190360069275, 0.02109639346599579, -0.9980619549751282, 1.5755996704101562], [-0.9982828497886658, 0.000752375228330493, 0.058572057634592056, -0.0619964599609375], [0.0, 0.0, 0.0, 1.0]], [[-0.9347475171089172, 0.35336005687713623, 0.03719797730445862, 1.01617431640625], [-0.02596396952867508, 0.03648094832897186, -0.9989970326423645, 1.5480728149414062], [-0.3543626666069031, -0.9347758293151855, -0.024925850331783295, -0.1072998046875], [0.0, 0.0, 0.0, 1.0]]], "view": [[0.0, -2.0, 100.0], [-2.0, 0.0, 100.0], [0.0, 0.0, 1.0]], "bev": "bev_a92835050b7244aa8c4e10b602df724c.png", "aux": "aux_a92835050b7244aa8c4e10b602df724c.npz", "visibility": "visibility_a92835050b7244aa8c4e10b602df724c.png", "pose": [[-0.645116925239563, -0.7640838623046875, 0.0, 1461.990478515625], [0.7640838623046875, -0.645116925239563, 0.0, 1462.3056640625], [0.0, 0.0, 1.0, 0.0], [0.0, 0.0, 0.0, 1.0]], "pose_inverse": [[-0.645116925239563, 0.7640838623046875, 0.0, -174.16937255859375], [-0.7640838623046875, -0.645116925239563, 0.0, 2060.44140625], [0.0, 0.0, 1.0, 0.0], [0.0, 0.0, 0.0, 1.0]], "cam_ids": [0, 1, 2, 3, 4, 5], "cam_channels": ["CAM_FRONT_LEFT", "CAM_FRONT", "CAM_FRONT_RIGHT", "CAM_BACK_LEFT", "CAM_BACK", "CAM_BACK_RIGHT"], "token": "a92835050b7244aa8c4e10b602df724c", "scene": "scene-0856"}, {"images": ["samples/CAM_FRONT_LEFT/n015-2018-10-08-16-03-24+0800__CAM_FRONT_LEFT__1538986038754844.jpg", "samples/CAM_FRONT/n015-2018-10-08-16-03-24+0800__CAM_FRONT__1538986038762460.jpg", "samples/CAM_FRONT_RIGHT/n015-2018-10-08-16-03-24+0800__CAM_FRONT_RIGHT__1538986038770339.jpg", "samples/CAM_BACK_LEFT/n015-2018-10-08-16-03-24+0800__CAM_BACK_LEFT__1538986038797423.jpg", "samples/CAM_BACK/n015-2018-10-08-16-03-24+0800__CAM_BACK__1538986038787525.jpg", "samples/CAM_BACK_RIGHT/n015-2018-10-08-16-03-24+0800__CAM_BACK_RIGHT__1538986038777893.jpg"], "intrinsics": [[[1272.5979470598488, 0.0, 826.6154927353808], [0.0, 1272.5979470598488, 479.75165386361925], [0.0, 0.0, 1.0]], [[1266.417203046554, 0.0, 816.2670197447984], [0.0, 1266.417203046554, 491.50706579294757], [0.0, 0.0, 1.0]], [[1260.8474446004698, 0.0, 807.968244525554], [0.0, 1260.8474446004698, 495.3344268742088], [0.0, 0.0, 1.0]], [[1256.7414812095406, 0.0, 792.1125740759628], [0.0, 1256.7414812095406, 492.7757465151356], [0.0, 0.0, 1.0]], [[809.2209905677063, 0.0, 829.2196003259838], [0.0, 809.2209905677063, 481.77842384512485], [0.0, 0.0, 1.0]], [[1259.5137405846733, 0.0, 807.2529053838625], [0.0, 1259.5137405846733, 501.19579884916527], [0.0, 0.0, 1.0]]], "extrinsics": [[[0.821492612361908, -0.5682512521743774, -0.04733194410800934, -0.7496337890625], [-0.038588788360357285, 0.027414780110120773, -0.9988790154457092, 1.4981231689453125], [0.5689118504524231, 0.8223982453346252, 0.0005929145845584571, -1.13330078125], [0.0, 0.0, 0.0, 1.0]], [[0.007696741260588169, -0.9997013211250305, -0.023195773363113403, 0.00830078125], [-0.044062718749046326, 0.022834880277514458, -0.9987677931785583, 1.5110626220703125], [0.9989991188049316, 0.008709206245839596, -0.043873801827430725, -1.4784088134765625], [0.0, 0.0, 0.0, 1.0]], [[-0.8318377137184143, -0.5549240708351135, 0.010256192646920681, 0.8951416015625], [-0.0387059710919857, 0.03956688567996025, -0.9984669089317322, 1.4971771240234375], [0.5536676049232483, -0.8309594988822937, -0.05439210683107376, -1.1558837890625], [0.0, 0.0, 0.0, 1.0]], [[0.94715416431427, 0.3196682929992676, -0.02666689269244671, -1.144073486328125], [-0.030798688530921936, 0.007875950075685978, -0.9994945526123047, 1.5886116027832031], [-0.319296658039093, 0.9474968314170837, 0.017305104061961174, -0.1036376953125], [0.0, 0.0, 0.0, 1.0]], [[0.0017871606396511197, 0.9998326301574707, 0.0182089451700449, 0.002197265625], [-0.05592487007379532, 0.018280409276485443, -0.9982675909996033, 1.5759963989257812], [-0.9984334111213684, 0.0007657689857296646, 0.055948175489902496, -0.057891845703125], [0.0, 0.0, 0.0, 1.0]], [[-0.9348399639129639, 0.3534714877605438, 0.03364712744951248, 1.02435302734375], [-0.02304782159626484, 0.03415416553616524, -0.999150812625885, 1.548675537109375], [-0.3543205261230469, -0.9348216652870178, -0.02378193289041519, -0.1051025390625], [0.0, 0.0, 0.0, 1.0]]], "view": [[0.0, -2.0, 100.0], [-2.0, 0.0, 100.0], [0.0, 0.0, 1.0]], "bev": "bev_4905ad5170934d099eb18fafc48ca6e4.png", "aux": "aux_4905ad5170934d099eb18fafc48ca6e4.npz", "visibility": "visibility_4905ad5170934d099eb18fafc48ca6e4.png", "pose": [[-0.6211758852005005, -0.7836712002754211, 0.0, 1459.97705078125], [0.7836712002754211, -0.6211758852005005, 0.0, 1464.814208984375], [0.0, 0.0, 1.0, 0.0], [0.0, 0.0, 0.0, 1.0]], "pose_inverse": [[-0.6211758852005005, 0.7836712002754211, 0.0, -241.03021240234375], [-0.7836712002754211, -0.6211758852005005, 0.0, 2054.04931640625], [0.0, 0.0, 1.0, 0.0], [0.0, 0.0, 0.0, 1.0]], "cam_ids": [0, 1, 2, 3, 4, 5], "cam_channels": ["CAM_FRONT_LEFT", "CAM_FRONT", "CAM_FRONT_RIGHT", "CAM_BACK_LEFT", "CAM_BACK", "CAM_BACK_RIGHT"], "token": "4905ad5170934d099eb18fafc48ca6e4", "scene": "scene-0856"}, {"images": ["samples/CAM_FRONT_LEFT/n015-2018-10-08-16-03-24+0800__CAM_FRONT_LEFT__1538986039254844.jpg", "samples/CAM_FRONT/n015-2018-10-08-16-03-24+0800__CAM_FRONT__1538986039262460.jpg", "samples/CAM_FRONT_RIGHT/n015-2018-10-08-16-03-24+0800__CAM_FRONT_RIGHT__1538986039270339.jpg", "samples/CAM_BACK_LEFT/n015-2018-10-08-16-03-24+0800__CAM_BACK_LEFT__1538986039297423.jpg", "samples/CAM_BACK/n015-2018-10-08-16-03-24+0800__CAM_BACK__1538986039287525.jpg", "samples/CAM_BACK_RIGHT/n015-2018-10-08-16-03-24+0800__CAM_BACK_RIGHT__1538986039277893.jpg"], "intrinsics": [[[1272.5979470598488, 0.0, 826.6154927353808], [0.0, 1272.5979470598488, 479.75165386361925], [0.0, 0.0, 1.0]], [[1266.417203046554, 0.0, 816.2670197447984], [0.0, 1266.417203046554, 491.50706579294757], [0.0, 0.0, 1.0]], [[1260.8474446004698, 0.0, 807.968244525554], [0.0, 1260.8474446004698, 495.3344268742088], [0.0, 0.0, 1.0]], [[1256.7414812095406, 0.0, 792.1125740759628], [0.0, 1256.7414812095406, 492.7757465151356], [0.0, 0.0, 1.0]], [[809.2209905677063, 0.0, 829.2196003259838], [0.0, 809.2209905677063, 481.77842384512485], [0.0, 0.0, 1.0]], [[1259.5137405846733, 0.0, 807.2529053838625], [0.0, 1259.5137405846733, 501.19579884916527], [0.0, 0.0, 1.0]]], "extrinsics": [[[0.8224021792411804, -0.5685415863990784, -0.0203731469810009, -0.763671875], [-0.00819796696305275, 0.02396409586071968, -0.9996792078018188, 1.5061759948730469], [0.5688474178314209, 0.8223053812980652, 0.01504723820835352, -1.1453857421875], [0.0, 0.0, 0.0, 1.0]], [[0.008098956197500229, -0.9997740983963013, -0.019652171060442924, 0.0096435546875], [-0.012155062519013882, 0.019552934914827347, -0.9997349381446838, 1.5180587768554688], [0.9998932480812073, 0.008335758000612259, -0.011993957683444023, -1.493194580078125], [0.0, 0.0, 0.0, 1.0]], [[-0.8319375514984131, -0.5546420812606812, -0.015878254547715187, 0.90460205078125], [-0.005184095352888107, 0.03638448938727379, -0.999324381351471, 1.5027618408203125], [0.5548451542854309, -0.8312931656837463, -0.03314493969082832, -1.160888671875], [0.0, 0.0, 0.0, 1.0]], [[0.9478680491447449, 0.3185447156429291, 0.008694964461028576, -1.13555908203125], [0.007618223316967487, 0.004625879693776369, -0.9999602437019348, 1.5886130332946777], [-0.31857219338417053, 0.9478965401649475, 0.0019579778891056776, -0.105224609375], [0.0, 0.0, 0.0, 1.0]], [[0.0018515875563025475, 0.9998840093612671, 0.015122412703931332, 0.0020751953125], [-0.019157562404870987, 0.015155129134654999, -0.9997016191482544, 1.578216552734375], [-0.9998146891593933, 0.0015613266732543707, 0.01918339915573597, -0.05743408203125], [0.0, 0.0, 0.0, 1.0]], [[-0.9352788925170898, 0.35391148924827576, -0.00022758280101697892, 1.03070068359375], [0.011979554779827595, 0.03101557493209839, -0.9994471073150635, 1.5527496337890625], [-0.35370877385139465, -0.934764564037323, -0.033247917890548706, -0.101806640625], [0.0, 0.0, 0.0, 1.0]]], "view": [[0.0, -2.0, 100.0], [-2.0, 0.0, 100.0], [0.0, 0.0, 1.0]], "bev": "bev_8dfa351105464349ae3be86ea7830f8c.png", "aux": "aux_8dfa351105464349ae3be86ea7830f8c.npz", "visibility": "visibility_8dfa351105464349ae3be86ea7830f8c.png", "pose": [[-0.5967071652412415, -0.8024590611457825, 0.0, 1458.24267578125], [0.8024590611457825, -0.5967071652412415, 0.0, 1467.1297607421875], [0.0, 0.0, 1.0, 0.0], [0.0, 0.0, 0.0, 1.0]], "pose_inverse": [[-0.5967071652412415, 0.8024590611457825, 0.0, -307.1678161621094], [-0.8024590611457825, -0.5967071652412415, 0.0, 2045.6268310546875], [0.0, 0.0, 1.0, 0.0], [0.0, 0.0, 0.0, 1.0]], "cam_ids": [0, 1, 2, 3, 4, 5], "cam_channels": ["CAM_FRONT_LEFT", "CAM_FRONT", "CAM_FRONT_RIGHT", "CAM_BACK_LEFT", "CAM_BACK", "CAM_BACK_RIGHT"], "token": "8dfa351105464349ae3be86ea7830f8c", "scene": "scene-0856"}, {"images": ["samples/CAM_FRONT_LEFT/n015-2018-10-08-16-03-24+0800__CAM_FRONT_LEFT__1538986039754844.jpg", "samples/CAM_FRONT/n015-2018-10-08-16-03-24+0800__CAM_FRONT__1538986039762460.jpg", "samples/CAM_FRONT_RIGHT/n015-2018-10-08-16-03-24+0800__CAM_FRONT_RIGHT__1538986039770339.jpg", "samples/CAM_BACK_LEFT/n015-2018-10-08-16-03-24+0800__CAM_BACK_LEFT__1538986039797423.jpg", "samples/CAM_BACK/n015-2018-10-08-16-03-24+0800__CAM_BACK__1538986039787525.jpg", "samples/CAM_BACK_RIGHT/n015-2018-10-08-16-03-24+0800__CAM_BACK_RIGHT__1538986039777893.jpg"], "intrinsics": [[[1272.5979470598488, 0.0, 826.6154927353808], [0.0, 1272.5979470598488, 479.75165386361925], [0.0, 0.0, 1.0]], [[1266.417203046554, 0.0, 816.2670197447984], [0.0, 1266.417203046554, 491.50706579294757], [0.0, 0.0, 1.0]], [[1260.8474446004698, 0.0, 807.968244525554], [0.0, 1260.8474446004698, 495.3344268742088], [0.0, 0.0, 1.0]], [[1256.7414812095406, 0.0, 792.1125740759628], [0.0, 1256.7414812095406, 492.7757465151356], [0.0, 0.0, 1.0]], [[809.2209905677063, 0.0, 829.2196003259838], [0.0, 809.2209905677063, 481.77842384512485], [0.0, 0.0, 1.0]], [[1259.5137405846733, 0.0, 807.2529053838625], [0.0, 1259.5137405846733, 501.19579884916527], [0.0, 0.0, 1.0]]], "extrinsics": [[[0.8208861947059631, -0.567643404006958, -0.06266415864229202, -0.7872314453125], [-0.056394875049591064, 0.028618223965168, -0.9979982972145081, 1.496063232421875], [0.5683004260063171, 0.8227769732475281, -0.008519869297742844, -1.159912109375], [0.0, 0.0, 0.0, 1.0]], [[0.007891805842518806, -0.9996708631515503, -0.02440980263054371, 0.0084228515625], [-0.06339708715677261, 0.023861275985836983, -0.9977030754089355, 1.5092849731445312], [0.9979571104049683, 0.009421116672456264, -0.06318790465593338, -1.516021728515625], [0.0, 0.0, 0.0, 1.0]], [[-0.8310803771018982, -0.55549156665802, 0.02710353396832943, 0.91912841796875], [-0.059510838240385056, 0.04036952182650566, -0.9974109530448914, 1.4954376220703125], [0.5529592037200928, -0.8305416703224182, -0.06660808622837067, -1.171630859375], [0.0, 0.0, 0.0, 1.0]], [[0.9461522698402405, 0.31992244720458984, -0.04945232346653938, -1.14105224609375], [-0.054839976131916046, 0.007847500964999199, -0.9984642863273621, 1.5885200500488281], [-0.3190431296825409, 0.9474111795425415, 0.024969473481178284, -0.103515625], [0.0, 0.0, 0.0, 1.0]], [[0.0016594327753409743, 0.9998286366462708, 0.018439529463648796, 0.00244140625], [-0.07896821945905685, 0.018512988463044167, -0.9967052340507507, 1.575347900390625], [-0.9968757033348083, 0.00019776129920501262, 0.07898540049791336, -0.048614501953125], [0.0, 0.0, 0.0, 1.0]], [[-0.9341138601303101, 0.3528154790401459, 0.054336611181497574, 1.043212890625], [-0.044961653649806976, 0.034719474613666534, -0.9983852505683899, 1.5469512939453125], [-0.3541323244571686, -0.9350485801696777, -0.016568778082728386, -0.09765625], [0.0, 0.0, 0.0, 1.0]]], "view": [[0.0, -2.0, 100.0], [-2.0, 0.0, 100.0], [0.0, 0.0, 1.0]], "bev": "bev_22a3552b17cc469ba0fd05c2cbe05e72.png", "aux": "aux_22a3552b17cc469ba0fd05c2cbe05e72.npz", "visibility": "visibility_22a3552b17cc469ba0fd05c2cbe05e72.png", "pose": [[-0.5640950202941895, -0.825709879398346, 0.0, 1456.789794921875], [0.825709879398346, -0.5640950202941895, 0.0, 1469.2310791015625], [0.0, 0.0, 1.0, 0.0], [0.0, 0.0, 0.0, 1.0]], "pose_inverse": [[-0.5640950202941895, 0.825709879398346, 0.0, -391.39080810546875], [-0.825709879398346, -0.5640950202941895, 0.0, 2031.671630859375], [0.0, 0.0, 1.0, 0.0], [0.0, 0.0, 0.0, 1.0]], "cam_ids": [0, 1, 2, 3, 4, 5], "cam_channels": ["CAM_FRONT_LEFT", "CAM_FRONT", "CAM_FRONT_RIGHT", "CAM_BACK_LEFT", "CAM_BACK", "CAM_BACK_RIGHT"], "token": "22a3552b17cc469ba0fd05c2cbe05e72", "scene": "scene-0856"}, {"images": ["samples/CAM_FRONT_LEFT/n015-2018-10-08-16-03-24+0800__CAM_FRONT_LEFT__1538986040254844.jpg", "samples/CAM_FRONT/n015-2018-10-08-16-03-24+0800__CAM_FRONT__1538986040262460.jpg", "samples/CAM_FRONT_RIGHT/n015-2018-10-08-16-03-24+0800__CAM_FRONT_RIGHT__1538986040270339.jpg", "samples/CAM_BACK_LEFT/n015-2018-10-08-16-03-24+0800__CAM_BACK_LEFT__1538986040297423.jpg", "samples/CAM_BACK/n015-2018-10-08-16-03-24+0800__CAM_BACK__1538986040287525.jpg", "samples/CAM_BACK_RIGHT/n015-2018-10-08-16-03-24+0800__CAM_BACK_RIGHT__1538986040277893.jpg"], "intrinsics": [[[1272.5979470598488, 0.0, 826.6154927353808], [0.0, 1272.5979470598488, 479.75165386361925], [0.0, 0.0, 1.0]], [[1266.417203046554, 0.0, 816.2670197447984], [0.0, 1266.417203046554, 491.50706579294757], [0.0, 0.0, 1.0]], [[1260.8474446004698, 0.0, 807.968244525554], [0.0, 1260.8474446004698, 495.3344268742088], [0.0, 0.0, 1.0]], [[1256.7414812095406, 0.0, 792.1125740759628], [0.0, 1256.7414812095406, 492.7757465151356], [0.0, 0.0, 1.0]], [[809.2209905677063, 0.0, 829.2196003259838], [0.0, 809.2209905677063, 481.77842384512485], [0.0, 0.0, 1.0]], [[1259.5137405846733, 0.0, 807.2529053838625], [0.0, 1259.5137405846733, 501.19579884916527], [0.0, 0.0, 1.0]]], "extrinsics": [[[0.8225876092910767, -0.5682371854782104, -0.02135573700070381, -0.79150390625], [-0.008716250769793987, 0.024951547384262085, -0.9996506571769714, 1.50634765625], [0.5685715079307556, 0.8224864602088928, 0.015571938827633858, -1.1644287109375], [0.0, 0.0, 0.0, 1.0]], [[0.008357865735888481, -0.9997480511665344, -0.0208287313580513, 0.0089111328125], [-0.013408942148089409, 0.020715540274977684, -0.9996955394744873, 1.5181846618652344], [0.9998751878738403, 0.00863462220877409, -0.013232426717877388, -1.521575927734375], [0.0, 0.0, 0.0, 1.0]], [[-0.8318536877632141, -0.5547947883605957, -0.014905324205756187, 0.92364501953125], [-0.00730173010379076, 0.037794604897499084, -0.999258816242218, 1.5026092529296875], [0.5549468994140625, -0.8311282992362976, -0.03549054265022278, -1.1739501953125], [0.0, 0.0, 0.0, 1.0]], [[0.9478228092193604, 0.3187672197818756, 0.004395693074911833, -1.1434173583984375], [0.002332943957298994, 0.006852522026747465, -0.9999737739562988, 1.588552474975586], [-0.31878894567489624, 0.9478083252906799, 0.005751311779022217, -0.103271484375], [0.0, 0.0, 0.0, 1.0]], [[0.001780775492079556, 0.9998534917831421, 0.017025914043188095, 0.0020751953125], [-0.02325863391160965, 0.017062747851014137, -0.999583899974823, 1.5782432556152344], [-0.9997279047966003, 0.0013839489547535777, 0.023285608738660812, -0.045166015625], [0.0, 0.0, 0.0, 1.0]], [[-0.9353233575820923, 0.35378003120422363, 0.0031387924682348967, 1.04736328125], [0.0089963898062706, 0.032651711255311966, -0.9994263052940369, 1.5522499084472656], [-0.3536795973777771, -0.9347586035728455, -0.0337226502597332, -0.095458984375], [0.0, 0.0, 0.0, 1.0]]], "view": [[0.0, -2.0, 100.0], [-2.0, 0.0, 100.0], [0.0, 0.0, 1.0]], "bev": "bev_b7812de60100462e8aa017275079119f.png", "aux": "aux_b7812de60100462e8aa017275079119f.npz", "visibility": "visibility_b7812de60100462e8aa017275079119f.png", "pose": [[-0.5371874570846558, -0.8434628844261169, 0.0, 1455.4127197265625], [0.8434628844261169, -0.5371874570846558, 0.0, 1471.3704833984375], [0.0, 0.0, 1.0, 0.0], [0.0, 0.0, 0.0, 1.0]], "pose_inverse": [[-0.5371874570846558, 0.8434628844261169, 0.0, -459.2168884277344], [-0.8434628844261169, -0.5371874570846558, 0.0, 2017.9884033203125], [0.0, 0.0, 1.0, 0.0], [0.0, 0.0, 0.0, 1.0]], "cam_ids": [0, 1, 2, 3, 4, 5], "cam_channels": ["CAM_FRONT_LEFT", "CAM_FRONT", "CAM_FRONT_RIGHT", "CAM_BACK_LEFT", "CAM_BACK", "CAM_BACK_RIGHT"], "token": "b7812de60100462e8aa017275079119f", "scene": "scene-0856"}, {"images": ["samples/CAM_FRONT_LEFT/n015-2018-10-08-16-03-24+0800__CAM_FRONT_LEFT__1538986040754844.jpg", "samples/CAM_FRONT/n015-2018-10-08-16-03-24+0800__CAM_FRONT__1538986040762460.jpg", "samples/CAM_FRONT_RIGHT/n015-2018-10-08-16-03-24+0800__CAM_FRONT_RIGHT__1538986040770339.jpg", "samples/CAM_BACK_LEFT/n015-2018-10-08-16-03-24+0800__CAM_BACK_LEFT__1538986040797423.jpg", "samples/CAM_BACK/n015-2018-10-08-16-03-24+0800__CAM_BACK__1538986040787525.jpg", "samples/CAM_BACK_RIGHT/n015-2018-10-08-16-03-24+0800__CAM_BACK_RIGHT__1538986040777893.jpg"], "intrinsics": [[[1272.5979470598488, 0.0, 826.6154927353808], [0.0, 1272.5979470598488, 479.75165386361925], [0.0, 0.0, 1.0]], [[1266.417203046554, 0.0, 816.2670197447984], [0.0, 1266.417203046554, 491.50706579294757], [0.0, 0.0, 1.0]], [[1260.8474446004698, 0.0, 807.968244525554], [0.0, 1260.8474446004698, 495.3344268742088], [0.0, 0.0, 1.0]], [[1256.7414812095406, 0.0, 792.1125740759628], [0.0, 1256.7414812095406, 492.7757465151356], [0.0, 0.0, 1.0]], [[809.2209905677063, 0.0, 829.2196003259838], [0.0, 809.2209905677063, 481.77842384512485], [0.0, 0.0, 1.0]], [[1259.5137405846733, 0.0, 807.2529053838625], [0.0, 1259.5137405846733, 501.19579884916527], [0.0, 0.0, 1.0]]], "extrinsics": [[[0.8222748637199402, -0.568376362323761, -0.02850191667675972, -0.7906494140625], [-0.0167011097073555, 0.025960668921470642, -0.9995234608650208, 1.5047035217285156], [0.5688454508781433, 0.8223590850830078, 0.011854288168251514, -1.1600341796875], [0.0, 0.0, 0.0, 1.0]], [[0.008048231713473797, -0.9997203350067139, -0.022235898301005363, 0.0064697265625], [-0.02180018089711666, 0.022055918350815773, -0.9995190501213074, 1.5167350769042969], [0.9997299909591675, 0.008529084734618664, -0.02161657251417637, -1.51837158203125], [0.0, 0.0, 0.0, 1.0]], [[-0.832000195980072, -0.5547093749046326, -0.008551516570150852, 0.920166015625], [-0.016020920127630234, 0.039431773126125336, -0.999093770980835, 1.5014877319335938], [0.5545439124107361, -0.8311092257499695, -0.04169419780373573, -1.1737060546875], [0.0, 0.0, 0.0, 1.0]], [[0.947855532169342, 0.31868213415145874, -0.0034081495832651854, -1.1401214599609375], [-0.006773308385163546, 0.00945204496383667, -0.9999323487281799, 1.5885448455810547], [-0.31862831115722656, 0.9478145837783813, 0.011117705143988132, -0.10400390625], [0.0, 0.0, 0.0, 1.0]], [[0.0019787754863500595, 0.9998118877410889, 0.01929294876754284, 0.003173828125], [-0.03236379474401474, 0.01934690959751606, -0.9992889165878296, 1.5777397155761719], [-0.9994741678237915, 0.0013530002906918526, 0.03239598870277405, -0.04827880859375], [0.0, 0.0, 0.0, 1.0]], [[-0.9352425932884216, 0.3537971079349518, 0.01220005750656128, 1.0452880859375], [4.253454244462773e-05, 0.03457501530647278, -0.9994021058082581, 1.55145263671875], [-0.35400742292404175, -0.9346829652786255, -0.03235107660293579, -0.0977783203125], [0.0, 0.0, 0.0, 1.0]]], "view": [[0.0, -2.0, 100.0], [-2.0, 0.0, 100.0], [0.0, 0.0, 1.0]], "bev": "bev_420fdc2dda464dfd8c1e1a58c5b04f11.png", "aux": "aux_420fdc2dda464dfd8c1e1a58c5b04f11.npz", "visibility": "visibility_420fdc2dda464dfd8c1e1a58c5b04f11.png", "pose": [[-0.5033903121948242, -0.8640591502189636, 0.0, 1454.1658935546875], [0.8640591502189636, -0.5033903121948242, 0.0, 1473.4677734375], [0.0, 0.0, 1.0, 0.0], [0.0, 0.0, 0.0, 1.0]], "pose_inverse": [[-0.5033903121948242, 0.8640591502189636, 0.0, -541.1502685546875], [-0.8640591502189636, -0.5033903121948242, 0.0, 1998.2147216796875], [0.0, 0.0, 1.0, 0.0], [0.0, 0.0, 0.0, 1.0]], "cam_ids": [0, 1, 2, 3, 4, 5], "cam_channels": ["CAM_FRONT_LEFT", "CAM_FRONT", "CAM_FRONT_RIGHT", "CAM_BACK_LEFT", "CAM_BACK", "CAM_BACK_RIGHT"], "token": "420fdc2dda464dfd8c1e1a58c5b04f11", "scene": "scene-0856"}, {"images": ["samples/CAM_FRONT_LEFT/n015-2018-10-08-16-03-24+0800__CAM_FRONT_LEFT__1538986041154844.jpg", "samples/CAM_FRONT/n015-2018-10-08-16-03-24+0800__CAM_FRONT__1538986041162460.jpg", "samples/CAM_FRONT_RIGHT/n015-2018-10-08-16-03-24+0800__CAM_FRONT_RIGHT__1538986041170339.jpg", "samples/CAM_BACK_LEFT/n015-2018-10-08-16-03-24+0800__CAM_BACK_LEFT__1538986041197423.jpg", "samples/CAM_BACK/n015-2018-10-08-16-03-24+0800__CAM_BACK__1538986041187525.jpg", "samples/CAM_BACK_RIGHT/n015-2018-10-08-16-03-24+0800__CAM_BACK_RIGHT__1538986041177893.jpg"], "intrinsics": [[[1272.5979470598488, 0.0, 826.6154927353808], [0.0, 1272.5979470598488, 479.75165386361925], [0.0, 0.0, 1.0]], [[1266.417203046554, 0.0, 816.2670197447984], [0.0, 1266.417203046554, 491.50706579294757], [0.0, 0.0, 1.0]], [[1260.8474446004698, 0.0, 807.968244525554], [0.0, 1260.8474446004698, 495.3344268742088], [0.0, 0.0, 1.0]], [[1256.7414812095406, 0.0, 792.1125740759628], [0.0, 1256.7414812095406, 492.7757465151356], [0.0, 0.0, 1.0]], [[809.2209905677063, 0.0, 829.2196003259838], [0.0, 809.2209905677063, 481.77842384512485], [0.0, 0.0, 1.0]], [[1259.5137405846733, 0.0, 807.2529053838625], [0.0, 1259.5137405846733, 501.19579884916527], [0.0, 0.0, 1.0]]], "extrinsics": [[[0.8225231766700745, -0.5681003928184509, -0.026788175106048584, -0.7796630859375], [-0.012947535142302513, 0.028384922072291374, -0.9995132088661194, 1.5053253173828125], [0.5685842037200928, 0.8224695920944214, 0.015991754829883575, -1.1527099609375], [0.0, 0.0, 0.0, 1.0]], [[0.008313743397593498, -0.9996631145477295, -0.024588333442807198, 0.0069580078125], [-0.018108995631337166, 0.024434641003608704, -0.999537467956543, 1.5171737670898438], [0.9998013973236084, 0.008755174465477467, -0.017899751663208008, -1.5074462890625], [0.0, 0.0, 0.0, 1.0]], [[-0.8318930268287659, -0.5547868609428406, -0.012862489558756351, 0.912841796875], [-0.012402529828250408, 0.0417599231004715, -0.9990506768226624, 1.5018539428710938], [0.554797351360321, -0.830943763256073, -0.04162054881453514, -1.1688232421875], [0.0, 0.0, 0.0, 1.0]], [[0.9478203654289246, 0.31880471110343933, 0.0004670771595556289, -1.1400794982910156], [-0.0034158939961344004, 0.011620583012700081, -0.9999266266822815, 1.5885505676269531], [-0.31878677010536194, 0.9477491974830627, 0.012103226967155933, -0.104248046875], [0.0, 0.0, 0.0, 1.0]], [[0.0018409672193229198, 0.9997667074203491, 0.021519139409065247, 0.0029296875], [-0.028918083757162094, 0.02156340330839157, -0.9993491768836975, 1.5777931213378906], [-0.9995800852775574, 0.0012175999581813812, 0.02895103394985199, -0.052001953125], [0.0, 0.0, 0.0, 1.0]], [[-0.9353067874908447, 0.353705495595932, 0.009677357971668243, 1.0386962890625], [0.0035950869787484407, 0.03684769198298454, -0.9993144273757935, 1.55181884765625], [-0.35381966829299927, -0.934630811214447, -0.03573549538850784, -0.100341796875], [0.0, 0.0, 0.0, 1.0]]], "view": [[0.0, -2.0, 100.0], [-2.0, 0.0, 100.0], [0.0, 0.0, 1.0]], "bev": "bev_bfee2e99f4bb4f3d9d30d7e9af609522.png", "aux": "aux_bfee2e99f4bb4f3d9d30d7e9af609522.npz", "visibility": "visibility_bfee2e99f4bb4f3d9d30d7e9af609522.png", "pose": [[-0.4749664068222046, -0.8800039291381836, 0.0, 1453.198486328125], [0.8800039291381836, -0.4749664068222046, 0.0, 1475.213623046875], [0.0, 0.0, 1.0, 0.0], [0.0, 0.0, 0.0, 1.0]], "pose_inverse": [[-0.4749664068222046, 0.8800039291381836, 0.0, -607.9733276367188], [-0.8800039291381836, -0.4749664068222046, 0.0, 1979.497314453125], [0.0, 0.0, 1.0, 0.0], [0.0, 0.0, 0.0, 1.0]], "cam_ids": [0, 1, 2, 3, 4, 5], "cam_channels": ["CAM_FRONT_LEFT", "CAM_FRONT", "CAM_FRONT_RIGHT", "CAM_BACK_LEFT", "CAM_BACK", "CAM_BACK_RIGHT"], "token": "bfee2e99f4bb4f3d9d30d7e9af609522", "scene": "scene-0856"}, {"images": ["samples/CAM_FRONT_LEFT/n015-2018-10-08-16-03-24+0800__CAM_FRONT_LEFT__1538986041654844.jpg", "samples/CAM_FRONT/n015-2018-10-08-16-03-24+0800__CAM_FRONT__1538986041662460.jpg", "samples/CAM_FRONT_RIGHT/n015-2018-10-08-16-03-24+0800__CAM_FRONT_RIGHT__1538986041670339.jpg", "samples/CAM_BACK_LEFT/n015-2018-10-08-16-03-24+0800__CAM_BACK_LEFT__1538986041697423.jpg", "samples/CAM_BACK/n015-2018-10-08-16-03-24+0800__CAM_BACK__1538986041687525.jpg", "samples/CAM_BACK_RIGHT/n015-2018-10-08-16-03-24+0800__CAM_BACK_RIGHT__1538986041677893.jpg"], "intrinsics": [[[1272.5979470598488, 0.0, 826.6154927353808], [0.0, 1272.5979470598488, 479.75165386361925], [0.0, 0.0, 1.0]], [[1266.417203046554, 0.0, 816.2670197447984], [0.0, 1266.417203046554, 491.50706579294757], [0.0, 0.0, 1.0]], [[1260.8474446004698, 0.0, 807.968244525554], [0.0, 1260.8474446004698, 495.3344268742088], [0.0, 0.0, 1.0]], [[1256.7414812095406, 0.0, 792.1125740759628], [0.0, 1256.7414812095406, 492.7757465151356], [0.0, 0.0, 1.0]], [[809.2209905677063, 0.0, 829.2196003259838], [0.0, 809.2209905677063, 481.77842384512485], [0.0, 0.0, 1.0]], [[1259.5137405846733, 0.0, 807.2529053838625], [0.0, 1259.5137405846733, 501.19579884916527], [0.0, 0.0, 1.0]]], "extrinsics": [[[0.8227114081382751, -0.5678406357765198, -0.02651228941977024, -0.7630615234375], [-0.010858183726668358, 0.030932780355215073, -0.9994624853134155, 1.5055770874023438], [0.5683555006980896, 0.8225570321083069, 0.019283033907413483, -1.1409912109375], [0.0, 0.0, 0.0, 1.0]], [[0.008547404780983925, -0.9995984435081482, -0.027015196159482002, 0.007080078125], [-0.016130173578858376, 0.02687484584748745, -0.9995086789131165, 1.5172500610351562], [0.9998332858085632, 0.008978979662060738, -0.015893986448645592, -1.4896240234375], [0.0, 0.0, 0.0, 1.0]], [[-0.8317850232124329, -0.554874837398529, -0.015732888132333755, 0.900390625], [-0.010525061748921871, 0.044102370738983154, -0.9989715814590454, 1.5019683837890625], [0.5549980401992798, -0.8307639956474304, -0.042523786425590515, -1.1605224609375], [0.0, 0.0, 0.0, 1.0]], [[0.9477465152740479, 0.3190124034881592, 0.0027601129841059446, -1.1336936950683594], [-0.001705740811303258, 0.013718768954277039, -0.999904453754425, 1.5885448455810547], [-0.31901979446411133, 0.947651207447052, 0.013546069152653217, -0.106689453125], [0.0, 0.0, 0.0, 1.0]], [[0.0016761362785473466, 0.999718189239502, 0.02368198148906231, 0.0028076171875], [-0.027169231325387955, 0.02371879667043686, -0.9993494153022766, 1.5776519775390625], [-0.9996294379234314, 0.001031639869324863, 0.027201328426599503, -0.061279296875], [0.0, 0.0, 0.0, 1.0]], [[-0.9353634715080261, 0.35357901453971863, 0.008782107383012772, 1.0272216796875], [0.0053998613730072975, 0.03910326212644577, -0.9992205500602722, 1.5520782470703125], [-0.353646844625473, -0.9345870018005371, -0.03848503902554512, -0.1046142578125], [0.0, 0.0, 0.0, 1.0]]], "view": [[0.0, -2.0, 100.0], [-2.0, 0.0, 100.0], [0.0, 0.0, 1.0]], "bev": "bev_4efd8a11c7b04be084a8fdcc81fa4de9.png", "aux": "aux_4efd8a11c7b04be084a8fdcc81fa4de9.npz", "visibility": "visibility_4efd8a11c7b04be084a8fdcc81fa4de9.png", "pose": [[-0.43855050206184387, -0.8987065553665161, 0.0, 1451.984375], [0.8987065553665161, -0.43855050206184387, 0.0, 1477.6104736328125], [0.0, 0.0, 1.0, 0.0], [0.0, 0.0, 0.0, 1.0]], "pose_inverse": [[-0.43855050206184387, 0.8987065553665161, 0.0, -691.1697387695312], [-0.8987065553665161, -0.43855050206184387, 0.0, 1952.9146728515625], [0.0, 0.0, 1.0, 0.0], [0.0, 0.0, 0.0, 1.0]], "cam_ids": [0, 1, 2, 3, 4, 5], "cam_channels": ["CAM_FRONT_LEFT", "CAM_FRONT", "CAM_FRONT_RIGHT", "CAM_BACK_LEFT", "CAM_BACK", "CAM_BACK_RIGHT"], "token": "4efd8a11c7b04be084a8fdcc81fa4de9", "scene": "scene-0856"}, {"images": ["samples/CAM_FRONT_LEFT/n015-2018-10-08-16-03-24+0800__CAM_FRONT_LEFT__1538986042154844.jpg", "samples/CAM_FRONT/n015-2018-10-08-16-03-24+0800__CAM_FRONT__1538986042162460.jpg", "samples/CAM_FRONT_RIGHT/n015-2018-10-08-16-03-24+0800__CAM_FRONT_RIGHT__1538986042170339.jpg", "samples/CAM_BACK_LEFT/n015-2018-10-08-16-03-24+0800__CAM_BACK_LEFT__1538986042197423.jpg", "samples/CAM_BACK/n015-2018-10-08-16-03-24+0800__CAM_BACK__1538986042187525.jpg", "samples/CAM_BACK_RIGHT/n015-2018-10-08-16-03-24+0800__CAM_BACK_RIGHT__1538986042177893.jpg"], "intrinsics": [[[1272.5979470598488, 0.0, 826.6154927353808], [0.0, 1272.5979470598488, 479.75165386361925], [0.0, 0.0, 1.0]], [[1266.417203046554, 0.0, 816.2670197447984], [0.0, 1266.417203046554, 491.50706579294757], [0.0, 0.0, 1.0]], [[1260.8474446004698, 0.0, 807.968244525554], [0.0, 1260.8474446004698, 495.3344268742088], [0.0, 0.0, 1.0]], [[1256.7414812095406, 0.0, 792.1125740759628], [0.0, 1256.7414812095406, 492.7757465151356], [0.0, 0.0, 1.0]], [[809.2209905677063, 0.0, 829.2196003259838], [0.0, 809.2209905677063, 481.77842384512485], [0.0, 0.0, 1.0]], [[1259.5137405846733, 0.0, 807.2529053838625], [0.0, 1259.5137405846733, 501.19579884916527], [0.0, 0.0, 1.0]]], "extrinsics": [[[0.8219723701477051, -0.5690614581108093, -0.023029781877994537, -0.767333984375], [-0.006916186772286892, 0.03046002984046936, -0.9995120167732239, 1.5065231323242188], [0.5694853067398071, 0.8217306733131409, 0.021101567894220352, -1.1461181640625], [0.0, 0.0, 0.0, 1.0]], [[0.007424068637192249, -0.9996221661567688, -0.026465781033039093, 0.0084228515625], [-0.012176405638456345, 0.026374181732535362, -0.9995779991149902, 1.5180892944335938], [0.9998982548713684, 0.007743194233626127, -0.011975998990237713, -1.49566650390625], [0.0, 0.0, 0.0, 1.0]], [[-0.8322575688362122, -0.5540730357170105, -0.018718566745519638, 0.90570068359375], [-0.006548479665070772, 0.04358702898025513, -0.9990281462669373, 1.5025787353515625], [0.5543504953384399, -0.8313262462615967, -0.03990396857261658, -1.1624755859375], [0.0, 0.0, 0.0, 1.0]], [[0.9477701187133789, 0.318891316652298, 0.006333701778203249, -1.1392364501953125], [0.0021812834311276674, 0.01337685901671648, -0.9999081492424011, 1.58856201171875], [-0.3189467489719391, 0.9476969242095947, 0.011982593685388565, -0.10498046875], [0.0, 0.0, 0.0, 1.0]], [[0.00200964929535985, 0.9997274279594421, 0.023263806477189064, 0.002197265625], [-0.023234523832798004, 0.023304255679249763, -0.999458372592926, 1.5779914855957031], [-0.9997280836105347, 0.0014680473832413554, 0.023275021463632584, -0.0562744140625], [0.0, 0.0, 0.0, 1.0]], [[-0.9351316094398499, 0.35426652431488037, 0.00491743627935648, 1.031494140625], [0.009374021552503109, 0.03861357271671295, -0.9992102384567261, 1.552459716796875], [-0.3541766107082367, -0.9343470335006714, -0.0394296757876873, -0.1021728515625], [0.0, 0.0, 0.0, 1.0]]], "view": [[0.0, -2.0, 100.0], [-2.0, 0.0, 100.0], [0.0, 0.0, 1.0]], "bev": "bev_b9e331500bd04628a40bc6b55137c810.png", "aux": "aux_b9e331500bd04628a40bc6b55137c810.npz", "visibility": "visibility_b9e331500bd04628a40bc6b55137c810.png", "pose": [[-0.41282230615615845, -0.9108116030693054, 0.0, 1450.8343505859375], [0.9108116030693054, -0.41282230615615845, 0.0, 1480.09375], [0.0, 0.0, 1.0, 0.0], [0.0, 0.0, 0.0, 1.0]], "pose_inverse": [[-0.41282230615615845, 0.9108116030693054, 0.0, -749.1497192382812], [-0.9108116030693054, -0.41282230615615845, 0.0, 1932.4525146484375], [0.0, 0.0, 1.0, 0.0], [0.0, 0.0, 0.0, 1.0]], "cam_ids": [0, 1, 2, 3, 4, 5], "cam_channels": ["CAM_FRONT_LEFT", "CAM_FRONT", "CAM_FRONT_RIGHT", "CAM_BACK_LEFT", "CAM_BACK", "CAM_BACK_RIGHT"], "token": "b9e331500bd04628a40bc6b55137c810", "scene": "scene-0856"}, {"images": ["samples/CAM_FRONT_LEFT/n015-2018-10-08-16-03-24+0800__CAM_FRONT_LEFT__1538986042654844.jpg", "samples/CAM_FRONT/n015-2018-10-08-16-03-24+0800__CAM_FRONT__1538986042662460.jpg", "samples/CAM_FRONT_RIGHT/n015-2018-10-08-16-03-24+0800__CAM_FRONT_RIGHT__1538986042670339.jpg", "samples/CAM_BACK_LEFT/n015-2018-10-08-16-03-24+0800__CAM_BACK_LEFT__1538986042697423.jpg", "samples/CAM_BACK/n015-2018-10-08-16-03-24+0800__CAM_BACK__1538986042687525.jpg", "samples/CAM_BACK_RIGHT/n015-2018-10-08-16-03-24+0800__CAM_BACK_RIGHT__1538986042677893.jpg"], "intrinsics": [[[1272.5979470598488, 0.0, 826.6154927353808], [0.0, 1272.5979470598488, 479.75165386361925], [0.0, 0.0, 1.0]], [[1266.417203046554, 0.0, 816.2670197447984], [0.0, 1266.417203046554, 491.50706579294757], [0.0, 0.0, 1.0]], [[1260.8474446004698, 0.0, 807.968244525554], [0.0, 1260.8474446004698, 495.3344268742088], [0.0, 0.0, 1.0]], [[1256.7414812095406, 0.0, 792.1125740759628], [0.0, 1256.7414812095406, 492.7757465151356], [0.0, 0.0, 1.0]], [[809.2209905677063, 0.0, 829.2196003259838], [0.0, 809.2209905677063, 481.77842384512485], [0.0, 0.0, 1.0]], [[1259.5137405846733, 0.0, 807.2529053838625], [0.0, 1259.5137405846733, 501.19579884916527], [0.0, 0.0, 1.0]]], "extrinsics": [[[0.8208994269371033, -0.5702781677246094, -0.030114833265542984, -0.7799072265625], [-0.014364123344421387, 0.03209785744547844, -0.9993814826011658, 1.5049667358398438], [0.5708920955657959, 0.8208243250846863, 0.018157565966248512, -1.1536865234375], [0.0, 0.0, 0.0, 1.0]], [[0.0060501703992486, -0.9995864629745483, -0.028113635256886482, 0.0076904296875], [-0.019764432683587074, 0.02798912674188614, -0.9994128942489624, 1.5168228149414062], [0.999786376953125, 0.006602240726351738, -0.019586917012929916, -1.5068359375], [0.0, 0.0, 0.0, 1.0]], [[-0.832832396030426, -0.5533686280250549, -0.0131694246083498, 0.912109375], [-0.01425160001963377, 0.04522086679935455, -0.9988753795623779, 1.5015106201171875], [0.553341805934906, -0.8317079544067383, -0.04554778337478638, -1.167236328125], [0.0, 0.0, 0.0, 1.0]], [[0.9478608965873718, 0.31868356466293335, -0.000703623634763062, -1.139434814453125], [-0.005911613814532757, 0.015375311486423016, -0.9998642802238464, 1.5885391235351562], [-0.31862953305244446, 0.9477365016937256, 0.01645759306848049, -0.104736328125], [0.0, 0.0, 0.0, 1.0]], [[0.0024518477730453014, 0.9996828436851501, 0.025065427646040916, 0.0020751953125], [-0.03121360018849373, 0.02512979693710804, -0.9991968274116516, 1.57