[{"images": ["samples/CAM_FRONT_LEFT/n015-2018-11-14-18-57-54+0800__CAM_FRONT_LEFT__1542193481854844.jpg", "samples/CAM_FRONT/n015-2018-11-14-18-57-54+0800__CAM_FRONT__1542193481862460.jpg", "samples/CAM_FRONT_RIGHT/n015-2018-11-14-18-57-54+0800__CAM_FRONT_RIGHT__1542193481870339.jpg", "samples/CAM_BACK_LEFT/n015-2018-11-14-18-57-54+0800__CAM_BACK_LEFT__1542193481897423.jpg", "samples/CAM_BACK/n015-2018-11-14-18-57-54+0800__CAM_BACK__1542193481887525.jpg", "samples/CAM_BACK_RIGHT/n015-2018-11-14-18-57-54+0800__CAM_BACK_RIGHT__1542193481877893.jpg"], "intrinsics": [[[1272.5979470598488, 0.0, 826.6154927353808], [0.0, 1272.5979470598488, 479.75165386361925], [0.0, 0.0, 1.0]], [[1266.417203046554, 0.0, 816.2670197447984], [0.0, 1266.417203046554, 491.50706579294757], [0.0, 0.0, 1.0]], [[1260.8474446004698, 0.0, 807.968244525554], [0.0, 1260.8474446004698, 495.3344268742088], [0.0, 0.0, 1.0]], [[1256.7414812095406, 0.0, 792.1125740759628], [0.0, 1256.7414812095406, 492.7757465151356], [0.0, 0.0, 1.0]], [[809.2209905677063, 0.0, 829.2196003259838], [0.0, 809.2209905677063, 481.77842384512485], [0.0, 0.0, 1.0]], [[1259.5137405846733, 0.0, 807.2529053838625], [0.0, 1259.5137405846733, 501.19579884916527], [0.0, 0.0, 1.0]]], "extrinsics": [[[0.819577693939209, -0.567922055721283, -0.07587531954050064, -0.6402587890625], [-0.08319368958473206, 0.01306887622922659, -0.9964476823806763, 1.4754638671875], [0.5668962001800537, 0.8229786157608032, -0.0365365706384182, -1.0604248046875], [0.0, 0.0, 0.0, 1.0]], [[0.008669940754771233, -0.9999136924743652, -0.00986846536397934, 0.0113525390625], [-0.08840382099151611, 0.009063745848834515, -0.9960435032844543, 1.4918785095214844], [0.9960469007492065, 0.00950806587934494, -0.08831760287284851, -1.36962890625], [0.0, 0.0, 0.0, 1.0]], [[-0.8293337225914001, -0.5561189651489258, 0.05419575795531273, 0.82489013671875], [-0.08278091251850128, 0.026365164667367935, -0.9962189793586731, 1.4827117919921875], [0.5525873899459839, -0.8306843638420105, -0.06790155917406082, -1.1068115234375], [0.0, 0.0, 0.0, 1.0]], [[0.9444101452827454, 0.3209845721721649, -0.0711226835846901, -1.1357250213623047], [-0.07384905964136124, -0.0036892422940582037, -0.9972625970840454, 1.5880393981933594], [-0.3203682601451874, 0.9470773339271545, 0.02022024616599083, -0.10595703125], [0.0, 0.0, 0.0, 1.0]], [[0.0002066692104563117, 0.9999812841415405, 0.006122929509729147, 0.001708984375], [-0.09929867833852768, 0.006113187409937382, -0.9950389266014099, 1.5697898864746094], [-0.9950576424598694, -0.00040237614302895963, 0.09929807484149933, -0.0938720703125], [0.0, 0.0, 0.0, 1.0]], [[-0.933316171169281, 0.35213714838027954, 0.07014458626508713, 0.964599609375], [-0.06687435507774353, 0.021458856761455536, -0.9975306391716003, 1.539154052734375], [-0.3527728021144867, -0.9357024431228638, 0.0035210405476391315, -0.1260986328125], [0.0, 0.0, 0.0, 1.0]]], "view": [[0.0, -2.0, 100.0], [-2.0, 0.0, 100.0], [0.0, 0.0, 1.0]], "bev": "bev_7d4372be34d94e50ab02d20a9d7149d4.png", "aux": "aux_7d4372be34d94e50ab02d20a9d7149d4.npz", "visibility": "visibility_7d4372be34d94e50ab02d20a9d7149d4.png", "pose": [[0.7595883011817932, 0.6504042148590088, 0.0, 660.1204833984375], [-0.6504042148590088, 0.7595883011817932, 0.0, 1623.3365478515625], [0.0, 0.0, 1.0, 0.0], [0.0, 0.0, 0.0, 1.0]], "pose_inverse": [[0.7595883011817932, -0.6504042148590088, 0.0, 554.4051513671875], [0.6504042148590088, 0.7595883011817932, 0.0, -1662.41259765625], [0.0, 0.0, 1.0, 0.0], [0.0, 0.0, 0.0, 1.0]], "cam_ids": [0, 1, 2, 3, 4, 5], "cam_channels": ["CAM_FRONT_LEFT", "CAM_FRONT", "CAM_FRONT_RIGHT", "CAM_BACK_LEFT", "CAM_BACK", "CAM_BACK_RIGHT"], "token": "7d4372be34d94e50ab02d20a9d7149d4", "scene": "scene-1005"}, {"images": ["samples/CAM_FRONT_LEFT/n015-2018-11-14-18-57-54+0800__CAM_FRONT_LEFT__1542193482354844.jpg", "samples/CAM_FRONT/n015-2018-11-14-18-57-54+0800__CAM_FRONT__1542193482362460.jpg", "samples/CAM_FRONT_RIGHT/n015-2018-11-14-18-57-54+0800__CAM_FRONT_RIGHT__1542193482370339.jpg", "samples/CAM_BACK_LEFT/n015-2018-11-14-18-57-54+0800__CAM_BACK_LEFT__1542193482397423.jpg", "samples/CAM_BACK/n015-2018-11-14-18-57-54+0800__CAM_BACK__1542193482387525.jpg", "samples/CAM_BACK_RIGHT/n015-2018-11-14-18-57-54+0800__CAM_BACK_RIGHT__1542193482377893.jpg"], "intrinsics": [[[1272.5979470598488, 0.0, 826.6154927353808], [0.0, 1272.5979470598488, 479.75165386361925], [0.0, 0.0, 1.0]], [[1266.417203046554, 0.0, 816.2670197447984], [0.0, 1266.417203046554, 491.50706579294757], [0.0, 0.0, 1.0]], [[1260.8474446004698, 0.0, 807.968244525554], [0.0, 1260.8474446004698, 495.3344268742088], [0.0, 0.0, 1.0]], [[1256.7414812095406, 0.0, 792.1125740759628], [0.0, 1256.7414812095406, 492.7757465151356], [0.0, 0.0, 1.0]], [[809.2209905677063, 0.0, 829.2196003259838], [0.0, 809.2209905677063, 481.77842384512485], [0.0, 0.0, 1.0]], [[1259.5137405846733, 0.0, 807.2529053838625], [0.0, 1259.5137405846733, 501.19579884916527], [0.0, 0.0, 1.0]]], "extrinsics": [[[0.8195861577987671, -0.5677985548973083, -0.07670295238494873, -0.65283203125], [-0.08256850391626358, 0.015427816659212112, -0.9964659810066223, 1.476898193359375], [0.5669752955436707, 0.8230229616165161, -0.03423784673213959, -1.0670166015625], [0.0, 0.0, 0.0, 1.0]], [[0.008570589125156403, -0.9998894929885864, -0.012145190499722958, 0.009765625], [-0.08782590925693512, 0.011346010491251945, -0.9960712790489197, 1.492889404296875], [0.996099054813385, 0.009603596292436123, -0.08771895617246628, -1.379150390625], [0.0, 0.0, 0.0, 1.0]], [[-0.8294427394866943, -0.5561169981956482, 0.052522413432598114, 0.82806396484375], [-0.08224619925022125, 0.028583144769072533, -0.9962020516395569, 1.483245849609375], [0.5525036454200745, -0.8306123614311218, -0.06944658607244492, -1.1103515625], [0.0, 0.0, 0.0, 1.0]], [[0.94444739818573, 0.321054607629776, -0.07030654698610306, -1.1322851181030273], [-0.07365437597036362, -0.0017218283610418439, -0.9972823262214661, 1.5877876281738281], [-0.32030317187309265, 0.947059154510498, 0.022020893171429634, -0.107177734375], [0.0, 0.0, 0.0, 1.0]], [[0.0003224852553103119, 0.9999662637710571, 0.008220063522458076, 0.002197265625], [-0.09894795715808868, 0.008211629465222359, -0.9950587153434753, 1.569671630859375], [-0.9950925707817078, -0.0004924604436382651, 0.09894724935293198, -0.09539794921875], [0.0, 0.0, 0.0, 1.0]], [[-0.9332942962646484, 0.35212942957878113, 0.07047510147094727, 0.9652099609375], [-0.0664096400141716, 0.023627886548638344, -0.997512698173523, 1.5392913818359375], [-0.35291871428489685, -0.9356530904769897, 0.0013330176007002592, -0.1265869140625], [0.0, 0.0, 0.0, 1.0]]], "view": [[0.0, -2.0, 100.0], [-2.0, 0.0, 100.0], [0.0, 0.0, 1.0]], "bev": "bev_6a087007585a426baaa9f0bbed5019a1.png", "aux": "aux_6a087007585a426baaa9f0bbed5019a1.npz", "visibility": "visibility_6a087007585a426baaa9f0bbed5019a1.png", "pose": [[0.7509889006614685, 0.6603148579597473, 0.0, 663.4336547851562], [-0.6603148579597473, 0.7509889006614685, 0.0, 1620.4283447265625], [0.0, 0.0, 1.0, 0.0], [0.0, 0.0, 0.0, 1.0]], "pose_inverse": [[0.7509889006614685, -0.6603148579597473, 0.0, 571.7615966796875], [0.6603148579597473, 0.7509889006614685, 0.0, -1654.998779296875], [0.0, 0.0, 1.0, 0.0], [0.0, 0.0, 0.0, 1.0]], "cam_ids": [0, 1, 2, 3, 4, 5], "cam_channels": ["CAM_FRONT_LEFT", "CAM_FRONT", "CAM_FRONT_RIGHT", "CAM_BACK_LEFT", "CAM_BACK", "CAM_BACK_RIGHT"], "token": "6a087007585a426baaa9f0bbed5019a1", "scene": "scene-1005"}, {"images": ["samples/CAM_FRONT_LEFT/n015-2018-11-14-18-57-54+0800__CAM_FRONT_LEFT__1542193482854844.jpg", "samples/CAM_FRONT/n015-2018-11-14-18-57-54+0800__CAM_FRONT__1542193482862460.jpg", "samples/CAM_FRONT_RIGHT/n015-2018-11-14-18-57-54+0800__CAM_FRONT_RIGHT__1542193482870339.jpg", "samples/CAM_BACK_LEFT/n015-2018-11-14-18-57-54+0800__CAM_BACK_LEFT__1542193482897423.jpg", "samples/CAM_BACK/n015-2018-11-14-18-57-54+0800__CAM_BACK__1542193482887525.jpg", "samples/CAM_BACK_RIGHT/n015-2018-11-14-18-57-54+0800__CAM_BACK_RIGHT__1542193482877893.jpg"], "intrinsics": [[[1272.5979470598488, 0.0, 826.6154927353808], [0.0, 1272.5979470598488, 479.75165386361925], [0.0, 0.0, 1.0]], [[1266.417203046554, 0.0, 816.2670197447984], [0.0, 1266.417203046554, 491.50706579294757], [0.0, 0.0, 1.0]], [[1260.8474446004698, 0.0, 807.968244525554], [0.0, 1260.8474446004698, 495.3344268742088], [0.0, 0.0, 1.0]], [[1256.7414812095406, 0.0, 792.1125740759628], [0.0, 1256.7414812095406, 492.7757465151356], [0.0, 0.0, 1.0]], [[809.2209905677063, 0.0, 829.2196003259838], [0.0, 809.2209905677063, 481.77842384512485], [0.0, 0.0, 1.0]], [[1259.5137405846733, 0.0, 807.2529053838625], [0.0, 1259.5137405846733, 501.19579884916527], [0.0, 0.0, 1.0]]], "extrinsics": [[[0.8186106085777283, -0.5685669779777527, -0.08129147440195084, -0.6475830078125], [-0.08751226216554642, 0.01640993542969227, -0.9960282444953918, 1.4743499755859375], [0.5676427483558655, 0.8224732875823975, -0.03632323443889618, -1.060791015625], [0.0, 0.0, 0.0, 1.0]], [[0.007646745536476374, -0.9998838901519775, -0.013179914094507694, 0.0079345703125], [-0.09266875684261322, 0.012415008619427681, -0.9956195950508118, 1.49072265625], [0.9956676363945007, 0.008834680542349815, -0.09256305545568466, -1.37200927734375], [0.0, 0.0, 0.0, 1.0]], [[-0.8295698761940002, -0.5556002855300903, 0.05587479844689369, 0.82220458984375], [-0.0869700163602829, 0.029714491218328476, -0.9957676529884338, 1.4815826416015625], [0.5515885949134827, -0.8309183716773987, -0.07297081500291824, -1.1083984375], [0.0, 0.0, 0.0, 1.0]], [[0.9441047310829163, 0.32124993205070496, -0.0739239975810051, -1.128683090209961], [-0.07790539413690567, -0.0004621626576408744, -0.9969606399536133, 1.5874481201171875], [-0.3203076422214508, 0.9469943642616272, 0.02459076978266239, -0.1082763671875], [0.0, 0.0, 0.0, 1.0]], [[0.0005660875467583537, 0.9999554753303528, 0.009416941553354263, 0.00244140625], [-0.10337792336940765, 0.00942500215023756, -0.9945974946022034, 1.56878662109375], [-0.9946419596672058, -0.00041042148950509727, 0.10337866097688675, -0.09967041015625], [0.0, 0.0, 0.0, 1.0]], [[-0.9327739477157593, 0.3525274097919464, 0.07521407306194305, 0.9608154296875], [-0.07103285193443298, 0.024801721796393394, -0.9971655607223511, 1.5381011962890625], [-0.3533936142921448, -0.9354727864265442, 0.0019066252280026674, -0.1295166015625], [0.0, 0.0, 0.0, 1.0]]], "view": [[0.0, -2.0, 100.0], [-2.0, 0.0, 100.0], [0.0, 0.0, 1.0]], "bev": "bev_51335d37327b4ce790327c1516cdd410.png", "aux": "aux_51335d37327b4ce790327c1516cdd410.npz", "visibility": "visibility_51335d37327b4ce790327c1516cdd410.png", "pose": [[0.744248628616333, 0.6679026484489441, 0.0, 666.738525390625], [-0.6679026484489441, 0.744248628616333, 0.0, 1617.48046875], [0.0, 0.0, 1.0, 0.0], [0.0, 0.0, 0.0, 1.0]], "pose_inverse": [[0.744248628616333, -0.6679026484489441, 0.0, 584.1002807617188], [0.6679026484489441, 0.744248628616333, 0.0, -1649.1240234375], [0.0, 0.0, 1.0, 0.0], [0.0, 0.0, 0.0, 1.0]], "cam_ids": [0, 1, 2, 3, 4, 5], "cam_channels": ["CAM_FRONT_LEFT", "CAM_FRONT", "CAM_FRONT_RIGHT", "CAM_BACK_LEFT", "CAM_BACK", "CAM_BACK_RIGHT"], "token": "51335d37327b4ce790327c1516cdd410", "scene": "scene-1005"}, {"images": ["samples/CAM_FRONT_LEFT/n015-2018-11-14-18-57-54+0800__CAM_FRONT_LEFT__1542193483354844.jpg", "samples/CAM_FRONT/n015-2018-11-14-18-57-54+0800__CAM_FRONT__1542193483362460.jpg", "samples/CAM_FRONT_RIGHT/n015-2018-11-14-18-57-54+0800__CAM_FRONT_RIGHT__1542193483370339.jpg", "samples/CAM_BACK_LEFT/n015-2018-11-14-18-57-54+0800__CAM_BACK_LEFT__1542193483397423.jpg", "samples/CAM_BACK/n015-2018-11-14-18-57-54+0800__CAM_BACK__1542193483387525.jpg", "samples/CAM_BACK_RIGHT/n015-2018-11-14-18-57-54+0800__CAM_BACK_RIGHT__1542193483377893.jpg"], "intrinsics": [[[1272.5979470598488, 0.0, 826.6154927353808], [0.0, 1272.5979470598488, 479.75165386361925], [0.0, 0.0, 1.0]], [[1266.417203046554, 0.0, 816.2670197447984], [0.0, 1266.417203046554, 491.50706579294757], [0.0, 0.0, 1.0]], [[1260.8474446004698, 0.0, 807.968244525554], [0.0, 1260.8474446004698, 495.3344268742088], [0.0, 0.0, 1.0]], [[1256.7414812095406, 0.0, 792.1125740759628], [0.0, 1256.7414812095406, 492.7757465151356], [0.0, 0.0, 1.0]], [[809.2209905677063, 0.0, 829.2196003259838], [0.0, 809.2209905677063, 481.77842384512485], [0.0, 0.0, 1.0]], [[1259.5137405846733, 0.0, 807.2529053838625], [0.0, 1259.5137405846733, 501.19579884916527], [0.0, 0.0, 1.0]]], "extrinsics": [[[0.818660318851471, -0.5685591101646423, -0.0808442011475563, -0.6473388671875], [-0.08430745452642441, 0.0202626995742321, -0.9962337613105774, 1.4755783081054688], [0.5680558681488037, 0.8223927617073059, -0.03134550526738167, -1.06121826171875], [0.0, 0.0, 0.0, 1.0]], [[0.007421319838613272, -0.9998270273208618, -0.01705079711973667, 0.0084228515625], [-0.08952585607767105, 0.01631847210228443, -0.9958508610725403, 1.4918136596679688], [0.9959568381309509, 0.00891699269413948, -0.08938927948474884, -1.3731689453125], [0.0, 0.0, 0.0, 1.0]], [[-0.8298332095146179, -0.5556650757789612, 0.051117949187755585, 0.82403564453125], [-0.08388091623783112, 0.033650532364845276, -0.9959074258804321, 1.4825057983398438], [0.5516708493232727, -0.8307248950004578, -0.07453403621912003, -1.1090087890625], [0.0, 0.0, 0.0, 1.0]], [[0.9444143176078796, 0.3212375044822693, -0.06991428136825562, -1.1298408508300781], [-0.0750383734703064, 0.0035817772150039673, -0.9971742033958435, 1.5875778198242188], [-0.3200792372226715, 0.9469918608665466, 0.027487820014357567, -0.1080322265625], [0.0, 0.0, 0.0, 1.0]], [[0.0007561363745480776, 0.9999097585678101, 0.013411909341812134, 0.00244140625], [-0.10042271763086319, 0.013420040719211102, -0.9948543310165405, 1.5692825317382812], [-0.9949445724487305, -0.0005945704178884625, 0.10042379796504974, -0.097900390625], [0.0, 0.0, 0.0, 1.0]], [[-0.9329569339752197, 0.35235095024108887, 0.07375714927911758, 0.962890625], [-0.06798481196165085, 0.028747042641043663, -0.9972721338272095, 1.538818359375], [-0.3535099923610687, -0.9354263544082642, -0.0028652420733124018, -0.128173828125], [0.0, 0.0, 0.0, 1.0]]], "view": [[0.0, -2.0, 100.0], [-2.0, 0.0, 100.0], [0.0, 0.0, 1.0]], "bev": "bev_b67dcc63b5314687a5711e50af8950dd.png", "aux": "aux_b67dcc63b5314687a5711e50af8950dd.npz", "visibility": "visibility_b67dcc63b5314687a5711e50af8950dd.png", "pose": [[0.7411446571350098, 0.6713453531265259, 0.0, 669.937255859375], [-0.6713453531265259, 0.7411446571350098, 0.0, 1614.5794677734375], [0.0, 0.0, 1.0, 0.0], [0.0, 0.0, 0.0, 1.0]], "pose_inverse": [[0.7411446571350098, -0.6713453531265259, 0.0, 587.4199829101562], [0.6713453531265259, 0.7411446571350098, 0.0, -1646.396240234375], [0.0, 0.0, 1.0, 0.0], [0.0, 0.0, 0.0, 1.0]], "cam_ids": [0, 1, 2, 3, 4, 5], "cam_channels": ["CAM_FRONT_LEFT", "CAM_FRONT", "CAM_FRONT_RIGHT", "CAM_BACK_LEFT", "CAM_BACK", "CAM_BACK_RIGHT"], "token": "b67dcc63b5314687a5711e50af8950dd", "scene": "scene-1005"}, {"images": ["samples/CAM_FRONT_LEFT/n015-2018-11-14-18-57-54+0800__CAM_FRONT_LEFT__1542193483904844.jpg", "samples/CAM_FRONT/n015-2018-11-14-18-57-54+0800__CAM_FRONT__1542193483912460.jpg", "samples/CAM_FRONT_RIGHT/n015-2018-11-14-18-57-54+0800__CAM_FRONT_RIGHT__1542193483920339.jpg", "samples/CAM_BACK_LEFT/n015-2018-11-14-18-57-54+0800__CAM_BACK_LEFT__1542193483947423.jpg", "samples/CAM_BACK/n015-2018-11-14-18-57-54+0800__CAM_BACK__1542193483937525.jpg", "samples/CAM_BACK_RIGHT/n015-2018-11-14-18-57-54+0800__CAM_BACK_RIGHT__1542193483927893.jpg"], "intrinsics": [[[1272.5979470598488, 0.0, 826.6154927353808], [0.0, 1272.5979470598488, 479.75165386361925], [0.0, 0.0, 1.0]], [[1266.417203046554, 0.0, 816.2670197447984], [0.0, 1266.417203046554, 491.50706579294757], [0.0, 0.0, 1.0]], [[1260.8474446004698, 0.0, 807.968244525554], [0.0, 1260.8474446004698, 495.3344268742088], [0.0, 0.0, 1.0]], [[1256.7414812095406, 0.0, 792.1125740759628], [0.0, 1256.7414812095406, 492.7757465151356], [0.0, 0.0, 1.0]], [[809.2209905677063, 0.0, 829.2196003259838], [0.0, 809.2209905677063, 481.77842384512485], [0.0, 0.0, 1.0]], [[1259.5137405846733, 0.0, 807.2529053838625], [0.0, 1259.5137405846733, 501.19579884916527], [0.0, 0.0, 1.0]]], "extrinsics": [[[0.8189072608947754, -0.5692970156669617, -0.07274378091096878, -0.6683349609375], [-0.06845413148403168, 0.028956716880202293, -0.9972339272499084, 1.483489990234375], [0.5698287487030029, 0.8216217756271362, -0.015257869847118855, -1.07537841796875], [0.0, 0.0, 0.0, 1.0]], [[0.006030487362295389, -0.9996557831764221, -0.025530541315674782, 0.0079345703125], [-0.07351431995630264, 0.025018727406859398, -0.9969803094863892, 1.4985198974609375], [0.9972758889198303, 0.007889197207987309, -0.07333814352750778, -1.39404296875], [0.0, 0.0, 0.0, 1.0]], [[-0.8314870595932007, -0.5545706748962402, 0.03287380933761597, 0.83746337890625], [-0.06766901910305023, 0.04236980155110359, -0.9968077540397644, 1.4877243041992188], [0.5514074563980103, -0.8310572504997253, -0.07275719195604324, -1.11865234375], [0.0, 0.0, 0.0, 1.0]], [[0.9460117816925049, 0.32004955410957336, -0.05128328129649162, -1.1271514892578125], [-0.05838647857308388, 0.01263118814677, -0.9982141256332397, 1.5876808166503906], [-0.318830281496048, 0.947316586971283, 0.03063582070171833, -0.1070556640625], [0.0, 0.0, 0.0, 1.0]], [[0.00202373880892992, 0.9997527599334717, 0.022145317867398262, 0.0029296875], [-0.0839308574795723, 0.022237040102481842, -0.9962234497070312, 1.5714035034179688], [-0.9964694380760193, 0.00015744715346954763, 0.08395510166883469, -0.09259033203125], [0.0, 0.0, 0.0, 1.0]], [[-0.9334589242935181, 0.35336682200431824, 0.061533041298389435, 0.9744873046875], [-0.0516020730137825, 0.03746642544865608, -0.9979646801948547, 1.5424957275390625], [-0.35495302081108093, -0.9347342848777771, -0.016738910228013992, -0.1243896484375], [0.0, 0.0, 0.0, 1.0]]], "view": [[0.0, -2.0, 100.0], [-2.0, 0.0, 100.0], [0.0, 0.0, 1.0]], "bev": "bev_31ee5418a48447979a4c0988acc0f7a9.png", "aux": "aux_31ee5418a48447979a4c0988acc0f7a9.npz", "visibility": "visibility_31ee5418a48447979a4c0988acc0f7a9.png", "pose": [[0.7373035550117493, 0.6755616068840027, 0.0, 673.3541870117188], [-0.6755616068840027, 0.7373035550117493, 0.0, 1611.450439453125], [0.0, 0.0, 1.0, 0.0], [0.0, 0.0, 0.0, 1.0]], "pose_inverse": [[0.7373035550117493, -0.6755616068840027, 0.0, 592.1675415039062], [0.6755616068840027, 0.7373035550117493, 0.0, -1643.0203857421875], [0.0, 0.0, 1.0, 0.0], [0.0, 0.0, 0.0, 1.0]], "cam_ids": [0, 1, 2, 3, 4, 5], "cam_channels": ["CAM_FRONT_LEFT", "CAM_FRONT", "CAM_FRONT_RIGHT", "CAM_BACK_LEFT", "CAM_BACK", "CAM_BACK_RIGHT"], "token": "31ee5418a48447979a4c0988acc0f7a9", "scene": "scene-1005"}, {"images": ["samples/CAM_FRONT_LEFT/n015-2018-11-14-18-57-54+0800__CAM_FRONT_LEFT__1542193484404844.jpg", "samples/CAM_FRONT/n015-2018-11-14-18-57-54+0800__CAM_FRONT__1542193484415146.jpg", "samples/CAM_FRONT_RIGHT/n015-2018-11-14-18-57-54+0800__CAM_FRONT_RIGHT__1542193484420339.jpg", "samples/CAM_BACK_LEFT/n015-2018-11-14-18-57-54+0800__CAM_BACK_LEFT__1542193484447423.jpg", "samples/CAM_BACK/n015-2018-11-14-18-57-54+0800__CAM_BACK__1542193484437525.jpg", "samples/CAM_BACK_RIGHT/n015-2018-11-14-18-57-54+0800__CAM_BACK_RIGHT__1542193484427893.jpg"], "intrinsics": [[[1272.5979470598488, 0.0, 826.6154927353808], [0.0, 1272.5979470598488, 479.75165386361925], [0.0, 0.0, 1.0]], [[1266.417203046554, 0.0, 816.2670197447984], [0.0, 1266.417203046554, 491.50706579294757], [0.0, 0.0, 1.0]], [[1260.8474446004698, 0.0, 807.968244525554], [0.0, 1260.8474446004698, 495.3344268742088], [0.0, 0.0, 1.0]], [[1256.7414812095406, 0.0, 792.1125740759628], [0.0, 1256.7414812095406, 492.7757465151356], [0.0, 0.0, 1.0]], [[809.2209905677063, 0.0, 829.2196003259838], [0.0, 809.2209905677063, 481.77842384512485], [0.0, 0.0, 1.0]], [[1259.5137405846733, 0.0, 807.2529053838625], [0.0, 1259.5137405846733, 501.19579884916527], [0.0, 0.0, 1.0]]], "extrinsics": [[[0.8179057836532593, -0.5687564611434937, -0.0868692696094513, -0.676513671875], [-0.0769592896103859, 0.04147857800126076, -0.9961710572242737, 1.4810867309570312], [0.5701819658279419, 0.8214594125747681, -0.009845525957643986, -1.07830810546875], [0.0, 0.0, 0.0, 1.0]], [[0.0053215716034173965, -0.999272346496582, -0.03776770457625389, 0.0059814453125], [-0.0825061947107315, 0.03720071539282799, -0.9958959817886353, 1.4982986450195312], [0.9965763092041016, 0.008415901102125645, -0.08224818855524063, -1.42340087890625], [0.0, 0.0, 0.0, 1.0]], [[-0.8313590288162231, -0.5546911954879761, 0.03405416011810303, 0.8426513671875], [-0.07701466977596283, 0.05430813133716583, -0.995549738407135, 1.4861602783203125], [0.5503732562065125, -0.8302820324897766, -0.08786891400814056, -1.1239013671875], [0.0, 0.0, 0.0, 1.0]], [[0.9454444050788879, 0.3206125795841217, -0.0578133687376976, -1.1333580017089844], [-0.06902626901865005, 0.02370871789753437, -0.9973330497741699, 1.5879669189453125], [-0.31838691234588623, 0.9469136595726013, 0.044545967131853104, -0.1055908203125], [0.0, 0.0, 0.0, 1.0]], [[0.0024702667724341154, 0.9994321465492249, 0.033604420721530914, 0.003662109375], [-0.09414356201887131, 0.03368770331144333, -0.9949885606765747, 1.5710372924804688], [-0.9955555200576782, -0.0007057618349790573, 0.09417332708835602, -0.08636474609375], [0.0, 0.0, 0.0, 1.0]], [[-0.932703971862793, 0.3527944087982178, 0.07482940703630447, 0.981201171875], [-0.06137042120099068, 0.049198977649211884, -0.9969017505645752, 1.5412673950195312], [-0.35538291931152344, -0.934406578540802, -0.02423693798482418, -0.12353515625], [0.0, 0.0, 0.0, 1.0]]], "view": [[0.0, -2.0, 100.0], [-2.0, 0.0, 100.0], [0.0, 0.0, 1.0]], "bev": "bev_972f3a3b96874af6a9131baeffcf4fd9.png", "aux": "aux_972f3a3b96874af6a9131baeffcf4fd9.npz", "visibility": "visibility_972f3a3b96874af6a9131baeffcf4fd9.png", "pose": [[0.7330745458602905, 0.6801483035087585, 0.0, 676.308349609375], [-0.6801483035087585, 0.7330745458602905, 0.0, 1608.6796875], [0.0, 0.0, 1.0, 0.0], [0.0, 0.0, 0.0, 1.0]], "pose_inverse": [[0.7330745458602905, -0.6801483035087585, 0.0, 598.3562622070312], [0.6801483035087585, 0.7330745458602905, 0.0, -1639.2720947265625], [0.0, 0.0, 1.0, 0.0], [0.0, 0.0, 0.0, 1.0]], "cam_ids": [0, 1, 2, 3, 4, 5], "cam_channels": ["CAM_FRONT_LEFT", "CAM_FRONT", "CAM_FRONT_RIGHT", "CAM_BACK_LEFT", "CAM_BACK", "CAM_BACK_RIGHT"], "token": "972f3a3b96874af6a9131baeffcf4fd9", "scene": "scene-1005"}, {"images": ["samples/CAM_FRONT_LEFT/n015-2018-11-14-18-57-54+0800__CAM_FRONT_LEFT__1542193484904844.jpg", "samples/CAM_FRONT/n015-2018-11-14-18-57-54+0800__CAM_FRONT__1542193484912460.jpg", "samples/CAM_FRONT_RIGHT/n015-2018-11-14-18-57-54+0800__CAM_FRONT_RIGHT__1542193484920339.jpg", "samples/CAM_BACK_LEFT/n015-2018-11-14-18-57-54+0800__CAM_BACK_LEFT__1542193484947423.jpg", "samples/CAM_BACK/n015-2018-11-14-18-57-54+0800__CAM_BACK__1542193484937525.jpg", "samples/CAM_BACK_RIGHT/n015-2018-11-14-18-57-54+0800__CAM_BACK_RIGHT__1542193484927893.jpg"], "intrinsics": [[[1272.5979470598488, 0.0, 826.6154927353808], [0.0, 1272.5979470598488, 479.75165386361925], [0.0, 0.0, 1.0]], [[1266.417203046554, 0.0, 816.2670197447984], [0.0, 1266.417203046554, 491.50706579294757], [0.0, 0.0, 1.0]], [[1260.8474446004698, 0.0, 807.968244525554], [0.0, 1260.8474446004698, 495.3344268742088], [0.0, 0.0, 1.0]], [[1256.7414812095406, 0.0, 792.1125740759628], [0.0, 1256.7414812095406, 492.7757465151356], [0.0, 0.0, 1.0]], [[809.2209905677063, 0.0, 829.2196003259838], [0.0, 809.2209905677063, 481.77842384512485], [0.0, 0.0, 1.0]], [[1259.5137405846733, 0.0, 807.2529053838625], [0.0, 1259.5137405846733, 501.19579884916527], [0.0, 0.0, 1.0]]], "extrinsics": [[[0.8185905814170837, -0.5679824352264404, -0.08547176420688629, -0.6834716796875], [-0.08004260808229446, 0.034550730139017105, -0.996192455291748, 1.480743408203125], [0.5687728524208069, 0.8223151564598083, -0.017179887741804123, -1.08587646484375], [0.0, 0.0, 0.0, 1.0]], [[0.0066568623296916485, -0.999495804309845, -0.031044980511069298, 0.0076904296875], [-0.08536817133426666, 0.03036431409418583, -0.9958866834640503, 1.496368408203125], [0.9963271021842957, 0.009279783815145493, -0.0851229876279831, -1.41033935546875], [0.0, 0.0, 0.0, 1.0]], [[-0.8305697441101074, -0.5554692149162292, 0.04009866714477539, 0.84942626953125], [-0.07981730252504349, 0.047470591962337494, -0.9956785440444946, 1.4860000610351562], [0.5511652231216431, -0.8301810026168823, -0.08376369625329971, -1.1265869140625], [0.0, 0.0, 0.0, 1.0]], [[0.9449665546417236, 0.32120275497436523, -0.06218531355261803, -1.1353797912597656], [-0.07133560627698898, 0.016785873100161552, -0.9973111152648926, 1.588043212890625], [-0.319295197725296, 0.9468616843223572, 0.038775280117988586, -0.10595703125], [0.0, 0.0, 0.0, 1.0]], [[0.0016795683186501265, 0.9996394515037537, 0.026799345389008522, 0.002685546875], [-0.09662207961082458, 0.02683621644973755, -0.99495929479599, 1.5711212158203125], [-0.9953197240829468, -0.0009183297515846789, 0.09663231670856476, -0.08294677734375], [0.0, 0.0, 0.0, 1.0]], [[-0.932870626449585, 0.3523396849632263, 0.07489369809627533, 0.98583984375], [-0.06403463333845139, 0.042392298579216, -0.9970468282699585, 1.541107177734375], [-0.3544740080833435, -0.9349116086959839, -0.016984594985842705, -0.1202392578125], [0.0, 0.0, 0.0, 1.0]]], "view": [[0.0, -2.0, 100.0], [-2.0, 0.0, 100.0], [0.0, 0.0, 1.0]], "bev": "bev_7bde5dace5cb48d080a936c2593dcdb1.png", "aux": "aux_7bde5dace5cb48d080a936c2593dcdb1.npz", "visibility": "visibility_7bde5dace5cb48d080a936c2593dcdb1.png", "pose": [[0.7258669137954712, 0.687835156917572, 0.0, 679.1856689453125], [-0.687835156917572, 0.7258669137954712, 0.0, 1605.94384765625], [0.0, 0.0, 1.0, 0.0], [0.0, 0.0, 0.0, 1.0]], "pose_inverse": [[0.7258669137954712, -0.687835156917572, 0.0, 611.6262817382812], [0.687835156917572, 0.7258669137954712, 0.0, -1632.8692626953125], [0.0, 0.0, 1.0, 0.0], [0.0, 0.0, 0.0, 1.0]], "cam_ids": [0, 1, 2, 3, 4, 5], "cam_channels": ["CAM_FRONT_LEFT", "CAM_FRONT", "CAM_FRONT_RIGHT", "CAM_BACK_LEFT", "CAM_BACK", "CAM_BACK_RIGHT"], "token": "7bde5dace5cb48d080a936c2593dcdb1", "scene": "scene-1005"}, {"images": ["samples/CAM_FRONT_LEFT/n015-2018-11-14-18-57-54+0800__CAM_FRONT_LEFT__1542193485404844.jpg", "samples/CAM_FRONT/n015-2018-11-14-18-57-54+0800__CAM_FRONT__1542193485412460.jpg", "samples/CAM_FRONT_RIGHT/n015-2018-11-14-18-57-54+0800__CAM_FRONT_RIGHT__1542193485420339.jpg", "samples/CAM_BACK_LEFT/n015-2018-11-14-18-57-54+0800__CAM_BACK_LEFT__1542193485447423.jpg", "samples/CAM_BACK/n015-2018-11-14-18-57-54+0800__CAM_BACK__1542193485437525.jpg", "samples/CAM_BACK_RIGHT/n015-2018-11-14-18-57-54+0800__CAM_BACK_RIGHT__1542193485427893.jpg"], "intrinsics": [[[1272.5979470598488, 0.0, 826.6154927353808], [0.0, 1272.5979470598488, 479.75165386361925], [0.0, 0.0, 1.0]], [[1266.417203046554, 0.0, 816.2670197447984], [0.0, 1266.417203046554, 491.50706579294757], [0.0, 0.0, 1.0]], [[1260.8474446004698, 0.0, 807.968244525554], [0.0, 1260.8474446004698, 495.3344268742088], [0.0, 0.0, 1.0]], [[1256.7414812095406, 0.0, 792.1125740759628], [0.0, 1256.7414812095406, 492.7757465151356], [0.0, 0.0, 1.0]], [[809.2209905677063, 0.0, 829.2196003259838], [0.0, 809.2209905677063, 481.77842384512485], [0.0, 0.0, 1.0]], [[1259.5137405846733, 0.0, 807.2529053838625], [0.0, 1259.5137405846733, 501.19579884916527], [0.0, 0.0, 1.0]]], "extrinsics": [[[0.8185935020446777, -0.5684033036231995, -0.08259636163711548, -0.68408203125], [-0.07979919761419296, 0.02986065484583378, -0.9963635802268982, 1.4808883666992188], [0.5688027739524841, 0.822208046913147, -0.020914383232593536, -1.08673095703125], [0.0, 0.0, 0.0, 1.0]], [[0.006538200657814741, -0.9996275305747986, -0.02649371698498726, 0.0079345703125], [-0.08506254106760025, 0.025842279195785522, -0.9960404634475708, 1.4964752197265625], [0.9963541626930237, 0.008765934966504574, -0.08486189693212509, -1.41107177734375], [0.0, 0.0, 0.0, 1.0]], [[-0.8306576609611511, -0.5551794767379761, 0.04223125800490379, 0.849639892578125], [-0.07944736629724503, 0.043112531304359436, -0.9959062933921814, 1.4861221313476562], [0.5510860681533813, -0.8306123614311218, -0.07991930842399597, -1.126708984375], [0.0, 0.0, 0.0, 1.0]], [[0.9449581503868103, 0.321091890335083, -0.0628797709941864, -1.1364288330078125], [-0.07078614085912704, 0.012997006997466087, -0.9974068403244019, 1.5881271362304688], [-0.3194420337677002, 0.9469588398933411, 0.03501048684120178, -0.105712890625], [0.0, 0.0, 0.0, 1.0]], [[0.0016307284822687507, 0.9997385740280151, 0.02280789613723755, 0.0028076171875], [-0.09611969441175461, 0.02285902388393879, -0.9951072931289673, 1.5712432861328125], [-0.9953683614730835, -0.0005695258732885122, 0.0961318388581276, -0.08209228515625], [0.0, 0.0, 0.0, 1.0]], [[-0.9328837394714355, 0.3527049720287323, 0.07298775762319565, 0.986328125], [-0.06359049677848816, 0.038174062967300415, -0.997245728969574, 1.5412216186523438], [-0.3545198440551758, -0.9349555969238281, -0.013183274306356907, -0.1201171875], [0.0, 0.0, 0.0, 1.0]]], "view": [[0.0, -2.0, 100.0], [-2.0, 0.0, 100.0], [0.0, 0.0, 1.0]], "bev": "bev_eed5b5d37e7e4d5088fb77ef70a5cbc8.png", "aux": "aux_eed5b5d37e7e4d5088fb77ef70a5cbc8.npz", "visibility": "visibility_eed5b5d37e7e4d5088fb77ef70a5cbc8.png", "pose": [[0.7186650037765503, 0.6953564286231995, 0.0, 682.0603637695312], [-0.6953564286231995, 0.7186650037765503, 0.0, 1603.169677734375], [0.0, 0.0, 1.0, 0.0], [0.0, 0.0, 0.0, 1.0]], "pose_inverse": [[0.7186650037765503, -0.6953564286231995, 0.0, 624.6014404296875], [0.6953564286231995, 0.7186650037765503, 0.0, -1626.4169921875], [0.0, 0.0, 1.0, 0.0], [0.0, 0.0, 0.0, 1.0]], "cam_ids": [0, 1, 2, 3, 4, 5], "cam_channels": ["CAM_FRONT_LEFT", "CAM_FRONT", "CAM_FRONT_RIGHT", "CAM_BACK_LEFT", "CAM_BACK", "CAM_BACK_RIGHT"], "token": "eed5b5d37e7e4d5088fb77ef70a5cbc8", "scene": "scene-1005"}, {"images": ["samples/CAM_FRONT_LEFT/n015-2018-11-14-18-57-54+0800__CAM_FRONT_LEFT__1542193485904844.jpg", "samples/CAM_FRONT/n015-2018-11-14-18-57-54+0800__CAM_FRONT__1542193485912460.jpg", "samples/CAM_FRONT_RIGHT/n015-2018-11-14-18-57-54+0800__CAM_FRONT_RIGHT__1542193485920339.jpg", "samples/CAM_BACK_LEFT/n015-2018-11-14-18-57-54+0800__CAM_BACK_LEFT__1542193485947423.jpg", "samples/CAM_BACK/n015-2018-11-14-18-57-54+0800__CAM_BACK__1542193485937525.jpg", "samples/CAM_BACK_RIGHT/n015-2018-11-14-18-57-54+0800__CAM_BACK_RIGHT__1542193485927893.jpg"], "intrinsics": [[[1272.5979470598488, 0.0, 826.6154927353808], [0.0, 1272.5979470598488, 479.75165386361925], [0.0, 0.0, 1.0]], [[1266.417203046554, 0.0, 816.2670197447984], [0.0, 1266.417203046554, 491.50706579294757], [0.0, 0.0, 1.0]], [[1260.8474446004698, 0.0, 807.968244525554], [0.0, 1260.8474446004698, 495.3344268742088], [0.0, 0.0, 1.0]], [[1256.7414812095406, 0.0, 792.1125740759628], [0.0, 1256.7414812095406, 492.7757465151356], [0.0, 0.0, 1.0]], [[809.2209905677063, 0.0, 829.2196003259838], [0.0, 809.2209905677063, 481.77842384512485], [0.0, 0.0, 1.0]], [[1259.5137405846733, 0.0, 807.2529053838625], [0.0, 1259.5137405846733, 501.19579884916527], [0.0, 0.0, 1.0]]], "extrinsics": [[[0.8186451196670532, -0.5690040588378906, -0.07781054079532623, -0.697265625], [-0.07468833029270172, 0.028853023424744606, -0.9967894554138184, 1.4838714599609375], [0.5694222450256348, 0.8218283653259277, -0.01887757144868374, -1.09686279296875], [0.0, 0.0, 0.0, 1.0]], [[0.006347339134663343, -0.9996591210365295, -0.025321422144770622, 0.0089111328125], [-0.0800006240606308, 0.024733126163482666, -0.9964879751205444, 1.4989700317382812], [0.9967746138572693, 0.008350793272256851, -0.07981637120246887, -1.42449951171875], [0.0, 0.0, 0.0, 1.0]], [[-0.8309634923934937, -0.5549773573875427, 0.038727518171072006, 0.85870361328125], [-0.07442478835582733, 0.04190853238105774, -0.996345579624176, 1.487945556640625], [0.5513262152671814, -0.8308091163635254, -0.0761285200715065, -1.1314697265625], [0.0, 0.0, 0.0, 1.0]], [[0.9453257322311401, 0.32080215215682983, -0.05869581922888756, -1.1337966918945312], [-0.06584685295820236, 0.011478009633719921, -0.9977636933326721, 1.5879631042480469], [-0.3194109797477722, 0.947076678276062, 0.031974274665117264, -0.106689453125], [0.0, 0.0, 0.0, 1.0]], [[0.0017117802053689957, 0.9997700452804565, 0.02137928269803524, 0.0023193359375], [-0.09116169065237045, 0.021446309983730316, -0.9956051707267761, 1.5718231201171875], [-0.9958347082138062, -0.0002446978469379246, 0.09117742627859116, -0.08026123046875], [0.0, 0.0, 0.0, 1.0]], [[-0.9331698417663574, 0.3529706597328186, 0.06786560267210007, 0.991943359375], [-0.05860171094536781, 0.036879487335681915, -0.9975999593734741, 1.5423812866210938], [-0.3546264171600342, -0.9349072575569153, -0.013730139471590519, -0.1170654296875], [0.0, 0.0, 0.0, 1.0]]], "view": [[0.0, -2.0, 100.0], [-2.0, 0.0, 100.0], [0.0, 0.0, 1.0]], "bev": "bev_4ca5a87619f44837b09fe4c320e0d944.png", "aux": "aux_4ca5a87619f44837b09fe4c320e0d944.npz", "visibility": "visibility_4ca5a87619f44837b09fe4c320e0d944.png", "pose": [[0.7124373316764832, 0.7017357349395752, 0.0, 684.7915649414062], [-0.7017357349395752, 0.7124373316764832, 0.0, 1600.4539794921875], [0.0, 0.0, 1.0, 0.0], [0.0, 0.0, 0.0, 1.0]], "pose_inverse": [[0.7124373316764832, -0.7017357349395752, 0.0, 635.2246704101562], [0.7017357349395752, 0.7124373316764832, 0.0, -1620.765869140625], [0.0, 0.0, 1.0, 0.0], [0.0, 0.0, 0.0, 1.0]], "cam_ids": [0, 1, 2, 3, 4, 5], "cam_channels": ["CAM_FRONT_LEFT", "CAM_FRONT", "CAM_FRONT_RIGHT", "CAM_BACK_LEFT", "CAM_BACK", "CAM_BACK_RIGHT"], "token": "4ca5a87619f44837b09fe4c320e0d944", "scene": "scene-1005"}, {"images": ["samples/CAM_FRONT_LEFT/n015-2018-11-14-18-57-54+0800__CAM_FRONT_LEFT__1542193486404844.jpg", "samples/CAM_FRONT/n015-2018-11-14-18-57-54+0800__CAM_FRONT__1542193486412460.jpg", "samples/CAM_FRONT_RIGHT/n015-2018-11-14-18-57-54+0800__CAM_FRONT_RIGHT__1542193486420339.jpg", "samples/CAM_BACK_LEFT/n015-2018-11-14-18-57-54+0800__CAM_BACK_LEFT__1542193486447423.jpg", "samples/CAM_BACK/n015-2018-11-14-18-57-54+0800__CAM_BACK__1542193486437525.jpg", "samples/CAM_BACK_RIGHT/n015-2018-11-14-18-57-54+0800__CAM_BACK_RIGHT__1542193486427893.jpg"], "intrinsics": [[[1272.5979470598488, 0.0, 826.6154927353808], [0.0, 1272.5979470598488, 479.75165386361925], [0.0, 0.0, 1.0]], [[1266.417203046554, 0.0, 816.2670197447984], [0.0, 1266.417203046554, 491.50706579294757], [0.0, 0.0, 1.0]], [[1260.8474446004698, 0.0, 807.968244525554], [0.0, 1260.8474446004698, 495.3344268742088], [0.0, 0.0, 1.0]], [[1256.7414812095406, 0.0, 792.1125740759628], [0.0, 1256.7414812095406, 492.7757465151356], [0.0, 0.0, 1.0]], [[809.2209905677063, 0.0, 829.2196003259838], [0.0, 809.2209905677063, 481.77842384512485], [0.0, 0.0, 1.0]], [[1259.5137405846733, 0.0, 807.2529053838625], [0.0, 1259.5137405846733, 501.19579884916527], [0.0, 0.0, 1.0]]], "extrinsics": [[[0.818668007850647, -0.5687726140022278, -0.07924848794937134, -0.701416015625], [-0.07792143523693085, 0.026702050119638443, -0.9966018795967102, 1.4832382202148438], [0.5689558982849121, 0.8220612406730652, -0.022459466010332108, -1.100341796875], [0.0, 0.0, 0.0, 1.0]], [[0.006422118283808231, -0.9997053146362305, -0.023407429456710815, 0.0089111328125], [-0.08314349502325058, 0.02279304340481758, -0.9962769150733948, 1.4985427856445312], [0.9965168833732605, 0.0083443783223629, -0.08297261595726013, -1.4293212890625], [0.0, 0.0, 0.0, 1.0]], [[-0.8308154344558716, -0.5549424290657043, 0.04224373400211334, 0.862396240234375], [-0.07748328894376755, 0.04016952961683273, -0.9961840510368347, 1.487640380859375], [0.5511279106140137, -0.8309183120727539, -0.07637223601341248, -1.1341552734375], [0.0, 0.0, 0.0, 1.0]], [[0.9450898170471191, 0.32091841101646423, -0.061777036637067795, -1.1382675170898438], [-0.06870882958173752, 0.010308763943612576, -0.9975834488868713, 1.5882835388183594], [-0.31950607895851135, 0.9470507502555847, 0.03179263696074486, -0.104736328125], [0.0, 0.0, 0.0, 1.0]], [[0.0016438249731436372, 0.9997984170913696, 0.02001013606786728, 0.00244140625], [-0.0941002294421196, 0.02007601596415043, -0.9953603148460388, 1.5720367431640625], [-0.9955613017082214, -0.00024686779943294823, 0.0941142663359642, -0.07550048828125], [0.0, 0.0, 0.0, 1.0]], [[-0.9329908490180969, 0.35300499200820923, 0.07011003792285919, 0.99658203125], [-0.061600398272275925, 0.035298388451337814, -0.9974765777587891, 1.5422210693359375], [-0.3545890152454376, -0.934955358505249, -0.011187827214598656, -0.115478515625], [0.0, 0.0, 0.0, 1.0]]], "view": [[0.0, -2.0, 100.0], [-2.0, 0.0, 100.0], [0.0, 0.0, 1.0]], "bev": "bev_ace521f66b0e413184ca277903414164.png", "aux": "aux_ace521f66b0e413184ca277903414164.npz", "visibility": "visibility_ace521f66b0e413184ca277903414164.png", "pose": [[0.7062634229660034, 0.7079491019248962, 0.0, 687.40380859375], [-0.7079491019248962, 0.7062634229660034, 0.0, 1597.8204345703125], [0.0, 0.0, 1.0, 0.0], [0.0, 0.0, 0.0, 1.0]], "pose_inverse": [[0.7062634229660034, -0.7079491019248962, 0.0, 645.6873779296875], [0.7079491019248962, 0.7062634229660034, 0.0, -1615.1290283203125], [0.0, 0.0, 1.0, 0.0], [0.0, 0.0, 0.0, 1.0]], "cam_ids": [0, 1, 2, 3, 4, 5], "cam_channels": ["CAM_FRONT_LEFT", "CAM_FRONT", "CAM_FRONT_RIGHT", "CAM_BACK_LEFT", "CAM_BACK", "CAM_BACK_RIGHT"], "token": "ace521f66b0e413184ca277903414164", "scene": "scene-1005"}, {"images": ["samples/CAM_FRONT_LEFT/n015-2018-11-14-18-57-54+0800__CAM_FRONT_LEFT__1542193486904844.jpg", "samples/CAM_FRONT/n015-2018-11-14-18-57-54+0800__CAM_FRONT__1542193486912460.jpg", "samples/CAM_FRONT_RIGHT/n015-2018-11-14-18-57-54+0800__CAM_FRONT_RIGHT__1542193486920339.jpg", "samples/CAM_BACK_LEFT/n015-2018-11-14-18-57-54+0800__CAM_BACK_LEFT__1542193486947423.jpg", "samples/CAM_BACK/n015-2018-11-14-18-57-54+0800__CAM_BACK__1542193486937525.jpg", "samples/CAM_BACK_RIGHT/n015-2018-11-14-18-57-54+0800__CAM_BACK_RIGHT__1542193486927893.jpg"], "intrinsics": [[[1272.5979470598488, 0.0, 826.6154927353808], [0.0, 1272.5979470598488, 479.75165386361925], [0.0, 0.0, 1.0]], [[1266.417203046554, 0.0, 816.2670197447984], [0.0, 1266.417203046554, 491.50706579294757], [0.0, 0.0, 1.0]], [[1260.8474446004698, 0.0, 807.968244525554], [0.0, 1260.8474446004698, 495.3344268742088], [0.0, 0.0, 1.0]], [[1256.7414812095406, 0.0, 792.1125740759628], [0.0, 1256.7414812095406, 492.7757465151356], [0.0, 0.0, 1.0]], [[809.2209905677063, 0.0, 829.2196003259838], [0.0, 809.2209905677063, 481.77842384512485], [0.0, 0.0, 1.0]], [[1259.5137405846733, 0.0, 807.2529053838625], [0.0, 1259.5137405846733, 501.19579884916527], [0.0, 0.0, 1.0]]], "extrinsics": [[[0.8193767070770264, -0.5677340626716614, -0.07937180250883102, -0.6854248046875], [-0.07928432524204254, 0.02489464543759823, -0.9965411424636841, 1.4813690185546875], [0.5677462220191956, 0.8228355646133423, -0.02461431734263897, -1.09326171875], [0.0, 0.0, 0.0, 1.0]], [[0.007839691825211048, -0.9997381567955017, -0.021494925022125244, 0.011962890625], [-0.08452893048524857, 0.020756099373102188, -0.9962048530578613, 1.496917724609375], [0.996390163898468, 0.009626920334994793, -0.08434408158063889, -1.41522216796875], [0.0, 0.0, 0.0, 1.0]], [[-0.8300498723983765, -0.5559034943580627, 0.044592395424842834, 0.8541259765625], [-0.07891608029603958, 0.03792590647935867, -0.996159553527832, 1.4863815307617188], [0.5520774722099304, -0.8303811550140381, -0.07535012066364288, -1.1258544921875], [0.0, 0.0, 0.0, 1.0]], [[0.9449197053909302, 0.3209494352340698, -0.06417316198348999, -1.1350173950195312], [-0.07023504376411438, 0.007333020213991404, -0.9975034594535828, 1.5880165100097656], [-0.3196776211261749, 0.94706791639328, 0.0294710174202919, -0.1060791015625], [0.0, 0.0, 0.0, 1.0]], [[0.0010537520283833146, 0.9998489022254944, 0.017353767529129982, 0.0015869140625], [-0.09554856270551682, 0.017375051975250244, -0.9952731132507324, 1.5713043212890625], [-0.995424211025238, -0.0006094031850807369, 0.09555242955684662, -0.08184814453125], [0.0,