[{"images": ["samples/CAM_FRONT_LEFT/n008-2018-08-28-13-40-50-0400__CAM_FRONT_LEFT__1535478781104799.jpg", "samples/CAM_FRONT/n008-2018-08-28-13-40-50-0400__CAM_FRONT__1535478781112404.jpg", "samples/CAM_FRONT_RIGHT/n008-2018-08-28-13-40-50-0400__CAM_FRONT_RIGHT__1535478781120482.jpg", "samples/CAM_BACK_LEFT/n008-2018-08-28-13-40-50-0400__CAM_BACK_LEFT__1535478781147405.jpg", "samples/CAM_BACK/n008-2018-08-28-13-40-50-0400__CAM_BACK__1535478781137558.jpg", "samples/CAM_BACK_RIGHT/n008-2018-08-28-13-40-50-0400__CAM_BACK_RIGHT__1535478781128113.jpg"], "intrinsics": [[[1257.8625342125129, 0.0, 827.2410631095686], [0.0, 1257.8625342125129, 450.915498205774], [0.0, 0.0, 1.0]], [[1252.8131021185304, 0.0, 826.588114781398], [0.0, 1252.8131021185304, 469.9846626224581], [0.0, 0.0, 1.0]], [[1256.7485116440405, 0.0, 817.7887570959712], [0.0, 1256.7485116440403, 451.9541780095127], [0.0, 0.0, 1.0]], [[1254.9860565800168, 0.0, 829.5769333630991], [0.0, 1254.9860565800168, 467.1680561863987], [0.0, 0.0, 1.0]], [[796.8910634503094, 0.0, 857.7774326863696], [0.0, 796.8910634503094, 476.8848988407415], [0.0, 0.0, 1.0]], [[1249.9629280788233, 0.0, 825.3768045375984], [0.0, 1249.9629280788233, 462.54816385708756], [0.0, 0.0, 1.0]]], "extrinsics": [[[0.8227619528770447, -0.5683153867721558, -0.008971893228590488, -0.6545867919921875], [0.006617145612835884, 0.02536117658019066, -0.9996564388275146, 1.4910430908203125], [0.568347692489624, 0.8224198818206787, 0.0246268343180418, -1.093994140625], [0.0, 0.0, 0.0, 1.0]], [[0.010563934221863747, -0.999718964099884, -0.021219402551651, 0.0111083984375], [0.008501670323312283, 0.021309616044163704, -0.9997367858886719, 1.4830818176269531], [0.9999080896377563, 0.010380703024566174, 0.00872439332306385, -1.3868408203125], [0.0, 0.0, 0.0, 1.0]], [[-0.8438576459884644, -0.5361682772636414, -0.02068375051021576, 0.866455078125], [0.016446169465780258, 0.012684567831456661, -0.9997842311859131, 1.4974403381347656], [0.5363150835037231, -0.8440157175064087, -0.0018860537093132734, -1.1331787109375], [0.0, 0.0, 0.0, 1.0]], [[0.9478389024734497, 0.31874996423721313, 6.206890247995034e-06, -1.152099609375], [-0.009394006803631783, 0.02795359492301941, -0.999565064907074, 1.5621452331542969], [-0.3186115324497223, 0.9474265575408936, 0.02948984131217003, -0.152587890625], [0.0, 0.0, 0.0, 1.0]], [[0.00907904002815485, 0.999752402305603, 0.02031288854777813, -0.0284423828125], [-0.007069580722600222, 0.020377391949295998, -0.9997673034667969, 1.5673980712890625], [-0.9999338388442993, 0.008933327160775661, 0.007252838462591171, -0.0484619140625], [0.0, 0.0, 0.0, 1.0]], [[-0.9237964153289795, 0.38288062810897827, 0.0016175967175513506, 0.984710693359375], [-0.0027231071144342422, -0.0023454076144844294, -0.9999935626983643, 1.5472979545593262], [-0.38287433981895447, -0.9237948656082153, 0.0032093042973428965, -0.115478515625], [0.0, 0.0, 0.0, 1.0]]], "view": [[0.0, -2.0, 100.0], [-2.0, 0.0, 100.0], [0.0, 0.0, 1.0]], "bev": "bev_6376cf8d3210441a953615182b691e41.png", "aux": "aux_6376cf8d3210441a953615182b691e41.npz", "visibility": "visibility_6376cf8d3210441a953615182b691e41.png", "pose": [[0.8485435843467712, 0.5291255116462708, 0.0, 1933.0416259765625], [-0.5291255116462708, 0.8485435843467712, 0.0, 1042.6114501953125], [0.0, 0.0, 1.0, 0.0], [0.0, 0.0, 0.0, 1.0]], "pose_inverse": [[0.8485435843467712, -0.5291255116462708, 0.0, -1088.5977783203125], [0.5291255116462708, 0.8485435843467712, 0.0, -1907.5228271484375], [0.0, 0.0, 1.0, 0.0], [0.0, 0.0, 0.0, 1.0]], "cam_ids": [0, 1, 2, 3, 4, 5], "cam_channels": ["CAM_FRONT_LEFT", "CAM_FRONT", "CAM_FRONT_RIGHT", "CAM_BACK_LEFT", "CAM_BACK", "CAM_BACK_RIGHT"], "token": "6376cf8d3210441a953615182b691e41", "scene": "scene-0509"}, {"images": ["samples/CAM_FRONT_LEFT/n008-2018-08-28-13-40-50-0400__CAM_FRONT_LEFT__1535478781604799.jpg", "samples/CAM_FRONT/n008-2018-08-28-13-40-50-0400__CAM_FRONT__1535478781612404.jpg", "samples/CAM_FRONT_RIGHT/n008-2018-08-28-13-40-50-0400__CAM_FRONT_RIGHT__1535478781620482.jpg", "samples/CAM_BACK_LEFT/n008-2018-08-28-13-40-50-0400__CAM_BACK_LEFT__1535478781647405.jpg", "samples/CAM_BACK/n008-2018-08-28-13-40-50-0400__CAM_BACK__1535478781637558.jpg", "samples/CAM_BACK_RIGHT/n008-2018-08-28-13-40-50-0400__CAM_BACK_RIGHT__1535478781628113.jpg"], "intrinsics": [[[1257.8625342125129, 0.0, 827.2410631095686], [0.0, 1257.8625342125129, 450.915498205774], [0.0, 0.0, 1.0]], [[1252.8131021185304, 0.0, 826.588114781398], [0.0, 1252.8131021185304, 469.9846626224581], [0.0, 0.0, 1.0]], [[1256.7485116440405, 0.0, 817.7887570959712], [0.0, 1256.7485116440403, 451.9541780095127], [0.0, 0.0, 1.0]], [[1254.9860565800168, 0.0, 829.5769333630991], [0.0, 1254.9860565800168, 467.1680561863987], [0.0, 0.0, 1.0]], [[796.8910634503094, 0.0, 857.7774326863696], [0.0, 796.8910634503094, 476.8848988407415], [0.0, 0.0, 1.0]], [[1249.9629280788233, 0.0, 825.3768045375984], [0.0, 1249.9629280788233, 462.54816385708756], [0.0, 0.0, 1.0]]], "extrinsics": [[[0.8223323822021484, -0.5688908100128174, -0.011529079638421535, -0.632171630859375], [0.0008659442537464201, 0.021512920036911964, -0.9997681975364685, 1.4886932373046875], [0.5690069794654846, 0.8221317529678345, 0.018183397129178047, -1.07470703125], [0.0, 0.0, 0.0, 1.0]], [[0.009937446564435959, -0.9998010993003845, -0.01729043573141098, 0.0086669921875], [0.002784464042633772, 0.01731889136135578, -0.9998461604118347, 1.4812088012695312], [0.9999467730522156, 0.009887771680951118, 0.002956015756353736, -1.363037109375], [0.0, 0.0, 0.0, 1.0]], [[-0.8441613912582397, -0.5359153747558594, -0.013652934692800045, 0.8502197265625], [0.010747328400611877, 0.008544574491679668, -0.9999057054519653, 1.4961318969726562], [0.5359815359115601, -0.8442285656929016, -0.0014533414505422115, -1.12542724609375], [0.0, 0.0, 0.0, 1.0]], [[0.9477644562721252, 0.3189125657081604, -0.00611370662227273, -1.1474609375], [-0.014341161586344242, 0.023456737399101257, -0.9996219873428345, 1.5620803833007812], [-0.3186485767364502, 0.9474939107894897, 0.026805037632584572, -0.155517578125], [0.0, 0.0, 0.0, 1.0]], [[0.00921639148145914, 0.9998316168785095, 0.01586674340069294, -0.0281982421875], [-0.012330596335232258, 0.015979845076799393, -0.9997962713241577, 1.5668020248413086], [-0.9998815655708313, 0.009018879383802414, 0.012475796975195408, -0.057373046875], [0.0, 0.0, 0.0, 1.0]], [[-0.9236787557601929, 0.3831341862678528, 0.0050760735757648945, 0.97369384765625], [-0.008237121626734734, -0.006610384676605463, -0.9999442100524902, 1.5461444854736328], [-0.3830792009830475, -0.9236690998077393, 0.00926179625093937, -0.12158203125], [0.0, 0.0, 0.0, 1.0]]], "view": [[0.0, -2.0, 100.0], [-2.0, 0.0, 100.0], [0.0, 0.0, 1.0]], "bev": "bev_cda634676cc64b3e93e82eca4770242d.png", "aux": "aux_cda634676cc64b3e93e82eca4770242d.npz", "visibility": "visibility_cda634676cc64b3e93e82eca4770242d.png", "pose": [[0.8490771055221558, 0.5282689929008484, 0.0, 1937.5343017578125], [-0.5282689929008484, 0.8490771055221558, 0.0, 1039.7587890625], [0.0, 0.0, 1.0, 0.0], [0.0, 0.0, 0.0, 1.0]], "pose_inverse": [[0.8490771055221558, -0.5282689929008484, 0.0, -1095.8436279296875], [0.5282689929008484, 0.8490771055221558, 0.0, -1906.3746337890625], [0.0, 0.0, 1.0, 0.0], [0.0, 0.0, 0.0, 1.0]], "cam_ids": [0, 1, 2, 3, 4, 5], "cam_channels": ["CAM_FRONT_LEFT", "CAM_FRONT", "CAM_FRONT_RIGHT", "CAM_BACK_LEFT", "CAM_BACK", "CAM_BACK_RIGHT"], "token": "cda634676cc64b3e93e82eca4770242d", "scene": "scene-0509"}, {"images": ["samples/CAM_FRONT_LEFT/n008-2018-08-28-13-40-50-0400__CAM_FRONT_LEFT__1535478782104799.jpg", "samples/CAM_FRONT/n008-2018-08-28-13-40-50-0400__CAM_FRONT__1535478782112404.jpg", "samples/CAM_FRONT_RIGHT/n008-2018-08-28-13-40-50-0400__CAM_FRONT_RIGHT__1535478782120482.jpg", "samples/CAM_BACK_LEFT/n008-2018-08-28-13-40-50-0400__CAM_BACK_LEFT__1535478782147405.jpg", "samples/CAM_BACK/n008-2018-08-28-13-40-50-0400__CAM_BACK__1535478782137558.jpg", "samples/CAM_BACK_RIGHT/n008-2018-08-28-13-40-50-0400__CAM_BACK_RIGHT__1535478782128113.jpg"], "intrinsics": [[[1257.8625342125129, 0.0, 827.2410631095686], [0.0, 1257.8625342125129, 450.915498205774], [0.0, 0.0, 1.0]], [[1252.8131021185304, 0.0, 826.588114781398], [0.0, 1252.8131021185304, 469.9846626224581], [0.0, 0.0, 1.0]], [[1256.7485116440405, 0.0, 817.7887570959712], [0.0, 1256.7485116440403, 451.9541780095127], [0.0, 0.0, 1.0]], [[1254.9860565800168, 0.0, 829.5769333630991], [0.0, 1254.9860565800168, 467.1680561863987], [0.0, 0.0, 1.0]], [[796.8910634503094, 0.0, 857.7774326863696], [0.0, 796.8910634503094, 476.8848988407415], [0.0, 0.0, 1.0]], [[1249.9629280788233, 0.0, 825.3768045375984], [0.0, 1249.9629280788233, 462.54816385708756], [0.0, 0.0, 1.0]]], "extrinsics": [[[0.8225897550582886, -0.5686243176460266, -0.0035366869997233152, -0.6300048828125], [0.009279421530663967, 0.019642159342765808, -0.9997640252113342, 1.4924888610839844], [0.5685596466064453, 0.8223627805709839, 0.021433943882584572, -1.075439453125], [0.0, 0.0, 0.0, 1.0]], [[0.010284815914928913, -0.9998270273208618, -0.015498745255172253, 0.01025390625], [0.011159665882587433, 0.015613367781043053, -0.999815821647644, 1.4843101501464844], [0.9998847842216492, 0.01011001318693161, 0.01131831482052803, -1.36181640625], [0.0, 0.0, 0.0, 1.0]], [[-0.8439736366271973, -0.5360158681869507, -0.019885584712028503, 0.8502197265625], [0.019103137776255608, 0.0070127034559845924, -0.9997929334640503, 1.4985237121582031], [0.5360442996025085, -0.8441787958145142, 0.004321048501878977, -1.12347412109375], [0.0, 0.0, 0.0, 1.0]], [[0.9478802680969238, 0.3186261057853699, 0.0006413211231119931, -1.150634765625], [-0.006824918556958437, 0.02231566235423088, -0.9997276663780212, 1.5620880126953125], [-0.3185536563396454, 0.947617769241333, 0.0233271736651659, -0.15380859375], [0.0, 0.0, 0.0, 1.0]], [[0.009253586642444134, 0.9998481273651123, 0.014766538515686989, -0.0284423828125], [-0.004487168043851852, 0.014808541163802147, -0.9998802542686462, 1.5676040649414062], [-0.999947190284729, 0.009186276234686375, 0.004623518791049719, -0.0560302734375], [0.0, 0.0, 0.0, 1.0]], [[-0.9236782193183899, 0.3831576108932495, -0.0029669697396457195, 0.972808837890625], [-9.218916966347024e-05, -0.007965466938912868, -0.9999682307243347, 1.5477991104125977], [-0.383169025182724, -0.9236486554145813, 0.0073928507044911385, -0.120849609375], [0.0, 0.0, 0.0, 1.0]]], "view": [[0.0, -2.0, 100.0], [-2.0, 0.0, 100.0], [0.0, 0.0, 1.0]], "bev": "bev_417ed9b1114343ecbdeec1bf8d5e6b4b.png", "aux": "aux_417ed9b1114343ecbdeec1bf8d5e6b4b.npz", "visibility": "visibility_417ed9b1114343ecbdeec1bf8d5e6b4b.png", "pose": [[0.850822389125824, 0.5254533886909485, 0.0, 1942.107421875], [-0.5254533886909485, 0.850822389125824, 0.0, 1036.9400634765625], [0.0, 0.0, 1.0, 0.0], [0.0, 0.0, 0.0, 1.0]], "pose_inverse": [[0.850822389125824, -0.5254533886909485, 0.0, -1107.52490234375], [0.5254533886909485, 0.850822389125824, 0.0, -1902.73876953125], [0.0, 0.0, 1.0, 0.0], [0.0, 0.0, 0.0, 1.0]], "cam_ids": [0, 1, 2, 3, 4, 5], "cam_channels": ["CAM_FRONT_LEFT", "CAM_FRONT", "CAM_FRONT_RIGHT", "CAM_BACK_LEFT", "CAM_BACK", "CAM_BACK_RIGHT"], "token": "417ed9b1114343ecbdeec1bf8d5e6b4b", "scene": "scene-0509"}, {"images": ["samples/CAM_FRONT_LEFT/n008-2018-08-28-13-40-50-0400__CAM_FRONT_LEFT__1535478782604799.jpg", "samples/CAM_FRONT/n008-2018-08-28-13-40-50-0400__CAM_FRONT__1535478782612404.jpg", "samples/CAM_FRONT_RIGHT/n008-2018-08-28-13-40-50-0400__CAM_FRONT_RIGHT__1535478782620482.jpg", "samples/CAM_BACK_LEFT/n008-2018-08-28-13-40-50-0400__CAM_BACK_LEFT__1535478782647405.jpg", "samples/CAM_BACK/n008-2018-08-28-13-40-50-0400__CAM_BACK__1535478782637558.jpg", "samples/CAM_BACK_RIGHT/n008-2018-08-28-13-40-50-0400__CAM_BACK_RIGHT__1535478782628113.jpg"], "intrinsics": [[[1257.8625342125129, 0.0, 827.2410631095686], [0.0, 1257.8625342125129, 450.915498205774], [0.0, 0.0, 1.0]], [[1252.8131021185304, 0.0, 826.588114781398], [0.0, 1252.8131021185304, 469.9846626224581], [0.0, 0.0, 1.0]], [[1256.7485116440405, 0.0, 817.7887570959712], [0.0, 1256.7485116440403, 451.9541780095127], [0.0, 0.0, 1.0]], [[1254.9860565800168, 0.0, 829.5769333630991], [0.0, 1254.9860565800168, 467.1680561863987], [0.0, 0.0, 1.0]], [[796.8910634503094, 0.0, 857.7774326863696], [0.0, 796.8910634503094, 476.8848988407415], [0.0, 0.0, 1.0]], [[1249.9629280788233, 0.0, 825.3768045375984], [0.0, 1249.9629280788233, 462.54816385708756], [0.0, 0.0, 1.0]]], "extrinsics": [[[0.8221868276596069, -0.5692145824432373, -0.001900078379549086, -0.6285400390625], [0.012776043266057968, 0.021791020408272743, -0.9996808767318726, 1.4940643310546875], [0.5690743327140808, 0.8219001889228821, 0.02518860250711441, -1.07568359375], [0.0, 0.0, 0.0, 1.0]], [[0.009790554642677307, -0.9997983574867249, -0.017535816878080368, 0.010986328125], [0.014765093103051186, 0.017679288983345032, -0.9997346997261047, 1.4856414794921875], [0.9998430609703064, 0.009529060684144497, 0.014935205690562725, -1.3609619140625], [0.0, 0.0, 0.0, 1.0]], [[-0.8441010117530823, -0.5356431007385254, -0.024079900234937668, 0.849609375], [0.022815141826868057, 0.008988022804260254, -0.9996992349624634, 1.4995956420898438], [0.5356984734535217, -0.8443965911865234, 0.004633971955627203, -1.1226806640625], [0.0, 0.0, 0.0, 1.0]], [[0.947870135307312, 0.3186136484146118, 0.005243306513875723, -1.1461181640625], [-0.00257046683691442, 0.02409888431429863, -0.9997062683105469, 1.5620498657226562], [-0.31864646077156067, 0.9475782513618469, 0.023661598563194275, -0.1552734375], [0.0, 0.0, 0.0, 1.0]], [[0.009316333569586277, 0.9998183250427246, 0.016627095639705658, -0.0283203125], [-0.0005178199498914182, 0.01663263700902462, -0.999861478805542, 1.5679988861083984], [-0.9999564290046692, 0.00930643267929554, 0.0006726796855218709, -0.05859375], [0.0, 0.0, 0.0, 1.0]], [[-0.9235705733299255, 0.3833850920200348, -0.0057635558769106865, 0.971832275390625], [0.003721349174156785, -0.006068261805921793, -0.9999746084213257, 1.5485782623291016], [-0.3834103047847748, -0.9235685467720032, 0.004177758935838938, -0.120849609375], [0.0, 0.0, 0.0, 1.0]]], "view": [[0.0, -2.0, 100.0], [-2.0, 0.0, 100.0], [0.0, 0.0, 1.0]], "bev": "bev_738793bb227f464d90482c68c8240b50.png", "aux": "aux_738793bb227f464d90482c68c8240b50.npz", "visibility": "visibility_738793bb227f464d90482c68c8240b50.png", "pose": [[0.8520993590354919, 0.5233800411224365, 0.0, 1946.6826171875], [-0.5233800411224365, 0.8520993590354919, 0.0, 1034.056640625], [0.0, 0.0, 1.0, 0.0], [0.0, 0.0, 0.0, 1.0]], "pose_inverse": [[0.8520993590354919, -0.5233800411224365, 0.0, -1117.5623779296875], [0.5233800411224365, 0.8520993590354919, 0.0, -1899.973876953125], [0.0, 0.0, 1.0, 0.0], [0.0, 0.0, 0.0, 1.0]], "cam_ids": [0, 1, 2, 3, 4, 5], "cam_channels": ["CAM_FRONT_LEFT", "CAM_FRONT", "CAM_FRONT_RIGHT", "CAM_BACK_LEFT", "CAM_BACK", "CAM_BACK_RIGHT"], "token": "738793bb227f464d90482c68c8240b50", "scene": "scene-0509"}, {"images": ["samples/CAM_FRONT_LEFT/n008-2018-08-28-13-40-50-0400__CAM_FRONT_LEFT__1535478783104799.jpg", "samples/CAM_FRONT/n008-2018-08-28-13-40-50-0400__CAM_FRONT__1535478783112404.jpg", "samples/CAM_FRONT_RIGHT/n008-2018-08-28-13-40-50-0400__CAM_FRONT_RIGHT__1535478783120482.jpg", "samples/CAM_BACK_LEFT/n008-2018-08-28-13-40-50-0400__CAM_BACK_LEFT__1535478783147405.jpg", "samples/CAM_BACK/n008-2018-08-28-13-40-50-0400__CAM_BACK__1535478783137558.jpg", "samples/CAM_BACK_RIGHT/n008-2018-08-28-13-40-50-0400__CAM_BACK_RIGHT__1535478783128113.jpg"], "intrinsics": [[[1257.8625342125129, 0.0, 827.2410631095686], [0.0, 1257.8625342125129, 450.915498205774], [0.0, 0.0, 1.0]], [[1252.8131021185304, 0.0, 826.588114781398], [0.0, 1252.8131021185304, 469.9846626224581], [0.0, 0.0, 1.0]], [[1256.7485116440405, 0.0, 817.7887570959712], [0.0, 1256.7485116440403, 451.9541780095127], [0.0, 0.0, 1.0]], [[1254.9860565800168, 0.0, 829.5769333630991], [0.0, 1254.9860565800168, 467.1680561863987], [0.0, 0.0, 1.0]], [[796.8910634503094, 0.0, 857.7774326863696], [0.0, 796.8910634503094, 476.8848988407415], [0.0, 0.0, 1.0]], [[1249.9629280788233, 0.0, 825.3768045375984], [0.0, 1249.9629280788233, 462.54816385708756], [0.0, 0.0, 1.0]]], "extrinsics": [[[0.8222219944000244, -0.5691345930099487, -0.006073698401451111, -0.63311767578125], [0.008290964178740978, 0.022646572440862656, -0.9997091293334961, 1.49200439453125], [0.5691065788269043, 0.8219324946403503, 0.023339184001088142, -1.0771484375], [0.0, 0.0, 0.0, 1.0]], [[0.009930488653481007, -0.9997814297676086, -0.01839403435587883, 0.0101318359375], [0.010364005342125893, 0.018496859818696976, -0.999775230884552, 1.4839820861816406], [0.9998970031738281, 0.009737541899085045, 0.010545424185693264, -1.3648681640625], [0.0, 0.0, 0.0, 1.0]], [[-0.8440154790878296, -0.5359127521514893, -0.02086583338677883, 0.8514404296875], [0.018515432253479958, 0.009766421280801296, -0.9997808337211609, 1.4983177185058594], [0.5359990000724792, -0.8442169427871704, 0.001679644687101245, -1.12451171875], [0.0, 0.0, 0.0, 1.0]], [[0.9478842616081238, 0.31860947608947754, 0.001847585546784103, -1.1534423828125], [-0.006409256253391504, 0.024864953011274338, -0.9996702671051025, 1.5621070861816406], [-0.31855037808418274, 0.9475598931312561, 0.0256111491471529, -0.1529541015625], [0.0, 0.0, 0.0, 1.0]], [[0.009145563468337059, 0.9998086094856262, 0.01729169301688671, -0.028564453125], [-0.004461438395082951, 0.01733304187655449, -0.9998397827148438, 1.5676116943359375], [-0.999948263168335, 0.009066996164619923, 0.004619105719029903, -0.05419921875], [0.0, 0.0, 0.0, 1.0]], [[-0.9237598180770874, 0.38296857476234436, -0.0016826213104650378, 0.97344970703125], [-0.00039495748933404684, -0.0053462437354028225, -0.9999856352806091, 1.5477352142333984], [-0.3829721212387085, -0.92374587059021, 0.005089901853352785, -0.12060546875], [0.0, 0.0, 0.0, 1.0]]], "view": [[0.0, -2.0, 100.0], [-2.0, 0.0, 100.0], [0.0, 0.0, 1.0]], "bev": "bev_a148dfae15ab42e8b9a912b67f0824fc.png", "aux": "aux_a148dfae15ab42e8b9a912b67f0824fc.npz", "visibility": "visibility_a148dfae15ab42e8b9a912b67f0824fc.png", "pose": [[0.854871392250061, 0.518839955329895, 0.0, 1951.2481689453125], [-0.518839955329895, 0.854871392250061, 0.0, 1031.218994140625], [0.0, 0.0, 1.0, 0.0], [0.0, 0.0, 0.0, 1.0]], "pose_inverse": [[0.854871392250061, -0.518839955329895, 0.0, -1133.0286865234375], [0.518839955329895, 0.854871392250061, 0.0, -1893.9451904296875], [0.0, 0.0, 1.0, 0.0], [0.0, 0.0, 0.0, 1.0]], "cam_ids": [0, 1, 2, 3, 4, 5], "cam_channels": ["CAM_FRONT_LEFT", "CAM_FRONT", "CAM_FRONT_RIGHT", "CAM_BACK_LEFT", "CAM_BACK", "CAM_BACK_RIGHT"], "token": "a148dfae15ab42e8b9a912b67f0824fc", "scene": "scene-0509"}, {"images": ["samples/CAM_FRONT_LEFT/n008-2018-08-28-13-40-50-0400__CAM_FRONT_LEFT__1535478783604799.jpg", "samples/CAM_FRONT/n008-2018-08-28-13-40-50-0400__CAM_FRONT__1535478783612404.jpg", "samples/CAM_FRONT_RIGHT/n008-2018-08-28-13-40-50-0400__CAM_FRONT_RIGHT__1535478783620482.jpg", "samples/CAM_BACK_LEFT/n008-2018-08-28-13-40-50-0400__CAM_BACK_LEFT__1535478783647405.jpg", "samples/CAM_BACK/n008-2018-08-28-13-40-50-0400__CAM_BACK__1535478783637558.jpg", "samples/CAM_BACK_RIGHT/n008-2018-08-28-13-40-50-0400__CAM_BACK_RIGHT__1535478783628113.jpg"], "intrinsics": [[[1257.8625342125129, 0.0, 827.2410631095686], [0.0, 1257.8625342125129, 450.915498205774], [0.0, 0.0, 1.0]], [[1252.8131021185304, 0.0, 826.588114781398], [0.0, 1252.8131021185304, 469.9846626224581], [0.0, 0.0, 1.0]], [[1256.7485116440405, 0.0, 817.7887570959712], [0.0, 1256.7485116440403, 451.9541780095127], [0.0, 0.0, 1.0]], [[1254.9860565800168, 0.0, 829.5769333630991], [0.0, 1254.9860565800168, 467.1680561863987], [0.0, 0.0, 1.0]], [[796.8910634503094, 0.0, 857.7774326863696], [0.0, 796.8910634503094, 476.8848988407415], [0.0, 0.0, 1.0]], [[1249.9629280788233, 0.0, 825.3768045375984], [0.0, 1249.9629280788233, 462.54816385708756], [0.0, 0.0, 1.0]]], "extrinsics": [[[0.8226832747459412, -0.568396270275116, -0.010856413282454014, -0.6353607177734375], [0.004401239100843668, 0.025463948026299477, -0.9996660351753235, 1.4902000427246094], [0.5684829354286194, 0.8223607540130615, 0.023450413718819618, -1.080810546875], [0.0, 0.0, 0.0, 1.0]], [[0.010502972640097141, -0.9997159242630005, -0.02139168791472912, 0.0115966796875], [0.006477314978837967, 0.021460438147187233, -0.9997487664222717, 1.4824943542480469], [0.9999239444732666, 0.010361694730818272, 0.00670087244361639, -1.3675537109375], [0.0, 0.0, 0.0, 1.0]], [[-0.8438929319381714, -0.5361660718917847, -0.019250022247433662, 0.854248046875], [0.014619100838899612, 0.012886695563793182, -0.9998100996017456, 1.497161865234375], [0.5363123416900635, -0.8440141677856445, -0.003036726266145706, -1.12506103515625], [0.0, 0.0, 0.0, 1.0]], [[0.9478825926780701, 0.31861841678619385, -0.0009376368834637105, -1.1488037109375], [-0.010554114356637001, 0.028456788510084152, -0.999539315700531, 1.5620994567871094], [-0.3184449374675751, 0.9474557638168335, 0.03033643215894699, -0.1544189453125], [0.0, 0.0, 0.0, 1.0]], [[0.009166073985397816, 0.9997437596321106, 0.020698022097349167, -0.0284423828125], [-0.00853161234408617, 0.020776325836777687, -0.9997477531433105, 1.56719970703125], [-0.9999215602874756, 0.008987131528556347, 0.00871986337006092, -0.055419921875], [0.0, 0.0, 0.0, 1.0]], [[-0.9238002896308899, 0.3828606605529785, 0.003280047792941332, 0.97509765625], [-0.004412176087498665, -0.002078983699902892, -0.9999880790710449, 1.5469341278076172], [-0.3828492760658264, -0.9238037467002869, 0.00360981491394341, -0.119140625], [0.0, 0.0, 0.0, 1.0]]], "view": [[0.0, -2.0, 100.0], [-2.0, 0.0, 100.0], [0.0, 0.0, 1.0]], "bev": "bev_3dbd72000fa04af995f5029b9c6fd98c.png", "aux": "aux_3dbd72000fa04af995f5029b9c6fd98c.npz", "visibility": "visibility_3dbd72000fa04af995f5029b9c6fd98c.png", "pose": [[0.8549032211303711, 0.5187875032424927, 0.0, 1955.8184814453125], [-0.5187875032424927, 0.8549032211303711, 0.0, 1028.409423828125], [0.0, 0.0, 1.0, 0.0], [0.0, 0.0, 0.0, 1.0]], "pose_inverse": [[0.8549032211303711, -0.5187875032424927, 0.0, -1138.5096435546875], [0.5187875032424927, 0.8549032211303711, 0.0, -1893.8447265625], [0.0, 0.0, 1.0, 0.0], [0.0, 0.0, 0.0, 1.0]], "cam_ids": [0, 1, 2, 3, 4, 5], "cam_channels": ["CAM_FRONT_LEFT", "CAM_FRONT", "CAM_FRONT_RIGHT", "CAM_BACK_LEFT", "CAM_BACK", "CAM_BACK_RIGHT"], "token": "3dbd72000fa04af995f5029b9c6fd98c", "scene": "scene-0509"}, {"images": ["samples/CAM_FRONT_LEFT/n008-2018-08-28-13-40-50-0400__CAM_FRONT_LEFT__1535478784104799.jpg", "samples/CAM_FRONT/n008-2018-08-28-13-40-50-0400__CAM_FRONT__1535478784112404.jpg", "samples/CAM_FRONT_RIGHT/n008-2018-08-28-13-40-50-0400__CAM_FRONT_RIGHT__1535478784120482.jpg", "samples/CAM_BACK_LEFT/n008-2018-08-28-13-40-50-0400__CAM_BACK_LEFT__1535478784147405.jpg", "samples/CAM_BACK/n008-2018-08-28-13-40-50-0400__CAM_BACK__1535478784137558.jpg", "samples/CAM_BACK_RIGHT/n008-2018-08-28-13-40-50-0400__CAM_BACK_RIGHT__1535478784128113.jpg"], "intrinsics": [[[1257.8625342125129, 0.0, 827.2410631095686], [0.0, 1257.8625342125129, 450.915498205774], [0.0, 0.0, 1.0]], [[1252.8131021185304, 0.0, 826.588114781398], [0.0, 1252.8131021185304, 469.9846626224581], [0.0, 0.0, 1.0]], [[1256.7485116440405, 0.0, 817.7887570959712], [0.0, 1256.7485116440403, 451.9541780095127], [0.0, 0.0, 1.0]], [[1254.9860565800168, 0.0, 829.5769333630991], [0.0, 1254.9860565800168, 467.1680561863987], [0.0, 0.0, 1.0]], [[796.8910634503094, 0.0, 857.7774326863696], [0.0, 796.8910634503094, 476.8848988407415], [0.0, 0.0, 1.0]], [[1249.9629280788233, 0.0, 825.3768045375984], [0.0, 1249.9629280788233, 462.54816385708756], [0.0, 0.0, 1.0]]], "extrinsics": [[[0.8230034708976746, -0.5679478049278259, -0.010032696649432182, -0.6235504150390625], [0.009368554688990116, 0.031231241300702095, -0.9994682669639587, 1.4925308227539062], [0.5679591298103333, 0.8224718570709229, 0.0310242660343647, -1.0732421875], [0.0, 0.0, 0.0, 1.0]], [[0.010953409597277641, -0.9995735287666321, -0.027071557939052582, 0.0118408203125], [0.011236169375479221, 0.027194511145353317, -0.9995670318603516, 1.484375], [0.9998769164085388, 0.010644515976309776, 0.01152925007045269, -1.3544921875], [0.0, 0.0, 0.0, 1.0]], [[-0.843649685382843, -0.5362569689750671, -0.026148896664381027, 0.84326171875], [0.019167499616742134, 0.018589816987514496, -0.9996434450149536, 1.4986724853515625], [0.5365518927574158, -0.8438500761985779, -0.005404587835073471, -1.11767578125], [0.0, 0.0, 0.0, 1.0]], [[0.9478908777236938, 0.31856057047843933, 0.004714430309832096, -1.138427734375], [-0.006462980527430773, 0.03402116894721985, -0.99940025806427, 1.5620040893554688], [-0.31852987408638, 0.9472917914390564, 0.03430720418691635, -0.1580810546875], [0.0, 0.0, 0.0, 1.0]], [[0.008988522924482822, 0.9996116161346436, 0.02637961320579052, -0.02880859375], [-0.004163252655416727, 0.026417860761284828, -0.9996422529220581, 1.5675735473632812], [-0.9999509453773499, 0.00887547992169857, 0.004399091936647892, -0.0672607421875], [0.0, 0.0, 0.0, 1.0]], [[-0.9238837361335754, 0.38267120718955994, 0.0013105119578540325, 0.963226318359375], [7.255906530190259e-05, 0.0035997971426695585, -0.9999935030937195, 1.547821044921875], [-0.3826734125614166, -0.9238776564598083, -0.003353558946400881, -0.123779296875], [0.0, 0.0, 0.0, 1.0]]], "view": [[0.0, -2.0, 100.0], [-2.0, 0.0, 100.0], [0.0, 0.0, 1.0]], "bev": "bev_3ffe0a614bb14a028fd1b967223b1ebf.png", "aux": "aux_3ffe0a614bb14a028fd1b967223b1ebf.npz", "visibility": "visibility_3ffe0a614bb14a028fd1b967223b1ebf.png", "pose": [[0.8524907231330872, 0.5227423906326294, 0.0, 1960.339599609375], [-0.5227423906326294, 0.8524907231330872, 0.0, 1025.613037109375], [0.0, 0.0, 1.0, 0.0], [0.0, 0.0, 0.0, 1.0]], "pose_inverse": [[0.8524907231330872, -0.5227423906326294, 0.0, -1135.0399169921875], [0.5227423906326294, 0.8524907231330872, 0.0, -1899.078125], [0.0, 0.0, 1.0, 0.0], [0.0, 0.0, 0.0, 1.0]], "cam_ids": [0, 1, 2, 3, 4, 5], "cam_channels": ["CAM_FRONT_LEFT", "CAM_FRONT", "CAM_FRONT_RIGHT", "CAM_BACK_LEFT", "CAM_BACK", "CAM_BACK_RIGHT"], "token": "3ffe0a614bb14a028fd1b967223b1ebf", "scene": "scene-0509"}, {"images": ["samples/CAM_FRONT_LEFT/n008-2018-08-28-13-40-50-0400__CAM_FRONT_LEFT__1535478784654799.jpg", "samples/CAM_FRONT/n008-2018-08-28-13-40-50-0400__CAM_FRONT__1535478784662404.jpg", "samples/CAM_FRONT_RIGHT/n008-2018-08-28-13-40-50-0400__CAM_FRONT_RIGHT__1535478784670482.jpg", "samples/CAM_BACK_LEFT/n008-2018-08-28-13-40-50-0400__CAM_BACK_LEFT__1535478784697405.jpg", "samples/CAM_BACK/n008-2018-08-28-13-40-50-0400__CAM_BACK__1535478784687558.jpg", "samples/CAM_BACK_RIGHT/n008-2018-08-28-13-40-50-0400__CAM_BACK_RIGHT__1535478784678113.jpg"], "intrinsics": [[[1257.8625342125129, 0.0, 827.2410631095686], [0.0, 1257.8625342125129, 450.915498205774], [0.0, 0.0, 1.0]], [[1252.8131021185304, 0.0, 826.588114781398], [0.0, 1252.8131021185304, 469.9846626224581], [0.0, 0.0, 1.0]], [[1256.7485116440405, 0.0, 817.7887570959712], [0.0, 1256.7485116440403, 451.9541780095127], [0.0, 0.0, 1.0]], [[1254.9860565800168, 0.0, 829.5769333630991], [0.0, 1254.9860565800168, 467.1680561863987], [0.0, 0.0, 1.0]], [[796.8910634503094, 0.0, 857.7774326863696], [0.0, 796.8910634503094, 476.8848988407415], [0.0, 0.0, 1.0]], [[1249.9629280788233, 0.0, 825.3768045375984], [0.0, 1249.9629280788233, 462.54816385708756], [0.0, 0.0, 1.0]]], "extrinsics": [[[0.8229429125785828, -0.5681102871894836, -0.0039605735801160336, -0.6218414306640625], [0.014713400043547153, 0.028281215578317642, -0.9994916915893555, 1.4950027465820312], [0.5679335594177246, 0.8224663734436035, 0.03163266181945801, -1.07373046875], [0.0, 0.0, 0.0, 1.0]], [[0.011031685397028923, -0.9996492266654968, -0.024078678339719772, 0.012939453125], [0.016697846353054047, 0.024260951206088066, -0.9995661973953247, 1.4864578247070312], [0.9997997283935547, 0.010624856688082218, 0.016959628090262413, -1.3526611328125], [0.0, 0.0, 0.0, 1.0]], [[-0.8435001373291016, -0.5363363027572632, -0.02917143702507019, 0.8426513671875], [0.02461046539247036, 0.01566198281943798, -0.9995744228363037, 1.5003013610839844], [0.5365648865699768, -0.843859076499939, -1.1400153198337648e-05, -1.1165771484375], [0.0, 0.0, 0.0, 1.0]], [[0.947858989238739, 0.3185601234436035, 0.009103615768253803, -1.1419677734375], [-0.0008404615218751132, 0.03106432780623436, -0.999517023563385, 1.5620384216308594], [-0.31868913769721985, 0.947393536567688, 0.029712336137890816, -0.15673828125], [0.0, 0.0, 0.0, 1.0]], [[0.008895556442439556, 0.9996851682662964, 0.023461302742362022, -0.0289306640625], [0.0013550827279686928, 0.023450158536434174, -0.9997240304946899, 1.5681877136230469], [-0.9999595284461975, 0.008924937807023525, -0.0011460520327091217, -0.0650634765625], [0.0, 0.0, 0.0, 1.0]], [[-0.9238559007644653, 0.3827102780342102, -0.004808460362255573, 0.963775634765625], [0.005478790029883385, 0.0006616614409722388, -0.9999848008155823, 1.5489706993103027], [-0.38270118832588196, -0.9238682389259338, -0.002708067884668708, -0.123291015625], [0.0, 0.0, 0.0, 1.0]]], "view": [[0.0, -2.0, 100.0], [-2.0, 0.0, 100.0], [0.0, 0.0, 1.0]], "bev": "bev_991f30ac1cbe4190a2ac1f437397b985.png", "aux": "aux_991f30ac1cbe4190a2ac1f437397b985.npz", "visibility": "visibility_991f30ac1cbe4190a2ac1f437397b985.png", "pose": [[0.850540816783905, 0.5259090662002563, 0.0, 1965.3123779296875], [-0.5259090662002563, 0.850540816783905, 0.0, 1022.5093994140625], [0.0, 0.0, 1.0, 0.0], [0.0, 0.0, 0.0, 1.0]], "pose_inverse": [[0.850540816783905, -0.5259090662002563, 0.0, -1133.8314208984375], [0.5259090662002563, 0.850540816783905, 0.0, -1903.261474609375], [0.0, 0.0, 1.0, 0.0], [0.0, 0.0, 0.0, 1.0]], "cam_ids": [0, 1, 2, 3, 4, 5], "cam_channels": ["CAM_FRONT_LEFT", "CAM_FRONT", "CAM_FRONT_RIGHT", "CAM_BACK_LEFT", "CAM_BACK", "CAM_BACK_RIGHT"], "token": "991f30ac1cbe4190a2ac1f437397b985", "scene": "scene-0509"}, {"images": ["samples/CAM_FRONT_LEFT/n008-2018-08-28-13-40-50-0400__CAM_FRONT_LEFT__1535478785154799.jpg", "samples/CAM_FRONT/n008-2018-08-28-13-40-50-0400__CAM_FRONT__1535478785162411.jpg", "samples/CAM_FRONT_RIGHT/n008-2018-08-28-13-40-50-0400__CAM_FRONT_RIGHT__1535478785170524.jpg", "samples/CAM_BACK_LEFT/n008-2018-08-28-13-40-50-0400__CAM_BACK_LEFT__1535478785197405.jpg", "samples/CAM_BACK/n008-2018-08-28-13-40-50-0400__CAM_BACK__1535478785187558.jpg", "samples/CAM_BACK_RIGHT/n008-2018-08-28-13-40-50-0400__CAM_BACK_RIGHT__1535478785178113.jpg"], "intrinsics": [[[1257.8625342125129, 0.0, 827.2410631095686], [0.0, 1257.8625342125129, 450.915498205774], [0.0, 0.0, 1.0]], [[1252.8131021185304, 0.0, 826.588114781398], [0.0, 1252.8131021185304, 469.9846626224581], [0.0, 0.0, 1.0]], [[1256.7485116440405, 0.0, 817.7887570959712], [0.0, 1256.7485116440403, 451.9541780095127], [0.0, 0.0, 1.0]], [[1254.9860565800168, 0.0, 829.5769333630991], [0.0, 1254.9860565800168, 467.1680561863987], [0.0, 0.0, 1.0]], [[796.8910634503094, 0.0, 857.7774326863696], [0.0, 796.8910634503094, 476.8848988407415], [0.0, 0.0, 1.0]], [[1249.9629280788233, 0.0, 825.3768045375984], [0.0, 1249.9629280788233, 462.54816385708756], [0.0, 0.0, 1.0]]], "extrinsics": [[[0.822243869304657, -0.5690667033195496, -0.008840030059218407, -0.6282806396484375], [0.009787756949663162, 0.02966899797320366, -0.9995118975639343, 1.4926300048828125], [0.5690511465072632, 0.8217559456825256, 0.02996503934264183, -1.07763671875], [0.0, 0.0, 0.0, 1.0]], [[0.009796739555895329, -0.9996273517608643, -0.025478946045041084, 0.0118408203125], [0.01181460078805685, 0.025594104081392288, -0.9996026158332825, 1.4845046997070312], [0.999882161617279, 0.009491820819675922, 0.012060935609042645, -1.361083984375], [0.0, 0.0, 0.0, 1.0]], [[-0.8441529273986816, -0.535476803779602, -0.025891557335853577, 0.849365234375], [0.019899707287549973, 0.01696488820016384, -0.9996580481529236, 1.4987449645996094], [0.5357329249382019, -0.8443794846534729, -0.003665130352601409, -1.12237548828125], [0.0, 0.0, 0.0, 1.0]], [[0.9478890299797058, 0.31855738162994385, 0.005242335610091686, -1.143310546875], [-0.005343293305486441, 0.032346975058317184, -0.9994624257087708, 1.5620384216308594], [-0.31855571269989014, 0.9473515152931213, 0.032363492995500565, -0.1563720703125], [0.0, 0.0, 0.0, 1.0]], [[0.009348852559924126, 0.9996501207351685, 0.024746045470237732, -0.0283203125], [-0.003187323920428753, 0.024776790291070938, -0.999687910079956, 1.5677108764648438], [-0.999951183795929, 0.009267001412808895, 0.0034178432542830706, -0.0614013671875], [0.0, 0.0, 0.0, 1.0]], [[-0.9236014485359192, 0.3833540081977844, -7.50163962948136e-05, 0.97003173828125], [0.0009053307585418224, 0.0019854966085404158, -0.999997615814209, 1.5479965209960938], [-0.3833528757095337, -0.9235993027687073, -0.002180869923904538, -0.12158203125], [0.0, 0.0, 0.0, 1.0]]], "view": [[0.0, -2.0, 100.0], [-2.0, 0.0, 100.0], [0.0, 0.0, 1.0]], "bev": "bev_c82838343f3c4dc49eb8aca81eef8d51.png", "aux": "aux_c82838343f3c4dc49eb8aca81eef8d51.npz", "visibility": "visibility_c82838343f3c4dc49eb8aca81eef8d51.png", "pose": [[0.8500869870185852, 0.5266422629356384, 0.0, 1969.831298828125], [-0.5266422629356384, 0.8500869870185852, 0.0, 1019.64013671875], [0.0, 0.0, 1.0, 0.0], [0.0, 0.0, 0.0, 1.0]], "pose_inverse": [[0.8500869870185852, -0.5266422629356384, 0.0, -1137.5423583984375], [0.5266422629356384, 0.8500869870185852, 0.0, -1904.1793212890625], [0.0, 0.0, 1.0, 0.0], [0.0, 0.0, 0.0, 1.0]], "cam_ids": [0, 1, 2, 3, 4, 5], "cam_channels": ["CAM_FRONT_LEFT", "CAM_FRONT", "CAM_FRONT_RIGHT", "CAM_BACK_LEFT", "CAM_BACK", "CAM_BACK_RIGHT"], "token": "c82838343f3c4dc49eb8aca81eef8d51", "scene": "scene-0509"}, {"images": ["samples/CAM_FRONT_LEFT/n008-2018-08-28-13-40-50-0400__CAM_FRONT_LEFT__1535478785654799.jpg", "samples/CAM_FRONT/n008-2018-08-28-13-40-50-0400__CAM_FRONT__1535478785662404.jpg", "samples/CAM_FRONT_RIGHT/n008-2018-08-28-13-40-50-0400__CAM_FRONT_RIGHT__1535478785670482.jpg", "samples/CAM_BACK_LEFT/n008-2018-08-28-13-40-50-0400__CAM_BACK_LEFT__1535478785697405.jpg", "samples/CAM_BACK/n008-2018-08-28-13-40-50-0400__CAM_BACK__1535478785687558.jpg", "samples/CAM_BACK_RIGHT/n008-2018-08-28-13-40-50-0400__CAM_BACK_RIGHT__1535478785678113.jpg"], "intrinsics": [[[1257.8625342125129, 0.0, 827.2410631095686], [0.0, 1257.8625342125129, 450.915498205774], [0.0, 0.0, 1.0]], [[1252.8131021185304, 0.0, 826.588114781398], [0.0, 1252.8131021185304, 469.9846626224581], [0.0, 0.0, 1.0]], [[1256.7485116440405, 0.0, 817.7887570959712], [0.0, 1256.7485116440403, 451.9541780095127], [0.0, 0.0, 1.0]], [[1254.9860565800168, 0.0, 829.5769333630991], [0.0, 1254.9860565800168, 467.1680561863987], [0.0, 0.0, 1.0]], [[796.8910634503094, 0.0, 857.7774326863696], [0.0, 796.8910634503094, 476.8848988407415], [0.0, 0.0, 1.0]], [[1249.9629280788233, 0.0, 825.3768045375984], [0.0, 1249.9629280788233, 462.54816385708756], [0.0, 0.0, 1.0]]], "extrinsics": [[[0.8226839900016785, -0.568449079990387, -0.007537840865552425, -0.6167449951171875], [0.012836103327572346, 0.031829509884119034, -0.99941086769104, 1.4941253662109375], [0.5683541893959045, 0.8221024870872498, 0.03348229452967644, -1.072021484375], [0.0, 0.0, 0.0, 1.0]], [[0.010644500143826008, -0.9995633363723755, -0.02756514400243759, 0.014404296875], [0.014790156856179237, 0.027721071615815163, -0.9995062947273254, 1.4857177734375], [0.9998339414596558, 0.010231494903564453, 0.015078774653375149, -1.3499755859375], [0.0, 0.0, 0.0, 1.0]], [[-0.8436819911003113, -0.5360369682312012, -0.029410988092422485, 0.84228515625], [0.022752130404114723, 0.019033171236515045, -0.9995599389076233, 1.499755859375], [0.5363608598709106, -0.8439798355102539, -0.0038619618862867355, -1.1151123046875], [0.0, 0.0, 0.0, 1.0]], [[0.9478752017021179, 0.3185375928878784, 0.008143606595695019, -1.138916015625], [-0.0029435884207487106, 0.03430970385670662, -0.9994069337844849, 1.5620193481445312], [-0.31862810254096985, 0.9472890496253967, 0.03345896303653717, -0.1580810546875], [0.0, 0.0, 0.0, 1.0]], [[0.009032457135617733, 0.999603271484375, 0.02667706087231636, -0.029052734375], [-0.0007038961630314589, 0.02668449655175209, -0.9996436238288879, 1.5679473876953125], [-0.9999589323997498, 0.00901049841195345, 0.0009446425247006118, -0.067626953125], [0.0, 0.0, 0.0, 1.0]], [[-0.9237971305847168, 0.3828779458999634, -0.0018086974741891026, 0.96197509765625], [0.003600458148866892, 0.003963197115808725, -0.9999856352806091, 1.548569679260254], [-0.3828652501106262, -0.9237903952598572, -0.005039726383984089, -0.123291015625], [0.0, 0.0, 0.0, 1.0]]], "view": [[0.0, -2.0, 100.0], [-2.0, 0.0, 100.0], [0.0, 0.0, 1.0]], "bev": "bev_447983a9f16343a5afd71b0253c2a1fb.png", "aux": "aux_447983a9f16343a5afd71b0253c2a1fb.npz", "visibility": "visibility_447983a9f16343a5afd71b0253c2a1fb.png", "pose": [[0.849999189376831, 0.5267839431762695, 0.0, 1974.4110107421875], [-0.5267839431762695, 0.849999189376831, 0.0, 1016.7454833984375], [0.0, 0.0, 1.0, 0.0], [0.0, 0.0, 0.0, 1.0]], "pose_inverse": [[0.849999189376831, -0.5267839431762695, 0.0, -1142.642578125], [0.5267839431762695, 0.849999189376831, 0.0, -1904.3209228515625], [0.0, 0.0, 1.0, 0.0], [0.0, 0.0, 0.0, 1.0]], "cam_ids": [0, 1, 2, 3, 4, 5], "cam_channels": ["CAM_FRONT_LEFT", "CAM_FRONT", "CAM_FRONT_RIGHT", "CAM_BACK_LEFT", "CAM_BACK", "CAM_BACK_RIGHT"], "token": "447983a9f16343a5afd71b0253c2a1fb", "scene": "scene-0509"}, {"images": ["samples/CAM_FRONT_LEFT/n008-2018-08-28-13-40-50-0400__CAM_FRONT_LEFT__1535478786154799.jpg", "samples/CAM_FRONT/n008-2018-08-28-13-40-50-0400__CAM_FRONT__1535478786162404.jpg", "samples/CAM_FRONT_RIGHT/n008-2018-08-28-13-40-50-0400__CAM_FRONT_RIGHT__1535478786170482.jpg", "samples/CAM_BACK_LEFT/n008-2018-08-28-13-40-50-0400__CAM_BACK_LEFT__1535478786197405.jpg", "samples/CAM_BACK/n008-2018-08-28-13-40-50-0400__CAM_BACK__1535478786187558.jpg", "samples/CAM_BACK_RIGHT/n008-2018-08-28-13-40-50-0400__CAM_BACK_RIGHT__1535478786178865.jpg"], "intrinsics": [[[1257.8625342125129, 0.0, 827.2410631095686], [0.0, 1257.8625342125129, 450.915498205774], [0.0, 0.0, 1.0]], [[1252.8131021185304, 0.0, 826.588114781398], [0.0, 1252.8131021185304, 469.9846626224581], [0.0, 0.0, 1.0]], [[1256.7485116440405, 0.0, 817.7887570959712], [0.0, 1256.7485116440403, 451.9541780095127], [0.0, 0.0, 1.0]], [[1254.9860565800168, 0.0, 829.5769333630991], [0.0, 1254.9860565800168, 467.1680561863987], [0.0, 0.0, 1.0]], [[796.8910634503094, 0.0, 857.7774326863696], [0.0, 796.8910634503094, 476.8848988407415], [0.0, 0.0, 1.0]], [[1249.9629280788233, 0.0, 825.3768045375984], [0.0, 1249.9629280788233, 462.54816385708756], [0.0, 0.0, 1.0]]], "extrinsics": [[[0.8222610354423523, -0.5690438747406006, -0.008714878000319004, -0.6155853271484375], [0.012491676956415176, 0.03335554525256157, -0.999365508556366, 1.4940109252929688], [0.5689734220504761, 0.8216304779052734, 0.03453527390956879, -1.06982421875], [0.0, 0.0, 0.0, 1.0]], [[0.010008870624005795, -0.999526858329773, -0.029082905501127243, 0.013671875], [0.01442129909992218, 0.029225626960396767, -0.9994688034057617, 1.4856414794921875], [0.9998459219932556, 0.009584164246916771, 0.014706989750266075, -1.3460693359375], [0.0, 0.0, 0.0, 1.0]], [[-0.8439577221870422, -0.5355742573738098, -0.029926596209406853, 0.8380126953125], [0.022424666211009026, 0.020514987409114838, -0.999538004398346, 1.499755859375], [0.5359408259391785, -0.8442389965057373, -0.00530370743945241, -1.1126708984375], [0.0, 0.0, 0.0, 1.0]], [[0.9478862285614014, 0.31849703192710876, 0.008443913422524929, -1.134765625], [-0.0030376168433576822, 0.03553519770503044, -0.9993637800216675, 1.5620040893554688], [-0.3185945153236389, 0.9472575783729553, 0.03465079888701439, -0.1593017578125], [0.0, 0.0, 0.0, 1.0]], [[0.009228370152413845, 0.9995629191398621, 0.028084149584174156, -0.029296875], [-0.0008632915560156107, 0.02809329889714718, -0.9996048808097839, 1.5679168701171875], [-0.9999570250511169, 0.00920052919536829, 0.0011221700115129352, -0.07226