[{"images": ["samples/CAM_FRONT_LEFT/n008-2018-09-18-14-54-39-0400__CAM_FRONT_LEFT__1537297132854799.jpg", "samples/CAM_FRONT/n008-2018-09-18-14-54-39-0400__CAM_FRONT__1537297132862404.jpg", "samples/CAM_FRONT_RIGHT/n008-2018-09-18-14-54-39-0400__CAM_FRONT_RIGHT__1537297132870482.jpg", "samples/CAM_BACK_LEFT/n008-2018-09-18-14-54-39-0400__CAM_BACK_LEFT__1537297132897405.jpg", "samples/CAM_BACK/n008-2018-09-18-14-54-39-0400__CAM_BACK__1537297132887558.jpg", "samples/CAM_BACK_RIGHT/n008-2018-09-18-14-54-39-0400__CAM_BACK_RIGHT__1537297132878113.jpg"], "intrinsics": [[[1257.8625342125129, 0.0, 827.2410631095686], [0.0, 1257.8625342125129, 450.915498205774], [0.0, 0.0, 1.0]], [[1252.8131021185304, 0.0, 826.588114781398], [0.0, 1252.8131021185304, 469.9846626224581], [0.0, 0.0, 1.0]], [[1256.7485116440405, 0.0, 817.7887570959712], [0.0, 1256.7485116440403, 451.9541780095127], [0.0, 0.0, 1.0]], [[1254.9860565800168, 0.0, 829.5769333630991], [0.0, 1254.9860565800168, 467.1680561863987], [0.0, 0.0, 1.0]], [[796.8910634503094, 0.0, 857.7774326863696], [0.0, 796.8910634503094, 476.8848988407415], [0.0, 0.0, 1.0]], [[1249.9629280788233, 0.0, 825.3768045375984], [0.0, 1249.9629280788233, 462.54816385708756], [0.0, 0.0, 1.0]]], "extrinsics": [[[0.8233729004859924, -0.5672188401222229, -0.017885081470012665, -0.9274368286132812], [-0.019046073779463768, 0.0038780136965215206, -0.999811053276062, 1.4864797592163086], [0.5671809911727905, 0.82355797290802, -0.007610240951180458, -1.278076171875], [0.0, 0.0, 0.0, 1.0]], [[0.011691362597048283, -0.9999315738677979, 8.438090844720136e-06, 0.0050048828125], [-0.017168574035167694, -0.0002091758797178045, -0.9998525977134705, 1.4787731170654297], [0.9997842311859131, 0.011689495295286179, -0.017169848084449768, -1.6536865234375], [0.0, 0.0, 0.0, 1.0]], [[-0.8433697819709778, -0.5371869802474976, 0.012552384287118912, 1.0343017578125], [-0.009219154715538025, -0.008891128934919834, -0.9999179840087891, 1.492452621459961], [0.5372545123100281, -0.8434163331985474, 0.002546098781749606, -1.2431640625], [0.0, 0.0, 0.0, 1.0]], [[0.9474217295646667, 0.31847405433654785, -0.03108501061797142, -1.133056640625], [-0.03484944626688957, 0.006127909291535616, -0.9993737936019897, 1.5616416931152344], [-0.31808415055274963, 0.9479117393493652, 0.01690436154603958, -0.159423828125], [0.0, 0.0, 0.0, 1.0]], [[0.008867294527590275, 0.9999593496322632, -0.0016105824615806341, -0.0277099609375], [-0.032614052295684814, -0.0013205786235630512, -0.999467134475708, 1.5670127868652344], [-0.9994287490844727, 0.008915090933442116, 0.032601017504930496, 0.0123291015625], [0.0, 0.0, 0.0, 1.0]], [[-0.9238728880882263, 0.38232117891311646, 0.017011141404509544, 1.113525390625], [-0.028328241780400276, -0.023991037160158157, -0.9993107318878174, 1.5463333129882812], [-0.3816494643688202, -0.9237180352210999, 0.03299515321850777, -0.064453125], [0.0, 0.0, 0.0, 1.0]]], "view": [[0.0, -2.0, 100.0], [-2.0, 0.0, 100.0], [0.0, 0.0, 1.0]], "bev": "bev_e1f8e2f9684a4c1f8e7575dec12fc8e9.png", "aux": "aux_e1f8e2f9684a4c1f8e7575dec12fc8e9.npz", "visibility": "visibility_e1f8e2f9684a4c1f8e7575dec12fc8e9.png", "pose": [[0.9993680715560913, 0.03554464876651764, 0.0, 1143.462158203125], [-0.03554464876651764, 0.9993680715560913, 0.0, 1391.7723388671875], [0.0, 0.0, 1.0, 0.0], [0.0, 0.0, 0.0, 1.0]], "pose_inverse": [[0.9993680715560913, -0.03554464876651764, 0.0, -1093.26953125], [0.03554464876651764, 0.9993680715560913, 0.0, -1431.536865234375], [0.0, 0.0, 1.0, 0.0], [0.0, 0.0, 0.0, 1.0]], "cam_ids": [0, 1, 2, 3, 4, 5], "cam_channels": ["CAM_FRONT_LEFT", "CAM_FRONT", "CAM_FRONT_RIGHT", "CAM_BACK_LEFT", "CAM_BACK", "CAM_BACK_RIGHT"], "token": "e1f8e2f9684a4c1f8e7575dec12fc8e9", "scene": "scene-0875"}, {"images": ["samples/CAM_FRONT_LEFT/n008-2018-09-18-14-54-39-0400__CAM_FRONT_LEFT__1537297133354799.jpg", "samples/CAM_FRONT/n008-2018-09-18-14-54-39-0400__CAM_FRONT__1537297133362404.jpg", "samples/CAM_FRONT_RIGHT/n008-2018-09-18-14-54-39-0400__CAM_FRONT_RIGHT__1537297133370482.jpg", "samples/CAM_BACK_LEFT/n008-2018-09-18-14-54-39-0400__CAM_BACK_LEFT__1537297133397405.jpg", "samples/CAM_BACK/n008-2018-09-18-14-54-39-0400__CAM_BACK__1537297133387558.jpg", "samples/CAM_BACK_RIGHT/n008-2018-09-18-14-54-39-0400__CAM_BACK_RIGHT__1537297133378113.jpg"], "intrinsics": [[[1257.8625342125129, 0.0, 827.2410631095686], [0.0, 1257.8625342125129, 450.915498205774], [0.0, 0.0, 1.0]], [[1252.8131021185304, 0.0, 826.588114781398], [0.0, 1252.8131021185304, 469.9846626224581], [0.0, 0.0, 1.0]], [[1256.7485116440405, 0.0, 817.7887570959712], [0.0, 1256.7485116440403, 451.9541780095127], [0.0, 0.0, 1.0]], [[1254.9860565800168, 0.0, 829.5769333630991], [0.0, 1254.9860565800168, 467.1680561863987], [0.0, 0.0, 1.0]], [[796.8910634503094, 0.0, 857.7774326863696], [0.0, 796.8910634503094, 476.8848988407415], [0.0, 0.0, 1.0]], [[1249.9629280788233, 0.0, 825.3768045375984], [0.0, 1249.9629280788233, 462.54816385708756], [0.0, 0.0, 1.0]]], "extrinsics": [[[0.8229459524154663, -0.5678960680961609, -0.01594148948788643, -0.9521484375], [-0.019458802416920662, -0.0001321940653724596, -0.9998106360435486, 1.4870357513427734], [0.5677863359451294, 0.8231003284454346, -0.011159366928040981, -1.29638671875], [0.0, 0.0, 0.0, 1.0]], [[0.011074122972786427, -0.9999306797981262, 0.004004730377346277, 0.005615234375], [-0.0174266267567873, -0.004197363741695881, -0.9998393654823303, 1.4792404174804688], [0.9997867941856384, 0.011002548970282078, -0.017471900209784508, -1.681640625], [0.0, 0.0, 0.0, 1.0]], [[-0.8436300754547119, -0.5367223620414734, 0.014743253588676453, 1.0560302734375], [-0.00931474007666111, -0.012824521400034428, -0.9998743534088135, 1.4926872253417969], [0.53684401512146, -0.8436614871025085, 0.0058197216130793095, -1.25592041015625], [0.0, 0.0, 0.0, 1.0]], [[0.9474878311157227, 0.3182159662246704, -0.031707990914583206, -1.141357421875], [-0.034318506717681885, 0.002599370200186968, -0.9994075298309326, 1.5619544982910156], [-0.31794509291648865, 0.9480146765708923, 0.013383567333221436, -0.156982421875], [0.0, 0.0, 0.0, 1.0]], [[0.009128144010901451, 0.9999441504478455, -0.005327064543962479, -0.028564453125], [-0.032316677272319794, -0.005029503721743822, -0.9994649887084961, 1.5675430297851562], [-0.99943608045578, 0.009295405820012093, 0.032268963754177094, 0.0283203125], [0.0, 0.0, 0.0, 1.0]], [[-0.9237347841262817, 0.3827204704284668, 0.015466270968317986, 1.133758544921875], [-0.02826102450489998, -0.027831248939037323, -0.9992130994796753, 1.5469818115234375], [-0.3819887936115265, -0.9234448671340942, 0.03652476146817207, -0.05517578125], [0.0, 0.0, 0.0, 1.0]]], "view": [[0.0, -2.0, 100.0], [-2.0, 0.0, 100.0], [0.0, 0.0, 1.0]], "bev": "bev_cf5a620eb2fd4b9b98fcb43c6dc4d626.png", "aux": "aux_cf5a620eb2fd4b9b98fcb43c6dc4d626.npz", "visibility": "visibility_cf5a620eb2fd4b9b98fcb43c6dc4d626.png", "pose": [[0.9985578656196594, 0.05368607118725777, 0.0, 1144.372802734375], [-0.05368607118725777, 0.9985578656196594, 0.0, 1391.7386474609375], [0.0, 0.0, 1.0, 0.0], [0.0, 0.0, 0.0, 1.0]], "pose_inverse": [[0.9985578656196594, -0.05368607118725777, 0.0, -1068.0054931640625], [0.05368607118725777, 0.9985578656196594, 0.0, -1451.16845703125], [0.0, 0.0, 1.0, 0.0], [0.0, 0.0, 0.0, 1.0]], "cam_ids": [0, 1, 2, 3, 4, 5], "cam_channels": ["CAM_FRONT_LEFT", "CAM_FRONT", "CAM_FRONT_RIGHT", "CAM_BACK_LEFT", "CAM_BACK", "CAM_BACK_RIGHT"], "token": "cf5a620eb2fd4b9b98fcb43c6dc4d626", "scene": "scene-0875"}, {"images": ["samples/CAM_FRONT_LEFT/n008-2018-09-18-14-54-39-0400__CAM_FRONT_LEFT__1537297133904799.jpg", "samples/CAM_FRONT/n008-2018-09-18-14-54-39-0400__CAM_FRONT__1537297133912404.jpg", "samples/CAM_FRONT_RIGHT/n008-2018-09-18-14-54-39-0400__CAM_FRONT_RIGHT__1537297133920482.jpg", "samples/CAM_BACK_LEFT/n008-2018-09-18-14-54-39-0400__CAM_BACK_LEFT__1537297133947405.jpg", "samples/CAM_BACK/n008-2018-09-18-14-54-39-0400__CAM_BACK__1537297133937558.jpg", "samples/CAM_BACK_RIGHT/n008-2018-09-18-14-54-39-0400__CAM_BACK_RIGHT__1537297133928113.jpg"], "intrinsics": [[[1257.8625342125129, 0.0, 827.2410631095686], [0.0, 1257.8625342125129, 450.915498205774], [0.0, 0.0, 1.0]], [[1252.8131021185304, 0.0, 826.588114781398], [0.0, 1252.8131021185304, 469.9846626224581], [0.0, 0.0, 1.0]], [[1256.7485116440405, 0.0, 817.7887570959712], [0.0, 1256.7485116440403, 451.9541780095127], [0.0, 0.0, 1.0]], [[1254.9860565800168, 0.0, 829.5769333630991], [0.0, 1254.9860565800168, 467.1680561863987], [0.0, 0.0, 1.0]], [[796.8910634503094, 0.0, 857.7774326863696], [0.0, 796.8910634503094, 476.8848988407415], [0.0, 0.0, 1.0]], [[1249.9629280788233, 0.0, 825.3768045375984], [0.0, 1249.9629280788233, 462.54816385708756], [0.0, 0.0, 1.0]]], "extrinsics": [[[0.8228006958961487, -0.568189263343811, -0.012645031325519085, -0.9729957580566406], [-0.014686167240142822, 0.0009853597730398178, -0.9998916387557983, 1.4877281188964844], [0.5681402087211609, 0.8228973150253296, -0.007533770054578781, -1.3115234375], [0.0, 0.0, 0.0, 1.0]], [[0.010759791359305382, -0.9999379515647888, 0.002878364408388734, 0.0059814453125], [-0.012704662047326565, -0.003015004564076662, -0.9999147653579712, 1.4797611236572266], [0.9998612999916077, 0.010722304694354534, -0.012736313976347446, -1.7027587890625], [0.0, 0.0, 0.0, 1.0]], [[-0.8438087701797485, -0.5365480184555054, 0.010140356607735157, 1.069580078125], [-0.004651186987757683, -0.011583028361201286, -0.9999220371246338, 1.4929580688476562], [0.5366237163543701, -0.8437902927398682, 0.0072782766073942184, -1.26385498046875], [0.0, 0.0, 0.0, 1.0]], [[0.9476078152656555, 0.3182826340198517, -0.027122732251882553, -1.142333984375], [-0.02995215728878975, 0.003998181317001581, -0.999543309211731, 1.561990737915039], [-0.3180288076400757, 0.94798743724823, 0.013321962207555771, -0.15673828125], [0.0, 0.0, 0.0, 1.0]], [[0.00920062605291605, 0.9999498724937439, -0.003945298958569765, -0.0289306640625], [-0.027838971465826035, -0.003687791060656309, -0.9996055960655212, 1.5677757263183594], [-0.9995700716972351, 0.009306828491389751, 0.02780364640057087, 0.033935546875], [0.0, 0.0, 0.0, 1.0]], [[-0.9237404465675354, 0.38284018635749817, 0.011699181981384754, 1.14349365234375], [-0.023655593395233154, -0.02653808705508709, -0.9993678331375122, 1.5473785400390625], [-0.3822876811027527, -0.9234333038330078, 0.03357061743736267, -0.0506591796875], [0.0, 0.0, 0.0, 1.0]]], "view": [[0.0, -2.0, 100.0], [-2.0, 0.0, 100.0], [0.0, 0.0, 1.0]], "bev": "bev_d83d85cb93c643878f4f3e1796be5646.png", "aux": "aux_d83d85cb93c643878f4f3e1796be5646.npz", "visibility": "visibility_d83d85cb93c643878f4f3e1796be5646.png", "pose": [[0.9979579448699951, 0.0638740062713623, 0.0, 1144.9686279296875], [-0.0638740062713623, 0.9979579448699951, 0.0, 1391.7060546875], [0.0, 0.0, 1.0, 0.0], [0.0, 0.0, 0.0, 1.0]], "pose_inverse": [[0.9979579448699951, -0.0638740062713623, 0.0, -1053.7366943359375], [0.0638740062713623, 0.9979579448699951, 0.0, -1461.9979248046875], [0.0, 0.0, 1.0, 0.0], [0.0, 0.0, 0.0, 1.0]], "cam_ids": [0, 1, 2, 3, 4, 5], "cam_channels": ["CAM_FRONT_LEFT", "CAM_FRONT", "CAM_FRONT_RIGHT", "CAM_BACK_LEFT", "CAM_BACK", "CAM_BACK_RIGHT"], "token": "d83d85cb93c643878f4f3e1796be5646", "scene": "scene-0875"}, {"images": ["samples/CAM_FRONT_LEFT/n008-2018-09-18-14-54-39-0400__CAM_FRONT_LEFT__1537297134404799.jpg", "samples/CAM_FRONT/n008-2018-09-18-14-54-39-0400__CAM_FRONT__1537297134412404.jpg", "samples/CAM_FRONT_RIGHT/n008-2018-09-18-14-54-39-0400__CAM_FRONT_RIGHT__1537297134420482.jpg", "samples/CAM_BACK_LEFT/n008-2018-09-18-14-54-39-0400__CAM_BACK_LEFT__1537297134447405.jpg", "samples/CAM_BACK/n008-2018-09-18-14-54-39-0400__CAM_BACK__1537297134437558.jpg", "samples/CAM_BACK_RIGHT/n008-2018-09-18-14-54-39-0400__CAM_BACK_RIGHT__1537297134428113.jpg"], "intrinsics": [[[1257.8625342125129, 0.0, 827.2410631095686], [0.0, 1257.8625342125129, 450.915498205774], [0.0, 0.0, 1.0]], [[1252.8131021185304, 0.0, 826.588114781398], [0.0, 1252.8131021185304, 469.9846626224581], [0.0, 0.0, 1.0]], [[1256.7485116440405, 0.0, 817.7887570959712], [0.0, 1256.7485116440403, 451.9541780095127], [0.0, 0.0, 1.0]], [[1254.9860565800168, 0.0, 829.5769333630991], [0.0, 1254.9860565800168, 467.1680561863987], [0.0, 0.0, 1.0]], [[796.8910634503094, 0.0, 857.7774326863696], [0.0, 796.8910634503094, 476.8848988407415], [0.0, 0.0, 1.0]], [[1249.9629280788233, 0.0, 825.3768045375984], [0.0, 1249.9629280788233, 462.54816385708756], [0.0, 0.0, 1.0]]], "extrinsics": [[[0.8224767446517944, -0.568649411201477, -0.01303302962332964, -0.9843311309814453], [-0.013991485349833965, 0.0026800993364304304, -0.9998984932899475, 1.4879436492919922], [0.5686265826225281, 0.8225756287574768, -0.005751932971179485, -1.31884765625], [0.0, 0.0, 0.0, 1.0]], [[0.010278873145580292, -0.9999462962150574, 0.0013094134628772736, 0.00537109375], [-0.011989766731858253, -0.001432635704986751, -0.9999271035194397, 1.4799137115478516], [0.9998753070831299, 0.010262425988912582, -0.012003849260509014, -1.7139892578125], [0.0, 0.0, 0.0, 1.0]], [[-0.8440131545066833, -0.5362513065338135, 0.008734588511288166, 1.0767822265625], [-0.0039174254052340984, -0.010121590457856655, -0.9999411106109619, 1.4930038452148438], [0.5363081693649292, -0.8439977169036865, 0.0064420318230986595, -1.26904296875], [0.0, 0.0, 0.0, 1.0]], [[0.9476289749145508, 0.31831279397010803, -0.02600647695362568, -1.142578125], [-0.029180185869336128, 0.005205376539379358, -0.9995605945587158, 1.5620040893554688], [-0.31803756952285767, 0.9479714035987854, 0.014221192337572575, -0.1566162109375], [0.0, 0.0, 0.0, 1.0]], [[0.00934806652367115, 0.9999527931213379, -0.002654671436175704, -0.028564453125], [-0.02707783877849579, -0.002400678815320134, -0.9996304512023926, 1.5678787231445312], [-0.9995896816253662, 0.009416487999260426, 0.02705411985516548, 0.03759765625], [0.0, 0.0, 0.0, 1.0]], [[-0.9236461520195007, 0.3830718994140625, 0.011555557139217854, 1.149749755859375], [-0.022938627749681473, -0.02516060881316662, -0.9994202256202698, 1.5475387573242188], [-0.38255903124809265, -0.9233757853507996, 0.03202664479613304, -0.04833984375], [0.0, 0.0, 0.0, 1.0]]], "view": [[0.0, -2.0, 100.0], [-2.0, 0.0, 100.0], [0.0, 0.0, 1.0]], "bev": "bev_5565538069cc44c0b7c6cd7ef18af24d.png", "aux": "aux_5565538069cc44c0b7c6cd7ef18af24d.npz", "visibility": "visibility_5565538069cc44c0b7c6cd7ef18af24d.png", "pose": [[0.9974777102470398, 0.07098042964935303, 0.0, 1145.2982177734375], [-0.07098042964935303, 0.9974777102470398, 0.0, 1391.68310546875], [0.0, 0.0, 1.0, 0.0], [0.0, 0.0, 0.0, 1.0]], "pose_inverse": [[0.9974777102470398, -0.07098042964935303, 0.0, -1043.627197265625], [0.07098042964935303, 0.9974777102470398, 0.0, -1469.4666748046875], [0.0, 0.0, 1.0, 0.0], [0.0, 0.0, 0.0, 1.0]], "cam_ids": [0, 1, 2, 3, 4, 5], "cam_channels": ["CAM_FRONT_LEFT", "CAM_FRONT", "CAM_FRONT_RIGHT", "CAM_BACK_LEFT", "CAM_BACK", "CAM_BACK_RIGHT"], "token": "5565538069cc44c0b7c6cd7ef18af24d", "scene": "scene-0875"}, {"images": ["samples/CAM_FRONT_LEFT/n008-2018-09-18-14-54-39-0400__CAM_FRONT_LEFT__1537297134904799.jpg", "samples/CAM_FRONT/n008-2018-09-18-14-54-39-0400__CAM_FRONT__1537297134912404.jpg", "samples/CAM_FRONT_RIGHT/n008-2018-09-18-14-54-39-0400__CAM_FRONT_RIGHT__1537297134920482.jpg", "samples/CAM_BACK_LEFT/n008-2018-09-18-14-54-39-0400__CAM_BACK_LEFT__1537297134947405.jpg", "samples/CAM_BACK/n008-2018-09-18-14-54-39-0400__CAM_BACK__1537297134937558.jpg", "samples/CAM_BACK_RIGHT/n008-2018-09-18-14-54-39-0400__CAM_BACK_RIGHT__1537297134928113.jpg"], "intrinsics": [[[1257.8625342125129, 0.0, 827.2410631095686], [0.0, 1257.8625342125129, 450.915498205774], [0.0, 0.0, 1.0]], [[1252.8131021185304, 0.0, 826.588114781398], [0.0, 1252.8131021185304, 469.9846626224581], [0.0, 0.0, 1.0]], [[1256.7485116440405, 0.0, 817.7887570959712], [0.0, 1256.7485116440403, 451.9541780095127], [0.0, 0.0, 1.0]], [[1254.9860565800168, 0.0, 829.5769333630991], [0.0, 1254.9860565800168, 467.1680561863987], [0.0, 0.0, 1.0]], [[796.8910634503094, 0.0, 857.7774326863696], [0.0, 796.8910634503094, 476.8848988407415], [0.0, 0.0, 1.0]], [[1249.9629280788233, 0.0, 825.3768045375984], [0.0, 1249.9629280788233, 462.54816385708756], [0.0, 0.0, 1.0]]], "extrinsics": [[[0.8224237561225891, -0.5687311887741089, -0.012812014669179916, -0.9937152862548828], [-0.01261052768677473, 0.004289691336452961, -0.9999113082885742, 1.4881181716918945], [0.568735659122467, 0.8225123286247253, -0.003644057782366872, -1.3250732421875], [0.0, 0.0, 0.0, 1.0]], [[0.010178491473197937, -0.9999481439590454, -0.0002575199177954346, 0.00537109375], [-0.010637786239385605, 0.00014923562412150204, -0.9999434351921082, 1.4800395965576172], [0.9998916387557983, 0.010180672630667686, -0.01063571684062481, -1.72314453125], [0.0, 0.0, 0.0, 1.0]], [[-0.8440629243850708, -0.5362012982368469, 0.00678673293441534, 1.0828857421875], [-0.002596348524093628, -0.008569503203034401, -0.9999598860740662, 1.4930486679077148], [0.536237895488739, -0.8440467119216919, 0.005841034464538097, -1.2728271484375], [0.0, 0.0, 0.0, 1.0]], [[0.9476569890975952, 0.318358451128006, -0.024376319721341133, -1.1434326171875], [-0.027906564995646477, 0.006532077211886644, -0.999589204788208, 1.5620250701904297], [-0.3180684447288513, 0.9479479193687439, 0.015074461698532104, -0.15625], [0.0, 0.0, 0.0, 1.0]], [[0.009371740743517876, 0.9999553561210632, -0.0012157211313024163, -0.0286865234375], [-0.025791656225919724, -0.0009736463543958962, -0.9996668696403503, 1.5679645538330078], [-0.9996234178543091, 0.009399980306625366, 0.025781381875276566, 0.0406494140625], [0.0, 0.0, 0.0, 1.0]], [[-0.9236416816711426, 0.38310152292251587, 0.010913630947470665, 1.1546630859375], [-0.021619394421577454, -0.0236505139619112, -0.99948650598526, 1.5476646423339844], [-0.3826466500759125, -0.9234035015106201, 0.0301270242780447, -0.0465087890625], [0.0, 0.0, 0.0, 1.0]]], "view": [[0.0, -2.0, 100.0], [-2.0, 0.0, 100.0], [0.0, 0.0, 1.0]], "bev": "bev_738eb1bfa1e94909ad202489c0b490ce.png", "aux": "aux_738eb1bfa1e94909ad202489c0b490ce.npz", "visibility": "visibility_738eb1bfa1e94909ad202489c0b490ce.png", "pose": [[0.9972284436225891, 0.07440059632062912, 0.0, 1145.51025390625], [-0.07440059632062912, 0.9972284436225891, 0.0, 1391.67138671875], [0.0, 0.0, 1.0, 0.0], [0.0, 0.0, 0.0, 1.0]], "pose_inverse": [[0.9972284436225891, -0.07440059632062912, 0.0, -1038.794189453125], [0.07440059632062912, 0.9972284436225891, 0.0, -1473.0408935546875], [0.0, 0.0, 1.0, 0.0], [0.0, 0.0, 0.0, 1.0]], "cam_ids": [0, 1, 2, 3, 4, 5], "cam_channels": ["CAM_FRONT_LEFT", "CAM_FRONT", "CAM_FRONT_RIGHT", "CAM_BACK_LEFT", "CAM_BACK", "CAM_BACK_RIGHT"], "token": "738eb1bfa1e94909ad202489c0b490ce", "scene": "scene-0875"}, {"images": ["samples/CAM_FRONT_LEFT/n008-2018-09-18-14-54-39-0400__CAM_FRONT_LEFT__1537297135404799.jpg", "samples/CAM_FRONT/n008-2018-09-18-14-54-39-0400__CAM_FRONT__1537297135412404.jpg", "samples/CAM_FRONT_RIGHT/n008-2018-09-18-14-54-39-0400__CAM_FRONT_RIGHT__1537297135420482.jpg", "samples/CAM_BACK_LEFT/n008-2018-09-18-14-54-39-0400__CAM_BACK_LEFT__1537297135447423.jpg", "samples/CAM_BACK/n008-2018-09-18-14-54-39-0400__CAM_BACK__1537297135437558.jpg", "samples/CAM_BACK_RIGHT/n008-2018-09-18-14-54-39-0400__CAM_BACK_RIGHT__1537297135428113.jpg"], "intrinsics": [[[1257.8625342125129, 0.0, 827.2410631095686], [0.0, 1257.8625342125129, 450.915498205774], [0.0, 0.0, 1.0]], [[1252.8131021185304, 0.0, 826.588114781398], [0.0, 1252.8131021185304, 469.9846626224581], [0.0, 0.0, 1.0]], [[1256.7485116440405, 0.0, 817.7887570959712], [0.0, 1256.7485116440403, 451.9541780095127], [0.0, 0.0, 1.0]], [[1254.9860565800168, 0.0, 829.5769333630991], [0.0, 1254.9860565800168, 467.1680561863987], [0.0, 0.0, 1.0]], [[796.8910634503094, 0.0, 857.7774326863696], [0.0, 796.8910634503094, 476.8848988407415], [0.0, 0.0, 1.0]], [[1249.9629280788233, 0.0, 825.3768045375984], [0.0, 1249.9629280788233, 462.54816385708756], [0.0, 0.0, 1.0]]], "extrinsics": [[[0.8223740458488464, -0.5688218474388123, -0.011943004094064236, -1.0006942749023438], [-0.011847076006233692, 0.0038664941675961018, -0.9999223351478577, 1.4882302284240723], [0.5688238739967346, 0.8224517107009888, -0.0035591712221503258, -1.3299560546875], [0.0, 0.0, 0.0, 1.0]], [[0.010092292912304401, -0.9999489784240723, 0.0001593057531863451, 0.005126953125], [-0.00989685207605362, -0.0002591935044620186, -0.9999510049819946, 1.4801216125488281], [0.9999000430107117, 0.010090217925608158, -0.009898962453007698, -1.7303466796875], [0.0, 0.0, 0.0, 1.0]], [[-0.8441035747528076, -0.5361420512199402, 0.006391600705683231, 1.08740234375], [-0.0018789061577990651, -0.008962814696133137, -0.9999580383300781, 1.493062973022461], [0.5361769199371338, -0.8440801501274109, 0.006558183580636978, -1.2760009765625], [0.0, 0.0, 0.0, 1.0]], [[0.9476692080497742, 0.3183627128601074, -0.023839648813009262, -1.1435546875], [-0.02722678706049919, 0.006193039007484913, -0.9996101260185242, 1.562032699584961], [-0.3180909752845764, 0.9479487538337708, 0.014536945149302483, -0.15625], [0.0, 0.0, 0.0, 1.0]], [[0.009395849891006947, 0.9999545812606812, -0.0015611620619893074, -0.02880859375], [-0.025111371651291847, -0.0013247852912172675, -0.9996837377548218, 1.5680255889892578], [-0.9996404647827148, 0.00943208858370781, 0.025097785517573357, 0.04296875], [0.0, 0.0, 0.0, 1.0]], [[-0.9236310124397278, 0.3831491470336914, 0.010120361112058163, 1.158477783203125], [-0.020923228934407234, -0.024037953466176987, -0.9994920492172241, 1.5477561950683594], [-0.3827112317085266, -0.9233735799789429, 0.03021891601383686, -0.0447998046875], [0.0, 0.0, 0.0, 1.0]]], "view": [[0.0, -2.0, 100.0], [-2.0, 0.0, 100.0], [0.0, 0.0, 1.0]], "bev": "bev_45ecea60f53c4955bfa8aaf0b597e59d.png", "aux": "aux_45ecea60f53c4955bfa8aaf0b597e59d.npz", "visibility": "visibility_45ecea60f53c4955bfa8aaf0b597e59d.png", "pose": [[0.9971175193786621, 0.07587236166000366, 0.0, 1145.6083984375], [-0.07587236166000366, 0.9971175193786621, 0.0, 1391.6685791015625], [0.0, 0.0, 1.0, 0.0], [0.0, 0.0, 0.0, 1.0]], "pose_inverse": [[0.9971175193786621, -0.07587236166000366, 0.0, -1036.717041015625], [0.07587236166000366, 0.9971175193786621, 0.0, -1474.5771484375], [0.0, 0.0, 1.0, 0.0], [0.0, 0.0, 0.0, 1.0]], "cam_ids": [0, 1, 2, 3, 4, 5], "cam_channels": ["CAM_FRONT_LEFT", "CAM_FRONT", "CAM_FRONT_RIGHT", "CAM_BACK_LEFT", "CAM_BACK", "CAM_BACK_RIGHT"], "token": "45ecea60f53c4955bfa8aaf0b597e59d", "scene": "scene-0875"}, {"images": ["samples/CAM_FRONT_LEFT/n008-2018-09-18-14-54-39-0400__CAM_FRONT_LEFT__1537297135904799.jpg", "samples/CAM_FRONT/n008-2018-09-18-14-54-39-0400__CAM_FRONT__1537297135912404.jpg", "samples/CAM_FRONT_RIGHT/n008-2018-09-18-14-54-39-0400__CAM_FRONT_RIGHT__1537297135920482.jpg", "samples/CAM_BACK_LEFT/n008-2018-09-18-14-54-39-0400__CAM_BACK_LEFT__1537297135947405.jpg", "samples/CAM_BACK/n008-2018-09-18-14-54-39-0400__CAM_BACK__1537297135937558.jpg", "samples/CAM_BACK_RIGHT/n008-2018-09-18-14-54-39-0400__CAM_BACK_RIGHT__1537297135928113.jpg"], "intrinsics": [[[1257.8625342125129, 0.0, 827.2410631095686], [0.0, 1257.8625342125129, 450.915498205774], [0.0, 0.0, 1.0]], [[1252.8131021185304, 0.0, 826.588114781398], [0.0, 1252.8131021185304, 469.9846626224581], [0.0, 0.0, 1.0]], [[1256.7485116440405, 0.0, 817.7887570959712], [0.0, 1256.7485116440403, 451.9541780095127], [0.0, 0.0, 1.0]], [[1254.9860565800168, 0.0, 829.5769333630991], [0.0, 1254.9860565800168, 467.1680561863987], [0.0, 0.0, 1.0]], [[796.8910634503094, 0.0, 857.7774326863696], [0.0, 796.8910634503094, 476.8848988407415], [0.0, 0.0, 1.0]], [[1249.9629280788233, 0.0, 825.3768045375984], [0.0, 1249.9629280788233, 462.54816385708756], [0.0, 0.0, 1.0]]], "extrinsics": [[[0.8223872184753418, -0.5688217282295227, -0.011009884998202324, -1.005854606628418], [-0.010377153754234314, 0.004351361654698849, -0.9999366402626038, 1.4883089065551758], [0.5688336491584778, 0.8224493861198425, -0.0023242488969117403, -1.3336181640625], [0.0, 0.0, 0.0, 1.0]], [[0.010089563205838203, -0.999949038028717, -0.00028928290703333914, 0.005126953125], [-0.008419343270361423, 0.00020433579629752785, -0.9999645948410034, 1.4801750183105469], [0.9999136924743652, 0.010091654025018215, -0.008416852913796902, -1.7353515625], [0.0, 0.0, 0.0, 1.0]], [[-0.8441113233566284, -0.5361456871032715, 0.0049043083563447, 1.091064453125], [-0.0003971488622482866, -0.008521738462150097, -0.999963641166687, 1.4930686950683594], [0.5361679196357727, -0.8440825343132019, 0.0069803656078875065, -1.278076171875], [0.0, 0.0, 0.0, 1.0]], [[0.9477035999298096, 0.31837743520736694, -0.022218700498342514, -1.14404296875], [-0.025646960362792015, 0.006579641252756119, -0.9996494054794312, 1.5620441436767578], [-0.318119615316391, 0.9479411840438843, 0.0144009655341506, -0.1561279296875], [0.0, 0.0, 0.0, 1.0]], [[0.009386352263391018, 0.9999552369117737, -0.0011508953757584095, -0.02880859375], [-0.023584607988595963, -0.0009292421746067703, -0.999721348285675, 1.5680675506591797], [-0.9996777772903442, 0.00941088143736124, 0.0235748328268528, 0.044677734375], [0.0, 0.0, 0.0, 1.0]], [[-0.9236474633216858, 0.3831397294998169, 0.008901318535208702, 1.161224365234375], [-0.019428089261054993, -0.023614229634404182, -0.9995323419570923, 1.547821044921875], [-0.38275033235549927, -0.9233884215354919, 0.02925489842891693, -0.0435791015625], [0.0, 0.0, 0.0, 1.0]]], "view": [[0.0, -2.0, 100.0], [-2.0, 0.0, 100.0], [0.0, 0.0, 1.0]], "bev": "bev_1f9dc22a6909450bac4a1b938877820d.png", "aux": "aux_1f9dc22a6909450bac4a1b938877820d.npz", "visibility": "visibility_1f9dc22a6909450bac4a1b938877820d.png", "pose": [[0.9971023201942444, 0.07607197761535645, 0.0, 1145.6055908203125], [-0.07607197761535645, 0.9971023201942444, 0.0, 1391.672607421875], [0.0, 0.0, 1.0, 0.0], [0.0, 0.0, 0.0, 1.0]], "pose_inverse": [[0.9971023201942444, -0.07607197761535645, 0.0, -1036.418701171875], [0.07607197761535645, 0.9971023201942444, 0.0, -1474.7884521484375], [0.0, 0.0, 1.0, 0.0], [0.0, 0.0, 0.0, 1.0]], "cam_ids": [0, 1, 2, 3, 4, 5], "cam_channels": ["CAM_FRONT_LEFT", "CAM_FRONT", "CAM_FRONT_RIGHT", "CAM_BACK_LEFT", "CAM_BACK", "CAM_BACK_RIGHT"], "token": "1f9dc22a6909450bac4a1b938877820d", "scene": "scene-0875"}, {"images": ["samples/CAM_FRONT_LEFT/n008-2018-09-18-14-54-39-0400__CAM_FRONT_LEFT__1537297136404799.jpg", "samples/CAM_FRONT/n008-2018-09-18-14-54-39-0400__CAM_FRONT__1537297136412404.jpg", "samples/CAM_FRONT_RIGHT/n008-2018-09-18-14-54-39-0400__CAM_FRONT_RIGHT__1537297136420482.jpg", "samples/CAM_BACK_LEFT/n008-2018-09-18-14-54-39-0400__CAM_BACK_LEFT__1537297136447405.jpg", "samples/CAM_BACK/n008-2018-09-18-14-54-39-0400__CAM_BACK__1537297136437558.jpg", "samples/CAM_BACK_RIGHT/n008-2018-09-18-14-54-39-0400__CAM_BACK_RIGHT__1537297136428113.jpg"], "intrinsics": [[[1257.8625342125129, 0.0, 827.2410631095686], [0.0, 1257.8625342125129, 450.915498205774], [0.0, 0.0, 1.0]], [[1252.8131021185304, 0.0, 826.588114781398], [0.0, 1252.8131021185304, 469.9846626224581], [0.0, 0.0, 1.0]], [[1256.7485116440405, 0.0, 817.7887570959712], [0.0, 1256.7485116440403, 451.9541780095127], [0.0, 0.0, 1.0]], [[1254.9860565800168, 0.0, 829.5769333630991], [0.0, 1254.9860565800168, 467.1680561863987], [0.0, 0.0, 1.0]], [[796.8910634503094, 0.0, 857.7774326863696], [0.0, 796.8910634503094, 476.8848988407415], [0.0, 0.0, 1.0]], [[1249.9629280788233, 0.0, 825.3768045375984], [0.0, 1249.9629280788233, 462.54816385708756], [0.0, 0.0, 1.0]]], "extrinsics": [[[0.8223881125450134, -0.5688282251358032, -0.010596619918942451, -1.0051822662353516], [-0.00983166228979826, 0.00441356934607029, -0.9999419450759888, 1.4882972240447998], [0.5688420534133911, 0.8224445581436157, -0.001962862443178892, -1.333251953125], [0.0, 0.0, 0.0, 1.0]], [[0.010086186230182648, -0.9999489784240723, -0.0003847818879876286, 0.0052490234375], [-0.007885104045271873, 0.00030525444890372455, -0.9999688863754272, 1.4801669120788574], [0.9999180436134338, 0.010088910348713398, -0.007881620898842812, -1.7347412109375], [0.0, 0.0, 0.0, 1.0]], [[-0.8441132307052612, -0.5361469984054565, 0.0043844725005328655, 1.0904541015625], [0.00012841120769735426, -0.008379630744457245, -0.9999648928642273, 1.4930696487426758], [0.5361649394035339, -0.8440830707550049, 0.007142204791307449, -1.2777099609375], [0.0, 0.0, 0.0, 1.0]], [[0.9477094411849976, 0.3183901607990265, -0.021786104887723923, -1.143798828125], [-0.02525065839290619, 0.006757816299796104, -0.9996582865715027, 1.5620403289794922], [-0.3181341588497162, 0.9479357004165649, 0.014444006606936455, -0.156005859375], [0.0, 0.0, 0.0, 1.0]], [[0.009384464472532272, 0.9999555349349976, -0.0009474557009525597, -0.0286865234375], [-0.023131301626563072, -0.0007301592268049717, -0.9997321367263794, 1.568063735961914], [-0.9996883869171143, 0.00940388161689043, 0.023123420774936676, 0.04443359375], [0.0, 0.0, 0.0, 1.0]], [[-0.9236523509025574, 0.38313692808151245, 0.00850438792258501, 1.16070556640625], [-0.01892625354230404, -0.023440053686499596, -0.9995460510253906, 1.5478134155273438], [-0.38276368379592896, -0.9233940839767456, 0.028901807963848114, -0.0438232421875], [0.0, 0.0, 0.0, 1.0]]], "view": [[0.0, -2.0, 100.0], [-2.0, 0.0, 100.0], [0.0, 0.0, 1.0]], "bev": "bev_6593c9777bd64bec9e4b3787ded14d88.png", "aux": "aux_6593c9777bd64bec9e4b3787ded14d88.npz", "visibility": "visibility_6593c9777bd64bec9e4b3787ded14d88.png", "pose": [[0.9970802068710327, 0.07636164873838425, 0.0, 1145.60205078125], [-0.07636164873838425, 0.9970802068710327, 0.0, 1391.6761474609375], [0.0, 0.0, 1.0, 0.0], [0.0, 0.0, 0.0, 1.0]], "pose_inverse": [[0.9970802068710327, -0.07636164873838425, 0.0, -1035.9864501953125], [0.07636164873838425, 0.9970802068710327, 0.0, -1475.0927734375], [0.0, 0.0, 1.0, 0.0], [0.0, 0.0, 0.0, 1.0]], "cam_ids": [0, 1, 2, 3, 4, 5], "cam_channels": ["CAM_FRONT_LEFT", "CAM_FRONT", "CAM_FRONT_RIGHT", "CAM_BACK_LEFT", "CAM_BACK", "CAM_BACK_RIGHT"], "token": "6593c9777bd64bec9e4b3787ded14d88", "scene": "scene-0875"}, {"images": ["samples/CAM_FRONT_LEFT/n008-2018-09-18-14-54-39-0400__CAM_FRONT_LEFT__1537297136904799.jpg", "samples/CAM_FRONT/n008-2018-09-18-14-54-39-0400__CAM_FRONT__1537297136912404.jpg", "samples/CAM_FRONT_RIGHT/n008-2018-09-18-14-54-39-0400__CAM_FRONT_RIGHT__1537297136920482.jpg", "samples/CAM_BACK_LEFT/n008-2018-09-18-14-54-39-0400__CAM_BACK_LEFT__1537297136947405.jpg", "samples/CAM_BACK/n008-2018-09-18-14-54-39-0400__CAM_BACK__1537297136937558.jpg", "samples/CAM_BACK_RIGHT/n008-2018-09-18-14-54-39-0400__CAM_BACK_RIGHT__1537297136928126.jpg"], "intrinsics": [[[1257.8625342125129, 0.0, 827.2410631095686], [0.0, 1257.8625342125129, 450.915498205774], [0.0, 0.0, 1.0]], [[1252.8131021185304, 0.0, 826.588114781398], [0.0, 1252.8131021185304, 469.9846626224581], [0.0, 0.0, 1.0]], [[1256.7485116440405, 0.0, 817.7887570959712], [0.0, 1256.7485116440403, 451.9541780095127], [0.0, 0.0, 1.0]], [[1254.9860565800168, 0.0, 829.5769333630991], [0.0, 1254.9860565800168, 467.1680561863987], [0.0, 0.0, 1.0]], [[796.8910634503094, 0.0, 857.7774326863696], [0.0, 796.8910634503094, 476.8848988407415], [0.0, 0.0, 1.0]], [[1249.9629280788233, 0.0, 825.3768045375984], [0.0, 1249.9629280788233, 462.54816385708756], [0.0, 0.0, 1.0]]], "extrinsics": [[[0.8223716020584106, -0.5688539147377014, -0.010501188226044178, -1.005178451538086], [-0.00973130576312542, 0.00439100619405508, -0.9999430179595947, 1.4882948398590088], [0.5688676238059998, 0.8224269151687622, -0.0019246528390794992, -1.3331298828125], [0.0, 0.0, 0.0, 1.0]], [[0.010059114545583725, -0.9999492764472961, -0.0003541616606526077, 0.0052490234375], [-0.007773496676236391, 0.00027597066946327686, -0.9999697208404541, 1.4801645278930664], [0.9999191761016846, 0.010061567649245262, -0.007770325522869825, -1.7347412109375], [0.0, 0.0, 0.0, 1.0]], [[-0.8441257476806641, -0.536128044128418, 0.0042996713891625404, 1.0904541015625], [0.0002518996479921043, -0.008416187949478626, -0.9999645352363586, 1.493072509765625], [0.5361452102661133, -0.8440947532653809, 0.007239372003823519, -1.27764892578125], [0.0, 0.0, 0.0, 1.0]], [[0.9477133750915527, 0.31838729977607727, -0.02165423333644867, -1.1439208984375], [-0.025109490379691124, 0.006751800887286663, -0.9996618628501892, 1.5620441436767578], [-0.3181334435939789, 0.9479366540908813, 0.014393315650522709, -0.1561279296875], [0.0, 0.0, 0.0, 1.0]], [[0.009392530657351017, 0.999955415725708, -0.0009901403682306409, -0.0289306640625], [-0.02300121821463108, -0.0007738719577901065, -0.9997351169586182, 1.5680618286132812], [-0.9996913075447083, 0.00941283255815506, 0.022992925718426704, 0.04449462890625], [0.0, 0.0, 0.0, 1.0]], [[-0.9236472845077515, 0.38315194845199585, 0.008377754129469395, 1.160797119140625], [-0.018805837258696556, -0.023478928953409195, -0.9995474219322205, 1.5478096008300781], [-0.38278183341026306, -0.923386812210083, 0.02889174409210682, -0.043701171875], [0.0, 0.0, 0.0, 1.0]]], "view": [[0.0, -2.0, 100.0], [-2.0, 0.0, 100.0], [0.0, 0.0, 1.0]], "bev": "bev_92cac58bd6064fd19abc9319ce4bdef5.png", "aux": "aux_92cac58bd6064fd19abc9319ce4bdef5.npz", "visibility": "visibility_92cac58bd6064fd19abc9319ce4bdef5.png", "pose": [[0.997066855430603, 0.0765356570482254, 0.0, 1145.60205078125], [-0.0765356570482254, 0.997066855430603, 0.0, 1391.6787109375], [0.0, 0.0, 1.0, 0.0], [0.0, 0.0, 0.0, 1.0]], "pose_inverse": [[0.997066855430603, -0.0765356570482254, 0.0, -1035.728759765625], [0.0765356570482254, 0.997066855430603, 0.0, -1475.276123046875], [0.0, 0.0, 1.0, 0.0], [0.0, 0.0, 0.0, 1.0]], "cam_ids": [0, 1, 2, 3, 4, 5], "cam_channels": ["CAM_FRONT_LEFT", "CAM_FRONT", "CAM_FRONT_RIGHT", "CAM_BACK_LEFT", "CAM_BACK", "CAM_BACK_RIGHT"], "token": "92cac58bd6064fd19abc9319ce4bdef5", "scene": "scene-0875"}, {"images": ["samples/CAM_FRONT_LEFT/n008-2018-09-18-14-54-39-0400__CAM_FRONT_LEFT__1537297137354799.jpg", "samples/CAM_FRONT/n008-2018-09-18-14-54-39-0400__CAM_FRONT__1537297137362404.jpg", "samples/CAM_FRONT_RIGHT/n008-2018-09-18-14-54-39-0400__CAM_FRONT_RIGHT__1537297137370482.jpg", "samples/CAM_BACK_LEFT/n008-2018-09-18-14-54-39-0400__CAM_BACK_LEFT__1537297137397405.jpg", "samples/CAM_BACK/n008-2018-09-18-14-54-39-0400__CAM_BACK__1537297137387558.jpg", "samples/CAM_BACK_RIGHT/n008-2018-09-18-14-54-39-0400__CAM_BACK_RIGHT__1537297137378113.jpg"], "intrinsics": [[[1257.8625342125129, 0.0, 827.2410631095686], [0.0, 1257.8625342125129, 450.915498205774], [0.0, 0.0, 1.0]], [[1252.8131021185304, 0.0, 826.588114781398], [0.0, 1252.8131021185304, 469.9846626224581], [0.0, 0.0, 1.0]], [[1256.7485116440405, 0.0, 817.7887570959712], [0.0, 1256.7485116440403, 451.9541780095127], [0.0, 0.0, 1.0]], [[1254.9860565800168, 0.0, 829.5769333630991], [0.0, 1254.9860565800168, 467.1680561863987], [0.0, 0.0, 1.0]], [[796.8910634503094, 0.0, 857.7774326863696], [0.0, 796.8910634503094, 476.8848988407415], [0.0, 0.0, 1.0]], [[1249.9629280788233, 0.0, 825.3768045375984], [0.0, 1249.9629280788233, 462.54816385708756], [0.0, 0.0, 1.0]]], "extrinsics": [[[0.8223767876625061, -0.5688469409942627, -0.010473735630512238, -1.0049409866333008], [-0.009723315015435219, 0.0043542697094380856, -0.999943196773529, 1.4882969856262207], [0.5688602924346924, 0.8224319219589233, -0.0019502312643453479, -1.3333740234375], [0.0, 0.0, 0.0, 1.0]], [[0.010067805647850037, -0.9999492168426514, -0.0003152306017000228, 0.00537109375], [-0.007763116620481014, 0.00023707558284513652, -0.9999698400497437, 1.4801673889160156], [0.9999192953109741, 0.0100699532777071, -0.007760338485240936, -1.73486328125], [0.0, 0.0, 0.0, 1.0]], [[-0.8441213965415955, -0.5361348390579224, 0.004313772078603506, 1.0904541015625], [0.00026305546634830534, -0.008459937758743763, -0.99996417760849, 1.4930715560913086], [0.536152184009552, -0.8440900444984436, 0.0072822473011910915, -1.27764892578125], [0.0, 0.0, 0.0, 1.0]], [[0.9477125406265259, 0.31838861107826233, -0.021673694252967834, -1.1436767578125], [-0.025113847106695175, 0.006703548599034548, -0.9996621012687683, 1.562042236328125], [-0.31813573837280273, 0.9479366540908813, 0.014348998665809631, -0.156005859375], [0.0, 0.0, 0.0, 1.0]], [[0.009388445876538754, 0.9999554753303528, -0.0010366745991632342, -0.02880859375], [-0.022997690364718437, -0.0008205241756513715, -0.9997351765632629, 1.568063735961914], [-0.9996914267539978, 0.009409795515239239, 0.02298896014690399, 0.0443115234375], [0.0, 0.0, 0.0, 1.0]], [[-0.9236502051353455, 0.38314560055732727, 0.008349829353392124, 1.160736083984375], [-0.018795358017086983, -0.023527070879936218, -0.999546468257904, 1.5478134155273438], [-0.38277533650398254, -0.9233883023262024, 0.02893214114010334, -0.043701171875], [0.0, 0.0, 0.0, 1.0]]], "view": [[0.0, -2.0, 100.0], [-2.0, 0.0, 100.0], [0.0, 0.0, 1.0]], "bev": "bev_a27ba664deac41f1ba745ea01e820f43.png", "aux": "aux_a27ba664deac41f1ba745ea01e820f43.npz", "visibility": "visibility_a27ba664deac41f1ba745ea01e820f43.png", "pose": [[0.9970649480819702, 0.0765606090426445, 0.0, 1145.6021728515625], [-0.0765606090426445, 0.9970649480819702, 0.0, 1391.6806640625], [0.0, 0.0, 1.0, 0.0], [0.0, 0.0, 0.0, 1.0]], "pose_inverse": [[0.9970649480819702, -0.0765606090426445, 0.0, -1035.69189453125], [0.0765606090426445, 0.9970649480819702, 0.0, -1475.303955078125], [0.0, 0.0, 1.0, 0.0], [0.0, 0.0, 0.0, 1.0]], "cam_ids": [0, 1, 2, 3, 4, 5], "cam_channels": ["CAM_FRONT_LEFT", "CAM_FRONT", "CAM_FRONT_RIGHT", "CAM_BACK_LEFT", "CAM_BACK", "CAM_BACK_RIGHT"], "token": "a27ba664deac41f1ba745ea01e820f43", "scene": "scene-0875"}, {"images": ["samples/CAM_FRONT_LEFT/n008-2018-09-18-14-54-39-0400__CAM_FRONT_LEFT__1537297137854799.jpg", "samples/CAM_FRONT/n008-2018-09-18-14-54-39-0400__CAM_FRONT__1537297137862404.jpg", "samples/CAM_FRONT_RIGHT/n008-2018-09-18-14-54-39-0400__CAM_FRONT_RIGHT__1537297137870482.jpg", "samples/CAM_BACK_LEFT/n008-2018-09-18-14-54-39-0400__CAM_BACK_LEFT__1537297137897405.jpg", "samples/CAM_BACK/n008-2018-09-18-14-54-39-0400__CAM_BACK__1537297137887558.jpg", "samples/CAM_BACK_RIGHT/n008-2018-09-18-14-54-39-0400__CAM_BACK_RIGHT__1537297137878113.jpg"], "intrinsics": [[[1257.8625342125129, 0.0, 827.2410631095686], [0.0, 1257.8625342125129, 450.915498205774], [0.0, 0.0, 1.0]], [[1252.8131021185304, 0.0, 826.588114781398], [0.0, 1252.8131021185304, 469.9846626224581], [0.0, 0.0, 1.0]], [[1256.7485116440405, 0.0, 817.7887570959712], [0.0, 1256.7485116440403, 451.9541780095127], [0.0, 0.0, 1.0]], [[1254.9860565800168, 0.0, 829.5769333630991], [0.0, 1254.9860565800168, 467.1680561863987], [0.0, 0.0, 1.0]], [[796.8910634503094, 0.0, 857.7774326863696], [0.0, 796.8910634503094, 476.8848988407415], [0.0, 0.0, 1.0]], [[1249.9629280788233, 0.0, 825.3768045375984], [0.0, 1249.9629280788233, 462.54816385708756], [0.0, 0.0, 1.0]]], "extrinsics": [[[0.8223822116851807, -0.5688411593437195, -0.010358094237744808, -1.0050296783447266], [-0.00960029661655426, 0.004328812938183546, -0.9999445080757141, 1.488295555114746], [0.568854570388794, 0.8224360346794128, -0.001901106908917427, -1.3331298828125], [0.0, 0.0, 0.0, 1.0]], [[0.010071845725178719, -0.9999492764472961, -0.00028685558936558664, 0.005126953125], [-0.007650347892194986, 0.00020980549743399024, -0.9999707341194153, 1.4801669120788574], [0.9999200105667114, 0.010073735378682613, -0.007647846359759569, -1.7347412109375], [0.0, 0.0, 0.0, 1.0]], [[-0.8441208004951477, -0.5361363887786865, 0.004235467873513699, 1.0906982421875], [0.00037328951293602586, -0.00848742201924324, -0.9999638795852661, 1.4930744171142578], [0.5361530184745789, -0.8440887331962585, 0.007364542689174414, -1.2774658203125], [0.0, 0.0, 0.0, 1.0]], [[0.9477145671844482, 0.31838878989219666, -0.021581385284662247, -1.1439208984375], [-0.025005102157592773, 0.006669646129012108, -0.9996650815010071, 1.562042236328125], [-0.3181382119655609, 0.9479367136955261, 0.014282266609370708, -0.1561279296875], [0.0, 0.0, 0.0, 1.0]], [[0.00938822515308857, 0.9999553561210632, -0.0010621687397360802, -0.02880859