[{"images": ["samples/CAM_FRONT_LEFT/n015-2018-11-21-19-11-29+0800__CAM_FRONT_LEFT__1542798731604844.jpg", "samples/CAM_FRONT/n015-2018-11-21-19-11-29+0800__CAM_FRONT__1542798731612460.jpg", "samples/CAM_FRONT_RIGHT/n015-2018-11-21-19-11-29+0800__CAM_FRONT_RIGHT__1542798731620339.jpg", "samples/CAM_BACK_LEFT/n015-2018-11-21-19-11-29+0800__CAM_BACK_LEFT__1542798731647423.jpg", "samples/CAM_BACK/n015-2018-11-21-19-11-29+0800__CAM_BACK__1542798731637525.jpg", "samples/CAM_BACK_RIGHT/n015-2018-11-21-19-11-29+0800__CAM_BACK_RIGHT__1542798731627893.jpg"], "intrinsics": [[[1272.5979470598488, 0.0, 826.6154927353808], [0.0, 1272.5979470598488, 479.75165386361925], [0.0, 0.0, 1.0]], [[1266.417203046554, 0.0, 816.2670197447984], [0.0, 1266.417203046554, 491.50706579294757], [0.0, 0.0, 1.0]], [[1260.8474446004698, 0.0, 807.968244525554], [0.0, 1260.8474446004698, 495.3344268742088], [0.0, 0.0, 1.0]], [[1256.7414812095406, 0.0, 792.1125740759628], [0.0, 1256.7414812095406, 492.7757465151356], [0.0, 0.0, 1.0]], [[809.2209905677063, 0.0, 829.2196003259838], [0.0, 809.2209905677063, 481.77842384512485], [0.0, 0.0, 1.0]], [[1259.5137405846733, 0.0, 807.2529053838625], [0.0, 1259.5137405846733, 501.19579884916527], [0.0, 0.0, 1.0]]], "extrinsics": [[[0.8207216858863831, -0.5712764859199524, 0.007680317386984825, -0.9649658203125], [0.00246287789195776, -0.009905151091516018, -0.9999479055404663, 1.5082473754882812], [0.5713228583335876, 0.8206978440284729, -0.00672238739207387, -1.2803955078125], [0.0, 0.0, 0.0, 1.0]], [[0.005616312380880117, -0.9998870491981506, 0.013941654935479164, 0.0050048828125], [-0.002848345786333084, -0.013957814313471317, -0.9998984932899475, 1.5205326080322266], [0.9999801516532898, 0.005576049443334341, -0.0029264152981340885, -1.69244384765625], [0.0, 0.0, 0.0, 1.0]], [[-0.8329366445541382, -0.5533532500267029, -0.004106061067432165, 1.032318115234375], [0.0027628762181848288, 0.0032614327501505613, -0.9999908208847046, 1.5036461353302002], [0.5533615350723267, -0.8329403400421143, -0.001187720219604671, -1.2486572265625], [0.0, 0.0, 0.0, 1.0]], [[0.9477633833885193, 0.3189665675163269, 0.002223108895123005, -1.1420440673828125], [0.011453238315880299, -0.027064936235547066, -0.9995680451393127, 1.5885581970214844], [-0.3187686800956726, 0.9473794102668762, -0.029304353520274162, -0.103759765625], [0.0, 0.0, 0.0, 1.0]], [[0.0024919253773987293, 0.9998506307601929, -0.017102856189012527, 0.0028076171875], [-0.01397598348557949, -0.017066417261958122, -0.9997566342353821, 1.5793571472167969], [-0.9998992085456848, 0.002730249660089612, 0.013931367546319962, 0.001953125], [0.0, 0.0, 0.0, 1.0]], [[-0.9347200989723206, 0.3549261689186096, -0.018045539036393166, 1.1363525390625], [0.018640227615833282, -0.0017439739312976599, -0.9998247623443604, 1.5514488220214844], [-0.35489553213119507, -0.9348927736282349, -0.004985779523849487, -0.0634765625], [0.0, 0.0, 0.0, 1.0]]], "view": [[0.0, -2.0, 100.0], [-2.0, 0.0, 100.0], [0.0, 0.0, 1.0]], "bev": "bev_748e4f5f1a1c4c8cbbcb825ba9ebc739.png", "aux": "aux_748e4f5f1a1c4c8cbbcb825ba9ebc739.npz", "visibility": "visibility_748e4f5f1a1c4c8cbbcb825ba9ebc739.png", "pose": [[-0.7374205589294434, -0.675433874130249, 0.0, 625.9115600585938], [0.675433874130249, -0.7374205589294434, 0.0, 1972.141845703125], [0.0, 0.0, 1.0, 0.0], [0.0, 0.0, 0.0, 1.0]], "pose_inverse": [[-0.7374205589294434, 0.675433874130249, 0.0, -870.4913330078125], [-0.675433874130249, -0.7374205589294434, 0.0, 1877.059814453125], [0.0, 0.0, 1.0, 0.0], [0.0, 0.0, 0.0, 1.0]], "cam_ids": [0, 1, 2, 3, 4, 5], "cam_channels": ["CAM_FRONT_LEFT", "CAM_FRONT", "CAM_FRONT_RIGHT", "CAM_BACK_LEFT", "CAM_BACK", "CAM_BACK_RIGHT"], "token": "748e4f5f1a1c4c8cbbcb825ba9ebc739", "scene": "scene-1046"}, {"images": ["samples/CAM_FRONT_LEFT/n015-2018-11-21-19-11-29+0800__CAM_FRONT_LEFT__1542798732104844.jpg", "samples/CAM_FRONT/n015-2018-11-21-19-11-29+0800__CAM_FRONT__1542798732112460.jpg", "samples/CAM_FRONT_RIGHT/n015-2018-11-21-19-11-29+0800__CAM_FRONT_RIGHT__1542798732120339.jpg", "samples/CAM_BACK_LEFT/n015-2018-11-21-19-11-29+0800__CAM_BACK_LEFT__1542798732147423.jpg", "samples/CAM_BACK/n015-2018-11-21-19-11-29+0800__CAM_BACK__1542798732137525.jpg", "samples/CAM_BACK_RIGHT/n015-2018-11-21-19-11-29+0800__CAM_BACK_RIGHT__1542798732127893.jpg"], "intrinsics": [[[1272.5979470598488, 0.0, 826.6154927353808], [0.0, 1272.5979470598488, 479.75165386361925], [0.0, 0.0, 1.0]], [[1266.417203046554, 0.0, 816.2670197447984], [0.0, 1266.417203046554, 491.50706579294757], [0.0, 0.0, 1.0]], [[1260.8474446004698, 0.0, 807.968244525554], [0.0, 1260.8474446004698, 495.3344268742088], [0.0, 0.0, 1.0]], [[1256.7414812095406, 0.0, 792.1125740759628], [0.0, 1256.7414812095406, 492.7757465151356], [0.0, 0.0, 1.0]], [[809.2209905677063, 0.0, 829.2196003259838], [0.0, 809.2209905677063, 481.77842384512485], [0.0, 0.0, 1.0]], [[1259.5137405846733, 0.0, 807.2529053838625], [0.0, 1259.5137405846733, 501.19579884916527], [0.0, 0.0, 1.0]]], "extrinsics": [[[0.8207188248634338, -0.5712817311286926, 0.007598701864480972, -0.9649658203125], [0.002436035079881549, -0.009800794534385204, -0.9999489784240723, 1.5082473754882812], [0.5713270902633667, 0.8206955194473267, -0.006652034353464842, -1.2802734375], [0.0, 0.0, 0.0, 1.0]], [[0.005609037820249796, -0.9998884797096252, 0.013838302344083786, 0.0050048828125], [-0.0028635163325816393, -0.013854525052011013, -0.9998999834060669, 1.5205326080322266], [0.999980092048645, 0.005568826105445623, -0.0029409078415483236, -1.69232177734375], [0.0, 0.0, 0.0, 1.0]], [[-0.8329404592514038, -0.5533469319343567, -0.004160135053098202, 1.03228759765625], [0.002759957918897271, 0.0033635576255619526, -0.9999905228614807, 1.5036418437957764], [0.5533556938171387, -0.8329440951347351, -0.0012744282139465213, -1.24853515625], [0.0, 0.0, 0.0, 1.0]], [[0.9477652907371521, 0.31896069645881653, 0.0022332605440169573, -1.1422882080078125], [0.01143587101250887, -0.026982072740793228, -0.9995704889297485, 1.5885505676269531], [-0.31876340508461, 0.9473837614059448, -0.02922026813030243, -0.103515625], [0.0, 0.0, 0.0, 1.0]], [[0.0024950276128947735, 0.9998523592948914, -0.017002098262310028, 0.002685546875], [-0.013990943320095539, -0.016965582966804504, -0.9997581839561462, 1.5793571472167969], [-0.9998989701271057, 0.002732305321842432, 0.013946546241641045, 0.00201416015625], [0.0, 0.0, 0.0, 1.0]], [[-0.9347183704376221, 0.3549326956272125, -0.018012110143899918, 1.13623046875], [0.018644124269485474, -0.0016396127175539732, -0.9998248815536499, 1.5514488220214844], [-0.3549000322818756, -0.9348903894424438, -0.00508483313024044, -0.0635986328125], [0.0, 0.0, 0.0, 1.0]]], "view": [[0.0, -2.0, 100.0], [-2.0, 0.0, 100.0], [0.0, 0.0, 1.0]], "bev": "bev_56a9680a15ad441c8d249aac2f80ed09.png", "aux": "aux_56a9680a15ad441c8d249aac2f80ed09.npz", "visibility": "visibility_56a9680a15ad441c8d249aac2f80ed09.png", "pose": [[-0.7374652624130249, -0.675385057926178, 0.0, 625.9115600585938], [0.675385057926178, -0.7374652624130249, 0.0, 1972.141845703125], [0.0, 0.0, 1.0, 0.0], [0.0, 0.0, 0.0, 1.0]], "pose_inverse": [[-0.7374652624130249, 0.675385057926178, 0.0, -870.3671264648438], [-0.675385057926178, -0.7374652624130249, 0.0, 1877.117431640625], [0.0, 0.0, 1.0, 0.0], [0.0, 0.0, 0.0, 1.0]], "cam_ids": [0, 1, 2, 3, 4, 5], "cam_channels": ["CAM_FRONT_LEFT", "CAM_FRONT", "CAM_FRONT_RIGHT", "CAM_BACK_LEFT", "CAM_BACK", "CAM_BACK_RIGHT"], "token": "56a9680a15ad441c8d249aac2f80ed09", "scene": "scene-1046"}, {"images": ["samples/CAM_FRONT_LEFT/n015-2018-11-21-19-11-29+0800__CAM_FRONT_LEFT__1542798732604844.jpg", "samples/CAM_FRONT/n015-2018-11-21-19-11-29+0800__CAM_FRONT__1542798732612460.jpg", "samples/CAM_FRONT_RIGHT/n015-2018-11-21-19-11-29+0800__CAM_FRONT_RIGHT__1542798732620339.jpg", "samples/CAM_BACK_LEFT/n015-2018-11-21-19-11-29+0800__CAM_BACK_LEFT__1542798732647423.jpg", "samples/CAM_BACK/n015-2018-11-21-19-11-29+0800__CAM_BACK__1542798732637525.jpg", "samples/CAM_BACK_RIGHT/n015-2018-11-21-19-11-29+0800__CAM_BACK_RIGHT__1542798732627893.jpg"], "intrinsics": [[[1272.5979470598488, 0.0, 826.6154927353808], [0.0, 1272.5979470598488, 479.75165386361925], [0.0, 0.0, 1.0]], [[1266.417203046554, 0.0, 816.2670197447984], [0.0, 1266.417203046554, 491.50706579294757], [0.0, 0.0, 1.0]], [[1260.8474446004698, 0.0, 807.968244525554], [0.0, 1260.8474446004698, 495.3344268742088], [0.0, 0.0, 1.0]], [[1256.7414812095406, 0.0, 792.1125740759628], [0.0, 1256.7414812095406, 492.7757465151356], [0.0, 0.0, 1.0]], [[809.2209905677063, 0.0, 829.2196003259838], [0.0, 809.2209905677063, 481.77842384512485], [0.0, 0.0, 1.0]], [[1259.5137405846733, 0.0, 807.2529053838625], [0.0, 1259.5137405846733, 501.19579884916527], [0.0, 0.0, 1.0]]], "extrinsics": [[[0.8207213878631592, -0.5712783932685852, 0.007574166636914015, -0.9649658203125], [0.002414385788142681, -0.0097889993339777, -0.9999491572380066, 1.5082473754882812], [0.5713233947753906, 0.8206980228424072, -0.006654755212366581, -1.2802734375], [0.0, 0.0, 0.0, 1.0]], [[0.005614570342004299, -0.9998886585235596, 0.013822210021317005, 0.0048828125], [-0.0028718227986246347, -0.013838494196534157, -0.9999001622200012, 1.5205326080322266], [0.9999801516532898, 0.0055742585100233555, -0.0029492003377527, -1.6922607421875], [0.0, 0.0, 0.0, 1.0]], [[-0.8329377174377441, -0.553351104259491, -0.004175941925495863, 1.032257080078125], [0.0027653295546770096, 0.0033840283285826445, -0.9999904632568359, 1.503645420074463], [0.553359866142273, -0.8329412341117859, -0.0012884860625490546, -1.248779296875], [0.0, 0.0, 0.0, 1.0]], [[0.9477638602256775, 0.3189649283885956, 0.0022461931221187115, -1.1422576904296875], [0.01144487876445055, -0.02696789614856243, -0.9995707869529724, 1.5885543823242188], [-0.3187674880027771, 0.9473828077316284, -0.029209712520241737, -0.103759765625], [0.0, 0.0, 0.0, 1.0]], [[0.0024925339967012405, 0.9998525977134705, -0.016987867653369904, 0.002685546875], [-0.013977318070828915, -0.01695142686367035, -0.9997586607933044, 1.5793590545654297], [-0.99989914894104, 0.002729407511651516, 0.013933004811406136, 0.00201416015625], [0.0, 0.0, 0.0, 1.0]], [[-0.9347192645072937, 0.354929655790329, -0.018021205440163612, 1.13623046875], [0.018660370260477066, -0.001622398616746068, -0.999824583530426, 1.55145263671875], [-0.354896605014801, -0.9348915815353394, -0.005106632597744465, -0.063720703125], [0.0, 0.0, 0.0, 1.0]]], "view": [[0.0, -2.0, 100.0], [-2.0, 0.0, 100.0], [0.0, 0.0, 1.0]], "bev": "bev_a4aabd217505442f8658f45a2b6a3f63.png", "aux": "aux_a4aabd217505442f8658f45a2b6a3f63.npz", "visibility": "visibility_a4aabd217505442f8658f45a2b6a3f63.png", "pose": [[-0.7374796867370605, -0.6753693222999573, 0.0, 625.9115600585938], [0.6753693222999573, -0.7374796867370605, 0.0, 1972.141845703125], [0.0, 0.0, 1.0, 0.0], [0.0, 0.0, 0.0, 1.0]], "pose_inverse": [[-0.7374796867370605, 0.6753693222999573, 0.0, -870.3270874023438], [-0.6753693222999573, -0.7374796867370605, 0.0, 1877.135986328125], [0.0, 0.0, 1.0, 0.0], [0.0, 0.0, 0.0, 1.0]], "cam_ids": [0, 1, 2, 3, 4, 5], "cam_channels": ["CAM_FRONT_LEFT", "CAM_FRONT", "CAM_FRONT_RIGHT", "CAM_BACK_LEFT", "CAM_BACK", "CAM_BACK_RIGHT"], "token": "a4aabd217505442f8658f45a2b6a3f63", "scene": "scene-1046"}, {"images": ["samples/CAM_FRONT_LEFT/n015-2018-11-21-19-11-29+0800__CAM_FRONT_LEFT__1542798733104844.jpg", "samples/CAM_FRONT/n015-2018-11-21-19-11-29+0800__CAM_FRONT__1542798733112460.jpg", "samples/CAM_FRONT_RIGHT/n015-2018-11-21-19-11-29+0800__CAM_FRONT_RIGHT__1542798733120339.jpg", "samples/CAM_BACK_LEFT/n015-2018-11-21-19-11-29+0800__CAM_BACK_LEFT__1542798733147423.jpg", "samples/CAM_BACK/n015-2018-11-21-19-11-29+0800__CAM_BACK__1542798733137525.jpg", "samples/CAM_BACK_RIGHT/n015-2018-11-21-19-11-29+0800__CAM_BACK_RIGHT__1542798733127893.jpg"], "intrinsics": [[[1272.5979470598488, 0.0, 826.6154927353808], [0.0, 1272.5979470598488, 479.75165386361925], [0.0, 0.0, 1.0]], [[1266.417203046554, 0.0, 816.2670197447984], [0.0, 1266.417203046554, 491.50706579294757], [0.0, 0.0, 1.0]], [[1260.8474446004698, 0.0, 807.968244525554], [0.0, 1260.8474446004698, 495.3344268742088], [0.0, 0.0, 1.0]], [[1256.7414812095406, 0.0, 792.1125740759628], [0.0, 1256.7414812095406, 492.7757465151356], [0.0, 0.0, 1.0]], [[809.2209905677063, 0.0, 829.2196003259838], [0.0, 809.2209905677063, 481.77842384512485], [0.0, 0.0, 1.0]], [[1259.5137405846733, 0.0, 807.2529053838625], [0.0, 1259.5137405846733, 501.19579884916527], [0.0, 0.0, 1.0]]], "extrinsics": [[[0.8207425475120544, -0.5712482333183289, 0.007564379367977381, -0.9649658203125], [0.002367283683270216, -0.009839964099228382, -0.9999487996101379, 1.508249282836914], [0.5712934136390686, 0.8207183480262756, -0.006723770406097174, -1.2801513671875], [0.0, 0.0, 0.0, 1.0]], [[0.005647239275276661, -0.9998878240585327, 0.013873893767595291, 0.0050048828125], [-0.00292627583257854, -0.013890581205487251, -0.9998992681503296, 1.5205326080322266], [0.9999797344207764, 0.0056061106733977795, -0.0030043923761695623, -1.69232177734375], [0.0, 0.0, 0.0, 1.0]], [[-0.8329237103462219, -0.5533727407455444, -0.00409448379650712, 1.032470703125], [0.002702641300857067, 0.003331122687086463, -0.9999907612800598, 1.5036416053771973], [0.5533812046051025, -0.8329271078109741, -0.0012790015898644924, -1.2486572265625], [0.0, 0.0, 0.0, 1.0]], [[0.9477653503417969, 0.31896087527275085, 0.0021699750795960426, -1.142120361328125], [0.01137707568705082, -0.027005676180124283, -0.9995705485343933, 1.5885543823242188], [-0.3187653124332428, 0.9473829865455627, -0.029223887249827385, -0.103515625], [0.0, 0.0, 0.0, 1.0]], [[0.0024828326422721148, 0.9998517632484436, -0.017038550227880478, 0.0028076171875], [-0.014041745103895664, -0.017002062872052193, -0.9997568726539612, 1.5793590545654297], [-0.9998983144760132, 0.0027215215377509594, 0.013997449539601803, 0.001953125], [0.0, 0.0, 0.0, 1.0]], [[-0.934727132320404, 0.35491132736206055, -0.01797429844737053, 1.1363525390625], [0.018589582294225693, -0.0016764230094850063, -0.9998258352279663, 1.5514469146728516], [-0.3548797369003296, -0.9348985552787781, -0.005030656233429909, -0.0634765625], [0.0, 0.0, 0.0, 1.0]]], "view": [[0.0, -2.0, 100.0], [-2.0, 0.0, 100.0], [0.0, 0.0, 1.0]], "bev": "bev_9ed5ab144a304a3b801a200406099d47.png", "aux": "aux_9ed5ab144a304a3b801a200406099d47.npz", "visibility": "visibility_9ed5ab144a304a3b801a200406099d47.png", "pose": [[-0.7374545931816101, -0.675396740436554, 0.0, 625.9115600585938], [0.675396740436554, -0.7374545931816101, 0.0, 1972.141845703125], [0.0, 0.0, 1.0, 0.0], [0.0, 0.0, 0.0, 1.0]], "pose_inverse": [[-0.7374545931816101, 0.675396740436554, 0.0, -870.3967895507812], [-0.675396740436554, -0.7374545931816101, 0.0, 1877.1036376953125], [0.0, 0.0, 1.0, 0.0], [0.0, 0.0, 0.0, 1.0]], "cam_ids": [0, 1, 2, 3, 4, 5], "cam_channels": ["CAM_FRONT_LEFT", "CAM_FRONT", "CAM_FRONT_RIGHT", "CAM_BACK_LEFT", "CAM_BACK", "CAM_BACK_RIGHT"], "token": "9ed5ab144a304a3b801a200406099d47", "scene": "scene-1046"}, {"images": ["samples/CAM_FRONT_LEFT/n015-2018-11-21-19-11-29+0800__CAM_FRONT_LEFT__1542798733604844.jpg", "samples/CAM_FRONT/n015-2018-11-21-19-11-29+0800__CAM_FRONT__1542798733612460.jpg", "samples/CAM_FRONT_RIGHT/n015-2018-11-21-19-11-29+0800__CAM_FRONT_RIGHT__1542798733620339.jpg", "samples/CAM_BACK_LEFT/n015-2018-11-21-19-11-29+0800__CAM_BACK_LEFT__1542798733647423.jpg", "samples/CAM_BACK/n015-2018-11-21-19-11-29+0800__CAM_BACK__1542798733637525.jpg", "samples/CAM_BACK_RIGHT/n015-2018-11-21-19-11-29+0800__CAM_BACK_RIGHT__1542798733627893.jpg"], "intrinsics": [[[1272.5979470598488, 0.0, 826.6154927353808], [0.0, 1272.5979470598488, 479.75165386361925], [0.0, 0.0, 1.0]], [[1266.417203046554, 0.0, 816.2670197447984], [0.0, 1266.417203046554, 491.50706579294757], [0.0, 0.0, 1.0]], [[1260.8474446004698, 0.0, 807.968244525554], [0.0, 1260.8474446004698, 495.3344268742088], [0.0, 0.0, 1.0]], [[1256.7414812095406, 0.0, 792.1125740759628], [0.0, 1256.7414812095406, 492.7757465151356], [0.0, 0.0, 1.0]], [[809.2209905677063, 0.0, 829.2196003259838], [0.0, 809.2209905677063, 481.77842384512485], [0.0, 0.0, 1.0]], [[1259.5137405846733, 0.0, 807.2529053838625], [0.0, 1259.5137405846733, 501.19579884916527], [0.0, 0.0, 1.0]]], "extrinsics": [[[0.820733904838562, -0.5712608098983765, 0.0075480449013412, -0.96484375], [0.0023728227242827415, -0.009803236462175846, -0.9999491572380066, 1.5082435607910156], [0.5713056921958923, 0.8207101225852966, -0.006690348498523235, -1.2803955078125], [0.0, 0.0, 0.0, 1.0]], [[0.0056333946995437145, -0.9998884797096252, 0.01382866594940424, 0.005126953125], [-0.0029224685858935118, -0.013845289126038551, -0.9998999238014221, 1.5205326080322266], [0.9999798536300659, 0.005592384375631809, -0.0030001390259712934, -1.69244384765625], [0.0, 0.0, 0.0, 1.0]], [[-0.8329299688339233, -0.5533629059791565, -0.004126266576349735, 1.0323486328125], [0.002704935148358345, 0.0033851314801722765, -0.9999905824661255, 1.50364351272583], [0.5533716678619385, -0.8329334259033203, -0.0013227658346295357, -1.2486572265625], [0.0, 0.0, 0.0, 1.0]], [[0.947765052318573, 0.3189620077610016, 0.0021801467519253492, -1.142181396484375], [0.01137647032737732, -0.026971889659762383, -0.9995714426040649, 1.5885581970214844], [-0.3187665045261383, 0.9473837018013, -0.029191674664616585, -0.10400390625], [0.0, 0.0, 0.0, 1.0]], [[0.0024870201013982296, 0.9998524785041809, -0.016996826976537704, 0.0029296875], [-0.01403944194316864, -0.016960294917225838, -0.9997576475143433, 1.5793571472167969], [-0.999898374080658, 0.0027250107377767563, 0.013995190151035786, 0.00177001953125], [0.0, 0.0, 0.0, 1.0]], [[-0.9347242712974548, 0.35492008924484253, -0.017950499430298805, 1.1363525390625], [0.018585428595542908, -0.0016204403946176171, -0.9998259544372559, 1.55145263671875], [-0.3548874258995056, -0.9348952174186707, -0.005081679206341505, -0.0635986328125], [0.0, 0.0, 0.0, 1.0]]], "view": [[0.0, -2.0, 100.0], [-2.0, 0.0, 100.0], [0.0, 0.0, 1.0]], "bev": "bev_6dcafcc7f9a14ccc89fe6bbdb0100c8c.png", "aux": "aux_6dcafcc7f9a14ccc89fe6bbdb0100c8c.npz", "visibility": "visibility_6dcafcc7f9a14ccc89fe6bbdb0100c8c.png", "pose": [[-0.7374486923217773, -0.6754031777381897, 0.0, 625.91162109375], [0.6754031777381897, -0.7374486923217773, 0.0, 1972.141845703125], [0.0, 0.0, 1.0, 0.0], [0.0, 0.0, 0.0, 1.0]], "pose_inverse": [[-0.7374486923217773, 0.6754031777381897, 0.0, -870.4132080078125], [-0.6754031777381897, -0.7374486923217773, 0.0, 1877.0960693359375], [0.0, 0.0, 1.0, 0.0], [0.0, 0.0, 0.0, 1.0]], "cam_ids": [0, 1, 2, 3, 4, 5], "cam_channels": ["CAM_FRONT_LEFT", "CAM_FRONT", "CAM_FRONT_RIGHT", "CAM_BACK_LEFT", "CAM_BACK", "CAM_BACK_RIGHT"], "token": "6dcafcc7f9a14ccc89fe6bbdb0100c8c", "scene": "scene-1046"}, {"images": ["samples/CAM_FRONT_LEFT/n015-2018-11-21-19-11-29+0800__CAM_FRONT_LEFT__1542798734104844.jpg", "samples/CAM_FRONT/n015-2018-11-21-19-11-29+0800__CAM_FRONT__1542798734112460.jpg", "samples/CAM_FRONT_RIGHT/n015-2018-11-21-19-11-29+0800__CAM_FRONT_RIGHT__1542798734120339.jpg", "samples/CAM_BACK_LEFT/n015-2018-11-21-19-11-29+0800__CAM_BACK_LEFT__1542798734147423.jpg", "samples/CAM_BACK/n015-2018-11-21-19-11-29+0800__CAM_BACK__1542798734137525.jpg", "samples/CAM_BACK_RIGHT/n015-2018-11-21-19-11-29+0800__CAM_BACK_RIGHT__1542798734127893.jpg"], "intrinsics": [[[1272.5979470598488, 0.0, 826.6154927353808], [0.0, 1272.5979470598488, 479.75165386361925], [0.0, 0.0, 1.0]], [[1266.417203046554, 0.0, 816.2670197447984], [0.0, 1266.417203046554, 491.50706579294757], [0.0, 0.0, 1.0]], [[1260.8474446004698, 0.0, 807.968244525554], [0.0, 1260.8474446004698, 495.3344268742088], [0.0, 0.0, 1.0]], [[1256.7414812095406, 0.0, 792.1125740759628], [0.0, 1256.7414812095406, 492.7757465151356], [0.0, 0.0, 1.0]], [[809.2209905677063, 0.0, 829.2196003259838], [0.0, 809.2209905677063, 481.77842384512485], [0.0, 0.0, 1.0]], [[1259.5137405846733, 0.0, 807.2529053838625], [0.0, 1259.5137405846733, 501.19579884916527], [0.0, 0.0, 1.0]]], "extrinsics": [[[0.8207256197929382, -0.5712746381759644, 0.007392479572445154, -0.9649658203125], [0.0022861275356262922, -0.009655306115746498, -0.9999507665634155, 1.5082473754882812], [0.5713179111480713, 0.820702075958252, -0.006618350278586149, -1.2802734375], [0.0, 0.0, 0.0, 1.0]], [[0.005621858406811953, -0.9998903274536133, 0.013700269162654877, 0.005126953125], [-0.0030170599929988384, -0.01371738314628601, -0.9999014139175415, 1.5205326080322266], [0.9999796152114868, 0.005579940043389797, -0.0030938470736145973, -1.6922607421875], [0.0, 0.0, 0.0, 1.0]], [[-0.8329359292984009, -0.5533542037010193, -0.004100090358406305, 1.032440185546875], [0.0026023974642157555, 0.003492195624858141, -0.9999905228614807, 1.5036430358886719], [0.5533632040023804, -0.8329387307167053, -0.0014687278307974339, -1.2486572265625], [0.0, 0.0, 0.0, 1.0]], [[0.947766125202179, 0.31895893812179565, 0.002115005860105157, -1.1421051025390625], [0.011272252537310123, -0.026866627857089043, -0.9995754361152649, 1.5885543823242188], [-0.3187667429447174, 0.9473876357078552, -0.02905866876244545, -0.103759765625], [0.0, 0.0, 0.0, 1.0]], [[0.0024894054513424635, 0.9998544454574585, -0.016881335526704788, 0.0028076171875], [-0.014153542928397655, -0.01684446819126606, -0.9997579455375671, 1.5793571472167969], [-0.9998966455459595, 0.0027276964392513037, 0.014109550043940544, 0.001953125], [0.0, 0.0, 0.0, 1.0]], [[-0.9347234964370728, 0.3549288213253021, -0.017817536368966103, 1.1361083984375], [0.01848183199763298, -0.0015188140096142888, -0.999828040599823, 1.5514488220214844], [-0.35489481687545776, -0.9348921179771423, -0.005140063818544149, -0.0635986328125], [0.0, 0.0, 0.0, 1.0]]], "view": [[0.0, -2.0, 100.0], [-2.0, 0.0, 100.0], [0.0, 0.0, 1.0]], "bev": "bev_eea87cf205b943da93fcbbddce7c754b.png", "aux": "aux_eea87cf205b943da93fcbbddce7c754b.npz", "visibility": "visibility_eea87cf205b943da93fcbbddce7c754b.png", "pose": [[-0.7375165820121765, -0.6753289699554443, 0.0, 625.91162109375], [0.6753289699554443, -0.7375165820121765, 0.0, 1972.141845703125], [0.0, 0.0, 1.0, 0.0], [0.0, 0.0, 0.0, 1.0]], "pose_inverse": [[-0.7375165820121765, 0.6753289699554443, 0.0, -870.224365234375], [-0.6753289699554443, -0.7375165820121765, 0.0, 1877.18359375], [0.0, 0.0, 1.0, 0.0], [0.0, 0.0, 0.0, 1.0]], "cam_ids": [0, 1, 2, 3, 4, 5], "cam_channels": ["CAM_FRONT_LEFT", "CAM_FRONT", "CAM_FRONT_RIGHT", "CAM_BACK_LEFT", "CAM_BACK", "CAM_BACK_RIGHT"], "token": "eea87cf205b943da93fcbbddce7c754b", "scene": "scene-1046"}, {"images": ["samples/CAM_FRONT_LEFT/n015-2018-11-21-19-11-29+0800__CAM_FRONT_LEFT__1542798734654844.jpg", "samples/CAM_FRONT/n015-2018-11-21-19-11-29+0800__CAM_FRONT__1542798734662460.jpg", "samples/CAM_FRONT_RIGHT/n015-2018-11-21-19-11-29+0800__CAM_FRONT_RIGHT__1542798734670339.jpg", "samples/CAM_BACK_LEFT/n015-2018-11-21-19-11-29+0800__CAM_BACK_LEFT__1542798734697423.jpg", "samples/CAM_BACK/n015-2018-11-21-19-11-29+0800__CAM_BACK__1542798734687525.jpg", "samples/CAM_BACK_RIGHT/n015-2018-11-21-19-11-29+0800__CAM_BACK_RIGHT__1542798734677893.jpg"], "intrinsics": [[[1272.5979470598488, 0.0, 826.6154927353808], [0.0, 1272.5979470598488, 479.75165386361925], [0.0, 0.0, 1.0]], [[1266.417203046554, 0.0, 816.2670197447984], [0.0, 1266.417203046554, 491.50706579294757], [0.0, 0.0, 1.0]], [[1260.8474446004698, 0.0, 807.968244525554], [0.0, 1260.8474446004698, 495.3344268742088], [0.0, 0.0, 1.0]], [[1256.7414812095406, 0.0, 792.1125740759628], [0.0, 1256.7414812095406, 492.7757465151356], [0.0, 0.0, 1.0]], [[809.2209905677063, 0.0, 829.2196003259838], [0.0, 809.2209905677063, 481.77842384512485], [0.0, 0.0, 1.0]], [[1259.5137405846733, 0.0, 807.2529053838625], [0.0, 1259.5137405846733, 501.19579884916527], [0.0, 0.0, 1.0]]], "extrinsics": [[[0.8207328915596008, -0.5712670087814331, 0.007186163682490587, -0.96484375], [0.002187729114666581, -0.009435667656362057, -0.9999530911445618, 1.5082473754882812], [0.5713079571723938, 0.8207100033760071, -0.006494384724646807, -1.2802734375], [0.0, 0.0, 0.0, 1.0]], [[0.005632780492305756, -0.999893307685852, 0.013480618596076965, 0.005126953125], [-0.0031062134075909853, -0.01349826343357563, -0.9999040961265564, 1.5205307006835938], [0.9999793171882629, 0.005590358749032021, -0.0031819145660847425, -1.6922607421875], [0.0, 0.0, 0.0, 1.0]], [[-0.8329320549964905, -0.5533597469329834, -0.004150694701820612, 1.032257080078125], [0.002519826404750347, 0.003707911353558302, -0.999989926815033, 1.5036439895629883], [0.5533695816993713, -0.8329340815544128, -0.001694066682830453, -1.248779296875], [0.0, 0.0, 0.0, 1.0]], [[0.9477648735046387, 0.318962961435318, 0.002094707917422056, -1.142242431640625], [0.011184523813426495, -0.026669137179851532, -0.9995817542076111, 1.5885505676269531], [-0.31877365708351135, 0.9473918676376343, -0.02884352207183838, -0.103759765625], [0.0, 0.0, 0.0, 1.0]], [[0.0024840286932885647, 0.9998576045036316, -0.016689568758010864, 0.0029296875], [-0.01423204131424427, -0.016652582213282585, -0.9997600317001343, 1.5793571472167969], [-0.9998956918716431, 0.0027209713589400053, 0.014188649132847786, 0.001708984375], [0.0, 0.0, 0.0, 1.0]], [[-0.9347270727157593, 0.3549270033836365, -0.01766708679497242, 1.1361083984375], [0.018399745225906372, -0.0013110919389873743, -0.9998298287391663, 1.5514488220214844], [-0.35488975048065186, -0.9348931312561035, -0.005305054131895304, -0.0634765625], [0.0, 0.0, 0.0, 1.0]]], "view": [[0.0, -2.0, 100.0], [-2.0, 0.0, 100.0], [0.0, 0.0, 1.0]], "bev": "bev_920852a82b1843878dd4e103b7609098.png", "aux": "aux_920852a82b1843878dd4e103b7609098.npz", "visibility": "visibility_920852a82b1843878dd4e103b7609098.png", "pose": [[-0.7375410199165344, -0.6753023266792297, 0.0, 625.91162109375], [0.6753023266792297, -0.7375410199165344, 0.0, 1972.141845703125], [0.0, 0.0, 1.0, 0.0], [0.0, 0.0, 0.0, 1.0]], "pose_inverse": [[-0.7375410199165344, 0.6753023266792297, 0.0, -870.1565551757812], [-0.6753023266792297, -0.7375410199165344, 0.0, 1877.215087890625], [0.0, 0.0, 1.0, 0.0], [0.0, 0.0, 0.0, 1.0]], "cam_ids": [0, 1, 2, 3, 4, 5], "cam_channels": ["CAM_FRONT_LEFT", "CAM_FRONT", "CAM_FRONT_RIGHT", "CAM_BACK_LEFT", "CAM_BACK", "CAM_BACK_RIGHT"], "token": "920852a82b1843878dd4e103b7609098", "scene": "scene-1046"}, {"images": ["samples/CAM_FRONT_LEFT/n015-2018-11-21-19-11-29+0800__CAM_FRONT_LEFT__1542798735154850.jpg", "samples/CAM_FRONT/n015-2018-11-21-19-11-29+0800__CAM_FRONT__1542798735162460.jpg", "samples/CAM_FRONT_RIGHT/n015-2018-11-21-19-11-29+0800__CAM_FRONT_RIGHT__1542798735170339.jpg", "samples/CAM_BACK_LEFT/n015-2018-11-21-19-11-29+0800__CAM_BACK_LEFT__1542798735197423.jpg", "samples/CAM_BACK/n015-2018-11-21-19-11-29+0800__CAM_BACK__1542798735187525.jpg", "samples/CAM_BACK_RIGHT/n015-2018-11-21-19-11-29+0800__CAM_BACK_RIGHT__1542798735177893.jpg"], "intrinsics": [[[1272.5979470598488, 0.0, 826.6154927353808], [0.0, 1272.5979470598488, 479.75165386361925], [0.0, 0.0, 1.0]], [[1266.417203046554, 0.0, 816.2670197447984], [0.0, 1266.417203046554, 491.50706579294757], [0.0, 0.0, 1.0]], [[1260.8474446004698, 0.0, 807.968244525554], [0.0, 1260.8474446004698, 495.3344268742088], [0.0, 0.0, 1.0]], [[1256.7414812095406, 0.0, 792.1125740759628], [0.0, 1256.7414812095406, 492.7757465151356], [0.0, 0.0, 1.0]], [[809.2209905677063, 0.0, 829.2196003259838], [0.0, 809.2209905677063, 481.77842384512485], [0.0, 0.0, 1.0]], [[1259.5137405846733, 0.0, 807.2529053838625], [0.0, 1259.5137405846733, 501.19579884916527], [0.0, 0.0, 1.0]]], "extrinsics": [[[0.8207299709320068, -0.5712705850601196, 0.0072321416810154915, -0.965087890625], [0.0021138957235962152, -0.009622154757380486, -0.9999514818191528, 1.5082473754882812], [0.571312427520752, 0.8207054138183594, -0.006689584348350763, -1.2802734375], [0.0, 0.0, 0.0, 1.0]], [[0.00562994834035635, -0.9998908638954163, 0.013655299320816994, 0.0050048828125], [-0.0031788558699190617, -0.013673343695700169, -0.9999014735221863, 1.5205326080322266], [0.9999790787696838, 0.005585912149399519, -0.0032554890494793653, -1.6922607421875], [0.0, 0.0, 0.0, 1.0]], [[-0.8329330086708069, -0.5533594489097595, -0.004000035114586353, 1.032257080078125], [0.0024468754418194294, 0.0035454623866826296, -0.999990701675415, 1.5036430358886719], [0.5533685088157654, -0.8329350352287292, -0.0015991304535418749, -1.2486572265625], [0.0, 0.0, 0.0, 1.0]], [[0.9477652311325073, 0.3189627230167389, 0.0019696333911269903, -1.142120361328125], [0.011095019988715649, -0.026795193552970886, -0.9995793104171753, 1.5885505676269531], [-0.31877580285072327, 0.9473884105682373, -0.028934448957443237, -0.103515625], [0.0, 0.0, 0.0, 1.0]], [[0.0024832121562212706, 0.9998555183410645, -0.016818294301629066, 0.0028076171875], [-0.014318524859845638, -0.016781071200966835, -0.9997566938400269, 1.5793590545654297], [-0.999894380569458, 0.0027233632281422615, 0.014274784363806248, 0.00213623046875], [0.0, 0.0, 0.0, 1.0]], [[-0.9347283840179443, 0.35492435097694397, -0.017652779817581177, 1.13623046875], [0.018329935148358345, -0.0014546433230862021, -0.9998309016227722, 1.5514488220214844], [-0.35489004850387573, -0.9348939657211304, -0.00514604477211833, -0.0634765625], [0.0, 0.0, 0.0, 1.0]]], "view": [[0.0, -2.0, 100.0], [-2.0, 0.0, 100.0], [0.0, 0.0, 1.0]], "bev": "bev_241ac1fa251349f383d65dc5cdcd34b4.png", "aux": "aux_241ac1fa251349f383d65dc5cdcd34b4.npz", "visibility": "visibility_241ac1fa251349f383d65dc5cdcd34b4.png", "pose": [[-0.7375066876411438, -0.6753398776054382, 0.0, 625.91162109375], [0.6753398776054382, -0.7375066876411438, 0.0, 1972.141845703125], [0.0, 0.0, 1.0, 0.0], [0.0, 0.0, 0.0, 1.0]], "pose_inverse": [[-0.7375066876411438, 0.6753398776054382, 0.0, -870.2520141601562], [-0.6753398776054382, -0.7375066876411438, 0.0, 1877.1707763671875], [0.0, 0.0, 1.0, 0.0], [0.0, 0.0, 0.0, 1.0]], "cam_ids": [0, 1, 2, 3, 4, 5], "cam_channels": ["CAM_FRONT_LEFT", "CAM_FRONT", "CAM_FRONT_RIGHT", "CAM_BACK_LEFT", "CAM_BACK", "CAM_BACK_RIGHT"], "token": "241ac1fa251349f383d65dc5cdcd34b4", "scene": "scene-1046"}, {"images": ["samples/CAM_FRONT_LEFT/n015-2018-11-21-19-11-29+0800__CAM_FRONT_LEFT__1542798735654844.jpg", "samples/CAM_FRONT/n015-2018-11-21-19-11-29+0800__CAM_FRONT__1542798735662460.jpg", "samples/CAM_FRONT_RIGHT/n015-2018-11-21-19-11-29+0800__CAM_FRONT_RIGHT__1542798735670346.jpg", "samples/CAM_BACK_LEFT/n015-2018-11-21-19-11-29+0800__CAM_BACK_LEFT__1542798735697423.jpg", "samples/CAM_BACK/n015-2018-11-21-19-11-29+0800__CAM_BACK__1542798735687525.jpg", "samples/CAM_BACK_RIGHT/n015-2018-11-21-19-11-29+0800__CAM_BACK_RIGHT__1542798735677893.jpg"], "intrinsics": [[[1272.5979470598488, 0.0, 826.6154927353808], [0.0, 1272.5979470598488, 479.75165386361925], [0.0, 0.0, 1.0]], [[1266.417203046554, 0.0, 816.2670197447984], [0.0, 1266.417203046554, 491.50706579294757], [0.0, 0.0, 1.0]], [[1260.8474446004698, 0.0, 807.968244525554], [0.0, 1260.8474446004698, 495.3344268742088], [0.0, 0.0, 1.0]], [[1256.7414812095406, 0.0, 792.1125740759628], [0.0, 1256.7414812095406, 492.7757465151356], [0.0, 0.0, 1.0]], [[809.2209905677063, 0.0, 829.2196003259838], [0.0, 809.2209905677063, 481.77842384512485], [0.0, 0.0, 1.0]], [[1259.5137405846733, 0.0, 807.2529053838625], [0.0, 1259.5137405846733, 501.19579884916527], [0.0, 0.0, 1.0]]], "extrinsics": [[[0.8207414150238037, -0.5712552666664124, 0.007137879263609648, -0.9649658203125], [0.002102629514411092, -0.009473573416471481, -0.9999529123306274, 1.5082473754882812], [0.571295976638794, 0.8207178115844727, -0.006574216764420271, -1.2803955078125], [0.0, 0.0, 0.0, 1.0]], [[0.005643813870847225, -0.9998927116394043, 0.013514799997210503, 0.0048828125], [-0.0031951384153217077, -0.013532977551221848, -0.9999033808708191, 1.5205326080322266], [0.9999788999557495, 0.005600161384791136, -0.0032711736857891083, -1.69232177734375], [0.0, 0.0, 0.0, 1.0]], [[-0.832929253578186, -0.553364634513855, -0.004052074626088142, 1.032318115234375], [0.002421556506305933, 0.0036775923799723387, -0.9999902844429016, 1.5036430358886719], [0.5533742308616638, -0.8329309821128845, -0.001723168883472681, -1.24853515625], [0.0, 0.0, 0.0, 1.0]], [[0.9477652311325073, 0.31896257400512695, 0.001991870114579797, -1.1422882080078125], [0.011081728152930737, -0.026686010882258415, -0.9995824098587036, 1.5885543823242188], [-0.3187761604785919, 0.9473915100097656, -0.028826728463172913, -0.103759765625], [0.0, 0.0, 0.0, 1.0]], [[0.0024812621995806694, 0.9998573064804077, -0.01670956239104271, 0.0029296875], [-0.014338217675685883, -0.016672322526574135, -0.999758243560791, 1.579355239868164], [-0.9998941421508789, 0.0027202353812754154, 0.014294804073870182, 0.00189208984375], [0.0, 0.0, 0.0, 1.0]], [[-0.9347298741340637, 0.3549238443374634, -0.01757982186973095, 1.136474609375], [0.018295759335160255, -0.0013390815583989024, -0.9998317360877991, 1.55145263671875], [-0.3548877239227295, -0.9348942637443542, -0.005241923499852419, -0.0635986328125], [0.0, 0.0, 0.0, 1.0]]], "view": [[0.0, -2.0, 100.0], [-2.0, 0.0, 100.0], [0.0, 0.0, 1.0]], "bev": "bev_c0e6a61485ff48babc5b529989baef9b.png", "aux": "aux_c0e6a61485ff48babc5b529989baef9b.npz", "visibility": "visibility_c0e6a61485ff48babc5b529989baef9b.png", "pose": [[-0.7374945878982544, -0.6753530502319336, 0.0, 625.91162109375], [0.6753530502319336, -0.7374945878982544, 0.0, 1972.141845703125], [0.0, 0.0, 1.0, 0.0], [0.0, 0.0, 0.0, 1.0]], "pose_inverse": [[-0.7374945878982544, 0.6753530502319336, 0.0, -870.2855224609375], [-0.6753530502319336, -0.7374945878982544, 0.0, 1877.1552734375], [0.0, 0.0, 1.0, 0.0], [0.0, 0.0, 0.0, 1.0]], "cam_ids": [0, 1, 2, 3, 4, 5], "cam_channels": ["CAM_FRONT_LEFT", "CAM_FRONT", "CAM_FRONT_RIGHT", "CAM_BACK_LEFT", "CAM_BACK", "CAM_BACK_RIGHT"], "token": "c0e6a61485ff48babc5b529989baef9b", "scene": "scene-1046"}, {"images": ["samples/CAM_FRONT_LEFT/n015-2018-11-21-19-11-29+0800__CAM_FRONT_LEFT__1542798736154844.jpg", "samples/CAM_FRONT/n015-2018-11-21-19-11-29+0800__CAM_FRONT__1542798736162460.jpg", "samples/CAM_FRONT_RIGHT/n015-2018-11-21-19-11-29+0800__CAM_FRONT_RIGHT__1542798736170339.jpg", "samples/CAM_BACK_LEFT/n015-2018-11-21-19-11-29+0800__CAM_BACK_LEFT__1542798736197423.jpg", "samples/CAM_BACK/n015-2018-11-21-19-11-29+0800__CAM_BACK__1542798736187525.jpg", "samples/CAM_BACK_RIGHT/n015-2018-11-21-19-11-29+0800__CAM_BACK_RIGHT__1542798736177959.jpg"], "intrinsics": [[[1272.5979470598488, 0.0, 826.6154927353808], [0.0, 1272.5979470598488, 479.75165386361925], [0.0, 0.0, 1.0]], [[1266.417203046554, 0.0, 816.2670197447984], [0.0, 1266.417203046554, 491.50706579294757], [0.0, 0.0, 1.0]], [[1260.8474446004698, 0.0, 807.968244525554], [0.0, 1260.8474446004698, 495.3344268742088], [0.0, 0.0, 1.0]], [[1256.7414812095406, 0.0, 792.1125740759628], [0.0, 1256.7414812095406, 492.7757465151356], [0.0, 0.0, 1.0]], [[809.2209905677063, 0.0, 829.2196003259838], [0.0, 809.2209905677063, 481.77842384512485], [0.0, 0.0, 1.0]], [[1259.5137405846733, 0.0, 807.2529053838625], [0.0, 1259.5137405846733, 501.19579884916527], [0.0, 0.0, 1.0]]], "extrinsics": [[[0.8207352161407471, -0.571262776851654, 0.007251615170389414, -0.9649658203125], [0.0021144943311810493, -0.009655489586293697, -0.9999511241912842, 1.508249282836914], [0.5713048577308655, 0.8207104206085205, -0.006716668140143156, -1.2803955078125], [0.0, 0.0, 0.0, 1.0]], [[0.005636991001665592, -0.9998902678489685, 0.013700923882424831, 0.0050048828125], [-0.003186581889167428, -0.01371903344988823, -0.9999008178710938, 1.5205326080322266], [0.9999790191650391, 0.005592815577983856, -0.0032635668758302927, -1.6922607421875], [0.0, 0.0, 0.0, 1.0]], [[-0.8329305648803711, -0.5533634424209595, -0.003957939799875021, 1.0323486328125], [0.0024313372559845448, 0.003492768621072173, -0.9999909400939941, 1.50364351272583], [0.5533722043037415, -0.8329326510429382, -0.0015638187760487199, -1.248779296875], [0.0, 0.0, 0.0, 1.0]], [[0.9477654099464417, 0.31896212697029114, 0.0019409522647038102, -1.1422271728515625], [0.01107598003000021, -0.026828568428754807, -0.9995786547660828, 1.5885543823242188], [-0.31877565383911133, 0.9473876953125, -0.028960010036826134, -0.103759765625], [0.0, 0.0, 0.0, 1.0]], [[0.002482122043147683, 0.9998547434806824, -0.016865817829966545, 0.0028076171875], [-0.014321072027087212, -0.016828596591949463, -0.9997557997703552, 1.5793571472167969], [-0.9998943209648132, 0.002723083831369877, 0.014277218841016293, 0.00201416015625], [0.0, 0.0, 0.0, 1.0]], [[-0.9347295761108398, 0.35492101311683655, -0.017654243856668472, 1.1361083984375], [0.01831010915338993, -0.0015109378146007657, -0.9998311996459961, 1.5514469146728516], [-0.35488778352737427, -0.9348950386047363, -0.005086325109004974, -0.063720703125], [0.0, 0.0, 0.0, 1.0]]], "view": [[0.0, -2.0, 100.0], [-2.0, 0.0, 100.0], [0.0, 0.0, 1.0]], "bev": "bev_8b90a76f7f004962a54c0abe5d518329.png", "aux": "aux_8b90a76f7f004962a54c0abe5d518329.npz", "visibility": "visibility_8b90a76f7f004962a54c0abe5d518329.png", "pose": [[-0.7375056743621826, -0.6753409504890442, 0.0, 625.91162109375], [0.6753409504890442, -0.7375056743621826, 0.0, 1972.141845703125], [0.0, 0.0, 1.0, 0.0], [0.0, 0.0, 0.0, 1.0]], "pose_inverse": [[-0.7375056743621826, 0.6753409504890442, 0.0, -870.2547607421875], [-0.6753409504890442, -0.7375056743621826, 0.0, 1877.1695556640625], [0.0, 0.0, 1.0, 0.0], [0.0, 0.0, 0.0, 1.0]], "cam_ids": [0, 1, 2, 3, 4, 5], "cam_channels": ["CAM_FRONT_LEFT", "CAM_FRONT", "CAM_FRONT_RIGHT", "CAM_BACK_LEFT", "CAM_BACK", "CAM_BACK_RIGHT"], "token": "8b90a76f7f004962a54c0abe5d518329", "scene": "scene-1046"}, {"images": ["samples/CAM_FRONT_LEFT/n015-2018-11-21-19-11-29+0800__CAM_FRONT_LEFT__1542798736654844.jpg", "samples/CAM_FRONT/n015-2018-11-21-19-11-29+0800__CAM_FRONT__1542798736662460.jpg", "samples/CAM_FRONT_RIGHT/n015-2018-11-21-19-11-29+0800__CAM_FRONT_RIGHT__1542798736670339.jpg", "samples/CAM_BACK_LEFT/n015-2018-11-21-19-11-29+0800__CAM_BACK_LEFT__1542798736697423.jpg", "samples/CAM_BACK/n015-2018-11-21-19-11-29+0800__CAM_BACK__1542798736687525.jpg", "samples/CAM_BACK_RIGHT/n015-2018-11-21-19-11-29+0800__CAM_BACK_RIGHT__1542798736677893.jpg"], "intrinsics": [[[1272.5979470598488, 0.0, 826.6154927353808], [0.0, 1272.5979470598488, 479.75165386361925], [0.0, 0.0, 1.0]], [[1266.417203046554, 0.0, 816.2670197447984], [0.0, 1266.417203046554, 491.50706579294757], [0.0, 0.0, 1.0]], [[1260.8474446004698, 0.0, 807.968244525554], [0.0, 1260.8474446004698, 495.3344268742088], [0.0, 0.0, 1.0]], [[1256.7414812095406, 0.0, 792.1125740759628], [0.0, 1256.7414812095406, 492.7757465151356], [0.0, 0.0, 1.0]], [[809.2209905677063, 0.0, 829.2196003259838], [0.0, 809.2209905677063, 481.77842384512485], [0.0, 0.0, 1.0]], [[1259.5137405846733, 0.0, 807.2529053838625], [0.0, 1259.5137405846733, 501.19579884916527], [0.0, 0.0, 1.0]]], "extrinsics": [[[0.8207507133483887, -0.5712424516677856, 0.007095729932188988, -0.9647216796875], [0.0020041479729115963, -0.009541458450257778, -0.999952495098114, 1.5082454681396484], [0.5712829232215881, 0.8207259178161621, -0.0066863056272268295, -1.2803955078125], [0.0, 0.0, 0.0, 1.0]], [[0.0056619420647621155, -0.9998915791511536, 0.013587897643446922, 0.0050048828125], [-0.0032885896507650614, -0.0136066609993577, -0.999902069568634, 1.5205345153808594], [0.9999785423278809, 0.005616714712232351, -0.0033652738202363253, -1.6922607421875], [0.0, 0.0, 0.0, 1.0]], [[-0.8329192399978638, -0.55338054895401, -0.00394505076110363, 1.0323486328125], [0.002343900501728058, 0.0036010199692100286, -0.9999907612800598, 1.503645420074463], [0.5533896088600159, -0.8329207301139832, -0.0017022892134264112, -1.2486572265625], [0.0, 0.0, 0.0, 1.0]], [[0.9477649331092834, 0.31896379590034485, 0.0019142149249091744, -1.1421966552734375], [0.011019434779882431, -0.026744164526462555, -0.999581515789032, 1.5885543823242188], [-0.3187791407108307, 0.9473894834518433, -0.028861984610557556, -0.103759765625], [0.0, 0.0, 0.0, 1.0]], [[0.0024715743493288755, 0.9998562335968018, -0.01