[{"images": ["samples/CAM_FRONT_LEFT/n008-2018-08-21-11-53-44-0400__CAM_FRONT_LEFT__1534867149904799.jpg", "samples/CAM_FRONT/n008-2018-08-21-11-53-44-0400__CAM_FRONT__1534867149912404.jpg", "samples/CAM_FRONT_RIGHT/n008-2018-08-21-11-53-44-0400__CAM_FRONT_RIGHT__1534867149920482.jpg", "samples/CAM_BACK_LEFT/n008-2018-08-21-11-53-44-0400__CAM_BACK_LEFT__1534867149947405.jpg", "samples/CAM_BACK/n008-2018-08-21-11-53-44-0400__CAM_BACK__1534867149937558.jpg", "samples/CAM_BACK_RIGHT/n008-2018-08-21-11-53-44-0400__CAM_BACK_RIGHT__1534867149928113.jpg"], "intrinsics": [[[1257.8625342125129, 0.0, 827.2410631095686], [0.0, 1257.8625342125129, 450.915498205774], [0.0, 0.0, 1.0]], [[1252.8131021185304, 0.0, 826.588114781398], [0.0, 1252.8131021185304, 469.9846626224581], [0.0, 0.0, 1.0]], [[1256.7485116440405, 0.0, 817.7887570959712], [0.0, 1256.7485116440403, 451.9541780095127], [0.0, 0.0, 1.0]], [[1254.9860565800168, 0.0, 829.5769333630991], [0.0, 1254.9860565800168, 467.1680561863987], [0.0, 0.0, 1.0]], [[796.8910634503094, 0.0, 857.7774326863696], [0.0, 796.8910634503094, 476.8848988407415], [0.0, 0.0, 1.0]], [[1249.9629280788233, 0.0, 825.3768045375984], [0.0, 1249.9629280788233, 462.54816385708756], [0.0, 0.0, 1.0]]], "extrinsics": [[[0.8224955797195435, -0.5687325596809387, -0.006650616880506277, -0.87530517578125], [0.014896481297910213, 0.03322914242744446, -0.9993367195129395, 1.4906234741210938], [0.5685763955116272, 0.8218510150909424, 0.0358029380440712, -1.244384765625], [0.0, 0.0, 0.0, 1.0]], [[0.010254261083900928, -0.9995264410972595, -0.02901134453713894, 0.0069580078125], [0.016981948167085648, 0.029182760044932365, -0.9994298815727234, 1.4823799133300781], [0.9998031854629517, 0.009755727834999561, 0.017273155972361565, -1.603912353515625], [0.0, 0.0, 0.0, 1.0]], [[-0.8438595533370972, -0.5355942845344543, -0.03224468231201172, 1.0047607421875], [0.025140246376395226, 0.020561890676617622, -0.9994723796844482, 1.4956283569335938], [0.5359748005867004, -0.8442251086235046, -0.003886377438902855, -1.222900390625], [0.0, 0.0, 0.0, 1.0]], [[0.947861909866333, 0.31847766041755676, 0.011383825913071632, -1.13970947265625], [-2.0307856175350025e-05, 0.03578204661607742, -0.9993596076965332, 1.5620384216308594], [-0.31868112087249756, 0.9472547173500061, 0.03392291069030762, -0.1575927734375], [0.0, 0.0, 0.0, 1.0]], [[0.00915105827152729, 0.9995572566986084, 0.028307970613241196, -0.0283203125], [0.001973515609279275, 0.028291044756770134, -0.9995977878570557, 1.5681381225585938], [-0.9999561309814453, 0.009203164838254452, -0.00171374948695302, 0.0042724609375], [0.0, 0.0, 0.0, 1.0]], [[-0.923658013343811, 0.3832014203071594, -0.003529747948050499, 1.092071533203125], [0.006127225235104561, 0.005557997617870569, -0.9999657869338989, 1.5482654571533203], [-0.38316866755485535, -0.9236480593681335, -0.007481649983674288, -0.072021484375], [0.0, 0.0, 0.0, 1.0]]], "view": [[0.0, -2.0, 100.0], [-2.0, 0.0, 100.0], [0.0, 0.0, 1.0]], "bev": "bev_2a59c40b4b5d44fabe19db697955ce70.png", "aux": "aux_2a59c40b4b5d44fabe19db697955ce70.npz", "visibility": "visibility_2a59c40b4b5d44fabe19db697955ce70.png", "pose": [[-0.8200297355651855, -0.5723208785057068, 0.0, 1205.923828125], [0.5723208785057068, -0.8200297355651855, 0.0, 1119.5712890625], [0.0, 0.0, 1.0, 0.0], [0.0, 0.0, 0.0, 1.0]], "pose_inverse": [[-0.8200297355651855, 0.5723208785057068, 0.0, 348.1393737792969], [-0.5723208785057068, -0.8200297355651855, 0.0, 1608.2572021484375], [0.0, 0.0, 1.0, 0.0], [0.0, 0.0, 0.0, 1.0]], "cam_ids": [0, 1, 2, 3, 4, 5], "cam_channels": ["CAM_FRONT_LEFT", "CAM_FRONT", "CAM_FRONT_RIGHT", "CAM_BACK_LEFT", "CAM_BACK", "CAM_BACK_RIGHT"], "token": "2a59c40b4b5d44fabe19db697955ce70", "scene": "scene-0244"}, {"images": ["samples/CAM_FRONT_LEFT/n008-2018-08-21-11-53-44-0400__CAM_FRONT_LEFT__1534867150404799.jpg", "samples/CAM_FRONT/n008-2018-08-21-11-53-44-0400__CAM_FRONT__1534867150412404.jpg", "samples/CAM_FRONT_RIGHT/n008-2018-08-21-11-53-44-0400__CAM_FRONT_RIGHT__1534867150420482.jpg", "samples/CAM_BACK_LEFT/n008-2018-08-21-11-53-44-0400__CAM_BACK_LEFT__1534867150447405.jpg", "samples/CAM_BACK/n008-2018-08-21-11-53-44-0400__CAM_BACK__1534867150437558.jpg", "samples/CAM_BACK_RIGHT/n008-2018-08-21-11-53-44-0400__CAM_BACK_RIGHT__1534867150428113.jpg"], "intrinsics": [[[1257.8625342125129, 0.0, 827.2410631095686], [0.0, 1257.8625342125129, 450.915498205774], [0.0, 0.0, 1.0]], [[1252.8131021185304, 0.0, 826.588114781398], [0.0, 1252.8131021185304, 469.9846626224581], [0.0, 0.0, 1.0]], [[1256.7485116440405, 0.0, 817.7887570959712], [0.0, 1256.7485116440403, 451.9541780095127], [0.0, 0.0, 1.0]], [[1254.9860565800168, 0.0, 829.5769333630991], [0.0, 1254.9860565800168, 467.1680561863987], [0.0, 0.0, 1.0]], [[796.8910634503094, 0.0, 857.7774326863696], [0.0, 796.8910634503094, 476.8848988407415], [0.0, 0.0, 1.0]], [[1249.9629280788233, 0.0, 825.3768045375984], [0.0, 1249.9629280788233, 462.54816385708756], [0.0, 0.0, 1.0]]], "extrinsics": [[[0.8224965333938599, -0.5687152743339539, -0.007906557060778141, -0.88067626953125], [0.013822912238538265, 0.03388437628746033, -0.9993301630020142, 1.4902877807617188], [0.5686021447181702, 0.8218362927436829, 0.03573107719421387, -1.25], [0.0, 0.0, 0.0, 1.0]], [[0.010265952907502651, -0.9995061755180359, -0.029696840792894363, 0.0084228515625], [0.015719730406999588, 0.02985605224967003, -0.9994305968284607, 1.4820556640625], [0.9998237490653992, 0.009793269447982311, 0.016018468886613846, -1.611328125], [0.0, 0.0, 0.0, 1.0]], [[-0.8438803553581238, -0.5356128215789795, -0.03138216584920883, 1.0103759765625], [0.023679090663790703, 0.021254079416394234, -0.9994936585426331, 1.4953079223632812], [0.5360086560249329, -0.8441962003707886, -0.005253074690699577, -1.2252197265625], [0.0, 0.0, 0.0, 1.0]], [[0.9478511810302734, 0.3185591697692871, 0.00991494208574295, -1.146484375], [-0.001915820175781846, 0.03680359199643135, -0.9993206262588501, 1.5620384216308594], [-0.31870758533477783, 0.9471882581710815, 0.03549462556838989, -0.1556396484375], [0.0, 0.0, 0.0, 1.0]], [[0.009150142781436443, 0.9995340704917908, 0.029120849445462227, -0.0291748046875], [0.00034593994496390224, 0.02911890111863613, -0.9995759129524231, 1.5680580139160156], [-0.9999580979347229, 0.009156298823654652, -7.933750748634338e-05, 0.008636474609375], [0.0, 0.0, 0.0, 1.0]], [[-0.9236763715744019, 0.3831689953804016, -0.0018486871849745512, 1.096160888671875], [0.004604523070156574, 0.006275185849517584, -0.9999697208404541, 1.5481252670288086], [-0.38314583897590637, -0.9236568808555603, -0.007560549769550562, -0.0697021484375], [0.0, 0.0, 0.0, 1.0]]], "view": [[0.0, -2.0, 100.0], [-2.0, 0.0, 100.0], [0.0, 0.0, 1.0]], "bev": "bev_ee6ef05f3ad9479685e2d5a562fa5b6e.png", "aux": "aux_ee6ef05f3ad9479685e2d5a562fa5b6e.npz", "visibility": "visibility_ee6ef05f3ad9479685e2d5a562fa5b6e.png", "pose": [[-0.8207730650901794, -0.5712544322013855, 0.0, 1204.4610595703125], [0.5712544322013855, -0.8207730650901794, 0.0, 1120.6142578125], [0.0, 0.0, 1.0, 0.0], [0.0, 0.0, 0.0, 1.0]], "pose_inverse": [[-0.8207730650901794, 0.5712544322013855, 0.0, 348.4333190917969], [-0.5712544322013855, -0.8207730650901794, 0.0, 1607.82373046875], [0.0, 0.0, 1.0, 0.0], [0.0, 0.0, 0.0, 1.0]], "cam_ids": [0, 1, 2, 3, 4, 5], "cam_channels": ["CAM_FRONT_LEFT", "CAM_FRONT", "CAM_FRONT_RIGHT", "CAM_BACK_LEFT", "CAM_BACK", "CAM_BACK_RIGHT"], "token": "ee6ef05f3ad9479685e2d5a562fa5b6e", "scene": "scene-0244"}, {"images": ["samples/CAM_FRONT_LEFT/n008-2018-08-21-11-53-44-0400__CAM_FRONT_LEFT__1534867150904799.jpg", "samples/CAM_FRONT/n008-2018-08-21-11-53-44-0400__CAM_FRONT__1534867150912404.jpg", "samples/CAM_FRONT_RIGHT/n008-2018-08-21-11-53-44-0400__CAM_FRONT_RIGHT__1534867150920482.jpg", "samples/CAM_BACK_LEFT/n008-2018-08-21-11-53-44-0400__CAM_BACK_LEFT__1534867150948952.jpg", "samples/CAM_BACK/n008-2018-08-21-11-53-44-0400__CAM_BACK__1534867150937558.jpg", "samples/CAM_BACK_RIGHT/n008-2018-08-21-11-53-44-0400__CAM_BACK_RIGHT__1534867150928113.jpg"], "intrinsics": [[[1257.8625342125129, 0.0, 827.2410631095686], [0.0, 1257.8625342125129, 450.915498205774], [0.0, 0.0, 1.0]], [[1252.8131021185304, 0.0, 826.588114781398], [0.0, 1252.8131021185304, 469.9846626224581], [0.0, 0.0, 1.0]], [[1256.7485116440405, 0.0, 817.7887570959712], [0.0, 1256.7485116440403, 451.9541780095127], [0.0, 0.0, 1.0]], [[1254.9860565800168, 0.0, 829.5769333630991], [0.0, 1254.9860565800168, 467.1680561863987], [0.0, 0.0, 1.0]], [[796.8910634503094, 0.0, 857.7774326863696], [0.0, 796.8910634503094, 476.8848988407415], [0.0, 0.0, 1.0]], [[1249.9629280788233, 0.0, 825.3768045375984], [0.0, 1249.9629280788233, 462.54816385708756], [0.0, 0.0, 1.0]]], "extrinsics": [[[0.8225765824317932, -0.5685262680053711, -0.012069919146597385, -0.903076171875], [0.00943814031779766, 0.03487197682261467, -0.9993472099304199, 1.4894065856933594], [0.5685760378837585, 0.8219256401062012, 0.034050703048706055, -1.2645263671875], [0.0, 0.0, 0.0, 1.0]], [[0.010322446934878826, -0.9994763135910034, -0.030669834464788437, 0.007568359375], [0.011320728808641434, 0.030786311253905296, -0.9994618892669678, 1.4812660217285156], [0.9998825788497925, 0.009969677776098251, 0.011632591485977173, -1.634368896484375], [0.0, 0.0, 0.0, 1.0]], [[-0.8439275026321411, -0.5357193946838379, -0.028123222291469574, 1.0255126953125], [0.019265582785010338, 0.022124189883470535, -0.9995695352554321, 1.4945487976074219], [0.536111056804657, -0.844106137752533, -0.008350268006324768, -1.2352294921875], [0.0, 0.0, 0.0, 1.0]], [[0.9479044675827026, 0.3185000419616699, 0.005892072804272175, -1.1453857421875], [-0.006306616589426994, 0.0372556708753109, -0.999285876750946, 1.5620536804199219], [-0.31849220395088196, 0.9471904635429382, 0.0373234786093235, -0.155517578125], [0.0, 0.0, 0.0, 1.0]], [[0.009222791530191898, 0.9995152950286865, 0.02973313070833683, -0.02880859375], [-0.0041306945495307446, 0.02977222017943859, -0.9995481371879578, 1.5679244995117188], [-0.9999489188194275, 0.009095809422433376, 0.004403276834636927, 0.014373779296875], [0.0, 0.0, 0.0, 1.0]], [[-0.9237227439880371, 0.38305291533470154, 0.0025832541286945343, 1.10833740234375], [0.00013797877181787044, 0.007076419424265623, -0.9999749660491943, 1.5478153228759766], [-0.38306155800819397, -0.9236992597579956, -0.006589503027498722, -0.0648193359375], [0.0, 0.0, 0.0, 1.0]]], "view": [[0.0, -2.0, 100.0], [-2.0, 0.0, 100.0], [0.0, 0.0, 1.0]], "bev": "bev_e62a8afbeba5466786b90500325ee7c1.png", "aux": "aux_e62a8afbeba5466786b90500325ee7c1.npz", "visibility": "visibility_e62a8afbeba5466786b90500325ee7c1.png", "pose": [[-0.821119487285614, -0.5707563161849976, 0.0, 1203.150146484375], [0.5707563161849976, -0.821119487285614, 0.0, 1121.5408935546875], [0.0, 0.0, 1.0, 0.0], [0.0, 0.0, 0.0, 1.0]], "pose_inverse": [[-0.821119487285614, 0.5707563161849976, 0.0, 347.803466796875], [-0.5707563161849976, -0.821119487285614, 0.0, 1607.6246337890625], [0.0, 0.0, 1.0, 0.0], [0.0, 0.0, 0.0, 1.0]], "cam_ids": [0, 1, 2, 3, 4, 5], "cam_channels": ["CAM_FRONT_LEFT", "CAM_FRONT", "CAM_FRONT_RIGHT", "CAM_BACK_LEFT", "CAM_BACK", "CAM_BACK_RIGHT"], "token": "e62a8afbeba5466786b90500325ee7c1", "scene": "scene-0244"}, {"images": ["samples/CAM_FRONT_LEFT/n008-2018-08-21-11-53-44-0400__CAM_FRONT_LEFT__1534867151404799.jpg", "samples/CAM_FRONT/n008-2018-08-21-11-53-44-0400__CAM_FRONT__1534867151412404.jpg", "samples/CAM_FRONT_RIGHT/n008-2018-08-21-11-53-44-0400__CAM_FRONT_RIGHT__1534867151420482.jpg", "samples/CAM_BACK_LEFT/n008-2018-08-21-11-53-44-0400__CAM_BACK_LEFT__1534867151447405.jpg", "samples/CAM_BACK/n008-2018-08-21-11-53-44-0400__CAM_BACK__1534867151437558.jpg", "samples/CAM_BACK_RIGHT/n008-2018-08-21-11-53-44-0400__CAM_BACK_RIGHT__1534867151428113.jpg"], "intrinsics": [[[1257.8625342125129, 0.0, 827.2410631095686], [0.0, 1257.8625342125129, 450.915498205774], [0.0, 0.0, 1.0]], [[1252.8131021185304, 0.0, 826.588114781398], [0.0, 1252.8131021185304, 469.9846626224581], [0.0, 0.0, 1.0]], [[1256.7485116440405, 0.0, 817.7887570959712], [0.0, 1256.7485116440403, 451.9541780095127], [0.0, 0.0, 1.0]], [[1254.9860565800168, 0.0, 829.5769333630991], [0.0, 1254.9860565800168, 467.1680561863987], [0.0, 0.0, 1.0]], [[796.8910634503094, 0.0, 857.7774326863696], [0.0, 796.8910634503094, 476.8848988407415], [0.0, 0.0, 1.0]], [[1249.9629280788233, 0.0, 825.3768045375984], [0.0, 1249.9629280788233, 462.54816385708756], [0.0, 0.0, 1.0]]], "extrinsics": [[[0.8225374221801758, -0.5685551762580872, -0.013314545154571533, -0.89898681640625], [0.007398937363177538, 0.034108102321624756, -0.9993907809257507, 1.4891777038574219], [0.5686629414558411, 0.8219377398490906, 0.03226189687848091, -1.2623291015625], [0.0, 0.0, 0.0, 1.0]], [[0.010215649381279945, -0.9995002746582031, -0.02991476282477379, 0.008056640625], [0.009179210290312767, 0.030008800327777863, -0.999507486820221, 1.4810905456542969], [0.9999057054519653, 0.009936060756444931, 0.009481181390583515, -1.628814697265625], [0.0, 0.0, 0.0, 1.0]], [[-0.8440048098564148, -0.5357146859169006, -0.0257977694272995, 1.021728515625], [0.017014279961586, 0.02133229933679104, -0.9996275901794434, 1.49444580078125], [0.5360655784606934, -0.8441295623779297, -0.008889764547348022, -1.2322998046875], [0.0, 0.0, 0.0, 1.0]], [[0.9478967785835266, 0.31856074929237366, 0.003274808404967189, -1.1416015625], [-0.008867903612554073, 0.03665968403220177, -0.9992884397506714, 1.5620193481445312], [-0.31845414638519287, 0.9471932649612427, 0.037574563175439835, -0.1568603515625], [0.0, 0.0, 0.0, 1.0]], [[0.00927780568599701, 0.9995373487472534, 0.028967639431357384, -0.029052734375], [-0.006558570545166731, 0.029029089957475662, -0.9995570182800293, 1.567840576171875], [-0.9999354481697083, 0.00908381212502718, 0.006824864074587822, 0.0126953125], [0.0, 0.0, 0.0, 1.0]], [[-0.9237101078033447, 0.3830672800540924, 0.004365056287497282, 1.10540771484375], [-0.0021211581770330667, 0.006279902067035437, -0.9999780058860779, 1.5476818084716797], [-0.38308632373809814, -0.9236990809440613, -0.0049882628954946995, -0.0655517578125], [0.0, 0.0, 0.0, 1.0]]], "view": [[0.0, -2.0, 100.0], [-2.0, 0.0, 100.0], [0.0, 0.0, 1.0]], "bev": "bev_d06982abf1244f368de833a21fc46f12.png", "aux": "aux_d06982abf1244f368de833a21fc46f12.npz", "visibility": "visibility_d06982abf1244f368de833a21fc46f12.png", "pose": [[-0.8209353685379028, -0.5710211396217346, 0.0, 1201.9278564453125], [0.5710211396217346, -0.8209353685379028, 0.0, 1122.410400390625], [0.0, 0.0, 1.0, 0.0], [0.0, 0.0, 0.0, 1.0]], "pose_inverse": [[-0.8209353685379028, 0.5710211396217346, 0.0, 345.7850341796875], [-0.5710211396217346, -0.8209353685379028, 0.0, 1607.7525634765625], [0.0, 0.0, 1.0, 0.0], [0.0, 0.0, 0.0, 1.0]], "cam_ids": [0, 1, 2, 3, 4, 5], "cam_channels": ["CAM_FRONT_LEFT", "CAM_FRONT", "CAM_FRONT_RIGHT", "CAM_BACK_LEFT", "CAM_BACK", "CAM_BACK_RIGHT"], "token": "d06982abf1244f368de833a21fc46f12", "scene": "scene-0244"}, {"images": ["samples/CAM_FRONT_LEFT/n008-2018-08-21-11-53-44-0400__CAM_FRONT_LEFT__1534867151904799.jpg", "samples/CAM_FRONT/n008-2018-08-21-11-53-44-0400__CAM_FRONT__1534867151912404.jpg", "samples/CAM_FRONT_RIGHT/n008-2018-08-21-11-53-44-0400__CAM_FRONT_RIGHT__1534867151920482.jpg", "samples/CAM_BACK_LEFT/n008-2018-08-21-11-53-44-0400__CAM_BACK_LEFT__1534867151947405.jpg", "samples/CAM_BACK/n008-2018-08-21-11-53-44-0400__CAM_BACK__1534867151937558.jpg", "samples/CAM_BACK_RIGHT/n008-2018-08-21-11-53-44-0400__CAM_BACK_RIGHT__1534867151928113.jpg"], "intrinsics": [[[1257.8625342125129, 0.0, 827.2410631095686], [0.0, 1257.8625342125129, 450.915498205774], [0.0, 0.0, 1.0]], [[1252.8131021185304, 0.0, 826.588114781398], [0.0, 1252.8131021185304, 469.9846626224581], [0.0, 0.0, 1.0]], [[1256.7485116440405, 0.0, 817.7887570959712], [0.0, 1256.7485116440403, 451.9541780095127], [0.0, 0.0, 1.0]], [[1254.9860565800168, 0.0, 829.5769333630991], [0.0, 1254.9860565800168, 467.1680561863987], [0.0, 0.0, 1.0]], [[796.8910634503094, 0.0, 857.7774326863696], [0.0, 796.8910634503094, 476.8848988407415], [0.0, 0.0, 1.0]], [[1249.9629280788233, 0.0, 825.3768045375984], [0.0, 1249.9629280788233, 462.54816385708756], [0.0, 0.0, 1.0]]], "extrinsics": [[[0.8225507140159607, -0.5685003399848938, -0.014753792434930801, -0.91015625], [0.007155716884881258, 0.0362878181040287, -0.9993157386779785, 1.4890403747558594], [0.5686467289924622, 0.8218823671340942, 0.03391660004854202, -1.2705078125], [0.0, 0.0, 0.0, 1.0]], [[0.010276985354721546, -0.9994341731071472, -0.03202810138463974, 0.0081787109375], [0.009142784401774406, 0.03212236985564232, -0.9994421005249023, 1.4809646606445312], [0.9999054074287415, 0.009978323243558407, 0.009467730298638344, -1.64129638671875], [0.0, 0.0, 0.0, 1.0]], [[-0.8439730405807495, -0.5357031226158142, -0.02704950049519539, 1.0302734375], [0.01719934120774269, 0.0233754962682724, -0.9995787739753723, 1.4942855834960938], [0.5361098647117615, -0.8440828323364258, -0.010514547117054462, -1.23779296875], [0.0, 0.0, 0.0, 1.0]], [[0.947900652885437, 0.31853142380714417, 0.0047131869941949844, -1.1422119140625], [-0.00791783444583416, 0.038347527384757996, -0.999233067035675, 1.5620231628417969], [-0.3184679448604584, 0.947136402130127, 0.03887172043323517, -0.156982421875], [0.0, 0.0, 0.0, 1.0]], [[0.009255390614271164, 0.9994819760322571, 0.03082241676747799, -0.0289306640625], [-0.005914944689720869, 0.030877919867634773, -0.9995056390762329, 1.5678863525390625], [-0.9999396800994873, 0.009068631567060947, 0.006197669543325901, 0.016448974609375], [0.0, 0.0, 0.0, 1.0]], [[-0.9237227439880371, 0.3830314576625824, 0.004820114932954311, 1.112030029296875], [-0.0017931287875398993, 0.008259346708655357, -0.9999642372131348, 1.5477104187011719], [-0.38305750489234924, -0.9236984252929688, -0.006942520849406719, -0.062744140625], [0.0, 0.0, 0.0, 1.0]]], "view": [[0.0, -2.0, 100.0], [-2.0, 0.0, 100.0], [0.0, 0.0, 1.0]], "bev": "bev_64576b5587fe4b86af53cea28d25e207.png", "aux": "aux_64576b5587fe4b86af53cea28d25e207.npz", "visibility": "visibility_64576b5587fe4b86af53cea28d25e207.png", "pose": [[-0.8207647204399109, -0.5712664127349854, 0.0, 1200.7996826171875], [0.5712664127349854, -0.8207647204399109, 0.0, 1123.2261962890625], [0.0, 0.0, 1.0, 0.0], [0.0, 0.0, 0.0, 1.0]], "pose_inverse": [[-0.8207647204399109, 0.5712664127349854, 0.0, 343.9126281738281], [-0.5712664127349854, -0.8207647204399109, 0.0, 1607.8809814453125], [0.0, 0.0, 1.0, 0.0], [0.0, 0.0, 0.0, 1.0]], "cam_ids": [0, 1, 2, 3, 4, 5], "cam_channels": ["CAM_FRONT_LEFT", "CAM_FRONT", "CAM_FRONT_RIGHT", "CAM_BACK_LEFT", "CAM_BACK", "CAM_BACK_RIGHT"], "token": "64576b5587fe4b86af53cea28d25e207", "scene": "scene-0244"}, {"images": ["samples/CAM_FRONT_LEFT/n008-2018-08-21-11-53-44-0400__CAM_FRONT_LEFT__1534867152404799.jpg", "samples/CAM_FRONT/n008-2018-08-21-11-53-44-0400__CAM_FRONT__1534867152412404.jpg", "samples/CAM_FRONT_RIGHT/n008-2018-08-21-11-53-44-0400__CAM_FRONT_RIGHT__1534867152420482.jpg", "samples/CAM_BACK_LEFT/n008-2018-08-21-11-53-44-0400__CAM_BACK_LEFT__1534867152447405.jpg", "samples/CAM_BACK/n008-2018-08-21-11-53-44-0400__CAM_BACK__1534867152437558.jpg", "samples/CAM_BACK_RIGHT/n008-2018-08-21-11-53-44-0400__CAM_BACK_RIGHT__1534867152428113.jpg"], "intrinsics": [[[1257.8625342125129, 0.0, 827.2410631095686], [0.0, 1257.8625342125129, 450.915498205774], [0.0, 0.0, 1.0]], [[1252.8131021185304, 0.0, 826.588114781398], [0.0, 1252.8131021185304, 469.9846626224581], [0.0, 0.0, 1.0]], [[1256.7485116440405, 0.0, 817.7887570959712], [0.0, 1256.7485116440403, 451.9541780095127], [0.0, 0.0, 1.0]], [[1254.9860565800168, 0.0, 829.5769333630991], [0.0, 1254.9860565800168, 467.1680561863987], [0.0, 0.0, 1.0]], [[796.8910634503094, 0.0, 857.7774326863696], [0.0, 796.8910634503094, 476.8848988407415], [0.0, 0.0, 1.0]], [[1249.9629280788233, 0.0, 825.3768045375984], [0.0, 1249.9629280788233, 462.54816385708756], [0.0, 0.0, 1.0]]], "extrinsics": [[[0.8223751783370972, -0.5687703490257263, -0.014116435311734676, -0.9129638671875], [0.00884750485420227, 0.03759315237402916, -0.9992539882659912, 1.489227294921875], [0.5688767433166504, 0.8216367959976196, 0.03594787418842316, -1.271240234375], [0.0, 0.0, 0.0, 1.0]], [[0.01000973116606474, -0.999390721321106, -0.03343472257256508, 0.007568359375], [0.010821043513715267, 0.033542703837156296, -0.9993786811828613, 1.4811286926269531], [0.9998913407325745, 0.009641816839575768, 0.01115020364522934, -1.642242431640625], [0.0, 0.0, 0.0, 1.0]], [[-0.8440706133842468, -0.5354323983192444, -0.029276175424456596, 1.0296630859375], [0.01886172406375408, 0.02491677924990654, -0.9995115995407104, 1.4944229125976562], [0.535900354385376, -0.8442104458808899, -0.01093234308063984, -1.2376708984375], [0.0, 0.0, 0.0, 1.0]], [[0.9479321241378784, 0.3184025287628174, 0.0066736359149217606, -1.13348388671875], [-0.006457387004047632, 0.040167007595300674, -0.9991721510887146, 1.5619583129882812], [-0.31840699911117554, 0.9471042156219482, 0.040131647139787674, -0.1600341796875], [0.0, 0.0, 0.0, 1.0]], [[0.009367777034640312, 0.9994234442710876, 0.03263347968459129, -0.0289306640625], [-0.00432654470205307, 0.0326751172542572, -0.9994566440582275, 1.5679054260253906], [-0.9999467134475708, 0.00922149233520031, 0.004630143288522959, 0.011810302734375], [0.0, 0.0, 0.0, 1.0]], [[-0.9236471652984619, 0.3832234740257263, 0.003952601458877325, 1.110107421875], [-0.00016327379853464663, 0.009920057840645313, -0.9999507665634155, 1.5477962493896484], [-0.3832438290119171, -0.9236023426055908, -0.00910006370395422, -0.063720703125], [0.0, 0.0, 0.0, 1.0]]], "view": [[0.0, -2.0, 100.0], [-2.0, 0.0, 100.0], [0.0, 0.0, 1.0]], "bev": "bev_ba4ddaa2017c43fa8bddde54a7efb67c.png", "aux": "aux_ba4ddaa2017c43fa8bddde54a7efb67c.npz", "visibility": "visibility_ba4ddaa2017c43fa8bddde54a7efb67c.png", "pose": [[-0.8206171989440918, -0.5714782476425171, 0.0, 1199.8245849609375], [0.5714782476425171, -0.8206171989440918, 0.0, 1123.9322509765625], [0.0, 0.0, 1.0, 0.0], [0.0, 0.0, 0.0, 1.0]], "pose_inverse": [[-0.8206171989440918, 0.5714782476425171, 0.0, 342.29388427734375], [-0.5714782476425171, -0.8206171989440918, 0.0, 1607.9918212890625], [0.0, 0.0, 1.0, 0.0], [0.0, 0.0, 0.0, 1.0]], "cam_ids": [0, 1, 2, 3, 4, 5], "cam_channels": ["CAM_FRONT_LEFT", "CAM_FRONT", "CAM_FRONT_RIGHT", "CAM_BACK_LEFT", "CAM_BACK", "CAM_BACK_RIGHT"], "token": "ba4ddaa2017c43fa8bddde54a7efb67c", "scene": "scene-0244"}, {"images": ["samples/CAM_FRONT_LEFT/n008-2018-08-21-11-53-44-0400__CAM_FRONT_LEFT__1534867152904799.jpg", "samples/CAM_FRONT/n008-2018-08-21-11-53-44-0400__CAM_FRONT__1534867152912404.jpg", "samples/CAM_FRONT_RIGHT/n008-2018-08-21-11-53-44-0400__CAM_FRONT_RIGHT__1534867152920482.jpg", "samples/CAM_BACK_LEFT/n008-2018-08-21-11-53-44-0400__CAM_BACK_LEFT__1534867152947554.jpg", "samples/CAM_BACK/n008-2018-08-21-11-53-44-0400__CAM_BACK__1534867152937558.jpg", "samples/CAM_BACK_RIGHT/n008-2018-08-21-11-53-44-0400__CAM_BACK_RIGHT__1534867152928113.jpg"], "intrinsics": [[[1257.8625342125129, 0.0, 827.2410631095686], [0.0, 1257.8625342125129, 450.915498205774], [0.0, 0.0, 1.0]], [[1252.8131021185304, 0.0, 826.588114781398], [0.0, 1252.8131021185304, 469.9846626224581], [0.0, 0.0, 1.0]], [[1256.7485116440405, 0.0, 817.7887570959712], [0.0, 1256.7485116440403, 451.9541780095127], [0.0, 0.0, 1.0]], [[1254.9860565800168, 0.0, 829.5769333630991], [0.0, 1254.9860565800168, 467.1680561863987], [0.0, 0.0, 1.0]], [[796.8910634503094, 0.0, 857.7774326863696], [0.0, 796.8910634503094, 476.8848988407415], [0.0, 0.0, 1.0]], [[1249.9629280788233, 0.0, 825.3768045375984], [0.0, 1249.9629280788233, 462.54816385708756], [0.0, 0.0, 1.0]]], "extrinsics": [[[0.822282612323761, -0.5689375400543213, -0.01269895676523447, -0.919189453125], [0.010998686775565147, 0.038199182599782944, -0.9992096424102783, 1.48944091796875], [0.5689730048179626, 0.8214930891990662, 0.037668097764253616, -1.274169921875], [0.0, 0.0, 0.0, 1.0]], [[0.009907859377563, -0.9993730783462524, -0.033988483250141144, 0.006103515625], [0.012941837310791016, 0.03411545976996422, -0.9993340969085693, 1.4812774658203125], [0.9998671412467957, 0.009461410343647003, 0.013271734118461609, -1.648895263671875], [0.0, 0.0, 0.0, 1.0]], [[-0.8440786004066467, -0.5353035926818848, -0.03132589906454086, 1.0341796875], [0.020950065925717354, 0.02545352838933468, -0.9994564652442932, 1.4944686889648438], [0.5358099937438965, -0.8442761301994324, -0.010270132683217525, -1.2418212890625], [0.0, 0.0, 0.0, 1.0]], [[0.947934091091156, 0.31834352016448975, 0.008849315345287323, -1.142333984375], [-0.004368931520730257, 0.040784016251564026, -0.9991584420204163, 1.5620498657226562], [-0.31843650341033936, 0.947097659111023, 0.040051382035017014, -0.15625], [0.0, 0.0, 0.0, 1.0]], [[0.009365526959300041, 0.9994065165519714, 0.03314964845776558, -0.0284423828125], [-0.00223983614705503, 0.03317198529839516, -0.9994471073150635, 1.5680084228515625], [-0.9999536871910095, 0.009286157786846161, 0.0025491812266409397, 0.018524169921875], [0.0, 0.0, 0.0, 1.0]], [[-0.9236170649528503, 0.38330990076065063, 0.0022572113666683435, 1.115966796875], [0.001887018675915897, 0.010435333475470543, -0.999943733215332, 1.547903060913086], [-0.38331183791160583, -0.9235607981681824, -0.010361564345657825, -0.0623779296875], [0.0, 0.0, 0.0, 1.0]]], "view": [[0.0, -2.0, 100.0], [-2.0, 0.0, 100.0], [0.0, 0.0, 1.0]], "bev": "bev_7bd745f600aa4152923a792e18a341d5.png", "aux": "aux_7bd745f600aa4152923a792e18a341d5.npz", "visibility": "visibility_7bd745f600aa4152923a792e18a341d5.png", "pose": [[-0.8211334347724915, -0.5707362294197083, 0.0, 1198.9005126953125], [0.5707362294197083, -0.8211334347724915, 0.0, 1124.5880126953125], [0.0, 0.0, 1.0, 0.0], [0.0, 0.0, 0.0, 1.0]], "pose_inverse": [[-0.8211334347724915, 0.5707362294197083, 0.0, 342.61419677734375], [-0.5707362294197083, -0.8211334347724915, 0.0, 1607.6927490234375], [0.0, 0.0, 1.0, 0.0], [0.0, 0.0, 0.0, 1.0]], "cam_ids": [0, 1, 2, 3, 4, 5], "cam_channels": ["CAM_FRONT_LEFT", "CAM_FRONT", "CAM_FRONT_RIGHT", "CAM_BACK_LEFT", "CAM_BACK", "CAM_BACK_RIGHT"], "token": "7bd745f600aa4152923a792e18a341d5", "scene": "scene-0244"}, {"images": ["samples/CAM_FRONT_LEFT/n008-2018-08-21-11-53-44-0400__CAM_FRONT_LEFT__1534867153404799.jpg", "samples/CAM_FRONT/n008-2018-08-21-11-53-44-0400__CAM_FRONT__1534867153412404.jpg", "samples/CAM_FRONT_RIGHT/n008-2018-08-21-11-53-44-0400__CAM_FRONT_RIGHT__1534867153420482.jpg", "samples/CAM_BACK_LEFT/n008-2018-08-21-11-53-44-0400__CAM_BACK_LEFT__1534867153447405.jpg", "samples/CAM_BACK/n008-2018-08-21-11-53-44-0400__CAM_BACK__1534867153437558.jpg", "samples/CAM_BACK_RIGHT/n008-2018-08-21-11-53-44-0400__CAM_BACK_RIGHT__1534867153428113.jpg"], "intrinsics": [[[1257.8625342125129, 0.0, 827.2410631095686], [0.0, 1257.8625342125129, 450.915498205774], [0.0, 0.0, 1.0]], [[1252.8131021185304, 0.0, 826.588114781398], [0.0, 1252.8131021185304, 469.9846626224581], [0.0, 0.0, 1.0]], [[1256.7485116440405, 0.0, 817.7887570959712], [0.0, 1256.7485116440403, 451.9541780095127], [0.0, 0.0, 1.0]], [[1254.9860565800168, 0.0, 829.5769333630991], [0.0, 1254.9860565800168, 467.1680561863987], [0.0, 0.0, 1.0]], [[796.8910634503094, 0.0, 857.7774326863696], [0.0, 796.8910634503094, 476.8848988407415], [0.0, 0.0, 1.0]], [[1249.9629280788233, 0.0, 825.3768045375984], [0.0, 1249.9629280788233, 462.54816385708756], [0.0, 0.0, 1.0]]], "extrinsics": [[[0.8225749731063843, -0.5685064196586609, -0.013076183386147022, -0.929931640625], [0.011895574629306793, 0.04019250348210335, -0.9991211295127869, 1.4893112182617188], [0.5685322880744934, 0.821696400642395, 0.03982405364513397, -1.282958984375], [0.0, 0.0, 0.0, 1.0]], [[0.010420914739370346, -0.9993006587028503, -0.03591180592775345, 0.0074462890625], [0.013856209814548492, 0.036054618656635284, -0.9992538094520569, 1.4811668395996094], [0.9998496770858765, 0.009915554895997047, 0.014222238212823868, -1.659088134765625], [0.0, 0.0, 0.0, 1.0]], [[-0.8438349962234497, -0.5355791449546814, -0.033129964023828506, 1.041259765625], [0.021886838600039482, 0.027336321771144867, -0.9993866682052612, 1.4943389892578125], [0.5361563563346863, -0.8440425395965576, -0.011345209553837776, -1.2451171875], [0.0, 0.0, 0.0, 1.0]], [[0.9478640556335449, 0.3185088634490967, 0.01029213797301054, -1.14111328125], [-0.0033897352404892445, 0.0423719547688961, -0.999096155166626, 1.5620346069335938], [-0.3186571002006531, 0.9469724297523499, 0.041242510080337524, -0.1571044921875], [0.0, 0.0, 0.0, 1.0]], [[0.009106488898396492, 0.9993498921394348, 0.034885287284851074, -0.029052734375], [-0.001331907114945352, 0.03489882871508598, -0.9993899464607239, 1.5680122375488281], [-0.9999576807022095, 0.009054501540958881, 0.0016488477122038603, 0.020782470703125], [0.0, 0.0, 0.0, 1.0]], [[-0.9237366914749146, 0.38302260637283325, 0.0020534831564873457, 1.1204833984375], [0.0028562345542013645, 0.012249224819242954, -0.9999209046363831, 1.5479259490966797], [-0.3830174207687378, -0.9236578345298767, -0.012409061193466187, -0.0594482421875], [0.0, 0.0, 0.0, 1.0]]], "view": [[0.0, -2.0, 100.0], [-2.0, 0.0, 100.0], [0.0, 0.0, 1.0]], "bev": "bev_8b0e414172414d679a03df7dc30d25f4.png", "aux": "aux_8b0e414172414d679a03df7dc30d25f4.npz", "visibility": "visibility_8b0e414172414d679a03df7dc30d25f4.png", "pose": [[-0.8209360241889954, -0.571020245552063, 0.0, 1198.0572509765625], [0.571020245552063, -0.8209360241889954, 0.0, 1125.1932373046875], [0.0, 0.0, 1.0, 0.0], [0.0, 0.0, 0.0, 1.0]], "pose_inverse": [[-0.8209360241889954, 0.571020245552063, 0.0, 341.0202331542969], [-0.571020245552063, -0.8209360241889954, 0.0, 1607.8265380859375], [0.0, 0.0, 1.0, 0.0], [0.0, 0.0, 0.0, 1.0]], "cam_ids": [0, 1, 2, 3, 4, 5], "cam_channels": ["CAM_FRONT_LEFT", "CAM_FRONT", "CAM_FRONT_RIGHT", "CAM_BACK_LEFT", "CAM_BACK", "CAM_BACK_RIGHT"], "token": "8b0e414172414d679a03df7dc30d25f4", "scene": "scene-0244"}, {"images": ["samples/CAM_FRONT_LEFT/n008-2018-08-21-11-53-44-0400__CAM_FRONT_LEFT__1534867153904799.jpg", "samples/CAM_FRONT/n008-2018-08-21-11-53-44-0400__CAM_FRONT__1534867153912404.jpg", "samples/CAM_FRONT_RIGHT/n008-2018-08-21-11-53-44-0400__CAM_FRONT_RIGHT__1534867153920482.jpg", "samples/CAM_BACK_LEFT/n008-2018-08-21-11-53-44-0400__CAM_BACK_LEFT__1534867153947405.jpg", "samples/CAM_BACK/n008-2018-08-21-11-53-44-0400__CAM_BACK__1534867153937558.jpg", "samples/CAM_BACK_RIGHT/n008-2018-08-21-11-53-44-0400__CAM_BACK_RIGHT__1534867153928113.jpg"], "intrinsics": [[[1257.8625342125129, 0.0, 827.2410631095686], [0.0, 1257.8625342125129, 450.915498205774], [0.0, 0.0, 1.0]], [[1252.8131021185304, 0.0, 826.588114781398], [0.0, 1252.8131021185304, 469.9846626224581], [0.0, 0.0, 1.0]], [[1256.7485116440405, 0.0, 817.7887570959712], [0.0, 1256.7485116440403, 451.9541780095127], [0.0, 0.0, 1.0]], [[1254.9860565800168, 0.0, 829.5769333630991], [0.0, 1254.9860565800168, 467.1680561863987], [0.0, 0.0, 1.0]], [[796.8910634503094, 0.0, 857.7774326863696], [0.0, 796.8910634503094, 476.8848988407415], [0.0, 0.0, 1.0]], [[1249.9629280788233, 0.0, 825.3768045375984], [0.0, 1249.9629280788233, 462.54816385708756], [0.0, 0.0, 1.0]]], "extrinsics": [[[0.8225759863853455, -0.5685567855834961, -0.010584038682281971, -0.9383544921875], [0.01483007613569498, 0.04005447402596474, -0.9990874528884888, 1.4894638061523438], [0.5684619545936584, 0.8216683864593506, 0.04137958586215973, -1.288330078125], [0.0, 0.0, 0.0, 1.0]], [[0.010409533977508545, -0.9993061423301697, -0.03576233983039856, 0.0067138671875], [0.01681843400001526, 0.035934194922447205, -0.9992126226425171, 1.4812660217285156], [0.9998043775558472, 0.009799832478165627, 0.017180824652314186, -1.667938232421875], [0.0, 0.0, 0.0, 1.0]], [[-0.8438013195991516, -0.5354738235473633, -0.03559771552681923, 1.0472412109375], [0.024875789880752563, 0.02723432518541813, -0.9993194937705994, 1.4943466186523438], [0.536078929901123, -0.8441126346588135, -0.00966002605855465, -1.2493896484375], [0.0, 0.0, 0.0, 1.0]], [[0.9478867053985596, 0.3183402717113495, 0.013050935231149197, -1.14263916015625], [-0.00048299189074896276, 0.04239808768033981, -0.9991006851196289, 1.5620269775390625], [-0.318607360124588, 0.9470279216766357, 0.04034233093261719, -0.15673828125], [0.0, 0.0, 0.0, 1.0]], [[0.009145398624241352, 0.9993482232093811, 0.03492104262113571, -0.02880859375], [0.0016262017888948321, 0.034907590597867966, -0.9993891716003418, 1.5680885314941406], [-0.9999569058418274, 0.009196647442877293, -0.001305899117141962, 0.024444580078125], [0.0, 0.0, 0.0, 1.0]], [[-0.9236893057823181, 0.3831416666507721, -0.0007031933637335896, 1.126068115234375], [0.005814081989228725, 0.012181591242551804, -0.9999089241027832, 1.5480232238769531], [-0.38309812545776367, -0.9236092567443848, -0.013479623012244701, -0.0577392578125], [0.0, 0.0, 0.0, 1.0]]], "view": [[0.0, -2.0, 100.0], [-2.0, 0.0, 100.0], [0.0, 0.0, 1.0]], "bev": "bev_459800e33925425cb086edcc61419709.png", "aux": "aux_459800e33925425cb086edcc61419709.npz", "visibility": "visibility_459800e33925425cb086edcc61419709.png", "pose": [[-0.8212301731109619, -0.5705971121788025, 0.0, 1197.254150390625], [0.5705971121788025, -0.8212301731109619, 0.0, 1125.76611328125], [0.0, 0.0, 1.0, 0.0], [0.0, 0.0, 0.0, 1.0]], "pose_inverse": [[-0.8212301731109619, 0.5705971121788025, 0.0, 340.8623352050781], [-0.5705971121788025, -0.8212301731109619, 0.0, 1607.662841796875], [0.0, 0.0, 1.0, 0.0], [0.0, 0.0, 0.0, 1.0]], "cam_ids": [0, 1, 2, 3, 4, 5], "cam_channels": ["CAM_FRONT_LEFT", "CAM_FRONT", "CAM_FRONT_RIGHT", "CAM_BACK_LEFT", "CAM_BACK", "CAM_BACK_RIGHT"], "token": "459800e33925425cb086edcc61419709", "scene": "scene-0244"}, {"images": ["samples/CAM_FRONT_LEFT/n008-2018-08-21-11-53-44-0400__CAM_FRONT_LEFT__1534867154404799.jpg", "samples/CAM_FRONT/n008-2018-08-21-11-53-44-0400__CAM_FRONT__1534867154412404.jpg", "samples/CAM_FRONT_RIGHT/n008-2018-08-21-11-53-44-0400__CAM_FRONT_RIGHT__1534867154420482.jpg", "samples/CAM_BACK_LEFT/n008-2018-08-21-11-53-44-0400__CAM_BACK_LEFT__1534867154447405.jpg", "samples/CAM_BACK/n008-2018-08-21-11-53-44-0400__CAM_BACK__1534867154437558.jpg", "samples/CAM_BACK_RIGHT/n008-2018-08-21-11-53-44-0400__CAM_BACK_RIGHT__1534867154428113.jpg"], "intrinsics": [[[1257.8625342125129, 0.0, 827.2410631095686], [0.0, 1257.8625342125129, 450.915498205774], [0.0, 0.0, 1.0]], [[1252.8131021185304, 0.0, 826.588114781398], [0.0, 1252.8131021185304, 469.9846626224581], [0.0, 0.0, 1.0]], [[1256.7485116440405, 0.0, 817.7887570959712], [0.0, 1256.7485116440403, 451.9541780095127], [0.0, 0.0, 1.0]], [[1254.9860565800168, 0.0, 829.5769333630991], [0.0, 1254.9860565800168, 467.1680561863987], [0.0, 0.0, 1.0]], [[796.8910634503094, 0.0, 857.7774326863696], [0.0, 796.8910634503094, 476.8848988407415], [0.0, 0.0, 1.0]], [[1249.9629280788233, 0.0, 825.3768045375984], [0.0, 1249.9629280788233, 462.54816385708756], [0.0, 0.0, 1.0]]], "extrinsics": [[[0.8226326704025269, -0.5684365630149841, -0.012471035122871399, -0.94061279296875], [0.014706477522850037, 0.0431993193924427, -0.9989582300186157, 1.4893417358398438], [0.5683830976486206, 0.8215922713279724, 0.0438968688249588, -1.29150390625], [0.0, 0.0, 0.0, 1.0]], [[0.010391204617917538, -0.9991887211799622, -0.038907166570425034, 0.007568359375], [0.016694456338882446, 0.03907719627022743, -0.999096691608429, 1.481170654296875], [0.9998065829277039, 0.009732307866215706, 0.017086973413825035, -1.670867919921875], [0.0, 0.0, 0.0, 1.0]], [[-0.8438209891319275, -0.5353357791900635, -0.03717191889882088, 1.0491943359375], [0.02474653162062168, 0.03037668950855732, -0.9992321133613586, 1.4942703247070312], [0.5360538959503174, -0.8440929055213928, -0.01238478533923626, -1.249755859375], [0.0, 0.0, 0.0, 1.0]], [[0.9478955268859863, 0.31827402114868164, 0.013985256664454937, -1.141845703125], [-0.0005333222215995193, 0.04548380896449089, -0.9989649057388306, 1.5620498657226562], [-0.31858065724372864, 0.9469069838523865, 0.043283648788928986, -0.1566162109375], [0.0, 0.0, 0.0, 1.0]], [[0.009171610698103905, 0.9992340207099915, 0.03804108500480652, -0.0289306640625], [0.0015425150049850345, 0.038028500974178314, -0.9992754459381104, 1.5680770874023438], [-0.9999567866325378, 0.00922362320125103, -0.0011925518047064543, 0.02484130859375], [0.0, 0.0, 0.0, 1.0]], [[-0.9236798286437988, 0.38316449522972107, 0.0005872893380001187, 1.127105712890625], [0.005721259396523237, 0.015324544161558151, -0.9998661875724792, 1.5480079650878906], [-0.38312238454818726, -0.9235528707504272, -0.016347158700227737, -0.0567626953125], [0.0, 0.0, 0.0, 1.0]]], "view": [[0.0, -2.0, 100.0], [-2.0, 0.0, 100.0], [0.0, 0.0, 1.0]], "bev": "bev_7054313486a94823832f64597ac853b5.png", "aux": "aux_7054313486a94823832f64597ac853b5.npz", "visibility": "visibility_7054313486a94823832f64597ac853b5.png", "pose": [[-0.820414125919342, -0.5717697143554688, 0.0, 1196.48193359375], [0.5717697143554688, -0.820414125919342, 0.0, 1126.3165283203125], [0.0, 0.0, 1.0, 0.0], [0.0, 0.0, 0.0, 1.0]], "pose_inverse": [[-0.820414125919342, 0.5717697143554688, 0.0, 337.61700439453125], [-0.5717697143554688, -0.820414125919342, 0.0, 1608.158203125], [0.0, 0.0, 1.0, 0.0], [0.0, 0.0, 0.0, 1.0]], "cam_ids": [0, 1, 2, 3, 4, 5], "cam_channels": ["CAM_FRONT_LEFT", "CAM_FRONT", "CAM_FRONT_RIGHT", "CAM_BACK_LEFT", "CAM_BACK", "CAM_BACK_RIGHT"], "token": "7054313486a94823832f64597ac853b5", "scene": "scene-0244"}, {"images": ["samples/CAM_FRONT_LEFT/n008-2018-08-21-11-53-44-0400__CAM_FRONT_LEFT__1534867154904799.jpg", "samples/CAM_FRONT/n008-2018-08-21-11-53-44-0400__CAM_FRONT__1534867154912404.jpg", "samples/CAM_FRONT_RIGHT/n008-2018-08-21-11-53-44-0400__CAM_FRONT_RIGHT__1534867154920482.jpg", "samples/CAM_BACK_LEFT/n008-2018-08-21-11-53-44-0400__CAM_BACK_LEFT__1534867154947405.jpg", "samples/CAM_BACK/n008-2018-08-21-11-53-44-0400__CAM_BACK__1534867154937558.jpg", "samples/CAM_BACK_RIGHT/n008-2018-08-21-11-53-44-0400__CAM_BACK_RIGHT__1534867154928113.jpg"], "intrinsics": [[[1257.8625342125129, 0.0, 827.2410631095686], [0.0, 1257.8625342125129, 450.915498205774], [0.0, 0.0, 1.0]], [[1252.8131021185304, 0.0, 826.588114781398], [0.0, 1252.8131021185304, 469.9846626224581], [0.0, 0.0, 1.0]], [[1256.7485116440405, 0.0, 817.7887570959712], [0.0, 1256.7485116440403, 451.9541780095127], [0.0, 0.0, 1.0]], [[1254.9860565800168, 0.0, 829.5769333630991], [0.0, 1254.9860565800168, 467.1680561863987], [0.0, 0.0, 1.0]], [[796.8910634503094, 0.0, 857.7774326863696], [0.0, 796.8910634503094, 476.8848988407415], [0.0, 0.0, 1.0]], [[1249.9629280788233, 0.0, 825.3768045375984], [0.0, 1249.9629280788233, 462.54816385708756], [0.0, 0.0, 1.0]]], "extrinsics": [[[0.822572648525238, -0.5685531497001648, -0.011021306738257408, -0.9305419921875], [0.016194980591535568, 0.04279514029622078, -0.9989525675773621, 1.48968505859375], [0.5684292912483215, 0.8215326070785522, 0.044409822672605515, -1.2835693359375], [0.0, 0.0, 0.0, 1.0]], [[0.010467971675097942, -0.9992018342018127, -0.038547784090042114, 0.0074462890625], [0.01819690503180027, 0.03873386234045029, -0.9990838170051575, 1.4814682006835938], [0.9997795820236206, 0.009756824001669884, 0.01858784444630146, -1.66064453125], [0.0, 0.0, 0.0, 1.0]], [[-0.8437473773956299, -0.5353716015815735, -0.03830879554152489, 1.0423583984375], [0.02627057209610939, 0.030095890164375305, -0.9992017149925232, 1.4945564270019531], [0.5360971689224243, -0.8440802693367004, -0.011328811757266521, -1.2459716796875], [0.0, 0.0, 0.0, 1.0]], [[0.9478684067726135, 0.3182857036590576, 0.015483160503208637, -1.140869140625], [0.0010448535904288292, 0.045483484864234924, -0.9989645481109619, 1.5620498657226562], [-0.31866034865379333, 0.9469030499458313, 0.042779795825481415, -0.1571044921875], [0.0, 0.0, 0.0, 1.0]], [[0.009108169935643673, 0.9992402195930481, 0.037895575165748596, -0.0289306640625], [0.0031028699595481157, 0.03786872327327728, -0.9992778897285461, 1.568115234375], [-0.9999536871910095, 0.009219212457537