[{"images": ["samples/CAM_FRONT_LEFT/n008-2018-08-28-16-16-48-0400__CAM_FRONT_LEFT__1535488022754799.jpg", "samples/CAM_FRONT/n008-2018-08-28-16-16-48-0400__CAM_FRONT__1535488022762404.jpg", "samples/CAM_FRONT_RIGHT/n008-2018-08-28-16-16-48-0400__CAM_FRONT_RIGHT__1535488022770482.jpg", "samples/CAM_BACK_LEFT/n008-2018-08-28-16-16-48-0400__CAM_BACK_LEFT__1535488022797405.jpg", "samples/CAM_BACK/n008-2018-08-28-16-16-48-0400__CAM_BACK__1535488022787558.jpg", "samples/CAM_BACK_RIGHT/n008-2018-08-28-16-16-48-0400__CAM_BACK_RIGHT__1535488022778113.jpg"], "intrinsics": [[[1257.8625342125129, 0.0, 827.2410631095686], [0.0, 1257.8625342125129, 450.915498205774], [0.0, 0.0, 1.0]], [[1252.8131021185304, 0.0, 826.588114781398], [0.0, 1252.8131021185304, 469.9846626224581], [0.0, 0.0, 1.0]], [[1256.7485116440405, 0.0, 817.7887570959712], [0.0, 1256.7485116440403, 451.9541780095127], [0.0, 0.0, 1.0]], [[1254.9860565800168, 0.0, 829.5769333630991], [0.0, 1254.9860565800168, 467.1680561863987], [0.0, 0.0, 1.0]], [[796.8910634503094, 0.0, 857.7774326863696], [0.0, 796.8910634503094, 476.8848988407415], [0.0, 0.0, 1.0]], [[1249.9629280788233, 0.0, 825.3768045375984], [0.0, 1249.9629280788233, 462.54816385708756], [0.0, 0.0, 1.0]]], "extrinsics": [[[0.8242475986480713, -0.5656949877738953, -0.024600710719823837, -0.93902587890625], [-0.013820014894008636, 0.023335101082921028, -0.9996321797370911, 1.4871711730957031], [0.5660609602928162, 0.8242843747138977, 0.01141598541289568, -1.28955078125], [0.0, 0.0, 0.0, 1.0]], [[0.012841382063925266, -0.9997302293777466, -0.019355036318302155, 0.0072021484375], [-0.011860213242471218, 0.019202986732125282, -0.99974524974823, 1.4793720245361328], [0.9998472929000854, 0.013067682273685932, -0.011610419489443302, -1.669525146484375], [0.0, 0.0, 0.0, 1.0]], [[-0.8429465889930725, -0.537992000579834, -0.0024178356397897005, 1.04864501953125], [-0.0038349467795342207, 0.010502645745873451, -0.9999374747276306, 1.4928703308105469], [0.537983775138855, -0.8428846001625061, -0.010916339233517647, -1.249755859375], [0.0, 0.0, 0.0, 1.0]], [[0.9475814700126648, 0.3189115524291992, -0.019621355459094048, -1.144622802734375], [-0.029289109632372856, 0.02554716356098652, -0.9992445111274719, 1.5620613098144531], [-0.31816935539245605, 0.9474402070045471, 0.03354864940047264, -0.156005859375], [0.0, 0.0, 0.0, 1.0]], [[0.008554418571293354, 0.9998046159744263, 0.017825620248913765, -0.029052734375], [-0.02713816985487938, 0.018051831051707268, -0.9994686841964722, 1.5675525665283203], [-0.9995951056480408, 0.00806608609855175, 0.02728728950023651, 0.02600860595703125], [0.0, 0.0, 0.0, 1.0]], [[-0.9241976737976074, 0.38142165541648865, 0.019396008923649788, 1.1268310546875], [-0.022890819236636162, -0.004627213813364506, -0.9997272491455078, 1.546985149383545], [-0.38122791051864624, -0.924389660358429, 0.013007511384785175, -0.0570068359375], [0.0, 0.0, 0.0, 1.0]]], "view": [[0.0, -2.0, 100.0], [-2.0, 0.0, 100.0], [0.0, 0.0, 1.0]], "bev": "bev_fdeffedf67b7418fb59d73987cc0f54c.png", "aux": "aux_fdeffedf67b7418fb59d73987cc0f54c.npz", "visibility": "visibility_fdeffedf67b7418fb59d73987cc0f54c.png", "pose": [[-0.8658265471458435, -0.5003443360328674, 0.0, 723.45068359375], [0.5003443360328674, -0.8658265471458435, 0.0, 1436.46484375], [0.0, 0.0, 1.0, 0.0], [0.0, 0.0, 0.0, 1.0]], "pose_inverse": [[-0.8658265471458435, 0.5003443360328674, 0.0, -92.34423828125], [-0.5003443360328674, -0.8658265471458435, 0.0, 1605.7037353515625], [0.0, 0.0, 1.0, 0.0], [0.0, 0.0, 0.0, 1.0]], "cam_ids": [0, 1, 2, 3, 4, 5], "cam_channels": ["CAM_FRONT_LEFT", "CAM_FRONT", "CAM_FRONT_RIGHT", "CAM_BACK_LEFT", "CAM_BACK", "CAM_BACK_RIGHT"], "token": "fdeffedf67b7418fb59d73987cc0f54c", "scene": "scene-0679"}, {"images": ["samples/CAM_FRONT_LEFT/n008-2018-08-28-16-16-48-0400__CAM_FRONT_LEFT__1535488023254799.jpg", "samples/CAM_FRONT/n008-2018-08-28-16-16-48-0400__CAM_FRONT__1535488023262404.jpg", "samples/CAM_FRONT_RIGHT/n008-2018-08-28-16-16-48-0400__CAM_FRONT_RIGHT__1535488023270482.jpg", "samples/CAM_BACK_LEFT/n008-2018-08-28-16-16-48-0400__CAM_BACK_LEFT__1535488023297405.jpg", "samples/CAM_BACK/n008-2018-08-28-16-16-48-0400__CAM_BACK__1535488023287558.jpg", "samples/CAM_BACK_RIGHT/n008-2018-08-28-16-16-48-0400__CAM_BACK_RIGHT__1535488023278113.jpg"], "intrinsics": [[[1257.8625342125129, 0.0, 827.2410631095686], [0.0, 1257.8625342125129, 450.915498205774], [0.0, 0.0, 1.0]], [[1252.8131021185304, 0.0, 826.588114781398], [0.0, 1252.8131021185304, 469.9846626224581], [0.0, 0.0, 1.0]], [[1256.7485116440405, 0.0, 817.7887570959712], [0.0, 1256.7485116440403, 451.9541780095127], [0.0, 0.0, 1.0]], [[1254.9860565800168, 0.0, 829.5769333630991], [0.0, 1254.9860565800168, 467.1680561863987], [0.0, 0.0, 1.0]], [[796.8910634503094, 0.0, 857.7774326863696], [0.0, 796.8910634503094, 476.8848988407415], [0.0, 0.0, 1.0]], [[1249.9629280788233, 0.0, 825.3768045375984], [0.0, 1249.9629280788233, 462.54816385708756], [0.0, 0.0, 1.0]]], "extrinsics": [[[0.8233637809753418, -0.5667935609817505, -0.028586311265826225, -0.94378662109375], [-0.01622682809829712, 0.026838107034564018, -0.9995080828666687, 1.4870681762695312], [0.56728196144104, 0.8234226703643799, 0.012900262139737606, -1.2926025390625], [0.0, 0.0, 0.0, 1.0]], [[0.011572610586881638, -0.9996680617332458, -0.02301531657576561, 0.0067138671875], [-0.014273449778556824, 0.022849364206194878, -0.9996370077133179, 1.479278564453125], [0.9998311400413513, 0.01189693994820118, -0.014004284515976906, -1.6740875244140625], [0.0, 0.0, 0.0, 1.0]], [[-0.8434591293334961, -0.5371878743171692, -0.002387426793575287, 1.05145263671875], [-0.00626944936811924, 0.014287665486335754, -0.9998782873153687, 1.492767333984375], [0.5371566414833069, -0.843341588973999, -0.01541893556714058, -1.2518310546875], [0.0, 0.0, 0.0, 1.0]], [[0.9475371241569519, 0.3189781606197357, -0.02064802311360836, -1.14410400390625], [-0.03178653120994568, 0.02975275181233883, -0.9990517497062683, 1.562042236328125], [-0.31806132197380066, 0.9472948908805847, 0.0383310467004776, -0.1561279296875], [0.0, 0.0, 0.0, 1.0]], [[0.008963098749518394, 0.999720573425293, 0.02187170274555683, -0.02880859375], [-0.029606344178318977, 0.022128302603960037, -0.9993166327476501, 1.5675468444824219], [-0.9995214343070984, 0.008309421129524708, 0.029796412214636803, 0.027069091796875], [0.0, 0.0, 0.0, 1.0]], [[-0.9238843321800232, 0.381969690322876, 0.023172175511717796, 1.1292724609375], [-0.025362074375152588, -0.0006987611996009946, -0.9996780753135681, 1.5469555854797363], [-0.38183045387268066, -0.9241746068000793, 0.010333117097616196, -0.05615234375], [0.0, 0.0, 0.0, 1.0]]], "view": [[0.0, -2.0, 100.0], [-2.0, 0.0, 100.0], [0.0, 0.0, 1.0]], "bev": "bev_ffd5b4708e5f4f2ea476dbde3793d48e.png", "aux": "aux_ffd5b4708e5f4f2ea476dbde3793d48e.npz", "visibility": "visibility_ffd5b4708e5f4f2ea476dbde3793d48e.png", "pose": [[-0.851521372795105, -0.5243198871612549, 0.0, 722.6991577148438], [0.5243198871612549, -0.851521372795105, 0.0, 1436.927001953125], [0.0, 0.0, 1.0, 0.0], [0.0, 0.0, 0.0, 1.0]], "pose_inverse": [[-0.851521372795105, 0.5243198871612549, 0.0, -138.01560974121094], [-0.5243198871612549, -0.851521372795105, 0.0, 1602.4996337890625], [0.0, 0.0, 1.0, 0.0], [0.0, 0.0, 0.0, 1.0]], "cam_ids": [0, 1, 2, 3, 4, 5], "cam_channels": ["CAM_FRONT_LEFT", "CAM_FRONT", "CAM_FRONT_RIGHT", "CAM_BACK_LEFT", "CAM_BACK", "CAM_BACK_RIGHT"], "token": "ffd5b4708e5f4f2ea476dbde3793d48e", "scene": "scene-0679"}, {"images": ["samples/CAM_FRONT_LEFT/n008-2018-08-28-16-16-48-0400__CAM_FRONT_LEFT__1535488023654799.jpg", "samples/CAM_FRONT/n008-2018-08-28-16-16-48-0400__CAM_FRONT__1535488023662416.jpg", "samples/CAM_FRONT_RIGHT/n008-2018-08-28-16-16-48-0400__CAM_FRONT_RIGHT__1535488023670482.jpg", "samples/CAM_BACK_LEFT/n008-2018-08-28-16-16-48-0400__CAM_BACK_LEFT__1535488023697405.jpg", "samples/CAM_BACK/n008-2018-08-28-16-16-48-0400__CAM_BACK__1535488023687558.jpg", "samples/CAM_BACK_RIGHT/n008-2018-08-28-16-16-48-0400__CAM_BACK_RIGHT__1535488023678113.jpg"], "intrinsics": [[[1257.8625342125129, 0.0, 827.2410631095686], [0.0, 1257.8625342125129, 450.915498205774], [0.0, 0.0, 1.0]], [[1252.8131021185304, 0.0, 826.588114781398], [0.0, 1252.8131021185304, 469.9846626224581], [0.0, 0.0, 1.0]], [[1256.7485116440405, 0.0, 817.7887570959712], [0.0, 1256.7485116440403, 451.9541780095127], [0.0, 0.0, 1.0]], [[1254.9860565800168, 0.0, 829.5769333630991], [0.0, 1254.9860565800168, 467.1680561863987], [0.0, 0.0, 1.0]], [[796.8910634503094, 0.0, 857.7774326863696], [0.0, 796.8910634503094, 476.8848988407415], [0.0, 0.0, 1.0]], [[1249.9629280788233, 0.0, 825.3768045375984], [0.0, 1249.9629280788233, 462.54816385708756], [0.0, 0.0, 1.0]]], "extrinsics": [[[0.821715235710144, -0.5690727233886719, -0.030663305893540382, -0.940185546875], [-0.01939013972878456, 0.025856293737888336, -0.9994775652885437, 1.4867591857910156], [0.5695683360099792, 0.8218806385993958, 0.010212109424173832, -1.2889404296875], [0.0, 0.0, 0.0, 1.0]], [[0.009288343600928783, -0.9997168779373169, -0.02190835401415825, 0.00634765625], [-0.017529260367155075, 0.02174314856529236, -0.9996099472045898, 1.4790191650390625], [0.9998032450675964, 0.00966875534504652, -0.017322339117527008, -1.6699752807617188], [0.0, 0.0, 0.0, 1.0]], [[-0.8443668484687805, -0.5357643365859985, 0.0011095686350017786, 1.048583984375], [-0.009601068682968616, 0.013060594908893108, -0.9998685717582703, 1.4925918579101562], [0.5356794595718384, -0.8442665934562683, -0.01617184653878212, -1.25048828125], [0.0, 0.0, 0.0, 1.0]], [[0.9474671483039856, 0.31892895698547363, -0.024299100041389465, -1.1431884765625], [-0.03512968495488167, 0.028250254690647125, -0.9989834427833557, 1.5620193481445312], [-0.3179182708263397, 0.9473574757575989, 0.03797006234526634, -0.1563720703125], [0.0, 0.0, 0.0, 1.0]], [[0.009644272737205029, 0.9997449517250061, 0.020424384623765945, -0.0286865234375], [-0.0330059714615345, 0.020732471719384193, -0.9992400407791138, 1.5674400329589844], [-0.9994086027145386, 0.008962827734649181, 0.03319749981164932, 0.0255889892578125], [0.0, 0.0, 0.0, 1.0]], [[-0.9233453869819641, 0.38310477137565613, 0.025767618790268898, 1.12750244140625], [-0.02872021123766899, -0.001988316187635064, -0.9995855093002319, 1.5467838048934937], [-0.38289472460746765, -0.9237027168273926, 0.012838752008974552, -0.05712890625], [0.0, 0.0, 0.0, 1.0]]], "view": [[0.0, -2.0, 100.0], [-2.0, 0.0, 100.0], [0.0, 0.0, 1.0]], "bev": "bev_99a947b58ad24e6fa4314a6e04929ec0.png", "aux": "aux_99a947b58ad24e6fa4314a6e04929ec0.npz", "visibility": "visibility_99a947b58ad24e6fa4314a6e04929ec0.png", "pose": [[-0.8512149453163147, -0.5248172283172607, 0.0, 722.0886840820312], [0.5248172283172607, -0.8512149453163147, 0.0, 1437.3125], [0.0, 0.0, 1.0, 0.0], [0.0, 0.0, 0.0, 1.0]], "pose_inverse": [[-0.8512149453163147, 0.5248172283172607, 0.0, -139.67369079589844], [-0.5248172283172607, -0.8512149453163147, 0.0, 1602.426513671875], [0.0, 0.0, 1.0, 0.0], [0.0, 0.0, 0.0, 1.0]], "cam_ids": [0, 1, 2, 3, 4, 5], "cam_channels": ["CAM_FRONT_LEFT", "CAM_FRONT", "CAM_FRONT_RIGHT", "CAM_BACK_LEFT", "CAM_BACK", "CAM_BACK_RIGHT"], "token": "99a947b58ad24e6fa4314a6e04929ec0", "scene": "scene-0679"}, {"images": ["samples/CAM_FRONT_LEFT/n008-2018-08-28-16-16-48-0400__CAM_FRONT_LEFT__1535488024154799.jpg", "samples/CAM_FRONT/n008-2018-08-28-16-16-48-0400__CAM_FRONT__1535488024162404.jpg", "samples/CAM_FRONT_RIGHT/n008-2018-08-28-16-16-48-0400__CAM_FRONT_RIGHT__1535488024170482.jpg", "samples/CAM_BACK_LEFT/n008-2018-08-28-16-16-48-0400__CAM_BACK_LEFT__1535488024197405.jpg", "samples/CAM_BACK/n008-2018-08-28-16-16-48-0400__CAM_BACK__1535488024187558.jpg", "samples/CAM_BACK_RIGHT/n008-2018-08-28-16-16-48-0400__CAM_BACK_RIGHT__1535488024178113.jpg"], "intrinsics": [[[1257.8625342125129, 0.0, 827.2410631095686], [0.0, 1257.8625342125129, 450.915498205774], [0.0, 0.0, 1.0]], [[1252.8131021185304, 0.0, 826.588114781398], [0.0, 1252.8131021185304, 469.9846626224581], [0.0, 0.0, 1.0]], [[1256.7485116440405, 0.0, 817.7887570959712], [0.0, 1256.7485116440403, 451.9541780095127], [0.0, 0.0, 1.0]], [[1254.9860565800168, 0.0, 829.5769333630991], [0.0, 1254.9860565800168, 467.1680561863987], [0.0, 0.0, 1.0]], [[796.8910634503094, 0.0, 857.7774326863696], [0.0, 796.8910634503094, 476.8848988407415], [0.0, 0.0, 1.0]], [[1249.9629280788233, 0.0, 825.3768045375984], [0.0, 1249.9629280788233, 462.54816385708756], [0.0, 0.0, 1.0]]], "extrinsics": [[[0.821525514125824, -0.5693864226341248, -0.02991555631160736, -0.9310302734375], [-0.01850535161793232, 0.025813478976488113, -0.9994955062866211, 1.4866180419921875], [0.5698713660240173, 0.8216646313667297, 0.010669735260307789, -1.2833251953125], [0.0, 0.0, 0.0, 1.0]], [[0.009005592204630375, -0.9997215270996094, -0.021811312064528465, 0.0067138671875], [-0.01648813858628273, 0.021660776808857918, -0.9996293783187866, 1.4789276123046875], [0.9998233914375305, 0.009361845441162586, -0.016288479790091515, -1.6609344482421875], [0.0, 0.0, 0.0, 1.0]], [[-0.8444992899894714, -0.5355567336082458, 0.00018615767476148903, 1.04254150390625], [-0.008411867544054985, 0.0129168052226305, -0.9998812079429626, 1.4925804138183594], [0.5354906916618347, -0.8444005250930786, -0.01541326567530632, -1.2464599609375], [0.0, 0.0, 0.0, 1.0]], [[0.9475211501121521, 0.3188665807247162, -0.022972818464040756, -1.14208984375], [-0.033606041222810745, 0.02788480743765831, -0.9990460276603699, 1.5619735717773438], [-0.31792181730270386, 0.9473893642425537, 0.037137288600206375, -0.1568603515625], [0.0, 0.0, 0.0, 1.0]], [[0.009738263674080372, 0.9997495412826538, 0.020149152725934982, -0.02880859375], [-0.031552400439977646, 0.020447291433811188, -0.9992929100990295, 1.567352294921875], [-0.99945467710495, 0.009095611050724983, 0.031743623316287994, 0.0221099853515625], [0.0, 0.0, 0.0, 1.0]], [[-0.923305094242096, 0.38328492641448975, 0.024502191692590714, 1.12200927734375], [-0.027436992153525352, -0.002191073726862669, -0.9996210932731628, 1.5466718673706055], [-0.38308605551719666, -0.9236275553703308, 0.0125392135232687, -0.0592041015625], [0.0, 0.0, 0.0, 1.0]]], "view": [[0.0, -2.0, 100.0], [-2.0, 0.0, 100.0], [0.0, 0.0, 1.0]], "bev": "bev_cce6fa257f4c493396e886acbf611f0c.png", "aux": "aux_cce6fa257f4c493396e886acbf611f0c.npz", "visibility": "visibility_cce6fa257f4c493396e886acbf611f0c.png", "pose": [[-0.8580636382102966, -0.5135433673858643, 0.0, 721.2487182617188], [0.5135433673858643, -0.8580636382102966, 0.0, 1437.8372802734375], [0.0, 0.0, 1.0, 0.0], [0.0, 0.0, 0.0, 1.0]], "pose_inverse": [[-0.8580636382102966, 0.5135433673858643, 0.0, -119.51448059082031], [-0.5135433673858643, -0.8580636382102966, 0.0, 1604.1484375], [0.0, 0.0, 1.0, 0.0], [0.0, 0.0, 0.0, 1.0]], "cam_ids": [0, 1, 2, 3, 4, 5], "cam_channels": ["CAM_FRONT_LEFT", "CAM_FRONT", "CAM_FRONT_RIGHT", "CAM_BACK_LEFT", "CAM_BACK", "CAM_BACK_RIGHT"], "token": "cce6fa257f4c493396e886acbf611f0c", "scene": "scene-0679"}, {"images": ["samples/CAM_FRONT_LEFT/n008-2018-08-28-16-16-48-0400__CAM_FRONT_LEFT__1535488024654799.jpg", "samples/CAM_FRONT/n008-2018-08-28-16-16-48-0400__CAM_FRONT__1535488024662404.jpg", "samples/CAM_FRONT_RIGHT/n008-2018-08-28-16-16-48-0400__CAM_FRONT_RIGHT__1535488024670482.jpg", "samples/CAM_BACK_LEFT/n008-2018-08-28-16-16-48-0400__CAM_BACK_LEFT__1535488024697405.jpg", "samples/CAM_BACK/n008-2018-08-28-16-16-48-0400__CAM_BACK__1535488024687558.jpg", "samples/CAM_BACK_RIGHT/n008-2018-08-28-16-16-48-0400__CAM_BACK_RIGHT__1535488024678113.jpg"], "intrinsics": [[[1257.8625342125129, 0.0, 827.2410631095686], [0.0, 1257.8625342125129, 450.915498205774], [0.0, 0.0, 1.0]], [[1252.8131021185304, 0.0, 826.588114781398], [0.0, 1252.8131021185304, 469.9846626224581], [0.0, 0.0, 1.0]], [[1256.7485116440405, 0.0, 817.7887570959712], [0.0, 1256.7485116440403, 451.9541780095127], [0.0, 0.0, 1.0]], [[1254.9860565800168, 0.0, 829.5769333630991], [0.0, 1254.9860565800168, 467.1680561863987], [0.0, 0.0, 1.0]], [[796.8910634503094, 0.0, 857.7774326863696], [0.0, 796.8910634503094, 476.8848988407415], [0.0, 0.0, 1.0]], [[1249.9629280788233, 0.0, 825.3768045375984], [0.0, 1249.9629280788233, 462.54816385708756], [0.0, 0.0, 1.0]]], "extrinsics": [[[0.8214063048362732, -0.5695396661758423, -0.03026771917939186, -0.90447998046875], [-0.017871709540486336, 0.027340726926922798, -0.9994663596153259, 1.4860992431640625], [0.5700632929801941, 0.8215090036392212, 0.012279199436306953, -1.2645263671875], [0.0, 0.0, 0.0, 1.0]], [[0.008810962550342083, -0.9996867179870605, -0.023425905033946037, 0.0069580078125], [-0.01594574749469757, 0.023283371701836586, -0.9996017813682556, 1.4785499572753906], [0.9998339414596558, 0.009180977940559387, -0.015735603868961334, -1.6344833374023438], [0.0, 0.0, 0.0, 1.0]], [[-0.8445832133293152, -0.535423219203949, -0.0010863114148378372, 1.0257568359375], [-0.008002439513802528, 0.014651749283075333, -0.9998605847358704, 1.4924488067626953], [0.5353645086288452, -0.8444567918777466, -0.016659315675497055, -1.2359619140625], [0.0, 0.0, 0.0, 1.0]], [[0.9475519061088562, 0.31882742047309875, -0.022238949313759804, -1.14422607421875], [-0.03355908393859863, 0.03005577251315117, -0.998984694480896, 1.5620498657226562], [-0.31783527135849, 0.9473360776901245, 0.039178960025310516, -0.1558837890625], [0.0, 0.0, 0.0, 1.0]], [[0.009825102053582668, 0.9997062087059021, 0.022154608741402626, -0.028564453125], [-0.03134789317846298, 0.022452721372246742, -0.9992563128471375, 1.5671806335449219], [-0.9994602203369141, 0.0091232405975461, 0.0315592885017395, 0.01624298095703125], [0.0, 0.0, 0.0, 1.0]], [[-0.9232692122459412, 0.38334110379219055, 0.024968482553958893, 1.109619140625], [-0.02717425860464573, -0.0003388612240087241, -0.9996306300163269, 1.5463106632232666], [-0.3831910192966461, -0.9236067533493042, 0.01072987075895071, -0.064697265625], [0.0, 0.0, 0.0, 1.0]]], "view": [[0.0, -2.0, 100.0], [-2.0, 0.0, 100.0], [0.0, 0.0, 1.0]], "bev": "bev_e51849eaf8ad41bdae5fccabf1222c03.png", "aux": "aux_e51849eaf8ad41bdae5fccabf1222c03.npz", "visibility": "visibility_e51849eaf8ad41bdae5fccabf1222c03.png", "pose": [[-0.8659799098968506, -0.5000787377357483, 0.0, 720.1827392578125], [0.5000787377357483, -0.8659799098968506, 0.0, 1438.4727783203125], [0.0, 0.0, 1.0, 0.0], [0.0, 0.0, 0.0, 1.0]], "pose_inverse": [[-0.8659799098968506, 0.5000787377357483, 0.0, -95.68586730957031], [-0.5000787377357483, -0.8659799098968506, 0.0, 1605.836669921875], [0.0, 0.0, 1.0, 0.0], [0.0, 0.0, 0.0, 1.0]], "cam_ids": [0, 1, 2, 3, 4, 5], "cam_channels": ["CAM_FRONT_LEFT", "CAM_FRONT", "CAM_FRONT_RIGHT", "CAM_BACK_LEFT", "CAM_BACK", "CAM_BACK_RIGHT"], "token": "e51849eaf8ad41bdae5fccabf1222c03", "scene": "scene-0679"}, {"images": ["samples/CAM_FRONT_LEFT/n008-2018-08-28-16-16-48-0400__CAM_FRONT_LEFT__1535488025104799.jpg", "samples/CAM_FRONT/n008-2018-08-28-16-16-48-0400__CAM_FRONT__1535488025112404.jpg", "samples/CAM_FRONT_RIGHT/n008-2018-08-28-16-16-48-0400__CAM_FRONT_RIGHT__1535488025120482.jpg", "samples/CAM_BACK_LEFT/n008-2018-08-28-16-16-48-0400__CAM_BACK_LEFT__1535488025147405.jpg", "samples/CAM_BACK/n008-2018-08-28-16-16-48-0400__CAM_BACK__1535488025137558.jpg", "samples/CAM_BACK_RIGHT/n008-2018-08-28-16-16-48-0400__CAM_BACK_RIGHT__1535488025128113.jpg"], "intrinsics": [[[1257.8625342125129, 0.0, 827.2410631095686], [0.0, 1257.8625342125129, 450.915498205774], [0.0, 0.0, 1.0]], [[1252.8131021185304, 0.0, 826.588114781398], [0.0, 1252.8131021185304, 469.9846626224581], [0.0, 0.0, 1.0]], [[1256.7485116440405, 0.0, 817.7887570959712], [0.0, 1256.7485116440403, 451.9541780095127], [0.0, 0.0, 1.0]], [[1254.9860565800168, 0.0, 829.5769333630991], [0.0, 1254.9860565800168, 467.1680561863987], [0.0, 0.0, 1.0]], [[796.8910634503094, 0.0, 857.7774326863696], [0.0, 796.8910634503094, 476.8848988407415], [0.0, 0.0, 1.0]], [[1249.9629280788233, 0.0, 825.3768045375984], [0.0, 1249.9629280788233, 462.54816385708756], [0.0, 0.0, 1.0]]], "extrinsics": [[[0.8217195868492126, -0.5691407322883606, -0.02925519458949566, -0.90179443359375], [-0.01631753332912922, 0.027816567569971085, -0.9994798302650452, 1.4862403869628906], [0.5696584582328796, 0.8217695355415344, 0.013570443727076054, -1.2623291015625], [0.0, 0.0, 0.0, 1.0]], [[0.009229112416505814, -0.9996715784072876, -0.023907234892249107, 0.0067138671875], [-0.014443827793002129, 0.02377248741686344, -0.9996130466461182, 1.4786758422851562], [0.9998530745506287, 0.009570824913680553, -0.014219685457646847, -1.6321258544921875], [0.0, 0.0, 0.0, 1.0]], [[-0.8444271087646484, -0.5356640815734863, -0.002621349645778537, 1.02435302734375], [-0.006509034428745508, 0.015153898857533932, -0.9998639822006226, 1.4925575256347656], [0.5356309413909912, -0.8442952632904053, -0.01628301851451397, -1.2352294921875], [0.0, 0.0, 0.0, 1.0]], [[0.9475728869438171, 0.31887733936309814, -0.02056199498474598, -1.14556884765625], [-0.031968120485544205, 0.030576840043067932, -0.9990211129188538, 1.5621070861816406], [-0.3179364502429962, 0.9473025798797607, 0.039167698472738266, -0.1553955078125], [0.0, 0.0, 0.0, 1.0]], [[0.00966243539005518, 0.9996963739395142, 0.02266990952193737, -0.0286865234375], [-0.029851652681827545, 0.02294924482703209, -0.9992908239364624, 1.567230224609375], [-0.9995076060295105, 0.008978919126093388, 0.030064333230257034, 0.016357421875], [0.0, 0.0, 0.0, 1.0]], [[-0.9233828783035278, 0.38314616680145264, 0.02372761256992817, 1.10888671875], [-0.025619402527809143, 0.00016522742225788534, -0.9996717572212219, 1.5463764667510986], [-0.38302427530288696, -0.9236876964569092, 0.009663406759500504, -0.0650634765625], [0.0, 0.0, 0.0, 1.0]]], "view": [[0.0, -2.0, 100.0], [-2.0, 0.0, 100.0], [0.0, 0.0, 1.0]], "bev": "bev_7b3af3a4394c4270b11dc303bbe967e2.png", "aux": "aux_7b3af3a4394c4270b11dc303bbe967e2.npz", "visibility": "visibility_7b3af3a4394c4270b11dc303bbe967e2.png", "pose": [[-0.8708955645561218, -0.4914681315422058, 0.0, 719.0499267578125], [0.4914681315422058, -0.8708955645561218, 0.0, 1439.130859375], [0.0, 0.0, 1.0, 0.0], [0.0, 0.0, 0.0, 1.0]], "pose_inverse": [[-0.8708955645561218, 0.4914681315422058, 0.0, -81.06957244873047], [-0.4914681315422058, -0.8708955645561218, 0.0, 1606.7227783203125], [0.0, 0.0, 1.0, 0.0], [0.0, 0.0, 0.0, 1.0]], "cam_ids": [0, 1, 2, 3, 4, 5], "cam_channels": ["CAM_FRONT_LEFT", "CAM_FRONT", "CAM_FRONT_RIGHT", "CAM_BACK_LEFT", "CAM_BACK", "CAM_BACK_RIGHT"], "token": "7b3af3a4394c4270b11dc303bbe967e2", "scene": "scene-0679"}, {"images": ["samples/CAM_FRONT_LEFT/n008-2018-08-28-16-16-48-0400__CAM_FRONT_LEFT__1535488025654799.jpg", "samples/CAM_FRONT/n008-2018-08-28-16-16-48-0400__CAM_FRONT__1535488025662404.jpg", "samples/CAM_FRONT_RIGHT/n008-2018-08-28-16-16-48-0400__CAM_FRONT_RIGHT__1535488025670482.jpg", "samples/CAM_BACK_LEFT/n008-2018-08-28-16-16-48-0400__CAM_BACK_LEFT__1535488025697421.jpg", "samples/CAM_BACK/n008-2018-08-28-16-16-48-0400__CAM_BACK__1535488025687558.jpg", "samples/CAM_BACK_RIGHT/n008-2018-08-28-16-16-48-0400__CAM_BACK_RIGHT__1535488025678113.jpg"], "intrinsics": [[[1257.8625342125129, 0.0, 827.2410631095686], [0.0, 1257.8625342125129, 450.915498205774], [0.0, 0.0, 1.0]], [[1252.8131021185304, 0.0, 826.588114781398], [0.0, 1252.8131021185304, 469.9846626224581], [0.0, 0.0, 1.0]], [[1256.7485116440405, 0.0, 817.7887570959712], [0.0, 1256.7485116440403, 451.9541780095127], [0.0, 0.0, 1.0]], [[1254.9860565800168, 0.0, 829.5769333630991], [0.0, 1254.9860565800168, 467.1680561863987], [0.0, 0.0, 1.0]], [[796.8910634503094, 0.0, 857.7774326863696], [0.0, 796.8910634503094, 476.8848988407415], [0.0, 0.0, 1.0]], [[1249.9629280788233, 0.0, 825.3768045375984], [0.0, 1249.9629280788233, 462.54816385708756], [0.0, 0.0, 1.0]]], "extrinsics": [[[0.822150468826294, -0.5686456561088562, -0.026660138741135597, -0.88525390625], [-0.01138937845826149, 0.030392054468393326, -0.9994731545448303, 1.486602783203125], [0.569156289100647, 0.822020947933197, 0.018510321155190468, -1.252685546875], [0.0, 0.0, 0.0, 1.0]], [[0.009759590029716492, -0.9996036887168884, -0.02640298195183277, 0.0079345703125], [-0.009410752914845943, 0.026311252266168594, -0.9996094703674316, 1.4790115356445312], [0.9999080896377563, 0.010004223324358463, -0.009150237776339054, -1.6163711547851562], [0.0, 0.0, 0.0, 1.0]], [[-0.844248354434967, -0.5358876585960388, -0.008304353803396225, 1.0147705078125], [-0.0013627252774313092, 0.017640886828303337, -0.9998434782028198, 1.492929458618164], [0.5359503030776978, -0.8441049456596375, -0.01562355924397707, -1.2279052734375], [0.0, 0.0, 0.0, 1.0]], [[0.947702944278717, 0.31880345940589905, -0.014948931522667408, -1.14520263671875], [-0.026802852749824524, 0.03282788023352623, -0.9991015791893005, 1.5620803833007812], [-0.3180263340473175, 0.9472521543502808, 0.03965592384338379, -0.1556396484375], [0.0, 0.0, 0.0, 1.0]], [[0.00953157152980566, 0.9996399879455566, 0.025081446394324303, -0.0289306640625], [-0.024671874940395355, 0.025310048833489418, -0.9993751049041748, 1.5672569274902344], [-0.9996501207351685, 0.008906835690140724, 0.024904238060116768, 0.01207733154296875], [0.0, 0.0, 0.0, 1.0]], [[-0.923559308052063, 0.3829428255558014, 0.019822675734758377, 1.10076904296875], [-0.020391682162880898, 0.0025736461393535137, -0.999788761138916, 1.546492099761963], [-0.38291293382644653, -0.9237684607505798, 0.005431933328509331, -0.067626953125], [0.0, 0.0, 0.0, 1.0]]], "view": [[0.0, -2.0, 100.0], [-2.0, 0.0, 100.0], [0.0, 0.0, 1.0]], "bev": "bev_51a26d62298e4ddabdea4ff6b1048331.png", "aux": "aux_51a26d62298e4ddabdea4ff6b1048331.npz", "visibility": "visibility_51a26d62298e4ddabdea4ff6b1048331.png", "pose": [[-0.8744590282440186, -0.48509934544563293, 0.0, 717.5084228515625], [0.48509934544563293, -0.8744590282440186, 0.0, 1440.015380859375], [0.0, 0.0, 1.0, 0.0], [0.0, 0.0, 0.0, 1.0]], "pose_inverse": [[-0.8744590282440186, 0.48509934544563293, 0.0, -71.11875915527344], [-0.48509934544563293, -0.8744590282440186, 0.0, 1607.29736328125], [0.0, 0.0, 1.0, 0.0], [0.0, 0.0, 0.0, 1.0]], "cam_ids": [0, 1, 2, 3, 4, 5], "cam_channels": ["CAM_FRONT_LEFT", "CAM_FRONT", "CAM_FRONT_RIGHT", "CAM_BACK_LEFT", "CAM_BACK", "CAM_BACK_RIGHT"], "token": "51a26d62298e4ddabdea4ff6b1048331", "scene": "scene-0679"}, {"images": ["samples/CAM_FRONT_LEFT/n008-2018-08-28-16-16-48-0400__CAM_FRONT_LEFT__1535488026154799.jpg", "samples/CAM_FRONT/n008-2018-08-28-16-16-48-0400__CAM_FRONT__1535488026162404.jpg", "samples/CAM_FRONT_RIGHT/n008-2018-08-28-16-16-48-0400__CAM_FRONT_RIGHT__1535488026170482.jpg", "samples/CAM_BACK_LEFT/n008-2018-08-28-16-16-48-0400__CAM_BACK_LEFT__1535488026197619.jpg", "samples/CAM_BACK/n008-2018-08-28-16-16-48-0400__CAM_BACK__1535488026187558.jpg", "samples/CAM_BACK_RIGHT/n008-2018-08-28-16-16-48-0400__CAM_BACK_RIGHT__1535488026178113.jpg"], "intrinsics": [[[1257.8625342125129, 0.0, 827.2410631095686], [0.0, 1257.8625342125129, 450.915498205774], [0.0, 0.0, 1.0]], [[1252.8131021185304, 0.0, 826.588114781398], [0.0, 1252.8131021185304, 469.9846626224581], [0.0, 0.0, 1.0]], [[1256.7485116440405, 0.0, 817.7887570959712], [0.0, 1256.7485116440403, 451.9541780095127], [0.0, 0.0, 1.0]], [[1254.9860565800168, 0.0, 829.5769333630991], [0.0, 1254.9860565800168, 467.1680561863987], [0.0, 0.0, 1.0]], [[796.8910634503094, 0.0, 857.7774326863696], [0.0, 796.8910634503094, 476.8848988407415], [0.0, 0.0, 1.0]], [[1249.9629280788233, 0.0, 825.3768045375984], [0.0, 1249.9629280788233, 462.54816385708756], [0.0, 0.0, 1.0]]], "extrinsics": [[[0.822166919708252, -0.5684190988540649, -0.030681967735290527, -0.88092041015625], [-0.014182982966303825, 0.03342772275209427, -0.9993404746055603, 1.4861106872558594], [0.5690698027610779, 0.8220598697662354, 0.0194212906062603, -1.2498779296875], [0.0, 0.0, 0.0, 1.0]], [[0.009818347170948982, -0.9995175004005432, -0.029467599466443062, 0.0081787109375], [-0.012236918322741985, 0.029346713796257973, -0.9994943737983704, 1.4786148071289062], [0.9998769164085388, 0.0101740388199687, -0.011942876502871513, -1.612213134765625], [0.0, 0.0, 0.0, 1.0]], [[-0.8442100286483765, -0.5359601378440857, -0.007498131133615971, 1.011962890625], [-0.004255831707268953, 0.02069048583507538, -0.9997768402099609, 1.492645263671875], [0.5359956622123718, -0.8439897894859314, -0.01974807307124138, -1.22607421875], [0.0, 0.0, 0.0, 1.0]], [[0.9476486444473267, 0.318874716758728, -0.016765935346484184, -1.148895263671875], [-0.029786555096507072, 0.03600022941827774, -0.998907744884491, 1.5622062683105469], [-0.3179229199886322, 0.9471129775047302, 0.043613746762275696, -0.1544189453125], [0.0, 0.0, 0.0, 1.0]], [[0.009551242925226688, 0.9995576739311218, 0.02816632203757763, -0.02880859375], [-0.027625560760498047, 0.028420621529221535, -0.999214231967926, 1.5671577453613281], [-0.99957275390625, 0.008765625767409801, 0.027884792536497116, 0.0120697021484375], [0.0, 0.0, 0.0, 1.0]], [[-0.9235286712646484, 0.38279086351394653, 0.023786546662449837, 1.09857177734375], [-0.023402437567710876, 0.005660603754222393, -0.9997100830078125, 1.5462408065795898], [-0.3828144967556, -0.9238176941871643, 0.0037305112928152084, -0.0684814453125], [0.0, 0.0, 0.0, 1.0]]], "view": [[0.0, -2.0, 100.0], [-2.0, 0.0, 100.0], [0.0, 0.0, 1.0]], "bev": "bev_74bc3f39676a4a19a0442682ff82f01b.png", "aux": "aux_74bc3f39676a4a19a0442682ff82f01b.npz", "visibility": "visibility_74bc3f39676a4a19a0442682ff82f01b.png", "pose": [[-0.8760719895362854, -0.4821803569793701, 0.0, 716.0193481445312], [0.4821803569793701, -0.8760719895362854, 0.0, 1440.8599853515625], [0.0, 0.0, 1.0, 0.0], [0.0, 0.0, 0.0, 1.0]], "pose_inverse": [[-0.8760719895362854, 0.4821803569793701, 0.0, -67.46990203857422], [-0.4821803569793701, -0.8760719895362854, 0.0, 1607.5474853515625], [0.0, 0.0, 1.0, 0.0], [0.0, 0.0, 0.0, 1.0]], "cam_ids": [0, 1, 2, 3, 4, 5], "cam_channels": ["CAM_FRONT_LEFT", "CAM_FRONT", "CAM_FRONT_RIGHT", "CAM_BACK_LEFT", "CAM_BACK", "CAM_BACK_RIGHT"], "token": "74bc3f39676a4a19a0442682ff82f01b", "scene": "scene-0679"}, {"images": ["samples/CAM_FRONT_LEFT/n008-2018-08-28-16-16-48-0400__CAM_FRONT_LEFT__1535488026654799.jpg", "samples/CAM_FRONT/n008-2018-08-28-16-16-48-0400__CAM_FRONT__1535488026662404.jpg", "samples/CAM_FRONT_RIGHT/n008-2018-08-28-16-16-48-0400__CAM_FRONT_RIGHT__1535488026670482.jpg", "samples/CAM_BACK_LEFT/n008-2018-08-28-16-16-48-0400__CAM_BACK_LEFT__1535488026697405.jpg", "samples/CAM_BACK/n008-2018-08-28-16-16-48-0400__CAM_BACK__1535488026687558.jpg", "samples/CAM_BACK_RIGHT/n008-2018-08-28-16-16-48-0400__CAM_BACK_RIGHT__1535488026678113.jpg"], "intrinsics": [[[1257.8625342125129, 0.0, 827.2410631095686], [0.0, 1257.8625342125129, 450.915498205774], [0.0, 0.0, 1.0]], [[1252.8131021185304, 0.0, 826.588114781398], [0.0, 1252.8131021185304, 469.9846626224581], [0.0, 0.0, 1.0]], [[1256.7485116440405, 0.0, 817.7887570959712], [0.0, 1256.7485116440403, 451.9541780095127], [0.0, 0.0, 1.0]], [[1254.9860565800168, 0.0, 829.5769333630991], [0.0, 1254.9860565800168, 467.1680561863987], [0.0, 0.0, 1.0]], [[796.8910634503094, 0.0, 857.7774326863696], [0.0, 796.8910634503094, 476.8848988407415], [0.0, 0.0, 1.0]], [[1249.9629280788233, 0.0, 825.3768045375984], [0.0, 1249.9629280788233, 462.54816385708756], [0.0, 0.0, 1.0]]], "extrinsics": [[[0.8218374848365784, -0.5686021447181702, -0.03570321202278137, -0.8873291015625], [-0.020352380350232124, 0.03332669287919998, -0.9992372393608093, 1.4853515625], [0.5693583488464355, 0.8219372630119324, 0.015816714614629745, -1.25341796875], [0.0, 0.0, 0.0, 1.0]], [[0.009488928131759167, -0.9995202422142029, -0.029483694583177567, 0.0074462890625], [-0.018549947068095207, 0.02930399589240551, -0.999398410320282, 1.47796630859375], [0.999782919883728, 0.010030181147158146, -0.01826298236846924, -1.6177253723144531], [0.0, 0.0, 0.0, 1.0]], [[-0.8442807197570801, -0.535897433757782, -0.002051168354228139, 1.01507568359375], [-0.010741515085101128, 0.02074924111366272, -0.9997270107269287, 1.4920883178710938], [0.535793662071228, -0.844028115272522, -0.023274533450603485, -1.228515625], [0.0, 0.0, 0.0, 1.0]], [[0.947441577911377, 0.3190793991088867, -0.02329946681857109, -1.14569091796875], [-0.03690468147397041, 0.03665892034769058, -0.9986461400985718, 1.562103271484375], [-0.31779325008392334, 0.9470187425613403, 0.04650770500302315, -0.1556396484375], [0.0, 0.0, 0.0, 1.0]], [[0.009654821828007698, 0.9995478391647339, 0.028478141874074936, -0.02880859375], [-0.03446067124605179, 0.028795143589377403, -0.9989911317825317, 1.5669441223144531], [-0.9993594288825989, 0.008663704618811607, 0.03472309932112694, 0.011962890625], [0.0, 0.0, 0.0, 1.0]], [[-0.9233465194702148, 0.38279443979263306, 0.029991434887051582, 1.1007080078125], [-0.030039548873901367, 0.00585293211042881, -0.9995315670967102, 1.5458669662475586], [-0.38279059529304504, -0.9238149523735046, 0.00609468761831522, -0.0679931640625], [0.0, 0.0, 0.0, 1.0]]], "view": [[0.0, -2.0, 100.0], [-2.0, 0.0, 100.0], [0.0, 0.0, 1.0]], "bev": "bev_c84620ada6ea43febe59c4679f007f7b.png", "aux": "aux_c84620ada6ea43febe59c4679f007f7b.npz", "visibility": "visibility_c84620ada6ea43febe59c4679f007f7b.png", "pose": [[-0.8780083060264587, -0.478645384311676, 0.0, 714.472412109375], [0.478645384311676, -0.8780083060264587, 0.0, 1441.731689453125], [0.0, 0.0, 1.0, 0.0], [0.0, 0.0, 0.0, 1.0]], "pose_inverse": [[-0.8780083060264587, 0.478645384311676, 0.0, -62.765506744384766], [-0.478645384311676, -0.8780083060264587, 0.0, 1607.831298828125], [0.0, 0.0, 1.0, 0.0], [0.0, 0.0, 0.0, 1.0]], "cam_ids": [0, 1, 2, 3, 4, 5], "cam_channels": ["CAM_FRONT_LEFT", "CAM_FRONT", "CAM_FRONT_RIGHT", "CAM_BACK_LEFT", "CAM_BACK", "CAM_BACK_RIGHT"], "token": "c84620ada6ea43febe59c4679f007f7b", "scene": "scene-0679"}, {"images": ["samples/CAM_FRONT_LEFT/n008-2018-08-28-16-16-48-0400__CAM_FRONT_LEFT__1535488027154799.jpg", "samples/CAM_FRONT/n008-2018-08-28-16-16-48-0400__CAM_FRONT__1535488027162404.jpg", "samples/CAM_FRONT_RIGHT/n008-2018-08-28-16-16-48-0400__CAM_FRONT_RIGHT__1535488027170482.jpg", "samples/CAM_BACK_LEFT/n008-2018-08-28-16-16-48-0400__CAM_BACK_LEFT__1535488027197405.jpg", "samples/CAM_BACK/n008-2018-08-28-16-16-48-0400__CAM_BACK__1535488027187558.jpg", "samples/CAM_BACK_RIGHT/n008-2018-08-28-16-16-48-0400__CAM_BACK_RIGHT__1535488027178113.jpg"], "intrinsics": [[[1257.8625342125129, 0.0, 827.2410631095686], [0.0, 1257.8625342125129, 450.915498205774], [0.0, 0.0, 1.0]], [[1252.8131021185304, 0.0, 826.588114781398], [0.0, 1252.8131021185304, 469.9846626224581], [0.0, 0.0, 1.0]], [[1256.7485116440405, 0.0, 817.7887570959712], [0.0, 1256.7485116440403, 451.9541780095127], [0.0, 0.0, 1.0]], [[1254.9860565800168, 0.0, 829.5769333630991], [0.0, 1254.9860565800168, 467.1680561863987], [0.0, 0.0, 1.0]], [[796.8910634503094, 0.0, 857.7774326863696], [0.0, 796.8910634503094, 476.8848988407415], [0.0, 0.0, 1.0]], [[1249.9629280788233, 0.0, 825.3768045375984], [0.0, 1249.9629280788233, 462.54816385708756], [0.0, 0.0, 1.0]]], "extrinsics": [[[0.8222541213035583, -0.5682841539382935, -0.030842844396829605, -0.88311767578125], [-0.019723407924175262, 0.025707198306918144, -0.9994749426841736, 1.4853630065917969], [0.5687786936759949, 0.8224307298660278, 0.009929351508617401, -1.25], [0.0, 0.0, 0.0, 1.0]], [[0.01013548020273447, -0.9997039437294006, -0.022117819637060165, 0.00732421875], [-0.01745041087269783, 0.021938754245638847, -0.9996070265769958, 1.4780006408691406], [0.9997963309288025, 0.010517477057874203, -0.01722288504242897, -1.6116218566894531], [0.0, 0.0, 0.0, 1.0]], [[-0.8440243601799011, -0.5363045334815979, 0.00034232958569191396, 1.0113525390625], [-0.009083476848900318, 0.013657147996127605, -0.9998654127120972, 1.4922122955322266], [0.5362277626991272, -0.8439140319824219, -0.016398480162024498, -1.2266845703125], [0.0, 0.0, 0.0, 1.0]], [[0.9475468397140503, 0.31886711716651917, -0.02188257686793804, -1.145782470703125], [-0.0332622304558754, 0.030285650864243507, -0.9989876747131348, 1.5621070861816406], [-0.31788164377212524, 0.9473154544830322, 0.03930330276489258, -0.155517578125], [0.0, 0.0, 0.0, 1.0]], [[0.00943682063370943, 0.9997147917747498, 0.021940790116786957, -0.0286865234375], [-0.031582292169332504, 0.022228797897696495, -0.9992539286613464, 1.5670166015625], [-0.9994566440582275, 0.0087368069216609, 0.031783055514097214, 0.01125335693359375], [0.0, 0.0, 0.0, 1.0]], [[-0.923539400100708, 0.38266900181770325, 0.02528287284076214, 1.098876953125], [-0.027779828757047653, -0.0009999905014410615, -0.9996135234832764, 1.5459531545639038], [-0.3824959397315979, -0.923884928226471, 0.011554012075066566, -0.0689697265625], [0.0, 0.0, 0.0, 1.0]]], "view": [[0.0, -2.0, 100.0], [-2.0, 0.0, 100.0], [0.0, 0.0, 1.0]], "bev": "bev_011b8e758330400dbdf16d55c8a3571a.png", "aux": "aux_011b8e758330400dbdf16d55c8a3571a.npz", "visibility": "visibility_011b8e758330400dbdf16d55c8a3571a.png", "pose": [[-0.8795724511146545, -0.4757649600505829, 0.0, 713.0343017578125], [0.4757649600505829, -0.8795724511146545, 0.0, 1442.5302734375], [0.0, 0.0, 1.0, 0.0], [0.0, 0.0, 0.0, 1.0]], "pose_inverse": [[-0.8795724511146545, 0.4757649600505829, 0.0, -59.140010833740234], [-0.4757649600505829, -0.8795724511146545, 0.0, 1608.046630859375], [0.0, 0.0, 1.0, 0.0], [0.0, 0.0, 0.0, 1.0]], "cam_ids": [0, 1, 2, 3, 4, 5], "cam_channels": ["CAM_FRONT_LEFT", "CAM_FRONT", "CAM_FRONT_RIGHT", "CAM_BACK_LEFT", "CAM_BACK", "CAM_BACK_RIGHT"], "token": "011b8e758330400dbdf16d55c8a3571a", "scene": "scene-0679"}, {"images": ["samples/CAM_FRONT_LEFT/n008-2018-08-28-16-16-48-0400__CAM_FRONT_LEFT__1535488027654799.jpg", "samples/CAM_FRONT/n008-2018-08-28-16-16-48-0400__CAM_FRONT__1535488027662404.jpg", "samples/CAM_FRONT_RIGHT/n008-2018-08-28-16-16-48-0400__CAM_FRONT_RIGHT__1535488027670482.jpg", "samples/CAM_BACK_LEFT/n008-2018-08-28-16-16-48-0400__CAM_BACK_LEFT__1535488027697405.jpg", "samples/CAM_BACK/n008-2018-08-28-16-16-48-0400__CAM_BACK__1535488027687558.jpg", "samples/CAM_BACK_RIGHT/n008-2018-08-28-16-16-48-0400__CAM_BACK_RIGHT__1535488027678113.jpg"], "intrinsics": [[[1257.8625342125129, 0.0, 827.2410631095686], [0.0, 1257.8625342125129, 450.915498205774], [0.0, 0.0, 1.0]], [[1252.8131021185304, 0.0, 826.588114781398], [0.0, 1252.8131021185304, 469.9846626224581], [0.0, 0.0, 1.0]], [[1256.7485116440405, 0.0, 817.7887570959712], [0.0, 1256.7485116440403, 451.9541780095127], [0.0, 0.0, 1.0]], [[1254.9860565800168, 0.0, 829.5769333630991], [0.0, 1254.9860565800168, 467.1680561863987], [0.0, 0.0, 1.0]], [[796.8910634503094, 0.0, 857.7774326863696], [0.0, 796.8910634503094, 476.8848988407415], [0.0, 0.0, 1.0]], [[1249.9629280788233, 0.0, 825.3768045375984], [0.0, 1249.9629280788233, 462.54816385708756], [0.0, 0.0, 1.0]]], "extrinsics": [[[0.822822630405426, -0.5678134560585022, -0.023469865322113037, -0.88873291015625], [-0.004597460851073265, 0.03464629501104355, -0.9993890523910522, 1.4875831604003906], [0.5682797431945801, 0.8224278092384338, 0.025897251442074776, -1.2552490234375], [0.0, 0.0, 0.0, 1.0]], [[0.010683097876608372, -0.9994884133338928, -0.030143573880195618, 0.008056640625], [-0.00260258000344038, 0.030117399990558624, -0.9995430111885071, 1.4798202514648438], [0.9999395608901978, 0.01075671799480915, -0.0022795002441853285, -1.6199913024902344], [0.0, 0.0, 0.0, 1.0]], [[-0.8438820838928223, -0.5362969040870667, -0.01576717011630535, 1.01702880859375], [0.005336156114935875, 0.020996544510126114, -0.9997652769088745, 1.4935226440429688], [0.5365021228790283, -0.8437681794166565, -0.014856847003102303, -1.229736328125], [0.0, 0.0, 0.0, 1.0]], [[0.9478012919425964, 0.3187424838542938, -0.008721604943275452, -1.144775390625], [-0.020901162177324295, 0.034810975193977356, -0.9991753101348877, 1.5620460510253906], [-0.3181760013103485, 0.9472019076347351, 0.03965597599744797, -0.15625], [0.0, 0.0, 0.0, 1.0]], [[0.009237493388354778, 0.9995771646499634, 0.027569595724344254, -0.0289306640625], [-0.018425730988383293, 0.0277362409979105, -0.999445438