[{"images": ["samples/CAM_FRONT_LEFT/n008-2018-07-26-12-13-50-0400__CAM_FRONT_LEFT__1532622061604799.jpg", "samples/CAM_FRONT/n008-2018-07-26-12-13-50-0400__CAM_FRONT__1532622061612404.jpg", "samples/CAM_FRONT_RIGHT/n008-2018-07-26-12-13-50-0400__CAM_FRONT_RIGHT__1532622061620482.jpg", "samples/CAM_BACK_LEFT/n008-2018-07-26-12-13-50-0400__CAM_BACK_LEFT__1532622061647405.jpg", "samples/CAM_BACK/n008-2018-07-26-12-13-50-0400__CAM_BACK__1532622061637558.jpg", "samples/CAM_BACK_RIGHT/n008-2018-07-26-12-13-50-0400__CAM_BACK_RIGHT__1532622061628113.jpg"], "intrinsics": [[[1257.8625342125129, 0.0, 827.2410631095686], [0.0, 1257.8625342125129, 450.915498205774], [0.0, 0.0, 1.0]], [[1252.8131021185304, 0.0, 826.588114781398], [0.0, 1252.8131021185304, 469.9846626224581], [0.0, 0.0, 1.0]], [[1256.7485116440405, 0.0, 817.7887570959712], [0.0, 1256.7485116440403, 451.9541780095127], [0.0, 0.0, 1.0]], [[1254.9860565800168, 0.0, 829.5769333630991], [0.0, 1254.9860565800168, 467.1680561863987], [0.0, 0.0, 1.0]], [[796.8910634503094, 0.0, 857.7774326863696], [0.0, 796.8910634503094, 476.8848988407415], [0.0, 0.0, 1.0]], [[1249.9629280788233, 0.0, 825.3768045375984], [0.0, 1249.9629280788233, 462.54816385708756], [0.0, 0.0, 1.0]]], "extrinsics": [[[0.8223763704299927, -0.568943977355957, -0.00023156192037276924, -0.7384033203125], [0.006820755545049906, 0.010265992023050785, -0.9999240040779114, 1.490485429763794], [0.5689030885696411, 0.8223122954368591, 0.012323134578764439, -1.15045166015625], [0.0, 0.0, 0.0, 1.0]], [[0.010025774128735065, -0.9999318718910217, -0.005988285876810551, 0.00909423828125], [0.00872709508985281, 0.006075856741517782, -0.9999434947967529, 1.4824943542480469], [0.9999117255210876, 0.009972909465432167, 0.00878741405904293, -1.4671630859375], [0.0, 0.0, 0.0, 1.0]], [[-0.8440691828727722, -0.5360850691795349, -0.012649904936552048, 0.9154052734375], [0.01669703610241413, -0.002696135314181447, -0.9998569488525391, 1.4965496063232422], [0.5359743237495422, -0.844159722328186, 0.011226754635572433, -1.165283203125], [0.0, 0.0, 0.0, 1.0]], [[0.9478820562362671, 0.3185916244983673, -0.0043832892552018166, -1.1341552734375], [-0.008743294514715672, 0.012256501242518425, -0.999886691570282, 1.5619525909423828], [-0.31850171089172363, 0.9478127956390381, 0.014403257519006729, -0.1593017578125], [0.0, 0.0, 0.0, 1.0]], [[0.009273580275475979, 0.9999456405639648, 0.004760246258229017, -0.0284423828125], [-0.006615842692553997, 0.004821701906621456, -0.9999664425849915, 1.5675125122070312], [-0.9999350905418396, 0.009241832420229912, 0.006660196930170059, -0.038330078125], [0.0, 0.0, 0.0, 1.0]], [[-0.9236904382705688, 0.3831120431423187, -0.004607837647199631, 1.0198974609375], [-0.002401200821623206, -0.01781478524208069, -0.9998384118080139, 1.547454833984375], [-0.3831322491168976, -0.9235300421714783, 0.017375273630023003, -0.1015625], [0.0, 0.0, 0.0, 1.0]]], "view": [[0.0, -2.0, 100.0], [-2.0, 0.0, 100.0], [0.0, 0.0, 1.0]], "bev": "bev_f703bc992d3442168969412e659b5768.png", "aux": "aux_f703bc992d3442168969412e659b5768.npz", "visibility": "visibility_f703bc992d3442168969412e659b5768.png", "pose": [[0.537216305732727, -0.8434445261955261, 0.0, 1745.5069580078125], [0.8434445261955261, 0.537216305732727, 0.0, 905.9102783203125], [0.0, 0.0, 1.0, 0.0], [0.0, 0.0, 0.0, 1.0]], "pose_inverse": [[0.537216305732727, 0.8434445261955261, 0.0, -1701.7998046875], [-0.8434445261955261, 0.537216305732727, 0.0, 985.5684814453125], [0.0, 0.0, 1.0, 0.0], [0.0, 0.0, 0.0, 1.0]], "cam_ids": [0, 1, 2, 3, 4, 5], "cam_channels": ["CAM_FRONT_LEFT", "CAM_FRONT", "CAM_FRONT_RIGHT", "CAM_BACK_LEFT", "CAM_BACK", "CAM_BACK_RIGHT"], "token": "f703bc992d3442168969412e659b5768", "scene": "scene-0212"}, {"images": ["samples/CAM_FRONT_LEFT/n008-2018-07-26-12-13-50-0400__CAM_FRONT_LEFT__1532622062104799.jpg", "samples/CAM_FRONT/n008-2018-07-26-12-13-50-0400__CAM_FRONT__1532622062112404.jpg", "samples/CAM_FRONT_RIGHT/n008-2018-07-26-12-13-50-0400__CAM_FRONT_RIGHT__1532622062120482.jpg", "samples/CAM_BACK_LEFT/n008-2018-07-26-12-13-50-0400__CAM_BACK_LEFT__1532622062147405.jpg", "samples/CAM_BACK/n008-2018-07-26-12-13-50-0400__CAM_BACK__1532622062137558.jpg", "samples/CAM_BACK_RIGHT/n008-2018-07-26-12-13-50-0400__CAM_BACK_RIGHT__1532622062128113.jpg"], "intrinsics": [[[1257.8625342125129, 0.0, 827.2410631095686], [0.0, 1257.8625342125129, 450.915498205774], [0.0, 0.0, 1.0]], [[1252.8131021185304, 0.0, 826.588114781398], [0.0, 1252.8131021185304, 469.9846626224581], [0.0, 0.0, 1.0]], [[1256.7485116440405, 0.0, 817.7887570959712], [0.0, 1256.7485116440403, 451.9541780095127], [0.0, 0.0, 1.0]], [[1254.9860565800168, 0.0, 829.5769333630991], [0.0, 1254.9860565800168, 467.1680561863987], [0.0, 0.0, 1.0]], [[796.8910634503094, 0.0, 857.7774326863696], [0.0, 796.8910634503094, 476.8848988407415], [0.0, 0.0, 1.0]], [[1249.9629280788233, 0.0, 825.3768045375984], [0.0, 1249.9629280788233, 462.54816385708756], [0.0, 0.0, 1.0]]], "extrinsics": [[[0.8232813477516174, -0.5676284432411194, 0.0024040681309998035, -0.722900390625], [0.008739310316741467, 0.008440416306257248, -0.9999261498451233, 1.491312026977539], [0.5675662755966187, 0.8232415914535522, 0.011909517459571362, -1.137115478515625], [0.0, 0.0, 0.0, 1.0]], [[0.011333336122334003, -0.9999265670776367, -0.004268384072929621, 0.00714111328125], [0.010606582276523113, 0.004388632718473673, -0.9999340772628784, 1.4831838607788086], [0.9998794794082642, 0.011287398636341095, 0.010655542835593224, -1.45068359375], [0.0, 0.0, 0.0, 1.0]], [[-0.8435179591178894, -0.5369345545768738, -0.013366076163947582, 0.90362548828125], [0.01853649504482746, -0.004231814760714769, -0.9998191595077515, 1.4971656799316406], [0.5367809534072876, -0.8436132669448853, 0.0135224973782897, -1.159912109375], [0.0, 0.0, 0.0, 1.0]], [[0.9478731751441956, 0.31863272190093994, -0.003092741360887885, -1.1380615234375], [-0.007041684817522764, 0.011242267675697803, -0.9999119639396667, 1.5619983673095703], [-0.31856998801231384, 0.9478115439414978, 0.012899954803287983, -0.158203125], [0.0, 0.0, 0.0, 1.0]], [[0.008893044665455818, 0.9999541640281677, 0.003533338662236929, -0.02764892578125], [-0.0048505146987736225, 0.003576573682948947, -0.9999817609786987, 1.5676498413085938], [-0.9999486804008484, 0.008875680156052113, 0.004882099572569132, -0.0406494140625], [0.0, 0.0, 0.0, 1.0]], [[-0.9239466190338135, 0.3824596703052521, -0.006860874593257904, 1.012451171875], [-0.0005403992254287004, -0.01924099028110504, -0.9998147487640381, 1.5477066040039062], [-0.3825208842754364, -0.9237717986106873, 0.017984330654144287, -0.1060791015625], [0.0, 0.0, 0.0, 1.0]]], "view": [[0.0, -2.0, 100.0], [-2.0, 0.0, 100.0], [0.0, 0.0, 1.0]], "bev": "bev_1544df076ce1455ba9ff68178d83096e.png", "aux": "aux_1544df076ce1455ba9ff68178d83096e.npz", "visibility": "visibility_1544df076ce1455ba9ff68178d83096e.png", "pose": [[0.5492150783538818, -0.8356810212135315, 0.0, 1747.5836181640625], [0.8356810212135315, 0.5492150783538818, 0.0, 909.107666015625], [0.0, 0.0, 1.0, 0.0], [0.0, 0.0, 0.0, 1.0]], "pose_inverse": [[0.5492150783538818, 0.8356810212135315, 0.0, -1719.5233154296875], [-0.8356810212135315, 0.5492150783538818, 0.0, 961.1268920898438], [0.0, 0.0, 1.0, 0.0], [0.0, 0.0, 0.0, 1.0]], "cam_ids": [0, 1, 2, 3, 4, 5], "cam_channels": ["CAM_FRONT_LEFT", "CAM_FRONT", "CAM_FRONT_RIGHT", "CAM_BACK_LEFT", "CAM_BACK", "CAM_BACK_RIGHT"], "token": "1544df076ce1455ba9ff68178d83096e", "scene": "scene-0212"}, {"images": ["samples/CAM_FRONT_LEFT/n008-2018-07-26-12-13-50-0400__CAM_FRONT_LEFT__1532622062604799.jpg", "samples/CAM_FRONT/n008-2018-07-26-12-13-50-0400__CAM_FRONT__1532622062612404.jpg", "samples/CAM_FRONT_RIGHT/n008-2018-07-26-12-13-50-0400__CAM_FRONT_RIGHT__1532622062620482.jpg", "samples/CAM_BACK_LEFT/n008-2018-07-26-12-13-50-0400__CAM_BACK_LEFT__1532622062647405.jpg", "samples/CAM_BACK/n008-2018-07-26-12-13-50-0400__CAM_BACK__1532622062637558.jpg", "samples/CAM_BACK_RIGHT/n008-2018-07-26-12-13-50-0400__CAM_BACK_RIGHT__1532622062628113.jpg"], "intrinsics": [[[1257.8625342125129, 0.0, 827.2410631095686], [0.0, 1257.8625342125129, 450.915498205774], [0.0, 0.0, 1.0]], [[1252.8131021185304, 0.0, 826.588114781398], [0.0, 1252.8131021185304, 469.9846626224581], [0.0, 0.0, 1.0]], [[1256.7485116440405, 0.0, 817.7887570959712], [0.0, 1256.7485116440403, 451.9541780095127], [0.0, 0.0, 1.0]], [[1254.9860565800168, 0.0, 829.5769333630991], [0.0, 1254.9860565800168, 467.1680561863987], [0.0, 0.0, 1.0]], [[796.8910634503094, 0.0, 857.7774326863696], [0.0, 796.8910634503094, 476.8848988407415], [0.0, 0.0, 1.0]], [[1249.9629280788233, 0.0, 825.3768045375984], [0.0, 1249.9629280788233, 462.54816385708756], [0.0, 0.0, 1.0]]], "extrinsics": [[[0.8229629397392273, -0.568079948425293, -0.004156154114753008, -0.708740234375], [0.006421840749680996, 0.016618140041828156, -0.9998412728309631, 1.490556240081787], [0.5680587887763977, 0.822805643081665, 0.017324231564998627, -1.13165283203125], [0.0, 0.0, 0.0, 1.0]], [[0.010926629416644573, -0.9998620748519897, -0.012511108070611954, 0.01055908203125], [0.008386555127799511, 0.012603051029145718, -0.9998853802680969, 1.4826174974441528], [0.9999051690101624, 0.010820533148944378, 0.008523107506334782, -1.4395751953125], [0.0, 0.0, 0.0, 1.0]], [[-0.8436607718467712, -0.5366377234458923, -0.016013266518712044, 0.89923095703125], [0.016420796513557434, 0.004020205698907375, -0.9998570680618286, 1.4968070983886719], [0.5366253852844238, -0.8438031673431396, 0.005420328583568335, -1.154052734375], [0.0, 0.0, 0.0, 1.0]], [[0.9478729367256165, 0.3186420798301697, -0.002018396044149995, -1.13916015625], [-0.008694061078131199, 0.01952952891588211, -0.9997714757919312, 1.5620002746582031], [-0.3185299038887024, 0.9476738572120667, 0.021281806752085686, -0.1578369140625], [0.0, 0.0, 0.0, 1.0]], [[0.008961986750364304, 0.999890148639679, 0.011811786331236362, -0.02880859375], [-0.006726315710693598, 0.011872272938489914, -0.9999068975448608, 1.567474365234375], [-0.9999371767044067, 0.008881702087819576, 0.006831975653767586, -0.0419921875], [0.0, 0.0, 0.0, 1.0]], [[-0.9239200353622437, 0.38258102536201477, -0.0018622985808178782, 1.0079345703125], [-0.002530381316319108, -0.010978199541568756, -0.9999365210533142, 1.5474066734313965], [-0.38257715106010437, -0.9238566756248474, 0.011111054569482803, -0.1057586669921875], [0.0, 0.0, 0.0, 1.0]]], "view": [[0.0, -2.0, 100.0], [-2.0, 0.0, 100.0], [0.0, 0.0, 1.0]], "bev": "bev_2981b1e824124f5a8b23a82b048bac1a.png", "aux": "aux_2981b1e824124f5a8b23a82b048bac1a.npz", "visibility": "visibility_2981b1e824124f5a8b23a82b048bac1a.png", "pose": [[0.5634884238243103, -0.8261239528656006, 0.0, 1749.84716796875], [0.8261239528656006, 0.5634884238243103, 0.0, 912.4423828125], [0.0, 0.0, 1.0, 0.0], [0.0, 0.0, 0.0, 1.0]], "pose_inverse": [[0.5634884238243103, 0.8261239528656006, 0.0, -1739.80908203125], [-0.8261239528656006, 0.5634884238243103, 0.0, 931.4400024414062], [0.0, 0.0, 1.0, 0.0], [0.0, 0.0, 0.0, 1.0]], "cam_ids": [0, 1, 2, 3, 4, 5], "cam_channels": ["CAM_FRONT_LEFT", "CAM_FRONT", "CAM_FRONT_RIGHT", "CAM_BACK_LEFT", "CAM_BACK", "CAM_BACK_RIGHT"], "token": "2981b1e824124f5a8b23a82b048bac1a", "scene": "scene-0212"}, {"images": ["samples/CAM_FRONT_LEFT/n008-2018-07-26-12-13-50-0400__CAM_FRONT_LEFT__1532622063104799.jpg", "samples/CAM_FRONT/n008-2018-07-26-12-13-50-0400__CAM_FRONT__1532622063112404.jpg", "samples/CAM_FRONT_RIGHT/n008-2018-07-26-12-13-50-0400__CAM_FRONT_RIGHT__1532622063120482.jpg", "samples/CAM_BACK_LEFT/n008-2018-07-26-12-13-50-0400__CAM_BACK_LEFT__1532622063147405.jpg", "samples/CAM_BACK/n008-2018-07-26-12-13-50-0400__CAM_BACK__1532622063137558.jpg", "samples/CAM_BACK_RIGHT/n008-2018-07-26-12-13-50-0400__CAM_BACK_RIGHT__1532622063128113.jpg"], "intrinsics": [[[1257.8625342125129, 0.0, 827.2410631095686], [0.0, 1257.8625342125129, 450.915498205774], [0.0, 0.0, 1.0]], [[1252.8131021185304, 0.0, 826.588114781398], [0.0, 1252.8131021185304, 469.9846626224581], [0.0, 0.0, 1.0]], [[1256.7485116440405, 0.0, 817.7887570959712], [0.0, 1256.7485116440403, 451.9541780095127], [0.0, 0.0, 1.0]], [[1254.9860565800168, 0.0, 829.5769333630991], [0.0, 1254.9860565800168, 467.1680561863987], [0.0, 0.0, 1.0]], [[796.8910634503094, 0.0, 857.7774326863696], [0.0, 796.8910634503094, 476.8848988407415], [0.0, 0.0, 1.0]], [[1249.9629280788233, 0.0, 825.3768045375984], [0.0, 1249.9629280788233, 462.54816385708756], [0.0, 0.0, 1.0]]], "extrinsics": [[[0.8232532739639282, -0.5676448345184326, -0.005774987395852804, -0.6910400390625], [0.00609636539593339, 0.019013099372386932, -0.9998006224632263, 1.4905219078063965], [0.5676414966583252, 0.8230539560317993, 0.019113166257739067, -1.12200927734375], [0.0, 0.0, 0.0, 1.0]], [[0.011298015713691711, -0.999828577041626, -0.014666236005723476, 0.012451171875], [0.00809651892632246, 0.014758163131773472, -0.9998583197593689, 1.4826374053955078], [0.9999033808708191, 0.011177640408277512, 0.008261867798864841, -1.423095703125], [0.0, 0.0, 0.0, 1.0]], [[-0.8435423374176025, -0.5367992520332336, -0.016819417476654053, 0.88885498046875], [0.016168076545000076, 0.005921142641454935, -0.9998517036437988, 1.4969501495361328], [0.5368192791938782, -0.8436892032623291, 0.0036842774134129286, -1.145751953125], [0.0, 0.0, 0.0, 1.0]], [[0.9478699564933777, 0.3186533451080322, -0.0016072035068646073, -1.1397705078125], [-0.008660749532282352, 0.020719904452562332, -0.9997478127479553, 1.5620040893554688], [-0.3185396194458008, 0.947644829750061, 0.022399550303816795, -0.157470703125], [0.0, 0.0, 0.0, 1.0]], [[0.00889668706804514, 0.9998735189437866, 0.013188845477998257, -0.02935791015625], [-0.0066941287368535995, 0.013248625211417675, -0.9998897910118103, 1.5674362182617188], [-0.9999380111694336, 0.008807562291622162, 0.006811150349676609, -0.0465087890625], [0.0, 0.0, 0.0, 1.0]], [[-0.9239683151245117, 0.3824672996997833, -0.0011035455390810966, 0.9991455078125], [-0.002662216080352664, -0.00931660458445549, -0.999953031539917, 1.5473687648773193], [-0.38245970010757446, -0.923922061920166, 0.009626459330320358, -0.1082763671875], [0.0, 0.0, 0.0, 1.0]]], "view": [[0.0, -2.0, 100.0], [-2.0, 0.0, 100.0], [0.0, 0.0, 1.0]], "bev": "bev_26fc8840326e4c74b3af28c30740e426.png", "aux": "aux_26fc8840326e4c74b3af28c30740e426.npz", "visibility": "visibility_26fc8840326e4c74b3af28c30740e426.png", "pose": [[0.5732067823410034, -0.8194107413291931, 0.0, 1752.3133544921875], [0.8194107413291931, 0.5732067823410034, 0.0, 915.9596557617188], [0.0, 0.0, 1.0, 0.0], [0.0, 0.0, 0.0, 1.0]], "pose_inverse": [[0.5732067823410034, 0.8194107413291931, 0.0, -1754.985107421875], [-0.8194107413291931, 0.5732067823410034, 0.0, 910.8301391601562], [0.0, 0.0, 1.0, 0.0], [0.0, 0.0, 0.0, 1.0]], "cam_ids": [0, 1, 2, 3, 4, 5], "cam_channels": ["CAM_FRONT_LEFT", "CAM_FRONT", "CAM_FRONT_RIGHT", "CAM_BACK_LEFT", "CAM_BACK", "CAM_BACK_RIGHT"], "token": "26fc8840326e4c74b3af28c30740e426", "scene": "scene-0212"}, {"images": ["samples/CAM_FRONT_LEFT/n008-2018-07-26-12-13-50-0400__CAM_FRONT_LEFT__1532622063604799.jpg", "samples/CAM_FRONT/n008-2018-07-26-12-13-50-0400__CAM_FRONT__1532622063612404.jpg", "samples/CAM_FRONT_RIGHT/n008-2018-07-26-12-13-50-0400__CAM_FRONT_RIGHT__1532622063620482.jpg", "samples/CAM_BACK_LEFT/n008-2018-07-26-12-13-50-0400__CAM_BACK_LEFT__1532622063647405.jpg", "samples/CAM_BACK/n008-2018-07-26-12-13-50-0400__CAM_BACK__1532622063637558.jpg", "samples/CAM_BACK_RIGHT/n008-2018-07-26-12-13-50-0400__CAM_BACK_RIGHT__1532622063628113.jpg"], "intrinsics": [[[1257.8625342125129, 0.0, 827.2410631095686], [0.0, 1257.8625342125129, 450.915498205774], [0.0, 0.0, 1.0]], [[1252.8131021185304, 0.0, 826.588114781398], [0.0, 1252.8131021185304, 469.9846626224581], [0.0, 0.0, 1.0]], [[1256.7485116440405, 0.0, 817.7887570959712], [0.0, 1256.7485116440403, 451.9541780095127], [0.0, 0.0, 1.0]], [[1254.9860565800168, 0.0, 829.5769333630991], [0.0, 1254.9860565800168, 467.1680561863987], [0.0, 0.0, 1.0]], [[796.8910634503094, 0.0, 857.7774326863696], [0.0, 796.8910634503094, 476.8848988407415], [0.0, 0.0, 1.0]], [[1249.9629280788233, 0.0, 825.3768045375984], [0.0, 1249.9629280788233, 462.54816385708756], [0.0, 0.0, 1.0]]], "extrinsics": [[[0.8233466148376465, -0.5675249695777893, -0.003987250849604607, -0.68798828125], [0.007968556135892868, 0.01858476921916008, -0.9997954964637756, 1.4912683963775635], [0.5674830079078674, 0.8231464624404907, 0.019824059680104256, -1.11962890625], [0.0, 0.0, 0.0, 1.0]], [[0.011394090950489044, -0.9998319149017334, -0.014365529641509056, 0.01220703125], [0.009832555428147316, 0.014477797783911228, -0.9998468160629272, 1.4832024574279785], [0.999886691570282, 0.011251161806285381, 0.009995863772928715, -1.4212646484375], [0.0, 0.0, 0.0, 1.0]], [[-0.84352046251297, -0.5367922186851501, -0.018092742189764977, 0.88885498046875], [0.0177558995783329, 0.005797627381980419, -0.9998254776000977, 1.497335433959961], [0.5368034243583679, -0.8436945080757141, 0.004640811122953892, -1.1461181640625], [0.0, 0.0, 0.0, 1.0]], [[0.9478772878646851, 0.3186343014240265, -0.0009752942132763565, -1.145263671875], [-0.008121835067868233, 0.021100860089063644, -0.9997443556785583, 1.5620536804199219], [-0.31853222846984863, 0.9476428627967834, 0.02258891984820366, -0.15576171875], [0.0, 0.0, 0.0, 1.0]], [[0.008921812288463116, 0.9998700022697449, 0.013431180268526077, -0.029052734375], [-0.0058023566380143166, 0.013483253307640553, -0.9998922348022461, 1.5675430297851562], [-0.9999433755874634, 0.008842886425554752, 0.005921897012740374, -0.042724609375], [0.0, 0.0, 0.0, 1.0]], [[-0.9239459037780762, 0.3825168013572693, -0.0022134266328066587, 1.0008544921875], [-0.0014444031985476613, -0.009275094605982304, -0.9999558925628662, 1.547581672668457], [-0.3825204372406006, -0.9239020347595215, 0.009122194722294807, -0.1076507568359375], [0.0, 0.0, 0.0, 1.0]]], "view": [[0.0, -2.0, 100.0], [-2.0, 0.0, 100.0], [0.0, 0.0, 1.0]], "bev": "bev_bc497dd15aa6498eb569b968ee5f21fc.png", "aux": "aux_bc497dd15aa6498eb569b968ee5f21fc.npz", "visibility": "visibility_bc497dd15aa6498eb569b968ee5f21fc.png", "pose": [[0.5804242491722107, -0.8143142461776733, 0.0, 1754.8997802734375], [0.8143142461776733, 0.5804242491722107, 0.0, 919.5523681640625], [0.0, 0.0, 1.0, 0.0], [0.0, 0.0, 0.0, 1.0]], "pose_inverse": [[0.5804242491722107, 0.8143142461776733, 0.0, -1767.3909912109375], [-0.8143142461776733, 0.5804242491722107, 0.0, 895.3093872070312], [0.0, 0.0, 1.0, 0.0], [0.0, 0.0, 0.0, 1.0]], "cam_ids": [0, 1, 2, 3, 4, 5], "cam_channels": ["CAM_FRONT_LEFT", "CAM_FRONT", "CAM_FRONT_RIGHT", "CAM_BACK_LEFT", "CAM_BACK", "CAM_BACK_RIGHT"], "token": "bc497dd15aa6498eb569b968ee5f21fc", "scene": "scene-0212"}, {"images": ["samples/CAM_FRONT_LEFT/n008-2018-07-26-12-13-50-0400__CAM_FRONT_LEFT__1532622064104799.jpg", "samples/CAM_FRONT/n008-2018-07-26-12-13-50-0400__CAM_FRONT__1532622064112404.jpg", "samples/CAM_FRONT_RIGHT/n008-2018-07-26-12-13-50-0400__CAM_FRONT_RIGHT__1532622064120482.jpg", "samples/CAM_BACK_LEFT/n008-2018-07-26-12-13-50-0400__CAM_BACK_LEFT__1532622064147405.jpg", "samples/CAM_BACK/n008-2018-07-26-12-13-50-0400__CAM_BACK__1532622064137558.jpg", "samples/CAM_BACK_RIGHT/n008-2018-07-26-12-13-50-0400__CAM_BACK_RIGHT__1532622064128113.jpg"], "intrinsics": [[[1257.8625342125129, 0.0, 827.2410631095686], [0.0, 1257.8625342125129, 450.915498205774], [0.0, 0.0, 1.0]], [[1252.8131021185304, 0.0, 826.588114781398], [0.0, 1252.8131021185304, 469.9846626224581], [0.0, 0.0, 1.0]], [[1256.7485116440405, 0.0, 817.7887570959712], [0.0, 1256.7485116440403, 451.9541780095127], [0.0, 0.0, 1.0]], [[1254.9860565800168, 0.0, 829.5769333630991], [0.0, 1254.9860565800168, 467.1680561863987], [0.0, 0.0, 1.0]], [[796.8910634503094, 0.0, 857.7774326863696], [0.0, 796.8910634503094, 476.8848988407415], [0.0, 0.0, 1.0]], [[1249.9629280788233, 0.0, 825.3768045375984], [0.0, 1249.9629280788233, 462.54816385708756], [0.0, 0.0, 1.0]]], "extrinsics": [[[0.8222861289978027, -0.5690079927444458, -0.008689679205417633, -0.6971435546875], [0.0079752616584301, 0.026790887117385864, -0.9996092319488525, 1.4912347793579102], [0.569018542766571, 0.8218954205513, 0.02656775899231434, -1.1219482421875], [0.0, 0.0, 0.0, 1.0]], [[0.00986853800714016, -0.9996940493583679, -0.022679172456264496, 0.009521484375], [0.00995643436908722, 0.022777387872338295, -0.9996910095214844, 1.4831938743591309], [0.9999017715454102, 0.009639686904847622, 0.010178168304264545, -1.427734375], [0.0, 0.0, 0.0, 1.0]], [[-0.8441435694694519, -0.5356319546699524, -0.022805698215961456, 0.8916015625], [0.018005045130848885, 0.014190460555255413, -0.9997371435165405, 1.4973163604736328], [0.5358148217201233, -0.8443323373794556, -0.0023347102105617523, -1.150146484375], [0.0, 0.0, 0.0, 1.0]], [[0.9478681683540344, 0.31865280866622925, 0.002511973027139902, -1.1466064453125], [-0.007359473034739494, 0.029770970344543457, -0.9995296597480774, 1.5620651245117188], [-0.3185776472091675, 0.9474037885665894, 0.030564073473215103, -0.155029296875], [0.0, 0.0, 0.0, 1.0]], [[0.009315726347267628, 0.9997146725654602, 0.02199622616171837, -0.0284423828125], [-0.005293348338454962, 0.022046174854040146, -0.9997429251670837, 1.567605972290039], [-0.9999426007270813, 0.009196927770972252, 0.005497213918715715, -0.0406494140625], [0.0, 0.0, 0.0, 1.0]], [[-0.9236280918121338, 0.3832891881465912, 0.0006817971006967127, 1.00390625], [-0.0010645802831277251, -0.0007865614024922252, -0.9999991059303284, 1.5476332902908325], [-0.38328832387924194, -0.923628032207489, 0.0011345329694449902, -0.107879638671875], [0.0, 0.0, 0.0, 1.0]]], "view": [[0.0, -2.0, 100.0], [-2.0, 0.0, 100.0], [0.0, 0.0, 1.0]], "bev": "bev_6d2659a8d75b45e08202b2f52989beb3.png", "aux": "aux_6d2659a8d75b45e08202b2f52989beb3.npz", "visibility": "visibility_6d2659a8d75b45e08202b2f52989beb3.png", "pose": [[0.5829546451568604, -0.8125047087669373, 0.0, 1757.5257568359375], [0.8125047087669373, 0.5829546451568604, 0.0, 923.1642456054688], [0.0, 0.0, 1.0, 0.0], [0.0, 0.0, 0.0, 1.0]], "pose_inverse": [[0.5829546451568604, 0.8125047087669373, 0.0, -1774.633056640625], [-0.8125047087669373, 0.5829546451568604, 0.0, 889.8350219726562], [0.0, 0.0, 1.0, 0.0], [0.0, 0.0, 0.0, 1.0]], "cam_ids": [0, 1, 2, 3, 4, 5], "cam_channels": ["CAM_FRONT_LEFT", "CAM_FRONT", "CAM_FRONT_RIGHT", "CAM_BACK_LEFT", "CAM_BACK", "CAM_BACK_RIGHT"], "token": "6d2659a8d75b45e08202b2f52989beb3", "scene": "scene-0212"}, {"images": ["samples/CAM_FRONT_LEFT/n008-2018-07-26-12-13-50-0400__CAM_FRONT_LEFT__1532622064604799.jpg", "samples/CAM_FRONT/n008-2018-07-26-12-13-50-0400__CAM_FRONT__1532622064612404.jpg", "samples/CAM_FRONT_RIGHT/n008-2018-07-26-12-13-50-0400__CAM_FRONT_RIGHT__1532622064620482.jpg", "samples/CAM_BACK_LEFT/n008-2018-07-26-12-13-50-0400__CAM_BACK_LEFT__1532622064647405.jpg", "samples/CAM_BACK/n008-2018-07-26-12-13-50-0400__CAM_BACK__1532622064637558.jpg", "samples/CAM_BACK_RIGHT/n008-2018-07-26-12-13-50-0400__CAM_BACK_RIGHT__1532622064628113.jpg"], "intrinsics": [[[1257.8625342125129, 0.0, 827.2410631095686], [0.0, 1257.8625342125129, 450.915498205774], [0.0, 0.0, 1.0]], [[1252.8131021185304, 0.0, 826.588114781398], [0.0, 1252.8131021185304, 469.9846626224581], [0.0, 0.0, 1.0]], [[1256.7485116440405, 0.0, 817.7887570959712], [0.0, 1256.7485116440403, 451.9541780095127], [0.0, 0.0, 1.0]], [[1254.9860565800168, 0.0, 829.5769333630991], [0.0, 1254.9860565800168, 467.1680561863987], [0.0, 0.0, 1.0]], [[796.8910634503094, 0.0, 857.7774326863696], [0.0, 796.8910634503094, 476.8848988407415], [0.0, 0.0, 1.0]], [[1249.9629280788233, 0.0, 825.3768045375984], [0.0, 1249.9629280788233, 462.54816385708756], [0.0, 0.0, 1.0]]], "extrinsics": [[[0.8224632740020752, -0.5686349868774414, -0.01444194745272398, -0.67919921875], [0.005871658679097891, 0.03387521952390671, -0.9994087815284729, 1.490591049194336], [0.5687879920005798, 0.8218922019004822, 0.031199952587485313, -1.1090087890625], [0.0, 0.0, 0.0, 1.0]], [[0.010137852281332016, -0.9995063543319702, -0.029736198484897614, 0.00933837890625], [0.007777654565870762, 0.02981564588844776, -0.9995251893997192, 1.4826793670654297], [0.9999184012413025, 0.009901751764118671, 0.008076079189777374, -1.4097900390625], [0.0, 0.0, 0.0, 1.0]], [[-0.8440366983413696, -0.5357187390327454, -0.02464723214507103, 0.8797607421875], [0.015747440978884697, 0.021181315183639526, -0.9996516108512878, 1.497002124786377], [0.5360541343688965, -0.8441307544708252, -0.009441611357033253, -1.14306640625], [0.0, 0.0, 0.0, 1.0]], [[0.9478566646575928, 0.3186885118484497, 0.0023514723870903254, -1.1429443359375], [-0.00980793684720993, 0.036544494330883026, -0.9992839097976685, 1.5620346069335938], [-0.31854623556137085, 0.9471547603607178, 0.037764616310596466, -0.156494140625], [0.0, 0.0, 0.0, 1.0]], [[0.00922013446688652, 0.9995404481887817, 0.02887924574315548, -0.0281982421875], [-0.007608097046613693, 0.028949761763215065, -0.9995518922805786, 1.5673561096191406], [-0.9999285936355591, 0.008996250107884407, 0.007871518842875957, -0.0478515625], [0.0, 0.0, 0.0, 1.0]], [[-0.9237170815467834, 0.3830360770225525, 0.005487952381372452, 0.9949951171875], [-0.0033836953807622194, 0.006167144980281591, -0.9999752640724182, 1.5472021102905273], [-0.3830604553222656, -0.9237128496170044, -0.004400619771331549, -0.1120758056640625], [0.0, 0.0, 0.0, 1.0]]], "view": [[0.0, -2.0, 100.0], [-2.0, 0.0, 100.0], [0.0, 0.0, 1.0]], "bev": "bev_c78a851fd7664d9888f43d7c03501ee9.png", "aux": "aux_c78a851fd7664d9888f43d7c03501ee9.npz", "visibility": "visibility_c78a851fd7664d9888f43d7c03501ee9.png", "pose": [[0.5804928541183472, -0.8142653703689575, 0.0, 1760.207275390625], [0.8142653703689575, 0.5804928541183472, 0.0, 926.8782348632812], [0.0, 0.0, 1.0, 0.0], [0.0, 0.0, 0.0, 1.0]], "pose_inverse": [[0.5804928541183472, 0.8142653703689575, 0.0, -1776.5125732421875], [-0.8142653703689575, 0.5804928541183472, 0.0, 895.2296142578125], [0.0, 0.0, 1.0, 0.0], [0.0, 0.0, 0.0, 1.0]], "cam_ids": [0, 1, 2, 3, 4, 5], "cam_channels": ["CAM_FRONT_LEFT", "CAM_FRONT", "CAM_FRONT_RIGHT", "CAM_BACK_LEFT", "CAM_BACK", "CAM_BACK_RIGHT"], "token": "c78a851fd7664d9888f43d7c03501ee9", "scene": "scene-0212"}, {"images": ["samples/CAM_FRONT_LEFT/n008-2018-07-26-12-13-50-0400__CAM_FRONT_LEFT__1532622065104799.jpg", "samples/CAM_FRONT/n008-2018-07-26-12-13-50-0400__CAM_FRONT__1532622065112404.jpg", "samples/CAM_FRONT_RIGHT/n008-2018-07-26-12-13-50-0400__CAM_FRONT_RIGHT__1532622065120482.jpg", "samples/CAM_BACK_LEFT/n008-2018-07-26-12-13-50-0400__CAM_BACK_LEFT__1532622065147405.jpg", "samples/CAM_BACK/n008-2018-07-26-12-13-50-0400__CAM_BACK__1532622065137558.jpg", "samples/CAM_BACK_RIGHT/n008-2018-07-26-12-13-50-0400__CAM_BACK_RIGHT__1532622065128113.jpg"], "intrinsics": [[[1257.8625342125129, 0.0, 827.2410631095686], [0.0, 1257.8625342125129, 450.915498205774], [0.0, 0.0, 1.0]], [[1252.8131021185304, 0.0, 826.588114781398], [0.0, 1252.8131021185304, 469.9846626224581], [0.0, 0.0, 1.0]], [[1256.7485116440405, 0.0, 817.7887570959712], [0.0, 1256.7485116440403, 451.9541780095127], [0.0, 0.0, 1.0]], [[1254.9860565800168, 0.0, 829.5769333630991], [0.0, 1254.9860565800168, 467.1680561863987], [0.0, 0.0, 1.0]], [[796.8910634503094, 0.0, 857.7774326863696], [0.0, 796.8910634503094, 476.8848988407415], [0.0, 0.0, 1.0]], [[1249.9629280788233, 0.0, 825.3768045375984], [0.0, 1249.9629280788233, 462.54816385708756], [0.0, 0.0, 1.0]]], "extrinsics": [[[0.8218148350715637, -0.569379985332489, -0.020665187388658524, -0.687255859375], [0.00044088263530284166, 0.036905813962221146, -0.9993185997009277, 1.4884605407714844], [0.5697546601295471, 0.8212456703186035, 0.03058077208697796, -1.113311767578125], [0.0, 0.0, 0.0, 1.0]], [[0.009092072956264019, -0.9994206428527832, -0.032797861844301224, 0.0079345703125], [0.002230902435258031, 0.03281940892338753, -0.9994588494300842, 1.4808845520019531], [0.9999561309814453, 0.009013988077640533, 0.002528007607907057, -1.41650390625], [0.0, 0.0, 0.0, 1.0]], [[-0.8445780277252197, -0.5350030660629272, -0.0214378759264946, 0.882568359375], [0.010074715130031109, 0.024152476340532303, -0.9996574521064758, 1.495565414428711], [0.5353376269340515, -0.8445048332214355, -0.015008649788796902, -1.146484375], [0.0, 0.0, 0.0, 1.0]], [[0.9478445649147034, 0.3187226355075836, -0.002550531644374132, -1.14404296875], [-0.015963591635227203, 0.03947879746556282, -0.9990928769111633, 1.562042236328125], [-0.3183327913284302, 0.9470255374908447, 0.04250772297382355, -0.1558837890625], [0.0, 0.0, 0.0, 1.0]], [[0.009687546640634537, 0.9994479417800903, 0.03178158402442932, -0.0274658203125], [-0.013643796555697918, 0.03191222995519638, -0.9993975162506104, 1.5668373107910156], [-0.9998599886894226, 0.009248088113963604, 0.013945412822067738, -0.0457763671875], [0.0, 0.0, 0.0, 1.0]], [[-0.9234358668327332, 0.38356566429138184, 0.011981604620814323, 0.9974365234375], [-0.009179688058793545, 0.009134671650826931, -0.999916136264801, 1.5461921691894531], [-0.3836429715156555, -0.9234684109687805, -0.004914270713925362, -0.1122589111328125], [0.0, 0.0, 0.0, 1.0]]], "view": [[0.0, -2.0, 100.0], [-2.0, 0.0, 100.0], [0.0, 0.0, 1.0]], "bev": "bev_4f9ed543092c456cad653e8881990b0c.png", "aux": "aux_4f9ed543092c456cad653e8881990b0c.npz", "visibility": "visibility_4f9ed543092c456cad653e8881990b0c.png", "pose": [[0.5733335614204407, -0.8193220496177673, 0.0, 1762.8316650390625], [0.8193220496177673, 0.5733335614204407, 0.0, 930.5619506835938], [0.0, 0.0, 1.0, 0.0], [0.0, 0.0, 0.0, 1.0]], "pose_inverse": [[0.5733335614204407, 0.8193220496177673, 0.0, -1773.1204833984375], [-0.8193220496177673, 0.5733335614204407, 0.0, 910.804443359375], [0.0, 0.0, 1.0, 0.0], [0.0, 0.0, 0.0, 1.0]], "cam_ids": [0, 1, 2, 3, 4, 5], "cam_channels": ["CAM_FRONT_LEFT", "CAM_FRONT", "CAM_FRONT_RIGHT", "CAM_BACK_LEFT", "CAM_BACK", "CAM_BACK_RIGHT"], "token": "4f9ed543092c456cad653e8881990b0c", "scene": "scene-0212"}, {"images": ["samples/CAM_FRONT_LEFT/n008-2018-07-26-12-13-50-0400__CAM_FRONT_LEFT__1532622065504799.jpg", "samples/CAM_FRONT/n008-2018-07-26-12-13-50-0400__CAM_FRONT__1532622065512404.jpg", "samples/CAM_FRONT_RIGHT/n008-2018-07-26-12-13-50-0400__CAM_FRONT_RIGHT__1532622065520482.jpg", "samples/CAM_BACK_LEFT/n008-2018-07-26-12-13-50-0400__CAM_BACK_LEFT__1532622065547405.jpg", "samples/CAM_BACK/n008-2018-07-26-12-13-50-0400__CAM_BACK__1532622065537558.jpg", "samples/CAM_BACK_RIGHT/n008-2018-07-26-12-13-50-0400__CAM_BACK_RIGHT__1532622065528113.jpg"], "intrinsics": [[[1257.8625342125129, 0.0, 827.2410631095686], [0.0, 1257.8625342125129, 450.915498205774], [0.0, 0.0, 1.0]], [[1252.8131021185304, 0.0, 826.588114781398], [0.0, 1252.8131021185304, 469.9846626224581], [0.0, 0.0, 1.0]], [[1256.7485116440405, 0.0, 817.7887570959712], [0.0, 1256.7485116440403, 451.9541780095127], [0.0, 0.0, 1.0]], [[1254.9860565800168, 0.0, 829.5769333630991], [0.0, 1254.9860565800168, 467.1680561863987], [0.0, 0.0, 1.0]], [[796.8910634503094, 0.0, 857.7774326863696], [0.0, 796.8910634503094, 476.8848988407415], [0.0, 0.0, 1.0]], [[1249.9629280788233, 0.0, 825.3768045375984], [0.0, 1249.9629280788233, 462.54816385708756], [0.0, 0.0, 1.0]]], "extrinsics": [[[0.8224059343338013, -0.56856769323349, -0.019476592540740967, -0.6820068359375], [0.0006838138797320426, 0.035223376005887985, -0.9993792176246643, 1.4885444641113281], [0.5689007639884949, 0.8218820691108704, 0.029356706887483597, -1.1104736328125], [0.0, 0.0, 0.0, 1.0]], [[0.01003050897270441, -0.9994731545448303, -0.030864065513014793, 0.00897216796875], [0.0026654708199203014, 0.030892232432961464, -0.9995191693305969, 1.4810123443603516], [0.999946117401123, 0.009943411685526371, 0.002973932074382901, -1.412109375], [0.0, 0.0, 0.0, 1.0]], [[-0.8441291451454163, -0.5357350707054138, -0.020825864747166634, 0.8809814453125], [0.010720808058977127, 0.02196960709989071, -0.9997010827064514, 1.4957293272018433], [0.536032497882843, -0.8441002368927002, -0.012801676988601685, -1.1441650390625], [0.0, 0.0, 0.0, 1.0]], [[0.9478546380996704, 0.3186972737312317, -0.0018786209402605891, -1.1412353515625], [-0.014226075261831284, 0.03642035275697708, -0.9992352724075317, 1.5619964599609375], [-0.31838515400886536, 0.9471564888954163, 0.03905501589179039, -0.156982421875], [0.0, 0.0, 0.0, 1.0]], [[0.009329525753855705, 0.9995347261428833, 0.029036687687039375, -0.02801513671875], [-0.012291901744902134, 0.02915038727223873, -0.9994994401931763, 1.5669212341308594], [-0.999880850315094, 0.008967932313680649, 0.012558143585920334, -0.04833984375], [0.0, 0.0, 0.0, 1.0]], [[-0.9236927032470703, 0.38299888372421265, 0.010168607346713543, 0.9954833984375], [-0.00823075883090496, 0.006698038894683123, -0.999943733215332, 1.5463390350341797], [-0.3830454349517822, -0.9237245321273804, -0.0030345586128532887, -0.11199951171875], [0.0, 0.0, 0.0, 1.0]]], "view": [[0.0, -2.0, 100.0], [-2.0, 0.0, 100.0], [0.0, 0.0, 1.0]], "bev": "bev_88fcc11c6b594b18a80ee6ac85643e42.png", "aux": "aux_88fcc11c6b594b18a80ee6ac85643e42.npz", "visibility": "visibility_88fcc11c6b594b18a80ee6ac85643e42.png", "pose": [[0.5701559782028198, -0.8215364217758179, 0.0, 1764.919921875], [0.8215364217758179, 0.5701559782028198, 0.0, 933.540283203125], [0.0, 0.0, 1.0, 0.0], [0.0, 0.0, 0.0, 1.0]], "pose_inverse": [[0.5701559782028198, 0.8215364217758179, 0.0, -1773.217041015625], [-0.8215364217758179, 0.5701559782028198, 0.0, 917.6824340820312], [0.0, 0.0, 1.0, 0.0], [0.0, 0.0, 0.0, 1.0]], "cam_ids": [0, 1, 2, 3, 4, 5], "cam_channels": ["CAM_FRONT_LEFT", "CAM_FRONT", "CAM_FRONT_RIGHT", "CAM_BACK_LEFT", "CAM_BACK", "CAM_BACK_RIGHT"], "token": "88fcc11c6b594b18a80ee6ac85643e42", "scene": "scene-0212"}, {"images": ["samples/CAM_FRONT_LEFT/n008-2018-07-26-12-13-50-0400__CAM_FRONT_LEFT__1532622065904799.jpg", "samples/CAM_FRONT/n008-2018-07-26-12-13-50-0400__CAM_FRONT__1532622065912404.jpg", "samples/CAM_FRONT_RIGHT/n008-2018-07-26-12-13-50-0400__CAM_FRONT_RIGHT__1532622065920482.jpg", "samples/CAM_BACK_LEFT/n008-2018-07-26-12-13-50-0400__CAM_BACK_LEFT__1532622065947405.jpg", "samples/CAM_BACK/n008-2018-07-26-12-13-50-0400__CAM_BACK__1532622065937558.jpg", "samples/CAM_BACK_RIGHT/n008-2018-07-26-12-13-50-0400__CAM_BACK_RIGHT__1532622065928113.jpg"], "intrinsics": [[[1257.8625342125129, 0.0, 827.2410631095686], [0.0, 1257.8625342125129, 450.915498205774], [0.0, 0.0, 1.0]], [[1252.8131021185304, 0.0, 826.588114781398], [0.0, 1252.8131021185304, 469.9846626224581], [0.0, 0.0, 1.0]], [[1256.7485116440405, 0.0, 817.7887570959712], [0.0, 1256.7485116440403, 451.9541780095127], [0.0, 0.0, 1.0]], [[1254.9860565800168, 0.0, 829.5769333630991], [0.0, 1254.9860565800168, 467.1680561863987], [0.0, 0.0, 1.0]], [[796.8910634503094, 0.0, 857.7774326863696], [0.0, 796.8910634503094, 476.8848988407415], [0.0, 0.0, 1.0]], [[1249.9629280788233, 0.0, 825.3768045375984], [0.0, 1249.9629280788233, 462.54816385708756], [0.0, 0.0, 1.0]]], "extrinsics": [[[0.8229875564575195, -0.5676788687705994, -0.020789148285984993, -0.706787109375], [-0.0023173592053353786, 0.033241406083106995, -0.9994446635246277, 1.487396240234375], [0.5680546760559082, 0.8225786685943604, 0.026041748002171516, -1.1298828125], [0.0, 0.0, 0.0, 1.0]], [[0.010902052745223045, -0.999518096446991, -0.029063967987895012, 0.0101318359375], [-0.0005611437954939902, 0.029059572145342827, -0.999577522277832, 1.4799537658691406], [0.9999403357505798, 0.010913770645856857, -0.0002440629614284262, -1.437255859375], [0.0, 0.0, 0.0, 1.0]], [[-0.8437663316726685, -0.5364410281181335, -0.017011936753988266, 0.89678955078125], [0.007251328323036432, 0.020299633964896202, -0.9997676014900208, 1.4947185516357422], [0.5366617441177368, -0.8436936140060425, -0.013238240033388138, -1.1529541015625], [0.0, 0.0, 0.0, 1.0]], [[0.9478206634521484, 0.3187344968318939, -0.0066554308868944645, -1.138427734375], [-0.01884559355676174, 0.03517696261405945, -0.9992034435272217, 1.5619354248046875], [-0.3182465434074402, 0.9471909403800964, 0.03934819623827934, -0.1580810546875], [0.0, 0.0, 0.0, 1.0]], [[0.00912611186504364, 0.9995760917663574, 0.027646290138363838, -0.02850341796875], [-0.016516953706741333, 0.027794353663921356, -0.9994771480560303, 1.5665969848632812], [-0.9998219609260559, 0.008664821274578571, 0.016763607040047646, -0.0435791015625], [0.0, 0.0, 0.0, 1.0]], [[-0.9238819479942322, 0.38245418667793274, 0.013074726797640324, 1.006103515625], [-0.012013249099254608, 0.005163456313312054, -0.9999144673347473, 1.5458011627197266], [-0.3824889361858368, -0.9239600300788879, -0.00017590742208994925, -0.1067962646484375], [0.0, 0.0, 0.0, 1.0]]], "view": [[0.0, -2.0, 100.0], [-2.0, 0.0, 100.0], [0.0, 0.0, 1.0]], "bev": "bev_bd29a9683b1b4eeb843adc2659d75894.png", "aux": "aux_bd29a9683b1b4eeb843adc2659d75894.npz", "visibility": "visibility_bd29a9683b1b4eeb843adc2659d75894.png", "pose": [[0.5729493498802185, -0.8195907473564148, 0.0, 1766.9654541015625], [0.8195907473564148, 0.5729493498802185, 0.0, 936.4476318359375], [0.0, 0.0, 1.0, 0.0], [0.0, 0.0, 0.0, 1.0]], "pose_inverse": [[0.5729493498802185, 0.8195907473564148, 0.0, -1779.8856201171875], [-0.8195907473564148, 0.5729493498802185, 0.0, 911.6514892578125], [0.0, 0.0, 1.0, 0.0], [0.0, 0.0, 0.0, 1.0]], "cam_ids": [0, 1, 2, 3, 4, 5], "cam_channels": ["CAM_FRONT_LEFT", "CAM_FRONT", "CAM_FRONT_RIGHT", "CAM_BACK_LEFT", "CAM_BACK", "CAM_BACK_RIGHT"], "token": "bd29a9683b1b4eeb843adc2659d75894", "scene": "scene-0212"}, {"images": ["samples/CAM_FRONT_LEFT/n008-2018-07-26-12-13-50-0400__CAM_FRONT_LEFT__1532622066354799.jpg", "samples/CAM_FRONT/n008-2018-07-26-12-13-50-0400__CAM_FRONT__1532622066362404.jpg", "samples/CAM_FRONT_RIGHT/n008-2018-07-26-12-13-50-0400__CAM_FRONT_RIGHT__1532622066370482.jpg", "samples/CAM_BACK_LEFT/n008-2018-07-26-12-13-50-0400__CAM_BACK_LEFT__1532622066397405.jpg", "samples/CAM_BACK/n008-2018-07-26-12-13-50-0400__CAM_BACK__1532622066387558.jpg", "samples/CAM_BACK_RIGHT/n008-2018-07-26-12-13-50-0400__CAM_BACK_RIGHT__1532622066378113.jpg"], "intrinsics": [[[1257.8625342125129, 0.0, 827.2410631095686], [0.0, 1257.8625342125129, 450.915498205774], [0.0, 0.0, 1.0]], [[1252.8131021185304, 0.0, 826.588114781398], [0.0, 1252.8131021185304, 469.9846626224581], [0.0, 0.0, 1.0]], [[1256.7485116440405, 0.0, 817.7887570959712], [0.0, 1256.7485116440403, 451.9541780095127], [0.0, 0.0, 1.0]], [[1254.9860565800168, 0.0, 829.5769333630991], [0.0, 1254.9860565800168, 467.1680561863987], [0.0, 0.0, 1.0]], [[796.8910634503094, 0.0, 857.7774326863696], [0.0, 796.8910634503094, 476.8848988407415], [0.0, 0.0, 1.0]], [[1249.9629280788233, 0.0, 825.3768045375984], [0.0, 1249.9629280788233, 462.54816385708756], [0.0, 0.0, 1.0]]], "extrinsics": [[[0.8227117657661438, -0.5678561925888062, -0.02616659738123417, -0.7388916015625], [-0.00813921820372343, 0.034258920699357986, -0.9993798136711121, 1.4855918884277344], [0.5684005618095398, 0.8224145770072937, 0.023563308641314507, -1.15252685546875], [0.0, 0.0, 0.0, 1.0]], [[0.010474326089024544, -0.9994866847991943, -0.030275512486696243, 0.0101318359375], [-0.006417099852114916, 0.030209364369511604, -0.9995229840278625, 1.4784011840820312], [0.9999246001243591, 0.010663638822734356, -0.0060973819345235825, -1.4696044921875], [0.0, 0.0, 0.0, 1.0]], [[-0.8439830541610718, -0.5362183451652527, -0.012743087485432625, 0.91845703125], [0.0013839742168784142, 0.02158086560666561, -0.9997661113739014, 1.4933223724365234], [0.5363680124282837, -0.843803346157074, -0.01747177354991436, -1.1661376953125], [0.0, 0.0, 0.0, 1.0]], [[0.9477295279502869, 0.3188662528991699, -0.011532432399690151, -1.13671875], [-0.024598892778158188, 0.036981161683797836, -0.9990131855010986, 1.56182861328125], [-0.3181251585483551, 0.9470780491828918, 0.04289189726114273, -0.1593017578125], [0.0, 0.0, 0.0, 1.0]], [[0.009369672276079655, 0.999531090259552, 0.029151177033782005, -0.02880859375], [-0.02227438986301422, 0.029353845864534378, -0.9993208646774292, 1.5662765502929688], [-0.99970