[{"images": ["samples/CAM_FRONT_LEFT/n008-2018-08-29-16-04-13-0400__CAM_FRONT_LEFT__1535573959904799.jpg", "samples/CAM_FRONT/n008-2018-08-29-16-04-13-0400__CAM_FRONT__1535573959912404.jpg", "samples/CAM_FRONT_RIGHT/n008-2018-08-29-16-04-13-0400__CAM_FRONT_RIGHT__1535573959920482.jpg", "samples/CAM_BACK_LEFT/n008-2018-08-29-16-04-13-0400__CAM_BACK_LEFT__1535573959947405.jpg", "samples/CAM_BACK/n008-2018-08-29-16-04-13-0400__CAM_BACK__1535573959937558.jpg", "samples/CAM_BACK_RIGHT/n008-2018-08-29-16-04-13-0400__CAM_BACK_RIGHT__1535573959928119.jpg"], "intrinsics": [[[1257.8625342125129, 0.0, 827.2410631095686], [0.0, 1257.8625342125129, 450.915498205774], [0.0, 0.0, 1.0]], [[1252.8131021185304, 0.0, 826.588114781398], [0.0, 1252.8131021185304, 469.9846626224581], [0.0, 0.0, 1.0]], [[1256.7485116440405, 0.0, 817.7887570959712], [0.0, 1256.7485116440403, 451.9541780095127], [0.0, 0.0, 1.0]], [[1254.9860565800168, 0.0, 829.5769333630991], [0.0, 1254.9860565800168, 467.1680561863987], [0.0, 0.0, 1.0]], [[796.8910634503094, 0.0, 857.7774326863696], [0.0, 796.8910634503094, 476.8848988407415], [0.0, 0.0, 1.0]], [[1249.9629280788233, 0.0, 825.3768045375984], [0.0, 1249.9629280788233, 462.54816385708756], [0.0, 0.0, 1.0]]], "extrinsics": [[[0.8225115537643433, -0.5686190128326416, 0.012134945951402187, -1.004974365234375], [0.015014459379017353, 0.00037984707159921527, -0.9998871684074402, 1.4882936477661133], [0.5685502886772156, 0.8226009607315063, 0.008849933743476868, -1.3333740234375], [0.0, 0.0, 0.0, 1.0]], [[0.0102983508259058, -0.9999393820762634, 0.003897431306540966, 0.0054931640625], [0.01697278395295143, -0.0037222777027636766, -0.9998490214347839, 1.4801630973815918], [0.9998028874397278, 0.010362954810261726, 0.016933420673012733, -1.73480224609375], [0.0, 0.0, 0.0, 1.0]], [[-0.8438476324081421, -0.5363883376121521, -0.014448943547904491, 1.0908203125], [0.024997109547257423, -0.012398543767631054, -0.9996106028556824, 1.4930729866027832], [0.5360003113746643, -0.843880295753479, 0.023870639503002167, -1.277587890625], [0.0, 0.0, 0.0, 1.0]], [[0.9478875994682312, 0.318604439496994, 0.0005491013871505857, -1.1439208984375], [-0.0003702125104609877, 0.0028248780872672796, -0.9999959468841553, 1.5620441436767578], [-0.3186047375202179, 0.9478835463523865, 0.002795618260279298, -0.1561279296875], [0.0, 0.0, 0.0, 1.0]], [[0.00918637216091156, 0.999946653842926, -0.004714885260909796, -0.02880859375], [0.001758759724907577, -0.0047312346287071705, -0.9999872446060181, 1.568061351776123], [-0.9999562501907349, 0.009177962318062782, -0.0018021290889009833, 0.04437255859375], [0.0, 0.0, 0.0, 1.0]], [[-0.9236608147621155, 0.38287612795829773, -0.016014456748962402, 1.1608047485351562], [0.00594928627833724, -0.02745800092816353, -0.9996052384376526, 1.5478134155273438], [-0.3831646740436554, -0.923391580581665, 0.023084042593836784, -0.043701171875], [0.0, 0.0, 0.0, 1.0]]], "view": [[0.0, -2.0, 100.0], [-2.0, 0.0, 100.0], [0.0, 0.0, 1.0]], "bev": "bev_ab34478885344bef93da92ac3480530c.png", "aux": "aux_ab34478885344bef93da92ac3480530c.npz", "visibility": "visibility_ab34478885344bef93da92ac3480530c.png", "pose": [[0.8755270838737488, 0.4831690490245819, 0.0, 1422.2152099609375], [-0.4831690490245819, 0.8755270838737488, 0.0, 1252.9827880859375], [0.0, 0.0, 1.0, 0.0], [0.0, 0.0, 0.0, 1.0]], "pose_inverse": [[0.8755270838737488, -0.4831690490245819, 0.0, -639.785400390625], [0.4831690490245819, 0.8755270838737488, 0.0, -1784.1907958984375], [0.0, 0.0, 1.0, 0.0], [0.0, 0.0, 0.0, 1.0]], "cam_ids": [0, 1, 2, 3, 4, 5], "cam_channels": ["CAM_FRONT_LEFT", "CAM_FRONT", "CAM_FRONT_RIGHT", "CAM_BACK_LEFT", "CAM_BACK", "CAM_BACK_RIGHT"], "token": "ab34478885344bef93da92ac3480530c", "scene": "scene-0731"}, {"images": ["samples/CAM_FRONT_LEFT/n008-2018-08-29-16-04-13-0400__CAM_FRONT_LEFT__1535573960404799.jpg", "samples/CAM_FRONT/n008-2018-08-29-16-04-13-0400__CAM_FRONT__1535573960412404.jpg", "samples/CAM_FRONT_RIGHT/n008-2018-08-29-16-04-13-0400__CAM_FRONT_RIGHT__1535573960420482.jpg", "samples/CAM_BACK_LEFT/n008-2018-08-29-16-04-13-0400__CAM_BACK_LEFT__1535573960447455.jpg", "samples/CAM_BACK/n008-2018-08-29-16-04-13-0400__CAM_BACK__1535573960437558.jpg", "samples/CAM_BACK_RIGHT/n008-2018-08-29-16-04-13-0400__CAM_BACK_RIGHT__1535573960428113.jpg"], "intrinsics": [[[1257.8625342125129, 0.0, 827.2410631095686], [0.0, 1257.8625342125129, 450.915498205774], [0.0, 0.0, 1.0]], [[1252.8131021185304, 0.0, 826.588114781398], [0.0, 1252.8131021185304, 469.9846626224581], [0.0, 0.0, 1.0]], [[1256.7485116440405, 0.0, 817.7887570959712], [0.0, 1256.7485116440403, 451.9541780095127], [0.0, 0.0, 1.0]], [[1254.9860565800168, 0.0, 829.5769333630991], [0.0, 1254.9860565800168, 467.1680561863987], [0.0, 0.0, 1.0]], [[796.8910634503094, 0.0, 857.7774326863696], [0.0, 796.8910634503094, 476.8848988407415], [0.0, 0.0, 1.0]], [[1249.9629280788233, 0.0, 825.3768045375984], [0.0, 1249.9629280788233, 462.54816385708756], [0.0, 0.0, 1.0]]], "extrinsics": [[[0.8225117921829224, -0.5686156153678894, 0.012274426408112049, -1.00506591796875], [0.015130193904042244, 0.00030203795176930726, -0.9998854398727417, 1.4882926940917969], [0.568546712398529, 0.8226032853126526, 0.008851692080497742, -1.33349609375], [0.0, 0.0, 0.0, 1.0]], [[0.010296503081917763, -0.9999390840530396, 0.003987146075814962, 0.00537109375], [0.01707378588616848, -0.003810969879850745, -0.9998469352722168, 1.4801673889160156], [0.9998011589050293, 0.010362960398197174, 0.01703350432217121, -1.73486328125], [0.0, 0.0, 0.0, 1.0]], [[-0.843849778175354, -0.5363845229148865, -0.014467732049524784, 1.090576171875], [0.025082668289542198, -0.012498408555984497, -0.999607264995575, 1.4930706024169922], [0.5359930396080017, -0.8438811898231506, 0.024000734090805054, -1.277587890625], [0.0, 0.0, 0.0, 1.0]], [[0.9478878378868103, 0.3186035752296448, 0.0005587049527093768, -1.14404296875], [-0.00032410689163953066, 0.0027178588788956404, -0.9999963045120239, 1.5620412826538086], [-0.3186039924621582, 0.9478841423988342, 0.0026794876903295517, -0.15625], [0.0, 0.0, 0.0, 1.0]], [[0.009190160781145096, 0.9999462366104126, -0.004816809669137001, -0.0286865234375], [0.0018066116608679295, -0.004833607468754053, -0.9999867081642151, 1.5680603981018066], [-0.9999561309814453, 0.00918133370578289, -0.001850935979746282, 0.044189453125], [0.0, 0.0, 0.0, 1.0]], [[-0.923657238483429, 0.38288065791130066, -0.016113435849547386, 1.160675048828125], [0.006015124265104532, -0.027557184919714928, -0.9996020793914795, 1.5478134155273438], [-0.3831723630428314, -0.9233866930007935, 0.02315031923353672, -0.0435791015625], [0.0, 0.0, 0.0, 1.0]]], "view": [[0.0, -2.0, 100.0], [-2.0, 0.0, 100.0], [0.0, 0.0, 1.0]], "bev": "bev_f9a78d1759d44306a7f879a22b45bef1.png", "aux": "aux_f9a78d1759d44306a7f879a22b45bef1.npz", "visibility": "visibility_f9a78d1759d44306a7f879a22b45bef1.png", "pose": [[0.8755673766136169, 0.48309606313705444, 0.0, 1422.215087890625], [-0.48309606313705444, 0.8755673766136169, 0.0, 1252.982421875], [0.0, 0.0, 1.0, 0.0], [0.0, 0.0, 0.0, 1.0]], "pose_inverse": [[0.8755673766136169, -0.48309606313705444, 0.0, -639.9342651367188], [0.48309606313705444, 0.8755673766136169, 0.0, -1784.136962890625], [0.0, 0.0, 1.0, 0.0], [0.0, 0.0, 0.0, 1.0]], "cam_ids": [0, 1, 2, 3, 4, 5], "cam_channels": ["CAM_FRONT_LEFT", "CAM_FRONT", "CAM_FRONT_RIGHT", "CAM_BACK_LEFT", "CAM_BACK", "CAM_BACK_RIGHT"], "token": "f9a78d1759d44306a7f879a22b45bef1", "scene": "scene-0731"}, {"images": ["samples/CAM_FRONT_LEFT/n008-2018-08-29-16-04-13-0400__CAM_FRONT_LEFT__1535573960904799.jpg", "samples/CAM_FRONT/n008-2018-08-29-16-04-13-0400__CAM_FRONT__1535573960912404.jpg", "samples/CAM_FRONT_RIGHT/n008-2018-08-29-16-04-13-0400__CAM_FRONT_RIGHT__1535573960920482.jpg", "samples/CAM_BACK_LEFT/n008-2018-08-29-16-04-13-0400__CAM_BACK_LEFT__1535573960947405.jpg", "samples/CAM_BACK/n008-2018-08-29-16-04-13-0400__CAM_BACK__1535573960937558.jpg", "samples/CAM_BACK_RIGHT/n008-2018-08-29-16-04-13-0400__CAM_BACK_RIGHT__1535573960928113.jpg"], "intrinsics": [[[1257.8625342125129, 0.0, 827.2410631095686], [0.0, 1257.8625342125129, 450.915498205774], [0.0, 0.0, 1.0]], [[1252.8131021185304, 0.0, 826.588114781398], [0.0, 1252.8131021185304, 469.9846626224581], [0.0, 0.0, 1.0]], [[1256.7485116440405, 0.0, 817.7887570959712], [0.0, 1256.7485116440403, 451.9541780095127], [0.0, 0.0, 1.0]], [[1254.9860565800168, 0.0, 829.5769333630991], [0.0, 1254.9860565800168, 467.1680561863987], [0.0, 0.0, 1.0]], [[796.8910634503094, 0.0, 857.7774326863696], [0.0, 796.8910634503094, 476.8848988407415], [0.0, 0.0, 1.0]], [[1249.9629280788233, 0.0, 825.3768045375984], [0.0, 1249.9629280788233, 462.54816385708756], [0.0, 0.0, 1.0]]], "extrinsics": [[[0.8225260972976685, -0.5686038732528687, 0.011854000389575958, -1.00506591796875], [0.014967456459999084, 0.0008062837296165526, -0.9998876452445984, 1.4882917404174805], [0.5685303807258606, 0.8226110935211182, 0.00917374063283205, -1.3333740234375], [0.0, 0.0, 0.0, 1.0]], [[0.010316064581274986, -0.9999406933784485, 0.003494040807709098, 0.00537109375], [0.0169230904430151, -0.00331913772970438, -0.9998512864112854, 1.4801650047302246], [0.9998035430908203, 0.010373657569289207, 0.01688784547150135, -1.73468017578125], [0.0, 0.0, 0.0, 1.0]], [[-0.8438430428504944, -0.5363911390304565, -0.014607357792556286, 1.090576171875], [0.024944545701146126, -0.01202019676566124, -0.9996165633201599, 1.4930729866027832], [0.5360099673271179, -0.8438839316368103, 0.02352319471538067, -1.277587890625], [0.0, 0.0, 0.0, 1.0]], [[0.9478866457939148, 0.3186070919036865, 0.0006334551726467907, -1.1439208984375], [-0.0003900238953065127, 0.0031485464423894882, -0.9999949932098389, 1.5620431900024414], [-0.31860753893852234, 0.9478816390037537, 0.0031087305396795273, -0.1561279296875], [0.0, 0.0, 0.0, 1.0]], [[0.009181817062199116, 0.9999483227729797, -0.004363996908068657, -0.02880859375], [0.0017223170725628734, -0.004379988647997379, -0.999988853931427, 1.5680599212646484], [-0.9999563694000244, 0.009174207225441933, -0.0017624442698433995, 0.04437255859375], [0.0, 0.0, 0.0, 1.0]], [[-0.9236639738082886, 0.3828762173652649, -0.015832269564270973, 1.1606216430664062], [0.005903501063585281, -0.02709316834807396, -0.999615490436554, 1.5478134155273438], [-0.38315796852111816, -0.9234022498130798, 0.022764671593904495, -0.043701171875], [0.0, 0.0, 0.0, 1.0]]], "view": [[0.0, -2.0, 100.0], [-2.0, 0.0, 100.0], [0.0, 0.0, 1.0]], "bev": "bev_c107f81f3c204323a5d46a0d70c7369a.png", "aux": "aux_c107f81f3c204323a5d46a0d70c7369a.npz", "visibility": "visibility_c107f81f3c204323a5d46a0d70c7369a.png", "pose": [[0.8755379319190979, 0.48314937949180603, 0.0, 1422.21484375], [-0.48314937949180603, 0.8755379319190979, 0.0, 1252.982177734375], [0.0, 0.0, 1.0, 0.0], [0.0, 0.0, 0.0, 1.0]], "pose_inverse": [[0.8755379319190979, -0.48314937949180603, 0.0, -639.825439453125], [0.48314937949180603, 0.8755379319190979, 0.0, -1784.1756591796875], [0.0, 0.0, 1.0, 0.0], [0.0, 0.0, 0.0, 1.0]], "cam_ids": [0, 1, 2, 3, 4, 5], "cam_channels": ["CAM_FRONT_LEFT", "CAM_FRONT", "CAM_FRONT_RIGHT", "CAM_BACK_LEFT", "CAM_BACK", "CAM_BACK_RIGHT"], "token": "c107f81f3c204323a5d46a0d70c7369a", "scene": "scene-0731"}, {"images": ["samples/CAM_FRONT_LEFT/n008-2018-08-29-16-04-13-0400__CAM_FRONT_LEFT__1535573961404799.jpg", "samples/CAM_FRONT/n008-2018-08-29-16-04-13-0400__CAM_FRONT__1535573961412404.jpg", "samples/CAM_FRONT_RIGHT/n008-2018-08-29-16-04-13-0400__CAM_FRONT_RIGHT__1535573961420482.jpg", "samples/CAM_BACK_LEFT/n008-2018-08-29-16-04-13-0400__CAM_BACK_LEFT__1535573961447405.jpg", "samples/CAM_BACK/n008-2018-08-29-16-04-13-0400__CAM_BACK__1535573961437558.jpg", "samples/CAM_BACK_RIGHT/n008-2018-08-29-16-04-13-0400__CAM_BACK_RIGHT__1535573961428113.jpg"], "intrinsics": [[[1257.8625342125129, 0.0, 827.2410631095686], [0.0, 1257.8625342125129, 450.915498205774], [0.0, 0.0, 1.0]], [[1252.8131021185304, 0.0, 826.588114781398], [0.0, 1252.8131021185304, 469.9846626224581], [0.0, 0.0, 1.0]], [[1256.7485116440405, 0.0, 817.7887570959712], [0.0, 1256.7485116440403, 451.9541780095127], [0.0, 0.0, 1.0]], [[1254.9860565800168, 0.0, 829.5769333630991], [0.0, 1254.9860565800168, 467.1680561863987], [0.0, 0.0, 1.0]], [[796.8910634503094, 0.0, 857.7774326863696], [0.0, 796.8910634503094, 476.8848988407415], [0.0, 0.0, 1.0]], [[1249.9629280788233, 0.0, 825.3768045375984], [0.0, 1249.9629280788233, 462.54816385708756], [0.0, 0.0, 1.0]]], "extrinsics": [[[0.8225058913230896, -0.5686311721801758, 0.011946385726332664, -1.004913330078125], [0.015152612701058388, 0.0009111428516916931, -0.9998847842216492, 1.488295555114746], [0.5685548186302185, 0.8225920796394348, 0.009365667589008808, -1.3333740234375], [0.0, 0.0, 0.0, 1.0]], [[0.010292358696460724, -0.9999412894248962, 0.003382057184353471, 0.00537109375], [0.017113711684942245, -0.0032055925112217665, -0.9998484253883362, 1.48016357421875], [0.9998005628585815, 0.010348647832870483, 0.017079714685678482, -1.7347412109375], [0.0, 0.0, 0.0, 1.0]], [[-0.8438476324081421, -0.5363777279853821, -0.014839323237538338, 1.0906982421875], [0.025140956044197083, -0.01189749501645565, -0.9996131062507629, 1.4930729866027832], [0.5359936356544495, -0.8438941240310669, 0.02352472022175789, -1.2774658203125], [0.0, 0.0, 0.0, 1.0]], [[0.9478845596313477, 0.3186129927635193, 0.0008212255779653788, -1.1439208984375], [-0.00022899660689290613, 0.003258757758885622, -0.9999946355819702, 1.5620427131652832], [-0.31861403584480286, 0.9478793144226074, 0.0031618871726095676, -0.1561279296875], [0.0, 0.0, 0.0, 1.0]], [[0.009184900671243668, 0.9999487996101379, -0.004245673306286335, -0.0289306640625], [0.001896760193631053, -0.004263266455382109, -0.9999890923500061, 1.5680603981018066], [-0.9999560713768005, 0.009176756255328655, -0.001935820560902357, 0.04437255859375], [0.0, 0.0, 0.0, 1.0]], [[-0.9236581325531006, 0.38288530707359314, -0.015951674431562424, 1.1605911254882812], [0.00608523515984416, -0.02696603536605835, -0.9996178150177002, 1.5478134155273438], [-0.38316917419433594, -0.9234021902084351, 0.022577449679374695, -0.043701171875], [0.0, 0.0, 0.0, 1.0]]], "view": [[0.0, -2.0, 100.0], [-2.0, 0.0, 100.0], [0.0, 0.0, 1.0]], "bev": "bev_64adb38560234968acfef20bb9371dcc.png", "aux": "aux_64adb38560234968acfef20bb9371dcc.npz", "visibility": "visibility_64adb38560234968acfef20bb9371dcc.png", "pose": [[0.8755009174346924, 0.48321646451950073, 0.0, 1422.2147216796875], [-0.48321646451950073, 0.8755009174346924, 0.0, 1252.9818115234375], [0.0, 0.0, 1.0, 0.0], [0.0, 0.0, 0.0, 1.0]], "pose_inverse": [[0.8755009174346924, -0.48321646451950073, 0.0, -639.6888427734375], [0.48321646451950073, 0.8755009174346924, 0.0, -1784.2242431640625], [0.0, 0.0, 1.0, 0.0], [0.0, 0.0, 0.0, 1.0]], "cam_ids": [0, 1, 2, 3, 4, 5], "cam_channels": ["CAM_FRONT_LEFT", "CAM_FRONT", "CAM_FRONT_RIGHT", "CAM_BACK_LEFT", "CAM_BACK", "CAM_BACK_RIGHT"], "token": "64adb38560234968acfef20bb9371dcc", "scene": "scene-0731"}, {"images": ["samples/CAM_FRONT_LEFT/n008-2018-08-29-16-04-13-0400__CAM_FRONT_LEFT__1535573961904799.jpg", "samples/CAM_FRONT/n008-2018-08-29-16-04-13-0400__CAM_FRONT__1535573961912404.jpg", "samples/CAM_FRONT_RIGHT/n008-2018-08-29-16-04-13-0400__CAM_FRONT_RIGHT__1535573961920482.jpg", "samples/CAM_BACK_LEFT/n008-2018-08-29-16-04-13-0400__CAM_BACK_LEFT__1535573961949189.jpg", "samples/CAM_BACK/n008-2018-08-29-16-04-13-0400__CAM_BACK__1535573961937558.jpg", "samples/CAM_BACK_RIGHT/n008-2018-08-29-16-04-13-0400__CAM_BACK_RIGHT__1535573961928113.jpg"], "intrinsics": [[[1257.8625342125129, 0.0, 827.2410631095686], [0.0, 1257.8625342125129, 450.915498205774], [0.0, 0.0, 1.0]], [[1252.8131021185304, 0.0, 826.588114781398], [0.0, 1252.8131021185304, 469.9846626224581], [0.0, 0.0, 1.0]], [[1256.7485116440405, 0.0, 817.7887570959712], [0.0, 1256.7485116440403, 451.9541780095127], [0.0, 0.0, 1.0]], [[1254.9860565800168, 0.0, 829.5769333630991], [0.0, 1254.9860565800168, 467.1680561863987], [0.0, 0.0, 1.0]], [[796.8910634503094, 0.0, 857.7774326863696], [0.0, 796.8910634503094, 476.8848988407415], [0.0, 0.0, 1.0]], [[1249.9629280788233, 0.0, 825.3768045375984], [0.0, 1249.9629280788233, 462.54816385708756], [0.0, 0.0, 1.0]]], "extrinsics": [[[0.8225104808807373, -0.5686265230178833, 0.01184751745313406, -1.004913330078125], [0.015019487589597702, 0.0008925205329433084, -0.9998867511749268, 1.4882946014404297], [0.5685515999794006, 0.8225952982902527, 0.009274587035179138, -1.3333740234375], [0.0, 0.0, 0.0, 1.0]], [[0.010294570587575436, -0.9999412298202515, 0.003381254617124796, 0.0054931640625], [0.01697472482919693, -0.0032061897218227386, -0.9998507499694824, 1.4801669120788574], [0.9998029470443726, 0.010350431315600872, 0.01694072224199772, -1.734619140625], [0.0, 0.0, 0.0, 1.0]], [[-0.84385085105896, -0.5363756418228149, -0.014726712368428707, 1.0904541015625], [0.024995731189846992, -0.01187898125499487, -0.9996169805526733, 1.4930729866027832], [0.5359953045845032, -0.8438957333564758, 0.023431191220879555, -1.277587890625], [0.0, 0.0, 0.0, 1.0]], [[0.9478856921195984, 0.3186098039150238, 0.0007197838858701289, -1.1439208984375], [-0.00035257829586043954, 0.003308071056380868, -0.9999944567680359, 1.5620427131652832], [-0.31861039996147156, 0.9478801488876343, 0.0032480075024068356, -0.1561279296875], [0.0, 0.0, 0.0, 1.0]], [[0.009186693467199802, 0.9999489784240723, -0.004200052469968796, -0.0286865234375], [0.0017593475058674812, -0.004216386470943689, -0.9999895691871643, 1.568061351776123], [-0.9999562501907349, 0.009179213084280491, -0.0017979920376092196, 0.04425048828125], [0.0, 0.0, 0.0, 1.0]], [[-0.9236592054367065, 0.38288891315460205, -0.01580512896180153, 1.1607666015625], [0.0059419251047074795, -0.0269289743155241, -0.999619722366333, 1.5478134155273438], [-0.3831688165664673, -0.9234018325805664, 0.02259809896349907, -0.043701171875], [0.0, 0.0, 0.0, 1.0]]], "view": [[0.0, -2.0, 100.0], [-2.0, 0.0, 100.0], [0.0, 0.0, 1.0]], "bev": "bev_7b82924d9448410c824f1476a5046cd6.png", "aux": "aux_7b82924d9448410c824f1476a5046cd6.npz", "visibility": "visibility_7b82924d9448410c824f1476a5046cd6.png", "pose": [[0.875576376914978, 0.4830796718597412, 0.0, 1422.214599609375], [-0.4830796718597412, 0.875576376914978, 0.0, 1252.9815673828125], [0.0, 0.0, 1.0, 0.0], [0.0, 0.0, 0.0, 1.0]], "pose_inverse": [[0.875576376914978, -0.4830796718597412, 0.0, -639.9675903320312], [0.4830796718597412, 0.875576376914978, 0.0, -1784.1240234375], [0.0, 0.0, 1.0, 0.0], [0.0, 0.0, 0.0, 1.0]], "cam_ids": [0, 1, 2, 3, 4, 5], "cam_channels": ["CAM_FRONT_LEFT", "CAM_FRONT", "CAM_FRONT_RIGHT", "CAM_BACK_LEFT", "CAM_BACK", "CAM_BACK_RIGHT"], "token": "7b82924d9448410c824f1476a5046cd6", "scene": "scene-0731"}, {"images": ["samples/CAM_FRONT_LEFT/n008-2018-08-29-16-04-13-0400__CAM_FRONT_LEFT__1535573962404799.jpg", "samples/CAM_FRONT/n008-2018-08-29-16-04-13-0400__CAM_FRONT__1535573962412404.jpg", "samples/CAM_FRONT_RIGHT/n008-2018-08-29-16-04-13-0400__CAM_FRONT_RIGHT__1535573962420482.jpg", "samples/CAM_BACK_LEFT/n008-2018-08-29-16-04-13-0400__CAM_BACK_LEFT__1535573962447405.jpg", "samples/CAM_BACK/n008-2018-08-29-16-04-13-0400__CAM_BACK__1535573962437558.jpg", "samples/CAM_BACK_RIGHT/n008-2018-08-29-16-04-13-0400__CAM_BACK_RIGHT__1535573962428113.jpg"], "intrinsics": [[[1257.8625342125129, 0.0, 827.2410631095686], [0.0, 1257.8625342125129, 450.915498205774], [0.0, 0.0, 1.0]], [[1252.8131021185304, 0.0, 826.588114781398], [0.0, 1252.8131021185304, 469.9846626224581], [0.0, 0.0, 1.0]], [[1256.7485116440405, 0.0, 817.7887570959712], [0.0, 1256.7485116440403, 451.9541780095127], [0.0, 0.0, 1.0]], [[1254.9860565800168, 0.0, 829.5769333630991], [0.0, 1254.9860565800168, 467.1680561863987], [0.0, 0.0, 1.0]], [[796.8910634503094, 0.0, 857.7774326863696], [0.0, 796.8910634503094, 476.8848988407415], [0.0, 0.0, 1.0]], [[1249.9629280788233, 0.0, 825.3768045375984], [0.0, 1249.9629280788233, 462.54816385708756], [0.0, 0.0, 1.0]]], "extrinsics": [[[0.8225289583206177, -0.5686003565788269, 0.011824521236121655, -1.00506591796875], [0.014966696500778198, 0.0008571064681746066, -0.9998876452445984, 1.488295555114746], [0.5685263276100159, 0.822613537311554, 0.009215062484145164, -1.3333740234375], [0.0, 0.0, 0.0, 1.0]], [[0.010322639718651772, -0.9999408721923828, 0.0034358182456344366, 0.0052490234375], [0.016937797889113426, -0.003260659286752343, -0.9998512268066406, 1.4801645278930664], [0.9998031854629517, 0.010379278101027012, 0.016903135925531387, -1.73468017578125], [0.0, 0.0, 0.0, 1.0]], [[-0.8438382148742676, -0.5363972187042236, -0.014667809009552002, 1.090576171875], [0.024974212050437927, -0.011953841894865036, -0.9996166229248047, 1.4930734634399414], [0.5360162258148193, -0.8438810110092163, 0.02348320372402668, -1.2774658203125], [0.0, 0.0, 0.0, 1.0]], [[0.9478856921195984, 0.31861019134521484, 0.0006476013222709298, -1.1439208984375], [-0.00039924521115608513, 0.003220351878553629, -0.9999947547912598, 1.5620436668395996], [-0.31861060857772827, 0.9478803873062134, 0.0031797313131392, -0.156005859375], [0.0, 0.0, 0.0, 1.0]], [[0.009177478030323982, 0.9999486804008484, -0.00429551349952817, -0.02880859375], [0.0017176971305161715, -0.004311452154070139, -0.9999892115592957, 1.568061351776123], [-0.9999564290046692, 0.00916996132582426, -0.0017571772914379835, 0.044189453125], [0.0, 0.0, 0.0, 1.0]], [[-0.9236667156219482, 0.3828704059123993, -0.015815120190382004, 1.1606216430664062], [0.0059136636555194855, -0.027024323120713234, -0.9996172785758972, 1.5478134155273438], [-0.38315123319625854, -0.9234066605567932, 0.02269729971885681, -0.043701171875], [0.0, 0.0, 0.0, 1.0]]], "view": [[0.0, -2.0, 100.0], [-2.0, 0.0, 100.0], [0.0, 0.0, 1.0]], "bev": "bev_8715fc26069447f482b5d1b01d571cd9.png", "aux": "aux_8715fc26069447f482b5d1b01d571cd9.npz", "visibility": "visibility_8715fc26069447f482b5d1b01d571cd9.png", "pose": [[0.8755640983581543, 0.4831019937992096, 0.0, 1422.2144775390625], [-0.4831019937992096, 0.8755640983581543, 0.0, 1252.9814453125], [0.0, 0.0, 1.0, 0.0], [0.0, 0.0, 0.0, 1.0]], "pose_inverse": [[0.8755640983581543, -0.4831019937992096, 0.0, -639.9220581054688], [0.4831019937992096, 0.8755640983581543, 0.0, -1784.1402587890625], [0.0, 0.0, 1.0, 0.0], [0.0, 0.0, 0.0, 1.0]], "cam_ids": [0, 1, 2, 3, 4, 5], "cam_channels": ["CAM_FRONT_LEFT", "CAM_FRONT", "CAM_FRONT_RIGHT", "CAM_BACK_LEFT", "CAM_BACK", "CAM_BACK_RIGHT"], "token": "8715fc26069447f482b5d1b01d571cd9", "scene": "scene-0731"}, {"images": ["samples/CAM_FRONT_LEFT/n008-2018-08-29-16-04-13-0400__CAM_FRONT_LEFT__1535573962904799.jpg", "samples/CAM_FRONT/n008-2018-08-29-16-04-13-0400__CAM_FRONT__1535573962912404.jpg", "samples/CAM_FRONT_RIGHT/n008-2018-08-29-16-04-13-0400__CAM_FRONT_RIGHT__1535573962920482.jpg", "samples/CAM_BACK_LEFT/n008-2018-08-29-16-04-13-0400__CAM_BACK_LEFT__1535573962948515.jpg", "samples/CAM_BACK/n008-2018-08-29-16-04-13-0400__CAM_BACK__1535573962937558.jpg", "samples/CAM_BACK_RIGHT/n008-2018-08-29-16-04-13-0400__CAM_BACK_RIGHT__1535573962928113.jpg"], "intrinsics": [[[1257.8625342125129, 0.0, 827.2410631095686], [0.0, 1257.8625342125129, 450.915498205774], [0.0, 0.0, 1.0]], [[1252.8131021185304, 0.0, 826.588114781398], [0.0, 1252.8131021185304, 469.9846626224581], [0.0, 0.0, 1.0]], [[1256.7485116440405, 0.0, 817.7887570959712], [0.0, 1256.7485116440403, 451.9541780095127], [0.0, 0.0, 1.0]], [[1254.9860565800168, 0.0, 829.5769333630991], [0.0, 1254.9860565800168, 467.1680561863987], [0.0, 0.0, 1.0]], [[796.8910634503094, 0.0, 857.7774326863696], [0.0, 796.8910634503094, 476.8848988407415], [0.0, 0.0, 1.0]], [[1249.9629280788233, 0.0, 825.3768045375984], [0.0, 1249.9629280788233, 462.54816385708756], [0.0, 0.0, 1.0]]], "extrinsics": [[[0.8225297927856445, -0.5685985088348389, 0.01185688842087984, -1.00518798828125], [0.014960261061787605, 0.0007908993284218013, -0.9998877644538879, 1.4882917404174805], [0.5685252547264099, 0.8226149082183838, 0.009156918153166771, -1.3333740234375], [0.0, 0.0, 0.0, 1.0]], [[0.010323157534003258, -0.9999406337738037, 0.0035032485611736774, 0.0052490234375], [0.01691562868654728, -0.0033283045049756765, -0.999851405620575, 1.4801654815673828], [0.9998036026954651, 0.010380878113210201, 0.01688026264309883, -1.734619140625], [0.0, 0.0, 0.0, 1.0]], [[-0.8438389897346497, -0.5363978147506714, -0.014599320478737354, 1.090576171875], [0.024936841800808907, -0.012022708542644978, -0.9996166825294495, 1.493072509765625], [0.5360167026519775, -0.8438796401023865, 0.02352129854261875, -1.277587890625], [0.0, 0.0, 0.0, 1.0]], [[0.9478867053985596, 0.31860700249671936, 0.0005657424917444587, -1.1439208984375], [-0.00044292217353358865, 0.003093400504440069, -0.9999951124191284, 1.5620408058166504], [-0.31860724091529846, 0.9478818774223328, 0.0030733130406588316, -0.156005859375], [0.0, 0.0, 0.0, 1.0]], [[0.00917813926935196, 0.999948263168335, -0.00439464021474123, -0.0286865234375], [0.001677297055721283, -0.004410214722156525, -0.999988853931427, 1.568058967590332], [-0.9999565482139587, 0.00917064119130373, -0.0017176871187984943, 0.04425048828125], [0.0, 0.0, 0.0, 1.0]], [[-0.9236670136451721, 0.38287001848220825, -0.015810035169124603, 1.160736083984375], [0.005876561626791954, -0.02710050716996193, -0.9996154308319092, 1.5478096008300781], [-0.38315117359161377, -0.9234046936035156, 0.02278188243508339, -0.0438232421875], [0.0, 0.0, 0.0, 1.0]]], "view": [[0.0, -2.0, 100.0], [-2.0, 0.0, 100.0], [0.0, 0.0, 1.0]], "bev": "bev_36ab364b865643b9ae2cf3b0ec2d4aaf.png", "aux": "aux_36ab364b865643b9ae2cf3b0ec2d4aaf.npz", "visibility": "visibility_36ab364b865643b9ae2cf3b0ec2d4aaf.png", "pose": [[0.8755605816841125, 0.48310837149620056, 0.0, 1422.21435546875], [-0.48310837149620056, 0.8755605816841125, 0.0, 1252.981201171875], [0.0, 0.0, 1.0, 0.0], [0.0, 0.0, 0.0, 1.0]], "pose_inverse": [[0.8755605816841125, -0.48310837149620056, 0.0, -639.9090576171875], [0.48310837149620056, 0.8755605816841125, 0.0, -1784.1446533203125], [0.0, 0.0, 1.0, 0.0], [0.0, 0.0, 0.0, 1.0]], "cam_ids": [0, 1, 2, 3, 4, 5], "cam_channels": ["CAM_FRONT_LEFT", "CAM_FRONT", "CAM_FRONT_RIGHT", "CAM_BACK_LEFT", "CAM_BACK", "CAM_BACK_RIGHT"], "token": "36ab364b865643b9ae2cf3b0ec2d4aaf", "scene": "scene-0731"}, {"images": ["samples/CAM_FRONT_LEFT/n008-2018-08-29-16-04-13-0400__CAM_FRONT_LEFT__1535573963404799.jpg", "samples/CAM_FRONT/n008-2018-08-29-16-04-13-0400__CAM_FRONT__1535573963412417.jpg", "samples/CAM_FRONT_RIGHT/n008-2018-08-29-16-04-13-0400__CAM_FRONT_RIGHT__1535573963420482.jpg", "samples/CAM_BACK_LEFT/n008-2018-08-29-16-04-13-0400__CAM_BACK_LEFT__1535573963447405.jpg", "samples/CAM_BACK/n008-2018-08-29-16-04-13-0400__CAM_BACK__1535573963437558.jpg", "samples/CAM_BACK_RIGHT/n008-2018-08-29-16-04-13-0400__CAM_BACK_RIGHT__1535573963428113.jpg"], "intrinsics": [[[1257.8625342125129, 0.0, 827.2410631095686], [0.0, 1257.8625342125129, 450.915498205774], [0.0, 0.0, 1.0]], [[1252.8131021185304, 0.0, 826.588114781398], [0.0, 1252.8131021185304, 469.9846626224581], [0.0, 0.0, 1.0]], [[1256.7485116440405, 0.0, 817.7887570959712], [0.0, 1256.7485116440403, 451.9541780095127], [0.0, 0.0, 1.0]], [[1254.9860565800168, 0.0, 829.5769333630991], [0.0, 1254.9860565800168, 467.1680561863987], [0.0, 0.0, 1.0]], [[796.8910634503094, 0.0, 857.7774326863696], [0.0, 796.8910634503094, 476.8848988407415], [0.0, 0.0, 1.0]], [[1249.9629280788233, 0.0, 825.3768045375984], [0.0, 1249.9629280788233, 462.54816385708756], [0.0, 0.0, 1.0]]], "extrinsics": [[[0.8225052952766418, -0.5686302781105042, 0.01202373392879963, -1.004913330078125], [0.015043815597891808, 0.0006177073228172958, -0.9998866319656372, 1.4882946014404297], [0.5685584545135498, 0.8225929737091064, 0.00906243734061718, -1.3333740234375], [0.0, 0.0, 0.0, 1.0]], [[0.010285895317792892, -0.9999403357505798, 0.0036721446085721254, 0.00537109375], [0.01700064167380333, -0.00349693326279521, -0.9998493790626526, 1.4801645278930664], [0.9998025894165039, 0.010346743278205395, 0.01696365885436535, -1.73468017578125], [0.0, 0.0, 0.0, 1.0]], [[-0.843855082988739, -0.5363729000091553, -0.014585092663764954, 1.090576171875], [0.025023287162184715, -0.012186642736196518, -0.99961256980896, 1.4930777549743652], [0.5359873175621033, -0.8438931107521057, 0.023705575615167618, -1.2774658203125], [0.0, 0.0, 0.0, 1.0]], [[0.9478874206542969, 0.3186049163341522, 0.0006060636951588094, -1.1439208984375], [-0.00036147338687442243, 0.0029776596929877996, -0.9999954700469971, 1.562044620513916], [-0.31860533356666565, 0.9478829503059387, 0.0029376521706581116, -0.156005859375], [0.0, 0.0, 0.0, 1.0]], [[0.00919339433312416, 0.9999474287033081, -0.004531542770564556, -0.02880859375], [0.0017675365088507533, -0.0045479764230549335, -0.9999880790710449, 1.5680608749389648], [-0.9999561905860901, 0.009185303002595901, -0.0018092553364112973, 0.0443115234375], [0.0, 0.0, 0.0, 1.0]], [[-0.9236552715301514, 0.3828921318054199, -0.01595517247915268, 1.1607131958007812], [0.005969319026917219, -0.027254069223999977, -0.9996107220649719, 1.5478134155273438], [-0.38317787647247314, -0.9233909249305725, 0.022887758910655975, -0.043701171875], [0.0, 0.0, 0.0, 1.0]]], "view": [[0.0, -2.0, 100.0], [-2.0, 0.0, 100.0], [0.0, 0.0, 1.0]], "bev": "bev_eb6a5a5a40054263a2b9650ffcc6c536.png", "aux": "aux_eb6a5a5a40054263a2b9650ffcc6c536.npz", "visibility": "visibility_eb6a5a5a40054263a2b9650ffcc6c536.png", "pose": [[0.8755500316619873, 0.4831274449825287, 0.0, 1422.21435546875], [-0.4831274449825287, 0.8755500316619873, 0.0, 1252.9810791015625], [0.0, 0.0, 1.0, 0.0], [0.0, 0.0, 0.0, 1.0]], "pose_inverse": [[0.8755500316619873, -0.4831274449825287, 0.0, -639.8703002929688], [0.4831274449825287, 0.8755500316619873, 0.0, -1784.158447265625], [0.0, 0.0, 1.0, 0.0], [0.0, 0.0, 0.0, 1.0]], "cam_ids": [0, 1, 2, 3, 4, 5], "cam_channels": ["CAM_FRONT_LEFT", "CAM_FRONT", "CAM_FRONT_RIGHT", "CAM_BACK_LEFT", "CAM_BACK", "CAM_BACK_RIGHT"], "token": "eb6a5a5a40054263a2b9650ffcc6c536", "scene": "scene-0731"}, {"images": ["samples/CAM_FRONT_LEFT/n008-2018-08-29-16-04-13-0400__CAM_FRONT_LEFT__1535573963904799.jpg", "samples/CAM_FRONT/n008-2018-08-29-16-04-13-0400__CAM_FRONT__1535573963912404.jpg", "samples/CAM_FRONT_RIGHT/n008-2018-08-29-16-04-13-0400__CAM_FRONT_RIGHT__1535573963920572.jpg", "samples/CAM_BACK_LEFT/n008-2018-08-29-16-04-13-0400__CAM_BACK_LEFT__1535573963947429.jpg", "samples/CAM_BACK/n008-2018-08-29-16-04-13-0400__CAM_BACK__1535573963937558.jpg", "samples/CAM_BACK_RIGHT/n008-2018-08-29-16-04-13-0400__CAM_BACK_RIGHT__1535573963928113.jpg"], "intrinsics": [[[1257.8625342125129, 0.0, 827.2410631095686], [0.0, 1257.8625342125129, 450.915498205774], [0.0, 0.0, 1.0]], [[1252.8131021185304, 0.0, 826.588114781398], [0.0, 1252.8131021185304, 469.9846626224581], [0.0, 0.0, 1.0]], [[1256.7485116440405, 0.0, 817.7887570959712], [0.0, 1256.7485116440403, 451.9541780095127], [0.0, 0.0, 1.0]], [[1254.9860565800168, 0.0, 829.5769333630991], [0.0, 1254.9860565800168, 467.1680561863987], [0.0, 0.0, 1.0]], [[796.8910634503094, 0.0, 857.7774326863696], [0.0, 796.8910634503094, 476.8848988407415], [0.0, 0.0, 1.0]], [[1249.9629280788233, 0.0, 825.3768045375984], [0.0, 1249.9629280788233, 462.54816385708756], [0.0, 0.0, 1.0]]], "extrinsics": [[[0.8224994540214539, -0.5686378479003906, 0.012067247182130814, -1.004913330078125], [0.015091211535036564, 0.0006096002762205899, -0.9998859167098999, 1.4882936477661133], [0.5685656666755676, 0.822587788105011, 0.009082830511033535, -1.33349609375], [0.0, 0.0, 0.0, 1.0]], [[0.010279600508511066, -0.9999403357505798, 0.0036953692324459553, 0.0052490234375], [0.017075616866350174, -0.003519486403092742, -0.9998480081558228, 1.48016357421875], [0.9998013973236084, 0.010341138578951359, 0.017038417980074883, -1.73468017578125], [0.0, 0.0, 0.0, 1.0]], [[-0.8438548445701599, -0.5363714098930359, -0.014653068967163563, 1.0904541015625], [0.025127902626991272, -0.0122246528044343, -0.9996094703674316, 1.4930744171142578], [0.5359828472137451, -0.8438935279846191, 0.023793721571564674, -1.27734375], [0.0, 0.0, 0.0, 1.0]], [[0.9478870034217834, 0.3186061680316925, 0.0006735585629940033, -1.143798828125], [-0.0002663256018422544, 0.002906414680182934, -0.999995768070221, 1.5620441436767578], [-0.31860676407814026, 0.9478827118873596, 0.002839805092662573, -0.1561279296875], [0.0, 0.0, 0.0, 1.0]], [[0.009192584082484245, 0.9999472498893738, -0.0045799254439771175, -0.0289306640625], [0.0018551680259406567, -0.004597162827849388, -0.9999876618385315, 1.5680603981018066], [-0.9999560117721558, 0.00918402336537838, -0.0018973309779539704, 0.0443115234375], [0.0, 0.0, 0.0, 1.0]], [[-0.9236540198326111, 0.38289082050323486, -0.016059307381510735, 1.160736083984375], [0.006065089721232653, -0.027294950559735298, -0.9996090531349182, 1.5478096008300781], [-0.3831794261932373, -0.9233903288841248, 0.022888824343681335, -0.0438232421875], [0.0, 0.0, 0.0, 1.0]]], "view": [[0.0, -2.0, 100.0], [-2.0, 0.0, 100.0], [0.0, 0.0, 1.0]], "bev": "bev_b35112b5a1d5467d9441311ced8ca8aa.png", "aux": "aux_b35112b5a1d5467d9441311ced8ca8aa.npz", "visibility": "visibility_b35112b5a1d5467d9441311ced8ca8aa.png", "pose": [[0.8755922317504883, 0.48305100202560425, 0.0, 1422.2142333984375], [-0.48305100202560425, 0.8755922317504883, 0.0, 1252.98095703125], [0.0, 0.0, 1.0, 0.0], [0.0, 0.0, 0.0, 1.0]], "pose_inverse": [[0.8755922317504883, -0.48305100202560425, 0.0, -640.0260009765625], [0.48305100202560425, 0.8755922317504883, 0.0, -1784.1024169921875], [0.0, 0.0, 1.0, 0.0], [0.0, 0.0, 0.0, 1.0]], "cam_ids": [0, 1, 2, 3, 4, 5], "cam_channels": ["CAM_FRONT_LEFT", "CAM_FRONT", "CAM_FRONT_RIGHT", "CAM_BACK_LEFT", "CAM_BACK", "CAM_BACK_RIGHT"], "token": "b35112b5a1d5467d9441311ced8ca8aa", "scene": "scene-0731"}, {"images": ["samples/CAM_FRONT_LEFT/n008-2018-08-29-16-04-13-0400__CAM_FRONT_LEFT__1535573964404799.jpg", "samples/CAM_FRONT/n008-2018-08-29-16-04-13-0400__CAM_FRONT__1535573964412404.jpg", "samples/CAM_FRONT_RIGHT/n008-2018-08-29-16-04-13-0400__CAM_FRONT_RIGHT__1535573964420482.jpg", "samples/CAM_BACK_LEFT/n008-2018-08-29-16-04-13-0400__CAM_BACK_LEFT__1535573964447405.jpg", "samples/CAM_BACK/n008-2018-08-29-16-04-13-0400__CAM_BACK__1535573964437558.jpg", "samples/CAM_BACK_RIGHT/n008-2018-08-29-16-04-13-0400__CAM_BACK_RIGHT__1535573964428113.jpg"], "intrinsics": [[[1257.8625342125129, 0.0, 827.2410631095686], [0.0, 1257.8625342125129, 450.915498205774], [0.0, 0.0, 1.0]], [[1252.8131021185304, 0.0, 826.588114781398], [0.0, 1252.8131021185304, 469.9846626224581], [0.0, 0.0, 1.0]], [[1256.7485116440405, 0.0, 817.7887570959712], [0.0, 1256.7485116440403, 451.9541780095127], [0.0, 0.0, 1.0]], [[1254.9860565800168, 0.0, 829.5769333630991], [0.0, 1254.9860565800168, 467.1680561863987], [0.0, 0.0, 1.0]], [[796.8910634503094, 0.0, 857.7774326863696], [0.0, 796.8910634503094, 476.8848988407415], [0.0, 0.0, 1.0]], [[1249.9629280788233, 0.0, 825.3768045375984], [0.0, 1249.9629280788233, 462.54816385708756], [0.0, 0.0, 1.0]]], "extrinsics": [[[0.8225221037864685, -0.5686014890670776, 0.012236359529197216, -1.004913330078125], [0.015312312170863152, 0.0006327704759314656, -0.9998825192451477, 1.4882936477661133], [0.5685269832611084, 0.8226128220558167, 0.009227070026099682, -1.3333740234375], [0.0, 0.0, 0.0, 1.0]], [[0.010317273437976837, -0.9999399781227112, 0.0036725387908518314, 0.00537109375], [0.017278527840971947, -0.0034939090255647898, -0.9998446106910706, 1.48016357421875], [0.9997974634170532, 0.010379188694059849, 0.01724144257605076, -1.734619140625], [0.0, 0.0, 0.0, 1.0]], [[-0.8438350558280945, -0.5363979339599609, -0.014821525663137436, 1.0904541015625], [0.025310050696134567, -0.012195859104394913, -0.9996052384376526, 1.493070125579834], [0.536005437374115, -0.8438770771026611, 0.02386755309998989, -1.277587890625], [0.0, 0.0, 0.0, 1.0]], [[0.9478848576545715, 0.3186118006706238, 0.0008695599972270429, -1.143798828125], [-7.103908865246922e-05, 0.002940547652542591, -0.9999956488609314, 1.562044620513916], [-0.3186129927635193, 0.947880744934082, 0.0028099336195737123, -0.1561279296875], [0.0, 0.0, 0.0, 1.0]], [[0.00917829293757677, 0.9999474883079529, -0.004550132434815168, -0.02880859375], [0.0020523483399301767, -0.004569149576127529, -0.9999874234199524, 1.5680618286132812], [-0.9999557137489319, 0.009168830700218678, -0.0020941798575222492, 0.0443115234375], [0.0, 0.0, 0.0, 1.0]], [[-0.9236604571342468, 0.38286831974983215, -0.01621919870376587, 1.1607894897460938], [0.006249136291444302, -0.027269870042800903, -0.99960857629776, 1.5478134155273438], [-0.38316068053245544, -0.923400342464447, 0.022795505821704865, -0.043701171875], [0.0, 0.0, 0.0, 1.0]]], "view": [[0.0, -2.0, 100.0], [-2.0, 0.0, 100.0], [0.0, 0.0, 1.0]], "bev": "bev_eb39002154d34d92a1ae96d7d51711f2.png", "aux": "aux_eb39002154d34d92a1ae96d7d51711f2.npz", "visibility": "visibility_eb39002154d34d92a1ae96d7d51711f2.png", "pose": [[0.8755981922149658, 0.48304012417793274, 0.0, 1422.2142333984375], [-0.48304012417793274, 0.8755981922149658, 0.0, 1252.9808349609375], [0.0, 0.0, 1.0, 0.0], [0.0, 0.0, 0.0, 1.0]], "pose_inverse": [[0.8755981922149658, -0.48304012417793274, 0.0, -640.0482177734375], [0.48304012417793274, 0.8755981922149658, 0.0, -1784.0943603515625], [0.0, 0.0, 1.0, 0.0], [0.0, 0.0, 0.0, 1.0]], "cam_ids": [0, 1, 2, 3, 4, 5], "cam_channels": ["CAM_FRONT_LEFT", "CAM_FRONT", "CAM_FRONT_RIGHT", "CAM_BACK_LEFT", "CAM_BACK", "CAM_BACK_RIGHT"], "token": "eb39002154d34d92a1ae96d7d51711f2", "scene": "scene-0731"}, {"images": ["samples/CAM_FRONT_LEFT/n008-2018-08-29-16-04-13-0400__CAM_FRONT_LEFT__1535573964854799.jpg", "samples/CAM_FRONT/n008-2018-08-29-16-04-13-0400__CAM_FRONT__1535573964862404.jpg", "samples/CAM_FRONT_RIGHT/n008-2018-08-29-16-04-13-0400__CAM_FRONT_RIGHT__1535573964870482.jpg", "samples/CAM_BACK_LEFT/n008-2018-08-29-16-04-13-0400__CAM_BACK_LEFT__1535573964897405.jpg", "samples/CAM_BACK/n008-2018-08-29-16-04-13-0400__CAM_BACK__1535573964887558.jpg", "samples/CAM_BACK_RIGHT/n008-2018-08-29-16-04-13-0400__CAM_BACK_RIGHT__1535573964878113.jpg"], "intrinsics": [[[1257.8625342125129, 0.0, 827.2410631095686], [0.0, 1257.8625342125129, 450.915498205774], [0.0, 0.0, 1.0]], [[1252.8131021185304, 0.0, 826.588114781398], [0.0, 1252.8131021185304, 469.9846626224581], [0.0, 0.0, 1.0]], [[1256.7485116440405, 0.0, 817.7887570959712], [0.0, 1256.7485116440403, 451.9541780095127], [0.0, 0.0, 1.0]], [[1254.9860565800168, 0.0, 829.5769333630991], [0.0, 1254.9860565800168, 467.1680561863987], [0.0, 0.0, 1.0]], [[796.8910634503094, 0.0, 857.7774326863696], [0.0, 796.8910634503094, 476.8848988407415], [0.0, 0.0, 1.0]], [[1249.9629280788233, 0.0, 825.3768045375984], [0.0, 1249.9629280788233, 462.54816385708756], [0.0, 0.0, 1.0]]], "extrinsics": [[[0.8224925994873047, -0.5686438679695129, 0.012249241583049297, -1.00494384765625], [0.015375192277133465, 0.0007002487545832992, -0.9998815655708313, 1.4882946014404297], [0.5685678124427795, 0.8225835561752319, 0.009318957105278969, -1.33349609375], [0.0, 0.0, 0.0, 1.0]], [[0.010274049825966358, -0.999940812587738, 0.0035983046982437372, 0.0054931640625], [0.017326872795820236, -0.003419928951188922, -0.9998440742492676, 1.4801669120788574], [0.9997970461845398, 0.010334765538573265, 0.017290709540247917, -1.7347412109375], [0.0, 0.0, 0.0, 1.0]], [[-0.8438533544540405, -0.5363671183586121, -0.014892288483679295, 1.0904541015625], [0.02534308098256588, -0.012117505073547363, -0.9996053576469421, 1.4930758476257324], [0.5359750390052795, -0.8438977599143982, 0.023818593472242355, -1.2774658203125], [0.0, 0.0, 0.0, 1.0]], [[0.9478873014450073, 0.31860464811325073, 0.0009149991674348712, -1.1439208984375], [-5.894475179957226e-05, 0.0030472520738840103, -0.9999953508377075, 1.5620441436767578], [-0.3186059594154358, 0.9478828310966492, 0.0029072321485728025, -0.1561279296875], [0.0, 0.0, 0.0, 1.0]], [[0.009194105863571167, 0.9999478459358215, -0.004447076469659805, -0.028808