[{"images": ["samples/CAM_FRONT_LEFT/n008-2018-08-29-16-04-13-0400__CAM_FRONT_LEFT__1535573939904799.jpg", "samples/CAM_FRONT/n008-2018-08-29-16-04-13-0400__CAM_FRONT__1535573939912404.jpg", "samples/CAM_FRONT_RIGHT/n008-2018-08-29-16-04-13-0400__CAM_FRONT_RIGHT__1535573939920482.jpg", "samples/CAM_BACK_LEFT/n008-2018-08-29-16-04-13-0400__CAM_BACK_LEFT__1535573939947405.jpg", "samples/CAM_BACK/n008-2018-08-29-16-04-13-0400__CAM_BACK__1535573939937558.jpg", "samples/CAM_BACK_RIGHT/n008-2018-08-29-16-04-13-0400__CAM_BACK_RIGHT__1535573939928113.jpg"], "intrinsics": [[[1257.8625342125129, 0.0, 827.2410631095686], [0.0, 1257.8625342125129, 450.915498205774], [0.0, 0.0, 1.0]], [[1252.8131021185304, 0.0, 826.588114781398], [0.0, 1252.8131021185304, 469.9846626224581], [0.0, 0.0, 1.0]], [[1256.7485116440405, 0.0, 817.7887570959712], [0.0, 1256.7485116440403, 451.9541780095127], [0.0, 0.0, 1.0]], [[1254.9860565800168, 0.0, 829.5769333630991], [0.0, 1254.9860565800168, 467.1680561863987], [0.0, 0.0, 1.0]], [[796.8910634503094, 0.0, 857.7774326863696], [0.0, 796.8910634503094, 476.8848988407415], [0.0, 0.0, 1.0]], [[1249.9629280788233, 0.0, 825.3768045375984], [0.0, 1249.9629280788233, 462.54816385708756], [0.0, 0.0, 1.0]]], "extrinsics": [[[0.8225020170211792, -0.5686745643615723, -0.00998897198587656, -0.670654296875], [0.00337091158144176, 0.0224363524466753, -0.9997426271438599, 1.4894905090332031], [0.5687523484230042, 0.8222565650939941, 0.02037089318037033, -1.1107177734375], [0.0, 0.0, 0.0, 1.0]], [[0.010253696702420712, -0.9997807741165161, -0.018255645409226418, 0.0146484375], [0.005392089486122131, 0.018311623483896255, -0.9998177886009216, 1.4818458557128906], [0.9999328851699829, 0.01015344075858593, 0.005578669719398022, -1.4024658203125], [0.0, 0.0, 0.0, 1.0]], [[-0.8439612984657288, -0.5361490845680237, -0.01653601974248886, 0.8748779296875], [0.013485743664205074, 0.009609843604266644, -0.9998628497123718, 1.4965133666992188], [0.536234438419342, -0.8440686464309692, -0.0008799688657745719, -1.134765625], [0.0, 0.0, 0.0, 1.0]], [[0.9478663206100464, 0.318650484085083, -0.003368562553077936, -1.132080078125], [-0.01184941828250885, 0.02468022145330906, -0.9996251463890076, 1.5618896484375], [-0.31844794750213623, 0.947550892829895, 0.027169372886419296, -0.1602783203125], [0.0, 0.0, 0.0, 1.0]], [[0.009181477129459381, 0.9998115301132202, 0.017105083912611008, -0.030029296875], [-0.00973356980830431, 0.01719435304403305, -0.9998047947883606, 1.567026138305664], [-0.9999104738235474, 0.009013256058096886, 0.009889605455100536, -0.05816650390625], [0.0, 0.0, 0.0, 1.0]], [[-0.9237879514694214, 0.382892370223999, 0.0030299462378025055, 0.9847564697265625], [-0.005549086723476648, -0.005474974401295185, -0.9999696016311646, 1.5467844009399414], [-0.3828641176223755, -0.9237767457962036, 0.007182418834418058, -0.1126708984375], [0.0, 0.0, 0.0, 1.0]]], "view": [[0.0, -2.0, 100.0], [-2.0, 0.0, 100.0], [0.0, 0.0, 1.0]], "bev": "bev_1a32c1ae1e994668af8deb1c2edf1ae9.png", "aux": "aux_1a32c1ae1e994668af8deb1c2edf1ae9.npz", "visibility": "visibility_1a32c1ae1e994668af8deb1c2edf1ae9.png", "pose": [[0.8832385540008545, 0.468923956155777, 0.0, 1315.5355224609375], [-0.468923956155777, 0.8832385540008545, 0.0, 1311.392578125], [0.0, 0.0, 1.0, 0.0], [0.0, 0.0, 0.0, 1.0]], "pose_inverse": [[0.8832385540008545, -0.468923956155777, 0.0, -546.98828125], [0.468923956155777, 0.8832385540008545, 0.0, -1775.1585693359375], [0.0, 0.0, 1.0, 0.0], [0.0, 0.0, 0.0, 1.0]], "cam_ids": [0, 1, 2, 3, 4, 5], "cam_channels": ["CAM_FRONT_LEFT", "CAM_FRONT", "CAM_FRONT_RIGHT", "CAM_BACK_LEFT", "CAM_BACK", "CAM_BACK_RIGHT"], "token": "1a32c1ae1e994668af8deb1c2edf1ae9", "scene": "scene-0730"}, {"images": ["samples/CAM_FRONT_LEFT/n008-2018-08-29-16-04-13-0400__CAM_FRONT_LEFT__1535573940404799.jpg", "samples/CAM_FRONT/n008-2018-08-29-16-04-13-0400__CAM_FRONT__1535573940412404.jpg", "samples/CAM_FRONT_RIGHT/n008-2018-08-29-16-04-13-0400__CAM_FRONT_RIGHT__1535573940420482.jpg", "samples/CAM_BACK_LEFT/n008-2018-08-29-16-04-13-0400__CAM_BACK_LEFT__1535573940447405.jpg", "samples/CAM_BACK/n008-2018-08-29-16-04-13-0400__CAM_BACK__1535573940437572.jpg", "samples/CAM_BACK_RIGHT/n008-2018-08-29-16-04-13-0400__CAM_BACK_RIGHT__1535573940428113.jpg"], "intrinsics": [[[1257.8625342125129, 0.0, 827.2410631095686], [0.0, 1257.8625342125129, 450.915498205774], [0.0, 0.0, 1.0]], [[1252.8131021185304, 0.0, 826.588114781398], [0.0, 1252.8131021185304, 469.9846626224581], [0.0, 0.0, 1.0]], [[1256.7485116440405, 0.0, 817.7887570959712], [0.0, 1256.7485116440403, 451.9541780095127], [0.0, 0.0, 1.0]], [[1254.9860565800168, 0.0, 829.5769333630991], [0.0, 1254.9860565800168, 467.1680561863987], [0.0, 0.0, 1.0]], [[796.8910634503094, 0.0, 857.7774326863696], [0.0, 796.8910634503094, 476.8848988407415], [0.0, 0.0, 1.0]], [[1249.9629280788233, 0.0, 825.3768045375984], [0.0, 1249.9629280788233, 462.54816385708756], [0.0, 0.0, 1.0]]], "extrinsics": [[[0.8221947550773621, -0.5691085457801819, -0.010546013712882996, -0.67462158203125], [0.0046100914478302, 0.025184910744428635, -0.9996721744537354, 1.49005126953125], [0.5691876411437988, 0.821876585483551, 0.02333054319024086, -1.1087646484375], [0.0, 0.0, 0.0, 1.0]], [[0.009737328626215458, -0.9997313022613525, -0.021035902202129364, 0.01123046875], [0.006696073338389397, 0.02110162004828453, -0.9997549057006836, 1.482330322265625], [0.9999301433563232, 0.009594057686626911, 0.006899747531861067, -1.40289306640625], [0.0, 0.0, 0.0, 1.0]], [[-0.8442159295082092, -0.5356590151786804, -0.019209671765565872, 0.871826171875], [0.014856450259685516, 0.012440773658454418, -0.9998122453689575, 1.4969120025634766], [0.5357974171638489, -0.8443427681922913, -0.0025447076186537743, -1.1363525390625], [0.0, 0.0, 0.0, 1.0]], [[0.9478881359100342, 0.3185987174510956, -0.001767497044056654, -1.123291015625], [-0.011185509152710438, 0.02773364633321762, -0.9995527863502502, 1.561798095703125], [-0.31840720772743225, 0.9474838972091675, 0.02985207922756672, -0.1632080078125], [0.0, 0.0, 0.0, 1.0]], [[0.009415239095687866, 0.9997534155845642, 0.020111702382564545, -0.0284423828125], [-0.008836628869175911, 0.020194994285702705, -0.9997569918632507, 1.5670852661132812], [-0.999916672706604, 0.009235261008143425, 0.00902459118515253, -0.064208984375], [0.0, 0.0, 0.0, 1.0]], [[-0.9236240983009338, 0.3832871913909912, 0.003068351186811924, 0.98223876953125], [-0.004382422659546137, -0.002555263927206397, -0.9999871253967285, 1.5469717979431152], [-0.38327446579933167, -0.923625648021698, 0.004039830528199673, -0.1162109375], [0.0, 0.0, 0.0, 1.0]]], "view": [[0.0, -2.0, 100.0], [-2.0, 0.0, 100.0], [0.0, 0.0, 1.0]], "bev": "bev_558693705d274cf3a4e0a539b5700f35.png", "aux": "aux_558693705d274cf3a4e0a539b5700f35.npz", "visibility": "visibility_558693705d274cf3a4e0a539b5700f35.png", "pose": [[0.8837740421295166, 0.467913955450058, 0.0, 1319.564453125], [-0.467913955450058, 0.8837740421295166, 0.0, 1309.194091796875], [0.0, 0.0, 1.0, 0.0], [0.0, 0.0, 0.0, 1.0]], "pose_inverse": [[0.8837740421295166, -0.467913955450058, 0.0, -553.6066284179688], [0.467913955450058, 0.8837740421295166, 0.0, -1774.474365234375], [0.0, 0.0, 1.0, 0.0], [0.0, 0.0, 0.0, 1.0]], "cam_ids": [0, 1, 2, 3, 4, 5], "cam_channels": ["CAM_FRONT_LEFT", "CAM_FRONT", "CAM_FRONT_RIGHT", "CAM_BACK_LEFT", "CAM_BACK", "CAM_BACK_RIGHT"], "token": "558693705d274cf3a4e0a539b5700f35", "scene": "scene-0730"}, {"images": ["samples/CAM_FRONT_LEFT/n008-2018-08-29-16-04-13-0400__CAM_FRONT_LEFT__1535573941004799.jpg", "samples/CAM_FRONT/n008-2018-08-29-16-04-13-0400__CAM_FRONT__1535573941012404.jpg", "samples/CAM_FRONT_RIGHT/n008-2018-08-29-16-04-13-0400__CAM_FRONT_RIGHT__1535573941020482.jpg", "samples/CAM_BACK_LEFT/n008-2018-08-29-16-04-13-0400__CAM_BACK_LEFT__1535573941047405.jpg", "samples/CAM_BACK/n008-2018-08-29-16-04-13-0400__CAM_BACK__1535573941037558.jpg", "samples/CAM_BACK_RIGHT/n008-2018-08-29-16-04-13-0400__CAM_BACK_RIGHT__1535573941028113.jpg"], "intrinsics": [[[1257.8625342125129, 0.0, 827.2410631095686], [0.0, 1257.8625342125129, 450.915498205774], [0.0, 0.0, 1.0]], [[1252.8131021185304, 0.0, 826.588114781398], [0.0, 1252.8131021185304, 469.9846626224581], [0.0, 0.0, 1.0]], [[1256.7485116440405, 0.0, 817.7887570959712], [0.0, 1256.7485116440403, 451.9541780095127], [0.0, 0.0, 1.0]], [[1254.9860565800168, 0.0, 829.5769333630991], [0.0, 1254.9860565800168, 467.1680561863987], [0.0, 0.0, 1.0]], [[796.8910634503094, 0.0, 857.7774326863696], [0.0, 796.8910634503094, 476.8848988407415], [0.0, 0.0, 1.0]], [[1249.9629280788233, 0.0, 825.3768045375984], [0.0, 1249.9629280788233, 462.54816385708756], [0.0, 0.0, 1.0]]], "extrinsics": [[[0.8225792050361633, -0.5685234069824219, -0.012031997554004192, -0.67645263671875], [0.006091109476983547, 0.02996673434972763, -0.9995323419570923, 1.4905509948730469], [0.56861811876297, 0.8221212029457092, 0.028112949803471565, -1.1123046875], [0.0, 0.0, 0.0, 1.0]], [[0.010251124389469624, -0.9996145963668823, -0.02579827606678009, 0.013427734375], [0.007995013147592545, 0.02588074281811714, -0.9996330738067627, 1.4826774597167969], [0.9999154806137085, 0.0100411307066679, 0.008257238194346428, -1.4052734375], [0.0, 0.0, 0.0, 1.0]], [[-0.8440262675285339, -0.5358210206031799, -0.022704236209392548, 0.8740234375], [0.01596180908381939, 0.017218047752976418, -0.9997243285179138, 1.4971427917480469], [0.5360642671585083, -0.8441560864448547, -0.005979812238365412, -1.135986328125], [0.0, 0.0, 0.0, 1.0]], [[0.9478929042816162, 0.3185853362083435, 0.0015654527815058827, -1.1243896484375], [-0.009302881546318531, 0.032589979469776154, -0.9994255304336548, 1.5618400573730469], [-0.318453311920166, 0.947333812713623, 0.03385557234287262, -0.1629638671875], [0.0, 0.0, 0.0, 1.0]], [[0.009289687499403954, 0.999646782875061, 0.02489868737757206, -0.029296875], [-0.007160260807722807, 0.024965621531009674, -0.9996626377105713, 1.5672531127929688], [-0.999931275844574, 0.009108282625675201, 0.007389655336737633, -0.06341552734375], [0.0, 0.0, 0.0, 1.0]], [[-0.9237008690834045, 0.3830968737602234, 0.0036665410734713078, 0.982666015625], [-0.0030616065487265587, 0.0021887565962970257, -0.9999929070472717, 1.54721999168396], [-0.383102148771286, -0.923705518245697, -0.0008488640887662768, -0.11474609375], [0.0, 0.0, 0.0, 1.0]]], "view": [[0.0, -2.0, 100.0], [-2.0, 0.0, 100.0], [0.0, 0.0, 1.0]], "bev": "bev_65c3b502c6f74bcf81f903f9fd830378.png", "aux": "aux_65c3b502c6f74bcf81f903f9fd830378.npz", "visibility": "visibility_65c3b502c6f74bcf81f903f9fd830378.png", "pose": [[0.8830994963645935, 0.4691857695579529, 0.0, 1324.2470703125], [-0.4691857695579529, 0.8830994963645935, 0.0, 1306.6507568359375], [0.0, 0.0, 1.0, 0.0], [0.0, 0.0, 0.0, 1.0]], "pose_inverse": [[0.8830994963645935, -0.4691857695579529, 0.0, -556.3800048828125], [0.4691857695579529, 0.8830994963645935, 0.0, -1775.220458984375], [0.0, 0.0, 1.0, 0.0], [0.0, 0.0, 0.0, 1.0]], "cam_ids": [0, 1, 2, 3, 4, 5], "cam_channels": ["CAM_FRONT_LEFT", "CAM_FRONT", "CAM_FRONT_RIGHT", "CAM_BACK_LEFT", "CAM_BACK", "CAM_BACK_RIGHT"], "token": "65c3b502c6f74bcf81f903f9fd830378", "scene": "scene-0730"}, {"images": ["samples/CAM_FRONT_LEFT/n008-2018-08-29-16-04-13-0400__CAM_FRONT_LEFT__1535573941504799.jpg", "samples/CAM_FRONT/n008-2018-08-29-16-04-13-0400__CAM_FRONT__1535573941512404.jpg", "samples/CAM_FRONT_RIGHT/n008-2018-08-29-16-04-13-0400__CAM_FRONT_RIGHT__1535573941520482.jpg", "samples/CAM_BACK_LEFT/n008-2018-08-29-16-04-13-0400__CAM_BACK_LEFT__1535573941547405.jpg", "samples/CAM_BACK/n008-2018-08-29-16-04-13-0400__CAM_BACK__1535573941537562.jpg", "samples/CAM_BACK_RIGHT/n008-2018-08-29-16-04-13-0400__CAM_BACK_RIGHT__1535573941528113.jpg"], "intrinsics": [[[1257.8625342125129, 0.0, 827.2410631095686], [0.0, 1257.8625342125129, 450.915498205774], [0.0, 0.0, 1.0]], [[1252.8131021185304, 0.0, 826.588114781398], [0.0, 1252.8131021185304, 469.9846626224581], [0.0, 0.0, 1.0]], [[1256.7485116440405, 0.0, 817.7887570959712], [0.0, 1256.7485116440403, 451.9541780095127], [0.0, 0.0, 1.0]], [[1254.9860565800168, 0.0, 829.5769333630991], [0.0, 1254.9860565800168, 467.1680561863987], [0.0, 0.0, 1.0]], [[796.8910634503094, 0.0, 857.7774326863696], [0.0, 796.8910634503094, 476.8848988407415], [0.0, 0.0, 1.0]], [[1249.9629280788233, 0.0, 825.3768045375984], [0.0, 1249.9629280788233, 462.54816385708756], [0.0, 0.0, 1.0]]], "extrinsics": [[[0.8227737545967102, -0.5681291818618774, -0.016511457040905952, -0.69793701171875], [0.004505740478634834, 0.0355694554746151, -0.9993570446968079, 1.489776611328125], [0.5683513283729553, 0.8221703171730042, 0.03182545676827431, -1.1275634765625], [0.0, 0.0, 0.0, 1.0]], [[0.010588536038994789, -0.9994461536407471, -0.03154677152633667, 0.012939453125], [0.0065953428857028484, 0.0316176563501358, -0.999478280544281, 1.4820480346679688], [0.9999221563339233, 0.010374906472861767, 0.006926475092768669, -1.4285888671875], [0.0, 0.0, 0.0, 1.0]], [[-0.8438547253608704, -0.535995602607727, -0.024857543408870697, 0.890625], [0.014771752990782261, 0.023102767765522003, -0.9996239542961121, 1.4965248107910156], [0.5363683104515076, -0.8439046144485474, -0.011577785946428776, -1.146728515625], [0.0, 0.0, 0.0, 1.0]], [[0.9478932619094849, 0.31856557726860046, 0.003801616607233882, -1.126953125], [-0.009021342732012272, 0.03876713290810585, -0.9992075562477112, 1.5618667602539062], [-0.31846052408218384, 0.94710773229599, 0.03962099179625511, -0.1622314453125], [0.0, 0.0, 0.0, 1.0]], [[0.00915525946766138, 0.9994760751724243, 0.031043903902173042, -0.029296875], [-0.007717362139374018, 0.03111490234732628, -0.9994860291481018, 1.5672569274902344], [-0.9999282956123352, 0.008910962380468845, 0.007998185232281685, -0.05426025390625], [0.0, 0.0, 0.0, 1.0]], [[-0.9238133430480957, 0.3827822208404541, 0.006829045247286558, 0.9972076416015625], [-0.003982973285019398, 0.00822722539305687, -0.9999582171440125, 1.5470905303955078], [-0.3828223943710327, -0.9238020181655884, -0.006075807847082615, -0.10888671875], [0.0, 0.0, 0.0, 1.0]]], "view": [[0.0, -2.0, 100.0], [-2.0, 0.0, 100.0], [0.0, 0.0, 1.0]], "bev": "bev_e3dfccc3fe104ec2bbacc0bd449d2067.png", "aux": "aux_e3dfccc3fe104ec2bbacc0bd449d2067.npz", "visibility": "visibility_e3dfccc3fe104ec2bbacc0bd449d2067.png", "pose": [[0.8822811841964722, 0.4707227647304535, 0.0, 1327.9710693359375], [-0.4707227647304535, 0.8822811841964722, 0.0, 1304.607666015625], [0.0, 0.0, 1.0, 0.0], [0.0, 0.0, 0.0, 1.0]], "pose_inverse": [[0.8822811841964722, -0.4707227647304535, 0.0, -557.5353393554688], [0.4707227647304535, 0.8822811841964722, 0.0, -1776.136962890625], [0.0, 0.0, 1.0, 0.0], [0.0, 0.0, 0.0, 1.0]], "cam_ids": [0, 1, 2, 3, 4, 5], "cam_channels": ["CAM_FRONT_LEFT", "CAM_FRONT", "CAM_FRONT_RIGHT", "CAM_BACK_LEFT", "CAM_BACK", "CAM_BACK_RIGHT"], "token": "e3dfccc3fe104ec2bbacc0bd449d2067", "scene": "scene-0730"}, {"images": ["samples/CAM_FRONT_LEFT/n008-2018-08-29-16-04-13-0400__CAM_FRONT_LEFT__1535573942004799.jpg", "samples/CAM_FRONT/n008-2018-08-29-16-04-13-0400__CAM_FRONT__1535573942012404.jpg", "samples/CAM_FRONT_RIGHT/n008-2018-08-29-16-04-13-0400__CAM_FRONT_RIGHT__1535573942020482.jpg", "samples/CAM_BACK_LEFT/n008-2018-08-29-16-04-13-0400__CAM_BACK_LEFT__1535573942047405.jpg", "samples/CAM_BACK/n008-2018-08-29-16-04-13-0400__CAM_BACK__1535573942037558.jpg", "samples/CAM_BACK_RIGHT/n008-2018-08-29-16-04-13-0400__CAM_BACK_RIGHT__1535573942028137.jpg"], "intrinsics": [[[1257.8625342125129, 0.0, 827.2410631095686], [0.0, 1257.8625342125129, 450.915498205774], [0.0, 0.0, 1.0]], [[1252.8131021185304, 0.0, 826.588114781398], [0.0, 1252.8131021185304, 469.9846626224581], [0.0, 0.0, 1.0]], [[1256.7485116440405, 0.0, 817.7887570959712], [0.0, 1256.7485116440403, 451.9541780095127], [0.0, 0.0, 1.0]], [[1254.9860565800168, 0.0, 829.5769333630991], [0.0, 1254.9860565800168, 467.1680561863987], [0.0, 0.0, 1.0]], [[796.8910634503094, 0.0, 857.7774326863696], [0.0, 796.8910634503094, 476.8848988407415], [0.0, 0.0, 1.0]], [[1249.9629280788233, 0.0, 825.3768045375984], [0.0, 1249.9629280788233, 462.54816385708756], [0.0, 0.0, 1.0]]], "extrinsics": [[[0.8213377594947815, -0.5702683925628662, -0.014085417613387108, -0.69561767578125], [0.008292467333376408, 0.036625560373067856, -0.999294638633728, 1.4912185668945312], [0.5703819990158081, 0.8206416368484497, 0.03481088578701019, -1.1241455078125], [0.0, 0.0, 0.0, 1.0]], [[0.008482738398015499, -0.9994375109672546, -0.03244464844465256, 0.0115966796875], [0.010203560814261436, 0.032530639320611954, -0.9994186162948608, 1.4832115173339844], [0.9999119639396667, 0.008146772161126137, 0.010473769158124924, -1.42462158203125], [0.0, 0.0, 0.0, 1.0]], [[-0.844725489616394, -0.5344609618186951, -0.028113694861531258, 0.8868408203125], [0.018175439909100533, 0.023851687088608742, -0.9995502233505249, 1.4974212646484375], [0.5348911285400391, -0.8448566198348999, -0.010434065945446491, -1.1455078125], [0.0, 0.0, 0.0, 1.0]], [[0.9479334354400635, 0.31840455532073975, 0.006390453781932592, -1.12744140625], [-0.006306610535830259, 0.03883033245801926, -0.999225914478302, 1.5619277954101562], [-0.31840622425079346, 0.9471592903137207, 0.03881662338972092, -0.1619873046875], [0.0, 0.0, 0.0, 1.0]], [[0.009825833141803741, 0.9994572997093201, 0.03144200146198273, -0.02880859375], [-0.004408384207636118, 0.03148650750517845, -0.9994944334030151, 1.5675888061523438], [-0.9999420046806335, 0.009682266972959042, 0.00471537234261632, -0.0552978515625], [0.0, 0.0, 0.0, 1.0]], [[-0.9233124852180481, 0.38402941823005676, 0.003933390136808157, 0.994903564453125], [-0.0005905521684326231, 0.008822169154882431, -0.9999609589576721, 1.547689437866211], [-0.38404905796051025, -0.9232786893844604, -0.007918828167021275, -0.1104736328125], [0.0, 0.0, 0.0, 1.0]]], "view": [[0.0, -2.0, 100.0], [-2.0, 0.0, 100.0], [0.0, 0.0, 1.0]], "bev": "bev_1e807b9a01e540f2a627e38cf2cc83a6.png", "aux": "aux_1e807b9a01e540f2a627e38cf2cc83a6.npz", "visibility": "visibility_1e807b9a01e540f2a627e38cf2cc83a6.png", "pose": [[0.8872618675231934, 0.46126604080200195, 0.0, 1331.60302734375], [-0.46126604080200195, 0.8872618675231934, 0.0, 1302.6292724609375], [0.0, 0.0, 1.0, 0.0], [0.0, 0.0, 0.0, 1.0]], "pose_inverse": [[0.8872618675231934, -0.46126604080200195, 0.0, -580.6219482421875], [0.46126604080200195, 0.8872618675231934, 0.0, -1769.99658203125], [0.0, 0.0, 1.0, 0.0], [0.0, 0.0, 0.0, 1.0]], "cam_ids": [0, 1, 2, 3, 4, 5], "cam_channels": ["CAM_FRONT_LEFT", "CAM_FRONT", "CAM_FRONT_RIGHT", "CAM_BACK_LEFT", "CAM_BACK", "CAM_BACK_RIGHT"], "token": "1e807b9a01e540f2a627e38cf2cc83a6", "scene": "scene-0730"}, {"images": ["samples/CAM_FRONT_LEFT/n008-2018-08-29-16-04-13-0400__CAM_FRONT_LEFT__1535573942504799.jpg", "samples/CAM_FRONT/n008-2018-08-29-16-04-13-0400__CAM_FRONT__1535573942512404.jpg", "samples/CAM_FRONT_RIGHT/n008-2018-08-29-16-04-13-0400__CAM_FRONT_RIGHT__1535573942520482.jpg", "samples/CAM_BACK_LEFT/n008-2018-08-29-16-04-13-0400__CAM_BACK_LEFT__1535573942547405.jpg", "samples/CAM_BACK/n008-2018-08-29-16-04-13-0400__CAM_BACK__1535573942537558.jpg", "samples/CAM_BACK_RIGHT/n008-2018-08-29-16-04-13-0400__CAM_BACK_RIGHT__1535573942528113.jpg"], "intrinsics": [[[1257.8625342125129, 0.0, 827.2410631095686], [0.0, 1257.8625342125129, 450.915498205774], [0.0, 0.0, 1.0]], [[1252.8131021185304, 0.0, 826.588114781398], [0.0, 1252.8131021185304, 469.9846626224581], [0.0, 0.0, 1.0]], [[1256.7485116440405, 0.0, 817.7887570959712], [0.0, 1256.7485116440403, 451.9541780095127], [0.0, 0.0, 1.0]], [[1254.9860565800168, 0.0, 829.5769333630991], [0.0, 1254.9860565800168, 467.1680561863987], [0.0, 0.0, 1.0]], [[796.8910634503094, 0.0, 857.7774326863696], [0.0, 796.8910634503094, 476.8848988407415], [0.0, 0.0, 1.0]], [[1249.9629280788233, 0.0, 825.3768045375984], [0.0, 1249.9629280788233, 462.54816385708756], [0.0, 0.0, 1.0]]], "extrinsics": [[[0.8221160769462585, -0.5691859722137451, -0.012349375523626804, -0.690032958984375], [0.008371314033865929, 0.03377470374107361, -0.999394416809082, 1.4913482666015625], [0.5692583918571472, 0.8215147852897644, 0.03253156319260597, -1.1199951171875], [0.0, 0.0, 0.0, 1.0]], [[0.009815138764679432, -0.9995145201683044, -0.02956928312778473, 0.011962890625], [0.009944249875843525, 0.029666811227798462, -0.9995104074478149, 1.4832115173339844], [0.9999024271965027, 0.009516331367194653, 0.01023060642182827, -1.41815185546875], [0.0, 0.0, 0.0, 1.0]], [[-0.844037652015686, -0.5356497168540955, -0.0260718185454607, 0.882568359375], [0.017562344670295715, 0.020981578156352043, -0.9996256232261658, 1.49737548828125], [0.5359961986541748, -0.844179630279541, -0.008301978930830956, -1.141845703125], [0.0, 0.0, 0.0, 1.0]], [[0.9478930234909058, 0.31857961416244507, 0.0024282108061015606, -1.1280517578125], [-0.009539704769849777, 0.036000873893499374, -0.9993062019348145, 1.5618743896484375], [-0.3184460699558258, 0.9472122192382812, 0.03716412931680679, -0.16162109375], [0.0, 0.0, 0.0, 1.0]], [[0.00924669113010168, 0.9995513558387756, 0.028491446748375893, -0.0291748046875], [-0.006854695733636618, 0.028555354103446007, -0.9995687007904053, 1.56732177734375], [-0.9999338388442993, 0.009047366678714752, 0.0071156625635921955, -0.05767822265625], [0.0, 0.0, 0.0, 1.0]], [[-0.9237328171730042, 0.38301539421081543, 0.004102412145584822, 0.9901351928710938], [-0.0019925422966480255, 0.005905129946768284, -0.9999805688858032, 1.547431468963623], [-0.3830322027206421, -0.923723042011261, -0.004691587295383215, -0.111572265625], [0.0, 0.0, 0.0, 1.0]]], "view": [[0.0, -2.0, 100.0], [-2.0, 0.0, 100.0], [0.0, 0.0, 1.0]], "bev": "bev_06ac271d98924cbda25b9189f4694b61.png", "aux": "aux_06ac271d98924cbda25b9189f4694b61.npz", "visibility": "visibility_06ac271d98924cbda25b9189f4694b61.png", "pose": [[0.8949781060218811, 0.4461100995540619, 0.0, 1335.2939453125], [-0.4461100995540619, 0.8949781060218811, 0.0, 1300.710205078125], [0.0, 0.0, 1.0, 0.0], [0.0, 0.0, 0.0, 1.0]], "pose_inverse": [[0.8949781060218811, -0.4461100995540619, 0.0, -614.798828125], [0.4461100995540619, 0.8949781060218811, 0.0, -1759.7952880859375], [0.0, 0.0, 1.0, 0.0], [0.0, 0.0, 0.0, 1.0]], "cam_ids": [0, 1, 2, 3, 4, 5], "cam_channels": ["CAM_FRONT_LEFT", "CAM_FRONT", "CAM_FRONT_RIGHT", "CAM_BACK_LEFT", "CAM_BACK", "CAM_BACK_RIGHT"], "token": "06ac271d98924cbda25b9189f4694b61", "scene": "scene-0730"}, {"images": ["samples/CAM_FRONT_LEFT/n008-2018-08-29-16-04-13-0400__CAM_FRONT_LEFT__1535573943004799.jpg", "samples/CAM_FRONT/n008-2018-08-29-16-04-13-0400__CAM_FRONT__1535573943012404.jpg", "samples/CAM_FRONT_RIGHT/n008-2018-08-29-16-04-13-0400__CAM_FRONT_RIGHT__1535573943020482.jpg", "samples/CAM_BACK_LEFT/n008-2018-08-29-16-04-13-0400__CAM_BACK_LEFT__1535573943047405.jpg", "samples/CAM_BACK/n008-2018-08-29-16-04-13-0400__CAM_BACK__1535573943037558.jpg", "samples/CAM_BACK_RIGHT/n008-2018-08-29-16-04-13-0400__CAM_BACK_RIGHT__1535573943028113.jpg"], "intrinsics": [[[1257.8625342125129, 0.0, 827.2410631095686], [0.0, 1257.8625342125129, 450.915498205774], [0.0, 0.0, 1.0]], [[1252.8131021185304, 0.0, 826.588114781398], [0.0, 1252.8131021185304, 469.9846626224581], [0.0, 0.0, 1.0]], [[1256.7485116440405, 0.0, 817.7887570959712], [0.0, 1256.7485116440403, 451.9541780095127], [0.0, 0.0, 1.0]], [[1254.9860565800168, 0.0, 829.5769333630991], [0.0, 1254.9860565800168, 467.1680561863987], [0.0, 0.0, 1.0]], [[796.8910634503094, 0.0, 857.7774326863696], [0.0, 796.8910634503094, 476.8848988407415], [0.0, 0.0, 1.0]], [[1249.9629280788233, 0.0, 825.3768045375984], [0.0, 1249.9629280788233, 462.54816385708756], [0.0, 0.0, 1.0]]], "extrinsics": [[[0.8227450251579285, -0.5684102177619934, 0.0007830444374121726, -0.690338134765625], [0.02025851607322693, 0.027946393936872482, -0.9994041323661804, 1.4959602355957031], [0.5680496096611023, 0.8222705721855164, 0.03450790047645569, -1.11865234375], [0.0, 0.0, 0.0, 1.0]], [[0.01077930349856615, -0.9996640682220459, -0.023570943623781204, 0.01025390625], [0.02216673083603382, 0.023805411532521248, -0.9994708299636841, 1.4870758056640625], [0.9996961951255798, 0.010251146741211414, 0.02241588570177555, -1.42132568359375], [0.0, 0.0, 0.0, 1.0]], [[-0.8435167670249939, -0.5360554456710815, -0.033528052270412445, 0.8873291015625], [0.03013833984732628, 0.015085768885910511, -0.9994319081306458, 1.500335693359375], [0.5362566709518433, -0.8440480828285217, 0.003430720418691635, -1.14697265625], [0.0, 0.0, 0.0, 1.0]], [[0.9478119015693665, 0.31853529810905457, 0.013709645718336105, -1.1336669921875], [0.004270738456398249, 0.030311761423945427, -0.9995313882827759, 1.5620918273925781], [-0.31880155205726624, 0.9474262595176697, 0.027369463816285133, -0.159423828125], [0.0, 0.0, 0.0, 1.0]], [[0.00891319289803505, 0.9997000694274902, 0.022812921553850174, -0.028564453125], [0.006530345883220434, 0.022755147889256477, -0.9997197389602661, 1.5686683654785156], [-0.9999390244483948, 0.009059679694473743, -0.006325565278530121, -0.05047607421875], [0.0, 0.0, 0.0, 1.0]], [[-0.923720121383667, 0.3829348385334015, -0.010101485066115856, 0.9983291625976562], [0.010942989960312843, 1.9272645658929832e-05, -0.9999400973320007, 1.5497312545776367], [-0.38291171193122864, -0.9237753748893738, -0.004208253230899572, -0.1099853515625], [0.0, 0.0, 0.0, 1.0]]], "view": [[0.0, -2.0, 100.0], [-2.0, 0.0, 100.0], [0.0, 0.0, 1.0]], "bev": "bev_63631918feef4595ad0c90f3820ebbb5.png", "aux": "aux_63631918feef4595ad0c90f3820ebbb5.npz", "visibility": "visibility_63631918feef4595ad0c90f3820ebbb5.png", "pose": [[0.8960999846458435, 0.4438523054122925, 0.0, 1339.146728515625], [-0.4438523054122925, 0.8960999846458435, 0.0, 1298.7724609375], [0.0, 0.0, 1.0, 0.0], [0.0, 0.0, 0.0, 1.0]], "pose_inverse": [[0.8960999846458435, -0.4438523054122925, 0.0, -623.5462036132812], [0.4438523054122925, 0.8960999846458435, 0.0, -1758.2132568359375], [0.0, 0.0, 1.0, 0.0], [0.0, 0.0, 0.0, 1.0]], "cam_ids": [0, 1, 2, 3, 4, 5], "cam_channels": ["CAM_FRONT_LEFT", "CAM_FRONT", "CAM_FRONT_RIGHT", "CAM_BACK_LEFT", "CAM_BACK", "CAM_BACK_RIGHT"], "token": "63631918feef4595ad0c90f3820ebbb5", "scene": "scene-0730"}, {"images": ["samples/CAM_FRONT_LEFT/n008-2018-08-29-16-04-13-0400__CAM_FRONT_LEFT__1535573943504799.jpg", "samples/CAM_FRONT/n008-2018-08-29-16-04-13-0400__CAM_FRONT__1535573943512404.jpg", "samples/CAM_FRONT_RIGHT/n008-2018-08-29-16-04-13-0400__CAM_FRONT_RIGHT__1535573943520482.jpg", "samples/CAM_BACK_LEFT/n008-2018-08-29-16-04-13-0400__CAM_BACK_LEFT__1535573943547405.jpg", "samples/CAM_BACK/n008-2018-08-29-16-04-13-0400__CAM_BACK__1535573943537558.jpg", "samples/CAM_BACK_RIGHT/n008-2018-08-29-16-04-13-0400__CAM_BACK_RIGHT__1535573943528113.jpg"], "intrinsics": [[[1257.8625342125129, 0.0, 827.2410631095686], [0.0, 1257.8625342125129, 450.915498205774], [0.0, 0.0, 1.0]], [[1252.8131021185304, 0.0, 826.588114781398], [0.0, 1252.8131021185304, 469.9846626224581], [0.0, 0.0, 1.0]], [[1256.7485116440405, 0.0, 817.7887570959712], [0.0, 1256.7485116440403, 451.9541780095127], [0.0, 0.0, 1.0]], [[1254.9860565800168, 0.0, 829.5769333630991], [0.0, 1254.9860565800168, 467.1680561863987], [0.0, 0.0, 1.0]], [[796.8910634503094, 0.0, 857.7774326863696], [0.0, 796.8910634503094, 476.8848988407415], [0.0, 0.0, 1.0]], [[1249.9629280788233, 0.0, 825.3768045375984], [0.0, 1249.9629280788233, 462.54816385708756], [0.0, 0.0, 1.0]]], "extrinsics": [[[0.8226470351219177, -0.5684800148010254, -0.0090786749497056, -0.67425537109375], [0.008605378679931164, 0.02841588668525219, -0.9995591044425964, 1.4916458129882812], [0.5684874057769775, 0.8222061991691589, 0.028268227353692055, -1.108642578125], [0.0, 0.0, 0.0, 1.0]], [[0.010416070930659771, -0.9996508955955505, -0.024281438440084457, 0.011474609375], [0.010046775452792645, 0.024386152625083923, -0.9996521472930908, 1.4834251403808594], [0.9998952746391296, 0.010168476030230522, 0.010297277010977268, -1.40423583984375], [0.0, 0.0, 0.0, 1.0]], [[-0.8439061641693115, -0.5359864830970764, -0.023257244378328323, 0.8751220703125], [0.017527157440781593, 0.015783043578267097, -0.9997217655181885, 1.4975395202636719], [0.5362045168876648, -0.8440790176391602, -0.003925088327378035, -1.1383056640625], [0.0, 0.0, 0.0, 1.0]], [[0.9478867053985596, 0.3186047077178955, 0.0013567410642281175, -1.1337890625], [-0.009097728878259659, 0.031322937458753586, -0.9994679093360901, 1.5619430541992188], [-0.31847769021987915, 0.9473699927330017, 0.03258917108178139, -0.1597900390625], [0.0, 0.0, 0.0, 1.0]], [[0.009189696982502937, 0.9996798038482666, 0.023576892912387848, -0.028564453125], [-0.006583406589925289, 0.023637861013412476, -0.9996988773345947, 1.5673828125], [-0.9999361038208008, 0.009031759575009346, 0.006798523478209972, -0.0562744140625], [0.0, 0.0, 0.0, 1.0]], [[-0.923761785030365, 0.38296183943748474, 0.0021098623983561993, 0.9873504638671875], [-0.0019561657682061195, 0.0007907492690719664, -0.9999977350234985, 1.547444462776184], [-0.3829626441001892, -0.9237637519836426, 1.8673001250135712e-05, -0.1138916015625], [0.0, 0.0, 0.0, 1.0]]], "view": [[0.0, -2.0, 100.0], [-2.0, 0.0, 100.0], [0.0, 0.0, 1.0]], "bev": "bev_8bf2cdfb81334ca0a7fa6423e401005c.png", "aux": "aux_8bf2cdfb81334ca0a7fa6423e401005c.npz", "visibility": "visibility_8bf2cdfb81334ca0a7fa6423e401005c.png", "pose": [[0.8965989947319031, 0.44284337759017944, 0.0, 1343.0938720703125], [-0.44284337759017944, 0.8965989947319031, 0.0, 1296.790283203125], [0.0, 0.0, 1.0, 0.0], [0.0, 0.0, 0.0, 1.0]], "pose_inverse": [[0.8965989947319031, -0.44284337759017944, 0.0, -629.9415893554688], [0.44284337759017944, 0.8965989947319031, 0.0, -1757.4810791015625], [0.0, 0.0, 1.0, 0.0], [0.0, 0.0, 0.0, 1.0]], "cam_ids": [0, 1, 2, 3, 4, 5], "cam_channels": ["CAM_FRONT_LEFT", "CAM_FRONT", "CAM_FRONT_RIGHT", "CAM_BACK_LEFT", "CAM_BACK", "CAM_BACK_RIGHT"], "token": "8bf2cdfb81334ca0a7fa6423e401005c", "scene": "scene-0730"}, {"images": ["samples/CAM_FRONT_LEFT/n008-2018-08-29-16-04-13-0400__CAM_FRONT_LEFT__1535573944004799.jpg", "samples/CAM_FRONT/n008-2018-08-29-16-04-13-0400__CAM_FRONT__1535573944012404.jpg", "samples/CAM_FRONT_RIGHT/n008-2018-08-29-16-04-13-0400__CAM_FRONT_RIGHT__1535573944020482.jpg", "samples/CAM_BACK_LEFT/n008-2018-08-29-16-04-13-0400__CAM_BACK_LEFT__1535573944047405.jpg", "samples/CAM_BACK/n008-2018-08-29-16-04-13-0400__CAM_BACK__1535573944037558.jpg", "samples/CAM_BACK_RIGHT/n008-2018-08-29-16-04-13-0400__CAM_BACK_RIGHT__1535573944028113.jpg"], "intrinsics": [[[1257.8625342125129, 0.0, 827.2410631095686], [0.0, 1257.8625342125129, 450.915498205774], [0.0, 0.0, 1.0]], [[1252.8131021185304, 0.0, 826.588114781398], [0.0, 1252.8131021185304, 469.9846626224581], [0.0, 0.0, 1.0]], [[1256.7485116440405, 0.0, 817.7887570959712], [0.0, 1256.7485116440403, 451.9541780095127], [0.0, 0.0, 1.0]], [[1254.9860565800168, 0.0, 829.5769333630991], [0.0, 1254.9860565800168, 467.1680561863987], [0.0, 0.0, 1.0]], [[796.8910634503094, 0.0, 857.7774326863696], [0.0, 796.8910634503094, 476.8848988407415], [0.0, 0.0, 1.0]], [[1249.9629280788233, 0.0, 825.3768045375984], [0.0, 1249.9629280788233, 462.54816385708756], [0.0, 0.0, 1.0]]], "extrinsics": [[[0.8227084279060364, -0.5683178901672363, -0.012872911989688873, -0.65509033203125], [0.004941917490214109, 0.029794586822390556, -0.9995438456535339, 1.4903984069824219], [0.5684421062469482, 0.8222694396972656, 0.02732083760201931, -1.0914306640625], [0.0, 0.0, 0.0, 1.0]], [[0.010500926524400711, -0.9996219277381897, -0.025410786271095276, 0.0086669921875], [0.007157051470130682, 0.025486672297120094, -0.9996495246887207, 1.4826774597167969], [0.9999192357063293, 0.010315410792827606, 0.007421979680657387, -1.38507080078125], [0.0, 0.0, 0.0, 1.0]], [[-0.8438814282417297, -0.5360807776451111, -0.021942179650068283, 0.8631591796875], [0.015455921180546284, 0.01658998802304268, -0.999742865562439, 1.4972419738769531], [0.5363069772720337, -0.8440036177635193, -0.00571436109021306, -1.1336669921875], [0.0, 0.0, 0.0, 1.0]], [[0.9478858709335327, 0.31860771775245667, 0.0012032509548589587, -1.1346435546875], [-0.009245793335139751, 0.03128162771463394, -0.9994678497314453, 1.5619583129882812], [-0.3184758424758911, 0.9473703503608704, 0.032597191631793976, -0.1591796875], [0.0, 0.0, 0.0, 1.0]], [[0.009150858968496323, 0.9996735453605652, 0.023854833096265793, -0.0277099609375], [-0.007257307879626751, 0.023921597748994827, -0.9996874928474426, 1.5673065185546875], [-0.9999317526817322, 0.008974851109087467, 0.007473841309547424, -0.05975341796875], [0.0, 0.0, 0.0, 1.0]], [[-0.9237968921661377, 0.3828657567501068, 0.0036094754468649626, 0.9810409545898438], [-0.0033420065883547068, 0.0013637056108564138, -0.9999935030937195, 1.5471596717834473], [-0.3828681409358978, -0.9238029718399048, 1.975277700694278e-05, -0.1187744140625], [0.0, 0.0, 0.0, 1.0]]], "view": [[0.0, -2.0, 100.0], [-2.0, 0.0, 100.0], [0.0, 0.0, 1.0]], "bev": "bev_7b9ca7cb558d42c4baa6456c71eca722.png", "aux": "aux_7b9ca7cb558d42c4baa6456c71eca722.npz", "visibility": "visibility_7b9ca7cb558d42c4baa6456c71eca722.png", "pose": [[0.8950080871582031, 0.44604989886283875, 0.0, 1347.3121337890625], [-0.44604989886283875, 0.8950080871582031, 0.0, 1294.674560546875], [0.0, 0.0, 1.0, 0.0], [0.0, 0.0, 0.0, 1.0]], "pose_inverse": [[0.8950080871582031, -0.44604989886283875, 0.0, -628.3657836914062], [0.44604989886283875, 0.8950080871582031, 0.0, -1759.712646484375], [0.0, 0.0, 1.0, 0.0], [0.0, 0.0, 0.0, 1.0]], "cam_ids": [0, 1, 2, 3, 4, 5], "cam_channels": ["CAM_FRONT_LEFT", "CAM_FRONT", "CAM_FRONT_RIGHT", "CAM_BACK_LEFT", "CAM_BACK", "CAM_BACK_RIGHT"], "token": "7b9ca7cb558d42c4baa6456c71eca722", "scene": "scene-0730"}, {"images": ["samples/CAM_FRONT_LEFT/n008-2018-08-29-16-04-13-0400__CAM_FRONT_LEFT__1535573944504799.jpg", "samples/CAM_FRONT/n008-2018-08-29-16-04-13-0400__CAM_FRONT__1535573944512404.jpg", "samples/CAM_FRONT_RIGHT/n008-2018-08-29-16-04-13-0400__CAM_FRONT_RIGHT__1535573944520482.jpg", "samples/CAM_BACK_LEFT/n008-2018-08-29-16-04-13-0400__CAM_BACK_LEFT__1535573944547405.jpg", "samples/CAM_BACK/n008-2018-08-29-16-04-13-0400__CAM_BACK__1535573944537558.jpg", "samples/CAM_BACK_RIGHT/n008-2018-08-29-16-04-13-0400__CAM_BACK_RIGHT__1535573944528113.jpg"], "intrinsics": [[[1257.8625342125129, 0.0, 827.2410631095686], [0.0, 1257.8625342125129, 450.915498205774], [0.0, 0.0, 1.0]], [[1252.8131021185304, 0.0, 826.588114781398], [0.0, 1252.8131021185304, 469.9846626224581], [0.0, 0.0, 1.0]], [[1256.7485116440405, 0.0, 817.7887570959712], [0.0, 1256.7485116440403, 451.9541780095127], [0.0, 0.0, 1.0]], [[1254.9860565800168, 0.0, 829.5769333630991], [0.0, 1254.9860565800168, 467.1680561863987], [0.0, 0.0, 1.0]], [[796.8910634503094, 0.0, 857.7774326863696], [0.0, 796.8910634503094, 476.8848988407415], [0.0, 0.0, 1.0]], [[1249.9629280788233, 0.0, 825.3768045375984], [0.0, 1249.9629280788233, 462.54816385708756], [0.0, 0.0, 1.0]]], "extrinsics": [[[0.8228141665458679, -0.5682658553123474, -0.007123988587409258, -0.66180419921875], [0.012150525115430355, 0.030122967436909676, -0.9994723200798035, 1.4930915832519531], [0.5681806206703186, 0.8222934603691101, 0.0316903330385685, -1.1048583984375], [0.0, 0.0, 0.0, 1.0]], [[0.010714821517467499, -0.9996061325073242, -0.02593330293893814, 0.014892578125], [0.014189846813678741, 0.026084179058670998, -0.9995590448379517, 1.4848403930664062], [0.9998418688774109, 0.010342124849557877, 0.014463748782873154, -1.394287109375], [0.0, 0.0, 0.0, 1.0]], [[-0.8437066674232483, -0.5360634922981262, -0.028194064274430275, 0.869873046875], [0.022301508113741875, 0.01747332699596882, -0.9995985627174377, 1.4988899230957031], [0.5363410115242004, -0.8439967632293701, -0.0027873374056071043, -1.1324462890625], [0.0, 0.0, 0.0, 1.0]], [[0.9478788375854492, 0.31853851675987244, 0.007671773433685303, -1.1357421875], [-0.0030155302956700325, 0.033044375479221344, -0.9994493126869202, 1.56201171875], [-0.3186166286468506, 0.947333812713623, 0.03228262811899185, -0.158935546875], [0.0, 0.0, 0.0, 1.0]], [[0.009034703485667706, 0.9996383786201477, 0.025328518822789192, -0.0294189453125], [-0.0008750623092055321, 0.025337446480989456, -0.9996785521507263, 1.5679359436035156], [-0.9999587535858154, 0.009009657427668571, 0.0011036613723263144, -0.05780029296875], [0.0, 0.0, 0.0, 1.0]], [[-0.9237958788871765, 0.38287946581840515, -0.0020982022397220135, 0.9824447631835938], [0.0033047262113541365, 0.0024934967514127493, -0.9999914169311523, 1.5484375953674316], [-0.38287094235420227, -0.9237949252128601, -0.003568793646991253, -0.114501953125], [0.0, 0.0, 0.0, 1.0]]], "view": [[0.0, -2.0, 100.0], [-2.0, 0.0, 100.0], [0.0, 0.0, 1.0]], "bev": "bev_8e4001372d9c486ea31f4928fc9be340.png", "aux": "aux_8e4001372d9c486ea31f4928fc9be340.npz", "visibility": "visibility_8e4001372d9c486ea31f4928fc9be340.png", "pose": [[0.8920512795448303, 0.45193415880203247, 0.0, 1351.57275390625], [-0.45193415880203247, 0.8920512795448303, 0.0, 1292.479248046875], [0.0, 0.0, 1.0, 0.0], [0.0, 0.0, 0.0, 1.0]], "pose_inverse": [[0.8920512795448303, -0.45193415880203247, 0.0, -621.5567016601562], [0.45193415880203247, 0.8920512795448303, 0.0, -1763.7796630859375], [0.0, 0.0, 1.0, 0.0], [0.0, 0.0, 0.0, 1.0]], "cam_ids": [0, 1, 2, 3, 4, 5], "cam_channels": ["CAM_FRONT_LEFT", "CAM_FRONT", "CAM_FRONT_RIGHT", "CAM_BACK_LEFT", "CAM_BACK", "CAM_BACK_RIGHT"], "token": "8e4001372d9c486ea31f4928fc9be340", "scene": "scene-0730"}, {"images": ["samples/CAM_FRONT_LEFT/n008-2018-08-29-16-04-13-0400__CAM_FRONT_LEFT__1535573945004799.jpg", "samples/CAM_FRONT/n008-2018-08-29-16-04-13-0400__CAM_FRONT__1535573945012404.jpg", "samples/CAM_FRONT_RIGHT/n008-2018-08-29-16-04-13-0400__CAM_FRONT_RIGHT__1535573945020482.jpg", "samples/CAM_BACK_LEFT/n008-2018-08-29-16-04-13-0400__CAM_BACK_LEFT__1535573945047405.jpg", "samples/CAM_BACK/n008-2018-08-29-16-04-13-0400__CAM_BACK__1535573945037558.jpg", "samples/CAM_BACK_RIGHT/n008-2018-08-29-16-04-13-0400__CAM_BACK_RIGHT__1535573945028113.jpg"], "intrinsics": [[[1257.8625342125129, 0.0, 827.2410631095686], [0.0, 1257.8625342125129, 450.915498205774], [0.0, 0.0, 1.0]], [[1252.8131021185304, 0.0, 826.588114781398], [0.0, 1252.8131021185304, 469.9846626224581], [0.0, 0.0, 1.0]], [[1256.7485116440405, 0.0, 817.7887570959712], [0.0, 1256.7485116440403, 451.9541780095127], [0.0, 0.0, 1.0]], [[1254.9860565800168, 0.0, 829.5769333630991], [0.0, 1254.9860565800168, 467.1680561863987], [0.0, 0.0, 1.0]], [[796.8910634503094, 0.0, 857.7774326863696], [0.0, 796.8910634503094, 476.8848988407415], [0.0, 0.0, 1.0]], [[1249.9629280788233, 0.0, 825.3768045375984], [0.0, 1249.9629280788233, 462.54816385708756], [0.0, 0.0, 1.0]]], "extrinsics": [[[0.8228763341903687, -0.5678815245628357, -0.01962607353925705, -0.651214599609375], [-0.00032701532472856343, 0.03406624123454094, -0.9994195103645325, 1.4880142211914062], [0.5682204365730286, 0.8224051594734192, 0.027846597135066986, -1.09375], [0.0, 0.0, 0.0, 1.0]], [[0.010707992129027843, -0.9994924068450928, -0.03000347502529621, 0.0123291015625], [0.001598515547811985, 0.030022267252206802, -0.9995479583740234, 1.4806365966796875], [0.999941349029541, 0.010655214078724384, 0.0019191831815987825, -1.38006591796875], [0.0, 0.0, 0.0, 1.0]], [[-0.843858003616333, -0.5362093448638916, -0.019576864317059517, 0.857666015625], [0.009590072557330132, 0.021407343447208405, -0.999724805355072, 1.4956855773925781], [0.5364809036254883, -0.8438134789466858, -0.01292247325181961, -1.1268310546875], [0.0, 0.0, 0.0, 1.0]], [[0.9478545188903809, 0.3186814785003662, -0.0037175349425524473, -1.1317138671875], [-0.016256367787718773, 0.03669535368680954, -0.9991942048072815, 1.5618324279785156], [-0.3182883858680725, 0.947151243686676, 0.039962463080883026, -0.160400390625], [0.0, 0.0, 0.0, 1.0]], [[0.009191521443426609, 0.9995365142822266, 0.029021989554166794, -0.028564453125], [-0.014010800048708916, 0.029149098321795464, -0.9994768500328064, 1.566497802734375], [-0.9998595714569092, 0.008780095726251602, 0.0