[{"images": ["samples/CAM_FRONT_LEFT/n015-2018-07-27-11-36-48+0800__CAM_FRONT_LEFT__1532663088904844.jpg", "samples/CAM_FRONT/n015-2018-07-27-11-36-48+0800__CAM_FRONT__1532663088912460.jpg", "samples/CAM_FRONT_RIGHT/n015-2018-07-27-11-36-48+0800__CAM_FRONT_RIGHT__1532663088920339.jpg", "samples/CAM_BACK_LEFT/n015-2018-07-27-11-36-48+0800__CAM_BACK_LEFT__1532663088947423.jpg", "samples/CAM_BACK/n015-2018-07-27-11-36-48+0800__CAM_BACK__1532663088937525.jpg", "samples/CAM_BACK_RIGHT/n015-2018-07-27-11-36-48+0800__CAM_BACK_RIGHT__1532663088927893.jpg"], "intrinsics": [[[1272.5979470598488, 0.0, 826.6154927353808], [0.0, 1272.5979470598488, 479.75165386361925], [0.0, 0.0, 1.0]], [[1266.417203046554, 0.0, 816.2670197447984], [0.0, 1266.417203046554, 491.50706579294757], [0.0, 0.0, 1.0]], [[1260.8474446004698, 0.0, 807.968244525554], [0.0, 1260.8474446004698, 495.3344268742088], [0.0, 0.0, 1.0]], [[1256.7414812095406, 0.0, 792.1125740759628], [0.0, 1256.7414812095406, 492.7757465151356], [0.0, 0.0, 1.0]], [[809.2209905677063, 0.0, 829.2196003259838], [0.0, 809.2209905677063, 481.77842384512485], [0.0, 0.0, 1.0]], [[1259.5137405846733, 0.0, 807.2529053838625], [0.0, 1259.5137405846733, 501.19579884916527], [0.0, 0.0, 1.0]]], "extrinsics": [[[0.8186746835708618, -0.5741758942604065, 0.009686512872576714, -0.8494873046875], [0.005088778678327799, -0.009613579139113426, -0.999940812587738, 1.5089740753173828], [0.5742350220680237, 0.8186755776405334, -0.004948539659380913, -1.2008056640625], [0.0, 0.0, 0.0, 1.0]], [[0.00263595231808722, -0.9999026656150818, 0.013705034740269184, 0.0062255859375], [-0.00013646644947584718, -0.013705442659556866, -0.999906063079834, 1.5205326080322266], [0.999996542930603, 0.002633836353197694, -0.00017258046136703342, -1.5758056640625], [0.0, 0.0, 0.0, 1.0]], [[-0.8342075943946838, -0.5514112114906311, -0.0065848189406096935, 0.9561767578125], [0.005618935450911522, 0.003440838772803545, -0.9999783039093018, 1.5041584968566895], [0.5514218807220459, -0.8342264890670776, 0.0002279702457599342, -1.1973876953125], [0.0, 0.0, 0.0, 1.0]], [[0.9478111267089844, 0.31879204511642456, 0.00506513612344861, -1.1360702514648438], [0.0144385676831007, -0.027046725153923035, -0.9995298981666565, 1.5886573791503906], [-0.318505197763443, 0.9474387168884277, -0.030238088220357895, -0.1060791015625], [0.0, 0.0, 0.0, 1.0]], [[0.0035098951775580645, 0.9998489022254944, -0.01702812686562538, 0.002685546875], [-0.011074027046561241, -0.016988324001431465, -0.9997943639755249, 1.5789375305175781], [-0.999932587146759, 0.0036977543495595455, 0.011012724600732327, -0.03643798828125], [0.0, 0.0, 0.0, 1.0]], [[-0.9340488910675049, 0.3565455675125122, -0.020685730502009392, 1.0721435546875], [0.021511118859052658, -0.001650506048463285, -0.9997672438621521, 1.5529212951660156], [-0.35649678111076355, -0.9342764616012573, -0.006128042005002499, -0.0872802734375], [0.0, 0.0, 0.0, 1.0]]], "view": [[0.0, -2.0, 100.0], [-2.0, 0.0, 100.0], [0.0, 0.0, 1.0]], "bev": "bev_b07556c7881a4cf28cc5361b69651f68.png", "aux": "aux_b07556c7881a4cf28cc5361b69651f68.npz", "visibility": "visibility_b07556c7881a4cf28cc5361b69651f68.png", "pose": [[0.37127938866615295, 0.9285212159156799, 0.0, 1297.199951171875], [-0.9285212159156799, 0.37127938866615295, 0.0, 1270.755859375], [0.0, 0.0, 1.0, 0.0], [0.0, 0.0, 0.0, 1.0]], "pose_inverse": [[0.37127938866615295, -0.9285212159156799, 0.0, 698.3001708984375], [0.9285212159156799, 0.37127938866615295, 0.0, -1676.2830810546875], [0.0, 0.0, 1.0, 0.0], [0.0, 0.0, 0.0, 1.0]], "cam_ids": [0, 1, 2, 3, 4, 5], "cam_channels": ["CAM_FRONT_LEFT", "CAM_FRONT", "CAM_FRONT_RIGHT", "CAM_BACK_LEFT", "CAM_BACK", "CAM_BACK_RIGHT"], "token": "b07556c7881a4cf28cc5361b69651f68", "scene": "scene-0187"}, {"images": ["samples/CAM_FRONT_LEFT/n015-2018-07-27-11-36-48+0800__CAM_FRONT_LEFT__1532663089404844.jpg", "samples/CAM_FRONT/n015-2018-07-27-11-36-48+0800__CAM_FRONT__1532663089412460.jpg", "samples/CAM_FRONT_RIGHT/n015-2018-07-27-11-36-48+0800__CAM_FRONT_RIGHT__1532663089420339.jpg", "samples/CAM_BACK_LEFT/n015-2018-07-27-11-36-48+0800__CAM_BACK_LEFT__1532663089447424.jpg", "samples/CAM_BACK/n015-2018-07-27-11-36-48+0800__CAM_BACK__1532663089437525.jpg", "samples/CAM_BACK_RIGHT/n015-2018-07-27-11-36-48+0800__CAM_BACK_RIGHT__1532663089427893.jpg"], "intrinsics": [[[1272.5979470598488, 0.0, 826.6154927353808], [0.0, 1272.5979470598488, 479.75165386361925], [0.0, 0.0, 1.0]], [[1266.417203046554, 0.0, 816.2670197447984], [0.0, 1266.417203046554, 491.50706579294757], [0.0, 0.0, 1.0]], [[1260.8474446004698, 0.0, 807.968244525554], [0.0, 1260.8474446004698, 495.3344268742088], [0.0, 0.0, 1.0]], [[1256.7414812095406, 0.0, 792.1125740759628], [0.0, 1256.7414812095406, 492.7757465151356], [0.0, 0.0, 1.0]], [[809.2209905677063, 0.0, 829.2196003259838], [0.0, 809.2209905677063, 481.77842384512485], [0.0, 0.0, 1.0]], [[1259.5137405846733, 0.0, 807.2529053838625], [0.0, 1259.5137405846733, 501.19579884916527], [0.0, 0.0, 1.0]]], "extrinsics": [[[0.8197776079177856, -0.5725972056388855, 0.009854163974523544, -0.856689453125], [0.006761778146028519, -0.007527987938374281, -0.9999487996101379, 1.5091419219970703], [0.5726420879364014, 0.8198023438453674, -0.002299500396475196, -1.205810546875], [0.0, 0.0, 0.0, 1.0]], [[0.004281327594071627, -0.9999232888221741, 0.011617863550782204, 0.0062255859375], [0.001513271126896143, -0.011611479334533215, -0.9999314546585083, 1.5207061767578125], [0.9999896883964539, 0.004298605024814606, 0.0014634429244324565, -1.58355712890625], [0.0, 0.0, 0.0, 1.0]], [[-0.8334447741508484, -0.5525279641151428, -0.009085217490792274, 0.961334228515625], [0.007213085889816284, 0.005561947822570801, -0.9999585151672363, 1.5042588710784912], [0.5525555610656738, -0.8334757685661316, -0.0006501444731839001, -1.2010498046875], [0.0, 0.0, 0.0, 1.0]], [[0.9477510452270508, 0.3189270794391632, 0.00730512198060751, -1.1377334594726562], [0.01609032042324543, -0.024920152500271797, -0.9995599389076233, 1.5886268615722656], [-0.3186047077178955, 0.947451651096344, -0.0287497416138649, -0.1051025390625], [0.0, 0.0, 0.0, 1.0]], [[0.0029385171364992857, 0.999884843826294, -0.014889642596244812, 0.0025634765625], [-0.009426167234778404, -0.014861349016427994, -0.9998451471328735, 1.5790328979492188], [-0.9999513030052185, 0.0030784416012465954, 0.009381411597132683, -0.032470703125], [0.0, 0.0, 0.0, 1.0]], [[-0.9343794584274292, 0.3556334376335144, -0.021442662924528122, 1.0772705078125], [0.023134993389248848, 0.0005059681134298444, -0.999732255935669, 1.5529041290283203], [-0.355527400970459, -0.9346254467964172, -0.008700345642864704, -0.085693359375], [0.0, 0.0, 0.0, 1.0]]], "view": [[0.0, -2.0, 100.0], [-2.0, 0.0, 100.0], [0.0, 0.0, 1.0]], "bev": "bev_fbad3d2a351a4e888f7a22a5fa66aca5.png", "aux": "aux_fbad3d2a351a4e888f7a22a5fa66aca5.npz", "visibility": "visibility_fbad3d2a351a4e888f7a22a5fa66aca5.png", "pose": [[0.3955778479576111, 0.9184324741363525, 0.0, 1297.7691650390625], [-0.9184324741363525, 0.3955778479576111, 0.0, 1269.3787841796875], [0.0, 0.0, 1.0, 0.0], [0.0, 0.0, 0.0, 1.0]], "pose_inverse": [[0.3955778479576111, -0.9184324741363525, 0.0, 652.469970703125], [0.9184324741363525, 0.3955778479576111, 0.0, -1694.0513916015625], [0.0, 0.0, 1.0, 0.0], [0.0, 0.0, 0.0, 1.0]], "cam_ids": [0, 1, 2, 3, 4, 5], "cam_channels": ["CAM_FRONT_LEFT", "CAM_FRONT", "CAM_FRONT_RIGHT", "CAM_BACK_LEFT", "CAM_BACK", "CAM_BACK_RIGHT"], "token": "fbad3d2a351a4e888f7a22a5fa66aca5", "scene": "scene-0187"}, {"images": ["samples/CAM_FRONT_LEFT/n015-2018-07-27-11-36-48+0800__CAM_FRONT_LEFT__1532663089904844.jpg", "samples/CAM_FRONT/n015-2018-07-27-11-36-48+0800__CAM_FRONT__1532663089912460.jpg", "samples/CAM_FRONT_RIGHT/n015-2018-07-27-11-36-48+0800__CAM_FRONT_RIGHT__1532663089920339.jpg", "samples/CAM_BACK_LEFT/n015-2018-07-27-11-36-48+0800__CAM_BACK_LEFT__1532663089947423.jpg", "samples/CAM_BACK/n015-2018-07-27-11-36-48+0800__CAM_BACK__1532663089937525.jpg", "samples/CAM_BACK_RIGHT/n015-2018-07-27-11-36-48+0800__CAM_BACK_RIGHT__1532663089927893.jpg"], "intrinsics": [[[1272.5979470598488, 0.0, 826.6154927353808], [0.0, 1272.5979470598488, 479.75165386361925], [0.0, 0.0, 1.0]], [[1266.417203046554, 0.0, 816.2670197447984], [0.0, 1266.417203046554, 491.50706579294757], [0.0, 0.0, 1.0]], [[1260.8474446004698, 0.0, 807.968244525554], [0.0, 1260.8474446004698, 495.3344268742088], [0.0, 0.0, 1.0]], [[1256.7414812095406, 0.0, 792.1125740759628], [0.0, 1256.7414812095406, 492.7757465151356], [0.0, 0.0, 1.0]], [[809.2209905677063, 0.0, 829.2196003259838], [0.0, 809.2209905677063, 481.77842384512485], [0.0, 0.0, 1.0]], [[1259.5137405846733, 0.0, 807.2529053838625], [0.0, 1259.5137405846733, 501.19579884916527], [0.0, 0.0, 1.0]]], "extrinsics": [[[0.8204230666160583, -0.571704626083374, 0.007741051260381937, -0.8590087890625], [0.008206089958548546, -0.0017636960837990046, -0.9999647736549377, 1.5093097686767578], [0.5716981291770935, 0.8204576373100281, 0.0032444833777844906, -1.20654296875], [0.0, 0.0, 0.0, 1.0]], [[0.005214698147028685, -0.9999696016311646, 0.005798387806862593, 0.005859375], [0.002943955594673753, -0.005783089902251959, -0.9999789595603943, 1.5208501815795898], [0.9999820590019226, 0.005231666378676891, 0.0029137081000953913, -1.58538818359375], [0.0, 0.0, 0.0, 1.0]], [[-0.8330194354057312, -0.5530785322189331, -0.013517585583031178, 0.96246337890625], [0.008612124249339104, 0.01146695762872696, -0.9998971819877625, 1.5043649673461914], [0.5531766414642334, -0.8330501317977905, -0.004789016675204039, -1.2020263671875], [0.0, 0.0, 0.0, 1.0]], [[0.9476926922798157, 0.3190118670463562, 0.010486372746527195, -1.1383552551269531], [0.017428474500775337, -0.01891445182263851, -0.9996691942214966, 1.5886192321777344], [-0.3187079429626465, 0.9475619792938232, -0.023484978824853897, -0.1048583984375], [0.0, 0.0, 0.0, 1.0]], [[0.0026160620618611574, 0.9999572038650513, -0.008869747631251812, 0.0029296875], [-0.008054192177951336, -0.008848420344293118, -0.9999284148216248, 1.5790882110595703], [-0.9999640583992004, 0.0026873277965933084, 0.00803069956600666, -0.03173828125], [0.0, 0.0, 0.0, 1.0]], [[-0.9345506429672241, 0.35523170232772827, -0.020627841353416443, 1.0784912109375], [0.024526100605726242, 0.0064737387001514435, -0.9996781945228577, 1.5529675483703613], [-0.3549838066101074, -0.934755802154541, -0.014762484468519688, -0.085205078125], [0.0, 0.0, 0.0, 1.0]]], "view": [[0.0, -2.0, 100.0], [-2.0, 0.0, 100.0], [0.0, 0.0, 1.0]], "bev": "bev_685ad1bbd41d4f57a67c636ae8f5b6a3.png", "aux": "aux_685ad1bbd41d4f57a67c636ae8f5b6a3.npz", "visibility": "visibility_685ad1bbd41d4f57a67c636ae8f5b6a3.png", "pose": [[0.40524929761886597, 0.9142062067985535, 0.0, 1298.3642578125], [-0.9142062067985535, 0.40524929761886597, 0.0, 1267.9991455078125], [0.0, 0.0, 1.0, 0.0], [0.0, 0.0, 0.0, 1.0]], "pose_inverse": [[0.40524929761886597, -0.9142062067985535, 0.0, 633.0514526367188], [0.9142062067985535, 0.40524929761886597, 0.0, -1700.8284912109375], [0.0, 0.0, 1.0, 0.0], [0.0, 0.0, 0.0, 1.0]], "cam_ids": [0, 1, 2, 3, 4, 5], "cam_channels": ["CAM_FRONT_LEFT", "CAM_FRONT", "CAM_FRONT_RIGHT", "CAM_BACK_LEFT", "CAM_BACK", "CAM_BACK_RIGHT"], "token": "685ad1bbd41d4f57a67c636ae8f5b6a3", "scene": "scene-0187"}, {"images": ["samples/CAM_FRONT_LEFT/n015-2018-07-27-11-36-48+0800__CAM_FRONT_LEFT__1532663090404844.jpg", "samples/CAM_FRONT/n015-2018-07-27-11-36-48+0800__CAM_FRONT__1532663090412460.jpg", "samples/CAM_FRONT_RIGHT/n015-2018-07-27-11-36-48+0800__CAM_FRONT_RIGHT__1532663090420339.jpg", "samples/CAM_BACK_LEFT/n015-2018-07-27-11-36-48+0800__CAM_BACK_LEFT__1532663090447423.jpg", "samples/CAM_BACK/n015-2018-07-27-11-36-48+0800__CAM_BACK__1532663090437525.jpg", "samples/CAM_BACK_RIGHT/n015-2018-07-27-11-36-48+0800__CAM_BACK_RIGHT__1532663090427893.jpg"], "intrinsics": [[[1272.5979470598488, 0.0, 826.6154927353808], [0.0, 1272.5979470598488, 479.75165386361925], [0.0, 0.0, 1.0]], [[1266.417203046554, 0.0, 816.2670197447984], [0.0, 1266.417203046554, 491.50706579294757], [0.0, 0.0, 1.0]], [[1260.8474446004698, 0.0, 807.968244525554], [0.0, 1260.8474446004698, 495.3344268742088], [0.0, 0.0, 1.0]], [[1256.7414812095406, 0.0, 792.1125740759628], [0.0, 1256.7414812095406, 492.7757465151356], [0.0, 0.0, 1.0]], [[809.2209905677063, 0.0, 829.2196003259838], [0.0, 809.2209905677063, 481.77842384512485], [0.0, 0.0, 1.0]], [[1259.5137405846733, 0.0, 807.2529053838625], [0.0, 1259.5137405846733, 501.19579884916527], [0.0, 0.0, 1.0]]], "extrinsics": [[[0.8205960392951965, -0.5714716911315918, 0.006503210868686438, -0.857421875], [0.007386950775980949, -0.0007722658338025212, -0.999972403049469, 1.5092120170593262], [0.5714609622955322, 0.8206214904785156, 0.003587715094909072, -1.2071533203125], [0.0, 0.0, 0.0, 1.0]], [[0.005445987917482853, -0.9999735355377197, 0.0048258486203849316, 0.0069580078125], [0.0019916649907827377, -0.004815063904970884, -0.999986469745636, 1.5207538604736328], [0.9999831914901733, 0.005455506034195423, 0.0019653888884931803, -1.584716796875], [0.0, 0.0, 0.0, 1.0]], [[-0.8329450488090515, -0.5531999468803406, -0.013131491839885712, 0.962646484375], [0.00751948356628418, 0.012412860058248043, -0.9998946785926819, 1.5042657852172852], [0.5533046722412109, -0.832956075668335, -0.006179451011121273, -1.201171875], [0.0, 0.0, 0.0, 1.0]], [[0.9477119445800781, 0.3189908564090729, 0.009319725446403027, -1.140411376953125], [0.015862008556723595, -0.017917625606060028, -0.9997135996818542, 1.5885848999023438], [-0.31873250007629395, 0.9475883841514587, -0.022040585055947304, -0.1044921875], [0.0, 0.0, 0.0, 1.0]], [[0.002539118519052863, 0.9999654293060303, -0.007931124418973923, 0.0025634765625], [-0.009433494880795479, -0.007906843908131123, -0.9999243021011353, 1.5790424346923828], [-0.9999523162841797, 0.002613771939650178, 0.009413091465830803, -0.03173828125], [0.0, 0.0, 0.0, 1.0]], [[-0.9346165657043457, 0.3551401197910309, -0.0191641952842474, 1.077880859375], [0.023315109312534332, 0.007411802653223276, -0.999700665473938, 1.5528903007507324], [-0.3548918068408966, -0.9347836971282959, -0.015207326039671898, -0.0849609375], [0.0, 0.0, 0.0, 1.0]]], "view": [[0.0, -2.0, 100.0], [-2.0, 0.0, 100.0], [0.0, 0.0, 1.0]], "bev": "bev_0e449561efa841a6b98c4a169448b3c4.png", "aux": "aux_0e449561efa841a6b98c4a169448b3c4.npz", "visibility": "visibility_0e449561efa841a6b98c4a169448b3c4.png", "pose": [[0.4069701135158539, 0.9134414792060852, 0.0, 1298.96435546875], [-0.9134414792060852, 0.4069701135158539, 0.0, 1266.61572265625], [0.0, 0.0, 1.0, 0.0], [0.0, 0.0, 0.0, 1.0]], "pose_inverse": [[0.4069701135158539, -0.9134414792060852, 0.0, 628.3396606445312], [0.9134414792060852, 0.4069701135158539, 0.0, -1702.002685546875], [0.0, 0.0, 1.0, 0.0], [0.0, 0.0, 0.0, 1.0]], "cam_ids": [0, 1, 2, 3, 4, 5], "cam_channels": ["CAM_FRONT_LEFT", "CAM_FRONT", "CAM_FRONT_RIGHT", "CAM_BACK_LEFT", "CAM_BACK", "CAM_BACK_RIGHT"], "token": "0e449561efa841a6b98c4a169448b3c4", "scene": "scene-0187"}, {"images": ["samples/CAM_FRONT_LEFT/n015-2018-07-27-11-36-48+0800__CAM_FRONT_LEFT__1532663090904844.jpg", "samples/CAM_FRONT/n015-2018-07-27-11-36-48+0800__CAM_FRONT__1532663090912460.jpg", "samples/CAM_FRONT_RIGHT/n015-2018-07-27-11-36-48+0800__CAM_FRONT_RIGHT__1532663090920339.jpg", "samples/CAM_BACK_LEFT/n015-2018-07-27-11-36-48+0800__CAM_BACK_LEFT__1532663090947423.jpg", "samples/CAM_BACK/n015-2018-07-27-11-36-48+0800__CAM_BACK__1532663090937525.jpg", "samples/CAM_BACK_RIGHT/n015-2018-07-27-11-36-48+0800__CAM_BACK_RIGHT__1532663090927893.jpg"], "intrinsics": [[[1272.5979470598488, 0.0, 826.6154927353808], [0.0, 1272.5979470598488, 479.75165386361925], [0.0, 0.0, 1.0]], [[1266.417203046554, 0.0, 816.2670197447984], [0.0, 1266.417203046554, 491.50706579294757], [0.0, 0.0, 1.0]], [[1260.8474446004698, 0.0, 807.968244525554], [0.0, 1260.8474446004698, 495.3344268742088], [0.0, 0.0, 1.0]], [[1256.7414812095406, 0.0, 792.1125740759628], [0.0, 1256.7414812095406, 492.7757465151356], [0.0, 0.0, 1.0]], [[809.2209905677063, 0.0, 829.2196003259838], [0.0, 809.2209905677063, 481.77842384512485], [0.0, 0.0, 1.0]], [[1259.5137405846733, 0.0, 807.2529053838625], [0.0, 1259.5137405846733, 501.19579884916527], [0.0, 0.0, 1.0]]], "extrinsics": [[[0.8205642700195312, -0.5715347528457642, 0.004730790853500366, -0.8497314453125], [0.006872279569506645, 0.001589534105733037, -0.9999750852584839, 1.5092155933380127], [0.5715129375457764, 0.8205763697624207, 0.005232060793787241, -1.19970703125], [0.0, 0.0, 0.0, 1.0]], [[0.005412640515714884, -0.9999825358390808, 0.0023691286332905293, 0.00537109375], [0.001511883339844644, -0.0023609772324562073, -0.9999961256980896, 1.5207085609436035], [0.9999842643737793, 0.005416186526417732, 0.0014990780036896467, -1.5765380859375], [0.0, 0.0, 0.0, 1.0]], [[-0.8329567909240723, -0.5531566143035889, -0.01417145412415266, 0.95703125], [0.007075008936226368, 0.014962014742195606, -0.9998629689216614, 1.5042839050292969], [0.5532928109169006, -0.8329429030418396, -0.00854912307113409, -1.1986083984375], [0.0, 0.0, 0.0, 1.0]], [[0.9477282166481018, 0.318927526473999, 0.00981885939836502, -1.1386299133300781], [0.015416615642607212, -0.015032192692160606, -0.9997681379318237, 1.5886077880859375], [-0.3187059462070465, 0.9476599097251892, -0.019163215532898903, -0.1048583984375], [0.0, 0.0, 0.0, 1.0]], [[0.002525741932913661, 0.9999834895133972, -0.005166761577129364, 0.0028076171875], [-0.009843442589044571, -0.005141664762049913, -0.9999383687973022, 1.5790176391601562], [-0.9999484419822693, 0.0025764144957065582, 0.009830292314291, -0.03271484375], [0.0, 0.0, 0.0, 1.0]], [[-0.9346242547035217, 0.3551890552043915, -0.017837699502706528, 1.0748291015625], [0.022897807881236076, 0.01004739385098219, -0.9996873736381531, 1.5529587268829346], [-0.3548988103866577, -0.9347405433654785, -0.017523592337965965, -0.087158203125], [0.0, 0.0, 0.0, 1.0]]], "view": [[0.0, -2.0, 100.0], [-2.0, 0.0, 100.0], [0.0, 0.0, 1.0]], "bev": "bev_160da2b580974948a7c4632b85a8265f.png", "aux": "aux_160da2b580974948a7c4632b85a8265f.npz", "visibility": "visibility_160da2b580974948a7c4632b85a8265f.png", "pose": [[0.40865442156791687, 0.912689208984375, 0.0, 1299.599609375], [-0.912689208984375, 0.40865442156791687, 0.0, 1265.16552734375], [0.0, 0.0, 1.0, 0.0], [0.0, 0.0, 0.0, 1.0]], "pose_inverse": [[0.40865442156791687, -0.912689208984375, 0.0, 623.6157836914062], [0.912689208984375, 0.40865442156791687, 0.0, -1703.14599609375], [0.0, 0.0, 1.0, 0.0], [0.0, 0.0, 0.0, 1.0]], "cam_ids": [0, 1, 2, 3, 4, 5], "cam_channels": ["CAM_FRONT_LEFT", "CAM_FRONT", "CAM_FRONT_RIGHT", "CAM_BACK_LEFT", "CAM_BACK", "CAM_BACK_RIGHT"], "token": "160da2b580974948a7c4632b85a8265f", "scene": "scene-0187"}, {"images": ["samples/CAM_FRONT_LEFT/n015-2018-07-27-11-36-48+0800__CAM_FRONT_LEFT__1532663091404844.jpg", "samples/CAM_FRONT/n015-2018-07-27-11-36-48+0800__CAM_FRONT__1532663091412460.jpg", "samples/CAM_FRONT_RIGHT/n015-2018-07-27-11-36-48+0800__CAM_FRONT_RIGHT__1532663091420339.jpg", "samples/CAM_BACK_LEFT/n015-2018-07-27-11-36-48+0800__CAM_BACK_LEFT__1532663091447423.jpg", "samples/CAM_BACK/n015-2018-07-27-11-36-48+0800__CAM_BACK__1532663091437525.jpg", "samples/CAM_BACK_RIGHT/n015-2018-07-27-11-36-48+0800__CAM_BACK_RIGHT__1532663091427893.jpg"], "intrinsics": [[[1272.5979470598488, 0.0, 826.6154927353808], [0.0, 1272.5979470598488, 479.75165386361925], [0.0, 0.0, 1.0]], [[1266.417203046554, 0.0, 816.2670197447984], [0.0, 1266.417203046554, 491.50706579294757], [0.0, 0.0, 1.0]], [[1260.8474446004698, 0.0, 807.968244525554], [0.0, 1260.8474446004698, 495.3344268742088], [0.0, 0.0, 1.0]], [[1256.7414812095406, 0.0, 792.1125740759628], [0.0, 1256.7414812095406, 492.7757465151356], [0.0, 0.0, 1.0]], [[809.2209905677063, 0.0, 829.2196003259838], [0.0, 809.2209905677063, 481.77842384512485], [0.0, 0.0, 1.0]], [[1259.5137405846733, 0.0, 807.2529053838625], [0.0, 1259.5137405846733, 501.19579884916527], [0.0, 0.0, 1.0]]], "extrinsics": [[[0.8206524848937988, -0.5714272260665894, 0.0006714644841849804, -0.857666015625], [0.0014320423360913992, 0.0008815564797259867, -0.9999985694885254, 1.5084327459335327], [0.5714258551597595, 0.8206523656845093, 0.0015417594695463777, -1.2071533203125], [0.0, 0.0, 0.0, 1.0]], [[0.0055130599066615105, -0.9999794960021973, 0.0032384900841861963, 0.0069580078125], [-0.003960868343710899, -0.003260350786149502, -0.9999868273735046, 1.5201160907745361], [0.9999769330024719, 0.005500095896422863, -0.003978761378675699, -1.58599853515625], [0.0, 0.0, 0.0, 1.0]], [[-0.8329974412918091, -0.5532038807868958, -0.008977584540843964, 0.964202880859375], [0.0015680111246183515, 0.013865704648196697, -0.999902606010437, 1.5037612915039062], [0.5532744526863098, -0.8329304456710815, -0.010682666674256325, -1.2025146484375], [0.0, 0.0, 0.0, 1.0]], [[0.9477572441101074, 0.3189665377140045, 0.004059108905494213, -1.1404914855957031], [0.009913147427141666, -0.016731899231672287, -0.9998108148574829, 1.5885772705078125], [-0.31883832812309265, 0.9476182460784912, -0.01901974342763424, -0.1046142578125], [0.0, 0.0, 0.0, 1.0]], [[0.0024888606276363134, 0.9999746084213257, -0.006691243965178728, 0.0025634765625], [-0.01538033690303564, -0.006652195006608963, -0.9998595714569092, 1.5788785219192505], [-0.9998786449432373, 0.002591445343568921, 0.015363387763500214, -0.029296875], [0.0, 0.0, 0.0, 1.0]], [[-0.9347179532051086, 0.3551482558250427, -0.01311907172203064, 1.0802001953125], [0.01736363209784031, 0.008766782470047474, -0.9998108148574829, 1.552480697631836], [-0.35496604442596436, -0.9347689151763916, -0.014361133798956871, -0.0841064453125], [0.0, 0.0, 0.0, 1.0]]], "view": [[0.0, -2.0, 100.0], [-2.0, 0.0, 100.0], [0.0, 0.0, 1.0]], "bev": "bev_1a437e6c7760441eaab1c3f09f3cac61.png", "aux": "aux_1a437e6c7760441eaab1c3f09f3cac61.npz", "visibility": "visibility_1a437e6c7760441eaab1c3f09f3cac61.png", "pose": [[0.40940091013908386, 0.912354588508606, 0.0, 1300.2012939453125], [-0.912354588508606, 0.40940091013908386, 0.0, 1263.7913818359375], [0.0, 0.0, 1.0, 0.0], [0.0, 0.0, 0.0, 1.0]], "pose_inverse": [[0.40940091013908386, -0.912354588508606, 0.0, 620.7222900390625], [0.912354588508606, 0.40940091013908386, 0.0, -1703.6419677734375], [0.0, 0.0, 1.0, 0.0], [0.0, 0.0, 0.0, 1.0]], "cam_ids": [0, 1, 2, 3, 4, 5], "cam_channels": ["CAM_FRONT_LEFT", "CAM_FRONT", "CAM_FRONT_RIGHT", "CAM_BACK_LEFT", "CAM_BACK", "CAM_BACK_RIGHT"], "token": "1a437e6c7760441eaab1c3f09f3cac61", "scene": "scene-0187"}, {"images": ["samples/CAM_FRONT_LEFT/n015-2018-07-27-11-36-48+0800__CAM_FRONT_LEFT__1532663091904844.jpg", "samples/CAM_FRONT/n015-2018-07-27-11-36-48+0800__CAM_FRONT__1532663091912460.jpg", "samples/CAM_FRONT_RIGHT/n015-2018-07-27-11-36-48+0800__CAM_FRONT_RIGHT__1532663091920339.jpg", "samples/CAM_BACK_LEFT/n015-2018-07-27-11-36-48+0800__CAM_BACK_LEFT__1532663091947423.jpg", "samples/CAM_BACK/n015-2018-07-27-11-36-48+0800__CAM_BACK__1532663091937525.jpg", "samples/CAM_BACK_RIGHT/n015-2018-07-27-11-36-48+0800__CAM_BACK_RIGHT__1532663091927893.jpg"], "intrinsics": [[[1272.5979470598488, 0.0, 826.6154927353808], [0.0, 1272.5979470598488, 479.75165386361925], [0.0, 0.0, 1.0]], [[1266.417203046554, 0.0, 816.2670197447984], [0.0, 1266.417203046554, 491.50706579294757], [0.0, 0.0, 1.0]], [[1260.8474446004698, 0.0, 807.968244525554], [0.0, 1260.8474446004698, 495.3344268742088], [0.0, 0.0, 1.0]], [[1256.7414812095406, 0.0, 792.1125740759628], [0.0, 1256.7414812095406, 492.7757465151356], [0.0, 0.0, 1.0]], [[809.2209905677063, 0.0, 829.2196003259838], [0.0, 809.2209905677063, 481.77842384512485], [0.0, 0.0, 1.0]], [[1259.5137405846733, 0.0, 807.2529053838625], [0.0, 1259.5137405846733, 501.19579884916527], [0.0, 0.0, 1.0]]], "extrinsics": [[[0.8206035494804382, -0.571470320224762, -0.005601541139185429, -0.8568115234375], [-0.008095563389360905, -0.0018231922294944525, -0.9999655485153198, 1.5071836709976196], [0.5714404582977295, 0.8206207156181335, -0.006122492253780365, -1.205322265625], [0.0, 0.0, 0.0, 1.0]], [[0.005519321653991938, -0.9999673366546631, 0.005894468631595373, 0.0059814453125], [-0.01347032655030489, -0.005968370474874973, -0.999891459941864, 1.5190705060958862], [0.9998940229415894, 0.005439346190541983, -0.013502828776836395, -1.58355712890625], [0.0, 0.0, 0.0, 1.0]], [[-0.8330522179603577, -0.5531941652297974, 0.00042934302473440766, 0.961822509765625], [-0.007922117598354816, 0.011153832077980042, -0.9999063611030579, 1.5029735565185547], [0.5531376004219055, -0.8329775929450989, -0.013674193061888218, -1.2015380859375], [0.0, 0.0, 0.0, 1.0]], [[0.9477483034133911, 0.3189658224582672, -0.005826256703585386, -1.1422348022460938], [0.00045275353477336466, -0.01960783824324608, -0.9998076558113098, 1.5885543823242188], [-0.31901875138282776, 0.9475632905960083, -0.018727710470557213, -0.1038818359375], [0.0, 0.0, 0.0, 1.0]], [[0.0024118463043123484, 0.999951958656311, -0.009498978964984417, 0.0029296875], [-0.024843595921993256, -0.00943615473806858, -0.9996468424797058, 1.5785832405090332], [-0.999688446521759, 0.0026470550801604986, 0.024819644168019295, -0.02923583984375], [0.0, 0.0, 0.0, 1.0]], [[-0.9348006844520569, 0.35513415932655334, -0.005228287540376186, 1.078857421875], [0.0078886142000556, 0.00604349747300148, -0.999950647354126, 1.5519342422485352], [-0.35508498549461365, -0.9347957372665405, -0.00845098216086626, -0.085205078125], [0.0, 0.0, 0.0, 1.0]]], "view": [[0.0, -2.0, 100.0], [-2.0, 0.0, 100.0], [0.0, 0.0, 1.0]], "bev": "bev_6f5f46768fc74899b1cfd758757dbd5a.png", "aux": "aux_6f5f46768fc74899b1cfd758757dbd5a.npz", "visibility": "visibility_6f5f46768fc74899b1cfd758757dbd5a.png", "pose": [[0.4112352132797241, 0.9115292429924011, 0.0, 1300.827880859375], [-0.9115292429924011, 0.4112352132797241, 0.0, 1262.376220703125], [0.0, 0.0, 1.0, 0.0], [0.0, 0.0, 0.0, 1.0]], "pose_inverse": [[0.4112352132797241, -0.9115292429924011, 0.0, 615.7466430664062], [0.9115292429924011, 0.4112352132797241, 0.0, -1704.876220703125], [0.0, 0.0, 1.0, 0.0], [0.0, 0.0, 0.0, 1.0]], "cam_ids": [0, 1, 2, 3, 4, 5], "cam_channels": ["CAM_FRONT_LEFT", "CAM_FRONT", "CAM_FRONT_RIGHT", "CAM_BACK_LEFT", "CAM_BACK", "CAM_BACK_RIGHT"], "token": "6f5f46768fc74899b1cfd758757dbd5a", "scene": "scene-0187"}, {"images": ["samples/CAM_FRONT_LEFT/n015-2018-07-27-11-36-48+0800__CAM_FRONT_LEFT__1532663092404844.jpg", "samples/CAM_FRONT/n015-2018-07-27-11-36-48+0800__CAM_FRONT__1532663092412460.jpg", "samples/CAM_FRONT_RIGHT/n015-2018-07-27-11-36-48+0800__CAM_FRONT_RIGHT__1532663092420339.jpg", "samples/CAM_BACK_LEFT/n015-2018-07-27-11-36-48+0800__CAM_BACK_LEFT__1532663092447423.jpg", "samples/CAM_BACK/n015-2018-07-27-11-36-48+0800__CAM_BACK__1532663092437525.jpg", "samples/CAM_BACK_RIGHT/n015-2018-07-27-11-36-48+0800__CAM_BACK_RIGHT__1532663092427893.jpg"], "intrinsics": [[[1272.5979470598488, 0.0, 826.6154927353808], [0.0, 1272.5979470598488, 479.75165386361925], [0.0, 0.0, 1.0]], [[1266.417203046554, 0.0, 816.2670197447984], [0.0, 1266.417203046554, 491.50706579294757], [0.0, 0.0, 1.0]], [[1260.8474446004698, 0.0, 807.968244525554], [0.0, 1260.8474446004698, 495.3344268742088], [0.0, 0.0, 1.0]], [[1256.7414812095406, 0.0, 792.1125740759628], [0.0, 1256.7414812095406, 492.7757465151356], [0.0, 0.0, 1.0]], [[809.2209905677063, 0.0, 829.2196003259838], [0.0, 809.2209905677063, 481.77842384512485], [0.0, 0.0, 1.0]], [[1259.5137405846733, 0.0, 807.2529053838625], [0.0, 1259.5137405846733, 501.19579884916527], [0.0, 0.0, 1.0]]], "extrinsics": [[[0.8207113742828369, -0.5712693929672241, -0.009162051603198051, -0.8505859375], [-0.015112368389964104, -0.005675144959241152, -0.999869704246521, 1.506149411201477], [0.5711429715156555, 0.8207429647445679, -0.01329089142382145, -1.201171875], [0.0, 0.0, 0.0, 1.0]], [[0.005837597418576479, -0.9999357461929321, 0.009708043187856674, 0.0059814453125], [-0.020521419122815132, -0.00982595607638359, -0.9997411370277405, 1.5181884765625], [0.9997722506523132, 0.005636875052005053, -0.020577462390065193, -1.57794189453125], [0.0, 0.0, 0.0, 1.0]], [[-0.832886278629303, -0.5533791780471802, 0.008471563458442688, 0.958343505859375], [-0.01501526776701212, 0.007292700931429863, -0.9998606443405151, 1.5023059844970703], [0.5532402992248535, -0.8328974843025208, -0.01438312791287899, -1.1990966796875], [0.0, 0.0, 0.0, 1.0]], [[0.9476563334465027, 0.3189908564090729, -0.013861270621418953, -1.1424598693847656], [-0.006740686018019915, -0.023415397852659225, -0.999703049659729, 1.5885581970214844], [-0.31922072172164917, 0.9474684000015259, -0.02003953419625759, -0.1038818359375], [0.0, 0.0, 0.0, 1.0]], [[0.0021759101655334234, 0.9999088644981384, -0.0133245550096035, 0.002685546875], [-0.031977977603673935, -0.013248195871710777, -0.999400794506073, 1.5782930850982666], [-0.9994861483573914, 0.002600709442049265, 0.03194623440504074, -0.031494140625], [0.0, 0.0, 0.0, 1.0]], [[-0.9348915219306946, 0.35493341088294983, 4.788554724655114e-05, 1.0758056640625], [0.0007828471716493368, 0.0021969242952764034, -0.9999973177909851, 1.5515015125274658], [-0.3549325168132782, -0.934889018535614, -0.0023317437153309584, -0.0863037109375], [0.0, 0.0, 0.0, 1.0]]], "view": [[0.0, -2.0, 100.0], [-2.0, 0.0, 100.0], [0.0, 0.0, 1.0]], "bev": "bev_43fc8f50e84e454da8be3ebc1b1db1b9.png", "aux": "aux_43fc8f50e84e454da8be3ebc1b1db1b9.npz", "visibility": "visibility_43fc8f50e84e454da8be3ebc1b1db1b9.png", "pose": [[0.4102881848812103, 0.9119558930397034, 0.0, 1301.470458984375], [-0.9119558930397034, 0.4102881848812103, 0.0, 1260.9390869140625], [0.0, 0.0, 1.0, 0.0], [0.0, 0.0, 0.0, 1.0]], "pose_inverse": [[0.4102881848812103, -0.9119558930397034, 0.0, 615.9429321289062], [0.9119558930397034, 0.4102881848812103, 0.0, -1704.2320556640625], [0.0, 0.0, 1.0, 0.0], [0.0, 0.0, 0.0, 1.0]], "cam_ids": [0, 1, 2, 3, 4, 5], "cam_channels": ["CAM_FRONT_LEFT", "CAM_FRONT", "CAM_FRONT_RIGHT", "CAM_BACK_LEFT", "CAM_BACK", "CAM_BACK_RIGHT"], "token": "43fc8f50e84e454da8be3ebc1b1db1b9", "scene": "scene-0187"}, {"images": ["samples/CAM_FRONT_LEFT/n015-2018-07-27-11-36-48+0800__CAM_FRONT_LEFT__1532663092904844.jpg", "samples/CAM_FRONT/n015-2018-07-27-11-36-48+0800__CAM_FRONT__1532663092912460.jpg", "samples/CAM_FRONT_RIGHT/n015-2018-07-27-11-36-48+0800__CAM_FRONT_RIGHT__1532663092920339.jpg", "samples/CAM_BACK_LEFT/n015-2018-07-27-11-36-48+0800__CAM_BACK_LEFT__1532663092947423.jpg", "samples/CAM_BACK/n015-2018-07-27-11-36-48+0800__CAM_BACK__1532663092937525.jpg", "samples/CAM_BACK_RIGHT/n015-2018-07-27-11-36-48+0800__CAM_BACK_RIGHT__1532663092927893.jpg"], "intrinsics": [[[1272.5979470598488, 0.0, 826.6154927353808], [0.0, 1272.5979470598488, 479.75165386361925], [0.0, 0.0, 1.0]], [[1266.417203046554, 0.0, 816.2670197447984], [0.0, 1266.417203046554, 491.50706579294757], [0.0, 0.0, 1.0]], [[1260.8474446004698, 0.0, 807.968244525554], [0.0, 1260.8474446004698, 495.3344268742088], [0.0, 0.0, 1.0]], [[1256.7414812095406, 0.0, 792.1125740759628], [0.0, 1256.7414812095406, 492.7757465151356], [0.0, 0.0, 1.0]], [[809.2209905677063, 0.0, 829.2196003259838], [0.0, 809.2209905677063, 481.77842384512485], [0.0, 0.0, 1.0]], [[1259.5137405846733, 0.0, 807.2529053838625], [0.0, 1259.5137405846733, 501.19579884916527], [0.0, 0.0, 1.0]]], "extrinsics": [[[0.8209779262542725, -0.5708049535751343, -0.01329363975673914, -0.8397216796875], [-0.020805111154913902, -0.006639867089688778, -0.9997615218162537, 1.5051021575927734], [0.5705806016921997, 0.8210588097572327, -0.017326846718788147, -1.19482421875], [0.0, 0.0, 0.0, 1.0]], [[0.006352684460580349, -0.9999248385429382, 0.010482575744390488, 0.0069580078125], [-0.026119640097022057, -0.010645135305821896, -0.999602198600769, 1.517285704612732], [0.999638557434082, 0.006076387129724026, -0.026185302063822746, -1.5675048828125], [0.0, 0.0, 0.0, 1.0]], [[-0.8326402902603149, -0.5536514520645142, 0.013423409312963486, 0.95184326171875], [-0.02052551880478859, 0.00662888353690505, -0.9997673034667969, 1.5016460418701172], [0.5534335970878601, -0.8327221274375916, -0.016883457079529762, -1.1942138671875], [0.0, 0.0, 0.0, 1.0]], [[0.9475544691085815, 0.31904667615890503, -0.018700838088989258, -1.1412391662597656], [-0.011800178326666355, -0.023548392578959465, -0.9996530413627625, 1.5885429382324219], [-0.31937628984451294, 0.9474464058876038, -0.018548576161265373, -0.104248046875], [0.0, 0.0, 0.0, 1.0]], [[0.002027172362431884, 0.9999041557312012, -0.013696384616196156, 0.0025634765625], [-0.037267278879880905, -0.01361135859042406, -0.9992126226425171, 1.578000783920288], [-0.9993032813072205, 0.0025359794963151217, 0.03723611310124397, -0.03466796875], [0.0, 0.0, 0.0, 1.0]], [[-0.9349567294120789, 0.35472723841667175, 0.004947137087583542, 1.0699462890625], [-0.0046554869040846825, 0.0016756444238126278, -0.999987781047821, 1.5511183738708496], [-0.3547312021255493, -0.9349683523178101, 8.477026131004095e-05, -0.0880126953125], [0.0, 0.0, 0.0, 1.0]]], "view": [[0.0, -2.0, 100.0], [-2.0, 0.0, 100.0], [0.0, 0.0, 1.0]], "bev": "bev_0f3944d4e22440f9a0adb92773ef5bd0.png", "aux": "aux_0f3944d4e22440f9a0adb92773ef5bd0.npz", "visibility": "visibility_0f3944d4e22440f9a0adb92773ef5bd0.png", "pose": [[0.40727120637893677, 0.913307249546051, 0.0, 1302.18359375], [-0.913307249546051, 0.40727120637893677, 0.0, 1259.3153076171875], [0.0, 0.0, 1.0, 0.0], [0.0, 0.0, 0.0, 1.0]], "pose_inverse": [[0.40727120637893677, -0.913307249546051, 0.0, 619.7999877929688], [0.913307249546051, 0.40727120637893677, 0.0, -1702.1766357421875], [0.0, 0.0, 1.0, 0.0], [0.0, 0.0, 0.0, 1.0]], "cam_ids": [0, 1, 2, 3, 4, 5], "cam_channels": ["CAM_FRONT_LEFT", "CAM_FRONT", "CAM_FRONT_RIGHT", "CAM_BACK_LEFT", "CAM_BACK", "CAM_BACK_RIGHT"], "token": "0f3944d4e22440f9a0adb92773ef5bd0", "scene": "scene-0187"}, {"images": ["samples/CAM_FRONT_LEFT/n015-2018-07-27-11-36-48+0800__CAM_FRONT_LEFT__1532663093404844.jpg", "samples/CAM_FRONT/n015-2018-07-27-11-36-48+0800__CAM_FRONT__1532663093412460.jpg", "samples/CAM_FRONT_RIGHT/n015-2018-07-27-11-36-48+0800__CAM_FRONT_RIGHT__1532663093420339.jpg", "samples/CAM_BACK_LEFT/n015-2018-07-27-11-36-48+0800__CAM_BACK_LEFT__1532663093447423.jpg", "samples/CAM_BACK/n015-2018-07-27-11-36-48+0800__CAM_BACK__1532663093437525.jpg", "samples/CAM_BACK_RIGHT/n015-2018-07-27-11-36-48+0800__CAM_BACK_RIGHT__1532663093427893.jpg"], "intrinsics": [[[1272.5979470598488, 0.0, 826.6154927353808], [0.0, 1272.5979470598488, 479.75165386361925], [0.0, 0.0, 1.0]], [[1266.417203046554, 0.0, 816.2670197447984], [0.0, 1266.417203046554, 491.50706579294757], [0.0, 0.0, 1.0]], [[1260.8474446004698, 0.0, 807.968244525554], [0.0, 1260.8474446004698, 495.3344268742088], [0.0, 0.0, 1.0]], [[1256.7414812095406, 0.0, 792.1125740759628], [0.0, 1256.7414812095406, 492.7757465151356], [0.0, 0.0, 1.0]], [[809.2209905677063, 0.0, 829.2196003259838], [0.0, 809.2209905677063, 481.77842384512485], [0.0, 0.0, 1.0]], [[1259.5137405846733, 0.0, 807.2529053838625], [0.0, 1259.5137405846733, 501.19579884916527], [0.0, 0.0, 1.0]]], "extrinsics": [[[0.8207297921180725, -0.5709762573242188, -0.01971963420510292, -0.8345947265625], [-0.02782619372010231, -0.005474976729601622, -0.9995977282524109, 1.5038557052612305], [0.5706385970115662, 0.8209483027458191, -0.020381571725010872, -1.191162109375], [0.0, 0.0, 0.0, 1.0]], [[0.0062596602365374565, -0.9999343156814575, 0.009593857452273369, 0.0068359375], [-0.03358624130487442, -0.009798865765333176, -0.999387800693512, 1.5161657333374023], [0.9994162321090698, 0.005933609791100025, -0.033645372837781906, -1.5621337890625], [0.0, 0.0, 0.0, 1.0]], [[-0.8325656056404114, -0.5535745024681091, 0.01974213682115078, 0.948211669921875], [-0.02845231257379055, 0.0071440753526985645, -0.9995695948600769, 1.5007495880126953], [0.5531952381134033, -0.8327690362930298, -0.02169838733971119, -1.19189453125], [0.0, 0.0, 0.0, 1.0]], [[0.9473175406455994, 0.3190705478191376, -0.027989139780402184, -1.1391143798828125], [-0.02140353061258793, -0.024128327146172523, -0.9994797110557556, 1.5884895324707031], [-0.3195798993110657, 0.9474237561225891, -0.01602795347571373, -0.10498046875], [0.0, 0.0, 0.0, 1.0]], [[0.0018560325261205435, 0.9999017119407654, -0.013896916061639786, 0.0025634765625], [-0.04620053619146347, -0.013796359300613403, -0.9988369345664978, 1.5775656700134277], [-0.9989303946495056, 0.0024959025904536247, 0.04617038369178772, -0.0369873046875], [0.0, 0.0, 0.0, 1.0]], [[-0.9348699450492859, 0.35475948452949524, 0.012797382660210133, 1.06689453125], [-0.01297591533511877, 0.0018758794758468866, -0.9999141097068787, 1.5504875183105469], [-0.3547530472278595, -0.9349557161331177, 0.0028496249578893185, -0.0892333984375], [0.0, 0.0, 0.0, 1.0]]], "view": [[0.0, -2.0, 100.0], [-2.0, 0.0, 100.0], [0.0, 0.0, 1.0]], "bev": "bev_096deff9b75f4340891ed28a47d959b1.png", "aux": "aux_096deff9b75f4340891ed28a47d959b1.npz", "visibility": "visibility_096deff9b75f4340891ed28a47d959b1.png", "pose": [[0.40236735343933105, 0.9154782891273499, 0.0, 1302.91162109375], [-0.9154782891273499, 0.40236735343933105, 0.0, 1257.6273193359375], [0.0, 0.0, 1.0, 0.0], [0.0, 0.0, 0.0, 1.0]], "pose_inverse": [[0.40236735343933105, -0.9154782891273499, 0.0, 627.0814208984375], [0.9154782891273499, 0.40236735343933105, 0.0, -1698.8154296875], [0.0, 0.0, 1.0, 0.0], [0.0, 0.0, 0.0, 1.0]], "cam_ids": [0, 1, 2, 3, 4, 5], "cam_channels": ["CAM_FRONT_LEFT", "CAM_FRONT", "CAM_FRONT_RIGHT", "CAM_BACK_LEFT", "CAM_BACK", "CAM_BACK_RIGHT"], "token": "096deff9b75f4340891ed28a47d959b1", "scene": "scene-0187"}, {"images": ["samples/CAM_FRONT_LEFT/n015-2018-07-27-11-36-48+0800__CAM_FRONT_LEFT__1532663093904844.jpg", "samples/CAM_FRONT/n015-2018-07-27-11-36-48+0800__CAM_FRONT__1532663093912460.jpg", "samples/CAM_FRONT_RIGHT/n015-2018-07-27-11-36-48+0800__CAM_FRONT_RIGHT__1532663093920339.jpg", "samples/CAM_BACK_LEFT/n015-2018-07-27-11-36-48+0800__CAM_BACK_LEFT__1532663093947423.jpg", "samples/CAM_BACK/n015-2018-07-27-11-36-48+0800__CAM_BACK__1532663093937525.jpg", "samples/CAM_BACK_RIGHT/n015-2018-07-27-11-36-48+0800__CAM_BACK_RIGHT__1532663093927893.jpg"], "intrinsics": [[[1272.5979470598488, 0.0, 826.6154927353808], [0.0, 1272.5979470598488, 479.75165386361925], [0.0, 0.0, 1.0]], [[1266.417203046554, 0.0, 816.2670197447984], [0.0, 1266.417203046554, 491.50706579294757], [0.0, 0.0, 1.0]], [[1260.8474446004698, 0.0, 807.968244525554], [0.0, 1260.8474446004698, 495.3344268742088], [0.0, 0.0, 1.0]], [[1256.7414812095406, 0.0, 792.1125740759628], [0.0, 1256.7414812095406, 492.7757465151356], [0.0, 0.0, 1.0]], [[809.2209905677063, 0.0, 829.2196003259838], [0.0, 809.2209905677063, 481.77842384512485], [0.0, 0.0, 1.0]], [[1259.5137405846733, 0.0, 807.2529053838625], [0.0, 1259.5137405846733, 501.19579884916527], [0.0, 0.0, 1.0]]], "extrinsics": [[[0.8199450969696045, -0.5704855918884277, -0.04728991538286209, -0.83056640625], [-0.06624799221754074, -0.012511068023741245, -0.997724711894989, 1.4974422454833984], [0.5685959458351135, 0.8212123513221741, -0.04805190861225128, -1.1881103515625], [0.0, 0.0, 0.0, 1.0]], [[0.00767102325335145, -0.9998406767845154, 0.016118934378027916, 0.0067138671875], [-0.07207044959068298, -0.01663028821349144, -0.9972609281539917, 1.5108270645141602], [0.9973700046539307, 0.006488327402621508, -0.07218653708696365, -1.55780029296875], [0.0, 0.0, 0.0, 1.0]], [[-0.830586314201355, -0.5541152954101562, 0.055520690977573395, 0.945159912109375], [-0.06704819947481155, 0.0005298111937008798, -0.9977495670318604, 1.4965782165527344], [0.5528388619422913, -0.8324397802352905, -0.037592485547065735, -1.18994140625], [0.0, 0.0, 0.0, 1.0]], [[0.9451836347579956, 0.3196730315685272, -0.06661135703325272, -1.1380233764648438], [-0.06010656803846359, -0.03018326871097088, -0.9977355599403381, 1.5882959365844727], [-0.3209596574306488, 0.9470470547676086, -0.009314287453889847, -0.1051025390625], [0.0, 0.0, 0.0, 1.0]], [[0.0001881426724139601, 0.9997978806495667, -0.020104173570871353, 0.0