[{"images": ["samples/CAM_FRONT_LEFT/n015-2018-07-18-11-18-34+0800__CAM_FRONT_LEFT__1531884277904844.jpg", "samples/CAM_FRONT/n015-2018-07-18-11-18-34+0800__CAM_FRONT__1531884277912464.jpg", "samples/CAM_FRONT_RIGHT/n015-2018-07-18-11-18-34+0800__CAM_FRONT_RIGHT__1531884277920339.jpg", "samples/CAM_BACK_LEFT/n015-2018-07-18-11-18-34+0800__CAM_BACK_LEFT__1531884277947423.jpg", "samples/CAM_BACK/n015-2018-07-18-11-18-34+0800__CAM_BACK__1531884277937525.jpg", "samples/CAM_BACK_RIGHT/n015-2018-07-18-11-18-34+0800__CAM_BACK_RIGHT__1531884277927893.jpg"], "intrinsics": [[[1272.5979470598488, 0.0, 826.6154927353808], [0.0, 1272.5979470598488, 479.75165386361925], [0.0, 0.0, 1.0]], [[1266.417203046554, 0.0, 816.2670197447984], [0.0, 1266.417203046554, 491.50706579294757], [0.0, 0.0, 1.0]], [[1260.8474446004698, 0.0, 807.968244525554], [0.0, 1260.8474446004698, 495.3344268742088], [0.0, 0.0, 1.0]], [[1256.7414812095406, 0.0, 792.1125740759628], [0.0, 1256.7414812095406, 492.7757465151356], [0.0, 0.0, 1.0]], [[809.2209905677063, 0.0, 829.2196003259838], [0.0, 809.2209905677063, 481.77842384512485], [0.0, 0.0, 1.0]], [[1259.5137405846733, 0.0, 807.2529053838625], [0.0, 1259.5137405846733, 501.19579884916527], [0.0, 0.0, 1.0]]], "extrinsics": [[[0.8208599090576172, -0.5709941387176514, 0.012440930120646954, -0.70361328125], [0.015887947753071785, 0.0010550450533628464, -0.9998732209205627, 1.51329505443573], [0.5709086060523987, 0.8209534287452698, 0.009937967173755169, -1.099609375], [0.0, 0.0, 0.0, 1.0]], [[0.005948817823082209, -0.9999774098396301, 0.0031128996051847935, 0.0072021484375], [0.010472911410033703, -0.0030504814349114895, -0.9999405145645142, 1.523292064666748], [0.9999274611473083, 0.005981035530567169, 0.010454528965055943, -1.428955078125], [0.0, 0.0, 0.0, 1.0]], [[-0.8325492143630981, -0.5535485148429871, -0.02111230231821537, 0.86016845703125], [0.01596650294959545, 0.014117292128503323, -0.999772846698761, 1.5069465637207031], [0.5537208318710327, -0.8326972126960754, -0.0029151071794331074, -1.1336669921875], [0.0, 0.0, 0.0, 1.0]], [[0.9475789666175842, 0.31905654072761536, 0.01723468117415905, -1.129119873046875], [0.02392544224858284, -0.0170628372579813, -0.9995681047439575, 1.5888938903808594], [-0.3186245858669281, 0.9475820660591125, -0.023801952600479126, -0.1082763671875], [0.0, 0.0, 0.0, 1.0]], [[0.002367680426687002, 0.9999749064445496, -0.006679168902337551, 0.002685546875], [-0.001153167337179184, -0.006676452234387398, -0.9999771118164062, 1.5792617797851562], [-0.9999964833259583, 0.002375358482822776, 0.0011373314773663878, -0.082672119140625], [0.0, 0.0, 0.0, 1.0]], [[-0.9345521926879883, 0.35484105348587036, -0.026457805186510086, 0.9927978515625], [0.03171192482113838, 0.008998464792966843, -0.9994565844535828, 1.556304931640625], [-0.3544100821018219, -0.9348833560943604, -0.019662227481603622, -0.1175537109375], [0.0, 0.0, 0.0, 1.0]]], "view": [[0.0, -2.0, 100.0], [-2.0, 0.0, 100.0], [0.0, 0.0, 1.0]], "bev": "bev_cb58ac9c08e244d3a96feb126da39d0f.png", "aux": "aux_cb58ac9c08e244d3a96feb126da39d0f.npz", "visibility": "visibility_cb58ac9c08e244d3a96feb126da39d0f.png", "pose": [[-0.7914878129959106, -0.6111849546432495, 0.0, 852.7883911132812], [0.6111849546432495, -0.7914878129959106, 0.0, 1652.293701171875], [0.0, 0.0, 1.0, 0.0], [0.0, 0.0, 0.0, 1.0]], "pose_inverse": [[-0.7914878129959106, 0.6111849546432495, 0.0, -334.8854064941406], [-0.6111849546432495, -0.7914878129959106, 0.0, 1828.9818115234375], [0.0, 0.0, 1.0, 0.0], [0.0, 0.0, 0.0, 1.0]], "cam_ids": [0, 1, 2, 3, 4, 5], "cam_channels": ["CAM_FRONT_LEFT", "CAM_FRONT", "CAM_FRONT_RIGHT", "CAM_BACK_LEFT", "CAM_BACK", "CAM_BACK_RIGHT"], "token": "cb58ac9c08e244d3a96feb126da39d0f", "scene": "scene-0008"}, {"images": ["samples/CAM_FRONT_LEFT/n015-2018-07-18-11-18-34+0800__CAM_FRONT_LEFT__1531884278404844.jpg", "samples/CAM_FRONT/n015-2018-07-18-11-18-34+0800__CAM_FRONT__1531884278412462.jpg", "samples/CAM_FRONT_RIGHT/n015-2018-07-18-11-18-34+0800__CAM_FRONT_RIGHT__1531884278420339.jpg", "samples/CAM_BACK_LEFT/n015-2018-07-18-11-18-34+0800__CAM_BACK_LEFT__1531884278447423.jpg", "samples/CAM_BACK/n015-2018-07-18-11-18-34+0800__CAM_BACK__1531884278437525.jpg", "samples/CAM_BACK_RIGHT/n015-2018-07-18-11-18-34+0800__CAM_BACK_RIGHT__1531884278427893.jpg"], "intrinsics": [[[1272.5979470598488, 0.0, 826.6154927353808], [0.0, 1272.5979470598488, 479.75165386361925], [0.0, 0.0, 1.0]], [[1266.417203046554, 0.0, 816.2670197447984], [0.0, 1266.417203046554, 491.50706579294757], [0.0, 0.0, 1.0]], [[1260.8474446004698, 0.0, 807.968244525554], [0.0, 1260.8474446004698, 495.3344268742088], [0.0, 0.0, 1.0]], [[1256.7414812095406, 0.0, 792.1125740759628], [0.0, 1256.7414812095406, 492.7757465151356], [0.0, 0.0, 1.0]], [[809.2209905677063, 0.0, 829.2196003259838], [0.0, 809.2209905677063, 481.77842384512485], [0.0, 0.0, 1.0]], [[1259.5137405846733, 0.0, 807.2529053838625], [0.0, 1259.5137405846733, 501.19579884916527], [0.0, 0.0, 1.0]]], "extrinsics": [[[0.8209044933319092, -0.570967435836792, 0.010585467331111431, -0.6983642578125], [0.012970500625669956, 0.00011027907021343708, -0.9999158382415771, 1.512436866760254], [0.5709182024002075, 0.8209728002548218, 0.007496262434870005, -1.0980224609375], [0.0, 0.0, 0.0, 1.0]], [[0.005937651265412569, -0.9999744892120361, 0.003966446965932846, 0.008544921875], [0.0077006020583212376, -0.003920675255358219, -0.9999626874923706, 1.5226001739501953], [0.9999527335166931, 0.005967885255813599, 0.007677125278860331, -1.42486572265625], [0.0, 0.0, 0.0, 1.0]], [[-0.8326201438903809, -0.5535358190536499, -0.01849178969860077, 0.858154296875], [0.013346211053431034, 0.013325565494596958, -0.9998220801353455, 1.506429672241211], [0.5536836981773376, -0.8327187895774841, -0.0037075267173349857, -1.1309814453125], [0.0, 0.0, 0.0, 1.0]], [[0.9475789666175842, 0.3191528022289276, 0.01534970011562109, -1.12957763671875], [0.021806858479976654, -0.016668519005179405, -0.99962317943573, 1.5888481140136719], [-0.3187767267227173, 0.9475566744804382, -0.022754456847906113, -0.1082763671875], [0.0, 0.0, 0.0, 1.0]], [[0.0023538684472441673, 0.999973714351654, -0.006864806637167931, 0.0023193359375], [-0.00351008796133101, -0.006856520660221577, -0.9999703168869019, 1.5790624618530273], [-0.9999910593032837, 0.0023778919130563736, 0.0034938561730086803, -0.083343505859375], [0.0, 0.0, 0.0, 1.0]], [[-0.9346044659614563, 0.3548544645309448, -0.024347759783267975, 0.9906005859375], [0.02920614182949066, 0.008340505883097649, -0.9995386600494385, 1.555974006652832], [-0.3544875979423523, -0.9348844289779663, -0.01815900392830372, -0.1175537109375], [0.0, 0.0, 0.0, 1.0]]], "view": [[0.0, -2.0, 100.0], [-2.0, 0.0, 100.0], [0.0, 0.0, 1.0]], "bev": "bev_8e91794be2c14d3ab17bd14e342daf79.png", "aux": "aux_8e91794be2c14d3ab17bd14e342daf79.npz", "visibility": "visibility_8e91794be2c14d3ab17bd14e342daf79.png", "pose": [[-0.7912315130233765, -0.6115167140960693, 0.0, 849.9439697265625], [0.6115167140960693, -0.7912315130233765, 0.0, 1654.50439453125], [0.0, 0.0, 1.0, 0.0], [0.0, 0.0, 0.0, 1.0]], "pose_inverse": [[-0.7912315130233765, 0.6115167140960693, 0.0, -339.2546691894531], [-0.6115167140960693, -0.7912315130233765, 0.0, 1828.8509521484375], [0.0, 0.0, 1.0, 0.0], [0.0, 0.0, 0.0, 1.0]], "cam_ids": [0, 1, 2, 3, 4, 5], "cam_channels": ["CAM_FRONT_LEFT", "CAM_FRONT", "CAM_FRONT_RIGHT", "CAM_BACK_LEFT", "CAM_BACK", "CAM_BACK_RIGHT"], "token": "8e91794be2c14d3ab17bd14e342daf79", "scene": "scene-0008"}, {"images": ["samples/CAM_FRONT_LEFT/n015-2018-07-18-11-18-34+0800__CAM_FRONT_LEFT__1531884278904844.jpg", "samples/CAM_FRONT/n015-2018-07-18-11-18-34+0800__CAM_FRONT__1531884278912461.jpg", "samples/CAM_FRONT_RIGHT/n015-2018-07-18-11-18-34+0800__CAM_FRONT_RIGHT__1531884278920546.jpg", "samples/CAM_BACK_LEFT/n015-2018-07-18-11-18-34+0800__CAM_BACK_LEFT__1531884278947423.jpg", "samples/CAM_BACK/n015-2018-07-18-11-18-34+0800__CAM_BACK__1531884278937525.jpg", "samples/CAM_BACK_RIGHT/n015-2018-07-18-11-18-34+0800__CAM_BACK_RIGHT__1531884278927893.jpg"], "intrinsics": [[[1272.5979470598488, 0.0, 826.6154927353808], [0.0, 1272.5979470598488, 479.75165386361925], [0.0, 0.0, 1.0]], [[1266.417203046554, 0.0, 816.2670197447984], [0.0, 1266.417203046554, 491.50706579294757], [0.0, 0.0, 1.0]], [[1260.8474446004698, 0.0, 807.968244525554], [0.0, 1260.8474446004698, 495.3344268742088], [0.0, 0.0, 1.0]], [[1256.7414812095406, 0.0, 792.1125740759628], [0.0, 1256.7414812095406, 492.7757465151356], [0.0, 0.0, 1.0]], [[809.2209905677063, 0.0, 829.2196003259838], [0.0, 809.2209905677063, 481.77842384512485], [0.0, 0.0, 1.0]], [[1259.5137405846733, 0.0, 807.2529053838625], [0.0, 1259.5137405846733, 501.19579884916527], [0.0, 0.0, 1.0]]], "extrinsics": [[[0.8207394480705261, -0.5711104869842529, 0.014820223674178123, -0.6976318359375], [0.01804984174668789, -6.293137630564161e-06, -0.9998371005058289, 1.514122486114502], [0.5710175633430481, 0.8208732008934021, 0.010303289629518986, -1.0948486328125], [0.0, 0.0, 0.0, 1.0]], [[0.005798069294542074, -0.9999745488166809, 0.0041564637795090675, 0.0069580078125], [0.01284691784530878, -0.004081702791154385, -0.9999091625213623, 1.5240058898925781], [0.9999006986618042, 0.005850899964570999, 0.012822925113141537, -1.422088623046875], [0.0, 0.0, 0.0, 1.0]], [[-0.832553505897522, -0.5534785985946655, -0.022722097113728523, 0.8564453125], [0.018565114587545395, 0.013116634450852871, -0.9997416138648987, 1.5075626373291016], [0.5536335110664368, -0.8327601552009583, -0.0006449052016250789, -1.1314697265625], [0.0, 0.0, 0.0, 1.0]], [[0.9474862217903137, 0.31912022829055786, 0.020787250250577927, -1.1282958984375], [0.027871835976839066, -0.017649294808506966, -0.9994556307792664, 1.588958740234375], [-0.31857964396476746, 0.9475498795509338, -0.025616930797696114, -0.1083984375], [0.0, 0.0, 0.0, 1.0]], [[0.002409990644082427, 0.9999688267707825, -0.007514493074268103, 0.0030517578125], [0.0021924118045717478, -0.007519780658185482, -0.9999693632125854, 1.5795526504516602], [-0.9999947547912598, 0.0023933786433190107, -0.0022104664240032434, -0.0859375], [0.0, 0.0, 0.0, 1.0]], [[-0.9344457387924194, 0.35488197207450867, -0.029494645074009895, 0.98834228515625], [0.03458667919039726, 0.008012030273675919, -0.9993696212768555, 1.556917667388916], [-0.35442182421684265, -0.9348767995834351, -0.019760996103286743, -0.1195068359375], [0.0, 0.0, 0.0, 1.0]]], "view": [[0.0, -2.0, 100.0], [-2.0, 0.0, 100.0], [0.0, 0.0, 1.0]], "bev": "bev_1912f794c8674817b24675985ea9388c.png", "aux": "aux_1912f794c8674817b24675985ea9388c.npz", "visibility": "visibility_1912f794c8674817b24675985ea9388c.png", "pose": [[-0.7926202416419983, -0.6097156405448914, 0.0, 847.093017578125], [0.6097156405448914, -0.7926202416419983, 0.0, 1656.7198486328125], [0.0, 0.0, 1.0, 0.0], [0.0, 0.0, 0.0, 1.0]], "pose_inverse": [[-0.7926202416419983, 0.6097156405448914, 0.0, -338.7049255371094], [-0.6097156405448914, -0.7926202416419983, 0.0, 1829.635498046875], [0.0, 0.0, 1.0, 0.0], [0.0, 0.0, 0.0, 1.0]], "cam_ids": [0, 1, 2, 3, 4, 5], "cam_channels": ["CAM_FRONT_LEFT", "CAM_FRONT", "CAM_FRONT_RIGHT", "CAM_BACK_LEFT", "CAM_BACK", "CAM_BACK_RIGHT"], "token": "1912f794c8674817b24675985ea9388c", "scene": "scene-0008"}, {"images": ["samples/CAM_FRONT_LEFT/n015-2018-07-18-11-18-34+0800__CAM_FRONT_LEFT__1531884279404844.jpg", "samples/CAM_FRONT/n015-2018-07-18-11-18-34+0800__CAM_FRONT__1531884279412460.jpg", "samples/CAM_FRONT_RIGHT/n015-2018-07-18-11-18-34+0800__CAM_FRONT_RIGHT__1531884279420339.jpg", "samples/CAM_BACK_LEFT/n015-2018-07-18-11-18-34+0800__CAM_BACK_LEFT__1531884279447423.jpg", "samples/CAM_BACK/n015-2018-07-18-11-18-34+0800__CAM_BACK__1531884279437525.jpg", "samples/CAM_BACK_RIGHT/n015-2018-07-18-11-18-34+0800__CAM_BACK_RIGHT__1531884279427893.jpg"], "intrinsics": [[[1272.5979470598488, 0.0, 826.6154927353808], [0.0, 1272.5979470598488, 479.75165386361925], [0.0, 0.0, 1.0]], [[1266.417203046554, 0.0, 816.2670197447984], [0.0, 1266.417203046554, 491.50706579294757], [0.0, 0.0, 1.0]], [[1260.8474446004698, 0.0, 807.968244525554], [0.0, 1260.8474446004698, 495.3344268742088], [0.0, 0.0, 1.0]], [[1256.7414812095406, 0.0, 792.1125740759628], [0.0, 1256.7414812095406, 492.7757465151356], [0.0, 0.0, 1.0]], [[809.2209905677063, 0.0, 829.2196003259838], [0.0, 809.2209905677063, 481.77842384512485], [0.0, 0.0, 1.0]], [[1259.5137405846733, 0.0, 807.2529053838625], [0.0, 1259.5137405846733, 501.19579884916527], [0.0, 0.0, 1.0]]], "extrinsics": [[[0.8207667469978333, -0.5711849331855774, 0.009474019519984722, -0.69189453125], [0.012756917625665665, 0.0017458791844546795, -0.9999170899391174, 1.5124651193618774], [0.5711210370063782, 0.8208194971084595, 0.008719518780708313, -1.093505859375], [0.0, 0.0, 0.0, 1.0]], [[0.00574713246896863, -0.9999805092811584, 0.0024283980019390583, 0.0087890625], [0.00748017430305481, -0.0023853802122175694, -0.9999692440032959, 1.5225906372070312], [0.999955415725708, 0.00576514657586813, 0.0074663180857896805, -1.418060302734375], [0.0, 0.0, 0.0, 1.0]], [[-0.8327041864395142, -0.5533888339996338, -0.019094128161668777, 0.8533935546875], [0.013120138086378574, 0.014754924923181534, -0.9998050332069397, 1.5064525604248047], [0.5535626411437988, -0.8327922821044922, -0.0050259483978152275, -1.1278076171875], [0.0, 0.0, 0.0, 1.0]], [[0.9475702047348022, 0.319148987531662, 0.015957575291395187, -1.127716064453125], [0.022101040929555893, -0.01563708484172821, -0.9996333718299866, 1.5889015197753906], [-0.3187824785709381, 0.9475755095481873, -0.02187076210975647, -0.109130859375], [0.0, 0.0, 0.0, 1.0]], [[0.0024060779251158237, 0.9999809861183167, -0.005681307520717382, 0.002197265625], [-0.0034759955015033484, -0.00567292608320713, -0.9999778270721436, 1.579054355621338], [-0.9999910593032837, 0.0024257830809801817, 0.0034622803796082735, -0.0869140625], [0.0, 0.0, 0.0, 1.0]], [[-0.9345713257789612, 0.35498371720314026, -0.023724041879177094, 0.9862060546875], [0.029048264026641846, 0.009675820358097553, -0.9995311498641968, 1.5560874938964844], [-0.35458770394325256, -0.9348224401473999, -0.019354406744241714, -0.1192626953125], [0.0, 0.0, 0.0, 1.0]]], "view": [[0.0, -2.0, 100.0], [-2.0, 0.0, 100.0], [0.0, 0.0, 1.0]], "bev": "bev_1e3d0bc68d0c493f963988f60bf5fb41.png", "aux": "aux_1e3d0bc68d0c493f963988f60bf5fb41.npz", "visibility": "visibility_1e3d0bc68d0c493f963988f60bf5fb41.png", "pose": [[-0.7937472462654114, -0.608247697353363, 0.0, 844.2085571289062], [0.608247697353363, -0.7937472462654114, 0.0, 1658.9588623046875], [0.0, 0.0, 1.0, 0.0], [0.0, 0.0, 0.0, 1.0]], "pose_inverse": [[-0.7937472462654114, 0.608247697353363, 0.0, -338.9697265625], [-0.608247697353363, -0.7937472462654114, 0.0, 1830.281982421875], [0.0, 0.0, 1.0, 0.0], [0.0, 0.0, 0.0, 1.0]], "cam_ids": [0, 1, 2, 3, 4, 5], "cam_channels": ["CAM_FRONT_LEFT", "CAM_FRONT", "CAM_FRONT_RIGHT", "CAM_BACK_LEFT", "CAM_BACK", "CAM_BACK_RIGHT"], "token": "1e3d0bc68d0c493f963988f60bf5fb41", "scene": "scene-0008"}, {"images": ["samples/CAM_FRONT_LEFT/n015-2018-07-18-11-18-34+0800__CAM_FRONT_LEFT__1531884279904851.jpg", "samples/CAM_FRONT/n015-2018-07-18-11-18-34+0800__CAM_FRONT__1531884279912465.jpg", "samples/CAM_FRONT_RIGHT/n015-2018-07-18-11-18-34+0800__CAM_FRONT_RIGHT__1531884279920339.jpg", "samples/CAM_BACK_LEFT/n015-2018-07-18-11-18-34+0800__CAM_BACK_LEFT__1531884279947423.jpg", "samples/CAM_BACK/n015-2018-07-18-11-18-34+0800__CAM_BACK__1531884279937525.jpg", "samples/CAM_BACK_RIGHT/n015-2018-07-18-11-18-34+0800__CAM_BACK_RIGHT__1531884279927893.jpg"], "intrinsics": [[[1272.5979470598488, 0.0, 826.6154927353808], [0.0, 1272.5979470598488, 479.75165386361925], [0.0, 0.0, 1.0]], [[1266.417203046554, 0.0, 816.2670197447984], [0.0, 1266.417203046554, 491.50706579294757], [0.0, 0.0, 1.0]], [[1260.8474446004698, 0.0, 807.968244525554], [0.0, 1260.8474446004698, 495.3344268742088], [0.0, 0.0, 1.0]], [[1256.7414812095406, 0.0, 792.1125740759628], [0.0, 1256.7414812095406, 492.7757465151356], [0.0, 0.0, 1.0]], [[809.2209905677063, 0.0, 829.2196003259838], [0.0, 809.2209905677063, 481.77842384512485], [0.0, 0.0, 1.0]], [[1259.5137405846733, 0.0, 807.2529053838625], [0.0, 1259.5137405846733, 501.19579884916527], [0.0, 0.0, 1.0]]], "extrinsics": [[[0.8207195997238159, -0.5711894631385803, 0.012724041007459164, -0.697998046875], [0.015593436546623707, 0.00013190829486120492, -0.9998784065246582, 1.5133180618286133], [0.5711184144020081, 0.8208181262016296, 0.009015067480504513, -1.0946044921875], [0.0, 0.0, 0.0, 1.0]], [[0.005727245006710291, -0.9999756813049316, 0.0039568133652210236, 0.006591796875], [0.010001148097217083, -0.0038994010537862778, -0.999942421913147, 1.5232295989990234], [0.9999335408210754, 0.005766494199633598, 0.009978573769330978, -1.422821044921875], [0.0, 0.0, 0.0, 1.0]], [[-0.8326637148857117, -0.5534125566482544, -0.02014082483947277, 0.855712890625], [0.015316738747060299, 0.013340819627046585, -0.9997936487197876, 1.5068950653076172], [0.5535670518875122, -0.8328003883361816, -0.0026319401804357767, -1.131103515625], [0.0, 0.0, 0.0, 1.0]], [[0.9475600123405457, 0.31917378306388855, 0.016066566109657288, -1.128448486328125], [0.022834742441773415, -0.017474384978413582, -0.9995865225791931, 1.5888710021972656], [-0.31876111030578613, 0.9475350379943848, -0.023846279829740524, -0.107666015625], [0.0, 0.0, 0.0, 1.0]], [[0.002416539005935192, 0.9999704360961914, -0.007298988755792379, 0.0032958984375], [-0.0021507178898900747, -0.007293796632438898, -0.9999710917472839, 1.579172134399414], [-0.9999947547912598, 0.0024322019889950752, 0.002133027883246541, -0.08477783203125], [0.0, 0.0, 0.0, 1.0]], [[-0.9345243573188782, 0.35495203733444214, -0.02594403736293316, 0.989501953125], [0.03088814578950405, 0.008268598467111588, -0.9994886517524719, 1.5562987327575684], [-0.35455602407455444, -0.9348479509353638, -0.018691018223762512, -0.119140625], [0.0, 0.0, 0.0, 1.0]]], "view": [[0.0, -2.0, 100.0], [-2.0, 0.0, 100.0], [0.0, 0.0, 1.0]], "bev": "bev_8b45ac47d0594c76866434e1cfdb6f22.png", "aux": "aux_8b45ac47d0594c76866434e1cfdb6f22.npz", "visibility": "visibility_8b45ac47d0594c76866434e1cfdb6f22.png", "pose": [[-0.797045886516571, -0.603918731212616, 0.0, 841.3136596679688], [0.603918731212616, -0.797045886516571, 0.0, 1661.1640625], [0.0, 0.0, 1.0, 0.0], [0.0, 0.0, 0.0, 1.0]], "pose_inverse": [[-0.797045886516571, 0.603918731212616, 0.0, -332.6424560546875], [-0.603918731212616, -0.797045886516571, 0.0, 1832.109130859375], [0.0, 0.0, 1.0, 0.0], [0.0, 0.0, 0.0, 1.0]], "cam_ids": [0, 1, 2, 3, 4, 5], "cam_channels": ["CAM_FRONT_LEFT", "CAM_FRONT", "CAM_FRONT_RIGHT", "CAM_BACK_LEFT", "CAM_BACK", "CAM_BACK_RIGHT"], "token": "8b45ac47d0594c76866434e1cfdb6f22", "scene": "scene-0008"}, {"images": ["samples/CAM_FRONT_LEFT/n015-2018-07-18-11-18-34+0800__CAM_FRONT_LEFT__1531884280404844.jpg", "samples/CAM_FRONT/n015-2018-07-18-11-18-34+0800__CAM_FRONT__1531884280412466.jpg", "samples/CAM_FRONT_RIGHT/n015-2018-07-18-11-18-34+0800__CAM_FRONT_RIGHT__1531884280420339.jpg", "samples/CAM_BACK_LEFT/n015-2018-07-18-11-18-34+0800__CAM_BACK_LEFT__1531884280447423.jpg", "samples/CAM_BACK/n015-2018-07-18-11-18-34+0800__CAM_BACK__1531884280437525.jpg", "samples/CAM_BACK_RIGHT/n015-2018-07-18-11-18-34+0800__CAM_BACK_RIGHT__1531884280427893.jpg"], "intrinsics": [[[1272.5979470598488, 0.0, 826.6154927353808], [0.0, 1272.5979470598488, 479.75165386361925], [0.0, 0.0, 1.0]], [[1266.417203046554, 0.0, 816.2670197447984], [0.0, 1266.417203046554, 491.50706579294757], [0.0, 0.0, 1.0]], [[1260.8474446004698, 0.0, 807.968244525554], [0.0, 1260.8474446004698, 495.3344268742088], [0.0, 0.0, 1.0]], [[1256.7414812095406, 0.0, 792.1125740759628], [0.0, 1256.7414812095406, 492.7757465151356], [0.0, 0.0, 1.0]], [[809.2209905677063, 0.0, 829.2196003259838], [0.0, 809.2209905677063, 481.77842384512485], [0.0, 0.0, 1.0]], [[1259.5137405846733, 0.0, 807.2529053838625], [0.0, 1259.5137405846733, 501.19579884916527], [0.0, 0.0, 1.0]]], "extrinsics": [[[0.8208639025688171, -0.5710709095001221, 0.007773165125399828, -0.698974609375], [0.008805879391729832, -0.0009533506818115711, -0.9999607801437378, 1.5110979080200195], [0.5710558891296387, 0.8209002017974854, 0.004246210679411888, -1.09619140625], [0.0, 0.0, 0.0, 1.0]], [[0.00585455447435379, -0.999971866607666, 0.004679827019572258, 0.00732421875], [0.00349273718893528, -0.004659430589526892, -0.9999830722808838, 1.5214729309082031], [0.9999767541885376, 0.005870857276022434, 0.003465360729023814, -1.42413330078125], [0.0, 0.0, 0.0, 1.0]], [[-0.8327333331108093, -0.5534781813621521, -0.014728129841387272, 0.85693359375], [0.009096205234527588, 0.012921150773763657, -0.9998751282691956, 1.5055580139160156], [0.5535994172096252, -0.8327633738517761, -0.00572532182559371, -1.131591796875], [0.0, 0.0, 0.0, 1.0]], [[0.9477272033691406, 0.318855881690979, 0.01200499851256609, -1.129913330078125], [0.018242523074150085, -0.016582997515797615, -0.9996960163116455, 1.5887870788574219], [-0.31855982542037964, 0.947658121585846, -0.021532893180847168, -0.1077880859375], [0.0, 0.0, 0.0, 1.0]], [[0.0024282808881253004, 0.9999737739562988, -0.006830813828855753, 0.0028076171875], [-0.007437157444655895, -0.006812585983425379, -0.9999491572380066, 1.5787239074707031], [-0.9999693632125854, 0.0024788870941847563, 0.007420418784022331, -0.083587646484375], [0.0, 0.0, 0.0, 1.0]], [[-0.9346768260002136, 0.35490933060646057, -0.020457636564970016, 0.990478515625], [0.025000641122460365, 0.008218908682465553, -0.999653697013855, 1.555345058441162], [-0.3546183109283447, -0.9348645806312561, -0.01655498705804348, -0.11865234375], [0.0, 0.0, 0.0, 1.0]]], "view": [[0.0, -2.0, 100.0], [-2.0, 0.0, 100.0], [0.0, 0.0, 1.0]], "bev": "bev_a417c63ec6f345cf87e84f9386dd6ebc.png", "aux": "aux_a417c63ec6f345cf87e84f9386dd6ebc.npz", "visibility": "visibility_a417c63ec6f345cf87e84f9386dd6ebc.png", "pose": [[-0.7959602475166321, -0.6053488850593567, 0.0, 838.4103393554688], [0.6053488850593567, -0.7959602475166321, 0.0, 1663.38427734375], [0.0, 0.0, 1.0, 0.0], [0.0, 0.0, 0.0, 1.0]], "pose_inverse": [[-0.7959602475166321, 0.6053488850593567, 0.0, -339.5865173339844], [-0.6053488850593567, -0.7959602475166321, 0.0, 1831.5185546875], [0.0, 0.0, 1.0, 0.0], [0.0, 0.0, 0.0, 1.0]], "cam_ids": [0, 1, 2, 3, 4, 5], "cam_channels": ["CAM_FRONT_LEFT", "CAM_FRONT", "CAM_FRONT_RIGHT", "CAM_BACK_LEFT", "CAM_BACK", "CAM_BACK_RIGHT"], "token": "a417c63ec6f345cf87e84f9386dd6ebc", "scene": "scene-0008"}, {"images": ["samples/CAM_FRONT_LEFT/n015-2018-07-18-11-18-34+0800__CAM_FRONT_LEFT__1531884280904844.jpg", "samples/CAM_FRONT/n015-2018-07-18-11-18-34+0800__CAM_FRONT__1531884280912466.jpg", "samples/CAM_FRONT_RIGHT/n015-2018-07-18-11-18-34+0800__CAM_FRONT_RIGHT__1531884280920339.jpg", "samples/CAM_BACK_LEFT/n015-2018-07-18-11-18-34+0800__CAM_BACK_LEFT__1531884280947467.jpg", "samples/CAM_BACK/n015-2018-07-18-11-18-34+0800__CAM_BACK__1531884280937525.jpg", "samples/CAM_BACK_RIGHT/n015-2018-07-18-11-18-34+0800__CAM_BACK_RIGHT__1531884280927893.jpg"], "intrinsics": [[[1272.5979470598488, 0.0, 826.6154927353808], [0.0, 1272.5979470598488, 479.75165386361925], [0.0, 0.0, 1.0]], [[1266.417203046554, 0.0, 816.2670197447984], [0.0, 1266.417203046554, 491.50706579294757], [0.0, 0.0, 1.0]], [[1260.8474446004698, 0.0, 807.968244525554], [0.0, 1260.8474446004698, 495.3344268742088], [0.0, 0.0, 1.0]], [[1256.7414812095406, 0.0, 792.1125740759628], [0.0, 1256.7414812095406, 492.7757465151356], [0.0, 0.0, 1.0]], [[809.2209905677063, 0.0, 829.2196003259838], [0.0, 809.2209905677063, 481.77842384512485], [0.0, 0.0, 1.0]], [[1259.5137405846733, 0.0, 807.2529053838625], [0.0, 1259.5137405846733, 501.19579884916527], [0.0, 0.0, 1.0]]], "extrinsics": [[[0.8208396434783936, -0.571054220199585, 0.010928073897957802, -0.6925048828125], [0.013941378332674503, 0.0009046929189935327, -0.9999024271965027, 1.5128511190414429], [0.5709885954856873, 0.8209118843078613, 0.00870389025658369, -1.0933837890625], [0.0, 0.0, 0.0, 1.0]], [[0.00587804801762104, -0.9999775886535645, 0.003213911782950163, 0.0084228515625], [0.008540461771190166, -0.0031636483035981655, -0.9999585747718811, 1.522874355316162], [0.9999462366104126, 0.0059052761644124985, 0.0085216723382473, -1.418853759765625], [0.0, 0.0, 0.0, 1.0]], [[-0.8326258063316345, -0.5534932017326355, -0.019478509202599525, 0.85418701171875], [0.014054328203201294, 0.01404293067753315, -0.9998025894165039, 1.506643295288086], [0.5536575317382812, -0.8327353000640869, -0.003913531079888344, -1.128662109375], [0.0, 0.0, 0.0, 1.0]], [[0.9476083517074585, 0.3190321922302246, 0.01602860540151596, -1.130126953125], [0.022393858060240746, -0.016293494030833244, -0.9996163845062256, 1.5888519287109375], [-0.3186485767364502, 0.9476038217544556, -0.022584211081266403, -0.1082763671875], [0.0, 0.0, 0.0, 1.0]], [[0.0023904554545879364, 0.999977171421051, -0.006333612836897373, 0.00244140625], [-0.0029478524811565876, -0.006326555740088224, -0.9999756217002869, 1.5791044235229492], [-0.9999927878379822, 0.0024090814404189587, 0.002932661445811391, -0.08502197265625], [0.0, 0.0, 0.0, 1.0]], [[-0.9345810413360596, 0.35489287972450256, -0.024684617295861244, 0.9876708984375], [0.0298292338848114, 0.009031486697494984, -0.9995142221450806, 1.5561704635620117], [-0.3544975519180298, -0.9348633885383606, -0.01902684010565281, -0.1187744140625], [0.0, 0.0, 0.0, 1.0]]], "view": [[0.0, -2.0, 100.0], [-2.0, 0.0, 100.0], [0.0, 0.0, 1.0]], "bev": "bev_4485c3d95f514d6cb9e9efd76bd4ab18.png", "aux": "aux_4485c3d95f514d6cb9e9efd76bd4ab18.npz", "visibility": "visibility_4485c3d95f514d6cb9e9efd76bd4ab18.png", "pose": [[-0.7930020689964294, -0.609218955039978, 0.0, 835.4776000976562], [0.609218955039978, -0.7930020689964294, 0.0, 1665.6536865234375], [0.0, 0.0, 1.0, 0.0], [0.0, 0.0, 0.0, 1.0]], "pose_inverse": [[-0.7930020689964294, 0.609218955039978, 0.0, -352.21240234375], [-0.609218955039978, -0.7930020689964294, 0.0, 1829.8555908203125], [0.0, 0.0, 1.0, 0.0], [0.0, 0.0, 0.0, 1.0]], "cam_ids": [0, 1, 2, 3, 4, 5], "cam_channels": ["CAM_FRONT_LEFT", "CAM_FRONT", "CAM_FRONT_RIGHT", "CAM_BACK_LEFT", "CAM_BACK", "CAM_BACK_RIGHT"], "token": "4485c3d95f514d6cb9e9efd76bd4ab18", "scene": "scene-0008"}, {"images": ["samples/CAM_FRONT_LEFT/n015-2018-07-18-11-18-34+0800__CAM_FRONT_LEFT__1531884281354844.jpg", "samples/CAM_FRONT/n015-2018-07-18-11-18-34+0800__CAM_FRONT__1531884281362460.jpg", "samples/CAM_FRONT_RIGHT/n015-2018-07-18-11-18-34+0800__CAM_FRONT_RIGHT__1531884281370339.jpg", "samples/CAM_BACK_LEFT/n015-2018-07-18-11-18-34+0800__CAM_BACK_LEFT__1531884281397423.jpg", "samples/CAM_BACK/n015-2018-07-18-11-18-34+0800__CAM_BACK__1531884281387525.jpg", "samples/CAM_BACK_RIGHT/n015-2018-07-18-11-18-34+0800__CAM_BACK_RIGHT__1531884281377893.jpg"], "intrinsics": [[[1272.5979470598488, 0.0, 826.6154927353808], [0.0, 1272.5979470598488, 479.75165386361925], [0.0, 0.0, 1.0]], [[1266.417203046554, 0.0, 816.2670197447984], [0.0, 1266.417203046554, 491.50706579294757], [0.0, 0.0, 1.0]], [[1260.8474446004698, 0.0, 807.968244525554], [0.0, 1260.8474446004698, 495.3344268742088], [0.0, 0.0, 1.0]], [[1256.7414812095406, 0.0, 792.1125740759628], [0.0, 1256.7414812095406, 492.7757465151356], [0.0, 0.0, 1.0]], [[809.2209905677063, 0.0, 829.2196003259838], [0.0, 809.2209905677063, 481.77842384512485], [0.0, 0.0, 1.0]], [[1259.5137405846733, 0.0, 807.2529053838625], [0.0, 1259.5137405846733, 501.19579884916527], [0.0, 0.0, 1.0]]], "extrinsics": [[[0.8207476735115051, -0.5711663365364075, 0.011921647936105728, -0.6951904296875], [0.016274623572826385, 0.0025164843536913395, -0.999864399433136, 1.513586401939392], [0.5710588097572327, 0.8208304643630981, 0.011360916309058666, -1.09375], [0.0, 0.0, 0.0, 1.0]], [[0.005781135987490416, -0.9999817609786987, 0.0017225102055817842, 0.0074462890625], [0.01110799703747034, -0.0016582150710746646, -0.9999369382858276, 1.5235466957092285], [0.9999215602874756, 0.005799873266369104, 0.011098208837211132, -1.4210205078125], [0.0, 0.0, 0.0, 1.0]], [[-0.8326026797294617, -0.5534126162528992, -0.02252129092812538, 0.85595703125], [0.016830993816256523, 0.015362696722149849, -0.9997403025627136, 1.5072059631347656], [0.5536148548126221, -0.8327654600143433, -0.0034765361342579126, -1.1307373046875], [0.0, 0.0, 0.0, 1.0]], [[0.9475419521331787, 0.31904810667037964, 0.019297106191515923, -1.1329498291015625], [0.025647565722465515, -0.01571478322148323, -0.99954754114151, 1.58880615234375], [-0.31860050559043884, 0.9476081728935242, -0.0230732262134552, -0.1068115234375], [0.0, 0.0, 0.0, 1.0]], [[0.002413430716842413, 0.9999822974205017, -0.005445429589599371, 0.002685546875], [0.0001776160061126575, -0.005445874761790037, -0.9999852180480957, 1.579376220703125], [-0.999997079372406, 0.0024124374613165855, -0.00019075768068432808, -0.0819091796875], [0.0, 0.0, 0.0, 1.0]], [[-0.9344915151596069, 0.3549562394618988, -0.02704804576933384, 0.99072265625], [0.03277875483036041, 0.010140253230929375, -0.9994112253189087, 1.5565471649169922], [-0.3544730544090271, -0.934827983379364, -0.021111005917191505, -0.1182861328125], [0.0, 0.0, 0.0, 1.0]]], "view": [[0.0, -2.0, 100.0], [-2.0, 0.0, 100.0], [0.0, 0.0, 1.0]], "bev": "bev_3fe32969f0ad4047957388a691e34a6b.png", "aux": "aux_3fe32969f0ad4047957388a691e34a6b.npz", "visibility": "visibility_3fe32969f0ad4047957388a691e34a6b.png", "pose": [[-0.7921742796897888, -0.6102948784828186, 0.0, 832.8262939453125], [0.6102948784828186, -0.7921742796897888, 0.0, 1667.7103271484375], [0.0, 0.0, 1.0, 0.0], [0.0, 0.0, 0.0, 1.0]], "pose_inverse": [[-0.7921742796897888, 0.6102948784828186, 0.0, -358.051513671875], [-0.6102948784828186, -0.7921742796897888, 0.0, 1829.386962890625], [0.0, 0.0, 1.0, 0.0], [0.0, 0.0, 0.0, 1.0]], "cam_ids": [0, 1, 2, 3, 4, 5], "cam_channels": ["CAM_FRONT_LEFT", "CAM_FRONT", "CAM_FRONT_RIGHT", "CAM_BACK_LEFT", "CAM_BACK", "CAM_BACK_RIGHT"], "token": "3fe32969f0ad4047957388a691e34a6b", "scene": "scene-0008"}, {"images": ["samples/CAM_FRONT_LEFT/n015-2018-07-18-11-18-34+0800__CAM_FRONT_LEFT__1531884281904844.jpg", "samples/CAM_FRONT/n015-2018-07-18-11-18-34+0800__CAM_FRONT__1531884281912467.jpg", "samples/CAM_FRONT_RIGHT/n015-2018-07-18-11-18-34+0800__CAM_FRONT_RIGHT__1531884281920339.jpg", "samples/CAM_BACK_LEFT/n015-2018-07-18-11-18-34+0800__CAM_BACK_LEFT__1531884281947423.jpg", "samples/CAM_BACK/n015-2018-07-18-11-18-34+0800__CAM_BACK__1531884281937525.jpg", "samples/CAM_BACK_RIGHT/n015-2018-07-18-11-18-34+0800__CAM_BACK_RIGHT__1531884281927893.jpg"], "intrinsics": [[[1272.5979470598488, 0.0, 826.6154927353808], [0.0, 1272.5979470598488, 479.75165386361925], [0.0, 0.0, 1.0]], [[1266.417203046554, 0.0, 816.2670197447984], [0.0, 1266.417203046554, 491.50706579294757], [0.0, 0.0, 1.0]], [[1260.8474446004698, 0.0, 807.968244525554], [0.0, 1260.8474446004698, 495.3344268742088], [0.0, 0.0, 1.0]], [[1256.7414812095406, 0.0, 792.1125740759628], [0.0, 1256.7414812095406, 492.7757465151356], [0.0, 0.0, 1.0]], [[809.2209905677063, 0.0, 829.2196003259838], [0.0, 809.2209905677063, 481.77842384512485], [0.0, 0.0, 1.0]], [[1259.5137405846733, 0.0, 807.2529053838625], [0.0, 1259.5137405846733, 501.19579884916527], [0.0, 0.0, 1.0]]], "extrinsics": [[[0.8204925656318665, -0.5715345144271851, 0.011847316287457943, -0.693115234375], [0.014426182024180889, -1.6638176020933315e-05, -0.9998959302902222, 1.5130176544189453], [0.571475088596344, 0.8205781579017639, 0.008231407031416893, -1.0921630859375], [0.0, 0.0, 0.0, 1.0]], [[0.005379836540669203, -0.9999768733978271, 0.004141044337302446, 0.0069580078125], [0.009365878999233246, -0.0040905368514359, -0.9999477863311768, 1.5230827331542969], [0.9999416470527649, 0.005418376065790653, 0.009343655779957771, -1.42059326171875], [0.0, 0.0, 0.0, 1.0]], [[-0.832815945148468, -0.5531905293464661, -0.019943799823522568, 0.856689453125], [0.015237617306411266, 0.013105140067636967, -0.9997979998588562, 1.506856918334961], [0.5533402562141418, -0.8329516649246216, -0.002484861994162202, -1.1312255859375], [0.0, 0.0, 0.0, 1.0]], [[0.9476577043533325, 0.3187912106513977, 0.017803268507122993, -1.136383056640625], [0.02452012337744236, -0.017068732529878616, -0.9995535612106323, 1.5886917114257812], [-0.3183451294898987, 0.9476712942123413, -0.023992115631699562, -0.1053466796875], [0.0, 0.0, 0.0, 1.0]], [[0.0026010489091277122, 0.9999718070030212, -0.007048086263239384, 0.0030517578125], [-0.0011161400470882654, -0.0070452033542096615, -0.9999745488166809, 1.579270362854004], [-0.9999960660934448, 0.0026088037993758917, 0.0010977828642353415, -0.0777587890625], [0.0, 0.0, 0.0, 1.0]], [[-0.9344444870948792, 0.3551296591758728, -0.02639136277139187, 0.9930419921875], [0.03132031112909317, 0.008136595599353313, -0.9994762539863586, 1.5562398433685303], [-0.35472890734672546, -0.9347817301750183, -0.018725967034697533, -0.117431640625], [0.0, 0.0, 0.0, 1.0]]], "view": [[0.0, -2.0, 100.0], [-2.0, 0.0, 100.0], [0.0, 0.0, 1.0]], "bev": "bev_40499ed2eb6744e09abf2cd59ca11975.png", "aux": "aux_40499ed2eb6744e09abf2cd59ca11975.npz", "visibility": "visibility_40499ed2eb6744e09abf2cd59ca11975.png", "pose": [[-0.7914549708366394, -0.6112275123596191, 0.0, 829.5415649414062], [0.6112275123596191, -0.7914549708366394, 0.0, 1670.281982421875], [0.0, 0.0, 1.0, 0.0], [0.0, 0.0, 0.0, 1.0]], "pose_inverse": [[-0.7914549708366394, 0.6112275123596191, 0.0, -364.3774719238281], [-0.6112275123596191, -0.7914549708366394, 0.0, 1828.9915771484375], [0.0, 0.0, 1.0, 0.0], [0.0, 0.0, 0.0, 1.0]], "cam_ids": [0, 1, 2, 3, 4, 5], "cam_channels": ["CAM_FRONT_LEFT", "CAM_FRONT", "CAM_FRONT_RIGHT", "CAM_BACK_LEFT", "CAM_BACK", "CAM_BACK_RIGHT"], "token": "40499ed2eb6744e09abf2cd59ca11975", "scene": "scene-0008"}, {"images": ["samples/CAM_FRONT_LEFT/n015-2018-07-18-11-18-34+0800__CAM_FRONT_LEFT__1531884282404844.jpg", "samples/CAM_FRONT/n015-2018-07-18-11-18-34+0800__CAM_FRONT__1531884282412463.jpg", "samples/CAM_FRONT_RIGHT/n015-2018-07-18-11-18-34+0800__CAM_FRONT_RIGHT__1531884282420339.jpg", "samples/CAM_BACK_LEFT/n015-2018-07-18-11-18-34+0800__CAM_BACK_LEFT__1531884282447423.jpg", "samples/CAM_BACK/n015-2018-07-18-11-18-34+0800__CAM_BACK__1531884282437525.jpg", "samples/CAM_BACK_RIGHT/n015-2018-07-18-11-18-34+0800__CAM_BACK_RIGHT__1531884282427893.jpg"], "intrinsics": [[[1272.5979470598488, 0.0, 826.6154927353808], [0.0, 1272.5979470598488, 479.75165386361925], [0.0, 0.0, 1.0]], [[1266.417203046554, 0.0, 816.2670197447984], [0.0, 1266.417203046554, 491.50706579294757], [0.0, 0.0, 1.0]], [[1260.8474446004698, 0.0, 807.968244525554], [0.0, 1260.8474446004698, 495.3344268742088], [0.0, 0.0, 1.0]], [[1256.7414812095406, 0.0, 792.1125740759628], [0.0, 1256.7414812095406, 492.7757465151356], [0.0, 0.0, 1.0]], [[809.2209905677063, 0.0, 829.2196003259838], [0.0, 809.2209905677063, 481.77842384512485], [0.0, 0.0, 1.0]], [[1259.5137405846733, 0.0, 807.2529053838625], [0.0, 1259.5137405846733, 501.19579884916527], [0.0, 0.0, 1.0]]], "extrinsics": [[[0.821060836315155, -0.5707069635391235, 0.012352767400443554, -0.7021484375], [0.014992410317063332, -7.306256156880409e-05, -0.9998875856399536, 1.5130200386047363], [0.5706437230110168, 0.8211537599563599, 0.008496284484863281, -1.100830078125], [0.0, 0.0, 0.0, 1.0]], [[0.006192443426698446, -0.9999729990959167, 0.003930192906409502, 0.008544921875], [0.009710517711937428, -0.003869950072839856, -0.999945342540741, 1.523076057434082], [0.999933660030365, 0.006230302155017853, 0.009686291217803955, -1.431365966796875], [0.0, 0.0, 0.0, 1.0]], [[-0.8324669003486633, -0.5537022352218628, -0.020316505804657936, 0.86517333984375], [0.01533933449536562, 0.013622380793094635, -0.9997895359992981, 1.5067176818847656], [0.553862452507019, -0.8326032757759094, -0.002846756484359503, -1.1357421875], [0.0, 0.0, 0.0, 1.0]], [[0.9475624561309814, 0.3190886080265045, 0.017545120790600777, -1.1456451416015625], [0.023811722174286842, -0.015748372301459312, -0.9995924234390259, 1.5884666442871094], [-0.3186821937561035, 0.9475939869880676, -0.02252061665058136, -0.1024169921875], [0.0, 0.0, 0.0, 1.0]], [[0.002298759762197733, 0.9999784827232361, -0.006145230494439602, 0.0023193359375], [-0.0014665626222267747, -0.006141867954283953, -0.999980092048645, 1.5792551040649414], [-0.9999962449073792, 0.002307731658220291, 0.0014524140860885382, -0.0703125], [0.0, 0.0, 0.0, 1.0]], [[-0.9346079230308533, 0.3547256290912628, -0.026029938831925392, 1.00048828125], [0.031206531450152397, 0.008879079483449459, -0.999473512172699, 1.5559630393981934], [-0.3543078303337097, -0.934928297996521, -0.019368216395378113, -0.114013671875], [0.0, 0.0, 0.0, 1.0]]], "view": [[0.0, -2.0, 100.0], [-2.0, 0.0, 100.0], [0.0, 0.0, 1.0]], "bev": "bev_9ee444215a7140a8b260791711055a29.png", "aux": "aux_9ee444215a7140a8b260791711055a29.npz", "visibility": "visibility_9ee444215a7140a8b260791711055a29.png", "pose": [[-0.7895994186401367, -0.6136226058006287, 0.0, 826.5794677734375], [0.6136226058006287, -0.7895994186401367, 0.0, 1672.6099853515625], [0.0, 0.0, 1.0, 0.0], [0.0, 0.0, 0.0, 1.0]], "pose_inverse": [[-0.7895994186401367, 0.6136226058006287, 0.0, -373.68463134765625], [-0.6136226058006287, -0.7895994186401367, 0.0, 1827.8997802734375], [0.0, 0.0, 1.0, 0.0], [0.0, 0.0, 0.0, 1.0]], "cam_ids": [0, 1, 2, 3, 4, 5], "cam_channels": ["CAM_FRONT_LEFT", "CAM_FRONT", "CAM_FRONT_RIGHT", "CAM_BACK_LEFT", "CAM_BACK", "CAM_BACK_RIGHT"], "token": "9ee444215a7140a8b260791711055a29", "scene": "scene-0008"}, {"images": ["samples/CAM_FRONT_LEFT/n015-2018-07-18-11-18-34+0800__CAM_FRONT_LEFT__1531884282854844.jpg", "samples/CAM_FRONT/n015-2018-07-18-11-18-34+0800__CAM_FRONT__1531884282862460.jpg", "samples/CAM_FRONT_RIGHT/n015-2018-07-18-11-18-34+0800__CAM_FRONT_RIGHT__1531884282870339.jpg", "samples/CAM_BACK_LEFT/n015-2018-07-18-11-18-34+0800__CAM_BACK_LEFT__1531884282897423.jpg", "samples/CAM_BACK/n015-2018-07-18-11-18-34+0800__CAM_BACK__1531884282887525.jpg", "samples/CAM_BACK_RIGHT/n015-2018-07-18-11-18-34+0800__CAM_BACK_RIGHT__1531884282877893.jpg"], "intrinsics": [[[1272.5979470598488, 0.0, 826.6154927353808], [0.0, 1272.5979470598488, 479.75165386361925], [0.0, 0.0, 1.0]], [[1266.417203046554, 0.0, 816.2670197447984], [0.0, 1266.417203046554, 491.50706579294757], [0.0, 0.0, 1.0]], [[1260.8474446004698, 0.0, 807.968244525554], [0.0, 1260.8474446004698, 495.3344268742088], [0.0, 0.0, 1.0]], [[1256.7414812095406, 0.0, 792.1125740759628], [0.0, 1256.7414812095406, 492.7757465151356], [0.0, 0.0, 1.0]], [[809.2209905677063, 0.0, 829.2196003259838], [0.0, 809.2209905677063, 481.77842384512485], [0.0, 0.0, 1.0]], [[1259.5137405846733, 0.0, 807.2529053838625], [0.0, 1259.5137405846733, 501.19579884916527], [0.0, 0.0, 1.0]]], "extrinsics": [[[0.8202438950538635, -0.571914792060852, 0.010650910437107086, -0.693115234375], [0.013872296549379826, 0.0012742942199110985, -0.9999029636383057, 1.5128337144851685], [0.5718457102775574, 0.8203120827674866, 0.008979002945125103, -1.092041015625], [0.0, 0.0, 0.0, 1.0]], [[0.005020744167268276, -0.9999834895133972, 0.002786090364679694, 0.0072021484375], [0.008663637563586235, -0.002742523094639182, -0.9999587535858154, 1.5228838920593262], [0.9999499320983887, 0.00504467124119401, 0.008649724535644054, -1.421142578125], [0.0, 0.0, 0.0, 1.0]], [[-0.8329845666885376, -0.5529323816299438, -0.020064663141965866, 0.85791015625], [0.014386470429599285, 0.014607100747525692, -0.9997897744178772, 1.50665283203125], [0.5531092286109924, -0.8330981135368347, -0.004212741740047932, -1.13232421875], [0.0, 0.0, 0.0, 1.0]], [[0.9475995898246765, 0.31899216771125793, 0.0172903873026371, -1.1429595947265625], [0.02330087125301361, -0.015035350807011127, -0.9996154308319092, 1.588531494140625], [-0.3186095356941223, 0.9476380348205566, -0.021680288016796112, -0.103271484375], [0.0, 0.0, 0.0, 1.0]], [[0.002626208821311593, 0.9999827742576599, -0.005263826809823513, 0.0028076171875], [-0.0021997757721692324, -0.005