[{"images": ["samples/CAM_FRONT_LEFT/n008-2018-09-18-12-07-26-0400__CAM_FRONT_LEFT__1537287345504799.jpg", "samples/CAM_FRONT/n008-2018-09-18-12-07-26-0400__CAM_FRONT__1537287345512404.jpg", "samples/CAM_FRONT_RIGHT/n008-2018-09-18-12-07-26-0400__CAM_FRONT_RIGHT__1537287345520482.jpg", "samples/CAM_BACK_LEFT/n008-2018-09-18-12-07-26-0400__CAM_BACK_LEFT__1537287345547405.jpg", "samples/CAM_BACK/n008-2018-09-18-12-07-26-0400__CAM_BACK__1537287345537558.jpg", "samples/CAM_BACK_RIGHT/n008-2018-09-18-12-07-26-0400__CAM_BACK_RIGHT__1537287345528113.jpg"], "intrinsics": [[[1257.8625342125129, 0.0, 827.2410631095686], [0.0, 1257.8625342125129, 450.915498205774], [0.0, 0.0, 1.0]], [[1252.8131021185304, 0.0, 826.588114781398], [0.0, 1252.8131021185304, 469.9846626224581], [0.0, 0.0, 1.0]], [[1256.7485116440405, 0.0, 817.7887570959712], [0.0, 1256.7485116440403, 451.9541780095127], [0.0, 0.0, 1.0]], [[1254.9860565800168, 0.0, 829.5769333630991], [0.0, 1254.9860565800168, 467.1680561863987], [0.0, 0.0, 1.0]], [[796.8910634503094, 0.0, 857.7774326863696], [0.0, 796.8910634503094, 476.8848988407415], [0.0, 0.0, 1.0]], [[1249.9629280788233, 0.0, 825.3768045375984], [0.0, 1249.9629280788233, 462.54816385708756], [0.0, 0.0, 1.0]]], "extrinsics": [[[0.8221107125282288, -0.5692927241325378, 0.006308452691882849, -0.705322265625], [-0.0018296408234164119, -0.0137223144993186, -0.9999041557312012, 1.487640380859375], [0.569324791431427, 0.8220202922821045, -0.0123228644952178, -1.1268310546875], [0.0, 0.0, 0.0, 1.0]], [[0.009451795369386673, -0.9997995495796204, 0.017650282010436058, 0.00860595703125], [-4.127829015487805e-05, -0.01765146106481552, -0.9998441934585571, 1.4801578521728516], [0.9999552965164185, 0.009449595585465431, -0.00020810725982300937, -1.4326171875], [0.0, 0.0, 0.0, 1.0]], [[-0.8444887399673462, -0.5355219841003418, 0.007418316323310137, 0.89111328125], [0.007800462190061808, -0.02614823915064335, -0.9996275901794434, 1.49490487575531], [0.5355165600776672, -0.8441163897514343, 0.02625921368598938, -1.1514892578125], [0.0, 0.0, 0.0, 1.0]], [[0.9478343725204468, 0.31811943650245667, -0.02024974673986435, -1.12939453125], [-0.01791936531662941, -0.010250363498926163, -0.999786913394928, 1.5617713928222656], [-0.31825923919677734, 0.9479951858520508, -0.0040151458233594894, -0.16083526611328125], [0.0, 0.0, 0.0, 1.0]], [[0.009679746814072132, 0.9997879266738892, -0.018175726756453514, -0.0277099609375], [-0.015692858025431633, -0.018022455275058746, -0.9997144341468811, 1.5665512084960938], [-0.9998300671577454, 0.009962216019630432, 0.015515077859163284, -0.052001953125], [0.0, 0.0, 0.0, 1.0]], [[-0.923460066318512, 0.38365912437438965, -0.005201179068535566, 1.000732421875], [-0.01140070054680109, -0.04098576307296753, -0.9990946650505066, 1.5458221435546875], [-0.38352495431900024, -0.9225648045539856, 0.042222701013088226, -0.110595703125], [0.0, 0.0, 0.0, 1.0]]], "view": [[0.0, -2.0, 100.0], [-2.0, 0.0, 100.0], [0.0, 0.0, 1.0]], "bev": "bev_dd8073c00af246f392856f7bfa7b90b1.png", "aux": "aux_dd8073c00af246f392856f7bfa7b90b1.npz", "visibility": "visibility_dd8073c00af246f392856f7bfa7b90b1.png", "pose": [[0.9993374347686768, -0.03639574348926544, 0.0, 2404.28076171875], [0.03639574348926544, 0.9993374347686768, 0.0, 880.40234375], [0.0, 0.0, 1.0, 0.0], [0.0, 0.0, 0.0, 1.0]], "pose_inverse": [[0.9993374347686768, 0.03639574348926544, 0.0, -2434.730712890625], [-0.03639574348926544, 0.9993374347686768, 0.0, -792.3134765625], [0.0, 0.0, 1.0, 0.0], [0.0, 0.0, 0.0, 1.0]], "cam_ids": [0, 1, 2, 3, 4, 5], "cam_channels": ["CAM_FRONT_LEFT", "CAM_FRONT", "CAM_FRONT_RIGHT", "CAM_BACK_LEFT", "CAM_BACK", "CAM_BACK_RIGHT"], "token": "dd8073c00af246f392856f7bfa7b90b1", "scene": "scene-0456"}, {"images": ["samples/CAM_FRONT_LEFT/n008-2018-09-18-12-07-26-0400__CAM_FRONT_LEFT__1537287346004799.jpg", "samples/CAM_FRONT/n008-2018-09-18-12-07-26-0400__CAM_FRONT__1537287346012404.jpg", "samples/CAM_FRONT_RIGHT/n008-2018-09-18-12-07-26-0400__CAM_FRONT_RIGHT__1537287346020482.jpg", "samples/CAM_BACK_LEFT/n008-2018-09-18-12-07-26-0400__CAM_BACK_LEFT__1537287346047405.jpg", "samples/CAM_BACK/n008-2018-09-18-12-07-26-0400__CAM_BACK__1537287346037558.jpg", "samples/CAM_BACK_RIGHT/n008-2018-09-18-12-07-26-0400__CAM_BACK_RIGHT__1537287346028113.jpg"], "intrinsics": [[[1257.8625342125129, 0.0, 827.2410631095686], [0.0, 1257.8625342125129, 450.915498205774], [0.0, 0.0, 1.0]], [[1252.8131021185304, 0.0, 826.588114781398], [0.0, 1252.8131021185304, 469.9846626224581], [0.0, 0.0, 1.0]], [[1256.7485116440405, 0.0, 817.7887570959712], [0.0, 1256.7485116440403, 451.9541780095127], [0.0, 0.0, 1.0]], [[1254.9860565800168, 0.0, 829.5769333630991], [0.0, 1254.9860565800168, 467.1680561863987], [0.0, 0.0, 1.0]], [[796.8910634503094, 0.0, 857.7774326863696], [0.0, 796.8910634503094, 476.8848988407415], [0.0, 0.0, 1.0]], [[1249.9629280788233, 0.0, 825.3768045375984], [0.0, 1249.9629280788233, 462.54816385708756], [0.0, 0.0, 1.0]]], "extrinsics": [[[0.8226082921028137, -0.5686074495315552, -0.001120258471928537, -0.7020263671875], [-0.0026855661999434233, -0.0019150583539158106, -0.9999945759773254, 1.487318992614746], [0.5686022639274597, 0.8226067423820496, -0.0031023763585835695, -1.1279296875], [0.0, 0.0, 0.0, 1.0]], [[0.010459729470312595, -0.9999274611473083, 0.005961585324257612, 0.01165771484375], [-0.0006623428780585527, -0.005968838464468718, -0.9999819993972778, 1.4799785614013672], [0.9999449849128723, 0.010455591604113579, -0.0007247269386425614, -1.429443359375], [0.0, 0.0, 0.0, 1.0]], [[-0.8438783288002014, -0.536532461643219, 0.001555246184580028, 0.888916015625], [0.00743488734588027, -0.014592180028557777, -0.9998658895492554, 1.4948992729187012], [0.536483108997345, -0.8437535166740417, 0.016303081065416336, -1.14617919921875], [0.0, 0.0, 0.0, 1.0]], [[0.9478021264076233, 0.31842854619026184, -0.016561631113290787, -1.12255859375], [-0.017701761797070503, 0.0006869169883430004, -0.9998430609703064, 1.5616378784179688], [-0.31836724281311035, 0.9479466080665588, 0.006287808530032635, -0.16364669799804688], [0.0, 0.0, 0.0, 1.0]], [[0.009091329760849476, 0.9999342560768127, -0.006994093302637339, -0.02923583984375], [-0.015686972066760063, -0.006850902456790209, -0.9998534917831421, 1.5664634704589844], [-0.9998356103897095, 0.009199710562825203, 0.015623657964169979, -0.058349609375], [0.0, 0.0, 0.0, 1.0]], [[-0.923864483833313, 0.38271892070770264, -0.0006834228988736868, 0.9945068359375], [-0.011526339687407017, -0.029608817771077156, -0.9994950890541077, 1.5458259582519531], [-0.3825458884239197, -0.9233902096748352, 0.0317658856511116, -0.1099853515625], [0.0, 0.0, 0.0, 1.0]]], "view": [[0.0, -2.0, 100.0], [-2.0, 0.0, 100.0], [0.0, 0.0, 1.0]], "bev": "bev_22d01de0b8eb4d10ac77bd09ee008eed.png", "aux": "aux_22d01de0b8eb4d10ac77bd09ee008eed.npz", "visibility": "visibility_22d01de0b8eb4d10ac77bd09ee008eed.png", "pose": [[0.9993415474891663, -0.036282848566770554, 0.0, 2408.30517578125], [0.036282848566770554, 0.9993415474891663, 0.0, 880.5069580078125], [0.0, 0.0, 1.0, 0.0], [0.0, 0.0, 0.0, 1.0]], "pose_inverse": [[0.9993415474891663, 0.036282848566770554, 0.0, -2438.666748046875], [-0.036282848566770554, 0.9993415474891663, 0.0, -792.5469970703125], [0.0, 0.0, 1.0, 0.0], [0.0, 0.0, 0.0, 1.0]], "cam_ids": [0, 1, 2, 3, 4, 5], "cam_channels": ["CAM_FRONT_LEFT", "CAM_FRONT", "CAM_FRONT_RIGHT", "CAM_BACK_LEFT", "CAM_BACK", "CAM_BACK_RIGHT"], "token": "22d01de0b8eb4d10ac77bd09ee008eed", "scene": "scene-0456"}, {"images": ["samples/CAM_FRONT_LEFT/n008-2018-09-18-12-07-26-0400__CAM_FRONT_LEFT__1537287346504799.jpg", "samples/CAM_FRONT/n008-2018-09-18-12-07-26-0400__CAM_FRONT__1537287346512404.jpg", "samples/CAM_FRONT_RIGHT/n008-2018-09-18-12-07-26-0400__CAM_FRONT_RIGHT__1537287346520482.jpg", "samples/CAM_BACK_LEFT/n008-2018-09-18-12-07-26-0400__CAM_BACK_LEFT__1537287346547405.jpg", "samples/CAM_BACK/n008-2018-09-18-12-07-26-0400__CAM_BACK__1537287346537558.jpg", "samples/CAM_BACK_RIGHT/n008-2018-09-18-12-07-26-0400__CAM_BACK_RIGHT__1537287346528113.jpg"], "intrinsics": [[[1257.8625342125129, 0.0, 827.2410631095686], [0.0, 1257.8625342125129, 450.915498205774], [0.0, 0.0, 1.0]], [[1252.8131021185304, 0.0, 826.588114781398], [0.0, 1252.8131021185304, 469.9846626224581], [0.0, 0.0, 1.0]], [[1256.7485116440405, 0.0, 817.7887570959712], [0.0, 1256.7485116440403, 451.9541780095127], [0.0, 0.0, 1.0]], [[1254.9860565800168, 0.0, 829.5769333630991], [0.0, 1254.9860565800168, 467.1680561863987], [0.0, 0.0, 1.0]], [[796.8910634503094, 0.0, 857.7774326863696], [0.0, 796.8910634503094, 476.8848988407415], [0.0, 0.0, 1.0]], [[1249.9629280788233, 0.0, 825.3768045375984], [0.0, 1249.9629280788233, 462.54816385708756], [0.0, 0.0, 1.0]]], "extrinsics": [[[0.8224024176597595, -0.5689038038253784, 0.0016647839220240712, -0.716552734375], [-0.0011400501243770123, -0.004574314225465059, -0.9999889135360718, 1.4879035949707031], [0.5689051151275635, 0.8223913311958313, -0.004410505294799805, -1.1363525390625], [0.0, 0.0, 0.0, 1.0]], [[0.0100181195884943, -0.999910295009613, 0.008888444863259792, 0.0096435546875], [0.0009029894135892391, -0.00887984223663807, -0.99996018409729, 1.4804420471191406], [0.9999493956565857, 0.010025744326412678, 0.0008139492128975689, -1.4423828125], [0.0, 0.0, 0.0, 1.0]], [[-0.8441503047943115, -0.536103367805481, 0.00191599503159523, 0.894775390625], [0.009018320590257645, -0.017773495987057686, -0.9998013973236084, 1.4951815605163574], [0.5360309481620789, -0.8439652919769287, 0.019838249310851097, -1.1524658203125], [0.0, 0.0, 0.0, 1.0]], [[0.9478397965431213, 0.31832724809646606, -0.016357770189642906, -1.120361328125], [-0.016137292608618736, -0.0033298530615866184, -0.9998642802238464, 1.5616416931152344], [-0.3183385133743286, 0.9479750990867615, 0.0019807724747806787, -0.1641082763671875], [0.0, 0.0, 0.0, 1.0]], [[0.009362451732158661, 0.9998987913131714, -0.010714287869632244, -0.0281982421875], [-0.01409031543880701, -0.01058177649974823, -0.9998446702957153, 1.5666389465332031], [-0.9998570084571838, 0.00951196625828743, 0.013989816419780254, -0.056396484375], [0.0, 0.0, 0.0, 1.0]], [[-0.9236800670623779, 0.38314926624298096, -0.003419715678319335, 0.9996337890625], [-0.009995181113481522, -0.03301593288779259, -0.999404788017273, 1.5460853576660156], [-0.3830341398715973, -0.9230961799621582, 0.03432580456137657, -0.110107421875], [0.0, 0.0, 0.0, 1.0]]], "view": [[0.0, -2.0, 100.0], [-2.0, 0.0, 100.0], [0.0, 0.0, 1.0]], "bev": "bev_f079e4aa11fa47ce8751a536347a084e.png", "aux": "aux_f079e4aa11fa47ce8751a536347a084e.npz", "visibility": "visibility_f079e4aa11fa47ce8751a536347a084e.png", "pose": [[0.9992920756340027, -0.03762184455990791, 0.0, 2412.25537109375], [0.03762184455990791, 0.9992920756340027, 0.0, 880.62548828125], [0.0, 0.0, 1.0, 0.0], [0.0, 0.0, 0.0, 1.0]], "pose_inverse": [[0.9992920756340027, 0.03762184455990791, 0.0, -2443.678466796875], [-0.03762184455990791, 0.9992920756340027, 0.0, -789.24853515625], [0.0, 0.0, 1.0, 0.0], [0.0, 0.0, 0.0, 1.0]], "cam_ids": [0, 1, 2, 3, 4, 5], "cam_channels": ["CAM_FRONT_LEFT", "CAM_FRONT", "CAM_FRONT_RIGHT", "CAM_BACK_LEFT", "CAM_BACK", "CAM_BACK_RIGHT"], "token": "f079e4aa11fa47ce8751a536347a084e", "scene": "scene-0456"}, {"images": ["samples/CAM_FRONT_LEFT/n008-2018-09-18-12-07-26-0400__CAM_FRONT_LEFT__1537287347004799.jpg", "samples/CAM_FRONT/n008-2018-09-18-12-07-26-0400__CAM_FRONT__1537287347012404.jpg", "samples/CAM_FRONT_RIGHT/n008-2018-09-18-12-07-26-0400__CAM_FRONT_RIGHT__1537287347020482.jpg", "samples/CAM_BACK_LEFT/n008-2018-09-18-12-07-26-0400__CAM_BACK_LEFT__1537287347047405.jpg", "samples/CAM_BACK/n008-2018-09-18-12-07-26-0400__CAM_BACK__1537287347037558.jpg", "samples/CAM_BACK_RIGHT/n008-2018-09-18-12-07-26-0400__CAM_BACK_RIGHT__1537287347028113.jpg"], "intrinsics": [[[1257.8625342125129, 0.0, 827.2410631095686], [0.0, 1257.8625342125129, 450.915498205774], [0.0, 0.0, 1.0]], [[1252.8131021185304, 0.0, 826.588114781398], [0.0, 1252.8131021185304, 469.9846626224581], [0.0, 0.0, 1.0]], [[1256.7485116440405, 0.0, 817.7887570959712], [0.0, 1256.7485116440403, 451.9541780095127], [0.0, 0.0, 1.0]], [[1254.9860565800168, 0.0, 829.5769333630991], [0.0, 1254.9860565800168, 467.1680561863987], [0.0, 0.0, 1.0]], [[796.8910634503094, 0.0, 857.7774326863696], [0.0, 796.8910634503094, 476.8848988407415], [0.0, 0.0, 1.0]], [[1249.9629280788233, 0.0, 825.3768045375984], [0.0, 1249.9629280788233, 462.54816385708756], [0.0, 0.0, 1.0]]], "extrinsics": [[[0.8223837614059448, -0.5688861012458801, 0.007325173821300268, -0.71826171875], [0.0009292804170399904, -0.01153210923075676, -0.9999330639839172, 1.488645076751709], [0.5689324736595154, 0.8223355412483215, -0.008955166675150394, -1.1376953125], [0.0, 0.0, 0.0, 1.0]], [[0.010072054341435432, -0.9998237490653992, 0.015845203772187233, 0.01043701171875], [0.002957799704745412, -0.01581615023314953, -0.9998705387115479, 1.481065273284912], [0.9999448657035828, 0.010117616504430771, 0.0027979775331914425, -1.442138671875], [0.0, 0.0, 0.0, 1.0]], [[-0.84405916929245, -0.5362358093261719, 0.003903596894815564, 0.893310546875], [0.011059079319238663, -0.024684449657797813, -0.9996340870857239, 1.4957118034362793], [0.5361359715461731, -0.843707263469696, 0.026765411719679832, -1.1502685546875], [0.0, 0.0, 0.0, 1.0]], [[0.9478453993797302, 0.31829530000686646, -0.0166480652987957, -1.109375], [-0.014163780957460403, -0.010117864236235619, -0.999848484992981, 1.5615310668945312], [-0.3184155225753784, 0.947937548160553, -0.005081905517727137, -0.1679248809814453], [0.0, 0.0, 0.0, 1.0]], [[0.009238169528543949, 0.9998036026954651, -0.017533697187900543, -0.02880859375], [-0.012150518596172333, -0.017420915886759758, -0.9997743964195251, 1.5667457580566406], [-0.9998834729194641, 0.009449128061532974, 0.01198719535022974, -0.064697265625], [0.0, 0.0, 0.0, 1.0]], [[-0.9237518906593323, 0.3829096257686615, -0.00790727324783802, 0.99462890625], [-0.007989502511918545, -0.03990769758820534, -0.9991713762283325, 1.5464401245117188], [-0.38290783762931824, -0.9229233264923096, 0.03992407023906708, -0.11083984375], [0.0, 0.0, 0.0, 1.0]]], "view": [[0.0, -2.0, 100.0], [-2.0, 0.0, 100.0], [0.0, 0.0, 1.0]], "bev": "bev_18112379045b48e0b118d4f0734f3c4d.png", "aux": "aux_18112379045b48e0b118d4f0734f3c4d.npz", "visibility": "visibility_18112379045b48e0b118d4f0734f3c4d.png", "pose": [[0.9992849230766296, -0.03781023249030113, 0.0, 2416.04296875], [0.03781023249030113, 0.9992849230766296, 0.0, 880.7361450195312], [0.0, 0.0, 1.0, 0.0], [0.0, 0.0, 0.0, 1.0]], "pose_inverse": [[0.9992849230766296, 0.03781023249030113, 0.0, -2447.6162109375], [-0.03781023249030113, 0.9992849230766296, 0.0, -788.7551879882812], [0.0, 0.0, 1.0, 0.0], [0.0, 0.0, 0.0, 1.0]], "cam_ids": [0, 1, 2, 3, 4, 5], "cam_channels": ["CAM_FRONT_LEFT", "CAM_FRONT", "CAM_FRONT_RIGHT", "CAM_BACK_LEFT", "CAM_BACK", "CAM_BACK_RIGHT"], "token": "18112379045b48e0b118d4f0734f3c4d", "scene": "scene-0456"}, {"images": ["samples/CAM_FRONT_LEFT/n008-2018-09-18-12-07-26-0400__CAM_FRONT_LEFT__1537287347504799.jpg", "samples/CAM_FRONT/n008-2018-09-18-12-07-26-0400__CAM_FRONT__1537287347512404.jpg", "samples/CAM_FRONT_RIGHT/n008-2018-09-18-12-07-26-0400__CAM_FRONT_RIGHT__1537287347520482.jpg", "samples/CAM_BACK_LEFT/n008-2018-09-18-12-07-26-0400__CAM_BACK_LEFT__1537287347547405.jpg", "samples/CAM_BACK/n008-2018-09-18-12-07-26-0400__CAM_BACK__1537287347537558.jpg", "samples/CAM_BACK_RIGHT/n008-2018-09-18-12-07-26-0400__CAM_BACK_RIGHT__1537287347528113.jpg"], "intrinsics": [[[1257.8625342125129, 0.0, 827.2410631095686], [0.0, 1257.8625342125129, 450.915498205774], [0.0, 0.0, 1.0]], [[1252.8131021185304, 0.0, 826.588114781398], [0.0, 1252.8131021185304, 469.9846626224581], [0.0, 0.0, 1.0]], [[1256.7485116440405, 0.0, 817.7887570959712], [0.0, 1256.7485116440403, 451.9541780095127], [0.0, 0.0, 1.0]], [[1254.9860565800168, 0.0, 829.5769333630991], [0.0, 1254.9860565800168, 467.1680561863987], [0.0, 0.0, 1.0]], [[796.8910634503094, 0.0, 857.7774326863696], [0.0, 796.8910634503094, 476.8848988407415], [0.0, 0.0, 1.0]], [[1249.9629280788233, 0.0, 825.3768045375984], [0.0, 1249.9629280788233, 462.54816385708756], [0.0, 0.0, 1.0]]], "extrinsics": [[[0.8226128816604614, -0.5684421062469482, 0.01348049659281969, -0.729736328125], [0.003290656954050064, -0.018948392942547798, -0.9998149871826172, 1.4894342422485352], [0.5685924291610718, 0.8225050568580627, -0.01371664460748434, -1.1461181640625], [0.0, 0.0, 0.0, 1.0]], [[0.010523551143705845, -0.9996762275695801, 0.023167982697486877, 0.0103759765625], [0.005307131912559271, -0.023113101720809937, -0.9997187852859497, 1.481691837310791], [0.9999304413795471, 0.010643545538187027, 0.00506218196824193, -1.4560546875], [0.0, 0.0, 0.0, 1.0]], [[-0.8437747955322266, -0.5366660356521606, 0.005791287869215012, 0.9052734375], [0.01339797768741846, -0.03184979781508446, -0.9994028806686401, 1.4960956573486328], [0.536530077457428, -0.8431934118270874, 0.03406429663300514, -1.1572265625], [0.0, 0.0, 0.0, 1.0]], [[0.9478374123573303, 0.3183353543281555, -0.016330359503626823, -1.1201171875], [-0.011609883978962898, -0.01672038994729519, -0.9997928142547607, 1.5617523193359375], [-0.3185424506664276, 0.9478306174278259, -0.012152374722063541, -0.16454696655273438], [0.0, 0.0, 0.0, 1.0]], [[0.008939936757087708, 0.9996637105941772, -0.024343695491552353, -0.029052734375], [-0.009627152234315872, -0.024257495999336243, -0.9996593594551086, 1.5671501159667969], [-0.9999136924743652, 0.009171254001557827, 0.009407054632902145, -0.052734375], [0.0, 0.0, 0.0, 1.0]], [[-0.9239321351051331, 0.38234081864356995, -0.012834650464355946, 1.00634765625], [-0.005553681869059801, -0.04695162922143936, -0.9988816976547241, 1.5469741821289062], [-0.3825158178806305, -0.9228277802467346, 0.04550352320075035, -0.105712890625], [0.0, 0.0, 0.0, 1.0]]], "view": [[0.0, -2.0, 100.0], [-2.0, 0.0, 100.0], [0.0, 0.0, 1.0]], "bev": "bev_b4280a59c2514469af0acbbabc954d37.png", "aux": "aux_b4280a59c2514469af0acbbabc954d37.npz", "visibility": "visibility_b4280a59c2514469af0acbbabc954d37.png", "pose": [[0.9993106722831726, -0.037123434245586395, 0.0, 2419.702392578125], [0.037123434245586395, 0.9993106722831726, 0.0, 880.8449096679688], [0.0, 0.0, 1.0, 0.0], [0.0, 0.0, 0.0, 1.0]], "pose_inverse": [[0.9993106722831726, 0.037123434245586395, 0.0, -2450.734375], [-0.037123434245586395, 0.9993106722831726, 0.0, -790.4100952148438], [0.0, 0.0, 1.0, 0.0], [0.0, 0.0, 0.0, 1.0]], "cam_ids": [0, 1, 2, 3, 4, 5], "cam_channels": ["CAM_FRONT_LEFT", "CAM_FRONT", "CAM_FRONT_RIGHT", "CAM_BACK_LEFT", "CAM_BACK", "CAM_BACK_RIGHT"], "token": "b4280a59c2514469af0acbbabc954d37", "scene": "scene-0456"}, {"images": ["samples/CAM_FRONT_LEFT/n008-2018-09-18-12-07-26-0400__CAM_FRONT_LEFT__1537287348004799.jpg", "samples/CAM_FRONT/n008-2018-09-18-12-07-26-0400__CAM_FRONT__1537287348012404.jpg", "samples/CAM_FRONT_RIGHT/n008-2018-09-18-12-07-26-0400__CAM_FRONT_RIGHT__1537287348020482.jpg", "samples/CAM_BACK_LEFT/n008-2018-09-18-12-07-26-0400__CAM_BACK_LEFT__1537287348047405.jpg", "samples/CAM_BACK/n008-2018-09-18-12-07-26-0400__CAM_BACK__1537287348037558.jpg", "samples/CAM_BACK_RIGHT/n008-2018-09-18-12-07-26-0400__CAM_BACK_RIGHT__1537287348028113.jpg"], "intrinsics": [[[1257.8625342125129, 0.0, 827.2410631095686], [0.0, 1257.8625342125129, 450.915498205774], [0.0, 0.0, 1.0]], [[1252.8131021185304, 0.0, 826.588114781398], [0.0, 1252.8131021185304, 469.9846626224581], [0.0, 0.0, 1.0]], [[1256.7485116440405, 0.0, 817.7887570959712], [0.0, 1256.7485116440403, 451.9541780095127], [0.0, 0.0, 1.0]], [[1254.9860565800168, 0.0, 829.5769333630991], [0.0, 1254.9860565800168, 467.1680561863987], [0.0, 0.0, 1.0]], [[796.8910634503094, 0.0, 857.7774326863696], [0.0, 796.8910634503094, 476.8848988407415], [0.0, 0.0, 1.0]], [[1249.9629280788233, 0.0, 825.3768045375984], [0.0, 1249.9629280788233, 462.54816385708756], [0.0, 0.0, 1.0]]], "extrinsics": [[[0.8226344585418701, -0.5682581067085266, 0.018848799169063568, -0.7347412109375], [0.008161962032318115, -0.021345168352127075, -0.999738872051239, 1.4909965991973877], [0.568511962890625, 0.8225735425949097, -0.012921174056828022, -1.148193359375], [0.0, 0.0, 0.0, 1.0]], [[0.010408390313386917, -0.9996181726455688, 0.025594068691134453, 0.00933837890625], [0.01012374646961689, -0.025488797575235367, -0.9996238350868225, 1.4829883575439453], [0.9998946189880371, 0.010663578286767006, 0.009854583069682121, -1.45849609375], [0.0, 0.0, 0.0, 1.0]], [[-0.8438934087753296, -0.5365022420883179, 0.003033771412447095, 0.90478515625], [0.018153054639697075, -0.034204404801130295, -0.9992499947547913, 1.4971027374267578], [0.5362036228179932, -0.843205451965332, 0.038604024797677994, -1.158447265625], [0.0, 0.0, 0.0, 1.0]], [[0.9478705525398254, 0.3183903098106384, -0.01300120446830988, -1.11376953125], [-0.007328579667955637, -0.019007990136742592, -0.9997925162315369, 1.5618133544921875], [-0.31857141852378845, 0.947769045829773, -0.015683762729167938, -0.16644287109375], [0.0, 0.0, 0.0, 1.0]], [[0.009133068844676018, 0.9996039271354675, -0.026619182899594307, -0.0281982421875], [-0.005158768966794014, -0.02657283842563629, -0.9996335506439209, 1.5675468444824219], [-0.9999451041221619, 0.009267046116292477, 0.004914034157991409, -0.05712890625], [0.0, 0.0, 0.0, 1.0]], [[-0.923765242099762, 0.38253337144851685, -0.018051138147711754, 1.00537109375], [-0.0008927484159357846, -0.049286894500255585, -0.9987843036651611, 1.5476875305175781], [-0.38295796513557434, -0.9226260781288147, 0.045871030539274216, -0.1075439453125], [0.0, 0.0, 0.0, 1.0]]], "view": [[0.0, -2.0, 100.0], [-2.0, 0.0, 100.0], [0.0, 0.0, 1.0]], "bev": "bev_8d61fe1f5b4140c1866835b4111cc17b.png", "aux": "aux_8d61fe1f5b4140c1866835b4111cc17b.npz", "visibility": "visibility_8d61fe1f5b4140c1866835b4111cc17b.png", "pose": [[0.9993775486946106, -0.03527739644050598, 0.0, 2423.281494140625], [0.03527739644050598, 0.9993775486946106, 0.0, 880.95947265625], [0.0, 0.0, 1.0, 0.0], [0.0, 0.0, 0.0, 1.0]], "pose_inverse": [[0.9993775486946106, 0.03527739644050598, 0.0, -2452.85107421875], [-0.03527739644050598, 0.9993775486946106, 0.0, -794.924072265625], [0.0, 0.0, 1.0, 0.0], [0.0, 0.0, 0.0, 1.0]], "cam_ids": [0, 1, 2, 3, 4, 5], "cam_channels": ["CAM_FRONT_LEFT", "CAM_FRONT", "CAM_FRONT_RIGHT", "CAM_BACK_LEFT", "CAM_BACK", "CAM_BACK_RIGHT"], "token": "8d61fe1f5b4140c1866835b4111cc17b", "scene": "scene-0456"}, {"images": ["samples/CAM_FRONT_LEFT/n008-2018-09-18-12-07-26-0400__CAM_FRONT_LEFT__1537287348504799.jpg", "samples/CAM_FRONT/n008-2018-09-18-12-07-26-0400__CAM_FRONT__1537287348512404.jpg", "samples/CAM_FRONT_RIGHT/n008-2018-09-18-12-07-26-0400__CAM_FRONT_RIGHT__1537287348520482.jpg", "samples/CAM_BACK_LEFT/n008-2018-09-18-12-07-26-0400__CAM_BACK_LEFT__1537287348547405.jpg", "samples/CAM_BACK/n008-2018-09-18-12-07-26-0400__CAM_BACK__1537287348537558.jpg", "samples/CAM_BACK_RIGHT/n008-2018-09-18-12-07-26-0400__CAM_BACK_RIGHT__1537287348528113.jpg"], "intrinsics": [[[1257.8625342125129, 0.0, 827.2410631095686], [0.0, 1257.8625342125129, 450.915498205774], [0.0, 0.0, 1.0]], [[1252.8131021185304, 0.0, 826.588114781398], [0.0, 1252.8131021185304, 469.9846626224581], [0.0, 0.0, 1.0]], [[1256.7485116440405, 0.0, 817.7887570959712], [0.0, 1256.7485116440403, 451.9541780095127], [0.0, 0.0, 1.0]], [[1254.9860565800168, 0.0, 829.5769333630991], [0.0, 1254.9860565800168, 467.1680561863987], [0.0, 0.0, 1.0]], [[796.8910634503094, 0.0, 857.7774326863696], [0.0, 796.8910634503094, 476.8848988407415], [0.0, 0.0, 1.0]], [[1249.9629280788233, 0.0, 825.3768045375984], [0.0, 1249.9629280788233, 462.54816385708756], [0.0, 0.0, 1.0]]], "extrinsics": [[[0.8226756453514099, -0.5682620406150818, 0.016827458515763283, -0.74267578125], [0.006894791033118963, -0.019624115899205208, -0.9997836351394653, 1.4905104637145996], [0.5684692859649658, 0.8226136565208435, -0.012226236052811146, -1.1533203125], [0.0, 0.0, 0.0, 1.0]], [[0.010546761564910412, -0.9996676445007324, 0.023521829396486282, 0.00946044921875], [0.008707283064723015, -0.023430433124303818, -0.9996876120567322, 1.4825252294540405], [0.9999064803123474, 0.01074827928096056, 0.008457274176180363, -1.466552734375], [0.0, 0.0, 0.0, 1.0]], [[-0.8437921404838562, -0.5366612076759338, 0.0030709162820130587, 0.910400390625], [0.016579825431108475, -0.03178703784942627, -0.9993571043014526, 1.4966773986816406], [0.5364137291908264, -0.8431988954544067, 0.035719409584999084, -1.1612548828125], [0.0, 0.0, 0.0, 1.0]], [[0.9478524327278137, 0.3184114694595337, -0.013778313994407654, -1.11572265625], [-0.009440800175070763, -0.015161608345806599, -0.999840497970581, 1.5617599487304688], [-0.3185696601867676, 0.9478313326835632, -0.011364909820258617, -0.16599082946777344], [0.0, 0.0, 0.0, 1.0]], [[0.009001743979752064, 0.9996871948242188, -0.02333180233836174, -0.02886962890625], [-0.007044221740216017, -0.023268772289156914, -0.9997043609619141, 1.5673904418945312], [-0.9999347925186157, 0.009163442999124527, 0.006832559127360582, -0.053955078125], [0.0, 0.0, 0.0, 1.0]], [[-0.9238695502281189, 0.3823980987071991, -0.015387260355055332, 1.0086669921875], [-0.002607091562822461, -0.046493902802467346, -0.9989151954650879, 1.5474472045898438], [-0.3826986849308014, -0.9228271842002869, 0.04395124688744545, -0.105224609375], [0.0, 0.0, 0.0, 1.0]]], "view": [[0.0, -2.0, 100.0], [-2.0, 0.0, 100.0], [0.0, 0.0, 1.0]], "bev": "bev_07be7de84180473eb0e8f26b927b69cd.png", "aux": "aux_07be7de84180473eb0e8f26b927b69cd.npz", "visibility": "visibility_07be7de84180473eb0e8f26b927b69cd.png", "pose": [[0.9994514584541321, -0.03311759606003761, 0.0, 2426.677490234375], [0.03311759606003761, 0.9994514584541321, 0.0, 881.0655517578125], [0.0, 0.0, 1.0, 0.0], [0.0, 0.0, 0.0, 1.0]], "pose_inverse": [[0.9994514584541321, 0.03311759606003761, 0.0, -2454.525146484375], [-0.03311759606003761, 0.9994514584541321, 0.0, -800.216552734375], [0.0, 0.0, 1.0, 0.0], [0.0, 0.0, 0.0, 1.0]], "cam_ids": [0, 1, 2, 3, 4, 5], "cam_channels": ["CAM_FRONT_LEFT", "CAM_FRONT", "CAM_FRONT_RIGHT", "CAM_BACK_LEFT", "CAM_BACK", "CAM_BACK_RIGHT"], "token": "07be7de84180473eb0e8f26b927b69cd", "scene": "scene-0456"}, {"images": ["samples/CAM_FRONT_LEFT/n008-2018-09-18-12-07-26-0400__CAM_FRONT_LEFT__1537287349004799.jpg", "samples/CAM_FRONT/n008-2018-09-18-12-07-26-0400__CAM_FRONT__1537287349012404.jpg", "samples/CAM_FRONT_RIGHT/n008-2018-09-18-12-07-26-0400__CAM_FRONT_RIGHT__1537287349020482.jpg", "samples/CAM_BACK_LEFT/n008-2018-09-18-12-07-26-0400__CAM_BACK_LEFT__1537287349047405.jpg", "samples/CAM_BACK/n008-2018-09-18-12-07-26-0400__CAM_BACK__1537287349037558.jpg", "samples/CAM_BACK_RIGHT/n008-2018-09-18-12-07-26-0400__CAM_BACK_RIGHT__1537287349028113.jpg"], "intrinsics": [[[1257.8625342125129, 0.0, 827.2410631095686], [0.0, 1257.8625342125129, 450.915498205774], [0.0, 0.0, 1.0]], [[1252.8131021185304, 0.0, 826.588114781398], [0.0, 1252.8131021185304, 469.9846626224581], [0.0, 0.0, 1.0]], [[1256.7485116440405, 0.0, 817.7887570959712], [0.0, 1256.7485116440403, 451.9541780095127], [0.0, 0.0, 1.0]], [[1254.9860565800168, 0.0, 829.5769333630991], [0.0, 1254.9860565800168, 467.1680561863987], [0.0, 0.0, 1.0]], [[796.8910634503094, 0.0, 857.7774326863696], [0.0, 796.8910634503094, 476.8848988407415], [0.0, 0.0, 1.0]], [[1249.9629280788233, 0.0, 825.3768045375984], [0.0, 1249.9629280788233, 462.54816385708756], [0.0, 0.0, 1.0]]], "extrinsics": [[[0.8224911689758301, -0.5682896971702576, 0.023564748466014862, -0.7467041015625], [0.01624116860330105, -0.017947932705283165, -0.9997069835662842, 1.4934139251708984], [0.5685461759567261, 0.8226327896118164, -0.005532327573746443, -1.158203125], [0.0, 0.0, 0.0, 1.0]], [[0.010280909016728401, -0.9997007846832275, 0.022198114544153214, 0.01080322265625], [0.0181596539914608, -0.02200896479189396, -0.9995928406715393, 1.4849872589111328], [0.9997822642326355, 0.010679835453629494, 0.017927944660186768, -1.472412109375], [0.0, 0.0, 0.0, 1.0]], [[-0.8438397645950317, -0.5365657806396484, -0.005624741315841675, 0.91455078125], [0.026141323149204254, -0.030637266114354134, -0.9991886019706726, 1.498626708984375], [0.5359581112861633, -0.8433021903038025, 0.03987948223948479, -1.163330078125], [0.0, 0.0, 0.0, 1.0]], [[0.9478618502616882, 0.31865400075912476, -0.004199822433292866, -1.116943359375], [0.000693080248311162, -0.01523996889591217, -0.9998835921287537, 1.5620689392089844], [-0.3186809718608856, 0.9477485418319702, -0.014666236937046051, -0.16559219360351562], [0.0, 0.0, 0.0, 1.0]], [[0.009156374260783195, 0.9996974468231201, -0.022829869762063026, -0.0289306640625], [0.0029770899564027786, -0.02285798080265522, -0.9997342228889465, 1.5683660507202148], [-0.9999537467956543, 0.009085978381335735, -0.003185486188158393, -0.05126953125], [0.0, 0.0, 0.0, 1.0]], [[-0.9236379861831665, 0.3825072646141052, -0.024107282981276512, 1.0128173828125], [0.0071764150634408, -0.04562826454639435, -0.9989327192306519, 1.5490283966064453], [-0.3831990361213684, -0.9228251576423645, 0.03939896449446678, -0.103271484375], [0.0, 0.0, 0.0, 1.0]]], "view": [[0.0, -2.0, 100.0], [-2.0, 0.0, 100.0], [0.0, 0.0, 1.0]], "bev": "bev_f546ea6a38ce4e41b8d3977a973b00c6.png", "aux": "aux_f546ea6a38ce4e41b8d3977a973b00c6.npz", "visibility": "visibility_f546ea6a38ce4e41b8d3977a973b00c6.png", "pose": [[0.9995424747467041, -0.03024713322520256, 0.0, 2430.068603515625], [0.03024713322520256, 0.9995424747467041, 0.0, 881.1411743164062], [0.0, 0.0, 1.0, 0.0], [0.0, 0.0, 0.0, 1.0]], "pose_inverse": [[0.9995424747467041, 0.03024713322520256, 0.0, -2455.608642578125], [-0.03024713322520256, 0.9995424747467041, 0.0, -807.2354125976562], [0.0, 0.0, 1.0, 0.0], [0.0, 0.0, 0.0, 1.0]], "cam_ids": [0, 1, 2, 3, 4, 5], "cam_channels": ["CAM_FRONT_LEFT", "CAM_FRONT", "CAM_FRONT_RIGHT", "CAM_BACK_LEFT", "CAM_BACK", "CAM_BACK_RIGHT"], "token": "f546ea6a38ce4e41b8d3977a973b00c6", "scene": "scene-0456"}, {"images": ["samples/CAM_FRONT_LEFT/n008-2018-09-18-12-07-26-0400__CAM_FRONT_LEFT__1537287349504799.jpg", "samples/CAM_FRONT/n008-2018-09-18-12-07-26-0400__CAM_FRONT__1537287349512404.jpg", "samples/CAM_FRONT_RIGHT/n008-2018-09-18-12-07-26-0400__CAM_FRONT_RIGHT__1537287349520482.jpg", "samples/CAM_BACK_LEFT/n008-2018-09-18-12-07-26-0400__CAM_BACK_LEFT__1537287349547405.jpg", "samples/CAM_BACK/n008-2018-09-18-12-07-26-0400__CAM_BACK__1537287349537558.jpg", "samples/CAM_BACK_RIGHT/n008-2018-09-18-12-07-26-0400__CAM_BACK_RIGHT__1537287349528113.jpg"], "intrinsics": [[[1257.8625342125129, 0.0, 827.2410631095686], [0.0, 1257.8625342125129, 450.915498205774], [0.0, 0.0, 1.0]], [[1252.8131021185304, 0.0, 826.588114781398], [0.0, 1252.8131021185304, 469.9846626224581], [0.0, 0.0, 1.0]], [[1256.7485116440405, 0.0, 817.7887570959712], [0.0, 1256.7485116440403, 451.9541780095127], [0.0, 0.0, 1.0]], [[1254.9860565800168, 0.0, 829.5769333630991], [0.0, 1254.9860565800168, 467.1680561863987], [0.0, 0.0, 1.0]], [[796.8910634503094, 0.0, 857.7774326863696], [0.0, 796.8910634503094, 476.8848988407415], [0.0, 0.0, 1.0]], [[1249.9629280788233, 0.0, 825.3768045375984], [0.0, 1249.9629280788233, 462.54816385708756], [0.0, 0.0, 1.0]]], "extrinsics": [[[0.822788655757904, -0.5680397748947144, 0.018698573112487793, -0.7427978515625], [0.01384555920958519, -0.012856963090598583, -0.9998214840888977, 1.492715835571289], [0.5681787133216858, 0.822900652885437, -0.0027137368451803923, -1.155517578125], [0.0, 0.0, 0.0, 1.0]], [[0.010759001597762108, -0.9997988343238831, 0.016924738883972168, 0.01031494140625], [0.0157211534678936, -0.016754496842622757, -0.9997360110282898, 1.4843673706054688], [0.9998185634613037, 0.011022237129509449, 0.015537729486823082, -1.4697265625], [0.0, 0.0, 0.0, 1.0]], [[-0.8436262011528015, -0.5368924736976624, -0.006429791450500488, 0.91455078125], [0.023659735918045044, -0.02520807646214962, -0.9994022250175476, 1.498077392578125], [0.5364094376564026, -0.843273937702179, 0.03396892920136452, -1.16351318359375], [0.0, 0.0, 0.0, 1.0]], [[0.9478514194488525, 0.31867557764053345, -0.004848918411880732, -1.120361328125], [-0.0020041565876454115, -0.009254110045731068, -0.9999551773071289, 1.5619945526123047], [-0.318706214427948, 0.9478185772895813, -0.008132844232022762, -0.16431045532226562], [0.0, 0.0, 0.0, 1.0]], [[0.00892014428973198, 0.9998145699501038, -0.017064714804291725, -0.02880859375], [0.00020150023919995874, -0.017067188397049904, -0.999854326248169, 1.5680913925170898], [-0.99996018409729, 0.008915404789149761, -0.00035370507976040244, -0.048095703125], [0.0, 0.0, 0.0, 1.0]], [[-0.9238361120223999, 0.3822897970676422, -0.0195306446403265, 1.0146484375], [0.0045475224032998085, -0.04005756974220276, -0.9991869926452637, 1.5485801696777344], [-0.3827613890171051, -0.9231737852096558, 0.035268157720565796, -0.102783203125], [0.0, 0.0, 0.0, 1.0]]], "view": [[0.0, -2.0, 100.0], [-2.0, 0.0, 100.0], [0.0, 0.0, 1.0]], "bev": "bev_9f2fcc07bdfe485cbc4b18a3f244e162.png", "aux": "aux_9f2fcc07bdfe485cbc4b18a3f244e162.npz", "visibility": "visibility_9f2fcc07bdfe485cbc4b18a3f244e162.png", "pose": [[0.999610185623169, -0.0279187373816967, 0.0, 2433.465576171875], [0.0279187373816967, 0.999610185623169, 0.0, 881.2106323242188], [0.0, 0.0, 1.0, 0.0], [0.0, 0.0, 0.0, 1.0]], "pose_inverse": [[0.999610185623169, 0.0279187373816967, 0.0, -2457.119384765625], [-0.0279187373816967, 0.999610185623169, 0.0, -812.9278564453125], [0.0, 0.0, 1.0, 0.0], [0.0, 0.0, 0.0, 1.0]], "cam_ids": [0, 1, 2, 3, 4, 5], "cam_channels": ["CAM_FRONT_LEFT", "CAM_FRONT", "CAM_FRONT_RIGHT", "CAM_BACK_LEFT", "CAM_BACK", "CAM_BACK_RIGHT"], "token": "9f2fcc07bdfe485cbc4b18a3f244e162", "scene": "scene-0456"}, {"images": ["samples/CAM_FRONT_LEFT/n008-2018-09-18-12-07-26-0400__CAM_FRONT_LEFT__1537287350004799.jpg", "samples/CAM_FRONT/n008-2018-09-18-12-07-26-0400__CAM_FRONT__1537287350012404.jpg", "samples/CAM_FRONT_RIGHT/n008-2018-09-18-12-07-26-0400__CAM_FRONT_RIGHT__1537287350020482.jpg", "samples/CAM_BACK_LEFT/n008-2018-09-18-12-07-26-0400__CAM_BACK_LEFT__1537287350047405.jpg", "samples/CAM_BACK/n008-2018-09-18-12-07-26-0400__CAM_BACK__1537287350037558.jpg", "samples/CAM_BACK_RIGHT/n008-2018-09-18-12-07-26-0400__CAM_BACK_RIGHT__1537287350028113.jpg"], "intrinsics": [[[1257.8625342125129, 0.0, 827.2410631095686], [0.0, 1257.8625342125129, 450.915498205774], [0.0, 0.0, 1.0]], [[1252.8131021185304, 0.0, 826.588114781398], [0.0, 1252.8131021185304, 469.9846626224581], [0.0, 0.0, 1.0]], [[1256.7485116440405, 0.0, 817.7887570959712], [0.0, 1256.7485116440403, 451.9541780095127], [0.0, 0.0, 1.0]], [[1254.9860565800168, 0.0, 829.5769333630991], [0.0, 1254.9860565800168, 467.1680561863987], [0.0, 0.0, 1.0]], [[796.8910634503094, 0.0, 857.7774326863696], [0.0, 796.8910634503094, 476.8848988407415], [0.0, 0.0, 1.0]], [[1249.9629280788233, 0.0, 825.3768045375984], [0.0, 1249.9629280788233, 462.54816385708756], [0.0, 0.0, 1.0]]], "extrinsics": [[[0.8228687644004822, -0.568013072013855, 0.015752442181110382, -0.740234375], [0.013526330702006817, -0.008133763447403908, -0.9998754262924194, 1.492645263671875], [0.5680704712867737, 0.8229793310165405, 0.0009901128942146897, -1.153076171875], [0.0, 0.0, 0.0, 1.0]], [[0.010862723924219608, -0.9998652338981628, 0.012305498123168945, 0.01019287109375], [0.015433174557983875, -0.012137115001678467, -0.9998072385787964, 1.4843273162841797], [0.9998219013214111, 0.011050536297261715, 0.015299252234399319, -1.466064453125], [0.0, 0.0, 0.0, 1.0]], [[-0.8435931205749512, -0.5369135141372681, -0.008632312528789043, 0.911865234375], [0.02340499497950077, -0.020703883841633797, -0.9995116591453552, 1.4980888366699219], [0.5364726781845093, -0.843383252620697, 0.030032113194465637, -1.16180419921875], [0.0, 0.0, 0.0, 1.0]], [[0.9478526711463928, 0.31868791580200195, -0.00365048018284142, -1.121337890625], [-0.002132501220330596, -0.005111983045935631, -0.9999846816062927, 1.5619926452636719], [-0.31870174407958984, 0.9478458762168884, -0.00416580168530345, -0.16415977478027344], [0.0, 0.0, 0.0, 1.0]], [[0.008898313157260418, 0.999878466129303, -0.012804447673261166, -0.02886962890625], [5.730857446906157e-05, -0.012805461883544922, -0.9999179840087891, 1.5680780410766602], [-0.9999604225158691, 0.008896846324205399, -0.00017124868463724852, -0.049072265625], [0.0, 0.0, 0.0, 1.0]], [[-0.9238556027412415, 0.38233447074890137, -0.0176398865878582, 1.0125732421875], [0.004321856424212456, -0.0356643944978714, -0.9993544816970825, 1.5485477447509766], [-0.38271674513816833, -0.9233354926109314, 0.03129635378718376, -0.1036376953125], [0.0, 0.0, 0.0, 1.0]]], "view": [[0.0, -2.0, 100.0], [-2.0, 0.0, 100.0], [0.0, 0.0, 1.0]], "bev": "bev_8047cf4610644ecda5ec019b9fb99aca.png", "aux": "aux_8047cf4610644ecda5ec019b9fb99aca.npz", "visibility": "visibility_8047cf4610644ecda5ec019b9fb99aca.png", "pose": [[0.9996296763420105, -0.02721210941672325, 0.0, 2436.89501953125], [0.02721210941672325, 0.9996296763420105, 0.0, 881.2908935546875], [0.0, 0.0, 1.0, 0.0], [0.0, 0.0, 0.0, 1.0]], "pose_inverse": [[0.9996296763420105, 0.02721210941672325, 0.0, -2459.974365234375], [-0.02721210941672325, 0.9996296763420105, 0.0, -814.6514892578125], [0.0, 0.0, 1.0, 0.0], [0.0, 0.0, 0.0, 1.0]], "cam_ids": [0, 1, 2, 3, 4, 5], "cam_channels": ["CAM_FRONT_LEFT", "CAM_FRONT", "CAM_FRONT_RIGHT", "CAM_BACK_LEFT", "CAM_BACK", "CAM_BACK_RIGHT"], "token": "8047cf4610644ecda5ec019b9fb99aca", "scene": "scene-0456"}, {"images": ["samples/CAM_FRONT_LEFT/n008-2018-09-18-12-07-26-0400__CAM_FRONT_LEFT__1537287350504799.jpg", "samples/CAM_FRONT/n008-2018-09-18-12-07-26-0400__CAM_FRONT__1537287350512404.jpg", "samples/CAM_FRONT_RIGHT/n008-2018-09-18-12-07-26-0400__CAM_FRONT_RIGHT__1537287350520482.jpg", "samples/CAM_BACK_LEFT/n008-2018-09-18-12-07-26-0400__CAM_BACK_LEFT__1537287350547405.jpg", "samples/CAM_BACK/n008-2018-09-18-12-07-26-0400__CAM_BACK__1537287350537558.jpg", "samples/CAM_BACK_RIGHT/n008-2018-09-18-12-07-26-0400__CAM_BACK_RIGHT__1537287350528113.jpg"], "intrinsics": [[[1257.8625342125129, 0.0, 827.2410631095686], [0.0, 1257.8625342125129, 450.915498205774], [0.0, 0.0, 1.0]], [[1252.8131021185304, 0.0, 826.588114781398], [0.0, 1252.8131021185304, 469.9846626224581], [0.0, 0.0, 1.0]], [[1256.7485116440405, 0.0, 817.7887570959712], [0.0, 1256.7485116440403, 451.9541780095127], [0.0, 0.0, 1.0]], [[1254.9860565800168, 0.0, 829.5769333630991], [0.0, 1254.9860565800168, 467.1680561863987], [0.0, 0.0, 1.0]], [[796.8910634503094, 0.0, 857.7774326863696], [0.0, 796.8910634503094, 476.8848988407415], [0.0, 0.0, 1.0]], [[1249.9629280788233, 0.0, 825.3768045375984], [0.0, 1249.9629280788233, 462.54816385708756], [0.0, 0.0, 1.0]]], "extrinsics": [[[0.8225640654563904, -0.5684074759483337, 0.017360076308250427, -0.7237548828125], [0.015700694173574448, -0.007815833203494549, -0.9998461604118347, 1.4936466217041016], [0.5684557557106018, 0.8227100372314453, 0.0024953680112957954, -1.143310546875], [0.0, 0.0, 0.0, 1.0]], [[0.010405444540083408, -0.9998711347579956, 0.012223316356539726, 0.01123046875], [0.017664285376667976, -0.012038270942866802, -0.9997715353965759, 1.4852104187011719], [0.9997897744178772, 0.010618984699249268, 0.017536746338009834, -1.450927734375], [0.0, 0.0, 0.0, 1.0]], [[-0.8437771201133728, -0.5365909934043884, -0.010503807105123997, 0.901611328125], [0.025694575160741806, -0.02083977684378624, -0.9994525909423828, 1.4989128112792969], [0.5360783934593201, -0.8435850143432617, 0.03137160465121269, -1.1546630859375], [0.0, 0.0, 0.0, 1.0]], [[0.9478570222854614, 0.31869179010391235, -0.001577763119712472, -1.120849609375], [0.0003660276415757835, -0.006039304658770561, -0.9999816417694092, 1.5620546340942383], [-0.3186955451965332, 0.9478391408920288, -0.00584104610607028, -0.16440629959106445], [0.0, 0.0, 0.0, 1.0]], [[0.009085748344659805, 0.9998689889907837, -0.013394497334957123, -0.0291748046875], [0.0024306124541908503, -0.013417094014585018, -0.9999070167541