[{"images": ["samples/CAM_FRONT_LEFT/n008-2018-08-01-15-52-19-0400__CAM_FRONT_LEFT__1533153695254799.jpg", "samples/CAM_FRONT/n008-2018-08-01-15-52-19-0400__CAM_FRONT__1533153695262404.jpg", "samples/CAM_FRONT_RIGHT/n008-2018-08-01-15-52-19-0400__CAM_FRONT_RIGHT__1533153695270482.jpg", "samples/CAM_BACK_LEFT/n008-2018-08-01-15-52-19-0400__CAM_BACK_LEFT__1533153695297405.jpg", "samples/CAM_BACK/n008-2018-08-01-15-52-19-0400__CAM_BACK__1533153695287558.jpg", "samples/CAM_BACK_RIGHT/n008-2018-08-01-15-52-19-0400__CAM_BACK_RIGHT__1533153695278113.jpg"], "intrinsics": [[[1257.8625342125129, 0.0, 827.2410631095686], [0.0, 1257.8625342125129, 450.915498205774], [0.0, 0.0, 1.0]], [[1252.8131021185304, 0.0, 826.588114781398], [0.0, 1252.8131021185304, 469.9846626224581], [0.0, 0.0, 1.0]], [[1256.7485116440405, 0.0, 817.7887570959712], [0.0, 1256.7485116440403, 451.9541780095127], [0.0, 0.0, 1.0]], [[1254.9860565800168, 0.0, 829.5769333630991], [0.0, 1254.9860565800168, 467.1680561863987], [0.0, 0.0, 1.0]], [[796.8910634503094, 0.0, 857.7774326863696], [0.0, 796.8910634503094, 476.8848988407415], [0.0, 0.0, 1.0]], [[1249.9629280788233, 0.0, 825.3768045375984], [0.0, 1249.9629280788233, 462.54816385708756], [0.0, 0.0, 1.0]]], "extrinsics": [[[0.8224895000457764, -0.5686255693435669, -0.013270357623696327, -0.979248046875], [0.0016633587656542659, 0.02573581226170063, -0.9996673464775085, 1.488321304321289], [0.5687779188156128, 0.8221938610076904, 0.022113259881734848, -1.3166656494140625], [0.0, 0.0, 0.0, 1.0]], [[0.010159180499613285, -0.9997163414955139, -0.021541237831115723, 0.006103515625], [0.003668267512694001, 0.02157946489751339, -0.9997603893280029, 1.4802417755126953], [0.9999416470527649, 0.010077694430947304, 0.00388645613566041, -1.7095947265625], [0.0, 0.0, 0.0, 1.0]], [[-0.844065248966217, -0.5359779000282288, -0.016781019046902657, 1.07470703125], [0.011734679341316223, 0.012824504636228085, -0.9998488426208496, 1.4932901859283447], [0.5361120700836182, -0.8441346287727356, -0.004535190295428038, -1.2666015625], [0.0, 0.0, 0.0, 1.0]], [[0.9478605389595032, 0.31866198778152466, -0.0038712676614522934, -1.143798828125], [-0.013452840968966484, 0.027872804552316666, -0.9995209574699402, 1.5620460510253906], [-0.31840142607688904, 0.9474585056304932, 0.030706437304615974, -0.1561279296875], [0.0, 0.0, 0.0, 1.0]], [[0.009288102388381958, 0.999751091003418, 0.02028721012175083, -0.0289306640625], [-0.011400526389479637, 0.020392637699842453, -0.9997270107269287, 1.5679817199707031], [-0.9998919367790222, 0.009054237976670265, 0.011587096378207207, 0.0372314453125], [0.0, 0.0, 0.0, 1.0]], [[-0.9237226843833923, 0.38301727175712585, 0.005840284749865532, 1.147705078125], [-0.007266414351761341, -0.0022767542395740747, -0.9999709725379944, 1.547715187072754], [-0.38299283385276794, -0.923738420009613, 0.004886251408606768, -0.048583984375], [0.0, 0.0, 0.0, 1.0]]], "view": [[0.0, -2.0, 100.0], [-2.0, 0.0, 100.0], [0.0, 0.0, 1.0]], "bev": "bev_307ba1f86fd14cd18b118ac823a43f9e.png", "aux": "aux_307ba1f86fd14cd18b118ac823a43f9e.npz", "visibility": "visibility_307ba1f86fd14cd18b118ac823a43f9e.png", "pose": [[-0.49073293805122375, 0.8713100552558899, 0.0, 2122.729736328125], [-0.8713100552558899, -0.49073293805122375, 0.0, 892.0714111328125], [0.0, 0.0, 1.0, 0.0], [0.0, 0.0, 0.0, 1.0]], "pose_inverse": [[-0.49073293805122375, -0.8713100552558899, 0.0, 1818.9642333984375], [0.8713100552558899, -0.49073293805122375, 0.0, -1411.786865234375], [0.0, 0.0, 1.0, 0.0], [0.0, 0.0, 0.0, 1.0]], "cam_ids": [0, 1, 2, 3, 4, 5], "cam_channels": ["CAM_FRONT_LEFT", "CAM_FRONT", "CAM_FRONT_RIGHT", "CAM_BACK_LEFT", "CAM_BACK", "CAM_BACK_RIGHT"], "token": "307ba1f86fd14cd18b118ac823a43f9e", "scene": "scene-0074"}, {"images": ["samples/CAM_FRONT_LEFT/n008-2018-08-01-15-52-19-0400__CAM_FRONT_LEFT__1533153695754799.jpg", "samples/CAM_FRONT/n008-2018-08-01-15-52-19-0400__CAM_FRONT__1533153695762404.jpg", "samples/CAM_FRONT_RIGHT/n008-2018-08-01-15-52-19-0400__CAM_FRONT_RIGHT__1533153695770482.jpg", "samples/CAM_BACK_LEFT/n008-2018-08-01-15-52-19-0400__CAM_BACK_LEFT__1533153695797405.jpg", "samples/CAM_BACK/n008-2018-08-01-15-52-19-0400__CAM_BACK__1533153695787558.jpg", "samples/CAM_BACK_RIGHT/n008-2018-08-01-15-52-19-0400__CAM_BACK_RIGHT__1533153695778113.jpg"], "intrinsics": [[[1257.8625342125129, 0.0, 827.2410631095686], [0.0, 1257.8625342125129, 450.915498205774], [0.0, 0.0, 1.0]], [[1252.8131021185304, 0.0, 826.588114781398], [0.0, 1252.8131021185304, 469.9846626224581], [0.0, 0.0, 1.0]], [[1256.7485116440405, 0.0, 817.7887570959712], [0.0, 1256.7485116440403, 451.9541780095127], [0.0, 0.0, 1.0]], [[1254.9860565800168, 0.0, 829.5769333630991], [0.0, 1254.9860565800168, 467.1680561863987], [0.0, 0.0, 1.0]], [[796.8910634503094, 0.0, 857.7774326863696], [0.0, 796.8910634503094, 476.8848988407415], [0.0, 0.0, 1.0]], [[1249.9629280788233, 0.0, 825.3768045375984], [0.0, 1249.9629280788233, 462.54816385708756], [0.0, 0.0, 1.0]]], "extrinsics": [[[0.8225043416023254, -0.5686594247817993, -0.010631166398525238, -0.998291015625], [0.004366971552371979, 0.025005467236042023, -0.9996777772903442, 1.4883193969726562], [0.568742036819458, 0.8221929669380188, 0.023050425574183464, -1.329010009765625], [0.0, 0.0, 0.0, 1.0]], [[0.010191887617111206, -0.9997313618659973, -0.020819619297981262, 0.005615234375], [0.00633973628282547, 0.020884886384010315, -0.9997618198394775, 1.4801998138427734], [0.9999279379844666, 0.010057435370981693, 0.006550889927893877, -1.7281494140625], [0.0, 0.0, 0.0, 1.0]], [[-0.8440272212028503, -0.5359750986099243, -0.018673066049814224, 1.08660888671875], [0.014377857558429241, 0.012191688641905785, -0.9998222589492798, 1.493143081665039], [0.5361074805259705, -0.8441457748413086, -0.0025839442387223244, -1.274658203125], [0.0, 0.0, 0.0, 1.0]], [[0.9478714466094971, 0.3186488449573517, -0.0016675107181072235, -1.1439208984375], [-0.010953766293823719, 0.027352921664714813, -0.999565839767456, 1.5620384216308594], [-0.31846481561660767, 0.9474781155586243, 0.029417457059025764, -0.1561279296875], [0.0, 0.0, 0.0, 1.0]], [[0.00924759916961193, 0.9997621178627014, 0.019756030291318893, -0.0289306640625], [-0.008847805671393871, 0.019837910309433937, -0.9997640252113342, 1.5680427551269531], [-0.9999181032180786, 0.009070636704564095, 0.009029154665768147, 0.04248046875], [0.0, 0.0, 0.0, 1.0]], [[-0.9237307906150818, 0.3830288350582123, 0.0032118780072778463, 1.1572265625], [-0.00466829864308238, -0.0028729455079883337, -0.9999849796295166, 1.5477972030639648], [-0.38301384449005127, -0.9237319231033325, 0.004441920667886734, -0.04486083984375], [0.0, 0.0, 0.0, 1.0]]], "view": [[0.0, -2.0, 100.0], [-2.0, 0.0, 100.0], [0.0, 0.0, 1.0]], "bev": "bev_e203a50f5a2441aebd2104ae235e26d9.png", "aux": "aux_e203a50f5a2441aebd2104ae235e26d9.npz", "visibility": "visibility_e203a50f5a2441aebd2104ae235e26d9.png", "pose": [[-0.49007928371429443, 0.8716778755187988, 0.0, 2122.59814453125], [-0.8716778755187988, -0.49007928371429443, 0.0, 891.8637084960938], [0.0, 0.0, 1.0, 0.0], [0.0, 0.0, 0.0, 1.0]], "pose_inverse": [[-0.49007928371429443, -0.8716778755187988, 0.0, 1817.6591796875], [0.8716778755187988, -0.49007928371429443, 0.0, -1413.137939453125], [0.0, 0.0, 1.0, 0.0], [0.0, 0.0, 0.0, 1.0]], "cam_ids": [0, 1, 2, 3, 4, 5], "cam_channels": ["CAM_FRONT_LEFT", "CAM_FRONT", "CAM_FRONT_RIGHT", "CAM_BACK_LEFT", "CAM_BACK", "CAM_BACK_RIGHT"], "token": "e203a50f5a2441aebd2104ae235e26d9", "scene": "scene-0074"}, {"images": ["samples/CAM_FRONT_LEFT/n008-2018-08-01-15-52-19-0400__CAM_FRONT_LEFT__1533153696154799.jpg", "samples/CAM_FRONT/n008-2018-08-01-15-52-19-0400__CAM_FRONT__1533153696162404.jpg", "samples/CAM_FRONT_RIGHT/n008-2018-08-01-15-52-19-0400__CAM_FRONT_RIGHT__1533153696170482.jpg", "samples/CAM_BACK_LEFT/n008-2018-08-01-15-52-19-0400__CAM_BACK_LEFT__1533153696197405.jpg", "samples/CAM_BACK/n008-2018-08-01-15-52-19-0400__CAM_BACK__1533153696187558.jpg", "samples/CAM_BACK_RIGHT/n008-2018-08-01-15-52-19-0400__CAM_BACK_RIGHT__1533153696178113.jpg"], "intrinsics": [[[1257.8625342125129, 0.0, 827.2410631095686], [0.0, 1257.8625342125129, 450.915498205774], [0.0, 0.0, 1.0]], [[1252.8131021185304, 0.0, 826.588114781398], [0.0, 1252.8131021185304, 469.9846626224581], [0.0, 0.0, 1.0]], [[1256.7485116440405, 0.0, 817.7887570959712], [0.0, 1256.7485116440403, 451.9541780095127], [0.0, 0.0, 1.0]], [[1254.9860565800168, 0.0, 829.5769333630991], [0.0, 1254.9860565800168, 467.1680561863987], [0.0, 0.0, 1.0]], [[796.8910634503094, 0.0, 857.7774326863696], [0.0, 796.8910634503094, 476.8848988407415], [0.0, 0.0, 1.0]], [[1249.9629280788233, 0.0, 825.3768045375984], [0.0, 1249.9629280788233, 462.54816385708756], [0.0, 0.0, 1.0]]], "extrinsics": [[[0.8225501775741577, -0.5686323642730713, -0.008272028528153896, -1.0029296875], [0.007351181469857693, 0.025176016613841057, -0.9996559619903564, 1.4883003234863281], [0.5686450004577637, 0.822206437587738, 0.0248886551707983, -1.3322601318359375], [0.0, 0.0, 0.0, 1.0]], [[0.010276340879499912, -0.9997273683547974, -0.020966503769159317, 0.005615234375], [0.00931438896805048, 0.021062403917312622, -0.9997348189353943, 1.4801750183105469], [0.9999037981033325, 0.01007835753262043, 0.009528294205665588, -1.7327880859375], [0.0, 0.0, 0.0, 1.0]], [[-0.8439602255821228, -0.5359834432601929, -0.021279532462358475, 1.08953857421875], [0.017345234751701355, 0.012381005100905895, -0.999772846698761, 1.4930944442749023], [0.5361252427101135, -0.8441377282142639, -0.001152319135144353, -1.27685546875], [0.0, 0.0, 0.0, 1.0]], [[0.9478731751441956, 0.31864577531814575, 0.0011548331240192056, -1.1435546875], [-0.008057769387960434, 0.027592075988650322, -0.9995867609977722, 1.5620384216308594], [-0.31854602694511414, 0.9474721550941467, 0.028721362352371216, -0.1563720703125], [0.0, 0.0, 0.0, 1.0]], [[0.009187601506710052, 0.9997578263282776, 0.019997786730527878, -0.0289306640625], [-0.005923562683165073, 0.02005269192159176, -0.9997813701629639, 1.56805419921875], [-0.9999402165412903, 0.009067146107554436, 0.006106365006417036, 0.0435791015625], [0.0, 0.0, 0.0, 1.0]], [[-0.923738956451416, 0.3830220699310303, 0.0005609656218439341, 1.159423828125], [-0.0017144327284768224, -0.0026701469905674458, -0.9999949336051941, 1.5478131771087646], [-0.3830185830593109, -0.9237353205680847, 0.003123185131698847, -0.0439453125], [0.0, 0.0, 0.0, 1.0]]], "view": [[0.0, -2.0, 100.0], [-2.0, 0.0, 100.0], [0.0, 0.0, 1.0]], "bev": "bev_5ace0e45b44745db9dfe173a93266845.png", "aux": "aux_5ace0e45b44745db9dfe173a93266845.npz", "visibility": "visibility_5ace0e45b44745db9dfe173a93266845.png", "pose": [[-0.48979058861732483, 0.8718401193618774, 0.0, 2122.56884765625], [-0.8718401193618774, -0.48979058861732483, 0.0, 891.8207397460938], [0.0, 0.0, 1.0, 0.0], [0.0, 0.0, 0.0, 1.0]], "pose_inverse": [[-0.48979058861732483, -0.8718401193618774, 0.0, 1817.1392822265625], [0.8718401193618774, -0.48979058861732483, 0.0, -1413.7352294921875], [0.0, 0.0, 1.0, 0.0], [0.0, 0.0, 0.0, 1.0]], "cam_ids": [0, 1, 2, 3, 4, 5], "cam_channels": ["CAM_FRONT_LEFT", "CAM_FRONT", "CAM_FRONT_RIGHT", "CAM_BACK_LEFT", "CAM_BACK", "CAM_BACK_RIGHT"], "token": "5ace0e45b44745db9dfe173a93266845", "scene": "scene-0074"}, {"images": ["samples/CAM_FRONT_LEFT/n008-2018-08-01-15-52-19-0400__CAM_FRONT_LEFT__1533153696654799.jpg", "samples/CAM_FRONT/n008-2018-08-01-15-52-19-0400__CAM_FRONT__1533153696662404.jpg", "samples/CAM_FRONT_RIGHT/n008-2018-08-01-15-52-19-0400__CAM_FRONT_RIGHT__1533153696670482.jpg", "samples/CAM_BACK_LEFT/n008-2018-08-01-15-52-19-0400__CAM_BACK_LEFT__1533153696697405.jpg", "samples/CAM_BACK/n008-2018-08-01-15-52-19-0400__CAM_BACK__1533153696687558.jpg", "samples/CAM_BACK_RIGHT/n008-2018-08-01-15-52-19-0400__CAM_BACK_RIGHT__1533153696678113.jpg"], "intrinsics": [[[1257.8625342125129, 0.0, 827.2410631095686], [0.0, 1257.8625342125129, 450.915498205774], [0.0, 0.0, 1.0]], [[1252.8131021185304, 0.0, 826.588114781398], [0.0, 1252.8131021185304, 469.9846626224581], [0.0, 0.0, 1.0]], [[1256.7485116440405, 0.0, 817.7887570959712], [0.0, 1256.7485116440403, 451.9541780095127], [0.0, 0.0, 1.0]], [[1254.9860565800168, 0.0, 829.5769333630991], [0.0, 1254.9860565800168, 467.1680561863987], [0.0, 0.0, 1.0]], [[796.8910634503094, 0.0, 857.7774326863696], [0.0, 796.8910634503094, 476.8848988407415], [0.0, 0.0, 1.0]], [[1249.9629280788233, 0.0, 825.3768045375984], [0.0, 1249.9629280788233, 462.54816385708756], [0.0, 0.0, 1.0]]], "extrinsics": [[[0.8225600719451904, -0.5686509609222412, -0.005556496791541576, -1.0009765625], [0.010736922733485699, 0.02529875561594963, -0.9996222257614136, 1.4883441925048828], [0.5685768127441406, 0.8221897482872009, 0.026915311813354492, -1.3307342529296875], [0.0, 0.0, 0.0, 1.0]], [[0.010325247421860695, -0.9997251033782959, -0.021050753071904182, 0.005615234375], [0.012724011205136776, 0.021181529387831688, -0.9996947050094604, 1.480215072631836], [0.999865710735321, 0.010054219514131546, 0.012939218431711197, -1.730712890625], [0.0, 0.0, 0.0, 1.0]], [[-0.8438926339149475, -0.5359638929367065, -0.024246491491794586, 1.088134765625], [0.020784428343176842, 0.012499969452619553, -0.9997057914733887, 1.493133544921875], [0.5361093282699585, -0.8441483974456787, 0.0005910710897296667, -1.275634765625], [0.0, 0.0, 0.0, 1.0]], [[0.9478633999824524, 0.31864410638809204, 0.004571723751723766, -1.1444091796875], [-0.004488919861614704, 0.027694864198565483, -0.9996063113212585, 1.5620346069335938], [-0.31864532828330994, 0.9474697113037109, 0.027681319043040276, -0.1563720703125], [0.0, 0.0, 0.0, 1.0]], [[0.009126605466008186, 0.9997555613517761, 0.020138263702392578, -0.029052734375], [-0.0024001901037991047, 0.020160945132374763, -0.9997938275337219, 1.5680503845214844], [-0.9999554753303528, 0.009076360613107681, 0.0025836043059825897, 0.0433349609375], [0.0, 0.0, 0.0, 1.0]], [[-0.9237287044525146, 0.3830382525920868, -0.002609904855489731, 1.158447265625], [0.0017628807108849287, -0.002562325680628419, -0.9999951720237732, 1.5478172302246094], [-0.3830430209636688, -0.9237288236618042, 0.0016916444292291999, -0.04443359375], [0.0, 0.0, 0.0, 1.0]]], "view": [[0.0, -2.0, 100.0], [-2.0, 0.0, 100.0], [0.0, 0.0, 1.0]], "bev": "bev_f3cbcf06a5b6444eb882e36f9dfc92f6.png", "aux": "aux_f3cbcf06a5b6444eb882e36f9dfc92f6.npz", "visibility": "visibility_f3cbcf06a5b6444eb882e36f9dfc92f6.png", "pose": [[-0.4896589517593384, 0.8719140291213989, 0.0, 2122.550048828125], [-0.8719140291213989, -0.4896589517593384, 0.0, 891.7949829101562], [0.0, 0.0, 1.0, 0.0], [0.0, 0.0, 0.0, 1.0]], "pose_inverse": [[-0.4896589517593384, -0.8719140291213989, 0.0, 1816.8941650390625], [0.8719140291213989, -0.4896589517593384, 0.0, -1414.0057373046875], [0.0, 0.0, 1.0, 0.0], [0.0, 0.0, 0.0, 1.0]], "cam_ids": [0, 1, 2, 3, 4, 5], "cam_channels": ["CAM_FRONT_LEFT", "CAM_FRONT", "CAM_FRONT_RIGHT", "CAM_BACK_LEFT", "CAM_BACK", "CAM_BACK_RIGHT"], "token": "f3cbcf06a5b6444eb882e36f9dfc92f6", "scene": "scene-0074"}, {"images": ["samples/CAM_FRONT_LEFT/n008-2018-08-01-15-52-19-0400__CAM_FRONT_LEFT__1533153697154799.jpg", "samples/CAM_FRONT/n008-2018-08-01-15-52-19-0400__CAM_FRONT__1533153697162404.jpg", "samples/CAM_FRONT_RIGHT/n008-2018-08-01-15-52-19-0400__CAM_FRONT_RIGHT__1533153697170482.jpg", "samples/CAM_BACK_LEFT/n008-2018-08-01-15-52-19-0400__CAM_BACK_LEFT__1533153697197405.jpg", "samples/CAM_BACK/n008-2018-08-01-15-52-19-0400__CAM_BACK__1533153697187558.jpg", "samples/CAM_BACK_RIGHT/n008-2018-08-01-15-52-19-0400__CAM_BACK_RIGHT__1533153697178113.jpg"], "intrinsics": [[[1257.8625342125129, 0.0, 827.2410631095686], [0.0, 1257.8625342125129, 450.915498205774], [0.0, 0.0, 1.0]], [[1252.8131021185304, 0.0, 826.588114781398], [0.0, 1252.8131021185304, 469.9846626224581], [0.0, 0.0, 1.0]], [[1256.7485116440405, 0.0, 817.7887570959712], [0.0, 1256.7485116440403, 451.9541780095127], [0.0, 0.0, 1.0]], [[1254.9860565800168, 0.0, 829.5769333630991], [0.0, 1254.9860565800168, 467.1680561863987], [0.0, 0.0, 1.0]], [[796.8910634503094, 0.0, 857.7774326863696], [0.0, 796.8910634503094, 476.8848988407415], [0.0, 0.0, 1.0]], [[1249.9629280788233, 0.0, 825.3768045375984], [0.0, 1249.9629280788233, 462.54816385708756], [0.0, 0.0, 1.0]]], "extrinsics": [[[0.8223171234130859, -0.5690070390701294, -0.005057555623352528, -0.989501953125], [0.011631682515144348, 0.025694724172353745, -0.999602198600769, 1.4885177612304688], [0.568910539150238, 0.8219311833381653, 0.02774772047996521, -1.322418212890625], [0.0, 0.0, 0.0, 1.0]], [[0.009993389248847961, -0.9997199177742004, -0.021451612934470177, 0.005615234375], [0.013589493930339813, 0.021586483344435692, -0.9996746778488159, 1.4803767204284668], [0.9998576641082764, 0.00969864334911108, 0.013801409862935543, -1.7191162109375], [0.0, 0.0, 0.0, 1.0]], [[-0.8440114259719849, -0.5357348918914795, -0.02515566349029541, 1.08074951171875], [0.021612755954265594, 0.012891232036054134, -0.9996832609176636, 1.493326187133789], [0.5358895063400269, -0.8442878723144531, 0.0006983594503253698, -1.271484375], [0.0, 0.0, 0.0, 1.0]], [[0.9478561878204346, 0.31865328550338745, 0.005363111849874258, -1.145263671875], [-0.00378301739692688, 0.028076646849513054, -0.9995986223220825, 1.562042236328125], [-0.3186759948730469, 0.9474554061889648, 0.027818094938993454, -0.15576171875], [0.0, 0.0, 0.0, 1.0]], [[0.009194380603730679, 0.9997467994689941, 0.020538555458188057, -0.0286865234375], [-0.001652711071074009, 0.020554589107632637, -0.9997873306274414, 1.5680618286132812], [-0.9999563694000244, 0.009158472530543804, 0.001841279212385416, 0.0411376953125], [0.0, 0.0, 0.0, 1.0]], [[-0.9236597418785095, 0.38320034742355347, -0.0031791809014976025, 1.1533203125], [0.0025465621147304773, -0.0021581570617854595, -0.9999944567680359, 1.5478324890136719], [-0.38320493698120117, -0.9236627221107483, 0.0010175597853958607, -0.0467529296875], [0.0, 0.0, 0.0, 1.0]]], "view": [[0.0, -2.0, 100.0], [-2.0, 0.0, 100.0], [0.0, 0.0, 1.0]], "bev": "bev_f317c59ec4654c46afde74c81d0ca7ff.png", "aux": "aux_f317c59ec4654c46afde74c81d0ca7ff.npz", "visibility": "visibility_f317c59ec4654c46afde74c81d0ca7ff.png", "pose": [[-0.4870641827583313, 0.8733661770820618, 0.0, 2122.4716796875], [-0.8733661770820618, -0.4870641827583313, 0.0, 891.6594848632812], [0.0, 0.0, 1.0, 0.0], [0.0, 0.0, 0.0, 1.0]], "pose_inverse": [[-0.4870641827583313, -0.8733661770820618, 0.0, 1812.525146484375], [0.8733661770820618, -0.4870641827583313, 0.0, -1419.3995361328125], [0.0, 0.0, 1.0, 0.0], [0.0, 0.0, 0.0, 1.0]], "cam_ids": [0, 1, 2, 3, 4, 5], "cam_channels": ["CAM_FRONT_LEFT", "CAM_FRONT", "CAM_FRONT_RIGHT", "CAM_BACK_LEFT", "CAM_BACK", "CAM_BACK_RIGHT"], "token": "f317c59ec4654c46afde74c81d0ca7ff", "scene": "scene-0074"}, {"images": ["samples/CAM_FRONT_LEFT/n008-2018-08-01-15-52-19-0400__CAM_FRONT_LEFT__1533153697754799.jpg", "samples/CAM_FRONT/n008-2018-08-01-15-52-19-0400__CAM_FRONT__1533153697762404.jpg", "samples/CAM_FRONT_RIGHT/n008-2018-08-01-15-52-19-0400__CAM_FRONT_RIGHT__1533153697770482.jpg", "samples/CAM_BACK_LEFT/n008-2018-08-01-15-52-19-0400__CAM_BACK_LEFT__1533153697797405.jpg", "samples/CAM_BACK/n008-2018-08-01-15-52-19-0400__CAM_BACK__1533153697787579.jpg", "samples/CAM_BACK_RIGHT/n008-2018-08-01-15-52-19-0400__CAM_BACK_RIGHT__1533153697778113.jpg"], "intrinsics": [[[1257.8625342125129, 0.0, 827.2410631095686], [0.0, 1257.8625342125129, 450.915498205774], [0.0, 0.0, 1.0]], [[1252.8131021185304, 0.0, 826.588114781398], [0.0, 1252.8131021185304, 469.9846626224581], [0.0, 0.0, 1.0]], [[1256.7485116440405, 0.0, 817.7887570959712], [0.0, 1256.7485116440403, 451.9541780095127], [0.0, 0.0, 1.0]], [[1254.9860565800168, 0.0, 829.5769333630991], [0.0, 1254.9860565800168, 467.1680561863987], [0.0, 0.0, 1.0]], [[796.8910634503094, 0.0, 857.7774326863696], [0.0, 796.8910634503094, 476.8848988407415], [0.0, 0.0, 1.0]], [[1249.9629280788233, 0.0, 825.3768045375984], [0.0, 1249.9629280788233, 462.54816385708756], [0.0, 0.0, 1.0]]], "extrinsics": [[[0.8217198252677917, -0.5698754787445068, -0.0042883362621068954, -0.965087890625], [0.011984145268797874, 0.024802466854453087, -0.9996205568313599, 1.488875389099121], [0.5697656869888306, 0.8213566541671753, 0.02721014991402626, -1.305816650390625], [0.0, 0.0, 0.0, 1.0]], [[0.009122357703745365, -0.9997471570968628, -0.0205512885004282, 0.0057373046875], [0.013927726075053215, 0.02067718096077442, -0.9996892213821411, 1.4807238578796387], [0.9998614192008972, 0.008833346888422966, 0.01411283016204834, -1.6947021484375], [0.0, 0.0, 0.0, 1.0]], [[-0.8443766832351685, -0.5351693034172058, -0.02493438869714737, 1.064208984375], [0.021939218044281006, 0.011961892247200012, -0.9996877312660217, 1.4937553405761719], [0.5353004932403564, -0.8446601033210754, 0.0016408527735620737, -1.2607421875], [0.0, 0.0, 0.0, 1.0]], [[0.9478720426559448, 0.318605899810791, 0.005378486588597298, -1.1431884765625], [-0.003446193179115653, 0.02712763473391533, -0.9996260404586792, 1.5620460510253906], [-0.31863269209861755, 0.9474990367889404, 0.0268115047365427, -0.15625], [0.0, 0.0, 0.0, 1.0]], [[0.009483067318797112, 0.9997629523277283, 0.01959470473229885, -0.0286865234375], [-0.0013142852112650871, 0.0196080319583416, -0.999806821346283, 1.5680465698242188], [-0.9999542236328125, 0.009455450810492039, 0.0014999188715592027, 0.0322265625], [0.0, 0.0, 0.0, 1.0]], [[-0.9234568476676941, 0.3836829364299774, -0.00384219060651958, 1.1396484375], [0.002873654244467616, -0.003097507869824767, -0.9999910593032837, 1.5478754043579102], [-0.38369137048721313, -0.9234597086906433, 0.0017578427214175463, -0.05255126953125], [0.0, 0.0, 0.0, 1.0]]], "view": [[0.0, -2.0, 100.0], [-2.0, 0.0, 100.0], [0.0, 0.0, 1.0]], "bev": "bev_dc7a30c214b74b4c9e66aff9c031e650.png", "aux": "aux_dc7a30c214b74b4c9e66aff9c031e650.npz", "visibility": "visibility_dc7a30c214b74b4c9e66aff9c031e650.png", "pose": [[-0.47580716013908386, 0.8795496225357056, 0.0, 2122.242919921875], [-0.8795496225357056, -0.47580716013908386, 0.0, 891.250244140625], [0.0, 0.0, 1.0, 0.0], [0.0, 0.0, 0.0, 1.0]], "pose_inverse": [[-0.47580716013908386, -0.8795496225357056, 0.0, 1793.6771240234375], [0.8795496225357056, -0.47580716013908386, 0.0, -1442.5548095703125], [0.0, 0.0, 1.0, 0.0], [0.0, 0.0, 0.0, 1.0]], "cam_ids": [0, 1, 2, 3, 4, 5], "cam_channels": ["CAM_FRONT_LEFT", "CAM_FRONT", "CAM_FRONT_RIGHT", "CAM_BACK_LEFT", "CAM_BACK", "CAM_BACK_RIGHT"], "token": "dc7a30c214b74b4c9e66aff9c031e650", "scene": "scene-0074"}, {"images": ["samples/CAM_FRONT_LEFT/n008-2018-08-01-15-52-19-0400__CAM_FRONT_LEFT__1533153698154799.jpg", "samples/CAM_FRONT/n008-2018-08-01-15-52-19-0400__CAM_FRONT__1533153698162404.jpg", "samples/CAM_FRONT_RIGHT/n008-2018-08-01-15-52-19-0400__CAM_FRONT_RIGHT__1533153698170482.jpg", "samples/CAM_BACK_LEFT/n008-2018-08-01-15-52-19-0400__CAM_BACK_LEFT__1533153698197405.jpg", "samples/CAM_BACK/n008-2018-08-01-15-52-19-0400__CAM_BACK__1533153698187558.jpg", "samples/CAM_BACK_RIGHT/n008-2018-08-01-15-52-19-0400__CAM_BACK_RIGHT__1533153698178113.jpg"], "intrinsics": [[[1257.8625342125129, 0.0, 827.2410631095686], [0.0, 1257.8625342125129, 450.915498205774], [0.0, 0.0, 1.0]], [[1252.8131021185304, 0.0, 826.588114781398], [0.0, 1252.8131021185304, 469.9846626224581], [0.0, 0.0, 1.0]], [[1256.7485116440405, 0.0, 817.7887570959712], [0.0, 1256.7485116440403, 451.9541780095127], [0.0, 0.0, 1.0]], [[1254.9860565800168, 0.0, 829.5769333630991], [0.0, 1254.9860565800168, 467.1680561863987], [0.0, 0.0, 1.0]], [[796.8910634503094, 0.0, 857.7774326863696], [0.0, 796.8910634503094, 476.8848988407415], [0.0, 0.0, 1.0]], [[1249.9629280788233, 0.0, 825.3768045375984], [0.0, 1249.9629280788233, 462.54816385708756], [0.0, 0.0, 1.0]]], "extrinsics": [[[0.8214095234870911, -0.5703309774398804, -0.002990088425576687, -0.9482421875], [0.012624179013073444, 0.02342262864112854, -0.9996459484100342, 1.4891366958618164], [0.5701991319656372, 0.8210809826850891, 0.02643953077495098, -1.29510498046875], [0.0, 0.0, 0.0, 1.0]], [[0.00869628507643938, -0.9997787475585938, -0.01915362849831581, 0.006591796875], [0.014588125050067902, 0.019279157742857933, -0.9997077584266663, 1.4809719324111938], [0.9998557567596436, 0.008414290845394135, 0.014752554707229137, -1.6787109375], [0.0, 0.0, 0.0, 1.0]], [[-0.8445346355438232, -0.5349287390708923, -0.02474772185087204, 1.05450439453125], [0.022610368207097054, 0.010552389547228813, -0.9996886253356934, 1.494039535522461], [0.5350233912467957, -0.8448312282562256, 0.003183078020811081, -1.25390625], [0.0, 0.0, 0.0, 1.0]], [[0.9478610157966614, 0.31863564252853394, 0.005544286221265793, -1.144287109375], [-0.0027833778876811266, 0.02567412704229355, -0.9996665120124817, 1.562042236328125], [-0.3186717629432678, 0.9475294947624207, 0.02522238902747631, -0.1558837890625], [0.0, 0.0, 0.0, 1.0]], [[0.00957171805202961, 0.9997890591621399, 0.018172260373830795, -0.02880859375], [-0.0006533905398100615, 0.018179340288043022, -0.9998345375061035, 1.5680503845214844], [-0.9999539256095886, 0.009558259509503841, 0.0008272600243799388, 0.0286865234375], [0.0, 0.0, 0.0, 1.0]], [[-0.9233696460723877, 0.3838794231414795, -0.005001537501811981, 1.132080078125], [0.0035408572293817997, -0.004511664621531963, -0.999983549118042, 1.5479240417480469], [-0.3838956356048584, -0.923372209072113, 0.0028066718950867653, -0.05517578125], [0.0, 0.0, 0.0, 1.0]]], "view": [[0.0, -2.0, 100.0], [-2.0, 0.0, 100.0], [0.0, 0.0, 1.0]], "bev": "bev_a40fa2994a4b4570b5693527558e8471.png", "aux": "aux_a40fa2994a4b4570b5693527558e8471.npz", "visibility": "visibility_a40fa2994a4b4570b5693527558e8471.png", "pose": [[-0.4614768326282501, 0.8871522545814514, 0.0, 2121.9755859375], [-0.8871522545814514, -0.4614768326282501, 0.0, 890.7564697265625], [0.0, 0.0, 1.0, 0.0], [0.0, 0.0, 0.0, 1.0]], "pose_inverse": [[-0.4614768326282501, -0.8871522545814514, 0.0, 1769.4791259765625], [0.8871522545814514, -0.4614768326282501, 0.0, -1471.4520263671875], [0.0, 0.0, 1.0, 0.0], [0.0, 0.0, 0.0, 1.0]], "cam_ids": [0, 1, 2, 3, 4, 5], "cam_channels": ["CAM_FRONT_LEFT", "CAM_FRONT", "CAM_FRONT_RIGHT", "CAM_BACK_LEFT", "CAM_BACK", "CAM_BACK_RIGHT"], "token": "a40fa2994a4b4570b5693527558e8471", "scene": "scene-0074"}, {"images": ["samples/CAM_FRONT_LEFT/n008-2018-08-01-15-52-19-0400__CAM_FRONT_LEFT__1533153698654799.jpg", "samples/CAM_FRONT/n008-2018-08-01-15-52-19-0400__CAM_FRONT__1533153698662404.jpg", "samples/CAM_FRONT_RIGHT/n008-2018-08-01-15-52-19-0400__CAM_FRONT_RIGHT__1533153698670482.jpg", "samples/CAM_BACK_LEFT/n008-2018-08-01-15-52-19-0400__CAM_BACK_LEFT__1533153698697405.jpg", "samples/CAM_BACK/n008-2018-08-01-15-52-19-0400__CAM_BACK__1533153698687558.jpg", "samples/CAM_BACK_RIGHT/n008-2018-08-01-15-52-19-0400__CAM_BACK_RIGHT__1533153698678113.jpg"], "intrinsics": [[[1257.8625342125129, 0.0, 827.2410631095686], [0.0, 1257.8625342125129, 450.915498205774], [0.0, 0.0, 1.0]], [[1252.8131021185304, 0.0, 826.588114781398], [0.0, 1252.8131021185304, 469.9846626224581], [0.0, 0.0, 1.0]], [[1256.7485116440405, 0.0, 817.7887570959712], [0.0, 1256.7485116440403, 451.9541780095127], [0.0, 0.0, 1.0]], [[1254.9860565800168, 0.0, 829.5769333630991], [0.0, 1254.9860565800168, 467.1680561863987], [0.0, 0.0, 1.0]], [[796.8910634503094, 0.0, 857.7774326863696], [0.0, 796.8910634503094, 476.8848988407415], [0.0, 0.0, 1.0]], [[1249.9629280788233, 0.0, 825.3768045375984], [0.0, 1249.9629280788233, 462.54816385708756], [0.0, 0.0, 1.0]]], "extrinsics": [[[0.8210722208023071, -0.570813775062561, -0.003475260455161333, -0.93994140625], [0.011124334298074245, 0.022087903693318367, -0.9996941089630127, 1.489166259765625], [0.5707159042358398, 0.8207824230194092, 0.024485686793923378, -1.288299560546875], [0.0, 0.0, 0.0, 1.0]], [[0.008194384165108204, -0.9998065829277039, -0.0178783368319273, 0.0062255859375], [0.013056301511824131, 0.017984388396143913, -0.9997529983520508, 1.4810070991516113], [0.9998811483383179, 0.007958944886922836, 0.013201148249208927, -1.669921875], [0.0, 0.0, 0.0, 1.0]], [[-0.8447645306587219, -0.5346534848213196, -0.022771235555410385, 1.048828125], [0.021073197945952415, 0.009283218532800674, -0.9997348189353943, 1.4941158294677734], [0.5347231030464172, -0.8450203537940979, 0.0034247252624481916, -1.25048828125], [0.0, 0.0, 0.0, 1.0]], [[0.9478655457496643, 0.31864869594573975, 0.003736809128895402, -1.14453125], [-0.004280474036931992, 0.024456309154629707, -0.9996917843818665, 1.562042236328125], [-0.3186418414115906, 0.947557270526886, 0.02454526163637638, -0.156005859375], [0.0, 0.0, 0.0, 1.0]], [[0.009724549017846584, 0.9998092651367188, 0.01693599298596382, -0.0286865234375], [-0.0021569523960351944, 0.016957728192210197, -0.9998538494110107, 1.5680217742919922], [-0.9999504089355469, 0.009686560370028019, 0.0023214470129460096, 0.0264892578125], [0.0, 0.0, 0.0, 1.0]], [[-0.9232785105705261, 0.3841096758842468, -0.004064799752086401, 1.128173828125], [0.0020100201945751905, -0.005750744137912989, -0.9999814629554749, 1.5478839874267578], [-0.38412585854530334, -0.9232695698738098, 0.004537470638751984, -0.05706787109375], [0.0, 0.0, 0.0, 1.0]]], "view": [[0.0, -2.0, 100.0], [-2.0, 0.0, 100.0], [0.0, 0.0, 1.0]], "bev": "bev_21dfddc08b1f42ef935d343d063177b3.png", "aux": "aux_21dfddc08b1f42ef935d343d063177b3.npz", "visibility": "visibility_21dfddc08b1f42ef935d343d063177b3.png", "pose": [[-0.436529278755188, 0.8996900320053101, 0.0, 2121.576904296875], [-0.8996900320053101, -0.436529278755188, 0.0, 889.9727783203125], [0.0, 0.0, 1.0, 0.0], [0.0, 0.0, 0.0, 1.0]], "pose_inverse": [[-0.436529278755188, -0.8996900320053101, 0.0, 1726.830078125], [0.8996900320053101, -0.436529278755188, 0.0, -1520.262451171875], [0.0, 0.0, 1.0, 0.0], [0.0, 0.0, 0.0, 1.0]], "cam_ids": [0, 1, 2, 3, 4, 5], "cam_channels": ["CAM_FRONT_LEFT", "CAM_FRONT", "CAM_FRONT_RIGHT", "CAM_BACK_LEFT", "CAM_BACK", "CAM_BACK_RIGHT"], "token": "21dfddc08b1f42ef935d343d063177b3", "scene": "scene-0074"}, {"images": ["samples/CAM_FRONT_LEFT/n008-2018-08-01-15-52-19-0400__CAM_FRONT_LEFT__1533153699154799.jpg", "samples/CAM_FRONT/n008-2018-08-01-15-52-19-0400__CAM_FRONT__1533153699162404.jpg", "samples/CAM_FRONT_RIGHT/n008-2018-08-01-15-52-19-0400__CAM_FRONT_RIGHT__1533153699170482.jpg", "samples/CAM_BACK_LEFT/n008-2018-08-01-15-52-19-0400__CAM_BACK_LEFT__1533153699197405.jpg", "samples/CAM_BACK/n008-2018-08-01-15-52-19-0400__CAM_BACK__1533153699187558.jpg", "samples/CAM_BACK_RIGHT/n008-2018-08-01-15-52-19-0400__CAM_BACK_RIGHT__1533153699178113.jpg"], "intrinsics": [[[1257.8625342125129, 0.0, 827.2410631095686], [0.0, 1257.8625342125129, 450.915498205774], [0.0, 0.0, 1.0]], [[1252.8131021185304, 0.0, 826.588114781398], [0.0, 1252.8131021185304, 469.9846626224581], [0.0, 0.0, 1.0]], [[1256.7485116440405, 0.0, 817.7887570959712], [0.0, 1256.7485116440403, 451.9541780095127], [0.0, 0.0, 1.0]], [[1254.9860565800168, 0.0, 829.5769333630991], [0.0, 1254.9860565800168, 467.1680561863987], [0.0, 0.0, 1.0]], [[796.8910634503094, 0.0, 857.7774326863696], [0.0, 796.8910634503094, 476.8848988407415], [0.0, 0.0, 1.0]], [[1249.9629280788233, 0.0, 825.3768045375984], [0.0, 1249.9629280788233, 462.54816385708756], [0.0, 0.0, 1.0]]], "extrinsics": [[[0.8209472894668579, -0.5709872245788574, -0.00438109552487731, -0.95068359375], [0.010869738645851612, 0.023298470303416252, -0.9996694326400757, 1.4890060424804688], [0.570900559425354, 0.82062828540802, 0.02533329650759697, -1.295867919921875], [0.0, 0.0, 0.0, 1.0]], [[0.008003611117601395, -0.9997863173484802, -0.01905977353453636, 0.0059814453125], [0.012805541977286339, 0.019161297008395195, -0.9997344017028809, 1.4808568954467773], [0.9998859167098999, 0.007757344748824835, 0.012956165708601475, -1.6806640625], [0.0, 0.0, 0.0, 1.0]], [[-0.8448471426963806, -0.5345049500465393, -0.023188773542642593, 1.05572509765625], [0.020841997116804123, 0.010428664274513721, -0.9997283816337585, 1.4939346313476562], [0.534601628780365, -0.845100998878479, 0.0023295232094824314, -1.255126953125], [0.0, 0.0, 0.0, 1.0]], [[0.9478606581687927, 0.31866151094436646, 0.0038725296035408974, -1.1446533203125], [-0.004493581131100655, 0.02551458775997162, -0.9996643662452698, 1.5620460510253906], [-0.318653404712677, 0.9475250840187073, 0.025616204366087914, -0.1558837890625], [0.0, 0.0, 0.0, 1.0]], [[0.009772676043212414, 0.999789834022522, 0.0180199034512043, -0.02880859375], [-0.00232718582265079, 0.018043454736471176, -0.9998344779014587, 1.5680274963378906], [-0.99994957447052, 0.009729069657623768, 0.0025030295364558697, 0.0296630859375], [0.0, 0.0, 0.0, 1.0]], [[-0.9232388138771057, 0.3842109739780426, -0.003459801897406578, 1.13330078125], [0.0018225894309580326, -0.0046252538450062275, -0.9999876618385315, 1.547865867614746], [-0.38422226905822754, -0.923233687877655, 0.003569955937564373, -0.0548095703125], [0.0, 0.0, 0.0, 1.0]]], "view": [[0.0, -2.0, 100.0], [-2.0, 0.0, 100.0], [0.0, 0.0, 1.0]], "bev": "bev_07c67a2d418948a48107dc568b370824.png", "aux": "aux_07c67a2d418948a48107dc568b370824.npz", "visibility": "visibility_07c67a2d418948a48107dc568b370824.png", "pose": [[-0.40813279151916504, 0.9129225611686707, 0.0, 2121.206298828125], [-0.9129225611686707, -0.40813279151916504, 0.0, 889.1856689453125], [0.0, 0.0, 1.0, 0.0], [0.0, 0.0, 0.0, 1.0]], "pose_inverse": [[-0.40813279151916504, -0.9129225611686707, 0.0, 1677.491455078125], [0.9129225611686707, -0.40813279151916504, 0.0, -1573.59130859375], [0.0, 0.0, 1.0, 0.0], [0.0, 0.0, 0.0, 1.0]], "cam_ids": [0, 1, 2, 3, 4, 5], "cam_channels": ["CAM_FRONT_LEFT", "CAM_FRONT", "CAM_FRONT_RIGHT", "CAM_BACK_LEFT", "CAM_BACK", "CAM_BACK_RIGHT"], "token": "07c67a2d418948a48107dc568b370824", "scene": "scene-0074"}, {"images": ["samples/CAM_FRONT_LEFT/n008-2018-08-01-15-52-19-0400__CAM_FRONT_LEFT__1533153699654799.jpg", "samples/CAM_FRONT/n008-2018-08-01-15-52-19-0400__CAM_FRONT__1533153699662404.jpg", "samples/CAM_FRONT_RIGHT/n008-2018-08-01-15-52-19-0400__CAM_FRONT_RIGHT__1533153699670482.jpg", "samples/CAM_BACK_LEFT/n008-2018-08-01-15-52-19-0400__CAM_BACK_LEFT__1533153699697405.jpg", "samples/CAM_BACK/n008-2018-08-01-15-52-19-0400__CAM_BACK__1533153699687558.jpg", "samples/CAM_BACK_RIGHT/n008-2018-08-01-15-52-19-0400__CAM_BACK_RIGHT__1533153699678113.jpg"], "intrinsics": [[[1257.8625342125129, 0.0, 827.2410631095686], [0.0, 1257.8625342125129, 450.915498205774], [0.0, 0.0, 1.0]], [[1252.8131021185304, 0.0, 826.588114781398], [0.0, 1252.8131021185304, 469.9846626224581], [0.0, 0.0, 1.0]], [[1256.7485116440405, 0.0, 817.7887570959712], [0.0, 1256.7485116440403, 451.9541780095127], [0.0, 0.0, 1.0]], [[1254.9860565800168, 0.0, 829.5769333630991], [0.0, 1254.9860565800168, 467.1680561863987], [0.0, 0.0, 1.0]], [[796.8910634503094, 0.0, 857.7774326863696], [0.0, 796.8910634503094, 476.8848988407415], [0.0, 0.0, 1.0]], [[1249.9629280788233, 0.0, 825.3768045375984], [0.0, 1249.9629280788233, 462.54816385708756], [0.0, 0.0, 1.0]]], "extrinsics": [[[0.8206830620765686, -0.5713821053504944, -0.0013462870847433805, -0.94873046875], [0.012046375311911106, 0.01965792290866375, -0.9997341632843018, 1.4891014099121094], [0.5712567567825317, 0.8204486966133118, 0.023016005754470825, -1.2950439453125], [0.0, 0.0, 0.0, 1.0]], [[0.007643819786608219, -0.9998521208763123, -0.015404016710817814, 0.006591796875], [0.014009488746523857, 0.015510031022131443, -0.9997815489768982, 1.4809387922286987], [0.999872624874115, 0.007426348514854908, 0.014125972986221313, -1.6787109375], [0.0, 0.0, 0.0, 1.0]], [[-0.8449803590774536, -0.534334659576416, -0.02223983034491539, 1.05450439453125], [0.022031595930457115, 0.00677039148285985, -0.9997343420982361, 1.4940185546875], [0.5343433022499084, -0.8452459573745728, 0.006051397882401943, -1.25390625], [0.0, 0.0, 0.0, 1.0]], [[0.9478726983070374, 0.31862497329711914, 0.0039391773752868176, -1.14410400390625], [-0.003192576579749584, 0.02185758762061596, -0.9997559785842896, 1.5620384216308594], [-0.3186333477497101, 0.9476287961006165, 0.02173544466495514, -0.156005859375], [0.0, 0.0, 0.0, 1.0]], [[0.009893279522657394, 0.999847948551178, 0.014365210197865963, -0.0286865234375], [-0.0011115979868918657, 0.014376901090145111, -0.9998959898948669, 1.5680408477783203], [-0.9999504685401917, 0.0098762521520257, 0.0012536635622382164, 0.0284423828125], [0.0, 0.0, 0.0, 1.0]], [[-0.9231473207473755, 0.38440021872520447, -0.005954939406365156, 1.132080078125], [0.0029978344682604074, -0.00829152762889862, -0.9999611377716064, 1.5479106903076172], [-0.38443461060523987, -0.9231292009353638, 0.006501934956759214, -0.05511474609375], [0.0, 0.0, 0.0, 1.0]]], "view": [[0.0, -2.0, 100.0], [-2.0, 0.0, 100.0], [0.0, 0.0, 1.0]], "bev": "bev_76ed31da2e6b4a60986764cb6dd79c0f.png", "aux": "aux_76ed31da2e6b4a60986764cb6dd79c0f.npz", "visibility": "visibility_76ed31da2e6b4a60986764cb6dd79c0f.png", "pose": [[-0.3747742474079132, 0.9271160960197449, 0.0, 2120.901123046875], [-0.9271160960197449, -0.3747742474079132, 0.0, 888.481689453125], [0.0, 0.0, 1.0, 0.0], [0.0, 0.0, 0.0, 1.0]], "pose_inverse": [[-0.3747742474079132, -0.9271160960197449, 0.0, 1618.5848388671875], [0.9271160960197449, -0.3747742474079132, 0.0, -1633.341552734375], [0.0, 0.0, 1.0, 0.0], [0.0, 0.0, 0.0, 1.0]], "cam_ids": [0, 1, 2, 3, 4, 5], "cam_channels": ["CAM_FRONT_LEFT", "CAM_FRONT", "CAM_FRONT_RIGHT", "CAM_BACK_LEFT", "CAM_BACK", "CAM_BACK_RIGHT"], "token": "76ed31da2e6b4a60986764cb6dd79c0f", "scene": "scene-0074"}, {"images": ["samples/CAM_FRONT_LEFT/n008-2018-08-01-15-52-19-0400__CAM_FRONT_LEFT__1533153700104799.jpg", "samples/CAM_FRONT/n008-2018-08-01-15-52-19-0400__CAM_FRONT__1533153700112404.jpg", "samples/CAM_FRONT_RIGHT/n008-2018-08-01-15-52-19-0400__CAM_FRONT_RIGHT__1533153700120482.jpg", "samples/CAM_BACK_LEFT/n008-2018-08-01-15-52-19-0400__CAM_BACK_LEFT__1533153700147405.jpg", "samples/CAM_BACK/n008-2018-08-01-15-52-19-0400__CAM_BACK__1533153700137558.jpg", "samples/CAM_BACK_RIGHT/n008-2018-08-01-15-52-19-0400__CAM_BACK_RIGHT__1533153700128113.jpg"], "intrinsics": [[[1257.8625342125129, 0.0, 827.2410631095686], [0.0, 1257.8625342125129, 450.915498205774], [0.0, 0.0, 1.0]], [[1252.8131021185304, 0.0, 826.588114781398], [0.0, 1252.8131021185304, 469.9846626224581], [0.0, 0.0, 1.0]], [[1256.7485116440405, 0.0, 817.7887570959712], [0.0, 1256.7485116440403, 451.9541780095127], [0.0, 0.0, 1.0]], [[1254.9860565800168, 0.0, 829.5769333630991], [0.0, 1254.9860565800168, 467.1680561863987], [0.0, 0.0, 1.0]], [[796.8910634503094, 0.0, 857.7774326863696], [0.0, 796.8910634503094, 476.8848988407415], [0.0, 0.0, 1.0]], [[1249.9629280788233, 0.0, 825.3768045375984], [0.0, 1249.9629280788233, 462.54816385708756], [0.0, 0.0, 1.0]]], "extrinsics": [[[0.8209143280982971, -0.571050226688385, -0.001148678595200181, -0.952392578125], [0.012961188331246376, 0.020643306896090508, -0.9997028708457947, 1.4890985488891602], [0.5709041953086853, 0.8206555247306824, 0.024347877129912376, -1.297943115234375], [0.0, 0.0, 0.0, 1.0]], [[0.008015752770006657, -0.9998330473899841, -0.016417380422353745, 0.006591796875], [0.014879091642796993, 0.01653534360229969, -0.9997525811195374, 1.480928897857666], [0.9998571872711182, 0.007769525051116943, 0.015009152702987194, -1.6826171875], [0.0, 0.0, 0.0, 1.0]], [[-0.8447979688644409, -0.5345686674118042, -0.0235097948461771, 1.057373046875], [0.0228586383163929, 0.007841827347874641, -0.9997079372406006, 1.4939823150634766], [0.5345969200134277, -0.8450887203216553, 0.005594752728939056, -1.255615234375], [0.0, 0.0, 0.0, 1.0]], [[0.9478448629379272, 0.3186947703361511, 0.004877276252955198, -1.1448974609375], [-0.0025981939397752285, 0.0230272077023983, -0.9997314214706421, 1.562042236328125], [-0.3187215030193329, 0.9475776553153992, 0.022654250264167786, -0.156005859375], [0.0, 0.0, 0.0, 1.0]], [[0.009749491699039936, 0.9998320937156677, 0.01551635842770338, -0.0289306640625], [-0.0004321570449974388, 0.015521307475864887, -0.9998794198036194, 1.5680522918701172], [-0.9999523758888245, 0.0097416