[{"images": ["samples/CAM_FRONT_LEFT/n008-2018-09-18-14-43-59-0400__CAM_FRONT_LEFT__1537296344354799.jpg", "samples/CAM_FRONT/n008-2018-09-18-14-43-59-0400__CAM_FRONT__1537296344362404.jpg", "samples/CAM_FRONT_RIGHT/n008-2018-09-18-14-43-59-0400__CAM_FRONT_RIGHT__1537296344370482.jpg", "samples/CAM_BACK_LEFT/n008-2018-09-18-14-43-59-0400__CAM_BACK_LEFT__1537296344397405.jpg", "samples/CAM_BACK/n008-2018-09-18-14-43-59-0400__CAM_BACK__1537296344387558.jpg", "samples/CAM_BACK_RIGHT/n008-2018-09-18-14-43-59-0400__CAM_BACK_RIGHT__1537296344378113.jpg"], "intrinsics": [[[1257.8625342125129, 0.0, 827.2410631095686], [0.0, 1257.8625342125129, 450.915498205774], [0.0, 0.0, 1.0]], [[1252.8131021185304, 0.0, 826.588114781398], [0.0, 1252.8131021185304, 469.9846626224581], [0.0, 0.0, 1.0]], [[1256.7485116440405, 0.0, 817.7887570959712], [0.0, 1256.7485116440403, 451.9541780095127], [0.0, 0.0, 1.0]], [[1254.9860565800168, 0.0, 829.5769333630991], [0.0, 1254.9860565800168, 467.1680561863987], [0.0, 0.0, 1.0]], [[796.8910634503094, 0.0, 857.7774326863696], [0.0, 796.8910634503094, 476.8848988407415], [0.0, 0.0, 1.0]], [[1249.9629280788233, 0.0, 825.3768045375984], [0.0, 1249.9629280788233, 462.54816385708756], [0.0, 0.0, 1.0]]], "extrinsics": [[[0.8215410113334656, -0.5691857933998108, 0.03313688561320305, -0.9951171875], [0.05437672510743141, 0.02036546729505062, -0.998312771320343, 1.48895263671875], [0.567550539970398, 0.8219567537307739, 0.047681521624326706, -1.3265380859375], [0.0, 0.0, 0.0, 1.0]], [[0.010386251844465733, -0.9998235106468201, -0.015654515475034714, 0.0054931640625], [0.0564451701939106, 0.016216611489653587, -0.9982739686965942, 1.4807357788085938], [0.9983516931533813, 0.009484712965786457, 0.05660363659262657, -1.7244873046875], [0.0, 0.0, 0.0, 1.0]], [[-0.8424831032752991, -0.5355335474014282, -0.0585336834192276, 1.0838623046875], [0.06457238644361496, 0.007485517300665379, -0.9978849291801453, 1.49359130859375], [0.5348389744758606, -0.8444808721542358, 0.028274254873394966, -1.2733154296875], [0.0, 0.0, 0.0, 1.0]], [[0.9470349550247192, 0.31800517439842224, 0.0446937195956707, -1.1436767578125], [0.039572443813085556, 0.022549474611878395, -0.9989622235298157, 1.5620574951171875], [-0.3186829686164856, 0.9478207230567932, 0.008770898915827274, -0.15625], [0.0, 0.0, 0.0, 1.0]], [[0.009131300263106823, 0.999838650226593, 0.015470454469323158, -0.0289459228515625], [0.04157545417547226, 0.01507811713963747, -0.999021589756012, 1.5681991577148438], [-0.9990937113761902, 0.009765551425516605, -0.041431065648794174, 0.041015625], [0.0, 0.0, 0.0, 1.0]], [[-0.9223880171775818, 0.38362738490104675, -0.04505870118737221, 1.1551513671875], [0.04563817009329796, -0.007596813142299652, -0.9989291429519653, 1.5480880737304688], [-0.38355889916419983, -0.9234566688537598, -0.010500841774046421, -0.045867919921875], [0.0, 0.0, 0.0, 1.0]]], "view": [[0.0, -2.0, 100.0], [-2.0, 0.0, 100.0], [0.0, 0.0, 1.0]], "bev": "bev_6dfb63de4cbf4239b936a418a3606089.png", "aux": "aux_6dfb63de4cbf4239b936a418a3606089.npz", "visibility": "visibility_6dfb63de4cbf4239b936a418a3606089.png", "pose": [[-0.665956437587738, 0.7459906339645386, 0.0, 1361.528076171875], [-0.7459906339645386, -0.665956437587738, 0.0, 1140.1715087890625], [0.0, 0.0, 1.0, 0.0], [0.0, 0.0, 0.0, 1.0]], "pose_inverse": [[-0.665956437587738, -0.7459906339645386, 0.0, 1757.275634765625], [0.7459906339645386, -0.665956437587738, 0.0, -256.3825988769531], [0.0, 0.0, 1.0, 0.0], [0.0, 0.0, 0.0, 1.0]], "cam_ids": [0, 1, 2, 3, 4, 5], "cam_channels": ["CAM_FRONT_LEFT", "CAM_FRONT", "CAM_FRONT_RIGHT", "CAM_BACK_LEFT", "CAM_BACK", "CAM_BACK_RIGHT"], "token": "6dfb63de4cbf4239b936a418a3606089", "scene": "scene-0640"}, {"images": ["samples/CAM_FRONT_LEFT/n008-2018-09-18-14-43-59-0400__CAM_FRONT_LEFT__1537296344854799.jpg", "samples/CAM_FRONT/n008-2018-09-18-14-43-59-0400__CAM_FRONT__1537296344862404.jpg", "samples/CAM_FRONT_RIGHT/n008-2018-09-18-14-43-59-0400__CAM_FRONT_RIGHT__1537296344870482.jpg", "samples/CAM_BACK_LEFT/n008-2018-09-18-14-43-59-0400__CAM_BACK_LEFT__1537296344897405.jpg", "samples/CAM_BACK/n008-2018-09-18-14-43-59-0400__CAM_BACK__1537296344887558.jpg", "samples/CAM_BACK_RIGHT/n008-2018-09-18-14-43-59-0400__CAM_BACK_RIGHT__1537296344878113.jpg"], "intrinsics": [[[1257.8625342125129, 0.0, 827.2410631095686], [0.0, 1257.8625342125129, 450.915498205774], [0.0, 0.0, 1.0]], [[1252.8131021185304, 0.0, 826.588114781398], [0.0, 1252.8131021185304, 469.9846626224581], [0.0, 0.0, 1.0]], [[1256.7485116440405, 0.0, 817.7887570959712], [0.0, 1256.7485116440403, 451.9541780095127], [0.0, 0.0, 1.0]], [[1254.9860565800168, 0.0, 829.5769333630991], [0.0, 1254.9860565800168, 467.1680561863987], [0.0, 0.0, 1.0]], [[796.8910634503094, 0.0, 857.7774326863696], [0.0, 796.8910634503094, 476.8848988407415], [0.0, 0.0, 1.0]], [[1249.9629280788233, 0.0, 825.3768045375984], [0.0, 1249.9629280788233, 462.54816385708756], [0.0, 0.0, 1.0]]], "extrinsics": [[[0.8214103579521179, -0.5692281723022461, 0.03555803373456001, -0.9683837890625], [0.05709092319011688, 0.020030952990055084, -0.9981679916381836, 1.4908447265625], [0.5674731135368347, 0.8219355940818787, 0.048951394855976105, -1.3082275390625], [0.0, 0.0, 0.0, 1.0]], [[0.010358345694839954, -0.9998292326927185, -0.015302474610507488, 0.005950927734375], [0.05908927321434021, 0.015888581052422523, -0.9981262683868408, 1.4823532104492188], [0.9981989860534668, 0.009434759616851807, 0.05924375727772713, -1.69775390625], [0.0, 0.0, 0.0, 1.0]], [[-0.8423676490783691, -0.5354928374290466, -0.06053176522254944, 1.066162109375], [0.06714396178722382, 0.007159199565649033, -0.9977176189422607, 1.4950180053710938], [0.5347039699554443, -0.8445094227790833, 0.029924431815743446, -1.261962890625], [0.0, 0.0, 0.0, 1.0]], [[0.9469331502914429, 0.31798356771469116, 0.046947550028562546, -1.1397705078125], [0.04202646762132645, 0.022322241216897964, -0.9988670945167542, 1.5622177124023438], [-0.3186712861061096, 0.9478333592414856, 0.007773942779749632, -0.1575927734375], [0.0, 0.0, 0.0, 1.0]], [[0.00915729533880949, 0.9998423457145691, 0.015212287195026875, -0.0288543701171875], [0.04405238851904869, 0.014794785529375076, -0.9989196062088013, 1.5686111450195312], [-0.9989871978759766, 0.009817562997341156, -0.043909963220357895, 0.031982421875], [0.0, 0.0, 0.0, 1.0]], [[-0.9222437143325806, 0.38367950916290283, -0.04750213399529457, 1.140625], [0.04815325886011124, -0.007914143614470959, -0.9988085627555847, 1.5488510131835938], [-0.38359829783439636, -0.9234324097633362, -0.011176642030477524, -0.051727294921875], [0.0, 0.0, 0.0, 1.0]]], "view": [[0.0, -2.0, 100.0], [-2.0, 0.0, 100.0], [0.0, 0.0, 1.0]], "bev": "bev_9a4c4a2d224541fdad2136aab2ed51bd.png", "aux": "aux_9a4c4a2d224541fdad2136aab2ed51bd.npz", "visibility": "visibility_9a4c4a2d224541fdad2136aab2ed51bd.png", "pose": [[-0.6663998961448669, 0.7455945014953613, 0.0, 1361.3011474609375], [-0.7455945014953613, -0.6663998961448669, 0.0, 1139.919677734375], [0.0, 0.0, 1.0, 0.0], [0.0, 0.0, 0.0, 1.0]], "pose_inverse": [[-0.6663998961448669, -0.7455945014953613, 0.0, 1757.0887451171875], [0.7455945014953613, -0.6663998961448669, 0.0, -255.3363494873047], [0.0, 0.0, 1.0, 0.0], [0.0, 0.0, 0.0, 1.0]], "cam_ids": [0, 1, 2, 3, 4, 5], "cam_channels": ["CAM_FRONT_LEFT", "CAM_FRONT", "CAM_FRONT_RIGHT", "CAM_BACK_LEFT", "CAM_BACK", "CAM_BACK_RIGHT"], "token": "9a4c4a2d224541fdad2136aab2ed51bd", "scene": "scene-0640"}, {"images": ["samples/CAM_FRONT_LEFT/n008-2018-09-18-14-43-59-0400__CAM_FRONT_LEFT__1537296345354799.jpg", "samples/CAM_FRONT/n008-2018-09-18-14-43-59-0400__CAM_FRONT__1537296345362404.jpg", "samples/CAM_FRONT_RIGHT/n008-2018-09-18-14-43-59-0400__CAM_FRONT_RIGHT__1537296345370482.jpg", "samples/CAM_BACK_LEFT/n008-2018-09-18-14-43-59-0400__CAM_BACK_LEFT__1537296345397405.jpg", "samples/CAM_BACK/n008-2018-09-18-14-43-59-0400__CAM_BACK__1537296345387558.jpg", "samples/CAM_BACK_RIGHT/n008-2018-09-18-14-43-59-0400__CAM_BACK_RIGHT__1537296345378113.jpg"], "intrinsics": [[[1257.8625342125129, 0.0, 827.2410631095686], [0.0, 1257.8625342125129, 450.915498205774], [0.0, 0.0, 1.0]], [[1252.8131021185304, 0.0, 826.588114781398], [0.0, 1252.8131021185304, 469.9846626224581], [0.0, 0.0, 1.0]], [[1256.7485116440405, 0.0, 817.7887570959712], [0.0, 1256.7485116440403, 451.9541780095127], [0.0, 0.0, 1.0]], [[1254.9860565800168, 0.0, 829.5769333630991], [0.0, 1254.9860565800168, 467.1680561863987], [0.0, 0.0, 1.0]], [[796.8910634503094, 0.0, 857.7774326863696], [0.0, 796.8910634503094, 476.8848988407415], [0.0, 0.0, 1.0]], [[1249.9629280788233, 0.0, 825.3768045375984], [0.0, 1249.9629280788233, 462.54816385708756], [0.0, 0.0, 1.0]]], "extrinsics": [[[0.821264922618866, -0.5692606568336487, 0.038292381912469864, -0.935302734375], [0.06063487380743027, 0.020347988232970238, -0.9979525804519653, 1.4934158325195312], [0.5673159956932068, 0.821905255317688, 0.05122813582420349, -1.28594970703125], [0.0, 0.0, 0.0, 1.0]], [[0.010366340167820454, -0.9998238682746887, -0.01564619317650795, 0.006561279296875], [0.06267242133617401, 0.016265908256173134, -0.9979015588760376, 1.4845352172851562], [0.9979803562164307, 0.009363994002342224, 0.06283000111579895, -1.6650390625], [0.0, 0.0, 0.0, 1.0]], [[-0.8421732187271118, -0.5354161858558655, -0.06382600963115692, 1.0447998046875], [0.07075601816177368, 0.007611582055687904, -0.9974645972251892, 1.496917724609375], [0.5345445275306702, -0.8445541262626648, 0.03147364407777786, -1.248291015625], [0.0, 0.0, 0.0, 1.0]], [[0.9467962384223938, 0.3178310990333557, 0.05060042068362236, -1.14111328125], [0.045668549835681915, 0.022953912615776062, -0.9986929297447205, 1.5621795654296875], [-0.3185771405696869, 0.9478694796562195, 0.007217788603156805, -0.1572265625], [0.0, 0.0, 0.0, 1.0]], [[0.009183111600577831, 0.9998325705528259, 0.015827622264623642, -0.028839111328125], [0.04767453670501709, 0.01537252962589264, -0.9987446069717407, 1.5691146850585938], [-0.9988207221031189, 0.009926091879606247, -0.04752538725733757, 0.022216796875], [0.0, 0.0, 0.0, 1.0]], [[-0.9220410585403442, 0.3837634027004242, -0.050655022263526917, 1.1236572265625], [0.05178475379943848, -0.007395177613943815, -0.9986308813095093, 1.5498886108398438], [-0.3836125433444977, -0.9234018325805664, -0.013054435141384602, -0.058837890625], [0.0, 0.0, 0.0, 1.0]]], "view": [[0.0, -2.0, 100.0], [-2.0, 0.0, 100.0], [0.0, 0.0, 1.0]], "bev": "bev_e7593cdeea944ef5bfcaeda86ffde6f3.png", "aux": "aux_e7593cdeea944ef5bfcaeda86ffde6f3.npz", "visibility": "visibility_e7593cdeea944ef5bfcaeda86ffde6f3.png", "pose": [[-0.6678860783576965, 0.7442635297775269, 0.0, 1360.8369140625], [-0.7442635297775269, -0.6678860783576965, 0.0, 1139.40771484375], [0.0, 0.0, 1.0, 0.0], [0.0, 0.0, 0.0, 1.0]], "pose_inverse": [[-0.6678860783576965, -0.7442635297775269, 0.0, 1756.903564453125], [0.7442635297775269, -0.6678860783576965, 0.0, -251.8267822265625], [0.0, 0.0, 1.0, 0.0], [0.0, 0.0, 0.0, 1.0]], "cam_ids": [0, 1, 2, 3, 4, 5], "cam_channels": ["CAM_FRONT_LEFT", "CAM_FRONT", "CAM_FRONT_RIGHT", "CAM_BACK_LEFT", "CAM_BACK", "CAM_BACK_RIGHT"], "token": "e7593cdeea944ef5bfcaeda86ffde6f3", "scene": "scene-0640"}, {"images": ["samples/CAM_FRONT_LEFT/n008-2018-09-18-14-43-59-0400__CAM_FRONT_LEFT__1537296345854799.jpg", "samples/CAM_FRONT/n008-2018-09-18-14-43-59-0400__CAM_FRONT__1537296345862404.jpg", "samples/CAM_FRONT_RIGHT/n008-2018-09-18-14-43-59-0400__CAM_FRONT_RIGHT__1537296345870482.jpg", "samples/CAM_BACK_LEFT/n008-2018-09-18-14-43-59-0400__CAM_BACK_LEFT__1537296345897405.jpg", "samples/CAM_BACK/n008-2018-09-18-14-43-59-0400__CAM_BACK__1537296345887572.jpg", "samples/CAM_BACK_RIGHT/n008-2018-09-18-14-43-59-0400__CAM_BACK_RIGHT__1537296345878113.jpg"], "intrinsics": [[[1257.8625342125129, 0.0, 827.2410631095686], [0.0, 1257.8625342125129, 450.915498205774], [0.0, 0.0, 1.0]], [[1252.8131021185304, 0.0, 826.588114781398], [0.0, 1252.8131021185304, 469.9846626224581], [0.0, 0.0, 1.0]], [[1256.7485116440405, 0.0, 817.7887570959712], [0.0, 1256.7485116440403, 451.9541780095127], [0.0, 0.0, 1.0]], [[1254.9860565800168, 0.0, 829.5769333630991], [0.0, 1254.9860565800168, 467.1680561863987], [0.0, 0.0, 1.0]], [[796.8910634503094, 0.0, 857.7774326863696], [0.0, 796.8910634503094, 476.8848988407415], [0.0, 0.0, 1.0]], [[1249.9629280788233, 0.0, 825.3768045375984], [0.0, 1249.9629280788233, 462.54816385708756], [0.0, 0.0, 1.0]]], "extrinsics": [[[0.8211047649383545, -0.5692208409309387, 0.042128559201955795, -0.9202880859375], [0.06478746235370636, 0.019615156576037407, -0.9977062940597534, 1.4949264526367188], [0.5670888423919678, 0.8219507336616516, 0.052984464913606644, -1.27581787109375], [0.0, 0.0, 0.0, 1.0]], [[0.010455054230988026, -0.9998366236686707, -0.014742855913937092, 0.0069580078125], [0.0669180154800415, 0.015410201624035835, -0.9976394772529602, 1.4858551025390625], [0.9977037310600281, 0.009443797171115875, 0.0670681893825531, -1.649658203125], [0.0, 0.0, 0.0, 1.0]], [[-0.841894268989563, -0.5354750752449036, -0.06693653017282486, 1.0347900390625], [0.07510504126548767, 0.00656523834913969, -0.9971539974212646, 1.498077392578125], [0.5343905687332153, -0.8445256352424622, 0.03468963876366615, -1.241455078125], [0.0, 0.0, 0.0, 1.0]], [[0.9466037154197693, 0.3177516460418701, 0.05454664304852486, -1.1400146484375], [0.05045207962393761, 0.021107306703925133, -0.9985033869743347, 1.5622406005859375], [-0.3184273838996887, 0.9479390382766724, 0.0039490279741585255, -0.15740966796875], [0.0, 0.0, 0.0, 1.0]], [[0.009237364865839481, 0.9998545050621033, 0.01434072945266962, -0.028656005859375], [0.052327416837215424, 0.013838352635502815, -0.998534083366394, 1.5694656372070312], [-0.9985873103141785, 0.009974222630262375, -0.052191976457834244, 0.017578125], [0.0, 0.0, 0.0, 1.0]], [[-0.9217798709869385, 0.3837544322013855, -0.055266834795475006, 1.115478515625], [0.056254804134368896, -0.008658401668071747, -0.9983789324760437, 1.5505599975585938], [-0.3836108148097992, -0.9233946204185486, -0.013606888242065907, -0.06201171875], [0.0, 0.0, 0.0, 1.0]]], "view": [[0.0, -2.0, 100.0], [-2.0, 0.0, 100.0], [0.0, 0.0, 1.0]], "bev": "bev_9c61fba8a4e545cd80fb1df3d3883b1c.png", "aux": "aux_9c61fba8a4e545cd80fb1df3d3883b1c.npz", "visibility": "visibility_9c61fba8a4e545cd80fb1df3d3883b1c.png", "pose": [[-0.6683894991874695, 0.7438114881515503, 0.0, 1360.087158203125], [-0.7438114881515503, -0.6683894991874695, 0.0, 1138.5802001953125], [0.0, 0.0, 1.0, 0.0], [0.0, 0.0, 0.0, 1.0]], "pose_inverse": [[-0.6683894991874695, -0.7438114881515503, 0.0, 1755.9569091796875], [0.7438114881515503, -0.6683894991874695, 0.0, -250.63339233398438], [0.0, 0.0, 1.0, 0.0], [0.0, 0.0, 0.0, 1.0]], "cam_ids": [0, 1, 2, 3, 4, 5], "cam_channels": ["CAM_FRONT_LEFT", "CAM_FRONT", "CAM_FRONT_RIGHT", "CAM_BACK_LEFT", "CAM_BACK", "CAM_BACK_RIGHT"], "token": "9c61fba8a4e545cd80fb1df3d3883b1c", "scene": "scene-0640"}, {"images": ["samples/CAM_FRONT_LEFT/n008-2018-09-18-14-43-59-0400__CAM_FRONT_LEFT__1537296346354799.jpg", "samples/CAM_FRONT/n008-2018-09-18-14-43-59-0400__CAM_FRONT__1537296346362404.jpg", "samples/CAM_FRONT_RIGHT/n008-2018-09-18-14-43-59-0400__CAM_FRONT_RIGHT__1537296346370482.jpg", "samples/CAM_BACK_LEFT/n008-2018-09-18-14-43-59-0400__CAM_BACK_LEFT__1537296346397405.jpg", "samples/CAM_BACK/n008-2018-09-18-14-43-59-0400__CAM_BACK__1537296346387558.jpg", "samples/CAM_BACK_RIGHT/n008-2018-09-18-14-43-59-0400__CAM_BACK_RIGHT__1537296346378113.jpg"], "intrinsics": [[[1257.8625342125129, 0.0, 827.2410631095686], [0.0, 1257.8625342125129, 450.915498205774], [0.0, 0.0, 1.0]], [[1252.8131021185304, 0.0, 826.588114781398], [0.0, 1252.8131021185304, 469.9846626224581], [0.0, 0.0, 1.0]], [[1256.7485116440405, 0.0, 817.7887570959712], [0.0, 1256.7485116440403, 451.9541780095127], [0.0, 0.0, 1.0]], [[1254.9860565800168, 0.0, 829.5769333630991], [0.0, 1254.9860565800168, 467.1680561863987], [0.0, 0.0, 1.0]], [[796.8910634503094, 0.0, 857.7774326863696], [0.0, 796.8910634503094, 476.8848988407415], [0.0, 0.0, 1.0]], [[1249.9629280788233, 0.0, 825.3768045375984], [0.0, 1249.9629280788233, 462.54816385708756], [0.0, 0.0, 1.0]]], "extrinsics": [[[0.8209579586982727, -0.5694988965988159, 0.04122009500861168, -0.894775390625], [0.06666400283575058, 0.023901265114545822, -0.9974891543388367, 1.4972152709960938], [0.5670837163925171, 0.8216445446014404, 0.05758700892329216, -1.2576904296875], [0.0, 0.0, 0.0, 1.0]], [[0.010341929271817207, -0.9997639060020447, -0.019110089167952538, 0.006927490234375], [0.06846734881401062, 0.01977425068616867, -0.9974573850631714, 1.4876327514648438], [0.997599720954895, 0.009007184766232967, 0.06865568459033966, -1.6258544921875], [0.0, 0.0, 0.0, 1.0]], [[-0.8418576717376709, -0.5350908041000366, -0.0703817680478096, 1.019287109375], [0.07633214443922043, 0.011047308333218098, -0.9970211982727051, 1.499542236328125], [0.5342744588851929, -0.844722330570221, 0.03154436871409416, -1.2320556640625], [0.0, 0.0, 0.0, 1.0]], [[0.9465508460998535, 0.31763774156570435, 0.05610574036836624, -1.13916015625], [0.05046584829688072, 0.025962991639971733, -0.9983882904052734, 1.562286376953125], [-0.3185824155807495, 0.947856605052948, 0.008545431308448315, -0.1578369140625], [0.0, 0.0, 0.0, 1.0]], [[0.009158520959317684, 0.9997756481170654, 0.019100237637758255, -0.0286865234375], [0.05282864347100258, 0.018590601161122322, -0.9984304904937744, 1.569854736328125], [-0.998561680316925, 0.010153153911232948, -0.05264653265476227, 0.01025390625], [0.0, 0.0, 0.0, 1.0]], [[-0.9217211604118347, 0.3840245008468628, -0.05436123162508011, 1.1033935546875], [0.0571969635784626, -0.004041784908622503, -0.9983547329902649, 1.551361083984375], [-0.38361242413520813, -0.9233139753341675, -0.018239635974168777, -0.067352294921875], [0.0, 0.0, 0.0, 1.0]]], "view": [[0.0, -2.0, 100.0], [-2.0, 0.0, 100.0], [0.0, 0.0, 1.0]], "bev": "bev_ebd3e6e19af7492490967db17ad286ff.png", "aux": "aux_ebd3e6e19af7492490967db17ad286ff.npz", "visibility": "visibility_ebd3e6e19af7492490967db17ad286ff.png", "pose": [[-0.6705421805381775, 0.7418714165687561, 0.0, 1359.1251220703125], [-0.7418714165687561, -0.6705421805381775, 0.0, 1137.5252685546875], [0.0, 0.0, 1.0, 0.0], [0.0, 0.0, 0.0, 1.0]], "pose_inverse": [[-0.6705421805381775, -0.7418714165687561, 0.0, 1755.2481689453125], [0.7418714165687561, -0.6705421805381775, 0.0, -245.5373992919922], [0.0, 0.0, 1.0, 0.0], [0.0, 0.0, 0.0, 1.0]], "cam_ids": [0, 1, 2, 3, 4, 5], "cam_channels": ["CAM_FRONT_LEFT", "CAM_FRONT", "CAM_FRONT_RIGHT", "CAM_BACK_LEFT", "CAM_BACK", "CAM_BACK_RIGHT"], "token": "ebd3e6e19af7492490967db17ad286ff", "scene": "scene-0640"}, {"images": ["samples/CAM_FRONT_LEFT/n008-2018-09-18-14-43-59-0400__CAM_FRONT_LEFT__1537296346904799.jpg", "samples/CAM_FRONT/n008-2018-09-18-14-43-59-0400__CAM_FRONT__1537296346912404.jpg", "samples/CAM_FRONT_RIGHT/n008-2018-09-18-14-43-59-0400__CAM_FRONT_RIGHT__1537296346920482.jpg", "samples/CAM_BACK_LEFT/n008-2018-09-18-14-43-59-0400__CAM_BACK_LEFT__1537296346947405.jpg", "samples/CAM_BACK/n008-2018-09-18-14-43-59-0400__CAM_BACK__1537296346937558.jpg", "samples/CAM_BACK_RIGHT/n008-2018-09-18-14-43-59-0400__CAM_BACK_RIGHT__1537296346928113.jpg"], "intrinsics": [[[1257.8625342125129, 0.0, 827.2410631095686], [0.0, 1257.8625342125129, 450.915498205774], [0.0, 0.0, 1.0]], [[1252.8131021185304, 0.0, 826.588114781398], [0.0, 1252.8131021185304, 469.9846626224581], [0.0, 0.0, 1.0]], [[1256.7485116440405, 0.0, 817.7887570959712], [0.0, 1256.7485116440403, 451.9541780095127], [0.0, 0.0, 1.0]], [[1254.9860565800168, 0.0, 829.5769333630991], [0.0, 1254.9860565800168, 467.1680561863987], [0.0, 0.0, 1.0]], [[796.8910634503094, 0.0, 857.7774326863696], [0.0, 796.8910634503094, 476.8848988407415], [0.0, 0.0, 1.0]], [[1249.9629280788233, 0.0, 825.3768045375984], [0.0, 1249.9629280788233, 462.54816385708756], [0.0, 0.0, 1.0]]], "extrinsics": [[[0.8216002583503723, -0.569195032119751, 0.03146786242723465, -0.864990234375], [0.05386076867580414, 0.02255440130829811, -0.9982936978340149, 1.49737548828125], [0.5675141215324402, 0.8218932151794434, 0.049187976866960526, -1.23870849609375], [0.0, 0.0, 0.0, 1.0]], [[0.01048372033983469, -0.9997796416282654, -0.01818929798901081, 0.00848388671875], [0.05584495887160301, 0.01874730922281742, -0.9982634782791138, 1.4879531860351562], [0.998384416103363, 0.009449725039303303, 0.05602918565273285, -1.5948486328125], [0.0, 0.0, 0.0, 1.0]], [[-0.842446506023407, -0.5354841351509094, -0.059502825140953064, 0.99951171875], [0.06388640403747559, 0.010377855971455574, -0.9979032278060913, 1.5000152587890625], [0.5349789261817932, -0.8444815874099731, 0.025467365980148315, -1.2183837890625], [0.0, 0.0, 0.0, 1.0]], [[0.9470296502113342, 0.3179582953453064, 0.04513894394040108, -1.137451171875], [0.03866558149456978, 0.026644069701433182, -0.9988969564437866, 1.5623016357421875], [-0.31881022453308105, 0.947730302810669, 0.01293868012726307, -0.1583251953125], [0.0, 0.0, 0.0, 1.0]], [[0.008997445926070213, 0.9997767806053162, 0.019113890826702118, -0.0290069580078125], [0.04064168781042099, 0.018733249977231026, -0.9989981055259705, 1.5698394775390625], [-0.9991333484649658, 0.009765283204615116, -0.040464065968990326, 0.0003662109375], [0.0, 0.0, 0.0, 1.0]], [[-0.922483503818512, 0.38362476229667664, -0.04308507591485977, 1.0865478515625], [0.04484226182103157, -0.004366460256278515, -0.9989845156669617, 1.5513992309570312], [-0.383423388004303, -0.9234787225723267, -0.013174615800380707, -0.0732421875], [0.0, 0.0, 0.0, 1.0]]], "view": [[0.0, -2.0, 100.0], [-2.0, 0.0, 100.0], [0.0, 0.0, 1.0]], "bev": "bev_ea510210d60141abb143ca51be9793dd.png", "aux": "aux_ea510210d60141abb143ca51be9793dd.npz", "visibility": "visibility_ea510210d60141abb143ca51be9793dd.png", "pose": [[-0.6728131175041199, 0.7398124933242798, 0.0, 1357.8564453125], [-0.7398124933242798, -0.6728131175041199, 0.0, 1136.15087890625], [0.0, 0.0, 1.0, 0.0], [0.0, 0.0, 0.0, 1.0]], "pose_inverse": [[-0.6728131175041199, -0.7398124933242798, 0.0, 1754.1221923828125], [0.7398124933242798, -0.6728131175041199, 0.0, -240.14195251464844], [0.0, 0.0, 1.0, 0.0], [0.0, 0.0, 0.0, 1.0]], "cam_ids": [0, 1, 2, 3, 4, 5], "cam_channels": ["CAM_FRONT_LEFT", "CAM_FRONT", "CAM_FRONT_RIGHT", "CAM_BACK_LEFT", "CAM_BACK", "CAM_BACK_RIGHT"], "token": "ea510210d60141abb143ca51be9793dd", "scene": "scene-0640"}, {"images": ["samples/CAM_FRONT_LEFT/n008-2018-09-18-14-43-59-0400__CAM_FRONT_LEFT__1537296347404799.jpg", "samples/CAM_FRONT/n008-2018-09-18-14-43-59-0400__CAM_FRONT__1537296347412404.jpg", "samples/CAM_FRONT_RIGHT/n008-2018-09-18-14-43-59-0400__CAM_FRONT_RIGHT__1537296347420482.jpg", "samples/CAM_BACK_LEFT/n008-2018-09-18-14-43-59-0400__CAM_BACK_LEFT__1537296347447405.jpg", "samples/CAM_BACK/n008-2018-09-18-14-43-59-0400__CAM_BACK__1537296347437558.jpg", "samples/CAM_BACK_RIGHT/n008-2018-09-18-14-43-59-0400__CAM_BACK_RIGHT__1537296347428113.jpg"], "intrinsics": [[[1257.8625342125129, 0.0, 827.2410631095686], [0.0, 1257.8625342125129, 450.915498205774], [0.0, 0.0, 1.0]], [[1252.8131021185304, 0.0, 826.588114781398], [0.0, 1252.8131021185304, 469.9846626224581], [0.0, 0.0, 1.0]], [[1256.7485116440405, 0.0, 817.7887570959712], [0.0, 1256.7485116440403, 451.9541780095127], [0.0, 0.0, 1.0]], [[1254.9860565800168, 0.0, 829.5769333630991], [0.0, 1254.9860565800168, 467.1680561863987], [0.0, 0.0, 1.0]], [[796.8910634503094, 0.0, 857.7774326863696], [0.0, 796.8910634503094, 476.8848988407415], [0.0, 0.0, 1.0]], [[1249.9629280788233, 0.0, 825.3768045375984], [0.0, 1249.9629280788233, 462.54816385708756], [0.0, 0.0, 1.0]]], "extrinsics": [[[0.8203324675559998, -0.5699917078018188, 0.04652143269777298, -0.845458984375], [0.07126827538013458, 0.02117750234901905, -0.9972323179244995, 1.5020065307617188], [0.5674288868904114, 0.8213776350021362, 0.05799490958452225, -1.2254638671875], [0.0, 0.0, 0.0, 1.0]], [[0.009753063321113586, -0.9998165369033813, -0.0164857879281044, 0.008636474609375], [0.0735262855887413, 0.017158987000584602, -0.9971457123756409, 1.4919891357421875], [0.9972456097602844, 0.00851313304156065, 0.07368014752864838, -1.5738525390625], [0.0, 0.0, 0.0, 1.0]], [[-0.8418059349060059, -0.5347220301628113, -0.07372385263442993, 0.983642578125], [0.08184424787759781, 0.008559278212487698, -0.996608316898346, 1.503509521484375], [0.5335394740104675, -0.8449847102165222, 0.036558669060468674, -1.20849609375], [0.0, 0.0, 0.0, 1.0]], [[0.9462550282478333, 0.317423015832901, 0.06200116127729416, -1.136474609375], [0.0573587641119957, 0.023959321901202202, -0.9980660676956177, 1.5625], [-0.31829461455345154, 0.9479813575744629, 0.004464633297175169, -0.15869140625], [0.0, 0.0, 0.0, 1.0]], [[0.00951554998755455, 0.999811053276062, 0.01694895327091217, -0.0287017822265625], [0.0591871440410614, 0.016356859356164932, -0.9981128573417664, 1.5711441040039062], [-0.9982016086578369, 0.010500804521143436, -0.05902032554149628, -0.0078125], [0.0, 0.0, 0.0, 1.0]], [[-0.9211562871932983, 0.3844360411167145, -0.06066353619098663, 1.0733642578125], [0.06305059045553207, -0.006404567509889603, -0.9979897737503052, 1.5537796020507812], [-0.38405171036720276, -0.9231294393539429, -0.018339304253458977, -0.079376220703125], [0.0, 0.0, 0.0, 1.0]]], "view": [[0.0, -2.0, 100.0], [-2.0, 0.0, 100.0], [0.0, 0.0, 1.0]], "bev": "bev_bf1bd6b9f6da41cc8ba5bb570a2a06b3.png", "aux": "aux_bf1bd6b9f6da41cc8ba5bb570a2a06b3.npz", "visibility": "visibility_bf1bd6b9f6da41cc8ba5bb570a2a06b3.png", "pose": [[-0.6704925298690796, 0.741916298866272, 0.0, 1356.4808349609375], [-0.741916298866272, -0.6704925298690796, 0.0, 1134.6688232421875], [0.0, 0.0, 1.0, 0.0], [0.0, 0.0, 0.0, 1.0]], "pose_inverse": [[-0.6704925298690796, -0.741916298866272, 0.0, 1751.339599609375], [0.741916298866272, -0.6704925298690796, 0.0, -245.60824584960938], [0.0, 0.0, 1.0, 0.0], [0.0, 0.0, 0.0, 1.0]], "cam_ids": [0, 1, 2, 3, 4, 5], "cam_channels": ["CAM_FRONT_LEFT", "CAM_FRONT", "CAM_FRONT_RIGHT", "CAM_BACK_LEFT", "CAM_BACK", "CAM_BACK_RIGHT"], "token": "bf1bd6b9f6da41cc8ba5bb570a2a06b3", "scene": "scene-0640"}, {"images": ["samples/CAM_FRONT_LEFT/n008-2018-09-18-14-43-59-0400__CAM_FRONT_LEFT__1537296347904799.jpg", "samples/CAM_FRONT/n008-2018-09-18-14-43-59-0400__CAM_FRONT__1537296347912404.jpg", "samples/CAM_FRONT_RIGHT/n008-2018-09-18-14-43-59-0400__CAM_FRONT_RIGHT__1537296347920482.jpg", "samples/CAM_BACK_LEFT/n008-2018-09-18-14-43-59-0400__CAM_BACK_LEFT__1537296347947405.jpg", "samples/CAM_BACK/n008-2018-09-18-14-43-59-0400__CAM_BACK__1537296347937583.jpg", "samples/CAM_BACK_RIGHT/n008-2018-09-18-14-43-59-0400__CAM_BACK_RIGHT__1537296347928113.jpg"], "intrinsics": [[[1257.8625342125129, 0.0, 827.2410631095686], [0.0, 1257.8625342125129, 450.915498205774], [0.0, 0.0, 1.0]], [[1252.8131021185304, 0.0, 826.588114781398], [0.0, 1252.8131021185304, 469.9846626224581], [0.0, 0.0, 1.0]], [[1256.7485116440405, 0.0, 817.7887570959712], [0.0, 1256.7485116440403, 451.9541780095127], [0.0, 0.0, 1.0]], [[1254.9860565800168, 0.0, 829.5769333630991], [0.0, 1254.9860565800168, 467.1680561863987], [0.0, 0.0, 1.0]], [[796.8910634503094, 0.0, 857.7774326863696], [0.0, 796.8910634503094, 476.8848988407415], [0.0, 0.0, 1.0]], [[1249.9629280788233, 0.0, 825.3768045375984], [0.0, 1249.9629280788233, 462.54816385708756], [0.0, 0.0, 1.0]]], "extrinsics": [[[0.8208634853363037, -0.5695658922195435, 0.04216606914997101, -0.8455810546875], [0.06493006646633148, 0.019716506823897362, -0.9976950287818909, 1.5007705688476562], [0.5674216151237488, 0.821709156036377, 0.05316650867462158, -1.22576904296875], [0.0, 0.0, 0.0, 1.0]], [[0.010021106339991093, -0.9998452067375183, -0.014458566904067993, 0.008575439453125], [0.06646431982517242, 0.015093321911990643, -0.9976747035980225, 1.4907684326171875], [0.9977384209632874, 0.009036712348461151, 0.06660528481006622, -1.5750732421875], [0.0, 0.0, 0.0, 1.0]], [[-0.842185378074646, -0.5351762771606445, -0.06565112620592117, 0.9859619140625], [0.07401812821626663, 0.005854000803083181, -0.9972397089004517, 1.5023117065429688], [0.5340834856033325, -0.8447201251983643, 0.03468259423971176, -1.209716796875], [0.0, 0.0, 0.0, 1.0]], [[0.9467474222183228, 0.31784114241600037, 0.05144307762384415, -1.1353759765625], [0.0478072464466095, 0.019233964383602142, -0.9986713528633118, 1.5624847412109375], [-0.3184083104133606, 0.9479489326477051, 0.003014590824022889, -0.15911865234375], [0.0, 0.0, 0.0, 1.0]], [[0.009444774128496647, 0.9998728036880493, 0.012852727435529232, -0.028900146484375], [0.050167977809906006, 0.012363308109343052, -0.9986642599105835, 1.5706329345703125], [-0.9986961483955383, 0.010076931677758694, -0.05004483088850975, -0.0072021484375], [0.0, 0.0, 0.0, 1.0]], [[-0.9217427372932434, 0.38400307297706604, -0.05414853245019913, 1.0753173828125], [0.054610949009656906, -0.009708075784146786, -0.9984604716300964, 1.5528640747070312], [-0.3839375972747803, -0.9232808351516724, -0.012022428214550018, -0.078338623046875], [0.0, 0.0, 0.0, 1.0]]], "view": [[0.0, -2.0, 100.0], [-2.0, 0.0, 100.0], [0.0, 0.0, 1.0]], "bev": "bev_ab75db9d55054e26a555047282e6011d.png", "aux": "aux_ab75db9d55054e26a555047282e6011d.npz", "visibility": "visibility_ab75db9d55054e26a555047282e6011d.png", "pose": [[-0.6669105291366577, 0.7451378107070923, 0.0, 1354.9976806640625], [-0.7451378107070923, -0.6669105291366577, 0.0, 1133.0538330078125], [0.0, 0.0, 1.0, 0.0], [0.0, 0.0, 0.0, 1.0]], "pose_inverse": [[-0.6669105291366577, -0.7451378107070923, 0.0, 1747.9434814453125], [0.7451378107070923, -0.6669105291366577, 0.0, -254.01451110839844], [0.0, 0.0, 1.0, 0.0], [0.0, 0.0, 0.0, 1.0]], "cam_ids": [0, 1, 2, 3, 4, 5], "cam_channels": ["CAM_FRONT_LEFT", "CAM_FRONT", "CAM_FRONT_RIGHT", "CAM_BACK_LEFT", "CAM_BACK", "CAM_BACK_RIGHT"], "token": "ab75db9d55054e26a555047282e6011d", "scene": "scene-0640"}, {"images": ["samples/CAM_FRONT_LEFT/n008-2018-09-18-14-43-59-0400__CAM_FRONT_LEFT__1537296348404799.jpg", "samples/CAM_FRONT/n008-2018-09-18-14-43-59-0400__CAM_FRONT__1537296348412404.jpg", "samples/CAM_FRONT_RIGHT/n008-2018-09-18-14-43-59-0400__CAM_FRONT_RIGHT__1537296348420482.jpg", "samples/CAM_BACK_LEFT/n008-2018-09-18-14-43-59-0400__CAM_BACK_LEFT__1537296348447405.jpg", "samples/CAM_BACK/n008-2018-09-18-14-43-59-0400__CAM_BACK__1537296348437558.jpg", "samples/CAM_BACK_RIGHT/n008-2018-09-18-14-43-59-0400__CAM_BACK_RIGHT__1537296348428113.jpg"], "intrinsics": [[[1257.8625342125129, 0.0, 827.2410631095686], [0.0, 1257.8625342125129, 450.915498205774], [0.0, 0.0, 1.0]], [[1252.8131021185304, 0.0, 826.588114781398], [0.0, 1252.8131021185304, 469.9846626224581], [0.0, 0.0, 1.0]], [[1256.7485116440405, 0.0, 817.7887570959712], [0.0, 1256.7485116440403, 451.9541780095127], [0.0, 0.0, 1.0]], [[1254.9860565800168, 0.0, 829.5769333630991], [0.0, 1254.9860565800168, 467.1680561863987], [0.0, 0.0, 1.0]], [[796.8910634503094, 0.0, 857.7774326863696], [0.0, 796.8910634503094, 476.8848988407415], [0.0, 0.0, 1.0]], [[1249.9629280788233, 0.0, 825.3768045375984], [0.0, 1249.9629280788233, 462.54816385708756], [0.0, 0.0, 1.0]]], "extrinsics": [[[0.820469856262207, -0.570274293422699, 0.04020504653453827, -0.826171875], [0.06609148532152176, 0.024762269109487534, -0.9975062012672424, 1.5024566650390625], [0.5678566694259644, 0.8210809826850891, 0.05800697207450867, -1.21392822265625], [0.0, 0.0, 0.0, 1.0]], [[0.009615505114197731, -0.9997531175613403, -0.02002675086259842, 0.01007080078125], [0.06800349801778793, 0.020635100081562996, -0.9974716901779175, 1.4922637939453125], [0.9976387023925781, 0.008229337632656097, 0.06818513572216034, -1.556396484375], [0.0, 0.0, 0.0, 1.0]], [[-0.8421857953071594, -0.5345538258552551, -0.07053543627262115, 0.9739990234375], [0.0759383961558342, 0.011921163648366928, -0.9970412254333496, 1.5036468505859375], [0.5338131189346313, -0.8450502753257751, 0.030553322285413742, -1.2010498046875], [0.0, 0.0, 0.0, 1.0]], [[0.9465769529342651, 0.31759941577911377, 0.05588170886039734, -1.1348876953125], [0.049974724650382996, 0.026722293347120285, -0.9983928799629211, 1.5625228881835938], [-0.31858232617378235, 0.9478483200073242, 0.00942276418209076, -0.159423828125], [0.0, 0.0, 0.0, 1.0]], [[0.009367512539029121, 0.9997557997703552, 0.02001342549920082, -0.029083251953125], [0.05241462215781212, 0.019495869055390358, -0.9984350800514221, 1.571044921875], [-0.9985814690589905, 0.010401943698525429, -0.052219197154045105, -0.0130615234375], [0.0, 0.0, 0.0, 1.0]], [[-0.921589732170105, 0.3844493329524994, -0.05358084663748741, 1.0650634765625], [0.056741759181022644, -0.0031255874782800674, -0.9983839988708496, 1.55364990234375], [-0.38399553298950195, -0.9231407642364502, -0.018933823332190514, -0.081695556640625], [0.0, 0.0, 0.0, 1.0]]], "view": [[0.0, -2.0, 100.0], [-2.0, 0.0, 100.0], [0.0, 0.0, 1.0]], "bev": "bev_88496c5f872d428384e82c39d462b991.png", "aux": "aux_88496c5f872d428384e82c39d462b991.npz", "visibility": "visibility_88496c5f872d428384e82c39d462b991.png", "pose": [[-0.6599723100662231, 0.7512899041175842, 0.0, 1353.454833984375], [-0.7512899041175842, -0.6599723100662231, 0.0, 1131.3648681640625], [0.0, 0.0, 1.0, 0.0], [0.0, 0.0, 0.0, 1.0]], "pose_inverse": [[-0.6599723100662231, -0.7512899041175842, 0.0, 1743.2257080078125], [0.7512899041175842, -0.6599723100662231, 0.0, -270.16748046875], [0.0, 0.0, 1.0, 0.0], [0.0, 0.0, 0.0, 1.0]], "cam_ids": [0, 1, 2, 3, 4, 5], "cam_channels": ["CAM_FRONT_LEFT", "CAM_FRONT", "CAM_FRONT_RIGHT", "CAM_BACK_LEFT", "CAM_BACK", "CAM_BACK_RIGHT"], "token": "88496c5f872d428384e82c39d462b991", "scene": "scene-0640"}, {"images": ["samples/CAM_FRONT_LEFT/n008-2018-09-18-14-43-59-0400__CAM_FRONT_LEFT__1537296348904799.jpg", "samples/CAM_FRONT/n008-2018-09-18-14-43-59-0400__CAM_FRONT__1537296348912404.jpg", "samples/CAM_FRONT_RIGHT/n008-2018-09-18-14-43-59-0400__CAM_FRONT_RIGHT__1537296348920482.jpg", "samples/CAM_BACK_LEFT/n008-2018-09-18-14-43-59-0400__CAM_BACK_LEFT__1537296348948865.jpg", "samples/CAM_BACK/n008-2018-09-18-14-43-59-0400__CAM_BACK__1537296348937558.jpg", "samples/CAM_BACK_RIGHT/n008-2018-09-18-14-43-59-0400__CAM_BACK_RIGHT__1537296348928113.jpg"], "intrinsics": [[[1257.8625342125129, 0.0, 827.2410631095686], [0.0, 1257.8625342125129, 450.915498205774], [0.0, 0.0, 1.0]], [[1252.8131021185304, 0.0, 826.588114781398], [0.0, 1252.8131021185304, 469.9846626224581], [0.0, 0.0, 1.0]], [[1256.7485116440405, 0.0, 817.7887570959712], [0.0, 1256.7485116440403, 451.9541780095127], [0.0, 0.0, 1.0]], [[1254.9860565800168, 0.0, 829.5769333630991], [0.0, 1254.9860565800168, 467.1680561863987], [0.0, 0.0, 1.0]], [[796.8910634503094, 0.0, 857.7774326863696], [0.0, 796.8910634503094, 476.8848988407415], [0.0, 0.0, 1.0]], [[1249.9629280788233, 0.0, 825.3768045375984], [0.0, 1249.9629280788233, 462.54816385708756], [0.0, 0.0, 1.0]]], "extrinsics": [[[0.8210012316703796, -0.5700865387916565, 0.030957330018281937, -0.8082275390625], [0.05020347982645035, 0.01807425357401371, -0.9985754489898682, 1.5001373291015625], [0.5687148571014404, 0.8213858604431152, 0.04345931112766266, -1.2012939453125], [0.0, 0.0, 0.0, 1.0]], [[0.009323056787252426, -0.9998636245727539, -0.013626698404550552, 0.010162353515625], [0.05172521620988846, 0.01409126166254282, -0.9985619783401489, 1.4903106689453125], [0.9986178278923035, 0.008604805916547775, 0.05184953659772873, -1.5382080078125], [0.0, 0.0, 0.0, 1.0]], [[-0.8432027697563171, -0.5349733829498291, -0.05303347855806351, 0.961669921875], [0.05927442014217377, 0.00553123140707612, -0.9982263445854187, 1.502197265625], [0.5343179106712341, -0.8448508381843567, 0.027046289294958115, -1.1934814453125], [0.0, 0.0, 0.0, 1.0]], [[0.9472989439964294, 0.31817641854286194, 0.03726145625114441, -1.1416015625], [0.03222702071070671, 0.0210738442838192, -0.9992583990097046, 1.5621109008789062], [-0.31872567534446716, 0.9477972984313965, 0.009709352627396584, -0.1568603515625], [0.0, 0.0, 0.0, 1.0]], [[0.009477316401898861, 0.9998605847358704, 0.013748245313763618, -0.02911376953125], [0.035139571875333786, 0.013407357968389988, -0.9992924332618713, 1.5702590942382812], [-0.9993374943733215, 0.009953639470040798, -0.03500761091709137, -0.018310546875], [0.0, 0.0, 0.0, 1.0]], [[-0.922419548034668, 0.38407182693481445, -0.04038428142666817, 1.0555419921875], [0.03982279822230339, -0.009417841210961342, -0.9991623759269714, 1.5523452758789062], [-0.38413044810295105, -0.923255205154419, -0.00660760747268796, -0.08587646484375], [0.0, 0.0, 0.0, 1.0]]], "view": [[0.0, -2.0, 100.0], [-2.0, 0.0, 100.0], [0.0, 0.0, 1.0]], "bev": "bev_0c0e9c0f981b442885369a6ad994bf94.png", "aux": "aux_0c0e9c0f981b442885369a6ad994bf94.npz", "visibility": "visibility_0c0e9c0f981b442885369a6ad994bf94.png", "pose": [[-0.6527271866798401, 0.757593035697937, 0.0, 1351.815185546875], [-0.757593035697937, -0.6527271866798401, 0.0, 1129.5325927734375], [0.0, 0.0, 1.0, 0.0], [0.0, 0.0, 0.0, 1.0]], "pose_inverse": [[-0.6527271866798401, -0.757593035697937, 0.0, 1738.092529296875], [0.757593035697937, -0.6527271866798401, 0.0, -286.84918212890625], [0.0, 0.0, 1.0, 0.0], [0.0, 0.0, 0.0, 1.0]], "cam_ids": [0, 1, 2, 3, 4, 5], "cam_channels": ["CAM_FRONT_LEFT", "CAM_FRONT", "CAM_FRONT_RIGHT", "CAM_BACK_LEFT", "CAM_BACK", "CAM_BACK_RIGHT"], "token": "0c0e9c0f981b442885369a6ad994bf94", "scene": "scene-0640"}, {"images": ["samples/CAM_FRONT_LEFT/n008-2018-09-18-14-43-59-0400__CAM_FRONT_LEFT__1537296349404799.jpg", "samples/CAM_FRONT/n008-2018-09-18-14-43-59-0400__CAM_FRONT__1537296349412404.jpg", "samples/CAM_FRONT_RIGHT/n008-2018-09-18-14-43-59-0400__CAM_FRONT_RIGHT__1537296349420482.jpg", "samples/CAM_BACK_LEFT/n008-2018-09-18-14-43-59-0400__CAM_BACK_LEFT__1537296349447405.jpg", "samples/CAM_BACK/n008-2018-09-18-14-43-59-0400__CAM_BACK__1537296349437558.jpg", "samples/CAM_BACK_RIGHT/n008-2018-09-18-14-43-59-0400__CAM_BACK_RIGHT__1537296349428113.jpg"], "intrinsics": [[[1257.8625342125129, 0.0, 827.2410631095686], [0.0, 1257.8625342125129, 450.915498205774], [0.0, 0.0, 1.0]], [[1252.8131021185304, 0.0, 826.588114781398], [0.0, 1252.8131021185304, 469.9846626224581], [0.0, 0.0, 1.0]], [[1256.7485116440405, 0.0, 817.7887570959712], [0.0, 1256.7485116440403, 451.9541780095127], [0.0, 0.0, 1.0]], [[1254.9860565800168, 0.0, 829.5769333630991], [0.0, 1254.9860565800168, 467.1680561863987], [0.0, 0.0, 1.0]], [[796.8910634503094, 0.0, 857.7774326863696], [0.0, 796.8910634503094, 476.8848988407415], [0.0, 0.0, 1.0]], [[1249.9629280788233, 0.0, 825.3768045375984], [0.0, 1249.9629280788233, 462.54816385708756], [0.0, 0.0, 1.0]]], "extrinsics": [[[0.8210903406143188, -0.5699482560157776, 0.031139489263296127, -0.802978515625], [0.05226124823093414, 0.020740438252687454, -0.9984180331230164, 1.5010223388671875], [0.5684008002281189, 0.821418821811676, 0.046815983951091766, -1.19647216796875], [0.0, 0.0, 0.0, 1.0]], [[0.00949778687208891, -0.9998285174369812, -0.01589767076075077, 0.009002685546875], [0.05452077090740204, 0.016392527148127556, -0.9983780980110168, 1.4911575317382812], [0.9984673857688904, 0.0086156465113163, 0.05466711148619652, -1.5328369140625], [0.0, 0.0, 0.0, 1.0]], [[-0.8430105447769165, -0.5348590612411499, -0.05708745867013931, 0.9586181640625], [0.06285975873470306, 0.007444076705724001, -0.997994601726532, 1.5029525756835938], [0.5342114567756653, -0.8449085354804993, 0.027345677837729454, -1.1927490234375], [0.0, 0.0, 0.0, 1.0]], [[0.947070837020874, 0.31797048449516296, 0.04417863115668297, -1.135009765625], [0.03919435292482376, 0.02205897495150566, -0.9989880919456482, 1.5624198913574219], [-0.31862321496009827, 0.9478440284729004, 0.008428763598203659, -0.15924072265625], [0.0, 0.0, 0.0, 1.0]], [[0.009508159011602402, 0.9998419880867004, 0.01502430159598589, -0.028594970703125], [0.0406147763133049, 0.014626437798142433, -0.9990677833557129, 1.5706405639648438], [-0.9991295337677002, 0.0101094925776124, -0.04046928510069847, -0.0194091796875], [0.0, 0.0, 0.0, 1.0]], [[-0.9221998453140259, 0.384217