[{"images": ["samples/CAM_FRONT_LEFT/n015-2018-07-11-11-54-16+0800__CAM_FRONT_LEFT__1531281613754844.jpg", "samples/CAM_FRONT/n015-2018-07-11-11-54-16+0800__CAM_FRONT__1531281613762460.jpg", "samples/CAM_FRONT_RIGHT/n015-2018-07-11-11-54-16+0800__CAM_FRONT_RIGHT__1531281613770339.jpg", "samples/CAM_BACK_LEFT/n015-2018-07-11-11-54-16+0800__CAM_BACK_LEFT__1531281613797423.jpg", "samples/CAM_BACK/n015-2018-07-11-11-54-16+0800__CAM_BACK__1531281613787525.jpg", "samples/CAM_BACK_RIGHT/n015-2018-07-11-11-54-16+0800__CAM_BACK_RIGHT__1531281613777893.jpg"], "intrinsics": [[[1272.5979470598488, 0.0, 826.6154927353808], [0.0, 1272.5979470598488, 479.75165386361925], [0.0, 0.0, 1.0]], [[1266.417203046554, 0.0, 816.2670197447984], [0.0, 1266.417203046554, 491.50706579294757], [0.0, 0.0, 1.0]], [[1260.8474446004698, 0.0, 807.968244525554], [0.0, 1260.8474446004698, 495.3344268742088], [0.0, 0.0, 1.0]], [[1256.7414812095406, 0.0, 792.1125740759628], [0.0, 1256.7414812095406, 492.7757465151356], [0.0, 0.0, 1.0]], [[809.2209905677063, 0.0, 829.2196003259838], [0.0, 809.2209905677063, 481.77842384512485], [0.0, 0.0, 1.0]], [[1259.5137405846733, 0.0, 807.2529053838625], [0.0, 1259.5137405846733, 501.19579884916527], [0.0, 0.0, 1.0]]], "extrinsics": [[[0.8208009600639343, -0.5711910724639893, -0.005146362818777561, -0.9649658203125], [-0.019715940579771996, -0.019325336441397667, -0.9996188282966614, 1.5082488059997559], [0.5708739161491394, 0.820589542388916, -0.0271238274872303, -1.2802734375], [0.0, 0.0, 0.0, 1.0]], [[0.006079834420233965, -0.9997115731239319, 0.023230670019984245, 0.005126953125], [-0.024666335433721542, -0.023373961448669434, -0.9994224905967712, 1.5205345153808594], [0.9996771812438965, 0.0055032349191606045, -0.024801332503557205, -1.6922607421875], [0.0, 0.0, 0.0, 1.0]], [[-0.8327629566192627, -0.5533045530319214, 0.018967267125844955, 1.0323486328125], [-0.018687201663851738, -0.006147760897874832, -0.9998064637184143, 1.5036449432373047], [0.5533140897750854, -0.8329563140869141, -0.005220085382461548, -1.2486572265625], [0.0, 0.0, 0.0, 1.0]], [[0.9476060271263123, 0.31880810856819153, -0.0201056320220232, -1.14227294921875], [-0.008947350084781647, -0.036426056176424026, -0.999296247959137, 1.5885543823242188], [-0.3193160593509674, 0.9471190571784973, -0.03166506439447403, -0.103759765625], [0.0, 0.0, 0.0, 1.0]], [[0.0020796828903257847, 0.9996460676193237, -0.026521870866417885, 0.002685546875], [-0.034709539264440536, -0.026433788239955902, -0.9990478157997131, 1.579359769821167], [-0.9993951916694641, 0.0029982789419591427, 0.034642282873392105, 0.0018310546875], [0.0, 0.0, 0.0, 1.0]], [[-0.9349268674850464, 0.35483673214912415, -0.0016344712348654866, 1.13623046875], [-0.002479095943272114, -0.011137912049889565, -0.9999349117279053, 1.5514507293701172], [-0.35483184456825256, -0.9348620176315308, 0.011292808689177036, -0.06365966796875], [0.0, 0.0, 0.0, 1.0]]], "view": [[0.0, -2.0, 100.0], [-2.0, 0.0, 100.0], [0.0, 0.0, 1.0]], "bev": "bev_c28c950afda14f7b93ff956799873dff.png", "aux": "aux_c28c950afda14f7b93ff956799873dff.npz", "visibility": "visibility_c28c950afda14f7b93ff956799873dff.png", "pose": [[-0.5587990283966064, -0.8293030858039856, 0.0, 561.3423461914062], [0.8293030858039856, -0.5587990283966064, 0.0, 1659.1156005859375], [0.0, 0.0, 1.0, 0.0], [0.0, 0.0, 0.0, 1.0]], "pose_inverse": [[-0.5587990283966064, 0.8293030858039856, 0.0, -1062.232177734375], [-0.8293030858039856, -0.5587990283966064, 0.0, 1392.6351318359375], [0.0, 0.0, 1.0, 0.0], [0.0, 0.0, 0.0, 1.0]], "cam_ids": [0, 1, 2, 3, 4, 5], "cam_channels": ["CAM_FRONT_LEFT", "CAM_FRONT", "CAM_FRONT_RIGHT", "CAM_BACK_LEFT", "CAM_BACK", "CAM_BACK_RIGHT"], "token": "c28c950afda14f7b93ff956799873dff", "scene": "scene-0271"}, {"images": ["samples/CAM_FRONT_LEFT/n015-2018-07-11-11-54-16+0800__CAM_FRONT_LEFT__1531281614254844.jpg", "samples/CAM_FRONT/n015-2018-07-11-11-54-16+0800__CAM_FRONT__1531281614262460.jpg", "samples/CAM_FRONT_RIGHT/n015-2018-07-11-11-54-16+0800__CAM_FRONT_RIGHT__1531281614270339.jpg", "samples/CAM_BACK_LEFT/n015-2018-07-11-11-54-16+0800__CAM_BACK_LEFT__1531281614297423.jpg", "samples/CAM_BACK/n015-2018-07-11-11-54-16+0800__CAM_BACK__1531281614287525.jpg", "samples/CAM_BACK_RIGHT/n015-2018-07-11-11-54-16+0800__CAM_BACK_RIGHT__1531281614277893.jpg"], "intrinsics": [[[1272.5979470598488, 0.0, 826.6154927353808], [0.0, 1272.5979470598488, 479.75165386361925], [0.0, 0.0, 1.0]], [[1266.417203046554, 0.0, 816.2670197447984], [0.0, 1266.417203046554, 491.50706579294757], [0.0, 0.0, 1.0]], [[1260.8474446004698, 0.0, 807.968244525554], [0.0, 1260.8474446004698, 495.3344268742088], [0.0, 0.0, 1.0]], [[1256.7414812095406, 0.0, 792.1125740759628], [0.0, 1256.7414812095406, 492.7757465151356], [0.0, 0.0, 1.0]], [[809.2209905677063, 0.0, 829.2196003259838], [0.0, 809.2209905677063, 481.77842384512485], [0.0, 0.0, 1.0]], [[1259.5137405846733, 0.0, 807.2529053838625], [0.0, 1259.5137405846733, 501.19579884916527], [0.0, 0.0, 1.0]]], "extrinsics": [[[0.8212667107582092, -0.5705441236495972, -0.0006991812260821462, -0.92919921875], [-0.015144698321819305, -0.020574891939759254, -0.99967360496521, 1.5075922012329102], [0.5703434944152832, 0.8210092186927795, -0.025538189336657524, -1.2554931640625], [0.0, 0.0, 0.0, 1.0]], [[0.006639053579419851, -0.9996775984764099, 0.024505702778697014, 0.00537109375], [-0.020432552322745323, -0.02463673986494541, -0.9994876384735107, 1.519801139831543], [0.9997691512107849, 0.006134907715022564, -0.02058953046798706, -1.65625], [0.0, 0.0, 0.0, 1.0]], [[-0.8325420618057251, -0.5537174344062805, 0.016448620706796646, 1.008819580078125], [-0.01481565460562706, -0.007425634656101465, -0.9998626708984375, 1.5032272338867188], [0.5537635684013367, -0.8326714634895325, -0.002021533204242587, -1.2330322265625], [0.0, 0.0, 0.0, 1.0]], [[0.9476556777954102, 0.31879371404647827, -0.017866332083940506, -1.14178466796875], [-0.006143015809357166, -0.03774164989590645, -0.9992685914039612, 1.5885505676269531], [-0.31923484802246094, 0.9470723867416382, -0.03380773589015007, -0.1038818359375], [0.0, 0.0, 0.0, 1.0]], [[0.0019625641871243715, 0.9996108412742615, -0.02782592363655567, 0.002685546875], [-0.031546302139759064, -0.02775024063885212, -0.9991170167922974, 1.5790133476257324], [-0.9995003938674927, 0.002838748274371028, 0.03147956356406212, -0.00927734375], [0.0, 0.0, 0.0, 1.0]], [[-0.9350498914718628, 0.35447487235069275, -0.005409885197877884, 1.1170654296875], [0.0010772172827273607, -0.012418979778885841, -0.9999222755432129, 1.551473617553711], [-0.35451453924179077, -0.9349830746650696, 0.011230519972741604, -0.07098388671875], [0.0, 0.0, 0.0, 1.0]]], "view": [[0.0, -2.0, 100.0], [-2.0, 0.0, 100.0], [0.0, 0.0, 1.0]], "bev": "bev_73605b2d71b347e996af63f7e7e55fa9.png", "aux": "aux_73605b2d71b347e996af63f7e7e55fa9.npz", "visibility": "visibility_73605b2d71b347e996af63f7e7e55fa9.png", "pose": [[-0.5532795190811157, -0.8329956531524658, 0.0, 561.2052001953125], [0.8329956531524658, -0.5532795190811157, 0.0, 1659.3211669921875], [0.0, 0.0, 1.0, 0.0], [0.0, 0.0, 0.0, 1.0]], "pose_inverse": [[-0.5532795190811157, 0.8329956531524658, 0.0, -1071.7039794921875], [-0.8329956531524658, -0.5532795190811157, 0.0, 1385.5499267578125], [0.0, 0.0, 1.0, 0.0], [0.0, 0.0, 0.0, 1.0]], "cam_ids": [0, 1, 2, 3, 4, 5], "cam_channels": ["CAM_FRONT_LEFT", "CAM_FRONT", "CAM_FRONT_RIGHT", "CAM_BACK_LEFT", "CAM_BACK", "CAM_BACK_RIGHT"], "token": "73605b2d71b347e996af63f7e7e55fa9", "scene": "scene-0271"}, {"images": ["samples/CAM_FRONT_LEFT/n015-2018-07-11-11-54-16+0800__CAM_FRONT_LEFT__1531281614754848.jpg", "samples/CAM_FRONT/n015-2018-07-11-11-54-16+0800__CAM_FRONT__1531281614762460.jpg", "samples/CAM_FRONT_RIGHT/n015-2018-07-11-11-54-16+0800__CAM_FRONT_RIGHT__1531281614770339.jpg", "samples/CAM_BACK_LEFT/n015-2018-07-11-11-54-16+0800__CAM_BACK_LEFT__1531281614797423.jpg", "samples/CAM_BACK/n015-2018-07-11-11-54-16+0800__CAM_BACK__1531281614787525.jpg", "samples/CAM_BACK_RIGHT/n015-2018-07-11-11-54-16+0800__CAM_BACK_RIGHT__1531281614777893.jpg"], "intrinsics": [[[1272.5979470598488, 0.0, 826.6154927353808], [0.0, 1272.5979470598488, 479.75165386361925], [0.0, 0.0, 1.0]], [[1266.417203046554, 0.0, 816.2670197447984], [0.0, 1266.417203046554, 491.50706579294757], [0.0, 0.0, 1.0]], [[1260.8474446004698, 0.0, 807.968244525554], [0.0, 1260.8474446004698, 495.3344268742088], [0.0, 0.0, 1.0]], [[1256.7414812095406, 0.0, 792.1125740759628], [0.0, 1256.7414812095406, 492.7757465151356], [0.0, 0.0, 1.0]], [[809.2209905677063, 0.0, 829.2196003259838], [0.0, 809.2209905677063, 481.77842384512485], [0.0, 0.0, 1.0]], [[1259.5137405846733, 0.0, 807.2529053838625], [0.0, 1259.5137405846733, 501.19579884916527], [0.0, 0.0, 1.0]]], "extrinsics": [[[0.8216925263404846, -0.5699267983436584, -0.002184933517128229, -0.8861083984375], [-0.016273971647024155, -0.0196305513381958, -0.9996747970581055, 1.5066900253295898], [0.5696986317634583, 0.8214609622955322, -0.02540525048971176, -1.2257080078125], [0.0, 0.0, 0.0, 1.0]], [[0.0073058889247477055, -0.9996942281723022, 0.02362343668937683, 0.005615234375], [-0.021587297320365906, -0.023776235058903694, -0.9994842410087585, 1.5188183784484863], [0.9997402429580688, 0.0067921970039606094, -0.02175440452992916, -1.61279296875], [0.0, 0.0, 0.0, 1.0]], [[-0.8322329521179199, -0.5541653633117676, 0.017001263797283173, 0.98028564453125], [-0.016000915318727493, -0.006644624751061201, -0.9998498558998108, 1.5026445388793945], [0.5541950464248657, -0.8323800563812256, -0.0033372766338288784, -1.2139892578125], [0.0, 0.0, 0.0, 1.0]], [[0.9476234316825867, 0.318828821182251, -0.018918035551905632, -1.1396484375], [-0.007389549631625414, -0.03732981160283089, -0.9992756843566895, 1.5885391235351562], [-0.3193041980266571, 0.9470768570899963, -0.033018603920936584, -0.1048583984375], [0.0, 0.0, 0.0, 1.0]], [[0.0017144149169325829, 0.999626874923706, -0.027262920513749123, 0.002685546875], [-0.03276772424578667, -0.027192162349820137, -0.9990930557250977, 1.5785549879074097], [-0.9994614720344543, 0.002606193767860532, 0.032708875834941864, -0.022705078125], [0.0, 0.0, 0.0, 1.0]], [[-0.9351926445960999, 0.35411620140075684, -0.0040325927548110485, 1.0933837890625], [-0.0001297252019867301, -0.011729576624929905, -0.9999312162399292, 1.5514459609985352], [-0.35413920879364014, -0.935127854347229, 0.011015351861715317, -0.07989501953125], [0.0, 0.0, 0.0, 1.0]]], "view": [[0.0, -2.0, 100.0], [-2.0, 0.0, 100.0], [0.0, 0.0, 1.0]], "bev": "bev_86287c78bf494502ae0b6110c162b63d.png", "aux": "aux_86287c78bf494502ae0b6110c162b63d.npz", "visibility": "visibility_86287c78bf494502ae0b6110c162b63d.png", "pose": [[-0.540597677230835, -0.8412812352180481, 0.0, 560.743408203125], [0.8412812352180481, -0.540597677230835, 0.0, 1660.03466796875], [0.0, 0.0, 1.0, 0.0], [0.0, 0.0, 0.0, 1.0]], "pose_inverse": [[-0.540597677230835, 0.8412812352180481, 0.0, -1093.41943359375], [-0.8412812352180481, -0.540597677230835, 0.0, 1369.15380859375], [0.0, 0.0, 1.0, 0.0], [0.0, 0.0, 0.0, 1.0]], "cam_ids": [0, 1, 2, 3, 4, 5], "cam_channels": ["CAM_FRONT_LEFT", "CAM_FRONT", "CAM_FRONT_RIGHT", "CAM_BACK_LEFT", "CAM_BACK", "CAM_BACK_RIGHT"], "token": "86287c78bf494502ae0b6110c162b63d", "scene": "scene-0271"}, {"images": ["samples/CAM_FRONT_LEFT/n015-2018-07-11-11-54-16+0800__CAM_FRONT_LEFT__1531281615254844.jpg", "samples/CAM_FRONT/n015-2018-07-11-11-54-16+0800__CAM_FRONT__1531281615262460.jpg", "samples/CAM_FRONT_RIGHT/n015-2018-07-11-11-54-16+0800__CAM_FRONT_RIGHT__1531281615270339.jpg", "samples/CAM_BACK_LEFT/n015-2018-07-11-11-54-16+0800__CAM_BACK_LEFT__1531281615297423.jpg", "samples/CAM_BACK/n015-2018-07-11-11-54-16+0800__CAM_BACK__1531281615287525.jpg", "samples/CAM_BACK_RIGHT/n015-2018-07-11-11-54-16+0800__CAM_BACK_RIGHT__1531281615277893.jpg"], "intrinsics": [[[1272.5979470598488, 0.0, 826.6154927353808], [0.0, 1272.5979470598488, 479.75165386361925], [0.0, 0.0, 1.0]], [[1266.417203046554, 0.0, 816.2670197447984], [0.0, 1266.417203046554, 491.50706579294757], [0.0, 0.0, 1.0]], [[1260.8474446004698, 0.0, 807.968244525554], [0.0, 1260.8474446004698, 495.3344268742088], [0.0, 0.0, 1.0]], [[1256.7414812095406, 0.0, 792.1125740759628], [0.0, 1256.7414812095406, 492.7757465151356], [0.0, 0.0, 1.0]], [[809.2209905677063, 0.0, 829.2196003259838], [0.0, 809.2209905677063, 481.77842384512485], [0.0, 0.0, 1.0]], [[1259.5137405846733, 0.0, 807.2529053838625], [0.0, 1259.5137405846733, 501.19579884916527], [0.0, 0.0, 1.0]]], "extrinsics": [[[0.8231031894683838, -0.5678774118423462, -0.00403576111420989, -0.8668212890625], [-0.02010040171444416, -0.022030701860785484, -0.999555230140686, 1.5058178901672363], [0.5675358772277832, 0.8228182196617126, -0.029548104852437973, -1.21136474609375], [0.0, 0.0, 0.0, 1.0]], [[0.009501095861196518, -0.9996196031570435, 0.025890015065670013, 0.005126953125], [-0.02544943057000637, -0.02612452767789364, -0.9993347525596619, 1.5179815292358398], [0.999630868434906, 0.0088358698412776, -0.025687959045171738, -1.5927734375], [0.0, 0.0, 0.0, 1.0]], [[-0.8312211036682129, -0.5555240511894226, 0.02155083231627941, 0.9668731689453125], [-0.019959809258580208, -0.008918901905417442, -0.9997609853744507, 1.5020751953125], [0.5555834770202637, -0.8314526677131653, -0.0036745730321854353, -1.20556640625], [0.0, 0.0, 0.0, 1.0]], [[0.9474939703941345, 0.3189115822315216, -0.023463286459445953, -1.13909912109375], [-0.011501939967274666, -0.039338648319244385, -0.9991596937179565, 1.5885162353515625], [-0.31956660747528076, 0.9469677209854126, -0.03360503539443016, -0.1046142578125], [0.0, 0.0, 0.0, 1.0]], [[0.0009268891881220043, 0.9995684027671814, -0.02936159074306488, 0.0030517578125], [-0.036817386746406555, -0.029307585209608078, -0.9988921880722046, 1.5782241821289062], [-0.9993215799331665, 0.0020069382153451443, 0.03677432984113693, -0.02880859375], [0.0, 0.0, 0.0, 1.0]], [[-0.9356419444084167, 0.3529490530490875, -0.0010464460356160998, 1.0828857421875], [-0.00412751454859972, -0.01390629168599844, -0.9998947978019714, 1.5512056350708008], [-0.35292649269104004, -0.935539186000824, 0.014468110166490078, -0.0843505859375], [0.0, 0.0, 0.0, 1.0]]], "view": [[0.0, -2.0, 100.0], [-2.0, 0.0, 100.0], [0.0, 0.0, 1.0]], "bev": "bev_c365e8e9ccfd4bcbac8fc09a21692edc.png", "aux": "aux_c365e8e9ccfd4bcbac8fc09a21692edc.npz", "visibility": "visibility_c365e8e9ccfd4bcbac8fc09a21692edc.png", "pose": [[-0.5100777745246887, -0.8601282835006714, 0.0, 560.0551147460938], [0.8601282835006714, -0.5100777745246887, 0.0, 1661.1358642578125], [0.0, 0.0, 1.0, 0.0], [0.0, 0.0, 0.0, 1.0]], "pose_inverse": [[-0.5100777745246887, 0.8601282835006714, 0.0, -1143.1182861328125], [-0.8601282835006714, -0.5100777745246887, 0.0, 1329.0277099609375], [0.0, 0.0, 1.0, 0.0], [0.0, 0.0, 0.0, 1.0]], "cam_ids": [0, 1, 2, 3, 4, 5], "cam_channels": ["CAM_FRONT_LEFT", "CAM_FRONT", "CAM_FRONT_RIGHT", "CAM_BACK_LEFT", "CAM_BACK", "CAM_BACK_RIGHT"], "token": "c365e8e9ccfd4bcbac8fc09a21692edc", "scene": "scene-0271"}, {"images": ["samples/CAM_FRONT_LEFT/n015-2018-07-11-11-54-16+0800__CAM_FRONT_LEFT__1531281615754844.jpg", "samples/CAM_FRONT/n015-2018-07-11-11-54-16+0800__CAM_FRONT__1531281615762460.jpg", "samples/CAM_FRONT_RIGHT/n015-2018-07-11-11-54-16+0800__CAM_FRONT_RIGHT__1531281615770339.jpg", "samples/CAM_BACK_LEFT/n015-2018-07-11-11-54-16+0800__CAM_BACK_LEFT__1531281615797423.jpg", "samples/CAM_BACK/n015-2018-07-11-11-54-16+0800__CAM_BACK__1531281615787525.jpg", "samples/CAM_BACK_RIGHT/n015-2018-07-11-11-54-16+0800__CAM_BACK_RIGHT__1531281615777893.jpg"], "intrinsics": [[[1272.5979470598488, 0.0, 826.6154927353808], [0.0, 1272.5979470598488, 479.75165386361925], [0.0, 0.0, 1.0]], [[1266.417203046554, 0.0, 816.2670197447984], [0.0, 1266.417203046554, 491.50706579294757], [0.0, 0.0, 1.0]], [[1260.8474446004698, 0.0, 807.968244525554], [0.0, 1260.8474446004698, 495.3344268742088], [0.0, 0.0, 1.0]], [[1256.7414812095406, 0.0, 792.1125740759628], [0.0, 1256.7414812095406, 492.7757465151356], [0.0, 0.0, 1.0]], [[809.2209905677063, 0.0, 829.2196003259838], [0.0, 809.2209905677063, 481.77842384512485], [0.0, 0.0, 1.0]], [[1259.5137405846733, 0.0, 807.2529053838625], [0.0, 1259.5137405846733, 501.19579884916527], [0.0, 0.0, 1.0]]], "extrinsics": [[[0.8238025307655334, -0.5668731927871704, -0.0020484619308263063, -0.8699951171875], [-0.019705716520547867, -0.025025349110364914, -0.9994925856590271, 1.5059657096862793], [0.5665342211723328, 0.8234249353408813, -0.031786587089300156, -1.214691162109375], [0.0, 0.0, 0.0, 1.0]], [[0.010502216406166553, -0.9995275139808655, 0.028887765482068062, 0.005859375], [-0.024940835312008858, -0.029142212122678757, -0.999264121055603, 1.5181403160095215], [0.9996337294578552, 0.00977400317788124, -0.02523510716855526, -1.5966796875], [0.0, 0.0, 0.0, 1.0]], [[-0.8307981491088867, -0.5561103224754333, 0.022710604593157768, 0.969757080078125], [-0.019332267343997955, -0.011946420185267925, -0.9997417330741882, 1.5021858215332031], [0.5562379360198975, -0.8310226798057556, -0.0008258071029558778, -1.2071533203125], [0.0, 0.0, 0.0, 1.0]], [[0.9475125670433044, 0.31885841488838196, -0.023436132818460464, -1.13861083984375], [-0.010481531731784344, -0.042283665388822556, -0.9990506172180176, 1.5884971618652344], [-0.3195466995239258, 0.9468587040901184, -0.036722179502248764, -0.1046142578125], [0.0, 0.0, 0.0, 1.0]], [[0.0005940081318840384, 0.9994766712188721, -0.03234324976801872, 0.003173828125], [-0.03592773154377937, -0.03230104222893715, -0.9988322854042053, 1.5782780647277832], [-0.9993542432785034, 0.0017553317593410611, 0.03588974103331566, -0.028076171875], [0.0, 0.0, 0.0, 1.0]], [[-0.9358511567115784, 0.3523845076560974, -0.002793612889945507, 1.0845947265625], [-0.0033850781619548798, -0.016916537657380104, -0.9998511672019958, 1.5512609481811523], [-0.35237932205200195, -0.9357024431228638, 0.017024211585521698, -0.0833740234375], [0.0, 0.0, 0.0, 1.0]]], "view": [[0.0, -2.0, 100.0], [-2.0, 0.0, 100.0], [0.0, 0.0, 1.0]], "bev": "bev_08dfcb4bd030497ea9c7d17d4bbba24b.png", "aux": "aux_08dfcb4bd030497ea9c7d17d4bbba24b.npz", "visibility": "visibility_08dfcb4bd030497ea9c7d17d4bbba24b.png", "pose": [[-0.4634919762611389, -0.8861011266708374, 0.0, 559.4149780273438], [0.8861011266708374, -0.4634919762611389, 0.0, 1662.279541015625], [0.0, 0.0, 1.0, 0.0], [0.0, 0.0, 0.0, 1.0]], "pose_inverse": [[-0.4634919762611389, 0.8861011266708374, 0.0, -1213.6634521484375], [-0.8861011266708374, -0.4634919762611389, 0.0, 1266.1514892578125], [0.0, 0.0, 1.0, 0.0], [0.0, 0.0, 0.0, 1.0]], "cam_ids": [0, 1, 2, 3, 4, 5], "cam_channels": ["CAM_FRONT_LEFT", "CAM_FRONT", "CAM_FRONT_RIGHT", "CAM_BACK_LEFT", "CAM_BACK", "CAM_BACK_RIGHT"], "token": "08dfcb4bd030497ea9c7d17d4bbba24b", "scene": "scene-0271"}, {"images": ["samples/CAM_FRONT_LEFT/n015-2018-07-11-11-54-16+0800__CAM_FRONT_LEFT__1531281616154844.jpg", "samples/CAM_FRONT/n015-2018-07-11-11-54-16+0800__CAM_FRONT__1531281616162460.jpg", "samples/CAM_FRONT_RIGHT/n015-2018-07-11-11-54-16+0800__CAM_FRONT_RIGHT__1531281616170339.jpg", "samples/CAM_BACK_LEFT/n015-2018-07-11-11-54-16+0800__CAM_BACK_LEFT__1531281616197423.jpg", "samples/CAM_BACK/n015-2018-07-11-11-54-16+0800__CAM_BACK__1531281616187525.jpg", "samples/CAM_BACK_RIGHT/n015-2018-07-11-11-54-16+0800__CAM_BACK_RIGHT__1531281616177893.jpg"], "intrinsics": [[[1272.5979470598488, 0.0, 826.6154927353808], [0.0, 1272.5979470598488, 479.75165386361925], [0.0, 0.0, 1.0]], [[1266.417203046554, 0.0, 816.2670197447984], [0.0, 1266.417203046554, 491.50706579294757], [0.0, 0.0, 1.0]], [[1260.8474446004698, 0.0, 807.968244525554], [0.0, 1260.8474446004698, 495.3344268742088], [0.0, 0.0, 1.0]], [[1256.7414812095406, 0.0, 792.1125740759628], [0.0, 1256.7414812095406, 492.7757465151356], [0.0, 0.0, 1.0]], [[809.2209905677063, 0.0, 829.2196003259838], [0.0, 809.2209905677063, 481.77842384512485], [0.0, 0.0, 1.0]], [[1259.5137405846733, 0.0, 807.2529053838625], [0.0, 1259.5137405846733, 501.19579884916527], [0.0, 0.0, 1.0]]], "extrinsics": [[[0.8237347602844238, -0.5669690370559692, -0.002706586616113782, -0.87646484375], [-0.019430337473750114, -0.023458266630768776, -0.9995359778404236, 1.506177544593811], [0.5666424036026001, 0.8234050273895264, -0.030339786782860756, -1.2198486328125], [0.0, 0.0, 0.0, 1.0]], [[0.010440757498145103, -0.999576210975647, 0.027173150330781937, 0.0062255859375], [-0.024748409166932106, -0.02742462046444416, -0.999317467212677, 1.5183688402175903], [0.9996392130851746, 0.009761088527739048, -0.025024252012372017, -1.604248046875], [0.0, 0.0, 0.0, 1.0]], [[-0.8307980298995972, -0.5561549067497253, 0.021590443328022957, 0.975860595703125], [-0.019240055233240128, -0.010070481337606907, -0.9997641444206238, 1.5023365020751953], [0.5562412142753601, -0.8310175538063049, -0.0023339155595749617, -1.2103271484375], [0.0, 0.0, 0.0, 1.0]], [[0.9474451541900635, 0.3190995752811432, -0.022871213033795357, -1.1380615234375], [-0.010692838579416275, -0.03986481949687004, -0.9991478323936462, 1.5884971618652344], [-0.319739431142807, 0.9468823671340942, -0.034357648342847824, -0.10498046875], [0.0, 0.0, 0.0, 1.0]], [[0.0005533549119718373, 0.9995460510253906, -0.030124211683869362, 0.0028076171875], [-0.03603928163647652, -0.03008471243083477, -0.9988974332809448, 1.5783634185791016], [-0.9993502497673035, 0.0016383517067879438, 0.03600626811385155, -0.025634765625], [0.0, 0.0, 0.0, 1.0]], [[-0.9358576536178589, 0.3523721694946289, -0.0020815713796764612, 1.0892333984375], [-0.003382556838914752, -0.014890280552208424, -0.9998834133148193, 1.5512819290161133], [-0.3523620665073395, -0.9357415437698364, 0.015127100981771946, -0.08123779296875], [0.0, 0.0, 0.0, 1.0]]], "view": [[0.0, -2.0, 100.0], [-2.0, 0.0, 100.0], [0.0, 0.0, 1.0]], "bev": "bev_b8c2c0c99fa24096abb6537fe3bd5628.png", "aux": "aux_b8c2c0c99fa24096abb6537fe3bd5628.npz", "visibility": "visibility_b8c2c0c99fa24096abb6537fe3bd5628.png", "pose": [[-0.41972607374191284, -0.9076508283615112, 0.0, 558.9638671875], [0.9076508283615112, -0.41972607374191284, 0.0, 1663.2056884765625], [0.0, 0.0, 1.0, 0.0], [0.0, 0.0, 0.0, 1.0]], "pose_inverse": [[-0.41972607374191284, 0.9076508283615112, 0.0, -1274.998291015625], [-0.9076508283615112, -0.41972607374191284, 0.0, 1205.434814453125], [0.0, 0.0, 1.0, 0.0], [0.0, 0.0, 0.0, 1.0]], "cam_ids": [0, 1, 2, 3, 4, 5], "cam_channels": ["CAM_FRONT_LEFT", "CAM_FRONT", "CAM_FRONT_RIGHT", "CAM_BACK_LEFT", "CAM_BACK", "CAM_BACK_RIGHT"], "token": "b8c2c0c99fa24096abb6537fe3bd5628", "scene": "scene-0271"}, {"images": ["samples/CAM_FRONT_LEFT/n015-2018-07-11-11-54-16+0800__CAM_FRONT_LEFT__1531281616654844.jpg", "samples/CAM_FRONT/n015-2018-07-11-11-54-16+0800__CAM_FRONT__1531281616662460.jpg", "samples/CAM_FRONT_RIGHT/n015-2018-07-11-11-54-16+0800__CAM_FRONT_RIGHT__1531281616670339.jpg", "samples/CAM_BACK_LEFT/n015-2018-07-11-11-54-16+0800__CAM_BACK_LEFT__1531281616697423.jpg", "samples/CAM_BACK/n015-2018-07-11-11-54-16+0800__CAM_BACK__1531281616687525.jpg", "samples/CAM_BACK_RIGHT/n015-2018-07-11-11-54-16+0800__CAM_BACK_RIGHT__1531281616677893.jpg"], "intrinsics": [[[1272.5979470598488, 0.0, 826.6154927353808], [0.0, 1272.5979470598488, 479.75165386361925], [0.0, 0.0, 1.0]], [[1266.417203046554, 0.0, 816.2670197447984], [0.0, 1266.417203046554, 491.50706579294757], [0.0, 0.0, 1.0]], [[1260.8474446004698, 0.0, 807.968244525554], [0.0, 1260.8474446004698, 495.3344268742088], [0.0, 0.0, 1.0]], [[1256.7414812095406, 0.0, 792.1125740759628], [0.0, 1256.7414812095406, 492.7757465151356], [0.0, 0.0, 1.0]], [[809.2209905677063, 0.0, 829.2196003259838], [0.0, 809.2209905677063, 481.77842384512485], [0.0, 0.0, 1.0]], [[1259.5137405846733, 0.0, 807.2529053838625], [0.0, 1259.5137405846733, 501.19579884916527], [0.0, 0.0, 1.0]]], "extrinsics": [[[0.8218619227409363, -0.569628894329071, -0.008125008083879948, -0.875732421875], [-0.020833246409893036, -0.015799446031451225, -0.9996581077575684, 1.505986213684082], [0.5693057775497437, 0.821750283241272, -0.024852178990840912, -1.2183074951171875], [0.0, 0.0, 0.0, 1.0]], [[0.007652446627616882, -0.9997785091400146, 0.019605521112680435, 0.005615234375], [-0.026276538148522377, -0.019800376147031784, -0.9994586110115051, 1.518157958984375], [0.9996253848075867, 0.007133143953979015, -0.02642223611474037, -1.60205078125], [0.0, 0.0, 0.0, 1.0]], [[-0.8320618867874146, -0.554366409778595, 0.018735049292445183, 0.972869873046875], [-0.02084052935242653, -0.002507928991690278, -0.9997796416282654, 1.5021553039550781], [0.5542912483215332, -0.8322689533233643, -0.009466535411775112, -1.209228515625], [0.0, 0.0, 0.0, 1.0]], [[0.9474802613258362, 0.31902796030044556, -0.02241639234125614, -1.13787841796875], [-0.012638517655432224, -0.03268640115857124, -0.9993857145309448, 1.5884990692138672], [-0.31956472992897034, 0.9471815228462219, -0.026937678456306458, -0.105224609375], [0.0, 0.0, 0.0, 1.0]], [[0.0014838228235021234, 0.9997387528419495, -0.022811729460954666, 0.0029296875], [-0.03787589445710182, -0.02273920364677906, -0.9990236759185791, 1.5782642364501953], [-0.9992813467979431, 0.002346357796341181, 0.03783225268125534, -0.0269775390625], [0.0, 0.0, 0.0, 1.0]], [[-0.9352437853813171, 0.3539981245994568, 0.002120449673384428, 1.0869140625], [-0.005087800323963165, -0.007451933808624744, -0.9999592900276184, 1.55117928981781], [-0.35396793484687805, -0.93521648645401, 0.008770446293056011, -0.08245849609375], [0.0, 0.0, 0.0, 1.0]]], "view": [[0.0, -2.0, 100.0], [-2.0, 0.0, 100.0], [0.0, 0.0, 1.0]], "bev": "bev_8b52e309b5144f7880725db89ec38956.png", "aux": "aux_8b52e309b5144f7880725db89ec38956.npz", "visibility": "visibility_8b52e309b5144f7880725db89ec38956.png", "pose": [[-0.3859190344810486, -0.9225326776504517, 0.0, 558.4761962890625], [0.9225326776504517, -0.3859190344810486, 0.0, 1664.326171875], [0.0, 0.0, 1.0, 0.0], [0.0, 0.0, 0.0, 1.0]], "pose_inverse": [[-0.3859190344810486, 0.9225326776504517, 0.0, -1319.86865234375], [-0.9225326776504517, -0.3859190344810486, 0.0, 1157.5076904296875], [0.0, 0.0, 1.0, 0.0], [0.0, 0.0, 0.0, 1.0]], "cam_ids": [0, 1, 2, 3, 4, 5], "cam_channels": ["CAM_FRONT_LEFT", "CAM_FRONT", "CAM_FRONT_RIGHT", "CAM_BACK_LEFT", "CAM_BACK", "CAM_BACK_RIGHT"], "token": "8b52e309b5144f7880725db89ec38956", "scene": "scene-0271"}, {"images": ["samples/CAM_FRONT_LEFT/n015-2018-07-11-11-54-16+0800__CAM_FRONT_LEFT__1531281617154844.jpg", "samples/CAM_FRONT/n015-2018-07-11-11-54-16+0800__CAM_FRONT__1531281617162460.jpg", "samples/CAM_FRONT_RIGHT/n015-2018-07-11-11-54-16+0800__CAM_FRONT_RIGHT__1531281617170339.jpg", "samples/CAM_BACK_LEFT/n015-2018-07-11-11-54-16+0800__CAM_BACK_LEFT__1531281617197423.jpg", "samples/CAM_BACK/n015-2018-07-11-11-54-16+0800__CAM_BACK__1531281617187525.jpg", "samples/CAM_BACK_RIGHT/n015-2018-07-11-11-54-16+0800__CAM_BACK_RIGHT__1531281617177893.jpg"], "intrinsics": [[[1272.5979470598488, 0.0, 826.6154927353808], [0.0, 1272.5979470598488, 479.75165386361925], [0.0, 0.0, 1.0]], [[1266.417203046554, 0.0, 816.2670197447984], [0.0, 1266.417203046554, 491.50706579294757], [0.0, 0.0, 1.0]], [[1260.8474446004698, 0.0, 807.968244525554], [0.0, 1260.8474446004698, 495.3344268742088], [0.0, 0.0, 1.0]], [[1256.7414812095406, 0.0, 792.1125740759628], [0.0, 1256.7414812095406, 492.7757465151356], [0.0, 0.0, 1.0]], [[809.2209905677063, 0.0, 829.2196003259838], [0.0, 809.2209905677063, 481.77842384512485], [0.0, 0.0, 1.0]], [[1259.5137405846733, 0.0, 807.2529053838625], [0.0, 1259.5137405846733, 501.19579884916527], [0.0, 0.0, 1.0]]], "extrinsics": [[[0.8204922080039978, -0.5714305639266968, -0.016112759709358215, -0.8779296875], [-0.024953601881861687, -0.0076421648263931274, -0.9996594190597534, 1.5055999755859375], [0.5711128115653992, 0.8206148147583008, -0.02052958495914936, -1.2196044921875], [0.0, 0.0, 0.0, 1.0]], [[0.005830544512718916, -0.9999183416366577, 0.011375144124031067, 0.005615234375], [-0.030222492292523384, -0.011546345427632332, -0.9994764924049377, 1.5178813934326172], [0.9995261430740356, 0.00548367528244853, -0.03028734400868416, -1.6044921875], [0.0, 0.0, 0.0, 1.0]], [[-0.8327940106391907, -0.5533144474029541, 0.01724127307534218, 0.9752197265625], [-0.024563413113355637, 0.005820351652801037, -0.999681293964386, 1.5019569396972656], [0.5530377626419067, -0.8329521417617798, -0.018438443541526794, -1.21044921875], [0.0, 0.0, 0.0, 1.0]], [[0.9474765658378601, 0.3190314769744873, -0.022520018741488457, -1.13836669921875], [-0.015687674283981323, -0.023969650268554688, -0.9995896220207214, 1.5884928703308105], [-0.3194403350353241, 0.947441041469574, -0.017705818638205528, -0.1051025390625], [0.0, 0.0, 0.0, 1.0]], [[0.0020696886349469423, 0.999896228313446, -0.014258909039199352, 0.0028076171875], [-0.04117783531546593, -0.014161626808345318, -0.9990514516830444, 1.5782241821289062], [-0.9991496801376343, 0.0026548639871180058, 0.041144248098134995, -0.02587890625], [0.0, 0.0, 0.0, 1.0]], [[-0.9348375201225281, 0.35497602820396423, 0.008412719704210758, 1.0888671875], [-0.008629539050161839, 0.0009724155534058809, -0.9999622702598572, 1.5510149002075195], [-0.3549708127975464, -0.934874951839447, 0.0021542301401495934, -0.08148193359375], [0.0, 0.0, 0.0, 1.0]]], "view": [[0.0, -2.0, 100.0], [-2.0, 0.0, 100.0], [0.0, 0.0, 1.0]], "bev": "bev_54dd93feb4b34fc4b57470531bd79ff5.png", "aux": "aux_54dd93feb4b34fc4b57470531bd79ff5.npz", "visibility": "visibility_54dd93feb4b34fc4b57470531bd79ff5.png", "pose": [[-0.3771611750125885, -0.9261476397514343, 0.0, 557.99365234375], [0.9261476397514343, -0.3771611750125885, 0.0, 1665.50341796875], [0.0, 0.0, 1.0, 0.0], [0.0, 0.0, 0.0, 1.0]], "pose_inverse": [[-0.3771611750125885, 0.9261476397514343, 0.0, -1332.0484619140625], [-0.9261476397514343, -0.3771611750125885, 0.0, 1144.94775390625], [0.0, 0.0, 1.0, 0.0], [0.0, 0.0, 0.0, 1.0]], "cam_ids": [0, 1, 2, 3, 4, 5], "cam_channels": ["CAM_FRONT_LEFT", "CAM_FRONT", "CAM_FRONT_RIGHT", "CAM_BACK_LEFT", "CAM_BACK", "CAM_BACK_RIGHT"], "token": "54dd93feb4b34fc4b57470531bd79ff5", "scene": "scene-0271"}, {"images": ["samples/CAM_FRONT_LEFT/n015-2018-07-11-11-54-16+0800__CAM_FRONT_LEFT__1531281617654844.jpg", "samples/CAM_FRONT/n015-2018-07-11-11-54-16+0800__CAM_FRONT__1531281617662460.jpg", "samples/CAM_FRONT_RIGHT/n015-2018-07-11-11-54-16+0800__CAM_FRONT_RIGHT__1531281617670339.jpg", "samples/CAM_BACK_LEFT/n015-2018-07-11-11-54-16+0800__CAM_BACK_LEFT__1531281617697423.jpg", "samples/CAM_BACK/n015-2018-07-11-11-54-16+0800__CAM_BACK__1531281617687525.jpg", "samples/CAM_BACK_RIGHT/n015-2018-07-11-11-54-16+0800__CAM_BACK_RIGHT__1531281617677893.jpg"], "intrinsics": [[[1272.5979470598488, 0.0, 826.6154927353808], [0.0, 1272.5979470598488, 479.75165386361925], [0.0, 0.0, 1.0]], [[1266.417203046554, 0.0, 816.2670197447984], [0.0, 1266.417203046554, 491.50706579294757], [0.0, 0.0, 1.0]], [[1260.8474446004698, 0.0, 807.968244525554], [0.0, 1260.8474446004698, 495.3344268742088], [0.0, 0.0, 1.0]], [[1256.7414812095406, 0.0, 792.1125740759628], [0.0, 1256.7414812095406, 492.7757465151356], [0.0, 0.0, 1.0]], [[809.2209905677063, 0.0, 829.2196003259838], [0.0, 809.2209905677063, 481.77842384512485], [0.0, 0.0, 1.0]], [[1259.5137405846733, 0.0, 807.2529053838625], [0.0, 1259.5137405846733, 501.19579884916527], [0.0, 0.0, 1.0]]], "extrinsics": [[[0.8194114565849304, -0.5728347301483154, -0.02062397263944149, -0.8668212890625], [-0.023258214816451073, 0.0027237755712121725, -0.9997257590293884, 1.505462646484375], [0.5727337598800659, 0.8196663856506348, -0.011091220192611217, -1.2119903564453125], [0.0, 0.0, 0.0, 1.0]], [[0.004154461435973644, -0.9999907612800598, 0.0010604606941342354, 0.0054931640625], [-0.028521260246634483, -0.0011785300448536873, -0.9995925426483154, 1.5176963806152344], [0.9995845556259155, 0.004122557584196329, -0.02852589264512062, -1.5928955078125], [0.0, 0.0, 0.0, 1.0]], [[-0.8335778713226318, -0.5523096919059753, 0.010099668055772781, 0.966766357421875], [-0.02283153496682644, 0.016179600730538368, -0.9996083378791809, 1.5018463134765625], [0.5519300103187561, -0.833482027053833, -0.02609703317284584, -1.2049560546875], [0.0, 0.0, 0.0, 1.0]], [[0.9475839138031006, 0.3190073072910309, -0.017863666638731956, -1.1370849609375], [-0.014030483551323414, -0.014310077764093876, -0.9997991323471069, 1.5884792804718018], [-0.3191988170146942, 0.9476442337036133, -0.009084174409508705, -0.1055908203125], [0.0, 0.0, 0.0, 1.0]], [[0.002766834106296301, 0.9999886155128479, -0.0039027780294418335, 0.0028076171875], [-0.039499431848526, -0.0037904575001448393, -0.9992124438285828, 1.5780792236328125], [-0.999215841293335, 0.0029188364278525114, 0.03948849067091942, -0.0303955078125], [0.0, 0.0, 0.0, 1.0]], [[-0.9344732761383057, 0.3558788597583771, 0.010491378605365753, 1.0816650390625], [-0.006916330195963383, 0.011316577903926373, -0.9999120831489563, 1.5510425567626953], [-0.3559662699699402, -0.934463620185852, -0.008113664574921131, -0.084228515625], [0.0, 0.0, 0.0, 1.0]]], "view": [[0.0, -2.0, 100.0], [-2.0, 0.0, 100.0], [0.0, 0.0, 1.0]], "bev": "bev_7c3248a9f77341d2ba915b857bd8f287.png", "aux": "aux_7c3248a9f77341d2ba915b857bd8f287.npz", "visibility": "visibility_7c3248a9f77341d2ba915b857bd8f287.png", "pose": [[-0.39215460419654846, -0.9198993444442749, 0.0, 557.4968872070312], [0.9198993444442749, -0.39215460419654846, 0.0, 1666.7022705078125], [0.0, 0.0, 1.0, 0.0], [0.0, 0.0, 0.0, 1.0]], "pose_inverse": [[-0.39215460419654846, 0.9198993444442749, 0.0, -1314.5733642578125], [-0.9198993444442749, -0.39215460419654846, 0.0, 1166.4459228515625], [0.0, 0.0, 1.0, 0.0], [0.0, 0.0, 0.0, 1.0]], "cam_ids": [0, 1, 2, 3, 4, 5], "cam_channels": ["CAM_FRONT_LEFT", "CAM_FRONT", "CAM_FRONT_RIGHT", "CAM_BACK_LEFT", "CAM_BACK", "CAM_BACK_RIGHT"], "token": "7c3248a9f77341d2ba915b857bd8f287", "scene": "scene-0271"}, {"images": ["samples/CAM_FRONT_LEFT/n015-2018-07-11-11-54-16+0800__CAM_FRONT_LEFT__1531281618154844.jpg", "samples/CAM_FRONT/n015-2018-07-11-11-54-16+0800__CAM_FRONT__1531281618162460.jpg", "samples/CAM_FRONT_RIGHT/n015-2018-07-11-11-54-16+0800__CAM_FRONT_RIGHT__1531281618170339.jpg", "samples/CAM_BACK_LEFT/n015-2018-07-11-11-54-16+0800__CAM_BACK_LEFT__1531281618197423.jpg", "samples/CAM_BACK/n015-2018-07-11-11-54-16+0800__CAM_BACK__1531281618187525.jpg", "samples/CAM_BACK_RIGHT/n015-2018-07-11-11-54-16+0800__CAM_BACK_RIGHT__1531281618177893.jpg"], "intrinsics": [[[1272.5979470598488, 0.0, 826.6154927353808], [0.0, 1272.5979470598488, 479.75165386361925], [0.0, 0.0, 1.0]], [[1266.417203046554, 0.0, 816.2670197447984], [0.0, 1266.417203046554, 491.50706579294757], [0.0, 0.0, 1.0]], [[1260.8474446004698, 0.0, 807.968244525554], [0.0, 1260.8474446004698, 495.3344268742088], [0.0, 0.0, 1.0]], [[1256.7414812095406, 0.0, 792.1125740759628], [0.0, 1256.7414812095406, 492.7757465151356], [0.0, 0.0, 1.0]], [[809.2209905677063, 0.0, 829.2196003259838], [0.0, 809.2209905677063, 481.77842384512485], [0.0, 0.0, 1.0]], [[1259.5137405846733, 0.0, 807.2529053838625], [0.0, 1259.5137405846733, 501.19579884916527], [0.0, 0.0, 1.0]]], "extrinsics": [[[0.8179636597633362, -0.5748977065086365, -0.020688053220510483, -0.850830078125], [-0.02286910079419613, 0.003437875071540475, -0.9997325539588928, 1.50506591796875], [0.574815034866333, 0.8182179927825928, -0.010335336439311504, -1.200836181640625], [0.0, 0.0, 0.0, 1.0]], [[0.0020881143864244223, -0.999997615814209, 0.0006608862895518541, 0.0059814453125], [-0.02818584255874157, -0.0007194798090495169, -0.9996024966239929, 1.5172843933105469], [0.9996004700660706, 0.0020686807110905647, -0.028187274932861328, -1.5771484375], [0.0, 0.0, 0.0, 1.0]], [[-0.8344582915306091, -0.5509868264198303, 0.009632708504796028, 0.95703125], [-0.022509796544909477, 0.016614826396107674, -0.9996085166931152, 1.5015907287597656], [0.5506110787391663, -0.8343484997749329, -0.026266980916261673, -1.1982421875], [0.0, 0.0, 0.0, 1.0]], [[0.9476373195648193, 0.31886130571365356, -0.017634766176342964, -1.13653564453125], [-0.013927951455116272, -0.01390167511999607, -0.99980628490448, 1.5884737968444824], [-0.31904464960098267, 0.9476994276046753, -0.008732662536203861, -0.105712890625], [0.0, 0.0, 0.0, 1.0]], [[0.0034048359375447035, 0.9999858140945435, -0.004093042109161615, 0.002685546875], [-0.039327625185251236, -0.003955995664000511, -0.9992185235023499, 1.5779075622558594], [-0.9992205500602722, 0.0035631547216326, 0.03931359574198723, -0.03515625], [0.0, 0.0, 0.0, 1.0]], [[-0.9340580701828003, 0.3569721281528473, 0.010317220352590084, 1.0732421875], [-0.0066616954281926155, 0.011468403041362762, -0.9999120831489563, 1.5509986877441406], [-0.3570590913295746, -0.9340446591377258, -0.008334117010235786, -0.087158203125], [0.0, 0.0, 0.0, 1.0]]], "view": [[0.0, -2.0, 100.0], [-2.0, 0.0, 100.0], [0.0, 0.0, 1.0]], "bev": "bev_9f5b95a0bb20428188d4abae6a0579d1.png", "aux": "aux_9f5b95a0bb20428188d4abae6a0579d1.npz", "visibility": "visibility_9f5b95a0bb20428188d4abae6a0579d1.png", "pose": [[-0.42810672521591187, -0.903728187084198, 0.0, 556.9110717773438], [0.903728187084198, -0.42810672521591187, 0.0, 1668.016845703125], [0.0, 0.0, 1.0, 0.0], [0.0, 0.0, 0.0, 1.0]], "pose_inverse": [[-0.42810672521591187, 0.903728187084198, 0.0, -1269.0164794921875], [-0.903728187084198, -0.42810672521591187, 0.0, 1217.385498046875], [0.0, 0.0, 1.0, 0.0], [0.0, 0.0, 0.0, 1.0]], "cam_ids": [0, 1, 2, 3, 4, 5], "cam_channels": ["CAM_FRONT_LEFT", "CAM_FRONT", "CAM_FRONT_RIGHT", "CAM_BACK_LEFT", "CAM_BACK", "CAM_BACK_RIGHT"], "token": "9f5b95a0bb20428188d4abae6a0579d1", "scene": "scene-0271"}, {"images": ["samples/CAM_FRONT_LEFT/n015-2018-07-11-11-54-16+0800__CAM_FRONT_LEFT__1531281618654844.jpg", "samples/CAM_FRONT/n015-2018-07-11-11-54-16+0800__CAM_FRONT__1531281618662460.jpg", "samples/CAM_FRONT_RIGHT/n015-2018-07-11-11-54-16+0800__CAM_FRONT_RIGHT__1531281618670339.jpg", "samples/CAM_BACK_LEFT/n015-2018-07-11-11-54-16+0800__CAM_BACK_LEFT__1531281618697423.jpg", "samples/CAM_BACK/n015-2018-07-11-11-54-16+0800__CAM_BACK__1531281618687525.jpg", "samples/CAM_BACK_RIGHT/n015-2018-07-11-11-54-16+0800__CAM_BACK_RIGHT__1531281618677893.jpg"], "intrinsics": [[[1272.5979470598488, 0.0, 826.6154927353808], [0.0, 1272.5979470598488, 479.75165386361925], [0.0, 0.0, 1.0]], [[1266.417203046554, 0.0, 816.2670197447984], [0.0, 1266.417203046554, 491.50706579294757], [0.0, 0.0, 1.0]], [[1260.8474446004698, 0.0, 807.968244525554], [0.0, 1260.8474446004698, 495.3344268742088], [0.0, 0.0, 1.0]], [[1256.7414812095406, 0.0, 792.1125740759628], [0.0, 1256.7414812095406, 492.7757465151356], [0.0, 0.0, 1.0]], [[809.2209905677063, 0.0, 829.2196003259838], [0.0, 809.2209905677063, 481.77842384512485], [0.0, 0.0, 1.0]], [[1259.5137405846733, 0.0, 807.2529053838625], [0.0, 1259.5137405846733, 501.19579884916527], [0.0, 0.0, 1.0]]], "extrinsics": [[[0.8178285956382751, -0.5749891996383667, -0.023321138694882393, -0.841064453125], [-0.024727920070290565, 0.0053748320788145065, -0.9996797442436218, 1.5045242309570312], [0.5749303698539734, 0.818143367767334, -0.009822594001889229, -1.19525146484375], [0.0, 0.0, 0.0, 1.0]], [[0.0019207739969715476, -0.999997079372406, -0.0014422754757106304, 0.006591796875], [-0.030042309314012527, 0.001383922528475523, -0.9995477199554443, 1.5167808532714844], [0.9995467066764832, 0.0019632529001682997, -0.03003956563770771, -1.5675048828125], [0.0, 0.0, 0.0, 1.0]], [[-0.8345260620117188, -0.5508762001991272, 0.010081419721245766, 0.95062255859375], [-0.024378707632422447, 0.018639395013451576, -0.9995290040969849, 1.501220703125], [0.5504287481307983, -0.8343788385391235, -0.028984710574150085, -1.193359375], [0.0, 0.0, 0.0, 1.0]], [[0.9476205706596375, 0.3188532888889313, -0.018645765259861946, -1.134765625], [-0.015784336254000664, -0.011555889621376991, -0.9998086094856262, 1.5884289741516113], [-0.31900766491889954, 0.9477335810661316, -0.005917713046073914, -0.106201171875], [0.0, 0.0, 0.0, 1.0]], [[0.003504466498270631, 0.999992370605468