[{"images": ["samples/CAM_FRONT_LEFT/n015-2018-09-26-11-17-24+0800__CAM_FRONT_LEFT__1537932319354855.jpg", "samples/CAM_FRONT/n015-2018-09-26-11-17-24+0800__CAM_FRONT__1537932319362460.jpg", "samples/CAM_FRONT_RIGHT/n015-2018-09-26-11-17-24+0800__CAM_FRONT_RIGHT__1537932319370339.jpg", "samples/CAM_BACK_LEFT/n015-2018-09-26-11-17-24+0800__CAM_BACK_LEFT__1537932319397423.jpg", "samples/CAM_BACK/n015-2018-09-26-11-17-24+0800__CAM_BACK__1537932319387525.jpg", "samples/CAM_BACK_RIGHT/n015-2018-09-26-11-17-24+0800__CAM_BACK_RIGHT__1537932319377893.jpg"], "intrinsics": [[[1272.5979470598488, 0.0, 826.6154927353808], [0.0, 1272.5979470598488, 479.75165386361925], [0.0, 0.0, 1.0]], [[1266.417203046554, 0.0, 816.2670197447984], [0.0, 1266.417203046554, 491.50706579294757], [0.0, 0.0, 1.0]], [[1260.8474446004698, 0.0, 807.968244525554], [0.0, 1260.8474446004698, 495.3344268742088], [0.0, 0.0, 1.0]], [[1256.7414812095406, 0.0, 792.1125740759628], [0.0, 1256.7414812095406, 492.7757465151356], [0.0, 0.0, 1.0]], [[809.2209905677063, 0.0, 829.2196003259838], [0.0, 809.2209905677063, 481.77842384512485], [0.0, 0.0, 1.0]], [[1259.5137405846733, 0.0, 807.2529053838625], [0.0, 1259.5137405846733, 501.19579884916527], [0.0, 0.0, 1.0]]], "extrinsics": [[[0.8212165832519531, -0.5699279308319092, 0.028025515377521515, -0.7158203125], [0.00917117390781641, -0.035925108939409256, -0.9993124008178711, 1.5110893249511719], [0.5705429315567017, 0.8209089636802673, -0.024275386705994606, -1.109619140625], [0.0, 0.0, 0.0, 1.0]], [[0.006291710771620274, -0.9991804957389832, 0.03998211398720741, 0.00830078125], [0.003966469317674637, -0.03995765745639801, -0.999193549156189, 1.521575927734375], [0.9999722838401794, 0.006445244885981083, 0.0037118152249604464, -1.4451446533203125], [0.0, 0.0, 0.0, 1.0]], [[-0.8325867056846619, -0.5538760423660278, 0.004540283232927322, 0.8743896484375], [0.009649180807173252, -0.022699447348713875, -0.9996957182884216, 1.5055122375488281], [0.5538105368614197, -0.8322896361351013, 0.024243710562586784, -1.14208984375], [0.0, 0.0, 0.0, 1.0]], [[0.9478312134742737, 0.3187716007232666, 0.0007244277512654662, -1.1466064453125], [0.018531177192926407, -0.052831362932920456, -0.9984315037727356, 1.5884628295898438], [-0.3182333707809448, 0.9463580250740051, -0.05598243325948715, -0.1021728515625], [0.0, 0.0, 0.0, 1.0]], [[0.0025677632074803114, 0.9990748167037964, -0.04292804002761841, 0.00244140625], [-0.006946994457393885, -0.04290932044386864, -0.9990547895431519, 1.57891845703125], [-0.9999725818634033, 0.002863567089661956, 0.006830383557826281, -0.06514739990234375], [0.0, 0.0, 0.0, 1.0]], [[-0.9346872568130493, 0.3538667857646942, -0.03373619541525841, 1.008544921875], [0.02560167945921421, -0.027645092457532883, -0.9992899298667908, 1.554962158203125], [-0.3545481562614441, -0.9348872303962708, 0.016779925674200058, -0.111083984375], [0.0, 0.0, 0.0, 1.0]]], "view": [[0.0, -2.0, 100.0], [-2.0, 0.0, 100.0], [0.0, 0.0, 1.0]], "bev": "bev_5b1f195a7231403f90dc3d7908de10b7.png", "aux": "aux_5b1f195a7231403f90dc3d7908de10b7.npz", "visibility": "visibility_5b1f195a7231403f90dc3d7908de10b7.png", "pose": [[0.8838006854057312, 0.4678635597229004, 0.0, 888.4354858398438], [-0.4678635597229004, 0.8838006854057312, 0.0, 1410.8994140625], [0.0, 0.0, 1.0, 0.0], [0.0, 0.0, 0.0, 1.0]], "pose_inverse": [[0.8838006854057312, -0.4678635597229004, 0.0, -125.09149169921875], [0.4678635597229004, 0.8838006854057312, 0.0, -1662.6204833984375], [0.0, 0.0, 1.0, 0.0], [0.0, 0.0, 0.0, 1.0]], "cam_ids": [0, 1, 2, 3, 4, 5], "cam_channels": ["CAM_FRONT_LEFT", "CAM_FRONT", "CAM_FRONT_RIGHT", "CAM_BACK_LEFT", "CAM_BACK", "CAM_BACK_RIGHT"], "token": "5b1f195a7231403f90dc3d7908de10b7", "scene": "scene-0961"}, {"images": ["samples/CAM_FRONT_LEFT/n015-2018-09-26-11-17-24+0800__CAM_FRONT_LEFT__1537932319854844.jpg", "samples/CAM_FRONT/n015-2018-09-26-11-17-24+0800__CAM_FRONT__1537932319862460.jpg", "samples/CAM_FRONT_RIGHT/n015-2018-09-26-11-17-24+0800__CAM_FRONT_RIGHT__1537932319870339.jpg", "samples/CAM_BACK_LEFT/n015-2018-09-26-11-17-24+0800__CAM_BACK_LEFT__1537932319897423.jpg", "samples/CAM_BACK/n015-2018-09-26-11-17-24+0800__CAM_BACK__1537932319887525.jpg", "samples/CAM_BACK_RIGHT/n015-2018-09-26-11-17-24+0800__CAM_BACK_RIGHT__1537932319877893.jpg"], "intrinsics": [[[1272.5979470598488, 0.0, 826.6154927353808], [0.0, 1272.5979470598488, 479.75165386361925], [0.0, 0.0, 1.0]], [[1266.417203046554, 0.0, 816.2670197447984], [0.0, 1266.417203046554, 491.50706579294757], [0.0, 0.0, 1.0]], [[1260.8474446004698, 0.0, 807.968244525554], [0.0, 1260.8474446004698, 495.3344268742088], [0.0, 0.0, 1.0]], [[1256.7414812095406, 0.0, 792.1125740759628], [0.0, 1256.7414812095406, 492.7757465151356], [0.0, 0.0, 1.0]], [[809.2209905677063, 0.0, 829.2196003259838], [0.0, 809.2209905677063, 481.77842384512485], [0.0, 0.0, 1.0]], [[1259.5137405846733, 0.0, 807.2529053838625], [0.0, 1259.5137405846733, 501.19579884916527], [0.0, 0.0, 1.0]]], "extrinsics": [[[0.821614682674408, -0.569267988204956, 0.029720112681388855, -0.7147216796875], [0.011875518597662449, -0.035032134503126144, -0.999315619468689, 1.51190185546875], [0.5699195265769958, 0.821405291557312, -0.022022563964128494, -1.1085205078125], [0.0, 0.0, 0.0, 1.0]], [[0.006969253066927195, -0.9992080330848694, 0.03917551785707474, 0.0081787109375], [0.006575633771717548, -0.0391298346221447, -0.9992125630378723, 1.522216796875], [0.999954104423523, 0.007221384905278683, 0.006297718267887831, -1.4432144165039062], [0.0, 0.0, 0.0, 1.0]], [[-0.8321934938430786, -0.5544816255569458, 0.002045866334810853, 0.8726806640625], [0.01215347833931446, -0.021929075941443443, -0.9996856451034546, 1.5060157775878906], [0.5543521642684937, -0.8319070339202881, 0.02498811110854149, -1.140625], [0.0, 0.0, 0.0, 1.0]], [[0.9477765560150146, 0.31891992688179016, 0.0030982159078121185, -1.1468505859375], [0.020838160067796707, -0.0522281788289547, -0.9984177350997925, 1.5884552001953125], [-0.31825345754623413, 0.9463415741920471, -0.056146349757909775, -0.1021728515625], [0.0, 0.0, 0.0, 1.0]], [[0.0023674778640270233, 0.9991044402122498, -0.04224735125899315, 0.00244140625], [-0.0045965551398694515, -0.042236149311065674, -0.9990971088409424, 1.5790786743164062], [-0.9999865889549255, 0.0025595182087272406, 0.004492445848882198, -0.06529998779296875], [0.0, 0.0, 0.0, 1.0]], [[-0.934794008731842, 0.3533885180950165, -0.035730618983507156, 1.0072021484375], [0.02802145853638649, -0.02690906636416912, -0.9992451071739197, 1.555328369140625], [-0.35408321022987366, -0.9350895881652832, 0.01525197271257639, -0.1112060546875], [0.0, 0.0, 0.0, 1.0]]], "view": [[0.0, -2.0, 100.0], [-2.0, 0.0, 100.0], [0.0, 0.0, 1.0]], "bev": "bev_90c389eae9c44cdb98d145fa7282946b.png", "aux": "aux_90c389eae9c44cdb98d145fa7282946b.npz", "visibility": "visibility_90c389eae9c44cdb98d145fa7282946b.png", "pose": [[0.8740257620811462, 0.4858796298503876, 0.0, 891.5714111328125], [-0.4858796298503876, 0.8740257620811462, 0.0, 1409.1776123046875], [0.0, 0.0, 1.0, 0.0], [0.0, 0.0, 0.0, 1.0]], "pose_inverse": [[0.8740257620811462, -0.4858796298503876, 0.0, -94.56568908691406], [0.4858796298503876, 0.8740257620811462, 0.0, -1664.8538818359375], [0.0, 0.0, 1.0, 0.0], [0.0, 0.0, 0.0, 1.0]], "cam_ids": [0, 1, 2, 3, 4, 5], "cam_channels": ["CAM_FRONT_LEFT", "CAM_FRONT", "CAM_FRONT_RIGHT", "CAM_BACK_LEFT", "CAM_BACK", "CAM_BACK_RIGHT"], "token": "90c389eae9c44cdb98d145fa7282946b", "scene": "scene-0961"}, {"images": ["samples/CAM_FRONT_LEFT/n015-2018-09-26-11-17-24+0800__CAM_FRONT_LEFT__1537932320354844.jpg", "samples/CAM_FRONT/n015-2018-09-26-11-17-24+0800__CAM_FRONT__1537932320362460.jpg", "samples/CAM_FRONT_RIGHT/n015-2018-09-26-11-17-24+0800__CAM_FRONT_RIGHT__1537932320370339.jpg", "samples/CAM_BACK_LEFT/n015-2018-09-26-11-17-24+0800__CAM_BACK_LEFT__1537932320397423.jpg", "samples/CAM_BACK/n015-2018-09-26-11-17-24+0800__CAM_BACK__1537932320387525.jpg", "samples/CAM_BACK_RIGHT/n015-2018-09-26-11-17-24+0800__CAM_BACK_RIGHT__1537932320377893.jpg"], "intrinsics": [[[1272.5979470598488, 0.0, 826.6154927353808], [0.0, 1272.5979470598488, 479.75165386361925], [0.0, 0.0, 1.0]], [[1266.417203046554, 0.0, 816.2670197447984], [0.0, 1266.417203046554, 491.50706579294757], [0.0, 0.0, 1.0]], [[1260.8474446004698, 0.0, 807.968244525554], [0.0, 1260.8474446004698, 495.3344268742088], [0.0, 0.0, 1.0]], [[1256.7414812095406, 0.0, 792.1125740759628], [0.0, 1256.7414812095406, 492.7757465151356], [0.0, 0.0, 1.0]], [[809.2209905677063, 0.0, 829.2196003259838], [0.0, 809.2209905677063, 481.77842384512485], [0.0, 0.0, 1.0]], [[1259.5137405846733, 0.0, 807.2529053838625], [0.0, 1259.5137405846733, 501.19579884916527], [0.0, 0.0, 1.0]]], "extrinsics": [[[0.8214989900588989, -0.569529116153717, 0.027857905253767967, -0.71868896484375], [0.010992953553795815, -0.033027857542037964, -0.9993939399719238, 1.5115547180175781], [0.5701040029525757, 0.821307361125946, -0.020871544256806374, -1.1099853515625], [0.0, 0.0, 0.0, 1.0]], [[0.006711731664836407, -0.9992878437042236, 0.03713035583496094, 0.007080078125], [0.0056617604568600655, -0.037092626094818115, -0.9992958307266235, 1.5219383239746094], [0.9999614357948303, 0.006917295046150684, 0.005408771801739931, -1.4472579956054688], [0.0, 0.0, 0.0, 1.0]], [[-0.8323795795440674, -0.554203450679779, 0.001685570226982236, 0.87554931640625], [0.01121462881565094, -0.019884321838617325, -0.9997393488883972, 1.5057640075683594], [0.5540924668312073, -0.8321437835693359, 0.022766491398215294, -1.1439208984375], [0.0, 0.0, 0.0, 1.0]], [[0.9477969408035278, 0.31886330246925354, 0.0026853664312511683, -1.14727783203125], [0.019759686663746834, -0.05032479390501976, -0.9985374212265015, 1.58843994140625], [-0.3182618319988251, 0.9464637637138367, -0.053998321294784546, -0.10205078125], [0.0, 0.0, 0.0, 1.0]], [[0.0024540971498936415, 0.9991863369941711, -0.04025833681225777, 0.0029296875], [-0.005618723575025797, -0.04024404287338257, -0.9991740584373474, 1.5790023803710938], [-0.9999812841415405, 0.002678247634321451, 0.005515386816114187, -0.06355667114257812], [0.0, 0.0, 0.0, 1.0]], [[-0.934740424156189, 0.3536904752254486, -0.03410869836807251, 1.01043701171875], [0.027051860466599464, -0.024878231808543205, -0.9993244409561157, 1.5550880432128906], [-0.35430005192756653, -0.9350316524505615, 0.013686700724065304, -0.1109619140625], [0.0, 0.0, 0.0, 1.0]]], "view": [[0.0, -2.0, 100.0], [-2.0, 0.0, 100.0], [0.0, 0.0, 1.0]], "bev": "bev_0cf9b86c28ac40bca507681062f88f43.png", "aux": "aux_0cf9b86c28ac40bca507681062f88f43.npz", "visibility": "visibility_0cf9b86c28ac40bca507681062f88f43.png", "pose": [[0.8642488121986389, 0.5030646324157715, 0.0, 894.6771240234375], [-0.5030646324157715, 0.8642488121986389, 0.0, 1407.3961181640625], [0.0, 0.0, 1.0, 0.0], [0.0, 0.0, 0.0, 1.0]], "pose_inverse": [[0.8642488121986389, -0.5030646324157715, 0.0, -65.21239471435547], [0.5030646324157715, 0.8642488121986389, 0.0, -1666.4207763671875], [0.0, 0.0, 1.0, 0.0], [0.0, 0.0, 0.0, 1.0]], "cam_ids": [0, 1, 2, 3, 4, 5], "cam_channels": ["CAM_FRONT_LEFT", "CAM_FRONT", "CAM_FRONT_RIGHT", "CAM_BACK_LEFT", "CAM_BACK", "CAM_BACK_RIGHT"], "token": "0cf9b86c28ac40bca507681062f88f43", "scene": "scene-0961"}, {"images": ["samples/CAM_FRONT_LEFT/n015-2018-09-26-11-17-24+0800__CAM_FRONT_LEFT__1537932320854844.jpg", "samples/CAM_FRONT/n015-2018-09-26-11-17-24+0800__CAM_FRONT__1537932320862460.jpg", "samples/CAM_FRONT_RIGHT/n015-2018-09-26-11-17-24+0800__CAM_FRONT_RIGHT__1537932320870339.jpg", "samples/CAM_BACK_LEFT/n015-2018-09-26-11-17-24+0800__CAM_BACK_LEFT__1537932320897424.jpg", "samples/CAM_BACK/n015-2018-09-26-11-17-24+0800__CAM_BACK__1537932320887525.jpg", "samples/CAM_BACK_RIGHT/n015-2018-09-26-11-17-24+0800__CAM_BACK_RIGHT__1537932320877893.jpg"], "intrinsics": [[[1272.5979470598488, 0.0, 826.6154927353808], [0.0, 1272.5979470598488, 479.75165386361925], [0.0, 0.0, 1.0]], [[1266.417203046554, 0.0, 816.2670197447984], [0.0, 1266.417203046554, 491.50706579294757], [0.0, 0.0, 1.0]], [[1260.8474446004698, 0.0, 807.968244525554], [0.0, 1260.8474446004698, 495.3344268742088], [0.0, 0.0, 1.0]], [[1256.7414812095406, 0.0, 792.1125740759628], [0.0, 1256.7414812095406, 492.7757465151356], [0.0, 0.0, 1.0]], [[809.2209905677063, 0.0, 829.2196003259838], [0.0, 809.2209905677063, 481.77842384512485], [0.0, 0.0, 1.0]], [[1259.5137405846733, 0.0, 807.2529053838625], [0.0, 1259.5137405846733, 501.19579884916527], [0.0, 0.0, 1.0]]], "extrinsics": [[[0.8210533857345581, -0.5701268315315247, 0.02875363826751709, -0.716796875], [0.011245835572481155, -0.03420564904808998, -0.9993515014648438, 1.5116806030273438], [0.5707406997680664, 0.820844292640686, -0.021673114970326424, -1.1092529296875], [0.0, 0.0, 0.0, 1.0]], [[0.005879274103790522, -0.9992489218711853, 0.03830088675022125, 0.007080078125], [0.0058988709934055805, -0.03826622664928436, -0.9992501735687256, 1.5220108032226562], [0.9999653697013855, 0.006100733298808336, 0.005669462960213423, -1.4451980590820312], [0.0, 0.0, 0.0, 1.0]], [[-0.8328550457954407, -0.5534870028495789, 0.0021550210658460855, 0.87322998046875], [0.011445910669863224, -0.02111554890871048, -0.9997114539146423, 1.5058212280273438], [0.5533728003501892, -0.8325901031494141, 0.023921355605125427, -1.1431884765625], [0.0, 0.0, 0.0, 1.0]], [[0.9477906823158264, 0.3188846707344055, 0.0022972826845943928, -1.14886474609375], [0.019861562177538872, -0.05183962732553482, -0.9984578490257263, 1.5884170532226562], [-0.3182738423347473, 0.9463747143745422, -0.0554666593670845, -0.1016845703125], [0.0, 0.0, 0.0, 1.0]], [[0.002785458927974105, 0.9991277456283569, -0.04166727885603905, 0.003173828125], [-0.005457618273794651, -0.04165162891149521, -0.9991173148155212, 1.5789947509765625], [-0.9999812841415405, 0.0030103737954050303, 0.005336837377399206, -0.06360626220703125], [0.0, 0.0, 0.0, 1.0]], [[-0.9345120787620544, 0.3542281687259674, -0.03477730602025986, 1.00927734375], [0.02725948765873909, -0.02619251422584057, -0.9992851614952087, 1.555145263671875], [-0.35488590598106384, -0.9347921013832092, 0.014821141958236694, -0.1119384765625], [0.0, 0.0, 0.0, 1.0]]], "view": [[0.0, -2.0, 100.0], [-2.0, 0.0, 100.0], [0.0, 0.0, 1.0]], "bev": "bev_4a1da2f0a0b242c89eadbbe08d112023.png", "aux": "aux_4a1da2f0a0b242c89eadbbe08d112023.npz", "visibility": "visibility_4a1da2f0a0b242c89eadbbe08d112023.png", "pose": [[0.853218138217926, 0.5215542316436768, 0.0, 897.751220703125], [-0.5215542316436768, 0.853218138217926, 0.0, 1405.5386962890625], [0.0, 0.0, 1.0, 0.0], [0.0, 0.0, 0.0, 1.0]], "pose_inverse": [[0.853218138217926, -0.5215542316436768, 0.0, -32.91293716430664], [0.5215542316436768, 0.853218138217926, 0.0, -1667.45703125], [0.0, 0.0, 1.0, 0.0], [0.0, 0.0, 0.0, 1.0]], "cam_ids": [0, 1, 2, 3, 4, 5], "cam_channels": ["CAM_FRONT_LEFT", "CAM_FRONT", "CAM_FRONT_RIGHT", "CAM_BACK_LEFT", "CAM_BACK", "CAM_BACK_RIGHT"], "token": "4a1da2f0a0b242c89eadbbe08d112023", "scene": "scene-0961"}, {"images": ["samples/CAM_FRONT_LEFT/n015-2018-09-26-11-17-24+0800__CAM_FRONT_LEFT__1537932321354844.jpg", "samples/CAM_FRONT/n015-2018-09-26-11-17-24+0800__CAM_FRONT__1537932321362460.jpg", "samples/CAM_FRONT_RIGHT/n015-2018-09-26-11-17-24+0800__CAM_FRONT_RIGHT__1537932321370339.jpg", "samples/CAM_BACK_LEFT/n015-2018-09-26-11-17-24+0800__CAM_BACK_LEFT__1537932321397423.jpg", "samples/CAM_BACK/n015-2018-09-26-11-17-24+0800__CAM_BACK__1537932321387525.jpg", "samples/CAM_BACK_RIGHT/n015-2018-09-26-11-17-24+0800__CAM_BACK_RIGHT__1537932321377893.jpg"], "intrinsics": [[[1272.5979470598488, 0.0, 826.6154927353808], [0.0, 1272.5979470598488, 479.75165386361925], [0.0, 0.0, 1.0]], [[1266.417203046554, 0.0, 816.2670197447984], [0.0, 1266.417203046554, 491.50706579294757], [0.0, 0.0, 1.0]], [[1260.8474446004698, 0.0, 807.968244525554], [0.0, 1260.8474446004698, 495.3344268742088], [0.0, 0.0, 1.0]], [[1256.7414812095406, 0.0, 792.1125740759628], [0.0, 1256.7414812095406, 492.7757465151356], [0.0, 0.0, 1.0]], [[809.2209905677063, 0.0, 829.2196003259838], [0.0, 809.2209905677063, 481.77842384512485], [0.0, 0.0, 1.0]], [[1259.5137405846733, 0.0, 807.2529053838625], [0.0, 1259.5137405846733, 501.19579884916527], [0.0, 0.0, 1.0]]], "extrinsics": [[[0.8208858966827393, -0.5703373551368713, 0.029354242607951164, -0.72552490234375], [0.011215689592063427, -0.0352901816368103, -0.9993141293525696, 1.5115432739257812], [0.570982038974762, 0.8206521272659302, -0.022572485730051994, -1.11474609375], [0.0, 0.0, 0.0, 1.0]], [[0.005750058218836784, -0.9992092847824097, 0.039341263473033905, 0.0068359375], [0.0059129330329597, -0.039307259023189545, -0.9992097020149231, 1.5219497680664062], [0.999966025352478, 0.005978074390441179, 0.005682236514985561, -1.4553775787353516], [0.0, 0.0, 0.0, 1.0]], [[-0.8328401446342468, -0.5535072684288025, 0.0026270693633705378, 0.881591796875], [0.011504213325679302, -0.022054683417081833, -0.9996905326843262, 1.5057411193847656], [0.5533939003944397, -0.8325522541999817, 0.024735696613788605, -1.1480712890625], [0.0, 0.0, 0.0, 1.0]], [[0.9477964639663696, 0.31886783242225647, 0.0022594474721699953, -1.1490478515625], [0.020007608458399773, -0.0523955263197422, -0.9984259605407715, 1.588409423828125], [-0.318247526884079, 0.9463497996330261, -0.05604007840156555, -0.1014404296875], [0.0, 0.0, 0.0, 1.0]], [[0.0027927078772336245, 0.9990982413291931, -0.042367421090602875, 0.0028076171875], [-0.005330859683454037, -0.042352113872766495, -0.9990885257720947, 1.57904052734375], [-0.9999818801879883, 0.0030160436872392893, 0.0052077737636864185, -0.05978584289550781], [0.0, 0.0, 0.0, 1.0]], [[-0.9345138072967529, 0.35418567061424255, -0.035160183906555176, 1.015869140625], [0.027353454381227493, -0.02702535130083561, -0.999260425567627, 1.5549812316894531], [-0.3548738956451416, -0.9347845315933228, 0.015567364171147346, -0.109130859375], [0.0, 0.0, 0.0, 1.0]]], "view": [[0.0, -2.0, 100.0], [-2.0, 0.0, 100.0], [0.0, 0.0, 1.0]], "bev": "bev_3d9227ef759a4dfd92f235a9d045ad54.png", "aux": "aux_3d9227ef759a4dfd92f235a9d045ad54.npz", "visibility": "visibility_3d9227ef759a4dfd92f235a9d045ad54.png", "pose": [[0.8464401364326477, 0.5324838757514954, 0.0, 900.7778930664062], [-0.5324838757514954, 0.8464401364326477, 0.0, 1403.6385498046875], [0.0, 0.0, 1.0, 0.0], [0.0, 0.0, 0.0, 1.0]], "pose_inverse": [[0.8464401364326477, -0.5324838757514954, 0.0, -15.039652824401855], [0.5324838757514954, 0.8464401364326477, 0.0, -1667.7457275390625], [0.0, 0.0, 1.0, 0.0], [0.0, 0.0, 0.0, 1.0]], "cam_ids": [0, 1, 2, 3, 4, 5], "cam_channels": ["CAM_FRONT_LEFT", "CAM_FRONT", "CAM_FRONT_RIGHT", "CAM_BACK_LEFT", "CAM_BACK", "CAM_BACK_RIGHT"], "token": "3d9227ef759a4dfd92f235a9d045ad54", "scene": "scene-0961"}, {"images": ["samples/CAM_FRONT_LEFT/n015-2018-09-26-11-17-24+0800__CAM_FRONT_LEFT__1537932321904844.jpg", "samples/CAM_FRONT/n015-2018-09-26-11-17-24+0800__CAM_FRONT__1537932321912460.jpg", "samples/CAM_FRONT_RIGHT/n015-2018-09-26-11-17-24+0800__CAM_FRONT_RIGHT__1537932321920339.jpg", "samples/CAM_BACK_LEFT/n015-2018-09-26-11-17-24+0800__CAM_BACK_LEFT__1537932321947423.jpg", "samples/CAM_BACK/n015-2018-09-26-11-17-24+0800__CAM_BACK__1537932321937525.jpg", "samples/CAM_BACK_RIGHT/n015-2018-09-26-11-17-24+0800__CAM_BACK_RIGHT__1537932321927893.jpg"], "intrinsics": [[[1272.5979470598488, 0.0, 826.6154927353808], [0.0, 1272.5979470598488, 479.75165386361925], [0.0, 0.0, 1.0]], [[1266.417203046554, 0.0, 816.2670197447984], [0.0, 1266.417203046554, 491.50706579294757], [0.0, 0.0, 1.0]], [[1260.8474446004698, 0.0, 807.968244525554], [0.0, 1260.8474446004698, 495.3344268742088], [0.0, 0.0, 1.0]], [[1256.7414812095406, 0.0, 792.1125740759628], [0.0, 1256.7414812095406, 492.7757465151356], [0.0, 0.0, 1.0]], [[809.2209905677063, 0.0, 829.2196003259838], [0.0, 809.2209905677063, 481.77842384512485], [0.0, 0.0, 1.0]], [[1259.5137405846733, 0.0, 807.2529053838625], [0.0, 1259.5137405846733, 501.19579884916527], [0.0, 0.0, 1.0]]], "extrinsics": [[[0.8210368752479553, -0.5699731111526489, 0.03207749128341675, -0.73040771484375], [0.014494083821773529, -0.035359349101781845, -0.9992695450782776, 1.5124588012695312], [0.5706909894943237, 0.8209020495414734, -0.02077009528875351, -1.12060546875], [0.0, 0.0, 0.0, 1.0]], [[0.006057987455278635, -0.9992012977600098, 0.03949699550867081, 0.0087890625], [0.009335307404398918, -0.03943949192762375, -0.9991783499717712, 1.5227813720703125], [0.9999380111694336, 0.006421702913939953, 0.009088926948606968, -1.4616374969482422], [0.0, 0.0, 0.0, 1.0]], [[-0.8325991630554199, -0.5538758635520935, -0.0002448790182825178, 0.8868408203125], [0.015094947069883347, -0.022249117493629456, -0.9996384382247925, 1.5063438415527344], [0.5536701083183289, -0.832301914691925, 0.026885326951742172, -1.1495361328125], [0.0, 0.0, 0.0, 1.0]], [[0.9477442502975464, 0.31897154450416565, 0.006160426884889603, -1.15142822265625], [0.024212760850787163, -0.0526612289249897, -0.9983188509941101, 1.58831787109375], [-0.31811094284057617, 0.9463000893592834, -0.05763256177306175, -0.1005859375], [0.0, 0.0, 0.0, 1.0]], [[0.0027398490346968174, 0.9990871548652649, -0.042631540447473526, 0.002197265625], [-0.0013598555233329535, -0.04262793809175491, -0.9990900754928589, 1.579315185546875], [-0.9999953508377075, 0.0027953037060797215, 0.0012418170226737857, -0.05589890480041504], [0.0, 0.0, 0.0, 1.0]], [[-0.9344950914382935, 0.35386109352111816, -0.038744185119867325, 1.02020263671875], [0.031097672879695892, -0.02727174572646618, -0.9991442561149597, 1.5553359985351562], [-0.3546149432659149, -0.9349003434181213, 0.014481054618954659, -0.1058349609375], [0.0, 0.0, 0.0, 1.0]]], "view": [[0.0, -2.0, 100.0], [-2.0, 0.0, 100.0], [0.0, 0.0, 1.0]], "bev": "bev_ee855d2826eb4c3a8b665265bcb3ed1a.png", "aux": "aux_ee855d2826eb4c3a8b665265bcb3ed1a.npz", "visibility": "visibility_ee855d2826eb4c3a8b665265bcb3ed1a.png", "pose": [[0.8427991271018982, 0.5382282137870789, 0.0, 903.986328125], [-0.5382282137870789, 0.8427991271018982, 0.0, 1401.590087890625], [0.0, 0.0, 1.0, 0.0], [0.0, 0.0, 0.0, 1.0]], "pose_inverse": [[0.8427991271018982, -0.5382282137870789, 0.0, -7.503519058227539], [0.5382282137870789, 0.8427991271018982, 0.0, -1667.809814453125], [0.0, 0.0, 1.0, 0.0], [0.0, 0.0, 0.0, 1.0]], "cam_ids": [0, 1, 2, 3, 4, 5], "cam_channels": ["CAM_FRONT_LEFT", "CAM_FRONT", "CAM_FRONT_RIGHT", "CAM_BACK_LEFT", "CAM_BACK", "CAM_BACK_RIGHT"], "token": "ee855d2826eb4c3a8b665265bcb3ed1a", "scene": "scene-0961"}, {"images": ["samples/CAM_FRONT_LEFT/n015-2018-09-26-11-17-24+0800__CAM_FRONT_LEFT__1537932322404844.jpg", "samples/CAM_FRONT/n015-2018-09-26-11-17-24+0800__CAM_FRONT__1537932322412460.jpg", "samples/CAM_FRONT_RIGHT/n015-2018-09-26-11-17-24+0800__CAM_FRONT_RIGHT__1537932322420339.jpg", "samples/CAM_BACK_LEFT/n015-2018-09-26-11-17-24+0800__CAM_BACK_LEFT__1537932322447423.jpg", "samples/CAM_BACK/n015-2018-09-26-11-17-24+0800__CAM_BACK__1537932322437525.jpg", "samples/CAM_BACK_RIGHT/n015-2018-09-26-11-17-24+0800__CAM_BACK_RIGHT__1537932322427893.jpg"], "intrinsics": [[[1272.5979470598488, 0.0, 826.6154927353808], [0.0, 1272.5979470598488, 479.75165386361925], [0.0, 0.0, 1.0]], [[1266.417203046554, 0.0, 816.2670197447984], [0.0, 1266.417203046554, 491.50706579294757], [0.0, 0.0, 1.0]], [[1260.8474446004698, 0.0, 807.968244525554], [0.0, 1260.8474446004698, 495.3344268742088], [0.0, 0.0, 1.0]], [[1256.7414812095406, 0.0, 792.1125740759628], [0.0, 1256.7414812095406, 492.7757465151356], [0.0, 0.0, 1.0]], [[809.2209905677063, 0.0, 829.2196003259838], [0.0, 809.2209905677063, 481.77842384512485], [0.0, 0.0, 1.0]], [[1259.5137405846733, 0.0, 807.2529053838625], [0.0, 1259.5137405846733, 501.19579884916527], [0.0, 0.0, 1.0]]], "extrinsics": [[[0.8209870457649231, -0.5701730251312256, 0.029712781310081482, -0.7381591796875], [0.012468235567212105, -0.03412455692887306, -0.9993398189544678, 1.5117568969726562], [0.5708105564117432, 0.8208155035972595, -0.02090676873922348, -1.1259765625], [0.0, 0.0, 0.0, 1.0]], [[0.005964543204754591, -0.9992530941963196, 0.03817708045244217, 0.008544921875], [0.007109608501195908, -0.03813442215323448, -0.9992473721504211, 1.5221977233886719], [0.9999569058418274, 0.006231457460671663, 0.006876843050122261, -1.4690303802490234], [0.0, 0.0, 0.0, 1.0]], [[-0.8326796293258667, -0.5537540316581726, 0.0010136275086551905, 0.89111328125], [0.012664020992815495, -0.020872797816991806, -0.9997019171714783, 1.5058364868164062], [0.5536101460456848, -0.8324186205863953, 0.024393105879426003, -1.15283203125], [0.0, 0.0, 0.0, 1.0]], [[0.9477838277816772, 0.31889286637306213, 0.0036057315301150084, -1.15185546875], [0.02097250521183014, -0.05104273185133934, -0.9984762072563171, 1.5883255004882812], [-0.31822291016578674, 0.9464152455329895, -0.055065467953681946, -0.100341796875], [0.0, 0.0, 0.0, 1.0]], [[0.002709602937102318, 0.9991499781608582, -0.04113218933343887, 0.00244140625], [-0.004298250190913677, -0.04112032800912857, -0.999144971370697, 1.5791397094726562], [-0.9999870657920837, 0.002883992623537779, 0.0041831792332232, -0.0540928840637207], [0.0, 0.0, 0.0, 1.0]], [[-0.934552788734436, 0.35402244329452515, -0.035765811800956726, 1.02337646484375], [0.028453398495912552, -0.02584068663418293, -0.9992610812187195, 1.5548973083496094], [-0.35468509793281555, -0.9348798394203186, 0.01407634001225233, -0.105224609375], [0.0, 0.0, 0.0, 1.0]]], "view": [[0.0, -2.0, 100.0], [-2.0, 0.0, 100.0], [0.0, 0.0, 1.0]], "bev": "bev_e3b207a5792d425599c9f645343911fe.png", "aux": "aux_e3b207a5792d425599c9f645343911fe.npz", "visibility": "visibility_e3b207a5792d425599c9f645343911fe.png", "pose": [[0.8390828371047974, 0.5440036058425903, 0.0, 906.7974853515625], [-0.5440036058425903, 0.8390828371047974, 0.0, 1399.7532958984375], [0.0, 0.0, 1.0, 0.0], [0.0, 0.0, 0.0, 1.0]], "pose_inverse": [[0.8390828371047974, -0.5440036058425903, 0.0, 0.5926517844200134], [0.5440036058425903, 0.8390828371047974, 0.0, -1667.8101806640625], [0.0, 0.0, 1.0, 0.0], [0.0, 0.0, 0.0, 1.0]], "cam_ids": [0, 1, 2, 3, 4, 5], "cam_channels": ["CAM_FRONT_LEFT", "CAM_FRONT", "CAM_FRONT_RIGHT", "CAM_BACK_LEFT", "CAM_BACK", "CAM_BACK_RIGHT"], "token": "e3b207a5792d425599c9f645343911fe", "scene": "scene-0961"}, {"images": ["samples/CAM_FRONT_LEFT/n015-2018-09-26-11-17-24+0800__CAM_FRONT_LEFT__1537932322904844.jpg", "samples/CAM_FRONT/n015-2018-09-26-11-17-24+0800__CAM_FRONT__1537932322912460.jpg", "samples/CAM_FRONT_RIGHT/n015-2018-09-26-11-17-24+0800__CAM_FRONT_RIGHT__1537932322920339.jpg", "samples/CAM_BACK_LEFT/n015-2018-09-26-11-17-24+0800__CAM_BACK_LEFT__1537932322947423.jpg", "samples/CAM_BACK/n015-2018-09-26-11-17-24+0800__CAM_BACK__1537932322937525.jpg", "samples/CAM_BACK_RIGHT/n015-2018-09-26-11-17-24+0800__CAM_BACK_RIGHT__1537932322927893.jpg"], "intrinsics": [[[1272.5979470598488, 0.0, 826.6154927353808], [0.0, 1272.5979470598488, 479.75165386361925], [0.0, 0.0, 1.0]], [[1266.417203046554, 0.0, 816.2670197447984], [0.0, 1266.417203046554, 491.50706579294757], [0.0, 0.0, 1.0]], [[1260.8474446004698, 0.0, 807.968244525554], [0.0, 1260.8474446004698, 495.3344268742088], [0.0, 0.0, 1.0]], [[1256.7414812095406, 0.0, 792.1125740759628], [0.0, 1256.7414812095406, 492.7757465151356], [0.0, 0.0, 1.0]], [[809.2209905677063, 0.0, 829.2196003259838], [0.0, 809.2209905677063, 481.77842384512485], [0.0, 0.0, 1.0]], [[1259.5137405846733, 0.0, 807.2529053838625], [0.0, 1259.5137405846733, 501.19579884916527], [0.0, 0.0, 1.0]]], "extrinsics": [[[0.8215227723121643, -0.5696761608123779, 0.023861315101385117, -0.7376708984375], [0.006258646957576275, -0.032836828380823135, -0.9994411468505859, 1.5099716186523438], [0.5701413750648499, 0.8212130665779114, -0.023410802707076073, -1.1220703125], [0.0, 0.0, 0.0, 1.0]], [[0.006729487329721451, -0.9992998242378235, 0.03680272400379181, 0.00634765625], [0.000913526804652065, -0.03679740056395531, -0.9993222951889038, 1.5207290649414062], [0.9999769330024719, 0.006758521310985088, 0.0006652591982856393, -1.4662766456604004], [0.0, 0.0, 0.0, 1.0]], [[-0.8324524760246277, -0.554069995880127, 0.005408258643001318, 0.88775634765625], [0.006468920968472958, -0.019478026777505875, -0.9997893571853638, 1.5047683715820312], [0.5540586113929749, -0.8322422504425049, 0.019798768684267998, -1.15283203125], [0.0, 0.0, 0.0, 1.0]], [[0.9478946924209595, 0.3185792565345764, -0.0017226125346496701, -1.14910888671875], [0.014834200963377953, -0.04953734576702118, -0.9986621141433716, 1.58843994140625], [-0.3182383179664612, 0.9466009736061096, -0.05168205499649048, -0.101318359375], [0.0, 0.0, 0.0, 1.0]], [[0.0025025559589266777, 0.9992101192474365, -0.039659928530454636, 0.0030517578125], [-0.010441699996590614, -0.039631783962249756, -0.9991598129272461, 1.5787429809570312], [-0.9999423027038574, 0.002914539771154523, 0.010334271006286144, -0.056972503662109375], [0.0, 0.0, 0.0, 1.0]], [[-0.9348325729370117, 0.3538619875907898, -0.029492421075701714, 1.02117919921875], [0.022302718833088875, -0.024379592388868332, -0.9994539618492126, 1.5541915893554688], [-0.3543878495693207, -0.9349798560142517, 0.014898749068379402, -0.107177734375], [0.0, 0.0, 0.0, 1.0]]], "view": [[0.0, -2.0, 100.0], [-2.0, 0.0, 100.0], [0.0, 0.0, 1.0]], "bev": "bev_6a34655be17d4c3189813eac1b14a1d8.png", "aux": "aux_6a34655be17d4c3189813eac1b14a1d8.npz", "visibility": "visibility_6a34655be17d4c3189813eac1b14a1d8.png", "pose": [[0.8343797922134399, 0.5511899590492249, 0.0, 909.6273803710938], [-0.5511899590492249, 0.8343797922134399, 0.0, 1397.8955078125], [0.0, 0.0, 1.0, 0.0], [0.0, 0.0, 0.0, 1.0]], "pose_inverse": [[0.8343797922134399, -0.5511899590492249, 0.0, 11.531270980834961], [0.5511899590492249, 0.8343797922134399, 0.0, -1667.753173828125], [0.0, 0.0, 1.0, 0.0], [0.0, 0.0, 0.0, 1.0]], "cam_ids": [0, 1, 2, 3, 4, 5], "cam_channels": ["CAM_FRONT_LEFT", "CAM_FRONT", "CAM_FRONT_RIGHT", "CAM_BACK_LEFT", "CAM_BACK", "CAM_BACK_RIGHT"], "token": "6a34655be17d4c3189813eac1b14a1d8", "scene": "scene-0961"}, {"images": ["samples/CAM_FRONT_LEFT/n015-2018-09-26-11-17-24+0800__CAM_FRONT_LEFT__1537932323404844.jpg", "samples/CAM_FRONT/n015-2018-09-26-11-17-24+0800__CAM_FRONT__1537932323412460.jpg", "samples/CAM_FRONT_RIGHT/n015-2018-09-26-11-17-24+0800__CAM_FRONT_RIGHT__1537932323420339.jpg", "samples/CAM_BACK_LEFT/n015-2018-09-26-11-17-24+0800__CAM_BACK_LEFT__1537932323447423.jpg", "samples/CAM_BACK/n015-2018-09-26-11-17-24+0800__CAM_BACK__1537932323437525.jpg", "samples/CAM_BACK_RIGHT/n015-2018-09-26-11-17-24+0800__CAM_BACK_RIGHT__1537932323427893.jpg"], "intrinsics": [[[1272.5979470598488, 0.0, 826.6154927353808], [0.0, 1272.5979470598488, 479.75165386361925], [0.0, 0.0, 1.0]], [[1266.417203046554, 0.0, 816.2670197447984], [0.0, 1266.417203046554, 491.50706579294757], [0.0, 0.0, 1.0]], [[1260.8474446004698, 0.0, 807.968244525554], [0.0, 1260.8474446004698, 495.3344268742088], [0.0, 0.0, 1.0]], [[1256.7414812095406, 0.0, 792.1125740759628], [0.0, 1256.7414812095406, 492.7757465151356], [0.0, 0.0, 1.0]], [[809.2209905677063, 0.0, 829.2196003259838], [0.0, 809.2209905677063, 481.77842384512485], [0.0, 0.0, 1.0]], [[1259.5137405846733, 0.0, 807.2529053838625], [0.0, 1259.5137405846733, 501.19579884916527], [0.0, 0.0, 1.0]]], "extrinsics": [[[0.8230305910110474, -0.5676736235618591, 0.019166147336363792, -0.74725341796875], [0.0008493768400512636, -0.03251330181956291, -0.9994709491729736, 1.5084953308105469], [0.5679964423179626, 0.8226113319396973, -0.026277273893356323, -1.131103515625], [0.0, 0.0, 0.0, 1.0]], [[0.00890396162867546, -0.999293863773346, 0.03650275245308876, 0.0078125], [-0.0045169806107878685, -0.03654401749372482, -0.9993218779563904, 1.51959228515625], [0.999950110912323, 0.008733043447136879, -0.004839176777750254, -1.4772224426269531], [0.0, 0.0, 0.0, 1.0]], [[-0.8315916061401367, -0.5552995204925537, 0.009892971254885197, 0.8958740234375], [0.0009769016178324819, -0.019275203347206116, -0.9998137354850769, 1.503814697265625], [0.5553867816925049, -0.8314270377159119, 0.016571570187807083, -1.15673828125], [0.0, 0.0, 0.0, 1.0]], [[0.9478973746299744, 0.318499892950058, -0.006951330229640007, -1.149749755859375], [0.009357303380966187, -0.04964590445160866, -0.998723030090332, 1.5884857177734375], [-0.31843826174736023, 0.9466218948364258, -0.05003952607512474, -0.101318359375], [0.0, 0.0, 0.0, 1.0]], [[0.001828011590987444, 0.9992126822471619, -0.03963286429643631, 0.002685546875], [-0.01590920239686966, -0.03959885612130165, -0.9990890026092529, 1.5784912109375], [-0.9998717308044434, 0.0024567861109972, 0.015824291855096817, -0.0531005859375], [0.0, 0.0, 0.0, 1.0]], [[-0.9353340268135071, 0.3529319763183594, -0.024272600188851357, 1.02734375], [0.01680038310587406, -0.02422020211815834, -0.9995654821395874, 1.5534133911132812], [-0.35336658358573914, -0.9353355169296265, 0.016724588349461555, -0.104248046875], [0.0, 0.0, 0.0, 1.0]]], "view": [[0.0, -2.0, 100.0], [-2.0, 0.0, 100.0], [0.0, 0.0, 1.0]], "bev": "bev_6d2793d97afe4a06b9081dea4c954050.png", "aux": "aux_6d2793d97afe4a06b9081dea4c954050.npz", "visibility": "visibility_6d2793d97afe4a06b9081dea4c954050.png", "pose": [[0.8110564351081848, 0.5849679112434387, 0.0, 912.3447875976562], [-0.5849679112434387, 0.8110564351081848, 0.0, 1396.0047607421875], [0.0, 0.0, 1.0, 0.0], [0.0, 0.0, 0.0, 1.0]], "pose_inverse": [[0.8110564351081848, -0.5849679112434387, 0.0, 76.65485382080078], [0.5849679112434387, 0.8110564351081848, 0.0, -1665.9310302734375], [0.0, 0.0, 1.0, 0.0], [0.0, 0.0, 0.0, 1.0]], "cam_ids": [0, 1, 2, 3, 4, 5], "cam_channels": ["CAM_FRONT_LEFT", "CAM_FRONT", "CAM_FRONT_RIGHT", "CAM_BACK_LEFT", "CAM_BACK", "CAM_BACK_RIGHT"], "token": "6d2793d97afe4a06b9081dea4c954050", "scene": "scene-0961"}, {"images": ["samples/CAM_FRONT_LEFT/n015-2018-09-26-11-17-24+0800__CAM_FRONT_LEFT__1537932323904844.jpg", "samples/CAM_FRONT/n015-2018-09-26-11-17-24+0800__CAM_FRONT__1537932323912460.jpg", "samples/CAM_FRONT_RIGHT/n015-2018-09-26-11-17-24+0800__CAM_FRONT_RIGHT__1537932323920339.jpg", "samples/CAM_BACK_LEFT/n015-2018-09-26-11-17-24+0800__CAM_BACK_LEFT__1537932323947423.jpg", "samples/CAM_BACK/n015-2018-09-26-11-17-24+0800__CAM_BACK__1537932323938196.jpg", "samples/CAM_BACK_RIGHT/n015-2018-09-26-11-17-24+0800__CAM_BACK_RIGHT__1537932323927893.jpg"], "intrinsics": [[[1272.5979470598488, 0.0, 826.6154927353808], [0.0, 1272.5979470598488, 479.75165386361925], [0.0, 0.0, 1.0]], [[1266.417203046554, 0.0, 816.2670197447984], [0.0, 1266.417203046554, 491.50706579294757], [0.0, 0.0, 1.0]], [[1260.8474446004698, 0.0, 807.968244525554], [0.0, 1260.8474446004698, 495.3344268742088], [0.0, 0.0, 1.0]], [[1256.7414812095406, 0.0, 792.1125740759628], [0.0, 1256.7414812095406, 492.7757465151356], [0.0, 0.0, 1.0]], [[809.2209905677063, 0.0, 829.2196003259838], [0.0, 809.2209905677063, 481.77842384512485], [0.0, 0.0, 1.0]], [[1259.5137405846733, 0.0, 807.2529053838625], [0.0, 1259.5137405846733, 501.19579884916527], [0.0, 0.0, 1.0]]], "extrinsics": [[[0.8249353766441345, -0.5648968815803528, 0.019317734986543655, -0.7467041015625], [0.000171961379237473, -0.03392612189054489, -0.9994243383407593, 1.5083503723144531], [0.5652270913124084, 0.8244638442993164, -0.027889715507626534, -1.1328125], [0.0, 0.0, 0.0, 1.0]], [[0.01163979060947895, -0.999208390712738, 0.03804143890738487, 0.0089111328125], [-0.005131791345775127, -0.03810321167111397, -0.9992606043815613, 1.5194854736328125], [0.999919056892395, 0.011436032131314278, -0.0055712428875267506, -1.4763336181640625], [0.0, 0.0, 0.0, 1.0]], [[-0.8304132223129272, -0.5570321083068848, 0.011363077908754349, 0.89434814453125], [0.00037726067239418626, -0.020957255735993385, -0.9997802972793579, 1.5037345886230469], [0.5571479201316833, -0.8302264213562012, 0.017613328993320465, -1.1546630859375], [0.0, 0.0, 0.0, 1.0]], [[0.9479016065597534, 0.31846675276756287, -0.007843746803700924, -1.1436767578125], [0.009020383469760418, -0.05144486203789711, -0.9986350536346436, 1.5885086059570312], [-0.31843557953834534, 0.9465370774269104, -0.051637355238199234, -0.1026611328125], [0.0, 0.0, 0.0, 1.0]], [[0.0011660106247290969, 0.999138593673706, -0.041483182460069656, 0.002685546875], [-0.01635197177529335, -0.0414586141705513, -0.999006450176239, 1.578460693359375], [-0.9998656511306763, 0.0018431623466312885, 0.016289543360471725, -0.0539398193359375], [0.0, 0.0, 0.0, 1.0]], [[-0.9358855485916138, 0.3514597415924072, -0.024378208443522453, 1.02374267578125], [0.016272345557808876, -0.025999248027801514, -0.9995295405387878, 1.5534210205078125], [-0.3519282042980194, -0.935841977596283, 0.018613245338201523, -0.105224609375], [0.0, 0.0, 0.0, 1.0]]], "view": [[0.0, -2.0, 100.0], [-2.0, 0.0, 100.0], [0.0, 0.0, 1.0]], "bev": "bev_dcaaab2934f24a6d8c00fc52e774e4eb.png", "aux": "aux_dcaaab2934f24a6d8c00fc52e774e4eb.npz", "visibility": "visibility_dcaaab2934f24a6d8c00fc52e774e4eb.png", "pose": [[0.7663390040397644, 0.6424364447593689, 0.0, 914.8496704101562], [-0.6424364447593689, 0.7663390040397644, 0.0, 1394.0472412109375], [0.0, 0.0, 1.0, 0.0], [0.0, 0.0, 0.0, 1.0]], "pose_inverse": [[0.7663390040397644, -0.6424364447593689, 0.0, 194.5017852783203], [0.6424364447593689, 0.7663390040397644, 0.0, -1656.0455322265625], [0.0, 0.0, 1.0, 0.0], [0.0, 0.0, 0.0, 1.0]], "cam_ids": [0, 1, 2, 3, 4, 5], "cam_channels": ["CAM_FRONT_LEFT", "CAM_FRONT", "CAM_FRONT_RIGHT", "CAM_BACK_LEFT", "CAM_BACK", "CAM_BACK_RIGHT"], "token": "dcaaab2934f24a6d8c00fc52e774e4eb", "scene": "scene-0961"}, {"images": ["samples/CAM_FRONT_LEFT/n015-2018-09-26-11-17-24+0800__CAM_FRONT_LEFT__1537932324404844.jpg", "samples/CAM_FRONT/n015-2018-09-26-11-17-24+0800__CAM_FRONT__1537932324412460.jpg", "samples/CAM_FRONT_RIGHT/n015-2018-09-26-11-17-24+0800__CAM_FRONT_RIGHT__1537932324420339.jpg", "samples/CAM_BACK_LEFT/n015-2018-09-26-11-17-24+0800__CAM_BACK_LEFT__1537932324447423.jpg", "samples/CAM_BACK/n015-2018-09-26-11-17-24+0800__CAM_BACK__1537932324437525.jpg", "samples/CAM_BACK_RIGHT/n015-2018-09-26-11-17-24+0800__CAM_BACK_RIGHT__1537932324427893.jpg"], "intrinsics": [[[1272.5979470598488, 0.0, 826.6154927353808], [0.0, 1272.5979470598488, 479.75165386361925], [0.0, 0.0, 1.0]], [[1266.417203046554, 0.0, 816.2670197447984], [0.0, 1266.417203046554, 491.50706579294757], [0.0, 0.0, 1.0]], [[1260.8474446004698, 0.0, 807.968244525554], [0.0, 1260.8474446004698, 495.3344268742088], [0.0, 0.0, 1.0]], [[1256.7414812095406, 0.0, 792.1125740759628], [0.0, 1256.7414812095406, 492.7757465151356], [0.0, 0.0, 1.0]], [[809.2209905677063, 0.0, 829.2196003259838], [0.0, 809.2209905677063, 481.77842384512485], [0.0, 0.0, 1.0]], [[1259.5137405846733, 0.0, 807.2529053838625], [0.0, 1259.5137405846733, 501.19579884916527], [0.0, 0.0, 1.0]]], "extrinsics": [[[0.825608491897583, -0.5639079809188843, 0.019452091306447983, -0.769775390625], [0.0011672544060274959, -0.0327676385641098, -0.9994623064994812, 1.508514404296875], [0.5642421841621399, 0.8251872062683105, -0.02639501728117466, -1.1463623046875], [0.0, 0.0, 0.0, 1.0]], [[0.012650148943066597, -0.9992461204528809, 0.03670139238238335, 0.00732421875], [-0.004133374430239201, -0.036756277084350586, -0.9993157386779785, 1.5197257995605469], [0.9999114274978638, 0.012489687651395798, -0.004595229402184486, -1.4979248046875], [0.0, 0.0, 0.0, 1.0]], [[-0.8299552798271179, -0.5577456951141357, 0.009695298038423061, 0.90704345703125], [0.0013596531935036182, -0.01940295659005642, -0.9998108148574829, 1.50384521484375], [0.5578281879425049, -0.8297850489616394, 0.0168619267642498, -1.16455078125], [0.0, 0.0, 0.0, 1.0]], [[0.94777911901474, 0.3188636302947998, -0.006375235505402088, -1.139129638671875], [0.009896684437990189, -0.04938480630517006, -0.9987307786941528, 1.588592529296875], [-0.31877371668815613, 0.9465131759643555, -0.04996158182621002, -0.10498046875], [0.0, 0.0, 0.0, 1.0]], [[0.0005777215119451284, 0.99921715259552, -0.03955712914466858, 0.0028076171875], [-0.015418990515172482, -0.03954353183507919, -0.9990988969802856, 1.5