[{"images": ["samples/CAM_FRONT_LEFT/n008-2018-08-01-15-16-36-0400__CAM_FRONT_LEFT__1533151345504799.jpg", "samples/CAM_FRONT/n008-2018-08-01-15-16-36-0400__CAM_FRONT__1533151345512404.jpg", "samples/CAM_FRONT_RIGHT/n008-2018-08-01-15-16-36-0400__CAM_FRONT_RIGHT__1533151345520482.jpg", "samples/CAM_BACK_LEFT/n008-2018-08-01-15-16-36-0400__CAM_BACK_LEFT__1533151345547405.jpg", "samples/CAM_BACK/n008-2018-08-01-15-16-36-0400__CAM_BACK__1533151345537558.jpg", "samples/CAM_BACK_RIGHT/n008-2018-08-01-15-16-36-0400__CAM_BACK_RIGHT__1533151345528113.jpg"], "intrinsics": [[[1257.8625342125129, 0.0, 827.2410631095686], [0.0, 1257.8625342125129, 450.915498205774], [0.0, 0.0, 1.0]], [[1252.8131021185304, 0.0, 826.588114781398], [0.0, 1252.8131021185304, 469.9846626224581], [0.0, 0.0, 1.0]], [[1256.7485116440405, 0.0, 817.7887570959712], [0.0, 1256.7485116440403, 451.9541780095127], [0.0, 0.0, 1.0]], [[1254.9860565800168, 0.0, 829.5769333630991], [0.0, 1254.9860565800168, 467.1680561863987], [0.0, 0.0, 1.0]], [[796.8910634503094, 0.0, 857.7774326863696], [0.0, 796.8910634503094, 476.8848988407415], [0.0, 0.0, 1.0]], [[1249.9629280788233, 0.0, 825.3768045375984], [0.0, 1249.9629280788233, 462.54816385708756], [0.0, 0.0, 1.0]]], "extrinsics": [[[0.8225375413894653, -0.568710446357727, 0.000646549800876528, -1.00494384765625], [0.02632889710366726, 0.03694432973861694, -0.9989703893661499, 1.4882965087890625], [0.5681009888648987, 0.8217077255249023, 0.04536161944270134, -1.33349609375], [0.0, 0.0, 0.0, 1.0]], [[0.010632691904902458, -0.9994138479232788, -0.03254229202866554, 0.00537109375], [0.0283051785081625, 0.032831910997629166, -0.9990600347518921, 1.48016357421875], [0.9995427131652832, 0.009701688773930073, 0.028637677431106567, -1.73480224609375], [0.0, 0.0, 0.0, 1.0]], [[-0.8434265851974487, -0.535470187664032, -0.04362437501549721, 1.090576171875], [0.036347586661577225, 0.024140100926160812, -0.999047577381134, 1.4930686950683594], [0.5360134243965149, -0.8442090749740601, -0.000897352525498718, -1.277587890625], [0.0, 0.0, 0.0, 1.0]], [[0.9476991295814514, 0.3183403015136719, 0.02293292246758938, -1.14404296875], [0.010971137322485447, 0.039317891001701355, -0.9991665482521057, 1.562042236328125], [-0.31897661089897156, 0.9471607804298401, 0.033768974244594574, -0.156005859375], [0.0, 0.0, 0.0, 1.0]], [[0.00886008981615305, 0.9994514584541321, 0.031910091638565063, -0.02880859375], [0.013100393116474152, 0.031792592257261276, -0.9994086027145386, 1.5680618286132812], [-0.9998749494552612, 0.009272905997931957, -0.012811520136892796, 0.04425048828125], [0.0, 0.0, 0.0, 1.0]], [[-0.9235643148422241, 0.38323965668678284, -0.01250190008431673, 1.16070556640625], [0.01730366423726082, 0.009084480814635754, -0.9998089671134949, 1.5478096008300781], [-0.38305285573005676, -0.9236041903495789, -0.0150215532630682, -0.0438232421875], [0.0, 0.0, 0.0, 1.0]]], "view": [[0.0, -2.0, 100.0], [-2.0, 0.0, 100.0], [0.0, 0.0, 1.0]], "bev": "bev_1c81b06c812b47788462c31f58b6c1d0.png", "aux": "aux_1c81b06c812b47788462c31f58b6c1d0.npz", "visibility": "visibility_1c81b06c812b47788462c31f58b6c1d0.png", "pose": [[-0.818386971950531, -0.5746675133705139, 0.0, 1197.8009033203125], [0.5746675133705139, -0.818386971950531, 0.0, 1125.6171875], [0.0, 0.0, 1.0, 0.0], [0.0, 0.0, 0.0, 1.0]], "pose_inverse": [[-0.818386971950531, 0.5746675133705139, 0.0, 333.40899658203125], [-0.5746675133705139, -0.818386971950531, 0.0, 1609.5277099609375], [0.0, 0.0, 1.0, 0.0], [0.0, 0.0, 0.0, 1.0]], "cam_ids": [0, 1, 2, 3, 4, 5], "cam_channels": ["CAM_FRONT_LEFT", "CAM_FRONT", "CAM_FRONT_RIGHT", "CAM_BACK_LEFT", "CAM_BACK", "CAM_BACK_RIGHT"], "token": "1c81b06c812b47788462c31f58b6c1d0", "scene": "scene-0097"}, {"images": ["samples/CAM_FRONT_LEFT/n008-2018-08-01-15-16-36-0400__CAM_FRONT_LEFT__1533151346004799.jpg", "samples/CAM_FRONT/n008-2018-08-01-15-16-36-0400__CAM_FRONT__1533151346012404.jpg", "samples/CAM_FRONT_RIGHT/n008-2018-08-01-15-16-36-0400__CAM_FRONT_RIGHT__1533151346020482.jpg", "samples/CAM_BACK_LEFT/n008-2018-08-01-15-16-36-0400__CAM_BACK_LEFT__1533151346047405.jpg", "samples/CAM_BACK/n008-2018-08-01-15-16-36-0400__CAM_BACK__1533151346037558.jpg", "samples/CAM_BACK_RIGHT/n008-2018-08-01-15-16-36-0400__CAM_BACK_RIGHT__1533151346028113.jpg"], "intrinsics": [[[1257.8625342125129, 0.0, 827.2410631095686], [0.0, 1257.8625342125129, 450.915498205774], [0.0, 0.0, 1.0]], [[1252.8131021185304, 0.0, 826.588114781398], [0.0, 1252.8131021185304, 469.9846626224581], [0.0, 0.0, 1.0]], [[1256.7485116440405, 0.0, 817.7887570959712], [0.0, 1256.7485116440403, 451.9541780095127], [0.0, 0.0, 1.0]], [[1254.9860565800168, 0.0, 829.5769333630991], [0.0, 1254.9860565800168, 467.1680561863987], [0.0, 0.0, 1.0]], [[796.8910634503094, 0.0, 857.7774326863696], [0.0, 796.8910634503094, 476.8848988407415], [0.0, 0.0, 1.0]], [[1249.9629280788233, 0.0, 825.3768045375984], [0.0, 1249.9629280788233, 462.54816385708756], [0.0, 0.0, 1.0]]], "extrinsics": [[[0.822534441947937, -0.5687149167060852, 0.0006098864832893014, -1.00506591796875], [0.026277266442775726, 0.036933619529008865, -0.9989721775054932, 1.4882965087890625], [0.5681078433990479, 0.8217051029205322, 0.045323446393013, -1.3333740234375], [0.0, 0.0, 0.0, 1.0]], [[0.010624723508954048, -0.9994140267372131, -0.03253732994198799, 0.00537109375], [0.028229927644133568, 0.03282599151134491, -0.9990622997283936, 1.4801673889160156], [0.9995449781417847, 0.00969620794057846, 0.028562156483530998, -1.73468017578125], [0.0, 0.0, 0.0, 1.0]], [[-0.8434333801269531, -0.5354664921760559, -0.043539196252822876, 1.090576171875], [0.03624720498919487, 0.0241392869502306, -0.9990512132644653, 1.4930763244628906], [0.5360094904899597, -0.8442113995552063, -0.0009507158538326621, -1.2774658203125], [0.0, 0.0, 0.0, 1.0]], [[0.9477011561393738, 0.3183418810367584, 0.02282373607158661, -1.14385986328125], [0.010866072960197926, 0.039287880063056946, -0.9991688132286072, 1.5620346069335938], [-0.3189740478992462, 0.9471614956855774, 0.03377404063940048, -0.15625], [0.0, 0.0, 0.0, 1.0]], [[0.008864815346896648, 0.9994519948959351, 0.03189220651984215, -0.02880859375], [0.0129918921738863, 0.03177565336227417, -0.9994105696678162, 1.5680618286132812], [-0.9998763203620911, 0.009273911826312542, -0.012703088112175465, 0.04437255859375], [0.0, 0.0, 0.0, 1.0]], [[-0.9235643744468689, 0.383242666721344, -0.012403741478919983, 1.16058349609375], [0.017196517437696457, 0.00908222608268261, -0.9998108744621277, 1.5478134155273438], [-0.38305747509002686, -0.9236030578613281, -0.014978459104895592, -0.0435791015625], [0.0, 0.0, 0.0, 1.0]]], "view": [[0.0, -2.0, 100.0], [-2.0, 0.0, 100.0], [0.0, 0.0, 1.0]], "bev": "bev_f73dfd9690d74d3a9af2667bf3dd9481.png", "aux": "aux_f73dfd9690d74d3a9af2667bf3dd9481.npz", "visibility": "visibility_f73dfd9690d74d3a9af2667bf3dd9481.png", "pose": [[-0.8183446526527405, -0.5747277736663818, 0.0, 1197.8009033203125], [0.5747277736663818, -0.8183446526527405, 0.0, 1125.6171875], [0.0, 0.0, 1.0, 0.0], [0.0, 0.0, 0.0, 1.0]], "pose_inverse": [[-0.8183446526527405, 0.5747277736663818, 0.0, 333.2905578613281], [-0.5747277736663818, -0.8183446526527405, 0.0, 1609.55224609375], [0.0, 0.0, 1.0, 0.0], [0.0, 0.0, 0.0, 1.0]], "cam_ids": [0, 1, 2, 3, 4, 5], "cam_channels": ["CAM_FRONT_LEFT", "CAM_FRONT", "CAM_FRONT_RIGHT", "CAM_BACK_LEFT", "CAM_BACK", "CAM_BACK_RIGHT"], "token": "f73dfd9690d74d3a9af2667bf3dd9481", "scene": "scene-0097"}, {"images": ["samples/CAM_FRONT_LEFT/n008-2018-08-01-15-16-36-0400__CAM_FRONT_LEFT__1533151346504799.jpg", "samples/CAM_FRONT/n008-2018-08-01-15-16-36-0400__CAM_FRONT__1533151346512404.jpg", "samples/CAM_FRONT_RIGHT/n008-2018-08-01-15-16-36-0400__CAM_FRONT_RIGHT__1533151346520482.jpg", "samples/CAM_BACK_LEFT/n008-2018-08-01-15-16-36-0400__CAM_BACK_LEFT__1533151346547405.jpg", "samples/CAM_BACK/n008-2018-08-01-15-16-36-0400__CAM_BACK__1533151346537558.jpg", "samples/CAM_BACK_RIGHT/n008-2018-08-01-15-16-36-0400__CAM_BACK_RIGHT__1533151346528113.jpg"], "intrinsics": [[[1257.8625342125129, 0.0, 827.2410631095686], [0.0, 1257.8625342125129, 450.915498205774], [0.0, 0.0, 1.0]], [[1252.8131021185304, 0.0, 826.588114781398], [0.0, 1252.8131021185304, 469.9846626224581], [0.0, 0.0, 1.0]], [[1256.7485116440405, 0.0, 817.7887570959712], [0.0, 1256.7485116440403, 451.9541780095127], [0.0, 0.0, 1.0]], [[1254.9860565800168, 0.0, 829.5769333630991], [0.0, 1254.9860565800168, 467.1680561863987], [0.0, 0.0, 1.0]], [[796.8910634503094, 0.0, 857.7774326863696], [0.0, 796.8910634503094, 476.8848988407415], [0.0, 0.0, 1.0]], [[1249.9629280788233, 0.0, 825.3768045375984], [0.0, 1249.9629280788233, 462.54816385708756], [0.0, 0.0, 1.0]]], "extrinsics": [[[0.8225572109222412, -0.5686821341514587, 0.0006153584690764546, -1.00506591796875], [0.02627301588654518, 0.03692103177309036, -0.9989727735519409, 1.4883041381835938], [0.5680752396583557, 0.8217284083366394, 0.04531065374612808, -1.3333740234375], [0.0, 0.0, 0.0, 1.0]], [[0.01065782643854618, -0.999414324760437, -0.032520461827516556, 0.00537109375], [0.028229502961039543, 0.03281006962060928, -0.9990628957748413, 1.4801673889160156], [0.9995446801185608, 0.00972981657832861, 0.028562651947140694, -1.734710693359375], [0.0, 0.0, 0.0, 1.0]], [[-0.8434195518493652, -0.5354889631271362, -0.04353196546435356, 1.090576171875], [0.03625090792775154, 0.02411993220448494, -0.999051570892334, 1.493072509765625], [0.5360311269760132, -0.8441977500915527, -0.0009312608162872493, -1.2777099609375], [0.0, 0.0, 0.0, 1.0]], [[0.9476996064186096, 0.318345844745636, 0.022834572941064835, -1.1439208984375], [0.010873659513890743, 0.03929883614182472, -0.999168336391449, 1.562042236328125], [-0.318978488445282, 0.9471596479415894, 0.033781904727220535, -0.156005859375], [0.0, 0.0, 0.0, 1.0]], [[0.008852815255522728, 0.9994520545005798, 0.03189459070563316, -0.02880859375], [0.01300064753741026, 0.031778108328580856, -0.9994103312492371, 1.5680580139160156], [-0.9998763203620911, 0.009262233972549438, -0.012712198309600353, 0.0443115234375], [0.0, 0.0, 0.0, 1.0]], [[-0.9235715866088867, 0.38322511315345764, -0.012410556897521019, 1.16058349609375], [0.017196981236338615, 0.009066292084753513, -0.9998109936714172, 1.547811508178711], [-0.38304004073143005, -0.9236104488372803, -0.014963680878281593, -0.0438232421875], [0.0, 0.0, 0.0, 1.0]]], "view": [[0.0, -2.0, 100.0], [-2.0, 0.0, 100.0], [0.0, 0.0, 1.0]], "bev": "bev_eb4b6de953e247bcafe77dffd79bc8ed.png", "aux": "aux_eb4b6de953e247bcafe77dffd79bc8ed.npz", "visibility": "visibility_eb4b6de953e247bcafe77dffd79bc8ed.png", "pose": [[-0.8183311223983765, -0.5747470855712891, 0.0, 1197.8009033203125], [0.5747470855712891, -0.8183311223983765, 0.0, 1125.6171875], [0.0, 0.0, 1.0, 0.0], [0.0, 0.0, 0.0, 1.0]], "pose_inverse": [[-0.8183311223983765, 0.5747470855712891, 0.0, 333.2525329589844], [-0.5747470855712891, -0.8183311223983765, 0.0, 1609.5601806640625], [0.0, 0.0, 1.0, 0.0], [0.0, 0.0, 0.0, 1.0]], "cam_ids": [0, 1, 2, 3, 4, 5], "cam_channels": ["CAM_FRONT_LEFT", "CAM_FRONT", "CAM_FRONT_RIGHT", "CAM_BACK_LEFT", "CAM_BACK", "CAM_BACK_RIGHT"], "token": "eb4b6de953e247bcafe77dffd79bc8ed", "scene": "scene-0097"}, {"images": ["samples/CAM_FRONT_LEFT/n008-2018-08-01-15-16-36-0400__CAM_FRONT_LEFT__1533151347004799.jpg", "samples/CAM_FRONT/n008-2018-08-01-15-16-36-0400__CAM_FRONT__1533151347012404.jpg", "samples/CAM_FRONT_RIGHT/n008-2018-08-01-15-16-36-0400__CAM_FRONT_RIGHT__1533151347020482.jpg", "samples/CAM_BACK_LEFT/n008-2018-08-01-15-16-36-0400__CAM_BACK_LEFT__1533151347047405.jpg", "samples/CAM_BACK/n008-2018-08-01-15-16-36-0400__CAM_BACK__1533151347037558.jpg", "samples/CAM_BACK_RIGHT/n008-2018-08-01-15-16-36-0400__CAM_BACK_RIGHT__1533151347028113.jpg"], "intrinsics": [[[1257.8625342125129, 0.0, 827.2410631095686], [0.0, 1257.8625342125129, 450.915498205774], [0.0, 0.0, 1.0]], [[1252.8131021185304, 0.0, 826.588114781398], [0.0, 1252.8131021185304, 469.9846626224581], [0.0, 0.0, 1.0]], [[1256.7485116440405, 0.0, 817.7887570959712], [0.0, 1256.7485116440403, 451.9541780095127], [0.0, 0.0, 1.0]], [[1254.9860565800168, 0.0, 829.5769333630991], [0.0, 1254.9860565800168, 467.1680561863987], [0.0, 0.0, 1.0]], [[796.8910634503094, 0.0, 857.7774326863696], [0.0, 796.8910634503094, 476.8848988407415], [0.0, 0.0, 1.0]], [[1249.9629280788233, 0.0, 825.3768045375984], [0.0, 1249.9629280788233, 462.54816385708756], [0.0, 0.0, 1.0]]], "extrinsics": [[[0.8225297331809998, -0.5687218904495239, 0.0005005518323741853, -1.00494384765625], [0.026201244443655014, 0.03701504319906235, -0.998971164226532, 1.4882965087890625], [0.5681182146072388, 0.8216966390609741, 0.0453471913933754, -1.3333740234375], [0.0, 0.0, 0.0, 1.0]], [[0.010614444501698017, -0.9994117021560669, -0.03261522576212883, 0.0052490234375], [0.02815244160592556, 0.03290281444787979, -0.9990620017051697, 1.4801673889160156], [0.9995471835136414, 0.00968628004193306, 0.028485121205449104, -1.734649658203125], [0.0, 0.0, 0.0, 1.0]], [[-0.8434409499168396, -0.5354570150375366, -0.04351097345352173, 1.090576171875], [0.036168165504932404, 0.024211155250668526, -0.9990523457527161, 1.493072509765625], [0.536003053188324, -0.8442153930664062, -0.0010541845113039017, -1.2777099609375], [0.0, 0.0, 0.0, 1.0]], [[0.9477035403251648, 0.31833845376968384, 0.022775428369641304, -1.14398193359375], [0.010780862532556057, 0.03939005360007286, -0.9991657137870789, 1.562042236328125], [-0.3189699947834015, 0.9471584558486938, 0.03389812633395195, -0.1561279296875], [0.0, 0.0, 0.0, 1.0]], [[0.008871115744113922, 0.9994491934776306, 0.031980011612176895, -0.0289306640625], [0.012906137853860855, 0.03186416998505592, -0.9994088411331177, 1.5680580139160156], [-0.9998774528503418, 0.009278631769120693, -0.012616360560059547, 0.04425048828125], [0.0, 0.0, 0.0, 1.0]], [[-0.9235628843307495, 0.38324975967407227, -0.012293986044824123, 1.160675048828125], [0.017107104882597923, 0.009152821265161037, -0.9998117685317993, 1.547811508178711], [-0.3830650746822357, -0.9235994219779968, -0.015009498223662376, -0.043701171875], [0.0, 0.0, 0.0, 1.0]]], "view": [[0.0, -2.0, 100.0], [-2.0, 0.0, 100.0], [0.0, 0.0, 1.0]], "bev": "bev_b04b95006e24460bacaaf80e299dff01.png", "aux": "aux_b04b95006e24460bacaaf80e299dff01.npz", "visibility": "visibility_b04b95006e24460bacaaf80e299dff01.png", "pose": [[-0.818364143371582, -0.5747000575065613, 0.0, 1197.8009033203125], [0.5747000575065613, -0.818364143371582, 0.0, 1125.6171875], [0.0, 0.0, 1.0, 0.0], [0.0, 0.0, 0.0, 1.0]], "pose_inverse": [[-0.818364143371582, 0.5747000575065613, 0.0, 333.34503173828125], [-0.5747000575065613, -0.818364143371582, 0.0, 1609.541015625], [0.0, 0.0, 1.0, 0.0], [0.0, 0.0, 0.0, 1.0]], "cam_ids": [0, 1, 2, 3, 4, 5], "cam_channels": ["CAM_FRONT_LEFT", "CAM_FRONT", "CAM_FRONT_RIGHT", "CAM_BACK_LEFT", "CAM_BACK", "CAM_BACK_RIGHT"], "token": "b04b95006e24460bacaaf80e299dff01", "scene": "scene-0097"}, {"images": ["samples/CAM_FRONT_LEFT/n008-2018-08-01-15-16-36-0400__CAM_FRONT_LEFT__1533151347504799.jpg", "samples/CAM_FRONT/n008-2018-08-01-15-16-36-0400__CAM_FRONT__1533151347512404.jpg", "samples/CAM_FRONT_RIGHT/n008-2018-08-01-15-16-36-0400__CAM_FRONT_RIGHT__1533151347520482.jpg", "samples/CAM_BACK_LEFT/n008-2018-08-01-15-16-36-0400__CAM_BACK_LEFT__1533151347547646.jpg", "samples/CAM_BACK/n008-2018-08-01-15-16-36-0400__CAM_BACK__1533151347537558.jpg", "samples/CAM_BACK_RIGHT/n008-2018-08-01-15-16-36-0400__CAM_BACK_RIGHT__1533151347528113.jpg"], "intrinsics": [[[1257.8625342125129, 0.0, 827.2410631095686], [0.0, 1257.8625342125129, 450.915498205774], [0.0, 0.0, 1.0]], [[1252.8131021185304, 0.0, 826.588114781398], [0.0, 1252.8131021185304, 469.9846626224581], [0.0, 0.0, 1.0]], [[1256.7485116440405, 0.0, 817.7887570959712], [0.0, 1256.7485116440403, 451.9541780095127], [0.0, 0.0, 1.0]], [[1254.9860565800168, 0.0, 829.5769333630991], [0.0, 1254.9860565800168, 467.1680561863987], [0.0, 0.0, 1.0]], [[796.8910634503094, 0.0, 857.7774326863696], [0.0, 796.8910634503094, 476.8848988407415], [0.0, 0.0, 1.0]], [[1249.9629280788233, 0.0, 825.3768045375984], [0.0, 1249.9629280788233, 462.54816385708756], [0.0, 0.0, 1.0]]], "extrinsics": [[[0.8225336670875549, -0.5687163472175598, 0.00043870636727660894, -1.00494384765625], [0.026146849617362022, 0.03704554960131645, -0.9989714622497559, 1.4882965087890625], [0.5681150555610657, 0.8216990232467651, 0.04534135386347771, -1.3333740234375], [0.0, 0.0, 0.0, 1.0]], [[0.010618217289447784, -0.9994106888771057, -0.03264159709215164, 0.00537109375], [0.028106797486543655, 0.032928839325904846, -0.9990624189376831, 1.48016357421875], [0.9995484948158264, 0.009690800681710243, 0.028439879417419434, -1.7347412109375], [0.0, 0.0, 0.0, 1.0]], [[-0.8434404134750366, -0.5354593992233276, -0.04349169507622719, 1.0904541015625], [0.036131810396909714, 0.024232439696788788, -0.9990531802177429, 1.493072509765625], [0.5360063314437866, -0.8442132472991943, -0.0010915041202679276, -1.277587890625], [0.0, 0.0, 0.0, 1.0]], [[0.9477041363716125, 0.31833893060684204, 0.022740721702575684, -1.14398193359375], [0.010742909274995327, 0.03939404338598251, -0.999165952205658, 1.562042236328125], [-0.3189692795276642, 0.9471580386161804, 0.03391401097178459, -0.156005859375], [0.0, 0.0, 0.0, 1.0]], [[0.008870439603924751, 0.9994485378265381, 0.03199634701013565, -0.0286865234375], [0.012877496890723705, 0.03188077360391617, -0.9994087219238281, 1.5680618286132812], [-0.9998778104782104, 0.00927725713700056, -0.012587601318955421, 0.0443115234375], [0.0, 0.0, 0.0, 1.0]], [[-0.9235642552375793, 0.3832475543022156, -0.012258979491889477, 1.16058349609375], [0.017078593373298645, 0.009175539016723633, -0.9998120665550232, 1.547811508178711], [-0.3830629587173462, -0.9236000776290894, -0.01501952763646841, -0.043701171875], [0.0, 0.0, 0.0, 1.0]]], "view": [[0.0, -2.0, 100.0], [-2.0, 0.0, 100.0], [0.0, 0.0, 1.0]], "bev": "bev_1dd5d04e621f4fe791bff994708af69b.png", "aux": "aux_1dd5d04e621f4fe791bff994708af69b.npz", "visibility": "visibility_1dd5d04e621f4fe791bff994708af69b.png", "pose": [[-0.8183672428131104, -0.5746955871582031, 0.0, 1197.8009033203125], [0.5746955871582031, -0.8183672428131104, 0.0, 1125.6171875], [0.0, 0.0, 1.0, 0.0], [0.0, 0.0, 0.0, 1.0]], "pose_inverse": [[-0.8183672428131104, 0.5746955871582031, 0.0, 333.353759765625], [-0.5746955871582031, -0.8183672428131104, 0.0, 1609.5391845703125], [0.0, 0.0, 1.0, 0.0], [0.0, 0.0, 0.0, 1.0]], "cam_ids": [0, 1, 2, 3, 4, 5], "cam_channels": ["CAM_FRONT_LEFT", "CAM_FRONT", "CAM_FRONT_RIGHT", "CAM_BACK_LEFT", "CAM_BACK", "CAM_BACK_RIGHT"], "token": "1dd5d04e621f4fe791bff994708af69b", "scene": "scene-0097"}, {"images": ["samples/CAM_FRONT_LEFT/n008-2018-08-01-15-16-36-0400__CAM_FRONT_LEFT__1533151348004799.jpg", "samples/CAM_FRONT/n008-2018-08-01-15-16-36-0400__CAM_FRONT__1533151348012404.jpg", "samples/CAM_FRONT_RIGHT/n008-2018-08-01-15-16-36-0400__CAM_FRONT_RIGHT__1533151348020482.jpg", "samples/CAM_BACK_LEFT/n008-2018-08-01-15-16-36-0400__CAM_BACK_LEFT__1533151348047405.jpg", "samples/CAM_BACK/n008-2018-08-01-15-16-36-0400__CAM_BACK__1533151348037558.jpg", "samples/CAM_BACK_RIGHT/n008-2018-08-01-15-16-36-0400__CAM_BACK_RIGHT__1533151348028113.jpg"], "intrinsics": [[[1257.8625342125129, 0.0, 827.2410631095686], [0.0, 1257.8625342125129, 450.915498205774], [0.0, 0.0, 1.0]], [[1252.8131021185304, 0.0, 826.588114781398], [0.0, 1252.8131021185304, 469.9846626224581], [0.0, 0.0, 1.0]], [[1256.7485116440405, 0.0, 817.7887570959712], [0.0, 1256.7485116440403, 451.9541780095127], [0.0, 0.0, 1.0]], [[1254.9860565800168, 0.0, 829.5769333630991], [0.0, 1254.9860565800168, 467.1680561863987], [0.0, 0.0, 1.0]], [[796.8910634503094, 0.0, 857.7774326863696], [0.0, 796.8910634503094, 476.8848988407415], [0.0, 0.0, 1.0]], [[1249.9629280788233, 0.0, 825.3768045375984], [0.0, 1249.9629280788233, 462.54816385708756], [0.0, 0.0, 1.0]]], "extrinsics": [[[0.8225390911102295, -0.5687085390090942, 0.0003582483041100204, -1.00494384765625], [0.026014119386672974, 0.03699565678834915, -0.9989767670631409, 1.4882965087890625], [0.5681133270263672, 0.8217067718505859, 0.04522482678294182, -1.3333740234375], [0.0, 0.0, 0.0, 1.0]], [[0.010622521862387657, -0.9994123578071594, -0.03258984163403511, 0.00537109375], [0.027967257425189018, 0.032875873148441315, -0.9990680813789368, 1.4801673889160156], [0.9995524287223816, 0.009701227769255638, 0.028300048783421516, -1.73480224609375], [0.0, 0.0, 0.0, 1.0]], [[-0.843442440032959, -0.5354686975479126, -0.04333772137761116, 1.090576171875], [0.03598508611321449, 0.024176254868507385, -0.9990598559379578, 1.493072509765625], [0.5360130071640015, -0.8442090153694153, -0.0011223946930840611, -1.2774658203125], [0.0, 0.0, 0.0, 1.0]], [[0.9477066397666931, 0.3183409571647644, 0.022607801482081413, -1.14385986328125], [0.010619157925248146, 0.0393451489508152, -0.9991692304611206, 1.5620498657226562], [-0.31896600127220154, 0.9471594095230103, 0.033907148987054825, -0.156005859375], [0.0, 0.0, 0.0, 1.0]], [[0.008870875462889671, 0.99945068359375, 0.03193315863609314, -0.0289306640625], [0.012741796672344208, 0.03181884065270424, -0.9994124174118042, 1.5680618286132812], [-0.9998795390129089, 0.00927253533154726, -0.012452536262571812, 0.044342041015625], [0.0, 0.0, 0.0, 1.0]], [[-0.923568606376648, 0.38324037194252014, -0.012154952622950077, 1.16058349609375], [0.01694076880812645, 0.009115064516663551, -0.9998149275779724, 1.5478134155273438], [-0.3830586075782776, -0.9236036539077759, -0.014910774305462837, -0.043701171875], [0.0, 0.0, 0.0, 1.0]]], "view": [[0.0, -2.0, 100.0], [-2.0, 0.0, 100.0], [0.0, 0.0, 1.0]], "bev": "bev_9577cf1a1f31414d90358bd7b104b615.png", "aux": "aux_9577cf1a1f31414d90358bd7b104b615.npz", "visibility": "visibility_9577cf1a1f31414d90358bd7b104b615.png", "pose": [[-0.8182954788208008, -0.5747978091239929, 0.0, 1197.8009033203125], [0.5747978091239929, -0.8182954788208008, 0.0, 1125.6171875], [0.0, 0.0, 1.0, 0.0], [0.0, 0.0, 0.0, 1.0]], "pose_inverse": [[-0.8182954788208008, 0.5747978091239929, 0.0, 333.1527404785156], [-0.5747978091239929, -0.8182954788208008, 0.0, 1609.580810546875], [0.0, 0.0, 1.0, 0.0], [0.0, 0.0, 0.0, 1.0]], "cam_ids": [0, 1, 2, 3, 4, 5], "cam_channels": ["CAM_FRONT_LEFT", "CAM_FRONT", "CAM_FRONT_RIGHT", "CAM_BACK_LEFT", "CAM_BACK", "CAM_BACK_RIGHT"], "token": "9577cf1a1f31414d90358bd7b104b615", "scene": "scene-0097"}, {"images": ["samples/CAM_FRONT_LEFT/n008-2018-08-01-15-16-36-0400__CAM_FRONT_LEFT__1533151348604799.jpg", "samples/CAM_FRONT/n008-2018-08-01-15-16-36-0400__CAM_FRONT__1533151348612404.jpg", "samples/CAM_FRONT_RIGHT/n008-2018-08-01-15-16-36-0400__CAM_FRONT_RIGHT__1533151348620482.jpg", "samples/CAM_BACK_LEFT/n008-2018-08-01-15-16-36-0400__CAM_BACK_LEFT__1533151348647405.jpg", "samples/CAM_BACK/n008-2018-08-01-15-16-36-0400__CAM_BACK__1533151348637558.jpg", "samples/CAM_BACK_RIGHT/n008-2018-08-01-15-16-36-0400__CAM_BACK_RIGHT__1533151348628113.jpg"], "intrinsics": [[[1257.8625342125129, 0.0, 827.2410631095686], [0.0, 1257.8625342125129, 450.915498205774], [0.0, 0.0, 1.0]], [[1252.8131021185304, 0.0, 826.588114781398], [0.0, 1252.8131021185304, 469.9846626224581], [0.0, 0.0, 1.0]], [[1256.7485116440405, 0.0, 817.7887570959712], [0.0, 1256.7485116440403, 451.9541780095127], [0.0, 0.0, 1.0]], [[1254.9860565800168, 0.0, 829.5769333630991], [0.0, 1254.9860565800168, 467.1680561863987], [0.0, 0.0, 1.0]], [[796.8910634503094, 0.0, 857.7774326863696], [0.0, 796.8910634503094, 476.8848988407415], [0.0, 0.0, 1.0]], [[1249.9629280788233, 0.0, 825.3768045375984], [0.0, 1249.9629280788233, 462.54816385708756], [0.0, 0.0, 1.0]]], "extrinsics": [[[0.8225434422492981, -0.5687022805213928, 0.0002834748011082411, -1.00506591796875], [0.025887759402394295, 0.03694484755396843, -0.9989818930625916, 1.4883041381835938], [0.568112850189209, 0.8217133283615112, 0.045111168175935745, -1.3333740234375], [0.0, 0.0, 0.0, 1.0]], [[0.010626936331391335, -0.9994135499000549, -0.03255085274577141, 0.00537109375], [0.0278546791523695, 0.032835930585861206, -0.9990724921226501, 1.4801673889160156], [0.9995554685592651, 0.009710395708680153, 0.02818729169666767, -1.734588623046875], [0.0, 0.0, 0.0, 1.0]], [[-0.8434419631958008, -0.5354774594306946, -0.043239906430244446, 1.0906982421875], [0.03588720038533211, 0.024147922173142433, -0.999064028263092, 1.493072509765625], [0.5360203981399536, -0.844204306602478, -0.0011505853617563844, -1.2774658203125], [0.0, 0.0, 0.0, 1.0]], [[0.947708785533905, 0.3183419704437256, 0.022506309673190117, -1.1439208984375], [0.010518577881157398, 0.03932597115635872, -0.9991710186004639, 1.562042236328125], [-0.3189631700515747, 0.9471598863601685, 0.03392105922102928, -0.1561279296875], [0.0, 0.0, 0.0, 1.0]], [[0.008869375102221966, 0.9994509816169739, 0.03192257508635521, -0.0286865234375], [0.012643752619624138, 0.03180919215083122, -0.9994139671325684, 1.5680656433105469], [-0.9998806715011597, 0.009267790243029594, -0.012354684062302113, 0.0443115234375], [0.0, 0.0, 0.0, 1.0]], [[-0.9235731959342957, 0.3832322359085083, -0.012066986411809921, 1.16064453125], [0.01683749072253704, 0.009095991961658001, -0.9998168349266052, 1.5478134155273438], [-0.3830522894859314, -0.9236072897911072, -0.014853483065962791, -0.043701171875], [0.0, 0.0, 0.0, 1.0]]], "view": [[0.0, -2.0, 100.0], [-2.0, 0.0, 100.0], [0.0, 0.0, 1.0]], "bev": "bev_b0a2fb669af14c0289675261bee29949.png", "aux": "aux_b0a2fb669af14c0289675261bee29949.npz", "visibility": "visibility_b0a2fb669af14c0289675261bee29949.png", "pose": [[-0.8183193206787109, -0.5747638940811157, 0.0, 1197.8009033203125], [0.5747638940811157, -0.8183193206787109, 0.0, 1125.6171875], [0.0, 0.0, 1.0, 0.0], [0.0, 0.0, 0.0, 1.0]], "pose_inverse": [[-0.8183193206787109, 0.5747638940811157, 0.0, 333.2194519042969], [-0.5747638940811157, -0.8183193206787109, 0.0, 1609.5670166015625], [0.0, 0.0, 1.0, 0.0], [0.0, 0.0, 0.0, 1.0]], "cam_ids": [0, 1, 2, 3, 4, 5], "cam_channels": ["CAM_FRONT_LEFT", "CAM_FRONT", "CAM_FRONT_RIGHT", "CAM_BACK_LEFT", "CAM_BACK", "CAM_BACK_RIGHT"], "token": "b0a2fb669af14c0289675261bee29949", "scene": "scene-0097"}, {"images": ["samples/CAM_FRONT_LEFT/n008-2018-08-01-15-16-36-0400__CAM_FRONT_LEFT__1533151349104799.jpg", "samples/CAM_FRONT/n008-2018-08-01-15-16-36-0400__CAM_FRONT__1533151349112404.jpg", "samples/CAM_FRONT_RIGHT/n008-2018-08-01-15-16-36-0400__CAM_FRONT_RIGHT__1533151349120482.jpg", "samples/CAM_BACK_LEFT/n008-2018-08-01-15-16-36-0400__CAM_BACK_LEFT__1533151349147405.jpg", "samples/CAM_BACK/n008-2018-08-01-15-16-36-0400__CAM_BACK__1533151349137558.jpg", "samples/CAM_BACK_RIGHT/n008-2018-08-01-15-16-36-0400__CAM_BACK_RIGHT__1533151349128113.jpg"], "intrinsics": [[[1257.8625342125129, 0.0, 827.2410631095686], [0.0, 1257.8625342125129, 450.915498205774], [0.0, 0.0, 1.0]], [[1252.8131021185304, 0.0, 826.588114781398], [0.0, 1252.8131021185304, 469.9846626224581], [0.0, 0.0, 1.0]], [[1256.7485116440405, 0.0, 817.7887570959712], [0.0, 1256.7485116440403, 451.9541780095127], [0.0, 0.0, 1.0]], [[1254.9860565800168, 0.0, 829.5769333630991], [0.0, 1254.9860565800168, 467.1680561863987], [0.0, 0.0, 1.0]], [[796.8910634503094, 0.0, 857.7774326863696], [0.0, 796.8910634503094, 476.8848988407415], [0.0, 0.0, 1.0]], [[1249.9629280788233, 0.0, 825.3768045375984], [0.0, 1249.9629280788233, 462.54816385708756], [0.0, 0.0, 1.0]]], "extrinsics": [[[0.8225393891334534, -0.5687081217765808, 0.00030015557422302663, -1.00506591796875], [0.025914164260029793, 0.03695317730307579, -0.9989809393882751, 1.4882965087890625], [0.5681174397468567, 0.8217089772224426, 0.045133039355278015, -1.3333740234375], [0.0, 0.0, 0.0, 1.0]], [[0.010619272477924824, -0.9994138479232788, -0.03254728391766548, 0.005615234375], [0.027870167046785355, 0.03283229470252991, -0.999072253704071, 1.48016357421875], [0.9995551705360413, 0.009702343493700027, 0.02820248156785965, -1.73480224609375], [0.0, 0.0, 0.0, 1.0]], [[-0.8434470295906067, -0.5354699492454529, -0.043234337121248245, 1.0906982421875], [0.03589104115962982, 0.024131502956151962, -0.9990642666816711, 1.493072509765625], [0.5360121726989746, -0.8442094922065735, -0.0011350727872923017, -1.277587890625], [0.0, 0.0, 0.0, 1.0]], [[0.9477087259292603, 0.3183434009552002, 0.022487308830022812, -1.14404296875], [0.010508839040994644, 0.0392952524125576, -0.9991723895072937, 1.562042236328125], [-0.31896355748176575, 0.9471607208251953, 0.03389503434300423, -0.15625], [0.0, 0.0, 0.0, 1.0]], [[0.008874417282640934, 0.9994519948959351, 0.031889814883470535, -0.02880859375], [0.01264136005192995, 0.031776390969753265, -0.9994150400161743, 1.5680618286132812], [-0.9998807907104492, 0.009272375144064426, -0.012352438643574715, 0.044219970703125], [0.0, 0.0, 0.0, 1.0]], [[-0.9235695004463196, 0.38324084877967834, -0.012077397666871548, 1.1607666015625], [0.01683846488595009, 0.009070804342627525, -0.9998170733451843, 1.5478134155273438], [-0.3830612301826477, -0.923603892326355, -0.014830706641077995, -0.043701171875], [0.0, 0.0, 0.0, 1.0]]], "view": [[0.0, -2.0, 100.0], [-2.0, 0.0, 100.0], [0.0, 0.0, 1.0]], "bev": "bev_6b3c851413064994bb0babae7e74efad.png", "aux": "aux_6b3c851413064994bb0babae7e74efad.npz", "visibility": "visibility_6b3c851413064994bb0babae7e74efad.png", "pose": [[-0.8183302879333496, -0.5747482776641846, 0.0, 1197.8009033203125], [0.5747482776641846, -0.8183302879333496, 0.0, 1125.6171875], [0.0, 0.0, 1.0, 0.0], [0.0, 0.0, 0.0, 1.0]], "pose_inverse": [[-0.8183302879333496, 0.5747482776641846, 0.0, 333.25018310546875], [-0.5747482776641846, -0.8183302879333496, 0.0, 1609.5606689453125], [0.0, 0.0, 1.0, 0.0], [0.0, 0.0, 0.0, 1.0]], "cam_ids": [0, 1, 2, 3, 4, 5], "cam_channels": ["CAM_FRONT_LEFT", "CAM_FRONT", "CAM_FRONT_RIGHT", "CAM_BACK_LEFT", "CAM_BACK", "CAM_BACK_RIGHT"], "token": "6b3c851413064994bb0babae7e74efad", "scene": "scene-0097"}, {"images": ["samples/CAM_FRONT_LEFT/n008-2018-08-01-15-16-36-0400__CAM_FRONT_LEFT__1533151349604799.jpg", "samples/CAM_FRONT/n008-2018-08-01-15-16-36-0400__CAM_FRONT__1533151349612404.jpg", "samples/CAM_FRONT_RIGHT/n008-2018-08-01-15-16-36-0400__CAM_FRONT_RIGHT__1533151349620482.jpg", "samples/CAM_BACK_LEFT/n008-2018-08-01-15-16-36-0400__CAM_BACK_LEFT__1533151349647405.jpg", "samples/CAM_BACK/n008-2018-08-01-15-16-36-0400__CAM_BACK__1533151349637558.jpg", "samples/CAM_BACK_RIGHT/n008-2018-08-01-15-16-36-0400__CAM_BACK_RIGHT__1533151349628113.jpg"], "intrinsics": [[[1257.8625342125129, 0.0, 827.2410631095686], [0.0, 1257.8625342125129, 450.915498205774], [0.0, 0.0, 1.0]], [[1252.8131021185304, 0.0, 826.588114781398], [0.0, 1252.8131021185304, 469.9846626224581], [0.0, 0.0, 1.0]], [[1256.7485116440405, 0.0, 817.7887570959712], [0.0, 1256.7485116440403, 451.9541780095127], [0.0, 0.0, 1.0]], [[1254.9860565800168, 0.0, 829.5769333630991], [0.0, 1254.9860565800168, 467.1680561863987], [0.0, 0.0, 1.0]], [[796.8910634503094, 0.0, 857.7774326863696], [0.0, 796.8910634503094, 476.8848988407415], [0.0, 0.0, 1.0]], [[1249.9629280788233, 0.0, 825.3768045375984], [0.0, 1249.9629280788233, 462.54816385708756], [0.0, 0.0, 1.0]]], "extrinsics": [[[0.8225566148757935, -0.5686832070350647, 0.0002561287838034332, -1.00494384765625], [0.02585325948894024, 0.036944832652807236, -0.998982846736908, 1.4882965087890625], [0.5680952668190002, 0.8217266201972961, 0.04509153217077255, -1.3333740234375], [0.0, 0.0, 0.0, 1.0]], [[0.010644284076988697, -0.9994140267372131, -0.03253021836280823, 0.0052490234375], [0.02781817689538002, 0.03281543403863907, -0.9990742206573486, 1.4801597595214844], [0.999556303024292, 0.009729468263685703, 0.028151175007224083, -1.734649658203125], [0.0, 0.0, 0.0, 1.0]], [[-0.8434366583824158, -0.5354899168014526, -0.043184712529182434, 1.0904541015625], [0.035848602652549744, 0.024105709046125412, -0.9990664124488831, 1.4930686950683594], [0.536031186580658, -0.8441975116729736, -0.001135071855969727, -1.2774658203125], [0.0, 0.0, 0.0, 1.0]], [[0.9477096796035767, 0.31834399700164795, 0.022441629320383072, -1.1439208984375], [0.010468862019479275, 0.03927087038755417, -0.9991737604141235, 1.562042236328125], [-0.3189622461795807, 0.9471614956855774, 0.0338846817612648, -0.1561279296875], [0.0, 0.0, 0.0, 1.0]], [[0.008866718970239162, 0.9994528889656067, 0.03186409920454025, -0.0286865234375], [0.012590036727488041, 0.03175124526023865, -0.9994164705276489, 1.5680618286132812], [-0.9998814463615417, 0.009262778796255589, -0.012301617302000523, 0.044281005859375], [0.0, 0.0, 0.0, 1.0]], [[-0.9235767722129822, 0.3832240402698517, -0.012052508071064949, 1.16070556640625], [0.016798563301563263, 0.009040264412760735, -0.9998180270195007, 1.547811508178711], [-0.38304537534713745, -0.9236111640930176, -0.01478699129074812, -0.0438232421875], [0.0, 0.0, 0.0, 1.0]]], "view": [[0.0, -2.0, 100.0], [-2.0, 0.0, 100.0], [0.0, 0.0, 1.0]], "bev": "bev_fd7fed4b72f645ad886c561410662e33.png", "aux": "aux_fd7fed4b72f645ad886c561410662e33.npz", "visibility": "visibility_fd7fed4b72f645ad886c561410662e33.png", "pose": [[-0.8182966709136963, -0.5747960805892944, 0.0, 1197.8009033203125], [0.5747960805892944, -0.8182966709136963, 0.0, 1125.6171875], [0.0, 0.0, 1.0, 0.0], [0.0, 0.0, 0.0, 1.0]], "pose_inverse": [[-0.8182966709136963, 0.5747960805892944, 0.0, 333.1561279296875], [-0.5747960805892944, -0.8182966709136963, 0.0, 1609.580078125], [0.0, 0.0, 1.0, 0.0], [0.0, 0.0, 0.0, 1.0]], "cam_ids": [0, 1, 2, 3, 4, 5], "cam_channels": ["CAM_FRONT_LEFT", "CAM_FRONT", "CAM_FRONT_RIGHT", "CAM_BACK_LEFT", "CAM_BACK", "CAM_BACK_RIGHT"], "token": "fd7fed4b72f645ad886c561410662e33", "scene": "scene-0097"}, {"images": ["samples/CAM_FRONT_LEFT/n008-2018-08-01-15-16-36-0400__CAM_FRONT_LEFT__1533151350104799.jpg", "samples/CAM_FRONT/n008-2018-08-01-15-16-36-0400__CAM_FRONT__1533151350112404.jpg", "samples/CAM_FRONT_RIGHT/n008-2018-08-01-15-16-36-0400__CAM_FRONT_RIGHT__1533151350120482.jpg", "samples/CAM_BACK_LEFT/n008-2018-08-01-15-16-36-0400__CAM_BACK_LEFT__1533151350147405.jpg", "samples/CAM_BACK/n008-2018-08-01-15-16-36-0400__CAM_BACK__1533151350137558.jpg", "samples/CAM_BACK_RIGHT/n008-2018-08-01-15-16-36-0400__CAM_BACK_RIGHT__1533151350128113.jpg"], "intrinsics": [[[1257.8625342125129, 0.0, 827.2410631095686], [0.0, 1257.8625342125129, 450.915498205774], [0.0, 0.0, 1.0]], [[1252.8131021185304, 0.0, 826.588114781398], [0.0, 1252.8131021185304, 469.9846626224581], [0.0, 0.0, 1.0]], [[1256.7485116440405, 0.0, 817.7887570959712], [0.0, 1256.7485116440403, 451.9541780095127], [0.0, 0.0, 1.0]], [[1254.9860565800168, 0.0, 829.5769333630991], [0.0, 1254.9860565800168, 467.1680561863987], [0.0, 0.0, 1.0]], [[796.8910634503094, 0.0, 857.7774326863696], [0.0, 796.8910634503094, 476.8848988407415], [0.0, 0.0, 1.0]], [[1249.9629280788233, 0.0, 825.3768045375984], [0.0, 1249.9629280788233, 462.54816385708756], [0.0, 0.0, 1.0]]], "extrinsics": [[[0.8225439786911011, -0.5687015056610107, 0.00024724655668251216, -1.00494384765625], [0.025768551975488663, 0.03683614730834961, -0.9989890456199646, 1.4882965087890625], [0.5681174397468567, 0.8217188119888306, 0.04495396465063095, -1.3333740234375], [0.0, 0.0, 0.0, 1.0]], [[0.010622215457260609, -0.9994173049926758, -0.032437726855278015, 0.0054931640625], [0.027724429965019226, 0.032721444964408875, -0.9990799427032471, 1.48016357421875], [0.9995591044425964, 0.00971309281885624, 0.02805585041642189, -1.73468017578125], [0.0, 0.0, 0.0, 1.0]], [[-0.8434494137763977, -0.5354803800582886, -0.043055374175310135, 1.0904541015625], [0.035745225846767426, 0.02402726374566555, -0.9990720152854919, 1.493072509765625], [0.5360180139541626, -0.8442057967185974, -0.0011249156668782234, -1.277587890625], [0.0, 0.0, 0.0, 1.0]], [[0.947711706161499, 0.31834647059440613, 0.022313471883535385, -1.1439208984375], [0.010360253974795341, 0.039191871881484985, -0.9991779923439026, 1.562042236328125], [-0.3189593255519867, 0.9471638798713684, 0.03384444862604141, -0.1561279296875], [0.0, 0.0, 0.0, 1.0]], [[0.008875499479472637, 0.9994552731513977, 0.03178710117936134, -0.0289306640625], [0.01248455885797739, 0.03167511895298958, -0.9994202256202698, 1.5680580139160156], [-0.9998826384544373, 0.009267104789614677, -0.012196628376841545, 0.04437255859375], [0.0, 0.0, 0.0, 1.0]], [[-0.9235736131668091, 0.3832338750362396, -0.011979234404861927, 1.160614013671875], [0.016691548749804497, 0.008973090909421444, -0.9998204112052917, 1.547811508178711], [-0.38305750489234924, -0.9236077070236206, -0.014684077352285385, -0.043701171875], [0.0, 0.0, 0.0, 1.0]]], "view": [[0.0, -2.0, 100.0], [-2.0, 0.0, 100.0], [0.0, 0.0, 1.0]], "bev": "bev_6bf8421a1f32469f99868bbbeea9a200.png", "aux": "aux_6bf8421a1f32469f99868bbbeea9a200.npz", "visibility": "visibility_6bf8421a1f32469f99868bbbeea9a200.png", "pose": [[-0.8182875514030457, -0.5748090744018555, 0.0, 1197.8009033203125], [0.5748090744018555, -0.8182875514030457, 0.0, 1125.6171875], [0.0, 0.0, 1.0, 0.0], [0.0, 0.0, 0.0, 1.0]], "pose_inverse": [[-0.8182875514030457, 0.5748090744018555, 0.0, 333.1306457519531], [-0.5748090744018555, -0.8182875514030457, 0.0, 1609.5853271484375], [0.0, 0.0, 1.0, 0.0], [0.0, 0.0, 0.0, 1.0]], "cam_ids": [0, 1, 2, 3, 4, 5], "cam_channels": ["CAM_FRONT_LEFT", "CAM_FRONT", "CAM_FRONT_RIGHT", "CAM_BACK_LEFT", "CAM_BACK", "CAM_BACK_RIGHT"], "token": "6bf8421a1f32469f99868bbbeea9a200", "scene": "scene-0097"}, {"images": ["samples/CAM_FRONT_LEFT/n008-2018-08-01-15-16-36-0400__CAM_FRONT_LEFT__1533151350604799.jpg", "samples/CAM_FRONT/n008-2018-08-01-15-16-36-0400__CAM_FRONT__1533151350612404.jpg", "samples/CAM_FRONT_RIGHT/n008-2018-08-01-15-16-36-0400__CAM_FRONT_RIGHT__1533151350620482.jpg", "samples/CAM_BACK_LEFT/n008-2018-08-01-15-16-36-0400__CAM_BACK_LEFT__1533151350647405.jpg", "samples/CAM_BACK/n008-2018-08-01-15-16-36-0400__CAM_BACK__1533151350637558.jpg", "samples/CAM_BACK_RIGHT/n008-2018-08-01-15-16-36-0400__CAM_BACK_RIGHT__1533151350628113.jpg"], "intrinsics": [[[1257.8625342125129, 0.0, 827.2410631095686], [0.0, 1257.8625342125129, 450.915498205774], [0.0, 0.0, 1.0]], [[1252.8131021185304, 0.0, 826.588114781398], [0.0, 1252.8131021185304, 469.9846626224581], [0.0, 0.0, 1.0]], [[1256.7485116440405, 0.0, 817.7887570959712], [0.0, 1256.7485116440403, 451.9541780095127], [0.0, 0.0, 1.0]], [[1254.9860565800168, 0.0, 829.5769333630991], [0.0, 1254.9860565800168, 467.1680561863987], [0.0, 0.0, 1.0]], [[796.8910634503094, 0.0, 857.7774326863696], [0.0, 796.8910634503094, 476.8848988407415], [0.0, 0.0, 1.0]], [[1249.9629280788233, 0.0, 825.3768045375984], [0.0, 1249.9629280788233, 462.54816385708756], [0.0, 0.0, 1.0]]], "extrinsics": [[[0.8225494027137756, -0.5686935782432556, 0.0001918187626870349, -1.0050048828125], [0.025705257430672646, 0.03684272617101669, -0.9989904165267944, 1.4882965087890625], [0.5681123733520508, 0.8217238783836365, 0.04492338374257088, -1.3333740234375], [0.0, 0.0, 0.0, 1.0]], [[0.010629916563630104, -0.9994170069694519, -0.03244423493742943, 0.00537109375], [0.02767309918999672, 0.032727666199207306, -0.9990811347961426, 1.4801597595214844], [0.9995604157447815, 0.009722204878926277, 0.028004854917526245, -1.734588623046875], [0.0, 0.0, 0.0, 1.0]], [[-0.8434462547302246, -0.5354878306388855, -0.04302596300840378, 1.090576171875], [0.03570663556456566, 0.02403315342962742, -0.9990732669830322, 1.493072509765625], [0.5360256433486938, -0.8442009687423706, -0.0011502079432830215, -1.2774658203125], [0.0, 0.0, 0.0, 1.0]], [[0.9477124810218811, 0.3183465301990509, 0.02228209562599659, -1.14398193359375], [0.010326209478080273, 0.039194729179143906, -0.9991782307624817, 1.562042236328125], [-0.31895825266838074, 0.9471637010574341, 0.03385802358388901, -0.1561279296875], [0.0, 0.0, 0.0, 1.0]], [[0.008872476406395435, 0.9994552731513977, 0.03178848326206207, -0.02880859375], [0.012454533949494362, 0.03167681396007538, -0.9994205236434937, 1.5680656433105469], [-0.9998830556869507, 0.009263282641768456, -0.012166697531938553, 0.0443115234375], [0.0, 0.0, 0.0, 1.0]], [[-0.923576891422