[{"images": ["samples/CAM_FRONT_LEFT/n008-2018-08-29-16-04-13-0400__CAM_FRONT_LEFT__1535574092854799.jpg", "samples/CAM_FRONT/n008-2018-08-29-16-04-13-0400__CAM_FRONT__1535574092862404.jpg", "samples/CAM_FRONT_RIGHT/n008-2018-08-29-16-04-13-0400__CAM_FRONT_RIGHT__1535574092870482.jpg", "samples/CAM_BACK_LEFT/n008-2018-08-29-16-04-13-0400__CAM_BACK_LEFT__1535574092897405.jpg", "samples/CAM_BACK/n008-2018-08-29-16-04-13-0400__CAM_BACK__1535574092887558.jpg", "samples/CAM_BACK_RIGHT/n008-2018-08-29-16-04-13-0400__CAM_BACK_RIGHT__1535574092878113.jpg"], "intrinsics": [[[1257.8625342125129, 0.0, 827.2410631095686], [0.0, 1257.8625342125129, 450.915498205774], [0.0, 0.0, 1.0]], [[1252.8131021185304, 0.0, 826.588114781398], [0.0, 1252.8131021185304, 469.9846626224581], [0.0, 0.0, 1.0]], [[1256.7485116440405, 0.0, 817.7887570959712], [0.0, 1256.7485116440403, 451.9541780095127], [0.0, 0.0, 1.0]], [[1254.9860565800168, 0.0, 829.5769333630991], [0.0, 1254.9860565800168, 467.1680561863987], [0.0, 0.0, 1.0]], [[796.8910634503094, 0.0, 857.7774326863696], [0.0, 796.8910634503094, 476.8848988407415], [0.0, 0.0, 1.0]], [[1249.9629280788233, 0.0, 825.3768045375984], [0.0, 1249.9629280788233, 462.54816385708756], [0.0, 0.0, 1.0]]], "extrinsics": [[[0.8237863779067993, -0.5668509602546692, 0.00748786423355341, -0.9588623046875], [0.01687970571219921, 0.01132388599216938, -0.9997933506965637, 1.489227294921875], [0.5666490793228149, 0.8237425684928894, 0.018896739929914474, -1.3021240234375], [0.0, 0.0, 0.0, 1.0]], [[0.012181638740003109, -0.999901294708252, -0.006989620625972748, 0.00616455078125], [0.018951211124658585, 0.007219751365482807, -0.9997943639755249, 1.4810333251953125], [0.9997461438179016, 0.012046663090586662, 0.019037289544939995, -1.6888427734375], [0.0, 0.0, 0.0, 1.0]], [[-0.8430250883102417, -0.5374207496643066, -0.022081322968006134, 1.0606689453125], [0.027101688086986542, -0.0014406132977455854, -0.9996316432952881, 1.4940376281738281], [0.5371910333633423, -0.8433130979537964, 0.015779484063386917, -1.2581787109375], [0.0, 0.0, 0.0, 1.0]], [[0.9478657841682434, 0.31860578060150146, 0.006389134097844362, -1.143310546875], [0.002102479338645935, 0.013796497136354446, -0.999902606010437, 1.5620450973510742], [-0.3186629116535187, 0.947786808013916, 0.012407365255057812, -0.1563720703125], [0.0, 0.0, 0.0, 1.0]], [[0.00861437525600195, 0.9999433159828186, 0.00626720255240798, -0.02886962890625], [0.0040649245493113995, 0.006232366431504488, -0.9999722838401794, 1.5681161880493164], [-0.9999547004699707, 0.008639615029096603, -0.004011006560176611, 0.030517578125], [0.0, 0.0, 0.0, 1.0]], [[-0.92403644323349, 0.3820537030696869, -0.01384689286351204, 1.136474609375], [0.008156975731253624, -0.0165086816996336, -0.999830424785614, 1.548025131225586], [-0.3822174370288849, -0.9239926934242249, 0.012138220481574535, -0.0534210205078125], [0.0, 0.0, 0.0, 1.0]]], "view": [[0.0, -2.0, 100.0], [-2.0, 0.0, 100.0], [0.0, 0.0, 1.0]], "bev": "bev_0a59e631ee26413ca3c34e89bf60dc82.png", "aux": "aux_0a59e631ee26413ca3c34e89bf60dc82.npz", "visibility": "visibility_0a59e631ee26413ca3c34e89bf60dc82.png", "pose": [[0.5899705290794373, -0.807424783706665, 0.0, 1669.4429931640625], [0.807424783706665, 0.5899705290794373, 0.0, 1263.911376953125], [0.0, 0.0, 1.0, 0.0], [0.0, 0.0, 0.0, 1.0]], "pose_inverse": [[0.5899705290794373, 0.807424783706665, 0.0, -2005.435546875], [-0.807424783706665, 0.5899705290794373, 0.0, 602.2791748046875], [0.0, 0.0, 1.0, 0.0], [0.0, 0.0, 0.0, 1.0]], "cam_ids": [0, 1, 2, 3, 4, 5], "cam_channels": ["CAM_FRONT_LEFT", "CAM_FRONT", "CAM_FRONT_RIGHT", "CAM_BACK_LEFT", "CAM_BACK", "CAM_BACK_RIGHT"], "token": "0a59e631ee26413ca3c34e89bf60dc82", "scene": "scene-0737"}, {"images": ["samples/CAM_FRONT_LEFT/n008-2018-08-29-16-04-13-0400__CAM_FRONT_LEFT__1535574093404799.jpg", "samples/CAM_FRONT/n008-2018-08-29-16-04-13-0400__CAM_FRONT__1535574093412404.jpg", "samples/CAM_FRONT_RIGHT/n008-2018-08-29-16-04-13-0400__CAM_FRONT_RIGHT__1535574093420482.jpg", "samples/CAM_BACK_LEFT/n008-2018-08-29-16-04-13-0400__CAM_BACK_LEFT__1535574093447405.jpg", "samples/CAM_BACK/n008-2018-08-29-16-04-13-0400__CAM_BACK__1535574093437558.jpg", "samples/CAM_BACK_RIGHT/n008-2018-08-29-16-04-13-0400__CAM_BACK_RIGHT__1535574093428113.jpg"], "intrinsics": [[[1257.8625342125129, 0.0, 827.2410631095686], [0.0, 1257.8625342125129, 450.915498205774], [0.0, 0.0, 1.0]], [[1252.8131021185304, 0.0, 826.588114781398], [0.0, 1252.8131021185304, 469.9846626224581], [0.0, 0.0, 1.0]], [[1256.7485116440405, 0.0, 817.7887570959712], [0.0, 1256.7485116440403, 451.9541780095127], [0.0, 0.0, 1.0]], [[1254.9860565800168, 0.0, 829.5769333630991], [0.0, 1254.9860565800168, 467.1680561863987], [0.0, 0.0, 1.0]], [[796.8910634503094, 0.0, 857.7774326863696], [0.0, 796.8910634503094, 476.8848988407415], [0.0, 0.0, 1.0]], [[1249.9629280788233, 0.0, 825.3768045375984], [0.0, 1249.9629280788233, 462.54816385708756], [0.0, 0.0, 1.0]]], "extrinsics": [[[0.8259522914886475, -0.5636565685272217, 0.009700676426291466, -0.936767578125], [0.0204986110329628, 0.012832341715693474, -0.9997075200080872, 1.4899673461914062], [0.5633672475814819, 0.8259094953536987, 0.022153079509735107, -1.2877197265625], [0.0, 0.0, 0.0, 1.0]], [[0.01543990895152092, -0.999846339225769, -0.008303923532366753, 0.00701904296875], [0.022510379552841187, 0.008650396950542927, -0.9997091889381409, 1.4816932678222656], [0.9996272921562195, 0.015248519368469715, 0.02264048159122467, -1.6666259765625], [0.0, 0.0, 0.0, 1.0]], [[-0.8415783643722534, -0.5395227074623108, -0.0257121492177248, 1.04541015625], [0.03059806488454342, -9.371033956995234e-05, -0.9995317459106445, 1.494720458984375], [0.5392677187919617, -0.8419710397720337, 0.016587216407060623, -1.248291015625], [0.0, 0.0, 0.0, 1.0]], [[0.9478268027305603, 0.31863901019096375, 0.009665807709097862, -1.1424560546875], [0.005213784519582987, 0.014821941964328289, -0.9998765587806702, 1.5620492696762085], [-0.3187429904937744, 0.9477602243423462, 0.012387318536639214, -0.1568603515625], [0.0, 0.0, 0.0, 1.0]], [[0.007596100680530071, 0.999943733215332, 0.00740033108741045, -0.029144287109375], [0.0073408507741987705, 0.007344583049416542, -0.9999460577964783, 1.5682106018066406], [-0.999944269657135, 0.007650100626051426, -0.0072846487164497375, 0.0233154296875], [0.0, 0.0, 0.0, 1.0]], [[-0.9246861338615417, 0.38037052750587463, -0.016544288024306297, 1.124267578125], [0.01159568689763546, -0.015297889709472656, -0.9998157024383545, 1.5482711791992188], [-0.38055357336997986, -0.9247076511383057, 0.009735089726746082, -0.058197021484375], [0.0, 0.0, 0.0, 1.0]]], "view": [[0.0, -2.0, 100.0], [-2.0, 0.0, 100.0], [0.0, 0.0, 1.0]], "bev": "bev_1baeda685ff249e38af852b791ca2baa.png", "aux": "aux_1baeda685ff249e38af852b791ca2baa.npz", "visibility": "visibility_1baeda685ff249e38af852b791ca2baa.png", "pose": [[0.6306183934211731, -0.776093065738678, 0.0, 1669.9779052734375], [0.776093065738678, 0.6306183934211731, 0.0, 1264.601806640625], [0.0, 0.0, 1.0, 0.0], [0.0, 0.0, 0.0, 1.0]], "pose_inverse": [[0.6306183934211731, 0.776093065738678, 0.0, -2034.5675048828125], [-0.776093065738678, 0.6306183934211731, 0.0, 498.57708740234375], [0.0, 0.0, 1.0, 0.0], [0.0, 0.0, 0.0, 1.0]], "cam_ids": [0, 1, 2, 3, 4, 5], "cam_channels": ["CAM_FRONT_LEFT", "CAM_FRONT", "CAM_FRONT_RIGHT", "CAM_BACK_LEFT", "CAM_BACK", "CAM_BACK_RIGHT"], "token": "1baeda685ff249e38af852b791ca2baa", "scene": "scene-0737"}, {"images": ["samples/CAM_FRONT_LEFT/n008-2018-08-29-16-04-13-0400__CAM_FRONT_LEFT__1535574093904799.jpg", "samples/CAM_FRONT/n008-2018-08-29-16-04-13-0400__CAM_FRONT__1535574093912404.jpg", "samples/CAM_FRONT_RIGHT/n008-2018-08-29-16-04-13-0400__CAM_FRONT_RIGHT__1535574093920482.jpg", "samples/CAM_BACK_LEFT/n008-2018-08-29-16-04-13-0400__CAM_BACK_LEFT__1535574093947405.jpg", "samples/CAM_BACK/n008-2018-08-29-16-04-13-0400__CAM_BACK__1535574093937558.jpg", "samples/CAM_BACK_RIGHT/n008-2018-08-29-16-04-13-0400__CAM_BACK_RIGHT__1535574093928113.jpg"], "intrinsics": [[[1257.8625342125129, 0.0, 827.2410631095686], [0.0, 1257.8625342125129, 450.915498205774], [0.0, 0.0, 1.0]], [[1252.8131021185304, 0.0, 826.588114781398], [0.0, 1252.8131021185304, 469.9846626224581], [0.0, 0.0, 1.0]], [[1256.7485116440405, 0.0, 817.7887570959712], [0.0, 1256.7485116440403, 451.9541780095127], [0.0, 0.0, 1.0]], [[1254.9860565800168, 0.0, 829.5769333630991], [0.0, 1254.9860565800168, 467.1680561863987], [0.0, 0.0, 1.0]], [[796.8910634503094, 0.0, 857.7774326863696], [0.0, 796.8910634503094, 476.8848988407415], [0.0, 0.0, 1.0]], [[1249.9629280788233, 0.0, 825.3768045375984], [0.0, 1249.9629280788233, 462.54816385708756], [0.0, 0.0, 1.0]]], "extrinsics": [[[0.8281275629997253, -0.560416579246521, 0.011746841482818127, -0.920166015625], [0.02170007862150669, 0.011111526750028133, -0.9997027516365051, 1.4905128479003906], [0.5601195096969604, 0.8281362652778625, 0.021362846717238426, -1.27606201171875], [0.0, 0.0, 0.0, 1.0]], [[0.01869591698050499, -0.9998043179512024, -0.006446280516684055, 0.00732421875], [0.023745892569422722, 0.0068896072916686535, -0.9996943473815918, 1.482208251953125], [0.9995430707931519, 0.01853707805275917, 0.023870056495070457, -1.6484375], [0.0, 0.0, 0.0, 1.0]], [[-0.8401615023612976, -0.5417235493659973, -0.025772063061594963, 1.0333251953125], [0.03187444433569908, -0.0018842876888811588, -0.9994900822639465, 1.4952468872070312], [0.5413987040519714, -0.8405546545982361, 0.018850242719054222, -1.2406005859375], [0.0, 0.0, 0.0, 1.0]], [[0.9477783441543579, 0.31876081228256226, 0.010376771911978722, -1.1412353515625], [0.006616018712520599, 0.012878503650426865, -0.9998951554298401, 1.5620527267456055], [-0.31886109709739685, 0.9477475881576538, 0.010097038932144642, -0.15777587890625], [0.0, 0.0, 0.0, 1.0]], [[0.006541169714182615, 0.9999634027481079, 0.005503262393176556, -0.02923583984375], [0.008681414648890495, 0.005446385592222214, -0.9999474287033081, 1.5682954788208008], [-0.9999408721923828, 0.006588529795408249, -0.008645473048090935, 0.01708984375], [0.0, 0.0, 0.0, 1.0]], [[-0.9253789186477661, 0.37859368324279785, -0.018453650176525116, 1.1138916015625], [0.012918339110910892, -0.017155686393380165, -0.9997693300247192, 1.5484695434570312], [-0.3788229525089264, -0.925403892993927, 0.010984709486365318, -0.062164306640625], [0.0, 0.0, 0.0, 1.0]]], "view": [[0.0, -2.0, 100.0], [-2.0, 0.0, 100.0], [0.0, 0.0, 1.0]], "bev": "bev_b7eb82df8d0f48b09561b5352cca40cd.png", "aux": "aux_b7eb82df8d0f48b09561b5352cca40cd.npz", "visibility": "visibility_b7eb82df8d0f48b09561b5352cca40cd.png", "pose": [[0.7033025622367859, -0.7108905911445618, 0.0, 1670.7039794921875], [0.7108905911445618, 0.7033025622367859, 0.0, 1265.4075927734375], [0.0, 0.0, 1.0, 0.0], [0.0, 0.0, 0.0, 1.0]], "pose_inverse": [[0.7033025622367859, 0.7108905911445618, 0.0, -2074.576904296875], [-0.7108905911445618, 0.7033025622367859, 0.0, 297.7233581542969], [0.0, 0.0, 1.0, 0.0], [0.0, 0.0, 0.0, 1.0]], "cam_ids": [0, 1, 2, 3, 4, 5], "cam_channels": ["CAM_FRONT_LEFT", "CAM_FRONT", "CAM_FRONT_RIGHT", "CAM_BACK_LEFT", "CAM_BACK", "CAM_BACK_RIGHT"], "token": "b7eb82df8d0f48b09561b5352cca40cd", "scene": "scene-0737"}, {"images": ["samples/CAM_FRONT_LEFT/n008-2018-08-29-16-04-13-0400__CAM_FRONT_LEFT__1535574094354799.jpg", "samples/CAM_FRONT/n008-2018-08-29-16-04-13-0400__CAM_FRONT__1535574094362404.jpg", "samples/CAM_FRONT_RIGHT/n008-2018-08-29-16-04-13-0400__CAM_FRONT_RIGHT__1535574094370482.jpg", "samples/CAM_BACK_LEFT/n008-2018-08-29-16-04-13-0400__CAM_BACK_LEFT__1535574094397405.jpg", "samples/CAM_BACK/n008-2018-08-29-16-04-13-0400__CAM_BACK__1535574094387558.jpg", "samples/CAM_BACK_RIGHT/n008-2018-08-29-16-04-13-0400__CAM_BACK_RIGHT__1535574094378113.jpg"], "intrinsics": [[[1257.8625342125129, 0.0, 827.2410631095686], [0.0, 1257.8625342125129, 450.915498205774], [0.0, 0.0, 1.0]], [[1252.8131021185304, 0.0, 826.588114781398], [0.0, 1252.8131021185304, 469.9846626224581], [0.0, 0.0, 1.0]], [[1256.7485116440405, 0.0, 817.7887570959712], [0.0, 1256.7485116440403, 451.9541780095127], [0.0, 0.0, 1.0]], [[1254.9860565800168, 0.0, 829.5769333630991], [0.0, 1254.9860565800168, 467.1680561863987], [0.0, 0.0, 1.0]], [[796.8910634503094, 0.0, 857.7774326863696], [0.0, 796.8910634503094, 476.8848988407415], [0.0, 0.0, 1.0]], [[1249.9629280788233, 0.0, 825.3768045375984], [0.0, 1249.9629280788233, 462.54816385708756], [0.0, 0.0, 1.0]]], "extrinsics": [[[0.830181896686554, -0.5574244260787964, 0.00873124785721302, -0.9052734375], [0.01841804012656212, 0.01177049521356821, -0.9997611045837402, 1.4905357360839844], [0.5571883916854858, 0.8301443457603455, 0.020038314163684845, -1.2647705078125], [0.0, 0.0, 0.0, 1.0]], [[0.021691137924790382, -0.9997387528419495, -0.007204434834420681, 0.0064239501953125], [0.020345330238342285, 0.007646045181900263, -0.9997637867927551, 1.4822120666503906], [0.9995576739311218, 0.021539486944675446, 0.020505866035819054, -1.634521484375], [0.0, 0.0, 0.0, 1.0]], [[-0.8389931321144104, -0.5436475276947021, -0.023192359134554863, 1.024658203125], [0.028296900913119316, -0.0010261132847517729, -0.999599039554596, 1.4952850341796875], [0.5434057712554932, -0.8393130898475647, 0.016244441270828247, -1.2357177734375], [0.0, 0.0, 0.0, 1.0]], [[0.9477298259735107, 0.31900110840797424, 0.006822460331022739, -1.1400146484375], [0.0025550287682563066, 0.013794032856822014, -0.9999015927314758, 1.562058448791504], [-0.31906387209892273, 0.9476539492607117, 0.012257959693670273, -0.1571044921875], [0.0, 0.0, 0.0, 1.0]], [[0.005631482228636742, 0.9999638199806213, 0.006372614298015833, -0.028260231018066406], [0.004821588285267353, 0.0063454885967075825, -0.9999682307243347, 1.568211555480957], [-0.9999725222587585, 0.005661959759891033, -0.004785680677741766, 0.013427734375], [0.0, 0.0, 0.0, 1.0]], [[-0.926084578037262, 0.3770293593406677, -0.014699352905154228, 1.108154296875], [0.009237236343324184, -0.016291338950395584, -0.9998246431350708, 1.5483322143554688], [-0.3772026598453522, -0.9260579943656921, 0.011604449711740017, -0.06561279296875], [0.0, 0.0, 0.0, 1.0]]], "view": [[0.0, -2.0, 100.0], [-2.0, 0.0, 100.0], [0.0, 0.0, 1.0]], "bev": "bev_0c799538fedf4d489d7cc4464552045a.png", "aux": "aux_0c799538fedf4d489d7cc4464552045a.npz", "visibility": "visibility_0c799538fedf4d489d7cc4464552045a.png", "pose": [[0.7893702387809753, -0.6139174699783325, 0.0, 1671.5863037109375], [0.6139174699783325, 0.7893702387809753, 0.0, 1266.19189453125], [0.0, 0.0, 1.0, 0.0], [0.0, 0.0, 0.0, 1.0]], "pose_inverse": [[0.7893702387809753, 0.6139174699783325, 0.0, -2096.837646484375], [-0.6139174699783325, 0.7893702387809753, 0.0, 26.721887588500977], [0.0, 0.0, 1.0, 0.0], [0.0, 0.0, 0.0, 1.0]], "cam_ids": [0, 1, 2, 3, 4, 5], "cam_channels": ["CAM_FRONT_LEFT", "CAM_FRONT", "CAM_FRONT_RIGHT", "CAM_BACK_LEFT", "CAM_BACK", "CAM_BACK_RIGHT"], "token": "0c799538fedf4d489d7cc4464552045a", "scene": "scene-0737"}, {"images": ["samples/CAM_FRONT_LEFT/n008-2018-08-29-16-04-13-0400__CAM_FRONT_LEFT__1535574094904799.jpg", "samples/CAM_FRONT/n008-2018-08-29-16-04-13-0400__CAM_FRONT__1535574094912404.jpg", "samples/CAM_FRONT_RIGHT/n008-2018-08-29-16-04-13-0400__CAM_FRONT_RIGHT__1535574094920482.jpg", "samples/CAM_BACK_LEFT/n008-2018-08-29-16-04-13-0400__CAM_BACK_LEFT__1535574094948667.jpg", "samples/CAM_BACK/n008-2018-08-29-16-04-13-0400__CAM_BACK__1535574094937558.jpg", "samples/CAM_BACK_RIGHT/n008-2018-08-29-16-04-13-0400__CAM_BACK_RIGHT__1535574094928113.jpg"], "intrinsics": [[[1257.8625342125129, 0.0, 827.2410631095686], [0.0, 1257.8625342125129, 450.915498205774], [0.0, 0.0, 1.0]], [[1252.8131021185304, 0.0, 826.588114781398], [0.0, 1252.8131021185304, 469.9846626224581], [0.0, 0.0, 1.0]], [[1256.7485116440405, 0.0, 817.7887570959712], [0.0, 1256.7485116440403, 451.9541780095127], [0.0, 0.0, 1.0]], [[1254.9860565800168, 0.0, 829.5769333630991], [0.0, 1254.9860565800168, 467.1680561863987], [0.0, 0.0, 1.0]], [[796.8910634503094, 0.0, 857.7774326863696], [0.0, 796.8910634503094, 476.8848988407415], [0.0, 0.0, 1.0]], [[1249.9629280788233, 0.0, 825.3768045375984], [0.0, 1249.9629280788233, 462.54816385708756], [0.0, 0.0, 1.0]]], "extrinsics": [[[0.8320130705833435, -0.5547103881835938, 0.007117225788533688, -0.883544921875], [0.014647167176008224, 0.00914075318723917, -0.9998509287834167, 1.4903526306152344], [0.5545626282691956, 0.8319932818412781, 0.01573016121983528, -1.2574462890625], [0.0, 0.0, 0.0, 1.0]], [[0.024210914969444275, -0.9996969103813171, -0.004468265455216169, 0.01312255859375], [0.01675133965909481, 0.004874628968536854, -0.9998478293418884, 1.4821434020996094], [0.9995664358139038, 0.02413240261375904, 0.01686428301036358, -1.615234375], [0.0, 0.0, 0.0, 1.0]], [[-0.8380455374717712, -0.5452771186828613, -0.018772900104522705, 1.0146484375], [0.02494874782860279, -0.00392695190384984, -0.9996809959411621, 1.4954147338867188], [0.5450294613838196, -0.8382465839385986, 0.016894947737455368, -1.22344970703125], [0.0, 0.0, 0.0, 1.0]], [[0.9478886723518372, 0.3185883164405823, 0.00291571207344532, -1.1396484375], [-0.00048163661267608404, 0.01058446429669857, -0.9999438524246216, 1.561998724937439], [-0.3186013400554657, 0.9478340744972229, 0.010186337865889072, -0.16180419921875], [0.0, 0.0, 0.0, 1.0]], [[0.004710285924375057, 0.9999836683273315, 0.003246924141421914, -0.033355712890625], [0.0016214674105867743, 0.003239317797124386, -0.9999934434890747, 1.5681118965148926], [-0.9999876022338867, 0.004715491086244583, -0.0016061824280768633, 0.003173828125], [0.0, 0.0, 0.0, 1.0]], [[-0.9266690611839294, 0.37565967440605164, -0.012812529690563679, 1.0931396484375], [0.00600011833012104, -0.019298819825053215, -0.9997957348823547, 1.5483379364013672], [-0.37583017349243164, -0.9265566468238831, 0.015629617497324944, -0.0653076171875], [0.0, 0.0, 0.0, 1.0]]], "view": [[0.0, -2.0, 100.0], [-2.0, 0.0, 100.0], [0.0, 0.0, 1.0]], "bev": "bev_5d76d048762e4f12bd814d456e5776b0.png", "aux": "aux_5d76d048762e4f12bd814d456e5776b0.npz", "visibility": "visibility_5d76d048762e4f12bd814d456e5776b0.png", "pose": [[0.8945592641830444, -0.4469493329524994, 0.0, 1673.0059814453125], [0.4469493329524994, 0.8945592641830444, 0.0, 1267.0885009765625], [0.0, 0.0, 1.0, 0.0], [0.0, 0.0, 0.0, 1.0]], "pose_inverse": [[0.8945592641830444, 0.4469493329524994, 0.0, -2062.927490234375], [-0.4469493329524994, 0.8945592641830444, 0.0, -385.73687744140625], [0.0, 0.0, 1.0, 0.0], [0.0, 0.0, 0.0, 1.0]], "cam_ids": [0, 1, 2, 3, 4, 5], "cam_channels": ["CAM_FRONT_LEFT", "CAM_FRONT", "CAM_FRONT_RIGHT", "CAM_BACK_LEFT", "CAM_BACK", "CAM_BACK_RIGHT"], "token": "5d76d048762e4f12bd814d456e5776b0", "scene": "scene-0737"}, {"images": ["samples/CAM_FRONT_LEFT/n008-2018-08-29-16-04-13-0400__CAM_FRONT_LEFT__1535574095404799.jpg", "samples/CAM_FRONT/n008-2018-08-29-16-04-13-0400__CAM_FRONT__1535574095412404.jpg", "samples/CAM_FRONT_RIGHT/n008-2018-08-29-16-04-13-0400__CAM_FRONT_RIGHT__1535574095420482.jpg", "samples/CAM_BACK_LEFT/n008-2018-08-29-16-04-13-0400__CAM_BACK_LEFT__1535574095447405.jpg", "samples/CAM_BACK/n008-2018-08-29-16-04-13-0400__CAM_BACK__1535574095437558.jpg", "samples/CAM_BACK_RIGHT/n008-2018-08-29-16-04-13-0400__CAM_BACK_RIGHT__1535574095428113.jpg"], "intrinsics": [[[1257.8625342125129, 0.0, 827.2410631095686], [0.0, 1257.8625342125129, 450.915498205774], [0.0, 0.0, 1.0]], [[1252.8131021185304, 0.0, 826.588114781398], [0.0, 1252.8131021185304, 469.9846626224581], [0.0, 0.0, 1.0]], [[1256.7485116440405, 0.0, 817.7887570959712], [0.0, 1256.7485116440403, 451.9541780095127], [0.0, 0.0, 1.0]], [[1254.9860565800168, 0.0, 829.5769333630991], [0.0, 1254.9860565800168, 467.1680561863987], [0.0, 0.0, 1.0]], [[796.8910634503094, 0.0, 857.7774326863696], [0.0, 796.8910634503094, 476.8848988407415], [0.0, 0.0, 1.0]], [[1249.9629280788233, 0.0, 825.3768045375984], [0.0, 1249.9629280788233, 462.54816385708756], [0.0, 0.0, 1.0]]], "extrinsics": [[[0.8346077799797058, -0.5507768988609314, 0.00864274799823761, -0.8629150390625], [0.013927246443927288, 0.005414184648543596, -0.9998883605003357, 1.4906558990478516], [0.5506685972213745, 0.8346349596977234, 0.012189526110887527, -1.240478515625], [0.0, 0.0, 0.0, 1.0]], [[0.028141051530838013, -0.9996035695075989, -0.0008323380607180297, 0.01104736328125], [0.016098523512482643, 0.0012857679976150393, -0.9998695850372314, 1.4824695587158203], [0.9994742274284363, 0.028123987838625908, 0.01612832583487034, -1.5914306640625], [0.0, 0.0, 0.0, 1.0]], [[-0.8363421559333801, -0.5479635000228882, -0.016361163929104805, 0.996826171875], [0.024374788627028465, -0.007354147266596556, -0.9996758699417114, 1.4958305358886719], [0.5476655960083008, -0.8364699482917786, 0.01950707659125328, -1.214996337890625], [0.0, 0.0, 0.0, 1.0]], [[0.9475818872451782, 0.3195103108882904, 0.0013093585148453712, -1.132568359375], [-0.0011674888664856553, 0.007560355588793755, -0.9999707341194153, 1.5620107650756836], [-0.3195108473300934, 0.9475526213645935, 0.007537082768976688, -0.162567138671875], [0.0, 0.0, 0.0, 1.0]], [[0.0032790277618914843, 0.9999945759773254, 2.1831492631463334e-05, -0.031494140625], [0.001088336342945695, 1.826186417019926e-05, -0.9999994039535522, 1.5681151151657104], [-0.9999940395355225, 0.0032790713012218475, -0.0010882721981033683, -0.007080078125], [0.0, 0.0, 0.0, 1.0]], [[-0.9275680184364319, 0.3734075427055359, -0.013571362942457199, 1.079345703125], [0.005504700820893049, -0.02266072668135166, -0.9997280836105347, 1.548344612121582], [-0.373613566160202, -0.9273905754089355, 0.018963871523737907, -0.073974609375], [0.0, 0.0, 0.0, 1.0]]], "view": [[0.0, -2.0, 100.0], [-2.0, 0.0, 100.0], [0.0, 0.0, 1.0]], "bev": "bev_f7e5f471f6bb437da03f24c6dff569a0.png", "aux": "aux_f7e5f471f6bb437da03f24c6dff569a0.npz", "visibility": "visibility_f7e5f471f6bb437da03f24c6dff569a0.png", "pose": [[0.9717109799385071, -0.2361731082201004, 0.0, 1674.6015625], [0.2361731082201004, 0.9717109799385071, 0.0, 1267.6785888671875], [0.0, 0.0, 1.0, 0.0], [0.0, 0.0, 0.0, 1.0]], "pose_inverse": [[0.9717109799385071, 0.2361731082201004, 0.0, -1926.620361328125], [-0.2361731082201004, 0.9717109799385071, 0.0, -836.3213500976562], [0.0, 0.0, 1.0, 0.0], [0.0, 0.0, 0.0, 1.0]], "cam_ids": [0, 1, 2, 3, 4, 5], "cam_channels": ["CAM_FRONT_LEFT", "CAM_FRONT", "CAM_FRONT_RIGHT", "CAM_BACK_LEFT", "CAM_BACK", "CAM_BACK_RIGHT"], "token": "f7e5f471f6bb437da03f24c6dff569a0", "scene": "scene-0737"}, {"images": ["samples/CAM_FRONT_LEFT/n008-2018-08-29-16-04-13-0400__CAM_FRONT_LEFT__1535574095904799.jpg", "samples/CAM_FRONT/n008-2018-08-29-16-04-13-0400__CAM_FRONT__1535574095912404.jpg", "samples/CAM_FRONT_RIGHT/n008-2018-08-29-16-04-13-0400__CAM_FRONT_RIGHT__1535574095920482.jpg", "samples/CAM_BACK_LEFT/n008-2018-08-29-16-04-13-0400__CAM_BACK_LEFT__1535574095947405.jpg", "samples/CAM_BACK/n008-2018-08-29-16-04-13-0400__CAM_BACK__1535574095937558.jpg", "samples/CAM_BACK_RIGHT/n008-2018-08-29-16-04-13-0400__CAM_BACK_RIGHT__1535574095928113.jpg"], "intrinsics": [[[1257.8625342125129, 0.0, 827.2410631095686], [0.0, 1257.8625342125129, 450.915498205774], [0.0, 0.0, 1.0]], [[1252.8131021185304, 0.0, 826.588114781398], [0.0, 1252.8131021185304, 469.9846626224581], [0.0, 0.0, 1.0]], [[1256.7485116440405, 0.0, 817.7887570959712], [0.0, 1256.7485116440403, 451.9541780095127], [0.0, 0.0, 1.0]], [[1254.9860565800168, 0.0, 829.5769333630991], [0.0, 1254.9860565800168, 467.1680561863987], [0.0, 0.0, 1.0]], [[796.8910634503094, 0.0, 857.7774326863696], [0.0, 796.8910634503094, 476.8848988407415], [0.0, 0.0, 1.0]], [[1249.9629280788233, 0.0, 825.3768045375984], [0.0, 1249.9629280788233, 462.54816385708756], [0.0, 0.0, 1.0]]], "extrinsics": [[[0.8347548842430115, -0.5505924820899963, 0.005669351201504469, -0.84832763671875], [0.012368125841021538, 0.008455690927803516, -0.9998877644538879, 1.4906291961669922], [0.5504827499389648, 0.83473140001297, 0.013868226669728756, -1.2291259765625], [0.0, 0.0, 0.0, 1.0]], [[0.028264855965971947, -0.9995926022529602, -0.00394786149263382, 0.010009765625], [0.014459135010838509, 0.004357871133834124, -0.9998859763145447, 1.482461929321289], [0.9994958639144897, 0.028204552829265594, 0.014576420187950134, -1.5758056640625], [0.0, 0.0, 0.0, 1.0]], [[-0.8363666534423828, -0.5479183793067932, -0.01661929488182068, 0.986083984375], [0.022649621590971947, -0.004249731078743935, -0.9997344017028809, 1.4959068298339844], [0.5477022528648376, -0.8365209698677063, 0.015964476391673088, -1.2091827392578125], [0.0, 0.0, 0.0, 1.0]], [[0.9475300908088684, 0.3196655213832855, 0.0007747073541395366, -1.12744140625], [-0.002877651248127222, 0.010953071527183056, -0.9999358654022217, 1.5619726181030273], [-0.3196535110473633, 0.9474670886993408, 0.011298252269625664, -0.16357421875], [0.0, 0.0, 0.0, 1.0]], [[0.0031769219785928726, 0.9999895095825195, 0.0032775055151432753, -0.0306396484375], [-0.0007546105771325529, 0.0032799188047647476, -0.9999942779541016, 1.5680097341537476], [-0.9999945759773254, 0.003174432320520282, 0.0007650224142707884, -0.0147705078125], [0.0, 0.0, 0.0, 1.0]], [[-0.9276092648506165, 0.3733969032764435, -0.010752517729997635, 1.070068359375], [0.0037363891024142504, -0.019508695229887962, -0.9998026490211487, 1.5482044219970703], [-0.3735329806804657, -0.9274665117263794, 0.016701292246580124, -0.0787353515625], [0.0, 0.0, 0.0, 1.0]]], "view": [[0.0, -2.0, 100.0], [-2.0, 0.0, 100.0], [0.0, 0.0, 1.0]], "bev": "bev_e3f986e5d53f416492bdf255e82bff52.png", "aux": "aux_e3f986e5d53f416492bdf255e82bff52.npz", "visibility": "visibility_e3f986e5d53f416492bdf255e82bff52.png", "pose": [[0.9998654127120972, 0.016404351219534874, 0.0, 1676.5234375], [-0.016404351219534874, 0.9998654127120972, 0.0, 1267.89892578125], [0.0, 0.0, 1.0, 0.0], [0.0, 0.0, 0.0, 1.0]], "pose_inverse": [[0.9998654127120972, -0.016404351219534874, 0.0, -1655.498779296875], [0.016404351219534874, 0.9998654127120972, 0.0, -1295.2305908203125], [0.0, 0.0, 1.0, 0.0], [0.0, 0.0, 0.0, 1.0]], "cam_ids": [0, 1, 2, 3, 4, 5], "cam_channels": ["CAM_FRONT_LEFT", "CAM_FRONT", "CAM_FRONT_RIGHT", "CAM_BACK_LEFT", "CAM_BACK", "CAM_BACK_RIGHT"], "token": "e3f986e5d53f416492bdf255e82bff52", "scene": "scene-0737"}, {"images": ["samples/CAM_FRONT_LEFT/n008-2018-08-29-16-04-13-0400__CAM_FRONT_LEFT__1535574096404799.jpg", "samples/CAM_FRONT/n008-2018-08-29-16-04-13-0400__CAM_FRONT__1535574096412404.jpg", "samples/CAM_FRONT_RIGHT/n008-2018-08-29-16-04-13-0400__CAM_FRONT_RIGHT__1535574096420482.jpg", "samples/CAM_BACK_LEFT/n008-2018-08-29-16-04-13-0400__CAM_BACK_LEFT__1535574096447405.jpg", "samples/CAM_BACK/n008-2018-08-29-16-04-13-0400__CAM_BACK__1535574096437558.jpg", "samples/CAM_BACK_RIGHT/n008-2018-08-29-16-04-13-0400__CAM_BACK_RIGHT__1535574096428113.jpg"], "intrinsics": [[[1257.8625342125129, 0.0, 827.2410631095686], [0.0, 1257.8625342125129, 450.915498205774], [0.0, 0.0, 1.0]], [[1252.8131021185304, 0.0, 826.588114781398], [0.0, 1252.8131021185304, 469.9846626224581], [0.0, 0.0, 1.0]], [[1256.7485116440405, 0.0, 817.7887570959712], [0.0, 1256.7485116440403, 451.9541780095127], [0.0, 0.0, 1.0]], [[1254.9860565800168, 0.0, 829.5769333630991], [0.0, 1254.9860565800168, 467.1680561863987], [0.0, 0.0, 1.0]], [[796.8910634503094, 0.0, 857.7774326863696], [0.0, 796.8910634503094, 476.8848988407415], [0.0, 0.0, 1.0]], [[1249.9629280788233, 0.0, 825.3768045375984], [0.0, 1249.9629280788233, 462.54816385708756], [0.0, 0.0, 1.0]]], "extrinsics": [[[0.8308298587799072, -0.5565265417098999, 1.1186081792402547e-05, -0.8349151611328125], [0.014266960322856903, 0.021278835833072662, -0.9996717572212219, 1.4912605285644531], [0.5563436150550842, 0.8305573463439941, 0.025619033724069595, -1.217529296875], [0.0, 0.0, 0.0, 1.0]], [[0.022347521036863327, -0.9996063113212585, -0.016963733360171318, 0.00830078125], [0.0164114348590374, 0.01733247935771942, -0.9997150897979736, 1.483001708984375], [0.999615490436554, 0.022062722593545914, 0.016792312264442444, -1.5626220703125], [0.0, 0.0, 0.0, 1.0]], [[-0.838907778263092, -0.5436756014823914, -0.025504596531391144, 0.97705078125], [0.024649418890476227, 0.008860531263053417, -0.9996568560600281, 1.4964065551757812], [0.5437150597572327, -0.8392486572265625, 0.00596811855211854, -1.204833984375], [0.0, 0.0, 0.0, 1.0]], [[0.9476667642593384, 0.3191803991794586, 0.00718009565025568, -1.126708984375], [-0.0006300641689449549, 0.024359432980418205, -0.999703049659729, 1.5620231628417969], [-0.31926053762435913, 0.9473809003829956, 0.023285729810595512, -0.162109375], [0.0, 0.0, 0.0, 1.0]], [[0.00523090735077858, 0.9998469948768616, 0.01668819971382618, -0.02880859375], [0.001437329687178135, 0.016680894419550896, -0.9998598098754883, 1.5681476593017578], [-0.9999852776527405, 0.005254143849015236, -0.001349853933788836, -0.017578125], [0.0, 0.0, 0.0, 1.0]], [[-0.926252007484436, 0.3768269419670105, -0.0076597887091338634, 1.06512451171875], [0.00574652012437582, -0.006201228126883507, -0.9999642968177795, 1.5484020709991455], [-0.37686094641685486, -0.9262628555297852, 0.0035784572828561068, -0.0826416015625], [0.0, 0.0, 0.0, 1.0]]], "view": [[0.0, -2.0, 100.0], [-2.0, 0.0, 100.0], [0.0, 0.0, 1.0]], "bev": "bev_2121c15e2d814bfc976a7852411f413f.png", "aux": "aux_2121c15e2d814bfc976a7852411f413f.npz", "visibility": "visibility_2121c15e2d814bfc976a7852411f413f.png", "pose": [[0.9729636311531067, 0.23095837235450745, 0.0, 1678.616943359375], [-0.23095837235450745, 0.9729636311531067, 0.0, 1267.619140625], [0.0, 0.0, 1.0, 0.0], [0.0, 0.0, 0.0, 1.0]], "pose_inverse": [[0.9729636311531067, -0.23095837235450745, 0.0, -1340.4659423828125], [0.23095837235450745, 0.9729636311531067, 0.0, -1621.0379638671875], [0.0, 0.0, 1.0, 0.0], [0.0, 0.0, 0.0, 1.0]], "cam_ids": [0, 1, 2, 3, 4, 5], "cam_channels": ["CAM_FRONT_LEFT", "CAM_FRONT", "CAM_FRONT_RIGHT", "CAM_BACK_LEFT", "CAM_BACK", "CAM_BACK_RIGHT"], "token": "2121c15e2d814bfc976a7852411f413f", "scene": "scene-0737"}, {"images": ["samples/CAM_FRONT_LEFT/n008-2018-08-29-16-04-13-0400__CAM_FRONT_LEFT__1535574096904799.jpg", "samples/CAM_FRONT/n008-2018-08-29-16-04-13-0400__CAM_FRONT__1535574096912404.jpg", "samples/CAM_FRONT_RIGHT/n008-2018-08-29-16-04-13-0400__CAM_FRONT_RIGHT__1535574096920482.jpg", "samples/CAM_BACK_LEFT/n008-2018-08-29-16-04-13-0400__CAM_BACK_LEFT__1535574096947405.jpg", "samples/CAM_BACK/n008-2018-08-29-16-04-13-0400__CAM_BACK__1535574096937558.jpg", "samples/CAM_BACK_RIGHT/n008-2018-08-29-16-04-13-0400__CAM_BACK_RIGHT__1535574096928113.jpg"], "intrinsics": [[[1257.8625342125129, 0.0, 827.2410631095686], [0.0, 1257.8625342125129, 450.915498205774], [0.0, 0.0, 1.0]], [[1252.8131021185304, 0.0, 826.588114781398], [0.0, 1252.8131021185304, 469.9846626224581], [0.0, 0.0, 1.0]], [[1256.7485116440405, 0.0, 817.7887570959712], [0.0, 1256.7485116440403, 451.9541780095127], [0.0, 0.0, 1.0]], [[1254.9860565800168, 0.0, 829.5769333630991], [0.0, 1254.9860565800168, 467.1680561863987], [0.0, 0.0, 1.0]], [[796.8910634503094, 0.0, 857.7774326863696], [0.0, 796.8910634503094, 476.8848988407415], [0.0, 0.0, 1.0]], [[1249.9629280788233, 0.0, 825.3768045375984], [0.0, 1249.9629280788233, 462.54816385708756], [0.0, 0.0, 1.0]]], "extrinsics": [[[0.8255906105041504, -0.5642383098602295, -0.005941519048064947, -0.8238773345947266], [0.0101292934268713, 0.02534736879169941, -0.9996273517608643, 1.490570068359375], [0.5641787052154541, 0.8252228498458862, 0.026641882956027985, -1.207763671875], [0.0, 0.0, 0.0, 1.0]], [[0.01463908702135086, -0.9996715188026428, -0.021039366722106934, 0.0068359375], [0.01206878386437893, 0.02121674455702305, -0.9997020363807678, 1.4824028015136719], [0.9998199939727783, 0.014380743727087975, 0.012375409714877605, -1.5516357421875], [0.0, 0.0, 0.0, 1.0]], [[-0.8421705365180969, -0.5386918187141418, -0.023661913350224495, 0.9688720703125], [0.020078642293810844, 0.012522277422249317, -0.9997199773788452, 1.4959716796875], [0.5388372540473938, -0.8424098491668701, 0.00027030479395762086, -1.20086669921875], [0.0, 0.0, 0.0, 1.0]], [[0.9478221535682678, 0.31878146529197693, 0.0034126120153814554, -1.1322021484375], [-0.005805590655654669, 0.027962375432252884, -0.999592125415802, 1.5619850158691406], [-0.3187468945980072, 0.9474157094955444, 0.02835407294332981, -0.15966796875], [0.0, 0.0, 0.0, 1.0]], [[0.007832478731870651, 0.9997649192810059, 0.020220458507537842, -0.0279541015625], [-0.0035225802566856146, 0.020248539745807648, -0.9997887015342712, 1.5678577423095703], [-0.9999631643295288, 0.007759625092148781, 0.003680348163470626, -0.01611328125], [0.0, 0.0, 0.0, 1.0]], [[-0.9246395230293274, 0.38083913922309875, -0.001818804768845439, 1.062103271484375], [0.0009058465366251767, -0.002576461061835289, -0.9999962449073792, 1.5479075908660889], [-0.38084229826927185, -0.9246376752853394, 0.0020373156294226646, -0.0849609375], [0.0, 0.0, 0.0, 1.0]]], "view": [[0.0, -2.0, 100.0], [-2.0, 0.0, 100.0], [0.0, 0.0, 1.0]], "bev": "bev_d85ea1b83fa546c0b21831398df946ec.png", "aux": "aux_d85ea1b83fa546c0b21831398df946ec.npz", "visibility": "visibility_d85ea1b83fa546c0b21831398df946ec.png", "pose": [[0.9430751204490662, 0.3325798809528351, 0.0, 1680.830322265625], [-0.3325798809528351, 0.9430751204490662, 0.0, 1266.9459228515625], [0.0, 0.0, 1.0, 0.0], [0.0, 0.0, 0.0, 1.0]], "pose_inverse": [[0.9430751204490662, -0.3325798809528351, 0.0, -1163.7884521484375], [0.3325798809528351, 0.9430751204490662, 0.0, -1753.83544921875], [0.0, 0.0, 1.0, 0.0], [0.0, 0.0, 0.0, 1.0]], "cam_ids": [0, 1, 2, 3, 4, 5], "cam_channels": ["CAM_FRONT_LEFT", "CAM_FRONT", "CAM_FRONT_RIGHT", "CAM_BACK_LEFT", "CAM_BACK", "CAM_BACK_RIGHT"], "token": "d85ea1b83fa546c0b21831398df946ec", "scene": "scene-0737"}, {"images": ["samples/CAM_FRONT_LEFT/n008-2018-08-29-16-04-13-0400__CAM_FRONT_LEFT__1535574097404799.jpg", "samples/CAM_FRONT/n008-2018-08-29-16-04-13-0400__CAM_FRONT__1535574097412404.jpg", "samples/CAM_FRONT_RIGHT/n008-2018-08-29-16-04-13-0400__CAM_FRONT_RIGHT__1535574097420482.jpg", "samples/CAM_BACK_LEFT/n008-2018-08-29-16-04-13-0400__CAM_BACK_LEFT__1535574097447405.jpg", "samples/CAM_BACK/n008-2018-08-29-16-04-13-0400__CAM_BACK__1535574097437558.jpg", "samples/CAM_BACK_RIGHT/n008-2018-08-29-16-04-13-0400__CAM_BACK_RIGHT__1535574097428113.jpg"], "intrinsics": [[[1257.8625342125129, 0.0, 827.2410631095686], [0.0, 1257.8625342125129, 450.915498205774], [0.0, 0.0, 1.0]], [[1252.8131021185304, 0.0, 826.588114781398], [0.0, 1252.8131021185304, 469.9846626224581], [0.0, 0.0, 1.0]], [[1256.7485116440405, 0.0, 817.7887570959712], [0.0, 1256.7485116440403, 451.9541780095127], [0.0, 0.0, 1.0]], [[1254.9860565800168, 0.0, 829.5769333630991], [0.0, 1254.9860565800168, 467.1680561863987], [0.0, 0.0, 1.0]], [[796.8910634503094, 0.0, 857.7774326863696], [0.0, 796.8910634503094, 476.8848988407415], [0.0, 0.0, 1.0]], [[1249.9629280788233, 0.0, 825.3768045375984], [0.0, 1249.9629280788233, 462.54816385708756], [0.0, 0.0, 1.0]]], "extrinsics": [[[0.8257722854614258, -0.5639732480049133, -0.00585959805175662, -0.8061676025390625], [0.00877643097192049, 0.023237137123942375, -0.9996914863586426, 1.4903945922851562], [0.5639353394508362, 0.8254660964012146, 0.024138256907463074, -1.197998046875], [0.0, 0.0, 0.0, 1.0]], [[0.014976970851421356, -0.9997038245201111, -0.019183997064828873, 0.0089111328125], [0.010817179456353188, 0.019347023218870163, -0.9997543096542358, 1.4823112487792969], [0.9998292326927185, 0.014765733852982521, 0.01110373716801405, -1.535400390625], [0.0, 0.0, 0.0, 1.0]], [[-0.8419860601425171, -0.5390574336051941, -0.021831341087818146, 0.959716796875], [0.01893715187907219, 0.010910358279943466, -0.9997611045837402, 1.4960212707519531], [0.5391668677330017, -0.8421983122825623, 0.0010218413081020117, -1.19317626953125], [0.0, 0.0, 0.0, 1.0]], [[0.9478356242179871, 0.31875142455101013, 0.002303848508745432, -1.1324462890625], [-0.006885785609483719, 0.027700277045369148, -0.9995925426483154, 1.5619659423828125], [-0.3186853528022766, 0.9474334716796875, 0.028450163081288338, -0.15966796875], [0.0, 0.0, 0.0, 1.0]], [[0.007699304725974798, 0.9997824430465698, 0.01938270963728428, -0.0283203125], [-0.004612735938280821, 0.019418586045503616, -0.9998008012771606, 1.5677623748779297], [-0.9999597668647766, 0.007608355022966862, 0.004761241842061281, -0.0203857421875], [0.0, 0.0, 0.0, 1.0]], [[-0.9247490167617798, 0.3805752396583557, -0.001321883755736053, 1.054046630859375], [-0.0001810975227272138, -0.00391340022906661, -0.999992311000824, 1.5477919578552246], [-0.3805774748325348, -0.9247416257858276, 0.0036878345999866724, -0.08740234375], [0.0, 0.0, 0.0, 1.0]]], "view": [[0.0, -2.0, 100.0], [-2.0, 0.0, 100.0], [0.0, 0.0, 1.0]], "bev": "bev_521cd379284d4440aa3b3920698de5b8.png", "aux": "aux_521cd379284d4440aa3b3920698de5b8.npz", "visibility": "visibility_521cd379284d4440aa3b3920698de5b8.png", "pose": [[0.9230033755302429, 0.3847918212413788, 0.0, 1683.2049560546875], [-0.3847918212413788, 0.9230033755302429, 0.0, 1266.02685546875], [0.0, 0.0, 1.0, 0.0], [0.0, 0.0, 0.0, 1.0]], "pose_inverse": [[0.9230033755302429, -0.3847918212413788, 0.0, -1066.4471435546875], [0.3847918212413788, 0.9230033755302429, 0.0, -1816.2305908203125], [0.0, 0.0, 1.0, 0.0], [0.0, 0.0, 0.0, 1.0]], "cam_ids": [0, 1, 2, 3, 4, 5], "cam_channels": ["CAM_FRONT_LEFT", "CAM_FRONT", "CAM_FRONT_RIGHT", "CAM_BACK_LEFT", "CAM_BACK", "CAM_BACK_RIGHT"], "token": "521cd379284d4440aa3b3920698de5b8", "scene": "scene-0737"}, {"images": ["samples/CAM_FRONT_LEFT/n008-2018-08-29-16-04-13-0400__CAM_FRONT_LEFT__1535574097904799.jpg", "samples/CAM_FRONT/n008-2018-08-29-16-04-13-0400__CAM_FRONT__1535574097912404.jpg", "samples/CAM_FRONT_RIGHT/n008-2018-08-29-16-04-13-0400__CAM_FRONT_RIGHT__1535574097920482.jpg", "samples/CAM_BACK_LEFT/n008-2018-08-29-16-04-13-0400__CAM_BACK_LEFT__1535574097947405.jpg", "samples/CAM_BACK/n008-2018-08-29-16-04-13-0400__CAM_BACK__1535574097937558.jpg", "samples/CAM_BACK_RIGHT/n008-2018-08-29-16-04-13-0400__CAM_BACK_RIGHT__1535574097928113.jpg"], "intrinsics": [[[1257.8625342125129, 0.0, 827.2410631095686], [0.0, 1257.8625342125129, 450.915498205774], [0.0, 0.0, 1.0]], [[1252.8131021185304, 0.0, 826.588114781398], [0.0, 1252.8131021185304, 469.9846626224581], [0.0, 0.0, 1.0]], [[1256.7485116440405, 0.0, 817.7887570959712], [0.0, 1256.7485116440403, 451.9541780095127], [0.0, 0.0, 1.0]], [[1254.9860565800168, 0.0, 829.5769333630991], [0.0, 1254.9860565800168, 467.1680561863987], [0.0, 0.0, 1.0]], [[796.8910634503094, 0.0, 857.7774326863696], [0.0, 796.8910634503094, 476.8848988407415], [0.0, 0.0, 1.0]], [[1249.9629280788233, 0.0, 825.3768045375984], [0.0, 1249.9629280788233, 462.54816385708756], [0.0, 0.0, 1.0]]], "extrinsics": [[[0.8252800107002258, -0.5647164583206177, 0.002893208060413599, -0.797637939453125], [0.01704729162156582, 0.019791467115283012, -0.9996588230133057, 1.4925727844238281], [0.5644665360450745, 0.8250477313995361, 0.02596038393676281, -1.19140625], [0.0, 0.0, 0.0, 1.0]], [[0.014376937411725521, -0.9997724890708923, -0.015753857791423798, 0.008544921875], [0.01922404021024704, 0.016028951853513718, -0.9996867179870605, 1.4841804504394531], [0.999711811542511, 0.014069588854908943, 0.0194501131772995, -1.52587890625], [0.0, 0.0, 0.0, 1.0]], [[-0.8420942425727844, -0.5386381149291992, -0.02731846645474434, 0.95263671875], [0.02748665027320385, 0.0077250003814697266, -0.9995923042297363, 1.4975776672363281], [0.5386295318603516, -0.8425019383430481, 0.008300178684294224, -1.1893310546875], [0.0, 0.0, 0.0, 1.0]], [[0.947779655456543, 0.3187301754951477, 0.011175138875842094, -1.132568359375], [0.003618987277150154, 0.024289408698678017, -0.9996984004974365, 1.5620880126953125], [-0.3189055025577545, 0.9475342631340027, 0.021867528557777405, -0.1597900390625], [0.0, 0.0, 0.0, 1.0]], [[0.007791261188685894, 0.9998382925987244, 0.016210580244660378, -0.0281982421875], [0.005218840669840574, 0.016170194372534752, -0.9998555779457092, 1.5684165954589844], [-0.999956011772