[{"images": ["samples/CAM_FRONT_LEFT/n015-2018-10-08-15-52-24+0800__CAM_FRONT_LEFT__1538985290254844.jpg", "samples/CAM_FRONT/n015-2018-10-08-15-52-24+0800__CAM_FRONT__1538985290262460.jpg", "samples/CAM_FRONT_RIGHT/n015-2018-10-08-15-52-24+0800__CAM_FRONT_RIGHT__1538985290270339.jpg", "samples/CAM_BACK_LEFT/n015-2018-10-08-15-52-24+0800__CAM_BACK_LEFT__1538985290297423.jpg", "samples/CAM_BACK/n015-2018-10-08-15-52-24+0800__CAM_BACK__1538985290287525.jpg", "samples/CAM_BACK_RIGHT/n015-2018-10-08-15-52-24+0800__CAM_BACK_RIGHT__1538985290277893.jpg"], "intrinsics": [[[1272.5979470598488, 0.0, 826.6154927353808], [0.0, 1272.5979470598488, 479.75165386361925], [0.0, 0.0, 1.0]], [[1266.417203046554, 0.0, 816.2670197447984], [0.0, 1266.417203046554, 491.50706579294757], [0.0, 0.0, 1.0]], [[1260.8474446004698, 0.0, 807.968244525554], [0.0, 1260.8474446004698, 495.3344268742088], [0.0, 0.0, 1.0]], [[1256.7414812095406, 0.0, 792.1125740759628], [0.0, 1256.7414812095406, 492.7757465151356], [0.0, 0.0, 1.0]], [[809.2209905677063, 0.0, 829.2196003259838], [0.0, 809.2209905677063, 481.77842384512485], [0.0, 0.0, 1.0]], [[1259.5137405846733, 0.0, 807.2529053838625], [0.0, 1259.5137405846733, 501.19579884916527], [0.0, 0.0, 1.0]]], "extrinsics": [[[0.8196157813072205, -0.5728976130485535, 0.004278878215700388, -0.7677001953125], [-0.0010105245746672153, -0.008914240635931492, -0.9999597668647766, 1.5080324411392212], [0.5729126930236816, 0.8195785284042358, -0.007885179482400417, -1.1458740234375], [0.0, 0.0, 0.0, 1.0]], [[0.004069059155881405, -0.9999071955680847, 0.013002868741750717, 0.008148193359375], [-0.006263101939111948, -0.013028205372393131, -0.9998955130577087, 1.5193357467651367], [0.9999721646308899, 0.003987197298556566, -0.00631553353741765, -1.49609375], [0.0, 0.0, 0.0, 1.0]], [[-0.8336241841316223, -0.5523291826248169, -0.0018081566086038947, 0.906494140625], [-0.000577138620428741, 0.004144735634326935, -0.9999911785125732, 1.5035490989685059], [0.5523317456245422, -0.8336158394813538, -0.003773921402171254, -1.1632080078125], [0.0, 0.0, 0.0, 1.0]], [[0.947794497013092, 0.3188811242580414, -0.0006100416067056358, -1.14453125], [0.00812559574842453, -0.02606365829706192, -0.9996272921562195, 1.5885429382324219], [-0.3187781572341919, 0.9474363327026367, -0.027294090017676353, -0.10321044921875], [0.0, 0.0, 0.0, 1.0]], [[0.0029185707680881023, 0.9998647570610046, -0.016186226159334183, 0.0022735595703125], [-0.017283916473388672, -0.016133440658450127, -0.9997204542160034, 1.5784244537353516], [-0.999846339225769, 0.003197510726749897, 0.01723449118435383, -0.052734375], [0.0, 0.0, 0.0, 1.0]], [[-0.9344637393951416, 0.35575687885284424, -0.014645912684500217, 1.0330810546875], [0.01533628161996603, -0.0008797785849310458, -0.9998819828033447, 1.5531349182128906], [-0.35572779178619385, -0.9345781803131104, -0.004633867647498846, -0.1014404296875], [0.0, 0.0, 0.0, 1.0]]], "view": [[0.0, -2.0, 100.0], [-2.0, 0.0, 100.0], [0.0, 0.0, 1.0]], "bev": "bev_21fa998bb159494e8e72c619f499abd7.png", "aux": "aux_21fa998bb159494e8e72c619f499abd7.npz", "visibility": "visibility_21fa998bb159494e8e72c619f499abd7.png", "pose": [[0.3701213300228119, -0.9289834499359131, 0.0, 849.8861083984375], [0.9289834499359131, 0.3701213300228119, 0.0, 1643.3602294921875], [0.0, 0.0, 1.0, 0.0], [0.0, 0.0, 0.0, 1.0]], "pose_inverse": [[0.3701213300228119, 0.9289834499359131, 0.0, -1841.21533203125], [-0.9289834499359131, 0.3701213300228119, 0.0, 181.28741455078125], [0.0, 0.0, 1.0, 0.0], [0.0, 0.0, 0.0, 1.0]], "cam_ids": [0, 1, 2, 3, 4, 5], "cam_channels": ["CAM_FRONT_LEFT", "CAM_FRONT", "CAM_FRONT_RIGHT", "CAM_BACK_LEFT", "CAM_BACK", "CAM_BACK_RIGHT"], "token": "21fa998bb159494e8e72c619f499abd7", "scene": "scene-0427"}, {"images": ["samples/CAM_FRONT_LEFT/n015-2018-10-08-15-52-24+0800__CAM_FRONT_LEFT__1538985290754844.jpg", "samples/CAM_FRONT/n015-2018-10-08-15-52-24+0800__CAM_FRONT__1538985290762460.jpg", "samples/CAM_FRONT_RIGHT/n015-2018-10-08-15-52-24+0800__CAM_FRONT_RIGHT__1538985290770384.jpg", "samples/CAM_BACK_LEFT/n015-2018-10-08-15-52-24+0800__CAM_BACK_LEFT__1538985290797423.jpg", "samples/CAM_BACK/n015-2018-10-08-15-52-24+0800__CAM_BACK__1538985290787525.jpg", "samples/CAM_BACK_RIGHT/n015-2018-10-08-15-52-24+0800__CAM_BACK_RIGHT__1538985290777893.jpg"], "intrinsics": [[[1272.5979470598488, 0.0, 826.6154927353808], [0.0, 1272.5979470598488, 479.75165386361925], [0.0, 0.0, 1.0]], [[1266.417203046554, 0.0, 816.2670197447984], [0.0, 1266.417203046554, 491.50706579294757], [0.0, 0.0, 1.0]], [[1260.8474446004698, 0.0, 807.968244525554], [0.0, 1260.8474446004698, 495.3344268742088], [0.0, 0.0, 1.0]], [[1256.7414812095406, 0.0, 792.1125740759628], [0.0, 1256.7414812095406, 492.7757465151356], [0.0, 0.0, 1.0]], [[809.2209905677063, 0.0, 829.2196003259838], [0.0, 809.2209905677063, 481.77842384512485], [0.0, 0.0, 1.0]], [[1259.5137405846733, 0.0, 807.2529053838625], [0.0, 1259.5137405846733, 501.19579884916527], [0.0, 0.0, 1.0]]], "extrinsics": [[[0.819852888584137, -0.5725682377815247, 0.0026262409519404173, -0.78173828125], [-0.0023711230605840683, -0.007981794886291027, -0.9999653697013855, 1.5077335834503174], [0.5725693106651306, 0.8198181986808777, -0.007901526987552643, -1.15435791015625], [0.0, 0.0, 0.0, 1.0]], [[0.004405914340168238, -0.9999179244041443, 0.012028234079480171, 0.0071258544921875], [-0.007631025742739439, -0.012061621993780136, -0.9998981356620789, 1.5191583633422852], [0.9999611377716064, 0.004313688725233078, -0.007683542091399431, -1.510009765625], [0.0, 0.0, 0.0, 1.0]], [[-0.8334858417510986, -0.5525394678115845, -0.0012117865262553096, 0.9161376953125], [-0.001937215682119131, 0.005115309730172157, -0.9999850392341614, 1.5033674240112305], [0.5525373816490173, -0.8334710597991943, -0.0053339251317083836, -1.1705322265625], [0.0, 0.0, 0.0, 1.0]], [[0.9477512240409851, 0.3190070390701294, -0.0014545610174536705, -1.1483154296875], [0.0069511653855443, -0.025209596380591393, -0.9996579885482788, 1.588510513305664], [-0.3189346194267273, 0.9474170804023743, -0.02610989660024643, -0.1015625], [0.0, 0.0, 0.0, 1.0]], [[0.002741598291322589, 0.999879777431488, -0.015265361405909061, 0.0025634765625], [-0.018556464463472366, -0.01521192118525505, -0.9997121095657349, 1.5784740447998047], [-0.9998239874839783, 0.0030240907799452543, 0.018512526527047157, -0.0458984375], [0.0, 0.0, 0.0, 1.0]], [[-0.9345491528511047, 0.35559484362602234, -0.013049324974417686, 1.0418701171875], [0.013996261171996593, 9.039919677888975e-05, -0.999902069568634, 1.5528602600097656], [-0.35555875301361084, -0.9346402287483215, -0.0050614820793271065, -0.098663330078125], [0.0, 0.0, 0.0, 1.0]]], "view": [[0.0, -2.0, 100.0], [-2.0, 0.0, 100.0], [0.0, 0.0, 1.0]], "bev": "bev_d054c7c912214e09885547c6328017a3.png", "aux": "aux_d054c7c912214e09885547c6328017a3.npz", "visibility": "visibility_d054c7c912214e09885547c6328017a3.png", "pose": [[0.35318756103515625, -0.9355525374412537, 0.0, 850.9241943359375], [0.9355525374412537, 0.35318756103515625, 0.0, 1645.9718017578125], [0.0, 0.0, 1.0, 0.0], [0.0, 0.0, 0.0, 1.0]], "pose_inverse": [[0.35318756103515625, 0.9355525374412537, 0.0, -1840.428955078125], [-0.9355525374412537, 0.35318756103515625, 0.0, 214.74749755859375], [0.0, 0.0, 1.0, 0.0], [0.0, 0.0, 0.0, 1.0]], "cam_ids": [0, 1, 2, 3, 4, 5], "cam_channels": ["CAM_FRONT_LEFT", "CAM_FRONT", "CAM_FRONT_RIGHT", "CAM_BACK_LEFT", "CAM_BACK", "CAM_BACK_RIGHT"], "token": "d054c7c912214e09885547c6328017a3", "scene": "scene-0427"}, {"images": ["samples/CAM_FRONT_LEFT/n015-2018-10-08-15-52-24+0800__CAM_FRONT_LEFT__1538985291254844.jpg", "samples/CAM_FRONT/n015-2018-10-08-15-52-24+0800__CAM_FRONT__1538985291262460.jpg", "samples/CAM_FRONT_RIGHT/n015-2018-10-08-15-52-24+0800__CAM_FRONT_RIGHT__1538985291270339.jpg", "samples/CAM_BACK_LEFT/n015-2018-10-08-15-52-24+0800__CAM_BACK_LEFT__1538985291297423.jpg", "samples/CAM_BACK/n015-2018-10-08-15-52-24+0800__CAM_BACK__1538985291287525.jpg", "samples/CAM_BACK_RIGHT/n015-2018-10-08-15-52-24+0800__CAM_BACK_RIGHT__1538985291277893.jpg"], "intrinsics": [[[1272.5979470598488, 0.0, 826.6154927353808], [0.0, 1272.5979470598488, 479.75165386361925], [0.0, 0.0, 1.0]], [[1266.417203046554, 0.0, 816.2670197447984], [0.0, 1266.417203046554, 491.50706579294757], [0.0, 0.0, 1.0]], [[1260.8474446004698, 0.0, 807.968244525554], [0.0, 1260.8474446004698, 495.3344268742088], [0.0, 0.0, 1.0]], [[1256.7414812095406, 0.0, 792.1125740759628], [0.0, 1256.7414812095406, 492.7757465151356], [0.0, 0.0, 1.0]], [[809.2209905677063, 0.0, 829.2196003259838], [0.0, 809.2209905677063, 481.77842384512485], [0.0, 0.0, 1.0]], [[1259.5137405846733, 0.0, 807.2529053838625], [0.0, 1259.5137405846733, 501.19579884916527], [0.0, 0.0, 1.0]]], "extrinsics": [[[0.8200205564498901, -0.5723259449005127, 0.0030577057041227818, -0.7825927734375], [-0.0016857868758961558, -0.0077577983029186726, -0.9999684691429138, 1.5078957080841064], [0.5723316669464111, 0.8199895620346069, -0.007326373364776373, -1.156005859375], [0.0, 0.0, 0.0, 1.0]], [[0.004633089993149042, -0.9999182820320129, 0.011911510489881039, 0.007843017578125], [-0.006970098242163658, -0.011943639256060123, -0.9999043941497803, 1.5193023681640625], [0.9999650120735168, 0.004549684002995491, -0.007024865131825209, -1.51220703125], [0.0, 0.0, 0.0, 1.0]], [[-0.833382785320282, -0.5526933073997498, -0.0017505560535937548, 0.9180908203125], [-0.001315995934419334, 0.005151608493179083, -0.9999858140945435, 1.5034549236297607], [0.55269455909729, -0.8333687782287598, -0.005020604003220797, -1.171142578125], [0.0, 0.0, 0.0, 1.0]], [[0.9476867318153381, 0.3191995620727539, -0.001224270323291421, -1.1529541015625], [0.007326276041567326, -0.025585409253835678, -0.9996457695960999, 1.5884838104248047], [-0.31911778450012207, 0.947342038154602, -0.026585496962070465, -0.10052490234375], [0.0, 0.0, 0.0, 1.0]], [[0.0025849391240626574, 0.9998765587806702, -0.015494797378778458, 0.002105712890625], [-0.01807648502290249, -0.015445593744516373, -0.9997173547744751, 1.5785655975341797], [-0.9998332262039185, 0.0028643361292779446, 0.018034327775239944, -0.0423583984375], [0.0, 0.0, 0.0, 1.0]], [[-0.9345913529396057, 0.3554631173610687, -0.013605763204395771, 1.044189453125], [0.014562173746526241, 1.5073911526997108e-05, -0.9998939633369446, 1.552877426147461], [-0.3554252088069916, -0.9346902370452881, -0.005190403200685978, -0.097412109375], [0.0, 0.0, 0.0, 1.0]]], "view": [[0.0, -2.0, 100.0], [-2.0, 0.0, 100.0], [0.0, 0.0, 1.0]], "bev": "bev_80ae7c1fe34d46468e9845c77eae514b.png", "aux": "aux_80ae7c1fe34d46468e9845c77eae514b.npz", "visibility": "visibility_80ae7c1fe34d46468e9845c77eae514b.png", "pose": [[0.336160808801651, -0.9418045878410339, 0.0, 851.8873901367188], [0.9418045878410339, 0.336160808801651, 0.0, 1648.5462646484375], [0.0, 0.0, 1.0, 0.0], [0.0, 0.0, 0.0, 1.0]], "pose_inverse": [[0.336160808801651, 0.9418045878410339, 0.0, -1838.9796142578125], [-0.9418045878410339, 0.336160808801651, 0.0, 248.13479614257812], [0.0, 0.0, 1.0, 0.0], [0.0, 0.0, 0.0, 1.0]], "cam_ids": [0, 1, 2, 3, 4, 5], "cam_channels": ["CAM_FRONT_LEFT", "CAM_FRONT", "CAM_FRONT_RIGHT", "CAM_BACK_LEFT", "CAM_BACK", "CAM_BACK_RIGHT"], "token": "80ae7c1fe34d46468e9845c77eae514b", "scene": "scene-0427"}, {"images": ["samples/CAM_FRONT_LEFT/n015-2018-10-08-15-52-24+0800__CAM_FRONT_LEFT__1538985291754844.jpg", "samples/CAM_FRONT/n015-2018-10-08-15-52-24+0800__CAM_FRONT__1538985291762460.jpg", "samples/CAM_FRONT_RIGHT/n015-2018-10-08-15-52-24+0800__CAM_FRONT_RIGHT__1538985291770339.jpg", "samples/CAM_BACK_LEFT/n015-2018-10-08-15-52-24+0800__CAM_BACK_LEFT__1538985291797423.jpg", "samples/CAM_BACK/n015-2018-10-08-15-52-24+0800__CAM_BACK__1538985291787525.jpg", "samples/CAM_BACK_RIGHT/n015-2018-10-08-15-52-24+0800__CAM_BACK_RIGHT__1538985291777893.jpg"], "intrinsics": [[[1272.5979470598488, 0.0, 826.6154927353808], [0.0, 1272.5979470598488, 479.75165386361925], [0.0, 0.0, 1.0]], [[1266.417203046554, 0.0, 816.2670197447984], [0.0, 1266.417203046554, 491.50706579294757], [0.0, 0.0, 1.0]], [[1260.8474446004698, 0.0, 807.968244525554], [0.0, 1260.8474446004698, 495.3344268742088], [0.0, 0.0, 1.0]], [[1256.7414812095406, 0.0, 792.1125740759628], [0.0, 1256.7414812095406, 492.7757465151356], [0.0, 0.0, 1.0]], [[809.2209905677063, 0.0, 829.2196003259838], [0.0, 809.2209905677063, 481.77842384512485], [0.0, 0.0, 1.0]], [[1259.5137405846733, 0.0, 807.2529053838625], [0.0, 1259.5137405846733, 501.19579884916527], [0.0, 0.0, 1.0]]], "extrinsics": [[[0.8201566338539124, -0.5721322894096375, 0.002791071543470025, -0.7769775390625], [-0.003457182552665472, -0.009834002703428268, -0.9999456405639648, 1.507465124130249], [0.5721285939216614, 0.8201023936271667, -0.010043388232588768, -1.150146484375], [0.0, 0.0, 0.0, 1.0]], [[0.0048561603762209415, -0.9998908042907715, 0.013955285772681236, 0.00665283203125], [-0.00878169760107994, -0.01399755384773016, -0.9998635053634644, 1.5188961029052734], [0.9999496340751648, 0.004732922185212374, -0.008848712779581547, -1.5047607421875], [0.0, 0.0, 0.0, 1.0]], [[-0.833301305770874, -0.5528182983398438, 0.0009279435616917908, 0.9117431640625], [-0.0031740281265228987, 0.0031058809254318476, -0.9999901056289673, 1.5031828880310059], [0.5528099536895752, -0.833296000957489, -0.0043427953496575356, -1.168212890625], [0.0, 0.0, 0.0, 1.0]], [[0.947799026966095, 0.3188472092151642, -0.0036595079582184553, -1.14306640625], [0.00536715891212225, -0.02742713876068592, -0.9996094107627869, 1.5885229110717773], [-0.3188230097293854, 0.9474092125892639, -0.027706719934940338, -0.1024169921875], [0.0, 0.0, 0.0, 1.0]], [[0.0026710783131420612, 0.9998447299003601, -0.01742137223482132, 0.003204345703125], [-0.020002154633402824, -0.01736452803015709, -0.9996491074562073, 1.5783119201660156], [-0.9997963309288025, 0.003018592018634081, 0.019952666014432907, -0.0504150390625], [0.0, 0.0, 0.0, 1.0]], [[-0.9346515536308289, 0.3553431034088135, -0.012556918896734715, 1.0386962890625], [0.012678929604589939, -0.001985419075936079, -0.9999176859855652, 1.552774429321289], [-0.35533878207206726, -0.9347338676452637, -0.002649695845320821, -0.10028076171875], [0.0, 0.0, 0.0, 1.0]]], "view": [[0.0, -2.0, 100.0], [-2.0, 0.0, 100.0], [0.0, 0.0, 1.0]], "bev": "bev_e98e6c15b46f43ebb3882ebe2a272b3a.png", "aux": "aux_e98e6c15b46f43ebb3882ebe2a272b3a.npz", "visibility": "visibility_e98e6c15b46f43ebb3882ebe2a272b3a.png", "pose": [[0.32207414507865906, -0.946714460849762, 0.0, 852.7998657226562], [0.946714460849762, 0.32207414507865906, 0.0, 1651.119873046875], [0.0, 0.0, 1.0, 0.0], [0.0, 0.0, 0.0, 1.0]], "pose_inverse": [[0.32207414507865906, 0.946714460849762, 0.0, -1837.8038330078125], [-0.946714460849762, 0.32207414507865906, 0.0, 275.574951171875], [0.0, 0.0, 1.0, 0.0], [0.0, 0.0, 0.0, 1.0]], "cam_ids": [0, 1, 2, 3, 4, 5], "cam_channels": ["CAM_FRONT_LEFT", "CAM_FRONT", "CAM_FRONT_RIGHT", "CAM_BACK_LEFT", "CAM_BACK", "CAM_BACK_RIGHT"], "token": "e98e6c15b46f43ebb3882ebe2a272b3a", "scene": "scene-0427"}, {"images": ["samples/CAM_FRONT_LEFT/n015-2018-10-08-15-52-24+0800__CAM_FRONT_LEFT__1538985292254844.jpg", "samples/CAM_FRONT/n015-2018-10-08-15-52-24+0800__CAM_FRONT__1538985292262460.jpg", "samples/CAM_FRONT_RIGHT/n015-2018-10-08-15-52-24+0800__CAM_FRONT_RIGHT__1538985292270339.jpg", "samples/CAM_BACK_LEFT/n015-2018-10-08-15-52-24+0800__CAM_BACK_LEFT__1538985292297423.jpg", "samples/CAM_BACK/n015-2018-10-08-15-52-24+0800__CAM_BACK__1538985292287525.jpg", "samples/CAM_BACK_RIGHT/n015-2018-10-08-15-52-24+0800__CAM_BACK_RIGHT__1538985292277893.jpg"], "intrinsics": [[[1272.5979470598488, 0.0, 826.6154927353808], [0.0, 1272.5979470598488, 479.75165386361925], [0.0, 0.0, 1.0]], [[1266.417203046554, 0.0, 816.2670197447984], [0.0, 1266.417203046554, 491.50706579294757], [0.0, 0.0, 1.0]], [[1260.8474446004698, 0.0, 807.968244525554], [0.0, 1260.8474446004698, 495.3344268742088], [0.0, 0.0, 1.0]], [[1256.7414812095406, 0.0, 792.1125740759628], [0.0, 1256.7414812095406, 492.7757465151356], [0.0, 0.0, 1.0]], [[809.2209905677063, 0.0, 829.2196003259838], [0.0, 809.2209905677063, 481.77842384512485], [0.0, 0.0, 1.0]], [[1259.5137405846733, 0.0, 807.2529053838625], [0.0, 1259.5137405846733, 501.19579884916527], [0.0, 0.0, 1.0]]], "extrinsics": [[[0.8199236392974854, -0.5724717974662781, -0.0011321362107992172, -0.7930908203125], [-0.006622859742492437, -0.007508073002099991, -0.9999498724937439, 1.506866455078125], [0.5724345445632935, 0.819890022277832, -0.00994744710624218, -1.16094970703125], [0.0, 0.0, 0.0, 1.0]], [[0.004557640757411718, -0.9999232888221741, 0.011514813639223576, 0.00634765625], [-0.011992613784968853, -0.011568760499358177, -0.9998611807823181, 1.5184822082519531], [0.9999176263809204, 0.004418885800987482, -0.012044419534504414, -1.52099609375], [0.0, 0.0, 0.0, 1.0]], [[-0.8334445357322693, -0.5525985360145569, 0.0022525533568114042, 0.9222412109375], [-0.006428992375731468, 0.005620241165161133, -0.9999635219573975, 1.5027904510498047], [0.5525657534599304, -0.8334286212921143, -0.008236810564994812, -1.1751708984375], [0.0, 0.0, 0.0, 1.0]], [[0.9477126598358154, 0.3190669119358063, -0.006092208903282881, -1.146484375], [0.001923080999404192, -0.024799982085824013, -0.999690592288971, 1.588557243347168], [-0.31911924481391907, 0.9474076628684998, -0.024116847664117813, -0.102783203125], [0.0, 0.0, 0.0, 1.0]], [[0.002618755679577589, 0.9998867511749268, -0.014824018813669682, 0.002593994140625], [-0.023378832265734673, -0.014758800156414509, -0.9996177554130554, 1.5782852172851562], [-0.9997231960296631, 0.0029643718153238297, 0.023337529972195625, -0.0440673828125], [0.0, 0.0, 0.0, 1.0]], [[-0.9346152544021606, 0.3555576503276825, -0.008548521436750889, 1.04736328125], [0.009368527680635452, 0.0005845017149113119, -0.999955952167511, 1.5523405075073242], [-0.35553693771362305, -0.9346542954444885, -0.003877336625009775, -0.097076416015625], [0.0, 0.0, 0.0, 1.0]]], "view": [[0.0, -2.0, 100.0], [-2.0, 0.0, 100.0], [0.0, 0.0, 1.0]], "bev": "bev_46500b35380d41e0b69e0beb4dd78c7f.png", "aux": "aux_46500b35380d41e0b69e0beb4dd78c7f.npz", "visibility": "visibility_46500b35380d41e0b69e0beb4dd78c7f.png", "pose": [[0.3083184063434601, -0.9512832164764404, 0.0, 853.6404418945312], [0.9512832164764404, 0.3083184063434601, 0.0, 1653.5870361328125], [0.0, 0.0, 1.0, 0.0], [0.0, 0.0, 0.0, 1.0]], "pose_inverse": [[0.3083184063434601, 0.9512832164764404, 0.0, -1836.22265625], [-0.9512832164764404, 0.3083184063434601, 0.0, 302.2225341796875], [0.0, 0.0, 1.0, 0.0], [0.0, 0.0, 0.0, 1.0]], "cam_ids": [0, 1, 2, 3, 4, 5], "cam_channels": ["CAM_FRONT_LEFT", "CAM_FRONT", "CAM_FRONT_RIGHT", "CAM_BACK_LEFT", "CAM_BACK", "CAM_BACK_RIGHT"], "token": "46500b35380d41e0b69e0beb4dd78c7f", "scene": "scene-0427"}, {"images": ["samples/CAM_FRONT_LEFT/n015-2018-10-08-15-52-24+0800__CAM_FRONT_LEFT__1538985292754844.jpg", "samples/CAM_FRONT/n015-2018-10-08-15-52-24+0800__CAM_FRONT__1538985292762460.jpg", "samples/CAM_FRONT_RIGHT/n015-2018-10-08-15-52-24+0800__CAM_FRONT_RIGHT__1538985292770339.jpg", "samples/CAM_BACK_LEFT/n015-2018-10-08-15-52-24+0800__CAM_BACK_LEFT__1538985292797423.jpg", "samples/CAM_BACK/n015-2018-10-08-15-52-24+0800__CAM_BACK__1538985292787525.jpg", "samples/CAM_BACK_RIGHT/n015-2018-10-08-15-52-24+0800__CAM_BACK_RIGHT__1538985292777893.jpg"], "intrinsics": [[[1272.5979470598488, 0.0, 826.6154927353808], [0.0, 1272.5979470598488, 479.75165386361925], [0.0, 0.0, 1.0]], [[1266.417203046554, 0.0, 816.2670197447984], [0.0, 1266.417203046554, 491.50706579294757], [0.0, 0.0, 1.0]], [[1260.8474446004698, 0.0, 807.968244525554], [0.0, 1260.8474446004698, 495.3344268742088], [0.0, 0.0, 1.0]], [[1256.7414812095406, 0.0, 792.1125740759628], [0.0, 1256.7414812095406, 492.7757465151356], [0.0, 0.0, 1.0]], [[809.2209905677063, 0.0, 829.2196003259838], [0.0, 809.2209905677063, 481.77842384512485], [0.0, 0.0, 1.0]], [[1259.5137405846733, 0.0, 807.2529053838625], [0.0, 1259.5137405846733, 501.19579884916527], [0.0, 0.0, 1.0]]], "extrinsics": [[[0.819733738899231, -0.572733461856842, -0.0036004502326250076, -0.8162841796875], [-0.006465417332947254, -0.0029674561228603125, -0.9999747276306152, 1.5070695877075195], [0.5727081894874573, 0.8197363615036011, -0.006135484669357538, -1.17535400390625], [0.0, 0.0, 0.0, 1.0]], [[0.004271237645298243, -0.999966561794281, 0.006977942772209644, 0.005157470703125], [-0.01175660826265812, -0.007027738727629185, -0.9999062418937683, 1.5187702178955078], [0.9999217987060547, 0.0041887881234288216, -0.011786229908466339, -1.542724609375], [0.0, 0.0, 0.0, 1.0]], [[-0.8335729837417603, -0.5524092316627502, -0.0005307456594891846, 0.935546875], [-0.006105590146034956, 0.010173916816711426, -0.9999295473098755, 1.5029420852661133], [0.5523756742477417, -0.8335110545158386, -0.011853482574224472, -1.18505859375], [0.0, 0.0, 0.0, 1.0]], [[0.9478031992912292, 0.3188305199146271, -0.004035265184938908, -1.146728515625], [0.0025487930979579687, -0.020230749621987343, -0.9997920393943787, 1.5885248184204102], [-0.31884580850601196, 0.9475958347320557, -0.019987400621175766, -0.10125732421875], [0.0, 0.0, 0.0, 1.0]], [[0.0028439981397241354, 0.9999434351921082, -0.010259751230478287, 0.003509521484375], [-0.022869562730193138, -0.010192072950303555, -0.9996864795684814, 1.5784339904785156], [-0.9997344613075256, 0.0030776916537433863, 0.022839277982711792, -0.0382080078125], [0.0, 0.0, 0.0, 1.0]], [[-0.934547483921051, 0.35576358437538147, -0.007304315455257893, 1.05810546875], [0.009770321659743786, 0.005135313142091036, -0.9999390840530396, 1.5522680282592773], [-0.3557044267654419, -0.9345619678497314, -0.00827511865645647, -0.09368896484375], [0.0, 0.0, 0.0, 1.0]]], "view": [[0.0, -2.0, 100.0], [-2.0, 0.0, 100.0], [0.0, 0.0, 1.0]], "bev": "bev_a9359ac160434816bd001939d83c17a9.png", "aux": "aux_a9359ac160434816bd001939d83c17a9.npz", "visibility": "visibility_a9359ac160434816bd001939d83c17a9.png", "pose": [[0.29262658953666687, -0.9562268257141113, 0.0, 854.3743286132812], [0.9562268257141113, 0.29262658953666687, 0.0, 1655.8787841796875], [0.0, 0.0, 1.0, 0.0], [0.0, 0.0, 0.0, 1.0]], "pose_inverse": [[0.29262658953666687, 0.9562268257141113, 0.0, -1833.4083251953125], [-0.9562268257141113, 0.29262658953666687, 0.0, 332.4214782714844], [0.0, 0.0, 1.0, 0.0], [0.0, 0.0, 0.0, 1.0]], "cam_ids": [0, 1, 2, 3, 4, 5], "cam_channels": ["CAM_FRONT_LEFT", "CAM_FRONT", "CAM_FRONT_RIGHT", "CAM_BACK_LEFT", "CAM_BACK", "CAM_BACK_RIGHT"], "token": "a9359ac160434816bd001939d83c17a9", "scene": "scene-0427"}, {"images": ["samples/CAM_FRONT_LEFT/n015-2018-10-08-15-52-24+0800__CAM_FRONT_LEFT__1538985293254844.jpg", "samples/CAM_FRONT/n015-2018-10-08-15-52-24+0800__CAM_FRONT__1538985293262460.jpg", "samples/CAM_FRONT_RIGHT/n015-2018-10-08-15-52-24+0800__CAM_FRONT_RIGHT__1538985293270339.jpg", "samples/CAM_BACK_LEFT/n015-2018-10-08-15-52-24+0800__CAM_BACK_LEFT__1538985293297423.jpg", "samples/CAM_BACK/n015-2018-10-08-15-52-24+0800__CAM_BACK__1538985293287525.jpg", "samples/CAM_BACK_RIGHT/n015-2018-10-08-15-52-24+0800__CAM_BACK_RIGHT__1538985293277893.jpg"], "intrinsics": [[[1272.5979470598488, 0.0, 826.6154927353808], [0.0, 1272.5979470598488, 479.75165386361925], [0.0, 0.0, 1.0]], [[1266.417203046554, 0.0, 816.2670197447984], [0.0, 1266.417203046554, 491.50706579294757], [0.0, 0.0, 1.0]], [[1260.8474446004698, 0.0, 807.968244525554], [0.0, 1260.8474446004698, 495.3344268742088], [0.0, 0.0, 1.0]], [[1256.7414812095406, 0.0, 792.1125740759628], [0.0, 1256.7414812095406, 492.7757465151356], [0.0, 0.0, 1.0]], [[809.2209905677063, 0.0, 829.2196003259838], [0.0, 809.2209905677063, 481.77842384512485], [0.0, 0.0, 1.0]], [[1259.5137405846733, 0.0, 807.2529053838625], [0.0, 1259.5137405846733, 501.19579884916527], [0.0, 0.0, 1.0]]], "extrinsics": [[[0.8199355602264404, -0.5724471807479858, -0.0031418006401509047, -0.81787109375], [-0.00643956521525979, -0.0037353921215981245, -0.9999722838401794, 1.5070991516113281], [0.5724195837974548, 0.8199330568313599, -0.006749091669917107, -1.17864990234375], [0.0, 0.0, 0.0, 1.0]], [[0.004563979804515839, -0.9999588131904602, 0.00784788653254509, 0.006439208984375], [-0.011731918901205063, -0.007900970987975597, -0.9998999834060669, 1.5188140869140625], [0.9999207258224487, 0.004471463151276112, -0.0117674944922328, -1.54541015625], [0.0, 0.0, 0.0, 1.0]], [[-0.8334456086158752, -0.5526014566421509, -1.2149864232924301e-05, 0.937744140625], [-0.006081530824303627, 0.009194284677505493, -0.9999392032623291, 1.5029497146606445], [0.5525679588317871, -0.8333948254585266, -0.011023599654436111, -1.1854248046875], [0.0, 0.0, 0.0, 1.0]], [[0.9477469325065613, 0.3189947307109833, -0.004259068984538317, -1.1378173828125], [0.002746676793321967, -0.02150888927280903, -0.9997648596763611, 1.5885705947875977], [-0.31901130080223083, 0.9475123286247253, -0.02126115933060646, -0.1051025390625], [0.0, 0.0, 0.0, 1.0]], [[0.0026770969852805138, 0.999931275844574, -0.011414756998419762, 0.00274658203125], [-0.02274584397673607, -0.011350955814123154, -0.9996768832206726, 1.578369140625], [-0.9997376799583435, 0.002935872646048665, 0.02271389402449131, -0.041748046875], [0.0, 0.0, 0.0, 1.0]], [[-0.9346075654029846, 0.3555964231491089, -0.007731979712843895, 1.0594482421875], [0.00982438214123249, 0.004078778903931379, -0.9999434351921082, 1.5522546768188477], [-0.355544775724411, -0.9346307516098022, -0.007305573672056198, -0.09234619140625], [0.0, 0.0, 0.0, 1.0]]], "view": [[0.0, -2.0, 100.0], [-2.0, 0.0, 100.0], [0.0, 0.0, 1.0]], "bev": "bev_46ce57571f78483aaad78c865748ca39.png", "aux": "aux_46ce57571f78483aaad78c865748ca39.npz", "visibility": "visibility_46ce57571f78483aaad78c865748ca39.png", "pose": [[0.2772230803966522, -0.9608055949211121, 0.0, 854.9979858398438], [0.9608055949211121, 0.2772230803966522, 0.0, 1657.9495849609375], [0.0, 0.0, 1.0, 0.0], [0.0, 0.0, 0.0, 1.0]], "pose_inverse": [[0.2772230803966522, 0.9608055949211121, 0.0, -1829.992431640625], [-0.9608055949211121, 0.2772230803966522, 0.0, 361.86492919921875], [0.0, 0.0, 1.0, 0.0], [0.0, 0.0, 0.0, 1.0]], "cam_ids": [0, 1, 2, 3, 4, 5], "cam_channels": ["CAM_FRONT_LEFT", "CAM_FRONT", "CAM_FRONT_RIGHT", "CAM_BACK_LEFT", "CAM_BACK", "CAM_BACK_RIGHT"], "token": "46ce57571f78483aaad78c865748ca39", "scene": "scene-0427"}, {"images": ["samples/CAM_FRONT_LEFT/n015-2018-10-08-15-52-24+0800__CAM_FRONT_LEFT__1538985293754844.jpg", "samples/CAM_FRONT/n015-2018-10-08-15-52-24+0800__CAM_FRONT__1538985293762460.jpg", "samples/CAM_FRONT_RIGHT/n015-2018-10-08-15-52-24+0800__CAM_FRONT_RIGHT__1538985293770339.jpg", "samples/CAM_BACK_LEFT/n015-2018-10-08-15-52-24+0800__CAM_BACK_LEFT__1538985293799915.jpg", "samples/CAM_BACK/n015-2018-10-08-15-52-24+0800__CAM_BACK__1538985293787525.jpg", "samples/CAM_BACK_RIGHT/n015-2018-10-08-15-52-24+0800__CAM_BACK_RIGHT__1538985293777893.jpg"], "intrinsics": [[[1272.5979470598488, 0.0, 826.6154927353808], [0.0, 1272.5979470598488, 479.75165386361925], [0.0, 0.0, 1.0]], [[1266.417203046554, 0.0, 816.2670197447984], [0.0, 1266.417203046554, 491.50706579294757], [0.0, 0.0, 1.0]], [[1260.8474446004698, 0.0, 807.968244525554], [0.0, 1260.8474446004698, 495.3344268742088], [0.0, 0.0, 1.0]], [[1256.7414812095406, 0.0, 792.1125740759628], [0.0, 1256.7414812095406, 492.7757465151356], [0.0, 0.0, 1.0]], [[809.2209905677063, 0.0, 829.2196003259838], [0.0, 809.2209905677063, 481.77842384512485], [0.0, 0.0, 1.0]], [[1259.5137405846733, 0.0, 807.2529053838625], [0.0, 1259.5137405846733, 501.19579884916527], [0.0, 0.0, 1.0]]], "extrinsics": [[[0.8201599717140198, -0.5721288323402405, -0.0025132643058896065, -0.826171875], [-0.006917025428265333, -0.005523058585822582, -0.9999608397483826, 1.5070838928222656], [0.572092592716217, 0.8201451897621155, -0.008487220853567123, -1.18408203125], [0.0, 0.0, 0.0, 1.0]], [[0.004886144306510687, -0.999943733215332, 0.009410427883267403, 0.00628662109375], [-0.012061776593327522, -0.009468789212405682, -0.9998824596405029, 1.5188617706298828], [0.9999153017997742, 0.004772060550749302, -0.012107363902032375, -1.5533447265625], [0.0, 0.0, 0.0, 1.0]], [[-0.8333094716072083, -0.5528060793876648, 0.0008884727722033858, 0.94287109375], [-0.006266976706683636, 0.007839826866984367, -0.9999496340751648, 1.502964973449707], [0.5527712106704712, -0.8332731127738953, -0.00999742466956377, -1.1885986328125], [0.0, 0.0, 0.0, 1.0]], [[0.9478104114532471, 0.3188053071498871, -0.004308581352233887, -1.1495361328125], [0.002953303512185812, -0.022291548550128937, -0.999747097492218, 1.5885324478149414], [-0.3188207447528839, 0.9475581049919128, -0.022069688886404037, -0.10113525390625], [0.0, 0.0, 0.0, 1.0]], [[0.0026958868838846684, 0.9999192953109741, -0.012421518564224243, 0.00274658203125], [-0.022692624479532242, -0.012357192113995552, -0.9996660947799683, 1.5784339904785156], [-0.9997388124465942, 0.002976861549541354, 0.022657476365566254, -0.038818359375], [0.0, 0.0, 0.0, 1.0]], [[-0.9346708059310913, 0.3554222881793976, -0.008095488883554935, 1.0628662109375], [0.009760333225131035, 0.0028912865091115236, -0.9999481439590454, 1.5522127151489258], [-0.3553803861141205, -0.9347015023231506, -0.006171439308673143, -0.091094970703125], [0.0, 0.0, 0.0, 1.0]]], "view": [[0.0, -2.0, 100.0], [-2.0, 0.0, 100.0], [0.0, 0.0, 1.0]], "bev": "bev_5ebfb62d1fb24e1bb76d351d2f91aac7.png", "aux": "aux_5ebfb62d1fb24e1bb76d351d2f91aac7.npz", "visibility": "visibility_5ebfb62d1fb24e1bb76d351d2f91aac7.png", "pose": [[0.26207953691482544, -0.9650462865829468, 0.0, 855.5357666015625], [0.9650462865829468, 0.26207953691482544, 0.0, 1659.8697509765625], [0.0, 0.0, 1.0, 0.0], [0.0, 0.0, 0.0, 1.0]], "pose_inverse": [[0.26207953691482544, 0.9650462865829468, 0.0, -1826.069580078125], [-0.9650462865829468, 0.26207953691482544, 0.0, 390.61370849609375], [0.0, 0.0, 1.0, 0.0], [0.0, 0.0, 0.0, 1.0]], "cam_ids": [0, 1, 2, 3, 4, 5], "cam_channels": ["CAM_FRONT_LEFT", "CAM_FRONT", "CAM_FRONT_RIGHT", "CAM_BACK_LEFT", "CAM_BACK", "CAM_BACK_RIGHT"], "token": "5ebfb62d1fb24e1bb76d351d2f91aac7", "scene": "scene-0427"}, {"images": ["samples/CAM_FRONT_LEFT/n015-2018-10-08-15-52-24+0800__CAM_FRONT_LEFT__1538985294254844.jpg", "samples/CAM_FRONT/n015-2018-10-08-15-52-24+0800__CAM_FRONT__1538985294262460.jpg", "samples/CAM_FRONT_RIGHT/n015-2018-10-08-15-52-24+0800__CAM_FRONT_RIGHT__1538985294270339.jpg", "samples/CAM_BACK_LEFT/n015-2018-10-08-15-52-24+0800__CAM_BACK_LEFT__1538985294297423.jpg", "samples/CAM_BACK/n015-2018-10-08-15-52-24+0800__CAM_BACK__1538985294287525.jpg", "samples/CAM_BACK_RIGHT/n015-2018-10-08-15-52-24+0800__CAM_BACK_RIGHT__1538985294277893.jpg"], "intrinsics": [[[1272.5979470598488, 0.0, 826.6154927353808], [0.0, 1272.5979470598488, 479.75165386361925], [0.0, 0.0, 1.0]], [[1266.417203046554, 0.0, 816.2670197447984], [0.0, 1266.417203046554, 491.50706579294757], [0.0, 0.0, 1.0]], [[1260.8474446004698, 0.0, 807.968244525554], [0.0, 1260.8474446004698, 495.3344268742088], [0.0, 0.0, 1.0]], [[1256.7414812095406, 0.0, 792.1125740759628], [0.0, 1256.7414812095406, 492.7757465151356], [0.0, 0.0, 1.0]], [[809.2209905677063, 0.0, 829.2196003259838], [0.0, 809.2209905677063, 481.77842384512485], [0.0, 0.0, 1.0]], [[1259.5137405846733, 0.0, 807.2529053838625], [0.0, 1259.5137405846733, 501.19579884916527], [0.0, 0.0, 1.0]]], "extrinsics": [[[0.8201852440834045, -0.572075366973877, 0.005105306394398212, -0.8375244140625], [-0.00032442997326143086, -0.00938892550766468, -0.9999558329582214, 1.508208155632019], [0.5720980763435364, 0.8201473355293274, -0.007886257022619247, -1.19287109375], [0.0, 0.0, 0.0, 1.0]], [[0.004867276176810265, -0.9998983144760132, 0.013398806564509869, 0.006561279296875], [-0.0056714690290391445, -0.013426353223621845, -0.9998937845230103, 1.5198254585266113], [0.9999720454216003, 0.004790797829627991, -0.005736242979764938, -1.5653076171875], [0.0, 0.0, 0.0, 1.0]], [[-0.8332783579826355, -0.5528494119644165, -0.002173486864194274, 0.95068359375], [7.045531674521044e-05, 0.0038252060767263174, -0.9999926686286926, 1.503648042678833], [0.5528536438941956, -0.8332723379135132, -0.0031485084909945726, -1.1934814453125], [0.0, 0.0, 0.0, 1.0]], [[0.9476855993270874, 0.31920546293258667, -0.00015437573892995715, -1.1380615234375], [0.008656819351017475, -0.026184577494859695, -0.9996196627616882, 1.5886173248291016], [-0.31908804178237915, 0.947323739528656, -0.027578048408031464, -0.1058349609375], [0.0, 0.0, 0.0, 1.0]], [[0.0025433951523154974, 0.9998629093170166, -0.016358934342861176, 0.0023193359375], [-0.016726717352867126, -0.01631416194140911, -0.9997270107269287, 1.5787296295166016], [-0.9998568892478943, 0.0028163306415081024, 0.016682932153344154, -0.036376953125], [0.0, 0.0, 0.0, 1.0]], [[-0.9346149563789368, 0.35533419251441956, -0.015252982266247272, 1.0693359375], [0.01589476503431797, -0.0011132187210023403, -0.9998730421066284, 1.5525875091552734], [-0.35530608892440796, -0.9347386956214905, -0.004607523325830698, -0.088531494140625], [0.0, 0.0, 0.0, 1.0]]], "view": [[0.0, -2.0, 100.0], [-2.0, 0.0, 100.0], [0.0, 0.0, 1.0]], "bev": "bev_5145af7500cc4a108abf208371ccef30.png", "aux": "aux_5145af7500cc4a108abf208371ccef30.npz", "visibility": "visibility_5145af7500cc4a108abf208371ccef30.png", "pose": [[0.24974611401557922, -0.9683113694190979, 0.0, 856.0113525390625], [0.9683113694190979, 0.24974611401557922, 0.0, 1661.6292724609375], [0.0, 0.0, 1.0, 0.0], [0.0, 0.0, 0.0, 1.0]], "pose_inverse": [[0.24974611401557922, 0.9683113694190979, 0.0, -1822.760009765625], [-0.9683113694190979, 0.24974611401557922, 0.0, 413.9000549316406], [0.0, 0.0, 1.0, 0.0], [0.0, 0.0, 0.0, 1.0]], "cam_ids": [0, 1, 2, 3, 4, 5], "cam_channels": ["CAM_FRONT_LEFT", "CAM_FRONT", "CAM_FRONT_RIGHT", "CAM_BACK_LEFT", "CAM_BACK", "CAM_BACK_RIGHT"], "token": "5145af7500cc4a108abf208371ccef30", "scene": "scene-0427"}, {"images": ["samples/CAM_FRONT_LEFT/n015-2018-10-08-15-52-24+0800__CAM_FRONT_LEFT__1538985294654844.jpg", "samples/CAM_FRONT/n015-2018-10-08-15-52-24+0800__CAM_FRONT__1538985294662460.jpg", "samples/CAM_FRONT_RIGHT/n015-2018-10-08-15-52-24+0800__CAM_FRONT_RIGHT__1538985294670339.jpg", "samples/CAM_BACK_LEFT/n015-2018-10-08-15-52-24+0800__CAM_BACK_LEFT__1538985294697423.jpg", "samples/CAM_BACK/n015-2018-10-08-15-52-24+0800__CAM_BACK__1538985294687525.jpg", "samples/CAM_BACK_RIGHT/n015-2018-10-08-15-52-24+0800__CAM_BACK_RIGHT__1538985294677893.jpg"], "intrinsics": [[[1272.5979470598488, 0.0, 826.6154927353808], [0.0, 1272.5979470598488, 479.75165386361925], [0.0, 0.0, 1.0]], [[1266.417203046554, 0.0, 816.2670197447984], [0.0, 1266.417203046554, 491.50706579294757], [0.0, 0.0, 1.0]], [[1260.8474446004698, 0.0, 807.968244525554], [0.0, 1260.8474446004698, 495.3344268742088], [0.0, 0.0, 1.0]], [[1256.7414812095406, 0.0, 792.1125740759628], [0.0, 1256.7414812095406, 492.7757465151356], [0.0, 0.0, 1.0]], [[809.2209905677063, 0.0, 829.2196003259838], [0.0, 809.2209905677063, 481.77842384512485], [0.0, 0.0, 1.0]], [[1259.5137405846733, 0.0, 807.2529053838625], [0.0, 1259.5137405846733, 501.19579884916527], [0.0, 0.0, 1.0]]], "extrinsics": [[[0.8203300833702087, -0.5718850493431091, 0.002465392230078578, -0.8489990234375], [-0.000499458285048604, -0.005027376115322113, -0.9999872446060181, 1.5081884860992432], [0.5718901753425598, 0.820318341255188, -0.004409739747643471, -1.20184326171875], [0.0, 0.0, 0.0, 1.0]], [[0.005067023914307356, -0.9999457597732544, 0.009094145148992538, 0.007293701171875], [-0.005817636847496033, -0.009123585186898708, -0.9999414682388306, 1.5198798179626465], [0.9999702572822571, 0.005013809073716402, -0.005863551050424576, -1.5772705078125], [0.0, 0.0, 0.0, 1.0]], [[-0.83319491147995, -0.5529628992080688, -0.004272928927093744, 0.9588623046875], [-0.000203284143935889, 0.008033392019569874, -0.999967634677887, 1.503615140914917], [0.5529793500900269, -0.8331671357154846, -0.006805787328630686, -1.1983642578125], [0.0, 0.0, 0.0, 1.0]], [[0.947750449180603, 0.3190118968486786, 0.0007362523465417325, -1.1383056640625], [0.008362834341824055, -0.022537844255566597, -0.9997109770774841, 1.5885944366455078], [-0.3189030885696411, 0.9474827647209167, -0.024028094485402107, -0.105224609375], [0.0, 0.0, 0.0, 1.0]], [[0.0025771409273147583, 0.9999189376831055, -0.012472756206989288, 0.0023193359375], [-0.0170122217386961, -0.012427152134478092, -0.9997780323028564, 1.5787792205810547], [-0.9998518824577332, 0.002788783283904195, 0.01697881519794464, -0.032470703125], [0.0, 0.0, 0.0, 1.0]], [[-0.9346568584442139, 0.3552916944026947, -0.01357764657586813, 1.075927734375], [0.01565510779619217, 0.002972853137180209, -0.9998730421066284, 1.5524520874023438], [-0.3552062213420868, -0.9347507953643799, -0.008340728469192982, -0.0855560302734375], [0.0, 0.0, 0.0, 1.0]]], "view": [[0.0, -2.0, 100.0], [-2.0, 0.0, 100.0], [0.0, 0.0, 1.0]], "bev": "bev_501c07653ee144fe864f8c572e1605d9.png", "aux": "aux_501c07653ee144fe864f8c572e1605d9.npz", "visibility": "visibility_501c07653ee144fe864f8c572e1605d9.png", "pose": [[0.2384050041437149, -0.9711658358573914, 0.0, 856.3379516601562], [0.9711658358573914, 0.2384050041437149, 0.0, 1662.911865234375], [0.0, 0.0, 1.0, 0.0], [0.0, 0.0, 0.0, 1.0]], "pose_inverse": [[0.2384050041437149, 0.9711658358573914, 0.0, -1819.118408203125], [-0.9711658358573914, 0.2384050041437149, 0.0, 435.19964599609375], [0.0, 0.0, 1.0, 0.0], [0.0, 0.0, 0.0, 1.0]], "cam_ids": [0, 1, 2, 3, 4, 5], "cam_channels": ["CAM_FRONT_LEFT", "CAM_FRONT", "CAM_FRONT_RIGHT", "CAM_BACK_LEFT", "CAM_BACK", "CAM_BACK_RIGHT"], "token": "501c07653ee144fe864f8c572e1605d9", "scene": "scene-0427"}, {"images": ["samples/CAM_FRONT_LEFT/n015-2018-10-08-15-52-24+0800__CAM_FRONT_LEFT__1538985295104844.jpg", "samples/CAM_FRONT/n015-2018-10-08-15-52-24+0800__CAM_FRONT__1538985295112460.jpg", "samples/CAM_FRONT_RIGHT/n015-2018-10-08-15-52-24+0800__CAM_FRONT_RIGHT__1538985295120339.jpg", "samples/CAM_BACK_LEFT/n015-2018-10-08-15-52-24+0800__CAM_BACK_LEFT__1538985295147423.jpg", "samples/CAM_BACK/n015-2018-10-08-15-52-24+0800__CAM_BACK__1538985295137527.jpg", "samples/CAM_BACK_RIGHT/n015-2018-10-08-15-52-24+0800__CAM_BACK_RIGHT__1538985295127893.jpg"], "intrinsics": [[[1272.5979470598488, 0.0, 826.6154927353808], [0.0, 1272.5979470598488, 479.75165386361925], [0.0, 0.0, 1.0]], [[1266.417203046554, 0.0, 816.2670197447984], [0.0, 1266.417203046554, 491.50706579294757], [0.0, 0.0, 1.0]], [[1260.8474446004698, 0.0, 807.968244525554], [0.0, 1260.8474446004698, 495.3344268742088], [0.0, 0.0, 1.0]], [[1256.7414812095406, 0.0, 792.1125740759628], [0.0, 1256.7414812095406, 492.7757465151356], [0.0, 0.0, 1.0]], [[809.2209905677063, 0.0, 829.2196003259838], [0.0, 809.2209905677063, 481.77842384512485], [0.0, 0.0, 1.0]], [[1259.5137405846733, 0.0, 807.2529053838625], [0.0, 1259.5137405846733, 501.19579884916527], [0.0, 0.0, 1.0]]], "extrinsics": [[[0.8205556869506836, -0.5715435147285461, 0.005138424225151539, -0.8701171875], [0.0030429440084844828, -0.004621591418981552, -0.9999846816062927, 1.5086030960083008], [0.5715584754943848, 0.8205587267875671, -0.002053098287433386, -1.21527099609375], [0.0, 0.0, 0.0, 1.0]], [[0.005379755515605211, -0.9999486804008484, 0.008570903912186623, 0.00634765625], [-0.002137957140803337, -0.00858251005411148, -0.9999608993530273, 1.5203384160995483], [0.9999832510948181, 0.0053612245246768, -0.002184019424021244, -1.5982666015625], [0.0, 0.0, 0.0, 1.0]], [[-0.8330254554748535, -0.5531790256500244, -0.007838482037186623, 0.9725341796875], [0.003612264757975936, 0.008729586377739906, -0.9999553561210632, 1.5038995742797852], [0.5532227158546448, -0.8330166339874268, -0.005273738875985146, -1.2081298828125], [0.0, 0.0, 0.0, 1.0]], [[0.9477445483207703, 0.3189898133277893, 0.005070448387414217, -1.141845703125], [0.012530499137938023, -0.02133866399526596, -0.999693751335144, 1.5885601043701172], [-0.3187839090824127, 0.9475178718566895, -0.024220705032348633, -0.1038818359375], [0.0, 0.0, 0.0, 1.0]], [[