[{"images": ["samples/CAM_FRONT_LEFT/n015-2018-07-18-11-50-34+0800__CAM_FRONT_LEFT__1531885977504844.jpg", "samples/CAM_FRONT/n015-2018-07-18-11-50-34+0800__CAM_FRONT__1531885977512465.jpg", "samples/CAM_FRONT_RIGHT/n015-2018-07-18-11-50-34+0800__CAM_FRONT_RIGHT__1531885977520339.jpg", "samples/CAM_BACK_LEFT/n015-2018-07-18-11-50-34+0800__CAM_BACK_LEFT__1531885977547423.jpg", "samples/CAM_BACK/n015-2018-07-18-11-50-34+0800__CAM_BACK__1531885977537525.jpg", "samples/CAM_BACK_RIGHT/n015-2018-07-18-11-50-34+0800__CAM_BACK_RIGHT__1531885977527893.jpg"], "intrinsics": [[[1272.5979470598488, 0.0, 826.6154927353808], [0.0, 1272.5979470598488, 479.75165386361925], [0.0, 0.0, 1.0]], [[1266.417203046554, 0.0, 816.2670197447984], [0.0, 1266.417203046554, 491.50706579294757], [0.0, 0.0, 1.0]], [[1260.8474446004698, 0.0, 807.968244525554], [0.0, 1260.8474446004698, 495.3344268742088], [0.0, 0.0, 1.0]], [[1256.7414812095406, 0.0, 792.1125740759628], [0.0, 1256.7414812095406, 492.7757465151356], [0.0, 0.0, 1.0]], [[809.2209905677063, 0.0, 829.2196003259838], [0.0, 809.2209905677063, 481.77842384512485], [0.0, 0.0, 1.0]], [[1259.5137405846733, 0.0, 807.2529053838625], [0.0, 1259.5137405846733, 501.19579884916527], [0.0, 0.0, 1.0]]], "extrinsics": [[[0.8209244012832642, -0.571003794670105, -0.0061502717435359955, -0.96484375], [0.012361643835902214, 0.028537940233945847, -0.9995162487030029, 1.5082406997680664], [0.5709030032157898, 0.8204512596130371, 0.030486036092042923, -1.280517578125], [0.0, 0.0, 0.0, 1.0]], [[0.00603445153683424, -0.9996829032897949, -0.02444705180823803, 0.0052947998046875], [0.0070836665108799934, 0.024489618837833405, -0.9996749758720398, 1.5205292701721191], [0.9999566078186035, 0.005859266500920057, 0.007229201029986143, -1.6923828125], [0.0, 0.0, 0.0, 1.0]], [[-0.8325468301773071, -0.5529298782348633, -0.03368047997355461, 1.032470703125], [0.012718233279883862, 0.041704971343278885, -0.9990490078926086, 1.5036344528198242], [0.5538086891174316, -0.8321834206581116, -0.027689049020409584, -1.2484130859375], [0.0, 0.0, 0.0, 1.0]], [[0.9475193619728088, 0.3187998831272125, 0.023952744901180267, -1.1422119140625], [0.021442564204335213, 0.011381568387150764, -0.9997052550315857, 1.5885562896728516], [-0.31897851824760437, 0.9477537870407104, 0.0039483727887272835, -0.10369873046875], [0.0, 0.0, 0.0, 1.0]], [[0.002110470784828067, 0.9997692108154297, 0.021380113437771797, 0.0027313232421875], [-0.003999829292297363, 0.021388428285717964, -0.9997632503509521, 1.5793581008911133], [-0.9999897480010986, 0.002024482935667038, 0.004044045694172382, 0.001953125], [0.0, 0.0, 0.0, 1.0]], [[-0.9346902966499329, 0.35519829392433167, -0.013717122375965118, 1.1361083984375], [0.028608055785298347, 0.03670460358262062, -0.9989166259765625, 1.5514450073242188], [-0.354310005903244, -0.9340701699256897, -0.04446897283196449, -0.06353759765625], [0.0, 0.0, 0.0, 1.0]]], "view": [[0.0, -2.0, 100.0], [-2.0, 0.0, 100.0], [0.0, 0.0, 1.0]], "bev": "bev_46f7968fb3d94da1a35cee3fd2cdd9c7.png", "aux": "aux_46f7968fb3d94da1a35cee3fd2cdd9c7.npz", "visibility": "visibility_46f7968fb3d94da1a35cee3fd2cdd9c7.png", "pose": [[0.2729524075984955, -0.9620275497436523, 0.0, 613.2664184570312], [0.9620275497436523, 0.2729524075984955, 0.0, 1452.0096435546875], [0.0, 0.0, 1.0, 0.0], [0.0, 0.0, 0.0, 1.0]], "pose_inverse": [[0.2729524075984955, 0.9620275497436523, 0.0, -1564.265869140625], [-0.9620275497436523, 0.2729524075984955, 0.0, 193.64962768554688], [0.0, 0.0, 1.0, 0.0], [0.0, 0.0, 0.0, 1.0]], "cam_ids": [0, 1, 2, 3, 4, 5], "cam_channels": ["CAM_FRONT_LEFT", "CAM_FRONT", "CAM_FRONT_RIGHT", "CAM_BACK_LEFT", "CAM_BACK", "CAM_BACK_RIGHT"], "token": "46f7968fb3d94da1a35cee3fd2cdd9c7", "scene": "scene-0021"}, {"images": ["samples/CAM_FRONT_LEFT/n015-2018-07-18-11-50-34+0800__CAM_FRONT_LEFT__1531885978004844.jpg", "samples/CAM_FRONT/n015-2018-07-18-11-50-34+0800__CAM_FRONT__1531885978012467.jpg", "samples/CAM_FRONT_RIGHT/n015-2018-07-18-11-50-34+0800__CAM_FRONT_RIGHT__1531885978020339.jpg", "samples/CAM_BACK_LEFT/n015-2018-07-18-11-50-34+0800__CAM_BACK_LEFT__1531885978047423.jpg", "samples/CAM_BACK/n015-2018-07-18-11-50-34+0800__CAM_BACK__1531885978037525.jpg", "samples/CAM_BACK_RIGHT/n015-2018-07-18-11-50-34+0800__CAM_BACK_RIGHT__1531885978027893.jpg"], "intrinsics": [[[1272.5979470598488, 0.0, 826.6154927353808], [0.0, 1272.5979470598488, 479.75165386361925], [0.0, 0.0, 1.0]], [[1266.417203046554, 0.0, 816.2670197447984], [0.0, 1266.417203046554, 491.50706579294757], [0.0, 0.0, 1.0]], [[1260.8474446004698, 0.0, 807.968244525554], [0.0, 1260.8474446004698, 495.3344268742088], [0.0, 0.0, 1.0]], [[1256.7414812095406, 0.0, 792.1125740759628], [0.0, 1256.7414812095406, 492.7757465151356], [0.0, 0.0, 1.0]], [[809.2209905677063, 0.0, 829.2196003259838], [0.0, 809.2209905677063, 481.77842384512485], [0.0, 0.0, 1.0]], [[1259.5137405846733, 0.0, 807.2529053838625], [0.0, 1259.5137405846733, 501.19579884916527], [0.0, 0.0, 1.0]]], "extrinsics": [[[0.8209206461906433, -0.5710093975067139, -0.006129317916929722, -0.9647216796875], [0.012377387844026089, 0.028523538261651993, -0.999516487121582, 1.5082416534423828], [0.5709080696105957, 0.8204478621482849, 0.030483165755867958, -1.28045654296875], [0.0, 0.0, 0.0, 1.0]], [[0.006029000971466303, -0.9996834993362427, -0.024426428601145744, 0.0052337646484375], [0.007092739455401897, 0.024469012394547462, -0.999675452709198, 1.5205268859863281], [0.9999566674232483, 0.005853772629052401, 0.007238018326461315, -1.692138671875], [0.0, 0.0, 0.0, 1.0]], [[-0.8325492143630981, -0.5529270172119141, -0.03366842120885849, 1.0323486328125], [0.012721545062959194, 0.041678428649902344, -0.9990500211715698, 1.5036430358886719], [0.5538049936294556, -0.8321866989135742, -0.027665257453918457, -1.24853515625], [0.0, 0.0, 0.0, 1.0]], [[0.9475209712982178, 0.3187999725341797, 0.023885954171419144, -1.142333984375], [0.021386319771409035, 0.011339299380779266, -0.9997069239616394, 1.5885543823242188], [-0.318977415561676, 0.9477542042732239, 0.003926265984773636, -0.103759765625], [0.0, 0.0, 0.0, 1.0]], [[0.002112952759489417, 0.999769926071167, 0.021348465234041214, 0.002716064453125], [-0.004026445094496012, 0.021356847137212753, -0.9997637867927551, 1.579355239868164], [-0.9999896883964539, 0.0020265071652829647, 0.004070643801242113, 0.0018310546875], [0.0, 0.0, 0.0, 1.0]], [[-0.9346891045570374, 0.35520103573799133, -0.013723054900765419, 1.13623046875], [0.02860351651906967, 0.03667554259300232, -0.9989177584648132, 1.5514411926269531], [-0.35431337356567383, -0.9340702295303345, -0.04444023221731186, -0.06353759765625], [0.0, 0.0, 0.0, 1.0]]], "view": [[0.0, -2.0, 100.0], [-2.0, 0.0, 100.0], [0.0, 0.0, 1.0]], "bev": "bev_26372d156431456ea3093a3d32a0b6db.png", "aux": "aux_26372d156431456ea3093a3d32a0b6db.npz", "visibility": "visibility_26372d156431456ea3093a3d32a0b6db.png", "pose": [[0.27295535802841187, -0.9620267152786255, 0.0, 613.2686157226562], [0.9620267152786255, 0.27295535802841187, 0.0, 1452.009033203125], [0.0, 0.0, 1.0, 0.0], [0.0, 0.0, 0.0, 1.0]], "pose_inverse": [[0.27295535802841187, 0.9620267152786255, 0.0, -1564.266357421875], [-0.9620267152786255, 0.27295535802841187, 0.0, 193.64715576171875], [0.0, 0.0, 1.0, 0.0], [0.0, 0.0, 0.0, 1.0]], "cam_ids": [0, 1, 2, 3, 4, 5], "cam_channels": ["CAM_FRONT_LEFT", "CAM_FRONT", "CAM_FRONT_RIGHT", "CAM_BACK_LEFT", "CAM_BACK", "CAM_BACK_RIGHT"], "token": "26372d156431456ea3093a3d32a0b6db", "scene": "scene-0021"}, {"images": ["samples/CAM_FRONT_LEFT/n015-2018-07-18-11-50-34+0800__CAM_FRONT_LEFT__1531885978504844.jpg", "samples/CAM_FRONT/n015-2018-07-18-11-50-34+0800__CAM_FRONT__1531885978512463.jpg", "samples/CAM_FRONT_RIGHT/n015-2018-07-18-11-50-34+0800__CAM_FRONT_RIGHT__1531885978520339.jpg", "samples/CAM_BACK_LEFT/n015-2018-07-18-11-50-34+0800__CAM_BACK_LEFT__1531885978547423.jpg", "samples/CAM_BACK/n015-2018-07-18-11-50-34+0800__CAM_BACK__1531885978537525.jpg", "samples/CAM_BACK_RIGHT/n015-2018-07-18-11-50-34+0800__CAM_BACK_RIGHT__1531885978527893.jpg"], "intrinsics": [[[1272.5979470598488, 0.0, 826.6154927353808], [0.0, 1272.5979470598488, 479.75165386361925], [0.0, 0.0, 1.0]], [[1266.417203046554, 0.0, 816.2670197447984], [0.0, 1266.417203046554, 491.50706579294757], [0.0, 0.0, 1.0]], [[1260.8474446004698, 0.0, 807.968244525554], [0.0, 1260.8474446004698, 495.3344268742088], [0.0, 0.0, 1.0]], [[1256.7414812095406, 0.0, 792.1125740759628], [0.0, 1256.7414812095406, 492.7757465151356], [0.0, 0.0, 1.0]], [[809.2209905677063, 0.0, 829.2196003259838], [0.0, 809.2209905677063, 481.77842384512485], [0.0, 0.0, 1.0]], [[1259.5137405846733, 0.0, 807.2529053838625], [0.0, 1259.5137405846733, 501.19579884916527], [0.0, 0.0, 1.0]]], "extrinsics": [[[0.8209235668182373, -0.5710051655769348, -0.006116633303463459, -0.9649658203125], [0.012355632148683071, 0.028470348566770554, -0.9995182752609253, 1.508244514465332], [0.5709043145179749, 0.8204526305198669, 0.03042711317539215, -1.28033447265625], [0.0, 0.0, 0.0, 1.0]], [[0.006034172140061855, -0.9996849894523621, -0.024359408766031265, 0.0051422119140625], [0.007069264072924852, 0.024401890113949776, -0.999677300453186, 1.5205302238464355], [0.9999567270278931, 0.00586001668125391, 0.007214282173663378, -1.6923828125], [0.0, 0.0, 0.0, 1.0]], [[-0.8325468301773071, -0.5529347062110901, -0.03360076993703842, 1.0322265625], [0.012694238685071468, 0.04159700497984886, -0.9990538358688354, 1.5036401748657227], [0.5538092255592346, -0.8321855068206787, -0.027612369507551193, -1.248779296875], [0.0, 0.0, 0.0, 1.0]], [[0.9475213289260864, 0.318801611661911, 0.02385002374649048, -1.1422119140625], [0.02137746475636959, 0.011252944357693195, -0.9997081160545349, 1.5885562896728516], [-0.31897690892219543, 0.9477546215057373, 0.0038472339510917664, -0.1036376953125], [0.0, 0.0, 0.0, 1.0]], [[0.0021114503033459187, 0.999771773815155, 0.0212596133351326, 0.0027923583984375], [-0.004042364191263914, 0.021268021315336227, -0.9997656941413879, 1.579355239868164], [-0.9999895095825195, 0.002025024965405464, 0.004086346831172705, 0.001953125], [0.0, 0.0, 0.0, 1.0]], [[-0.9346913695335388, 0.35519513487815857, -0.013727175071835518, 1.1361083984375], [0.02857460081577301, 0.036588508635759354, -0.998921811580658, 1.5514411926269531], [-0.3543098568916321, -0.9340758323669434, -0.04434852674603462, -0.063568115234375], [0.0, 0.0, 0.0, 1.0]]], "view": [[0.0, -2.0, 100.0], [-2.0, 0.0, 100.0], [0.0, 0.0, 1.0]], "bev": "bev_74c03d0f0f744bed935325b7d117a52b.png", "aux": "aux_74c03d0f0f744bed935325b7d117a52b.npz", "visibility": "visibility_74c03d0f0f744bed935325b7d117a52b.png", "pose": [[0.27291765809059143, -0.9620373845100403, 0.0, 613.2704467773438], [0.9620373845100403, 0.27291765809059143, 0.0, 1452.008544921875], [0.0, 0.0, 1.0, 0.0], [0.0, 0.0, 0.0, 1.0]], "pose_inverse": [[0.27291765809059143, 0.9620373845100403, 0.0, -1564.2589111328125], [-0.9620373845100403, 0.27291765809059143, 0.0, 193.7103271484375], [0.0, 0.0, 1.0, 0.0], [0.0, 0.0, 0.0, 1.0]], "cam_ids": [0, 1, 2, 3, 4, 5], "cam_channels": ["CAM_FRONT_LEFT", "CAM_FRONT", "CAM_FRONT_RIGHT", "CAM_BACK_LEFT", "CAM_BACK", "CAM_BACK_RIGHT"], "token": "74c03d0f0f744bed935325b7d117a52b", "scene": "scene-0021"}, {"images": ["samples/CAM_FRONT_LEFT/n015-2018-07-18-11-50-34+0800__CAM_FRONT_LEFT__1531885979004844.jpg", "samples/CAM_FRONT/n015-2018-07-18-11-50-34+0800__CAM_FRONT__1531885979012470.jpg", "samples/CAM_FRONT_RIGHT/n015-2018-07-18-11-50-34+0800__CAM_FRONT_RIGHT__1531885979020339.jpg", "samples/CAM_BACK_LEFT/n015-2018-07-18-11-50-34+0800__CAM_BACK_LEFT__1531885979047423.jpg", "samples/CAM_BACK/n015-2018-07-18-11-50-34+0800__CAM_BACK__1531885979037525.jpg", "samples/CAM_BACK_RIGHT/n015-2018-07-18-11-50-34+0800__CAM_BACK_RIGHT__1531885979027893.jpg"], "intrinsics": [[[1272.5979470598488, 0.0, 826.6154927353808], [0.0, 1272.5979470598488, 479.75165386361925], [0.0, 0.0, 1.0]], [[1266.417203046554, 0.0, 816.2670197447984], [0.0, 1266.417203046554, 491.50706579294757], [0.0, 0.0, 1.0]], [[1260.8474446004698, 0.0, 807.968244525554], [0.0, 1260.8474446004698, 495.3344268742088], [0.0, 0.0, 1.0]], [[1256.7414812095406, 0.0, 792.1125740759628], [0.0, 1256.7414812095406, 492.7757465151356], [0.0, 0.0, 1.0]], [[809.2209905677063, 0.0, 829.2196003259838], [0.0, 809.2209905677063, 481.77842384512485], [0.0, 0.0, 1.0]], [[1259.5137405846733, 0.0, 807.2529053838625], [0.0, 1259.5137405846733, 501.19579884916527], [0.0, 0.0, 1.0]]], "extrinsics": [[[0.8209169507026672, -0.571016252040863, -0.00598538015037775, -0.96484375], [0.012450208887457848, 0.028375880792737007, -0.9995198249816895, 1.5082473754882812], [0.5709118843078613, 0.8204481601715088, 0.030403515323996544, -1.2802734375], [0.0, 0.0, 0.0, 1.0]], [[0.006022220011800528, -0.9996870160102844, -0.024279940873384476, 0.0051116943359375], [0.0071541741490364075, 0.024322830140590668, -0.9996785521507263, 1.520533561706543], [0.9999561905860901, 0.0058466121554374695, 0.0072984108701348305, -1.692138671875], [0.0, 0.0, 0.0, 1.0]], [[-0.8325526714324951, -0.5529241561889648, -0.03362848982214928, 1.032470703125], [0.01277033518999815, 0.041533276438713074, -0.9990554451942444, 1.503641128540039], [0.5537986755371094, -0.8321957588195801, -0.027517609298229218, -1.2486572265625], [0.0, 0.0, 0.0, 1.0]], [[0.9475200772285461, 0.31879937648773193, 0.023930048570036888, -1.1422119140625], [0.021481459960341454, 0.011194853112101555, -0.9997065663337708, 1.5885581970214844], [-0.31897374987602234, 0.9477561116218567, 0.003759073093533516, -0.103759765625], [0.0, 0.0, 0.0, 1.0]], [[0.002117529511451721, 0.9997730851173401, 0.021194230765104294, 0.00274658203125], [-0.003948724362999201, 0.02120247110724449, -0.9997674226760864, 1.5793590545654297], [-0.999989926815033, 0.002033357275649905, 0.003992726095020771, 0.0018310546875], [0.0, 0.0, 0.0, 1.0]], [[-0.934685230255127, 0.3552072048187256, -0.01383127924054861, 1.1361083984375], [0.02866249717772007, 0.036525290459394455, -0.9989215731620789, 1.5514488220214844], [-0.3543190062046051, -0.9340736865997314, -0.04432077705860138, -0.0635986328125], [0.0, 0.0, 0.0, 1.0]]], "view": [[0.0, -2.0, 100.0], [-2.0, 0.0, 100.0], [0.0, 0.0, 1.0]], "bev": "bev_63245f8ba976431da6812a29a916660a.png", "aux": "aux_63245f8ba976431da6812a29a916660a.npz", "visibility": "visibility_63245f8ba976431da6812a29a916660a.png", "pose": [[0.27293825149536133, -0.9620315432548523, 0.0, 613.27197265625], [0.9620315432548523, 0.27293825149536133, 0.0, 1452.008056640625], [0.0, 0.0, 1.0, 0.0], [0.0, 0.0, 0.0, 1.0]], "pose_inverse": [[0.27293825149536133, 0.9620315432548523, 0.0, -1564.262939453125], [-0.9620315432548523, 0.27293825149536133, 0.0, 193.678466796875], [0.0, 0.0, 1.0, 0.0], [0.0, 0.0, 0.0, 1.0]], "cam_ids": [0, 1, 2, 3, 4, 5], "cam_channels": ["CAM_FRONT_LEFT", "CAM_FRONT", "CAM_FRONT_RIGHT", "CAM_BACK_LEFT", "CAM_BACK", "CAM_BACK_RIGHT"], "token": "63245f8ba976431da6812a29a916660a", "scene": "scene-0021"}, {"images": ["samples/CAM_FRONT_LEFT/n015-2018-07-18-11-50-34+0800__CAM_FRONT_LEFT__1531885979504844.jpg", "samples/CAM_FRONT/n015-2018-07-18-11-50-34+0800__CAM_FRONT__1531885979512465.jpg", "samples/CAM_FRONT_RIGHT/n015-2018-07-18-11-50-34+0800__CAM_FRONT_RIGHT__1531885979520339.jpg", "samples/CAM_BACK_LEFT/n015-2018-07-18-11-50-34+0800__CAM_BACK_LEFT__1531885979547423.jpg", "samples/CAM_BACK/n015-2018-07-18-11-50-34+0800__CAM_BACK__1531885979537525.jpg", "samples/CAM_BACK_RIGHT/n015-2018-07-18-11-50-34+0800__CAM_BACK_RIGHT__1531885979527893.jpg"], "intrinsics": [[[1272.5979470598488, 0.0, 826.6154927353808], [0.0, 1272.5979470598488, 479.75165386361925], [0.0, 0.0, 1.0]], [[1266.417203046554, 0.0, 816.2670197447984], [0.0, 1266.417203046554, 491.50706579294757], [0.0, 0.0, 1.0]], [[1260.8474446004698, 0.0, 807.968244525554], [0.0, 1260.8474446004698, 495.3344268742088], [0.0, 0.0, 1.0]], [[1256.7414812095406, 0.0, 792.1125740759628], [0.0, 1256.7414812095406, 492.7757465151356], [0.0, 0.0, 1.0]], [[809.2209905677063, 0.0, 829.2196003259838], [0.0, 809.2209905677063, 481.77842384512485], [0.0, 0.0, 1.0]], [[1259.5137405846733, 0.0, 807.2529053838625], [0.0, 1259.5137405846733, 501.19579884916527], [0.0, 0.0, 1.0]]], "extrinsics": [[[0.8209264874458313, -0.5710036158561707, -0.0058846259489655495, -0.96484375], [0.012551899068057537, 0.028346551582217216, -0.9995193481445312, 1.5082435607910156], [0.5708959102630615, 0.8204579949378967, 0.030437616631388664, -1.28033447265625], [0.0, 0.0, 0.0, 1.0]], [[0.006039321888238192, -0.9996878504753113, -0.02424195408821106, 0.005126953125], [0.007259988691657782, 0.024285590276122093, -0.9996787309646606, 1.5205321311950684], [0.9999552965164185, 0.005861361511051655, 0.007404390722513199, -1.6922607421875], [0.0, 0.0, 0.0, 1.0]], [[-0.8325415253639221, -0.5529367923736572, -0.03369569405913353, 1.032470703125], [0.012880487367510796, 0.04148818179965019, -0.9990559816360474, 1.5036401748657227], [0.5538128018379211, -0.8321896195411682, -0.02741853892803192, -1.2486572265625], [0.0, 0.0, 0.0, 1.0]], [[0.9475178718566895, 0.31880083680152893, 0.023999176919460297, -1.1422119140625], [0.021576587110757828, 0.011128895916044712, -0.9997051954269409, 1.5885562896728516], [-0.31897392868995667, 0.9477563500404358, 0.0036661948543041945, -0.10369873046875], [0.0, 0.0, 0.0, 1.0]], [[0.002110566245391965, 0.9997744560241699, 0.02113504894077778, 0.00274658203125], [-0.003846985986456275, 0.021143058314919472, -0.9997690320014954, 1.5793609619140625], [-0.9999904036521912, 0.0020288098603487015, 0.003890743711963296, 0.0018310546875], [0.0, 0.0, 0.0, 1.0]], [[-0.934687614440918, 0.3551965653896332, -0.013945584185421467, 1.1361083984375], [0.02876625396311283, 0.0364781990647316, -0.9989203810691833, 1.5514488220214844], [-0.35430437326431274, -0.9340795874595642, -0.044313397258520126, -0.0635986328125], [0.0, 0.0, 0.0, 1.0]]], "view": [[0.0, -2.0, 100.0], [-2.0, 0.0, 100.0], [0.0, 0.0, 1.0]], "bev": "bev_6c9a72368c0b442bbe75f55c7a324708.png", "aux": "aux_6c9a72368c0b442bbe75f55c7a324708.npz", "visibility": "visibility_6c9a72368c0b442bbe75f55c7a324708.png", "pose": [[0.2729271352291107, -0.9620347023010254, 0.0, 613.2733154296875], [0.9620347023010254, 0.2729271352291107, 0.0, 1452.0076904296875], [0.0, 0.0, 1.0, 0.0], [0.0, 0.0, 0.0, 1.0]], "pose_inverse": [[0.2729271352291107, 0.9620347023010254, 0.0, -1564.2607421875], [-0.9620347023010254, 0.2729271352291107, 0.0, 193.6979217529297], [0.0, 0.0, 1.0, 0.0], [0.0, 0.0, 0.0, 1.0]], "cam_ids": [0, 1, 2, 3, 4, 5], "cam_channels": ["CAM_FRONT_LEFT", "CAM_FRONT", "CAM_FRONT_RIGHT", "CAM_BACK_LEFT", "CAM_BACK", "CAM_BACK_RIGHT"], "token": "6c9a72368c0b442bbe75f55c7a324708", "scene": "scene-0021"}, {"images": ["samples/CAM_FRONT_LEFT/n015-2018-07-18-11-50-34+0800__CAM_FRONT_LEFT__1531885980004844.jpg", "samples/CAM_FRONT/n015-2018-07-18-11-50-34+0800__CAM_FRONT__1531885980012463.jpg", "samples/CAM_FRONT_RIGHT/n015-2018-07-18-11-50-34+0800__CAM_FRONT_RIGHT__1531885980020339.jpg", "samples/CAM_BACK_LEFT/n015-2018-07-18-11-50-34+0800__CAM_BACK_LEFT__1531885980047423.jpg", "samples/CAM_BACK/n015-2018-07-18-11-50-34+0800__CAM_BACK__1531885980037525.jpg", "samples/CAM_BACK_RIGHT/n015-2018-07-18-11-50-34+0800__CAM_BACK_RIGHT__1531885980027893.jpg"], "intrinsics": [[[1272.5979470598488, 0.0, 826.6154927353808], [0.0, 1272.5979470598488, 479.75165386361925], [0.0, 0.0, 1.0]], [[1266.417203046554, 0.0, 816.2670197447984], [0.0, 1266.417203046554, 491.50706579294757], [0.0, 0.0, 1.0]], [[1260.8474446004698, 0.0, 807.968244525554], [0.0, 1260.8474446004698, 495.3344268742088], [0.0, 0.0, 1.0]], [[1256.7414812095406, 0.0, 792.1125740759628], [0.0, 1256.7414812095406, 492.7757465151356], [0.0, 0.0, 1.0]], [[809.2209905677063, 0.0, 829.2196003259838], [0.0, 809.2209905677063, 481.77842384512485], [0.0, 0.0, 1.0]], [[1259.5137405846733, 0.0, 807.2529053838625], [0.0, 1259.5137405846733, 501.19579884916527], [0.0, 0.0, 1.0]]], "extrinsics": [[[0.8209502696990967, -0.5709711909294128, -0.005693578161299229, -0.965087890625], [0.012869620695710182, 0.02847098931670189, -0.9995117783546448, 1.5082464218139648], [0.5708545446395874, 0.820476233959198, 0.030721450224518776, -1.28033447265625], [0.0, 0.0, 0.0, 1.0]], [[0.006079030688852072, -0.9996843934059143, -0.024372683838009834, 0.00518798828125], [0.00758021604269743, 0.024418501183390617, -0.9996731281280518, 1.5205283164978027], [0.9999527931213379, 0.005892307031899691, 0.00772626418620348, -1.6922607421875], [0.0, 0.0, 0.0, 1.0]], [[-0.8325167298316956, -0.5529528856277466, -0.03404359519481659, 1.032470703125], [0.013203011825680733, 0.041629914194345474, -0.9990458488464355, 1.5036354064941406], [0.5538424849510193, -0.8321718573570251, -0.027356958016753197, -1.24853515625], [0.0, 0.0, 0.0, 1.0]], [[0.9475086331367493, 0.31879812479019165, 0.024393603205680847, -1.142333984375], [0.021939655765891075, 0.011286646127700806, -0.9996955394744873, 1.5885562896728516], [-0.31897637248039246, 0.9477553963661194, 0.003699874971061945, -0.103759765625], [0.0, 0.0, 0.0, 1.0]], [[0.0020933730993419886, 0.9997710585594177, 0.02129407413303852, 0.002716064453125], [-0.00349360890686512, 0.021301303058862686, -0.999767005443573, 1.5793581008911133], [-0.9999915957450867, 0.0020184870809316635, 0.003537401556968689, 0.0020751953125], [0.0, 0.0, 0.0, 1.0]], [[-0.9346891641616821, 0.3551815450191498, -0.01421753503382206, 1.13623046875], [0.029111746698617935, 0.03662484884262085, -0.9989050030708313, 1.5514450073242188], [-0.35427185893058777, -0.9340795874595642, -0.04457280412316322, -0.06341552734375], [0.0, 0.0, 0.0, 1.0]]], "view": [[0.0, -2.0, 100.0], [-2.0, 0.0, 100.0], [0.0, 0.0, 1.0]], "bev": "bev_17ea8c857d884c8ebb31ae19381e4322.png", "aux": "aux_17ea8c857d884c8ebb31ae19381e4322.npz", "visibility": "visibility_17ea8c857d884c8ebb31ae19381e4322.png", "pose": [[0.2729395031929016, -0.9620311856269836, 0.0, 613.2744750976562], [0.9620311856269836, 0.2729395031929016, 0.0, 1452.00732421875], [0.0, 0.0, 1.0, 0.0], [0.0, 0.0, 0.0, 1.0]], "pose_inverse": [[0.2729395031929016, 0.9620311856269836, 0.0, -1564.26318359375], [-0.9620311856269836, 0.2729395031929016, 0.0, 193.67901611328125], [0.0, 0.0, 1.0, 0.0], [0.0, 0.0, 0.0, 1.0]], "cam_ids": [0, 1, 2, 3, 4, 5], "cam_channels": ["CAM_FRONT_LEFT", "CAM_FRONT", "CAM_FRONT_RIGHT", "CAM_BACK_LEFT", "CAM_BACK", "CAM_BACK_RIGHT"], "token": "17ea8c857d884c8ebb31ae19381e4322", "scene": "scene-0021"}, {"images": ["samples/CAM_FRONT_LEFT/n015-2018-07-18-11-50-34+0800__CAM_FRONT_LEFT__1531885980504844.jpg", "samples/CAM_FRONT/n015-2018-07-18-11-50-34+0800__CAM_FRONT__1531885980512465.jpg", "samples/CAM_FRONT_RIGHT/n015-2018-07-18-11-50-34+0800__CAM_FRONT_RIGHT__1531885980520339.jpg", "samples/CAM_BACK_LEFT/n015-2018-07-18-11-50-34+0800__CAM_BACK_LEFT__1531885980547423.jpg", "samples/CAM_BACK/n015-2018-07-18-11-50-34+0800__CAM_BACK__1531885980537525.jpg", "samples/CAM_BACK_RIGHT/n015-2018-07-18-11-50-34+0800__CAM_BACK_RIGHT__1531885980527893.jpg"], "intrinsics": [[[1272.5979470598488, 0.0, 826.6154927353808], [0.0, 1272.5979470598488, 479.75165386361925], [0.0, 0.0, 1.0]], [[1266.417203046554, 0.0, 816.2670197447984], [0.0, 1266.417203046554, 491.50706579294757], [0.0, 0.0, 1.0]], [[1260.8474446004698, 0.0, 807.968244525554], [0.0, 1260.8474446004698, 495.3344268742088], [0.0, 0.0, 1.0]], [[1256.7414812095406, 0.0, 792.1125740759628], [0.0, 1256.7414812095406, 492.7757465151356], [0.0, 0.0, 1.0]], [[809.2209905677063, 0.0, 829.2196003259838], [0.0, 809.2209905677063, 481.77842384512485], [0.0, 0.0, 1.0]], [[1259.5137405846733, 0.0, 807.2529053838625], [0.0, 1259.5137405846733, 501.19579884916527], [0.0, 0.0, 1.0]]], "extrinsics": [[[0.8209254741668701, -0.5710123181343079, -0.005122805945575237, -0.965087890625], [0.013616299256682396, 0.028542662039399147, -0.9994997978210449, 1.508249282836914], [0.5708729028701782, 0.82044517993927, 0.03120647370815277, -1.2802734375], [0.0, 0.0, 0.0, 1.0]], [[0.006055978126823902, -0.9996827840805054, -0.024445131421089172, 0.005157470703125], [0.008386570028960705, 0.024495495483279228, -0.9996647834777832, 1.5205321311950684], [0.9999464154243469, 0.005848886910825968, 0.008532252162694931, -1.6922607421875], [0.0, 0.0, 0.0, 1.0]], [[-0.8325061798095703, -0.5529210567474365, -0.0348106250166893, 1.0323486328125], [0.01407014112919569, 0.04171192646026611, -0.9990305304527283, 1.5036401748657227], [0.5538371205329895, -0.8321889042854309, -0.026945751160383224, -1.248779296875], [0.0, 0.0, 0.0, 1.0]], [[0.9474838972091675, 0.3187939524650574, 0.025389457121491432, -1.1422119140625], [0.022950774058699608, 0.011404316872358322, -0.9996715188026428, 1.5885505676269531], [-0.31897875666618347, 0.9477554559707642, 0.0034888400696218014, -0.10369873046875], [0.0, 0.0, 0.0, 1.0]], [[0.0020880175288766623, 0.9997687935829163, 0.021404098719358444, 0.0027923583984375], [-0.002540662419050932, 0.021409377455711365, -0.999767541885376, 1.5793581008911133], [-0.9999946355819702, 0.002033113269135356, 0.0025847768411040306, 0.001708984375], [0.0, 0.0, 0.0, 1.0]], [[-0.9346665143966675, 0.3552076816558838, -0.01503222156316042, 1.1363525390625], [0.03001750074326992, 0.0367138609290123, -0.9988749027252197, 1.5514450073242188], [-0.35425615310668945, -0.9340661764144897, -0.044977668672800064, -0.063690185546875], [0.0, 0.0, 0.0, 1.0]]], "view": [[0.0, -2.0, 100.0], [-2.0, 0.0, 100.0], [0.0, 0.0, 1.0]], "bev": "bev_739b4b73505e4d31866028ea381f415d.png", "aux": "aux_739b4b73505e4d31866028ea381f415d.npz", "visibility": "visibility_739b4b73505e4d31866028ea381f415d.png", "pose": [[0.27305471897125244, -0.9619985222816467, 0.0, 613.275390625], [0.9619985222816467, 0.27305471897125244, 0.0, 1452.007080078125], [0.0, 0.0, 1.0, 0.0], [0.0, 0.0, 0.0, 1.0]], "pose_inverse": [[0.27305471897125244, 0.9619985222816467, 0.0, -1564.286376953125], [-0.9619985222816467, 0.27305471897125244, 0.0, 193.49261474609375], [0.0, 0.0, 1.0, 0.0], [0.0, 0.0, 0.0, 1.0]], "cam_ids": [0, 1, 2, 3, 4, 5], "cam_channels": ["CAM_FRONT_LEFT", "CAM_FRONT", "CAM_FRONT_RIGHT", "CAM_BACK_LEFT", "CAM_BACK", "CAM_BACK_RIGHT"], "token": "739b4b73505e4d31866028ea381f415d", "scene": "scene-0021"}, {"images": ["samples/CAM_FRONT_LEFT/n015-2018-07-18-11-50-34+0800__CAM_FRONT_LEFT__1531885981004844.jpg", "samples/CAM_FRONT/n015-2018-07-18-11-50-34+0800__CAM_FRONT__1531885981012466.jpg", "samples/CAM_FRONT_RIGHT/n015-2018-07-18-11-50-34+0800__CAM_FRONT_RIGHT__1531885981020339.jpg", "samples/CAM_BACK_LEFT/n015-2018-07-18-11-50-34+0800__CAM_BACK_LEFT__1531885981047423.jpg", "samples/CAM_BACK/n015-2018-07-18-11-50-34+0800__CAM_BACK__1531885981037525.jpg", "samples/CAM_BACK_RIGHT/n015-2018-07-18-11-50-34+0800__CAM_BACK_RIGHT__1531885981027893.jpg"], "intrinsics": [[[1272.5979470598488, 0.0, 826.6154927353808], [0.0, 1272.5979470598488, 479.75165386361925], [0.0, 0.0, 1.0]], [[1266.417203046554, 0.0, 816.2670197447984], [0.0, 1266.417203046554, 491.50706579294757], [0.0, 0.0, 1.0]], [[1260.8474446004698, 0.0, 807.968244525554], [0.0, 1260.8474446004698, 495.3344268742088], [0.0, 0.0, 1.0]], [[1256.7414812095406, 0.0, 792.1125740759628], [0.0, 1256.7414812095406, 492.7757465151356], [0.0, 0.0, 1.0]], [[809.2209905677063, 0.0, 829.2196003259838], [0.0, 809.2209905677063, 481.77842384512485], [0.0, 0.0, 1.0]], [[1259.5137405846733, 0.0, 807.2529053838625], [0.0, 1259.5137405846733, 501.19579884916527], [0.0, 0.0, 1.0]]], "extrinsics": [[[0.8209514021873474, -0.5709807276725769, -0.004450643435120583, -0.957275390625], [0.014695310033857822, 0.02891942858695984, -0.9994736909866333, 1.5083913803100586], [0.5708089470863342, 0.820453941822052, 0.03213218227028847, -1.27459716796875], [0.0, 0.0, 0.0, 1.0]], [[0.0061134579591453075, -0.9996730089187622, -0.02482900582253933, 0.004974365234375], [0.009410910308361053, 0.024885885417461395, -0.999646008014679, 1.5206108093261719], [0.9999369978904724, 0.00587766058743, 0.00955997221171856, -1.684326171875], [0.0, 0.0, 0.0, 1.0]], [[-0.8324564099311829, -0.5529302358627319, -0.03584011644124985, 1.027099609375], [0.015036090277135372, 0.04211629182100296, -0.9989995360374451, 1.5037412643432617], [0.5538865327835083, -0.8321623802185059, -0.026746070012450218, -1.245361328125], [0.0, 0.0, 0.0, 1.0]], [[0.9474613666534424, 0.3187848925590515, 0.02632872760295868, -1.1419677734375], [0.023789990693330765, 0.011855418793857098, -0.9996466636657715, 1.5885581970214844], [-0.31898441910743713, 0.9477529525756836, 0.003648661309853196, -0.103759765625], [0.0, 0.0, 0.0, 1.0]], [[0.002054741606116295, 0.999759316444397, 0.02184024453163147, 0.0028839111328125], [-0.0016564005054533482, 0.021843664348125458, -0.9997600317001343, 1.5793514251708984], [-0.9999966025352478, 0.0020180593710392714, 0.0017008846625685692, -0.0006103515625], [0.0, 0.0, 0.0, 1.0]], [[-0.9346604943275452, 0.355192631483078, -0.015745574608445168, 1.132080078125], [0.03093864396214485, 0.03713465854525566, -0.9988312125205994, 1.5515937805175781], [-0.3541927933692932, -0.9340552091598511, -0.04569748044013977, -0.065338134765625], [0.0, 0.0, 0.0, 1.0]]], "view": [[0.0, -2.0, 100.0], [-2.0, 0.0, 100.0], [0.0, 0.0, 1.0]], "bev": "bev_8eb6ed9e552c40f4b576bbe60f2cb55f.png", "aux": "aux_8eb6ed9e552c40f4b576bbe60f2cb55f.npz", "visibility": "visibility_8eb6ed9e552c40f4b576bbe60f2cb55f.png", "pose": [[0.27302733063697815, -0.9620062708854675, 0.0, 613.285888671875], [0.9620062708854675, 0.27302733063697815, 0.0, 1452.0421142578125], [0.0, 0.0, 1.0, 0.0], [0.0, 0.0, 0.0, 1.0]], "pose_inverse": [[0.27302733063697815, 0.9620062708854675, 0.0, -1564.3173828125], [-0.9620062708854675, 0.27302733063697815, 0.0, 193.53768920898438], [0.0, 0.0, 1.0, 0.0], [0.0, 0.0, 0.0, 1.0]], "cam_ids": [0, 1, 2, 3, 4, 5], "cam_channels": ["CAM_FRONT_LEFT", "CAM_FRONT", "CAM_FRONT_RIGHT", "CAM_BACK_LEFT", "CAM_BACK", "CAM_BACK_RIGHT"], "token": "8eb6ed9e552c40f4b576bbe60f2cb55f", "scene": "scene-0021"}, {"images": ["samples/CAM_FRONT_LEFT/n015-2018-07-18-11-50-34+0800__CAM_FRONT_LEFT__1531885981404844.jpg", "samples/CAM_FRONT/n015-2018-07-18-11-50-34+0800__CAM_FRONT__1531885981412466.jpg", "samples/CAM_FRONT_RIGHT/n015-2018-07-18-11-50-34+0800__CAM_FRONT_RIGHT__1531885981420339.jpg", "samples/CAM_BACK_LEFT/n015-2018-07-18-11-50-34+0800__CAM_BACK_LEFT__1531885981447423.jpg", "samples/CAM_BACK/n015-2018-07-18-11-50-34+0800__CAM_BACK__1531885981437525.jpg", "samples/CAM_BACK_RIGHT/n015-2018-07-18-11-50-34+0800__CAM_BACK_RIGHT__1531885981427893.jpg"], "intrinsics": [[[1272.5979470598488, 0.0, 826.6154927353808], [0.0, 1272.5979470598488, 479.75165386361925], [0.0, 0.0, 1.0]], [[1266.417203046554, 0.0, 816.2670197447984], [0.0, 1266.417203046554, 491.50706579294757], [0.0, 0.0, 1.0]], [[1260.8474446004698, 0.0, 807.968244525554], [0.0, 1260.8474446004698, 495.3344268742088], [0.0, 0.0, 1.0]], [[1256.7414812095406, 0.0, 792.1125740759628], [0.0, 1256.7414812095406, 492.7757465151356], [0.0, 0.0, 1.0]], [[809.2209905677063, 0.0, 829.2196003259838], [0.0, 809.2209905677063, 481.77842384512485], [0.0, 0.0, 1.0]], [[1259.5137405846733, 0.0, 807.2529053838625], [0.0, 1259.5137405846733, 501.19579884916527], [0.0, 0.0, 1.0]]], "extrinsics": [[[0.8209715485572815, -0.5709523558616638, -0.004379888530820608, -0.94970703125], [0.015265945345163345, 0.029617812484502792, -0.9994447231292725, 1.508523941040039], [0.5707651376724243, 0.8204488158226013, 0.03303150832653046, -1.26983642578125], [0.0, 0.0, 0.0, 1.0]], [[0.006153315771371126, -0.9996554851531982, -0.02551405318081379, 0.0052642822265625], [0.00997580774128437, 0.025574635714292526, -0.99962317943573, 1.5206823348999023], [0.9999313354492188, 0.005896564573049545, 0.010129740461707115, -1.6771240234375], [0.0, 0.0, 0.0, 1.0]], [[-0.8324248194694519, -0.5529226064682007, -0.03668149560689926, 1.0225830078125], [0.015594452619552612, 0.042794812470674515, -0.9989621043205261, 1.5038270950317383], [0.5539184808731079, -0.8321329355239868, -0.02700093947350979, -1.2420654296875], [0.0, 0.0, 0.0, 1.0]], [[0.9474449753761292, 0.3187776803970337, 0.026998737826943398, -1.1416015625], [0.024277999997138977, 0.012505896389484406, -0.9996269941329956, 1.5885658264160156], [-0.318996399641037, 0.947746992111206, 0.004109365399926901, -0.1038818359375], [0.0, 0.0, 0.0, 1.0]], [[0.002029354916885495, 0.9997450113296509, 0.022490963339805603, 0.0027618408203125], [-0.0011368755949661136, 0.022493300959467888, -0.9997463822364807, 1.5793514251708984], [-0.9999973177909851, 0.002003276254981756, 0.0011822329834103584, -0.002685546875], [0.0, 0.0, 0.0, 1.0]], [[-0.9346577525138855, 0.35518768429756165, -0.016017567366361618, 1.1279296875], [0.0314788781106472, 0.03779353201389313, -0.9987896680831909, 1.5517196655273438], [-0.3541524410247803, -0.9340307712554932, -0.04650492966175079, -0.06658935546875], [0.0, 0.0, 0.0, 1.0]]], "view": [[0.0, -2.0, 100.0], [-2.0, 0.0, 100.0], [0.0, 0.0, 1.0]], "bev": "bev_a3d4456cd792421cb22e59f1dbcb052a.png", "aux": "aux_a3d4456cd792421cb22e59f1dbcb052a.npz", "visibility": "visibility_a3d4456cd792421cb22e59f1dbcb052a.png", "pose": [[0.27353259921073914, -0.9618627429008484, 0.0, 613.3214111328125], [0.9618627429008484, 0.27353259921073914, 0.0, 1452.1688232421875], [0.0, 0.0, 1.0, 0.0], [0.0, 0.0, 0.0, 1.0]], "pose_inverse": [[0.27353259921073914, 0.9618627429008484, 0.0, -1564.5504150390625], [-0.9618627429008484, 0.27353259921073914, 0.0, 192.7154998779297], [0.0, 0.0, 1.0, 0.0], [0.0, 0.0, 0.0, 1.0]], "cam_ids": [0, 1, 2, 3, 4, 5], "cam_channels": ["CAM_FRONT_LEFT", "CAM_FRONT", "CAM_FRONT_RIGHT", "CAM_BACK_LEFT", "CAM_BACK", "CAM_BACK_RIGHT"], "token": "a3d4456cd792421cb22e59f1dbcb052a", "scene": "scene-0021"}, {"images": ["samples/CAM_FRONT_LEFT/n015-2018-07-18-11-50-34+0800__CAM_FRONT_LEFT__1531885981904844.jpg", "samples/CAM_FRONT/n015-2018-07-18-11-50-34+0800__CAM_FRONT__1531885981912466.jpg", "samples/CAM_FRONT_RIGHT/n015-2018-07-18-11-50-34+0800__CAM_FRONT_RIGHT__1531885981920339.jpg", "samples/CAM_BACK_LEFT/n015-2018-07-18-11-50-34+0800__CAM_BACK_LEFT__1531885981947423.jpg", "samples/CAM_BACK/n015-2018-07-18-11-50-34+0800__CAM_BACK__1531885981937525.jpg", "samples/CAM_BACK_RIGHT/n015-2018-07-18-11-50-34+0800__CAM_BACK_RIGHT__1531885981927893.jpg"], "intrinsics": [[[1272.5979470598488, 0.0, 826.6154927353808], [0.0, 1272.5979470598488, 479.75165386361925], [0.0, 0.0, 1.0]], [[1266.417203046554, 0.0, 816.2670197447984], [0.0, 1266.417203046554, 491.50706579294757], [0.0, 0.0, 1.0]], [[1260.8474446004698, 0.0, 807.968244525554], [0.0, 1260.8474446004698, 495.3344268742088], [0.0, 0.0, 1.0]], [[1256.7414812095406, 0.0, 792.1125740759628], [0.0, 1256.7414812095406, 492.7757465151356], [0.0, 0.0, 1.0]], [[809.2209905677063, 0.0, 829.2196003259838], [0.0, 809.2209905677063, 481.77842384512485], [0.0, 0.0, 1.0]], [[1259.5137405846733, 0.0, 807.2529053838625], [0.0, 1259.5137405846733, 501.19579884916527], [0.0, 0.0, 1.0]]], "extrinsics": [[[0.821031391620636, -0.5708578824996948, -0.005360316950827837, -0.938232421875], [0.01536144781857729, 0.03147764131426811, -0.9993864297866821, 1.5087604522705078], [0.570676326751709, 0.8204453587532043, 0.03461333364248276, -1.26129150390625], [0.0, 0.0, 0.0, 1.0]], [[0.0062491619028151035, -0.9996060729026794, -0.02736174874007702, 0.0049591064453125], [0.010076507925987244, 0.027423841878771782, -0.9995731711387634, 1.5208101272583008], [0.999929666519165, 0.005970771424472332, 0.01024391409009695, -1.665283203125], [0.0, 0.0, 0.0, 1.0]], [[-0.8323755264282227, -0.5529221296310425, -0.03778877481818199, 1.0145263671875], [0.01569942571222782, 0.04463311284780502, -0.9988800287246704, 1.503983497619629], [0.5539895296096802, -0.8320366740226746, -0.028470950201153755, -1.2371826171875], [0.0, 0.0, 0.0, 1.0]], [[0.9474334716796875, 0.3187485635280609, 0.027733374387025833, -1.140380859375], [0.024441901594400406, 0.014322152361273766, -0.9995986223220825, 1.5886001586914062], [-0.31901785731315613, 0.9477311372756958, 0.0057784682139754295, -0.1041259765625], [0.0, 0.0, 0.0, 1.0]], [[0.0019816088024526834, 0.9997022151947021, 0.024321136996150017, 0.0030364990234375], [-0.0009975953726097941, 0.024323148652911186, -0.9997036457061768, 1.5793561935424805], [-0.9999975562095642, 0.001956766936928034, 0.0010454991133883595, -0.007080078125], [0.0, 0.0, 0.0, 1.0]], [[-0.9346798658370972, 0.3551534414291382, -0.015479858964681625, 1.12158203125], [0.03159983456134796, 0.03963290899991989, -0.9987145066261292, 1.5519523620605469], [-0.35408341884613037, -0.9339675307273865, -0.04826687276363373, -0.0693359375], [0.0, 0.0, 0.0, 1.0]]], "view": [[0.0, -2.0, 100.0], [-2.0, 0.0, 100.0], [0.0, 0.0, 1.0]], "bev": "bev_8b6891cad27d4649bbe2a06055be4f7e.png", "aux": "aux_8b6891cad27d4649bbe2a06055be4f7e.npz", "visibility": "visibility_8b6891cad27d4649bbe2a06055be4f7e.png", "pose": [[0.2748391628265381, -0.9614902138710022, 0.0, 613.4037475585938], [0.9614902138710022, 0.2748391628265381, 0.0, 1452.46533203125], [0.0, 0.0, 1.0, 0.0], [0.0, 0.0, 0.0, 1.0]], "pose_inverse": [[0.2748391628265381, 0.9614902138710022, 0.0, -1565.1185302734375], [-0.9614902138710022, 0.2748391628265381, 0.0, 190.5873565673828], [0.0, 0.0, 1.0, 0.0], [0.0, 0.0, 0.0, 1.0]], "cam_ids": [0, 1, 2, 3, 4, 5], "cam_channels": ["CAM_FRONT_LEFT", "CAM_FRONT", "CAM_FRONT_RIGHT", "CAM_BACK_LEFT", "CAM_BACK", "CAM_BACK_RIGHT"], "token": "8b6891cad27d4649bbe2a06055be4f7e", "scene": "scene-0021"}, {"images": ["samples/CAM_FRONT_LEFT/n015-2018-07-18-11-50-34+0800__CAM_FRONT_LEFT__1531885982404844.jpg", "samples/CAM_FRONT/n015-2018-07-18-11-50-34+0800__CAM_FRONT__1531885982412468.jpg", "samples/CAM_FRONT_RIGHT/n015-2018-07-18-11-50-34+0800__CAM_FRONT_RIGHT__1531885982420347.jpg", "samples/CAM_BACK_LEFT/n015-2018-07-18-11-50-34+0800__CAM_BACK_LEFT__1531885982447423.jpg", "samples/CAM_BACK/n015-2018-07-18-11-50-34+0800__CAM_BACK__1531885982437525.jpg", "samples/CAM_BACK_RIGHT/n015-2018-07-18-11-50-34+0800__CAM_BACK_RIGHT__1531885982427893.jpg"], "intrinsics": [[[1272.5979470598488, 0.0, 826.6154927353808], [0.0, 1272.5979470598488, 479.75165386361925], [0.0, 0.0, 1.0]], [[1266.417203046554, 0.0, 816.2670197447984], [0.0, 1266.417203046554, 491.50706579294757], [0.0, 0.0, 1.0]], [[1260.8474446004698, 0.0, 807.968244525554], [0.0, 1260.8474446004698, 495.3344268742088], [0.0, 0.0, 1.0]], [[1256.7414812095406, 0.0, 792.1125740759628], [0.0, 1256.7414812095406, 492.7757465151356], [0.0, 0.0, 1.0]], [[809.2209905677063, 0.0, 829.2196003259838], [0.0, 809.2209905677063, 481.77842384512485], [0.0, 0.0, 1.0]], [[1259.5137405846733, 0.0, 807.2529053838625], [0.0, 1259.5137405846733, 501.19579884916527], [0.0, 0.0, 1.0]]], "extrinsics": [[[0.8210093379020691, -0.5708911418914795, -0.0051969727501273155, -0.92626953125], [0.016208454966545105, 0.03240697458386421, -0.9993433356285095, 1.5090045928955078], [0.570684552192688, 0.8203859925270081, 0.035859692841768265, -1.25347900390625], [0.0, 0.0, 0.0, 1.0]], [[0.006235336884856224, -0.9995800852775574, -0.028296174481511116, 0.0054168701171875], [0.01091985683888197, 0.028363099321722984, -0.9995380640029907, 1.5209579467773438], [0.9999209046363831, 0.005923451855778694, 0.011092124506831169, -1.6534423828125], [0.0, 0.0, 0.0, 1.0]], [[-0.8323588371276855, -0.5528625249862671, -0.03901154175400734, 1.0068359375], [0.016538197174668312, 0.04558085650205612, -0.9988237023353577, 1.5041475296020508], [0.553990364074707, -0.8320249319076538, -0.028796274214982986, -1.2315673828125], [0.0, 0.0, 0.0, 1.0]], [[0.9473997950553894, 0.318755567073822, 0.02878253534436226, -1.1402587890625], [0.025235086679458618, 0.015254015102982521, -0.9995651245117188, 1.5886039733886719], [-0.3190560042858124, 0.9477141499519348, 0.006407825741916895, -0.1043701171875], [0.0, 0.0, 0.0, 1.0]], [[0.0019516891334205866, 0.9996791481971741, 0.02525601163506508, 0.00274658203125], [-0.00018207218090537935, 0.02525641769170761, -0.9996809959411621, 1.5793542861938477], [-0.