[{"images": ["samples/CAM_FRONT_LEFT/n015-2018-10-08-15-52-24+0800__CAM_FRONT_LEFT__1538985210254844.jpg", "samples/CAM_FRONT/n015-2018-10-08-15-52-24+0800__CAM_FRONT__1538985210262460.jpg", "samples/CAM_FRONT_RIGHT/n015-2018-10-08-15-52-24+0800__CAM_FRONT_RIGHT__1538985210270339.jpg", "samples/CAM_BACK_LEFT/n015-2018-10-08-15-52-24+0800__CAM_BACK_LEFT__1538985210297423.jpg", "samples/CAM_BACK/n015-2018-10-08-15-52-24+0800__CAM_BACK__1538985210287526.jpg", "samples/CAM_BACK_RIGHT/n015-2018-10-08-15-52-24+0800__CAM_BACK_RIGHT__1538985210277893.jpg"], "intrinsics": [[[1272.5979470598488, 0.0, 826.6154927353808], [0.0, 1272.5979470598488, 479.75165386361925], [0.0, 0.0, 1.0]], [[1266.417203046554, 0.0, 816.2670197447984], [0.0, 1266.417203046554, 491.50706579294757], [0.0, 0.0, 1.0]], [[1260.8474446004698, 0.0, 807.968244525554], [0.0, 1260.8474446004698, 495.3344268742088], [0.0, 0.0, 1.0]], [[1256.7414812095406, 0.0, 792.1125740759628], [0.0, 1256.7414812095406, 492.7757465151356], [0.0, 0.0, 1.0]], [[809.2209905677063, 0.0, 829.2196003259838], [0.0, 809.2209905677063, 481.77842384512485], [0.0, 0.0, 1.0]], [[1259.5137405846733, 0.0, 807.2529053838625], [0.0, 1259.5137405846733, 501.19579884916527], [0.0, 0.0, 1.0]]], "extrinsics": [[[0.8187954425811768, -0.572891354560852, -0.037007398903369904, -0.8077392578125], [-0.0736793503165245, -0.04093727469444275, -0.9964414238929749, 1.4941024780273438], [0.5693377256393433, 0.8186083436012268, -0.07572951167821884, -1.171142578125], [0.0, 0.0, 0.0, 1.0]], [[0.006815454922616482, -0.9989888072013855, 0.04444007948040962, 0.006134033203125], [-0.07898767292499542, -0.044840071350336075, -0.9958666563034058, 1.5080947875976562], [0.9968522191047668, 0.0032770484685897827, -0.07921340316534042, -1.5352783203125], [0.0, 0.0, 0.0, 1.0]], [[-0.8305245041847229, -0.5517140030860901, 0.07642363756895065, 0.930908203125], [-0.07343664765357971, -0.02754555083811283, -0.9969193935394287, 1.4946823120117188], [0.5521195530891418, -0.8335782885551453, -0.01763876900076866, -1.1812744140625], [0.0, 0.0, 0.0, 1.0]], [[0.9445517659187317, 0.31849098205566406, -0.07990892976522446, -1.1429443359375], [-0.06483490020036697, -0.05767074599862099, -0.9962281584739685, 1.588623046875], [-0.32189804315567017, 0.946169912815094, -0.03382367640733719, -0.10357666015625], [0.0, 0.0, 0.0, 1.0]], [[-0.0002380562073085457, 0.9988533854484558, -0.047874290496110916, 0.0027313232421875], [-0.09017987549304962, -0.0477006696164608, -0.9947825074195862, 1.575347900390625], [-0.9959254264831543, 0.004080478567630053, 0.09008782356977463, -0.0426025390625], [0.0, 0.0, 0.0, 1.0]], [[-0.9337054491043091, 0.35552912950515747, 0.04234454780817032, 1.053955078125], [-0.057624686509370804, -0.03249438852071762, -0.9978093504905701, 1.54638671875], [-0.35337433218955994, -0.9341002106666565, 0.05082743987441063, -0.094757080078125], [0.0, 0.0, 0.0, 1.0]]], "view": [[0.0, -2.0, 100.0], [-2.0, 0.0, 100.0], [0.0, 0.0, 1.0]], "bev": "bev_67599b02d84d4bbcb32aa71fd8f325d0.png", "aux": "aux_67599b02d84d4bbcb32aa71fd8f325d0.npz", "visibility": "visibility_67599b02d84d4bbcb32aa71fd8f325d0.png", "pose": [[-0.15819703042507172, 0.9874075651168823, 0.0, 529.95458984375], [-0.9874075651168823, -0.15819703042507172, 0.0, 1706.557373046875], [0.0, 0.0, 1.0, 0.0], [0.0, 0.0, 0.0, 1.0]], "pose_inverse": [[-0.15819703042507172, -0.9874075651168823, 0.0, 1768.9049072265625], [0.9874075651168823, -0.15819703042507172, 0.0, -253.30886840820312], [0.0, 0.0, 1.0, 0.0], [0.0, 0.0, 0.0, 1.0]], "cam_ids": [0, 1, 2, 3, 4, 5], "cam_channels": ["CAM_FRONT_LEFT", "CAM_FRONT", "CAM_FRONT_RIGHT", "CAM_BACK_LEFT", "CAM_BACK", "CAM_BACK_RIGHT"], "token": "67599b02d84d4bbcb32aa71fd8f325d0", "scene": "scene-0423"}, {"images": ["samples/CAM_FRONT_LEFT/n015-2018-10-08-15-52-24+0800__CAM_FRONT_LEFT__1538985210754844.jpg", "samples/CAM_FRONT/n015-2018-10-08-15-52-24+0800__CAM_FRONT__1538985210762460.jpg", "samples/CAM_FRONT_RIGHT/n015-2018-10-08-15-52-24+0800__CAM_FRONT_RIGHT__1538985210770339.jpg", "samples/CAM_BACK_LEFT/n015-2018-10-08-15-52-24+0800__CAM_BACK_LEFT__1538985210797423.jpg", "samples/CAM_BACK/n015-2018-10-08-15-52-24+0800__CAM_BACK__1538985210787525.jpg", "samples/CAM_BACK_RIGHT/n015-2018-10-08-15-52-24+0800__CAM_BACK_RIGHT__1538985210777893.jpg"], "intrinsics": [[[1272.5979470598488, 0.0, 826.6154927353808], [0.0, 1272.5979470598488, 479.75165386361925], [0.0, 0.0, 1.0]], [[1266.417203046554, 0.0, 816.2670197447984], [0.0, 1266.417203046554, 491.50706579294757], [0.0, 0.0, 1.0]], [[1260.8474446004698, 0.0, 807.968244525554], [0.0, 1260.8474446004698, 495.3344268742088], [0.0, 0.0, 1.0]], [[1256.7414812095406, 0.0, 792.1125740759628], [0.0, 1256.7414812095406, 492.7757465151356], [0.0, 0.0, 1.0]], [[809.2209905677063, 0.0, 829.2196003259838], [0.0, 809.2209905677063, 481.77842384512485], [0.0, 0.0, 1.0]], [[1259.5137405846733, 0.0, 807.2529053838625], [0.0, 1259.5137405846733, 501.19579884916527], [0.0, 0.0, 1.0]]], "extrinsics": [[[0.8184623122215271, -0.5730013847351074, -0.04229598492383957, -0.8216552734375], [-0.07600158452987671, -0.035003021359443665, -0.9964931011199951, 1.49481201171875], [0.5695114135742188, 0.8188065886497498, -0.07219766080379486, -1.17864990234375], [0.0, 0.0, 0.0, 1.0]], [[0.006495879031717777, -0.999235987663269, 0.038537170737981796, 0.004791259765625], [-0.08121858537197113, -0.03893787041306496, -0.9959354400634766, 1.5087432861328125], [0.9966751337051392, 0.0033395327627658844, -0.08140946924686432, -1.5482177734375], [0.0, 0.0, 0.0, 1.0]], [[-0.8305948376655579, -0.551819920539856, 0.07488037645816803, 0.9388427734375], [-0.07553168386220932, -0.02158810943365097, -0.9969096183776855, 1.49517822265625], [0.5517311692237854, -0.8336838483810425, -0.023748911917209625, -1.187744140625], [0.0, 0.0, 0.0, 1.0]], [[0.9445953965187073, 0.31851720809936523, -0.07928704470396042, -1.1409912109375], [-0.06637051701545715, -0.0512206070125103, -0.9964795112609863, 1.5884780883789062], [-0.32145699858665466, 0.9465322494506836, -0.027242597192525864, -0.10406494140625], [0.0, 0.0, 0.0, 1.0]], [[0.00013512470468413085, 0.9991317987442017, -0.041662123054265976, 0.003265380859375], [-0.09193260222673416, -0.041473280638456345, -0.994901180267334, 1.5755462646484375], [-0.9957652688026428, 0.00396454194560647, 0.09184717386960983, -0.0391845703125], [0.0, 0.0, 0.0, 1.0]], [[-0.9334697127342224, 0.3556533455848694, 0.046314045786857605, 1.0611572265625], [-0.05958424136042595, -0.026443039998412132, -0.9978729486465454, 1.5466232299804688], [-0.35367217659950256, -0.9342438578605652, 0.04587510973215103, -0.092864990234375], [0.0, 0.0, 0.0, 1.0]]], "view": [[0.0, -2.0, 100.0], [-2.0, 0.0, 100.0], [0.0, 0.0, 1.0]], "bev": "bev_e6fc8496954f46d88b9085619928560d.png", "aux": "aux_e6fc8496954f46d88b9085619928560d.npz", "visibility": "visibility_e6fc8496954f46d88b9085619928560d.png", "pose": [[-0.13077403604984283, 0.9914122223854065, 0.0, 529.6517944335938], [-0.9914122223854065, -0.13077403604984283, 0.0, 1704.4110107421875], [0.0, 0.0, 1.0, 0.0], [0.0, 0.0, 0.0, 1.0]], "pose_inverse": [[-0.13077403604984283, -0.9914122223854065, 0.0, 1759.03857421875], [0.9914122223854065, -0.13077403604984283, 0.0, -302.2105407714844], [0.0, 0.0, 1.0, 0.0], [0.0, 0.0, 0.0, 1.0]], "cam_ids": [0, 1, 2, 3, 4, 5], "cam_channels": ["CAM_FRONT_LEFT", "CAM_FRONT", "CAM_FRONT_RIGHT", "CAM_BACK_LEFT", "CAM_BACK", "CAM_BACK_RIGHT"], "token": "e6fc8496954f46d88b9085619928560d", "scene": "scene-0423"}, {"images": ["samples/CAM_FRONT_LEFT/n015-2018-10-08-15-52-24+0800__CAM_FRONT_LEFT__1538985211254844.jpg", "samples/CAM_FRONT/n015-2018-10-08-15-52-24+0800__CAM_FRONT__1538985211262460.jpg", "samples/CAM_FRONT_RIGHT/n015-2018-10-08-15-52-24+0800__CAM_FRONT_RIGHT__1538985211270339.jpg", "samples/CAM_BACK_LEFT/n015-2018-10-08-15-52-24+0800__CAM_BACK_LEFT__1538985211297423.jpg", "samples/CAM_BACK/n015-2018-10-08-15-52-24+0800__CAM_BACK__1538985211287525.jpg", "samples/CAM_BACK_RIGHT/n015-2018-10-08-15-52-24+0800__CAM_BACK_RIGHT__1538985211277893.jpg"], "intrinsics": [[[1272.5979470598488, 0.0, 826.6154927353808], [0.0, 1272.5979470598488, 479.75165386361925], [0.0, 0.0, 1.0]], [[1266.417203046554, 0.0, 816.2670197447984], [0.0, 1266.417203046554, 491.50706579294757], [0.0, 0.0, 1.0]], [[1260.8474446004698, 0.0, 807.968244525554], [0.0, 1260.8474446004698, 495.3344268742088], [0.0, 0.0, 1.0]], [[1256.7414812095406, 0.0, 792.1125740759628], [0.0, 1256.7414812095406, 492.7757465151356], [0.0, 0.0, 1.0]], [[809.2209905677063, 0.0, 829.2196003259838], [0.0, 809.2209905677063, 481.77842384512485], [0.0, 0.0, 1.0]], [[1259.5137405846733, 0.0, 807.2529053838625], [0.0, 1259.5137405846733, 501.19579884916527], [0.0, 0.0, 1.0]]], "extrinsics": [[[0.8183528184890747, -0.5730692148208618, -0.04347778856754303, -0.844482421875], [-0.07489371299743652, -0.03133165463805199, -0.9966992139816284, 1.4972381591796875], [0.5698153972625732, 0.8189077973365784, -0.06855963170528412, -1.19659423828125], [0.0, 0.0, 0.0, 1.0]], [[0.006238401401787996, -0.9993752837181091, 0.034787289798259735, 0.006103515625], [-0.08016347140073776, -0.035175807774066925, -0.9961609244346619, 1.5108871459960938], [0.996762216091156, 0.0034257855731993914, -0.08033281564712524, -1.572265625], [0.0, 0.0, 0.0, 1.0]], [[-0.8307852149009705, -0.5519228577613831, 0.07195203006267548, 0.9549560546875], [-0.07454594224691391, -0.01777198724448681, -0.9970592260360718, 1.4967041015625], [0.5515784025192261, -0.8337058424949646, -0.026378899812698364, -1.1968994140625], [0.0, 0.0, 0.0, 1.0]], [[0.9446956515312195, 0.31865718960762024, -0.07750975340604782, -1.142578125], [-0.06571214646100998, -0.04762519523501396, -0.9967014193534851, 1.5885848999023438], [-0.3212974965572357, 0.9466728568077087, -0.024051662534475327, -0.103515625], [0.0, 0.0, 0.0, 1.0]], [[0.0003624508099164814, 0.999280571937561, -0.03792587295174599, 0.002716064453125], [-0.09115509688854218, -0.03773496672511101, -0.9951214790344238, 1.5762786865234375], [-0.9958366751670837, 0.0038178202230483294, 0.0910758301615715, -0.03173828125], [0.0, 0.0, 0.0, 1.0]], [[-0.9334359765052795, 0.3556761145591736, 0.04681742563843727, 1.0736083984375], [-0.058677393943071365, -0.022624047473073006, -0.998020589351654, 1.5475234985351562], [-0.353912889957428, -0.9343354105949402, 0.04198824241757393, -0.087188720703125], [0.0, 0.0, 0.0, 1.0]]], "view": [[0.0, -2.0, 100.0], [-2.0, 0.0, 100.0], [0.0, 0.0, 1.0]], "bev": "bev_5b3378c6a42f436ca5ab776802acd6a6.png", "aux": "aux_5b3378c6a42f436ca5ab776802acd6a6.npz", "visibility": "visibility_5b3378c6a42f436ca5ab776802acd6a6.png", "pose": [[-0.10750317573547363, 0.9942047595977783, 0.0, 529.4246826171875], [-0.9942047595977783, -0.10750317573547363, 0.0, 1702.5274658203125], [0.0, 0.0, 1.0, 0.0], [0.0, 0.0, 0.0, 1.0]], "pose_inverse": [[-0.10750317573547363, -0.9942047595977783, 0.0, 1749.57568359375], [0.9942047595977783, -0.10750317573547363, 0.0, -343.3294372558594], [0.0, 0.0, 1.0, 0.0], [0.0, 0.0, 0.0, 1.0]], "cam_ids": [0, 1, 2, 3, 4, 5], "cam_channels": ["CAM_FRONT_LEFT", "CAM_FRONT", "CAM_FRONT_RIGHT", "CAM_BACK_LEFT", "CAM_BACK", "CAM_BACK_RIGHT"], "token": "5b3378c6a42f436ca5ab776802acd6a6", "scene": "scene-0423"}, {"images": ["samples/CAM_FRONT_LEFT/n015-2018-10-08-15-52-24+0800__CAM_FRONT_LEFT__1538985211754844.jpg", "samples/CAM_FRONT/n015-2018-10-08-15-52-24+0800__CAM_FRONT__1538985211762460.jpg", "samples/CAM_FRONT_RIGHT/n015-2018-10-08-15-52-24+0800__CAM_FRONT_RIGHT__1538985211770339.jpg", "samples/CAM_BACK_LEFT/n015-2018-10-08-15-52-24+0800__CAM_BACK_LEFT__1538985211797423.jpg", "samples/CAM_BACK/n015-2018-10-08-15-52-24+0800__CAM_BACK__1538985211787525.jpg", "samples/CAM_BACK_RIGHT/n015-2018-10-08-15-52-24+0800__CAM_BACK_RIGHT__1538985211777893.jpg"], "intrinsics": [[[1272.5979470598488, 0.0, 826.6154927353808], [0.0, 1272.5979470598488, 479.75165386361925], [0.0, 0.0, 1.0]], [[1266.417203046554, 0.0, 816.2670197447984], [0.0, 1266.417203046554, 491.50706579294757], [0.0, 0.0, 1.0]], [[1260.8474446004698, 0.0, 807.968244525554], [0.0, 1260.8474446004698, 495.3344268742088], [0.0, 0.0, 1.0]], [[1256.7414812095406, 0.0, 792.1125740759628], [0.0, 1256.7414812095406, 492.7757465151356], [0.0, 0.0, 1.0]], [[809.2209905677063, 0.0, 829.2196003259838], [0.0, 809.2209905677063, 481.77842384512485], [0.0, 0.0, 1.0]], [[1259.5137405846733, 0.0, 807.2529053838625], [0.0, 1259.5137405846733, 501.19579884916527], [0.0, 0.0, 1.0]]], "extrinsics": [[[0.8186858892440796, -0.5727251768112183, -0.0417049378156662, -0.86181640625], [-0.07194651663303375, -0.03024815209209919, -0.9969496726989746, 1.4991912841796875], [0.5697166323661804, 0.8191893100738525, -0.0659693107008934, -1.208740234375], [0.0, 0.0, 0.0, 1.0]], [[0.006396315526217222, -0.9994077086448669, 0.033812545239925385, 0.005828857421875], [-0.07719790190458298, -0.0342058390378952, -0.9964288473129272, 1.5125579833984375], [0.9969952702522278, 0.003763214685022831, -0.07737096399068832, -1.5892333984375], [0.0, 0.0, 0.0, 1.0]], [[-0.8308844566345215, -0.5521498322486877, 0.06900455802679062, 0.9656982421875], [-0.07157902419567108, -0.016922499984502792, -0.9972913265228271, 1.4979095458984375], [0.5518219470977783, -0.8335731625556946, -0.025461705401539803, -1.204345703125], [0.0, 0.0, 0.0, 1.0]], [[0.9448803067207336, 0.31881648302078247, -0.0745471864938736, -1.1419677734375], [-0.06280262023210526, -0.04697562754154205, -0.9969198107719421, 1.58856201171875], [-0.32133638858795166, 0.9466516971588135, -0.02436383068561554, -0.10418701171875], [0.0, 0.0, 0.0, 1.0]], [[0.00036077419645152986, 0.9993066787719727, -0.03723066300153732, 0.002655029296875], [-0.08820666372776031, -0.03705374523997307, -0.9954128265380859, 1.576751708984375], [-0.9961021542549133, 0.0036431020125746727, 0.08813212811946869, -0.02783203125], [0.0, 0.0, 0.0, 1.0]], [[-0.9336246252059937, 0.3555015027523041, 0.044314466416835785, 1.0819091796875], [-0.055703602731227875, -0.02185981534421444, -0.9982079863548279, 1.5482177734375], [-0.35389572381973267, -0.9344201683998108, 0.04021157696843147, -0.0841064453125], [0.0, 0.0, 0.0, 1.0]]], "view": [[0.0, -2.0, 100.0], [-2.0, 0.0, 100.0], [0.0, 0.0, 1.0]], "bev": "bev_911ef21347b2423da972d71284372bc3.png", "aux": "aux_911ef21347b2423da972d71284372bc3.npz", "visibility": "visibility_911ef21347b2423da972d71284372bc3.png", "pose": [[-0.08456350862979889, 0.9964181184768677, 0.0, 529.2718505859375], [-0.9964181184768677, -0.08456350862979889, 0.0, 1700.9183349609375], [0.0, 0.0, 1.0, 0.0], [0.0, 0.0, 0.0, 1.0]], "pose_inverse": [[-0.08456350862979889, -0.9964181184768677, 0.0, 1739.5828857421875], [0.9964181184768677, -0.08456350862979889, 0.0, -383.5404357910156], [0.0, 0.0, 1.0, 0.0], [0.0, 0.0, 0.0, 1.0]], "cam_ids": [0, 1, 2, 3, 4, 5], "cam_channels": ["CAM_FRONT_LEFT", "CAM_FRONT", "CAM_FRONT_RIGHT", "CAM_BACK_LEFT", "CAM_BACK", "CAM_BACK_RIGHT"], "token": "911ef21347b2423da972d71284372bc3", "scene": "scene-0423"}, {"images": ["samples/CAM_FRONT_LEFT/n015-2018-10-08-15-52-24+0800__CAM_FRONT_LEFT__1538985212254844.jpg", "samples/CAM_FRONT/n015-2018-10-08-15-52-24+0800__CAM_FRONT__1538985212262460.jpg", "samples/CAM_FRONT_RIGHT/n015-2018-10-08-15-52-24+0800__CAM_FRONT_RIGHT__1538985212270339.jpg", "samples/CAM_BACK_LEFT/n015-2018-10-08-15-52-24+0800__CAM_BACK_LEFT__1538985212297423.jpg", "samples/CAM_BACK/n015-2018-10-08-15-52-24+0800__CAM_BACK__1538985212287525.jpg", "samples/CAM_BACK_RIGHT/n015-2018-10-08-15-52-24+0800__CAM_BACK_RIGHT__1538985212277893.jpg"], "intrinsics": [[[1272.5979470598488, 0.0, 826.6154927353808], [0.0, 1272.5979470598488, 479.75165386361925], [0.0, 0.0, 1.0]], [[1266.417203046554, 0.0, 816.2670197447984], [0.0, 1266.417203046554, 491.50706579294757], [0.0, 0.0, 1.0]], [[1260.8474446004698, 0.0, 807.968244525554], [0.0, 1260.8474446004698, 495.3344268742088], [0.0, 0.0, 1.0]], [[1256.7414812095406, 0.0, 792.1125740759628], [0.0, 1256.7414812095406, 492.7757465151356], [0.0, 0.0, 1.0]], [[809.2209905677063, 0.0, 829.2196003259838], [0.0, 809.2209905677063, 481.77842384512485], [0.0, 0.0, 1.0]], [[1259.5137405846733, 0.0, 807.2529053838625], [0.0, 1259.5137405846733, 501.19579884916527], [0.0, 0.0, 1.0]]], "extrinsics": [[[0.8193163275718689, -0.5719870328903198, -0.03939180076122284, -0.8746337890625], [-0.06852318346500397, -0.02947636879980564, -0.9972139596939087, 1.50067138671875], [0.5692322850227356, 0.8197329044342041, -0.06334483623504639, -1.21697998046875], [0.0, 0.0, 0.0, 1.0]], [[0.006985544227063656, -0.9994255304336548, 0.03316200152039528, 0.005462646484375], [-0.07372229546308517, -0.03358728811144829, -0.9967130422592163, 1.513824462890625], [0.9972542524337769, 0.004517798312008381, -0.07391457259654999, -1.6015625], [0.0, 0.0, 0.0, 1.0]], [[-0.8308119177818298, -0.5526509881019592, 0.0657913014292717, 0.9737548828125], [-0.06805622577667236, -0.016444241628050804, -0.9975458979606628, 1.4988555908203125], [0.5523766279220581, -0.8332504630088806, -0.023949267342686653, -1.2100830078125], [0.0, 0.0, 0.0, 1.0]], [[0.9450948238372803, 0.3189689517021179, -0.07109619677066803, -1.13916015625], [-0.05913442745804787, -0.04704310745000839, -0.9971409440040588, 1.5883560180664062], [-0.32140156626701355, 0.9465969204902649, -0.02559814415872097, -0.104736328125], [0.0, 0.0, 0.0, 1.0]], [[0.00021743940305896103, 0.9993128180503845, -0.037065815180540085, 0.002899169921875], [-0.08459465205669403, -0.03691456839442253, -0.9957314133644104, 1.57708740234375], [-0.9964154362678528, 0.0033520793076604605, 0.08452849090099335, -0.02490234375], [0.0, 0.0, 0.0, 1.0]], [[-0.9339279532432556, 0.3550892472267151, 0.04111308604478836, 1.0889892578125], [-0.052132315933704376, -0.021516216918826103, -0.9984083771705627, 1.5488052368164062], [-0.35363951325416565, -0.9345848560333252, 0.03860621899366379, -0.081756591796875], [0.0, 0.0, 0.0, 1.0]]], "view": [[0.0, -2.0, 100.0], [-2.0, 0.0, 100.0], [0.0, 0.0, 1.0]], "bev": "bev_fd61e6d044c14dbebfd160b2a648d188.png", "aux": "aux_fd61e6d044c14dbebfd160b2a648d188.npz", "visibility": "visibility_fd61e6d044c14dbebfd160b2a648d188.png", "pose": [[-0.06617696583271027, 0.9978079199790955, 0.0, 529.1685180664062], [-0.9978079199790955, -0.06617696583271027, 0.0, 1699.508544921875], [0.0, 0.0, 1.0, 0.0], [0.0, 0.0, 0.0, 1.0]], "pose_inverse": [[-0.06617696583271027, -0.9978079199790955, 0.0, 1730.8018798828125], [0.9978079199790955, -0.06617696583271027, 0.0, -415.54022216796875], [0.0, 0.0, 1.0, 0.0], [0.0, 0.0, 0.0, 1.0]], "cam_ids": [0, 1, 2, 3, 4, 5], "cam_channels": ["CAM_FRONT_LEFT", "CAM_FRONT", "CAM_FRONT_RIGHT", "CAM_BACK_LEFT", "CAM_BACK", "CAM_BACK_RIGHT"], "token": "fd61e6d044c14dbebfd160b2a648d188", "scene": "scene-0423"}, {"images": ["samples/CAM_FRONT_LEFT/n015-2018-10-08-15-52-24+0800__CAM_FRONT_LEFT__1538985212654844.jpg", "samples/CAM_FRONT/n015-2018-10-08-15-52-24+0800__CAM_FRONT__1538985212662460.jpg", "samples/CAM_FRONT_RIGHT/n015-2018-10-08-15-52-24+0800__CAM_FRONT_RIGHT__1538985212670339.jpg", "samples/CAM_BACK_LEFT/n015-2018-10-08-15-52-24+0800__CAM_BACK_LEFT__1538985212697423.jpg", "samples/CAM_BACK/n015-2018-10-08-15-52-24+0800__CAM_BACK__1538985212687525.jpg", "samples/CAM_BACK_RIGHT/n015-2018-10-08-15-52-24+0800__CAM_BACK_RIGHT__1538985212677893.jpg"], "intrinsics": [[[1272.5979470598488, 0.0, 826.6154927353808], [0.0, 1272.5979470598488, 479.75165386361925], [0.0, 0.0, 1.0]], [[1266.417203046554, 0.0, 816.2670197447984], [0.0, 1266.417203046554, 491.50706579294757], [0.0, 0.0, 1.0]], [[1260.8474446004698, 0.0, 807.968244525554], [0.0, 1260.8474446004698, 495.3344268742088], [0.0, 0.0, 1.0]], [[1256.7414812095406, 0.0, 792.1125740759628], [0.0, 1256.7414812095406, 492.7757465151356], [0.0, 0.0, 1.0]], [[809.2209905677063, 0.0, 829.2196003259838], [0.0, 809.2209905677063, 481.77842384512485], [0.0, 0.0, 1.0]], [[1259.5137405846733, 0.0, 807.2529053838625], [0.0, 1259.5137405846733, 501.19579884916527], [0.0, 0.0, 1.0]]], "extrinsics": [[[0.8195841312408447, -0.5718079209327698, -0.03629649803042412, -0.900146484375], [-0.06551443785429001, -0.030592622235417366, -0.9973825812339783, 1.5030441284179688], [0.569200873374939, 0.8198169469833374, -0.06253490597009659, -1.23486328125], [0.0, 0.0, 0.0, 1.0]], [[0.007126135285943747, -0.9993882775306702, 0.03423793986439705, 0.00531005859375], [-0.07069849222898483, -0.03465665876865387, -0.9968955516815186, 1.5159225463867188], [0.9974722862243652, 0.004683443810790777, -0.07090222090482712, -1.6275634765625], [0.0, 0.0, 0.0, 1.0]], [[-0.8308950066566467, -0.5527586936950684, 0.06380809843540192, 0.990234375], [-0.06499926000833511, -0.017468471080064774, -0.997732400894165, 1.5003509521484375], [0.5526198148727417, -0.8331583142280579, -0.021414436399936676, -1.2208251953125], [0.0, 0.0, 0.0, 1.0]], [[0.9453491568565369, 0.31882259249687195, -0.06831724941730499, -1.1407470703125], [-0.05593675374984741, -0.04783910885453224, -0.9972875714302063, 1.588470458984375], [-0.3212260603904724, 0.9466063976287842, -0.02739075757563114, -0.10418701171875], [0.0, 0.0, 0.0, 1.0]], [[0.0002572749217506498, 0.999279260635376, -0.03795924037694931, 0.00286865234375], [-0.08145079016685486, -0.03781217336654663, -0.9959598183631897, 1.5777816772460938], [-0.9966773986816406, 0.003348045516759157, 0.08138235658407211, -0.017333984375], [0.0, 0.0, 0.0, 1.0]], [[-0.934112012386322, 0.3549644649028778, 0.03788203001022339, 1.10205078125], [-0.049041759222745895, -0.022491397336125374, -0.9985435009002686, 1.5496444702148438], [-0.35359543561935425, -0.9346091747283936, 0.03841756284236908, -0.076690673828125], [0.0, 0.0, 0.0, 1.0]]], "view": [[0.0, -2.0, 100.0], [-2.0, 0.0, 100.0], [0.0, 0.0, 1.0]], "bev": "bev_72be56a6fc864b76bea3d3fb7836e9a6.png", "aux": "aux_72be56a6fc864b76bea3d3fb7836e9a6.npz", "visibility": "visibility_72be56a6fc864b76bea3d3fb7836e9a6.png", "pose": [[-0.054722800850868225, 0.9985015988349915, 0.0, 529.1226806640625], [-0.9985015988349915, -0.054722800850868225, 0.0, 1698.66455078125], [0.0, 0.0, 1.0, 0.0], [0.0, 0.0, 0.0, 1.0]], "pose_inverse": [[-0.054722800850868225, -0.9985015988349915, 0.0, 1725.0743408203125], [0.9985015988349915, -0.054722800850868225, 0.0, -435.3741455078125], [0.0, 0.0, 1.0, 0.0], [0.0, 0.0, 0.0, 1.0]], "cam_ids": [0, 1, 2, 3, 4, 5], "cam_channels": ["CAM_FRONT_LEFT", "CAM_FRONT", "CAM_FRONT_RIGHT", "CAM_BACK_LEFT", "CAM_BACK", "CAM_BACK_RIGHT"], "token": "72be56a6fc864b76bea3d3fb7836e9a6", "scene": "scene-0423"}, {"images": ["samples/CAM_FRONT_LEFT/n015-2018-10-08-15-52-24+0800__CAM_FRONT_LEFT__1538985213154844.jpg", "samples/CAM_FRONT/n015-2018-10-08-15-52-24+0800__CAM_FRONT__1538985213162460.jpg", "samples/CAM_FRONT_RIGHT/n015-2018-10-08-15-52-24+0800__CAM_FRONT_RIGHT__1538985213170339.jpg", "samples/CAM_BACK_LEFT/n015-2018-10-08-15-52-24+0800__CAM_BACK_LEFT__1538985213197423.jpg", "samples/CAM_BACK/n015-2018-10-08-15-52-24+0800__CAM_BACK__1538985213187525.jpg", "samples/CAM_BACK_RIGHT/n015-2018-10-08-15-52-24+0800__CAM_BACK_RIGHT__1538985213177893.jpg"], "intrinsics": [[[1272.5979470598488, 0.0, 826.6154927353808], [0.0, 1272.5979470598488, 479.75165386361925], [0.0, 0.0, 1.0]], [[1266.417203046554, 0.0, 816.2670197447984], [0.0, 1266.417203046554, 491.50706579294757], [0.0, 0.0, 1.0]], [[1260.8474446004698, 0.0, 807.968244525554], [0.0, 1260.8474446004698, 495.3344268742088], [0.0, 0.0, 1.0]], [[1256.7414812095406, 0.0, 792.1125740759628], [0.0, 1256.7414812095406, 492.7757465151356], [0.0, 0.0, 1.0]], [[809.2209905677063, 0.0, 829.2196003259838], [0.0, 809.2209905677063, 481.77842384512485], [0.0, 0.0, 1.0]], [[1259.5137405846733, 0.0, 807.2529053838625], [0.0, 1259.5137405846733, 501.19579884916527], [0.0, 0.0, 1.0]]], "extrinsics": [[[0.8199432492256165, -0.5714767575263977, -0.03327954560518265, -0.926025390625], [-0.06102389097213745, -0.029455387964844704, -0.9977015852928162, 1.5053329467773438], [0.5691829919815063, 0.8200894594192505, -0.05902547389268875, -1.25286865234375], [0.0, 0.0, 0.0, 1.0]], [[0.007247319445014, -0.9994246959686279, 0.033130016177892685, 0.005096435546875], [-0.06628111004829407, -0.03353814035654068, -0.9972372055053711, 1.517913818359375], [0.9977747201919556, 0.005031408742070198, -0.06648603826761246, -1.6529541015625], [0.0, 0.0, 0.0, 1.0]], [[-0.8310539722442627, -0.5529925227165222, 0.05957086756825447, 1.0068359375], [-0.06065087765455246, -0.016363805159926414, -0.9980248808860779, 1.5017776489257812], [0.5528750419616699, -0.8330255150794983, -0.019940275698900223, -1.2318115234375], [0.0, 0.0, 0.0, 1.0]], [[0.9456349611282349, 0.3188491761684418, -0.06410667300224304, -1.1412353515625], [-0.051846943795681, -0.046799059957265854, -0.9975578188896179, 1.5885086059570312], [-0.3210706114768982, 0.946649432182312, -0.02772347442805767, -0.1041259765625], [0.0, 0.0, 0.0, 1.0]], [[0.0003687819989863783, 0.999319314956665, -0.03689097613096237, 0.0029296875], [-0.07726480811834335, -0.03675222024321556, -0.9963330030441284, 1.5784378051757812], [-0.9970105886459351, 0.003217802383005619, 0.07719866186380386, -0.0098876953125], [0.0, 0.0, 0.0, 1.0]], [[-0.9343136548995972, 0.3548015356063843, 0.034262143075466156, 1.115234375], [-0.04475414752960205, -0.021404795348644257, -0.99876868724823, 1.550445556640625], [-0.35363128781318665, -0.934696614742279, 0.03587763383984566, -0.0717620849609375], [0.0, 0.0, 0.0, 1.0]]], "view": [[0.0, -2.0, 100.0], [-2.0, 0.0, 100.0], [0.0, 0.0, 1.0]], "bev": "bev_29fc05e8aed046a087c854ec2df7b9fc.png", "aux": "aux_29fc05e8aed046a087c854ec2df7b9fc.npz", "visibility": "visibility_29fc05e8aed046a087c854ec2df7b9fc.png", "pose": [[-0.04547369107604027, 0.9989655613899231, 0.0, 529.0975952148438], [-0.9989655613899231, -0.04547369107604027, 0.0, 1697.9691162109375], [0.0, 0.0, 1.0, 0.0], [0.0, 0.0, 0.0, 1.0]], "pose_inverse": [[-0.04547369107604027, -0.9989655613899231, 0.0, 1720.272705078125], [0.9989655613899231, -0.04547369107604027, 0.0, -451.33734130859375], [0.0, 0.0, 1.0, 0.0], [0.0, 0.0, 0.0, 1.0]], "cam_ids": [0, 1, 2, 3, 4, 5], "cam_channels": ["CAM_FRONT_LEFT", "CAM_FRONT", "CAM_FRONT_RIGHT", "CAM_BACK_LEFT", "CAM_BACK", "CAM_BACK_RIGHT"], "token": "29fc05e8aed046a087c854ec2df7b9fc", "scene": "scene-0423"}, {"images": ["samples/CAM_FRONT_LEFT/n015-2018-10-08-15-52-24+0800__CAM_FRONT_LEFT__1538985213654844.jpg", "samples/CAM_FRONT/n015-2018-10-08-15-52-24+0800__CAM_FRONT__1538985213662460.jpg", "samples/CAM_FRONT_RIGHT/n015-2018-10-08-15-52-24+0800__CAM_FRONT_RIGHT__1538985213670339.jpg", "samples/CAM_BACK_LEFT/n015-2018-10-08-15-52-24+0800__CAM_BACK_LEFT__1538985213697434.jpg", "samples/CAM_BACK/n015-2018-10-08-15-52-24+0800__CAM_BACK__1538985213687525.jpg", "samples/CAM_BACK_RIGHT/n015-2018-10-08-15-52-24+0800__CAM_BACK_RIGHT__1538985213677893.jpg"], "intrinsics": [[[1272.5979470598488, 0.0, 826.6154927353808], [0.0, 1272.5979470598488, 479.75165386361925], [0.0, 0.0, 1.0]], [[1266.417203046554, 0.0, 816.2670197447984], [0.0, 1266.417203046554, 491.50706579294757], [0.0, 0.0, 1.0]], [[1260.8474446004698, 0.0, 807.968244525554], [0.0, 1260.8474446004698, 495.3344268742088], [0.0, 0.0, 1.0]], [[1256.7414812095406, 0.0, 792.1125740759628], [0.0, 1256.7414812095406, 492.7757465151356], [0.0, 0.0, 1.0]], [[809.2209905677063, 0.0, 829.2196003259838], [0.0, 809.2209905677063, 481.77842384512485], [0.0, 0.0, 1.0]], [[1259.5137405846733, 0.0, 807.2529053838625], [0.0, 1259.5137405846733, 501.19579884916527], [0.0, 0.0, 1.0]]], "extrinsics": [[[0.8199813365936279, -0.5715004801750183, -0.03190169855952263, -0.9444580078125], [-0.05943780392408371, -0.029582791030406952, -0.9977935552597046, 1.5066909790039062], [0.5692957639694214, 0.8200682997703552, -0.058226078748703, -1.26483154296875], [0.0, 0.0, 0.0, 1.0]], [[0.007186897099018097, -0.9994211792945862, 0.03325044736266136, 0.004547119140625], [-0.06469222158193588, -0.033646341413259506, -0.9973379373550415, 1.519134521484375], [0.9978793263435364, 0.00501672551035881, -0.0648965910077095, -1.6708984375], [0.0, 0.0, 0.0, 1.0]], [[-0.8311474919319153, -0.552986204624176, 0.058310721069574356, 1.0184326171875], [-0.059079859405756, -0.016450481489300728, -0.9981176853179932, 1.5026626586914062], [0.5529046058654785, -0.8330279588699341, -0.018997570499777794, -1.239990234375], [0.0, 0.0, 0.0, 1.0]], [[0.9457349181175232, 0.31884780526161194, -0.06262202560901642, -1.1414794921875], [-0.050249774008989334, -0.04689062386751175, -0.9976353049278259, 1.5885162353515625], [-0.32103022933006287, 0.9466453194618225, -0.028324069455266, -0.1038818359375], [0.0, 0.0, 0.0, 1.0]], [[0.00041998489177785814, 0.9993159770965576, -0.0369788333773613, 0.0030517578125], [-0.0756925567984581, -0.03684098273515701, -0.9964504241943359, 1.578857421875], [-0.9971311092376709, 0.0032175176311284304, 0.07562530785799026, -0.004638671875], [0.0, 0.0, 0.0, 1.0]], [[-0.9343675971031189, 0.3548007309436798, 0.03276620805263519, 1.125244140625], [-0.043185584247112274, -0.02148570492863655, -0.9988359808921814, 1.5509223937988281], [-0.353683739900589, -0.9346950650215149, 0.03539782762527466, -0.06829833984375], [0.0, 0.0, 0.0, 1.0]]], "view": [[0.0, -2.0, 100.0], [-2.0, 0.0, 100.0], [0.0, 0.0, 1.0]], "bev": "bev_6fa47ac32fda4271b732bc744fb93ba6.png", "aux": "aux_6fa47ac32fda4271b732bc744fb93ba6.npz", "visibility": "visibility_6fa47ac32fda4271b732bc744fb93ba6.png", "pose": [[-0.039964884519577026, 0.9992010593414307, 0.0, 529.0849609375], [-0.9992010593414307, -0.039964884519577026, 0.0, 1697.56689453125], [0.0, 0.0, 1.0, 0.0], [0.0, 0.0, 0.0, 1.0]], "pose_inverse": [[-0.039964884519577026, -0.9992010593414307, 0.0, 1717.35546875], [0.9992010593414307, -0.039964884519577026, 0.0, -460.8192138671875], [0.0, 0.0, 1.0, 0.0], [0.0, 0.0, 0.0, 1.0]], "cam_ids": [0, 1, 2, 3, 4, 5], "cam_channels": ["CAM_FRONT_LEFT", "CAM_FRONT", "CAM_FRONT_RIGHT", "CAM_BACK_LEFT", "CAM_BACK", "CAM_BACK_RIGHT"], "token": "6fa47ac32fda4271b732bc744fb93ba6", "scene": "scene-0423"}, {"images": ["samples/CAM_FRONT_LEFT/n015-2018-10-08-15-52-24+0800__CAM_FRONT_LEFT__1538985214154844.jpg", "samples/CAM_FRONT/n015-2018-10-08-15-52-24+0800__CAM_FRONT__1538985214162460.jpg", "samples/CAM_FRONT_RIGHT/n015-2018-10-08-15-52-24+0800__CAM_FRONT_RIGHT__1538985214170339.jpg", "samples/CAM_BACK_LEFT/n015-2018-10-08-15-52-24+0800__CAM_BACK_LEFT__1538985214197423.jpg", "samples/CAM_BACK/n015-2018-10-08-15-52-24+0800__CAM_BACK__1538985214187525.jpg", "samples/CAM_BACK_RIGHT/n015-2018-10-08-15-52-24+0800__CAM_BACK_RIGHT__1538985214177893.jpg"], "intrinsics": [[[1272.5979470598488, 0.0, 826.6154927353808], [0.0, 1272.5979470598488, 479.75165386361925], [0.0, 0.0, 1.0]], [[1266.417203046554, 0.0, 816.2670197447984], [0.0, 1266.417203046554, 491.50706579294757], [0.0, 0.0, 1.0]], [[1260.8474446004698, 0.0, 807.968244525554], [0.0, 1260.8474446004698, 495.3344268742088], [0.0, 0.0, 1.0]], [[1256.7414812095406, 0.0, 792.1125740759628], [0.0, 1256.7414812095406, 492.7757465151356], [0.0, 0.0, 1.0]], [[809.2209905677063, 0.0, 829.2196003259838], [0.0, 809.2209905677063, 481.77842384512485], [0.0, 0.0, 1.0]], [[1259.5137405846733, 0.0, 807.2529053838625], [0.0, 1259.5137405846733, 501.19579884916527], [0.0, 0.0, 1.0]]], "extrinsics": [[[0.8203415274620056, -0.5710217952728271, -0.03120771422982216, -0.9615478515625], [-0.058698635548353195, -0.02979377843439579, -0.9978310465812683, 1.5079879760742188], [0.5688534379005432, 0.8203940391540527, -0.05795927345752716, -1.277587890625], [0.0, 0.0, 0.0, 1.0]], [[0.0076479725539684296, -0.9994117617607117, 0.03343025967478752, 0.0048828125], [-0.0639234185218811, -0.033851493149995804, -0.9973805546760559, 1.5203018188476562], [0.9979255199432373, 0.005490963347256184, -0.06414471566677094, -1.6888427734375], [0.0, 0.0, 0.0, 1.0]], [[-0.8309823870658875, -0.5532937049865723, 0.0577436201274395, 1.030029296875], [-0.05827900394797325, -0.01664331555366516, -0.9981615543365479, 1.50347900390625], [0.5532375574111938, -0.8328198790550232, -0.01841510832309723, -1.247314453125], [0.0, 0.0, 0.0, 1.0]], [[0.9457816481590271, 0.31887805461883545, -0.061757009476423264, -1.14208984375], [-0.04929835721850395, -0.04700261726975441, -0.9976775050163269, 1.5885505676269531], [-0.32104021310806274, 0.946629524230957, -0.028734048828482628, -0.103759765625], [0.0, 0.0, 0.0, 1.0]], [[0.00029496688512153924, 0.9993115067481995, -0.03710194677114487, 0.002838134765625], [-0.07480359077453613, -0.03697595372796059, -0.9965125322341919, 1.5792770385742188], [-0.9971982836723328, 0.0030692946165800095, 0.0747411698102951, 0.000732421875], [0.0, 0.0, 0.0, 1.0]], [[-0.934493899345398, 0.3545430302619934, 0.03194330632686615, 1.1343994140625], [-0.04235603287816048, -0.021645627915859222, -0.9988680481910706, 1.5513648986816406], [-0.35345029830932617, -0.9347891211509705, 0.035244740545749664, -0.0644073486328125], [0.0, 0.0, 0.0, 1.0]]], "view": [[0.0, -2.0, 100.0], [-2.0, 0.0, 100.0], [0.0, 0.0, 1.0]], "bev": "bev_f285ef7fd8c7402cacf382953b31df27.png", "aux": "aux_f285ef7fd8c7402cacf382953b31df27.npz", "visibility": "visibility_f285ef7fd8c7402cacf382953b31df27.png", "pose": [[-0.038471829146146774, 0.9992597103118896, 0.0, 529.0847778320312], [-0.9992597103118896, -0.038471829146146774, 0.0, 1697.408935546875], [0.0, 0.0, 1.0, 0.0], [0.0, 0.0, 0.0, 1.0]], "pose_inverse": [[-0.038471829146146774, -0.9992597103118896, 0.0, 1716.5072021484375], [0.9992597103118896, -0.038471829146146774, 0.0, -463.3906555175781], [0.0, 0.0, 1.0, 0.0], [0.0, 0.0, 0.0, 1.0]], "cam_ids": [0, 1, 2, 3, 4, 5], "cam_channels": ["CAM_FRONT_LEFT", "CAM_FRONT", "CAM_FRONT_RIGHT", "CAM_BACK_LEFT", "CAM_BACK", "CAM_BACK_RIGHT"], "token": "f285ef7fd8c7402cacf382953b31df27", "scene": "scene-0423"}, {"images": ["samples/CAM_FRONT_LEFT/n015-2018-10-08-15-52-24+0800__CAM_FRONT_LEFT__1538985214654844.jpg", "samples/CAM_FRONT/n015-2018-10-08-15-52-24+0800__CAM_FRONT__1538985214662460.jpg", "samples/CAM_FRONT_RIGHT/n015-2018-10-08-15-52-24+0800__CAM_FRONT_RIGHT__1538985214670339.jpg", "samples/CAM_BACK_LEFT/n015-2018-10-08-15-52-24+0800__CAM_BACK_LEFT__1538985214697423.jpg", "samples/CAM_BACK/n015-2018-10-08-15-52-24+0800__CAM_BACK__1538985214687525.jpg", "samples/CAM_BACK_RIGHT/n015-2018-10-08-15-52-24+0800__CAM_BACK_RIGHT__1538985214677893.jpg"], "intrinsics": [[[1272.5979470598488, 0.0, 826.6154927353808], [0.0, 1272.5979470598488, 479.75165386361925], [0.0, 0.0, 1.0]], [[1266.417203046554, 0.0, 816.2670197447984], [0.0, 1266.417203046554, 491.50706579294757], [0.0, 0.0, 1.0]], [[1260.8474446004698, 0.0, 807.968244525554], [0.0, 1260.8474446004698, 495.3344268742088], [0.0, 0.0, 1.0]], [[1256.7414812095406, 0.0, 792.1125740759628], [0.0, 1256.7414812095406, 492.7757465151356], [0.0, 0.0, 1.0]], [[809.2209905677063, 0.0, 829.2196003259838], [0.0, 809.2209905677063, 481.77842384512485], [0.0, 0.0, 1.0]], [[1259.5137405846733, 0.0, 807.2529053838625], [0.0, 1259.5137405846733, 501.19579884916527], [0.0, 0.0, 1.0]]], "extrinsics": [[[0.8203551769256592, -0.5711223483085632, -0.028924209997057915, -0.96630859375], [-0.05616609379649162, -0.03013494983315468, -0.9979665279388428, 1.5083236694335938], [0.569089412689209, 0.8203116059303284, -0.05679906904697418, -1.28082275390625], [0.0, 0.0, 0.0, 1.0]], [[0.007483884692192078, -0.9994009733200073, 0.03378956392407417, 0.00494384765625], [-0.061414554715156555, -0.034186094999313354, -0.9975267052650452, 1.5206069946289062], [0.9980842471122742, 0.00539020262658596, -0.061633605509996414, -1.693359375], [0.0, 0.0, 0.0, 1.0]], [[-0.8311547040939331, -0.553228497505188, 0.055858124047517776, 1.0330810546875], [-0.05579467862844467, -0.016971377655863762, -0.9982979893684387, 1.5037002563476562], [0.553234875202179, -0.8328566551208496, -0.016761362552642822, -1.2493896484375], [0.0, 0.0, 0.0, 1.0]], [[0.9459217190742493, 0.31885460019111633, -0.05969838798046112, -1.1422119140625], [-0.047031473368406296, -0.04728606715798378, -0.9977735280990601, 1.5885505676269531], [-0.32096755504608154, 0.9466233849525452, -0.0297327172011137, -0.103759765625], [0.0, 0.0, 0.0, 1.0]], [[0.0003982227935921401, 0.9993000626564026, -0.037407636642456055, 0.002838134765625], [-0.07243722677230835, -0.03728054091334343, -0.996675968170166, 1.5793914794921875], [-0.9973728656768799, 0.0031065992079675198, 0.07237166911363602, 0.0023193359375], [0.0, 0.0, 0.0, 1.0]], [[-0.9345574975013733, 0.3545847237110138, 0.029531175270676613, 1.1370849609375], [-0.039902351796627045, -0.021970827132463455, -0.9989620447158813, 1.5514717102050781], [-0.353567898273468, -0.9347657561302185, 0.0346817672252655, -0.0634613037109375], [0.0, 0.0, 0.0, 1.0]]], "view": [[0.0, -2.0, 100.0], [-2.0, 0.0, 100.0], [0.0, 0.0, 1.0]], "bev": "bev_3588850bb18b408688e1c193250c6a45.png", "aux": "aux_3588850bb18b408688e1c193250c6a45.npz", "visibility": "visibility_3588850bb18b408688e1c193250c6a45.png", "pose": [[-0.038099925965070724, 0.999273955821991, 0.0, 529.0875244140625], [-0.999273955821991, -0.038099925965070724, 0.0, 1697.425048828125], [0.0, 0.0, 1.0, 0.0], [0.0, 0.0, 0.0, 1.0]], "pose_inverse": [[-0.038099925965070724, -0.999273955821991, 0.0, 1716.350830078125], [0.999273955821991, -0.038099925965070724, 0.0, -464.0316162109375], [0.0, 0.0, 1.0, 0.0], [0.0, 0.0, 0.0, 1.0]], "cam_ids": [0, 1, 2, 3, 4, 5], "cam_channels": ["CAM_FRONT_LEFT", "CAM_FRONT", "CAM_FRONT_RIGHT", "CAM_BACK_LEFT", "CAM_BACK", "CAM_BACK_RIGHT"], "token": "3588850bb18b408688e1c193250c6a45", "scene": "scene-0423"}, {"images": ["samples/CAM_FRONT_LEFT/n015-2018-10-08-15-52-24+0800__CAM_FRONT_LEFT__1538985215104844.jpg", "samples/CAM_FRONT/n015-2018-10-08-15-52-24+0800__CAM_FRONT__1538985215112460.jpg", "samples/CAM_FRONT_RIGHT/n015-2018-10-08-15-52-24+0800__CAM_FRONT_RIGHT__1538985215120339.jpg", "samples/CAM_BACK_LEFT/n015-2018-10-08-15-52-24+0800__CAM_BACK_LEFT__1538985215147423.jpg", "samples/CAM_BACK/n015-2018-10-08-15-52-24+0800__CAM_BACK__1538985215137525.jpg", "samples/CAM_BACK_RIGHT/n015-2018-10-08-15-52-24+0800__CAM_BACK_RIGHT__1538985215127893.jpg"], "intrinsics": [[[1272.5979470598488, 0.0, 826.6154927353808], [0.0, 1272.5979470598488, 479.75165386361925], [0.0, 0.0, 1.0]], [[1266.417203046554, 0.0, 816.2670197447984], [0.0, 1266.417203046554, 491.50706579294757], [0.0, 0.0, 1.0]], [[1260.8474446004698, 0.0, 807.968244525554], [0.0, 1260.8474446004698, 495.3344268742088], [0.0, 0.0, 1.0]], [[1256.7414812095406, 0.0, 792.1125740759628], [0.0, 1256.7414812095406, 492.7757465151356], [0.0, 0.0, 1.0]], [[809.2209905677063, 0.0, 829.2196003259838], [0.0, 809.2209905677063, 481.77842384512485], [0.0, 0.0, 1.0]], [[1259.5137405846733, 0.0, 807.2529053838625], [0.0, 1259.5137405846733, 501.19579884916527], [0.0, 0.0, 1.0]]], "extrinsics": [[[0.8204227089881897, -0.5710889101028442, -0.027641402557492256, -0.965087890625], [-0.05443843454122543, -0.029898125678300858, -0.9980694055557251, 1.5082550048828125], [0.5691599249839783, 0.820343554019928, -0.0556182824075222, -1.2801513671875], [0.0, 0.0, 0.0, 1.0]], [[0.007444604765623808, -0.9994088411331177, 0.03356119617819786, 0.00506591796875], [-0.05965631455183029, -0.03394623100757599, -0.9976416230201721, 1.520538330078125], [0.998191237449646, 0.005424912087619305, -0.05987376719713211, -1.6923828125], [0.0, 0.0, 0.0, 1.0]], [[-0.8312455415725708, -0.5532541871070862, 0.054227713495492935, 1.032470703125], [-0.05399706959724426, -0.016730422154068947, -0.9984009265899658, 1.5036544799804688], [0.5532766580581665, -0.8328444957733154, -0.01596701331436634, -1.248779296875], [0.0, 0.0, 0.0, 1.0]], [[0.9460315108299255, 0.31887590885162354, -0.0578148253262043, -1.1422119140625], [-0.04511799290776253, -0.04706772789359093, -0.9978721737861633, 1.5885543823242188], [-0.32091864943504333, 0.9466270804405212, -0.03014051541686058, -0.10369873046875], [0.0, 0.0, 0.0, 1.0]], [[0.00046294962521642447, 0.9993088245391846, -0.03717285767197609, 0.002838134765625], [-0.07056347280740738, -0.037047557532787