[{"images": ["samples/CAM_FRONT_LEFT/n008-2018-09-18-14-54-39-0400__CAM_FRONT_LEFT__1537297413854799.jpg", "samples/CAM_FRONT/n008-2018-09-18-14-54-39-0400__CAM_FRONT__1537297413862404.jpg", "samples/CAM_FRONT_RIGHT/n008-2018-09-18-14-54-39-0400__CAM_FRONT_RIGHT__1537297413870482.jpg", "samples/CAM_BACK_LEFT/n008-2018-09-18-14-54-39-0400__CAM_BACK_LEFT__1537297413897405.jpg", "samples/CAM_BACK/n008-2018-09-18-14-54-39-0400__CAM_BACK__1537297413887558.jpg", "samples/CAM_BACK_RIGHT/n008-2018-09-18-14-54-39-0400__CAM_BACK_RIGHT__1537297413878113.jpg"], "intrinsics": [[[1257.8625342125129, 0.0, 827.2410631095686], [0.0, 1257.8625342125129, 450.915498205774], [0.0, 0.0, 1.0]], [[1252.8131021185304, 0.0, 826.588114781398], [0.0, 1252.8131021185304, 469.9846626224581], [0.0, 0.0, 1.0]], [[1256.7485116440405, 0.0, 817.7887570959712], [0.0, 1256.7485116440403, 451.9541780095127], [0.0, 0.0, 1.0]], [[1254.9860565800168, 0.0, 829.5769333630991], [0.0, 1254.9860565800168, 467.1680561863987], [0.0, 0.0, 1.0]], [[796.8910634503094, 0.0, 857.7774326863696], [0.0, 796.8910634503094, 476.8848988407415], [0.0, 0.0, 1.0]], [[1249.9629280788233, 0.0, 825.3768045375984], [0.0, 1249.9629280788233, 462.54816385708756], [0.0, 0.0, 1.0]]], "extrinsics": [[[0.8225383758544922, -0.5685856938362122, -0.011875416152179241, -1.0050048828125], [0.006468133069574833, 0.030232956632971764, -0.9995219707489014, 1.4882888793945312], [0.5686728358268738, 0.8220683336257935, 0.028545452281832695, -1.3333740234375], [0.0, 0.0, 0.0, 1.0]], [[0.010244110599160194, -0.9996086955070496, -0.02602977119386196, 0.00537109375], [0.008424314670264721, 0.026116488501429558, -0.9996234178543091, 1.4801597595214844], [0.9999120831489563, 0.010020985268056393, 0.008688559755682945, -1.7347412109375], [0.0, 0.0, 0.0, 1.0]], [[-0.8439900875091553, -0.5358555912971497, -0.023225998505949974, 1.090576171875], [0.016447126865386963, 0.01742655597627163, -0.9997128844261169, 1.493072509765625], [0.536106526851654, -0.8441298007965088, -0.005894557572901249, -1.2777099609375], [0.0, 0.0, 0.0, 1.0]], [[0.94789057970047, 0.31859034299850464, 0.0019229493336752057, -1.1439208984375], [-0.008937214501202106, 0.03262292593717575, -0.9994277954101562, 1.562042236328125], [-0.3184707760810852, 0.947330892086029, 0.03377027437090874, -0.156005859375], [0.0, 0.0, 0.0, 1.0]], [[0.009246349334716797, 0.9996441006660461, 0.025022614747285843, -0.0286865234375], [-0.0067985872738063335, 0.025085952132940292, -0.9996621608734131, 1.5680618286132812], [-0.999934196472168, 0.009073086082935333, 0.007028120569884777, 0.044403076171875], [0.0, 0.0, 0.0, 1.0]], [[-0.9237267374992371, 0.38303765654563904, 0.003318207571282983, 1.1607666015625], [-0.0026089416351169348, 0.0023711437825113535, -0.9999937415122986, 1.5478127002716064], [-0.3830431401729584, -0.923729658126831, -0.0011909662280231714, -0.0438232421875], [0.0, 0.0, 0.0, 1.0]]], "view": [[0.0, -2.0, 100.0], [-2.0, 0.0, 100.0], [0.0, 0.0, 1.0]], "bev": "bev_cae8503d8c5541c78e7e789a63aaa936.png", "aux": "aux_cae8503d8c5541c78e7e789a63aaa936.npz", "visibility": "visibility_cae8503d8c5541c78e7e789a63aaa936.png", "pose": [[-0.8845333456993103, -0.4664769768714905, 0.0, 1354.623046875], [0.4664769768714905, -0.8845333456993103, 0.0, 1456.9730224609375], [0.0, 0.0, 1.0, 0.0], [0.0, 0.0, 0.0, 1.0]], "pose_inverse": [[-0.8845333456993103, 0.4664769768714905, 0.0, 518.5648803710938], [-0.4664769768714905, -0.8845333456993103, 0.0, 1920.6417236328125], [0.0, 0.0, 1.0, 0.0], [0.0, 0.0, 0.0, 1.0]], "cam_ids": [0, 1, 2, 3, 4, 5], "cam_channels": ["CAM_FRONT_LEFT", "CAM_FRONT", "CAM_FRONT_RIGHT", "CAM_BACK_LEFT", "CAM_BACK", "CAM_BACK_RIGHT"], "token": "cae8503d8c5541c78e7e789a63aaa936", "scene": "scene-0884"}, {"images": ["samples/CAM_FRONT_LEFT/n008-2018-09-18-14-54-39-0400__CAM_FRONT_LEFT__1537297414354799.jpg", "samples/CAM_FRONT/n008-2018-09-18-14-54-39-0400__CAM_FRONT__1537297414362404.jpg", "samples/CAM_FRONT_RIGHT/n008-2018-09-18-14-54-39-0400__CAM_FRONT_RIGHT__1537297414370482.jpg", "samples/CAM_BACK_LEFT/n008-2018-09-18-14-54-39-0400__CAM_BACK_LEFT__1537297414397415.jpg", "samples/CAM_BACK/n008-2018-09-18-14-54-39-0400__CAM_BACK__1537297414387558.jpg", "samples/CAM_BACK_RIGHT/n008-2018-09-18-14-54-39-0400__CAM_BACK_RIGHT__1537297414378131.jpg"], "intrinsics": [[[1257.8625342125129, 0.0, 827.2410631095686], [0.0, 1257.8625342125129, 450.915498205774], [0.0, 0.0, 1.0]], [[1252.8131021185304, 0.0, 826.588114781398], [0.0, 1252.8131021185304, 469.9846626224581], [0.0, 0.0, 1.0]], [[1256.7485116440405, 0.0, 817.7887570959712], [0.0, 1256.7485116440403, 451.9541780095127], [0.0, 0.0, 1.0]], [[1254.9860565800168, 0.0, 829.5769333630991], [0.0, 1254.9860565800168, 467.1680561863987], [0.0, 0.0, 1.0]], [[796.8910634503094, 0.0, 857.7774326863696], [0.0, 796.8910634503094, 476.8848988407415], [0.0, 0.0, 1.0]], [[1249.9629280788233, 0.0, 825.3768045375984], [0.0, 1249.9629280788233, 462.54816385708756], [0.0, 0.0, 1.0]]], "extrinsics": [[[0.8225316405296326, -0.568595290184021, -0.011883793398737907, -1.00506591796875], [0.0064537557773292065, 0.03022630698978901, -0.9995222091674805, 1.4882965087890625], [0.5686827898025513, 0.8220619559288025, 0.028531666845083237, -1.33349609375], [0.0, 0.0, 0.0, 1.0]], [[0.010231957770884037, -0.9996089339256287, -0.02602335251867771, 0.0052490234375], [0.00840558111667633, 0.02610977552831173, -0.999623715877533, 1.4801673889160156], [0.9999123215675354, 0.01000945083796978, 0.00866944994777441, -1.73486328125], [0.0, 0.0, 0.0, 1.0]], [[-0.843996524810791, -0.5358465909957886, -0.023203447461128235, 1.090576171875], [0.01643075980246067, 0.017410382628440857, -0.9997133612632751, 1.493072509765625], [0.5360970497131348, -0.8441358804702759, -0.005889934487640858, -1.277587890625], [0.0, 0.0, 0.0, 1.0]], [[0.9478908181190491, 0.31858986616134644, 0.0018905653851106763, -1.14404296875], [-0.008957752957940102, 0.03258251026272774, -0.999428927898407, 1.5620460510253906], [-0.3184695243835449, 0.947332501411438, 0.03373850882053375, -0.1561279296875], [0.0, 0.0, 0.0, 1.0]], [[0.009251448325812817, 0.9996448159217834, 0.02499287948012352, -0.0286865234375], [-0.006834678817540407, 0.02505658008158207, -0.9996626377105713, 1.5680580139160156], [-0.9999338388442993, 0.009077566675841808, 0.00706406170502305, 0.0443115234375], [0.0, 0.0, 0.0, 1.0]], [[-0.923723578453064, 0.38304516673088074, 0.0033215342555195093, 1.160675048828125], [-0.002624498214572668, 0.0023422888480126858, -0.9999938011169434, 1.5478129386901855], [-0.3830505907535553, -0.9237266182899475, -0.001158326049335301, -0.043701171875], [0.0, 0.0, 0.0, 1.0]]], "view": [[0.0, -2.0, 100.0], [-2.0, 0.0, 100.0], [0.0, 0.0, 1.0]], "bev": "bev_3752e3805f084bc1a9a9dc30bac8808c.png", "aux": "aux_3752e3805f084bc1a9a9dc30bac8808c.npz", "visibility": "visibility_3752e3805f084bc1a9a9dc30bac8808c.png", "pose": [[-0.884576141834259, -0.4663958251476288, 0.0, 1354.6231689453125], [0.4663958251476288, -0.884576141834259, 0.0, 1456.973388671875], [0.0, 0.0, 1.0, 0.0], [0.0, 0.0, 0.0, 1.0]], "pose_inverse": [[-0.884576141834259, 0.4663958251476288, 0.0, 518.7410278320312], [-0.4663958251476288, -0.884576141834259, 0.0, 1920.594482421875], [0.0, 0.0, 1.0, 0.0], [0.0, 0.0, 0.0, 1.0]], "cam_ids": [0, 1, 2, 3, 4, 5], "cam_channels": ["CAM_FRONT_LEFT", "CAM_FRONT", "CAM_FRONT_RIGHT", "CAM_BACK_LEFT", "CAM_BACK", "CAM_BACK_RIGHT"], "token": "3752e3805f084bc1a9a9dc30bac8808c", "scene": "scene-0884"}, {"images": ["samples/CAM_FRONT_LEFT/n008-2018-09-18-14-54-39-0400__CAM_FRONT_LEFT__1537297414854799.jpg", "samples/CAM_FRONT/n008-2018-09-18-14-54-39-0400__CAM_FRONT__1537297414862404.jpg", "samples/CAM_FRONT_RIGHT/n008-2018-09-18-14-54-39-0400__CAM_FRONT_RIGHT__1537297414870482.jpg", "samples/CAM_BACK_LEFT/n008-2018-09-18-14-54-39-0400__CAM_BACK_LEFT__1537297414897405.jpg", "samples/CAM_BACK/n008-2018-09-18-14-54-39-0400__CAM_BACK__1537297414887558.jpg", "samples/CAM_BACK_RIGHT/n008-2018-09-18-14-54-39-0400__CAM_BACK_RIGHT__1537297414878113.jpg"], "intrinsics": [[[1257.8625342125129, 0.0, 827.2410631095686], [0.0, 1257.8625342125129, 450.915498205774], [0.0, 0.0, 1.0]], [[1252.8131021185304, 0.0, 826.588114781398], [0.0, 1252.8131021185304, 469.9846626224581], [0.0, 0.0, 1.0]], [[1256.7485116440405, 0.0, 817.7887570959712], [0.0, 1256.7485116440403, 451.9541780095127], [0.0, 0.0, 1.0]], [[1254.9860565800168, 0.0, 829.5769333630991], [0.0, 1254.9860565800168, 467.1680561863987], [0.0, 0.0, 1.0]], [[796.8910634503094, 0.0, 857.7774326863696], [0.0, 796.8910634503094, 476.8848988407415], [0.0, 0.0, 1.0]], [[1249.9629280788233, 0.0, 825.3768045375984], [0.0, 1249.9629280788233, 462.54816385708756], [0.0, 0.0, 1.0]]], "extrinsics": [[[0.8225120306015015, -0.5686209201812744, -0.01201220415532589, -1.00494384765625], [0.006369222886860371, 0.030328109860420227, -0.9995196461677551, 1.4882926940917969], [0.5687121152877808, 0.8220404982566833, 0.028566908091306686, -1.3333740234375], [0.0, 0.0, 0.0, 1.0]], [[0.010202323086559772, -0.9996066689491272, -0.0261215977370739, 0.00537109375], [0.00832437165081501, 0.026206953451037407, -0.9996218681335449, 1.4801673889160156], [0.9999133348464966, 0.009981057606637478, 0.00858847051858902, -1.73480224609375], [0.0, 0.0, 0.0, 1.0]], [[-0.8440102934837341, -0.5358256101608276, -0.023185398429632187, 1.090576171875], [0.016344036906957626, 0.017513548955321312, -0.9997130036354065, 1.493072509765625], [0.5360779166221619, -0.8441469669342041, -0.006024062633514404, -1.2777099609375], [0.0, 0.0, 0.0, 1.0]], [[0.9478927850723267, 0.31858429312705994, 0.001812002039514482, -1.14404296875], [-0.009064425714313984, 0.032654035836458206, -0.9994255900382996, 1.5620384216308594], [-0.31846049427986145, 0.9473319053649902, 0.03384030982851982, -0.1561279296875], [0.0, 0.0, 0.0, 1.0]], [[0.00926251895725727, 0.9996423125267029, 0.025088390335440636, -0.02880859375], [-0.006927236914634705, 0.025153009220957756, -0.999659538269043, 1.5680618286132812], [-0.999933123588562, 0.009085564874112606, 0.00715774018317461, 0.044281005859375], [0.0, 0.0, 0.0, 1.0]], [[-0.9237171411514282, 0.38305965065956116, 0.0034517014864832163, 1.16064453125], [-0.002719516633078456, 0.0024529164656996727, -0.9999932646751404, 1.5478127002716064], [-0.38306546211242676, -0.9237203001976013, -0.0012240646174177527, -0.0438232421875], [0.0, 0.0, 0.0, 1.0]]], "view": [[0.0, -2.0, 100.0], [-2.0, 0.0, 100.0], [0.0, 0.0, 1.0]], "bev": "bev_9d51d794fe64470bb2835b284aeb6202.png", "aux": "aux_9d51d794fe64470bb2835b284aeb6202.npz", "visibility": "visibility_9d51d794fe64470bb2835b284aeb6202.png", "pose": [[-0.8846180438995361, -0.466316282749176, 0.0, 1354.6234130859375], [0.466316282749176, -0.8846180438995361, 0.0, 1456.9737548828125], [0.0, 0.0, 1.0, 0.0], [0.0, 0.0, 0.0, 1.0]], "pose_inverse": [[-0.8846180438995361, 0.466316282749176, 0.0, 518.9137573242188], [-0.466316282749176, -0.8846180438995361, 0.0, 1920.5482177734375], [0.0, 0.0, 1.0, 0.0], [0.0, 0.0, 0.0, 1.0]], "cam_ids": [0, 1, 2, 3, 4, 5], "cam_channels": ["CAM_FRONT_LEFT", "CAM_FRONT", "CAM_FRONT_RIGHT", "CAM_BACK_LEFT", "CAM_BACK", "CAM_BACK_RIGHT"], "token": "9d51d794fe64470bb2835b284aeb6202", "scene": "scene-0884"}, {"images": ["samples/CAM_FRONT_LEFT/n008-2018-09-18-14-54-39-0400__CAM_FRONT_LEFT__1537297415354799.jpg", "samples/CAM_FRONT/n008-2018-09-18-14-54-39-0400__CAM_FRONT__1537297415362404.jpg", "samples/CAM_FRONT_RIGHT/n008-2018-09-18-14-54-39-0400__CAM_FRONT_RIGHT__1537297415370482.jpg", "samples/CAM_BACK_LEFT/n008-2018-09-18-14-54-39-0400__CAM_BACK_LEFT__1537297415397405.jpg", "samples/CAM_BACK/n008-2018-09-18-14-54-39-0400__CAM_BACK__1537297415387558.jpg", "samples/CAM_BACK_RIGHT/n008-2018-09-18-14-54-39-0400__CAM_BACK_RIGHT__1537297415378123.jpg"], "intrinsics": [[[1257.8625342125129, 0.0, 827.2410631095686], [0.0, 1257.8625342125129, 450.915498205774], [0.0, 0.0, 1.0]], [[1252.8131021185304, 0.0, 826.588114781398], [0.0, 1252.8131021185304, 469.9846626224581], [0.0, 0.0, 1.0]], [[1256.7485116440405, 0.0, 817.7887570959712], [0.0, 1256.7485116440403, 451.9541780095127], [0.0, 0.0, 1.0]], [[1254.9860565800168, 0.0, 829.5769333630991], [0.0, 1254.9860565800168, 467.1680561863987], [0.0, 0.0, 1.0]], [[796.8910634503094, 0.0, 857.7774326863696], [0.0, 796.8910634503094, 476.8848988407415], [0.0, 0.0, 1.0]], [[1249.9629280788233, 0.0, 825.3768045375984], [0.0, 1249.9629280788233, 462.54816385708756], [0.0, 0.0, 1.0]]], "extrinsics": [[[0.8225228786468506, -0.5686081647872925, -0.011867859400808811, -1.00494384765625], [0.006457096431404352, 0.030202360823750496, -0.9995229244232178, 1.4882888793945312], [0.5686953663825989, 0.822053849697113, 0.02851369045674801, -1.333251953125], [0.0, 0.0, 0.0, 1.0]], [[0.010221936739981174, -0.9996097683906555, -0.025995738804340363, 0.00537109375], [0.008408832363784313, 0.026082109659910202, -0.999624490737915, 1.4801597595214844], [0.9999123811721802, 0.009999520145356655, 0.008672158233821392, -1.73468017578125], [0.0, 0.0, 0.0, 1.0]], [[-0.8439993262290955, -0.5358426570892334, -0.023185836151242256, 1.0904541015625], [0.016422897577285767, 0.017389966174960136, -0.9997138977050781, 1.493072509765625], [0.5360925793647766, -0.8441387414932251, -0.005877033807337284, -1.277587890625], [0.0, 0.0, 0.0, 1.0]], [[0.9478896260261536, 0.318593293428421, 0.0018860828131437302, -1.143798828125], [-0.008956247009336948, 0.03256358206272125, -0.9994295239448547, 1.562042236328125], [-0.31847304105758667, 0.9473319053649902, 0.03372007980942726, -0.1561279296875], [0.0, 0.0, 0.0, 1.0]], [[0.009253188036382198, 0.9996451139450073, 0.024979116395115852, -0.02880859375], [-0.0068193585611879826, 0.025042688474059105, -0.9996631145477295, 1.5680656433105469], [-0.9999338984489441, 0.00907972827553749, 0.007048663683235645, 0.044189453125], [0.0, 0.0, 0.0, 1.0]], [[-0.9237220883369446, 0.38304874300956726, 0.0033357180655002594, 1.160736083984375], [-0.002642506267875433, 0.0023358799517154694, -0.9999938011169434, 1.54781174659729], [-0.38305413722991943, -0.9237252473831177, -0.0011454938212409616, -0.0435791015625], [0.0, 0.0, 0.0, 1.0]]], "view": [[0.0, -2.0, 100.0], [-2.0, 0.0, 100.0], [0.0, 0.0, 1.0]], "bev": "bev_bc1cb8f480c34520b802e918ac458212.png", "aux": "aux_bc1cb8f480c34520b802e918ac458212.npz", "visibility": "visibility_bc1cb8f480c34520b802e918ac458212.png", "pose": [[-0.8845978379249573, -0.466354638338089, 0.0, 1354.62353515625], [0.466354638338089, -0.8845978379249573, 0.0, 1456.9739990234375], [0.0, 0.0, 1.0, 0.0], [0.0, 0.0, 0.0, 1.0]], "pose_inverse": [[-0.8845978379249573, 0.466354638338089, 0.0, 518.8305053710938], [-0.466354638338089, -0.8845978379249573, 0.0, 1920.571044921875], [0.0, 0.0, 1.0, 0.0], [0.0, 0.0, 0.0, 1.0]], "cam_ids": [0, 1, 2, 3, 4, 5], "cam_channels": ["CAM_FRONT_LEFT", "CAM_FRONT", "CAM_FRONT_RIGHT", "CAM_BACK_LEFT", "CAM_BACK", "CAM_BACK_RIGHT"], "token": "bc1cb8f480c34520b802e918ac458212", "scene": "scene-0884"}, {"images": ["samples/CAM_FRONT_LEFT/n008-2018-09-18-14-54-39-0400__CAM_FRONT_LEFT__1537297415854799.jpg", "samples/CAM_FRONT/n008-2018-09-18-14-54-39-0400__CAM_FRONT__1537297415862404.jpg", "samples/CAM_FRONT_RIGHT/n008-2018-09-18-14-54-39-0400__CAM_FRONT_RIGHT__1537297415870482.jpg", "samples/CAM_BACK_LEFT/n008-2018-09-18-14-54-39-0400__CAM_BACK_LEFT__1537297415897405.jpg", "samples/CAM_BACK/n008-2018-09-18-14-54-39-0400__CAM_BACK__1537297415887558.jpg", "samples/CAM_BACK_RIGHT/n008-2018-09-18-14-54-39-0400__CAM_BACK_RIGHT__1537297415878113.jpg"], "intrinsics": [[[1257.8625342125129, 0.0, 827.2410631095686], [0.0, 1257.8625342125129, 450.915498205774], [0.0, 0.0, 1.0]], [[1252.8131021185304, 0.0, 826.588114781398], [0.0, 1252.8131021185304, 469.9846626224581], [0.0, 0.0, 1.0]], [[1256.7485116440405, 0.0, 817.7887570959712], [0.0, 1256.7485116440403, 451.9541780095127], [0.0, 0.0, 1.0]], [[1254.9860565800168, 0.0, 829.5769333630991], [0.0, 1254.9860565800168, 467.1680561863987], [0.0, 0.0, 1.0]], [[796.8910634503094, 0.0, 857.7774326863696], [0.0, 796.8910634503094, 476.8848988407415], [0.0, 0.0, 1.0]], [[1249.9629280788233, 0.0, 825.3768045375984], [0.0, 1249.9629280788233, 462.54816385708756], [0.0, 0.0, 1.0]]], "extrinsics": [[[0.8225367069244385, -0.568587064743042, -0.011922764591872692, -1.0050048828125], [0.006414270494133234, 0.030238183215260506, -0.9995221495628357, 1.4882965087890625], [0.5686758756637573, 0.8220672011375427, 0.02851908840239048, -1.333251953125], [0.0, 0.0, 0.0, 1.0]], [[0.010239941067993641, -0.9996083974838257, -0.02604157105088234, 0.00537109375], [0.008372769691050053, 0.026127737015485764, -0.9996235370635986, 1.4801673889160156], [0.9999125003814697, 0.010018126107752323, 0.008637038990855217, -1.73486328125], [0.0, 0.0, 0.0, 1.0]], [[-0.8439931273460388, -0.5358524918556213, -0.023188035935163498, 1.090576171875], [0.016398020088672638, 0.01743311621248722, -0.9997135400772095, 1.493072509765625], [0.5361032485961914, -0.844131588935852, -0.005926511250436306, -1.277587890625], [0.0, 0.0, 0.0, 1.0]], [[0.9478898048400879, 0.31859293580055237, 0.0018730082083493471, -1.1439208984375], [-0.00898260623216629, 0.03260102868080139, -0.9994280934333801, 1.562042236328125], [-0.3184718191623688, 0.9473308324813843, 0.03376397863030434, -0.15625], [0.0, 0.0, 0.0, 1.0]], [[0.009248894639313221, 0.9996442198753357, 0.02501625567674637, -0.02880859375], [-0.006863197311758995, 0.02508019469678402, -0.9996618628501892, 1.5680618286132812], [-0.9999337196350098, 0.009074061177670956, 0.007092718500643969, 0.044189453125], [0.0, 0.0, 0.0, 1.0]], [[-0.9237256646156311, 0.38303983211517334, 0.003363733645528555, 1.16070556640625], [-0.0026603362057358027, 0.002366048749536276, -0.9999936819076538, 1.5478122234344482], [-0.38304537534713745, -0.9237287640571594, -0.0011665651109069586, -0.043701171875], [0.0, 0.0, 0.0, 1.0]]], "view": [[0.0, -2.0, 100.0], [-2.0, 0.0, 100.0], [0.0, 0.0, 1.0]], "bev": "bev_29d3325db07941b9a27d662a96d30986.png", "aux": "aux_29d3325db07941b9a27d662a96d30986.npz", "visibility": "visibility_29d3325db07941b9a27d662a96d30986.png", "pose": [[-0.8845609426498413, -0.4664246141910553, 0.0, 1354.6236572265625], [0.4664246141910553, -0.8845609426498413, 0.0, 1456.9742431640625], [0.0, 0.0, 1.0, 0.0], [0.0, 0.0, 0.0, 1.0]], "pose_inverse": [[-0.8845609426498413, 0.4664246141910553, 0.0, 518.6785278320312], [-0.4664246141910553, -0.8845609426498413, 0.0, 1920.6123046875], [0.0, 0.0, 1.0, 0.0], [0.0, 0.0, 0.0, 1.0]], "cam_ids": [0, 1, 2, 3, 4, 5], "cam_channels": ["CAM_FRONT_LEFT", "CAM_FRONT", "CAM_FRONT_RIGHT", "CAM_BACK_LEFT", "CAM_BACK", "CAM_BACK_RIGHT"], "token": "29d3325db07941b9a27d662a96d30986", "scene": "scene-0884"}, {"images": ["samples/CAM_FRONT_LEFT/n008-2018-09-18-14-54-39-0400__CAM_FRONT_LEFT__1537297416354799.jpg", "samples/CAM_FRONT/n008-2018-09-18-14-54-39-0400__CAM_FRONT__1537297416362404.jpg", "samples/CAM_FRONT_RIGHT/n008-2018-09-18-14-54-39-0400__CAM_FRONT_RIGHT__1537297416370482.jpg", "samples/CAM_BACK_LEFT/n008-2018-09-18-14-54-39-0400__CAM_BACK_LEFT__1537297416397405.jpg", "samples/CAM_BACK/n008-2018-09-18-14-54-39-0400__CAM_BACK__1537297416387558.jpg", "samples/CAM_BACK_RIGHT/n008-2018-09-18-14-54-39-0400__CAM_BACK_RIGHT__1537297416378120.jpg"], "intrinsics": [[[1257.8625342125129, 0.0, 827.2410631095686], [0.0, 1257.8625342125129, 450.915498205774], [0.0, 0.0, 1.0]], [[1252.8131021185304, 0.0, 826.588114781398], [0.0, 1252.8131021185304, 469.9846626224581], [0.0, 0.0, 1.0]], [[1256.7485116440405, 0.0, 817.7887570959712], [0.0, 1256.7485116440403, 451.9541780095127], [0.0, 0.0, 1.0]], [[1254.9860565800168, 0.0, 829.5769333630991], [0.0, 1254.9860565800168, 467.1680561863987], [0.0, 0.0, 1.0]], [[796.8910634503094, 0.0, 857.7774326863696], [0.0, 796.8910634503094, 476.8848988407415], [0.0, 0.0, 1.0]], [[1249.9629280788233, 0.0, 825.3768045375984], [0.0, 1249.9629280788233, 462.54816385708756], [0.0, 0.0, 1.0]]], "extrinsics": [[[0.8225284814834595, -0.568600058555603, -0.011870226822793484, -1.00506591796875], [0.0064344583079218864, 0.030174288898706436, -0.999523937702179, 1.4882926940917969], [0.5686876177787781, 0.8220605254173279, 0.02847784385085106, -1.33349609375], [0.0, 0.0, 0.0, 1.0]], [[0.010226285085082054, -0.9996103048324585, -0.02597288228571415, 0.0052490234375], [0.008387170732021332, 0.026059070602059364, -0.9996252655982971, 1.4801673889160156], [0.9999125599861145, 0.0100046182051301, 0.00865038949996233, -1.7347412109375], [0.0, 0.0, 0.0, 1.0]], [[-0.8439998626708984, -0.5358433127403259, -0.023155534639954567, 1.0904541015625], [0.016405297443270683, 0.017361152917146683, -0.9997146725654602, 1.4930686950683594], [0.5360925197601318, -0.8441389203071594, -0.00586214242503047, -1.2777099609375], [0.0, 0.0, 0.0, 1.0]], [[0.9478906989097595, 0.31859031319618225, 0.0018623208161443472, -1.1439208984375], [-0.008965485729277134, 0.03251687437295914, -0.9994309544563293, 1.562042236328125], [-0.3184696435928345, 0.9473345875740051, 0.03367875888943672, -0.156005859375], [0.0, 0.0, 0.0, 1.0]], [[0.009253796190023422, 0.9996460676193237, 0.024940606206655502, -0.0286865234375], [-0.006848778575658798, 0.025004448369145393, -0.9996638298034668, 1.5680656433105469], [-0.9999337196350098, 0.009079845622181892, 0.007077740039676428, 0.044219970703125], [0.0, 0.0, 0.0, 1.0]], [[-0.9237221479415894, 0.38304880261421204, 0.003332801628857851, 1.160736083984375], [-0.002657016972079873, 0.002293271478265524, -0.9999938011169434, 1.5478129386901855], [-0.38305413722991943, -0.9237252473831177, -0.00110057822894305, -0.043701171875], [0.0, 0.0, 0.0, 1.0]]], "view": [[0.0, -2.0, 100.0], [-2.0, 0.0, 100.0], [0.0, 0.0, 1.0]], "bev": "bev_7f36e498f19045fc81d08c4419244a4c.png", "aux": "aux_7f36e498f19045fc81d08c4419244a4c.npz", "visibility": "visibility_7f36e498f19045fc81d08c4419244a4c.png", "pose": [[-0.8845801949501038, -0.46638816595077515, 0.0, 1354.623779296875], [0.46638816595077515, -0.8845801949501038, 0.0, 1456.9744873046875], [0.0, 0.0, 1.0, 0.0], [0.0, 0.0, 0.0, 1.0]], "pose_inverse": [[-0.8845801949501038, 0.46638816595077515, 0.0, 518.7576904296875], [-0.46638816595077515, -0.8845801949501038, 0.0, 1920.5911865234375], [0.0, 0.0, 1.0, 0.0], [0.0, 0.0, 0.0, 1.0]], "cam_ids": [0, 1, 2, 3, 4, 5], "cam_channels": ["CAM_FRONT_LEFT", "CAM_FRONT", "CAM_FRONT_RIGHT", "CAM_BACK_LEFT", "CAM_BACK", "CAM_BACK_RIGHT"], "token": "7f36e498f19045fc81d08c4419244a4c", "scene": "scene-0884"}, {"images": ["samples/CAM_FRONT_LEFT/n008-2018-09-18-14-54-39-0400__CAM_FRONT_LEFT__1537297416854799.jpg", "samples/CAM_FRONT/n008-2018-09-18-14-54-39-0400__CAM_FRONT__1537297416862404.jpg", "samples/CAM_FRONT_RIGHT/n008-2018-09-18-14-54-39-0400__CAM_FRONT_RIGHT__1537297416870482.jpg", "samples/CAM_BACK_LEFT/n008-2018-09-18-14-54-39-0400__CAM_BACK_LEFT__1537297416897405.jpg", "samples/CAM_BACK/n008-2018-09-18-14-54-39-0400__CAM_BACK__1537297416887558.jpg", "samples/CAM_BACK_RIGHT/n008-2018-09-18-14-54-39-0400__CAM_BACK_RIGHT__1537297416878113.jpg"], "intrinsics": [[[1257.8625342125129, 0.0, 827.2410631095686], [0.0, 1257.8625342125129, 450.915498205774], [0.0, 0.0, 1.0]], [[1252.8131021185304, 0.0, 826.588114781398], [0.0, 1252.8131021185304, 469.9846626224581], [0.0, 0.0, 1.0]], [[1256.7485116440405, 0.0, 817.7887570959712], [0.0, 1256.7485116440403, 451.9541780095127], [0.0, 0.0, 1.0]], [[1254.9860565800168, 0.0, 829.5769333630991], [0.0, 1254.9860565800168, 467.1680561863987], [0.0, 0.0, 1.0]], [[796.8910634503094, 0.0, 857.7774326863696], [0.0, 796.8910634503094, 476.8848988407415], [0.0, 0.0, 1.0]], [[1249.9629280788233, 0.0, 825.3768045375984], [0.0, 1249.9629280788233, 462.54816385708756], [0.0, 0.0, 1.0]]], "extrinsics": [[[0.8225372433662415, -0.5685893893241882, -0.011775517836213112, -1.0048828125], [0.006467130035161972, 0.030055802315473557, -0.9995273351669312, 1.4882926940917969], [0.5686745047569275, 0.8220722675323486, 0.028399156406521797, -1.3333740234375], [0.0, 0.0, 0.0, 1.0]], [[0.010239921510219574, -0.9996135234832764, -0.025845445692539215, 0.005615234375], [0.00842231884598732, 0.025932103395462036, -0.9996282458305359, 1.4801597595214844], [0.9999120831489563, 0.01001849677413702, 0.008684605360031128, -1.73468017578125], [0.0, 0.0, 0.0, 1.0]], [[-0.8439931273460388, -0.5358555912971497, -0.02311914600431919, 1.090576171875], [0.016449935734272003, 0.017222845926880836, -0.9997162818908691, 1.493072509765625], [0.536101758480072, -0.8441340327262878, -0.005721176043152809, -1.2774658203125], [0.0, 0.0, 0.0, 1.0]], [[0.9478906393051147, 0.3185909390449524, 0.0018068054923787713, -1.14404296875], [-0.00897129811346531, 0.032359976321458817, -0.9994360208511353, 1.5620460510253906], [-0.318469762802124, 0.9473397731781006, 0.03353189304471016, -0.1561279296875], [0.0, 0.0, 0.0, 1.0]], [[0.009248776361346245, 0.9996503591537476, 0.02477434277534485, -0.02880859375], [-0.00685151806101203, 0.024838171899318695, -0.9996680021286011, 1.5680580139160156], [-0.9999337792396545, 0.00907603558152914, 0.007078846450895071, 0.04425048828125], [0.0, 0.0, 0.0, 1.0]], [[-0.9237253665924072, 0.38304176926612854, 0.0032355408184230328, 1.160614013671875], [-0.002614264842122793, 0.0021424787119030952, -0.9999942779541016, 1.5478110313415527], [-0.38304653763771057, -0.9237285256385803, -0.0009776884689927101, -0.0435791015625], [0.0, 0.0, 0.0, 1.0]]], "view": [[0.0, -2.0, 100.0], [-2.0, 0.0, 100.0], [0.0, 0.0, 1.0]], "bev": "bev_f5ebff7082664fbea2a62f65901e3fd1.png", "aux": "aux_f5ebff7082664fbea2a62f65901e3fd1.npz", "visibility": "visibility_f5ebff7082664fbea2a62f65901e3fd1.png", "pose": [[-0.8845360279083252, -0.4664718806743622, 0.0, 1354.6239013671875], [0.4664718806743622, -0.8845360279083252, 0.0, 1456.9747314453125], [0.0, 0.0, 1.0, 0.0], [0.0, 0.0, 0.0, 1.0]], "pose_inverse": [[-0.8845360279083252, 0.4664718806743622, 0.0, 518.575927734375], [-0.4664718806743622, -0.8845360279083252, 0.0, 1920.640625], [0.0, 0.0, 1.0, 0.0], [0.0, 0.0, 0.0, 1.0]], "cam_ids": [0, 1, 2, 3, 4, 5], "cam_channels": ["CAM_FRONT_LEFT", "CAM_FRONT", "CAM_FRONT_RIGHT", "CAM_BACK_LEFT", "CAM_BACK", "CAM_BACK_RIGHT"], "token": "f5ebff7082664fbea2a62f65901e3fd1", "scene": "scene-0884"}, {"images": ["samples/CAM_FRONT_LEFT/n008-2018-09-18-14-54-39-0400__CAM_FRONT_LEFT__1537297417354799.jpg", "samples/CAM_FRONT/n008-2018-09-18-14-54-39-0400__CAM_FRONT__1537297417362404.jpg", "samples/CAM_FRONT_RIGHT/n008-2018-09-18-14-54-39-0400__CAM_FRONT_RIGHT__1537297417370482.jpg", "samples/CAM_BACK_LEFT/n008-2018-09-18-14-54-39-0400__CAM_BACK_LEFT__1537297417397414.jpg", "samples/CAM_BACK/n008-2018-09-18-14-54-39-0400__CAM_BACK__1537297417387558.jpg", "samples/CAM_BACK_RIGHT/n008-2018-09-18-14-54-39-0400__CAM_BACK_RIGHT__1537297417378113.jpg"], "intrinsics": [[[1257.8625342125129, 0.0, 827.2410631095686], [0.0, 1257.8625342125129, 450.915498205774], [0.0, 0.0, 1.0]], [[1252.8131021185304, 0.0, 826.588114781398], [0.0, 1252.8131021185304, 469.9846626224581], [0.0, 0.0, 1.0]], [[1256.7485116440405, 0.0, 817.7887570959712], [0.0, 1256.7485116440403, 451.9541780095127], [0.0, 0.0, 1.0]], [[1254.9860565800168, 0.0, 829.5769333630991], [0.0, 1254.9860565800168, 467.1680561863987], [0.0, 0.0, 1.0]], [[796.8910634503094, 0.0, 857.7774326863696], [0.0, 796.8910634503094, 476.8848988407415], [0.0, 0.0, 1.0]], [[1249.9629280788233, 0.0, 825.3768045375984], [0.0, 1249.9629280788233, 462.54816385708756], [0.0, 0.0, 1.0]]], "extrinsics": [[[0.8225220441818237, -0.5686107873916626, -0.011806119233369827, -1.0050048828125], [0.006429118569940329, 0.030053306370973587, -0.999527633190155, 1.4882965087890625], [0.568696916103363, 0.8220576047897339, 0.02837516926229, -1.3333740234375], [0.0, 0.0, 0.0, 1.0]], [[0.010220027528703213, -0.9996132254600525, -0.02586187981069088, 0.0054931640625], [0.008377552032470703, 0.025947919115424156, -0.9996281862258911, 1.48016357421875], [0.999912679195404, 0.00999960582703352, 0.008639502339065075, -1.73486328125], [0.0, 0.0, 0.0, 1.0]], [[-0.8440007567405701, -0.5358445048332214, -0.023093942552804947, 1.0906982421875], [0.016394738107919693, 0.017262890934944153, -0.9997165203094482, 1.4930686950683594], [0.5360913276672363, -0.8441401124000549, -0.005784863140434027, -1.277587890625], [0.0, 0.0, 0.0, 1.0]], [[0.9478907585144043, 0.318590372800827, 0.0018238112097606063, -1.1439208984375], [-0.008980588987469673, 0.03244101628661156, -0.9994333386421204, 1.562042236328125], [-0.31846898794174194, 0.9473371505737305, 0.03361167013645172, -0.1561279296875], [0.0, 0.0, 0.0, 1.0]], [[0.00925421342253685, 0.9996484518051147, 0.02484799735248089, -0.02880859375], [-0.006858291570097208, 0.024911927059292793, -0.9996660947799683, 1.5680618286132812], [-0.9999337196350098, 0.009080699644982815, 0.007086419500410557, 0.044281005859375], [0.0, 0.0, 0.0, 1.0]], [[-0.9237217307090759, 0.383049875497818, 0.003306850092485547, 1.160614013671875], [-0.0026664105243980885, 0.0022028693929314613, -0.9999939799308777, 1.547811508178711], [-0.38305479288101196, -0.9237250685691833, -0.0010134702315554023, -0.043701171875], [0.0, 0.0, 0.0, 1.0]]], "view": [[0.0, -2.0, 100.0], [-2.0, 0.0, 100.0], [0.0, 0.0, 1.0]], "bev": "bev_e62479ba5cac4eec9e6cae3e08ebe628.png", "aux": "aux_e62479ba5cac4eec9e6cae3e08ebe628.npz", "visibility": "visibility_e62479ba5cac4eec9e6cae3e08ebe628.png", "pose": [[-0.8845735788345337, -0.466400682926178, 0.0, 1354.6240234375], [0.466400682926178, -0.8845735788345337, 0.0, 1456.974853515625], [0.0, 0.0, 1.0, 0.0], [0.0, 0.0, 0.0, 1.0]], "pose_inverse": [[-0.8845735788345337, 0.466400682926178, 0.0, 518.7305908203125], [-0.466400682926178, -0.8845735788345337, 0.0, 1920.5989990234375], [0.0, 0.0, 1.0, 0.0], [0.0, 0.0, 0.0, 1.0]], "cam_ids": [0, 1, 2, 3, 4, 5], "cam_channels": ["CAM_FRONT_LEFT", "CAM_FRONT", "CAM_FRONT_RIGHT", "CAM_BACK_LEFT", "CAM_BACK", "CAM_BACK_RIGHT"], "token": "e62479ba5cac4eec9e6cae3e08ebe628", "scene": "scene-0884"}, {"images": ["samples/CAM_FRONT_LEFT/n008-2018-09-18-14-54-39-0400__CAM_FRONT_LEFT__1537297417854799.jpg", "samples/CAM_FRONT/n008-2018-09-18-14-54-39-0400__CAM_FRONT__1537297417862404.jpg", "samples/CAM_FRONT_RIGHT/n008-2018-09-18-14-54-39-0400__CAM_FRONT_RIGHT__1537297417870482.jpg", "samples/CAM_BACK_LEFT/n008-2018-09-18-14-54-39-0400__CAM_BACK_LEFT__1537297417897405.jpg", "samples/CAM_BACK/n008-2018-09-18-14-54-39-0400__CAM_BACK__1537297417887558.jpg", "samples/CAM_BACK_RIGHT/n008-2018-09-18-14-54-39-0400__CAM_BACK_RIGHT__1537297417878113.jpg"], "intrinsics": [[[1257.8625342125129, 0.0, 827.2410631095686], [0.0, 1257.8625342125129, 450.915498205774], [0.0, 0.0, 1.0]], [[1252.8131021185304, 0.0, 826.588114781398], [0.0, 1252.8131021185304, 469.9846626224581], [0.0, 0.0, 1.0]], [[1256.7485116440405, 0.0, 817.7887570959712], [0.0, 1256.7485116440403, 451.9541780095127], [0.0, 0.0, 1.0]], [[1254.9860565800168, 0.0, 829.5769333630991], [0.0, 1254.9860565800168, 467.1680561863987], [0.0, 0.0, 1.0]], [[796.8910634503094, 0.0, 857.7774326863696], [0.0, 796.8910634503094, 476.8848988407415], [0.0, 0.0, 1.0]], [[1249.9629280788233, 0.0, 825.3768045375984], [0.0, 1249.9629280788233, 462.54816385708756], [0.0, 0.0, 1.0]]], "extrinsics": [[[0.8225314617156982, -0.5685970783233643, -0.011809805408120155, -1.00494384765625], [0.006456942763179541, 0.030100833624601364, -0.9995259642601013, 1.4882965087890625], [0.5686830878257751, 0.8220652937889099, 0.028430281206965446, -1.3333740234375], [0.0, 0.0, 0.0, 1.0]], [[0.010232808999717236, -0.9996120929718018, -0.02590041235089302, 0.0052490234375], [0.0084143728017807, 0.02598693035542965, -0.9996269345283508, 1.48016357421875], [0.9999122619628906, 0.010011091828346252, 0.00867703091353178, -1.7347412109375], [0.0, 0.0, 0.0, 1.0]], [[-0.8439955711364746, -0.5358507633209229, -0.023141037672758102, 1.0908203125], [0.01643427088856697, 0.01728839799761772, -0.9997154474258423, 1.493072509765625], [0.5360983610153198, -0.8441357016563416, -0.005785014946013689, -1.277587890625], [0.0, 0.0, 0.0, 1.0]], [[0.9478905200958252, 0.31859084963798523, 0.0018671363359317183, -1.1439208984375], [-0.00894257239997387, 0.03246375918388367, -0.9994328618049622, 1.562042236328125], [-0.3184708058834076, 0.9473362565040588, 0.033621110022068024, -0.1561279296875], [0.0, 0.0, 0.0, 1.0]], [[0.009250500239431858, 0.9996479749679565, 0.024868175387382507, -0.02880859375], [-0.00683057913556695, 0.024931829422712326, -0.9996657967567444, 1.5680580139160156], [-0.9999338984489441, 0.009077591821551323, 0.007058806251734495, 0.044219970703125], [0.0, 0.0, 0.0, 1.0]], [[-0.9237239956855774, 0.3830444812774658, 0.003279662923887372, 1.160552978515625], [-0.0026299713645130396, 0.002219783142209053, -0.9999940395355225, 1.547811508178711], [-0.3830493986606598, -0.9237272143363953, -0.0010430723195895553, -0.0438232421875], [0.0, 0.0, 0.0, 1.0]]], "view": [[0.0, -2.0, 100.0], [-2.0, 0.0, 100.0], [0.0, 0.0, 1.0]], "bev": "bev_c93efff7520c42318b23b404d6794969.png", "aux": "aux_c93efff7520c42318b23b404d6794969.npz", "visibility": "visibility_c93efff7520c42318b23b404d6794969.png", "pose": [[-0.8846102356910706, -0.4663311243057251, 0.0, 1354.6240234375], [0.4663311243057251, -0.8846102356910706, 0.0, 1456.9749755859375], [0.0, 0.0, 1.0, 0.0], [0.0, 0.0, 0.0, 1.0]], "pose_inverse": [[-0.8846102356910706, 0.4663311243057251, 0.0, 518.8814697265625], [-0.4663311243057251, -0.8846102356910706, 0.0, 1920.558349609375], [0.0, 0.0, 1.0, 0.0], [0.0, 0.0, 0.0, 1.0]], "cam_ids": [0, 1, 2, 3, 4, 5], "cam_channels": ["CAM_FRONT_LEFT", "CAM_FRONT", "CAM_FRONT_RIGHT", "CAM_BACK_LEFT", "CAM_BACK", "CAM_BACK_RIGHT"], "token": "c93efff7520c42318b23b404d6794969", "scene": "scene-0884"}, {"images": ["samples/CAM_FRONT_LEFT/n008-2018-09-18-14-54-39-0400__CAM_FRONT_LEFT__1537297418354799.jpg", "samples/CAM_FRONT/n008-2018-09-18-14-54-39-0400__CAM_FRONT__1537297418362404.jpg", "samples/CAM_FRONT_RIGHT/n008-2018-09-18-14-54-39-0400__CAM_FRONT_RIGHT__1537297418370482.jpg", "samples/CAM_BACK_LEFT/n008-2018-09-18-14-54-39-0400__CAM_BACK_LEFT__1537297418397405.jpg", "samples/CAM_BACK/n008-2018-09-18-14-54-39-0400__CAM_BACK__1537297418387612.jpg", "samples/CAM_BACK_RIGHT/n008-2018-09-18-14-54-39-0400__CAM_BACK_RIGHT__1537297418378113.jpg"], "intrinsics": [[[1257.8625342125129, 0.0, 827.2410631095686], [0.0, 1257.8625342125129, 450.915498205774], [0.0, 0.0, 1.0]], [[1252.8131021185304, 0.0, 826.588114781398], [0.0, 1252.8131021185304, 469.9846626224581], [0.0, 0.0, 1.0]], [[1256.7485116440405, 0.0, 817.7887570959712], [0.0, 1256.7485116440403, 451.9541780095127], [0.0, 0.0, 1.0]], [[1254.9860565800168, 0.0, 829.5769333630991], [0.0, 1254.9860565800168, 467.1680561863987], [0.0, 0.0, 1.0]], [[796.8910634503094, 0.0, 857.7774326863696], [0.0, 796.8910634503094, 476.8848988407415], [0.0, 0.0, 1.0]], [[1249.9629280788233, 0.0, 825.3768045375984], [0.0, 1249.9629280788233, 462.54816385708756], [0.0, 0.0, 1.0]]], "extrinsics": [[[0.8225186467170715, -0.5686154365539551, -0.011816446669399738, -1.0048828125], [0.006434751208871603, 0.03007930889725685, -0.9995267987251282, 1.4882926940917969], [0.5687016844749451, 0.8220533728599548, 0.028399690985679626, -1.3333740234375], [0.0, 0.0, 0.0, 1.0]], [[0.010216213762760162, -0.9996129274368286, -0.025875242426991463, 0.0052490234375], [0.008386853151023388, 0.025961339473724365, -0.9996277689933777, 1.48016357421875], [0.9999126195907593, 0.009995421394705772, 0.008648833259940147, -1.73468017578125], [0.0, 0.0, 0.0, 1.0]], [[-0.844001293182373, -0.5358431339263916, -0.023105569183826447, 1.0904541015625], [0.01640974171459675, 0.017260964959859848, -0.9997163414955139, 1.4930686950683594], [0.5360900163650513, -0.8441411256790161, -0.005775230936706066, -1.277587890625], [0.0, 0.0, 0.0, 1.0]], [[0.9478914737701416, 0.3185880780220032, 0.0018153461860492826, -1.143798828125], [-0.008977319113910198, 0.03240499272942543, -0.9994345307350159, 1.562042236328125], [-0.31846675276756287, 0.9473391175270081, 0.03357648476958275, -0.1561279296875], [0.0, 0.0, 0.0, 1.0]], [[0.009254742413759232, 0.9996488690376282, 0.024828147143125534, -0.0286865234375], [-0.006856962572783232, 0.024892069399356842, -0.9996666312217712, 1.5680580139160156], [-0.999933660030365, 0.009081444703042507, 0.007084924727678299, 0.04425048828125], [0.0, 0.0, 0.0, 1.0]], [[-0.9237213134765625, 0.38305097818374634, 0.0032857460901141167, 1.160736083984375], [-0.0026486804708838463, 0.002190527506172657, -0.9999940991401672, 1.5478105545043945], [-0.3830559253692627, -0.9237245917320251, -0.0010088571580126882, -0.043701171875], [0.0, 0.0, 0.0, 1.0]]], "view": [[0.0, -2.0, 100.0], [-2.0, 0.0, 100.0], [0.0, 0.0, 1.0]], "bev": "bev_0331061b6b4947b083fb41e09061a25b.png", "aux": "aux_0331061b6b4947b083fb41e09061a25b.npz", "visibility": "visibility_0331061b6b4947b083fb41e09061a25b.png", "pose": [[-0.8846179842948914, -0.4663164019584656, 0.0, 1354.6241455078125], [0.4663164019584656, -0.8846179842948914, 0.0, 1456.97509765625], [0.0, 0.0, 1.0, 0.0], [0.0, 0.0, 0.0, 1.0]], "pose_inverse": [[-0.8846179842948914, 0.4663164019584656, 0.0, 518.9135131835938], [-0.4663164019584656, -0.8846179842948914, 0.0, 1920.5498046875], [0.0, 0.0, 1.0, 0.0], [0.0, 0.0, 0.0, 1.0]], "cam_ids": [0, 1, 2, 3, 4, 5], "cam_channels": ["CAM_FRONT_LEFT", "CAM_FRONT", "CAM_FRONT_RIGHT", "CAM_BACK_LEFT", "CAM_BACK", "CAM_BACK_RIGHT"], "token": "0331061b6b4947b083fb41e09061a25b", "scene": "scene-0884"}, {"images": ["samples/CAM_FRONT_LEFT/n008-2018-09-18-14-54-39-0400__CAM_FRONT_LEFT__1537297418854799.jpg", "samples/CAM_FRONT/n008-2018-09-18-14-54-39-0400__CAM_FRONT__1537297418862404.jpg", "samples/CAM_FRONT_RIGHT/n008-2018-09-18-14-54-39-0400__CAM_FRONT_RIGHT__1537297418870482.jpg", "samples/CAM_BACK_LEFT/n008-2018-09-18-14-54-39-0400__CAM_BACK_LEFT__1537297418897405.jpg", "samples/CAM_BACK/n008-2018-09-18-14-54-39-0400__CAM_BACK__1537297418887567.jpg", "samples/CAM_BACK_RIGHT/n008-2018-09-18-14-54-39-0400__CAM_BACK_RIGHT__1537297418878113.jpg"], "intrinsics": [[[1257.8625342125129, 0.0, 827.2410631095686], [0.0, 1257.8625342125129, 450.915498205774], [0.0, 0.0, 1.0]], [[1252.8131021185304, 0.0, 826.588114781398], [0.0, 1252.8131021185304, 469.9846626224581], [0.0, 0.0, 1.0]], [[1256.7485116440405, 0.0, 817.7887570959712], [0.0, 1256.7485116440403, 451.9541780095127], [0.0, 0.0, 1.0]], [[1254.9860565800168, 0.0, 829.5769333630991], [0.0, 1254.9860565800168, 467.1680561863987], [0.0, 0.0, 1.0]], [[796.8910634503094, 0.0, 857.7774326863696], [0.0, 796.8910634503094, 476.8848988407415], [0.0, 0.0, 1.0]], [[1249.9629280788233, 0.0, 825.3768045375984], [0.0, 1249.9629280788233, 462.54816385708756], [0.0, 0.0, 1.0]]], "extrinsics": [[[0.8225311040878296, -0.568597674369812, -0.011806228198111057, -1.0048828125], [0.006401728838682175, 0.030014704912900925, -0.9995289444923401, 1.4882926940917969], [0.5686842203140259, 0.8220680356025696, 0.02832803502678871, -1.3333740234375], [0.0, 0.0, 0.0, 1.0]], [[0.01022814679890871, -0.9996142983436584, -0.025816187262535095, 0.00537109375], [0.008362172171473503, 0.025902140885591507, -0.9996294975280762, 1.4801597595214844], [0.999912679195404, 0.010008455254137516, 0.008623877540230751, -1.734619140625], [0.0, 0.0, 0.0, 1.0]], [[-0.8440004587173462, -0.5358467698097229, -0.0230545774102211, 1.0908203125], [0.016384778544306755, 0.017205122858285904, -0.999717652797699, 1.493072509765625], [0.536092221736908, -0.8441399335861206, -0.005741401109844446, -1.2777099609375], [0.0, 0.0, 0.0, 1.0]], [[0.9478897452354431, 0.3185935914516449, 0.001800808822736144, -1.1439208984375], [-0.008983843959867954, 0.032378192991018295, -0.999435305595398, 1.5620384216308594], [-0.3184719979763031, 0.9473382830619812, 0.03355314955115318, -0.15625], [0.0, 0.0, 0.0, 1.0]], [[0.0092537896707654, 0.999650239944458, 0.024774853140115738, -0.0289306640625], [-0.006867111660540104, 0.02483886107802391, -0.9996678829193115, 1.5680580139160156], [-0.9999336004257202, 0.009080614894628525, 0.0070945625