[{"images": ["samples/CAM_FRONT_LEFT/n015-2018-09-27-15-33-17+0800__CAM_FRONT_LEFT__1538033852754844.jpg", "samples/CAM_FRONT/n015-2018-09-27-15-33-17+0800__CAM_FRONT__1538033852762460.jpg", "samples/CAM_FRONT_RIGHT/n015-2018-09-27-15-33-17+0800__CAM_FRONT_RIGHT__1538033852770339.jpg", "samples/CAM_BACK_LEFT/n015-2018-09-27-15-33-17+0800__CAM_BACK_LEFT__1538033852797423.jpg", "samples/CAM_BACK/n015-2018-09-27-15-33-17+0800__CAM_BACK__1538033852787525.jpg", "samples/CAM_BACK_RIGHT/n015-2018-09-27-15-33-17+0800__CAM_BACK_RIGHT__1538033852777893.jpg"], "intrinsics": [[[1272.5979470598488, 0.0, 826.6154927353808], [0.0, 1272.5979470598488, 479.75165386361925], [0.0, 0.0, 1.0]], [[1266.417203046554, 0.0, 816.2670197447984], [0.0, 1266.417203046554, 491.50706579294757], [0.0, 0.0, 1.0]], [[1260.8474446004698, 0.0, 807.968244525554], [0.0, 1260.8474446004698, 495.3344268742088], [0.0, 0.0, 1.0]], [[1256.7414812095406, 0.0, 792.1125740759628], [0.0, 1256.7414812095406, 492.7757465151356], [0.0, 0.0, 1.0]], [[809.2209905677063, 0.0, 829.2196003259838], [0.0, 809.2209905677063, 481.77842384512485], [0.0, 0.0, 1.0]], [[1259.5137405846733, 0.0, 807.2529053838625], [0.0, 1259.5137405846733, 501.19579884916527], [0.0, 0.0, 1.0]]], "extrinsics": [[[0.8141508102416992, -0.5806108117103577, 0.007046679966151714, -0.7900390625], [0.011721723712980747, 0.004300850443542004, -0.9999220371246338, 1.5107231140136719], [0.5805351734161377, 0.8141699433326721, 0.01030729990452528, -1.15966796875], [0.0, 0.0, 0.0, 1.0]], [[-0.003666510572656989, -0.9999932050704956, -0.0003672083839774132, 0.0068359375], [0.006384850014001131, 0.00034379298449493945, -0.999979555606842, 1.5216484069824219], [0.9999728798866272, -0.0036687885876744986, 0.006383545231074095, -1.517333984375], [0.0, 0.0, 0.0, 1.0]], [[-0.8367584943771362, -0.5472151041030884, -0.01976833865046501, 0.919677734375], [0.012157609686255455, 0.017526669427752495, -0.9997724890708923, 1.5052566528320312], [0.5474370121955872, -0.8368085026741028, -0.008012762293219566, -1.17242431640625], [0.0, 0.0, 0.0, 1.0]], [[0.9478262662887573, 0.3184010088443756, 0.01569114625453949, -1.13525390625], [0.020871669054031372, -0.012865179218351841, -0.9996994137763977, 1.5886898040771484], [-0.3181033730506897, 0.947868824005127, -0.018839513882994652, -0.105224609375], [0.0, 0.0, 0.0, 1.0]], [[0.005404631607234478, 0.9999815821647644, -0.0027905795723199844, 0.0028076171875], [-0.004627074580639601, -0.0027655819430947304, -0.9999855160713196, 1.5791130065917969], [-0.9999747276306152, 0.00541747035458684, 0.004612040240317583, -0.051025390625], [0.0, 0.0, 0.0, 1.0]], [[-0.9326896667480469, 0.36002832651138306, -0.021668152883648872, 1.043701171875], [0.028019698336720467, 0.012431557290256023, -0.9995300769805908, 1.55419921875], [-0.3595898151397705, -0.9328585863113403, -0.021682672202587128, -0.097900390625], [0.0, 0.0, 0.0, 1.0]]], "view": [[0.0, -2.0, 100.0], [-2.0, 0.0, 100.0], [0.0, 0.0, 1.0]], "bev": "bev_e5ca1f8eda3e47a896d408d03f7ef31e.png", "aux": "aux_e5ca1f8eda3e47a896d408d03f7ef31e.npz", "visibility": "visibility_e5ca1f8eda3e47a896d408d03f7ef31e.png", "pose": [[0.9718201160430908, -0.23572377860546112, 0.0, 1602.8038330078125], [0.23572377860546112, 0.9718201160430908, 0.0, 2482.581787109375], [0.0, 0.0, 1.0, 0.0], [0.0, 0.0, 0.0, 1.0]], "pose_inverse": [[0.9718201160430908, 0.23572377860546112, 0.0, -2142.840576171875], [-0.23572377860546112, 0.9718201160430908, 0.0, -2034.8038330078125], [0.0, 0.0, 1.0, 0.0], [0.0, 0.0, 0.0, 1.0]], "cam_ids": [0, 1, 2, 3, 4, 5], "cam_channels": ["CAM_FRONT_LEFT", "CAM_FRONT", "CAM_FRONT_RIGHT", "CAM_BACK_LEFT", "CAM_BACK", "CAM_BACK_RIGHT"], "token": "e5ca1f8eda3e47a896d408d03f7ef31e", "scene": "scene-0410"}, {"images": ["samples/CAM_FRONT_LEFT/n015-2018-09-27-15-33-17+0800__CAM_FRONT_LEFT__1538033853254844.jpg", "samples/CAM_FRONT/n015-2018-09-27-15-33-17+0800__CAM_FRONT__1538033853262460.jpg", "samples/CAM_FRONT_RIGHT/n015-2018-09-27-15-33-17+0800__CAM_FRONT_RIGHT__1538033853270339.jpg", "samples/CAM_BACK_LEFT/n015-2018-09-27-15-33-17+0800__CAM_BACK_LEFT__1538033853297423.jpg", "samples/CAM_BACK/n015-2018-09-27-15-33-17+0800__CAM_BACK__1538033853287525.jpg", "samples/CAM_BACK_RIGHT/n015-2018-09-27-15-33-17+0800__CAM_BACK_RIGHT__1538033853277893.jpg"], "intrinsics": [[[1272.5979470598488, 0.0, 826.6154927353808], [0.0, 1272.5979470598488, 479.75165386361925], [0.0, 0.0, 1.0]], [[1266.417203046554, 0.0, 816.2670197447984], [0.0, 1266.417203046554, 491.50706579294757], [0.0, 0.0, 1.0]], [[1260.8474446004698, 0.0, 807.968244525554], [0.0, 1260.8474446004698, 495.3344268742088], [0.0, 0.0, 1.0]], [[1256.7414812095406, 0.0, 792.1125740759628], [0.0, 1256.7414812095406, 492.7757465151356], [0.0, 0.0, 1.0]], [[809.2209905677063, 0.0, 829.2196003259838], [0.0, 809.2209905677063, 481.77842384512485], [0.0, 0.0, 1.0]], [[1259.5137405846733, 0.0, 807.2529053838625], [0.0, 1259.5137405846733, 501.19579884916527], [0.0, 0.0, 1.0]]], "extrinsics": [[[0.8182796835899353, -0.5746139287948608, 0.015400557778775692, -0.76666259765625], [0.021597517654299736, 0.003960857167840004, -0.9997588992118835, 1.5134315490722656], [0.5744143724441528, 0.8184150457382202, 0.015651322901248932, -1.144775390625], [0.0, 0.0, 0.0, 1.0]], [[0.0023086536675691605, -0.9999972581863403, 0.0002001454122364521, 0.0079345703125], [0.01628774404525757, -0.00016251664783339947, -0.9998673796653748, 1.523773193359375], [0.9998646378517151, 0.0023116047959774733, 0.01628732495009899, -1.493896484375], [0.0, 0.0, 0.0, 1.0]], [[-0.8339922428131104, -0.5510827302932739, -0.02765212580561638, 0.903564453125], [0.0219415295869112, 0.01695285737514496, -0.9996154308319092, 1.5070343017578125], [0.5513396263122559, -0.8342783451080322, -0.0020469529554247856, -1.161102294921875], [0.0, 0.0, 0.0, 1.0]], [[0.9475916624069214, 0.3185422122478485, 0.02451254613697529, -1.134521484375], [0.030421657487750053, -0.013588065281510353, -0.9994447827339172, 1.5888099670410156], [-0.31803223490715027, 0.9478113055229187, -0.022566519677639008, -0.1064453125], [0.0, 0.0, 0.0, 1.0]], [[0.003705143230035901, 0.999987006187439, -0.003490035654976964, 0.001953125], [0.00507754972204566, -0.003508827416226268, -0.9999809861183167, 1.5796747207641602], [-0.9999802112579346, 0.003687326330691576, -0.00509048392996192, -0.059814453125], [0.0, 0.0, 0.0, 1.0]], [[-0.9336161017417908, 0.356925904750824, -0.031063035130500793, 1.02880859375], [0.03777341917157173, 0.011843327432870865, -0.9992161393165588, 1.555755615234375], [-0.3562782108783722, -0.9340575933456421, -0.024539433419704437, -0.10302734375], [0.0, 0.0, 0.0, 1.0]]], "view": [[0.0, -2.0, 100.0], [-2.0, 0.0, 100.0], [0.0, 0.0, 1.0]], "bev": "bev_48c50741d3314b9fa9d97b890947a955.png", "aux": "aux_48c50741d3314b9fa9d97b890947a955.npz", "visibility": "visibility_48c50741d3314b9fa9d97b890947a955.png", "pose": [[0.9506824612617493, -0.3101658225059509, 0.0, 1605.2728271484375], [0.3101658225059509, 0.9506824612617493, 0.0, 2483.26318359375], [0.0, 0.0, 1.0, 0.0], [0.0, 0.0, 0.0, 1.0]], "pose_inverse": [[0.9506824612617493, 0.3101658225059509, 0.0, -2296.328125], [-0.3101658225059509, 0.9506824612617493, 0.0, -1862.89404296875], [0.0, 0.0, 1.0, 0.0], [0.0, 0.0, 0.0, 1.0]], "cam_ids": [0, 1, 2, 3, 4, 5], "cam_channels": ["CAM_FRONT_LEFT", "CAM_FRONT", "CAM_FRONT_RIGHT", "CAM_BACK_LEFT", "CAM_BACK", "CAM_BACK_RIGHT"], "token": "48c50741d3314b9fa9d97b890947a955", "scene": "scene-0410"}, {"images": ["samples/CAM_FRONT_LEFT/n015-2018-09-27-15-33-17+0800__CAM_FRONT_LEFT__1538033853854844.jpg", "samples/CAM_FRONT/n015-2018-09-27-15-33-17+0800__CAM_FRONT__1538033853862460.jpg", "samples/CAM_FRONT_RIGHT/n015-2018-09-27-15-33-17+0800__CAM_FRONT_RIGHT__1538033853870339.jpg", "samples/CAM_BACK_LEFT/n015-2018-09-27-15-33-17+0800__CAM_BACK_LEFT__1538033853897423.jpg", "samples/CAM_BACK/n015-2018-09-27-15-33-17+0800__CAM_BACK__1538033853887525.jpg", "samples/CAM_BACK_RIGHT/n015-2018-09-27-15-33-17+0800__CAM_BACK_RIGHT__1538033853877893.jpg"], "intrinsics": [[[1272.5979470598488, 0.0, 826.6154927353808], [0.0, 1272.5979470598488, 479.75165386361925], [0.0, 0.0, 1.0]], [[1266.417203046554, 0.0, 816.2670197447984], [0.0, 1266.417203046554, 491.50706579294757], [0.0, 0.0, 1.0]], [[1260.8474446004698, 0.0, 807.968244525554], [0.0, 1260.8474446004698, 495.3344268742088], [0.0, 0.0, 1.0]], [[1256.7414812095406, 0.0, 792.1125740759628], [0.0, 1256.7414812095406, 492.7757465151356], [0.0, 0.0, 1.0]], [[809.2209905677063, 0.0, 829.2196003259838], [0.0, 809.2209905677063, 481.77842384512485], [0.0, 0.0, 1.0]], [[1259.5137405846733, 0.0, 807.2529053838625], [0.0, 1259.5137405846733, 501.19579884916527], [0.0, 0.0, 1.0]]], "extrinsics": [[[0.8203076720237732, -0.5718001127243042, 0.011826833710074425, -0.74951171875], [0.019367799162864685, 0.007106045261025429, -0.9997871518135071, 1.5132865905761719], [0.5715943574905396, 0.8203622102737427, 0.016903653740882874, -1.13330078125], [0.0, 0.0, 0.0, 1.0]], [[0.0051840380765497684, -0.9999821782112122, -0.0029679483268409967, 0.0078125], [0.013771794736385345, 0.0030391013715416193, -0.9999005794525146, 1.5235176086425781], [0.9998917579650879, 0.005142621695995331, 0.013787303119897842, -1.47509765625], [0.0, 0.0, 0.0, 1.0]], [[-0.8328151702880859, -0.5528878569602966, -0.02709183469414711, 0.8896484375], [0.019075563177466393, 0.020248105749487877, -0.9996129870414734, 1.5069046020507812], [0.5532224774360657, -0.833009660243988, -0.006316281855106354, -1.152374267578125], [0.0, 0.0, 0.0, 1.0]], [[0.9475631713867188, 0.31881630420684814, 0.021914463490247726, -1.1279296875], [0.02651512809097767, -0.010097092017531395, -0.9995973706245422, 1.5889472961425781], [-0.3184666633605957, 0.9477627873420715, -0.018021084368228912, -0.10858154296875], [0.0, 0.0, 0.0, 1.0]], [[0.0026657399721443653, 0.9999964237213135, -6.42561717540957e-05, 0.00244140625], [0.0015754234045743942, -6.845568714197725e-05, -0.9999988079071045, 1.5794748067855835], [-0.999995231628418, 0.0026656747795641422, -0.0015756002394482493, -0.070556640625], [0.0, 0.0, 0.0, 1.0]], [[-0.9343091249465942, 0.3554431200027466, -0.02695457823574543, 1.0155029296875], [0.034628674387931824, 0.015244662761688232, -0.9992839694023132, 1.5558929443359375], [-0.3547776937484741, -0.9345736503601074, -0.026551751419901848, -0.108642578125], [0.0, 0.0, 0.0, 1.0]]], "view": [[0.0, -2.0, 100.0], [-2.0, 0.0, 100.0], [0.0, 0.0, 1.0]], "bev": "bev_ccdbd683229448da8f03672971529bd7.png", "aux": "aux_ccdbd683229448da8f03672971529bd7.npz", "visibility": "visibility_ccdbd683229448da8f03672971529bd7.png", "pose": [[0.9463331699371338, -0.3231927752494812, 0.0, 1608.4853515625], [0.3231927752494812, 0.9463331699371338, 0.0, 2484.300048828125], [0.0, 0.0, 1.0, 0.0], [0.0, 0.0, 0.0, 1.0]], "pose_inverse": [[0.9463331699371338, 0.3231927752494812, 0.0, -2325.07080078125], [-0.3231927752494812, 0.9463331699371338, 0.0, -1831.1246337890625], [0.0, 0.0, 1.0, 0.0], [0.0, 0.0, 0.0, 1.0]], "cam_ids": [0, 1, 2, 3, 4, 5], "cam_channels": ["CAM_FRONT_LEFT", "CAM_FRONT", "CAM_FRONT_RIGHT", "CAM_BACK_LEFT", "CAM_BACK", "CAM_BACK_RIGHT"], "token": "ccdbd683229448da8f03672971529bd7", "scene": "scene-0410"}, {"images": ["samples/CAM_FRONT_LEFT/n015-2018-09-27-15-33-17+0800__CAM_FRONT_LEFT__1538033854354844.jpg", "samples/CAM_FRONT/n015-2018-09-27-15-33-17+0800__CAM_FRONT__1538033854362460.jpg", "samples/CAM_FRONT_RIGHT/n015-2018-09-27-15-33-17+0800__CAM_FRONT_RIGHT__1538033854370339.jpg", "samples/CAM_BACK_LEFT/n015-2018-09-27-15-33-17+0800__CAM_BACK_LEFT__1538033854397423.jpg", "samples/CAM_BACK/n015-2018-09-27-15-33-17+0800__CAM_BACK__1538033854387525.jpg", "samples/CAM_BACK_RIGHT/n015-2018-09-27-15-33-17+0800__CAM_BACK_RIGHT__1538033854377893.jpg"], "intrinsics": [[[1272.5979470598488, 0.0, 826.6154927353808], [0.0, 1272.5979470598488, 479.75165386361925], [0.0, 0.0, 1.0]], [[1266.417203046554, 0.0, 816.2670197447984], [0.0, 1266.417203046554, 491.50706579294757], [0.0, 0.0, 1.0]], [[1260.8474446004698, 0.0, 807.968244525554], [0.0, 1260.8474446004698, 495.3344268742088], [0.0, 0.0, 1.0]], [[1256.7414812095406, 0.0, 792.1125740759628], [0.0, 1256.7414812095406, 492.7757465151356], [0.0, 0.0, 1.0]], [[809.2209905677063, 0.0, 829.2196003259838], [0.0, 809.2209905677063, 481.77842384512485], [0.0, 0.0, 1.0]], [[1259.5137405846733, 0.0, 807.2529053838625], [0.0, 1259.5137405846733, 501.19579884916527], [0.0, 0.0, 1.0]]], "extrinsics": [[[0.8206817507743835, -0.5713546276092529, -0.005932493135333061, -0.73211669921875], [-0.0011386934202164412, 0.008747207000851631, -0.9999610781669617, 1.5078935623168945], [0.5713842511177063, 0.8206565976142883, 0.006528075784444809, -1.123291015625], [0.0, 0.0, 0.0, 1.0]], [[0.005657173227518797, -0.999972403049469, -0.004808610770851374, 0.0096435546875], [-0.006629778537899256, 0.004771076142787933, -0.9999666810035706, 1.518974781036377], [0.9999620318412781, 0.005688866600394249, -0.006602604407817125, -1.45947265625], [0.0, 0.0, 0.0, 1.0]], [[-0.8329048752784729, -0.5533027052879333, -0.011198889464139938, 0.8818359375], [-0.0012145232176408172, 0.022063393145799637, -0.9997557997703552, 1.5033531188964844], [0.5534147024154663, -0.8326879739761353, -0.01904870755970478, -1.1451416015625], [0.0, 0.0, 0.0, 1.0]], [[0.9477581977844238, 0.31896713376045227, 0.003792773000895977, -1.128173828125], [0.006713110022246838, -0.008056757971644402, -0.9999449849128723, 1.58865487575531], [-0.31891897320747375, 0.9477314949035645, -0.009777119383215904, -0.10858154296875], [0.0, 0.0, 0.0, 1.0]], [[0.002306301612406969, 0.9999956488609314, 0.0018369940808042884, 0.00146484375], [-0.018432194367051125, 0.001879197545349598, -0.9998283386230469, 1.5779647827148438], [-0.9998274445533752, 0.0022720308043062687, 0.01843644678592682, -0.073486328125], [0.0, 0.0, 0.0, 1.0]], [[-0.9348433613777161, 0.35498225688934326, -0.007446295116096735, 1.009033203125], [0.01446581818163395, 0.01712437905371189, -0.9997487664222717, 1.5533638000488281], [-0.35476553440093994, -0.9347162246704102, -0.021143721416592598, -0.109375], [0.0, 0.0, 0.0, 1.0]]], "view": [[0.0, -2.0, 100.0], [-2.0, 0.0, 100.0], [0.0, 0.0, 1.0]], "bev": "bev_9ae278e12f214ef398c8a507c85802d4.png", "aux": "aux_9ae278e12f214ef398c8a507c85802d4.npz", "visibility": "visibility_9ae278e12f214ef398c8a507c85802d4.png", "pose": [[0.9451434016227722, -0.32665562629699707, 0.0, 1611.3150634765625], [0.32665562629699707, 0.9451434016227722, 0.0, 2485.242431640625], [0.0, 0.0, 1.0, 0.0], [0.0, 0.0, 0.0, 1.0]], "pose_inverse": [[0.9451434016227722, 0.32665562629699707, 0.0, -2334.7421875], [-0.32665562629699707, 0.9451434016227722, 0.0, -1822.5654296875], [0.0, 0.0, 1.0, 0.0], [0.0, 0.0, 0.0, 1.0]], "cam_ids": [0, 1, 2, 3, 4, 5], "cam_channels": ["CAM_FRONT_LEFT", "CAM_FRONT", "CAM_FRONT_RIGHT", "CAM_BACK_LEFT", "CAM_BACK", "CAM_BACK_RIGHT"], "token": "9ae278e12f214ef398c8a507c85802d4", "scene": "scene-0410"}, {"images": ["samples/CAM_FRONT_LEFT/n015-2018-09-27-15-33-17+0800__CAM_FRONT_LEFT__1538033854854844.jpg", "samples/CAM_FRONT/n015-2018-09-27-15-33-17+0800__CAM_FRONT__1538033854862460.jpg", "samples/CAM_FRONT_RIGHT/n015-2018-09-27-15-33-17+0800__CAM_FRONT_RIGHT__1538033854870339.jpg", "samples/CAM_BACK_LEFT/n015-2018-09-27-15-33-17+0800__CAM_BACK_LEFT__1538033854897423.jpg", "samples/CAM_BACK/n015-2018-09-27-15-33-17+0800__CAM_BACK__1538033854887525.jpg", "samples/CAM_BACK_RIGHT/n015-2018-09-27-15-33-17+0800__CAM_BACK_RIGHT__1538033854877893.jpg"], "intrinsics": [[[1272.5979470598488, 0.0, 826.6154927353808], [0.0, 1272.5979470598488, 479.75165386361925], [0.0, 0.0, 1.0]], [[1266.417203046554, 0.0, 816.2670197447984], [0.0, 1266.417203046554, 491.50706579294757], [0.0, 0.0, 1.0]], [[1260.8474446004698, 0.0, 807.968244525554], [0.0, 1260.8474446004698, 495.3344268742088], [0.0, 0.0, 1.0]], [[1256.7414812095406, 0.0, 792.1125740759628], [0.0, 1256.7414812095406, 492.7757465151356], [0.0, 0.0, 1.0]], [[809.2209905677063, 0.0, 829.2196003259838], [0.0, 809.2209905677063, 481.77842384512485], [0.0, 0.0, 1.0]], [[1259.5137405846733, 0.0, 807.2529053838625], [0.0, 1259.5137405846733, 501.19579884916527], [0.0, 0.0, 1.0]]], "extrinsics": [[[0.8196101188659668, -0.5726951956748962, -0.01611124351620674, -0.7196044921875], [-0.014099699445068836, 0.007949914783239365, -0.9998689889907837, 1.5040340423583984], [0.5727481842041016, 0.8197298645973206, -0.001558999647386372, -1.1123046875], [0.0, 0.0, 0.0, 1.0]], [[0.004207608290016651, -0.9999839067459106, -0.0038081943057477474, 0.00830078125], [-0.01969034969806671, 0.003724640468135476, -0.9997991919517517, 1.5156784057617188], [0.9997972249984741, 0.004281805362552404, -0.019674360752105713, -1.4462890625], [0.0, 0.0, 0.0, 1.0]], [[-0.8336243629455566, -0.5523316264152527, 0.00048472368507646024, 0.872314453125], [-0.014349151402711868, 0.020779607817530632, -0.9996810555458069, 1.5008354187011719], [0.5521453619003296, -0.8333654999732971, -0.02524787373840809, -1.14044189453125], [0.0, 0.0, 0.0, 1.0]], [[0.9477674961090088, 0.31881651282310486, -0.009628233499825, -1.131103515625], [-0.006822720170021057, -0.0099153658375144, -0.9999275207519531, 1.5884819030761719], [-0.3188888430595398, 0.9477645754814148, -0.007222265936434269, -0.10784912109375], [0.0, 0.0, 0.0, 1.0]], [[0.0028978080954402685, 0.9999958872795105, 0.00011089915642514825, 0.0023193359375], [-0.03180989995598793, 0.000203023329959251, -0.9994939565658569, 1.5768890380859375], [-0.9994897246360779, 0.002892856951802969, 0.03181035444140434, -0.075439453125], [0.0, 0.0, 0.0, 1.0]], [[-0.9345210194587708, 0.35588061809539795, 0.004421710502356291, 1.0025634765625], [0.0012246727710589767, 0.015639090910553932, -0.9998769760131836, 1.5515995025634766], [-0.3559059798717499, -0.9344006776809692, -0.015050896443426609, -0.11328125], [0.0, 0.0, 0.0, 1.0]]], "view": [[0.0, -2.0, 100.0], [-2.0, 0.0, 100.0], [0.0, 0.0, 1.0]], "bev": "bev_a73deb33e3554b2c8ac1482fec6511ed.png", "aux": "aux_a73deb33e3554b2c8ac1482fec6511ed.npz", "visibility": "visibility_a73deb33e3554b2c8ac1482fec6511ed.png", "pose": [[0.9414569735527039, -0.3371332287788391, 0.0, 1614.355712890625], [0.3371332287788391, 0.9414569735527039, 0.0, 2486.274658203125], [0.0, 0.0, 1.0, 0.0], [0.0, 0.0, 0.0, 1.0]], "pose_inverse": [[0.9414569735527039, 0.3371332287788391, 0.0, -2358.05224609375], [-0.3371332287788391, 0.9414569735527039, 0.0, -1796.4676513671875], [0.0, 0.0, 1.0, 0.0], [0.0, 0.0, 0.0, 1.0]], "cam_ids": [0, 1, 2, 3, 4, 5], "cam_channels": ["CAM_FRONT_LEFT", "CAM_FRONT", "CAM_FRONT_RIGHT", "CAM_BACK_LEFT", "CAM_BACK", "CAM_BACK_RIGHT"], "token": "a73deb33e3554b2c8ac1482fec6511ed", "scene": "scene-0410"}, {"images": ["samples/CAM_FRONT_LEFT/n015-2018-09-27-15-33-17+0800__CAM_FRONT_LEFT__1538033855354844.jpg", "samples/CAM_FRONT/n015-2018-09-27-15-33-17+0800__CAM_FRONT__1538033855362460.jpg", "samples/CAM_FRONT_RIGHT/n015-2018-09-27-15-33-17+0800__CAM_FRONT_RIGHT__1538033855370339.jpg", "samples/CAM_BACK_LEFT/n015-2018-09-27-15-33-17+0800__CAM_BACK_LEFT__1538033855397423.jpg", "samples/CAM_BACK/n015-2018-09-27-15-33-17+0800__CAM_BACK__1538033855387525.jpg", "samples/CAM_BACK_RIGHT/n015-2018-09-27-15-33-17+0800__CAM_BACK_RIGHT__1538033855377893.jpg"], "intrinsics": [[[1272.5979470598488, 0.0, 826.6154927353808], [0.0, 1272.5979470598488, 479.75165386361925], [0.0, 0.0, 1.0]], [[1266.417203046554, 0.0, 816.2670197447984], [0.0, 1266.417203046554, 491.50706579294757], [0.0, 0.0, 1.0]], [[1260.8474446004698, 0.0, 807.968244525554], [0.0, 1260.8474446004698, 495.3344268742088], [0.0, 0.0, 1.0]], [[1256.7414812095406, 0.0, 792.1125740759628], [0.0, 1256.7414812095406, 492.7757465151356], [0.0, 0.0, 1.0]], [[809.2209905677063, 0.0, 829.2196003259838], [0.0, 809.2209905677063, 481.77842384512485], [0.0, 0.0, 1.0]], [[1259.5137405846733, 0.0, 807.2529053838625], [0.0, 1259.5137405846733, 501.19579884916527], [0.0, 0.0, 1.0]]], "extrinsics": [[[0.8199480175971985, -0.5719318389892578, -0.024064892902970314, -0.7159423828125], [-0.033814795315265656, -0.006426886189728975, -0.9994074702262878, 1.4980316162109375], [0.5714383125305176, 0.8202759623527527, -0.02460947073996067, -1.10888671875], [0.0, 0.0, 0.0, 1.0]], [[0.005287568550556898, -0.9999326467514038, 0.010330057702958584, 0.0079345703125], [-0.03913393244147301, -0.010529203340411186, -0.9991785287857056, 1.5107879638671875], [0.9992199540138245, 0.004878937266767025, -0.03918696939945221, -1.443115234375], [0.0, 0.0, 0.0, 1.0]], [[-0.8329634070396423, -0.5527960062026978, 0.02425980567932129, 0.870361328125], [-0.03349711373448372, 0.006614035926759243, -0.9994168877601624, 1.4971084594726562], [0.5523132681846619, -0.8332903385162354, -0.02402632124722004, -1.139984130859375], [0.0, 0.0, 0.0, 1.0]], [[0.9474007487297058, 0.31852445006370544, -0.031208455562591553, -1.13525390625], [-0.024761242792010307, -0.024270884692668915, -0.9993987083435059, 1.5883865356445312], [-0.3190903067588806, 0.9476039409637451, -0.01510719582438469, -0.106201171875], [0.0, 0.0, 0.0, 1.0]], [[0.002507080789655447, 0.9998973608016968, -0.014108847826719284, 0.0023193359375], [-0.050187837332487106, -0.013965298421680927, -0.9986421465873718, 1.5755615234375], [-0.9987367391586304, 0.0032117979135364294, 0.05014767125248909, -0.073974609375], [0.0, 0.0, 0.0, 1.0]], [[-0.9345080256462097, 0.35553669929504395, 0.016982855275273323, 1.002685546875], [-0.01759689673781395, 0.0015069234650582075, -0.9998440146446228, 1.5489387512207031], [-0.35550686717033386, -0.9346611499786377, 0.004848107695579529, -0.113525390625], [0.0, 0.0, 0.0, 1.0]]], "view": [[0.0, -2.0, 100.0], [-2.0, 0.0, 100.0], [0.0, 0.0, 1.0]], "bev": "bev_67b22c6b82b5403dae50d7e9242d375c.png", "aux": "aux_67b22c6b82b5403dae50d7e9242d375c.npz", "visibility": "visibility_67b22c6b82b5403dae50d7e9242d375c.png", "pose": [[0.9387173056602478, -0.3446880877017975, 0.0, 1617.5533447265625], [0.3446880877017975, 0.9387173056602478, 0.0, 2487.411376953125], [0.0, 0.0, 1.0, 0.0], [0.0, 0.0, 0.0, 1.0]], "pose_inverse": [[0.9387173056602478, 0.3446880877017975, 0.0, -2375.806396484375], [-0.3446880877017975, 0.9387173056602478, 0.0, -1777.4246826171875], [0.0, 0.0, 1.0, 0.0], [0.0, 0.0, 0.0, 1.0]], "cam_ids": [0, 1, 2, 3, 4, 5], "cam_channels": ["CAM_FRONT_LEFT", "CAM_FRONT", "CAM_FRONT_RIGHT", "CAM_BACK_LEFT", "CAM_BACK", "CAM_BACK_RIGHT"], "token": "67b22c6b82b5403dae50d7e9242d375c", "scene": "scene-0410"}, {"images": ["samples/CAM_FRONT_LEFT/n015-2018-09-27-15-33-17+0800__CAM_FRONT_LEFT__1538033855854844.jpg", "samples/CAM_FRONT/n015-2018-09-27-15-33-17+0800__CAM_FRONT__1538033855862460.jpg", "samples/CAM_FRONT_RIGHT/n015-2018-09-27-15-33-17+0800__CAM_FRONT_RIGHT__1538033855870339.jpg", "samples/CAM_BACK_LEFT/n015-2018-09-27-15-33-17+0800__CAM_BACK_LEFT__1538033855897423.jpg", "samples/CAM_BACK/n015-2018-09-27-15-33-17+0800__CAM_BACK__1538033855887525.jpg", "samples/CAM_BACK_RIGHT/n015-2018-09-27-15-33-17+0800__CAM_BACK_RIGHT__1538033855877893.jpg"], "intrinsics": [[[1272.5979470598488, 0.0, 826.6154927353808], [0.0, 1272.5979470598488, 479.75165386361925], [0.0, 0.0, 1.0]], [[1266.417203046554, 0.0, 816.2670197447984], [0.0, 1266.417203046554, 491.50706579294757], [0.0, 0.0, 1.0]], [[1260.8474446004698, 0.0, 807.968244525554], [0.0, 1260.8474446004698, 495.3344268742088], [0.0, 0.0, 1.0]], [[1256.7414812095406, 0.0, 792.1125740759628], [0.0, 1256.7414812095406, 492.7757465151356], [0.0, 0.0, 1.0]], [[809.2209905677063, 0.0, 829.2196003259838], [0.0, 809.2209905677063, 481.77842384512485], [0.0, 0.0, 1.0]], [[1259.5137405846733, 0.0, 807.2529053838625], [0.0, 1259.5137405846733, 501.19579884916527], [0.0, 0.0, 1.0]]], "extrinsics": [[[0.8198148012161255, -0.5721441507339478, -0.0235548447817564, -0.70159912109375], [-0.04739556461572647, -0.02680387906730175, -0.9985164999961853, 1.4931488037109375], [0.5706639289855957, 0.8197149634361267, -0.04909130930900574, -1.099609375], [0.0, 0.0, 0.0, 1.0]], [[0.005843542516231537, -0.9995065331459045, 0.030862469226121902, 0.0081787109375], [-0.05257977172732353, -0.03112741746008396, -0.998131513595581, 1.506683349609375], [0.9985995888710022, 0.004209906794130802, -0.052735719829797745, -1.427978515625], [0.0, 0.0, 0.0, 1.0]], [[-0.8323690891265869, -0.5522381067276001, 0.04684858396649361, 0.860595703125], [-0.04681474342942238, -0.014170263893902302, -0.9988030791282654, 1.493988037109375], [0.5522409677505493, -0.8335660099983215, -0.014057994820177555, -1.13330078125], [0.0, 0.0, 0.0, 1.0]], [[0.9469292163848877, 0.31755679845809937, -0.049825917929410934, -1.135498046875], [-0.037416376173496246, -0.04506191983819008, -0.9982832074165344, 1.588287353515625], [-0.31925687193870544, 0.9471679329872131, -0.03078862652182579, -0.1060791015625], [0.0, 0.0, 0.0, 1.0]], [[0.0021620243787765503, 0.9993813037872314, -0.03510627895593643, 0.00244140625], [-0.06313265860080719, -0.03489992022514343, -0.9973947405815125, 1.5742950439453125], [-0.9980027675628662, 0.00437272759154439, 0.06301813572645187, -0.07861328125], [0.0, 0.0, 0.0, 1.0]], [[-0.9343074560165405, 0.35579657554626465, 0.021869732066988945, 0.9937744140625], [-0.03077881969511509, -0.019397683441638947, -0.9993379712104797, 1.5468063354492188], [-0.3551368713378906, -0.9343621730804443, 0.029074400663375854, -0.116943359375], [0.0, 0.0, 0.0, 1.0]]], "view": [[0.0, -2.0, 100.0], [-2.0, 0.0, 100.0], [0.0, 0.0, 1.0]], "bev": "bev_bf07b8e9089f4012a582011b5346b16c.png", "aux": "aux_bf07b8e9089f4012a582011b5346b16c.npz", "visibility": "visibility_bf07b8e9089f4012a582011b5346b16c.png", "pose": [[0.9383652210235596, -0.34564533829689026, 0.0, 1620.9366455078125], [0.34564533829689026, 0.9383652210235596, 0.0, 2488.632568359375], [0.0, 0.0, 1.0, 0.0], [0.0, 0.0, 0.0, 1.0]], "pose_inverse": [[0.9383652210235596, 0.34564533829689026, 0.0, -2381.21484375], [-0.34564533829689026, 0.9383652210235596, 0.0, -1774.97705078125], [0.0, 0.0, 1.0, 0.0], [0.0, 0.0, 0.0, 1.0]], "cam_ids": [0, 1, 2, 3, 4, 5], "cam_channels": ["CAM_FRONT_LEFT", "CAM_FRONT", "CAM_FRONT_RIGHT", "CAM_BACK_LEFT", "CAM_BACK", "CAM_BACK_RIGHT"], "token": "bf07b8e9089f4012a582011b5346b16c", "scene": "scene-0410"}, {"images": ["samples/CAM_FRONT_LEFT/n015-2018-09-27-15-33-17+0800__CAM_FRONT_LEFT__1538033856354844.jpg", "samples/CAM_FRONT/n015-2018-09-27-15-33-17+0800__CAM_FRONT__1538033856362460.jpg", "samples/CAM_FRONT_RIGHT/n015-2018-09-27-15-33-17+0800__CAM_FRONT_RIGHT__1538033856370339.jpg", "samples/CAM_BACK_LEFT/n015-2018-09-27-15-33-17+0800__CAM_BACK_LEFT__1538033856397423.jpg", "samples/CAM_BACK/n015-2018-09-27-15-33-17+0800__CAM_BACK__1538033856387525.jpg", "samples/CAM_BACK_RIGHT/n015-2018-09-27-15-33-17+0800__CAM_BACK_RIGHT__1538033856377893.jpg"], "intrinsics": [[[1272.5979470598488, 0.0, 826.6154927353808], [0.0, 1272.5979470598488, 479.75165386361925], [0.0, 0.0, 1.0]], [[1266.417203046554, 0.0, 816.2670197447984], [0.0, 1266.417203046554, 491.50706579294757], [0.0, 0.0, 1.0]], [[1260.8474446004698, 0.0, 807.968244525554], [0.0, 1260.8474446004698, 495.3344268742088], [0.0, 0.0, 1.0]], [[1256.7414812095406, 0.0, 792.1125740759628], [0.0, 1256.7414812095406, 492.7757465151356], [0.0, 0.0, 1.0]], [[809.2209905677063, 0.0, 829.2196003259838], [0.0, 809.2209905677063, 481.77842384512485], [0.0, 0.0, 1.0]], [[1259.5137405846733, 0.0, 807.2529053838625], [0.0, 1259.5137405846733, 501.19579884916527], [0.0, 0.0, 1.0]]], "extrinsics": [[[0.8202452063560486, -0.5719406604766846, -0.009034091606736183, -0.69964599609375], [-0.03091304376721382, -0.028552241623401642, -0.9991141557693481, 1.4984054565429688], [0.5711760520935059, 0.8197978734970093, -0.04110026732087135, -1.099609375], [0.0, 0.0, 0.0, 1.0]], [[0.005621922202408314, -0.9994678497314453, 0.03212961554527283, 0.00927734375], [-0.037071164697408676, -0.03231634572148323, -0.9987900257110596, 1.5108489990234375], [0.9992967844009399, 0.004424025304615498, -0.03723312169313431, -1.428466796875], [0.0, 0.0, 0.0, 1.0]], [[-0.8328142166137695, -0.5524345636367798, 0.03516249358654022, 0.862548828125], [-0.03236495330929756, -0.014818422496318817, -0.9993662238121033, 1.4970321655273438], [0.5526055097579956, -0.8334245085716248, -0.005538526456803083, -1.1338043212890625], [0.0, 0.0, 0.0, 1.0]], [[0.9472507834434509, 0.3180387318134308, -0.03958947956562042, -1.13330078125], [-0.026890940964221954, -0.044220902025699615, -0.9986597895622253, 1.5883331298828125], [-0.31936317682266235, 0.9470458626747131, -0.03333592414855957, -0.1070556640625], [0.0, 0.0, 0.0, 1.0]], [[0.0022281031124293804, 0.9993966221809387, -0.03466091305017471, 0.001953125], [-0.05113109201192856, -0.034501802176237106, -0.9980958104133606, 1.575347900390625], [-0.9986893534660339, 0.003996098414063454, 0.051023371517658234, -0.076904296875], [0.0, 0.0, 0.0, 1.0]], [[-0.9346116781234741, 0.3555479943752289, 0.009299765340983868, 0.997314453125], [-0.017388826236128807, -0.019561979919672012, -0.9996574521064758, 1.5489120483398438], [-0.35524430871009827, -0.9344533681869507, 0.024465419352054596, -0.114990234375], [0.0, 0.0, 0.0, 1.0]]], "view": [[0.0, -2.0, 100.0], [-2.0, 0.0, 100.0], [0.0, 0.0, 1.0]], "bev": "bev_67dae2dce0424251916f2a218b0440be.png", "aux": "aux_67dae2dce0424251916f2a218b0440be.npz", "visibility": "visibility_67dae2dce0424251916f2a218b0440be.png", "pose": [[0.9396466016769409, -0.34214648604393005, 0.0, 1624.4686279296875], [0.34214648604393005, 0.9396466016769409, 0.0, 2489.89697265625], [0.0, 0.0, 1.0, 0.0], [0.0, 0.0, 0.0, 1.0]], "pose_inverse": [[0.9396466016769409, 0.34214648604393005, 0.0, -2378.3359375], [-0.34214648604393005, 0.9396466016769409, 0.0, -1783.8170166015625], [0.0, 0.0, 1.0, 0.0], [0.0, 0.0, 0.0, 1.0]], "cam_ids": [0, 1, 2, 3, 4, 5], "cam_channels": ["CAM_FRONT_LEFT", "CAM_FRONT", "CAM_FRONT_RIGHT", "CAM_BACK_LEFT", "CAM_BACK", "CAM_BACK_RIGHT"], "token": "67dae2dce0424251916f2a218b0440be", "scene": "scene-0410"}, {"images": ["samples/CAM_FRONT_LEFT/n015-2018-09-27-15-33-17+0800__CAM_FRONT_LEFT__1538033856854844.jpg", "samples/CAM_FRONT/n015-2018-09-27-15-33-17+0800__CAM_FRONT__1538033856862460.jpg", "samples/CAM_FRONT_RIGHT/n015-2018-09-27-15-33-17+0800__CAM_FRONT_RIGHT__1538033856870339.jpg", "samples/CAM_BACK_LEFT/n015-2018-09-27-15-33-17+0800__CAM_BACK_LEFT__1538033856897423.jpg", "samples/CAM_BACK/n015-2018-09-27-15-33-17+0800__CAM_BACK__1538033856887525.jpg", "samples/CAM_BACK_RIGHT/n015-2018-09-27-15-33-17+0800__CAM_BACK_RIGHT__1538033856877893.jpg"], "intrinsics": [[[1272.5979470598488, 0.0, 826.6154927353808], [0.0, 1272.5979470598488, 479.75165386361925], [0.0, 0.0, 1.0]], [[1266.417203046554, 0.0, 816.2670197447984], [0.0, 1266.417203046554, 491.50706579294757], [0.0, 0.0, 1.0]], [[1260.8474446004698, 0.0, 807.968244525554], [0.0, 1260.8474446004698, 495.3344268742088], [0.0, 0.0, 1.0]], [[1256.7414812095406, 0.0, 792.1125740759628], [0.0, 1256.7414812095406, 492.7757465151356], [0.0, 0.0, 1.0]], [[809.2209905677063, 0.0, 829.2196003259838], [0.0, 809.2209905677063, 481.77842384512485], [0.0, 0.0, 1.0]], [[1259.5137405846733, 0.0, 807.2529053838625], [0.0, 1259.5137405846733, 501.19579884916527], [0.0, 0.0, 1.0]]], "extrinsics": [[[0.8202239871025085, -0.5720038414001465, -0.006658725440502167, -0.71136474609375], [-0.02121337130665779, -0.01878250204026699, -0.999598503112793, 1.5017318725585938], [0.5716490745544434, 0.820035994052887, -0.02753998525440693, -1.105224609375], [0.0, 0.0, 0.0, 1.0]], [[0.0052673728205263615, -0.9997274875640869, 0.02274298295378685, 0.00732421875], [-0.02615922875702381, -0.022873273119330406, -0.9993960857391357, 1.5139312744140625], [0.9996439218521118, 0.00466927420347929, -0.02627258002758026, -1.43896484375], [0.0, 0.0, 0.0, 1.0]], [[-0.8331203460693359, -0.5527274012565613, 0.020071594044566154, 0.869140625], [-0.020269695669412613, -0.005753362085670233, -0.9997779726982117, 1.4996604919433594], [0.5527201890945435, -0.8333422541618347, -0.006410372909158468, -1.139312744140625], [0.0, 0.0, 0.0, 1.0]], [[0.9476314187049866, 0.31858569383621216, -0.022313812747597694, -1.14111328125], [-0.011178641580045223, -0.03673776239156723, -0.9992623925209045, 1.5885391235351562], [-0.3191705346107483, 0.9471818804740906, -0.03125249966979027, -0.104248046875], [0.0, 0.0, 0.0, 1.0]], [[0.0024239439517259598, 0.9996464252471924, -0.026482127606868744, 0.0025634765625], [-0.036721304059028625, -0.026375366374850273, -0.9989774823188782, 1.57672119140625], [-0.9993225932121277, 0.0033939252607524395, 0.03664438799023628, -0.070068359375], [0.0, 0.0, 0.0, 1.0]], [[-0.934727668762207, 0.3553647994995117, 8.467691804980859e-05, 1.0030517578125], [-0.004227617289870977, -0.010881781578063965, -0.9999318718910217, 1.5508575439453125], [-0.3553396761417389, -0.9346643686294556, 0.01167384721338749, -0.113525390625], [0.0, 0.0, 0.0, 1.0]]], "view": [[0.0, -2.0, 100.0], [-2.0, 0.0, 100.0], [0.0, 0.0, 1.0]], "bev": "bev_c4383450647b40e5b9790a71a29f2e59.png", "aux": "aux_c4383450647b40e5b9790a71a29f2e59.npz", "visibility": "visibility_c4383450647b40e5b9790a71a29f2e59.png", "pose": [[0.9378566741943359, -0.3470229208469391, 0.0, 1627.915283203125], [0.3470229208469391, 0.9378566741943359, 0.0, 2491.14697265625], [0.0, 0.0, 1.0, 0.0], [0.0, 0.0, 0.0, 1.0]], "pose_inverse": [[0.9378566741943359, 0.3470229208469391, 0.0, -2391.236328125], [-0.3470229208469391, 0.9378566741943359, 0.0, -1771.414794921875], [0.0, 0.0, 1.0, 0.0], [0.0, 0.0, 0.0, 1.0]], "cam_ids": [0, 1, 2, 3, 4, 5], "cam_channels": ["CAM_FRONT_LEFT", "CAM_FRONT", "CAM_FRONT_RIGHT", "CAM_BACK_LEFT", "CAM_BACK", "CAM_BACK_RIGHT"], "token": "c4383450647b40e5b9790a71a29f2e59", "scene": "scene-0410"}, {"images": ["samples/CAM_FRONT_LEFT/n015-2018-09-27-15-33-17+0800__CAM_FRONT_LEFT__1538033857354844.jpg", "samples/CAM_FRONT/n015-2018-09-27-15-33-17+0800__CAM_FRONT__1538033857362460.jpg", "samples/CAM_FRONT_RIGHT/n015-2018-09-27-15-33-17+0800__CAM_FRONT_RIGHT__1538033857370339.jpg", "samples/CAM_BACK_LEFT/n015-2018-09-27-15-33-17+0800__CAM_BACK_LEFT__1538033857397423.jpg", "samples/CAM_BACK/n015-2018-09-27-15-33-17+0800__CAM_BACK__1538033857387525.jpg", "samples/CAM_BACK_RIGHT/n015-2018-09-27-15-33-17+0800__CAM_BACK_RIGHT__1538033857377893.jpg"], "intrinsics": [[[1272.5979470598488, 0.0, 826.6154927353808], [0.0, 1272.5979470598488, 479.75165386361925], [0.0, 0.0, 1.0]], [[1266.417203046554, 0.0, 816.2670197447984], [0.0, 1266.417203046554, 491.50706579294757], [0.0, 0.0, 1.0]], [[1260.8474446004698, 0.0, 807.968244525554], [0.0, 1260.8474446004698, 495.3344268742088], [0.0, 0.0, 1.0]], [[1256.7414812095406, 0.0, 792.1125740759628], [0.0, 1256.7414812095406, 492.7757465151356], [0.0, 0.0, 1.0]], [[809.2209905677063, 0.0, 829.2196003259838], [0.0, 809.2209905677063, 481.77842384512485], [0.0, 0.0, 1.0]], [[1259.5137405846733, 0.0, 807.2529053838625], [0.0, 1259.5137405846733, 501.19579884916527], [0.0, 0.0, 1.0]]], "extrinsics": [[[0.8209590911865234, -0.5709854960441589, 0.0013336585834622383, -0.713134765625], [-0.007100457791239023, -0.012544463388621807, -0.9998961091041565, 1.5060958862304688], [0.5709428191184998, 0.8208642601966858, -0.014352748170495033, -1.107177734375], [0.0, 0.0, 0.0, 1.0]], [[0.006041725631803274, -0.9998452067375183, 0.0165232066065073, 0.0079345703125], [-0.012123579159379005, -0.01659553498029709, -0.9997888207435608, 1.5175209045410156], [0.9999082088470459, 0.00584012595936656, -0.012221965938806534, -1.4423828125], [0.0, 0.0, 0.0, 1.0]], [[-0.8328140377998352, -0.5535311698913574, 0.004906440619379282, 0.8720703125], [-0.006245206575840712, 0.000532495672814548, -0.9999803304672241, 1.50244140625], [0.5535176396369934, -0.8328282833099365, -0.003900384297594428, -1.140869140625], [0.0, 0.0, 0.0, 1.0]], [[0.9477664828300476, 0.31888917088508606, -0.00696480693295598, -1.14599609375], [0.0029930947348475456, -0.03072616271674633, -0.9995233416557312, 1.5885391235351562], [-0.31895115971565247, 0.9472938179969788, -0.030075691640377045, -0.102294921875], [0.0, 0.0, 0.0, 1.0]], [[0.002288403455168009, 0.9997899532318115, -0.020366080105304718, 0.00244140625], [-0.022534441202878952, -0.02030939981341362, -0.9995397925376892, 1.577850341796875], [-0.9997434020042419, 0.002746284008026123, 0.022483231499791145, -0.0654296875], [0.0, 0.0, 0.0, 1.0]], [[-0.9348999857902527, 0.35474473237991333, -0.010872998274862766, 1.0068359375], [0.009859238751232624, -0.004665188025683165, -0.9999405145645142, 1.5528173446655273], [-0.3547743856906891, -0.9349516034126282, 0.0008639702573418617, -0.112060546875], [0.0, 0.0, 0.0, 1.0]]], "view": [[0.0, -2.0, 100.0], [-2.0, 0.0, 100.0], [0.0, 0.0, 1.0]], "bev": "bev_113bba80662946479dc5012fb9cc19de.png", "aux": "aux_113bba80662946479dc5012fb9cc19de.npz", "visibility": "visibility_113bba80662946479dc5012fb9cc19de.png", "pose": [[0.9362429976463318, -0.3513532280921936, 0.0, 1631.3997802734375], [0.3513532280921936, 0.9362429976463318, 0.0, 2492.421630859375], [0.0, 0.0, 1.0, 0.0], [0.0, 0.0, 0.0, 1.0]], "pose_inverse": [[0.9362429976463318, 0.3513532280921936, 0.0, -2403.10693359375], [-0.3513532280921936, 0.9362429976463318, 0.0, -1760.314697265625], [0.0, 0.0, 1.0, 0.0], [0.0, 0.0, 0.0, 1.0]], "cam_ids": [0, 1, 2, 3, 4, 5], "cam_channels": ["CAM_FRONT_LEFT", "CAM_FRONT", "CAM_FRONT_RIGHT", "CAM_BACK_LEFT", "CAM_BACK", "CAM_BACK_RIGHT"], "token": "113bba80662946479dc5012fb9cc19de", "scene": "scene-0410"}, {"images": ["samples/CAM_FRONT_LEFT/n015-2018-09-27-15-33-17+0800__CAM_FRONT_LEFT__1538033857854844.jpg", "samples/CAM_FRONT/n015-2018-09-27-15-33-17+0800__CAM_FRONT__1538033857862460.jpg", "samples/CAM_FRONT_RIGHT/n015-2018-09-27-15-33-17+0800__CAM_FRONT_RIGHT__1538033857870339.jpg", "samples/CAM_BACK_LEFT/n015-2018-09-27-15-33-17+0800__CAM_BACK_LEFT__1538033857897423.jpg", "samples/CAM_BACK/n015-2018-09-27-15-33-17+0800__CAM_BACK__1538033857887525.jpg", "samples/CAM_BACK_RIGHT/n015-2018-09-27-15-33-17+0800__CAM_BACK_RIGHT__1538033857877893.jpg"], "intrinsics": [[[1272.5979470598488, 0.0, 826.6154927353808], [0.0, 1272.5979470598488, 479.75165386361925], [0.0, 0.0, 1.0]], [[1266.417203046554, 0.0, 816.2670197447984], [0.0, 1266.417203046554, 491.50706579294757], [0.0, 0.0, 1.0]], [[1260.8474446004698, 0.0, 807.968244525554], [0.0, 1260.8474446004698, 495.3344268742088], [0.0, 0.0, 1.0]], [[1256.7414812095406, 0.0, 792.1125740759628], [0.0, 1256.7414812095406, 492.7757465151356], [0.0, 0.0, 1.0]], [[809.2209905677063, 0.0, 829.2196003259838], [0.0, 809.2209905677063, 481.77842384512485], [0.0, 0.0, 1.0]], [[1259.5137405846733, 0.0, 807.2529053838625], [0.0, 1259.5137405846733, 501.19579884916527], [0.0, 0.0, 1.0]]], "extrinsics": [[[0.8205668330192566, -0.5715436339378357, -0.002833927283063531, -0.72698974609375], [-0.018604395911097527, -0.021754039451479912, -0.999590277671814, 1.5028533935546875], [0.5712477564811707, 0.8202832937240601, -0.028483863919973373, -1.115234375], [0.0, 0.0, 0.0, 1.0]], [[0.005706300958991051, -0.9996495842933655, 0.025850357487797737, 0.006591796875], [-0.02353125996887684, -0.025977857410907745, -0.9993855357170105, 1.51495361328125], [0.9997068047523499, 0.005094488617032766, -0.02367124892771244, -1.45556640625], [0.0, 0.0, 0.0, 1.0]], [[-0.8329415321350098, -0.5530157089233398, 0.019546983763575554, 0.880126953125], [-0.017527444288134575, -0.008939824998378754, -0.9998064041137695, 1.5004425048828125], [0.5530833601951599, -0.8331229090690613, -0.0022465989459306, -1.1474227905273438], [0.0, 0.0, 0.0, 1.0]], [[0.9477693438529968, 0.3183346092700958, -0.019907278940081596, -1.14501953125], [-0.007587057538330555, -0.03989536687731743, -0.9991750121116638, 1.5885238647460938], [-0.31886616349220276, 0.9471386075019836, -0.03539638593792915, -0.10137939453125], [0.0, 0.0, 0.0, 1.0]], [[0.0024226417299360037, 0.9995543956756592, -0.029749922454357147, 0.00341796875], [-0.03347070515155792, -0.02965228632092476, -0.9989997148513794, 1.5771942138671875], [-0.9994367957115173, 0.00341595779173