[{"images": ["samples/CAM_FRONT_LEFT/n008-2018-08-28-16-16-48-0400__CAM_FRONT_LEFT__1535487982754799.jpg", "samples/CAM_FRONT/n008-2018-08-28-16-16-48-0400__CAM_FRONT__1535487982762404.jpg", "samples/CAM_FRONT_RIGHT/n008-2018-08-28-16-16-48-0400__CAM_FRONT_RIGHT__1535487982770482.jpg", "samples/CAM_BACK_LEFT/n008-2018-08-28-16-16-48-0400__CAM_BACK_LEFT__1535487982797405.jpg", "samples/CAM_BACK/n008-2018-08-28-16-16-48-0400__CAM_BACK__1535487982787558.jpg", "samples/CAM_BACK_RIGHT/n008-2018-08-28-16-16-48-0400__CAM_BACK_RIGHT__1535487982778113.jpg"], "intrinsics": [[[1257.8625342125129, 0.0, 827.2410631095686], [0.0, 1257.8625342125129, 450.915498205774], [0.0, 0.0, 1.0]], [[1252.8131021185304, 0.0, 826.588114781398], [0.0, 1252.8131021185304, 469.9846626224581], [0.0, 0.0, 1.0]], [[1256.7485116440405, 0.0, 817.7887570959712], [0.0, 1256.7485116440403, 451.9541780095127], [0.0, 0.0, 1.0]], [[1254.9860565800168, 0.0, 829.5769333630991], [0.0, 1254.9860565800168, 467.1680561863987], [0.0, 0.0, 1.0]], [[796.8910634503094, 0.0, 857.7774326863696], [0.0, 796.8910634503094, 476.8848988407415], [0.0, 0.0, 1.0]], [[1249.9629280788233, 0.0, 825.3768045375984], [0.0, 1249.9629280788233, 462.54816385708756], [0.0, 0.0, 1.0]]], "extrinsics": [[[0.8221437335014343, -0.5690507888793945, -0.016156340017914772, -0.94757080078125], [0.0057458048686385155, 0.03667350113391876, -0.9993107914924622, 1.4886894226074219], [0.5692510008811951, 0.8214842677116394, 0.033420540392398834, -1.2939453125], [0.0, 0.0, 0.0, 1.0]], [[0.009673075750470161, -0.9994392991065979, -0.03205496072769165, 0.0062255859375], [0.007891757413744926, 0.03213176131248474, -0.9994524717330933, 1.4806060791015625], [0.9999220967292786, 0.009414753876626492, 0.008198145776987076, -1.6775970458984375], [0.0, 0.0, 0.0, 1.0]], [[-0.8442321419715881, -0.5353517532348633, -0.0258954968303442, 1.05389404296875], [0.016098927706480026, 0.0229644812643528, -0.9996066093444824, 1.4937705993652344], [0.5357357859611511, -0.8443169593811035, -0.010768764652311802, -1.2540283203125], [0.0, 0.0, 0.0, 1.0]], [[0.9479216933250427, 0.3184848427772522, 0.0034467163495719433, -1.1448974609375], [-0.008639369159936905, 0.036528363823890686, -0.9992952942848206, 1.5620498657226562], [-0.31838637590408325, 0.9472239017486572, 0.037377532571554184, -0.15576171875], [0.0, 0.0, 0.0, 1.0]], [[0.00944531336426735, 0.9995192289352417, 0.029530735686421394, -0.02880859375], [-0.006679065991193056, 0.029594454914331436, -0.9995396733283997, 1.5679588317871094], [-0.999933123588562, 0.009243722073733807, 0.006955384276807308, 0.02906036376953125], [0.0, 0.0, 0.0, 1.0]], [[-0.9236032366752625, 0.383311003446579, 0.005444767419248819, 1.13201904296875], [-0.0028007931541651487, 0.0074554914608597755, -0.9999682903289795, 1.5477256774902344], [-0.3833395540714264, -0.9235891699790955, -0.005812341347336769, -0.055419921875], [0.0, 0.0, 0.0, 1.0]]], "view": [[0.0, -2.0, 100.0], [-2.0, 0.0, 100.0], [0.0, 0.0, 1.0]], "bev": "bev_71badc8ff294450f9e270a8a12037458.png", "aux": "aux_71badc8ff294450f9e270a8a12037458.npz", "visibility": "visibility_71badc8ff294450f9e270a8a12037458.png", "pose": [[-0.8389631509780884, -0.5441882014274597, 0.0, 793.3058471679688], [0.5441882014274597, -0.8389631509780884, 0.0, 1393.39453125], [0.0, 0.0, 1.0, 0.0], [0.0, 0.0, 0.0, 1.0]], "pose_inverse": [[-0.8389631509780884, 0.5441882014274597, 0.0, -92.7144775390625], [-0.5441882014274597, -0.8389631509780884, 0.0, 1600.71435546875], [0.0, 0.0, 1.0, 0.0], [0.0, 0.0, 0.0, 1.0]], "cam_ids": [0, 1, 2, 3, 4, 5], "cam_channels": ["CAM_FRONT_LEFT", "CAM_FRONT", "CAM_FRONT_RIGHT", "CAM_BACK_LEFT", "CAM_BACK", "CAM_BACK_RIGHT"], "token": "71badc8ff294450f9e270a8a12037458", "scene": "scene-0677"}, {"images": ["samples/CAM_FRONT_LEFT/n008-2018-08-28-16-16-48-0400__CAM_FRONT_LEFT__1535487983154799.jpg", "samples/CAM_FRONT/n008-2018-08-28-16-16-48-0400__CAM_FRONT__1535487983162404.jpg", "samples/CAM_FRONT_RIGHT/n008-2018-08-28-16-16-48-0400__CAM_FRONT_RIGHT__1535487983170482.jpg", "samples/CAM_BACK_LEFT/n008-2018-08-28-16-16-48-0400__CAM_BACK_LEFT__1535487983197405.jpg", "samples/CAM_BACK/n008-2018-08-28-16-16-48-0400__CAM_BACK__1535487983187558.jpg", "samples/CAM_BACK_RIGHT/n008-2018-08-28-16-16-48-0400__CAM_BACK_RIGHT__1535487983178113.jpg"], "intrinsics": [[[1257.8625342125129, 0.0, 827.2410631095686], [0.0, 1257.8625342125129, 450.915498205774], [0.0, 0.0, 1.0]], [[1252.8131021185304, 0.0, 826.588114781398], [0.0, 1252.8131021185304, 469.9846626224581], [0.0, 0.0, 1.0]], [[1256.7485116440405, 0.0, 817.7887570959712], [0.0, 1256.7485116440403, 451.9541780095127], [0.0, 0.0, 1.0]], [[1254.9860565800168, 0.0, 829.5769333630991], [0.0, 1254.9860565800168, 467.1680561863987], [0.0, 0.0, 1.0]], [[796.8910634503094, 0.0, 857.7774326863696], [0.0, 796.8910634503094, 476.8848988407415], [0.0, 0.0, 1.0]], [[1249.9629280788233, 0.0, 825.3768045375984], [0.0, 1249.9629280788233, 462.54816385708756], [0.0, 0.0, 1.0]]], "extrinsics": [[[0.8226974606513977, -0.5683701038360596, -0.011151041835546494, -0.94049072265625], [0.0067957062274217606, 0.02944694086909294, -0.9995432496070862, 1.4888191223144531], [0.5684388875961304, 0.8222459554672241, 0.028088398277759552, -1.289306640625], [0.0, 0.0, 0.0, 1.0]], [[0.010486681945621967, -0.999620795249939, -0.025461586192250252, 0.0064697265625], [0.008763369172811508, 0.025553883984684944, -0.9996350407600403, 1.4807167053222656], [0.9999066591262817, 0.010259798727929592, 0.009028022177517414, -1.67071533203125], [0.0, 0.0, 0.0, 1.0]], [[-0.843889057636261, -0.5360103249549866, -0.02332962304353714, 1.0494384765625], [0.01677575148642063, 0.017100518569350243, -0.9997130036354065, 1.493886947631836], [0.5362555384635925, -0.8440382480621338, -0.005438965745270252, -1.2509765625], [0.0, 0.0, 0.0, 1.0]], [[0.9478946924209595, 0.31857621669769287, 0.002189038088545203, -1.145172119140625], [-0.00881404709070921, 0.033092696219682693, -0.9994134306907654, 1.5620536804199219], [-0.3184617757797241, 0.947319507598877, 0.03417633846402168, -0.15576171875], [0.0, 0.0, 0.0, 1.0]], [[0.009186421521008015, 0.9996399283409119, 0.025214968249201775, -0.0289306640625], [-0.006589742377400398, 0.025276003405451775, -0.9996587634086609, 1.5679473876953125], [-0.9999362230300903, 0.009017040021717548, 0.00681956484913826, 0.02730560302734375], [0.0, 0.0, 0.0, 1.0]], [[-0.9237737655639648, 0.3829268217086792, 0.0030121472664177418, 1.1285400390625], [-0.0023223580792546272, 0.0022636130452156067, -0.9999947547912598, 1.5477313995361328], [-0.3829316794872284, -0.9237759709358215, -0.0012017728295177221, -0.056640625], [0.0, 0.0, 0.0, 1.0]]], "view": [[0.0, -2.0, 100.0], [-2.0, 0.0, 100.0], [0.0, 0.0, 1.0]], "bev": "bev_2f94f86043864547815cea1a047feab4.png", "aux": "aux_2f94f86043864547815cea1a047feab4.npz", "visibility": "visibility_2f94f86043864547815cea1a047feab4.png", "pose": [[-0.8392695188522339, -0.5437156558036804, 0.0, 792.7001342773438], [0.5437156558036804, -0.8392695188522339, 0.0, 1393.7923583984375], [0.0, 0.0, 1.0, 0.0], [0.0, 0.0, 0.0, 1.0]], "pose_inverse": [[-0.8392695188522339, 0.5437156558036804, 0.0, -92.53768157958984], [-0.5437156558036804, -0.8392695188522339, 0.0, 1600.7708740234375], [0.0, 0.0, 1.0, 0.0], [0.0, 0.0, 0.0, 1.0]], "cam_ids": [0, 1, 2, 3, 4, 5], "cam_channels": ["CAM_FRONT_LEFT", "CAM_FRONT", "CAM_FRONT_RIGHT", "CAM_BACK_LEFT", "CAM_BACK", "CAM_BACK_RIGHT"], "token": "2f94f86043864547815cea1a047feab4", "scene": "scene-0677"}, {"images": ["samples/CAM_FRONT_LEFT/n008-2018-08-28-16-16-48-0400__CAM_FRONT_LEFT__1535487983654799.jpg", "samples/CAM_FRONT/n008-2018-08-28-16-16-48-0400__CAM_FRONT__1535487983662404.jpg", "samples/CAM_FRONT_RIGHT/n008-2018-08-28-16-16-48-0400__CAM_FRONT_RIGHT__1535487983670482.jpg", "samples/CAM_BACK_LEFT/n008-2018-08-28-16-16-48-0400__CAM_BACK_LEFT__1535487983697405.jpg", "samples/CAM_BACK/n008-2018-08-28-16-16-48-0400__CAM_BACK__1535487983687558.jpg", "samples/CAM_BACK_RIGHT/n008-2018-08-28-16-16-48-0400__CAM_BACK_RIGHT__1535487983678113.jpg"], "intrinsics": [[[1257.8625342125129, 0.0, 827.2410631095686], [0.0, 1257.8625342125129, 450.915498205774], [0.0, 0.0, 1.0]], [[1252.8131021185304, 0.0, 826.588114781398], [0.0, 1252.8131021185304, 469.9846626224581], [0.0, 0.0, 1.0]], [[1256.7485116440405, 0.0, 817.7887570959712], [0.0, 1256.7485116440403, 451.9541780095127], [0.0, 0.0, 1.0]], [[1254.9860565800168, 0.0, 829.5769333630991], [0.0, 1254.9860565800168, 467.1680561863987], [0.0, 0.0, 1.0]], [[796.8910634503094, 0.0, 857.7774326863696], [0.0, 796.8910634503094, 476.8848988407415], [0.0, 0.0, 1.0]], [[1249.9629280788233, 0.0, 825.3768045375984], [0.0, 1249.9629280788233, 462.54816385708756], [0.0, 0.0, 1.0]]], "extrinsics": [[[0.8222010135650635, -0.5689122080802917, -0.018014822155237198, -0.94549560546875], [0.001606625970453024, 0.03396899253129959, -0.9994215965270996, 1.4883956909179688], [0.5691950917243958, 0.8216964602470398, 0.028843365609645844, -1.2926025390625], [0.0, 0.0, 0.0, 1.0]], [[0.00971924141049385, -0.999508798122406, -0.029793264344334602, 0.00634765625], [0.003617504145950079, 0.02982962317764759, -0.9995484948158264, 1.4803657531738281], [0.9999462366104126, 0.00960712879896164, 0.0039056504610925913, -1.6759567260742188], [0.0, 0.0, 0.0, 1.0]], [[-0.8442537784576416, -0.5355247259140015, -0.021183762699365616, 1.0528564453125], [0.011691606603562832, 0.021113699302077293, -0.9997087121009827, 1.4935874938964844], [0.5358160734176636, -0.8442556262016296, -0.01156417652964592, -1.253173828125], [0.0, 0.0, 0.0, 1.0]], [[0.9478815197944641, 0.31862080097198486, -0.0012248026905581355, -1.1455078125], [-0.0134908277541399, 0.03629337251186371, -0.9992501139640808, 1.5620651245117188], [-0.31833741068840027, 0.9471872448921204, 0.038700275123119354, -0.15576171875], [0.0, 0.0, 0.0, 1.0]], [[0.009458580985665321, 0.9995447397232056, 0.02865130826830864, -0.02880859375], [-0.011471039615571499, 0.028759164735674858, -0.9995205402374268, 1.5678787231445312], [-0.9998894929885864, 0.009125377982854843, 0.011737838387489319, 0.02893829345703125], [0.0, 0.0, 0.0, 1.0]], [[-0.9236199259757996, 0.38320162892341614, 0.00909206923097372, 1.13128662109375], [-0.007334670051932335, 0.006046973168849945, -0.9999548196792603, 1.5475797653198242], [-0.3832392990589142, -0.9236449599266052, -0.0027744474355131388, -0.0557861328125], [0.0, 0.0, 0.0, 1.0]]], "view": [[0.0, -2.0, 100.0], [-2.0, 0.0, 100.0], [0.0, 0.0, 1.0]], "bev": "bev_34bbc1e60a5d47e7954bfbe228c4d266.png", "aux": "aux_34bbc1e60a5d47e7954bfbe228c4d266.npz", "visibility": "visibility_34bbc1e60a5d47e7954bfbe228c4d266.png", "pose": [[-0.8412086367607117, -0.5407106876373291, 0.0, 791.9485473632812], [0.5407106876373291, -0.8412086367607117, 0.0, 1394.286376953125], [0.0, 0.0, 1.0, 0.0], [0.0, 0.0, 0.0, 1.0]], "pose_inverse": [[-0.8412086367607117, 0.5407106876373291, 0.0, -87.71154022216797], [-0.5407106876373291, -0.8412086367607117, 0.0, 1601.100830078125], [0.0, 0.0, 1.0, 0.0], [0.0, 0.0, 0.0, 1.0]], "cam_ids": [0, 1, 2, 3, 4, 5], "cam_channels": ["CAM_FRONT_LEFT", "CAM_FRONT", "CAM_FRONT_RIGHT", "CAM_BACK_LEFT", "CAM_BACK", "CAM_BACK_RIGHT"], "token": "34bbc1e60a5d47e7954bfbe228c4d266", "scene": "scene-0677"}, {"images": ["samples/CAM_FRONT_LEFT/n008-2018-08-28-16-16-48-0400__CAM_FRONT_LEFT__1535487984154799.jpg", "samples/CAM_FRONT/n008-2018-08-28-16-16-48-0400__CAM_FRONT__1535487984162404.jpg", "samples/CAM_FRONT_RIGHT/n008-2018-08-28-16-16-48-0400__CAM_FRONT_RIGHT__1535487984170482.jpg", "samples/CAM_BACK_LEFT/n008-2018-08-28-16-16-48-0400__CAM_BACK_LEFT__1535487984197405.jpg", "samples/CAM_BACK/n008-2018-08-28-16-16-48-0400__CAM_BACK__1535487984187558.jpg", "samples/CAM_BACK_RIGHT/n008-2018-08-28-16-16-48-0400__CAM_BACK_RIGHT__1535487984178113.jpg"], "intrinsics": [[[1257.8625342125129, 0.0, 827.2410631095686], [0.0, 1257.8625342125129, 450.915498205774], [0.0, 0.0, 1.0]], [[1252.8131021185304, 0.0, 826.588114781398], [0.0, 1252.8131021185304, 469.9846626224581], [0.0, 0.0, 1.0]], [[1256.7485116440405, 0.0, 817.7887570959712], [0.0, 1256.7485116440403, 451.9541780095127], [0.0, 0.0, 1.0]], [[1254.9860565800168, 0.0, 829.5769333630991], [0.0, 1254.9860565800168, 467.1680561863987], [0.0, 0.0, 1.0]], [[796.8910634503094, 0.0, 857.7774326863696], [0.0, 796.8910634503094, 476.8848988407415], [0.0, 0.0, 1.0]], [[1249.9629280788233, 0.0, 825.3768045375984], [0.0, 1249.9629280788233, 462.54816385708756], [0.0, 0.0, 1.0]]], "extrinsics": [[[0.8222564458847046, -0.5688854455947876, -0.01624068059027195, -0.942138671875], [0.005055361893028021, 0.03583646938204765, -0.9993448853492737, 1.4886627197265625], [0.5690947771072388, 0.8216357231140137, 0.03234269097447395, -1.2906494140625], [0.0, 0.0, 0.0, 1.0]], [[0.009821604937314987, -0.9994522929191589, -0.03160414099693298, 0.0067138671875], [0.006999542936682701, 0.0316736064851284, -0.9994738101959229, 1.4805793762207031], [0.999927282333374, 0.009595165960490704, 0.007306794635951519, -1.672698974609375], [0.0, 0.0, 0.0, 1.0]], [[-0.8441853523254395, -0.5354699492454529, -0.024961065500974655, 1.0509033203125], [0.015011626295745373, 0.022931430488824844, -0.9996243119239807, 1.4937744140625], [0.5358412265777588, -0.8442428708076477, -0.011320103891193867, -1.251953125], [0.0, 0.0, 0.0, 1.0]], [[0.9479024410247803, 0.31855297088623047, 0.002220254158601165, -1.145538330078125], [-0.01041806023567915, 0.037964921444654465, -0.9992247223854065, 1.5620574951171875], [-0.31839028000831604, 0.9471445083618164, 0.03930575028061867, -0.1556396484375], [0.0, 0.0, 0.0, 1.0]], [[0.009411611594259739, 0.9994930028915405, 0.030417844653129578, -0.02880859375], [-0.008272932842373848, 0.030495982617139816, -0.9995006322860718, 1.5679206848144531], [-0.9999215602874756, 0.00915534608066082, 0.008555754087865353, 0.02805328369140625], [0.0, 0.0, 0.0, 1.0]], [[-0.9236352443695068, 0.3832133710384369, 0.00673997076228261, 1.12969970703125], [-0.0040474142879247665, 0.007832122035324574, -0.9999611377716064, 1.5476751327514648], [-0.3832511305809021, -0.9236266613006592, -0.005682999733835459, -0.05615234375], [0.0, 0.0, 0.0, 1.0]]], "view": [[0.0, -2.0, 100.0], [-2.0, 0.0, 100.0], [0.0, 0.0, 1.0]], "bev": "bev_9566e03d1a9547c0870e366fdc4328c5.png", "aux": "aux_9566e03d1a9547c0870e366fdc4328c5.npz", "visibility": "visibility_9566e03d1a9547c0870e366fdc4328c5.png", "pose": [[-0.8433312177658081, -0.5373941659927368, 0.0, 791.1953125], [0.5373941659927368, -0.8433312177658081, 0.0, 1394.773681640625], [0.0, 0.0, 1.0, 0.0], [0.0, 0.0, 0.0, 1.0]], "pose_inverse": [[-0.8433312177658081, 0.5373941659927368, 0.0, -82.30355834960938], [-0.5373941659927368, -0.8433312177658081, 0.0, 1601.43994140625], [0.0, 0.0, 1.0, 0.0], [0.0, 0.0, 0.0, 1.0]], "cam_ids": [0, 1, 2, 3, 4, 5], "cam_channels": ["CAM_FRONT_LEFT", "CAM_FRONT", "CAM_FRONT_RIGHT", "CAM_BACK_LEFT", "CAM_BACK", "CAM_BACK_RIGHT"], "token": "9566e03d1a9547c0870e366fdc4328c5", "scene": "scene-0677"}, {"images": ["samples/CAM_FRONT_LEFT/n008-2018-08-28-16-16-48-0400__CAM_FRONT_LEFT__1535487984654799.jpg", "samples/CAM_FRONT/n008-2018-08-28-16-16-48-0400__CAM_FRONT__1535487984662404.jpg", "samples/CAM_FRONT_RIGHT/n008-2018-08-28-16-16-48-0400__CAM_FRONT_RIGHT__1535487984670482.jpg", "samples/CAM_BACK_LEFT/n008-2018-08-28-16-16-48-0400__CAM_BACK_LEFT__1535487984697405.jpg", "samples/CAM_BACK/n008-2018-08-28-16-16-48-0400__CAM_BACK__1535487984687558.jpg", "samples/CAM_BACK_RIGHT/n008-2018-08-28-16-16-48-0400__CAM_BACK_RIGHT__1535487984678113.jpg"], "intrinsics": [[[1257.8625342125129, 0.0, 827.2410631095686], [0.0, 1257.8625342125129, 450.915498205774], [0.0, 0.0, 1.0]], [[1252.8131021185304, 0.0, 826.588114781398], [0.0, 1252.8131021185304, 469.9846626224581], [0.0, 0.0, 1.0]], [[1256.7485116440405, 0.0, 817.7887570959712], [0.0, 1256.7485116440403, 451.9541780095127], [0.0, 0.0, 1.0]], [[1254.9860565800168, 0.0, 829.5769333630991], [0.0, 1254.9860565800168, 467.1680561863987], [0.0, 0.0, 1.0]], [[796.8910634503094, 0.0, 857.7774326863696], [0.0, 796.8910634503094, 476.8848988407415], [0.0, 0.0, 1.0]], [[1249.9629280788233, 0.0, 825.3768045375984], [0.0, 1249.9629280788233, 462.54816385708756], [0.0, 0.0, 1.0]]], "extrinsics": [[[0.8223443627357483, -0.5687317252159119, -0.01714545115828514, -0.94866943359375], [0.004530921112746, 0.03667760640382767, -0.9993168711662292, 1.4885635375976562], [0.5689719915390015, 0.8217049837112427, 0.03273850306868553, -1.295654296875], [0.0, 0.0, 0.0, 1.0]], [[0.0099437041208148, -0.9994244575500488, -0.03242887556552887, 0.0067138671875], [0.006501467898488045, 0.03249441087245941, -0.9994507431983948, 1.4804954528808594], [0.9999294281005859, 0.009727440774440765, 0.006820840761065483, -1.679351806640625], [0.0, 0.0, 0.0, 1.0]], [[-0.8441406488418579, -0.5355390310287476, -0.024992233142256737, 1.05535888671875], [0.014538217335939407, 0.023733561858534813, -0.99961256980896, 1.4936752319335938], [0.5359247326850891, -0.8441769480705261, -0.012248683720827103, -1.25439453125], [0.0, 0.0, 0.0, 1.0]], [[0.9478995203971863, 0.31856295466423035, 0.0020196971017867327, -1.145782470703125], [-0.010883542709052563, 0.038719404488801956, -0.9991908669471741, 1.5620613098144531], [-0.31838345527648926, 0.9471105337142944, 0.04016920179128647, -0.155517578125], [0.0, 0.0, 0.0, 1.0]], [[0.009383676573634148, 0.9994699358940125, 0.03117137774825096, -0.0289306640625], [-0.008730712346732616, 0.031253449618816376, -0.9994733333587646, 1.56793212890625], [-0.9999178051948547, 0.009106559678912163, 0.009019358083605766, 0.03020477294921875], [0.0, 0.0, 0.0, 1.0]], [[-0.9236605167388916, 0.3831386864185333, 0.0074765728786587715, 1.133056640625], [-0.004517895635217428, 0.008621466346085072, -0.9999526143074036, 1.5476722717285156], [-0.3831849694252014, -0.9236505627632141, -0.006232328247278929, -0.0546875], [0.0, 0.0, 0.0, 1.0]]], "view": [[0.0, -2.0, 100.0], [-2.0, 0.0, 100.0], [0.0, 0.0, 1.0]], "bev": "bev_6229b2f2a624478eaf070099514f1eec.png", "aux": "aux_6229b2f2a624478eaf070099514f1eec.npz", "visibility": "visibility_6229b2f2a624478eaf070099514f1eec.png", "pose": [[-0.8448659777641296, -0.5349779725074768, 0.0, 790.468017578125], [0.5349779725074768, -0.8448659777641296, 0.0, 1395.2462158203125], [0.0, 0.0, 1.0, 0.0], [0.0, 0.0, 0.0, 1.0]], "pose_inverse": [[-0.8448659777641296, 0.5349779725074768, 0.0, -78.58646392822266], [-0.5349779725074768, -0.8448659777641296, 0.0, 1601.6790771484375], [0.0, 0.0, 1.0, 0.0], [0.0, 0.0, 0.0, 1.0]], "cam_ids": [0, 1, 2, 3, 4, 5], "cam_channels": ["CAM_FRONT_LEFT", "CAM_FRONT", "CAM_FRONT_RIGHT", "CAM_BACK_LEFT", "CAM_BACK", "CAM_BACK_RIGHT"], "token": "6229b2f2a624478eaf070099514f1eec", "scene": "scene-0677"}, {"images": ["samples/CAM_FRONT_LEFT/n008-2018-08-28-16-16-48-0400__CAM_FRONT_LEFT__1535487985154799.jpg", "samples/CAM_FRONT/n008-2018-08-28-16-16-48-0400__CAM_FRONT__1535487985162404.jpg", "samples/CAM_FRONT_RIGHT/n008-2018-08-28-16-16-48-0400__CAM_FRONT_RIGHT__1535487985170482.jpg", "samples/CAM_BACK_LEFT/n008-2018-08-28-16-16-48-0400__CAM_BACK_LEFT__1535487985197405.jpg", "samples/CAM_BACK/n008-2018-08-28-16-16-48-0400__CAM_BACK__1535487985187558.jpg", "samples/CAM_BACK_RIGHT/n008-2018-08-28-16-16-48-0400__CAM_BACK_RIGHT__1535487985178113.jpg"], "intrinsics": [[[1257.8625342125129, 0.0, 827.2410631095686], [0.0, 1257.8625342125129, 450.915498205774], [0.0, 0.0, 1.0]], [[1252.8131021185304, 0.0, 826.588114781398], [0.0, 1252.8131021185304, 469.9846626224581], [0.0, 0.0, 1.0]], [[1256.7485116440405, 0.0, 817.7887570959712], [0.0, 1256.7485116440403, 451.9541780095127], [0.0, 0.0, 1.0]], [[1254.9860565800168, 0.0, 829.5769333630991], [0.0, 1254.9860565800168, 467.1680561863987], [0.0, 0.0, 1.0]], [[796.8910634503094, 0.0, 857.7774326863696], [0.0, 796.8910634503094, 476.8848988407415], [0.0, 0.0, 1.0]], [[1249.9629280788233, 0.0, 825.3768045375984], [0.0, 1249.9629280788233, 462.54816385708756], [0.0, 0.0, 1.0]]], "extrinsics": [[[0.8223747611045837, -0.5686640739440918, -0.017917025834321976, -0.94976806640625], [0.004404790233820677, 0.03785433620214462, -0.9992735385894775, 1.4885635375976562], [0.568929135799408, 0.8216984272003174, 0.03363529592752457, -1.2958984375], [0.0, 0.0, 0.0, 1.0]], [[0.009975670836865902, -0.999381959438324, -0.0337052159011364, 0.0064697265625], [0.006357928737998009, 0.033769600093364716, -0.9994094371795654, 1.4804916381835938], [0.9999299645423889, 0.009755393490195274, 0.006690872833132744, -1.67999267578125], [0.0, 0.0, 0.0, 1.0]], [[-0.8441320061683655, -0.5355247855186462, -0.02558133564889431, 1.05560302734375], [0.01436298806220293, 0.02510877326130867, -0.999581515789032, 1.4936676025390625], [0.5359429717063904, -0.844146192073822, -0.01350338663905859, -1.2548828125], [0.0, 0.0, 0.0, 1.0]], [[0.9478985071182251, 0.31856366991996765, 0.0023642629384994507, -1.145355224609375], [-0.011101951822638512, 0.040449392050504684, -0.9991198778152466, 1.5620574951171875], [-0.31837886571884155, 0.9470379948616028, 0.0418785996735096, -0.1556396484375], [0.0, 0.0, 0.0, 1.0]], [[0.009384187869727612, 0.9994188547134399, 0.03277047351002693, -0.02880859375], [-0.008952835574746132, 0.03285457566380501, -0.9994199872016907, 1.56793212890625], [-0.9999158978462219, 0.009085331112146378, 0.009255945682525635, 0.02985382080078125], [0.0, 0.0, 0.0, 1.0]], [[-0.9236636757850647, 0.38311541080474854, 0.00823285710066557, 1.13330078125], [-0.004727253690361977, 0.01009082980453968, -0.999937891960144, 1.54766845703125], [-0.38317471742630005, -0.9236453175544739, -0.00750944996252656, -0.0548095703125], [0.0, 0.0, 0.0, 1.0]]], "view": [[0.0, -2.0, 100.0], [-2.0, 0.0, 100.0], [0.0, 0.0, 1.0]], "bev": "bev_4a123417dece4cd697415f0242958a4e.png", "aux": "aux_4a123417dece4cd697415f0242958a4e.npz", "visibility": "visibility_4a123417dece4cd697415f0242958a4e.png", "pose": [[-0.8464441299438477, -0.5324774980545044, 0.0, 789.7453002929688], [0.5324774980545044, -0.8464441299438477, 0.0, 1395.71142578125], [0.0, 0.0, 1.0, 0.0], [0.0, 0.0, 0.0, 1.0]], "pose_inverse": [[-0.8464441299438477, 0.5324774980545044, 0.0, -74.70967864990234], [-0.5324774980545044, -0.8464441299438477, 0.0, 1601.913330078125], [0.0, 0.0, 1.0, 0.0], [0.0, 0.0, 0.0, 1.0]], "cam_ids": [0, 1, 2, 3, 4, 5], "cam_channels": ["CAM_FRONT_LEFT", "CAM_FRONT", "CAM_FRONT_RIGHT", "CAM_BACK_LEFT", "CAM_BACK", "CAM_BACK_RIGHT"], "token": "4a123417dece4cd697415f0242958a4e", "scene": "scene-0677"}, {"images": ["samples/CAM_FRONT_LEFT/n008-2018-08-28-16-16-48-0400__CAM_FRONT_LEFT__1535487985654799.jpg", "samples/CAM_FRONT/n008-2018-08-28-16-16-48-0400__CAM_FRONT__1535487985662404.jpg", "samples/CAM_FRONT_RIGHT/n008-2018-08-28-16-16-48-0400__CAM_FRONT_RIGHT__1535487985670482.jpg", "samples/CAM_BACK_LEFT/n008-2018-08-28-16-16-48-0400__CAM_BACK_LEFT__1535487985697405.jpg", "samples/CAM_BACK/n008-2018-08-28-16-16-48-0400__CAM_BACK__1535487985687558.jpg", "samples/CAM_BACK_RIGHT/n008-2018-08-28-16-16-48-0400__CAM_BACK_RIGHT__1535487985678113.jpg"], "intrinsics": [[[1257.8625342125129, 0.0, 827.2410631095686], [0.0, 1257.8625342125129, 450.915498205774], [0.0, 0.0, 1.0]], [[1252.8131021185304, 0.0, 826.588114781398], [0.0, 1252.8131021185304, 469.9846626224581], [0.0, 0.0, 1.0]], [[1256.7485116440405, 0.0, 817.7887570959712], [0.0, 1256.7485116440403, 451.9541780095127], [0.0, 0.0, 1.0]], [[1254.9860565800168, 0.0, 829.5769333630991], [0.0, 1254.9860565800168, 467.1680561863987], [0.0, 0.0, 1.0]], [[796.8910634503094, 0.0, 857.7774326863696], [0.0, 796.8910634503094, 476.8848988407415], [0.0, 0.0, 1.0]], [[1249.9629280788233, 0.0, 825.3768045375984], [0.0, 1249.9629280788233, 462.54816385708756], [0.0, 0.0, 1.0]]], "extrinsics": [[[0.8222403526306152, -0.568797767162323, -0.01974865049123764, -0.94500732421875], [0.0014487600419670343, 0.03679073974490166, -0.9993219375610352, 1.488372802734375], [0.5691387057304382, 0.821654200553894, 0.031074881553649902, -1.292724609375], [0.0, 0.0, 0.0, 1.0]], [[0.009778585284948349, -0.9994209408760071, -0.03258957713842392, 0.00634765625], [0.0033411255571991205, 0.03262360766530037, -0.9994621276855469, 1.4803466796875], [0.999946653842926, 0.009664482437074184, 0.0036582050379365683, -1.6753997802734375], [0.0, 0.0, 0.0, 1.0]], [[-0.8442370295524597, -0.5355050563812256, -0.022319594398140907, 1.0523681640625], [0.01128133200109005, 0.023879678919911385, -0.9996511340141296, 1.4935722351074219], [0.5358512997627258, -0.8441943526268005, -0.014118900522589684, -1.2528076171875], [0.0, 0.0, 0.0, 1.0]], [[0.94788658618927, 0.3186056315898895, -0.001223436906002462, -1.14453125], [-0.014389421790838242, 0.03897344693541527, -0.9991366267204285, 1.5620498657226562], [-0.3182828426361084, 0.9470857977867126, 0.04152695834636688, -0.156005859375], [0.0, 0.0, 0.0, 1.0]], [[0.009473809972405434, 0.9994631409645081, 0.031364958733320236, -0.0289306640625], [-0.012156014330685139, 0.031479157507419586, -0.9994304776191711, 1.5678558349609375], [-0.9998812675476074, 0.009087134152650833, 0.012447714805603027, 0.0279541015625], [0.0, 0.0, 0.0, 1.0]], [[-0.9236258268356323, 0.3831477165222168, 0.010637819766998291, 1.13055419921875], [-0.007870866917073727, 0.008788627572357655, -0.9999303817749023, 1.5475530624389648], [-0.38321453332901, -0.9236452579498291, -0.005101699847728014, -0.055908203125], [0.0, 0.0, 0.0, 1.0]]], "view": [[0.0, -2.0, 100.0], [-2.0, 0.0, 100.0], [0.0, 0.0, 1.0]], "bev": "bev_3f12694053734a508d220dbcb1e13bd3.png", "aux": "aux_3f12694053734a508d220dbcb1e13bd3.npz", "visibility": "visibility_3f12694053734a508d220dbcb1e13bd3.png", "pose": [[-0.8483309149742126, -0.5294663906097412, 0.0, 789.0244140625], [0.5294663906097412, -0.8483309149742126, 0.0, 1396.17041015625], [0.0, 0.0, 1.0, 0.0], [0.0, 0.0, 0.0, 1.0]], "pose_inverse": [[-0.8483309149742126, 0.5294663906097412, 0.0, -69.87152862548828], [-0.5294663906097412, -0.8483309149742126, 0.0, 1602.1763916015625], [0.0, 0.0, 1.0, 0.0], [0.0, 0.0, 0.0, 1.0]], "cam_ids": [0, 1, 2, 3, 4, 5], "cam_channels": ["CAM_FRONT_LEFT", "CAM_FRONT", "CAM_FRONT_RIGHT", "CAM_BACK_LEFT", "CAM_BACK", "CAM_BACK_RIGHT"], "token": "3f12694053734a508d220dbcb1e13bd3", "scene": "scene-0677"}, {"images": ["samples/CAM_FRONT_LEFT/n008-2018-08-28-16-16-48-0400__CAM_FRONT_LEFT__1535487986154799.jpg", "samples/CAM_FRONT/n008-2018-08-28-16-16-48-0400__CAM_FRONT__1535487986162404.jpg", "samples/CAM_FRONT_RIGHT/n008-2018-08-28-16-16-48-0400__CAM_FRONT_RIGHT__1535487986170482.jpg", "samples/CAM_BACK_LEFT/n008-2018-08-28-16-16-48-0400__CAM_BACK_LEFT__1535487986197405.jpg", "samples/CAM_BACK/n008-2018-08-28-16-16-48-0400__CAM_BACK__1535487986187558.jpg", "samples/CAM_BACK_RIGHT/n008-2018-08-28-16-16-48-0400__CAM_BACK_RIGHT__1535487986178113.jpg"], "intrinsics": [[[1257.8625342125129, 0.0, 827.2410631095686], [0.0, 1257.8625342125129, 450.915498205774], [0.0, 0.0, 1.0]], [[1252.8131021185304, 0.0, 826.588114781398], [0.0, 1252.8131021185304, 469.9846626224581], [0.0, 0.0, 1.0]], [[1256.7485116440405, 0.0, 817.7887570959712], [0.0, 1256.7485116440403, 451.9541780095127], [0.0, 0.0, 1.0]], [[1254.9860565800168, 0.0, 829.5769333630991], [0.0, 1254.9860565800168, 467.1680561863987], [0.0, 0.0, 1.0]], [[796.8910634503094, 0.0, 857.7774326863696], [0.0, 796.8910634503094, 476.8848988407415], [0.0, 0.0, 1.0]], [[1249.9629280788233, 0.0, 825.3768045375984], [0.0, 1249.9629280788233, 462.54816385708756], [0.0, 0.0, 1.0]]], "extrinsics": [[[0.8223400712013245, -0.5685420632362366, -0.02273167297244072, -0.94244384765625], [-0.0012639423366636038, 0.03812512382864952, -0.9992721676826477, 1.4881668090820312], [0.5689948797225952, 0.8217703104019165, 0.030633211135864258, -1.291015625], [0.0, 0.0, 0.0, 1.0]], [[0.009923459962010384, -0.9993746876716614, -0.03393782675266266, 0.0067138671875], [0.0006813996587879956, 0.03394624963402748, -0.9994234442710876, 1.4801826477050781], [0.9999505281448364, 0.009894604794681072, 0.0010178381344303489, -1.6726188659667969], [0.0, 0.0, 0.0, 1.0]], [[-0.8442001342773438, -0.5356224775314331, -0.02084886096417904, 1.05047607421875], [0.008703389205038548, 0.025193210691213608, -0.9996446967124939, 1.4934768676757812], [0.5359574556350708, -0.844081699848175, -0.01660638116300106, -1.25146484375], [0.0, 0.0, 0.0, 1.0]], [[0.9478914737701416, 0.3185790777206421, -0.003024528967216611, -1.143524169921875], [-0.01671772636473179, 0.04025667533278465, -0.9990494847297668, 1.5620346069335938], [-0.31815454363822937, 0.9470410346984863, 0.0434848815202713, -0.1561279296875], [0.0, 0.0, 0.0, 1.0]], [[0.009507408365607262, 0.9994232654571533, 0.03259862959384918, -0.02880859375], [-0.014589718542993069, 0.032735276967287064, -0.9993575811386108, 1.5677986145019531], [-0.9998483657836914, 0.009025734849274158, 0.014892533421516418, 0.026611328125], [0.0, 0.0, 0.0, 1.0]], [[-0.9236401915550232, 0.38302555680274963, 0.013422919437289238, 1.12872314453125], [-0.010352348908782005, 0.010076805017888546, -0.9998956322669983, 1.5474510192871094], [-0.3831207752227783, -0.9236828088760376, -0.005342126823961735, -0.0565185546875], [0.0, 0.0, 0.0, 1.0]]], "view": [[0.0, -2.0, 100.0], [-2.0, 0.0, 100.0], [0.0, 0.0, 1.0]], "bev": "bev_8e7a1875fcbc4925a02a62f51eaceecd.png", "aux": "aux_8e7a1875fcbc4925a02a62f51eaceecd.npz", "visibility": "visibility_8e7a1875fcbc4925a02a62f51eaceecd.png", "pose": [[-0.8496360778808594, -0.5273694396018982, 0.0, 788.2960205078125], [0.5273694396018982, -0.8496360778808594, 0.0, 1396.632080078125], [0.0, 0.0, 1.0, 0.0], [0.0, 0.0, 0.0, 1.0]], "pose_inverse": [[-0.8496360778808594, 0.5273694396018982, 0.0, -66.7763900756836], [-0.5273694396018982, -0.8496360778808594, 0.0, 1602.352294921875], [0.0, 0.0, 1.0, 0.0], [0.0, 0.0, 0.0, 1.0]], "cam_ids": [0, 1, 2, 3, 4, 5], "cam_channels": ["CAM_FRONT_LEFT", "CAM_FRONT", "CAM_FRONT_RIGHT", "CAM_BACK_LEFT", "CAM_BACK", "CAM_BACK_RIGHT"], "token": "8e7a1875fcbc4925a02a62f51eaceecd", "scene": "scene-0677"}, {"images": ["samples/CAM_FRONT_LEFT/n008-2018-08-28-16-16-48-0400__CAM_FRONT_LEFT__1535487986654799.jpg", "samples/CAM_FRONT/n008-2018-08-28-16-16-48-0400__CAM_FRONT__1535487986662404.jpg", "samples/CAM_FRONT_RIGHT/n008-2018-08-28-16-16-48-0400__CAM_FRONT_RIGHT__1535487986670482.jpg", "samples/CAM_BACK_LEFT/n008-2018-08-28-16-16-48-0400__CAM_BACK_LEFT__1535487986697405.jpg", "samples/CAM_BACK/n008-2018-08-28-16-16-48-0400__CAM_BACK__1535487986687624.jpg", "samples/CAM_BACK_RIGHT/n008-2018-08-28-16-16-48-0400__CAM_BACK_RIGHT__1535487986678113.jpg"], "intrinsics": [[[1257.8625342125129, 0.0, 827.2410631095686], [0.0, 1257.8625342125129, 450.915498205774], [0.0, 0.0, 1.0]], [[1252.8131021185304, 0.0, 826.588114781398], [0.0, 1252.8131021185304, 469.9846626224581], [0.0, 0.0, 1.0]], [[1256.7485116440405, 0.0, 817.7887570959712], [0.0, 1256.7485116440403, 451.9541780095127], [0.0, 0.0, 1.0]], [[1254.9860565800168, 0.0, 829.5769333630991], [0.0, 1254.9860565800168, 467.1680561863987], [0.0, 0.0, 1.0]], [[796.8910634503094, 0.0, 857.7774326863696], [0.0, 796.8910634503094, 476.8848988407415], [0.0, 0.0, 1.0]], [[1249.9629280788233, 0.0, 825.3768045375984], [0.0, 1249.9629280788233, 462.54816385708756], [0.0, 0.0, 1.0]]], "extrinsics": [[[0.8223040699958801, -0.5684620141983032, -0.025825804099440575, -0.9410400390625], [-0.002861998975276947, 0.04125215485692024, -0.9991446137428284, 1.4880447387695312], [0.5690412521362305, 0.8216747045516968, 0.032294876873493195, -1.289794921875], [0.0, 0.0, 0.0, 1.0]], [[0.009866326116025448, -0.999262273311615, -0.03711594641208649, 0.0067138671875], [-0.0009024548926390707, 0.03710884228348732, -0.9993108510971069, 1.4800834655761719], [0.9999509453773499, 0.009893007576465607, -0.0005356607725843787, -1.6711616516113281], [0.0, 0.0, 0.0, 1.0]], [[-0.844228208065033, -0.5355637073516846, -0.021221721544861794, 1.049560546875], [0.007129388395696878, 0.028369754552841187, -0.9995720386505127, 1.4934120178222656], [0.5359365940093994, -0.8440181612968445, -0.020132306963205338, -1.2510986328125], [0.0, 0.0, 0.0, 1.0]], [[0.9478752613067627, 0.3186230957508087, -0.0034353798255324364, -1.143951416015625], [-0.01816512644290924, 0.0432695597410202, -0.9988982677459717, 1.562042236328125], [-0.31812334060668945, 0.9468933939933777, 0.04680196940898895, -0.156005859375], [0.0, 0.0, 0.0, 1.0]], [[0.00952974520623684, 0.9993170499801636, 0.03570384532213211, -0.0289306640625], [-0.01608365960419178, 0.0358540304005146, -0.9992275834083557, 1.5677719116210938], [-0.9998252391815186, 0.008948182687163353, 0.016414353623986244, 0.02648162841796875], [0.0, 0.0, 0.0, 1.0]], [[-0.9236247539520264, 0.38296079635620117, 0.016074201092123985, 1.12823486328125], [-0.01190746109932661, 0.013248421251773834, -0.9998413324356079, 1.5473957061767578], [-0.38311293721199036, -0.9236696362495422, -0.007676479406654835, -0.0567626953125], [0.0, 0.0, 0.0, 1.0]]], "view": [[0.0, -2.0, 100.0], [-2.0, 0.0, 100.0], [0.0, 0.0, 1.0]], "bev": "bev_df6510001b464fe68a5ead91499d4dce.png", "aux": "aux_df6510001b464fe68a5ead91499d4dce.npz", "visibility": "visibility_df6510001b464fe68a5ead91499d4dce.png", "pose": [[-0.8489682674407959, -0.5284438729286194, 0.0, 787.5570678710938], [0.5284438729286194, -0.8489682674407959, 0.0, 1397.1024169921875], [0.0, 0.0, 1.0, 0.0], [0.0, 0.0, 0.0, 1.0]], "pose_inverse": [[-0.8489682674407959, 0.5284438729286194, 0.0, -69.67922973632812], [-0.5284438729286194, -0.8489682674407959, 0.0, 1602.2752685546875], [0.0, 0.0, 1.0, 0.0], [0.0, 0.0, 0.0, 1.0]], "cam_ids": [0, 1, 2, 3, 4, 5], "cam_channels": ["CAM_FRONT_LEFT", "CAM_FRONT", "CAM_FRONT_RIGHT", "CAM_BACK_LEFT", "CAM_BACK", "CAM_BACK_RIGHT"], "token": "df6510001b464fe68a5ead91499d4dce", "scene": "scene-0677"}, {"images": ["samples/CAM_FRONT_LEFT/n008-2018-08-28-16-16-48-0400__CAM_FRONT_LEFT__1535487987154799.jpg", "samples/CAM_FRONT/n008-2018-08-28-16-16-48-0400__CAM_FRONT__1535487987162404.jpg", "samples/CAM_FRONT_RIGHT/n008-2018-08-28-16-16-48-0400__CAM_FRONT_RIGHT__1535487987170482.jpg", "samples/CAM_BACK_LEFT/n008-2018-08-28-16-16-48-0400__CAM_BACK_LEFT__1535487987197405.jpg", "samples/CAM_BACK/n008-2018-08-28-16-16-48-0400__CAM_BACK__1535487987187558.jpg", "samples/CAM_BACK_RIGHT/n008-2018-08-28-16-16-48-0400__CAM_BACK_RIGHT__1535487987178113.jpg"], "intrinsics": [[[1257.8625342125129, 0.0, 827.2410631095686], [0.0, 1257.8625342125129, 450.915498205774], [0.0, 0.0, 1.0]], [[1252.8131021185304, 0.0, 826.588114781398], [0.0, 1252.8131021185304, 469.9846626224581], [0.0, 0.0, 1.0]], [[1256.7485116440405, 0.0, 817.7887570959712], [0.0, 1256.7485116440403, 451.9541780095127], [0.0, 0.0, 1.0]], [[1254.9860565800168, 0.0, 829.5769333630991], [0.0, 1254.9860565800168, 467.1680561863987], [0.0, 0.0, 1.0]], [[796.8910634503094, 0.0, 857.7774326863696], [0.0, 796.8910634503094, 476.8848988407415], [0.0, 0.0, 1.0]], [[1249.9629280788233, 0.0, 825.3768045375984], [0.0, 1249.9629280788233, 462.54816385708756], [0.0, 0.0, 1.0]]], "extrinsics": [[[0.8225869536399841, -0.5681915879249573, -0.0225616917014122, -0.936767578125], [-0.002205287106335163, 0.03648870065808296, -0.9993315935134888, 1.4880867004394531], [0.5686350464820862, 0.8220869302749634, 0.028762102127075195, -1.287109375], [0.0, 0.0, 0.0, 1.0]], [[0.010292299091815948, -0.9994261264801025, -0.032270487397909164, 0.0067138671875], [-0.00017535292136017233, 0.032270390540361404, -0.9994791746139526, 1.480133056640625], [0.9999470114707947, 0.010292594321072102, 0.00015688429994042963, -1.6671028137207031], [0.0, 0.0, 0.0, 1.0]], [[-0.8440399765968323, -0.535933256149292, -0.01928873360157013, 1.0469970703125], [0.007941989228129387, 0.023472055792808533, -0.9996929168701172, 1.4934730529785156], [0.536221444606781, -0.8439339995384216, -0.015554978512227535, -1.249267578125], [0.0, 0.0, 0.0, 1.0]], [[0.9478633999824524, 0.3186512887477875, -0.004062345251441002, -1.144195556640625], [-0.017162764444947243, 0.03831522539258003, -0.9991183280944824, 1.5620460510253906], [-0.31821462512016296, 0.9470973610877991, 0.04178653284907341, -0.1561279296875], [0.0, 0.0, 0.0, 1.0]], [[0.00934896245598793, 0.9994825124740601, 0.03077876567840576, -0.02880859375], [-0.015125846490263939, 0.03091794066131115, -0.9994074106216431, 1.5677719116210938], [-0.9998418688774109, 0.00887790136039257, 0.015407069586217403, 0.0254974365234375], [0.0, 0.0, 0.0, 1.0]], [[-0.9237312078475952, 0.3828079104423523, 0.013368277810513973, 1.12628173828125], [-0.011023826897144318, 0.008317355066537857, -0.9999046325683594, 1.5473995208740234], [-0.3828825354576111, -0.9237905144691467, -0.003462990978732705, -0.0576171875], [0.0, 0.0, 0.0, 1.0]]], "view": [[0.0, -2.0, 100.0], [-2.0, 0.0, 100.0], [0.0, 0.0, 1.0]], "bev": "bev_83af5aa1c1f047d6af7d9fc442c347c4.png", "aux": "aux_83af5aa1c1f047d6af7d9fc442c347c4.npz", "visibility": "visibility_83af5aa1c1f047d6af7d9fc442c347c4.png", "pose": [[-0.8479303121566772, -0.5301077365875244, 0.0, 786.7979736328125], [0.5301077365875244, -0.8479303121566772, 0.0, 1397.5869140625], [0.0, 0.0, 1.0, 0.0], [0.0, 0.0, 0.0, 1.0]], "pose_inverse": [[-0.8479303121566772, 0.5301077365875244, 0.0, -73.7218246459961], [-0.5301077365875244, -0.8479303121566772, 0.0, 1602.1439208984375], [0.0, 0.0, 1.0, 0.0], [0.0, 0.0, 0.0, 1.0]], "cam_ids": [0, 1, 2, 3, 4, 5], "cam_channels": ["CAM_FRONT_LEFT", "CAM_FRONT", "CAM_FRONT_RIGHT", "CAM_BACK_LEFT", "CAM_BACK", "CAM_BACK_RIGHT"], "token": "83af5aa1c1f047d6af7d9fc442c347c4", "scene": "scene-0677"}, {"images": ["samples/CAM_FRONT_LEFT/n008-2018-08-28-16-16-48-0400__CAM_FRONT_LEFT__1535487987654799.jpg", "samples/CAM_FRONT/n008-2018-08-28-16-16-48-0400__CAM_FRONT__1535487987662404.jpg", "samples/CAM_FRONT_RIGHT/n008-2018-08-28-16-16-48-0400__CAM_FRONT_RIGHT__1535487987670482.jpg", "samples/CAM_BACK_LEFT/n008-2018-08-28-16-16-48-0400__CAM_BACK_LEFT__1535487987697405.jpg", "samples/CAM_BACK/n008-2018-08-28-16-16-48-0400__CAM_BACK__1535487987687558.jpg", "samples/CAM_BACK_RIGHT/n008-2018-08-28-16-16-48-0400__CAM_BACK_RIGHT__1535487987678113.jpg"], "intrinsics": [[[1257.8625342125129, 0.0, 827.2410631095686], [0.0, 1257.8625342125129, 450.915498205774], [0.0, 0.0, 1.0]], [[1252.8131021185304, 0.0, 826.588114781398], [0.0, 1252.8131021185304, 469.9846626224581], [0.0, 0.0, 1.0]], [[1256.7485116440405, 0.0, 817.7887570959712], [0.0, 1256.7485116440403, 451.9541780095127], [0.0, 0.0, 1.0]], [[1254.9860565800168, 0.0, 829.5769333630991], [0.0, 1254.9860565800168, 467.1680561863987], [0.0, 0.0, 1.0]], [[796.8910634503094, 0.0, 857.7774326863696], [0.0, 796.8910634503094, 476.8848988407415], [0.0, 0.0, 1.0]], [[1249.9629280788233, 0.0, 825.3768045375984], [0.0, 1249.9629280788233, 462.54816385708756], [0.0, 0.0, 1.0]]], "extrinsics": [[[0.82243812084198, -0.5683649778366089, -0.02359973080456257, -0.9437255859375], [-0.0019524453673511744, 0.0386657789349556, -0.9992502927780151, 1.4881401062011719], [0.5688512921333313, 0.8218675851821899, 0.03069050796329975, -1.291259765625], [0.0, 0.0, 0.0, 1.0]], [[0.010069170035421848, -0.9993526339530945, -0.0345396026968956, 0.00634765625], [-1.7361973732477054e-05, 0.03454117849469185, -0.9994032979011536, 1.4801597595214844], [0.9999492764472961, 0.010063832625746727, 0.0003304526908323169, -1.6734542846679688], [0.0, 0.0, 0.0, 1.0]], [[-0.8441356420516968, -0.5357344150543213, -0.020585061982274055, 1.0506591796875], [0.007976672612130642, 0.025841422379016876, -0.9996342062950134, 1.4934501647949219], [0.5360704064369202, -0.8439910411834717, -0.017540287226438522, -1.2520751953125], [0.0, 0.0, 0.0, 1.0]], [[0.9478715062141418, 0.3186336159706116, -0.003506364766508341, -1.142333984375], [-0.01746339723467827, 0.040956661105155945, -0.999008297920227, 1.56201171875], [-0.3181740343570709, 0.9469926953315735, 0.04438607394695282, -0.15673828125], [0.0, 0.0, 0.0, 1.0]], [[0.009435215033590794, 0.9994001388549805, 0.033321984112262726, -0.02880859375], [-0.01529734954237938, 0.03346382454037666, -0.9993228316307068, 1.5677757263183594], [-0.9