[{"images": ["samples/CAM_FRONT_LEFT/n008-2018-08-31-11-19-57-0400__CAM_FRONT_LEFT__1535729122404799.jpg", "samples/CAM_FRONT/n008-2018-08-31-11-19-57-0400__CAM_FRONT__1535729122412404.jpg", "samples/CAM_FRONT_RIGHT/n008-2018-08-31-11-19-57-0400__CAM_FRONT_RIGHT__1535729122420482.jpg", "samples/CAM_BACK_LEFT/n008-2018-08-31-11-19-57-0400__CAM_BACK_LEFT__1535729122447445.jpg", "samples/CAM_BACK/n008-2018-08-31-11-19-57-0400__CAM_BACK__1535729122437558.jpg", "samples/CAM_BACK_RIGHT/n008-2018-08-31-11-19-57-0400__CAM_BACK_RIGHT__1535729122428113.jpg"], "intrinsics": [[[1257.8625342125129, 0.0, 827.2410631095686], [0.0, 1257.8625342125129, 450.915498205774], [0.0, 0.0, 1.0]], [[1252.8131021185304, 0.0, 826.588114781398], [0.0, 1252.8131021185304, 469.9846626224581], [0.0, 0.0, 1.0]], [[1256.7485116440405, 0.0, 817.7887570959712], [0.0, 1256.7485116440403, 451.9541780095127], [0.0, 0.0, 1.0]], [[1254.9860565800168, 0.0, 829.5769333630991], [0.0, 1254.9860565800168, 467.1680561863987], [0.0, 0.0, 1.0]], [[796.8910634503094, 0.0, 857.7774326863696], [0.0, 796.8910634503094, 476.8848988407415], [0.0, 0.0, 1.0]], [[1249.9629280788233, 0.0, 825.3768045375984], [0.0, 1249.9629280788233, 462.54816385708756], [0.0, 0.0, 1.0]]], "extrinsics": [[[0.822352945804596, -0.5687334537506104, -0.01667051389813423, -0.74267578125], [0.0021467895712703466, 0.03240031376481056, -0.9994726777076721, 1.4889259338378906], [0.5689736604690552, 0.821883499622345, 0.027865441516041756, -1.15380859375], [0.0, 0.0, 0.0, 1.0]], [[0.009947048500180244, -0.9995527267456055, -0.02820327877998352, 0.0091552734375], [0.004119969438761473, 0.02824540250003338, -0.9995925426483154, 1.4812088012695312], [0.9999421238899231, 0.009826818481087685, 0.004399085883051157, -1.4731216430664062], [0.0, 0.0, 0.0, 1.0]], [[-0.8441586494445801, -0.5356928110122681, -0.0207221582531929, 0.9207763671875], [0.012160814367234707, 0.019509362056851387, -0.9997357130050659, 1.4955062866210938], [0.5359554886817932, -0.8441876173019409, -0.009954534471035004, -1.16845703125], [0.0, 0.0, 0.0, 1.0]], [[0.9479148387908936, 0.3185206353664398, -0.0014967962633818388, -1.142791748046875], [-0.013227157294750214, 0.034667935222387314, -0.9993113279342651, 1.5620574951171875], [-0.3182494044303894, 0.9472817778587341, 0.03707536682486534, -0.1556396484375], [0.0, 0.0, 0.0, 1.0]], [[0.009387962520122528, 0.9995903372764587, 0.027040133252739906, -0.028564453125], [-0.011007670313119888, 0.027142992243170738, -0.9995709657669067, 1.5672149658203125], [-0.9998953938484192, 0.009086263366043568, 0.011257976293563843, -0.0314178466796875], [0.0, 0.0, 0.0, 1.0]], [[-0.9236672520637512, 0.3831099569797516, 0.00810180138796568, 1.02593994140625], [-0.006930763833224773, 0.004436866380274296, -0.9999661445617676, 1.546802043914795], [-0.3831328749656677, -0.9236921072006226, -0.0014429438160732388, -0.098876953125], [0.0, 0.0, 0.0, 1.0]]], "view": [[0.0, -2.0, 100.0], [-2.0, 0.0, 100.0], [0.0, 0.0, 1.0]], "bev": "bev_d7105d9e32cd4befb1bbb8ae41b96632.png", "aux": "aux_d7105d9e32cd4befb1bbb8ae41b96632.npz", "visibility": "visibility_d7105d9e32cd4befb1bbb8ae41b96632.png", "pose": [[-0.8544110655784607, -0.5195977091789246, 0.0, 760.464599609375], [0.5195977091789246, -0.8544110655784607, 0.0, 1413.8084716796875], [0.0, 0.0, 1.0, 0.0], [0.0, 0.0, 0.0, 1.0]], "pose_inverse": [[-0.8544110655784607, 0.5195977091789246, 0.0, -84.86225128173828], [-0.5195977091789246, -0.8544110655784607, 0.0, 1603.1092529296875], [0.0, 0.0, 1.0, 0.0], [0.0, 0.0, 0.0, 1.0]], "cam_ids": [0, 1, 2, 3, 4, 5], "cam_channels": ["CAM_FRONT_LEFT", "CAM_FRONT", "CAM_FRONT_RIGHT", "CAM_BACK_LEFT", "CAM_BACK", "CAM_BACK_RIGHT"], "token": "d7105d9e32cd4befb1bbb8ae41b96632", "scene": "scene-0292"}, {"images": ["samples/CAM_FRONT_LEFT/n008-2018-08-31-11-19-57-0400__CAM_FRONT_LEFT__1535729122904799.jpg", "samples/CAM_FRONT/n008-2018-08-31-11-19-57-0400__CAM_FRONT__1535729122912404.jpg", "samples/CAM_FRONT_RIGHT/n008-2018-08-31-11-19-57-0400__CAM_FRONT_RIGHT__1535729122920482.jpg", "samples/CAM_BACK_LEFT/n008-2018-08-31-11-19-57-0400__CAM_BACK_LEFT__1535729122947405.jpg", "samples/CAM_BACK/n008-2018-08-31-11-19-57-0400__CAM_BACK__1535729122937558.jpg", "samples/CAM_BACK_RIGHT/n008-2018-08-31-11-19-57-0400__CAM_BACK_RIGHT__1535729122928113.jpg"], "intrinsics": [[[1257.8625342125129, 0.0, 827.2410631095686], [0.0, 1257.8625342125129, 450.915498205774], [0.0, 0.0, 1.0]], [[1252.8131021185304, 0.0, 826.588114781398], [0.0, 1252.8131021185304, 469.9846626224581], [0.0, 0.0, 1.0]], [[1256.7485116440405, 0.0, 817.7887570959712], [0.0, 1256.7485116440403, 451.9541780095127], [0.0, 0.0, 1.0]], [[1254.9860565800168, 0.0, 829.5769333630991], [0.0, 1254.9860565800168, 467.1680561863987], [0.0, 0.0, 1.0]], [[796.8910634503094, 0.0, 857.7774326863696], [0.0, 796.8910634503094, 476.8848988407415], [0.0, 0.0, 1.0]], [[1249.9629280788233, 0.0, 825.3768045375984], [0.0, 1249.9629280788233, 462.54816385708756], [0.0, 0.0, 1.0]]], "extrinsics": [[[0.8224123120307922, -0.5684946775436401, -0.02125527150928974, -0.75372314453125], [-0.004157300107181072, 0.031355828046798706, -0.9994996190071106, 1.4869232177734375], [0.5688766241073608, 0.8220892548561096, 0.023424018174409866, -1.1639404296875], [0.0, 0.0, 0.0, 1.0]], [[0.010144880041480064, -0.9995712637901306, -0.0274643637239933, 0.0111083984375], [-0.0022938097827136517, 0.02744244411587715, -0.999620795249939, 1.4794998168945312], [0.999945878982544, 0.010204091668128967, -0.0020144248846918344, -1.484832763671875], [0.0, 0.0, 0.0, 1.0]], [[-0.8440547585487366, -0.5360492467880249, -0.014924253337085247, 0.9288330078125], [0.005633279215544462, 0.018965676426887512, -0.9998041987419128, 1.4941062927246094], [0.5362274050712585, -0.8439736366271973, -0.012988354079425335, -1.1712646484375], [0.0, 0.0, 0.0, 1.0]], [[0.9478143453598022, 0.31871989369392395, -0.008099333383142948, -1.138427734375], [-0.02019193395972252, 0.03465547412633896, -0.9991952776908875, 1.5619239807128906], [-0.3181827664375305, 0.9472151398658752, 0.039282530546188354, -0.157958984375], [0.0, 0.0, 0.0, 1.0]], [[0.00935276411473751, 0.9995965957641602, 0.026817796751856804, -0.0294189453125], [-0.017887616530060768, 0.02698192186653614, -0.9994758367538452, 1.5666999816894531], [-0.9997962713241577, 0.008868161588907242, 0.018132755532860756, -0.0302734375], [0.0, 0.0, 0.0, 1.0]], [[-0.9237185120582581, 0.382813036441803, 0.01408126950263977, 1.03009033203125], [-0.013546748086810112, 0.004092015791684389, -0.9998998045921326, 1.5459017753601074], [-0.3828323185443878, -0.9238167405128479, 0.0014060005778446794, -0.095458984375], [0.0, 0.0, 0.0, 1.0]]], "view": [[0.0, -2.0, 100.0], [-2.0, 0.0, 100.0], [0.0, 0.0, 1.0]], "bev": "bev_755c28d4f4d6420f9bb791747e4bae12.png", "aux": "aux_755c28d4f4d6420f9bb791747e4bae12.npz", "visibility": "visibility_755c28d4f4d6420f9bb791747e4bae12.png", "pose": [[-0.8544825315475464, -0.5194801092147827, 0.0, 757.3650512695312], [0.5194801092147827, -0.8544825315475464, 0.0, 1415.7437744140625], [0.0, 0.0, 1.0, 0.0], [0.0, 0.0, 0.0, 1.0]], "pose_inverse": [[-0.8544825315475464, 0.5194801092147827, 0.0, -88.29554748535156], [-0.5194801092147827, -0.8544825315475464, 0.0, 1603.1644287109375], [0.0, 0.0, 1.0, 0.0], [0.0, 0.0, 0.0, 1.0]], "cam_ids": [0, 1, 2, 3, 4, 5], "cam_channels": ["CAM_FRONT_LEFT", "CAM_FRONT", "CAM_FRONT_RIGHT", "CAM_BACK_LEFT", "CAM_BACK", "CAM_BACK_RIGHT"], "token": "755c28d4f4d6420f9bb791747e4bae12", "scene": "scene-0292"}, {"images": ["samples/CAM_FRONT_LEFT/n008-2018-08-31-11-19-57-0400__CAM_FRONT_LEFT__1535729123404799.jpg", "samples/CAM_FRONT/n008-2018-08-31-11-19-57-0400__CAM_FRONT__1535729123412876.jpg", "samples/CAM_FRONT_RIGHT/n008-2018-08-31-11-19-57-0400__CAM_FRONT_RIGHT__1535729123420482.jpg", "samples/CAM_BACK_LEFT/n008-2018-08-31-11-19-57-0400__CAM_BACK_LEFT__1535729123447405.jpg", "samples/CAM_BACK/n008-2018-08-31-11-19-57-0400__CAM_BACK__1535729123437558.jpg", "samples/CAM_BACK_RIGHT/n008-2018-08-31-11-19-57-0400__CAM_BACK_RIGHT__1535729123428113.jpg"], "intrinsics": [[[1257.8625342125129, 0.0, 827.2410631095686], [0.0, 1257.8625342125129, 450.915498205774], [0.0, 0.0, 1.0]], [[1252.8131021185304, 0.0, 826.588114781398], [0.0, 1252.8131021185304, 469.9846626224581], [0.0, 0.0, 1.0]], [[1256.7485116440405, 0.0, 817.7887570959712], [0.0, 1256.7485116440403, 451.9541780095127], [0.0, 0.0, 1.0]], [[1254.9860565800168, 0.0, 829.5769333630991], [0.0, 1254.9860565800168, 467.1680561863987], [0.0, 0.0, 1.0]], [[796.8910634503094, 0.0, 857.7774326863696], [0.0, 796.8910634503094, 476.8848988407415], [0.0, 0.0, 1.0]], [[1249.9629280788233, 0.0, 825.3768045375984], [0.0, 1249.9629280788233, 462.54816385708756], [0.0, 0.0, 1.0]]], "extrinsics": [[[0.822471022605896, -0.5683417916297913, -0.02300274558365345, -0.76776123046875], [-0.007163704838603735, 0.0300871804356575, -0.9995215535163879, 1.4861640930175781], [0.5687620043754578, 0.822242259979248, 0.02067440003156662, -1.172607421875], [0.0, 0.0, 0.0, 1.0]], [[0.010216770693659782, -0.9996124505996704, -0.025894640013575554, 0.0101318359375], [-0.0051660784520208836, 0.025842880830168724, -0.9996526837348938, 1.4788932800292969], [0.9999344348907471, 0.010346929542720318, -0.0049000452272593975, -1.5008010864257812], [0.0, 0.0, 0.0, 1.0]], [[-0.8440476059913635, -0.5361433029174805, -0.01157804112881422, 0.93658447265625], [0.0028976418543606997, 0.017030084505677223, -0.9998507499694824, 1.4935684204101562], [0.5362604856491089, -0.8439551591873169, -0.012820652686059475, -1.1773681640625], [0.0, 0.0, 0.0, 1.0]], [[0.9477702379226685, 0.3187546133995056, -0.011267135851085186, -1.13922119140625], [-0.022612353786826134, 0.03191421553492546, -0.9992347359657288, 1.5619239807128906], [-0.3181510865688324, 0.9472997784614563, 0.03745513781905174, -0.15771484375], [0.0, 0.0, 0.0, 1.0]], [[0.009347723796963692, 0.9996609687805176, 0.024300415068864822, -0.029052734375], [-0.02051500789821148, 0.02448808215558529, -0.9994895458221436, 1.5666007995605469], [-0.9997459650039673, 0.008844382129609585, 0.02073696069419384, -0.02593994140625], [0.0, 0.0, 0.0, 1.0]], [[-0.9237093925476074, 0.38277459144592285, 0.015637127682566643, 1.03704833984375], [-0.016155865043401718, 0.0018594142748042941, -0.9998677372932434, 1.5456547737121582], [-0.38275304436683655, -0.9238398671150208, 0.004466497339308262, -0.09326171875], [0.0, 0.0, 0.0, 1.0]]], "view": [[0.0, -2.0, 100.0], [-2.0, 0.0, 100.0], [0.0, 0.0, 1.0]], "bev": "bev_c9026eb3fc1e42f6b8809ce10b9b4c02.png", "aux": "aux_c9026eb3fc1e42f6b8809ce10b9b4c02.npz", "visibility": "visibility_c9026eb3fc1e42f6b8809ce10b9b4c02.png", "pose": [[-0.8544405102729797, -0.5195492506027222, 0.0, 754.4251098632812], [0.5195492506027222, -0.8544405102729797, 0.0, 1417.5682373046875], [0.0, 0.0, 1.0, 0.0], [0.0, 0.0, 0.0, 1.0]], "pose_inverse": [[-0.8544405102729797, 0.5195492506027222, 0.0, -91.88509368896484], [-0.5195492506027222, -0.8544405102729797, 0.0, 1603.188720703125], [0.0, 0.0, 1.0, 0.0], [0.0, 0.0, 0.0, 1.0]], "cam_ids": [0, 1, 2, 3, 4, 5], "cam_channels": ["CAM_FRONT_LEFT", "CAM_FRONT", "CAM_FRONT_RIGHT", "CAM_BACK_LEFT", "CAM_BACK", "CAM_BACK_RIGHT"], "token": "c9026eb3fc1e42f6b8809ce10b9b4c02", "scene": "scene-0292"}, {"images": ["samples/CAM_FRONT_LEFT/n008-2018-08-31-11-19-57-0400__CAM_FRONT_LEFT__1535729123904799.jpg", "samples/CAM_FRONT/n008-2018-08-31-11-19-57-0400__CAM_FRONT__1535729123912404.jpg", "samples/CAM_FRONT_RIGHT/n008-2018-08-31-11-19-57-0400__CAM_FRONT_RIGHT__1535729123920482.jpg", "samples/CAM_BACK_LEFT/n008-2018-08-31-11-19-57-0400__CAM_BACK_LEFT__1535729123947405.jpg", "samples/CAM_BACK/n008-2018-08-31-11-19-57-0400__CAM_BACK__1535729123937558.jpg", "samples/CAM_BACK_RIGHT/n008-2018-08-31-11-19-57-0400__CAM_BACK_RIGHT__1535729123928113.jpg"], "intrinsics": [[[1257.8625342125129, 0.0, 827.2410631095686], [0.0, 1257.8625342125129, 450.915498205774], [0.0, 0.0, 1.0]], [[1252.8131021185304, 0.0, 826.588114781398], [0.0, 1252.8131021185304, 469.9846626224581], [0.0, 0.0, 1.0]], [[1256.7485116440405, 0.0, 817.7887570959712], [0.0, 1256.7485116440403, 451.9541780095127], [0.0, 0.0, 1.0]], [[1254.9860565800168, 0.0, 829.5769333630991], [0.0, 1254.9860565800168, 467.1680561863987], [0.0, 0.0, 1.0]], [[796.8910634503094, 0.0, 857.7774326863696], [0.0, 796.8910634503094, 476.8848988407415], [0.0, 0.0, 1.0]], [[1249.9629280788233, 0.0, 825.3768045375984], [0.0, 1249.9629280788233, 462.54816385708756], [0.0, 0.0, 1.0]]], "extrinsics": [[[0.8225314617156982, -0.5685132145881653, -0.015325892716646194, -0.7752685546875], [0.0001527940621599555, 0.027168959379196167, -0.9996308088302612, 1.4882354736328125], [0.5687198042869568, 0.8222254514694214, 0.022434186190366745, -1.17919921875], [0.0, 0.0, 0.0, 1.0]], [[0.01020744163542986, -0.9996824264526367, -0.023043379187583923, 0.0108642578125], [0.002373714232817292, 0.023068739101290703, -0.9997310638427734, 1.4806365966796875], [0.9999451637268066, 0.010149991139769554, 0.0026084324344992638, -1.5068511962890625], [0.0, 0.0, 0.0, 1.0]], [[-0.8440585136413574, -0.5359902381896973, -0.01672959513962269, 0.94329833984375], [0.010678166523575783, 0.014391887933015823, -0.9998394250869751, 1.4949207305908203], [0.5361449122428894, -0.84410160779953, -0.0064242021180689335, -1.18115234375], [0.0, 0.0, 0.0, 1.0]], [[0.9478609561920166, 0.31865841150283813, -0.004063080996274948, -1.14044189453125], [-0.014236652292311192, 0.029603729024529457, -0.9994602799415588, 1.5619773864746094], [-0.318366140127182, 0.9474071860313416, 0.03259684517979622, -0.1573486328125], [0.0, 0.0, 0.0, 1.0]], [[0.009300056844949722, 0.9997152090072632, 0.021979322656989098, -0.0291748046875], [-0.012300647795200348, 0.02209298498928547, -0.99968022108078, 1.5672187805175781], [-0.9998810887336731, 0.009026726707816124, 0.012502611614763737, -0.022491455078125], [0.0, 0.0, 0.0, 1.0]], [[-0.9237277507781982, 0.3829779326915741, 0.00741897989064455, 1.0423583984375], [-0.008299564942717552, -0.0006470786174759269, -0.9999653100967407, 1.546756625175476], [-0.3829596936702728, -0.9237573146820068, 0.0037762734573334455, -0.0908203125], [0.0, 0.0, 0.0, 1.0]]], "view": [[0.0, -2.0, 100.0], [-2.0, 0.0, 100.0], [0.0, 0.0, 1.0]], "bev": "bev_d27f80f74a6149dc80fb044706858f59.png", "aux": "aux_d27f80f74a6149dc80fb044706858f59.npz", "visibility": "visibility_d27f80f74a6149dc80fb044706858f59.png", "pose": [[-0.8542692065238953, -0.5198308825492859, 0.0, 751.5785522460938], [0.5198308825492859, -0.8542692065238953, 0.0, 1419.331298828125], [0.0, 0.0, 1.0, 0.0], [0.0, 0.0, 0.0, 1.0]], "pose_inverse": [[-0.8542692065238953, 0.5198308825492859, 0.0, -95.76183319091797], [-0.5198308825492859, -0.8542692065238953, 0.0, 1603.1846923828125], [0.0, 0.0, 1.0, 0.0], [0.0, 0.0, 0.0, 1.0]], "cam_ids": [0, 1, 2, 3, 4, 5], "cam_channels": ["CAM_FRONT_LEFT", "CAM_FRONT", "CAM_FRONT_RIGHT", "CAM_BACK_LEFT", "CAM_BACK", "CAM_BACK_RIGHT"], "token": "d27f80f74a6149dc80fb044706858f59", "scene": "scene-0292"}, {"images": ["samples/CAM_FRONT_LEFT/n008-2018-08-31-11-19-57-0400__CAM_FRONT_LEFT__1535729124404799.jpg", "samples/CAM_FRONT/n008-2018-08-31-11-19-57-0400__CAM_FRONT__1535729124412404.jpg", "samples/CAM_FRONT_RIGHT/n008-2018-08-31-11-19-57-0400__CAM_FRONT_RIGHT__1535729124420482.jpg", "samples/CAM_BACK_LEFT/n008-2018-08-31-11-19-57-0400__CAM_BACK_LEFT__1535729124447405.jpg", "samples/CAM_BACK/n008-2018-08-31-11-19-57-0400__CAM_BACK__1535729124437558.jpg", "samples/CAM_BACK_RIGHT/n008-2018-08-31-11-19-57-0400__CAM_BACK_RIGHT__1535729124428113.jpg"], "intrinsics": [[[1257.8625342125129, 0.0, 827.2410631095686], [0.0, 1257.8625342125129, 450.915498205774], [0.0, 0.0, 1.0]], [[1252.8131021185304, 0.0, 826.588114781398], [0.0, 1252.8131021185304, 469.9846626224581], [0.0, 0.0, 1.0]], [[1256.7485116440405, 0.0, 817.7887570959712], [0.0, 1256.7485116440403, 451.9541780095127], [0.0, 0.0, 1.0]], [[1254.9860565800168, 0.0, 829.5769333630991], [0.0, 1254.9860565800168, 467.1680561863987], [0.0, 0.0, 1.0]], [[796.8910634503094, 0.0, 857.7774326863696], [0.0, 796.8910634503094, 476.8848988407415], [0.0, 0.0, 1.0]], [[1249.9629280788233, 0.0, 825.3768045375984], [0.0, 1249.9629280788233, 462.54816385708756], [0.0, 0.0, 1.0]]], "extrinsics": [[[0.8225083351135254, -0.5685392022132874, -0.015595435164868832, -0.78582763671875], [0.004365189466625452, 0.033729974180459976, -0.9994214177131653, 1.4893531799316406], [0.5687363743782043, 0.8219643831253052, 0.030224965885281563, -1.185546875], [0.0, 0.0, 0.0, 1.0]], [[0.01018906943500042, -0.9995092749595642, -0.029621083289384842, 0.0101318359375], [0.006388103123754263, 0.029687080532312393, -0.9995388388633728, 1.4814796447753906], [0.9999276399612427, 0.009995169937610626, 0.006687451153993607, -1.517181396484375], [0.0, 0.0, 0.0, 1.0]], [[-0.8440336585044861, -0.5357741117477417, -0.02352028153836727, 0.9498291015625], [0.014482183381915092, 0.021070711314678192, -0.999673068523407, 1.4954643249511719], [0.536094605922699, -0.8440983891487122, -0.010025212541222572, -1.18603515625], [0.0, 0.0, 0.0, 1.0]], [[0.9479109048843384, 0.31853288412094116, 0.0013480611378327012, -1.1409912109375], [-0.010815685614943504, 0.03641505911946297, -0.9992782473564148, 1.5620155334472656], [-0.3183520436286926, 0.9472120404243469, 0.0379633791744709, -0.1568603515625], [0.0, 0.0, 0.0, 1.0]], [[0.009303984232246876, 0.999543309211731, 0.028751134872436523, -0.029052734375], [-0.008783790282905102, 0.028832964599132538, -0.9995456337928772, 1.5674858093261719], [-0.9999182224273682, 0.00904727354645729, 0.0090480400249362, -0.01892852783203125], [0.0, 0.0, 0.0, 1.0]], [[-0.9237172603607178, 0.3830188512802124, 0.006571686826646328, 1.04827880859375], [-0.004592927638441324, 0.006080458406358957, -0.9999709725379944, 1.5472469329833984], [-0.3830476403236389, -0.9237204790115356, -0.003857444738969207, -0.0889892578125], [0.0, 0.0, 0.0, 1.0]]], "view": [[0.0, -2.0, 100.0], [-2.0, 0.0, 100.0], [0.0, 0.0, 1.0]], "bev": "bev_1c393ffa716343749f4e6401c16fd693.png", "aux": "aux_1c393ffa716343749f4e6401c16fd693.npz", "visibility": "visibility_1c393ffa716343749f4e6401c16fd693.png", "pose": [[-0.8544887900352478, -0.5194698572158813, 0.0, 748.97412109375], [0.5194698572158813, -0.8544887900352478, 0.0, 1420.9447021484375], [0.0, 0.0, 1.0, 0.0], [0.0, 0.0, 0.0, 1.0]], "pose_inverse": [[-0.8544887900352478, 0.5194698572158813, 0.0, -98.1479721069336], [-0.5194698572158813, -0.8544887900352478, 0.0, 1603.250732421875], [0.0, 0.0, 1.0, 0.0], [0.0, 0.0, 0.0, 1.0]], "cam_ids": [0, 1, 2, 3, 4, 5], "cam_channels": ["CAM_FRONT_LEFT", "CAM_FRONT", "CAM_FRONT_RIGHT", "CAM_BACK_LEFT", "CAM_BACK", "CAM_BACK_RIGHT"], "token": "1c393ffa716343749f4e6401c16fd693", "scene": "scene-0292"}, {"images": ["samples/CAM_FRONT_LEFT/n008-2018-08-31-11-19-57-0400__CAM_FRONT_LEFT__1535729124904799.jpg", "samples/CAM_FRONT/n008-2018-08-31-11-19-57-0400__CAM_FRONT__1535729124912404.jpg", "samples/CAM_FRONT_RIGHT/n008-2018-08-31-11-19-57-0400__CAM_FRONT_RIGHT__1535729124920482.jpg", "samples/CAM_BACK_LEFT/n008-2018-08-31-11-19-57-0400__CAM_BACK_LEFT__1535729124947405.jpg", "samples/CAM_BACK/n008-2018-08-31-11-19-57-0400__CAM_BACK__1535729124937558.jpg", "samples/CAM_BACK_RIGHT/n008-2018-08-31-11-19-57-0400__CAM_BACK_RIGHT__1535729124928113.jpg"], "intrinsics": [[[1257.8625342125129, 0.0, 827.2410631095686], [0.0, 1257.8625342125129, 450.915498205774], [0.0, 0.0, 1.0]], [[1252.8131021185304, 0.0, 826.588114781398], [0.0, 1252.8131021185304, 469.9846626224581], [0.0, 0.0, 1.0]], [[1256.7485116440405, 0.0, 817.7887570959712], [0.0, 1256.7485116440403, 451.9541780095127], [0.0, 0.0, 1.0]], [[1254.9860565800168, 0.0, 829.5769333630991], [0.0, 1254.9860565800168, 467.1680561863987], [0.0, 0.0, 1.0]], [[796.8910634503094, 0.0, 857.7774326863696], [0.0, 796.8910634503094, 476.8848988407415], [0.0, 0.0, 1.0]], [[1249.9629280788233, 0.0, 825.3768045375984], [0.0, 1249.9629280788233, 462.54816385708756], [0.0, 0.0, 1.0]]], "extrinsics": [[[0.8226054906845093, -0.5683054327964783, -0.018691550940275192, -0.7977294921875], [0.0030381164979189634, 0.037264566868543625, -0.9993008375167847, 1.4889717102050781], [0.5686045289039612, 0.8219735026359558, 0.032380610704422, -1.19287109375], [0.0, 0.0, 0.0, 1.0]], [[0.010305240750312805, -0.9993957281112671, -0.033196497708559036, 0.0091552734375], [0.0049453238025307655, 0.033248793333768845, -0.9994348883628845, 1.4811248779296875], [0.999934732913971, 0.010135268792510033, 0.005284974817186594, -1.5286941528320312], [0.0, 0.0, 0.0, 1.0]], [[-0.8440108895301819, -0.5357831120491028, -0.024124324321746826, 0.95721435546875], [0.012916414067149162, 0.024661805480718613, -0.9996123909950256, 1.4950904846191406], [0.5361704230308533, -0.8439954519271851, -0.013894435949623585, -1.1912841796875], [0.0, 0.0, 0.0, 1.0]], [[0.9479010105133057, 0.31856366991996765, 0.0009685216355137527, -1.1427001953125], [-0.012598163448274136, 0.0405239537358284, -0.9990991353988647, 1.5620346069335938], [-0.3183159828186035, 0.9470348358154297, 0.042426008731126785, -0.1561279296875], [0.0, 0.0, 0.0, 1.0]], [[0.00931811984628439, 0.9994245767593384, 0.03261463716626167, -0.0286865234375], [-0.010371045209467411, 0.03271089121699333, -0.9994110465049744, 1.5674285888671875], [-0.9999028444290161, 0.00897432491183281, 0.010669881477952003, -0.01490020751953125], [0.0, 0.0, 0.0, 1.0]], [[-0.9237350225448608, 0.3829180598258972, 0.009345842525362968, 1.0545654296875], [-0.006084485910832882, 0.009727342054247856, -0.9999341368675232, 1.5471057891845703], [-0.3829837441444397, -0.9237310886383057, -0.006655627395957708, -0.0867919921875], [0.0, 0.0, 0.0, 1.0]]], "view": [[0.0, -2.0, 100.0], [-2.0, 0.0, 100.0], [0.0, 0.0, 1.0]], "bev": "bev_c800555e7f894aeb8460388f33e1bc15.png", "aux": "aux_c800555e7f894aeb8460388f33e1bc15.npz", "visibility": "visibility_c800555e7f894aeb8460388f33e1bc15.png", "pose": [[-0.8543046712875366, -0.5197725892066956, 0.0, 746.4732666015625], [0.5197725892066956, -0.8543046712875366, 0.0, 1422.505615234375], [0.0, 0.0, 1.0, 0.0], [0.0, 0.0, 0.0, 1.0]], "pose_inverse": [[-0.8543046712875366, 0.5197725892066956, 0.0, -101.66378784179688], [-0.5197725892066956, -0.8543046712875366, 0.0, 1603.24951171875], [0.0, 0.0, 1.0, 0.0], [0.0, 0.0, 0.0, 1.0]], "cam_ids": [0, 1, 2, 3, 4, 5], "cam_channels": ["CAM_FRONT_LEFT", "CAM_FRONT", "CAM_FRONT_RIGHT", "CAM_BACK_LEFT", "CAM_BACK", "CAM_BACK_RIGHT"], "token": "c800555e7f894aeb8460388f33e1bc15", "scene": "scene-0292"}, {"images": ["samples/CAM_FRONT_LEFT/n008-2018-08-31-11-19-57-0400__CAM_FRONT_LEFT__1535729125404799.jpg", "samples/CAM_FRONT/n008-2018-08-31-11-19-57-0400__CAM_FRONT__1535729125412404.jpg", "samples/CAM_FRONT_RIGHT/n008-2018-08-31-11-19-57-0400__CAM_FRONT_RIGHT__1535729125420482.jpg", "samples/CAM_BACK_LEFT/n008-2018-08-31-11-19-57-0400__CAM_BACK_LEFT__1535729125447405.jpg", "samples/CAM_BACK/n008-2018-08-31-11-19-57-0400__CAM_BACK__1535729125437558.jpg", "samples/CAM_BACK_RIGHT/n008-2018-08-31-11-19-57-0400__CAM_BACK_RIGHT__1535729125428113.jpg"], "intrinsics": [[[1257.8625342125129, 0.0, 827.2410631095686], [0.0, 1257.8625342125129, 450.915498205774], [0.0, 0.0, 1.0]], [[1252.8131021185304, 0.0, 826.588114781398], [0.0, 1252.8131021185304, 469.9846626224581], [0.0, 0.0, 1.0]], [[1256.7485116440405, 0.0, 817.7887570959712], [0.0, 1256.7485116440403, 451.9541780095127], [0.0, 0.0, 1.0]], [[1254.9860565800168, 0.0, 829.5769333630991], [0.0, 1254.9860565800168, 467.1680561863987], [0.0, 0.0, 1.0]], [[796.8910634503094, 0.0, 857.7774326863696], [0.0, 796.8910634503094, 476.8848988407415], [0.0, 0.0, 1.0]], [[1249.9629280788233, 0.0, 825.3768045375984], [0.0, 1249.9629280788233, 462.54816385708756], [0.0, 0.0, 1.0]]], "extrinsics": [[[0.8222214579582214, -0.5681958794593811, -0.03324635699391365, -0.8037109375], [-0.003850470297038555, 0.052857983857393265, -0.9985946416854858, 1.4871444702148438], [0.569154679775238, 0.8211939930915833, 0.041273150593042374, -1.1993408203125], [0.0, 0.0, 0.0, 1.0]], [[0.009701371192932129, -0.9987396001815796, -0.049244001507759094, 0.0107421875], [-0.002184147946536541, 0.049225036054849625, -0.9987853169441223, 1.4795608520507812], [0.9999505281448364, 0.009797187522053719, -0.0017038407968357205, -1.5359268188476562], [0.0, 0.0, 0.0, 1.0]], [[-0.8443359732627869, -0.5351505875587463, -0.026657000184059143, 0.962890625], [0.005529608577489853, 0.041045043617486954, -0.9991419315338135, 1.4938125610351562], [0.5357855558395386, -0.8437589406967163, -0.03169663995504379, -1.1932373046875], [0.0, 0.0, 0.0, 1.0]], [[0.9479347467422485, 0.3184623420238495, -0.0011028683511540294, -1.1417236328125], [-0.02043159119784832, 0.0573599748313427, -0.9981444478034973, 1.56201171875], [-0.3178081810474396, 0.9461984038352966, 0.06088021770119667, -0.1566162109375], [0.0, 0.0, 0.0, 1.0]], [[0.009770689532160759, 0.9987333416938782, 0.04935845732688904, -0.0291748046875], [-0.018118595704436302, 0.049529533833265305, -0.9986082911491394, 1.566986083984375], [-0.9997880458831787, 0.008862700313329697, 0.018579579889774323, -0.0124053955078125], [0.0, 0.0, 0.0, 1.0]], [[-0.9235351085662842, 0.38283610343933105, 0.022788163274526596, 1.05828857421875], [-0.013706734403967857, 0.026432737708091736, -0.9995566010475159, 1.5462570190429688], [-0.38326868414878845, -0.9234380125999451, -0.019164131954312325, -0.084228515625], [0.0, 0.0, 0.0, 1.0]]], "view": [[0.0, -2.0, 100.0], [-2.0, 0.0, 100.0], [0.0, 0.0, 1.0]], "bev": "bev_224a6aa030ff4459855e4aca9b6dd9d8.png", "aux": "aux_224a6aa030ff4459855e4aca9b6dd9d8.npz", "visibility": "visibility_224a6aa030ff4459855e4aca9b6dd9d8.png", "pose": [[-0.8537796139717102, -0.5206345319747925, 0.0, 744.045166015625], [0.5206345319747925, -0.8537796139717102, 0.0, 1424.034912109375], [0.0, 0.0, 1.0, 0.0], [0.0, 0.0, 0.0, 1.0]], "pose_inverse": [[-0.8537796139717102, 0.5206345319747925, 0.0, -106.15116119384766], [-0.5206345319747925, -0.8537796139717102, 0.0, 1603.1876220703125], [0.0, 0.0, 1.0, 0.0], [0.0, 0.0, 0.0, 1.0]], "cam_ids": [0, 1, 2, 3, 4, 5], "cam_channels": ["CAM_FRONT_LEFT", "CAM_FRONT", "CAM_FRONT_RIGHT", "CAM_BACK_LEFT", "CAM_BACK", "CAM_BACK_RIGHT"], "token": "224a6aa030ff4459855e4aca9b6dd9d8", "scene": "scene-0292"}, {"images": ["samples/CAM_FRONT_LEFT/n008-2018-08-31-11-19-57-0400__CAM_FRONT_LEFT__1535729125904799.jpg", "samples/CAM_FRONT/n008-2018-08-31-11-19-57-0400__CAM_FRONT__1535729125912404.jpg", "samples/CAM_FRONT_RIGHT/n008-2018-08-31-11-19-57-0400__CAM_FRONT_RIGHT__1535729125920482.jpg", "samples/CAM_BACK_LEFT/n008-2018-08-31-11-19-57-0400__CAM_BACK_LEFT__1535729125947405.jpg", "samples/CAM_BACK/n008-2018-08-31-11-19-57-0400__CAM_BACK__1535729125937558.jpg", "samples/CAM_BACK_RIGHT/n008-2018-08-31-11-19-57-0400__CAM_BACK_RIGHT__1535729125928113.jpg"], "intrinsics": [[[1257.8625342125129, 0.0, 827.2410631095686], [0.0, 1257.8625342125129, 450.915498205774], [0.0, 0.0, 1.0]], [[1252.8131021185304, 0.0, 826.588114781398], [0.0, 1252.8131021185304, 469.9846626224581], [0.0, 0.0, 1.0]], [[1256.7485116440405, 0.0, 817.7887570959712], [0.0, 1256.7485116440403, 451.9541780095127], [0.0, 0.0, 1.0]], [[1254.9860565800168, 0.0, 829.5769333630991], [0.0, 1254.9860565800168, 467.1680561863987], [0.0, 0.0, 1.0]], [[796.8910634503094, 0.0, 857.7774326863696], [0.0, 796.8910634503094, 476.8848988407415], [0.0, 0.0, 1.0]], [[1249.9629280788233, 0.0, 825.3768045375984], [0.0, 1249.9629280788233, 462.54816385708756], [0.0, 0.0, 1.0]]], "extrinsics": [[[0.8222222328186035, -0.5688951015472412, -0.017573494464159012, -0.82415771484375], [0.00996491964906454, 0.04525964334607124, -0.998925507068634, 1.4904022216796875], [0.5690792798995972, 0.8211637139320374, 0.04288248345255852, -1.210205078125], [0.0, 0.0, 0.0, 1.0]], [[0.009828031063079834, -0.9991095066070557, -0.04103095456957817, 0.008544921875], [0.012943289242684841, 0.04115660488605499, -0.9990688562393188, 1.482421875], [0.999867856502533, 0.009287727065384388, 0.013336250558495522, -1.5552597045898438], [0.0, 0.0, 0.0, 1.0]], [[-0.8440840244293213, -0.535000205039978, -0.036014191806316376, 0.9752197265625], [0.022051023319363594, 0.0324738547205925, -0.9992292523384094, 1.4960708618164062], [0.5357574224472046, -0.8442275524139404, -0.015613358467817307, -1.203125], [0.0, 0.0, 0.0, 1.0]], [[0.9478696584701538, 0.3183386027812958, 0.014265770092606544, -1.14752197265625], [-0.000906317203771323, 0.04746127128601074, -0.9988726377487183, 1.5620346069335938], [-0.31865692138671875, 0.9467881917953491, 0.04527561739087105, -0.155029296875], [0.0, 0.0, 0.0, 1.0]], [[0.009344630874693394, 0.9991561770439148, 0.03999494016170502, -0.0286865234375], [8.887318836059421e-05, 0.03999585658311844, -0.9991998076438904, 1.56805419921875], [-0.9999563097953796, 0.009340668097138405, 0.00028494620346464217, -0.0045166015625], [0.0, 0.0, 0.0, 1.0]], [[-0.9235897660255432, 0.3833679258823395, 0.003295332659035921, 1.07000732421875], [0.0036536098923534155, 0.0173964723944664, -0.9998419880867004, 1.5481548309326172], [-0.38336461782455444, -0.9234317541122437, -0.017467882484197617, -0.08056640625], [0.0, 0.0, 0.0, 1.0]]], "view": [[0.0, -2.0, 100.0], [-2.0, 0.0, 100.0], [0.0, 0.0, 1.0]], "bev": "bev_d30cdaaef94a42d18b284fdf189ab747.png", "aux": "aux_d30cdaaef94a42d18b284fdf189ab747.npz", "visibility": "visibility_d30cdaaef94a42d18b284fdf189ab747.png", "pose": [[-0.8550131320953369, -0.5186063051223755, 0.0, 741.7874145507812], [0.5186063051223755, -0.8550131320953369, 0.0, 1425.4642333984375], [0.0, 0.0, 1.0, 0.0], [0.0, 0.0, 0.0, 1.0]], "pose_inverse": [[-0.8550131320953369, 0.5186063051223755, 0.0, -105.0167465209961], [-0.5186063051223755, -0.8550131320953369, 0.0, 1603.486328125], [0.0, 0.0, 1.0, 0.0], [0.0, 0.0, 0.0, 1.0]], "cam_ids": [0, 1, 2, 3, 4, 5], "cam_channels": ["CAM_FRONT_LEFT", "CAM_FRONT", "CAM_FRONT_RIGHT", "CAM_BACK_LEFT", "CAM_BACK", "CAM_BACK_RIGHT"], "token": "d30cdaaef94a42d18b284fdf189ab747", "scene": "scene-0292"}, {"images": ["samples/CAM_FRONT_LEFT/n008-2018-08-31-11-19-57-0400__CAM_FRONT_LEFT__1535729126404799.jpg", "samples/CAM_FRONT/n008-2018-08-31-11-19-57-0400__CAM_FRONT__1535729126412407.jpg", "samples/CAM_FRONT_RIGHT/n008-2018-08-31-11-19-57-0400__CAM_FRONT_RIGHT__1535729126420482.jpg", "samples/CAM_BACK_LEFT/n008-2018-08-31-11-19-57-0400__CAM_BACK_LEFT__1535729126447405.jpg", "samples/CAM_BACK/n008-2018-08-31-11-19-57-0400__CAM_BACK__1535729126437558.jpg", "samples/CAM_BACK_RIGHT/n008-2018-08-31-11-19-57-0400__CAM_BACK_RIGHT__1535729126428113.jpg"], "intrinsics": [[[1257.8625342125129, 0.0, 827.2410631095686], [0.0, 1257.8625342125129, 450.915498205774], [0.0, 0.0, 1.0]], [[1252.8131021185304, 0.0, 826.588114781398], [0.0, 1252.8131021185304, 469.9846626224581], [0.0, 0.0, 1.0]], [[1256.7485116440405, 0.0, 817.7887570959712], [0.0, 1256.7485116440403, 451.9541780095127], [0.0, 0.0, 1.0]], [[1254.9860565800168, 0.0, 829.5769333630991], [0.0, 1254.9860565800168, 467.1680561863987], [0.0, 0.0, 1.0]], [[796.8910634503094, 0.0, 857.7774326863696], [0.0, 796.8910634503094, 476.8848988407415], [0.0, 0.0, 1.0]], [[1249.9629280788233, 0.0, 825.3768045375984], [0.0, 1249.9629280788233, 462.54816385708756], [0.0, 0.0, 1.0]]], "extrinsics": [[[0.8214053511619568, -0.5702860355377197, -0.00818168930709362, -0.83160400390625], [0.0139321843162179, 0.03440382331609726, -0.9993109107017517, 1.4912261962890625], [0.5701746344566345, 0.8207253813743591, 0.03620481491088867, -1.2132568359375], [0.0, 0.0, 0.0, 1.0]], [[0.008688117377460003, -0.9995095729827881, -0.03008612059056759, 0.0072021484375], [0.015421331860125065, 0.030217602849006653, -0.9994243383407593, 1.4828262329101562], [0.9998433589935303, 0.008219086565077305, 0.01567630097270012, -1.561553955078125], [0.0, 0.0, 0.0, 1.0]], [[-0.8445444107055664, -0.5345957279205322, -0.03085687942802906, 0.97845458984375], [0.02294594794511795, 0.02144196815788746, -0.9995067119598389, 1.4961204528808594], [0.5349936485290527, -0.8448358178138733, -0.005841888953000307, -1.206298828125], [0.0, 0.0, 0.0, 1.0]], [[0.9478731751441956, 0.31853780150413513, 0.008381552062928677, -1.1448974609375], [-0.003418081672862172, 0.036466121673583984, -0.9993290901184082, 1.5620384216308594], [-0.318629652261734, 0.9472084641456604, 0.03565404564142227, -0.1558837890625], [0.0, 0.0, 0.0, 1.0]], [[0.00964110903441906, 0.9995338320732117, 0.028966721147298813, -0.0283203125], [-0.0009971042163670063, 0.028977662324905396, -0.9995795488357544, 1.5680084228515625], [-0.9999529719352722, 0.009608189575374126, 0.0012760162353515625, -0.0041046142578125], [0.0, 0.0, 0.0, 1.0]], [[-0.9233508110046387, 0.3839564621448517, -0.000817689870018512, 1.07281494140625], [0.003516357159242034, 0.006326659582555294, -0.9999738335609436, 1.5481414794921875], [-0.38394126296043396, -0.9233294725418091, -0.0071918535977602005, -0.080078125], [0.0, 0.0, 0.0, 1.0]]], "view": [[0.0, -2.0, 100.0], [-2.0, 0.0, 100.0], [0.0, 0.0, 1.0]], "bev": "bev_f6d211a91baf429d9b5a8b9bfc459a8b.png", "aux": "aux_f6d211a91baf429d9b5a8b9bfc459a8b.npz", "visibility": "visibility_f6d211a91baf429d9b5a8b9bfc459a8b.png", "pose": [[-0.8586788177490234, -0.512514054775238, 0.0, 739.6719360351562], [0.512514054775238, -0.8586788177490234, 0.0, 1426.761962890625], [0.0, 0.0, 1.0, 0.0], [0.0, 0.0, 0.0, 1.0]], "pose_inverse": [[-0.8586788177490234, 0.512514054775238, 0.0, -96.09490966796875], [-0.512514054775238, -0.8586788177490234, 0.0, 1604.2225341796875], [0.0, 0.0, 1.0, 0.0], [0.0, 0.0, 0.0, 1.0]], "cam_ids": [0, 1, 2, 3, 4, 5], "cam_channels": ["CAM_FRONT_LEFT", "CAM_FRONT", "CAM_FRONT_RIGHT", "CAM_BACK_LEFT", "CAM_BACK", "CAM_BACK_RIGHT"], "token": "f6d211a91baf429d9b5a8b9bfc459a8b", "scene": "scene-0292"}, {"images": ["samples/CAM_FRONT_LEFT/n008-2018-08-31-11-19-57-0400__CAM_FRONT_LEFT__1535729126904799.jpg", "samples/CAM_FRONT/n008-2018-08-31-11-19-57-0400__CAM_FRONT__1535729126912404.jpg", "samples/CAM_FRONT_RIGHT/n008-2018-08-31-11-19-57-0400__CAM_FRONT_RIGHT__1535729126920482.jpg", "samples/CAM_BACK_LEFT/n008-2018-08-31-11-19-57-0400__CAM_BACK_LEFT__1535729126947405.jpg", "samples/CAM_BACK/n008-2018-08-31-11-19-57-0400__CAM_BACK__1535729126937558.jpg", "samples/CAM_BACK_RIGHT/n008-2018-08-31-11-19-57-0400__CAM_BACK_RIGHT__1535729126928113.jpg"], "intrinsics": [[[1257.8625342125129, 0.0, 827.2410631095686], [0.0, 1257.8625342125129, 450.915498205774], [0.0, 0.0, 1.0]], [[1252.8131021185304, 0.0, 826.588114781398], [0.0, 1252.8131021185304, 469.9846626224581], [0.0, 0.0, 1.0]], [[1256.7485116440405, 0.0, 817.7887570959712], [0.0, 1256.7485116440403, 451.9541780095127], [0.0, 0.0, 1.0]], [[1254.9860565800168, 0.0, 829.5769333630991], [0.0, 1254.9860565800168, 467.1680561863987], [0.0, 0.0, 1.0]], [[796.8910634503094, 0.0, 857.7774326863696], [0.0, 796.8910634503094, 476.8848988407415], [0.0, 0.0, 1.0]], [[1249.9629280788233, 0.0, 825.3768045375984], [0.0, 1249.9629280788233, 462.54816385708756], [0.0, 0.0, 1.0]]], "extrinsics": [[[0.8200917840003967, -0.5722149014472961, -0.0044356961734592915, -0.8282470703125], [0.01605973392724991, 0.03076375648379326, -0.9993976354598999, 1.4916725158691406], [0.5720067024230957, 0.8195265531539917, 0.03441872075200081, -1.21240234375], [0.0, 0.0, 0.0, 1.0]], [[0.006889785174280405, -0.9996263980865479, -0.026448236778378487, 0.00830078125], [0.01801968365907669, 0.02656867913901806, -0.9994845986366272, 1.4832763671875], [0.9998138546943665, 0.006409593392163515, 0.01819600537419319, -1.5595207214355469], [0.0, 0.0, 0.0, 1.0]], [[-0.8451951742172241, -0.5335279107093811, -0.03151129558682442, 0.9781494140625], [0.026042185723781586, 0.017777686938643456, -0.9995027780532837, 1.4965362548828125], [0.5338228344917297, -0.8455955982208252, -0.0011313819559291005, -1.2049560546875], [0.0, 0.0, 0.0, 1.0]], [[0.9477724432945251, 0.3187587857246399, 0.010966727510094643, -1.1466064453125], [0.0004958360805176198, 0.032911550253629684, -0.9994581341743469, 1.5620155334472656], [-0.31894704699516296, 0.9472643136978149, 0.03103460557758808, -0.1558837890625], [0.0, 0.0, 0.0, 1.0]], [[0.010019911453127861, 0.9996257424354553, 0.025457320734858513, -0.0289306640625], [0.002672368660569191, 0.025431739166378975, -0.9996729493141174, 1.5681724548339844], [-0.9999462962150574, 0.010084670968353748, -0.0024165455251932144, -0.00196075439453125], [0.0, 0.0, 0.0, 1.0]], [[-0.9229605197906494, 0.384856641292572, -0.0054160007275640965, 1.072998046875], [0.007001237943768501, 0.00271793850697577, -0.9999718070030212, 1.5484695434570312], [-0.3848310112953186, -0.9229723215103149, -0.005203021690249443, -0.079345703125], [0.0, 0.0, 0.0, 1.0]]], "view": [[0.0, -2.0, 100.0], [-2.0, 0.0, 100.0], [0.0, 0.0, 1.0]], "bev": "bev_17444b359895435398fc769612cf3b09.png", "aux": "aux_17444b359895435398fc769612cf3b09.npz", "visibility": "visibility_17444b359895435398fc769612cf3b09.png", "pose": [[-0.8786850571632385, -0.4774019122123718, 0.0, 737.5536499023438], [0.4774019122123718, -0.8786850571632385, 0.0, 1427.9879150390625], [0.0, 0.0, 1.0, 0.0], [0.0, 0.0, 0.0, 1.0]], "pose_inverse": [[-0.8786850571632385, 0.4774019122123718, 0.0, -33.64678192138672], [-0.4774019122123718, -0.8786850571632385, 0.0, 1606.8612060546875], [0.0, 0.0, 1.0, 0.0], [0.0, 0.0, 0.0, 1.0]], "cam_ids": [0, 1, 2, 3, 4, 5], "cam_channels": ["CAM_FRONT_LEFT", "CAM_FRONT", "CAM_FRONT_RIGHT", "CAM_BACK_LEFT", "CAM_BACK", "CAM_BACK_RIGHT"], "token": "17444b359895435398fc769612cf3b09", "scene": "scene-0292"}, {"images": ["samples/CAM_FRONT_LEFT/n008-2018-08-31-11-19-57-0400__CAM_FRONT_LEFT__1535729127404799.jpg", "samples/CAM_FRONT/n008-2018-08-31-11-19-57-0400__CAM_FRONT__1535729127412404.jpg", "samples/CAM_FRONT_RIGHT/n008-2018-08-31-11-19-57-0400__CAM_FRONT_RIGHT__1535729127420482.jpg", "samples/CAM_BACK_LEFT/n008-2018-08-31-11-19-57-0400__CAM_BACK_LEFT__1535729127447405.jpg", "samples/CAM_BACK/n008-2018-08-31-11-19-57-0400__CAM_BACK__1535729127437558.jpg", "samples/CAM_BACK_RIGHT/n008-2018-08-31-11-19-57-0400__CAM_BACK_RIGHT__1535729127428113.jpg"], "intrinsics": [[[1257.8625342125129, 0.0, 827.2410631095686], [0.0, 1257.8625342125129, 450.915498205774], [0.0, 0.0, 1.0]], [[1252.8131021185304, 0.0, 826.588114781398], [0.0, 1252.8131021185304, 469.9846626224581], [0.0, 0.0, 1.0]], [[1256.7485116440405, 0.0, 817.7887570959712], [0.0, 1256.7485116440403, 451.9541780095127], [0.0, 0.0, 1.0]], [[1254.9860565800168, 0.0, 829.5769333630991], [0.0, 1254.9860565800168, 467.1680561863987], [0.0, 0.0, 1.0]], [[796.8910634503094, 0.0, 857.7774326863696], [0.0, 796.8910634503094, 476.8848988407415], [0.0, 0.0, 1.0]], [[1249.9629280788233, 0.0, 825.3768045375984], [0.0, 1249.9629280788233, 462.54816385708756], [0.0, 0.0, 1.0]]], "extrinsics": [[[0.8203515410423279, -0.5718119144439697, -0.0073789856396615505, -0.8309326171875], [0.009150776080787182, 0.02602783963084221, -0.9996193051338196, 1.4901809692382812], [0.5717862844467163, 0.8199717402458191, 0.026584500446915627, -1.2139892578125], [0.0, 0.0, 0.0, 1.0]], [[0.007156243082135916, -0.9997350573539734, -0.021876854822039604, 0.0078125], [0.010845066979527473, 0.021953722462058067, -0.9997001886367798, 1.4820137023925781], [0.999915599822998, 0.0069168731570243835, 0.010999299585819244, -1.5617599487304688], [0.0, 0.0, 0.0, 1.0]], [[-0.8452144265174866, -0.5339401364326477, -0.02281293459236622, 0.97906494140625], [0.018586352467536926, 0.013292735442519188, -0.999738872051239, 1.495523452758789], [0.5341039896011353, -0.8454177975654602, -0.0013112127780914307, -1.205810546875], [0.0, 0.0, 0.0, 1.0]], [[0.9478520154953003, 0.3187044858932495, 0.001999438274651766, -1.14654541015625], [-0.007521852385252714, 0.0286414697766304, -0.9995614886283875, 1.5620574951171875], [-0.318621963262558, 0.9474213123321533, 0.029545122757554054, -0.1552734375], [0.0, 0.0, 0.0, 1.0]], [[0.010058306157588959, 0.9997284412384033, 0.02102276124060154, -0.0286865234375], [-0.005052370019257069, 0.021074365824460983, -0.9