[{"images": ["samples/CAM_FRONT_LEFT/n015-2018-11-14-18-57-54+0800__CAM_FRONT_LEFT__1542193501504844.jpg", "samples/CAM_FRONT/n015-2018-11-14-18-57-54+0800__CAM_FRONT__1542193501512460.jpg", "samples/CAM_FRONT_RIGHT/n015-2018-11-14-18-57-54+0800__CAM_FRONT_RIGHT__1542193501520339.jpg", "samples/CAM_BACK_LEFT/n015-2018-11-14-18-57-54+0800__CAM_BACK_LEFT__1542193501547423.jpg", "samples/CAM_BACK/n015-2018-11-14-18-57-54+0800__CAM_BACK__1542193501537525.jpg", "samples/CAM_BACK_RIGHT/n015-2018-11-14-18-57-54+0800__CAM_BACK_RIGHT__1542193501527893.jpg"], "intrinsics": [[[1272.5979470598488, 0.0, 826.6154927353808], [0.0, 1272.5979470598488, 479.75165386361925], [0.0, 0.0, 1.0]], [[1266.417203046554, 0.0, 816.2670197447984], [0.0, 1266.417203046554, 491.50706579294757], [0.0, 0.0, 1.0]], [[1260.8474446004698, 0.0, 807.968244525554], [0.0, 1260.8474446004698, 495.3344268742088], [0.0, 0.0, 1.0]], [[1256.7414812095406, 0.0, 792.1125740759628], [0.0, 1256.7414812095406, 492.7757465151356], [0.0, 0.0, 1.0]], [[809.2209905677063, 0.0, 829.2196003259838], [0.0, 809.2209905677063, 481.77842384512485], [0.0, 0.0, 1.0]], [[1259.5137405846733, 0.0, 807.2529053838625], [0.0, 1259.5137405846733, 501.19579884916527], [0.0, 0.0, 1.0]]], "extrinsics": [[[0.8207937479019165, -0.5709879398345947, 0.016444966197013855, -0.8206787109375], [0.015592926181852818, -0.006382016930729151, -0.999858021736145, 1.5109806060791016], [0.5710117816925049, 0.8209336400032043, 0.0036650532856583595, -1.182373046875], [0.0, 0.0, 0.0, 1.0]], [[0.005826214794069529, -0.9999284148216248, 0.010452259331941605, 0.00732421875], [0.010511962696909904, -0.01039061788469553, -0.9998908042907715, 1.5220670700073242], [0.9999277591705322, 0.005935434252023697, 0.01045067235827446, -1.547882080078125], [0.0, 0.0, 0.0, 1.0]], [[-0.8326007723808289, -0.5535992980003357, -0.017427200451493263, 0.9385986328125], [0.016354240477085114, 0.006878452375531197, -0.9998425841331482, 1.5054950714111328], [0.5536320209503174, -0.8327547907829285, 0.003326692385599017, -1.184814453125], [0.0, 0.0, 0.0, 1.0]], [[0.9475538730621338, 0.3191480040550232, 0.016920050606131554, -1.1348876953125], [0.02570674754679203, -0.023339267820119858, -0.9993970394134521, 1.5887584686279297], [-0.3185606300830841, 0.9474175572395325, -0.030319469049572945, -0.106201171875], [0.0, 0.0, 0.0, 1.0]], [[0.0024304308462888002, 0.9999077916145325, -0.013364920392632484, 0.00244140625], [1.103358135878807e-05, -0.013364986516535282, -0.9999106526374817, 1.5793647766113281], [-0.999997079372406, 0.0024300869554281235, -4.3515094148460776e-05, -0.04437255859375], [0.0, 0.0, 0.0, 1.0]], [[-0.9345035552978516, 0.3547206521034241, -0.029605619609355927, 1.0575408935546875], [0.032391466200351715, 0.0019167403224855661, -0.9994733929634094, 1.5541658401489258], [-0.35447707772254944, -0.9349703788757324, -0.013281121850013733, -0.092529296875], [0.0, 0.0, 0.0, 1.0]]], "view": [[0.0, -2.0, 100.0], [-2.0, 0.0, 100.0], [0.0, 0.0, 1.0]], "bev": "bev_087fe5b9004d430494d151472de11fbb.png", "aux": "aux_087fe5b9004d430494d151472de11fbb.npz", "visibility": "visibility_087fe5b9004d430494d151472de11fbb.png", "pose": [[0.981427788734436, 0.19183208048343658, 0.0, 749.2634887695312], [-0.19183208048343658, 0.981427788734436, 0.0, 1558.836181640625], [0.0, 0.0, 1.0, 0.0], [0.0, 0.0, 0.0, 1.0]], "pose_inverse": [[0.981427788734436, -0.19183208048343658, 0.0, -436.3132019042969], [0.19183208048343658, 0.981427788734436, 0.0, -1673.617919921875], [0.0, 0.0, 1.0, 0.0], [0.0, 0.0, 0.0, 1.0]], "cam_ids": [0, 1, 2, 3, 4, 5], "cam_channels": ["CAM_FRONT_LEFT", "CAM_FRONT", "CAM_FRONT_RIGHT", "CAM_BACK_LEFT", "CAM_BACK", "CAM_BACK_RIGHT"], "token": "087fe5b9004d430494d151472de11fbb", "scene": "scene-1006"}, {"images": ["samples/CAM_FRONT_LEFT/n015-2018-11-14-18-57-54+0800__CAM_FRONT_LEFT__1542193502004844.jpg", "samples/CAM_FRONT/n015-2018-11-14-18-57-54+0800__CAM_FRONT__1542193502012460.jpg", "samples/CAM_FRONT_RIGHT/n015-2018-11-14-18-57-54+0800__CAM_FRONT_RIGHT__1542193502020339.jpg", "samples/CAM_BACK_LEFT/n015-2018-11-14-18-57-54+0800__CAM_BACK_LEFT__1542193502047423.jpg", "samples/CAM_BACK/n015-2018-11-14-18-57-54+0800__CAM_BACK__1542193502037525.jpg", "samples/CAM_BACK_RIGHT/n015-2018-11-14-18-57-54+0800__CAM_BACK_RIGHT__1542193502027893.jpg"], "intrinsics": [[[1272.5979470598488, 0.0, 826.6154927353808], [0.0, 1272.5979470598488, 479.75165386361925], [0.0, 0.0, 1.0]], [[1266.417203046554, 0.0, 816.2670197447984], [0.0, 1266.417203046554, 491.50706579294757], [0.0, 0.0, 1.0]], [[1260.8474446004698, 0.0, 807.968244525554], [0.0, 1260.8474446004698, 495.3344268742088], [0.0, 0.0, 1.0]], [[1256.7414812095406, 0.0, 792.1125740759628], [0.0, 1256.7414812095406, 492.7757465151356], [0.0, 0.0, 1.0]], [[809.2209905677063, 0.0, 829.2196003259838], [0.0, 809.2209905677063, 481.77842384512485], [0.0, 0.0, 1.0]], [[1259.5137405846733, 0.0, 807.2529053838625], [0.0, 1259.5137405846733, 501.19579884916527], [0.0, 0.0, 1.0]]], "extrinsics": [[[0.8206812143325806, -0.5710715055465698, 0.018964800983667374, -0.83892822265625], [0.019674649462103844, -0.004928073845803738, -0.9997943043708801, 1.5112696886062622], [0.5710473656654358, 0.8208855390548706, 0.007191253826022148, -1.1927490234375], [0.0, 0.0, 0.0, 1.0]], [[0.0057363444939255714, -0.9999421834945679, 0.00908881425857544, 0.0059814453125], [0.014538719318807125, -0.009004605934023857, -0.999853789806366, 1.522378921508789], [0.9998778104782104, 0.005867668427526951, 0.014486224390566349, -1.56549072265625], [0.0, 0.0, 0.0, 1.0]], [[-0.8325400352478027, -0.5535489320755005, -0.021461570635437965, 0.9498291015625], [0.020324455574154854, 0.008193484507501125, -0.9997598528862, 1.5056571960449219], [0.5535918474197388, -0.8327763080596924, 0.004429178312420845, -1.1937255859375], [0.0, 0.0, 0.0, 1.0]], [[0.9474689960479736, 0.31917163729667664, 0.020782241597771645, -1.136962890625], [0.029416607692837715, -0.022255193442106247, -0.9993194341659546, 1.588724136352539], [-0.31849193572998047, 0.9474355578422546, -0.030475053936243057, -0.105712890625], [0.0, 0.0, 0.0, 1.0]], [[0.0024630886036902666, 0.9999226331710815, -0.012190389446914196, 0.0028076171875], [0.0038514966145157814, -0.012199820019304752, -0.9999181628227234, 1.5795097351074219], [-0.9999895691871643, 0.0024159476161003113, -0.0038812465500086546, -0.037353515625], [0.0, 0.0, 0.0, 1.0]], [[-0.9343774318695068, 0.3547689616680145, -0.03282824158668518, 1.06829833984375], [0.03631524741649628, 0.003173128003254533, -0.9993353486061096, 1.554086685180664], [-0.3544290363788605, -0.9349486827850342, -0.015848424285650253, -0.0894775390625], [0.0, 0.0, 0.0, 1.0]]], "view": [[0.0, -2.0, 100.0], [-2.0, 0.0, 100.0], [0.0, 0.0, 1.0]], "bev": "bev_91f5839380e94269848a62fe86e4e13c.png", "aux": "aux_91f5839380e94269848a62fe86e4e13c.npz", "visibility": "visibility_91f5839380e94269848a62fe86e4e13c.png", "pose": [[0.9811027646064758, 0.1934872567653656, 0.0, 751.0332641601562], [-0.1934872567653656, 0.9811027646064758, 0.0, 1558.47802734375], [0.0, 0.0, 1.0, 0.0], [0.0, 0.0, 0.0, 1.0]], "pose_inverse": [[0.9811027646064758, -0.1934872567653656, 0.0, -435.2951965332031], [0.1934872567653656, 0.9811027646064758, 0.0, -1674.342529296875], [0.0, 0.0, 1.0, 0.0], [0.0, 0.0, 0.0, 1.0]], "cam_ids": [0, 1, 2, 3, 4, 5], "cam_channels": ["CAM_FRONT_LEFT", "CAM_FRONT", "CAM_FRONT_RIGHT", "CAM_BACK_LEFT", "CAM_BACK", "CAM_BACK_RIGHT"], "token": "91f5839380e94269848a62fe86e4e13c", "scene": "scene-1006"}, {"images": ["samples/CAM_FRONT_LEFT/n015-2018-11-14-18-57-54+0800__CAM_FRONT_LEFT__1542193502504844.jpg", "samples/CAM_FRONT/n015-2018-11-14-18-57-54+0800__CAM_FRONT__1542193502512460.jpg", "samples/CAM_FRONT_RIGHT/n015-2018-11-14-18-57-54+0800__CAM_FRONT_RIGHT__1542193502520339.jpg", "samples/CAM_BACK_LEFT/n015-2018-11-14-18-57-54+0800__CAM_BACK_LEFT__1542193502547423.jpg", "samples/CAM_BACK/n015-2018-11-14-18-57-54+0800__CAM_BACK__1542193502537525.jpg", "samples/CAM_BACK_RIGHT/n015-2018-11-14-18-57-54+0800__CAM_BACK_RIGHT__1542193502527893.jpg"], "intrinsics": [[[1272.5979470598488, 0.0, 826.6154927353808], [0.0, 1272.5979470598488, 479.75165386361925], [0.0, 0.0, 1.0]], [[1266.417203046554, 0.0, 816.2670197447984], [0.0, 1266.417203046554, 491.50706579294757], [0.0, 0.0, 1.0]], [[1260.8474446004698, 0.0, 807.968244525554], [0.0, 1260.8474446004698, 495.3344268742088], [0.0, 0.0, 1.0]], [[1256.7414812095406, 0.0, 792.1125740759628], [0.0, 1256.7414812095406, 492.7757465151356], [0.0, 0.0, 1.0]], [[809.2209905677063, 0.0, 829.2196003259838], [0.0, 809.2209905677063, 481.77842384512485], [0.0, 0.0, 1.0]], [[1259.5137405846733, 0.0, 807.2529053838625], [0.0, 1259.5137405846733, 501.19579884916527], [0.0, 0.0, 1.0]]], "extrinsics": [[[0.820643961429596, -0.5710815787315369, 0.02023336850106716, -0.848876953125], [0.022679580375552177, -0.0028301149141043425, -0.9997388124465942, 1.511453628540039], [0.5709895491600037, 0.8208884596824646, 0.010629371739923954, -1.19970703125], [0.0, 0.0, 0.0, 1.0]], [[0.0057439724914729595, -0.9999589920043945, 0.007005466613918543, 0.0057373046875], [0.017523307353258133, -0.006903855595737696, -0.9998226761817932, 1.5225753784179688], [0.9998299479484558, 0.005865710787475109, 0.017482930794358253, -1.57574462890625], [0.0, 0.0, 0.0, 1.0]], [[-0.832453727722168, -0.5535261034965515, -0.025093063712120056, 0.9564208984375], [0.023286765441298485, 0.010297208093106747, -0.9996758103370667, 1.5057640075683594], [0.5536050796508789, -0.8327682018280029, 0.004317882936447859, -1.1982421875], [0.0, 0.0, 0.0, 1.0]], [[0.9473987817764282, 0.31913214921951294, 0.024294136092066765, -1.137939453125], [0.03240637108683586, -0.02013368159532547, -0.9992719888687134, 1.5886859893798828], [-0.3184106945991516, 0.9474963545799255, -0.029416538774967194, -0.1046142578125], [0.0, 0.0, 0.0, 1.0]], [[0.0024670367129147053, 0.9999462962150574, -0.010065281763672829, 0.0029296875], [0.0068229022435843945, -0.010081909596920013, -0.9999259114265442, 1.5796003341674805], [-0.9999737739562988, 0.0023981628473848104, -0.006847407203167677, -0.033843994140625], [0.0, 0.0, 0.0, 1.0]], [[-0.9342889785766602, 0.35480931401252747, -0.03485073894262314, 1.07403564453125], [0.03927553817629814, 0.005274205002933741, -0.9992144703865051, 1.5540657043457031], [-0.35434675216674805, -0.9349238276481628, -0.018862957134842873, -0.087158203125], [0.0, 0.0, 0.0, 1.0]]], "view": [[0.0, -2.0, 100.0], [-2.0, 0.0, 100.0], [0.0, 0.0, 1.0]], "bev": "bev_928e1e7a905c470982e19c2fb4fe22f6.png", "aux": "aux_928e1e7a905c470982e19c2fb4fe22f6.npz", "visibility": "visibility_928e1e7a905c470982e19c2fb4fe22f6.png", "pose": [[0.9807902574539185, 0.195065438747406, 0.0, 752.6499633789062], [-0.195065438747406, 0.9807902574539185, 0.0, 1558.152099609375], [0.0, 0.0, 1.0, 0.0], [0.0, 0.0, 0.0, 1.0]], "pose_inverse": [[0.9807902574539185, -0.195065438747406, 0.0, -434.2500915527344], [0.195065438747406, 0.9807902574539185, 0.0, -1675.036376953125], [0.0, 0.0, 1.0, 0.0], [0.0, 0.0, 0.0, 1.0]], "cam_ids": [0, 1, 2, 3, 4, 5], "cam_channels": ["CAM_FRONT_LEFT", "CAM_FRONT", "CAM_FRONT_RIGHT", "CAM_BACK_LEFT", "CAM_BACK", "CAM_BACK_RIGHT"], "token": "928e1e7a905c470982e19c2fb4fe22f6", "scene": "scene-1006"}, {"images": ["samples/CAM_FRONT_LEFT/n015-2018-11-14-18-57-54+0800__CAM_FRONT_LEFT__1542193503004844.jpg", "samples/CAM_FRONT/n015-2018-11-14-18-57-54+0800__CAM_FRONT__1542193503012460.jpg", "samples/CAM_FRONT_RIGHT/n015-2018-11-14-18-57-54+0800__CAM_FRONT_RIGHT__1542193503020339.jpg", "samples/CAM_BACK_LEFT/n015-2018-11-14-18-57-54+0800__CAM_BACK_LEFT__1542193503047423.jpg", "samples/CAM_BACK/n015-2018-11-14-18-57-54+0800__CAM_BACK__1542193503037525.jpg", "samples/CAM_BACK_RIGHT/n015-2018-11-14-18-57-54+0800__CAM_BACK_RIGHT__1542193503027893.jpg"], "intrinsics": [[[1272.5979470598488, 0.0, 826.6154927353808], [0.0, 1272.5979470598488, 479.75165386361925], [0.0, 0.0, 1.0]], [[1266.417203046554, 0.0, 816.2670197447984], [0.0, 1266.417203046554, 491.50706579294757], [0.0, 0.0, 1.0]], [[1260.8474446004698, 0.0, 807.968244525554], [0.0, 1260.8474446004698, 495.3344268742088], [0.0, 0.0, 1.0]], [[1256.7414812095406, 0.0, 792.1125740759628], [0.0, 1256.7414812095406, 492.7757465151356], [0.0, 0.0, 1.0]], [[809.2209905677063, 0.0, 829.2196003259838], [0.0, 809.2209905677063, 481.77842384512485], [0.0, 0.0, 1.0]], [[1259.5137405846733, 0.0, 807.2529053838625], [0.0, 1259.5137405846733, 501.19579884916527], [0.0, 0.0, 1.0]]], "extrinsics": [[[0.8204142451286316, -0.5713637471199036, 0.021541189402341843, -0.872802734375], [0.025180207565426826, -0.0015334064373746514, -0.9996817708015442, 1.5110673904418945], [0.5712149143218994, 0.8206955790519714, 0.013129029422998428, -1.216796875], [0.0, 0.0, 0.0, 1.0]], [[0.005490201525390148, -0.9999693036079407, 0.005591921973973513, 0.006103515625], [0.019924834370613098, -0.005481505300849676, -0.9997864961624146, 1.5223753452301025], [0.9997864365577698, 0.0056004393845796585, 0.019894126802682877, -1.60003662109375], [0.0, 0.0, 0.0, 1.0]], [[-0.8324910998344421, -0.5533369779586792, -0.027868980541825294, 0.9725341796875], [0.025589406490325928, 0.011846207082271576, -0.9996023178100586, 1.505483627319336], [0.5534470677375793, -0.8328732252120972, 0.00429770490154624, -1.208740234375], [0.0, 0.0, 0.0, 1.0]], [[0.9473376274108887, 0.31910964846611023, 0.02683969959616661, -1.1387939453125], [0.03441550210118294, -0.018124524503946304, -0.9992432594299316, 1.5886802673339844], [-0.31838175654411316, 0.947544515132904, -0.028152363374829292, -0.1048583984375], [0.0, 0.0, 0.0, 1.0]], [[0.002538406988605857, 0.9999629259109497, -0.008232890628278255, 0.0028076171875], [0.00892338901758194, -0.008255239576101303, -0.9999260902404785, 1.5796098709106445], [-0.9999569654464722, 0.0024647607933729887, -0.0089440131559968, -0.0262451171875], [0.0, 0.0, 0.0, 1.0]], [[-0.9341660141944885, 0.3549846410751343, -0.03632662817835808, 1.0870513916015625], [0.04149234667420387, 0.006947558373212814, -0.9991146922111511, 1.5536251068115234], [-0.35441797971725464, -0.9348463416099548, -0.021219318732619286, -0.081787109375], [0.0, 0.0, 0.0, 1.0]]], "view": [[0.0, -2.0, 100.0], [-2.0, 0.0, 100.0], [0.0, 0.0, 1.0]], "bev": "bev_cd2cf0a04238436690f528be44ba6dbc.png", "aux": "aux_cd2cf0a04238436690f528be44ba6dbc.npz", "visibility": "visibility_cd2cf0a04238436690f528be44ba6dbc.png", "pose": [[0.9811295866966248, 0.19335143268108368, 0.0, 754.023193359375], [-0.19335143268108368, 0.9811295866966248, 0.0, 1557.8734130859375], [0.0, 0.0, 1.0, 0.0], [0.0, 0.0, 0.0, 1.0]], "pose_inverse": [[0.9811295866966248, -0.19335143268108368, 0.0, -438.577392578125], [0.19335143268108368, 0.9811295866966248, 0.0, -1674.26708984375], [0.0, 0.0, 1.0, 0.0], [0.0, 0.0, 0.0, 1.0]], "cam_ids": [0, 1, 2, 3, 4, 5], "cam_channels": ["CAM_FRONT_LEFT", "CAM_FRONT", "CAM_FRONT_RIGHT", "CAM_BACK_LEFT", "CAM_BACK", "CAM_BACK_RIGHT"], "token": "cd2cf0a04238436690f528be44ba6dbc", "scene": "scene-1006"}, {"images": ["samples/CAM_FRONT_LEFT/n015-2018-11-14-18-57-54+0800__CAM_FRONT_LEFT__1542193503504844.jpg", "samples/CAM_FRONT/n015-2018-11-14-18-57-54+0800__CAM_FRONT__1542193503512460.jpg", "samples/CAM_FRONT_RIGHT/n015-2018-11-14-18-57-54+0800__CAM_FRONT_RIGHT__1542193503520339.jpg", "samples/CAM_BACK_LEFT/n015-2018-11-14-18-57-54+0800__CAM_BACK_LEFT__1542193503547423.jpg", "samples/CAM_BACK/n015-2018-11-14-18-57-54+0800__CAM_BACK__1542193503537525.jpg", "samples/CAM_BACK_RIGHT/n015-2018-11-14-18-57-54+0800__CAM_BACK_RIGHT__1542193503527893.jpg"], "intrinsics": [[[1272.5979470598488, 0.0, 826.6154927353808], [0.0, 1272.5979470598488, 479.75165386361925], [0.0, 0.0, 1.0]], [[1266.417203046554, 0.0, 816.2670197447984], [0.0, 1266.417203046554, 491.50706579294757], [0.0, 0.0, 1.0]], [[1260.8474446004698, 0.0, 807.968244525554], [0.0, 1260.8474446004698, 495.3344268742088], [0.0, 0.0, 1.0]], [[1256.7414812095406, 0.0, 792.1125740759628], [0.0, 1256.7414812095406, 492.7757465151356], [0.0, 0.0, 1.0]], [[809.2209905677063, 0.0, 829.2196003259838], [0.0, 809.2209905677063, 481.77842384512485], [0.0, 0.0, 1.0]], [[1259.5137405846733, 0.0, 807.2529053838625], [0.0, 1259.5137405846733, 501.19579884916527], [0.0, 0.0, 1.0]]], "extrinsics": [[[0.8205218315124512, -0.5711753368377686, 0.022418485954403877, -0.89532470703125], [0.02878338098526001, 0.0021153679117560387, -0.9995834231376648, 1.5106687545776367], [0.570889949798584, 0.8208253979682922, 0.018176063895225525, -1.2330322265625], [0.0, 0.0, 0.0, 1.0]], [[0.005755527876317501, -0.9999812841415405, 0.002046274021267891, 0.006103515625], [0.02353336103260517, -0.0019102926598861814, -0.9997212290763855, 1.5221638679504395], [0.9997063875198364, 0.005802066996693611, 0.023521924391388893, -1.623046875], [0.0, 0.0, 0.0, 1.0]], [[-0.8322563171386719, -0.5534195899963379, -0.03280605748295784, 0.98779296875], [0.029196973890066147, 0.015338901430368423, -0.999455988407135, 1.5052108764648438], [0.5536217093467712, -0.832761287689209, 0.003392281010746956, -1.2181396484375], [0.0, 0.0, 0.0, 1.0]], [[0.9472174048423767, 0.31907594203948975, 0.031139792874455452, -1.1392822265625], [0.037905775010585785, -0.015015579760074615, -0.9991684556007385, 1.588674545288086], [-0.31834304332733154, 0.9476101994514465, -0.026317838579416275, -0.1048583984375], [0.0, 0.0, 0.0, 1.0]], [[0.0024499662686139345, 0.9999846816062927, -0.004963276907801628, 0.002685546875], [0.012490570545196533, -0.004993505775928497, -0.999909520149231, 1.5796210765838623], [-0.9999189972877502, 0.0023877269122749567, -0.012502613477408886, -0.019287109375], [0.0, 0.0, 0.0, 1.0]], [[-0.934093177318573, 0.3549492359161377, -0.038482412695884705, 1.0993499755859375], [0.04508914425969124, 0.010357123799622059, -0.9989292621612549, 1.5532150268554688], [-0.3541705906391144, -0.9348282217979431, -0.02567887492477894, -0.0771484375], [0.0, 0.0, 0.0, 1.0]]], "view": [[0.0, -2.0, 100.0], [-2.0, 0.0, 100.0], [0.0, 0.0, 1.0]], "bev": "bev_6afe3d5c1cf9489197e0442a396c44a8.png", "aux": "aux_6afe3d5c1cf9489197e0442a396c44a8.npz", "visibility": "visibility_6afe3d5c1cf9489197e0442a396c44a8.png", "pose": [[0.9814173579216003, 0.19188526272773743, 0.0, 755.0975341796875], [-0.19188526272773743, 0.9814173579216003, 0.0, 1557.652587890625], [0.0, 0.0, 1.0, 0.0], [0.0, 0.0, 0.0, 1.0]], "pose_inverse": [[0.9814173579216003, -0.19188526272773743, 0.0, -442.1752624511719], [0.19188526272773743, 0.9814173579216003, 0.0, -1673.599365234375], [0.0, 0.0, 1.0, 0.0], [0.0, 0.0, 0.0, 1.0]], "cam_ids": [0, 1, 2, 3, 4, 5], "cam_channels": ["CAM_FRONT_LEFT", "CAM_FRONT", "CAM_FRONT_RIGHT", "CAM_BACK_LEFT", "CAM_BACK", "CAM_BACK_RIGHT"], "token": "6afe3d5c1cf9489197e0442a396c44a8", "scene": "scene-1006"}, {"images": ["samples/CAM_FRONT_LEFT/n015-2018-11-14-18-57-54+0800__CAM_FRONT_LEFT__1542193504004844.jpg", "samples/CAM_FRONT/n015-2018-11-14-18-57-54+0800__CAM_FRONT__1542193504012460.jpg", "samples/CAM_FRONT_RIGHT/n015-2018-11-14-18-57-54+0800__CAM_FRONT_RIGHT__1542193504020339.jpg", "samples/CAM_BACK_LEFT/n015-2018-11-14-18-57-54+0800__CAM_BACK_LEFT__1542193504047423.jpg", "samples/CAM_BACK/n015-2018-11-14-18-57-54+0800__CAM_BACK__1542193504037525.jpg", "samples/CAM_BACK_RIGHT/n015-2018-11-14-18-57-54+0800__CAM_BACK_RIGHT__1542193504027893.jpg"], "intrinsics": [[[1272.5979470598488, 0.0, 826.6154927353808], [0.0, 1272.5979470598488, 479.75165386361925], [0.0, 0.0, 1.0]], [[1266.417203046554, 0.0, 816.2670197447984], [0.0, 1266.417203046554, 491.50706579294757], [0.0, 0.0, 1.0]], [[1260.8474446004698, 0.0, 807.968244525554], [0.0, 1260.8474446004698, 495.3344268742088], [0.0, 0.0, 1.0]], [[1256.7414812095406, 0.0, 792.1125740759628], [0.0, 1256.7414812095406, 492.7757465151356], [0.0, 0.0, 1.0]], [[809.2209905677063, 0.0, 829.2196003259838], [0.0, 809.2209905677063, 481.77842384512485], [0.0, 0.0, 1.0]], [[1259.5137405846733, 0.0, 807.2529053838625], [0.0, 1259.5137405846733, 501.19579884916527], [0.0, 0.0, 1.0]]], "extrinsics": [[[0.8205404281616211, -0.5711384415626526, 0.022675514221191406, -0.9228515625], [0.030372845008969307, 0.003952234052121639, -0.9995308518409729, 1.5098018646240234], [0.570780873298645, 0.8208442330360413, 0.02059006690979004, -1.251220703125], [0.0, 0.0, 0.0, 1.0]], [[0.005825561936944723, -0.9999829530715942, 0.00026071330648846924, 0.00537109375], [0.025143634527921677, -0.00011415690096328035, -0.9996838569641113, 1.521592140197754], [0.9996668100357056, 0.005830270238220692, 0.02514253929257393, -1.65020751953125], [0.0, 0.0, 0.0, 1.0]], [[-0.8321698904037476, -0.5534065365791321, -0.035134367644786835, 1.005126953125], [0.03082672320306301, 0.017093148082494736, -0.9993785619735718, 1.5046539306640625], [0.5536631345748901, -0.8327358365058899, 0.00283530680462718, -1.2303466796875], [0.0, 0.0, 0.0, 1.0]], [[0.947157084941864, 0.31903526186943054, 0.033316850662231445, -1.141357421875], [0.03963844105601311, -0.01334063895046711, -0.9991250038146973, 1.5885958671569824], [-0.3183116614818573, 0.9476488828659058, -0.025281742215156555, -0.104248046875], [0.0, 0.0, 0.0, 1.0]], [[0.0024280569050461054, 0.999991774559021, -0.0032558655366301537, 0.0028076171875], [0.014175170101225376, -0.003289966145530343, -0.9998941421508789, 1.5795358419418335], [-0.9998965263366699, 0.0023816493339836597, -0.014183041639626026, -0.010711669921875], [0.0, 0.0, 0.0, 1.0]], [[-0.9340442419052124, 0.35497552156448364, -0.03941724821925163, 1.1138153076171875], [0.04674047231674194, 0.01207514014095068, -0.9988340735435486, 1.5525665283203125], [-0.35408568382263184, -0.9347976446151733, -0.027870438992977142, -0.0718994140625], [0.0, 0.0, 0.0, 1.0]]], "view": [[0.0, -2.0, 100.0], [-2.0, 0.0, 100.0], [0.0, 0.0, 1.0]], "bev": "bev_402feca0f4c24594aad1b493b925b785.png", "aux": "aux_402feca0f4c24594aad1b493b925b785.npz", "visibility": "visibility_402feca0f4c24594aad1b493b925b785.png", "pose": [[0.9815351366996765, 0.19128179550170898, 0.0, 755.8240966796875], [-0.19128179550170898, 0.9815351366996765, 0.0, 1557.5062255859375], [0.0, 0.0, 1.0, 0.0], [0.0, 0.0, 0.0, 1.0]], "pose_inverse": [[0.9815351366996765, -0.19128179550170898, 0.0, -443.9453430175781], [0.19128179550170898, 0.9815351366996765, 0.0, -1673.322509765625], [0.0, 0.0, 1.0, 0.0], [0.0, 0.0, 0.0, 1.0]], "cam_ids": [0, 1, 2, 3, 4, 5], "cam_channels": ["CAM_FRONT_LEFT", "CAM_FRONT", "CAM_FRONT_RIGHT", "CAM_BACK_LEFT", "CAM_BACK", "CAM_BACK_RIGHT"], "token": "402feca0f4c24594aad1b493b925b785", "scene": "scene-1006"}, {"images": ["samples/CAM_FRONT_LEFT/n015-2018-11-14-18-57-54+0800__CAM_FRONT_LEFT__1542193504504844.jpg", "samples/CAM_FRONT/n015-2018-11-14-18-57-54+0800__CAM_FRONT__1542193504512460.jpg", "samples/CAM_FRONT_RIGHT/n015-2018-11-14-18-57-54+0800__CAM_FRONT_RIGHT__1542193504520339.jpg", "samples/CAM_BACK_LEFT/n015-2018-11-14-18-57-54+0800__CAM_BACK_LEFT__1542193504547423.jpg", "samples/CAM_BACK/n015-2018-11-14-18-57-54+0800__CAM_BACK__1542193504537525.jpg", "samples/CAM_BACK_RIGHT/n015-2018-11-14-18-57-54+0800__CAM_BACK_RIGHT__1542193504527893.jpg"], "intrinsics": [[[1272.5979470598488, 0.0, 826.6154927353808], [0.0, 1272.5979470598488, 479.75165386361925], [0.0, 0.0, 1.0]], [[1266.417203046554, 0.0, 816.2670197447984], [0.0, 1266.417203046554, 491.50706579294757], [0.0, 0.0, 1.0]], [[1260.8474446004698, 0.0, 807.968244525554], [0.0, 1260.8474446004698, 495.3344268742088], [0.0, 0.0, 1.0]], [[1256.7414812095406, 0.0, 792.1125740759628], [0.0, 1256.7414812095406, 492.7757465151356], [0.0, 0.0, 1.0]], [[809.2209905677063, 0.0, 829.2196003259838], [0.0, 809.2209905677063, 481.77842384512485], [0.0, 0.0, 1.0]], [[1259.5137405846733, 0.0, 807.2529053838625], [0.0, 1259.5137405846733, 501.19579884916527], [0.0, 0.0, 1.0]]], "extrinsics": [[[0.8204725384712219, -0.5711599588394165, 0.024515202268958092, -0.94244384765625], [0.03207901865243912, 0.0031821150332689285, -0.9994802474975586, 1.509115219116211], [0.5707851052284241, 0.8208325505256653, 0.020933089777827263, -1.265380859375], [0.0, 0.0, 0.0, 1.0]], [[0.005783362779766321, -0.9999827146530151, 0.0009769400348886847, 0.0057373046875], [0.026811936870217323, -0.0008215400739572942, -0.9996402263641357, 1.521132469177246], [0.9996236562728882, 0.005807456094771624, 0.026806728914380074, -1.669952392578125], [0.0, 0.0, 0.0, 1.0]], [[-0.8321290612220764, -0.5534036159515381, -0.03613518550992012, 1.017822265625], [0.03245581313967705, 0.01645062118768692, -0.9993377327919006, 1.5042076110839844], [0.5536315441131592, -0.8327507376670837, 0.004272127989679575, -1.2386474609375], [0.0, 0.0, 0.0, 1.0]], [[0.9471018314361572, 0.31904757022857666, 0.034738268703222275, -1.14154052734375], [0.04127424955368042, -0.013745725154876709, -0.9990532398223877, 1.5885891914367676], [-0.3182680010795593, 0.947638988494873, -0.026187051087617874, -0.10400390625], [0.0, 0.0, 0.0, 1.0]], [[0.0024428816977888346, 0.9999899864196777, -0.0037575173191726208, 0.002685546875], [0.015813127160072327, -0.00379568780772388, -0.9998677968978882, 1.579467535018921], [-0.9998720288276672, 0.0023831555154174566, -0.015822242945432663, -0.005035400390625], [0.0, 0.0, 0.0, 1.0]], [[-0.9339713454246521, 0.3549710512161255, -0.04114630073308945, 1.124114990234375], [0.048363834619522095, 0.011479814536869526, -0.9987637996673584, 1.5520668029785156], [-0.3540598750114441, -0.9348068237304688, -0.02788958139717579, -0.06787109375], [0.0, 0.0, 0.0, 1.0]]], "view": [[0.0, -2.0, 100.0], [-2.0, 0.0, 100.0], [0.0, 0.0, 1.0]], "bev": "bev_763ac2ea482445e095bbc14d54c4e60f.png", "aux": "aux_763ac2ea482445e095bbc14d54c4e60f.npz", "visibility": "visibility_763ac2ea482445e095bbc14d54c4e60f.png", "pose": [[0.9816933274269104, 0.19046826660633087, 0.0, 756.260986328125], [-0.19046826660633087, 0.9816933274269104, 0.0, 1557.4156494140625], [0.0, 0.0, 1.0, 0.0], [0.0, 0.0, 0.0, 1.0]], "pose_inverse": [[0.9816933274269104, -0.19046826660633087, 0.0, -445.7781066894531], [0.19046826660633087, 0.9816933274269104, 0.0, -1672.9483642578125], [0.0, 0.0, 1.0, 0.0], [0.0, 0.0, 0.0, 1.0]], "cam_ids": [0, 1, 2, 3, 4, 5], "cam_channels": ["CAM_FRONT_LEFT", "CAM_FRONT", "CAM_FRONT_RIGHT", "CAM_BACK_LEFT", "CAM_BACK", "CAM_BACK_RIGHT"], "token": "763ac2ea482445e095bbc14d54c4e60f", "scene": "scene-1006"}, {"images": ["samples/CAM_FRONT_LEFT/n015-2018-11-14-18-57-54+0800__CAM_FRONT_LEFT__1542193505004844.jpg", "samples/CAM_FRONT/n015-2018-11-14-18-57-54+0800__CAM_FRONT__1542193505012460.jpg", "samples/CAM_FRONT_RIGHT/n015-2018-11-14-18-57-54+0800__CAM_FRONT_RIGHT__1542193505020339.jpg", "samples/CAM_BACK_LEFT/n015-2018-11-14-18-57-54+0800__CAM_BACK_LEFT__1542193505047425.jpg", "samples/CAM_BACK/n015-2018-11-14-18-57-54+0800__CAM_BACK__1542193505037525.jpg", "samples/CAM_BACK_RIGHT/n015-2018-11-14-18-57-54+0800__CAM_BACK_RIGHT__1542193505027893.jpg"], "intrinsics": [[[1272.5979470598488, 0.0, 826.6154927353808], [0.0, 1272.5979470598488, 479.75165386361925], [0.0, 0.0, 1.0]], [[1266.417203046554, 0.0, 816.2670197447984], [0.0, 1266.417203046554, 491.50706579294757], [0.0, 0.0, 1.0]], [[1260.8474446004698, 0.0, 807.968244525554], [0.0, 1260.8474446004698, 495.3344268742088], [0.0, 0.0, 1.0]], [[1256.7414812095406, 0.0, 792.1125740759628], [0.0, 1256.7414812095406, 492.7757465151356], [0.0, 0.0, 1.0]], [[809.2209905677063, 0.0, 829.2196003259838], [0.0, 809.2209905677063, 481.77842384512485], [0.0, 0.0, 1.0]], [[1259.5137405846733, 0.0, 807.2529053838625], [0.0, 1259.5137405846733, 501.19579884916527], [0.0, 0.0, 1.0]]], "extrinsics": [[[0.8203279376029968, -0.5713483095169067, 0.02496366761624813, -0.9512939453125], [0.033746328204870224, 0.004784984514117241, -0.9994189739227295, 1.5088043212890625], [0.5708969831466675, 0.8206936717033386, 0.023206166923046112, -1.2711181640625], [0.0, 0.0, 0.0, 1.0]], [[0.005633536260575056, -0.9999839663505554, -0.0005844298866577446, 0.0052490234375], [0.028469350188970566, 0.0007445875089615583, -0.9995943903923035, 1.5209197998046875], [0.9995788931846619, 0.0056146071292459965, 0.028473086655139923, -1.678619384765625], [0.0, 0.0, 0.0, 1.0]], [[-0.832131564617157, -0.5532503724098206, -0.03835372254252434, 1.023681640625], [0.03410491719841957, 0.017976367846131325, -0.9992565512657166, 1.5040016174316406], [0.5535284876823425, -0.8328210711479187, 0.0039098551496863365, -1.24267578125], [0.0, 0.0, 0.0, 1.0]], [[0.9470463395118713, 0.3189983069896698, 0.03665215149521828, -1.14190673828125], [0.042814139276742935, -0.012323614209890366, -0.999006986618042, 1.5885711908340454], [-0.31822988390922546, 0.9476751685142517, -0.02532866969704628, -0.1038818359375], [0.0, 0.0, 0.0, 1.0]], [[0.002487725345417857, 0.9999943375587463, -0.0022893839050084352, 0.0028076171875], [0.017395393922924995, -0.0023323195055127144, -0.9998459815979004, 1.5794286727905273], [-0.999845564365387, 0.0024475203827023506, -0.01740109734237194, -0.002197265625], [0.0, 0.0, 0.0, 1.0]], [[-0.9338749051094055, 0.3551103174686432, -0.04212341085076332, 1.12896728515625], [0.04998370632529259, 0.012985596433281898, -0.9986656308174133, 1.5518341064453125], [-0.3540894389152527, -0.9347342848777771, -0.029876653105020523, -0.06640625], [0.0, 0.0, 0.0, 1.0]]], "view": [[0.0, -2.0, 100.0], [-2.0, 0.0, 100.0], [0.0, 0.0, 1.0]], "bev": "bev_1d0a8f5347c7447cb5e4d3f1ecf6469f.png", "aux": "aux_1d0a8f5347c7447cb5e4d3f1ecf6469f.npz", "visibility": "visibility_1d0a8f5347c7447cb5e4d3f1ecf6469f.png", "pose": [[0.981856644153595, 0.18962480127811432, 0.0, 756.482421875], [-0.18962480127811432, 0.981856644153595, 0.0, 1557.36962890625], [0.0, 0.0, 1.0, 0.0], [0.0, 0.0, 0.0, 1.0]], "pose_inverse": [[0.981856644153595, -0.18962480127811432, 0.0, -447.4413757324219], [0.18962480127811432, 0.981856644153595, 0.0, -1672.5615234375], [0.0, 0.0, 1.0, 0.0], [0.0, 0.0, 0.0, 1.0]], "cam_ids": [0, 1, 2, 3, 4, 5], "cam_channels": ["CAM_FRONT_LEFT", "CAM_FRONT", "CAM_FRONT_RIGHT", "CAM_BACK_LEFT", "CAM_BACK", "CAM_BACK_RIGHT"], "token": "1d0a8f5347c7447cb5e4d3f1ecf6469f", "scene": "scene-1006"}, {"images": ["samples/CAM_FRONT_LEFT/n015-2018-11-14-18-57-54+0800__CAM_FRONT_LEFT__1542193505504844.jpg", "samples/CAM_FRONT/n015-2018-11-14-18-57-54+0800__CAM_FRONT__1542193505512460.jpg", "samples/CAM_FRONT_RIGHT/n015-2018-11-14-18-57-54+0800__CAM_FRONT_RIGHT__1542193505520339.jpg", "samples/CAM_BACK_LEFT/n015-2018-11-14-18-57-54+0800__CAM_BACK_LEFT__1542193505547423.jpg", "samples/CAM_BACK/n015-2018-11-14-18-57-54+0800__CAM_BACK__1542193505537525.jpg", "samples/CAM_BACK_RIGHT/n015-2018-11-14-18-57-54+0800__CAM_BACK_RIGHT__1542193505527893.jpg"], "intrinsics": [[[1272.5979470598488, 0.0, 826.6154927353808], [0.0, 1272.5979470598488, 479.75165386361925], [0.0, 0.0, 1.0]], [[1266.417203046554, 0.0, 816.2670197447984], [0.0, 1266.417203046554, 491.50706579294757], [0.0, 0.0, 1.0]], [[1260.8474446004698, 0.0, 807.968244525554], [0.0, 1260.8474446004698, 495.3344268742088], [0.0, 0.0, 1.0]], [[1256.7414812095406, 0.0, 792.1125740759628], [0.0, 1256.7414812095406, 492.7757465151356], [0.0, 0.0, 1.0]], [[809.2209905677063, 0.0, 829.2196003259838], [0.0, 809.2209905677063, 481.77842384512485], [0.0, 0.0, 1.0]], [[1259.5137405846733, 0.0, 807.2529053838625], [0.0, 1259.5137405846733, 501.19579884916527], [0.0, 0.0, 1.0]]], "extrinsics": [[[0.8204020857810974, -0.5712307095527649, 0.025219695642590523, -0.95819091796875], [0.034045156091451645, 0.004772019572556019, -0.9994089007377625, 1.5085124969482422], [0.5707727074623108, 0.8207757472991943, 0.02336261048913002, -1.2760009765625], [0.0, 0.0, 0.0, 1.0]], [[0.005751846823841333, -0.9999832510948181, -0.0005255561554804444, 0.005615234375], [0.028757460415363312, 0.0006907586357556283, -0.9995862245559692, 1.5207176208496094], [0.9995698928833008, 0.005734354257583618, 0.02876095287501812, -1.685882568359375], [0.0, 0.0, 0.0, 1.0]], [[-0.8320697546005249, -0.5533311367034912, -0.038529615849256516, 1.0284423828125], [0.03437960520386696, 0.017881600186228752, -0.9992488622665405, 1.5038108825683594], [0.5536044836044312, -0.8327693343162537, 0.0041445656679570675, -1.2454833984375], [0.0, 0.0, 0.0, 1.0]], [[0.9470354914665222, 0.3190059959888458, 0.036862198263406754, -1.14202880859375], [0.04310595244169235, -0.012532164342701435, -0.9989919066429138, 1.5885677337646484], [-0.3182224631309509, 0.9476698637008667, -0.02561946213245392, -0.1038818359375], [0.0, 0.0, 0.0, 1.0]], [[0.0024524701293557882, 0.9999939799308777, -0.0024496789555996656, 0.002685546875], [0.01768655888736248, -0.0024926792830228806, -0.999840497970581, 1.5793912410736084], [-0.9998406171798706, 0.0024087373167276382, -0.01769256591796875, -9.1552734375e-05], [0.0, 0.0, 0.0, 1.0]], [[-0.9338870048522949, 0.3550412952899933, -0.04243466630578041, 1.1325836181640625], [0.05026569217443466, 0.012857550755143166, -0.9986531138420105, 1.5516319274902344], [-0.3540175259113312, -0.9347622394561768, -0.029853899031877518, -0.064697265625], [0.0, 0.0, 0.0, 1.0]]], "view": [[0.0, -2.0, 100.0], [-2.0, 0.0, 100.0], [0.0, 0.0, 1.0]], "bev": "bev_b29601752a50420bb8210f31b8c3699b.png", "aux": "aux_b29601752a50420bb8210f31b8c3699b.npz", "visibility": "visibility_b29601752a50420bb8210f31b8c3699b.png", "pose": [[0.9819357991218567, 0.18921448290348053, 0.0, 756.609375], [-0.18921448290348053, 0.9819357991218567, 0.0, 1557.340576171875], [0.0, 0.0, 1.0, 0.0], [0.0, 0.0, 0.0, 1.0]], "pose_inverse": [[0.9819357991218567, -0.18921448290348053, 0.0, -448.27044677734375], [0.18921448290348053, 0.9819357991218567, 0.0, -1672.369873046875], [0.0, 0.0, 1.0, 0.0], [0.0, 0.0, 0.0, 1.0]], "cam_ids": [0, 1, 2, 3, 4, 5], "cam_channels": ["CAM_FRONT_LEFT", "CAM_FRONT", "CAM_FRONT_RIGHT", "CAM_BACK_LEFT", "CAM_BACK", "CAM_BACK_RIGHT"], "token": "b29601752a50420bb8210f31b8c3699b", "scene": "scene-1006"}, {"images": ["samples/CAM_FRONT_LEFT/n015-2018-11-14-18-57-54+0800__CAM_FRONT_LEFT__1542193505904844.jpg", "samples/CAM_FRONT/n015-2018-11-14-18-57-54+0800__CAM_FRONT__1542193505912460.jpg", "samples/CAM_FRONT_RIGHT/n015-2018-11-14-18-57-54+0800__CAM_FRONT_RIGHT__1542193505920342.jpg", "samples/CAM_BACK_LEFT/n015-2018-11-14-18-57-54+0800__CAM_BACK_LEFT__1542193505947423.jpg", "samples/CAM_BACK/n015-2018-11-14-18-57-54+0800__CAM_BACK__1542193505937525.jpg", "samples/CAM_BACK_RIGHT/n015-2018-11-14-18-57-54+0800__CAM_BACK_RIGHT__1542193505927893.jpg"], "intrinsics": [[[1272.5979470598488, 0.0, 826.6154927353808], [0.0, 1272.5979470598488, 479.75165386361925], [0.0, 0.0, 1.0]], [[1266.417203046554, 0.0, 816.2670197447984], [0.0, 1266.417203046554, 491.50706579294757], [0.0, 0.0, 1.0]], [[1260.8474446004698, 0.0, 807.968244525554], [0.0, 1260.8474446004698, 495.3344268742088], [0.0, 0.0, 1.0]], [[1256.7414812095406, 0.0, 792.1125740759628], [0.0, 1256.7414812095406, 492.7757465151356], [0.0, 0.0, 1.0]], [[809.2209905677063, 0.0, 829.2196003259838], [0.0, 809.2209905677063, 481.77842384512485], [0.0, 0.0, 1.0]], [[1259.5137405846733, 0.0, 807.2529053838625], [0.0, 1259.5137405846733, 501.19579884916527], [0.0, 0.0, 1.0]]], "extrinsics": [[[0.8204003572463989, -0.5711873173713684, 0.02623783051967621, -0.96588134765625], [0.03501879423856735, 0.004390755668282509, -0.9993770122528076, 1.5081958770751953], [0.5707162022590637, 0.8208080530166626, 0.023604465648531914, -1.28125], [0.0, 0.0, 0.0, 1.0]], [[0.005788235459476709, -0.9999832510948181, -0.0001603118289494887, 0.0052490234375], [0.02974768355488777, 0.00033243250800296664, -0.999557375907898, 1.5204973220825195], [0.9995406866073608, 0.005780888255685568, 0.029749106615781784, -1.693389892578125], [0.0, 0.0, 0.0, 1.0]], [[-0.8320142030715942, -0.553368866443634, -0.03918231651186943, 1.0333251953125], [0.03538579121232033, 0.017547540366649628, -0.9992195963859558, 1.5036087036132812], [0.5536246299743652, -0.8327513933181763, 0.004981592763215303, -1.2489013671875], [0.0, 0.0, 0.0, 1.0]], [[0.9469950795173645, 0.3190286159515381, 0.03769766539335251, -1.1422119140625], [0.044080693274736404, -0.012808483093976974, -0.9989458322525024, 1.5885522365570068], [-0.3182094693183899, 0.9476585388183594, -0.026192573830485344, -0.103759765625], [0.0, 0.0, 0.0, 1.0]], [[0.002439283300191164, 0.9999932646751404, -0.0027542640455067158, 0.0025634765625], [0.018672557547688484, -0.0027993391267955303, -0.9998217225074768, 1.5793523788452148], [-0.9998226761817932, 0.0023873907048255205, -0.018679257482290268, 0.002227783203125], [0.0, 0.0, 0.0, 1.0]], [[-0.9338517189025879, 0.3550061881542206, -0.04349086806178093, 1.13671875], [0.0512738972902298, 0.012540573254227638, -0.9986059069633484, 1.5514106750488281], [-0.3539658784866333, -0.9347798228263855, -0.029913589358329773, -0.063232421875], [0.0, 0.0, 0.0, 1.0]]], "view": [[0.0, -2.0, 100.0], [-2.0, 0.0, 100.0], [0.0, 0.0, 1.0]], "bev": "bev_c7bb0b0e83c04a31ad868f1df6ddb5e6.png", "aux": "aux_c7bb0b0e83c04a31ad868f1df6ddb5e6.npz", "visibility": "visibility_c7bb0b0e83c04a31ad868f1df6ddb5e6.png", "pose": [[0.9819037318229675, 0.18938083946704865, 0.0, 756.6320190429688], [-0.18938083946704865, 0.9819037318229675, 0.0, 1557.332275390625], [0.0, 0.0, 1.0, 0.0], [0.0, 0.0, 0.0, 1.0]], "pose_inverse": [[0.9819037318229675, -0.18938083946704865, 0.0, -448.0108947753906], [0.18938083946704865, 0.9819037318229675, 0.0, -1672.44189453125], [0.0, 0.0, 1.0, 0.0], [0.0, 0.0, 0.0, 1.0]], "cam_ids": [0, 1, 2, 3, 4, 5], "cam_channels": ["CAM_FRONT_LEFT", "CAM_FRONT", "CAM_FRONT_RIGHT", "CAM_BACK_LEFT", "CAM_BACK", "CAM_BACK_RIGHT"], "token": "c7bb0b0e83c04a31ad868f1df6ddb5e6", "scene": "scene-1006"}, {"images": ["samples/CAM_FRONT_LEFT/n015-2018-11-14-18-57-54+0800__CAM_FRONT_LEFT__1542193506404844.jpg", "samples/CAM_FRONT/n015-2018-11-14-18-57-54+0800__CAM_FRONT__1542193506412460.jpg", "samples/CAM_FRONT_RIGHT/n015-2018-11-14-18-57-54+0800__CAM_FRONT_RIGHT__1542193506420339.jpg", "samples/CAM_BACK_LEFT/n015-2018-11-14-18-57-54+0800__CAM_BACK_LEFT__1542193506447424.jpg", "samples/CAM_BACK/n015-2018-11-14-18-57-54+0800__CAM_BACK__1542193506437525.jpg", "samples/CAM_BACK_RIGHT/n015-2018-11-14-18-57-54+0800__CAM_BACK_RIGHT__1542193506427893.jpg"], "intrinsics": [[[1272.5979470598488, 0.0, 826.6154927353808], [0.0, 1272.5979470598488, 479.75165386361925], [0.0, 0.0, 1.0]], [[1266.417203046554, 0.0, 816.2670197447984], [0.0, 1266.417203046554, 491.50706579294757], [0.0, 0.0, 1.0]], [[1260.8474446004698, 0.0, 807.968244525554], [0.0, 1260.8474446004698, 495.3344268742088], [0.0, 0.0, 1.0]], [[1256.7414812095406, 0.0, 792.1125740759628], [0.0, 1256.7414812095406, 492.7757465151356], [0.0, 0.0, 1.0]], [[809.2209905677063, 0.0, 829.2196003259838], [0.0, 809.2209905677063, 481.77842384512485], [0.0, 0.0, 1.0]], [[1259.5137405846733, 0.0, 807.2529053838625], [0.0, 1259.5137405846733, 501.19579884916527], [0.0, 0.0, 1.0]]], "extrinsics": [[[0.8203526735305786, -0.5711988210678101, 0.027446569874882698, -0.965087890625], [0.03630920127034187, 0.004128358792513609, -0.999332070350647, 1.508230209350586], [0.5707039833068848, 0.8208012580871582, 0.024126484990119934, -1.28076171875], [0.0, 0.0, 0.0, 1.0]], [[0.0057717012241482735, -0.9999832510948181, 0.00010652041237335652, 0.0054931640625], [0.031009847298264503, 7.251193892443553e-05, -0.9995191097259521, 1.520524024963379], [0.999502420425415, 0.005772237200289965, 0.031009750440716743, -1.69256591796875], [0.0, 0.0, 0.0, 1.0]], [[-0.8319714665412903, -0.5533698797225952, -0.040066108107566833, 1.03271484375], [0.036618348211050034, 0.017290107905864716, -0.9991797208786011, 1.5036277770996094], [0.5536087155342102, -0.8327561020851135, 0.00587861705571413, -1.24853515625], [0.0, 0.0, 0.0, 1.0]], [[0.9469493627548218, 0.319044828414917, 0.03869699686765671, -1.14215087890625], [0.04522579908370972, -0.013077938929200172, -0.9988911151885986, 1.5885525941848755], [-0.3181849718093872, 0.947649359703064, -0.026813199743628502, -0.103759765625], [0.0, 0.0, 0.0, 1.0]], [[0.0024426376912742853, 0.9999924898147583, -0.003009927924722433, 0.0025634765625], [0.01985310949385166, -0.00305783725