[{"images": ["samples/CAM_FRONT_LEFT/n008-2018-09-18-12-07-26-0400__CAM_FRONT_LEFT__1537287140504799.jpg", "samples/CAM_FRONT/n008-2018-09-18-12-07-26-0400__CAM_FRONT__1537287140512404.jpg", "samples/CAM_FRONT_RIGHT/n008-2018-09-18-12-07-26-0400__CAM_FRONT_RIGHT__1537287140520482.jpg", "samples/CAM_BACK_LEFT/n008-2018-09-18-12-07-26-0400__CAM_BACK_LEFT__1537287140547405.jpg", "samples/CAM_BACK/n008-2018-09-18-12-07-26-0400__CAM_BACK__1537287140537558.jpg", "samples/CAM_BACK_RIGHT/n008-2018-09-18-12-07-26-0400__CAM_BACK_RIGHT__1537287140528113.jpg"], "intrinsics": [[[1257.8625342125129, 0.0, 827.2410631095686], [0.0, 1257.8625342125129, 450.915498205774], [0.0, 0.0, 1.0]], [[1252.8131021185304, 0.0, 826.588114781398], [0.0, 1252.8131021185304, 469.9846626224581], [0.0, 0.0, 1.0]], [[1256.7485116440405, 0.0, 817.7887570959712], [0.0, 1256.7485116440403, 451.9541780095127], [0.0, 0.0, 1.0]], [[1254.9860565800168, 0.0, 829.5769333630991], [0.0, 1254.9860565800168, 467.1680561863987], [0.0, 0.0, 1.0]], [[796.8910634503094, 0.0, 857.7774326863696], [0.0, 796.8910634503094, 476.8848988407415], [0.0, 0.0, 1.0]], [[1249.9629280788233, 0.0, 825.3768045375984], [0.0, 1249.9629280788233, 462.54816385708756], [0.0, 0.0, 1.0]]], "extrinsics": [[[0.8203758001327515, -0.5715532898902893, 0.017619434744119644, -0.7811279296875], [0.01223662868142128, -0.013258490711450577, -0.9998372197151184, 1.4916343688964844], [0.5716938972473145, 0.8204578757286072, -0.0038830579724162817, -1.1785888671875], [0.0, 0.0, 0.0, 1.0]], [[0.0070669883862137794, -0.9998233914375305, 0.017411621287465096, 0.00750732421875], [0.014240138232707977, -0.01730966754257679, -0.9997488260269165, 1.4834098815917969], [0.9998736381530762, 0.00731314392760396, 0.014115297235548496, -1.507568359375], [0.0, 0.0, 0.0, 1.0]], [[-0.8452584743499756, -0.534334123134613, -0.004998521413654089, 0.939453125], [0.022308534011244774, -0.02594047784805298, -0.9994145035743713, 1.4970741271972656], [0.5338916778564453, -0.8448752760887146, 0.033846624195575714, -1.18212890625], [0.0, 0.0, 0.0, 1.0]], [[0.9479223489761353, 0.31844091415405273, -0.006217241752892733, -1.1278076171875], [-0.0030437344685196877, -0.010462375357747078, -0.9999406337738037, 1.561989426612854], [-0.31848710775375366, 0.9478849768638611, -0.008948269300162792, -0.16143798828125], [0.0, 0.0, 0.0, 1.0]], [[0.010236553847789764, 0.9997846484184265, -0.018053971230983734, -0.028045654296875], [-0.0009958032751455903, -0.018044715747237206, -0.9998366832733154, 1.567981481552124], [-0.9999471306800842, 0.010252805426716805, 0.0008108739275485277, -0.03173828125], [0.0, 0.0, 0.0, 1.0]], [[-0.9229608774185181, 0.3844408392906189, -0.0186641626060009, 1.037841796875], [0.003178834216669202, -0.040876325219869614, -0.9991591572761536, 1.5482349395751953], [-0.3848804831504822, -0.9222441911697388, 0.03650517389178276, -0.0948486328125], [0.0, 0.0, 0.0, 1.0]]], "view": [[0.0, -2.0, 100.0], [-2.0, 0.0, 100.0], [0.0, 0.0, 1.0]], "bev": "bev_cc06cfa0165e4bf6904972773e18f9d3.png", "aux": "aux_cc06cfa0165e4bf6904972773e18f9d3.npz", "visibility": "visibility_cc06cfa0165e4bf6904972773e18f9d3.png", "pose": [[-0.7564088106155396, 0.65409916639328, 0.0, 1789.68603515625], [-0.65409916639328, -0.7564088106155396, 0.0, 1135.1522216796875], [0.0, 0.0, 1.0, 0.0], [0.0, 0.0, 0.0, 1.0]], "pose_inverse": [[-0.7564088106155396, -0.65409916639328, 0.0, 2096.236328125], [0.65409916639328, -0.7564088106155396, 0.0, -311.99298095703125], [0.0, 0.0, 1.0, 0.0], [0.0, 0.0, 0.0, 1.0]], "cam_ids": [0, 1, 2, 3, 4, 5], "cam_channels": ["CAM_FRONT_LEFT", "CAM_FRONT", "CAM_FRONT_RIGHT", "CAM_BACK_LEFT", "CAM_BACK", "CAM_BACK_RIGHT"], "token": "cc06cfa0165e4bf6904972773e18f9d3", "scene": "scene-0448"}, {"images": ["samples/CAM_FRONT_LEFT/n008-2018-09-18-12-07-26-0400__CAM_FRONT_LEFT__1537287141004799.jpg", "samples/CAM_FRONT/n008-2018-09-18-12-07-26-0400__CAM_FRONT__1537287141012404.jpg", "samples/CAM_FRONT_RIGHT/n008-2018-09-18-12-07-26-0400__CAM_FRONT_RIGHT__1537287141020482.jpg", "samples/CAM_BACK_LEFT/n008-2018-09-18-12-07-26-0400__CAM_BACK_LEFT__1537287141047405.jpg", "samples/CAM_BACK/n008-2018-09-18-12-07-26-0400__CAM_BACK__1537287141037558.jpg", "samples/CAM_BACK_RIGHT/n008-2018-09-18-12-07-26-0400__CAM_BACK_RIGHT__1537287141028113.jpg"], "intrinsics": [[[1257.8625342125129, 0.0, 827.2410631095686], [0.0, 1257.8625342125129, 450.915498205774], [0.0, 0.0, 1.0]], [[1252.8131021185304, 0.0, 826.588114781398], [0.0, 1252.8131021185304, 469.9846626224581], [0.0, 0.0, 1.0]], [[1256.7485116440405, 0.0, 817.7887570959712], [0.0, 1256.7485116440403, 451.9541780095127], [0.0, 0.0, 1.0]], [[1254.9860565800168, 0.0, 829.5769333630991], [0.0, 1254.9860565800168, 467.1680561863987], [0.0, 0.0, 1.0]], [[796.8910634503094, 0.0, 857.7774326863696], [0.0, 796.8910634503094, 476.8848988407415], [0.0, 0.0, 1.0]], [[1249.9629280788233, 0.0, 825.3768045375984], [0.0, 1249.9629280788233, 462.54816385708756], [0.0, 0.0, 1.0]]], "extrinsics": [[[0.820056140422821, -0.5720813870429993, 0.015192282386124134, -0.784423828125], [0.014267249032855034, -0.006101418286561966, -0.9998795986175537, 1.49212646484375], [0.5721052885055542, 0.8201741576194763, 0.0031585204415023327, -1.181884765625], [0.0, 0.0, 0.0, 1.0]], [[0.006681274622678757, -0.9999249577522278, 0.010271592997014523, 0.008270263671875], [0.016272813081741333, -0.010161742568016052, -0.9998160004615784, 1.4837875366210938], [0.9998452663421631, 0.006847135256975889, 0.01620369590818882, -1.512939453125], [0.0, 0.0, 0.0, 1.0]], [[-0.8453655242919922, -0.5340843200683594, -0.010539696551859379, 0.9443359375], [0.024342279881238937, -0.01880492828786373, -0.9995267987251282, 1.497314453125], [0.5336333513259888, -0.8452220559120178, 0.02889786846935749, -1.1839599609375], [0.0, 0.0, 0.0, 1.0]], [[0.947864830493927, 0.3186667859554291, -0.001938339788466692, -1.1319580078125], [-0.0009541694889776409, -0.0032444701064378023, -0.9999942779541016, 1.562031865119934], [-0.3186713457107544, 0.9478613138198853, -0.002771254861727357, -0.160400390625], [0.0, 0.0, 0.0, 1.0]], [[0.010230266489088535, 0.9998883008956909, -0.010898361913859844, -0.028533935546875], [0.0011147242039442062, -0.010910328477621078, -0.9999397993087769, 1.5681471824645996], [-0.9999470710754395, 0.010217536240816116, -0.0012262173695489764, -0.027099609375], [0.0, 0.0, 0.0, 1.0]], [[-0.922880232334137, 0.3846733868122101, -0.01784142293035984, 1.0419921875], [0.005255847238004208, -0.0337442085146904, -0.999416708946228, 1.5485076904296875], [-0.3850509822368622, -0.9224357008934021, 0.029120080173015594, -0.092437744140625], [0.0, 0.0, 0.0, 1.0]]], "view": [[0.0, -2.0, 100.0], [-2.0, 0.0, 100.0], [0.0, 0.0, 1.0]], "bev": "bev_f2c1007e11e04a1e9bd8fbfa11619427.png", "aux": "aux_f2c1007e11e04a1e9bd8fbfa11619427.npz", "visibility": "visibility_f2c1007e11e04a1e9bd8fbfa11619427.png", "pose": [[-0.7242494225502014, 0.6895380616188049, 0.0, 1787.474365234375], [-0.6895380616188049, -0.7242494225502014, 0.0, 1133.1708984375], [0.0, 0.0, 1.0, 0.0], [0.0, 0.0, 0.0, 1.0]], "pose_inverse": [[-0.7242494225502014, -0.6895380616188049, 0.0, 2075.94189453125], [0.6895380616188049, -0.7242494225502014, 0.0, -411.8332214355469], [0.0, 0.0, 1.0, 0.0], [0.0, 0.0, 0.0, 1.0]], "cam_ids": [0, 1, 2, 3, 4, 5], "cam_channels": ["CAM_FRONT_LEFT", "CAM_FRONT", "CAM_FRONT_RIGHT", "CAM_BACK_LEFT", "CAM_BACK", "CAM_BACK_RIGHT"], "token": "f2c1007e11e04a1e9bd8fbfa11619427", "scene": "scene-0448"}, {"images": ["samples/CAM_FRONT_LEFT/n008-2018-09-18-12-07-26-0400__CAM_FRONT_LEFT__1537287141504799.jpg", "samples/CAM_FRONT/n008-2018-09-18-12-07-26-0400__CAM_FRONT__1537287141512404.jpg", "samples/CAM_FRONT_RIGHT/n008-2018-09-18-12-07-26-0400__CAM_FRONT_RIGHT__1537287141520482.jpg", "samples/CAM_BACK_LEFT/n008-2018-09-18-12-07-26-0400__CAM_BACK_LEFT__1537287141547405.jpg", "samples/CAM_BACK/n008-2018-09-18-12-07-26-0400__CAM_BACK__1537287141537558.jpg", "samples/CAM_BACK_RIGHT/n008-2018-09-18-12-07-26-0400__CAM_BACK_RIGHT__1537287141528113.jpg"], "intrinsics": [[[1257.8625342125129, 0.0, 827.2410631095686], [0.0, 1257.8625342125129, 450.915498205774], [0.0, 0.0, 1.0]], [[1252.8131021185304, 0.0, 826.588114781398], [0.0, 1252.8131021185304, 469.9846626224581], [0.0, 0.0, 1.0]], [[1256.7485116440405, 0.0, 817.7887570959712], [0.0, 1256.7485116440403, 451.9541780095127], [0.0, 0.0, 1.0]], [[1254.9860565800168, 0.0, 829.5769333630991], [0.0, 1254.9860565800168, 467.1680561863987], [0.0, 0.0, 1.0]], [[796.8910634503094, 0.0, 857.7774326863696], [0.0, 796.8910634503094, 476.8848988407415], [0.0, 0.0, 1.0]], [[1249.9629280788233, 0.0, 825.3768045375984], [0.0, 1249.9629280788233, 462.54816385708756], [0.0, 0.0, 1.0]]], "extrinsics": [[[0.8204454183578491, -0.571541428565979, 0.014482414349913597, -0.7843017578125], [0.015946034342050552, -0.002445450285449624, -0.9998698234558105, 1.4925689697265625], [0.5715024471282959, 0.8205695748329163, 0.007107460871338844, -1.18231201171875], [0.0, 0.0, 0.0, 1.0]], [[0.00743483193218708, -0.9999513030052185, 0.006484991405159235, 0.00921630859375], [0.017888950183987617, -0.006351131480187178, -0.999819815158844, 1.4841461181640625], [0.9998123049736023, 0.00754947867244482, 0.017840858548879623, -1.512939453125], [0.0, 0.0, 0.0, 1.0]], [[-0.8450493216514587, -0.53450608253479, -0.013957439921796322, 0.9439697265625], [0.025891173630952835, -0.014832568354904652, -0.9995547533035278, 1.4976119995117188], [0.5340610146522522, -0.8450344800949097, 0.0263732448220253, -1.182861328125], [0.0, 0.0, 0.0, 1.0]], [[0.9479382038116455, 0.3184540867805481, 0.0005028036539442837, -1.1297607421875], [0.00014086358714848757, 0.00115958193782717, -0.9999992847442627, 1.5620429515838623], [-0.31845441460609436, 0.947937548160553, 0.0010543540120124817, -0.1611328125], [0.0, 0.0, 0.0, 1.0]], [[0.010158102959394455, 0.9999265670776367, -0.0066055431962013245, -0.028778076171875], [0.0023704252671450377, -0.006629942916333675, -0.9999752044677734, 1.5682382583618164], [-0.9999455809593201, 0.010142098180949688, -0.002437598304823041, -0.02880859375], [0.0, 0.0, 0.0, 1.0]], [[-0.9229923486709595, 0.38441741466522217, -0.017561068758368492, 1.040771484375], [0.006682718638330698, -0.029615916311740875, -0.9995389580726624, 1.5487079620361328], [-0.3847602903842926, -0.9226841926574707, 0.024766314774751663, -0.092376708984375], [0.0, 0.0, 0.0, 1.0]]], "view": [[0.0, -2.0, 100.0], [-2.0, 0.0, 100.0], [0.0, 0.0, 1.0]], "bev": "bev_0e956c562847437ca0303ef727944078.png", "aux": "aux_0e956c562847437ca0303ef727944078.npz", "visibility": "visibility_0e956c562847437ca0303ef727944078.png", "pose": [[-0.6908463835716248, 0.7230015397071838, 0.0, 1785.3631591796875], [-0.7230015397071838, -0.6908463835716248, 0.0, 1131.087646484375], [0.0, 0.0, 1.0, 0.0], [0.0, 0.0, 0.0, 1.0]], "pose_inverse": [[-0.6908463835716248, -0.7230015397071838, 0.0, 2051.18994140625], [0.7230015397071838, -0.6908463835716248, 0.0, -509.4124755859375], [0.0, 0.0, 1.0, 0.0], [0.0, 0.0, 0.0, 1.0]], "cam_ids": [0, 1, 2, 3, 4, 5], "cam_channels": ["CAM_FRONT_LEFT", "CAM_FRONT", "CAM_FRONT_RIGHT", "CAM_BACK_LEFT", "CAM_BACK", "CAM_BACK_RIGHT"], "token": "0e956c562847437ca0303ef727944078", "scene": "scene-0448"}, {"images": ["samples/CAM_FRONT_LEFT/n008-2018-09-18-12-07-26-0400__CAM_FRONT_LEFT__1537287142004799.jpg", "samples/CAM_FRONT/n008-2018-09-18-12-07-26-0400__CAM_FRONT__1537287142012404.jpg", "samples/CAM_FRONT_RIGHT/n008-2018-09-18-12-07-26-0400__CAM_FRONT_RIGHT__1537287142020482.jpg", "samples/CAM_BACK_LEFT/n008-2018-09-18-12-07-26-0400__CAM_BACK_LEFT__1537287142047405.jpg", "samples/CAM_BACK/n008-2018-09-18-12-07-26-0400__CAM_BACK__1537287142037558.jpg", "samples/CAM_BACK_RIGHT/n008-2018-09-18-12-07-26-0400__CAM_BACK_RIGHT__1537287142028113.jpg"], "intrinsics": [[[1257.8625342125129, 0.0, 827.2410631095686], [0.0, 1257.8625342125129, 450.915498205774], [0.0, 0.0, 1.0]], [[1252.8131021185304, 0.0, 826.588114781398], [0.0, 1252.8131021185304, 469.9846626224581], [0.0, 0.0, 1.0]], [[1256.7485116440405, 0.0, 817.7887570959712], [0.0, 1256.7485116440403, 451.9541780095127], [0.0, 0.0, 1.0]], [[1254.9860565800168, 0.0, 829.5769333630991], [0.0, 1254.9860565800168, 467.1680561863987], [0.0, 0.0, 1.0]], [[796.8910634503094, 0.0, 857.7774326863696], [0.0, 796.8910634503094, 476.8848988407415], [0.0, 0.0, 1.0]], [[1249.9629280788233, 0.0, 825.3768045375984], [0.0, 1249.9629280788233, 462.54816385708756], [0.0, 0.0, 1.0]]], "extrinsics": [[[0.8207250237464905, -0.571157693862915, 0.01376472506672144, -0.7713623046875], [0.013571072369813919, -0.004596266429871321, -0.9998973608016968, 1.4921550750732422], [0.5711623430252075, 0.8208274841308594, 0.00397895323112607, -1.171875], [0.0, 0.0, 0.0, 1.0]], [[0.007703342009335756, -0.9999321699142456, 0.008725550957024097, 0.00799560546875], [0.01574980840086937, -0.00860340241342783, -0.9998390078544617, 1.4839057922363281], [0.9998462200164795, 0.007839501835405827, 0.015682468190789223, -1.4974365234375], [0.0, 0.0, 0.0, 1.0]], [[-0.8449572324752808, -0.5347187519073486, -0.011096330359578133, 0.9326171875], [0.02400393784046173, -0.017188116908073425, -0.9995640516281128, 1.4975814819335938], [0.5342949032783508, -0.8448552489280701, 0.027358578518033028, -1.1768798828125], [0.0, 0.0, 0.0, 1.0]], [[0.9478253126144409, 0.31878697872161865, -0.0014140545390546322, -1.1195068359375], [-0.0009047901839949191, -0.0017455818597227335, -0.9999980926513672, 1.562018871307373], [-0.3187888562679291, 0.9478247165679932, -0.001366070588119328, -0.1644287109375], [0.0, 0.0, 0.0, 1.0]], [[0.009916738606989384, 0.9999074339866638, -0.009322618134319782, -0.02838134765625], [0.0009945023339241743, -0.009332932531833649, -0.999955952167511, 1.5681486129760742], [-0.9999503493309021, 0.009907018393278122, -0.001086962642148137, -0.03955078125], [0.0, 0.0, 0.0, 1.0]], [[-0.9230917692184448, 0.384205162525177, -0.0169671680778265, 1.03076171875], [0.0049993302673101425, -0.03212699294090271, -0.9994713068008423, 1.5485286712646484], [-0.3845471143722534, -0.9226886630058289, 0.027735399082303047, -0.0972747802734375], [0.0, 0.0, 0.0, 1.0]]], "view": [[0.0, -2.0, 100.0], [-2.0, 0.0, 100.0], [0.0, 0.0, 1.0]], "bev": "bev_8dcac1058dc7438784b630166d6a5d2b.png", "aux": "aux_8dcac1058dc7438784b630166d6a5d2b.npz", "visibility": "visibility_8dcac1058dc7438784b630166d6a5d2b.png", "pose": [[-0.6632351279258728, 0.7484110593795776, 0.0, 1783.3095703125], [-0.7484110593795776, -0.6632351279258728, 0.0, 1128.8779296875], [0.0, 0.0, 1.0, 0.0], [0.0, 0.0, 0.0, 1.0]], "pose_inverse": [[-0.6632351279258728, -0.7484110593795776, 0.0, 2027.6182861328125], [0.7484110593795776, -0.6632351279258728, 0.0, -585.9371337890625], [0.0, 0.0, 1.0, 0.0], [0.0, 0.0, 0.0, 1.0]], "cam_ids": [0, 1, 2, 3, 4, 5], "cam_channels": ["CAM_FRONT_LEFT", "CAM_FRONT", "CAM_FRONT_RIGHT", "CAM_BACK_LEFT", "CAM_BACK", "CAM_BACK_RIGHT"], "token": "8dcac1058dc7438784b630166d6a5d2b", "scene": "scene-0448"}, {"images": ["samples/CAM_FRONT_LEFT/n008-2018-09-18-12-07-26-0400__CAM_FRONT_LEFT__1537287142504799.jpg", "samples/CAM_FRONT/n008-2018-09-18-12-07-26-0400__CAM_FRONT__1537287142512404.jpg", "samples/CAM_FRONT_RIGHT/n008-2018-09-18-12-07-26-0400__CAM_FRONT_RIGHT__1537287142520482.jpg", "samples/CAM_BACK_LEFT/n008-2018-09-18-12-07-26-0400__CAM_BACK_LEFT__1537287142547405.jpg", "samples/CAM_BACK/n008-2018-09-18-12-07-26-0400__CAM_BACK__1537287142537558.jpg", "samples/CAM_BACK_RIGHT/n008-2018-09-18-12-07-26-0400__CAM_BACK_RIGHT__1537287142528113.jpg"], "intrinsics": [[[1257.8625342125129, 0.0, 827.2410631095686], [0.0, 1257.8625342125129, 450.915498205774], [0.0, 0.0, 1.0]], [[1252.8131021185304, 0.0, 826.588114781398], [0.0, 1252.8131021185304, 469.9846626224581], [0.0, 0.0, 1.0]], [[1256.7485116440405, 0.0, 817.7887570959712], [0.0, 1256.7485116440403, 451.9541780095127], [0.0, 0.0, 1.0]], [[1254.9860565800168, 0.0, 829.5769333630991], [0.0, 1254.9860565800168, 467.1680561863987], [0.0, 0.0, 1.0]], [[796.8910634503094, 0.0, 857.7774326863696], [0.0, 796.8910634503094, 476.8848988407415], [0.0, 0.0, 1.0]], [[1249.9629280788233, 0.0, 825.3768045375984], [0.0, 1249.9629280788233, 462.54816385708756], [0.0, 0.0, 1.0]]], "extrinsics": [[[0.8210262060165405, -0.5707022547721863, 0.014660419896245003, -0.7706298828125], [0.013100575655698776, -0.006838771514594555, -0.9998907446861267, 1.4920291900634766], [0.5707402229309082, 0.8211285471916199, 0.0018617160385474563, -1.17425537109375], [0.0, 0.0, 0.0, 1.0]], [[0.008124949410557747, -0.999906063079834, 0.011040068231523037, 0.00994873046875], [0.014830678701400757, -0.010918724350631237, -0.999830424785614, 1.4836959838867188], [0.9998570084571838, 0.008287257514894009, 0.01474057137966156, -1.498779296875], [0.0, 0.0, 0.0, 1.0]], [[-0.844818115234375, -0.5349839925765991, -0.008629227988421917, 0.93359375], [0.022608665749430656, -0.019579732790589333, -0.9995526075363159, 1.4973487854003906], [0.5345757007598877, -0.8446353077888489, 0.028636587783694267, -1.176025390625], [0.0, 0.0, 0.0, 1.0]], [[0.9479421377182007, 0.31841209530830383, -0.004397029522806406, -1.1212158203125], [-0.0031655479688197374, -0.004384908825159073, -0.99998539686203, 1.5619665384292603], [-0.31842678785324097, 0.9479422569274902, -0.0031486894004046917, -0.1639404296875], [0.0, 0.0, 0.0, 1.0]], [[0.009968312457203865, 0.9998794794082642, -0.011898618191480637, -0.02911376953125], [-0.0008561646100133657, -0.011890669353306293, -0.9999289512634277, 1.5679993629455566], [-0.9999499320983887, 0.009977717883884907, 0.0007375319837592542, -0.0394287109375], [0.0, 0.0, 0.0, 1.0]], [[-0.9231820106506348, 0.3840111792087555, -0.016439171507954597, 1.0302734375], [0.0034081274643540382, -0.03458991274237633, -0.9993957281112671, 1.5483417510986328], [-0.3843477666378021, -0.9226802587509155, 0.0306240301579237, -0.0963897705078125], [0.0, 0.0, 0.0, 1.0]]], "view": [[0.0, -2.0, 100.0], [-2.0, 0.0, 100.0], [0.0, 0.0, 1.0]], "bev": "bev_8090846be96e4669a63e11ab499ede57.png", "aux": "aux_8090846be96e4669a63e11ab499ede57.npz", "visibility": "visibility_8090846be96e4669a63e11ab499ede57.png", "pose": [[-0.6355079412460327, 0.7720943093299866, 0.0, 1781.273681640625], [-0.7720943093299866, -0.6355079412460327, 0.0, 1126.5224609375], [0.0, 0.0, 1.0, 0.0], [0.0, 0.0, 0.0, 1.0]], "pose_inverse": [[-0.6355079412460327, -0.7720943093299866, 0.0, 2001.795166015625], [0.7720943093299866, -0.6355079412460327, 0.0, -659.3973388671875], [0.0, 0.0, 1.0, 0.0], [0.0, 0.0, 0.0, 1.0]], "cam_ids": [0, 1, 2, 3, 4, 5], "cam_channels": ["CAM_FRONT_LEFT", "CAM_FRONT", "CAM_FRONT_RIGHT", "CAM_BACK_LEFT", "CAM_BACK", "CAM_BACK_RIGHT"], "token": "8090846be96e4669a63e11ab499ede57", "scene": "scene-0448"}, {"images": ["samples/CAM_FRONT_LEFT/n008-2018-09-18-12-07-26-0400__CAM_FRONT_LEFT__1537287143004941.jpg", "samples/CAM_FRONT/n008-2018-09-18-12-07-26-0400__CAM_FRONT__1537287143012404.jpg", "samples/CAM_FRONT_RIGHT/n008-2018-09-18-12-07-26-0400__CAM_FRONT_RIGHT__1537287143020482.jpg", "samples/CAM_BACK_LEFT/n008-2018-09-18-12-07-26-0400__CAM_BACK_LEFT__1537287143047405.jpg", "samples/CAM_BACK/n008-2018-09-18-12-07-26-0400__CAM_BACK__1537287143037558.jpg", "samples/CAM_BACK_RIGHT/n008-2018-09-18-12-07-26-0400__CAM_BACK_RIGHT__1537287143028113.jpg"], "intrinsics": [[[1257.8625342125129, 0.0, 827.2410631095686], [0.0, 1257.8625342125129, 450.915498205774], [0.0, 0.0, 1.0]], [[1252.8131021185304, 0.0, 826.588114781398], [0.0, 1252.8131021185304, 469.9846626224581], [0.0, 0.0, 1.0]], [[1256.7485116440405, 0.0, 817.7887570959712], [0.0, 1256.7485116440403, 451.9541780095127], [0.0, 0.0, 1.0]], [[1254.9860565800168, 0.0, 829.5769333630991], [0.0, 1254.9860565800168, 467.1680561863987], [0.0, 0.0, 1.0]], [[796.8910634503094, 0.0, 857.7774326863696], [0.0, 796.8910634503094, 476.8848988407415], [0.0, 0.0, 1.0]], [[1249.9629280788233, 0.0, 825.3768045375984], [0.0, 1249.9629280788233, 462.54816385708756], [0.0, 0.0, 1.0]]], "extrinsics": [[[0.8209975361824036, -0.5707551836967468, 0.01419554091989994, -0.7529296875], [0.012953526340425014, -0.006236051209270954, -0.9998966455459595, 1.4922657012939453], [0.5707846879959106, 0.8210965991020203, 0.002273507881909609, -1.16094970703125], [0.0, 0.0, 0.0, 1.0]], [[0.008078180253505707, -0.9999122023582458, 0.0105069475248456, 0.00958251953125], [0.014954494312405586, -0.010385311208665371, -0.9998342394828796, 1.4840278625488281], [0.9998555183410645, 0.00823395699262619, 0.014869284816086292, -1.47802734375], [0.0, 0.0, 0.0, 1.0]], [[-0.8448258638381958, -0.534961998462677, -0.009224600158631802, 0.919189453125], [0.023021424189209938, -0.01912028342485428, -0.9995520710945129, 1.497802734375], [0.5345460176467896, -0.8446598649024963, 0.028468897566199303, -1.167236328125], [0.0, 0.0, 0.0, 1.0]], [[0.9479517936706543, 0.31839415431022644, -0.0035481329541653395, -1.11669921875], [-0.002394680632278323, -0.004014060832560062, -0.9999890923500061, 1.5619783401489258], [-0.3184049427509308, 0.9479499459266663, -0.0030426839366555214, -0.1656494140625], [0.0, 0.0, 0.0, 1.0]], [[0.009973695501685143, 0.9998839497566223, -0.011515531688928604, -0.02874755859375], [-0.00023571529891341925, -0.011513754725456238, -0.999933660030365, 1.5680441856384277], [-0.9999502301216125, 0.00997566245496273, 0.00012085379421478137, -0.048828125], [0.0, 0.0, 0.0, 1.0]], [[-0.9231736660003662, 0.38401705026626587, -0.01676660217344761, 1.017333984375], [0.003932753577828407, -0.03418092429637909, -0.9994078874588013, 1.5484657287597656], [-0.3843628466129303, -0.922693133354187, 0.030044684186577797, -0.1019134521484375], [0.0, 0.0, 0.0, 1.0]]], "view": [[0.0, -2.0, 100.0], [-2.0, 0.0, 100.0], [0.0, 0.0, 1.0]], "bev": "bev_87aa84c8f0094cb083e413d094340dd6.png", "aux": "aux_87aa84c8f0094cb083e413d094340dd6.npz", "visibility": "visibility_87aa84c8f0094cb083e413d094340dd6.png", "pose": [[-0.6113396286964417, 0.7913683652877808, 0.0, 1779.309326171875], [-0.7913683652877808, -0.6113396286964417, 0.0, 1124.095703125], [0.0, 0.0, 1.0, 0.0], [0.0, 0.0, 0.0, 1.0]], "pose_inverse": [[-0.6113396286964417, -0.7913683652877808, 0.0, 1977.3360595703125], [0.7913683652877808, -0.6113396286964417, 0.0, -720.8848266601562], [0.0, 0.0, 1.0, 0.0], [0.0, 0.0, 0.0, 1.0]], "cam_ids": [0, 1, 2, 3, 4, 5], "cam_channels": ["CAM_FRONT_LEFT", "CAM_FRONT", "CAM_FRONT_RIGHT", "CAM_BACK_LEFT", "CAM_BACK", "CAM_BACK_RIGHT"], "token": "87aa84c8f0094cb083e413d094340dd6", "scene": "scene-0448"}, {"images": ["samples/CAM_FRONT_LEFT/n008-2018-09-18-12-07-26-0400__CAM_FRONT_LEFT__1537287143504799.jpg", "samples/CAM_FRONT/n008-2018-09-18-12-07-26-0400__CAM_FRONT__1537287143512404.jpg", "samples/CAM_FRONT_RIGHT/n008-2018-09-18-12-07-26-0400__CAM_FRONT_RIGHT__1537287143520482.jpg", "samples/CAM_BACK_LEFT/n008-2018-09-18-12-07-26-0400__CAM_BACK_LEFT__1537287143547405.jpg", "samples/CAM_BACK/n008-2018-09-18-12-07-26-0400__CAM_BACK__1537287143537558.jpg", "samples/CAM_BACK_RIGHT/n008-2018-09-18-12-07-26-0400__CAM_BACK_RIGHT__1537287143528113.jpg"], "intrinsics": [[[1257.8625342125129, 0.0, 827.2410631095686], [0.0, 1257.8625342125129, 450.915498205774], [0.0, 0.0, 1.0]], [[1252.8131021185304, 0.0, 826.588114781398], [0.0, 1252.8131021185304, 469.9846626224581], [0.0, 0.0, 1.0]], [[1256.7485116440405, 0.0, 817.7887570959712], [0.0, 1256.7485116440403, 451.9541780095127], [0.0, 0.0, 1.0]], [[1254.9860565800168, 0.0, 829.5769333630991], [0.0, 1254.9860565800168, 467.1680561863987], [0.0, 0.0, 1.0]], [[796.8910634503094, 0.0, 857.7774326863696], [0.0, 796.8910634503094, 476.8848988407415], [0.0, 0.0, 1.0]], [[1249.9629280788233, 0.0, 825.3768045375984], [0.0, 1249.9629280788233, 462.54816385708756], [0.0, 0.0, 1.0]]], "extrinsics": [[[0.821510910987854, -0.5700635313987732, 0.0121426060795784, -0.7303466796875], [0.011098556220531464, -0.00530485063791275, -0.99992436170578, 1.4920024871826172], [0.570084810256958, 0.8215835690498352, 0.0019688881002366543, -1.144866943359375], [0.0, 0.0, 0.0, 1.0]], [[0.008777095936238766, -0.9999160766601562, 0.009521372616291046, 0.00921630859375], [0.013045757077634335, -0.009406425058841705, -0.9998706579208374, 1.4838485717773438], [0.9998763203620911, 0.008900180459022522, 0.012962102890014648, -1.453369140625], [0.0, 0.0, 0.0, 1.0]], [[-0.8445613384246826, -0.5353974103927612, -0.008102367632091045, 0.9019775390625], [0.021056104451417923, -0.0180873591452837, -0.9996146559715271, 1.497802734375], [0.5350446701049805, -0.8444066047668457, 0.026549270376563072, -1.156982421875], [0.0, 0.0, 0.0, 1.0]], [[0.9479267597198486, 0.31844884157180786, -0.0050344159826636314, -1.1143798828125], [-0.004420108627527952, -0.0026516374200582504, -0.9999867081642151, 1.5619053840637207], [-0.3184579908847809, 0.9479362964630127, -0.0011059800162911415, -0.166259765625], [0.0, 0.0, 0.0, 1.0]], [[0.00973581150174141, 0.9998990893363953, -0.010339374653995037, -0.02825927734375], [-0.002240775851532817, -0.010318023152649403, -0.9999442100524902, 1.5678379535675049], [-0.9999501705169678, 0.009758464992046356, 0.002140094991773367, -0.0574951171875], [0.0, 0.0, 0.0, 1.0]], [[-0.923352062702179, 0.3836807906627655, -0.014492200687527657, 1.004150390625], [0.0019318845588713884, -0.033101536333560944, -0.999450147151947, 1.5481624603271484], [-0.3839493989944458, -0.9228722453117371, 0.029823146760463715, -0.10811233520507812], [0.0, 0.0, 0.0, 1.0]]], "view": [[0.0, -2.0, 100.0], [-2.0, 0.0, 100.0], [0.0, 0.0, 1.0]], "bev": "bev_6861909f446445659e0dcd5223de1b34.png", "aux": "aux_6861909f446445659e0dcd5223de1b34.npz", "visibility": "visibility_6861909f446445659e0dcd5223de1b34.png", "pose": [[-0.593140184879303, 0.8050991892814636, 0.0, 1777.232177734375], [-0.8050991892814636, -0.593140184879303, 0.0, 1121.368896484375], [0.0, 0.0, 1.0, 0.0], [0.0, 0.0, 0.0, 1.0]], "pose_inverse": [[-0.593140184879303, -0.8050991892814636, 0.0, 1956.9610595703125], [0.8050991892814636, -0.593140184879303, 0.0, -765.7192993164062], [0.0, 0.0, 1.0, 0.0], [0.0, 0.0, 0.0, 1.0]], "cam_ids": [0, 1, 2, 3, 4, 5], "cam_channels": ["CAM_FRONT_LEFT", "CAM_FRONT", "CAM_FRONT_RIGHT", "CAM_BACK_LEFT", "CAM_BACK", "CAM_BACK_RIGHT"], "token": "6861909f446445659e0dcd5223de1b34", "scene": "scene-0448"}, {"images": ["samples/CAM_FRONT_LEFT/n008-2018-09-18-12-07-26-0400__CAM_FRONT_LEFT__1537287144004799.jpg", "samples/CAM_FRONT/n008-2018-09-18-12-07-26-0400__CAM_FRONT__1537287144012404.jpg", "samples/CAM_FRONT_RIGHT/n008-2018-09-18-12-07-26-0400__CAM_FRONT_RIGHT__1537287144020482.jpg", "samples/CAM_BACK_LEFT/n008-2018-09-18-12-07-26-0400__CAM_BACK_LEFT__1537287144047405.jpg", "samples/CAM_BACK/n008-2018-09-18-12-07-26-0400__CAM_BACK__1537287144037558.jpg", "samples/CAM_BACK_RIGHT/n008-2018-09-18-12-07-26-0400__CAM_BACK_RIGHT__1537287144028113.jpg"], "intrinsics": [[[1257.8625342125129, 0.0, 827.2410631095686], [0.0, 1257.8625342125129, 450.915498205774], [0.0, 0.0, 1.0]], [[1252.8131021185304, 0.0, 826.588114781398], [0.0, 1252.8131021185304, 469.9846626224581], [0.0, 0.0, 1.0]], [[1256.7485116440405, 0.0, 817.7887570959712], [0.0, 1256.7485116440403, 451.9541780095127], [0.0, 0.0, 1.0]], [[1254.9860565800168, 0.0, 829.5769333630991], [0.0, 1254.9860565800168, 467.1680561863987], [0.0, 0.0, 1.0]], [[796.8910634503094, 0.0, 857.7774326863696], [0.0, 796.8910634503094, 476.8848988407415], [0.0, 0.0, 1.0]], [[1249.9629280788233, 0.0, 825.3768045375984], [0.0, 1249.9629280788233, 462.54816385708756], [0.0, 0.0, 1.0]]], "extrinsics": [[[0.822390615940094, -0.5688938498497009, 0.00578761612996459, -0.7489013671875], [0.006273648701608181, -0.001104087452404201, -0.9999797344207764, 1.490239143371582], [0.5688886642456055, 0.8224102854728699, 0.0026610479690134525, -1.15875244140625], [0.0, 0.0, 0.0, 1.0]], [[0.010056090541183949, -0.9999357461929321, 0.005235936958342791, 0.0096435546875], [0.008196928538382053, -0.005153594072908163, -0.9999531507492065, 1.4822978973388672], [0.9999158382415771, 0.010098595172166824, 0.008144576102495193, -1.475341796875], [0.0, 0.0, 0.0, 1.0]], [[-0.8440607786178589, -0.5362107157707214, -0.006276275496929884, 0.9176025390625], [0.016185028478503227, -0.013774976134300232, -0.9997740983963013, 1.4964218139648438], [0.5360032320022583, -0.8439717888832092, 0.02030550315976143, -1.1663818359375], [0.0, 0.0, 0.0, 1.0]], [[0.9477599263191223, 0.318879634141922, -0.008183547295629978, -1.1173095703125], [-0.009061434306204319, 0.0012696300400421023, -0.9999580979347229, 1.5617904663085938], [-0.318855881690979, 0.9477944374084473, 0.004092811141163111, -0.16552734375], [0.0, 0.0, 0.0, 1.0]], [[0.009129165671765804, 0.9999392628669739, -0.006173163652420044, -0.02862548828125], [-0.007022891193628311, -0.00610915245488286, -0.9999566078186035, 1.5674138069152832], [-0.9999337196350098, 0.009172149933874607, 0.006966692395508289, -0.0487060546875], [0.0, 0.0, 0.0, 1.0]], [[-0.9237022399902344, 0.3830190598964691, -0.008399288170039654, 1.016845703125], [-0.002846461022272706, -0.0287846140563488, -0.9995815753936768, 1.5473957061767578], [-0.38310059905052185, -0.9232918620109558, 0.027678659185767174, -0.10227775573730469], [0.0, 0.0, 0.0, 1.0]]], "view": [[0.0, -2.0, 100.0], [-2.0, 0.0, 100.0], [0.0, 0.0, 1.0]], "bev": "bev_0d7ca95d06fd463dab624b3be45c77f0.png", "aux": "aux_0d7ca95d06fd463dab624b3be45c77f0.npz", "visibility": "visibility_0d7ca95d06fd463dab624b3be45c77f0.png", "pose": [[-0.5820130109786987, 0.8131794929504395, 0.0, 1775.2379150390625], [-0.8131794929504395, -0.5820130109786987, 0.0, 1118.6632080078125], [0.0, 0.0, 1.0, 0.0], [0.0, 0.0, 0.0, 1.0]], "pose_inverse": [[-0.5820130109786987, -0.8131794929504395, 0.0, 1942.885498046875], [0.8131794929504395, -0.5820130109786987, 0.0, -792.5105590820312], [0.0, 0.0, 1.0, 0.0], [0.0, 0.0, 0.0, 1.0]], "cam_ids": [0, 1, 2, 3, 4, 5], "cam_channels": ["CAM_FRONT_LEFT", "CAM_FRONT", "CAM_FRONT_RIGHT", "CAM_BACK_LEFT", "CAM_BACK", "CAM_BACK_RIGHT"], "token": "0d7ca95d06fd463dab624b3be45c77f0", "scene": "scene-0448"}, {"images": ["samples/CAM_FRONT_LEFT/n008-2018-09-18-12-07-26-0400__CAM_FRONT_LEFT__1537287144504799.jpg", "samples/CAM_FRONT/n008-2018-09-18-12-07-26-0400__CAM_FRONT__1537287144512404.jpg", "samples/CAM_FRONT_RIGHT/n008-2018-09-18-12-07-26-0400__CAM_FRONT_RIGHT__1537287144520482.jpg", "samples/CAM_BACK_LEFT/n008-2018-09-18-12-07-26-0400__CAM_BACK_LEFT__1537287144547405.jpg", "samples/CAM_BACK/n008-2018-09-18-12-07-26-0400__CAM_BACK__1537287144537558.jpg", "samples/CAM_BACK_RIGHT/n008-2018-09-18-12-07-26-0400__CAM_BACK_RIGHT__1537287144528113.jpg"], "intrinsics": [[[1257.8625342125129, 0.0, 827.2410631095686], [0.0, 1257.8625342125129, 450.915498205774], [0.0, 0.0, 1.0]], [[1252.8131021185304, 0.0, 826.588114781398], [0.0, 1252.8131021185304, 469.9846626224581], [0.0, 0.0, 1.0]], [[1256.7485116440405, 0.0, 817.7887570959712], [0.0, 1256.7485116440403, 451.9541780095127], [0.0, 0.0, 1.0]], [[1254.9860565800168, 0.0, 829.5769333630991], [0.0, 1254.9860565800168, 467.1680561863987], [0.0, 0.0, 1.0]], [[796.8910634503094, 0.0, 857.7774326863696], [0.0, 796.8910634503094, 476.8848988407415], [0.0, 0.0, 1.0]], [[1249.9629280788233, 0.0, 825.3768045375984], [0.0, 1249.9629280788233, 462.54816385708756], [0.0, 0.0, 1.0]]], "extrinsics": [[[0.822177529335022, -0.5692139267921448, 0.004424248822033405, -0.73095703125], [0.00550467986613512, 0.00017856915656011552, -0.9999848008155823, 1.4901227951049805], [0.5692045092582703, 0.8221893906593323, 0.0032801548950374126, -1.146209716796875], [0.0, 0.0, 0.0, 1.0]], [[0.009629905223846436, -0.9999459385871887, 0.003927962388843298, 0.00958251953125], [0.0073751164600253105, -0.0038570126052945852, -0.9999653697013855, 1.4822311401367188], [0.9999264478683472, 0.009658589959144592, 0.007337574847042561, -1.45556640625], [0.0, 0.0, 0.0, 1.0]], [[-0.8442582488059998, -0.5359001755714417, -0.006243682466447353, 0.9039306640625], [0.015306265093386173, -0.012464962899684906, -0.9998051524162292, 1.4964828491210938], [0.5357179641723633, -0.8441893458366394, 0.018726276233792305, -1.157958984375], [0.0, 0.0, 0.0, 1.0]], [[0.9478763341903687, 0.3185172975063324, -0.008787956088781357, -1.1162109375], [-0.010361740365624428, 0.003246955806389451, -0.9999410510063171, 1.5617389678955078], [-0.31846994161605835, 0.9479114413261414, 0.006378106772899628, -0.1656494140625], [0.0, 0.0, 0.0, 1.0]], [[0.009425187483429909, 0.9999451041221619, -0.004572135396301746, -0.02862548828125], [-0.008139640092849731, -0.004495466127991676, -0.9999567270278931, 1.567251205444336], [-0.9999224543571472, 0.009461949579417706, 0.008096822537481785, -0.0555419921875], [0.0, 0.0, 0.0, 1.0]], [[-0.9235983490943909, 0.383297860622406, -0.006972963456064463, 1.00537109375], [-0.003825057065114379, -0.027401955798268318, -0.9996171593666077, 1.5471973419189453], [-0.3833421766757965, -0.9232181906700134, 0.026774538680911064, -0.1070704460144043], [0.0, 0.0, 0.0, 1.0]]], "view": [[0.0, -2.0, 100.0], [-2.0, 0.0, 100.0], [0.0, 0.0, 1.0]], "bev": "bev_1474e64fdd3e48f196282643b97c8691.png", "aux": "aux_1474e64fdd3e48f196282643b97c8691.npz", "visibility": "visibility_1474e64fdd3e48f196282643b97c8691.png", "pose": [[-0.5760617256164551, 0.817406177520752, 0.0, 1773.283447265625], [-0.817406177520752, -0.5760617256164551, 0.0, 1115.9573974609375], [0.0, 0.0, 1.0, 0.0], [0.0, 0.0, 0.0, 1.0]], "pose_inverse": [[-0.5760617256164551, -0.817406177520752, 0.0, 1933.711181640625], [0.817406177520752, -0.5760617256164551, 0.0, -806.6324462890625], [0.0, 0.0, 1.0, 0.0], [0.0, 0.0, 0.0, 1.0]], "cam_ids": [0, 1, 2, 3, 4, 5], "cam_channels": ["CAM_FRONT_LEFT", "CAM_FRONT", "CAM_FRONT_RIGHT", "CAM_BACK_LEFT", "CAM_BACK", "CAM_BACK_RIGHT"], "token": "1474e64fdd3e48f196282643b97c8691", "scene": "scene-0448"}, {"images": ["samples/CAM_FRONT_LEFT/n008-2018-09-18-12-07-26-0400__CAM_FRONT_LEFT__1537287145004799.jpg", "samples/CAM_FRONT/n008-2018-09-18-12-07-26-0400__CAM_FRONT__1537287145012429.jpg", "samples/CAM_FRONT_RIGHT/n008-2018-09-18-12-07-26-0400__CAM_FRONT_RIGHT__1537287145020482.jpg", "samples/CAM_BACK_LEFT/n008-2018-09-18-12-07-26-0400__CAM_BACK_LEFT__1537287145047405.jpg", "samples/CAM_BACK/n008-2018-09-18-12-07-26-0400__CAM_BACK__1537287145037558.jpg", "samples/CAM_BACK_RIGHT/n008-2018-09-18-12-07-26-0400__CAM_BACK_RIGHT__1537287145028113.jpg"], "intrinsics": [[[1257.8625342125129, 0.0, 827.2410631095686], [0.0, 1257.8625342125129, 450.915498205774], [0.0, 0.0, 1.0]], [[1252.8131021185304, 0.0, 826.588114781398], [0.0, 1252.8131021185304, 469.9846626224581], [0.0, 0.0, 1.0]], [[1256.7485116440405, 0.0, 817.7887570959712], [0.0, 1256.7485116440403, 451.9541780095127], [0.0, 0.0, 1.0]], [[1254.9860565800168, 0.0, 829.5769333630991], [0.0, 1254.9860565800168, 467.1680561863987], [0.0, 0.0, 1.0]], [[796.8910634503094, 0.0, 857.7774326863696], [0.0, 796.8910634503094, 476.8848988407415], [0.0, 0.0, 1.0]], [[1249.9629280788233, 0.0, 825.3768045375984], [0.0, 1249.9629280788233, 462.54816385708756], [0.0, 0.0, 1.0]]], "extrinsics": [[[0.8222290277481079, -0.5691559314727783, 0.0010714144445955753, -0.7413330078125], [0.003348511178046465, 0.002954972442239523, -0.9999900460243225, 1.4893527030944824], [0.5691471099853516, 0.8222243785858154, 0.0043354881927371025, -1.154632568359375], [0.0, 0.0, 0.0, 1.0]], [[0.009697290137410164, -0.9999523758888245, 0.0011614729883149266, 0.0103759765625], [0.0051802098751068115, -0.0011112757492810488, -0.999985933303833, 1.4815435409545898], [0.9999395608901978, 0.009703129529953003, 0.005169185809791088, -1.4693603515625], [0.0, 0.0, 0.0, 1.0]], [[-0.8442428708076477, -0.5359293222427368, -0.005809403955936432, 0.9140625], [0.013071160763502121, -0.009752410463988781, -0.9998670220375061, 1.4958419799804688], [0.5358014702796936, -0.8442066311836243, 0.015238620340824127, -1.1634521484375], [0.0, 0.0, 0.0, 1.0]], [[0.9478526711463928, 0.3185391426086426, -0.010401785373687744, -1.117919921875], [-0.012804835103452206, 0.005450878757983446, -0.9999032020568848, 1.5616950988769531], [-0.3184516429901123, 0.9478940963745117, 0.00924547016620636, -0.1650390625], [0.0, 0.0, 0.0, 1.0]], [[0.00938952062278986, 0.9999536871910095, -0.002133262110874057, -0.0286865234375], [-0.010478181764483452, -0.0020348485559225082, -0.99994295835495, 1.5670795440673828], [-0.9999010562896729, 0.009411413222551346, 0.010458588600158691, -0.0499267578125], [0.0, 0.0, 0.0, 1.0]], [[-0.9236287474632263, 0.3832687437534332, -0.0038738823495805264, 1.013671875], [-0.006083216983824968, -0.02476397156715393, -0.9996747970581055, 1.5468807220458984], [-0.3832400143146515, -0.9233048558235168, 0.025204220786690712, -0.10321426391601562], [0.0, 0.0, 0.0, 1.0]]], "view": [[0.0, -2.0, 100.0], [-2.0, 0.0, 100.0], [0.0, 0.0, 1.0]], "bev": "bev_8ccbf80c252441479fd73da6c84eceb8.png", "aux": "aux_8ccbf80c252441479fd73da6c84eceb8.npz", "visibility": "visibility_8ccbf80c252441479fd73da6c84eceb8.png", "pose": [[-0.5711724758148193, 0.8208301067352295, 0.0, 1771.2474365234375], [-0.8208301067352295, -0.5711724758148193, 0.0, 1113.0960693359375], [0.0, 0.0, 1.0, 0.0], [0.0, 0.0, 0.0, 1.0]], "pose_inverse": [[-0.5711724758148193, -0.8208301067352295, 0.0, 1925.3504638671875], [0.8208301067352295, -0.5711724758148193, 0.0, -818.1233520507812], [0.0, 0.0, 1.0, 0.0], [0.0, 0.0, 0.0, 1.0]], "cam_ids": [0, 1, 2, 3, 4, 5], "cam_channels": ["CAM_FRONT_LEFT", "CAM_FRONT", "CAM_FRONT_RIGHT", "CAM_BACK_LEFT", "CAM_BACK", "CAM_BACK_RIGHT"], "token": "8ccbf80c252441479fd73da6c84eceb8", "scene": "scene-0448"}, {"images": ["samples/CAM_FRONT_LEFT/n008-2018-09-18-12-07-26-0400__CAM_FRONT_LEFT__1537287145404799.jpg", "samples/CAM_FRONT/n008-2018-09-18-12-07-26-0400__CAM_FRONT__1537287145412404.jpg", "samples/CAM_FRONT_RIGHT/n008-2018-09-18-12-07-26-0400__CAM_FRONT_RIGHT__1537287145420482.jpg", "samples/CAM_BACK_LEFT/n008-2018-09-18-12-07-26-0400__CAM_BACK_LEFT__1537287145447405.jpg", "samples/CAM_BACK/n008-2018-09-18-12-07-26-0400__CAM_BACK__1537287145437558.jpg", "samples/CAM_BACK_RIGHT/n008-2018-09-18-12-07-26-0400__CAM_BACK_RIGHT__1537287145428113.jpg"], "intrinsics": [[[1257.8625342125129, 0.0, 827.2410631095686], [0.0, 1257.8625342125129, 450.915498205774], [0.0, 0.0, 1.0]], [[1252.8131021185304, 0.0, 826.588114781398], [0.0, 1252.8131021185304, 469.9846626224581], [0.0, 0.0, 1.0]], [[1256.7485116440405, 0.0, 817.7887570959712], [0.0, 1256.7485116440403, 451.9541780095127], [0.0, 0.0, 1.0]], [[1254.9860565800168, 0.0, 829.5769333630991], [0.0, 1254.9860565800168, 467.1680561863987], [0.0, 0.0, 1.0]], [[796.8910634503094, 0.0, 857.7774326863696], [0.0, 796.8910634503094, 476.8848988407415], [0.0, 0.0, 1.0]], [[1249.9629280788233, 0.0, 825.3768045375984], [0.0, 1249.9629280788233, 462.54816385708756], [0.0, 0.0, 1.0]]], "extrinsics": [[[0.8224331140518188, -0.5688616633415222, 0.0004437844909261912, -0.748779296875], [0.001360007794573903, 0.0011861082166433334, -0.9999983906745911, 1.4887115955352783], [0.5688602328300476, 0.8224323987960815, 0.0017491495236754417, -1.15850830078125], [0.0, 0.0, 0.0, 1.0]], [[0.010108637623488903, -0.9999443292617798, 0.003012432949617505, 0.00982666015625], [0.0032442593947052956, -0.002979774959385395, -0.9999902844429016, 1.4810123443603516], [0.9999436736106873, 0.010118328966200352, 0.0032139564864337444, -1.474853515625], [0.0, 0.0, 0.0, 1.0]], [[-0.8440711498260498, -0.5362218618392944, -0.0031598543282598257, 0.916748046875], [0.011191649362444878, -0.01172482781112194, -0.999868631362915, 1.495401382446289], [0.5361143946647644, -0.8439956307411194, 0.01589779555797577, -1.1656494140625], [0.0, 0.0, 0.0, 1.0]], [[0.9478334188461304, 0.318520188331604, -0.012518104165792465, -1.1170654296875], [-0.014335055835545063, 0.0033608474768698215, -0.9998915791511536, 1.5616340637207031], [-0.31844362616539, 0.9479101300239563, 0.0077515291050076485, -0.1654052734375], [0.0, 0.0, 0.0, 1.0]], [[0.009232169017195702, 0.9999484419822693, -0.004234164487570524, -0.02874755859375], [-0.01216415036469698,