[{"images": ["samples/CAM_FRONT_LEFT/n008-2018-09-18-15-26-58-0400__CAM_FRONT_LEFT__1537299260354799.jpg", "samples/CAM_FRONT/n008-2018-09-18-15-26-58-0400__CAM_FRONT__1537299260362404.jpg", "samples/CAM_FRONT_RIGHT/n008-2018-09-18-15-26-58-0400__CAM_FRONT_RIGHT__1537299260370482.jpg", "samples/CAM_BACK_LEFT/n008-2018-09-18-15-26-58-0400__CAM_BACK_LEFT__1537299260397405.jpg", "samples/CAM_BACK/n008-2018-09-18-15-26-58-0400__CAM_BACK__1537299260387558.jpg", "samples/CAM_BACK_RIGHT/n008-2018-09-18-15-26-58-0400__CAM_BACK_RIGHT__1537299260378113.jpg"], "intrinsics": [[[1257.8625342125129, 0.0, 827.2410631095686], [0.0, 1257.8625342125129, 450.915498205774], [0.0, 0.0, 1.0]], [[1252.8131021185304, 0.0, 826.588114781398], [0.0, 1252.8131021185304, 469.9846626224581], [0.0, 0.0, 1.0]], [[1256.7485116440405, 0.0, 817.7887570959712], [0.0, 1256.7485116440403, 451.9541780095127], [0.0, 0.0, 1.0]], [[1254.9860565800168, 0.0, 829.5769333630991], [0.0, 1254.9860565800168, 467.1680561863987], [0.0, 0.0, 1.0]], [[796.8910634503094, 0.0, 857.7774326863696], [0.0, 796.8910634503094, 476.8848988407415], [0.0, 0.0, 1.0]], [[1249.9629280788233, 0.0, 825.3768045375984], [0.0, 1249.9629280788233, 462.54816385708756], [0.0, 0.0, 1.0]]], "extrinsics": [[[0.8224025964736938, -0.568819522857666, 0.009918970055878162, -0.728790283203125], [0.006795264780521393, -0.007612270303070545, -0.9999479055404663, 1.4905786514282227], [0.5688654184341431, 0.8224272131919861, -0.0023950734175741673, -1.1435546875], [0.0, 0.0, 0.0, 1.0]], [[0.010009979829192162, -0.9998811483383179, 0.011718264780938625, 0.0089111328125], [0.008824266493320465, -0.011630065739154816, -0.9998934268951416, 1.4826221466064453], [0.9999109506607056, 0.010112307034432888, 0.008706801570951939, -1.4571533203125], [0.0, 0.0, 0.0, 1.0]], [[-0.8441052436828613, -0.5361671447753906, -0.003343670628964901, 0.9080810546875], [0.016797592863440514, -0.020210901275277138, -0.9996546506881714, 1.496713638305664], [0.5359143614768982, -0.8438699245452881, 0.02606644481420517, -1.1614990234375], [0.0, 0.0, 0.0, 1.0]], [[0.9479200839996338, 0.318362295627594, -0.0096385907381773, -1.1328125], [-0.008571283891797066, -0.0047531877644360065, -0.999951958656311, 1.561941146850586], [-0.318392813205719, 0.9479572176933289, -0.0017768676625564694, -0.1597900390625], [0.0, 0.0, 0.0, 1.0]], [[0.009380366653203964, 0.9998788237571716, -0.012421533465385437, -0.028076171875], [-0.006436449009925127, -0.01236144918948412, -0.9999028444290161, 1.5675048828125], [-0.9999352693557739, 0.009459428489208221, 0.006319714710116386, -0.0418701171875], [0.0, 0.0, 0.0, 1.0]], [[-0.9236555695533752, 0.3830563724040985, -0.011321138590574265, 1.0143890380859375], [-0.0023357453756034374, -0.03516852483153343, -0.9993786811828613, 1.547454833984375], [-0.3832165002822876, -0.9230552315711975, 0.033378325402736664, -0.10400390625], [0.0, 0.0, 0.0, 1.0]]], "view": [[0.0, -2.0, 100.0], [-2.0, 0.0, 100.0], [0.0, 0.0, 1.0]], "bev": "bev_08e31bb155c6458abfd3c8bca011c58e.png", "aux": "aux_08e31bb155c6458abfd3c8bca011c58e.npz", "visibility": "visibility_08e31bb155c6458abfd3c8bca011c58e.png", "pose": [[0.8771104216575623, 0.4802887737751007, 0.0, 1918.959716796875], [-0.4802887737751007, 0.8771104216575623, 0.0, 1282.193603515625], [0.0, 0.0, 1.0, 0.0], [0.0, 0.0, 0.0, 1.0]], "pose_inverse": [[0.8771104216575623, -0.4802887737751007, 0.0, -1067.31640625], [0.4802887737751007, 0.8771104216575623, 0.0, -2046.2801513671875], [0.0, 0.0, 1.0, 0.0], [0.0, 0.0, 0.0, 1.0]], "cam_ids": [0, 1, 2, 3, 4, 5], "cam_channels": ["CAM_FRONT_LEFT", "CAM_FRONT", "CAM_FRONT_RIGHT", "CAM_BACK_LEFT", "CAM_BACK", "CAM_BACK_RIGHT"], "token": "08e31bb155c6458abfd3c8bca011c58e", "scene": "scene-0817"}, {"images": ["samples/CAM_FRONT_LEFT/n008-2018-09-18-15-26-58-0400__CAM_FRONT_LEFT__1537299260904799.jpg", "samples/CAM_FRONT/n008-2018-09-18-15-26-58-0400__CAM_FRONT__1537299260912404.jpg", "samples/CAM_FRONT_RIGHT/n008-2018-09-18-15-26-58-0400__CAM_FRONT_RIGHT__1537299260920482.jpg", "samples/CAM_BACK_LEFT/n008-2018-09-18-15-26-58-0400__CAM_BACK_LEFT__1537299260947405.jpg", "samples/CAM_BACK/n008-2018-09-18-15-26-58-0400__CAM_BACK__1537299260937558.jpg", "samples/CAM_BACK_RIGHT/n008-2018-09-18-15-26-58-0400__CAM_BACK_RIGHT__1537299260928113.jpg"], "intrinsics": [[[1257.8625342125129, 0.0, 827.2410631095686], [0.0, 1257.8625342125129, 450.915498205774], [0.0, 0.0, 1.0]], [[1252.8131021185304, 0.0, 826.588114781398], [0.0, 1252.8131021185304, 469.9846626224581], [0.0, 0.0, 1.0]], [[1256.7485116440405, 0.0, 817.7887570959712], [0.0, 1256.7485116440403, 451.9541780095127], [0.0, 0.0, 1.0]], [[1254.9860565800168, 0.0, 829.5769333630991], [0.0, 1254.9860565800168, 467.1680561863987], [0.0, 0.0, 1.0]], [[796.8910634503094, 0.0, 857.7774326863696], [0.0, 796.8910634503094, 476.8848988407415], [0.0, 0.0, 1.0]], [[1249.9629280788233, 0.0, 825.3768045375984], [0.0, 1249.9629280788233, 462.54816385708756], [0.0, 0.0, 1.0]]], "extrinsics": [[[0.8219966888427734, -0.5694530606269836, 0.006687317043542862, -0.729888916015625], [0.008188222534954548, 7.656451634829864e-05, -0.9999665021896362, 1.4910259246826172], [0.5694334506988525, 0.8220239877700806, 0.004725742153823376, -1.14404296875], [0.0, 0.0, 0.0, 1.0]], [[0.00942019373178482, -0.9999477863311768, 0.003958778455853462, 0.0087890625], [0.010157203301787376, -0.0038630643393844366, -0.9999409317970276, 1.4829760789871216], [0.9999040365219116, 0.00945982988923788, 0.01012028194963932, -1.4586181640625], [0.0, 0.0, 0.0, 1.0]], [[-0.8443412780761719, -0.5357345938682556, -0.008729021064937115, 0.90966796875], [0.018185224384069443, -0.012371096760034561, -0.9997580647468567, 1.4969873428344727], [0.5354970693588257, -0.8442957997322083, 0.02018788270652294, -1.162109375], [0.0, 0.0, 0.0, 1.0]], [[0.9479448795318604, 0.31837859749794006, -0.005974576808512211, -1.135498046875], [-0.007470637559890747, 0.0034781796857714653, -0.999966025352478, 1.5619754791259766], [-0.3183470368385315, 0.9479573369026184, 0.005675612948834896, -0.158935546875], [0.0, 0.0, 0.0, 1.0]], [[0.009603342041373253, 0.9999445080757141, -0.004355067852884531, -0.0283203125], [-0.0052210548892617226, -0.0043050674721598625, -0.9999771118164062, 1.5676202774047852], [-0.9999403357505798, 0.009625846520066261, 0.005179421044886112, -0.0399169921875], [0.0, 0.0, 0.0, 1.0]], [[-0.9235008955001831, 0.3834763467311859, -0.009592519141733646, 1.0162200927734375], [-0.0009305818239226937, -0.027246393263339996, -0.9996283054351807, 1.5476799011230469], [-0.3835951089859009, -0.9231487512588501, 0.02551892213523388, -0.103515625], [0.0, 0.0, 0.0, 1.0]]], "view": [[0.0, -2.0, 100.0], [-2.0, 0.0, 100.0], [0.0, 0.0, 1.0]], "bev": "bev_b07413fb7f794bff8bebb90f032ad9f0.png", "aux": "aux_b07413fb7f794bff8bebb90f032ad9f0.npz", "visibility": "visibility_b07413fb7f794bff8bebb90f032ad9f0.png", "pose": [[0.8794143795967102, 0.47605714201927185, 0.0, 1922.6148681640625], [-0.47605714201927185, 0.8794143795967102, 0.0, 1280.188232421875], [0.0, 0.0, 1.0, 0.0], [0.0, 0.0, 0.0, 1.0]], "pose_inverse": [[0.8794143795967102, -0.47605714201927185, 0.0, -1081.3323974609375], [0.47605714201927185, 0.8794143795967102, 0.0, -2041.0904541015625], [0.0, 0.0, 1.0, 0.0], [0.0, 0.0, 0.0, 1.0]], "cam_ids": [0, 1, 2, 3, 4, 5], "cam_channels": ["CAM_FRONT_LEFT", "CAM_FRONT", "CAM_FRONT_RIGHT", "CAM_BACK_LEFT", "CAM_BACK", "CAM_BACK_RIGHT"], "token": "b07413fb7f794bff8bebb90f032ad9f0", "scene": "scene-0817"}, {"images": ["samples/CAM_FRONT_LEFT/n008-2018-09-18-15-26-58-0400__CAM_FRONT_LEFT__1537299261354799.jpg", "samples/CAM_FRONT/n008-2018-09-18-15-26-58-0400__CAM_FRONT__1537299261362404.jpg", "samples/CAM_FRONT_RIGHT/n008-2018-09-18-15-26-58-0400__CAM_FRONT_RIGHT__1537299261370482.jpg", "samples/CAM_BACK_LEFT/n008-2018-09-18-15-26-58-0400__CAM_BACK_LEFT__1537299261397405.jpg", "samples/CAM_BACK/n008-2018-09-18-15-26-58-0400__CAM_BACK__1537299261387558.jpg", "samples/CAM_BACK_RIGHT/n008-2018-09-18-15-26-58-0400__CAM_BACK_RIGHT__1537299261378113.jpg"], "intrinsics": [[[1257.8625342125129, 0.0, 827.2410631095686], [0.0, 1257.8625342125129, 450.915498205774], [0.0, 0.0, 1.0]], [[1252.8131021185304, 0.0, 826.588114781398], [0.0, 1252.8131021185304, 469.9846626224581], [0.0, 0.0, 1.0]], [[1256.7485116440405, 0.0, 817.7887570959712], [0.0, 1256.7485116440403, 451.9541780095127], [0.0, 0.0, 1.0]], [[1254.9860565800168, 0.0, 829.5769333630991], [0.0, 1254.9860565800168, 467.1680561863987], [0.0, 0.0, 1.0]], [[796.8910634503094, 0.0, 857.7774326863696], [0.0, 796.8910634503094, 476.8848988407415], [0.0, 0.0, 1.0]], [[1249.9629280788233, 0.0, 825.3768045375984], [0.0, 1249.9629280788233, 462.54816385708756], [0.0, 0.0, 1.0]]], "extrinsics": [[[0.8221734762191772, -0.569187581539154, 0.007501231040805578, -0.734619140625], [0.00925456266850233, 0.00018965225899592042, -0.9999571442604065, 1.4913263320922852], [0.5691617131233215, 0.8222077488899231, 0.005423508584499359, -1.1484375], [0.0, 0.0, 0.0, 1.0]], [[0.009812049567699432, -0.9999435544013977, 0.004092792980372906, 0.0093994140625], [0.011208867654204369, -0.003982746507972479, -0.9999292492866516, 1.483194351196289], [0.9998889565467834, 0.00985720381140709, 0.01116915512830019, -1.4652099609375], [0.0, 0.0, 0.0, 1.0]], [[-0.8441014885902405, -0.5361002683639526, -0.009439107961952686, 0.915283203125], [0.01925239898264408, -0.012711024843156338, -0.9997338056564331, 1.4970993995666504], [0.5358376502990723, -0.8440585732460022, 0.02105061337351799, -1.1646728515625], [0.0, 0.0, 0.0, 1.0]], [[0.9479085803031921, 0.3185020983219147, -0.005088524427264929, -1.13525390625], [-0.006221509072929621, 0.002540051471441984, -0.9999774098396301, 1.5619877576828003], [-0.318481981754303, 0.947918713092804, 0.00438929907977581, -0.1593017578125], [0.0, 0.0, 0.0, 1.0]], [[0.009347514249384403, 0.9999434351921082, -0.005081337410956621, -0.0286865234375], [-0.00406270707026124, -0.005043540615588427, -0.9999790191650391, 1.5677299499511719], [-0.9999480843544006, 0.009368001483380795, 0.0040153325535357, -0.037841796875], [0.0, 0.0, 0.0, 1.0]], [[-0.923631489276886, 0.38312777876853943, -0.010857080109417439, 1.0199127197265625], [0.00022763996093999594, -0.027778292074799538, -0.9996140599250793, 1.5478782653808594], [-0.3832814693450928, -0.9232775568962097, 0.025569692254066467, -0.10107421875], [0.0, 0.0, 0.0, 1.0]]], "view": [[0.0, -2.0, 100.0], [-2.0, 0.0, 100.0], [0.0, 0.0, 1.0]], "bev": "bev_989b8316bb984ad8aba0e9a66e042f56.png", "aux": "aux_989b8316bb984ad8aba0e9a66e042f56.npz", "visibility": "visibility_989b8316bb984ad8aba0e9a66e042f56.png", "pose": [[0.8819423317909241, 0.4713573157787323, 0.0, 1925.57861328125], [-0.4713573157787323, 0.8819423317909241, 0.0, 1278.5816650390625], [0.0, 0.0, 1.0, 0.0], [0.0, 0.0, 0.0, 1.0]], "pose_inverse": [[0.8819423317909241, -0.4713573157787323, 0.0, -1095.5804443359375], [0.4713573157787323, 0.8819423317909241, 0.0, -2035.2708740234375], [0.0, 0.0, 1.0, 0.0], [0.0, 0.0, 0.0, 1.0]], "cam_ids": [0, 1, 2, 3, 4, 5], "cam_channels": ["CAM_FRONT_LEFT", "CAM_FRONT", "CAM_FRONT_RIGHT", "CAM_BACK_LEFT", "CAM_BACK", "CAM_BACK_RIGHT"], "token": "989b8316bb984ad8aba0e9a66e042f56", "scene": "scene-0817"}, {"images": ["samples/CAM_FRONT_LEFT/n008-2018-09-18-15-26-58-0400__CAM_FRONT_LEFT__1537299261854799.jpg", "samples/CAM_FRONT/n008-2018-09-18-15-26-58-0400__CAM_FRONT__1537299261862404.jpg", "samples/CAM_FRONT_RIGHT/n008-2018-09-18-15-26-58-0400__CAM_FRONT_RIGHT__1537299261870482.jpg", "samples/CAM_BACK_LEFT/n008-2018-09-18-15-26-58-0400__CAM_BACK_LEFT__1537299261897405.jpg", "samples/CAM_BACK/n008-2018-09-18-15-26-58-0400__CAM_BACK__1537299261887558.jpg", "samples/CAM_BACK_RIGHT/n008-2018-09-18-15-26-58-0400__CAM_BACK_RIGHT__1537299261878113.jpg"], "intrinsics": [[[1257.8625342125129, 0.0, 827.2410631095686], [0.0, 1257.8625342125129, 450.915498205774], [0.0, 0.0, 1.0]], [[1252.8131021185304, 0.0, 826.588114781398], [0.0, 1252.8131021185304, 469.9846626224581], [0.0, 0.0, 1.0]], [[1256.7485116440405, 0.0, 817.7887570959712], [0.0, 1256.7485116440403, 451.9541780095127], [0.0, 0.0, 1.0]], [[1254.9860565800168, 0.0, 829.5769333630991], [0.0, 1254.9860565800168, 467.1680561863987], [0.0, 0.0, 1.0]], [[796.8910634503094, 0.0, 857.7774326863696], [0.0, 796.8910634503094, 476.8848988407415], [0.0, 0.0, 1.0]], [[1249.9629280788233, 0.0, 825.3768045375984], [0.0, 1249.9629280788233, 462.54816385708756], [0.0, 0.0, 1.0]]], "extrinsics": [[[0.8220226764678955, -0.5693992972373962, 0.007951995357871056, -0.72784423828125], [0.006652854382991791, -0.004360638093203306, -0.9999683499336243, 1.4905394315719604], [0.5694158673286438, 0.822049617767334, 0.00020358531037345529, -1.141357421875], [0.0, 0.0, 0.0, 1.0]], [[0.009686924517154694, -0.9999150633811951, 0.008715479634702206, 0.008544921875], [0.008435532450675964, -0.008633864112198353, -0.9999271631240845, 1.482518196105957], [0.9999175071716309, 0.009759764187037945, 0.008351180702447891, -1.4559326171875], [0.0, 0.0, 0.0, 1.0]], [[-0.8441423773765564, -0.536100447177887, -0.004459047224372625, 0.907958984375], [0.016391705721616745, -0.01749516651034355, -0.9997125267982483, 1.496633529663086], [0.5358683466911316, -0.84397292137146, 0.02355601266026497, -1.1611328125], [0.0, 0.0, 0.0, 1.0]], [[0.9479160904884338, 0.31838005781173706, -0.009445998817682266, -1.1322021484375], [-0.009009110741317272, -0.002844699891284108, -0.9999553561210632, 1.5619306564331055], [-0.3183927536010742, 0.9479588866233826, 0.00017178543203044683, -0.1602783203125], [0.0, 0.0, 0.0, 1.0]], [[0.00939564686268568, 0.9999030232429504, -0.010278685949742794, -0.0281982421875], [-0.00684949429705739, -0.010214543901383877, -0.99992436170578, 1.567464828491211], [-0.9999324083328247, 0.009465357288718224, 0.006752857938408852, -0.04296875], [0.0, 0.0, 0.0, 1.0]], [[-0.9236413836479187, 0.38312482833862305, -0.01009851973503828, 1.013458251953125], [-0.002645299071446061, -0.03272140771150589, -0.9994609951972961, 1.5474090576171875], [-0.3832487463951111, -0.9231168031692505, 0.031236326321959496, -0.104248046875], [0.0, 0.0, 0.0, 1.0]]], "view": [[0.0, -2.0, 100.0], [-2.0, 0.0, 100.0], [0.0, 0.0, 1.0]], "bev": "bev_4c02a31829d44fa086ebd8e176399105.png", "aux": "aux_4c02a31829d44fa086ebd8e176399105.npz", "visibility": "visibility_4c02a31829d44fa086ebd8e176399105.png", "pose": [[0.8862585425376892, 0.46319088339805603, 0.0, 1928.9456787109375], [-0.46319088339805603, 0.8862585425376892, 0.0, 1276.7808837890625], [0.0, 0.0, 1.0, 0.0], [0.0, 0.0, 0.0, 1.0]], "pose_inverse": [[0.8862585425376892, -0.46319088339805603, 0.0, -1118.1513671875], [0.46319088339805603, 0.8862585425376892, 0.0, -2025.0279541015625], [0.0, 0.0, 1.0, 0.0], [0.0, 0.0, 0.0, 1.0]], "cam_ids": [0, 1, 2, 3, 4, 5], "cam_channels": ["CAM_FRONT_LEFT", "CAM_FRONT", "CAM_FRONT_RIGHT", "CAM_BACK_LEFT", "CAM_BACK", "CAM_BACK_RIGHT"], "token": "4c02a31829d44fa086ebd8e176399105", "scene": "scene-0817"}, {"images": ["samples/CAM_FRONT_LEFT/n008-2018-09-18-15-26-58-0400__CAM_FRONT_LEFT__1537299262354799.jpg", "samples/CAM_FRONT/n008-2018-09-18-15-26-58-0400__CAM_FRONT__1537299262362404.jpg", "samples/CAM_FRONT_RIGHT/n008-2018-09-18-15-26-58-0400__CAM_FRONT_RIGHT__1537299262370482.jpg", "samples/CAM_BACK_LEFT/n008-2018-09-18-15-26-58-0400__CAM_BACK_LEFT__1537299262397405.jpg", "samples/CAM_BACK/n008-2018-09-18-15-26-58-0400__CAM_BACK__1537299262387558.jpg", "samples/CAM_BACK_RIGHT/n008-2018-09-18-15-26-58-0400__CAM_BACK_RIGHT__1537299262378113.jpg"], "intrinsics": [[[1257.8625342125129, 0.0, 827.2410631095686], [0.0, 1257.8625342125129, 450.915498205774], [0.0, 0.0, 1.0]], [[1252.8131021185304, 0.0, 826.588114781398], [0.0, 1252.8131021185304, 469.9846626224581], [0.0, 0.0, 1.0]], [[1256.7485116440405, 0.0, 817.7887570959712], [0.0, 1256.7485116440403, 451.9541780095127], [0.0, 0.0, 1.0]], [[1254.9860565800168, 0.0, 829.5769333630991], [0.0, 1254.9860565800168, 467.1680561863987], [0.0, 0.0, 1.0]], [[796.8910634503094, 0.0, 857.7774326863696], [0.0, 796.8910634503094, 476.8848988407415], [0.0, 0.0, 1.0]], [[1249.9629280788233, 0.0, 825.3768045375984], [0.0, 1249.9629280788233, 462.54816385708756], [0.0, 0.0, 1.0]]], "extrinsics": [[[0.8224472999572754, -0.5687791705131531, 0.008411710150539875, -0.739776611328125], [0.002585727721452713, -0.011049180291593075, -0.9999356269836426, 1.4891681671142578], [0.5688354969024658, 0.8224161267280579, -0.007616662885993719, -1.15478515625], [0.0, 0.0, 0.0, 1.0]], [[0.009918681345880032, -0.9998354911804199, 0.015185085125267506, 0.01123046875], [0.004560414701700211, -0.015140443108975887, -0.999875009059906, 1.4814224243164062], [0.9999403953552246, 0.009986639022827148, 0.00440949248149991, -1.4700927734375], [0.0, 0.0, 0.0, 1.0]], [[-0.8442435264587402, -0.5359552502632141, 0.0021712782327085733, 0.91796875], [0.01255591120570898, -0.023827990517020226, -0.9996371865272522, 1.4957122802734375], [0.5358126163482666, -0.8439100384712219, 0.026846036314964294, -1.1654052734375], [0.0, 0.0, 0.0, 1.0]], [[0.9478986859321594, 0.3182079493999481, -0.015223095193505287, -1.1334228515625], [-0.01311442255973816, -0.008768030442297459, -0.999875545501709, 1.5618934631347656], [-0.31830185651779175, 0.9479803442955017, -0.004138090182095766, -0.1597900390625], [0.0, 0.0, 0.0, 1.0]], [[0.009491878561675549, 0.999821662902832, -0.01632869243621826, -0.0289306640625], [-0.010944505222141743, -0.01622457057237625, -0.9998084306716919, 1.5671768188476562], [-0.9998950362205505, 0.009668835438787937, 0.010788550600409508, -0.0379638671875], [0.0, 0.0, 0.0, 1.0]], [[-0.9236146211624146, 0.3832210302352905, -0.00880766287446022, 1.020751953125], [-0.006608269177377224, -0.03889217972755432, -0.9992215633392334, 1.546875], [-0.3832651972770691, -0.922837495803833, 0.03845381364226341, -0.100341796875], [0.0, 0.0, 0.0, 1.0]]], "view": [[0.0, -2.0, 100.0], [-2.0, 0.0, 100.0], [0.0, 0.0, 1.0]], "bev": "bev_e893d52665d744e595978ca21e2eaa12.png", "aux": "aux_e893d52665d744e595978ca21e2eaa12.npz", "visibility": "visibility_e893d52665d744e595978ca21e2eaa12.png", "pose": [[0.8865817785263062, 0.4625718593597412, 0.0, 1932.2384033203125], [-0.4625718593597412, 0.8865817785263062, 0.0, 1275.032470703125], [0.0, 0.0, 1.0, 0.0], [0.0, 0.0, 0.0, 1.0]], "pose_inverse": [[0.8865817785263062, -0.4625718593597412, 0.0, -1123.293212890625], [0.4625718593597412, 0.8865817785263062, 0.0, -2024.2197265625], [0.0, 0.0, 1.0, 0.0], [0.0, 0.0, 0.0, 1.0]], "cam_ids": [0, 1, 2, 3, 4, 5], "cam_channels": ["CAM_FRONT_LEFT", "CAM_FRONT", "CAM_FRONT_RIGHT", "CAM_BACK_LEFT", "CAM_BACK", "CAM_BACK_RIGHT"], "token": "e893d52665d744e595978ca21e2eaa12", "scene": "scene-0817"}, {"images": ["samples/CAM_FRONT_LEFT/n008-2018-09-18-15-26-58-0400__CAM_FRONT_LEFT__1537299262854799.jpg", "samples/CAM_FRONT/n008-2018-09-18-15-26-58-0400__CAM_FRONT__1537299262862404.jpg", "samples/CAM_FRONT_RIGHT/n008-2018-09-18-15-26-58-0400__CAM_FRONT_RIGHT__1537299262870482.jpg", "samples/CAM_BACK_LEFT/n008-2018-09-18-15-26-58-0400__CAM_BACK_LEFT__1537299262897405.jpg", "samples/CAM_BACK/n008-2018-09-18-15-26-58-0400__CAM_BACK__1537299262887558.jpg", "samples/CAM_BACK_RIGHT/n008-2018-09-18-15-26-58-0400__CAM_BACK_RIGHT__1537299262878113.jpg"], "intrinsics": [[[1257.8625342125129, 0.0, 827.2410631095686], [0.0, 1257.8625342125129, 450.915498205774], [0.0, 0.0, 1.0]], [[1252.8131021185304, 0.0, 826.588114781398], [0.0, 1252.8131021185304, 469.9846626224581], [0.0, 0.0, 1.0]], [[1256.7485116440405, 0.0, 817.7887570959712], [0.0, 1256.7485116440403, 451.9541780095127], [0.0, 0.0, 1.0]], [[1254.9860565800168, 0.0, 829.5769333630991], [0.0, 1254.9860565800168, 467.1680561863987], [0.0, 0.0, 1.0]], [[796.8910634503094, 0.0, 857.7774326863696], [0.0, 796.8910634503094, 476.8848988407415], [0.0, 0.0, 1.0]], [[1249.9629280788233, 0.0, 825.3768045375984], [0.0, 1249.9629280788233, 462.54816385708756], [0.0, 0.0, 1.0]]], "extrinsics": [[[0.8223036527633667, -0.5689966082572937, 0.0077206045389175415, -0.725921630859375], [0.004618691746145487, -0.006893487647175789, -0.9999656081199646, 1.4898691177368164], [0.5690301656723022, 0.8223109245300293, -0.003040520939975977, -1.142333984375], [0.0, 0.0, 0.0, 1.0]], [[0.009824053384363651, -0.9998902082443237, 0.01109324675053358, 0.0093994140625], [0.006898476742208004, -0.011025749146938324, -0.9999154210090637, 1.48211669921875], [0.9999278783798218, 0.009899739176034927, 0.006789401639252901, -1.453857421875], [0.0, 0.0, 0.0, 1.0]], [[-0.8442122340202332, -0.5360042452812195, -0.0022890123073011637, 0.905517578125], [0.015243352390825748, -0.01973925158381462, -0.9996889233589172, 1.496438980102539], [0.535792350769043, -0.8439844846725464, 0.02483461983501911, -1.1591796875], [0.0, 0.0, 0.0, 1.0]], [[0.9479178190231323, 0.3183557391166687, -0.010073121637105942, -1.133544921875], [-0.009087660349905491, -0.004580553621053696, -0.9999482035636902, 1.561941146850586], [-0.31838542222976685, 0.9479603171348572, -0.0014488789020106196, -0.15966796875], [0.0, 0.0, 0.0, 1.0]], [[0.009446862153708935, 0.999881386756897, -0.012167372740805149, -0.0284423828125], [-0.0073621454648673534, -0.01209803856909275, -0.999899685382843, 1.5674209594726562], [-0.9999282360076904, 0.00953547190874815, 0.007246984634548426, -0.04296875], [0.0, 0.0, 0.0, 1.0]], [[-0.9236143827438354, 0.3831901252269745, -0.010084196925163269, 1.012237548828125], [-0.00352936377748847, -0.034807246178388596, -0.999387800693512, 1.547271728515625], [-0.3833065629005432, -0.9230133891105652, 0.03350089117884636, -0.1044921875], [0.0, 0.0, 0.0, 1.0]]], "view": [[0.0, -2.0, 100.0], [-2.0, 0.0, 100.0], [0.0, 0.0, 1.0]], "bev": "bev_4e423c294e33423cb589ece83bd2d43a.png", "aux": "aux_4e423c294e33423cb589ece83bd2d43a.npz", "visibility": "visibility_4e423c294e33423cb589ece83bd2d43a.png", "pose": [[0.8878597617149353, 0.46011412143707275, 0.0, 1935.569580078125], [-0.46011412143707275, 0.8878597617149353, 0.0, 1273.2637939453125], [0.0, 0.0, 1.0, 0.0], [0.0, 0.0, 0.0, 1.0]], "pose_inverse": [[0.8878597617149353, -0.46011412143707275, 0.0, -1132.667724609375], [0.46011412143707275, 0.8878597617149353, 0.0, -2021.0626220703125], [0.0, 0.0, 1.0, 0.0], [0.0, 0.0, 0.0, 1.0]], "cam_ids": [0, 1, 2, 3, 4, 5], "cam_channels": ["CAM_FRONT_LEFT", "CAM_FRONT", "CAM_FRONT_RIGHT", "CAM_BACK_LEFT", "CAM_BACK", "CAM_BACK_RIGHT"], "token": "4e423c294e33423cb589ece83bd2d43a", "scene": "scene-0817"}, {"images": ["samples/CAM_FRONT_LEFT/n008-2018-09-18-15-26-58-0400__CAM_FRONT_LEFT__1537299263404799.jpg", "samples/CAM_FRONT/n008-2018-09-18-15-26-58-0400__CAM_FRONT__1537299263412404.jpg", "samples/CAM_FRONT_RIGHT/n008-2018-09-18-15-26-58-0400__CAM_FRONT_RIGHT__1537299263420482.jpg", "samples/CAM_BACK_LEFT/n008-2018-09-18-15-26-58-0400__CAM_BACK_LEFT__1537299263447405.jpg", "samples/CAM_BACK/n008-2018-09-18-15-26-58-0400__CAM_BACK__1537299263437558.jpg", "samples/CAM_BACK_RIGHT/n008-2018-09-18-15-26-58-0400__CAM_BACK_RIGHT__1537299263428113.jpg"], "intrinsics": [[[1257.8625342125129, 0.0, 827.2410631095686], [0.0, 1257.8625342125129, 450.915498205774], [0.0, 0.0, 1.0]], [[1252.8131021185304, 0.0, 826.588114781398], [0.0, 1252.8131021185304, 469.9846626224581], [0.0, 0.0, 1.0]], [[1256.7485116440405, 0.0, 817.7887570959712], [0.0, 1256.7485116440403, 451.9541780095127], [0.0, 0.0, 1.0]], [[1254.9860565800168, 0.0, 829.5769333630991], [0.0, 1254.9860565800168, 467.1680561863987], [0.0, 0.0, 1.0]], [[796.8910634503094, 0.0, 857.7774326863696], [0.0, 796.8910634503094, 476.8848988407415], [0.0, 0.0, 1.0]], [[1249.9629280788233, 0.0, 825.3768045375984], [0.0, 1249.9629280788233, 462.54816385708756], [0.0, 0.0, 1.0]]], "extrinsics": [[[0.8224642276763916, -0.5686632394790649, 0.013220148161053658, -0.737274169921875], [0.014074939303100109, -0.00288861314766109, -0.999896764755249, 1.4928474426269531], [0.568642795085907, 0.8225653171539307, 0.005628119222819805, -1.15283203125], [0.0, 0.0, 0.0, 1.0]], [[0.010165744461119175, -0.9999232888221741, 0.007075267843902111, 0.0111083984375], [0.01598224975168705, -0.006912254728376865, -0.9998483657836914, 1.484466552734375], [0.9998205900192261, 0.01027727872133255, 0.015910755842924118, -1.467041015625], [0.0, 0.0, 0.0, 1.0]], [[-0.8439309597015381, -0.5363196730613708, -0.011903361417353153, 0.915771484375], [0.023952161893248558, -0.015504659153521061, -0.9995928406715393, 1.4981110095977783], [0.535916805267334, -0.8438724875450134, 0.025930877774953842, -1.1636962890625], [0.0, 0.0, 0.0, 1.0]], [[0.947909951210022, 0.3185328245162964, -0.0018832789501175284, -1.1326904296875], [-0.001919890521094203, -0.00019901157065760344, -0.9999980926513672, 1.5620205402374268], [-0.3185326159000397, 0.94791179895401, 0.0004229032201692462, -0.16015625], [0.0, 0.0, 0.0, 1.0]], [[0.009274720214307308, 0.9999269247055054, -0.007752246223390102, -0.0289306640625], [0.00039442486013285816, -0.007756236474961042, -0.9999698400497437, 1.5680999755859375], [-0.9999569058418274, 0.009271395392715931, -0.0004663325089495629, -0.03955078125], [0.0, 0.0, 0.0, 1.0]], [[-0.9236342310905457, 0.3829372823238373, -0.016085227951407433, 1.018798828125], [0.004763779696077108, -0.030494743958115578, -0.9995235800743103, 1.5485954284667969], [-0.3832452893257141, -0.9232708215713501, 0.026341762393712997, -0.100830078125], [0.0, 0.0, 0.0, 1.0]]], "view": [[0.0, -2.0, 100.0], [-2.0, 0.0, 100.0], [0.0, 0.0, 1.0]], "bev": "bev_1507e2fe0c084206957713bcab122152.png", "aux": "aux_1507e2fe0c084206957713bcab122152.npz", "visibility": "visibility_1507e2fe0c084206957713bcab122152.png", "pose": [[0.8886824250221252, 0.4585231840610504, 0.0, 1939.2310791015625], [-0.4585231840610504, 0.8886824250221252, 0.0, 1271.3433837890625], [0.0, 0.0, 1.0, 0.0], [0.0, 0.0, 0.0, 1.0]], "pose_inverse": [[0.8886824250221252, -0.4585231840610504, 0.0, -1140.420166015625], [0.4585231840610504, 0.8886824250221252, 0.0, -2019.0029296875], [0.0, 0.0, 1.0, 0.0], [0.0, 0.0, 0.0, 1.0]], "cam_ids": [0, 1, 2, 3, 4, 5], "cam_channels": ["CAM_FRONT_LEFT", "CAM_FRONT", "CAM_FRONT_RIGHT", "CAM_BACK_LEFT", "CAM_BACK", "CAM_BACK_RIGHT"], "token": "1507e2fe0c084206957713bcab122152", "scene": "scene-0817"}, {"images": ["samples/CAM_FRONT_LEFT/n008-2018-09-18-15-26-58-0400__CAM_FRONT_LEFT__1537299263904799.jpg", "samples/CAM_FRONT/n008-2018-09-18-15-26-58-0400__CAM_FRONT__1537299263912404.jpg", "samples/CAM_FRONT_RIGHT/n008-2018-09-18-15-26-58-0400__CAM_FRONT_RIGHT__1537299263920482.jpg", "samples/CAM_BACK_LEFT/n008-2018-09-18-15-26-58-0400__CAM_BACK_LEFT__1537299263947405.jpg", "samples/CAM_BACK/n008-2018-09-18-15-26-58-0400__CAM_BACK__1537299263937558.jpg", "samples/CAM_BACK_RIGHT/n008-2018-09-18-15-26-58-0400__CAM_BACK_RIGHT__1537299263928113.jpg"], "intrinsics": [[[1257.8625342125129, 0.0, 827.2410631095686], [0.0, 1257.8625342125129, 450.915498205774], [0.0, 0.0, 1.0]], [[1252.8131021185304, 0.0, 826.588114781398], [0.0, 1252.8131021185304, 469.9846626224581], [0.0, 0.0, 1.0]], [[1256.7485116440405, 0.0, 817.7887570959712], [0.0, 1256.7485116440403, 451.9541780095127], [0.0, 0.0, 1.0]], [[1254.9860565800168, 0.0, 829.5769333630991], [0.0, 1254.9860565800168, 467.1680561863987], [0.0, 0.0, 1.0]], [[796.8910634503094, 0.0, 857.7774326863696], [0.0, 796.8910634503094, 476.8848988407415], [0.0, 0.0, 1.0]], [[1249.9629280788233, 0.0, 825.3768045375984], [0.0, 1249.9629280788233, 462.54816385708756], [0.0, 0.0, 1.0]]], "extrinsics": [[[0.8229180574417114, -0.5681589245796204, 0.0011670766398310661, -0.735809326171875], [0.006027914583683014, 0.006676743272691965, -0.9999595284461975, 1.4902381896972656], [0.5681281685829163, 0.8228917717933655, 0.008919226005673409, -1.150146484375], [0.0, 0.0, 0.0, 1.0]], [[0.01081856805831194, -0.9999381303787231, -0.0025674677453935146, 0.010498046875], [0.008041124790906906, 0.002654532203450799, -0.99996417760849, 1.4823226928710938], [0.9999091625213623, 0.010797531343996525, 0.008069346658885479, -1.4656982421875], [0.0, 0.0, 0.0, 1.0]], [[-0.8437309861183167, -0.5366652011871338, -0.010414700023829937, 0.915283203125], [0.01611701399087906, -0.005935282912105322, -0.9998524785041809, 1.4964518547058105], [0.53652423620224, -0.8437743782997131, 0.01365722343325615, -1.1639404296875], [0.0, 0.0, 0.0, 1.0]], [[0.9478713870048523, 0.3185911774635315, -0.006291770841926336, -1.1334228515625], [-0.009857375174760818, 0.009580766782164574, -0.999905526638031, 1.5619316101074219], [-0.3185007870197296, 0.9478437900543213, 0.01222180761396885, -0.1597900390625], [0.0, 0.0, 0.0, 1.0]], [[0.009014249779284, 0.9999576807022095, 0.0018517276039347053, -0.02880859375], [-0.007403116673231125, 0.0019184892298653722, -0.9999707341194153, 1.5674419403076172], [-0.9999319314956665, 0.009000306949019432, 0.007420097477734089, -0.0390625], [0.0, 0.0, 0.0, 1.0]], [[-0.9238865375518799, 0.3826315999031067, -0.00516425771638751, 1.019256591796875], [-0.0030718110501766205, -0.020910736173391342, -0.9997766613960266, 1.5473709106445312], [-0.3826541006565094, -0.9236643314361572, 0.020494522526860237, -0.100830078125], [0.0, 0.0, 0.0, 1.0]]], "view": [[0.0, -2.0, 100.0], [-2.0, 0.0, 100.0], [0.0, 0.0, 1.0]], "bev": "bev_e7da48455bb3462ca4c3e36372a56b48.png", "aux": "aux_e7da48455bb3462ca4c3e36372a56b48.npz", "visibility": "visibility_e7da48455bb3462ca4c3e36372a56b48.png", "pose": [[0.8879179954528809, 0.46000173687934875, 0.0, 1942.5538330078125], [-0.46000173687934875, 0.8879179954528809, 0.0, 1269.59716796875], [0.0, 0.0, 1.0, 0.0], [0.0, 0.0, 0.0, 1.0]], "pose_inverse": [[0.8879179954528809, -0.46000173687934875, 0.0, -1140.8116455078125], [0.46000173687934875, 0.8879179954528809, 0.0, -2020.8763427734375], [0.0, 0.0, 1.0, 0.0], [0.0, 0.0, 0.0, 1.0]], "cam_ids": [0, 1, 2, 3, 4, 5], "cam_channels": ["CAM_FRONT_LEFT", "CAM_FRONT", "CAM_FRONT_RIGHT", "CAM_BACK_LEFT", "CAM_BACK", "CAM_BACK_RIGHT"], "token": "e7da48455bb3462ca4c3e36372a56b48", "scene": "scene-0817"}, {"images": ["samples/CAM_FRONT_LEFT/n008-2018-09-18-15-26-58-0400__CAM_FRONT_LEFT__1537299264404799.jpg", "samples/CAM_FRONT/n008-2018-09-18-15-26-58-0400__CAM_FRONT__1537299264412404.jpg", "samples/CAM_FRONT_RIGHT/n008-2018-09-18-15-26-58-0400__CAM_FRONT_RIGHT__1537299264420502.jpg", "samples/CAM_BACK_LEFT/n008-2018-09-18-15-26-58-0400__CAM_BACK_LEFT__1537299264447405.jpg", "samples/CAM_BACK/n008-2018-09-18-15-26-58-0400__CAM_BACK__1537299264437558.jpg", "samples/CAM_BACK_RIGHT/n008-2018-09-18-15-26-58-0400__CAM_BACK_RIGHT__1537299264428113.jpg"], "intrinsics": [[[1257.8625342125129, 0.0, 827.2410631095686], [0.0, 1257.8625342125129, 450.915498205774], [0.0, 0.0, 1.0]], [[1252.8131021185304, 0.0, 826.588114781398], [0.0, 1252.8131021185304, 469.9846626224581], [0.0, 0.0, 1.0]], [[1256.7485116440405, 0.0, 817.7887570959712], [0.0, 1256.7485116440403, 451.9541780095127], [0.0, 0.0, 1.0]], [[1254.9860565800168, 0.0, 829.5769333630991], [0.0, 1254.9860565800168, 467.1680561863987], [0.0, 0.0, 1.0]], [[796.8910634503094, 0.0, 857.7774326863696], [0.0, 796.8910634503094, 476.8848988407415], [0.0, 0.0, 1.0]], [[1249.9629280788233, 0.0, 825.3768045375984], [0.0, 1249.9629280788233, 462.54816385708756], [0.0, 0.0, 1.0]]], "extrinsics": [[[0.823231041431427, -0.567698061466217, -0.003102671355009079, -0.7449493408203125], [0.0009062442695721984, 0.006779391784220934, -0.9999765753746033, 1.4885673522949219], [0.5677058100700378, 0.8232089877128601, 0.006095478311181068, -1.15576171875], [0.0, 0.0, 0.0, 1.0]], [[0.011289115995168686, -0.9999330639839172, -0.0025184976402670145, 0.0098876953125], [0.0028310760390013456, 0.002550610573962331, -0.9999927282333374, 1.4809017181396484], [0.9999322295188904, 0.011281920596957207, 0.0028596806805580854, -1.473388671875], [0.0, 0.0, 0.0, 1.0]], [[-0.8435803055763245, -0.5369719862937927, -0.00577625771984458, 0.9188232421875], [0.010830308310687542, -0.0062581077218055725, -0.9999217987060547, 1.4952945709228516], [0.5368938446044922, -0.8435769081115723, 0.01109478808939457, -1.1669921875], [0.0, 0.0, 0.0, 1.0]], [[0.947792112827301, 0.3186979293823242, -0.01103112194687128, -1.130859375], [-0.014491981826722622, 0.008490233682096004, -0.9998589158058167, 1.5618435144424438], [-0.31855934858322144, 0.9478182792663574, 0.012665542773902416, -0.1605224609375], [0.0, 0.0, 0.0, 1.0]], [[0.008838691748678684, 0.9999604225158691, 0.0010154158808290958, -0.028564453125], [-0.01240534894168377, 0.0011250277748331428, -0.9999223947525024, 1.5670223236083984], [-0.9998840093612671, 0.008825370110571384, 0.012414801865816116, -0.0391845703125], [0.0, 0.0, 0.0, 1.0]], [[-0.9239951372146606, 0.3824036419391632, -0.0006474843248724937, 1.02117919921875], [-0.008177847601473331, -0.021452734246850014, -0.9997364282608032, 1.5466041564941406], [-0.3823167383670807, -0.9237462878227234, 0.02294946275651455, -0.100341796875], [0.0, 0.0, 0.0, 1.0]]], "view": [[0.0, -2.0, 100.0], [-2.0, 0.0, 100.0], [0.0, 0.0, 1.0]], "bev": "bev_4af277004281479da263d97fccf35f5e.png", "aux": "aux_4af277004281479da263d97fccf35f5e.npz", "visibility": "visibility_4af277004281479da263d97fccf35f5e.png", "pose": [[0.8827083110809326, 0.4699212908744812, 0.0, 1945.709228515625], [-0.4699212908744812, 0.8827083110809326, 0.0, 1267.9144287109375], [0.0, 0.0, 1.0, 0.0], [0.0, 0.0, 0.0, 1.0]], "pose_inverse": [[0.8827083110809326, -0.4699212908744812, 0.0, -1121.673828125], [0.4699212908744812, 0.8827083110809326, 0.0, -2033.52880859375], [0.0, 0.0, 1.0, 0.0], [0.0, 0.0, 0.0, 1.0]], "cam_ids": [0, 1, 2, 3, 4, 5], "cam_channels": ["CAM_FRONT_LEFT", "CAM_FRONT", "CAM_FRONT_RIGHT", "CAM_BACK_LEFT", "CAM_BACK", "CAM_BACK_RIGHT"], "token": "4af277004281479da263d97fccf35f5e", "scene": "scene-0817"}, {"images": ["samples/CAM_FRONT_LEFT/n008-2018-09-18-15-26-58-0400__CAM_FRONT_LEFT__1537299264904799.jpg", "samples/CAM_FRONT/n008-2018-09-18-15-26-58-0400__CAM_FRONT__1537299264912404.jpg", "samples/CAM_FRONT_RIGHT/n008-2018-09-18-15-26-58-0400__CAM_FRONT_RIGHT__1537299264920482.jpg", "samples/CAM_BACK_LEFT/n008-2018-09-18-15-26-58-0400__CAM_BACK_LEFT__1537299264947405.jpg", "samples/CAM_BACK/n008-2018-09-18-15-26-58-0400__CAM_BACK__1537299264937558.jpg", "samples/CAM_BACK_RIGHT/n008-2018-09-18-15-26-58-0400__CAM_BACK_RIGHT__1537299264928113.jpg"], "intrinsics": [[[1257.8625342125129, 0.0, 827.2410631095686], [0.0, 1257.8625342125129, 450.915498205774], [0.0, 0.0, 1.0]], [[1252.8131021185304, 0.0, 826.588114781398], [0.0, 1252.8131021185304, 469.9846626224581], [0.0, 0.0, 1.0]], [[1256.7485116440405, 0.0, 817.7887570959712], [0.0, 1256.7485116440403, 451.9541780095127], [0.0, 0.0, 1.0]], [[1254.9860565800168, 0.0, 829.5769333630991], [0.0, 1254.9860565800168, 467.1680561863987], [0.0, 0.0, 1.0]], [[796.8910634503094, 0.0, 857.7774326863696], [0.0, 796.8910634503094, 476.8848988407415], [0.0, 0.0, 1.0]], [[1249.9629280788233, 0.0, 825.3768045375984], [0.0, 1249.9629280788233, 462.54816385708756], [0.0, 0.0, 1.0]]], "extrinsics": [[[0.8227030038833618, -0.5684331655502319, 0.0066035049967467785, -0.7294158935546875], [0.0036953329108655453, -0.006268403958529234, -0.9999735355377197, 1.4895305633544922], [0.5684595108032227, 0.8227056264877319, -0.003056485205888748, -1.142333984375], [0.0, 0.0, 0.0, 1.0]], [[0.010505936108529568, -0.9998869299888611, 0.010753429494798183, 0.00830078125], [0.005450182128697634, -0.01069660484790802, -0.9999279379844666, 1.4816761016845703], [0.9999300241470337, 0.010563797317445278, 0.005337188486009836, -1.45703125], [0.0, 0.0, 0.0, 1.0]], [[-0.843903660774231, -0.5364943742752075, -0.0006204278906807303, 0.9071044921875], [0.01327058020979166, -0.019718453288078308, -0.9997174739837646, 1.4959545135498047], [0.5363305807113647, -0.8436735272407532, 0.02376006543636322, -1.1611328125], [0.0, 0.0, 0.0, 1.0]], [[0.947845995426178, 0.31842923164367676, -0.013811273500323296, -1.12744140625], [-0.012663167901337147, -0.005675395950675011, -0.9999037384986877, 1.5618228912353516], [-0.318477064371109, 0.9479296803474426, -0.0013470769627019763, -0.1617431640625], [0.0, 0.0, 0.0, 1.0]], [[0.00913938507437706, 0.9998749494552612, -0.012906396761536598, -0.0279541015625], [-0.010357457213103771, -0.012811585329473019, -0.9998642206192017, 1.5671272277832031], [-0.9999046921730042, 0.009271776303648949, 0.010239072144031525, -0.046142578125], [0.0, 0.0, 0.0, 1.0]], [[-0.9238047003746033, 0.3827809989452362, -0.007974639534950256, 1.0126190185546875], [-0.00591946579515934, -0.03510627895593643, -0.999366044998169, 1.5468673706054688], [-0.38281822204589844, -0.9231719374656677, 0.03469720110297203, -0.105224609375], [0.0, 0.0, 0.0, 1.0]]], "view": [[0.0, -2.0, 100.0], [-2.0, 0.0, 100.0], [0.0, 0.0, 1.0]], "bev": "bev_14227d4d67a6425d988416a8108a7ae3.png", "aux": "aux_14227d4d67a6425d988416a8108a7ae3.npz", "visibility": "visibility_14227d4d67a6425d988416a8108a7ae3.png", "pose": [[0.8809554576873779, 0.4731992483139038, 0.0, 1948.98486328125], [-0.4731992483139038, 0.8809554576873779, 0.0, 1266.1563720703125], [0.0, 0.0, 1.0, 0.0], [0.0, 0.0, 0.0, 1.0]], "pose_inverse": [[0.8809554576873779, -0.4731992483139038, 0.0, -1117.8245849609375], [0.4731992483139038, 0.8809554576873779, 0.0, -2037.685546875], [0.0, 0.0, 1.0, 0.0], [0.0, 0.0, 0.0, 1.0]], "cam_ids": [0, 1, 2, 3, 4, 5], "cam_channels": ["CAM_FRONT_LEFT", "CAM_FRONT", "CAM_FRONT_RIGHT", "CAM_BACK_LEFT", "CAM_BACK", "CAM_BACK_RIGHT"], "token": "14227d4d67a6425d988416a8108a7ae3", "scene": "scene-0817"}, {"images": ["samples/CAM_FRONT_LEFT/n008-2018-09-18-15-26-58-0400__CAM_FRONT_LEFT__1537299265404799.jpg", "samples/CAM_FRONT/n008-2018-09-18-15-26-58-0400__CAM_FRONT__1537299265412404.jpg", "samples/CAM_FRONT_RIGHT/n008-2018-09-18-15-26-58-0400__CAM_FRONT_RIGHT__1537299265420482.jpg", "samples/CAM_BACK_LEFT/n008-2018-09-18-15-26-58-0400__CAM_BACK_LEFT__1537299265447405.jpg", "samples/CAM_BACK/n008-2018-09-18-15-26-58-0400__CAM_BACK__1537299265437558.jpg", "samples/CAM_BACK_RIGHT/n008-2018-09-18-15-26-58-0400__CAM_BACK_RIGHT__1537299265428113.jpg"], "intrinsics": [[[1257.8625342125129, 0.0, 827.2410631095686], [0.0, 1257.8625342125129, 450.915498205774], [0.0, 0.0, 1.0]], [[1252.8131021185304, 0.0, 826.588114781398], [0.0, 1252.8131021185304, 469.9846626224581], [0.0, 0.0, 1.0]], [[1256.7485116440405, 0.0, 817.7887570959712], [0.0, 1256.7485116440403, 451.9541780095127], [0.0, 0.0, 1.0]], [[1254.9860565800168, 0.0, 829.5769333630991], [0.0, 1254.9860565800168, 467.1680561863987], [0.0, 0.0, 1.0]], [[796.8910634503094, 0.0, 857.7774326863696], [0.0, 796.8910634503094, 476.8848988407415], [0.0, 0.0, 1.0]], [[1249.9629280788233, 0.0, 825.3768045375984], [0.0, 1249.9629280788233, 462.54816385708756], [0.0, 0.0, 1.0]]], "extrinsics": [[[0.8223662972450256, -0.5685644149780273, 0.021170832216739655, -0.7228851318359375], [0.012245936319231987, -0.019513295963406563, -0.9997345805168152, 1.4925003051757812], [0.5688265562057495, 0.8224073648452759, -0.009084478951990604, -1.1376953125], [0.0, 0.0, 0.0, 1.0]], [[0.009994901716709137, -0.999670147895813, 0.02366015873849392, 0.008056640625], [0.01441148854792118, -0.023514874279499054, -0.9996196031570435, 1.4842815399169922], [0.9998462796211243, 0.010332124307751656, 0.014171705581247807, -1.4486083984375], [0.0, 0.0, 0.0, 1.0]], [[-0.8440136909484863, -0.5363181233406067, -0.0019190275343135, 0.900634765625], [0.022656798362731934, -0.03208002820611, -0.9992284774780273, 1.4981613159179688], [0.5358428359031677, -0.8434060215950012, 0.039227236062288284, -1.1572265625], [0.0, 0.0, 0.0, 1.0]], [[0.947908878326416, 0.3184562027454376, -0.0073807090520858765, -1.123779296875], [-0.002265352988615632, -0.01643035002052784, -0.9998624324798584, 1.5619926452636719], [-0.31853365898132324, 0.9477952122688293, -0.014853057451546192, -0.1627197265625], [0.0, 0.0, 0.0, 1.0]], [[0.009306811727583408, 0.9996656775474548, -0.024121489375829697, -0.0279541015625], [-0.00026978811365552247, -0.024120021611452103, -0.9997090101242065, 1.5680351257324219], [-0.9999566674232483, 0