[{"images": ["samples/CAM_FRONT_LEFT/n008-2018-08-28-13-40-50-0400__CAM_FRONT_LEFT__1535478827104799.jpg", "samples/CAM_FRONT/n008-2018-08-28-13-40-50-0400__CAM_FRONT__1535478827112404.jpg", "samples/CAM_FRONT_RIGHT/n008-2018-08-28-13-40-50-0400__CAM_FRONT_RIGHT__1535478827120482.jpg", "samples/CAM_BACK_LEFT/n008-2018-08-28-13-40-50-0400__CAM_BACK_LEFT__1535478827147405.jpg", "samples/CAM_BACK/n008-2018-08-28-13-40-50-0400__CAM_BACK__1535478827137558.jpg", "samples/CAM_BACK_RIGHT/n008-2018-08-28-13-40-50-0400__CAM_BACK_RIGHT__1535478827128113.jpg"], "intrinsics": [[[1257.8625342125129, 0.0, 827.2410631095686], [0.0, 1257.8625342125129, 450.915498205774], [0.0, 0.0, 1.0]], [[1252.8131021185304, 0.0, 826.588114781398], [0.0, 1252.8131021185304, 469.9846626224581], [0.0, 0.0, 1.0]], [[1256.7485116440405, 0.0, 817.7887570959712], [0.0, 1256.7485116440403, 451.9541780095127], [0.0, 0.0, 1.0]], [[1254.9860565800168, 0.0, 829.5769333630991], [0.0, 1254.9860565800168, 467.1680561863987], [0.0, 0.0, 1.0]], [[796.8910634503094, 0.0, 857.7774326863696], [0.0, 796.8910634503094, 476.8848988407415], [0.0, 0.0, 1.0]], [[1249.9629280788233, 0.0, 825.3768045375984], [0.0, 1249.9629280788233, 462.54816385708756], [0.0, 0.0, 1.0]]], "extrinsics": [[[0.8215394616127014, -0.5700926780700684, -0.008206648752093315, -0.941650390625], [0.008322113193571568, 0.02638247050344944, -0.9996172785758972, 1.4889335632324219], [0.5700910091400146, 0.8211567401885986, 0.026418615132570267, -1.2894134521484375], [0.0, 0.0, 0.0, 1.0]], [[0.008843397721648216, -0.9997159838676453, -0.02213171124458313, 0.006103515625], [0.010242954827845097, 0.02222197875380516, -0.9997006058692932, 1.4808082580566406], [0.999908447265625, 0.008614015765488148, 0.010436562821269035, -1.671875], [0.0, 0.0, 0.0, 1.0]], [[-0.8445293307304382, -0.5350318551063538, -0.022608108818531036, 1.050537109375], [0.01822575367987156, 0.013476054184138775, -0.9997430443763733, 1.4939374923706055], [0.5351990461349487, -0.8447244763374329, -0.0016295649111270905, -1.251953125], [0.0, 0.0, 0.0, 1.0]], [[0.9478312134742737, 0.3187648355960846, 0.0022361627779901028, -1.14697265625], [-0.007236952427774668, 0.028530757874250412, -0.9995666742324829, 1.5620613098144531], [-0.31869056820869446, 0.9474043250083923, 0.029349228367209435, -0.1552734375], [0.0, 0.0, 0.0, 1.0]], [[0.009495940990746021, 0.9997344613075256, 0.020999981090426445, -0.0286865234375], [-0.005088340025395155, 0.02104896493256092, -0.9997655153274536, 1.5679779052734375], [-0.9999420642852783, 0.009386816062033176, 0.005286868661642075, 0.0289306640625], [0.0, 0.0, 0.0, 1.0]], [[-0.9234477877616882, 0.3837239146232605, 0.00019057972531300038, 1.1298828125], [-0.0008758067269809544, -0.001611009705811739, -0.9999983310699463, 1.5477818250656128], [-0.3837229311466217, -0.9234464764595032, 0.0018237512558698654, -0.05633544921875], [0.0, 0.0, 0.0, 1.0]]], "view": [[0.0, -2.0, 100.0], [-2.0, 0.0, 100.0], [0.0, 0.0, 1.0]], "bev": "bev_9340ecbe36ce4eb69d18e8a1b16f0022.png", "aux": "aux_9340ecbe36ce4eb69d18e8a1b16f0022.npz", "visibility": "visibility_9340ecbe36ce4eb69d18e8a1b16f0022.png", "pose": [[-0.4704881012439728, 0.8824063539505005, 0.0, 2122.06884765625], [-0.8824063539505005, -0.4704881012439728, 0.0, 889.1246337890625], [0.0, 0.0, 1.0, 0.0], [0.0, 0.0, 0.0, 1.0]], "pose_inverse": [[-0.4704881012439728, -0.8824063539505005, 0.0, 1782.9774169921875], [0.8824063539505005, -0.4704881012439728, 0.0, -1454.2044677734375], [0.0, 0.0, 1.0, 0.0], [0.0, 0.0, 0.0, 1.0]], "cam_ids": [0, 1, 2, 3, 4, 5], "cam_channels": ["CAM_FRONT_LEFT", "CAM_FRONT", "CAM_FRONT_RIGHT", "CAM_BACK_LEFT", "CAM_BACK", "CAM_BACK_RIGHT"], "token": "9340ecbe36ce4eb69d18e8a1b16f0022", "scene": "scene-0510"}, {"images": ["samples/CAM_FRONT_LEFT/n008-2018-08-28-13-40-50-0400__CAM_FRONT_LEFT__1535478827604799.jpg", "samples/CAM_FRONT/n008-2018-08-28-13-40-50-0400__CAM_FRONT__1535478827612404.jpg", "samples/CAM_FRONT_RIGHT/n008-2018-08-28-13-40-50-0400__CAM_FRONT_RIGHT__1535478827620482.jpg", "samples/CAM_BACK_LEFT/n008-2018-08-28-13-40-50-0400__CAM_BACK_LEFT__1535478827647503.jpg", "samples/CAM_BACK/n008-2018-08-28-13-40-50-0400__CAM_BACK__1535478827637558.jpg", "samples/CAM_BACK_RIGHT/n008-2018-08-28-13-40-50-0400__CAM_BACK_RIGHT__1535478827628113.jpg"], "intrinsics": [[[1257.8625342125129, 0.0, 827.2410631095686], [0.0, 1257.8625342125129, 450.915498205774], [0.0, 0.0, 1.0]], [[1252.8131021185304, 0.0, 826.588114781398], [0.0, 1252.8131021185304, 469.9846626224581], [0.0, 0.0, 1.0]], [[1256.7485116440405, 0.0, 817.7887570959712], [0.0, 1256.7485116440403, 451.9541780095127], [0.0, 0.0, 1.0]], [[1254.9860565800168, 0.0, 829.5769333630991], [0.0, 1254.9860565800168, 467.1680561863987], [0.0, 0.0, 1.0]], [[796.8910634503094, 0.0, 857.7774326863696], [0.0, 796.8910634503094, 476.8848988407415], [0.0, 0.0, 1.0]], [[1249.9629280788233, 0.0, 825.3768045375984], [0.0, 1249.9629280788233, 462.54816385708756], [0.0, 0.0, 1.0]]], "extrinsics": [[[0.8214635848999023, -0.5702114701271057, -0.007512970361858606, -0.946044921875], [0.00914316438138485, 0.02634255401790142, -0.9996111392974854, 1.4889335632324219], [0.5701876282691956, 0.8210754990577698, 0.026852985844016075, -1.293121337890625], [0.0, 0.0, 0.0, 1.0]], [[0.008729501627385616, -0.9997175335884094, -0.022106556221842766, 0.0062255859375], [0.011101738549768925, 0.022202929481863976, -0.999691903591156, 1.4808025360107422], [0.999900221824646, 0.008481411263346672, 0.01129242219030857, -1.676513671875], [0.0, 0.0, 0.0, 1.0]], [[-0.8445692658424377, -0.5349360108375549, -0.023368624970316887, 1.053466796875], [0.019125834107398987, 0.013476629741489887, -0.9997262358665466, 1.4939136505126953], [0.535104513168335, -0.8447850942611694, -0.0011508497409522533, -1.253662109375], [0.0, 0.0, 0.0, 1.0]], [[0.9478461146354675, 0.3187119960784912, 0.003221487859264016, -1.1463623046875], [-0.006244373507797718, 0.028674181550741196, -0.999569296836853, 1.5620613098144531], [-0.31866711378097534, 0.9474177956581116, 0.02916887030005455, -0.1552734375], [0.0, 0.0, 0.0, 1.0]], [[0.009554331190884113, 0.999731719493866, 0.021100150421261787, -0.0286865234375], [-0.004090214613825083, 0.02114000916481018, -0.9997681379318237, 1.5680007934570312], [-0.9999459385871887, 0.009465827606618404, 0.004291096236556768, 0.02978515625], [0.0, 0.0, 0.0, 1.0]], [[-0.9234104156494141, 0.38381344079971313, -0.0006676982156932354, 1.132080078125], [6.97760988259688e-05, -0.001571768312714994, -0.9999987483024597, 1.5478155612945557], [-0.3838140070438385, -0.9234092235565186, 0.0014246058417484164, -0.05523681640625], [0.0, 0.0, 0.0, 1.0]]], "view": [[0.0, -2.0, 100.0], [-2.0, 0.0, 100.0], [0.0, 0.0, 1.0]], "bev": "bev_b8c89bb5ab534590b99bffe54c5aaaf7.png", "aux": "aux_b8c89bb5ab534590b99bffe54c5aaaf7.npz", "visibility": "visibility_b8c89bb5ab534590b99bffe54c5aaaf7.png", "pose": [[-0.45046982169151306, 0.8927916288375854, 0.0, 2121.64208984375], [-0.8927916288375854, -0.45046982169151306, 0.0, 888.310546875], [0.0, 0.0, 1.0, 0.0], [0.0, 0.0, 0.0, 1.0]], "pose_inverse": [[-0.45046982169151306, -0.8927916288375854, 0.0, 1748.81201171875], [0.8927916288375854, -0.45046982169151306, 0.0, -1494.0272216796875], [0.0, 0.0, 1.0, 0.0], [0.0, 0.0, 0.0, 1.0]], "cam_ids": [0, 1, 2, 3, 4, 5], "cam_channels": ["CAM_FRONT_LEFT", "CAM_FRONT", "CAM_FRONT_RIGHT", "CAM_BACK_LEFT", "CAM_BACK", "CAM_BACK_RIGHT"], "token": "b8c89bb5ab534590b99bffe54c5aaaf7", "scene": "scene-0510"}, {"images": ["samples/CAM_FRONT_LEFT/n008-2018-08-28-13-40-50-0400__CAM_FRONT_LEFT__1535478828104799.jpg", "samples/CAM_FRONT/n008-2018-08-28-13-40-50-0400__CAM_FRONT__1535478828112404.jpg", "samples/CAM_FRONT_RIGHT/n008-2018-08-28-13-40-50-0400__CAM_FRONT_RIGHT__1535478828120482.jpg", "samples/CAM_BACK_LEFT/n008-2018-08-28-13-40-50-0400__CAM_BACK_LEFT__1535478828147405.jpg", "samples/CAM_BACK/n008-2018-08-28-13-40-50-0400__CAM_BACK__1535478828137558.jpg", "samples/CAM_BACK_RIGHT/n008-2018-08-28-13-40-50-0400__CAM_BACK_RIGHT__1535478828128113.jpg"], "intrinsics": [[[1257.8625342125129, 0.0, 827.2410631095686], [0.0, 1257.8625342125129, 450.915498205774], [0.0, 0.0, 1.0]], [[1252.8131021185304, 0.0, 826.588114781398], [0.0, 1252.8131021185304, 469.9846626224581], [0.0, 0.0, 1.0]], [[1256.7485116440405, 0.0, 817.7887570959712], [0.0, 1256.7485116440403, 451.9541780095127], [0.0, 0.0, 1.0]], [[1254.9860565800168, 0.0, 829.5769333630991], [0.0, 1254.9860565800168, 467.1680561863987], [0.0, 0.0, 1.0]], [[796.8910634503094, 0.0, 857.7774326863696], [0.0, 796.8910634503094, 476.8848988407415], [0.0, 0.0, 1.0]], [[1249.9629280788233, 0.0, 825.3768045375984], [0.0, 1249.9629280788233, 462.54816385708756], [0.0, 0.0, 1.0]]], "extrinsics": [[[0.8207745552062988, -0.5711982846260071, -0.007861730642616749, -0.94384765625], [0.009369845502078533, 0.02722172625362873, -0.9995855093002319, 1.4889717102050781], [0.5711754560470581, 0.8203606605529785, 0.027694936841726303, -1.29132080078125], [0.0, 0.0, 0.0, 1.0]], [[0.007751353085041046, -0.9997045397758484, -0.02303888462483883, 0.00634765625], [0.011285661719739437, 0.02312556840479374, -0.9996688961982727, 1.4808368682861328], [0.9999062418937683, 0.007488748989999294, 0.011461581103503704, -1.674072265625], [0.0, 0.0, 0.0, 1.0]], [[-0.8449643850326538, -0.5342838764190674, -0.024002565070986748, 1.05181884765625], [0.01926405355334282, 0.01444582175463438, -0.9997100234031677, 1.4939565658569336], [0.5344757437705994, -0.8451817035675049, -0.00191373226698488, -1.25244140625], [0.0, 0.0, 0.0, 1.0]], [[0.9478440880775452, 0.3187137246131897, 0.003618935588747263, -1.1455078125], [-0.006174793466925621, 0.02971321903169155, -0.9995394349098206, 1.5620498657226562], [-0.3186744451522827, 0.9473851919174194, 0.030131492763757706, -0.15576171875], [0.0, 0.0, 0.0, 1.0]], [[0.009813636541366577, 0.999707043170929, 0.022124404087662697, -0.02880859375], [-0.0040216282941401005, 0.02216474898159504, -0.9997462034225464, 1.5679969787597656], [-0.999943733215332, 0.009722172282636166, 0.004237966146320105, 0.0284423828125], [0.0, 0.0, 0.0, 1.0]], [[-0.9232102036476135, 0.38429513573646545, -0.00037301512202247977, 1.130615234375], [0.00016837389557622373, -0.0005661547766067088, -0.9999997615814209, 1.5478191375732422], [-0.3842952847480774, -0.9232101440429688, 0.0004579746746458113, -0.0560302734375], [0.0, 0.0, 0.0, 1.0]]], "view": [[0.0, -2.0, 100.0], [-2.0, 0.0, 100.0], [0.0, 0.0, 1.0]], "bev": "bev_ed70440c8be34c28b849956c25325055.png", "aux": "aux_ed70440c8be34c28b849956c25325055.npz", "visibility": "visibility_ed70440c8be34c28b849956c25325055.png", "pose": [[-0.4226205348968506, 0.9063067436218262, 0.0, 2121.252197265625], [-0.9063067436218262, -0.4226205348968506, 0.0, 887.5315551757812], [0.0, 0.0, 1.0, 0.0], [0.0, 0.0, 0.0, 1.0]], "pose_inverse": [[-0.4226205348968506, -0.9063067436218262, 0.0, 1700.860595703125], [0.9063067436218262, -0.4226205348968506, 0.0, -1547.416015625], [0.0, 0.0, 1.0, 0.0], [0.0, 0.0, 0.0, 1.0]], "cam_ids": [0, 1, 2, 3, 4, 5], "cam_channels": ["CAM_FRONT_LEFT", "CAM_FRONT", "CAM_FRONT_RIGHT", "CAM_BACK_LEFT", "CAM_BACK", "CAM_BACK_RIGHT"], "token": "ed70440c8be34c28b849956c25325055", "scene": "scene-0510"}, {"images": ["samples/CAM_FRONT_LEFT/n008-2018-08-28-13-40-50-0400__CAM_FRONT_LEFT__1535478828504799.jpg", "samples/CAM_FRONT/n008-2018-08-28-13-40-50-0400__CAM_FRONT__1535478828512404.jpg", "samples/CAM_FRONT_RIGHT/n008-2018-08-28-13-40-50-0400__CAM_FRONT_RIGHT__1535478828520482.jpg", "samples/CAM_BACK_LEFT/n008-2018-08-28-13-40-50-0400__CAM_BACK_LEFT__1535478828547405.jpg", "samples/CAM_BACK/n008-2018-08-28-13-40-50-0400__CAM_BACK__1535478828537558.jpg", "samples/CAM_BACK_RIGHT/n008-2018-08-28-13-40-50-0400__CAM_BACK_RIGHT__1535478828528113.jpg"], "intrinsics": [[[1257.8625342125129, 0.0, 827.2410631095686], [0.0, 1257.8625342125129, 450.915498205774], [0.0, 0.0, 1.0]], [[1252.8131021185304, 0.0, 826.588114781398], [0.0, 1252.8131021185304, 469.9846626224581], [0.0, 0.0, 1.0]], [[1256.7485116440405, 0.0, 817.7887570959712], [0.0, 1256.7485116440403, 451.9541780095127], [0.0, 0.0, 1.0]], [[1254.9860565800168, 0.0, 829.5769333630991], [0.0, 1254.9860565800168, 467.1680561863987], [0.0, 0.0, 1.0]], [[796.8910634503094, 0.0, 857.7774326863696], [0.0, 796.8910634503094, 476.8848988407415], [0.0, 0.0, 1.0]], [[1249.9629280788233, 0.0, 825.3768045375984], [0.0, 1249.9629280788233, 462.54816385708756], [0.0, 0.0, 1.0]]], "extrinsics": [[[0.8203977942466736, -0.5717326402664185, -0.008321279659867287, -0.946533203125], [0.011230477131903172, 0.03066171333193779, -0.9994667172431946, 1.4890556335449219], [0.571682870388031, 0.8198668956756592, 0.03157563507556915, -1.293853759765625], [0.0, 0.0, 0.0, 1.0]], [[0.007234103512018919, -0.9996222853660583, -0.026513805612921715, 0.0067138671875], [0.013212734833359718, 0.026607736945152283, -0.9995586276054382, 1.4809074401855469], [0.9998865127563477, 0.006880572065711021, 0.013400227762758732, -1.6768798828125], [0.0, 0.0, 0.0, 1.0]], [[-0.8451517224311829, -0.5338150858879089, -0.027567913755774498, 1.0538330078125], [0.02125750109553337, 0.017967678606510162, -0.9996125102043152, 1.4939956665039062], [0.5341035723686218, -0.8454103469848633, -0.0038378408644348383, -1.25341796875], [0.0, 0.0, 0.0, 1.0]], [[0.9478134512901306, 0.31875187158584595, 0.006846613250672817, -1.1458740234375], [-0.0039846342988312244, 0.03331571817398071, -0.9994369149208069, 1.5620536804199219], [-0.31880050897598267, 0.9472525119781494, 0.032847195863723755, -0.1553955078125], [0.0, 0.0, 0.0, 1.0]], [[0.009899822063744068, 0.9996193647384644, 0.025752225890755653, -0.0289306640625], [-0.001880454015918076, 0.025772053748369217, -0.9996660351753235, 1.5680274963378906], [-0.9999492168426514, 0.009848103858530521, 0.0021348781883716583, 0.0294189453125], [0.0, 0.0, 0.0, 1.0]], [[-0.9230826497077942, 0.38460057973861694, -0.0008870745659805834, 1.1318359375], [0.002212222432717681, 0.003003104357048869, -0.999993085861206, 1.5478800535202026], [-0.38459524512290955, -0.923078179359436, -0.003622935153543949, -0.0552978515625], [0.0, 0.0, 0.0, 1.0]]], "view": [[0.0, -2.0, 100.0], [-2.0, 0.0, 100.0], [0.0, 0.0, 1.0]], "bev": "bev_725236222dec493eaca34fd51ab9c1c8.png", "aux": "aux_725236222dec493eaca34fd51ab9c1c8.npz", "visibility": "visibility_725236222dec493eaca34fd51ab9c1c8.png", "pose": [[-0.3927869200706482, 0.9196295142173767, 0.0, 2120.968017578125], [-0.9196295142173767, -0.3927869200706482, 0.0, 886.9136962890625], [0.0, 0.0, 1.0, 0.0], [0.0, 0.0, 0.0, 1.0]], "pose_inverse": [[-0.3927869200706482, -0.9196295142173767, 0.0, 1648.720458984375], [0.9196295142173767, -0.3927869200706482, 0.0, -1602.13671875], [0.0, 0.0, 1.0, 0.0], [0.0, 0.0, 0.0, 1.0]], "cam_ids": [0, 1, 2, 3, 4, 5], "cam_channels": ["CAM_FRONT_LEFT", "CAM_FRONT", "CAM_FRONT_RIGHT", "CAM_BACK_LEFT", "CAM_BACK", "CAM_BACK_RIGHT"], "token": "725236222dec493eaca34fd51ab9c1c8", "scene": "scene-0510"}, {"images": ["samples/CAM_FRONT_LEFT/n008-2018-08-28-13-40-50-0400__CAM_FRONT_LEFT__1535478829004799.jpg", "samples/CAM_FRONT/n008-2018-08-28-13-40-50-0400__CAM_FRONT__1535478829012404.jpg", "samples/CAM_FRONT_RIGHT/n008-2018-08-28-13-40-50-0400__CAM_FRONT_RIGHT__1535478829020482.jpg", "samples/CAM_BACK_LEFT/n008-2018-08-28-13-40-50-0400__CAM_BACK_LEFT__1535478829047405.jpg", "samples/CAM_BACK/n008-2018-08-28-13-40-50-0400__CAM_BACK__1535478829037558.jpg", "samples/CAM_BACK_RIGHT/n008-2018-08-28-13-40-50-0400__CAM_BACK_RIGHT__1535478829028113.jpg"], "intrinsics": [[[1257.8625342125129, 0.0, 827.2410631095686], [0.0, 1257.8625342125129, 450.915498205774], [0.0, 0.0, 1.0]], [[1252.8131021185304, 0.0, 826.588114781398], [0.0, 1252.8131021185304, 469.9846626224581], [0.0, 0.0, 1.0]], [[1256.7485116440405, 0.0, 817.7887570959712], [0.0, 1256.7485116440403, 451.9541780095127], [0.0, 0.0, 1.0]], [[1254.9860565800168, 0.0, 829.5769333630991], [0.0, 1254.9860565800168, 467.1680561863987], [0.0, 0.0, 1.0]], [[796.8910634503094, 0.0, 857.7774326863696], [0.0, 796.8910634503094, 476.8848988407415], [0.0, 0.0, 1.0]], [[1249.9629280788233, 0.0, 825.3768045375984], [0.0, 1249.9629280788233, 462.54816385708756], [0.0, 0.0, 1.0]]], "extrinsics": [[[0.8204510807991028, -0.5716593265533447, -0.008105970919132233, -0.95263671875], [0.010862560011446476, 0.029762661084532738, -0.9994980096817017, 1.4889583587646484], [0.5716135501861572, 0.8199511170387268, 0.030628491193056107, -1.29779052734375], [0.0, 0.0, 0.0, 1.0]], [[0.007294027600437403, -0.9996479749679565, -0.025508156046271324, 0.0064697265625], [0.012724120169878006, 0.02559955231845379, -0.9995913505554199, 1.480813980102539], [0.9998923540115356, 0.006966519169509411, 0.01290636695921421, -1.682373046875], [0.0, 0.0, 0.0, 1.0]], [[-0.8451403975486755, -0.5338900089263916, -0.026442954316735268, 1.05706787109375], [0.02063673734664917, 0.016843602061271667, -0.9996451139450073, 1.493891716003418], [0.5341459512710571, -0.8453862071037292, -0.003217460121959448, -1.255615234375], [0.0, 0.0, 0.0, 1.0]], [[0.9478524327278137, 0.31866273283958435, 0.005460876505821943, -1.1441650390625], [-0.004948543384671211, 0.03184724226593971, -0.9994804859161377, 1.5620346069335938], [-0.3186711370944977, 0.9473329782485962, 0.03176340460777283, -0.15625], [0.0, 0.0, 0.0, 1.0]], [[0.009958804585039616, 0.999652624130249, 0.02440282143652439, -0.029052734375], [-0.0027476921677589417, 0.024431295692920685, -0.9996976852416992, 1.5680160522460938], [-0.999946653842926, 0.009888727217912674, 0.0029900437220931053, 0.0299072265625], [0.0, 0.0, 0.0, 1.0]], [[-0.9230939149856567, 0.38457396626472473, -0.0006958449957892299, 1.134033203125], [0.0014956820523366332, 0.001780700171366334, -0.9999972581863403, 1.5478527545928955], [-0.38457173109054565, -0.9230924248695374, -0.002218953799456358, -0.05426025390625], [0.0, 0.0, 0.0, 1.0]]], "view": [[0.0, -2.0, 100.0], [-2.0, 0.0, 100.0], [0.0, 0.0, 1.0]], "bev": "bev_7d8c1271262b4a8ba2e9897182c0a08a.png", "aux": "aux_7d8c1271262b4a8ba2e9897182c0a08a.npz", "visibility": "visibility_7d8c1271262b4a8ba2e9897182c0a08a.png", "pose": [[-0.35159188508987427, 0.9361533522605896, 0.0, 2120.6650390625], [-0.9361533522605896, -0.35159188508987427, 0.0, 886.18017578125], [0.0, 0.0, 1.0, 0.0], [0.0, 0.0, 0.0, 1.0]], "pose_inverse": [[-0.35159188508987427, -0.9361533522605896, 0.0, 1575.209228515625], [0.9361533522605896, -0.35159188508987427, 0.0, -1673.6939697265625], [0.0, 0.0, 1.0, 0.0], [0.0, 0.0, 0.0, 1.0]], "cam_ids": [0, 1, 2, 3, 4, 5], "cam_channels": ["CAM_FRONT_LEFT", "CAM_FRONT", "CAM_FRONT_RIGHT", "CAM_BACK_LEFT", "CAM_BACK", "CAM_BACK_RIGHT"], "token": "7d8c1271262b4a8ba2e9897182c0a08a", "scene": "scene-0510"}, {"images": ["samples/CAM_FRONT_LEFT/n008-2018-08-28-13-40-50-0400__CAM_FRONT_LEFT__1535478829404799.jpg", "samples/CAM_FRONT/n008-2018-08-28-13-40-50-0400__CAM_FRONT__1535478829412404.jpg", "samples/CAM_FRONT_RIGHT/n008-2018-08-28-13-40-50-0400__CAM_FRONT_RIGHT__1535478829420482.jpg", "samples/CAM_BACK_LEFT/n008-2018-08-28-13-40-50-0400__CAM_BACK_LEFT__1535478829447405.jpg", "samples/CAM_BACK/n008-2018-08-28-13-40-50-0400__CAM_BACK__1535478829437558.jpg", "samples/CAM_BACK_RIGHT/n008-2018-08-28-13-40-50-0400__CAM_BACK_RIGHT__1535478829428113.jpg"], "intrinsics": [[[1257.8625342125129, 0.0, 827.2410631095686], [0.0, 1257.8625342125129, 450.915498205774], [0.0, 0.0, 1.0]], [[1252.8131021185304, 0.0, 826.588114781398], [0.0, 1252.8131021185304, 469.9846626224581], [0.0, 0.0, 1.0]], [[1256.7485116440405, 0.0, 817.7887570959712], [0.0, 1256.7485116440403, 451.9541780095127], [0.0, 0.0, 1.0]], [[1254.9860565800168, 0.0, 829.5769333630991], [0.0, 1254.9860565800168, 467.1680561863987], [0.0, 0.0, 1.0]], [[796.8910634503094, 0.0, 857.7774326863696], [0.0, 796.8910634503094, 476.8848988407415], [0.0, 0.0, 1.0]], [[1249.9629280788233, 0.0, 825.3768045375984], [0.0, 1249.9629280788233, 462.54816385708756], [0.0, 0.0, 1.0]]], "extrinsics": [[[0.8201752305030823, -0.572079062461853, -0.006185210309922695, -0.95263671875], [0.010018513537943363, 0.025171130895614624, -0.9996329545974731, 1.4889030456542969], [0.5720247030258179, 0.8198121786117554, 0.026376118883490562, -1.2978515625], [0.0, 0.0, 0.0, 1.0]], [[0.006881178356707096, -0.9997561573982239, -0.020984647795557976, 0.00634765625], [0.011929714120924473, 0.0210657250136137, -0.9997069239616394, 1.48077392578125], [0.9999051094055176, 0.006628787145018578, 0.012071761302649975, -1.682861328125], [0.0, 0.0, 0.0, 1.0]], [[-0.8453255891799927, -0.533737301826477, -0.02343284897506237, 1.057098388671875], [0.019901588559150696, 0.012371423654258251, -0.9997254014015198, 1.4938640594482422], [0.5338807106018066, -0.8455598950386047, 0.00016433974087703973, -1.255859375], [0.0, 0.0, 0.0, 1.0]], [[0.947862446308136, 0.3186606168746948, 0.0034830179065465927, -1.14398193359375], [-0.005625464953482151, 0.02765888348221779, -0.9996015429496765, 1.5620384216308594], [-0.31863003969192505, 0.9474652409553528, 0.028009431436657906, -0.156005859375], [0.0, 0.0, 0.0, 1.0]], [[0.010104225017130375, 0.9997474551200867, 0.020072804763913155, -0.029052734375], [-0.0034046752844005823, 0.020108109340071678, -0.9997919797897339, 1.5680046081542969], [-0.9999431371688843, 0.010033695958554745, 0.0036069913767278194, 0.0296630859375], [0.0, 0.0, 0.0, 1.0]], [[-0.9230045080184937, 0.3847852051258087, -0.0017427010461688042, 1.134033203125], [0.0007942226366139948, -0.0026238628197461367, -0.9999962449073792, 1.5478367805480957], [-0.3847883343696594, -0.9230023622512817, 0.002116232877597213, -0.05426025390625], [0.0, 0.0, 0.0, 1.0]]], "view": [[0.0, -2.0, 100.0], [-2.0, 0.0, 100.0], [0.0, 0.0, 1.0]], "bev": "bev_421f58df1ea243ffa000322234b2f44f.png", "aux": "aux_421f58df1ea243ffa000322234b2f44f.npz", "visibility": "visibility_421f58df1ea243ffa000322234b2f44f.png", "pose": [[-0.31664350628852844, 0.9485446214675903, 0.0, 2120.463623046875], [-0.9485446214675903, -0.31664350628852844, 0.0, 885.6368408203125], [0.0, 0.0, 1.0, 0.0], [0.0, 0.0, 0.0, 1.0]], "pose_inverse": [[-0.31664350628852844, -0.9485446214675903, 0.0, 1511.4970703125], [0.9485446214675903, -0.31664350628852844, 0.0, -1730.9232177734375], [0.0, 0.0, 1.0, 0.0], [0.0, 0.0, 0.0, 1.0]], "cam_ids": [0, 1, 2, 3, 4, 5], "cam_channels": ["CAM_FRONT_LEFT", "CAM_FRONT", "CAM_FRONT_RIGHT", "CAM_BACK_LEFT", "CAM_BACK", "CAM_BACK_RIGHT"], "token": "421f58df1ea243ffa000322234b2f44f", "scene": "scene-0510"}, {"images": ["samples/CAM_FRONT_LEFT/n008-2018-08-28-13-40-50-0400__CAM_FRONT_LEFT__1535478829904799.jpg", "samples/CAM_FRONT/n008-2018-08-28-13-40-50-0400__CAM_FRONT__1535478829912404.jpg", "samples/CAM_FRONT_RIGHT/n008-2018-08-28-13-40-50-0400__CAM_FRONT_RIGHT__1535478829920482.jpg", "samples/CAM_BACK_LEFT/n008-2018-08-28-13-40-50-0400__CAM_BACK_LEFT__1535478829947405.jpg", "samples/CAM_BACK/n008-2018-08-28-13-40-50-0400__CAM_BACK__1535478829937558.jpg", "samples/CAM_BACK_RIGHT/n008-2018-08-28-13-40-50-0400__CAM_BACK_RIGHT__1535478829928113.jpg"], "intrinsics": [[[1257.8625342125129, 0.0, 827.2410631095686], [0.0, 1257.8625342125129, 450.915498205774], [0.0, 0.0, 1.0]], [[1252.8131021185304, 0.0, 826.588114781398], [0.0, 1252.8131021185304, 469.9846626224581], [0.0, 0.0, 1.0]], [[1256.7485116440405, 0.0, 817.7887570959712], [0.0, 1256.7485116440403, 451.9541780095127], [0.0, 0.0, 1.0]], [[1254.9860565800168, 0.0, 829.5769333630991], [0.0, 1254.9860565800168, 467.1680561863987], [0.0, 0.0, 1.0]], [[796.8910634503094, 0.0, 857.7774326863696], [0.0, 796.8910634503094, 476.8848988407415], [0.0, 0.0, 1.0]], [[1249.9629280788233, 0.0, 825.3768045375984], [0.0, 1249.9629280788233, 462.54816385708756], [0.0, 0.0, 1.0]]], "extrinsics": [[[0.8189616799354553, -0.573797345161438, -0.007651625666767359, -0.9501953125], [0.008663112297654152, 0.02569473348557949, -0.9996322393417358, 1.4888763427734375], [0.5737829208374023, 0.8185941576957703, 0.026013869792222977, -1.2950439453125], [0.0, 0.0, 0.0, 1.0]], [[0.005086210556328297, -0.9997578263282776, -0.02141108177602291, 0.005615234375], [0.010558722540736198, 0.02146385796368122, -0.9997138381004333, 1.4807510375976562], [0.999931275844574, 0.004858671687543392, 0.01066533476114273, -1.679443359375], [0.0, 0.0, 0.0, 1.0]], [[-0.8461019992828369, -0.5325502157211304, -0.02239518240094185, 1.0544281005859375], [0.018512872979044914, 0.012629376724362373, -0.9997488260269165, 1.4938597679138184], [0.5326992869377136, -0.8463042378425598, -0.0008267079829238355, -1.2548828125], [0.0, 0.0, 0.0, 1.0]], [[0.94790118932724, 0.3185573220252991, 0.002141687786206603, -1.14312744140625], [-0.006975729949772358, 0.027477405965328217, -0.9995980858802795, 1.5620384216308594], [-0.3184881806373596, 0.9475052952766418, 0.028268033638596535, -0.15625], [0.0, 0.0, 0.0, 1.0]], [[0.010719507932662964, 0.9997416138648987, 0.020044175907969475, -0.028564453125], [-0.004838026128709316, 0.020096946507692337, -0.9997862577438354, 1.5679817199707031], [-0.9999308586120605, 0.010620268993079662, 0.005052205175161362, 0.028076171875], [0.0, 0.0, 0.0, 1.0]], [[-0.9226037859916687, 0.3857487738132477, -0.0003624906821642071, 1.1319580078125], [-0.0006430907524190843, -0.002477798843756318, -0.9999967217445374, 1.5477921962738037], [-0.38574841618537903, -0.9226004481315613, 0.002534098457545042, -0.0557861328125], [0.0, 0.0, 0.0, 1.0]]], "view": [[0.0, -2.0, 100.0], [-2.0, 0.0, 100.0], [0.0, 0.0, 1.0]], "bev": "bev_3702f2dbbaa84351b6bbefa4b713cd3e.png", "aux": "aux_3702f2dbbaa84351b6bbefa4b713cd3e.npz", "visibility": "visibility_3702f2dbbaa84351b6bbefa4b713cd3e.png", "pose": [[-0.2559095025062561, 0.9667007327079773, 0.0, 2120.24267578125], [-0.9667007327079773, -0.2559095025062561, 0.0, 884.9030151367188], [0.0, 0.0, 1.0, 0.0], [0.0, 0.0, 0.0, 1.0]], "pose_inverse": [[-0.2559095025062561, -0.9667007327079773, 0.0, 1398.026611328125], [0.9667007327079773, -0.2559095025062561, 0.0, -1823.18505859375], [0.0, 0.0, 1.0, 0.0], [0.0, 0.0, 0.0, 1.0]], "cam_ids": [0, 1, 2, 3, 4, 5], "cam_channels": ["CAM_FRONT_LEFT", "CAM_FRONT", "CAM_FRONT_RIGHT", "CAM_BACK_LEFT", "CAM_BACK", "CAM_BACK_RIGHT"], "token": "3702f2dbbaa84351b6bbefa4b713cd3e", "scene": "scene-0510"}, {"images": ["samples/CAM_FRONT_LEFT/n008-2018-08-28-13-40-50-0400__CAM_FRONT_LEFT__1535478830354799.jpg", "samples/CAM_FRONT/n008-2018-08-28-13-40-50-0400__CAM_FRONT__1535478830362404.jpg", "samples/CAM_FRONT_RIGHT/n008-2018-08-28-13-40-50-0400__CAM_FRONT_RIGHT__1535478830370482.jpg", "samples/CAM_BACK_LEFT/n008-2018-08-28-13-40-50-0400__CAM_BACK_LEFT__1535478830397405.jpg", "samples/CAM_BACK/n008-2018-08-28-13-40-50-0400__CAM_BACK__1535478830387558.jpg", "samples/CAM_BACK_RIGHT/n008-2018-08-28-13-40-50-0400__CAM_BACK_RIGHT__1535478830378113.jpg"], "intrinsics": [[[1257.8625342125129, 0.0, 827.2410631095686], [0.0, 1257.8625342125129, 450.915498205774], [0.0, 0.0, 1.0]], [[1252.8131021185304, 0.0, 826.588114781398], [0.0, 1252.8131021185304, 469.9846626224581], [0.0, 0.0, 1.0]], [[1256.7485116440405, 0.0, 817.7887570959712], [0.0, 1256.7485116440403, 451.9541780095127], [0.0, 0.0, 1.0]], [[1254.9860565800168, 0.0, 829.5769333630991], [0.0, 1254.9860565800168, 467.1680561863987], [0.0, 0.0, 1.0]], [[796.8910634503094, 0.0, 857.7774326863696], [0.0, 796.8910634503094, 476.8848988407415], [0.0, 0.0, 1.0]], [[1249.9629280788233, 0.0, 825.3768045375984], [0.0, 1249.9629280788233, 462.54816385708756], [0.0, 0.0, 1.0]]], "extrinsics": [[[0.8172475099563599, -0.5762243866920471, -0.008487457409501076, -0.93212890625], [0.0081801051273942, 0.026325516402721405, -0.9996199607849121, 1.4890022277832031], [0.5762288570404053, 0.8168675303459167, 0.0262280385941267, -1.2828369140625], [0.0, 0.0, 0.0, 1.0]], [[0.0026417425833642483, -0.999748945236206, -0.022250793874263763, 0.00634765625], [0.010128628462553024, 0.022276483476161957, -0.9997005462646484, 1.4808883666992188], [0.9999452233314514, 0.0024155753199011087, 0.010184934362769127, -1.6614990234375], [0.0, 0.0, 0.0, 1.0]], [[-0.847105860710144, -0.5309445858001709, -0.02257448248565197, 1.0430622100830078], [0.018098779022693634, 0.013630621135234833, -0.9997432827949524, 1.494089126586914], [0.5311160087585449, -0.8472968935966492, -0.001937130349688232, -1.2470703125], [0.0, 0.0, 0.0, 1.0]], [[0.947920024394989, 0.31849929690361023, 0.00240500271320343, -1.14141845703125], [-0.007248137146234512, 0.029119601473212242, -0.9995496273040771, 1.56201171875], [-0.3184259235858917, 0.9474756717681885, 0.02991158328950405, -0.1572265625], [0.0, 0.0, 0.0, 1.0]], [[0.01143521536141634, 0.9997039437294006, 0.021477526053786278, -0.0286865234375], [-0.005093871150165796, 0.021536892279982567, -0.9997550845146179, 1.5679512023925781], [-0.9999217391014099, 0.011323011480271816, 0.005338641814887524, 0.0228271484375], [0.0, 0.0, 0.0, 1.0]], [[-0.9220882058143616, 0.3869794011116028, 0.0004578831430990249, 1.122802734375], [-0.001021464355289936, -0.0012507087085396051, -0.9999986886978149, 1.547768235206604], [-0.38697823882102966, -0.922087550163269, 0.0015485496260225773, -0.0592041015625], [0.0, 0.0, 0.0, 1.0]]], "view": [[0.0, -2.0, 100.0], [-2.0, 0.0, 100.0], [0.0, 0.0, 1.0]], "bev": "bev_d58c7ddf2c7241c09013d64e08a6c9f7.png", "aux": "aux_d58c7ddf2c7241c09013d64e08a6c9f7.npz", "visibility": "visibility_d58c7ddf2c7241c09013d64e08a6c9f7.png", "pose": [[-0.17649725079536438, 0.9843011498451233, 0.0, 2120.072509765625], [-0.9843011498451233, -0.17649725079536438, 0.0, 884.12939453125], [0.0, 0.0, 1.0, 0.0], [0.0, 0.0, 0.0, 1.0]], "pose_inverse": [[-0.17649725079536438, -0.9843011498451233, 0.0, 1244.4365234375], [0.9843011498451233, -0.17649725079536438, 0.0, -1930.743408203125], [0.0, 0.0, 1.0, 0.0], [0.0, 0.0, 0.0, 1.0]], "cam_ids": [0, 1, 2, 3, 4, 5], "cam_channels": ["CAM_FRONT_LEFT", "CAM_FRONT", "CAM_FRONT_RIGHT", "CAM_BACK_LEFT", "CAM_BACK", "CAM_BACK_RIGHT"], "token": "d58c7ddf2c7241c09013d64e08a6c9f7", "scene": "scene-0510"}, {"images": ["samples/CAM_FRONT_LEFT/n008-2018-08-28-13-40-50-0400__CAM_FRONT_LEFT__1535478830854799.jpg", "samples/CAM_FRONT/n008-2018-08-28-13-40-50-0400__CAM_FRONT__1535478830862404.jpg", "samples/CAM_FRONT_RIGHT/n008-2018-08-28-13-40-50-0400__CAM_FRONT_RIGHT__1535478830870482.jpg", "samples/CAM_BACK_LEFT/n008-2018-08-28-13-40-50-0400__CAM_BACK_LEFT__1535478830897405.jpg", "samples/CAM_BACK/n008-2018-08-28-13-40-50-0400__CAM_BACK__1535478830887575.jpg", "samples/CAM_BACK_RIGHT/n008-2018-08-28-13-40-50-0400__CAM_BACK_RIGHT__1535478830878113.jpg"], "intrinsics": [[[1257.8625342125129, 0.0, 827.2410631095686], [0.0, 1257.8625342125129, 450.915498205774], [0.0, 0.0, 1.0]], [[1252.8131021185304, 0.0, 826.588114781398], [0.0, 1252.8131021185304, 469.9846626224581], [0.0, 0.0, 1.0]], [[1256.7485116440405, 0.0, 817.7887570959712], [0.0, 1256.7485116440403, 451.9541780095127], [0.0, 0.0, 1.0]], [[1254.9860565800168, 0.0, 829.5769333630991], [0.0, 1254.9860565800168, 467.1680561863987], [0.0, 0.0, 1.0]], [[796.8910634503094, 0.0, 857.7774326863696], [0.0, 796.8910634503094, 476.8848988407415], [0.0, 0.0, 1.0]], [[1249.9629280788233, 0.0, 825.3768045375984], [0.0, 1249.9629280788233, 462.54816385708756], [0.0, 0.0, 1.0]]], "extrinsics": [[[0.8153781890869141, -0.5789201259613037, -0.003168202005326748, -0.9228515625], [0.009746785275638103, 0.01919916458427906, -0.9997681379318237, 1.4892520904541016], [0.5788466930389404, 0.8151582479476929, 0.021297188475728035, -1.27587890625], [0.0, 0.0, 0.0, 1.0]], [[4.99863745062612e-05, -0.9998910427093506, -0.014757110737264156, 0.005859375], [0.011705647222697735, 0.014756684191524982, -0.9998225569725037, 1.4811248779296875], [0.9999315142631531, -0.00012276371126063168, 0.011705108918249607, -1.65216064453125], [0.0, 0.0, 0.0, 1.0]], [[-0.8481343984603882, -0.5294137001037598, -0.019730372354388237, 1.03643798828125], [0.019721491262316704, 0.005666166543960571, -0.9997894167900085, 1.494335651397705], [0.5294140577316284, -0.8483449816703796, 0.005635154899209738, -1.24365234375], [0.0, 0.0, 0.0, 1.0]], [[0.94785076379776, 0.3187122344970703, 0.0012262731324881315, -1.141845703125], [-0.005362377502024174, 0.01979449763894081, -0.9997897148132324, 1.5620574951171875], [-0.31866949796676636, 0.9476448893547058, 0.020471282303333282, -0.155517578125], [0.0, 0.0, 0.0, 1.0]], [[0.012248335406184196, 0.9998447299003601, 0.012670371681451797, -0.028076171875], [-0.003343673190101981, 0.012712204828858376, -0.9999135732650757, 1.567983627319336], [-0.9999194145202637, 0.012204908765852451, 0.0034988573752343655, 0.0191650390625], [0.0, 0.0, 0.0, 1.0]], [[-0.9215068817138672, 0.3883379101753235, -0.004327341914176941, 1.11767578125], [0.0006515794666483998, -0.009596558287739754, -0.9999536871910095, 1.5478382110595703], [-0.38836148381233215, -0.9214670658111572, 0.00859026052057743, -0.06201171875], [0.0, 0.0, 0.0, 1.0]]], "view": [[0.0, -2.0, 100.0], [-2.0, 0.0, 100.0], [0.0, 0.0, 1.0]], "bev": "bev_7a97b0b2dc4b41ed80c5b2bca0311dfa.png", "aux": "aux_7a97b0b2dc4b41ed80c5b2bca0311dfa.npz", "visibility": "visibility_7a97b0b2dc4b41ed80c5b2bca0311dfa.png", "pose": [[-0.048409659415483475, 0.9988275766372681, 0.0, 2119.9404296875], [-0.9988275766372681, -0.048409659415483475, 0.0, 883.0477294921875], [0.0, 0.0, 1.0, 0.0], [0.0, 0.0, 0.0, 1.0]], "pose_inverse": [[-0.048409659415483475, -0.9988275766372681, 0.0, 984.6380004882812], [0.9988275766372681, -0.048409659415483475, 0.0, -2074.706787109375], [0.0, 0.0, 1.0, 0.0], [0.0, 0.0, 0.0, 1.0]], "cam_ids": [0, 1, 2, 3, 4, 5], "cam_channels": ["CAM_FRONT_LEFT", "CAM_FRONT", "CAM_FRONT_RIGHT", "CAM_BACK_LEFT", "CAM_BACK", "CAM_BACK_RIGHT"], "token": "7a97b0b2dc4b41ed80c5b2bca0311dfa", "scene": "scene-0510"}, {"images": ["samples/CAM_FRONT_LEFT/n008-2018-08-28-13-40-50-0400__CAM_FRONT_LEFT__1535478831354799.jpg", "samples/CAM_FRONT/n008-2018-08-28-13-40-50-0400__CAM_FRONT__1535478831362404.jpg", "samples/CAM_FRONT_RIGHT/n008-2018-08-28-13-40-50-0400__CAM_FRONT_RIGHT__1535478831370482.jpg", "samples/CAM_BACK_LEFT/n008-2018-08-28-13-40-50-0400__CAM_BACK_LEFT__1535478831397405.jpg", "samples/CAM_BACK/n008-2018-08-28-13-40-50-0400__CAM_BACK__1535478831387558.jpg", "samples/CAM_BACK_RIGHT/n008-2018-08-28-13-40-50-0400__CAM_BACK_RIGHT__1535478831378113.jpg"], "intrinsics": [[[1257.8625342125129, 0.0, 827.2410631095686], [0.0, 1257.8625342125129, 450.915498205774], [0.0, 0.0, 1.0]], [[1252.8131021185304, 0.0, 826.588114781398], [0.0, 1252.8131021185304, 469.9846626224581], [0.0, 0.0, 1.0]], [[1256.7485116440405, 0.0, 817.7887570959712], [0.0, 1256.7485116440403, 451.9541780095127], [0.0, 0.0, 1.0]], [[1254.9860565800168, 0.0, 829.5769333630991], [0.0, 1254.9860565800168, 467.1680561863987], [0.0, 0.0, 1.0]], [[796.8910634503094, 0.0, 857.7774326863696], [0.0, 796.8910634503094, 476.8848988407415], [0.0, 0.0, 1.0]], [[1249.9629280788233, 0.0, 825.3768045375984], [0.0, 1249.9629280788233, 462.54816385708756], [0.0, 0.0, 1.0]]], "extrinsics": [[[0.8127070665359497, -0.5826725363731384, 0.0003691746387630701, -0.9130859375], [0.015965403988957405, 0.021635059267282486, -0.9996384382247925, 1.4900245666503906], [0.5824539065361023, 0.812419056892395, 0.026885563507676125, -1.2703857421875], [0.0, 0.0, 0.0, 1.0]], [[-0.003795068245381117, -0.9998372197151184, -0.01763796992599964, 0.007080078125], [0.017629370093345642, 0.01756845973432064, -0.9996902346611023, 1.4817543029785156], [0.9998373985290527, -0.004104834981262684, 0.017559826374053955, -1.64251708984375], [0.0, 0.0, 0.0, 1.0]], [[-0.8496592044830322, -0.5266788601875305, -0.026239337399601936, 1.03076171875], [0.025376051664352417, 0.008864719420671463, -0.9996386766433716, 1.4948725700378418], [0.5267212390899658, -0.8500180840492249, 0.0058330390602350235, -1.23876953125], [0.0, 0.0, 0.0, 1.0]], [[0.9479269981384277, 0.3184044659137726, 0.007289417553693056, -1.142303466796875], [-0.000502543174661696, 0.024382896721363068, -0.9997025728225708, 1.5620384216308594], [-0.3184875249862671, 0.9476413130760193, 0.02327321469783783, -0.156982421875], [0.0, 0.0, 0.0, 1.0]], [[0.013359569944441319, 0.9997687339782715, 0.0168536938726902, -0.029296875], [0.0018581132171675563, 0.01683034561574459, -0.9998565912246704, 1.5680999755859375], [-0.9999090433120728, 0.013388975523412228, -0.0016328374622389674, 0.0166015625], [0.0, 0.0, 0.0, 1.0]], [[-0.9205939173698425, 0.390440970659256, -0.007919997908174992, 1.1124267578125], [0.0060802302323281765, -0.005947863683104515, -0.9999638199806213, 1.5481300354003906], [-0.3904739320278168, -0.9206087589263916, 0.0031015966087579727, -0.0633544921875], [0.0, 0.0, 0.0, 1.0]]], "view": [[0.0, -2.0, 100.0], [-2.0, 0.0, 100.0], [0.0, 0.0, 1.0]], "bev": "bev_83b2bc8344d04f30806505c8952e3920.png", "aux": "aux_83b2bc8344d04f30806505c8952e3920.npz", "visibility": "visibility_83b2bc8344d04f30806505c8952e3920.png", "pose": [[0.12572379410266876, 0.9920653104782104, 0.0, 2119.9716796875], [-0.9920653104782104, 0.12572379410266876, 0.0, 881.8187255859375], [0.0, 0.0, 1.0, 0.0], [0.0, 0.0, 0.0, 1.0]], "pose_inverse": [[0.12572379410266876, -0.9920653104782104, 0.0, 608.2908935546875], [0.9920653104782104, 0.12572379410266876, 0.0, -2214.015869140625], [0.0, 0.0, 1.0, 0.0], [0.0, 0.0, 0.0, 1.0]], "cam_ids": [0, 1, 2, 3, 4, 5], "cam_channels": ["CAM_FRONT_LEFT", "CAM_FRONT", "CAM_FRONT_RIGHT", "CAM_BACK_LEFT", "CAM_BACK", "CAM_BACK_RIGHT"], "token": "83b2bc8344d04f30806505c8952e3920", "scene": "scene-0510"}, {"images": ["samples/CAM_FRONT_LEFT/n008-2018-08-28-13-40-50-0400__CAM_FRONT_LEFT__1535478831904799.jpg", "samples/CAM_FRONT/n008-2018-08-28-13-40-50-0400__CAM_FRONT__1535478831912404.jpg", "samples/CAM_FRONT_RIGHT/n008-2018-08-28-13-40-50-0400__CAM_FRONT_RIGHT__1535478831920482.jpg", "samples/CAM_BACK_LEFT/n008-2018-08-28-13-40-50-0400__CAM_BACK_LEFT__1535478831947405.jpg", "samples/CAM_BACK/n008-2018-08-28-13-40-50-0400__CAM_BACK__1535478831937558.jpg", "samples/CAM_BACK_RIGHT/n008-2018-08-28-13-40-50-0400__CAM_BACK_RIGHT__1535478831928122.jpg"], "intrinsics": [[[1257.8625342125129, 0.0, 827.2410631095686], [0.0, 1257.8625342125129, 450.915498205774], [0.0, 0.0, 1.0]], [[1252.8131021185304, 0.0, 826.588114781398], [0.0, 1252.8131021185304, 469.9846626224581], [0.0, 0.0, 1.0]], [[1256.7485116440405, 0.0, 817.7887570959712], [0.0, 1256.7485116440403, 451.9541780095127], [0.0, 0.0, 1.0]], [[1254.9860565800168, 0.0, 829.5769333630991], [0.0, 1254.9860565800168, 467.1680561863987], [0.0, 0.0, 1.0]], [[796.8910634503094, 0.0, 857.7774326863696], [0.0, 796.8910634503094, 476.8848988407415], [0.0, 0.0, 1.0]], [[1249.9629280788233, 0.0, 825.3768045375984], [0.0, 1249.9629280788233, 462.54816385708756], [0.0, 0.0, 1.0]]], "extrinsics": [[[0.810531735420227, -0.5856941342353821, -0.0007829326204955578, -0.904296875], [0.006657397840172052, 0.010549711994826794, -0.9999222159385681, 1.489084243774414], [0.5856568217277527, 0.8104634881019592, 0.012450075708329678, -1.263671875], [0.0, 0.0, 0.0, 1.0]], [[-0.00692736217752099, -0.9999552369117737, -0.006433569826185703, 0.006591796875], [0.008556284010410309, 0.0063742161728441715, -0.9999430775642395, 1.4810199737548828], [0.9999393224716187, -0.006982001941651106, 0.008511746302247047, -1.6333084106445312], [0.0, 0.0, 0.0, 1.0]], [[-0.8510472178459167, -0.5249343514442444, -0.01274890173226595, 1.0244140625], [0.016485948115587234, -0.0024444747250527143, -0.9998610615730286, 1.4943761825561523], [0.5248302817344666, -0.8511391878128052, 0.010734405368566513, -1.23486328125], [0.0, 0.0, 0.0, 1.0]], [[0.9479767680168152, 0.31831029057502747, -0.0043011922389268875, -1.14215087890625], [-0.008920140564441681, 0.01305465493351221, -0.999875009059906, 1.5620269775390625], [-0.3182143568992615, 0.9478965997695923, 0.015214884653687477, -0.156494140625], [0.0, 0.0, 0.0, 1.0]], [[0.014298131689429283, 0.999883234500885, 0.005375508684664965, -0.029052734375], [-0.006644146051257849, 0.0054709468968212605, -0.9999629259109497, 1.5678577423095703], [-0.9998757243156433, 0.014261878095