[{"images": ["samples/CAM_FRONT_LEFT/n008-2018-09-18-14-54-39-0400__CAM_FRONT_LEFT__1537297797904799.jpg", "samples/CAM_FRONT/n008-2018-09-18-14-54-39-0400__CAM_FRONT__1537297797912408.jpg", "samples/CAM_FRONT_RIGHT/n008-2018-09-18-14-54-39-0400__CAM_FRONT_RIGHT__1537297797920482.jpg", "samples/CAM_BACK_LEFT/n008-2018-09-18-14-54-39-0400__CAM_BACK_LEFT__1537297797947405.jpg", "samples/CAM_BACK/n008-2018-09-18-14-54-39-0400__CAM_BACK__1537297797937558.jpg", "samples/CAM_BACK_RIGHT/n008-2018-09-18-14-54-39-0400__CAM_BACK_RIGHT__1537297797928113.jpg"], "intrinsics": [[[1257.8625342125129, 0.0, 827.2410631095686], [0.0, 1257.8625342125129, 450.915498205774], [0.0, 0.0, 1.0]], [[1252.8131021185304, 0.0, 826.588114781398], [0.0, 1252.8131021185304, 469.9846626224581], [0.0, 0.0, 1.0]], [[1256.7485116440405, 0.0, 817.7887570959712], [0.0, 1256.7485116440403, 451.9541780095127], [0.0, 0.0, 1.0]], [[1254.9860565800168, 0.0, 829.5769333630991], [0.0, 1254.9860565800168, 467.1680561863987], [0.0, 0.0, 1.0]], [[796.8910634503094, 0.0, 857.7774326863696], [0.0, 796.8910634503094, 476.8848988407415], [0.0, 0.0, 1.0]], [[1249.9629280788233, 0.0, 825.3768045375984], [0.0, 1249.9629280788233, 462.54816385708756], [0.0, 0.0, 1.0]]], "extrinsics": [[[0.8225844502449036, -0.5686424374580383, -0.0007819209131412208, -0.806396484375], [0.007569365669041872, 0.01232458371669054, -0.9998953938484192, 1.490081787109375], [0.5685926079750061, 0.8224924802780151, 0.014442271552979946, -1.1990966796875], [0.0, 0.0, 0.0, 1.0]], [[0.010352891869843006, -0.9999140501022339, -0.008044651709496975, 0.0098876953125], [0.00951421819627285, 0.008143221028149128, -0.9999216198921204, 1.4820480346679688], [0.9999011158943176, 0.010275556705892086, 0.009597706608474255, -1.534820556640625], [0.0, 0.0, 0.0, 1.0]], [[-0.8439198732376099, -0.5362740755081177, -0.014466401189565659, 0.95941162109375], [0.017532071098685265, -0.0006181332282721996, -0.9998460412025452, 1.4958224296569824], [0.536182701587677, -0.8440437316894531, 0.00992365088313818, -1.1917724609375], [0.0, 0.0, 0.0, 1.0]], [[0.9478819966316223, 0.3186104893684387, -0.0026525056455284357, -1.134124755859375], [-0.007598461117595434, 0.014281658455729485, -0.999869167804718, 1.5619640350341797], [-0.31853094696998596, 0.9477781057357788, 0.015958277508616447, -0.1595458984375], [0.0, 0.0, 0.0, 1.0]], [[0.009173770435154438, 0.9999346137046814, 0.006826815661042929, -0.029052734375], [-0.0055754659697413445, 0.0068781450390815735, -0.9999607801437378, 1.567697525024414], [-0.9999423623085022, 0.009135344065725803, 0.00563820032402873, -0.0196533203125], [0.0, 0.0, 0.0, 1.0]], [[-0.9237547516822815, 0.3829558193683624, -0.004674925934523344, 1.0533447265625], [-0.001467529684305191, -0.01574588567018509, -0.9998749494552612, 1.5476646423339844], [-0.382981538772583, -0.9236324429512024, 0.015107336454093456, -0.08642578125], [0.0, 0.0, 0.0, 1.0]]], "view": [[0.0, -2.0, 100.0], [-2.0, 0.0, 100.0], [0.0, 0.0, 1.0]], "bev": "bev_fa7c816173794dcda2a657df42ae3de1.png", "aux": "aux_fa7c816173794dcda2a657df42ae3de1.npz", "visibility": "visibility_fa7c816173794dcda2a657df42ae3de1.png", "pose": [[0.7651020884513855, 0.6439089775085449, 0.0, 847.5371704101562], [-0.6439089775085449, 0.7651020884513855, 0.0, 1439.0830078125], [0.0, 0.0, 1.0, 0.0], [0.0, 0.0, 0.0, 1.0]], "pose_inverse": [[0.7651020884513855, -0.6439089775085449, 0.0, 278.18603515625], [0.6439089775085449, 0.7651020884513855, 0.0, -1646.7822265625], [0.0, 0.0, 1.0, 0.0], [0.0, 0.0, 0.0, 1.0]], "cam_ids": [0, 1, 2, 3, 4, 5], "cam_channels": ["CAM_FRONT_LEFT", "CAM_FRONT", "CAM_FRONT_RIGHT", "CAM_BACK_LEFT", "CAM_BACK", "CAM_BACK_RIGHT"], "token": "fa7c816173794dcda2a657df42ae3de1", "scene": "scene-0900"}, {"images": ["samples/CAM_FRONT_LEFT/n008-2018-09-18-14-54-39-0400__CAM_FRONT_LEFT__1537297798404799.jpg", "samples/CAM_FRONT/n008-2018-09-18-14-54-39-0400__CAM_FRONT__1537297798412404.jpg", "samples/CAM_FRONT_RIGHT/n008-2018-09-18-14-54-39-0400__CAM_FRONT_RIGHT__1537297798420482.jpg", "samples/CAM_BACK_LEFT/n008-2018-09-18-14-54-39-0400__CAM_BACK_LEFT__1537297798447405.jpg", "samples/CAM_BACK/n008-2018-09-18-14-54-39-0400__CAM_BACK__1537297798437558.jpg", "samples/CAM_BACK_RIGHT/n008-2018-09-18-14-54-39-0400__CAM_BACK_RIGHT__1537297798428113.jpg"], "intrinsics": [[[1257.8625342125129, 0.0, 827.2410631095686], [0.0, 1257.8625342125129, 450.915498205774], [0.0, 0.0, 1.0]], [[1252.8131021185304, 0.0, 826.588114781398], [0.0, 1252.8131021185304, 469.9846626224581], [0.0, 0.0, 1.0]], [[1256.7485116440405, 0.0, 817.7887570959712], [0.0, 1256.7485116440403, 451.9541780095127], [0.0, 0.0, 1.0]], [[1254.9860565800168, 0.0, 829.5769333630991], [0.0, 1254.9860565800168, 467.1680561863987], [0.0, 0.0, 1.0]], [[796.8910634503094, 0.0, 857.7774326863696], [0.0, 796.8910634503094, 476.8848988407415], [0.0, 0.0, 1.0]], [[1249.9629280788233, 0.0, 825.3768045375984], [0.0, 1249.9629280788233, 462.54816385708756], [0.0, 0.0, 1.0]]], "extrinsics": [[[0.8224126696586609, -0.5688913464546204, -0.00013069977285340428, -0.809326171875], [0.006579001899808645, 0.009740605019032955, -0.9999309182167053, 1.4898338317871094], [0.5688533782958984, 0.8223550319671631, 0.011753533035516739, -1.2003173828125], [0.0, 0.0, 0.0, 1.0]], [[0.010003848932683468, -0.999934196472168, -0.005619710776954889, 0.0086669921875], [0.008398325182497501, 0.0057038129307329655, -0.9999484419822693, 1.481806755065918], [0.9999147057533264, 0.009956136345863342, 0.008454832248389721, -1.5384979248046875], [0.0, 0.0, 0.0, 1.0]], [[-0.844111442565918, -0.5360292792320251, -0.012182777747511864, 0.961669921875], [0.016275791451334953, -0.0029055692721158266, -0.99986332654953, 1.495574951171875], [0.5359206199645996, -0.8441944122314453, 0.011176926083862782, -1.1944580078125], [0.0, 0.0, 0.0, 1.0]], [[0.9478841423988342, 0.31857752799987793, -0.004903489723801613, -1.132232666015625], [-0.009420465677976608, 0.012639396823942661, -0.9998757243156433, 1.5619277954101562], [-0.31847602128982544, 0.9478124976158142, 0.014981832355260849, -0.159912109375], [0.0, 0.0, 0.0, 1.0]], [[0.009323859587311745, 0.9999445080757141, 0.00490164989605546, -0.028564453125], [-0.0071571869775652885, 0.004968472756445408, -0.9999619722366333, 1.5676021575927734], [-0.9999309778213501, 0.009288450703024864, 0.007203115615993738, -0.01953125], [0.0, 0.0, 0.0, 1.0]], [[-0.9236676692962646, 0.38317129015922546, -0.004203426651656628, 1.0555419921875], [-0.002865023910999298, -0.017874689772725105, -0.9998361468315125, 1.5474987030029297], [-0.3831835687160492, -0.9235042929649353, 0.017608070746064186, -0.0863037109375], [0.0, 0.0, 0.0, 1.0]]], "view": [[0.0, -2.0, 100.0], [-2.0, 0.0, 100.0], [0.0, 0.0, 1.0]], "bev": "bev_a81c39a4f36f4224ad18db85cd8db553.png", "aux": "aux_a81c39a4f36f4224ad18db85cd8db553.npz", "visibility": "visibility_a81c39a4f36f4224ad18db85cd8db553.png", "pose": [[0.766120433807373, 0.6426970362663269, 0.0, 849.5706176757812], [-0.6426970362663269, 0.766120433807373, 0.0, 1437.3453369140625], [0.0, 0.0, 1.0, 0.0], [0.0, 0.0, 0.0, 1.0]], "pose_inverse": [[0.766120433807373, -0.6426970362663269, 0.0, 272.90411376953125], [0.6426970362663269, 0.766120433807373, 0.0, -1647.1961669921875], [0.0, 0.0, 1.0, 0.0], [0.0, 0.0, 0.0, 1.0]], "cam_ids": [0, 1, 2, 3, 4, 5], "cam_channels": ["CAM_FRONT_LEFT", "CAM_FRONT", "CAM_FRONT_RIGHT", "CAM_BACK_LEFT", "CAM_BACK", "CAM_BACK_RIGHT"], "token": "a81c39a4f36f4224ad18db85cd8db553", "scene": "scene-0900"}, {"images": ["samples/CAM_FRONT_LEFT/n008-2018-09-18-14-54-39-0400__CAM_FRONT_LEFT__1537297798904799.jpg", "samples/CAM_FRONT/n008-2018-09-18-14-54-39-0400__CAM_FRONT__1537297798912404.jpg", "samples/CAM_FRONT_RIGHT/n008-2018-09-18-14-54-39-0400__CAM_FRONT_RIGHT__1537297798920482.jpg", "samples/CAM_BACK_LEFT/n008-2018-09-18-14-54-39-0400__CAM_BACK_LEFT__1537297798947405.jpg", "samples/CAM_BACK/n008-2018-09-18-14-54-39-0400__CAM_BACK__1537297798937558.jpg", "samples/CAM_BACK_RIGHT/n008-2018-09-18-14-54-39-0400__CAM_BACK_RIGHT__1537297798928113.jpg"], "intrinsics": [[[1257.8625342125129, 0.0, 827.2410631095686], [0.0, 1257.8625342125129, 450.915498205774], [0.0, 0.0, 1.0]], [[1252.8131021185304, 0.0, 826.588114781398], [0.0, 1252.8131021185304, 469.9846626224581], [0.0, 0.0, 1.0]], [[1256.7485116440405, 0.0, 817.7887570959712], [0.0, 1256.7485116440403, 451.9541780095127], [0.0, 0.0, 1.0]], [[1254.9860565800168, 0.0, 829.5769333630991], [0.0, 1254.9860565800168, 467.1680561863987], [0.0, 0.0, 1.0]], [[796.8910634503094, 0.0, 857.7774326863696], [0.0, 796.8910634503094, 476.8848988407415], [0.0, 0.0, 1.0]], [[1249.9629280788233, 0.0, 825.3768045375984], [0.0, 1249.9629280788233, 462.54816385708756], [0.0, 0.0, 1.0]]], "extrinsics": [[[0.8224467039108276, -0.5688163638114929, -0.0054177287966012955, -0.829833984375], [0.0023368573747575283, 0.01290258951485157, -0.9999139904975891, 1.4887619018554688], [0.5688373446464539, 0.8223633170127869, 0.01194093469530344, -1.2149658203125], [0.0, 0.0, 0.0, 1.0]], [[0.010037525556981564, -0.9999096989631653, -0.008924891240894794, 0.009033203125], [0.004294716753065586, 0.008968367241322994, -0.9999505877494812, 1.4809017181396484], [0.9999403357505798, 0.009998662397265434, 0.004384349100291729, -1.5596466064453125], [0.0, 0.0, 0.0, 1.0]], [[-0.8441291451454163, -0.5360339879989624, -0.010655812919139862, 0.9754638671875], [0.012325850315392017, 0.0004671177011914551, -0.9999239444732666, 1.4947617053985596], [0.5359981060028076, -0.8441962599754333, 0.006212766282260418, -1.202880859375], [0.0, 0.0, 0.0, 1.0]], [[0.9478633403778076, 0.3186017572879791, -0.006936865393072367, -1.131591796875], [-0.012760606594383717, 0.016195518895983696, -0.9997873902320862, 1.5618743896484375], [-0.3184216320514679, 0.9477502703666687, 0.01941669173538685, -0.1605224609375], [0.0, 0.0, 0.0, 1.0]], [[0.009328055195510387, 0.9999210834503174, 0.008404574356973171, -0.0289306640625], [-0.010763615369796753, 0.008504857309162617, -0.9999058842658997, 1.567429542541504], [-0.9998986721038818, 0.009236698038876057, 0.010842101648449898, -0.013946533203125], [0.0, 0.0, 0.0, 1.0]], [[-0.9236886501312256, 0.3831433057785034, 0.0006148694083094597, 1.0660400390625], [-0.006645232904702425, -0.014415843412280083, -0.9998739957809448, 1.547149658203125], [-0.3830861747264862, -0.923576295375824, 0.01586182974278927, -0.081787109375], [0.0, 0.0, 0.0, 1.0]]], "view": [[0.0, -2.0, 100.0], [-2.0, 0.0, 100.0], [0.0, 0.0, 1.0]], "bev": "bev_893585bb9be1494b9e6e3570c217d3b4.png", "aux": "aux_893585bb9be1494b9e6e3570c217d3b4.npz", "visibility": "visibility_893585bb9be1494b9e6e3570c217d3b4.png", "pose": [[0.7673869729042053, 0.6411842107772827, 0.0, 851.470458984375], [-0.6411842107772827, 0.7673869729042053, 0.0, 1435.734130859375], [0.0, 0.0, 1.0, 0.0], [0.0, 0.0, 0.0, 1.0]], "pose_inverse": [[0.7673869729042053, -0.6411842107772827, 0.0, 267.1626892089844], [0.6411842107772827, 0.7673869729042053, 0.0, -1647.713134765625], [0.0, 0.0, 1.0, 0.0], [0.0, 0.0, 0.0, 1.0]], "cam_ids": [0, 1, 2, 3, 4, 5], "cam_channels": ["CAM_FRONT_LEFT", "CAM_FRONT", "CAM_FRONT_RIGHT", "CAM_BACK_LEFT", "CAM_BACK", "CAM_BACK_RIGHT"], "token": "893585bb9be1494b9e6e3570c217d3b4", "scene": "scene-0900"}, {"images": ["samples/CAM_FRONT_LEFT/n008-2018-09-18-14-54-39-0400__CAM_FRONT_LEFT__1537297799404799.jpg", "samples/CAM_FRONT/n008-2018-09-18-14-54-39-0400__CAM_FRONT__1537297799412404.jpg", "samples/CAM_FRONT_RIGHT/n008-2018-09-18-14-54-39-0400__CAM_FRONT_RIGHT__1537297799420482.jpg", "samples/CAM_BACK_LEFT/n008-2018-09-18-14-54-39-0400__CAM_BACK_LEFT__1537297799447405.jpg", "samples/CAM_BACK/n008-2018-09-18-14-54-39-0400__CAM_BACK__1537297799437558.jpg", "samples/CAM_BACK_RIGHT/n008-2018-09-18-14-54-39-0400__CAM_BACK_RIGHT__1537297799428113.jpg"], "intrinsics": [[[1257.8625342125129, 0.0, 827.2410631095686], [0.0, 1257.8625342125129, 450.915498205774], [0.0, 0.0, 1.0]], [[1252.8131021185304, 0.0, 826.588114781398], [0.0, 1252.8131021185304, 469.9846626224581], [0.0, 0.0, 1.0]], [[1256.7485116440405, 0.0, 817.7887570959712], [0.0, 1256.7485116440403, 451.9541780095127], [0.0, 0.0, 1.0]], [[1254.9860565800168, 0.0, 829.5769333630991], [0.0, 1254.9860565800168, 467.1680561863987], [0.0, 0.0, 1.0]], [[796.8910634503094, 0.0, 857.7774326863696], [0.0, 796.8910634503094, 476.8848988407415], [0.0, 0.0, 1.0]], [[1249.9629280788233, 0.0, 825.3768045375984], [0.0, 1249.9629280788233, 462.54816385708756], [0.0, 0.0, 1.0]]], "extrinsics": [[[0.8224263787269592, -0.5688307285308838, -0.006824871990829706, -0.84228515625], [0.004335174802690744, 0.018263839185237885, -0.999823808670044, 1.4891185760498047], [0.5688550472259521, 0.8222517967224121, 0.01748664118349552, -1.2227783203125], [0.0, 0.0, 0.0, 1.0]], [[0.010052062571048737, -0.9998477101325989, -0.014264875091612339, 0.00830078125], [0.006245187949389219, 0.014328091405332088, -0.9998778700828552, 1.4811668395996094], [0.9999298453330994, 0.009961704723536968, 0.006388264708220959, -1.571441650390625], [0.0, 0.0, 0.0, 1.0]], [[-0.8440966010093689, -0.5359776020050049, -0.015126093290746212, 0.98309326171875], [0.014218765310943127, 0.005825419444590807, -0.9998819231987, 1.4948859214782715], [0.536002516746521, -0.8442121148109436, 0.0027037221007049084, -1.2081298828125], [0.0, 0.0, 0.0, 1.0]], [[0.9478719830513, 0.3186318278312683, -0.0035540664102882147, -1.133026123046875], [-0.010938851162791252, 0.021390171721577644, -0.9997113347053528, 1.5619125366210938], [-0.3184638023376465, 0.947637140750885, 0.023760607466101646, -0.159912109375], [0.0, 0.0, 0.0, 1.0]], [[0.009306401945650578, 0.9998633861541748, 0.013658718205988407, -0.02880859375], [-0.008947957307100296, 0.01374203059822321, -0.9998655319213867, 1.5675716400146484], [-0.999916672706604, 0.009182932786643505, 0.009074625559151173, -0.0096435546875], [0.0, 0.0, 0.0, 1.0]], [[-0.9236934781074524, 0.38313090801239014, 0.0009759675012901425, 1.07269287109375], [-0.004834501538425684, -0.009108330123126507, -0.9999467730522156, 1.547358512878418], [-0.38310158252716064, -0.9236491322517395, 0.010265552438795567, -0.0794677734375], [0.0, 0.0, 0.0, 1.0]]], "view": [[0.0, -2.0, 100.0], [-2.0, 0.0, 100.0], [0.0, 0.0, 1.0]], "bev": "bev_3a6e8069ea854509b43834eb0a03f6ba.png", "aux": "aux_3a6e8069ea854509b43834eb0a03f6ba.npz", "visibility": "visibility_3a6e8069ea854509b43834eb0a03f6ba.png", "pose": [[0.7681034207344055, 0.6403257846832275, 0.0, 853.169921875], [-0.6403257846832275, 0.7681034207344055, 0.0, 1434.2933349609375], [0.0, 0.0, 1.0, 0.0], [0.0, 0.0, 0.0, 1.0]], "pose_inverse": [[0.7681034207344055, -0.6403257846832275, 0.0, 263.09222412109375], [0.6403257846832275, 0.7681034207344055, 0.0, -1647.9923095703125], [0.0, 0.0, 1.0, 0.0], [0.0, 0.0, 0.0, 1.0]], "cam_ids": [0, 1, 2, 3, 4, 5], "cam_channels": ["CAM_FRONT_LEFT", "CAM_FRONT", "CAM_FRONT_RIGHT", "CAM_BACK_LEFT", "CAM_BACK", "CAM_BACK_RIGHT"], "token": "3a6e8069ea854509b43834eb0a03f6ba", "scene": "scene-0900"}, {"images": ["samples/CAM_FRONT_LEFT/n008-2018-09-18-14-54-39-0400__CAM_FRONT_LEFT__1537297799904799.jpg", "samples/CAM_FRONT/n008-2018-09-18-14-54-39-0400__CAM_FRONT__1537297799912404.jpg", "samples/CAM_FRONT_RIGHT/n008-2018-09-18-14-54-39-0400__CAM_FRONT_RIGHT__1537297799920482.jpg", "samples/CAM_BACK_LEFT/n008-2018-09-18-14-54-39-0400__CAM_BACK_LEFT__1537297799947405.jpg", "samples/CAM_BACK/n008-2018-09-18-14-54-39-0400__CAM_BACK__1537297799937558.jpg", "samples/CAM_BACK_RIGHT/n008-2018-09-18-14-54-39-0400__CAM_BACK_RIGHT__1537297799928113.jpg"], "intrinsics": [[[1257.8625342125129, 0.0, 827.2410631095686], [0.0, 1257.8625342125129, 450.915498205774], [0.0, 0.0, 1.0]], [[1252.8131021185304, 0.0, 826.588114781398], [0.0, 1252.8131021185304, 469.9846626224581], [0.0, 0.0, 1.0]], [[1256.7485116440405, 0.0, 817.7887570959712], [0.0, 1256.7485116440403, 451.9541780095127], [0.0, 0.0, 1.0]], [[1254.9860565800168, 0.0, 829.5769333630991], [0.0, 1254.9860565800168, 467.1680561863987], [0.0, 0.0, 1.0]], [[796.8910634503094, 0.0, 857.7774326863696], [0.0, 796.8910634503094, 476.8848988407415], [0.0, 0.0, 1.0]], [[1249.9629280788233, 0.0, 825.3768045375984], [0.0, 1249.9629280788233, 462.54816385708756], [0.0, 0.0, 1.0]]], "extrinsics": [[[0.8226090669631958, -0.5685703754425049, -0.006484718527644873, -0.8690185546875], [0.007424411829560995, 0.022143851965665817, -0.9997272491455078, 1.4894485473632812], [0.568558931350708, 0.8223365545272827, 0.02243703417479992, -1.24267578125], [0.0, 0.0, 0.0, 1.0]], [[0.010349005460739136, -0.9997859597206116, -0.017915282398462296, 0.0089111328125], [0.009503869339823723, 0.01801377907395363, -0.9997925758361816, 1.4814167022705078], [0.999901294708252, 0.010176517069339752, 0.009688260033726692, -1.5989227294921875], [0.0, 0.0, 0.0, 1.0]], [[-0.8439321517944336, -0.5360808372497559, -0.01989438198506832, 1.00164794921875], [0.017657777294516563, 0.009305412881076336, -0.9998008012771606, 1.4949369430541992], [0.5361592173576355, -0.8441153764724731, 0.001612857449799776, -1.2188720703125], [0.0, 0.0, 0.0, 1.0]], [[0.9478762745857239, 0.31863725185394287, 0.0009097816655412316, -1.13525390625], [-0.007219140417873859, 0.024329673498868942, -0.9996778964996338, 1.5619735717773438], [-0.3185568153858185, 0.947564423084259, 0.025361809879541397, -0.1591796875], [0.0, 0.0, 0.0, 1.0]], [[0.009178313426673412, 0.9998165369033813, 0.016811247915029526, -0.029296875], [-0.005309357773512602, 0.016860445961356163, -0.9998437762260437, 1.5678138732910156], [-0.9999438524246216, 0.009087599813938141, 0.005463133100420237, -0.000396728515625], [0.0, 0.0, 0.0, 1.0]], [[-0.9237471222877502, 0.3830014765262604, -0.0010323785245418549, 1.08721923828125], [-0.001285653212107718, -0.005796267185360193, -0.9999824166297913, 1.5477180480957031], [-0.3830006718635559, -0.9237295389175415, 0.005846692714840174, -0.0728759765625], [0.0, 0.0, 0.0, 1.0]]], "view": [[0.0, -2.0, 100.0], [-2.0, 0.0, 100.0], [0.0, 0.0, 1.0]], "bev": "bev_194bd13dbc6c46a895c2ab08dc19b072.png", "aux": "aux_194bd13dbc6c46a895c2ab08dc19b072.npz", "visibility": "visibility_194bd13dbc6c46a895c2ab08dc19b072.png", "pose": [[0.768206775188446, 0.6402018070220947, 0.0, 854.6541748046875], [-0.6402018070220947, 0.768206775188446, 0.0, 1433.02978515625], [0.0, 0.0, 1.0, 0.0], [0.0, 0.0, 0.0, 1.0]], "pose_inverse": [[0.768206775188446, -0.6402018070220947, 0.0, 260.87713623046875], [0.6402018070220947, 0.768206775188446, 0.0, -1648.0142822265625], [0.0, 0.0, 1.0, 0.0], [0.0, 0.0, 0.0, 1.0]], "cam_ids": [0, 1, 2, 3, 4, 5], "cam_channels": ["CAM_FRONT_LEFT", "CAM_FRONT", "CAM_FRONT_RIGHT", "CAM_BACK_LEFT", "CAM_BACK", "CAM_BACK_RIGHT"], "token": "194bd13dbc6c46a895c2ab08dc19b072", "scene": "scene-0900"}, {"images": ["samples/CAM_FRONT_LEFT/n008-2018-09-18-14-54-39-0400__CAM_FRONT_LEFT__1537297800404799.jpg", "samples/CAM_FRONT/n008-2018-09-18-14-54-39-0400__CAM_FRONT__1537297800412404.jpg", "samples/CAM_FRONT_RIGHT/n008-2018-09-18-14-54-39-0400__CAM_FRONT_RIGHT__1537297800420482.jpg", "samples/CAM_BACK_LEFT/n008-2018-09-18-14-54-39-0400__CAM_BACK_LEFT__1537297800447405.jpg", "samples/CAM_BACK/n008-2018-09-18-14-54-39-0400__CAM_BACK__1537297800437558.jpg", "samples/CAM_BACK_RIGHT/n008-2018-09-18-14-54-39-0400__CAM_BACK_RIGHT__1537297800428113.jpg"], "intrinsics": [[[1257.8625342125129, 0.0, 827.2410631095686], [0.0, 1257.8625342125129, 450.915498205774], [0.0, 0.0, 1.0]], [[1252.8131021185304, 0.0, 826.588114781398], [0.0, 1252.8131021185304, 469.9846626224581], [0.0, 0.0, 1.0]], [[1256.7485116440405, 0.0, 817.7887570959712], [0.0, 1256.7485116440403, 451.9541780095127], [0.0, 0.0, 1.0]], [[1254.9860565800168, 0.0, 829.5769333630991], [0.0, 1254.9860565800168, 467.1680561863987], [0.0, 0.0, 1.0]], [[796.8910634503094, 0.0, 857.7774326863696], [0.0, 796.8910634503094, 476.8848988407415], [0.0, 0.0, 1.0]], [[1249.9629280788233, 0.0, 825.3768045375984], [0.0, 1249.9629280788233, 462.54816385708756], [0.0, 0.0, 1.0]]], "extrinsics": [[[0.8225396275520325, -0.5686894655227661, -0.004571994766592979, -0.8912353515625], [0.007877468131482601, 0.01943155750632286, -0.9997801184654236, 1.4893550872802734], [0.5686532855033875, 0.8223229050636292, 0.02046305686235428, -1.256103515625], [0.0, 0.0, 0.0, 1.0]], [[0.010264691896736622, -0.9998307824134827, -0.0152629679068923, 0.0076904296875], [0.009839329868555069, 0.015364025719463825, -0.9998335242271423, 1.4812736511230469], [0.9998989105224609, 0.010112879797816277, 0.009995372965931892, -1.62030029296875], [0.0, 0.0, 0.0, 1.0]], [[-0.843960702419281, -0.5360793471336365, -0.01868557743728161, 1.01544189453125], [0.017866257578134537, 0.006722424179315567, -0.9998177886009216, 1.4946684837341309], [0.5361073017120361, -0.8441408276557922, 0.0039042693097144365, -1.2288818359375], [0.0, 0.0, 0.0, 1.0]], [[0.9478848576545715, 0.3186129331588745, -0.0003110852267127484, -1.136871337890625], [-0.007754362188279629, 0.022093400359153748, -0.9997258186340332, 1.561981201171875], [-0.3185186982154846, 0.9476273655891418, 0.023412639275193214, -0.1585693359375], [0.0, 0.0, 0.0, 1.0]], [[0.009205582551658154, 0.999853253364563, 0.014445790089666843, -0.0286865234375], [-0.005509861744940281, 0.014496901072561741, -0.9998796582221985, 1.567850112915039], [-0.9999424815177917, 0.009124916046857834, 0.005642506293952465, 0.006988525390625], [0.0, 0.0, 0.0, 1.0]], [[-0.923730194568634, 0.3830382525920868, -0.002022345084697008, 1.09930419921875], [-0.0012458059936761856, -0.008283932693302631, -0.9999649524688721, 1.5477333068847656], [-0.38304150104522705, -0.9236953854560852, 0.008129310794174671, -0.0687255859375], [0.0, 0.0, 0.0, 1.0]]], "view": [[0.0, -2.0, 100.0], [-2.0, 0.0, 100.0], [0.0, 0.0, 1.0]], "bev": "bev_3ab6a277a9254db4863faabf938f70c4.png", "aux": "aux_3ab6a277a9254db4863faabf938f70c4.npz", "visibility": "visibility_3ab6a277a9254db4863faabf938f70c4.png", "pose": [[0.7692334055900574, 0.6389678716659546, 0.0, 855.909423828125], [-0.6389678716659546, 0.7692334055900574, 0.0, 1431.9599609375], [0.0, 0.0, 1.0, 0.0], [0.0, 0.0, 0.0, 1.0]], "pose_inverse": [[0.7692334055900574, -0.6389678716659546, 0.0, 256.582275390625], [0.6389678716659546, 0.7692334055900574, 0.0, -1648.4100341796875], [0.0, 0.0, 1.0, 0.0], [0.0, 0.0, 0.0, 1.0]], "cam_ids": [0, 1, 2, 3, 4, 5], "cam_channels": ["CAM_FRONT_LEFT", "CAM_FRONT", "CAM_FRONT_RIGHT", "CAM_BACK_LEFT", "CAM_BACK", "CAM_BACK_RIGHT"], "token": "3ab6a277a9254db4863faabf938f70c4", "scene": "scene-0900"}, {"images": ["samples/CAM_FRONT_LEFT/n008-2018-09-18-14-54-39-0400__CAM_FRONT_LEFT__1537297800904799.jpg", "samples/CAM_FRONT/n008-2018-09-18-14-54-39-0400__CAM_FRONT__1537297800912404.jpg", "samples/CAM_FRONT_RIGHT/n008-2018-09-18-14-54-39-0400__CAM_FRONT_RIGHT__1537297800920482.jpg", "samples/CAM_BACK_LEFT/n008-2018-09-18-14-54-39-0400__CAM_BACK_LEFT__1537297800947405.jpg", "samples/CAM_BACK/n008-2018-09-18-14-54-39-0400__CAM_BACK__1537297800937558.jpg", "samples/CAM_BACK_RIGHT/n008-2018-09-18-14-54-39-0400__CAM_BACK_RIGHT__1537297800928113.jpg"], "intrinsics": [[[1257.8625342125129, 0.0, 827.2410631095686], [0.0, 1257.8625342125129, 450.915498205774], [0.0, 0.0, 1.0]], [[1252.8131021185304, 0.0, 826.588114781398], [0.0, 1252.8131021185304, 469.9846626224581], [0.0, 0.0, 1.0]], [[1256.7485116440405, 0.0, 817.7887570959712], [0.0, 1256.7485116440403, 451.9541780095127], [0.0, 0.0, 1.0]], [[1254.9860565800168, 0.0, 829.5769333630991], [0.0, 1254.9860565800168, 467.1680561863987], [0.0, 0.0, 1.0]], [[796.8910634503094, 0.0, 857.7774326863696], [0.0, 796.8910634503094, 476.8848988407415], [0.0, 0.0, 1.0]], [[1249.9629280788233, 0.0, 825.3768045375984], [0.0, 1249.9629280788233, 462.54816385708756], [0.0, 0.0, 1.0]]], "extrinsics": [[[0.8225671052932739, -0.5686561465263367, -0.0036841456312686205, -0.9169921875], [0.008618950843811035, 0.018944690003991127, -0.9997833967208862, 1.4891986846923828], [0.5686027407646179, 0.822357177734375, 0.020484499633312225, -1.2733154296875], [0.0, 0.0, 0.0, 1.0]], [[0.010336793959140778, -0.9998388290405273, -0.014679390005767345, 0.0069580078125], [0.010603269562125206, 0.014788946136832237, -0.999834418296814, 1.481088638305664], [0.9998903274536133, 0.010179423727095127, 0.01075443159788847, -1.64654541015625], [0.0, 0.0, 0.0, 1.0]], [[-0.8439122438430786, -0.5361449718475342, -0.018992820754647255, 1.032958984375], [0.01865452155470848, 0.006055056117475033, -0.9998076558113098, 1.4943509101867676], [0.5361568927764893, -0.8441041111946106, 0.004891593009233475, -1.240234375], [0.0, 0.0, 0.0, 1.0]], [[0.9478783011436462, 0.31863242387771606, 0.00043332125642336905, -1.13995361328125], [-0.006631777621805668, 0.02108803577721119, -0.9997556209564209, 1.5620155334472656], [-0.3185637891292572, 0.9476437568664551, 0.022101990878582, -0.1575927734375], [0.0, 0.0, 0.0, 1.0]], [[0.009165128692984581, 0.9998655915260315, 0.013591079041361809, -0.0286865234375], [-0.004541798960417509, 0.013633133843541145, -0.9998967051506042, 1.5679340362548828], [-0.9999476671218872, 0.009102488867938519, 0.004666137509047985, 0.01654052734375], [0.0, 0.0, 0.0, 1.0]], [[-0.9237456917762756, 0.3829936385154724, -0.0031006596982479095, 1.1138916015625], [-0.00038914481410756707, -0.009034102782607079, -0.9999591112136841, 1.547795295715332], [-0.3830060064792633, -0.9237067699432373, 0.00849425420165062, -0.062744140625], [0.0, 0.0, 0.0, 1.0]]], "view": [[0.0, -2.0, 100.0], [-2.0, 0.0, 100.0], [0.0, 0.0, 1.0]], "bev": "bev_4b02192bb9ba4ecfbdd782b94b32f705.png", "aux": "aux_4b02192bb9ba4ecfbdd782b94b32f705.npz", "visibility": "visibility_4b02192bb9ba4ecfbdd782b94b32f705.png", "pose": [[0.7698083519935608, 0.6382750868797302, 0.0, 856.9409790039062], [-0.6382750868797302, 0.7698083519935608, 0.0, 1431.0887451171875], [0.0, 0.0, 1.0, 0.0], [0.0, 0.0, 0.0, 1.0]], "pose_inverse": [[0.7698083519935608, -0.6382750868797302, 0.0, 253.74801635742188], [0.6382750868797302, 0.7698083519935608, 0.0, -1648.628173828125], [0.0, 0.0, 1.0, 0.0], [0.0, 0.0, 0.0, 1.0]], "cam_ids": [0, 1, 2, 3, 4, 5], "cam_channels": ["CAM_FRONT_LEFT", "CAM_FRONT", "CAM_FRONT_RIGHT", "CAM_BACK_LEFT", "CAM_BACK", "CAM_BACK_RIGHT"], "token": "4b02192bb9ba4ecfbdd782b94b32f705", "scene": "scene-0900"}, {"images": ["samples/CAM_FRONT_LEFT/n008-2018-09-18-14-54-39-0400__CAM_FRONT_LEFT__1537297801404799.jpg", "samples/CAM_FRONT/n008-2018-09-18-14-54-39-0400__CAM_FRONT__1537297801412404.jpg", "samples/CAM_FRONT_RIGHT/n008-2018-09-18-14-54-39-0400__CAM_FRONT_RIGHT__1537297801420482.jpg", "samples/CAM_BACK_LEFT/n008-2018-09-18-14-54-39-0400__CAM_BACK_LEFT__1537297801449658.jpg", "samples/CAM_BACK/n008-2018-09-18-14-54-39-0400__CAM_BACK__1537297801437558.jpg", "samples/CAM_BACK_RIGHT/n008-2018-09-18-14-54-39-0400__CAM_BACK_RIGHT__1537297801428113.jpg"], "intrinsics": [[[1257.8625342125129, 0.0, 827.2410631095686], [0.0, 1257.8625342125129, 450.915498205774], [0.0, 0.0, 1.0]], [[1252.8131021185304, 0.0, 826.588114781398], [0.0, 1252.8131021185304, 469.9846626224581], [0.0, 0.0, 1.0]], [[1256.7485116440405, 0.0, 817.7887570959712], [0.0, 1256.7485116440403, 451.9541780095127], [0.0, 0.0, 1.0]], [[1254.9860565800168, 0.0, 829.5769333630991], [0.0, 1254.9860565800168, 467.1680561863987], [0.0, 0.0, 1.0]], [[796.8910634503094, 0.0, 857.7774326863696], [0.0, 796.8910634503094, 476.8848988407415], [0.0, 0.0, 1.0]], [[1249.9629280788233, 0.0, 825.3768045375984], [0.0, 1249.9629280788233, 462.54816385708756], [0.0, 0.0, 1.0]]], "extrinsics": [[[0.8225760459899902, -0.5686438083648682, -0.0035818973556160927, -0.9378662109375], [0.009766750037670135, 0.020425569266080856, -0.9997437000274658, 1.48907470703125], [0.5685712695121765, 0.8223302960395813, 0.02235538512468338, -1.2877197265625], [0.0, 0.0, 0.0, 1.0]], [[0.010329422540962696, -0.9998160600662231, -0.016161903738975525, 0.0064697265625], [0.011695791967213154, 0.0162824634462595, -0.9997990727424622, 1.4809398651123047], [0.9998782277107239, 0.010138388723134995, 0.011861829087138176, -1.6679229736328125], [0.0, 0.0, 0.0, 1.0]], [[-0.8439121246337891, -0.5360828638076782, -0.020674003288149834, 1.04730224609375], [0.01968987099826336, 0.007560176774859428, -0.9997775554656982, 1.4940862655639648], [0.5361199378967285, -0.8441315293312073, 0.004175277892500162, -1.249755859375], [0.0, 0.0, 0.0, 1.0]], [[0.9478784799575806, 0.3186264634132385, 0.0019230653997510672, -1.144683837890625], [-0.005542013794183731, 0.02252074144780636, -0.9997310042381287, 1.5620498657226562], [-0.3185840845108032, 0.9476128220558167, 0.02311275526881218, -0.15576171875], [0.0, 0.0, 0.0, 1.0]], [[0.009166648611426353, 0.9998445510864258, 0.015063798986375332, -0.0286865234375], [-0.0035060481168329716, 0.01509647537022829, -0.9998798966407776, 1.5679893493652344], [-0.9999518394470215, 0.009112763218581676, 0.003643887583166361, 0.02374267578125], [0.0, 0.0, 0.0, 1.0]], [[-0.9237315058708191, 0.3830247223377228, -0.0034801363945007324, 1.125732421875], [0.0006395725067704916, -0.007543229032307863, -0.999971330165863, 1.5478391647338867], [-0.3830399811267853, -0.9237072467803955, 0.006722946651279926, -0.057861328125], [0.0, 0.0, 0.0, 1.0]]], "view": [[0.0, -2.0, 100.0], [-2.0, 0.0, 100.0], [0.0, 0.0, 1.0]], "bev": "bev_be1a5457e3094824864c725523842288.png", "aux": "aux_be1a5457e3094824864c725523842288.npz", "visibility": "visibility_be1a5457e3094824864c725523842288.png", "pose": [[0.7697510719299316, 0.6383441686630249, 0.0, 857.7396850585938], [-0.6383441686630249, 0.7697510719299316, 0.0, 1430.4132080078125], [0.0, 0.0, 1.0, 0.0], [0.0, 0.0, 0.0, 1.0]], "pose_inverse": [[0.7697510719299316, -0.6383441686630249, 0.0, 252.8498992919922], [0.6383441686630249, 0.7697510719299316, 0.0, -1648.59521484375], [0.0, 0.0, 1.0, 0.0], [0.0, 0.0, 0.0, 1.0]], "cam_ids": [0, 1, 2, 3, 4, 5], "cam_channels": ["CAM_FRONT_LEFT", "CAM_FRONT", "CAM_FRONT_RIGHT", "CAM_BACK_LEFT", "CAM_BACK", "CAM_BACK_RIGHT"], "token": "be1a5457e3094824864c725523842288", "scene": "scene-0900"}, {"images": ["samples/CAM_FRONT_LEFT/n008-2018-09-18-14-54-39-0400__CAM_FRONT_LEFT__1537297801904799.jpg", "samples/CAM_FRONT/n008-2018-09-18-14-54-39-0400__CAM_FRONT__1537297801912404.jpg", "samples/CAM_FRONT_RIGHT/n008-2018-09-18-14-54-39-0400__CAM_FRONT_RIGHT__1537297801920482.jpg", "samples/CAM_BACK_LEFT/n008-2018-09-18-14-54-39-0400__CAM_BACK_LEFT__1537297801947405.jpg", "samples/CAM_BACK/n008-2018-09-18-14-54-39-0400__CAM_BACK__1537297801937558.jpg", "samples/CAM_BACK_RIGHT/n008-2018-09-18-14-54-39-0400__CAM_BACK_RIGHT__1537297801928113.jpg"], "intrinsics": [[[1257.8625342125129, 0.0, 827.2410631095686], [0.0, 1257.8625342125129, 450.915498205774], [0.0, 0.0, 1.0]], [[1252.8131021185304, 0.0, 826.588114781398], [0.0, 1252.8131021185304, 469.9846626224581], [0.0, 0.0, 1.0]], [[1256.7485116440405, 0.0, 817.7887570959712], [0.0, 1256.7485116440403, 451.9541780095127], [0.0, 0.0, 1.0]], [[1254.9860565800168, 0.0, 829.5769333630991], [0.0, 1254.9860565800168, 467.1680561863987], [0.0, 0.0, 1.0]], [[796.8910634503094, 0.0, 857.7774326863696], [0.0, 796.8910634503094, 476.8848988407415], [0.0, 0.0, 1.0]], [[1249.9629280788233, 0.0, 825.3768045375984], [0.0, 1249.9629280788233, 462.54816385708756], [0.0, 0.0, 1.0]]], "extrinsics": [[[0.8224069476127625, -0.5688854455947876, -0.004034384153783321, -0.953369140625], [0.011153103783726692, 0.023212822154164314, -0.999668300151825, 1.4890022277832031], [0.5687903761863708, 0.8220891356468201, 0.025435224175453186, -1.29736328125], [0.0, 0.0, 0.0, 1.0]], [[0.010102370753884315, -0.9997687339782715, -0.01898251846432686, 0.005859375], [0.013102284632623196, 0.019114207476377487, -0.9997314214706421, 1.4808521270751953], [0.9998630881309509, 0.009851009584963322, 0.013292353600263596, -1.6826934814453125], [0.0, 0.0, 0.0, 1.0]], [[-0.8439851403236389, -0.5358548164367676, -0.023427853360772133, 1.056396484375], [0.021124431863427162, 0.01043686456978321, -0.9997223615646362, 1.4939279556274414], [0.5359504222869873, -0.8442456722259521, 0.002511068247258663, -1.256103515625], [0.0, 0.0, 0.0, 1.0]], [[0.9478841423988342, 0.31858813762664795, 0.004156902898102999, -1.14178466796875], [-0.00420488091185689, 0.025554148480296135, -0.9996646046638489, 1.5620346069335938], [-0.3185875117778778, 0.9475487470626831, 0.025561995804309845, -0.1568603515625], [0.0, 0.0, 0.0, 1.0]], [[0.009225028567016125, 0.9997943639755249, 0.01805858314037323, -0.0286865234375], [-0.002103729173541069, 0.018078716471791267, -0.9998342990875244, 1.5680294036865234], [-0.9999553561210632, 0.009185505099594593, 0.002270071767270565, 0.028228759765625], [0.0, 0.0, 0.0, 1.0]], [[-0.9236712455749512, 0.3831680119037628, -0.003700037719681859, 1.13330078125], [0.002089163986966014, -0.004620139021426439, -0.9999871253967285, 1.547872543334961], [-0.3831802010536194, -0.9236671328544617, 0.0034669884480535984, -0.05517578125], [0.0, 0.0, 0.0, 1.0]]], "view": [[0.0, -2.0, 100.0], [-2.0, 0.0, 100.0], [0.0, 0.0, 1.0]], "bev": "bev_09ca9c3148224cbba1fbd45f782ecabb.png", "aux": "aux_09ca9c3148224cbba1fbd45f782ecabb.npz", "visibility": "visibility_09ca9c3148224cbba1fbd45f782ecabb.png", "pose": [[0.7703789472579956, 0.6375862956047058, 0.0, 858.35498046875], [-0.6375862956047058, 0.7703789472579956, 0.0, 1429.8934326171875], [0.0, 0.0, 1.0, 0.0], [0.0, 0.0, 0.0, 1.0]], "pose_inverse": [[0.7703789472579956, -0.6375862956047058, 0.0, 250.42189025878906], [0.6375862956047058, 0.7703789472579956, 0.0, -1648.835205078125], [0.0, 0.0, 1.0, 0.0], [0.0, 0.0, 0.0, 1.0]], "cam_ids": [0, 1, 2, 3, 4, 5], "cam_channels": ["CAM_FRONT_LEFT", "CAM_FRONT", "CAM_FRONT_RIGHT", "CAM_BACK_LEFT", "CAM_BACK", "CAM_BACK_RIGHT"], "token": "09ca9c3148224cbba1fbd45f782ecabb", "scene": "scene-0900"}, {"images": ["samples/CAM_FRONT_LEFT/n008-2018-09-18-14-54-39-0400__CAM_FRONT_LEFT__1537297802404799.jpg", "samples/CAM_FRONT/n008-2018-09-18-14-54-39-0400__CAM_FRONT__1537297802412404.jpg", "samples/CAM_FRONT_RIGHT/n008-2018-09-18-14-54-39-0400__CAM_FRONT_RIGHT__1537297802420482.jpg", "samples/CAM_BACK_LEFT/n008-2018-09-18-14-54-39-0400__CAM_BACK_LEFT__1537297802447405.jpg", "samples/CAM_BACK/n008-2018-09-18-14-54-39-0400__CAM_BACK__1537297802437558.jpg", "samples/CAM_BACK_RIGHT/n008-2018-09-18-14-54-39-0400__CAM_BACK_RIGHT__1537297802428113.jpg"], "intrinsics": [[[1257.8625342125129, 0.0, 827.2410631095686], [0.0, 1257.8625342125129, 450.915498205774], [0.0, 0.0, 1.0]], [[1252.8131021185304, 0.0, 826.588114781398], [0.0, 1252.8131021185304, 469.9846626224581], [0.0, 0.0, 1.0]], [[1256.7485116440405, 0.0, 817.7887570959712], [0.0, 1256.7485116440403, 451.9541780095127], [0.0, 0.0, 1.0]], [[1254.9860565800168, 0.0, 829.5769333630991], [0.0, 1254.9860565800168, 467.1680561863987], [0.0, 0.0, 1.0]], [[796.8910634503094, 0.0, 857.7774326863696], [0.0, 796.8910634503094, 476.8848988407415], [0.0, 0.0, 1.0]], [[1249.9629280788233, 0.0, 825.3768045375984], [0.0, 1249.9629280788233, 462.54816385708756], [0.0, 0.0, 1.0]]], "extrinsics": [[[0.8225836157798767, -0.5686384439468384, -0.0025299987755715847, -0.978515625], [0.01264006644487381, 0.02273264154791832, -0.9996616244316101, 1.4886627197265625], [0.5685036182403564, 0.8222733736038208, 0.025887127965688705, -1.31640625], [0.0, 0.0, 0.0, 1.0]], [[0.010375531390309334, -0.9997746348381042, -0.01851820945739746, 0.00634765625], [0.014617720618844032, 0.018668876960873604, -0.9997188448905945, 1.4805259704589844], [0.9998392462730408, 0.01010187715291977, 0.014808127656579018, -1.709320068359375], [0.0, 0.0, 0.0, 1.0]], [[-0.8438480496406555, -0.5360221862792969, -0.02450815588235855, 1.074462890625], [0.022662989795207977, 0.010030382312834263, -0.9996928572654724, 1.493509292602539], [0.536103367805481, -0.8441442847251892, 0.003683745861053467, -1.2667236328125], [0.0, 0.0, 0.0, 1.0]], [[0.9478737115859985, 0.3185980021953583, 0.005545852705836296, -1.143341064453125], [-0.002670133952051401, 0.025345422327518463, -0.9996751546859741, 1.5620384216308594], [-0.3186350464820862, 0.9475510120391846, 0.024874957278370857, -0.1563720703125], [0.0, 0.0, 0.0, 1.0]], [[0.00912465713918209, 0.9998005628585815, 0.01776316948235035, -0.029052734375], [-0.0005667880759574473, 0.01776907593011856, -0.9998419284820557, 1.5680522918701172], [-0.9999581575393677, 0.009113139472901821, 0.0007288117194548249, 0.0367431640625], [0.0, 0.0, 0.0, 1.0]], [[-0.9237164258956909, 0.3830409049987793, -0.005253974348306656, 1.1474609375], [0.003617300186306238, -0.004992979113012552, -0.9999809861183167, 1.5478668212890625], [-0.3830598294734955, -0.9237177968025208, 0.0032265232875943184, -0.048583984375], [0.0, 0.0, 0.0, 1.0]]], "view": [[0.0, -2.0, 100.0], [-2.0, 0.0, 100.0], [0.0, 0.0, 1.0]], "bev": "bev_f805b3bd15954869b2c4b25c74b8613d.png", "aux": "aux_f805b3bd15954869b2c4b25c74b8613d.npz", "visibility": "visibility_f805b3bd15954869b2c4b25c74b8613d.png", "pose": [[0.7706743478775024, 0.6372291445732117, 0.0, 858.7310791015625], [-0.6372291445732117, 0.7706743478775024, 0.0, 1429.571533203125], [0.0, 0.0, 1.0, 0.0], [0.0, 0.0, 0.0, 1.0]], "pose_inverse": [[0.7706743478775024, -0.6372291445732117, 0.0, 249.1626434326172], [0.6372291445732117, 0.7706743478775024, 0.0, -1648.942626953125], [0.0, 0.0, 1.0, 0.0], [0.0, 0.0, 0.0, 1.0]], "cam_ids": [0, 1, 2, 3, 4, 5], "cam_channels": ["CAM_FRONT_LEFT", "CAM_FRONT", "CAM_FRONT_RIGHT", "CAM_BACK_LEFT", "CAM_BACK", "CAM_BACK_RIGHT"], "token": "f805b3bd15954869b2c4b25c74b8613d", "scene": "scene-0900"}, {"images": ["samples/CAM_FRONT_LEFT/n008-2018-09-18-14-54-39-0400__CAM_FRONT_LEFT__1537297802904799.jpg", "samples/CAM_FRONT/n008-2018-09-18-14-54-39-0400__CAM_FRONT__1537297802912404.jpg", "samples/CAM_FRONT_RIGHT/n008-2018-09-18-14-54-39-0400__CAM_FRONT_RIGHT__1537297802920482.jpg", "samples/CAM_BACK_LEFT/n008-2018-09-18-14-54-39-0400__CAM_BACK_LEFT__1537297802947405.jpg", "samples/CAM_BACK/n008-2018-09-18-14-54-39-0400__CAM_BACK__1537297802937558.jpg", "samples/CAM_BACK_RIGHT/n008-2018-09-18-14-54-39-0400__CAM_BACK_RIGHT__1537297802928113.jpg"], "intrinsics": [[[1257.8625342125129, 0.0, 827.2410631095686], [0.0, 1257.8625342125129, 450.915498205774], [0.0, 0.0, 1.0]], [[1252.8131021185304, 0.0, 826.588114781398], [0.0, 1252.8131021185304, 469.9846626224581], [0.0, 0.0, 1.0]], [[1256.7485116440405, 0.0, 817.7887570959712], [0.0, 1256.7485116440403, 451.9541780095127], [0.0, 0.0, 1.0]], [[1254.9860565800168, 0.0, 829.5769333630991], [0.0, 1254.9860565800168, 467.1680561863987], [0.0, 0.0, 1.0]], [[796.8910634503094, 0.0, 857.7774326863696], [0.0, 796.8910634503094, 476.8848988407415], [0.0, 0.0, 1.0]], [[1249.9629280788233, 0.0, 825.3768045375984], [0.0, 1249.9629280788233, 462.54816385708756], [0.0, 0.0, 1.0]]], "extrinsics": [[[0.822526752948761, -0.568719744682312, -0.002767448779195547, -0.986328125], [0.013408172875642776, 0.024256177246570587, -0.9996158480644226, 1.4885826110839844], [0.5685683488845825, 0.8221737146377563, 0.02757684700191021, -1.3209228515625], [0.0, 0.0, 0.0, 1.0]], [[0.010304869152605534, -0.9997473359107971, -0.01997610367834568, 0.005859375], [0.01538559515029192, 0.02013332210481167, -0.9996789693832397, 1.4804420471191406], [0.9998285174369812, 0.009994162246584892, 0.015589178539812565, -1.7161865234375], [0.0, 0.0, 0.0, 1.0]], [[-0.8438642024993896, -0.5359309911727905, -0.02590789645910263, 1.07855224609375], [0.023430125787854195, 0.011432903818786144, -0.9996601343154907, 1.493408203125], [0.5360450148582458, -0.8441844582557678, 0.002909109927713871, -1.2696533203125], [0.0, 0.0, 0.0, 1.0]], [[0.9478646516799927, 0.31860318779945374, 0.006681675557047129, -1.1434326171875], [-0.0019114360911771655, 0.026650935411453247, -0.9996429681777954, 1.562042236328125], [-0.31866753101348877, 0.9475134611129761, 0.025870470330119133, -0.1563720703125], [0.0, 0.0, 0.0, 1.0]], [[0.009135449305176735, 0.9997760057449341, 0.019093090668320656, -0.02880859375], [0.00020971152116544545, 0.019091971218585968, -0.9998177289962769, 1.5680618286132812], [-0.999958217144