[{"images": ["samples/CAM_FRONT_LEFT/n008-2018-08-29-16-04-13-0400__CAM_FRONT_LEFT__1535573320854799.jpg", "samples/CAM_FRONT/n008-2018-08-29-16-04-13-0400__CAM_FRONT__1535573320862404.jpg", "samples/CAM_FRONT_RIGHT/n008-2018-08-29-16-04-13-0400__CAM_FRONT_RIGHT__1535573320870482.jpg", "samples/CAM_BACK_LEFT/n008-2018-08-29-16-04-13-0400__CAM_BACK_LEFT__1535573320897405.jpg", "samples/CAM_BACK/n008-2018-08-29-16-04-13-0400__CAM_BACK__1535573320887558.jpg", "samples/CAM_BACK_RIGHT/n008-2018-08-29-16-04-13-0400__CAM_BACK_RIGHT__1535573320878113.jpg"], "intrinsics": [[[1257.8625342125129, 0.0, 827.2410631095686], [0.0, 1257.8625342125129, 450.915498205774], [0.0, 0.0, 1.0]], [[1252.8131021185304, 0.0, 826.588114781398], [0.0, 1252.8131021185304, 469.9846626224581], [0.0, 0.0, 1.0]], [[1256.7485116440405, 0.0, 817.7887570959712], [0.0, 1256.7485116440403, 451.9541780095127], [0.0, 0.0, 1.0]], [[1254.9860565800168, 0.0, 829.5769333630991], [0.0, 1254.9860565800168, 467.1680561863987], [0.0, 0.0, 1.0]], [[796.8910634503094, 0.0, 857.7774326863696], [0.0, 796.8910634503094, 476.8848988407415], [0.0, 0.0, 1.0]], [[1249.9629280788233, 0.0, 825.3768045375984], [0.0, 1249.9629280788233, 462.54816385708756], [0.0, 0.0, 1.0]]], "extrinsics": [[[0.8223927021026611, -0.5689182877540588, 0.001513674738816917, -0.876861572265625], [0.011739864945411682, 0.01431025005877018, -0.9998286366462708, 1.4900856018066406], [0.5687991976737976, 0.8222695589065552, 0.018447667360305786, -1.2467041015625], [0.0, 0.0, 0.0, 1.0]], [[0.010082056745886803, -0.9998981952667236, -0.010095598176121712, 0.008056640625], [0.013748579658567905, 0.010233771987259388, -0.9998531341552734, 1.4819011688232422], [0.9998546838760376, 0.009941854514181614, 0.01385035552084446, -1.60736083984375], [0.0, 0.0, 0.0, 1.0]], [[-0.8439925312995911, -0.5360116362571716, -0.019184695556759834, 1.0081787109375], [0.021713828667998314, 0.0015929462388157845, -0.9997629523277283, 1.4952030181884766], [0.535915195941925, -0.8442091345787048, 0.010294429026544094, -1.2239990234375], [0.0, 0.0, 0.0, 1.0]], [[0.9478774666786194, 0.31862860918045044, 0.002014430705457926, -1.14385986328125], [-0.0035918722860515118, 0.01700657606124878, -0.9998489618301392, 1.5620441436767578], [-0.31861475110054016, 0.9477270841598511, 0.017264625057578087, -0.15625], [0.0, 0.0, 0.0, 1.0]], [[0.009235241450369358, 0.9999134540557861, 0.009370798245072365, -0.02880859375], [-0.0014930983306840062, 0.009384977631270885, -0.9999548196792603, 1.5680036544799805], [-0.9999562501907349, 0.00922086276113987, 0.0015796408988535404, 0.008148193359375], [0.0, 0.0, 0.0, 1.0]], [[-0.9236523509025574, 0.3831563889980316, -0.0075810858979821205, 1.0952301025390625], [0.0026439265348017216, -0.0134104760363698, -0.9999065399169922, 1.5480079650878906], [-0.38322222232818604, -0.9235861301422119, 0.011373580433428288, -0.070068359375], [0.0, 0.0, 0.0, 1.0]]], "view": [[0.0, -2.0, 100.0], [-2.0, 0.0, 100.0], [0.0, 0.0, 1.0]], "bev": "bev_35970eb7ffa0401885f62c19d8596340.png", "aux": "aux_35970eb7ffa0401885f62c19d8596340.npz", "visibility": "visibility_35970eb7ffa0401885f62c19d8596340.png", "pose": [[-0.8463724851608276, -0.5325914621353149, 0.0, 1280.93212890625], [0.5325914621353149, -0.8463724851608276, 0.0, 1065.6739501953125], [0.0, 0.0, 1.0, 0.0], [0.0, 0.0, 0.0, 1.0]], "pose_inverse": [[-0.8463724851608276, 0.5325914621353149, 0.0, 516.5768432617188], [-0.5325914621353149, -0.8463724851608276, 0.0, 1584.1705322265625], [0.0, 0.0, 1.0, 0.0], [0.0, 0.0, 0.0, 1.0]], "cam_ids": [0, 1, 2, 3, 4, 5], "cam_channels": ["CAM_FRONT_LEFT", "CAM_FRONT", "CAM_FRONT_RIGHT", "CAM_BACK_LEFT", "CAM_BACK", "CAM_BACK_RIGHT"], "token": "35970eb7ffa0401885f62c19d8596340", "scene": "scene-0706"}, {"images": ["samples/CAM_FRONT_LEFT/n008-2018-08-29-16-04-13-0400__CAM_FRONT_LEFT__1535573321354799.jpg", "samples/CAM_FRONT/n008-2018-08-29-16-04-13-0400__CAM_FRONT__1535573321362404.jpg", "samples/CAM_FRONT_RIGHT/n008-2018-08-29-16-04-13-0400__CAM_FRONT_RIGHT__1535573321370482.jpg", "samples/CAM_BACK_LEFT/n008-2018-08-29-16-04-13-0400__CAM_BACK_LEFT__1535573321397405.jpg", "samples/CAM_BACK/n008-2018-08-29-16-04-13-0400__CAM_BACK__1535573321387558.jpg", "samples/CAM_BACK_RIGHT/n008-2018-08-29-16-04-13-0400__CAM_BACK_RIGHT__1535573321378113.jpg"], "intrinsics": [[[1257.8625342125129, 0.0, 827.2410631095686], [0.0, 1257.8625342125129, 450.915498205774], [0.0, 0.0, 1.0]], [[1252.8131021185304, 0.0, 826.588114781398], [0.0, 1252.8131021185304, 469.9846626224581], [0.0, 0.0, 1.0]], [[1256.7485116440405, 0.0, 817.7887570959712], [0.0, 1256.7485116440403, 451.9541780095127], [0.0, 0.0, 1.0]], [[1254.9860565800168, 0.0, 829.5769333630991], [0.0, 1254.9860565800168, 467.1680561863987], [0.0, 0.0, 1.0]], [[796.8910634503094, 0.0, 857.7774326863696], [0.0, 796.8910634503094, 476.8848988407415], [0.0, 0.0, 1.0]], [[1249.9629280788233, 0.0, 825.3768045375984], [0.0, 1249.9629280788233, 462.54816385708756], [0.0, 0.0, 1.0]]], "extrinsics": [[[0.8225002884864807, -0.5687602758407593, 0.0022396838758140802, -0.86083984375], [0.014345823787152767, 0.016809027642011642, -0.9997557997703552, 1.4907875061035156], [0.5685838460922241, 0.8223315477371216, 0.0219847671687603, -1.2347412109375], [0.0, 0.0, 0.0, 1.0]], [[0.01030699536204338, -0.9998668432235718, -0.012649831362068653, 0.007568359375], [0.016443001106381416, 0.01281826663762331, -0.9997826814651489, 1.4825191497802734], [0.9998116493225098, 0.010096816346049309, 0.016572928056120872, -1.5909423828125], [0.0, 0.0, 0.0, 1.0]], [[-0.8438246250152588, -0.5361201167106628, -0.02313893474638462, 0.99755859375], [0.02469613403081894, 0.0042760237120091915, -0.9996858835220337, 1.4958057403564453], [0.5360506176948547, -0.8441309332847595, 0.009631878696382046, -1.2177734375], [0.0, 0.0, 0.0, 1.0]], [[0.9478567242622375, 0.3186340034008026, 0.006325372029095888, -1.14215087890625], [-4.371064278529957e-05, 0.019977597519755363, -0.9998003840446472, 1.5620460510253906], [-0.3186967074871063, 0.9476671814918518, 0.018949827179312706, -0.1566162109375], [0.0, 0.0, 0.0, 1.0]], [[0.009092380292713642, 0.9998832941055298, 0.012278457172214985, -0.0286865234375], [0.001852785237133503, 0.012262098491191864, -0.999923050403595, 1.568136215209961], [-0.9999569654464722, 0.009114422835409641, -0.001741078682243824, 0.002685546875], [0.0, 0.0, 0.0, 1.0]], [[-0.9236982464790344, 0.3830038607120514, -0.009462171234190464, 1.0869674682617188], [0.005832573864609003, -0.010636801831424236, -0.9999264478683472, 1.5482797622680664], [-0.38307636976242065, -0.9236854910850525, 0.007591297850012779, -0.073974609375], [0.0, 0.0, 0.0, 1.0]]], "view": [[0.0, -2.0, 100.0], [-2.0, 0.0, 100.0], [0.0, 0.0, 1.0]], "bev": "bev_d6da2787c2744f3f9560e2374ab0e0bd.png", "aux": "aux_d6da2787c2744f3f9560e2374ab0e0bd.npz", "visibility": "visibility_d6da2787c2744f3f9560e2374ab0e0bd.png", "pose": [[-0.8482874631881714, -0.5295360088348389, 0.0, 1279.29833984375], [0.5295360088348389, -0.8482874631881714, 0.0, 1066.7149658203125], [0.0, 0.0, 1.0, 0.0], [0.0, 0.0, 0.0, 1.0]], "pose_inverse": [[-0.8482874631881714, 0.5295360088348389, 0.0, 520.3486938476562], [-0.5295360088348389, -0.8482874631881714, 0.0, 1582.3154296875], [0.0, 0.0, 1.0, 0.0], [0.0, 0.0, 0.0, 1.0]], "cam_ids": [0, 1, 2, 3, 4, 5], "cam_channels": ["CAM_FRONT_LEFT", "CAM_FRONT", "CAM_FRONT_RIGHT", "CAM_BACK_LEFT", "CAM_BACK", "CAM_BACK_RIGHT"], "token": "d6da2787c2744f3f9560e2374ab0e0bd", "scene": "scene-0706"}, {"images": ["samples/CAM_FRONT_LEFT/n008-2018-08-29-16-04-13-0400__CAM_FRONT_LEFT__1535573321854799.jpg", "samples/CAM_FRONT/n008-2018-08-29-16-04-13-0400__CAM_FRONT__1535573321862404.jpg", "samples/CAM_FRONT_RIGHT/n008-2018-08-29-16-04-13-0400__CAM_FRONT_RIGHT__1535573321870482.jpg", "samples/CAM_BACK_LEFT/n008-2018-08-29-16-04-13-0400__CAM_BACK_LEFT__1535573321897405.jpg", "samples/CAM_BACK/n008-2018-08-29-16-04-13-0400__CAM_BACK__1535573321887558.jpg", "samples/CAM_BACK_RIGHT/n008-2018-08-29-16-04-13-0400__CAM_BACK_RIGHT__1535573321878113.jpg"], "intrinsics": [[[1257.8625342125129, 0.0, 827.2410631095686], [0.0, 1257.8625342125129, 450.915498205774], [0.0, 0.0, 1.0]], [[1252.8131021185304, 0.0, 826.588114781398], [0.0, 1252.8131021185304, 469.9846626224581], [0.0, 0.0, 1.0]], [[1256.7485116440405, 0.0, 817.7887570959712], [0.0, 1256.7485116440403, 451.9541780095127], [0.0, 0.0, 1.0]], [[1254.9860565800168, 0.0, 829.5769333630991], [0.0, 1254.9860565800168, 467.1680561863987], [0.0, 0.0, 1.0]], [[796.8910634503094, 0.0, 857.7774326863696], [0.0, 796.8910634503094, 476.8848988407415], [0.0, 0.0, 1.0]], [[1249.9629280788233, 0.0, 825.3768045375984], [0.0, 1249.9629280788233, 462.54816385708756], [0.0, 0.0, 1.0]]], "extrinsics": [[[0.8232308030128479, -0.5677026510238647, 0.0021895815152674913, -0.83453369140625], [0.01629488915205002, 0.01977371983230114, -0.9996716976165771, 1.4916267395019531], [0.5674730539321899, 0.822996199131012, 0.025528986006975174, -1.217529296875], [0.0, 0.0, 0.0, 1.0]], [[0.01140674576163292, -0.9998120665550232, -0.01567494496703148, 0.0086669921875], [0.018090391531586647, 0.015879740938544273, -0.9997102618217468, 1.48321533203125], [0.999771237373352, 0.011119868606328964, 0.018268126994371414, -1.56463623046875], [0.0, 0.0, 0.0, 1.0]], [[-0.8433411121368408, -0.5367565155029297, -0.0258492361754179, 0.980224609375], [0.025903956964612007, 0.007440944667905569, -0.9996367692947388, 1.4964637756347656], [0.5367538332939148, -0.843704342842102, 0.007628863211721182, -1.2061767578125], [0.0, 0.0, 0.0, 1.0]], [[0.9478476047515869, 0.3186400830745697, 0.007317278999835253, -1.14007568359375], [-0.00014789322449360043, 0.02339773438870907, -0.9997261762619019, 1.5620346069335938], [-0.3187240660190582, 0.9475869536399841, 0.022224608808755875, -0.157470703125], [0.0, 0.0, 0.0, 1.0]], [[0.008755252696573734, 0.9998396635055542, 0.015618531033396721, -0.02880859375], [0.002181723713874817, 0.015599992126226425, -0.9998759031295776, 1.5681648254394531], [-0.9999593496322632, 0.008788217790424824, -0.0020447918213903904, -0.006072998046875], [0.0, 0.0, 0.0, 1.0]], [[-0.9239286780357361, 0.382459819316864, -0.008953479118645191, 1.072479248046875], [0.0066285510547459126, -0.007396148517727852, -0.999950647354126, 1.5484490394592285], [-0.3825071454048157, -0.923942506313324, 0.0042983596213161945, -0.0792236328125], [0.0, 0.0, 0.0, 1.0]]], "view": [[0.0, -2.0, 100.0], [-2.0, 0.0, 100.0], [0.0, 0.0, 1.0]], "bev": "bev_3dfee7a095b6476eb223c9cde293dc7e.png", "aux": "aux_3dfee7a095b6476eb223c9cde293dc7e.npz", "visibility": "visibility_3dfee7a095b6476eb223c9cde293dc7e.png", "pose": [[-0.8439133763313293, -0.5364794731140137, 0.0, 1277.4207763671875], [0.5364794731140137, -0.8439133763313293, 0.0, 1067.9122314453125], [0.0, 0.0, 1.0, 0.0], [0.0, 0.0, 0.0, 1.0]], "pose_inverse": [[-0.8439133763313293, 0.5364794731140137, 0.0, 505.1195373535156], [-0.5364794731140137, -0.8439133763313293, 0.0, 1586.535400390625], [0.0, 0.0, 1.0, 0.0], [0.0, 0.0, 0.0, 1.0]], "cam_ids": [0, 1, 2, 3, 4, 5], "cam_channels": ["CAM_FRONT_LEFT", "CAM_FRONT", "CAM_FRONT_RIGHT", "CAM_BACK_LEFT", "CAM_BACK", "CAM_BACK_RIGHT"], "token": "3dfee7a095b6476eb223c9cde293dc7e", "scene": "scene-0706"}, {"images": ["samples/CAM_FRONT_LEFT/n008-2018-08-29-16-04-13-0400__CAM_FRONT_LEFT__1535573322254799.jpg", "samples/CAM_FRONT/n008-2018-08-29-16-04-13-0400__CAM_FRONT__1535573322262404.jpg", "samples/CAM_FRONT_RIGHT/n008-2018-08-29-16-04-13-0400__CAM_FRONT_RIGHT__1535573322270482.jpg", "samples/CAM_BACK_LEFT/n008-2018-08-29-16-04-13-0400__CAM_BACK_LEFT__1535573322297405.jpg", "samples/CAM_BACK/n008-2018-08-29-16-04-13-0400__CAM_BACK__1535573322287558.jpg", "samples/CAM_BACK_RIGHT/n008-2018-08-29-16-04-13-0400__CAM_BACK_RIGHT__1535573322278118.jpg"], "intrinsics": [[[1257.8625342125129, 0.0, 827.2410631095686], [0.0, 1257.8625342125129, 450.915498205774], [0.0, 0.0, 1.0]], [[1252.8131021185304, 0.0, 826.588114781398], [0.0, 1252.8131021185304, 469.9846626224581], [0.0, 0.0, 1.0]], [[1256.7485116440405, 0.0, 817.7887570959712], [0.0, 1256.7485116440403, 451.9541780095127], [0.0, 0.0, 1.0]], [[1254.9860565800168, 0.0, 829.5769333630991], [0.0, 1254.9860565800168, 467.1680561863987], [0.0, 0.0, 1.0]], [[796.8910634503094, 0.0, 857.7774326863696], [0.0, 796.8910634503094, 476.8848988407415], [0.0, 0.0, 1.0]], [[1249.9629280788233, 0.0, 825.3768045375984], [0.0, 1249.9629280788233, 462.54816385708756], [0.0, 0.0, 1.0]]], "extrinsics": [[[0.8237733840942383, -0.5668959021568298, -0.0051442962139844894, -0.81439208984375], [0.00973655004054308, 0.02322009764611721, -0.9996829628944397, 1.4904823303222656], [0.5668355822563171, 0.823462188243866, 0.024647708982229233, -1.204833984375], [0.0, 0.0, 0.0, 1.0]], [[0.012037981301546097, -0.9997462034225464, -0.019042352214455605, 0.00927734375], [0.011687171645462513, 0.01918310672044754, -0.9997476935386658, 1.4823570251464844], [0.9998592734336853, 0.011812365613877773, 0.011915130540728569, -1.544464111328125], [0.0, 0.0, 0.0, 1.0]], [[-0.843220055103302, -0.5371061563491821, -0.02229326404631138, 0.9664306640625], [0.019674135372042656, 0.010608834214508533, -0.9997501373291016, 1.4959735870361328], [0.5372084379196167, -0.8434479832649231, 0.0016215157229453325, -1.1968994140625], [0.0, 0.0, 0.0, 1.0]], [[0.9478652477264404, 0.31865835189819336, 0.0029226448386907578, -1.13787841796875], [-0.005657112691551447, 0.02599584124982357, -0.9996460676193237, 1.5620002746582031], [-0.31862154603004456, 0.9475131034851074, 0.0264432393014431, -0.1583251953125], [0.0, 0.0, 0.0, 1.0]], [[0.008685670793056488, 0.9997933506965637, 0.01837930642068386, -0.02880859375], [-0.003590004751458764, 0.01841105706989765, -0.9998239874839783, 1.5678443908691406], [-0.9999558329582214, 0.008618197403848171, 0.0037491756957024336, -0.01416015625], [0.0, 0.0, 0.0, 1.0]], [[-0.9240756630897522, 0.38220304250717163, -0.002223987365141511, 1.060302734375], [0.0005932074855081737, -0.004384572617709637, -0.9999901652336121, 1.5478787422180176], [-0.38220900297164917, -0.9240679144859314, 0.00382495136000216, -0.0843505859375], [0.0, 0.0, 0.0, 1.0]]], "view": [[0.0, -2.0, 100.0], [-2.0, 0.0, 100.0], [0.0, 0.0, 1.0]], "bev": "bev_b0604032bef746b4a35f5c82b7aed97a.png", "aux": "aux_b0604032bef746b4a35f5c82b7aed97a.npz", "visibility": "visibility_b0604032bef746b4a35f5c82b7aed97a.png", "pose": [[-0.8339958190917969, -0.5517707467079163, 0.0, 1275.7171630859375], [0.5517707467079163, -0.8339958190917969, 0.0, 1069.039306640625], [0.0, 0.0, 1.0, 0.0], [0.0, 0.0, 0.0, 1.0]], "pose_inverse": [[-0.8339958190917969, 0.5517707467079163, 0.0, 474.0781555175781], [-0.5517707467079163, -0.8339958190917969, 0.0, 1595.477783203125], [0.0, 0.0, 1.0, 0.0], [0.0, 0.0, 0.0, 1.0]], "cam_ids": [0, 1, 2, 3, 4, 5], "cam_channels": ["CAM_FRONT_LEFT", "CAM_FRONT", "CAM_FRONT_RIGHT", "CAM_BACK_LEFT", "CAM_BACK", "CAM_BACK_RIGHT"], "token": "b0604032bef746b4a35f5c82b7aed97a", "scene": "scene-0706"}, {"images": ["samples/CAM_FRONT_LEFT/n008-2018-08-29-16-04-13-0400__CAM_FRONT_LEFT__1535573322754799.jpg", "samples/CAM_FRONT/n008-2018-08-29-16-04-13-0400__CAM_FRONT__1535573322762404.jpg", "samples/CAM_FRONT_RIGHT/n008-2018-08-29-16-04-13-0400__CAM_FRONT_RIGHT__1535573322770482.jpg", "samples/CAM_BACK_LEFT/n008-2018-08-29-16-04-13-0400__CAM_BACK_LEFT__1535573322797405.jpg", "samples/CAM_BACK/n008-2018-08-29-16-04-13-0400__CAM_BACK__1535573322787558.jpg", "samples/CAM_BACK_RIGHT/n008-2018-08-29-16-04-13-0400__CAM_BACK_RIGHT__1535573322778113.jpg"], "intrinsics": [[[1257.8625342125129, 0.0, 827.2410631095686], [0.0, 1257.8625342125129, 450.915498205774], [0.0, 0.0, 1.0]], [[1252.8131021185304, 0.0, 826.588114781398], [0.0, 1252.8131021185304, 469.9846626224581], [0.0, 0.0, 1.0]], [[1256.7485116440405, 0.0, 817.7887570959712], [0.0, 1256.7485116440403, 451.9541780095127], [0.0, 0.0, 1.0]], [[1254.9860565800168, 0.0, 829.5769333630991], [0.0, 1254.9860565800168, 467.1680561863987], [0.0, 0.0, 1.0]], [[796.8910634503094, 0.0, 857.7774326863696], [0.0, 796.8910634503094, 476.8848988407415], [0.0, 0.0, 1.0]], [[1249.9629280788233, 0.0, 825.3768045375984], [0.0, 1249.9629280788233, 462.54816385708756], [0.0, 0.0, 1.0]]], "extrinsics": [[[0.8237759470939636, -0.566895604133606, -0.004762248136103153, -0.80438232421875], [0.011149046011269093, 0.024598579853773117, -0.9996352791786194, 1.490997314453125], [0.5668059587478638, 0.823422372341156, 0.026584062725305557, -1.196044921875], [0.0, 0.0, 0.0, 1.0]], [[0.012078595347702503, -0.999718427658081, -0.02042578160762787, 0.00830078125], [0.013116537593305111, 0.020583920180797577, -0.9997020959854126, 1.4827957153320312], [0.9998409152030945, 0.011807013303041458, 0.013361467979848385, -1.533294677734375], [0.0, 0.0, 0.0, 1.0]], [[-0.8431717157363892, -0.5370967984199524, -0.02425948902964592, 0.958251953125], [0.021116621792316437, 0.012004158459603786, -0.9997049570083618, 1.4963855743408203], [0.537229597568512, -0.8434352874755859, 0.001220103120431304, -1.1929931640625], [0.0, 0.0, 0.0, 1.0]], [[0.9478546977043152, 0.3186641037464142, 0.004962308797985315, -1.13507080078125], [-0.003995287697762251, 0.027450066059827805, -0.9996151328086853, 1.5620079040527344], [-0.31867772340774536, 0.9474701285362244, 0.027291826903820038, -0.158935546875], [0.0, 0.0, 0.0, 1.0]], [[0.008626513183116913, 0.9997667670249939, 0.019800981506705284, -0.0283203125], [-0.0019172023748978972, 0.019818218424916267, -0.999801754951477, 1.5679397583007812], [-0.9999608993530273, 0.008586827665567398, 0.0020877174101769924, -0.01885986328125], [0.0, 0.0, 0.0, 1.0]], [[-0.924087405204773, 0.3821682631969452, -0.0031330606434494257, 1.0542449951171875], [0.002152105327695608, -0.0029942463152110577, -0.9999932050704956, 1.5480594635009766], [-0.3821750283241272, -0.9240879416465759, 0.0019444809295237064, -0.0875244140625], [0.0, 0.0, 0.0, 1.0]]], "view": [[0.0, -2.0, 100.0], [-2.0, 0.0, 100.0], [0.0, 0.0, 1.0]], "bev": "bev_bf71159a4c6a49059664d4403d7d884d.png", "aux": "aux_bf71159a4c6a49059664d4403d7d884d.npz", "visibility": "visibility_bf71159a4c6a49059664d4403d7d884d.png", "pose": [[-0.820368766784668, -0.5718348622322083, 0.0, 1273.489501953125], [0.5718348622322083, -0.820368766784668, 0.0, 1070.5731201171875], [0.0, 0.0, 1.0, 0.0], [0.0, 0.0, 0.0, 1.0]], "pose_inverse": [[-0.820368766784668, 0.5718348622322083, 0.0, 432.5400085449219], [-0.5718348622322083, -0.820368766784668, 0.0, 1606.490478515625], [0.0, 0.0, 1.0, 0.0], [0.0, 0.0, 0.0, 1.0]], "cam_ids": [0, 1, 2, 3, 4, 5], "cam_channels": ["CAM_FRONT_LEFT", "CAM_FRONT", "CAM_FRONT_RIGHT", "CAM_BACK_LEFT", "CAM_BACK", "CAM_BACK_RIGHT"], "token": "bf71159a4c6a49059664d4403d7d884d", "scene": "scene-0706"}, {"images": ["samples/CAM_FRONT_LEFT/n008-2018-08-29-16-04-13-0400__CAM_FRONT_LEFT__1535573323254799.jpg", "samples/CAM_FRONT/n008-2018-08-29-16-04-13-0400__CAM_FRONT__1535573323262404.jpg", "samples/CAM_FRONT_RIGHT/n008-2018-08-29-16-04-13-0400__CAM_FRONT_RIGHT__1535573323270482.jpg", "samples/CAM_BACK_LEFT/n008-2018-08-29-16-04-13-0400__CAM_BACK_LEFT__1535573323297405.jpg", "samples/CAM_BACK/n008-2018-08-29-16-04-13-0400__CAM_BACK__1535573323287558.jpg", "samples/CAM_BACK_RIGHT/n008-2018-08-29-16-04-13-0400__CAM_BACK_RIGHT__1535573323278113.jpg"], "intrinsics": [[[1257.8625342125129, 0.0, 827.2410631095686], [0.0, 1257.8625342125129, 450.915498205774], [0.0, 0.0, 1.0]], [[1252.8131021185304, 0.0, 826.588114781398], [0.0, 1252.8131021185304, 469.9846626224581], [0.0, 0.0, 1.0]], [[1256.7485116440405, 0.0, 817.7887570959712], [0.0, 1256.7485116440403, 451.9541780095127], [0.0, 0.0, 1.0]], [[1254.9860565800168, 0.0, 829.5769333630991], [0.0, 1254.9860565800168, 467.1680561863987], [0.0, 0.0, 1.0]], [[796.8910634503094, 0.0, 857.7774326863696], [0.0, 796.8910634503094, 476.8848988407415], [0.0, 0.0, 1.0]], [[1249.9629280788233, 0.0, 825.3768045375984], [0.0, 1249.9629280788233, 462.54816385708756], [0.0, 0.0, 1.0]]], "extrinsics": [[[0.8236436247825623, -0.5671044588088989, -0.0019431218970566988, -0.81280517578125], [0.014733309857547283, 0.024823132902383804, -0.9995833039283752, 1.4916801452636719], [0.5669164061546326, 0.8232717514038086, 0.028800740838050842, -1.2030029296875], [0.0, 0.0, 0.0, 1.0]], [[0.011994724161922932, -0.999717652797699, -0.02051144279539585, 0.0091552734375], [0.016804847866296768, 0.020711563527584076, -0.9996442794799805, 1.4833717346191406], [0.9997867941856384, 0.011645822785794735, 0.017048532143235207, -1.5418701171875], [0.0, 0.0, 0.0, 1.0]], [[-0.8430963754653931, -0.5370596647262573, -0.02748354896903038, 0.9639892578125], [0.024930350482463837, 0.012017902918159962, -0.9996169209480286, 1.4968204498291016], [0.5371842384338379, -0.8434587121009827, 0.003256832016631961, -1.1954345703125], [0.0, 0.0, 0.0, 1.0]], [[0.947822093963623, 0.31868377327919006, 0.008597536012530327, -1.13348388671875], [-7.474495214410126e-05, 0.02719060331583023, -0.9996302723884583, 1.562042236328125], [-0.3187996447086334, 0.947471022605896, 0.025795675814151764, -0.1597900390625], [0.0, 0.0, 0.0, 1.0]], [[0.00851937010884285, 0.9997701048851013, 0.019676607102155685, -0.02880859375], [0.0017929570749402046, 0.01966201700270176, -0.9998050332069397, 1.5681610107421875], [-0.9999621510505676, 0.008552974089980125, -0.0016250372864305973, -0.01788330078125], [0.0, 0.0, 0.0, 1.0]], [[-0.9240881204605103, 0.3821219205856323, -0.006634240038692951, 1.0574798583984375], [0.005912311840802431, -0.0030634114518761635, -0.9999777674674988, 1.5484728813171387], [-0.382133811712265, -0.9241068363189697, 0.0005716389277949929, -0.0853271484375], [0.0, 0.0, 0.0, 1.0]]], "view": [[0.0, -2.0, 100.0], [-2.0, 0.0, 100.0], [0.0, 0.0, 1.0]], "bev": "bev_3bfeb2073da541e5803d5507ca342288.png", "aux": "aux_3bfeb2073da541e5803d5507ca342288.npz", "visibility": "visibility_3bfeb2073da541e5803d5507ca342288.png", "pose": [[-0.8081832528114319, -0.5889310836791992, 0.0, 1271.329345703125], [0.5889310836791992, -0.8081832528114319, 0.0, 1072.1279296875], [0.0, 0.0, 1.0, 0.0], [0.0, 0.0, 0.0, 1.0]], "pose_inverse": [[-0.8081832528114319, 0.5889310836791992, 0.0, 396.05767822265625], [-0.5889310836791992, -0.8081832528114319, 0.0, 1615.201171875], [0.0, 0.0, 1.0, 0.0], [0.0, 0.0, 0.0, 1.0]], "cam_ids": [0, 1, 2, 3, 4, 5], "cam_channels": ["CAM_FRONT_LEFT", "CAM_FRONT", "CAM_FRONT_RIGHT", "CAM_BACK_LEFT", "CAM_BACK", "CAM_BACK_RIGHT"], "token": "3bfeb2073da541e5803d5507ca342288", "scene": "scene-0706"}, {"images": ["samples/CAM_FRONT_LEFT/n008-2018-08-29-16-04-13-0400__CAM_FRONT_LEFT__1535573323754799.jpg", "samples/CAM_FRONT/n008-2018-08-29-16-04-13-0400__CAM_FRONT__1535573323762404.jpg", "samples/CAM_FRONT_RIGHT/n008-2018-08-29-16-04-13-0400__CAM_FRONT_RIGHT__1535573323770482.jpg", "samples/CAM_BACK_LEFT/n008-2018-08-29-16-04-13-0400__CAM_BACK_LEFT__1535573323797405.jpg", "samples/CAM_BACK/n008-2018-08-29-16-04-13-0400__CAM_BACK__1535573323787558.jpg", "samples/CAM_BACK_RIGHT/n008-2018-08-29-16-04-13-0400__CAM_BACK_RIGHT__1535573323778113.jpg"], "intrinsics": [[[1257.8625342125129, 0.0, 827.2410631095686], [0.0, 1257.8625342125129, 450.915498205774], [0.0, 0.0, 1.0]], [[1252.8131021185304, 0.0, 826.588114781398], [0.0, 1252.8131021185304, 469.9846626224581], [0.0, 0.0, 1.0]], [[1256.7485116440405, 0.0, 817.7887570959712], [0.0, 1256.7485116440403, 451.9541780095127], [0.0, 0.0, 1.0]], [[1254.9860565800168, 0.0, 829.5769333630991], [0.0, 1254.9860565800168, 467.1680561863987], [0.0, 0.0, 1.0]], [[796.8910634503094, 0.0, 857.7774326863696], [0.0, 796.8910634503094, 476.8848988407415], [0.0, 0.0, 1.0]], [[1249.9629280788233, 0.0, 825.3768045375984], [0.0, 1249.9629280788233, 462.54816385708756], [0.0, 0.0, 1.0]]], "extrinsics": [[[0.8225947022438049, -0.5686265230178833, -0.0013316699769347906, -0.8023681640625], [0.01597120426595211, 0.02544534206390381, -0.999548614025116, 1.4921722412109375], [0.5684037804603577, 0.822202205657959, 0.03001285344362259, -1.1949462890625], [0.0, 0.0, 0.0, 1.0]], [[0.010488439351320267, -0.999724268913269, -0.021012410521507263, 0.0086669921875], [0.017940236255526543, 0.021198319271206856, -0.9996142983436584, 1.4838066101074219], [0.999783992767334, 0.01010737195611, 0.01815762370824814, -1.53045654296875], [0.0, 0.0, 0.0, 1.0]], [[-0.8437139987945557, -0.536034107208252, -0.028532588854432106, 0.9554443359375], [0.025948401540517807, 0.012364457361400127, -0.9995867609977722, 1.4972305297851562], [0.5361654162406921, -0.8441058397293091, 0.0034771619830280542, -1.1907958984375], [0.0, 0.0, 0.0, 1.0]], [[0.947843611240387, 0.31860244274139404, 0.009222428314387798, -1.13079833984375], [0.0006060416926629841, 0.02713286317884922, -0.9996317028999329, 1.5620536804199219], [-0.3187353312969208, 0.9475000500679016, 0.025524623692035675, -0.1605224609375], [0.0, 0.0, 0.0, 1.0]], [[0.0090022636577487, 0.9997637867927551, 0.01978156343102455, -0.0283203125], [0.002634234493598342, 0.01975858584046364, -0.9998012781143188, 1.5682334899902344], [-0.9999561309814453, 0.009052667766809464, -0.002455740002915263, -0.023284912109375], [0.0, 0.0, 0.0, 1.0]], [[-0.9237388372421265, 0.38295164704322815, -0.007393454201519489, 1.05023193359375], [0.006837214808911085, -0.002813546685501933, -0.9999726414680481, 1.548628568649292], [-0.3829618990421295, -0.9237641096115112, -1.933955900312867e-05, -0.0888671875], [0.0, 0.0, 0.0, 1.0]]], "view": [[0.0, -2.0, 100.0], [-2.0, 0.0, 100.0], [0.0, 0.0, 1.0]], "bev": "bev_ee65b58a427542cdb9ee578448edeb37.png", "aux": "aux_ee65b58a427542cdb9ee578448edeb37.npz", "visibility": "visibility_ee65b58a427542cdb9ee578448edeb37.png", "pose": [[-0.8004143834114075, -0.5994471311569214, 0.0, 1269.2100830078125], [0.5994471311569214, -0.8004143834114075, 0.0, 1073.729248046875], [0.0, 0.0, 1.0, 0.0], [0.0, 0.0, 0.0, 1.0]], "pose_inverse": [[-0.8004143834114075, 0.5994471311569214, 0.0, 372.2500915527344], [-0.5994471311569214, -0.8004143834114075, 0.0, 1620.252685546875], [0.0, 0.0, 1.0, 0.0], [0.0, 0.0, 0.0, 1.0]], "cam_ids": [0, 1, 2, 3, 4, 5], "cam_channels": ["CAM_FRONT_LEFT", "CAM_FRONT", "CAM_FRONT_RIGHT", "CAM_BACK_LEFT", "CAM_BACK", "CAM_BACK_RIGHT"], "token": "ee65b58a427542cdb9ee578448edeb37", "scene": "scene-0706"}, {"images": ["samples/CAM_FRONT_LEFT/n008-2018-08-29-16-04-13-0400__CAM_FRONT_LEFT__1535573324254799.jpg", "samples/CAM_FRONT/n008-2018-08-29-16-04-13-0400__CAM_FRONT__1535573324262404.jpg", "samples/CAM_FRONT_RIGHT/n008-2018-08-29-16-04-13-0400__CAM_FRONT_RIGHT__1535573324270482.jpg", "samples/CAM_BACK_LEFT/n008-2018-08-29-16-04-13-0400__CAM_BACK_LEFT__1535573324297405.jpg", "samples/CAM_BACK/n008-2018-08-29-16-04-13-0400__CAM_BACK__1535573324287558.jpg", "samples/CAM_BACK_RIGHT/n008-2018-08-29-16-04-13-0400__CAM_BACK_RIGHT__1535573324278113.jpg"], "intrinsics": [[[1257.8625342125129, 0.0, 827.2410631095686], [0.0, 1257.8625342125129, 450.915498205774], [0.0, 0.0, 1.0]], [[1252.8131021185304, 0.0, 826.588114781398], [0.0, 1252.8131021185304, 469.9846626224581], [0.0, 0.0, 1.0]], [[1256.7485116440405, 0.0, 817.7887570959712], [0.0, 1256.7485116440403, 451.9541780095127], [0.0, 0.0, 1.0]], [[1254.9860565800168, 0.0, 829.5769333630991], [0.0, 1254.9860565800168, 467.1680561863987], [0.0, 0.0, 1.0]], [[796.8910634503094, 0.0, 857.7774326863696], [0.0, 796.8910634503094, 476.8848988407415], [0.0, 0.0, 1.0]], [[1249.9629280788233, 0.0, 825.3768045375984], [0.0, 1249.9629280788233, 462.54816385708756], [0.0, 0.0, 1.0]]], "extrinsics": [[[0.8224841356277466, -0.5686891078948975, -0.010607506148517132, -0.79119873046875], [0.00531081622466445, 0.026326756924390793, -0.9996392726898193, 1.4895782470703125], [0.5687633156776428, 0.8221310973167419, 0.024673542007803917, -1.189453125], [0.0, 0.0, 0.0, 1.0]], [[0.010153612121939659, -0.9997068047523499, -0.02198081463575363, 0.010009765625], [0.007234078366309404, 0.02205481007695198, -0.9997305870056152, 1.481658935546875], [0.9999222755432129, 0.009991858154535294, 0.007455893326550722, -1.520233154296875], [0.0, 0.0, 0.0, 1.0]], [[-0.8440432548522949, -0.5359037518501282, -0.019953249022364616, 0.94921875], [0.01524056401103735, 0.013221574015915394, -0.9997963905334473, 1.4956188201904297], [0.5360584855079651, -0.8441755771636963, -0.0029921066015958786, -1.185546875], [0.0, 0.0, 0.0, 1.0]], [[0.9478850364685059, 0.3186122179031372, -0.000548080017324537, -1.13092041015625], [-0.010042566806077957, 0.02815762534737587, -0.9995530247688293, 1.5619049072265625], [-0.3184543550014496, 0.9474667906761169, 0.029889877885580063, -0.1605224609375], [0.0, 0.0, 0.0, 1.0]], [[0.009281443431973457, 0.9997444748878479, 0.02061420865356922, -0.02880859375], [-0.007975073531270027, 0.02068844810128212, -0.9997541308403015, 1.5674800872802734], [-0.9999251365661621, 0.009114821441471577, 0.008165054023265839, -0.0262451171875], [0.0, 0.0, 0.0, 1.0]], [[-0.9237092137336731, 0.3830839991569519, 0.0027907537296414375, 1.044647216796875], [-0.003825652878731489, -0.0019396861316636205, -0.9999907612800598, 1.5473356246948242], [-0.38307514786720276, -0.9237114787101746, 0.003257252275943756, -0.0904541015625], [0.0, 0.0, 0.0, 1.0]]], "view": [[0.0, -2.0, 100.0], [-2.0, 0.0, 100.0], [0.0, 0.0, 1.0]], "bev": "bev_5ac78486e61544cb9ee2f33a119d4c32.png", "aux": "aux_5ac78486e61544cb9ee2f33a119d4c32.npz", "visibility": "visibility_5ac78486e61544cb9ee2f33a119d4c32.png", "pose": [[-0.8017895221710205, -0.5976065397262573, 0.0, 1267.0047607421875], [0.5976065397262573, -0.8017895221710205, 0.0, 1075.3980712890625], [0.0, 0.0, 1.0, 0.0], [0.0, 0.0, 0.0, 1.0]], "pose_inverse": [[-0.8017895221710205, 0.5976065397262573, 0.0, 373.2062072753906], [-0.5976065397262573, -0.8017895221710205, 0.0, 1619.4132080078125], [0.0, 0.0, 1.0, 0.0], [0.0, 0.0, 0.0, 1.0]], "cam_ids": [0, 1, 2, 3, 4, 5], "cam_channels": ["CAM_FRONT_LEFT", "CAM_FRONT", "CAM_FRONT_RIGHT", "CAM_BACK_LEFT", "CAM_BACK", "CAM_BACK_RIGHT"], "token": "5ac78486e61544cb9ee2f33a119d4c32", "scene": "scene-0706"}, {"images": ["samples/CAM_FRONT_LEFT/n008-2018-08-29-16-04-13-0400__CAM_FRONT_LEFT__1535573324754799.jpg", "samples/CAM_FRONT/n008-2018-08-29-16-04-13-0400__CAM_FRONT__1535573324762404.jpg", "samples/CAM_FRONT_RIGHT/n008-2018-08-29-16-04-13-0400__CAM_FRONT_RIGHT__1535573324770482.jpg", "samples/CAM_BACK_LEFT/n008-2018-08-29-16-04-13-0400__CAM_BACK_LEFT__1535573324797405.jpg", "samples/CAM_BACK/n008-2018-08-29-16-04-13-0400__CAM_BACK__1535573324787558.jpg", "samples/CAM_BACK_RIGHT/n008-2018-08-29-16-04-13-0400__CAM_BACK_RIGHT__1535573324778113.jpg"], "intrinsics": [[[1257.8625342125129, 0.0, 827.2410631095686], [0.0, 1257.8625342125129, 450.915498205774], [0.0, 0.0, 1.0]], [[1252.8131021185304, 0.0, 826.588114781398], [0.0, 1252.8131021185304, 469.9846626224581], [0.0, 0.0, 1.0]], [[1256.7485116440405, 0.0, 817.7887570959712], [0.0, 1256.7485116440403, 451.9541780095127], [0.0, 0.0, 1.0]], [[1254.9860565800168, 0.0, 829.5769333630991], [0.0, 1254.9860565800168, 467.1680561863987], [0.0, 0.0, 1.0]], [[796.8910634503094, 0.0, 857.7774326863696], [0.0, 796.8910634503094, 476.8848988407415], [0.0, 0.0, 1.0]], [[1249.9629280788233, 0.0, 825.3768045375984], [0.0, 1249.9629280788233, 462.54816385708756], [0.0, 0.0, 1.0]]], "extrinsics": [[[0.8218798041343689, -0.5696094036102295, -0.0076637412421405315, -0.78216552734375], [0.01160981971770525, 0.030198954045772552, -0.999476432800293, 1.4914360046386719], [0.5695427060127258, 0.8213606476783752, 0.031432971358299255, -1.1790771484375], [0.0, 0.0, 0.0, 1.0]], [[0.009268463589251041, -0.9996174573898315, -0.026058172807097435, 0.007568359375], [0.013678276911377907, 0.0261835940182209, -0.9995635747909546, 1.4832649230957031], [0.9998635053634644, 0.008907971903681755, 0.013915727846324444, -1.508087158203125], [0.0, 0.0, 0.0, 1.0]], [[-0.8443775177001953, -0.5350300669670105, -0.027739105746150017, 0.9388427734375], [0.021683545783162117, 0.01760496199131012, -0.9996098279953003, 1.4969673156738281], [0.5353097319602966, -0.844649612903595, -0.0032638884149491787, -1.181396484375], [0.0, 0.0, 0.0, 1.0]], [[0.9479142427444458, 0.31844618916511536, 0.007106960751116276, -1.1275634765625], [-0.0036374491173774004, 0.03313276171684265, -0.999444305896759, 1.5619773864746094], [-0.3185047507286072, 0.9473617076873779, 0.03256535157561302, -0.16162109375], [0.0, 0.0, 0.0, 1.0]], [[0.009602219797670841, 0.9996289610862732, 0.025488268584012985, -0.028076171875], [-0.0015683231176808476, 0.025504468008875847, -0.9996734261512756, 1.5679397583007812], [-0.9999527335166931, 0.009559123776853085, 0.0018126408103853464, -0.032958984375], [0.0, 0.0, 0.0, 1.0]], [[-0.9234201312065125, 0.3837883174419403, -0.0013653200585395098, 1.036407470703125], [0.002589376410469413, 0.002672752598300576, -0.9999930262565613, 1.5481619834899902], [-0.3837819993495941, -0.9234172701835632, -0.0034618473146110773, -0.095458984375], [0.0, 0.0, 0.0, 1.0]]], "view": [[0.0, -2.0, 100.0], [-2.0, 0.0, 100.0], [0.0, 0.0, 1.0]], "bev": "bev_fc393ec489ce4b199decdd7539e6a609.png", "aux": "aux_fc393ec489ce4b199decdd7539e6a609.npz", "visibility": "visibility_fc393ec489ce4b199decdd7539e6a609.png", "pose": [[-0.806631326675415, -0.5910549163818359, 0.0, 1264.6204833984375], [0.5910549163818359, -0.806631326675415, 0.0, 1077.17822265625], [0.0, 0.0, 1.0, 0.0], [0.0, 0.0, 0.0, 1.0]], "pose_inverse": [[-0.806631326675415, 0.5910549163818359, 0.0, 383.4110107421875], [-0.5910549163818359, -0.806631326675415, 0.0, 1616.3458251953125], [0.0, 0.0, 1.0, 0.0], [0.0, 0.0, 0.0, 1.0]], "cam_ids": [0, 1, 2, 3, 4, 5], "cam_channels": ["CAM_FRONT_LEFT", "CAM_FRONT", "CAM_FRONT_RIGHT", "CAM_BACK_LEFT", "CAM_BACK", "CAM_BACK_RIGHT"], "token": "fc393ec489ce4b199decdd7539e6a609", "scene": "scene-0706"}, {"images": ["samples/CAM_FRONT_LEFT/n008-2018-08-29-16-04-13-0400__CAM_FRONT_LEFT__1535573325254799.jpg", "samples/CAM_FRONT/n008-2018-08-29-16-04-13-0400__CAM_FRONT__1535573325262404.jpg", "samples/CAM_FRONT_RIGHT/n008-2018-08-29-16-04-13-0400__CAM_FRONT_RIGHT__1535573325270482.jpg", "samples/CAM_BACK_LEFT/n008-2018-08-29-16-04-13-0400__CAM_BACK_LEFT__1535573325297405.jpg", "samples/CAM_BACK/n008-2018-08-29-16-04-13-0400__CAM_BACK__1535573325287558.jpg", "samples/CAM_BACK_RIGHT/n008-2018-08-29-16-04-13-0400__CAM_BACK_RIGHT__1535573325278113.jpg"], "intrinsics": [[[1257.8625342125129, 0.0, 827.2410631095686], [0.0, 1257.8625342125129, 450.915498205774], [0.0, 0.0, 1.0]], [[1252.8131021185304, 0.0, 826.588114781398], [0.0, 1252.8131021185304, 469.9846626224581], [0.0, 0.0, 1.0]], [[1256.7485116440405, 0.0, 817.7887570959712], [0.0, 1256.7485116440403, 451.9541780095127], [0.0, 0.0, 1.0]], [[1254.9860565800168, 0.0, 829.5769333630991], [0.0, 1254.9860565800168, 467.1680561863987], [0.0, 0.0, 1.0]], [[796.8910634503094, 0.0, 857.7774326863696], [0.0, 796.8910634503094, 476.8848988407415], [0.0, 0.0, 1.0]], [[1249.9629280788233, 0.0, 825.3768045375984], [0.0, 1249.9629280788233, 462.54816385708756], [0.0, 0.0, 1.0]]], "extrinsics": [[[0.8220660090446472, -0.5692741274833679, -0.01159725058823824, -0.7811279296875], [0.009093080647289753, 0.033490680158138275, -0.9993976354598999, 1.4906425476074219], [0.5693196058273315, 0.8214654922485352, 0.032708004117012024, -1.182373046875], [0.0, 0.0, 0.0, 1.0]], [[0.009581032209098339, -0.9995251893997192, -0.029285503551363945, 0.01025390625], [0.010978877544403076, 0.029390232637524605, -0.9995077252388, 1.4825592041015625], [0.9998939037322998, 0.009254814125597477, 0.011255252175033092, -1.509521484375], [0.0, 0.0, 0.0, 1.0]], [[-0.844238817691803, -0.5352744460105896, -0.02724389359354973, 0.941650390625], [0.01911817491054535, 0.0207234974950552, -0.9996024370193481, 1.4964256286621094], [0.535626232624054, -0.8444240093231201, -0.007262110710144043, -1.1806640625], [0.0, 0.0, 0.0, 1.0]], [[0.9479159116744995, 0.3184676766395569, 0.005805233493447304, -1.12579345703125], [-0.006020689848810434, 0.0361369289457798, -0.9993286728858948, 1.5619163513183594], [-0.3184637725353241, 0.9472446441650391, 0.03617216274142265, -0.162353515625], [0.0, 0.0, 0.0, 1.0]], [[0.0094601446762681, 0.9995501041412354, 0.028463089838624, -0.0291748046875], [-0.004052098374813795, 0.02850244753062725, -0.9995855093002319, 1.5677223205566406], [-0.9999471306800842, 0.009340841323137283, 0.004319912753999233, -0.03271484375], [0.0, 0.0, 0.0, 1.0]], [[-0.9235609173774719, 0.38344597816467285, 0.002097871620208025, 1.0374755859375], [0.00010082683729706332, 0.005713859107345343, -0.9999836683273315, 1.5478153228759766], [-0.3834516704082489, -0.9235455989837646, -0.005315757356584072, -0.093017578125], [0.0, 0.0, 0.0, 1.0]]], "view": [[0.0, -2.0, 100.0], [-2.0, 0.0, 100.0], [0.0, 0.0, 1.0]], "bev": "bev_bbf8e9ded4854de49314f97afd646168.png", "aux": "aux_bbf8e9ded4854de49314f97afd646168.npz", "visibility": "visibility_bbf8e9ded4854de49314f97afd646168.png", "pose": [[-0.8123679161071777, -0.583145260810852, 0.0, 1262.196533203125], [0.583145260810852, -0.8123679161071777, 0.0, 1078.96630859375], [0.0, 0.0, 1.0, 0.0], [0.0, 0.0, 0.0, 1.0]], "pose_inverse": [[-0.8123679161071777, 0.583145260810852, 0.0, 396.1738586425781], [-0.583145260810852, -0.8123679161071777, 0.0, 1612.5615234375], [0.0, 0.0, 1.0, 0.0], [0.0, 0.0, 0.0, 1.0]], "cam_ids": [0, 1, 2, 3, 4, 5], "cam_channels": ["CAM_FRONT_LEFT", "CAM_FRONT", "CAM_FRONT_RIGHT", "CAM_BACK_LEFT", "CAM_BACK", "CAM_BACK_RIGHT"], "token": "bbf8e9ded4854de49314f97afd646168", "scene": "scene-0706"}, {"images": ["samples/CAM_FRONT_LEFT/n008-2018-08-29-16-04-13-0400__CAM_FRONT_LEFT__1535573325754799.jpg", "samples/CAM_FRONT/n008-2018-08-29-16-04-13-0400__CAM_FRONT__1535573325762404.jpg", "samples/CAM_FRONT_RIGHT/n008-2018-08-29-16-04-13-0400__CAM_FRONT_RIGHT__1535573325770482.jpg", "samples/CAM_BACK_LEFT/n008-2018-08-29-16-04-13-0400__CAM_BACK_LEFT__1535573325797405.jpg", "samples/CAM_BACK/n008-2018-08-29-16-04-13-0400__CAM_BACK__1535573325787558.jpg", "samples/CAM_BACK_RIGHT/n008-2018-08-29-16-04-13-0400__CAM_BACK_RIGHT__1535573325778113.jpg"], "intrinsics": [[[1257.8625342125129, 0.0, 827.2410631095686], [0.0, 1257.8625342125129, 450.915498205774], [0.0, 0.0, 1.0]], [[1252.8131021185304, 0.0, 826.588114781398], [0.0, 1252.8131021185304, 469.9846626224581], [0.0, 0.0, 1.0]], [[1256.7485116440405, 0.0, 817.7887570959712], [0.0, 1256.7485116440403, 451.9541780095127], [0.0, 0.0, 1.0]], [[1254.9860565800168, 0.0, 829.5769333630991], [0.0, 1254.9860565800168, 467.1680561863987], [0.0, 0.0, 1.0]], [[796.8910634503094, 0.0, 857.7774326863696], [0.0, 796.8910634503094, 476.8848988407415], [0.0, 0.0, 1.0]], [[1249.9629280788233, 0.0, 825.3768045375984], [0.0, 1249.9629280788233, 462.54816385708756], [0.0, 0.0, 1.0]]], "extrinsics": [[[0.8219069838523865, -0.5695439577102661, -0.009409831836819649, -0.7896728515625], [0.012375358492136002, 0.03436950966715813, -0.9993325471878052, 1.4914588928222656], [0.5694872140884399, 0.8212420344352722, 0.03529685363173485, -1.1866455078125], [0.0, 0.0, 0.0, 1.0]], [[0.00933697447180748, -0.9995010495185852, -0.030171923339366913, 0.0086669921875], [0.014262787997722626, 0.030303284525871277, -0.999439001083374, 1.4832267761230469], [0.9998546242713928, 0.008901420049369335, 0.014538612216711044, -1.51702880859375], [0.0, 0.0, 0.0, 1.0]], [[-0.8443240523338318, -0.5349714159965515, -0.030371930450201035, 0.946044921875], [0.02224699594080448, 0.02163410745561123, -0.9995183944702148, 1.4968757629394531], [0.5353708863258362, -0.8445931077003479, -0.006364688742905855, -1.184814453125], [0.0, 0.0, 0.0, 1.0]], [[0.9479160904884338, 0.3183976709842682, 0.008829283528029919, -1.126953125], [-0.00306096114218235, 0.03682434931397438, -0.9993171095848083, 1.561981201171875], [-0.3185053765773773, 0.9472416639328003, 0.03588099777698517, -0.161865234375], [0.0, 0.0, 0.0, 1.0]], [[0.009557225741446018, 0.9995249509811401, 0.02929910644888878, -0.0283203125], [-0.000954260234721005, 0.029309546574950218, -0.9995698928833008, 1.5679817199707031], [-0.999953925