[{"images": ["samples/CAM_FRONT_LEFT/n008-2018-07-27-12-07-38-0400__CAM_FRONT_LEFT__1532707765104799.jpg", "samples/CAM_FRONT/n008-2018-07-27-12-07-38-0400__CAM_FRONT__1532707765112404.jpg", "samples/CAM_FRONT_RIGHT/n008-2018-07-27-12-07-38-0400__CAM_FRONT_RIGHT__1532707765120488.jpg", "samples/CAM_BACK_LEFT/n008-2018-07-27-12-07-38-0400__CAM_BACK_LEFT__1532707765147405.jpg", "samples/CAM_BACK/n008-2018-07-27-12-07-38-0400__CAM_BACK__1532707765137558.jpg", "samples/CAM_BACK_RIGHT/n008-2018-07-27-12-07-38-0400__CAM_BACK_RIGHT__1532707765128113.jpg"], "intrinsics": [[[1257.8625342125129, 0.0, 827.2410631095686], [0.0, 1257.8625342125129, 450.915498205774], [0.0, 0.0, 1.0]], [[1252.8131021185304, 0.0, 826.588114781398], [0.0, 1252.8131021185304, 469.9846626224581], [0.0, 0.0, 1.0]], [[1256.7485116440405, 0.0, 817.7887570959712], [0.0, 1256.7485116440403, 451.9541780095127], [0.0, 0.0, 1.0]], [[1254.9860565800168, 0.0, 829.5769333630991], [0.0, 1254.9860565800168, 467.1680561863987], [0.0, 0.0, 1.0]], [[796.8910634503094, 0.0, 857.7774326863696], [0.0, 796.8910634503094, 476.8848988407415], [0.0, 0.0, 1.0]], [[1249.9629280788233, 0.0, 825.3768045375984], [0.0, 1249.9629280788233, 462.54816385708756], [0.0, 0.0, 1.0]]], "extrinsics": [[[0.8224866390228271, -0.5687832236289978, -0.0012063244357705116, -1.0006103515625], [0.009427779354155064, 0.015753529965877533, -0.9998314380645752, 1.4883441925048828], [0.5687063932418823, 0.8223366141319275, 0.018319427967071533, -1.330322265625], [0.0, 0.0, 0.0, 1.0]], [[0.010197148658335209, -0.9998809695243835, -0.011581799015402794, 0.005615234375], [0.011527320370078087, 0.011699175462126732, -0.9998651742935181, 1.480215072631836], [0.9998816251754761, 0.01006226520985365, 0.011645244434475899, -1.73028564453125], [0.0, 0.0, 0.0, 1.0]], [[-0.8439675569534302, -0.5360828042030334, -0.0182782132178545, 1.088104248046875], [0.019702432677149773, 0.0030711053404957056, -0.9998011589050293, 1.4931373596191406], [0.5360323190689087, -0.8441599011421204, 0.007970219478011131, -1.275146484375], [0.0, 0.0, 0.0, 1.0]], [[0.947882890701294, 0.31861692667007446, 0.0010979564394801855, -1.1436996459960938], [-0.005033542402088642, 0.018420130014419556, -0.9998176693916321, 1.5620384216308594], [-0.3185791075229645, 0.947704553604126, 0.01906389743089676, -0.15625], [0.0, 0.0, 0.0, 1.0]], [[0.00920931901782751, 0.9998992681503296, 0.010803988203406334, -0.029052734375], [-0.00312814861536026, 0.010833200998604298, -0.9999364018440247, 1.5680561065673828], [-0.9999527335166931, 0.009174935519695282, 0.0032275994308292866, 0.04290771484375], [0.0, 0.0, 0.0, 1.0]], [[-0.9237003326416016, 0.38307860493659973, -0.005330233834683895, 1.1583251953125], [0.0008190808584913611, -0.011938195675611496, -0.9999284148216248, 1.5478172302246094], [-0.3831147849559784, -0.923638641834259, 0.010713543742895126, -0.044189453125], [0.0, 0.0, 0.0, 1.0]]], "view": [[0.0, -2.0, 100.0], [-2.0, 0.0, 100.0], [0.0, 0.0, 1.0]], "bev": "bev_d71fcb840b2e4dfea958cc4a7eb69a6e.png", "aux": "aux_d71fcb840b2e4dfea958cc4a7eb69a6e.npz", "visibility": "visibility_d71fcb840b2e4dfea958cc4a7eb69a6e.png", "pose": [[-0.0020225471816956997, -0.9999979734420776, 0.0, 2272.4169921875], [0.9999979734420776, -0.0020225471816956997, 0.0, 868.1594848632812], [0.0, 0.0, 1.0, 0.0], [0.0, 0.0, 0.0, 1.0]], "pose_inverse": [[-0.0020225471816956997, 0.9999979734420776, 0.0, -863.5616455078125], [-0.9999979734420776, -0.0020225471816956997, 0.0, 2274.168212890625], [0.0, 0.0, 1.0, 0.0], [0.0, 0.0, 0.0, 1.0]], "cam_ids": [0, 1, 2, 3, 4, 5], "cam_channels": ["CAM_FRONT_LEFT", "CAM_FRONT", "CAM_FRONT_RIGHT", "CAM_BACK_LEFT", "CAM_BACK", "CAM_BACK_RIGHT"], "token": "d71fcb840b2e4dfea958cc4a7eb69a6e", "scene": "scene-0219"}, {"images": ["samples/CAM_FRONT_LEFT/n008-2018-07-27-12-07-38-0400__CAM_FRONT_LEFT__1532707765654799.jpg", "samples/CAM_FRONT/n008-2018-07-27-12-07-38-0400__CAM_FRONT__1532707765662404.jpg", "samples/CAM_FRONT_RIGHT/n008-2018-07-27-12-07-38-0400__CAM_FRONT_RIGHT__1532707765670482.jpg", "samples/CAM_BACK_LEFT/n008-2018-07-27-12-07-38-0400__CAM_BACK_LEFT__1532707765697405.jpg", "samples/CAM_BACK/n008-2018-07-27-12-07-38-0400__CAM_BACK__1532707765687558.jpg", "samples/CAM_BACK_RIGHT/n008-2018-07-27-12-07-38-0400__CAM_BACK_RIGHT__1532707765678113.jpg"], "intrinsics": [[[1257.8625342125129, 0.0, 827.2410631095686], [0.0, 1257.8625342125129, 450.915498205774], [0.0, 0.0, 1.0]], [[1252.8131021185304, 0.0, 826.588114781398], [0.0, 1252.8131021185304, 469.9846626224581], [0.0, 0.0, 1.0]], [[1256.7485116440405, 0.0, 817.7887570959712], [0.0, 1256.7485116440403, 451.9541780095127], [0.0, 0.0, 1.0]], [[1254.9860565800168, 0.0, 829.5769333630991], [0.0, 1254.9860565800168, 467.1680561863987], [0.0, 0.0, 1.0]], [[796.8910634503094, 0.0, 857.7774326863696], [0.0, 796.8910634503094, 476.8848988407415], [0.0, 0.0, 1.0]], [[1249.9629280788233, 0.0, 825.3768045375984], [0.0, 1249.9629280788233, 462.54816385708756], [0.0, 0.0, 1.0]]], "extrinsics": [[[0.8225297331809998, -0.5687221884727478, -4.9236190534429625e-05, -1.0054931640625], [0.011119813658297062, 0.016168886795639992, -0.9998074769973755, 1.4882774353027344], [0.5686135292053223, 0.8223707675933838, 0.019623473286628723, -1.333984375], [0.0, 0.0, 0.0, 1.0]], [[0.010277840308845043, -0.9998762607574463, -0.01190954726189375, 0.005615234375], [0.01310916431248188, 0.01204388402402401, -0.999841570854187, 1.4801559448242188], [0.9998612999916077, 0.010120089165866375, 0.013231326825916767, -1.73529052734375], [0.0, 0.0, 0.0, 1.0]], [[-0.8439123034477234, -0.5361206531524658, -0.01966358907520771, 1.091156005859375], [0.02117105759680271, 0.003343567717820406, -0.9997702836990356, 1.4930610656738281], [0.5360633134841919, -0.8441346883773804, 0.008528563193976879, -1.277587890625], [0.0, 0.0, 0.0, 1.0]], [[0.9478771686553955, 0.31862959265708923, 0.0020419468637555838, -1.1439132690429688], [-0.004056082107126713, 0.018473640084266663, -0.999821126461029, 1.5620460510253906], [-0.3186103105545044, 0.9476993083953857, 0.018803127110004425, -0.15576171875], [0.0, 0.0, 0.0, 1.0]], [[0.009171339683234692, 0.9998981356620789, 0.010938850231468678, -0.02880859375], [-0.002004671609029174, 0.010957673192024231, -0.999937891960144, 1.5680618286132812], [-0.999955952167511, 0.009148841723799706, 0.002104963408783078, 0.0445556640625], [0.0, 0.0, 0.0, 1.0]], [[-0.9237075448036194, 0.38304364681243896, -0.006479573901742697, 1.160888671875], [0.002149042906239629, -0.011732413433492184, -0.999928891658783, 1.547811508178711], [-0.38309237360954285, -0.9236557483673096, 0.010014141909778118, -0.04345703125], [0.0, 0.0, 0.0, 1.0]]], "view": [[0.0, -2.0, 100.0], [-2.0, 0.0, 100.0], [0.0, 0.0, 1.0]], "bev": "bev_4e516e5f7b6d4115af4c364850cc4563.png", "aux": "aux_4e516e5f7b6d4115af4c364850cc4563.npz", "visibility": "visibility_4e516e5f7b6d4115af4c364850cc4563.png", "pose": [[-0.0020209357608109713, -0.9999979734420776, 0.0, 2272.419189453125], [0.9999979734420776, -0.0020209357608109713, 0.0, 868.1668090820312], [0.0, 0.0, 1.0, 0.0], [0.0, 0.0, 0.0, 1.0]], "pose_inverse": [[-0.0020209357608109713, 0.9999979734420776, 0.0, -863.5726318359375], [-0.9999979734420776, -0.0020209357608109713, 0.0, 2274.1689453125], [0.0, 0.0, 1.0, 0.0], [0.0, 0.0, 0.0, 1.0]], "cam_ids": [0, 1, 2, 3, 4, 5], "cam_channels": ["CAM_FRONT_LEFT", "CAM_FRONT", "CAM_FRONT_RIGHT", "CAM_BACK_LEFT", "CAM_BACK", "CAM_BACK_RIGHT"], "token": "4e516e5f7b6d4115af4c364850cc4563", "scene": "scene-0219"}, {"images": ["samples/CAM_FRONT_LEFT/n008-2018-07-27-12-07-38-0400__CAM_FRONT_LEFT__1532707766154799.jpg", "samples/CAM_FRONT/n008-2018-07-27-12-07-38-0400__CAM_FRONT__1532707766162404.jpg", "samples/CAM_FRONT_RIGHT/n008-2018-07-27-12-07-38-0400__CAM_FRONT_RIGHT__1532707766170482.jpg", "samples/CAM_BACK_LEFT/n008-2018-07-27-12-07-38-0400__CAM_BACK_LEFT__1532707766197405.jpg", "samples/CAM_BACK/n008-2018-07-27-12-07-38-0400__CAM_BACK__1532707766187558.jpg", "samples/CAM_BACK_RIGHT/n008-2018-07-27-12-07-38-0400__CAM_BACK_RIGHT__1532707766178113.jpg"], "intrinsics": [[[1257.8625342125129, 0.0, 827.2410631095686], [0.0, 1257.8625342125129, 450.915498205774], [0.0, 0.0, 1.0]], [[1252.8131021185304, 0.0, 826.588114781398], [0.0, 1252.8131021185304, 469.9846626224581], [0.0, 0.0, 1.0]], [[1256.7485116440405, 0.0, 817.7887570959712], [0.0, 1256.7485116440403, 451.9541780095127], [0.0, 0.0, 1.0]], [[1254.9860565800168, 0.0, 829.5769333630991], [0.0, 1254.9860565800168, 467.1680561863987], [0.0, 0.0, 1.0]], [[796.8910634503094, 0.0, 857.7774326863696], [0.0, 796.8910634503094, 476.8848988407415], [0.0, 0.0, 1.0]], [[1249.9629280788233, 0.0, 825.3768045375984], [0.0, 1249.9629280788233, 462.54816385708756], [0.0, 0.0, 1.0]]], "extrinsics": [[[0.8224996328353882, -0.5687652826309204, 0.0006178003386594355, -1.0050048828125], [0.01196327619254589, 0.01621427573263645, -0.9997969269752502, 1.4882850646972656], [0.5686397552490234, 0.8223400712013245, 0.02014053240418434, -1.333740234375], [0.0, 0.0, 0.0, 1.0]], [[0.01024919468909502, -0.999876081943512, -0.011943727731704712, 0.005615234375], [0.013951420783996582, 0.012086180038750172, -0.9998296499252319, 1.4801578521728516], [0.9998501539230347, 0.01008081529289484, 0.014073566533625126, -1.73480224609375], [0.0, 0.0, 0.0, 1.0]], [[-0.8439109921455383, -0.5360953211784363, -0.02039525844156742, 1.09075927734375], [0.02201436460018158, 0.0033800581004470587, -0.9997519254684448, 1.4930667877197266], [0.5360312461853027, -0.8441506624221802, 0.00894933007657528, -1.27783203125], [0.0, 0.0, 0.0, 1.0]], [[0.9478787779808044, 0.3186180591583252, 0.0028960963245481253, -1.1438751220703125], [-0.0031665260903537273, 0.018508264794945717, -0.9998236894607544, 1.562042236328125], [-0.31861549615859985, 0.9477024674415588, 0.0185525044798851, -0.156005859375], [0.0, 0.0, 0.0, 1.0]], [[0.009176020510494709, 0.9998975396156311, 0.010981792584061623, -0.02880859375], [-0.0011164540192112327, 0.010992491617798805, -0.9999389052391052, 1.568063735961914], [-0.999957263469696, 0.009163198061287403, 0.0012172063579782844, 0.04443359375], [0.0, 0.0, 0.0, 1.0]], [[-0.9236935377120972, 0.3830631971359253, -0.007260018493980169, 1.16064453125], [0.0030080394353717566, -0.01169776264578104, -0.9999270439147949, 1.5478153228759766], [-0.38312017917633057, -0.923647940158844, 0.009652880020439625, -0.0435791015625], [0.0, 0.0, 0.0, 1.0]]], "view": [[0.0, -2.0, 100.0], [-2.0, 0.0, 100.0], [0.0, 0.0, 1.0]], "bev": "bev_5b70d9ad13e84265814295b221565cc9.png", "aux": "aux_5b70d9ad13e84265814295b221565cc9.npz", "visibility": "visibility_5b70d9ad13e84265814295b221565cc9.png", "pose": [[-0.003020070493221283, -0.9999954104423523, 0.0, 2272.421142578125], [0.9999954104423523, -0.003020070493221283, 0.0, 868.1618041992188], [0.0, 0.0, 1.0, 0.0], [0.0, 0.0, 0.0, 1.0]], "pose_inverse": [[-0.003020070493221283, 0.9999954104423523, 0.0, -861.2949829101562], [-0.9999954104423523, -0.003020070493221283, 0.0, 2275.03271484375], [0.0, 0.0, 1.0, 0.0], [0.0, 0.0, 0.0, 1.0]], "cam_ids": [0, 1, 2, 3, 4, 5], "cam_channels": ["CAM_FRONT_LEFT", "CAM_FRONT", "CAM_FRONT_RIGHT", "CAM_BACK_LEFT", "CAM_BACK", "CAM_BACK_RIGHT"], "token": "5b70d9ad13e84265814295b221565cc9", "scene": "scene-0219"}, {"images": ["samples/CAM_FRONT_LEFT/n008-2018-07-27-12-07-38-0400__CAM_FRONT_LEFT__1532707766654799.jpg", "samples/CAM_FRONT/n008-2018-07-27-12-07-38-0400__CAM_FRONT__1532707766662404.jpg", "samples/CAM_FRONT_RIGHT/n008-2018-07-27-12-07-38-0400__CAM_FRONT_RIGHT__1532707766670482.jpg", "samples/CAM_BACK_LEFT/n008-2018-07-27-12-07-38-0400__CAM_BACK_LEFT__1532707766697405.jpg", "samples/CAM_BACK/n008-2018-07-27-12-07-38-0400__CAM_BACK__1532707766689441.jpg", "samples/CAM_BACK_RIGHT/n008-2018-07-27-12-07-38-0400__CAM_BACK_RIGHT__1532707766678113.jpg"], "intrinsics": [[[1257.8625342125129, 0.0, 827.2410631095686], [0.0, 1257.8625342125129, 450.915498205774], [0.0, 0.0, 1.0]], [[1252.8131021185304, 0.0, 826.588114781398], [0.0, 1252.8131021185304, 469.9846626224581], [0.0, 0.0, 1.0]], [[1256.7485116440405, 0.0, 817.7887570959712], [0.0, 1256.7485116440403, 451.9541780095127], [0.0, 0.0, 1.0]], [[1254.9860565800168, 0.0, 829.5769333630991], [0.0, 1254.9860565800168, 467.1680561863987], [0.0, 0.0, 1.0]], [[796.8910634503094, 0.0, 857.7774326863696], [0.0, 796.8910634503094, 476.8848988407415], [0.0, 0.0, 1.0]], [[1249.9629280788233, 0.0, 825.3768045375984], [0.0, 1249.9629280788233, 462.54816385708756], [0.0, 0.0, 1.0]]], "extrinsics": [[[0.8222631812095642, -0.5691059231758118, 0.0013145820703357458, -1.0045166015625], [0.0129207419231534, 0.016358913853764534, -0.9997827410697937, 1.4883041381835938], [0.5689608454704285, 0.8221014738082886, 0.020804602652788162, -1.332763671875], [0.0, 0.0, 0.0, 1.0]], [[0.009912089444696903, -0.9998775720596313, -0.012103285640478134, 0.00537109375], [0.014890354126691818, 0.012250128202140331, -0.9998140931129456, 1.4801750183105469], [0.9998399615287781, 0.009730024263262749, 0.015009956434369087, -1.734130859375], [0.0, 0.0, 0.0, 1.0]], [[-0.8440361618995667, -0.5358647108078003, -0.02126196213066578, 1.090057373046875], [0.02292066439986229, 0.003565030638128519, -0.9997308850288391, 1.4930839538574219], [0.5357964038848877, -0.8442963361740112, 0.009273361414670944, -1.27734375], [0.0, 0.0, 0.0, 1.0]], [[0.9478734135627747, 0.3186260759830475, 0.003682310925796628, -1.14410400390625], [-0.00241925404407084, 0.018751759082078934, -0.9998212456703186, 1.562042236328125], [-0.3186382055282593, 0.9476950168609619, 0.018545128405094147, -0.155517578125], [0.0, 0.0, 0.0, 1.0]], [[0.009237375110387802, 0.999894380569458, 0.011221789754927158, -0.02880859375], [-0.00030414937646128237, 0.011225078254938126, -0.9999369382858276, 1.5680599212646484], [-0.9999573230743408, 0.009233378805220127, 0.0004078076162841171, 0.0443115234375], [0.0, 0.0, 0.0, 1.0]], [[-0.9236137866973877, 0.3832412660121918, -0.007979835383594036, 1.1605224609375], [0.0038705160841345787, -0.011492464691400528, -0.9999264478683472, 1.5478134155273438], [-0.38330480456352234, -0.9235767126083374, 0.00913125742226839, -0.0440673828125], [0.0, 0.0, 0.0, 1.0]]], "view": [[0.0, -2.0, 100.0], [-2.0, 0.0, 100.0], [0.0, 0.0, 1.0]], "bev": "bev_dc0fbaed397341d7b12fa1e84024904b.png", "aux": "aux_dc0fbaed397341d7b12fa1e84024904b.npz", "visibility": "visibility_dc0fbaed397341d7b12fa1e84024904b.png", "pose": [[-0.006042821798473597, -0.9999817609786987, 0.0, 2272.422607421875], [0.9999817609786987, -0.006042821798473597, 0.0, 868.1597900390625], [0.0, 0.0, 1.0, 0.0], [0.0, 0.0, 0.0, 1.0]], "pose_inverse": [[-0.006042821798473597, 0.9999817609786987, 0.0, -854.412109375], [-0.9999817609786987, -0.006042821798473597, 0.0, 2277.627197265625], [0.0, 0.0, 1.0, 0.0], [0.0, 0.0, 0.0, 1.0]], "cam_ids": [0, 1, 2, 3, 4, 5], "cam_channels": ["CAM_FRONT_LEFT", "CAM_FRONT", "CAM_FRONT_RIGHT", "CAM_BACK_LEFT", "CAM_BACK", "CAM_BACK_RIGHT"], "token": "dc0fbaed397341d7b12fa1e84024904b", "scene": "scene-0219"}, {"images": ["samples/CAM_FRONT_LEFT/n008-2018-07-27-12-07-38-0400__CAM_FRONT_LEFT__1532707767154799.jpg", "samples/CAM_FRONT/n008-2018-07-27-12-07-38-0400__CAM_FRONT__1532707767162404.jpg", "samples/CAM_FRONT_RIGHT/n008-2018-07-27-12-07-38-0400__CAM_FRONT_RIGHT__1532707767170482.jpg", "samples/CAM_BACK_LEFT/n008-2018-07-27-12-07-38-0400__CAM_BACK_LEFT__1532707767197405.jpg", "samples/CAM_BACK/n008-2018-07-27-12-07-38-0400__CAM_BACK__1532707767187558.jpg", "samples/CAM_BACK_RIGHT/n008-2018-07-27-12-07-38-0400__CAM_BACK_RIGHT__1532707767178113.jpg"], "intrinsics": [[[1257.8625342125129, 0.0, 827.2410631095686], [0.0, 1257.8625342125129, 450.915498205774], [0.0, 0.0, 1.0]], [[1252.8131021185304, 0.0, 826.588114781398], [0.0, 1252.8131021185304, 469.9846626224581], [0.0, 0.0, 1.0]], [[1256.7485116440405, 0.0, 817.7887570959712], [0.0, 1256.7485116440403, 451.9541780095127], [0.0, 0.0, 1.0]], [[1254.9860565800168, 0.0, 829.5769333630991], [0.0, 1254.9860565800168, 467.1680561863987], [0.0, 0.0, 1.0]], [[796.8910634503094, 0.0, 857.7774326863696], [0.0, 796.8910634503094, 476.8848988407415], [0.0, 0.0, 1.0]], [[1249.9629280788233, 0.0, 825.3768045375984], [0.0, 1249.9629280788233, 462.54816385708756], [0.0, 0.0, 1.0]]], "extrinsics": [[[0.8219844102859497, -0.5695090293884277, 0.0010897272732108831, -0.998291015625], [0.01226658932864666, 0.01579156331717968, -0.9998000264167786, 1.4883918762207031], [0.5693778991699219, 0.8218334913253784, 0.019966350868344307, -1.3287353515625], [0.0, 0.0, 0.0, 1.0]], [[0.009495322592556477, -0.9998884201049805, -0.011530947871506214, 0.005615234375], [0.014212519861757755, 0.011665252968668938, -0.999830961227417, 1.4802608489990234], [0.9998538494110107, 0.009329834021627903, 0.014321698807179928, -1.72796630859375], [0.0, 0.0, 0.0, 1.0]], [[-0.8442202210426331, -0.5356099009513855, -0.020351821556687355, 1.08612060546875], [0.022218098863959312, 0.002968090819194913, -0.999748706817627, 1.4931869506835938], [0.5355357527732849, -0.8444603085517883, 0.009394511580467224, -1.27490234375], [0.0, 0.0, 0.0, 1.0]], [[0.9478735327720642, 0.3186350464820862, 0.002730547683313489, -1.1441192626953125], [-0.0032178719993680716, 0.01814056560397148, -0.9998302459716797, 1.5620460510253906], [-0.31863048672676086, 0.9477038979530334, 0.018220288679003716, -0.156005859375], [0.0, 0.0, 0.0, 1.0]], [[0.00938678439706564, 0.9998995661735535, 0.010610709898173809, -0.02880859375], [-0.0010710802162066102, 0.010621225461363792, -0.99994295835495, 1.5680599212646484], [-0.9999553561210632, 0.009374883957207203, 0.0011706713121384382, 0.0426025390625], [0.0, 0.0, 0.0, 1.0]], [[-0.9235312938690186, 0.38344910740852356, -0.0075340415351092815, 1.1573486328125], [0.003137781284749508, -0.012089258059859276, -0.9999220371246338, 1.5478229522705078], [-0.3835102915763855, -0.9234828948974609, 0.009961627423763275, -0.044921875], [0.0, 0.0, 0.0, 1.0]]], "view": [[0.0, -2.0, 100.0], [-2.0, 0.0, 100.0], [0.0, 0.0, 1.0]], "bev": "bev_537b2b2b306744efbb84da26da55fa8f.png", "aux": "aux_537b2b2b306744efbb84da26da55fa8f.npz", "visibility": "visibility_537b2b2b306744efbb84da26da55fa8f.png", "pose": [[-0.015833599492907524, -0.9998746514320374, 0.0, 2272.422607421875], [0.9998746514320374, -0.015833599492907524, 0.0, 868.2488403320312], [0.0, 0.0, 1.0, 0.0], [0.0, 0.0, 0.0, 1.0]], "pose_inverse": [[-0.015833599492907524, 0.9998746514320374, 0.0, -832.1593627929688], [-0.9998746514320374, -0.015833599492907524, 0.0, 2285.88525390625], [0.0, 0.0, 1.0, 0.0], [0.0, 0.0, 0.0, 1.0]], "cam_ids": [0, 1, 2, 3, 4, 5], "cam_channels": ["CAM_FRONT_LEFT", "CAM_FRONT", "CAM_FRONT_RIGHT", "CAM_BACK_LEFT", "CAM_BACK", "CAM_BACK_RIGHT"], "token": "537b2b2b306744efbb84da26da55fa8f", "scene": "scene-0219"}, {"images": ["samples/CAM_FRONT_LEFT/n008-2018-07-27-12-07-38-0400__CAM_FRONT_LEFT__1532707767654799.jpg", "samples/CAM_FRONT/n008-2018-07-27-12-07-38-0400__CAM_FRONT__1532707767662404.jpg", "samples/CAM_FRONT_RIGHT/n008-2018-07-27-12-07-38-0400__CAM_FRONT_RIGHT__1532707767670482.jpg", "samples/CAM_BACK_LEFT/n008-2018-07-27-12-07-38-0400__CAM_BACK_LEFT__1532707767697405.jpg", "samples/CAM_BACK/n008-2018-07-27-12-07-38-0400__CAM_BACK__1532707767687558.jpg", "samples/CAM_BACK_RIGHT/n008-2018-07-27-12-07-38-0400__CAM_BACK_RIGHT__1532707767678113.jpg"], "intrinsics": [[[1257.8625342125129, 0.0, 827.2410631095686], [0.0, 1257.8625342125129, 450.915498205774], [0.0, 0.0, 1.0]], [[1252.8131021185304, 0.0, 826.588114781398], [0.0, 1252.8131021185304, 469.9846626224581], [0.0, 0.0, 1.0]], [[1256.7485116440405, 0.0, 817.7887570959712], [0.0, 1256.7485116440403, 451.9541780095127], [0.0, 0.0, 1.0]], [[1254.9860565800168, 0.0, 829.5769333630991], [0.0, 1254.9860565800168, 467.1680561863987], [0.0, 0.0, 1.0]], [[796.8910634503094, 0.0, 857.7774326863696], [0.0, 796.8910634503094, 476.8848988407415], [0.0, 0.0, 1.0]], [[1249.9629280788233, 0.0, 825.3768045375984], [0.0, 1249.9629280788233, 462.54816385708756], [0.0, 0.0, 1.0]]], "extrinsics": [[[0.8218123912811279, -0.5697577595710754, -0.0007518091006204486, -0.9891357421875], [0.01028782594949007, 0.01615832932293415, -0.9998165369033813, 1.4884929656982422], [0.5696653723716736, 0.8216538429260254, 0.019140684977173805, -1.3226318359375], [0.0, 0.0, 0.0, 1.0]], [[0.009229393675923347, -0.9998863935470581, -0.011924510821700096, 0.005615234375], [0.012200594879686832, 0.012036733329296112, -0.9998531341552734, 1.4803600311279297], [0.9998829960823059, 0.00908255111426115, 0.012310298159718513, -1.7186279296875], [0.0, 0.0, 0.0, 1.0]], [[-0.844361424446106, -0.5354430079460144, -0.018829258158802986, 1.08038330078125], [0.020182030275464058, 0.0033325485419481993, -0.9997907280921936, 1.4933209419250488], [0.5353937149047852, -0.8445649147033691, 0.007992450147867203, -1.270751953125], [0.0, 0.0, 0.0, 1.0]], [[0.9478753805160522, 0.3186401426792145, 0.0008341923821717501, -1.1445598602294922], [-0.005336765665560961, 0.01849304512143135, -0.9998147487640381, 1.5620498657226562], [-0.3185965418815613, 0.9476953744888306, 0.01922961138188839, -0.15576171875], [0.0, 0.0, 0.0, 1.0]], [[0.009481463581323624, 0.9998951554298401, 0.010950827971100807, -0.02880859375], [-0.0031568834092468023, 0.010981196537613869, -0.9999346733093262, 1.5680427551269531], [-0.999950110912323, 0.009446272626519203, 0.003260669531300664, 0.039794921875], [0.0, 0.0, 0.0, 1.0]], [[-0.9234911799430847, 0.38358035683631897, -0.00549094146117568, 1.15234375], [0.001074928673915565, -0.01172603014856577, -0.9999306201934814, 1.547821044921875], [-0.3836181163787842, -0.9234331250190735, 0.010416563600301743, -0.047119140625], [0.0, 0.0, 0.0, 1.0]]], "view": [[0.0, -2.0, 100.0], [-2.0, 0.0, 100.0], [0.0, 0.0, 1.0]], "bev": "bev_deec95ac0015489b8b2a54bc1905a56d.png", "aux": "aux_deec95ac0015489b8b2a54bc1905a56d.npz", "visibility": "visibility_deec95ac0015489b8b2a54bc1905a56d.png", "pose": [[-0.030564280226826668, -0.9995328187942505, 0.0, 2272.417724609375], [0.9995328187942505, -0.030564280226826668, 0.0, 868.424560546875], [0.0, 0.0, 1.0, 0.0], [0.0, 0.0, 0.0, 1.0]], "pose_inverse": [[-0.030564280226826668, 0.9995328187942505, 0.0, -798.5640258789062], [-0.9995328187942505, -0.030564280226826668, 0.0, 2297.89892578125], [0.0, 0.0, 1.0, 0.0], [0.0, 0.0, 0.0, 1.0]], "cam_ids": [0, 1, 2, 3, 4, 5], "cam_channels": ["CAM_FRONT_LEFT", "CAM_FRONT", "CAM_FRONT_RIGHT", "CAM_BACK_LEFT", "CAM_BACK", "CAM_BACK_RIGHT"], "token": "deec95ac0015489b8b2a54bc1905a56d", "scene": "scene-0219"}, {"images": ["samples/CAM_FRONT_LEFT/n008-2018-07-27-12-07-38-0400__CAM_FRONT_LEFT__1532707768154799.jpg", "samples/CAM_FRONT/n008-2018-07-27-12-07-38-0400__CAM_FRONT__1532707768162404.jpg", "samples/CAM_FRONT_RIGHT/n008-2018-07-27-12-07-38-0400__CAM_FRONT_RIGHT__1532707768170482.jpg", "samples/CAM_BACK_LEFT/n008-2018-07-27-12-07-38-0400__CAM_BACK_LEFT__1532707768197883.jpg", "samples/CAM_BACK/n008-2018-07-27-12-07-38-0400__CAM_BACK__1532707768187558.jpg", "samples/CAM_BACK_RIGHT/n008-2018-07-27-12-07-38-0400__CAM_BACK_RIGHT__1532707768178113.jpg"], "intrinsics": [[[1257.8625342125129, 0.0, 827.2410631095686], [0.0, 1257.8625342125129, 450.915498205774], [0.0, 0.0, 1.0]], [[1252.8131021185304, 0.0, 826.588114781398], [0.0, 1252.8131021185304, 469.9846626224581], [0.0, 0.0, 1.0]], [[1256.7485116440405, 0.0, 817.7887570959712], [0.0, 1256.7485116440403, 451.9541780095127], [0.0, 0.0, 1.0]], [[1254.9860565800168, 0.0, 829.5769333630991], [0.0, 1254.9860565800168, 467.1680561863987], [0.0, 0.0, 1.0]], [[796.8910634503094, 0.0, 857.7774326863696], [0.0, 796.8910634503094, 476.8848988407415], [0.0, 0.0, 1.0]], [[1249.9629280788233, 0.0, 825.3768045375984], [0.0, 1249.9629280788233, 462.54816385708756], [0.0, 0.0, 1.0]]], "extrinsics": [[[0.8218197822570801, -0.5697407126426697, -0.0027727026026695967, -0.984375], [0.007951424457132816, 0.016335297375917435, -0.9998349547386169, 1.4884891510009766], [0.5696919560432434, 0.8216621279716492, 0.01795491948723793, -1.3193359375], [0.0, 0.0, 0.0, 1.0]], [[0.009214462712407112, -0.9998839497566223, -0.012130888178944588, 0.005615234375], [0.00984873529523611, 0.01222156174480915, -0.9998767971992493, 1.4803695678710938], [0.9999089241027832, 0.009093855507671833, 0.009960208088159561, -1.7139892578125], [0.0, 0.0, 0.0, 1.0]], [[-0.8444017171859741, -0.5354428887367249, -0.01692907325923443, 1.0770263671875], [0.01780291087925434, 0.0035362790804356337, -0.9998352527618408, 1.4933619499206543], [0.5354145169258118, -0.8445640802383423, 0.00654640095308423, -1.26904296875], [0.0, 0.0, 0.0, 1.0]], [[0.9478927254676819, 0.31858643889427185, -0.001395125174894929, -1.1434221267700195], [-0.007766705006361008, 0.018730130046606064, -0.9997944235801697, 1.5620384216308594], [-0.3184948265552521, 0.9477087259292603, 0.020228523761034012, -0.15625], [0.0, 0.0, 0.0, 1.0]], [[0.00953641626983881, 0.9998924136161804, 0.011145842261612415, -0.02880859375], [-0.005571207497268915, 0.011199304834008217, -0.9999217391014099, 1.568023681640625], [-0.99993896484375, 0.009473579004406929, 0.005677409470081329, 0.03790283203125], [0.0, 0.0, 0.0, 1.0]], [[-0.9234998226165771, 0.3835854232311249, -0.003200658829882741, 1.149658203125], [-0.0013176786014810205, -0.011515870690345764, -0.9999328255653381, 1.5477962493896484], [-0.3835965394973755, -0.9234335422515869, 0.01114034652709961, -0.0484619140625], [0.0, 0.0, 0.0, 1.0]]], "view": [[0.0, -2.0, 100.0], [-2.0, 0.0, 100.0], [0.0, 0.0, 1.0]], "bev": "bev_655dfcd2a6ac4b20ad10abcb40d26dd6.png", "aux": "aux_655dfcd2a6ac4b20ad10abcb40d26dd6.npz", "visibility": "visibility_655dfcd2a6ac4b20ad10abcb40d26dd6.png", "pose": [[-0.0453060120344162, -0.9989731311798096, 0.0, 2272.408203125], [0.9989731311798096, -0.0453060120344162, 0.0, 868.6929321289062], [0.0, 0.0, 1.0, 0.0], [0.0, 0.0, 0.0, 1.0]], "pose_inverse": [[-0.0453060120344162, 0.9989731311798096, 0.0, -764.84716796875], [-0.9989731311798096, -0.0453060120344162, 0.0, 2309.431884765625], [0.0, 0.0, 1.0, 0.0], [0.0, 0.0, 0.0, 1.0]], "cam_ids": [0, 1, 2, 3, 4, 5], "cam_channels": ["CAM_FRONT_LEFT", "CAM_FRONT", "CAM_FRONT_RIGHT", "CAM_BACK_LEFT", "CAM_BACK", "CAM_BACK_RIGHT"], "token": "655dfcd2a6ac4b20ad10abcb40d26dd6", "scene": "scene-0219"}, {"images": ["samples/CAM_FRONT_LEFT/n008-2018-07-27-12-07-38-0400__CAM_FRONT_LEFT__1532707768654799.jpg", "samples/CAM_FRONT/n008-2018-07-27-12-07-38-0400__CAM_FRONT__1532707768662404.jpg", "samples/CAM_FRONT_RIGHT/n008-2018-07-27-12-07-38-0400__CAM_FRONT_RIGHT__1532707768670482.jpg", "samples/CAM_BACK_LEFT/n008-2018-07-27-12-07-38-0400__CAM_BACK_LEFT__1532707768697405.jpg", "samples/CAM_BACK/n008-2018-07-27-12-07-38-0400__CAM_BACK__1532707768687558.jpg", "samples/CAM_BACK_RIGHT/n008-2018-07-27-12-07-38-0400__CAM_BACK_RIGHT__1532707768678113.jpg"], "intrinsics": [[[1257.8625342125129, 0.0, 827.2410631095686], [0.0, 1257.8625342125129, 450.915498205774], [0.0, 0.0, 1.0]], [[1252.8131021185304, 0.0, 826.588114781398], [0.0, 1252.8131021185304, 469.9846626224581], [0.0, 0.0, 1.0]], [[1256.7485116440405, 0.0, 817.7887570959712], [0.0, 1256.7485116440403, 451.9541780095127], [0.0, 0.0, 1.0]], [[1254.9860565800168, 0.0, 829.5769333630991], [0.0, 1254.9860565800168, 467.1680561863987], [0.0, 0.0, 1.0]], [[796.8910634503094, 0.0, 857.7774326863696], [0.0, 796.8910634503094, 476.8848988407415], [0.0, 0.0, 1.0]], [[1249.9629280788233, 0.0, 825.3768045375984], [0.0, 1249.9629280788233, 462.54816385708756], [0.0, 0.0, 1.0]]], "extrinsics": [[[0.8219475150108337, -0.5695591568946838, -0.0021965373307466507, -0.97802734375], [0.007177259307354689, 0.01421378180384636, -0.9998732209205627, 1.4885234832763672], [0.5695182085037231, 0.8218274116516113, 0.01577085442841053, -1.3150634765625], [0.0, 0.0, 0.0, 1.0]], [[0.009387384168803692, -0.9999064803123474, -0.009942215867340565, 0.005615234375], [0.008976837620139122, 0.010026521049439907, -0.9999094605445862, 1.48040771484375], [0.999915599822998, 0.009297293610870838, 0.009070120751857758, -1.70770263671875], [0.0, 0.0, 0.0, 1.0]], [[-0.844347357749939, -0.5355895161628723, -0.0148750189691782, 1.07281494140625], [0.01682077907025814, 0.0012515578418970108, -0.9998577237129211, 1.4934287071228027], [0.5355319976806641, -0.8444775938987732, 0.007952283136546612, -1.26611328125], [0.0, 0.0, 0.0, 1.0]], [[0.947900652885437, 0.31855595111846924, -0.002529463265091181, -1.1427078247070312], [-0.008110583759844303, 0.016194889321923256, -0.9998359680175781, 1.5620307922363281], [-0.3184627294540405, 0.9477657079696655, 0.01793482154607773, -0.156494140625], [0.0, 0.0, 0.0, 1.0]], [[0.009519222192466259, 0.9999169111251831, 0.008678698912262917, -0.028564453125], [-0.0067812115885317326, 0.00874344352632761, -0.9999387860298157, 1.5680046081542969], [-0.9999317526817322, 0.009459794498980045, 0.006863879971206188, 0.035400390625], [0.0, 0.0, 0.0, 1.0]], [[-0.9235342144966125, 0.383503258228302, -0.0031057416927069426, 1.146240234375], [-0.002399733057245612, -0.013876465149223804, -0.9999008178710938, 1.5477752685546875], [-0.3835082948207855, -0.9234351515769958, 0.01373569667339325, -0.0498046875], [0.0, 0.0, 0.0, 1.0]]], "view": [[0.0, -2.0, 100.0], [-2.0, 0.0, 100.0], [0.0, 0.0, 1.0]], "bev": "bev_afb17199e7df427cab3b62bba41ef6c3.png", "aux": "aux_afb17199e7df427cab3b62bba41ef6c3.npz", "visibility": "visibility_afb17199e7df427cab3b62bba41ef6c3.png", "pose": [[-0.058063115924596786, -0.9983128905296326, 0.0, 2272.3935546875], [0.9983128905296326, -0.058063115924596786, 0.0, 869.029296875], [0.0, 0.0, 1.0, 0.0], [0.0, 0.0, 0.0, 1.0]], "pose_inverse": [[-0.058063115924596786, 0.9983128905296326, 0.0, -735.6209106445312], [-0.9983128905296326, -0.058063115924596786, 0.0, 2319.018310546875], [0.0, 0.0, 1.0, 0.0], [0.0, 0.0, 0.0, 1.0]], "cam_ids": [0, 1, 2, 3, 4, 5], "cam_channels": ["CAM_FRONT_LEFT", "CAM_FRONT", "CAM_FRONT_RIGHT", "CAM_BACK_LEFT", "CAM_BACK", "CAM_BACK_RIGHT"], "token": "afb17199e7df427cab3b62bba41ef6c3", "scene": "scene-0219"}, {"images": ["samples/CAM_FRONT_LEFT/n008-2018-07-27-12-07-38-0400__CAM_FRONT_LEFT__1532707769154799.jpg", "samples/CAM_FRONT/n008-2018-07-27-12-07-38-0400__CAM_FRONT__1532707769162404.jpg", "samples/CAM_FRONT_RIGHT/n008-2018-07-27-12-07-38-0400__CAM_FRONT_RIGHT__1532707769170482.jpg", "samples/CAM_BACK_LEFT/n008-2018-07-27-12-07-38-0400__CAM_BACK_LEFT__1532707769197405.jpg", "samples/CAM_BACK/n008-2018-07-27-12-07-38-0400__CAM_BACK__1532707769187558.jpg", "samples/CAM_BACK_RIGHT/n008-2018-07-27-12-07-38-0400__CAM_BACK_RIGHT__1532707769178113.jpg"], "intrinsics": [[[1257.8625342125129, 0.0, 827.2410631095686], [0.0, 1257.8625342125129, 450.915498205774], [0.0, 0.0, 1.0]], [[1252.8131021185304, 0.0, 826.588114781398], [0.0, 1252.8131021185304, 469.9846626224581], [0.0, 0.0, 1.0]], [[1256.7485116440405, 0.0, 817.7887570959712], [0.0, 1256.7485116440403, 451.9541780095127], [0.0, 0.0, 1.0]], [[1254.9860565800168, 0.0, 829.5769333630991], [0.0, 1254.9860565800168, 467.1680561863987], [0.0, 0.0, 1.0]], [[796.8910634503094, 0.0, 857.7774326863696], [0.0, 796.8910634503094, 476.8848988407415], [0.0, 0.0, 1.0]], [[1249.9629280788233, 0.0, 825.3768045375984], [0.0, 1249.9629280788233, 462.54816385708756], [0.0, 0.0, 1.0]]], "extrinsics": [[[0.8224534392356873, -0.5688307285308838, -0.001380505389533937, -0.98828125], [0.007163724396377802, 0.012784447520971298, -0.9998925924301147, 1.4884414672851562], [0.5687873363494873, 0.8223552107810974, 0.014589558355510235, -1.32177734375], [0.0, 0.0, 0.0, 1.0]], [[0.010135586373507977, -0.999911904335022, -0.008565329015254974, 0.00537109375], [0.009068437851965427, 0.008657332509756088, -0.9999213814735413, 1.4803171157836914], [0.9999074935913086, 0.010057120583951473, 0.009155386127531528, -1.71795654296875], [0.0, 0.0, 0.0, 1.0]], [[-0.8440255522727966, -0.5361109972000122, -0.014353777281939983, 1.07965087890625], [0.017036378383636475, -5.119025081512518e-05, -0.9998548626899719, 1.4932947158813477], [0.536032497882843, -0.8441475033760071, 0.009176595136523247, -1.270751953125], [0.0, 0.0, 0.0, 1.0]], [[0.9478839039802551, 0.31859955191612244, -0.003242558566853404, -1.1430816650390625], [-0.008491096086800098, 0.015086340717971325, -0.9998500943183899, 1.5620346069335938], [-0.31850287318229675, 0.9477694034576416, 0.017005357891321182, -0.156005859375], [0.0, 0.0, 0.0, 1.0]], [[0.009253904223442078, 0.9999289512634277, 0.007509744726121426, -0.02880859375], [-0.006324211601167917, 0.0075684404000639915, -0.9999513030052185, 1.5680274963378906], [-0.9999372363090515, 0.009205968119204044, 0.006393800023943186, 0.0390625], [0.0, 0.0, 0.0, 1.0]], [[-0.9237060546875, 0.3830825090408325, -0.003868382191285491, 1.151611328125], [-0.00208499887958169, -0.0151243070140481, -0.9998834133148193, 1.5477981567382812], [-0.3830963671207428, -0.9235902428627014, 0.014769140630960464, -0.047119140625], [0.0, 0.0, 0.0, 1.0]]], "view": [[0.0, -2.0, 100.0], [-2.0, 0.0, 100.0], [0.0, 0.0, 1.0]], "bev": "bev_07d09f687a7c494fa8237c511fea0fe8.png", "aux": "aux_07d09f687a7c494fa8237c511fea0fe8.npz", "visibility": "visibility_07d09f687a7c494fa8237c511fea0fe8.png", "pose": [[-0.06522821635007858, -0.9978703856468201, 0.0, 2272.3740234375], [0.9978703856468201, -0.06522821635007858, 0.0, 869.3405151367188], [0.0, 0.0, 1.0, 0.0], [0.0, 0.0, 0.0, 1.0]], "pose_inverse": [[-0.06522821635007858, 0.9978703856468201, 0.0, -719.2662353515625], [-0.9978703856468201, -0.06522821635007858, 0.0, 2324.240234375], [0.0, 0.0, 1.0, 0.0], [0.0, 0.0, 0.0, 1.0]], "cam_ids": [0, 1, 2, 3, 4, 5], "cam_channels": ["CAM_FRONT_LEFT", "CAM_FRONT", "CAM_FRONT_RIGHT", "CAM_BACK_LEFT", "CAM_BACK", "CAM_BACK_RIGHT"], "token": "07d09f687a7c494fa8237c511fea0fe8", "scene": "scene-0219"}, {"images": ["samples/CAM_FRONT_LEFT/n008-2018-07-27-12-07-38-0400__CAM_FRONT_LEFT__1532707769654799.jpg", "samples/CAM_FRONT/n008-2018-07-27-12-07-38-0400__CAM_FRONT__1532707769662404.jpg", "samples/CAM_FRONT_RIGHT/n008-2018-07-27-12-07-38-0400__CAM_FRONT_RIGHT__1532707769670482.jpg", "samples/CAM_BACK_LEFT/n008-2018-07-27-12-07-38-0400__CAM_BACK_LEFT__1532707769697405.jpg", "samples/CAM_BACK/n008-2018-07-27-12-07-38-0400__CAM_BACK__1532707769688100.jpg", "samples/CAM_BACK_RIGHT/n008-2018-07-27-12-07-38-0400__CAM_BACK_RIGHT__1532707769678113.jpg"], "intrinsics": [[[1257.8625342125129, 0.0, 827.2410631095686], [0.0, 1257.8625342125129, 450.915498205774], [0.0, 0.0, 1.0]], [[1252.8131021185304, 0.0, 826.588114781398], [0.0, 1252.8131021185304, 469.9846626224581], [0.0, 0.0, 1.0]], [[1256.7485116440405, 0.0, 817.7887570959712], [0.0, 1256.7485116440403, 451.9541780095127], [0.0, 0.0, 1.0]], [[1254.9860565800168, 0.0, 829.5769333630991], [0.0, 1254.9860565800168, 467.1680561863987], [0.0, 0.0, 1.0]], [[796.8910634503094, 0.0, 857.7774326863696], [0.0, 796.8910634503094, 476.8848988407415], [0.0, 0.0, 1.0]], [[1249.9629280788233, 0.0, 825.3768045375984], [0.0, 1249.9629280788233, 462.54816385708756], [0.0, 0.0, 1.0]]], "extrinsics": [[[0.8225278258323669, -0.568723738193512, 0.0011746190721169114, -1.001708984375], [0.010768656618893147, 0.013509328477084637, -0.9998507499694824, 1.4883384704589844], [0.5686230063438416, 0.822417676448822, 0.017236188054084778, -1.3314208984375], [0.0, 0.0, 0.0, 1.0]], [[0.010271947830915451, -0.999904215335846, -0.00927333626896143, 0.00537109375], [0.01289803721010685, 0.00940554216504097, -0.999872624874115, 1.4802055358886719], [0.9998639822006226, 0.010151023976504803, 0.01299341581761837, -1.73162841796875], [0.0, 0.0, 0.0, 1.0]], [[-0.8439165949821472, -0.536165714263916, -0.01819470524787903, 1.088623046875], [0.021098187193274498, 0.0007190699689090252, -0.99977707862854, 1.493124008178711], [0.5360593199729919, -0.8441125154495239, 0.01070528943091631, -1.276123046875], [0.0, 0.0, 0.0, 1.0]], [[0.9478859305381775, 0.31860610842704773, 0.0015667418483644724, -1.1435623168945312], [-0.003680397756397724, 0.015866396948695183, -0.9998673796653748, 1.562042236328125], [-0.3185887336730957, 0.9477543830871582, 0.016212131828069687, -0.156494140625], [0.0, 0.0, 0.0, 1.0]], [[0.009183977730572224, 0.9999231100082397, 0.008336533792316914, -0.02880859375], [-0.0017580133862793446, 0.008353018201887608, -0.9999635815620422, 1.5680580139160156], [-0.9999563097953796, 0.009168989956378937, 0.0018345918506383896, 0.0433349609375], [0.0, 0.0, 0.0, 1.0]], [[-0.9237041473388672, 0.38303232192993164, -0.00753807881847024, 1.1588134765625], [0.0022096936590969563, -0.01434913370758295, -0.9998946189880371, 1.547821044921875], [-0.38310006260871887, -0.9236235022544861, 0.012407969683408737, -0.0440673828125], [0.0, 0.0, 0.0, 1.0]]], "view": [[0.0, -2.0, 100.0], [-2.0, 0.0, 100.0], [0.0, 0.0, 1.0]], "bev": "bev_235735139e2540f790a8d6de98b64d36.png", "aux": "aux_235735139e2540f790a8d6de98b64d36.npz", "visibility": "visibility_235735139e2540f790a8d6de98b64d36.png", "pose": [[-0.06482934951782227, -0.9978963732719421, 0.0, 2272.3662109375], [0.9978963732719421, -0.06482934951782227, 0.0, 869.4656372070312], [0.0, 0.0, 1.0, 0.0], [0.0, 0.0, 0.0, 1.0]], "pose_inverse": [[-0.06482934951782227, 0.9978963732719421, 0.0, -720.320556640625], [-0.9978963732719421, -0.06482934951782227, 0.0, 2323.952880859375], [0.0, 0.0, 1.0, 0.0], [0.0, 0.0, 0.0, 1.0]], "cam_ids": [0, 1, 2, 3, 4, 5], "cam_channels": ["CAM_FRONT_LEFT", "CAM_FRONT", "CAM_FRONT_RIGHT", "CAM_BACK_LEFT", "CAM_BACK", "CAM_BACK_RIGHT"], "token": "235735139e2540f790a8d6de98b64d36", "scene": "scene-0219"}, {"images": ["samples/CAM_FRONT_LEFT/n008-2018-07-27-12-07-38-0400__CAM_FRONT_LEFT__1532707770154799.jpg", "samples/CAM_FRONT/n008-2018-07-27-12-07-38-0400__CAM_FRONT__1532707770162404.jpg", "samples/CAM_FRONT_RIGHT/n008-2018-07-27-12-07-38-0400__CAM_FRONT_RIGHT__1532707770170482.jpg", "samples/CAM_BACK_LEFT/n008-2018-07-27-12-07-38-0400__CAM_BACK_LEFT__1532707770197405.jpg", "samples/CAM_BACK/n008-2018-07-27-12-07-38-0400__CAM_BACK__1532707770187558.jpg", "samples/CAM_BACK_RIGHT/n008-2018-07-27-12-07-38-0400__CAM_BACK_RIGHT__1532707770178113.jpg"], "intrinsics": [[[1257.8625342125129, 0.0, 827.2410631095686], [0.0, 1257.8625342125129, 450.915498205774], [0.0, 0.0, 1.0]], [[1252.8131021185304, 0.0, 826.588114781398], [0.0, 1252.8131021185304, 469.9846626224581], [0.0, 0.0, 1.0]], [[1256.7485116440405, 0.0, 817.7887570959712], [0.0, 1256.7485116440403, 451.9541780095127], [0.0, 0.0, 1.0]], [[1254.9860565800168, 0.0, 829.5769333630991], [0.0, 1254.9860565800168, 467.1680561863987], [0.0, 0.0, 1.0]], [[796.8910634503094, 0.0, 857.7774326863696], [0.0, 796.8910634503094, 476.8848988407415], [0.0, 0.0, 1.0]], [[1249.9629280788233, 0.0, 825.3768045375984], [0.0, 1249.9629280788233, 462.54816385708756], [0.0, 0.0, 1.0]]], "extrinsics": [[[0.8225402235984802, -0.5687050819396973, 0.0014792149886488914, -1.005615234375], [0.0109750647097826, 0.0132730258628726, -0.9998517036437988, 1.488290786743164], [0.5686010718345642, 0.8224344253540039, 0.017159171402454376, -1.333740234375], [0.0, 0.0, 0.0, 1.0]], [[0.010291613638401031, -0.9999064207077026, -0.009012305177748203, 0.005126953125], [0.01296251267194748, 0.009145432151854038, -0.9998741745948792, 1.4801568984985352], [0.9998630285263062, 0.010173502378165722, 0.01305542141199112, -1.73529052734375], [0.0, 0.0, 0.0, 1.0]], [[-0.8439104557037354, -0.5361830592155457, -0.017968561500310898, 1.09112548828125], [0.02100789174437523, 0.00043980334885418415, -0.9997791647911072, 1.4930639266967773], [0.5360726714134216, -0.8441016674041748, 0.010892920196056366, -1.27783203125], [0.0, 0.0, 0.0, 1.0]], [[0.947882354259491, 0.3186192810535431, 0.0008742145728319883, -1.1439971923828125], [-0.0043069603852927685, 0.015556475147604942, -0.999869704246521, 1.562042236328125], [-0.3185913860797882, 0.9477550983428955, 0.016117988154292107, -0.156005859375], [0.0, 0.0, 0.0, 1.0]], [[0.009178943000733852, 0.9999256730079651, 0.008029388263821602, -0.02880859375], [-0.002197705674916506, 0.008049879223108292, -0.9999651908874512, 1.568063735961914], [-0.