[{"images": ["samples/CAM_FRONT_LEFT/n015-2018-11-21-19-38-26+0800__CAM_FRONT_LEFT__1542800967904844.jpg", "samples/CAM_FRONT/n015-2018-11-21-19-38-26+0800__CAM_FRONT__1542800967912466.jpg", "samples/CAM_FRONT_RIGHT/n015-2018-11-21-19-38-26+0800__CAM_FRONT_RIGHT__1542800967920339.jpg", "samples/CAM_BACK_LEFT/n015-2018-11-21-19-38-26+0800__CAM_BACK_LEFT__1542800967947476.jpg", "samples/CAM_BACK/n015-2018-11-21-19-38-26+0800__CAM_BACK__1542800967937525.jpg", "samples/CAM_BACK_RIGHT/n015-2018-11-21-19-38-26+0800__CAM_BACK_RIGHT__1542800967927893.jpg"], "intrinsics": [[[1272.5979470598488, 0.0, 826.6154927353808], [0.0, 1272.5979470598488, 479.75165386361925], [0.0, 0.0, 1.0]], [[1266.417203046554, 0.0, 816.2670197447984], [0.0, 1266.417203046554, 491.50706579294757], [0.0, 0.0, 1.0]], [[1260.8474446004698, 0.0, 807.968244525554], [0.0, 1260.8474446004698, 495.3344268742088], [0.0, 0.0, 1.0]], [[1256.7414812095406, 0.0, 792.1125740759628], [0.0, 1256.7414812095406, 492.7757465151356], [0.0, 0.0, 1.0]], [[809.2209905677063, 0.0, 829.2196003259838], [0.0, 809.2209905677063, 481.77842384512485], [0.0, 0.0, 1.0]], [[1259.5137405846733, 0.0, 807.2529053838625], [0.0, 1259.5137405846733, 501.19579884916527], [0.0, 0.0, 1.0]]], "extrinsics": [[[0.8195136189460754, -0.5720083713531494, -0.03469649329781532, -0.9649658203125], [-0.04882482439279556, -0.009368782863020897, -0.9987634420394897, 1.5082473754882812], [0.5709759593009949, 0.8201943039894104, -0.03560605272650719, -1.2801513671875], [0.0, 0.0, 0.0, 1.0]], [[0.005408840719610453, -0.9998990297317505, 0.013142406940460205, 0.005115509033203125], [-0.05411568284034729, -0.013416020199656487, -0.9984445571899414, 1.520538330078125], [0.9985200762748718, 0.00468920823186636, -0.05418277904391289, -1.6922607421875], [0.0, 0.0, 0.0, 1.0]], [[-0.8325585126876831, -0.5526103973388672, 0.03831319510936737, 1.0323486328125], [-0.048485733568668365, 0.0037989928387105465, -0.9988166093826294, 1.5036468505859375], [0.5518109798431396, -0.8334310054779053, -0.02995660901069641, -1.2486572265625], [0.0, 0.0, 0.0, 1.0]], [[0.9469274878501892, 0.31810781359672546, -0.04621366411447525, -1.14208984375], [-0.03982788696885109, -0.02655254304409027, -0.9988536834716797, 1.5885581970214844], [-0.3189702033996582, 0.9476826190948486, -0.012473775073885918, -0.1036376953125], [0.0, 0.0, 0.0, 1.0]], [[0.0025341070722788572, 0.9998570084571838, -0.016718145459890366, 0.0028076171875], [-0.06521178036928177, -0.016517382115125656, -0.9977347254753113, 1.5793609619140625], [-0.9978682994842529, 0.0036186084616929293, 0.0651605948805809, 0.001953125], [0.0, 0.0, 0.0, 1.0]], [[-0.9340914487838745, 0.3557671308517456, 0.03004913218319416, 1.13623046875], [-0.032617565244436264, -0.0012217559851706028, -0.9994671940803528, 1.55145263671875], [-0.35554084181785583, -0.9345738291740417, 0.012745490297675133, -0.06378173828125], [0.0, 0.0, 0.0, 1.0]]], "view": [[0.0, -2.0, 100.0], [-2.0, 0.0, 100.0], [0.0, 0.0, 1.0]], "bev": "bev_7e85de15de2544ff8c2d975acbfc1e5d.png", "aux": "aux_7e85de15de2544ff8c2d975acbfc1e5d.npz", "visibility": "visibility_7e85de15de2544ff8c2d975acbfc1e5d.png", "pose": [[-0.8158658146858215, 0.5782412886619568, 0.0, 1321.56396484375], [-0.5782412886619568, -0.8158658146858215, 0.0, 903.8611450195312], [0.0, 0.0, 1.0, 0.0], [0.0, 0.0, 0.0, 1.0]], "pose_inverse": [[-0.8158658146858215, -0.5782412886619568, 0.0, 1600.86865234375], [0.5782412886619568, -0.8158658146858215, 0.0, -26.753400802612305], [0.0, 0.0, 1.0, 0.0], [0.0, 0.0, 0.0, 1.0]], "cam_ids": [0, 1, 2, 3, 4, 5], "cam_channels": ["CAM_FRONT_LEFT", "CAM_FRONT", "CAM_FRONT_RIGHT", "CAM_BACK_LEFT", "CAM_BACK", "CAM_BACK_RIGHT"], "token": "7e85de15de2544ff8c2d975acbfc1e5d", "scene": "scene-1099"}, {"images": ["samples/CAM_FRONT_LEFT/n015-2018-11-21-19-38-26+0800__CAM_FRONT_LEFT__1542800968404844.jpg", "samples/CAM_FRONT/n015-2018-11-21-19-38-26+0800__CAM_FRONT__1542800968412460.jpg", "samples/CAM_FRONT_RIGHT/n015-2018-11-21-19-38-26+0800__CAM_FRONT_RIGHT__1542800968420339.jpg", "samples/CAM_BACK_LEFT/n015-2018-11-21-19-38-26+0800__CAM_BACK_LEFT__1542800968447423.jpg", "samples/CAM_BACK/n015-2018-11-21-19-38-26+0800__CAM_BACK__1542800968437525.jpg", "samples/CAM_BACK_RIGHT/n015-2018-11-21-19-38-26+0800__CAM_BACK_RIGHT__1542800968427893.jpg"], "intrinsics": [[[1272.5979470598488, 0.0, 826.6154927353808], [0.0, 1272.5979470598488, 479.75165386361925], [0.0, 0.0, 1.0]], [[1266.417203046554, 0.0, 816.2670197447984], [0.0, 1266.417203046554, 491.50706579294757], [0.0, 0.0, 1.0]], [[1260.8474446004698, 0.0, 807.968244525554], [0.0, 1260.8474446004698, 495.3344268742088], [0.0, 0.0, 1.0]], [[1256.7414812095406, 0.0, 792.1125740759628], [0.0, 1256.7414812095406, 492.7757465151356], [0.0, 0.0, 1.0]], [[809.2209905677063, 0.0, 829.2196003259838], [0.0, 809.2209905677063, 481.77842384512485], [0.0, 0.0, 1.0]], [[1259.5137405846733, 0.0, 807.2529053838625], [0.0, 1259.5137405846733, 501.19579884916527], [0.0, 0.0, 1.0]]], "extrinsics": [[[0.8195135593414307, -0.5720041394233704, -0.03476928547024727, -0.965087890625], [-0.04889468848705292, -0.009342028759419918, -0.9987602233886719, 1.5082473754882812], [0.5709701180458069, 0.820197582244873, -0.035623881965875626, -1.28021240234375], [0.0, 0.0, 0.0, 1.0]], [[0.0054108137264847755, -0.9998992085456848, 0.013123231008648872, 0.005039215087890625], [-0.05416811630129814, -0.013397223316133022, -0.9984419941902161, 1.5205307006835938], [0.9985170960426331, 0.004691562615334988, -0.05423514544963837, -1.6922607421875], [0.0, 0.0, 0.0, 1.0]], [[-0.8325587511062622, -0.5526085495948792, 0.038336075842380524, 1.0323486328125], [-0.04852016642689705, 0.0038096504285931587, -0.9988149404525757, 1.5036468505859375], [0.5518075823783875, -0.8334321975708008, -0.02998441271483898, -1.2486572265625], [0.0, 0.0, 0.0, 1.0]], [[0.9469259977340698, 0.31810638308525085, -0.04625483602285385, -1.1422119140625], [-0.03986845538020134, -0.026561086997389793, -0.9988518357276917, 1.5885505676269531], [-0.3189696669578552, 0.9476828575134277, -0.012468975968658924, -0.103759765625], [0.0, 0.0, 0.0, 1.0]], [[0.0025371373631060123, 0.9998570084571838, -0.016717780381441116, 0.0027828216552734375], [-0.0652565136551857, -0.016516657546162605, -0.9977318644523621, 1.5793685913085938], [-0.9978653192520142, 0.00362234259955585, 0.06520528346300125, 0.0018310546875], [0.0, 0.0, 0.0, 1.0]], [[-0.934088408946991, 0.35577261447906494, 0.03007887490093708, 1.1363525390625], [-0.03264709562063217, -0.0012155369622632861, -0.9994662404060364, 1.55145263671875], [-0.35554614663124084, -0.9345717430114746, 0.012750359252095222, -0.06365966796875], [0.0, 0.0, 0.0, 1.0]]], "view": [[0.0, -2.0, 100.0], [-2.0, 0.0, 100.0], [0.0, 0.0, 1.0]], "bev": "bev_39b83a77abd448fe90c290a16a2df2d1.png", "aux": "aux_39b83a77abd448fe90c290a16a2df2d1.npz", "visibility": "visibility_39b83a77abd448fe90c290a16a2df2d1.png", "pose": [[-0.8159077763557434, 0.57818204164505, 0.0, 1321.564208984375], [-0.57818204164505, -0.8159077763557434, 0.0, 903.8612670898438], [0.0, 0.0, 1.0, 0.0], [0.0, 0.0, 0.0, 1.0]], "pose_inverse": [[-0.8159077763557434, -0.57818204164505, 0.0, 1600.870849609375], [0.57818204164505, -0.8159077763557434, 0.0, -26.63724708557129], [0.0, 0.0, 1.0, 0.0], [0.0, 0.0, 0.0, 1.0]], "cam_ids": [0, 1, 2, 3, 4, 5], "cam_channels": ["CAM_FRONT_LEFT", "CAM_FRONT", "CAM_FRONT_RIGHT", "CAM_BACK_LEFT", "CAM_BACK", "CAM_BACK_RIGHT"], "token": "39b83a77abd448fe90c290a16a2df2d1", "scene": "scene-1099"}, {"images": ["samples/CAM_FRONT_LEFT/n015-2018-11-21-19-38-26+0800__CAM_FRONT_LEFT__1542800968904844.jpg", "samples/CAM_FRONT/n015-2018-11-21-19-38-26+0800__CAM_FRONT__1542800968912460.jpg", "samples/CAM_FRONT_RIGHT/n015-2018-11-21-19-38-26+0800__CAM_FRONT_RIGHT__1542800968920339.jpg", "samples/CAM_BACK_LEFT/n015-2018-11-21-19-38-26+0800__CAM_BACK_LEFT__1542800968947659.jpg", "samples/CAM_BACK/n015-2018-11-21-19-38-26+0800__CAM_BACK__1542800968937525.jpg", "samples/CAM_BACK_RIGHT/n015-2018-11-21-19-38-26+0800__CAM_BACK_RIGHT__1542800968927893.jpg"], "intrinsics": [[[1272.5979470598488, 0.0, 826.6154927353808], [0.0, 1272.5979470598488, 479.75165386361925], [0.0, 0.0, 1.0]], [[1266.417203046554, 0.0, 816.2670197447984], [0.0, 1266.417203046554, 491.50706579294757], [0.0, 0.0, 1.0]], [[1260.8474446004698, 0.0, 807.968244525554], [0.0, 1260.8474446004698, 495.3344268742088], [0.0, 0.0, 1.0]], [[1256.7414812095406, 0.0, 792.1125740759628], [0.0, 1256.7414812095406, 492.7757465151356], [0.0, 0.0, 1.0]], [[809.2209905677063, 0.0, 829.2196003259838], [0.0, 809.2209905677063, 481.77842384512485], [0.0, 0.0, 1.0]], [[1259.5137405846733, 0.0, 807.2529053838625], [0.0, 1259.5137405846733, 501.19579884916527], [0.0, 0.0, 1.0]]], "extrinsics": [[[0.8195070028305054, -0.5720112919807434, -0.03480362892150879, -0.965087890625], [-0.04893988370895386, -0.009346275590360165, -0.9987579584121704, 1.5082473754882812], [0.5709755420684814, 0.8201925158500671, -0.035653505474328995, -1.2802734375], [0.0, 0.0, 0.0, 1.0]], [[0.0054053147323429585, -0.9998992085456848, 0.013124034740030766, 0.005100250244140625], [-0.054233938455581665, -0.013398044742643833, -0.9984384179115295, 1.520538330078125], [0.9985136389732361, 0.004685171414166689, -0.05430089682340622, -1.6922607421875], [0.0, 0.0, 0.0, 1.0]], [[-0.8325582146644592, -0.5526044964790344, 0.0384073331952095, 1.0323486328125], [-0.04860726743936539, 0.0038123587146401405, -0.9988106489181519, 1.5036468505859375], [0.5518008470535278, -0.8334348797798157, -0.03003460355103016, -1.2486572265625], [0.0, 0.0, 0.0, 1.0]], [[0.9469233155250549, 0.31810474395751953, -0.04631926491856575, -1.14208984375], [-0.03994167596101761, -0.026545535773038864, -0.9988492727279663, 1.5885543823242188], [-0.3189682960510254, 0.9476838111877441, -0.012430951930582523, -0.1036376953125], [0.0, 0.0, 0.0, 1.0]], [[0.0025389075744897127, 0.9998571276664734, -0.01670863851904869, 0.002834320068359375], [-0.06533972918987274, -0.016507113352417946, -0.997726559638977, 1.5793609619140625], [-0.9978598356246948, 0.0036248809192329645, 0.0652884840965271, 0.0018310546875], [0.0, 0.0, 0.0, 1.0]], [[-0.9340843558311462, 0.35577595233917236, 0.030164452269673347, 1.1361083984375], [-0.032737866044044495, -0.0012133134296163917, -0.9994632601737976, 1.55145263671875], [-0.35554832220077515, -0.9345704913139343, 0.012780680321156979, -0.063720703125], [0.0, 0.0, 0.0, 1.0]]], "view": [[0.0, -2.0, 100.0], [-2.0, 0.0, 100.0], [0.0, 0.0, 1.0]], "bev": "bev_86a38888decf472b8cd3681d82ec1afa.png", "aux": "aux_86a38888decf472b8cd3681d82ec1afa.npz", "visibility": "visibility_86a38888decf472b8cd3681d82ec1afa.png", "pose": [[-0.8158577680587769, 0.5782526135444641, 0.0, 1321.564208984375], [-0.5782526135444641, -0.8158577680587769, 0.0, 903.8612670898438], [0.0, 0.0, 1.0, 0.0], [0.0, 0.0, 0.0, 1.0]], "pose_inverse": [[-0.8158577680587769, -0.5782526135444641, 0.0, 1600.8685302734375], [0.5782526135444641, -0.8158577680587769, 0.0, -26.77573013305664], [0.0, 0.0, 1.0, 0.0], [0.0, 0.0, 0.0, 1.0]], "cam_ids": [0, 1, 2, 3, 4, 5], "cam_channels": ["CAM_FRONT_LEFT", "CAM_FRONT", "CAM_FRONT_RIGHT", "CAM_BACK_LEFT", "CAM_BACK", "CAM_BACK_RIGHT"], "token": "86a38888decf472b8cd3681d82ec1afa", "scene": "scene-1099"}, {"images": ["samples/CAM_FRONT_LEFT/n015-2018-11-21-19-38-26+0800__CAM_FRONT_LEFT__1542800969404844.jpg", "samples/CAM_FRONT/n015-2018-11-21-19-38-26+0800__CAM_FRONT__1542800969412460.jpg", "samples/CAM_FRONT_RIGHT/n015-2018-11-21-19-38-26+0800__CAM_FRONT_RIGHT__1542800969420339.jpg", "samples/CAM_BACK_LEFT/n015-2018-11-21-19-38-26+0800__CAM_BACK_LEFT__1542800969447423.jpg", "samples/CAM_BACK/n015-2018-11-21-19-38-26+0800__CAM_BACK__1542800969437525.jpg", "samples/CAM_BACK_RIGHT/n015-2018-11-21-19-38-26+0800__CAM_BACK_RIGHT__1542800969427893.jpg"], "intrinsics": [[[1272.5979470598488, 0.0, 826.6154927353808], [0.0, 1272.5979470598488, 479.75165386361925], [0.0, 0.0, 1.0]], [[1266.417203046554, 0.0, 816.2670197447984], [0.0, 1266.417203046554, 491.50706579294757], [0.0, 0.0, 1.0]], [[1260.8474446004698, 0.0, 807.968244525554], [0.0, 1260.8474446004698, 495.3344268742088], [0.0, 0.0, 1.0]], [[1256.7414812095406, 0.0, 792.1125740759628], [0.0, 1256.7414812095406, 492.7757465151356], [0.0, 0.0, 1.0]], [[809.2209905677063, 0.0, 829.2196003259838], [0.0, 809.2209905677063, 481.77842384512485], [0.0, 0.0, 1.0]], [[1259.5137405846733, 0.0, 807.2529053838625], [0.0, 1259.5137405846733, 501.19579884916527], [0.0, 0.0, 1.0]]], "extrinsics": [[[0.819510281085968, -0.5720106959342957, -0.034736715257167816, -0.965087890625], [-0.04883022978901863, -0.009305956773459911, -0.9987637400627136, 1.5082473754882812], [0.5709802508354187, 0.820193350315094, -0.03555774316191673, -1.28021240234375], [0.0, 0.0, 0.0, 1.0]], [[0.005403573624789715, -0.9998997449874878, 0.013085397891700268, 0.005062103271484375], [-0.05412790924310684, -0.013358870521187782, -0.998444676399231, 1.5205307006835938], [0.9985193610191345, 0.004686885979026556, -0.054194673895835876, -1.692138671875], [0.0, 0.0, 0.0, 1.0]], [[-0.8325610756874084, -0.5526074767112732, 0.038300976157188416, 1.0323486328125], [-0.04850492626428604, 0.003850294277071953, -0.9988154768943787, 1.5036468505859375], [0.5518054962158203, -0.8334327340126038, -0.030009789392352104, -1.248779296875], [0.0, 0.0, 0.0, 1.0]], [[0.9469268321990967, 0.31810736656188965, -0.046230267733335495, -1.142333984375], [-0.03985688090324402, -0.026518438011407852, -0.9988533854484558, 1.5885581970214844], [-0.31896859407424927, 0.9476836323738098, -0.01243225671350956, -0.10369873046875], [0.0, 0.0, 0.0, 1.0]], [[0.0025377904530614614, 0.9998578429222107, -0.016674652695655823, 0.002780914306640625], [-0.06524437665939331, -0.016473624855279922, -0.9977333545684814, 1.5793609619140625], [-0.9978660345077515, 0.0036199286114424467, 0.0651932880282402, 0.0015869140625], [0.0, 0.0, 0.0, 1.0]], [[-0.9340886473655701, 0.35577157139778137, 0.030084896832704544, 1.13623046875], [-0.03263787925243378, -0.0011744169751182199, -0.9994665384292603, 1.5514450073242188], [-0.3555464446544647, -0.9345722198486328, 0.012708636932075024, -0.06365966796875], [0.0, 0.0, 0.0, 1.0]]], "view": [[0.0, -2.0, 100.0], [-2.0, 0.0, 100.0], [0.0, 0.0, 1.0]], "bev": "bev_00aa056fbee4411f99bbc8b59e1ade81.png", "aux": "aux_00aa056fbee4411f99bbc8b59e1ade81.npz", "visibility": "visibility_00aa056fbee4411f99bbc8b59e1ade81.png", "pose": [[-0.8158040642738342, 0.5783283710479736, 0.0, 1321.56396484375], [-0.5783283710479736, -0.8158040642738342, 0.0, 903.861083984375], [0.0, 0.0, 1.0, 0.0], [0.0, 0.0, 0.0, 1.0]], "pose_inverse": [[-0.8158040642738342, -0.5783283710479736, 0.0, 1600.86572265625], [0.5783283710479736, -0.8158040642738342, 0.0, -26.92437744140625], [0.0, 0.0, 1.0, 0.0], [0.0, 0.0, 0.0, 1.0]], "cam_ids": [0, 1, 2, 3, 4, 5], "cam_channels": ["CAM_FRONT_LEFT", "CAM_FRONT", "CAM_FRONT_RIGHT", "CAM_BACK_LEFT", "CAM_BACK", "CAM_BACK_RIGHT"], "token": "00aa056fbee4411f99bbc8b59e1ade81", "scene": "scene-1099"}, {"images": ["samples/CAM_FRONT_LEFT/n015-2018-11-21-19-38-26+0800__CAM_FRONT_LEFT__1542800969854844.jpg", "samples/CAM_FRONT/n015-2018-11-21-19-38-26+0800__CAM_FRONT__1542800969862460.jpg", "samples/CAM_FRONT_RIGHT/n015-2018-11-21-19-38-26+0800__CAM_FRONT_RIGHT__1542800969870339.jpg", "samples/CAM_BACK_LEFT/n015-2018-11-21-19-38-26+0800__CAM_BACK_LEFT__1542800969897423.jpg", "samples/CAM_BACK/n015-2018-11-21-19-38-26+0800__CAM_BACK__1542800969887525.jpg", "samples/CAM_BACK_RIGHT/n015-2018-11-21-19-38-26+0800__CAM_BACK_RIGHT__1542800969877893.jpg"], "intrinsics": [[[1272.5979470598488, 0.0, 826.6154927353808], [0.0, 1272.5979470598488, 479.75165386361925], [0.0, 0.0, 1.0]], [[1266.417203046554, 0.0, 816.2670197447984], [0.0, 1266.417203046554, 491.50706579294757], [0.0, 0.0, 1.0]], [[1260.8474446004698, 0.0, 807.968244525554], [0.0, 1260.8474446004698, 495.3344268742088], [0.0, 0.0, 1.0]], [[1256.7414812095406, 0.0, 792.1125740759628], [0.0, 1256.7414812095406, 492.7757465151356], [0.0, 0.0, 1.0]], [[809.2209905677063, 0.0, 829.2196003259838], [0.0, 809.2209905677063, 481.77842384512485], [0.0, 0.0, 1.0]], [[1259.5137405846733, 0.0, 807.2529053838625], [0.0, 1259.5137405846733, 501.19579884916527], [0.0, 0.0, 1.0]]], "extrinsics": [[[0.8195114731788635, -0.5720030665397644, -0.034832581877708435, -0.96484375], [-0.048897720873355865, -0.009235651232302189, -0.9987610578536987, 1.5082473754882812], [0.570972740650177, 0.8201994299888611, -0.03553836792707443, -1.28021240234375], [0.0, 0.0, 0.0, 1.0]], [[0.005408513825386763, -0.9999006390571594, 0.013013012707233429, 0.005107879638671875], [-0.05418708175420761, -0.013287137262523174, -0.9984424114227295, 1.5205307006835938], [0.9985161423683167, 0.004694994073361158, -0.054253559559583664, -1.6923828125], [0.0, 0.0, 0.0, 1.0]], [[-0.8325585126876831, -0.5526115894317627, 0.03829749673604965, 1.032470703125], [-0.04855234548449516, 0.003927962854504585, -0.9988128542900085, 1.503662109375], [0.5518051385879517, -0.8334296345710754, -0.03010084480047226, -1.2486572265625], [0.0, 0.0, 0.0, 1.0]], [[0.946924090385437, 0.31811487674713135, -0.046234216541051865, -1.142333984375], [-0.03989133983850479, -0.02642814628779888, -0.9988544583320618, 1.5885543823242188], [-0.3189723491668701, 0.9476837515830994, -0.012335417792201042, -0.10357666015625], [0.0, 0.0, 0.0, 1.0]], [[0.0025387504138052464, 0.999859094619751, -0.01659299246966839, 0.002765655517578125], [-0.06527440994977951, -0.016391966491937637, -0.9977326989173889, 1.579376220703125], [-0.9978640675544739, 0.003616106463596225, 0.0652235895395279, 0.0018310546875], [0.0, 0.0, 0.0, 1.0]], [[-0.934086799621582, 0.3557702898979187, 0.03015728108584881, 1.13623046875], [-0.03268425166606903, -0.0010927853872999549, -0.9994651079177856, 1.5514488220214844], [-0.3555470108985901, -0.9345728158950806, 0.012648842297494411, -0.0635986328125], [0.0, 0.0, 0.0, 1.0]]], "view": [[0.0, -2.0, 100.0], [-2.0, 0.0, 100.0], [0.0, 0.0, 1.0]], "bev": "bev_4af3697280874ce9b05ec5b2c442a6e6.png", "aux": "aux_4af3697280874ce9b05ec5b2c442a6e6.npz", "visibility": "visibility_4af3697280874ce9b05ec5b2c442a6e6.png", "pose": [[-0.8158439993858337, 0.5782720446586609, 0.0, 1321.56396484375], [-0.5782720446586609, -0.8158439993858337, 0.0, 903.8611450195312], [0.0, 0.0, 1.0, 0.0], [0.0, 0.0, 0.0, 1.0]], "pose_inverse": [[-0.8158439993858337, -0.5782720446586609, 0.0, 1600.86767578125], [0.5782720446586609, -0.8158439993858337, 0.0, -26.81383514404297], [0.0, 0.0, 1.0, 0.0], [0.0, 0.0, 0.0, 1.0]], "cam_ids": [0, 1, 2, 3, 4, 5], "cam_channels": ["CAM_FRONT_LEFT", "CAM_FRONT", "CAM_FRONT_RIGHT", "CAM_BACK_LEFT", "CAM_BACK", "CAM_BACK_RIGHT"], "token": "4af3697280874ce9b05ec5b2c442a6e6", "scene": "scene-1099"}, {"images": ["samples/CAM_FRONT_LEFT/n015-2018-11-21-19-38-26+0800__CAM_FRONT_LEFT__1542800970354844.jpg", "samples/CAM_FRONT/n015-2018-11-21-19-38-26+0800__CAM_FRONT__1542800970362460.jpg", "samples/CAM_FRONT_RIGHT/n015-2018-11-21-19-38-26+0800__CAM_FRONT_RIGHT__1542800970370339.jpg", "samples/CAM_BACK_LEFT/n015-2018-11-21-19-38-26+0800__CAM_BACK_LEFT__1542800970397423.jpg", "samples/CAM_BACK/n015-2018-11-21-19-38-26+0800__CAM_BACK__1542800970387525.jpg", "samples/CAM_BACK_RIGHT/n015-2018-11-21-19-38-26+0800__CAM_BACK_RIGHT__1542800970377893.jpg"], "intrinsics": [[[1272.5979470598488, 0.0, 826.6154927353808], [0.0, 1272.5979470598488, 479.75165386361925], [0.0, 0.0, 1.0]], [[1266.417203046554, 0.0, 816.2670197447984], [0.0, 1266.417203046554, 491.50706579294757], [0.0, 0.0, 1.0]], [[1260.8474446004698, 0.0, 807.968244525554], [0.0, 1260.8474446004698, 495.3344268742088], [0.0, 0.0, 1.0]], [[1256.7414812095406, 0.0, 792.1125740759628], [0.0, 1256.7414812095406, 492.7757465151356], [0.0, 0.0, 1.0]], [[809.2209905677063, 0.0, 829.2196003259838], [0.0, 809.2209905677063, 481.77842384512485], [0.0, 0.0, 1.0]], [[1259.5137405846733, 0.0, 807.2529053838625], [0.0, 1259.5137405846733, 501.19579884916527], [0.0, 0.0, 1.0]]], "extrinsics": [[[0.8195016980171204, -0.5720236897468567, -0.03472414240241051, -0.9649658203125], [-0.048787668347358704, -0.009265839122235775, -0.9987661838531494, 1.50823974609375], [0.5709961652755737, 0.8201847672462463, -0.03550107404589653, -1.2802734375], [0.0, 0.0, 0.0, 1.0]], [[0.005386336240917444, -0.9999004006385803, 0.013038156554102898, 0.005039215087890625], [-0.054082661867141724, -0.013310548849403858, -0.9984477758407593, 1.5205307006835938], [0.9985218048095703, 0.004672876093536615, -0.054148972034454346, -1.692138671875], [0.0, 0.0, 0.0, 1.0]], [[-0.832571268081665, -0.5525971055030823, 0.038230400532484055, 1.0325927734375], [-0.04845824092626572, 0.003908356186002493, -0.9988175630569458, 1.5036468505859375], [0.5517942309379578, -0.8334394097328186, -0.03003186732530594, -1.248779296875], [0.0, 0.0, 0.0, 1.0]], [[0.9469310641288757, 0.3181048035621643, -0.04616060480475426, -1.1422119140625], [-0.03981168940663338, -0.02643447369337082, -0.9988574385643005, 1.5885505676269531], [-0.31896162033081055, 0.9476869702339172, -0.012367334216833115, -0.10357666015625], [0.0, 0.0, 0.0, 1.0]], [[0.0025458529125899076, 0.9998590350151062, -0.016597183421254158, 0.002857208251953125], [-0.06519562005996704, -0.016395969316363335, -0.9977378249168396, 1.5793609619140625], [-0.9978691935539246, 0.00362214632332325, 0.06514468789100647, 0.0018310546875], [0.0, 0.0, 0.0, 1.0]], [[-0.9340854287147522, 0.3557811677455902, 0.03006964549422264, 1.13623046875], [-0.03259693831205368, -0.0011093264911323786, -0.9994679689407349, 1.5514488220214844], [-0.3555586040019989, -0.9345686435699463, 0.012633582577109337, -0.06353759765625], [0.0, 0.0, 0.0, 1.0]]], "view": [[0.0, -2.0, 100.0], [-2.0, 0.0, 100.0], [0.0, 0.0, 1.0]], "bev": "bev_af005e95927245169c5910870c0d7f2b.png", "aux": "aux_af005e95927245169c5910870c0d7f2b.npz", "visibility": "visibility_af005e95927245169c5910870c0d7f2b.png", "pose": [[-0.815800130367279, 0.5783339142799377, 0.0, 1321.56396484375], [-0.5783339142799377, -0.815800130367279, 0.0, 903.861083984375], [0.0, 0.0, 1.0, 0.0], [0.0, 0.0, 0.0, 1.0]], "pose_inverse": [[-0.815800130367279, -0.5783339142799377, 0.0, 1600.8656005859375], [0.5783339142799377, -0.815800130367279, 0.0, -26.9352970123291], [0.0, 0.0, 1.0, 0.0], [0.0, 0.0, 0.0, 1.0]], "cam_ids": [0, 1, 2, 3, 4, 5], "cam_channels": ["CAM_FRONT_LEFT", "CAM_FRONT", "CAM_FRONT_RIGHT", "CAM_BACK_LEFT", "CAM_BACK", "CAM_BACK_RIGHT"], "token": "af005e95927245169c5910870c0d7f2b", "scene": "scene-1099"}, {"images": ["samples/CAM_FRONT_LEFT/n015-2018-11-21-19-38-26+0800__CAM_FRONT_LEFT__1542800970854844.jpg", "samples/CAM_FRONT/n015-2018-11-21-19-38-26+0800__CAM_FRONT__1542800970862460.jpg", "samples/CAM_FRONT_RIGHT/n015-2018-11-21-19-38-26+0800__CAM_FRONT_RIGHT__1542800970870339.jpg", "samples/CAM_BACK_LEFT/n015-2018-11-21-19-38-26+0800__CAM_BACK_LEFT__1542800970897423.jpg", "samples/CAM_BACK/n015-2018-11-21-19-38-26+0800__CAM_BACK__1542800970887525.jpg", "samples/CAM_BACK_RIGHT/n015-2018-11-21-19-38-26+0800__CAM_BACK_RIGHT__1542800970877893.jpg"], "intrinsics": [[[1272.5979470598488, 0.0, 826.6154927353808], [0.0, 1272.5979470598488, 479.75165386361925], [0.0, 0.0, 1.0]], [[1266.417203046554, 0.0, 816.2670197447984], [0.0, 1266.417203046554, 491.50706579294757], [0.0, 0.0, 1.0]], [[1260.8474446004698, 0.0, 807.968244525554], [0.0, 1260.8474446004698, 495.3344268742088], [0.0, 0.0, 1.0]], [[1256.7414812095406, 0.0, 792.1125740759628], [0.0, 1256.7414812095406, 492.7757465151356], [0.0, 0.0, 1.0]], [[809.2209905677063, 0.0, 829.2196003259838], [0.0, 809.2209905677063, 481.77842384512485], [0.0, 0.0, 1.0]], [[1259.5137405846733, 0.0, 807.2529053838625], [0.0, 1259.5137405846733, 501.19579884916527], [0.0, 0.0, 1.0]]], "extrinsics": [[[0.819515585899353, -0.5719972252845764, -0.03483327850699425, -0.9649658203125], [-0.0488930344581604, -0.009228143841028214, -0.9987614154815674, 1.5082473754882812], [0.5709672570228577, 0.8202036619186401, -0.03552928566932678, -1.28021240234375], [0.0, 0.0, 0.0, 1.0]], [[0.005414473824203014, -0.9999006390571594, 0.013008789159357548, 0.00506591796875], [-0.054181866347789764, -0.013283217325806618, -0.9984427094459534, 1.5205307006835938], [0.998516321182251, 0.004701195750385523, -0.05424840748310089, -1.6922607421875], [0.0, 0.0, 0.0, 1.0]], [[-0.8325557708740234, -0.5526155829429626, 0.0383000411093235, 1.0323486328125], [-0.0485544428229332, 0.0039262534119188786, -0.9988127946853638, 1.5036468505859375], [0.5518091917037964, -0.8334270119667053, -0.03010076843202114, -1.24871826171875], [0.0, 0.0, 0.0, 1.0]], [[0.946925938129425, 0.31810614466667175, -0.04625591263175011, -1.14208984375], [-0.039914537221193314, -0.02642754465341568, -0.9988535046577454, 1.5885543823242188], [-0.3189638555049896, 0.9476866722106934, -0.012327867560088634, -0.10382080078125], [0.0, 0.0, 0.0, 1.0]], [[0.0025376570411026478, 0.999859094619751, -0.016596294939517975, 0.0027561187744140625], [-0.0653020590543747, -0.01639523357152939, -0.9977308511734009, 1.5793609619140625], [-0.9978623390197754, 0.0036156123969703913, 0.06525125354528427, 0.0018310546875], [0.0, 0.0, 0.0, 1.0]], [[-0.9340874552726746, 0.35576725006103516, 0.03016844391822815, 1.1363525390625], [-0.03269452229142189, -0.0010884961811825633, -0.9994648098945618, 1.5514450073242188], [-0.3555441200733185, -0.9345738887786865, 0.012648392468690872, -0.0635986328125], [0.0, 0.0, 0.0, 1.0]]], "view": [[0.0, -2.0, 100.0], [-2.0, 0.0, 100.0], [0.0, 0.0, 1.0]], "bev": "bev_79159f7a87a0472f970e628e1d04b1a4.png", "aux": "aux_79159f7a87a0472f970e628e1d04b1a4.npz", "visibility": "visibility_79159f7a87a0472f970e628e1d04b1a4.png", "pose": [[-0.8158155083656311, 0.5783122181892395, 0.0, 1321.5638427734375], [-0.5783122181892395, -0.8158155083656311, 0.0, 903.8610229492188], [0.0, 0.0, 1.0, 0.0], [0.0, 0.0, 0.0, 1.0]], "pose_inverse": [[-0.8158155083656311, -0.5783122181892395, 0.0, 1600.8662109375], [0.5783122181892395, -0.8158155083656311, 0.0, -26.892711639404297], [0.0, 0.0, 1.0, 0.0], [0.0, 0.0, 0.0, 1.0]], "cam_ids": [0, 1, 2, 3, 4, 5], "cam_channels": ["CAM_FRONT_LEFT", "CAM_FRONT", "CAM_FRONT_RIGHT", "CAM_BACK_LEFT", "CAM_BACK", "CAM_BACK_RIGHT"], "token": "79159f7a87a0472f970e628e1d04b1a4", "scene": "scene-1099"}, {"images": ["samples/CAM_FRONT_LEFT/n015-2018-11-21-19-38-26+0800__CAM_FRONT_LEFT__1542800971354844.jpg", "samples/CAM_FRONT/n015-2018-11-21-19-38-26+0800__CAM_FRONT__1542800971362460.jpg", "samples/CAM_FRONT_RIGHT/n015-2018-11-21-19-38-26+0800__CAM_FRONT_RIGHT__1542800971370339.jpg", "samples/CAM_BACK_LEFT/n015-2018-11-21-19-38-26+0800__CAM_BACK_LEFT__1542800971397423.jpg", "samples/CAM_BACK/n015-2018-11-21-19-38-26+0800__CAM_BACK__1542800971387525.jpg", "samples/CAM_BACK_RIGHT/n015-2018-11-21-19-38-26+0800__CAM_BACK_RIGHT__1542800971377893.jpg"], "intrinsics": [[[1272.5979470598488, 0.0, 826.6154927353808], [0.0, 1272.5979470598488, 479.75165386361925], [0.0, 0.0, 1.0]], [[1266.417203046554, 0.0, 816.2670197447984], [0.0, 1266.417203046554, 491.50706579294757], [0.0, 0.0, 1.0]], [[1260.8474446004698, 0.0, 807.968244525554], [0.0, 1260.8474446004698, 495.3344268742088], [0.0, 0.0, 1.0]], [[1256.7414812095406, 0.0, 792.1125740759628], [0.0, 1256.7414812095406, 492.7757465151356], [0.0, 0.0, 1.0]], [[809.2209905677063, 0.0, 829.2196003259838], [0.0, 809.2209905677063, 481.77842384512485], [0.0, 0.0, 1.0]], [[1259.5137405846733, 0.0, 807.2529053838625], [0.0, 1259.5137405846733, 501.19579884916527], [0.0, 0.0, 1.0]]], "extrinsics": [[[0.81949782371521, -0.5720186233520508, -0.03489915281534195, -0.9649658203125], [-0.0489715076982975, -0.009223912842571735, -0.998757541179657, 1.5082473754882812], [0.5709860920906067, 0.8201887607574463, -0.035571593791246414, -1.2802734375], [0.0, 0.0, 0.0, 1.0]], [[0.005391079932451248, -0.9999009966850281, 0.012992656789720058, 0.00498199462890625], [-0.05426083132624626, -0.013266205787658691, -0.9984386563301086, 1.5205230712890625], [0.9985120892524719, 0.004677665885537863, -0.05432698130607605, -1.6920166015625], [0.0, 0.0, 0.0, 1.0]], [[-0.8325642943382263, -0.5525992512702942, 0.03834976628422737, 1.0322265625], [-0.04863065481185913, 0.003952335100620985, -0.9988089799880981, 1.5036468505859375], [0.5517894625663757, -0.8334376811981201, -0.030163828283548355, -1.24871826171875], [0.0, 0.0, 0.0, 1.0]], [[0.9469247460365295, 0.3181048631668091, -0.046289920806884766, -1.142333984375], [-0.03995845839381218, -0.026403699070215225, -0.9988524317741394, 1.58856201171875], [-0.31896209716796875, 0.9476878046989441, -0.012291336432099342, -0.1036376953125], [0.0, 0.0, 0.0, 1.0]], [[0.002546219388023019, 0.999859631061554, -0.016560213640332222, 0.002857208251953125], [-0.06535284221172333, -0.016358481720089912, -0.9977281093597412, 1.5793609619140625], [-0.9978589415550232, 0.0036228103563189507, 0.06530201435089111, 0.001953125], [0.0, 0.0, 0.0, 1.0]], [[-0.934079647064209, 0.35578110814094543, 0.030245693400502205, 1.13623046875], [-0.03276767581701279, -0.0010629971511662006, -0.9994624257087708, 1.5514488220214844], [-0.35555770993232727, -0.9345687627792358, 0.012651043012738228, -0.0635986328125], [0.0, 0.0, 0.0, 1.0]]], "view": [[0.0, -2.0, 100.0], [-2.0, 0.0, 100.0], [0.0, 0.0, 1.0]], "bev": "bev_e5ec2485e3c84ee3b4cd0e5681c7776c.png", "aux": "aux_e5ec2485e3c84ee3b4cd0e5681c7776c.npz", "visibility": "visibility_e5ec2485e3c84ee3b4cd0e5681c7776c.png", "pose": [[-0.8158587217330933, 0.5782512426376343, 0.0, 1321.5640869140625], [-0.5782512426376343, -0.8158587217330933, 0.0, 903.8611450195312], [0.0, 0.0, 1.0, 0.0], [0.0, 0.0, 0.0, 1.0]], "pose_inverse": [[-0.8158587217330933, -0.5782512426376343, 0.0, 1600.868408203125], [0.5782512426376343, -0.8158587217330933, 0.0, -26.773054122924805], [0.0, 0.0, 1.0, 0.0], [0.0, 0.0, 0.0, 1.0]], "cam_ids": [0, 1, 2, 3, 4, 5], "cam_channels": ["CAM_FRONT_LEFT", "CAM_FRONT", "CAM_FRONT_RIGHT", "CAM_BACK_LEFT", "CAM_BACK", "CAM_BACK_RIGHT"], "token": "e5ec2485e3c84ee3b4cd0e5681c7776c", "scene": "scene-1099"}, {"images": ["samples/CAM_FRONT_LEFT/n015-2018-11-21-19-38-26+0800__CAM_FRONT_LEFT__1542800971854844.jpg", "samples/CAM_FRONT/n015-2018-11-21-19-38-26+0800__CAM_FRONT__1542800971862460.jpg", "samples/CAM_FRONT_RIGHT/n015-2018-11-21-19-38-26+0800__CAM_FRONT_RIGHT__1542800971870339.jpg", "samples/CAM_BACK_LEFT/n015-2018-11-21-19-38-26+0800__CAM_BACK_LEFT__1542800971897423.jpg", "samples/CAM_BACK/n015-2018-11-21-19-38-26+0800__CAM_BACK__1542800971887525.jpg", "samples/CAM_BACK_RIGHT/n015-2018-11-21-19-38-26+0800__CAM_BACK_RIGHT__1542800971877893.jpg"], "intrinsics": [[[1272.5979470598488, 0.0, 826.6154927353808], [0.0, 1272.5979470598488, 479.75165386361925], [0.0, 0.0, 1.0]], [[1266.417203046554, 0.0, 816.2670197447984], [0.0, 1266.417203046554, 491.50706579294757], [0.0, 0.0, 1.0]], [[1260.8474446004698, 0.0, 807.968244525554], [0.0, 1260.8474446004698, 495.3344268742088], [0.0, 0.0, 1.0]], [[1256.7414812095406, 0.0, 792.1125740759628], [0.0, 1256.7414812095406, 492.7757465151356], [0.0, 0.0, 1.0]], [[809.2209905677063, 0.0, 829.2196003259838], [0.0, 809.2209905677063, 481.77842384512485], [0.0, 0.0, 1.0]], [[1259.5137405846733, 0.0, 807.2529053838625], [0.0, 1259.5137405846733, 501.19579884916527], [0.0, 0.0, 1.0]]], "extrinsics": [[[0.8194989562034607, -0.5720154047012329, -0.03492899239063263, -0.96484375], [-0.04901972413063049, -0.009241192601621151, -0.9987550377845764, 1.50823974609375], [0.570980429649353, 0.8201909065246582, -0.03561318293213844, -1.28021240234375], [0.0, 0.0, 0.0, 1.0]], [[0.005396560300141573, -0.999900758266449, 0.013013629242777824, 0.005069732666015625], [-0.05430905893445015, -0.013287671841681004, -0.9984357953071594, 1.5205230712890625], [0.9985096454620361, 0.00468136603012681, -0.05437537282705307, -1.6922607421875], [0.0, 0.0, 0.0, 1.0]], [[-0.8325603008270264, -0.5526016354560852, 0.03840326517820358, 1.0323486328125], [-0.048678625375032425, 0.003927695099264383, -0.9988067746162415, 1.5036392211914062], [0.5517914891242981, -0.8334362506866455, -0.030169930309057236, -1.24871826171875], [0.0, 0.0, 0.0, 1.0]], [[0.9469197988510132, 0.31810685992240906, -0.046376824378967285, -1.14208984375], [-0.04003501310944557, -0.026448531076312065, -0.9988481998443604, 1.5885543823242188], [-0.3189670443534851, 0.9476858973503113, -0.012309227138757706, -0.10382080078125], [0.0, 0.0, 0.0, 1.0]], [[0.0025439637247473, 0.9998590350151062, -0.016597658395767212, 0.0027179718017578125], [-0.06541453301906586, -0.016395773738622665, -0.9977234601974487, 1.5793609619140625], [-0.9978549480438232, 0.0036239069886505604, 0.06536360085010529, 0.001953125], [0.0, 0.0, 0.0, 1.0]], [[-0.9340791702270508, 0.3557797074317932, 0.03027999773621559, 1.1363525390625], [-0.03281625732779503, -0.0010942652588710189, -0.9994608163833618, 1.5514450073242188], [-0.3555546700954437, -0.934569239616394, 0.012697486206889153, -0.06365966796875], [0.0, 0.0, 0.0, 1.0]]], "view": [[0.0, -2.0, 100.0], [-2.0, 0.0, 100.0], [0.0, 0.0, 1.0]], "bev": "bev_bc1859cd462540869870d7105d977cf6.png", "aux": "aux_bc1859cd462540869870d7105d977cf6.npz", "visibility": "visibility_bc1859cd462540869870d7105d977cf6.png", "pose": [[-0.8158464431762695, 0.5782686471939087, 0.0, 1321.5640869140625], [-0.5782686471939087, -0.8158464431762695, 0.0, 903.8611450195312], [0.0, 0.0, 1.0, 0.0], [0.0, 0.0, 0.0, 1.0]], "pose_inverse": [[-0.8158464431762695, -0.5782686471939087, 0.0, 1600.867919921875], [0.5782686471939087, -0.8158464431762695, 0.0, -26.807159423828125], [0.0, 0.0, 1.0, 0.0], [0.0, 0.0, 0.0, 1.0]], "cam_ids": [0, 1, 2, 3, 4, 5], "cam_channels": ["CAM_FRONT_LEFT", "CAM_FRONT", "CAM_FRONT_RIGHT", "CAM_BACK_LEFT", "CAM_BACK", "CAM_BACK_RIGHT"], "token": "bc1859cd462540869870d7105d977cf6", "scene": "scene-1099"}, {"images": ["samples/CAM_FRONT_LEFT/n015-2018-11-21-19-38-26+0800__CAM_FRONT_LEFT__1542800972404844.jpg", "samples/CAM_FRONT/n015-2018-11-21-19-38-26+0800__CAM_FRONT__1542800972412460.jpg", "samples/CAM_FRONT_RIGHT/n015-2018-11-21-19-38-26+0800__CAM_FRONT_RIGHT__1542800972420339.jpg", "samples/CAM_BACK_LEFT/n015-2018-11-21-19-38-26+0800__CAM_BACK_LEFT__1542800972447423.jpg", "samples/CAM_BACK/n015-2018-11-21-19-38-26+0800__CAM_BACK__1542800972437525.jpg", "samples/CAM_BACK_RIGHT/n015-2018-11-21-19-38-26+0800__CAM_BACK_RIGHT__1542800972427893.jpg"], "intrinsics": [[[1272.5979470598488, 0.0, 826.6154927353808], [0.0, 1272.5979470598488, 479.75165386361925], [0.0, 0.0, 1.0]], [[1266.417203046554, 0.0, 816.2670197447984], [0.0, 1266.417203046554, 491.50706579294757], [0.0, 0.0, 1.0]], [[1260.8474446004698, 0.0, 807.968244525554], [0.0, 1260.8474446004698, 495.3344268742088], [0.0, 0.0, 1.0]], [[1256.7414812095406, 0.0, 792.1125740759628], [0.0, 1256.7414812095406, 492.7757465151356], [0.0, 0.0, 1.0]], [[809.2209905677063, 0.0, 829.2196003259838], [0.0, 809.2209905677063, 481.77842384512485], [0.0, 0.0, 1.0]], [[1259.5137405846733, 0.0, 807.2529053838625], [0.0, 1259.5137405846733, 501.19579884916527], [0.0, 0.0, 1.0]]], "extrinsics": [[[0.8194942474365234, -0.572020411491394, -0.03495515510439873, -0.9649658203125], [-0.04910624399781227, -0.009319283068180084, -0.9987500905990601, 1.5082473754882812], [0.570979654788971, 0.8201864361763, -0.035726871341466904, -1.2802734375], [0.0, 0.0, 0.0, 1.0]], [[0.0053946818225085735, -0.9998995065689087, 0.013108363375067711, 0.0050811767578125], [-0.05439531430602074, -0.01338257361203432, -0.9984298348426819, 1.520538330078125], [0.9985048770904541, 0.004673257935792208, -0.05446203798055649, -1.6922607421875], [0.0, 0.0, 0.0, 1.0]], [[-0.8325588703155518, -0.5525944828987122, 0.038535915315151215, 1.0322265625], [-0.04876331984996796, 0.003815719624981284, -0.9988030195236206, 1.5036544799804688], [0.5517860651016235, -0.8334415555000305, -0.0301231499761343, -1.2486572265625], [0.0, 0.0, 0.0, 1.0]], [[0.9469165802001953, 0.3180980980396271, -0.04650402441620827, -1.1422119140625], [-0.04013501852750778, -0.0265504103153944, -0.998841404914856, 1.5885543823242188], [-0.3189642131328583, 0.9476860165596008, -0.0123741514980793, -0.103759765625], [0.0, 0.0, 0.0, 1.0]], [[0.002545144408941269, 0.9998571276664734, -0.016710802912712097, 0.00283050537109375], [-0.06549829989671707, -0.01650829426944256, -0.9977161288261414, 1.5793609619140625], [-0.9978494048118591, 0.003633887507021427, 0.06544692069292068, 0.0018310546875], [0.0, 0.0, 0.0, 1.0]], [[-0.9340753555297852, 0.3557868003845215, 0.030313991010189056, 1.13623046875], [-0.03289681673049927, -0.0012101331958547235, -0.9994580149650574, 1.5514488220214844], [-0.35555729269981384, -0.9345663785934448, 0.012834605760872364, -0.0635986328125], [0.0, 0.0, 0.0, 1.0]]], "view": [[0.0, -2.0, 100.0], [-2.0, 0.0, 100.0], [0.0, 0.0, 1.0]], "bev": "bev_99cf50171a534cfd9c0318b6303a18d4.png", "aux": "aux_99cf50171a534cfd9c0318b6303a18d4.npz", "visibility": "visibility_99cf50171a534cfd9c0318b6303a18d4.png", "pose": [[-0.8158421516418457, 0.578274667263031, 0.0, 1321.5640869140625], [-0.578274667263031, -0.8158421516418457, 0.0, 903.8611450195312], [0.0, 0.0, 1.0, 0.0], [0.0, 0.0, 0.0, 1.0]], "pose_inverse": [[-0.8158421516418457, -0.578274667263031, 0.0, 1600.86767578125], [0.578274667263031, -0.8158421516418457, 0.0, -26.819034576416016], [0.0, 0.0, 1.0, 0.0], [0.0, 0.0, 0.0, 1.0]], "cam_ids": [0, 1, 2, 3, 4, 5], "cam_channels": ["CAM_FRONT_LEFT", "CAM_FRONT", "CAM_FRONT_RIGHT", "CAM_BACK_LEFT", "CAM_BACK", "CAM_BACK_RIGHT"], "token": "99cf50171a534cfd9c0318b6303a18d4", "scene": "scene-1099"}, {"images": ["samples/CAM_FRONT_LEFT/n015-2018-11-21-19-38-26+0800__CAM_FRONT_LEFT__1542800972904844.jpg", "samples/CAM_FRONT/n015-2018-11-21-19-38-26+0800__CAM_FRONT__1542800972912460.jpg", "samples/CAM_FRONT_RIGHT/n015-2018-11-21-19-38-26+0800__CAM_FRONT_RIGHT__1542800972920339.jpg", "samples/CAM_BACK_LEFT/n015-2018-11-21-19-38-26+0800__CAM_BACK_LEFT__1542800972947423.jpg", "samples/CAM_BACK/n015-2018-11-21-19-38-26+0800__CAM_BACK__1542800972937525.jpg", "samples/CAM_BACK_RIGHT/n015-2018-11-21-19-38-26+0800__CAM_BACK_RIGHT__1542800972927893.jpg"], "intrinsics": [[[1272.5979470598488, 0.0, 826.6154927353808], [0.0, 1272.5979470598488, 479.75165386361925], [0.0, 0.0, 1.0]], [[1266.417203046554, 0.0, 816.2670197447984], [0.0, 1266.417203046554, 491.50706579294757], [0.0, 0.0, 1.0]], [[1260.8474446004698, 0.0, 807.968244525554], [0.0, 1260.8474446004698, 495.3344268742088], [0.0, 0.0, 1.0]], [[1256.7414812095406, 0.0, 792.1125740759628], [0.0, 1256.7414812095406, 492.7757465151356], [0.0, 0.0, 1.0]], [[809.2209905677063, 0.0, 829.2196003259838], [0.0, 809.2209905677063, 481.77842384512485], [0.0, 0.0, 1.0]], [[1259.5137405846733, 0.0, 807.2529053838625], [0.0, 1259.5137405846733, 501.19579884916527], [0.0, 0.0, 1.0]]], "extrinsics": [[[0.8194887638092041, -0.5720273852348328, -0.03496978059411049, -0.9649658203125], [-0.04916699230670929, -0.009380406700074673, -0.9987465143203735, 1.5082550048828125], [0.5709822773933411, 0.8201809525489807, -0.03581199795007706, -1.28021240234375], [0.0, 0.0, 0.0, 1.0]], [[0.00539350276812911, -0.9998988509178162, 0.013163222931325436, 0.005146026611328125], [-0.05444716662168503, -0.013437531888484955, -0.9984262585639954, 1.5205230712890625], [0.9985021352767944, 0.0046684094704687595, -0.05451413244009018, -1.6923828125], [0.0, 0.0, 0.0, 1.0]], [[-0.8325555920600891, -0.5525950193405151, 0.038598354905843735, 1.0321044921875], [-0.04880603030323982, 0.0037670526653528214, -0.9988011717796326, 1.5036468505859375], [0.5517871975898743, -0.8334413766860962, -0.030106250196695328, -1.24884033203125], [0.0, 0.0, 0.0, 1.0]], [[0.9469161629676819, 0.31809666752815247, -0.04652167111635208, -1.14208984375], [-0.040137454867362976, -0.026598526164889336, -0.9988400340080261, 1.5885543823242188], [-0.3189651072025299, 0.9476851224899292, -0.012418984435498714, -0.1036376953125], [0.0, 0.0, 0.0, 1.0]], [[0.002540916670113802, 0.9998564124107361, -0.01675804331898689