[{"images": ["samples/CAM_FRONT_LEFT/n008-2018-08-31-11-56-46-0400__CAM_FRONT_LEFT__1535731045754799.jpg", "samples/CAM_FRONT/n008-2018-08-31-11-56-46-0400__CAM_FRONT__1535731045762404.jpg", "samples/CAM_FRONT_RIGHT/n008-2018-08-31-11-56-46-0400__CAM_FRONT_RIGHT__1535731045770482.jpg", "samples/CAM_BACK_LEFT/n008-2018-08-31-11-56-46-0400__CAM_BACK_LEFT__1535731045797405.jpg", "samples/CAM_BACK/n008-2018-08-31-11-56-46-0400__CAM_BACK__1535731045787558.jpg", "samples/CAM_BACK_RIGHT/n008-2018-08-31-11-56-46-0400__CAM_BACK_RIGHT__1535731045778113.jpg"], "intrinsics": [[[1257.8625342125129, 0.0, 827.2410631095686], [0.0, 1257.8625342125129, 450.915498205774], [0.0, 0.0, 1.0]], [[1252.8131021185304, 0.0, 826.588114781398], [0.0, 1252.8131021185304, 469.9846626224581], [0.0, 0.0, 1.0]], [[1256.7485116440405, 0.0, 817.7887570959712], [0.0, 1256.7485116440403, 451.9541780095127], [0.0, 0.0, 1.0]], [[1254.9860565800168, 0.0, 829.5769333630991], [0.0, 1254.9860565800168, 467.1680561863987], [0.0, 0.0, 1.0]], [[796.8910634503094, 0.0, 857.7774326863696], [0.0, 796.8910634503094, 476.8848988407415], [0.0, 0.0, 1.0]], [[1249.9629280788233, 0.0, 825.3768045375984], [0.0, 1249.9629280788233, 462.54816385708756], [0.0, 0.0, 1.0]]], "extrinsics": [[[0.8211637139320374, -0.5693854689598083, 0.03860596567392349, -1.0050048828125], [0.0630740374326706, 0.023315545171499252, -0.9977364540100098, 1.4882965087890625], [0.5671965479850769, 0.8217400312423706, 0.055059317499399185, -1.33343505859375], [0.0, 0.0, 0.0, 1.0]], [[0.010413184762001038, -0.9997736811637878, -0.018549619242548943, 0.00543212890625], [0.06503024697303772, 0.019188448786735535, -0.9976988434791565, 1.48016357421875], [0.9978289604187012, 0.009183046407997608, 0.0652153417468071, -1.734619140625], [0.0, 0.0, 0.0, 1.0]], [[-0.8420171737670898, -0.5352364182472229, -0.06729798763990402, 1.090576171875], [0.07305194437503815, 0.010469174943864346, -0.9972732067108154, 1.4930648803710938], [0.5344814658164978, -0.844637393951416, 0.030284836888313293, -1.2774658203125], [0.0, 0.0, 0.0, 1.0]], [[0.9466789364814758, 0.31770244240760803, 0.05351797118782997, -1.14404296875], [0.047845181077718735, 0.025637326762080193, -0.9985256791114807, 1.5620498657226562], [-0.3186062276363373, 0.9478437900543213, 0.009069782681763172, -0.15594482421875], [0.0, 0.0, 0.0, 1.0]], [[0.009135573171079159, 0.9997852444648743, 0.018598156049847603, -0.028778076171875], [0.049922652542591095, 0.018119724467396736, -0.9985886216163635, 1.5680618286132812], [-0.9987112879753113, 0.010051227174699306, -0.049746401607990265, 0.044189453125], [0.0, 0.0, 0.0, 1.0]], [[-0.9219275712966919, 0.3838987648487091, -0.05168425664305687, 1.16064453125], [0.054067984223365784, -0.00458805076777935, -0.9985267519950867, 1.5478134155273438], [-0.3835703432559967, -0.9233638048171997, -0.016526779159903526, -0.04364013671875], [0.0, 0.0, 0.0, 1.0]]], "view": [[0.0, -2.0, 100.0], [-2.0, 0.0, 100.0], [0.0, 0.0, 1.0]], "bev": "bev_162857c5d98c4180b4f20e307355ce2b.png", "aux": "aux_162857c5d98c4180b4f20e307355ce2b.npz", "visibility": "visibility_162857c5d98c4180b4f20e307355ce2b.png", "pose": [[-0.6860206127166748, 0.7275820970535278, 0.0, 1362.677734375], [-0.7275820970535278, -0.6860206127166748, 0.0, 1137.0245361328125], [0.0, 0.0, 1.0, 0.0], [0.0, 0.0, 0.0, 1.0]], "pose_inverse": [[-0.6860206127166748, -0.7275820970535278, 0.0, 1762.103759765625], [0.7275820970535278, -0.6860206127166748, 0.0, -211.43763732910156], [0.0, 0.0, 1.0, 0.0], [0.0, 0.0, 0.0, 1.0]], "cam_ids": [0, 1, 2, 3, 4, 5], "cam_channels": ["CAM_FRONT_LEFT", "CAM_FRONT", "CAM_FRONT_RIGHT", "CAM_BACK_LEFT", "CAM_BACK", "CAM_BACK_RIGHT"], "token": "162857c5d98c4180b4f20e307355ce2b", "scene": "scene-0388"}, {"images": ["samples/CAM_FRONT_LEFT/n008-2018-08-31-11-56-46-0400__CAM_FRONT_LEFT__1535731046254799.jpg", "samples/CAM_FRONT/n008-2018-08-31-11-56-46-0400__CAM_FRONT__1535731046262404.jpg", "samples/CAM_FRONT_RIGHT/n008-2018-08-31-11-56-46-0400__CAM_FRONT_RIGHT__1535731046270482.jpg", "samples/CAM_BACK_LEFT/n008-2018-08-31-11-56-46-0400__CAM_BACK_LEFT__1535731046297405.jpg", "samples/CAM_BACK/n008-2018-08-31-11-56-46-0400__CAM_BACK__1535731046287558.jpg", "samples/CAM_BACK_RIGHT/n008-2018-08-31-11-56-46-0400__CAM_BACK_RIGHT__1535731046278113.jpg"], "intrinsics": [[[1257.8625342125129, 0.0, 827.2410631095686], [0.0, 1257.8625342125129, 450.915498205774], [0.0, 0.0, 1.0]], [[1252.8131021185304, 0.0, 826.588114781398], [0.0, 1252.8131021185304, 469.9846626224581], [0.0, 0.0, 1.0]], [[1256.7485116440405, 0.0, 817.7887570959712], [0.0, 1256.7485116440403, 451.9541780095127], [0.0, 0.0, 1.0]], [[1254.9860565800168, 0.0, 829.5769333630991], [0.0, 1254.9860565800168, 467.1680561863987], [0.0, 0.0, 1.0]], [[796.8910634503094, 0.0, 857.7774326863696], [0.0, 796.8910634503094, 476.8848988407415], [0.0, 0.0, 1.0]], [[1249.9629280788233, 0.0, 825.3768045375984], [0.0, 1249.9629280788233, 462.54816385708756], [0.0, 0.0, 1.0]]], "extrinsics": [[[0.8210095167160034, -0.5694429874420166, 0.04096364229917526, -0.9930419921875], [0.06565035879611969, 0.02289089933037758, -0.9975801110267639, 1.4892501831054688], [0.5671272873878479, 0.8217121362686157, 0.056177783757448196, -1.32501220703125], [0.0, 0.0, 0.0, 1.0]], [[0.010366846807301044, -0.9997824430465698, -0.018092919141054153, 0.00543212890625], [0.06763793528079987, 0.018753569573163986, -0.9975336790084839, 1.4809722900390625], [0.9976561069488525, 0.009117545560002327, 0.06781764328479767, -1.722900390625], [0.0, 0.0, 0.0, 1.0]], [[-0.8418880701065063, -0.5351852774620056, -0.06928984820842743, 1.0828857421875], [0.07568629086017609, 0.010030585341155529, -0.9970811605453491, 1.4937591552734375], [0.534318208694458, -0.8446751236915588, 0.032061558216810226, -1.2728271484375], [0.0, 0.0, 0.0, 1.0]], [[0.94656902551651, 0.31761786341667175, 0.05591058358550072, -1.144287109375], [0.05054406821727753, 0.025118261575698853, -0.998405933380127, 1.56201171875], [-0.3185158967971802, 0.9478861093521118, 0.00772246764972806, -0.15576171875], [0.0, 0.0, 0.0, 1.0]], [[0.009195061400532722, 0.999793291091919, 0.018134864047169685, -0.02886962890625], [0.052597932517528534, 0.017626943066716194, -0.9984601736068726, 1.5682220458984375], [-0.9985734820365906, 0.010134775191545486, -0.05242498219013214, 0.041259765625], [0.0, 0.0, 0.0, 1.0]], [[-0.9217497110366821, 0.3839653432369232, -0.05429508164525032, 1.1546630859375], [0.05670851469039917, -0.005042016971856356, -0.9983780384063721, 1.5481719970703125], [-0.38361626863479614, -0.9233337640762329, -0.017126627266407013, -0.046356201171875], [0.0, 0.0, 0.0, 1.0]]], "view": [[0.0, -2.0, 100.0], [-2.0, 0.0, 100.0], [0.0, 0.0, 1.0]], "bev": "bev_c1974653d754419abc944b1296cfa21f.png", "aux": "aux_c1974653d754419abc944b1296cfa21f.npz", "visibility": "visibility_c1974653d754419abc944b1296cfa21f.png", "pose": [[-0.6865036487579346, 0.7271263599395752, 0.0, 1362.6278076171875], [-0.7271263599395752, -0.6865036487579346, 0.0, 1136.9716796875], [0.0, 0.0, 1.0, 0.0], [0.0, 0.0, 0.0, 1.0]], "pose_inverse": [[-0.6865036487579346, -0.7271263599395752, 0.0, 1762.1710205078125], [0.7271263599395752, -0.6865036487579346, 0.0, -210.26742553710938], [0.0, 0.0, 1.0, 0.0], [0.0, 0.0, 0.0, 1.0]], "cam_ids": [0, 1, 2, 3, 4, 5], "cam_channels": ["CAM_FRONT_LEFT", "CAM_FRONT", "CAM_FRONT_RIGHT", "CAM_BACK_LEFT", "CAM_BACK", "CAM_BACK_RIGHT"], "token": "c1974653d754419abc944b1296cfa21f", "scene": "scene-0388"}, {"images": ["samples/CAM_FRONT_LEFT/n008-2018-08-31-11-56-46-0400__CAM_FRONT_LEFT__1535731046754799.jpg", "samples/CAM_FRONT/n008-2018-08-31-11-56-46-0400__CAM_FRONT__1535731046762404.jpg", "samples/CAM_FRONT_RIGHT/n008-2018-08-31-11-56-46-0400__CAM_FRONT_RIGHT__1535731046770482.jpg", "samples/CAM_BACK_LEFT/n008-2018-08-31-11-56-46-0400__CAM_BACK_LEFT__1535731046797405.jpg", "samples/CAM_BACK/n008-2018-08-31-11-56-46-0400__CAM_BACK__1535731046787558.jpg", "samples/CAM_BACK_RIGHT/n008-2018-08-31-11-56-46-0400__CAM_BACK_RIGHT__1535731046778113.jpg"], "intrinsics": [[[1257.8625342125129, 0.0, 827.2410631095686], [0.0, 1257.8625342125129, 450.915498205774], [0.0, 0.0, 1.0]], [[1252.8131021185304, 0.0, 826.588114781398], [0.0, 1252.8131021185304, 469.9846626224581], [0.0, 0.0, 1.0]], [[1256.7485116440405, 0.0, 817.7887570959712], [0.0, 1256.7485116440403, 451.9541780095127], [0.0, 0.0, 1.0]], [[1254.9860565800168, 0.0, 829.5769333630991], [0.0, 1254.9860565800168, 467.1680561863987], [0.0, 0.0, 1.0]], [[796.8910634503094, 0.0, 857.7774326863696], [0.0, 796.8910634503094, 476.8848988407415], [0.0, 0.0, 1.0]], [[1249.9629280788233, 0.0, 825.3768045375984], [0.0, 1249.9629280788233, 462.54816385708756], [0.0, 0.0, 1.0]]], "extrinsics": [[[0.8209230303764343, -0.569340705871582, 0.04400714114308357, -0.981689453125], [0.06869091838598251, 0.02195063978433609, -0.9973964691162109, 1.490234375], [0.5668924450874329, 0.8218086361885071, 0.05712831765413284, -1.31744384765625], [0.0, 0.0, 0.0, 1.0]], [[0.010458025150001049, -0.9997986555099487, -0.017126385122537613, 0.00592041015625], [0.07071644067764282, 0.017823925241827965, -0.9973371624946594, 1.4818038940429688], [0.9974415898323059, 0.009219128638505936, 0.07088860124349594, -1.7115478515625], [0.0, 0.0, 0.0, 1.0]], [[-0.8416711688041687, -0.5352446436882019, -0.07143351435661316, 1.07568359375], [0.07880157977342606, 0.009123621508479118, -0.9968485832214355, 1.4944610595703125], [0.5342096090316772, -0.8446478843688965, 0.034499041736125946, -1.26806640625], [0.0, 0.0, 0.0, 1.0]], [[0.9464209079742432, 0.31755363941192627, 0.05871142819523811, -1.145263671875], [0.053746990859508514, 0.024379530921578407, -0.9982569217681885, 1.5619583129882812], [-0.31843146681785583, 0.9479268789291382, 0.006005743984133005, -0.155517578125], [0.0, 0.0, 0.0, 1.0]], [[0.0092166718095541, 0.9998067021369934, 0.01736738346517086, -0.0288543701171875], [0.05574854463338852, 0.01682734675705433, -0.9983029961585999, 1.5683746337890625], [-0.9984023571014404, 0.010169276036322117, -0.0555826835334301, 0.038818359375], [0.0, 0.0, 0.0, 1.0]], [[-0.9215584993362427, 0.38395774364471436, -0.057500578463077545, 1.1490478515625], [0.05982150882482529, -0.005905800964683294, -0.9981915950775146, 1.5485610961914062], [-0.38360294699668884, -0.9233317971229553, -0.01752638630568981, -0.048492431640625], [0.0, 0.0, 0.0, 1.0]]], "view": [[0.0, -2.0, 100.0], [-2.0, 0.0, 100.0], [0.0, 0.0, 1.0]], "bev": "bev_cbdd890773bc4b14b3c63308d933e152.png", "aux": "aux_cbdd890773bc4b14b3c63308d933e152.npz", "visibility": "visibility_cbdd890773bc4b14b3c63308d933e152.png", "pose": [[-0.6881976127624512, 0.7255232930183411, 0.0, 1362.44384765625], [-0.7255232930183411, -0.6881976127624512, 0.0, 1136.778564453125], [0.0, 0.0, 1.0, 0.0], [0.0, 0.0, 0.0, 1.0]], "pose_inverse": [[-0.6881976127624512, -0.7255232930183411, 0.0, 1762.389892578125], [0.7255232930183411, -0.6881976127624512, 0.0, -206.15640258789062], [0.0, 0.0, 1.0, 0.0], [0.0, 0.0, 0.0, 1.0]], "cam_ids": [0, 1, 2, 3, 4, 5], "cam_channels": ["CAM_FRONT_LEFT", "CAM_FRONT", "CAM_FRONT_RIGHT", "CAM_BACK_LEFT", "CAM_BACK", "CAM_BACK_RIGHT"], "token": "cbdd890773bc4b14b3c63308d933e152", "scene": "scene-0388"}, {"images": ["samples/CAM_FRONT_LEFT/n008-2018-08-31-11-56-46-0400__CAM_FRONT_LEFT__1535731047354799.jpg", "samples/CAM_FRONT/n008-2018-08-31-11-56-46-0400__CAM_FRONT__1535731047362404.jpg", "samples/CAM_FRONT_RIGHT/n008-2018-08-31-11-56-46-0400__CAM_FRONT_RIGHT__1535731047370482.jpg", "samples/CAM_BACK_LEFT/n008-2018-08-31-11-56-46-0400__CAM_BACK_LEFT__1535731047397405.jpg", "samples/CAM_BACK/n008-2018-08-31-11-56-46-0400__CAM_BACK__1535731047387558.jpg", "samples/CAM_BACK_RIGHT/n008-2018-08-31-11-56-46-0400__CAM_BACK_RIGHT__1535731047378113.jpg"], "intrinsics": [[[1257.8625342125129, 0.0, 827.2410631095686], [0.0, 1257.8625342125129, 450.915498205774], [0.0, 0.0, 1.0]], [[1252.8131021185304, 0.0, 826.588114781398], [0.0, 1252.8131021185304, 469.9846626224581], [0.0, 0.0, 1.0]], [[1256.7485116440405, 0.0, 817.7887570959712], [0.0, 1256.7485116440403, 451.9541780095127], [0.0, 0.0, 1.0]], [[1254.9860565800168, 0.0, 829.5769333630991], [0.0, 1254.9860565800168, 467.1680561863987], [0.0, 0.0, 1.0]], [[796.8910634503094, 0.0, 857.7774326863696], [0.0, 796.8910634503094, 476.8848988407415], [0.0, 0.0, 1.0]], [[1249.9629280788233, 0.0, 825.3768045375984], [0.0, 1249.9629280788233, 462.54816385708756], [0.0, 0.0, 1.0]]], "extrinsics": [[[0.8205782175064087, -0.5696197748184204, 0.04674220457673073, -0.9444580078125], [0.07335726171731949, 0.023862313479185104, -0.9970201849937439, 1.493682861328125], [0.5668070912361145, 0.8215619325637817, 0.06136663630604744, -1.292236328125], [0.0, 0.0, 0.0, 1.0]], [[0.010339388623833656, -0.9997650384902954, -0.019052201882004738, 0.0064849853515625], [0.07521498948335648, 0.019776830449700356, -0.9969712495803833, 1.4846649169921875], [0.9971137642860413, 0.008875108323991299, 0.07540179044008255, -1.6749267578125], [0.0, 0.0, 0.0, 1.0]], [[-0.8414413332939148, -0.5349587798118591, -0.07612913846969604, 1.05224609375], [0.08311149477958679, 0.011080496944487095, -0.9964786767959595, 1.4968719482421875], [0.533918559551239, -0.8448054790496826, 0.035137638449668884, -1.2529296875], [0.0, 0.0, 0.0, 1.0]], [[0.9462576508522034, 0.3172367513179779, 0.06290657073259354, -1.1474609375], [0.0575796440243721, 0.026149176061153412, -0.9979984164237976, 1.56182861328125], [-0.3182467520236969, 0.947985827922821, 0.00647748215124011, -0.1549072265625], [0.0, 0.0, 0.0, 1.0]], [[0.009318468160927296, 0.9997708201408386, 0.01927649788558483, -0.0287017822265625], [0.05977995693683624, 0.018685873597860336, -0.9980366826057434, 1.5689315795898438], [-0.9981681704521179, 0.010452556423842907, -0.05959212779998779, 0.0299072265625], [0.0, 0.0, 0.0, 1.0]], [[-0.9212543964385986, 0.3841986358165741, -0.060676123946905136, 1.1307373046875], [0.06406274437904358, -0.003989912569522858, -0.9979378581047058, 1.5498733520507812], [-0.38364848494529724, -0.9232417941093445, -0.02093709260225296, -0.055938720703125], [0.0, 0.0, 0.0, 1.0]]], "view": [[0.0, -2.0, 100.0], [-2.0, 0.0, 100.0], [0.0, 0.0, 1.0]], "bev": "bev_8adc70e20e744d33be9f7f57b44051b2.png", "aux": "aux_8adc70e20e744d33be9f7f57b44051b2.npz", "visibility": "visibility_8adc70e20e744d33be9f7f57b44051b2.png", "pose": [[-0.6917297840118408, 0.7221564650535583, 0.0, 1361.9088134765625], [-0.7221564650535583, -0.6917297840118408, 0.0, 1136.2261962890625], [0.0, 0.0, 1.0, 0.0], [0.0, 0.0, 0.0, 1.0]], "pose_inverse": [[-0.6917297840118408, -0.7221564650535583, 0.0, 1762.60595703125], [0.7221564650535583, -0.6917297840118408, 0.0, -197.5497589111328], [0.0, 0.0, 1.0, 0.0], [0.0, 0.0, 0.0, 1.0]], "cam_ids": [0, 1, 2, 3, 4, 5], "cam_channels": ["CAM_FRONT_LEFT", "CAM_FRONT", "CAM_FRONT_RIGHT", "CAM_BACK_LEFT", "CAM_BACK", "CAM_BACK_RIGHT"], "token": "8adc70e20e744d33be9f7f57b44051b2", "scene": "scene-0388"}, {"images": ["samples/CAM_FRONT_LEFT/n008-2018-08-31-11-56-46-0400__CAM_FRONT_LEFT__1535731047854799.jpg", "samples/CAM_FRONT/n008-2018-08-31-11-56-46-0400__CAM_FRONT__1535731047862404.jpg", "samples/CAM_FRONT_RIGHT/n008-2018-08-31-11-56-46-0400__CAM_FRONT_RIGHT__1535731047870482.jpg", "samples/CAM_BACK_LEFT/n008-2018-08-31-11-56-46-0400__CAM_BACK_LEFT__1535731047897405.jpg", "samples/CAM_BACK/n008-2018-08-31-11-56-46-0400__CAM_BACK__1535731047887558.jpg", "samples/CAM_BACK_RIGHT/n008-2018-08-31-11-56-46-0400__CAM_BACK_RIGHT__1535731047878113.jpg"], "intrinsics": [[[1257.8625342125129, 0.0, 827.2410631095686], [0.0, 1257.8625342125129, 450.915498205774], [0.0, 0.0, 1.0]], [[1252.8131021185304, 0.0, 826.588114781398], [0.0, 1252.8131021185304, 469.9846626224581], [0.0, 0.0, 1.0]], [[1256.7485116440405, 0.0, 817.7887570959712], [0.0, 1256.7485116440403, 451.9541780095127], [0.0, 0.0, 1.0]], [[1254.9860565800168, 0.0, 829.5769333630991], [0.0, 1254.9860565800168, 467.1680561863987], [0.0, 0.0, 1.0]], [[796.8910634503094, 0.0, 857.7774326863696], [0.0, 796.8910634503094, 476.8848988407415], [0.0, 0.0, 1.0]], [[1249.9629280788233, 0.0, 825.3768045375984], [0.0, 1249.9629280788233, 462.54816385708756], [0.0, 0.0, 1.0]]], "extrinsics": [[[0.8212791085243225, -0.569047749042511, 0.041053224354982376, -0.920654296875], [0.06824388355016708, 0.02654305472970009, -0.997315526008606, 1.495269775390625], [0.5664305090904236, 0.821876049041748, 0.06063328683376312, -1.27593994140625], [0.0, 0.0, 0.0, 1.0]], [[0.010963605716824532, -0.9997042417526245, -0.02170892432332039, 0.0068359375], [0.07021923363208771, 0.02242635190486908, -0.9972794651985168, 1.4860382080078125], [0.9974713325500488, 0.009409374557435513, 0.07044433802366257, -1.6512451171875], [0.0, 0.0, 0.0, 1.0]], [[-0.8414768576622009, -0.5352802872657776, -0.07342813909053802, 1.037109375], [0.07825005799531937, 0.013731918297708035, -0.996839165687561, 1.4980621337890625], [0.5345966815948486, -0.844562828540802, 0.03033062070608139, -1.2430419921875], [0.0, 0.0, 0.0, 1.0]], [[0.946412205696106, 0.31744980812072754, 0.05940981209278107, -1.147216796875], [0.05294419452548027, 0.02896360121667385, -0.9981773495674133, 1.561859130859375], [-0.31859198212623596, 0.9478326439857483, 0.010604380629956722, -0.1549072265625], [0.0, 0.0, 0.0, 1.0]], [[0.008957616053521633, 0.9997187256813049, 0.02196330949664116, -0.0287933349609375], [0.05505649000406265, 0.02143780142068863, -0.9982529878616333, 1.5692367553710938], [-0.9984431266784668, 0.01015111431479454, -0.05484897270798683, 0.0230712890625], [0.0, 0.0, 0.0, 1.0]], [[-0.9217302799224854, 0.3838818073272705, -0.055207692086696625, 1.119140625], [0.05924983695149422, -0.0012980123283341527, -0.9982423186302185, 1.55047607421875], [-0.3832787573337555, -0.9233812689781189, -0.021548515185713768, -0.060546875], [0.0, 0.0, 0.0, 1.0]]], "view": [[0.0, -2.0, 100.0], [-2.0, 0.0, 100.0], [0.0, 0.0, 1.0]], "bev": "bev_4f4c25978b4b4ca1b114922db6b157d5.png", "aux": "aux_4f4c25978b4b4ca1b114922db6b157d5.npz", "visibility": "visibility_4f4c25978b4b4ca1b114922db6b157d5.png", "pose": [[-0.6970910429954529, 0.7169826030731201, 0.0, 1361.1246337890625], [-0.7169826030731201, -0.6970910429954529, 0.0, 1135.4254150390625], [0.0, 0.0, 1.0, 0.0], [0.0, 0.0, 0.0, 1.0]], "pose_inverse": [[-0.6970910429954529, -0.7169826030731201, 0.0, 1762.9080810546875], [0.7169826030731201, -0.6970910429954529, 0.0, -184.4077911376953], [0.0, 0.0, 1.0, 0.0], [0.0, 0.0, 0.0, 1.0]], "cam_ids": [0, 1, 2, 3, 4, 5], "cam_channels": ["CAM_FRONT_LEFT", "CAM_FRONT", "CAM_FRONT_RIGHT", "CAM_BACK_LEFT", "CAM_BACK", "CAM_BACK_RIGHT"], "token": "4f4c25978b4b4ca1b114922db6b157d5", "scene": "scene-0388"}, {"images": ["samples/CAM_FRONT_LEFT/n008-2018-08-31-11-56-46-0400__CAM_FRONT_LEFT__1535731048404799.jpg", "samples/CAM_FRONT/n008-2018-08-31-11-56-46-0400__CAM_FRONT__1535731048412404.jpg", "samples/CAM_FRONT_RIGHT/n008-2018-08-31-11-56-46-0400__CAM_FRONT_RIGHT__1535731048420482.jpg", "samples/CAM_BACK_LEFT/n008-2018-08-31-11-56-46-0400__CAM_BACK_LEFT__1535731048447405.jpg", "samples/CAM_BACK/n008-2018-08-31-11-56-46-0400__CAM_BACK__1535731048437558.jpg", "samples/CAM_BACK_RIGHT/n008-2018-08-31-11-56-46-0400__CAM_BACK_RIGHT__1535731048428113.jpg"], "intrinsics": [[[1257.8625342125129, 0.0, 827.2410631095686], [0.0, 1257.8625342125129, 450.915498205774], [0.0, 0.0, 1.0]], [[1252.8131021185304, 0.0, 826.588114781398], [0.0, 1252.8131021185304, 469.9846626224581], [0.0, 0.0, 1.0]], [[1256.7485116440405, 0.0, 817.7887570959712], [0.0, 1256.7485116440403, 451.9541780095127], [0.0, 0.0, 1.0]], [[1254.9860565800168, 0.0, 829.5769333630991], [0.0, 1254.9860565800168, 467.1680561863987], [0.0, 0.0, 1.0]], [[796.8910634503094, 0.0, 857.7774326863696], [0.0, 796.8910634503094, 476.8848988407415], [0.0, 0.0, 1.0]], [[1249.9629280788233, 0.0, 825.3768045375984], [0.0, 1249.9629280788233, 462.54816385708756], [0.0, 0.0, 1.0]]], "extrinsics": [[[0.8217831254005432, -0.5687872767448425, 0.0339660570025444, -0.899169921875], [0.05984394624829292, 0.02687445655465126, -0.9978458881378174, 1.4959716796875], [0.5666492581367493, 0.8220455050468445, 0.05612344667315483, -1.2608642578125], [0.0, 0.0, 0.0, 1.0]], [[0.011099678464233875, -0.999693751335144, -0.022121069952845573, 0.0070037841796875], [0.06182868033647537, 0.02276625856757164, -0.9978271126747131, 1.4865951538085938], [0.9980250597000122, 0.009707894176244736, 0.06206243857741356, -1.6307373046875], [0.0, 0.0, 0.0, 1.0]], [[-0.8418999910354614, -0.5355167388916016, -0.06652999669313431, 1.0244140625], [0.06986841559410095, 0.014077210798859596, -0.9974568486213684, 1.4985809326171875], [0.5350914597511292, -0.8444072008132935, 0.02556411176919937, -1.235107421875], [0.0, 0.0, 0.0, 1.0]], [[0.9467698931694031, 0.3177059292793274, 0.05186261981725693, -1.1470947265625], [0.044840238988399506, 0.02938142791390419, -0.9985620379447937, 1.5618972778320312], [-0.3187728524208069, 0.947733998298645, 0.013571443036198616, -0.15496826171875], [0.0, 0.0, 0.0, 1.0]], [[0.008851181715726852, 0.9997130036354065, 0.022263575345277786, -0.0286865234375], [0.046862926334142685, 0.021825280040502548, -0.9986628293991089, 1.5693130493164062], [-0.998862087726593, 0.009882659651339054, -0.0466562956571579, 0.017333984375], [0.0, 0.0, 0.0, 1.0]], [[-0.9222736358642578, 0.3836215138435364, -0.04739205539226532, 1.109619140625], [0.050921179354190826, -0.0009574347059242427, -0.9987022280693054, 1.5506439208984375], [-0.383169025182724, -0.9234899282455444, -0.018651440739631653, -0.0648193359375], [0.0, 0.0, 0.0, 1.0]]], "view": [[0.0, -2.0, 100.0], [-2.0, 0.0, 100.0], [0.0, 0.0, 1.0]], "bev": "bev_fefc6eb88fec41e59212715f362117c5.png", "aux": "aux_fefc6eb88fec41e59212715f362117c5.npz", "visibility": "visibility_fefc6eb88fec41e59212715f362117c5.png", "pose": [[-0.7036411762237549, 0.7105554938316345, 0.0, 1359.9974365234375], [-0.7105554938316345, -0.7036411762237549, 0.0, 1134.2921142578125], [0.0, 0.0, 1.0, 0.0], [0.0, 0.0, 0.0, 1.0]], "pose_inverse": [[-0.7036411762237549, -0.7105554938316345, 0.0, 1762.927734375], [0.7105554938316345, -0.7036411762237549, 0.0, -168.218994140625], [0.0, 0.0, 1.0, 0.0], [0.0, 0.0, 0.0, 1.0]], "cam_ids": [0, 1, 2, 3, 4, 5], "cam_channels": ["CAM_FRONT_LEFT", "CAM_FRONT", "CAM_FRONT_RIGHT", "CAM_BACK_LEFT", "CAM_BACK", "CAM_BACK_RIGHT"], "token": "fefc6eb88fec41e59212715f362117c5", "scene": "scene-0388"}, {"images": ["samples/CAM_FRONT_LEFT/n008-2018-08-31-11-56-46-0400__CAM_FRONT_LEFT__1535731048904799.jpg", "samples/CAM_FRONT/n008-2018-08-31-11-56-46-0400__CAM_FRONT__1535731048912404.jpg", "samples/CAM_FRONT_RIGHT/n008-2018-08-31-11-56-46-0400__CAM_FRONT_RIGHT__1535731048920482.jpg", "samples/CAM_BACK_LEFT/n008-2018-08-31-11-56-46-0400__CAM_BACK_LEFT__1535731048947405.jpg", "samples/CAM_BACK/n008-2018-08-31-11-56-46-0400__CAM_BACK__1535731048937558.jpg", "samples/CAM_BACK_RIGHT/n008-2018-08-31-11-56-46-0400__CAM_BACK_RIGHT__1535731048928113.jpg"], "intrinsics": [[[1257.8625342125129, 0.0, 827.2410631095686], [0.0, 1257.8625342125129, 450.915498205774], [0.0, 0.0, 1.0]], [[1252.8131021185304, 0.0, 826.588114781398], [0.0, 1252.8131021185304, 469.9846626224581], [0.0, 0.0, 1.0]], [[1256.7485116440405, 0.0, 817.7887570959712], [0.0, 1256.7485116440403, 451.9541780095127], [0.0, 0.0, 1.0]], [[1254.9860565800168, 0.0, 829.5769333630991], [0.0, 1254.9860565800168, 467.1680561863987], [0.0, 0.0, 1.0]], [[796.8910634503094, 0.0, 857.7774326863696], [0.0, 796.8910634503094, 476.8848988407415], [0.0, 0.0, 1.0]], [[1249.9629280788233, 0.0, 825.3768045375984], [0.0, 1249.9629280788233, 462.54816385708756], [0.0, 0.0, 1.0]]], "extrinsics": [[[0.8210646510124207, -0.5691059231758118, 0.04440091550350189, -0.875244140625], [0.06942185014486313, 0.02234581671655178, -0.9973370432853699, 1.4991989135742188], [0.5665982961654663, 0.8219605684280396, 0.05785573273897171, -1.2449951171875], [0.0, 0.0, 0.0, 1.0]], [[0.010795926675200462, -0.9997901916503906, -0.01740797981619835, 0.0075836181640625], [0.07153679430484772, 0.01813661679625511, -0.9972730875015259, 1.4894027709960938], [0.99737948179245, 0.009521151892840862, 0.07171758264303207, -1.605712890625], [0.0, 0.0, 0.0, 1.0]], [[-0.8414450287818909, -0.5354832410812378, -0.07230504602193832, 1.007568359375], [0.07971072942018509, 0.009336648508906364, -0.9967742562294006, 1.5009613037109375], [0.5344310402870178, -0.8444942831993103, 0.034827474504709244, -1.22412109375], [0.0, 0.0, 0.0, 1.0]], [[0.9463831782341003, 0.31744879484176636, 0.05987671762704849, -1.1483154296875], [0.05503947660326958, 0.02419278770685196, -0.9981910586357117, 1.561798095703125], [-0.31832316517829895, 0.9479667544364929, 0.005423430819064379, -0.1544189453125], [0.0, 0.0, 0.0, 1.0]], [[0.009139684028923512, 0.9998077154159546, 0.017351359128952026, -0.0288238525390625], [0.05694105103611946, 0.016803564503788948, -0.9982360601425171, 1.5699539184570312], [-0.9983357787132263, 0.010111541487276554, -0.05677652359008789, 0.0111083984375], [0.0, 0.0, 0.0, 1.0]], [[-0.9215708374977112, 0.38378503918647766, -0.05844922736287117, 1.0963134765625], [0.060885973274707794, -0.0058081261813640594, -0.998127818107605, 1.5520477294921875], [-0.38340604305267334, -0.9234042167663574, -0.01801452413201332, -0.06988525390625], [0.0, 0.0, 0.0, 1.0]]], "view": [[0.0, -2.0, 100.0], [-2.0, 0.0, 100.0], [0.0, 0.0, 1.0]], "bev": "bev_befdcfef50bd479697731e88f04a8229.png", "aux": "aux_befdcfef50bd479697731e88f04a8229.npz", "visibility": "visibility_befdcfef50bd479697731e88f04a8229.png", "pose": [[-0.7072979211807251, 0.7069156169891357, 0.0, 1358.820068359375], [-0.7069156169891357, -0.7072979211807251, 0.0, 1133.1236572265625], [0.0, 0.0, 1.0, 0.0], [0.0, 0.0, 0.0, 1.0]], "pose_inverse": [[-0.7072979211807251, -0.7069156169891357, 0.0, 1762.1134033203125], [0.7069156169891357, -0.7072979211807251, 0.0, -159.11509704589844], [0.0, 0.0, 1.0, 0.0], [0.0, 0.0, 0.0, 1.0]], "cam_ids": [0, 1, 2, 3, 4, 5], "cam_channels": ["CAM_FRONT_LEFT", "CAM_FRONT", "CAM_FRONT_RIGHT", "CAM_BACK_LEFT", "CAM_BACK", "CAM_BACK_RIGHT"], "token": "befdcfef50bd479697731e88f04a8229", "scene": "scene-0388"}, {"images": ["samples/CAM_FRONT_LEFT/n008-2018-08-31-11-56-46-0400__CAM_FRONT_LEFT__1535731049404799.jpg", "samples/CAM_FRONT/n008-2018-08-31-11-56-46-0400__CAM_FRONT__1535731049412404.jpg", "samples/CAM_FRONT_RIGHT/n008-2018-08-31-11-56-46-0400__CAM_FRONT_RIGHT__1535731049420482.jpg", "samples/CAM_BACK_LEFT/n008-2018-08-31-11-56-46-0400__CAM_BACK_LEFT__1535731049447405.jpg", "samples/CAM_BACK/n008-2018-08-31-11-56-46-0400__CAM_BACK__1535731049437558.jpg", "samples/CAM_BACK_RIGHT/n008-2018-08-31-11-56-46-0400__CAM_BACK_RIGHT__1535731049428113.jpg"], "intrinsics": [[[1257.8625342125129, 0.0, 827.2410631095686], [0.0, 1257.8625342125129, 450.915498205774], [0.0, 0.0, 1.0]], [[1252.8131021185304, 0.0, 826.588114781398], [0.0, 1252.8131021185304, 469.9846626224581], [0.0, 0.0, 1.0]], [[1256.7485116440405, 0.0, 817.7887570959712], [0.0, 1256.7485116440403, 451.9541780095127], [0.0, 0.0, 1.0]], [[1254.9860565800168, 0.0, 829.5769333630991], [0.0, 1254.9860565800168, 467.1680561863987], [0.0, 0.0, 1.0]], [[796.8910634503094, 0.0, 857.7774326863696], [0.0, 796.8910634503094, 476.8848988407415], [0.0, 0.0, 1.0]], [[1249.9629280788233, 0.0, 825.3768045375984], [0.0, 1249.9629280788233, 462.54816385708756], [0.0, 0.0, 1.0]]], "extrinsics": [[[0.8212404251098633, -0.5687932372093201, 0.04514874890446663, -0.8546142578125], [0.07153616845607758, 0.024136196821928024, -0.99714595079422, 1.5012664794921875], [0.5660801529884338, 0.8221263289451599, 0.06051091477274895, -1.2318115234375], [0.0, 0.0, 0.0, 1.0]], [[0.011222298257052898, -0.9997544288635254, -0.01910891942679882, 0.0086517333984375], [0.07324553281068802, 0.019880667328834534, -0.9971157312393188, 1.490997314453125], [0.9972507953643799, 0.0097902687266469, 0.07345064729452133, -1.5867919921875], [0.0, 0.0, 0.0, 1.0]], [[-0.8411789536476135, -0.5356301665306091, -0.07428425550460815, 0.9964599609375], [0.08098863810300827, 0.01103328075259924, -0.9966539740562439, 1.502197265625], [0.5346575975418091, -0.8443806171417236, 0.034098993986845016, -1.2161865234375], [0.0, 0.0, 0.0, 1.0]], [[0.9463803172111511, 0.3174248933792114, 0.060048479586839676, -1.14697265625], [0.054781313985586166, 0.025501450523734093, -0.9981726408004761, 1.5618667602539062], [-0.31837621331214905, 0.9479405283927917, 0.006745113525539637, -0.155029296875], [0.0, 0.0, 0.0, 1.0]], [[0.008982243947684765, 0.999782383441925, 0.01882682554423809, -0.0290374755859375], [0.057255521416664124, 0.018282484263181686, -0.9981921315193176, 1.5702972412109375], [-0.998319149017334, 0.010043888352811337, -0.05707884952425957, 0.0050048828125], [0.0, 0.0, 0.0, 1.0]], [[-0.9216127395629883, 0.3836517930030823, -0.05866114795207977, 1.0865478515625], [0.06178312003612518, -0.004192482680082321, -0.9980807900428772, 1.5527572631835938], [-0.38316139578819275, -0.923468291759491, -0.01983935758471489, -0.073486328125], [0.0, 0.0, 0.0, 1.0]]], "view": [[0.0, -2.0, 100.0], [-2.0, 0.0, 100.0], [0.0, 0.0, 1.0]], "bev": "bev_31708fd46e3c4eee8d753bfaaaef7e16.png", "aux": "aux_31708fd46e3c4eee8d753bfaaaef7e16.npz", "visibility": "visibility_31708fd46e3c4eee8d753bfaaaef7e16.png", "pose": [[-0.7128832340240479, 0.7012827396392822, 0.0, 1357.373046875], [-0.7012827396392822, -0.7128832340240479, 0.0, 1131.7200927734375], [0.0, 0.0, 1.0, 0.0], [0.0, 0.0, 0.0, 1.0]], "pose_inverse": [[-0.7128832340240479, -0.7012827396392822, 0.0, 1761.3043212890625], [0.7012827396392822, -0.7128832340240479, 0.0, -145.11795043945312], [0.0, 0.0, 1.0, 0.0], [0.0, 0.0, 0.0, 1.0]], "cam_ids": [0, 1, 2, 3, 4, 5], "cam_channels": ["CAM_FRONT_LEFT", "CAM_FRONT", "CAM_FRONT_RIGHT", "CAM_BACK_LEFT", "CAM_BACK", "CAM_BACK_RIGHT"], "token": "31708fd46e3c4eee8d753bfaaaef7e16", "scene": "scene-0388"}, {"images": ["samples/CAM_FRONT_LEFT/n008-2018-08-31-11-56-46-0400__CAM_FRONT_LEFT__1535731049854799.jpg", "samples/CAM_FRONT/n008-2018-08-31-11-56-46-0400__CAM_FRONT__1535731049862404.jpg", "samples/CAM_FRONT_RIGHT/n008-2018-08-31-11-56-46-0400__CAM_FRONT_RIGHT__1535731049870482.jpg", "samples/CAM_BACK_LEFT/n008-2018-08-31-11-56-46-0400__CAM_BACK_LEFT__1535731049897405.jpg", "samples/CAM_BACK/n008-2018-08-31-11-56-46-0400__CAM_BACK__1535731049887558.jpg", "samples/CAM_BACK_RIGHT/n008-2018-08-31-11-56-46-0400__CAM_BACK_RIGHT__1535731049878113.jpg"], "intrinsics": [[[1257.8625342125129, 0.0, 827.2410631095686], [0.0, 1257.8625342125129, 450.915498205774], [0.0, 0.0, 1.0]], [[1252.8131021185304, 0.0, 826.588114781398], [0.0, 1252.8131021185304, 469.9846626224581], [0.0, 0.0, 1.0]], [[1256.7485116440405, 0.0, 817.7887570959712], [0.0, 1256.7485116440403, 451.9541780095127], [0.0, 0.0, 1.0]], [[1254.9860565800168, 0.0, 829.5769333630991], [0.0, 1254.9860565800168, 467.1680561863987], [0.0, 0.0, 1.0]], [[796.8910634503094, 0.0, 857.7774326863696], [0.0, 796.8910634503094, 476.8848988407415], [0.0, 0.0, 1.0]], [[1249.9629280788233, 0.0, 825.3768045375984], [0.0, 1249.9629280788233, 462.54816385708756], [0.0, 0.0, 1.0]]], "extrinsics": [[[0.8203240036964417, -0.5697160363197327, 0.049922067672014236, -0.8387451171875], [0.07097166776657104, 0.01479517761617899, -0.997368574142456, 1.5025711059570312], [0.567478358745575, 0.8217084407806396, 0.052570536732673645, -1.22039794921875], [0.0, 0.0, 0.0, 1.0]], [[0.009697118774056435, -0.9999033212661743, -0.009967757388949394, 0.0084381103515625], [0.07313378155231476, 0.010650715790688992, -0.9972652792930603, 1.4922332763671875], [0.9972749948501587, 0.008941620588302612, 0.07322999089956284, -1.56982421875], [0.0, 0.0, 0.0, 1.0]], [[-0.841867208480835, -0.5351573824882507, -0.06975869834423065, 0.984130859375], [0.08130139112472534, 0.0020230470690876245, -0.9966874718666077, 1.5034027099609375], [0.533525824546814, -0.8447500467300415, 0.04180590435862541, -1.2088623046875], [0.0, 0.0, 0.0, 1.0]], [[0.946362316608429, 0.31763139367103577, 0.05923451483249664, -1.144287109375], [0.056431639939546585, 0.018026262521743774, -0.9982437491416931, 1.5620269775390625], [-0.318141371011734, 0.9480429291725159, -0.0008650876698084176, -0.15582275390625], [0.0, 0.0, 0.0, 1.0]], [[0.00964326597750187, 0.9998966455459595, 0.010664212517440319, -0.0288238525390625], [0.05848098546266556, 0.010082514025270939, -0.9982376098632812, 1.5707473754882812], [-0.9982420206069946, 0.010249895043671131, -0.058377716690301895, -0.0015869140625], [0.0, 0.0, 0.0, 1.0]], [[-0.9211663603782654, 0.3840940296649933, -0.0626455619931221, 1.07666015625], [0.06249731779098511, -0.012880872003734112, -0.9979619979858398, 1.5535049438476562], [-0.38411808013916016, -0.9232041835784912, -0.012139413505792618, -0.07781982421875], [0.0, 0.0, 0.0, 1.0]]], "view": [[0.0, -2.0, 100.0], [-2.0, 0.0, 100.0], [0.0, 0.0, 1.0]], "bev": "bev_b21c5fae06fc4893802c88ccca5187aa.png", "aux": "aux_b21c5fae06fc4893802c88ccca5187aa.npz", "visibility": "visibility_b21c5fae06fc4893802c88ccca5187aa.png", "pose": [[-0.7138894200325012, 0.7002584934234619, 0.0, 1355.89892578125], [-0.7002584934234619, -0.7138894200325012, 0.0, 1130.2984619140625], [0.0, 0.0, 1.0, 0.0], [0.0, 0.0, 0.0, 1.0]], "pose_inverse": [[-0.7138894200325012, -0.7002584934234619, 0.0, 1759.462890625], [0.7002584934234619, -0.7138894200325012, 0.0, -142.57159423828125], [0.0, 0.0, 1.0, 0.0], [0.0, 0.0, 0.0, 1.0]], "cam_ids": [0, 1, 2, 3, 4, 5], "cam_channels": ["CAM_FRONT_LEFT", "CAM_FRONT", "CAM_FRONT_RIGHT", "CAM_BACK_LEFT", "CAM_BACK", "CAM_BACK_RIGHT"], "token": "b21c5fae06fc4893802c88ccca5187aa", "scene": "scene-0388"}, {"images": ["samples/CAM_FRONT_LEFT/n008-2018-08-31-11-56-46-0400__CAM_FRONT_LEFT__1535731050354799.jpg", "samples/CAM_FRONT/n008-2018-08-31-11-56-46-0400__CAM_FRONT__1535731050362404.jpg", "samples/CAM_FRONT_RIGHT/n008-2018-08-31-11-56-46-0400__CAM_FRONT_RIGHT__1535731050370482.jpg", "samples/CAM_BACK_LEFT/n008-2018-08-31-11-56-46-0400__CAM_BACK_LEFT__1535731050397405.jpg", "samples/CAM_BACK/n008-2018-08-31-11-56-46-0400__CAM_BACK__1535731050387558.jpg", "samples/CAM_BACK_RIGHT/n008-2018-08-31-11-56-46-0400__CAM_BACK_RIGHT__1535731050378113.jpg"], "intrinsics": [[[1257.8625342125129, 0.0, 827.2410631095686], [0.0, 1257.8625342125129, 450.915498205774], [0.0, 0.0, 1.0]], [[1252.8131021185304, 0.0, 826.588114781398], [0.0, 1252.8131021185304, 469.9846626224581], [0.0, 0.0, 1.0]], [[1256.7485116440405, 0.0, 817.7887570959712], [0.0, 1256.7485116440403, 451.9541780095127], [0.0, 0.0, 1.0]], [[1254.9860565800168, 0.0, 829.5769333630991], [0.0, 1254.9860565800168, 467.1680561863987], [0.0, 0.0, 1.0]], [[796.8910634503094, 0.0, 857.7774326863696], [0.0, 796.8910634503094, 476.8848988407415], [0.0, 0.0, 1.0]], [[1249.9629280788233, 0.0, 825.3768045375984], [0.0, 1249.9629280788233, 462.54816385708756], [0.0, 0.0, 1.0]]], "extrinsics": [[[0.8210292458534241, -0.5694622993469238, 0.04029413312673569, -0.82373046875], [0.06612855941057205, 0.024760080501437187, -0.9975038170814514, 1.5028076171875], [0.5670431852340698, 0.8216444253921509, 0.05798647925257683, -1.209716796875], [0.0, 0.0, 0.0, 1.0]], [[0.0104855727404356, -0.9997492432594299, -0.019786503165960312, 0.008575439453125], [0.0676671713590622, 0.020451663061976433, -0.9974983334541321, 1.492401123046875], [0.9976528286933899, 0.009120522066950798, 0.06786465644836426, -1.553955078125], [0.0, 0.0, 0.0, 1.0]], [[-0.8418310880661011, -0.5352171063423157, -0.06973469257354736, 0.9730224609375], [0.07525476068258286, 0.011547613888978958, -0.9970974922180176, 1.5036163330078125], [0.5344688892364502, -0.8446356058120728, 0.03055649623274803, -1.20166015625], [0.0, 0.0, 0.0, 1.0]], [[0.9466588497161865, 0.31767022609710693, 0.05406086519360542, -1.139892578125], [0.04828012362122536, 0.02604791522026062, -0.9984940886497498, 1.5622482299804688], [-0.31860002875328064, 0.9478433728218079, 0.009321333840489388, -0.157470703125], [0.0, 0.0, 0.0, 1.0]], [[0.00906299240887165, 0.999772846698761, 0.01929067261517048, -0.0288543701171875], [0.05104580149054527, 0.018803751096129417, -0.998519241809845, 1.5708084106445312], [-0.9986551403999329, 0.010034319944679737, -0.05086378753185272, -0.009765625], [0.0, 0.0, 0.0, 1.0]], [[-0.9218815565109253, 0.3838486671447754, -0.05286339670419693, 1.066650390625], [0.055723365396261215, -0.003674779087305069, -0.9984394907951355, 1.5534744262695312], [-0.38344383239746094, -0.923388659954071, -0.018001627177000046, -0.081787109375], [0.0, 0.0, 0.0, 1.0]]], "view": [[0.0, -2.0, 100.0], [-2.0, 0.0, 100.0], [0.0, 0.0, 1.0]], "bev": "bev_c2ade7f0b33c4e088877ba8e1d8e8e3c.png", "aux": "aux_c2ade7f0b33c4e088877ba8e1d8e8e3c.npz", "visibility": "visibility_c2ade7f0b33c4e088877ba8e1d8e8e3c.png", "pose": [[-0.711418092250824, 0.7027689814567566, 0.0, 1354.140869140625], [-0.7027689814567566, -0.711418092250824, 0.0, 1128.5821533203125], [0.0, 0.0, 1.0, 0.0], [0.0, 0.0, 0.0, 1.0]], "pose_inverse": [[-0.711418092250824, -0.7027689814567566, 0.0, 1756.492919921875], [0.7027689814567566, -0.711418092250824, 0.0, -148.75445556640625], [0.0, 0.0, 1.0, 0.0], [0.0, 0.0, 0.0, 1.0]], "cam_ids": [0, 1, 2, 3, 4, 5], "cam_channels": ["CAM_FRONT_LEFT", "CAM_FRONT", "CAM_FRONT_RIGHT", "CAM_BACK_LEFT", "CAM_BACK", "CAM_BACK_RIGHT"], "token": "c2ade7f0b33c4e088877ba8e1d8e8e3c", "scene": "scene-0388"}, {"images": ["samples/CAM_FRONT_LEFT/n008-2018-08-31-11-56-46-0400__CAM_FRONT_LEFT__1535731050754799.jpg", "samples/CAM_FRONT/n008-2018-08-31-11-56-46-0400__CAM_FRONT__1535731050762404.jpg", "samples/CAM_FRONT_RIGHT/n008-2018-08-31-11-56-46-0400__CAM_FRONT_RIGHT__1535731050770482.jpg", "samples/CAM_BACK_LEFT/n008-2018-08-31-11-56-46-0400__CAM_BACK_LEFT__1535731050797405.jpg", "samples/CAM_BACK/n008-2018-08-31-11-56-46-0400__CAM_BACK__1535731050787558.jpg", "samples/CAM_BACK_RIGHT/n008-2018-08-31-11-56-46-0400__CAM_BACK_RIGHT__1535731050778113.jpg"], "intrinsics": [[[1257.8625342125129, 0.0, 827.2410631095686], [0.0, 1257.8625342125129, 450.915498205774], [0.0, 0.0, 1.0]], [[1252.8131021185304, 0.0, 826.588114781398], [0.0, 1252.8131021185304, 469.9846626224581], [0.0, 0.0, 1.0]], [[1256.7485116440405, 0.0, 817.7887570959712], [0.0, 1256.7485116440403, 451.9541780095127], [0.0, 0.0, 1.0]], [[1254.9860565800168, 0.0, 829.5769333630991], [0.0, 1254.9860565800168, 467.1680561863987], [0.0, 0.0, 1.0]], [[796.8910634503094, 0.0, 857.7774326863696], [0.0, 796.8910634503094, 476.8848988407415], [0.0, 0.0, 1.0]], [[1249.9629280788233, 0.0, 825.3768045375984], [0.0, 1249.9629280788233, 462.54816385708756], [0.0, 0.0, 1.0]]], "extrinsics": [[[0.8211900591850281, -0.5702441334724426, 0.02164420299232006, -0.810791015625], [0.047702353447675705, 0.03079981729388237, -0.9983866214752197, 1.4994583129882812], [0.5686575174331665, 0.82089763879776, 0.05249449238181114, -1.2010498046875], [0.0, 0.0, 0.0, 1.0]], [[0.009484196081757545, -0.9996082186698914, -0.026334751397371292, 0.008575439453125], [0.04981739819049835, 0.02677556686103344, -0.9983993768692017, 1.4898300170898438], [0.9987133145332336, 0.008157012052834034, 0.05005182325839996, -1.540283203125], [0.0, 0.0, 0.0, 1.0]], [[-0.8431353569030762, -0.5344796776771545, -0.058773983269929886, 0.9635009765625], [0.058033332228660583, 0.018214372918009758, -0.9981484413146973, 1.5018386840820312], [0.5345605611801147, -0.8449850678443909, 0.015660449862480164, -1.1956787109375], [0.0, 0.0, 0.0, 1.0]], [[0.9471622705459595, 0.3178999423980713, 0.042701058089733124, -1.1375732421875], [0.03358103707432747, 0.034115832298994064, -0.9988535642623901, 1.5622673034667969], [-0.3189922273159027, 0.947510302066803, 0.021637819707393646, -0.1583251953125], [0.0, 0.0, 0.0, 1.0]], [[0.00918497983366251, 0.9996020197868347, 0.026674577966332436, -0.02874755859375], [0.03526625782251358, 0.02633529156446457, -0.9990308284759521, 1.5701560974121094], [-0.9993358254432678, 0.010116790421307087, -0.035010337829589844, -0.0152587890625], [0.0, 0.0, 0.0, 1.0]], [[-0.9225504994392395, 0.38429