[{"images": ["samples/CAM_FRONT_LEFT/n008-2018-09-18-14-54-39-0400__CAM_FRONT_LEFT__1537297573854799.jpg", "samples/CAM_FRONT/n008-2018-09-18-14-54-39-0400__CAM_FRONT__1537297573862404.jpg", "samples/CAM_FRONT_RIGHT/n008-2018-09-18-14-54-39-0400__CAM_FRONT_RIGHT__1537297573870482.jpg", "samples/CAM_BACK_LEFT/n008-2018-09-18-14-54-39-0400__CAM_BACK_LEFT__1537297573897405.jpg", "samples/CAM_BACK/n008-2018-09-18-14-54-39-0400__CAM_BACK__1537297573887558.jpg", "samples/CAM_BACK_RIGHT/n008-2018-09-18-14-54-39-0400__CAM_BACK_RIGHT__1537297573878113.jpg"], "intrinsics": [[[1257.8625342125129, 0.0, 827.2410631095686], [0.0, 1257.8625342125129, 450.915498205774], [0.0, 0.0, 1.0]], [[1252.8131021185304, 0.0, 826.588114781398], [0.0, 1252.8131021185304, 469.9846626224581], [0.0, 0.0, 1.0]], [[1256.7485116440405, 0.0, 817.7887570959712], [0.0, 1256.7485116440403, 451.9541780095127], [0.0, 0.0, 1.0]], [[1254.9860565800168, 0.0, 829.5769333630991], [0.0, 1254.9860565800168, 467.1680561863987], [0.0, 0.0, 1.0]], [[796.8910634503094, 0.0, 857.7774326863696], [0.0, 796.8910634503094, 476.8848988407415], [0.0, 0.0, 1.0]], [[1249.9629280788233, 0.0, 825.3768045375984], [0.0, 1249.9629280788233, 462.54816385708756], [0.0, 0.0, 1.0]]], "extrinsics": [[[0.8223143219947815, -0.5685563683509827, -0.023300623521208763, -0.75439453125], [-0.017164791002869606, 0.016144923865795135, -0.9997223019599915, 1.4830551147460938], [0.5687746405601501, 0.8224859237670898, 0.0035170491319149733, -1.1622314453125], [0.0, 0.0, 0.0, 1.0]], [[0.010012860409915447, -0.9998766779899597, -0.012097065337002277, 0.0093994140625], [-0.015838460996747017, 0.011937569826841354, -0.9998033046722412, 1.4761695861816406], [0.9998244643211365, 0.010202511213719845, -0.015716977417469025, -1.4836502075195312], [0.0, 0.0, 0.0, 1.0]], [[-0.8440828919410706, -0.5361852645874023, 0.005421814974397421, 0.926513671875], [-0.008420608937740326, 0.003144614165648818, -0.9999595880508423, 1.4914259910583496], [0.5361465811729431, -0.844094455242157, -0.0071693225763738155, -1.172119140625], [0.0, 0.0, 0.0, 1.0]], [[0.9474091529846191, 0.31877297163009644, -0.028279541060328484, -1.13641357421875], [-0.035850804299116135, 0.01790791004896164, -0.9991966485977173, 1.5617523193359375], [-0.3180104196071625, 0.9476618766784668, 0.028394382447004318, -0.15869140625], [0.0, 0.0, 0.0, 1.0]], [[0.009378276765346527, 0.9999032616615295, 0.01026983093470335, -0.0283203125], [-0.033030834048986435, 0.010574448853731155, -0.9993983507156372, 1.565530776977539], [-0.9994103908538818, 0.009033448994159698, 0.03312681242823601, -0.03214454650878906], [0.0, 0.0, 0.0, 1.0]], [[-0.9235203266143799, 0.38295817375183105, 0.021287105977535248, 1.029052734375], [-0.028022250160574913, -0.012016747146844864, -0.999535083770752, 1.5438365936279297], [-0.3825242221355438, -0.9236875176429749, 0.021829059347510338, -0.097412109375], [0.0, 0.0, 0.0, 1.0]]], "view": [[0.0, -2.0, 100.0], [-2.0, 0.0, 100.0], [0.0, 0.0, 1.0]], "bev": "bev_b873993ce02a402cb9b285f014e6d2b8.png", "aux": "aux_b873993ce02a402cb9b285f014e6d2b8.npz", "visibility": "visibility_b873993ce02a402cb9b285f014e6d2b8.png", "pose": [[-0.8555484414100647, -0.5177227854728699, 0.0, 1096.7904052734375], [0.5177227854728699, -0.8555484414100647, 0.0, 1727.4970703125], [0.0, 0.0, 1.0, 0.0], [0.0, 0.0, 0.0, 1.0]], "pose_inverse": [[-0.8555484414100647, 0.5177227854728699, 0.0, 43.992706298828125], [-0.5177227854728699, -0.8555484414100647, 0.0, 2045.790771484375], [0.0, 0.0, 1.0, 0.0], [0.0, 0.0, 0.0, 1.0]], "cam_ids": [0, 1, 2, 3, 4, 5], "cam_channels": ["CAM_FRONT_LEFT", "CAM_FRONT", "CAM_FRONT_RIGHT", "CAM_BACK_LEFT", "CAM_BACK", "CAM_BACK_RIGHT"], "token": "b873993ce02a402cb9b285f014e6d2b8", "scene": "scene-0892"}, {"images": ["samples/CAM_FRONT_LEFT/n008-2018-09-18-14-54-39-0400__CAM_FRONT_LEFT__1537297574354799.jpg", "samples/CAM_FRONT/n008-2018-09-18-14-54-39-0400__CAM_FRONT__1537297574362404.jpg", "samples/CAM_FRONT_RIGHT/n008-2018-09-18-14-54-39-0400__CAM_FRONT_RIGHT__1537297574370482.jpg", "samples/CAM_BACK_LEFT/n008-2018-09-18-14-54-39-0400__CAM_BACK_LEFT__1537297574397405.jpg", "samples/CAM_BACK/n008-2018-09-18-14-54-39-0400__CAM_BACK__1537297574387558.jpg", "samples/CAM_BACK_RIGHT/n008-2018-09-18-14-54-39-0400__CAM_BACK_RIGHT__1537297574378113.jpg"], "intrinsics": [[[1257.8625342125129, 0.0, 827.2410631095686], [0.0, 1257.8625342125129, 450.915498205774], [0.0, 0.0, 1.0]], [[1252.8131021185304, 0.0, 826.588114781398], [0.0, 1252.8131021185304, 469.9846626224581], [0.0, 0.0, 1.0]], [[1256.7485116440405, 0.0, 817.7887570959712], [0.0, 1256.7485116440403, 451.9541780095127], [0.0, 0.0, 1.0]], [[1254.9860565800168, 0.0, 829.5769333630991], [0.0, 1254.9860565800168, 467.1680561863987], [0.0, 0.0, 1.0]], [[796.8910634503094, 0.0, 857.7774326863696], [0.0, 796.8910634503094, 476.8848988407415], [0.0, 0.0, 1.0]], [[1249.9629280788233, 0.0, 825.3768045375984], [0.0, 1249.9629280788233, 462.54816385708756], [0.0, 0.0, 1.0]]], "extrinsics": [[[0.8224732279777527, -0.5684537291526794, -0.019955109804868698, -0.758544921875], [-0.012474746443331242, 0.01704714447259903, -0.9997768402099609, 1.4845390319824219], [0.5686669945716858, 0.8225386142730713, 0.006929505150765181, -1.166015625], [0.0, 0.0, 0.0, 1.0]], [[0.010210626758635044, -0.9998622536659241, -0.013084164820611477, 0.0098876953125], [-0.010291162878274918, 0.012979078106582165, -0.999862790107727, 1.4776115417480469], [0.9998948574066162, 0.010343917645514011, -0.010157220996916294, -1.4890480041503906], [0.0, 0.0, 0.0, 1.0]], [[-0.8440519571304321, -0.5362611413002014, -0.0005538413533940911, 0.9305419921875], [-0.002116053830832243, 0.004363351035863161, -0.9999881982803345, 1.492661476135254], [0.536257266998291, -0.8440408706665039, -0.004817652981728315, -1.174072265625], [0.0, 0.0, 0.0, 1.0]], [[0.9476344585418701, 0.31875526905059814, -0.019595293328166008, -1.13690185546875], [-0.027360402047634125, 0.019901111721992493, -0.9994274973869324, 1.5618400573730469], [-0.31818288564682007, 0.9476280808448792, 0.027580253779888153, -0.158447265625], [0.0, 0.0, 0.0, 1.0]], [[0.00931152980774641, 0.9998849034309387, 0.01197971310466528, -0.0286865234375], [-0.025207994505763054, 0.012211143970489502, -0.9996075630187988, 1.566183090209961], [-0.9996389150619507, 0.009005879051983356, 0.025318799540400505, -0.029850006103515625], [0.0, 0.0, 0.0, 1.0]], [[-0.9236617088317871, 0.3828983008861542, 0.015420674346387386, 1.0323486328125], [-0.021092377603054047, -0.010618613101541996, -0.999721109867096, 1.544900894165039], [-0.38262778520584106, -0.923729419708252, 0.01788424327969551, -0.095703125], [0.0, 0.0, 0.0, 1.0]]], "view": [[0.0, -2.0, 100.0], [-2.0, 0.0, 100.0], [0.0, 0.0, 1.0]], "bev": "bev_f821e777b4524f04aedf21572922954a.png", "aux": "aux_f821e777b4524f04aedf21572922954a.npz", "visibility": "visibility_f821e777b4524f04aedf21572922954a.png", "pose": [[-0.8546125888824463, -0.5192661285400391, 0.0, 1093.8675537109375], [0.5192661285400391, -0.8546125888824463, 0.0, 1729.291015625], [0.0, 0.0, 1.0, 0.0], [0.0, 0.0, 0.0, 1.0]], "pose_inverse": [[-0.8546125888824463, 0.5192661285400391, 0.0, 36.87068176269531], [-0.5192661285400391, -0.8546125888824463, 0.0, 2045.8822021484375], [0.0, 0.0, 1.0, 0.0], [0.0, 0.0, 0.0, 1.0]], "cam_ids": [0, 1, 2, 3, 4, 5], "cam_channels": ["CAM_FRONT_LEFT", "CAM_FRONT", "CAM_FRONT_RIGHT", "CAM_BACK_LEFT", "CAM_BACK", "CAM_BACK_RIGHT"], "token": "f821e777b4524f04aedf21572922954a", "scene": "scene-0892"}, {"images": ["samples/CAM_FRONT_LEFT/n008-2018-09-18-14-54-39-0400__CAM_FRONT_LEFT__1537297574854799.jpg", "samples/CAM_FRONT/n008-2018-09-18-14-54-39-0400__CAM_FRONT__1537297574862404.jpg", "samples/CAM_FRONT_RIGHT/n008-2018-09-18-14-54-39-0400__CAM_FRONT_RIGHT__1537297574870482.jpg", "samples/CAM_BACK_LEFT/n008-2018-09-18-14-54-39-0400__CAM_BACK_LEFT__1537297574897405.jpg", "samples/CAM_BACK/n008-2018-09-18-14-54-39-0400__CAM_BACK__1537297574887558.jpg", "samples/CAM_BACK_RIGHT/n008-2018-09-18-14-54-39-0400__CAM_BACK_RIGHT__1537297574878113.jpg"], "intrinsics": [[[1257.8625342125129, 0.0, 827.2410631095686], [0.0, 1257.8625342125129, 450.915498205774], [0.0, 0.0, 1.0]], [[1252.8131021185304, 0.0, 826.588114781398], [0.0, 1252.8131021185304, 469.9846626224581], [0.0, 0.0, 1.0]], [[1256.7485116440405, 0.0, 817.7887570959712], [0.0, 1256.7485116440403, 451.9541780095127], [0.0, 0.0, 1.0]], [[1254.9860565800168, 0.0, 829.5769333630991], [0.0, 1254.9860565800168, 467.1680561863987], [0.0, 0.0, 1.0]], [[796.8910634503094, 0.0, 857.7774326863696], [0.0, 796.8910634503094, 476.8848988407415], [0.0, 0.0, 1.0]], [[1249.9629280788233, 0.0, 825.3768045375984], [0.0, 1249.9629280788233, 462.54816385708756], [0.0, 0.0, 1.0]]], "extrinsics": [[[0.8220409154891968, -0.5681930780410767, -0.037488263100385666, -0.760009765625], [-0.030462952330708504, 0.021858960390090942, -0.9992968440055847, 1.4792137145996094], [0.5686129331588745, 0.8226049542427063, 0.0006601240020245314, -1.1650390625], [0.0, 0.0, 0.0, 1.0]], [[0.010185113176703453, -0.9997960329055786, -0.017438994720578194, 0.008544921875], [-0.027819998562335968, 0.017149826511740685, -0.999465823173523, 1.4732933044433594], [0.9995610117912292, 0.010664802975952625, -0.02763965353369713, -1.4881629943847656], [0.0, 0.0, 0.0, 1.0]], [[-0.8438242673873901, -0.5364936590194702, 0.011625909246504307, 0.928955078125], [-0.01888825185596943, 0.00804278813302517, -0.9997892379760742, 1.4894390106201172], [0.5362870693206787, -0.8438660502433777, -0.016920125111937523, -1.174072265625], [0.0, 0.0, 0.0, 1.0]], [[0.9472768902778625, 0.31893113255500793, -0.03081212006509304, -1.13470458984375], [-0.04037416726350784, 0.023412495851516724, -0.9989102482795715, 1.5616416931152344], [-0.31786221265792847, 0.9474886655807495, 0.03505469486117363, -0.1593017578125], [0.0, 0.0, 0.0, 1.0]], [[0.009330137632787228, 0.9998428821563721, 0.015068772248923779, -0.0281982421875], [-0.039985135197639465, 0.015430418774485588, -0.9990811347961426, 1.5650005340576172], [-0.9991567730903625, 0.008719026111066341, 0.04012282192707062, -0.03200531005859375], [0.0, 0.0, 0.0, 1.0]], [[-0.9233784675598145, 0.3826082944869995, 0.03135482594370842, 1.03082275390625], [-0.03692758455872536, -0.007228048983961344, -0.9992917776107788, 1.5426273345947266], [-0.38211068511009216, -0.9238823056221008, 0.020803024992346764, -0.09716796875], [0.0, 0.0, 0.0, 1.0]]], "view": [[0.0, -2.0, 100.0], [-2.0, 0.0, 100.0], [0.0, 0.0, 1.0]], "bev": "bev_81583620ec5b451282f9d9075263e3da.png", "aux": "aux_81583620ec5b451282f9d9075263e3da.npz", "visibility": "visibility_81583620ec5b451282f9d9075263e3da.png", "pose": [[-0.8552286028862, -0.5182509422302246, 0.0, 1091.041748046875], [0.5182509422302246, -0.8552286028862, 0.0, 1731.031005859375], [0.0, 0.0, 1.0, 0.0], [0.0, 0.0, 0.0, 1.0]], "pose_inverse": [[-0.8552286028862, 0.5182509422302246, 0.0, 35.98170852661133], [-0.5182509422302246, -0.8552286028862, 0.0, 2045.860595703125], [0.0, 0.0, 1.0, 0.0], [0.0, 0.0, 0.0, 1.0]], "cam_ids": [0, 1, 2, 3, 4, 5], "cam_channels": ["CAM_FRONT_LEFT", "CAM_FRONT", "CAM_FRONT_RIGHT", "CAM_BACK_LEFT", "CAM_BACK", "CAM_BACK_RIGHT"], "token": "81583620ec5b451282f9d9075263e3da", "scene": "scene-0892"}, {"images": ["samples/CAM_FRONT_LEFT/n008-2018-09-18-14-54-39-0400__CAM_FRONT_LEFT__1537297575404799.jpg", "samples/CAM_FRONT/n008-2018-09-18-14-54-39-0400__CAM_FRONT__1537297575412404.jpg", "samples/CAM_FRONT_RIGHT/n008-2018-09-18-14-54-39-0400__CAM_FRONT_RIGHT__1537297575420560.jpg", "samples/CAM_BACK_LEFT/n008-2018-09-18-14-54-39-0400__CAM_BACK_LEFT__1537297575447405.jpg", "samples/CAM_BACK/n008-2018-09-18-14-54-39-0400__CAM_BACK__1537297575437558.jpg", "samples/CAM_BACK_RIGHT/n008-2018-09-18-14-54-39-0400__CAM_BACK_RIGHT__1537297575428113.jpg"], "intrinsics": [[[1257.8625342125129, 0.0, 827.2410631095686], [0.0, 1257.8625342125129, 450.915498205774], [0.0, 0.0, 1.0]], [[1252.8131021185304, 0.0, 826.588114781398], [0.0, 1252.8131021185304, 469.9846626224581], [0.0, 0.0, 1.0]], [[1256.7485116440405, 0.0, 817.7887570959712], [0.0, 1256.7485116440403, 451.9541780095127], [0.0, 0.0, 1.0]], [[1254.9860565800168, 0.0, 829.5769333630991], [0.0, 1254.9860565800168, 467.1680561863987], [0.0, 0.0, 1.0]], [[796.8910634503094, 0.0, 857.7774326863696], [0.0, 796.8910634503094, 476.8848988407415], [0.0, 0.0, 1.0]], [[1249.9629280788233, 0.0, 825.3768045375984], [0.0, 1249.9629280788233, 462.54816385708756], [0.0, 0.0, 1.0]]], "extrinsics": [[[0.8212990760803223, -0.5695556998252869, -0.0327734649181366, -0.7672119140625], [-0.004308492410928011, 0.05125315114855766, -0.9986764192581177, 1.486907958984375], [0.5704815983772278, 0.8203532695770264, 0.039640240371227264, -1.171630859375], [0.0, 0.0, 0.0, 1.0]], [[0.008380500599741936, -0.9988359212875366, -0.047502316534519196, 0.0096435546875], [-0.0034239667002111673, 0.047475047409534454, -0.9988665580749512, 1.4792404174804688], [0.9999590516090393, 0.008533583022654057, -0.0030221184715628624, -1.4969520568847656], [0.0, 0.0, 0.0, 1.0]], [[-0.8448737859725952, -0.5344337224960327, -0.023852279409766197, 0.9359130859375], [0.0034515231382101774, 0.039140041917562485, -0.99922776222229, 1.4936370849609375], [0.5349546074867249, -0.8443036675453186, -0.031223786994814873, -1.1776123046875], [0.0, 0.0, 0.0, 1.0]], [[0.9478713274002075, 0.3186056315898895, -0.005517010577023029, -1.136962890625], [-0.024389084428548813, 0.05527455359697342, -0.9981732368469238, 1.561859130859375], [-0.31771865487098694, 0.9462743401527405, 0.06016366556286812, -0.158447265625], [0.0, 0.0, 0.0, 1.0]], [[0.010180357843637466, 0.9988290667533875, 0.047295041382312775, -0.0286865234375], [-0.0216252189129591, 0.04750634729862213, -0.998636782169342, 1.5664596557617188], [-0.9997142553329468, 0.009143642149865627, 0.022083530202507973, -0.027862548828125], [0.0, 0.0, 0.0, 1.0]], [[-0.9232388138771057, 0.38343819975852966, 0.024597974494099617, 1.0360107421875], [-0.01647932082414627, 0.02444443851709366, -0.9995653629302979, 1.545562744140625], [-0.3838728368282318, -0.92324298620224, -0.01624925807118416, -0.09423828125], [0.0, 0.0, 0.0, 1.0]]], "view": [[0.0, -2.0, 100.0], [-2.0, 0.0, 100.0], [0.0, 0.0, 1.0]], "bev": "bev_3b1910c47cf84e0c845a2618d5680983.png", "aux": "aux_3b1910c47cf84e0c845a2618d5680983.npz", "visibility": "visibility_3b1910c47cf84e0c845a2618d5680983.png", "pose": [[-0.8561652302742004, -0.5167021155357361, 0.0, 1087.9342041015625], [0.5167021155357361, -0.8561652302742004, 0.0, 1732.955322265625], [0.0, 0.0, 1.0, 0.0], [0.0, 0.0, 0.0, 1.0]], "pose_inverse": [[-0.8561652302742004, 0.5167021155357361, 0.0, 36.02983093261719], [-0.5167021155357361, -0.8561652302742004, 0.0, 2045.833984375], [0.0, 0.0, 1.0, 0.0], [0.0, 0.0, 0.0, 1.0]], "cam_ids": [0, 1, 2, 3, 4, 5], "cam_channels": ["CAM_FRONT_LEFT", "CAM_FRONT", "CAM_FRONT_RIGHT", "CAM_BACK_LEFT", "CAM_BACK", "CAM_BACK_RIGHT"], "token": "3b1910c47cf84e0c845a2618d5680983", "scene": "scene-0892"}, {"images": ["samples/CAM_FRONT_LEFT/n008-2018-09-18-14-54-39-0400__CAM_FRONT_LEFT__1537297575904799.jpg", "samples/CAM_FRONT/n008-2018-09-18-14-54-39-0400__CAM_FRONT__1537297575912404.jpg", "samples/CAM_FRONT_RIGHT/n008-2018-09-18-14-54-39-0400__CAM_FRONT_RIGHT__1537297575920482.jpg", "samples/CAM_BACK_LEFT/n008-2018-09-18-14-54-39-0400__CAM_BACK_LEFT__1537297575947405.jpg", "samples/CAM_BACK/n008-2018-09-18-14-54-39-0400__CAM_BACK__1537297575937558.jpg", "samples/CAM_BACK_RIGHT/n008-2018-09-18-14-54-39-0400__CAM_BACK_RIGHT__1537297575928113.jpg"], "intrinsics": [[[1257.8625342125129, 0.0, 827.2410631095686], [0.0, 1257.8625342125129, 450.915498205774], [0.0, 0.0, 1.0]], [[1252.8131021185304, 0.0, 826.588114781398], [0.0, 1252.8131021185304, 469.9846626224581], [0.0, 0.0, 1.0]], [[1256.7485116440405, 0.0, 817.7887570959712], [0.0, 1256.7485116440403, 451.9541780095127], [0.0, 0.0, 1.0]], [[1254.9860565800168, 0.0, 829.5769333630991], [0.0, 1254.9860565800168, 467.1680561863987], [0.0, 0.0, 1.0]], [[796.8910634503094, 0.0, 857.7774326863696], [0.0, 796.8910634503094, 476.8848988407415], [0.0, 0.0, 1.0]], [[1249.9629280788233, 0.0, 825.3768045375984], [0.0, 1249.9629280788233, 462.54816385708756], [0.0, 0.0, 1.0]]], "extrinsics": [[[0.8231188654899597, -0.5674825310707092, -0.02095104195177555, -0.7615966796875], [0.014010097831487656, 0.05717653036117554, -0.9982657432556152, 1.4923477172851562], [0.5676963329315186, 0.8213979005813599, 0.055013567209243774, -1.1671142578125], [0.0, 0.0, 0.0, 1.0]], [[0.011216151528060436, -0.9985941052436829, -0.05180559307336807, 0.0091552734375], [0.01569242775440216, 0.051978256553411484, -0.9985249042510986, 1.4839248657226562], [0.999813973903656, 0.0103866932913661, 0.016253359615802765, -1.4912872314453125], [0.0, 0.0, 0.0, 1.0]], [[-0.843457043170929, -0.5355240106582642, -0.042357735335826874, 0.931396484375], [0.023411141708493233, 0.042131099849939346, -0.9988377690315247, 1.4974594116210938], [0.5366861820220947, -0.843468427658081, -0.022998545318841934, -1.175048828125], [0.0, 0.0, 0.0, 1.0]], [[0.9479188323020935, 0.3182426691055298, 0.013092792592942715, -1.13397216796875], [-0.003821790451183915, 0.052467528730630875, -0.9986153244972229, 1.5620040893554688], [-0.3184890151023865, 0.9465562105178833, 0.050951216369867325, -0.1593017578125], [0.0, 0.0, 0.0, 1.0]], [[0.008940807543694973, 0.9988645911216736, 0.0467928871512413, -0.028564453125], [-0.0007907436229288578, 0.04680180549621582, -0.9989038109779358, 1.5679855346679688], [-0.9999597668647766, 0.008894000202417374, 0.0012082946486771107, -0.03130531311035156], [0.0, 0.0, 0.0, 1.0]], [[-0.923906683921814, 0.3825666904449463, 0.006253502797335386, 1.03240966796875], [0.003929552156478167, 0.025830550119280815, -0.9996585845947266, 1.5483322143554688], [-0.38259759545326233, -0.9235666394233704, -0.025368332862854004, -0.095947265625], [0.0, 0.0, 0.0, 1.0]]], "view": [[0.0, -2.0, 100.0], [-2.0, 0.0, 100.0], [0.0, 0.0, 1.0]], "bev": "bev_0eb986787c5e439f9acc3aab9666b1a4.png", "aux": "aux_0eb986787c5e439f9acc3aab9666b1a4.npz", "visibility": "visibility_0eb986787c5e439f9acc3aab9666b1a4.png", "pose": [[-0.8579458594322205, -0.5137401223182678, 0.0, 1085.0943603515625], [0.5137401223182678, -0.8579458594322205, 0.0, 1734.6719970703125], [0.0, 0.0, 1.0, 0.0], [0.0, 0.0, 0.0, 1.0]], "pose_inverse": [[-0.8579458594322205, 0.5137401223182678, 0.0, 39.78153610229492], [-0.5137401223182678, -0.8579458594322205, 0.0, 2045.711181640625], [0.0, 0.0, 1.0, 0.0], [0.0, 0.0, 0.0, 1.0]], "cam_ids": [0, 1, 2, 3, 4, 5], "cam_channels": ["CAM_FRONT_LEFT", "CAM_FRONT", "CAM_FRONT_RIGHT", "CAM_BACK_LEFT", "CAM_BACK", "CAM_BACK_RIGHT"], "token": "0eb986787c5e439f9acc3aab9666b1a4", "scene": "scene-0892"}, {"images": ["samples/CAM_FRONT_LEFT/n008-2018-09-18-14-54-39-0400__CAM_FRONT_LEFT__1537297576404799.jpg", "samples/CAM_FRONT/n008-2018-09-18-14-54-39-0400__CAM_FRONT__1537297576412404.jpg", "samples/CAM_FRONT_RIGHT/n008-2018-09-18-14-54-39-0400__CAM_FRONT_RIGHT__1537297576420482.jpg", "samples/CAM_BACK_LEFT/n008-2018-09-18-14-54-39-0400__CAM_BACK_LEFT__1537297576447405.jpg", "samples/CAM_BACK/n008-2018-09-18-14-54-39-0400__CAM_BACK__1537297576437558.jpg", "samples/CAM_BACK_RIGHT/n008-2018-09-18-14-54-39-0400__CAM_BACK_RIGHT__1537297576428113.jpg"], "intrinsics": [[[1257.8625342125129, 0.0, 827.2410631095686], [0.0, 1257.8625342125129, 450.915498205774], [0.0, 0.0, 1.0]], [[1252.8131021185304, 0.0, 826.588114781398], [0.0, 1252.8131021185304, 469.9846626224581], [0.0, 0.0, 1.0]], [[1256.7485116440405, 0.0, 817.7887570959712], [0.0, 1256.7485116440403, 451.9541780095127], [0.0, 0.0, 1.0]], [[1254.9860565800168, 0.0, 829.5769333630991], [0.0, 1254.9860565800168, 467.1680561863987], [0.0, 0.0, 1.0]], [[796.8910634503094, 0.0, 857.7774326863696], [0.0, 796.8910634503094, 476.8848988407415], [0.0, 0.0, 1.0]], [[1249.9629280788233, 0.0, 825.3768045375984], [0.0, 1249.9629280788233, 462.54816385708756], [0.0, 0.0, 1.0]]], "extrinsics": [[[0.8226153254508972, -0.5680152177810669, -0.025744294747710228, -0.7586669921875], [0.011301565915346146, 0.06160150468349457, -0.998036801815033, 1.4915237426757812], [0.5684860348701477, 0.8207094073295593, 0.05709380656480789, -1.1658935546875], [0.0, 0.0, 0.0, 1.0]], [[0.010455035604536533, -0.9983396530151367, -0.05664406716823578, 0.0098876953125], [0.01387372799217701, 0.05678653344511986, -0.998289942741394, 1.48345947265625], [0.9998490810394287, 0.009651396423578262, 0.014444400556385517, -1.4888229370117188], [0.0, 0.0, 0.0, 1.0]], [[-0.8437852263450623, -0.5348399877548218, -0.04441474378108978, 0.9302978515625], [0.022551562637090683, 0.04735049977898598, -0.9986236691474915, 1.4972991943359375], [0.5362069606781006, -0.8436256051063538, -0.027892177924513817, -1.173583984375], [0.0, 0.0, 0.0, 1.0]], [[0.9479448795318604, 0.3179333209991455, 0.01785357855260372, -1.13494873046875], [-0.0013094075256958604, 0.05995813012123108, -0.9982000589370728, 1.5620193481445312], [-0.318431556224823, 0.9462152719497681, 0.057253312319517136, -0.1591796875], [0.0, 0.0, 0.0, 1.0]], [[0.009201615117490292, 0.9985247850418091, 0.05351245775818825, -0.02880859375], [0.00042531953658908606, 0.05351080000400543, -0.9985671639442444, 1.5680618286132812], [-0.9999575614929199, 0.00921120960265398, 6.769431638531387e-05, -0.03155517578125], [0.0, 0.0, 0.0, 1.0]], [[-0.923738956451416, 0.38293105363845825, 0.008357968181371689, 1.031494140625], [0.0040512667037546635, 0.03158803656697273, -0.9994927644729614, 1.54833984375], [-0.38300082087516785, -0.9232366681098938, -0.030730461701750755, -0.095947265625], [0.0, 0.0, 0.0, 1.0]]], "view": [[0.0, -2.0, 100.0], [-2.0, 0.0, 100.0], [0.0, 0.0, 1.0]], "bev": "bev_ab42763b10474209ae69266edb9095e2.png", "aux": "aux_ab42763b10474209ae69266edb9095e2.npz", "visibility": "visibility_ab42763b10474209ae69266edb9095e2.png", "pose": [[-0.8578406572341919, -0.5139157176017761, 0.0, 1082.2403564453125], [0.5139157176017761, -0.8578406572341919, 0.0, 1736.42822265625], [0.0, 0.0, 1.0, 0.0], [0.0, 0.0, 0.0, 1.0]], "pose_inverse": [[-0.8578406572341919, 0.5139157176017761, 0.0, 36.01200485229492], [-0.5139157176017761, -0.8578406572341919, 0.0, 2045.7591552734375], [0.0, 0.0, 1.0, 0.0], [0.0, 0.0, 0.0, 1.0]], "cam_ids": [0, 1, 2, 3, 4, 5], "cam_channels": ["CAM_FRONT_LEFT", "CAM_FRONT", "CAM_FRONT_RIGHT", "CAM_BACK_LEFT", "CAM_BACK", "CAM_BACK_RIGHT"], "token": "ab42763b10474209ae69266edb9095e2", "scene": "scene-0892"}, {"images": ["samples/CAM_FRONT_LEFT/n008-2018-09-18-14-54-39-0400__CAM_FRONT_LEFT__1537297576904804.jpg", "samples/CAM_FRONT/n008-2018-09-18-14-54-39-0400__CAM_FRONT__1537297576912404.jpg", "samples/CAM_FRONT_RIGHT/n008-2018-09-18-14-54-39-0400__CAM_FRONT_RIGHT__1537297576920482.jpg", "samples/CAM_BACK_LEFT/n008-2018-09-18-14-54-39-0400__CAM_BACK_LEFT__1537297576947405.jpg", "samples/CAM_BACK/n008-2018-09-18-14-54-39-0400__CAM_BACK__1537297576937558.jpg", "samples/CAM_BACK_RIGHT/n008-2018-09-18-14-54-39-0400__CAM_BACK_RIGHT__1537297576928113.jpg"], "intrinsics": [[[1257.8625342125129, 0.0, 827.2410631095686], [0.0, 1257.8625342125129, 450.915498205774], [0.0, 0.0, 1.0]], [[1252.8131021185304, 0.0, 826.588114781398], [0.0, 1252.8131021185304, 469.9846626224581], [0.0, 0.0, 1.0]], [[1256.7485116440405, 0.0, 817.7887570959712], [0.0, 1256.7485116440403, 451.9541780095127], [0.0, 0.0, 1.0]], [[1254.9860565800168, 0.0, 829.5769333630991], [0.0, 1254.9860565800168, 467.1680561863987], [0.0, 0.0, 1.0]], [[796.8910634503094, 0.0, 857.7774326863696], [0.0, 796.8910634503094, 476.8848988407415], [0.0, 0.0, 1.0]], [[1249.9629280788233, 0.0, 825.3768045375984], [0.0, 1249.9629280788233, 462.54816385708756], [0.0, 0.0, 1.0]]], "extrinsics": [[[0.8225609064102173, -0.568246066570282, -0.022138116881251335, -0.75439453125], [0.013506331481039524, 0.05843953415751457, -0.9981995820999146, 1.491973876953125], [0.5685167908668518, 0.820780873298645, 0.05574499070644379, -1.1680908203125], [0.0, 0.0, 0.0, 1.0]], [[0.010300231166183949, -0.9984870553016663, -0.054014455527067184, 0.013427734375], [0.015524063259363174, 0.05417048931121826, -0.9984110593795776, 1.4837112426757812], [0.9998264908790588, 0.009445282630622387, 0.01605854369699955, -1.4866104125976562], [0.0, 0.0, 0.0, 1.0]], [[-0.8439030051231384, -0.5346710085868835, -0.044210270047187805, 0.9302978515625], [0.023610945791006088, 0.04531230032444, -0.9986937642097473, 1.4974212646484375], [0.5359759330749512, -0.8438446521759033, -0.02561509981751442, -1.1705322265625], [0.0, 0.0, 0.0, 1.0]], [[0.9479462504386902, 0.3178975582122803, 0.018415417522192, -1.13568115234375], [-0.00074572121957317, 0.06004791706800461, -0.998195230960846, 1.5620193481445312], [-0.3184296190738678, 0.946221649646759, 0.05715925619006157, -0.1593017578125], [0.0, 0.0, 0.0, 1.0]], [[0.009344873949885368, 0.9985663294792175, 0.05270582064986229, -0.0299072265625], [0.0008352184086106718, 0.052700307220220566, -0.9986099600791931, 1.5680313110351562], [-0.999955952167511, 0.00937583390623331, -0.0003415443643461913, -0.03171348571777344], [0.0, 0.0, 0.0, 1.0]], [[-0.9236363172531128, 0.3832044005393982, 0.007098899222910404, 1.02960205078125], [0.004821994807571173, 0.030138900503516197, -0.9995340704917908, 1.5483932495117188], [-0.3832398056983948, -0.9231716990470886, -0.029685188084840775, -0.0946044921875], [0.0, 0.0, 0.0, 1.0]]], "view": [[0.0, -2.0, 100.0], [-2.0, 0.0, 100.0], [0.0, 0.0, 1.0]], "bev": "bev_3373f3f8b2ea4633aa1aa35f0b5fcd9f.png", "aux": "aux_3373f3f8b2ea4633aa1aa35f0b5fcd9f.npz", "visibility": "visibility_3373f3f8b2ea4633aa1aa35f0b5fcd9f.png", "pose": [[-0.8578511476516724, -0.5138982534408569, 0.0, 1079.3441162109375], [0.5138982534408569, -0.8578511476516724, 0.0, 1738.221435546875], [0.0, 0.0, 1.0, 0.0], [0.0, 0.0, 0.0, 1.0]], "pose_inverse": [[-0.8578511476516724, 0.5138982534408569, 0.0, 32.64769744873047], [-0.5138982534408569, -0.8578511476516724, 0.0, 2045.808349609375], [0.0, 0.0, 1.0, 0.0], [0.0, 0.0, 0.0, 1.0]], "cam_ids": [0, 1, 2, 3, 4, 5], "cam_channels": ["CAM_FRONT_LEFT", "CAM_FRONT", "CAM_FRONT_RIGHT", "CAM_BACK_LEFT", "CAM_BACK", "CAM_BACK_RIGHT"], "token": "3373f3f8b2ea4633aa1aa35f0b5fcd9f", "scene": "scene-0892"}, {"images": ["samples/CAM_FRONT_LEFT/n008-2018-09-18-14-54-39-0400__CAM_FRONT_LEFT__1537297577504799.jpg", "samples/CAM_FRONT/n008-2018-09-18-14-54-39-0400__CAM_FRONT__1537297577512404.jpg", "samples/CAM_FRONT_RIGHT/n008-2018-09-18-14-54-39-0400__CAM_FRONT_RIGHT__1537297577520482.jpg", "samples/CAM_BACK_LEFT/n008-2018-09-18-14-54-39-0400__CAM_BACK_LEFT__1537297577547405.jpg", "samples/CAM_BACK/n008-2018-09-18-14-54-39-0400__CAM_BACK__1537297577537558.jpg", "samples/CAM_BACK_RIGHT/n008-2018-09-18-14-54-39-0400__CAM_BACK_RIGHT__1537297577528113.jpg"], "intrinsics": [[[1257.8625342125129, 0.0, 827.2410631095686], [0.0, 1257.8625342125129, 450.915498205774], [0.0, 0.0, 1.0]], [[1252.8131021185304, 0.0, 826.588114781398], [0.0, 1252.8131021185304, 469.9846626224581], [0.0, 0.0, 1.0]], [[1256.7485116440405, 0.0, 817.7887570959712], [0.0, 1256.7485116440403, 451.9541780095127], [0.0, 0.0, 1.0]], [[1254.9860565800168, 0.0, 829.5769333630991], [0.0, 1254.9860565800168, 467.1680561863987], [0.0, 0.0, 1.0]], [[796.8910634503094, 0.0, 857.7774326863696], [0.0, 796.8910634503094, 476.8848988407415], [0.0, 0.0, 1.0]], [[1249.9629280788233, 0.0, 825.3768045375984], [0.0, 1249.9629280788233, 462.54816385708756], [0.0, 0.0, 1.0]]], "extrinsics": [[[0.8226833343505859, -0.5680956244468689, -0.021436782553792, -0.7554931640625], [0.007029029540717602, 0.047869306057691574, -0.9988288879394531, 1.4902420043945312], [0.5684565305709839, 0.8215692043304443, 0.0433744378387928, -1.1650390625], [0.0, 0.0, 0.0, 1.0]], [[0.010397396981716156, -0.9989806413650513, -0.04392702504992485, 0.010498046875], [0.00894427765160799, 0.044020555913448334, -0.9989905953407288, 1.482269287109375], [0.9999059438705444, 0.009993995539844036, 0.009392859414219856, -1.4870643615722656], [0.0, 0.0, 0.0, 1.0]], [[-0.8439627885818481, -0.5353626012802124, -0.03337462246417999, 0.930419921875], [0.016925964504480362, 0.03560911491513252, -0.999222457408905, 1.496246337890625], [0.5361347198486328, -0.8438713550567627, -0.020991241559386253, -1.1739501953125], [0.0, 0.0, 0.0, 1.0]], [[0.9479464888572693, 0.3183257281780243, 0.008141636848449707, -1.13604736328125], [-0.008599859662353992, 0.05115164816379547, -0.9986538290977478, 1.5619659423828125], [-0.3183136284351349, 0.9466003775596619, 0.05122658237814903, -0.1591796875], [0.0, 0.0, 0.0, 1.0]], [[0.00935247540473938, 0.9990084171295166, 0.04352904483675957, -0.0286865234375], [-0.006444159895181656, 0.043590255081653595, -0.9990286827087402, 1.5675506591796875], [-0.999935507774353, 0.009062833152711391, 0.006845445372164249, -0.03051173686981201], [0.0, 0.0, 0.0, 1.0]], [[-0.9237107634544373, 0.38296183943748474, 0.009931032545864582, 1.03204345703125], [-0.0021462657023221254, 0.02074970118701458, -0.999782383441925, 1.5474929809570312], [-0.38308456540107727, -0.9235311150550842, -0.018344786018133163, -0.095703125], [0.0, 0.0, 0.0, 1.0]]], "view": [[0.0, -2.0, 100.0], [-2.0, 0.0, 100.0], [0.0, 0.0, 1.0]], "bev": "bev_5ea05defe95346e5845a016cc34c676c.png", "aux": "aux_5ea05defe95346e5845a016cc34c676c.npz", "visibility": "visibility_5ea05defe95346e5845a016cc34c676c.png", "pose": [[-0.8555170893669128, -0.5177745819091797, 0.0, 1075.7447509765625], [0.5177745819091797, -0.8555170893669128, 0.0, 1740.44775390625], [0.0, 0.0, 1.0, 0.0], [0.0, 0.0, 0.0, 1.0]], "pose_inverse": [[-0.8555170893669128, 0.5177745819091797, 0.0, 19.15839195251465], [-0.5177745819091797, -0.8555170893669128, 0.0, 2045.97607421875], [0.0, 0.0, 1.0, 0.0], [0.0, 0.0, 0.0, 1.0]], "cam_ids": [0, 1, 2, 3, 4, 5], "cam_channels": ["CAM_FRONT_LEFT", "CAM_FRONT", "CAM_FRONT_RIGHT", "CAM_BACK_LEFT", "CAM_BACK", "CAM_BACK_RIGHT"], "token": "5ea05defe95346e5845a016cc34c676c", "scene": "scene-0892"}, {"images": ["samples/CAM_FRONT_LEFT/n008-2018-09-18-14-54-39-0400__CAM_FRONT_LEFT__1537297578004799.jpg", "samples/CAM_FRONT/n008-2018-09-18-14-54-39-0400__CAM_FRONT__1537297578012404.jpg", "samples/CAM_FRONT_RIGHT/n008-2018-09-18-14-54-39-0400__CAM_FRONT_RIGHT__1537297578020482.jpg", "samples/CAM_BACK_LEFT/n008-2018-09-18-14-54-39-0400__CAM_BACK_LEFT__1537297578047405.jpg", "samples/CAM_BACK/n008-2018-09-18-14-54-39-0400__CAM_BACK__1537297578037558.jpg", "samples/CAM_BACK_RIGHT/n008-2018-09-18-14-54-39-0400__CAM_BACK_RIGHT__1537297578028113.jpg"], "intrinsics": [[[1257.8625342125129, 0.0, 827.2410631095686], [0.0, 1257.8625342125129, 450.915498205774], [0.0, 0.0, 1.0]], [[1252.8131021185304, 0.0, 826.588114781398], [0.0, 1252.8131021185304, 469.9846626224581], [0.0, 0.0, 1.0]], [[1256.7485116440405, 0.0, 817.7887570959712], [0.0, 1256.7485116440403, 451.9541780095127], [0.0, 0.0, 1.0]], [[1254.9860565800168, 0.0, 829.5769333630991], [0.0, 1254.9860565800168, 467.1680561863987], [0.0, 0.0, 1.0]], [[796.8910634503094, 0.0, 857.7774326863696], [0.0, 796.8910634503094, 476.8848988407415], [0.0, 0.0, 1.0]], [[1249.9629280788233, 0.0, 825.3768045375984], [0.0, 1249.9629280788233, 462.54816385708756], [0.0, 0.0, 1.0]]], "extrinsics": [[[0.8221659660339355, -0.5686545372009277, -0.025986773893237114, -0.745849609375], [-0.0018296226626262069, 0.04301106184720993, -0.9990729093551636, 1.48760986328125], [0.5692449808120728, 0.8214513063430786, 0.03432180732488632, -1.1572265625], [0.0, 0.0, 0.0, 1.0]], [[0.009608139283955097, -0.9991894960403442, -0.039090484380722046, 0.0101318359375], [-9.983528434531763e-05, 0.0390913300216198, -0.9992356300354004, 1.48004150390625], [0.9999538660049438, 0.009604701772332191, 0.0002758412156254053, -1.4755287170410156], [0.0, 0.0, 0.0, 1.0]], [[-0.8443723917007446, -0.5352676510810852, -0.02288847044110298, 0.921142578125], [0.007693768013268709, 0.030602753162384033, -0.9995020031929016, 1.4945755004882812], [0.5357015132904053, -0.8441279530525208, -0.021721895784139633, -1.1680908203125], [0.0, 0.0, 0.0, 1.0]], [[0.947892963886261, 0.31858038902282715, -0.002331272466108203, -1.1361083984375], [-0.01808370091021061, 0.04649703949689865, -0.9987546801567078, 1.5618972778320312], [-0.3180752694606781, 0.9467547535896301, 0.04983533173799515, -0.15869140625], [0.0, 0.0, 0.0, 1.0]], [[0.009683770127594471, 0.9992080330848694, 0.03859274089336395, -0.0284423828125], [-0.015943828970193863, 0.03874393180012703, -0.9991219639778137, 1.5667724609375], [-0.9998260140419006, 0.009059981442987919, 0.01630639098584652, -0.03497886657714844], [0.0, 0.0, 0.0, 1.0]], [[-0.9235328435897827, 0.3831583857536316, 0.01662914827466011, 1.02410888671875], [-0.011472453363239765, 0.015739720314741135, -0.9998102784156799, 1.5461006164550781], [-0.38334739208221436, -0.9235485196113586, -0.01014038361608982, -0.0989990234375], [0.0, 0.0, 0.0, 1.0]]], "view": [[0.0, -2.0, 100.0], [-2.0, 0.0, 100.0], [0.0, 0.0, 1.0]], "bev": "bev_227d7fc616bf48fea85d066bb36e4bb3.png", "aux": "aux_227d7fc616bf48fea85d066bb36e4bb3.npz", "visibility": "visibility_227d7fc616bf48fea85d066bb36e4bb3.png", "pose": [[-0.8540485501289368, -0.5201932787895203, 0.0, 1072.76123046875], [0.5201932787895203, -0.8540485501289368, 0.0, 1742.3021240234375], [0.0, 0.0, 1.0, 0.0], [0.0, 0.0, 0.0, 1.0]], "pose_inverse": [[-0.8540485501289368, 0.5201932787895203, 0.0, 9.85632038116455], [-0.5201932787895203, -0.8540485501289368, 0.0, 2046.0538330078125], [0.0, 0.0, 1.0, 0.0], [0.0, 0.0, 0.0, 1.0]], "cam_ids": [0, 1, 2, 3, 4, 5], "cam_channels": ["CAM_FRONT_LEFT", "CAM_FRONT", "CAM_FRONT_RIGHT", "CAM_BACK_LEFT", "CAM_BACK", "CAM_BACK_RIGHT"], "token": "227d7fc616bf48fea85d066bb36e4bb3", "scene": "scene-0892"}, {"images": ["samples/CAM_FRONT_LEFT/n008-2018-09-18-14-54-39-0400__CAM_FRONT_LEFT__1537297578504799.jpg", "samples/CAM_FRONT/n008-2018-09-18-14-54-39-0400__CAM_FRONT__1537297578512404.jpg", "samples/CAM_FRONT_RIGHT/n008-2018-09-18-14-54-39-0400__CAM_FRONT_RIGHT__1537297578520482.jpg", "samples/CAM_BACK_LEFT/n008-2018-09-18-14-54-39-0400__CAM_BACK_LEFT__1537297578547405.jpg", "samples/CAM_BACK/n008-2018-09-18-14-54-39-0400__CAM_BACK__1537297578537558.jpg", "samples/CAM_BACK_RIGHT/n008-2018-09-18-14-54-39-0400__CAM_BACK_RIGHT__1537297578528113.jpg"], "intrinsics": [[[1257.8625342125129, 0.0, 827.2410631095686], [0.0, 1257.8625342125129, 450.915498205774], [0.0, 0.0, 1.0]], [[1252.8131021185304, 0.0, 826.588114781398], [0.0, 1252.8131021185304, 469.9846626224581], [0.0, 0.0, 1.0]], [[1256.7485116440405, 0.0, 817.7887570959712], [0.0, 1256.7485116440403, 451.9541780095127], [0.0, 0.0, 1.0]], [[1254.9860565800168, 0.0, 829.5769333630991], [0.0, 1254.9860565800168, 467.1680561863987], [0.0, 0.0, 1.0]], [[796.8910634503094, 0.0, 857.7774326863696], [0.0, 796.8910634503094, 476.8848988407415], [0.0, 0.0, 1.0]], [[1249.9629280788233, 0.0, 825.3768045375984], [0.0, 1249.9629280788233, 462.54816385708756], [0.0, 0.0, 1.0]]], "extrinsics": [[[0.8229569792747498, -0.5676975250244141, -0.021477455273270607, -0.746826171875], [0.0022635345812886953, 0.04108184576034546, -0.999153196811676, 1.4888839721679688], [0.5680992007255554, 0.822211503982544, 0.03509359434247017, -1.158447265625], [0.0, 0.0, 0.0, 1.0]], [[0.01086792815476656, -0.9992473125457764, -0.03723941370844841, 0.0106201171875], [0.004249938763678074, 0.03728744015097618, -0.9992955327033997, 1.481170654296875], [0.9999319314956665, 0.010701987892389297, 0.004651976283639669, -1.4776592254638672], [0.0, 0.0, 0.0, 1.0]], [[-0.8437454104423523, -0.5361178517341614, -0.02591131627559662, 0.9239501953125], [0.012306970544159412, 0.028938695788383484, -0.9995054006576538, 1.4954681396484375], [0.5366025567054749, -0.8436469435691833, -0.017818905413150787, -1.16943359375], [0.0, 0.0, 0.0, 1.0]], [[0.9479068517684937, 0.31853944063186646, 0.0022592837922275066, -1.13702392578125], [-0.012409713119268417, 0.044013917446136475, -0.9989538192749023, 1.56195068359375], [-0.31830573081970215, 0.946887195110321, 0.04567407816648483, -0.1585693359375], [0.0, 0.0, 0.0, 1.0]], [[0.009130705147981644, 0.9992836713790894, 0.03672660514712334, -0.0286865234375], [-0.010611917823553085, 0.03682290017604828, -0.9992654323577881, 1.5672149658203125], [-0.9999019503593445, 0.00873428676277399, 0.010940534994006157, -0.03285980224609375], [0.0, 0.0, 0.0, 1.0]], [[-0.9238835573196411, 0.3825010061264038, 0.011502325534820557, 1.0269775390625], [-0.006608827970921993, 0.014104915782809258, -0.9998787045478821, 1.5468387603759766], [-0.3826167583465576, -0.9238474369049072, -0.010503415949642658, -0.09765625], [0.0, 0.0, 0.0, 1.0]]], "view": [[0.0, -2.0, 100.0], [-2.0, 0.0, 100.0], [0.0, 0.0, 1.0]], "bev": "bev_3451c292878f46a6a9fe9ddae3918562.png", "aux": "aux_3451c292878f46a6a9fe9ddae3918562.npz", "visibility": "visibility_3451c292878f46a6a9fe9ddae3918562.png", "pose": [[-0.8516064286231995, -0.5241817235946655, 0.0, 1069.7354736328125], [0.5241817235946655, -0.8516064286231995, 0.0, 1744.1951904296875], [0.0, 0.0, 1.0, 0.0], [0.0, 0.0, 0.0, 1.0]], "pose_inverse": [[-0.8516064286231995, 0.5241817235946655, 0.0, -3.2816083431243896], [-0.5241817235946655, -0.8516064286231995, 0.0, 2046.1036376953125], [0.0, 0.0, 1.0, 0.0], [0.0, 0.0, 0.0, 1.0]], "cam_ids": [0, 1, 2, 3, 4, 5], "cam_channels": ["CAM_FRONT_LEFT", "CAM_FRONT", "CAM_FRONT_RIGHT", "CAM_BACK_LEFT", "CAM_BACK", "CAM_BACK_RIGHT"], "token": "3451c292878f46a6a9fe9ddae3918562", "scene": "scene-0892"}, {"images": ["samples/CAM_FRONT_LEFT/n008-2018-09-18-14-54-39-0400__CAM_FRONT_LEFT__1537297578904799.jpg", "samples/CAM_FRONT/n008-2018-09-18-14-54-39-0400__CAM_FRONT__1537297578912404.jpg", "samples/CAM_FRONT_RIGHT/n008-2018-09-18-14-54-39-0400__CAM_FRONT_RIGHT__1537297578920482.jpg", "samples/CAM_BACK_LEFT/n008-2018-09-18-14-54-39-0400__CAM_BACK_LEFT__1537297578947405.jpg", "samples/CAM_BACK/n008-2018-09-18-14-54-39-0400__CAM_BACK__1537297578937558.jpg", "samples/CAM_BACK_RIGHT/n008-2018-09-18-14-54-39-0400__CAM_BACK_RIGHT__1537297578928113.jpg"], "intrinsics": [[[1257.8625342125129, 0.0, 827.2410631095686], [0.0, 1257.8625342125129, 450.915498205774], [0.0, 0.0, 1.0]], [[1252.8131021185304, 0.0, 826.588114781398], [0.0, 1252.8131021185304, 469.9846626224581], [0.0, 0.0, 1.0]], [[1256.7485116440405, 0.0, 817.7887570959712], [0.0, 1256.7485116440403, 451.9541780095127], [0.0, 0.0, 1.0]], [[1254.9860565800168, 0.0, 829.5769333630991], [0.0, 1254.9860565800168, 467.1680561863987], [0.0, 0.0, 1.0]], [[796.8910634503094, 0.0, 857.7774326863696], [0.0, 796.8910634503094, 476.8848988407415], [0.0, 0.0, 1.0]], [[1249.9629280788233, 0.0, 825.3768045375984], [0.0, 1249.9629280788233, 462.54816385708756], [0.0, 0.0, 1.0]]], "extrinsics": [[[0.822738528251648, -0.5680879354476929, -0.019426750019192696, -0.734375], [0.006841652095317841, 0.04407119005918503, -0.9990049600601196, 1.4902801513671875], [0.5683788061141968, 0.8217869997024536, 0.04014572873711586, -1.153076171875], [0.0, 0.0, 0.0, 1.0]], [[0.01049513928592205, -0.9991475343704224, -0.03992681950330734, 0.012939453125], [0.008622991852462292, 0.04001796990633011, -0.9991617202758789, 1.4822998046875], [0.9999077320098877, 0.010142014361917973, 0.009035632945597172, -1.4655776023864746], [0.0, 0.0, 0.0, 1.0]], [[-0.8439146280288696, -0.5355982184410095, -0.030701687559485435, 0.915283203125], [0.01643463782966137, 0.031391024589538574, -0.9993720054626465, 1.4964065551757812], [0.5362256169319153, -0.8438892960548401, -0.017688985913991928, -1.162109375], [0.0, 0.0, 0.0, 1.0]], [[0.9479314684867859, 0.31842708587646484, 0.005489306058734655, -1.137939453125], [-0.009932630695402622, 0.04678771644830704, -0.998855471611023, 1.5619659423828125], [-0.31831952929496765, 0.9467920064926147, 0.04751436412334442, -0.1583251953125], [0.0, 0.0, 0.0, 1.0]], [[0.009293538518249989, 0.9991942644119263, 0.03904290124773979, -0.0294189453125], [-0.007430683355778456, 0.03911251574754715, -0.9992071390151978, 1.5674057006835938], [-0.9999293684959412,