[{"images": ["samples/CAM_FRONT_LEFT/n015-2018-07-11-11-54-16+0800__CAM_FRONT_LEFT__1531281961754844.jpg", "samples/CAM_FRONT/n015-2018-07-11-11-54-16+0800__CAM_FRONT__1531281961762460.jpg", "samples/CAM_FRONT_RIGHT/n015-2018-07-11-11-54-16+0800__CAM_FRONT_RIGHT__1531281961770339.jpg", "samples/CAM_BACK_LEFT/n015-2018-07-11-11-54-16+0800__CAM_BACK_LEFT__1531281961797423.jpg", "samples/CAM_BACK/n015-2018-07-11-11-54-16+0800__CAM_BACK__1531281961787525.jpg", "samples/CAM_BACK_RIGHT/n015-2018-07-11-11-54-16+0800__CAM_BACK_RIGHT__1531281961777893.jpg"], "intrinsics": [[[1272.5979470598488, 0.0, 826.6154927353808], [0.0, 1272.5979470598488, 479.75165386361925], [0.0, 0.0, 1.0]], [[1266.417203046554, 0.0, 816.2670197447984], [0.0, 1266.417203046554, 491.50706579294757], [0.0, 0.0, 1.0]], [[1260.8474446004698, 0.0, 807.968244525554], [0.0, 1260.8474446004698, 495.3344268742088], [0.0, 0.0, 1.0]], [[1256.7414812095406, 0.0, 792.1125740759628], [0.0, 1256.7414812095406, 492.7757465151356], [0.0, 0.0, 1.0]], [[809.2209905677063, 0.0, 829.2196003259838], [0.0, 809.2209905677063, 481.77842384512485], [0.0, 0.0, 1.0]], [[1259.5137405846733, 0.0, 807.2529053838625], [0.0, 1259.5137405846733, 501.19579884916527], [0.0, 0.0, 1.0]]], "extrinsics": [[[0.8193506598472595, -0.5730393528938293, 0.017037736251950264, -0.6236572265625], [0.005452734883874655, -0.021928129717707634, -0.9997446537017822, 1.5106134414672852], [0.5732666254043579, 0.8192343711853027, -0.014842198230326176, -1.0476837158203125], [0.0, 0.0, 0.0, 1.0]], [[0.003638211637735367, -0.9996601343154907, 0.025811200961470604, 0.010498046875], [0.0003414480306673795, -0.025810128077864647, -0.9996668696403503, 1.5207586288452148], [0.9999932646751404, 0.003645789111033082, 0.00024743014364503324, -1.3507080078125], [0.0, 0.0, 0.0, 1.0]], [[-0.8337486982345581, -0.5521438717842102, -0.00048094813246279955, 0.8107757568359375], [0.006175641436129808, -0.008454336784780025, -0.9999451637268066, 1.505326271057129], [0.5521095395088196, -0.8337059617042542, 0.010458636097609997, -1.09808349609375], [0.0, 0.0, 0.0, 1.0]], [[0.9476436972618103, 0.3193202018737793, 0.002455668291077018, -1.13037109375], [0.015494254417717457, -0.03829842805862427, -0.9991461634635925, 1.5887775421142578], [-0.3189535140991211, 0.9468725919723511, -0.04124089330434799, -0.10833740234375], [0.0, 0.0, 0.0, 1.0]], [[0.0029006998520344496, 0.9995896220207214, -0.02849750407040119, 0.0015869140625], [-0.01017446257174015, -0.028466645628213882, -0.9995429515838623, 1.578322410583496], [-0.9999439716339111, 0.003189306240528822, 0.010087715461850166, -0.10406494140625], [0.0, 0.0, 0.0, 1.0]], [[-0.9342828989028931, 0.355617493391037, -0.025526346638798714, 0.95147705078125], [0.022236216813325882, -0.01333693414926529, -0.999663770198822, 1.5558586120605469], [-0.3558383584022522, -0.9345364570617676, 0.004552879836410284, -0.131378173828125], [0.0, 0.0, 0.0, 1.0]]], "view": [[0.0, -2.0, 100.0], [-2.0, 0.0, 100.0], [0.0, 0.0, 1.0]], "bev": "bev_f4b5b6fc59e34da6bd18d4d8e299dab8.png", "aux": "aux_f4b5b6fc59e34da6bd18d4d8e299dab8.npz", "visibility": "visibility_f4b5b6fc59e34da6bd18d4d8e299dab8.png", "pose": [[0.3837442696094513, 0.9234393835067749, 0.0, 290.9271545410156], [-0.9234393835067749, 0.3837442696094513, 0.0, 767.7416381835938], [0.0, 0.0, 1.0, 0.0], [0.0, 0.0, 0.0, 1.0]], "pose_inverse": [[0.3837442696094513, -0.9234393835067749, 0.0, 597.3212890625], [0.9234393835067749, 0.3837442696094513, 0.0, -563.27001953125], [0.0, 0.0, 1.0, 0.0], [0.0, 0.0, 0.0, 1.0]], "cam_ids": [0, 1, 2, 3, 4, 5], "cam_channels": ["CAM_FRONT_LEFT", "CAM_FRONT", "CAM_FRONT_RIGHT", "CAM_BACK_LEFT", "CAM_BACK", "CAM_BACK_RIGHT"], "token": "f4b5b6fc59e34da6bd18d4d8e299dab8", "scene": "scene-0278"}, {"images": ["samples/CAM_FRONT_LEFT/n015-2018-07-11-11-54-16+0800__CAM_FRONT_LEFT__1531281962254844.jpg", "samples/CAM_FRONT/n015-2018-07-11-11-54-16+0800__CAM_FRONT__1531281962262460.jpg", "samples/CAM_FRONT_RIGHT/n015-2018-07-11-11-54-16+0800__CAM_FRONT_RIGHT__1531281962270339.jpg", "samples/CAM_BACK_LEFT/n015-2018-07-11-11-54-16+0800__CAM_BACK_LEFT__1531281962297423.jpg", "samples/CAM_BACK/n015-2018-07-11-11-54-16+0800__CAM_BACK__1531281962287525.jpg", "samples/CAM_BACK_RIGHT/n015-2018-07-11-11-54-16+0800__CAM_BACK_RIGHT__1531281962277893.jpg"], "intrinsics": [[[1272.5979470598488, 0.0, 826.6154927353808], [0.0, 1272.5979470598488, 479.75165386361925], [0.0, 0.0, 1.0]], [[1266.417203046554, 0.0, 816.2670197447984], [0.0, 1266.417203046554, 491.50706579294757], [0.0, 0.0, 1.0]], [[1260.8474446004698, 0.0, 807.968244525554], [0.0, 1260.8474446004698, 495.3344268742088], [0.0, 0.0, 1.0]], [[1256.7414812095406, 0.0, 792.1125740759628], [0.0, 1256.7414812095406, 492.7757465151356], [0.0, 0.0, 1.0]], [[809.2209905677063, 0.0, 829.2196003259838], [0.0, 809.2209905677063, 481.77842384512485], [0.0, 0.0, 1.0]], [[1259.5137405846733, 0.0, 807.2529053838625], [0.0, 1259.5137405846733, 501.19579884916527], [0.0, 0.0, 1.0]]], "extrinsics": [[[0.8191412687301636, -0.5734041929244995, 0.01467223558574915, -0.59979248046875], [0.005578993819653988, -0.017613660544157028, -0.9998292922973633, 1.510788917541504], [0.5735647082328796, 0.8190833330154419, -0.011229056864976883, -1.029266357421875], [0.0, 0.0, 0.0, 1.0]], [[0.0033170466776937246, -0.9997628331184387, 0.021520012989640236, 0.009521484375], [0.00019538549531716853, -0.021519485861063004, -0.9997684359550476, 1.5206737518310547], [0.9999943971633911, 0.0033204874489456415, 0.0001239590346813202, -1.3251953125], [0.0, 0.0, 0.0, 1.0]], [[-0.8339069485664368, -0.5518993139266968, -0.002505333861336112, 0.7930908203125], [0.005774026270955801, -0.004185057710856199, -0.9999745488166809, 1.5053191184997559], [0.5518748164176941, -0.8339002728462219, 0.006676630116999149, -1.08746337890625], [0.0, 0.0, 0.0, 1.0]], [[0.9477935433387756, 0.3188731372356415, 0.002709256252273917, -1.12408447265625], [0.014274412766098976, -0.03393755853176117, -0.9993219971656799, 1.5888404846191406], [-0.3185650110244751, 0.9471895694732666, -0.036717526614665985, -0.110107421875], [0.0, 0.0, 0.0, 1.0]], [[0.0033076261170208454, 0.9997022747993469, -0.024177206680178642, 0.00225830078125], [-0.011092232540249825, -0.024139171466231346, -0.9996470808982849, 1.578078269958496], [-0.9999330043792725, 0.00357464118860662, 0.011009085923433304, -0.11553955078125], [0.0, 0.0, 0.0, 1.0]], [[-0.934187650680542, 0.35601288080215454, -0.02341335266828537, 0.93646240234375], [0.021605128422379494, -0.009054958820343018, -0.9997255802154541, 1.5560722351074219], [-0.35612717270851135, -0.9344371557235718, 0.0007673236541450024, -0.137908935546875], [0.0, 0.0, 0.0, 1.0]]], "view": [[0.0, -2.0, 100.0], [-2.0, 0.0, 100.0], [0.0, 0.0, 1.0]], "bev": "bev_bb972464787f4ecab2e9d77c7a0cb9f7.png", "aux": "aux_bb972464787f4ecab2e9d77c7a0cb9f7.npz", "visibility": "visibility_bb972464787f4ecab2e9d77c7a0cb9f7.png", "pose": [[0.41019657254219055, 0.9119971394538879, 0.0, 292.8392333984375], [-0.9119971394538879, 0.41019657254219055, 0.0, 763.2071533203125], [0.0, 0.0, 1.0, 0.0], [0.0, 0.0, 0.0, 1.0]], "pose_inverse": [[0.41019657254219055, -0.9119971394538879, 0.0, 575.9210815429688], [0.9119971394538879, 0.41019657254219055, 0.0, -580.1334838867188], [0.0, 0.0, 1.0, 0.0], [0.0, 0.0, 0.0, 1.0]], "cam_ids": [0, 1, 2, 3, 4, 5], "cam_channels": ["CAM_FRONT_LEFT", "CAM_FRONT", "CAM_FRONT_RIGHT", "CAM_BACK_LEFT", "CAM_BACK", "CAM_BACK_RIGHT"], "token": "bb972464787f4ecab2e9d77c7a0cb9f7", "scene": "scene-0278"}, {"images": ["samples/CAM_FRONT_LEFT/n015-2018-07-11-11-54-16+0800__CAM_FRONT_LEFT__1531281962754844.jpg", "samples/CAM_FRONT/n015-2018-07-11-11-54-16+0800__CAM_FRONT__1531281962762460.jpg", "samples/CAM_FRONT_RIGHT/n015-2018-07-11-11-54-16+0800__CAM_FRONT_RIGHT__1531281962770339.jpg", "samples/CAM_BACK_LEFT/n015-2018-07-11-11-54-16+0800__CAM_BACK_LEFT__1531281962797423.jpg", "samples/CAM_BACK/n015-2018-07-11-11-54-16+0800__CAM_BACK__1531281962787525.jpg", "samples/CAM_BACK_RIGHT/n015-2018-07-11-11-54-16+0800__CAM_BACK_RIGHT__1531281962777893.jpg"], "intrinsics": [[[1272.5979470598488, 0.0, 826.6154927353808], [0.0, 1272.5979470598488, 479.75165386361925], [0.0, 0.0, 1.0]], [[1266.417203046554, 0.0, 816.2670197447984], [0.0, 1266.417203046554, 491.50706579294757], [0.0, 0.0, 1.0]], [[1260.8474446004698, 0.0, 807.968244525554], [0.0, 1260.8474446004698, 495.3344268742088], [0.0, 0.0, 1.0]], [[1256.7414812095406, 0.0, 792.1125740759628], [0.0, 1256.7414812095406, 492.7757465151356], [0.0, 0.0, 1.0]], [[809.2209905677063, 0.0, 829.2196003259838], [0.0, 809.2209905677063, 481.77842384512485], [0.0, 0.0, 1.0]], [[1259.5137405846733, 0.0, 807.2529053838625], [0.0, 1259.5137405846733, 501.19579884916527], [0.0, 0.0, 1.0]]], "extrinsics": [[[0.818669319152832, -0.5741634964942932, 0.010800221003592014, -0.58673095703125], [0.006114128511399031, -0.010091236792504787, -0.9999303817749023, 1.5111083984375], [0.5742325186729431, 0.8186784982681274, -0.004750876221805811, -1.022430419921875], [0.0, 0.0, 0.0, 1.0]], [[0.0026653206441551447, -0.9998974204063416, 0.014069139026105404, 0.01104736328125], [0.0007951546576805413, -0.01406706590205431, -0.999900758266449, 1.5209035873413086], [0.9999960660934448, 0.0026762362103909254, 0.0007575799245387316, -1.31378173828125], [0.0, 0.0, 0.0, 1.0]], [[-0.8341612219810486, -0.5514740943908691, -0.007165222428739071, 0.7867889404296875], [0.006456888746470213, 0.003225808497518301, -0.9999739527702332, 1.505549430847168], [0.5514828562736511, -0.834185779094696, 0.0008699637837707996, -1.08197021484375], [0.0, 0.0, 0.0, 1.0]], [[0.9478276371955872, 0.3187320828437805, 0.005720200482755899, -1.123870849609375], [0.01504591666162014, -0.026804447174072266, -0.9995274543762207, 1.5888519287109375], [-0.3184281587600708, 0.9474657773971558, -0.030201610177755356, -0.10992431640625], [0.0, 0.0, 0.0, 1.0]], [[0.0034530076663941145, 0.9998509883880615, -0.016914375126361847, 0.0018310546875], [-0.010343989357352257, -0.016877857968211174, -0.9998040795326233, 1.5781397819519043], [-0.9999405741691589, 0.003627314930781722, 0.010284168645739555, -0.1180419921875], [0.0, 0.0, 0.0, 1.0]], [[-0.9340606927871704, 0.35646897554397583, -0.021458586677908897, 0.930908203125], [0.02231493592262268, -0.001710408367216587, -0.9997495412826538, 1.5563364028930664], [-0.3564164340496063, -0.9343056082725525, -0.006356959231197834, -0.13909912109375], [0.0, 0.0, 0.0, 1.0]]], "view": [[0.0, -2.0, 100.0], [-2.0, 0.0, 100.0], [0.0, 0.0, 1.0]], "bev": "bev_695972046c1240d69835d02386355ddc.png", "aux": "aux_695972046c1240d69835d02386355ddc.npz", "visibility": "visibility_695972046c1240d69835d02386355ddc.png", "pose": [[0.44031351804733276, 0.8978440761566162, 0.0, 294.94561767578125], [-0.8978440761566162, 0.44031351804733276, 0.0, 758.6344604492188], [0.0, 0.0, 1.0, 0.0], [0.0, 0.0, 0.0, 1.0]], "pose_inverse": [[0.44031351804733276, -0.8978440761566162, 0.0, 551.2669067382812], [0.8978440761566162, 0.44031351804733276, 0.0, -598.8521728515625], [0.0, 0.0, 1.0, 0.0], [0.0, 0.0, 0.0, 1.0]], "cam_ids": [0, 1, 2, 3, 4, 5], "cam_channels": ["CAM_FRONT_LEFT", "CAM_FRONT", "CAM_FRONT_RIGHT", "CAM_BACK_LEFT", "CAM_BACK", "CAM_BACK_RIGHT"], "token": "695972046c1240d69835d02386355ddc", "scene": "scene-0278"}, {"images": ["samples/CAM_FRONT_LEFT/n015-2018-07-11-11-54-16+0800__CAM_FRONT_LEFT__1531281963254844.jpg", "samples/CAM_FRONT/n015-2018-07-11-11-54-16+0800__CAM_FRONT__1531281963262460.jpg", "samples/CAM_FRONT_RIGHT/n015-2018-07-11-11-54-16+0800__CAM_FRONT_RIGHT__1531281963270339.jpg", "samples/CAM_BACK_LEFT/n015-2018-07-11-11-54-16+0800__CAM_BACK_LEFT__1531281963297423.jpg", "samples/CAM_BACK/n015-2018-07-11-11-54-16+0800__CAM_BACK__1531281963287525.jpg", "samples/CAM_BACK_RIGHT/n015-2018-07-11-11-54-16+0800__CAM_BACK_RIGHT__1531281963277893.jpg"], "intrinsics": [[[1272.5979470598488, 0.0, 826.6154927353808], [0.0, 1272.5979470598488, 479.75165386361925], [0.0, 0.0, 1.0]], [[1266.417203046554, 0.0, 816.2670197447984], [0.0, 1266.417203046554, 491.50706579294757], [0.0, 0.0, 1.0]], [[1260.8474446004698, 0.0, 807.968244525554], [0.0, 1260.8474446004698, 495.3344268742088], [0.0, 0.0, 1.0]], [[1256.7414812095406, 0.0, 792.1125740759628], [0.0, 1256.7414812095406, 492.7757465151356], [0.0, 0.0, 1.0]], [[809.2209905677063, 0.0, 829.2196003259838], [0.0, 809.2209905677063, 481.77842384512485], [0.0, 0.0, 1.0]], [[1259.5137405846733, 0.0, 807.2529053838625], [0.0, 1259.5137405846733, 501.19579884916527], [0.0, 0.0, 1.0]]], "extrinsics": [[[0.8197988271713257, -0.5725905299186707, 0.008370899595320225, -0.6343994140625], [-0.000349949550582096, -0.015118713490664959, -0.9998856782913208, 1.5081863403320312], [0.5726516246795654, 0.8197021484375, -0.012594679370522499, -1.0556182861328125], [0.0, 0.0, 0.0, 1.0]], [[0.004273011814802885, -0.9997995495796204, 0.01955941505730152, 0.0107421875], [-0.005549795459955931, -0.01958300545811653, -0.9997928142547607, 1.518777847290039], [0.9999755024909973, 0.004163534380495548, -0.005632360000163317, -1.36090087890625], [0.0, 0.0, 0.0, 1.0]], [[-0.8335562348365784, -0.5524327754974365, 0.001388597534969449, 0.8165740966796875], [0.0001724240864859894, -0.002773761283606291, -0.9999961256980896, 1.5036982297897339], [0.552434504032135, -0.8335527777671814, 0.0024073401000350714, -1.10186767578125], [0.0, 0.0, 0.0, 1.0]], [[0.9477890729904175, 0.3188874423503876, -0.0025746324099600315, -1.124359130859375], [0.0087147681042552, -0.03397064283490181, -0.9993848204612732, 1.5887298583984375], [-0.31877872347831726, 0.9471836090087891, -0.03497603163123131, -0.11004638671875], [0.0, 0.0, 0.0, 1.0]], [[0.002943052677437663, 0.9997139573097229, -0.023737281560897827, 0.0018310546875], [-0.01665479689836502, -0.023685092106461525, -0.9995807409286499, 1.5775928497314453], [-0.9998570084571838, 0.003337135538458824, 0.01658032275736332, -0.10589599609375], [0.0, 0.0, 0.0, 1.0]], [[-0.9344651103019714, 0.35560619831085205, -0.017863746732473373, 0.9544677734375], [0.016043435782194138, -0.00806745421141386, -0.9998387694358826, 1.554574966430664], [-0.355692982673645, -0.9346011877059937, 0.0018336082575842738, -0.130218505859375], [0.0, 0.0, 0.0, 1.0]]], "view": [[0.0, -2.0, 100.0], [-2.0, 0.0, 100.0], [0.0, 0.0, 1.0]], "bev": "bev_cf7cdd43be9b4886bcb7b45af4d9d104.png", "aux": "aux_cf7cdd43be9b4886bcb7b45af4d9d104.npz", "visibility": "visibility_cf7cdd43be9b4886bcb7b45af4d9d104.png", "pose": [[0.46381765604019165, 0.8859307169914246, 0.0, 297.0637512207031], [-0.8859307169914246, 0.46381765604019165, 0.0, 754.3524169921875], [0.0, 0.0, 1.0, 0.0], [0.0, 0.0, 0.0, 1.0]], "pose_inverse": [[0.46381765604019165, -0.8859307169914246, 0.0, 530.5205688476562], [0.8859307169914246, 0.46381765604019165, 0.0, -613.0598754882812], [0.0, 0.0, 1.0, 0.0], [0.0, 0.0, 0.0, 1.0]], "cam_ids": [0, 1, 2, 3, 4, 5], "cam_channels": ["CAM_FRONT_LEFT", "CAM_FRONT", "CAM_FRONT_RIGHT", "CAM_BACK_LEFT", "CAM_BACK", "CAM_BACK_RIGHT"], "token": "cf7cdd43be9b4886bcb7b45af4d9d104", "scene": "scene-0278"}, {"images": ["samples/CAM_FRONT_LEFT/n015-2018-07-11-11-54-16+0800__CAM_FRONT_LEFT__1531281963754844.jpg", "samples/CAM_FRONT/n015-2018-07-11-11-54-16+0800__CAM_FRONT__1531281963762460.jpg", "samples/CAM_FRONT_RIGHT/n015-2018-07-11-11-54-16+0800__CAM_FRONT_RIGHT__1531281963770339.jpg", "samples/CAM_BACK_LEFT/n015-2018-07-11-11-54-16+0800__CAM_BACK_LEFT__1531281963797423.jpg", "samples/CAM_BACK/n015-2018-07-11-11-54-16+0800__CAM_BACK__1531281963787525.jpg", "samples/CAM_BACK_RIGHT/n015-2018-07-11-11-54-16+0800__CAM_BACK_RIGHT__1531281963777893.jpg"], "intrinsics": [[[1272.5979470598488, 0.0, 826.6154927353808], [0.0, 1272.5979470598488, 479.75165386361925], [0.0, 0.0, 1.0]], [[1266.417203046554, 0.0, 816.2670197447984], [0.0, 1266.417203046554, 491.50706579294757], [0.0, 0.0, 1.0]], [[1260.8474446004698, 0.0, 807.968244525554], [0.0, 1260.8474446004698, 495.3344268742088], [0.0, 0.0, 1.0]], [[1256.7414812095406, 0.0, 792.1125740759628], [0.0, 1256.7414812095406, 492.7757465151356], [0.0, 0.0, 1.0]], [[809.2209905677063, 0.0, 829.2196003259838], [0.0, 809.2209905677063, 481.77842384512485], [0.0, 0.0, 1.0]], [[1259.5137405846733, 0.0, 807.2529053838625], [0.0, 1259.5137405846733, 501.19579884916527], [0.0, 0.0, 1.0]]], "extrinsics": [[[0.8197755813598633, -0.5726156234741211, 0.008904285728931427, -0.67388916015625], [-0.004064860753715038, -0.021365907043218613, -0.9997634291648865, 1.5068912506103516], [0.5726704001426697, 0.8195454478263855, -0.019842851907014847, -1.08123779296875], [0.0, 0.0, 0.0, 1.0]], [[0.004259863402694464, -0.9996672868728638, 0.025440867990255356, 0.00921630859375], [-0.009204856120049953, -0.02547922544181347, -0.9996330142021179, 1.5179176330566406], [0.9999485611915588, 0.004024099092930555, -0.009310330264270306, -1.40008544921875], [0.0, 0.0, 0.0, 1.0]], [[-0.833592414855957, -0.5523300766944885, 0.007431488484144211, 0.841827392578125], [-0.003391498699784279, -0.008335703983902931, -0.9999594688415527, 1.5028831958770752], [0.5523696541786194, -0.8335838317871094, 0.005075354594737291, -1.11981201171875], [0.0, 0.0, 0.0, 1.0]], [[0.9477827548980713, 0.31884270906448364, -0.006869532633572817, -1.127716064453125], [0.005730319768190384, -0.03856261074542999, -0.9992396831512451, 1.5886554718017578], [-0.31886518001556396, 0.9470227956771851, -0.03837604820728302, -0.10888671875], [0.0, 0.0, 0.0, 1.0]], [[0.0029293985571712255, 0.9995841979980469, -0.028686683624982834, 0.002197265625], [-0.019845454022288322, -0.028623046353459358, -0.9993932843208313, 1.5775113105773926], [-0.9997988343238831, 0.0034969442058354616, 0.0197533518075943, -0.09246826171875], [0.0, 0.0, 0.0, 1.0]], [[-0.9344930648803711, 0.35559627413749695, -0.016552114859223366, 0.9764404296875], [0.012624280527234077, -0.013363519683480263, -0.9998310208320618, 1.5536212921142578], [-0.3557574450969696, -0.9345441460609436, 0.007998967543244362, -0.1226806640625], [0.0, 0.0, 0.0, 1.0]]], "view": [[0.0, -2.0, 100.0], [-2.0, 0.0, 100.0], [0.0, 0.0, 1.0]], "bev": "bev_b462e73472684c509a3e5f8734c33b10.png", "aux": "aux_b462e73472684c509a3e5f8734c33b10.npz", "visibility": "visibility_b462e73472684c509a3e5f8734c33b10.png", "pose": [[0.4843805432319641, 0.8748574256896973, 0.0, 299.014892578125], [-0.8748574256896973, 0.4843805432319641, 0.0, 750.642822265625], [0.0, 0.0, 1.0, 0.0], [0.0, 0.0, 0.0, 1.0]], "pose_inverse": [[0.4843805432319641, -0.8748574256896973, 0.0, 511.8684387207031], [0.8748574256896973, 0.4843805432319641, 0.0, -625.192138671875], [0.0, 0.0, 1.0, 0.0], [0.0, 0.0, 0.0, 1.0]], "cam_ids": [0, 1, 2, 3, 4, 5], "cam_channels": ["CAM_FRONT_LEFT", "CAM_FRONT", "CAM_FRONT_RIGHT", "CAM_BACK_LEFT", "CAM_BACK", "CAM_BACK_RIGHT"], "token": "b462e73472684c509a3e5f8734c33b10", "scene": "scene-0278"}, {"images": ["samples/CAM_FRONT_LEFT/n015-2018-07-11-11-54-16+0800__CAM_FRONT_LEFT__1531281964254844.jpg", "samples/CAM_FRONT/n015-2018-07-11-11-54-16+0800__CAM_FRONT__1531281964262460.jpg", "samples/CAM_FRONT_RIGHT/n015-2018-07-11-11-54-16+0800__CAM_FRONT_RIGHT__1531281964270339.jpg", "samples/CAM_BACK_LEFT/n015-2018-07-11-11-54-16+0800__CAM_BACK_LEFT__1531281964297423.jpg", "samples/CAM_BACK/n015-2018-07-11-11-54-16+0800__CAM_BACK__1531281964287525.jpg", "samples/CAM_BACK_RIGHT/n015-2018-07-11-11-54-16+0800__CAM_BACK_RIGHT__1531281964277893.jpg"], "intrinsics": [[[1272.5979470598488, 0.0, 826.6154927353808], [0.0, 1272.5979470598488, 479.75165386361925], [0.0, 0.0, 1.0]], [[1266.417203046554, 0.0, 816.2670197447984], [0.0, 1266.417203046554, 491.50706579294757], [0.0, 0.0, 1.0]], [[1260.8474446004698, 0.0, 807.968244525554], [0.0, 1260.8474446004698, 495.3344268742088], [0.0, 0.0, 1.0]], [[1256.7414812095406, 0.0, 792.1125740759628], [0.0, 1256.7414812095406, 492.7757465151356], [0.0, 0.0, 1.0]], [[809.2209905677063, 0.0, 829.2196003259838], [0.0, 809.2209905677063, 481.77842384512485], [0.0, 0.0, 1.0]], [[1259.5137405846733, 0.0, 807.2529053838625], [0.0, 1259.5137405846733, 501.19579884916527], [0.0, 0.0, 1.0]]], "extrinsics": [[[0.8197775483131409, -0.5726523399353027, 0.0058408030308783054, -0.71044921875], [-0.006462284829467535, -0.019448474049568176, -0.9997899532318115, 1.5062999725341797], [0.5726456046104431, 0.8195675611495972, -0.019644061103463173, -1.10540771484375], [0.0, 0.0, 0.0, 1.0]], [[0.004305599257349968, -0.9997159242630005, 0.02344132401049137, 0.0081787109375], [-0.01183188147842884, -0.02349083125591278, -0.9996540546417236, 1.5175514221191406], [0.999920666217804, 0.004026874899864197, -0.011929661966860294, -1.436370849609375], [0.0, 0.0, 0.0, 1.0]], [[-0.8335743546485901, -0.5523391962051392, 0.008664623834192753, 0.8653297424316406], [-0.006257296539843082, -0.006243195850402117, -0.9999609589576721, 1.5023940801620483], [0.5523716807365417, -0.8335960507392883, 0.0017480208771303296, -1.13629150390625], [0.0, 0.0, 0.0, 1.0]], [[0.9477964639663696, 0.31873124837875366, -0.0096113421022892, -1.12884521484375], [0.0021612602286040783, -0.03656161203980446, -0.9993290305137634, 1.5885944366455078], [-0.3188687264919281, 0.9471397399902344, -0.03534182533621788, -0.10845947265625], [0.0, 0.0, 0.0, 1.0]], [[0.002839740365743637, 0.9996421337127686, -0.026599133387207985, 0.00250244140625], [-0.023170458152890205, -0.026526322588324547, -0.9993795156478882, 1.5774683952331543], [-0.9997275471687317, 0.003454325720667839, 0.02308683656156063, -0.080322265625], [0.0, 0.0, 0.0, 1.0]], [[-0.9345372319221497, 0.355630487203598, -0.012927468866109848, 0.9967041015625], [0.009552671574056149, -0.011244076304137707, -0.9998911619186401, 1.5528841018676758], [-0.3557370901107788, -0.9345589876174927, 0.007110783364623785, -0.115570068359375], [0.0, 0.0, 0.0, 1.0]]], "view": [[0.0, -2.0, 100.0], [-2.0, 0.0, 100.0], [0.0, 0.0, 1.0]], "bev": "bev_c75fae3bcdd54b3a8b3635fdcf8ba74b.png", "aux": "aux_c75fae3bcdd54b3a8b3635fdcf8ba74b.npz", "visibility": "visibility_c75fae3bcdd54b3a8b3635fdcf8ba74b.png", "pose": [[0.5050292015075684, 0.8631022572517395, 0.0, 300.8747253417969], [-0.8631022572517395, 0.5050292015075684, 0.0, 747.3502807617188], [0.0, 0.0, 1.0, 0.0], [0.0, 0.0, 0.0, 1.0]], "pose_inverse": [[0.5050292015075684, -0.8631022572517395, 0.0, 493.0892028808594], [0.8631022572517395, 0.5050292015075684, 0.0, -637.119384765625], [0.0, 0.0, 1.0, 0.0], [0.0, 0.0, 0.0, 1.0]], "cam_ids": [0, 1, 2, 3, 4, 5], "cam_channels": ["CAM_FRONT_LEFT", "CAM_FRONT", "CAM_FRONT_RIGHT", "CAM_BACK_LEFT", "CAM_BACK", "CAM_BACK_RIGHT"], "token": "c75fae3bcdd54b3a8b3635fdcf8ba74b", "scene": "scene-0278"}, {"images": ["samples/CAM_FRONT_LEFT/n015-2018-07-11-11-54-16+0800__CAM_FRONT_LEFT__1531281964754844.jpg", "samples/CAM_FRONT/n015-2018-07-11-11-54-16+0800__CAM_FRONT__1531281964762460.jpg", "samples/CAM_FRONT_RIGHT/n015-2018-07-11-11-54-16+0800__CAM_FRONT_RIGHT__1531281964770339.jpg", "samples/CAM_BACK_LEFT/n015-2018-07-11-11-54-16+0800__CAM_BACK_LEFT__1531281964797423.jpg", "samples/CAM_BACK/n015-2018-07-11-11-54-16+0800__CAM_BACK__1531281964787525.jpg", "samples/CAM_BACK_RIGHT/n015-2018-07-11-11-54-16+0800__CAM_BACK_RIGHT__1531281964777893.jpg"], "intrinsics": [[[1272.5979470598488, 0.0, 826.6154927353808], [0.0, 1272.5979470598488, 479.75165386361925], [0.0, 0.0, 1.0]], [[1266.417203046554, 0.0, 816.2670197447984], [0.0, 1266.417203046554, 491.50706579294757], [0.0, 0.0, 1.0]], [[1260.8474446004698, 0.0, 807.968244525554], [0.0, 1260.8474446004698, 495.3344268742088], [0.0, 0.0, 1.0]], [[1256.7414812095406, 0.0, 792.1125740759628], [0.0, 1256.7414812095406, 492.7757465151356], [0.0, 0.0, 1.0]], [[809.2209905677063, 0.0, 829.2196003259838], [0.0, 809.2209905677063, 481.77842384512485], [0.0, 0.0, 1.0]], [[1259.5137405846733, 0.0, 807.2529053838625], [0.0, 1259.5137405846733, 501.19579884916527], [0.0, 0.0, 1.0]]], "extrinsics": [[[0.8202319741249084, -0.5720198750495911, 0.0035866806283593178, -0.75860595703125], [-0.009672948159277439, -0.02013889141380787, -0.9997503757476807, 1.5058784484863281], [0.5719493627548218, 0.8199926018714905, -0.022051680833101273, -1.1391754150390625], [0.0, 0.0, 0.0, 1.0]], [[0.005016837269067764, -0.9996947050094604, 0.024196229875087738, 0.00811767578125], [-0.014983012340962887, -0.024268964305520058, -0.999593198299408, 1.5174713134765625], [0.9998751878738403, 0.004652298521250486, -0.015100188553333282, -1.48480224609375], [0.0, 0.0, 0.0, 1.0]], [[-0.8332664370536804, -0.5527470111846924, 0.011734972707927227, 0.8968276977539062], [-0.009350699372589588, -0.0071326252073049545, -0.9999307990074158, 1.5021255016326904], [0.5527925491333008, -0.8333185315132141, 0.0007748057832941413, -1.15704345703125], [0.0, 0.0, 0.0, 1.0]], [[0.9477614760398865, 0.3187272250652313, -0.01269330270588398, -1.1297149658203125], [-0.0006654715398326516, -0.03781763091683388, -0.9992843866348267, 1.5885486602783203], [-0.3189792335033417, 0.947091817855835, -0.0356299914419651, -0.10791015625], [0.0, 0.0, 0.0, 1.0]], [[0.0025687033776193857, 0.9996122121810913, -0.027730492874979973, 0.0023193359375], [-0.026107022538781166, -0.027654096484184265, -0.9992766380310059, 1.5775957107543945], [-0.9996558427810669, 0.003290819702669978, 0.026025857776403427, -0.0662841796875], [0.0, 0.0, 0.0, 1.0]], [[-0.9347028136253357, 0.3552766740322113, -0.010447357781231403, 1.022216796875], [0.006528759375214577, -0.012226826511323452, -0.9999039769172668, 1.5522584915161133], [-0.35537031292915344, -0.9346812963485718, 0.009108934551477432, -0.105804443359375], [0.0, 0.0, 0.0, 1.0]]], "view": [[0.0, -2.0, 100.0], [-2.0, 0.0, 100.0], [0.0, 0.0, 1.0]], "bev": "bev_68ecb2433f654422a7567d9f349c0708.png", "aux": "aux_68ecb2433f654422a7567d9f349c0708.npz", "visibility": "visibility_68ecb2433f654422a7567d9f349c0708.png", "pose": [[0.5140838027000427, 0.8577399849891663, 0.0, 302.3971862792969], [-0.8577399849891663, 0.5140838027000427, 0.0, 744.725830078125], [0.0, 0.0, 1.0, 0.0], [0.0, 0.0, 0.0, 1.0]], "pose_inverse": [[0.5140838027000427, -0.8577399849891663, 0.0, 483.3236083984375], [0.8577399849891663, 0.5140838027000427, 0.0, -642.2296142578125], [0.0, 0.0, 1.0, 0.0], [0.0, 0.0, 0.0, 1.0]], "cam_ids": [0, 1, 2, 3, 4, 5], "cam_channels": ["CAM_FRONT_LEFT", "CAM_FRONT", "CAM_FRONT_RIGHT", "CAM_BACK_LEFT", "CAM_BACK", "CAM_BACK_RIGHT"], "token": "68ecb2433f654422a7567d9f349c0708", "scene": "scene-0278"}, {"images": ["samples/CAM_FRONT_LEFT/n015-2018-07-11-11-54-16+0800__CAM_FRONT_LEFT__1531281965254844.jpg", "samples/CAM_FRONT/n015-2018-07-11-11-54-16+0800__CAM_FRONT__1531281965262460.jpg", "samples/CAM_FRONT_RIGHT/n015-2018-07-11-11-54-16+0800__CAM_FRONT_RIGHT__1531281965270339.jpg", "samples/CAM_BACK_LEFT/n015-2018-07-11-11-54-16+0800__CAM_BACK_LEFT__1531281965297423.jpg", "samples/CAM_BACK/n015-2018-07-11-11-54-16+0800__CAM_BACK__1531281965287525.jpg", "samples/CAM_BACK_RIGHT/n015-2018-07-11-11-54-16+0800__CAM_BACK_RIGHT__1531281965277893.jpg"], "intrinsics": [[[1272.5979470598488, 0.0, 826.6154927353808], [0.0, 1272.5979470598488, 479.75165386361925], [0.0, 0.0, 1.0]], [[1266.417203046554, 0.0, 816.2670197447984], [0.0, 1266.417203046554, 491.50706579294757], [0.0, 0.0, 1.0]], [[1260.8474446004698, 0.0, 807.968244525554], [0.0, 1260.8474446004698, 495.3344268742088], [0.0, 0.0, 1.0]], [[1256.7414812095406, 0.0, 792.1125740759628], [0.0, 1256.7414812095406, 492.7757465151356], [0.0, 0.0, 1.0]], [[809.2209905677063, 0.0, 829.2196003259838], [0.0, 809.2209905677063, 481.77842384512485], [0.0, 0.0, 1.0]], [[1259.5137405846733, 0.0, 807.2529053838625], [0.0, 1259.5137405846733, 501.19579884916527], [0.0, 0.0, 1.0]]], "extrinsics": [[[0.8204305768013, -0.5717188119888306, 0.00560501916334033, -0.8052978515625], [-0.007750639226287603, -0.02092372253537178, -0.9997510313987732, 1.5067901611328125], [0.5716937184333801, 0.8201828002929688, -0.021597648039460182, -1.171295166015625], [0.0, 0.0, 0.0, 1.0]], [[0.005272909998893738, -0.9996748566627502, 0.024946818128228188, 0.00750732421875], [-0.01302455272525549, -0.025013703852891922, -0.9996022582054138, 1.5184869766235352], [0.9999012351036072, 0.004945850931107998, -0.013152210973203182, -1.532012939453125], [0.0, 0.0, 0.0, 1.0]], [[-0.8331539034843445, -0.5529420971870422, 0.01046871766448021, 0.9279937744140625], [-0.007362616714090109, -0.007837925106287003, -0.9999421238899231, 1.5027254819869995], [0.5529922246932983, -0.8331827521324158, 0.0024590976536273956, -1.17803955078125], [0.0, 0.0, 0.0, 1.0]], [[0.947769820690155, 0.31877169013023376, -0.01081731729209423, -1.1329803466796875], [0.0014498441014438868, -0.03822020813822746, -0.9992682337760925, 1.5885772705078125], [-0.31895190477371216, 0.9470605850219727, -0.03668612986803055, -0.10693359375], [0.0, 0.0, 0.0, 1.0]], [[0.0025216296780854464, 0.9995971918106079, -0.028267644345760345, 0.00244140625], [-0.02403719536960125, -0.028198979794979095, -0.9993132948875427, 1.5781197547912598], [-0.9997078776359558, 0.0031993261072784662, 0.023956404998898506, -0.050262451171875], [0.0, 0.0, 0.0, 1.0]], [[-0.9347449541091919, 0.35509738326072693, -0.012559822760522366, 1.048583984375], [0.008544450625777245, -0.012873772531747818, -0.9998806118965149, 1.552260398864746], [-0.3552166521549225, -0.9347406625747681, 0.008999580517411232, -0.095947265625], [0.0, 0.0, 0.0, 1.0]]], "view": [[0.0, -2.0, 100.0], [-2.0, 0.0, 100.0], [0.0, 0.0, 1.0]], "bev": "bev_3eb6673bad8c44e2853283d958a68ca0.png", "aux": "aux_3eb6673bad8c44e2853283d958a68ca0.npz", "visibility": "visibility_3eb6673bad8c44e2853283d958a68ca0.png", "pose": [[0.5194451212882996, 0.8545038104057312, 0.0, 303.6114807128906], [-0.8545038104057312, 0.5194451212882996, 0.0, 742.6784057617188], [0.0, 0.0, 1.0, 0.0], [0.0, 0.0, 0.0, 1.0]], "pose_inverse": [[0.5194451212882996, -0.8545038104057312, 0.0, 476.91204833984375], [0.8545038104057312, 0.5194451212882996, 0.0, -645.2178344726562], [0.0, 0.0, 1.0, 0.0], [0.0, 0.0, 0.0, 1.0]], "cam_ids": [0, 1, 2, 3, 4, 5], "cam_channels": ["CAM_FRONT_LEFT", "CAM_FRONT", "CAM_FRONT_RIGHT", "CAM_BACK_LEFT", "CAM_BACK", "CAM_BACK_RIGHT"], "token": "3eb6673bad8c44e2853283d958a68ca0", "scene": "scene-0278"}, {"images": ["samples/CAM_FRONT_LEFT/n015-2018-07-11-11-54-16+0800__CAM_FRONT_LEFT__1531281965754844.jpg", "samples/CAM_FRONT/n015-2018-07-11-11-54-16+0800__CAM_FRONT__1531281965762460.jpg", "samples/CAM_FRONT_RIGHT/n015-2018-07-11-11-54-16+0800__CAM_FRONT_RIGHT__1531281965770339.jpg", "samples/CAM_BACK_LEFT/n015-2018-07-11-11-54-16+0800__CAM_BACK_LEFT__1531281965797423.jpg", "samples/CAM_BACK/n015-2018-07-11-11-54-16+0800__CAM_BACK__1531281965787525.jpg", "samples/CAM_BACK_RIGHT/n015-2018-07-11-11-54-16+0800__CAM_BACK_RIGHT__1531281965777893.jpg"], "intrinsics": [[[1272.5979470598488, 0.0, 826.6154927353808], [0.0, 1272.5979470598488, 479.75165386361925], [0.0, 0.0, 1.0]], [[1266.417203046554, 0.0, 816.2670197447984], [0.0, 1266.417203046554, 491.50706579294757], [0.0, 0.0, 1.0]], [[1260.8474446004698, 0.0, 807.968244525554], [0.0, 1260.8474446004698, 495.3344268742088], [0.0, 0.0, 1.0]], [[1256.7414812095406, 0.0, 792.1125740759628], [0.0, 1256.7414812095406, 492.7757465151356], [0.0, 0.0, 1.0]], [[809.2209905677063, 0.0, 829.2196003259838], [0.0, 809.2209905677063, 481.77842384512485], [0.0, 0.0, 1.0]], [[1259.5137405846733, 0.0, 807.2529053838625], [0.0, 1259.5137405846733, 501.19579884916527], [0.0, 0.0, 1.0]]], "extrinsics": [[[0.820624053478241, -0.5713242292404175, 0.012840206734836102, -0.86651611328125], [-0.0011263196356594563, -0.02408573031425476, -0.9997092485427856, 1.5081205368041992], [0.5714673399925232, 0.8203709721565247, -0.02040882222354412, -1.212005615234375], [0.0, 0.0, 0.0, 1.0]], [[0.0054555730894207954, -0.999589204788208, 0.02813742123544216, 0.005859375], [-0.006301088258624077, -0.02817164734005928, -0.9995832443237305, 1.5199155807495117], [0.9999651908874512, 0.005276046693325043, -0.006452193483710289, -1.593170166015625], [0.0, 0.0, 0.0, 1.0]], [[-0.833060085773468, -0.5531436204910278, 0.00655124569311738, 0.9676437377929688], [-0.0005573209491558373, -0.011003593914210796, -0.9999393224716187, 1.5036020278930664], [0.553182065486908, -0.8330131769180298, 0.008858377113938332, -1.20550537109375], [0.0, 0.0, 0.0, 1.0]], [[0.9478147625923157, 0.3187795877456665, -0.005180388689041138, -1.138031005859375], [0.008490614593029022, -0.04148092865943909, -0.9991031885147095, 1.5885906219482422], [-0.31870850920677185, 0.9469208121299744, -0.04202287271618843, -0.1051025390625], [0.0, 0.0, 0.0, 1.0]], [[0.0026145451702177525, 0.9995014667510986, -0.03146366775035858, 0.0028076171875], [-0.017054205760359764, -0.031414635479450226, -0.999360978603363, 1.578826904296875], [-0.9998511075973511, 0.003149473574012518, 0.016963567584753036, -0.029327392578125], [0.0, 0.0, 0.0, 1.0]], [[-0.9347028732299805, 0.3548591136932373, -0.0201384536921978, 1.0826416015625], [0.015446115285158157, -0.016051242128014565, -0.9997518658638, 1.5523357391357422], [-0.3550942838191986, -0.9347820281982422, 0.00952194631099701, -0.083831787109375], [0.0, 0.0, 0.0, 1.0]]], "view": [[0.0, -2.0, 100.0], [-2.0, 0.0, 100.0], [0.0, 0.0, 1.0]], "bev": "bev_cba4c5078d8e40138b80902278069671.png", "aux": "aux_cba4c5078d8e40138b80902278069671.npz", "visibility": "visibility_cba4c5078d8e40138b80902278069671.png", "pose": [[0.522700846195221, 0.8525161743164062, 0.0, 304.5054931640625], [-0.8525161743164062, 0.522700846195221, 0.0, 741.2017822265625], [0.0, 0.0, 1.0, 0.0], [0.0, 0.0, 0.0, 1.0]], "pose_inverse": [[0.522700846195221, -0.8525161743164062, 0.0, 472.72125244140625], [0.8525161743164062, 0.522700846195221, 0.0, -647.0226440429688], [0.0, 0.0, 1.0, 0.0], [0.0, 0.0, 0.0, 1.0]], "cam_ids": [0, 1, 2, 3, 4, 5], "cam_channels": ["CAM_FRONT_LEFT", "CAM_FRONT", "CAM_FRONT_RIGHT", "CAM_BACK_LEFT", "CAM_BACK", "CAM_BACK_RIGHT"], "token": "cba4c5078d8e40138b80902278069671", "scene": "scene-0278"}, {"images": ["samples/CAM_FRONT_LEFT/n015-2018-07-11-11-54-16+0800__CAM_FRONT_LEFT__1531281966254860.jpg", "samples/CAM_FRONT/n015-2018-07-11-11-54-16+0800__CAM_FRONT__1531281966262460.jpg", "samples/CAM_FRONT_RIGHT/n015-2018-07-11-11-54-16+0800__CAM_FRONT_RIGHT__1531281966270339.jpg", "samples/CAM_BACK_LEFT/n015-2018-07-11-11-54-16+0800__CAM_BACK_LEFT__1531281966297423.jpg", "samples/CAM_BACK/n015-2018-07-11-11-54-16+0800__CAM_BACK__1531281966287525.jpg", "samples/CAM_BACK_RIGHT/n015-2018-07-11-11-54-16+0800__CAM_BACK_RIGHT__1531281966277893.jpg"], "intrinsics": [[[1272.5979470598488, 0.0, 826.6154927353808], [0.0, 1272.5979470598488, 479.75165386361925], [0.0, 0.0, 1.0]], [[1266.417203046554, 0.0, 816.2670197447984], [0.0, 1266.417203046554, 491.50706579294757], [0.0, 0.0, 1.0]], [[1260.8474446004698, 0.0, 807.968244525554], [0.0, 1260.8474446004698, 495.3344268742088], [0.0, 0.0, 1.0]], [[1256.7414812095406, 0.0, 792.1125740759628], [0.0, 1256.7414812095406, 492.7757465151356], [0.0, 0.0, 1.0]], [[809.2209905677063, 0.0, 829.2196003259838], [0.0, 809.2209905677063, 481.77842384512485], [0.0, 0.0, 1.0]], [[1259.5137405846733, 0.0, 807.2529053838625], [0.0, 1259.5137405846733, 501.19579884916527], [0.0, 0.0, 1.0]]], "extrinsics": [[[0.8208720684051514, -0.5709624886512756, 0.013068725354969501, -0.88629150390625], [-0.0005315877497196198, -0.023646796122193336, -0.9997202157974243, 1.5082244873046875], [0.5711118578910828, 0.8206354975700378, -0.019714511930942535, -1.226837158203125], [0.0, 0.0, 0.0, 1.0]], [[0.005826589185744524, -0.9996013045310974, 0.02762630768120289, 0.00640869140625], [-0.005875824019312859, -0.027660522609949112, -0.9996001124382019, 1.520096778869629], [0.9999657869338989, 0.0056619723327457905, -0.00603465037420392, -1.6138916015625], [0.0, 0.0, 0.0, 1.0]], [[-0.8328871726989746, -0.5534101724624634, 0.006006460636854172, 0.9817581176757812], [-0.0002994549286086112, -0.010402273386716843, -0.9999458193778992, 1.503631591796875], [0.5534427762031555, -0.8328438401222229, 0.008498197421431541, -1.2142333984375], [0.0, 0.0, 0.0, 1.0]], [[0.9478085041046143, 0.3187985122203827, -0.005141258705407381, -1.1397705078125], [0.008240990340709686, -0.04061412438750267, -0.9991409182548523, 1.5885791778564453], [-0.31873342394828796, 0.9469519257545471, -0.041121628135442734, -0.10467529296875], [0.0, 0.0, 0.0, 1.0]], [[0.0024792482145130634, 0.9995254874229431, -0.03070300817489624, 0.0025634765625], [-0.017139257863163948, -0.0306561179459095, -0.9993830323219299, 1.578963279724121], [-0.9998500347137451, 0.00300399586558342, 0.017055120319128036, -0.02166748046875], [0.0, 0.0, 0.0, 1.0]], [[-0.9347866177558899, 0.3546469509601593, -0.019987167790532112, 1.0943603515625], [0.015541275963187218, -0.015380407683551311, -0.9997609257698059, 1.5521488189697266], [-0.3548695743083954, -0.9348738193511963, 0.008865732699632645, -0.0789794921875], [0.0, 0.0, 0.0, 1.0]]], "view": [[0.0, -2.0, 100.0], [-2.0, 0.0, 100.0], [0.0, 0.0, 1.0]], "bev": "bev_943884d0b74546ee8d6a18ab456159a5.png", "aux": "aux_943884d0b74546ee8d6a18ab456159a5.npz", "visibility": "visibility_943884d0b74546ee8d6a18ab456159a5.png", "pose": [[0.5215553045272827, 0.8532174825668335, 0.0, 305.13397216796875], [-0.8532174825668335, 0.5215553045272827, 0.0, 740.1624145507812], [0.0, 0.0, 1.0, 0.0], [0.0, 0.0, 0.0, 1.0]], "pose_inverse": [[0.5215553045272827, -0.8532174825668335, 0.0, 472.3752746582031], [0.8532174825668335, 0.5215553045272827, 0.0, -646.3812866210938], [0.0, 0.0, 1.0, 0.0], [0.0, 0.0, 0.0, 1.0]], "cam_ids": [0, 1, 2, 3, 4, 5], "cam_channels": ["CAM_FRONT_LEFT", "CAM_FRONT", "CAM_FRONT_RIGHT", "CAM_BACK_LEFT", "CAM_BACK", "CAM_BACK_RIGHT"], "token": "943884d0b74546ee8d6a18ab456159a5", "scene": "scene-0278"}, {"images": ["samples/CAM_FRONT_LEFT/n015-2018-07-11-11-54-16+0800__CAM_FRONT_LEFT__1531281966754844.jpg", "samples/CAM_FRONT/n015-2018-07-11-11-54-16+0800__CAM_FRONT__1531281966762460.jpg", "samples/CAM_FRONT_RIGHT/n015-2018-07-11-11-54-16+0800__CAM_FRONT_RIGHT__1531281966770339.jpg", "samples/CAM_BACK_LEFT/n015-2018-07-11-11-54-16+0800__CAM_BACK_LEFT__1531281966797423.jpg", "samples/CAM_BACK/n015-2018-07-11-11-54-16+0800__CAM_BACK__1531281966787525.jpg", "samples/CAM_BACK_RIGHT/n015-2018-07-11-11-54-16+0800__CAM_BACK_RIGHT__1531281966777893.jpg"], "intrinsics": [[[1272.5979470598488, 0.0, 826.6154927353808], [0.0, 1272.5979470598488, 479.75165386361925], [0.0, 0.0, 1.0]], [[1266.417203046554, 0.0, 816.2670197447984], [0.0, 1266.417203046554, 491.50706579294757], [0.0, 0.0, 1.0]], [[1260.8474446004698, 0.0, 807.968244525554], [0.0, 1260.8474446004698, 495.3344268742088], [0.0, 0.0, 1.0]], [[1256.7414812095406, 0.0, 792.1125740759628], [0.0, 1256.7414812095406, 492.7757465151356], [0.0, 0.0, 1.0]], [[809.2209905677063, 0.0, 829.2196003259838], [0.0, 809.2209905677063, 481.77842384512485], [0.0, 0.0, 1.0]], [[1259.5137405846733, 0.0, 807.2529053838625], [0.0, 1259.5137405846733, 501.19579884916527], [0.0, 0.0, 1.0]]], "extrinsics": [[[0.8206804990768433, -0.5712156295776367, 0.014002957381308079, -0.8951416015625], [0.0014309363905340433, -0.02245223894715309, -0.9997469186782837, 1.5083932876586914], [0.5713855028152466, 0.8204928636550903, -0.017608745023608208, -1.23297119140625], [0.0, 0.0, 0.0, 1.0]], [[0.0055288877338171005, -0.9996336102485657, 0.02649305947124958, 0.00634765625], [-0.0038019276689738035, -0.026514286175370216, -0.9996412396430969, 1.520294189453125], [0.9999774694442749, 0.005426188465207815, -0.003947129938751459, -1.622802734375], [0.0, 0.0, 0.0, 1.0]], [[-0.8330042362213135, -0.5532548427581787, 0.0035838212352246046, 0.9875755310058594], [0.001892058877274394, -0.00932617299258709, -0.9999547004699707, 1.5037531852722168], [0.5532631874084473, -0.832959771156311, 0.00881553441286087, -1.21807861328125], [0.0, 0.0, 0.0, 1.0]], [[0.9478145837783813, 0.3188129663467407, -0.0024011139757931232, -1.1404571533203125], [0.010817249305546284, -0.03968416526913643, -0.9991536736488342, 1.5885791778564453], [-0.3186384439468384, 0.9469864368438721, -0.041061911731958