[{"images": ["samples/CAM_FRONT_LEFT/n015-2018-07-27-11-36-48+0800__CAM_FRONT_LEFT__1532662728904844.jpg", "samples/CAM_FRONT/n015-2018-07-27-11-36-48+0800__CAM_FRONT__1532662728912460.jpg", "samples/CAM_FRONT_RIGHT/n015-2018-07-27-11-36-48+0800__CAM_FRONT_RIGHT__1532662728920339.jpg", "samples/CAM_BACK_LEFT/n015-2018-07-27-11-36-48+0800__CAM_BACK_LEFT__1532662728947423.jpg", "samples/CAM_BACK/n015-2018-07-27-11-36-48+0800__CAM_BACK__1532662728937525.jpg", "samples/CAM_BACK_RIGHT/n015-2018-07-27-11-36-48+0800__CAM_BACK_RIGHT__1532662728927893.jpg"], "intrinsics": [[[1272.5979470598488, 0.0, 826.6154927353808], [0.0, 1272.5979470598488, 479.75165386361925], [0.0, 0.0, 1.0]], [[1266.417203046554, 0.0, 816.2670197447984], [0.0, 1266.417203046554, 491.50706579294757], [0.0, 0.0, 1.0]], [[1260.8474446004698, 0.0, 807.968244525554], [0.0, 1260.8474446004698, 495.3344268742088], [0.0, 0.0, 1.0]], [[1256.7414812095406, 0.0, 792.1125740759628], [0.0, 1256.7414812095406, 492.7757465151356], [0.0, 0.0, 1.0]], [[809.2209905677063, 0.0, 829.2196003259838], [0.0, 809.2209905677063, 481.77842384512485], [0.0, 0.0, 1.0]], [[1259.5137405846733, 0.0, 807.2529053838625], [0.0, 1259.5137405846733, 501.19579884916527], [0.0, 0.0, 1.0]]], "extrinsics": [[[0.8206791877746582, -0.571295976638794, -0.010323021560907364, -0.9649658203125], [0.0008820364018902183, 0.019333163276314735, -0.9998127222061157, 1.5082435607910156], [0.5713884830474854, 0.8205164074897766, 0.016370227560400963, -1.280517578125], [0.0, 0.0, 0.0, 1.0]], [[0.0055551775731146336, -0.9998677372932434, -0.015285758301615715, 0.0052490234375], [-0.004279762506484985, 0.01526208221912384, -0.9998743534088135, 1.5205326080322266], [0.9999753832817078, 0.005619988776743412, -0.004194411914795637, -1.6925048828125], [0.0, 0.0, 0.0, 1.0]], [[-0.8329766392707825, -0.5529749393463135, -0.019196871668100357, 1.03253173828125], [0.0014872917672619224, 0.032456908375024796, -0.9994719624519348, 1.5036392211914062], [0.5533061027526855, -0.8325654864311218, -0.02621341124176979, -1.2486572265625], [0.0, 0.0, 0.0, 1.0]], [[0.9477702975273132, 0.3187771141529083, 0.010615553706884384, -1.1422348022460938], [0.010508058592677116, 0.002056985395029187, -0.9999426603317261, 1.5885562896728516], [-0.31878072023391724, 0.9478274583816528, -0.00140018027741462, -0.1038818359375], [0.0, 0.0, 0.0, 1.0]], [[0.00250419182702899, 0.9999244213104248, 0.012041796930134296, 0.0029296875], [-0.015043189749121666, 0.012078138999640942, -0.9998139142990112, 1.579355239868164], [-0.999883770942688, 0.0023225597105920315, 0.015072298236191273, 0.001953125], [0.0, 0.0, 0.0, 1.0]], [[-0.9347235560417175, 0.3553149104118347, -0.006580861285328865, 1.136474609375], [0.01746218092739582, 0.02742617577314377, -0.9994713068008423, 1.5514411926269531], [-0.3549465537071228, -0.9343442320823669, -0.03184046596288681, -0.0633544921875], [0.0, 0.0, 0.0, 1.0]]], "view": [[0.0, -2.0, 100.0], [-2.0, 0.0, 100.0], [0.0, 0.0, 1.0]], "bev": "bev_4b7cf5116e164b12952d108776eb88ec.png", "aux": "aux_4b7cf5116e164b12952d108776eb88ec.npz", "visibility": "visibility_4b7cf5116e164b12952d108776eb88ec.png", "pose": [[0.7947245836257935, 0.6069702506065369, 0.0, 693.1103515625], [-0.6069702506065369, 0.7947245836257935, 0.0, 1843.2646484375], [0.0, 0.0, 1.0, 0.0], [0.0, 0.0, 0.0, 1.0]], "pose_inverse": [[0.7947245836257935, -0.6069702506065369, 0.0, 567.9749755859375], [0.6069702506065369, 0.7947245836257935, 0.0, -1885.5850830078125], [0.0, 0.0, 1.0, 0.0], [0.0, 0.0, 0.0, 1.0]], "cam_ids": [0, 1, 2, 3, 4, 5], "cam_channels": ["CAM_FRONT_LEFT", "CAM_FRONT", "CAM_FRONT_RIGHT", "CAM_BACK_LEFT", "CAM_BACK", "CAM_BACK_RIGHT"], "token": "4b7cf5116e164b12952d108776eb88ec", "scene": "scene-0179"}, {"images": ["samples/CAM_FRONT_LEFT/n015-2018-07-27-11-36-48+0800__CAM_FRONT_LEFT__1532662729404844.jpg", "samples/CAM_FRONT/n015-2018-07-27-11-36-48+0800__CAM_FRONT__1532662729412460.jpg", "samples/CAM_FRONT_RIGHT/n015-2018-07-27-11-36-48+0800__CAM_FRONT_RIGHT__1532662729420339.jpg", "samples/CAM_BACK_LEFT/n015-2018-07-27-11-36-48+0800__CAM_BACK_LEFT__1532662729447423.jpg", "samples/CAM_BACK/n015-2018-07-27-11-36-48+0800__CAM_BACK__1532662729437525.jpg", "samples/CAM_BACK_RIGHT/n015-2018-07-27-11-36-48+0800__CAM_BACK_RIGHT__1532662729427893.jpg"], "intrinsics": [[[1272.5979470598488, 0.0, 826.6154927353808], [0.0, 1272.5979470598488, 479.75165386361925], [0.0, 0.0, 1.0]], [[1266.417203046554, 0.0, 816.2670197447984], [0.0, 1266.417203046554, 491.50706579294757], [0.0, 0.0, 1.0]], [[1260.8474446004698, 0.0, 807.968244525554], [0.0, 1260.8474446004698, 495.3344268742088], [0.0, 0.0, 1.0]], [[1256.7414812095406, 0.0, 792.1125740759628], [0.0, 1256.7414812095406, 492.7757465151356], [0.0, 0.0, 1.0]], [[809.2209905677063, 0.0, 829.2196003259838], [0.0, 809.2209905677063, 481.77842384512485], [0.0, 0.0, 1.0]], [[1259.5137405846733, 0.0, 807.2529053838625], [0.0, 1259.5137405846733, 501.19579884916527], [0.0, 0.0, 1.0]]], "extrinsics": [[[0.820717990398407, -0.5712326765060425, -0.010735497809946537, -0.9652099609375], [0.0003801812999881804, 0.01933627389371395, -0.9998129606246948, 1.50823974609375], [0.5713334083557129, 0.8205603957176208, 0.016086800023913383, -1.280517578125], [0.0, 0.0, 0.0, 1.0]], [[0.005613807588815689, -0.999866783618927, -0.01532457210123539, 0.0052490234375], [-0.0049036419950425625, 0.01529710553586483, -0.999871015548706, 1.5205326080322266], [0.9999721646308899, 0.005688245873898268, -0.004817114677280188, -1.692626953125], [0.0, 0.0, 0.0, 1.0]], [[-0.8329612612724304, -0.5530182719230652, -0.01861090399324894, 1.0325927734375], [0.000736457877792418, 0.032526250928640366, -0.999470591545105, 1.5036354064941406], [0.5533308386802673, -0.8325339555740356, -0.02668583393096924, -1.248779296875], [0.0, 0.0, 0.0, 1.0]], [[0.9477797150611877, 0.3187801241874695, 0.009631749242544174, -1.1422805786132812], [0.009404502809047699, 0.0022520306520164013, -0.9999532103538513, 1.5885519981384277], [-0.31878697872161865, 0.9478260278701782, -0.0008635375997982919, -0.103759765625], [0.0, 0.0, 0.0, 1.0]], [[0.002494748681783676, 0.9999224543571472, 0.012204119935631752, 0.0028076171875], [-0.016005726531147957, 0.012242521159350872, -0.9997969269752502, 1.5793609619140625], [-0.9998688101768494, 0.0022988831624388695, 0.01603502407670021, 0.00201416015625], [0.0, 0.0, 0.0, 1.0]], [[-0.9347423315048218, 0.3552795350551605, -0.005766313523054123, 1.136474609375], [0.01663271337747574, 0.02753879316151142, -0.9994823932647705, 1.5514411926269531], [-0.3549368679523468, -0.9343544244766235, -0.03165093809366226, -0.0634765625], [0.0, 0.0, 0.0, 1.0]]], "view": [[0.0, -2.0, 100.0], [-2.0, 0.0, 100.0], [0.0, 0.0, 1.0]], "bev": "bev_5691e7f97f784b8f8cd8ad6cfa52778a.png", "aux": "aux_5691e7f97f784b8f8cd8ad6cfa52778a.npz", "visibility": "visibility_5691e7f97f784b8f8cd8ad6cfa52778a.png", "pose": [[0.7947307229042053, 0.6069622039794922, 0.0, 693.1024169921875], [-0.6069622039794922, 0.7947307229042053, 0.0, 1843.267333984375], [0.0, 0.0, 1.0, 0.0], [0.0, 0.0, 0.0, 1.0]], "pose_inverse": [[0.7947307229042053, -0.6069622039794922, 0.0, 567.9638671875], [0.6069622039794922, 0.7947307229042053, 0.0, -1885.588134765625], [0.0, 0.0, 1.0, 0.0], [0.0, 0.0, 0.0, 1.0]], "cam_ids": [0, 1, 2, 3, 4, 5], "cam_channels": ["CAM_FRONT_LEFT", "CAM_FRONT", "CAM_FRONT_RIGHT", "CAM_BACK_LEFT", "CAM_BACK", "CAM_BACK_RIGHT"], "token": "5691e7f97f784b8f8cd8ad6cfa52778a", "scene": "scene-0179"}, {"images": ["samples/CAM_FRONT_LEFT/n015-2018-07-27-11-36-48+0800__CAM_FRONT_LEFT__1532662729904844.jpg", "samples/CAM_FRONT/n015-2018-07-27-11-36-48+0800__CAM_FRONT__1532662729912460.jpg", "samples/CAM_FRONT_RIGHT/n015-2018-07-27-11-36-48+0800__CAM_FRONT_RIGHT__1532662729920339.jpg", "samples/CAM_BACK_LEFT/n015-2018-07-27-11-36-48+0800__CAM_BACK_LEFT__1532662729947423.jpg", "samples/CAM_BACK/n015-2018-07-27-11-36-48+0800__CAM_BACK__1532662729937525.jpg", "samples/CAM_BACK_RIGHT/n015-2018-07-27-11-36-48+0800__CAM_BACK_RIGHT__1532662729927893.jpg"], "intrinsics": [[[1272.5979470598488, 0.0, 826.6154927353808], [0.0, 1272.5979470598488, 479.75165386361925], [0.0, 0.0, 1.0]], [[1266.417203046554, 0.0, 816.2670197447984], [0.0, 1266.417203046554, 491.50706579294757], [0.0, 0.0, 1.0]], [[1260.8474446004698, 0.0, 807.968244525554], [0.0, 1260.8474446004698, 495.3344268742088], [0.0, 0.0, 1.0]], [[1256.7414812095406, 0.0, 792.1125740759628], [0.0, 1256.7414812095406, 492.7757465151356], [0.0, 0.0, 1.0]], [[809.2209905677063, 0.0, 829.2196003259838], [0.0, 809.2209905677063, 481.77842384512485], [0.0, 0.0, 1.0]], [[1259.5137405846733, 0.0, 807.2529053838625], [0.0, 1259.5137405846733, 501.19579884916527], [0.0, 0.0, 1.0]]], "extrinsics": [[[0.8212693929672241, -0.5705259442329407, -0.004089354537427425, -0.962158203125], [0.007940037176012993, 0.018595876172184944, -0.9997955560684204, 1.5082740783691406], [0.5704852342605591, 0.821069061756134, 0.019802222028374672, -1.2781982421875], [0.0, 0.0, 0.0, 1.0]], [[0.0064437054097652435, -0.9998735189437866, -0.014538931660354137, 0.0052490234375], [0.0026392261497676373, 0.014556189067661762, -0.9998906254768372, 1.5205421447753906], [0.9999757409095764, 0.006404680199921131, 0.0027326878625899553, -1.6893310546875], [0.0, 0.0, 0.0, 1.0]], [[-0.8324928879737854, -0.5534948706626892, -0.024473926052451134, 1.03021240234375], [0.008244870230555534, 0.03179239481687546, -0.9994604587554932, 1.503662109375], [0.5539743304252625, -0.8322455286979675, -0.021903451532125473, -1.247314453125], [0.0, 0.0, 0.0, 1.0]], [[0.9477026462554932, 0.31873396039009094, 0.016381924971938133, -1.1423759460449219], [0.01678810641169548, 0.001472906325943768, -0.999858021736145, 1.5885534286499023], [-0.31871286034584045, 0.947843074798584, -0.003955063410103321, -0.103515625], [0.0, 0.0, 0.0, 1.0]], [[0.002226231386885047, 0.9999317526817322, 0.01147142518311739, 0.0028076171875], [-0.008543897420167923, 0.011490055359899998, -0.9998974800109863, 1.5793514251708984], [-0.9999610185623169, 0.002127966843545437, 0.008568893186748028, 0.00103759765625], [0.0, 0.0, 0.0, 1.0]], [[-0.9348118901252747, 0.35490354895591736, -0.013039901852607727, 1.134521484375], [0.02411852777004242, 0.026809731498360634, -0.9993495345115662, 1.5514945983886719], [-0.3543231189250946, -0.9345183968544006, -0.033621810376644135, -0.0643310546875], [0.0, 0.0, 0.0, 1.0]]], "view": [[0.0, -2.0, 100.0], [-2.0, 0.0, 100.0], [0.0, 0.0, 1.0]], "bev": "bev_2ca653f5215143199ec7c55841c95cd2.png", "aux": "aux_2ca653f5215143199ec7c55841c95cd2.npz", "visibility": "visibility_2ca653f5215143199ec7c55841c95cd2.png", "pose": [[0.7917588949203491, 0.6108337044715881, 0.0, 693.1021728515625], [-0.6108337044715881, 0.7917588949203491, 0.0, 1843.264892578125], [0.0, 0.0, 1.0, 0.0], [0.0, 0.0, 0.0, 1.0]], "pose_inverse": [[0.7917588949203491, -0.6108337044715881, 0.0, 577.1585083007812], [0.6108337044715881, 0.7917588949203491, 0.0, -1882.7916259765625], [0.0, 0.0, 1.0, 0.0], [0.0, 0.0, 0.0, 1.0]], "cam_ids": [0, 1, 2, 3, 4, 5], "cam_channels": ["CAM_FRONT_LEFT", "CAM_FRONT", "CAM_FRONT_RIGHT", "CAM_BACK_LEFT", "CAM_BACK", "CAM_BACK_RIGHT"], "token": "2ca653f5215143199ec7c55841c95cd2", "scene": "scene-0179"}, {"images": ["samples/CAM_FRONT_LEFT/n015-2018-07-27-11-36-48+0800__CAM_FRONT_LEFT__1532662730404844.jpg", "samples/CAM_FRONT/n015-2018-07-27-11-36-48+0800__CAM_FRONT__1532662730412460.jpg", "samples/CAM_FRONT_RIGHT/n015-2018-07-27-11-36-48+0800__CAM_FRONT_RIGHT__1532662730420339.jpg", "samples/CAM_BACK_LEFT/n015-2018-07-27-11-36-48+0800__CAM_BACK_LEFT__1532662730447423.jpg", "samples/CAM_BACK/n015-2018-07-27-11-36-48+0800__CAM_BACK__1532662730437525.jpg", "samples/CAM_BACK_RIGHT/n015-2018-07-27-11-36-48+0800__CAM_BACK_RIGHT__1532662730427893.jpg"], "intrinsics": [[[1272.5979470598488, 0.0, 826.6154927353808], [0.0, 1272.5979470598488, 479.75165386361925], [0.0, 0.0, 1.0]], [[1266.417203046554, 0.0, 816.2670197447984], [0.0, 1266.417203046554, 491.50706579294757], [0.0, 0.0, 1.0]], [[1260.8474446004698, 0.0, 807.968244525554], [0.0, 1260.8474446004698, 495.3344268742088], [0.0, 0.0, 1.0]], [[1256.7414812095406, 0.0, 792.1125740759628], [0.0, 1256.7414812095406, 492.7757465151356], [0.0, 0.0, 1.0]], [[809.2209905677063, 0.0, 829.2196003259838], [0.0, 809.2209905677063, 481.77842384512485], [0.0, 0.0, 1.0]], [[1259.5137405846733, 0.0, 807.2529053838625], [0.0, 1259.5137405846733, 501.19579884916527], [0.0, 0.0, 1.0]]], "extrinsics": [[[0.8226523995399475, -0.568498969078064, -0.007206236943602562, -0.9326171875], [0.004641263745725155, 0.019389569759368896, -0.9998012185096741, 1.5084419250488281], [0.5685257911682129, 0.8224554061889648, 0.018589427694678307, -1.2574462890625], [0.0, 0.0, 0.0, 1.0]], [[0.008463204838335514, -0.9998461008071899, -0.01536573376506567, 0.0048828125], [-0.0007064451347105205, 0.015360303223133087, -0.9998818039894104, 1.5205192565917969], [0.9999639391899109, 0.008473098278045654, -0.0005763384979218245, -1.658935546875], [0.0, 0.0, 0.0, 1.0]], [[-0.8316654562950134, -0.5548360347747803, -0.022120116278529167, 1.010162353515625], [0.0048144226893782616, 0.03262962028384209, -0.9994558691978455, 1.5037841796875], [0.5552560687065125, -0.8313195705413818, -0.024465713649988174, -1.2344970703125], [0.0, 0.0, 0.0, 1.0]], [[0.9477236866950989, 0.31881168484687805, 0.013376820832490921, -1.1410306692123413], [0.013289513997733593, 0.002449141116812825, -0.9999086856842041, 1.5885694026947021], [-0.3188153803348541, 0.94781494140625, -0.0019157433416694403, -0.103759765625], [0.0, 0.0, 0.0, 1.0]], [[0.0015995264984667301, 0.9999223351478577, 0.01236692350357771, 0.003173828125], [-0.012047062627971172, 0.012385308742523193, -0.9998507499694824, 1.579233169555664], [-0.9999262094497681, 0.001450195792131126, 0.012065933085978031, -0.0087890625], [0.0, 0.0, 0.0, 1.0]], [[-0.9352807998657227, 0.3537784218788147, -0.009517761878669262, 1.1180419921875], [0.020644517615437508, 0.027690596878528595, -0.9994033575057983, 1.5518608093261719], [-0.35330384969711304, -0.9349192976951599, -0.033202070742845535, -0.07080078125], [0.0, 0.0, 0.0, 1.0]]], "view": [[0.0, -2.0, 100.0], [-2.0, 0.0, 100.0], [0.0, 0.0, 1.0]], "bev": "bev_39be3db331824d808590bd949ae0ca75.png", "aux": "aux_39be3db331824d808590bd949ae0ca75.npz", "visibility": "visibility_39be3db331824d808590bd949ae0ca75.png", "pose": [[0.7742149233818054, 0.6329228281974792, 0.0, 693.2955932617188], [-0.6329228281974792, 0.7742149233818054, 0.0, 1843.1090087890625], [0.0, 0.0, 1.0, 0.0], [0.0, 0.0, 0.0, 1.0]], "pose_inverse": [[0.7742149233818054, -0.6329228281974792, 0.0, 629.7859497070312], [0.6329228281974792, 0.7742149233818054, 0.0, -1865.7650146484375], [0.0, 0.0, 1.0, 0.0], [0.0, 0.0, 0.0, 1.0]], "cam_ids": [0, 1, 2, 3, 4, 5], "cam_channels": ["CAM_FRONT_LEFT", "CAM_FRONT", "CAM_FRONT_RIGHT", "CAM_BACK_LEFT", "CAM_BACK", "CAM_BACK_RIGHT"], "token": "39be3db331824d808590bd949ae0ca75", "scene": "scene-0179"}, {"images": ["samples/CAM_FRONT_LEFT/n015-2018-07-27-11-36-48+0800__CAM_FRONT_LEFT__1532662730904844.jpg", "samples/CAM_FRONT/n015-2018-07-27-11-36-48+0800__CAM_FRONT__1532662730912460.jpg", "samples/CAM_FRONT_RIGHT/n015-2018-07-27-11-36-48+0800__CAM_FRONT_RIGHT__1532662730920339.jpg", "samples/CAM_BACK_LEFT/n015-2018-07-27-11-36-48+0800__CAM_BACK_LEFT__1532662730947423.jpg", "samples/CAM_BACK/n015-2018-07-27-11-36-48+0800__CAM_BACK__1532662730937525.jpg", "samples/CAM_BACK_RIGHT/n015-2018-07-27-11-36-48+0800__CAM_BACK_RIGHT__1532662730927893.jpg"], "intrinsics": [[[1272.5979470598488, 0.0, 826.6154927353808], [0.0, 1272.5979470598488, 479.75165386361925], [0.0, 0.0, 1.0]], [[1266.417203046554, 0.0, 816.2670197447984], [0.0, 1266.417203046554, 491.50706579294757], [0.0, 0.0, 1.0]], [[1260.8474446004698, 0.0, 807.968244525554], [0.0, 1260.8474446004698, 495.3344268742088], [0.0, 0.0, 1.0]], [[1256.7414812095406, 0.0, 792.1125740759628], [0.0, 1256.7414812095406, 492.7757465151356], [0.0, 0.0, 1.0]], [[809.2209905677063, 0.0, 829.2196003259838], [0.0, 809.2209905677063, 481.77842384512485], [0.0, 0.0, 1.0]], [[1259.5137405846733, 0.0, 807.2529053838625], [0.0, 1259.5137405846733, 501.19579884916527], [0.0, 0.0, 1.0]]], "extrinsics": [[[0.821976363658905, -0.5693632960319519, -0.013425108976662159, -0.9276123046875], [-0.0007583318511024117, 0.022478410974144936, -0.9997470378875732, 1.5082244873046875], [0.5695210099220276, 0.8217787146568298, 0.018044957891106606, -1.253662109375], [0.0, 0.0, 0.0, 1.0]], [[0.007405328564345837, -0.9998015761375427, -0.018492640927433968, 0.0047607421875], [-0.0061029247008264065, 0.018447617068886757, -0.9998112320899963, 1.5203132629394531], [0.9999539256095886, 0.007516784127801657, -0.005965101066976786, -1.65460205078125], [0.0, 0.0, 0.0, 1.0]], [[-0.8322016596794128, -0.5541359186172485, -0.019331131130456924, 1.007354736328125], [-0.0005595562397502363, 0.035703275352716446, -0.9993622303009033, 1.5036468505859375], [0.5544727444648743, -0.8316601514816284, -0.0300223957747221, -1.232666015625], [0.0, 0.0, 0.0, 1.0]], [[0.9477732181549072, 0.3188050389289856, 0.009447887539863586, -1.1403121948242188], [0.008109384216368198, 0.005525554064661264, -0.9999518394470215, 1.5885772705078125], [-0.3188418745994568, 0.9478042125701904, 0.0026516576763242483, -0.10400390625], [0.0, 0.0, 0.0, 1.0]], [[0.0019532309379428625, 0.999879002571106, 0.01543609518557787, 0.003173828125], [-0.017302798107266426, 0.01546760555356741, -0.99973064661026, 1.5791549682617188], [-0.9998484253883362, 0.0016856688307598233, 0.017330914735794067, -0.01007080078125], [0.0, 0.0, 0.0, 1.0]], [[-0.9351174235343933, 0.3543213903903961, -0.003428576048463583, 1.11572265625], [0.015317040495574474, 0.03075365163385868, -0.9994096755981445, 1.5517959594726562], [-0.354006826877594, -0.9346178770065308, -0.03418543189764023, -0.0716552734375], [0.0, 0.0, 0.0, 1.0]]], "view": [[0.0, -2.0, 100.0], [-2.0, 0.0, 100.0], [0.0, 0.0, 1.0]], "bev": "bev_f544b5b6b07a4f03913842d6733b5f9f.png", "aux": "aux_f544b5b6b07a4f03913842d6733b5f9f.npz", "visibility": "visibility_f544b5b6b07a4f03913842d6733b5f9f.png", "pose": [[0.752924382686615, 0.6581070423126221, 0.0, 693.7116088867188], [-0.6581070423126221, 0.752924382686615, 0.0, 1842.757568359375], [0.0, 0.0, 1.0, 0.0], [0.0, 0.0, 0.0, 1.0]], "pose_inverse": [[0.752924382686615, -0.6581070423126221, 0.0, 690.4192504882812], [0.6581070423126221, 0.752924382686615, 0.0, -1843.99365234375], [0.0, 0.0, 1.0, 0.0], [0.0, 0.0, 0.0, 1.0]], "cam_ids": [0, 1, 2, 3, 4, 5], "cam_channels": ["CAM_FRONT_LEFT", "CAM_FRONT", "CAM_FRONT_RIGHT", "CAM_BACK_LEFT", "CAM_BACK", "CAM_BACK_RIGHT"], "token": "f544b5b6b07a4f03913842d6733b5f9f", "scene": "scene-0179"}, {"images": ["samples/CAM_FRONT_LEFT/n015-2018-07-27-11-36-48+0800__CAM_FRONT_LEFT__1532662731404844.jpg", "samples/CAM_FRONT/n015-2018-07-27-11-36-48+0800__CAM_FRONT__1532662731412460.jpg", "samples/CAM_FRONT_RIGHT/n015-2018-07-27-11-36-48+0800__CAM_FRONT_RIGHT__1532662731420339.jpg", "samples/CAM_BACK_LEFT/n015-2018-07-27-11-36-48+0800__CAM_BACK_LEFT__1532662731447423.jpg", "samples/CAM_BACK/n015-2018-07-27-11-36-48+0800__CAM_BACK__1532662731437534.jpg", "samples/CAM_BACK_RIGHT/n015-2018-07-27-11-36-48+0800__CAM_BACK_RIGHT__1532662731427893.jpg"], "intrinsics": [[[1272.5979470598488, 0.0, 826.6154927353808], [0.0, 1272.5979470598488, 479.75165386361925], [0.0, 0.0, 1.0]], [[1266.417203046554, 0.0, 816.2670197447984], [0.0, 1266.417203046554, 491.50706579294757], [0.0, 0.0, 1.0]], [[1260.8474446004698, 0.0, 807.968244525554], [0.0, 1260.8474446004698, 495.3344268742088], [0.0, 0.0, 1.0]], [[1256.7414812095406, 0.0, 792.1125740759628], [0.0, 1256.7414812095406, 492.7757465151356], [0.0, 0.0, 1.0]], [[809.2209905677063, 0.0, 829.2196003259838], [0.0, 809.2209905677063, 481.77842384512485], [0.0, 0.0, 1.0]], [[1259.5137405846733, 0.0, 807.2529053838625], [0.0, 1259.5137405846733, 501.19579884916527], [0.0, 0.0, 1.0]]], "extrinsics": [[[0.8214412331581116, -0.5701833963394165, -0.011189025826752186, -0.9422607421875], [0.001199550461024046, 0.02134721912443638, -0.9997714161872864, 1.5082855224609375], [0.5702918767929077, 0.8212400674819946, 0.01821945048868656, -1.264404296875], [0.0, 0.0, 0.0, 1.0]], [[0.0067075090482831, -0.9998276829719543, -0.017308875918388367, 0.0050048828125], [-0.004050347022712231, 0.01728195883333683, -0.9998424649238586, 1.5204391479492188], [0.9999693632125854, 0.006776518654078245, -0.003933730535209179, -1.66943359375], [0.0, 0.0, 0.0, 1.0]], [[-0.8324391841888428, -0.5537388920783997, -0.02044769562780857, 1.017181396484375], [0.0016031977720558643, 0.03449448570609093, -0.9994035959243774, 1.5036735534667969], [0.5541139841079712, -0.8319755792617798, -0.027826808393001556, -1.23876953125], [0.0, 0.0, 0.0, 1.0]], [[0.9476736187934875, 0.31904420256614685, 0.011203072965145111, -1.1408538818359375], [0.010434385389089584, 0.004118479322642088, -0.999937117099762, 1.5885697603225708], [-0.3190701901912689, 0.9477309584617615, 0.0005739445914514363, -0.1041259765625], [0.0, 0.0, 0.0, 1.0]], [[0.001945396768860519, 0.9998986124992371, 0.01411097776144743, 0.0029296875], [-0.015046348795294762, 0.014138676226139069, -0.9997868537902832, 1.5792427062988281], [-0.999884843826294, 0.001732654869556427, 0.015072327107191086, -0.00555419921875], [0.0, 0.0, 0.0, 1.0]], [[-0.9350038170814514, 0.35458794236183167, -0.005934196524322033, 1.123779296875], [0.017527427524328232, 0.029492007568478584, -0.9994113445281982, 1.5516853332519531], [-0.3542042076587677, -0.9345574975013733, -0.03379015624523163, -0.068359375], [0.0, 0.0, 0.0, 1.0]]], "view": [[0.0, -2.0, 100.0], [-2.0, 0.0, 100.0], [0.0, 0.0, 1.0]], "bev": "bev_dd31ca5c99814535a305af04c1e9a41a.png", "aux": "aux_dd31ca5c99814535a305af04c1e9a41a.npz", "visibility": "visibility_dd31ca5c99814535a305af04c1e9a41a.png", "pose": [[0.7417067885398865, 0.6707242727279663, 0.0, 694.0253295898438], [-0.6707242727279663, 0.7417067885398865, 0.0, 1842.4769287109375], [0.0, 0.0, 1.0, 0.0], [0.0, 0.0, 0.0, 1.0]], "pose_inverse": [[0.7417067885398865, -0.6707242727279663, 0.0, 721.0307006835938], [0.6707242727279663, 0.7417067885398865, 0.0, -1832.0772705078125], [0.0, 0.0, 1.0, 0.0], [0.0, 0.0, 0.0, 1.0]], "cam_ids": [0, 1, 2, 3, 4, 5], "cam_channels": ["CAM_FRONT_LEFT", "CAM_FRONT", "CAM_FRONT_RIGHT", "CAM_BACK_LEFT", "CAM_BACK", "CAM_BACK_RIGHT"], "token": "dd31ca5c99814535a305af04c1e9a41a", "scene": "scene-0179"}, {"images": ["samples/CAM_FRONT_LEFT/n015-2018-07-27-11-36-48+0800__CAM_FRONT_LEFT__1532662731904844.jpg", "samples/CAM_FRONT/n015-2018-07-27-11-36-48+0800__CAM_FRONT__1532662731912460.jpg", "samples/CAM_FRONT_RIGHT/n015-2018-07-27-11-36-48+0800__CAM_FRONT_RIGHT__1532662731920339.jpg", "samples/CAM_BACK_LEFT/n015-2018-07-27-11-36-48+0800__CAM_BACK_LEFT__1532662731947423.jpg", "samples/CAM_BACK/n015-2018-07-27-11-36-48+0800__CAM_BACK__1532662731937525.jpg", "samples/CAM_BACK_RIGHT/n015-2018-07-27-11-36-48+0800__CAM_BACK_RIGHT__1532662731927893.jpg"], "intrinsics": [[[1272.5979470598488, 0.0, 826.6154927353808], [0.0, 1272.5979470598488, 479.75165386361925], [0.0, 0.0, 1.0]], [[1266.417203046554, 0.0, 816.2670197447984], [0.0, 1266.417203046554, 491.50706579294757], [0.0, 0.0, 1.0]], [[1260.8474446004698, 0.0, 807.968244525554], [0.0, 1260.8474446004698, 495.3344268742088], [0.0, 0.0, 1.0]], [[1256.7414812095406, 0.0, 792.1125740759628], [0.0, 1256.7414812095406, 492.7757465151356], [0.0, 0.0, 1.0]], [[809.2209905677063, 0.0, 829.2196003259838], [0.0, 809.2209905677063, 481.77842384512485], [0.0, 0.0, 1.0]], [[1259.5137405846733, 0.0, 807.2529053838625], [0.0, 1259.5137405846733, 501.19579884916527], [0.0, 0.0, 1.0]]], "extrinsics": [[[0.8218410015106201, -0.5696401596069336, -0.009350107982754707, -0.939453125], [0.0030104974284768105, 0.020753804594278336, -0.9997801184654236, 1.5083389282226562], [0.5697090029716492, 0.8216320872306824, 0.018771229311823845, -1.2626953125], [0.0, 0.0, 0.0, 1.0]], [[0.007314372342079878, -0.9998342394828796, -0.01667431928217411, 0.005126953125], [-0.002264658221974969, 0.016658160835504532, -0.9998586773872375, 1.5204753875732422], [0.9999706745147705, 0.007351057603955269, -0.0021424395963549614, -1.66680908203125], [0.0, 0.0, 0.0, 1.0]], [[-0.83214271068573, -0.554142415523529, -0.021556051447987556, 1.015655517578125], [0.0033506257459521294, 0.033845774829387665, -0.9994214177131653, 1.5037117004394531], [0.5545514225959778, -0.8317334651947021, -0.026307791471481323, -1.237548828125], [0.0, 0.0, 0.0, 1.0]], [[0.947639524936676, 0.31909453868865967, 0.012567506171762943, -1.1410446166992188], [0.012088794261217117, 0.0034807620104402304, -0.9999208450317383, 1.588571548461914], [-0.3191130757331848, 0.9477165341377258, -0.0005589598440565169, -0.1041259765625], [0.0, 0.0, 0.0, 1.0]], [[0.0017059427918866277, 0.9999080300331116, 0.013454915024340153, 0.002685546875], [-0.0133515028283, 0.013476510532200336, -0.9998200535774231, 1.5792503356933594], [-0.9999094605445862, 0.0015260677319020033, 0.013373265042901039, -0.0059814453125], [0.0, 0.0, 0.0, 1.0]], [[-0.9351205825805664, 0.3542439341545105, -0.007792907766997814, 1.1226806640625], [0.01925009861588478, 0.02883025072515011, -0.999398946762085, 1.5517311096191406], [-0.3538063168525696, -0.9347085952758789, -0.03377899155020714, -0.06884765625], [0.0, 0.0, 0.0, 1.0]]], "view": [[0.0, -2.0, 100.0], [-2.0, 0.0, 100.0], [0.0, 0.0, 1.0]], "bev": "bev_f942190104314193a7d4ff29b90df6d6.png", "aux": "aux_f942190104314193a7d4ff29b90df6d6.npz", "visibility": "visibility_f942190104314193a7d4ff29b90df6d6.png", "pose": [[0.7314049005508423, 0.6819434762001038, 0.0, 694.2717895507812], [-0.6819434762001038, 0.7314049005508423, 0.0, 1842.2490234375], [0.0, 0.0, 1.0, 0.0], [0.0, 0.0, 0.0, 1.0]], "pose_inverse": [[0.7314049005508423, -0.6819434762001038, 0.0, 748.515869140625], [0.6819434762001038, 0.7314049005508423, 0.0, -1820.884033203125], [0.0, 0.0, 1.0, 0.0], [0.0, 0.0, 0.0, 1.0]], "cam_ids": [0, 1, 2, 3, 4, 5], "cam_channels": ["CAM_FRONT_LEFT", "CAM_FRONT", "CAM_FRONT_RIGHT", "CAM_BACK_LEFT", "CAM_BACK", "CAM_BACK_RIGHT"], "token": "f942190104314193a7d4ff29b90df6d6", "scene": "scene-0179"}, {"images": ["samples/CAM_FRONT_LEFT/n015-2018-07-27-11-36-48+0800__CAM_FRONT_LEFT__1532662732404844.jpg", "samples/CAM_FRONT/n015-2018-07-27-11-36-48+0800__CAM_FRONT__1532662732412460.jpg", "samples/CAM_FRONT_RIGHT/n015-2018-07-27-11-36-48+0800__CAM_FRONT_RIGHT__1532662732420339.jpg", "samples/CAM_BACK_LEFT/n015-2018-07-27-11-36-48+0800__CAM_BACK_LEFT__1532662732447423.jpg", "samples/CAM_BACK/n015-2018-07-27-11-36-48+0800__CAM_BACK__1532662732437525.jpg", "samples/CAM_BACK_RIGHT/n015-2018-07-27-11-36-48+0800__CAM_BACK_RIGHT__1532662732427893.jpg"], "intrinsics": [[[1272.5979470598488, 0.0, 826.6154927353808], [0.0, 1272.5979470598488, 479.75165386361925], [0.0, 0.0, 1.0]], [[1266.417203046554, 0.0, 816.2670197447984], [0.0, 1266.417203046554, 491.50706579294757], [0.0, 0.0, 1.0]], [[1260.8474446004698, 0.0, 807.968244525554], [0.0, 1260.8474446004698, 495.3344268742088], [0.0, 0.0, 1.0]], [[1256.7414812095406, 0.0, 792.1125740759628], [0.0, 1256.7414812095406, 492.7757465151356], [0.0, 0.0, 1.0]], [[809.2209905677063, 0.0, 829.2196003259838], [0.0, 809.2209905677063, 481.77842384512485], [0.0, 0.0, 1.0]], [[1259.5137405846733, 0.0, 807.2529053838625], [0.0, 1259.5137405846733, 501.19579884916527], [0.0, 0.0, 1.0]]], "extrinsics": [[[0.8220022320747375, -0.5693795680999756, -0.01091577298939228, -0.9384765625], [0.0016235440270975232, 0.021510761231184006, -0.9997673034667969, 1.5083122253417969], [0.5694819092750549, 0.821793258190155, 0.018606306985020638, -1.26123046875], [0.0, 0.0, 0.0, 1.0]], [[0.0074587976559996605, -0.9998197555541992, -0.017460130155086517, 0.004638671875], [-0.003660062327980995, 0.017433203756809235, -0.9998413920402527, 1.5204429626464844], [0.9999654293060303, 0.007521543651819229, -0.0035293716937303543, -1.6654052734375], [0.0, 0.0, 0.0, 1.0]], [[-0.8321466445922852, -0.5541642904281616, -0.020828168839216232, 1.01446533203125], [0.0019452740671113133, 0.03464113175868988, -0.9993979334831238, 1.5037002563476562], [0.5545521378517151, -0.83168625831604, -0.027748502790927887, -1.2374267578125], [0.0, 0.0, 0.0, 1.0]], [[0.9477539658546448, 0.3187975287437439, 0.011428053490817547, -1.1407928466796875], [0.010604852810502052, 0.004317826125770807, -0.9999344348907471, 1.5885729789733887], [-0.31882596015930176, 0.9478130340576172, 0.0007114363834261894, -0.1038818359375], [0.0, 0.0, 0.0, 1.0]], [[0.001920690294355154, 0.9998961091041565, 0.014286133460700512, 0.0030517578125], [-0.014813319779932499, 0.014313039369881153, -0.9997878074645996, 1.5792350769042969], [-0.9998884201049805, 0.0017086511943489313, 0.01483927108347416, -0.0067138671875], [0.0, 0.0, 0.0, 1.0]], [[-0.9351072311401367, 0.3543114960193634, -0.006155771669000387, 1.1219482421875], [0.017810843884944916, 0.029643291607499123, -0.999401867389679, 1.5517349243164062], [-0.35391712188720703, -0.9346575140953064, -0.0340302437543869, -0.0693359375], [0.0, 0.0, 0.0, 1.0]]], "view": [[0.0, -2.0, 100.0], [-2.0, 0.0, 100.0], [0.0, 0.0, 1.0]], "bev": "bev_097ba10ba4694bbd88b018909a295d55.png", "aux": "aux_097ba10ba4694bbd88b018909a295d55.npz", "visibility": "visibility_097ba10ba4694bbd88b018909a295d55.png", "pose": [[0.7148625254631042, 0.6992650032043457, 0.0, 694.5449829101562], [-0.6992650032043457, 0.7148625254631042, 0.0, 1841.98876953125], [0.0, 0.0, 1.0, 0.0], [0.0, 0.0, 0.0, 1.0]], "pose_inverse": [[0.7148625254631042, -0.6992650032043457, 0.0, 791.5340576171875], [0.6992650032043457, 0.7148625254631042, 0.0, -1802.4398193359375], [0.0, 0.0, 1.0, 0.0], [0.0, 0.0, 0.0, 1.0]], "cam_ids": [0, 1, 2, 3, 4, 5], "cam_channels": ["CAM_FRONT_LEFT", "CAM_FRONT", "CAM_FRONT_RIGHT", "CAM_BACK_LEFT", "CAM_BACK", "CAM_BACK_RIGHT"], "token": "097ba10ba4694bbd88b018909a295d55", "scene": "scene-0179"}, {"images": ["samples/CAM_FRONT_LEFT/n015-2018-07-27-11-36-48+0800__CAM_FRONT_LEFT__1532662732904844.jpg", "samples/CAM_FRONT/n015-2018-07-27-11-36-48+0800__CAM_FRONT__1532662732912460.jpg", "samples/CAM_FRONT_RIGHT/n015-2018-07-27-11-36-48+0800__CAM_FRONT_RIGHT__1532662732920348.jpg", "samples/CAM_BACK_LEFT/n015-2018-07-27-11-36-48+0800__CAM_BACK_LEFT__1532662732947423.jpg", "samples/CAM_BACK/n015-2018-07-27-11-36-48+0800__CAM_BACK__1532662732937525.jpg", "samples/CAM_BACK_RIGHT/n015-2018-07-27-11-36-48+0800__CAM_BACK_RIGHT__1532662732927893.jpg"], "intrinsics": [[[1272.5979470598488, 0.0, 826.6154927353808], [0.0, 1272.5979470598488, 479.75165386361925], [0.0, 0.0, 1.0]], [[1266.417203046554, 0.0, 816.2670197447984], [0.0, 1266.417203046554, 491.50706579294757], [0.0, 0.0, 1.0]], [[1260.8474446004698, 0.0, 807.968244525554], [0.0, 1260.8474446004698, 495.3344268742088], [0.0, 0.0, 1.0]], [[1256.7414812095406, 0.0, 792.1125740759628], [0.0, 1256.7414812095406, 492.7757465151356], [0.0, 0.0, 1.0]], [[809.2209905677063, 0.0, 829.2196003259838], [0.0, 809.2209905677063, 481.77842384512485], [0.0, 0.0, 1.0]], [[1259.5137405846733, 0.0, 807.2529053838625], [0.0, 1259.5137405846733, 501.19579884916527], [0.0, 0.0, 1.0]]], "extrinsics": [[[0.8217713832855225, -0.5697051882743835, -0.011302059516310692, -0.9434814453125], [0.0011348461266607046, 0.0214708112180233, -0.999768853187561, 1.5082893371582031], [0.5698161125183105, 0.8215686678886414, 0.018290625885128975, -1.26458740234375], [0.0, 0.0, 0.0, 1.0]], [[0.007132644299417734, -0.9998228549957275, -0.01741495169699192, 0.0047607421875], [-0.0041532134637236595, 0.01738562434911728, -0.999840259552002, 1.5204505920410156], [0.9999659657478333, 0.007203748449683189, -0.00402847258374095, -1.67041015625], [0.0, 0.0, 0.0, 1.0]], [[-0.8322943449020386, -0.5539591908454895, -0.02037915401160717, 1.017486572265625], [0.0014535393565893173, 0.03458227962255478, -0.999400794506073, 1.5036888122558594], [0.5543320178985596, -0.831825315952301, -0.027977436780929565, -1.23974609375], [0.0, 0.0, 0.0, 1.0]], [[0.9477753043174744, 0.3187510371208191, 0.01094386912882328, -1.14093017578125], [0.01012964453548193, 0.00421201903373003, -0.9999397993087769, 1.588566780090332], [-0.3187779486179352, 0.9478291869163513, 0.0007632140768691897, -0.1033935546875], [0.0, 0.0, 0.0, 1.0]], [[0.002037663012742996, 0.9998971819877625, 0.014197992160916328, 0.00341796875], [-0.01529001910239458, 0.014227516017854214, -0.9997819066047668, 1.579254150390625], [-0.9998810887336731, 0.0018201328348368406, 0.01531743723899126, -0.0052490234375], [0.0, 0.0, 0.0, 1.0]], [[-0.9350453615188599, 0.354481965303421, -0.005716427229344845, 1.1243896484375], [0.017323115840554237, 0.029577895998954773, -0.9994123578071594, 1.5516929626464844], [-0.35410457849502563, -0.9345949292182922, -0.033797409385442734, -0.06884765625], [0.0, 0.0, 0.0, 1.0]]], "view": [[0.0, -2.0, 100.0], [-2.0, 0.0, 100.0], [0.0, 0.0, 1.0]], "bev": "bev_22ad7c08dbb64715808f704bf633d2f9.png", "aux": "aux_22ad7c08dbb64715808f704bf633d2f9.npz", "visibility": "visibility_22ad7c08dbb64715808f704bf633d2f9.png", "pose": [[0.6987066268920898, 0.7154083251953125, 0.0, 694.7838745117188], [-0.7154083251953125, 0.6987066268920898, 0.0, 1841.748779296875], [0.0, 0.0, 1.0, 0.0], [0.0, 0.0, 0.0, 1.0]], "pose_inverse": [[0.6987066268920898, -0.7154083251953125, 0.0, 832.15234375], [0.7154083251953125, 0.6987066268920898, 0.0, -1783.896240234375], [0.0, 0.0, 1.0, 0.0], [0.0, 0.0, 0.0, 1.0]], "cam_ids": [0, 1, 2, 3, 4, 5], "cam_channels": ["CAM_FRONT_LEFT", "CAM_FRONT", "CAM_FRONT_RIGHT", "CAM_BACK_LEFT", "CAM_BACK", "CAM_BACK_RIGHT"], "token": "22ad7c08dbb64715808f704bf633d2f9", "scene": "scene-0179"}, {"images": ["samples/CAM_FRONT_LEFT/n015-2018-07-27-11-36-48+0800__CAM_FRONT_LEFT__1532662733404844.jpg", "samples/CAM_FRONT/n015-2018-07-27-11-36-48+0800__CAM_FRONT__1532662733412460.jpg", "samples/CAM_FRONT_RIGHT/n015-2018-07-27-11-36-48+0800__CAM_FRONT_RIGHT__1532662733420339.jpg", "samples/CAM_BACK_LEFT/n015-2018-07-27-11-36-48+0800__CAM_BACK_LEFT__1532662733447423.jpg", "samples/CAM_BACK/n015-2018-07-27-11-36-48+0800__CAM_BACK__1532662733437525.jpg", "samples/CAM_BACK_RIGHT/n015-2018-07-27-11-36-48+0800__CAM_BACK_RIGHT__1532662733427893.jpg"], "intrinsics": [[[1272.5979470598488, 0.0, 826.6154927353808], [0.0, 1272.5979470598488, 479.75165386361925], [0.0, 0.0, 1.0]], [[1266.417203046554, 0.0, 816.2670197447984], [0.0, 1266.417203046554, 491.50706579294757], [0.0, 0.0, 1.0]], [[1260.8474446004698, 0.0, 807.968244525554], [0.0, 1260.8474446004698, 495.3344268742088], [0.0, 0.0, 1.0]], [[1256.7414812095406, 0.0, 792.1125740759628], [0.0, 1256.7414812095406, 492.7757465151356], [0.0, 0.0, 1.0]], [[809.2209905677063, 0.0, 829.2196003259838], [0.0, 809.2209905677063, 481.77842384512485], [0.0, 0.0, 1.0]], [[1259.5137405846733, 0.0, 807.2529053838625], [0.0, 1259.5137405846733, 501.19579884916527], [0.0, 0.0, 1.0]]], "extrinsics": [[[0.8219264149665833, -0.5695171356201172, -0.00932769849896431, -0.9366455078125], [0.0026857664342969656, 0.02025092951953411, -0.9997913241386414, 1.5083465576171875], [0.5695872902870178, 0.8217298984527588, 0.018174363300204277, -1.2603759765625], [0.0, 0.0, 0.0, 1.0]], [[0.007351461797952652, -0.9998419284820557, -0.016186313703656197, 0.0047607421875], [-0.0026150469202548265, 0.016167476773262024, -0.9998658895492554, 1.5204639434814453], [0.999969482421875, 0.007392690982669592, -0.0024957796558737755, -1.66400146484375], [0.0, 0.0, 0.0, 1.0]], [[-0.8321794271469116, -0.5541096329689026, -0.020976798608899117, 1.013458251953125], [0.0029743066988885403, 0.033368613570928574, -0.9994386434555054, 1.50372314453125], [0.554498553276062, -0.8317746520042419, -0.02612057887017727, -1.236572265625], [0.0, 0.0, 0.0, 1.0]], [[0.94775390625, 0.3187810480594635, 0.011881925165653229, -1.141021728515625], [0.011540036648511887, 0.0029611787758767605, -0.9999290108680725, 1.5885677337646484], [-0.3187935948371887, 0.9478237628936768, -0.0008722757338546216, -0.1038818359375], [0.0, 0.0, 0.0, 1.0]], [[0.0019571157172322273, 0.9999143481254578, 0.0129435108974576, 0.0030517578125], [-0.013817179016768932, 0.012969338335096836, -0.9998204112052917, 1.5792388916015625], [-0.999902606010437, 0.0017778874607756734, 0.013841377571225166, -0.007080078125], [0.0, 0.0, 0.0, 1.0]], [[-0.9350739121437073, 0.3543716371059418, -0.007573890965431929, 1.12109375], [0.01884065568447113, 0.028354143723845482, -0.9994204044342041, 1.5517730712890625], [-0.35395151376724243, -0.9346747398376465, -0.033189818263053894, -0.0699462890625], [0.0, 0.0, 0.0, 1.0]]], "view": [[0.0, -2.0, 100.0], [-2.0, 0.0, 100.0], [0.0, 0.0, 1.0]], "bev": "bev_9638bcc1ca534c5ab85662fd961444c0.png", "aux": "aux_9638bcc1ca534c5ab85662fd961444c0.npz", "visibility": "visibility_9638bcc1ca534c5ab85662fd961444c0.png", "pose": [[0.6812989711761475, 0.7320052981376648, 0.0, 695.033447265625], [-0.7320052981376648, 0.6812989711761475, 0.0, 1841.4837646484375], [0.0, 0.0, 1.0, 0.0], [0.0, 0.0, 0.0, 1.0]], "pose_inverse": [[0.6812989711761475, -0.7320052981376648, 0.0, 874.4502563476562], [0.7320052981376648, 0.6812989711761475, 0.0, -1763.369140625], [0.0, 0.0, 1.0, 0.0], [0.0, 0.0, 0.0, 1.0]], "cam_ids": [0, 1, 2, 3, 4, 5], "cam_channels": ["CAM_FRONT_LEFT", "CAM_FRONT", "CAM_FRONT_RIGHT", "CAM_BACK_LEFT", "CAM_BACK", "CAM_BACK_RIGHT"], "token": "9638bcc1ca534c5ab85662fd961444c0", "scene": "scene-0179"}, {"images": ["samples/CAM_FRONT_LEFT/n015-2018-07-27-11-36-48+0800__CAM_FRONT_LEFT__1532662733904844.jpg", "samples/CAM_FRONT/n015-2018-07-27-11-36-48+0800__CAM_FRONT__1532662733912460.jpg", "samples/CAM_FRONT_RIGHT/n015-2018-07-27-11-36-48+0800__CAM_FRONT_RIGHT__1532662733920346.jpg", "samples/CAM_BACK_LEFT/n015-2018-07-27-11-36-48+0800__CAM_BACK_LEFT__1532662733947423.jpg", "samples/CAM_BACK/n015-2018-07-27-11-36-48+0800__CAM_BACK__1532662733937525.jpg", "samples/CAM_BACK_RIGHT/n015-2018-07-27-11-36-48+0800__CAM_BACK_RIGHT__1532662733927918.jpg"], "intrinsics": [[[1272.5979470598488, 0.0, 826.6154927353808], [0.0, 1272.5979470598488, 479.75165386361925], [0.0, 0.0, 1.0]], [[1266.417203046554, 0.0, 816.2670197447984], [0.0, 1266.417203046554, 491.50706579294757], [0.0, 0.0, 1.0]], [[1260.8474446004698, 0.0, 807.968244525554], [0.0, 1260.8474446004698, 495.3344268742088], [0.0, 0.0, 1.0]], [[1256.7414812095406, 0.0, 792.1125740759628], [0.0, 1256.7414812095406, 492.7757465151356], [0.0, 0.0, 1.0]], [[809.2209905677063, 0.0, 829.2196003259838], [0.0, 809.2209905677063, 481.77842384512485], [0.0, 0.0, 1.0]], [[1259.5137405846733, 0.0, 807.2529053838625], [0.0, 1259.5137405846733, 501.19579884916527], [0.0, 0.0, 1.0]]], "extrinsics": [[[0.8216974139213562, -0.5698213577270508, -0.010815123096108437, -0.9390869140625], [0.0007638737442903221, 0.020077547058463097, -0.9997981190681458, 1.5082740783691406], [0.5699234008789062, 0.8215233683586121, 0.01693294197320938, -1.26220703125], [0.0, 0.0, 0.0, 1.0]], [[0.007036869879812002, -0.9998462200164795, -0.016062989830970764, 0.005126953125], [-0.004529227036982775, 0.016031354665756226, -0.9998612403869629, 1.5204143524169922], [0.9999649524688721, 0.0071087004616856575, -0.0044157193042337894, -1.66619873046875], [0.0, 0.0, 0.0, 1.0]], [[-0.8323416113853455, -0.553925633430481, -0.01933334767818451, 1.015350341796875], [0.001074891653843224, 0.033267926424741745, -0.999445915222168, 1.5036659240722656], [0.5542618632316589, -0.8319011926651001, -0.027094870805740356, -1.237548828125], [0.0, 0.0, 0.0, 1.0]], [[0.947770893573761, 0.31878986954689026, 0.010156679898500443, -1.141510009765625], [0.009730270132422447, 0.0029301054310053587, -0.9999483227729797, 1.5885593891143799], [-0.31880319118499756, 0.9478209018707275, -0.0003248421708121896, -0.103759765625], [0.0, 0.0, 0.0, 1.0]], [[0.002068060450255871, 0.9999145865440369, 0.012905792333185673, 0.0030517578125], [-0.01568623073399067, 0.012936670333147049, -0.9997932314872742, 1.5792388916015625], [-0.9998748