[{"images": ["samples/CAM_FRONT_LEFT/n008-2018-08-29-16-04-13-0400__CAM_FRONT_LEFT__1535573407004799.jpg", "samples/CAM_FRONT/n008-2018-08-29-16-04-13-0400__CAM_FRONT__1535573407012404.jpg", "samples/CAM_FRONT_RIGHT/n008-2018-08-29-16-04-13-0400__CAM_FRONT_RIGHT__1535573407020630.jpg", "samples/CAM_BACK_LEFT/n008-2018-08-29-16-04-13-0400__CAM_BACK_LEFT__1535573407047405.jpg", "samples/CAM_BACK/n008-2018-08-29-16-04-13-0400__CAM_BACK__1535573407037558.jpg", "samples/CAM_BACK_RIGHT/n008-2018-08-29-16-04-13-0400__CAM_BACK_RIGHT__1535573407028113.jpg"], "intrinsics": [[[1257.8625342125129, 0.0, 827.2410631095686], [0.0, 1257.8625342125129, 450.915498205774], [0.0, 0.0, 1.0]], [[1252.8131021185304, 0.0, 826.588114781398], [0.0, 1252.8131021185304, 469.9846626224581], [0.0, 0.0, 1.0]], [[1256.7485116440405, 0.0, 817.7887570959712], [0.0, 1256.7485116440403, 451.9541780095127], [0.0, 0.0, 1.0]], [[1254.9860565800168, 0.0, 829.5769333630991], [0.0, 1254.9860565800168, 467.1680561863987], [0.0, 0.0, 1.0]], [[796.8910634503094, 0.0, 857.7774326863696], [0.0, 796.8910634503094, 476.8848988407415], [0.0, 0.0, 1.0]], [[1249.9629280788233, 0.0, 825.3768045375984], [0.0, 1249.9629280788233, 462.54816385708756], [0.0, 0.0, 1.0]]], "extrinsics": [[[0.8222499489784241, -0.5688579678535461, -0.017484163865447044, -0.9512939453125], [0.0063131265342235565, 0.03983578458428383, -0.9991863369941711, 1.4886932373046875], [0.5690915584564209, 0.8214704990386963, 0.03634624555706978, -1.296630859375], [0.0, 0.0, 0.0, 1.0]], [[0.00980704091489315, -0.9993155598640442, -0.03566786274313927, 0.0062255859375], [0.008295896463096142, 0.035749662667512894, -0.9993263483047485, 1.4806022644042969], [0.9999175071716309, 0.009504592977464199, 0.008640817366540432, -1.6808090209960938], [0.0, 0.0, 0.0, 1.0]], [[-0.8441836833953857, -0.5353055596351624, -0.028313321992754936, 1.0552978515625], [0.016346877440810204, 0.027086172252893448, -0.9994993805885315, 1.4937515258789062], [0.5358046293258667, -0.8442240953445435, -0.014115131460130215, -1.2547607421875], [0.0, 0.0, 0.0, 1.0]], [[0.9479207396507263, 0.31846585869789124, 0.005063389427959919, -1.14154052734375], [-0.008893321268260479, 0.04235558211803436, -0.9990630149841309, 1.5620269775390625], [-0.31838199496269226, 0.9469876289367676, 0.04298195615410805, -0.156982421875], [0.0, 0.0, 0.0, 1.0]], [[0.009440074674785137, 0.9993518590927124, 0.034737907350063324, -0.028564453125], [-0.00685312133282423, 0.034803297370672226, -0.9993706345558167, 1.5679473876953125], [-0.9999319911003113, 0.009196053259074688, 0.0071772243827581406, 0.0273590087890625], [0.0, 0.0, 0.0, 1.0]], [[-0.923617422580719, 0.3832494020462036, 0.0071221101097762585, 1.13201904296875], [-0.002705831080675125, 0.012061108835041523, -0.999923586845398, 1.5477275848388672], [-0.38330593705177307, -0.9235661625862122, -0.010102842934429646, -0.055419921875], [0.0, 0.0, 0.0, 1.0]]], "view": [[0.0, -2.0, 100.0], [-2.0, 0.0, 100.0], [0.0, 0.0, 1.0]], "bev": "bev_d4bd7d13fd6b4db0a2af20960a762ed1.png", "aux": "aux_d4bd7d13fd6b4db0a2af20960a762ed1.npz", "visibility": "visibility_d4bd7d13fd6b4db0a2af20960a762ed1.png", "pose": [[-0.8738977909088135, -0.4861097037792206, 0.0, 814.7548217773438], [0.4861097037792206, -0.8738977909088135, 0.0, 1379.8011474609375], [0.0, 0.0, 1.0, 0.0], [0.0, 0.0, 0.0, 1.0]], "pose_inverse": [[-0.8738977909088135, 0.4861097037792206, 0.0, 41.27772521972656], [-0.4861097037792206, -0.8738977909088135, 0.0, 1601.8653564453125], [0.0, 0.0, 1.0, 0.0], [0.0, 0.0, 0.0, 1.0]], "cam_ids": [0, 1, 2, 3, 4, 5], "cam_channels": ["CAM_FRONT_LEFT", "CAM_FRONT", "CAM_FRONT_RIGHT", "CAM_BACK_LEFT", "CAM_BACK", "CAM_BACK_RIGHT"], "token": "d4bd7d13fd6b4db0a2af20960a762ed1", "scene": "scene-0710"}, {"images": ["samples/CAM_FRONT_LEFT/n008-2018-08-29-16-04-13-0400__CAM_FRONT_LEFT__1535573407504799.jpg", "samples/CAM_FRONT/n008-2018-08-29-16-04-13-0400__CAM_FRONT__1535573407512404.jpg", "samples/CAM_FRONT_RIGHT/n008-2018-08-29-16-04-13-0400__CAM_FRONT_RIGHT__1535573407520482.jpg", "samples/CAM_BACK_LEFT/n008-2018-08-29-16-04-13-0400__CAM_BACK_LEFT__1535573407547405.jpg", "samples/CAM_BACK/n008-2018-08-29-16-04-13-0400__CAM_BACK__1535573407537558.jpg", "samples/CAM_BACK_RIGHT/n008-2018-08-29-16-04-13-0400__CAM_BACK_RIGHT__1535573407528113.jpg"], "intrinsics": [[[1257.8625342125129, 0.0, 827.2410631095686], [0.0, 1257.8625342125129, 450.915498205774], [0.0, 0.0, 1.0]], [[1252.8131021185304, 0.0, 826.588114781398], [0.0, 1252.8131021185304, 469.9846626224581], [0.0, 0.0, 1.0]], [[1256.7485116440405, 0.0, 817.7887570959712], [0.0, 1256.7485116440403, 451.9541780095127], [0.0, 0.0, 1.0]], [[1254.9860565800168, 0.0, 829.5769333630991], [0.0, 1254.9860565800168, 467.1680561863987], [0.0, 0.0, 1.0]], [[796.8910634503094, 0.0, 857.7774326863696], [0.0, 796.8910634503094, 476.8848988407415], [0.0, 0.0, 1.0]], [[1249.9629280788233, 0.0, 825.3768045375984], [0.0, 1249.9629280788233, 462.54816385708756], [0.0, 0.0, 1.0]]], "extrinsics": [[[0.8222864866256714, -0.5688849687576294, -0.014661256223917007, -0.94635009765625], [0.007999911904335022, 0.03731650486588478, -0.9992714524269104, 1.48883056640625], [0.5690176486968994, 0.8215701580047607, 0.03523588180541992, -1.2938232421875], [0.0, 0.0, 0.0, 1.0]], [[0.00987050961703062, -0.9994059205055237, -0.03302134945988655, 0.0067138671875], [0.009878303855657578, 0.03311880677938461, -0.999402642250061, 1.4807205200195312], [0.9999024868011475, 0.009538410231471062, 0.010199334472417831, -1.6760177612304688], [0.0, 0.0, 0.0, 1.0]], [[-0.8441393375396729, -0.5353878736495972, -0.028083518147468567, 1.05230712890625], [0.017817934975028038, 0.024337347596883774, -0.9995450377464294, 1.4938697814941406], [0.5358277559280396, -0.8442555665969849, -0.011004605330526829, -1.2525634765625], [0.0, 0.0, 0.0, 1.0]], [[0.9479036331176758, 0.31851643323898315, 0.005104521289467812, -1.1414794921875], [-0.00783502496778965, 0.03933003544807434, -0.9991955757141113, 1.5620269775390625], [-0.31846097111701965, 0.9471010565757751, 0.03977666795253754, -0.1571044921875], [0.0, 0.0, 0.0, 1.0]], [[0.009382958523929119, 0.999450147151947, 0.03180514648556709, -0.0289306640625], [-0.00560391042381525, 0.03185860812664032, -0.9994766712188721, 1.5679473876953125], [-0.9999403357505798, 0.009199801832437515, 0.0058997576124966145, 0.025976181030273438], [0.0, 0.0, 0.0, 1.0]], [[-0.9236289858818054, 0.38325849175453186, 0.004745033569633961, 1.1295166015625], [-0.00131229090038687, 0.00921768881380558, -0.9999566078186035, 1.5477657318115234], [-0.38328567147254944, -0.9235951900482178, -0.008010776713490486, -0.055908203125], [0.0, 0.0, 0.0, 1.0]]], "view": [[0.0, -2.0, 100.0], [-2.0, 0.0, 100.0], [0.0, 0.0, 1.0]], "bev": "bev_9f0947bfe61d459d8da2cca8281199dd.png", "aux": "aux_9f0947bfe61d459d8da2cca8281199dd.npz", "visibility": "visibility_9f0947bfe61d459d8da2cca8281199dd.png", "pose": [[-0.8756797909736633, -0.4828922748565674, 0.0, 814.08544921875], [0.4828922748565674, -0.8756797909736633, 0.0, 1380.18212890625], [0.0, 0.0, 1.0, 0.0], [0.0, 0.0, 0.0, 1.0]], "pose_inverse": [[-0.8756797909736633, 0.4828922748565674, 0.0, 46.39889144897461], [-0.4828922748565674, -0.8756797909736633, 0.0, 1601.713134765625], [0.0, 0.0, 1.0, 0.0], [0.0, 0.0, 0.0, 1.0]], "cam_ids": [0, 1, 2, 3, 4, 5], "cam_channels": ["CAM_FRONT_LEFT", "CAM_FRONT", "CAM_FRONT_RIGHT", "CAM_BACK_LEFT", "CAM_BACK", "CAM_BACK_RIGHT"], "token": "9f0947bfe61d459d8da2cca8281199dd", "scene": "scene-0710"}, {"images": ["samples/CAM_FRONT_LEFT/n008-2018-08-29-16-04-13-0400__CAM_FRONT_LEFT__1535573408004799.jpg", "samples/CAM_FRONT/n008-2018-08-29-16-04-13-0400__CAM_FRONT__1535573408012404.jpg", "samples/CAM_FRONT_RIGHT/n008-2018-08-29-16-04-13-0400__CAM_FRONT_RIGHT__1535573408020482.jpg", "samples/CAM_BACK_LEFT/n008-2018-08-29-16-04-13-0400__CAM_BACK_LEFT__1535573408047405.jpg", "samples/CAM_BACK/n008-2018-08-29-16-04-13-0400__CAM_BACK__1535573408037558.jpg", "samples/CAM_BACK_RIGHT/n008-2018-08-29-16-04-13-0400__CAM_BACK_RIGHT__1535573408028113.jpg"], "intrinsics": [[[1257.8625342125129, 0.0, 827.2410631095686], [0.0, 1257.8625342125129, 450.915498205774], [0.0, 0.0, 1.0]], [[1252.8131021185304, 0.0, 826.588114781398], [0.0, 1252.8131021185304, 469.9846626224581], [0.0, 0.0, 1.0]], [[1256.7485116440405, 0.0, 817.7887570959712], [0.0, 1256.7485116440403, 451.9541780095127], [0.0, 0.0, 1.0]], [[1254.9860565800168, 0.0, 829.5769333630991], [0.0, 1254.9860565800168, 467.1680561863987], [0.0, 0.0, 1.0]], [[796.8910634503094, 0.0, 857.7774326863696], [0.0, 796.8910634503094, 476.8848988407415], [0.0, 0.0, 1.0]], [[1249.9629280788233, 0.0, 825.3768045375984], [0.0, 1249.9629280788233, 462.54816385708756], [0.0, 0.0, 1.0]]], "extrinsics": [[[0.8223740458488464, -0.5687471628189087, -0.015085156075656414, -0.94049072265625], [0.008496100082993507, 0.038787417113780975, -0.9992113709449768, 1.4889488220214844], [0.5688837170600891, 0.8215973973274231, 0.03672989830374718, -1.2891845703125], [0.0, 0.0, 0.0, 1.0]], [[0.010020706802606583, -0.9993517398834229, -0.034578632563352585, 0.0062255859375], [0.010424481704831123, 0.03468289598822594, -0.9993440508842468, 1.4808311462402344], [0.9998953938484192, 0.009653682820498943, 0.010765270330011845, -1.6700210571289062], [0.0, 0.0, 0.0, 1.0]], [[-0.8440630435943604, -0.5354328751564026, -0.029481757432222366, 1.04815673828125], [0.01841764897108078, 0.02599976770579815, -0.9994922280311584, 1.4939956665039062], [0.5359275341033936, -0.8441774249076843, -0.01208402868360281, -1.25048828125], [0.0, 0.0, 0.0, 1.0]], [[0.9479132890701294, 0.3184621334075928, 0.006504756398499012, -1.14129638671875], [-0.00697429571300745, 0.041166938841342926, -0.9991279244422913, 1.5620269775390625], [-0.31845220923423767, 0.9470412731170654, 0.04124373570084572, -0.156982421875], [0.0, 0.0, 0.0, 1.0]], [[0.009320822544395924, 0.9993916153907776, 0.03360823541879654, -0.0286865234375], [-0.004837655927985907, 0.03365436568856239, -0.9994218349456787, 1.567962646484375], [-0.9999448657035828, 0.009152809157967567, 0.005148398224264383, 0.023998260498046875], [0.0, 0.0, 0.0, 1.0]], [[-0.9236636757850647, 0.3831743896007538, 0.004787334706634283, 1.12640380859375], [-0.0006405451567843556, 0.010949056595563889, -0.9999398589134216, 1.5477848052978516], [-0.38320377469062805, -0.9236111044883728, -0.009867804124951363, -0.0577392578125], [0.0, 0.0, 0.0, 1.0]]], "view": [[0.0, -2.0, 100.0], [-2.0, 0.0, 100.0], [0.0, 0.0, 1.0]], "bev": "bev_4969e32c9602408e9230732a1416cc44.png", "aux": "aux_4969e32c9602408e9230732a1416cc44.npz", "visibility": "visibility_4969e32c9602408e9230732a1416cc44.png", "pose": [[-0.8781936764717102, -0.4783051908016205, 0.0, 813.3336181640625], [0.4783051908016205, -0.8781936764717102, 0.0, 1380.60205078125], [0.0, 0.0, 1.0, 0.0], [0.0, 0.0, 0.0, 1.0]], "pose_inverse": [[-0.8781936764717102, 0.4783051908016205, 0.0, 53.91529846191406], [-0.4783051908016205, -0.8781936764717102, 0.0, 1601.4576416015625], [0.0, 0.0, 1.0, 0.0], [0.0, 0.0, 0.0, 1.0]], "cam_ids": [0, 1, 2, 3, 4, 5], "cam_channels": ["CAM_FRONT_LEFT", "CAM_FRONT", "CAM_FRONT_RIGHT", "CAM_BACK_LEFT", "CAM_BACK", "CAM_BACK_RIGHT"], "token": "4969e32c9602408e9230732a1416cc44", "scene": "scene-0710"}, {"images": ["samples/CAM_FRONT_LEFT/n008-2018-08-29-16-04-13-0400__CAM_FRONT_LEFT__1535573408404799.jpg", "samples/CAM_FRONT/n008-2018-08-29-16-04-13-0400__CAM_FRONT__1535573408412404.jpg", "samples/CAM_FRONT_RIGHT/n008-2018-08-29-16-04-13-0400__CAM_FRONT_RIGHT__1535573408420482.jpg", "samples/CAM_BACK_LEFT/n008-2018-08-29-16-04-13-0400__CAM_BACK_LEFT__1535573408447405.jpg", "samples/CAM_BACK/n008-2018-08-29-16-04-13-0400__CAM_BACK__1535573408437558.jpg", "samples/CAM_BACK_RIGHT/n008-2018-08-29-16-04-13-0400__CAM_BACK_RIGHT__1535573408428113.jpg"], "intrinsics": [[[1257.8625342125129, 0.0, 827.2410631095686], [0.0, 1257.8625342125129, 450.915498205774], [0.0, 0.0, 1.0]], [[1252.8131021185304, 0.0, 826.588114781398], [0.0, 1252.8131021185304, 469.9846626224581], [0.0, 0.0, 1.0]], [[1256.7485116440405, 0.0, 817.7887570959712], [0.0, 1256.7485116440403, 451.9541780095127], [0.0, 0.0, 1.0]], [[1254.9860565800168, 0.0, 829.5769333630991], [0.0, 1254.9860565800168, 467.1680561863987], [0.0, 0.0, 1.0]], [[796.8910634503094, 0.0, 857.7774326863696], [0.0, 796.8910634503094, 476.8848988407415], [0.0, 0.0, 1.0]], [[1249.9629280788233, 0.0, 825.3768045375984], [0.0, 1249.9629280788233, 462.54816385708756], [0.0, 0.0, 1.0]]], "extrinsics": [[[0.8224262595176697, -0.568712592124939, -0.01345756370574236, -0.93963623046875], [0.010196011513471603, 0.0383891835808754, -0.9992108345031738, 1.4890594482421875], [0.5687803030014038, 0.8216400146484375, 0.037370871752500534, -1.2894287109375], [0.0, 0.0, 0.0, 1.0]], [[0.010109896771609783, -0.9993668794631958, -0.03411195054650307, 0.0069580078125], [0.012130117043852806, 0.03423375263810158, -0.9993402361869812, 1.4809226989746094], [0.9998752474784851, 0.009689485654234886, 0.01246853731572628, -1.669647216796875], [0.0, 0.0, 0.0, 1.0]], [[-0.8440056443214417, -0.5354573130607605, -0.030657680705189705, 1.0482177734375], [0.0201292522251606, 0.02549651451408863, -0.9994722008705139, 1.4940719604492188], [0.5359563827514648, -0.8441773056983948, -0.010740848258137703, -1.2496337890625], [0.0, 0.0, 0.0, 1.0]], [[0.9479062557220459, 0.3184494972229004, 0.007979083806276321, -1.1416015625], [-0.00517627876251936, 0.04044307395815849, -0.9991684556007385, 1.5620269775390625], [-0.3185073733329773, 0.947076678276062, 0.039984628558158875, -0.1568603515625], [0.0, 0.0, 0.0, 1.0]], [[0.009285647422075272, 0.9994128346443176, 0.03298218920826912, -0.0289306640625], [-0.003074023639783263, 0.03301198035478592, -0.9994502067565918, 1.5679931640625], [-0.9999521374702454, 0.009179152548313141, 0.003378757508471608, 0.02429962158203125], [0.0, 0.0, 0.0, 1.0]], [[-0.9236676692962646, 0.3831827938556671, 0.0029639380518347025, 1.1263427734375], [0.0010989382863044739, 0.01038363203406334, -0.9999455213546753, 1.5478477478027344], [-0.3831927180290222, -0.9236140847206116, -0.010012120008468628, -0.057373046875], [0.0, 0.0, 0.0, 1.0]]], "view": [[0.0, -2.0, 100.0], [-2.0, 0.0, 100.0], [0.0, 0.0, 1.0]], "bev": "bev_599e6c35266b4c4e98666c29642f5ff3.png", "aux": "aux_599e6c35266b4c4e98666c29642f5ff3.npz", "visibility": "visibility_599e6c35266b4c4e98666c29642f5ff3.png", "pose": [[-0.8796491622924805, -0.47562307119369507, 0.0, 812.70361328125], [0.47562307119369507, -0.8796491622924805, 0.0, 1380.948486328125], [0.0, 0.0, 1.0, 0.0], [0.0, 0.0, 0.0, 1.0]], "pose_inverse": [[-0.8796491622924805, 0.47562307119369507, 0.0, 58.08310317993164], [-0.47562307119369507, -0.8796491622924805, 0.0, 1601.290771484375], [0.0, 0.0, 1.0, 0.0], [0.0, 0.0, 0.0, 1.0]], "cam_ids": [0, 1, 2, 3, 4, 5], "cam_channels": ["CAM_FRONT_LEFT", "CAM_FRONT", "CAM_FRONT_RIGHT", "CAM_BACK_LEFT", "CAM_BACK", "CAM_BACK_RIGHT"], "token": "599e6c35266b4c4e98666c29642f5ff3", "scene": "scene-0710"}, {"images": ["samples/CAM_FRONT_LEFT/n008-2018-08-29-16-04-13-0400__CAM_FRONT_LEFT__1535573408904799.jpg", "samples/CAM_FRONT/n008-2018-08-29-16-04-13-0400__CAM_FRONT__1535573408912404.jpg", "samples/CAM_FRONT_RIGHT/n008-2018-08-29-16-04-13-0400__CAM_FRONT_RIGHT__1535573408920482.jpg", "samples/CAM_BACK_LEFT/n008-2018-08-29-16-04-13-0400__CAM_BACK_LEFT__1535573408947714.jpg", "samples/CAM_BACK/n008-2018-08-29-16-04-13-0400__CAM_BACK__1535573408937558.jpg", "samples/CAM_BACK_RIGHT/n008-2018-08-29-16-04-13-0400__CAM_BACK_RIGHT__1535573408928113.jpg"], "intrinsics": [[[1257.8625342125129, 0.0, 827.2410631095686], [0.0, 1257.8625342125129, 450.915498205774], [0.0, 0.0, 1.0]], [[1252.8131021185304, 0.0, 826.588114781398], [0.0, 1252.8131021185304, 469.9846626224581], [0.0, 0.0, 1.0]], [[1256.7485116440405, 0.0, 817.7887570959712], [0.0, 1256.7485116440403, 451.9541780095127], [0.0, 0.0, 1.0]], [[1254.9860565800168, 0.0, 829.5769333630991], [0.0, 1254.9860565800168, 467.1680561863987], [0.0, 0.0, 1.0]], [[796.8910634503094, 0.0, 857.7774326863696], [0.0, 796.8910634503094, 476.8848988407415], [0.0, 0.0, 1.0]], [[1249.9629280788233, 0.0, 825.3768045375984], [0.0, 1249.9629280788233, 462.54816385708756], [0.0, 0.0, 1.0]]], "extrinsics": [[[0.8223239183425903, -0.5688295960426331, -0.014703006483614445, -0.935302734375], [0.006951094605028629, 0.03587935119867325, -0.9993319511413574, 1.4888839721679688], [0.5689771175384521, 0.8216724395751953, 0.03345843777060509, -1.2850341796875], [0.0, 0.0, 0.0, 1.0]], [[0.009928694926202297, -0.9994465708732605, -0.031748510897159576, 0.006103515625], [0.008815005421638489, 0.03183632344007492, -0.9994542598724365, 1.4807815551757812], [0.999911904335022, 0.009643413126468658, 0.009126219898462296, -1.6644973754882812], [0.0, 0.0, 0.0, 1.0]], [[-0.8441241383552551, -0.5354887843132019, -0.02657434158027172, 1.04437255859375], [0.016739530488848686, 0.023218434303998947, -0.999590277671814, 1.493988037109375], [0.5358863472938538, -0.8442230820655823, -0.01063541043549776, -1.248291015625], [0.0, 0.0, 0.0, 1.0]], [[0.9479082226753235, 0.3185185492038727, 0.004003424197435379, -1.1412353515625], [-0.008772969245910645, 0.03866727277636528, -0.9992136359214783, 1.5620155334472656], [-0.3184228837490082, 0.9471275806427002, 0.03944737836718559, -0.1568603515625], [0.0, 0.0, 0.0, 1.0]], [[0.009371867403388023, 0.99947589635849, 0.03098638914525509, -0.0286865234375], [-0.00665117334574461, 0.031049368903040886, -0.9994956851005554, 1.5679168701171875], [-0.9999339580535889, 0.00916108675301075, 0.006938678678125143, 0.022125244140625], [0.0, 0.0, 0.0, 1.0]], [[-0.9236496686935425, 0.38319987058639526, 0.005379315931349993, 1.12347412109375], [-0.002404627623036504, 0.00824134610593319, -0.999963104724884, 1.5477161407470703], [-0.383230060338974, -0.9236286878585815, -0.006690665148198605, -0.05908203125], [0.0, 0.0, 0.0, 1.0]]], "view": [[0.0, -2.0, 100.0], [-2.0, 0.0, 100.0], [0.0, 0.0, 1.0]], "bev": "bev_889b26a4e2854d9ca93439007a3e3de0.png", "aux": "aux_889b26a4e2854d9ca93439007a3e3de0.npz", "visibility": "visibility_889b26a4e2854d9ca93439007a3e3de0.png", "pose": [[-0.8815349340438843, -0.4721187651157379, 0.0, 811.87646484375], [0.4721187651157379, -0.8815349340438843, 0.0, 1381.4007568359375], [0.0, 0.0, 1.0, 0.0], [0.0, 0.0, 0.0, 1.0]], "pose_inverse": [[-0.8815349340438843, 0.4721187651157379, 0.0, 63.51227569580078], [-0.4721187651157379, -0.8815349340438843, 0.0, 1601.05517578125], [0.0, 0.0, 1.0, 0.0], [0.0, 0.0, 0.0, 1.0]], "cam_ids": [0, 1, 2, 3, 4, 5], "cam_channels": ["CAM_FRONT_LEFT", "CAM_FRONT", "CAM_FRONT_RIGHT", "CAM_BACK_LEFT", "CAM_BACK", "CAM_BACK_RIGHT"], "token": "889b26a4e2854d9ca93439007a3e3de0", "scene": "scene-0710"}, {"images": ["samples/CAM_FRONT_LEFT/n008-2018-08-29-16-04-13-0400__CAM_FRONT_LEFT__1535573409404801.jpg", "samples/CAM_FRONT/n008-2018-08-29-16-04-13-0400__CAM_FRONT__1535573409412404.jpg", "samples/CAM_FRONT_RIGHT/n008-2018-08-29-16-04-13-0400__CAM_FRONT_RIGHT__1535573409420482.jpg", "samples/CAM_BACK_LEFT/n008-2018-08-29-16-04-13-0400__CAM_BACK_LEFT__1535573409447405.jpg", "samples/CAM_BACK/n008-2018-08-29-16-04-13-0400__CAM_BACK__1535573409437558.jpg", "samples/CAM_BACK_RIGHT/n008-2018-08-29-16-04-13-0400__CAM_BACK_RIGHT__1535573409428113.jpg"], "intrinsics": [[[1257.8625342125129, 0.0, 827.2410631095686], [0.0, 1257.8625342125129, 450.915498205774], [0.0, 0.0, 1.0]], [[1252.8131021185304, 0.0, 826.588114781398], [0.0, 1252.8131021185304, 469.9846626224581], [0.0, 0.0, 1.0]], [[1256.7485116440405, 0.0, 817.7887570959712], [0.0, 1256.7485116440403, 451.9541780095127], [0.0, 0.0, 1.0]], [[1254.9860565800168, 0.0, 829.5769333630991], [0.0, 1254.9860565800168, 467.1680561863987], [0.0, 0.0, 1.0]], [[796.8910634503094, 0.0, 857.7774326863696], [0.0, 796.8910634503094, 476.8848988407415], [0.0, 0.0, 1.0]], [[1249.9629280788233, 0.0, 825.3768045375984], [0.0, 1249.9629280788233, 462.54816385708756], [0.0, 0.0, 1.0]]], "extrinsics": [[[0.8230029940605164, -0.5676379203796387, -0.021289082244038582, -0.93524169921875], [0.0026927762664854527, 0.041376613080501556, -0.9991400241851807, 1.4885025024414062], [0.5680307149887085, 0.8222379088401794, 0.035581596195697784, -1.2860107421875], [0.0, 0.0, 0.0, 1.0]], [[0.010870549827814102, -0.9992470741271973, -0.03724297508597374, 0.006591796875], [0.004414401948451996, 0.03729277104139328, -0.999294638633728, 1.4804534912109375], [0.9999312162399292, 0.01069850753992796, 0.004816470667719841, -1.6650772094726562], [0.0, 0.0, 0.0, 1.0]], [[-0.8437866568565369, -0.5360653400421143, -0.0256524458527565, 1.04510498046875], [0.012193728238344193, 0.028636643663048744, -0.9995154738426208, 1.4937210083007812], [0.5365402698516846, -0.8436905741691589, -0.017626581713557243, -1.2484130859375], [0.0, 0.0, 0.0, 1.0]], [[0.9479027390480042, 0.3185581862926483, 0.0009705170523375273, -1.14190673828125], [-0.013781650923192501, 0.04405207186937332, -0.9989341497421265, 1.56201171875], [-0.31826144456863403, 0.9468790888786316, 0.04614734277129173, -0.15673828125], [0.0, 0.0, 0.0, 1.0]], [[0.009180670604109764, 0.9992984533309937, 0.036310434341430664, -0.02880859375], [-0.011436400935053825, 0.03641451895236969, -0.9992712736129761, 1.5678138732910156], [-0.9998924732208252, 0.008758767507970333, 0.011762687936425209, 0.02321624755859375], [0.0, 0.0, 0.0, 1.0]], [[-0.9238512516021729, 0.38257330656051636, 0.01168360747396946, 1.12420654296875], [-0.007007120177149773, 0.013614905066788197, -0.9998827576637268, 1.5475311279296875], [-0.382687509059906, -0.9238248467445374, -0.009897409938275814, -0.0584716796875], [0.0, 0.0, 0.0, 1.0]]], "view": [[0.0, -2.0, 100.0], [-2.0, 0.0, 100.0], [0.0, 0.0, 1.0]], "bev": "bev_da02aeb176ae4a05b89f9dac255ff31a.png", "aux": "aux_da02aeb176ae4a05b89f9dac255ff31a.npz", "visibility": "visibility_da02aeb176ae4a05b89f9dac255ff31a.png", "pose": [[-0.8796598315238953, -0.4756033718585968, 0.0, 811.0279541015625], [0.4756033718585968, -0.8796598315238953, 0.0, 1381.8646240234375], [0.0, 0.0, 1.0, 0.0], [0.0, 0.0, 0.0, 1.0]], "pose_inverse": [[-0.8796598315238953, 0.4756033718585968, 0.0, 56.209224700927734], [-0.4756033718585968, -0.8796598315238953, 0.0, 1601.2984619140625], [0.0, 0.0, 1.0, 0.0], [0.0, 0.0, 0.0, 1.0]], "cam_ids": [0, 1, 2, 3, 4, 5], "cam_channels": ["CAM_FRONT_LEFT", "CAM_FRONT", "CAM_FRONT_RIGHT", "CAM_BACK_LEFT", "CAM_BACK", "CAM_BACK_RIGHT"], "token": "da02aeb176ae4a05b89f9dac255ff31a", "scene": "scene-0710"}, {"images": ["samples/CAM_FRONT_LEFT/n008-2018-08-29-16-04-13-0400__CAM_FRONT_LEFT__1535573409904799.jpg", "samples/CAM_FRONT/n008-2018-08-29-16-04-13-0400__CAM_FRONT__1535573409912404.jpg", "samples/CAM_FRONT_RIGHT/n008-2018-08-29-16-04-13-0400__CAM_FRONT_RIGHT__1535573409920482.jpg", "samples/CAM_BACK_LEFT/n008-2018-08-29-16-04-13-0400__CAM_BACK_LEFT__1535573409947405.jpg", "samples/CAM_BACK/n008-2018-08-29-16-04-13-0400__CAM_BACK__1535573409937558.jpg", "samples/CAM_BACK_RIGHT/n008-2018-08-29-16-04-13-0400__CAM_BACK_RIGHT__1535573409928113.jpg"], "intrinsics": [[[1257.8625342125129, 0.0, 827.2410631095686], [0.0, 1257.8625342125129, 450.915498205774], [0.0, 0.0, 1.0]], [[1252.8131021185304, 0.0, 826.588114781398], [0.0, 1252.8131021185304, 469.9846626224581], [0.0, 0.0, 1.0]], [[1256.7485116440405, 0.0, 817.7887570959712], [0.0, 1256.7485116440403, 451.9541780095127], [0.0, 0.0, 1.0]], [[1254.9860565800168, 0.0, 829.5769333630991], [0.0, 1254.9860565800168, 467.1680561863987], [0.0, 0.0, 1.0]], [[796.8910634503094, 0.0, 857.7774326863696], [0.0, 796.8910634503094, 476.8848988407415], [0.0, 0.0, 1.0]], [[1249.9629280788233, 0.0, 825.3768045375984], [0.0, 1249.9629280788233, 462.54816385708756], [0.0, 0.0, 1.0]]], "extrinsics": [[[0.8227422833442688, -0.5679672360420227, -0.022546831518411636, -0.937744140625], [-0.0018873587250709534, 0.036936283111572266, -0.9993157982826233, 1.4881210327148438], [0.5684114694595337, 0.8222219944000244, 0.029317082837224007, -1.2874755859375], [0.0, 0.0, 0.0, 1.0]], [[0.010500641539692879, -0.9994036555290222, -0.03289560601115227, 0.006591796875], [5.714717190130614e-06, 0.03289748355746269, -0.9994587898254395, 1.4801483154296875], [0.9999448657035828, 0.010494772344827652, 0.0003511564282234758, -1.6674575805664062], [0.0, 0.0, 0.0, 1.0]], [[-0.8439576625823975, -0.5360463857650757, -0.019745366647839546, 1.04681396484375], [0.007962076924741268, 0.024287568405270576, -0.9996733069419861, 1.4934768676757812], [0.5363508462905884, -0.843839168548584, -0.01622963696718216, -1.2493896484375], [0.0, 0.0, 0.0, 1.0]], [[0.9478570222854614, 0.31867027282714844, -0.004041916225105524, -1.14215087890625], [-0.017650388181209564, 0.03982788696885109, -0.9990506768226624, 1.5620155334472656], [-0.318206787109375, 0.9470285177230835, 0.04337579756975174, -0.15673828125], [0.0, 0.0, 0.0, 1.0]], [[0.009294497780501842, 0.9994446039199829, 0.03200245648622513, -0.02880859375], [-0.01543428935110569, 0.03214341402053833, -0.9993640184402466, 1.5677413940429688], [-0.9998376965522766, 0.00879462156444788, 0.01572447456419468, 0.024110794067382812], [0.0, 0.0, 0.0, 1.0]], [[-0.9237722754478455, 0.3826911747455597, 0.013868728652596474, 1.1256103515625], [-0.011156713590025902, 0.009305165149271488, -0.9998944401741028, 1.547384262084961], [-0.3827797770500183, -0.9238294363021851, -0.004326275549829006, -0.0579833984375], [0.0, 0.0, 0.0, 1.0]]], "view": [[0.0, -2.0, 100.0], [-2.0, 0.0, 100.0], [0.0, 0.0, 1.0]], "bev": "bev_924e08e8b2104e18b2806171af1f29b4.png", "aux": "aux_924e08e8b2104e18b2806171af1f29b4.npz", "visibility": "visibility_924e08e8b2104e18b2806171af1f29b4.png", "pose": [[-0.8762290477752686, -0.4818948805332184, 0.0, 810.206787109375], [0.4818948805332184, -0.8762290477752686, 0.0, 1382.3201904296875], [0.0, 0.0, 1.0, 0.0], [0.0, 0.0, 0.0, 1.0]], "pose_inverse": [[-0.8762290477752686, 0.4818948805332184, 0.0, 43.793697357177734], [-0.4818948805332184, -0.8762290477752686, 0.0, 1601.66357421875], [0.0, 0.0, 1.0, 0.0], [0.0, 0.0, 0.0, 1.0]], "cam_ids": [0, 1, 2, 3, 4, 5], "cam_channels": ["CAM_FRONT_LEFT", "CAM_FRONT", "CAM_FRONT_RIGHT", "CAM_BACK_LEFT", "CAM_BACK", "CAM_BACK_RIGHT"], "token": "924e08e8b2104e18b2806171af1f29b4", "scene": "scene-0710"}, {"images": ["samples/CAM_FRONT_LEFT/n008-2018-08-29-16-04-13-0400__CAM_FRONT_LEFT__1535573410404799.jpg", "samples/CAM_FRONT/n008-2018-08-29-16-04-13-0400__CAM_FRONT__1535573410413125.jpg", "samples/CAM_FRONT_RIGHT/n008-2018-08-29-16-04-13-0400__CAM_FRONT_RIGHT__1535573410420482.jpg", "samples/CAM_BACK_LEFT/n008-2018-08-29-16-04-13-0400__CAM_BACK_LEFT__1535573410447405.jpg", "samples/CAM_BACK/n008-2018-08-29-16-04-13-0400__CAM_BACK__1535573410437558.jpg", "samples/CAM_BACK_RIGHT/n008-2018-08-29-16-04-13-0400__CAM_BACK_RIGHT__1535573410428113.jpg"], "intrinsics": [[[1257.8625342125129, 0.0, 827.2410631095686], [0.0, 1257.8625342125129, 450.915498205774], [0.0, 0.0, 1.0]], [[1252.8131021185304, 0.0, 826.588114781398], [0.0, 1252.8131021185304, 469.9846626224581], [0.0, 0.0, 1.0]], [[1256.7485116440405, 0.0, 817.7887570959712], [0.0, 1256.7485116440403, 451.9541780095127], [0.0, 0.0, 1.0]], [[1254.9860565800168, 0.0, 829.5769333630991], [0.0, 1254.9860565800168, 467.1680561863987], [0.0, 0.0, 1.0]], [[796.8910634503094, 0.0, 857.7774326863696], [0.0, 796.8910634503094, 476.8848988407415], [0.0, 0.0, 1.0]], [[1249.9629280788233, 0.0, 825.3768045375984], [0.0, 1249.9629280788233, 462.54816385708756], [0.0, 0.0, 1.0]]], "extrinsics": [[[0.8228331208229065, -0.5676791667938232, -0.0261915884912014, -0.9317626953125], [-0.0030182600021362305, 0.041722752153873444, -0.9991247057914734, 1.4880142211914062], [0.5682750940322876, 0.8221919536590576, 0.03261745721101761, -1.283203125], [0.0, 0.0, 0.0, 1.0]], [[0.010613796301186085, -0.9992362260818481, -0.03760577365756035, 0.00634765625], [-0.0012321111280471087, 0.03759479522705078, -0.9992923140525818, 1.4800605773925781], [0.9999428987503052, 0.01065265666693449, -0.0008321460336446762, -1.6629981994628906], [0.0, 0.0, 0.0, 1.0]], [[-0.8439157605171204, -0.5360605120658875, -0.02110275998711586, 1.04296875], [0.006641333922743797, 0.028893673792481422, -0.9995604157447815, 1.4934463500976562], [0.5364346504211426, -0.84368497133255, -0.02082367055118084, -1.2469482421875], [0.0, 0.0, 0.0, 1.0]], [[0.9478577375411987, 0.31866705417633057, -0.0041496725752949715, -1.14208984375], [-0.019132837653160095, 0.043902553617954254, -0.9988526105880737, 1.5620040893554688], [-0.31811922788619995, 0.9468494653701782, 0.04771037399768829, -0.15673828125], [0.0, 0.0, 0.0, 1.0]], [[0.009310142137110233, 0.9992980360984802, 0.03628859296441078, -0.0286865234375], [-0.016920480877161026, 0.03644240275025368, -0.999192476272583, 1.5676918029785156], [-0.9998135566711426, 0.008688622154295444, 0.017247889190912247, 0.0224456787109375], [0.0, 0.0, 0.0, 1.0]], [[-0.9237836003303528, 0.3825418949127197, 0.01689315214753151, 1.12249755859375], [-0.012574037536978722, 0.013788086362183094, -0.9998258352279663, 1.547292709350586], [-0.38270822167396545, -0.9238352179527283, -0.007927113212645054, -0.0592041015625], [0.0, 0.0, 0.0, 1.0]]], "view": [[0.0, -2.0, 100.0], [-2.0, 0.0, 100.0], [0.0, 0.0, 1.0]], "bev": "bev_64ca39bf132942278127cf4a16ea3580.png", "aux": "aux_64ca39bf132942278127cf4a16ea3580.npz", "visibility": "visibility_64ca39bf132942278127cf4a16ea3580.png", "pose": [[-0.8723374009132385, -0.48890435695648193, 0.0, 809.3634033203125], [0.48890435695648193, -0.8723374009132385, 0.0, 1382.7982177734375], [0.0, 0.0, 1.0, 0.0], [0.0, 0.0, 0.0, 1.0]], "pose_inverse": [[-0.8723374009132385, 0.48890435695648193, 0.0, 29.98188591003418], [-0.48890435695648193, -0.8723374009132385, 0.0, 1601.9678955078125], [0.0, 0.0, 1.0, 0.0], [0.0, 0.0, 0.0, 1.0]], "cam_ids": [0, 1, 2, 3, 4, 5], "cam_channels": ["CAM_FRONT_LEFT", "CAM_FRONT", "CAM_FRONT_RIGHT", "CAM_BACK_LEFT", "CAM_BACK", "CAM_BACK_RIGHT"], "token": "64ca39bf132942278127cf4a16ea3580", "scene": "scene-0710"}, {"images": ["samples/CAM_FRONT_LEFT/n008-2018-08-29-16-04-13-0400__CAM_FRONT_LEFT__1535573410854799.jpg", "samples/CAM_FRONT/n008-2018-08-29-16-04-13-0400__CAM_FRONT__1535573410862404.jpg", "samples/CAM_FRONT_RIGHT/n008-2018-08-29-16-04-13-0400__CAM_FRONT_RIGHT__1535573410870482.jpg", "samples/CAM_BACK_LEFT/n008-2018-08-29-16-04-13-0400__CAM_BACK_LEFT__1535573410897436.jpg", "samples/CAM_BACK/n008-2018-08-29-16-04-13-0400__CAM_BACK__1535573410887558.jpg", "samples/CAM_BACK_RIGHT/n008-2018-08-29-16-04-13-0400__CAM_BACK_RIGHT__1535573410878113.jpg"], "intrinsics": [[[1257.8625342125129, 0.0, 827.2410631095686], [0.0, 1257.8625342125129, 450.915498205774], [0.0, 0.0, 1.0]], [[1252.8131021185304, 0.0, 826.588114781398], [0.0, 1252.8131021185304, 469.9846626224581], [0.0, 0.0, 1.0]], [[1256.7485116440405, 0.0, 817.7887570959712], [0.0, 1256.7485116440403, 451.9541780095127], [0.0, 0.0, 1.0]], [[1254.9860565800168, 0.0, 829.5769333630991], [0.0, 1254.9860565800168, 467.1680561863987], [0.0, 0.0, 1.0]], [[796.8910634503094, 0.0, 857.7774326863696], [0.0, 796.8910634503094, 476.8848988407415], [0.0, 0.0, 1.0]], [[1249.9629280788233, 0.0, 825.3768045375984], [0.0, 1249.9629280788233, 462.54816385708756], [0.0, 0.0, 1.0]]], "extrinsics": [[[0.8229836821556091, -0.567698061466217, -0.020416248589754105, -0.9359130859375], [0.005575716495513916, 0.04401084780693054, -0.9990154504776001, 1.4887542724609375], [0.568037748336792, 0.8220595717430115, 0.03938553109765053, -1.2861328125], [0.0, 0.0, 0.0, 1.0]], [[0.010857644490897655, -0.9991454482078552, -0.039881039410829544, 0.006591796875], [0.0075984131544828415, 0.03996467962861061, -0.9991722106933594, 1.4806747436523438], [0.9999122023582458, 0.010545679368078709, 0.008025839924812317, -1.6657028198242188], [0.0, 0.0, 0.0, 1.0]], [[-0.8437620401382446, -0.5358757376670837, -0.030047310516238213, 1.045654296875], [0.015700489282608032, 0.03131582960486412, -0.999386191368103, 1.4939041137695312], [0.5364877581596375, -0.8437159061431885, -0.018009599298238754, -1.2486572265625], [0.0, 0.0, 0.0, 1.0]], [[0.947924792766571, 0.31844326853752136, 0.005678958259522915, -1.14227294921875], [-0.009588409215211868, 0.04635576531291008, -0.9988789558410645, 1.5620269775390625], [-0.3183496296405792, 0.946807861328125, 0.046995148062705994, -0.15673828125], [0.0, 0.0, 0.0, 1.0]], [[0.009161227382719517, 0.9992024898529053, 0.0388643704354763, -0.0286865234375], [-0.007462095469236374, 0.03893323242664337, -0.9992139339447021, 1.5679054260253906], [-0.9999302625656128, 0.008863991126418114, 0.007812820374965668, 0.02353954315185547], [0.0, 0.0, 0.0, 1.0]], [[-0.9238370060920715, 0.3826736509799957, 0.009267982095479965, 1.1246337890625], [-0.003295190865173936, 0.016260556876659393, -0.9998623728752136, 1.5476799011230469], [-0.382771760225296, -0.9237404465675354, -0.013761122711002827, -0.0584716796875], [0.0, 0.0, 0.0, 1.0]]], "view": [[0.0, -2.0, 100.0], [-2.0, 0.0, 100.0], [0.0, 0.0, 1.0]], "bev": "bev_fdb342d38db44acab4ef57dce7243061.png", "aux": "aux_fdb342d38db44acab4ef57dce7243061.npz", "visibility": "visibility_fdb342d38db44acab4ef57dce7243061.png", "pose": [[-0.869404673576355, -0.4941007196903229, 0.0, 808.5950317382812], [0.4941007196903229, -0.869404673576355, 0.0, 1383.236328125], [0.0, 0.0, 1.0, 0.0], [0.0, 0.0, 0.0, 1.0]], "pose_inverse": [[-0.869404673576355, 0.4941007196903229, 0.0, 19.538219451904297], [-0.4941007196903229, -0.869404673576355, 0.0, 1602.1195068359375], [0.0, 0.0, 1.0, 0.0], [0.0, 0.0, 0.0, 1.0]], "cam_ids": [0, 1, 2, 3, 4, 5], "cam_channels": ["CAM_FRONT_LEFT", "CAM_FRONT", "CAM_FRONT_RIGHT", "CAM_BACK_LEFT", "CAM_BACK", "CAM_BACK_RIGHT"], "token": "fdb342d38db44acab4ef57dce7243061", "scene": "scene-0710"}, {"images": ["samples/CAM_FRONT_LEFT/n008-2018-08-29-16-04-13-0400__CAM_FRONT_LEFT__1535573411354799.jpg", "samples/CAM_FRONT/n008-2018-08-29-16-04-13-0400__CAM_FRONT__1535573411362404.jpg", "samples/CAM_FRONT_RIGHT/n008-2018-08-29-16-04-13-0400__CAM_FRONT_RIGHT__1535573411370482.jpg", "samples/CAM_BACK_LEFT/n008-2018-08-29-16-04-13-0400__CAM_BACK_LEFT__1535573411397405.jpg", "samples/CAM_BACK/n008-2018-08-29-16-04-13-0400__CAM_BACK__1535573411387558.jpg", "samples/CAM_BACK_RIGHT/n008-2018-08-29-16-04-13-0400__CAM_BACK_RIGHT__1535573411378113.jpg"], "intrinsics": [[[1257.8625342125129, 0.0, 827.2410631095686], [0.0, 1257.8625342125129, 450.915498205774], [0.0, 0.0, 1.0]], [[1252.8131021185304, 0.0, 826.588114781398], [0.0, 1252.8131021185304, 469.9846626224581], [0.0, 0.0, 1.0]], [[1256.7485116440405, 0.0, 817.7887570959712], [0.0, 1256.7485116440403, 451.9541780095127], [0.0, 0.0, 1.0]], [[1254.9860565800168, 0.0, 829.5769333630991], [0.0, 1254.9860565800168, 467.1680561863987], [0.0, 0.0, 1.0]], [[796.8910634503094, 0.0, 857.7774326863696], [0.0, 796.8910634503094, 476.8848988407415], [0.0, 0.0, 1.0]], [[1249.9629280788233, 0.0, 825.3768045375984], [0.0, 1249.9629280788233, 462.54816385708756], [0.0, 0.0, 1.0]]], "extrinsics": [[[0.8226150274276733, -0.5681908130645752, -0.021533051505684853, -0.9364013671875], [0.0011676526628434658, 0.03955838084220886, -0.9992165565490723, 1.4883804321289062], [0.5685975551605225, 0.8219454288482666, 0.03320476785302162, -1.286376953125], [0.0, 0.0, 0.0, 1.0]], [[0.010322708636522293, -0.9993203282356262, -0.035388290882110596, 0.00634765625], [0.0031478956807404757, 0.03542247787117958, -0.9993674755096436, 1.4803733825683594], [0.9999417066574097, 0.010204744525253773, 0.003511410905048251, -1.6660957336425781], [0.0, 0.0, 0.0, 1.0]], [[-0.8440150618553162, -0.5357967019081116, -0.02367258071899414, 1.04595947265625], [0.011091198772192001, 0.026692118495702744, -0.9995821118354797, 1.4936599731445312], [0.5362047553062439, -0.8439249992370605, -0.016585923731327057, -1.2491455078125], [0.0, 0.0, 0.0, 1.0]], [[0.9478920102119446, 0.31859126687049866, -0.00040509356767870486, -1.14239501953125], [-0.014418799430131912, 0.041629400104284286, -0.9990290999412537, 1.5620193481445312], [-0.3182651698589325, 0.9469776153564453, 0.04405388608574867, -0.156494140625], [0.0, 0.0, 0.0, 1.0]], [[0.009333288297057152, 0.9993751645088196, 0.03409108519554138, -0.02880859375], [-0.012252427637577057, 0.034204307943582535, -0.999339759349823, 1.56781005859375], [-0.9998814463615417, 0.008909442462027073, 0.012564010918140411, 0.02398538589477539], [0.0, 0.0, 0.0, 1.0]], [[-0.9237387776374817, 0.3828398287296295, 0.011847183108329773, 1.12506103515625], [-0.008025426417589188, 0.011578239500522614, -0.999900758266449, 1.5474967956542969], [-0.3829389214515686, -0.9237421751022339, -0.007622814737260342, -0.0582275390625], [0.0, 0.0, 0.0, 1.0]]], "view": [[0.0, -2.0, 100.0], [-2.0, 0.0, 100.0], [0.0, 0.0, 1.0]], "bev": "bev_f064c19d823e4d24a98e6b568d0bd637.png", "aux": "aux_f064c19d823e4d24a98e6b568d0bd637.npz", "visibility": "visibility_f064c19d823e4d24a98e6b568d0bd637.png", "pose": [[-0.8665696978569031, -0.4990560710430145, 0.0, 807.7415161132812], [0.4990560710430145, -0.8665696978569031, 0.0, 1383.7305908203125], [0.0, 0.0, 1.0, 0.0], [0.0, 0.0, 0.0, 1.0]], "pose_inverse": [[-0.8665696978569031, 0.4990560710430145, 0.0, 9.405158996582031], [-0.4990560710430145, -0.8665696978569031, 0.0, 1602.207275390625], [0.0, 0.0, 1.0, 0.0], [0.0, 0.0, 0.0, 1.0]], "cam_ids": [0, 1, 2, 3, 4, 5], "cam_channels": ["CAM_FRONT_LEFT", "CAM_FRONT", "CAM_FRONT_RIGHT", "CAM_BACK_LEFT", "CAM_BACK", "CAM_BACK_RIGHT"], "token": "f064c19d823e4d24a98e6b568d0bd637", "scene": "scene-0710"}, {"images": ["samples/CAM_FRONT_LEFT/n008-2018-08-29-16-04-13-0400__CAM_FRONT_LEFT__1535573411854799.jpg", "samples/CAM_FRONT/n008-2018-08-29-16-04-13-0400__CAM_FRONT__1535573411862404.jpg", "samples/CAM_FRONT_RIGHT/n008-2018-08-29-16-04-13-0400__CAM_FRONT_RIGHT__1535573411870482.jpg", "samples/CAM_BACK_LEFT/n008-2018-08-29-16-04-13-0400__CAM_BACK_LEFT__1535573411897405.jpg", "samples/CAM_BACK/n008-2018-08-29-16-04-13-0400__CAM_BACK__1535573411887558.jpg", "samples/CAM_BACK_RIGHT/n008-2018-08-29-16-04-13-0400__CAM_BACK_RIGHT__1535573411878113.jpg"], "intrinsics": [[[1257.8625342125129, 0.0, 827.2410631095686], [0.0, 1257.8625342125129, 450.915498205774], [0.0, 0.0, 1.0]], [[1252.8131021185304, 0.0, 826.588114781398], [0.0, 1252.8131021185304, 469.9846626224581], [0.0, 0.0, 1.0]], [[1256.7485116440405, 0.0, 817.7887570959712], [0.0, 1256.7485116440403, 451.9541780095127], [0.0, 0.0, 1.0]], [[1254.9860565800168, 0.0, 829.5769333630991], [0.0, 1254.9860565800168, 467.1680561863987], [0.0, 0.0, 1.0]], [[796.8910634503094, 0.0, 857.7774326863696], [0.0, 796.8910634503094, 476.8848988407415], [0.0, 0.0, 1.0]], [[1249.9629280788233, 0.0, 825.3768045375984], [0.0, 1249.9629280788233, 462.54816385708756], [0.0, 0.0, 1.0]]], "extrinsics": [[[0.8227790594100952, -0.5679882168769836, -0.020590774714946747, -0.9383544921875], [-0.0011527118040248752, 0.034560635685920715, -0.9994019269943237, 1.4881858825683594], [0.5683601498603821, 0.8223108053207397, 0.027781041339039803, -1.287841796875], [0.0, 0.0, 0.0, 1.0]], [[0.010577809065580368, -0.9994755983352661, -0.030605224892497063, 0.006591796875], [0.0008034289348870516, 0.03061542473733425, -0.9995309114456177, 1.4802055358886719], [0.9999436736106873, 0.010548270307481289, 0.0011268523521721363, -1.668436050415039], [0.0, 0.0, 0.0, 1.0]], [[-0.8439086675643921, -0.5361383557319641, -0.019334232434630394, 1.04803466796875], [0.008851557038724422, 0.02211899124085903, -0.9997161626815796, 1.4935111999511719], [0.536413848400116, -0.8438403010368347, -0.01392075140029192, -1.2498779296875], [0.0, 0.0, 0.0, 1.0]], [[0.9478614926338196, 0.3186633884906769, -0.003522138111293316, -1.14263916015625], [-0.016454091295599937, 0.037899136543273926, -0.9991461038589478, 1.5620155334472656], [-0.31825780868530273, 0.9471099972724915, 0.04116644337773323, -0.156494140625], [0.0, 0.0, 0.0, 1.0]], [[0.00923815369606018, 0.9995060563087463, 0.03003833070397377, -0.02880859375], [-0.014354956336319447, 0.03016907535493374