[{"images": ["samples/CAM_FRONT_LEFT/n008-2018-08-27-11-48-51-0400__CAM_FRONT_LEFT__1535385052104799.jpg", "samples/CAM_FRONT/n008-2018-08-27-11-48-51-0400__CAM_FRONT__1535385052112404.jpg", "samples/CAM_FRONT_RIGHT/n008-2018-08-27-11-48-51-0400__CAM_FRONT_RIGHT__1535385052120482.jpg", "samples/CAM_BACK_LEFT/n008-2018-08-27-11-48-51-0400__CAM_BACK_LEFT__1535385052147405.jpg", "samples/CAM_BACK/n008-2018-08-27-11-48-51-0400__CAM_BACK__1535385052137558.jpg", "samples/CAM_BACK_RIGHT/n008-2018-08-27-11-48-51-0400__CAM_BACK_RIGHT__1535385052128113.jpg"], "intrinsics": [[[1257.8625342125129, 0.0, 827.2410631095686], [0.0, 1257.8625342125129, 450.915498205774], [0.0, 0.0, 1.0]], [[1252.8131021185304, 0.0, 826.588114781398], [0.0, 1252.8131021185304, 469.9846626224581], [0.0, 0.0, 1.0]], [[1256.7485116440405, 0.0, 817.7887570959712], [0.0, 1256.7485116440403, 451.9541780095127], [0.0, 0.0, 1.0]], [[1254.9860565800168, 0.0, 829.5769333630991], [0.0, 1254.9860565800168, 467.1680561863987], [0.0, 0.0, 1.0]], [[796.8910634503094, 0.0, 857.7774326863696], [0.0, 796.8910634503094, 476.8848988407415], [0.0, 0.0, 1.0]], [[1249.9629280788233, 0.0, 825.3768045375984], [0.0, 1249.9629280788233, 462.54816385708756], [0.0, 0.0, 1.0]]], "extrinsics": [[[0.8239558935165405, -0.5666525959968567, -0.0012616363819688559, -0.849609375], [0.015295354649424553, 0.024466153234243393, -0.9995836019515991, 1.4911613464355469], [0.5664474964141846, 0.8235934972763062, 0.02882618084549904, -1.2269287109375], [0.0, 0.0, 0.0, 1.0]], [[0.012487460859119892, -0.999718189239502, -0.020192086696624756, 0.0078125], [0.01727442257106304, 0.020406333729624748, -0.9996424913406372, 1.4828567504882812], [0.9997727870941162, 0.012134188786149025, 0.017524374648928642, -1.578369140625], [0.0, 0.0, 0.0, 1.0]], [[-0.8428723216056824, -0.5374009013175964, -0.02768399566411972, 0.9873046875], [0.02532140724360943, 0.01177981961518526, -0.9996099472045898, 1.4961662292480469], [0.5375173687934875, -0.8432446122169495, 0.003678862238302827, -1.211334228515625], [0.0, 0.0, 0.0, 1.0]], [[0.9478100538253784, 0.31871530413627625, 0.008756089955568314, -1.1331787109375], [0.00010202985868090764, 0.027159525081515312, -0.9996311068534851, 1.562042236328125], [-0.3188355565071106, 0.9474613070487976, 0.025709552690386772, -0.1597900390625], [0.0, 0.0, 0.0, 1.0]], [[0.008362028747797012, 0.9997742176055908, 0.019536202773451805, -0.028564453125], [0.0021335389465093613, 0.019519003108143806, -0.9998071789741516, 1.5681686401367188], [-0.9999628067016602, 0.008402135223150253, -0.0019698382820934057, -0.0078125], [0.0, 0.0, 0.0, 1.0]], [[-0.9241833090782166, 0.3818838894367218, -0.007064623758196831, 1.0762939453125], [0.006292409263551235, -0.0032709066290408373, -0.9999748468399048, 1.5483880043029785], [-0.38189733028411865, -0.9242045283317566, 0.0006199473282322288, -0.078125], [0.0, 0.0, 0.0, 1.0]]], "view": [[0.0, -2.0, 100.0], [-2.0, 0.0, 100.0], [0.0, 0.0, 1.0]], "bev": "bev_77f0b1caed4d4f8081021cf49fb1b6e1.png", "aux": "aux_77f0b1caed4d4f8081021cf49fb1b6e1.npz", "visibility": "visibility_77f0b1caed4d4f8081021cf49fb1b6e1.png", "pose": [[-0.9685032367706299, -0.24900105595588684, 0.0, 1726.729248046875], [0.24900105595588684, -0.9685032367706299, 0.0, 787.3875122070312], [0.0, 0.0, 1.0, 0.0], [0.0, 0.0, 0.0, 1.0]], "pose_inverse": [[-0.9685032367706299, 0.24900105595588684, 0.0, 1476.282470703125], [-0.24900105595588684, -0.9685032367706299, 0.0, 1192.5447998046875], [0.0, 0.0, 1.0, 0.0], [0.0, 0.0, 0.0, 1.0]], "cam_ids": [0, 1, 2, 3, 4, 5], "cam_channels": ["CAM_FRONT_LEFT", "CAM_FRONT", "CAM_FRONT_RIGHT", "CAM_BACK_LEFT", "CAM_BACK", "CAM_BACK_RIGHT"], "token": "77f0b1caed4d4f8081021cf49fb1b6e1", "scene": "scene-0654"}, {"images": ["samples/CAM_FRONT_LEFT/n008-2018-08-27-11-48-51-0400__CAM_FRONT_LEFT__1535385052604799.jpg", "samples/CAM_FRONT/n008-2018-08-27-11-48-51-0400__CAM_FRONT__1535385052612404.jpg", "samples/CAM_FRONT_RIGHT/n008-2018-08-27-11-48-51-0400__CAM_FRONT_RIGHT__1535385052620626.jpg", "samples/CAM_BACK_LEFT/n008-2018-08-27-11-48-51-0400__CAM_BACK_LEFT__1535385052647626.jpg", "samples/CAM_BACK/n008-2018-08-27-11-48-51-0400__CAM_BACK__1535385052637558.jpg", "samples/CAM_BACK_RIGHT/n008-2018-08-27-11-48-51-0400__CAM_BACK_RIGHT__1535385052628113.jpg"], "intrinsics": [[[1257.8625342125129, 0.0, 827.2410631095686], [0.0, 1257.8625342125129, 450.915498205774], [0.0, 0.0, 1.0]], [[1252.8131021185304, 0.0, 826.588114781398], [0.0, 1252.8131021185304, 469.9846626224581], [0.0, 0.0, 1.0]], [[1256.7485116440405, 0.0, 817.7887570959712], [0.0, 1256.7485116440403, 451.9541780095127], [0.0, 0.0, 1.0]], [[1254.9860565800168, 0.0, 829.5769333630991], [0.0, 1254.9860565800168, 467.1680561863987], [0.0, 0.0, 1.0]], [[796.8910634503094, 0.0, 857.7774326863696], [0.0, 796.8910634503094, 476.8848988407415], [0.0, 0.0, 1.0]], [[1249.9629280788233, 0.0, 825.3768045375984], [0.0, 1249.9629280788233, 462.54816385708756], [0.0, 0.0, 1.0]]], "extrinsics": [[[0.8248420357704163, -0.5653631687164307, 0.00038183716242201626, -0.817718505859375], [0.017835862934589386, 0.025346744805574417, -0.9995195865631104, 1.4923667907714844], [0.5650818943977356, 0.8244525790214539, 0.030990799888968468, -1.204345703125], [0.0, 0.0, 0.0, 1.0]], [[0.013920270837843418, -0.9996827244758606, -0.020988043397665024, 0.0076904296875], [0.019855091348290443, 0.021262293681502342, -0.9995768070220947, 1.4839401245117188], [0.999705970287323, 0.013497717678546906, 0.02014477178454399, -1.5450439453125], [0.0, 0.0, 0.0, 1.0]], [[-0.8421643376350403, -0.5383663773536682, -0.030347509309649467, 0.965087890625], [0.027952618896961212, 0.012616943567991257, -0.9995296001434326, 1.4972381591796875], [0.5384960174560547, -0.8426164388656616, 0.004423209931701422, -1.197418212890625], [0.0, 0.0, 0.0, 1.0]], [[0.9477145075798035, 0.31891706585884094, 0.011361653916537762, -1.1297607421875], [0.0026228532660752535, 0.027817578986287117, -0.9996095299720764, 1.5620841979980469], [-0.31910860538482666, 0.9473742842674255, 0.025526652112603188, -0.16070556640625], [0.0, 0.0, 0.0, 1.0]], [[0.00776897044852376, 0.999764084815979, 0.02028137445449829, -0.0283203125], [0.004716706462204456, 0.020245123654603958, -0.9997838735580444, 1.5683631896972656], [-0.9999587535858154, 0.007862982340157032, -0.004558310844004154, -0.020751953125], [0.0, 0.0, 0.0, 1.0]], [[-0.9245138764381409, 0.381038635969162, -0.009141210466623306, 1.057373046875], [0.008865121752023697, -0.0024797883816063404, -0.9999576210975647, 1.5488033294677734], [-0.3810451626777649, -0.9245557188987732, -0.0010853555286303163, -0.08642578125], [0.0, 0.0, 0.0, 1.0]]], "view": [[0.0, -2.0, 100.0], [-2.0, 0.0, 100.0], [0.0, 0.0, 1.0]], "bev": "bev_0bff0ec75b73403884dd3d00ad31f252.png", "aux": "aux_0bff0ec75b73403884dd3d00ad31f252.npz", "visibility": "visibility_0bff0ec75b73403884dd3d00ad31f252.png", "pose": [[-0.9586544036865234, -0.2845728397369385, 0.0, 1724.540771484375], [0.2845728397369385, -0.9586544036865234, 0.0, 787.9921875], [0.0, 0.0, 1.0, 0.0], [0.0, 0.0, 0.0, 1.0]], "pose_inverse": [[-0.9586544036865234, 0.2845728397369385, 0.0, 1428.9974365234375], [-0.2845728397369385, -0.9586544036865234, 0.0, 1246.169677734375], [0.0, 0.0, 1.0, 0.0], [0.0, 0.0, 0.0, 1.0]], "cam_ids": [0, 1, 2, 3, 4, 5], "cam_channels": ["CAM_FRONT_LEFT", "CAM_FRONT", "CAM_FRONT_RIGHT", "CAM_BACK_LEFT", "CAM_BACK", "CAM_BACK_RIGHT"], "token": "0bff0ec75b73403884dd3d00ad31f252", "scene": "scene-0654"}, {"images": ["samples/CAM_FRONT_LEFT/n008-2018-08-27-11-48-51-0400__CAM_FRONT_LEFT__1535385053104799.jpg", "samples/CAM_FRONT/n008-2018-08-27-11-48-51-0400__CAM_FRONT__1535385053112404.jpg", "samples/CAM_FRONT_RIGHT/n008-2018-08-27-11-48-51-0400__CAM_FRONT_RIGHT__1535385053120482.jpg", "samples/CAM_BACK_LEFT/n008-2018-08-27-11-48-51-0400__CAM_BACK_LEFT__1535385053147405.jpg", "samples/CAM_BACK/n008-2018-08-27-11-48-51-0400__CAM_BACK__1535385053137558.jpg", "samples/CAM_BACK_RIGHT/n008-2018-08-27-11-48-51-0400__CAM_BACK_RIGHT__1535385053128113.jpg"], "intrinsics": [[[1257.8625342125129, 0.0, 827.2410631095686], [0.0, 1257.8625342125129, 450.915498205774], [0.0, 0.0, 1.0]], [[1252.8131021185304, 0.0, 826.588114781398], [0.0, 1252.8131021185304, 469.9846626224581], [0.0, 0.0, 1.0]], [[1256.7485116440405, 0.0, 817.7887570959712], [0.0, 1256.7485116440403, 451.9541780095127], [0.0, 0.0, 1.0]], [[1254.9860565800168, 0.0, 829.5769333630991], [0.0, 1254.9860565800168, 467.1680561863987], [0.0, 0.0, 1.0]], [[796.8910634503094, 0.0, 857.7774326863696], [0.0, 796.8910634503094, 476.8848988407415], [0.0, 0.0, 1.0]], [[1249.9629280788233, 0.0, 825.3768045375984], [0.0, 1249.9629280788233, 462.54816385708756], [0.0, 0.0, 1.0]]], "extrinsics": [[[0.8252384066581726, -0.56476229429245, -0.0050164177082479, -0.7940673828125], [0.01294824667274952, 0.027798330411314964, -0.9995296597480774, 1.4915428161621094], [0.5646361112594604, 0.8247853517532349, 0.030252929776906967, -1.191162109375], [0.0, 0.0, 0.0, 1.0]], [[0.014419231563806534, -0.9996219277381897, -0.023410769179463387, 0.010009765625], [0.014982691965997219, 0.023626577109098434, -0.99960857629776, 1.4833259582519531], [0.9997837543487549, 0.01406284049153328, 0.015317704528570175, -1.5211181640625], [0.0, 0.0, 0.0, 1.0]], [[-0.842037558555603, -0.5387185215950012, -0.027480538934469223, 0.9481201171875], [0.023096952587366104, 0.014890260063111782, -0.9996222853660583, 1.496978759765625], [0.5389242172241211, -0.8423542380332947, -9.540341125102714e-05, -1.18438720703125], [0.0, 0.0, 0.0, 1.0]], [[0.9477344751358032, 0.31897905468940735, 0.007196716498583555, -1.124755859375], [-0.002477178117260337, 0.029911622405052185, -0.9995494484901428, 1.561981201171875], [-0.3190506398677826, 0.9472895860671997, 0.029138442128896713, -0.1627197265625], [0.0, 0.0, 0.0, 1.0]], [[0.007634655572474003, 0.9997199773788452, 0.022401316091418266, -0.0291748046875], [-0.00033438042737543583, 0.022404519841074944, -0.9997488856315613, 1.568014144897461], [-0.9999707937240601, 0.007625251542776823, 0.0005053372005932033, -0.031005859375], [0.0, 0.0, 0.0, 1.0]], [[-0.9246821403503418, 0.38072124123573303, -0.003790512215346098, 1.0418701171875], [0.00398715166375041, -0.000272207020316273, -0.9999920129776001, 1.5483241081237793], [-0.38071921467781067, -0.9246898293495178, -0.0012662886874750257, -0.0911865234375], [0.0, 0.0, 0.0, 1.0]]], "view": [[0.0, -2.0, 100.0], [-2.0, 0.0, 100.0], [0.0, 0.0, 1.0]], "bev": "bev_124db1e887a9426baf94edb527e27e96.png", "aux": "aux_124db1e887a9426baf94edb527e27e96.npz", "visibility": "visibility_124db1e887a9426baf94edb527e27e96.png", "pose": [[-0.944248378276825, -0.3292340040206909, 0.0, 1722.0435791015625], [0.3292340040206909, -0.944248378276825, 0.0, 788.8128051757812], [0.0, 0.0, 1.0, 0.0], [0.0, 0.0, 0.0, 1.0]], "pose_inverse": [[-0.944248378276825, 0.3292340040206909, 0.0, 1366.332763671875], [-0.3292340040206909, -0.944248378276825, 0.0, 1311.79052734375], [0.0, 0.0, 1.0, 0.0], [0.0, 0.0, 0.0, 1.0]], "cam_ids": [0, 1, 2, 3, 4, 5], "cam_channels": ["CAM_FRONT_LEFT", "CAM_FRONT", "CAM_FRONT_RIGHT", "CAM_BACK_LEFT", "CAM_BACK", "CAM_BACK_RIGHT"], "token": "124db1e887a9426baf94edb527e27e96", "scene": "scene-0654"}, {"images": ["samples/CAM_FRONT_LEFT/n008-2018-08-27-11-48-51-0400__CAM_FRONT_LEFT__1535385053604799.jpg", "samples/CAM_FRONT/n008-2018-08-27-11-48-51-0400__CAM_FRONT__1535385053612404.jpg", "samples/CAM_FRONT_RIGHT/n008-2018-08-27-11-48-51-0400__CAM_FRONT_RIGHT__1535385053620482.jpg", "samples/CAM_BACK_LEFT/n008-2018-08-27-11-48-51-0400__CAM_BACK_LEFT__1535385053647405.jpg", "samples/CAM_BACK/n008-2018-08-27-11-48-51-0400__CAM_BACK__1535385053637558.jpg", "samples/CAM_BACK_RIGHT/n008-2018-08-27-11-48-51-0400__CAM_BACK_RIGHT__1535385053628113.jpg"], "intrinsics": [[[1257.8625342125129, 0.0, 827.2410631095686], [0.0, 1257.8625342125129, 450.915498205774], [0.0, 0.0, 1.0]], [[1252.8131021185304, 0.0, 826.588114781398], [0.0, 1252.8131021185304, 469.9846626224581], [0.0, 0.0, 1.0]], [[1256.7485116440405, 0.0, 817.7887570959712], [0.0, 1256.7485116440403, 451.9541780095127], [0.0, 0.0, 1.0]], [[1254.9860565800168, 0.0, 829.5769333630991], [0.0, 1254.9860565800168, 467.1680561863987], [0.0, 0.0, 1.0]], [[796.8910634503094, 0.0, 857.7774326863696], [0.0, 796.8910634503094, 476.8848988407415], [0.0, 0.0, 1.0]], [[1249.9629280788233, 0.0, 825.3768045375984], [0.0, 1249.9629280788233, 462.54816385708756], [0.0, 0.0, 1.0]]], "extrinsics": [[[0.8253828883171082, -0.5645206570625305, -0.007713657803833485, -0.797088623046875], [0.008641539141535759, 0.026293601840734482, -0.9996169209480286, 1.4904251098632812], [0.564507246017456, 0.824999988079071, 0.02658061683177948, -1.1929931640625], [0.0, 0.0, 0.0, 1.0]], [[0.014486589469015598, -0.9996534585952759, -0.02197997458279133, 0.009765625], [0.010671820491552353, 0.022135606035590172, -0.9996980428695679, 1.4823799133300781], [0.9998380541801453, 0.014247629791498184, 0.010988791473209858, -1.5247802734375], [0.0, 0.0, 0.0, 1.0]], [[-0.8421375751495361, -0.5387704372406006, -0.023036504164338112, 0.9508056640625], [0.018766233697533607, 0.01341317780315876, -0.9997339248657227, 1.4961891174316406], [0.5389360785484314, -0.8423458337783813, -0.001185051049105823, -1.186737060546875], [0.0, 0.0, 0.0, 1.0]], [[0.9477353096008301, 0.3190450072288513, 0.0028556757606565952, -1.1229248046875], [-0.0065431357361376286, 0.028383534401655197, -0.999575674533844, 1.5618934631347656], [-0.31899067759513855, 0.9473143815994263, 0.02898763120174408, -0.163330078125], [0.0, 0.0, 0.0, 1.0]], [[0.007684341631829739, 0.9997530579566956, 0.020848596468567848, -0.02880859375], [-0.0044708531349897385, 0.02088335156440735, -0.9997718930244446, 1.5677127838134766], [-0.9999604821205139, 0.007589311804622412, 0.004630223847925663, -0.030517578125], [0.0, 0.0, 0.0, 1.0]], [[-0.9246953129768372, 0.38070759177207947, -0.00041116701322607696, 1.0440673828125], [-0.0002817137283273041, -0.001764257438480854, -0.9999983906745911, 1.5477783679962158], [-0.38070765137672424, -0.924693763256073, 0.0017386515391990542, -0.0906982421875], [0.0, 0.0, 0.0, 1.0]]], "view": [[0.0, -2.0, 100.0], [-2.0, 0.0, 100.0], [0.0, 0.0, 1.0]], "bev": "bev_28b88ca226d44565990bd10b1738ad0d.png", "aux": "aux_28b88ca226d44565990bd10b1738ad0d.npz", "visibility": "visibility_28b88ca226d44565990bd10b1738ad0d.png", "pose": [[-0.926182210445404, -0.37707623839378357, 0.0, 1719.478759765625], [0.37707623839378357, -0.926182210445404, 0.0, 789.8065185546875], [0.0, 0.0, 1.0, 0.0], [0.0, 0.0, 0.0, 1.0]], "pose_inverse": [[-0.926182210445404, 0.37707623839378357, 0.0, 1294.7333984375], [-0.37707623839378357, -0.926182210445404, 0.0, 1379.87939453125], [0.0, 0.0, 1.0, 0.0], [0.0, 0.0, 0.0, 1.0]], "cam_ids": [0, 1, 2, 3, 4, 5], "cam_channels": ["CAM_FRONT_LEFT", "CAM_FRONT", "CAM_FRONT_RIGHT", "CAM_BACK_LEFT", "CAM_BACK", "CAM_BACK_RIGHT"], "token": "28b88ca226d44565990bd10b1738ad0d", "scene": "scene-0654"}, {"images": ["samples/CAM_FRONT_LEFT/n008-2018-08-27-11-48-51-0400__CAM_FRONT_LEFT__1535385054154799.jpg", "samples/CAM_FRONT/n008-2018-08-27-11-48-51-0400__CAM_FRONT__1535385054162404.jpg", "samples/CAM_FRONT_RIGHT/n008-2018-08-27-11-48-51-0400__CAM_FRONT_RIGHT__1535385054170482.jpg", "samples/CAM_BACK_LEFT/n008-2018-08-27-11-48-51-0400__CAM_BACK_LEFT__1535385054197405.jpg", "samples/CAM_BACK/n008-2018-08-27-11-48-51-0400__CAM_BACK__1535385054187558.jpg", "samples/CAM_BACK_RIGHT/n008-2018-08-27-11-48-51-0400__CAM_BACK_RIGHT__1535385054178113.jpg"], "intrinsics": [[[1257.8625342125129, 0.0, 827.2410631095686], [0.0, 1257.8625342125129, 450.915498205774], [0.0, 0.0, 1.0]], [[1252.8131021185304, 0.0, 826.588114781398], [0.0, 1252.8131021185304, 469.9846626224581], [0.0, 0.0, 1.0]], [[1256.7485116440405, 0.0, 817.7887570959712], [0.0, 1256.7485116440403, 451.9541780095127], [0.0, 0.0, 1.0]], [[1254.9860565800168, 0.0, 829.5769333630991], [0.0, 1254.9860565800168, 467.1680561863987], [0.0, 0.0, 1.0]], [[796.8910634503094, 0.0, 857.7774326863696], [0.0, 796.8910634503094, 476.8848988407415], [0.0, 0.0, 1.0]], [[1249.9629280788233, 0.0, 825.3768045375984], [0.0, 1249.9629280788233, 462.54816385708756], [0.0, 0.0, 1.0]]], "extrinsics": [[[0.8259236216545105, -0.5637817978858948, -0.000507993798237294, -0.7820892333984375], [0.015405694954097271, 0.023469578474760056, -0.9996058344841003, 1.492523193359375], [0.5635715126991272, 0.8255902528762817, 0.028069529682397842, -1.1787109375], [0.0, 0.0, 0.0, 1.0]], [[0.015399621799588203, -0.9996984004974365, -0.019130539149045944, 0.007080078125], [0.017384452745318413, 0.019397612661123276, -0.9996606707572937, 1.4841384887695312], [0.9997302889823914, 0.01506180688738823, 0.017677925527095795, -1.5079345703125], [0.0, 0.0, 0.0, 1.0]], [[-0.8416434526443481, -0.5393473505973816, -0.027216976508498192, 0.93896484375], [0.02543710730969906, 0.010749329812824726, -0.9996185898780823, 1.4976463317871094], [0.5394342541694641, -0.8420147895812988, 0.004672332666814327, -1.18212890625], [0.0, 0.0, 0.0, 1.0]], [[0.9476326704025269, 0.3192538022994995, 0.008324387483298779, -1.1231689453125], [4.811279723071493e-05, 0.02592294290661812, -0.9996639490127563, 1.5620689392089844], [-0.3193623423576355, 0.9473146796226501, 0.024550067260861397, -0.16217041015625], [0.0, 0.0, 0.0, 1.0]], [[0.0072127413004636765, 0.9998051524162292, 0.01837582141160965, -0.027099609375], [0.0021649706177413464, 0.018360642716288567, -0.9998290538787842, 1.5682544708251953], [-0.9999717473983765, 0.0072512379847466946, -0.002032118383795023, -0.03466796875], [0.0, 0.0, 0.0, 1.0]], [[-0.9248474836349487, 0.38026222586631775, -0.007597710471600294, 1.03680419921875], [0.006415476556867361, -0.004376307595521212, -0.9999698400497437, 1.5486674308776855], [-0.38028401136398315, -0.9248683452606201, 0.0016078545013442636, -0.095947265625], [0.0, 0.0, 0.0, 1.0]]], "view": [[0.0, -2.0, 100.0], [-2.0, 0.0, 100.0], [0.0, 0.0, 1.0]], "bev": "bev_6e4e310990c34ac1828567efbd6c7c6c.png", "aux": "aux_6e4e310990c34ac1828567efbd6c7c6c.npz", "visibility": "visibility_6e4e310990c34ac1828567efbd6c7c6c.png", "pose": [[-0.9003123641014099, -0.4352443516254425, 0.0, 1716.6756591796875], [0.4352443516254425, -0.9003123641014099, 0.0, 791.0573120117188], [0.0, 0.0, 1.0, 0.0], [0.0, 0.0, 0.0, 1.0]], "pose_inverse": [[-0.9003123641014099, 0.4352443516254425, 0.0, 1201.2410888671875], [-0.4352443516254425, -0.9003123641014099, 0.0, 1459.3720703125], [0.0, 0.0, 1.0, 0.0], [0.0, 0.0, 0.0, 1.0]], "cam_ids": [0, 1, 2, 3, 4, 5], "cam_channels": ["CAM_FRONT_LEFT", "CAM_FRONT", "CAM_FRONT_RIGHT", "CAM_BACK_LEFT", "CAM_BACK", "CAM_BACK_RIGHT"], "token": "6e4e310990c34ac1828567efbd6c7c6c", "scene": "scene-0654"}, {"images": ["samples/CAM_FRONT_LEFT/n008-2018-08-27-11-48-51-0400__CAM_FRONT_LEFT__1535385054654799.jpg", "samples/CAM_FRONT/n008-2018-08-27-11-48-51-0400__CAM_FRONT__1535385054662404.jpg", "samples/CAM_FRONT_RIGHT/n008-2018-08-27-11-48-51-0400__CAM_FRONT_RIGHT__1535385054670482.jpg", "samples/CAM_BACK_LEFT/n008-2018-08-27-11-48-51-0400__CAM_BACK_LEFT__1535385054697405.jpg", "samples/CAM_BACK/n008-2018-08-27-11-48-51-0400__CAM_BACK__1535385054687558.jpg", "samples/CAM_BACK_RIGHT/n008-2018-08-27-11-48-51-0400__CAM_BACK_RIGHT__1535385054678113.jpg"], "intrinsics": [[[1257.8625342125129, 0.0, 827.2410631095686], [0.0, 1257.8625342125129, 450.915498205774], [0.0, 0.0, 1.0]], [[1252.8131021185304, 0.0, 826.588114781398], [0.0, 1252.8131021185304, 469.9846626224581], [0.0, 0.0, 1.0]], [[1256.7485116440405, 0.0, 817.7887570959712], [0.0, 1256.7485116440403, 451.9541780095127], [0.0, 0.0, 1.0]], [[1254.9860565800168, 0.0, 829.5769333630991], [0.0, 1254.9860565800168, 467.1680561863987], [0.0, 0.0, 1.0]], [[796.8910634503094, 0.0, 857.7774326863696], [0.0, 796.8910634503094, 476.8848988407415], [0.0, 0.0, 1.0]], [[1249.9629280788233, 0.0, 825.3768045375984], [0.0, 1249.9629280788233, 462.54816385708756], [0.0, 0.0, 1.0]]], "extrinsics": [[[0.8267269730567932, -0.5625821352005005, -0.004898800514638424, -0.7705268859863281], [0.0052797067910432816, 0.01646505482494831, -0.9998504519462585, 1.4898052215576172], [0.5625786185264587, 0.8265774846076965, 0.016582371667027473, -1.173095703125], [0.0, 0.0, 0.0, 1.0]], [[0.016436323523521423, -0.9997919797897339, -0.012079264037311077, 0.009033203125], [0.006987999193370342, 0.012195466086268425, -0.9999012351036072, 1.4818248748779297], [0.999840497970581, 0.01635032333433628, 0.00718699349090457, -1.498046875], [0.0, 0.0, 0.0, 1.0]], [[-0.841379702091217, -0.5402600169181824, -0.014119617640972137, 0.9334716796875], [0.014661367051303387, 0.003298868192359805, -0.9998870491981506, 1.495809555053711], [0.5402455925941467, -0.84149169921875, 0.005145348142832518, -1.1768798828125], [0.0, 0.0, 0.0, 1.0]], [[0.9476111531257629, 0.31936541199684143, -0.006239661481231451, -1.125], [-0.012316719628870487, 0.01701241172850132, -0.9997794032096863, 1.561798095703125], [-0.31918877363204956, 0.9474788904190063, 0.020054684951901436, -0.162353515625], [0.0, 0.0, 0.0, 1.0]], [[0.007032953668385744, 0.9999247193336487, 0.010053557343780994, -0.0281982421875], [-0.009576847776770592, 0.010120696388185024, -0.9999029040336609, 1.5672907829284668], [-0.9999294281005859, 0.006936013698577881, 0.009647306054830551, -0.036376953125], [0.0, 0.0, 0.0, 1.0]], [[-0.9251265525817871, 0.3796587884426117, -0.0001702624576864764, 1.03204345703125], [-0.004802943207323551, -0.01215190626680851, -0.9999146461486816, 1.5471420288085938], [-0.37962841987609863, -0.9250467419624329, 0.01306553091853857, -0.0965576171875], [0.0, 0.0, 0.0, 1.0]]], "view": [[0.0, -2.0, 100.0], [-2.0, 0.0, 100.0], [0.0, 0.0, 1.0]], "bev": "bev_c2a5e475b6b64f00a31c1783fa344cd4.png", "aux": "aux_c2a5e475b6b64f00a31c1783fa344cd4.npz", "visibility": "visibility_c2a5e475b6b64f00a31c1783fa344cd4.png", "pose": [[-0.8665288090705872, -0.499127060174942, 0.0, 1713.9952392578125], [0.499127060174942, -0.8665288090705872, 0.0, 792.482666015625], [0.0, 0.0, 1.0, 0.0], [0.0, 0.0, 0.0, 1.0]], "pose_inverse": [[-0.8665288090705872, 0.499127060174942, 0.0, 1089.6767578125], [-0.499127060174942, -0.8665288090705872, 0.0, 1542.21044921875], [0.0, 0.0, 1.0, 0.0], [0.0, 0.0, 0.0, 1.0]], "cam_ids": [0, 1, 2, 3, 4, 5], "cam_channels": ["CAM_FRONT_LEFT", "CAM_FRONT", "CAM_FRONT_RIGHT", "CAM_BACK_LEFT", "CAM_BACK", "CAM_BACK_RIGHT"], "token": "c2a5e475b6b64f00a31c1783fa344cd4", "scene": "scene-0654"}, {"images": ["samples/CAM_FRONT_LEFT/n008-2018-08-27-11-48-51-0400__CAM_FRONT_LEFT__1535385055154799.jpg", "samples/CAM_FRONT/n008-2018-08-27-11-48-51-0400__CAM_FRONT__1535385055162404.jpg", "samples/CAM_FRONT_RIGHT/n008-2018-08-27-11-48-51-0400__CAM_FRONT_RIGHT__1535385055170482.jpg", "samples/CAM_BACK_LEFT/n008-2018-08-27-11-48-51-0400__CAM_BACK_LEFT__1535385055197405.jpg", "samples/CAM_BACK/n008-2018-08-27-11-48-51-0400__CAM_BACK__1535385055187558.jpg", "samples/CAM_BACK_RIGHT/n008-2018-08-27-11-48-51-0400__CAM_BACK_RIGHT__1535385055178113.jpg"], "intrinsics": [[[1257.8625342125129, 0.0, 827.2410631095686], [0.0, 1257.8625342125129, 450.915498205774], [0.0, 0.0, 1.0]], [[1252.8131021185304, 0.0, 826.588114781398], [0.0, 1252.8131021185304, 469.9846626224581], [0.0, 0.0, 1.0]], [[1256.7485116440405, 0.0, 817.7887570959712], [0.0, 1256.7485116440403, 451.9541780095127], [0.0, 0.0, 1.0]], [[1254.9860565800168, 0.0, 829.5769333630991], [0.0, 1254.9860565800168, 467.1680561863987], [0.0, 0.0, 1.0]], [[796.8910634503094, 0.0, 857.7774326863696], [0.0, 796.8910634503094, 476.8848988407415], [0.0, 0.0, 1.0]], [[1249.9629280788233, 0.0, 825.3768045375984], [0.0, 1249.9629280788233, 462.54816385708756], [0.0, 0.0, 1.0]]], "extrinsics": [[[0.8275101780891418, -0.5614460110664368, -0.002300743479281664, -0.7643356323242188], [0.008804856799542904, 0.017074530944228172, -0.9998154640197754, 1.4908180236816406], [0.5613816976547241, 0.8273372054100037, 0.019072800874710083, -1.17236328125], [0.0, 0.0, 0.0, 1.0]], [[0.017725730314850807, -0.9997612237930298, -0.012779020704329014, 0.0118408203125], [0.0109391575679183, 0.012974182143807411, -0.9998559951782227, 1.4827842712402344], [0.9997829794883728, 0.017583373934030533, 0.011166522279381752, -1.492919921875], [0.0, 0.0, 0.0, 1.0]], [[-0.8407952189445496, -0.5410407781600952, -0.01839088462293148, 0.9322509765625], [0.019072400406003, 0.004346037749201059, -0.9998086094856262, 1.4966812133789062], [0.5410172343254089, -0.840985119342804, 0.006664818152785301, -1.17333984375], [0.0, 0.0, 0.0, 1.0]], [[0.94772869348526, 0.3190772533416748, 2.386418782407418e-05, -1.129150390625], [-0.006584604270756245, 0.019632479175925255, -0.9997856020927429, 1.5619392395019531], [-0.31900936365127563, 0.9475253224372864, 0.02070726454257965, -0.1612548828125], [0.0, 0.0, 0.0, 1.0]], [[0.006749582476913929, 0.9999058246612549, 0.011944809928536415, -0.029296875], [-0.004155070520937443, 0.011973022483289242, -0.9999196529388428, 1.5677165985107422], [-0.9999685883522034, 0.0066993748769164085, 0.004235492553561926, -0.03546142578125], [0.0, 0.0, 0.0, 1.0]], [[-0.925370991230011, 0.3790397644042969, -0.004148427862673998, 1.029815673828125], [6.539448804687709e-05, -0.010784285143017769, -0.999941885471344, 1.5478401184082031], [-0.3790624439716339, -0.9253175258636475, 0.009954678826034069, -0.095458984375], [0.0, 0.0, 0.0, 1.0]]], "view": [[0.0, -2.0, 100.0], [-2.0, 0.0, 100.0], [0.0, 0.0, 1.0]], "bev": "bev_1aa2211f109d42cb99231ddda3b2d5a3.png", "aux": "aux_1aa2211f109d42cb99231ddda3b2d5a3.npz", "visibility": "visibility_1aa2211f109d42cb99231ddda3b2d5a3.png", "pose": [[-0.823486864566803, -0.567335307598114, 0.0, 1711.332275390625], [0.567335307598114, -0.823486864566803, 0.0, 794.1624755859375], [0.0, 0.0, 1.0, 0.0], [0.0, 0.0, 0.0, 1.0]], "pose_inverse": [[-0.823486864566803, 0.567335307598114, 0.0, 958.7033081054688], [-0.567335307598114, -0.823486864566803, 0.0, 1624.881591796875], [0.0, 0.0, 1.0, 0.0], [0.0, 0.0, 0.0, 1.0]], "cam_ids": [0, 1, 2, 3, 4, 5], "cam_channels": ["CAM_FRONT_LEFT", "CAM_FRONT", "CAM_FRONT_RIGHT", "CAM_BACK_LEFT", "CAM_BACK", "CAM_BACK_RIGHT"], "token": "1aa2211f109d42cb99231ddda3b2d5a3", "scene": "scene-0654"}, {"images": ["samples/CAM_FRONT_LEFT/n008-2018-08-27-11-48-51-0400__CAM_FRONT_LEFT__1535385055654799.jpg", "samples/CAM_FRONT/n008-2018-08-27-11-48-51-0400__CAM_FRONT__1535385055662404.jpg", "samples/CAM_FRONT_RIGHT/n008-2018-08-27-11-48-51-0400__CAM_FRONT_RIGHT__1535385055670482.jpg", "samples/CAM_BACK_LEFT/n008-2018-08-27-11-48-51-0400__CAM_BACK_LEFT__1535385055697405.jpg", "samples/CAM_BACK/n008-2018-08-27-11-48-51-0400__CAM_BACK__1535385055687558.jpg", "samples/CAM_BACK_RIGHT/n008-2018-08-27-11-48-51-0400__CAM_BACK_RIGHT__1535385055678113.jpg"], "intrinsics": [[[1257.8625342125129, 0.0, 827.2410631095686], [0.0, 1257.8625342125129, 450.915498205774], [0.0, 0.0, 1.0]], [[1252.8131021185304, 0.0, 826.588114781398], [0.0, 1252.8131021185304, 469.9846626224581], [0.0, 0.0, 1.0]], [[1256.7485116440405, 0.0, 817.7887570959712], [0.0, 1256.7485116440403, 451.9541780095127], [0.0, 0.0, 1.0]], [[1254.9860565800168, 0.0, 829.5769333630991], [0.0, 1254.9860565800168, 467.1680561863987], [0.0, 0.0, 1.0]], [[796.8910634503094, 0.0, 857.7774326863696], [0.0, 796.8910634503094, 476.8848988407415], [0.0, 0.0, 1.0]], [[1249.9629280788233, 0.0, 825.3768045375984], [0.0, 1249.9629280788233, 462.54816385708756], [0.0, 0.0, 1.0]]], "extrinsics": [[[0.8270279169082642, -0.5619387626647949, -0.015803350135684013, -0.77301025390625], [-0.0013690033229067922, 0.026098482310771942, -0.9996584057807922, 1.4878768920898438], [0.5621592998504639, 0.826767086982727, 0.02081487514078617, -1.17724609375], [0.0, 0.0, 0.0, 1.0]], [[0.016775457188487053, -0.9996187686920166, -0.02192753739655018, 0.0106201171875], [0.0008024273556657135, 0.02194407768547535, -0.9997588992118835, 1.4803199768066406], [0.9998589754104614, 0.016753874719142914, 0.0011702431365847588, -1.5029296875], [0.0, 0.0, 0.0, 1.0]], [[-0.841340959072113, -0.5403022170066833, -0.014798527583479881, 0.9384765625], [0.009130851365625858, 0.01316757220774889, -0.9998716115951538, 1.4947147369384766], [0.5404277443885803, -0.8413680791854858, -0.00614499906077981, -1.178466796875], [0.0, 0.0, 0.0, 1.0]], [[0.9477563500404358, 0.3189385235309601, -0.006013398990035057, -1.1336669921875], [-0.015634896233677864, 0.027615664526820183, -0.999496340751648, 1.5618705749511719], [-0.31861191987991333, 0.9473729729652405, 0.03115949220955372, -0.1597900390625], [0.0, 0.0, 0.0, 1.0]], [[0.007345074322074652, 0.9997677206993103, 0.020264271646738052, -0.02880859375], [-0.013687994331121445, 0.020363440737128258, -0.9996989369392395, 1.5670394897460938], [-0.9998793601989746, 0.0070654647424817085, 0.013834387063980103, -0.0294189453125], [0.0, 0.0, 0.0, 1.0]], [[-0.9251101613044739, 0.3796125054359436, 0.008088468573987484, 1.0367050170898438], [-0.009622073732316494, -0.002142717130482197, -0.9999514222145081, 1.5465288162231445], [-0.379576712846756, -0.9251430630683899, 0.005634909495711327, -0.0936279296875], [0.0, 0.0, 0.0, 1.0]]], "view": [[0.0, -2.0, 100.0], [-2.0, 0.0, 100.0], [0.0, 0.0, 1.0]], "bev": "bev_2222a7dde3f44099a331a8f8795aa74e.png", "aux": "aux_2222a7dde3f44099a331a8f8795aa74e.npz", "visibility": "visibility_2222a7dde3f44099a331a8f8795aa74e.png", "pose": [[-0.7716313004493713, -0.6360700726509094, 0.0, 1708.82373046875], [0.6360700726509094, -0.7716313004493713, 0.0, 796.0853881835938], [0.0, 0.0, 1.0, 0.0], [0.0, 0.0, 0.0, 1.0]], "pose_inverse": [[-0.7716313004493713, 0.6360700726509094, 0.0, 812.2158203125], [-0.6360700726509094, -0.7716313004493713, 0.0, 1701.216064453125], [0.0, 0.0, 1.0, 0.0], [0.0, 0.0, 0.0, 1.0]], "cam_ids": [0, 1, 2, 3, 4, 5], "cam_channels": ["CAM_FRONT_LEFT", "CAM_FRONT", "CAM_FRONT_RIGHT", "CAM_BACK_LEFT", "CAM_BACK", "CAM_BACK_RIGHT"], "token": "2222a7dde3f44099a331a8f8795aa74e", "scene": "scene-0654"}, {"images": ["samples/CAM_FRONT_LEFT/n008-2018-08-27-11-48-51-0400__CAM_FRONT_LEFT__1535385056154799.jpg", "samples/CAM_FRONT/n008-2018-08-27-11-48-51-0400__CAM_FRONT__1535385056162404.jpg", "samples/CAM_FRONT_RIGHT/n008-2018-08-27-11-48-51-0400__CAM_FRONT_RIGHT__1535385056170482.jpg", "samples/CAM_BACK_LEFT/n008-2018-08-27-11-48-51-0400__CAM_BACK_LEFT__1535385056197405.jpg", "samples/CAM_BACK/n008-2018-08-27-11-48-51-0400__CAM_BACK__1535385056187558.jpg", "samples/CAM_BACK_RIGHT/n008-2018-08-27-11-48-51-0400__CAM_BACK_RIGHT__1535385056178113.jpg"], "intrinsics": [[[1257.8625342125129, 0.0, 827.2410631095686], [0.0, 1257.8625342125129, 450.915498205774], [0.0, 0.0, 1.0]], [[1252.8131021185304, 0.0, 826.588114781398], [0.0, 1252.8131021185304, 469.9846626224581], [0.0, 0.0, 1.0]], [[1256.7485116440405, 0.0, 817.7887570959712], [0.0, 1256.7485116440403, 451.9541780095127], [0.0, 0.0, 1.0]], [[1254.9860565800168, 0.0, 829.5769333630991], [0.0, 1254.9860565800168, 467.1680561863987], [0.0, 0.0, 1.0]], [[796.8910634503094, 0.0, 857.7774326863696], [0.0, 796.8910634503094, 476.8848988407415], [0.0, 0.0, 1.0]], [[1249.9629280788233, 0.0, 825.3768045375984], [0.0, 1249.9629280788233, 462.54816385708756], [0.0, 0.0, 1.0]]], "extrinsics": [[[0.8266643285751343, -0.5626088380813599, -0.009869201108813286, -0.77984619140625], [0.003522163489833474, 0.022712476551532745, -0.9997358322143555, 1.4892807006835938], [0.5626844763755798, 0.826411247253418, 0.020757192745804787, -1.1785888671875], [0.0, 0.0, 0.0, 1.0]], [[0.016257157549262047, -0.9996950626373291, -0.018589550629258156, 0.0081787109375], [0.005459881853312254, 0.01868049055337906, -0.9998106360435486, 1.4814033508300781], [0.9998529553413391, 0.016152624040842056, 0.005761907901614904, -1.5096435546875], [0.0, 0.0, 0.0, 1.0]], [[-0.84151291847229, -0.5399767160415649, -0.016769615933299065, 0.943359375], [0.013431965373456478, 0.010119092650711536, -0.999858558177948, 1.49542236328125], [0.5400700569152832, -0.8416191935539246, -0.0012623986694961786, -1.183837890625], [0.0, 0.0, 0.0, 1.0]], [[0.9478117823600769, 0.31880712509155273, -0.0038402879144996405, -1.13720703125], [-0.012678558938205242, 0.025652406737208366, -0.9995905160903931, 1.5619583129882812], [-0.31857815384864807, 0.9474723935127258, 0.028355667367577553, -0.158203125], [0.0, 0.0, 0.0, 1.0]], [[0.007463380228728056, 0.9998120069503784, 0.01789677143096924, -0.0281982421875], [-0.01033649779856205, 0.01797344908118248, -0.9997850060462952, 1.567361831665039], [-0.9999187588691711, 0.007276829797774553, 0.010468697175383568, -0.023681640625], [0.0, 0.0, 0.0, 1.0]], [[-0.9250243306159973, 0.3798920810222626, 0.0034581732470542192, 1.0434188842773438], [-0.005752306431531906, -0.004903890658169985, -0.9999714493751526, 1.5470809936523438], [-0.3798641860485077, -0.9250178337097168, 0.0067214746959507465, -0.09228515625], [0.0, 0.0, 0.0, 1.0]]], "view": [[0.0, -2.0, 100.0], [-2.0, 0.0, 100.0], [0.0, 0.0, 1.0]], "bev": "bev_28cb4955ad904ffeafeac8319107a35c.png", "aux": "aux_28cb4955ad904ffeafeac8319107a35c.npz", "visibility": "visibility_28cb4955ad904ffeafeac8319107a35c.png", "pose": [[-0.7119148969650269, -0.7022657990455627, 0.0, 1706.4664306640625], [0.7022657990455627, -0.7119148969650269, 0.0, 798.2311401367188], [0.0, 0.0, 1.0, 0.0], [0.0, 0.0, 0.0, 1.0]], "pose_inverse": [[-0.7119148969650269, 0.7022657990455627, 0.0, 654.2884521484375], [-0.7022657990455627, -0.7119148969650269, 0.0, 1766.66552734375], [0.0, 0.0, 1.0, 0.0], [0.0, 0.0, 0.0, 1.0]], "cam_ids": [0, 1, 2, 3, 4, 5], "cam_channels": ["CAM_FRONT_LEFT", "CAM_FRONT", "CAM_FRONT_RIGHT", "CAM_BACK_LEFT", "CAM_BACK", "CAM_BACK_RIGHT"], "token": "28cb4955ad904ffeafeac8319107a35c", "scene": "scene-0654"}, {"images": ["samples/CAM_FRONT_LEFT/n008-2018-08-27-11-48-51-0400__CAM_FRONT_LEFT__1535385056654799.jpg", "samples/CAM_FRONT/n008-2018-08-27-11-48-51-0400__CAM_FRONT__1535385056662404.jpg", "samples/CAM_FRONT_RIGHT/n008-2018-08-27-11-48-51-0400__CAM_FRONT_RIGHT__1535385056670482.jpg", "samples/CAM_BACK_LEFT/n008-2018-08-27-11-48-51-0400__CAM_BACK_LEFT__1535385056697405.jpg", "samples/CAM_BACK/n008-2018-08-27-11-48-51-0400__CAM_BACK__1535385056687558.jpg", "samples/CAM_BACK_RIGHT/n008-2018-08-27-11-48-51-0400__CAM_BACK_RIGHT__1535385056678113.jpg"], "intrinsics": [[[1257.8625342125129, 0.0, 827.2410631095686], [0.0, 1257.8625342125129, 450.915498205774], [0.0, 0.0, 1.0]], [[1252.8131021185304, 0.0, 826.588114781398], [0.0, 1252.8131021185304, 469.9846626224581], [0.0, 0.0, 1.0]], [[1256.7485116440405, 0.0, 817.7887570959712], [0.0, 1256.7485116440403, 451.9541780095127], [0.0, 0.0, 1.0]], [[1254.9860565800168, 0.0, 829.5769333630991], [0.0, 1254.9860565800168, 467.1680561863987], [0.0, 0.0, 1.0]], [[796.8910634503094, 0.0, 857.7774326863696], [0.0, 796.8910634503094, 476.8848988407415], [0.0, 0.0, 1.0]], [[1249.9629280788233, 0.0, 825.3768045375984], [0.0, 1249.9629280788233, 462.54816385708756], [0.0, 0.0, 1.0]]], "extrinsics": [[[0.8266370296478271, -0.5625756978988647, -0.013415291905403137, -0.81402587890625], [0.0015394344227388501, 0.02610006555914879, -0.9996581673622131, 1.4886131286621094], [0.56273353099823, 0.8263338208198547, 0.022441325709223747, -1.2047119140625], [0.0, 0.0, 0.0, 1.0]], [[0.016214244067668915, -0.9996261596679688, -0.02201566845178604, 0.009765625], [0.0036834573838859797, 0.0220781322568655, -0.999749481678009, 1.4808349609375], [0.9998617172241211, 0.01612911745905876, 0.004040061496198177, -1.54461669921875], [0.0, 0.0, 0.0, 1.0]], [[-0.8415391445159912, -0.5399191975593567, -0.01729569584131241, 0.96728515625], [0.011896631680428982, 0.013486126437783241, -0.9998382925987244, 1.49481201171875], [0.5400651693344116, -0.8416088819503784, -0.004925884772092104, -1.19677734375], [0.0, 0.0, 0.0, 1.0]], [[0.9478246569633484, 0.31877636909484863, -0.003186464309692383, -1.1392822265625], [-0.013014485128223896, 0.02870529517531395, -0.9995031952857971, 1.5619735717773438], [-0.3185265064239502, 0.9473952651023865, 0.031356293708086014, -0.1578369140625], [0.0, 0.0, 0.0, 1.0]], [[0.007486376445740461, 0.9997501969337463, 0.021059613674879074, -0.029296875], [-0.011052249930799007, 0.021141642704606056, -0.9997153878211975, 1.567413330078125], [-0.9999108910560608, 0.0072514936327934265, 0.011207764968276024, -0.012786865234375], [0.0, 0.0, 0.0, 1.0]], [[-0.9250209331512451, 0.379871129989624, 0.005852099508047104, 1.0609588623046875], [-0.006988799199461937, -0.001613276544958353, -0.999974250793457, 1.5470647811889648], [-0.37985193729400635, -0.9250380396842957, 0.004147157073020935, -0.0831298828125], [0.0, 0.0, 0.0, 1.0]]], "view": [[0.0, -2.0, 100.0], [-2.0, 0.0, 100.0], [0.0, 0.0, 1.0]], "bev": "bev_0bb96ca9999a4ac79831ab7156ea173a.png", "aux": "aux_0bb96ca9999a4ac79831ab7156ea173a.npz", "visibility": "visibility_0bb96ca9999a4ac79831ab7156ea173a.png", "pose": [[-0.6519899368286133, -0.7582276463508606, 0.0, 1704.5025634765625], [0.7582276463508606, -0.6519899368286133, 0.0, 800.33740234375], [0.0, 0.0, 1.0, 0.0], [0.0, 0.0, 0.0, 1.0]], "pose_inverse": [[-0.6519899368286133, 0.7582276463508606, 0.0, 504.48052978515625], [-0.7582276463508606, -0.6519899368286133, 0.0, 1814.212890625], [0.0, 0.0, 1.0, 0.0], [0.0, 0.0, 0.0, 1.0]], "cam_ids": [0, 1, 2, 3, 4, 5], "cam_channels": ["CAM_FRONT_LEFT", "CAM_FRONT", "CAM_FRONT_RIGHT", "CAM_BACK_LEFT", "CAM_BACK", "CAM_BACK_RIGHT"], "token": "0bb96ca9999a4ac79831ab7156ea173a", "scene": "scene-0654"}, {"images": ["samples/CAM_FRONT_LEFT/n008-2018-08-27-11-48-51-0400__CAM_FRONT_LEFT__1535385057154799.jpg", "samples/CAM_FRONT/n008-2018-08-27-11-48-51-0400__CAM_FRONT__1535385057162404.jpg", "samples/CAM_FRONT_RIGHT/n008-2018-08-27-11-48-51-0400__CAM_FRONT_RIGHT__1535385057170482.jpg", "samples/CAM_BACK_LEFT/n008-2018-08-27-11-48-51-0400__CAM_BACK_LEFT__1535385057197405.jpg", "samples/CAM_BACK/n008-2018-08-27-11-48-51-0400__CAM_BACK__1535385057187558.jpg", "samples/CAM_BACK_RIGHT/n008-2018-08-27-11-48-51-0400__CAM_BACK_RIGHT__1535385057178113.jpg"], "intrinsics": [[[1257.8625342125129, 0.0, 827.2410631095686], [0.0, 1257.8625342125129, 450.915498205774], [0.0, 0.0, 1.0]], [[1252.8131021185304, 0.0, 826.588114781398], [0.0, 1252.8131021185304, 469.9846626224581], [0.0, 0.0, 1.0]], [[1256.7485116440405, 0.0, 817.7887570959712], [0.0, 1256.7485116440403, 451.9541780095127], [0.0, 0.0, 1.0]], [[1254.9860565800168, 0.0, 829.5769333630991], [0.0, 1254.9860565800168, 467.1680561863987], [0.0, 0.0, 1.0]], [[796.8910634503094, 0.0, 857.7774326863696], [0.0, 796.8910634503094, 476.8848988407415], [0.0, 0.0, 1.0]], [[1249.9629280788233, 0.0, 825.3768045375984], [0.0, 1249.9629280788233, 462.54816385708756], [0.0, 0.0, 1.0]]], "extrinsics": [[[0.8265374898910522, -0.5627960562705994, -0.009824504144489765, -0.8333740234375], [0.0033479530829936266, 0.022369027137756348, -0.999744176864624, 1.4889907836914062], [0.5628717541694641, 0.8262930512428284, 0.02037305384874344, -1.216064453125], [0.0, 0.0, 0.0, 1.0]], [[0.01607319712638855, -0.9997055530548096, -0.018181290477514267, 0.0081787109375], [0.005204378627240658, 0.018267042934894562, -0.9998195767402649, 1.4810562133789062], [0.9998573064804077, 0.015975752845406532, 0.005496456287801266, -1.563079833984375], [0.0, 0.0, 0.0, 1.0]], [[-0.8415972590446472, -0.539861261844635, -0.016248144209384918, 0.979248046875], [0.013140537776052952, 0.009607937186956406, -0.9998674392700195, 1.49481201171875], [0.5399459004402161, -0.8416992425918579, -0.000991947134025395, -1.2059326171875], [0.0, 0.0, 0.0, 1.0]], [[0.9478565454483032, 0.318670392036438, -0.004147564992308617, -1.142822265625], [-0.012678716331720352, 0.02470150776207447, -0.9996144771575928, 1.5620231628417969], [-0.31844502687454224, 0.947543740272522, 0.027453815564513206, -0.1566162109375], [0.0, 0.0, 0.0, 1.0]], [[0.007580004632472992, 0.9998251795768738, 0.01709190383553505, -0.0284423828125], [-0.01041205134242773, 0.017170382663607597, -0.9997983574867249, 1.5675506591796875], [-0.9999170303344727, 0.007400500122457743, 