[{"images": ["samples/CAM_FRONT_LEFT/n015-2018-07-18-11-50-34+0800__CAM_FRONT_LEFT__1531886089604844.jpg", "samples/CAM_FRONT/n015-2018-07-18-11-50-34+0800__CAM_FRONT__1531886089612464.jpg", "samples/CAM_FRONT_RIGHT/n015-2018-07-18-11-50-34+0800__CAM_FRONT_RIGHT__1531886089620339.jpg", "samples/CAM_BACK_LEFT/n015-2018-07-18-11-50-34+0800__CAM_BACK_LEFT__1531886089647423.jpg", "samples/CAM_BACK/n015-2018-07-18-11-50-34+0800__CAM_BACK__1531886089637525.jpg", "samples/CAM_BACK_RIGHT/n015-2018-07-18-11-50-34+0800__CAM_BACK_RIGHT__1531886089627893.jpg"], "intrinsics": [[[1272.5979470598488, 0.0, 826.6154927353808], [0.0, 1272.5979470598488, 479.75165386361925], [0.0, 0.0, 1.0]], [[1266.417203046554, 0.0, 816.2670197447984], [0.0, 1266.417203046554, 491.50706579294757], [0.0, 0.0, 1.0]], [[1260.8474446004698, 0.0, 807.968244525554], [0.0, 1260.8474446004698, 495.3344268742088], [0.0, 0.0, 1.0]], [[1256.7414812095406, 0.0, 792.1125740759628], [0.0, 1256.7414812095406, 492.7757465151356], [0.0, 0.0, 1.0]], [[809.2209905677063, 0.0, 829.2196003259838], [0.0, 809.2209905677063, 481.77842384512485], [0.0, 0.0, 1.0]], [[1259.5137405846733, 0.0, 807.2529053838625], [0.0, 1259.5137405846733, 501.19579884916527], [0.0, 0.0, 1.0]]], "extrinsics": [[[0.8225931525230408, -0.568456768989563, 0.014051457867026329, -0.8194580078125], [0.006441260688006878, -0.015394246205687523, -0.9998607635498047, 1.5093917846679688], [0.5685939192771912, 0.8225690722465515, -0.009001622907817364, -1.1800537109375], [0.0, 0.0, 0.0, 1.0]], [[0.00830492377281189, -0.9997813701629639, 0.019190456718206406, 0.006591796875], [0.0014288350939750671, -0.01917923614382744, -0.9998151063919067, 1.520751953125], [0.9999644756317139, 0.008330796845257282, 0.0012692393502220511, -1.5464820861816406], [0.0, 0.0, 0.0, 1.0]], [[-0.8317290544509888, -0.5551578998565674, -0.005152789875864983, 0.93756103515625], [0.00730039132758975, -0.0016559268115088344, -0.9999719858169556, 1.5044777393341064], [0.5551338195800781, -0.8317433595657349, 0.005430153105407953, -1.1851806640625], [0.0, 0.0, 0.0, 1.0]], [[0.9477013945579529, 0.31910061836242676, 0.006065479479730129, -1.13812255859375], [0.016986118629574776, -0.03145141154527664, -0.9993609189987183, 1.588623046875], [-0.3187059462070465, 0.9471988081932068, -0.03522682934999466, -0.105224609375], [0.0, 0.0, 0.0, 1.0]], [[0.0017136638052761555, 0.9997647404670715, -0.021624885499477386, 0.0029296875], [-0.008784754201769829, -0.021609028801321983, -0.9997279644012451, 1.5789718627929688], [-0.9999599456787109, 0.001903196214698255, 0.008745655417442322, -0.042633056640625], [0.0, 0.0, 0.0, 1.0]], [[-0.9351799488067627, 0.35334351658821106, -0.024226441979408264, 1.05804443359375], [0.02347613498568535, -0.006409791298210621, -0.9997038841247559, 1.5534133911132812], [-0.3533942699432373, -0.9354717135429382, -0.0023008324205875397, -0.093017578125], [0.0, 0.0, 0.0, 1.0]]], "view": [[0.0, -2.0, 100.0], [-2.0, 0.0, 100.0], [0.0, 0.0, 1.0]], "bev": "bev_4f54fd98c3e4467a91767d7bfc9f30d8.png", "aux": "aux_4f54fd98c3e4467a91767d7bfc9f30d8.npz", "visibility": "visibility_4f54fd98c3e4467a91767d7bfc9f30d8.png", "pose": [[0.9006869196891785, 0.43446874618530273, 0.0, 781.61767578125], [-0.43446874618530273, 0.9006869196891785, 0.0, 1773.4376220703125], [0.0, 0.0, 1.0, 0.0], [0.0, 0.0, 0.0, 1.0]], "pose_inverse": [[0.9006869196891785, -0.43446874618530273, 0.0, 66.51039123535156], [0.43446874618530273, 0.9006869196891785, 0.0, -1936.9005126953125], [0.0, 0.0, 1.0, 0.0], [0.0, 0.0, 0.0, 1.0]], "cam_ids": [0, 1, 2, 3, 4, 5], "cam_channels": ["CAM_FRONT_LEFT", "CAM_FRONT", "CAM_FRONT_RIGHT", "CAM_BACK_LEFT", "CAM_BACK", "CAM_BACK_RIGHT"], "token": "4f54fd98c3e4467a91767d7bfc9f30d8", "scene": "scene-0026"}, {"images": ["samples/CAM_FRONT_LEFT/n015-2018-07-18-11-50-34+0800__CAM_FRONT_LEFT__1531886090104844.jpg", "samples/CAM_FRONT/n015-2018-07-18-11-50-34+0800__CAM_FRONT__1531886090112467.jpg", "samples/CAM_FRONT_RIGHT/n015-2018-07-18-11-50-34+0800__CAM_FRONT_RIGHT__1531886090120339.jpg", "samples/CAM_BACK_LEFT/n015-2018-07-18-11-50-34+0800__CAM_BACK_LEFT__1531886090147439.jpg", "samples/CAM_BACK/n015-2018-07-18-11-50-34+0800__CAM_BACK__1531886090137525.jpg", "samples/CAM_BACK_RIGHT/n015-2018-07-18-11-50-34+0800__CAM_BACK_RIGHT__1531886090127893.jpg"], "intrinsics": [[[1272.5979470598488, 0.0, 826.6154927353808], [0.0, 1272.5979470598488, 479.75165386361925], [0.0, 0.0, 1.0]], [[1266.417203046554, 0.0, 816.2670197447984], [0.0, 1266.417203046554, 491.50706579294757], [0.0, 0.0, 1.0]], [[1260.8474446004698, 0.0, 807.968244525554], [0.0, 1260.8474446004698, 495.3344268742088], [0.0, 0.0, 1.0]], [[1256.7414812095406, 0.0, 792.1125740759628], [0.0, 1256.7414812095406, 492.7757465151356], [0.0, 0.0, 1.0]], [[809.2209905677063, 0.0, 829.2196003259838], [0.0, 809.2209905677063, 481.77842384512485], [0.0, 0.0, 1.0]], [[1259.5137405846733, 0.0, 807.2529053838625], [0.0, 1259.5137405846733, 501.19579884916527], [0.0, 0.0, 1.0]]], "extrinsics": [[[0.8222531676292419, -0.5689862966537476, 0.012422218918800354, -0.8155517578125], [0.006334648467600346, -0.012675678357481956, -0.9998996257781982, 1.5094051361083984], [0.5690865516662598, 0.8222492933273315, -0.006818288471549749, -1.1778564453125], [0.0, 0.0, 0.0, 1.0]], [[0.007847858592867851, -0.9998311996459961, 0.016612401232123375, 0.007080078125], [0.0009974573040381074, -0.016605079174041748, -0.9998615980148315, 1.5206985473632812], [0.9999687671661377, 0.00786334928125143, 0.0008669754606671631, -1.5417327880859375], [0.0, 0.0, 0.0, 1.0]], [[-0.8319137096405029, -0.5548738241195679, -0.005866945721209049, 0.93408203125], [0.006539802998304367, 0.000768222555052489, -0.9999783039093018, 1.5044183731079102], [0.5548663139343262, -0.8319340944290161, 0.002989670727401972, -1.181884765625], [0.0, 0.0, 0.0, 1.0]], [[0.9477167129516602, 0.3190747797489166, 0.004922312218695879, -1.13433837890625], [0.014896293170750141, -0.02882630191743374, -0.9994733929634094, 1.58868408203125], [-0.318764865398407, 0.9472909569740295, -0.032072197645902634, -0.10693359375], [0.0, 0.0, 0.0, 1.0]], [[0.0017851069569587708, 0.9998146295547485, -0.019173482432961464, 0.0023193359375], [-0.01036319974809885, -0.019153987988829613, -0.9997628331184387, 1.578857421875], [-0.9999447464942932, 0.0019833839032799006, 0.010327085852622986, -0.0470123291015625], [0.0, 0.0, 0.0, 1.0]], [[-0.9351247549057007, 0.3536125123500824, -0.022356243804097176, 1.05352783203125], [0.022375524044036865, -0.0040342435240745544, -0.9997414946556091, 1.5534229278564453], [-0.3536112606525421, -0.9353833198547363, -0.004139745142310858, -0.0938720703125], [0.0, 0.0, 0.0, 1.0]]], "view": [[0.0, -2.0, 100.0], [-2.0, 0.0, 100.0], [0.0, 0.0, 1.0]], "bev": "bev_9cc1da2eefe04c629b44a31a97103552.png", "aux": "aux_9cc1da2eefe04c629b44a31a97103552.npz", "visibility": "visibility_9cc1da2eefe04c629b44a31a97103552.png", "pose": [[0.8841327428817749, 0.467235803604126, 0.0, 783.4285278320312], [-0.467235803604126, 0.8841327428817749, 0.0, 1772.51318359375], [0.0, 0.0, 1.0, 0.0], [0.0, 0.0, 0.0, 1.0]], "pose_inverse": [[0.8841327428817749, -0.467235803604126, 0.0, 135.5267791748047], [0.467235803604126, 0.8841327428817749, 0.0, -1933.1827392578125], [0.0, 0.0, 1.0, 0.0], [0.0, 0.0, 0.0, 1.0]], "cam_ids": [0, 1, 2, 3, 4, 5], "cam_channels": ["CAM_FRONT_LEFT", "CAM_FRONT", "CAM_FRONT_RIGHT", "CAM_BACK_LEFT", "CAM_BACK", "CAM_BACK_RIGHT"], "token": "9cc1da2eefe04c629b44a31a97103552", "scene": "scene-0026"}, {"images": ["samples/CAM_FRONT_LEFT/n015-2018-07-18-11-50-34+0800__CAM_FRONT_LEFT__1531886090604844.jpg", "samples/CAM_FRONT/n015-2018-07-18-11-50-34+0800__CAM_FRONT__1531886090612463.jpg", "samples/CAM_FRONT_RIGHT/n015-2018-07-18-11-50-34+0800__CAM_FRONT_RIGHT__1531886090620339.jpg", "samples/CAM_BACK_LEFT/n015-2018-07-18-11-50-34+0800__CAM_BACK_LEFT__1531886090647423.jpg", "samples/CAM_BACK/n015-2018-07-18-11-50-34+0800__CAM_BACK__1531886090637525.jpg", "samples/CAM_BACK_RIGHT/n015-2018-07-18-11-50-34+0800__CAM_BACK_RIGHT__1531886090627893.jpg"], "intrinsics": [[[1272.5979470598488, 0.0, 826.6154927353808], [0.0, 1272.5979470598488, 479.75165386361925], [0.0, 0.0, 1.0]], [[1266.417203046554, 0.0, 816.2670197447984], [0.0, 1266.417203046554, 491.50706579294757], [0.0, 0.0, 1.0]], [[1260.8474446004698, 0.0, 807.968244525554], [0.0, 1260.8474446004698, 495.3344268742088], [0.0, 0.0, 1.0]], [[1256.7414812095406, 0.0, 792.1125740759628], [0.0, 1256.7414812095406, 492.7757465151356], [0.0, 0.0, 1.0]], [[809.2209905677063, 0.0, 829.2196003259838], [0.0, 809.2209905677063, 481.77842384512485], [0.0, 0.0, 1.0]], [[1259.5137405846733, 0.0, 807.2529053838625], [0.0, 1259.5137405846733, 501.19579884916527], [0.0, 0.0, 1.0]]], "extrinsics": [[[0.8214248418807983, -0.570262610912323, 0.007854294031858444, -0.81005859375], [0.004529942292720079, -0.007247537840157747, -0.9999635219573975, 1.5090999603271484], [0.5702986717224121, 0.8214304447174072, -0.0033700501080602407, -1.1729736328125], [0.0, 0.0, 0.0, 1.0]], [[0.006620819214731455, -0.9999160170555115, 0.011135447770357132, 0.0062255859375], [-0.0006000639405101538, -0.011139662936329842, -0.9999378323554993, 1.5204391479492188], [0.9999778270721436, 0.006613758392632008, -0.0006737677613273263, -1.536163330078125], [0.0, 0.0, 0.0, 1.0]], [[-0.8324791789054871, -0.5540016889572144, -0.0077787707559764385, 0.9300537109375], [0.00517977075651288, 0.006257133092731237, -0.9999669790267944, 1.5042800903320312], [0.5540320873260498, -0.832491934299469, -0.002339329104870558, -1.1806640625], [0.0, 0.0, 0.0, 1.0]], [[0.9477199912071228, 0.3190487325191498, 0.005881729535758495, -1.134368896484375], [0.014151472598314285, -0.023608094081282616, -0.9996210932731628, 1.5886688232421875], [-0.318789005279541, 0.9474442005157471, -0.026888873428106308, -0.1063232421875], [0.0, 0.0, 0.0, 1.0]], [[0.0021698398049920797, 0.999902069568634, -0.013825398869812489, 0.0028076171875], [-0.011327673681080341, -0.013799967244267464, -0.9998406171798706, 1.5787906646728516], [-0.9999334216117859, 0.0023261026944965124, 0.011296619661152363, -0.04827880859375], [0.0, 0.0, 0.0, 1.0]], [[-0.9348878264427185, 0.35441604256629944, -0.019339073449373245, 1.05126953125], [0.02121165208518505, 0.001398951862938702, -0.9997740387916565, 1.553377628326416], [-0.35430893301963806, -0.9350867867469788, -0.008825615048408508, -0.0958251953125], [0.0, 0.0, 0.0, 1.0]]], "view": [[0.0, -2.0, 100.0], [-2.0, 0.0, 100.0], [0.0, 0.0, 1.0]], "bev": "bev_f9a7f3dfa4d64eadacfcb277bbc82557.png", "aux": "aux_f9a7f3dfa4d64eadacfcb277bbc82557.npz", "visibility": "visibility_f9a7f3dfa4d64eadacfcb277bbc82557.png", "pose": [[0.872491180896759, 0.4886298179626465, 0.0, 785.2644653320312], [-0.4886298179626465, 0.872491180896759, 0.0, 1771.5111083984375], [0.0, 0.0, 1.0, 0.0], [0.0, 0.0, 0.0, 1.0]], "pose_inverse": [[0.872491180896759, -0.4886298179626465, 0.0, 180.47679138183594], [0.4886298179626465, 0.872491180896759, 0.0, -1929.33154296875], [0.0, 0.0, 1.0, 0.0], [0.0, 0.0, 0.0, 1.0]], "cam_ids": [0, 1, 2, 3, 4, 5], "cam_channels": ["CAM_FRONT_LEFT", "CAM_FRONT", "CAM_FRONT_RIGHT", "CAM_BACK_LEFT", "CAM_BACK", "CAM_BACK_RIGHT"], "token": "f9a7f3dfa4d64eadacfcb277bbc82557", "scene": "scene-0026"}, {"images": ["samples/CAM_FRONT_LEFT/n015-2018-07-18-11-50-34+0800__CAM_FRONT_LEFT__1531886091154844.jpg", "samples/CAM_FRONT/n015-2018-07-18-11-50-34+0800__CAM_FRONT__1531886091162460.jpg", "samples/CAM_FRONT_RIGHT/n015-2018-07-18-11-50-34+0800__CAM_FRONT_RIGHT__1531886091170339.jpg", "samples/CAM_BACK_LEFT/n015-2018-07-18-11-50-34+0800__CAM_BACK_LEFT__1531886091197423.jpg", "samples/CAM_BACK/n015-2018-07-18-11-50-34+0800__CAM_BACK__1531886091187525.jpg", "samples/CAM_BACK_RIGHT/n015-2018-07-18-11-50-34+0800__CAM_BACK_RIGHT__1531886091177893.jpg"], "intrinsics": [[[1272.5979470598488, 0.0, 826.6154927353808], [0.0, 1272.5979470598488, 479.75165386361925], [0.0, 0.0, 1.0]], [[1266.417203046554, 0.0, 816.2670197447984], [0.0, 1266.417203046554, 491.50706579294757], [0.0, 0.0, 1.0]], [[1260.8474446004698, 0.0, 807.968244525554], [0.0, 1260.8474446004698, 495.3344268742088], [0.0, 0.0, 1.0]], [[1256.7414812095406, 0.0, 792.1125740759628], [0.0, 1256.7414812095406, 492.7757465151356], [0.0, 0.0, 1.0]], [[809.2209905677063, 0.0, 829.2196003259838], [0.0, 809.2209905677063, 481.77842384512485], [0.0, 0.0, 1.0]], [[1259.5137405846733, 0.0, 807.2529053838625], [0.0, 1259.5137405846733, 501.19579884916527], [0.0, 0.0, 1.0]]], "extrinsics": [[[0.8202491998672485, -0.5719291567802429, 0.009400983341038227, -0.8072509765625], [0.008391737006604671, -0.0044013261795043945, -0.9999550580978394, 1.509861946105957], [0.5719447731971741, 0.82029128074646, 0.0011892954353243113, -1.1712646484375], [0.0, 0.0, 0.0, 1.0]], [[0.004925043787807226, -0.9999525547027588, 0.008397932164371014, 0.006591796875], [0.003114314517006278, -0.00838265661150217, -0.9999600052833557, 1.521036148071289], [0.9999829530715942, 0.004951008129864931, 0.0030728818383067846, -1.533447265625], [0.0, 0.0, 0.0, 1.0]], [[-0.8331591486930847, -0.5528972744941711, -0.012261703610420227, 0.9285888671875], [0.008775858208537102, 0.008951127529144287, -0.9999213814735413, 1.5047340393066406], [0.5529635548591614, -0.8332013487815857, -0.0026055651251226664, -1.178955078125], [0.0, 0.0, 0.0, 1.0]], [[0.9477046132087708, 0.31899240612983704, 0.00998759176582098, -1.135528564453125], [0.01746579259634018, -0.020591283217072487, -0.9996353983879089, 1.5886802673339844], [-0.31867045164108276, 0.9475334882736206, -0.02508591115474701, -0.106201171875], [0.0, 0.0, 0.0, 1.0]], [[0.002731311833485961, 0.9999359846115112, -0.010975857265293598, 0.002685546875], [-0.007948956452310085, -0.010953840799629688, -0.9999083876609802, 1.578958511352539], [-0.9999646544456482, 0.0028183404356241226, 0.007918529212474823, -0.0485687255859375], [0.0, 0.0, 0.0, 1.0]], [[-0.9344714283943176, 0.3553816080093384, -0.02161264978349209, 1.04949951171875], [0.024676984176039696, 0.004091507755219936, -0.999687135219574, 1.553731918334961], [-0.355182021856308, -0.9347124099731445, -0.012593143619596958, -0.0960693359375], [0.0, 0.0, 0.0, 1.0]]], "view": [[0.0, -2.0, 100.0], [-2.0, 0.0, 100.0], [0.0, 0.0, 1.0]], "bev": "bev_45224fd5dde34ac59d8682de6cc59ef2.png", "aux": "aux_45224fd5dde34ac59d8682de6cc59ef2.npz", "visibility": "visibility_45224fd5dde34ac59d8682de6cc59ef2.png", "pose": [[0.8704697489738464, 0.4922219216823578, 0.0, 787.2906494140625], [-0.4922219216823578, 0.8704697489738464, 0.0, 1770.35595703125], [0.0, 0.0, 1.0, 0.0], [0.0, 0.0, 0.0, 1.0]], "pose_inverse": [[0.8704697489738464, -0.4922219216823578, 0.0, 186.09530639648438], [0.4922219216823578, 0.8704697489738464, 0.0, -1928.56298828125], [0.0, 0.0, 1.0, 0.0], [0.0, 0.0, 0.0, 1.0]], "cam_ids": [0, 1, 2, 3, 4, 5], "cam_channels": ["CAM_FRONT_LEFT", "CAM_FRONT", "CAM_FRONT_RIGHT", "CAM_BACK_LEFT", "CAM_BACK", "CAM_BACK_RIGHT"], "token": "45224fd5dde34ac59d8682de6cc59ef2", "scene": "scene-0026"}, {"images": ["samples/CAM_FRONT_LEFT/n015-2018-07-18-11-50-34+0800__CAM_FRONT_LEFT__1531886091654844.jpg", "samples/CAM_FRONT/n015-2018-07-18-11-50-34+0800__CAM_FRONT__1531886091662460.jpg", "samples/CAM_FRONT_RIGHT/n015-2018-07-18-11-50-34+0800__CAM_FRONT_RIGHT__1531886091670339.jpg", "samples/CAM_BACK_LEFT/n015-2018-07-18-11-50-34+0800__CAM_BACK_LEFT__1531886091697423.jpg", "samples/CAM_BACK/n015-2018-07-18-11-50-34+0800__CAM_BACK__1531886091687525.jpg", "samples/CAM_BACK_RIGHT/n015-2018-07-18-11-50-34+0800__CAM_BACK_RIGHT__1531886091677893.jpg"], "intrinsics": [[[1272.5979470598488, 0.0, 826.6154927353808], [0.0, 1272.5979470598488, 479.75165386361925], [0.0, 0.0, 1.0]], [[1266.417203046554, 0.0, 816.2670197447984], [0.0, 1266.417203046554, 491.50706579294757], [0.0, 0.0, 1.0]], [[1260.8474446004698, 0.0, 807.968244525554], [0.0, 1260.8474446004698, 495.3344268742088], [0.0, 0.0, 1.0]], [[1256.7414812095406, 0.0, 792.1125740759628], [0.0, 1256.7414812095406, 492.7757465151356], [0.0, 0.0, 1.0]], [[809.2209905677063, 0.0, 829.2196003259838], [0.0, 809.2209905677063, 481.77842384512485], [0.0, 0.0, 1.0]], [[1259.5137405846733, 0.0, 807.2529053838625], [0.0, 1259.5137405846733, 501.19579884916527], [0.0, 0.0, 1.0]]], "extrinsics": [[[0.8191698789596558, -0.5735392570495605, 0.003667512210085988, -0.80615234375], [0.00426972983404994, -0.0002961337158922106, -0.9999908804893494, 1.509072184562683], [0.573535144329071, 0.81917804479599, 0.002206273842602968, -1.1707763671875], [0.0, 0.0, 0.0, 1.0]], [[0.003337274072691798, -0.9999838471412659, 0.004595835693180561, 0.0068359375], [-0.0011955095687881112, -0.0045998478308320045, -0.9999887347221375, 1.5203485488891602], [0.9999937415122986, 0.0033317445777356625, -0.0012108414666727185, -1.5324249267578125], [0.0, 0.0, 0.0, 1.0]], [[-0.8339196443557739, -0.5517873764038086, -0.010423131287097931, 0.927978515625], [0.004291529767215252, 0.012402319349348545, -0.9999138116836548, 1.5041732788085938], [0.5518690943717957, -0.8338925838470459, -0.007974524982273579, -1.178466796875], [0.0, 0.0, 0.0, 1.0]], [[0.9477847218513489, 0.318856418132782, 0.0058973548002541065, -1.133819580078125], [0.012379888445138931, -0.01830778643488884, -0.9997557401657104, 1.5886611938476562], [-0.3186705410480499, 0.9476262331008911, -0.021299246698617935, -0.1065673828125], [0.0, 0.0, 0.0, 1.0]], [[0.0032377205789089203, 0.9999606013298035, -0.008265241980552673, 0.00244140625], [-0.012862582691013813, -0.008222957141697407, -0.9998834729194641, 1.5786981582641602], [-0.9999120235443115, 0.0033436566591262817, 0.012835451401770115, -0.0495758056640625], [0.0, 0.0, 0.0, 1.0]], [[-0.934215784072876, 0.3563443720340729, -0.016110632568597794, 1.049072265625], [0.019994385540485382, 0.007217953912913799, -0.9997740387916565, 1.5533037185668945], [-0.3561476171016693, -0.9343268275260925, -0.013868014328181744, -0.095947265625], [0.0, 0.0, 0.0, 1.0]]], "view": [[0.0, -2.0, 100.0], [-2.0, 0.0, 100.0], [0.0, 0.0, 1.0]], "bev": "bev_52f07fadf76848d6a4ed57d4f3354e5a.png", "aux": "aux_52f07fadf76848d6a4ed57d4f3354e5a.npz", "visibility": "visibility_52f07fadf76848d6a4ed57d4f3354e5a.png", "pose": [[0.880719780921936, 0.4736377000808716, 0.0, 789.1569213867188], [-0.4736377000808716, 0.880719780921936, 0.0, 1769.3109130859375], [0.0, 0.0, 1.0, 0.0], [0.0, 0.0, 0.0, 1.0]], "pose_inverse": [[0.880719780921936, -0.4736377000808716, 0.0, 142.98623657226562], [0.4736377000808716, 0.880719780921936, 0.0, -1932.0416259765625], [0.0, 0.0, 1.0, 0.0], [0.0, 0.0, 0.0, 1.0]], "cam_ids": [0, 1, 2, 3, 4, 5], "cam_channels": ["CAM_FRONT_LEFT", "CAM_FRONT", "CAM_FRONT_RIGHT", "CAM_BACK_LEFT", "CAM_BACK", "CAM_BACK_RIGHT"], "token": "52f07fadf76848d6a4ed57d4f3354e5a", "scene": "scene-0026"}, {"images": ["samples/CAM_FRONT_LEFT/n015-2018-07-18-11-50-34+0800__CAM_FRONT_LEFT__1531886092154844.jpg", "samples/CAM_FRONT/n015-2018-07-18-11-50-34+0800__CAM_FRONT__1531886092162460.jpg", "samples/CAM_FRONT_RIGHT/n015-2018-07-18-11-50-34+0800__CAM_FRONT_RIGHT__1531886092170339.jpg", "samples/CAM_BACK_LEFT/n015-2018-07-18-11-50-34+0800__CAM_BACK_LEFT__1531886092197423.jpg", "samples/CAM_BACK/n015-2018-07-18-11-50-34+0800__CAM_BACK__1531886092187525.jpg", "samples/CAM_BACK_RIGHT/n015-2018-07-18-11-50-34+0800__CAM_BACK_RIGHT__1531886092177893.jpg"], "intrinsics": [[[1272.5979470598488, 0.0, 826.6154927353808], [0.0, 1272.5979470598488, 479.75165386361925], [0.0, 0.0, 1.0]], [[1266.417203046554, 0.0, 816.2670197447984], [0.0, 1266.417203046554, 491.50706579294757], [0.0, 0.0, 1.0]], [[1260.8474446004698, 0.0, 807.968244525554], [0.0, 1260.8474446004698, 495.3344268742088], [0.0, 0.0, 1.0]], [[1256.7414812095406, 0.0, 792.1125740759628], [0.0, 1256.7414812095406, 492.7757465151356], [0.0, 0.0, 1.0]], [[809.2209905677063, 0.0, 829.2196003259838], [0.0, 809.2209905677063, 481.77842384512485], [0.0, 0.0, 1.0]], [[1259.5137405846733, 0.0, 807.2529053838625], [0.0, 1259.5137405846733, 501.19579884916527], [0.0, 0.0, 1.0]]], "extrinsics": [[[0.8191030025482178, -0.573640763759613, 0.002566044684499502, -0.79443359375], [0.003243684070184827, 0.00015842665743548423, -0.999994695186615, 1.5089200735092163], [0.5736373066902161, 0.8191069960594177, 0.0019904773216694593, -1.162353515625], [0.0, 0.0, 0.0, 1.0]], [[0.003249200526624918, -0.9999858736991882, 0.004205169156193733, 0.00634765625], [-0.0018989990931004286, -0.004211354535073042, -0.9999893307685852, 1.5202083587646484], [0.9999929070472717, 0.003241168102249503, -0.00191265600733459, -1.51971435546875], [0.0, 0.0, 0.0, 1.0]], [[-0.8339747786521912, -0.551706850528717, -0.010271959006786346, 0.91845703125], [0.003962615039199591, 0.012626885436475277, -0.999912440776825, 1.504180908203125], [0.5517882108688354, -0.8339425325393677, -0.008344301953911781, -1.1728515625], [0.0, 0.0, 0.0, 1.0]], [[0.9477911591529846, 0.31882596015930176, 0.006471963133662939, -1.131103515625], [0.013157086446881294, -0.018818769603967667, -0.9997363090515137, 1.5887069702148438], [-0.31862011551856995, 0.9476264715194702, -0.022031083703041077, -0.1075439453125], [0.0, 0.0, 0.0, 1.0]], [[0.0033088575582951307, 0.9999586939811707, -0.008471662178635597, 0.0030517578125], [-0.012411280535161495, -0.008429990150034428, -0.9998874664306641, 1.5786399841308594], [-0.9999175071716309, 0.0034136339090764523, 0.012382874265313148, -0.0559539794921875], [0.0, 0.0, 0.0, 1.0]], [[-0.9341809749603271, 0.35643497109413147, -0.01613008789718151, 1.040283203125], [0.020029766485095024, 0.007252364885061979, -0.9997730851173401, 1.5535011291503906], [-0.35623711347579956, -0.9342920184135437, -0.01391433086246252, -0.099853515625], [0.0, 0.0, 0.0, 1.0]]], "view": [[0.0, -2.0, 100.0], [-2.0, 0.0, 100.0], [0.0, 0.0, 1.0]], "bev": "bev_853ebce6d51e459b804d1da200bae728.png", "aux": "aux_853ebce6d51e459b804d1da200bae728.npz", "visibility": "visibility_853ebce6d51e459b804d1da200bae728.png", "pose": [[0.8963316679000854, 0.44338423013687134, 0.0, 791.1472778320312], [-0.44338423013687134, 0.8963316679000854, 0.0, 1768.274658203125], [0.0, 0.0, 1.0, 0.0], [0.0, 0.0, 0.0, 1.0]], "pose_inverse": [[0.8963316679000854, -0.44338423013687134, 0.0, 74.89476776123047], [0.44338423013687134, 0.8963316679000854, 0.0, -1935.7427978515625], [0.0, 0.0, 1.0, 0.0], [0.0, 0.0, 0.0, 1.0]], "cam_ids": [0, 1, 2, 3, 4, 5], "cam_channels": ["CAM_FRONT_LEFT", "CAM_FRONT", "CAM_FRONT_RIGHT", "CAM_BACK_LEFT", "CAM_BACK", "CAM_BACK_RIGHT"], "token": "853ebce6d51e459b804d1da200bae728", "scene": "scene-0026"}, {"images": ["samples/CAM_FRONT_LEFT/n015-2018-07-18-11-50-34+0800__CAM_FRONT_LEFT__1531886092654844.jpg", "samples/CAM_FRONT/n015-2018-07-18-11-50-34+0800__CAM_FRONT__1531886092662460.jpg", "samples/CAM_FRONT_RIGHT/n015-2018-07-18-11-50-34+0800__CAM_FRONT_RIGHT__1531886092670339.jpg", "samples/CAM_BACK_LEFT/n015-2018-07-18-11-50-34+0800__CAM_BACK_LEFT__1531886092697423.jpg", "samples/CAM_BACK/n015-2018-07-18-11-50-34+0800__CAM_BACK__1531886092687525.jpg", "samples/CAM_BACK_RIGHT/n015-2018-07-18-11-50-34+0800__CAM_BACK_RIGHT__1531886092677893.jpg"], "intrinsics": [[[1272.5979470598488, 0.0, 826.6154927353808], [0.0, 1272.5979470598488, 479.75165386361925], [0.0, 0.0, 1.0]], [[1266.417203046554, 0.0, 816.2670197447984], [0.0, 1266.417203046554, 491.50706579294757], [0.0, 0.0, 1.0]], [[1260.8474446004698, 0.0, 807.968244525554], [0.0, 1260.8474446004698, 495.3344268742088], [0.0, 0.0, 1.0]], [[1256.7414812095406, 0.0, 792.1125740759628], [0.0, 1256.7414812095406, 492.7757465151356], [0.0, 0.0, 1.0]], [[809.2209905677063, 0.0, 829.2196003259838], [0.0, 809.2209905677063, 481.77842384512485], [0.0, 0.0, 1.0]], [[1259.5137405846733, 0.0, 807.2529053838625], [0.0, 1259.5137405846733, 501.19579884916527], [0.0, 0.0, 1.0]]], "extrinsics": [[[0.8186665177345276, -0.5742658972740173, 0.001949900295585394, -0.7965087890625], [0.003747181035578251, 0.0019465000368654728, -0.9999910593032837, 1.5090105533599854], [0.5742570757865906, 0.8186664581298828, 0.0037454126868396997, -1.1644287109375], [0.0, 0.0, 0.0, 1.0]], [[0.002672343049198389, -0.9999934434890747, 0.002440006472170353, 0.0067138671875], [-0.0018083166796714067, -0.0024448439944535494, -0.9999954104423523, 1.5202298164367676], [0.9999948143959045, 0.0026679181028157473, -0.0018148386152461171, -1.5229744911193848], [0.0, 0.0, 0.0, 1.0]], [[-0.8341977000236511, -0.5513565540313721, -0.010966017842292786, 0.9219970703125], [0.00364348734728992, 0.014374407939612865, -0.9998900294303894, 1.5041122436523438], [0.5514535307884216, -0.8341459035873413, -0.009982235729694366, -1.17431640625], [0.0, 0.0, 0.0, 1.0]], [[0.9478434324264526, 0.3186880052089691, 0.005546127445995808, -1.13623046875], [0.011622392572462559, -0.017168115824460983, -0.9997850656509399, 1.5886268615722656], [-0.3185242712497711, 0.9477041363716125, -0.019976602867245674, -0.1058349609375], [0.0, 0.0, 0.0, 1.0]], [[0.0034645681735128164, 0.9999707937240601, -0.006816942244768143, 0.0025634765625], [-0.013546396046876907, -0.006769426167011261, -0.9998853206634521, 1.5786447525024414], [-0.9999022483825684, 0.0035564927384257317, 0.01352254580706358, -0.05104351043701172], [0.0, 0.0, 0.0, 1.0]], [[-0.9341109991073608, 0.3566730320453644, -0.014861451461911201, 1.044189453125], [0.019329730421304703, 0.008966299705207348, -0.9997729659080505, 1.5533380508422852], [-0.35645878314971924, -0.9341862201690674, -0.015269916504621506, -0.0977783203125], [0.0, 0.0, 0.0, 1.0]]], "view": [[0.0, -2.0, 100.0], [-2.0, 0.0, 100.0], [0.0, 0.0, 1.0]], "bev": "bev_8a9da278a46c4cb8a34df981a174f95b.png", "aux": "aux_8a9da278a46c4cb8a34df981a174f95b.npz", "visibility": "visibility_8a9da278a46c4cb8a34df981a174f95b.png", "pose": [[0.9128945469856262, 0.40819549560546875, 0.0, 793.2319946289062], [-0.40819549560546875, 0.9128945469856262, 0.0, 1767.279296875], [0.0, 0.0, 1.0, 0.0], [0.0, 0.0, 0.0, 1.0]], "pose_inverse": [[0.9128945469856262, -0.40819549560546875, 0.0, -2.7416768074035645], [0.40819549560546875, 0.9128945469856262, 0.0, -1937.13330078125], [0.0, 0.0, 1.0, 0.0], [0.0, 0.0, 0.0, 1.0]], "cam_ids": [0, 1, 2, 3, 4, 5], "cam_channels": ["CAM_FRONT_LEFT", "CAM_FRONT", "CAM_FRONT_RIGHT", "CAM_BACK_LEFT", "CAM_BACK", "CAM_BACK_RIGHT"], "token": "8a9da278a46c4cb8a34df981a174f95b", "scene": "scene-0026"}, {"images": ["samples/CAM_FRONT_LEFT/n015-2018-07-18-11-50-34+0800__CAM_FRONT_LEFT__1531886093154844.jpg", "samples/CAM_FRONT/n015-2018-07-18-11-50-34+0800__CAM_FRONT__1531886093162460.jpg", "samples/CAM_FRONT_RIGHT/n015-2018-07-18-11-50-34+0800__CAM_FRONT_RIGHT__1531886093170339.jpg", "samples/CAM_BACK_LEFT/n015-2018-07-18-11-50-34+0800__CAM_BACK_LEFT__1531886093197423.jpg", "samples/CAM_BACK/n015-2018-07-18-11-50-34+0800__CAM_BACK__1531886093187525.jpg", "samples/CAM_BACK_RIGHT/n015-2018-07-18-11-50-34+0800__CAM_BACK_RIGHT__1531886093177900.jpg"], "intrinsics": [[[1272.5979470598488, 0.0, 826.6154927353808], [0.0, 1272.5979470598488, 479.75165386361925], [0.0, 0.0, 1.0]], [[1266.417203046554, 0.0, 816.2670197447984], [0.0, 1266.417203046554, 491.50706579294757], [0.0, 0.0, 1.0]], [[1260.8474446004698, 0.0, 807.968244525554], [0.0, 1260.8474446004698, 495.3344268742088], [0.0, 0.0, 1.0]], [[1256.7414812095406, 0.0, 792.1125740759628], [0.0, 1256.7414812095406, 492.7757465151356], [0.0, 0.0, 1.0]], [[809.2209905677063, 0.0, 829.2196003259838], [0.0, 809.2209905677063, 481.77842384512485], [0.0, 0.0, 1.0]], [[1259.5137405846733, 0.0, 807.2529053838625], [0.0, 1259.5137405846733, 501.19579884916527], [0.0, 0.0, 1.0]]], "extrinsics": [[[0.8186891674995422, -0.5742329359054565, 0.0021217234898358583, -0.787841796875], [0.0031718513928353786, 0.0008272744016721845, -0.9999946355819702, 1.5089277029037476], [0.5742281675338745, 0.8186914920806885, 0.002498662332072854, -1.1588134765625], [0.0, 0.0, 0.0, 1.0]], [[0.0027345737908035517, -0.9999905228614807, 0.0033669897820800543, 0.00732421875], [-0.0022057683672755957, -0.003373025916516781, -0.9999918937683105, 1.5201473236083984], [0.9999937415122986, 0.0027271274011582136, -0.002214971696957946, -1.5145111083984375], [0.0, 0.0, 0.0, 1.0]], [[-0.8341534733772278, -0.5514342784881592, -0.010394265875220299, 0.9166259765625], [0.0033982964232563972, 0.013707033358514309, -0.9999002814292908, 1.504098892211914], [0.5515217185020447, -0.8341057300567627, -0.009559833444654942, -1.170654296875], [0.0, 0.0, 0.0, 1.0]], [[0.9477270841598511, 0.3190259039402008, 0.0059861838817596436, -1.1328125], [0.01197423879057169, -0.016811804845929146, -0.9997869729995728, 1.5886821746826172], [-0.3188573122024536, 0.9475968480110168, -0.019753096625208855, -0.1072998046875], [0.0, 0.0, 0.0, 1.0]], [[0.0032439047936350107, 0.9999715685844421, -0.006810406222939491, 0.00244140625], [-0.013424528762698174, -0.006766280625015497, -0.9998869895935059, 1.578597068786621], [-0.9999045729637146, 0.003334983717650175, 0.013402197510004044, -0.05507659912109375], [0.0, 0.0, 0.0, 1.0]], [[-0.9341510534286499, 0.3565666079521179, -0.014899170957505703, 1.039794921875], [0.01922401785850525, 0.008588210679590702, -0.9997783303260803, 1.5534210205078125], [-0.3563596308231354, -0.9342304468154907, -0.01487733144313097, -0.0994873046875], [0.0, 0.0, 0.0, 1.0]]], "view": [[0.0, -2.0, 100.0], [-2.0, 0.0, 100.0], [0.0, 0.0, 1.0]], "bev": "bev_c02c429b35624ec0903c63daf01d2491.png", "aux": "aux_c02c429b35624ec0903c63daf01d2491.npz", "visibility": "visibility_c02c429b35624ec0903c63daf01d2491.png", "pose": [[0.9286690950393677, 0.3709092438220978, 0.0, 795.448486328125], [-0.3709092438220978, 0.9286690950393677, 0.0, 1766.3221435546875], [0.0, 0.0, 1.0, 0.0], [0.0, 0.0, 0.0, 1.0]], "pose_inverse": [[0.9286690950393677, -0.3709092438220978, 0.0, -83.56326293945312], [0.3709092438220978, 0.9286690950393677, 0.0, -1935.3680419921875], [0.0, 0.0, 1.0, 0.0], [0.0, 0.0, 0.0, 1.0]], "cam_ids": [0, 1, 2, 3, 4, 5], "cam_channels": ["CAM_FRONT_LEFT", "CAM_FRONT", "CAM_FRONT_RIGHT", "CAM_BACK_LEFT", "CAM_BACK", "CAM_BACK_RIGHT"], "token": "c02c429b35624ec0903c63daf01d2491", "scene": "scene-0026"}, {"images": ["samples/CAM_FRONT_LEFT/n015-2018-07-18-11-50-34+0800__CAM_FRONT_LEFT__1531886093654844.jpg", "samples/CAM_FRONT/n015-2018-07-18-11-50-34+0800__CAM_FRONT__1531886093662460.jpg", "samples/CAM_FRONT_RIGHT/n015-2018-07-18-11-50-34+0800__CAM_FRONT_RIGHT__1531886093670345.jpg", "samples/CAM_BACK_LEFT/n015-2018-07-18-11-50-34+0800__CAM_BACK_LEFT__1531886093697423.jpg", "samples/CAM_BACK/n015-2018-07-18-11-50-34+0800__CAM_BACK__1531886093687525.jpg", "samples/CAM_BACK_RIGHT/n015-2018-07-18-11-50-34+0800__CAM_BACK_RIGHT__1531886093677893.jpg"], "intrinsics": [[[1272.5979470598488, 0.0, 826.6154927353808], [0.0, 1272.5979470598488, 479.75165386361925], [0.0, 0.0, 1.0]], [[1266.417203046554, 0.0, 816.2670197447984], [0.0, 1266.417203046554, 491.50706579294757], [0.0, 0.0, 1.0]], [[1260.8474446004698, 0.0, 807.968244525554], [0.0, 1260.8474446004698, 495.3344268742088], [0.0, 0.0, 1.0]], [[1256.7414812095406, 0.0, 792.1125740759628], [0.0, 1256.7414812095406, 492.7757465151356], [0.0, 0.0, 1.0]], [[809.2209905677063, 0.0, 829.2196003259838], [0.0, 809.2209905677063, 481.77842384512485], [0.0, 0.0, 1.0]], [[1259.5137405846733, 0.0, 807.2529053838625], [0.0, 1259.5137405846733, 501.19579884916527], [0.0, 0.0, 1.0]]], "extrinsics": [[[0.8189703822135925, -0.5738268494606018, 0.00320225628092885, -0.78192138671875], [0.004076286219060421, 0.00023722810146864504, -0.9999916553497314, 1.509152889251709], [0.5738213062286377, 0.818976640701294, 0.0025333650410175323, -1.154541015625], [0.0, 0.0, 0.0, 1.0]], [[0.0031117515172809362, -0.9999867677688599, 0.004098449368029833, 0.00732421875], [-0.0011700582690536976, -0.00410210806876421, -0.9999908804893494, 1.52032470703125], [0.9999945163726807, 0.0031069405376911163, -0.001182807027362287, -1.508575439453125], [0.0, 0.0, 0.0, 1.0]], [[-0.8339931964874268, -0.5516676306724548, -0.010874430648982525, 0.9129638671875], [0.00455110240727663, 0.01282989140599966, -0.9999073147773743, 1.5042839050292969], [0.551755964756012, -0.8339653611183167, -0.00818934477865696, -1.16796875], [0.0, 0.0, 0.0, 1.0]], [[0.9477705359458923, 0.31887760758399963, 0.006936830934137106, -1.1348876953125], [0.013460918329656124, -0.018260346725583076, -0.9997426271438599, 1.5886611938476562], [-0.3186688721179962, 0.9476199746131897, -0.021599002182483673, -0.1064453125], [0.0, 0.0, 0.0, 1.0]], [[0.003252528142184019, 0.9999623894691467, -0.008051147684454918, 0.00244140625], [-0.012060224078595638, -0.008011378347873688, -0.9998951554298401, 1.5786685943603516], [-0.999921977519989, 0.00334929465316236, 0.01203371211886406, -0.0556640625], [0.0, 0.0, 0.0, 1.0]], [[-0.9341880679130554, 0.356401652097702, -0.01644693873822689, 1.036865234375], [0.020484324544668198, 0.007556622382253408, -0.9997615814208984, 1.5536136627197266], [-0.35619232058525085, -0.9343023300170898, -0.014359953813254833, -0.1004638671875], [0.0, 0.0, 0.0, 1.0]]], "view": [[0.0, -2.0, 100.0], [-2.0, 0.0, 100.0], [0.0, 0.0, 1.0]], "bev": "bev_ebf1f37446f949a29491fc675218479a.png", "aux": "aux_ebf1f37446f949a29491fc675218479a.npz", "visibility": "visibility_ebf1f37446f949a29491fc675218479a.png", "pose": [[0.9429920315742493, 0.33281534910202026, 0.0, 797.7796020507812], [-0.33281534910202026, 0.9429920315742493, 0.0, 1765.4317626953125], [0.0, 0.0, 1.0, 0.0], [0.0, 0.0, 0.0, 1.0]], "pose_inverse": [[0.9429920315742493, -0.33281534910202026, 0.0, -164.7370147705078], [0.33281534910202026, 0.9429920315742493, 0.0, -1930.3013916015625], [0.0, 0.0, 1.0, 0.0], [0.0, 0.0, 0.0, 1.0]], "cam_ids": [0, 1, 2, 3, 4, 5], "cam_channels": ["CAM_FRONT_LEFT", "CAM_FRONT", "CAM_FRONT_RIGHT", "CAM_BACK_LEFT", "CAM_BACK", "CAM_BACK_RIGHT"], "token": "ebf1f37446f949a29491fc675218479a", "scene": "scene-0026"}, {"images": ["samples/CAM_FRONT_LEFT/n015-2018-07-18-11-50-34+0800__CAM_FRONT_LEFT__1531886094154844.jpg", "samples/CAM_FRONT/n015-2018-07-18-11-50-34+0800__CAM_FRONT__1531886094162599.jpg", "samples/CAM_FRONT_RIGHT/n015-2018-07-18-11-50-34+0800__CAM_FRONT_RIGHT__1531886094170339.jpg", "samples/CAM_BACK_LEFT/n015-2018-07-18-11-50-34+0800__CAM_BACK_LEFT__1531886094197423.jpg", "samples/CAM_BACK/n015-2018-07-18-11-50-34+0800__CAM_BACK__1531886094187525.jpg", "samples/CAM_BACK_RIGHT/n015-2018-07-18-11-50-34+0800__CAM_BACK_RIGHT__1531886094177893.jpg"], "intrinsics": [[[1272.5979470598488, 0.0, 826.6154927353808], [0.0, 1272.5979470598488, 479.75165386361925], [0.0, 0.0, 1.0]], [[1266.417203046554, 0.0, 816.2670197447984], [0.0, 1266.417203046554, 491.50706579294757], [0.0, 0.0, 1.0]], [[1260.8474446004698, 0.0, 807.968244525554], [0.0, 1260.8474446004698, 495.3344268742088], [0.0, 0.0, 1.0]], [[1256.7414812095406, 0.0, 792.1125740759628], [0.0, 1256.7414812095406, 492.7757465151356], [0.0, 0.0, 1.0]], [[809.2209905677063, 0.0, 829.2196003259838], [0.0, 809.2209905677063, 481.77842384512485], [0.0, 0.0, 1.0]], [[1259.5137405846733, 0.0, 807.2529053838625], [0.0, 1259.5137405846733, 501.19579884916527], [0.0, 0.0, 1.0]]], "extrinsics": [[[0.8204969167709351, -0.5716378092765808, 0.0038788861129432917, -0.77593994140625], [0.003150800010189414, -0.0022630332969129086, -0.9999924898147583, 1.5089740753173828], [0.5716422200202942, 0.8205029368400574, -5.569513814407401e-05, -1.1513671875], [0.0, 0.0, 0.0, 1.0]], [[0.0053122579120099545, -0.999967098236084, 0.006123865023255348, 0.0078125], [-0.001963831717148423, -0.006134372670203447, -0.9999792575836182, 1.520172119140625], [0.9999839067459106, 0.005300119519233704, -0.0019963544327765703, -1.50335693359375], [0.0, 0.0, 0.0, 1.0]], [[-0.8330450057983398, -0.5531245470046997, -0.00944436527788639, 0.9088134765625], [0.003876919625326991, 0.011234448291361332, -0.9999293088912964, 1.5042076110839844], [0.5531916618347168, -0.8330227732658386, -0.007214379496872425, -1.1649169921875], [0.0, 0.0, 0.0, 1.0]], [[0.9477556943893433, 0.318930983543396, 0.006494597997516394, -1.13275146484375], [0.013190904632210732, -0.01884067989885807, -0.9997354745864868, 1.5886878967285156], [-0.31872421503067017, 0.9475906491279602, -0.022063350304961205, -0.1070556640625], [0.0, 0.0, 0.0, 1.0]], [[0.0025700973346829414, 0.9999571442604065, -0.00889656413346529, 0.00244140625], [-0.012396473437547684, -0.008864049799740314, -0.9998838901519775, 1.5786075592041016], [-0.9999198317527771, 0.0026801051571965218, 0.012373160570859909, -0.0589447021484375], [0.0, 0.0, 0.0, 1.0]], [[-0.9346523284912109, 0.3551833927631378, -0.016425704583525658, 1.03253173828125], [0.019983600825071335, 0.006350587587803602, -0.9997801184654236, 1.5536508560180664], [-0.3550010025501251, -0.9347751140594482, -0.013033435679972172, -0.101806640625], [0.0, 0.0, 0.0, 1.0]]], "view": [[0.0, -2.0, 100.0], [-2.0, 0.0, 100.0], [0.0, 0.0, 1.0]], "bev": "bev_55a79292e26c471e94d0c6cb9a3c6db6.png", "aux": "aux_55a79292e26c471e94d0c6cb9a3c6db6.npz", "visibility": "visibility_55a79292e26c471e94d0c6cb9a3c6db6.png", "pose": [[0.9491512179374695, 0.3148204982280731, 0.0, 800.23486328125], [-0.3148204982280731, 0.9491512179374695, 0.0, 1764.581787109375], [0.0, 0.0, 1.0, 0.0], [0.0, 0.0, 0.0, 1.0]], "pose_inverse": [[0.9491512179374695, -0.3148204982280731, 0.0, -204.01739501953125], [0.3148204982280731, 0.9491512179374695, 0.0, -1926.7852783203125], [0.0, 0.0, 1.0, 0.0], [0.0, 0.0, 0.0, 1.0]], "cam_ids": [0, 1, 2, 3, 4, 5], "cam_channels": ["CAM_FRONT_LEFT", "CAM_FRONT", "CAM_FRONT_RIGHT", "CAM_BACK_LEFT", "CAM_BACK", "CAM_BACK_RIGHT"], "token": "55a79292e26c471e94d0c6cb9a3c6db6", "scene": "scene-0026"}, {"images": ["samples/CAM_FRONT_LEFT/n015-2018-07-18-11-50-34+0800__CAM_FRONT_LEFT__1531886094654844.jpg", "samples/CAM_FRONT/n015-2018-07-18-11-50-34+0800__CAM_FRONT__1531886094662460.jpg", "samples/CAM_FRONT_RIGHT/n015-2018-07-18-11-50-34+0800__CAM_FRONT_RIGHT__1531886094670339.jpg", "samples/CAM_BACK_LEFT/n015-2018-07-18-11-50-34+0800__CAM_BACK_LEFT__1531886094697423.jpg", "samples/CAM_BACK/n015-2018-07-18-11-50-34+0800__CAM_BACK__1531886094687525.jpg", "samples/CAM_BACK_RIGHT/n015-2018-07-18-11-50-34+0800__CAM_BACK_RIGHT__1531886094677893.jpg"], "intrinsics": [[[1272.5979470598488, 0.0, 826.6154927353808], [0.0, 1272.5979470598488, 479.75165386361925], [0.0, 0.0, 1.0]], [[1266.417203046554, 0.0, 816.2670197447984], [0.0, 1266.417203046554, 491.50706579294757], [0.0, 0.0, 1.0]], [[1260.8474446004698, 0.0, 807.968244525554], [0.0, 1260.8474446004698, 495.3344268742088], [0.0, 0.0, 1.0]], [[1256.7414812095406, 0.0, 792.1125740759628], [0.0, 1256.7414812095406, 492.7757465151356], [0.0, 0.0, 1.0]], [[809.2209905677063, 0.0, 829.2196003259838], [0.0, 809.2209905677063, 481.77842384512485], [0.0, 0.0, 1.0]], [[1259.5137405846733, 0.0, 807.2529053838625], [0.0, 1259.5137405846733, 501.19579884916527], [0.0, 0.0, 1.0]]], "extrinsics": [[[0.8217687606811523, -0.5697872638702393, 0.006211528554558754, -0.76519775390625], [0.00312432530336082, -0.006395190022885799, -0.9999746680259705, 1.5090093612670898], [0.5698126554489136, 0.8217673301696777, -0.003475166391581297, -1.1424560546875], [0.0, 0.0, 0.0, 1.0]], [[0.007157984189689159, -0.9999198317527771, 0.01043989509344101, 0.007080078125], [-0.0023370187263935804, -0.01045686099678278, -0.9999426603317261, 1.5200672149658203], [0.9999715685844421, 0.007133208215236664, -0.002411681693047285, -1.491180419921875], [0.0, 0.0, 0.0, 1.0]], [[-0.8322561979293823, -0.5543550848960876, -0.006332437973469496, 0.90087890625], [0.003090384416282177, 0.006783144548535347, -0.9999722242355347, 1.504129409790039], [0.5543826222419739, -0.8322526216506958, -0.003932143561542034, -1.1607666015625], [0.0, 0.0, 0.0, 1.0]], [[0.9476984143257141, 0.3191496729850769, 0.003347249934449792, -1.13372802734375], [0.011361556127667427, -0.02325304225087166, -0.9996650218963623, 1.5886573791503906], [-0.3189648985862732, 0.9474189877510071, -0.02566291019320488, -0.1065673828125], [0.0, 0.0, 0.0, 1.0]], [[0.0019313484663143754, 0.9999073147773743, -0.01347526255