[{"images": ["samples/CAM_FRONT_LEFT/n008-2018-08-29-16-04-13-0400__CAM_FRONT_LEFT__1535574039904799.jpg", "samples/CAM_FRONT/n008-2018-08-29-16-04-13-0400__CAM_FRONT__1535574039912404.jpg", "samples/CAM_FRONT_RIGHT/n008-2018-08-29-16-04-13-0400__CAM_FRONT_RIGHT__1535574039920482.jpg", "samples/CAM_BACK_LEFT/n008-2018-08-29-16-04-13-0400__CAM_BACK_LEFT__1535574039947405.jpg", "samples/CAM_BACK/n008-2018-08-29-16-04-13-0400__CAM_BACK__1535574039937558.jpg", "samples/CAM_BACK_RIGHT/n008-2018-08-29-16-04-13-0400__CAM_BACK_RIGHT__1535574039928113.jpg"], "intrinsics": [[[1257.8625342125129, 0.0, 827.2410631095686], [0.0, 1257.8625342125129, 450.915498205774], [0.0, 0.0, 1.0]], [[1252.8131021185304, 0.0, 826.588114781398], [0.0, 1252.8131021185304, 469.9846626224581], [0.0, 0.0, 1.0]], [[1256.7485116440405, 0.0, 817.7887570959712], [0.0, 1256.7485116440403, 451.9541780095127], [0.0, 0.0, 1.0]], [[1254.9860565800168, 0.0, 829.5769333630991], [0.0, 1254.9860565800168, 467.1680561863987], [0.0, 0.0, 1.0]], [[796.8910634503094, 0.0, 857.7774326863696], [0.0, 796.8910634503094, 476.8848988407415], [0.0, 0.0, 1.0]], [[1249.9629280788233, 0.0, 825.3768045375984], [0.0, 1249.9629280788233, 462.54816385708756], [0.0, 0.0, 1.0]]], "extrinsics": [[[0.8223339319229126, -0.5686122179031372, 0.021146049723029137, -0.786102294921875], [0.035347387194633484, 0.01395780686289072, -0.9992775917053223, 1.4976387023925781], [0.5679062604904175, 0.8224873542785645, 0.03157693147659302, -1.184326171875], [0.0, 0.0, 0.0, 1.0]], [[0.010695504024624825, -0.9998988509178162, -0.009376855567097664, 0.00927734375], [0.03864746913313866, 0.009783744812011719, -0.9992049932479858, 1.4886474609375], [0.9991956949234009, 0.010324639268219471, 0.038748204708099365, -1.514892578125], [0.0, 0.0, 0.0, 1.0]], [[-0.8429928421974182, -0.5363491177558899, -0.04114284738898277, 0.9461669921875], [0.04809349402785301, 0.0010305754840373993, -0.9988422989845276, 1.5013542175292969], [0.5357705950737, -0.8439956307411194, 0.024926135316491127, -1.184326171875], [0.0, 0.0, 0.0, 1.0]], [[0.947364330291748, 0.31889623403549194, 0.028391988947987556, -1.1324462890625], [0.024504346773028374, 0.016197113320231438, -0.999568521976471, 1.5623397827148438], [-0.3192185163497925, 0.9476512670516968, 0.0075302221812307835, -0.1600341796875], [0.0, 0.0, 0.0, 1.0]], [[0.00866774097084999, 0.9999232888221741, 0.008851448073983192, -0.0289306640625], [0.025730911642313004, 0.008625821210443974, -0.9996316432952881, 1.5698738098144531], [-0.999631404876709, 0.008892265148460865, -0.025654172524809837, -0.0264892578125], [0.0, 0.0, 0.0, 1.0]], [[-0.923251211643219, 0.38280391693115234, -0.03268496319651604, 1.0431747436523438], [0.029540641233325005, -0.014090826734900475, -0.999464213848114, 1.5515708923339844], [-0.38305938243865967, -0.9237221479415894, 0.00170110072940588, -0.0914306640625], [0.0, 0.0, 0.0, 1.0]]], "view": [[0.0, -2.0, 100.0], [-2.0, 0.0, 100.0], [0.0, 0.0, 1.0]], "bev": "bev_df5061041ab14bf6b0386b1359e52d22.png", "aux": "aux_df5061041ab14bf6b0386b1359e52d22.npz", "visibility": "visibility_df5061041ab14bf6b0386b1359e52d22.png", "pose": [[0.876836359500885, 0.4807889759540558, 0.0, 1432.8929443359375], [-0.4807889759540558, 0.876836359500885, 0.0, 1247.0421142578125], [0.0, 0.0, 1.0, 0.0], [0.0, 0.0, 0.0, 1.0]], "pose_inverse": [[0.876836359500885, -0.4807889759540558, 0.0, -656.8485107421875], [0.4807889759540558, 0.876836359500885, 0.0, -1782.3709716796875], [0.0, 0.0, 1.0, 0.0], [0.0, 0.0, 0.0, 1.0]], "cam_ids": [0, 1, 2, 3, 4, 5], "cam_channels": ["CAM_FRONT_LEFT", "CAM_FRONT", "CAM_FRONT_RIGHT", "CAM_BACK_LEFT", "CAM_BACK", "CAM_BACK_RIGHT"], "token": "df5061041ab14bf6b0386b1359e52d22", "scene": "scene-0735"}, {"images": ["samples/CAM_FRONT_LEFT/n008-2018-08-29-16-04-13-0400__CAM_FRONT_LEFT__1535574040404799.jpg", "samples/CAM_FRONT/n008-2018-08-29-16-04-13-0400__CAM_FRONT__1535574040412404.jpg", "samples/CAM_FRONT_RIGHT/n008-2018-08-29-16-04-13-0400__CAM_FRONT_RIGHT__1535574040420482.jpg", "samples/CAM_BACK_LEFT/n008-2018-08-29-16-04-13-0400__CAM_BACK_LEFT__1535574040447405.jpg", "samples/CAM_BACK/n008-2018-08-29-16-04-13-0400__CAM_BACK__1535574040437558.jpg", "samples/CAM_BACK_RIGHT/n008-2018-08-29-16-04-13-0400__CAM_BACK_RIGHT__1535574040428113.jpg"], "intrinsics": [[[1257.8625342125129, 0.0, 827.2410631095686], [0.0, 1257.8625342125129, 450.915498205774], [0.0, 0.0, 1.0]], [[1252.8131021185304, 0.0, 826.588114781398], [0.0, 1252.8131021185304, 469.9846626224581], [0.0, 0.0, 1.0]], [[1256.7485116440405, 0.0, 817.7887570959712], [0.0, 1256.7485116440403, 451.9541780095127], [0.0, 0.0, 1.0]], [[1254.9860565800168, 0.0, 829.5769333630991], [0.0, 1254.9860565800168, 467.1680561863987], [0.0, 0.0, 1.0]], [[796.8910634503094, 0.0, 857.7774326863696], [0.0, 796.8910634503094, 476.8848988407415], [0.0, 0.0, 1.0]], [[1249.9629280788233, 0.0, 825.3768045375984], [0.0, 1249.9629280788233, 462.54816385708756], [0.0, 0.0, 1.0]]], "extrinsics": [[[0.8225576281547546, -0.5686014294624329, 0.009566203691065311, -0.774627685546875], [0.019962677732110023, 0.012059149332344532, -0.9997279644012451, 1.4938468933105469], [0.5683314204216003, 0.8225247859954834, 0.0212701503187418, -1.176025390625], [0.0, 0.0, 0.0, 1.0]], [[0.010395827703177929, -0.9999176859855652, -0.007517261430621147, 0.0089111328125], [0.0221087746322155, 0.007745674345642328, -0.9997255802154541, 1.4852676391601562], [0.9997014403343201, 0.010226781480014324, 0.022187476977705956, -1.5035400390625], [0.0, 0.0, 0.0, 1.0]], [[-0.8437449336051941, -0.536162793636322, -0.02498217672109604, 0.938720703125], [0.030330687761306763, -0.0011576620163396, -0.9995392560958862, 1.4985427856445312], [0.5358867645263672, -0.8441138863563538, 0.017238955944776535, -1.1802978515625], [0.0, 0.0, 0.0, 1.0]], [[0.9478147029876709, 0.31868457794189453, 0.009363438934087753, -1.135498046875], [0.005364720243960619, 0.013422993011772633, -0.9998955130577087, 1.5620918273925781], [-0.318776935338974, 0.9477657675743103, 0.011012854054570198, -0.158935546875], [0.0, 0.0, 0.0, 1.0]], [[0.009102263487875462, 0.9999396204948425, 0.006156477611511946, -0.0284423828125], [0.0073903813026845455, 0.006089293863624334, -0.999954104423523, 1.5685863494873047], [-0.9999313354492188, 0.009147264994680882, -0.007334509864449501, -0.02740478515625], [0.0, 0.0, 0.0, 1.0]], [[-0.9235782027244568, 0.38303977251052856, -0.016848139464855194, 1.0387420654296875], [0.011433230713009834, -0.01640896685421467, -0.9997999668121338, 1.549325942993164], [-0.3832395374774933, -0.9235860705375671, 0.010775581933557987, -0.09375], [0.0, 0.0, 0.0, 1.0]]], "view": [[0.0, -2.0, 100.0], [-2.0, 0.0, 100.0], [0.0, 0.0, 1.0]], "bev": "bev_0faff17f40e0471ca64369f74595e0c3.png", "aux": "aux_0faff17f40e0471ca64369f74595e0c3.npz", "visibility": "visibility_0faff17f40e0471ca64369f74595e0c3.png", "pose": [[0.8777986764907837, 0.47902974486351013, 0.0, 1435.5682373046875], [-0.47902974486351013, 0.8777986764907837, 0.0, 1245.5587158203125], [0.0, 0.0, 1.0, 0.0], [0.0, 0.0, 0.0, 1.0]], "pose_inverse": [[0.8777986764907837, -0.47902974486351013, 0.0, -663.480224609375], [0.47902974486351013, 0.8777986764907837, 0.0, -1781.0296630859375], [0.0, 0.0, 1.0, 0.0], [0.0, 0.0, 0.0, 1.0]], "cam_ids": [0, 1, 2, 3, 4, 5], "cam_channels": ["CAM_FRONT_LEFT", "CAM_FRONT", "CAM_FRONT_RIGHT", "CAM_BACK_LEFT", "CAM_BACK", "CAM_BACK_RIGHT"], "token": "0faff17f40e0471ca64369f74595e0c3", "scene": "scene-0735"}, {"images": ["samples/CAM_FRONT_LEFT/n008-2018-08-29-16-04-13-0400__CAM_FRONT_LEFT__1535574041004799.jpg", "samples/CAM_FRONT/n008-2018-08-29-16-04-13-0400__CAM_FRONT__1535574041012404.jpg", "samples/CAM_FRONT_RIGHT/n008-2018-08-29-16-04-13-0400__CAM_FRONT_RIGHT__1535574041020482.jpg", "samples/CAM_BACK_LEFT/n008-2018-08-29-16-04-13-0400__CAM_BACK_LEFT__1535574041047405.jpg", "samples/CAM_BACK/n008-2018-08-29-16-04-13-0400__CAM_BACK__1535574041037558.jpg", "samples/CAM_BACK_RIGHT/n008-2018-08-29-16-04-13-0400__CAM_BACK_RIGHT__1535574041028113.jpg"], "intrinsics": [[[1257.8625342125129, 0.0, 827.2410631095686], [0.0, 1257.8625342125129, 450.915498205774], [0.0, 0.0, 1.0]], [[1252.8131021185304, 0.0, 826.588114781398], [0.0, 1252.8131021185304, 469.9846626224581], [0.0, 0.0, 1.0]], [[1256.7485116440405, 0.0, 817.7887570959712], [0.0, 1256.7485116440403, 451.9541780095127], [0.0, 0.0, 1.0]], [[1254.9860565800168, 0.0, 829.5769333630991], [0.0, 1254.9860565800168, 467.1680561863987], [0.0, 0.0, 1.0]], [[796.8910634503094, 0.0, 857.7774326863696], [0.0, 796.8910634503094, 476.8848988407415], [0.0, 0.0, 1.0]], [[1249.9629280788233, 0.0, 825.3768045375984], [0.0, 1249.9629280788233, 462.54816385708756], [0.0, 0.0, 1.0]]], "extrinsics": [[[0.8228391408920288, -0.5682631134986877, 0.003582165576517582, -0.747589111328125], [0.011954435147345066, 0.01100702304393053, -0.9998679161071777, 1.491973876953125], [0.5681486129760742, 0.822773277759552, 0.01585027202963829, -1.15966796875], [0.0, 0.0, 0.0, 1.0]], [[0.010738149285316467, -0.9999189376831055, -0.006836846936494112, 0.0108642578125], [0.014004793018102646, 0.006986961700022221, -0.9998775124549866, 1.4837512969970703], [0.9998441934585571, 0.010641082189977169, 0.014078686013817787, -1.4774169921875], [0.0, 0.0, 0.0, 1.0]], [[-0.8437068462371826, -0.5365084409713745, -0.017816204577684402, 0.9219970703125], [0.02212926559150219, -0.001600712421350181, -0.9997537732124329, 1.4975261688232422], [0.5363478660583496, -0.8438934087753296, 0.013223070651292801, -1.16796875], [0.0, 0.0, 0.0, 1.0]], [[0.9478389620780945, 0.3187449872493744, 0.0017207376658916473, -1.1317138671875], [-0.0028519886545836926, 0.013878775760531425, -0.9998996257781982, 1.5619983673095703], [-0.31873688101768494, 0.9477388262748718, 0.014063902199268341, -0.1610107421875], [0.0, 0.0, 0.0, 1.0]], [[0.009022744372487068, 0.9999396204948425, 0.0062776547856628895, -0.0289306640625], [-0.0008858496439643204, 0.006285902112722397, -0.9999797940254211, 1.567983627319336], [-0.9999589323997498, 0.009017016738653183, 0.0009425116586498916, -0.03765869140625], [0.0, 0.0, 0.0, 1.0]], [[-0.9237975478172302, 0.38276880979537964, -0.009269475005567074, 1.02349853515625], [0.0031743624713271856, -0.016552262008190155, -0.9998579621315002, 1.5483055114746094], [-0.38286787271499634, -0.9236958026885986, 0.01407589390873909, -0.0986328125], [0.0, 0.0, 0.0, 1.0]]], "view": [[0.0, -2.0, 100.0], [-2.0, 0.0, 100.0], [0.0, 0.0, 1.0]], "bev": "bev_556ab652a56e4094931ad33de3d58da6.png", "aux": "aux_556ab652a56e4094931ad33de3d58da6.npz", "visibility": "visibility_556ab652a56e4094931ad33de3d58da6.png", "pose": [[0.875347375869751, 0.48349452018737793, 0.0, 1439.0643310546875], [-0.48349452018737793, 0.875347375869751, 0.0, 1243.587646484375], [0.0, 0.0, 1.0, 0.0], [0.0, 0.0, 0.0, 1.0]], "pose_inverse": [[0.875347375869751, -0.48349452018737793, 0.0, -658.4133911132812], [0.48349452018737793, 0.875347375869751, 0.0, -1784.3509521484375], [0.0, 0.0, 1.0, 0.0], [0.0, 0.0, 0.0, 1.0]], "cam_ids": [0, 1, 2, 3, 4, 5], "cam_channels": ["CAM_FRONT_LEFT", "CAM_FRONT", "CAM_FRONT_RIGHT", "CAM_BACK_LEFT", "CAM_BACK", "CAM_BACK_RIGHT"], "token": "556ab652a56e4094931ad33de3d58da6", "scene": "scene-0735"}, {"images": ["samples/CAM_FRONT_LEFT/n008-2018-08-29-16-04-13-0400__CAM_FRONT_LEFT__1535574041504799.jpg", "samples/CAM_FRONT/n008-2018-08-29-16-04-13-0400__CAM_FRONT__1535574041512404.jpg", "samples/CAM_FRONT_RIGHT/n008-2018-08-29-16-04-13-0400__CAM_FRONT_RIGHT__1535574041520482.jpg", "samples/CAM_BACK_LEFT/n008-2018-08-29-16-04-13-0400__CAM_BACK_LEFT__1535574041547405.jpg", "samples/CAM_BACK/n008-2018-08-29-16-04-13-0400__CAM_BACK__1535574041537558.jpg", "samples/CAM_BACK_RIGHT/n008-2018-08-29-16-04-13-0400__CAM_BACK_RIGHT__1535574041528113.jpg"], "intrinsics": [[[1257.8625342125129, 0.0, 827.2410631095686], [0.0, 1257.8625342125129, 450.915498205774], [0.0, 0.0, 1.0]], [[1252.8131021185304, 0.0, 826.588114781398], [0.0, 1252.8131021185304, 469.9846626224581], [0.0, 0.0, 1.0]], [[1256.7485116440405, 0.0, 817.7887570959712], [0.0, 1256.7485116440403, 451.9541780095127], [0.0, 0.0, 1.0]], [[1254.9860565800168, 0.0, 829.5769333630991], [0.0, 1254.9860565800168, 467.1680561863987], [0.0, 0.0, 1.0]], [[796.8910634503094, 0.0, 857.7774326863696], [0.0, 796.8910634503094, 476.8848988407415], [0.0, 0.0, 1.0]], [[1249.9629280788233, 0.0, 825.3768045375984], [0.0, 1249.9629280788233, 462.54816385708756], [0.0, 0.0, 1.0]]], "extrinsics": [[[0.8225611448287964, -0.5686577558517456, 0.004653474316000938, -0.73883056640625], [0.011974670924246311, 0.009138982743024826, -0.9998865127563477, 1.4921398162841797], [0.5685506463050842, 0.8225235342979431, 0.014326859265565872, -1.151611328125], [0.0, 0.0, 0.0, 1.0]], [[0.010280142538249493, -0.9999353289604187, -0.004858291707932949, 0.009521484375], [0.013764589093625546, 0.0049995966255664825, -0.9998927712440491, 1.4838600158691406], [0.9998524188995361, 0.010212195105850697, 0.013815095648169518, -1.46563720703125], [0.0, 0.0, 0.0, 1.0]], [[-0.8439422249794006, -0.536188006401062, -0.016247501596808434, 0.9119873046875], [0.02160973660647869, -0.0037184201646596193, -0.9997595548629761, 1.4976606369018555], [0.5359987020492554, -0.8440904021263123, 0.014725013636052608, -1.1629638671875], [0.0, 0.0, 0.0, 1.0]], [[0.9478893280029297, 0.31859952211380005, -0.000509238860104233, -1.1314697265625], [-0.004417910240590572, 0.011545808985829353, -0.999923586845398, 1.5619888305664062], [-0.3185693025588989, 0.9478190541267395, 0.012351690791547298, -0.160400390625], [0.0, 0.0, 0.0, 1.0]], [[0.00922008790075779, 0.9999497532844543, 0.003929945640265942, -0.0283203125], [-0.0020382676739245653, 0.003948898520320654, -0.9999901056289673, 1.5678844451904297], [-0.999955415725708, 0.009212021715939045, 0.0020745752844959497, -0.041748046875], [0.0, 0.0, 0.0, 1.0]], [[-0.9236790537834167, 0.3830517530441284, -0.00939477700740099, 1.016082763671875], [0.002374444855377078, -0.01879606395959854, -0.9998205304145813, 1.548196792602539], [-0.38315966725349426, -0.9235356450080872, 0.016451995819807053, -0.10302734375], [0.0, 0.0, 0.0, 1.0]]], "view": [[0.0, -2.0, 100.0], [-2.0, 0.0, 100.0], [0.0, 0.0, 1.0]], "bev": "bev_7a8103dc468a4b89b7cb005700b0520e.png", "aux": "aux_7a8103dc468a4b89b7cb005700b0520e.npz", "visibility": "visibility_7a8103dc468a4b89b7cb005700b0520e.png", "pose": [[0.8749080896377563, 0.4842890202999115, 0.0, 1442.223876953125], [-0.4842890202999115, 0.8749080896377563, 0.0, 1241.8096923828125], [0.0, 0.0, 1.0, 0.0], [0.0, 0.0, 0.0, 1.0]], "pose_inverse": [[0.8749080896377563, -0.4842890202999115, 0.0, -660.4185180664062], [0.4842890202999115, 0.8749080896377563, 0.0, -1784.9224853515625], [0.0, 0.0, 1.0, 0.0], [0.0, 0.0, 0.0, 1.0]], "cam_ids": [0, 1, 2, 3, 4, 5], "cam_channels": ["CAM_FRONT_LEFT", "CAM_FRONT", "CAM_FRONT_RIGHT", "CAM_BACK_LEFT", "CAM_BACK", "CAM_BACK_RIGHT"], "token": "7a8103dc468a4b89b7cb005700b0520e", "scene": "scene-0735"}, {"images": ["samples/CAM_FRONT_LEFT/n008-2018-08-29-16-04-13-0400__CAM_FRONT_LEFT__1535574042004799.jpg", "samples/CAM_FRONT/n008-2018-08-29-16-04-13-0400__CAM_FRONT__1535574042012404.jpg", "samples/CAM_FRONT_RIGHT/n008-2018-08-29-16-04-13-0400__CAM_FRONT_RIGHT__1535574042020482.jpg", "samples/CAM_BACK_LEFT/n008-2018-08-29-16-04-13-0400__CAM_BACK_LEFT__1535574042047405.jpg", "samples/CAM_BACK/n008-2018-08-29-16-04-13-0400__CAM_BACK__1535574042037558.jpg", "samples/CAM_BACK_RIGHT/n008-2018-08-29-16-04-13-0400__CAM_BACK_RIGHT__1535574042028113.jpg"], "intrinsics": [[[1257.8625342125129, 0.0, 827.2410631095686], [0.0, 1257.8625342125129, 450.915498205774], [0.0, 0.0, 1.0]], [[1252.8131021185304, 0.0, 826.588114781398], [0.0, 1252.8131021185304, 469.9846626224581], [0.0, 0.0, 1.0]], [[1256.7485116440405, 0.0, 817.7887570959712], [0.0, 1256.7485116440403, 451.9541780095127], [0.0, 0.0, 1.0]], [[1254.9860565800168, 0.0, 829.5769333630991], [0.0, 1254.9860565800168, 467.1680561863987], [0.0, 0.0, 1.0]], [[796.8910634503094, 0.0, 857.7774326863696], [0.0, 796.8910634503094, 476.8848988407415], [0.0, 0.0, 1.0]], [[1249.9629280788233, 0.0, 825.3768045375984], [0.0, 1249.9629280788233, 462.54816385708756], [0.0, 0.0, 1.0]]], "extrinsics": [[[0.8223816752433777, -0.5689286589622498, 0.002914533019065857, -0.728424072265625], [0.00935252197086811, 0.008396552875638008, -0.9999209642410278, 1.491384506225586], [0.5688592195510864, 0.8223440051078796, 0.012226087972521782, -1.1466064453125], [0.0, 0.0, 0.0, 1.0]], [[0.010051152668893337, -0.9999412894248962, -0.004052841104567051, 0.01123046875], [0.011310056783258915, 0.004166470840573311, -0.9999274015426636, 1.4832887649536133], [0.9998854398727417, 0.010004574432969093, 0.011351270601153374, -1.4576416015625], [0.0, 0.0, 0.0, 1.0]], [[-0.8440278768539429, -0.5361209511756897, -0.013829521834850311, 0.908447265625], [0.01933419704437256, -0.004647857043892145, -0.9998022317886353, 1.4972825050354004], [0.5359507203102112, -0.8441283702850342, 0.01428838912397623, -1.1593017578125], [0.0, 0.0, 0.0, 1.0]], [[0.9478907585144043, 0.31858593225479126, -0.0025068470276892185, -1.1322021484375], [-0.006069151684641838, 0.010189469903707504, -0.999929666519165, 1.5619630813598633], [-0.31853798031806946, 0.9478392601013184, 0.011592051014304161, -0.1602783203125], [0.0, 0.0, 0.0, 1.0]], [[0.009266789071261883, 0.9999533891677856, 0.0027145734056830406, -0.02880859375], [-0.003977738320827484, 0.0027515306137502193, -0.9999882578849792, 1.5677107572555542], [-0.9999491572380066, 0.009255822747945786, 0.004003050737082958, -0.04327392578125], [0.0, 0.0, 0.0, 1.0]], [[-0.9236749410629272, 0.38309726119041443, -0.007814385928213596, 1.0128936767578125], [0.00023496583162341267, -0.019827386364340782, -0.999803364276886, 1.5478858947753906], [-0.38317689299583435, -0.9234951734542847, 0.018224045634269714, -0.103271484375], [0.0, 0.0, 0.0, 1.0]]], "view": [[0.0, -2.0, 100.0], [-2.0, 0.0, 100.0], [0.0, 0.0, 1.0]], "bev": "bev_6673b34a34f44eb08eaa37c82a342c70.png", "aux": "aux_6673b34a34f44eb08eaa37c82a342c70.npz", "visibility": "visibility_6673b34a34f44eb08eaa37c82a342c70.png", "pose": [[0.8741518259048462, 0.48565277457237244, 0.0, 1445.5247802734375], [-0.48565277457237244, 0.8741518259048462, 0.0, 1239.93310546875], [0.0, 0.0, 1.0, 0.0], [0.0, 0.0, 0.0, 1.0]], "pose_inverse": [[0.8741518259048462, -0.48565277457237244, 0.0, -661.43115234375], [0.48565277457237244, 0.8741518259048462, 0.0, -1785.912841796875], [0.0, 0.0, 1.0, 0.0], [0.0, 0.0, 0.0, 1.0]], "cam_ids": [0, 1, 2, 3, 4, 5], "cam_channels": ["CAM_FRONT_LEFT", "CAM_FRONT", "CAM_FRONT_RIGHT", "CAM_BACK_LEFT", "CAM_BACK", "CAM_BACK_RIGHT"], "token": "6673b34a34f44eb08eaa37c82a342c70", "scene": "scene-0735"}, {"images": ["samples/CAM_FRONT_LEFT/n008-2018-08-29-16-04-13-0400__CAM_FRONT_LEFT__1535574042504799.jpg", "samples/CAM_FRONT/n008-2018-08-29-16-04-13-0400__CAM_FRONT__1535574042512404.jpg", "samples/CAM_FRONT_RIGHT/n008-2018-08-29-16-04-13-0400__CAM_FRONT_RIGHT__1535574042520482.jpg", "samples/CAM_BACK_LEFT/n008-2018-08-29-16-04-13-0400__CAM_BACK_LEFT__1535574042547405.jpg", "samples/CAM_BACK/n008-2018-08-29-16-04-13-0400__CAM_BACK__1535574042537558.jpg", "samples/CAM_BACK_RIGHT/n008-2018-08-29-16-04-13-0400__CAM_BACK_RIGHT__1535574042528113.jpg"], "intrinsics": [[[1257.8625342125129, 0.0, 827.2410631095686], [0.0, 1257.8625342125129, 450.915498205774], [0.0, 0.0, 1.0]], [[1252.8131021185304, 0.0, 826.588114781398], [0.0, 1252.8131021185304, 469.9846626224581], [0.0, 0.0, 1.0]], [[1256.7485116440405, 0.0, 817.7887570959712], [0.0, 1256.7485116440403, 451.9541780095127], [0.0, 0.0, 1.0]], [[1254.9860565800168, 0.0, 829.5769333630991], [0.0, 1254.9860565800168, 467.1680561863987], [0.0, 0.0, 1.0]], [[796.8910634503094, 0.0, 857.7774326863696], [0.0, 796.8910634503094, 476.8848988407415], [0.0, 0.0, 1.0]], [[1249.9629280788233, 0.0, 825.3768045375984], [0.0, 1249.9629280788233, 462.54816385708756], [0.0, 0.0, 1.0]]], "extrinsics": [[[0.8227554559707642, -0.5683299899101257, 0.00862891972064972, -0.7164306640625], [0.016548503190279007, 0.008776535280048847, -0.999824583530426, 1.494049072265625], [0.568154513835907, 0.8227539658546448, 0.01662595197558403, -1.1373291015625], [0.0, 0.0, 0.0, 1.0]], [[0.010661675594747066, -0.9999341368675232, -0.004240019712597132, 0.0106201171875], [0.018595341593027115, 0.0044377949088811874, -0.9998172521591187, 1.4855384826660156], [0.9997701644897461, 0.010580893605947495, 0.018641430884599686, -1.4453125], [0.0, 0.0, 0.0, 1.0]], [[-0.8436768651008606, -0.5364735722541809, -0.02013619989156723, 0.9005126953125], [0.026713602244853973, -0.004490131512284279, -0.9996330142021179, 1.4991321563720703], [0.5361862182617188, -0.8439051508903503, 0.018119363114237785, -1.1546630859375], [0.0, 0.0, 0.0, 1.0]], [[0.9478480219841003, 0.31868523359298706, 0.004883045796304941, -1.1322021484375], [0.0015890165232121944, 0.010595463216304779, -0.9999426007270813, 1.5620613098144531], [-0.3187187612056732, 0.9478013515472412, 0.009536492638289928, -0.160400390625], [0.0, 0.0, 0.0, 1.0]], [[0.009036117233335972, 0.9999544024467468, 0.0030772131867706776, -0.0286865234375], [0.0035211301874369383, 0.003045502584427595, -0.9999890923500061, 1.56837797164917], [-0.9999529719352722, 0.009046823717653751, -0.0034934505820274353, -0.04632568359375], [0.0, 0.0, 0.0, 1.0]], [[-0.9237143397331238, 0.38280245661735535, -0.014629690907895565, 1.0068588256835938], [0.007677156012505293, -0.019683584570884705, -0.9997767806053162, 1.549112319946289], [-0.3830049932003021, -0.9236204624176025, 0.015243176370859146, -0.10595703125], [0.0, 0.0, 0.0, 1.0]]], "view": [[0.0, -2.0, 100.0], [-2.0, 0.0, 100.0], [0.0, 0.0, 1.0]], "bev": "bev_4ad1c8202f3f4026b132958d33e8dd9a.png", "aux": "aux_4ad1c8202f3f4026b132958d33e8dd9a.npz", "visibility": "visibility_4ad1c8202f3f4026b132958d33e8dd9a.png", "pose": [[0.8739694952964783, 0.485980749130249, 0.0, 1448.9066162109375], [-0.485980749130249, 0.8739694952964783, 0.0, 1238.014892578125], [0.0, 0.0, 1.0, 0.0], [0.0, 0.0, 0.0, 1.0]], "pose_inverse": [[0.8739694952964783, -0.485980749130249, 0.0, -664.6488037109375], [0.485980749130249, 0.8739694952964783, 0.0, -1786.1280517578125], [0.0, 0.0, 1.0, 0.0], [0.0, 0.0, 0.0, 1.0]], "cam_ids": [0, 1, 2, 3, 4, 5], "cam_channels": ["CAM_FRONT_LEFT", "CAM_FRONT", "CAM_FRONT_RIGHT", "CAM_BACK_LEFT", "CAM_BACK", "CAM_BACK_RIGHT"], "token": "4ad1c8202f3f4026b132958d33e8dd9a", "scene": "scene-0735"}, {"images": ["samples/CAM_FRONT_LEFT/n008-2018-08-29-16-04-13-0400__CAM_FRONT_LEFT__1535574043004799.jpg", "samples/CAM_FRONT/n008-2018-08-29-16-04-13-0400__CAM_FRONT__1535574043012404.jpg", "samples/CAM_FRONT_RIGHT/n008-2018-08-29-16-04-13-0400__CAM_FRONT_RIGHT__1535574043020482.jpg", "samples/CAM_BACK_LEFT/n008-2018-08-29-16-04-13-0400__CAM_BACK_LEFT__1535574043047405.jpg", "samples/CAM_BACK/n008-2018-08-29-16-04-13-0400__CAM_BACK__1535574043037558.jpg", "samples/CAM_BACK_RIGHT/n008-2018-08-29-16-04-13-0400__CAM_BACK_RIGHT__1535574043028113.jpg"], "intrinsics": [[[1257.8625342125129, 0.0, 827.2410631095686], [0.0, 1257.8625342125129, 450.915498205774], [0.0, 0.0, 1.0]], [[1252.8131021185304, 0.0, 826.588114781398], [0.0, 1252.8131021185304, 469.9846626224581], [0.0, 0.0, 1.0]], [[1256.7485116440405, 0.0, 817.7887570959712], [0.0, 1256.7485116440403, 451.9541780095127], [0.0, 0.0, 1.0]], [[1254.9860565800168, 0.0, 829.5769333630991], [0.0, 1254.9860565800168, 467.1680561863987], [0.0, 0.0, 1.0]], [[796.8910634503094, 0.0, 857.7774326863696], [0.0, 796.8910634503094, 476.8848988407415], [0.0, 0.0, 1.0]], [[1249.9629280788233, 0.0, 825.3768045375984], [0.0, 1249.9629280788233, 462.54816385708756], [0.0, 0.0, 1.0]]], "extrinsics": [[[0.8226983547210693, -0.5684698224067688, 0.003107752650976181, -0.719024658203125], [0.009529028087854385, 0.008324123919010162, -0.9999199509620667, 1.4915924072265625], [0.5683984160423279, 0.8226621150970459, 0.012265206314623356, -1.1373291015625], [0.0, 0.0, 0.0, 1.0]], [[0.01052413135766983, -0.999936580657959, -0.004033742006868124, 0.0096435546875], [0.011490991339087486, 0.004154637921601534, -0.9999253153800964, 1.4834604263305664], [0.9998785853385925, 0.010477002710103989, 0.011533984914422035, -1.447509765625], [0.0, 0.0, 0.0, 1.0]], [[-0.8438208699226379, -0.5364422798156738, -0.014004955068230629, 0.902099609375], [0.01951298862695694, -0.0045919655822217464, -0.9997990131378174, 1.497448444366455], [0.5362701416015625, -0.8439246416091919, 0.014342386275529861, -1.156494140625], [0.0, 0.0, 0.0, 1.0]], [[0.9478827714920044, 0.31861138343811035, -0.00228544557467103, -1.12939453125], [-0.0059611923061311245, 0.010562187992036343, -0.9999264478683472, 1.5619516372680664], [-0.3185638189315796, 0.947826623916626, 0.011911017820239067, -0.1611328125], [0.0, 0.0, 0.0, 1.0]], [[0.009108923375606537, 0.999954104423523, 0.002976944437250495, -0.0284423828125], [-0.0038142583798617125, 0.0030117910355329514, -0.9999881982803345, 1.567710518836975], [-0.9999512434005737, 0.00909744668751955, 0.0038415174931287766, -0.047119140625], [0.0, 0.0, 0.0, 1.0]], [[-0.9237819314002991, 0.3828372359275818, -0.007914360612630844, 1.0081558227539062], [0.0004023382207378745, -0.019698068499565125, -0.9998058676719666, 1.5478973388671875], [-0.38291874527931213, -0.9236058592796326, 0.018042689189314842, -0.106201171875], [0.0, 0.0, 0.0, 1.0]]], "view": [[0.0, -2.0, 100.0], [-2.0, 0.0, 100.0], [0.0, 0.0, 1.0]], "bev": "bev_79e8f6fef3884b318cb5e5e21bc5beac.png", "aux": "aux_79e8f6fef3884b318cb5e5e21bc5beac.npz", "visibility": "visibility_79e8f6fef3884b318cb5e5e21bc5beac.png", "pose": [[0.8750315308570862, 0.484065979719162, 0.0, 1452.2901611328125], [-0.484065979719162, 0.8750315308570862, 0.0, 1236.12744140625], [0.0, 0.0, 1.0, 0.0], [0.0, 0.0, 0.0, 1.0]], "pose_inverse": [[0.8750315308570862, -0.484065979719162, 0.0, -672.4324340820312], [0.484065979719162, 0.8750315308570862, 0.0, -1784.6546630859375], [0.0, 0.0, 1.0, 0.0], [0.0, 0.0, 0.0, 1.0]], "cam_ids": [0, 1, 2, 3, 4, 5], "cam_channels": ["CAM_FRONT_LEFT", "CAM_FRONT", "CAM_FRONT_RIGHT", "CAM_BACK_LEFT", "CAM_BACK", "CAM_BACK_RIGHT"], "token": "79e8f6fef3884b318cb5e5e21bc5beac", "scene": "scene-0735"}, {"images": ["samples/CAM_FRONT_LEFT/n008-2018-08-29-16-04-13-0400__CAM_FRONT_LEFT__1535574043504799.jpg", "samples/CAM_FRONT/n008-2018-08-29-16-04-13-0400__CAM_FRONT__1535574043512404.jpg", "samples/CAM_FRONT_RIGHT/n008-2018-08-29-16-04-13-0400__CAM_FRONT_RIGHT__1535574043520482.jpg", "samples/CAM_BACK_LEFT/n008-2018-08-29-16-04-13-0400__CAM_BACK_LEFT__1535574043547405.jpg", "samples/CAM_BACK/n008-2018-08-29-16-04-13-0400__CAM_BACK__1535574043537558.jpg", "samples/CAM_BACK_RIGHT/n008-2018-08-29-16-04-13-0400__CAM_BACK_RIGHT__1535574043528113.jpg"], "intrinsics": [[[1257.8625342125129, 0.0, 827.2410631095686], [0.0, 1257.8625342125129, 450.915498205774], [0.0, 0.0, 1.0]], [[1252.8131021185304, 0.0, 826.588114781398], [0.0, 1252.8131021185304, 469.9846626224581], [0.0, 0.0, 1.0]], [[1256.7485116440405, 0.0, 817.7887570959712], [0.0, 1256.7485116440403, 451.9541780095127], [0.0, 0.0, 1.0]], [[1254.9860565800168, 0.0, 829.5769333630991], [0.0, 1254.9860565800168, 467.1680561863987], [0.0, 0.0, 1.0]], [[796.8910634503094, 0.0, 857.7774326863696], [0.0, 796.8910634503094, 476.8848988407415], [0.0, 0.0, 1.0]], [[1249.9629280788233, 0.0, 825.3768045375984], [0.0, 1249.9629280788233, 462.54816385708756], [0.0, 0.0, 1.0]]], "extrinsics": [[[0.8219531774520874, -0.5695469975471497, -0.0030227333772927523, -0.72796630859375], [0.00659441202878952, 0.01482341904193163, -0.9998683333396912, 1.490488052368164], [0.5695168375968933, 0.8218250870704651, 0.0159399826079607, -1.14306640625], [0.0, 0.0, 0.0, 1.0]], [[0.009340506978332996, -0.9998988509178162, -0.010721541941165924, 0.0087890625], [0.0085986303165555, 0.01080192718654871, -0.9999046921730042, 1.4825553894042969], [0.9999193549156189, 0.009247396141290665, 0.008698656223714352, -1.45556640625], [0.0, 0.0, 0.0, 1.0]], [[-0.8444015383720398, -0.5354934930801392, -0.01525947917252779, 0.9061279296875], [0.016670461744070053, 0.0022049937397241592, -0.999858558177948, 1.496713638305664], [0.535451352596283, -0.8445364832878113, 0.007065022364258766, -1.1602783203125], [0.0, 0.0, 0.0, 1.0]], [[0.9478994011878967, 0.3185615539550781, -0.0023264435585588217, -1.126953125], [-0.008434553630650043, 0.017795979976654053, -0.9998061060905457, 1.5618896484375], [-0.3184583783149719, 0.9477350115776062, 0.019555723294615746, -0.1622314453125], [0.0, 0.0, 0.0, 1.0]], [[0.009548467583954334, 0.9999035000801086, 0.010085750371217728, -0.0281982421875], [-0.006451798137277365, 0.010147604160010815, -0.9999276399612427, 1.5674705505371094], [-0.9999336004257202, 0.00948270596563816, 0.006548070348799229, -0.04693603515625], [0.0, 0.0, 0.0, 1.0]], [[-0.9235067963600159, 0.38357260823249817, -0.0026985497679561377, 1.01141357421875], [-0.0023628873750567436, -0.012723712250590324, -0.9999162554740906, 1.5474300384521484], [-0.3835747539997101, -0.9234230518341064, 0.012656774371862411, -0.105712890625], [0.0, 0.0, 0.0, 1.0]]], "view": [[0.0, -2.0, 100.0], [-2.0, 0.0, 100.0], [0.0, 0.0, 1.0]], "bev": "bev_5fc583dbcb854e3b8143ef2614a0e292.png", "aux": "aux_5fc583dbcb854e3b8143ef2614a0e292.npz", "visibility": "visibility_5fc583dbcb854e3b8143ef2614a0e292.png", "pose": [[0.8782224059104919, 0.47825244069099426, 0.0, 1455.63525390625], [-0.47825244069099426, 0.8782224059104919, 0.0, 1234.2677001953125], [0.0, 0.0, 1.0, 0.0], [0.0, 0.0, 0.0, 1.0]], "pose_inverse": [[0.8782224059104919, -0.47825244069099426, 0.0, -688.0799560546875], [0.47825244069099426, 0.8782224059104919, 0.0, -1780.1226806640625], [0.0, 0.0, 1.0, 0.0], [0.0, 0.0, 0.0, 1.0]], "cam_ids": [0, 1, 2, 3, 4, 5], "cam_channels": ["CAM_FRONT_LEFT", "CAM_FRONT", "CAM_FRONT_RIGHT", "CAM_BACK_LEFT", "CAM_BACK", "CAM_BACK_RIGHT"], "token": "5fc583dbcb854e3b8143ef2614a0e292", "scene": "scene-0735"}, {"images": ["samples/CAM_FRONT_LEFT/n008-2018-08-29-16-04-13-0400__CAM_FRONT_LEFT__1535574044004799.jpg", "samples/CAM_FRONT/n008-2018-08-29-16-04-13-0400__CAM_FRONT__1535574044012404.jpg", "samples/CAM_FRONT_RIGHT/n008-2018-08-29-16-04-13-0400__CAM_FRONT_RIGHT__1535574044020482.jpg", "samples/CAM_BACK_LEFT/n008-2018-08-29-16-04-13-0400__CAM_BACK_LEFT__1535574044047405.jpg", "samples/CAM_BACK/n008-2018-08-29-16-04-13-0400__CAM_BACK__1535574044037558.jpg", "samples/CAM_BACK_RIGHT/n008-2018-08-29-16-04-13-0400__CAM_BACK_RIGHT__1535574044028113.jpg"], "intrinsics": [[[1257.8625342125129, 0.0, 827.2410631095686], [0.0, 1257.8625342125129, 450.915498205774], [0.0, 0.0, 1.0]], [[1252.8131021185304, 0.0, 826.588114781398], [0.0, 1252.8131021185304, 469.9846626224581], [0.0, 0.0, 1.0]], [[1256.7485116440405, 0.0, 817.7887570959712], [0.0, 1256.7485116440403, 451.9541780095127], [0.0, 0.0, 1.0]], [[1254.9860565800168, 0.0, 829.5769333630991], [0.0, 1254.9860565800168, 467.1680561863987], [0.0, 0.0, 1.0]], [[796.8910634503094, 0.0, 857.7774326863696], [0.0, 796.8910634503094, 476.8848988407415], [0.0, 0.0, 1.0]], [[1249.9629280788233, 0.0, 825.3768045375984], [0.0, 1249.9629280788233, 462.54816385708756], [0.0, 0.0, 1.0]]], "extrinsics": [[[0.8223336338996887, -0.5689932703971863, -0.0037583583034574986, -0.729156494140625], [0.006647575180977583, 0.016211627051234245, -0.9998464584350586, 1.490457534790039], [0.568966805934906, 0.8221823573112488, 0.017113789916038513, -1.146728515625], [0.0, 0.0, 0.0, 1.0]], [[0.010017475113272667, -0.9998783469200134, -0.011952796950936317, 0.0108642578125], [0.00854521431028843, 0.012038559652864933, -0.9998910427093506, 1.4825000762939453], [0.999913215637207, 0.009914235211908817, 0.008664770983159542, -1.45758056640625], [0.0, 0.0, 0.0, 1.0]], [[-0.8440354466438293, -0.5360576510429382, -0.015695417299866676, 0.90771484375], [0.016506945714354515, 0.0032846233807504177, -0.9998583197593689, 1.4966621398925781], [0.5360332727432251, -0.8441749811172485, 0.006076335441321135, -1.15869140625], [0.0, 0.0, 0.0, 1.0]], [[0.9478757977485657, 0.31862953305244446, -0.0025539326015859842, -1.128173828125], [-0.008805681020021439, 0.01818186789751053, -0.9997959136962891, 1.5618915557861328], [-0.31851816177368164, 0.9477048516273499, 0.020039904862642288, -0.1617431640625], [0.0, 0.0, 0.0, 1.0]], [[0.00925014540553093, 0.9998999238014221, 0.01069855410605669, -0.0289306640625], [-0.006723107770085335, 0.010760958306491375, -0.9999194741249084, 1.5674409866333008], [-0.9999346137046814, 0.009177503176033497, 0.006821976508945227, -0.04620361328125], [0.0, 0.0, 0.0, 1.0]], [[-0.9237117171287537, 0.3830820322036743, -0.002171935513615608, 1.0112876892089844], [-0.0025611238088458776, -0.011844763532280922, -0.9999265670776367, 1.5474185943603516], [-0.38307955861091614, -0.9236384034156799, 0.011922269128262997, -0.10400390625], [0.0, 0.0, 0.0, 1.0]]], "view": [[0.0, -2.0, 100.0], [-2.0, 0.0, 100.0], [0.0, 0.0, 1.0]], "bev": "bev_7a7bc59449074bb6ab2de7fbac6774d0.png", "aux": "aux_7a7bc59449074bb6ab2de7fbac6774d0.npz", "visibility": "visibility_7a7bc59449074bb6ab2de7fbac6774d0.png", "pose": [[0.8830837607383728, 0.4692153334617615, 0.0, 1458.8800048828125], [-0.4692153334617615, 0.8830837607383728, 0.0, 1232.49853515625], [0.0, 0.0, 1.0, 0.0], [0.0, 0.0, 0.0, 1.0]], "pose_inverse": [[0.8830837607383728, -0.4692153334617615, 0.0, -710.0060424804688], [0.4692153334617615, 0.8830837607383728, 0.0, -1772.9283447265625], [0.0, 0.0, 1.0, 0.0], [0.0, 0.0, 0.0, 1.0]], "cam_ids": [0, 1, 2, 3, 4, 5], "cam_channels": ["CAM_FRONT_LEFT", "CAM_FRONT", "CAM_FRONT_RIGHT", "CAM_BACK_LEFT", "CAM_BACK", "CAM_BACK_RIGHT"], "token": "7a7bc59449074bb6ab2de7fbac6774d0", "scene": "scene-0735"}, {"images": ["samples/CAM_FRONT_LEFT/n008-2018-08-29-16-04-13-0400__CAM_FRONT_LEFT__1535574044504799.jpg", "samples/CAM_FRONT/n008-2018-08-29-16-04-13-0400__CAM_FRONT__1535574044512404.jpg", "samples/CAM_FRONT_RIGHT/n008-2018-08-29-16-04-13-0400__CAM_FRONT_RIGHT__1535574044520482.jpg", "samples/CAM_BACK_LEFT/n008-2018-08-29-16-04-13-0400__CAM_BACK_LEFT__1535574044547413.jpg", "samples/CAM_BACK/n008-2018-08-29-16-04-13-0400__CAM_BACK__1535574044537558.jpg", "samples/CAM_BACK_RIGHT/n008-2018-08-29-16-04-13-0400__CAM_BACK_RIGHT__1535574044528113.jpg"], "intrinsics": [[[1257.8625342125129, 0.0, 827.2410631095686], [0.0, 1257.8625342125129, 450.915498205774], [0.0, 0.0, 1.0]], [[1252.8131021185304, 0.0, 826.588114781398], [0.0, 1252.8131021185304, 469.9846626224581], [0.0, 0.0, 1.0]], [[1256.7485116440405, 0.0, 817.7887570959712], [0.0, 1256.7485116440403, 451.9541780095127], [0.0, 0.0, 1.0]], [[1254.9860565800168, 0.0, 829.5769333630991], [0.0, 1254.9860565800168, 467.1680561863987], [0.0, 0.0, 1.0]], [[796.8910634503094, 0.0, 857.7774326863696], [0.0, 796.8910634503094, 476.8848988407415], [0.0, 0.0, 1.0]], [[1249.9629280788233, 0.0, 825.3768045375984], [0.0, 1249.9629280788233, 462.54816385708756], [0.0, 0.0, 1.0]]], "extrinsics": [[[0.8221187591552734, -0.5693074464797974, -0.003130597062408924, -0.7269287109375], [0.007610459346324205, 0.016488073393702507, -0.9998350739479065, 1.4908294677734375], [0.5692651271820068, 0.821959376335144, 0.017887843772768974, -1.142822265625], [0.0, 0.0, 0.0, 1.0]], [[0.009767821989953518, -0.9998767971992493, -0.012290467508137226, 0.009765625], [0.009589510038495064, 0.01238415390253067, -0.9998773336410522, 1.482828140258789], [0.9999063611030579, 0.009648767299950123, 0.009709293954074383, -1.4547119140625], [0.0, 0.0, 0.0, 1.0]], [[-0.8440887928009033, -0.5359378457069397, -0.01687566563487053, 0.906494140625], [0.01763811893761158, 0.0037033900152891874, -0.9998375177383423, 1.4969310760498047], [0.535913348197937, -0.8442493081092834, 0.006326945032924414, -1.158447265625], [0.0, 0.0, 0.0, 1.0]], [[0.9478919506072998, 0.3185906708240509, -0.0009213914745487273, -1.1253662109375], [-0.0073833460919559, 0.01907593384385109, -0.9997907280921936, 1.5618953704833984], [-0.3185064494609833, 0.9477003812789917, 0.020434187725186348, -0.1624755859375], [0.0, 0.0, 0.0, 1.0]], [[0.009279012680053711, 0.9998920559883118, 0.011395254172384739, -0.02880859375], [-0.005347171798348427, 0.011445198208093643, -0.9999201893806458, 1.5675573348999023], [-0.9999426603317261, 0.00921734981238842, 0.00545279448851943, -0.04833984375], [0.0, 0.0, 0.0, 1.0]], [[-0.9236787557601929, 0.38315457105636597, -0.0031667647417634726, 1.0100051164627075], [-0.001279556076042354, -0.011349092237651348, -0.999934732913971, 1.5476226806640625], [-0.38316550850868225, -0.923614501953125, 0.010973184369504452, -0.1044921875], [0.0, 0.0, 0.0, 1.0]]], "view": [[0.0, -2.0, 100.0], [-2.0, 0.0, 100.0], [0.0, 0.0, 1.0]], "bev": "bev_7cf461cd18f24edaa16c5321cfa4288e.png", "aux": "aux_7cf461cd18f24edaa16c5321cfa4288e.npz", "visibility": "visibility_7cf461cd18f24edaa16c5321cfa4288e.png", "pose": [[0.8874377608299255, 0.4609275758266449, 0.0, 1462.1116943359375], [-0.4609275758266449, 0.8874377608299255, 0.0, 1230.7744140625], [0.0, 0.0, 1.0, 0.0], [0.0, 0.0, 0.0, 1.0]], "pose_inverse": [[0.8874377608299255, -0.4609275758266449, 0.0, -730.2352294921875], [0.4609275758266449, 0.8874377608299255, 0.0, -1766.163330078125], [0.0, 0.0, 1.0, 0.0], [0.0, 0.0, 0.0, 1.0]], "cam_ids": [0, 1, 2, 3, 4, 5], "cam_channels": ["CAM_FRONT_LEFT", "CAM_FRONT", "CAM_FRONT_RIGHT", "CAM_BACK_LEFT", "CAM_BACK", "CAM_BACK_RIGHT"], "token": "7cf461cd18f24edaa16c5321cfa4288e", "scene": "scene-0735"}, {"images": ["samples/CAM_FRONT_LEFT/n008-2018-08-29-16-04-13-0400__CAM_FRONT_LEFT__1535574045004832.jpg", "samples/CAM_FRONT/n008-2018-08-29-16-04-13-0400__CAM_FRONT__1535574045012404.jpg", "samples/CAM_FRONT_RIGHT/n008-2018-08-29-16-04-13-0400__CAM_FRONT_RIGHT__1535574045020482.jpg", "samples/CAM_BACK_LEFT/n008-2018-08-29-16-04-13-0400__CAM_BACK_LEFT__1535574045047405.jpg", "samples/CAM_BACK/n008-2018-08-29-16-04-13-0400__CAM_BACK__1535574045037558.jpg", "samples/CAM_BACK_RIGHT/n008-2018-08-29-16-04-13-0400__CAM_BACK_RIGHT__1535574045028113.jpg"], "intrinsics": [[[1257.8625342125129, 0.0, 827.2410631095686], [0.0, 1257.8625342125129, 450.915498205774], [0.0, 0.0, 1.0]], [[1252.8131021185304, 0.0, 826.588114781398], [0.0, 1252.8131021185304, 469.9846626224581], [0.0, 0.0, 1.0]], [[1256.7485116440405, 0.0, 817.7887570959712], [0.0, 1256.7485116440403, 451.9541780095127], [0.0, 0.0, 1.0]], [[1254.9860565800168, 0.0, 829.5769333630991], [0.0, 1254.9860565800168, 467.1680561863987], [0.0, 0.0, 1.0]], [[796.8910634503094, 0.0, 857.7774326863696], [0.0, 796.8910634503094, 476.8848988407415], [0.0, 0.0, 1.0]], [[1249.9629280788233, 0.0, 825.3768045375984], [0.0, 1249.9629280788233, 462.54816385708756], [0.0, 0.0, 1.0]]], "extrinsics": [[[0.8215604424476624, -0.5701132416725159, -0.0030852057971060276, -0.73388671875], [0.011933980509638786, 0.022607238963246346, -0.9996731877326965, 1.4921875], [0.5699965953826904, 0.821255087852478, 0.025376928970217705, -1.1468505859375], [0.0, 0.0, 0.0, 1.0]], [[0.00889144092798233, -0.999789834022522, -0.018472343683242798, 0.009033203125], [0.013747652992606163, 0.018593547865748405, -0.9997326135635376, 1.4839057922363281], [0.9998660087585449, 0.008635053411126137, 0.013910085894167423, -1.46087646484375], [0.0, 0.0, 0.0, 1.0]], [[-0.8444750905036926, -0.53507399559021, -0.023613855242729187, 0.9095458984375], [0.02161637507379055, 0.010003597475588322, -0.9997162818908691, 1.497711181640625], [0.5351584553718567, -0.844745934009552, 0.0031185706611722708, -1.161865234375], [0.0, 0.0, 0.0, 1.0]], [[0.9479750394821167, 0.3183169364929199, 0.0042045083828270435, -1.1256103515625], [-0.004159519914537668, 0.025591526180505753, -0.9996638298034668, 1.5619697570800781], [-0.3183175325393677, 0.9476388096809387, 0.02558417245745659, -0.162109375], [0.0, 0.0, 0.0, 1.0]], [[0.009619771502912045, 0.9997923970222473, 0.017962593585252762, -0.0281982421875], [-0.0019260731060057878, 0.017981918528676033, -0.9998364448547363, 1.567880630493164], [-0.999951