[{"images": ["samples/CAM_FRONT_LEFT/n008-2018-08-31-11-19-57-0400__CAM_FRONT_LEFT__1535728958354799.jpg", "samples/CAM_FRONT/n008-2018-08-31-11-19-57-0400__CAM_FRONT__1535728958362404.jpg", "samples/CAM_FRONT_RIGHT/n008-2018-08-31-11-19-57-0400__CAM_FRONT_RIGHT__1535728958370482.jpg", "samples/CAM_BACK_LEFT/n008-2018-08-31-11-19-57-0400__CAM_BACK_LEFT__1535728958397405.jpg", "samples/CAM_BACK/n008-2018-08-31-11-19-57-0400__CAM_BACK__1535728958387558.jpg", "samples/CAM_BACK_RIGHT/n008-2018-08-31-11-19-57-0400__CAM_BACK_RIGHT__1535728958378113.jpg"], "intrinsics": [[[1257.8625342125129, 0.0, 827.2410631095686], [0.0, 1257.8625342125129, 450.915498205774], [0.0, 0.0, 1.0]], [[1252.8131021185304, 0.0, 826.588114781398], [0.0, 1252.8131021185304, 469.9846626224581], [0.0, 0.0, 1.0]], [[1256.7485116440405, 0.0, 817.7887570959712], [0.0, 1256.7485116440403, 451.9541780095127], [0.0, 0.0, 1.0]], [[1254.9860565800168, 0.0, 829.5769333630991], [0.0, 1254.9860565800168, 467.1680561863987], [0.0, 0.0, 1.0]], [[796.8910634503094, 0.0, 857.7774326863696], [0.0, 796.8910634503094, 476.8848988407415], [0.0, 0.0, 1.0]], [[1249.9629280788233, 0.0, 825.3768045375984], [0.0, 1249.9629280788233, 462.54816385708756], [0.0, 0.0, 1.0]]], "extrinsics": [[[0.8223831057548523, -0.568558931350708, 0.020662233233451843, -0.874267578125], [0.027112966403365135, 0.0028892215341329575, -0.9996281862258911, 1.4925832748413086], [0.5682877898216248, 0.8226375579833984, 0.01779136247932911, -1.244140625], [0.0, 0.0, 0.0, 1.0]], [[0.01040180679410696, -0.9999448657035828, 0.0014517991803586483, 0.0074462890625], [0.02911253273487091, -0.0011484235292300582, -0.9995754957199097, 1.4839210510253906], [0.9995220899581909, 0.010439660400152206, 0.029098981991410255, -1.605865478515625], [0.0, 0.0, 0.0, 1.0]], [[-0.8435214161872864, -0.5364596247673035, -0.02613040804862976, 1.0076904296875], [0.03716493770480156, -0.009764592163264751, -0.9992613792419434, 1.4967478513717651], [0.5358082056045532, -0.8438695669174194, 0.028174128383398056, -1.2242431640625], [0.0, 0.0, 0.0, 1.0]], [[0.9477445483207703, 0.31876716017723083, 0.012952135875821114, -1.14447021484375], [0.011832984164357185, 0.005447200499475002, -0.9999151825904846, 1.5620365142822266], [-0.31881073117256165, 0.9478174448013306, 0.0013905876548960805, -0.156005859375], [0.0, 0.0, 0.0, 1.0]], [[0.00904939230531454, 0.9999572038650513, -0.0019093189621344209, -0.0286865234375], [0.014017375186085701, -0.002036062069237232, -0.9998996257781982, 1.5685628652572632], [-0.9998608827590942, 0.009021623991429806, -0.014035199768841267, 0.0086669921875], [0.0, 0.0, 0.0, 1.0]], [[-0.9234632849693298, 0.3827838897705078, -0.026305783540010452, 1.09521484375], [0.018197672441601753, -0.024788035079836845, -0.999527096748352, 1.5491104125976562], [-0.38325488567352295, -0.9235053062438965, 0.01592506654560566, -0.0703125], [0.0, 0.0, 0.0, 1.0]]], "view": [[0.0, -2.0, 100.0], [-2.0, 0.0, 100.0], [0.0, 0.0, 1.0]], "bev": "bev_0129fd9f327345aa8b0b970e97b5c4a9.png", "aux": "aux_0129fd9f327345aa8b0b970e97b5c4a9.npz", "visibility": "visibility_0129fd9f327345aa8b0b970e97b5c4a9.png", "pose": [[-0.7657963633537292, -0.6430831551551819, 0.0, 1321.99365234375], [0.6430831551551819, -0.7657963633537292, 0.0, 1033.623046875], [0.0, 0.0, 1.0, 0.0], [0.0, 0.0, 0.0, 1.0]], "pose_inverse": [[-0.7657963633537292, 0.6430831551551819, 0.0, 347.6723937988281], [-0.6430831551551819, -0.7657963633537292, 0.0, 1641.6966552734375], [0.0, 0.0, 1.0, 0.0], [0.0, 0.0, 0.0, 1.0]], "cam_ids": [0, 1, 2, 3, 4, 5], "cam_channels": ["CAM_FRONT_LEFT", "CAM_FRONT", "CAM_FRONT_RIGHT", "CAM_BACK_LEFT", "CAM_BACK", "CAM_BACK_RIGHT"], "token": "0129fd9f327345aa8b0b970e97b5c4a9", "scene": "scene-0288"}, {"images": ["samples/CAM_FRONT_LEFT/n008-2018-08-31-11-19-57-0400__CAM_FRONT_LEFT__1535728958854799.jpg", "samples/CAM_FRONT/n008-2018-08-31-11-19-57-0400__CAM_FRONT__1535728958862404.jpg", "samples/CAM_FRONT_RIGHT/n008-2018-08-31-11-19-57-0400__CAM_FRONT_RIGHT__1535728958870482.jpg", "samples/CAM_BACK_LEFT/n008-2018-08-31-11-19-57-0400__CAM_BACK_LEFT__1535728958897405.jpg", "samples/CAM_BACK/n008-2018-08-31-11-19-57-0400__CAM_BACK__1535728958887558.jpg", "samples/CAM_BACK_RIGHT/n008-2018-08-31-11-19-57-0400__CAM_BACK_RIGHT__1535728958878113.jpg"], "intrinsics": [[[1257.8625342125129, 0.0, 827.2410631095686], [0.0, 1257.8625342125129, 450.915498205774], [0.0, 0.0, 1.0]], [[1252.8131021185304, 0.0, 826.588114781398], [0.0, 1252.8131021185304, 469.9846626224581], [0.0, 0.0, 1.0]], [[1256.7485116440405, 0.0, 817.7887570959712], [0.0, 1256.7485116440403, 451.9541780095127], [0.0, 0.0, 1.0]], [[1254.9860565800168, 0.0, 829.5769333630991], [0.0, 1254.9860565800168, 467.1680561863987], [0.0, 0.0, 1.0]], [[796.8910634503094, 0.0, 857.7774326863696], [0.0, 796.8910634503094, 476.8848988407415], [0.0, 0.0, 1.0]], [[1249.9629280788233, 0.0, 825.3768045375984], [0.0, 1249.9629280788233, 462.54816385708756], [0.0, 0.0, 1.0]]], "extrinsics": [[[0.8225545883178711, -0.5682296752929688, 0.02278655208647251, -0.88421630859375], [0.026435136795043945, -0.0018200575141236186, -0.9996488690376282, 1.4921350479125977], [0.5680715441703796, 0.8228680491447449, 0.013524130918085575, -1.253173828125], [0.0, 0.0, 0.0, 1.0]], [[0.010623011738061905, -0.9999243021011353, 0.0062039075419306755, 0.0089111328125], [0.028378833085298538, -0.005900278687477112, -0.9995798468589783, 1.483618140220642], [0.9995407462120056, 0.010794642381370068, 0.028314003720879555, -1.613739013671875], [0.0, 0.0, 0.0, 1.0]], [[-0.8434626460075378, -0.5366997122764587, -0.022896189242601395, 1.012939453125], [0.036378227174282074, -0.014542701654136181, -0.9992322325706482, 1.4964933395385742], [0.5359547138214111, -0.8436480760574341, 0.03179040923714638, -1.22607421875], [0.0, 0.0, 0.0, 1.0]], [[0.9477809071540833, 0.3187536895275116, 0.010365840047597885, -1.1451416015625], [0.010681059211492538, 0.0007590210880152881, -0.9999426603317261, 1.5620298385620117], [-0.3187433183193207, 0.9478372931480408, -0.002685242798179388, -0.155517578125], [0.0, 0.0, 0.0, 1.0]], [[0.009048674255609512, 0.9999366402626038, -0.0067065139301121235, -0.029052734375], [0.012867540121078491, -0.006822668947279453, -0.9998939037322998, 1.5684938430786133], [-0.9998763799667358, 0.008961369283497334, -0.012928460724651814, 0.010986328125], [0.0, 0.0, 0.0, 1.0]], [[-0.9235202670097351, 0.38258618116378784, -0.027167776599526405, 1.098968505859375], [0.01714842952787876, -0.029574967920780182, -0.999415397644043, 1.5489883422851562], [-0.38316604495048523, -0.9234462976455688, 0.020752327516674995, -0.0682373046875], [0.0, 0.0, 0.0, 1.0]]], "view": [[0.0, -2.0, 100.0], [-2.0, 0.0, 100.0], [0.0, 0.0, 1.0]], "bev": "bev_b67642853a46485484471db9c6a834d7.png", "aux": "aux_b67642853a46485484471db9c6a834d7.npz", "visibility": "visibility_b67642853a46485484471db9c6a834d7.png", "pose": [[-0.7658589482307434, -0.6430086493492126, 0.0, 1320.6651611328125], [0.6430086493492126, -0.7658589482307434, 0.0, 1034.759033203125], [0.0, 0.0, 1.0, 0.0], [0.0, 0.0, 0.0, 1.0]], "pose_inverse": [[-0.7658589482307434, 0.6430086493492126, 0.0, 346.084228515625], [-0.6430086493492126, -0.7658589482307434, 0.0, 1641.6785888671875], [0.0, 0.0, 1.0, 0.0], [0.0, 0.0, 0.0, 1.0]], "cam_ids": [0, 1, 2, 3, 4, 5], "cam_channels": ["CAM_FRONT_LEFT", "CAM_FRONT", "CAM_FRONT_RIGHT", "CAM_BACK_LEFT", "CAM_BACK", "CAM_BACK_RIGHT"], "token": "b67642853a46485484471db9c6a834d7", "scene": "scene-0288"}, {"images": ["samples/CAM_FRONT_LEFT/n008-2018-08-31-11-19-57-0400__CAM_FRONT_LEFT__1535728959354799.jpg", "samples/CAM_FRONT/n008-2018-08-31-11-19-57-0400__CAM_FRONT__1535728959362404.jpg", "samples/CAM_FRONT_RIGHT/n008-2018-08-31-11-19-57-0400__CAM_FRONT_RIGHT__1535728959370482.jpg", "samples/CAM_BACK_LEFT/n008-2018-08-31-11-19-57-0400__CAM_BACK_LEFT__1535728959397405.jpg", "samples/CAM_BACK/n008-2018-08-31-11-19-57-0400__CAM_BACK__1535728959387558.jpg", "samples/CAM_BACK_RIGHT/n008-2018-08-31-11-19-57-0400__CAM_BACK_RIGHT__1535728959378113.jpg"], "intrinsics": [[[1257.8625342125129, 0.0, 827.2410631095686], [0.0, 1257.8625342125129, 450.915498205774], [0.0, 0.0, 1.0]], [[1252.8131021185304, 0.0, 826.588114781398], [0.0, 1252.8131021185304, 469.9846626224581], [0.0, 0.0, 1.0]], [[1256.7485116440405, 0.0, 817.7887570959712], [0.0, 1256.7485116440403, 451.9541780095127], [0.0, 0.0, 1.0]], [[1254.9860565800168, 0.0, 829.5769333630991], [0.0, 1254.9860565800168, 467.1680561863987], [0.0, 0.0, 1.0]], [[796.8910634503094, 0.0, 857.7774326863696], [0.0, 796.8910634503094, 476.8848988407415], [0.0, 0.0, 1.0]], [[1249.9629280788233, 0.0, 825.3768045375984], [0.0, 1249.9629280788233, 462.54816385708756], [0.0, 0.0, 1.0]]], "extrinsics": [[[0.8224577307701111, -0.5683910846710205, 0.022246016189455986, -0.90234375], [0.02242802083492279, -0.006674670148640871, -0.9997261762619019, 1.4910874366760254], [0.5683839321136475, 0.8227313756942749, 0.007258250843733549, -1.263427734375], [0.0, 0.0, 0.0, 1.0]], [[0.010345463640987873, -0.9998852014541626, 0.01106698252260685, 0.0072021484375], [0.024278732016682625, -0.010813139379024506, -0.999646782875061, 1.4826583862304688], [0.9996516704559326, 0.010610553435981274, 0.024164078757166862, -1.63232421875], [0.0, 0.0, 0.0, 1.0]], [[-0.8436977863311768, -0.5365590453147888, -0.016689911484718323, 1.0250244140625], [0.03218374773859978, -0.019523056223988533, -0.9992912411689758, 1.4956016540527344], [0.5358529090881348, -0.8436369895935059, 0.03374003618955612, -1.235107421875], [0.0, 0.0, 0.0, 1.0]], [[0.9478634595870972, 0.31864017248153687, 0.004825741983950138, -1.14666748046875], [0.0065846010111272335, -0.004442984703928232, -0.999968409538269, 1.562028408050537], [-0.31860873103141785, 0.9478653073310852, -0.006309459451586008, -0.155029296875], [0.0, 0.0, 0.0, 1.0]], [[0.009222793392837048, 0.9998871684074402, -0.011850262992084026, -0.028564453125], [0.008788893930613995, -0.011931364424526691, -0.9998902082443237, 1.5682992935180664], [-0.9999188184738159, 0.009117637760937214, -0.00889794435352087, 0.017578125], [0.0, 0.0, 0.0, 1.0]], [[-0.9235304594039917, 0.3826877176761627, -0.025326445698738098, 1.109527587890625], [0.013062501326203346, -0.034611742943525314, -0.9993154406547546, 1.5485458374023438], [-0.38330233097076416, -0.9232290983200073, 0.026966143399477005, -0.0645751953125], [0.0, 0.0, 0.0, 1.0]]], "view": [[0.0, -2.0, 100.0], [-2.0, 0.0, 100.0], [0.0, 0.0, 1.0]], "bev": "bev_f0630f2ae644400ebf46877fc7313b25.png", "aux": "aux_f0630f2ae644400ebf46877fc7313b25.npz", "visibility": "visibility_f0630f2ae644400ebf46877fc7313b25.png", "pose": [[-0.765968382358551, -0.6428782343864441, 0.0, 1319.509765625], [0.6428782343864441, -0.765968382358551, 0.0, 1035.7474365234375], [0.0, 0.0, 1.0, 0.0], [0.0, 0.0, 0.0, 1.0]], "pose_inverse": [[-0.765968382358551, 0.6428782343864441, 0.0, 344.84326171875], [-0.6428782343864441, -0.765968382358551, 0.0, 1641.6339111328125], [0.0, 0.0, 1.0, 0.0], [0.0, 0.0, 0.0, 1.0]], "cam_ids": [0, 1, 2, 3, 4, 5], "cam_channels": ["CAM_FRONT_LEFT", "CAM_FRONT", "CAM_FRONT_RIGHT", "CAM_BACK_LEFT", "CAM_BACK", "CAM_BACK_RIGHT"], "token": "f0630f2ae644400ebf46877fc7313b25", "scene": "scene-0288"}, {"images": ["samples/CAM_FRONT_LEFT/n008-2018-08-31-11-19-57-0400__CAM_FRONT_LEFT__1535728959904799.jpg", "samples/CAM_FRONT/n008-2018-08-31-11-19-57-0400__CAM_FRONT__1535728959912404.jpg", "samples/CAM_FRONT_RIGHT/n008-2018-08-31-11-19-57-0400__CAM_FRONT_RIGHT__1535728959920482.jpg", "samples/CAM_BACK_LEFT/n008-2018-08-31-11-19-57-0400__CAM_BACK_LEFT__1535728959947405.jpg", "samples/CAM_BACK/n008-2018-08-31-11-19-57-0400__CAM_BACK__1535728959937558.jpg", "samples/CAM_BACK_RIGHT/n008-2018-08-31-11-19-57-0400__CAM_BACK_RIGHT__1535728959928113.jpg"], "intrinsics": [[[1257.8625342125129, 0.0, 827.2410631095686], [0.0, 1257.8625342125129, 450.915498205774], [0.0, 0.0, 1.0]], [[1252.8131021185304, 0.0, 826.588114781398], [0.0, 1252.8131021185304, 469.9846626224581], [0.0, 0.0, 1.0]], [[1256.7485116440405, 0.0, 817.7887570959712], [0.0, 1256.7485116440403, 451.9541780095127], [0.0, 0.0, 1.0]], [[1254.9860565800168, 0.0, 829.5769333630991], [0.0, 1254.9860565800168, 467.1680561863987], [0.0, 0.0, 1.0]], [[796.8910634503094, 0.0, 857.7774326863696], [0.0, 796.8910634503094, 476.8848988407415], [0.0, 0.0, 1.0]], [[1249.9629280788233, 0.0, 825.3768045375984], [0.0, 1249.9629280788233, 462.54816385708756], [0.0, 0.0, 1.0]]], "extrinsics": [[[0.8223943710327148, -0.5684424042701721, 0.023252489045262337, -0.93646240234375], [0.02238306775689125, -0.00851116981357336, -0.9997131824493408, 1.4901533126831055], [0.5684773325920105, 0.8226791024208069, 0.005723944865167141, -1.28759765625], [0.0, 0.0, 0.0, 1.0]], [[0.010245454497635365, -0.9998638033866882, 0.01293801236897707, 0.007080078125], [0.024344397708773613, -0.012685444205999374, -0.99962317943573, 1.4818181991577148], [0.9996510744094849, 0.010556447319686413, 0.024211116135120392, -1.667144775390625], [0.0, 0.0, 0.0, 1.0]], [[-0.8437390923500061, -0.5365201234817505, -0.015822775661945343, 1.04736328125], [0.03236999735236168, -0.02143627032637596, -0.9992460608482361, 1.4947547912597656], [0.5357763767242432, -0.8436151742935181, 0.03545377776026726, -1.249267578125], [0.0, 0.0, 0.0, 1.0]], [[0.9478557109832764, 0.3186681568622589, 0.004486367106437683, -1.149169921875], [0.0069705890491604805, -0.006655680015683174, -0.9999535083770752, 1.5620050430297852], [-0.31862348318099976, 0.9478429555892944, -0.008529928512871265, -0.154541015625], [0.0, 0.0, 0.0, 1.0]], [[0.00923560094088316, 0.9998601675033569, -0.013937498442828655, -0.0291748046875], [0.009104522876441479, -0.014021595939993858, -0.9998602271080017, 1.5682086944580078], [-0.9999159574508667, 0.009107409045100212, -0.009232748299837112, 0.02886962890625], [0.0, 0.0, 0.0, 1.0]], [[-0.9235040545463562, 0.3826853930950165, -0.0263073593378067, 1.12725830078125], [0.013306890614330769, -0.036579541862010956, -0.9992421269416809, 1.5483131408691406], [-0.38335761427879333, -0.9231542944908142, 0.028689006343483925, -0.0570068359375], [0.0, 0.0, 0.0, 1.0]]], "view": [[0.0, -2.0, 100.0], [-2.0, 0.0, 100.0], [0.0, 0.0, 1.0]], "bev": "bev_d428f62fef644e709f5f7cc25f66824e.png", "aux": "aux_d428f62fef644e709f5f7cc25f66824e.npz", "visibility": "visibility_d428f62fef644e709f5f7cc25f66824e.png", "pose": [[-0.766531765460968, -0.6422063708305359, 0.0, 1318.521240234375], [0.6422063708305359, -0.766531765460968, 0.0, 1036.59423828125], [0.0, 0.0, 1.0, 0.0], [0.0, 0.0, 0.0, 1.0]], "pose_inverse": [[-0.766531765460968, 0.6422063708305359, 0.0, 344.9809875488281], [-0.6422063708305359, -0.766531765460968, 0.0, 1641.34521484375], [0.0, 0.0, 1.0, 0.0], [0.0, 0.0, 0.0, 1.0]], "cam_ids": [0, 1, 2, 3, 4, 5], "cam_channels": ["CAM_FRONT_LEFT", "CAM_FRONT", "CAM_FRONT_RIGHT", "CAM_BACK_LEFT", "CAM_BACK", "CAM_BACK_RIGHT"], "token": "d428f62fef644e709f5f7cc25f66824e", "scene": "scene-0288"}, {"images": ["samples/CAM_FRONT_LEFT/n008-2018-08-31-11-19-57-0400__CAM_FRONT_LEFT__1535728960404799.jpg", "samples/CAM_FRONT/n008-2018-08-31-11-19-57-0400__CAM_FRONT__1535728960412404.jpg", "samples/CAM_FRONT_RIGHT/n008-2018-08-31-11-19-57-0400__CAM_FRONT_RIGHT__1535728960420482.jpg", "samples/CAM_BACK_LEFT/n008-2018-08-31-11-19-57-0400__CAM_BACK_LEFT__1535728960447405.jpg", "samples/CAM_BACK/n008-2018-08-31-11-19-57-0400__CAM_BACK__1535728960437558.jpg", "samples/CAM_BACK_RIGHT/n008-2018-08-31-11-19-57-0400__CAM_BACK_RIGHT__1535728960428113.jpg"], "intrinsics": [[[1257.8625342125129, 0.0, 827.2410631095686], [0.0, 1257.8625342125129, 450.915498205774], [0.0, 0.0, 1.0]], [[1252.8131021185304, 0.0, 826.588114781398], [0.0, 1252.8131021185304, 469.9846626224581], [0.0, 0.0, 1.0]], [[1256.7485116440405, 0.0, 817.7887570959712], [0.0, 1256.7485116440403, 451.9541780095127], [0.0, 0.0, 1.0]], [[1254.9860565800168, 0.0, 829.5769333630991], [0.0, 1254.9860565800168, 467.1680561863987], [0.0, 0.0, 1.0]], [[796.8910634503094, 0.0, 857.7774326863696], [0.0, 796.8910634503094, 476.8848988407415], [0.0, 0.0, 1.0]], [[1249.9629280788233, 0.0, 825.3768045375984], [0.0, 1249.9629280788233, 462.54816385708756], [0.0, 0.0, 1.0]]], "extrinsics": [[[0.8221829533576965, -0.5686735510826111, 0.025014113634824753, -0.9461669921875], [0.022697601467370987, -0.011156716383993626, -0.9996801018714905, 1.4899101257324219], [0.5687706470489502, 0.8224877715110779, 0.0037346603348851204, -1.2940673828125], [0.0, 0.0, 0.0, 1.0]], [[0.00992918387055397, -0.9998291730880737, 0.015590202994644642, 0.0068359375], [0.02467142790555954, -0.015341275371611118, -0.9995778799057007, 1.481618881225586], [0.9996462464332581, 0.010309658944606781, 0.02451488934457302, -1.676483154296875], [0.0, 0.0, 0.0, 1.0]], [[-0.8438743352890015, -0.5363398194313049, -0.01468710694462061, 1.0528564453125], [0.03270949423313141, -0.02410360798239708, -0.999174177646637, 1.4945640563964844], [0.5355428457260132, -0.8436578512191772, 0.03788382187485695, -1.2528076171875], [0.0, 0.0, 0.0, 1.0]], [[0.9478912353515625, 0.31856897473335266, 0.004002880305051804, -1.1455078125], [0.0072988905012607574, -0.009153272956609726, -0.9999314546585083, 1.562032699584961], [-0.3185105621814728, 0.9478554725646973, -0.011001507751643658, -0.155517578125], [0.0, 0.0, 0.0, 1.0]], [[0.009411356411874294, 0.999819278717041, -0.016516026109457016, -0.0289306640625], [0.009441896341741085, -0.016604870557785034, -0.9998174905776978, 1.5682125091552734], [-0.9999111294746399, 0.009253717958927155, -0.009596466086804867, 0.028594970703125], [0.0, 0.0, 0.0, 1.0]], [[-0.9234100580215454, 0.38281717896461487, -0.027655959129333496, 1.1307373046875], [0.013657811097800732, -0.03923627361655235, -0.9991366267204285, 1.5482749938964844], [-0.3835717737674713, -0.9229905605316162, 0.031002724543213844, -0.0556640625], [0.0, 0.0, 0.0, 1.0]]], "view": [[0.0, -2.0, 100.0], [-2.0, 0.0, 100.0], [0.0, 0.0, 1.0]], "bev": "bev_e92a3cac08804d6a91b377d30f875d59.png", "aux": "aux_e92a3cac08804d6a91b377d30f875d59.npz", "visibility": "visibility_e92a3cac08804d6a91b377d30f875d59.png", "pose": [[-0.7664233446121216, -0.6423357725143433, 0.0, 1317.8104248046875], [0.6423357725143433, -0.7664233446121216, 0.0, 1037.208251953125], [0.0, 0.0, 1.0, 0.0], [0.0, 0.0, 0.0, 1.0]], "pose_inverse": [[-0.7664233446121216, 0.6423357725143433, 0.0, 343.7647399902344], [-0.6423357725143433, -0.7664233446121216, 0.0, 1641.4173583984375], [0.0, 0.0, 1.0, 0.0], [0.0, 0.0, 0.0, 1.0]], "cam_ids": [0, 1, 2, 3, 4, 5], "cam_channels": ["CAM_FRONT_LEFT", "CAM_FRONT", "CAM_FRONT_RIGHT", "CAM_BACK_LEFT", "CAM_BACK", "CAM_BACK_RIGHT"], "token": "e92a3cac08804d6a91b377d30f875d59", "scene": "scene-0288"}, {"images": ["samples/CAM_FRONT_LEFT/n008-2018-08-31-11-19-57-0400__CAM_FRONT_LEFT__1535728960904799.jpg", "samples/CAM_FRONT/n008-2018-08-31-11-19-57-0400__CAM_FRONT__1535728960912404.jpg", "samples/CAM_FRONT_RIGHT/n008-2018-08-31-11-19-57-0400__CAM_FRONT_RIGHT__1535728960920482.jpg", "samples/CAM_BACK_LEFT/n008-2018-08-31-11-19-57-0400__CAM_BACK_LEFT__1535728960947405.jpg", "samples/CAM_BACK/n008-2018-08-31-11-19-57-0400__CAM_BACK__1535728960937558.jpg", "samples/CAM_BACK_RIGHT/n008-2018-08-31-11-19-57-0400__CAM_BACK_RIGHT__1535728960928113.jpg"], "intrinsics": [[[1257.8625342125129, 0.0, 827.2410631095686], [0.0, 1257.8625342125129, 450.915498205774], [0.0, 0.0, 1.0]], [[1252.8131021185304, 0.0, 826.588114781398], [0.0, 1252.8131021185304, 469.9846626224581], [0.0, 0.0, 1.0]], [[1256.7485116440405, 0.0, 817.7887570959712], [0.0, 1256.7485116440403, 451.9541780095127], [0.0, 0.0, 1.0]], [[1254.9860565800168, 0.0, 829.5769333630991], [0.0, 1254.9860565800168, 467.1680561863987], [0.0, 0.0, 1.0]], [[796.8910634503094, 0.0, 857.7774326863696], [0.0, 796.8910634503094, 476.8848988407415], [0.0, 0.0, 1.0]], [[1249.9629280788233, 0.0, 825.3768045375984], [0.0, 1249.9629280788233, 462.54816385708756], [0.0, 0.0, 1.0]]], "extrinsics": [[[0.8223677277565002, -0.5684441328048706, 0.024138659238815308, -0.95068359375], [0.02183462679386139, -0.010863669216632843, -0.9997025728225708, 1.489736557006836], [0.5685372948646545, 0.8226501941680908, 0.0034778318367898464, -1.2960205078125], [0.0, 0.0, 0.0, 1.0]], [[0.01020499225705862, -0.9998322129249573, 0.01520923338830471, 0.006103515625], [0.023814063519239426, -0.014962704852223396, -0.9996044039726257, 1.481454849243164], [0.9996643662452698, 0.010563199408352375, 0.02365737222135067, -1.6807861328125], [0.0, 0.0, 0.0, 1.0]], [[-0.843760073184967, -0.5365322828292847, -0.014212746173143387, 1.0555419921875], [0.031859125941991806, -0.02363305352628231, -0.999212920665741, 1.4944000244140625], [0.5357741713523865, -0.8435488343238831, 0.03703407943248749, -1.255126953125], [0.0, 0.0, 0.0, 1.0]], [[0.9478984475135803, 0.31855273246765137, 0.003563724225386977, -1.1436767578125], [0.006554949097335339, -0.008318563923239708, -0.9999439120292664, 1.5620384216308594], [-0.31850525736808777, 0.9478685855865479, -0.0099732531234622, -0.1561279296875], [0.0, 0.0, 0.0, 1.0]], [[0.009307109750807285, 0.9998313784599304, -0.01583310216665268, -0.02880859375], [0.008621355518698692, -0.015913434326648712, -0.9998362064361572, 1.5681934356689453], [-0.9999195337295532, 0.00916912779211998, -0.008768009021878242, 0.02899169921875], [0.0, 0.0, 0.0, 1.0]], [[-0.9235047101974487, 0.38266050815582275, -0.026647133752703667, 1.13311767578125], [0.012807046994566917, -0.03867044672369957, -0.9991699457168579, 1.5481986999511719], [-0.3833732306957245, -0.9230794310569763, 0.03081158921122551, -0.0548095703125], [0.0, 0.0, 0.0, 1.0]]], "view": [[0.0, -2.0, 100.0], [-2.0, 0.0, 100.0], [0.0, 0.0, 1.0]], "bev": "bev_77e9b50a58674f6793a982e093c5212c.png", "aux": "aux_77e9b50a58674f6793a982e093c5212c.npz", "visibility": "visibility_77e9b50a58674f6793a982e093c5212c.png", "pose": [[-0.7674095630645752, -0.6411572098731995, 0.0, 1317.1759033203125], [0.6411572098731995, -0.7674095630645752, 0.0, 1037.7457275390625], [0.0, 0.0, 1.0, 0.0], [0.0, 0.0, 0.0, 1.0]], "pose_inverse": [[-0.7674095630645752, 0.6411572098731995, 0.0, 345.4552917480469], [-0.6411572098731995, -0.7674095630645752, 0.0, 1640.892822265625], [0.0, 0.0, 1.0, 0.0], [0.0, 0.0, 0.0, 1.0]], "cam_ids": [0, 1, 2, 3, 4, 5], "cam_channels": ["CAM_FRONT_LEFT", "CAM_FRONT", "CAM_FRONT_RIGHT", "CAM_BACK_LEFT", "CAM_BACK", "CAM_BACK_RIGHT"], "token": "77e9b50a58674f6793a982e093c5212c", "scene": "scene-0288"}, {"images": ["samples/CAM_FRONT_LEFT/n008-2018-08-31-11-19-57-0400__CAM_FRONT_LEFT__1535728961404799.jpg", "samples/CAM_FRONT/n008-2018-08-31-11-19-57-0400__CAM_FRONT__1535728961412404.jpg", "samples/CAM_FRONT_RIGHT/n008-2018-08-31-11-19-57-0400__CAM_FRONT_RIGHT__1535728961420482.jpg", "samples/CAM_BACK_LEFT/n008-2018-08-31-11-19-57-0400__CAM_BACK_LEFT__1535728961447405.jpg", "samples/CAM_BACK/n008-2018-08-31-11-19-57-0400__CAM_BACK__1535728961437558.jpg", "samples/CAM_BACK_RIGHT/n008-2018-08-31-11-19-57-0400__CAM_BACK_RIGHT__1535728961428113.jpg"], "intrinsics": [[[1257.8625342125129, 0.0, 827.2410631095686], [0.0, 1257.8625342125129, 450.915498205774], [0.0, 0.0, 1.0]], [[1252.8131021185304, 0.0, 826.588114781398], [0.0, 1252.8131021185304, 469.9846626224581], [0.0, 0.0, 1.0]], [[1256.7485116440405, 0.0, 817.7887570959712], [0.0, 1256.7485116440403, 451.9541780095127], [0.0, 0.0, 1.0]], [[1254.9860565800168, 0.0, 829.5769333630991], [0.0, 1254.9860565800168, 467.1680561863987], [0.0, 0.0, 1.0]], [[796.8910634503094, 0.0, 857.7774326863696], [0.0, 796.8910634503094, 476.8848988407415], [0.0, 0.0, 1.0]], [[1249.9629280788233, 0.0, 825.3768045375984], [0.0, 1249.9629280788233, 462.54816385708756], [0.0, 0.0, 1.0]]], "extrinsics": [[[0.8224095106124878, -0.5686873197555542, 0.015405600890517235, -0.9561767578125], [0.016760889440774918, -0.002847011899575591, -0.9998554587364197, 1.4892910718917847], [0.5686489939689636, 0.8225489258766174, 0.007190293166786432, -1.2996826171875], [0.0, 0.0, 0.0, 1.0]], [[0.010159184224903584, -0.9999244213104248, 0.006921753752976656, 0.0057373046875], [0.018646739423274994, -0.006731467787176371, -0.9998034834861755, 1.481093406677246], [0.9997744560241699, 0.010286311618983746, 0.01857694424688816, -1.685211181640625], [0.0, 0.0, 0.0, 1.0]], [[-0.8438905477523804, -0.5363245606422424, -0.014308908954262733, 1.0572509765625], [0.026593288406729698, -0.015176675282418728, -0.999531090259552, 1.4941158294677734], [0.5358559489250183, -0.8438754081726074, 0.02707008644938469, -1.256591796875], [0.0, 0.0, 0.0, 1.0]], [[0.9478994607925415, 0.3185677230358124, 0.0011653427500277758, -1.14251708984375], [0.0009506397764198482, 0.0008294326835311949, -0.9999992251396179, 1.5620462894439697], [-0.31856849789619446, 0.9478997588157654, 0.0004833768180105835, -0.1566162109375], [0.0, 0.0, 0.0, 1.0]], [[0.009267429821193218, 0.9999328255653381, -0.00696679437533021, -0.0286865234375], [0.0031637055799365044, -0.006996377371251583, -0.9999704957008362, 1.5681095123291016], [-0.9999520778656006, 0.009245077148079872, -0.00322833308018744, 0.028717041015625], [0.0, 0.0, 0.0, 1.0]], [[-0.9235941767692566, 0.38293009996414185, -0.018394406884908676, 1.1337890625], [0.007463423069566488, -0.030011838302016258, -0.9995216727256775, 1.5480308532714844], [-0.38329896330833435, -0.9232897162437439, 0.024860789999365807, -0.0548095703125], [0.0, 0.0, 0.0, 1.0]]], "view": [[0.0, -2.0, 100.0], [-2.0, 0.0, 100.0], [0.0, 0.0, 1.0]], "bev": "bev_724554ccb1c74a329b61ab82e60a77ca.png", "aux": "aux_724554ccb1c74a329b61ab82e60a77ca.npz", "visibility": "visibility_724554ccb1c74a329b61ab82e60a77ca.png", "pose": [[-0.7681690454483032, -0.640247106552124, 0.0, 1316.6370849609375], [0.640247106552124, -0.7681690454483032, 0.0, 1038.1978759765625], [0.0, 0.0, 1.0, 0.0], [0.0, 0.0, 0.0, 1.0]], "pose_inverse": [[-0.7681690454483032, 0.640247106552124, 0.0, 346.6966247558594], [-0.640247106552124, -0.7681690454483032, 0.0, 1640.4844970703125], [0.0, 0.0, 1.0, 0.0], [0.0, 0.0, 0.0, 1.0]], "cam_ids": [0, 1, 2, 3, 4, 5], "cam_channels": ["CAM_FRONT_LEFT", "CAM_FRONT", "CAM_FRONT_RIGHT", "CAM_BACK_LEFT", "CAM_BACK", "CAM_BACK_RIGHT"], "token": "724554ccb1c74a329b61ab82e60a77ca", "scene": "scene-0288"}, {"images": ["samples/CAM_FRONT_LEFT/n008-2018-08-31-11-19-57-0400__CAM_FRONT_LEFT__1535728961904799.jpg", "samples/CAM_FRONT/n008-2018-08-31-11-19-57-0400__CAM_FRONT__1535728961912404.jpg", "samples/CAM_FRONT_RIGHT/n008-2018-08-31-11-19-57-0400__CAM_FRONT_RIGHT__1535728961920482.jpg", "samples/CAM_BACK_LEFT/n008-2018-08-31-11-19-57-0400__CAM_BACK_LEFT__1535728961947405.jpg", "samples/CAM_BACK/n008-2018-08-31-11-19-57-0400__CAM_BACK__1535728961937558.jpg", "samples/CAM_BACK_RIGHT/n008-2018-08-31-11-19-57-0400__CAM_BACK_RIGHT__1535728961928113.jpg"], "intrinsics": [[[1257.8625342125129, 0.0, 827.2410631095686], [0.0, 1257.8625342125129, 450.915498205774], [0.0, 0.0, 1.0]], [[1252.8131021185304, 0.0, 826.588114781398], [0.0, 1252.8131021185304, 469.9846626224581], [0.0, 0.0, 1.0]], [[1256.7485116440405, 0.0, 817.7887570959712], [0.0, 1256.7485116440403, 451.9541780095127], [0.0, 0.0, 1.0]], [[1254.9860565800168, 0.0, 829.5769333630991], [0.0, 1254.9860565800168, 467.1680561863987], [0.0, 0.0, 1.0]], [[796.8910634503094, 0.0, 857.7774326863696], [0.0, 796.8910634503094, 476.8848988407415], [0.0, 0.0, 1.0]], [[1249.9629280788233, 0.0, 825.3768045375984], [0.0, 1249.9629280788233, 462.54816385708756], [0.0, 0.0, 1.0]]], "extrinsics": [[[0.822647213935852, -0.5685451030731201, 0.002853767015039921, -0.97021484375], [0.009748723357915878, 0.009086784906685352, -0.9999111890792847, 1.4886932373046875], [0.5684686899185181, 0.8226019740104675, 0.0130178052932024, -1.310302734375], [0.0, 0.0, 0.0, 1.0]], [[0.010439639911055565, -0.9999338984489441, -0.0048193191178143024, 0.006591796875], [0.011680195108056068, 0.004941195715218782, -0.999919593334198, 1.4805631637573242], [0.9998772740364075, 0.010382508859038353, 0.01173100620508194, -1.70037841796875], [0.0, 0.0, 0.0, 1.0]], [[-0.8438624143600464, -0.5363617539405823, -0.014579171314835548, 1.0687255859375], [0.019677143543958664, -0.0037820658180862665, -0.9997992515563965, 1.493596076965332], [0.5361989140510559, -0.8439797759056091, 0.013745606876909733, -1.2628173828125], [0.0, 0.0, 0.0, 1.0]], [[0.9478880167007446, 0.3185984492301941, -0.0018490354996174574, -1.142578125], [-0.005690203979611397, 0.011126184836030006, -0.9999218583106995, 1.5620346069335938], [-0.31855297088623047, 0.9478245377540588, 0.012359265238046646, -0.1566162109375], [0.0, 0.0, 0.0, 1.0]], [[0.00914329569786787, 0.9999513626098633, 0.003716678125783801, -0.029052734375], [-0.003580407239496708, 0.0037495489232242107, -0.9999865293502808, 1.5680208206176758], [-0.9999518990516663, 0.00912984274327755, 0.0036145157646387815, 0.033843994140625], [0.0, 0.0, 0.0, 1.0]], [[-0.9237573742866516, 0.38289913535118103, -0.007787420880049467, 1.142669677734375], [0.0006023881724104285, -0.018881138414144516, -0.9998215436935425, 1.5478324890136719], [-0.38297781348228455, -0.9235972762107849, 0.017210936173796654, -0.050537109375], [0.0, 0.0, 0.0, 1.0]]], "view": [[0.0, -2.0, 100.0], [-2.0, 0.0, 100.0], [0.0, 0.0, 1.0]], "bev": "bev_749b3be4b1b747bfa445da1e235394ed.png", "aux": "aux_749b3be4b1b747bfa445da1e235394ed.npz", "visibility": "visibility_749b3be4b1b747bfa445da1e235394ed.png", "pose": [[-0.7685887217521667, -0.6397432684898376, 0.0, 1316.221435546875], [0.6397432684898376, -0.7685887217521667, 0.0, 1038.5482177734375], [0.0, 0.0, 1.0, 0.0], [0.0, 0.0, 0.0, 1.0]], "pose_inverse": [[-0.7685887217521667, 0.6397432684898376, 0.0, 347.22869873046875], [-0.6397432684898376, -0.7685887217521667, 0.0, 1640.2601318359375], [0.0, 0.0, 1.0, 0.0], [0.0, 0.0, 0.0, 1.0]], "cam_ids": [0, 1, 2, 3, 4, 5], "cam_channels": ["CAM_FRONT_LEFT", "CAM_FRONT", "CAM_FRONT_RIGHT", "CAM_BACK_LEFT", "CAM_BACK", "CAM_BACK_RIGHT"], "token": "749b3be4b1b747bfa445da1e235394ed", "scene": "scene-0288"}, {"images": ["samples/CAM_FRONT_LEFT/n008-2018-08-31-11-19-57-0400__CAM_FRONT_LEFT__1535728962404799.jpg", "samples/CAM_FRONT/n008-2018-08-31-11-19-57-0400__CAM_FRONT__1535728962412404.jpg", "samples/CAM_FRONT_RIGHT/n008-2018-08-31-11-19-57-0400__CAM_FRONT_RIGHT__1535728962420482.jpg", "samples/CAM_BACK_LEFT/n008-2018-08-31-11-19-57-0400__CAM_BACK_LEFT__1535728962447405.jpg", "samples/CAM_BACK/n008-2018-08-31-11-19-57-0400__CAM_BACK__1535728962437558.jpg", "samples/CAM_BACK_RIGHT/n008-2018-08-31-11-19-57-0400__CAM_BACK_RIGHT__1535728962428113.jpg"], "intrinsics": [[[1257.8625342125129, 0.0, 827.2410631095686], [0.0, 1257.8625342125129, 450.915498205774], [0.0, 0.0, 1.0]], [[1252.8131021185304, 0.0, 826.588114781398], [0.0, 1252.8131021185304, 469.9846626224581], [0.0, 0.0, 1.0]], [[1256.7485116440405, 0.0, 817.7887570959712], [0.0, 1256.7485116440403, 451.9541780095127], [0.0, 0.0, 1.0]], [[1254.9860565800168, 0.0, 829.5769333630991], [0.0, 1254.9860565800168, 467.1680561863987], [0.0, 0.0, 1.0]], [[796.8910634503094, 0.0, 857.7774326863696], [0.0, 796.8910634503094, 476.8848988407415], [0.0, 0.0, 1.0]], [[1249.9629280788233, 0.0, 825.3768045375984], [0.0, 1249.9629280788233, 462.54816385708756], [0.0, 0.0, 1.0]]], "extrinsics": [[[0.8226244449615479, -0.5684610605239868, 0.011880218982696533, -0.99346923828125], [0.012706159614026546, -0.002509977901354432, -0.999916136264801, 1.4884672164916992], [0.5684431791305542, 0.8227064609527588, 0.005158185958862305, -1.3262939453125], [0.0, 0.0, 0.0, 1.0]], [[0.010412734933197498, -0.9999224543571472, 0.006820205133408308, 0.005859375], [0.014729849062860012, -0.006666453555226326, -0.9998693466186523, 1.480318546295166], [0.999837338924408, 0.010511788539588451, 0.014659292064607143, -1.724578857421875], [0.0, 0.0, 0.0, 1.0]], [[-0.8438474535942078, -0.5364702939987183, -0.011002486571669579, 1.0853271484375], [0.022823823615908623, -0.015399754978716373, -0.9996208548545837, 1.49322509765625], [0.536097526550293, -0.843778669834137, 0.02523934654891491, -1.27392578125], [0.0, 0.0, 0.0, 1.0]], [[0.9479122757911682, 0.31852298974990845, -0.002312909346073866, -1.14361572265625], [-0.0023384743835777044, -0.0003021295415237546, -0.9999971985816956, 1.5620416402816772], [-0.3185228407382965, 0.9479150772094727, 0.00045846469583921134, -0.15625], [0.0, 0.0, 0.0, 1.0]], [[0.009211449883878231, 0.9999270439147949, -0.007817398756742477, -0.0289306640625], [-0.00029054153128527105, -0.007815052755177021, -0.9999694228172302, 1.5680608749389648], [-0.9999576210975647, 0.009213472716510296, 0.00021853279031347483, 0.041961669921875], [0.0, 0.0, 0.0, 1.0]], [[-0.9236977100372314, 0.38281965255737305, -0.015217676758766174, 1.15667724609375], [0.0038244728930294514, -0.030504774302244186, -0.9995272755622864, 1.5478324890136719], [-0.3831028342247009, -0.923319399356842, 0.026713108643889427, -0.0450439453125], [0.0, 0.0, 0.0, 1.0]]], "view": [[0.0, -2.0, 100.0], [-2.0, 0.0, 100.0], [0.0, 0.0, 1.0]], "bev": "bev_5cc92285dce34dffbb0b7f0bd37b210c.png", "aux": "aux_5cc92285dce34dffbb0b7f0bd37b210c.npz", "visibility": "visibility_5cc92285dce34dffbb0b7f0bd37b210c.png", "pose": [[-0.7681247591972351, -0.6403002142906189, 0.0, 1315.986328125], [0.6403002142906189, -0.7681247591972351, 0.0, 1038.755615234375], [0.0, 0.0, 1.0, 0.0], [0.0, 0.0, 0.0, 1.0]], "pose_inverse": [[-0.7681247591972351, 0.6403002142906189, 0.0, 345.7261962890625], [-0.6403002142906189, -0.7681247591972351, 0.0, 1640.520263671875], [0.0, 0.0, 1.0, 0.0], [0.0, 0.0, 0.0, 1.0]], "cam_ids": [0, 1, 2, 3, 4, 5], "cam_channels": ["CAM_FRONT_LEFT", "CAM_FRONT", "CAM_FRONT_RIGHT", "CAM_BACK_LEFT", "CAM_BACK", "CAM_BACK_RIGHT"], "token": "5cc92285dce34dffbb0b7f0bd37b210c", "scene": "scene-0288"}, {"images": ["samples/CAM_FRONT_LEFT/n008-2018-08-31-11-19-57-0400__CAM_FRONT_LEFT__1535728962904799.jpg", "samples/CAM_FRONT/n008-2018-08-31-11-19-57-0400__CAM_FRONT__1535728962912404.jpg", "samples/CAM_FRONT_RIGHT/n008-2018-08-31-11-19-57-0400__CAM_FRONT_RIGHT__1535728962920482.jpg", "samples/CAM_BACK_LEFT/n008-2018-08-31-11-19-57-0400__CAM_BACK_LEFT__1535728962947405.jpg", "samples/CAM_BACK/n008-2018-08-31-11-19-57-0400__CAM_BACK__1535728962937558.jpg", "samples/CAM_BACK_RIGHT/n008-2018-08-31-11-19-57-0400__CAM_BACK_RIGHT__1535728962928113.jpg"], "intrinsics": [[[1257.8625342125129, 0.0, 827.2410631095686], [0.0, 1257.8625342125129, 450.915498205774], [0.0, 0.0, 1.0]], [[1252.8131021185304, 0.0, 826.588114781398], [0.0, 1252.8131021185304, 469.9846626224581], [0.0, 0.0, 1.0]], [[1256.7485116440405, 0.0, 817.7887570959712], [0.0, 1256.7485116440403, 451.9541780095127], [0.0, 0.0, 1.0]], [[1254.9860565800168, 0.0, 829.5769333630991], [0.0, 1254.9860565800168, 467.1680561863987], [0.0, 0.0, 1.0]], [[796.8910634503094, 0.0, 857.7774326863696], [0.0, 796.8910634503094, 476.8848988407415], [0.0, 0.0, 1.0]], [[1249.9629280788233, 0.0, 825.3768045375984], [0.0, 1249.9629280788233, 462.54816385708756], [0.0, 0.0, 1.0]]], "extrinsics": [[[0.8224084973335266, -0.5687453746795654, 0.01315242424607277, -0.99884033203125], [0.013920328579843044, -0.002994121052324772, -0.9998986124992371, 1.4883966445922852], [0.5687271952629089, 0.8225081562995911, 0.00545473163947463, -1.32958984375], [0.0, 0.0, 0.0, 1.0]], [[0.010115547105669975, -0.9999224543571472, 0.007263513281941414, 0.005859375], [0.015897372737526894, -0.007102154195308685, -0.9998484253883362, 1.4802637100219727], [0.9998224377632141, 0.010229438543319702, 0.015824299305677414, -1.728759765625], [0.0, 0.0, 0.0, 1.0]], [[-0.8439532518386841, -0.5362880825996399, -0.011744801886379719, 1.0870361328125], [0.02394120581448078, -0.015784958377480507, -0.9995887279510498, 1.4931793212890625], [0.5358821153640747, -0.8438873291015625, 0.026161154732108116, -1.27490234375], [0.0, 0.0, 0.0, 1.0]], [[0.9479156732559204, 0.31851857900619507, -0.001373660285025835, -1.14361572265625], [-0.0012549847597256303, -0.0005777974729426205, -0.9999990463256836, 1.5620436668395996], [-0.3185189962387085, 0.9479163885116577, -0.00014796614414080977, -0.15625], [0.0, 0.0, 0.0, 1.0]], [[0.009299466386437416, 0.9999239444732666, -0.00810446310788393, -0.029052734375], [0.0007912397268228233, -0.00811216700822115, -0.9999667406082153, 1.5680618286132812], [-0.9999564290046692, 0.009292732924222946, -0.0008666181820444763, 0.04254150390625], [0.0, 0.0, 0.0, 1.0]], [[-0.9236202239990234, 0.38295987248420715, -0.016347995027899742, 1.15765380859375], [0.004906198941171169, -0.030834972858428955, -0.9995124936103821, 1.5478324890136719], [-0.3832772374153137, -0.9232501983642578, 0.026600930839776993, -0.044677734375], [0.0, 0.0, 0.0, 1.0]]], "view": [[0.0, -2.0, 100.0], [-2.0, 0.0, 100.0], [0.0, 0.0, 1.0]], "bev": "bev_43accff0e25f4bb8803736465a7709a8.png", "aux": "aux_43accff0e25f4bb8803736465a7709a8.npz", "visibility": "visibility_43accff0e25f4bb8803736465a7709a8.png", "pose": [[-0.7683756947517395, -0.6399990320205688, 0.0, 1315.8980712890625], [0.6399990320205688, -0.7683756947517395, 0.0, 1038.8369140625], [0.0, 0.0, 1.0, 0.0], [0.0, 0.0, 0.0, 1.0]], "pose_inverse": [[-0.7683756947517395, 0.6399990320205688, 0.0, 346.24945068359375], [-0.6399990320205688, -0.7683756947517395, 0.0, 1640.3905029296875], [0.0, 0.0, 1.0, 0.0], [0.0, 0.0, 0.0, 1.0]], "cam_ids": [0, 1, 2, 3, 4, 5], "cam_channels": ["CAM_FRONT_LEFT", "CAM_FRONT", "CAM_FRONT_RIGHT", "CAM_BACK_LEFT", "CAM_BACK", "CAM_BACK_RIGHT"], "token": "43accff0e25f4bb8803736465a7709a8", "scene": "scene-0288"}, {"images": ["samples/CAM_FRONT_LEFT/n008-2018-08-31-11-19-57-0400__CAM_FRONT_LEFT__1535728963404799.jpg", "samples/CAM_FRONT/n008-2018-08-31-11-19-57-0400__CAM_FRONT__1535728963412404.jpg", "samples/CAM_FRONT_RIGHT/n008-2018-08-31-11-19-57-0400__CAM_FRONT_RIGHT__1535728963420482.jpg", "samples/CAM_BACK_LEFT/n008-2018-08-31-11-19-57-0400__CAM_BACK_LEFT__1535728963447405.jpg", "samples/CAM_BACK/n008-2018-08-31-11-19-57-0400__CAM_BACK__1535728963437558.jpg", "samples/CAM_BACK_RIGHT/n008-2018-08-31-11-19-57-0400__CAM_BACK_RIGHT__1535728963428113.jpg"], "intrinsics": [[[1257.8625342125129, 0.0, 827.2410631095686], [0.0, 1257.8625342125129, 450.915498205774], [0.0, 0.0, 1.0]], [[1252.8131021185304, 0.0, 826.588114781398], [0.0, 1252.8131021185304, 469.9846626224581], [0.0, 0.0, 1.0]], [[1256.7485116440405, 0.0, 817.7887570959712], [0.0, 1256.7485116440403, 451.9541780095127], [0.0, 0.0, 1.0]], [[1254.9860565800168, 0.0, 829.5769333630991], [0.0, 1254.9860565800168, 467.1680561863987], [0.0, 0.0, 1.0]], [[796.8910634503094, 0.0, 857.7774326863696], [0.0, 796.8910634503094, 476.8848988407415], [0.0, 0.0, 1.0]], [[1249.9629280788233, 0.0, 825.3768045375984], [0.0, 1249.9629280788233, 462.54816385708756], [0.0, 0.0, 1.0]]], "extrinsics": [[[0.8224482536315918, -0.5686147212982178, 0.01600804552435875, -1.005615234375], [0.017351729795336723, -0.003050677478313446, -0.9998447895050049, 1.4882805347442627], [0.5685752630233765, 0.8225983381271362, 0.007357423659414053, -1.334228515625], [0.0, 0.0, 0.0, 1.0]], [[0.010229254141449928, -0.9999203681945801, 0.007386863697320223, 0.005615234375], [0.01934313029050827, -0.007187997922301292, -0.9997870922088623, 1.4801511764526367], [0.999760627746582, 0.010369908064603806, 0.019268063828349113, -1.735565185546875], [0.0, 0.0, 0.0, 1.0]], [[-0.8438438773155212, -0.5363900661468506, -0.014600896276533604, 1.0911865234375], [0.02740180492401123, -0.01590126007795334, -0.9994980096817017, 1.4930591583251953], [0.5358886122703552, -0.8438203930854797, 0.028116237372159958, -1.2777099609375], [0.0, 0.0, 0.0, 1.0]], [[0.9478974938392639, 0.3185708820819855, 0.0017327375244349241, -1.14398193359375], [0.0020844105165451765, -0.0007630193140357733, -0.9999974966049194, 1.5620452165603638], [-0.31856879591941833, 0.9478987455368042, -0.0013872956624254584, -0.1561279296875], [0.0, 0.0, 0.0, 1.0]], [[0.009249879978597164, 0.9999233484268188, -0.008231786079704762, -0.0289306640625], [0.004124019294977188, -0.008270214311778545, -0.999957