[{"images": ["samples/CAM_FRONT_LEFT/n015-2018-07-27-11-36-48+0800__CAM_FRONT_LEFT__1532662748904844.jpg", "samples/CAM_FRONT/n015-2018-07-27-11-36-48+0800__CAM_FRONT__1532662748912460.jpg", "samples/CAM_FRONT_RIGHT/n015-2018-07-27-11-36-48+0800__CAM_FRONT_RIGHT__1532662748920339.jpg", "samples/CAM_BACK_LEFT/n015-2018-07-27-11-36-48+0800__CAM_BACK_LEFT__1532662748947423.jpg", "samples/CAM_BACK/n015-2018-07-27-11-36-48+0800__CAM_BACK__1532662748937538.jpg", "samples/CAM_BACK_RIGHT/n015-2018-07-27-11-36-48+0800__CAM_BACK_RIGHT__1532662748927893.jpg"], "intrinsics": [[[1272.5979470598488, 0.0, 826.6154927353808], [0.0, 1272.5979470598488, 479.75165386361925], [0.0, 0.0, 1.0]], [[1266.417203046554, 0.0, 816.2670197447984], [0.0, 1266.417203046554, 491.50706579294757], [0.0, 0.0, 1.0]], [[1260.8474446004698, 0.0, 807.968244525554], [0.0, 1260.8474446004698, 495.3344268742088], [0.0, 0.0, 1.0]], [[1256.7414812095406, 0.0, 792.1125740759628], [0.0, 1256.7414812095406, 492.7757465151356], [0.0, 0.0, 1.0]], [[809.2209905677063, 0.0, 829.2196003259838], [0.0, 809.2209905677063, 481.77842384512485], [0.0, 0.0, 1.0]], [[1259.5137405846733, 0.0, 807.2529053838625], [0.0, 1259.5137405846733, 501.19579884916527], [0.0, 0.0, 1.0]]], "extrinsics": [[[0.8331369757652283, -0.5528236031532288, -0.016393065452575684, -0.80859375], [-0.008519981056451797, 0.01680797152221203, -0.9998224377632141, 1.5067062377929688], [0.5530009269714355, 0.8331286311149597, 0.009293296374380589, -1.17047119140625], [0.0, 0.0, 0.0, 1.0]], [[0.024955444037914276, -0.9995988011360168, -0.013391711749136448, 0.0064239501953125], [-0.013923018239438534, 0.013047050684690475, -0.999817967414856, 1.5183486938476562], [0.9995915293693542, 0.025137372314929962, -0.013591837137937546, -1.53271484375], [0.0, 0.0, 0.0, 1.0]], [[-0.8237177133560181, -0.5669079422950745, -0.010214259847998619, 0.9276123046875], [-0.008786916732788086, 0.030775655061006546, -0.9994876980781555, 1.5027389526367188], [0.5669319033622742, -0.8232060074806213, -0.03033182956278324, -1.1834716796875], [0.0, 0.0, 0.0, 1.0]], [[0.9456918835639954, 0.3250642418861389, 0.00018873708904720843, -1.131591796875], [-0.0004880974593106657, 0.002000608714297414, -0.9999978542327881, 1.5885491371154785], [-0.32506391406059265, 0.9456897974014282, 0.00205062422901392, -0.10675048828125], [0.0, 0.0, 0.0, 1.0]], [[-0.007955469191074371, 0.9999027848243713, 0.011450694873929024, 0.0028076171875], [-0.025697531178593636, 0.011242845095694065, -0.9996065497398376, 1.5780029296875], [-0.9996380805969238, -0.008246617391705513, 0.025605591014027596, -0.051025390625], [0.0, 0.0, 0.0, 1.0]], [[-0.9396889805793762, 0.34202131628990173, 0.002455191919580102, 1.0516357421875], [0.0069992514327168465, 0.0264059379696846, -0.9996268153190613, 1.5521984100341797], [-0.34195852279663086, -0.9393211007118225, -0.02720726653933525, -0.0987548828125], [0.0, 0.0, 0.0, 1.0]]], "view": [[0.0, -2.0, 100.0], [-2.0, 0.0, 100.0], [0.0, 0.0, 1.0]], "bev": "bev_b654de15a5a14fd4a5d424df57c41571.png", "aux": "aux_b654de15a5a14fd4a5d424df57c41571.npz", "visibility": "visibility_b654de15a5a14fd4a5d424df57c41571.png", "pose": [[-0.2850455045700073, 0.9585139751434326, 0.0, 715.9859008789062], [-0.9585139751434326, -0.2850455045700073, 0.0, 1804.2315673828125], [0.0, 0.0, 1.0, 0.0], [0.0, 0.0, 0.0, 1.0]], "pose_inverse": [[-0.2850455045700073, -0.9585139751434326, 0.0, 1933.4697265625], [0.9585139751434326, -0.2850455045700073, 0.0, -171.99441528320312], [0.0, 0.0, 1.0, 0.0], [0.0, 0.0, 0.0, 1.0]], "cam_ids": [0, 1, 2, 3, 4, 5], "cam_channels": ["CAM_FRONT_LEFT", "CAM_FRONT", "CAM_FRONT_RIGHT", "CAM_BACK_LEFT", "CAM_BACK", "CAM_BACK_RIGHT"], "token": "b654de15a5a14fd4a5d424df57c41571", "scene": "scene-0180"}, {"images": ["samples/CAM_FRONT_LEFT/n015-2018-07-27-11-36-48+0800__CAM_FRONT_LEFT__1532662749404844.jpg", "samples/CAM_FRONT/n015-2018-07-27-11-36-48+0800__CAM_FRONT__1532662749412460.jpg", "samples/CAM_FRONT_RIGHT/n015-2018-07-27-11-36-48+0800__CAM_FRONT_RIGHT__1532662749420339.jpg", "samples/CAM_BACK_LEFT/n015-2018-07-27-11-36-48+0800__CAM_BACK_LEFT__1532662749447423.jpg", "samples/CAM_BACK/n015-2018-07-27-11-36-48+0800__CAM_BACK__1532662749437525.jpg", "samples/CAM_BACK_RIGHT/n015-2018-07-27-11-36-48+0800__CAM_BACK_RIGHT__1532662749427893.jpg"], "intrinsics": [[[1272.5979470598488, 0.0, 826.6154927353808], [0.0, 1272.5979470598488, 479.75165386361925], [0.0, 0.0, 1.0]], [[1266.417203046554, 0.0, 816.2670197447984], [0.0, 1266.417203046554, 491.50706579294757], [0.0, 0.0, 1.0]], [[1260.8474446004698, 0.0, 807.968244525554], [0.0, 1260.8474446004698, 495.3344268742088], [0.0, 0.0, 1.0]], [[1256.7414812095406, 0.0, 792.1125740759628], [0.0, 1256.7414812095406, 492.7757465151356], [0.0, 0.0, 1.0]], [[809.2209905677063, 0.0, 829.2196003259838], [0.0, 809.2209905677063, 481.77842384512485], [0.0, 0.0, 1.0]], [[1259.5137405846733, 0.0, 807.2529053838625], [0.0, 1259.5137405846733, 501.19579884916527], [0.0, 0.0, 1.0]]], "extrinsics": [[[0.8282988667488098, -0.5602598190307617, -0.0054631708189845085, -0.801025390625], [-0.0009341748664155602, 0.0083696898072958, -0.9999645352363586, 1.5080785751342773], [0.5602856278419495, 0.828274667263031, 0.00640922412276268, -1.1669921875], [0.0, 0.0, 0.0, 1.0]], [[0.016678106039762497, -0.9998510479927063, -0.004438765812665224, 0.00730133056640625], [-0.006222075317054987, 0.004335511475801468, -0.9999712705612183, 1.519500732421875], [0.999841570854187, 0.016705263406038284, -0.0061488403007388115, -1.52587890625], [0.0, 0.0, 0.0, 1.0]], [[-0.8280258774757385, -0.5605719089508057, -0.011504136025905609, 0.9237060546875], [-0.0007967269048094749, 0.021694160997867584, -0.9997642636299133, 1.503586769104004], [0.5606893301010132, -0.8278216123580933, -0.01840994693338871, -1.17767333984375], [0.0, 0.0, 0.0, 1.0]], [[0.9475086331367493, 0.31968963146209717, 0.005092446692287922, -1.1317138671875], [0.008060692809522152, -0.007962272502481937, -0.9999358057975769, 1.5886459350585938], [-0.3196285665035248, 0.9474888443946838, -0.010121242143213749, -0.107330322265625], [0.0, 0.0, 0.0, 1.0]], [[-0.0015027702320367098, 0.9999976754188538, 0.0015912010567262769, 0.00250244140625], [-0.017449524253606796, 0.0015647383406758308, -0.9998465776443481, 1.5783920288085938], [-0.9998466372489929, -0.0015302946558222175, 0.017447130754590034, -0.0535888671875], [0.0, 0.0, 0.0, 1.0]], [[-0.9371614456176758, 0.34879764914512634, -0.00828807707875967, 1.0460205078125], [0.015104904770851135, 0.01682860031723976, -0.9997442960739136, 1.5529327392578125], [-0.3485689163208008, -0.937047004699707, -0.02103966847062111, -0.0987548828125], [0.0, 0.0, 0.0, 1.0]]], "view": [[0.0, -2.0, 100.0], [-2.0, 0.0, 100.0], [0.0, 0.0, 1.0]], "bev": "bev_8e9e6d806dd04598adeadc8a31cc427b.png", "aux": "aux_8e9e6d806dd04598adeadc8a31cc427b.npz", "visibility": "visibility_8e9e6d806dd04598adeadc8a31cc427b.png", "pose": [[-0.4345044791698456, 0.9006696939468384, 0.0, 715.1661376953125], [-0.9006696939468384, -0.4345044791698456, 0.0, 1802.1220703125], [0.0, 0.0, 1.0, 0.0], [0.0, 0.0, 0.0, 1.0]], "pose_inverse": [[-0.4345044791698456, -0.9006696939468384, 0.0, 1933.859619140625], [0.9006696939468384, -0.4345044791698456, 0.0, 138.90167236328125], [0.0, 0.0, 1.0, 0.0], [0.0, 0.0, 0.0, 1.0]], "cam_ids": [0, 1, 2, 3, 4, 5], "cam_channels": ["CAM_FRONT_LEFT", "CAM_FRONT", "CAM_FRONT_RIGHT", "CAM_BACK_LEFT", "CAM_BACK", "CAM_BACK_RIGHT"], "token": "8e9e6d806dd04598adeadc8a31cc427b", "scene": "scene-0180"}, {"images": ["samples/CAM_FRONT_LEFT/n015-2018-07-27-11-36-48+0800__CAM_FRONT_LEFT__1532662749904844.jpg", "samples/CAM_FRONT/n015-2018-07-27-11-36-48+0800__CAM_FRONT__1532662749912460.jpg", "samples/CAM_FRONT_RIGHT/n015-2018-07-27-11-36-48+0800__CAM_FRONT_RIGHT__1532662749920339.jpg", "samples/CAM_BACK_LEFT/n015-2018-07-27-11-36-48+0800__CAM_BACK_LEFT__1532662749947423.jpg", "samples/CAM_BACK/n015-2018-07-27-11-36-48+0800__CAM_BACK__1532662749937525.jpg", "samples/CAM_BACK_RIGHT/n015-2018-07-27-11-36-48+0800__CAM_BACK_RIGHT__1532662749927893.jpg"], "intrinsics": [[[1272.5979470598488, 0.0, 826.6154927353808], [0.0, 1272.5979470598488, 479.75165386361925], [0.0, 0.0, 1.0]], [[1266.417203046554, 0.0, 816.2670197447984], [0.0, 1266.417203046554, 491.50706579294757], [0.0, 0.0, 1.0]], [[1260.8474446004698, 0.0, 807.968244525554], [0.0, 1260.8474446004698, 495.3344268742088], [0.0, 0.0, 1.0]], [[1256.7414812095406, 0.0, 792.1125740759628], [0.0, 1256.7414812095406, 492.7757465151356], [0.0, 0.0, 1.0]], [[809.2209905677063, 0.0, 829.2196003259838], [0.0, 809.2209905677063, 481.77842384512485], [0.0, 0.0, 1.0]], [[1259.5137405846733, 0.0, 807.2529053838625], [0.0, 1259.5137405846733, 501.19579884916527], [0.0, 0.0, 1.0]]], "extrinsics": [[[0.8274043202400208, -0.5615995526313782, -0.0028470053803175688, -0.7984619140625], [-0.006953561212867498, -0.005175408907234669, -0.9999624490737915, 1.5068283081054688], [0.5615637302398682, 0.8273929953575134, -0.008187271654605865, -1.16455078125], [0.0, 0.0, 0.0, 1.0]], [[0.015316344797611237, -0.9998374581336975, 0.009510013274848461, 0.006500244140625], [-0.012122053653001785, -0.009696109220385551, -0.9998795390129089, 1.5184860229492188], [0.9998091459274292, 0.015199282206594944, -0.012268591672182083, -1.52392578125], [0.0, 0.0, 0.0, 1.0]], [[-0.828748881816864, -0.5596188306808472, 0.0014263394987210631, 0.9232177734375], [-0.006544301752001047, 0.007142915856093168, -0.9999530911445618, 1.5028018951416016], [0.5595824122428894, -0.8287193775177002, -0.00958199705928564, -1.177001953125], [0.0, 0.0, 0.0, 1.0]], [[0.9475924968719482, 0.3194411098957062, -0.0050792270340025425, -1.134521484375], [0.0028942932840436697, -0.02448117546737194, -0.9996960759162903, 1.5885777473449707], [-0.31946834921836853, 0.9472898840904236, -0.024122735485434532, -0.10626220703125], [0.0, 0.0, 0.0, 1.0]], [[-0.0007590713212266564, 0.9998999834060669, -0.014125991612672806, 0.00286865234375], [-0.02281133644282818, -0.014139633625745773, -0.9996398091316223, 1.578155517578125], [-0.9997394680976868, -0.00043659243965521455, 0.02281978726387024, -0.051025390625], [0.0, 0.0, 0.0, 1.0]], [[-0.93681800365448, 0.3497190475463867, -0.008287414908409119, 1.0469970703125], [0.00952346995472908, 0.0018149763345718384, -0.999953031539917, 1.5523624420166016], [-0.3496876060962677, -0.9368528723716736, -0.0050308420322835445, -0.0980224609375], [0.0, 0.0, 0.0, 1.0]]], "view": [[0.0, -2.0, 100.0], [-2.0, 0.0, 100.0], [0.0, 0.0, 1.0]], "bev": "bev_49510f26ba2e4a1fb4b682e665f096cd.png", "aux": "aux_49510f26ba2e4a1fb4b682e665f096cd.npz", "visibility": "visibility_49510f26ba2e4a1fb4b682e665f096cd.png", "pose": [[-0.5573137402534485, 0.8303020000457764, 0.0, 714.0299072265625], [-0.8303020000457764, -0.5573137402534485, 0.0, 1800.1470947265625], [0.0, 0.0, 1.0, 0.0], [0.0, 0.0, 0.0, 1.0]], "pose_inverse": [[-0.5573137402534485, -0.8303020000457764, 0.0, 1892.6043701171875], [0.8303020000457764, -0.5573137402534485, 0.0, 410.3861999511719], [0.0, 0.0, 1.0, 0.0], [0.0, 0.0, 0.0, 1.0]], "cam_ids": [0, 1, 2, 3, 4, 5], "cam_channels": ["CAM_FRONT_LEFT", "CAM_FRONT", "CAM_FRONT_RIGHT", "CAM_BACK_LEFT", "CAM_BACK", "CAM_BACK_RIGHT"], "token": "49510f26ba2e4a1fb4b682e665f096cd", "scene": "scene-0180"}, {"images": ["samples/CAM_FRONT_LEFT/n015-2018-07-27-11-36-48+0800__CAM_FRONT_LEFT__1532662750404844.jpg", "samples/CAM_FRONT/n015-2018-07-27-11-36-48+0800__CAM_FRONT__1532662750412460.jpg", "samples/CAM_FRONT_RIGHT/n015-2018-07-27-11-36-48+0800__CAM_FRONT_RIGHT__1532662750420339.jpg", "samples/CAM_BACK_LEFT/n015-2018-07-27-11-36-48+0800__CAM_BACK_LEFT__1532662750447423.jpg", "samples/CAM_BACK/n015-2018-07-27-11-36-48+0800__CAM_BACK__1532662750437525.jpg", "samples/CAM_BACK_RIGHT/n015-2018-07-27-11-36-48+0800__CAM_BACK_RIGHT__1532662750427893.jpg"], "intrinsics": [[[1272.5979470598488, 0.0, 826.6154927353808], [0.0, 1272.5979470598488, 479.75165386361925], [0.0, 0.0, 1.0]], [[1266.417203046554, 0.0, 816.2670197447984], [0.0, 1266.417203046554, 491.50706579294757], [0.0, 0.0, 1.0]], [[1260.8474446004698, 0.0, 807.968244525554], [0.0, 1260.8474446004698, 495.3344268742088], [0.0, 0.0, 1.0]], [[1256.7414812095406, 0.0, 792.1125740759628], [0.0, 1256.7414812095406, 492.7757465151356], [0.0, 0.0, 1.0]], [[809.2209905677063, 0.0, 829.2196003259838], [0.0, 809.2209905677063, 481.77842384512485], [0.0, 0.0, 1.0]], [[1259.5137405846733, 0.0, 807.2529053838625], [0.0, 1259.5137405846733, 501.19579884916527], [0.0, 0.0, 1.0]]], "extrinsics": [[[0.8263657093048096, -0.5631335973739624, -0.0005263520870357752, -0.80224609375], [-0.0028247348964214325, -0.003210458206012845, -0.9999908208847046, 1.5076770782470703], [0.5631267428398132, 0.8263596296310425, -0.004243715666234493, -1.1658935546875], [0.0, 0.0, 0.0, 1.0]], [[0.01415968593209982, -0.9998736381530762, 0.007226743269711733, 0.005126953125], [-0.008288881741464138, -0.007344596553593874, -0.9999387264251709, 1.5191516876220703], [0.9998653531074524, 0.014098910614848137, -0.008391832001507282, -1.527587890625], [0.0, 0.0, 0.0, 1.0]], [[-0.8289965987205505, -0.5592454075813293, -0.003040562616661191, 0.9248046875], [-0.0030002568382769823, 0.009884038008749485, -0.999946653842926, 1.503277063369751], [0.5592455863952637, -0.8289431929588318, -0.009871713817119598, -1.178466796875], [0.0, 0.0, 0.0, 1.0]], [[0.9471143484115601, 0.32089078426361084, -0.001855085021816194, -1.136962890625], [0.0050936429761350155, -0.020813684910535812, -0.9997704029083252, 1.5885776281356812], [-0.3208557665348053, 0.9468874335289001, -0.021347446367144585, -0.10507965087890625], [0.0, 0.0, 0.0, 1.0]], [[-0.0016404209891334176, 0.9999417066574097, -0.010672757402062416, 0.0032958984375], [-0.020082110539078712, -0.010703559964895248, -0.9997410774230957, 1.5783195495605469], [-0.999796986579895, -0.001425624475814402, 0.020098498091101646, -0.0494384765625], [0.0, 0.0, 0.0, 1.0]], [[-0.936855673789978, 0.34956690669059753, -0.010216397233307362, 1.0482177734375], [0.01273332443088293, 0.0049027493223547935, -0.9999069571495056, 1.5526618957519531], [-0.34948429465293884, -0.9368985891342163, -0.009044318459928036, -0.09814453125], [0.0, 0.0, 0.0, 1.0]]], "view": [[0.0, -2.0, 100.0], [-2.0, 0.0, 100.0], [0.0, 0.0, 1.0]], "bev": "bev_b5ad24953a0242c387fe5e4ed8532068.png", "aux": "aux_b5ad24953a0242c387fe5e4ed8532068.npz", "visibility": "visibility_b5ad24953a0242c387fe5e4ed8532068.png", "pose": [[-0.6376075148582458, 0.7703613638877869, 0.0, 712.6936645507812], [-0.7703613638877869, -0.6376075148582458, 0.0, 1798.3355712890625], [0.0, 0.0, 1.0, 0.0], [0.0, 0.0, 0.0, 1.0]], "pose_inverse": [[-0.6376075148582458, -0.7703613638877869, 0.0, 1839.787109375], [0.7703613638877869, -0.6376075148582458, 0.0, 597.6006469726562], [0.0, 0.0, 1.0, 0.0], [0.0, 0.0, 0.0, 1.0]], "cam_ids": [0, 1, 2, 3, 4, 5], "cam_channels": ["CAM_FRONT_LEFT", "CAM_FRONT", "CAM_FRONT_RIGHT", "CAM_BACK_LEFT", "CAM_BACK", "CAM_BACK_RIGHT"], "token": "b5ad24953a0242c387fe5e4ed8532068", "scene": "scene-0180"}, {"images": ["samples/CAM_FRONT_LEFT/n015-2018-07-27-11-36-48+0800__CAM_FRONT_LEFT__1532662750904844.jpg", "samples/CAM_FRONT/n015-2018-07-27-11-36-48+0800__CAM_FRONT__1532662750912460.jpg", "samples/CAM_FRONT_RIGHT/n015-2018-07-27-11-36-48+0800__CAM_FRONT_RIGHT__1532662750920339.jpg", "samples/CAM_BACK_LEFT/n015-2018-07-27-11-36-48+0800__CAM_BACK_LEFT__1532662750947423.jpg", "samples/CAM_BACK/n015-2018-07-27-11-36-48+0800__CAM_BACK__1532662750937525.jpg", "samples/CAM_BACK_RIGHT/n015-2018-07-27-11-36-48+0800__CAM_BACK_RIGHT__1532662750927893.jpg"], "intrinsics": [[[1272.5979470598488, 0.0, 826.6154927353808], [0.0, 1272.5979470598488, 479.75165386361925], [0.0, 0.0, 1.0]], [[1266.417203046554, 0.0, 816.2670197447984], [0.0, 1266.417203046554, 491.50706579294757], [0.0, 0.0, 1.0]], [[1260.8474446004698, 0.0, 807.968244525554], [0.0, 1260.8474446004698, 495.3344268742088], [0.0, 0.0, 1.0]], [[1256.7414812095406, 0.0, 792.1125740759628], [0.0, 1256.7414812095406, 492.7757465151356], [0.0, 0.0, 1.0]], [[809.2209905677063, 0.0, 829.2196003259838], [0.0, 809.2209905677063, 481.77842384512485], [0.0, 0.0, 1.0]], [[1259.5137405846733, 0.0, 807.2529053838625], [0.0, 1259.5137405846733, 501.19579884916527], [0.0, 0.0, 1.0]]], "extrinsics": [[[0.8228926062583923, -0.5681678652763367, -0.0057398355565965176, -0.80615234375], [-0.008718294091522694, -0.0025249943137168884, -0.9999587535858154, 1.5065393447875977], [0.5681300163269043, 0.8229086995124817, -0.007031254470348358, -1.1669921875], [0.0, 0.0, 0.0, 1.0]], [[0.00878670159727335, -0.9999405145645142, 0.006461494602262974, 0.00384521484375], [-0.014125415123999119, -0.006585217081010342, -0.9998785853385925, 1.5182476043701172], [0.9998615980148315, 0.008694371208548546, -0.014182436279952526, -1.531982421875], [0.0, 0.0, 0.0, 1.0]], [[-0.831642210483551, -0.5553103089332581, 0.0012915109982714057, 0.9278564453125], [-0.008671016432344913, 0.010660337284207344, -0.9999055862426758, 1.5025949478149414], [0.5552440881729126, -0.8315749168395996, -0.01368069089949131, -1.181915283203125], [0.0, 0.0, 0.0, 1.0]], [[0.9477829933166504, 0.31884804368019104, -0.006585353519767523, -1.140869140625], [-0.0003226945991627872, -0.019690359011292458, -0.9998060464859009, 1.5885343551635742], [-0.31891581416130066, 0.947601318359375, -0.018559295684099197, -0.10303497314453125], [0.0, 0.0, 0.0, 1.0]], [[0.0015114410780370235, 0.9999515414237976, -0.009728836826980114, 0.00439453125], [-0.025629092007875443, -0.009686917066574097, -0.9996245503425598, 1.5781707763671875], [-0.9996703863143921, 0.0017602515872567892, 0.02561320550739765, -0.0440673828125], [0.0, 0.0, 0.0, 1.0]], [[-0.9354549050331116, 0.35341551899909973, -0.0046406155452132225, 1.052978515625], [0.007108808029443026, 0.005686072167009115, -0.9999585747718811, 1.5520973205566406], [-0.3533744513988495, -0.9354491829872131, -0.007831428200006485, -0.0972900390625], [0.0, 0.0, 0.0, 1.0]]], "view": [[0.0, -2.0, 100.0], [-2.0, 0.0, 100.0], [0.0, 0.0, 1.0]], "bev": "bev_e50eb5545ec241ab892ad3990528ad4d.png", "aux": "aux_e50eb5545ec241ab892ad3990528ad4d.npz", "visibility": "visibility_e50eb5545ec241ab892ad3990528ad4d.png", "pose": [[-0.6840759515762329, 0.7294107675552368, 0.0, 711.2128295898438], [-0.7294107675552368, -0.6840759515762329, 0.0, 1796.647705078125], [0.0, 0.0, 1.0, 0.0], [0.0, 0.0, 0.0, 1.0]], "pose_inverse": [[-0.6840759515762329, -0.7294107675552368, 0.0, 1797.017822265625], [0.7294107675552368, -0.6840759515762329, 0.0, 710.2771606445312], [0.0, 0.0, 1.0, 0.0], [0.0, 0.0, 0.0, 1.0]], "cam_ids": [0, 1, 2, 3, 4, 5], "cam_channels": ["CAM_FRONT_LEFT", "CAM_FRONT", "CAM_FRONT_RIGHT", "CAM_BACK_LEFT", "CAM_BACK", "CAM_BACK_RIGHT"], "token": "e50eb5545ec241ab892ad3990528ad4d", "scene": "scene-0180"}, {"images": ["samples/CAM_FRONT_LEFT/n015-2018-07-27-11-36-48+0800__CAM_FRONT_LEFT__1532662751404844.jpg", "samples/CAM_FRONT/n015-2018-07-27-11-36-48+0800__CAM_FRONT__1532662751412460.jpg", "samples/CAM_FRONT_RIGHT/n015-2018-07-27-11-36-48+0800__CAM_FRONT_RIGHT__1532662751420339.jpg", "samples/CAM_BACK_LEFT/n015-2018-07-27-11-36-48+0800__CAM_BACK_LEFT__1532662751447452.jpg", "samples/CAM_BACK/n015-2018-07-27-11-36-48+0800__CAM_BACK__1532662751437525.jpg", "samples/CAM_BACK_RIGHT/n015-2018-07-27-11-36-48+0800__CAM_BACK_RIGHT__1532662751427893.jpg"], "intrinsics": [[[1272.5979470598488, 0.0, 826.6154927353808], [0.0, 1272.5979470598488, 479.75165386361925], [0.0, 0.0, 1.0]], [[1266.417203046554, 0.0, 816.2670197447984], [0.0, 1266.417203046554, 491.50706579294757], [0.0, 0.0, 1.0]], [[1260.8474446004698, 0.0, 807.968244525554], [0.0, 1260.8474446004698, 495.3344268742088], [0.0, 0.0, 1.0]], [[1256.7414812095406, 0.0, 792.1125740759628], [0.0, 1256.7414812095406, 492.7757465151356], [0.0, 0.0, 1.0]], [[809.2209905677063, 0.0, 829.2196003259838], [0.0, 809.2209905677063, 481.77842384512485], [0.0, 0.0, 1.0]], [[1259.5137405846733, 0.0, 807.2529053838625], [0.0, 1259.5137405846733, 501.19579884916527], [0.0, 0.0, 1.0]]], "extrinsics": [[[0.8219609260559082, -0.569304347038269, -0.016519811004400253, -0.7962646484375], [-0.019005771726369858, 0.0015717532951384783, -0.9998181462287903, 1.5043449401855469], [0.5692267417907715, 0.8221253752708435, -0.009528148919343948, -1.163330078125], [0.0, 0.0, 0.0, 1.0]], [[0.007653926033526659, -0.9999681115150452, 0.0022684456780552864, 0.00628662109375], [-0.0244239903986454, -0.0024547800421714783, -0.9996986985206604, 1.5164108276367188], [0.9996723532676697, 0.007596214767545462, -0.024441998451948166, -1.5234375], [0.0, 0.0, 0.0, 1.0]], [[-0.8321223258972168, -0.5545404553413391, 0.007565017323940992, 0.923095703125], [-0.018960321322083473, 0.014813127927482128, -0.9997105002403259, 1.5011634826660156], [0.5542678833007812, -0.832024872303009, -0.022840598598122597, -1.17626953125], [0.0, 0.0, 0.0, 1.0]], [[0.9476356506347656, 0.3189971446990967, -0.015080371871590614, -1.1396484375], [-0.010720564983785152, -0.015418696217238903, -0.9998236298561096, 1.5885257720947266], [-0.3191733956336975, 0.9476302862167358, -0.011191477067768574, -0.104522705078125], [0.0, 0.0, 0.0, 1.0]], [[0.00179791240952909, 0.9999830722808838, -0.005536272190511227, 0.003173828125], [-0.03598173335194588, -0.005468002986162901, -0.9993374943733215, 1.5775909423828125], [-0.9993508458137512, 0.0019959306810051203, 0.03597129136323929, -0.04736328125], [0.0, 0.0, 0.0, 1.0]], [[-0.9351887702941895, 0.35409030318260193, 0.006485148333013058, 1.047607421875], [-0.003203724976629019, 0.009852602146565914, -0.9999463558197021, 1.551146149635315], [-0.3541352152824402, -0.9351593255996704, -0.008079634048044682, -0.0972900390625], [0.0, 0.0, 0.0, 1.0]]], "view": [[0.0, -2.0, 100.0], [-2.0, 0.0, 100.0], [0.0, 0.0, 1.0]], "bev": "bev_8ee010d1186e4048a203896ebf280765.png", "aux": "aux_8ee010d1186e4048a203896ebf280765.npz", "visibility": "visibility_8ee010d1186e4048a203896ebf280765.png", "pose": [[-0.7078958749771118, 0.7063168287277222, 0.0, 709.61181640625], [-0.7063168287277222, -0.7078958749771118, 0.0, 1795.0023193359375], [0.0, 0.0, 1.0, 0.0], [0.0, 0.0, 0.0, 1.0]], "pose_inverse": [[-0.7078958749771118, -0.7063168287277222, 0.0, 1770.171630859375], [0.7063168287277222, -0.7078958749771118, 0.0, 769.4639282226562], [0.0, 0.0, 1.0, 0.0], [0.0, 0.0, 0.0, 1.0]], "cam_ids": [0, 1, 2, 3, 4, 5], "cam_channels": ["CAM_FRONT_LEFT", "CAM_FRONT", "CAM_FRONT_RIGHT", "CAM_BACK_LEFT", "CAM_BACK", "CAM_BACK_RIGHT"], "token": "8ee010d1186e4048a203896ebf280765", "scene": "scene-0180"}, {"images": ["samples/CAM_FRONT_LEFT/n015-2018-07-27-11-36-48+0800__CAM_FRONT_LEFT__1532662751904844.jpg", "samples/CAM_FRONT/n015-2018-07-27-11-36-48+0800__CAM_FRONT__1532662751912460.jpg", "samples/CAM_FRONT_RIGHT/n015-2018-07-27-11-36-48+0800__CAM_FRONT_RIGHT__1532662751920339.jpg", "samples/CAM_BACK_LEFT/n015-2018-07-27-11-36-48+0800__CAM_BACK_LEFT__1532662751947423.jpg", "samples/CAM_BACK/n015-2018-07-27-11-36-48+0800__CAM_BACK__1532662751937525.jpg", "samples/CAM_BACK_RIGHT/n015-2018-07-27-11-36-48+0800__CAM_BACK_RIGHT__1532662751927893.jpg"], "intrinsics": [[[1272.5979470598488, 0.0, 826.6154927353808], [0.0, 1272.5979470598488, 479.75165386361925], [0.0, 0.0, 1.0]], [[1266.417203046554, 0.0, 816.2670197447984], [0.0, 1266.417203046554, 491.50706579294757], [0.0, 0.0, 1.0]], [[1260.8474446004698, 0.0, 807.968244525554], [0.0, 1260.8474446004698, 495.3344268742088], [0.0, 0.0, 1.0]], [[1256.7414812095406, 0.0, 792.1125740759628], [0.0, 1256.7414812095406, 492.7757465151356], [0.0, 0.0, 1.0]], [[809.2209905677063, 0.0, 829.2196003259838], [0.0, 809.2209905677063, 481.77842384512485], [0.0, 0.0, 1.0]], [[1259.5137405846733, 0.0, 807.2529053838625], [0.0, 1259.5137405846733, 501.19579884916527], [0.0, 0.0, 1.0]]], "extrinsics": [[[0.820835292339325, -0.5706819891929626, -0.023482227697968483, -0.7987060546875], [-0.024327807128429413, 0.006143020465970039, -0.9996851682662964, 1.5033302307128906], [0.5706465840339661, 0.8211480975151062, -0.008841034956276417, -1.165771484375], [0.0, 0.0, 0.0, 1.0]], [[0.006180316675454378, -0.9999778866767883, -0.002394285285845399, 0.00677490234375], [-0.02957773022353649, 0.0022104806266725063, -0.9995600581169128, 1.515625], [0.9995433688163757, 0.006248482037335634, -0.02956341952085495, -1.5263671875], [0.0, 0.0, 0.0, 1.0]], [[-0.832726240158081, -0.55361008644104, 0.009093702770769596, 0.92529296875], [-0.023914191871881485, 0.019552774727344513, -0.9995227456092834, 1.500558853149414], [0.5531681180000305, -0.8325463533401489, -0.02952124923467636, -1.17706298828125], [0.0, 0.0, 0.0, 1.0]], [[0.9476482272148132, 0.31881970167160034, -0.017800582572817802, -1.1419677734375], [-0.015238834545016289, -0.010527810081839561, -0.9998284578323364, 1.5885467529296875], [-0.31895238161087036, 0.9477568864822388, -0.005118218716233969, -0.1035308837890625], [0.0, 0.0, 0.0, 1.0]], [[0.0023295192513614893, 0.9999970197677612, -0.0007360873278230429, 0.00274658203125], [-0.04059721902012825, -0.000640913553070277, -0.9991753697395325, 1.5774383544921875], [-0.9991728067398071, 0.0023574193473905325, 0.040595605969429016, -0.045654296875], [0.0, 0.0, 0.0, 1.0]], [[-0.9348341226577759, 0.3548590838909149, 0.012654458172619343, 1.0489501953125], [-0.008001935668289661, 0.01457542460411787, -0.9998617172241211, 1.5506970882415771], [-0.3549944758415222, -0.934806227684021, -0.010786044411361217, -0.09619140625], [0.0, 0.0, 0.0, 1.0]]], "view": [[0.0, -2.0, 100.0], [-2.0, 0.0, 100.0], [0.0, 0.0, 1.0]], "bev": "bev_3b3d36257e374e399bda70f635ef656e.png", "aux": "aux_3b3d36257e374e399bda70f635ef656e.npz", "visibility": "visibility_3b3d36257e374e399bda70f635ef656e.png", "pose": [[-0.7163734436035156, 0.697717010974884, 0.0, 707.9448852539062], [-0.697717010974884, -0.7163734436035156, 0.0, 1793.365966796875], [0.0, 0.0, 1.0, 0.0], [0.0, 0.0, 0.0, 1.0]], "pose_inverse": [[-0.7163734436035156, -0.697717010974884, 0.0, 1758.4149169921875], [0.697717010974884, -0.7163734436035156, 0.0, 790.7745971679688], [0.0, 0.0, 1.0, 0.0], [0.0, 0.0, 0.0, 1.0]], "cam_ids": [0, 1, 2, 3, 4, 5], "cam_channels": ["CAM_FRONT_LEFT", "CAM_FRONT", "CAM_FRONT_RIGHT", "CAM_BACK_LEFT", "CAM_BACK", "CAM_BACK_RIGHT"], "token": "3b3d36257e374e399bda70f635ef656e", "scene": "scene-0180"}, {"images": ["samples/CAM_FRONT_LEFT/n015-2018-07-27-11-36-48+0800__CAM_FRONT_LEFT__1532662752404854.jpg", "samples/CAM_FRONT/n015-2018-07-27-11-36-48+0800__CAM_FRONT__1532662752412460.jpg", "samples/CAM_FRONT_RIGHT/n015-2018-07-27-11-36-48+0800__CAM_FRONT_RIGHT__1532662752420339.jpg", "samples/CAM_BACK_LEFT/n015-2018-07-27-11-36-48+0800__CAM_BACK_LEFT__1532662752447423.jpg", "samples/CAM_BACK/n015-2018-07-27-11-36-48+0800__CAM_BACK__1532662752437541.jpg", "samples/CAM_BACK_RIGHT/n015-2018-07-27-11-36-48+0800__CAM_BACK_RIGHT__1532662752427893.jpg"], "intrinsics": [[[1272.5979470598488, 0.0, 826.6154927353808], [0.0, 1272.5979470598488, 479.75165386361925], [0.0, 0.0, 1.0]], [[1266.417203046554, 0.0, 816.2670197447984], [0.0, 1266.417203046554, 491.50706579294757], [0.0, 0.0, 1.0]], [[1260.8474446004698, 0.0, 807.968244525554], [0.0, 1260.8474446004698, 495.3344268742088], [0.0, 0.0, 1.0]], [[1256.7414812095406, 0.0, 792.1125740759628], [0.0, 1256.7414812095406, 492.7757465151356], [0.0, 0.0, 1.0]], [[809.2209905677063, 0.0, 829.2196003259838], [0.0, 809.2209905677063, 481.77842384512485], [0.0, 0.0, 1.0]], [[1259.5137405846733, 0.0, 807.2529053838625], [0.0, 1259.5137405846733, 501.19579884916527], [0.0, 0.0, 1.0]]], "extrinsics": [[[0.8202531933784485, -0.5710630416870117, -0.03273898363113403, -0.79248046875], [-0.03182658925652504, 0.011582504957914352, -0.9994263052940369, 1.5015602111816406], [0.5711145997047424, 0.8208245635032654, -0.008674400858581066, -1.1611328125], [0.0, 0.0, 0.0, 1.0]], [[0.005586263723671436, -0.9999526143074036, -0.007969687692821026, 0.0067138671875], [-0.037268709391355515, 0.007756086066365242, -0.9992752075195312, 1.5141067504882812], [0.9992896318435669, 0.005879224743694067, -0.03722361847758293, -1.5201416015625], [0.0, 0.0, 0.0, 1.0]], [[-0.8328971862792969, -0.5532857179641724, 0.012542201206088066, 0.921630859375], [-0.03179298713803291, 0.025210151448845863, -0.9991764426231384, 1.4993858337402344], [0.552513837814331, -0.832610011100769, -0.03858806565403938, -1.174530029296875], [0.0, 0.0, 0.0, 1.0]], [[0.9474510550498962, 0.31899574398994446, -0.02404775097966194, -1.1414794921875], [-0.02390843816101551, -0.00435295095667243, -0.9997046589851379, 1.5885353088378906], [-0.31900614500045776, 0.947746217250824, 0.003502482082694769, -0.104034423828125], [0.0, 0.0, 0.0, 1.0]], [[0.0025515637826174498, 0.9999831914901733, 0.005220253020524979, 0.0028076171875], [-0.04898647964000702, 0.005338992923498154, -0.9987851977348328, 1.5769500732421875], [-0.9987962245941162, 0.0022927268873900175, 0.048999276012182236, -0.0472412109375], [0.0, 0.0, 0.0, 1.0]], [[-0.9345585107803345, 0.35511133074760437, 0.02227937988936901, 1.0460205078125], [-0.016088848933577538, 0.020376428961753845, -0.9996629357337952, 1.549891471862793], [-0.3554455637931824, -0.9346019625663757, -0.013329633511602879, -0.09765625], [0.0, 0.0, 0.0, 1.0]]], "view": [[0.0, -2.0, 100.0], [-2.0, 0.0, 100.0], [0.0, 0.0, 1.0]], "bev": "bev_a6f4cee4d83948a092e916e115574373.png", "aux": "aux_a6f4cee4d83948a092e916e115574373.npz", "visibility": "visibility_a6f4cee4d83948a092e916e115574373.png", "pose": [[-0.7204062342643738, 0.6935523748397827, 0.0, 706.2381591796875], [-0.6935523748397827, -0.7204062342643738, 0.0, 1791.73095703125], [0.0, 0.0, 1.0, 0.0], [0.0, 0.0, 0.0, 1.0]], "pose_inverse": [[-0.7204062342643738, -0.6935523748397827, 0.0, 1751.4376220703125], [0.6935523748397827, -0.7204062342643738, 0.0, 800.9609985351562], [0.0, 0.0, 1.0, 0.0], [0.0, 0.0, 0.0, 1.0]], "cam_ids": [0, 1, 2, 3, 4, 5], "cam_channels": ["CAM_FRONT_LEFT", "CAM_FRONT", "CAM_FRONT_RIGHT", "CAM_BACK_LEFT", "CAM_BACK", "CAM_BACK_RIGHT"], "token": "a6f4cee4d83948a092e916e115574373", "scene": "scene-0180"}, {"images": ["samples/CAM_FRONT_LEFT/n015-2018-07-27-11-36-48+0800__CAM_FRONT_LEFT__1532662752904844.jpg", "samples/CAM_FRONT/n015-2018-07-27-11-36-48+0800__CAM_FRONT__1532662752912460.jpg", "samples/CAM_FRONT_RIGHT/n015-2018-07-27-11-36-48+0800__CAM_FRONT_RIGHT__1532662752920339.jpg", "samples/CAM_BACK_LEFT/n015-2018-07-27-11-36-48+0800__CAM_BACK_LEFT__1532662752947423.jpg", "samples/CAM_BACK/n015-2018-07-27-11-36-48+0800__CAM_BACK__1532662752937525.jpg", "samples/CAM_BACK_RIGHT/n015-2018-07-27-11-36-48+0800__CAM_BACK_RIGHT__1532662752927893.jpg"], "intrinsics": [[[1272.5979470598488, 0.0, 826.6154927353808], [0.0, 1272.5979470598488, 479.75165386361925], [0.0, 0.0, 1.0]], [[1266.417203046554, 0.0, 816.2670197447984], [0.0, 1266.417203046554, 491.50706579294757], [0.0, 0.0, 1.0]], [[1260.8474446004698, 0.0, 807.968244525554], [0.0, 1260.8474446004698, 495.3344268742088], [0.0, 0.0, 1.0]], [[1256.7414812095406, 0.0, 792.1125740759628], [0.0, 1256.7414812095406, 492.7757465151356], [0.0, 0.0, 1.0]], [[809.2209905677063, 0.0, 829.2196003259838], [0.0, 809.2209905677063, 481.77842384512485], [0.0, 0.0, 1.0]], [[1259.5137405846733, 0.0, 807.2529053838625], [0.0, 1259.5137405846733, 501.19579884916527], [0.0, 0.0, 1.0]]], "extrinsics": [[[0.8189849853515625, -0.5719866752624512, -0.04577106237411499, -0.80157470703125], [-0.04264254495501518, 0.018877489492297173, -0.9989120364189148, 1.499755859375], [0.5722283124923706, 0.8200457096099854, -0.008930584415793419, -1.16796875], [0.0, 0.0, 0.0, 1.0]], [[0.004217617213726044, -0.9998782873153687, -0.015019897371530533, 0.00701904296875], [-0.04824873059988022, 0.01479906402528286, -0.9987257122993469, 1.5126495361328125], [0.9988264441490173, 0.004937016870826483, -0.048180438578128815, -1.5296630859375], [0.0, 0.0, 0.0, 1.0]], [[-0.8332852125167847, -0.5525461435317993, 0.018120164051651955, 0.9278564453125], [-0.0429193340241909, 0.03197896480560303, -0.9985665678977966, 1.498199462890625], [0.5511746406555176, -0.8328685164451599, -0.05036250874400139, -1.178253173828125], [0.0, 0.0, 0.0, 1.0]], [[0.9472588896751404, 0.3187562823295593, -0.033090606331825256, -1.1385498046875], [-0.035444654524326324, 0.0015858167316764593, -0.9993703365325928, 1.5884170532226562], [-0.3185030221939087, 0.9478353261947632, 0.012800384312868118, -0.104949951171875], [0.0, 0.0, 0.0, 1.0]], [[0.0032249579671770334, 0.9999294877052307, 0.011437110602855682, 0.0025634765625], [-0.06039062514901161, 0.01161104254424572, -0.9981072545051575, 1.576507568359375], [-0.9981696009635925, 0.002528224606066942, 0.060423802584409714, -0.045166015625], [0.0, 0.0, 0.0, 1.0]], [[-0.9339519739151001, 0.3556642532348633, 0.03516842797398567, 1.05126953125], [-0.027368023991584778, 0.02694132551550865, -0.9992623329162598, 1.5489444732666016], [-0.3563493490219116, -0.9342254400253296, -0.015428075566887856, -0.0953369140625], [0.0, 0.0, 0.0, 1.0]]], "view": [[0.0, -2.0, 100.0], [-2.0, 0.0, 100.0], [0.0, 0.0, 1.0]], "bev": "bev_59eed0b68a854673bde4f09451ab4994.png", "aux": "aux_59eed0b68a854673bde4f09451ab4994.npz", "visibility": "visibility_59eed0b68a854673bde4f09451ab4994.png", "pose": [[-0.7152398824691772, 0.698879063129425, 0.0, 704.5447998046875], [-0.698879063129425, -0.7152398824691772, 0.0, 1790.109619140625], [0.0, 0.0, 1.0, 0.0], [0.0, 0.0, 0.0, 1.0]], "pose_inverse": [[-0.7152398824691772, -0.698879063129425, 0.0, 1754.9886474609375], [0.698879063129425, -0.7152398824691772, 0.0, 787.9661865234375], [0.0, 0.0, 1.0, 0.0], [0.0, 0.0, 0.0, 1.0]], "cam_ids": [0, 1, 2, 3, 4, 5], "cam_channels": ["CAM_FRONT_LEFT", "CAM_FRONT", "CAM_FRONT_RIGHT", "CAM_BACK_LEFT", "CAM_BACK", "CAM_BACK_RIGHT"], "token": "59eed0b68a854673bde4f09451ab4994", "scene": "scene-0180"}, {"images": ["samples/CAM_FRONT_LEFT/n015-2018-07-27-11-36-48+0800__CAM_FRONT_LEFT__1532662753404844.jpg", "samples/CAM_FRONT/n015-2018-07-27-11-36-48+0800__CAM_FRONT__1532662753412460.jpg", "samples/CAM_FRONT_RIGHT/n015-2018-07-27-11-36-48+0800__CAM_FRONT_RIGHT__1532662753420339.jpg", "samples/CAM_BACK_LEFT/n015-2018-07-27-11-36-48+0800__CAM_BACK_LEFT__1532662753447423.jpg", "samples/CAM_BACK/n015-2018-07-27-11-36-48+0800__CAM_BACK__1532662753437525.jpg", "samples/CAM_BACK_RIGHT/n015-2018-07-27-11-36-48+0800__CAM_BACK_RIGHT__1532662753427893.jpg"], "intrinsics": [[[1272.5979470598488, 0.0, 826.6154927353808], [0.0, 1272.5979470598488, 479.75165386361925], [0.0, 0.0, 1.0]], [[1266.417203046554, 0.0, 816.2670197447984], [0.0, 1266.417203046554, 491.50706579294757], [0.0, 0.0, 1.0]], [[1260.8474446004698, 0.0, 807.968244525554], [0.0, 1260.8474446004698, 495.3344268742088], [0.0, 0.0, 1.0]], [[1256.7414812095406, 0.0, 792.1125740759628], [0.0, 1256.7414812095406, 492.7757465151356], [0.0, 0.0, 1.0]], [[809.2209905677063, 0.0, 829.2196003259838], [0.0, 809.2209905677063, 481.77842384512485], [0.0, 0.0, 1.0]], [[1259.5137405846733, 0.0, 807.2529053838625], [0.0, 1259.5137405846733, 501.19579884916527], [0.0, 0.0, 1.0]]], "extrinsics": [[[0.8187087178230286, -0.5716626048088074, -0.054018784314394, -0.81732177734375], [-0.050413429737091064, 0.022151030600070953, -0.9984827637672424, 1.4991836547851562], [0.5719917416572571, 0.8201897740364075, -0.010684225708246231, -1.1787109375], [0.0, 0.0, 0.0, 1.0]], [[0.004240603186190128, -0.9998244047164917, -0.018251070752739906, 0.00677490234375], [-0.055658333003520966, 0.017986955121159554, -0.9982878565788269, 1.5123138427734375], [0.9984408617019653, 0.005249082576483488, -0.055572278797626495, -1.5452880859375], [0.0, 0.0, 0.0, 1.0]], [[-0.8330971002578735, -0.5526782274246216, 0.022272689267992973, 0.938232421875], [-0.049957603216171265, 0.03508077934384346, -0.9981350302696228, 1.4979286193847656], [0.5508661866188049, -0.8326560854911804, -0.05683617293834686, -1.18536376953125], [0.0, 0.0, 0.0, 1.0]], [[0.9471248984336853, 0.31865784525871277, -0.037572938948869705, -1.14404296875], [-0.04110760614275932, 0.004372131545096636, -0.9991451501846313, 1.5886306762695312], [-0.31822118163108826, 0.9478597640991211, 0.017240213230252266, -0.1028900146484375], [0.0, 0.0, 0.0, 1.0]], [[0.0033849342726171017, 0.9998920559883118, 0.01430355291813612, 0.002685546875], [-0.06657173484563828, 0.014497222378849983, -0.9976763129234314, 1.5766448974609375], [-0.9977759718894958, 0.0024247977416962385, 0.06661360710859299, -0.038818359375], [0.0, 0.0, 0.0, 1.0]], [[-0.9337009191513062, 0.3555258810520172, 0.04247363656759262, 1.0595703125], [-0.03403710201382637, 0.029954174533486366, -0.9989715814590454, 1.5486373901367188], [-0.3564325273036957, -0.9341863393783569, -0.015867168083786964, -0.0921630859375], [0.0, 0.0, 0.0, 1.0]]], "view": [[0.0, -2.0, 100.0], [-2.0, 0.0, 100.0], [0.0, 0.0, 1.0]], "bev": "bev_280db855c7ef46c6961128904870efcb.png", "aux": "aux_280db855c7ef46c6961128904870efcb.npz", "visibility": "visibility_280db855c7ef46c6961128904870efcb.png", "pose": [[-0.7071449756622314, 0.7070686221122742, 0.0, 702.9649047851562], [-0.7070686221122742, -0.7071449756622314, 0.0, 1788.57080078125], [0.0, 0.0, 1.0, 0.0], [0.0, 0.0, 0.0, 1.0]], "pose_inverse": [[-0.7071449756622314, -0.7070686221122742, 0.0, 1761.7403564453125], [0.7070686221122742, -0.7071449756622314, 0.0, 767.7344360351562], [0.0, 0.0, 1.0, 0.0], [0.0, 0.0, 0.0, 1.0]], "cam_ids": [0, 1, 2, 3, 4, 5], "cam_channels": ["CAM_FRONT_LEFT", "CAM_FRONT", "CAM_FRONT_RIGHT", "CAM_BACK_LEFT", "CAM_BACK", "CAM_BACK_RIGHT"], "token": "280db855c7ef46c6961128904870efcb", "scene": "scene-0180"}, {"images": ["samples/CAM_FRONT_LEFT/n015-2018-07-27-11-36-48+0800__CAM_FRONT_LEFT__1532662753904844.jpg", "samples/CAM_FRONT/n015-2018-07-27-11-36-48+0800__CAM_FRONT__1532662753912460.jpg", "samples/CAM_FRONT_RIGHT/n015-2018-07-27-11-36-48+0800__CAM_FRONT_RIGHT__1532662753920339.jpg", "samples/CAM_BACK_LEFT/n015-2018-07-27-11-36-48+0800__CAM_BACK_LEFT__1532662753947423.jpg", "samples/CAM_BACK/n015-2018-07-27-11-36-48+0800__CAM_BACK__1532662753937525.jpg", "samples/CAM_BACK_RIGHT/n015-2018-07-27-11-36-48+0800__CAM_BACK_RIGHT__1532662753927893.jpg"], "intrinsics": [[[1272.5979470598488, 0.0, 826.6154927353808], [0.0, 1272.5979470598488, 479.75165386361925], [0.0, 0.0, 1.0]], [[1266.417203046554, 0.0, 816.2670197447984], [0.0, 1266.417203046554, 491.50706579294757], [0.0, 0.0, 1.0]], [[1260.8474446004698, 0.0, 807.968244525554], [0.0, 1260.8474446004698, 495.3344268742088], [0.0, 0.0, 1.0]], [[1256.7414812095406, 0.0, 792.1125740759628], [0.0, 1256.7414812095406, 492.7757465151356], [0.0, 0.0, 1.0]], [[809.2209905677063, 0.0, 829.2196003259838], [0.0, 809.2209905677063, 481.77842384512485], [0.0, 0.0, 1.0]], [[1259.5137405846733, 0.0, 807.2529053838625], [0.0, 1259.5137405846733, 501.19579884916527], [0.0, 0.0, 1.0]]], "extrinsics": [[[0.8226734399795532, -0.5668562650680542, -0.043386295437812805, -0.82379150390625], [-0.044304996728897095, 0.012158178724348545, -0.998944103717804, 1.5006332397460938], [0.5667850971221924, 0.823727011680603, -0.01511235162615776, -1.1820068359375], [0.0, 0.0, 0.0, 1.0]], [[0.009628999046981335, -0.9999175667762756, -0.008485649712383747, 0.00567626953125], [-0.04973115399479866, 0.007996678352355957, -0.9987306594848633, 1.5134811401367188], [0.9987161159515381, 0.010038741864264011, -0.04965005815029144, -1.5506591796875], [0.0, 0.0, 0.0, 1.0]], [[-0.8309018015861511, -0.5559487342834473, 0.02287171222269535, 0.9405517578125], [-0.04431724548339844, 0.025148514658212662, -0.9987009167671204, 1.4987869262695312], [0.5546512603759766, -0.8308360576629639, -0.04553406313061714, -1.188323974609375], [0.0, 0.0, 0.0, 1.0]], [[0.9472548961639404, 0.3184444308280945, -0.036071568727493286, -1.1390380859375], [-0.03624771535396576, -0.005374619737267494, -0.9993283748626709, 1.5884475708007812], [-0.3184244632720947, 0.9479262232780457, 0.006451749708503485, -0.10321044921875], [0.0, 0.0, 0.0, 1.0]], [[0.0016318514244630933, 0.9999881982803345, 0.00456555187702178