[{"images": ["samples/CAM_FRONT_LEFT/n015-2018-11-21-19-11-29+0800__CAM_FRONT_LEFT__1542798811604852.jpg", "samples/CAM_FRONT/n015-2018-11-21-19-11-29+0800__CAM_FRONT__1542798811612460.jpg", "samples/CAM_FRONT_RIGHT/n015-2018-11-21-19-11-29+0800__CAM_FRONT_RIGHT__1542798811620339.jpg", "samples/CAM_BACK_LEFT/n015-2018-11-21-19-11-29+0800__CAM_BACK_LEFT__1542798811647423.jpg", "samples/CAM_BACK/n015-2018-11-21-19-11-29+0800__CAM_BACK__1542798811637525.jpg", "samples/CAM_BACK_RIGHT/n015-2018-11-21-19-11-29+0800__CAM_BACK_RIGHT__1542798811627893.jpg"], "intrinsics": [[[1272.5979470598488, 0.0, 826.6154927353808], [0.0, 1272.5979470598488, 479.75165386361925], [0.0, 0.0, 1.0]], [[1266.417203046554, 0.0, 816.2670197447984], [0.0, 1266.417203046554, 491.50706579294757], [0.0, 0.0, 1.0]], [[1260.8474446004698, 0.0, 807.968244525554], [0.0, 1260.8474446004698, 495.3344268742088], [0.0, 0.0, 1.0]], [[1256.7414812095406, 0.0, 792.1125740759628], [0.0, 1256.7414812095406, 492.7757465151356], [0.0, 0.0, 1.0]], [[809.2209905677063, 0.0, 829.2196003259838], [0.0, 809.2209905677063, 481.77842384512485], [0.0, 0.0, 1.0]], [[1259.5137405846733, 0.0, 807.2529053838625], [0.0, 1259.5137405846733, 501.19579884916527], [0.0, 0.0, 1.0]]], "extrinsics": [[[0.8195127844810486, -0.5712690949440002, -0.04528065770864487, -0.5653076171875], [-0.07124665379524231, -0.023166203871369362, -0.9971896409988403, 1.47369384765625], [0.568614661693573, 0.8204358220100403, -0.05968601256608963, -1.00634765625], [0.0, 0.0, 0.0, 1.0]], [[0.007145259995013475, -0.9996179938316345, 0.026695752516388893, 0.01031494140625], [-0.07659384608268738, -0.027165105566382408, -0.9966922402381897, 1.489990234375], [0.9970368146896362, 0.0050768740475177765, -0.07675869017839432, -1.29345703125], [0.0, 0.0, 0.0, 1.0]], [[-0.8308202028274536, -0.5527690649032593, 0.06468469649553299, 0.77490234375], [-0.0710674449801445, -0.00990231055766344, -0.9974223375320435, 1.4815673828125], [0.5519847869873047, -0.8332756161689758, -0.031056849285960197, -1.0755615234375], [0.0, 0.0, 0.0, 1.0]], [[0.9455410242080688, 0.317477285861969, -0.07183494418859482, -1.14111328125], [-0.06232612207531929, -0.04002082720398903, -0.9972531199455261, 1.5884857177734375], [-0.3194800913333893, 0.9474209547042847, -0.018054211512207985, -0.10344696044921875], [0.0, 0.0, 0.0, 1.0]], [[0.0015085632912814617, 0.9995385408401489, -0.030336586758494377, 0.002685546875], [-0.08779090642929077, -0.030087117105722427, -0.9956844449043274, 1.5692291259765625], [-0.9961377382278442, 0.00416528107598424, 0.08770501613616943, -0.11328125], [0.0, 0.0, 0.0, 1.0]], [[-0.9335089325904846, 0.3555435538291931, 0.046366915106773376, 0.925048828125], [-0.055256109684705734, -0.014881831593811512, -0.998361349105835, 1.53900146484375], [-0.3542707860469818, -0.9345412850379944, 0.03353826701641083, -0.1422119140625], [0.0, 0.0, 0.0, 1.0]]], "view": [[0.0, -2.0, 100.0], [-2.0, 0.0, 100.0], [0.0, 0.0, 1.0]], "bev": "bev_b6a222bab0ad4af28748b6815aa1fa28.png", "aux": "aux_b6a222bab0ad4af28748b6815aa1fa28.npz", "visibility": "visibility_b6a222bab0ad4af28748b6815aa1fa28.png", "pose": [[0.549859344959259, -0.8352572321891785, 0.0, 631.796875], [0.8352572321891785, 0.549859344959259, 0.0, 2062.985107421875], [0.0, 0.0, 1.0, 0.0], [0.0, 0.0, 0.0, 1.0]], "pose_inverse": [[0.549859344959259, 0.8352572321891785, 0.0, -2070.522705078125], [-0.8352572321891785, 0.549859344959259, 0.0, -606.6387329101562], [0.0, 0.0, 1.0, 0.0], [0.0, 0.0, 0.0, 1.0]], "cam_ids": [0, 1, 2, 3, 4, 5], "cam_channels": ["CAM_FRONT_LEFT", "CAM_FRONT", "CAM_FRONT_RIGHT", "CAM_BACK_LEFT", "CAM_BACK", "CAM_BACK_RIGHT"], "token": "b6a222bab0ad4af28748b6815aa1fa28", "scene": "scene-1049"}, {"images": ["samples/CAM_FRONT_LEFT/n015-2018-11-21-19-11-29+0800__CAM_FRONT_LEFT__1542798812104844.jpg", "samples/CAM_FRONT/n015-2018-11-21-19-11-29+0800__CAM_FRONT__1542798812112460.jpg", "samples/CAM_FRONT_RIGHT/n015-2018-11-21-19-11-29+0800__CAM_FRONT_RIGHT__1542798812120339.jpg", "samples/CAM_BACK_LEFT/n015-2018-11-21-19-11-29+0800__CAM_BACK_LEFT__1542798812147423.jpg", "samples/CAM_BACK/n015-2018-11-21-19-11-29+0800__CAM_BACK__1542798812137525.jpg", "samples/CAM_BACK_RIGHT/n015-2018-11-21-19-11-29+0800__CAM_BACK_RIGHT__1542798812127893.jpg"], "intrinsics": [[[1272.5979470598488, 0.0, 826.6154927353808], [0.0, 1272.5979470598488, 479.75165386361925], [0.0, 0.0, 1.0]], [[1266.417203046554, 0.0, 816.2670197447984], [0.0, 1266.417203046554, 491.50706579294757], [0.0, 0.0, 1.0]], [[1260.8474446004698, 0.0, 807.968244525554], [0.0, 1260.8474446004698, 495.3344268742088], [0.0, 0.0, 1.0]], [[1256.7414812095406, 0.0, 792.1125740759628], [0.0, 1256.7414812095406, 492.7757465151356], [0.0, 0.0, 1.0]], [[809.2209905677063, 0.0, 829.2196003259838], [0.0, 809.2209905677063, 481.77842384512485], [0.0, 0.0, 1.0]], [[1259.5137405846733, 0.0, 807.2529053838625], [0.0, 1259.5137405846733, 501.19579884916527], [0.0, 0.0, 1.0]]], "extrinsics": [[[0.8195018768310547, -0.571750819683075, -0.03895687684416771, -0.557861328125], [-0.05931751802563667, -0.01701473444700241, -0.9980942010879517, 1.47900390625], [0.5699983239173889, 0.8202508687973022, -0.047858450561761856, -1.0015869140625], [0.0, 0.0, 0.0, 1.0]], [[0.006150589324533939, -0.9997722506523132, 0.02043319307267666, 0.01055908203125], [-0.06453777849674225, -0.02078785002231598, -0.9976987242698669, 1.4943695068359375], [0.9978963136672974, 0.0048177302815020084, -0.06465093791484833, -1.28662109375], [0.0, 0.0, 0.0, 1.0]], [[-0.8318303227424622, -0.5526944398880005, 0.050863392651081085, 0.770751953125], [-0.0588543564081192, -0.0032895400654524565, -0.9982611536979675, 1.4850616455078125], [0.5519007444381714, -0.8333774209022522, -0.029792139306664467, -1.07232666015625], [0.0, 0.0, 0.0, 1.0]], [[0.9465004205703735, 0.31747135519981384, -0.05787016451358795, -1.136962890625], [-0.05032888427376747, -0.031911566853523254, -0.9982227087020874, 1.5882949829101562], [-0.31875380873680115, 0.9477307200431824, -0.014226331375539303, -0.10581207275390625], [0.0, 0.0, 0.0, 1.0]], [[0.002246447140350938, 0.9997347593307495, -0.022923337295651436, 0.00213623046875], [-0.07546190917491913, -0.02268855646252632, -0.9968905448913574, 1.5704345703125], [-0.9971461296081543, 0.003969301003962755, 0.07539092749357224, -0.1162109375], [0.0, 0.0, 0.0, 1.0]], [[-0.933885395526886, 0.3556257486343384, 0.0372609905898571, 0.9217529296875], [-0.04290148243308067, -0.007984718307852745, -0.9990473985671997, 1.5416412353515625], [-0.35498949885368347, -0.9345943331718445, 0.022713687270879745, -0.143310546875], [0.0, 0.0, 0.0, 1.0]]], "view": [[0.0, -2.0, 100.0], [-2.0, 0.0, 100.0], [0.0, 0.0, 1.0]], "bev": "bev_4cf2f35520404eebb7f2fea84a41108e.png", "aux": "aux_4cf2f35520404eebb7f2fea84a41108e.npz", "visibility": "visibility_4cf2f35520404eebb7f2fea84a41108e.png", "pose": [[0.5570263266563416, -0.8304948210716248, 0.0, 635.0030517578125], [0.8304948210716248, 0.5570263266563416, 0.0, 2067.747314453125], [0.0, 0.0, 1.0, 0.0], [0.0, 0.0, 0.0, 1.0]], "pose_inverse": [[0.5570263266563416, 0.8304948210716248, 0.0, -2070.966796875], [-0.8304948210716248, 0.5570263266563416, 0.0, -624.4229736328125], [0.0, 0.0, 1.0, 0.0], [0.0, 0.0, 0.0, 1.0]], "cam_ids": [0, 1, 2, 3, 4, 5], "cam_channels": ["CAM_FRONT_LEFT", "CAM_FRONT", "CAM_FRONT_RIGHT", "CAM_BACK_LEFT", "CAM_BACK", "CAM_BACK_RIGHT"], "token": "4cf2f35520404eebb7f2fea84a41108e", "scene": "scene-1049"}, {"images": ["samples/CAM_FRONT_LEFT/n015-2018-11-21-19-11-29+0800__CAM_FRONT_LEFT__1542798812604844.jpg", "samples/CAM_FRONT/n015-2018-11-21-19-11-29+0800__CAM_FRONT__1542798812612460.jpg", "samples/CAM_FRONT_RIGHT/n015-2018-11-21-19-11-29+0800__CAM_FRONT_RIGHT__1542798812620339.jpg", "samples/CAM_BACK_LEFT/n015-2018-11-21-19-11-29+0800__CAM_BACK_LEFT__1542798812647423.jpg", "samples/CAM_BACK/n015-2018-11-21-19-11-29+0800__CAM_BACK__1542798812637525.jpg", "samples/CAM_BACK_RIGHT/n015-2018-11-21-19-11-29+0800__CAM_BACK_RIGHT__1542798812627893.jpg"], "intrinsics": [[[1272.5979470598488, 0.0, 826.6154927353808], [0.0, 1272.5979470598488, 479.75165386361925], [0.0, 0.0, 1.0]], [[1266.417203046554, 0.0, 816.2670197447984], [0.0, 1266.417203046554, 491.50706579294757], [0.0, 0.0, 1.0]], [[1260.8474446004698, 0.0, 807.968244525554], [0.0, 1260.8474446004698, 495.3344268742088], [0.0, 0.0, 1.0]], [[1256.7414812095406, 0.0, 792.1125740759628], [0.0, 1256.7414812095406, 492.7757465151356], [0.0, 0.0, 1.0]], [[809.2209905677063, 0.0, 829.2196003259838], [0.0, 809.2209905677063, 481.77842384512485], [0.0, 0.0, 1.0]], [[1259.5137405846733, 0.0, 807.2529053838625], [0.0, 1259.5137405846733, 501.19579884916527], [0.0, 0.0, 1.0]]], "extrinsics": [[[0.8187339305877686, -0.5717554688453674, -0.05263596028089523, -0.54296875], [-0.06186538189649582, 0.003294351976364851, -0.9980790615081787, 1.4764633178710938], [0.5708305239677429, 0.8204175233840942, -0.03267467021942139, -0.989501953125], [0.0, 0.0, 0.0, 1.0]], [[0.00505542429164052, -0.9999871850013733, 0.00023406828404404223, 0.00933837890625], [-0.0670904740691185, -0.0005727162351831794, -0.9977467656135559, 1.49212646484375], [0.9977340698242188, 0.005028394516557455, -0.06709250062704086, -1.27001953125], [0.0, 0.0, 0.0, 1.0]], [[-0.8323172330856323, -0.5527151226997375, 0.041878633201122284, 0.758544921875], [-0.06139056384563446, 0.016830965876579285, -0.9979718923568726, 1.48333740234375], [0.5508893132209778, -0.833200216293335, -0.0479402020573616, -1.0654296875], [0.0, 0.0, 0.0, 1.0]], [[0.9465308785438538, 0.31798669695854187, -0.05444004386663437, -1.13330078125], [-0.05274772271513939, -0.01393646840006113, -0.9985105991363525, 1.58807373046875], [-0.3182716965675354, 0.9479926824569702, 0.0035817765165120363, -0.10625076293945312], [0.0, 0.0, 0.0, 1.0]], [[0.0030507268384099007, 0.9999873638153076, -0.0039846692234277725, 0.00262451171875], [-0.0780271366238594, -0.0037345022428780794, -0.9969442486763, 1.569488525390625], [-0.9969465732574463, 0.003352318424731493, 0.07801476120948792, -0.124267578125], [0.0, 0.0, 0.0, 1.0]], [[-0.9334021210670471, 0.3557802438735962, 0.046699125319719315, 0.910888671875], [-0.04549069702625275, 0.011766888201236725, -0.9988954663276672, 1.5404739379882812], [-0.35593682527542114, -0.9344955682754517, 0.005201450549066067, -0.148193359375], [0.0, 0.0, 0.0, 1.0]]], "view": [[0.0, -2.0, 100.0], [-2.0, 0.0, 100.0], [0.0, 0.0, 1.0]], "bev": "bev_91e0098a2fcc4bbc857f91a1e6169264.png", "aux": "aux_91e0098a2fcc4bbc857f91a1e6169264.npz", "visibility": "visibility_91e0098a2fcc4bbc857f91a1e6169264.png", "pose": [[0.5636904835700989, -0.8259860873222351, 0.0, 638.3456420898438], [0.8259860873222351, 0.5636904835700989, 0.0, 2072.601806640625], [0.0, 0.0, 1.0, 0.0], [0.0, 0.0, 0.0, 1.0]], "pose_inverse": [[0.5636904835700989, 0.8259860873222351, 0.0, -2071.769775390625], [-0.8259860873222351, 0.5636904835700989, 0.0, -641.041259765625], [0.0, 0.0, 1.0, 0.0], [0.0, 0.0, 0.0, 1.0]], "cam_ids": [0, 1, 2, 3, 4, 5], "cam_channels": ["CAM_FRONT_LEFT", "CAM_FRONT", "CAM_FRONT_RIGHT", "CAM_BACK_LEFT", "CAM_BACK", "CAM_BACK_RIGHT"], "token": "91e0098a2fcc4bbc857f91a1e6169264", "scene": "scene-1049"}, {"images": ["samples/CAM_FRONT_LEFT/n015-2018-11-21-19-11-29+0800__CAM_FRONT_LEFT__1542798813104844.jpg", "samples/CAM_FRONT/n015-2018-11-21-19-11-29+0800__CAM_FRONT__1542798813112460.jpg", "samples/CAM_FRONT_RIGHT/n015-2018-11-21-19-11-29+0800__CAM_FRONT_RIGHT__1542798813120339.jpg", "samples/CAM_BACK_LEFT/n015-2018-11-21-19-11-29+0800__CAM_BACK_LEFT__1542798813147423.jpg", "samples/CAM_BACK/n015-2018-11-21-19-11-29+0800__CAM_BACK__1542798813137525.jpg", "samples/CAM_BACK_RIGHT/n015-2018-11-21-19-11-29+0800__CAM_BACK_RIGHT__1542798813127893.jpg"], "intrinsics": [[[1272.5979470598488, 0.0, 826.6154927353808], [0.0, 1272.5979470598488, 479.75165386361925], [0.0, 0.0, 1.0]], [[1266.417203046554, 0.0, 816.2670197447984], [0.0, 1266.417203046554, 491.50706579294757], [0.0, 0.0, 1.0]], [[1260.8474446004698, 0.0, 807.968244525554], [0.0, 1260.8474446004698, 495.3344268742088], [0.0, 0.0, 1.0]], [[1256.7414812095406, 0.0, 792.1125740759628], [0.0, 1256.7414812095406, 492.7757465151356], [0.0, 0.0, 1.0]], [[809.2209905677063, 0.0, 829.2196003259838], [0.0, 809.2209905677063, 481.77842384512485], [0.0, 0.0, 1.0]], [[1259.5137405846733, 0.0, 807.2529053838625], [0.0, 1259.5137405846733, 501.19579884916527], [0.0, 0.0, 1.0]]], "extrinsics": [[[0.818504273891449, -0.572480320930481, -0.04813380539417267, -0.5386962890625], [-0.05504482984542847, 0.005250370129942894, -0.99847012758255, 1.479644775390625], [0.571857213973999, 0.8199015259742737, -0.02721463143825531, -0.9844970703125], [0.0, 0.0, 0.0, 1.0]], [[0.004295723047107458, -0.9999889731407166, -0.001856476184912026, 0.00848388671875], [-0.059683531522750854, 0.0015967986546456814, -0.9982160925865173, 1.4950637817382812], [0.9982081055641174, 0.004398915451020002, -0.059676025062799454, -1.266357421875], [0.0, 0.0, 0.0, 1.0]], [[-0.8329328894615173, -0.5523354411125183, 0.03388543426990509, 0.7568359375], [-0.05335954204201698, 0.01921663247048855, -0.9983904361724854, 1.4859619140625], [0.5507952570915222, -0.833400309085846, -0.04547853022813797, -1.06561279296875], [0.0, 0.0, 0.0, 1.0]], [[0.9470823407173157, 0.3179706037044525, -0.043926820158958435, -1.1416015625], [-0.04281767085194588, -0.010479756630957127, -0.9990279078483582, 1.5885391235351562], [-0.3181218206882477, 0.948042631149292, 0.00368956895545125, -0.1031646728515625], [0.0, 0.0, 0.0, 1.0]], [[0.00333134806714952, 0.9999940395355225, -0.000864872825331986, 0.00311279296875], [-0.06878121942281723, -0.0006336941733025014, -0.9976316094398499, 1.5709991455078125], [-0.9976261854171753, 0.003383008064702153, 0.06877870112657547, -0.119140625], [0.0, 0.0, 0.0, 1.0]], [[-0.9336425065994263, 0.3560138940811157, 0.03956884145736694, 0.91259765625], [-0.036856018006801605, 0.014402536675333977, -0.9992167949676514, 1.542633056640625], [-0.35630497336387634, -0.934369683265686, -0.0003255682240705937, -0.148193359375], [0.0, 0.0, 0.0, 1.0]]], "view": [[0.0, -2.0, 100.0], [-2.0, 0.0, 100.0], [0.0, 0.0, 1.0]], "bev": "bev_c9ba4573000a47d38f720f0d22abb8df.png", "aux": "aux_c9ba4573000a47d38f720f0d22abb8df.npz", "visibility": "visibility_c9ba4573000a47d38f720f0d22abb8df.png", "pose": [[0.5688152313232422, -0.8224653005599976, 0.0, 641.7984008789062], [0.8224653005599976, 0.5688152313232422, 0.0, 2077.5380859375], [0.0, 0.0, 1.0, 0.0], [0.0, 0.0, 0.0, 1.0]], "pose_inverse": [[0.5688152313232422, 0.8224653005599976, 0.0, -2073.767822265625], [-0.8224653005599976, 0.5688152313232422, 0.0, -653.87841796875], [0.0, 0.0, 1.0, 0.0], [0.0, 0.0, 0.0, 1.0]], "cam_ids": [0, 1, 2, 3, 4, 5], "cam_channels": ["CAM_FRONT_LEFT", "CAM_FRONT", "CAM_FRONT_RIGHT", "CAM_BACK_LEFT", "CAM_BACK", "CAM_BACK_RIGHT"], "token": "c9ba4573000a47d38f720f0d22abb8df", "scene": "scene-1049"}, {"images": ["samples/CAM_FRONT_LEFT/n015-2018-11-21-19-11-29+0800__CAM_FRONT_LEFT__1542798813604844.jpg", "samples/CAM_FRONT/n015-2018-11-21-19-11-29+0800__CAM_FRONT__1542798813612460.jpg", "samples/CAM_FRONT_RIGHT/n015-2018-11-21-19-11-29+0800__CAM_FRONT_RIGHT__1542798813620339.jpg", "samples/CAM_BACK_LEFT/n015-2018-11-21-19-11-29+0800__CAM_BACK_LEFT__1542798813647423.jpg", "samples/CAM_BACK/n015-2018-11-21-19-11-29+0800__CAM_BACK__1542798813637525.jpg", "samples/CAM_BACK_RIGHT/n015-2018-11-21-19-11-29+0800__CAM_BACK_RIGHT__1542798813627893.jpg"], "intrinsics": [[[1272.5979470598488, 0.0, 826.6154927353808], [0.0, 1272.5979470598488, 479.75165386361925], [0.0, 0.0, 1.0]], [[1266.417203046554, 0.0, 816.2670197447984], [0.0, 1266.417203046554, 491.50706579294757], [0.0, 0.0, 1.0]], [[1260.8474446004698, 0.0, 807.968244525554], [0.0, 1260.8474446004698, 495.3344268742088], [0.0, 0.0, 1.0]], [[1256.7414812095406, 0.0, 792.1125740759628], [0.0, 1256.7414812095406, 492.7757465151356], [0.0, 0.0, 1.0]], [[809.2209905677063, 0.0, 829.2196003259838], [0.0, 809.2209905677063, 481.77842384512485], [0.0, 0.0, 1.0]], [[1259.5137405846733, 0.0, 807.2529053838625], [0.0, 1259.5137405846733, 501.19579884916527], [0.0, 0.0, 1.0]]], "extrinsics": [[[0.8185030817985535, -0.5729259252548218, -0.04252634197473526, -0.511962890625], [-0.06071095168590546, -0.01265017781406641, -0.9980752468109131, 1.4748992919921875], [0.5712851881980896, 0.8195095062255859, -0.04513708874583244, -0.9697265625], [0.0, 0.0, 0.0, 1.0]], [[0.004805761855095625, -0.9998539090156555, 0.016400225460529327, 0.01104736328125], [-0.06567147374153137, -0.01668057218194008, -0.99770188331604, 1.4908447265625], [0.9978296756744385, 0.0037176923360675573, -0.06574203819036484, -1.240234375], [0.0, 0.0, 0.0, 1.0]], [[-0.8323911428451538, -0.5519753694534302, 0.04947900399565697, 0.739990234375], [-0.059695035219192505, 0.0005414437036961317, -0.998216450214386, 1.4825973510742188], [0.5509641170501709, -0.8338601589202881, -0.03340088203549385, -1.05194091796875], [0.0, 0.0, 0.0, 1.0]], [[0.9465932250022888, 0.3174959123134613, -0.05619097873568535, -1.134521484375], [-0.04944441840052605, -0.02927401103079319, -0.9983477592468262, 1.5881500244140625], [-0.31861627101898193, 0.9478076696395874, -0.012012186460196972, -0.10681915283203125], [0.0, 0.0, 0.0, 1.0]], [[0.002744552679359913, 0.9998020529747009, -0.019703995436429977, 0.001953125], [-0.07552037388086319, -0.01944056712090969, -0.9969547390937805, 1.5692901611328125], [-0.9971405267715454, 0.004224266856908798, 0.07545207440853119, -0.13134765625], [0.0, 0.0, 0.0, 1.0]], [[-0.9335682988166809, 0.3562655746936798, 0.03905091807246208, 0.8963623046875], [-0.043468739837408066, -0.004399563651531935, -0.9990450739860535, 1.5403366088867188], [-0.3557536005973816, -0.9343743920326233, 0.01959371566772461, -0.15283203125], [0.0, 0.0, 0.0, 1.0]]], "view": [[0.0, -2.0, 100.0], [-2.0, 0.0, 100.0], [0.0, 0.0, 1.0]], "bev": "bev_1993b94592904f0398b2cefb04cc1113.png", "aux": "aux_1993b94592904f0398b2cefb04cc1113.npz", "visibility": "visibility_1993b94592904f0398b2cefb04cc1113.png", "pose": [[0.5703713297843933, -0.8213869333267212, 0.0, 645.443603515625], [0.8213869333267212, 0.5703713297843933, 0.0, 2082.697998046875], [0.0, 0.0, 1.0, 0.0], [0.0, 0.0, 0.0, 1.0]], "pose_inverse": [[0.5703713297843933, 0.8213869333267212, 0.0, -2078.843505859375], [-0.8213869333267212, 0.5703713297843933, 0.0, -657.7523193359375], [0.0, 0.0, 1.0, 0.0], [0.0, 0.0, 0.0, 1.0]], "cam_ids": [0, 1, 2, 3, 4, 5], "cam_channels": ["CAM_FRONT_LEFT", "CAM_FRONT", "CAM_FRONT_RIGHT", "CAM_BACK_LEFT", "CAM_BACK", "CAM_BACK_RIGHT"], "token": "1993b94592904f0398b2cefb04cc1113", "scene": "scene-1049"}, {"images": ["samples/CAM_FRONT_LEFT/n015-2018-11-21-19-11-29+0800__CAM_FRONT_LEFT__1542798814104844.jpg", "samples/CAM_FRONT/n015-2018-11-21-19-11-29+0800__CAM_FRONT__1542798814112460.jpg", "samples/CAM_FRONT_RIGHT/n015-2018-11-21-19-11-29+0800__CAM_FRONT_RIGHT__1542798814120339.jpg", "samples/CAM_BACK_LEFT/n015-2018-11-21-19-11-29+0800__CAM_BACK_LEFT__1542798814147423.jpg", "samples/CAM_BACK/n015-2018-11-21-19-11-29+0800__CAM_BACK__1542798814137525.jpg", "samples/CAM_BACK_RIGHT/n015-2018-11-21-19-11-29+0800__CAM_BACK_RIGHT__1542798814127893.jpg"], "intrinsics": [[[1272.5979470598488, 0.0, 826.6154927353808], [0.0, 1272.5979470598488, 479.75165386361925], [0.0, 0.0, 1.0]], [[1266.417203046554, 0.0, 816.2670197447984], [0.0, 1266.417203046554, 491.50706579294757], [0.0, 0.0, 1.0]], [[1260.8474446004698, 0.0, 807.968244525554], [0.0, 1260.8474446004698, 495.3344268742088], [0.0, 0.0, 1.0]], [[1256.7414812095406, 0.0, 792.1125740759628], [0.0, 1256.7414812095406, 492.7757465151356], [0.0, 0.0, 1.0]], [[809.2209905677063, 0.0, 829.2196003259838], [0.0, 809.2209905677063, 481.77842384512485], [0.0, 0.0, 1.0]], [[1259.5137405846733, 0.0, 807.2529053838625], [0.0, 1259.5137405846733, 501.19579884916527], [0.0, 0.0, 1.0]]], "extrinsics": [[[0.8188368082046509, -0.5723245143890381, -0.04417041689157486, -0.499267578125], [-0.06364182382822037, -0.014040553942322731, -0.9978740215301514, 1.472320556640625], [0.5704875588417053, 0.8199070692062378, -0.04792068898677826, -0.961181640625], [0.0, 0.0, 0.0, 1.0]], [[0.005518194753676653, -0.999818742275238, 0.018221242353320122, 0.01116943359375], [-0.06907133013010025, -0.01855909638106823, -0.9974390864372253, 1.48846435546875], [0.9975964426994324, 0.004245569929480553, -0.06916122138500214, -1.228515625], [0.0, 0.0, 0.0, 1.0]], [[-0.831906259059906, -0.5522795915603638, 0.05402971804141998, 0.73291015625], [-0.0635952278971672, -0.0018378093373030424, -0.9979740381240845, 1.48065185546875], [0.5512599945068359, -0.8336569666862488, -0.03359346091747284, -1.0469970703125], [0.0, 0.0, 0.0, 1.0]], [[0.9461631774902344, 0.3175199031829834, -0.06289905309677124, -1.13525390625], [-0.05510031059384346, -0.03349167853593826, -0.997918963432312, 1.588165283203125], [-0.31896573305130005, 0.9476600289344788, -0.014193150214850903, -0.10599136352539062], [0.0, 0.0, 0.0, 1.0]], [[0.002336669946089387, 0.9997278451919556, -0.023214319720864296, 0.002197265625], [-0.08051901310682297, -0.0229509174823761, -0.9964888095855713, 1.56842041015625], [-0.9967503547668457, 0.004197673872113228, 0.08044346421957016, -0.1337890625], [0.0, 0.0, 0.0, 1.0]], [[-0.933523952960968, 0.35602909326553345, 0.04214802756905556, 0.890380859375], [-0.04788566008210182, -0.0073136272840201855, -0.9988260865211487, 1.538909912109375], [-0.3553028702735901, -0.9344463348388672, 0.023876138031482697, -0.155029296875], [0.0, 0.0, 0.0, 1.0]]], "view": [[0.0, -2.0, 100.0], [-2.0, 0.0, 100.0], [0.0, 0.0, 1.0]], "bev": "bev_945e274e1d1147e79fb028f64a9304e4.png", "aux": "aux_945e274e1d1147e79fb028f64a9304e4.npz", "visibility": "visibility_945e274e1d1147e79fb028f64a9304e4.png", "pose": [[0.568009078502655, -0.8230223059654236, 0.0, 649.1807250976562], [0.8230223059654236, 0.568009078502655, 0.0, 2088.03466796875], [0.0, 0.0, 1.0, 0.0], [0.0, 0.0, 0.0, 1.0]], "pose_inverse": [[0.568009078502655, 0.8230223059654236, 0.0, -2087.239501953125], [-0.8230223059654236, 0.568009078502655, 0.0, -651.7324829101562], [0.0, 0.0, 1.0, 0.0], [0.0, 0.0, 0.0, 1.0]], "cam_ids": [0, 1, 2, 3, 4, 5], "cam_channels": ["CAM_FRONT_LEFT", "CAM_FRONT", "CAM_FRONT_RIGHT", "CAM_BACK_LEFT", "CAM_BACK", "CAM_BACK_RIGHT"], "token": "945e274e1d1147e79fb028f64a9304e4", "scene": "scene-1049"}, {"images": ["samples/CAM_FRONT_LEFT/n015-2018-11-21-19-11-29+0800__CAM_FRONT_LEFT__1542798814604844.jpg", "samples/CAM_FRONT/n015-2018-11-21-19-11-29+0800__CAM_FRONT__1542798814612460.jpg", "samples/CAM_FRONT_RIGHT/n015-2018-11-21-19-11-29+0800__CAM_FRONT_RIGHT__1542798814620339.jpg", "samples/CAM_BACK_LEFT/n015-2018-11-21-19-11-29+0800__CAM_BACK_LEFT__1542798814647423.jpg", "samples/CAM_BACK/n015-2018-11-21-19-11-29+0800__CAM_BACK__1542798814637525.jpg", "samples/CAM_BACK_RIGHT/n015-2018-11-21-19-11-29+0800__CAM_BACK_RIGHT__1542798814627893.jpg"], "intrinsics": [[[1272.5979470598488, 0.0, 826.6154927353808], [0.0, 1272.5979470598488, 479.75165386361925], [0.0, 0.0, 1.0]], [[1266.417203046554, 0.0, 816.2670197447984], [0.0, 1266.417203046554, 491.50706579294757], [0.0, 0.0, 1.0]], [[1260.8474446004698, 0.0, 807.968244525554], [0.0, 1260.8474446004698, 495.3344268742088], [0.0, 0.0, 1.0]], [[1256.7414812095406, 0.0, 792.1125740759628], [0.0, 1256.7414812095406, 492.7757465151356], [0.0, 0.0, 1.0]], [[809.2209905677063, 0.0, 829.2196003259838], [0.0, 809.2209905677063, 481.77842384512485], [0.0, 0.0, 1.0]], [[1259.5137405846733, 0.0, 807.2529053838625], [0.0, 1259.5137405846733, 501.19579884916527], [0.0, 0.0, 1.0]]], "extrinsics": [[[0.8188676834106445, -0.5720899105072021, -0.04657027870416641, -0.4979248046875], [-0.056654397398233414, 0.0001800890313461423, -0.9983938336372375, 1.4761810302734375], [0.5711794495582581, 0.8201908469200134, -0.03226394206285477, -0.96240234375], [0.0, 0.0, 0.0, 1.0]], [[0.004921796731650829, -0.9999821782112122, 0.0033634777646511793, 0.01263427734375], [-0.062115203589200974, -0.0036627482622861862, -0.998062252998352, 1.4916839599609375], [0.9980568289756775, 0.004703367128968239, -0.062132127583026886, -1.228515625], [0.0, 0.0, 0.0, 1.0]], [[-0.83253014087677, -0.5525604486465454, 0.03962908312678337, 0.733642578125], [-0.05665475130081177, 0.013763411901891232, -0.9982989430427551, 1.4831390380859375], [0.5510750412940979, -0.8333591818809509, -0.04276363179087639, -1.0462646484375], [0.0, 0.0, 0.0, 1.0]], [[0.9466818571090698, 0.3181748688220978, -0.050579167902469635, -1.141357421875], [-0.04821319878101349, -0.01531185768544674, -0.9987196326255798, 1.5885238647460938], [-0.318541944026947, 0.9479084014892578, 0.000844768772367388, -0.10387039184570312], [0.0, 0.0, 0.0, 1.0]], [[0.0029295659624040127, 0.9999769926071167, -0.006126420106738806, 0.0018310546875], [-0.07353459298610687, -0.005894440691918135, -0.9972752928733826, 1.569580078125], [-0.9972884058952332, 0.0033720172941684723, 0.0735156312584877, -0.130859375], [0.0, 0.0, 0.0, 1.0]], [[-0.9336162805557251, 0.35587090253829956, 0.04143201932311058, 0.8912353515625], [-0.04090927913784981, 0.008997880853712559, -0.9991223812103271, 1.5407333374023438], [-0.35593128204345703, -0.9344918727874756, 0.006157848984003067, -0.15380859375], [0.0, 0.0, 0.0, 1.0]]], "view": [[0.0, -2.0, 100.0], [-2.0, 0.0, 100.0], [0.0, 0.0, 1.0]], "bev": "bev_1ea40fb285a94d68b960891955b2f076.png", "aux": "aux_1ea40fb285a94d68b960891955b2f076.npz", "visibility": "visibility_1ea40fb285a94d68b960891955b2f076.png", "pose": [[0.5636876225471497, -0.8259880542755127, 0.0, 652.9419555664062], [0.8259880542755127, 0.5636876225471497, 0.0, 2093.428466796875], [0.0, 0.0, 1.0, 0.0], [0.0, 0.0, 0.0, 1.0]], "pose_inverse": [[0.5636876225471497, 0.8259880542755127, 0.0, -2097.2021484375], [-0.8259880542755127, 0.5636876225471497, 0.0, -640.717529296875], [0.0, 0.0, 1.0, 0.0], [0.0, 0.0, 0.0, 1.0]], "cam_ids": [0, 1, 2, 3, 4, 5], "cam_channels": ["CAM_FRONT_LEFT", "CAM_FRONT", "CAM_FRONT_RIGHT", "CAM_BACK_LEFT", "CAM_BACK", "CAM_BACK_RIGHT"], "token": "1ea40fb285a94d68b960891955b2f076", "scene": "scene-1049"}, {"images": ["samples/CAM_FRONT_LEFT/n015-2018-11-21-19-11-29+0800__CAM_FRONT_LEFT__1542798815104844.jpg", "samples/CAM_FRONT/n015-2018-11-21-19-11-29+0800__CAM_FRONT__1542798815112460.jpg", "samples/CAM_FRONT_RIGHT/n015-2018-11-21-19-11-29+0800__CAM_FRONT_RIGHT__1542798815120339.jpg", "samples/CAM_BACK_LEFT/n015-2018-11-21-19-11-29+0800__CAM_BACK_LEFT__1542798815147423.jpg", "samples/CAM_BACK/n015-2018-11-21-19-11-29+0800__CAM_BACK__1542798815137525.jpg", "samples/CAM_BACK_RIGHT/n015-2018-11-21-19-11-29+0800__CAM_BACK_RIGHT__1542798815127893.jpg"], "intrinsics": [[[1272.5979470598488, 0.0, 826.6154927353808], [0.0, 1272.5979470598488, 479.75165386361925], [0.0, 0.0, 1.0]], [[1266.417203046554, 0.0, 816.2670197447984], [0.0, 1266.417203046554, 491.50706579294757], [0.0, 0.0, 1.0]], [[1260.8474446004698, 0.0, 807.968244525554], [0.0, 1260.8474446004698, 495.3344268742088], [0.0, 0.0, 1.0]], [[1256.7414812095406, 0.0, 792.1125740759628], [0.0, 1256.7414812095406, 492.7757465151356], [0.0, 0.0, 1.0]], [[809.2209905677063, 0.0, 829.2196003259838], [0.0, 809.2209905677063, 481.77842384512485], [0.0, 0.0, 1.0]], [[1259.5137405846733, 0.0, 807.2529053838625], [0.0, 1259.5137405846733, 501.19579884916527], [0.0, 0.0, 1.0]]], "extrinsics": [[[0.8186289668083191, -0.5722776055335999, -0.048425495624542236, -0.5074462890625], [-0.06294633448123932, -0.005593399982899427, -0.998001217842102, 1.473236083984375], [0.570862889289856, 0.8200408220291138, -0.0406016930937767, -0.965087890625], [0.0, 0.0, 0.0, 1.0]], [[0.0051787798292934895, -0.999939501285553, 0.009702268987894058, 0.01007080078125], [-0.0681411623954773, -0.01003272458910942, -0.9976252317428589, 1.4894866943359375], [0.9976621866226196, 0.004505355842411518, -0.06818899512290955, -1.2373046875], [0.0, 0.0, 0.0, 1.0]], [[-0.8321017622947693, -0.5525168776512146, 0.048287827521562576, 0.739990234375], [-0.06241559237241745, 0.006775474175810814, -0.9980272054672241, 1.48162841796875], [0.5510996580123901, -0.8334741592407227, -0.04012354835867882, -1.052734375], [0.0, 0.0, 0.0, 1.0]], [[0.9463065266609192, 0.3179709315299988, -0.058296240866184235, -1.14013671875], [-0.053209446370601654, -0.024667177349328995, -0.9982786178588867, 1.5884628295898438], [-0.31886157393455505, 0.9477795362472534, -0.006423654034733772, -0.10442352294921875], [0.0, 0.0, 0.0, 1.0]], [[0.002477176720276475, 0.9998927712440491, -0.014431513845920563, 0.00213623046875], [-0.07882717996835709, -0.0141914002597332, -0.9967872500419617, 1.569244384765625], [-0.9968851804733276, 0.0036067923065274954, 0.07878357172012329, -0.126220703125], [0.0, 0.0, 0.0, 1.0]], [[-0.9335268139839172, 0.3558098375797272, 0.04389798268675804, 0.8995361328125], [-0.04644061252474785, 0.0013968669809401035, -0.9989200830459595, 1.539703369140625], [-0.3554868698120117, -0.9345573782920837, 0.01522001065313816, -0.15185546875], [0.0, 0.0, 0.0, 1.0]]], "view": [[0.0, -2.0, 100.0], [-2.0, 0.0, 100.0], [0.0, 0.0, 1.0]], "bev": "bev_713f57b69ed54e07a5202d779907aff4.png", "aux": "aux_713f57b69ed54e07a5202d779907aff4.npz", "visibility": "visibility_713f57b69ed54e07a5202d779907aff4.png", "pose": [[0.5600143074989319, -0.8284829258918762, 0.0, 656.675537109375], [0.8284829258918762, 0.5600143074989319, 0.0, 2098.830078125], [0.0, 0.0, 1.0, 0.0], [0.0, 0.0, 0.0, 1.0]], "pose_inverse": [[0.5600143074989319, 0.8284829258918762, 0.0, -2106.592529296875], [-0.8284829258918762, 0.5600143074989319, 0.0, -631.3303833007812], [0.0, 0.0, 1.0, 0.0], [0.0, 0.0, 0.0, 1.0]], "cam_ids": [0, 1, 2, 3, 4, 5], "cam_channels": ["CAM_FRONT_LEFT", "CAM_FRONT", "CAM_FRONT_RIGHT", "CAM_BACK_LEFT", "CAM_BACK", "CAM_BACK_RIGHT"], "token": "713f57b69ed54e07a5202d779907aff4", "scene": "scene-1049"}, {"images": ["samples/CAM_FRONT_LEFT/n015-2018-11-21-19-11-29+0800__CAM_FRONT_LEFT__1542798815604844.jpg", "samples/CAM_FRONT/n015-2018-11-21-19-11-29+0800__CAM_FRONT__1542798815612460.jpg", "samples/CAM_FRONT_RIGHT/n015-2018-11-21-19-11-29+0800__CAM_FRONT_RIGHT__1542798815620339.jpg", "samples/CAM_BACK_LEFT/n015-2018-11-21-19-11-29+0800__CAM_BACK_LEFT__1542798815647423.jpg", "samples/CAM_BACK/n015-2018-11-21-19-11-29+0800__CAM_BACK__1542798815637525.jpg", "samples/CAM_BACK_RIGHT/n015-2018-11-21-19-11-29+0800__CAM_BACK_RIGHT__1542798815627893.jpg"], "intrinsics": [[[1272.5979470598488, 0.0, 826.6154927353808], [0.0, 1272.5979470598488, 479.75165386361925], [0.0, 0.0, 1.0]], [[1266.417203046554, 0.0, 816.2670197447984], [0.0, 1266.417203046554, 491.50706579294757], [0.0, 0.0, 1.0]], [[1260.8474446004698, 0.0, 807.968244525554], [0.0, 1260.8474446004698, 495.3344268742088], [0.0, 0.0, 1.0]], [[1256.7414812095406, 0.0, 792.1125740759628], [0.0, 1256.7414812095406, 492.7757465151356], [0.0, 0.0, 1.0]], [[809.2209905677063, 0.0, 829.2196003259838], [0.0, 809.2209905677063, 481.77842384512485], [0.0, 0.0, 1.0]], [[1259.5137405846733, 0.0, 807.2529053838625], [0.0, 1259.5137405846733, 501.19579884916527], [0.0, 0.0, 1.0]]], "extrinsics": [[[0.8195149898529053, -0.5721996426582336, -0.03134966269135475, -0.5107421875], [-0.04984848201274872, -0.016681693494319916, -0.99861741065979, 1.48077392578125], [0.5708855390548706, 0.8199447393417358, -0.0421941801905632, -0.967529296875], [0.0, 0.0, 0.0, 1.0]], [[0.005557564087212086, -0.9997761249542236, 0.02041362039744854, 0.00982666015625], [-0.05563768371939659, -0.02069147117435932, -0.9982365965843201, 1.49542236328125], [0.9984355568885803, 0.004412074573338032, -0.055740222334861755, -1.2412109375], [0.0, 0.0, 0.0, 1.0]], [[-0.8323705792427063, -0.5524687767028809, 0.04401618614792824, 0.742919921875], [-0.05052800476551056, -0.003442145651206374, -0.9987167119979858, 1.4860305786132812], [0.5519113540649414, -0.8335264325141907, -0.025050003081560135, -1.05462646484375], [0.0, 0.0, 0.0, 1.0]], [[0.9466937184333801, 0.317889004945755, -0.05213069170713425, -1.1455078125], [-0.043705541640520096, -0.03358304500579834, -0.9984798431396484, 1.58868408203125], [-0.3191565275192261, 0.9475330114364624, -0.017899343743920326, -0.10179901123046875], [0.0, 0.0, 0.0, 1.0]], [[0.002243370981886983, 0.9997144937515259, -0.023790713399648666, 0.00274658203125], [-0.0684506744146347, -0.023581456393003464, -0.9973757863044739, 1.5708465576171875], [-0.9976519346237183, 0.00386598939076066, 0.06837821751832962, -0.121826171875], [0.0, 0.0, 0.0, 1.0]], [[-0.9341027736663818, 0.3557492792606354, 0.02990764193236828, 0.9024658203125], [-0.03519808128476143, -0.008406408131122589, -0.9993450045585632, 1.5426864624023438], [-0.35526490211486816, -0.9345436096191406, 0.020374147221446037, -0.1510009765625], [0.0, 0.0, 0.0, 1.0]]], "view": [[0.0, -2.0, 100.0], [-2.0, 0.0, 100.0], [0.0, 0.0, 1.0]], "bev": "bev_cacce40973d441deb8349f89585a01eb.png", "aux": "aux_cacce40973d441deb8349f89585a01eb.npz", "visibility": "visibility_cacce40973d441deb8349f89585a01eb.png", "pose": [[0.5569751858711243, -0.8305291533470154, 0.0, 660.399169921875], [0.8305291533470154, 0.5569751858711243, 0.0, 2104.290283203125], [0.0, 0.0, 1.0, 0.0], [0.0, 0.0, 0.0, 1.0]], "pose_inverse": [[0.5569751858711243, 0.8305291533470154, 0.0, -2115.500244140625], [-0.8305291533470154, 0.5569751858711243, 0.0, -623.5567016601562], [0.0, 0.0, 1.0, 0.0], [0.0, 0.0, 0.0, 1.0]], "cam_ids": [0, 1, 2, 3, 4, 5], "cam_channels": ["CAM_FRONT_LEFT", "CAM_FRONT", "CAM_FRONT_RIGHT", "CAM_BACK_LEFT", "CAM_BACK", "CAM_BACK_RIGHT"], "token": "cacce40973d441deb8349f89585a01eb", "scene": "scene-1049"}, {"images": ["samples/CAM_FRONT_LEFT/n015-2018-11-21-19-11-29+0800__CAM_FRONT_LEFT__1542798816104844.jpg", "samples/CAM_FRONT/n015-2018-11-21-19-11-29+0800__CAM_FRONT__1542798816112460.jpg", "samples/CAM_FRONT_RIGHT/n015-2018-11-21-19-11-29+0800__CAM_FRONT_RIGHT__1542798816120339.jpg", "samples/CAM_BACK_LEFT/n015-2018-11-21-19-11-29+0800__CAM_BACK_LEFT__1542798816147423.jpg", "samples/CAM_BACK/n015-2018-11-21-19-11-29+0800__CAM_BACK__1542798816137525.jpg", "samples/CAM_BACK_RIGHT/n015-2018-11-21-19-11-29+0800__CAM_BACK_RIGHT__1542798816127893.jpg"], "intrinsics": [[[1272.5979470598488, 0.0, 826.6154927353808], [0.0, 1272.5979470598488, 479.75165386361925], [0.0, 0.0, 1.0]], [[1266.417203046554, 0.0, 816.2670197447984], [0.0, 1266.417203046554, 491.50706579294757], [0.0, 0.0, 1.0]], [[1260.8474446004698, 0.0, 807.968244525554], [0.0, 1260.8474446004698, 495.3344268742088], [0.0, 0.0, 1.0]], [[1256.7414812095406, 0.0, 792.1125740759628], [0.0, 1256.7414812095406, 492.7757465151356], [0.0, 0.0, 1.0]], [[809.2209905677063, 0.0, 829.2196003259838], [0.0, 809.2209905677063, 481.77842384512485], [0.0, 0.0, 1.0]], [[1259.5137405846733, 0.0, 807.2529053838625], [0.0, 1259.5137405846733, 501.19579884916527], [0.0, 0.0, 1.0]]], "extrinsics": [[[0.8193782567977905, -0.5722770690917969, -0.03344154357910156, -0.524169921875], [-0.044415682554244995, -0.005216274410486221, -0.9989995360374451, 1.484375], [0.5715300440788269, 0.8200438022613525, -0.02969217486679554, -0.973388671875], [0.0, 0.0, 0.0, 1.0]], [[0.005057469941675663, -0.999945342540741, 0.00915677659213543, 0.00750732421875], [-0.04943670332431793, -0.009395714849233627, -0.9987331032752991, 1.4987640380859375], [0.9987645149230957, 0.0045983390882611275, -0.04948151484131813, -1.252685546875], [0.0, 0.0, 0.0, 1.0]], [[-0.832809329032898, -0.5526326894760132, 0.03202922269701958, 0.74951171875], [-0.04352055862545967, 0.007683941163122654, -0.9990229606628418, 1.488861083984375], [0.5518466234207153, -0.8333895206451416, -0.030450137332081795, -1.06109619140625], [0.0, 0.0, 0.0, 1.0]], [[0.9470892548561096, 0.31848835945129395, -0.039839278906583786, -1.150146484375], [-0.03428570181131363, -0.023026494309306145, -0.9991467595100403, 1.5888442993164062], [-0.31913402676582336, 0.9476470947265625, -0.010888547636568546, -0.10112762451171875], [0.0, 0.0, 0.0, 1.0]], [[0.0024676022585481405, 0.9999115467071533, -0.013073654845356941, 0.00299072265625], [-0.05981169641017914, -0.012902708724141121, -0.9981263279914856, 1.5722503662109375], [-0.998206615447998, 0.003244894789531827, 0.05977456644177437, -0.116943359375], [0.0, 0.0, 0.0, 1.0]], [[-0.9342449307441711, 0.3556441366672516, 0.026528121903538704, 0.9090576171875], [-0.027408422902226448, 0.0025640500243753195, -0.9996210336685181, 1.5447921752929688], [-0.3555773198604584, -0.9346179962158203, 0.007352190557867289, -0.1497802734375], [0.0, 0.0, 0.0, 1.0]]], "view": [[0.0, -2.0, 100.0], [-2.0, 0.0, 100.0], [0.0, 0.0, 1.0]], "bev": "bev_e3adbd5c9dfe41b8a3ffe87aeb799e96.png", "aux": "aux_e3adbd5c9dfe41b8a3ffe87aeb799e96.npz", "visibility": "visibility_e3adbd5c9dfe41b8a3ffe87aeb799e96.png", "pose": [[0.5543060898780823, -0.8323129415512085, 0.0, 664.0321044921875], [0.8323129415512085, 0.5543060898780823, 0.0, 2109.64013671875], [0.0, 0.0, 1.0, 0.0], [0.0, 0.0, 0.0, 1.0]], "pose_inverse": [[0.5543060898780823, 0.8323129415512085, 0.0, -2123.957763671875], [-0.8323129415512085, 0.5543060898780823, 0.0, -616.703857421875], [0.0, 0.0, 1.0, 0.0], [0.0, 0.0, 0.0, 1.0]], "cam_ids": [0, 1, 2, 3, 4, 5], "cam_channels": ["CAM_FRONT_LEFT", "CAM_FRONT", "CAM_FRONT_RIGHT", "CAM_BACK_LEFT", "CAM_BACK", "CAM_BACK_RIGHT"], "token": "e3adbd5c9dfe41b8a3ffe87aeb799e96", "scene": "scene-1049"}, {"images": ["samples/CAM_FRONT_LEFT/n015-2018-11-21-19-11-29+0800__CAM_FRONT_LEFT__1542798816604844.jpg", "samples/CAM_FRONT/n015-2018-11-21-19-11-29+0800__CAM_FRONT__1542798816612460.jpg", "samples/CAM_FRONT_RIGHT/n015-2018-11-21-19-11-29+0800__CAM_FRONT_RIGHT__1542798816620339.jpg", "samples/CAM_BACK_LEFT/n015-2018-11-21-19-11-29+0800__CAM_BACK_LEFT__1542798816647423.jpg", "samples/CAM_BACK/n015-2018-11-21-19-11-29+0800__CAM_BACK__1542798816637525.jpg", "samples/CAM_BACK_RIGHT/n015-2018-11-21-19-11-29+0800__CAM_BACK_RIGHT__1542798816627893.jpg"], "intrinsics": [[[1272.5979470598488, 0.0, 826.6154927353808], [0.0, 1272.5979470598488, 479.75165386361925], [0.0, 0.0, 1.0]], [[1266.417203046554, 0.0, 816.2670197447984], [0.0, 1266.417203046554, 491.50706579294757], [0.0, 0.0, 1.0]], [[1260.8474446004698, 0.0, 807.968244525554], [0.0, 1260.8474446004698, 495.3344268742088], [0.0, 0.0, 1.0]], [[1256.7414812095406, 0.0, 792.1125740759628], [0.0, 1256.7414812095406, 492.7757465151356], [0.0, 0.0, 1.0]], [[809.2209905677063, 0.0, 829.2196003259838], [0.0, 809.2209905677063, 481.77842384512485], [0.0, 0.0, 1.0]], [[1259.5137405846733, 0.0, 807.2529053838625], [0.0, 1259.5137405846733, 501.19579884916527], [0.0, 0.0, 1.0]]], "extrinsics": [[[0.8207179307937622, -0.5705623626708984, -0.029675152152776718, -0.5172119140625], [-0.03927864506840706, -0.0045301602222025394, -0.9992179870605469, 1.4869461059570312], [0.5699818134307861, 0.8212417960166931, -0.026128901168704033, -0.9739990234375], [0.0, 0.0, 0.0, 1.0]], [[0.006612234748899937, -0.999944269657135, 0.008231518790125847, 0.01123046875], [-0.043981581926345825, -0.008514545857906342, -0.9989960789680481, 1.5009765625], [0.9990103840827942, 0.006243576295673847, -0.044035427272319794, -1.247802734375], [0.0, 0.0, 0.0, 1.0]], [[-0.8323054909706116, -0.5536792278289795, 0.026587923988699913, 0.7470703125], [-0.03776230663061142, 0.008780967444181442, -0.9992481470108032, 1.490631103515625], [0.5530294179916382, -0.8326837420463562, -0.0282166488468647, -1.05621337890625], [0.0, 0.0, 0.0, 1.0]], [[0.9472561478614807, 0.31882235407829285, -0.03252704069018364, -1.145751953125], [-0.027218744158744812, -0.02109207957983017, -0.9994069337844849, 1.5886611938476562], [-0.31931930780410767, 0.9475798010826111, -0.011301658116281033, -0.1026611328125], [0.0, 0.0, 0.0, 1.0]], [[0.0020200838334858418, 0.9999331831932068, -0.011382978409528732, 0.0020751953125], [-0.05322214215993881, -0.01125936210155487, -0.998519241809845, 1.5727920532226562], [-0.9985806941986084, 0.0026228781789541245, 0.05319584161043167, -0.121337890625], [0.0, 0.0, 0.0, 1.0]], [[-0.9346915483474731, 0.354