[{"images": ["samples/CAM_FRONT_LEFT/n015-2018-07-24-11-13-19+0800__CAM_FRONT_LEFT__1532402133104844.jpg", "samples/CAM_FRONT/n015-2018-07-24-11-13-19+0800__CAM_FRONT__1532402133112460.jpg", "samples/CAM_FRONT_RIGHT/n015-2018-07-24-11-13-19+0800__CAM_FRONT_RIGHT__1532402133120339.jpg", "samples/CAM_BACK_LEFT/n015-2018-07-24-11-13-19+0800__CAM_BACK_LEFT__1532402133147423.jpg", "samples/CAM_BACK/n015-2018-07-24-11-13-19+0800__CAM_BACK__1532402133137525.jpg", "samples/CAM_BACK_RIGHT/n015-2018-07-24-11-13-19+0800__CAM_BACK_RIGHT__1532402133127893.jpg"], "intrinsics": [[[1272.5979470598488, 0.0, 826.6154927353808], [0.0, 1272.5979470598488, 479.75165386361925], [0.0, 0.0, 1.0]], [[1266.417203046554, 0.0, 816.2670197447984], [0.0, 1266.417203046554, 491.50706579294757], [0.0, 0.0, 1.0]], [[1260.8474446004698, 0.0, 807.968244525554], [0.0, 1260.8474446004698, 495.3344268742088], [0.0, 0.0, 1.0]], [[1256.7414812095406, 0.0, 792.1125740759628], [0.0, 1256.7414812095406, 492.7757465151356], [0.0, 0.0, 1.0]], [[809.2209905677063, 0.0, 829.2196003259838], [0.0, 809.2209905677063, 481.77842384512485], [0.0, 0.0, 1.0]], [[1259.5137405846733, 0.0, 807.2529053838625], [0.0, 1259.5137405846733, 501.19579884916527], [0.0, 0.0, 1.0]]], "extrinsics": [[[0.8211305737495422, -0.5702014565467834, 0.02479627914726734, -0.58245849609375], [0.010149365290999413, -0.028850724920630455, -0.9995322227478027, 1.5130195617675781], [0.5706501603126526, 0.8209981322288513, -0.017903028056025505, -1.0167236328125], [0.0, 0.0, 0.0, 1.0]], [[0.00618908042088151, -0.9994410872459412, 0.032853662967681885, 0.00908660888671875], [0.005041277967393398, -0.03282269462943077, -0.9994485378265381, 1.522505521774292], [0.9999681115150452, 0.006351288408041, 0.00483531691133976, -1.31201171875], [0.0, 0.0, 0.0, 1.0]], [[-0.8325946927070618, -0.5538824200630188, -0.0004402028862386942, 0.7890625], [0.010851441882550716, -0.01551724225282669, -0.9998206496238708, 1.5068445205688477], [0.5537763237953186, -0.832450270652771, 0.018929999321699142, -1.0853271484375], [0.0, 0.0, 0.0, 1.0]], [[0.9476282596588135, 0.31933826208114624, 0.004871313460171223, -1.1461181640625], [0.020286226645112038, -0.044963039457798004, -0.9987826347351074, 1.5884876251220703], [-0.3187304735183716, 0.9465734958648682, -0.04908641800284386, -0.102691650390625], [0.0, 0.0, 0.0, 1.0]], [[0.0024517816491425037, 0.9993755221366882, -0.035250481218099594, 0.002593994140625], [-0.005457415711134672, -0.03523669019341469, -0.9993640780448914, 1.578810691833496], [-0.9999821186065674, 0.0026425919495522976, 0.005367613863199949, -0.1014404296875], [0.0, 0.0, 0.0, 1.0]], [[-0.9346679449081421, 0.35404402017593384, -0.03238474205136299, 0.9398193359375], [0.026940183714032173, -0.020297454670071602, -0.9994309544563293, 1.5571174621582031], [-0.354499876499176, -0.9350085258483887, 0.009433368220925331, -0.137115478515625], [0.0, 0.0, 0.0, 1.0]]], "view": [[0.0, -2.0, 100.0], [-2.0, 0.0, 100.0], [0.0, 0.0, 1.0]], "bev": "bev_2b946a3f99fc479aac0f470b284199a0.png", "aux": "aux_2b946a3f99fc479aac0f470b284199a0.npz", "visibility": "visibility_2b946a3f99fc479aac0f470b284199a0.png", "pose": [[0.37993577122688293, -0.9250128865242004, 0.0, 397.3028564453125], [0.9250128865242004, 0.37993577122688293, 0.0, 1172.5947265625], [0.0, 0.0, 1.0, 0.0], [0.0, 0.0, 0.0, 1.0]], "pose_inverse": [[0.37993577122688293, 0.9250128865242004, 0.0, -1235.61474609375], [-0.9250128865242004, 0.37993577122688293, 0.0, -78.00041198730469], [0.0, 0.0, 1.0, 0.0], [0.0, 0.0, 0.0, 1.0]], "cam_ids": [0, 1, 2, 3, 4, 5], "cam_channels": ["CAM_FRONT_LEFT", "CAM_FRONT", "CAM_FRONT_RIGHT", "CAM_BACK_LEFT", "CAM_BACK", "CAM_BACK_RIGHT"], "token": "2b946a3f99fc479aac0f470b284199a0", "scene": "scene-0047"}, {"images": ["samples/CAM_FRONT_LEFT/n015-2018-07-24-11-13-19+0800__CAM_FRONT_LEFT__1532402133604844.jpg", "samples/CAM_FRONT/n015-2018-07-24-11-13-19+0800__CAM_FRONT__1532402133612460.jpg", "samples/CAM_FRONT_RIGHT/n015-2018-07-24-11-13-19+0800__CAM_FRONT_RIGHT__1532402133620339.jpg", "samples/CAM_BACK_LEFT/n015-2018-07-24-11-13-19+0800__CAM_BACK_LEFT__1532402133647423.jpg", "samples/CAM_BACK/n015-2018-07-24-11-13-19+0800__CAM_BACK__1532402133637525.jpg", "samples/CAM_BACK_RIGHT/n015-2018-07-24-11-13-19+0800__CAM_BACK_RIGHT__1532402133627893.jpg"], "intrinsics": [[[1272.5979470598488, 0.0, 826.6154927353808], [0.0, 1272.5979470598488, 479.75165386361925], [0.0, 0.0, 1.0]], [[1266.417203046554, 0.0, 816.2670197447984], [0.0, 1266.417203046554, 491.50706579294757], [0.0, 0.0, 1.0]], [[1260.8474446004698, 0.0, 807.968244525554], [0.0, 1260.8474446004698, 495.3344268742088], [0.0, 0.0, 1.0]], [[1256.7414812095406, 0.0, 792.1125740759628], [0.0, 1256.7414812095406, 492.7757465151356], [0.0, 0.0, 1.0]], [[809.2209905677063, 0.0, 829.2196003259838], [0.0, 809.2209905677063, 481.77842384512485], [0.0, 0.0, 1.0]], [[1259.5137405846733, 0.0, 807.2529053838625], [0.0, 1259.5137405846733, 501.19579884916527], [0.0, 0.0, 1.0]]], "extrinsics": [[[0.8202629685401917, -0.5714890956878662, 0.023848561570048332, -0.5787353515625], [0.009963263757526875, -0.027412449941039085, -0.9995745420455933, 1.5129318237304688], [0.5718998312950134, 0.8201515674591064, -0.01679152064025402, -1.01025390625], [0.0, 0.0, 0.0, 1.0]], [[0.004985046572983265, -0.999492883682251, 0.03144901618361473, 0.00667572021484375], [0.0046944161877036095, -0.03142567351460457, -0.9994950890541077, 1.5223379135131836], [0.9999765753746033, 0.0051301452331244946, 0.004535376559942961, -1.3055419921875], [0.0, 0.0, 0.0, 1.0]], [[-0.8330976963043213, -0.553125262260437, -0.0007896822062321007, 0.7828369140625], [0.01035956759005785, -0.014175759628415108, -0.9998458027839661, 1.5067405700683594], [0.5530288219451904, -0.8329774141311646, 0.017539935186505318, -1.08331298828125], [0.0, 0.0, 0.0, 1.0]], [[0.9477591514587402, 0.3189633786678314, 0.0038563415873795748, -1.141845703125], [0.019027676433324814, -0.044462233781814575, -0.9988298416137695, 1.5885295867919922], [-0.3184186816215515, 0.9467235803604126, -0.04820862039923668, -0.1031494140625], [0.0, 0.0, 0.0, 1.0]], [[0.0027508505154401064, 0.9994024038314819, -0.03445737436413765, 0.003265380859375], [-0.006355815101414919, -0.0344393365085125, -0.9993866086006165, 1.5786590576171875], [-0.9999759793281555, 0.002968163462355733, 0.006257280241698027, -0.1072998046875], [0.0, 0.0, 0.0, 1.0]], [[-0.9344577193260193, 0.3546903729438782, -0.031360477209091187, 0.9345703125], [0.02627267874777317, -0.019152455031871796, -0.9994713664054871, 1.5571155548095703], [-0.3551035225391388, -0.9347876310348511, 0.008578493259847164, -0.14056396484375], [0.0, 0.0, 0.0, 1.0]]], "view": [[0.0, -2.0, 100.0], [-2.0, 0.0, 100.0], [0.0, 0.0, 1.0]], "bev": "bev_e52c90b152364accade195a6c538abf2.png", "aux": "aux_e52c90b152364accade195a6c538abf2.npz", "visibility": "visibility_e52c90b152364accade195a6c538abf2.png", "pose": [[0.37646254897117615, -0.9264318346977234, 0.0, 399.3793029785156], [0.9264318346977234, 0.37646254897117615, 0.0, 1177.6387939453125], [0.0, 0.0, 1.0, 0.0], [0.0, 0.0, 0.0, 1.0]], "pose_inverse": [[0.37646254897117615, 0.9264318346977234, 0.0, -1241.3533935546875], [-0.9264318346977234, 0.37646254897117615, 0.0, -73.3392105102539], [0.0, 0.0, 1.0, 0.0], [0.0, 0.0, 0.0, 1.0]], "cam_ids": [0, 1, 2, 3, 4, 5], "cam_channels": ["CAM_FRONT_LEFT", "CAM_FRONT", "CAM_FRONT_RIGHT", "CAM_BACK_LEFT", "CAM_BACK", "CAM_BACK_RIGHT"], "token": "e52c90b152364accade195a6c538abf2", "scene": "scene-0047"}, {"images": ["samples/CAM_FRONT_LEFT/n015-2018-07-24-11-13-19+0800__CAM_FRONT_LEFT__1532402134104844.jpg", "samples/CAM_FRONT/n015-2018-07-24-11-13-19+0800__CAM_FRONT__1532402134112460.jpg", "samples/CAM_FRONT_RIGHT/n015-2018-07-24-11-13-19+0800__CAM_FRONT_RIGHT__1532402134120339.jpg", "samples/CAM_BACK_LEFT/n015-2018-07-24-11-13-19+0800__CAM_BACK_LEFT__1532402134147423.jpg", "samples/CAM_BACK/n015-2018-07-24-11-13-19+0800__CAM_BACK__1532402134137525.jpg", "samples/CAM_BACK_RIGHT/n015-2018-07-24-11-13-19+0800__CAM_BACK_RIGHT__1532402134127893.jpg"], "intrinsics": [[[1272.5979470598488, 0.0, 826.6154927353808], [0.0, 1272.5979470598488, 479.75165386361925], [0.0, 0.0, 1.0]], [[1266.417203046554, 0.0, 816.2670197447984], [0.0, 1266.417203046554, 491.50706579294757], [0.0, 0.0, 1.0]], [[1260.8474446004698, 0.0, 807.968244525554], [0.0, 1260.8474446004698, 495.3344268742088], [0.0, 0.0, 1.0]], [[1256.7414812095406, 0.0, 792.1125740759628], [0.0, 1256.7414812095406, 492.7757465151356], [0.0, 0.0, 1.0]], [[809.2209905677063, 0.0, 829.2196003259838], [0.0, 809.2209905677063, 481.77842384512485], [0.0, 0.0, 1.0]], [[1259.5137405846733, 0.0, 807.2529053838625], [0.0, 1259.5137405846733, 501.19579884916527], [0.0, 0.0, 1.0]]], "extrinsics": [[[0.8206576704978943, -0.5710987448692322, 0.019162854179739952, -0.5712890625], [0.006491679698228836, -0.024215394631028175, -0.9996857047080994, 1.5113816261291504], [0.5713832974433899, 0.8205240368843079, -0.01616515964269638, -1.0074462890625], [0.0, 0.0, 0.0, 1.0]], [[0.005532299168407917, -0.9995895028114319, 0.02810986526310444, 0.00800323486328125], [0.001469696406275034, -0.02810213901102543, -0.9996039867401123, 1.5211331844329834], [0.999983549118042, 0.005571459885686636, 0.0013136243214830756, -1.2984619140625], [0.0, 0.0, 0.0, 1.0]], [[-0.8329103589057922, -0.5534077882766724, -0.00021785098942928016, 0.77783203125], [0.007380831055343151, -0.01071495097130537, -0.999915361404419, 1.5059089660644531], [0.5533586144447327, -0.8328414559364319, 0.013009204529225826, -1.07891845703125], [0.0, 0.0, 0.0, 1.0]], [[0.9478188753128052, 0.3187956213951111, 0.002949373098090291, -1.1397705078125], [0.016832029446959496, -0.040801119059324265, -0.9990254640579224, 1.5885581970214844], [-0.31836459040641785, 0.9469448924064636, -0.04403804987668991, -0.103607177734375], [0.0, 0.0, 0.0, 1.0]], [[0.0025571498554199934, 0.9995235204696655, -0.03076171688735485, 0.00292205810546875], [-0.008838409557938576, -0.030738025903701782, -0.9994884133338928, 1.5783557891845703], [-0.9999576210975647, 0.002827724674716592, 0.008755598217248917, -0.1121826171875], [0.0, 0.0, 0.0, 1.0]], [[-0.9346256256103516, 0.3545677363872528, -0.027508823201060295, 0.928955078125], [0.023516280576586723, -0.015565333887934685, -0.9996023178100586, 1.5566673278808594], [-0.354854941368103, -0.9349007606506348, 0.0062096454203128815, -0.141845703125], [0.0, 0.0, 0.0, 1.0]]], "view": [[0.0, -2.0, 100.0], [-2.0, 0.0, 100.0], [0.0, 0.0, 1.0]], "bev": "bev_92887f8ce86e45a2ab8d417c5c39aef2.png", "aux": "aux_92887f8ce86e45a2ab8d417c5c39aef2.npz", "visibility": "visibility_92887f8ce86e45a2ab8d417c5c39aef2.png", "pose": [[0.37831273674964905, -0.9256778359413147, 0.0, 401.4964599609375], [0.9256778359413147, 0.37831273674964905, 0.0, 1182.7830810546875], [0.0, 0.0, 1.0, 0.0], [0.0, 0.0, 0.0, 1.0]], "pose_inverse": [[0.37831273674964905, 0.9256778359413147, 0.0, -1246.767333984375], [-0.9256778359413147, 0.37831273674964905, 0.0, -75.80551147460938], [0.0, 0.0, 1.0, 0.0], [0.0, 0.0, 0.0, 1.0]], "cam_ids": [0, 1, 2, 3, 4, 5], "cam_channels": ["CAM_FRONT_LEFT", "CAM_FRONT", "CAM_FRONT_RIGHT", "CAM_BACK_LEFT", "CAM_BACK", "CAM_BACK_RIGHT"], "token": "92887f8ce86e45a2ab8d417c5c39aef2", "scene": "scene-0047"}, {"images": ["samples/CAM_FRONT_LEFT/n015-2018-07-24-11-13-19+0800__CAM_FRONT_LEFT__1532402134654844.jpg", "samples/CAM_FRONT/n015-2018-07-24-11-13-19+0800__CAM_FRONT__1532402134662460.jpg", "samples/CAM_FRONT_RIGHT/n015-2018-07-24-11-13-19+0800__CAM_FRONT_RIGHT__1532402134670339.jpg", "samples/CAM_BACK_LEFT/n015-2018-07-24-11-13-19+0800__CAM_BACK_LEFT__1532402134697423.jpg", "samples/CAM_BACK/n015-2018-07-24-11-13-19+0800__CAM_BACK__1532402134687525.jpg", "samples/CAM_BACK_RIGHT/n015-2018-07-24-11-13-19+0800__CAM_BACK_RIGHT__1532402134677893.jpg"], "intrinsics": [[[1272.5979470598488, 0.0, 826.6154927353808], [0.0, 1272.5979470598488, 479.75165386361925], [0.0, 0.0, 1.0]], [[1266.417203046554, 0.0, 816.2670197447984], [0.0, 1266.417203046554, 491.50706579294757], [0.0, 0.0, 1.0]], [[1260.8474446004698, 0.0, 807.968244525554], [0.0, 1260.8474446004698, 495.3344268742088], [0.0, 0.0, 1.0]], [[1256.7414812095406, 0.0, 792.1125740759628], [0.0, 1256.7414812095406, 492.7757465151356], [0.0, 0.0, 1.0]], [[809.2209905677063, 0.0, 829.2196003259838], [0.0, 809.2209905677063, 481.77842384512485], [0.0, 0.0, 1.0]], [[1259.5137405846733, 0.0, 807.2529053838625], [0.0, 1259.5137405846733, 501.19579884916527], [0.0, 0.0, 1.0]]], "extrinsics": [[[0.8211556673049927, -0.5702021718025208, 0.02393258363008499, -0.564453125], [0.009276957251131535, -0.028593266382813454, -0.999548077583313, 1.5128211975097656], [0.5706288814544678, 0.8210065960884094, -0.01818978227674961, -1.0045166015625], [0.0, 0.0, 0.0, 1.0]], [[0.006262407638132572, -0.9994419813156128, 0.032810330390930176, 0.00943756103515625], [0.003646107157692313, -0.03278793394565582, -0.9994556903839111, 1.522050142288208], [0.999973714351654, 0.006378632504492998, 0.003438742831349373, -1.2919921875], [0.0, 0.0, 0.0, 1.0]], [[-0.8325678706169128, -0.5539215803146362, 0.0012783021666109562, 0.773681640625], [0.008912264369428158, -0.01570286974310875, -0.9998369812965393, 1.5064430236816406], [0.5538513660430908, -0.8324207067489624, 0.018010402098298073, -1.074951171875], [0.0, 0.0, 0.0, 1.0]], [[0.9475991725921631, 0.31946101784706116, 0.0006902371533215046, -1.1346435546875], [0.016419030725955963, -0.04654484614729881, -0.9987812042236328, 1.5886964797973633], [-0.31903955340385437, 0.9464555382728577, -0.049351099878549576, -0.106475830078125], [0.0, 0.0, 0.0, 1.0]], [[0.0021371375769376755, 0.9993332624435425, -0.036446843296289444, 0.0023956298828125], [-0.00857771746814251, -0.03642726689577103, -0.9992995262145996, 1.578364372253418], [-0.9999608993530273, 0.0024482998996973038, 0.008494148962199688, -0.11669921875], [0.0, 0.0, 0.0, 1.0]], [[-0.9347598552703857, 0.353988379240036, -0.030267992988228798, 0.92431640625], [0.024463659152388573, -0.020861418917775154, -0.999483048915863, 1.5570087432861328], [-0.3544367253780365, -0.9350171089172363, 0.010840565897524357, -0.14276123046875], [0.0, 0.0, 0.0, 1.0]]], "view": [[0.0, -2.0, 100.0], [-2.0, 0.0, 100.0], [0.0, 0.0, 1.0]], "bev": "bev_6b9ef02e777d46c3aa2ab5f562b16ff5.png", "aux": "aux_6b9ef02e777d46c3aa2ab5f562b16ff5.npz", "visibility": "visibility_6b9ef02e777d46c3aa2ab5f562b16ff5.png", "pose": [[0.38053202629089355, -0.9247677326202393, 0.0, 403.87396240234375], [0.9247677326202393, 0.38053202629089355, 0.0, 1188.4842529296875], [0.0, 0.0, 1.0, 0.0], [0.0, 0.0, 0.0, 1.0]], "pose_inverse": [[0.38053202629089355, 0.9247677326202393, 0.0, -1252.7589111328125], [-0.9247677326202393, 0.38053202629089355, 0.0, -78.76670837402344], [0.0, 0.0, 1.0, 0.0], [0.0, 0.0, 0.0, 1.0]], "cam_ids": [0, 1, 2, 3, 4, 5], "cam_channels": ["CAM_FRONT_LEFT", "CAM_FRONT", "CAM_FRONT_RIGHT", "CAM_BACK_LEFT", "CAM_BACK", "CAM_BACK_RIGHT"], "token": "6b9ef02e777d46c3aa2ab5f562b16ff5", "scene": "scene-0047"}, {"images": ["samples/CAM_FRONT_LEFT/n015-2018-07-24-11-13-19+0800__CAM_FRONT_LEFT__1532402135154844.jpg", "samples/CAM_FRONT/n015-2018-07-24-11-13-19+0800__CAM_FRONT__1532402135162460.jpg", "samples/CAM_FRONT_RIGHT/n015-2018-07-24-11-13-19+0800__CAM_FRONT_RIGHT__1532402135170339.jpg", "samples/CAM_BACK_LEFT/n015-2018-07-24-11-13-19+0800__CAM_BACK_LEFT__1532402135197423.jpg", "samples/CAM_BACK/n015-2018-07-24-11-13-19+0800__CAM_BACK__1532402135187525.jpg", "samples/CAM_BACK_RIGHT/n015-2018-07-24-11-13-19+0800__CAM_BACK_RIGHT__1532402135177893.jpg"], "intrinsics": [[[1272.5979470598488, 0.0, 826.6154927353808], [0.0, 1272.5979470598488, 479.75165386361925], [0.0, 0.0, 1.0]], [[1266.417203046554, 0.0, 816.2670197447984], [0.0, 1266.417203046554, 491.50706579294757], [0.0, 0.0, 1.0]], [[1260.8474446004698, 0.0, 807.968244525554], [0.0, 1260.8474446004698, 495.3344268742088], [0.0, 0.0, 1.0]], [[1256.7414812095406, 0.0, 792.1125740759628], [0.0, 1256.7414812095406, 492.7757465151356], [0.0, 0.0, 1.0]], [[809.2209905677063, 0.0, 829.2196003259838], [0.0, 809.2209905677063, 481.77842384512485], [0.0, 0.0, 1.0]], [[1259.5137405846733, 0.0, 807.2529053838625], [0.0, 1259.5137405846733, 501.19579884916527], [0.0, 0.0, 1.0]]], "extrinsics": [[[0.8201857209205627, -0.571610689163208, 0.023591233417391777, -0.559326171875], [0.00580521859228611, -0.03291872516274452, -0.9994411468505859, 1.5111327171325684], [0.57206791639328, 0.8198642730712891, -0.023681139573454857, -0.99774169921875], [0.0, 0.0, 0.0, 1.0]], [[0.0047721280716359615, -0.9993125796318054, 0.036762699484825134, 0.0072021484375], [0.0007017423631623387, -0.036759767681360245, -0.9993239045143127, 1.520825743675232], [0.9999884366989136, 0.004794722888618708, 0.0005258382298052311, -1.2847900390625], [0.0, 0.0, 0.0, 1.0]], [[-0.8333042860031128, -0.5527897477149963, 0.005242525599896908, 0.7679443359375], [0.006528977770358324, -0.019323911517858505, -0.9997919797897339, 1.5057134628295898], [0.5527759790420532, -0.8330966830253601, 0.019711848348379135, -1.073486328125], [0.0, 0.0, 0.0, 1.0]], [[0.9477171897888184, 0.319110631942749, -0.0006829489720985293, -1.1376953125], [0.01575159654021263, -0.04891753941774368, -0.9986786246299744, 1.588627815246582], [-0.31872233748435974, 0.9464541673660278, -0.05138649791479111, -0.10516357421875], [0.0, 0.0, 0.0, 1.0]], [[0.0028324960730969906, 0.9992280602455139, -0.039184071123600006, 0.0033721923828125], [-0.009862103499472141, -0.03915441036224365, -0.9991845488548279, 1.5781745910644531], [-0.9999474287033081, 0.003216593060642481, 0.009743587113916874, -0.1175537109375], [0.0, 0.0, 0.0, 1.0]], [[-0.9344232678413391, 0.35492661595344543, -0.0296713225543499, 0.9205322265625], [0.02257459983229637, -0.024120192974805832, -0.999454140663147, 1.5566520690917969], [-0.35544854402542114, -0.9345830082893372, 0.014526141807436943, -0.14617919921875], [0.0, 0.0, 0.0, 1.0]]], "view": [[0.0, -2.0, 100.0], [-2.0, 0.0, 100.0], [0.0, 0.0, 1.0]], "bev": "bev_43ab85b86bd5454cb613a51cb42274e8.png", "aux": "aux_43ab85b86bd5454cb613a51cb42274e8.npz", "visibility": "visibility_43ab85b86bd5454cb613a51cb42274e8.png", "pose": [[0.37733331322669983, -0.9260775446891785, 0.0, 406.02923583984375], [0.9260775446891785, 0.37733331322669983, 0.0, 1193.707275390625], [0.0, 0.0, 1.0, 0.0], [0.0, 0.0, 0.0, 1.0]], "pose_inverse": [[0.37733331322669983, 0.9260775446891785, 0.0, -1258.673828125], [-0.9260775446891785, 0.37733331322669983, 0.0, -74.41095733642578], [0.0, 0.0, 1.0, 0.0], [0.0, 0.0, 0.0, 1.0]], "cam_ids": [0, 1, 2, 3, 4, 5], "cam_channels": ["CAM_FRONT_LEFT", "CAM_FRONT", "CAM_FRONT_RIGHT", "CAM_BACK_LEFT", "CAM_BACK", "CAM_BACK_RIGHT"], "token": "43ab85b86bd5454cb613a51cb42274e8", "scene": "scene-0047"}, {"images": ["samples/CAM_FRONT_LEFT/n015-2018-07-24-11-13-19+0800__CAM_FRONT_LEFT__1532402135654844.jpg", "samples/CAM_FRONT/n015-2018-07-24-11-13-19+0800__CAM_FRONT__1532402135662460.jpg", "samples/CAM_FRONT_RIGHT/n015-2018-07-24-11-13-19+0800__CAM_FRONT_RIGHT__1532402135670339.jpg", "samples/CAM_BACK_LEFT/n015-2018-07-24-11-13-19+0800__CAM_BACK_LEFT__1532402135697423.jpg", "samples/CAM_BACK/n015-2018-07-24-11-13-19+0800__CAM_BACK__1532402135687525.jpg", "samples/CAM_BACK_RIGHT/n015-2018-07-24-11-13-19+0800__CAM_BACK_RIGHT__1532402135677893.jpg"], "intrinsics": [[[1272.5979470598488, 0.0, 826.6154927353808], [0.0, 1272.5979470598488, 479.75165386361925], [0.0, 0.0, 1.0]], [[1266.417203046554, 0.0, 816.2670197447984], [0.0, 1266.417203046554, 491.50706579294757], [0.0, 0.0, 1.0]], [[1260.8474446004698, 0.0, 807.968244525554], [0.0, 1260.8474446004698, 495.3344268742088], [0.0, 0.0, 1.0]], [[1256.7414812095406, 0.0, 792.1125740759628], [0.0, 1256.7414812095406, 492.7757465151356], [0.0, 0.0, 1.0]], [[809.2209905677063, 0.0, 829.2196003259838], [0.0, 809.2209905677063, 481.77842384512485], [0.0, 0.0, 1.0]], [[1259.5137405846733, 0.0, 807.2529053838625], [0.0, 1259.5137405846733, 501.19579884916527], [0.0, 0.0, 1.0]]], "extrinsics": [[[0.8207389116287231, -0.5709164142608643, 0.02102716639637947, -0.5582275390625], [0.0020869618747383356, -0.03380924463272095, -0.9994261264801025, 1.5093626976013184], [0.5712996125221252, 0.8203117847442627, -0.026557082310318947, -1.00006103515625], [0.0, 0.0, 0.0, 1.0]], [[0.00571488356217742, -0.999258279800415, 0.03808050602674484, 0.00948333740234375], [-0.003200872102752328, -0.03809921443462372, -0.9992688894271851, 1.519315242767334], [0.9999784827232361, 0.005588776431977749, -0.003416231367737055, -1.2864990234375], [0.0, 0.0, 0.0, 1.0]], [[-0.8328452110290527, -0.5534231662750244, 0.009573045186698437, 0.770751953125], [0.0024780079256743193, -0.02102314494550228, -0.9997758865356445, 1.5044612884521484], [0.5535003542900085, -0.8326348066329956, 0.018880411982536316, -1.07293701171875], [0.0, 0.0, 0.0, 1.0]], [[0.9477066993713379, 0.3190903067588806, -0.005778520368039608, -1.1390380859375], [0.01132998801767826, -0.051734309643507004, -0.9985966086387634, 1.5885963439941406], [-0.3189413845539093, 0.9463112354278564, -0.05264424532651901, -0.10479736328125], [0.0, 0.0, 0.0, 1.0]], [[0.00228371424600482, 0.999137282371521, -0.04146710783243179, 0.0023345947265625], [-0.014101170934736729, -0.041430920362472534, -0.9990418553352356, 1.5777339935302734], [-0.9998979568481445, 0.0028662928380072117, 0.013994387350976467, -0.115478515625], [0.0, 0.0, 0.0, 1.0]], [[-0.9348055124282837, 0.35417017340660095, -0.026497144252061844, 0.922607421875], [0.01845407858490944, -0.02606840431690216, -0.9994898438453674, 1.5556926727294922], [-0.35468021035194397, -0.9348175525665283, 0.017833007499575615, -0.143402099609375], [0.0, 0.0, 0.0, 1.0]]], "view": [[0.0, -2.0, 100.0], [-2.0, 0.0, 100.0], [0.0, 0.0, 1.0]], "bev": "bev_49fadbef173a4828a266905a3212760d.png", "aux": "aux_49fadbef173a4828a266905a3212760d.npz", "visibility": "visibility_49fadbef173a4828a266905a3212760d.png", "pose": [[0.37121888995170593, -0.928545355796814, 0.0, 408.183349609375], [0.928545355796814, 0.37121888995170593, 0.0, 1199.0177001953125], [0.0, 0.0, 1.0, 0.0], [0.0, 0.0, 0.0, 1.0]], "pose_inverse": [[0.37121888995170593, 0.928545355796814, 0.0, -1264.86767578125], [-0.928545355796814, 0.37121888995170593, 0.0, -66.08126831054688], [0.0, 0.0, 1.0, 0.0], [0.0, 0.0, 0.0, 1.0]], "cam_ids": [0, 1, 2, 3, 4, 5], "cam_channels": ["CAM_FRONT_LEFT", "CAM_FRONT", "CAM_FRONT_RIGHT", "CAM_BACK_LEFT", "CAM_BACK", "CAM_BACK_RIGHT"], "token": "49fadbef173a4828a266905a3212760d", "scene": "scene-0047"}, {"images": ["samples/CAM_FRONT_LEFT/n015-2018-07-24-11-13-19+0800__CAM_FRONT_LEFT__1532402136154844.jpg", "samples/CAM_FRONT/n015-2018-07-24-11-13-19+0800__CAM_FRONT__1532402136162460.jpg", "samples/CAM_FRONT_RIGHT/n015-2018-07-24-11-13-19+0800__CAM_FRONT_RIGHT__1532402136170339.jpg", "samples/CAM_BACK_LEFT/n015-2018-07-24-11-13-19+0800__CAM_BACK_LEFT__1532402136197916.jpg", "samples/CAM_BACK/n015-2018-07-24-11-13-19+0800__CAM_BACK__1532402136187525.jpg", "samples/CAM_BACK_RIGHT/n015-2018-07-24-11-13-19+0800__CAM_BACK_RIGHT__1532402136177893.jpg"], "intrinsics": [[[1272.5979470598488, 0.0, 826.6154927353808], [0.0, 1272.5979470598488, 479.75165386361925], [0.0, 0.0, 1.0]], [[1266.417203046554, 0.0, 816.2670197447984], [0.0, 1266.417203046554, 491.50706579294757], [0.0, 0.0, 1.0]], [[1260.8474446004698, 0.0, 807.968244525554], [0.0, 1260.8474446004698, 495.3344268742088], [0.0, 0.0, 1.0]], [[1256.7414812095406, 0.0, 792.1125740759628], [0.0, 1256.7414812095406, 492.7757465151356], [0.0, 0.0, 1.0]], [[809.2209905677063, 0.0, 829.2196003259838], [0.0, 809.2209905677063, 481.77842384512485], [0.0, 0.0, 1.0]], [[1259.5137405846733, 0.0, 807.2529053838625], [0.0, 1259.5137405846733, 501.19579884916527], [0.0, 0.0, 1.0]]], "extrinsics": [[[0.8204232454299927, -0.5708631277084351, 0.03195430338382721, -0.56787109375], [0.006468579173088074, -0.046616990119218826, -0.9988918900489807, 1.5113377571105957], [0.5717201232910156, 0.8197207450866699, -0.03455298766493797, -1.00238037109375], [0.0, 0.0, 0.0, 1.0]], [[0.005124066490679979, -0.9987092018127441, 0.05053257197141647, 0.005893707275390625], [0.0009387691970914602, -0.05052840709686279, -0.9987221956253052, 1.5208486318588257], [0.9999864101409912, 0.005165009293705225, 0.0006786446901969612, -1.2939453125], [0.0, 0.0, 0.0, 1.0]], [[-0.8331460356712341, -0.5528995990753174, 0.013023602776229382, 0.774169921875], [0.006351298186928034, -0.033112261444330215, -0.9994314312934875, 1.5055603981018066], [0.5530164837837219, -0.8325895667076111, 0.03109898418188095, -1.07904052734375], [0.0, 0.0, 0.0, 1.0]], [[0.947669506072998, 0.31918779015541077, -0.006442611571401358, -1.14599609375], [0.014307488687336445, -0.06262168288230896, -0.9979347586631775, 1.5885019302368164], [-0.31893202662467957, 0.9456202387809753, -0.06391144543886185, -0.102508544921875], [0.0, 0.0, 0.0, 1.0]], [[0.0026226865593343973, 0.9985920190811157, -0.0529821440577507, 0.003940582275390625], [-0.010816143825650215, -0.0529509000480175, -0.9985385537147522, 1.5780830383300781], [-0.9999380111694336, 0.0031919002067297697, 0.010662042535841465, -0.112060546875], [0.0, 0.0, 0.0, 1.0]], [[-0.9345149397850037, 0.35429200530052185, -0.03404540196061134, 0.927978515625], [0.022032173350453377, -0.03788767382502556, -0.9990391135215759, 1.5563125610351562], [-0.35524141788482666, -0.9343670606613159, 0.02760077267885208, -0.14447021484375], [0.0, 0.0, 0.0, 1.0]]], "view": [[0.0, -2.0, 100.0], [-2.0, 0.0, 100.0], [0.0, 0.0, 1.0]], "bev": "bev_2c5a6350ebcf46cba99dc6c37cfd3e23.png", "aux": "aux_2c5a6350ebcf46cba99dc6c37cfd3e23.npz", "visibility": "visibility_2c5a6350ebcf46cba99dc6c37cfd3e23.png", "pose": [[0.3633496165275574, -0.931652843952179, 0.0, 410.269775390625], [0.931652843952179, 0.3633496165275574, 0.0, 1204.3131103515625], [0.0, 0.0, 1.0, 0.0], [0.0, 0.0, 0.0, 1.0]], "pose_inverse": [[0.3633496165275574, 0.931652843952179, 0.0, -1271.0731201171875], [-0.931652843952179, 0.3633496165275574, 0.0, -55.357696533203125], [0.0, 0.0, 1.0, 0.0], [0.0, 0.0, 0.0, 1.0]], "cam_ids": [0, 1, 2, 3, 4, 5], "cam_channels": ["CAM_FRONT_LEFT", "CAM_FRONT", "CAM_FRONT_RIGHT", "CAM_BACK_LEFT", "CAM_BACK", "CAM_BACK_RIGHT"], "token": "2c5a6350ebcf46cba99dc6c37cfd3e23", "scene": "scene-0047"}, {"images": ["samples/CAM_FRONT_LEFT/n015-2018-07-24-11-13-19+0800__CAM_FRONT_LEFT__1532402136655216.jpg", "samples/CAM_FRONT/n015-2018-07-24-11-13-19+0800__CAM_FRONT__1532402136662460.jpg", "samples/CAM_FRONT_RIGHT/n015-2018-07-24-11-13-19+0800__CAM_FRONT_RIGHT__1532402136670339.jpg", "samples/CAM_BACK_LEFT/n015-2018-07-24-11-13-19+0800__CAM_BACK_LEFT__1532402136697423.jpg", "samples/CAM_BACK/n015-2018-07-24-11-13-19+0800__CAM_BACK__1532402136687525.jpg", "samples/CAM_BACK_RIGHT/n015-2018-07-24-11-13-19+0800__CAM_BACK_RIGHT__1532402136677893.jpg"], "intrinsics": [[[1272.5979470598488, 0.0, 826.6154927353808], [0.0, 1272.5979470598488, 479.75165386361925], [0.0, 0.0, 1.0]], [[1266.417203046554, 0.0, 816.2670197447984], [0.0, 1266.417203046554, 491.50706579294757], [0.0, 0.0, 1.0]], [[1260.8474446004698, 0.0, 807.968244525554], [0.0, 1260.8474446004698, 495.3344268742088], [0.0, 0.0, 1.0]], [[1256.7414812095406, 0.0, 792.1125740759628], [0.0, 1256.7414812095406, 492.7757465151356], [0.0, 0.0, 1.0]], [[809.2209905677063, 0.0, 829.2196003259838], [0.0, 809.2209905677063, 481.77842384512485], [0.0, 0.0, 1.0]], [[1259.5137405846733, 0.0, 807.2529053838625], [0.0, 1259.5137405846733, 501.19579884916527], [0.0, 0.0, 1.0]]], "extrinsics": [[[0.8210148215293884, -0.5699900388717651, 0.03234173730015755, -0.56195068359375], [0.013390137813985348, -0.037408895790576935, -0.9992103576660156, 1.5148944854736328], [0.570749819278717, 0.8207994699478149, -0.023081012070178986, -1.00341796875], [0.0, 0.0, 0.0, 1.0]], [[0.006125731393694878, -0.9991191625595093, 0.0415121465921402, 0.00980377197265625], [0.008095727302134037, -0.041462015360593796, -0.999107301235199, 1.5239033699035645], [0.9999485015869141, 0.006456378847360611, 0.007834609597921371, -1.2877197265625], [0.0, 0.0, 0.0, 1.0]], [[-0.8325242400169373, -0.5539848208427429, 0.002043354557827115, 0.772705078125], [0.01368317473679781, -0.024250006303191185, -0.9996122717857361, 1.507969856262207], [0.5538195967674255, -0.8321734070777893, 0.027768991887569427, -1.07379150390625], [0.0, 0.0, 0.0, 1.0]], [[0.9476953744888306, 0.31915464997291565, 0.0037213910836726427, -1.1419677734375], [0.02229880355298519, -0.05457402765750885, -0.9982606768608093, 1.5885639190673828], [-0.3183964192867279, 0.9461299180984497, -0.05883631855249405, -0.103790283203125], [0.0, 0.0, 0.0, 1.0]], [[0.0024492163211107254, 0.9990036487579346, -0.04456241428852081, 0.002346038818359375], [-0.003098319284617901, -0.04455475136637688, -0.9990020990371704, 1.579038143157959], [-0.9999921917915344, 0.0025848241057246923, 0.0029861084185540676, -0.112548828125], [0.0, 0.0, 0.0, 1.0]], [[-0.9346396327018738, 0.3535623848438263, -0.037977635860443115, 0.92529296875], [0.029538510367274284, -0.029236596077680588, -0.9991359710693359, 1.5581436157226562], [-0.35436713695526123, -0.9349539875984192, 0.016881978139281273, -0.14202880859375], [0.0, 0.0, 0.0, 1.0]]], "view": [[0.0, -2.0, 100.0], [-2.0, 0.0, 100.0], [0.0, 0.0, 1.0]], "bev": "bev_329a77b6c5494dda9a8bb0f50e5d240f.png", "aux": "aux_329a77b6c5494dda9a8bb0f50e5d240f.npz", "visibility": "visibility_329a77b6c5494dda9a8bb0f50e5d240f.png", "pose": [[0.3634375035762787, -0.9316185712814331, 0.0, 412.3477783203125], [0.9316185712814331, 0.3634375035762787, 0.0, 1209.6534423828125], [0.0, 0.0, 1.0, 0.0], [0.0, 0.0, 0.0, 1.0]], "pose_inverse": [[0.3634375035762787, 0.9316185712814331, 0.0, -1276.7982177734375], [-0.9316185712814331, 0.3634375035762787, 0.0, -55.48259353637695], [0.0, 0.0, 1.0, 0.0], [0.0, 0.0, 0.0, 1.0]], "cam_ids": [0, 1, 2, 3, 4, 5], "cam_channels": ["CAM_FRONT_LEFT", "CAM_FRONT", "CAM_FRONT_RIGHT", "CAM_BACK_LEFT", "CAM_BACK", "CAM_BACK_RIGHT"], "token": "329a77b6c5494dda9a8bb0f50e5d240f", "scene": "scene-0047"}, {"images": ["samples/CAM_FRONT_LEFT/n015-2018-07-24-11-13-19+0800__CAM_FRONT_LEFT__1532402137104844.jpg", "samples/CAM_FRONT/n015-2018-07-24-11-13-19+0800__CAM_FRONT__1532402137112460.jpg", "samples/CAM_FRONT_RIGHT/n015-2018-07-24-11-13-19+0800__CAM_FRONT_RIGHT__1532402137120339.jpg", "samples/CAM_BACK_LEFT/n015-2018-07-24-11-13-19+0800__CAM_BACK_LEFT__1532402137147423.jpg", "samples/CAM_BACK/n015-2018-07-24-11-13-19+0800__CAM_BACK__1532402137137525.jpg", "samples/CAM_BACK_RIGHT/n015-2018-07-24-11-13-19+0800__CAM_BACK_RIGHT__1532402137127900.jpg"], "intrinsics": [[[1272.5979470598488, 0.0, 826.6154927353808], [0.0, 1272.5979470598488, 479.75165386361925], [0.0, 0.0, 1.0]], [[1266.417203046554, 0.0, 816.2670197447984], [0.0, 1266.417203046554, 491.50706579294757], [0.0, 0.0, 1.0]], [[1260.8474446004698, 0.0, 807.968244525554], [0.0, 1260.8474446004698, 495.3344268742088], [0.0, 0.0, 1.0]], [[1256.7414812095406, 0.0, 792.1125740759628], [0.0, 1256.7414812095406, 492.7757465151356], [0.0, 0.0, 1.0]], [[809.2209905677063, 0.0, 829.2196003259838], [0.0, 809.2209905677063, 481.77842384512485], [0.0, 0.0, 1.0]], [[1259.5137405846733, 0.0, 807.2529053838625], [0.0, 1259.5137405846733, 501.19579884916527], [0.0, 0.0, 1.0]]], "extrinsics": [[[0.8204047679901123, -0.5712183713912964, 0.025410261005163193, -0.55438232421875], [0.0071231345646083355, -0.03422661870718002, -0.9993886947631836, 1.511793613433838], [0.5717388391494751, 0.8200842142105103, -0.02401081658899784, -0.9932861328125], [0.0, 0.0, 0.0, 1.0]], [[0.005175245460122824, -0.9992482662200928, 0.0384201742708683, 0.0066070556640625], [0.001874333480373025, -0.03841092810034752, -0.9992603063583374, 1.5212808847427368], [0.9999848008155823, 0.005243413615971804, 0.0016741387080401182, -1.28076171875], [0.0, 0.0, 0.0, 1.0]], [[-0.8330559134483337, -0.5531612038612366, 0.005510501563549042, 0.7664794921875], [0.007557395845651627, -0.02134065516293049, -0.9997437000274658, 1.5060443878173828], [0.5531370043754578, -0.8328008055686951, 0.021958421915769577, -1.07269287109375], [0.0, 0.0, 0.0, 1.0]], [[0.9478603601455688, 0.3186841607093811, -0.0010819820454344153, -1.1392822265625], [0.01644626446068287, -0.052306074649095535, -0.9984956383705139, 1.5885181427001953], [-0.3182613253593445, 0.9464166760444641, -0.05482001602649689, -0.10302734375], [0.0, 0.0, 0.0, 1.0]], [[0.0026099265087395906, 0.9991114735603333, -0.042067188769578934, 0.003383636474609375], [-0.009040489792823792, -0.04204203560948372, -0.9990749359130859, 1.5782814025878906], [-0.9999557137489319, 0.0029878420755267143, 0.008922727778553963, -0.1158447265625], [0.0, 0.0, 0.0, 1.0]], [[-0.9345635771751404, 0.354412317276001, -0.03135044872760773, 0.921142578125], [0.023477517068386078, -0.026493357494473457, -0.9993732571601868, 1.5568485260009766], [-0.35502076148986816, -0.9347139000892639, 0.016439003869891167, -0.145751953125], [0.0, 0.0, 0.0, 1.0]]], "view": [[0.0, -2.0, 100.0], [-2.0, 0.0, 100.0], [0.0, 0.0, 1.0]], "bev": "bev_ff412638fb85442d8d8c4841a5adda2d.png", "aux": "aux_ff412638fb85442d8d8c4841a5adda2d.npz", "visibility": "visibility_ff412638fb85442d8d8c4841a5adda2d.png", "pose": [[0.3664673864841461, -0.9304308891296387, 0.0, 414.26641845703125], [0.9304308891296387, 0.3664673864841461, 0.0, 1214.474853515625], [0.0, 0.0, 1.0, 0.0], [0.0, 0.0, 0.0, 1.0]], "pose_inverse": [[0.3664673864841461, 0.9304308891296387, 0.0, -1281.800048828125], [-0.9304308891296387, 0.3664673864841461, 0.0, -59.61914825439453], [0.0, 0.0, 1.0, 0.0], [0.0, 0.0, 0.0, 1.0]], "cam_ids": [0, 1, 2, 3, 4, 5], "cam_channels": ["CAM_FRONT_LEFT", "CAM_FRONT", "CAM_FRONT_RIGHT", "CAM_BACK_LEFT", "CAM_BACK", "CAM_BACK_RIGHT"], "token": "ff412638fb85442d8d8c4841a5adda2d", "scene": "scene-0047"}, {"images": ["samples/CAM_FRONT_LEFT/n015-2018-07-24-11-13-19+0800__CAM_FRONT_LEFT__1532402137604844.jpg", "samples/CAM_FRONT/n015-2018-07-24-11-13-19+0800__CAM_FRONT__1532402137612460.jpg", "samples/CAM_FRONT_RIGHT/n015-2018-07-24-11-13-19+0800__CAM_FRONT_RIGHT__1532402137620339.jpg", "samples/CAM_BACK_LEFT/n015-2018-07-24-11-13-19+0800__CAM_BACK_LEFT__1532402137647423.jpg", "samples/CAM_BACK/n015-2018-07-24-11-13-19+0800__CAM_BACK__1532402137637525.jpg", "samples/CAM_BACK_RIGHT/n015-2018-07-24-11-13-19+0800__CAM_BACK_RIGHT__1532402137627893.jpg"], "intrinsics": [[[1272.5979470598488, 0.0, 826.6154927353808], [0.0, 1272.5979470598488, 479.75165386361925], [0.0, 0.0, 1.0]], [[1266.417203046554, 0.0, 816.2670197447984], [0.0, 1266.417203046554, 491.50706579294757], [0.0, 0.0, 1.0]], [[1260.8474446004698, 0.0, 807.968244525554], [0.0, 1260.8474446004698, 495.3344268742088], [0.0, 0.0, 1.0]], [[1256.7414812095406, 0.0, 792.1125740759628], [0.0, 1256.7414812095406, 492.7757465151356], [0.0, 0.0, 1.0]], [[809.2209905677063, 0.0, 829.2196003259838], [0.0, 809.2209905677063, 481.77842384512485], [0.0, 0.0, 1.0]], [[1259.5137405846733, 0.0, 807.2529053838625], [0.0, 1259.5137405846733, 501.19579884916527], [0.0, 0.0, 1.0]]], "extrinsics": [[[0.8204900026321411, -0.5710475444793701, 0.026476148515939713, -0.558837890625], [0.008325260132551193, -0.03437330201268196, -0.9993743896484375, 1.5123472213745117], [0.5716003179550171, 0.8201969861984253, -0.023448830470442772, -0.99652099609375], [0.0, 0.0, 0.0, 1.0]], [[0.005299360491335392, -0.9992392659187317, 0.038638319820165634, 0.00662994384765625], [0.0030400240793824196, -0.03862259164452553, -0.999249279499054, 1.5217491388320923], [0.9999812841415405, 0.005412878002971411, 0.002833036007359624, -1.2845458984375], [0.0, 0.0, 0.0, 1.0]], [[-0.8329888582229614, -0.5532695055007935, 0.0047290087677538395, 0.7677001953125], [0.0086829150095582, -0.021617846563458443, -0.9997285604476929, 1.5063886642456055], [0.553221583366394, -0.8327217698097229, 0.022811420261859894, -1.0736083984375], [0.0, 0.0, 0.0, 1.0]], [[0.947810709476471, 0.31883367896080017, -7.206592272268608e-05, -1.1383056640625], [0.01745748333632946, -0.052122313529253006, -0.9984881281852722, 1.5885677337646484], [-0.3183553218841553, 0.946376383304596, -0.05496812239289284, -0.103851318359375], [0.0, 0.0, 0.0, 1.0]], [[0.0026124895084649324, 0.9991059899330139, -0.04219500347971916, 0.00334930419921875], [-0.008049411699175835, -0.04217277467250824, -0.9990779161453247, 1.5783863067626953], [-0.99996417760849, 0.002949723042547703, 0.007932041771709919, -0.1181640625], [0.0, 0.0, 0.0, 1.0]], [[-0.9345625042915344, 0.35431548953056335, -0.03245677426457405, 0.9207763671875], [0.024560464546084404, -0.02676163986325264, -0.9993401169776917, 1.5571041107177734], [-0.3549503982067108, -0.9347429871559143, 0.016308270394802094, -0.1458740234375], [0.0, 0.0, 0.0, 1.0]]], "view": [[0.0, -2.0, 100.0], [-2.0, 0.0, 100.0], [0.0, 0.0, 1.0]], "bev": "bev_afc0243a7c1c4be0aec8effe25fd8e05.png", "aux": "aux_afc0243a7c1c4be0aec8effe25fd8e05.npz", "visibility": "visibility_afc0243a7c1c4be0aec8effe25fd8e05.png", "pose": [[0.3704497814178467, -0.9288524985313416, 0.0, 416.44464111328125], [0.9288524985313416, 0.3704497814178467, 0.0, 1219.8485107421875], [0.0, 0.0, 1.0, 0.0], [0.0, 0.0, 0.0, 1.0]], "pose_inverse": [[0.3704497814178467, 0.9288524985313416, 0.0, -1287.3311767578125], [-0.9288524985313416, 0.3704497814178467, 0.0, -65.07697296142578], [0.0, 0.0, 1.0, 0.0], [0.0, 0.0, 0.0, 1.0]], "cam_ids": [0, 1, 2, 3, 4, 5], "cam_channels": ["CAM_FRONT_LEFT", "CAM_FRONT", "CAM_FRONT_RIGHT", "CAM_BACK_LEFT", "CAM_BACK", "CAM_BACK_RIGHT"], "token": "afc0243a7c1c4be0aec8effe25fd8e05", "scene": "scene-0047"}, {"images": ["samples/CAM_FRONT_LEFT/n015-2018-07-24-11-13-19+0800__CAM_FRONT_LEFT__1532402138104844.jpg", "samples/CAM_FRONT/n015-2018-07-24-11-13-19+0800__CAM_FRONT__1532402138112460.jpg", "samples/CAM_FRONT_RIGHT/n015-2018-07-24-11-13-19+0800__CAM_FRONT_RIGHT__1532402138120471.jpg", "samples/CAM_BACK_LEFT/n015-2018-07-24-11-13-19+0800__CAM_BACK_LEFT__1532402138147423.jpg", "samples/CAM_BACK/n015-2018-07-24-11-13-19+0800__CAM_BACK__1532402138137538.jpg", "samples/CAM_BACK_RIGHT/n015-2018-07-24-11-13-19+0800__CAM_BACK_RIGHT__1532402138127893.jpg"], "intrinsics": [[[1272.5979470598488, 0.0, 826.6154927353808], [0.0, 1272.5979470598488, 479.75165386361925], [0.0, 0.0, 1.0]], [[1266.417203046554, 0.0, 816.2670197447984], [0.0, 1266.417203046554, 491.50706579294757], [0.0, 0.0, 1.0]], [[1260.8474446004698, 0.0, 807.968244525554], [0.0, 1260.8474446004698, 495.3344268742088], [0.0, 0.0, 1.0]], [[1256.7414812095406, 0.0, 792.1125740759628], [0.0, 1256.7414812095406, 492.7757465151356], [0.0, 0.0, 1.0]], [[809.2209905677063, 0.0, 829.2196003259838], [0.0, 809.2209905677063, 481.77842384512485], [0.0, 0.0, 1.0]], [[1259.5137405846733, 0.0, 807.2529053838625], [0.0, 1259.5137405846733, 501.19579884916527], [0.0, 0.0, 1.0]]], "extrinsics": [[[0.8207756280899048, -0.5708167552947998, 0.022260410711169243, -0.560791015625], [0.005687017925083637, -0.030800994485616684, -0.999509334564209, 1.5111799240112305], [0.5712223052978516, 0.8204995393753052, -0.022034460678696632, -1.00482177734375], [0.0, 0.0, 0.0, 1.0]], [[0.0057203746400773525, -0.9993828535079956, 0.0346565842628479, 0.011356353759765625], [0.00027134621632285416, -0.034655604511499405, -0.9993993043899536, 1.520782232284546], [0.999983549118042, 0.005726369563490152, 7.293408270925283e-05, -1.2899169921875], [0.0, 0.0, 0.0, 1.0]], [[-0.8328394889831543, -0.5534943342208862, 0.004734126850962639, 0.7745361328125], [0.005769541021436453, -0.017233142629265785, -0.9998347759246826, 1.5054926872253418], [0.5534844994544983, -0.8326746821403503, 0.017545852810144424, -1.07373046875], [0.0, 0.0, 0.0, 1.0]], [[0.9476895332336426, 0.31918901205062866, -0.0016938723856583238, -1.138427734375], [0.013986589387059212, -0.04682740196585655, -0.998805046081543, 1.5886211395263672], [-0.3188868761062622, 0.9465334415435791, -0.048842210322618484, -0.105133056640625], [0.0, 0.0, 0.0, 1.0]], [[0.002404239494353533, 0.99930