[{"images": ["samples/CAM_FRONT_LEFT/n008-2018-08-30-15-31-50-0400__CAM_FRONT_LEFT__1535657531004799.jpg", "samples/CAM_FRONT/n008-2018-08-30-15-31-50-0400__CAM_FRONT__1535657531012404.jpg", "samples/CAM_FRONT_RIGHT/n008-2018-08-30-15-31-50-0400__CAM_FRONT_RIGHT__1535657531020482.jpg", "samples/CAM_BACK_LEFT/n008-2018-08-30-15-31-50-0400__CAM_BACK_LEFT__1535657531047405.jpg", "samples/CAM_BACK/n008-2018-08-30-15-31-50-0400__CAM_BACK__1535657531037558.jpg", "samples/CAM_BACK_RIGHT/n008-2018-08-30-15-31-50-0400__CAM_BACK_RIGHT__1535657531028113.jpg"], "intrinsics": [[[1257.8625342125129, 0.0, 827.2410631095686], [0.0, 1257.8625342125129, 450.915498205774], [0.0, 0.0, 1.0]], [[1252.8131021185304, 0.0, 826.588114781398], [0.0, 1252.8131021185304, 469.9846626224581], [0.0, 0.0, 1.0]], [[1256.7485116440405, 0.0, 817.7887570959712], [0.0, 1256.7485116440403, 451.9541780095127], [0.0, 0.0, 1.0]], [[1254.9860565800168, 0.0, 829.5769333630991], [0.0, 1254.9860565800168, 467.1680561863987], [0.0, 0.0, 1.0]], [[796.8910634503094, 0.0, 857.7774326863696], [0.0, 796.8910634503094, 476.8848988407415], [0.0, 0.0, 1.0]], [[1249.9629280788233, 0.0, 825.3768045375984], [0.0, 1249.9629280788233, 462.54816385708756], [0.0, 0.0, 1.0]]], "extrinsics": [[[0.8215941190719604, -0.5675879716873169, -0.053169168531894684, -1.0050048828125], [-0.02756289392709732, 0.05360749736428261, -0.9981815814971924, 1.4882965087890625], [0.5694061517715454, 0.8215656876564026, 0.028399240225553513, -1.3333740234375], [0.0, 0.0, 0.0, 1.0]], [[0.009242936037480831, -0.9987191557884216, -0.04974459484219551, 0.0054931640625], [-0.025612056255340576, 0.049493949860334396, -0.998445987701416, 1.48016357421875], [0.9996292591094971, 0.010502655059099197, -0.02512178383767605, -1.734771728515625], [0.0, 0.0, 0.0, 1.0]], [[-0.8443488478660583, -0.5357478857040405, -0.007010624278336763, 1.0904541015625], [-0.017597908154129982, 0.04080738499760628, -0.9990119934082031, 1.4930686950683594], [0.5355046987533569, -0.8433913588523865, -0.04388371482491493, -1.2777099609375], [0.0, 0.0, 0.0, 1.0]], [[0.9474353790283203, 0.31912723183631897, -0.022891134023666382, -1.14398193359375], [-0.042947158217430115, 0.055951155722141266, -0.9975094199180603, 1.562042236328125], [-0.31705164909362793, 0.9460588097572327, 0.06671571731567383, -0.1561279296875], [0.0, 0.0, 0.0, 1.0]], [[0.010189815424382687, 0.9987925887107849, 0.0480562299489975, -0.02880859375], [-0.04084743559360504, 0.04843437671661377, -0.9979907274246216, 1.5680618286132812], [-0.9991134405136108, 0.008206364698708057, 0.04129166156053543, 0.0443115234375], [0.0, 0.0, 0.0, 1.0]], [[-0.9230384826660156, 0.3822145462036133, 0.04372527822852135, 1.160614013671875], [-0.03666523098945618, 0.02573937550187111, -0.9989960193634033, 1.5478134155273438], [-0.382956326007843, -0.9237149953842163, -0.009744449518620968, -0.043701171875], [0.0, 0.0, 0.0, 1.0]]], "view": [[0.0, -2.0, 100.0], [-2.0, 0.0, 100.0], [0.0, 0.0, 1.0]], "bev": "bev_4cecbedd7c9c406ba5a0b22a3fa2e49c.png", "aux": "aux_4cecbedd7c9c406ba5a0b22a3fa2e49c.npz", "visibility": "visibility_4cecbedd7c9c406ba5a0b22a3fa2e49c.png", "pose": [[0.7544854283332825, 0.6563167572021484, 0.0, 1301.203369140625], [-0.6563167572021484, 0.7544854283332825, 0.0, 896.0731811523438], [0.0, 0.0, 1.0, 0.0], [0.0, 0.0, 0.0, 1.0]], "pose_inverse": [[0.7544854283332825, -0.6563167572021484, 0.0, -393.6311340332031], [0.6563167572021484, 0.7544854283332825, 0.0, -1530.0758056640625], [0.0, 0.0, 1.0, 0.0], [0.0, 0.0, 0.0, 1.0]], "cam_ids": [0, 1, 2, 3, 4, 5], "cam_channels": ["CAM_FRONT_LEFT", "CAM_FRONT", "CAM_FRONT_RIGHT", "CAM_BACK_LEFT", "CAM_BACK", "CAM_BACK_RIGHT"], "token": "4cecbedd7c9c406ba5a0b22a3fa2e49c", "scene": "scene-0770"}, {"images": ["samples/CAM_FRONT_LEFT/n008-2018-08-30-15-31-50-0400__CAM_FRONT_LEFT__1535657531504799.jpg", "samples/CAM_FRONT/n008-2018-08-30-15-31-50-0400__CAM_FRONT__1535657531512404.jpg", "samples/CAM_FRONT_RIGHT/n008-2018-08-30-15-31-50-0400__CAM_FRONT_RIGHT__1535657531520482.jpg", "samples/CAM_BACK_LEFT/n008-2018-08-30-15-31-50-0400__CAM_BACK_LEFT__1535657531547405.jpg", "samples/CAM_BACK/n008-2018-08-30-15-31-50-0400__CAM_BACK__1535657531537558.jpg", "samples/CAM_BACK_RIGHT/n008-2018-08-30-15-31-50-0400__CAM_BACK_RIGHT__1535657531528113.jpg"], "intrinsics": [[[1257.8625342125129, 0.0, 827.2410631095686], [0.0, 1257.8625342125129, 450.915498205774], [0.0, 0.0, 1.0]], [[1252.8131021185304, 0.0, 826.588114781398], [0.0, 1252.8131021185304, 469.9846626224581], [0.0, 0.0, 1.0]], [[1256.7485116440405, 0.0, 817.7887570959712], [0.0, 1256.7485116440403, 451.9541780095127], [0.0, 0.0, 1.0]], [[1254.9860565800168, 0.0, 829.5769333630991], [0.0, 1254.9860565800168, 467.1680561863987], [0.0, 0.0, 1.0]], [[796.8910634503094, 0.0, 857.7774326863696], [0.0, 796.8910634503094, 476.8848988407415], [0.0, 0.0, 1.0]], [[1249.9629280788233, 0.0, 825.3768045375984], [0.0, 1249.9629280788233, 462.54816385708756], [0.0, 0.0, 1.0]]], "extrinsics": [[[0.821582019329071, -0.5676063895225525, -0.05316147208213806, -1.0050048828125], [-0.027579503133893013, 0.05356893688440323, -0.9981832504272461, 1.4882965087890625], [0.5694230198860168, 0.821555495262146, 0.028356967493891716, -1.3333740234375], [0.0, 0.0, 0.0, 1.0]], [[0.00922735221683979, -0.9987217783927917, -0.049695778638124466, 0.00537109375], [-0.025630736723542213, 0.049445345997810364, -0.9984478950500488, 1.48016357421875], [0.9996289014816284, 0.010486832819879055, -0.025141723453998566, -1.734619140625], [0.0, 0.0, 0.0, 1.0]], [[-0.8443545699119568, -0.5357396602630615, -0.006960766389966011, 1.090576171875], [-0.017618734389543533, 0.040748074650764465, -0.9990140795707703, 1.493072509765625], [0.5354951024055481, -0.8433994650840759, -0.04384487867355347, -1.2774658203125], [0.0, 0.0, 0.0, 1.0]], [[0.9474380612373352, 0.3191155195236206, -0.022947823628783226, -1.1439208984375], [-0.042978495359420776, 0.05586913973093033, -0.9975126385688782, 1.562042236328125], [-0.31703975796699524, 0.9460676312446594, 0.06664764881134033, -0.156005859375], [0.0, 0.0, 0.0, 1.0]], [[0.01019869651645422, 0.9987962245941162, 0.047980889678001404, -0.02880859375], [-0.040869224816560745, 0.048359643667936325, -0.997993528842926, 1.5680618286132812], [-0.9991124272346497, 0.008217287249863148, 0.04131322726607323, 0.044281005859375], [0.0, 0.0, 0.0, 1.0]], [[-0.9230355024337769, 0.38222336769104004, 0.043711815029382706, 1.16070556640625], [-0.03667926415801048, 0.025670135393738747, -0.9989973306655884, 1.547811508178711], [-0.3829621374607086, -0.9237133264541626, -0.009674775414168835, -0.043701171875], [0.0, 0.0, 0.0, 1.0]]], "view": [[0.0, -2.0, 100.0], [-2.0, 0.0, 100.0], [0.0, 0.0, 1.0]], "bev": "bev_c5192d9d1f9b48fea113e58f83b93462.png", "aux": "aux_c5192d9d1f9b48fea113e58f83b93462.npz", "visibility": "visibility_c5192d9d1f9b48fea113e58f83b93462.png", "pose": [[0.7545180916786194, 0.6562792658805847, 0.0, 1301.203369140625], [-0.6562792658805847, 0.7545180916786194, 0.0, 896.0731811523438], [0.0, 0.0, 1.0, 0.0], [0.0, 0.0, 0.0, 1.0]], "pose_inverse": [[0.7545180916786194, -0.6562792658805847, 0.0, -393.7071838378906], [0.6562792658805847, 0.7545180916786194, 0.0, -1530.05615234375], [0.0, 0.0, 1.0, 0.0], [0.0, 0.0, 0.0, 1.0]], "cam_ids": [0, 1, 2, 3, 4, 5], "cam_channels": ["CAM_FRONT_LEFT", "CAM_FRONT", "CAM_FRONT_RIGHT", "CAM_BACK_LEFT", "CAM_BACK", "CAM_BACK_RIGHT"], "token": "c5192d9d1f9b48fea113e58f83b93462", "scene": "scene-0770"}, {"images": ["samples/CAM_FRONT_LEFT/n008-2018-08-30-15-31-50-0400__CAM_FRONT_LEFT__1535657532004799.jpg", "samples/CAM_FRONT/n008-2018-08-30-15-31-50-0400__CAM_FRONT__1535657532012404.jpg", "samples/CAM_FRONT_RIGHT/n008-2018-08-30-15-31-50-0400__CAM_FRONT_RIGHT__1535657532020482.jpg", "samples/CAM_BACK_LEFT/n008-2018-08-30-15-31-50-0400__CAM_BACK_LEFT__1535657532047405.jpg", "samples/CAM_BACK/n008-2018-08-30-15-31-50-0400__CAM_BACK__1535657532037558.jpg", "samples/CAM_BACK_RIGHT/n008-2018-08-30-15-31-50-0400__CAM_BACK_RIGHT__1535657532028113.jpg"], "intrinsics": [[[1257.8625342125129, 0.0, 827.2410631095686], [0.0, 1257.8625342125129, 450.915498205774], [0.0, 0.0, 1.0]], [[1252.8131021185304, 0.0, 826.588114781398], [0.0, 1252.8131021185304, 469.9846626224581], [0.0, 0.0, 1.0]], [[1256.7485116440405, 0.0, 817.7887570959712], [0.0, 1256.7485116440403, 451.9541780095127], [0.0, 0.0, 1.0]], [[1254.9860565800168, 0.0, 829.5769333630991], [0.0, 1254.9860565800168, 467.1680561863987], [0.0, 0.0, 1.0]], [[796.8910634503094, 0.0, 857.7774326863696], [0.0, 796.8910634503094, 476.8848988407415], [0.0, 0.0, 1.0]], [[1249.9629280788233, 0.0, 825.3768045375984], [0.0, 1249.9629280788233, 462.54816385708756], [0.0, 0.0, 1.0]]], "extrinsics": [[[0.8215859532356262, -0.5676045417785645, -0.05311945825815201, -1.00506591796875], [-0.02760494314134121, 0.053458698093891144, -0.9981884360313416, 1.4882965087890625], [0.5694159269332886, 0.8215640187263489, 0.028252219781279564, -1.3333740234375], [0.0, 0.0, 0.0, 1.0]], [[0.009231111034750938, -0.9987264275550842, -0.049601636826992035, 0.005615234375], [-0.025654662400484085, 0.049350883811712265, -0.9984519481658936, 1.4801559448242188], [0.9996281862258911, 0.010489271022379398, -0.025166429579257965, -1.734771728515625], [0.0, 0.0, 0.0, 1.0]], [[-0.8443525433540344, -0.5357434749603271, -0.0069001843221485615, 1.090576171875], [-0.017641253769397736, 0.040670279413461685, -0.9990168809890747, 1.493072509765625], [0.5354974269866943, -0.843400776386261, -0.04379124566912651, -1.277587890625], [0.0, 0.0, 0.0, 1.0]], [[0.9474337697029114, 0.31912553310394287, -0.022981243208050728, -1.14398193359375], [-0.04299303889274597, 0.05580533668398857, -0.9975155591964722, 1.562042236328125], [-0.3170502781867981, 0.9460679292678833, 0.06659203767776489, -0.15625], [0.0, 0.0, 0.0, 1.0]], [[0.010192416608333588, 0.9987990856170654, 0.04792076349258423, -0.0289306640625], [-0.04088576138019562, 0.04829943925142288, -0.9979957342147827, 1.5680618286132812], [-0.9991118311882019, 0.008212702348828316, 0.041328951716423035, 0.044281005859375], [0.0, 0.0, 0.0, 1.0]], [[-0.9230355024337769, 0.38222330808639526, 0.043711815029382706, 1.1605682373046875], [-0.03670448437333107, 0.025609303265810013, -0.9989979863166809, 1.5478096008300781], [-0.3829597532749176, -0.9237149953842163, -0.009608986787497997, -0.0435791015625], [0.0, 0.0, 0.0, 1.0]]], "view": [[0.0, -2.0, 100.0], [-2.0, 0.0, 100.0], [0.0, 0.0, 1.0]], "bev": "bev_5d87a06dde9043d4a6a49c252a57b195.png", "aux": "aux_5d87a06dde9043d4a6a49c252a57b195.npz", "visibility": "visibility_5d87a06dde9043d4a6a49c252a57b195.png", "pose": [[0.7545077800750732, 0.656291127204895, 0.0, 1301.203369140625], [-0.656291127204895, 0.7545077800750732, 0.0, 896.0731811523438], [0.0, 0.0, 1.0, 0.0], [0.0, 0.0, 0.0, 1.0]], "pose_inverse": [[0.7545077800750732, -0.656291127204895, 0.0, -393.68316650390625], [0.656291127204895, 0.7545077800750732, 0.0, -1530.0623779296875], [0.0, 0.0, 1.0, 0.0], [0.0, 0.0, 0.0, 1.0]], "cam_ids": [0, 1, 2, 3, 4, 5], "cam_channels": ["CAM_FRONT_LEFT", "CAM_FRONT", "CAM_FRONT_RIGHT", "CAM_BACK_LEFT", "CAM_BACK", "CAM_BACK_RIGHT"], "token": "5d87a06dde9043d4a6a49c252a57b195", "scene": "scene-0770"}, {"images": ["samples/CAM_FRONT_LEFT/n008-2018-08-30-15-31-50-0400__CAM_FRONT_LEFT__1535657532504799.jpg", "samples/CAM_FRONT/n008-2018-08-30-15-31-50-0400__CAM_FRONT__1535657532512404.jpg", "samples/CAM_FRONT_RIGHT/n008-2018-08-30-15-31-50-0400__CAM_FRONT_RIGHT__1535657532520482.jpg", "samples/CAM_BACK_LEFT/n008-2018-08-30-15-31-50-0400__CAM_BACK_LEFT__1535657532547405.jpg", "samples/CAM_BACK/n008-2018-08-30-15-31-50-0400__CAM_BACK__1535657532537558.jpg", "samples/CAM_BACK_RIGHT/n008-2018-08-30-15-31-50-0400__CAM_BACK_RIGHT__1535657532528113.jpg"], "intrinsics": [[[1257.8625342125129, 0.0, 827.2410631095686], [0.0, 1257.8625342125129, 450.915498205774], [0.0, 0.0, 1.0]], [[1252.8131021185304, 0.0, 826.588114781398], [0.0, 1252.8131021185304, 469.9846626224581], [0.0, 0.0, 1.0]], [[1256.7485116440405, 0.0, 817.7887570959712], [0.0, 1256.7485116440403, 451.9541780095127], [0.0, 0.0, 1.0]], [[1254.9860565800168, 0.0, 829.5769333630991], [0.0, 1254.9860565800168, 467.1680561863987], [0.0, 0.0, 1.0]], [[796.8910634503094, 0.0, 857.7774326863696], [0.0, 796.8910634503094, 476.8848988407415], [0.0, 0.0, 1.0]], [[1249.9629280788233, 0.0, 825.3768045375984], [0.0, 1249.9629280788233, 462.54816385708756], [0.0, 0.0, 1.0]]], "extrinsics": [[[0.821600615978241, -0.5675853490829468, -0.05309844762086868, -1.0050048828125], [-0.02759387157857418, 0.053439006209373474, -0.9981898069381714, 1.4882965087890625], [0.5693954825401306, 0.8215784430503845, 0.028243636712431908, -1.33349609375], [0.0, 0.0, 0.0, 1.0]], [[0.009255682118237019, -0.9987271428108215, -0.049582187086343765, 0.00537109375], [-0.025633687153458595, 0.04933104291558266, -0.9984534978866577, 1.4801712036132812], [0.999628484249115, 0.010512304492294788, -0.025144467130303383, -1.734771728515625], [0.0, 0.0, 0.0, 1.0]], [[-0.8443425893783569, -0.5357590317726135, -0.006917206570506096, 1.090576171875], [-0.01760948821902275, 0.04065047204494476, -0.9990182518959045, 1.4930763244628906], [0.535514235496521, -0.8433918356895447, -0.043757364153862, -1.277587890625], [0.0, 0.0, 0.0, 1.0]], [[0.9474343061447144, 0.3191264271736145, -0.022950077429413795, -1.1439208984375], [-0.04295456036925316, 0.05578823387622833, -0.9975181818008423, 1.562042236328125], [-0.3170540928840637, 0.9460687637329102, 0.06656361371278763, -0.15625], [0.0, 0.0, 0.0, 1.0]], [[0.010183227248489857, 0.9988004565238953, 0.04789572209119797, -0.02880859375], [-0.04085378721356392, 0.048273779451847076, -0.9979982972145081, 1.5680656433105469], [-0.9991133213043213, 0.008206060156226158, 0.04129635915160179, 0.044281005859375], [0.0, 0.0, 0.0, 1.0]], [[-0.9230422973632812, 0.382211834192276, 0.04367006570100784, 1.1605682373046875], [-0.03666946664452553, 0.02558509074151516, -0.9989998936653137, 1.5478134155273438], [-0.3829469084739685, -0.9237204194068909, -0.009600616060197353, -0.043701171875], [0.0, 0.0, 0.0, 1.0]]], "view": [[0.0, -2.0, 100.0], [-2.0, 0.0, 100.0], [0.0, 0.0, 1.0]], "bev": "bev_d896aceac8b64fa98256a05d833756f7.png", "aux": "aux_d896aceac8b64fa98256a05d833756f7.npz", "visibility": "visibility_d896aceac8b64fa98256a05d833756f7.png", "pose": [[0.7545185685157776, 0.6562787294387817, 0.0, 1301.203369140625], [-0.6562787294387817, 0.7545185685157776, 0.0, 896.0731811523438], [0.0, 0.0, 1.0, 0.0], [0.0, 0.0, 0.0, 1.0]], "pose_inverse": [[0.7545185685157776, -0.6562787294387817, 0.0, -393.70831298828125], [0.6562787294387817, 0.7545185685157776, 0.0, -1530.055908203125], [0.0, 0.0, 1.0, 0.0], [0.0, 0.0, 0.0, 1.0]], "cam_ids": [0, 1, 2, 3, 4, 5], "cam_channels": ["CAM_FRONT_LEFT", "CAM_FRONT", "CAM_FRONT_RIGHT", "CAM_BACK_LEFT", "CAM_BACK", "CAM_BACK_RIGHT"], "token": "d896aceac8b64fa98256a05d833756f7", "scene": "scene-0770"}, {"images": ["samples/CAM_FRONT_LEFT/n008-2018-08-30-15-31-50-0400__CAM_FRONT_LEFT__1535657533004799.jpg", "samples/CAM_FRONT/n008-2018-08-30-15-31-50-0400__CAM_FRONT__1535657533012404.jpg", "samples/CAM_FRONT_RIGHT/n008-2018-08-30-15-31-50-0400__CAM_FRONT_RIGHT__1535657533020482.jpg", "samples/CAM_BACK_LEFT/n008-2018-08-30-15-31-50-0400__CAM_BACK_LEFT__1535657533047405.jpg", "samples/CAM_BACK/n008-2018-08-30-15-31-50-0400__CAM_BACK__1535657533037558.jpg", "samples/CAM_BACK_RIGHT/n008-2018-08-30-15-31-50-0400__CAM_BACK_RIGHT__1535657533028113.jpg"], "intrinsics": [[[1257.8625342125129, 0.0, 827.2410631095686], [0.0, 1257.8625342125129, 450.915498205774], [0.0, 0.0, 1.0]], [[1252.8131021185304, 0.0, 826.588114781398], [0.0, 1252.8131021185304, 469.9846626224581], [0.0, 0.0, 1.0]], [[1256.7485116440405, 0.0, 817.7887570959712], [0.0, 1256.7485116440403, 451.9541780095127], [0.0, 0.0, 1.0]], [[1254.9860565800168, 0.0, 829.5769333630991], [0.0, 1254.9860565800168, 467.1680561863987], [0.0, 0.0, 1.0]], [[796.8910634503094, 0.0, 857.7774326863696], [0.0, 796.8910634503094, 476.8848988407415], [0.0, 0.0, 1.0]], [[1249.9629280788233, 0.0, 825.3768045375984], [0.0, 1249.9629280788233, 462.54816385708756], [0.0, 0.0, 1.0]]], "extrinsics": [[[0.8215908408164978, -0.5676010847091675, -0.05308053269982338, -1.00506591796875], [-0.027574455365538597, 0.05343465507030487, -0.9981905221939087, 1.4882965087890625], [0.5694103240966797, 0.8215678930282593, 0.028250133618712425, -1.333251953125], [0.0, 0.0, 0.0, 1.0]], [[0.009238324128091335, -0.9987281560897827, -0.04956458508968353, 0.00537109375], [-0.025618351995944977, 0.049314044415950775, -0.9984546899795532, 1.48016357421875], [0.9996290802955627, 0.010493826121091843, -0.025130189955234528, -1.734771728515625], [0.0, 0.0, 0.0, 1.0]], [[-0.8443501591682434, -0.5357471704483032, -0.006909310817718506, 1.0906982421875], [-0.017598669975996017, 0.0406198613345623, -0.9990196824073792, 1.4930763244628906], [0.535502552986145, -0.8434008359909058, -0.04372582584619522, -1.277587890625], [0.0, 0.0, 0.0, 1.0]], [[0.9474344849586487, 0.3191256821155548, -0.02294999361038208, -1.143798828125], [-0.04294613376259804, 0.05576352775096893, -0.9975199103355408, 1.562042236328125], [-0.31705448031425476, 0.9460704326629639, 0.06653749942779541, -0.1561279296875], [0.0, 0.0, 0.0, 1.0]], [[0.010188058018684387, 0.9988017678260803, 0.047865815460681915, -0.0289306640625], [-0.04083254188299179, 0.048243921250104904, -0.9980006217956543, 1.5680618286132812], [-0.9991140961647034, 0.0082131652161479, 0.041275132447481155, 0.04425048828125], [0.0, 0.0, 0.0, 1.0]], [[-0.92303866147995, 0.3822236657142639, 0.04364055395126343, 1.160675048828125], [-0.03665200620889664, 0.025549843907356262, -0.9990014433860779, 1.5478134155273438], [-0.38295695185661316, -0.9237164855003357, -0.009574229829013348, -0.043701171875], [0.0, 0.0, 0.0, 1.0]]], "view": [[0.0, -2.0, 100.0], [-2.0, 0.0, 100.0], [0.0, 0.0, 1.0]], "bev": "bev_9935b3e1d5404e338da4cde9f18bed45.png", "aux": "aux_9935b3e1d5404e338da4cde9f18bed45.npz", "visibility": "visibility_9935b3e1d5404e338da4cde9f18bed45.png", "pose": [[0.7545350193977356, 0.6562597751617432, 0.0, 1301.203369140625], [-0.6562597751617432, 0.7545350193977356, 0.0, 896.0731201171875], [0.0, 0.0, 1.0, 0.0], [0.0, 0.0, 0.0, 1.0]], "pose_inverse": [[0.7545350193977356, -0.6562597751617432, 0.0, -393.7467346191406], [0.6562597751617432, 0.7545350193977356, 0.0, -1530.0460205078125], [0.0, 0.0, 1.0, 0.0], [0.0, 0.0, 0.0, 1.0]], "cam_ids": [0, 1, 2, 3, 4, 5], "cam_channels": ["CAM_FRONT_LEFT", "CAM_FRONT", "CAM_FRONT_RIGHT", "CAM_BACK_LEFT", "CAM_BACK", "CAM_BACK_RIGHT"], "token": "9935b3e1d5404e338da4cde9f18bed45", "scene": "scene-0770"}, {"images": ["samples/CAM_FRONT_LEFT/n008-2018-08-30-15-31-50-0400__CAM_FRONT_LEFT__1535657533504799.jpg", "samples/CAM_FRONT/n008-2018-08-30-15-31-50-0400__CAM_FRONT__1535657533512404.jpg", "samples/CAM_FRONT_RIGHT/n008-2018-08-30-15-31-50-0400__CAM_FRONT_RIGHT__1535657533520482.jpg", "samples/CAM_BACK_LEFT/n008-2018-08-30-15-31-50-0400__CAM_BACK_LEFT__1535657533547405.jpg", "samples/CAM_BACK/n008-2018-08-30-15-31-50-0400__CAM_BACK__1535657533537565.jpg", "samples/CAM_BACK_RIGHT/n008-2018-08-30-15-31-50-0400__CAM_BACK_RIGHT__1535657533528113.jpg"], "intrinsics": [[[1257.8625342125129, 0.0, 827.2410631095686], [0.0, 1257.8625342125129, 450.915498205774], [0.0, 0.0, 1.0]], [[1252.8131021185304, 0.0, 826.588114781398], [0.0, 1252.8131021185304, 469.9846626224581], [0.0, 0.0, 1.0]], [[1256.7485116440405, 0.0, 817.7887570959712], [0.0, 1256.7485116440403, 451.9541780095127], [0.0, 0.0, 1.0]], [[1254.9860565800168, 0.0, 829.5769333630991], [0.0, 1254.9860565800168, 467.1680561863987], [0.0, 0.0, 1.0]], [[796.8910634503094, 0.0, 857.7774326863696], [0.0, 796.8910634503094, 476.8848988407415], [0.0, 0.0, 1.0]], [[1249.9629280788233, 0.0, 825.3768045375984], [0.0, 1249.9629280788233, 462.54816385708756], [0.0, 0.0, 1.0]]], "extrinsics": [[[0.8215947151184082, -0.5675944089889526, -0.05309158191084862, -1.0050048828125], [-0.02754785679280758, 0.053492795675992966, -0.9981881380081177, 1.4882965087890625], [0.5694059729576111, 0.8215686678886414, 0.028313394635915756, -1.33349609375], [0.0, 0.0, 0.0, 1.0]], [[0.009244862012565136, -0.9987249970436096, -0.049628403037786484, 0.005126953125], [-0.02560744434595108, 0.04937778785824776, -0.9984518885612488, 1.48016357421875], [0.9996293187141418, 0.010501379147171974, -0.025118304416537285, -1.734832763671875], [0.0, 0.0, 0.0, 1.0]], [[-0.8443477153778076, -0.5357505083084106, -0.006942231673747301, 1.0906982421875], [-0.017604265362024307, 0.04068969562649727, -0.9990167021751404, 1.493072509765625], [0.5355061888694763, -0.8433953523635864, -0.04378775134682655, -1.2774658203125], [0.0, 0.0, 0.0, 1.0]], [[0.9474345445632935, 0.3191258907318115, -0.022941788658499718, -1.1439208984375], [-0.04295899718999863, 0.055827636271715164, -0.9975157976150513, 1.5620346069335938], [-0.3170523941516876, 0.9460665583610535, 0.06660237163305283, -0.15625], [0.0, 0.0, 0.0, 1.0]], [[0.010187415406107903, 0.9987985491752625, 0.0479348860681057, -0.0286865234375], [-0.04084319621324539, 0.048312995582818985, -0.9979968070983887, 1.5680580139160156], [-0.9991136789321899, 0.008209210820496082, 0.041286319494247437, 0.044281005859375], [0.0, 0.0, 0.0, 1.0]], [[-0.9230394959449768, 0.38221749663352966, 0.04367672652006149, 1.160675048828125], [-0.036662910133600235, 0.02561813034117222, -0.9989992380142212, 1.5478134155273438], [-0.382953941822052, -0.9237171411514282, -0.009633343666791916, -0.043701171875], [0.0, 0.0, 0.0, 1.0]]], "view": [[0.0, -2.0, 100.0], [-2.0, 0.0, 100.0], [0.0, 0.0, 1.0]], "bev": "bev_367b4ca67af641bfb3ac5f779c7bdc2e.png", "aux": "aux_367b4ca67af641bfb3ac5f779c7bdc2e.npz", "visibility": "visibility_367b4ca67af641bfb3ac5f779c7bdc2e.png", "pose": [[0.7544703483581543, 0.6563341021537781, 0.0, 1301.203369140625], [-0.6563341021537781, 0.7544703483581543, 0.0, 896.0731201171875], [0.0, 0.0, 1.0, 0.0], [0.0, 0.0, 0.0, 1.0]], "pose_inverse": [[0.7544703483581543, -0.6563341021537781, 0.0, -393.59600830078125], [0.6563341021537781, 0.7544703483581543, 0.0, -1530.0848388671875], [0.0, 0.0, 1.0, 0.0], [0.0, 0.0, 0.0, 1.0]], "cam_ids": [0, 1, 2, 3, 4, 5], "cam_channels": ["CAM_FRONT_LEFT", "CAM_FRONT", "CAM_FRONT_RIGHT", "CAM_BACK_LEFT", "CAM_BACK", "CAM_BACK_RIGHT"], "token": "367b4ca67af641bfb3ac5f779c7bdc2e", "scene": "scene-0770"}, {"images": ["samples/CAM_FRONT_LEFT/n008-2018-08-30-15-31-50-0400__CAM_FRONT_LEFT__1535657534004799.jpg", "samples/CAM_FRONT/n008-2018-08-30-15-31-50-0400__CAM_FRONT__1535657534012404.jpg", "samples/CAM_FRONT_RIGHT/n008-2018-08-30-15-31-50-0400__CAM_FRONT_RIGHT__1535657534020482.jpg", "samples/CAM_BACK_LEFT/n008-2018-08-30-15-31-50-0400__CAM_BACK_LEFT__1535657534047405.jpg", "samples/CAM_BACK/n008-2018-08-30-15-31-50-0400__CAM_BACK__1535657534037558.jpg", "samples/CAM_BACK_RIGHT/n008-2018-08-30-15-31-50-0400__CAM_BACK_RIGHT__1535657534028113.jpg"], "intrinsics": [[[1257.8625342125129, 0.0, 827.2410631095686], [0.0, 1257.8625342125129, 450.915498205774], [0.0, 0.0, 1.0]], [[1252.8131021185304, 0.0, 826.588114781398], [0.0, 1252.8131021185304, 469.9846626224581], [0.0, 0.0, 1.0]], [[1256.7485116440405, 0.0, 817.7887570959712], [0.0, 1256.7485116440403, 451.9541780095127], [0.0, 0.0, 1.0]], [[1254.9860565800168, 0.0, 829.5769333630991], [0.0, 1254.9860565800168, 467.1680561863987], [0.0, 0.0, 1.0]], [[796.8910634503094, 0.0, 857.7774326863696], [0.0, 796.8910634503094, 476.8848988407415], [0.0, 0.0, 1.0]], [[1249.9629280788233, 0.0, 825.3768045375984], [0.0, 1249.9629280788233, 462.54816385708756], [0.0, 0.0, 1.0]]], "extrinsics": [[[0.8215863108634949, -0.5676181316375732, -0.05296768248081207, -1.00506591796875], [-0.02747836336493492, 0.05337445065379143, -0.9981964230537415, 1.4882965087890625], [0.5694215297698975, 0.8215600252151489, 0.028254501521587372, -1.3333740234375], [0.0, 0.0, 0.0, 1.0]], [[0.009229146875441074, -0.9987310767173767, -0.049509111791849136, 0.0052490234375], [-0.025532441213726997, 0.04925971105694771, -0.9984596371650696, 1.48016357421875], [0.9996314644813538, 0.010479053482413292, -0.02504541166126728, -1.73468017578125], [0.0, 0.0, 0.0, 1.0]], [[-0.8443544507026672, -0.5357398390769958, -0.00694653857499361, 1.0906982421875], [-0.01752360351383686, 0.040571704506874084, -0.999022901058197, 1.4930686950683594], [0.535498321056366, -0.8434077501296997, -0.043644994497299194, -1.2777099609375], [0.0, 0.0, 0.0, 1.0]], [[0.9474363923072815, 0.31912314891815186, -0.022907648235559464, -1.1439208984375], [-0.0428776890039444, 0.055692870169878006, -0.9975268244743347, 1.562042236328125], [-0.31705817580223083, 0.946075439453125, 0.06644871085882187, -0.15625], [0.0, 0.0, 0.0, 1.0]], [[0.010186996310949326, 0.9988046288490295, 0.04780751094222069, -0.02880859375], [-0.04076066240668297, 0.04818503186106682, -0.9980063438415527, 1.5680656433105469], [-0.9991170167922974, 0.008218055590987206, 0.04120279848575592, 0.044342041015625], [0.0, 0.0, 0.0, 1.0]], [[-0.9230401515960693, 0.3822299540042877, 0.043555814772844315, 1.1605987548828125], [-0.036580707877874374, 0.025500431656837463, -0.9990052580833435, 1.5478153228759766], [-0.3829604685306549, -0.9237152934074402, -0.009555681608617306, -0.0435791015625], [0.0, 0.0, 0.0, 1.0]]], "view": [[0.0, -2.0, 100.0], [-2.0, 0.0, 100.0], [0.0, 0.0, 1.0]], "bev": "bev_c8032757825d403380b8ca0ffd63a149.png", "aux": "aux_c8032757825d403380b8ca0ffd63a149.npz", "visibility": "visibility_c8032757825d403380b8ca0ffd63a149.png", "pose": [[0.7544532418251038, 0.6563538312911987, 0.0, 1301.203369140625], [-0.6563538312911987, 0.7544532418251038, 0.0, 896.0731201171875], [0.0, 0.0, 1.0, 0.0], [0.0, 0.0, 0.0, 1.0]], "pose_inverse": [[0.7544532418251038, -0.6563538312911987, 0.0, -393.55609130859375], [0.6563538312911987, 0.7544532418251038, 0.0, -1530.0950927734375], [0.0, 0.0, 1.0, 0.0], [0.0, 0.0, 0.0, 1.0]], "cam_ids": [0, 1, 2, 3, 4, 5], "cam_channels": ["CAM_FRONT_LEFT", "CAM_FRONT", "CAM_FRONT_RIGHT", "CAM_BACK_LEFT", "CAM_BACK", "CAM_BACK_RIGHT"], "token": "c8032757825d403380b8ca0ffd63a149", "scene": "scene-0770"}, {"images": ["samples/CAM_FRONT_LEFT/n008-2018-08-30-15-31-50-0400__CAM_FRONT_LEFT__1535657534504799.jpg", "samples/CAM_FRONT/n008-2018-08-30-15-31-50-0400__CAM_FRONT__1535657534512404.jpg", "samples/CAM_FRONT_RIGHT/n008-2018-08-30-15-31-50-0400__CAM_FRONT_RIGHT__1535657534520482.jpg", "samples/CAM_BACK_LEFT/n008-2018-08-30-15-31-50-0400__CAM_BACK_LEFT__1535657534547405.jpg", "samples/CAM_BACK/n008-2018-08-30-15-31-50-0400__CAM_BACK__1535657534537558.jpg", "samples/CAM_BACK_RIGHT/n008-2018-08-30-15-31-50-0400__CAM_BACK_RIGHT__1535657534528113.jpg"], "intrinsics": [[[1257.8625342125129, 0.0, 827.2410631095686], [0.0, 1257.8625342125129, 450.915498205774], [0.0, 0.0, 1.0]], [[1252.8131021185304, 0.0, 826.588114781398], [0.0, 1252.8131021185304, 469.9846626224581], [0.0, 0.0, 1.0]], [[1256.7485116440405, 0.0, 817.7887570959712], [0.0, 1256.7485116440403, 451.9541780095127], [0.0, 0.0, 1.0]], [[1254.9860565800168, 0.0, 829.5769333630991], [0.0, 1254.9860565800168, 467.1680561863987], [0.0, 0.0, 1.0]], [[796.8910634503094, 0.0, 857.7774326863696], [0.0, 796.8910634503094, 476.8848988407415], [0.0, 0.0, 1.0]], [[1249.9629280788233, 0.0, 825.3768045375984], [0.0, 1249.9629280788233, 462.54816385708756], [0.0, 0.0, 1.0]]], "extrinsics": [[[0.8215936422348022, -0.5676120519638062, -0.052920009940862656, -1.00506591796875], [-0.027522483840584755, 0.05322759598493576, -0.9982030987739563, 1.4882965087890625], [0.5694089531898499, 0.821573793888092, 0.028109360486268997, -1.333251953125], [0.0, 0.0, 0.0, 1.0]], [[0.009245322085916996, -0.9987379908561707, -0.049365606158971786, 0.00537109375], [-0.025563620030879974, 0.049115508794784546, -0.9984659552574158, 1.4801559448242188], [0.9996304512023926, 0.010493133217096329, -0.02507726661860943, -1.734771728515625], [0.0, 0.0, 0.0, 1.0]], [[-0.8443467020988464, -0.5357534289360046, -0.006856913678348064, 1.090576171875], [-0.017540792003273964, 0.0404304675757885, -0.9990283250808716, 1.493072509765625], [0.5355100631713867, -0.843406081199646, -0.04353487119078636, -1.277587890625], [0.0, 0.0, 0.0, 1.0]], [[0.9474344253540039, 0.31912535429000854, -0.022958876565098763, -1.1439208984375], [-0.04288650304079056, 0.05555776506662369, -0.9975339770317078, 1.5620498657226562], [-0.3170628249645233, 0.946082592010498, 0.06632350385189056, -0.156005859375], [0.0, 0.0, 0.0, 1.0]], [[0.010179509408771992, 0.9988111257553101, 0.04767251014709473, -0.02880859375], [-0.04078483581542969, 0.04805002734065056, -0.9980118870735168, 1.5680618286132812], [-0.9991161227226257, 0.008214983157813549, 0.041225481778383255, 0.044342041015625], [0.0, 0.0, 0.0, 1.0]], [[-0.9230437874794006, 0.38222503662109375, 0.04352249205112457, 1.1606597900390625], [-0.03660188615322113, 0.02536248415708542, -0.999008059501648, 1.547811508178711], [-0.38294968008995056, -0.9237211346626282, -0.009420525282621384, -0.0438232421875], [0.0, 0.0, 0.0, 1.0]]], "view": [[0.0, -2.0, 100.0], [-2.0, 0.0, 100.0], [0.0, 0.0, 1.0]], "bev": "bev_20c96f7aefb04874ae046f7e2a04d7ea.png", "aux": "aux_20c96f7aefb04874ae046f7e2a04d7ea.npz", "visibility": "visibility_20c96f7aefb04874ae046f7e2a04d7ea.png", "pose": [[0.7544996738433838, 0.65630042552948, 0.0, 1301.203369140625], [-0.65630042552948, 0.7544996738433838, 0.0, 896.0731201171875], [0.0, 0.0, 1.0, 0.0], [0.0, 0.0, 0.0, 1.0]], "pose_inverse": [[0.7544996738433838, -0.65630042552948, 0.0, -393.664306640625], [0.65630042552948, 0.7544996738433838, 0.0, -1530.0672607421875], [0.0, 0.0, 1.0, 0.0], [0.0, 0.0, 0.0, 1.0]], "cam_ids": [0, 1, 2, 3, 4, 5], "cam_channels": ["CAM_FRONT_LEFT", "CAM_FRONT", "CAM_FRONT_RIGHT", "CAM_BACK_LEFT", "CAM_BACK", "CAM_BACK_RIGHT"], "token": "20c96f7aefb04874ae046f7e2a04d7ea", "scene": "scene-0770"}, {"images": ["samples/CAM_FRONT_LEFT/n008-2018-08-30-15-31-50-0400__CAM_FRONT_LEFT__1535657535004799.jpg", "samples/CAM_FRONT/n008-2018-08-30-15-31-50-0400__CAM_FRONT__1535657535012404.jpg", "samples/CAM_FRONT_RIGHT/n008-2018-08-30-15-31-50-0400__CAM_FRONT_RIGHT__1535657535020482.jpg", "samples/CAM_BACK_LEFT/n008-2018-08-30-15-31-50-0400__CAM_BACK_LEFT__1535657535047405.jpg", "samples/CAM_BACK/n008-2018-08-30-15-31-50-0400__CAM_BACK__1535657535037558.jpg", "samples/CAM_BACK_RIGHT/n008-2018-08-30-15-31-50-0400__CAM_BACK_RIGHT__1535657535028113.jpg"], "intrinsics": [[[1257.8625342125129, 0.0, 827.2410631095686], [0.0, 1257.8625342125129, 450.915498205774], [0.0, 0.0, 1.0]], [[1252.8131021185304, 0.0, 826.588114781398], [0.0, 1252.8131021185304, 469.9846626224581], [0.0, 0.0, 1.0]], [[1256.7485116440405, 0.0, 817.7887570959712], [0.0, 1256.7485116440403, 451.9541780095127], [0.0, 0.0, 1.0]], [[1254.9860565800168, 0.0, 829.5769333630991], [0.0, 1254.9860565800168, 467.1680561863987], [0.0, 0.0, 1.0]], [[796.8910634503094, 0.0, 857.7774326863696], [0.0, 796.8910634503094, 476.8848988407415], [0.0, 0.0, 1.0]], [[1249.9629280788233, 0.0, 825.3768045375984], [0.0, 1249.9629280788233, 462.54816385708756], [0.0, 0.0, 1.0]]], "extrinsics": [[[0.8216165900230408, -0.5675860643386841, -0.05284147337079048, -1.0050048828125], [-0.027479568496346474, 0.0531533844769001, -0.9982081651687622, 1.4882965087890625], [0.5693778395652771, 0.8215965032577515, 0.028074683621525764, -1.3333740234375], [0.0, 0.0, 0.0, 1.0]], [[0.0092777693644166, -0.9987412691116333, -0.049292802810668945, 0.0052490234375], [-0.025521235540509224, 0.049042366445064545, -0.9984705448150635, 1.48016357421875], [0.9996312260627747, 0.010521500371396542, -0.025034110993146896, -1.734710693359375], [0.0, 0.0, 0.0, 1.0]], [[-0.8443341851234436, -0.535772979259491, -0.006854775361716747, 1.0906982421875], [-0.017498865723609924, 0.04035856947302818, -0.9990320205688477, 1.493072509765625], [0.5355310440063477, -0.8433970212936401, -0.043451547622680664, -1.2774658203125], [0.0, 0.0, 0.0, 1.0]], [[0.9474349021911621, 0.31912583112716675, -0.02293522283434868, -1.1439208984375], [-0.04284006729722023, 0.055493418127298355, -0.9975395202636719, 1.562042236328125], [-0.31706786155700684, 0.9460863471031189, 0.06624776124954224, -0.1561279296875], [0.0, 0.0, 0.0, 1.0]], [[0.010167822241783142, 0.9988147616386414, 0.04760020226240158, -0.028564453125], [-0.04072685167193413, 0.04797681048512459, -0.9980177879333496, 1.5680580139160156], [-0.9991186261177063, 0.00820905715227127, 0.04116640239953995, 0.044342041015625], [0.0, 0.0, 0.0, 1.0]], [[-0.9230520129203796, 0.382213830947876, 0.04344666376709938, 1.1607208251953125], [-0.03655032068490982, 0.025289203971624374, -0.999011754989624, 1.5478096008300781], [-0.3829347789287567, -0.923727810382843, -0.009373215027153492, -0.043701171875], [0.0, 0.0, 0.0, 1.0]]], "view": [[0.0, -2.0, 100.0], [-2.0, 0.0, 100.0], [0.0, 0.0, 1.0]], "bev": "bev_ace447c9909a4d5e9e7b64d1155774ba.png", "aux": "aux_ace447c9909a4d5e9e7b64d1155774ba.npz", "visibility": "visibility_ace447c9909a4d5e9e7b64d1155774ba.png", "pose": [[0.7545185089111328, 0.6562787890434265, 0.0, 1301.203369140625], [-0.6562787890434265, 0.7545185089111328, 0.0, 896.0731201171875], [0.0, 0.0, 1.0, 0.0], [0.0, 0.0, 0.0, 1.0]], "pose_inverse": [[0.7545185089111328, -0.6562787890434265, 0.0, -393.7082214355469], [0.6562787890434265, 0.7545185089111328, 0.0, -1530.055908203125], [0.0, 0.0, 1.0, 0.0], [0.0, 0.0, 0.0, 1.0]], "cam_ids": [0, 1, 2, 3, 4, 5], "cam_channels": ["CAM_FRONT_LEFT", "CAM_FRONT", "CAM_FRONT_RIGHT", "CAM_BACK_LEFT", "CAM_BACK", "CAM_BACK_RIGHT"], "token": "ace447c9909a4d5e9e7b64d1155774ba", "scene": "scene-0770"}, {"images": ["samples/CAM_FRONT_LEFT/n008-2018-08-30-15-31-50-0400__CAM_FRONT_LEFT__1535657535504799.jpg", "samples/CAM_FRONT/n008-2018-08-30-15-31-50-0400__CAM_FRONT__1535657535512404.jpg", "samples/CAM_FRONT_RIGHT/n008-2018-08-30-15-31-50-0400__CAM_FRONT_RIGHT__1535657535520482.jpg", "samples/CAM_BACK_LEFT/n008-2018-08-30-15-31-50-0400__CAM_BACK_LEFT__1535657535547405.jpg", "samples/CAM_BACK/n008-2018-08-30-15-31-50-0400__CAM_BACK__1535657535537558.jpg", "samples/CAM_BACK_RIGHT/n008-2018-08-30-15-31-50-0400__CAM_BACK_RIGHT__1535657535528113.jpg"], "intrinsics": [[[1257.8625342125129, 0.0, 827.2410631095686], [0.0, 1257.8625342125129, 450.915498205774], [0.0, 0.0, 1.0]], [[1252.8131021185304, 0.0, 826.588114781398], [0.0, 1252.8131021185304, 469.9846626224581], [0.0, 0.0, 1.0]], [[1256.7485116440405, 0.0, 817.7887570959712], [0.0, 1256.7485116440403, 451.9541780095127], [0.0, 0.0, 1.0]], [[1254.9860565800168, 0.0, 829.5769333630991], [0.0, 1254.9860565800168, 467.1680561863987], [0.0, 0.0, 1.0]], [[796.8910634503094, 0.0, 857.7774326863696], [0.0, 796.8910634503094, 476.8848988407415], [0.0, 0.0, 1.0]], [[1249.9629280788233, 0.0, 825.3768045375984], [0.0, 1249.9629280788233, 462.54816385708756], [0.0, 0.0, 1.0]]], "extrinsics": [[[0.8215939998626709, -0.5676199197769165, -0.052828919142484665, -1.00494384765625], [-0.027466751635074615, 0.05314783379435539, -0.9982088804244995, 1.4882965087890625], [0.5694110989570618, 0.8215734958648682, 0.028075268492102623, -1.33349609375], [0.0, 0.0, 0.0, 1.0]], [[0.009240839630365372, -0.9987414479255676, -0.04929625988006592, 0.0052490234375], [-0.025537034496665, 0.04904657602310181, -0.9984699487686157, 1.4801559448242188], [0.9996311068534851, 0.010485532693564892, -0.02505166456103325, -1.734710693359375], [0.0, 0.0, 0.0, 1.0]], [[-0.8443500399589539, -0.5357485413551331, -0.006822006311267614, 1.090576171875], [-0.017545277252793312, 0.04037295654416084, -0.999030590057373, 1.4930686950683594], [0.5355045795440674, -0.8434118628501892, -0.0434887669980526, -1.2774658203125], [0.0, 0.0, 0.0, 1.0]], [[0.9474338889122009, 0.3191252052783966, -0.0229807086288929, -1.143798828125], [-0.04290078952908516, 0.0555318258702755, -0.9975348114967346, 1.562042236328125], [-0.3170623779296875, 0.9460841417312622, 0.06630345433950424, -0.15625], [0.0, 0.0, 0.0, 1.0]], [[0.010182908736169338, 0.998813271522522, 0.047626692801713943, -0.0286865234375], [-0.04079359024763107, 0.048004455864429474, -0.9980136752128601, 1.5680580139160156], [-0.9991156458854675, 0.008219902403652668, 0.04123401641845703, 0.0443115234375], [0.0, 0.0, 0.0, 1.0]], [[-0.9230411648750305, 0.38223305344581604, 0.04350554570555687, 1.160552978515625], [-0.036605000495910645, 0.02531050331890583, -0.9990092515945435, 1.5478076934814453], [-0.38295555114746094, -0.9237191677093506, -0.009370995685458183, -0.0435791015625], [0.0, 0.0, 0.0, 1.0]]], "view": [[0.0, -2.0, 100.0], [-2.0, 0.0, 100.0], [0.0, 0.0, 1.0]], "bev": "bev_2fa2a2c26d174462a4847284e6b4dbd6.png", "aux": "aux_2fa2a2c26d174462a4847284e6b4dbd6.npz", "visibility": "visibility_2fa2a2c26d174462a4847284e6b4dbd6.png", "pose": [[0.7544662356376648, 0.6563388109207153, 0.0, 1301.203369140625], [-0.6563388109207153, 0.7544662356376648, 0.0, 896.0731201171875], [0.0, 0.0, 1.0, 0.0], [0.0, 0.0, 0.0, 1.0]], "pose_inverse": [[0.7544662356376648, -0.6563388109207153, 0.0, -393.5864562988281], [0.6563388109207153, 0.7544662356376648, 0.0, -1530.0872802734375], [0.0, 0.0, 1.0, 0.0], [0.0, 0.0, 0.0, 1.0]], "cam_ids": [0, 1, 2, 3, 4, 5], "cam_channels": ["CAM_FRONT_LEFT", "CAM_FRONT", "CAM_FRONT_RIGHT", "CAM_BACK_LEFT", "CAM_BACK", "CAM_BACK_RIGHT"], "token": "2fa2a2c26d174462a4847284e6b4dbd6", "scene": "scene-0770"}, {"images": ["samples/CAM_FRONT_LEFT/n008-2018-08-30-15-31-50-0400__CAM_FRONT_LEFT__1535657536004799.jpg", "samples/CAM_FRONT/n008-2018-08-30-15-31-50-0400__CAM_FRONT__1535657536012404.jpg", "samples/CAM_FRONT_RIGHT/n008-2018-08-30-15-31-50-0400__CAM_FRONT_RIGHT__1535657536020482.jpg", "samples/CAM_BACK_LEFT/n008-2018-08-30-15-31-50-0400__CAM_BACK_LEFT__1535657536047405.jpg", "samples/CAM_BACK/n008-2018-08-30-15-31-50-0400__CAM_BACK__1535657536037558.jpg", "samples/CAM_BACK_RIGHT/n008-2018-08-30-15-31-50-0400__CAM_BACK_RIGHT__1535657536028113.jpg"], "intrinsics": [[[1257.8625342125129, 0.0, 827.2410631095686], [0.0, 1257.8625342125129, 450.915498205774], [0.0, 0.0, 1.0]], [[1252.8131021185304, 0.0, 826.588114781398], [0.0, 1252.8131021185304, 469.9846626224581], [0.0, 0.0, 1.0]], [[1256.7485116440405, 0.0, 817.7887570959712], [0.0, 1256.7485116440403, 451.9541780095127], [0.0, 0.0, 1.0]], [[1254.9860565800168, 0.0, 829.5769333630991], [0.0, 1254.9860565800168, 467.1680561863987], [0.0, 0.0, 1.0]], [[796.8910634503094, 0.0, 857.7774326863696], [0.0, 796.8910634503094, 476.8848988407415], [0.0, 0.0, 1.0]], [[1249.9629280788233, 0.0, 825.3768045375984], [0.0, 1249.9629280788233, 462.54816385708756], [0.0, 0.0, 1.0]]], "extrinsics": [[[0.8216079473495483, -0.5676119327545166, -0.052698295563459396, -1.00506591796875], [-0.02735130675137043, 0.05308590084314346, -0.9982153177261353, 1.4882965087890625], [0.569396436214447, 0.8215830326080322, 0.02809087000787258, -1.3333740234375], [0.0, 0.0, 0.0, 1.0]], [[0.009260629303753376, -0.9987450838088989, -0.04921717941761017, 0.00537109375], [-0.025383533909916878, 0.048968635499477386, -0.9984776973724365, 1.48016357421875], [0.999634861946106, 0.01049585361033678, -0.02489820122718811, -1.73480224609375], [0.0, 0.0, 0.0, 1.0]], [[-0.844343364238739, -0.5357574820518494, -0.006935562938451767, 1.090576171875], [-0.01735120266675949, 0.04027804732322693, -0.9990378022193909, 1.4930686950683594], [0.535521388053894, -0.8434107303619385, -0.04330454766750336, -1.277587890625], [0.0, 0.0, 0.0, 1.0]], [[0.9474385976791382, 0.31912073493003845, -0.022845158353447914, -1.14398193359375], [-0.04271383211016655, 0.0554007887840271, -0.9975501894950867, 1.562042236328125], [-0.31707337498664856, 0.9460933804512024, 0.0661197230219841, -0.156005859375], [0.0, 0.0, 0.0, 1.0]], [[0.0101704653352499, 0.9988186955451965, 0.0475161075592041, -0.02880859375], [-0.04059350863099098, 0.047891806811094284, -0.9980273246765137, 1.5680618286132812], [-0.9991239905357361, 0.008221580646932125, 0.041032638400793076, 0.0443115234375], [0.0, 0.0,