[{"images": ["samples/CAM_FRONT_LEFT/n015-2018-08-03-15-00-36+0800__CAM_FRONT_LEFT__1533279658604844.jpg", "samples/CAM_FRONT/n015-2018-08-03-15-00-36+0800__CAM_FRONT__1533279658612460.jpg", "samples/CAM_FRONT_RIGHT/n015-2018-08-03-15-00-36+0800__CAM_FRONT_RIGHT__1533279658620339.jpg", "samples/CAM_BACK_LEFT/n015-2018-08-03-15-00-36+0800__CAM_BACK_LEFT__1533279658647423.jpg", "samples/CAM_BACK/n015-2018-08-03-15-00-36+0800__CAM_BACK__1533279658637525.jpg", "samples/CAM_BACK_RIGHT/n015-2018-08-03-15-00-36+0800__CAM_BACK_RIGHT__1533279658627893.jpg"], "intrinsics": [[[1272.5979470598488, 0.0, 826.6154927353808], [0.0, 1272.5979470598488, 479.75165386361925], [0.0, 0.0, 1.0]], [[1266.417203046554, 0.0, 816.2670197447984], [0.0, 1266.417203046554, 491.50706579294757], [0.0, 0.0, 1.0]], [[1260.8474446004698, 0.0, 807.968244525554], [0.0, 1260.8474446004698, 495.3344268742088], [0.0, 0.0, 1.0]], [[1256.7414812095406, 0.0, 792.1125740759628], [0.0, 1256.7414812095406, 492.7757465151356], [0.0, 0.0, 1.0]], [[809.2209905677063, 0.0, 829.2196003259838], [0.0, 809.2209905677063, 481.77842384512485], [0.0, 0.0, 1.0]], [[1259.5137405846733, 0.0, 807.2529053838625], [0.0, 1259.5137405846733, 501.19579884916527], [0.0, 0.0, 1.0]]], "extrinsics": [[[0.8205227255821228, -0.5715659260749817, 0.007414442487061024, -0.82354736328125], [-0.0035406143870204687, -0.018052760511636734, -0.9998307824134827, 1.5076589584350586], [0.571603000164032, 0.8203575611114502, -0.016836391761898994, -1.182861328125], [0.0, 0.0, 0.0, 1.0]], [[0.005390781909227371, -0.9997449517250061, 0.02192828804254532, 0.00665283203125], [-0.008924989029765129, -0.021975835785269737, -0.9997187256813049, 1.5192813873291016], [0.9999456405639648, 0.005193650722503662, -0.009041180834174156, -1.5501708984375], [0.0, 0.0, 0.0, 1.0]], [[-0.8330641984939575, -0.5531501770019531, 0.005380312912166119, 0.939697265625], [-0.0033851780463010073, -0.004628314170986414, -0.999983549118042, 1.5032682418823242], [0.5531660318374634, -0.8330687284469604, 0.0019831727258861065, -1.1863899230957031], [0.0, 0.0, 0.0, 1.0]], [[0.9477283954620361, 0.3190138638019562, -0.0064128609374165535, -1.136474609375], [0.004834695719182491, -0.03445291146636009, -0.9993945956230164, 1.5885868072509766], [-0.3190416693687439, 0.9471235871315002, -0.03419433906674385, -0.105682373046875], [0.0, 0.0, 0.0, 1.0]], [[0.0023999896366149187, 0.9996925592422485, -0.02467982843518257, 0.002685546875], [-0.020376907661557198, -0.024625884369015694, -0.9994890689849854, 1.5784492492675781], [-0.9997895359992981, 0.0029016577173024416, 0.020311536267399788, -0.04315185546875], [0.0, 0.0, 0.0, 1.0]], [[-0.9347696304321289, 0.35493898391723633, -0.014971103519201279, 1.0589599609375], [0.012407436035573483, -0.009497921913862228, -0.9998779296875, 1.5524778366088867], [-0.35503774881362915, -0.9348412752151489, 0.004474487155675888, -0.09259033203125], [0.0, 0.0, 0.0, 1.0]]], "view": [[0.0, -2.0, 100.0], [-2.0, 0.0, 100.0], [0.0, 0.0, 1.0]], "bev": "bev_5b9368008d144edd8616f93e1c9cfdf6.png", "aux": "aux_5b9368008d144edd8616f93e1c9cfdf6.npz", "visibility": "visibility_5b9368008d144edd8616f93e1c9cfdf6.png", "pose": [[-0.6449517011642456, 0.7642233371734619, 0.0, 141.78009033203125], [-0.7642233371734619, -0.6449517011642456, 0.0, 1072.942138671875], [0.0, 0.0, 1.0, 0.0], [0.0, 0.0, 0.0, 1.0]], "pose_inverse": [[-0.6449517011642456, -0.7642233371734619, 0.0, 911.40869140625], [0.7642233371734619, -0.6449517011642456, 0.0, 583.6442260742188], [0.0, 0.0, 1.0, 0.0], [0.0, 0.0, 0.0, 1.0]], "cam_ids": [0, 1, 2, 3, 4, 5], "cam_channels": ["CAM_FRONT_LEFT", "CAM_FRONT", "CAM_FRONT_RIGHT", "CAM_BACK_LEFT", "CAM_BACK", "CAM_BACK_RIGHT"], "token": "5b9368008d144edd8616f93e1c9cfdf6", "scene": "scene-0361"}, {"images": ["samples/CAM_FRONT_LEFT/n015-2018-08-03-15-00-36+0800__CAM_FRONT_LEFT__1533279659104844.jpg", "samples/CAM_FRONT/n015-2018-08-03-15-00-36+0800__CAM_FRONT__1533279659112460.jpg", "samples/CAM_FRONT_RIGHT/n015-2018-08-03-15-00-36+0800__CAM_FRONT_RIGHT__1533279659120339.jpg", "samples/CAM_BACK_LEFT/n015-2018-08-03-15-00-36+0800__CAM_BACK_LEFT__1533279659147423.jpg", "samples/CAM_BACK/n015-2018-08-03-15-00-36+0800__CAM_BACK__1533279659137525.jpg", "samples/CAM_BACK_RIGHT/n015-2018-08-03-15-00-36+0800__CAM_BACK_RIGHT__1533279659127893.jpg"], "intrinsics": [[[1272.5979470598488, 0.0, 826.6154927353808], [0.0, 1272.5979470598488, 479.75165386361925], [0.0, 0.0, 1.0]], [[1266.417203046554, 0.0, 816.2670197447984], [0.0, 1266.417203046554, 491.50706579294757], [0.0, 0.0, 1.0]], [[1260.8474446004698, 0.0, 807.968244525554], [0.0, 1260.8474446004698, 495.3344268742088], [0.0, 0.0, 1.0]], [[1256.7414812095406, 0.0, 792.1125740759628], [0.0, 1256.7414812095406, 492.7757465151356], [0.0, 0.0, 1.0]], [[809.2209905677063, 0.0, 829.2196003259838], [0.0, 809.2209905677063, 481.77842384512485], [0.0, 0.0, 1.0]], [[1259.5137405846733, 0.0, 807.2529053838625], [0.0, 1259.5137405846733, 501.19579884916527], [0.0, 0.0, 1.0]]], "extrinsics": [[[0.8206808567047119, -0.571357250213623, 0.005807987879961729, -0.82403564453125], [-0.006928634829819202, -0.02011503465473652, -0.9997736811637878, 1.507080078125], [0.571344792842865, 0.8204548954963684, -0.020466750487685204, -1.18316650390625], [0.0, 0.0, 0.0, 1.0]], [[0.005632888060063124, -0.9996956586837769, 0.024017786607146263, 0.00653076171875], [-0.01212679035961628, -0.02408469095826149, -0.9996364116668701, 1.5188236236572266], [0.9999105334281921, 0.0053396220318973064, -0.01225876621901989, -1.54998779296875], [0.0, 0.0, 0.0, 1.0]], [[-0.8329887986183167, -0.5532152056694031, 0.009083329699933529, 0.9388427734375], [-0.0063982936553657055, -0.006784388795495033, -0.999956488609314, 1.5029277801513672], [0.5532528162002563, -0.833010733127594, 0.0021116866264492273, -1.186056137084961], [0.0, 0.0, 0.0, 1.0]], [[0.9477096199989319, 0.3190005421638489, -0.009218758903443813, -1.1343994140625], [0.0026249748189002275, -0.03667779266834259, -0.9993236660957336, 1.5885791778564453], [-0.31912294030189514, 0.9470445513725281, -0.035597268491983414, -0.106414794921875], [0.0, 0.0, 0.0, 1.0]], [[0.002299393992871046, 0.9996346235275269, -0.026929939165711403, 0.0028076171875], [-0.02292265184223652, -0.026870246976614, -0.999376118183136, 1.5782928466796875], [-0.9997345209121704, 0.0029152254574000835, 0.022852493450045586, -0.04461669921875], [0.0, 0.0, 0.0, 1.0]], [[-0.9348311424255371, 0.35485023260116577, -0.013115346431732178, 1.05804443359375], [0.009586927480995655, -0.011699832044541836, -0.999885618686676, 1.5522551536560059], [-0.3549630343914032, -0.9348499774932861, 0.007535446435213089, -0.09295654296875], [0.0, 0.0, 0.0, 1.0]]], "view": [[0.0, -2.0, 100.0], [-2.0, 0.0, 100.0], [0.0, 0.0, 1.0]], "bev": "bev_40e86ff8868f485b902befc378566953.png", "aux": "aux_40e86ff8868f485b902befc378566953.npz", "visibility": "visibility_40e86ff8868f485b902befc378566953.png", "pose": [[-0.6423325538635254, 0.7664260268211365, 0.0, 140.5240936279297], [-0.7664260268211365, -0.6423325538635254, 0.0, 1071.4609375], [0.0, 0.0, 1.0, 0.0], [0.0, 0.0, 0.0, 1.0]], "pose_inverse": [[-0.6423325538635254, -0.7664260268211365, 0.0, 911.4588012695312], [0.7664260268211365, -0.6423325538635254, 0.0, 580.5328979492188], [0.0, 0.0, 1.0, 0.0], [0.0, 0.0, 0.0, 1.0]], "cam_ids": [0, 1, 2, 3, 4, 5], "cam_channels": ["CAM_FRONT_LEFT", "CAM_FRONT", "CAM_FRONT_RIGHT", "CAM_BACK_LEFT", "CAM_BACK", "CAM_BACK_RIGHT"], "token": "40e86ff8868f485b902befc378566953", "scene": "scene-0361"}, {"images": ["samples/CAM_FRONT_LEFT/n015-2018-08-03-15-00-36+0800__CAM_FRONT_LEFT__1533279659604844.jpg", "samples/CAM_FRONT/n015-2018-08-03-15-00-36+0800__CAM_FRONT__1533279659612460.jpg", "samples/CAM_FRONT_RIGHT/n015-2018-08-03-15-00-36+0800__CAM_FRONT_RIGHT__1533279659620339.jpg", "samples/CAM_BACK_LEFT/n015-2018-08-03-15-00-36+0800__CAM_BACK_LEFT__1533279659647423.jpg", "samples/CAM_BACK/n015-2018-08-03-15-00-36+0800__CAM_BACK__1533279659637525.jpg", "samples/CAM_BACK_RIGHT/n015-2018-08-03-15-00-36+0800__CAM_BACK_RIGHT__1533279659627893.jpg"], "intrinsics": [[[1272.5979470598488, 0.0, 826.6154927353808], [0.0, 1272.5979470598488, 479.75165386361925], [0.0, 0.0, 1.0]], [[1266.417203046554, 0.0, 816.2670197447984], [0.0, 1266.417203046554, 491.50706579294757], [0.0, 0.0, 1.0]], [[1260.8474446004698, 0.0, 807.968244525554], [0.0, 1260.8474446004698, 495.3344268742088], [0.0, 0.0, 1.0]], [[1256.7414812095406, 0.0, 792.1125740759628], [0.0, 1256.7414812095406, 492.7757465151356], [0.0, 0.0, 1.0]], [[809.2209905677063, 0.0, 829.2196003259838], [0.0, 809.2209905677063, 481.77842384512485], [0.0, 0.0, 1.0]], [[1259.5137405846733, 0.0, 807.2529053838625], [0.0, 1259.5137405846733, 501.19579884916527], [0.0, 0.0, 1.0]]], "extrinsics": [[[0.8208758234977722, -0.5710542798042297, 0.007732858415693045, -0.830230712890625], [-0.0031317900866270065, -0.018040969967842102, -0.9998323321342468, 1.5077733993530273], [0.5710980296134949, 0.820713996887207, -0.016597818583250046, -1.18890380859375], [0.0, 0.0, 0.0, 1.0]], [[0.00590330408886075, -0.999738335609436, 0.022100407630205154, 0.00750732421875], [-0.008506936021149158, -0.022150203585624695, -0.9997184872627258, 1.5194225311279297], [0.9999463558197021, 0.005713575519621372, -0.00863546971231699, -1.5574951171875], [0.0, 0.0, 0.0, 1.0]], [[-0.8328361511230469, -0.5534948706626892, 0.005232968833297491, 0.9447021484375], [-0.0029671743977814913, -0.004989583045244217, -0.9999830722808838, 1.5033349990844727], [0.5535116195678711, -0.8328376412391663, 0.002513190731406212, -1.1888408660888672], [0.0, 0.0, 0.0, 1.0]], [[0.9476898908615112, 0.31913211941719055, -0.006211727857589722, -1.1348876953125], [0.005453480873256922, -0.03564634919166565, -0.9993495941162109, 1.5886058807373047], [-0.3191460072994232, 0.9470396041870117, -0.03552206978201866, -0.106414794921875], [0.0, 0.0, 0.0, 1.0]], [[0.0022302535362541676, 0.9996711611747742, -0.0255440603941679, 0.0023193359375], [-0.019879784435033798, -0.025494752451777458, -0.9994772672653198, 1.5785026550292969], [-0.999799907207489, 0.0027369733434170485, 0.019816387444734573, -0.04168701171875], [0.0, 0.0, 0.0, 1.0]], [[-0.9348746538162231, 0.35463687777519226, -0.015560553409159184, 1.0623779296875], [0.01282807532697916, -0.010054920800030231, -0.9998672008514404, 1.5524678230285645], [-0.3547462522983551, -0.934950053691864, 0.00485078152269125, -0.0906982421875], [0.0, 0.0, 0.0, 1.0]]], "view": [[0.0, -2.0, 100.0], [-2.0, 0.0, 100.0], [0.0, 0.0, 1.0]], "bev": "bev_84248a0f5d944fe68b0c89918fe20eb2.png", "aux": "aux_84248a0f5d944fe68b0c89918fe20eb2.npz", "visibility": "visibility_84248a0f5d944fe68b0c89918fe20eb2.png", "pose": [[-0.6401877999305725, 0.768218457698822, 0.0, 139.29312133789062], [-0.768218457698822, -0.6401877999305725, 0.0, 1069.9989013671875], [0.0, 0.0, 1.0, 0.0], [0.0, 0.0, 0.0, 1.0]], "pose_inverse": [[-0.6401877999305725, -0.768218457698822, 0.0, 911.1666259765625], [0.768218457698822, -0.6401877999305725, 0.0, 577.9927368164062], [0.0, 0.0, 1.0, 0.0], [0.0, 0.0, 0.0, 1.0]], "cam_ids": [0, 1, 2, 3, 4, 5], "cam_channels": ["CAM_FRONT_LEFT", "CAM_FRONT", "CAM_FRONT_RIGHT", "CAM_BACK_LEFT", "CAM_BACK", "CAM_BACK_RIGHT"], "token": "84248a0f5d944fe68b0c89918fe20eb2", "scene": "scene-0361"}, {"images": ["samples/CAM_FRONT_LEFT/n015-2018-08-03-15-00-36+0800__CAM_FRONT_LEFT__1533279660104844.jpg", "samples/CAM_FRONT/n015-2018-08-03-15-00-36+0800__CAM_FRONT__1533279660112460.jpg", "samples/CAM_FRONT_RIGHT/n015-2018-08-03-15-00-36+0800__CAM_FRONT_RIGHT__1533279660120339.jpg", "samples/CAM_BACK_LEFT/n015-2018-08-03-15-00-36+0800__CAM_BACK_LEFT__1533279660147423.jpg", "samples/CAM_BACK/n015-2018-08-03-15-00-36+0800__CAM_BACK__1533279660137525.jpg", "samples/CAM_BACK_RIGHT/n015-2018-08-03-15-00-36+0800__CAM_BACK_RIGHT__1533279660127893.jpg"], "intrinsics": [[[1272.5979470598488, 0.0, 826.6154927353808], [0.0, 1272.5979470598488, 479.75165386361925], [0.0, 0.0, 1.0]], [[1266.417203046554, 0.0, 816.2670197447984], [0.0, 1266.417203046554, 491.50706579294757], [0.0, 0.0, 1.0]], [[1260.8474446004698, 0.0, 807.968244525554], [0.0, 1260.8474446004698, 495.3344268742088], [0.0, 0.0, 1.0]], [[1256.7414812095406, 0.0, 792.1125740759628], [0.0, 1256.7414812095406, 492.7757465151356], [0.0, 0.0, 1.0]], [[809.2209905677063, 0.0, 829.2196003259838], [0.0, 809.2209905677063, 481.77842384512485], [0.0, 0.0, 1.0]], [[1259.5137405846733, 0.0, 807.2529053838625], [0.0, 1259.5137405846733, 501.19579884916527], [0.0, 0.0, 1.0]]], "extrinsics": [[[0.8207452893257141, -0.5712889432907104, 0.0024701287038624287, -0.83935546875], [-0.008275195956230164, -0.01621166616678238, -0.9998342990875244, 1.5070123672485352], [0.5712343454360962, 0.8205888867378235, -0.01803317666053772, -1.194580078125], [0.0, 0.0, 0.0, 1.0]], [[0.005759360734373331, -0.9997811317443848, 0.020106032490730286, 0.00689697265625], [-0.013551967218518257, -0.02018255554139614, -0.9997044801712036, 1.5188465118408203], [0.9998915195465088, 0.005485153757035732, -0.013665241189301014, -1.56622314453125], [0.0, 0.0, 0.0, 1.0]], [[-0.8329277038574219, -0.5533213019371033, 0.008180554024875164, 0.9501953125], [-0.007907349616289139, -0.0028808058705180883, -0.9999645352363586, 1.5028619766235352], [0.5533252954483032, -0.8329628705978394, -0.0019758017733693123, -1.1931285858154297], [0.0, 0.0, 0.0, 1.0]], [[0.9477001428604126, 0.3190174400806427, -0.009607125073671341, -1.136962890625], [0.0009511056705377996, -0.032923825085163116, -0.9994574189186096, 1.5885639190673828], [-0.3191606104373932, 0.9471767544746399, -0.03150533139705658, -0.10552978515625], [0.0, 0.0, 0.0, 1.0]], [[0.0022611194290220737, 0.9997316002845764, -0.023058224469423294, 0.0025634765625], [-0.024549484252929688, -0.0229958388954401, -0.9994341135025024, 1.5783729553222656], [-0.9996959567070007, 0.0028259530663490295, 0.024490896612405777, -0.03851318359375], [0.0, 0.0, 0.0, 1.0]], [[-0.9348686337471008, 0.3548453748226166, -0.010257257148623466, 1.06744384765625], [0.00801011174917221, -0.007801183499395847, -0.9999374747276306, 1.5520422458648682], [-0.35490328073501587, -0.9348924160003662, 0.004450731910765171, -0.089111328125], [0.0, 0.0, 0.0, 1.0]]], "view": [[0.0, -2.0, 100.0], [-2.0, 0.0, 100.0], [0.0, 0.0, 1.0]], "bev": "bev_8a24864c08634e30ac4b2db587c4a57d.png", "aux": "aux_8a24864c08634e30ac4b2db587c4a57d.npz", "visibility": "visibility_8a24864c08634e30ac4b2db587c4a57d.png", "pose": [[-0.638420820236206, 0.7696874737739563, 0.0, 138.1400604248047], [-0.7696874737739563, -0.638420820236206, 0.0, 1068.6282958984375], [0.0, 0.0, 1.0, 0.0], [0.0, 0.0, 0.0, 1.0]], "pose_inverse": [[-0.638420820236206, -0.7696874737739563, 0.0, 910.7012939453125], [0.7696874737739563, -0.638420820236206, 0.0, 575.909912109375], [0.0, 0.0, 1.0, 0.0], [0.0, 0.0, 0.0, 1.0]], "cam_ids": [0, 1, 2, 3, 4, 5], "cam_channels": ["CAM_FRONT_LEFT", "CAM_FRONT", "CAM_FRONT_RIGHT", "CAM_BACK_LEFT", "CAM_BACK", "CAM_BACK_RIGHT"], "token": "8a24864c08634e30ac4b2db587c4a57d", "scene": "scene-0361"}, {"images": ["samples/CAM_FRONT_LEFT/n015-2018-08-03-15-00-36+0800__CAM_FRONT_LEFT__1533279660604844.jpg", "samples/CAM_FRONT/n015-2018-08-03-15-00-36+0800__CAM_FRONT__1533279660612460.jpg", "samples/CAM_FRONT_RIGHT/n015-2018-08-03-15-00-36+0800__CAM_FRONT_RIGHT__1533279660620339.jpg", "samples/CAM_BACK_LEFT/n015-2018-08-03-15-00-36+0800__CAM_BACK_LEFT__1533279660647423.jpg", "samples/CAM_BACK/n015-2018-08-03-15-00-36+0800__CAM_BACK__1533279660637525.jpg", "samples/CAM_BACK_RIGHT/n015-2018-08-03-15-00-36+0800__CAM_BACK_RIGHT__1533279660627893.jpg"], "intrinsics": [[[1272.5979470598488, 0.0, 826.6154927353808], [0.0, 1272.5979470598488, 479.75165386361925], [0.0, 0.0, 1.0]], [[1266.417203046554, 0.0, 816.2670197447984], [0.0, 1266.417203046554, 491.50706579294757], [0.0, 0.0, 1.0]], [[1260.8474446004698, 0.0, 807.968244525554], [0.0, 1260.8474446004698, 495.3344268742088], [0.0, 0.0, 1.0]], [[1256.7414812095406, 0.0, 792.1125740759628], [0.0, 1256.7414812095406, 492.7757465151356], [0.0, 0.0, 1.0]], [[809.2209905677063, 0.0, 829.2196003259838], [0.0, 809.2209905677063, 481.77842384512485], [0.0, 0.0, 1.0]], [[1259.5137405846733, 0.0, 807.2529053838625], [0.0, 1259.5137405846733, 501.19579884916527], [0.0, 0.0, 1.0]]], "extrinsics": [[[0.8207010626792908, -0.57131427526474, 0.007057623937726021, -0.845703125], [-0.0038512477185577154, -0.01788361743092537, -0.9998326897621155, 1.5076942443847656], [0.5713448524475098, 0.8205365538597107, -0.016877377405762672, -1.197509765625], [0.0, 0.0, 0.0, 1.0]], [[0.005651282146573067, -0.9997443556785583, 0.02189253829419613, 0.00604248046875], [-0.009101481176912785, -0.021943407133221626, -0.9997178316116333, 1.5194435119628906], [0.9999426007270813, 0.005450486671179533, -0.00922316312789917, -1.5721435546875], [0.0, 0.0, 0.0, 1.0]], [[-0.8329514861106873, -0.5533187985420227, 0.005474884528666735, 0.95361328125], [-0.0034277087543159723, -0.00473447423428297, -0.9999828338623047, 1.5033206939697266], [0.5533353090286255, -0.832956075668335, 0.002046972746029496, -1.1962966918945312], [0.0, 0.0, 0.0, 1.0]], [[0.9477131366729736, 0.31906622648239136, -0.006049673538655043, -1.1370849609375], [0.005460359156131744, -0.03516729176044464, -0.9993665218353271, 1.5885839462280273], [-0.3190767765045166, 0.9470796585083008, -0.03507072106003761, -0.10540771484375], [0.0, 0.0, 0.0, 1.0]], [[0.0023158006370067596, 0.9996806979179382, -0.025161391124129295, 0.0028076171875], [-0.02007429301738739, -0.025109918788075447, -0.9994831085205078, 1.5785980224609375], [-0.9997958540916443, 0.0028196906205266714, 0.020009731873869896, -0.0362548828125], [0.0, 0.0, 0.0, 1.0]], [[-0.9348230361938477, 0.3547910153865814, -0.015142841264605522, 1.07098388671875], [0.01249551773071289, -0.009751780889928341, -0.9998744130134583, 1.5523204803466797], [-0.35489416122436523, -0.934894859790802, 0.0046828933991491795, -0.08831787109375], [0.0, 0.0, 0.0, 1.0]]], "view": [[0.0, -2.0, 100.0], [-2.0, 0.0, 100.0], [0.0, 0.0, 1.0]], "bev": "bev_5566f895d3c74fb0838333fddcba606c.png", "aux": "aux_5566f895d3c74fb0838333fddcba606c.npz", "visibility": "visibility_5566f895d3c74fb0838333fddcba606c.png", "pose": [[-0.6361725926399231, 0.7715467810630798, 0.0, 137.03030395507812], [-0.7715467810630798, -0.6361725926399231, 0.0, 1067.302978515625], [0.0, 0.0, 1.0, 0.0], [0.0, 0.0, 0.0, 1.0]], "pose_inverse": [[-0.6361725926399231, -0.7715467810630798, 0.0, 910.6491088867188], [0.7715467810630798, -0.6361725926399231, 0.0, 573.2636108398438], [0.0, 0.0, 1.0, 0.0], [0.0, 0.0, 0.0, 1.0]], "cam_ids": [0, 1, 2, 3, 4, 5], "cam_channels": ["CAM_FRONT_LEFT", "CAM_FRONT", "CAM_FRONT_RIGHT", "CAM_BACK_LEFT", "CAM_BACK", "CAM_BACK_RIGHT"], "token": "5566f895d3c74fb0838333fddcba606c", "scene": "scene-0361"}, {"images": ["samples/CAM_FRONT_LEFT/n015-2018-08-03-15-00-36+0800__CAM_FRONT_LEFT__1533279661104844.jpg", "samples/CAM_FRONT/n015-2018-08-03-15-00-36+0800__CAM_FRONT__1533279661112481.jpg", "samples/CAM_FRONT_RIGHT/n015-2018-08-03-15-00-36+0800__CAM_FRONT_RIGHT__1533279661120339.jpg", "samples/CAM_BACK_LEFT/n015-2018-08-03-15-00-36+0800__CAM_BACK_LEFT__1533279661147423.jpg", "samples/CAM_BACK/n015-2018-08-03-15-00-36+0800__CAM_BACK__1533279661137525.jpg", "samples/CAM_BACK_RIGHT/n015-2018-08-03-15-00-36+0800__CAM_BACK_RIGHT__1533279661127893.jpg"], "intrinsics": [[[1272.5979470598488, 0.0, 826.6154927353808], [0.0, 1272.5979470598488, 479.75165386361925], [0.0, 0.0, 1.0]], [[1266.417203046554, 0.0, 816.2670197447984], [0.0, 1266.417203046554, 491.50706579294757], [0.0, 0.0, 1.0]], [[1260.8474446004698, 0.0, 807.968244525554], [0.0, 1260.8474446004698, 495.3344268742088], [0.0, 0.0, 1.0]], [[1256.7414812095406, 0.0, 792.1125740759628], [0.0, 1256.7414812095406, 492.7757465151356], [0.0, 0.0, 1.0]], [[809.2209905677063, 0.0, 829.2196003259838], [0.0, 809.2209905677063, 481.77842384512485], [0.0, 0.0, 1.0]], [[1259.5137405846733, 0.0, 807.2529053838625], [0.0, 1259.5137405846733, 501.19579884916527], [0.0, 0.0, 1.0]]], "extrinsics": [[[0.821003794670105, -0.5708733201026917, 0.007518833037465811, -0.85028076171875], [-0.004248460289090872, -0.019278129562735558, -0.9998051524162292, 1.507676124572754], [0.5709070563316345, 0.8208118081092834, -0.018252747133374214, -1.2015380859375], [0.0, 0.0, 0.0, 1.0]], [[0.006092387717217207, -0.9997094869613647, 0.023317547515034676, 0.00653076171875], [-0.009565416723489761, -0.023375175893306732, -0.9996809959411621, 1.519449234008789], [0.9999356865882874, 0.005867400206625462, -0.009705048985779285, -1.57733154296875], [0.0, 0.0, 0.0, 1.0]], [[-0.8327637910842896, -0.5535873770713806, 0.00673762196674943, 0.9573974609375], [-0.003968683071434498, -0.0062003969214856625, -0.9999728798866272, 1.503288745880127], [0.5536141395568848, -0.8327680826187134, 0.0029664563480764627, -1.1982078552246094], [0.0, 0.0, 0.0, 1.0]], [[0.9477032423019409, 0.3190709352493286, -0.007228319998830557, -1.13720703125], [0.004732890985906124, -0.036696381866931915, -0.9993152022361755, 1.5885839462280273], [-0.31911760568618774, 0.9470201730728149, -0.03628740832209587, -0.1054534912109375], [0.0, 0.0, 0.0, 1.0]], [[0.0021584206260740757, 0.9996423125267029, -0.026657825335860252, 0.00262451171875], [-0.02072121575474739, -0.0266074538230896, -0.9994311928749084, 1.57861328125], [-0.999782919883728, 0.002709559164941311, 0.020656373351812363, -0.03448486328125], [0.0, 0.0, 0.0, 1.0]], [[-0.9349194765090942, 0.3545377552509308, -0.015116235241293907, 1.0738525390625], [0.011910231783986092, -0.01122336182743311, -0.9998661279678345, 1.5522470474243164], [-0.35465994477272034, -0.9349743723869324, 0.006270312704145908, -0.0867919921875], [0.0, 0.0, 0.0, 1.0]]], "view": [[0.0, -2.0, 100.0], [-2.0, 0.0, 100.0], [0.0, 0.0, 1.0]], "bev": "bev_32888ef0e57e46edb73c311f4a34f25a.png", "aux": "aux_32888ef0e57e46edb73c311f4a34f25a.npz", "visibility": "visibility_32888ef0e57e46edb73c311f4a34f25a.png", "pose": [[-0.6364025473594666, 0.7713571190834045, 0.0, 136.00341796875], [-0.7713571190834045, -0.6364025473594666, 0.0, 1066.0665283203125], [0.0, 0.0, 1.0, 0.0], [0.0, 0.0, 0.0, 1.0]], "pose_inverse": [[-0.6364025473594666, -0.7713571190834045, 0.0, 908.8709106445312], [0.7713571190834045, -0.6364025473594666, 0.0, 573.5402221679688], [0.0, 0.0, 1.0, 0.0], [0.0, 0.0, 0.0, 1.0]], "cam_ids": [0, 1, 2, 3, 4, 5], "cam_channels": ["CAM_FRONT_LEFT", "CAM_FRONT", "CAM_FRONT_RIGHT", "CAM_BACK_LEFT", "CAM_BACK", "CAM_BACK_RIGHT"], "token": "32888ef0e57e46edb73c311f4a34f25a", "scene": "scene-0361"}, {"images": ["samples/CAM_FRONT_LEFT/n015-2018-08-03-15-00-36+0800__CAM_FRONT_LEFT__1533279661604844.jpg", "samples/CAM_FRONT/n015-2018-08-03-15-00-36+0800__CAM_FRONT__1533279661612460.jpg", "samples/CAM_FRONT_RIGHT/n015-2018-08-03-15-00-36+0800__CAM_FRONT_RIGHT__1533279661620339.jpg", "samples/CAM_BACK_LEFT/n015-2018-08-03-15-00-36+0800__CAM_BACK_LEFT__1533279661647423.jpg", "samples/CAM_BACK/n015-2018-08-03-15-00-36+0800__CAM_BACK__1533279661637525.jpg", "samples/CAM_BACK_RIGHT/n015-2018-08-03-15-00-36+0800__CAM_BACK_RIGHT__1533279661627893.jpg"], "intrinsics": [[[1272.5979470598488, 0.0, 826.6154927353808], [0.0, 1272.5979470598488, 479.75165386361925], [0.0, 0.0, 1.0]], [[1266.417203046554, 0.0, 816.2670197447984], [0.0, 1266.417203046554, 491.50706579294757], [0.0, 0.0, 1.0]], [[1260.8474446004698, 0.0, 807.968244525554], [0.0, 1260.8474446004698, 495.3344268742088], [0.0, 0.0, 1.0]], [[1256.7414812095406, 0.0, 792.1125740759628], [0.0, 1256.7414812095406, 492.7757465151356], [0.0, 0.0, 1.0]], [[809.2209905677063, 0.0, 829.2196003259838], [0.0, 809.2209905677063, 481.77842384512485], [0.0, 0.0, 1.0]], [[1259.5137405846733, 0.0, 807.2529053838625], [0.0, 1259.5137405846733, 501.19579884916527], [0.0, 0.0, 1.0]]], "extrinsics": [[[0.8208984732627869, -0.5710428953170776, 0.0059810117818415165, -0.852386474609375], [-0.005379047244787216, -0.01820456236600876, -0.999819815158844, 1.5075407028198242], [0.5710488557815552, 0.8207184076309204, -0.01801576092839241, -1.2034912109375], [0.0, 0.0, 0.0, 1.0]], [[0.005950474180281162, -0.9997342228889465, 0.022270873188972473, 0.00677490234375], [-0.010654330253601074, -0.022333389148116112, -0.9996938109397888, 1.5193557739257812], [0.9999255537986755, 0.005711439531296492, -0.010784393176436424, -1.57965087890625], [0.0, 0.0, 0.0, 1.0]], [[-0.8328313231468201, -0.5534820556640625, 0.007048561703413725, 0.959228515625], [-0.005011908244341612, -0.005193128250539303, -0.9999739527702332, 1.5032052993774414], [0.553504228591919, -0.8328449726104736, 0.0015509981894865632, -1.199136734008789], [0.0, 0.0, 0.0, 1.0]], [[0.9477132558822632, 0.31902578473091125, -0.007890633307397366, -1.1378173828125], [0.0037710187025368214, -0.035919759422540665, -0.9993475079536438, 1.5885705947875977], [-0.3191010057926178, 0.9470651149749756, -0.03524468094110489, -0.1050872802734375], [0.0, 0.0, 0.0, 1.0]], [[0.002199918497353792, 0.9996644854545593, -0.025808725506067276, 0.00262451171875], [-0.02169162966310978, -0.025755010545253754, -0.9994329214096069, 1.5785980224609375], [-0.9997623562812805, 0.002758622635155916, 0.02162768878042698, -0.03350830078125], [0.0, 0.0, 0.0, 1.0]], [[-0.9348969459533691, 0.35464972257614136, -0.013831725344061852, 1.0751953125], [0.010893781669437885, -0.010279472917318344, -0.9998878240585327, 1.5521674156188965], [-0.3547520637512207, -0.9349427819252014, 0.0057467687875032425, -0.08612060546875], [0.0, 0.0, 0.0, 1.0]]], "view": [[0.0, -2.0, 100.0], [-2.0, 0.0, 100.0], [0.0, 0.0, 1.0]], "bev": "bev_1abbc69e48074c28b58a7469e6164de9.png", "aux": "aux_1abbc69e48074c28b58a7469e6164de9.npz", "visibility": "visibility_1abbc69e48074c28b58a7469e6164de9.png", "pose": [[-0.6354243755340576, 0.7721631526947021, 0.0, 135.0150604248047], [-0.7721631526947021, -0.6354243755340576, 0.0, 1064.87060546875], [0.0, 0.0, 1.0, 0.0], [0.0, 0.0, 0.0, 1.0]], "pose_inverse": [[-0.6354243755340576, -0.7721631526947021, 0.0, 908.045654296875], [0.7721631526947021, -0.6354243755340576, 0.0, 572.3910522460938], [0.0, 0.0, 1.0, 0.0], [0.0, 0.0, 0.0, 1.0]], "cam_ids": [0, 1, 2, 3, 4, 5], "cam_channels": ["CAM_FRONT_LEFT", "CAM_FRONT", "CAM_FRONT_RIGHT", "CAM_BACK_LEFT", "CAM_BACK", "CAM_BACK_RIGHT"], "token": "1abbc69e48074c28b58a7469e6164de9", "scene": "scene-0361"}, {"images": ["samples/CAM_FRONT_LEFT/n015-2018-08-03-15-00-36+0800__CAM_FRONT_LEFT__1533279662104844.jpg", "samples/CAM_FRONT/n015-2018-08-03-15-00-36+0800__CAM_FRONT__1533279662112460.jpg", "samples/CAM_FRONT_RIGHT/n015-2018-08-03-15-00-36+0800__CAM_FRONT_RIGHT__1533279662120339.jpg", "samples/CAM_BACK_LEFT/n015-2018-08-03-15-00-36+0800__CAM_BACK_LEFT__1533279662147423.jpg", "samples/CAM_BACK/n015-2018-08-03-15-00-36+0800__CAM_BACK__1533279662137561.jpg", "samples/CAM_BACK_RIGHT/n015-2018-08-03-15-00-36+0800__CAM_BACK_RIGHT__1533279662127893.jpg"], "intrinsics": [[[1272.5979470598488, 0.0, 826.6154927353808], [0.0, 1272.5979470598488, 479.75165386361925], [0.0, 0.0, 1.0]], [[1266.417203046554, 0.0, 816.2670197447984], [0.0, 1266.417203046554, 491.50706579294757], [0.0, 0.0, 1.0]], [[1260.8474446004698, 0.0, 807.968244525554], [0.0, 1260.8474446004698, 495.3344268742088], [0.0, 0.0, 1.0]], [[1256.7414812095406, 0.0, 792.1125740759628], [0.0, 1256.7414812095406, 492.7757465151356], [0.0, 0.0, 1.0]], [[809.2209905677063, 0.0, 829.2196003259838], [0.0, 809.2209905677063, 481.77842384512485], [0.0, 0.0, 1.0]], [[1259.5137405846733, 0.0, 807.2529053838625], [0.0, 1259.5137405846733, 501.19579884916527], [0.0, 0.0, 1.0]]], "extrinsics": [[[0.820848822593689, -0.5710936784744263, 0.007693172432482243, -0.870147705078125], [-0.004425684455782175, -0.019829321652650833, -0.9997935891151428, 1.5077400207519531], [0.5711283683776855, 0.820645272731781, -0.018804356455802917, -1.21441650390625], [0.0, 0.0, 0.0, 1.0]], [[0.005874113645404577, -0.9996998906135559, 0.023783782497048378, 0.00579833984375], [-0.009745442308485508, -0.023840293288230896, -0.999668300151825, 1.5196037292480469], [0.9999352693557739, 0.005640376824885607, -0.009882558137178421, -1.59686279296875], [0.0, 0.0, 0.0, 1.0]], [[-0.8328565955162048, -0.5534433722496033, 0.007095975335687399, 0.97021484375], [-0.004147741012275219, -0.006579331122338772, -0.9999697208404541, 1.5033349990844727], [0.5534732341766357, -0.8328608274459839, 0.003184101777151227, -1.2071723937988281], [0.0, 0.0, 0.0, 1.0]], [[0.9477054476737976, 0.3190569281578064, -0.007553487550467253, -1.139404296875], [0.004438597708940506, -0.036842230707407, -0.9993112087249756, 1.588566780090332], [-0.31911540031433105, 0.9470191597938538, -0.03633175045251846, -0.1046600341796875], [0.0, 0.0, 0.0, 1.0]], [[0.0022209251765161753, 0.9996357560157776, -0.026895586401224136, 0.0028076171875], [-0.020954888314008713, -0.026843227446079254, -0.9994199872016907, 1.5787391662597656], [-0.9997779130935669, 0.0027832090854644775, 0.02088763937354088, -0.02783203125], [0.0, 0.0, 0.0, 1.0]], [[-0.9348783493041992, 0.354649156332016, -0.015049035660922527, 1.0848388671875], [0.011714039370417595, -0.011548875831067562, -0.9998646974563599, 1.5520944595336914], [-0.35477501153945923, -0.9349281191825867, 0.00664241798222065, -0.0830078125], [0.0, 0.0, 0.0, 1.0]]], "view": [[0.0, -2.0, 100.0], [-2.0, 0.0, 100.0], [0.0, 0.0, 1.0]], "bev": "bev_ef4e679934dd4eaa88cbff855bc8370a.png", "aux": "aux_ef4e679934dd4eaa88cbff855bc8370a.npz", "visibility": "visibility_ef4e679934dd4eaa88cbff855bc8370a.png", "pose": [[-0.6355873346328735, 0.7720289826393127, 0.0, 134.0975341796875], [-0.7720289826393127, -0.6355873346328735, 0.0, 1063.7734375], [0.0, 0.0, 1.0, 0.0], [0.0, 0.0, 0.0, 1.0]], "pose_inverse": [[-0.6355873346328735, -0.7720289826393127, 0.0, 906.4945678710938], [0.7720289826393127, -0.6355873346328735, 0.0, 572.59375], [0.0, 0.0, 1.0, 0.0], [0.0, 0.0, 0.0, 1.0]], "cam_ids": [0, 1, 2, 3, 4, 5], "cam_channels": ["CAM_FRONT_LEFT", "CAM_FRONT", "CAM_FRONT_RIGHT", "CAM_BACK_LEFT", "CAM_BACK", "CAM_BACK_RIGHT"], "token": "ef4e679934dd4eaa88cbff855bc8370a", "scene": "scene-0361"}, {"images": ["samples/CAM_FRONT_LEFT/n015-2018-08-03-15-00-36+0800__CAM_FRONT_LEFT__1533279662604844.jpg", "samples/CAM_FRONT/n015-2018-08-03-15-00-36+0800__CAM_FRONT__1533279662612460.jpg", "samples/CAM_FRONT_RIGHT/n015-2018-08-03-15-00-36+0800__CAM_FRONT_RIGHT__1533279662620339.jpg", "samples/CAM_BACK_LEFT/n015-2018-08-03-15-00-36+0800__CAM_BACK_LEFT__1533279662647423.jpg", "samples/CAM_BACK/n015-2018-08-03-15-00-36+0800__CAM_BACK__1533279662637525.jpg", "samples/CAM_BACK_RIGHT/n015-2018-08-03-15-00-36+0800__CAM_BACK_RIGHT__1533279662627893.jpg"], "intrinsics": [[[1272.5979470598488, 0.0, 826.6154927353808], [0.0, 1272.5979470598488, 479.75165386361925], [0.0, 0.0, 1.0]], [[1266.417203046554, 0.0, 816.2670197447984], [0.0, 1266.417203046554, 491.50706579294757], [0.0, 0.0, 1.0]], [[1260.8474446004698, 0.0, 807.968244525554], [0.0, 1260.8474446004698, 495.3344268742088], [0.0, 0.0, 1.0]], [[1256.7414812095406, 0.0, 792.1125740759628], [0.0, 1256.7414812095406, 492.7757465151356], [0.0, 0.0, 1.0]], [[809.2209905677063, 0.0, 829.2196003259838], [0.0, 809.2209905677063, 481.77842384512485], [0.0, 0.0, 1.0]], [[1259.5137405846733, 0.0, 807.2529053838625], [0.0, 1259.5137405846733, 501.19579884916527], [0.0, 0.0, 1.0]]], "extrinsics": [[[0.8208801746368408, -0.5710263848304749, 0.00919253844767809, -0.86883544921875], [-0.006906160153448582, -0.02602040395140648, -0.9996375441551208, 1.5074462890625], [0.5710586309432983, 0.8205192685127258, -0.025303233414888382, -1.2137451171875], [0.0, 0.0, 0.0, 1.0]], [[0.005963129922747612, -0.9995329976081848, 0.029969971626996994, 0.00579833984375], [-0.012257024645805359, -0.03004131093621254, -0.999473512172699, 1.51934814453125], [0.9999070763587952, 0.005592650733888149, -0.012430439703166485, -1.59539794921875], [0.0, 0.0, 0.0, 1.0]], [[-0.8328177332878113, -0.5534025430679321, 0.012655606493353844, 0.96875], [-0.006693296600133181, -0.012793565168976784, -0.9998957514762878, 1.5031347274780273], [0.5535066723823547, -0.8328156471252441, 0.006950621027499437, -1.2062454223632812], [0.0, 0.0, 0.0, 1.0]], [[0.9476625919342041, 0.3190496861934662, -0.011953593231737614, -1.13525390625], [0.0018694830359891057, -0.042984407395124435, -0.9990739822387695, 1.5885696411132812], [-0.3192681074142456, 0.94676274061203, -0.041331175714731216, -0.1060333251953125], [0.0, 0.0, 0.0, 1.0]], [[0.0020960334222763777, 0.9994500875473022, -0.033094070851802826, 0.0028076171875], [-0.02353750541806221, -0.03303566947579384, -0.9991769790649414, 1.5786094665527344], [-0.9997207522392273, 0.00287327216938138, 0.023455316200852394, -0.030029296875], [0.0, 0.0, 0.0, 1.0]], [[-0.9349287152290344, 0.3545251190662384, -0.014843102544546127, 1.08306884765625], [0.009137517772614956, -0.01776239648461342, -0.9998005032539368, 1.5519722700119019], [-0.35471802949905396, -0.9348778128623962, 0.013367095030844212, -0.08367919921875], [0.0, 0.0, 0.0, 1.0]]], "view": [[0.0, -2.0, 100.0], [-2.0, 0.0, 100.0], [0.0, 0.0, 1.0]], "bev": "bev_8a928b999a734cba8ca1e8cf73613074.png", "aux": "aux_8a928b999a734cba8ca1e8cf73613074.npz", "visibility": "visibility_8a928b999a734cba8ca1e8cf73613074.png", "pose": [[-0.6348941326141357, 0.7725991606712341, 0.0, 133.22039794921875], [-0.7725991606712341, -0.6348941326141357, 0.0, 1062.71142578125], [0.0, 0.0, 1.0, 0.0], [0.0, 0.0, 0.0, 1.0]], "pose_inverse": [[-0.6348941326141357, -0.7725991606712341, 0.0, 905.6307983398438], [0.7725991606712341, -0.6348941326141357, 0.0, 571.7832641601562], [0.0, 0.0, 1.0, 0.0], [0.0, 0.0, 0.0, 1.0]], "cam_ids": [0, 1, 2, 3, 4, 5], "cam_channels": ["CAM_FRONT_LEFT", "CAM_FRONT", "CAM_FRONT_RIGHT", "CAM_BACK_LEFT", "CAM_BACK", "CAM_BACK_RIGHT"], "token": "8a928b999a734cba8ca1e8cf73613074", "scene": "scene-0361"}, {"images": ["samples/CAM_FRONT_LEFT/n015-2018-08-03-15-00-36+0800__CAM_FRONT_LEFT__1533279663104844.jpg", "samples/CAM_FRONT/n015-2018-08-03-15-00-36+0800__CAM_FRONT__1533279663112460.jpg", "samples/CAM_FRONT_RIGHT/n015-2018-08-03-15-00-36+0800__CAM_FRONT_RIGHT__1533279663120339.jpg", "samples/CAM_BACK_LEFT/n015-2018-08-03-15-00-36+0800__CAM_BACK_LEFT__1533279663147423.jpg", "samples/CAM_BACK/n015-2018-08-03-15-00-36+0800__CAM_BACK__1533279663137525.jpg", "samples/CAM_BACK_RIGHT/n015-2018-08-03-15-00-36+0800__CAM_BACK_RIGHT__1533279663127893.jpg"], "intrinsics": [[[1272.5979470598488, 0.0, 826.6154927353808], [0.0, 1272.5979470598488, 479.75165386361925], [0.0, 0.0, 1.0]], [[1266.417203046554, 0.0, 816.2670197447984], [0.0, 1266.417203046554, 491.50706579294757], [0.0, 0.0, 1.0]], [[1260.8474446004698, 0.0, 807.968244525554], [0.0, 1260.8474446004698, 495.3344268742088], [0.0, 0.0, 1.0]], [[1256.7414812095406, 0.0, 792.1125740759628], [0.0, 1256.7414812095406, 492.7757465151356], [0.0, 0.0, 1.0]], [[809.2209905677063, 0.0, 829.2196003259838], [0.0, 809.2209905677063, 481.77842384512485], [0.0, 0.0, 1.0]], [[1259.5137405846733, 0.0, 807.2529053838625], [0.0, 1259.5137405846733, 501.19579884916527], [0.0, 0.0, 1.0]]], "extrinsics": [[[0.8207919001579285, -0.5711852312088013, 0.006929560098797083, -0.88671875], [-0.006879912689328194, -0.02201509103178978, -0.9997339844703674, 1.507598876953125], [0.5711857080459595, 0.8205259442329407, -0.021999511867761612, -1.22601318359375], [0.0, 0.0, 0.0, 1.0]], [[0.005828503053635359, -0.9996448755264282, 0.025998832657933235, 0.0057373046875], [-0.012117031961679459, -0.02606796659529209, -0.9995867609977722, 1.5195789337158203], [0.999909520149231, 0.005511091556400061, -0.012264667078852654, -1.61309814453125], [0.0, 0.0, 0.0, 1.0]], [[-0.8328795433044434, -0.5533592104911804, 0.01025721337646246, 0.9803466796875], [-0.006433048285543919, -0.00885255727916956, -0.9999400973320007, 1.5032453536987305], [0.5534168481826782, -0.8328956961631775, 0.0038133286871016026, -1.2139396667480469], [0.0, 0.0, 0.0, 1.0]], [[0.947704553604126, 0.31898364424705505, -0.010269688442349434, -1.1365966796875], [0.0023840516805648804, -0.03925318270921707, -0.999226450920105, 1.5885696411132812], [-0.31913992762565613, 0.9469470381736755, -0.03796089440584183, -0.1055450439453125], [0.0, 0.0, 0.0, 1.0]], [[0.0021875379607081413, 0.9995695352554321, -0.02925836108624935, 0.00274658203125], [-0.02306525409221649, -0.02920021116733551, -0.99930739402771, 1.5787429809570312], [-0.9997316002845764, 0.0028608592692762613, 0.022991448640823364, -0.02459716796875], [0.0, 0.0, 0.0, 1.0]], [[-0.934890866279602, 0.3546667993068695, -0.01380342897027731, 1.092529296875], [0.009506115689873695, -0.01385610830038786, -0.9998588562011719, 1.5518968105316162], [-0.3548080325126648, -0.9348901510238647, 0.009582444094121456, -0.080078125], [0.0, 0.0, 0.0, 1.0]]], "view": [[0.0, -2.0, 100.0], [-2.0, 0.0, 100.0], [0.0, 0.0, 1.0]], "bev": "bev_1c75075b1a6343f5a206430831b16df7.png", "aux": "aux_1c75075b1a6343f5a206430831b16df7.npz", "visibility": "visibility_1c75075b1a6343f5a206430831b16df7.png", "pose": [[-0.6348901987075806, 0.772602379322052, 0.0, 132.491455078125], [-0.772602379322052, -0.6348901987075806, 0.0, 1061.83349609375], [0.0, 0.0, 1.0, 0.0], [0.0, 0.0, 0.0, 1.0]], "pose_inverse": [[-0.6348901987075806, -0.772602379322052, 0.0, 904.4926147460938], [0.772602379322052, -0.6348901987075806, 0.0, 571.784423828125], [0.0, 0.0, 1.0, 0.0], [0.0, 0.0, 0.0, 1.0]], "cam_ids": [0, 1, 2, 3, 4, 5], "cam_channels": ["CAM_FRONT_LEFT", "CAM_FRONT", "CAM_FRONT_RIGHT", "CAM_BACK_LEFT", "CAM_BACK", "CAM_BACK_RIGHT"], "token": "1c75075b1a6343f5a206430831b16df7", "scene": "scene-0361"}, {"images": ["samples/CAM_FRONT_LEFT/n015-2018-08-03-15-00-36+0800__CAM_FRONT_LEFT__1533279663604844.jpg", "samples/CAM_FRONT/n015-2018-08-03-15-00-36+0800__CAM_FRONT__1533279663612460.jpg", "samples/CAM_FRONT_RIGHT/n015-2018-08-03-15-00-36+0800__CAM_FRONT_RIGHT__1533279663620339.jpg", "samples/CAM_BACK_LEFT/n015-2018-08-03-15-00-36+0800__CAM_BACK_LEFT__1533279663647423.jpg", "samples/CAM_BACK/n015-2018-08-03-15-00-36+0800__CAM_BACK__1533279663637525.jpg", "samples/CAM_BACK_RIGHT/n015-2018-08-03-15-00-36+0800__CAM_BACK_RIGHT__1533279663627893.jpg"], "intrinsics": [[[1272.5979470598488, 0.0, 826.6154927353808], [0.0, 1272.5979470598488, 479.75165386361925], [0.0, 0.0, 1.0]], [[1266.417203046554, 0.0, 816.2670197447984], [0.0, 1266.417203046554, 491.50706579294757], [0.0, 0.0, 1.0]], [[1260.8474446004698, 0.0, 807.968244525554], [0.0, 1260.8474446004698, 495.3344268742088], [0.0, 0.0, 1.0]], [[1256.7414812095406, 0.0, 792.1125740759628], [0.0, 1256.7414812095406, 492.7757465151356], [0.0, 0.0, 1.0]], [[809.2209905677063, 0.0, 829.2196003259838], [0.0, 809.2209905677063, 481.77842384512485], [0.0, 0.0, 1.0]], [[1259.5137405846733, 0.0, 807.2529053838625], [0.0, 1259.5137405846733, 501.19579884916527], [0.0, 0.0, 1.0]]], "extrinsics": [[[0.82090163230896, -0.571010947227478, 0.008185403421521187, -0.8927001953125], [-0.005903628654778004, -0.022818176075816154, -0.9997221827507019, 1.507730484008789], [0.5710389614105225, 0.8206252455711365, -0.022102514281868935, -1.2298583984375], [0.0, 0.0, 0.0, 1.0]], [[0.005973295774310827, -0.9996222257614136, 0.02682681754231453, 0.0054931640625], [-0.011165764182806015, -0.026892298832535744, -0.9995760321617126, 1.51971435546875], [0.9999197721481323, 0.005671230144798756, -0.011322183534502983, -1.61920166015625], [0.0, 0.0, 0.0, 1.0]], [[-0.8328149318695068, -0.5534618496894836, 0.009956874884665012, 0.984130859375], [-0.005510345567017794, -0.009697425179183483, -0.9999377727508545, 1.5033245086669922], [0.5535240173339844, -0.8328179717063904, 0.005026394501328468, -1.2167186737060547], [0.0, 0.0, 0.0, 1.0]], [[0.9476942420005798, 0.31903108954429626, -0.009737659245729446, -1.13671875], [0.003241626312956214, -0.0401272289454937, -0.9991893172264099, 1.5885772705078125], [-0.3191632330417633, 0.9468942880630493, -0.03906252235174179, -0.1055145263671875], [0.0, 0.0, 0.0, 1.0]], [[0.00214228103868663