[{"images": ["samples/CAM_FRONT_LEFT/n008-2018-07-27-12-07-38-0400__CAM_FRONT_LEFT__1532708666004799.jpg", "samples/CAM_FRONT/n008-2018-07-27-12-07-38-0400__CAM_FRONT__1532708666012404.jpg", "samples/CAM_FRONT_RIGHT/n008-2018-07-27-12-07-38-0400__CAM_FRONT_RIGHT__1532708666020482.jpg", "samples/CAM_BACK_LEFT/n008-2018-07-27-12-07-38-0400__CAM_BACK_LEFT__1532708666047405.jpg", "samples/CAM_BACK/n008-2018-07-27-12-07-38-0400__CAM_BACK__1532708666037558.jpg", "samples/CAM_BACK_RIGHT/n008-2018-07-27-12-07-38-0400__CAM_BACK_RIGHT__1532708666028113.jpg"], "intrinsics": [[[1257.8625342125129, 0.0, 827.2410631095686], [0.0, 1257.8625342125129, 450.915498205774], [0.0, 0.0, 1.0]], [[1252.8131021185304, 0.0, 826.588114781398], [0.0, 1252.8131021185304, 469.9846626224581], [0.0, 0.0, 1.0]], [[1256.7485116440405, 0.0, 817.7887570959712], [0.0, 1256.7485116440403, 451.9541780095127], [0.0, 0.0, 1.0]], [[1254.9860565800168, 0.0, 829.5769333630991], [0.0, 1254.9860565800168, 467.1680561863987], [0.0, 0.0, 1.0]], [[796.8910634503094, 0.0, 857.7774326863696], [0.0, 796.8910634503094, 476.8848988407415], [0.0, 0.0, 1.0]], [[1249.9629280788233, 0.0, 825.3768045375984], [0.0, 1249.9629280788233, 462.54816385708756], [0.0, 0.0, 1.0]]], "extrinsics": [[[0.8222445845603943, -0.5684313178062439, -0.0282786525785923, -1.0050048828125], [0.01820557564496994, 0.07593134045600891, -0.9969468116760254, 1.4882965087890625], [0.5688430666923523, 0.8192192912101746, 0.07278274744749069, -1.3333740234375], [0.0, 0.0, 0.0, 1.0]], [[0.009889950975775719, -0.9973818063735962, -0.07163500040769577, 0.00537109375], [0.020182542502880096, 0.07182300835847855, -0.9972131848335266, 1.4801559448242188], [0.9997473359107971, 0.00841658003628254, 0.020840030163526535, -1.7347412109375], [0.0, 0.0, 0.0, 1.0]], [[-0.8440098762512207, -0.533223032951355, -0.05762387812137604, 1.090667724609375], [0.028224265202879906, 0.06313372403383255, -0.9976058602333069, 1.493072509765625], [0.5355844497680664, -0.8436156511306763, -0.03823566064238548, -1.2777099609375], [0.0, 0.0, 0.0, 1.0]], [[0.9480075240135193, 0.3170475959777832, 0.027614038437604904, -1.144012451171875], [0.002857098588719964, 0.07828672975301743, -0.9969267845153809, 1.562042236328125], [-0.3182350695133209, 0.9451729655265808, 0.07331056892871857, -0.15625], [0.0, 0.0, 0.0, 1.0]], [[0.009599653072655201, 0.9974425435066223, 0.07082512229681015, -0.02880859375], [0.004960974212735891, 0.07078000158071518, -0.9974795579910278, 1.5680618286132812], [-0.9999415874481201, 0.009926821105182171, -0.004268827848136425, 0.044342041015625], [0.0, 0.0, 0.0, 1.0]], [[-0.9234516620635986, 0.38358402252197266, 0.010013710707426071, 1.160888671875], [0.009155863896012306, 0.04811641573905945, -0.998799741268158, 1.5478134155273438], [-0.3836054503917694, -0.9222516417503357, -0.047945231199264526, -0.0438232421875], [0.0, 0.0, 0.0, 1.0]]], "view": [[0.0, -2.0, 100.0], [-2.0, 0.0, 100.0], [0.0, 0.0, 1.0]], "bev": "bev_e54e2b3abe2d4c30afe08e1c49c46a16.png", "aux": "aux_e54e2b3abe2d4c30afe08e1c49c46a16.npz", "visibility": "visibility_e54e2b3abe2d4c30afe08e1c49c46a16.png", "pose": [[0.722943902015686, 0.6909067034721375, 0.0, 782.475341796875], [-0.6909067034721375, 0.722943902015686, 0.0, 1489.139404296875], [0.0, 0.0, 1.0, 0.0], [0.0, 0.0, 0.0, 1.0]], "pose_inverse": [[0.722943902015686, -0.6909067034721375, 0.0, 463.170654296875], [0.6909067034721375, 0.722943902015686, 0.0, -1617.1817626953125], [0.0, 0.0, 1.0, 0.0], [0.0, 0.0, 0.0, 1.0]], "cam_ids": [0, 1, 2, 3, 4, 5], "cam_channels": ["CAM_FRONT_LEFT", "CAM_FRONT", "CAM_FRONT_RIGHT", "CAM_BACK_LEFT", "CAM_BACK", "CAM_BACK_RIGHT"], "token": "e54e2b3abe2d4c30afe08e1c49c46a16", "scene": "scene-0239"}, {"images": ["samples/CAM_FRONT_LEFT/n008-2018-07-27-12-07-38-0400__CAM_FRONT_LEFT__1532708666504799.jpg", "samples/CAM_FRONT/n008-2018-07-27-12-07-38-0400__CAM_FRONT__1532708666512409.jpg", "samples/CAM_FRONT_RIGHT/n008-2018-07-27-12-07-38-0400__CAM_FRONT_RIGHT__1532708666520482.jpg", "samples/CAM_BACK_LEFT/n008-2018-07-27-12-07-38-0400__CAM_BACK_LEFT__1532708666547418.jpg", "samples/CAM_BACK/n008-2018-07-27-12-07-38-0400__CAM_BACK__1532708666537558.jpg", "samples/CAM_BACK_RIGHT/n008-2018-07-27-12-07-38-0400__CAM_BACK_RIGHT__1532708666528113.jpg"], "intrinsics": [[[1257.8625342125129, 0.0, 827.2410631095686], [0.0, 1257.8625342125129, 450.915498205774], [0.0, 0.0, 1.0]], [[1252.8131021185304, 0.0, 826.588114781398], [0.0, 1252.8131021185304, 469.9846626224581], [0.0, 0.0, 1.0]], [[1256.7485116440405, 0.0, 817.7887570959712], [0.0, 1256.7485116440403, 451.9541780095127], [0.0, 0.0, 1.0]], [[1254.9860565800168, 0.0, 829.5769333630991], [0.0, 1254.9860565800168, 467.1680561863987], [0.0, 0.0, 1.0]], [[796.8910634503094, 0.0, 857.7774326863696], [0.0, 796.8910634503094, 476.8848988407415], [0.0, 0.0, 1.0]], [[1249.9629280788233, 0.0, 825.3768045375984], [0.0, 1249.9629280788233, 462.54816385708756], [0.0, 0.0, 1.0]]], "extrinsics": [[[0.8222430348396301, -0.568444550037384, -0.028057169169187546, -1.0050048828125], [0.01825738325715065, 0.07561714947223663, -0.9969696998596191, 1.4882965087890625], [0.5688436031341553, 0.8192391991615295, 0.07255398482084274, -1.3333740234375], [0.0, 0.0, 0.0, 1.0]], [[0.009890442714095116, -0.9974052906036377, -0.07130827754735947, 0.00537109375], [0.02022945135831833, 0.07149676233530045, -0.9972357153892517, 1.4801712036132812], [0.9997464418411255, 0.0084205511957407, 0.02088409662246704, -1.734710693359375], [0.0, 0.0, 0.0, 1.0]], [[-0.844007670879364, -0.5332423448562622, -0.057477883994579315, 1.090667724609375], [0.02826596423983574, 0.06279461830854416, -0.9976261258125305, 1.4930648803710938], [0.5355857610702515, -0.8436287641525269, -0.037926532328128815, -1.27734375], [0.0, 0.0, 0.0, 1.0]], [[0.9480032920837402, 0.3170665204524994, 0.027541102841496468, -1.1439132690429688], [0.00289721367880702, 0.07793522626161575, -0.9969542026519775, 1.562042236328125], [-0.3182472288608551, 0.945195734500885, 0.07296423614025116, -0.156005859375], [0.0, 0.0, 0.0, 1.0]], [[0.009591037407517433, 0.9974675178527832, 0.07047390192747116, -0.02880859375], [0.0050225649029016495, 0.07042819261550903, -0.9975041747093201, 1.56805419921875], [-0.9999414682388306, 0.009921075776219368, -0.004334368743002415, 0.0443115234375], [0.0, 0.0, 0.0, 1.0]], [[-0.9234527945518494, 0.38358578085899353, 0.009835121221840382, 1.16064453125], [0.009207287803292274, 0.04777541384100914, -0.998815655708313, 1.5478134155273438], [-0.3836013674736023, -0.9222686290740967, -0.047650132328271866, -0.0435791015625], [0.0, 0.0, 0.0, 1.0]]], "view": [[0.0, -2.0, 100.0], [-2.0, 0.0, 100.0], [0.0, 0.0, 1.0]], "bev": "bev_fcc916bec48641ecab32fcc89be31cec.png", "aux": "aux_fcc916bec48641ecab32fcc89be31cec.npz", "visibility": "visibility_fcc916bec48641ecab32fcc89be31cec.png", "pose": [[0.7229203581809998, 0.6909313797950745, 0.0, 782.475341796875], [-0.6909313797950745, 0.7229203581809998, 0.0, 1489.139404296875], [0.0, 0.0, 1.0, 0.0], [0.0, 0.0, 0.0, 1.0]], "pose_inverse": [[0.7229203581809998, -0.6909313797950745, 0.0, 463.225830078125], [0.6909313797950745, 0.7229203581809998, 0.0, -1617.1658935546875], [0.0, 0.0, 1.0, 0.0], [0.0, 0.0, 0.0, 1.0]], "cam_ids": [0, 1, 2, 3, 4, 5], "cam_channels": ["CAM_FRONT_LEFT", "CAM_FRONT", "CAM_FRONT_RIGHT", "CAM_BACK_LEFT", "CAM_BACK", "CAM_BACK_RIGHT"], "token": "fcc916bec48641ecab32fcc89be31cec", "scene": "scene-0239"}, {"images": ["samples/CAM_FRONT_LEFT/n008-2018-07-27-12-07-38-0400__CAM_FRONT_LEFT__1532708666904799.jpg", "samples/CAM_FRONT/n008-2018-07-27-12-07-38-0400__CAM_FRONT__1532708666912404.jpg", "samples/CAM_FRONT_RIGHT/n008-2018-07-27-12-07-38-0400__CAM_FRONT_RIGHT__1532708666920482.jpg", "samples/CAM_BACK_LEFT/n008-2018-07-27-12-07-38-0400__CAM_BACK_LEFT__1532708666947405.jpg", "samples/CAM_BACK/n008-2018-07-27-12-07-38-0400__CAM_BACK__1532708666937558.jpg", "samples/CAM_BACK_RIGHT/n008-2018-07-27-12-07-38-0400__CAM_BACK_RIGHT__1532708666929925.jpg"], "intrinsics": [[[1257.8625342125129, 0.0, 827.2410631095686], [0.0, 1257.8625342125129, 450.915498205774], [0.0, 0.0, 1.0]], [[1252.8131021185304, 0.0, 826.588114781398], [0.0, 1252.8131021185304, 469.9846626224581], [0.0, 0.0, 1.0]], [[1256.7485116440405, 0.0, 817.7887570959712], [0.0, 1256.7485116440403, 451.9541780095127], [0.0, 0.0, 1.0]], [[1254.9860565800168, 0.0, 829.5769333630991], [0.0, 1254.9860565800168, 467.1680561863987], [0.0, 0.0, 1.0]], [[796.8910634503094, 0.0, 857.7774326863696], [0.0, 796.8910634503094, 476.8848988407415], [0.0, 0.0, 1.0]], [[1249.9629280788233, 0.0, 825.3768045375984], [0.0, 1249.9629280788233, 462.54816385708756], [0.0, 0.0, 1.0]]], "extrinsics": [[[0.8222507238388062, -0.5684413909912109, -0.027896976098418236, -1.0050048828125], [0.018437573686242104, 0.07559742033481598, -0.9969679117202759, 1.488311767578125], [0.5688267946243286, 0.8192432522773743, 0.07264070212841034, -1.3333740234375], [0.0, 0.0, 0.0, 1.0]], [[0.009905636310577393, -0.9974061250686646, -0.07129435241222382, 0.00537109375], [0.02040018141269684, 0.07148458063602448, -0.9972330927848816, 1.48016357421875], [0.9997427463531494, 0.008423741906881332, 0.02105536311864853, -1.73480224609375], [0.0, 0.0, 0.0, 1.0]], [[-0.8439977169036865, -0.5332435965538025, -0.057611674070358276, 1.090667724609375], [0.028426680713891983, 0.06279046833515167, -0.9976218342781067, 1.4930801391601562], [0.5355929136276245, -0.8436282873153687, -0.037836670875549316, -1.2774658203125], [0.0, 0.0, 0.0, 1.0]], [[0.9479997158050537, 0.31706395745277405, 0.027695374563336372, -1.1438980102539062], [0.003054138505831361, 0.07795161008834839, -0.996952474117279, 1.562042236328125], [-0.3182566463947296, 0.945195198059082, 0.072929747402668, -0.1561279296875], [0.0, 0.0, 0.0, 1.0]], [[0.009582317434251308, 0.9974660873413086, 0.07049550861120224, -0.02880859375], [0.0051721264608204365, 0.0704483613371849, -0.9975019693374634, 1.5680618286132812], [-0.999940812587738, 0.009922937490046024, -0.0044839647598564625, 0.0443115234375], [0.0, 0.0, 0.0, 1.0]], [[-0.9234541654586792, 0.38358619809150696, 0.009693422354757786, 1.16064453125], [0.009358057752251625, 0.04776935651898384, -0.9988145232200623, 1.5478134155273438], [-0.3835945427417755, -0.922268807888031, -0.04770243912935257, -0.0438232421875], [0.0, 0.0, 0.0, 1.0]]], "view": [[0.0, -2.0, 100.0], [-2.0, 0.0, 100.0], [0.0, 0.0, 1.0]], "bev": "bev_7b350fa34b0e4a4d95008e1dcdcee7df.png", "aux": "aux_7b350fa34b0e4a4d95008e1dcdcee7df.npz", "visibility": "visibility_7b350fa34b0e4a4d95008e1dcdcee7df.png", "pose": [[0.7229150533676147, 0.6909369230270386, 0.0, 782.475341796875], [-0.6909369230270386, 0.7229150533676147, 0.0, 1489.139404296875], [0.0, 0.0, 1.0, 0.0], [0.0, 0.0, 0.0, 1.0]], "pose_inverse": [[0.7229150533676147, -0.6909369230270386, 0.0, 463.2381591796875], [0.6909369230270386, 0.7229150533676147, 0.0, -1617.162353515625], [0.0, 0.0, 1.0, 0.0], [0.0, 0.0, 0.0, 1.0]], "cam_ids": [0, 1, 2, 3, 4, 5], "cam_channels": ["CAM_FRONT_LEFT", "CAM_FRONT", "CAM_FRONT_RIGHT", "CAM_BACK_LEFT", "CAM_BACK", "CAM_BACK_RIGHT"], "token": "7b350fa34b0e4a4d95008e1dcdcee7df", "scene": "scene-0239"}, {"images": ["samples/CAM_FRONT_LEFT/n008-2018-07-27-12-07-38-0400__CAM_FRONT_LEFT__1532708667404799.jpg", "samples/CAM_FRONT/n008-2018-07-27-12-07-38-0400__CAM_FRONT__1532708667412404.jpg", "samples/CAM_FRONT_RIGHT/n008-2018-07-27-12-07-38-0400__CAM_FRONT_RIGHT__1532708667420482.jpg", "samples/CAM_BACK_LEFT/n008-2018-07-27-12-07-38-0400__CAM_BACK_LEFT__1532708667447405.jpg", "samples/CAM_BACK/n008-2018-07-27-12-07-38-0400__CAM_BACK__1532708667437558.jpg", "samples/CAM_BACK_RIGHT/n008-2018-07-27-12-07-38-0400__CAM_BACK_RIGHT__1532708667428113.jpg"], "intrinsics": [[[1257.8625342125129, 0.0, 827.2410631095686], [0.0, 1257.8625342125129, 450.915498205774], [0.0, 0.0, 1.0]], [[1252.8131021185304, 0.0, 826.588114781398], [0.0, 1252.8131021185304, 469.9846626224581], [0.0, 0.0, 1.0]], [[1256.7485116440405, 0.0, 817.7887570959712], [0.0, 1256.7485116440403, 451.9541780095127], [0.0, 0.0, 1.0]], [[1254.9860565800168, 0.0, 829.5769333630991], [0.0, 1254.9860565800168, 467.1680561863987], [0.0, 0.0, 1.0]], [[796.8910634503094, 0.0, 857.7774326863696], [0.0, 796.8910634503094, 476.8848988407415], [0.0, 0.0, 1.0]], [[1249.9629280788233, 0.0, 825.3768045375984], [0.0, 1249.9629280788233, 462.54816385708756], [0.0, 0.0, 1.0]]], "extrinsics": [[[0.8222376108169556, -0.5684593319892883, -0.027915064245462418, -1.0048828125], [0.018389878794550896, 0.07555752992630005, -0.9969717860221863, 1.4883041381835938], [0.5688471794128418, 0.8192344307899475, 0.07258014380931854, -1.3333740234375], [0.0, 0.0, 0.0, 1.0]], [[0.009883611463010311, -0.9974095821380615, -0.07124948501586914, 0.0052490234375], [0.020334165543317795, 0.07143870741128922, -0.9972377419471741, 1.48016357421875], [0.9997443556785583, 0.00840750988572836, 0.020987562835216522, -1.73468017578125], [0.0, 0.0, 0.0, 1.0]], [[-0.8440101146697998, -0.5332350134849548, -0.05751083046197891, 1.09063720703125], [0.028341146185994148, 0.06273815035820007, -0.9976275563240051, 1.4930801391601562], [0.5355780720710754, -0.8436376452445984, -0.0378391370177269, -1.277587890625], [0.0, 0.0, 0.0, 1.0]], [[0.9480027556419373, 0.31706809997558594, 0.02754569798707962, -1.14385986328125], [0.0029418603517115116, 0.07781662046909332, -0.9969633221626282, 1.5620346069335938], [-0.3182487487792969, 0.9452049136161804, 0.07283759117126465, -0.15625], [0.0, 0.0, 0.0, 1.0]], [[0.009590000845491886, 0.9974721074104309, 0.07040891796350479, -0.02880859375], [0.005085780285298824, 0.07036259025335312, -0.9975084662437439, 1.5680618286132812], [-0.9999410510063171, 0.009924129582941532, -0.004398149438202381, 0.044281005859375], [0.0, 0.0, 0.0, 1.0]], [[-0.9234501123428345, 0.38359424471855164, 0.009753157384693623, 1.1605224609375], [0.009270316921174526, 0.04771267622709274, -0.998818039894104, 1.5478134155273438], [-0.3836061656475067, -0.9222683906555176, -0.04761631786823273, -0.0438232421875], [0.0, 0.0, 0.0, 1.0]]], "view": [[0.0, -2.0, 100.0], [-2.0, 0.0, 100.0], [0.0, 0.0, 1.0]], "bev": "bev_9b628da4cb5d4ea1a1e98787600d26fc.png", "aux": "aux_9b628da4cb5d4ea1a1e98787600d26fc.npz", "visibility": "visibility_9b628da4cb5d4ea1a1e98787600d26fc.png", "pose": [[0.7229512333869934, 0.6908990740776062, 0.0, 782.475341796875], [-0.6908990740776062, 0.7229512333869934, 0.0, 1489.139404296875], [0.0, 0.0, 1.0, 0.0], [0.0, 0.0, 0.0, 1.0]], "pose_inverse": [[0.7229512333869934, -0.6908990740776062, 0.0, 463.153564453125], [0.6908990740776062, 0.7229512333869934, 0.0, -1617.1866455078125], [0.0, 0.0, 1.0, 0.0], [0.0, 0.0, 0.0, 1.0]], "cam_ids": [0, 1, 2, 3, 4, 5], "cam_channels": ["CAM_FRONT_LEFT", "CAM_FRONT", "CAM_FRONT_RIGHT", "CAM_BACK_LEFT", "CAM_BACK", "CAM_BACK_RIGHT"], "token": "9b628da4cb5d4ea1a1e98787600d26fc", "scene": "scene-0239"}, {"images": ["samples/CAM_FRONT_LEFT/n008-2018-07-27-12-07-38-0400__CAM_FRONT_LEFT__1532708667904799.jpg", "samples/CAM_FRONT/n008-2018-07-27-12-07-38-0400__CAM_FRONT__1532708667912404.jpg", "samples/CAM_FRONT_RIGHT/n008-2018-07-27-12-07-38-0400__CAM_FRONT_RIGHT__1532708667920482.jpg", "samples/CAM_BACK_LEFT/n008-2018-07-27-12-07-38-0400__CAM_BACK_LEFT__1532708667947405.jpg", "samples/CAM_BACK/n008-2018-07-27-12-07-38-0400__CAM_BACK__1532708667937558.jpg", "samples/CAM_BACK_RIGHT/n008-2018-07-27-12-07-38-0400__CAM_BACK_RIGHT__1532708667928113.jpg"], "intrinsics": [[[1257.8625342125129, 0.0, 827.2410631095686], [0.0, 1257.8625342125129, 450.915498205774], [0.0, 0.0, 1.0]], [[1252.8131021185304, 0.0, 826.588114781398], [0.0, 1252.8131021185304, 469.9846626224581], [0.0, 0.0, 1.0]], [[1256.7485116440405, 0.0, 817.7887570959712], [0.0, 1256.7485116440403, 451.9541780095127], [0.0, 0.0, 1.0]], [[1254.9860565800168, 0.0, 829.5769333630991], [0.0, 1254.9860565800168, 467.1680561863987], [0.0, 0.0, 1.0]], [[796.8910634503094, 0.0, 857.7774326863696], [0.0, 796.8910634503094, 476.8848988407415], [0.0, 0.0, 1.0]], [[1249.9629280788233, 0.0, 825.3768045375984], [0.0, 1249.9629280788233, 462.54816385708756], [0.0, 0.0, 1.0]]], "extrinsics": [[[0.8222916722297668, -0.5684483647346497, -0.02651134319603443, -1.0050048828125], [0.018223116174340248, 0.07286707311868668, -0.9971751570701599, 1.4882888793945312], [0.568774402141571, 0.8194857835769653, 0.0702768936753273, -1.3333740234375], [0.0, 0.0, 0.0, 1.0]], [[0.009975734166800976, -0.9976020455360413, -0.06848926097154617, 0.0052490234375], [0.020197823643684387, 0.06867971271276474, -0.9974342584609985, 1.48016357421875], [0.9997461438179016, 0.008566764183342457, 0.02083451673388481, -1.734710693359375], [0.0, 0.0, 0.0, 1.0]], [[-0.8439621925354004, -0.5334805846214294, -0.05591319873929024, 1.090606689453125], [0.028237542137503624, 0.05990662798285484, -0.9978045225143433, 1.493072509765625], [0.5356588363647461, -0.8436881303787231, -0.03549475222826004, -1.277587890625], [0.0, 0.0, 0.0, 1.0]], [[0.9479839205741882, 0.3172019124031067, 0.026638438925147057, -1.1438674926757812], [0.0029094256460666656, 0.07504720985889435, -0.9971756935119629, 1.562042236328125], [-0.31830519437789917, 0.9453839659690857, 0.07022067159414291, -0.156005859375], [0.0, 0.0, 0.0, 1.0]], [[0.009517191909253597, 0.9976711869239807, 0.0675404816865921, -0.02880859375], [0.0050074318423867226, 0.06749513745307922, -0.9977070093154907, 1.5680618286132812], [-0.9999422430992126, 0.009833507239818573, -0.004353409633040428, 0.04425048828125], [0.0, 0.0, 0.0, 1.0]], [[-0.9234840273857117, 0.3835376799106598, 0.008723599836230278, 1.1605224609375], [0.009180479682981968, 0.044826071709394455, -0.9989525675773621, 1.547821044921875], [-0.3835270404815674, -0.9224367141723633, -0.04491721838712692, -0.043701171875], [0.0, 0.0, 0.0, 1.0]]], "view": [[0.0, -2.0, 100.0], [-2.0, 0.0, 100.0], [0.0, 0.0, 1.0]], "bev": "bev_12ce09b5190048678bcd70e83943907f.png", "aux": "aux_12ce09b5190048678bcd70e83943907f.npz", "visibility": "visibility_12ce09b5190048678bcd70e83943907f.png", "pose": [[0.7228696346282959, 0.6909844279289246, 0.0, 782.475341796875], [-0.6909844279289246, 0.7228696346282959, 0.0, 1489.139404296875], [0.0, 0.0, 1.0, 0.0], [0.0, 0.0, 0.0, 1.0]], "pose_inverse": [[0.7228696346282959, -0.6909844279289246, 0.0, 463.3445129394531], [0.6909844279289246, 0.7228696346282959, 0.0, -1617.1319580078125], [0.0, 0.0, 1.0, 0.0], [0.0, 0.0, 0.0, 1.0]], "cam_ids": [0, 1, 2, 3, 4, 5], "cam_channels": ["CAM_FRONT_LEFT", "CAM_FRONT", "CAM_FRONT_RIGHT", "CAM_BACK_LEFT", "CAM_BACK", "CAM_BACK_RIGHT"], "token": "12ce09b5190048678bcd70e83943907f", "scene": "scene-0239"}, {"images": ["samples/CAM_FRONT_LEFT/n008-2018-07-27-12-07-38-0400__CAM_FRONT_LEFT__1532708668404799.jpg", "samples/CAM_FRONT/n008-2018-07-27-12-07-38-0400__CAM_FRONT__1532708668412404.jpg", "samples/CAM_FRONT_RIGHT/n008-2018-07-27-12-07-38-0400__CAM_FRONT_RIGHT__1532708668420482.jpg", "samples/CAM_BACK_LEFT/n008-2018-07-27-12-07-38-0400__CAM_BACK_LEFT__1532708668447405.jpg", "samples/CAM_BACK/n008-2018-07-27-12-07-38-0400__CAM_BACK__1532708668437558.jpg", "samples/CAM_BACK_RIGHT/n008-2018-07-27-12-07-38-0400__CAM_BACK_RIGHT__1532708668428113.jpg"], "intrinsics": [[[1257.8625342125129, 0.0, 827.2410631095686], [0.0, 1257.8625342125129, 450.915498205774], [0.0, 0.0, 1.0]], [[1252.8131021185304, 0.0, 826.588114781398], [0.0, 1252.8131021185304, 469.9846626224581], [0.0, 0.0, 1.0]], [[1256.7485116440405, 0.0, 817.7887570959712], [0.0, 1256.7485116440403, 451.9541780095127], [0.0, 0.0, 1.0]], [[1254.9860565800168, 0.0, 829.5769333630991], [0.0, 1254.9860565800168, 467.1680561863987], [0.0, 0.0, 1.0]], [[796.8910634503094, 0.0, 857.7774326863696], [0.0, 796.8910634503094, 476.8848988407415], [0.0, 0.0, 1.0]], [[1249.9629280788233, 0.0, 825.3768045375984], [0.0, 1249.9629280788233, 462.54816385708756], [0.0, 0.0, 1.0]]], "extrinsics": [[[0.8223221898078918, -0.5683766007423401, -0.027096465229988098, -1.0050048828125], [0.018565161153674126, 0.07439299672842026, -0.9970561861991882, 1.4882965087890625], [0.568719208240509, 0.8193984031677246, 0.07172702252864838, -1.333251953125], [0.0, 0.0, 0.0, 1.0]], [[0.010021415539085865, -0.9974916577339172, -0.0700700581073761, 0.00537109375], [0.02049160562455654, 0.07026372104883194, -0.9973179697990417, 1.4801712036132812], [0.9997397065162659, 0.008558749221265316, 0.02114434912800789, -1.734649658203125], [0.0, 0.0, 0.0, 1.0]], [[-0.843941867351532, -0.5333977341651917, -0.05699869617819786, 1.09075927734375], [0.02847999893128872, 0.06155253201723099, -0.9976974129676819, 1.4930648803710938], [0.5356780886650085, -0.8436219692230225, -0.03675559535622597, -1.277587890625], [0.0, 0.0, 0.0, 1.0]], [[0.9479893445968628, 0.3171330392360687, 0.027254225686192513, -1.1439285278320312], [0.003036639653146267, 0.07660917937755585, -0.9970565438270569, 1.562042236328125], [-0.31828752160072327, 0.9452817440032959, 0.07166166603565216, -0.15625], [0.0, 0.0, 0.0, 1.0]], [[0.009522129781544209, 0.9975574612617493, 0.0691983550786972, -0.02880859375], [0.005176460836082697, 0.0691513791680336, -0.9975926876068115, 1.5680694580078125], [-0.9999412298202515, 0.009857360273599625, -0.004505354445427656, 0.0443115234375], [0.0, 0.0, 0.0, 1.0]], [[-0.9234856963157654, 0.3835228979587555, 0.009175943210721016, 1.16064453125], [0.009389637038111687, 0.046507786959409714, -0.998873770236969, 1.5478134155273438], [-0.38351768255233765, -0.9223595857620239, -0.04655042663216591, -0.043701171875], [0.0, 0.0, 0.0, 1.0]]], "view": [[0.0, -2.0, 100.0], [-2.0, 0.0, 100.0], [0.0, 0.0, 1.0]], "bev": "bev_3c9da5d7f8e24306b7e9545910f0866b.png", "aux": "aux_3c9da5d7f8e24306b7e9545910f0866b.npz", "visibility": "visibility_3c9da5d7f8e24306b7e9545910f0866b.png", "pose": [[0.7229576110839844, 0.6908923387527466, 0.0, 782.475341796875], [-0.6908923387527466, 0.7229576110839844, 0.0, 1489.139404296875], [0.0, 0.0, 1.0, 0.0], [0.0, 0.0, 0.0, 1.0]], "pose_inverse": [[0.7229576110839844, -0.6908923387527466, 0.0, 463.1385192871094], [0.6908923387527466, 0.7229576110839844, 0.0, -1617.19091796875], [0.0, 0.0, 1.0, 0.0], [0.0, 0.0, 0.0, 1.0]], "cam_ids": [0, 1, 2, 3, 4, 5], "cam_channels": ["CAM_FRONT_LEFT", "CAM_FRONT", "CAM_FRONT_RIGHT", "CAM_BACK_LEFT", "CAM_BACK", "CAM_BACK_RIGHT"], "token": "3c9da5d7f8e24306b7e9545910f0866b", "scene": "scene-0239"}, {"images": ["samples/CAM_FRONT_LEFT/n008-2018-07-27-12-07-38-0400__CAM_FRONT_LEFT__1532708668904799.jpg", "samples/CAM_FRONT/n008-2018-07-27-12-07-38-0400__CAM_FRONT__1532708668912404.jpg", "samples/CAM_FRONT_RIGHT/n008-2018-07-27-12-07-38-0400__CAM_FRONT_RIGHT__1532708668920482.jpg", "samples/CAM_BACK_LEFT/n008-2018-07-27-12-07-38-0400__CAM_BACK_LEFT__1532708668947405.jpg", "samples/CAM_BACK/n008-2018-07-27-12-07-38-0400__CAM_BACK__1532708668937558.jpg", "samples/CAM_BACK_RIGHT/n008-2018-07-27-12-07-38-0400__CAM_BACK_RIGHT__1532708668928399.jpg"], "intrinsics": [[[1257.8625342125129, 0.0, 827.2410631095686], [0.0, 1257.8625342125129, 450.915498205774], [0.0, 0.0, 1.0]], [[1252.8131021185304, 0.0, 826.588114781398], [0.0, 1252.8131021185304, 469.9846626224581], [0.0, 0.0, 1.0]], [[1256.7485116440405, 0.0, 817.7887570959712], [0.0, 1256.7485116440403, 451.9541780095127], [0.0, 0.0, 1.0]], [[1254.9860565800168, 0.0, 829.5769333630991], [0.0, 1254.9860565800168, 467.1680561863987], [0.0, 0.0, 1.0]], [[796.8910634503094, 0.0, 857.7774326863696], [0.0, 796.8910634503094, 476.8848988407415], [0.0, 0.0, 1.0]], [[1249.9629280788233, 0.0, 825.3768045375984], [0.0, 1249.9629280788233, 462.54816385708756], [0.0, 0.0, 1.0]]], "extrinsics": [[[0.8222057223320007, -0.5685259103775024, -0.02749551460146904, -1.0050048828125], [0.01769162341952324, 0.07380905002355576, -0.997115433216095, 1.4882888793945312], [0.5689153671264648, 0.819347620010376, 0.07074437290430069, -1.3333740234375], [0.0, 0.0, 0.0, 1.0]], [[0.009826232679188251, -0.9975325465202332, -0.06951446831226349, 0.0052490234375], [0.019646434113383293, 0.06969700008630753, -0.9973747134208679, 1.4801712036132812], [0.9997586607933044, 0.008434652350842953, 0.020282818004488945, -1.7347412109375], [0.0, 0.0, 0.0, 1.0]], [[-0.844045877456665, -0.5333379507064819, -0.05601155385375023, 1.09063720703125], [0.027664674445986748, 0.061003539711236954, -0.9977540373802185, 1.493072509765625], [0.535556972026825, -0.8436996936798096, -0.0367351695895195, -1.27734375], [0.0, 0.0, 0.0, 1.0]], [[0.948003351688385, 0.3171598017215729, 0.026443000882864, -1.1439666748046875], [0.0023362175561487675, 0.07614899426698685, -0.997093677520752, 1.5620346069335938], [-0.31825175881385803, 0.9453099370002747, 0.07144854962825775, -0.1561279296875], [0.0, 0.0, 0.0, 1.0]], [[0.009601883590221405, 0.9975913166999817, 0.0686982050538063, -0.0289306640625], [0.00443247752264142, 0.06865823268890381, -0.9976303577423096, 1.5680618286132812], [-0.9999440908432007, 0.009883612394332886, -0.003762551350519061, 0.04425048828125], [0.0, 0.0, 0.0, 1.0]], [[-0.9234508275985718, 0.3835940659046173, 0.00970187596976757, 1.16064453125], [0.008607801049947739, 0.04598646238446236, -0.9989049434661865, 1.5478134155273438], [-0.38362011313438416, -0.922356128692627, -0.0457681380212307, -0.0438232421875], [0.0, 0.0, 0.0, 1.0]]], "view": [[0.0, -2.0, 100.0], [-2.0, 0.0, 100.0], [0.0, 0.0, 1.0]], "bev": "bev_8da82cdd7a3f4912ac5463116f5f86de.png", "aux": "aux_8da82cdd7a3f4912ac5463116f5f86de.npz", "visibility": "visibility_8da82cdd7a3f4912ac5463116f5f86de.png", "pose": [[0.7229428291320801, 0.6909078359603882, 0.0, 782.475341796875], [-0.6909078359603882, 0.7229428291320801, 0.0, 1489.139404296875], [0.0, 0.0, 1.0, 0.0], [0.0, 0.0, 0.0, 1.0]], "pose_inverse": [[0.7229428291320801, -0.6909078359603882, 0.0, 463.1731872558594], [0.6909078359603882, 0.7229428291320801, 0.0, -1617.1810302734375], [0.0, 0.0, 1.0, 0.0], [0.0, 0.0, 0.0, 1.0]], "cam_ids": [0, 1, 2, 3, 4, 5], "cam_channels": ["CAM_FRONT_LEFT", "CAM_FRONT", "CAM_FRONT_RIGHT", "CAM_BACK_LEFT", "CAM_BACK", "CAM_BACK_RIGHT"], "token": "8da82cdd7a3f4912ac5463116f5f86de", "scene": "scene-0239"}, {"images": ["samples/CAM_FRONT_LEFT/n008-2018-07-27-12-07-38-0400__CAM_FRONT_LEFT__1532708669404799.jpg", "samples/CAM_FRONT/n008-2018-07-27-12-07-38-0400__CAM_FRONT__1532708669412404.jpg", "samples/CAM_FRONT_RIGHT/n008-2018-07-27-12-07-38-0400__CAM_FRONT_RIGHT__1532708669420482.jpg", "samples/CAM_BACK_LEFT/n008-2018-07-27-12-07-38-0400__CAM_BACK_LEFT__1532708669447405.jpg", "samples/CAM_BACK/n008-2018-07-27-12-07-38-0400__CAM_BACK__1532708669437558.jpg", "samples/CAM_BACK_RIGHT/n008-2018-07-27-12-07-38-0400__CAM_BACK_RIGHT__1532708669428113.jpg"], "intrinsics": [[[1257.8625342125129, 0.0, 827.2410631095686], [0.0, 1257.8625342125129, 450.915498205774], [0.0, 0.0, 1.0]], [[1252.8131021185304, 0.0, 826.588114781398], [0.0, 1252.8131021185304, 469.9846626224581], [0.0, 0.0, 1.0]], [[1256.7485116440405, 0.0, 817.7887570959712], [0.0, 1256.7485116440403, 451.9541780095127], [0.0, 0.0, 1.0]], [[1254.9860565800168, 0.0, 829.5769333630991], [0.0, 1254.9860565800168, 467.1680561863987], [0.0, 0.0, 1.0]], [[796.8910634503094, 0.0, 857.7774326863696], [0.0, 796.8910634503094, 476.8848988407415], [0.0, 0.0, 1.0]], [[1249.9629280788233, 0.0, 825.3768045375984], [0.0, 1249.9629280788233, 462.54816385708756], [0.0, 0.0, 1.0]]], "extrinsics": [[[0.8222976326942444, -0.5684189796447754, -0.02695540525019169, -1.005126953125], [0.01826280541718006, 0.07370451837778091, -0.9971128702163696, 1.4882965087890625], [0.5687646269798279, 0.8194311857223511, 0.07098796963691711, -1.3333740234375], [0.0, 0.0, 0.0, 1.0]], [[0.009973635897040367, -0.9975398778915405, -0.06938793510198593, 0.0054931640625], [0.02021188847720623, 0.06957831978797913, -0.9973717331886292, 1.4801559448242188], [0.9997459650039673, 0.00854492001235485, 0.020856114104390144, -1.73480224609375], [0.0, 0.0, 0.0, 1.0]], [[-0.8439711332321167, -0.5334134101867676, -0.056416526436805725, 1.09063720703125], [0.02822420373558998, 0.06087019294500351, -0.9977465271949768, 1.4930648803710938], [0.5356454849243164, -0.8436616063117981, -0.03631751984357834, -1.2774658203125], [0.0, 0.0, 0.0, 1.0]], [[0.9479897618293762, 0.3171656131744385, 0.02685961313545704, -1.1439743041992188], [0.0028152046725153923, 0.07602646946907043, -0.9971018433570862, 1.562042236328125], [-0.3182884752750397, 0.9453178644180298, 0.07117942720651627, -0.1561279296875], [0.0, 0.0, 0.0, 1.0]], [[0.009537539444863796, 0.9976015686988831, 0.06855747848749161, -0.0286865234375], [0.0049642580561339855, 0.06851251423358917, -0.9976378679275513, 1.5680618286132812], [-0.9999423027038574, 0.009855332784354687, -0.004298910032957792, 0.0443115234375], [0.0, 0.0, 0.0, 1.0]], [[-0.9234775304794312, 0.38354381918907166, 0.009132303297519684, 1.1607666015625], [0.009161959402263165, 0.045843999832868576, -0.9989066123962402, 1.5478134155273438], [-0.3835430443286896, -0.9223840832710266, -0.04584991931915283, -0.0438232421875], [0.0, 0.0, 0.0, 1.0]]], "view": [[0.0, -2.0, 100.0], [-2.0, 0.0, 100.0], [0.0, 0.0, 1.0]], "bev": "bev_7903e67446c64958b0a660f10bdadf19.png", "aux": "aux_7903e67446c64958b0a660f10bdadf19.npz", "visibility": "visibility_7903e67446c64958b0a660f10bdadf19.png", "pose": [[0.7228512167930603, 0.691003680229187, 0.0, 782.475341796875], [-0.691003680229187, 0.7228512167930603, 0.0, 1489.139404296875], [0.0, 0.0, 1.0, 0.0], [0.0, 0.0, 0.0, 1.0]], "pose_inverse": [[0.7228512167930603, -0.691003680229187, 0.0, 463.3875732421875], [0.691003680229187, 0.7228512167930603, 0.0, -1617.11962890625], [0.0, 0.0, 1.0, 0.0], [0.0, 0.0, 0.0, 1.0]], "cam_ids": [0, 1, 2, 3, 4, 5], "cam_channels": ["CAM_FRONT_LEFT", "CAM_FRONT", "CAM_FRONT_RIGHT", "CAM_BACK_LEFT", "CAM_BACK", "CAM_BACK_RIGHT"], "token": "7903e67446c64958b0a660f10bdadf19", "scene": "scene-0239"}, {"images": ["samples/CAM_FRONT_LEFT/n008-2018-07-27-12-07-38-0400__CAM_FRONT_LEFT__1532708669904799.jpg", "samples/CAM_FRONT/n008-2018-07-27-12-07-38-0400__CAM_FRONT__1532708669912404.jpg", "samples/CAM_FRONT_RIGHT/n008-2018-07-27-12-07-38-0400__CAM_FRONT_RIGHT__1532708669920482.jpg", "samples/CAM_BACK_LEFT/n008-2018-07-27-12-07-38-0400__CAM_BACK_LEFT__1532708669947412.jpg", "samples/CAM_BACK/n008-2018-07-27-12-07-38-0400__CAM_BACK__1532708669937558.jpg", "samples/CAM_BACK_RIGHT/n008-2018-07-27-12-07-38-0400__CAM_BACK_RIGHT__1532708669928113.jpg"], "intrinsics": [[[1257.8625342125129, 0.0, 827.2410631095686], [0.0, 1257.8625342125129, 450.915498205774], [0.0, 0.0, 1.0]], [[1252.8131021185304, 0.0, 826.588114781398], [0.0, 1252.8131021185304, 469.9846626224581], [0.0, 0.0, 1.0]], [[1256.7485116440405, 0.0, 817.7887570959712], [0.0, 1256.7485116440403, 451.9541780095127], [0.0, 0.0, 1.0]], [[1254.9860565800168, 0.0, 829.5769333630991], [0.0, 1254.9860565800168, 467.1680561863987], [0.0, 0.0, 1.0]], [[796.8910634503094, 0.0, 857.7774326863696], [0.0, 796.8910634503094, 476.8848988407415], [0.0, 0.0, 1.0]], [[1249.9629280788233, 0.0, 825.3768045375984], [0.0, 1249.9629280788233, 462.54816385708756], [0.0, 0.0, 1.0]]], "extrinsics": [[[0.8222398161888123, -0.5684581995010376, -0.027877535670995712, -1.005126953125], [0.01782313920557499, 0.07467595487833023, -0.997048556804657, 1.4883041381835938], [0.5688620805740356, 0.8193161487579346, 0.07153324037790298, -1.33349609375], [0.0, 0.0, 0.0, 1.0]], [[0.009883681312203407, -0.9974715709686279, -0.07037610560655594, 0.0054931640625], [0.019786512479186058, 0.07056085765361786, -0.9973112344741821, 1.48016357421875], [0.9997553825378418, 0.008464652113616467, 0.020433885976672173, -1.734710693359375], [0.0, 0.0, 0.0, 1.0]], [[-0.8440151810646057, -0.5333244204521179, -0.05659962818026543, 1.0906982421875], [0.027813998982310295, 0.06186448037624359, -0.9976969361305237, 1.493072509765625], [0.5355977416038513, -0.8436456322669983, -0.03738067299127579, -1.277587890625], [0.0, 0.0, 0.0, 1.0]], [[0.9480035901069641, 0.31712499260902405, 0.02685217745602131, -1.1439666748046875], [0.0025215488858520985, 0.07688505947589874, -0.9970368146896362, 1.562042236328125], [-0.31824982166290283, 0.9452621340751648, 0.07208765298128128, -0.15625], [0.0, 0.0, 0.0, 1.0]], [[0.009585139341652393, 0.9975359439849854, 0.06949954479932785, -0.02880859375], [0.004603293724358082, 0.06945797801017761, -0.9975742697715759, 1.5680618286132812], [-0.9999435544013977, 0.009881836362183094, -0.0039261882193386555, 0.044342041015625], [0.0, 0.0, 0.0, 1.0]], [[-0.9234619736671448, 0.383562833070755, 0.00987539254128933, 1.16064453125], [0.008765781298279762, 0.04682166501879692, -0.9988647699356079, 1.5478134155273438], [-0.3835897147655487, -0.9223271608352661, -0.046600259840488434, -0.0438232421875], [0.0, 0.0, 0.0, 1.0]]], "view": [[0.0, -2.0, 100.0], [-2.0, 0.0, 100.0], [0.0, 0.0, 1.0]], "bev": "bev_eeba8eeee7904bf2b308fb5b0953fff9.png", "aux": "aux_eeba8eeee7904bf2b308fb5b0953fff9.npz", "visibility": "visibility_eeba8eeee7904bf2b308fb5b0953fff9.png", "pose": [[0.7229827046394348, 0.6908661723136902, 0.0, 782.475341796875], [-0.6908661723136902, 0.7229827046394348, 0.0, 1489.139404296875], [0.0, 0.0, 1.0, 0.0], [0.0, 0.0, 0.0, 1.0]], "pose_inverse": [[0.7229827046394348, -0.6908661723136902, 0.0, 463.07989501953125], [0.6908661723136902, 0.7229827046394348, 0.0, -1617.207763671875], [0.0, 0.0, 1.0, 0.0], [0.0, 0.0, 0.0, 1.0]], "cam_ids": [0, 1, 2, 3, 4, 5], "cam_channels": ["CAM_FRONT_LEFT", "CAM_FRONT", "CAM_FRONT_RIGHT", "CAM_BACK_LEFT", "CAM_BACK", "CAM_BACK_RIGHT"], "token": "eeba8eeee7904bf2b308fb5b0953fff9", "scene": "scene-0239"}, {"images": ["samples/CAM_FRONT_LEFT/n008-2018-07-27-12-07-38-0400__CAM_FRONT_LEFT__1532708670404799.jpg", "samples/CAM_FRONT/n008-2018-07-27-12-07-38-0400__CAM_FRONT__1532708670412404.jpg", "samples/CAM_FRONT_RIGHT/n008-2018-07-27-12-07-38-0400__CAM_FRONT_RIGHT__1532708670420482.jpg", "samples/CAM_BACK_LEFT/n008-2018-07-27-12-07-38-0400__CAM_BACK_LEFT__1532708670447405.jpg", "samples/CAM_BACK/n008-2018-07-27-12-07-38-0400__CAM_BACK__1532708670437558.jpg", "samples/CAM_BACK_RIGHT/n008-2018-07-27-12-07-38-0400__CAM_BACK_RIGHT__1532708670428113.jpg"], "intrinsics": [[[1257.8625342125129, 0.0, 827.2410631095686], [0.0, 1257.8625342125129, 450.915498205774], [0.0, 0.0, 1.0]], [[1252.8131021185304, 0.0, 826.588114781398], [0.0, 1252.8131021185304, 469.9846626224581], [0.0, 0.0, 1.0]], [[1256.7485116440405, 0.0, 817.7887570959712], [0.0, 1256.7485116440403, 451.9541780095127], [0.0, 0.0, 1.0]], [[1254.9860565800168, 0.0, 829.5769333630991], [0.0, 1254.9860565800168, 467.1680561863987], [0.0, 0.0, 1.0]], [[796.8910634503094, 0.0, 857.7774326863696], [0.0, 796.8910634503094, 476.8848988407415], [0.0, 0.0, 1.0]], [[1249.9629280788233, 0.0, 825.3768045375984], [0.0, 1249.9629280788233, 462.54816385708756], [0.0, 0.0, 1.0]]], "extrinsics": [[[0.8222308158874512, -0.5685020685195923, -0.0272400863468647, -1.005126953125], [0.018451115116477013, 0.07446040958166122, -0.9970532059669495, 1.4882965087890625], [0.5688551068305969, 0.8193052411079407, 0.07171314209699631, -1.3333740234375], [0.0, 0.0, 0.0, 1.0]], [[0.009880131110548973, -0.9974857568740845, -0.07017471641302109, 0.0054931640625], [0.02041197381913662, 0.07036470621824265, -0.9973124861717224, 1.4801712036132812], [0.9997428059577942, 0.008421234786510468, 0.021055864170193672, -1.734619140625], [0.0, 0.0, 0.0, 1.0]], [[-0.8440059423446655, -0.5332931280136108, -0.057030510157346725, 1.090667724609375], [0.028436612337827682, 0.0616886205971241, -0.9976902604103088, 1.4930801391601562], [0.53557950258255, -0.8436782956123352, -0.036900512874126434, -1.27783203125], [0.0, 0.0, 0.0, 1.0]], [[0.9479931592941284, 0.31711384654045105, 0.027345886453986168, -1.14398193359375], [0.003054708009585738, 0.07684637606143951, -0.9970382452011108, 1.5620346069335938], [-0.3182760775089264, 0.9452689290046692, 0.07188114523887634, -0.1561279296875], [0.0, 0.0, 0.0, 1.0]], [[0.009572631679475307, 0.9975429773330688, 0.06940023601055145, -0.02880859375], [0.005179629195481539, 0.06935301423072815, -0.9975786805152893, 1.5680618286132812], [-0.9999407529830933, 0.009908962063491344, -0.004503011237829924, 0.044281005859375], [0.0, 0.0, 0.0, 1.0]], [[-0.9234524965286255, 0.38360095024108887, 0.009260262362658978, 1.16064453125], [0.00937367882579565, 0.04667847603559494, -0.9988659620285034, 1.5478134155273438], [-0.3835981786251068, -0.9223184585571289, -0.046701107174158096, -0.0435791015625], [0.0, 0.0, 0.0, 1.0]]], "view": [[0.0, -2.0, 100.0], [-2.0, 0.0, 100.0], [0.0, 0.0, 1.0]], "bev": "bev_db810efba0dc4b5ca2e4cb4c28988028.png", "aux": "aux_db810efba0dc4b5ca2e4cb4c28988028.npz", "visibility": "visibility_db810efba0dc4b5ca2e4cb4c28988028.png", "pose": [[0.7229650020599365, 0.6908846497535706, 0.0, 782.475341796875], [-0.6908846497535706, 0.7229650020599365, 0.0, 1489.139404296875], [0.0, 0.0, 1.0, 0.0], [0.0, 0.0, 0.0, 1.0]], "pose_inverse": [[0.7229650020599365, -0.6908846497535706, 0.0, 463.1212463378906], [0.6908846497535706, 0.7229650020599365, 0.0, -1617.1959228515625], [0.0, 0.0, 1.0, 0.0], [0.0, 0.0, 0.0, 1.0]], "cam_ids": [0, 1, 2, 3, 4, 5], "cam_channels": ["CAM_FRONT_LEFT", "CAM_FRONT", "CAM_FRONT_RIGHT", "CAM_BACK_LEFT", "CAM_BACK", "CAM_BACK_RIGHT"], "token": "db810efba0dc4b5ca2e4cb4c28988028", "scene": "scene-0239"}, {"images": ["samples/CAM_FRONT_LEFT/n008-2018-07-27-12-07-38-0400__CAM_FRONT_LEFT__1532708670904799.jpg", "samples/CAM_FRONT/n008-2018-07-27-12-07-38-0400__CAM_FRONT__1532708670912404.jpg", "samples/CAM_FRONT_RIGHT/n008-2018-07-27-12-07-38-0400__CAM_FRONT_RIGHT__1532708670920482.jpg", "samples/CAM_BACK_LEFT/n008-2018-07-27-12-07-38-0400__CAM_BACK_LEFT__1532708670947405.jpg", "samples/CAM_BACK/n008-2018-07-27-12-07-38-0400__CAM_BACK__1532708670937558.jpg", "samples/CAM_BACK_RIGHT/n008-2018-07-27-12-07-38-0400__CAM_BACK_RIGHT__1532708670928118.jpg"], "intrinsics": [[[1257.8625342125129, 0.0, 827.2410631095686], [0.0, 1257.8625342125129, 450.915498205774], [0.0, 0.0, 1.0]], [[1252.8131021185304, 0.0, 826.588114781398], [0.0, 1252.8131021185304, 469.9846626224581], [0.0, 0.0, 1.0]], [[1256.7485116440405, 0.0, 817.7887570959712], [0.0, 1256.7485116440403, 451.9541780095127], [0.0, 0.0, 1.0]], [[1254.9860565800168, 0.0, 829.5769333630991], [0.0, 1254.9860565800168, 467.1680561863987], [0.0, 0.0, 1.0]], [[796.8910634503094, 0.0, 857.7774326863696], [0.0, 796.8910634503094, 476.8848988407415], [0.0, 0.0, 1.0]], [[1249.9629280788233, 0.0, 825.3768045375984], [0.0, 1249.9629280788233, 462.54816385708756], [0.0, 0.0, 1.0]]], "extrinsics": [[[0.8222435116767883, -0.5684882998466492, -0.02714092656970024, -1.0048828125], [0.0184873528778553, 0.07434150576591492, -0.9970614314079285, 1.4883041381835938], [0.5688354969024658, 0.8193256258964539, 0.07163666188716888, -1.333251953125], [0.0, 0.0, 0.0, 1.0]], [[0.009896676987409592, -0.9974954128265381, -0.07003505527973175, 0.0052490234375], [0.020441533997654915, 0.07022566348314285, -0.9973216652870178, 1.48016357421875], [0.9997419714927673, 0.008438515476882458, 0.021085338667035103, -1.7347412109375], [0.0, 0.0, 0.0, 1.0]], [[-0.8440003991127014, -0.5333088636398315, -0.05696403235197067, 1.090545654296875], [0.02845907211303711, 0.06152818351984024, -0.997699499130249, 1.493072509765625], [0.5355868935585022, -0.8436799645423889, -0.03675233572721481, -1.2777099609375], [0.0, 0.0, 0.0, 1.0]], [[0.9479901790618896, 0.3171209990978241, 0.02736440673470497, -1.1438980102539062], [0.003129534423351288, 0.07668029516935349, -0.9970507621765137, 1.5620346069335938], [-0.31828412413597107, 0.9452800154685974, 0.07169973105192184, -0.156005859375], [0.0, 0.0, 0.0, 1.0]], [[0.00956515222787857, 0.9975554943084717, 0.06922129541635513, -0.02880859375], [0.005237136036157608, 0.06917353719472885, -0.9975908994674683, 1.5680694580078125], [-0.9999405741691589, 0.009904642589390278, -0.004562675021588802, 0.0443115234375], [0.0, 0.0, 0.0, 1.0]], [[-0.9234548807144165, 0.3835972547531128, 0.009169694036245346, 1.1605224609375], [0.00939813069999218, 