[{"images": ["samples/CAM_FRONT_LEFT/n015-2018-09-27-15-33-17+0800__CAM_FRONT_LEFT__1538033812754844.jpg", "samples/CAM_FRONT/n015-2018-09-27-15-33-17+0800__CAM_FRONT__1538033812762460.jpg", "samples/CAM_FRONT_RIGHT/n015-2018-09-27-15-33-17+0800__CAM_FRONT_RIGHT__1538033812770339.jpg", "samples/CAM_BACK_LEFT/n015-2018-09-27-15-33-17+0800__CAM_BACK_LEFT__1538033812797423.jpg", "samples/CAM_BACK/n015-2018-09-27-15-33-17+0800__CAM_BACK__1538033812787525.jpg", "samples/CAM_BACK_RIGHT/n015-2018-09-27-15-33-17+0800__CAM_BACK_RIGHT__1538033812777893.jpg"], "intrinsics": [[[1272.5979470598488, 0.0, 826.6154927353808], [0.0, 1272.5979470598488, 479.75165386361925], [0.0, 0.0, 1.0]], [[1266.417203046554, 0.0, 816.2670197447984], [0.0, 1266.417203046554, 491.50706579294757], [0.0, 0.0, 1.0]], [[1260.8474446004698, 0.0, 807.968244525554], [0.0, 1260.8474446004698, 495.3344268742088], [0.0, 0.0, 1.0]], [[1256.7414812095406, 0.0, 792.1125740759628], [0.0, 1256.7414812095406, 492.7757465151356], [0.0, 0.0, 1.0]], [[809.2209905677063, 0.0, 829.2196003259838], [0.0, 809.2209905677063, 481.77842384512485], [0.0, 0.0, 1.0]], [[1259.5137405846733, 0.0, 807.2529053838625], [0.0, 1259.5137405846733, 501.19579884916527], [0.0, 0.0, 1.0]]], "extrinsics": [[[0.8207967877388, -0.5712147951126099, 0.0025201523676514626, -0.69384765625], [-0.010024852119386196, -0.018815940245985985, -0.9997727274894714, 1.5049819946289062], [0.5711323618888855, 0.8205848932266235, -0.02117040567100048, -1.09375], [0.0, 0.0, 0.0, 1.0]], [[0.00577665027230978, -0.9997245073318481, 0.022749027237296104, 0.00830078125], [-0.01524669211357832, -0.022834816947579384, -0.9996230006217957, 1.5164604187011719], [0.9998671412467957, 0.005427665077149868, -0.015374399721622467, -1.42315673828125], [0.0, 0.0, 0.0, 1.0]], [[-0.8329755067825317, -0.5531995892524719, 0.011042742058634758, 0.8602294921875], [-0.009536669589579105, -0.005600605625659227, -0.9999388456344604, 1.5016717910766602], [0.5532275438308716, -0.8330298662185669, -0.0006105137290433049, -1.13330078125], [0.0, 0.0, 0.0, 1.0]], [[0.9477601051330566, 0.31875964999198914, -0.011966375634074211, -1.142852783203125], [-0.0005193731049075723, -0.03597189486026764, -0.9993526339530945, 1.5885467529296875], [-0.31898367404937744, 0.9471527934074402, -0.03392716869711876, -0.103515625], [0.0, 0.0, 0.0, 1.0]], [[0.002460160991176963, 0.9996585845947266, -0.02601277269423008, 0.00244140625], [-0.026060476899147034, -0.025939924642443657, -0.9993237853050232, 1.5774345397949219], [-0.9996573328971863, 0.003136482322588563, 0.025987761095166206, -0.0721435546875], [0.0, 0.0, 0.0, 1.0]], [[-0.9348104000091553, 0.3550124168395996, -0.009789222851395607, 0.997314453125], [0.006442106328904629, -0.010608984157443047, -0.9999229907989502, 1.5524215698242188], [-0.3550889194011688, -0.934801459312439, 0.007630361244082451, -0.11572265625], [0.0, 0.0, 0.0, 1.0]]], "view": [[0.0, -2.0, 100.0], [-2.0, 0.0, 100.0], [0.0, 0.0, 1.0]], "bev": "bev_76ad880013eb4a0fad05282c1b541696.png", "aux": "aux_76ad880013eb4a0fad05282c1b541696.npz", "visibility": "visibility_76ad880013eb4a0fad05282c1b541696.png", "pose": [[0.7741576433181763, 0.6329928636550903, 0.0, 1458.0538330078125], [-0.6329928636550903, 0.7741576433181763, 0.0, 2596.45654296875], [0.0, 0.0, 1.0, 0.0], [0.0, 0.0, 0.0, 1.0]], "pose_inverse": [[0.7741576433181763, -0.6329928636550903, 0.0, 514.7749633789062], [0.6329928636550903, 0.7741576433181763, 0.0, -2933.00439453125], [0.0, 0.0, 1.0, 0.0], [0.0, 0.0, 0.0, 1.0]], "cam_ids": [0, 1, 2, 3, 4, 5], "cam_channels": ["CAM_FRONT_LEFT", "CAM_FRONT", "CAM_FRONT_RIGHT", "CAM_BACK_LEFT", "CAM_BACK", "CAM_BACK_RIGHT"], "token": "76ad880013eb4a0fad05282c1b541696", "scene": "scene-0408"}, {"images": ["samples/CAM_FRONT_LEFT/n015-2018-09-27-15-33-17+0800__CAM_FRONT_LEFT__1538033813254844.jpg", "samples/CAM_FRONT/n015-2018-09-27-15-33-17+0800__CAM_FRONT__1538033813262460.jpg", "samples/CAM_FRONT_RIGHT/n015-2018-09-27-15-33-17+0800__CAM_FRONT_RIGHT__1538033813270339.jpg", "samples/CAM_BACK_LEFT/n015-2018-09-27-15-33-17+0800__CAM_BACK_LEFT__1538033813297423.jpg", "samples/CAM_BACK/n015-2018-09-27-15-33-17+0800__CAM_BACK__1538033813287525.jpg", "samples/CAM_BACK_RIGHT/n015-2018-09-27-15-33-17+0800__CAM_BACK_RIGHT__1538033813277893.jpg"], "intrinsics": [[[1272.5979470598488, 0.0, 826.6154927353808], [0.0, 1272.5979470598488, 479.75165386361925], [0.0, 0.0, 1.0]], [[1266.417203046554, 0.0, 816.2670197447984], [0.0, 1266.417203046554, 491.50706579294757], [0.0, 0.0, 1.0]], [[1260.8474446004698, 0.0, 807.968244525554], [0.0, 1260.8474446004698, 495.3344268742088], [0.0, 0.0, 1.0]], [[1256.7414812095406, 0.0, 792.1125740759628], [0.0, 1256.7414812095406, 492.7757465151356], [0.0, 0.0, 1.0]], [[809.2209905677063, 0.0, 829.2196003259838], [0.0, 809.2209905677063, 481.77842384512485], [0.0, 0.0, 1.0]], [[1259.5137405846733, 0.0, 807.2529053838625], [0.0, 1259.5137405846733, 501.19579884916527], [0.0, 0.0, 1.0]]], "extrinsics": [[[0.8205429911613464, -0.5715057849884033, 0.009507374837994576, -0.695068359375], [-0.0038786577060818672, -0.022200239822268486, -0.9997460246086121, 1.5070075988769531], [0.5715717077255249, 0.8202977180480957, -0.02043292671442032, -1.093994140625], [0.0, 0.0, 0.0, 1.0]], [[0.005433250218629837, -0.9996423721313477, 0.02618466317653656, 0.007568359375], [-0.00920821912586689, -0.026233956217765808, -0.9996134042739868, 1.5180816650390625], [0.9999428391456604, 0.0051901075057685375, -0.00934746116399765, -1.42352294921875], [0.0, 0.0, 0.0, 1.0]], [[-0.8330420851707458, -0.5531522035598755, 0.007964236661791801, 0.860107421875], [-0.0036016800440847874, -0.008973139338195324, -0.9999532103538513, 1.5029106140136719], [0.5531978011131287, -0.8330318927764893, 0.005482727661728859, -1.13330078125], [0.0, 0.0, 0.0, 1.0]], [[0.9478047490119934, 0.3187585771083832, -0.007691347040235996, -1.143890380859375], [0.005030028987675905, -0.03906676545739174, -0.9992239475250244, 1.5885467529296875], [-0.3188115954399109, 0.9470304846763611, -0.038631029427051544, -0.103271484375], [0.0, 0.0, 0.0, 1.0]], [[0.0024637498427182436, 0.9995704889297485, -0.02920437417924404, 0.002685546875], [-0.02037213370203972, -0.029148228466510773, -0.9993675351142883, 1.5778656005859375], [-0.9997893571853638, 0.0030572148971259594, 0.020291566848754883, -0.07208251953125], [0.0, 0.0, 0.0, 1.0]], [[-0.9347875118255615, 0.35482800006866455, -0.0164108294993639, 0.9974365234375], [0.012270687147974968, -0.01391525473445654, -0.9998278617858887, 1.5532760620117188], [-0.35499536991119385, -0.9348280429840088, 0.008653823286294937, -0.115966796875], [0.0, 0.0, 0.0, 1.0]]], "view": [[0.0, -2.0, 100.0], [-2.0, 0.0, 100.0], [0.0, 0.0, 1.0]], "bev": "bev_68fc4696a686480690b2ff18c88f4507.png", "aux": "aux_68fc4696a686480690b2ff18c88f4507.npz", "visibility": "visibility_68fc4696a686480690b2ff18c88f4507.png", "pose": [[0.7741967439651489, 0.6329450607299805, 0.0, 1461.0029296875], [-0.6329450607299805, 0.7741967439651489, 0.0, 2594.021728515625], [0.0, 0.0, 1.0, 0.0], [0.0, 0.0, 0.0, 1.0]], "pose_inverse": [[0.7741967439651489, -0.6329450607299805, 0.0, 510.7695007324219], [0.6329450607299805, 0.7741967439651489, 0.0, -2933.017578125], [0.0, 0.0, 1.0, 0.0], [0.0, 0.0, 0.0, 1.0]], "cam_ids": [0, 1, 2, 3, 4, 5], "cam_channels": ["CAM_FRONT_LEFT", "CAM_FRONT", "CAM_FRONT_RIGHT", "CAM_BACK_LEFT", "CAM_BACK", "CAM_BACK_RIGHT"], "token": "68fc4696a686480690b2ff18c88f4507", "scene": "scene-0408"}, {"images": ["samples/CAM_FRONT_LEFT/n015-2018-09-27-15-33-17+0800__CAM_FRONT_LEFT__1538033813754844.jpg", "samples/CAM_FRONT/n015-2018-09-27-15-33-17+0800__CAM_FRONT__1538033813762460.jpg", "samples/CAM_FRONT_RIGHT/n015-2018-09-27-15-33-17+0800__CAM_FRONT_RIGHT__1538033813770339.jpg", "samples/CAM_BACK_LEFT/n015-2018-09-27-15-33-17+0800__CAM_BACK_LEFT__1538033813797423.jpg", "samples/CAM_BACK/n015-2018-09-27-15-33-17+0800__CAM_BACK__1538033813787525.jpg", "samples/CAM_BACK_RIGHT/n015-2018-09-27-15-33-17+0800__CAM_BACK_RIGHT__1538033813777893.jpg"], "intrinsics": [[[1272.5979470598488, 0.0, 826.6154927353808], [0.0, 1272.5979470598488, 479.75165386361925], [0.0, 0.0, 1.0]], [[1266.417203046554, 0.0, 816.2670197447984], [0.0, 1266.417203046554, 491.50706579294757], [0.0, 0.0, 1.0]], [[1260.8474446004698, 0.0, 807.968244525554], [0.0, 1260.8474446004698, 495.3344268742088], [0.0, 0.0, 1.0]], [[1256.7414812095406, 0.0, 792.1125740759628], [0.0, 1256.7414812095406, 492.7757465151356], [0.0, 0.0, 1.0]], [[809.2209905677063, 0.0, 829.2196003259838], [0.0, 809.2209905677063, 481.77842384512485], [0.0, 0.0, 1.0]], [[1259.5137405846733, 0.0, 807.2529053838625], [0.0, 1259.5137405846733, 501.19579884916527], [0.0, 0.0, 1.0]]], "extrinsics": [[[0.8206366300582886, -0.5713878273963928, 0.008455788716673851, -0.7060546875], [-0.005564497318118811, -0.02278643660247326, -0.9997248649597168, 1.5065155029296875], [0.5714232921600342, 0.8203637599945068, -0.021878870204091072, -1.1005859375], [0.0, 0.0, 0.0, 1.0]], [[0.005528886336833239, -0.999624490737915, 0.026836570352315903, 0.007080078125], [-0.010869693011045456, -0.026895472779870033, -0.9995791912078857, 1.517730712890625], [0.9999255537986755, 0.005234827753156424, -0.01101431529968977, -1.433807373046875], [0.0, 0.0, 0.0, 1.0]], [[-0.8330472707748413, -0.553115725517273, 0.009753315709531307, 0.8653564453125], [-0.005250290036201477, -0.009724872186779976, -0.9999389052391052, 1.5026016235351562], [0.553176760673523, -0.83304762840271, 0.005197262857109308, -1.13720703125], [0.0, 0.0, 0.0, 1.0]], [[0.9477689266204834, 0.3188125789165497, -0.009617431089282036, -1.14251708984375], [0.003356554079800844, -0.04012034460902214, -0.9991891980171204, 1.5885696411132812], [-0.3189399242401123, 0.9469682574272156, -0.03909493237733841, -0.10400390625], [0.0, 0.0, 0.0, 1.0]], [[0.002486604731529951, 0.9995424151420593, -0.03014611452817917, 0.00244140625], [-0.022021932527422905, -0.03008415922522545, -0.9993047714233398, 1.5777511596679688], [-0.9997543692588806, 0.0031487750820815563, 0.0219370499253273, -0.0716552734375], [0.0, 0.0, 0.0, 1.0]], [[-0.9347710609436035, 0.35492658615112305, -0.015169309452176094, 1.00048828125], [0.010622848756611347, -0.014754798263311386, -0.9998347163200378, 1.5529899597167969], [-0.35509172081947327, -0.9347777962684631, 0.010022026486694813, -0.114990234375], [0.0, 0.0, 0.0, 1.0]]], "view": [[0.0, -2.0, 100.0], [-2.0, 0.0, 100.0], [0.0, 0.0, 1.0]], "bev": "bev_2c73cb96e4774d1391e3dc84c297b1fc.png", "aux": "aux_2c73cb96e4774d1391e3dc84c297b1fc.npz", "visibility": "visibility_2c73cb96e4774d1391e3dc84c297b1fc.png", "pose": [[0.7729727625846863, 0.6344391703605652, 0.0, 1463.911376953125], [-0.6344391703605652, 0.7729727625846863, 0.0, 2591.616943359375], [0.0, 0.0, 1.0, 0.0], [0.0, 0.0, 0.0, 1.0]], "pose_inverse": [[0.7729727625846863, -0.6344391703605652, 0.0, 512.65966796875], [0.6344391703605652, 0.7729727625846863, 0.0, -2932.01220703125], [0.0, 0.0, 1.0, 0.0], [0.0, 0.0, 0.0, 1.0]], "cam_ids": [0, 1, 2, 3, 4, 5], "cam_channels": ["CAM_FRONT_LEFT", "CAM_FRONT", "CAM_FRONT_RIGHT", "CAM_BACK_LEFT", "CAM_BACK", "CAM_BACK_RIGHT"], "token": "2c73cb96e4774d1391e3dc84c297b1fc", "scene": "scene-0408"}, {"images": ["samples/CAM_FRONT_LEFT/n015-2018-09-27-15-33-17+0800__CAM_FRONT_LEFT__1538033814254844.jpg", "samples/CAM_FRONT/n015-2018-09-27-15-33-17+0800__CAM_FRONT__1538033814262460.jpg", "samples/CAM_FRONT_RIGHT/n015-2018-09-27-15-33-17+0800__CAM_FRONT_RIGHT__1538033814270339.jpg", "samples/CAM_BACK_LEFT/n015-2018-09-27-15-33-17+0800__CAM_BACK_LEFT__1538033814297423.jpg", "samples/CAM_BACK/n015-2018-09-27-15-33-17+0800__CAM_BACK__1538033814287525.jpg", "samples/CAM_BACK_RIGHT/n015-2018-09-27-15-33-17+0800__CAM_BACK_RIGHT__1538033814277893.jpg"], "intrinsics": [[[1272.5979470598488, 0.0, 826.6154927353808], [0.0, 1272.5979470598488, 479.75165386361925], [0.0, 0.0, 1.0]], [[1266.417203046554, 0.0, 816.2670197447984], [0.0, 1266.417203046554, 491.50706579294757], [0.0, 0.0, 1.0]], [[1260.8474446004698, 0.0, 807.968244525554], [0.0, 1260.8474446004698, 495.3344268742088], [0.0, 0.0, 1.0]], [[1256.7414812095406, 0.0, 792.1125740759628], [0.0, 1256.7414812095406, 492.7757465151356], [0.0, 0.0, 1.0]], [[809.2209905677063, 0.0, 829.2196003259838], [0.0, 809.2209905677063, 481.77842384512485], [0.0, 0.0, 1.0]], [[1259.5137405846733, 0.0, 807.2529053838625], [0.0, 1259.5137405846733, 501.19579884916527], [0.0, 0.0, 1.0]]], "extrinsics": [[[0.8203596472740173, -0.5718368887901306, 0.0035595488734543324, -0.72021484375], [-0.014971212483942509, -0.027699444442987442, -0.9995041489601135, 1.503814697265625], [0.5716518759727478, 0.8198995590209961, -0.031284600496292114, -1.11083984375], [0.0, 0.0, 0.0, 1.0]], [[0.005338916555047035, -0.9994831085205078, 0.031699489802122116, 0.00732421875], [-0.020367713645100594, -0.03180205076932907, -0.9992867112159729, 1.5155868530273438], [0.9997783303260803, 0.004689395427703857, -0.020526975393295288, -1.44842529296875], [0.0, 0.0, 0.0, 1.0]], [[-0.83309006690979, -0.5527591705322266, 0.02044791355729103, 0.875732421875], [-0.014830167405307293, -0.014633150771260262, -0.9997828602790833, 1.5008544921875], [0.5529384016990662, -0.8332124948501587, 0.003993221092969179, -1.14404296875], [0.0, 0.0, 0.0, 1.0]], [[0.9477077126502991, 0.3184877932071686, -0.02038559503853321, -1.141693115234375], [-0.006364976987242699, -0.04500139504671097, -0.9989665746688843, 1.5885467529296875], [-0.3190760314464569, 0.9468581676483154, -0.04062100499868393, -0.10400390625], [0.0, 0.0, 0.0, 1.0]], [[0.002369181253015995, 0.9993817210197449, -0.03508046269416809, 0.002685546875], [-0.03174232318997383, -0.03498772531747818, -0.9988835453987122, 1.5771942138671875], [-0.9994932413101196, 0.0034801061265170574, 0.03163980320096016, -0.0662841796875], [0.0, 0.0, 0.0, 1.0]], [[-0.9348060488700867, 0.3550710380077362, -0.00789295881986618, 1.0096435546875], [0.0009711198508739471, -0.019668232649564743, -0.9998061060905457, 1.5515899658203125], [-0.35515743494033813, -0.934632420539856, 0.01804116554558277, -0.111328125], [0.0, 0.0, 0.0, 1.0]]], "view": [[0.0, -2.0, 100.0], [-2.0, 0.0, 100.0], [0.0, 0.0, 1.0]], "bev": "bev_d9ac256c69174699b92c083625266027.png", "aux": "aux_d9ac256c69174699b92c083625266027.npz", "visibility": "visibility_d9ac256c69174699b92c083625266027.png", "pose": [[0.773993968963623, 0.6331929564476013, 0.0, 1466.6636962890625], [-0.6331929564476013, 0.773993968963623, 0.0, 2589.337158203125], [0.0, 0.0, 1.0, 0.0], [0.0, 0.0, 0.0, 1.0]], "pose_inverse": [[0.773993968963623, -0.6331929564476013, 0.0, 504.36114501953125], [0.6331929564476013, 0.773993968963623, 0.0, -2932.8125], [0.0, 0.0, 1.0, 0.0], [0.0, 0.0, 0.0, 1.0]], "cam_ids": [0, 1, 2, 3, 4, 5], "cam_channels": ["CAM_FRONT_LEFT", "CAM_FRONT", "CAM_FRONT_RIGHT", "CAM_BACK_LEFT", "CAM_BACK", "CAM_BACK_RIGHT"], "token": "d9ac256c69174699b92c083625266027", "scene": "scene-0408"}, {"images": ["samples/CAM_FRONT_LEFT/n015-2018-09-27-15-33-17+0800__CAM_FRONT_LEFT__1538033814754844.jpg", "samples/CAM_FRONT/n015-2018-09-27-15-33-17+0800__CAM_FRONT__1538033814762460.jpg", "samples/CAM_FRONT_RIGHT/n015-2018-09-27-15-33-17+0800__CAM_FRONT_RIGHT__1538033814770339.jpg", "samples/CAM_BACK_LEFT/n015-2018-09-27-15-33-17+0800__CAM_BACK_LEFT__1538033814797423.jpg", "samples/CAM_BACK/n015-2018-09-27-15-33-17+0800__CAM_BACK__1538033814787525.jpg", "samples/CAM_BACK_RIGHT/n015-2018-09-27-15-33-17+0800__CAM_BACK_RIGHT__1538033814777893.jpg"], "intrinsics": [[[1272.5979470598488, 0.0, 826.6154927353808], [0.0, 1272.5979470598488, 479.75165386361925], [0.0, 0.0, 1.0]], [[1266.417203046554, 0.0, 816.2670197447984], [0.0, 1266.417203046554, 491.50706579294757], [0.0, 0.0, 1.0]], [[1260.8474446004698, 0.0, 807.968244525554], [0.0, 1260.8474446004698, 495.3344268742088], [0.0, 0.0, 1.0]], [[1256.7414812095406, 0.0, 792.1125740759628], [0.0, 1256.7414812095406, 492.7757465151356], [0.0, 0.0, 1.0]], [[809.2209905677063, 0.0, 829.2196003259838], [0.0, 809.2209905677063, 481.77842384512485], [0.0, 0.0, 1.0]], [[1259.5137405846733, 0.0, 807.2529053838625], [0.0, 1259.5137405846733, 501.19579884916527], [0.0, 0.0, 1.0]]], "extrinsics": [[[0.820472240447998, -0.571588397026062, 0.010574324056506157, -0.732666015625], [-0.009818649850785732, -0.03258311003446579, -0.9994208216667175, 1.5055160522460938], [0.5716018676757812, 0.8198931813240051, -0.03234576806426048, -1.119873046875], [0.0, 0.0, 0.0, 1.0]], [[0.005341000389307737, -0.9993207454681396, 0.036461472511291504, 0.00732421875], [-0.015053871087729931, -0.03653821349143982, -0.9992188811302185, 1.5170669555664062], [0.9998723268508911, 0.004787961021065712, -0.01523879636079073, -1.46002197265625], [0.0, 0.0, 0.0, 1.0]], [[-0.8331480622291565, -0.5527423620223999, 0.01844368875026703, 0.88232421875], [-0.0093728918582201, -0.019232215359807014, -0.9997710585594177, 1.5019607543945312], [0.5529705286026001, -0.8331301808357239, 0.010842489078640938, -1.1484375], [0.0, 0.0, 0.0, 1.0]], [[0.9477859139442444, 0.31849122047424316, -0.016279151663184166, -1.136474609375], [-0.0006150465342216194, -0.04922106862068176, -0.9987877011299133, 1.58856201171875], [-0.3189064562320709, 0.946647047996521, -0.04645514860749245, -0.105712890625], [0.0, 0.0, 0.0, 1.0]], [[0.002573787933215499, 0.9992192387580872, -0.03942396491765976, 0.002685546875], [-0.026060564443469048, -0.03934368118643761, -0.9988858699798584, 1.57757568359375], [-0.9996570944786072, 0.0035983510315418243, 0.02593895234167576, -0.06732177734375], [0.0, 0.0, 0.0, 1.0]], [[-0.9347412586212158, 0.3550248444080353, -0.014696056954562664, 1.01318359375], [0.006544229108840227, -0.02415124885737896, -0.9996868968009949, 1.5523223876953125], [-0.355268657207489, -0.9345447421073914, 0.0202518031001091, -0.109619140625], [0.0, 0.0, 0.0, 1.0]]], "view": [[0.0, -2.0, 100.0], [-2.0, 0.0, 100.0], [0.0, 0.0, 1.0]], "bev": "bev_b9cb0984df24457480e4b6470dc99c3e.png", "aux": "aux_b9cb0984df24457480e4b6470dc99c3e.npz", "visibility": "visibility_b9cb0984df24457480e4b6470dc99c3e.png", "pose": [[0.775846004486084, 0.630922257900238, 0.0, 1469.27197265625], [-0.630922257900238, 0.775846004486084, 0.0, 2587.1806640625], [0.0, 0.0, 1.0, 0.0], [0.0, 0.0, 0.0, 1.0]], "pose_inverse": [[0.775846004486084, -0.630922257900238, 0.0, 492.381103515625], [0.630922257900238, 0.775846004486084, 0.0, -2934.250244140625], [0.0, 0.0, 1.0, 0.0], [0.0, 0.0, 0.0, 1.0]], "cam_ids": [0, 1, 2, 3, 4, 5], "cam_channels": ["CAM_FRONT_LEFT", "CAM_FRONT", "CAM_FRONT_RIGHT", "CAM_BACK_LEFT", "CAM_BACK", "CAM_BACK_RIGHT"], "token": "b9cb0984df24457480e4b6470dc99c3e", "scene": "scene-0408"}, {"images": ["samples/CAM_FRONT_LEFT/n015-2018-09-27-15-33-17+0800__CAM_FRONT_LEFT__1538033815254844.jpg", "samples/CAM_FRONT/n015-2018-09-27-15-33-17+0800__CAM_FRONT__1538033815262460.jpg", "samples/CAM_FRONT_RIGHT/n015-2018-09-27-15-33-17+0800__CAM_FRONT_RIGHT__1538033815270339.jpg", "samples/CAM_BACK_LEFT/n015-2018-09-27-15-33-17+0800__CAM_BACK_LEFT__1538033815297423.jpg", "samples/CAM_BACK/n015-2018-09-27-15-33-17+0800__CAM_BACK__1538033815287525.jpg", "samples/CAM_BACK_RIGHT/n015-2018-09-27-15-33-17+0800__CAM_BACK_RIGHT__1538033815277893.jpg"], "intrinsics": [[[1272.5979470598488, 0.0, 826.6154927353808], [0.0, 1272.5979470598488, 479.75165386361925], [0.0, 0.0, 1.0]], [[1266.417203046554, 0.0, 816.2670197447984], [0.0, 1266.417203046554, 491.50706579294757], [0.0, 0.0, 1.0]], [[1260.8474446004698, 0.0, 807.968244525554], [0.0, 1260.8474446004698, 495.3344268742088], [0.0, 0.0, 1.0]], [[1256.7414812095406, 0.0, 792.1125740759628], [0.0, 1256.7414812095406, 492.7757465151356], [0.0, 0.0, 1.0]], [[809.2209905677063, 0.0, 829.2196003259838], [0.0, 809.2209905677063, 481.77842384512485], [0.0, 0.0, 1.0]], [[1259.5137405846733, 0.0, 807.2529053838625], [0.0, 1259.5137405846733, 501.19579884916527], [0.0, 0.0, 1.0]]], "extrinsics": [[[0.8204174637794495, -0.5717388391494751, 0.005462069995701313, -0.7568359375], [-0.012666796334087849, -0.027725236490368843, -0.999535322189331, 1.5050277709960938], [0.5716245770454407, 0.8199670314788818, -0.0299883671104908, -1.135009765625], [0.0, 0.0, 0.0, 1.0]], [[0.0053412215784192085, -0.9994869828224182, 0.03157849982380867, 0.006103515625], [-0.017935726791620255, -0.03166962414979935, -0.9993374347686768, 1.51678466796875], [0.9998248815536499, 0.004771230276674032, -0.018095681443810463, -1.4835205078125], [0.0, 0.0, 0.0, 1.0]], [[-0.8331349492073059, -0.5527718663215637, 0.018148748204112053, 0.89697265625], [-0.012262551113963127, -0.014344352297484875, -0.9998219013214111, 1.5016555786132812], [0.5529336929321289, -0.8332091569900513, 0.005172388162463903, -1.1591796875], [0.0, 0.0, 0.0, 1.0]], [[0.9477888345718384, 0.31842508912086487, -0.017369458451867104, -1.140472412109375], [-0.0034383556339889765, -0.04426001012325287, -0.999014139175415, 1.588531494140625], [-0.3188799321651459, 0.9469141960144043, -0.04085428640246391, -0.103515625], [0.0, 0.0, 0.0, 1.0]], [[0.002549559809267521, 0.9994022846221924, -0.034476909786462784, 0.0029296875], [-0.028910014778375626, -0.0343889482319355, -0.9989902973175049, 1.577606201171875], [-0.9995787739753723, 0.0035437808837741613, 0.028805050998926163, -0.058441162109375], [0.0, 0.0, 0.0, 1.0]], [[-0.9347605109214783, 0.3551303744316101, -0.010263143107295036, 1.0260009765625], [0.003668881254270673, -0.01923702284693718, -0.9998082518577576, 1.5518798828125], [-0.3552597165107727, -0.9346188902854919, 0.016679076477885246, -0.105712890625], [0.0, 0.0, 0.0, 1.0]]], "view": [[0.0, -2.0, 100.0], [-2.0, 0.0, 100.0], [0.0, 0.0, 1.0]], "bev": "bev_b9d2d07b2ea84c84afaae999cb2dc1ed.png", "aux": "aux_b9d2d07b2ea84c84afaae999cb2dc1ed.npz", "visibility": "visibility_b9d2d07b2ea84c84afaae999cb2dc1ed.png", "pose": [[0.7767267227172852, 0.6298377513885498, 0.0, 1471.6444091796875], [-0.6298377513885498, 0.7767267227172852, 0.0, 2585.24072265625], [0.0, 0.0, 1.0, 0.0], [0.0, 0.0, 0.0, 1.0]], "pose_inverse": [[0.7767267227172852, -0.6298377513885498, 0.0, 485.2166442871094], [0.6298377513885498, 0.7767267227172852, 0.0, -2934.9228515625], [0.0, 0.0, 1.0, 0.0], [0.0, 0.0, 0.0, 1.0]], "cam_ids": [0, 1, 2, 3, 4, 5], "cam_channels": ["CAM_FRONT_LEFT", "CAM_FRONT", "CAM_FRONT_RIGHT", "CAM_BACK_LEFT", "CAM_BACK", "CAM_BACK_RIGHT"], "token": "b9d2d07b2ea84c84afaae999cb2dc1ed", "scene": "scene-0408"}, {"images": ["samples/CAM_FRONT_LEFT/n015-2018-09-27-15-33-17+0800__CAM_FRONT_LEFT__1538033815754844.jpg", "samples/CAM_FRONT/n015-2018-09-27-15-33-17+0800__CAM_FRONT__1538033815762460.jpg", "samples/CAM_FRONT_RIGHT/n015-2018-09-27-15-33-17+0800__CAM_FRONT_RIGHT__1538033815770339.jpg", "samples/CAM_BACK_LEFT/n015-2018-09-27-15-33-17+0800__CAM_BACK_LEFT__1538033815797423.jpg", "samples/CAM_BACK/n015-2018-09-27-15-33-17+0800__CAM_BACK__1538033815787525.jpg", "samples/CAM_BACK_RIGHT/n015-2018-09-27-15-33-17+0800__CAM_BACK_RIGHT__1538033815777893.jpg"], "intrinsics": [[[1272.5979470598488, 0.0, 826.6154927353808], [0.0, 1272.5979470598488, 479.75165386361925], [0.0, 0.0, 1.0]], [[1266.417203046554, 0.0, 816.2670197447984], [0.0, 1266.417203046554, 491.50706579294757], [0.0, 0.0, 1.0]], [[1260.8474446004698, 0.0, 807.968244525554], [0.0, 1260.8474446004698, 495.3344268742088], [0.0, 0.0, 1.0]], [[1256.7414812095406, 0.0, 792.1125740759628], [0.0, 1256.7414812095406, 492.7757465151356], [0.0, 0.0, 1.0]], [[809.2209905677063, 0.0, 829.2196003259838], [0.0, 809.2209905677063, 481.77842384512485], [0.0, 0.0, 1.0]], [[1259.5137405846733, 0.0, 807.2529053838625], [0.0, 1259.5137405846733, 501.19579884916527], [0.0, 0.0, 1.0]]], "extrinsics": [[[0.820447564125061, -0.5717067122459412, 0.004165938124060631, -0.7734375], [-0.012474820017814636, -0.025186391547322273, -0.9996049404144287, 1.5053558349609375], [0.5715857148170471, 0.8200714588165283, -0.027796046808362007, -1.1474609375], [0.0, 0.0, 0.0, 1.0]], [[0.005358892492949963, -0.9995614290237427, 0.029127012938261032, 0.006591796875], [-0.01783928833901882, -0.029218357056379318, -0.9994139075279236, 1.5171279907226562], [0.9998264908790588, 0.0048361653462052345, -0.017988042905926704, -1.5006103515625], [0.0, 0.0, 0.0, 1.0]], [[-0.8331241607666016, -0.5528284311294556, 0.016873518005013466, 0.90869140625], [-0.012284363619983196, -0.012004860676825047, -0.9998524188995361, 1.5018253326416016], [0.5529494285583496, -0.8332086205482483, 0.003210396273061633, -1.166015625], [0.0, 0.0, 0.0, 1.0]], [[0.9477536082267761, 0.31853967905044556, -0.017194712534546852, -1.13885498046875], [-0.0038773519918322563, -0.04239456728100777, -0.9990934133529663, 1.58856201171875], [-0.3189798593521118, 0.9469610452651978, -0.038944512605667114, -0.105224609375], [0.0, 0.0, 0.0, 1.0]], [[0.0024982746690511703, 0.9994710683822632, -0.0324263721704483, 0.002685546875], [-0.029202166944742203, -0.032339729368686676, -0.9990502595901489, 1.577728271484375], [-0.9995704293251038, 0.0034427752252668142, 0.029105927795171738, -0.054107666015625], [0.0, 0.0, 0.0, 1.0]], [[-0.9347679615020752, 0.35513606667518616, -0.00933827180415392, 1.0355224609375], [0.003521345555782318, -0.0170222669839859, -0.9998489022254944, 1.5518302917480469], [-0.3552413880825043, -0.9346597194671631, 0.014661313965916634, -0.10205078125], [0.0, 0.0, 0.0, 1.0]]], "view": [[0.0, -2.0, 100.0], [-2.0, 0.0, 100.0], [0.0, 0.0, 1.0]], "bev": "bev_3f67b341fc4141e0a9f0bbb1b645515d.png", "aux": "aux_3f67b341fc4141e0a9f0bbb1b645515d.npz", "visibility": "visibility_3f67b341fc4141e0a9f0bbb1b645515d.png", "pose": [[0.777411162853241, 0.6289927959442139, 0.0, 1473.8150634765625], [-0.6289927959442139, 0.777411162853241, 0.0, 2583.467041015625], [0.0, 0.0, 1.0, 0.0], [0.0, 0.0, 0.0, 1.0]], "pose_inverse": [[0.777411162853241, -0.6289927959442139, 0.0, 479.22186279296875], [0.6289927959442139, 0.777411162853241, 0.0, -2935.43505859375], [0.0, 0.0, 1.0, 0.0], [0.0, 0.0, 0.0, 1.0]], "cam_ids": [0, 1, 2, 3, 4, 5], "cam_channels": ["CAM_FRONT_LEFT", "CAM_FRONT", "CAM_FRONT_RIGHT", "CAM_BACK_LEFT", "CAM_BACK", "CAM_BACK_RIGHT"], "token": "3f67b341fc4141e0a9f0bbb1b645515d", "scene": "scene-0408"}, {"images": ["samples/CAM_FRONT_LEFT/n015-2018-09-27-15-33-17+0800__CAM_FRONT_LEFT__1538033816254844.jpg", "samples/CAM_FRONT/n015-2018-09-27-15-33-17+0800__CAM_FRONT__1538033816262460.jpg", "samples/CAM_FRONT_RIGHT/n015-2018-09-27-15-33-17+0800__CAM_FRONT_RIGHT__1538033816270339.jpg", "samples/CAM_BACK_LEFT/n015-2018-09-27-15-33-17+0800__CAM_BACK_LEFT__1538033816297423.jpg", "samples/CAM_BACK/n015-2018-09-27-15-33-17+0800__CAM_BACK__1538033816287525.jpg", "samples/CAM_BACK_RIGHT/n015-2018-09-27-15-33-17+0800__CAM_BACK_RIGHT__1538033816277893.jpg"], "intrinsics": [[[1272.5979470598488, 0.0, 826.6154927353808], [0.0, 1272.5979470598488, 479.75165386361925], [0.0, 0.0, 1.0]], [[1266.417203046554, 0.0, 816.2670197447984], [0.0, 1266.417203046554, 491.50706579294757], [0.0, 0.0, 1.0]], [[1260.8474446004698, 0.0, 807.968244525554], [0.0, 1260.8474446004698, 495.3344268742088], [0.0, 0.0, 1.0]], [[1256.7414812095406, 0.0, 792.1125740759628], [0.0, 1256.7414812095406, 492.7757465151356], [0.0, 0.0, 1.0]], [[809.2209905677063, 0.0, 829.2196003259838], [0.0, 809.2209905677063, 481.77842384512485], [0.0, 0.0, 1.0]], [[1259.5137405846733, 0.0, 807.2529053838625], [0.0, 1259.5137405846733, 501.19579884916527], [0.0, 0.0, 1.0]]], "extrinsics": [[[0.8205612301826477, -0.571551501750946, 0.002878562780097127, -0.7998046875], [-0.015468420460820198, -0.027241531759500504, -0.9995092153549194, 1.5051956176757812], [0.5713493227958679, 0.8201139569282532, -0.03119434230029583, -1.167236328125], [0.0, 0.0, 0.0, 1.0]], [[0.005593661218881607, -0.999499499797821, 0.03113817237317562, 0.00732421875], [-0.020779946818947792, -0.031248118728399277, -0.9992956519126892, 1.5171585083007812], [0.9997684955596924, 0.004942670464515686, -0.02094433456659317, -1.527557373046875], [0.0, 0.0, 0.0, 1.0]], [[-0.8330138921737671, -0.5528770089149475, 0.020371519029140472, 0.9267578125], [-0.015156775712966919, -0.014001987874507904, -0.9997870326042175, 1.5017204284667969], [0.5530444979667664, -0.833145260810852, 0.0032840161584317684, -1.177001953125], [0.0, 0.0, 0.0, 1.0]], [[0.9476757645606995, 0.31858909130096436, -0.02029166929423809, -1.139495849609375], [-0.006487715989351273, -0.04432997107505798, -0.9989959001541138, 1.58856201171875], [-0.31916868686676025, 0.9468557834625244, -0.03994351997971535, -0.105224609375], [0.0, 0.0, 0.0, 1.0]], [[0.0023491880856454372, 0.9994063973426819, -0.03437167406082153, 0.002197265625], [-0.03190517798066139, -0.03427936136722565, -0.9989029169082642, 1.577850341796875], [-0.9994881749153137, 0.003443296067416668, 0.03180570900440216, -0.0458984375], [0.0, 0.0, 0.0, 1.0]], [[-0.934813380241394, 0.3550620973110199, -0.007423667702823877, 1.0498046875], [0.0007277510594576597, -0.01898827962577343, -0.9998193979263306, 1.5515289306640625], [-0.35513895750045776, -0.9346499443054199, 0.017492098733782768, -0.095703125], [0.0, 0.0, 0.0, 1.0]]], "view": [[0.0, -2.0, 100.0], [-2.0, 0.0, 100.0], [0.0, 0.0, 1.0]], "bev": "bev_67e9101930e34c4084ae126e65b816c8.png", "aux": "aux_67e9101930e34c4084ae126e65b816c8.npz", "visibility": "visibility_67e9101930e34c4084ae126e65b816c8.png", "pose": [[0.7781382203102112, 0.6280931234359741, 0.0, 1475.7362060546875], [-0.6280931234359741, 0.7781382203102112, 0.0, 2581.899658203125], [0.0, 0.0, 1.0, 0.0], [0.0, 0.0, 0.0, 1.0]], "pose_inverse": [[0.7781382203102112, -0.6280931234359741, 0.0, 473.3466796875], [0.6280931234359741, 0.7781382203102112, 0.0, -2935.974365234375], [0.0, 0.0, 1.0, 0.0], [0.0, 0.0, 0.0, 1.0]], "cam_ids": [0, 1, 2, 3, 4, 5], "cam_channels": ["CAM_FRONT_LEFT", "CAM_FRONT", "CAM_FRONT_RIGHT", "CAM_BACK_LEFT", "CAM_BACK", "CAM_BACK_RIGHT"], "token": "67e9101930e34c4084ae126e65b816c8", "scene": "scene-0408"}, {"images": ["samples/CAM_FRONT_LEFT/n015-2018-09-27-15-33-17+0800__CAM_FRONT_LEFT__1538033816754844.jpg", "samples/CAM_FRONT/n015-2018-09-27-15-33-17+0800__CAM_FRONT__1538033816762460.jpg", "samples/CAM_FRONT_RIGHT/n015-2018-09-27-15-33-17+0800__CAM_FRONT_RIGHT__1538033816770339.jpg", "samples/CAM_BACK_LEFT/n015-2018-09-27-15-33-17+0800__CAM_BACK_LEFT__1538033816797423.jpg", "samples/CAM_BACK/n015-2018-09-27-15-33-17+0800__CAM_BACK__1538033816787525.jpg", "samples/CAM_BACK_RIGHT/n015-2018-09-27-15-33-17+0800__CAM_BACK_RIGHT__1538033816777893.jpg"], "intrinsics": [[[1272.5979470598488, 0.0, 826.6154927353808], [0.0, 1272.5979470598488, 479.75165386361925], [0.0, 0.0, 1.0]], [[1266.417203046554, 0.0, 816.2670197447984], [0.0, 1266.417203046554, 491.50706579294757], [0.0, 0.0, 1.0]], [[1260.8474446004698, 0.0, 807.968244525554], [0.0, 1260.8474446004698, 495.3344268742088], [0.0, 0.0, 1.0]], [[1256.7414812095406, 0.0, 792.1125740759628], [0.0, 1256.7414812095406, 492.7757465151356], [0.0, 0.0, 1.0]], [[809.2209905677063, 0.0, 829.2196003259838], [0.0, 809.2209905677063, 481.77842384512485], [0.0, 0.0, 1.0]], [[1259.5137405846733, 0.0, 807.2529053838625], [0.0, 1259.5137405846733, 501.19579884916527], [0.0, 0.0, 1.0]]], "extrinsics": [[[0.8205419778823853, -0.5715691447257996, 0.004430413246154785, -0.82568359375], [-0.013617193326354027, -0.027296489104628563, -0.9995346665382385, 1.5059280395507812], [0.5714240670204163, 0.8200997710227966, -0.03018108569085598, -1.182861328125], [0.0, 0.0, 0.0, 1.0]], [[0.005534319207072258, -0.9995001554489136, 0.031124303117394447, 0.00537109375], [-0.018983570858836174, -0.03122418373823166, -0.9993321299552917, 1.5178604125976562], [0.9998044371604919, 0.004939778242260218, -0.019146887585520744, -1.552398681640625], [0.0, 0.0, 0.0, 1.0]], [[-0.8330463767051697, -0.552881121635437, 0.018874920904636383, 0.94189453125], [-0.013433007523417473, -0.013892817310988903, -0.9998132586479187, 1.5021858215332031], [0.5530400276184082, -0.8331443071365356, 0.004146505147218704, -1.189208984375], [0.0, 0.0, 0.0, 1.0]], [[0.9477493762969971, 0.3184622824192047, -0.018787743523716927, -1.140838623046875], [-0.005078425165265799, -0.04382426664233208, -0.999026358127594, 1.5885238647460938], [-0.3189755380153656, 0.9469219446182251, -0.03991713374853134, -0.10400390625], [0.0, 0.0, 0.0, 1.0]], [[0.0024471001233905554, 0.9994174242019653, -0.03404311090707779, 0.0029296875], [-0.030363036319613457, -0.03395325690507889, -0.9989621043205261, 1.5781326293945312], [-0.9995359182357788, 0.0034782004076987505, 0.030262257903814316, -0.03826904296875], [0.0, 0.0, 0.0, 1.0]], [[-0.9348025321960449, 0.35505637526512146, -0.008891112171113491, 1.0633544921875], [0.0023718969896435738, -0.018792126327753067, -0.9998205900192261, 1.5516281127929688], [-0.3551597595214844, -0.9346559643745422, 0.01672477088868618, -0.091552734375], [0.0, 0.0, 0.0, 1.0]]], "view": [[0.0, -2.0, 100.0], [-2.0, 0.0, 100.0], [0.0, 0.0, 1.0]], "bev": "bev_38c3214c9eac49b78dcbb0245d2ce9df.png", "aux": "aux_38c3214c9eac49b78dcbb0245d2ce9df.npz", "visibility": "visibility_38c3214c9eac49b78dcbb0245d2ce9df.png", "pose": [[0.7787004113197327, 0.6273959279060364, 0.0, 1477.4029541015625], [-0.6273959279060364, 0.7787004113197327, 0.0, 2580.550048828125], [0.0, 0.0, 1.0, 0.0], [0.0, 0.0, 0.0, 1.0]], "pose_inverse": [[0.7787004113197327, -0.6273959279060364, 0.0, 468.572265625], [0.6273959279060364, 0.7787004113197327, 0.0, -2936.39208984375], [0.0, 0.0, 1.0, 0.0], [0.0, 0.0, 0.0, 1.0]], "cam_ids": [0, 1, 2, 3, 4, 5], "cam_channels": ["CAM_FRONT_LEFT", "CAM_FRONT", "CAM_FRONT_RIGHT", "CAM_BACK_LEFT", "CAM_BACK", "CAM_BACK_RIGHT"], "token": "38c3214c9eac49b78dcbb0245d2ce9df", "scene": "scene-0408"}, {"images": ["samples/CAM_FRONT_LEFT/n015-2018-09-27-15-33-17+0800__CAM_FRONT_LEFT__1538033817254844.jpg", "samples/CAM_FRONT/n015-2018-09-27-15-33-17+0800__CAM_FRONT__1538033817262460.jpg", "samples/CAM_FRONT_RIGHT/n015-2018-09-27-15-33-17+0800__CAM_FRONT_RIGHT__1538033817270339.jpg", "samples/CAM_BACK_LEFT/n015-2018-09-27-15-33-17+0800__CAM_BACK_LEFT__1538033817297423.jpg", "samples/CAM_BACK/n015-2018-09-27-15-33-17+0800__CAM_BACK__1538033817287525.jpg", "samples/CAM_BACK_RIGHT/n015-2018-09-27-15-33-17+0800__CAM_BACK_RIGHT__1538033817277893.jpg"], "intrinsics": [[[1272.5979470598488, 0.0, 826.6154927353808], [0.0, 1272.5979470598488, 479.75165386361925], [0.0, 0.0, 1.0]], [[1266.417203046554, 0.0, 816.2670197447984], [0.0, 1266.417203046554, 491.50706579294757], [0.0, 0.0, 1.0]], [[1260.8474446004698, 0.0, 807.968244525554], [0.0, 1260.8474446004698, 495.3344268742088], [0.0, 0.0, 1.0]], [[1256.7414812095406, 0.0, 792.1125740759628], [0.0, 1256.7414812095406, 492.7757465151356], [0.0, 0.0, 1.0]], [[809.2209905677063, 0.0, 829.2196003259838], [0.0, 809.2209905677063, 481.77842384512485], [0.0, 0.0, 1.0]], [[1259.5137405846733, 0.0, 807.2529053838625], [0.0, 1259.5137405846733, 501.19579884916527], [0.0, 0.0, 1.0]]], "extrinsics": [[[0.8205891251564026, -0.5715011954307556, 0.004439168609678745, -0.84326171875], [-0.014265196397900581, -0.028246324509382248, -0.9994992017745972, 1.506195068359375], [0.5713404417037964, 0.8201149106025696, -0.03133120760321617, -1.197509765625], [0.0, 0.0, 0.0, 1.0]], [[0.005607927218079567, -0.9994664788246155, 0.03217361494898796, 0.00732421875], [-0.019602447748184204, -0.03227781131863594, -0.9992867112159729, 1.5182037353515625], [0.9997920989990234, 0.0049732755869627, -0.019773002713918686, -1.571533203125], [0.0, 0.0, 0.0, 1.0]], [[-0.8330137729644775, -0.5528905987739563, 0.01999673619866371, 0.9552001953125], [-0.014022181741893291, -0.015033423900604248, -0.9997886419296265, 1.5023422241210938], [0.5530743598937988, -0.8331181406974792, 0.004770318046212196, -1.1962890625], [0.0, 0.0, 0.0, 1.0]], [[0.9477271437644958, 0.31847652792930603, -0.01964038610458374, -1.141326904296875], [-0.0055165840312838554, -0.0451895147562027, -0.9989631772041321, 1.58856201171875], [-0.3190339505672455, 0.94685298204422, -0.04107043147087097, -0.1044921875], [0.0, 0.0, 0.0, 1.0]], [[0.002404827391728759, 0.9993725419044495, -0.0353381484746933, 0.00244140625], [-0.030867459252476692, -0.03524722531437874, -0.9989018440246582, 1.5783157348632812], [-0.9995205998420715, 0.003493037773296237, 0.030763324350118637, -0.032562255859375], [0.0, 0.0, 0.0, 1.0]], [[-0.9348155856132507, 0.35502466559410095, -0.008797026239335537, 1.0733642578125], [0.0018134069396182895, -0.019998757168650627, -0.9997983574867249, 1.5515899658203125], [-0.35512903332710266, -0.9346429705619812, 0.018051346763968468, -0.086669921875], [0.0, 0.0, 0.0, 1.0]]], "view": [[0.0, -2.0, 100.0], [-2.0, 0.0, 100.0], [0.0, 0.0, 1.0]], "bev": "bev_ee0eab64e93d40fb9f39f845ce8cabdc.png", "aux": "aux_ee0eab64e93d40fb9f39f845ce8cabdc.npz", "visibility": "visibility_ee0eab64e93d40fb9f39f845ce8cabdc.png", "pose": [[0.778016209602356, 0.628244161605835, 0.0, 1478.7767333984375], [-0.628244161605835, 0.778016209602356, 0.0, 2579.4296875], [0.0, 0.0, 1.0, 0.0], [0.0, 0.0, 0.0, 1.0]], "pose_inverse": [[0.778016209602356, -0.628244161605835, 0.0, 469.9994201660156], [0.628244161605835, 0.778016209602356, 0.0, -2935.87109375], [0.0, 0.0, 1.0, 0.0], [0.0, 0.0, 0.0, 1.0]], "cam_ids": [0, 1, 2, 3, 4, 5], "cam_channels": ["CAM_FRONT_LEFT", "CAM_FRONT", "CAM_FRONT_RIGHT", "CAM_BACK_LEFT", "CAM_BACK", "CAM_BACK_RIGHT"], "token": "ee0eab64e93d40fb9f39f845ce8cabdc", "scene": "scene-0408"}, {"images": ["samples/CAM_FRONT_LEFT/n015-2018-09-27-15-33-17+0800__CAM_FRONT_LEFT__1538033817754844.jpg", "samples/CAM_FRONT/n015-2018-09-27-15-33-17+0800__CAM_FRONT__1538033817762460.jpg", "samples/CAM_FRONT_RIGHT/n015-2018-09-27-15-33-17+0800__CAM_FRONT_RIGHT__1538033817770339.jpg", "samples/CAM_BACK_LEFT/n015-2018-09-27-15-33-17+0800__CAM_BACK_LEFT__1538033817797423.jpg", "samples/CAM_BACK/n015-2018-09-27-15-33-17+0800__CAM_BACK__1538033817787525.jpg", "samples/CAM_BACK_RIGHT/n015-2018-09-27-15-33-17+0800__CAM_BACK_RIGHT__1538033817777893.jpg"], "intrinsics": [[[1272.5979470598488, 0.0, 826.6154927353808], [0.0, 1272.5979470598488, 479.75165386361925], [0.0, 0.0, 1.0]], [[1266.417203046554, 0.0, 816.2670197447984], [0.0, 1266.417203046554, 491.50706579294757], [0.0, 0.0, 1.0]], [[1260.8474446004698, 0.0, 807.968244525554], [0.0, 1260.8474446004698, 495.3344268742088], [0.0, 0.0, 1.0]], [[1256.7414812095406, 0.0, 792.1125740759628], [0.0, 1256.7414812095406, 492.7757465151356], [0.0, 0.0, 1.0]], [[809.2209905677063, 0.0, 829.2196003259838], [0.0, 809.2209905677063, 481.77842384512485], [0.0, 0.0, 1.0]], [[1259.5137405846733, 0.0, 807.2529053838625], [0.0, 1259.5137405846733, 501.19579884916527], [0.0, 0.0, 1.0]]], "extrinsics": [[[0.820572555065155, -0.5715346932411194, 0.0029890001751482487, -0.8720703125], [-0.013310772366821766, -0.024338511750102043, -0.9996151924133301, 1.50677490234375], [0.571387529373169, 0.8202168941497803, -0.02757907658815384, -1.216552734375], [0.0, 0.0, 0.0, 1.0]], [[0.0055611771531403065, -0.9995858669281006, 0.02823415771126747, 0.006591796875], [-0.018624836578965187, -0.028333235532045364, -0.9994249939918518, 1.518829345703125], [0.9998111128807068, 0.005032130982726812, -0.018774686381220818, -1.5997314453125], [0.0, 0.0, 0.0, 1.0]], [[-0.8330341577529907, -0.5529610514640808, 0.016974899917840958, 0.9732666015625], [-0.013023479841649532, -0.011073862202465534, -0.9998538494110107, 1.5027217864990234], [0.553068220615387, -0.8331334590911865, 0.0020234286785125732, -1.208740234375], [0.0, 0.0, 0.0, 1.0]], [[0.9477556943893433, 0.3185216188430786, -0.017406169325113297, -1.14312744140625], [-0.004454826936125755, -0.04134421423077583, -0.9991350173950195, 1.58856201171875], [-0.31896576285362244, 0.9470135569572449, -0.0377652570605278, -0.103271484375], [0.0, 0.0, 0.0, 1.0]], [[0.0024411214981228113, 0.9995036721229553, -0.031410057097673416, 0.002685546875], [-0.029834937304258347, -0.031323377043008804, -0.9990639686584473, 1.57861328125], [-0.9995518922805786, 0.0033759181387722492, 0.029743662104010582, -0.023834228515625], [0.0, 0.0, 0.0, 1.0]], [[-0.93481