[{"images": ["samples/CAM_FRONT_LEFT/n008-2018-08-31-11-19-57-0400__CAM_FRONT_LEFT__1535728918404799.jpg", "samples/CAM_FRONT/n008-2018-08-31-11-19-57-0400__CAM_FRONT__1535728918412404.jpg", "samples/CAM_FRONT_RIGHT/n008-2018-08-31-11-19-57-0400__CAM_FRONT_RIGHT__1535728918420482.jpg", "samples/CAM_BACK_LEFT/n008-2018-08-31-11-19-57-0400__CAM_BACK_LEFT__1535728918447405.jpg", "samples/CAM_BACK/n008-2018-08-31-11-19-57-0400__CAM_BACK__1535728918437558.jpg", "samples/CAM_BACK_RIGHT/n008-2018-08-31-11-19-57-0400__CAM_BACK_RIGHT__1535728918428113.jpg"], "intrinsics": [[[1257.8625342125129, 0.0, 827.2410631095686], [0.0, 1257.8625342125129, 450.915498205774], [0.0, 0.0, 1.0]], [[1252.8131021185304, 0.0, 826.588114781398], [0.0, 1252.8131021185304, 469.9846626224581], [0.0, 0.0, 1.0]], [[1256.7485116440405, 0.0, 817.7887570959712], [0.0, 1256.7485116440403, 451.9541780095127], [0.0, 0.0, 1.0]], [[1254.9860565800168, 0.0, 829.5769333630991], [0.0, 1254.9860565800168, 467.1680561863987], [0.0, 0.0, 1.0]], [[796.8910634503094, 0.0, 857.7774326863696], [0.0, 796.8910634503094, 476.8848988407415], [0.0, 0.0, 1.0]], [[1249.9629280788233, 0.0, 825.3768045375984], [0.0, 1249.9629280788233, 462.54816385708756], [0.0, 0.0, 1.0]]], "extrinsics": [[[0.8230706453323364, -0.5677946209907532, -0.012808714061975479, -0.980712890625], [-0.0087062893435359, 0.009936172515153885, -0.9999127388000488, 1.488037109375], [0.5678723454475403, 0.8231103420257568, 0.0032347864471375942, -1.31689453125], [0.0, 0.0, 0.0, 1.0]], [[0.011061846278607845, -0.9999213814735413, -0.005900320131331682, 0.005859375], [-0.0067403060384094715, 0.005825982894748449, -0.9999603033065796, 1.4799985885620117], [0.9999160766601562, 0.011101216077804565, -0.006675330456346273, -1.7105712890625], [0.0, 0.0, 0.0, 1.0]], [[-0.8437113165855408, -0.5367969274520874, 0.0004410643014125526, 1.07470703125], [0.0012952235992997885, -0.0028574271127581596, -0.9999950528144836, 1.4930987358093262], [0.5367955565452576, -0.8437066674232483, 0.003106115385890007, -1.2674560546875], [0.0, 0.0, 0.0, 1.0]], [[0.9477221965789795, 0.31853628158569336, -0.018901508301496506, -1.14306640625], [-0.024098150432109833, 0.012380940839648247, -0.9996328949928284, 1.5620269775390625], [-0.31818538904190063, 0.9478297829627991, 0.019409827888011932, -0.15625], [0.0, 0.0, 0.0, 1.0]], [[0.009086094796657562, 0.9999480843544006, 0.004616230726242065, -0.028839111328125], [-0.021988671272993088, 0.004815103020519018, -0.999746561050415, 1.5678977966308594], [-0.9997168779373169, 0.008982346393167973, 0.022031281143426895, 0.0367431640625], [0.0, 0.0, 0.0, 1.0]], [[-0.9238734245300293, 0.3825792372226715, 0.00953825656324625, 1.14794921875], [-0.01774396002292633, -0.017925573512911797, -0.9996818900108337, 1.5475692749023438], [-0.3822864592075348, -0.923748791217804, 0.02334943227469921, -0.04888916015625], [0.0, 0.0, 0.0, 1.0]]], "view": [[0.0, -2.0, 100.0], [-2.0, 0.0, 100.0], [0.0, 0.0, 1.0]], "bev": "bev_30cc7ebed540463aa11b056da2bd4bba.png", "aux": "aux_30cc7ebed540463aa11b056da2bd4bba.npz", "visibility": "visibility_30cc7ebed540463aa11b056da2bd4bba.png", "pose": [[-0.7451253533363342, 0.6669244170188904, 0.0, 1563.174072265625], [-0.6669244170188904, -0.7451253533363342, 0.0, 840.0703125], [0.0, 0.0, 1.0, 0.0], [0.0, 0.0, 0.0, 1.0]], "pose_inverse": [[-0.7451253533363342, -0.6669244170188904, 0.0, 1725.0240478515625], [0.6669244170188904, -0.7451253533363342, 0.0, -416.5613098144531], [0.0, 0.0, 1.0, 0.0], [0.0, 0.0, 0.0, 1.0]], "cam_ids": [0, 1, 2, 3, 4, 5], "cam_channels": ["CAM_FRONT_LEFT", "CAM_FRONT", "CAM_FRONT_RIGHT", "CAM_BACK_LEFT", "CAM_BACK", "CAM_BACK_RIGHT"], "token": "30cc7ebed540463aa11b056da2bd4bba", "scene": "scene-0286"}, {"images": ["samples/CAM_FRONT_LEFT/n008-2018-08-31-11-19-57-0400__CAM_FRONT_LEFT__1535728918904799.jpg", "samples/CAM_FRONT/n008-2018-08-31-11-19-57-0400__CAM_FRONT__1535728918912404.jpg", "samples/CAM_FRONT_RIGHT/n008-2018-08-31-11-19-57-0400__CAM_FRONT_RIGHT__1535728918920482.jpg", "samples/CAM_BACK_LEFT/n008-2018-08-31-11-19-57-0400__CAM_BACK_LEFT__1535728918947405.jpg", "samples/CAM_BACK/n008-2018-08-31-11-19-57-0400__CAM_BACK__1535728918937558.jpg", "samples/CAM_BACK_RIGHT/n008-2018-08-31-11-19-57-0400__CAM_BACK_RIGHT__1535728918928113.jpg"], "intrinsics": [[[1257.8625342125129, 0.0, 827.2410631095686], [0.0, 1257.8625342125129, 450.915498205774], [0.0, 0.0, 1.0]], [[1252.8131021185304, 0.0, 826.588114781398], [0.0, 1252.8131021185304, 469.9846626224581], [0.0, 0.0, 1.0]], [[1256.7485116440405, 0.0, 817.7887570959712], [0.0, 1256.7485116440403, 451.9541780095127], [0.0, 0.0, 1.0]], [[1254.9860565800168, 0.0, 829.5769333630991], [0.0, 1254.9860565800168, 467.1680561863987], [0.0, 0.0, 1.0]], [[796.8910634503094, 0.0, 857.7774326863696], [0.0, 796.8910634503094, 476.8848988407415], [0.0, 0.0, 1.0]], [[1249.9629280788233, 0.0, 825.3768045375984], [0.0, 1249.9629280788233, 462.54816385708756], [0.0, 0.0, 1.0]]], "extrinsics": [[[0.823110818862915, -0.5677112936973572, -0.013872969895601273, -0.968505859375], [-0.009168199263513088, 0.011141368187963963, -0.9998959302902222, 1.4878921508789062], [0.5678067803382874, 0.8231523633003235, 0.003965688403695822, -1.30780029296875], [0.0, 0.0, 0.0, 1.0]], [[0.011129726655781269, -0.9999127388000488, -0.00713022006675601, 0.005462646484375], [-0.007232421077787876, 0.007049978710711002, -0.9999489784240723, 1.4799022674560547], [0.999911904335022, 0.011180714704096317, -0.007153322920203209, -1.6982421875], [0.0, 0.0, 0.0, 1.0]], [[-0.8436793684959412, -0.5368474125862122, 0.0002153705427190289, 1.06640625], [0.0007712010992690921, -0.0016131532611325383, -0.9999983906745911, 1.4930930137634277], [0.536846935749054, -0.8436778783798218, 0.001775000593625009, -1.2625732421875], [0.0, 0.0, 0.0, 1.0]], [[0.9477184414863586, 0.31854042410850525, -0.019022461026906967, -1.142822265625], [-0.02462579309940338, 0.01357246283441782, -0.9996045827865601, 1.56201171875], [-0.31815633177757263, 0.9478121995925903, 0.020707182586193085, -0.15631103515625], [0.0, 0.0, 0.0, 1.0]], [[0.009075031615793705, 0.9999417662620544, 0.005843117833137512, -0.02880859375], [-0.0224885456264019, 0.00604596920311451, -0.999728798866272, 1.56781005859375], [-0.9997060298919678, 0.008941208943724632, 0.022542104125022888, 0.0333251953125], [0.0, 0.0, 0.0, 1.0]], [[-0.9238848686218262, 0.3825260102748871, 0.010519138537347317, 1.1414794921875], [-0.018284661695361137, -0.016670765355229378, -0.9996938109397888, 1.5474319458007812], [-0.38223353028297424, -0.9237942695617676, 0.022396225482225418, -0.051727294921875], [0.0, 0.0, 0.0, 1.0]]], "view": [[0.0, -2.0, 100.0], [-2.0, 0.0, 100.0], [0.0, 0.0, 1.0]], "bev": "bev_45713705b46545a68920abf897f4423c.png", "aux": "aux_45713705b46545a68920abf897f4423c.npz", "visibility": "visibility_45713705b46545a68920abf897f4423c.png", "pose": [[-0.7540895342826843, 0.6567716598510742, 0.0, 1562.8629150390625], [-0.6567716598510742, -0.7540895342826843, 0.0, 839.7959594726562], [0.0, 0.0, 1.0, 0.0], [0.0, 0.0, 0.0, 1.0]], "pose_inverse": [[-0.7540895342826843, -0.6567716598510742, 0.0, 1730.0927734375], [0.6567716598510742, -0.7540895342826843, 0.0, -393.1627197265625], [0.0, 0.0, 1.0, 0.0], [0.0, 0.0, 0.0, 1.0]], "cam_ids": [0, 1, 2, 3, 4, 5], "cam_channels": ["CAM_FRONT_LEFT", "CAM_FRONT", "CAM_FRONT_RIGHT", "CAM_BACK_LEFT", "CAM_BACK", "CAM_BACK_RIGHT"], "token": "45713705b46545a68920abf897f4423c", "scene": "scene-0286"}, {"images": ["samples/CAM_FRONT_LEFT/n008-2018-08-31-11-19-57-0400__CAM_FRONT_LEFT__1535728919404799.jpg", "samples/CAM_FRONT/n008-2018-08-31-11-19-57-0400__CAM_FRONT__1535728919412404.jpg", "samples/CAM_FRONT_RIGHT/n008-2018-08-31-11-19-57-0400__CAM_FRONT_RIGHT__1535728919420482.jpg", "samples/CAM_BACK_LEFT/n008-2018-08-31-11-19-57-0400__CAM_BACK_LEFT__1535728919447405.jpg", "samples/CAM_BACK/n008-2018-08-31-11-19-57-0400__CAM_BACK__1535728919437558.jpg", "samples/CAM_BACK_RIGHT/n008-2018-08-31-11-19-57-0400__CAM_BACK_RIGHT__1535728919428113.jpg"], "intrinsics": [[[1257.8625342125129, 0.0, 827.2410631095686], [0.0, 1257.8625342125129, 450.915498205774], [0.0, 0.0, 1.0]], [[1252.8131021185304, 0.0, 826.588114781398], [0.0, 1252.8131021185304, 469.9846626224581], [0.0, 0.0, 1.0]], [[1256.7485116440405, 0.0, 817.7887570959712], [0.0, 1256.7485116440403, 451.9541780095127], [0.0, 0.0, 1.0]], [[1254.9860565800168, 0.0, 829.5769333630991], [0.0, 1254.9860565800168, 467.1680561863987], [0.0, 0.0, 1.0]], [[796.8910634503094, 0.0, 857.7774326863696], [0.0, 796.8910634503094, 476.8848988407415], [0.0, 0.0, 1.0]], [[1249.9629280788233, 0.0, 825.3768045375984], [0.0, 1249.9629280788233, 462.54816385708756], [0.0, 0.0, 1.0]]], "extrinsics": [[[0.8241955637931824, -0.5661376714706421, -0.01377964299172163, -0.9517822265625], [-0.00955144688487053, 0.010432099923491478, -0.9998999834060669, 1.4876823425292969], [0.5662248134613037, 0.8242446780204773, 0.0031906564254313707, -1.29583740234375], [0.0, 0.0, 0.0, 1.0]], [[0.012728278525173664, -0.9998987317085266, -0.006364809814840555, 0.00531005859375], [-0.007553444243967533, 0.006268996745347977, -0.9999517798423767, 1.479762077331543], [0.9998905062675476, 0.012775705195963383, -0.007472887169569731, -1.68115234375], [0.0, 0.0, 0.0, 1.0]], [[-0.8430024981498718, -0.5379088521003723, 0.0008882445399649441, 1.0548095703125], [0.0005187407950870693, -0.0024642457719892263, -0.9999967813491821, 1.4930930137634277], [0.5379093885421753, -0.8429993987083435, 0.002356399316340685, -1.2554931640625], [0.0, 0.0, 0.0, 1.0]], [[0.9476885199546814, 0.3185976445674896, -0.019542189314961433, -1.141845703125], [-0.024806033819913864, 0.012472602538764477, -0.9996144771575928, 1.5619850158691406], [-0.31823107600212097, 0.9478079676628113, 0.019723286852240562, -0.1568603515625], [0.0, 0.0, 0.0, 1.0]], [[0.008559923619031906, 0.9999516606330872, 0.004837232641875744, -0.0284423828125], [-0.02273673005402088, 0.005030789878219366, -0.999728798866272, 1.5676803588867188], [-0.9997047185897827, 0.00844764057546854, 0.022778697311878204, 0.02734375], [0.0, 0.0, 0.0, 1.0]], [[-0.924238383769989, 0.381674200296402, 0.01039783377200365, 1.1322021484375], [-0.018521592020988464, -0.017616936936974525, -0.9996732473373413, 1.5472335815429688], [-0.3813662827014923, -0.9241289496421814, 0.02335146628320217, -0.055877685546875], [0.0, 0.0, 0.0, 1.0]]], "view": [[0.0, -2.0, 100.0], [-2.0, 0.0, 100.0], [0.0, 0.0, 1.0]], "bev": "bev_fc64677748f74573907b94f19b445dac.png", "aux": "aux_fc64677748f74573907b94f19b445dac.npz", "visibility": "visibility_fc64677748f74573907b94f19b445dac.png", "pose": [[-0.7704823017120361, 0.6374613642692566, 0.0, 1562.3746337890625], [-0.6374613642692566, -0.7704823017120361, 0.0, 839.3736572265625], [0.0, 0.0, 1.0, 0.0], [0.0, 0.0, 0.0, 1.0]], "pose_inverse": [[-0.7704823017120361, -0.6374613642692566, 0.0, 1738.850341796875], [0.6374613642692566, -0.7704823017120361, 0.0, -349.23095703125], [0.0, 0.0, 1.0, 0.0], [0.0, 0.0, 0.0, 1.0]], "cam_ids": [0, 1, 2, 3, 4, 5], "cam_channels": ["CAM_FRONT_LEFT", "CAM_FRONT", "CAM_FRONT_RIGHT", "CAM_BACK_LEFT", "CAM_BACK", "CAM_BACK_RIGHT"], "token": "fc64677748f74573907b94f19b445dac", "scene": "scene-0286"}, {"images": ["samples/CAM_FRONT_LEFT/n008-2018-08-31-11-19-57-0400__CAM_FRONT_LEFT__1535728919854799.jpg", "samples/CAM_FRONT/n008-2018-08-31-11-19-57-0400__CAM_FRONT__1535728919862404.jpg", "samples/CAM_FRONT_RIGHT/n008-2018-08-31-11-19-57-0400__CAM_FRONT_RIGHT__1535728919870482.jpg", "samples/CAM_BACK_LEFT/n008-2018-08-31-11-19-57-0400__CAM_BACK_LEFT__1535728919897405.jpg", "samples/CAM_BACK/n008-2018-08-31-11-19-57-0400__CAM_BACK__1535728919887928.jpg", "samples/CAM_BACK_RIGHT/n008-2018-08-31-11-19-57-0400__CAM_BACK_RIGHT__1535728919878113.jpg"], "intrinsics": [[[1257.8625342125129, 0.0, 827.2410631095686], [0.0, 1257.8625342125129, 450.915498205774], [0.0, 0.0, 1.0]], [[1252.8131021185304, 0.0, 826.588114781398], [0.0, 1252.8131021185304, 469.9846626224581], [0.0, 0.0, 1.0]], [[1256.7485116440405, 0.0, 817.7887570959712], [0.0, 1256.7485116440403, 451.9541780095127], [0.0, 0.0, 1.0]], [[1254.9860565800168, 0.0, 829.5769333630991], [0.0, 1254.9860565800168, 467.1680561863987], [0.0, 0.0, 1.0]], [[796.8910634503094, 0.0, 857.7774326863696], [0.0, 796.8910634503094, 476.8848988407415], [0.0, 0.0, 1.0]], [[1249.9629280788233, 0.0, 825.3768045375984], [0.0, 1249.9629280788233, 462.54816385708756], [0.0, 0.0, 1.0]]], "extrinsics": [[[0.8258100748062134, -0.5638039112091064, -0.01276839803904295, -0.938720703125], [-0.003776674624532461, 0.01711166277527809, -0.9998464584350586, 1.4880094528198242], [0.5639357566833496, 0.8257313966751099, 0.01200167741626501, -1.28643798828125], [0.0, 0.0, 0.0, 1.0]], [[0.015037099830806255, -0.9997960925102234, -0.013474628329277039, 0.005462646484375], [-0.0014968515606597066, 0.01345362700521946, -0.9999083876609802, 1.480079174041748], [0.9998858571052551, 0.01505595538765192, -0.0012942422181367874, -1.6680908203125], [0.0, 0.0, 0.0, 1.0]], [[-0.8420463800430298, -0.5393359661102295, -0.00864268559962511, 1.04638671875], [0.006887835916131735, 0.005270339082926512, -0.9999623894691467, 1.4934349060058594], [0.5393612384796143, -0.8420742154121399, -0.0007230126648209989, -1.250244140625], [0.0, 0.0, 0.0, 1.0]], [[0.9478117227554321, 0.3186863958835602, -0.009589425288140774, -1.1422119140625], [-0.017450876533985138, 0.02182227000594139, -0.9996095895767212, 1.56201171875], [-0.3183528184890747, 0.9476089477539062, 0.026244759559631348, -0.15655517578125], [0.0, 0.0, 0.0, 1.0]], [[0.007917176932096481, 0.9998742938041687, 0.013741672039031982, -0.0283050537109375], [-0.015667518600821495, 0.013864448294043541, -0.9997811317443848, 1.567758560180664], [-0.9998459219932556, 0.007700270041823387, 0.015775319188833237, 0.0247802734375], [0.0, 0.0, 0.0, 1.0]], [[-0.9247684478759766, 0.3804590404033661, 0.007358317729085684, 1.1258544921875], [-0.011820027604699135, -0.00939209759235382, -0.9998860359191895, 1.5473594665527344], [-0.3803465664386749, -0.9247500896453857, 0.01318255253136158, -0.058624267578125], [0.0, 0.0, 0.0, 1.0]]], "view": [[0.0, -2.0, 100.0], [-2.0, 0.0, 100.0], [0.0, 0.0, 1.0]], "bev": "bev_297cef22e0f143ceb1e4ef93088bcfb2.png", "aux": "aux_297cef22e0f143ceb1e4ef93088bcfb2.npz", "visibility": "visibility_297cef22e0f143ceb1e4ef93088bcfb2.png", "pose": [[-0.7997439503669739, 0.600341260433197, 0.0, 1561.780029296875], [-0.600341260433197, -0.7997439503669739, 0.0, 838.8911743164062], [0.0, 0.0, 1.0, 0.0], [0.0, 0.0, 0.0, 1.0]], "pose_inverse": [[-0.7997439503669739, -0.600341260433197, 0.0, 1752.6451416015625], [0.600341260433197, -0.7997439503669739, 0.0, -266.702880859375], [0.0, 0.0, 1.0, 0.0], [0.0, 0.0, 0.0, 1.0]], "cam_ids": [0, 1, 2, 3, 4, 5], "cam_channels": ["CAM_FRONT_LEFT", "CAM_FRONT", "CAM_FRONT_RIGHT", "CAM_BACK_LEFT", "CAM_BACK", "CAM_BACK_RIGHT"], "token": "297cef22e0f143ceb1e4ef93088bcfb2", "scene": "scene-0286"}, {"images": ["samples/CAM_FRONT_LEFT/n008-2018-08-31-11-19-57-0400__CAM_FRONT_LEFT__1535728920354799.jpg", "samples/CAM_FRONT/n008-2018-08-31-11-19-57-0400__CAM_FRONT__1535728920362404.jpg", "samples/CAM_FRONT_RIGHT/n008-2018-08-31-11-19-57-0400__CAM_FRONT_RIGHT__1535728920370482.jpg", "samples/CAM_BACK_LEFT/n008-2018-08-31-11-19-57-0400__CAM_BACK_LEFT__1535728920397405.jpg", "samples/CAM_BACK/n008-2018-08-31-11-19-57-0400__CAM_BACK__1535728920387558.jpg", "samples/CAM_BACK_RIGHT/n008-2018-08-31-11-19-57-0400__CAM_BACK_RIGHT__1535728920378113.jpg"], "intrinsics": [[[1257.8625342125129, 0.0, 827.2410631095686], [0.0, 1257.8625342125129, 450.915498205774], [0.0, 0.0, 1.0]], [[1252.8131021185304, 0.0, 826.588114781398], [0.0, 1252.8131021185304, 469.9846626224581], [0.0, 0.0, 1.0]], [[1256.7485116440405, 0.0, 817.7887570959712], [0.0, 1256.7485116440403, 451.9541780095127], [0.0, 0.0, 1.0]], [[1254.9860565800168, 0.0, 829.5769333630991], [0.0, 1254.9860565800168, 467.1680561863987], [0.0, 0.0, 1.0]], [[796.8910634503094, 0.0, 857.7774326863696], [0.0, 796.8910634503094, 476.8848988407415], [0.0, 0.0, 1.0]], [[1249.9629280788233, 0.0, 825.3768045375984], [0.0, 1249.9629280788233, 462.54816385708756], [0.0, 0.0, 1.0]]], "extrinsics": [[[0.8275779485702515, -0.5613411068916321, 0.0033123050816357136, -0.9173583984375], [0.009732210077345371, 0.008447864092886448, -0.9999169111251831, 1.4893417358398438], [0.5612664818763733, 0.8275414705276489, 0.012454353272914886, -1.2725830078125], [0.0, 0.0, 0.0, 1.0]], [[0.017629580572247505, -0.9998363852500916, -0.004044980276376009, 0.0060577392578125], [0.011905658058822155, 0.004255243577063084, -0.9999200701713562, 1.4812183380126953], [0.9997736811637878, 0.01758001558482647, 0.011978727765381336, -1.6466064453125], [0.0, 0.0, 0.0, 1.0]], [[-0.8408663868904114, -0.5410474538803101, -0.0145408408716321, 1.0333251953125], [0.020161069929599762, -0.004463608376681805, -0.9997867345809937, 1.4944381713867188], [0.540867269039154, -0.8409802317619324, 0.014661393128335476, -1.241455078125], [0.0, 0.0, 0.0, 1.0]], [[0.9478718042373657, 0.31864961981773376, -0.00121954211499542, -1.1427001953125], [-0.0048013064078986645, 0.010455247946083546, -0.9999338388442993, 1.5620393753051758], [-0.3186158239841461, 0.9478148818016052, 0.011440169997513294, -0.1561279296875], [0.0, 0.0, 0.0, 1.0]], [[0.007054414600133896, 0.9999708533287048, 0.0029289061203598976, -0.0284881591796875], [-0.002858415013179183, 0.002949131652712822, -0.9999915361404419, 1.5679888725280762], [-0.9999710321426392, 0.007045920006930828, 0.002879136009141803, 0.018798828125], [0.0, 0.0, 0.0, 1.0]], [[-0.9252778887748718, 0.379191130399704, -0.008661779575049877, 1.1156005859375], [0.0012921368470415473, -0.019685348495841026, -0.9998053908348083, 1.547865390777588], [-0.37928780913352966, -0.9251089692115784, 0.017724448814988136, -0.06268310546875], [0.0, 0.0, 0.0, 1.0]]], "view": [[0.0, -2.0, 100.0], [-2.0, 0.0, 100.0], [0.0, 0.0, 1.0]], "bev": "bev_c02fc352233d40c2878c7745bcbc1165.png", "aux": "aux_c02fc352233d40c2878c7745bcbc1165.npz", "visibility": "visibility_c02fc352233d40c2878c7745bcbc1165.png", "pose": [[-0.8484076261520386, 0.5293434858322144, 0.0, 1560.9217529296875], [-0.5293434858322144, -0.8484076261520386, 0.0, 838.29248046875], [0.0, 0.0, 1.0, 0.0], [0.0, 0.0, 0.0, 1.0]], "pose_inverse": [[-0.8484076261520386, -0.5293434858322144, 0.0, 1768.0426025390625], [0.5293434858322144, -0.8484076261520386, 0.0, -115.04999542236328], [0.0, 0.0, 1.0, 0.0], [0.0, 0.0, 0.0, 1.0]], "cam_ids": [0, 1, 2, 3, 4, 5], "cam_channels": ["CAM_FRONT_LEFT", "CAM_FRONT", "CAM_FRONT_RIGHT", "CAM_BACK_LEFT", "CAM_BACK", "CAM_BACK_RIGHT"], "token": "c02fc352233d40c2878c7745bcbc1165", "scene": "scene-0286"}, {"images": ["samples/CAM_FRONT_LEFT/n008-2018-08-31-11-19-57-0400__CAM_FRONT_LEFT__1535728920904799.jpg", "samples/CAM_FRONT/n008-2018-08-31-11-19-57-0400__CAM_FRONT__1535728920912404.jpg", "samples/CAM_FRONT_RIGHT/n008-2018-08-31-11-19-57-0400__CAM_FRONT_RIGHT__1535728920920482.jpg", "samples/CAM_BACK_LEFT/n008-2018-08-31-11-19-57-0400__CAM_BACK_LEFT__1535728920947405.jpg", "samples/CAM_BACK/n008-2018-08-31-11-19-57-0400__CAM_BACK__1535728920937558.jpg", "samples/CAM_BACK_RIGHT/n008-2018-08-31-11-19-57-0400__CAM_BACK_RIGHT__1535728920928113.jpg"], "intrinsics": [[[1257.8625342125129, 0.0, 827.2410631095686], [0.0, 1257.8625342125129, 450.915498205774], [0.0, 0.0, 1.0]], [[1252.8131021185304, 0.0, 826.588114781398], [0.0, 1252.8131021185304, 469.9846626224581], [0.0, 0.0, 1.0]], [[1256.7485116440405, 0.0, 817.7887570959712], [0.0, 1256.7485116440403, 451.9541780095127], [0.0, 0.0, 1.0]], [[1254.9860565800168, 0.0, 829.5769333630991], [0.0, 1254.9860565800168, 467.1680561863987], [0.0, 0.0, 1.0]], [[796.8910634503094, 0.0, 857.7774326863696], [0.0, 796.8910634503094, 476.8848988407415], [0.0, 0.0, 1.0]], [[1249.9629280788233, 0.0, 825.3768045375984], [0.0, 1249.9629280788233, 462.54816385708756], [0.0, 0.0, 1.0]]], "extrinsics": [[[0.8285360336303711, -0.5599151849746704, 0.004795598331838846, -0.89599609375], [0.012941325083374977, 0.01058629248291254, -0.9998602271080017, 1.490020751953125], [0.5597862005233765, 0.8284823894500732, 0.016017168760299683, -1.258056640625], [0.0, 0.0, 0.0, 1.0]], [[0.019067129120230675, -0.9997961521148682, -0.0066373576410114765, 0.00632476806640625], [0.014744358137249947, 0.0069190203212201595, -0.9998673796653748, 1.4817848205566406], [0.9997094869613647, 0.018966712057590485, 0.014873277395963669, -1.62548828125], [0.0, 0.0, 0.0, 1.0]], [[-0.8402286767959595, -0.5419225692749023, -0.018324242904782295, 1.0189208984375], [0.022618301212787628, -0.001264026970602572, -0.9997433423995972, 1.4949836730957031], [0.5417603254318237, -0.8404275178909302, 0.013319438323378563, -1.2325439453125], [0.0, 0.0, 0.0, 1.0]], [[0.9478337168693542, 0.3187614381313324, 0.0015458960551768541, -1.1424560546875], [-0.003630426013842225, 0.015644105151295662, -0.9998710751533508, 1.562037467956543], [-0.31874457001686096, 0.9477058053016663, 0.01598525233566761, -0.1563720703125], [0.0, 0.0, 0.0, 1.0]], [[0.006601021159440279, 0.9999508261680603, 0.007395576685667038, -0.02828216552734375], [-0.0012967336224392056, 0.007404291536659002, -0.9999716877937317, 1.5680235624313354], [-0.9999773502349854, 0.006591213867068291, 0.0013455456355586648, 0.01220703125], [0.0, 0.0, 0.0, 1.0]], [[-0.9255639910697937, 0.37847986817359924, -0.009185368195176125, 1.1043701171875], [0.003386947326362133, -0.01598316617310047, -0.9998665452003479, 1.5480103492736816], [-0.3785760998725891, -0.9254714846611023, 0.013511551544070244, -0.06732177734375], [0.0, 0.0, 0.0, 1.0]]], "view": [[0.0, -2.0, 100.0], [-2.0, 0.0, 100.0], [0.0, 0.0, 1.0]], "bev": "bev_cfc9f123b4614a76a5613a5fc19992fb.png", "aux": "aux_cfc9f123b4614a76a5613a5fc19992fb.npz", "visibility": "visibility_cfc9f123b4614a76a5613a5fc19992fb.png", "pose": [[-0.9079816341400146, 0.4190099835395813, 0.0, 1559.5986328125], [-0.4190099835395813, -0.9079816341400146, 0.0, 837.567626953125], [0.0, 0.0, 1.0, 0.0], [0.0, 0.0, 0.0, 1.0]], "pose_inverse": [[-0.9079816341400146, -0.4190099835395813, 0.0, 1767.0361328125], [0.4190099835395813, -0.9079816341400146, 0.0, 107.00862121582031], [0.0, 0.0, 1.0, 0.0], [0.0, 0.0, 0.0, 1.0]], "cam_ids": [0, 1, 2, 3, 4, 5], "cam_channels": ["CAM_FRONT_LEFT", "CAM_FRONT", "CAM_FRONT_RIGHT", "CAM_BACK_LEFT", "CAM_BACK", "CAM_BACK_RIGHT"], "token": "cfc9f123b4614a76a5613a5fc19992fb", "scene": "scene-0286"}, {"images": ["samples/CAM_FRONT_LEFT/n008-2018-08-31-11-19-57-0400__CAM_FRONT_LEFT__1535728921404799.jpg", "samples/CAM_FRONT/n008-2018-08-31-11-19-57-0400__CAM_FRONT__1535728921412404.jpg", "samples/CAM_FRONT_RIGHT/n008-2018-08-31-11-19-57-0400__CAM_FRONT_RIGHT__1535728921420548.jpg", "samples/CAM_BACK_LEFT/n008-2018-08-31-11-19-57-0400__CAM_BACK_LEFT__1535728921447405.jpg", "samples/CAM_BACK/n008-2018-08-31-11-19-57-0400__CAM_BACK__1535728921437558.jpg", "samples/CAM_BACK_RIGHT/n008-2018-08-31-11-19-57-0400__CAM_BACK_RIGHT__1535728921428113.jpg"], "intrinsics": [[[1257.8625342125129, 0.0, 827.2410631095686], [0.0, 1257.8625342125129, 450.915498205774], [0.0, 0.0, 1.0]], [[1252.8131021185304, 0.0, 826.588114781398], [0.0, 1252.8131021185304, 469.9846626224581], [0.0, 0.0, 1.0]], [[1256.7485116440405, 0.0, 817.7887570959712], [0.0, 1256.7485116440403, 451.9541780095127], [0.0, 0.0, 1.0]], [[1254.9860565800168, 0.0, 829.5769333630991], [0.0, 1254.9860565800168, 467.1680561863987], [0.0, 0.0, 1.0]], [[796.8910634503094, 0.0, 857.7774326863696], [0.0, 796.8910634503094, 476.8848988407415], [0.0, 0.0, 1.0]], [[1249.9629280788233, 0.0, 825.3768045375984], [0.0, 1249.9629280788233, 462.54816385708756], [0.0, 0.0, 1.0]]], "extrinsics": [[[0.8303976058959961, -0.5571187138557434, 0.0076601505279541016, -0.87451171875], [0.016789225861430168, 0.011277934536337852, -0.9997954368591309, 1.4909820556640625], [0.5569183826446533, 0.8303562998771667, 0.01871875859797001, -1.2432861328125], [0.0, 0.0, 0.0, 1.0]], [[0.022007809951901436, -0.9997347593307495, -0.006783835589885712, 0.006622314453125], [0.019161738455295563, 0.007206032983958721, -0.9997904896736145, 1.4826850891113281], [0.9995741248130798, 0.0218732301145792, 0.019315246492624283, -1.6036376953125], [0.0, 0.0, 0.0, 1.0]], [[-0.8388271927833557, -0.5439351201057434, -0.02243996225297451, 1.004638671875], [0.027647344395518303, -0.0013971911976113915, -0.9996167421340942, 1.4958839416503906], [0.543695330619812, -0.8391261696815491, 0.016210362315177917, -1.2232666015625], [0.0, 0.0, 0.0, 1.0]], [[0.9476699829101562, 0.31916123628616333, 0.007596325129270554, -1.1383056640625], [0.003343370044603944, 0.013871167786419392, -0.9998981952667236, 1.5620651245117188], [-0.3192342221736908, 0.9475988745689392, 0.012078214436769485, -0.1577606201171875], [0.0, 0.0, 0.0, 1.0]], [[0.005382312927395105, 0.9999660849571228, 0.006241006776690483, -0.028167724609375], [0.005043471697717905, 0.006213872227817774, -0.9999679327011108, 1.5682697296142578], [-0.9999728202819824, 0.005413645412772894, -0.005009856540709734, 0.0035400390625], [0.0, 0.0, 0.0, 1.0]], [[-0.9262146353721619, 0.376715749502182, -0.014545499347150326, 1.091796875], [0.008962159976363182, -0.016569610685110092, -0.9998225569725037, 1.5484657287597656], [-0.3768899142742157, -0.9261806607246399, 0.011970830149948597, -0.07244873046875], [0.0, 0.0, 0.0, 1.0]]], "view": [[0.0, -2.0, 100.0], [-2.0, 0.0, 100.0], [0.0, 0.0, 1.0]], "bev": "bev_201a089eb8f044eaa919729f98233c73.png", "aux": "aux_201a089eb8f044eaa919729f98233c73.npz", "visibility": "visibility_201a089eb8f044eaa919729f98233c73.png", "pose": [[-0.9581792950630188, 0.2861686050891876, 0.0, 1558.0076904296875], [-0.2861686050891876, -0.9581792950630188, 0.0, 836.9542846679688], [0.0, 0.0, 1.0, 0.0], [0.0, 0.0, 0.0, 1.0]], "pose_inverse": [[-0.9581792950630188, -0.2861686050891876, 0.0, 1732.3607177734375], [0.2861686050891876, -0.9581792950630188, 0.0, 356.099365234375], [0.0, 0.0, 1.0, 0.0], [0.0, 0.0, 0.0, 1.0]], "cam_ids": [0, 1, 2, 3, 4, 5], "cam_channels": ["CAM_FRONT_LEFT", "CAM_FRONT", "CAM_FRONT_RIGHT", "CAM_BACK_LEFT", "CAM_BACK", "CAM_BACK_RIGHT"], "token": "201a089eb8f044eaa919729f98233c73", "scene": "scene-0286"}, {"images": ["samples/CAM_FRONT_LEFT/n008-2018-08-31-11-19-57-0400__CAM_FRONT_LEFT__1535728921904799.jpg", "samples/CAM_FRONT/n008-2018-08-31-11-19-57-0400__CAM_FRONT__1535728921912404.jpg", "samples/CAM_FRONT_RIGHT/n008-2018-08-31-11-19-57-0400__CAM_FRONT_RIGHT__1535728921920482.jpg", "samples/CAM_BACK_LEFT/n008-2018-08-31-11-19-57-0400__CAM_BACK_LEFT__1535728921947405.jpg", "samples/CAM_BACK/n008-2018-08-31-11-19-57-0400__CAM_BACK__1535728921937558.jpg", "samples/CAM_BACK_RIGHT/n008-2018-08-31-11-19-57-0400__CAM_BACK_RIGHT__1535728921928113.jpg"], "intrinsics": [[[1257.8625342125129, 0.0, 827.2410631095686], [0.0, 1257.8625342125129, 450.915498205774], [0.0, 0.0, 1.0]], [[1252.8131021185304, 0.0, 826.588114781398], [0.0, 1252.8131021185304, 469.9846626224581], [0.0, 0.0, 1.0]], [[1256.7485116440405, 0.0, 817.7887570959712], [0.0, 1256.7485116440403, 451.9541780095127], [0.0, 0.0, 1.0]], [[1254.9860565800168, 0.0, 829.5769333630991], [0.0, 1254.9860565800168, 467.1680561863987], [0.0, 0.0, 1.0]], [[796.8910634503094, 0.0, 857.7774326863696], [0.0, 796.8910634503094, 476.8848988407415], [0.0, 0.0, 1.0]], [[1249.9629280788233, 0.0, 825.3768045375984], [0.0, 1249.9629280788233, 462.54816385708756], [0.0, 0.0, 1.0]]], "extrinsics": [[[0.831068217754364, -0.556027889251709, 0.01259638648480177, -0.86749267578125], [0.024809595197439194, 0.014436813071370125, -0.9995879530906677, 1.492462158203125], [0.5556169152259827, 0.8310381770133972, 0.0257928054779768, -1.239013671875], [0.0, 0.0, 0.0, 1.0]], [[0.023088829591870308, -0.9996860027313232, -0.009733881801366806, 0.00701904296875], [0.02686627022922039, 0.010353408753871918, -0.9995854496955872, 1.4838638305664062], [0.9993723034858704, 0.02281775325536728, 0.027096884325146675, -1.5975341796875], [0.0, 0.0, 0.0, 1.0]], [[-0.8382598757743835, -0.5444275140762329, -0.030315950512886047, 1.00146484375], [0.035011980682611465, 0.0017416049959138036, -0.9993853569030762, 1.4967803955078125], [0.5441456437110901, -0.8388060927391052, 0.01760156638920307, -1.220733642578125], [0.0, 0.0, 0.0, 1.0]], [[0.9477823376655579, 0.31857535243034363, 0.014778831042349339, -1.145263671875], [0.00985439121723175, 0.017063923180103302, -0.9998058676719666, 1.5620269775390625], [-0.31876567006111145, 0.9477438926696777, 0.013033517636358738, -0.1556396484375], [0.0, 0.0, 0.0, 1.0]], [[0.005465527530759573, 0.9999405741691589, 0.009430238045752048, -0.02825927734375], [0.011884761042892933, 0.009364758618175983, -0.9998854994773865, 1.5685100555419922], [-0.9999144673347473, 0.005576967727392912, -0.011832873336970806, 0.0068359375], [0.0, 0.0, 0.0, 1.0]], [[-0.9262160658836365, 0.37646347284317017, -0.019974656403064728, 1.0904541015625], [0.016105903312563896, -0.013421542011201382, -0.9997801780700684, 1.5490264892578125], [-0.37664878368377686, -0.9263342022895813, 0.006367964204400778, -0.07275390625], [0.0, 0.0, 0.0, 1.0]]], "view": [[0.0, -2.0, 100.0], [-2.0, 0.0, 100.0], [0.0, 0.0, 1.0]], "bev": "bev_f7c58c1676cc4a18aee1c72eba1978e2.png", "aux": "aux_f7c58c1676cc4a18aee1c72eba1978e2.npz", "visibility": "visibility_f7c58c1676cc4a18aee1c72eba1978e2.png", "pose": [[-0.9923679232597351, 0.1233120709657669, 0.0, 1556.1912841796875], [-0.1233120709657669, -0.9923679232597351, 0.0, 836.5648803710938], [0.0, 0.0, 1.0, 0.0], [0.0, 0.0, 0.0, 1.0]], "pose_inverse": [[-0.9923679232597351, -0.1233120709657669, 0.0, 1647.472900390625], [0.1233120709657669, -0.9923679232597351, 0.0, 638.2830200195312], [0.0, 0.0, 1.0, 0.0], [0.0, 0.0, 0.0, 1.0]], "cam_ids": [0, 1, 2, 3, 4, 5], "cam_channels": ["CAM_FRONT_LEFT", "CAM_FRONT", "CAM_FRONT_RIGHT", "CAM_BACK_LEFT", "CAM_BACK", "CAM_BACK_RIGHT"], "token": "f7c58c1676cc4a18aee1c72eba1978e2", "scene": "scene-0286"}, {"images": ["samples/CAM_FRONT_LEFT/n008-2018-08-31-11-19-57-0400__CAM_FRONT_LEFT__1535728922404799.jpg", "samples/CAM_FRONT/n008-2018-08-31-11-19-57-0400__CAM_FRONT__1535728922412404.jpg", "samples/CAM_FRONT_RIGHT/n008-2018-08-31-11-19-57-0400__CAM_FRONT_RIGHT__1535728922421208.jpg", "samples/CAM_BACK_LEFT/n008-2018-08-31-11-19-57-0400__CAM_BACK_LEFT__1535728922447405.jpg", "samples/CAM_BACK/n008-2018-08-31-11-19-57-0400__CAM_BACK__1535728922437558.jpg", "samples/CAM_BACK_RIGHT/n008-2018-08-31-11-19-57-0400__CAM_BACK_RIGHT__1535728922428113.jpg"], "intrinsics": [[[1257.8625342125129, 0.0, 827.2410631095686], [0.0, 1257.8625342125129, 450.915498205774], [0.0, 0.0, 1.0]], [[1252.8131021185304, 0.0, 826.588114781398], [0.0, 1252.8131021185304, 469.9846626224581], [0.0, 0.0, 1.0]], [[1256.7485116440405, 0.0, 817.7887570959712], [0.0, 1256.7485116440403, 451.9541780095127], [0.0, 0.0, 1.0]], [[1254.9860565800168, 0.0, 829.5769333630991], [0.0, 1254.9860565800168, 467.1680561863987], [0.0, 0.0, 1.0]], [[796.8910634503094, 0.0, 857.7774326863696], [0.0, 796.8910634503094, 476.8848988407415], [0.0, 0.0, 1.0]], [[1249.9629280788233, 0.0, 825.3768045375984], [0.0, 1249.9629280788233, 462.54816385708756], [0.0, 0.0, 1.0]]], "extrinsics": [[[0.8314760327339172, -0.5553833842277527, 0.014036927372217178, -0.84893798828125], [0.02269868552684784, 0.008715842850506306, -0.9997043013572693, 1.49261474609375], [0.5550968050956726, 0.8315487504005432, 0.019853485748171806, -1.2257080078125], [0.0, 0.0, 0.0, 1.0]], [[0.023568375036120415, -0.9997174739837646, -0.0030779510270804167, 0.0069580078125], [0.024484172463417053, 0.003655092092230916, -0.9996935129165649, 1.4839820861816406], [0.9994222521781921, 0.023485789075493813, 0.024563400074839592, -1.5789794921875], [0.0, 0.0, 0.0, 1.0]], [[-0.8383203744888306, -0.5446588397026062, -0.02378460206091404, 0.991943359375], [0.03231022134423256, -0.00608560536056757, -0.9994593262672424, 1.4968414306640625], [0.5442196130752563, -0.8386356830596924, 0.022699736058712006, -1.2152671813964844], [0.0, 0.0, 0.0, 1.0]], [[0.947852611541748, 0.31861698627471924, 0.007656155154109001, -1.1456298828125], [0.00581281678751111, 0.006735850591212511, -0.9999604225158691, 1.5620346069335938], [-0.31865599751472473, 0.9478595852851868, 0.0045325313694775105, -0.155517578125], [0.0, 0.0, 0.0, 1.0]], [[0.005438902880996466, 0.9999852180480957, -1.4625516996602528e-05, -0.02825927734375], [0.008262472227215767, -5.9563040849752724e-05, -0.9999658465385437, 1.5684127807617188], [-0.9999511241912842, 0.005438582506030798, -0.008262675255537033, 0.0018310546875], [0.0, 0.0, 0.0, 1.0]], [[-0.9263297915458679, 0.376163125038147, -0.020356813445687294, 1.0816650390625], [0.013062285259366035, -0.021932492032647133, -0.9996740818023682, 1.548911213874817], [-0.37648695707321167, -0.9262937903404236, 0.015403171069920063, -0.076904296875], [0.0, 0.0, 0.0, 1.0]]], "view": [[0.0, -2.0, 100.0], [-2.0, 0.0, 100.0], [0.0, 0.0, 1.0]], "bev": "bev_3c852d8326e84851a74642144fd5d94b.png", "aux": "aux_3c852d8326e84851a74642144fd5d94b.npz", "visibility": "visibility_3c852d8326e84851a74642144fd5d94b.png", "pose": [[-0.9982824325561523, -0.05858444795012474, 0.0, 1554.1104736328125], [0.05858444795012474, -0.9982824325561523, 0.0, 836.4918212890625], [0.0, 0.0, 1.0, 0.0], [0.0, 0.0, 0.0, 1.0]], "pose_inverse": [[-0.9982824325561523, 0.05858444795012474, 0.0, 1502.435791015625], [-0.05858444795012474, -0.9982824325561523, 0.0, 926.101806640625], [0.0, 0.0, 1.0, 0.0], [0.0, 0.0, 0.0, 1.0]], "cam_ids": [0, 1, 2, 3, 4, 5], "cam_channels": ["CAM_FRONT_LEFT", "CAM_FRONT", "CAM_FRONT_RIGHT", "CAM_BACK_LEFT", "CAM_BACK", "CAM_BACK_RIGHT"], "token": "3c852d8326e84851a74642144fd5d94b", "scene": "scene-0286"}, {"images": ["samples/CAM_FRONT_LEFT/n008-2018-08-31-11-19-57-0400__CAM_FRONT_LEFT__1535728922854799.jpg", "samples/CAM_FRONT/n008-2018-08-31-11-19-57-0400__CAM_FRONT__1535728922862404.jpg", "samples/CAM_FRONT_RIGHT/n008-2018-08-31-11-19-57-0400__CAM_FRONT_RIGHT__1535728922870482.jpg", "samples/CAM_BACK_LEFT/n008-2018-08-31-11-19-57-0400__CAM_BACK_LEFT__1535728922897405.jpg", "samples/CAM_BACK/n008-2018-08-31-11-19-57-0400__CAM_BACK__1535728922887558.jpg", "samples/CAM_BACK_RIGHT/n008-2018-08-31-11-19-57-0400__CAM_BACK_RIGHT__1535728922878113.jpg"], "intrinsics": [[[1257.8625342125129, 0.0, 827.2410631095686], [0.0, 1257.8625342125129, 450.915498205774], [0.0, 0.0, 1.0]], [[1252.8131021185304, 0.0, 826.588114781398], [0.0, 1252.8131021185304, 469.9846626224581], [0.0, 0.0, 1.0]], [[1256.7485116440405, 0.0, 817.7887570959712], [0.0, 1256.7485116440403, 451.9541780095127], [0.0, 0.0, 1.0]], [[1254.9860565800168, 0.0, 829.5769333630991], [0.0, 1254.9860565800168, 467.1680561863987], [0.0, 0.0, 1.0]], [[796.8910634503094, 0.0, 857.7774326863696], [0.0, 796.8910634503094, 476.8848988407415], [0.0, 0.0, 1.0]], [[1249.9629280788233, 0.0, 825.3768045375984], [0.0, 1249.9629280788233, 462.54816385708756], [0.0, 0.0, 1.0]]], "extrinsics": [[[0.8318918347358704, -0.5549288988113403, 0.0031619882211089134, -0.837921142578125], [0.024679405614733696, 0.03130333125591278, -0.9992051720619202, 1.493408203125], [0.5543888211250305, 0.8313087224960327, 0.039736296981573105, -1.218017578125], [0.0, 0.0, 0.0, 1.0]], [[0.024339796975255013, -0.9993419051170349, -0.026895767077803612, 0.0069580078125], [0.027000362053513527, 0.027551064267754555, -0.9992557168006897, 1.4847564697265625], [0.9993390440940857, 0.023595476523041725, 0.027653178200125694, -1.567138671875], [0.0, 0.0, 0.0, 1.0]], [[-0.837753415107727, -0.544568657875061, -0.04017617553472519, 0.9818115234375], [0.03543049097061157, 0.01921064406633377, -0.9991874098777771, 1.4976730346679688], [0.5448979735374451, -0.8384962677955627, 0.00320054916664958, -1.2088623046875], [0.0, 0.0, 0.0, 1.0]], [[0.947756290435791, 0.3182584345340729, 0.02166832983493805, -1.145263671875], [0.011215893551707268, 0.03463861718773842, -0.9993369579315186, 1.5620346069335938], [-0.3187979757785797, 0.9473710060119629, 0.029259415343403816, -0.15521240234375], [0.0, 0.0, 0.0, 1.0]], [[0.005129740107804537, 0.9996194839477539, 0.027102984488010406, -0.02783203125], [0.012836742214858532, 0.02703528292477131, -0.9995520114898682, 1.5686721801757812], [-0.999904453754425, 0.005475365556776524, -0.012693174183368683, -0.0020751953125], [0.0, 0.0, 0.0, 1.0]], [[-0.9264220595359802, 0.3762263357639313, -0.013994251377880573, 1.075927734375], [0.016783172264695168, 0.004136183299124241, -0.9998505711555481, 1.5493602752685547], [-0.3761121332645416, -0.9265185594558716, -0.010146121494472027, -0.07958984375], [0.0, 0.0, 0.0, 1.0]]], "view": [[0.0, -2.0, 100.0], [-2.0, 0.0, 100.0], [0.0, 0.0, 1.0]], "bev": "bev_5129350f313346d08954717a5c719500.png", "aux": "aux_5129350f313346d08954717a5c719500.npz", "visibility": "visibility_5129350f313346d08954717a5c719500.png", "pose": [[-0.9735205769538879, -0.22859947383403778, 0.0, 1552.0374755859375], [0.22859947383403778, -0.9735205769538879, 0.0, 836.7855224609375], [0.0, 0.0, 1.0, 0.0], [0.0, 0.0, 0.0, 1.0]], "pose_inverse": [[-0.9735205769538879, 0.22859947383403778, 0.0, 1319.651611328125], [-0.22859947383403778, -0.9735205769538879, 0.0, 1169.4228515625], [0.0, 0.0, 1.0, 0.0], [0.0, 0.0, 0.0, 1.0]], "cam_ids": [0, 1, 2, 3, 4, 5], "cam_channels": ["CAM_FRONT_LEFT", "CAM_FRONT", "CAM_FRONT_RIGHT", "CAM_BACK_LEFT", "CAM_BACK", "CAM_BACK_RIGHT"], "token": "5129350f313346d08954717a5c719500", "scene": "scene-0286"}, {"images": ["samples/CAM_FRONT_LEFT/n008-2018-08-31-11-19-57-0400__CAM_FRONT_LEFT__1535728923354799.jpg", "samples/CAM_FRONT/n008-2018-08-31-11-19-57-0400__CAM_FRONT__1535728923362404.jpg", "samples/CAM_FRONT_RIGHT/n008-2018-08-31-11-19-57-0400__CAM_FRONT_RIGHT__1535728923370482.jpg", "samples/CAM_BACK_LEFT/n008-2018-08-31-11-19-57-0400__CAM_BACK_LEFT__1535728923397405.jpg", "samples/CAM_BACK/n008-2018-08-31-11-19-57-0400__CAM_BACK__1535728923387558.jpg", "samples/CAM_BACK_RIGHT/n008-2018-08-31-11-19-57-0400__CAM_BACK_RIGHT__1535728923378113.jpg"], "intrinsics": [[[1257.8625342125129, 0.0, 827.2410631095686], [0.0, 1257.8625342125129, 450.915498205774], [0.0, 0.0, 1.0]], [[1252.8131021185304, 0.0, 826.588114781398], [0.0, 1252.8131021185304, 469.9846626224581], [0.0, 0.0, 1.0]], [[1256.7485116440405, 0.0, 817.7887570959712], [0.0, 1256.7485116440403, 451.9541780095127], [0.0, 0.0, 1.0]], [[1254.9860565800168, 0.0, 829.5769333630991], [0.0, 1254.9860565800168, 467.1680561863987], [0.0, 0.0, 1.0]], [[796.8910634503094, 0.0, 857.7774326863696], [0.0, 796.8910634503094, 476.8848988407415], [0.0, 0.0, 1.0]], [[1249.9629280788233, 0.0, 825.3768045375984], [0.0, 1249.9629280788233, 462.54816385708756], [0.0, 0.0, 1.0]]], "extrinsics": [[[0.8305283188819885, -0.5569431185722351, -0.006092540454119444, -0.831298828125], [0.014971017837524414, 0.03325715288519859, -0.9993346929550171, 1.4915504455566406], [0.5567751526832581, 0.8298845887184143, 0.03595901280641556, -1.2132568359375], [0.0, 0.0, 0.0, 1.0]], [[0.022006116807460785, -0.9993371963500977, -0.02899685502052307, 0.0067138671875], [0.016761338338255882, 0.02936858870089054, -0.9994281530380249, 1.4831390380859375], [0.9996172785758972, 0.021507475525140762, 0.01739651709794998, -1.561279296875], [0.0, 0.0, 0.0, 1.0]], [[-0.8389976620674133, -0.5431872010231018, -0.03210233896970749, 0.9779052734375], [0.024695707485079765, 0.020924419164657593, -0.9994760155677795, 1.4963912963867188], [0.5435742735862732, -0.8393508195877075, -0.0041411458514630795, -1.20660400390625], [0.0, 0.0, 0.0, 1.0]], [[0.9479423761367798, 0.3182508945465088, 0.011025531217455864, -1.1461181640625], [-0.000644008512608707, 0.03653924912214279, -0.9993320107460022, 1.5620574951171875], [-0.3184411823749542, 0.9473020434379578, 0.034842055290937424, -0.155029296875], [0.0, 0.0, 0.0, 1.0]], [[0.0059698475524783134, 0.9995677471160889, 0.028788454830646515, -0.0279541015625], [0.001349476631730795, 0.02878088876605034, -0.999584794044494