[{"images": ["samples/CAM_FRONT_LEFT/n015-2018-07-24-11-13-19+0800__CAM_FRONT_LEFT__1532402279004844.jpg", "samples/CAM_FRONT/n015-2018-07-24-11-13-19+0800__CAM_FRONT__1532402279012472.jpg", "samples/CAM_FRONT_RIGHT/n015-2018-07-24-11-13-19+0800__CAM_FRONT_RIGHT__1532402279020339.jpg", "samples/CAM_BACK_LEFT/n015-2018-07-24-11-13-19+0800__CAM_BACK_LEFT__1532402279047423.jpg", "samples/CAM_BACK/n015-2018-07-24-11-13-19+0800__CAM_BACK__1532402279037525.jpg", "samples/CAM_BACK_RIGHT/n015-2018-07-24-11-13-19+0800__CAM_BACK_RIGHT__1532402279027893.jpg"], "intrinsics": [[[1272.5979470598488, 0.0, 826.6154927353808], [0.0, 1272.5979470598488, 479.75165386361925], [0.0, 0.0, 1.0]], [[1266.417203046554, 0.0, 816.2670197447984], [0.0, 1266.417203046554, 491.50706579294757], [0.0, 0.0, 1.0]], [[1260.8474446004698, 0.0, 807.968244525554], [0.0, 1260.8474446004698, 495.3344268742088], [0.0, 0.0, 1.0]], [[1256.7414812095406, 0.0, 792.1125740759628], [0.0, 1256.7414812095406, 492.7757465151356], [0.0, 0.0, 1.0]], [[809.2209905677063, 0.0, 829.2196003259838], [0.0, 809.2209905677063, 481.77842384512485], [0.0, 0.0, 1.0]], [[1259.5137405846733, 0.0, 807.2529053838625], [0.0, 1259.5137405846733, 501.19579884916527], [0.0, 0.0, 1.0]]], "extrinsics": [[[0.8218634128570557, -0.5696724653244019, 0.003721955930814147, -0.698974609375], [0.006357907317578793, 0.002639172598719597, -0.9999762773513794, 1.5102930068969727], [0.5696491003036499, 0.8218676447868347, 0.005790963768959045, -1.098388671875], [0.0, 0.0, 0.0, 1.0]], [[0.0072870440781116486, -0.9999725222587585, 0.001271419576369226, 0.0084228515625], [0.0010943285888060927, -0.0012634784216061234, -0.9999986290931702, 1.520830512046814], [0.9999727606773376, 0.00728844478726387, 0.001085091382265091, -1.4233245849609375], [0.0, 0.0, 0.0, 1.0]], [[-0.8321313858032227, -0.5543879866600037, -0.014537987299263477, 0.85491943359375], [0.0067224083468317986, 0.016129212453961372, -0.9998472929000854, 1.5050601959228516], [0.5545377731323242, -0.8321020603179932, -0.009694799780845642, -1.12890625], [0.0, 0.0, 0.0, 1.0]], [[0.9476673007011414, 0.31910452246665955, 0.00994745921343565, -1.121917724609375], [0.015468154102563858, -0.014770963229238987, -0.999771237373352, 1.5888919830322266], [-0.31888458132743835, 0.9476044178009033, -0.018933916464447975, -0.1107177734375], [0.0, 0.0, 0.0, 1.0]], [[0.0018605930963531137, 0.9999905824661255, -0.003922068979591131, 0.00244140625], [-0.009961926378309727, -0.0039033449720591307, -0.9999427795410156, 1.5784363746643066], [-0.9999486207962036, 0.0018995361169800162, 0.009954569861292839, -0.090606689453125], [0.0, 0.0, 0.0, 1.0]], [[-0.9350345134735107, 0.3541402816772461, -0.017174292355775833, 0.9854736328125], [0.0226362943649292, 0.011286269873380661, -0.9996800422668457, 1.5550861358642578], [-0.3538331091403961, -0.9351241588592529, -0.018569478765130043, -0.119873046875], [0.0, 0.0, 0.0, 1.0]]], "view": [[0.0, -2.0, 100.0], [-2.0, 0.0, 100.0], [0.0, 0.0, 1.0]], "bev": "bev_990723056b344e0bbc58cf3faffdaecf.png", "aux": "aux_990723056b344e0bbc58cf3faffdaecf.npz", "visibility": "visibility_990723056b344e0bbc58cf3faffdaecf.png", "pose": [[-0.8498902320861816, -0.5269597172737122, 0.0, 880.8103637695312], [0.5269597172737122, -0.8498902320861816, 0.0, 1632.090576171875], [0.0, 0.0, 1.0, 0.0], [0.0, 0.0, 0.0, 1.0]], "pose_inverse": [[-0.8498902320861816, 0.5269597172737122, 0.0, -111.45388793945312], [-0.5269597172737122, -0.8498902320861816, 0.0, 1851.24951171875], [0.0, 0.0, 1.0, 0.0], [0.0, 0.0, 0.0, 1.0]], "cam_ids": [0, 1, 2, 3, 4, 5], "cam_channels": ["CAM_FRONT_LEFT", "CAM_FRONT", "CAM_FRONT_RIGHT", "CAM_BACK_LEFT", "CAM_BACK", "CAM_BACK_RIGHT"], "token": "990723056b344e0bbc58cf3faffdaecf", "scene": "scene-0050"}, {"images": ["samples/CAM_FRONT_LEFT/n015-2018-07-24-11-13-19+0800__CAM_FRONT_LEFT__1532402279504844.jpg", "samples/CAM_FRONT/n015-2018-07-24-11-13-19+0800__CAM_FRONT__1532402279512460.jpg", "samples/CAM_FRONT_RIGHT/n015-2018-07-24-11-13-19+0800__CAM_FRONT_RIGHT__1532402279520339.jpg", "samples/CAM_BACK_LEFT/n015-2018-07-24-11-13-19+0800__CAM_BACK_LEFT__1532402279547423.jpg", "samples/CAM_BACK/n015-2018-07-24-11-13-19+0800__CAM_BACK__1532402279537525.jpg", "samples/CAM_BACK_RIGHT/n015-2018-07-24-11-13-19+0800__CAM_BACK_RIGHT__1532402279527893.jpg"], "intrinsics": [[[1272.5979470598488, 0.0, 826.6154927353808], [0.0, 1272.5979470598488, 479.75165386361925], [0.0, 0.0, 1.0]], [[1266.417203046554, 0.0, 816.2670197447984], [0.0, 1266.417203046554, 491.50706579294757], [0.0, 0.0, 1.0]], [[1260.8474446004698, 0.0, 807.968244525554], [0.0, 1260.8474446004698, 495.3344268742088], [0.0, 0.0, 1.0]], [[1256.7414812095406, 0.0, 792.1125740759628], [0.0, 1256.7414812095406, 492.7757465151356], [0.0, 0.0, 1.0]], [[809.2209905677063, 0.0, 829.2196003259838], [0.0, 809.2209905677063, 481.77842384512485], [0.0, 0.0, 1.0]], [[1259.5137405846733, 0.0, 807.2529053838625], [0.0, 1259.5137405846733, 501.19579884916527], [0.0, 0.0, 1.0]]], "extrinsics": [[[0.8219717741012573, -0.5695257186889648, -0.001673656515777111, -0.67626953125], [0.00016133069584611803, 0.0031715116929262877, -0.9999949932098389, 1.5083041191101074], [0.5695281624794006, 0.821967363357544, 0.0026987751480191946, -1.08056640625], [0.0, 0.0, 0.0, 1.0]], [[0.007479453459382057, -0.9999715089797974, 0.0010361209278926253, 0.007568359375], [-0.00527076655998826, -0.0010755592957139015, -0.9999855160713196, 1.5189979076385498], [0.9999581575393677, 0.007473922334611416, -0.005278660450130701, -1.4010162353515625], [0.0, 0.0, 0.0, 1.0]], [[-0.8321077823638916, -0.5545408129692078, -0.009003082290291786, 0.84130859375], [0.0001798336743377149, 0.01596328802406788, -0.9998725056648254, 1.5036811828613281], [0.5546138286590576, -0.8320034742355347, -0.013183451257646084, -1.1209716796875], [0.0, 0.0, 0.0, 1.0]], [[0.947718620300293, 0.31908780336380005, 0.0035304278135299683, -1.124908447265625], [0.008407912217080593, -0.013909564353525639, -0.999867856502533, 1.5887107849121094], [-0.3189965784549713, 0.9476231336593628, -0.01586521416902542, -0.1097412109375], [0.0, 0.0, 0.0, 1.0]], [[0.0017200607107952237, 0.9999898672103882, -0.004171999637037516, 0.002685546875], [-0.01690773293375969, -0.0041423276998102665, -0.999848484992981, 1.5777482986450195], [-0.999855637550354, 0.001790361013263464, 0.016900435090065002, -0.0934295654296875], [0.0, 0.0, 0.0, 1.0]], [[-0.9351924657821655, 0.3539689779281616, -0.010998785495758057, 0.97686767578125], [0.015926534309983253, 0.01101127453148365, -0.9998125433921814, 1.5541629791259766], [-0.3537815809249878, -0.9351924061775208, -0.01593516208231449, -0.1236572265625], [0.0, 0.0, 0.0, 1.0]]], "view": [[0.0, -2.0, 100.0], [-2.0, 0.0, 100.0], [0.0, 0.0, 1.0]], "bev": "bev_674aba4c05ac4813946e090b97624bad.png", "aux": "aux_674aba4c05ac4813946e090b97624bad.npz", "visibility": "visibility_674aba4c05ac4813946e090b97624bad.png", "pose": [[-0.8361549973487854, -0.5484932661056519, 0.0, 877.662109375], [0.5484932661056519, -0.8361549973487854, 0.0, 1634.1220703125], [0.0, 0.0, 1.0, 0.0], [0.0, 0.0, 0.0, 1.0]], "pose_inverse": [[-0.8361549973487854, 0.5484932661056519, 0.0, -162.44337463378906], [-0.5484932661056519, -0.8361549973487854, 0.0, 1847.77099609375], [0.0, 0.0, 1.0, 0.0], [0.0, 0.0, 0.0, 1.0]], "cam_ids": [0, 1, 2, 3, 4, 5], "cam_channels": ["CAM_FRONT_LEFT", "CAM_FRONT", "CAM_FRONT_RIGHT", "CAM_BACK_LEFT", "CAM_BACK", "CAM_BACK_RIGHT"], "token": "674aba4c05ac4813946e090b97624bad", "scene": "scene-0050"}, {"images": ["samples/CAM_FRONT_LEFT/n015-2018-07-24-11-13-19+0800__CAM_FRONT_LEFT__1532402280004844.jpg", "samples/CAM_FRONT/n015-2018-07-24-11-13-19+0800__CAM_FRONT__1532402280012460.jpg", "samples/CAM_FRONT_RIGHT/n015-2018-07-24-11-13-19+0800__CAM_FRONT_RIGHT__1532402280020339.jpg", "samples/CAM_BACK_LEFT/n015-2018-07-24-11-13-19+0800__CAM_BACK_LEFT__1532402280047423.jpg", "samples/CAM_BACK/n015-2018-07-24-11-13-19+0800__CAM_BACK__1532402280037525.jpg", "samples/CAM_BACK_RIGHT/n015-2018-07-24-11-13-19+0800__CAM_BACK_RIGHT__1532402280027900.jpg"], "intrinsics": [[[1272.5979470598488, 0.0, 826.6154927353808], [0.0, 1272.5979470598488, 479.75165386361925], [0.0, 0.0, 1.0]], [[1266.417203046554, 0.0, 816.2670197447984], [0.0, 1266.417203046554, 491.50706579294757], [0.0, 0.0, 1.0]], [[1260.8474446004698, 0.0, 807.968244525554], [0.0, 1260.8474446004698, 495.3344268742088], [0.0, 0.0, 1.0]], [[1256.7414812095406, 0.0, 792.1125740759628], [0.0, 1256.7414812095406, 492.7757465151356], [0.0, 0.0, 1.0]], [[809.2209905677063, 0.0, 829.2196003259838], [0.0, 809.2209905677063, 481.77842384512485], [0.0, 0.0, 1.0]], [[1259.5137405846733, 0.0, 807.2529053838625], [0.0, 1259.5137405846733, 501.19579884916527], [0.0, 0.0, 1.0]]], "extrinsics": [[[0.8221357464790344, -0.5692755579948425, 0.004275707993656397, -0.6627197265625], [0.004796561319380999, -0.0005836087511852384, -0.999988317489624, 1.5100072622299194], [0.5692713260650635, 0.8221465349197388, 0.0022507591638714075, -1.0726318359375], [0.0, 0.0, 0.0, 1.0]], [[0.007676352746784687, -0.9999588131904602, 0.00485328771173954, 0.0084228515625], [4.084471220267005e-05, -0.004853116814047098, -0.9999882578849792, 1.5205492973327637], [0.9999704360961914, 0.007676406763494015, 3.589059588193777e-06, -1.3892974853515625], [0.0, 0.0, 0.0, 1.0]], [[-0.8319889903068542, -0.5546644926071167, -0.011896392330527306, 0.83526611328125], [0.006187564693391323, 0.012164648622274399, -0.9999068379402161, 1.505105972290039], [0.5547574758529663, -0.8319851160049438, -0.006688830442726612, -1.11669921875], [0.0, 0.0, 0.0, 1.0]], [[0.9476639032363892, 0.3191009759902954, 0.010377216152846813, -1.12945556640625], [0.017396895214915276, -0.01915590465068817, -0.9996651411056519, 1.5887832641601562], [-0.3187953233718872, 0.9475271105766296, -0.02370472438633442, -0.1080322265625], [0.0, 0.0, 0.0, 1.0]], [[0.0018242046935483813, 0.9999592900276184, -0.008838037960231304, 0.0029296875], [-0.009093768894672394, -0.008821098133921623, -0.9999197721481323, 1.5784997940063477], [-0.9999569654464722, 0.0019044500077143312, 0.00907730683684349, -0.092681884765625], [0.0, 0.0, 0.0, 1.0]], [[-0.935090184211731, 0.35391515493392944, -0.018717944622039795, 0.97332763671875], [0.02263288013637066, 0.006925617344677448, -0.9997198581695557, 1.5553874969482422], [-0.3536863923072815, -0.9352519512176514, -0.01448619645088911, -0.1246337890625], [0.0, 0.0, 0.0, 1.0]]], "view": [[0.0, -2.0, 100.0], [-2.0, 0.0, 100.0], [0.0, 0.0, 1.0]], "bev": "bev_bd5296a480d84e7ebfae0b5eb405246a.png", "aux": "aux_bd5296a480d84e7ebfae0b5eb405246a.npz", "visibility": "visibility_bd5296a480d84e7ebfae0b5eb405246a.png", "pose": [[-0.8180611729621887, -0.5751312375068665, 0.0, 874.3279418945312], [0.5751312375068665, -0.8180611729621887, 0.0, 1636.4276123046875], [0.0, 0.0, 1.0, 0.0], [0.0, 0.0, 0.0, 1.0]], "pose_inverse": [[-0.8180611729621887, 0.5751312375068665, 0.0, -225.90684509277344], [-0.5751312375068665, -0.8180611729621887, 0.0, 1841.5511474609375], [0.0, 0.0, 1.0, 0.0], [0.0, 0.0, 0.0, 1.0]], "cam_ids": [0, 1, 2, 3, 4, 5], "cam_channels": ["CAM_FRONT_LEFT", "CAM_FRONT", "CAM_FRONT_RIGHT", "CAM_BACK_LEFT", "CAM_BACK", "CAM_BACK_RIGHT"], "token": "bd5296a480d84e7ebfae0b5eb405246a", "scene": "scene-0050"}, {"images": ["samples/CAM_FRONT_LEFT/n015-2018-07-24-11-13-19+0800__CAM_FRONT_LEFT__1532402280654844.jpg", "samples/CAM_FRONT/n015-2018-07-24-11-13-19+0800__CAM_FRONT__1532402280662460.jpg", "samples/CAM_FRONT_RIGHT/n015-2018-07-24-11-13-19+0800__CAM_FRONT_RIGHT__1532402280670739.jpg", "samples/CAM_BACK_LEFT/n015-2018-07-24-11-13-19+0800__CAM_BACK_LEFT__1532402280697423.jpg", "samples/CAM_BACK/n015-2018-07-24-11-13-19+0800__CAM_BACK__1532402280687525.jpg", "samples/CAM_BACK_RIGHT/n015-2018-07-24-11-13-19+0800__CAM_BACK_RIGHT__1532402280677893.jpg"], "intrinsics": [[[1272.5979470598488, 0.0, 826.6154927353808], [0.0, 1272.5979470598488, 479.75165386361925], [0.0, 0.0, 1.0]], [[1266.417203046554, 0.0, 816.2670197447984], [0.0, 1266.417203046554, 491.50706579294757], [0.0, 0.0, 1.0]], [[1260.8474446004698, 0.0, 807.968244525554], [0.0, 1260.8474446004698, 495.3344268742088], [0.0, 0.0, 1.0]], [[1256.7414812095406, 0.0, 792.1125740759628], [0.0, 1256.7414812095406, 492.7757465151356], [0.0, 0.0, 1.0]], [[809.2209905677063, 0.0, 829.2196003259838], [0.0, 809.2209905677063, 481.77842384512485], [0.0, 0.0, 1.0]], [[1259.5137405846733, 0.0, 807.2529053838625], [0.0, 1259.5137405846733, 501.19579884916527], [0.0, 0.0, 1.0]]], "extrinsics": [[[0.8212484121322632, -0.5704382061958313, 0.012299900874495506, -0.6522216796875], [0.010842978954315186, -0.005950130056589842, -0.9999235272407532, 1.512373924255371], [0.5704677700996399, 0.821319043636322, 0.0012987153604626656, -1.0660400390625], [0.0, 0.0, 0.0, 1.0]], [[0.006362465210258961, -0.9999309778213501, 0.009874320589005947, 0.009033203125], [0.00583051098510623, -0.00983725767582655, -0.9999346137046814, 1.522378921508789], [0.9999627470970154, 0.006419613491743803, 0.005767518188804388, -1.378875732421875], [0.0, 0.0, 0.0, 1.0]], [[-0.832517683506012, -0.5538234710693359, -0.013924729079008102, 0.831787109375], [0.011712627485394478, 0.007533826399594545, -0.9999029636383057, 1.506464958190918], [0.553874671459198, -0.8325999975204468, 0.00021468554041348398, -1.1134033203125], [0.0, 0.0, 0.0, 1.0]], [[0.9476389288902283, 0.31908074021339417, 0.012956872582435608, -1.13543701171875], [0.021227970719337463, -0.022457532584667206, -0.9995223879814148, 1.5887031555175781], [-0.3186374306678772, 0.9474614262580872, -0.028055068105459213, -0.10595703125], [0.0, 0.0, 0.0, 1.0]], [[0.0023127668537199497, 0.9999188184738159, -0.012532513588666916, 0.0025634765625], [-0.00443588150665164, -0.012522165663540363, -0.9999117255210876, 1.5789451599121094], [-0.9999874830245972, 0.0023682184983044863, 0.004406558349728584, -0.092498779296875], [0.0, 0.0, 0.0, 1.0]], [[-0.9346909523010254, 0.3545742630958557, -0.02509770542383194, 0.96832275390625], [0.027844347059726715, 0.0026453498285263777, -0.9996087551116943, 1.5564351081848145], [-0.35436907410621643, -0.9350241422653198, -0.012345473282039165, -0.126220703125], [0.0, 0.0, 0.0, 1.0]]], "view": [[0.0, -2.0, 100.0], [-2.0, 0.0, 100.0], [0.0, 0.0, 1.0]], "bev": "bev_8b42cdb43ffa4821b3e80a3f6b503290.png", "aux": "aux_8b42cdb43ffa4821b3e80a3f6b503290.npz", "visibility": "visibility_8b42cdb43ffa4821b3e80a3f6b503290.png", "pose": [[-0.8039523959159851, -0.594693660736084, 0.0, 869.8770751953125], [0.594693660736084, -0.8039523959159851, 0.0, 1639.689208984375], [0.0, 0.0, 1.0, 0.0], [0.0, 0.0, 0.0, 1.0]], "pose_inverse": [[-0.8039523959159851, 0.594693660736084, 0.0, -275.7730712890625], [-0.594693660736084, -0.8039523959159851, 0.0, 1835.54248046875], [0.0, 0.0, 1.0, 0.0], [0.0, 0.0, 0.0, 1.0]], "cam_ids": [0, 1, 2, 3, 4, 5], "cam_channels": ["CAM_FRONT_LEFT", "CAM_FRONT", "CAM_FRONT_RIGHT", "CAM_BACK_LEFT", "CAM_BACK", "CAM_BACK_RIGHT"], "token": "8b42cdb43ffa4821b3e80a3f6b503290", "scene": "scene-0050"}, {"images": ["samples/CAM_FRONT_LEFT/n015-2018-07-24-11-13-19+0800__CAM_FRONT_LEFT__1532402281154844.jpg", "samples/CAM_FRONT/n015-2018-07-24-11-13-19+0800__CAM_FRONT__1532402281162460.jpg", "samples/CAM_FRONT_RIGHT/n015-2018-07-24-11-13-19+0800__CAM_FRONT_RIGHT__1532402281170339.jpg", "samples/CAM_BACK_LEFT/n015-2018-07-24-11-13-19+0800__CAM_BACK_LEFT__1532402281197423.jpg", "samples/CAM_BACK/n015-2018-07-24-11-13-19+0800__CAM_BACK__1532402281187525.jpg", "samples/CAM_BACK_RIGHT/n015-2018-07-24-11-13-19+0800__CAM_BACK_RIGHT__1532402281177893.jpg"], "intrinsics": [[[1272.5979470598488, 0.0, 826.6154927353808], [0.0, 1272.5979470598488, 479.75165386361925], [0.0, 0.0, 1.0]], [[1266.417203046554, 0.0, 816.2670197447984], [0.0, 1266.417203046554, 491.50706579294757], [0.0, 0.0, 1.0]], [[1260.8474446004698, 0.0, 807.968244525554], [0.0, 1260.8474446004698, 495.3344268742088], [0.0, 0.0, 1.0]], [[1256.7414812095406, 0.0, 792.1125740759628], [0.0, 1256.7414812095406, 492.7757465151356], [0.0, 0.0, 1.0]], [[809.2209905677063, 0.0, 829.2196003259838], [0.0, 809.2209905677063, 481.77842384512485], [0.0, 0.0, 1.0]], [[1259.5137405846733, 0.0, 807.2529053838625], [0.0, 1259.5137405846733, 501.19579884916527], [0.0, 0.0, 1.0]]], "extrinsics": [[[0.8208805918693542, -0.5709861516952515, 0.0113928047940135, -0.647216796875], [0.01054245326668024, -0.004795117769390345, -0.9999328851699829, 1.5123252868652344], [0.5710024237632751, 0.820945680141449, 0.002083375584334135, -1.06103515625], [0.0, 0.0, 0.0, 1.0]], [[0.005826943553984165, -0.9999436736106873, 0.008860781788825989, 0.0079345703125], [0.005379107315093279, -0.008829460479319096, -0.9999465346336365, 1.5222454071044922], [0.9999685883522034, 0.005874313414096832, 0.005327356047928333, -1.375640869140625], [0.0, 0.0, 0.0, 1.0]], [[-0.83275306224823, -0.5534670948982239, -0.014015227556228638, 0.82867431640625], [0.011253093369305134, 0.008388573303818703, -0.9999014735221863, 1.5063934326171875], [0.5535301566123962, -0.8328287601470947, -0.0007573929033242166, -1.112548828125], [0.0, 0.0, 0.0, 1.0]], [[0.9476552605628967, 0.3190503716468811, 0.01250130869448185, -1.14544677734375], [0.02058941125869751, -0.021990343928337097, -0.9995461702346802, 1.5884819030761719], [-0.31863078474998474, 0.9474826455116272, -0.027408326044678688, -0.1025390625], [0.0, 0.0, 0.0, 1.0]], [[0.0024747559800744057, 0.9999250769615173, -0.01199341006577015, 0.0028076171875], [-0.00492142653092742, -0.011981122195720673, -0.999916136264801, 1.578927993774414], [-0.999984860420227, 0.0025335578247904778, 0.004891407210379839, -0.0853271484375], [0.0, 0.0, 0.0, 1.0]], [[-0.9345903992652893, 0.3548848032951355, -0.02444448508322239, 0.97186279296875], [0.027425745502114296, 0.003372039645910263, -0.9996181726455688, 1.5562655925750732], [-0.35466691851615906, -0.9349039793014526, -0.012884455733001232, -0.12548828125], [0.0, 0.0, 0.0, 1.0]]], "view": [[0.0, -2.0, 100.0], [-2.0, 0.0, 100.0], [0.0, 0.0, 1.0]], "bev": "bev_e89e4f527aad4a68babfb876363dc739.png", "aux": "aux_e89e4f527aad4a68babfb876363dc739.npz", "visibility": "visibility_e89e4f527aad4a68babfb876363dc739.png", "pose": [[-0.7996420860290527, -0.6004769206047058, 0.0, 866.2915649414062], [0.6004769206047058, -0.7996420860290527, 0.0, 1642.40771484375], [0.0, 0.0, 1.0, 0.0], [0.0, 0.0, 0.0, 1.0]], "pose_inverse": [[-0.7996420860290527, 0.6004769206047058, 0.0, -293.5047607421875], [-0.6004769206047058, -0.7996420860290527, 0.0, 1833.5263671875], [0.0, 0.0, 1.0, 0.0], [0.0, 0.0, 0.0, 1.0]], "cam_ids": [0, 1, 2, 3, 4, 5], "cam_channels": ["CAM_FRONT_LEFT", "CAM_FRONT", "CAM_FRONT_RIGHT", "CAM_BACK_LEFT", "CAM_BACK", "CAM_BACK_RIGHT"], "token": "e89e4f527aad4a68babfb876363dc739", "scene": "scene-0050"}, {"images": ["samples/CAM_FRONT_LEFT/n015-2018-07-24-11-13-19+0800__CAM_FRONT_LEFT__1532402281654844.jpg", "samples/CAM_FRONT/n015-2018-07-24-11-13-19+0800__CAM_FRONT__1532402281662460.jpg", "samples/CAM_FRONT_RIGHT/n015-2018-07-24-11-13-19+0800__CAM_FRONT_RIGHT__1532402281670339.jpg", "samples/CAM_BACK_LEFT/n015-2018-07-24-11-13-19+0800__CAM_BACK_LEFT__1532402281697423.jpg", "samples/CAM_BACK/n015-2018-07-24-11-13-19+0800__CAM_BACK__1532402281687529.jpg", "samples/CAM_BACK_RIGHT/n015-2018-07-24-11-13-19+0800__CAM_BACK_RIGHT__1532402281677893.jpg"], "intrinsics": [[[1272.5979470598488, 0.0, 826.6154927353808], [0.0, 1272.5979470598488, 479.75165386361925], [0.0, 0.0, 1.0]], [[1266.417203046554, 0.0, 816.2670197447984], [0.0, 1266.417203046554, 491.50706579294757], [0.0, 0.0, 1.0]], [[1260.8474446004698, 0.0, 807.968244525554], [0.0, 1260.8474446004698, 495.3344268742088], [0.0, 0.0, 1.0]], [[1256.7414812095406, 0.0, 792.1125740759628], [0.0, 1256.7414812095406, 492.7757465151356], [0.0, 0.0, 1.0]], [[809.2209905677063, 0.0, 829.2196003259838], [0.0, 809.2209905677063, 481.77842384512485], [0.0, 0.0, 1.0]], [[1259.5137405846733, 0.0, 807.2529053838625], [0.0, 1259.5137405846733, 501.19579884916527], [0.0, 0.0, 1.0]]], "extrinsics": [[[0.8207599520683289, -0.5711008906364441, 0.014030885882675648, -0.638427734375], [0.011771708726882935, -0.0076479604467749596, -0.9999014139175415, 1.5129337310791016], [0.5711519122123718, 0.8208441734313965, 0.00044569509918801486, -1.0518798828125], [0.0, 0.0, 0.0, 1.0]], [[0.005728135351091623, -0.9999151825904846, 0.011694290675222874, 0.006103515625], [0.006489424966275692, -0.011657064780592918, -0.9999110698699951, 1.5226402282714844], [0.9999625086784363, 0.005803515203297138, 0.006422101054340601, -1.366119384765625], [0.0, 0.0, 0.0, 1.0]], [[-0.8327349424362183, -0.5535154938697815, -0.013150026090443134, 0.82257080078125], [0.012077448889613152, 0.005585294216871262, -0.9999114274978638, 1.5066847801208496], [0.5535399317741394, -0.8328200578689575, 0.0020339852198958397, -1.1097412109375], [0.0, 0.0, 0.0, 1.0]], [[0.9476564526557922, 0.31908226013183594, 0.01156043540686369, -1.147186279296875], [0.02058648131787777, -0.02492937445640564, -0.999477207660675, 1.5884475708007812], [-0.318627268075943, 0.9473990797996521, -0.030193263664841652, -0.10205078125], [0.0, 0.0, 0.0, 1.0]], [[0.002480324823409319, 0.999886691570282, -0.014849175699055195, 0.003173828125], [-0.00475282920524478, -0.014837265945971012, -0.9998786449432373, 1.5789318084716797], [-0.9999855756759644, 0.002550629200413823, 0.004715488757938147, -0.0869140625], [0.0, 0.0, 0.0, 1.0]], [[-0.9345851540565491, 0.35479435324668884, -0.025912323966622353, 0.96826171875], [0.027919158339500427, 0.0005372446030378342, -0.9996100068092346, 1.5564746856689453], [-0.3546421527862549, -0.934944212436676, -0.010407663881778717, -0.1278076171875], [0.0, 0.0, 0.0, 1.0]]], "view": [[0.0, -2.0, 100.0], [-2.0, 0.0, 100.0], [0.0, 0.0, 1.0]], "bev": "bev_6eb7575992764142a9eb7d5757b7c6ea.png", "aux": "aux_6eb7575992764142a9eb7d5757b7c6ea.npz", "visibility": "visibility_6eb7575992764142a9eb7d5757b7c6ea.png", "pose": [[-0.7968422174453735, -0.6041874289512634, 0.0, 862.5656127929688], [0.6041874289512634, -0.7968422174453735, 0.0, 1645.2371826171875], [0.0, 0.0, 1.0, 0.0], [0.0, 0.0, 0.0, 1.0]], "pose_inverse": [[-0.7968422174453735, 0.6041874289512634, 0.0, -306.70294189453125], [-0.6041874289512634, -0.7968422174453735, 0.0, 1832.145751953125], [0.0, 0.0, 1.0, 0.0], [0.0, 0.0, 0.0, 1.0]], "cam_ids": [0, 1, 2, 3, 4, 5], "cam_channels": ["CAM_FRONT_LEFT", "CAM_FRONT", "CAM_FRONT_RIGHT", "CAM_BACK_LEFT", "CAM_BACK", "CAM_BACK_RIGHT"], "token": "6eb7575992764142a9eb7d5757b7c6ea", "scene": "scene-0050"}, {"images": ["samples/CAM_FRONT_LEFT/n015-2018-07-24-11-13-19+0800__CAM_FRONT_LEFT__1532402282154844.jpg", "samples/CAM_FRONT/n015-2018-07-24-11-13-19+0800__CAM_FRONT__1532402282162460.jpg", "samples/CAM_FRONT_RIGHT/n015-2018-07-24-11-13-19+0800__CAM_FRONT_RIGHT__1532402282170339.jpg", "samples/CAM_BACK_LEFT/n015-2018-07-24-11-13-19+0800__CAM_BACK_LEFT__1532402282197423.jpg", "samples/CAM_BACK/n015-2018-07-24-11-13-19+0800__CAM_BACK__1532402282187525.jpg", "samples/CAM_BACK_RIGHT/n015-2018-07-24-11-13-19+0800__CAM_BACK_RIGHT__1532402282177893.jpg"], "intrinsics": [[[1272.5979470598488, 0.0, 826.6154927353808], [0.0, 1272.5979470598488, 479.75165386361925], [0.0, 0.0, 1.0]], [[1266.417203046554, 0.0, 816.2670197447984], [0.0, 1266.417203046554, 491.50706579294757], [0.0, 0.0, 1.0]], [[1260.8474446004698, 0.0, 807.968244525554], [0.0, 1260.8474446004698, 495.3344268742088], [0.0, 0.0, 1.0]], [[1256.7414812095406, 0.0, 792.1125740759628], [0.0, 1256.7414812095406, 492.7757465151356], [0.0, 0.0, 1.0]], [[809.2209905677063, 0.0, 829.2196003259838], [0.0, 809.2209905677063, 481.77842384512485], [0.0, 0.0, 1.0]], [[1259.5137405846733, 0.0, 807.2529053838625], [0.0, 1259.5137405846733, 501.19579884916527], [0.0, 0.0, 1.0]]], "extrinsics": [[[0.8209044337272644, -0.5708801746368408, 0.01455310732126236, -0.626220703125], [0.01381117757409811, -0.005629607476294041, -0.9998887777328491, 1.5139331817626953], [0.5708985924720764, 0.8210141062736511, 0.003263157093897462, -1.0482177734375], [0.0, 0.0, 0.0, 1.0]], [[0.005857587326318026, -0.9999366402626038, 0.0096078896895051, 0.009033203125], [0.008644310757517815, -0.009557063691318035, -0.9999170303344727, 1.5234661102294922], [0.9999454617500305, 0.005940211936831474, 0.00858778040856123, -1.35546875], [0.0, 0.0, 0.0, 1.0]], [[-0.8327034115791321, -0.5534796118736267, -0.0162921492010355, 0.81597900390625], [0.014389912597835064, 0.00778247881680727, -0.9998661279678345, 1.5073833465576172], [0.5535323023796082, -0.8328263759613037, 0.001484027481637895, -1.1031494140625], [0.0, 0.0, 0.0, 1.0]], [[0.9476006627082825, 0.3190956115722656, 0.015198417007923126, -1.14312744140625], [0.023531585931777954, -0.022275805473327637, -0.9994748830795288, 1.5885238647460938], [-0.318589448928833, 0.9474607706069946, -0.028617393225431442, -0.103515625], [0.0, 0.0, 0.0, 1.0]], [[0.002489120466634631, 0.9999186992645264, -0.012508444488048553, 0.00244140625], [-0.002045486820861697, -0.012503365986049175, -0.9999197721481323, 1.579172134399414], [-0.9999948740005493, 0.0025144603569060564, 0.002014198573306203, -0.0926513671875], [0.0, 0.0, 0.0, 1.0]], [[-0.9345176815986633, 0.35485753417015076, -0.027437124401330948, 0.96038818359375], [0.03041035123169422, 0.002803044393658638, -0.9995335340499878, 1.5571560859680176], [-0.35461509227752686, -0.9349161982536316, -0.013410834595561028, -0.129150390625], [0.0, 0.0, 0.0, 1.0]]], "view": [[0.0, -2.0, 100.0], [-2.0, 0.0, 100.0], [0.0, 0.0, 1.0]], "bev": "bev_ab679f5fb0924fcb9b4049f7a3a27dfb.png", "aux": "aux_ab679f5fb0924fcb9b4049f7a3a27dfb.npz", "visibility": "visibility_ab679f5fb0924fcb9b4049f7a3a27dfb.png", "pose": [[-0.7934415340423584, -0.6086465120315552, 0.0, 858.7737426757812], [0.6086465120315552, -0.7934415340423584, 0.0, 1648.1453857421875], [0.0, 0.0, 1.0, 0.0], [0.0, 0.0, 0.0, 1.0]], "pose_inverse": [[-0.7934415340423584, 0.6086465120315552, 0.0, -321.7511291503906], [-0.6086465120315552, -0.7934415340423584, 0.0, 1830.3966064453125], [0.0, 0.0, 1.0, 0.0], [0.0, 0.0, 0.0, 1.0]], "cam_ids": [0, 1, 2, 3, 4, 5], "cam_channels": ["CAM_FRONT_LEFT", "CAM_FRONT", "CAM_FRONT_RIGHT", "CAM_BACK_LEFT", "CAM_BACK", "CAM_BACK_RIGHT"], "token": "ab679f5fb0924fcb9b4049f7a3a27dfb", "scene": "scene-0050"}, {"images": ["samples/CAM_FRONT_LEFT/n015-2018-07-24-11-13-19+0800__CAM_FRONT_LEFT__1532402282654844.jpg", "samples/CAM_FRONT/n015-2018-07-24-11-13-19+0800__CAM_FRONT__1532402282662460.jpg", "samples/CAM_FRONT_RIGHT/n015-2018-07-24-11-13-19+0800__CAM_FRONT_RIGHT__1532402282670339.jpg", "samples/CAM_BACK_LEFT/n015-2018-07-24-11-13-19+0800__CAM_BACK_LEFT__1532402282697516.jpg", "samples/CAM_BACK/n015-2018-07-24-11-13-19+0800__CAM_BACK__1532402282687525.jpg", "samples/CAM_BACK_RIGHT/n015-2018-07-24-11-13-19+0800__CAM_BACK_RIGHT__1532402282677893.jpg"], "intrinsics": [[[1272.5979470598488, 0.0, 826.6154927353808], [0.0, 1272.5979470598488, 479.75165386361925], [0.0, 0.0, 1.0]], [[1266.417203046554, 0.0, 816.2670197447984], [0.0, 1266.417203046554, 491.50706579294757], [0.0, 0.0, 1.0]], [[1260.8474446004698, 0.0, 807.968244525554], [0.0, 1260.8474446004698, 495.3344268742088], [0.0, 0.0, 1.0]], [[1256.7414812095406, 0.0, 792.1125740759628], [0.0, 1256.7414812095406, 492.7757465151356], [0.0, 0.0, 1.0]], [[809.2209905677063, 0.0, 829.2196003259838], [0.0, 809.2209905677063, 481.77842384512485], [0.0, 0.0, 1.0]], [[1259.5137405846733, 0.0, 807.2529053838625], [0.0, 1259.5137405846733, 501.19579884916527], [0.0, 0.0, 1.0]]], "extrinsics": [[[0.8210259675979614, -0.5706949830055237, 0.01495376043021679, -0.6092529296875], [0.015483027324080467, -0.003924838732928038, -0.9998724460601807, 1.5149402618408203], [0.5706808567047119, 0.8211528062820435, 0.005613691173493862, -1.035888671875], [0.0, 0.0, 0.0, 1.0]], [[0.006024690344929695, -0.9999487400054932, 0.008138780482113361, 0.0087890625], [0.010436443611979485, -0.008075610734522343, -0.9999129772186279, 1.5242538452148438], [0.9999274015426636, 0.006109111942350864, 0.010387253947556019, -1.337188720703125], [0.0, 0.0, 0.0, 1.0]], [[-0.8326091170310974, -0.553546667098999, -0.018659105524420738, 0.80328369140625], [0.016348881646990776, 0.009111442603170872, -0.9998248219490051, 1.508143424987793], [0.5536197423934937, -0.8327683210372925, 0.00146359927020967, -1.0950927734375], [0.0, 0.0, 0.0, 1.0]], [[0.9475530982017517, 0.31911131739616394, 0.01764088310301304, -1.139984130859375], [0.02588927559554577, -0.0216244924813509, -0.9994308948516846, 1.5886154174804688], [-0.31854814291000366, 0.9474705457687378, -0.028751911595463753, -0.1044921875], [0.0, 0.0, 0.0, 1.0]], [[0.0024643484503030777, 0.9999325275421143, -0.011354333721101284, 0.0028076171875], [0.00018706127593759447, -0.01135482918471098, -0.9999355673789978, 1.5793819427490234], [-0.9999970197677612, 0.002462108386680484, -0.00021503234165720642, -0.101043701171875], [0.0, 0.0, 0.0, 1.0]], [[-0.9344799518585205, 0.35483697056770325, -0.028947653248906136, 0.94927978515625], [0.03250012919306755, 0.004054228309541941, -0.9994634985923767, 1.557941198348999], [-0.3545292317867279, -0.9349193572998047, -0.01532084122300148, -0.134033203125], [0.0, 0.0, 0.0, 1.0]]], "view": [[0.0, -2.0, 100.0], [-2.0, 0.0, 100.0], [0.0, 0.0, 1.0]], "bev": "bev_b2415870ab6343b0b54b9833a8d94371.png", "aux": "aux_b2415870ab6343b0b54b9833a8d94371.npz", "visibility": "visibility_b2415870ab6343b0b54b9833a8d94371.png", "pose": [[-0.7906284332275391, -0.6122962832450867, 0.0, 854.8863525390625], [0.6122962832450867, -0.7906284332275391, 0.0, 1651.1583251953125], [0.0, 0.0, 1.0, 0.0], [0.0, 0.0, 0.0, 1.0]], "pose_inverse": [[-0.7906284332275391, 0.6122962832450867, 0.0, -335.1006164550781], [-0.6122962832450867, -0.7906284332275391, 0.0, 1828.8963623046875], [0.0, 0.0, 1.0, 0.0], [0.0, 0.0, 0.0, 1.0]], "cam_ids": [0, 1, 2, 3, 4, 5], "cam_channels": ["CAM_FRONT_LEFT", "CAM_FRONT", "CAM_FRONT_RIGHT", "CAM_BACK_LEFT", "CAM_BACK", "CAM_BACK_RIGHT"], "token": "b2415870ab6343b0b54b9833a8d94371", "scene": "scene-0050"}, {"images": ["samples/CAM_FRONT_LEFT/n015-2018-07-24-11-13-19+0800__CAM_FRONT_LEFT__1532402283154844.jpg", "samples/CAM_FRONT/n015-2018-07-24-11-13-19+0800__CAM_FRONT__1532402283162460.jpg", "samples/CAM_FRONT_RIGHT/n015-2018-07-24-11-13-19+0800__CAM_FRONT_RIGHT__1532402283170339.jpg", "samples/CAM_BACK_LEFT/n015-2018-07-24-11-13-19+0800__CAM_BACK_LEFT__1532402283197423.jpg", "samples/CAM_BACK/n015-2018-07-24-11-13-19+0800__CAM_BACK__1532402283187525.jpg", "samples/CAM_BACK_RIGHT/n015-2018-07-24-11-13-19+0800__CAM_BACK_RIGHT__1532402283177893.jpg"], "intrinsics": [[[1272.5979470598488, 0.0, 826.6154927353808], [0.0, 1272.5979470598488, 479.75165386361925], [0.0, 0.0, 1.0]], [[1266.417203046554, 0.0, 816.2670197447984], [0.0, 1266.417203046554, 491.50706579294757], [0.0, 0.0, 1.0]], [[1260.8474446004698, 0.0, 807.968244525554], [0.0, 1260.8474446004698, 495.3344268742088], [0.0, 0.0, 1.0]], [[1256.7414812095406, 0.0, 792.1125740759628], [0.0, 1256.7414812095406, 492.7757465151356], [0.0, 0.0, 1.0]], [[809.2209905677063, 0.0, 829.2196003259838], [0.0, 809.2209905677063, 481.77842384512485], [0.0, 0.0, 1.0]], [[1259.5137405846733, 0.0, 807.2529053838625], [0.0, 1259.5137405846733, 501.19579884916527], [0.0, 0.0, 1.0]]], "extrinsics": [[[0.8199518322944641, -0.5722876787185669, 0.012881467118859291, -0.6063232421875], [0.013798752799630165, -0.0027361793909221888, -0.9999010562896729, 1.5142583847045898], [0.5722662210464478, 0.8200483918190002, 0.005653320346027613, -1.03466796875], [0.0, 0.0, 0.0, 1.0]], [[0.004578359890729189, -0.9999658465385437, 0.006885587703436613, 0.0098876953125], [0.008492421358823776, -0.006846531759947538, -0.9999405741691589, 1.5235958099365234], [0.9999535083770752, 0.0046365042217075825, 0.008460784330964088, -1.3343505859375], [0.0, 0.0, 0.0, 1.0]], [[-0.8331952691078186, -0.5527028441429138, -0.01747196353971958, 0.80169677734375], [0.014091197401285172, 0.010364651679992676, -0.9998469352722168, 1.5075416564941406], [0.5527993440628052, -0.8333138823509216, -0.0008475325303152204, -1.0926513671875], [0.0, 0.0, 0.0, 1.0]], [[0.9476211667060852, 0.31903156638145447, 0.015261141583323479, -1.140167236328125], [0.02276431955397129, -0.01980293169617653, -0.9995446801185608, 1.5886001586914062], [-0.31858405470848083, 0.9475372433662415, -0.026028214022517204, -0.1044921875], [0.0, 0.0, 0.0, 1.0]], [[0.002791512990370393, 0.9999477863311768, -0.00983102060854435, 0.0023193359375], [-0.0027396269142627716, -0.009823372587561607, -0.9999480247497559, 1.5790815353393555], [-0.9999923706054688, 0.0028183648828417063, 0.0027120609302073717, -0.101470947265625], [0.0, 0.0, 0.0, 1.0]], [[-0.9343106746673584, 0.35550785064697266, -0.0260310061275959, 0.94732666015625], [0.02991877682507038, 0.005441410932689905, -0.9995375275611877, 1.5574697256088257], [-0.3552018404006958, -0.9346575140953064, -0.01572032831609249, -0.133544921875], [0.0, 0.0, 0.0, 1.0]]], "view": [[0.0, -2.0, 100.0], [-2.0, 0.0, 100.0], [0.0, 0.0, 1.0]], "bev": "bev_057db3b976d2449781b5e281b11db22c.png", "aux": "aux_057db3b976d2449781b5e281b11db22c.npz", "visibility": "visibility_057db3b976d2449781b5e281b11db22c.png", "pose": [[-0.7944511771202087, -0.6073280572891235, 0.0, 850.893310546875], [0.6073280572891235, -0.7944511771202087, 0.0, 1654.2943115234375], [0.0, 0.0, 1.0, 0.0], [0.0, 0.0, 0.0, 1.0]], "pose_inverse": [[-0.7944511771202087, 0.6073280572891235, 0.0, -328.7061462402344], [-0.6073280572891235, -0.7944511771202087, 0.0, 1831.0274658203125], [0.0, 0.0, 1.0, 0.0], [0.0, 0.0, 0.0, 1.0]], "cam_ids": [0, 1, 2, 3, 4, 5], "cam_channels": ["CAM_FRONT_LEFT", "CAM_FRONT", "CAM_FRONT_RIGHT", "CAM_BACK_LEFT", "CAM_BACK", "CAM_BACK_RIGHT"], "token": "057db3b976d2449781b5e281b11db22c", "scene": "scene-0050"}, {"images": ["samples/CAM_FRONT_LEFT/n015-2018-07-24-11-13-19+0800__CAM_FRONT_LEFT__1532402283604844.jpg", "samples/CAM_FRONT/n015-2018-07-24-11-13-19+0800__CAM_FRONT__1532402283612460.jpg", "samples/CAM_FRONT_RIGHT/n015-2018-07-24-11-13-19+0800__CAM_FRONT_RIGHT__1532402283620339.jpg", "samples/CAM_BACK_LEFT/n015-2018-07-24-11-13-19+0800__CAM_BACK_LEFT__1532402283647423.jpg", "samples/CAM_BACK/n015-2018-07-24-11-13-19+0800__CAM_BACK__1532402283637525.jpg", "samples/CAM_BACK_RIGHT/n015-2018-07-24-11-13-19+0800__CAM_BACK_RIGHT__1532402283627893.jpg"], "intrinsics": [[[1272.5979470598488, 0.0, 826.6154927353808], [0.0, 1272.5979470598488, 479.75165386361925], [0.0, 0.0, 1.0]], [[1266.417203046554, 0.0, 816.2670197447984], [0.0, 1266.417203046554, 491.50706579294757], [0.0, 0.0, 1.0]], [[1260.8474446004698, 0.0, 807.968244525554], [0.0, 1260.8474446004698, 495.3344268742088], [0.0, 0.0, 1.0]], [[1256.7414812095406, 0.0, 792.1125740759628], [0.0, 1256.7414812095406, 492.7757465151356], [0.0, 0.0, 1.0]], [[809.2209905677063, 0.0, 829.2196003259838], [0.0, 809.2209905677063, 481.77842384512485], [0.0, 0.0, 1.0]], [[1259.5137405846733, 0.0, 807.2529053838625], [0.0, 1259.5137405846733, 501.19579884916527], [0.0, 0.0, 1.0]]], "extrinsics": [[[0.820567786693573, -0.5712826251983643, 0.01745014078915119, -0.6044921875], [0.01665765419602394, -0.00661424221470952, -0.9998393654823303, 1.515559196472168], [0.5713063478469849, 0.8207266926765442, 0.004088794346898794, -1.0301513671875], [0.0, 0.0, 0.0, 1.0]], [[0.0055335029028356075, -0.9999288320541382, 0.010568924248218536, 0.007568359375], [0.011798271909356117, -0.010503067634999752, -0.9998752474784851, 1.5247936248779297], [0.9999150633811951, 0.005657511297613382, 0.01173931173980236, -1.331573486328125], [0.0, 0.0, 0.0, 1.0]], [[-0.8326918482780457, -0.5534208416938782, -0.018698617815971375, 0.7991943359375], [0.017874615266919136, 0.006886512506753206, -0.9998164772987366, 1.5086517333984375], [0.5534480810165405, -0.8328733444213867, 0.00415784353390336, -1.09326171875], [0.0, 0.0, 0.0, 1.0]], [[0.9473785758018494, 0.31954246759414673, 0.01914181187748909, -1.142974853515625], [0.028005113825201988, -0.023165252059698105, -0.9993392825126648, 1.5885353088378906], [-0.3188878297805786, 0.9472887516021729, -0.030895087867975235, -0.1036376953125], [0.0, 0.0, 0.0, 1.0]], [[0.0023848130367696285, 0.9999099373817444, -0.013202352449297905, 0.0030517578125], [0.0019695181399583817, -0.013207060284912586, -0.999910831451416, 1.579559326171875], [-0.999995231628418, 0.0023585744202136993, -0.0020008385181427, -0.10113525390625], [0.0, 0.0, 0.0, 1.0]], [[-0.9343971610069275, 0.3548666834831238, -0.031170275062322617, 0.946533203125], [0.03412043675780296, 0.0020570564083755016, -0.9994156360626221, 1.5583724975585938], [-0.3545950949192047, -0.9349147081375122, -0.014030316844582558, -0.13525390625], [0.0, 0.0, 0.0, 1.0]]], "view": [[0.0, -2.0, 100.0], [-2.0, 0.0, 100.0], [0.0, 0.0, 1.0]], "bev": "bev_1cf2f0c5745d4aa7adc8d449497e780f.png", "aux": "aux_1cf2f0c5745d4aa7adc8d449497e780f.npz", "visibility": "visibility_1cf2f0c5745d4aa7adc8d449497e780f.png", "pose": [[-0.7987767457962036, -0.60162752866745, 0.0, 847.262939453125], [0.60162752866745, -0.7987767457962036, 0.0, 1657.0838623046875], [0.0, 0.0, 1.0, 0.0], [0.0, 0.0, 0.0, 1.0]], "pose_inverse": [[-0.7987767457962036, 0.60162752866745, 0.0, -320.1733703613281], [-0.60162752866745, -0.7987767457962036, 0.0, 1833.3768310546875], [0.0, 0.0, 1.0, 0.0], [0.0, 0.0, 0.0, 1.0]], "cam_ids": [0, 1, 2, 3, 4, 5], "cam_channels": ["CAM_FRONT_LEFT", "CAM_FRONT", "CAM_FRONT_RIGHT", "CAM_BACK_LEFT", "CAM_BACK", "CAM_BACK_RIGHT"], "token": "1cf2f0c5745d4aa7adc8d449497e780f", "scene": "scene-0050"}, {"images": ["samples/CAM_FRONT_LEFT/n015-2018-07-24-11-13-19+0800__CAM_FRONT_LEFT__1532402284104844.jpg", "samples/CAM_FRONT/n015-2018-07-24-11-13-19+0800__CAM_FRONT__1532402284112460.jpg", "samples/CAM_FRONT_RIGHT/n015-2018-07-24-11-13-19+0800__CAM_FRONT_RIGHT__1532402284120339.jpg", "samples/CAM_BACK_LEFT/n015-2018-07-24-11-13-19+0800__CAM_BACK_LEFT__1532402284147423.jpg", "samples/CAM_BACK/n015-2018-07-24-11-13-19+0800__CAM_BACK__1532402284137525.jpg", "samples/CAM_BACK_RIGHT/n015-2018-07-24-11-13-19+0800__CAM_BACK_RIGHT__1532402284127893.jpg"], "intrinsics": [[[1272.5979470598488, 0.0, 826.6154927353808], [0.0, 1272.5979470598488, 479.75165386361925], [0.0, 0.0, 1.0]], [[1266.417203046554, 0.0, 816.2670197447984], [0.0, 1266.417203046554, 491.50706579294757], [0.0, 0.0, 1.0]], [[1260.8474446004698, 0.0, 807.968244525554], [0.0, 1260.8474446004698, 495.3344268742088], [0.0, 0.0, 1.0]], [[1256.7414812095406, 0.0, 792.1125740759628], [0.0, 1256.7414812095406, 492.7757465151356], [0.0, 0.0, 1.0]], [[809.2209905677063, 0.0, 829.2196003259838], [0.0, 809.2209905677063, 481.77842384512485], [0.0, 0.0, 1.0]], [[1259.5137405846733, 0.0, 807.2529053838625], [0.0, 1259.5137405846733, 501.19579884916527], [0.0, 0.0, 1.0]]], "extrinsics": [[[0.8208288550376892, -0.5710553526878357, 0.01165002677589655, -0.5966796875], [0.013610230758786201, -0.0008357737679034472, -0.9999070167541504, 1.5143241882324219], [0.571012020111084, 0.820911169052124, 0.007086167577654123, -1.0283203125], [0.0, 0.0, 0.0, 1.0]], [[0.005860262084752321, -0.9999707937240601, 0.004891722463071346, 0.0098876953125], [0.00866127759218216, -0.004840864799916744, -0.9999508261680603, 1.5237226486206055], [0.999945342540741, 0.005902442615479231, 0.008632656186819077, -1.32574462890625], [0.0, 0.0, 0.0, 1.0]], [[-0.8326223492622375, -0.553512454032898, -0.019073884934186935, 0.796630859375], [0.014639952220022678, 0.012431181035935879, -0.9998155236244202, 1.5077800750732422], [0.553647518157959, -0.8327480554580688, -0.002247083466500044, -1.0892333984375], [0.0, 0.0, 0.0, 1.0]], [[0.9474963545799255, 0.3193014860153198, 0.01723889261484146, -1.141143798828125], [0.024291450157761574, -0.018117941915988922, -0.9995407462120056, 1.5886001586914062], [-0.31884250044822693, 0.9474799633026123, -0.02492297999560833, -0.1048583984375], [0.0, 0.0, 0.0, 1.0]], [[0.002316913800314069, 0.9999654293060303, -0.00798849854618311, 0.001953125], [