[{"images": ["samples/CAM_FRONT_LEFT/n015-2018-07-27-11-36-48+0800__CAM_FRONT_LEFT__1532662699904844.jpg", "samples/CAM_FRONT/n015-2018-07-27-11-36-48+0800__CAM_FRONT__1532662699912460.jpg", "samples/CAM_FRONT_RIGHT/n015-2018-07-27-11-36-48+0800__CAM_FRONT_RIGHT__1532662699920339.jpg", "samples/CAM_BACK_LEFT/n015-2018-07-27-11-36-48+0800__CAM_BACK_LEFT__1532662699947423.jpg", "samples/CAM_BACK/n015-2018-07-27-11-36-48+0800__CAM_BACK__1532662699937525.jpg", "samples/CAM_BACK_RIGHT/n015-2018-07-27-11-36-48+0800__CAM_BACK_RIGHT__1532662699927906.jpg"], "intrinsics": [[[1272.5979470598488, 0.0, 826.6154927353808], [0.0, 1272.5979470598488, 479.75165386361925], [0.0, 0.0, 1.0]], [[1266.417203046554, 0.0, 816.2670197447984], [0.0, 1266.417203046554, 491.50706579294757], [0.0, 0.0, 1.0]], [[1260.8474446004698, 0.0, 807.968244525554], [0.0, 1260.8474446004698, 495.3344268742088], [0.0, 0.0, 1.0]], [[1256.7414812095406, 0.0, 792.1125740759628], [0.0, 1256.7414812095406, 492.7757465151356], [0.0, 0.0, 1.0]], [[809.2209905677063, 0.0, 829.2196003259838], [0.0, 809.2209905677063, 481.77842384512485], [0.0, 0.0, 1.0]], [[1259.5137405846733, 0.0, 807.2529053838625], [0.0, 1259.5137405846733, 501.19579884916527], [0.0, 0.0, 1.0]]], "extrinsics": [[[0.820186972618103, -0.5718973278999329, -0.01506122574210167, -0.7764892578125], [0.0036028611939400434, 0.031489357352256775, -0.9994975924491882, 1.508993148803711], [0.572084367275238, 0.8197206258773804, 0.027887621894478798, -1.15185546875], [0.0, 0.0, 0.0, 1.0]], [[0.004955911543220282, -0.9996173977851868, -0.02721145562827587, 0.008209228515625], [-0.001701389905065298, 0.02720332145690918, -0.999628484249115, 1.5201549530029297], [0.9999862313270569, 0.005000357981771231, -0.0015659211203455925, -1.505615234375], [0.0, 0.0, 0.0, 1.0]], [[-0.8331592082977295, -0.5523394346237183, -0.02769329771399498, 0.9130859375], [0.003929713275283575, 0.04416123405098915, -0.9990166425704956, 1.504129409790039], [0.5530192255973816, -0.8324487805366516, -0.03462279960513115, -1.16748046875], [0.0, 0.0, 0.0, 1.0]], [[0.9476454854011536, 0.3189255893230438, 0.015952423214912415, -1.1427001953125], [0.012450887821614742, 0.01301497034728527, -0.9998377561569214, 1.5885467529296875], [-0.3190814256668091, 0.9476903676986694, 0.008362672291696072, -0.103607177734375], [0.0, 0.0, 0.0, 1.0]], [[0.002456140238791704, 0.9997262954711914, 0.023268932476639748, 0.00213623046875], [-0.012875938788056374, 0.02329869195818901, -0.9996456503868103, 1.5786685943603516], [-0.9999141097068787, 0.0021556790452450514, 0.012929640710353851, -0.050537109375], [0.0, 0.0, 0.0, 1.0]], [[-0.9346233010292053, 0.35560861229896545, -0.0046703023836016655, 1.038818359375], [0.019795389845967293, 0.03890621289610863, -0.9990467429161072, 1.5534477233886719], [-0.35508784651756287, -0.933824896812439, -0.043402064591646194, -0.0992431640625], [0.0, 0.0, 0.0, 1.0]]], "view": [[0.0, -2.0, 100.0], [-2.0, 0.0, 100.0], [0.0, 0.0, 1.0]], "bev": "bev_b6de1b257925456aba659f3873944b9a.png", "aux": "aux_b6de1b257925456aba659f3873944b9a.npz", "visibility": "visibility_b6de1b257925456aba659f3873944b9a.png", "pose": [[0.4505026340484619, -0.8927751183509827, 0.0, 597.8780517578125], [0.8927751183509827, 0.4505026340484619, 0.0, 1800.5460205078125], [0.0, 0.0, 1.0, 0.0], [0.0, 0.0, 0.0, 1.0]], "pose_inverse": [[0.4505026340484619, 0.8927751183509827, 0.0, -1876.8282470703125], [-0.8927751183509827, 0.4505026340484619, 0.0, -277.3800964355469], [0.0, 0.0, 1.0, 0.0], [0.0, 0.0, 0.0, 1.0]], "cam_ids": [0, 1, 2, 3, 4, 5], "cam_channels": ["CAM_FRONT_LEFT", "CAM_FRONT", "CAM_FRONT_RIGHT", "CAM_BACK_LEFT", "CAM_BACK", "CAM_BACK_RIGHT"], "token": "b6de1b257925456aba659f3873944b9a", "scene": "scene-0178"}, {"images": ["samples/CAM_FRONT_LEFT/n015-2018-07-27-11-36-48+0800__CAM_FRONT_LEFT__1532662700405281.jpg", "samples/CAM_FRONT/n015-2018-07-27-11-36-48+0800__CAM_FRONT__1532662700412460.jpg", "samples/CAM_FRONT_RIGHT/n015-2018-07-27-11-36-48+0800__CAM_FRONT_RIGHT__1532662700420339.jpg", "samples/CAM_BACK_LEFT/n015-2018-07-27-11-36-48+0800__CAM_BACK_LEFT__1532662700447423.jpg", "samples/CAM_BACK/n015-2018-07-27-11-36-48+0800__CAM_BACK__1532662700437525.jpg", "samples/CAM_BACK_RIGHT/n015-2018-07-27-11-36-48+0800__CAM_BACK_RIGHT__1532662700427893.jpg"], "intrinsics": [[[1272.5979470598488, 0.0, 826.6154927353808], [0.0, 1272.5979470598488, 479.75165386361925], [0.0, 0.0, 1.0]], [[1266.417203046554, 0.0, 816.2670197447984], [0.0, 1266.417203046554, 491.50706579294757], [0.0, 0.0, 1.0]], [[1260.8474446004698, 0.0, 807.968244525554], [0.0, 1260.8474446004698, 495.3344268742088], [0.0, 0.0, 1.0]], [[1256.7414812095406, 0.0, 792.1125740759628], [0.0, 1256.7414812095406, 492.7757465151356], [0.0, 0.0, 1.0]], [[809.2209905677063, 0.0, 829.2196003259838], [0.0, 809.2209905677063, 481.77842384512485], [0.0, 0.0, 1.0]], [[1259.5137405846733, 0.0, 807.2529053838625], [0.0, 1259.5137405846733, 501.19579884916527], [0.0, 0.0, 1.0]]], "extrinsics": [[[0.8200573921203613, -0.5721337199211121, -0.01299800630658865, -0.7940673828125], [0.0007539003272540867, 0.023792630061507225, -0.9997166395187378, 1.508354663848877], [0.5722808241844177, 0.8198152184486389, 0.019942650571465492, -1.1634521484375], [0.0, 0.0, 0.0, 1.0]], [[0.004683398175984621, -0.9997956156730652, -0.01966511271893978, 0.007598876953125], [-0.004422688391059637, 0.019644424319267273, -0.9997972846031189, 1.519740343093872], [0.9999792575836182, 0.004769443534314632, -0.004329782444983721, -1.5206298828125], [0.0, 0.0, 0.0, 1.0]], [[-0.8333848714828491, -0.5522773265838623, -0.021436110138893127, 0.9228515625], [0.0013560898369178176, 0.036741457879543304, -0.999323844909668, 1.5037784576416016], [0.5526914596557617, -0.8328503966331482, -0.029870834201574326, -1.1746826171875], [0.0, 0.0, 0.0, 1.0]], [[0.9478810429573059, 0.3183923661708832, 0.012158465571701527, -1.146240234375], [0.01095826830714941, 0.005560475401580334, -0.9999244809150696, 1.5885143280029297], [-0.3184359073638916, 0.9479427337646484, 0.001781642553396523, -0.101593017578125], [0.0, 0.0, 0.0, 1.0]], [[0.003002134384587407, 0.9998693466186523, 0.015886882320046425, 0.0029296875], [-0.014860370196402073, 0.015929805114865303, -0.9997627139091492, 1.5786800384521484], [-0.9998850226402283, 0.0027653267607092857, 0.01490625087171793, -0.0435791015625], [0.0, 0.0, 0.0, 1.0]], [[-0.9344994425773621, 0.35592904686927795, -0.0050338804721832275, 1.0479736328125], [0.01740252412855625, 0.031556956470012665, -0.9993504881858826, 1.5530624389648438], [-0.3555389940738678, -0.9339800477027893, -0.035684023052453995, -0.096435546875], [0.0, 0.0, 0.0, 1.0]]], "view": [[0.0, -2.0, 100.0], [-2.0, 0.0, 100.0], [0.0, 0.0, 1.0]], "bev": "bev_4482640f403046c392d8cf54bb0a28d4.png", "aux": "aux_4482640f403046c392d8cf54bb0a28d4.npz", "visibility": "visibility_4482640f403046c392d8cf54bb0a28d4.png", "pose": [[0.43843725323677063, -0.8987618088722229, 0.0, 599.0161743164062], [0.8987618088722229, 0.43843725323677063, 0.0, 1802.784423828125], [0.0, 0.0, 1.0, 0.0], [0.0, 0.0, 0.0, 1.0]], "pose_inverse": [[0.43843725323677063, 0.8987618088722229, 0.0, -1882.90478515625], [-0.8987618088722229, 0.43843725323677063, 0.0, -252.03501892089844], [0.0, 0.0, 1.0, 0.0], [0.0, 0.0, 0.0, 1.0]], "cam_ids": [0, 1, 2, 3, 4, 5], "cam_channels": ["CAM_FRONT_LEFT", "CAM_FRONT", "CAM_FRONT_RIGHT", "CAM_BACK_LEFT", "CAM_BACK", "CAM_BACK_RIGHT"], "token": "4482640f403046c392d8cf54bb0a28d4", "scene": "scene-0178"}, {"images": ["samples/CAM_FRONT_LEFT/n015-2018-07-27-11-36-48+0800__CAM_FRONT_LEFT__1532662700904844.jpg", "samples/CAM_FRONT/n015-2018-07-27-11-36-48+0800__CAM_FRONT__1532662700912460.jpg", "samples/CAM_FRONT_RIGHT/n015-2018-07-27-11-36-48+0800__CAM_FRONT_RIGHT__1532662700920339.jpg", "samples/CAM_BACK_LEFT/n015-2018-07-27-11-36-48+0800__CAM_BACK_LEFT__1532662700947423.jpg", "samples/CAM_BACK/n015-2018-07-27-11-36-48+0800__CAM_BACK__1532662700937525.jpg", "samples/CAM_BACK_RIGHT/n015-2018-07-27-11-36-48+0800__CAM_BACK_RIGHT__1532662700927893.jpg"], "intrinsics": [[[1272.5979470598488, 0.0, 826.6154927353808], [0.0, 1272.5979470598488, 479.75165386361925], [0.0, 0.0, 1.0]], [[1266.417203046554, 0.0, 816.2670197447984], [0.0, 1266.417203046554, 491.50706579294757], [0.0, 0.0, 1.0]], [[1260.8474446004698, 0.0, 807.968244525554], [0.0, 1260.8474446004698, 495.3344268742088], [0.0, 0.0, 1.0]], [[1256.7414812095406, 0.0, 792.1125740759628], [0.0, 1256.7414812095406, 492.7757465151356], [0.0, 0.0, 1.0]], [[809.2209905677063, 0.0, 829.2196003259838], [0.0, 809.2209905677063, 481.77842384512485], [0.0, 0.0, 1.0]], [[1259.5137405846733, 0.0, 807.2529053838625], [0.0, 1259.5137405846733, 501.19579884916527], [0.0, 0.0, 1.0]]], "extrinsics": [[[0.8201612234115601, -0.5721210241317749, 0.0036130836233496666, -0.80029296875], [0.014444582164287567, 0.014393026940524578, -0.9997920393943787, 1.5111045837402344], [0.5719500780105591, 0.8200429081916809, 0.02006865106523037, -1.1676025390625], [0.0, 0.0, 0.0, 1.0]], [[0.004817776847630739, -0.9999333620071411, -0.010485812090337276, 0.0071563720703125], [0.008656044490635395, 0.010527241975069046, -0.9999071359634399, 1.5219364166259766], [0.9999509453773499, 0.0047265831381082535, 0.008706185035407543, -1.5283203125], [0.0, 0.0, 0.0, 1.0]], [[-0.8330920338630676, -0.5524788498878479, -0.026922106742858887, 0.927490234375], [0.013781801797449589, 0.027924221009016037, -0.9995150566101074, 1.5053577423095703], [0.5529627203941345, -0.8330589532852173, -0.01564928889274597, -1.17779541015625], [0.0, 0.0, 0.0, 1.0]], [[0.9475895166397095, 0.3189544975757599, 0.01849524676799774, -1.1441650390625], [0.020186681300401688, -0.0019979302305728197, -0.9997942447662354, 1.5885200500488281], [-0.31885191798210144, 0.947767972946167, -0.008331849239766598, -0.1033935546875], [0.0, 0.0, 0.0, 1.0]], [[0.002615016419440508, 0.9999657273292542, 0.007864781655371189, 0.00238037109375], [-0.004289532080292702, 0.007875952869653702, -0.9999597668647766, 1.5791621208190918], [-0.9999873638153076, 0.002581221517175436, 0.0043099806644022465, -0.043212890625], [0.0, 0.0, 0.0, 1.0]], [[-0.9343937635421753, 0.3557332158088684, -0.01903223618865013, 1.0509033203125], [0.02912282384932041, 0.02303149551153183, -0.9993104934692383, 1.5540733337402344], [-0.35504963994026184, -0.9343037605285645, -0.031880442053079605, -0.09515380859375], [0.0, 0.0, 0.0, 1.0]]], "view": [[0.0, -2.0, 100.0], [-2.0, 0.0, 100.0], [0.0, 0.0, 1.0]], "bev": "bev_ef348178d37a4474ae3512b7618e2ee5.png", "aux": "aux_ef348178d37a4474ae3512b7618e2ee5.npz", "visibility": "visibility_ef348178d37a4474ae3512b7618e2ee5.png", "pose": [[0.42719823122024536, -0.9041579961776733, 0.0, 600.0736083984375], [0.9041579961776733, 0.42719823122024536, 0.0, 1804.9267578125], [0.0, 0.0, 1.0, 0.0], [0.0, 0.0, 0.0, 1.0]], "pose_inverse": [[0.42719823122024536, 0.9041579961776733, 0.0, -1888.289306640625], [-0.9041579961776733, 0.42719823122024536, 0.0, -228.5001983642578], [0.0, 0.0, 1.0, 0.0], [0.0, 0.0, 0.0, 1.0]], "cam_ids": [0, 1, 2, 3, 4, 5], "cam_channels": ["CAM_FRONT_LEFT", "CAM_FRONT", "CAM_FRONT_RIGHT", "CAM_BACK_LEFT", "CAM_BACK", "CAM_BACK_RIGHT"], "token": "ef348178d37a4474ae3512b7618e2ee5", "scene": "scene-0178"}, {"images": ["samples/CAM_FRONT_LEFT/n015-2018-07-27-11-36-48+0800__CAM_FRONT_LEFT__1532662701405005.jpg", "samples/CAM_FRONT/n015-2018-07-27-11-36-48+0800__CAM_FRONT__1532662701412460.jpg", "samples/CAM_FRONT_RIGHT/n015-2018-07-27-11-36-48+0800__CAM_FRONT_RIGHT__1532662701420339.jpg", "samples/CAM_BACK_LEFT/n015-2018-07-27-11-36-48+0800__CAM_BACK_LEFT__1532662701447902.jpg", "samples/CAM_BACK/n015-2018-07-27-11-36-48+0800__CAM_BACK__1532662701437525.jpg", "samples/CAM_BACK_RIGHT/n015-2018-07-27-11-36-48+0800__CAM_BACK_RIGHT__1532662701427893.jpg"], "intrinsics": [[[1272.5979470598488, 0.0, 826.6154927353808], [0.0, 1272.5979470598488, 479.75165386361925], [0.0, 0.0, 1.0]], [[1266.417203046554, 0.0, 816.2670197447984], [0.0, 1266.417203046554, 491.50706579294757], [0.0, 0.0, 1.0]], [[1260.8474446004698, 0.0, 807.968244525554], [0.0, 1260.8474446004698, 495.3344268742088], [0.0, 0.0, 1.0]], [[1256.7414812095406, 0.0, 792.1125740759628], [0.0, 1256.7414812095406, 492.7757465151356], [0.0, 0.0, 1.0]], [[809.2209905677063, 0.0, 829.2196003259838], [0.0, 809.2209905677063, 481.77842384512485], [0.0, 0.0, 1.0]], [[1259.5137405846733, 0.0, 807.2529053838625], [0.0, 1259.5137405846733, 501.19579884916527], [0.0, 0.0, 1.0]]], "extrinsics": [[[0.8204609155654907, -0.5716424584388733, -0.00829434022307396, -0.797119140625], [-0.004222784657031298, 0.00844818539917469, -0.9999553561210632, 1.5073728561401367], [0.5716871023178101, 0.8204593062400818, 0.004517481662333012, -1.166015625], [0.0, 0.0, 0.0, 1.0]], [[0.005301696248352528, -0.9999767541885376, -0.004279222339391708, 0.007781982421875], [-0.009130687452852726, 0.004230696242302656, -0.9999493956565857, 1.5189933776855469], [0.999944269657135, 0.005340486764907837, -0.009108045138418674, -1.5245361328125], [0.0, 0.0, 0.0, 1.0]], [[-0.8331156373023987, -0.5530224442481995, -0.009194079786539078, 0.9249267578125], [-0.0030870591290295124, 0.02127189189195633, -0.9997689127922058, 1.5032106637954712], [0.5530902743339539, -0.8328947424888611, -0.019429156556725502, -1.17547607421875], [0.0, 0.0, 0.0, 1.0]], [[0.9477473497390747, 0.318992018699646, 0.004378294572234154, -1.144287109375], [0.007792068179696798, -0.00942639634013176, -0.9999251961708069, 1.5885400772094727], [-0.3189268708229065, 0.9477105140686035, -0.0114194480702281, -0.103179931640625], [0.0, 0.0, 0.0, 1.0]], [[0.0025125760585069656, 0.9999966621398926, 0.0006281968671828508, 0.00225830078125], [-0.01843896694481373, 0.0006744223064742982, -0.9998297691345215, 1.5784797668457031], [-0.9998269081115723, 0.0025005631614476442, 0.018440598621964455, -0.0457763671875], [0.0, 0.0, 0.0, 1.0]], [[-0.9347236752510071, 0.3553081452846527, -0.006908974144607782, 1.048095703125], [0.013515972532331944, 0.016116295009851456, -0.9997788071632385, 1.5527057647705078], [-0.3551182448863983, -0.9346103668212891, -0.019866619259119034, -0.095947265625], [0.0, 0.0, 0.0, 1.0]]], "view": [[0.0, -2.0, 100.0], [-2.0, 0.0, 100.0], [0.0, 0.0, 1.0]], "bev": "bev_9d2a074591f1431e9a34465811320edc.png", "aux": "aux_9d2a074591f1431e9a34465811320edc.npz", "visibility": "visibility_9d2a074591f1431e9a34465811320edc.png", "pose": [[0.4191957116127014, -0.9078959226608276, 0.0, 601.055908203125], [0.9078959226608276, 0.4191957116127014, 0.0, 1806.998291015625], [0.0, 0.0, 1.0, 0.0], [0.0, 0.0, 0.0, 1.0]], "pose_inverse": [[0.4191957116127014, 0.9078959226608276, 0.0, -1892.5263671875], [-0.9078959226608276, 0.4191957116127014, 0.0, -211.78973388671875], [0.0, 0.0, 1.0, 0.0], [0.0, 0.0, 0.0, 1.0]], "cam_ids": [0, 1, 2, 3, 4, 5], "cam_channels": ["CAM_FRONT_LEFT", "CAM_FRONT", "CAM_FRONT_RIGHT", "CAM_BACK_LEFT", "CAM_BACK", "CAM_BACK_RIGHT"], "token": "9d2a074591f1431e9a34465811320edc", "scene": "scene-0178"}, {"images": ["samples/CAM_FRONT_LEFT/n015-2018-07-27-11-36-48+0800__CAM_FRONT_LEFT__1532662701905434.jpg", "samples/CAM_FRONT/n015-2018-07-27-11-36-48+0800__CAM_FRONT__1532662701912460.jpg", "samples/CAM_FRONT_RIGHT/n015-2018-07-27-11-36-48+0800__CAM_FRONT_RIGHT__1532662701920339.jpg", "samples/CAM_BACK_LEFT/n015-2018-07-27-11-36-48+0800__CAM_BACK_LEFT__1532662701947423.jpg", "samples/CAM_BACK/n015-2018-07-27-11-36-48+0800__CAM_BACK__1532662701937525.jpg", "samples/CAM_BACK_RIGHT/n015-2018-07-27-11-36-48+0800__CAM_BACK_RIGHT__1532662701927893.jpg"], "intrinsics": [[[1272.5979470598488, 0.0, 826.6154927353808], [0.0, 1272.5979470598488, 479.75165386361925], [0.0, 0.0, 1.0]], [[1266.417203046554, 0.0, 816.2670197447984], [0.0, 1266.417203046554, 491.50706579294757], [0.0, 0.0, 1.0]], [[1260.8474446004698, 0.0, 807.968244525554], [0.0, 1260.8474446004698, 495.3344268742088], [0.0, 0.0, 1.0]], [[1256.7414812095406, 0.0, 792.1125740759628], [0.0, 1256.7414812095406, 492.7757465151356], [0.0, 0.0, 1.0]], [[809.2209905677063, 0.0, 829.2196003259838], [0.0, 809.2209905677063, 481.77842384512485], [0.0, 0.0, 1.0]], [[1259.5137405846733, 0.0, 807.2529053838625], [0.0, 1259.5137405846733, 501.19579884916527], [0.0, 0.0, 1.0]]], "extrinsics": [[[0.8203161358833313, -0.571829080581665, 0.009639384225010872, -0.7904052734375], [0.020107245072722435, 0.0119923185557127, -0.9997259378433228, 1.5125007629394531], [0.5715566873550415, 0.8202851414680481, 0.02133539877831936, -1.1600341796875], [0.0, 0.0, 0.0, 1.0]], [[0.00522402860224247, -0.9999571442604065, -0.00763509189710021, 0.0068359375], [0.0146295465528965, 0.0077108037658035755, -0.9998632669448853, 1.5231170654296875], [0.9998793005943298, 0.0051116496324539185, 0.014669199474155903, -1.515380859375], [0.0, 0.0, 0.0, 1.0]], [[-0.832763135433197, -0.5527968406677246, -0.03035186603665352, 0.9180908203125], [0.020055454224348068, 0.024665629491209984, -0.9994945526123047, 1.5063896179199219], [0.5532660484313965, -0.8329509496688843, -0.009454034268856049, -1.1719970703125], [0.0, 0.0, 0.0, 1.0]], [[0.9474877715110779, 0.31884998083114624, 0.02452765963971615, -1.14013671875], [0.02814951352775097, -0.006755336653441191, -0.9995808601379395, 1.5886192321777344], [-0.3185506761074066, 0.9477811455726624, -0.015376070514321327, -0.104461669921875], [0.0, 0.0, 0.0, 1.0]], [[0.002587117487564683, 0.9999898672103882, 0.003689505159854889, 0.0026397705078125], [0.0028946863021701574, 0.003682013601064682, -0.9999890327453613, 1.5795068740844727], [-0.9999924302101135, 0.002597772516310215, -0.002885132096707821, -0.050048828125], [0.0, 0.0, 0.0, 1.0]], [[-0.9342960715293884, 0.35550883412361145, -0.02653743140399456, 1.0428466796875], [0.03575042262673378, 0.019369404762983322, -0.9991730451583862, 1.5550155639648438], [-0.35470083355903625, -0.9344722628593445, -0.030806351453065872, -0.0987548828125], [0.0, 0.0, 0.0, 1.0]]], "view": [[0.0, -2.0, 100.0], [-2.0, 0.0, 100.0], [0.0, 0.0, 1.0]], "bev": "bev_4fc939cd23ad43439a3a8a695103cc53.png", "aux": "aux_4fc939cd23ad43439a3a8a695103cc53.npz", "visibility": "visibility_4fc939cd23ad43439a3a8a695103cc53.png", "pose": [[0.4118593633174896, -0.9112474322319031, 0.0, 602.1077880859375], [0.9112474322319031, 0.4118593633174896, 0.0, 1809.26025390625], [0.0, 0.0, 1.0, 0.0], [0.0, 0.0, 0.0, 1.0]], "pose_inverse": [[0.4118593633174896, 0.9112474322319031, 0.0, -1896.66748046875], [-0.9112474322319031, 0.4118593633174896, 0.0, -196.49159240722656], [0.0, 0.0, 1.0, 0.0], [0.0, 0.0, 0.0, 1.0]], "cam_ids": [0, 1, 2, 3, 4, 5], "cam_channels": ["CAM_FRONT_LEFT", "CAM_FRONT", "CAM_FRONT_RIGHT", "CAM_BACK_LEFT", "CAM_BACK", "CAM_BACK_RIGHT"], "token": "4fc939cd23ad43439a3a8a695103cc53", "scene": "scene-0178"}, {"images": ["samples/CAM_FRONT_LEFT/n015-2018-07-27-11-36-48+0800__CAM_FRONT_LEFT__1532662702404844.jpg", "samples/CAM_FRONT/n015-2018-07-27-11-36-48+0800__CAM_FRONT__1532662702412460.jpg", "samples/CAM_FRONT_RIGHT/n015-2018-07-27-11-36-48+0800__CAM_FRONT_RIGHT__1532662702420339.jpg", "samples/CAM_BACK_LEFT/n015-2018-07-27-11-36-48+0800__CAM_BACK_LEFT__1532662702447423.jpg", "samples/CAM_BACK/n015-2018-07-27-11-36-48+0800__CAM_BACK__1532662702437525.jpg", "samples/CAM_BACK_RIGHT/n015-2018-07-27-11-36-48+0800__CAM_BACK_RIGHT__1532662702427893.jpg"], "intrinsics": [[[1272.5979470598488, 0.0, 826.6154927353808], [0.0, 1272.5979470598488, 479.75165386361925], [0.0, 0.0, 1.0]], [[1266.417203046554, 0.0, 816.2670197447984], [0.0, 1266.417203046554, 491.50706579294757], [0.0, 0.0, 1.0]], [[1260.8474446004698, 0.0, 807.968244525554], [0.0, 1260.8474446004698, 495.3344268742088], [0.0, 0.0, 1.0]], [[1256.7414812095406, 0.0, 792.1125740759628], [0.0, 1256.7414812095406, 492.7757465151356], [0.0, 0.0, 1.0]], [[809.2209905677063, 0.0, 829.2196003259838], [0.0, 809.2209905677063, 481.77842384512485], [0.0, 0.0, 1.0]], [[1259.5137405846733, 0.0, 807.2529053838625], [0.0, 1259.5137405846733, 501.19579884916527], [0.0, 0.0, 1.0]]], "extrinsics": [[[0.8207934498786926, -0.5709508061408997, 0.017699377611279488, -0.7593994140625], [0.02501721680164337, 0.004974771291017532, -0.9996746182441711, 1.5144500732421875], [0.5706769824028015, 0.8209691643714905, 0.0183668602257967, -1.1405029296875], [0.0, 0.0, 0.0, 1.0]], [[0.0060050031170248985, -0.9999815225601196, -0.0008700291509740055, 0.008392333984375], [0.019570864737033844, 0.0009874042589217424, -0.9998080134391785, 1.5245437622070312], [0.999790370464325, 0.00598685210570693, 0.019576434046030045, -1.4873046875], [0.0, 0.0, 0.0, 1.0]], [[-0.8323016166687012, -0.5534575581550598, -0.030962597578763962, 0.9000244140625], [0.025028912350535393, 0.018278038129210472, -0.9995195865631104, 1.5076141357421875], [0.5537576079368591, -0.8326768279075623, -0.001360399415716529, -1.15869140625], [0.0, 0.0, 0.0, 1.0]], [[0.9473523497581482, 0.3190087676048279, 0.027512410655617714, -1.137451171875], [0.033136650919914246, -0.012215455062687397, -0.9993761777877808, 1.5887336730957031], [-0.3184736967086792, 0.9476730227470398, -0.022143224254250526, -0.1058349609375], [0.0, 0.0, 0.0, 1.0]], [[0.002430493477731943, 0.9999948740005493, -0.0020778761245310307, 0.0021820068359375], [0.007945932447910309, -0.002097128890454769, -0.9999662041664124, 1.5798473358154297], [-0.999965488910675, 0.0024138677399605513, -0.007950989529490471, -0.0601806640625], [0.0, 0.0, 0.0, 1.0]], [[-0.9342755079269409, 0.35498419404029846, -0.03339725360274315, 1.026611328125], [0.040754787623882294, 0.013267171569168568, -0.9990810751914978, 1.5561904907226562], [-0.3542148768901825, -0.9347782135009766, -0.026862500235438347, -0.103759765625], [0.0, 0.0, 0.0, 1.0]]], "view": [[0.0, -2.0, 100.0], [-2.0, 0.0, 100.0], [0.0, 0.0, 1.0]], "bev": "bev_9e0ac5be3cd9439fbfabc12121e26214.png", "aux": "aux_9e0ac5be3cd9439fbfabc12121e26214.npz", "visibility": "visibility_9e0ac5be3cd9439fbfabc12121e26214.png", "pose": [[0.4088188409805298, -0.9126155376434326, 0.0, 603.2529907226562], [0.9126155376434326, 0.4088188409805298, 0.0, 1811.7620849609375], [0.0, 0.0, 1.0, 0.0], [0.0, 0.0, 0.0, 1.0]], "pose_inverse": [[0.4088188409805298, 0.9126155376434326, 0.0, -1900.0634765625], [-0.9126155376434326, 0.4088188409805298, 0.0, -190.14443969726562], [0.0, 0.0, 1.0, 0.0], [0.0, 0.0, 0.0, 1.0]], "cam_ids": [0, 1, 2, 3, 4, 5], "cam_channels": ["CAM_FRONT_LEFT", "CAM_FRONT", "CAM_FRONT_RIGHT", "CAM_BACK_LEFT", "CAM_BACK", "CAM_BACK_RIGHT"], "token": "9e0ac5be3cd9439fbfabc12121e26214", "scene": "scene-0178"}, {"images": ["samples/CAM_FRONT_LEFT/n015-2018-07-27-11-36-48+0800__CAM_FRONT_LEFT__1532662702904844.jpg", "samples/CAM_FRONT/n015-2018-07-27-11-36-48+0800__CAM_FRONT__1532662702912460.jpg", "samples/CAM_FRONT_RIGHT/n015-2018-07-27-11-36-48+0800__CAM_FRONT_RIGHT__1532662702920339.jpg", "samples/CAM_BACK_LEFT/n015-2018-07-27-11-36-48+0800__CAM_BACK_LEFT__1532662702947423.jpg", "samples/CAM_BACK/n015-2018-07-27-11-36-48+0800__CAM_BACK__1532662702937525.jpg", "samples/CAM_BACK_RIGHT/n015-2018-07-27-11-36-48+0800__CAM_BACK_RIGHT__1532662702927893.jpg"], "intrinsics": [[[1272.5979470598488, 0.0, 826.6154927353808], [0.0, 1272.5979470598488, 479.75165386361925], [0.0, 0.0, 1.0]], [[1266.417203046554, 0.0, 816.2670197447984], [0.0, 1266.417203046554, 491.50706579294757], [0.0, 0.0, 1.0]], [[1260.8474446004698, 0.0, 807.968244525554], [0.0, 1260.8474446004698, 495.3344268742088], [0.0, 0.0, 1.0]], [[1256.7414812095406, 0.0, 792.1125740759628], [0.0, 1256.7414812095406, 492.7757465151356], [0.0, 0.0, 1.0]], [[809.2209905677063, 0.0, 829.2196003259838], [0.0, 809.2209905677063, 481.77842384512485], [0.0, 0.0, 1.0]], [[1259.5137405846733, 0.0, 807.2529053838625], [0.0, 1259.5137405846733, 501.19579884916527], [0.0, 0.0, 1.0]]], "extrinsics": [[[0.8202837705612183, -0.5716978907585144, 0.01720745861530304, -0.73486328125], [0.021541329100728035, 0.0008160637225955725, -0.9997676610946655, 1.5142707824707031], [0.5715510249137878, 0.8204637765884399, 0.012984536588191986, -1.120849609375], [0.0, 0.0, 0.0, 1.0]], [[0.005199052859097719, -0.9999808073043823, 0.003346384735777974, 0.00701904296875], [0.01645287685096264, -0.003260438097640872, -0.9998593330383301, 1.5243396759033203], [0.9998511672019958, 0.005253422539681196, 0.016435610130429268, -1.4609375], [0.0, 0.0, 0.0, 1.0]], [[-0.832739531993866, -0.553040623664856, -0.02628454752266407, 0.8818359375], [0.02230050042271614, 0.01393197663128376, -0.9996541738510132, 1.5076751708984375], [0.5532156229019165, -0.8330377340316772, 0.0007313754176720977, -1.1480712890625], [0.0, 0.0, 0.0, 1.0]], [[0.9474725127220154, 0.3188456594944, 0.025163117796182632, -1.134765625], [0.03196786344051361, -0.01612594909965992, -0.9993588328361511, 1.5888137817382812], [-0.31823545694351196, 0.9476694464683533, -0.025471709668636322, -0.1063232421875], [0.0, 0.0, 0.0, 1.0]], [[0.002780116628855467, 0.9999762773513794, -0.006297740153968334, 0.0027618408203125], [0.006175333168357611, -0.006314811762422323, -0.9999609589576721, 1.579798698425293], [-0.9999769926071167, 0.002741149626672268, -0.006192744709551334, -0.069580078125], [0.0, 0.0, 0.0, 1.0]], [[-0.9341723322868347, 0.3553157150745392, -0.032752495259046555, 1.0120849609375], [0.03843109309673309, 0.008933664299547672, -0.9992213249206543, 1.556549072265625], [-0.3547465205192566, -0.9347036480903625, -0.02200075425207615, -0.1104736328125], [0.0, 0.0, 0.0, 1.0]]], "view": [[0.0, -2.0, 100.0], [-2.0, 0.0, 100.0], [0.0, 0.0, 1.0]], "bev": "bev_777bd39dde174fee927050de731df7bc.png", "aux": "aux_777bd39dde174fee927050de731df7bc.npz", "visibility": "visibility_777bd39dde174fee927050de731df7bc.png", "pose": [[0.4075373709201813, -0.9131885170936584, 0.0, 604.5126342773438], [0.9131885170936584, 0.4075373709201813, 0.0, 1814.5264892578125], [0.0, 0.0, 1.0, 0.0], [0.0, 0.0, 0.0, 1.0]], "pose_inverse": [[0.4075373709201813, 0.9131885170936584, 0.0, -1903.3662109375], [-0.9131885170936584, 0.4075373709201813, 0.0, -187.45335388183594], [0.0, 0.0, 1.0, 0.0], [0.0, 0.0, 0.0, 1.0]], "cam_ids": [0, 1, 2, 3, 4, 5], "cam_channels": ["CAM_FRONT_LEFT", "CAM_FRONT", "CAM_FRONT_RIGHT", "CAM_BACK_LEFT", "CAM_BACK", "CAM_BACK_RIGHT"], "token": "777bd39dde174fee927050de731df7bc", "scene": "scene-0178"}, {"images": ["samples/CAM_FRONT_LEFT/n015-2018-07-27-11-36-48+0800__CAM_FRONT_LEFT__1532662703404844.jpg", "samples/CAM_FRONT/n015-2018-07-27-11-36-48+0800__CAM_FRONT__1532662703412460.jpg", "samples/CAM_FRONT_RIGHT/n015-2018-07-27-11-36-48+0800__CAM_FRONT_RIGHT__1532662703420339.jpg", "samples/CAM_BACK_LEFT/n015-2018-07-27-11-36-48+0800__CAM_BACK_LEFT__1532662703447423.jpg", "samples/CAM_BACK/n015-2018-07-27-11-36-48+0800__CAM_BACK__1532662703437525.jpg", "samples/CAM_BACK_RIGHT/n015-2018-07-27-11-36-48+0800__CAM_BACK_RIGHT__1532662703427893.jpg"], "intrinsics": [[[1272.5979470598488, 0.0, 826.6154927353808], [0.0, 1272.5979470598488, 479.75165386361925], [0.0, 0.0, 1.0]], [[1266.417203046554, 0.0, 816.2670197447984], [0.0, 1266.417203046554, 491.50706579294757], [0.0, 0.0, 1.0]], [[1260.8474446004698, 0.0, 807.968244525554], [0.0, 1260.8474446004698, 495.3344268742088], [0.0, 0.0, 1.0]], [[1256.7414812095406, 0.0, 792.1125740759628], [0.0, 1256.7414812095406, 492.7757465151356], [0.0, 0.0, 1.0]], [[809.2209905677063, 0.0, 829.2196003259838], [0.0, 809.2209905677063, 481.77842384512485], [0.0, 0.0, 1.0]], [[1259.5137405846733, 0.0, 807.2529053838625], [0.0, 1259.5137405846733, 501.19579884916527], [0.0, 0.0, 1.0]]], "extrinsics": [[[0.821181058883667, -0.5704946517944336, 0.014055698178708553, -0.717529296875], [0.020471520721912384, 0.004834817722439766, -0.9997787475585938, 1.5143661499023438], [0.5703004002571106, 0.8212871551513672, 0.015649152919650078, -1.1114501953125], [0.0, 0.0, 0.0, 1.0]], [[0.00645044120028615, -0.99997878074646, -0.0008242815383709967, 0.008880615234375], [0.0150080481544137, 0.0009210167918354273, -0.9998869895935059, 1.5242557525634766], [0.9998664855957031, 0.006437294185161591, 0.015013670548796654, -1.4443359375], [0.0, 0.0, 0.0, 1.0]], [[-0.8322352170944214, -0.55375736951828, -0.027152489870786667, 0.8709716796875], [0.02044171281158924, 0.01829313300549984, -0.9996236562728882, 1.5075950622558594], [0.5540456771850586, -0.8324771523475647, -0.003904439974576235, -1.1392822265625], [0.0, 0.0, 0.0, 1.0]], [[0.9475166201591492, 0.3188592195510864, 0.02326149307191372, -1.13330078125], [0.028403645381331444, -0.011485802009701729, -0.999530553817749, 1.5888175964355469], [-0.31844231486320496, 0.9477325081825256, -0.01993975043296814, -0.10662841796875], [0.0, 0.0, 0.0, 1.0]], [[0.002286852104589343, 0.9999961256980896, -0.001649721059948206, 0.002288818359375], [0.0032460030633956194, -0.00165713916067034, -0.9999933838844299, 1.579617977142334], [-0.9999920725822449, 0.002281510503962636, -0.0032497807405889034, -0.076416015625], [0.0, 0.0, 0.0, 1.0]], [[-0.9345202445983887, 0.35472574830055237, -0.029009545221924782, 1.001220703125], [0.03612532094120979, 0.013452249579131603, -0.9992567300796509, 1.5566329956054688], [-0.35407188534736633, -0.934873640537262, -0.025385983288288116, -0.113525390625], [0.0, 0.0, 0.0, 1.0]]], "view": [[0.0, -2.0, 100.0], [-2.0, 0.0, 100.0], [0.0, 0.0, 1.0]], "bev": "bev_dbca8115936843859a42db89b84bd9b5.png", "aux": "aux_dbca8115936843859a42db89b84bd9b5.npz", "visibility": "visibility_dbca8115936843859a42db89b84bd9b5.png", "pose": [[0.4144755005836487, -0.910060465335846, 0.0, 605.92041015625], [0.910060465335846, 0.4144755005836487, 0.0, 1817.5887451171875], [0.0, 0.0, 1.0, 0.0], [0.0, 0.0, 0.0, 1.0]], "pose_inverse": [[0.4144755005836487, 0.910060465335846, 0.0, -1905.2548828125], [-0.910060465335846, 0.4144755005836487, 0.0, -201.92176818847656], [0.0, 0.0, 1.0, 0.0], [0.0, 0.0, 0.0, 1.0]], "cam_ids": [0, 1, 2, 3, 4, 5], "cam_channels": ["CAM_FRONT_LEFT", "CAM_FRONT", "CAM_FRONT_RIGHT", "CAM_BACK_LEFT", "CAM_BACK", "CAM_BACK_RIGHT"], "token": "dbca8115936843859a42db89b84bd9b5", "scene": "scene-0178"}, {"images": ["samples/CAM_FRONT_LEFT/n015-2018-07-27-11-36-48+0800__CAM_FRONT_LEFT__1532662703904844.jpg", "samples/CAM_FRONT/n015-2018-07-27-11-36-48+0800__CAM_FRONT__1532662703912460.jpg", "samples/CAM_FRONT_RIGHT/n015-2018-07-27-11-36-48+0800__CAM_FRONT_RIGHT__1532662703920339.jpg", "samples/CAM_BACK_LEFT/n015-2018-07-27-11-36-48+0800__CAM_BACK_LEFT__1532662703947423.jpg", "samples/CAM_BACK/n015-2018-07-27-11-36-48+0800__CAM_BACK__1532662703937525.jpg", "samples/CAM_BACK_RIGHT/n015-2018-07-27-11-36-48+0800__CAM_BACK_RIGHT__1532662703927900.jpg"], "intrinsics": [[[1272.5979470598488, 0.0, 826.6154927353808], [0.0, 1272.5979470598488, 479.75165386361925], [0.0, 0.0, 1.0]], [[1266.417203046554, 0.0, 816.2670197447984], [0.0, 1266.417203046554, 491.50706579294757], [0.0, 0.0, 1.0]], [[1260.8474446004698, 0.0, 807.968244525554], [0.0, 1260.8474446004698, 495.3344268742088], [0.0, 0.0, 1.0]], [[1256.7414812095406, 0.0, 792.1125740759628], [0.0, 1256.7414812095406, 492.7757465151356], [0.0, 0.0, 1.0]], [[809.2209905677063, 0.0, 829.2196003259838], [0.0, 809.2209905677063, 481.77842384512485], [0.0, 0.0, 1.0]], [[1259.5137405846733, 0.0, 807.2529053838625], [0.0, 1259.5137405846733, 501.19579884916527], [0.0, 0.0, 1.0]]], "extrinsics": [[[0.8216301798820496, -0.5700154304504395, -0.002515033120289445, -0.7083740234375], [0.006052420474588871, 0.013135821558535099, -0.9998953938484192, 1.5101089477539062], [0.5699888467788696, 0.821528971195221, 0.01424275990575552, -1.104248046875], [0.0, 0.0, 0.0, 1.0]], [[0.006947534624487162, -0.9999321103096008, -0.0093527277931571, 0.00787353515625], [0.0007030917913652956, 0.009357836097478867, -0.9999560117721558, 1.5207048654556274], [0.9999756217002869, 0.00694063538685441, 0.0007680578855797648, -1.4349365234375], [0.0, 0.0, 0.0, 1.0]], [[-0.8322965502738953, -0.5539662837982178, -0.020095568150281906, 0.8643798828125], [0.006249098107218742, 0.026873141527175903, -0.9996193051338196, 1.5048904418945312], [0.5542954206466675, -0.8321052193641663, -0.018904631957411766, -1.13592529296875], [0.0, 0.0, 0.0, 1.0]], [[0.9476909041404724, 0.3189208209514618, 0.013095064088702202, -1.127685546875], [0.014704206958413124, -0.0026383979711681604, -0.9998884201049805, 1.5887832641601562], [-0.31885063648223877, 0.9477776288986206, -0.007189863361418247, -0.108551025390625], [0.0, 0.0, 0.0, 1.0]], [[0.0019966706167906523, 0.999972939491272, 0.0070851631462574005, 0.0027618408203125], [-0.010644733905792236, 0.007106028962880373, -0.9999181032180786, 1.5784626007080078], [-0.999941349029541, 0.001921097282320261, 0.010658632032573223, -0.0819091796875], [0.0, 0.0, 0.0, 1.0]], [[-0.9349632263183594, 0.3545137643814087, -0.012800399214029312, 0.99560546875], [0.022079546004533768, 0.02214137837290764, -0.9995110034942627, 1.5547523498535156], [-0.3540569543838501, -0.9347886443138123, -0.02852887660264969, -0.11639404296875], [0.0, 0.0, 0.0, 1.0]]], "view": [[0.0, -2.0, 100.0], [-2.0, 0.0, 100.0], [0.0, 0.0, 1.0]], "bev": "bev_8b6c4fff496c4484917d048214ce21fa.png", "aux": "aux_8b6c4fff496c4484917d048214ce21fa.npz", "visibility": "visibility_8b6c4fff496c4484917d048214ce21fa.png", "pose": [[0.42664235830307007, -0.9044204354286194, 0.0, 607.4190673828125], [0.9044204354286194, 0.42664235830307007, 0.0, 1820.766845703125], [0.0, 0.0, 1.0, 0.0], [0.0, 0.0, 0.0, 1.0]], "pose_inverse": [[0.42664235830307007, 0.9044204354286194, 0.0, -1905.889404296875], [-0.9044204354286194, 0.42664235830307007, 0.0, -227.4540557861328], [0.0, 0.0, 1.0, 0.0], [0.0, 0.0, 0.0, 1.0]], "cam_ids": [0, 1, 2, 3, 4, 5], "cam_channels": ["CAM_FRONT_LEFT", "CAM_FRONT", "CAM_FRONT_RIGHT", "CAM_BACK_LEFT", "CAM_BACK", "CAM_BACK_RIGHT"], "token": "8b6c4fff496c4484917d048214ce21fa", "scene": "scene-0178"}, {"images": ["samples/CAM_FRONT_LEFT/n015-2018-07-27-11-36-48+0800__CAM_FRONT_LEFT__1532662704404844.jpg", "samples/CAM_FRONT/n015-2018-07-27-11-36-48+0800__CAM_FRONT__1532662704412460.jpg", "samples/CAM_FRONT_RIGHT/n015-2018-07-27-11-36-48+0800__CAM_FRONT_RIGHT__1532662704420339.jpg", "samples/CAM_BACK_LEFT/n015-2018-07-27-11-36-48+0800__CAM_BACK_LEFT__1532662704447423.jpg", "samples/CAM_BACK/n015-2018-07-27-11-36-48+0800__CAM_BACK__1532662704437525.jpg", "samples/CAM_BACK_RIGHT/n015-2018-07-27-11-36-48+0800__CAM_BACK_RIGHT__1532662704427893.jpg"], "intrinsics": [[[1272.5979470598488, 0.0, 826.6154927353808], [0.0, 1272.5979470598488, 479.75165386361925], [0.0, 0.0, 1.0]], [[1266.417203046554, 0.0, 816.2670197447984], [0.0, 1266.417203046554, 491.50706579294757], [0.0, 0.0, 1.0]], [[1260.8474446004698, 0.0, 807.968244525554], [0.0, 1260.8474446004698, 495.3344268742088], [0.0, 0.0, 1.0]], [[1256.7414812095406, 0.0, 792.1125740759628], [0.0, 1256.7414812095406, 492.7757465151356], [0.0, 0.0, 1.0]], [[809.2209905677063, 0.0, 829.2196003259838], [0.0, 809.2209905677063, 481.77842384512485], [0.0, 0.0, 1.0]], [[1259.5137405846733, 0.0, 807.2529053838625], [0.0, 1259.5137405846733, 501.19579884916527], [0.0, 0.0, 1.0]]], "extrinsics": [[[0.8214346170425415, -0.5702411532402039, -0.00837306771427393, -0.7099609375], [0.004450154956430197, 0.0210904311388731, -0.9997676610946655, 1.5095796585083008], [0.5702852606773376, 0.8212065696716309, 0.01986207440495491, -1.1055908203125], [0.0, 0.0, 0.0, 1.0]], [[0.006729322951287031, -0.9998285174369812, -0.01725029945373535, 0.008544921875], [-0.00089421053417027, 0.017244666814804077, -0.9998509287834167, 1.5202714204788208], [0.9999769330024719, 0.00674373097717762, -0.0007780125015415251, -1.4346923828125], [0.0, 0.0, 0.0, 1.0]], [[-0.8323982357978821, -0.5536962747573853, -0.023098981007933617, 0.8641357421875], [0.004661965183913708, 0.03468367084860802, -0.9993874430656433, 1.5045413970947266], [0.5541582703590393, -0.8319960832595825, -0.026289314031600952, -1.1351318359375], [0.0, 0.0, 0.0, 1.0]], [[0.94769686460495, 0.31885701417922974, 0.01416765246540308, -1.1285400390625], [0.013183933682739735, 0.005243267398327589, -0.9998993277549744, 1.5887489318847656], [-0.3188992142677307, 0.9477882385253906, 0.0007652404019609094, -0.108245849609375], [0.0, 0.0, 0.0, 1.0]], [[0.0020190535578876734, 0.9998875260353088, 0.014861506409943104, 0.002410888671875], [-0.01216727402061224, 0.014885001815855503, -0.9998151659965515, 1.578338623046875], [-0.9999238848686218, 0.001837868127040565, 0.012195958755910397, -0.08154296875], [0.0, 0.0, 0.0, 1.0]], [[-0.9349558353424072, 0.35466060042381287, -0.00856988225132227, 0.9952392578125], [0.020507531240582466, 0.029914207756519318, -0.9993420839309692, 1.55450439453125], [-0.35417091846466064, -0.934516429901123, -0.03524167835712433, -0.1160888671875], [0.0, 0.0, 0.0, 1.0]]], "view": [[0.0, -2.0, 100.0], [-2.0, 0.0, 100.0], [0.0, 0.0, 1.0]], "bev": "bev_1ddc0dd26d6d4a4b83308a2d5d265523.png", "aux": "aux_1ddc0dd26d6d4a4b83308a2d5d265523.npz", "visibility": "visibility_1ddc0dd26d6d4a4b83308a2d5d265523.png", "pose": [[0.4369187355041504, -0.8995009660720825, 0.0, 608.9774169921875], [0.8995009660720825, 0.4369187355041504, 0.0, 1823.961669921875], [0.0, 0.0, 1.0, 0.0], [0.0, 0.0, 0.0, 1.0]], "pose_inverse": [[0.4369187355041504, 0.8995009660720825, 0.0, -1906.72900390625], [-0.8995009660720825, 0.4369187355041504, 0.0, -249.147216796875], [0.0, 0.0, 1.0, 0.0], [0.0, 0.0, 0.0, 1.0]], "cam_ids": [0, 1, 2, 3, 4, 5], "cam_channels": ["CAM_FRONT_LEFT", "CAM_FRONT", "CAM_FRONT_RIGHT", "CAM_BACK_LEFT", "CAM_BACK", "CAM_BACK_RIGHT"], "token": "1ddc0dd26d6d4a4b83308a2d5d265523", "scene": "scene-0178"}, {"images": ["samples/CAM_FRONT_LEFT/n015-2018-07-27-11-36-48+0800__CAM_FRONT_LEFT__1532662704904844.jpg", "samples/CAM_FRONT/n015-2018-07-27-11-36-48+0800__CAM_FRONT__1532662704912460.jpg", "samples/CAM_FRONT_RIGHT/n015-2018-07-27-11-36-48+0800__CAM_FRONT_RIGHT__1532662704920339.jpg", "samples/CAM_BACK_LEFT/n015-2018-07-27-11-36-48+0800__CAM_BACK_LEFT__1532662704947423.jpg", "samples/CAM_BACK/n015-2018-07-27-11-36-48+0800__CAM_BACK__1532662704937525.jpg", "samples/CAM_BACK_RIGHT/n015-2018-07-27-11-36-48+0800__CAM_BACK_RIGHT__1532662704927893.jpg"], "intrinsics": [[[1272.5979470598488, 0.0, 826.6154927353808], [0.0, 1272.5979470598488, 479.75165386361925], [0.0, 0.0, 1.0]], [[1266.417203046554, 0.0, 816.2670197447984], [0.0, 1266.417203046554, 491.50706579294757], [0.0, 0.0, 1.0]], [[1260.8474446004698, 0.0, 807.968244525554], [0.0, 1260.8474446004698, 495.3344268742088], [0.0, 0.0, 1.0]], [[1256.7414812095406, 0.0, 792.1125740759628], [0.0, 1256.7414812095406, 492.7757465151356], [0.0, 0.0, 1.0]], [[809.2209905677063, 0.0, 829.2196003259838], [0.0, 809.2209905677063, 481.77842384512485], [0.0, 0.0, 1.0]], [[1259.5137405846733, 0.0, 807.2529053838625], [0.0, 1259.5137405846733, 501.19579884916527], [0.0, 0.0, 1.0]]], "extrinsics": [[[0.8201440572738647, -0.5718451738357544, -0.018892010673880577, -0.7088623046875], [0.003742979606613517, 0.038380566984415054, -0.9992561936378479, 1.5092573165893555], [0.5721448063850403, 0.8194631934165955, 0.03361799940466881, -1.1063232421875], [0.0, 0.0, 0.0, 1.0]], [[0.004759278614073992, -0.9993905425071716, -0.03458091616630554, 0.0095672607421875], [-0.0016031850827857852, 0.034573640674352646, -0.9994009137153625, 1.5200128555297852], [0.9999874234199524, 0.004811904393136501, -0.0014376617036759853, -1.4373779296875], [0.0, 0.0, 0.0, 1.0]], [[-0.8332540988922119, -0.5519590377807617, -0.03207480162382126, 0.8668212890625], [0.003982809837907553, 0.05201912671327591, -0.9986380934715271, 1.5043106079101562], [0.5528758764266968, -0.8322470784187317, -0.04114680364727974, -1.13592529296875], [0.0, 0.0, 0.0, 1.0]], [[0.9476120471954346, 0.3188750445842743, 0.01870903931558132, -1.129150390625], [0.012279191985726357, 0.0221626628190279, -0.999678909778595, 1.5887203216552734], [-0.31918734312057495, 0.9475376009941101, 0.017086081206798553, -0.1085205078125], [0.0, 0.0, 0.0, 1.0]], [[0.002471557352691889, 0.9994852542877197, 0.031986966729164124, 0.001861572265625], [-0.013026934117078781, 0.03201653063297272, -0.99940246343612