[{"images": ["samples/CAM_FRONT_LEFT/n015-2018-07-18-11-50-34+0800__CAM_FRONT_LEFT__1531886044504844.jpg", "samples/CAM_FRONT/n015-2018-07-18-11-50-34+0800__CAM_FRONT__1531886044512464.jpg", "samples/CAM_FRONT_RIGHT/n015-2018-07-18-11-50-34+0800__CAM_FRONT_RIGHT__1531886044520339.jpg", "samples/CAM_BACK_LEFT/n015-2018-07-18-11-50-34+0800__CAM_BACK_LEFT__1531886044547423.jpg", "samples/CAM_BACK/n015-2018-07-18-11-50-34+0800__CAM_BACK__1531886044537525.jpg", "samples/CAM_BACK_RIGHT/n015-2018-07-18-11-50-34+0800__CAM_BACK_RIGHT__1531886044527893.jpg"], "intrinsics": [[[1272.5979470598488, 0.0, 826.6154927353808], [0.0, 1272.5979470598488, 479.75165386361925], [0.0, 0.0, 1.0]], [[1266.417203046554, 0.0, 816.2670197447984], [0.0, 1266.417203046554, 491.50706579294757], [0.0, 0.0, 1.0]], [[1260.8474446004698, 0.0, 807.968244525554], [0.0, 1260.8474446004698, 495.3344268742088], [0.0, 0.0, 1.0]], [[1256.7414812095406, 0.0, 792.1125740759628], [0.0, 1256.7414812095406, 492.7757465151356], [0.0, 0.0, 1.0]], [[809.2209905677063, 0.0, 829.2196003259838], [0.0, 809.2209905677063, 481.77842384512485], [0.0, 0.0, 1.0]], [[1259.5137405846733, 0.0, 807.2529053838625], [0.0, 1259.5137405846733, 501.19579884916527], [0.0, 0.0, 1.0]]], "extrinsics": [[[0.8205450177192688, -0.5709297060966492, 0.027297401800751686, -0.6610107421875], [0.014629409648478031, -0.026764433830976486, -0.9995346665382385, 1.5137252807617188], [0.571394681930542, 0.8205625414848328, -0.013609057292342186, -1.0728302001953125], [0.0, 0.0, 0.0, 1.0]], [[0.005414046347141266, -0.9995051026344299, 0.03098740614950657, 0.009765625], [0.009462016634643078, -0.030935268849134445, -0.9994766116142273, 1.5234832763671875], [0.9999406337738037, 0.005704415496438742, 0.009289848618209362, -1.39013671875], [0.0, 0.0, 0.0, 1.0]], [[-0.8328319191932678, -0.553503155708313, -0.005018125753849745, 0.83892822265625], [0.015223351307213306, -0.013841710984706879, -0.9997882843017578, 1.5072364807128906], [0.5533164739608765, -0.8327320218086243, 0.01995399221777916, -1.1173095703125], [0.0, 0.0, 0.0, 1.0]], [[0.9477437138557434, 0.3189094662666321, 0.008868522010743618, -1.1422119140625], [0.024237819015979767, -0.04425712302327156, -0.9987260699272156, 1.5885543823242188], [-0.31811070442199707, 0.9467512965202332, -0.049674078822135925, -0.103759765625], [0.0, 0.0, 0.0, 1.0]], [[0.002878461964428425, 0.9994122982025146, -0.03416072949767113, 0.00213623046875], [-0.0012117164442315698, -0.03415735810995102, -0.9994157552719116, 1.57928466796875], [-0.9999951124191284, 0.0029181756544858217, 0.0011126825120300055, -0.083740234375], [0.0, 0.0, 0.0, 1.0]], [[-0.9343911409378052, 0.35443323850631714, -0.03592047840356827, 0.9781494140625], [0.03125911206007004, -0.01887037791311741, -0.9993332028388977, 1.5567550659179688], [-0.35487470030784607, -0.9348909258842468, 0.006553045939654112, -0.1217498779296875], [0.0, 0.0, 0.0, 1.0]]], "view": [[0.0, -2.0, 100.0], [-2.0, 0.0, 100.0], [0.0, 0.0, 1.0]], "bev": "bev_73c04e824a214a54922b03391a1549f3.png", "aux": "aux_73c04e824a214a54922b03391a1549f3.npz", "visibility": "visibility_73c04e824a214a54922b03391a1549f3.png", "pose": [[-0.0496072955429554, -0.9987688064575195, 0.0, 769.9883422851562], [0.9987688064575195, -0.0496072955429554, 0.0, 1665.105224609375], [0.0, 0.0, 1.0, 0.0], [0.0, 0.0, 0.0, 1.0]], "pose_inverse": [[-0.0496072955429554, 0.9987688064575195, 0.0, -1624.858154296875], [-0.9987688064575195, -0.0496072955429554, 0.0, 851.6417236328125], [0.0, 0.0, 1.0, 0.0], [0.0, 0.0, 0.0, 1.0]], "cam_ids": [0, 1, 2, 3, 4, 5], "cam_channels": ["CAM_FRONT_LEFT", "CAM_FRONT", "CAM_FRONT_RIGHT", "CAM_BACK_LEFT", "CAM_BACK", "CAM_BACK_RIGHT"], "token": "73c04e824a214a54922b03391a1549f3", "scene": "scene-0024"}, {"images": ["samples/CAM_FRONT_LEFT/n015-2018-07-18-11-50-34+0800__CAM_FRONT_LEFT__1531886045004844.jpg", "samples/CAM_FRONT/n015-2018-07-18-11-50-34+0800__CAM_FRONT__1531886045012462.jpg", "samples/CAM_FRONT_RIGHT/n015-2018-07-18-11-50-34+0800__CAM_FRONT_RIGHT__1531886045020339.jpg", "samples/CAM_BACK_LEFT/n015-2018-07-18-11-50-34+0800__CAM_BACK_LEFT__1531886045047423.jpg", "samples/CAM_BACK/n015-2018-07-18-11-50-34+0800__CAM_BACK__1531886045037525.jpg", "samples/CAM_BACK_RIGHT/n015-2018-07-18-11-50-34+0800__CAM_BACK_RIGHT__1531886045027893.jpg"], "intrinsics": [[[1272.5979470598488, 0.0, 826.6154927353808], [0.0, 1272.5979470598488, 479.75165386361925], [0.0, 0.0, 1.0]], [[1266.417203046554, 0.0, 816.2670197447984], [0.0, 1266.417203046554, 491.50706579294757], [0.0, 0.0, 1.0]], [[1260.8474446004698, 0.0, 807.968244525554], [0.0, 1260.8474446004698, 495.3344268742088], [0.0, 0.0, 1.0]], [[1256.7414812095406, 0.0, 792.1125740759628], [0.0, 1256.7414812095406, 492.7757465151356], [0.0, 0.0, 1.0]], [[809.2209905677063, 0.0, 829.2196003259838], [0.0, 809.2209905677063, 481.77842384512485], [0.0, 0.0, 1.0]], [[1259.5137405846733, 0.0, 807.2529053838625], [0.0, 1259.5137405846733, 501.19579884916527], [0.0, 0.0, 1.0]]], "extrinsics": [[[0.8205416798591614, -0.5708606839179993, 0.028799429535865784, -0.668212890625], [0.013990404084324837, -0.030311541631817818, -0.9994425773620605, 1.5133552551269531], [0.571415364742279, 0.8204872012138367, -0.016885312274098396, -1.07647705078125], [0.0, 0.0, 0.0, 1.0]], [[0.005477152764797211, -0.9993932247161865, 0.03439616411924362, 0.0087890625], [0.008695404976606369, -0.0343477763235569, -0.999372124671936, 1.5231781005859375], [0.999947190284729, 0.005772801116108894, 0.008502001874148846, -1.396484375], [0.0, 0.0, 0.0, 1.0]], [[-0.8327712416648865, -0.553611695766449, -0.002450587460771203, 0.84197998046875], [0.01432095654308796, -0.017116878181695938, -0.9997508525848389, 1.5069694519042969], [0.5534318685531616, -0.8325989246368408, 0.02218269370496273, -1.1201171875], [0.0, 0.0, 0.0, 1.0]], [[0.9477620720863342, 0.3189071714878082, 0.006725246086716652, -1.138916015625], [0.02304769866168499, -0.04743652418255806, -0.9986082911491394, 1.5886383056640625], [-0.3181443214416504, 0.9465980529785156, -0.052308619022369385, -0.104736328125], [0.0, 0.0, 0.0, 1.0]], [[0.002815830986946821, 0.9992932081222534, -0.03748512268066406, 0.0023193359375], [-0.0023993374779820442, -0.03747841343283653, -0.9992945790290833, 1.5791797637939453], [-0.9999931454658508, 0.002903788583353162, 0.002292109653353691, -0.0841064453125], [0.0, 0.0, 0.0, 1.0]], [[-0.9344601631164551, 0.3542327582836151, -0.03610067814588547, 0.980224609375], [0.030220264568924904, -0.02212025783956051, -0.9992984533309937, 1.5565109252929688], [-0.3547828197479248, -0.9348956346511841, 0.009965493343770504, -0.1214141845703125], [0.0, 0.0, 0.0, 1.0]]], "view": [[0.0, -2.0, 100.0], [-2.0, 0.0, 100.0], [0.0, 0.0, 1.0]], "bev": "bev_bdb7191edd29442ebb489370fea67d6c.png", "aux": "aux_bdb7191edd29442ebb489370fea67d6c.npz", "visibility": "visibility_bdb7191edd29442ebb489370fea67d6c.png", "pose": [[-0.05112442374229431, -0.9986922740936279, 0.0, 769.7927856445312], [0.9986922740936279, -0.05112442374229431, 0.0, 1669.3546142578125], [0.0, 0.0, 1.0, 0.0], [0.0, 0.0, 0.0, 1.0]], "pose_inverse": [[-0.05112442374229431, 0.9986922740936279, 0.0, -1627.81640625], [-0.9986922740936279, -0.05112442374229431, 0.0, 854.1309204101562], [0.0, 0.0, 1.0, 0.0], [0.0, 0.0, 0.0, 1.0]], "cam_ids": [0, 1, 2, 3, 4, 5], "cam_channels": ["CAM_FRONT_LEFT", "CAM_FRONT", "CAM_FRONT_RIGHT", "CAM_BACK_LEFT", "CAM_BACK", "CAM_BACK_RIGHT"], "token": "bdb7191edd29442ebb489370fea67d6c", "scene": "scene-0024"}, {"images": ["samples/CAM_FRONT_LEFT/n015-2018-07-18-11-50-34+0800__CAM_FRONT_LEFT__1531886045504844.jpg", "samples/CAM_FRONT/n015-2018-07-18-11-50-34+0800__CAM_FRONT__1531886045512520.jpg", "samples/CAM_FRONT_RIGHT/n015-2018-07-18-11-50-34+0800__CAM_FRONT_RIGHT__1531886045520339.jpg", "samples/CAM_BACK_LEFT/n015-2018-07-18-11-50-34+0800__CAM_BACK_LEFT__1531886045547423.jpg", "samples/CAM_BACK/n015-2018-07-18-11-50-34+0800__CAM_BACK__1531886045537525.jpg", "samples/CAM_BACK_RIGHT/n015-2018-07-18-11-50-34+0800__CAM_BACK_RIGHT__1531886045527893.jpg"], "intrinsics": [[[1272.5979470598488, 0.0, 826.6154927353808], [0.0, 1272.5979470598488, 479.75165386361925], [0.0, 0.0, 1.0]], [[1266.417203046554, 0.0, 816.2670197447984], [0.0, 1266.417203046554, 491.50706579294757], [0.0, 0.0, 1.0]], [[1260.8474446004698, 0.0, 807.968244525554], [0.0, 1260.8474446004698, 495.3344268742088], [0.0, 0.0, 1.0]], [[1256.7414812095406, 0.0, 792.1125740759628], [0.0, 1256.7414812095406, 492.7757465151356], [0.0, 0.0, 1.0]], [[809.2209905677063, 0.0, 829.2196003259838], [0.0, 809.2209905677063, 481.77842384512485], [0.0, 0.0, 1.0]], [[1259.5137405846733, 0.0, 807.2529053838625], [0.0, 1259.5137405846733, 501.19579884916527], [0.0, 0.0, 1.0]]], "extrinsics": [[[0.8198962211608887, -0.5718038082122803, 0.02847249247133732, -0.68603515625], [0.01191739086061716, -0.03267597034573555, -0.9993948936462402, 1.5123138427734375], [0.5723881721496582, 0.8197394013404846, -0.01997649110853672, -1.08642578125], [0.0, 0.0, 0.0, 1.0]], [[0.0044495766051113605, -0.9993128776550293, 0.036794014275074005, 0.0067138671875], [0.006659071426838636, -0.036763954907655716, -0.9993017911911011, 1.5224037170410156], [0.9999678730964661, 0.004691486246883869, 0.006490911357104778, -1.4141845703125], [0.0, 0.0, 0.0, 1.0]], [[-0.8333074450492859, -0.5528094172477722, 0.0005473083001561463, 0.852783203125], [0.012343887239694595, -0.019597016274929047, -0.999731719493866, 1.5063095092773438], [0.5526719093322754, -0.8330771327018738, 0.023154158145189285, -1.1295166015625], [0.0, 0.0, 0.0, 1.0]], [[0.9478013515472412, 0.31883686780929565, 0.0039603193290531635, -1.1358642578125], [0.020947478711605072, -0.04986727982759476, -0.9985361099243164, 1.5886917114257812], [-0.3181726634502411, 0.9464969038963318, -0.05394310504198074, -0.1058349609375], [0.0, 0.0, 0.0, 1.0]], [[0.0031385021284222603, 0.9991991519927979, -0.03989194706082344, 0.0030517578125], [-0.004431561566889286, -0.03987785056233406, -0.9991947412490845, 1.5789871215820312], [-0.9999852776527405, 0.0033127658534795046, 0.004302856512367725, -0.0810546875], [0.0, 0.0, 0.0, 1.0]], [[-0.934270441532135, 0.3548297584056854, -0.03513660281896591, 0.9896240234375], [0.028239430859684944, -0.024599645286798477, -0.9992984533309937, 1.5558700561523438], [-0.3554452061653137, -0.934607207775116, 0.012962532229721546, -0.1194000244140625], [0.0, 0.0, 0.0, 1.0]]], "view": [[0.0, -2.0, 100.0], [-2.0, 0.0, 100.0], [0.0, 0.0, 1.0]], "bev": "bev_5111b855c90a4f08b3471e3432b9055c.png", "aux": "aux_5111b855c90a4f08b3471e3432b9055c.npz", "visibility": "visibility_5111b855c90a4f08b3471e3432b9055c.png", "pose": [[-0.05281946808099747, -0.9986040592193604, 0.0, 769.6031494140625], [0.9986040592193604, -0.05281946808099747, 0.0, 1673.3636474609375], [0.0, 0.0, 1.0, 0.0], [0.0, 0.0, 0.0, 1.0]], "pose_inverse": [[-0.05281946808099747, 0.9986040592193604, 0.0, -1630.377685546875], [-0.9986040592193604, -0.05281946808099747, 0.0, 856.9150390625], [0.0, 0.0, 1.0, 0.0], [0.0, 0.0, 0.0, 1.0]], "cam_ids": [0, 1, 2, 3, 4, 5], "cam_channels": ["CAM_FRONT_LEFT", "CAM_FRONT", "CAM_FRONT_RIGHT", "CAM_BACK_LEFT", "CAM_BACK", "CAM_BACK_RIGHT"], "token": "5111b855c90a4f08b3471e3432b9055c", "scene": "scene-0024"}, {"images": ["samples/CAM_FRONT_LEFT/n015-2018-07-18-11-50-34+0800__CAM_FRONT_LEFT__1531886046004844.jpg", "samples/CAM_FRONT/n015-2018-07-18-11-50-34+0800__CAM_FRONT__1531886046012471.jpg", "samples/CAM_FRONT_RIGHT/n015-2018-07-18-11-50-34+0800__CAM_FRONT_RIGHT__1531886046020339.jpg", "samples/CAM_BACK_LEFT/n015-2018-07-18-11-50-34+0800__CAM_BACK_LEFT__1531886046047423.jpg", "samples/CAM_BACK/n015-2018-07-18-11-50-34+0800__CAM_BACK__1531886046037525.jpg", "samples/CAM_BACK_RIGHT/n015-2018-07-18-11-50-34+0800__CAM_BACK_RIGHT__1531886046027893.jpg"], "intrinsics": [[[1272.5979470598488, 0.0, 826.6154927353808], [0.0, 1272.5979470598488, 479.75165386361925], [0.0, 0.0, 1.0]], [[1266.417203046554, 0.0, 816.2670197447984], [0.0, 1266.417203046554, 491.50706579294757], [0.0, 0.0, 1.0]], [[1260.8474446004698, 0.0, 807.968244525554], [0.0, 1260.8474446004698, 495.3344268742088], [0.0, 0.0, 1.0]], [[1256.7414812095406, 0.0, 792.1125740759628], [0.0, 1256.7414812095406, 492.7757465151356], [0.0, 0.0, 1.0]], [[809.2209905677063, 0.0, 829.2196003259838], [0.0, 809.2209905677063, 481.77842384512485], [0.0, 0.0, 1.0]], [[1259.5137405846733, 0.0, 807.2529053838625], [0.0, 1259.5137405846733, 501.19579884916527], [0.0, 0.0, 1.0]]], "extrinsics": [[[0.8204287886619568, -0.5709502100944519, 0.030207298696041107, -0.6995849609375], [0.012960468418896198, -0.034247986972332, -0.9993293285369873, 1.5124702453613281], [0.5716018080711365, 0.8202700614929199, -0.02069825306534767, -1.096893310546875], [0.0, 0.0, 0.0, 1.0]], [[0.005080475937575102, -0.9992531538009644, 0.038304802030324936, 0.00732421875], [0.0075848763808608055, -0.038265686482191086, -0.9992388486862183, 1.5225715637207031], [0.999958336353302, 0.005367138423025608, 0.007384803611785173, -1.42724609375], [0.0, 0.0, 0.0, 1.0]], [[-0.8331204056739807, -0.553091287612915, 0.0006796771194785833, 0.8614501953125], [0.013140306808054447, -0.021021712571382523, -0.9996926188468933, 1.5063552856445312], [0.5529354810714722, -0.8328554034233093, 0.02478140965104103, -1.134765625], [0.0, 0.0, 0.0, 1.0]], [[0.9477974772453308, 0.3188442587852478, 0.004275226034224033, -1.1370849609375], [0.0217803493142128, -0.051356710493564606, -0.9984427690505981, 1.5886764526367188], [-0.31812822818756104, 0.9464147686958313, -0.05562030151486397, -0.10546875], [0.0, 0.0, 0.0, 1.0]], [[0.0030690026469528675, 0.9991397261619568, -0.04135670140385628, 0.00286865234375], [-0.003674748819321394, -0.041345346719026566, -0.9991381764411926, 1.579071044921875], [-0.9999884366989136, 0.003218331141397357, 0.003544697305187583, -0.0765380859375], [0.0, 0.0, 0.0, 1.0]], [[-0.9343183040618896, 0.3545846939086914, -0.036317724734544754, 0.99658203125], [0.028968824073672295, -0.02601376734673977, -0.9992417693138123, 1.5557861328125], [-0.35526061058044434, -0.934661865234375, 0.014033235609531403, -0.116455078125], [0.0, 0.0, 0.0, 1.0]]], "view": [[0.0, -2.0, 100.0], [-2.0, 0.0, 100.0], [0.0, 0.0, 1.0]], "bev": "bev_625cb28093bd49b2909865618b09bf30.png", "aux": "aux_625cb28093bd49b2909865618b09bf30.npz", "visibility": "visibility_625cb28093bd49b2909865618b09bf30.png", "pose": [[-0.0522826611995697, -0.9986323118209839, 0.0, 769.42236328125], [0.9986323118209839, -0.0522826611995697, 0.0, 1677.1326904296875], [0.0, 0.0, 1.0, 0.0], [0.0, 0.0, 0.0, 1.0]], "pose_inverse": [[-0.0522826611995697, 0.9986323118209839, 0.0, -1634.6114501953125], [-0.9986323118209839, -0.0522826611995697, 0.0, 856.0549926757812], [0.0, 0.0, 1.0, 0.0], [0.0, 0.0, 0.0, 1.0]], "cam_ids": [0, 1, 2, 3, 4, 5], "cam_channels": ["CAM_FRONT_LEFT", "CAM_FRONT", "CAM_FRONT_RIGHT", "CAM_BACK_LEFT", "CAM_BACK", "CAM_BACK_RIGHT"], "token": "625cb28093bd49b2909865618b09bf30", "scene": "scene-0024"}, {"images": ["samples/CAM_FRONT_LEFT/n015-2018-07-18-11-50-34+0800__CAM_FRONT_LEFT__1531886046504844.jpg", "samples/CAM_FRONT/n015-2018-07-18-11-50-34+0800__CAM_FRONT__1531886046512492.jpg", "samples/CAM_FRONT_RIGHT/n015-2018-07-18-11-50-34+0800__CAM_FRONT_RIGHT__1531886046520339.jpg", "samples/CAM_BACK_LEFT/n015-2018-07-18-11-50-34+0800__CAM_BACK_LEFT__1531886046547423.jpg", "samples/CAM_BACK/n015-2018-07-18-11-50-34+0800__CAM_BACK__1531886046537525.jpg", "samples/CAM_BACK_RIGHT/n015-2018-07-18-11-50-34+0800__CAM_BACK_RIGHT__1531886046527893.jpg"], "intrinsics": [[[1272.5979470598488, 0.0, 826.6154927353808], [0.0, 1272.5979470598488, 479.75165386361925], [0.0, 0.0, 1.0]], [[1266.417203046554, 0.0, 816.2670197447984], [0.0, 1266.417203046554, 491.50706579294757], [0.0, 0.0, 1.0]], [[1260.8474446004698, 0.0, 807.968244525554], [0.0, 1260.8474446004698, 495.3344268742088], [0.0, 0.0, 1.0]], [[1256.7414812095406, 0.0, 792.1125740759628], [0.0, 1256.7414812095406, 492.7757465151356], [0.0, 0.0, 1.0]], [[809.2209905677063, 0.0, 829.2196003259838], [0.0, 809.2209905677063, 481.77842384512485], [0.0, 0.0, 1.0]], [[1259.5137405846733, 0.0, 807.2529053838625], [0.0, 1259.5137405846733, 501.19579884916527], [0.0, 0.0, 1.0]]], "extrinsics": [[[0.8203556537628174, -0.5709511041641235, 0.0321136936545372, -0.716796875], [0.014965065754950047, -0.03470362722873688, -0.9992855787277222, 1.5128173828125], [0.5716577172279358, 0.8202502727508545, -0.01992499828338623, -1.1091156005859375], [0.0, 0.0, 0.0, 1.0]], [[0.005107206758111715, -0.9992350935935974, 0.03876869007945061, 0.007568359375], [0.009728251956403255, -0.038717713207006454, -0.9992028474807739, 1.5230026245117188], [0.9999396204948425, 0.00548028526827693, 0.009523071348667145, -1.443603515625], [0.0, 0.0, 0.0, 1.0]], [[-0.8329868316650391, -0.553291916847229, -0.0009682138334028423, 0.870849609375], [0.015422986820340157, -0.021470164880156517, -0.9996504783630371, 1.5066642761230469], [0.5530778169631958, -0.8327106237411499, 0.026417778804898262, -1.1402587890625], [0.0, 0.0, 0.0, 1.0]], [[0.9477803111076355, 0.3188566267490387, 0.006557042244821787, -1.1346435546875], [0.024249250069260597, -0.05154845863580704, -0.9983760118484497, 1.5887527465820312], [-0.31800079345703125, 0.9464001059532166, -0.05658864974975586, -0.1063232421875], [0.0, 0.0, 0.0, 1.0]], [[0.0030643295031040907, 0.9991257190704346, -0.041693203151226044, 0.002685546875], [-0.00119466008618474, -0.041689712554216385, -0.9991299510002136, 1.5792770385742188], [-0.9999946355819702, 0.003111477941274643, 0.0010658657411113381, -0.0743408203125], [0.0, 0.0, 0.0, 1.0]], [[-0.9343008995056152, 0.35437771677970886, -0.038706667721271515, 1.0030517578125], [0.03136387839913368, -0.02644292451441288, -0.9991582036018372, 1.555938720703125], [-0.35510292649269104, -0.9347284436225891, 0.013590986840426922, -0.11346435546875], [0.0, 0.0, 0.0, 1.0]]], "view": [[0.0, -2.0, 100.0], [-2.0, 0.0, 100.0], [0.0, 0.0, 1.0]], "bev": "bev_4bbfe2e15f654fd3821ddae62fe0c5bd.png", "aux": "aux_4bbfe2e15f654fd3821ddae62fe0c5bd.npz", "visibility": "visibility_4bbfe2e15f654fd3821ddae62fe0c5bd.png", "pose": [[-0.04879852011799812, -0.9988086223602295, 0.0, 769.265869140625], [0.9988086223602295, -0.04879852011799812, 0.0, 1680.726318359375], [0.0, 0.0, 1.0, 0.0], [0.0, 0.0, 0.0, 1.0]], "pose_inverse": [[-0.04879852011799812, 0.9988086223602295, 0.0, -1641.1849365234375], [-0.9988086223602295, -0.04879852011799812, 0.0, 850.3663330078125], [0.0, 0.0, 1.0, 0.0], [0.0, 0.0, 0.0, 1.0]], "cam_ids": [0, 1, 2, 3, 4, 5], "cam_channels": ["CAM_FRONT_LEFT", "CAM_FRONT", "CAM_FRONT_RIGHT", "CAM_BACK_LEFT", "CAM_BACK", "CAM_BACK_RIGHT"], "token": "4bbfe2e15f654fd3821ddae62fe0c5bd", "scene": "scene-0024"}, {"images": ["samples/CAM_FRONT_LEFT/n015-2018-07-18-11-50-34+0800__CAM_FRONT_LEFT__1531886046904844.jpg", "samples/CAM_FRONT/n015-2018-07-18-11-50-34+0800__CAM_FRONT__1531886046912465.jpg", "samples/CAM_FRONT_RIGHT/n015-2018-07-18-11-50-34+0800__CAM_FRONT_RIGHT__1531886046920339.jpg", "samples/CAM_BACK_LEFT/n015-2018-07-18-11-50-34+0800__CAM_BACK_LEFT__1531886046947423.jpg", "samples/CAM_BACK/n015-2018-07-18-11-50-34+0800__CAM_BACK__1531886046937525.jpg", "samples/CAM_BACK_RIGHT/n015-2018-07-18-11-50-34+0800__CAM_BACK_RIGHT__1531886046927893.jpg"], "intrinsics": [[[1272.5979470598488, 0.0, 826.6154927353808], [0.0, 1272.5979470598488, 479.75165386361925], [0.0, 0.0, 1.0]], [[1266.417203046554, 0.0, 816.2670197447984], [0.0, 1266.417203046554, 491.50706579294757], [0.0, 0.0, 1.0]], [[1260.8474446004698, 0.0, 807.968244525554], [0.0, 1260.8474446004698, 495.3344268742088], [0.0, 0.0, 1.0]], [[1256.7414812095406, 0.0, 792.1125740759628], [0.0, 1256.7414812095406, 492.7757465151356], [0.0, 0.0, 1.0]], [[809.2209905677063, 0.0, 829.2196003259838], [0.0, 809.2209905677063, 481.77842384512485], [0.0, 0.0, 1.0]], [[1259.5137405846733, 0.0, 807.2529053838625], [0.0, 1259.5137405846733, 501.19579884916527], [0.0, 0.0, 1.0]]], "extrinsics": [[[0.8201786279678345, -0.5713727474212646, 0.028988877311348915, -0.7275390625], [0.012767337262630463, -0.03237784653902054, -0.9993941187858582, 1.511932373046875], [0.5719650983810425, 0.8200517296791077, -0.01926070638000965, -1.1141510009765625], [0.0, 0.0, 0.0, 1.0]], [[0.004780396353453398, -0.9993270635604858, 0.03636683151125908, 0.00592041015625], [0.00748101994395256, -0.03633049502968788, -0.9993118643760681, 1.5223121643066406], [0.9999606013298035, 0.005049168132245541, 0.00730231124907732, -1.452880859375], [0.0, 0.0, 0.0, 1.0]], [[-0.8332064747810364, -0.5529617667198181, -0.00042495710658840835, 0.8763427734375], [0.013133165426552296, -0.01902082748711109, -0.9997328519821167, 1.5060958862304688], [0.5528059601783752, -0.8329893946647644, 0.023110421374440193, -1.1456298828125], [0.0, 0.0, 0.0, 1.0]], [[0.9477948546409607, 0.31883859634399414, 0.005175240803509951, -1.13232421875], [0.02197401598095894, -0.04911298677325249, -0.9985514879226685, 1.588775634765625], [-0.31812259554862976, 0.9465356469154358, -0.0535552054643631, -0.1070556640625], [0.0, 0.0, 0.0, 1.0]], [[0.003133254824206233, 0.999226987361908, -0.03918886184692383, 0.003173828125], [-0.0035510805901139975, -0.03917768970131874, -0.9992259740829468, 1.5790863037109375], [-0.9999887347221375, 0.0032699883449822664, 0.0034255809150636196, -0.0728759765625], [0.0, 0.0, 0.0, 1.0]], [[-0.9342794418334961, 0.3547551929950714, -0.035646189004182816, 1.0076904296875], [0.02903800830245018, -0.023935740813612938, -0.999291718006134, 1.555450439453125], [-0.3553571403026581, -0.9346528649330139, 0.0120612857863307, -0.1126708984375], [0.0, 0.0, 0.0, 1.0]]], "view": [[0.0, -2.0, 100.0], [-2.0, 0.0, 100.0], [0.0, 0.0, 1.0]], "bev": "bev_af380e7ff5ba4de1b429309330f8f3fd.png", "aux": "aux_af380e7ff5ba4de1b429309330f8f3fd.npz", "visibility": "visibility_af380e7ff5ba4de1b429309330f8f3fd.png", "pose": [[-0.04851893335580826, -0.9988222718238831, 0.0, 769.1394653320312], [0.9988222718238831, -0.04851893335580826, 0.0, 1683.40673828125], [0.0, 0.0, 1.0, 0.0], [0.0, 0.0, 0.0, 1.0]], "pose_inverse": [[-0.04851893335580826, 0.9988222718238831, 0.0, -1644.1063232421875], [-0.9988222718238831, -0.04851893335580826, 0.0, 849.9107055664062], [0.0, 0.0, 1.0, 0.0], [0.0, 0.0, 0.0, 1.0]], "cam_ids": [0, 1, 2, 3, 4, 5], "cam_channels": ["CAM_FRONT_LEFT", "CAM_FRONT", "CAM_FRONT_RIGHT", "CAM_BACK_LEFT", "CAM_BACK", "CAM_BACK_RIGHT"], "token": "af380e7ff5ba4de1b429309330f8f3fd", "scene": "scene-0024"}, {"images": ["samples/CAM_FRONT_LEFT/n015-2018-07-18-11-50-34+0800__CAM_FRONT_LEFT__1531886047504844.jpg", "samples/CAM_FRONT/n015-2018-07-18-11-50-34+0800__CAM_FRONT__1531886047512463.jpg", "samples/CAM_FRONT_RIGHT/n015-2018-07-18-11-50-34+0800__CAM_FRONT_RIGHT__1531886047520339.jpg", "samples/CAM_BACK_LEFT/n015-2018-07-18-11-50-34+0800__CAM_BACK_LEFT__1531886047547423.jpg", "samples/CAM_BACK/n015-2018-07-18-11-50-34+0800__CAM_BACK__1531886047537525.jpg", "samples/CAM_BACK_RIGHT/n015-2018-07-18-11-50-34+0800__CAM_BACK_RIGHT__1531886047527893.jpg"], "intrinsics": [[[1272.5979470598488, 0.0, 826.6154927353808], [0.0, 1272.5979470598488, 479.75165386361925], [0.0, 0.0, 1.0]], [[1266.417203046554, 0.0, 816.2670197447984], [0.0, 1266.417203046554, 491.50706579294757], [0.0, 0.0, 1.0]], [[1260.8474446004698, 0.0, 807.968244525554], [0.0, 1260.8474446004698, 495.3344268742088], [0.0, 0.0, 1.0]], [[1256.7414812095406, 0.0, 792.1125740759628], [0.0, 1256.7414812095406, 492.7757465151356], [0.0, 0.0, 1.0]], [[809.2209905677063, 0.0, 829.2196003259838], [0.0, 809.2209905677063, 481.77842384512485], [0.0, 0.0, 1.0]], [[1259.5137405846733, 0.0, 807.2529053838625], [0.0, 1259.5137405846733, 501.19579884916527], [0.0, 0.0, 1.0]]], "extrinsics": [[[0.8206264972686768, -0.5706248879432678, 0.030974343419075012, -0.736572265625], [0.015858802944421768, -0.03144093602895737, -0.9993798136711121, 1.5127143859863281], [0.5712448358535767, 0.8206087350845337, -0.016751835122704506, -1.1246337890625], [0.0, 0.0, 0.0, 1.0]], [[0.005508359055966139, -0.9993554353713989, 0.035474348813295364, 0.008544921875], [0.010547331534326077, -0.03541485592722893, -0.9993171095848083, 1.5230293273925781], [0.9999292492866516, 0.005878753960132599, 0.010345455259084702, -1.4632568359375], [0.0, 0.0, 0.0, 1.0]], [[-0.8327987790107727, -0.5535652041435242, -0.003428487805649638, 0.88330078125], [0.016159499064087868, -0.01811915449798107, -0.9997051954269409, 1.5065765380859375], [0.553339958190918, -0.8326086401939392, 0.02403494529426098, -1.1478271484375], [0.0, 0.0, 0.0, 1.0]], [[0.9477507472038269, 0.3189117908477783, 0.007996100932359695, -1.13037109375], [0.024780359119176865, -0.04860721156001091, -0.998510479927063, 1.5888671875], [-0.3180480897426605, 0.9465371370315552, -0.05397026240825653, -0.1077880859375], [0.0, 0.0, 0.0, 1.0]], [[0.002916780300438404, 0.9992561340332031, -0.03845591843128204, 0.00238037109375], [-0.0006026835180819035, -0.0384543240070343, -0.9992601871490479, 1.5793380737304688], [-0.9999955892562866, 0.0029378074686974287, 0.0004900731146335602, -0.0716552734375], [0.0, 0.0, 0.0, 1.0]], [[-0.9343681335449219, 0.3542618453502655, -0.038141198456287384, 1.0113525390625], [0.03204124793410301, -0.023070896044373512, -0.9992202520370483, 1.5557479858398438], [-0.35486558079719543, -0.9348616600036621, 0.010205714032053947, -0.10980224609375], [0.0, 0.0, 0.0, 1.0]]], "view": [[0.0, -2.0, 100.0], [-2.0, 0.0, 100.0], [0.0, 0.0, 1.0]], "bev": "bev_00ee093616ef4d0abaafa4d9cf12d0bd.png", "aux": "aux_00ee093616ef4d0abaafa4d9cf12d0bd.npz", "visibility": "visibility_00ee093616ef4d0abaafa4d9cf12d0bd.png", "pose": [[-0.0459621362388134, -0.9989432096481323, 0.0, 768.9853515625], [0.9989432096481323, -0.0459621362388134, 0.0, 1687.2108154296875], [0.0, 0.0, 1.0, 0.0], [0.0, 0.0, 0.0, 1.0]], "pose_inverse": [[-0.0459621362388134, 0.9989432096481323, 0.0, -1650.08349609375], [-0.9989432096481323, -0.0459621362388134, 0.0, 845.7205200195312], [0.0, 0.0, 1.0, 0.0], [0.0, 0.0, 0.0, 1.0]], "cam_ids": [0, 1, 2, 3, 4, 5], "cam_channels": ["CAM_FRONT_LEFT", "CAM_FRONT", "CAM_FRONT_RIGHT", "CAM_BACK_LEFT", "CAM_BACK", "CAM_BACK_RIGHT"], "token": "00ee093616ef4d0abaafa4d9cf12d0bd", "scene": "scene-0024"}, {"images": ["samples/CAM_FRONT_LEFT/n015-2018-07-18-11-50-34+0800__CAM_FRONT_LEFT__1531886048004844.jpg", "samples/CAM_FRONT/n015-2018-07-18-11-50-34+0800__CAM_FRONT__1531886048012466.jpg", "samples/CAM_FRONT_RIGHT/n015-2018-07-18-11-50-34+0800__CAM_FRONT_RIGHT__1531886048020339.jpg", "samples/CAM_BACK_LEFT/n015-2018-07-18-11-50-34+0800__CAM_BACK_LEFT__1531886048047423.jpg", "samples/CAM_BACK/n015-2018-07-18-11-50-34+0800__CAM_BACK__1531886048037525.jpg", "samples/CAM_BACK_RIGHT/n015-2018-07-18-11-50-34+0800__CAM_BACK_RIGHT__1531886048027893.jpg"], "intrinsics": [[[1272.5979470598488, 0.0, 826.6154927353808], [0.0, 1272.5979470598488, 479.75165386361925], [0.0, 0.0, 1.0]], [[1266.417203046554, 0.0, 816.2670197447984], [0.0, 1266.417203046554, 491.50706579294757], [0.0, 0.0, 1.0]], [[1260.8474446004698, 0.0, 807.968244525554], [0.0, 1260.8474446004698, 495.3344268742088], [0.0, 0.0, 1.0]], [[1256.7414812095406, 0.0, 792.1125740759628], [0.0, 1256.7414812095406, 492.7757465151356], [0.0, 0.0, 1.0]], [[809.2209905677063, 0.0, 829.2196003259838], [0.0, 809.2209905677063, 481.77842384512485], [0.0, 0.0, 1.0]], [[1259.5137405846733, 0.0, 807.2529053838625], [0.0, 1259.5137405846733, 501.19579884916527], [0.0, 0.0, 1.0]]], "extrinsics": [[[0.8204598426818848, -0.5708702802658081, 0.030867109075188637, -0.738525390625], [0.01469088438898325, -0.03292124718427658, -0.9993499517440796, 1.5123138427734375], [0.5715153217315674, 0.820379912853241, -0.018623972311615944, -1.1233673095703125], [0.0, 0.0, 0.0, 1.0]], [[0.005224749445915222, -0.9992955923080444, 0.037161193788051605, 0.0068359375], [0.009419060312211514, -0.03711087256669998, -0.9992668032646179, 1.5227088928222656], [0.9999420046806335, 0.005570941139012575, 0.009218527935445309, -1.464111328125], [0.0, 0.0, 0.0, 1.0]], [[-0.8329635858535767, -0.553325891494751, -0.0014696372672915459, 0.88299560546875], [0.015077083371579647, -0.020041512325406075, -0.9996854662895203, 1.5063591003417969], [0.5531222820281982, -0.8327237367630005, 0.025036385282874107, -1.149169921875], [0.0, 0.0, 0.0, 1.0]], [[0.9477676749229431, 0.3188992738723755, 0.0062988921999931335, -1.1309814453125], [0.02372489497065544, -0.05078939348459244, -0.9984275102615356, 1.5888442993164062], [-0.31807786226272583, 0.9464268684387207, -0.05570240318775177, -0.1077880859375], [0.0, 0.0, 0.0, 1.0]], [[0.0030224148649722338, 0.9991693496704102, -0.04063926264643669, 0.0028076171875], [-0.0016641878755763173, -0.04063437134027481, -0.9991726875305176, 1.5792388916015625], [-0.9999940395355225, 0.003087552497163415, 0.0015399879775941372, -0.0711669921875], [0.0, 0.0, 0.0, 1.0]], [[-0.9343254566192627, 0.35440102219581604, -0.0378907173871994, 1.0123291015625], [0.030974281951785088, -0.02517053857445717, -0.9992032051086426, 1.555572509765625], [-0.3550722897052765, -0.9347547292709351, 0.01254015788435936, -0.1103057861328125], [0.0, 0.0, 0.0, 1.0]]], "view": [[0.0, -2.0, 100.0], [-2.0, 0.0, 100.0], [0.0, 0.0, 1.0]], "bev": "bev_37b397c6f4114ce69ce15f70eb6c9340.png", "aux": "aux_37b397c6f4114ce69ce15f70eb6c9340.npz", "visibility": "visibility_37b397c6f4114ce69ce15f70eb6c9340.png", "pose": [[-0.04584353789687157, -0.9989486336708069, 0.0, 768.8563232421875], [0.9989486336708069, -0.04584353789687157, 0.0, 1690.281494140625], [0.0, 0.0, 1.0, 0.0], [0.0, 0.0, 0.0, 1.0]], "pose_inverse": [[-0.04584353789687157, 0.9989486336708069, 0.0, -1653.25732421875], [-0.9989486336708069, -0.04584353789687157, 0.0, 845.5364379882812], [0.0, 0.0, 1.0, 0.0], [0.0, 0.0, 0.0, 1.0]], "cam_ids": [0, 1, 2, 3, 4, 5], "cam_channels": ["CAM_FRONT_LEFT", "CAM_FRONT", "CAM_FRONT_RIGHT", "CAM_BACK_LEFT", "CAM_BACK", "CAM_BACK_RIGHT"], "token": "37b397c6f4114ce69ce15f70eb6c9340", "scene": "scene-0024"}, {"images": ["samples/CAM_FRONT_LEFT/n015-2018-07-18-11-50-34+0800__CAM_FRONT_LEFT__1531886048504844.jpg", "samples/CAM_FRONT/n015-2018-07-18-11-50-34+0800__CAM_FRONT__1531886048512464.jpg", "samples/CAM_FRONT_RIGHT/n015-2018-07-18-11-50-34+0800__CAM_FRONT_RIGHT__1531886048520339.jpg", "samples/CAM_BACK_LEFT/n015-2018-07-18-11-50-34+0800__CAM_BACK_LEFT__1531886048547423.jpg", "samples/CAM_BACK/n015-2018-07-18-11-50-34+0800__CAM_BACK__1531886048537525.jpg", "samples/CAM_BACK_RIGHT/n015-2018-07-18-11-50-34+0800__CAM_BACK_RIGHT__1531886048527893.jpg"], "intrinsics": [[[1272.5979470598488, 0.0, 826.6154927353808], [0.0, 1272.5979470598488, 479.75165386361925], [0.0, 0.0, 1.0]], [[1266.417203046554, 0.0, 816.2670197447984], [0.0, 1266.417203046554, 491.50706579294757], [0.0, 0.0, 1.0]], [[1260.8474446004698, 0.0, 807.968244525554], [0.0, 1260.8474446004698, 495.3344268742088], [0.0, 0.0, 1.0]], [[1256.7414812095406, 0.0, 792.1125740759628], [0.0, 1256.7414812095406, 492.7757465151356], [0.0, 0.0, 1.0]], [[809.2209905677063, 0.0, 829.2196003259838], [0.0, 809.2209905677063, 481.77842384512485], [0.0, 0.0, 1.0]], [[1259.5137405846733, 0.0, 807.2529053838625], [0.0, 1259.5137405846733, 501.19579884916527], [0.0, 0.0, 1.0]]], "extrinsics": [[[0.8202899098396301, -0.5709559321403503, 0.03367295116186142, -0.748046875], [0.015046000480651855, -0.03731217235326767, -0.9991903901100159, 1.512237548828125], [0.5717499852180481, 0.8201324343681335, -0.022016195580363274, -1.1298370361328125], [0.0, 0.0, 0.0, 1.0]], [[0.004981637932360172, -0.9991265535354614, 0.04148915037512779, 0.0067138671875], [0.00975650455802679, -0.041439127177000046, -0.9990934133529663, 1.5226936340332031], [0.999940037727356, 0.005381912924349308, 0.009541547857224941, -1.47314453125], [0.0, 0.0, 0.0, 1.0]], [[-0.8330634832382202, -0.5531771779060364, 0.00061908143106848, 0.888671875], [0.015399462543427944, -0.024309666827321053, -0.9995858669281006, 1.5063133239746094], [0.552963137626648, -0.8327088952064514, 0.02877012826502323, -1.152587890625], [0.0, 0.0, 0.0, 1.0]], [[0.9478024244308472, 0.31881433725357056, 0.005297715775668621, -1.128662109375], [0.02405937947332859, -0.05493905395269394, -0.9981997609138489, 1.5888900756835938], [-0.3179493844509125, 0.9462236762046814, -0.05974183976650238, -0.1082763671875], [0.0, 0.0, 0.0, 1.0]], [[0.0031508307438343763, 0.9989908337593079, -0.04480533301830292, 0.00286865234375], [-0.0013455392327159643, -0.04480128362774849, -0.9989950060844421, 1.5792655944824219], [-0.9999940991401672, 0.003207951784133911, 0.0012030175421386957, -0.0699462890625], [0.0, 0.0, 0.0, 1.0]], [[-0.9342599511146545, 0.3543776869773865, -0.0396844856441021, 1.0162353515625], [0.031290922313928604, -0.02938688173890114, -0.9990782737731934, 1.55548095703125], [-0.35521721839904785, -0.9346404671669006, 0.016366180032491684, -0.1088409423828125], [0.0, 0.0, 0.0, 1.0]]], "view": [[0.0, -2.0, 100.0], [-2.0, 0.0, 100.0], [0.0, 0.0, 1.0]], "bev": "bev_6c7de63ed5f64275992b041550641710.png", "aux": "aux_6c7de63ed5f64275992b041550641710.npz", "visibility": "visibility_6c7de63ed5f64275992b041550641710.png", "pose": [[-0.04794904589653015, -0.9988498091697693, 0.0, 768.7147216796875], [0.9988498091697693, -0.04794904589653015, 0.0, 1693.2265625], [0.0, 0.0, 1.0, 0.0], [0.0, 0.0, 0.0, 1.0]], "pose_inverse": [[-0.04794904589653015, 0.9988498091697693, 0.0, -1654.4197998046875], [-0.9988498091697693, -0.04794904589653015, 0.0, 849.0191040039062], [0.0, 0.0, 1.0, 0.0], [0.0, 0.0, 0.0, 1.0]], "cam_ids": [0, 1, 2, 3, 4, 5], "cam_channels": ["CAM_FRONT_LEFT", "CAM_FRONT", "CAM_FRONT_RIGHT", "CAM_BACK_LEFT", "CAM_BACK", "CAM_BACK_RIGHT"], "token": "6c7de63ed5f64275992b041550641710", "scene": "scene-0024"}, {"images": ["samples/CAM_FRONT_LEFT/n015-2018-07-18-11-50-34+0800__CAM_FRONT_LEFT__1531886049004844.jpg", "samples/CAM_FRONT/n015-2018-07-18-11-50-34+0800__CAM_FRONT__1531886049012464.jpg", "samples/CAM_FRONT_RIGHT/n015-2018-07-18-11-50-34+0800__CAM_FRONT_RIGHT__1531886049020339.jpg", "samples/CAM_BACK_LEFT/n015-2018-07-18-11-50-34+0800__CAM_BACK_LEFT__1531886049047423.jpg", "samples/CAM_BACK/n015-2018-07-18-11-50-34+0800__CAM_BACK__1531886049037525.jpg", "samples/CAM_BACK_RIGHT/n015-2018-07-18-11-50-34+0800__CAM_BACK_RIGHT__1531886049027893.jpg"], "intrinsics": [[[1272.5979470598488, 0.0, 826.6154927353808], [0.0, 1272.5979470598488, 479.75165386361925], [0.0, 0.0, 1.0]], [[1266.417203046554, 0.0, 816.2670197447984], [0.0, 1266.417203046554, 491.50706579294757], [0.0, 0.0, 1.0]], [[1260.8474446004698, 0.0, 807.968244525554], [0.0, 1260.8474446004698, 495.3344268742088], [0.0, 0.0, 1.0]], [[1256.7414812095406, 0.0, 792.1125740759628], [0.0, 1256.7414812095406, 492.7757465151356], [0.0, 0.0, 1.0]], [[809.2209905677063, 0.0, 829.2196003259838], [0.0, 809.2209905677063, 481.77842384512485], [0.0, 0.0, 1.0]], [[1259.5137405846733, 0.0, 807.2529053838625], [0.0, 1259.5137405846733, 501.19579884916527], [0.0, 0.0, 1.0]]], "extrinsics": [[[0.8201889395713806, -0.5712690949440002, 0.03068653494119644, -0.7677001953125], [0.011126775294542313, -0.0376998595893383, -0.9992271661758423, 1.5109443664550781], [0.5719844102859497, 0.8198965191841125, -0.024564623832702637, -1.143310546875], [0.0, 0.0, 0.0, 1.0]], [[0.004752353765070438, -0.999114990234375, 0.04179207608103752, 0.0064697265625], [0.005841415375471115, -0.04176410287618637, -0.9991104602813721, 1.5217208862304688], [0.9999716281890869, 0.004992254544049501, 0.00563776632770896, -1.492919921875], [0.0, 0.0, 0.0, 1.0]], [[-0.8332685232162476, -0.5528539419174194, 0.004008543211966753, 0.90167236328125], [0.011495842598378658, -0.02457464672625065, -0.9996318817138672, 1.5054588317871094], [0.5527489185333252, -0.8329156637191772, 0.026832805946469307, -1.16162109375], [0.0, 0.0, 0.0, 1.0]], [[0.9478222727775574, 0.3187931776046753, 0.0019559829961508512, -1.131103515625], [0.020450346171855927, -0.054676976054906845, -0.9982946515083313, 1.5887985229492188], [-0.3181425631046295, 0.9462459087371826, -0.05834348499774933, -0.107421875], [0.0, 0.0, 0.0, 1.0]], [[0.003146517090499401, 0.9989902973175049, -0.044817328453063965, 0.00286865234375], [-0.005120907910168171, -0.04480087012052536, -0.998982846736908, 1.5790348052978516], [-0.9999818801879883, 0.0033728154376149178, 0.00497476989403367, -0.06298828125], [0.0, 0.0, 0.0, 1.0]], [[-0.934302031993866, 0.35464751720428467, -0.036122407764196396, 1.0272216796875], [0.027407363057136536, -0.029568186029791832, -0.9991869926452637, 1.554656982421875], [-0.35542720556259155, -0.9345324039459229, 0.017905663698911667, -0.104827880859375], [0.0, 0.0, 0.0, 1.0]]], "view": [[0.0, -2.0, 100.0], [-2.0, 0.0, 100.0], [0.0, 0.0, 1.0]], "bev": "bev_a38098166d4049d1a81ff4e309415026.png", "aux": "aux_a38098166d4049d1a81ff4e309415026.npz", "visibility": "visibility_a38098166d4049d1a81ff4e309415026.png", "pose": [[-0.04963245615363121, -0.9987675547599792, 0.0, 768.5850219726562], [0.9987675547599792, -0.04963245615363121, 0.0, 1695.988037109375], [0.0, 0.0, 1.0, 0.0], [0.0, 0.0, 0.0, 1.0]], "pose_inverse": [[-0.04963245615363121, 0.9987675547599792, 0.0, -1655.7510986328125], [-0.9987675547599792, -0.04963245615363121, 0.0, 851.8138427734375], [0.0, 0.0, 1.0, 0.0], [0.0, 0.0, 0.0, 1.0]], "cam_ids": [0, 1, 2, 3, 4, 5], "cam_channels": ["CAM_FRONT_LEFT", "CAM_FRONT", "CAM_FRONT_RIGHT", "CAM_BACK_LEFT", "CAM_BACK", "CAM_BACK_RIGHT"], "token": "a38098166d4049d1a81ff4e309415026", "scene": "scene-0024"}, {"images": ["samples/CAM_FRONT_LEFT/n015-2018-07-18-11-50-34+0800__CAM_FRONT_LEFT__1531886049504844.jpg", "samples/CAM_FRONT/n015-2018-07-18-11-50-34+0800__CAM_FRONT__1531886049512981.jpg", "samples/CAM_FRONT_RIGHT/n015-2018-07-18-11-50-34+0800__CAM_FRONT_RIGHT__1531886049520339.jpg", "samples/CAM_BACK_LEFT/n015-2018-07-18-11-50-34+0800__CAM_BACK_LEFT__1531886049547468.jpg", "samples/CAM_BACK/n015-2018-07-18-11-50-34+0800__CAM_BACK__1531886049537525.jpg", "samples/CAM_BACK_RIGHT/n015-2018-07-18-11-50-34+0800__CAM_BACK_RIGHT__1531886049527893.jpg"], "intrinsics": [[[1272.5979470598488, 0.0, 826.6154927353808], [0.0, 1272.5979470598488, 479.75165386361925], [0.0, 0.0, 1.0]], [[1266.417203046554, 0.0, 816.2670197447984], [0.0, 1266.417203046554, 491.50706579294757], [0.0, 0.0, 1.0]], [[1260.8474446004698, 0.0, 807.968244525554], [0.0, 1260.8474446004698, 495.3344268742088], [0.0, 0.0, 1.0]], [[1256.7414812095406, 0.0, 792.1125740759628], [0.0, 1256.7414812095406, 492.7757465151356], [0.0, 0.0, 1.0]], [[809.2209905677063, 0.0, 829.2196003259838], [0.0, 809.2209905677063, 481.77842384512485], [0.0, 0.0, 1.0]], [[1259.5137405846733, 0.0, 807.2529053838625], [0.0, 1259.5137405846733, 501.19579884916527], [0.0, 0.0, 1.0]]], "extrinsics": [[[0.8206444382667542, -0.5705087780952454, 0.03259531408548355, -0.787109375], [0.013346699997782707, -0.03788917511701584, -0.9991928339004517, 1.5111579895019531], [0.5712832808494568, 0.8204171061515808, -0.02347913198173046, -1.1568450927734375], [0.0, 0.0, 0.0, 1.0]], [[0.005401296075433493, -0.9991052150726318, 0.04194693639874458, 0.00640869140625], [0.008044496178627014, -0.041902780532836914, -0.9990893006324768, 1.5219650268554688], [0.9999530911445618, 0.0057338206097483635, 0.007810968905687332, -1.51611328125], [0.0, 0.0, 0.0, 1.0]], [[-0.8329564332962036, -0.5533338189125061, 0.0022585580591112375, 0.9163818359375], [0.013670014217495918, -0.024658145383000374, -0.9996024370193481, 1.5055580139160156], [0.5531696081161499, -0.8325945138931274, 0.028103241696953773, -1.1712646484375], [0.0, 0.0, 0.0, 1.0]], [[0.9478095173835754, 0.31881821155548096, 0.0034786020405590534, -1.1375732421875], [0.022085342556238174, -0.05476527661085129, -0.9982549548149109, 1.5886611938476562], [-0.31807130575180054, 0.9462323784828186, -0.05894825980067253, -0.105224609375], [0.0, 0.0, 0.0, 1.0]], [[0.0029996195808053017, 0.9989867210388184, -0.04490596055984497, 0.0029296875], [-0.003187622409313917, -0.04489637911319733, -0.998986542224