[{"images": ["samples/CAM_FRONT_LEFT/n008-2018-09-18-13-41-50-0400__CAM_FRONT_LEFT__1537292711254799.jpg", "samples/CAM_FRONT/n008-2018-09-18-13-41-50-0400__CAM_FRONT__1537292711262404.jpg", "samples/CAM_FRONT_RIGHT/n008-2018-09-18-13-41-50-0400__CAM_FRONT_RIGHT__1537292711270482.jpg", "samples/CAM_BACK_LEFT/n008-2018-09-18-13-41-50-0400__CAM_BACK_LEFT__1537292711297405.jpg", "samples/CAM_BACK/n008-2018-09-18-13-41-50-0400__CAM_BACK__1537292711287558.jpg", "samples/CAM_BACK_RIGHT/n008-2018-09-18-13-41-50-0400__CAM_BACK_RIGHT__1537292711278113.jpg"], "intrinsics": [[[1257.8625342125129, 0.0, 827.2410631095686], [0.0, 1257.8625342125129, 450.915498205774], [0.0, 0.0, 1.0]], [[1252.8131021185304, 0.0, 826.588114781398], [0.0, 1252.8131021185304, 469.9846626224581], [0.0, 0.0, 1.0]], [[1256.7485116440405, 0.0, 817.7887570959712], [0.0, 1256.7485116440403, 451.9541780095127], [0.0, 0.0, 1.0]], [[1254.9860565800168, 0.0, 829.5769333630991], [0.0, 1254.9860565800168, 467.1680561863987], [0.0, 0.0, 1.0]], [[796.8910634503094, 0.0, 857.7774326863696], [0.0, 796.8910634503094, 476.8848988407415], [0.0, 0.0, 1.0]], [[1249.9629280788233, 0.0, 825.3768045375984], [0.0, 1249.9629280788233, 462.54816385708756], [0.0, 0.0, 1.0]]], "extrinsics": [[[0.8220962882041931, -0.569006085395813, -0.019743019714951515, -0.911865234375], [-0.01141641940921545, 0.018195003271102905, -0.9997692704200745, 1.4870052337646484], [0.5692340731620789, 0.8221319913864136, 0.008462031371891499, -1.26837158203125], [0.0, 0.0, 0.0, 1.0]], [[0.00972605962306261, -0.999850869178772, -0.01426816824823618, 0.006103515625], [-0.009546821936964989, 0.014175345189869404, -0.9998539090156555, 1.479269027709961], [0.9999071955680847, 0.009860847145318985, -0.009407526813447475, -1.6405029296875], [0.0, 0.0, 0.0, 1.0]], [[-0.8442666530609131, -0.5359206795692444, -0.0016697918763384223, 1.027587890625], [-0.0015868075424805284, 0.005615482572466135, -0.9999829530715942, 1.4929523468017578], [0.5359209179878235, -0.8442496061325073, -0.005591369699686766, -1.2376708984375], [0.0, 0.0, 0.0, 1.0]], [[0.9477161169052124, 0.3185579776763916, -0.018841255456209183, -1.1356201171875], [-0.027080319821834564, 0.021454328671097755, -0.9994029998779297, 1.561798095703125], [-0.3179636001586914, 0.9476605653762817, 0.02895926870405674, -0.1588134765625], [0.0, 0.0, 0.0, 1.0]], [[0.009576001204550266, 0.9998642802238464, 0.013404613360762596, -0.0284423828125], [-0.024844704195857048, 0.013638992793858051, -0.9995982646942139, 1.5672454833984375], [-0.9996454119682312, 0.009239090606570244, 0.024971943348646164, 0.01171875], [0.0, 0.0, 0.0, 1.0]], [[-0.9235413074493408, 0.38318416476249695, 0.015529435127973557, 1.1092529296875], [-0.020664453506469727, -0.009288033470511436, -0.9997432827949524, 1.5466594696044922], [-0.3829416036605835, -0.9236251711845398, 0.01649617590010166, -0.0652008056640625], [0.0, 0.0, 0.0, 1.0]]], "view": [[0.0, -2.0, 100.0], [-2.0, 0.0, 100.0], [0.0, 0.0, 1.0]], "bev": "bev_a60b78b5b4d14829998274abd8498046.png", "aux": "aux_a60b78b5b4d14829998274abd8498046.npz", "visibility": "visibility_a60b78b5b4d14829998274abd8498046.png", "pose": [[-0.6987389326095581, 0.7153767347335815, 0.0, 1567.4442138671875], [-0.7153767347335815, -0.6987389326095581, 0.0, 844.2919921875], [0.0, 0.0, 1.0, 0.0], [0.0, 0.0, 0.0, 1.0]], "pose_inverse": [[-0.6987389326095581, -0.7153767347335815, 0.0, 1699.22119140625], [0.7153767347335815, -0.6987389326095581, 0.0, -531.3734130859375], [0.0, 0.0, 1.0, 0.0], [0.0, 0.0, 0.0, 1.0]], "cam_ids": [0, 1, 2, 3, 4, 5], "cam_channels": ["CAM_FRONT_LEFT", "CAM_FRONT", "CAM_FRONT_RIGHT", "CAM_BACK_LEFT", "CAM_BACK", "CAM_BACK_RIGHT"], "token": "a60b78b5b4d14829998274abd8498046", "scene": "scene-0587"}, {"images": ["samples/CAM_FRONT_LEFT/n008-2018-09-18-13-41-50-0400__CAM_FRONT_LEFT__1537292711754950.jpg", "samples/CAM_FRONT/n008-2018-09-18-13-41-50-0400__CAM_FRONT__1537292711762404.jpg", "samples/CAM_FRONT_RIGHT/n008-2018-09-18-13-41-50-0400__CAM_FRONT_RIGHT__1537292711770482.jpg", "samples/CAM_BACK_LEFT/n008-2018-09-18-13-41-50-0400__CAM_BACK_LEFT__1537292711797405.jpg", "samples/CAM_BACK/n008-2018-09-18-13-41-50-0400__CAM_BACK__1537292711787558.jpg", "samples/CAM_BACK_RIGHT/n008-2018-09-18-13-41-50-0400__CAM_BACK_RIGHT__1537292711778113.jpg"], "intrinsics": [[[1257.8625342125129, 0.0, 827.2410631095686], [0.0, 1257.8625342125129, 450.915498205774], [0.0, 0.0, 1.0]], [[1252.8131021185304, 0.0, 826.588114781398], [0.0, 1252.8131021185304, 469.9846626224581], [0.0, 0.0, 1.0]], [[1256.7485116440405, 0.0, 817.7887570959712], [0.0, 1256.7485116440403, 451.9541780095127], [0.0, 0.0, 1.0]], [[1254.9860565800168, 0.0, 829.5769333630991], [0.0, 1254.9860565800168, 467.1680561863987], [0.0, 0.0, 1.0]], [[796.8910634503094, 0.0, 857.7774326863696], [0.0, 796.8910634503094, 476.8848988407415], [0.0, 0.0, 1.0]], [[1249.9629280788233, 0.0, 825.3768045375984], [0.0, 1249.9629280788233, 462.54816385708756], [0.0, 0.0, 1.0]]], "extrinsics": [[[0.8220549821853638, -0.5691035985946655, -0.018621644005179405, -0.951416015625], [-0.008530333638191223, 0.020391175523400307, -0.9997556805610657, 1.48773193359375], [0.5693442225456238, 0.8220130205154419, 0.011908023618161678, -1.2965087890625], [0.0, 0.0, 0.0, 1.0]], [[0.009565222077071667, -0.9998248219490051, -0.016087960451841354, 0.006103515625], [-0.006616579368710518, 0.016025058925151825, -0.9998496770858765, 1.4798030853271484], [0.9999323487281799, 0.009670221246778965, -0.006462136749178171, -1.6807861328125], [0.0, 0.0, 0.0, 1.0]], [[-0.8443458080291748, -0.5357759594917297, -0.004934901837259531, 1.054931640625], [0.0013620887184515595, 0.007063957396894693, -0.9999741315841675, 1.4931281805038452], [0.5357969999313354, -0.8443306088447571, -0.005234649404883385, -1.2547607421875], [0.0, 0.0, 0.0, 1.0]], [[0.9477689266204834, 0.318553626537323, -0.01605433039367199, -1.1397705078125], [-0.024145619943737984, 0.02146739512681961, -0.9994779229164124, 1.5619354248046875], [-0.31804269552230835, 0.9476616978645325, 0.02803780511021614, -0.157470703125], [0.0, 0.0, 0.0, 1.0]], [[0.009608246386051178, 0.9998559951782227, 0.01399054192006588, -0.0286865234375], [-0.021983303129673004, 0.01419901940971613, -0.9996575117111206, 1.5676651000976562], [-0.9997122287750244, 0.009297448210418224, 0.022116566076874733, 0.0262451171875], [0.0, 0.0, 0.0, 1.0]], [[-0.9235345125198364, 0.38328734040260315, 0.013222736306488514, 1.1314697265625], [-0.017733365297317505, -0.008237074129283428, -0.9998088479042053, 1.5472526550292969], [-0.3831050992012024, -0.9235924482345581, 0.014404197223484516, -0.055694580078125], [0.0, 0.0, 0.0, 1.0]]], "view": [[0.0, -2.0, 100.0], [-2.0, 0.0, 100.0], [0.0, 0.0, 1.0]], "bev": "bev_dd64fa5296e44fc8a9fb73cd2c3f8173.png", "aux": "aux_dd64fa5296e44fc8a9fb73cd2c3f8173.npz", "visibility": "visibility_dd64fa5296e44fc8a9fb73cd2c3f8173.png", "pose": [[-0.6955161690711975, 0.7185104489326477, 0.0, 1566.7783203125], [-0.7185104489326477, -0.6955161690711975, 0.0, 843.597900390625], [0.0, 0.0, 1.0, 0.0], [0.0, 0.0, 0.0, 1.0]], "pose_inverse": [[-0.6955161690711975, -0.7185104489326477, 0.0, 1695.853515625], [0.7185104489326477, -0.6955161690711975, 0.0, -539.0106201171875], [0.0, 0.0, 1.0, 0.0], [0.0, 0.0, 0.0, 1.0]], "cam_ids": [0, 1, 2, 3, 4, 5], "cam_channels": ["CAM_FRONT_LEFT", "CAM_FRONT", "CAM_FRONT_RIGHT", "CAM_BACK_LEFT", "CAM_BACK", "CAM_BACK_RIGHT"], "token": "dd64fa5296e44fc8a9fb73cd2c3f8173", "scene": "scene-0587"}, {"images": ["samples/CAM_FRONT_LEFT/n008-2018-09-18-13-41-50-0400__CAM_FRONT_LEFT__1537292712254799.jpg", "samples/CAM_FRONT/n008-2018-09-18-13-41-50-0400__CAM_FRONT__1537292712262404.jpg", "samples/CAM_FRONT_RIGHT/n008-2018-09-18-13-41-50-0400__CAM_FRONT_RIGHT__1537292712270482.jpg", "samples/CAM_BACK_LEFT/n008-2018-09-18-13-41-50-0400__CAM_BACK_LEFT__1537292712297405.jpg", "samples/CAM_BACK/n008-2018-09-18-13-41-50-0400__CAM_BACK__1537292712287558.jpg", "samples/CAM_BACK_RIGHT/n008-2018-09-18-13-41-50-0400__CAM_BACK_RIGHT__1537292712278113.jpg"], "intrinsics": [[[1257.8625342125129, 0.0, 827.2410631095686], [0.0, 1257.8625342125129, 450.915498205774], [0.0, 0.0, 1.0]], [[1252.8131021185304, 0.0, 826.588114781398], [0.0, 1252.8131021185304, 469.9846626224581], [0.0, 0.0, 1.0]], [[1256.7485116440405, 0.0, 817.7887570959712], [0.0, 1256.7485116440403, 451.9541780095127], [0.0, 0.0, 1.0]], [[1254.9860565800168, 0.0, 829.5769333630991], [0.0, 1254.9860565800168, 467.1680561863987], [0.0, 0.0, 1.0]], [[796.8910634503094, 0.0, 857.7774326863696], [0.0, 796.8910634503094, 476.8848988407415], [0.0, 0.0, 1.0]], [[1249.9629280788233, 0.0, 825.3768045375984], [0.0, 1249.9629280788233, 462.54816385708756], [0.0, 0.0, 1.0]]], "extrinsics": [[[0.8222978711128235, -0.5687680244445801, -0.018142472952604294, -0.97900390625], [-0.007975815795361996, 0.020359156653285027, -0.9997609257698059, 1.4880199432373047], [0.5690014362335205, 0.8222460150718689, 0.01220490038394928, -1.31719970703125], [0.0, 0.0, 0.0, 1.0]], [[0.00992419570684433, -0.9998185634613037, -0.01625647395849228, 0.00701904296875], [-0.006008665543049574, 0.016197355464100838, -0.9998507499694824, 1.4799938201904297], [0.9999327063560486, 0.010020389221608639, -0.005846829153597355, -1.70947265625], [0.0, 0.0, 0.0, 1.0]], [[-0.8441959023475647, -0.5360045433044434, -0.005691250786185265, 1.07421875], [0.0020080122631043196, 0.007455022074282169, -0.9999701380729675, 1.4931056499481201], [0.5360310673713684, -0.8441821336746216, -0.005217196419835091, -1.26611328125], [0.0, 0.0, 0.0, 1.0]], [[0.9477705955505371, 0.31859976053237915, -0.015005962923169136, -1.1380615234375], [-0.02338024601340294, 0.02247660607099533, -0.9994739294052124, 1.5618972778320312], [-0.31809481978416443, 0.9476228356361389, 0.02875160612165928, -0.157958984375], [0.0, 0.0, 0.0, 1.0]], [[0.009480789303779602, 0.9998453855514526, 0.014807889237999916, -0.0291748046875], [-0.021243754774332047, 0.015006606467068195, -0.9996616840362549, 1.5678367614746094], [-0.999729335308075, 0.009162993170320988, 0.02138274535536766, 0.033935546875], [0.0, 0.0, 0.0, 1.0]], [[-0.9236204624176025, 0.3830934762954712, 0.012828775681555271, 1.146484375], [-0.017060885205864906, -0.007651531137526035, -0.9998251795768738, 1.5475654602050781], [-0.3829282820224762, -0.9236778616905212, 0.013603025116026402, -0.0487823486328125], [0.0, 0.0, 0.0, 1.0]]], "view": [[0.0, -2.0, 100.0], [-2.0, 0.0, 100.0], [0.0, 0.0, 1.0]], "bev": "bev_5c61556d4632476c8e672cb85b4663f6.png", "aux": "aux_5c61556d4632476c8e672cb85b4663f6.npz", "visibility": "visibility_5c61556d4632476c8e672cb85b4663f6.png", "pose": [[-0.6945245862007141, 0.7194689512252808, 0.0, 1566.4608154296875], [-0.7194689512252808, -0.6945245862007141, 0.0, 843.2882080078125], [0.0, 0.0, 1.0, 0.0], [0.0, 0.0, 0.0, 1.0]], "pose_inverse": [[-0.6945245862007141, -0.7194689512252808, 0.0, 1694.665283203125], [0.7194689512252808, -0.6945245862007141, 0.0, -541.3355102539062], [0.0, 0.0, 1.0, 0.0], [0.0, 0.0, 0.0, 1.0]], "cam_ids": [0, 1, 2, 3, 4, 5], "cam_channels": ["CAM_FRONT_LEFT", "CAM_FRONT", "CAM_FRONT_RIGHT", "CAM_BACK_LEFT", "CAM_BACK", "CAM_BACK_RIGHT"], "token": "5c61556d4632476c8e672cb85b4663f6", "scene": "scene-0587"}, {"images": ["samples/CAM_FRONT_LEFT/n008-2018-09-18-13-41-50-0400__CAM_FRONT_LEFT__1537292712755501.jpg", "samples/CAM_FRONT/n008-2018-09-18-13-41-50-0400__CAM_FRONT__1537292712762404.jpg", "samples/CAM_FRONT_RIGHT/n008-2018-09-18-13-41-50-0400__CAM_FRONT_RIGHT__1537292712770916.jpg", "samples/CAM_BACK_LEFT/n008-2018-09-18-13-41-50-0400__CAM_BACK_LEFT__1537292712797405.jpg", "samples/CAM_BACK/n008-2018-09-18-13-41-50-0400__CAM_BACK__1537292712787558.jpg", "samples/CAM_BACK_RIGHT/n008-2018-09-18-13-41-50-0400__CAM_BACK_RIGHT__1537292712778113.jpg"], "intrinsics": [[[1257.8625342125129, 0.0, 827.2410631095686], [0.0, 1257.8625342125129, 450.915498205774], [0.0, 0.0, 1.0]], [[1252.8131021185304, 0.0, 826.588114781398], [0.0, 1252.8131021185304, 469.9846626224581], [0.0, 0.0, 1.0]], [[1256.7485116440405, 0.0, 817.7887570959712], [0.0, 1256.7485116440403, 451.9541780095127], [0.0, 0.0, 1.0]], [[1254.9860565800168, 0.0, 829.5769333630991], [0.0, 1254.9860565800168, 467.1680561863987], [0.0, 0.0, 1.0]], [[796.8910634503094, 0.0, 857.7774326863696], [0.0, 796.8910634503094, 476.8848988407415], [0.0, 0.0, 1.0]], [[1249.9629280788233, 0.0, 825.3768045375984], [0.0, 1249.9629280788233, 462.54816385708756], [0.0, 0.0, 1.0]]], "extrinsics": [[[0.8223699927330017, -0.5686758756637573, -0.017760375514626503, -1.000244140625], [-0.0075246249325573444, 0.020342295989394188, -0.9997647404670715, 1.4882316589355469], [0.5689033269882202, 0.8223101496696472, 0.012449820525944233, -1.33148193359375], [0.0, 0.0, 0.0, 1.0]], [[0.010014224797487259, -0.9998173117637634, -0.016278371214866638, 0.006591796875], [-0.005562052596360445, 0.0162232406437397, -0.9998528957366943, 1.4801254272460938], [0.9999343156814575, 0.010103294625878334, -0.005398573819547892, -1.73046875], [0.0, 0.0, 0.0, 1.0]], [[-0.8441580533981323, -0.5360594391822815, -0.00612060958519578, 1.0882568359375], [0.0024746849667280912, 0.007520422805100679, -0.9999685883522034, 1.4930726289749146], [0.5360887050628662, -0.8441467881202698, -0.005021848250180483, -1.2752685546875], [0.0, 0.0, 0.0, 1.0]], [[0.947776198387146, 0.3186075985431671, -0.01447595376521349, -1.1435546875], [-0.022877728566527367, 0.022643880918622017, -0.9994817972183228, 1.5620346069335938], [-0.3181147873401642, 0.9476161599159241, 0.028750348836183548, -0.1563720703125], [0.0, 0.0, 0.0, 1.0]], [[0.009445053525269032, 0.9998436570167542, 0.01494783628731966, -0.02911376953125], [-0.020747631788253784, 0.01514123473316431, -0.9996700286865234, 1.5680274963378906], [-0.9997401833534241, 0.009131855331361294, 0.020887399092316628, 0.04296875], [0.0, 0.0, 0.0, 1.0]], [[-0.923645555973053, 0.3830467760562897, 0.012410408817231655, 1.157958984375], [-0.01656753569841385, -0.007555683609098196, -0.9998341798782349, 1.5477752685546875], [-0.3828894793987274, -0.9236980080604553, 0.013324914500117302, -0.044036865234375], [0.0, 0.0, 0.0, 1.0]]], "view": [[0.0, -2.0, 100.0], [-2.0, 0.0, 100.0], [0.0, 0.0, 1.0]], "bev": "bev_6719bfd41d45449b83654f53f5286831.png", "aux": "aux_6719bfd41d45449b83654f53f5286831.npz", "visibility": "visibility_6719bfd41d45449b83654f53f5286831.png", "pose": [[-0.6945775747299194, 0.7194178104400635, 0.0, 1566.3424072265625], [-0.7194178104400635, -0.6945775747299194, 0.0, 843.1905517578125], [0.0, 0.0, 1.0, 0.0], [0.0, 0.0, 0.0, 1.0]], "pose_inverse": [[-0.6945775747299194, -0.7194178104400635, 0.0, 1694.5526123046875], [0.7194178104400635, -0.6945775747299194, 0.0, -541.1934204101562], [0.0, 0.0, 1.0, 0.0], [0.0, 0.0, 0.0, 1.0]], "cam_ids": [0, 1, 2, 3, 4, 5], "cam_channels": ["CAM_FRONT_LEFT", "CAM_FRONT", "CAM_FRONT_RIGHT", "CAM_BACK_LEFT", "CAM_BACK", "CAM_BACK_RIGHT"], "token": "6719bfd41d45449b83654f53f5286831", "scene": "scene-0587"}, {"images": ["samples/CAM_FRONT_LEFT/n008-2018-09-18-13-41-50-0400__CAM_FRONT_LEFT__1537292713254799.jpg", "samples/CAM_FRONT/n008-2018-09-18-13-41-50-0400__CAM_FRONT__1537292713262404.jpg", "samples/CAM_FRONT_RIGHT/n008-2018-09-18-13-41-50-0400__CAM_FRONT_RIGHT__1537292713270482.jpg", "samples/CAM_BACK_LEFT/n008-2018-09-18-13-41-50-0400__CAM_BACK_LEFT__1537292713297405.jpg", "samples/CAM_BACK/n008-2018-09-18-13-41-50-0400__CAM_BACK__1537292713287558.jpg", "samples/CAM_BACK_RIGHT/n008-2018-09-18-13-41-50-0400__CAM_BACK_RIGHT__1537292713278113.jpg"], "intrinsics": [[[1257.8625342125129, 0.0, 827.2410631095686], [0.0, 1257.8625342125129, 450.915498205774], [0.0, 0.0, 1.0]], [[1252.8131021185304, 0.0, 826.588114781398], [0.0, 1252.8131021185304, 469.9846626224581], [0.0, 0.0, 1.0]], [[1256.7485116440405, 0.0, 817.7887570959712], [0.0, 1256.7485116440403, 451.9541780095127], [0.0, 0.0, 1.0]], [[1254.9860565800168, 0.0, 829.5769333630991], [0.0, 1254.9860565800168, 467.1680561863987], [0.0, 0.0, 1.0]], [[796.8910634503094, 0.0, 857.7774326863696], [0.0, 796.8910634503094, 476.8848988407415], [0.0, 0.0, 1.0]], [[1249.9629280788233, 0.0, 825.3768045375984], [0.0, 1249.9629280788233, 462.54816385708756], [0.0, 0.0, 1.0]]], "extrinsics": [[[0.8224777579307556, -0.5686060190200806, -0.014757310971617699, -1.0059814453125], [-0.002949037356302142, 0.02168155089020729, -0.9997605681419373, 1.4882774353027344], [0.5687897801399231, 0.8223243355751038, 0.016155749559402466, -1.33526611328125], [0.0, 0.0, 0.0, 1.0]], [[0.010152675211429596, -0.9997942447662354, -0.017557905986905098, 0.00616455078125], [-0.0009698353242129087, 0.01754895970225334, -0.9998455047607422, 1.4801521301269531], [0.9999480247497559, 0.010168038308620453, -0.0007914672023616731, -1.7364501953125], [0.0, 0.0, 0.0, 1.0]], [[-0.8440923094749451, -0.5360908508300781, -0.010717176832258701, 1.092041015625], [0.007087742444127798, 0.008830185048282146, -0.9999358654022217, 1.493056297302246], [0.536151111125946, -0.8441141247749329, -0.0036538175772875547, -1.277587890625], [0.0, 0.0, 0.0, 1.0]], [[0.9478260278701782, 0.31864455342292786, -0.009569044224917889, -1.1441650390625], [-0.018127253279089928, 0.02390356734395027, -0.9995498657226562, 1.562042236328125], [-0.3182724416255951, 0.9475727677345276, 0.028432572260499, -0.1561279296875], [0.0, 0.0, 0.0, 1.0]], [[0.009341191500425339, 0.9998241066932678, 0.01626567728817463, -0.02911376953125], [-0.01607961393892765, 0.016414474695920944, -0.999735951423645, 1.5680694580078125], [-0.9998271465301514, 0.009077286347746849, 0.016230115666985512, 0.044921875], [0.0, 0.0, 0.0, 1.0]], [[-0.9237098693847656, 0.3829957842826843, 0.008616509847342968, 1.1611328125], [-0.011926548555493355, -0.006268850527703762, -0.9999092221260071, 1.5478248596191406], [-0.382906973361969, -0.9237287640571594, 0.0103584174066782, -0.0429229736328125], [0.0, 0.0, 0.0, 1.0]]], "view": [[0.0, -2.0, 100.0], [-2.0, 0.0, 100.0], [0.0, 0.0, 1.0]], "bev": "bev_c0ad2939414d4b698680a02112d0039d.png", "aux": "aux_c0ad2939414d4b698680a02112d0039d.npz", "visibility": "visibility_c0ad2939414d4b698680a02112d0039d.png", "pose": [[-0.6949824690818787, 0.7190266847610474, 0.0, 1566.332763671875], [-0.7190266847610474, -0.6949824690818787, 0.0, 843.199462890625], [0.0, 0.0, 1.0, 0.0], [0.0, 0.0, 0.0, 1.0]], "pose_inverse": [[-0.6949824690818787, -0.7190266847610474, 0.0, 1694.856689453125], [0.7190266847610474, -0.6949824690818787, 0.0, -540.2261352539062], [0.0, 0.0, 1.0, 0.0], [0.0, 0.0, 0.0, 1.0]], "cam_ids": [0, 1, 2, 3, 4, 5], "cam_channels": ["CAM_FRONT_LEFT", "CAM_FRONT", "CAM_FRONT_RIGHT", "CAM_BACK_LEFT", "CAM_BACK", "CAM_BACK_RIGHT"], "token": "c0ad2939414d4b698680a02112d0039d", "scene": "scene-0587"}, {"images": ["samples/CAM_FRONT_LEFT/n008-2018-09-18-13-41-50-0400__CAM_FRONT_LEFT__1537292713754799.jpg", "samples/CAM_FRONT/n008-2018-09-18-13-41-50-0400__CAM_FRONT__1537292713762404.jpg", "samples/CAM_FRONT_RIGHT/n008-2018-09-18-13-41-50-0400__CAM_FRONT_RIGHT__1537292713770490.jpg", "samples/CAM_BACK_LEFT/n008-2018-09-18-13-41-50-0400__CAM_BACK_LEFT__1537292713797405.jpg", "samples/CAM_BACK/n008-2018-09-18-13-41-50-0400__CAM_BACK__1537292713787558.jpg", "samples/CAM_BACK_RIGHT/n008-2018-09-18-13-41-50-0400__CAM_BACK_RIGHT__1537292713778113.jpg"], "intrinsics": [[[1257.8625342125129, 0.0, 827.2410631095686], [0.0, 1257.8625342125129, 450.915498205774], [0.0, 0.0, 1.0]], [[1252.8131021185304, 0.0, 826.588114781398], [0.0, 1252.8131021185304, 469.9846626224581], [0.0, 0.0, 1.0]], [[1256.7485116440405, 0.0, 817.7887570959712], [0.0, 1256.7485116440403, 451.9541780095127], [0.0, 0.0, 1.0]], [[1254.9860565800168, 0.0, 829.5769333630991], [0.0, 1254.9860565800168, 467.1680561863987], [0.0, 0.0, 1.0]], [[796.8910634503094, 0.0, 857.7774326863696], [0.0, 796.8910634503094, 476.8848988407415], [0.0, 0.0, 1.0]], [[1249.9629280788233, 0.0, 825.3768045375984], [0.0, 1249.9629280788233, 462.54816385708756], [0.0, 0.0, 1.0]]], "extrinsics": [[[0.8224448561668396, -0.5686906576156616, -0.013244710862636566, -1.0047607421875], [-0.0012816359521821141, 0.021430954337120056, -0.9997695088386536, 1.4882783889770508], [0.568843424320221, 0.8222723007202148, 0.016896924003958702, -1.333984375], [0.0, 0.0, 0.0, 1.0]], [[0.010093385353684425, -0.9997990727424622, -0.01731347292661667, 0.0062255859375], [0.0006628567934967577, 0.017321040853857994, -0.999849796295166, 1.4801559448242188], [0.9999487996101379, 0.010080534033477306, 0.0008375539910048246, -1.73486328125], [0.0, 0.0, 0.0, 1.0]], [[-0.8441106677055359, -0.5360355973243713, -0.01195636484771967, 1.0909423828125], [0.008682048879563808, 0.008631627075374126, -0.9999250173568726, 1.4930667877197266], [0.5360985994338989, -0.8441512584686279, -0.002632162533700466, -1.2772216796875], [0.0, 0.0, 0.0, 1.0]], [[0.9478429555892944, 0.31863147020339966, -0.008225916884839535, -1.1439208984375], [-0.016672033816576004, 0.023789316415786743, -0.9995779395103455, 1.562042236328125], [-0.31830134987831116, 0.9475799798965454, 0.027860773727297783, -0.15625], [0.0, 0.0, 0.0, 1.0]], [[0.009347225539386272, 0.9998260736465454, 0.016140956431627274, -0.02911376953125], [-0.01456021424382925, 0.016276037320494652, -0.9997614622116089, 1.5680580139160156], [-0.999850332736969, 0.009110067039728165, 0.014709818176925182, 0.04443359375], [0.0, 0.0, 0.0, 1.0]], [[-0.9237030148506165, 0.3830431401729584, 0.007114925421774387, 1.1605224609375], [-0.010369617491960526, -0.006432830356061459, -0.9999255537986755, 1.5478153228759766], [-0.38296881318092346, -0.9237080216407776, 0.00991403590887785, -0.0433197021484375], [0.0, 0.0, 0.0, 1.0]]], "view": [[0.0, -2.0, 100.0], [-2.0, 0.0, 100.0], [0.0, 0.0, 1.0]], "bev": "bev_ba71abdfd5af46468a454858d7e5814e.png", "aux": "aux_ba71abdfd5af46468a454858d7e5814e.npz", "visibility": "visibility_ba71abdfd5af46468a454858d7e5814e.png", "pose": [[-0.6949508786201477, 0.7190572023391724, 0.0, 1566.3319091796875], [-0.7190572023391724, -0.6949508786201477, 0.0, 843.2125244140625], [0.0, 0.0, 1.0, 0.0], [0.0, 0.0, 0.0, 1.0]], "pose_inverse": [[-0.6949508786201477, -0.7190572023391724, 0.0, 1694.841796875], [0.7190572023391724, -0.6949508786201477, 0.0, -540.2909545898438], [0.0, 0.0, 1.0, 0.0], [0.0, 0.0, 0.0, 1.0]], "cam_ids": [0, 1, 2, 3, 4, 5], "cam_channels": ["CAM_FRONT_LEFT", "CAM_FRONT", "CAM_FRONT_RIGHT", "CAM_BACK_LEFT", "CAM_BACK", "CAM_BACK_RIGHT"], "token": "ba71abdfd5af46468a454858d7e5814e", "scene": "scene-0587"}, {"images": ["samples/CAM_FRONT_LEFT/n008-2018-09-18-13-41-50-0400__CAM_FRONT_LEFT__1537292714254799.jpg", "samples/CAM_FRONT/n008-2018-09-18-13-41-50-0400__CAM_FRONT__1537292714262404.jpg", "samples/CAM_FRONT_RIGHT/n008-2018-09-18-13-41-50-0400__CAM_FRONT_RIGHT__1537292714270482.jpg", "samples/CAM_BACK_LEFT/n008-2018-09-18-13-41-50-0400__CAM_BACK_LEFT__1537292714297405.jpg", "samples/CAM_BACK/n008-2018-09-18-13-41-50-0400__CAM_BACK__1537292714287558.jpg", "samples/CAM_BACK_RIGHT/n008-2018-09-18-13-41-50-0400__CAM_BACK_RIGHT__1537292714278113.jpg"], "intrinsics": [[[1257.8625342125129, 0.0, 827.2410631095686], [0.0, 1257.8625342125129, 450.915498205774], [0.0, 0.0, 1.0]], [[1252.8131021185304, 0.0, 826.588114781398], [0.0, 1252.8131021185304, 469.9846626224581], [0.0, 0.0, 1.0]], [[1256.7485116440405, 0.0, 817.7887570959712], [0.0, 1256.7485116440403, 451.9541780095127], [0.0, 0.0, 1.0]], [[1254.9860565800168, 0.0, 829.5769333630991], [0.0, 1254.9860565800168, 467.1680561863987], [0.0, 0.0, 1.0]], [[796.8910634503094, 0.0, 857.7774326863696], [0.0, 796.8910634503094, 476.8848988407415], [0.0, 0.0, 1.0]], [[1249.9629280788233, 0.0, 825.3768045375984], [0.0, 1249.9629280788233, 462.54816385708756], [0.0, 0.0, 1.0]]], "extrinsics": [[[0.8224667310714722, -0.5686666369438171, -0.012911638244986534, -1.0047607421875], [-0.0009044875623658299, 0.021391736343503, -0.9997707605361938, 1.4882822036743164], [0.5688125491142273, 0.8222898244857788, 0.017079638317227364, -1.33380126953125], [0.0, 0.0, 0.0, 1.0]], [[0.010121814906597137, -0.9997996091842651, -0.017268892377614975, 0.00579833984375], [0.001065924996510148, 0.01728055626153946, -0.9998501539230347, 1.480158805847168], [0.9999481439590454, 0.01010179053992033, 0.0012406216701492667, -1.734619140625], [0.0, 0.0, 0.0, 1.0]], [[-0.8440966010093689, -0.5360502600669861, -0.012287382036447525, 1.0906982421875], [0.009099968709051609, 0.008590920828282833, -0.9999216794967651, 1.4930706024169922], [0.5361138582229614, -0.8441423773765564, -0.002373526804149151, -1.2772216796875], [0.0, 0.0, 0.0, 1.0]], [[0.9478415846824646, 0.31864482164382935, -0.007864046841859818, -1.1439208984375], [-0.016281193122267723, 0.02376064471900463, -0.9995850920677185, 1.562042236328125], [-0.3183257281780243, 0.9475763440132141, 0.027709245681762695, -0.156005859375], [0.0, 0.0, 0.0, 1.0]], [[0.009328669868409634, 0.9998267292976379, 0.01610526815056801, -0.029052734375], [-0.014154212549328804, 0.016236383467912674, -0.9997679591178894, 1.5680618286132812], [-0.9998563528060913, 0.009098594076931477, 0.01430322416126728, 0.0443115234375], [0.0, 0.0, 0.0, 1.0]], [[-0.9237107038497925, 0.3830317258834839, 0.006715018302202225, 1.1602783203125], [-0.009954140521585941, -0.006475185044109821, -0.9999294877052307, 1.5478143692016602], [-0.382961243391037, -0.9237124919891357, 0.00979394931346178, -0.0435028076171875], [0.0, 0.0, 0.0, 1.0]]], "view": [[0.0, -2.0, 100.0], [-2.0, 0.0, 100.0], [0.0, 0.0, 1.0]], "bev": "bev_b8ee658a57d44e458d981b6bde3d3a86.png", "aux": "aux_b8ee658a57d44e458d981b6bde3d3a86.npz", "visibility": "visibility_b8ee658a57d44e458d981b6bde3d3a86.png", "pose": [[-0.6949952244758606, 0.7190143465995789, 0.0, 1566.3267822265625], [-0.7190143465995789, -0.6949952244758606, 0.0, 843.2178955078125], [0.0, 0.0, 1.0, 0.0], [0.0, 0.0, 0.0, 1.0]], "pose_inverse": [[-0.6949952244758606, -0.7190143465995789, 0.0, 1694.8753662109375], [0.7190143465995789, -0.6949952244758606, 0.0, -540.1790771484375], [0.0, 0.0, 1.0, 0.0], [0.0, 0.0, 0.0, 1.0]], "cam_ids": [0, 1, 2, 3, 4, 5], "cam_channels": ["CAM_FRONT_LEFT", "CAM_FRONT", "CAM_FRONT_RIGHT", "CAM_BACK_LEFT", "CAM_BACK", "CAM_BACK_RIGHT"], "token": "b8ee658a57d44e458d981b6bde3d3a86", "scene": "scene-0587"}, {"images": ["samples/CAM_FRONT_LEFT/n008-2018-09-18-13-41-50-0400__CAM_FRONT_LEFT__1537292714754799.jpg", "samples/CAM_FRONT/n008-2018-09-18-13-41-50-0400__CAM_FRONT__1537292714762404.jpg", "samples/CAM_FRONT_RIGHT/n008-2018-09-18-13-41-50-0400__CAM_FRONT_RIGHT__1537292714770482.jpg", "samples/CAM_BACK_LEFT/n008-2018-09-18-13-41-50-0400__CAM_BACK_LEFT__1537292714797405.jpg", "samples/CAM_BACK/n008-2018-09-18-13-41-50-0400__CAM_BACK__1537292714787558.jpg", "samples/CAM_BACK_RIGHT/n008-2018-09-18-13-41-50-0400__CAM_BACK_RIGHT__1537292714778113.jpg"], "intrinsics": [[[1257.8625342125129, 0.0, 827.2410631095686], [0.0, 1257.8625342125129, 450.915498205774], [0.0, 0.0, 1.0]], [[1252.8131021185304, 0.0, 826.588114781398], [0.0, 1252.8131021185304, 469.9846626224581], [0.0, 0.0, 1.0]], [[1256.7485116440405, 0.0, 817.7887570959712], [0.0, 1256.7485116440403, 451.9541780095127], [0.0, 0.0, 1.0]], [[1254.9860565800168, 0.0, 829.5769333630991], [0.0, 1254.9860565800168, 467.1680561863987], [0.0, 0.0, 1.0]], [[796.8910634503094, 0.0, 857.7774326863696], [0.0, 796.8910634503094, 476.8848988407415], [0.0, 0.0, 1.0]], [[1249.9629280788233, 0.0, 825.3768045375984], [0.0, 1249.9629280788233, 462.54816385708756], [0.0, 0.0, 1.0]]], "extrinsics": [[[0.8224879503250122, -0.5686386227607727, -0.012801369652152061, -1.0047607421875], [-0.0007585308630950749, 0.02140999585390091, -0.9997705221176147, 1.4882841110229492], [0.5687821507453918, 0.8223088979721069, 0.017178131267428398, -1.333740234375], [0.0, 0.0, 0.0, 1.0]], [[0.010157836601138115, -0.9997990727424622, -0.017285581678152084, 0.0057373046875], [0.0011982176220044494, 0.017298633232712746, -0.9998496174812317, 1.4801602363586426], [0.9999476671218872, 0.010135660879313946, 0.0013736947439610958, -1.7347412109375], [0.0, 0.0, 0.0, 1.0]], [[-0.8440804481506348, -0.5360730886459351, -0.012403103522956371, 1.0908203125], [0.009226739406585693, 0.008607045747339725, -0.9999203681945801, 1.493067741394043], [0.5361372232437134, -0.8441277146339417, -0.0023188318591564894, -1.27734375], [0.0, 0.0, 0.0, 1.0]], [[0.9478438496589661, 0.3186413645744324, -0.007729819044470787, -1.143798828125], [-0.016141951084136963, 0.023767851293087006, -0.9995871782302856, 1.5620384216308594], [-0.31832608580589294, 0.9475772380828857, 0.027671705931425095, -0.15625], [0.0, 0.0, 0.0, 1.0]], [[0.009316523559391499, 0.9998266696929932, 0.0161211546510458, -0.0289306640625], [-0.014025806449353695, 0.01625092886388302, -0.9997695088386536, 1.5680618286132812], [-0.9998582601547241, 0.009088275022804737, 0.014174777083098888, 0.044189453125], [0.0, 0.0, 0.0, 1.0]], [[-0.9237196445465088, 0.38301220536231995, 0.006602667272090912, 1.1605224609375], [-0.009825877845287323, -0.0064597041346132755, -0.9999308586120605, 1.5478153228759766], [-0.3829430937767029, -0.9237207174301147, 0.009730386547744274, -0.0433349609375], [0.0, 0.0, 0.0, 1.0]]], "view": [[0.0, -2.0, 100.0], [-2.0, 0.0, 100.0], [0.0, 0.0, 1.0]], "bev": "bev_7f53fb7369c745aa8123801a3180e928.png", "aux": "aux_7f53fb7369c745aa8123801a3180e928.npz", "visibility": "visibility_7f53fb7369c745aa8123801a3180e928.png", "pose": [[-0.6950356960296631, 0.7189752459526062, 0.0, 1566.322509765625], [-0.7189752459526062, -0.6950356960296631, 0.0, 843.2219848632812], [0.0, 0.0, 1.0, 0.0], [0.0, 0.0, 0.0, 1.0]], "pose_inverse": [[-0.6950356960296631, -0.7189752459526062, 0.0, 1694.90576171875], [0.7189752459526062, -0.6950356960296631, 0.0, -540.0776977539062], [0.0, 0.0, 1.0, 0.0], [0.0, 0.0, 0.0, 1.0]], "cam_ids": [0, 1, 2, 3, 4, 5], "cam_channels": ["CAM_FRONT_LEFT", "CAM_FRONT", "CAM_FRONT_RIGHT", "CAM_BACK_LEFT", "CAM_BACK", "CAM_BACK_RIGHT"], "token": "7f53fb7369c745aa8123801a3180e928", "scene": "scene-0587"}, {"images": ["samples/CAM_FRONT_LEFT/n008-2018-09-18-13-41-50-0400__CAM_FRONT_LEFT__1537292715154799.jpg", "samples/CAM_FRONT/n008-2018-09-18-13-41-50-0400__CAM_FRONT__1537292715162404.jpg", "samples/CAM_FRONT_RIGHT/n008-2018-09-18-13-41-50-0400__CAM_FRONT_RIGHT__1537292715170482.jpg", "samples/CAM_BACK_LEFT/n008-2018-09-18-13-41-50-0400__CAM_BACK_LEFT__1537292715197405.jpg", "samples/CAM_BACK/n008-2018-09-18-13-41-50-0400__CAM_BACK__1537292715187563.jpg", "samples/CAM_BACK_RIGHT/n008-2018-09-18-13-41-50-0400__CAM_BACK_RIGHT__1537292715178113.jpg"], "intrinsics": [[[1257.8625342125129, 0.0, 827.2410631095686], [0.0, 1257.8625342125129, 450.915498205774], [0.0, 0.0, 1.0]], [[1252.8131021185304, 0.0, 826.588114781398], [0.0, 1252.8131021185304, 469.9846626224581], [0.0, 0.0, 1.0]], [[1256.7485116440405, 0.0, 817.7887570959712], [0.0, 1256.7485116440403, 451.9541780095127], [0.0, 0.0, 1.0]], [[1254.9860565800168, 0.0, 829.5769333630991], [0.0, 1254.9860565800168, 467.1680561863987], [0.0, 0.0, 1.0]], [[796.8910634503094, 0.0, 857.7774326863696], [0.0, 796.8910634503094, 476.8848988407415], [0.0, 0.0, 1.0]], [[1249.9629280788233, 0.0, 825.3768045375984], [0.0, 1249.9629280788233, 462.54816385708756], [0.0, 0.0, 1.0]]], "extrinsics": [[[0.8224589228630066, -0.5686823725700378, -0.012722993269562721, -1.0048828125], [-0.0006370712071657181, 0.021446242928504944, -0.9997698068618774, 1.4882869720458984], [0.568824291229248, 0.8222776651382446, 0.017276359722018242, -1.3336181640625], [0.0, 0.0, 0.0, 1.0]], [[0.01011582463979721, -0.9997987747192383, -0.017321493476629257, 0.00567626953125], [0.0013136148918420076, 0.01733565330505371, -0.9998488426208496, 1.4801583290100098], [0.9999479055404663, 0.010091460309922695, 0.0014887150609865785, -1.73486328125], [0.0, 0.0, 0.0, 1.0]], [[-0.8440980911254883, -0.5360428094863892, -0.012510295026004314, 1.0906982421875], [0.009326878003776073, 0.008649464696645737, -0.999919056892395, 1.4930715560913086], [0.5361077189445496, -0.8441465497016907, -0.0023013909813016653, -1.2774658203125], [0.0, 0.0, 0.0, 1.0]], [[0.9478484392166138, 0.31863051652908325, -0.007617477793246508, -1.1439208984375], [-0.016040511429309845, 0.02381955087184906, -0.9995875358581543, 1.5620460510253906], [-0.3183177411556244, 0.9475796818733215, 0.027688318863511086, -0.1561279296875], [0.0, 0.0, 0.0, 1.0]], [[0.00933360680937767, 0.9998254776000977, 0.01618274673819542, -0.02886962890625], [-0.013913470320403576, 0.016311736777424812, -0.9997701048851013, 1.5680618286132812], [-0.9998596906661987, 0.009106380864977837, 0.014063290320336819, 0.04443359375], [0.0, 0.0, 0.0, 1.0]], [[-0.9237099289894104, 0.3830367624759674, 0.006537545006722212, 1.1605224609375], [-0.009733895771205425, -0.006407206878066063, -0.999932050704956, 1.5478153228759766], [-0.38296887278556824, -0.9237108826637268, 0.009646841324865818, -0.0434722900390625], [0.0, 0.0, 0.0, 1.0]]], "view": [[0.0, -2.0, 100.0], [-2.0, 0.0, 100.0], [0.0, 0.0, 1.0]], "bev": "bev_3646f8cb50e84627aa0be2a20daaaf7c.png", "aux": "aux_3646f8cb50e84627aa0be2a20daaaf7c.npz", "visibility": "visibility_3646f8cb50e84627aa0be2a20daaaf7c.png", "pose": [[-0.6949306130409241, 0.7190768122673035, 0.0, 1566.3197021484375], [-0.7190768122673035, -0.6949306130409241, 0.0, 843.2247314453125], [0.0, 0.0, 1.0, 0.0], [0.0, 0.0, 0.0, 1.0]], "pose_inverse": [[-0.6949306130409241, -0.7190768122673035, 0.0, 1694.826904296875], [0.7190768122673035, -0.6949306130409241, 0.0, -540.3214721679688], [0.0, 0.0, 1.0, 0.0], [0.0, 0.0, 0.0, 1.0]], "cam_ids": [0, 1, 2, 3, 4, 5], "cam_channels": ["CAM_FRONT_LEFT", "CAM_FRONT", "CAM_FRONT_RIGHT", "CAM_BACK_LEFT", "CAM_BACK", "CAM_BACK_RIGHT"], "token": "3646f8cb50e84627aa0be2a20daaaf7c", "scene": "scene-0587"}, {"images": ["samples/CAM_FRONT_LEFT/n008-2018-09-18-13-41-50-0400__CAM_FRONT_LEFT__1537292715654799.jpg", "samples/CAM_FRONT/n008-2018-09-18-13-41-50-0400__CAM_FRONT__1537292715662404.jpg", "samples/CAM_FRONT_RIGHT/n008-2018-09-18-13-41-50-0400__CAM_FRONT_RIGHT__1537292715670482.jpg", "samples/CAM_BACK_LEFT/n008-2018-09-18-13-41-50-0400__CAM_BACK_LEFT__1537292715697405.jpg", "samples/CAM_BACK/n008-2018-09-18-13-41-50-0400__CAM_BACK__1537292715687576.jpg", "samples/CAM_BACK_RIGHT/n008-2018-09-18-13-41-50-0400__CAM_BACK_RIGHT__1537292715678113.jpg"], "intrinsics": [[[1257.8625342125129, 0.0, 827.2410631095686], [0.0, 1257.8625342125129, 450.915498205774], [0.0, 0.0, 1.0]], [[1252.8131021185304, 0.0, 826.588114781398], [0.0, 1252.8131021185304, 469.9846626224581], [0.0, 0.0, 1.0]], [[1256.7485116440405, 0.0, 817.7887570959712], [0.0, 1256.7485116440403, 451.9541780095127], [0.0, 0.0, 1.0]], [[1254.9860565800168, 0.0, 829.5769333630991], [0.0, 1254.9860565800168, 467.1680561863987], [0.0, 0.0, 1.0]], [[796.8910634503094, 0.0, 857.7774326863696], [0.0, 796.8910634503094, 476.8848988407415], [0.0, 0.0, 1.0]], [[1249.9629280788233, 0.0, 825.3768045375984], [0.0, 1249.9629280788233, 462.54816385708756], [0.0, 0.0, 1.0]]], "extrinsics": [[[0.8224869966506958, -0.5686410069465637, -0.01274808682501316, -1.0047607421875], [-0.0006074500852264464, 0.021534690633416176, -0.9997678995132446, 1.488286018371582], [0.5687835812568665, 0.8223038911819458, 0.017366580665111542, -1.33355712890625], [0.0, 0.0, 0.0, 1.0]], [[0.010156583040952682, -0.999796986579895, -0.017400039359927177, 0.005859375], [0.0013486390234902501, 0.017414618283510208, -0.9998474717140198, 1.4801597595214844], [0.9999474883079529, 0.01013157144188881, 0.0015252386219799519, -1.73486328125], [0.0, 0.0, 0.0, 1.0]], [[-0.8440806269645691, -0.5360687375068665, -0.012576241046190262, 1.0906982421875], [0.009363113902509212, 0.008715280331671238, -0.9999181628227234, 1.4930715560913086], [0.5361344814300537, -0.8441293835639954, -0.0023371262941509485, -1.2772216796875], [0.0, 0.0, 0.0, 1.0]], [[0.9478442072868347, 0.3186438977718353, -0.007577668875455856, -1.1439208984375], [-0.016018403694033623, 0.023877494037151337, -0.9995865225791931, 1.5620384216308594], [-0.31833118200302124, 0.947573721408844, 0.02773631177842617, -0.1561279296875], [0.0, 0.0, 0.0, 1.0]], [[0.009315771982073784, 0.9998250007629395, 0.016222018748521805, -0.029052734375], [-0.013894479721784592, 0.016350582242012024, -0.9997697472572327, 1.5680580139160156], [-0.9998601078987122, 0.00908821914345026, 0.014044366776943207, 0.0440673828125], [0.0, 0.0, 0.0, 1.0]], [[-0.9237191677093506, 0.3830147385597229, 0.006531220395117998, 1.16064453125], [-0.009705530479550362, -0.0063559021800756454, -0.9999326467514038, 1.5478153228759766], [-0.3829473555088043, -0.9237203001976013, 0.009588428772985935, -0.0434417724609375], [0.0, 0.0, 0.0, 1.0]]], "view": [[0.0, -2.0, 100.0], [-2.0, 0.0, 100.0], [0.0, 0.0, 1.0]], "bev": "bev_411f81bb7eb44803a319c15eaa7e1d05.png", "aux": "aux_411f81bb7eb44803a319c15eaa7e1d05.npz", "visibility": "visibility_411f81bb7eb44803a319c15eaa7e1d05.png", "pose": [[-0.695011556148529, 0.7189985513687134, 0.0, 1566.316650390625], [-0.7189985513687134, -0.695011556148529, 0.0, 843.2276000976562], [0.0, 0.0, 1.0, 0.0], [0.0, 0.0, 0.0, 1.0]], "pose_inverse": [[-0.695011556148529, -0.7189985513687134, 0.0, 1694.8875732421875], [0.7189985513687134, -0.695011556148529, 0.0, -540.1265258789062], [0.0, 0.0, 1.0, 0.0], [0.0, 0.0, 0.0, 1.0]], "cam_ids": [0, 1, 2, 3, 4, 5], "cam_channels": ["CAM_FRONT_LEFT", "CAM_FRONT", "CAM_FRONT_RIGHT", "CAM_BACK_LEFT", "CAM_BACK", "CAM_BACK_RIGHT"], "token": "411f81bb7eb44803a319c15eaa7e1d05", "scene": "scene-0587"}, {"images": ["samples/CAM_FRONT_LEFT/n008-2018-09-18-13-41-50-0400__CAM_FRONT_LEFT__1537292716154799.jpg", "samples/CAM_FRONT/n008-2018-09-18-13-41-50-0400__CAM_FRONT__1537292716162404.jpg", "samples/CAM_FRONT_RIGHT/n008-2018-09-18-13-41-50-0400__CAM_FRONT_RIGHT__1537292716170482.jpg", "samples/CAM_BACK_LEFT/n008-2018-09-18-13-41-50-0400__CAM_BACK_LEFT__1537292716197427.jpg", "samples/CAM_BACK/n008-2018-09-18-13-41-50-0400__CAM_BACK__1537292716187558.jpg", "samples/CAM_BACK_RIGHT/n008-2018-09-18-13-41-50-0400__CAM_BACK_RIGHT__1537292716178113.jpg"], "intrinsics": [[[1257.8625342125129, 0.0, 827.2410631095686], [0.0, 1257.8625342125129, 450.915498205774], [0.0, 0.0, 1.0]], [[1252.8131021185304, 0.0, 826.588114781398], [0.0, 1252.8131021185304, 469.9846626224581], [0.0, 0.0, 1.0]], [[1256.7485116440405, 0.0, 817.7887570959712], [0.0, 1256.7485116440403, 451.9541780095127], [0.0, 0.0, 1.0]], [[1254.9860565800168, 0.0, 829.5769333630991], [0.0, 1254.9860565800168, 467.1680561863987], [0.0, 0.0, 1.0]], [[796.8910634503094, 0.0, 857.7774326863696], [0.0, 796.8910634503094, 476.8848988407415], [0.0, 0.0, 1.0]], [[1249.9629280788233, 0.0, 825.3768045375984], [0.0, 1249.9629280788233, 462.54816385708756], [0.0, 0.0, 1.0]]], "extrinsics": [[[0.8224831223487854, -0.5686455965042114, -0.012795164249837399, -1.0047607421875], [-0.0006349902250804007, 0.021577434614300728, -0.9997669458389282, 1.4882869720458984], [0.5687891840934753, 0.8222995400428772, 0.01738598942756653, -1.33349609375], [0.0, 0.0, 0.0, 1.0]], [[0.010145368985831738, -0.9997962713241577, -0.017447281628847122, 0.00567626953125], [0.0013157243374735117, 0.017461512237787247, -0.9998466968536377, 1.4801621437072754], [0.9999476671218872, 0.010120777413249016, 0.0014926103176549077, -1.7347412109375], [0.0, 0.0, 0.0, 1.0]], [[-0.8440855145454407, -0.5360609889030457, -0.01258047018200159, 1.0904541015625], [0.00933458749204874, 0.008768122643232346, -0.9999179244041443, 1.4930734634399414], [0.5361273288726807, -0.8441337943077087, -0.002397137926891446, -1.2774658203125], [0.0, 0.0, 0.0, 1.0]], [[0.9478445053100586, 0.31864315271377563, -0.00757453590631485, -1.1439208984375], [-0.016041824594140053, 0.023957109078764915, -0.9995843172073364, 1.5620384216308594], [-0.31832918524742126, 0.9475719332695007, 0.027819233015179634, -0.1561279296875], [0.0, 0.0, 0.0, 1.0]], [[0.00932010356336832, 0.9998238682746887, 0.016290923580527306, -0.029052734375], [-0.013925994746387005, 0.016419829800724983, -0.9997681975364685,