[{"images": ["samples/CAM_FRONT_LEFT/n015-2018-09-27-15-33-17+0800__CAM_FRONT_LEFT__1538033932754844.jpg", "samples/CAM_FRONT/n015-2018-09-27-15-33-17+0800__CAM_FRONT__1538033932762460.jpg", "samples/CAM_FRONT_RIGHT/n015-2018-09-27-15-33-17+0800__CAM_FRONT_RIGHT__1538033932770339.jpg", "samples/CAM_BACK_LEFT/n015-2018-09-27-15-33-17+0800__CAM_BACK_LEFT__1538033932797423.jpg", "samples/CAM_BACK/n015-2018-09-27-15-33-17+0800__CAM_BACK__1538033932787525.jpg", "samples/CAM_BACK_RIGHT/n015-2018-09-27-15-33-17+0800__CAM_BACK_RIGHT__1538033932777893.jpg"], "intrinsics": [[[1272.5979470598488, 0.0, 826.6154927353808], [0.0, 1272.5979470598488, 479.75165386361925], [0.0, 0.0, 1.0]], [[1266.417203046554, 0.0, 816.2670197447984], [0.0, 1266.417203046554, 491.50706579294757], [0.0, 0.0, 1.0]], [[1260.8474446004698, 0.0, 807.968244525554], [0.0, 1260.8474446004698, 495.3344268742088], [0.0, 0.0, 1.0]], [[1256.7414812095406, 0.0, 792.1125740759628], [0.0, 1256.7414812095406, 492.7757465151356], [0.0, 0.0, 1.0]], [[809.2209905677063, 0.0, 829.2196003259838], [0.0, 809.2209905677063, 481.77842384512485], [0.0, 0.0, 1.0]], [[1259.5137405846733, 0.0, 807.2529053838625], [0.0, 1259.5137405846733, 501.19579884916527], [0.0, 0.0, 1.0]]], "extrinsics": [[[0.8227776288986206, -0.5675516724586487, 0.030363881960511208, -0.821563720703125], [0.02915428951382637, -0.011208789423108101, -0.9995120763778687, 1.5133094787597656], [0.5676151514053345, 0.8232613801956177, 0.007324227597564459, -1.18310546875], [0.0, 0.0, 0.0, 1.0]], [[0.009028096683323383, -0.999840259552002, 0.015421985648572445, 0.007568359375], [0.02398359775543213, -0.015201670117676258, -0.9995967745780945, 1.5239567756652832], [0.9996715784072876, 0.00939433928579092, 0.023842524737119675, -1.5501708984375], [0.0, 0.0, 0.0, 1.0]], [[-0.8308213949203491, -0.5559406280517578, -0.025802116841077805, 0.94091796875], [0.02966267243027687, 0.0020619535353034735, -0.9995578527450562, 1.5069160461425781], [0.5557480454444885, -0.8312193751335144, 0.014777572825551033, -1.186767578125], [0.0, 0.0, 0.0, 1.0]], [[0.9472063183784485, 0.3194345533847809, 0.02759667858481407, -1.14208984375], [0.03873171657323837, -0.028557419776916504, -0.9988414645195007, 1.588552474975586], [-0.31827637553215027, 0.9471779465675354, -0.03942202031612396, -0.103759765625], [0.0, 0.0, 0.0, 1.0]], [[0.0015264310641214252, 0.9998300075531006, -0.01837299019098282, 0.00244140625], [0.013200260698795319, -0.018391557037830353, -0.9997437000274658, 1.5798931121826172], [-0.9999117255210876, 0.0012834899825975299, -0.013226091861724854, -0.038818359375], [0.0, 0.0, 0.0, 1.0]], [[-0.9347314238548279, 0.35265085101127625, -0.043755609542131424, 1.061279296875], [0.045657530426979065, -0.0029271445237100124, -0.9989528656005859, 1.5550994873046875], [-0.352409690618515, -0.935750424861908, -0.01336507499217987, -0.091552734375], [0.0, 0.0, 0.0, 1.0]]], "view": [[0.0, -2.0, 100.0], [-2.0, 0.0, 100.0], [0.0, 0.0, 1.0]], "bev": "bev_89268765f4c646f5a3bd3b0fd424802f.png", "aux": "aux_89268765f4c646f5a3bd3b0fd424802f.npz", "visibility": "visibility_89268765f4c646f5a3bd3b0fd424802f.png", "pose": [[0.9886078238487244, 0.15051421523094177, 0.0, 2203.082275390625], [-0.15051421523094177, 0.9886078238487244, 0.0, 2574.00537109375], [0.0, 0.0, 1.0, 0.0], [0.0, 0.0, 0.0, 1.0]], "pose_inverse": [[0.9886078238487244, -0.15051421523094177, 0.0, -1790.56005859375], [0.15051421523094177, 0.9886078238487244, 0.0, -2876.277099609375], [0.0, 0.0, 1.0, 0.0], [0.0, 0.0, 0.0, 1.0]], "cam_ids": [0, 1, 2, 3, 4, 5], "cam_channels": ["CAM_FRONT_LEFT", "CAM_FRONT", "CAM_FRONT_RIGHT", "CAM_BACK_LEFT", "CAM_BACK", "CAM_BACK_RIGHT"], "token": "89268765f4c646f5a3bd3b0fd424802f", "scene": "scene-0414"}, {"images": ["samples/CAM_FRONT_LEFT/n015-2018-09-27-15-33-17+0800__CAM_FRONT_LEFT__1538033933254844.jpg", "samples/CAM_FRONT/n015-2018-09-27-15-33-17+0800__CAM_FRONT__1538033933262460.jpg", "samples/CAM_FRONT_RIGHT/n015-2018-09-27-15-33-17+0800__CAM_FRONT_RIGHT__1538033933270339.jpg", "samples/CAM_BACK_LEFT/n015-2018-09-27-15-33-17+0800__CAM_BACK_LEFT__1538033933297423.jpg", "samples/CAM_BACK/n015-2018-09-27-15-33-17+0800__CAM_BACK__1538033933287525.jpg", "samples/CAM_BACK_RIGHT/n015-2018-09-27-15-33-17+0800__CAM_BACK_RIGHT__1538033933277893.jpg"], "intrinsics": [[[1272.5979470598488, 0.0, 826.6154927353808], [0.0, 1272.5979470598488, 479.75165386361925], [0.0, 0.0, 1.0]], [[1266.417203046554, 0.0, 816.2670197447984], [0.0, 1266.417203046554, 491.50706579294757], [0.0, 0.0, 1.0]], [[1260.8474446004698, 0.0, 807.968244525554], [0.0, 1260.8474446004698, 495.3344268742088], [0.0, 0.0, 1.0]], [[1256.7414812095406, 0.0, 792.1125740759628], [0.0, 1256.7414812095406, 492.7757465151356], [0.0, 0.0, 1.0]], [[809.2209905677063, 0.0, 829.2196003259838], [0.0, 809.2209905677063, 481.77842384512485], [0.0, 0.0, 1.0]], [[1259.5137405846733, 0.0, 807.2529053838625], [0.0, 1259.5137405846733, 501.19579884916527], [0.0, 0.0, 1.0]]], "extrinsics": [[[0.8265950679779053, -0.5617234110832214, 0.034747686237096786, -0.83038330078125], [0.02745410054922104, -0.02142191492021084, -0.9993934631347656, 1.5127315521240234], [0.5621270537376404, 0.8270477652549744, -0.0022856402210891247, -1.189453125], [0.0, 0.0, 0.0, 1.0]], [[0.014481023885309696, -0.9995608925819397, 0.025850512087345123, 0.007568359375], [0.022001929581165314, -0.025528427213430405, -0.9994319677352905, 1.5234756469726562], [0.9996530413627625, 0.015041552484035492, 0.021622590720653534, -1.5595703125], [0.0, 0.0, 0.0, 1.0]], [[-0.8285873532295227, -0.5595698952674866, -0.018013281747698784, 0.94775390625], [0.027296578511595726, -0.00824140477925539, -0.9995933771133423, 1.5064325332641602], [0.5591939687728882, -0.8287422060966492, 0.022103069350123405, -1.1910400390625], [0.0, 0.0, 0.0, 1.0]], [[0.9473391175270081, 0.3195265531539917, 0.021249467507004738, -1.14306640625], [0.035361770540475845, -0.038429100066423416, -0.998635470867157, 1.5885734558105469], [-0.3182739317417145, 0.946797788143158, -0.047704409807920456, -0.104736328125], [0.0, 0.0, 0.0, 1.0]], [[8.808633720036596e-05, 0.9995926022529602, -0.028543325141072273, 0.00244140625], [0.010237439535558224, -0.02854273095726967, -0.9995401501655579, 1.5797500610351562], [-0.9999476075172424, -0.00020420236978679895, -0.010235783644020557, -0.03515625], [0.0, 0.0, 0.0, 1.0]], [[-0.9358506798744202, 0.34952375292778015, -0.044907376170158386, 1.0679931640625], [0.04303665831685066, -0.01312075275927782, -0.9989873170852661, 1.5545825958251953], [-0.3497590124607086, -0.9368356466293335, -0.002763270167633891, -0.08837890625], [0.0, 0.0, 0.0, 1.0]]], "view": [[0.0, -2.0, 100.0], [-2.0, 0.0, 100.0], [0.0, 0.0, 1.0]], "bev": "bev_592866ccafda42c8be4b854a795ed973.png", "aux": "aux_592866ccafda42c8be4b854a795ed973.npz", "visibility": "visibility_592866ccafda42c8be4b854a795ed973.png", "pose": [[0.9722800850868225, 0.23381935060024261, 0.0, 2205.040771484375], [-0.23381935060024261, 0.9722800850868225, 0.0, 2573.619384765625], [0.0, 0.0, 1.0, 0.0], [0.0, 0.0, 0.0, 1.0]], "pose_inverse": [[0.9722800850868225, -0.23381935060024261, 0.0, -1542.1551513671875], [0.23381935060024261, 0.9722800850868225, 0.0, -3017.860107421875], [0.0, 0.0, 1.0, 0.0], [0.0, 0.0, 0.0, 1.0]], "cam_ids": [0, 1, 2, 3, 4, 5], "cam_channels": ["CAM_FRONT_LEFT", "CAM_FRONT", "CAM_FRONT_RIGHT", "CAM_BACK_LEFT", "CAM_BACK", "CAM_BACK_RIGHT"], "token": "592866ccafda42c8be4b854a795ed973", "scene": "scene-0414"}, {"images": ["samples/CAM_FRONT_LEFT/n015-2018-09-27-15-33-17+0800__CAM_FRONT_LEFT__1538033933754844.jpg", "samples/CAM_FRONT/n015-2018-09-27-15-33-17+0800__CAM_FRONT__1538033933762460.jpg", "samples/CAM_FRONT_RIGHT/n015-2018-09-27-15-33-17+0800__CAM_FRONT_RIGHT__1538033933770339.jpg", "samples/CAM_BACK_LEFT/n015-2018-09-27-15-33-17+0800__CAM_BACK_LEFT__1538033933797423.jpg", "samples/CAM_BACK/n015-2018-09-27-15-33-17+0800__CAM_BACK__1538033933787525.jpg", "samples/CAM_BACK_RIGHT/n015-2018-09-27-15-33-17+0800__CAM_BACK_RIGHT__1538033933777893.jpg"], "intrinsics": [[[1272.5979470598488, 0.0, 826.6154927353808], [0.0, 1272.5979470598488, 479.75165386361925], [0.0, 0.0, 1.0]], [[1266.417203046554, 0.0, 816.2670197447984], [0.0, 1266.417203046554, 491.50706579294757], [0.0, 0.0, 1.0]], [[1260.8474446004698, 0.0, 807.968244525554], [0.0, 1260.8474446004698, 495.3344268742088], [0.0, 0.0, 1.0]], [[1256.7414812095406, 0.0, 792.1125740759628], [0.0, 1256.7414812095406, 492.7757465151356], [0.0, 0.0, 1.0]], [[809.2209905677063, 0.0, 829.2196003259838], [0.0, 809.2209905677063, 481.77842384512485], [0.0, 0.0, 1.0]], [[1259.5137405846733, 0.0, 807.2529053838625], [0.0, 1259.5137405846733, 501.19579884916527], [0.0, 0.0, 1.0]]], "extrinsics": [[[0.8319655060768127, -0.5539683699607849, 0.03086075372993946, -0.84686279296875], [0.019280489534139633, -0.026722265407443047, -0.9994568824768066, 1.5110092163085938], [0.5544922351837158, 0.8321086764335632, -0.011551222763955593, -1.20361328125], [0.0, 0.0, 0.0, 1.0]], [[0.022143101319670677, -0.9992650151252747, 0.03129114583134651, 0.00927734375], [0.013826299458742142, -0.030989745631814003, -0.9994240999221802, 1.522186279296875], [0.9996591210365295, 0.022562960162758827, 0.013129928149282932, -1.5770263671875], [0.0, 0.0, 0.0, 1.0]], [[-0.8254693150520325, -0.5643916726112366, -0.007906177081167698, 0.958984375], [0.018993061035871506, -0.013774453662335873, -0.9997246861457825, 1.5053653717041016], [0.5641273856163025, -0.8253922462463379, 0.022089913487434387, -1.197265625], [0.0, 0.0, 0.0, 1.0]], [[0.9475488662719727, 0.3194006681442261, 0.011594249866902828, -1.14404296875], [0.027144093066453934, -0.04427589476108551, -0.9986504912376404, 1.5888137817382812], [-0.3184562921524048, 0.9465848207473755, -0.050623416900634766, -0.109375], [0.0, 0.0, 0.0, 1.0]], [[-0.0021412631031125784, 0.9994087219238281, -0.034316062927246094, 0.001953125], [0.0019958042539656162, -0.034311797469854355, -0.9994091987609863, 1.5794448852539062], [-0.9999957084655762, -0.002208498539403081, -0.0019211559556424618, -0.03143310546875], [0.0, 0.0, 0.0, 1.0]], [[-0.9376317262649536, 0.3454267084598541, -0.03907940909266472, 1.0750274658203125], [0.03476400673389435, -0.01868162676692009, -0.9992209672927856, 1.5537185668945312], [-0.345887690782547, -0.9382597804069519, 0.005508067552000284, -0.0849609375], [0.0, 0.0, 0.0, 1.0]]], "view": [[0.0, -2.0, 100.0], [-2.0, 0.0, 100.0], [0.0, 0.0, 1.0]], "bev": "bev_ebd394c677ff436b8630d5fda7e8d616.png", "aux": "aux_ebd394c677ff436b8630d5fda7e8d616.npz", "visibility": "visibility_ebd394c677ff436b8630d5fda7e8d616.png", "pose": [[0.9150046706199646, 0.40344324707984924, 0.0, 2206.67138671875], [-0.40344324707984924, 0.9150046706199646, 0.0, 2573.0556640625], [0.0, 0.0, 1.0, 0.0], [0.0, 0.0, 0.0, 1.0]], "pose_inverse": [[0.9150046706199646, -0.40344324707984924, 0.0, -981.0326538085938], [0.40344324707984924, 0.9150046706199646, 0.0, -3244.62451171875], [0.0, 0.0, 1.0, 0.0], [0.0, 0.0, 0.0, 1.0]], "cam_ids": [0, 1, 2, 3, 4, 5], "cam_channels": ["CAM_FRONT_LEFT", "CAM_FRONT", "CAM_FRONT_RIGHT", "CAM_BACK_LEFT", "CAM_BACK", "CAM_BACK_RIGHT"], "token": "ebd394c677ff436b8630d5fda7e8d616", "scene": "scene-0414"}, {"images": ["samples/CAM_FRONT_LEFT/n015-2018-09-27-15-33-17+0800__CAM_FRONT_LEFT__1538033934254844.jpg", "samples/CAM_FRONT/n015-2018-09-27-15-33-17+0800__CAM_FRONT__1538033934262460.jpg", "samples/CAM_FRONT_RIGHT/n015-2018-09-27-15-33-17+0800__CAM_FRONT_RIGHT__1538033934270339.jpg", "samples/CAM_BACK_LEFT/n015-2018-09-27-15-33-17+0800__CAM_BACK_LEFT__1538033934297423.jpg", "samples/CAM_BACK/n015-2018-09-27-15-33-17+0800__CAM_BACK__1538033934287525.jpg", "samples/CAM_BACK_RIGHT/n015-2018-09-27-15-33-17+0800__CAM_BACK_RIGHT__1538033934277893.jpg"], "intrinsics": [[[1272.5979470598488, 0.0, 826.6154927353808], [0.0, 1272.5979470598488, 479.75165386361925], [0.0, 0.0, 1.0]], [[1266.417203046554, 0.0, 816.2670197447984], [0.0, 1266.417203046554, 491.50706579294757], [0.0, 0.0, 1.0]], [[1260.8474446004698, 0.0, 807.968244525554], [0.0, 1260.8474446004698, 495.3344268742088], [0.0, 0.0, 1.0]], [[1256.7414812095406, 0.0, 792.1125740759628], [0.0, 1256.7414812095406, 492.7757465151356], [0.0, 0.0, 1.0]], [[809.2209905677063, 0.0, 829.2196003259838], [0.0, 809.2209905677063, 481.77842384512485], [0.0, 0.0, 1.0]], [[1259.5137405846733, 0.0, 807.2529053838625], [0.0, 1259.5137405846733, 501.19579884916527], [0.0, 0.0, 1.0]]], "extrinsics": [[[0.8345708847045898, -0.5501285195350647, 0.02915545366704464, -0.84765625], [0.018248163163661957, -0.025288429111242294, -0.9995136260986328, 1.51080322265625], [0.55059814453125, 0.8346970081329346, -0.011066154576838017, -1.2021484375], [0.0, 0.0, 0.0, 1.0]], [[0.025886788964271545, -0.9992193579673767, 0.029841432347893715, 0.00732421875], [0.012843463569879532, -0.02951653301715851, -0.9994817972183228, 1.5219955444335938], [0.9995822906494141, 0.026256641373038292, 0.012069348245859146, -1.5766754150390625], [0.0, 0.0, 0.0, 1.0]], [[-0.8239048719406128, -0.5666736960411072, -0.007851756177842617, 0.95849609375], [0.01796407252550125, -0.012265942990779877, -0.9997633695602417, 1.5052566528320312], [0.5664433240890503, -0.8238509893417358, 0.02028574049472809, -1.19775390625], [0.0, 0.0, 0.0, 1.0]], [[0.9475253820419312, 0.31949180364608765, 0.010985687375068665, -1.1419677734375], [0.026031697168946266, -0.04286129027605057, -0.998741865158081, 1.58905029296875], [-0.31861889362335205, 0.9466192126274109, -0.04892907664179802, -0.113525390625], [0.0, 0.0, 0.0, 1.0]], [[-0.00320445210672915, 0.9994544386863708, -0.03287461772561073, 0.002685546875], [0.0009609095868654549, -0.03287168964743614, -0.9994591474533081, 1.5793991088867188], [-0.9999943971633911, -0.003234281437471509, -0.0008550471975468099, -0.0320587158203125], [0.0, 0.0, 0.0, 1.0]], [[-0.9383323788642883, 0.3436855971813202, -0.03758448734879494, 1.0753173828125], [0.03374010697007179, -0.01716136932373047, -0.9992833137512207, 1.5536384582519531], [-0.3440841734409332, -0.9389280080795288, 0.004507081117480993, -0.0859375], [0.0, 0.0, 0.0, 1.0]]], "view": [[0.0, -2.0, 100.0], [-2.0, 0.0, 100.0], [0.0, 0.0, 1.0]], "bev": "bev_b9a98b4c80c5487c8348e13b6a7cb63c.png", "aux": "aux_b9a98b4c80c5487c8348e13b6a7cb63c.npz", "visibility": "visibility_b9a98b4c80c5487c8348e13b6a7cb63c.png", "pose": [[0.781557559967041, 0.6238331198692322, 0.0, 2208.030517578125], [-0.6238331198692322, 0.781557559967041, 0.0, 2572.216552734375], [0.0, 0.0, 1.0, 0.0], [0.0, 0.0, 0.0, 1.0]], "pose_inverse": [[0.781557559967041, -0.6238331198692322, 0.0, -121.06912231445312], [0.6238331198692322, 0.781557559967041, 0.0, -3387.77783203125], [0.0, 0.0, 1.0, 0.0], [0.0, 0.0, 0.0, 1.0]], "cam_ids": [0, 1, 2, 3, 4, 5], "cam_channels": ["CAM_FRONT_LEFT", "CAM_FRONT", "CAM_FRONT_RIGHT", "CAM_BACK_LEFT", "CAM_BACK", "CAM_BACK_RIGHT"], "token": "b9a98b4c80c5487c8348e13b6a7cb63c", "scene": "scene-0414"}, {"images": ["samples/CAM_FRONT_LEFT/n015-2018-09-27-15-33-17+0800__CAM_FRONT_LEFT__1538033934754844.jpg", "samples/CAM_FRONT/n015-2018-09-27-15-33-17+0800__CAM_FRONT__1538033934762460.jpg", "samples/CAM_FRONT_RIGHT/n015-2018-09-27-15-33-17+0800__CAM_FRONT_RIGHT__1538033934770339.jpg", "samples/CAM_BACK_LEFT/n015-2018-09-27-15-33-17+0800__CAM_BACK_LEFT__1538033934797423.jpg", "samples/CAM_BACK/n015-2018-09-27-15-33-17+0800__CAM_BACK__1538033934787525.jpg", "samples/CAM_BACK_RIGHT/n015-2018-09-27-15-33-17+0800__CAM_BACK_RIGHT__1538033934777893.jpg"], "intrinsics": [[[1272.5979470598488, 0.0, 826.6154927353808], [0.0, 1272.5979470598488, 479.75165386361925], [0.0, 0.0, 1.0]], [[1266.417203046554, 0.0, 816.2670197447984], [0.0, 1266.417203046554, 491.50706579294757], [0.0, 0.0, 1.0]], [[1260.8474446004698, 0.0, 807.968244525554], [0.0, 1260.8474446004698, 495.3344268742088], [0.0, 0.0, 1.0]], [[1256.7414812095406, 0.0, 792.1125740759628], [0.0, 1256.7414812095406, 492.7757465151356], [0.0, 0.0, 1.0]], [[809.2209905677063, 0.0, 829.2196003259838], [0.0, 809.2209905677063, 481.77842384512485], [0.0, 0.0, 1.0]], [[1259.5137405846733, 0.0, 807.2529053838625], [0.0, 1259.5137405846733, 501.19579884916527], [0.0, 0.0, 1.0]]], "extrinsics": [[[0.8358319401741028, -0.5485047101974487, 0.022967813536524773, -0.836669921875], [0.013457554392516613, -0.021353036165237427, -0.9996814131736755, 1.5104293823242188], [0.5488203763961792, 0.8358747363090515, -0.010466018691658974, -1.20751953125], [0.0, 0.0, 0.0, 1.0]], [[0.02797686494886875, -0.9992747902870178, 0.025826800614595413, 0.025390625], [0.008109751157462597, -0.025609169155359268, -0.9996391534805298, 1.5219879150390625], [0.9995757341384888, 0.02817617356777191, 0.007387407589703798, -1.56756591796875], [0.0, 0.0, 0.0, 1.0]], [[-0.8228563070297241, -0.5682158470153809, -0.006182566750794649, 0.9598388671875], [0.013271160423755646, -0.008339175023138523, -0.9998770952224731, 1.5051193237304688], [0.5680944323539734, -0.822837233543396, 0.014402825385332108, -1.17724609375], [0.0, 0.0, 0.0, 1.0]], [[0.9476903676986694, 0.319085955619812, 0.008188857696950436, -1.1408538818359375], [0.021695563569664955, -0.03879806399345398, -0.9990114569664001, 1.5889892578125], [-0.31845271587371826, 0.9469312429428101, -0.043691303580999374, -0.113037109375], [0.0, 0.0, 0.0, 1.0]], [[-0.0039727999828755856, 0.9995753169059753, -0.028869735077023506, -0.0205078125], [-0.003481687279418111, -0.028883613646030426, -0.99957674741745, 1.5798721313476562], [-0.9999860525131226, -0.0038706189952790737, 0.0035949558950960636, -0.04248046875], [0.0, 0.0, 0.0, 1.0]], [[-0.9390867352485657, 0.3421958088874817, -0.031908001750707626, 1.06591796875], [0.029155947268009186, -0.013184558600187302, -0.9994879364967346, 1.5536575317382812], [-0.34244129061698914, -0.9395360946655273, 0.002404399449005723, -0.0791015625], [0.0, 0.0, 0.0, 1.0]]], "view": [[0.0, -2.0, 100.0], [-2.0, 0.0, 100.0], [0.0, 0.0, 1.0]], "bev": "bev_2c37f3db4f7346969fbff2e198f207d0.png", "aux": "aux_2c37f3db4f7346969fbff2e198f207d0.npz", "visibility": "visibility_2c37f3db4f7346969fbff2e198f207d0.png", "pose": [[0.5560117363929749, 0.8311744332313538, 0.0, 2209.115478515625], [-0.8311744332313538, 0.5560117363929749, 0.0, 2571.023681640625], [0.0, 0.0, 1.0, 0.0], [0.0, 0.0, 0.0, 1.0]], "pose_inverse": [[0.5560117363929749, -0.8311744332313538, 0.0, 908.6751098632812], [0.8311744332313538, 0.5560117363929749, 0.0, -3265.6796875], [0.0, 0.0, 1.0, 0.0], [0.0, 0.0, 0.0, 1.0]], "cam_ids": [0, 1, 2, 3, 4, 5], "cam_channels": ["CAM_FRONT_LEFT", "CAM_FRONT", "CAM_FRONT_RIGHT", "CAM_BACK_LEFT", "CAM_BACK", "CAM_BACK_RIGHT"], "token": "2c37f3db4f7346969fbff2e198f207d0", "scene": "scene-0414"}, {"images": ["samples/CAM_FRONT_LEFT/n015-2018-09-27-15-33-17+0800__CAM_FRONT_LEFT__1538033935254844.jpg", "samples/CAM_FRONT/n015-2018-09-27-15-33-17+0800__CAM_FRONT__1538033935262460.jpg", "samples/CAM_FRONT_RIGHT/n015-2018-09-27-15-33-17+0800__CAM_FRONT_RIGHT__1538033935270339.jpg", "samples/CAM_BACK_LEFT/n015-2018-09-27-15-33-17+0800__CAM_BACK_LEFT__1538033935297427.jpg", "samples/CAM_BACK/n015-2018-09-27-15-33-17+0800__CAM_BACK__1538033935287526.jpg", "samples/CAM_BACK_RIGHT/n015-2018-09-27-15-33-17+0800__CAM_BACK_RIGHT__1538033935277893.jpg"], "intrinsics": [[[1272.5979470598488, 0.0, 826.6154927353808], [0.0, 1272.5979470598488, 479.75165386361925], [0.0, 0.0, 1.0]], [[1266.417203046554, 0.0, 816.2670197447984], [0.0, 1266.417203046554, 491.50706579294757], [0.0, 0.0, 1.0]], [[1260.8474446004698, 0.0, 807.968244525554], [0.0, 1260.8474446004698, 495.3344268742088], [0.0, 0.0, 1.0]], [[1256.7414812095406, 0.0, 792.1125740759628], [0.0, 1256.7414812095406, 492.7757465151356], [0.0, 0.0, 1.0]], [[809.2209905677063, 0.0, 829.2196003259838], [0.0, 809.2209905677063, 481.77842384512485], [0.0, 0.0, 1.0]], [[1259.5137405846733, 0.0, 807.2529053838625], [0.0, 1259.5137405846733, 501.19579884916527], [0.0, 0.0, 1.0]]], "extrinsics": [[[0.8354892730712891, -0.549410879611969, 0.01026689913123846, -0.841796875], [0.007924075238406658, -0.006635966245085001, -0.9999465942382812, 1.5094184875488281], [0.549449622631073, 0.8355259895324707, -0.0011907056905329227, -1.1971435546875], [0.0, 0.0, 0.0, 1.0]], [[0.027103524655103683, -0.9995734691619873, 0.01087910309433937, 0.007568359375], [0.0025331350043416023, -0.01081438921391964, -0.9999383687973022, 1.5208320617675781], [0.9996294379234314, 0.027129413560032845, 0.0022389462683349848, -1.5701904296875], [0.0, 0.0, 0.0, 1.0]], [[-0.8236125111579895, -0.5670647621154785, -0.009999637492001057, 0.9545974731445312], [0.007660803385078907, 0.0065064881928265095, -0.9999494552612305, 1.5043656826019287], [0.5671011805534363, -0.8236474394798279, -0.0010146520799025893, -1.195556640625], [0.0, 0.0, 0.0, 1.0]], [[0.9478617310523987, 0.31859561800956726, 0.007430944591760635, -1.14105224609375], [0.015868231654167175, -0.02389550395309925, -0.9995884895324707, 1.5887603759765625], [-0.3182868957519531, 0.9475895762443542, -0.027705177664756775, -0.111083984375], [0.0, 0.0, 0.0, 1.0]], [[-0.003249451518058777, 0.9998976588249207, -0.013932963833212852, 0.00244140625], [-0.00926255527883768, -0.013962534256279469, -0.999859631061554, 1.5790519714355469], [-0.9999518990516663, -0.0031199350487440825, 0.009306976571679115, -0.0311279296875], [0.0, 0.0, 0.0, 1.0]], [[-0.9387551546096802, 0.343915730714798, -0.021467430517077446, 1.0732421875], [0.02347475290298462, 0.0016735449898988008, -0.9997230172157288, 1.5530242919921875], [-0.34378454089164734, -0.9389990568161011, -0.009644385427236557, -0.0869140625], [0.0, 0.0, 0.0, 1.0]]], "view": [[0.0, -2.0, 100.0], [-2.0, 0.0, 100.0], [0.0, 0.0, 1.0]], "bev": "bev_312a9650b3f94ae4b7f51ffffe953f88.png", "aux": "aux_312a9650b3f94ae4b7f51ffffe953f88.npz", "visibility": "visibility_312a9650b3f94ae4b7f51ffffe953f88.png", "pose": [[0.27238374948501587, 0.962188720703125, 0.0, 2209.84033203125], [-0.962188720703125, 0.27238374948501587, 0.0, 2569.4716796875], [0.0, 0.0, 1.0, 0.0], [0.0, 0.0, 0.0, 1.0]], "pose_inverse": [[0.27238374948501587, -0.962188720703125, 0.0, 1870.39208984375], [0.962188720703125, 0.27238374948501587, 0.0, -2826.165771484375], [0.0, 0.0, 1.0, 0.0], [0.0, 0.0, 0.0, 1.0]], "cam_ids": [0, 1, 2, 3, 4, 5], "cam_channels": ["CAM_FRONT_LEFT", "CAM_FRONT", "CAM_FRONT_RIGHT", "CAM_BACK_LEFT", "CAM_BACK", "CAM_BACK_RIGHT"], "token": "312a9650b3f94ae4b7f51ffffe953f88", "scene": "scene-0414"}, {"images": ["samples/CAM_FRONT_LEFT/n015-2018-09-27-15-33-17+0800__CAM_FRONT_LEFT__1538033935754844.jpg", "samples/CAM_FRONT/n015-2018-09-27-15-33-17+0800__CAM_FRONT__1538033935762460.jpg", "samples/CAM_FRONT_RIGHT/n015-2018-09-27-15-33-17+0800__CAM_FRONT_RIGHT__1538033935770339.jpg", "samples/CAM_BACK_LEFT/n015-2018-09-27-15-33-17+0800__CAM_BACK_LEFT__1538033935797423.jpg", "samples/CAM_BACK/n015-2018-09-27-15-33-17+0800__CAM_BACK__1538033935787525.jpg", "samples/CAM_BACK_RIGHT/n015-2018-09-27-15-33-17+0800__CAM_BACK_RIGHT__1538033935777893.jpg"], "intrinsics": [[[1272.5979470598488, 0.0, 826.6154927353808], [0.0, 1272.5979470598488, 479.75165386361925], [0.0, 0.0, 1.0]], [[1266.417203046554, 0.0, 816.2670197447984], [0.0, 1266.417203046554, 491.50706579294757], [0.0, 0.0, 1.0]], [[1260.8474446004698, 0.0, 807.968244525554], [0.0, 1260.8474446004698, 495.3344268742088], [0.0, 0.0, 1.0]], [[1256.7414812095406, 0.0, 792.1125740759628], [0.0, 1256.7414812095406, 492.7757465151356], [0.0, 0.0, 1.0]], [[809.2209905677063, 0.0, 829.2196003259838], [0.0, 809.2209905677063, 481.77842384512485], [0.0, 0.0, 1.0]], [[1259.5137405846733, 0.0, 807.2529053838625], [0.0, 1259.5137405846733, 501.19579884916527], [0.0, 0.0, 1.0]]], "extrinsics": [[[0.8329222798347473, -0.553389847278595, 0.0003977350424975157, -0.83544921875], [0.0012274340260773897, 0.0011287210509181023, -0.9999986290931702, 1.5084409713745117], [0.5533885955810547, 0.8329216241836548, 0.001619386370293796, -1.193206787109375], [0.0, 0.0, 0.0, 1.0]], [[0.02309519052505493, -0.9997296333312988, 0.0026966079603880644, 0.007568359375], [-0.004158177878707647, -0.00279336329549551, -0.9999874830245972, 1.5200071334838867], [0.9997246265411377, 0.02308368869125843, -0.004221566487103701, -1.56591796875], [0.0, 0.0, 0.0, 1.0]], [[-0.8255817890167236, -0.5642077326774597, -0.009178951382637024, 0.95257568359375], [0.0010478104231879115, 0.014733752235770226, -0.9998908638954163, 1.5037479400634766], [0.5642814040184021, -0.8255013823509216, -0.011572733521461487, -1.194580078125], [0.0, 0.0, 0.0, 1.0]], [[0.9478750824928284, 0.31861594319343567, 0.004072512499988079, -1.1417236328125], [0.009338376112282276, -0.015001565217971802, -0.9998438358306885, 1.5886116027832031], [-0.31850507855415344, 0.9477651715278625, -0.017194965854287148, -0.106689453125], [0.0, 0.0, 0.0, 1.0]], [[-0.002000213833525777, 0.9999844431877136, -0.005221077241003513, 0.0029296875], [-0.015862543135881424, -0.005252158269286156, -0.999860405921936, 1.5788288116455078], [-0.9998721480369568, -0.001917115063406527, 0.01587280072271824, -0.03125], [0.0, 0.0, 0.0, 1.0]], [[-0.9379516243934631, 0.34654703736305237, -0.01232853252440691, 1.072998046875], [0.01685931906104088, 0.0100623220205307, -0.9998072385787964, 1.5525932312011719], [-0.34635621309280396, -0.9379786252975464, -0.015280518680810928, -0.0872802734375], [0.0, 0.0, 0.0, 1.0]]], "view": [[0.0, -2.0, 100.0], [-2.0, 0.0, 100.0], [0.0, 0.0, 1.0]], "bev": "bev_9e94d3ff55aa4140adc91e6c7abbb985.png", "aux": "aux_9e94d3ff55aa4140adc91e6c7abbb985.npz", "visibility": "visibility_9e94d3ff55aa4140adc91e6c7abbb985.png", "pose": [[-0.006569409742951393, 0.9999784231185913, 0.0, 2210.058349609375], [-0.9999784231185913, -0.006569409742951393, 0.0, 2567.66845703125], [0.0, 0.0, 1.0, 0.0], [0.0, 0.0, 0.0, 1.0]], "pose_inverse": [[-0.006569409742951393, -0.9999784231185913, 0.0, 2582.1318359375], [0.9999784231185913, -0.006569409742951393, 0.0, -2193.142578125], [0.0, 0.0, 1.0, 0.0], [0.0, 0.0, 0.0, 1.0]], "cam_ids": [0, 1, 2, 3, 4, 5], "cam_channels": ["CAM_FRONT_LEFT", "CAM_FRONT", "CAM_FRONT_RIGHT", "CAM_BACK_LEFT", "CAM_BACK", "CAM_BACK_RIGHT"], "token": "9e94d3ff55aa4140adc91e6c7abbb985", "scene": "scene-0414"}, {"images": ["samples/CAM_FRONT_LEFT/n015-2018-09-27-15-33-17+0800__CAM_FRONT_LEFT__1538033936254844.jpg", "samples/CAM_FRONT/n015-2018-09-27-15-33-17+0800__CAM_FRONT__1538033936262460.jpg", "samples/CAM_FRONT_RIGHT/n015-2018-09-27-15-33-17+0800__CAM_FRONT_RIGHT__1538033936270339.jpg", "samples/CAM_BACK_LEFT/n015-2018-09-27-15-33-17+0800__CAM_BACK_LEFT__1538033936297423.jpg", "samples/CAM_BACK/n015-2018-09-27-15-33-17+0800__CAM_BACK__1538033936287525.jpg", "samples/CAM_BACK_RIGHT/n015-2018-09-27-15-33-17+0800__CAM_BACK_RIGHT__1538033936277893.jpg"], "intrinsics": [[[1272.5979470598488, 0.0, 826.6154927353808], [0.0, 1272.5979470598488, 479.75165386361925], [0.0, 0.0, 1.0]], [[1266.417203046554, 0.0, 816.2670197447984], [0.0, 1266.417203046554, 491.50706579294757], [0.0, 0.0, 1.0]], [[1260.8474446004698, 0.0, 807.968244525554], [0.0, 1260.8474446004698, 495.3344268742088], [0.0, 0.0, 1.0]], [[1256.7414812095406, 0.0, 792.1125740759628], [0.0, 1256.7414812095406, 492.7757465151356], [0.0, 0.0, 1.0]], [[809.2209905677063, 0.0, 829.2196003259838], [0.0, 809.2209905677063, 481.77842384512485], [0.0, 0.0, 1.0]], [[1259.5137405846733, 0.0, 807.2529053838625], [0.0, 1259.5137405846733, 501.19579884916527], [0.0, 0.0, 1.0]]], "extrinsics": [[[0.8307464122772217, -0.5566509962081909, 0.00025308202020823956, -0.829833984375], [0.0004234282241668552, 0.00017727383237797767, -0.9999998807907104, 1.5083178281784058], [0.5566508769989014, 0.8307464718818665, 0.0003829712513834238, -1.188690185546875], [0.0, 0.0, 0.0, 1.0]], [[0.01985037326812744, -0.9997953772544861, 0.003874711925163865, 0.00927734375], [-0.00512353703379631, -0.003977148327976465, -0.9999789595603943, 1.5198321342468262], [0.9997897744178772, 0.019830087199807167, -0.005201437044888735, -1.554443359375], [0.0, 0.0, 0.0, 1.0]], [[-0.8270764350891113, -0.5620400309562683, -0.00745664956048131, 0.9453125], [-1.81980176421348e-05, 0.013292724266648293, -0.9999116063117981, 1.5036182403564453], [0.5620894432067871, -0.8270032405853271, -0.01100432500243187, -1.187255859375], [0.0, 0.0, 0.0, 1.0]], [[0.9479443430900574, 0.3184216320514679, 0.0030363916885107756, -1.14501953125], [0.008974130265414715, -0.017182109877467155, -0.9998120665550232, 1.5885429382324219], [-0.31830957531929016, 0.9477934241294861, -0.019145241007208824, -0.103759765625], [0.0, 0.0, 0.0, 1.0]], [[-0.00088193838018924, 0.9999740719795227, -0.007145482115447521, 0.000244140625], [-0.01598898321390152, -0.007158671971410513, -0.9998465180397034, 1.5787315368652344], [-0.9998718500137329, -0.0007675506640225649, 0.015994882211089134, -0.0380859375], [0.0, 0.0, 0.0, 1.0]], [[-0.9372599124908447, 0.3484293222427368, -0.011862305924296379, 1.0703125], [0.015767546370625496, 0.008374364115297794, -0.9998406171798706, 1.5525550842285156], [-0.34827446937561035, -0.9372977018356323, -0.013342833146452904, -0.08807373046875], [0.0, 0.0, 0.0, 1.0]]], "view": [[0.0, -2.0, 100.0], [-2.0, 0.0, 100.0], [0.0, 0.0, 1.0]], "bev": "bev_5cd0aa1f117644aeae4b509b8869523c.png", "aux": "aux_5cd0aa1f117644aeae4b509b8869523c.npz", "visibility": "visibility_5cd0aa1f117644aeae4b509b8869523c.png", "pose": [[-0.24426059424877167, 0.9697096347808838, 0.0, 2209.798095703125], [-0.9697096347808838, -0.24426059424877167, 0.0, 2565.7294921875], [0.0, 0.0, 1.0, 0.0], [0.0, 0.0, 0.0, 1.0]], "pose_inverse": [[-0.24426059424877167, -0.9697096347808838, 0.0, 3027.779296875], [0.9697096347808838, -0.24426059424877167, 0.0, -1516.1558837890625], [0.0, 0.0, 1.0, 0.0], [0.0, 0.0, 0.0, 1.0]], "cam_ids": [0, 1, 2, 3, 4, 5], "cam_channels": ["CAM_FRONT_LEFT", "CAM_FRONT", "CAM_FRONT_RIGHT", "CAM_BACK_LEFT", "CAM_BACK", "CAM_BACK_RIGHT"], "token": "5cd0aa1f117644aeae4b509b8869523c", "scene": "scene-0414"}, {"images": ["samples/CAM_FRONT_LEFT/n015-2018-09-27-15-33-17+0800__CAM_FRONT_LEFT__1538033936754844.jpg", "samples/CAM_FRONT/n015-2018-09-27-15-33-17+0800__CAM_FRONT__1538033936762460.jpg", "samples/CAM_FRONT_RIGHT/n015-2018-09-27-15-33-17+0800__CAM_FRONT_RIGHT__1538033936770339.jpg", "samples/CAM_BACK_LEFT/n015-2018-09-27-15-33-17+0800__CAM_BACK_LEFT__1538033936797423.jpg", "samples/CAM_BACK/n015-2018-09-27-15-33-17+0800__CAM_BACK__1538033936787525.jpg", "samples/CAM_BACK_RIGHT/n015-2018-09-27-15-33-17+0800__CAM_BACK_RIGHT__1538033936777893.jpg"], "intrinsics": [[[1272.5979470598488, 0.0, 826.6154927353808], [0.0, 1272.5979470598488, 479.75165386361925], [0.0, 0.0, 1.0]], [[1266.417203046554, 0.0, 816.2670197447984], [0.0, 1266.417203046554, 491.50706579294757], [0.0, 0.0, 1.0]], [[1260.8474446004698, 0.0, 807.968244525554], [0.0, 1260.8474446004698, 495.3344268742088], [0.0, 0.0, 1.0]], [[1256.7414812095406, 0.0, 792.1125740759628], [0.0, 1256.7414812095406, 492.7757465151356], [0.0, 0.0, 1.0]], [[809.2209905677063, 0.0, 829.2196003259838], [0.0, 809.2209905677063, 481.77842384512485], [0.0, 0.0, 1.0]], [[1259.5137405846733, 0.0, 807.2529053838625], [0.0, 1259.5137405846733, 501.19579884916527], [0.0, 0.0, 1.0]]], "extrinsics": [[[0.8307411074638367, -0.5566587448120117, 0.0003677162167150527, -0.8330078125], [0.00022153760073706508, -0.00032996086520142853, -0.9999998807907104, 1.508283019065857], [0.5566588044166565, 0.8307412266731262, -0.00015079120930749923, -1.1890869140625], [0.0, 0.0, 0.0, 1.0]], [[0.01999831385910511, -0.9997903108596802, 0.0043860250152647495, 0.005859375], [-0.005020614713430405, -0.004487270023673773, -0.9999773502349854, 1.5198659896850586], [0.999787449836731, 0.019975891336798668, -0.005109300371259451, -1.56103515625], [0.0, 0.0, 0.0, 1.0]], [[-0.826860785484314, -0.5623583197593689, -0.00737059535458684, 0.947998046875], [0.00023404064995702356, 0.012761391699314117, -0.999918520450592, 1.5036897659301758], [0.562406599521637, -0.8267950415611267, -0.010420279577374458, -1.193603515625], [0.0, 0.0, 0.0, 1.0]], [[0.9479687213897705, 0.31835469603538513, 0.002361804712563753, -1.144287109375], [0.008477924391627312, -0.017827481031417847, -0.9998051524162292, 1.5885505676269531], [-0.31825053691864014, 0.9478040337562561, -0.019598884508013725, -0.1036376953125], [0.0, 0.0, 0.0, 1.0]], [[-0.0011016458738595247, 0.9999692440032959, -0.007759396452456713, 0.003173828125], [-0.016727959737181664, -0.007776742335408926, -0.9998298287391663, 1.5787925720214844], [-0.9998594522476196, -0.0009716612403281033, 0.016736013814806938, -0.031494140625], [0.0, 0.0, 0.0, 1.0]], [[-0.9374397993087769, 0.3479295074939728, -0.012312575243413448, 1.069580078125], [0.016033092513680458, 0.007816069759428501, -0.9998409152030945, 1.5526008605957031], [-0.34777796268463135, -0.9374880194664001, -0.0129054831340909, -0.089599609375], [0.0, 0.0, 0.0, 1.0]]], "view": [[0.0, -2.0, 100.0], [-2.0, 0.0, 100.0], [0.0, 0.0, 1.0]], "bev": "bev_ab8d898efbe54c39bba8a73d7322c0f9.png", "aux": "aux_ab8d898efbe54c39bba8a73d7322c0f9.npz", "visibility": "visibility_ab8d898efbe54c39bba8a73d7322c0f9.png", "pose": [[-0.43211033940315247, 0.901820719242096, 0.0, 2209.143798828125], [-0.901820719242096, -0.43211033940315247, 0.0, 2563.89013671875], [0.0, 0.0, 1.0, 0.0], [0.0, 0.0, 0.0, 1.0]], "pose_inverse": [[-0.43211033940315247, -0.901820719242096, 0.0, 3266.76318359375], [0.901820719242096, -0.43211033940315247, 0.0, -884.3682250976562], [0.0, 0.0, 1.0, 0.0], [0.0, 0.0, 0.0, 1.0]], "cam_ids": [0, 1, 2, 3, 4, 5], "cam_channels": ["CAM_FRONT_LEFT", "CAM_FRONT", "CAM_FRONT_RIGHT", "CAM_BACK_LEFT", "CAM_BACK", "CAM_BACK_RIGHT"], "token": "ab8d898efbe54c39bba8a73d7322c0f9", "scene": "scene-0414"}, {"images": ["samples/CAM_FRONT_LEFT/n015-2018-09-27-15-33-17+0800__CAM_FRONT_LEFT__1538033937254844.jpg", "samples/CAM_FRONT/n015-2018-09-27-15-33-17+0800__CAM_FRONT__1538033937262460.jpg", "samples/CAM_FRONT_RIGHT/n015-2018-09-27-15-33-17+0800__CAM_FRONT_RIGHT__1538033937270339.jpg", "samples/CAM_BACK_LEFT/n015-2018-09-27-15-33-17+0800__CAM_BACK_LEFT__1538033937297423.jpg", "samples/CAM_BACK/n015-2018-09-27-15-33-17+0800__CAM_BACK__1538033937287525.jpg", "samples/CAM_BACK_RIGHT/n015-2018-09-27-15-33-17+0800__CAM_BACK_RIGHT__1538033937277893.jpg"], "intrinsics": [[[1272.5979470598488, 0.0, 826.6154927353808], [0.0, 1272.5979470598488, 479.75165386361925], [0.0, 0.0, 1.0]], [[1266.417203046554, 0.0, 816.2670197447984], [0.0, 1266.417203046554, 491.50706579294757], [0.0, 0.0, 1.0]], [[1260.8474446004698, 0.0, 807.968244525554], [0.0, 1260.8474446004698, 495.3344268742088], [0.0, 0.0, 1.0]], [[1256.7414812095406, 0.0, 792.1125740759628], [0.0, 1256.7414812095406, 492.7757465151356], [0.0, 0.0, 1.0]], [[809.2209905677063, 0.0, 829.2196003259838], [0.0, 809.2209905677063, 481.77842384512485], [0.0, 0.0, 1.0]], [[1259.5137405846733, 0.0, 807.2529053838625], [0.0, 1259.5137405846733, 501.19579884916527], [0.0, 0.0, 1.0]]], "extrinsics": [[[0.8301348686218262, -0.557562530040741, -0.00044500440708361566, -0.827392578125], [-0.0010085924295708537, -0.0007035329472273588, -0.9999992251396179, 1.5080779790878296], [0.5575618147850037, 0.8301346302032471, -0.0011463804403319955, -1.1854248046875], [0.0, 0.0, 0.0, 1.0]], [[0.019169829785823822, -0.9998041391372681, 0.004916072357445955, 0.006256103515625], [-0.0062170750461518764, -0.0050360821187496185, -0.9999679923057556, 1.5196800231933594], [0.9997969269752502, 0.01913869008421898, -0.00631239777430892, -1.55615234375], [0.0, 0.0, 0.0, 1.0]], [[-0.8271855711936951, -0.5618950724601746, -0.006161259952932596, 0.945556640625], [-0.0007341362652368844, 0.01204509288072586, -0.9999271631240845, 1.5035803318023682], [0.5619283318519592, -0.827120840549469, -0.010376032441854477, -1.190673828125], [0.0, 0.0, 0.0, 1.0]], [[0.9479742050170898, 0.3183424472808838, 0.0017401472432538867, -1.142822265625], [0.008246776647865772, -0.019092530012130737, -0.9997836947441101, 1.5885448455810547], [-0.31824034452438354, 0.9477835893630981, -0.020724523812532425, -0.1031494140625], [0.0, 0.0, 0.0, 1.0]], [[-0.000929882749915123, 0.9999610185623169, -0.008786236867308617, 0.0029296875], [-0.01719673164188862, -0.008800930343568325, -0.9998133778572083, 1.5787696838378906], [-0.999851644039154, -0.0007786135538481176, 0.017204245552420616, -0.031982421875], [0.0, 0.0, 0.0, 1.0]], [[-0.9373341798782349, 0.34822794795036316, -0.011903775855898857, 1.0673828125], [0.0152830109000206, 0.006958635523915291, -0.9998590350151062, 1.5525703430175781], [-0.34809610247612, -0.9373840689659119, -0.011844540014863014, -0.08941650390625], [0.0, 0.0, 0.0, 1.0]]], "view": [[0.0, -2.0, 100.0], [-2.0, 0.0, 100.0], [0.0, 0.0, 1.0]], "bev": "bev_23d8a6210e5547739d20a7ce9a4e2fb0.png", "aux": "aux_23d8a6210e5547739d20a7ce9a4e2fb0.npz", "visibility": "visibility_23d8a6210e5547739d20a7ce9a4e2fb0.png", "pose": [[-0.6060605049133301, 0.7954185605049133, 0.0, 2208.111083984375], [-0.7954185605049133, -0.6060605049133301, 0.0, 2562.177490234375], [0.0, 0.0, 1.0, 0.0], [0.0, 0.0, 0.0, 1.0]], "pose_inverse": [[-0.6060605049133301, -0.7954185605049133, 0.0, 3376.25244140625], [0.7954185605049133, -0.6060605049133301, 0.0, -203.53794860839844], [0.0, 0.0, 1.0, 0.0], [0.0, 0.0, 0.0, 1.0]], "cam_ids": [0, 1, 2, 3, 4, 5], "cam_channels": ["CAM_FRONT_LEFT", "CAM_FRONT", "CAM_FRONT_RIGHT", "CAM_BACK_LEFT", "CAM_BACK", "CAM_BACK_RIGHT"], "token": "23d8a6210e5547739d20a7ce9a4e2fb0", "scene": "scene-0414"}, {"images": ["samples/CAM_FRONT_LEFT/n015-2018-09-27-15-33-17+0800__CAM_FRONT_LEFT__1538033937754844.jpg", "samples/CAM_FRONT/n015-2018-09-27-15-33-17+0800__CAM_FRONT__1538033937762460.jpg", "samples/CAM_FRONT_RIGHT/n015-2018-09-27-15-33-17+0800__CAM_FRONT_RIGHT__1538033937770339.jpg", "samples/CAM_BACK_LEFT/n015-2018-09-27-15-33-17+0800__CAM_BACK_LEFT__1538033937797423.jpg", "samples/CAM_BACK/n015-2018-09-27-15-33-17+0800__CAM_BACK__1538033937787525.jpg", "samples/CAM_BACK_RIGHT/n015-2018-09-27-15-33-17+0800__CAM_BACK_RIGHT__1538033937777893.jpg"], "intrinsics": [[[1272.5979470598488, 0.0, 826.6154927353808], [0.0, 1272.5979470598488, 479.75165386361925], [0.0, 0.0, 1.0]], [[1266.417203046554, 0.0, 816.2670197447984], [0.0, 1266.417203046554, 491.50706579294757], [0.0, 0.0, 1.0]], [[1260.8474446004698, 0.0, 807.968244525554], [0.0, 1260.8474446004698, 495.3344268742088], [0.0, 0.0, 1.0]], [[1256.7414812095406, 0.0, 792.1125740759628], [0.0, 1256.7414812095406, 492.7757465151356], [0.0, 0.0, 1.0]], [[809.2209905677063, 0.0, 829.2196003259838], [0.0, 809.2209905677063, 481.77842384512485], [0.0, 0.0, 1.0]], [[1259.5137405846733, 0.0, 807.2529053838625], [0.0, 1259.5137405846733, 501.19579884916527], [0.0, 0.0, 1.0]]], "extrinsics": [[[0.8277055621147156, -0.5611589550971985, 0.0020047035068273544, -0.8203125], [0.004059140104800463, 0.002414809539914131, -0.999988853931427, 1.508976936340332], [0.5611478090286255, 0.8277044892311096, 0.004276574589312077, -1.177490234375], [0.0, 0.0, 0.0, 1.0]], [[0.015507030300796032, -0.9998781681060791, 0.0017096728552132845, 0.00384521484375], [-0.0011077596573159099, -0.0017270575044676661, -0.9999979138374329, 1.520364761352539], [0.9998791217803955, 0.015505111776292324, -0.0011344068916514516, -1.545654296875], [0.0, 0.0, 0.0, 1.0]], [[-0.8287855386734009, -0.5594292283058167, -0.012381721287965775, 0.937255859375], [0.004479823634028435, 0.015493107959628105, -0.9998698830604553, 1.5041942596435547], [0.5595483183860779, -0.8287332653999329, -0.010334319435060024, -1.188232421875], [0.0, 0.0, 0.0, 1.0]], [[0.9479067921638489, 0.31844639778137207, 0.008038654923439026, -1.145751953125], [0.013560262508690357, -0.015126152895390987, -0.9997935891151428, 1.5884895324707031], [-0.3182590901851654, 0.9478201866149902, -0.018656400963664055, -0.10162353515625], [0.0, 0.0, 0.0, 1.0]], [[0.00014277866284828633, 0.9999873638153076, -0.005034354981034994, 0.00445556640625], [-0.011938584968447685, -0.005032291170209646, -0.9999160766601562, 1.5788841247558594], [-0.999928