[{"images": ["samples/CAM_FRONT_LEFT/n015-2018-07-18-11-18-34+0800__CAM_FRONT_LEFT__1531884391004844.jpg", "samples/CAM_FRONT/n015-2018-07-18-11-18-34+0800__CAM_FRONT__1531884391012462.jpg", "samples/CAM_FRONT_RIGHT/n015-2018-07-18-11-18-34+0800__CAM_FRONT_RIGHT__1531884391020406.jpg", "samples/CAM_BACK_LEFT/n015-2018-07-18-11-18-34+0800__CAM_BACK_LEFT__1531884391047423.jpg", "samples/CAM_BACK/n015-2018-07-18-11-18-34+0800__CAM_BACK__1531884391037525.jpg", "samples/CAM_BACK_RIGHT/n015-2018-07-18-11-18-34+0800__CAM_BACK_RIGHT__1531884391027893.jpg"], "intrinsics": [[[1272.5979470598488, 0.0, 826.6154927353808], [0.0, 1272.5979470598488, 479.75165386361925], [0.0, 0.0, 1.0]], [[1266.417203046554, 0.0, 816.2670197447984], [0.0, 1266.417203046554, 491.50706579294757], [0.0, 0.0, 1.0]], [[1260.8474446004698, 0.0, 807.968244525554], [0.0, 1260.8474446004698, 495.3344268742088], [0.0, 0.0, 1.0]], [[1256.7414812095406, 0.0, 792.1125740759628], [0.0, 1256.7414812095406, 492.7757465151356], [0.0, 0.0, 1.0]], [[809.2209905677063, 0.0, 829.2196003259838], [0.0, 809.2209905677063, 481.77842384512485], [0.0, 0.0, 1.0]], [[1259.5137405846733, 0.0, 807.2529053838625], [0.0, 1259.5137405846733, 501.19579884916527], [0.0, 0.0, 1.0]]], "extrinsics": [[[0.8307690620422363, -0.556587815284729, 0.005719584878534079, -0.79736328125], [-0.00791891198605299, -0.02209317684173584, -0.9997245669364929, 1.5065802335739136], [0.5565609335899353, 0.8304949402809143, -0.02276189997792244, -1.164764404296875], [0.0, 0.0, 0.0, 1.0]], [[0.020306287333369255, -0.9994560480117798, 0.025987302884459496, 0.006500244140625], [-0.013399727642536163, -0.026262391358613968, -0.9995653033256531, 1.5182499885559082], [0.9997039437294006, 0.0199491735547781, -0.01392572931945324, -1.525634765625], [0.0, 0.0, 0.0, 1.0]], [[-0.8266655206680298, -0.562568187713623, 0.01187807135283947, 0.925537109375], [-0.00823672953993082, -0.009008978493511677, -0.9999254941940308, 1.5025739669799805], [0.5626333355903625, -0.8267017006874084, 0.0028136896435171366, -1.1776123046875], [0.0, 0.0, 0.0, 1.0]], [[0.9476857781410217, 0.3189496695995331, -0.0127557422965765, -1.1461181640625], [-0.00012347707524895668, -0.03959472104907036, -0.9992157816886902, 1.5885581970214844], [-0.3192045986652374, 0.9469441771507263, -0.03748397156596184, -0.10247802734375], [0.0, 0.0, 0.0, 1.0]], [[-0.0018565398640930653, 0.9995629191398621, -0.029505688697099686, 0.003173828125], [-0.02520477958023548, -0.029543139040470123, -0.9992457032203674, 1.5782203674316406], [-0.9996805787086487, -0.0011114233639091253, 0.025248605757951736, -0.0430908203125], [0.0, 0.0, 0.0, 1.0]], [[-0.9377083778381348, 0.3472173810005188, -0.01196271926164627, 1.0501708984375], [0.007595717906951904, -0.013935494236648083, -0.9998740553855896, 1.552133560180664], [-0.3473403751850128, -0.9376811385154724, 0.010430064052343369, -0.0964508056640625], [0.0, 0.0, 0.0, 1.0]]], "view": [[0.0, -2.0, 100.0], [-2.0, 0.0, 100.0], [0.0, 0.0, 1.0]], "bev": "bev_9872af6e56ba49e39c7529fb3bbd63ce.png", "aux": "aux_9872af6e56ba49e39c7529fb3bbd63ce.npz", "visibility": "visibility_9872af6e56ba49e39c7529fb3bbd63ce.png", "pose": [[-0.29316678643226624, 0.9560613036155701, 0.0, 808.8165893554688], [-0.9560613036155701, -0.29316678643226624, 0.0, 1272.4320068359375], [0.0, 0.0, 1.0, 0.0], [0.0, 0.0, 0.0, 1.0]], "pose_inverse": [[-0.29316678643226624, -0.9560613036155701, 0.0, 1453.64111328125], [0.9560613036155701, -0.29316678643226624, 0.0, -400.24346923828125], [0.0, 0.0, 1.0, 0.0], [0.0, 0.0, 0.0, 1.0]], "cam_ids": [0, 1, 2, 3, 4, 5], "cam_channels": ["CAM_FRONT_LEFT", "CAM_FRONT", "CAM_FRONT_RIGHT", "CAM_BACK_LEFT", "CAM_BACK", "CAM_BACK_RIGHT"], "token": "9872af6e56ba49e39c7529fb3bbd63ce", "scene": "scene-0010"}, {"images": ["samples/CAM_FRONT_LEFT/n015-2018-07-18-11-18-34+0800__CAM_FRONT_LEFT__1531884391504844.jpg", "samples/CAM_FRONT/n015-2018-07-18-11-18-34+0800__CAM_FRONT__1531884391512465.jpg", "samples/CAM_FRONT_RIGHT/n015-2018-07-18-11-18-34+0800__CAM_FRONT_RIGHT__1531884391520750.jpg", "samples/CAM_BACK_LEFT/n015-2018-07-18-11-18-34+0800__CAM_BACK_LEFT__1531884391547423.jpg", "samples/CAM_BACK/n015-2018-07-18-11-18-34+0800__CAM_BACK__1531884391537525.jpg", "samples/CAM_BACK_RIGHT/n015-2018-07-18-11-18-34+0800__CAM_BACK_RIGHT__1531884391527893.jpg"], "intrinsics": [[[1272.5979470598488, 0.0, 826.6154927353808], [0.0, 1272.5979470598488, 479.75165386361925], [0.0, 0.0, 1.0]], [[1266.417203046554, 0.0, 816.2670197447984], [0.0, 1266.417203046554, 491.50706579294757], [0.0, 0.0, 1.0]], [[1260.8474446004698, 0.0, 807.968244525554], [0.0, 1260.8474446004698, 495.3344268742088], [0.0, 0.0, 1.0]], [[1256.7414812095406, 0.0, 792.1125740759628], [0.0, 1256.7414812095406, 492.7757465151356], [0.0, 0.0, 1.0]], [[809.2209905677063, 0.0, 829.2196003259838], [0.0, 809.2209905677063, 481.77842384512485], [0.0, 0.0, 1.0]], [[1259.5137405846733, 0.0, 807.2529053838625], [0.0, 1259.5137405846733, 501.19579884916527], [0.0, 0.0, 1.0]]], "extrinsics": [[[0.8280932903289795, -0.5605418682098389, 0.007367074955254793, -0.7845458984375], [-0.008885221555829048, -0.02626393921673298, -0.9996155500411987, 1.5061931610107422], [0.5605197548866272, 0.8277095556259155, -0.026729531586170197, -1.15362548828125], [0.0, 0.0, 0.0, 1.0]], [[0.01651132106781006, -0.9994053840637207, 0.030268605798482895, 0.00506591796875], [-0.013985688798129559, -0.030500616878271103, -0.9994369149208069, 1.5179147720336914], [0.9997658133506775, 0.016078675165772438, -0.014480977319180965, -1.5113525390625], [0.0, 0.0, 0.0, 1.0]], [[-0.828295111656189, -0.5601067543029785, 0.014408329501748085, 0.916748046875], [-0.008351927623152733, -0.013370087370276451, -0.9998756647109985, 1.5024595260620117], [0.5602297186851501, -0.8283125162124634, 0.006396407261490822, -1.1732177734375], [0.0, 0.0, 0.0, 1.0]], [[0.9476596713066101, 0.31902310252189636, -0.012856337241828442, -1.1488037109375], [0.0011661113239824772, -0.04372445121407509, -0.9990429282188416, 1.5885295867919922], [-0.31927990913391113, 0.9467377662658691, -0.04180791974067688, -0.10107421875], [0.0, 0.0, 0.0, 1.0]], [[-0.0009981878101825714, 0.9994254112243652, -0.03387877717614174, 0.0037994384765625], [-0.024491867050528526, -0.03389306366443634, -0.9991253614425659, 1.5781383514404297], [-0.9996995329856873, -0.00016756492550484836, 0.024511627852916718, -0.04638671875], [0.0, 0.0, 0.0, 1.0]], [[-0.93705815076828, 0.3489028811454773, -0.013738391920924187, 1.042236328125], [0.007815473712980747, -0.018377892673015594, -0.9998006224632263, 1.5522050857543945], [-0.34908583760261536, -0.9369786977767944, 0.014494314789772034, -0.1004638671875], [0.0, 0.0, 0.0, 1.0]]], "view": [[0.0, -2.0, 100.0], [-2.0, 0.0, 100.0], [0.0, 0.0, 1.0]], "bev": "bev_8bc7b94bfe134f27bf65526ca23ba1bc.png", "aux": "aux_8bc7b94bfe134f27bf65526ca23ba1bc.npz", "visibility": "visibility_8bc7b94bfe134f27bf65526ca23ba1bc.png", "pose": [[-0.45160341262817383, 0.8922187685966492, 0.0, 807.8566284179688], [-0.8922187685966492, -0.45160341262817383, 0.0, 1270.037353515625], [0.0, 0.0, 1.0, 0.0], [0.0, 0.0, 0.0, 1.0]], "pose_inverse": [[-0.45160341262817383, -0.8922187685966492, 0.0, 1497.9820556640625], [0.8922187685966492, -0.45160341262817383, 0.0, -147.23162841796875], [0.0, 0.0, 1.0, 0.0], [0.0, 0.0, 0.0, 1.0]], "cam_ids": [0, 1, 2, 3, 4, 5], "cam_channels": ["CAM_FRONT_LEFT", "CAM_FRONT", "CAM_FRONT_RIGHT", "CAM_BACK_LEFT", "CAM_BACK", "CAM_BACK_RIGHT"], "token": "8bc7b94bfe134f27bf65526ca23ba1bc", "scene": "scene-0010"}, {"images": ["samples/CAM_FRONT_LEFT/n015-2018-07-18-11-18-34+0800__CAM_FRONT_LEFT__1531884392004844.jpg", "samples/CAM_FRONT/n015-2018-07-18-11-18-34+0800__CAM_FRONT__1531884392012469.jpg", "samples/CAM_FRONT_RIGHT/n015-2018-07-18-11-18-34+0800__CAM_FRONT_RIGHT__1531884392020339.jpg", "samples/CAM_BACK_LEFT/n015-2018-07-18-11-18-34+0800__CAM_BACK_LEFT__1531884392047423.jpg", "samples/CAM_BACK/n015-2018-07-18-11-18-34+0800__CAM_BACK__1531884392037525.jpg", "samples/CAM_BACK_RIGHT/n015-2018-07-18-11-18-34+0800__CAM_BACK_RIGHT__1531884392027893.jpg"], "intrinsics": [[[1272.5979470598488, 0.0, 826.6154927353808], [0.0, 1272.5979470598488, 479.75165386361925], [0.0, 0.0, 1.0]], [[1266.417203046554, 0.0, 816.2670197447984], [0.0, 1266.417203046554, 491.50706579294757], [0.0, 0.0, 1.0]], [[1260.8474446004698, 0.0, 807.968244525554], [0.0, 1260.8474446004698, 495.3344268742088], [0.0, 0.0, 1.0]], [[1256.7414812095406, 0.0, 792.1125740759628], [0.0, 1256.7414812095406, 492.7757465151356], [0.0, 0.0, 1.0]], [[809.2209905677063, 0.0, 829.2196003259838], [0.0, 809.2209905677063, 481.77842384512485], [0.0, 0.0, 1.0]], [[1259.5137405846733, 0.0, 807.2529053838625], [0.0, 1259.5137405846733, 501.19579884916527], [0.0, 0.0, 1.0]]], "extrinsics": [[[0.8247240781784058, -0.5654430985450745, 0.010215502232313156, -0.7755126953125], [-0.006325998809188604, -0.02728603221476078, -0.9996076226234436, 1.5067501068115234], [0.5654999613761902, 0.8243358135223389, -0.026080438867211342, -1.14862060546875], [0.0, 0.0, 0.0, 1.0]], [[0.011378288269042969, -0.9994532465934753, 0.031042983755469322, 0.006328582763671875], [-0.011604349128901958, -0.031174886971712112, -0.9994465708732605, 1.5183277130126953], [0.9998679161071777, 0.011011742986738682, -0.01195271871984005, -1.5042724609375], [0.0, 0.0, 0.0, 1.0]], [[-0.8305196762084961, -0.55684494972229, 0.012675848789513111, 0.9127197265625], [-0.006053111515939236, -0.013733075931668282, -0.9998873472213745, 1.5027732849121094], [0.5569562911987305, -0.8305028676986694, 0.008034947328269482, -1.1685791015625], [0.0, 0.0, 0.0, 1.0]], [[0.9479106664657593, 0.3183591663837433, -0.010620979592204094, -1.151123046875], [0.0034338366240262985, -0.04355397820472717, -0.9990451335906982, 1.5885670185089111], [-0.3185177445411682, 0.9469690918922424, -0.04237847775220871, -0.10162353515625], [0.0, 0.0, 0.0, 1.0]], [[0.0009723359253257513, 0.9994295835494995, -0.033756859600543976, 0.002079010009765625], [-0.022287722676992416, -0.033726830035448074, -0.9991825819015503, 1.578338623046875], [-0.999751091003418, 0.001723881927318871, 0.022242214530706406, -0.045166015625], [0.0, 0.0, 0.0, 1.0]], [[-0.9359467625617981, 0.3517809212207794, -0.015933122485876083, 1.0413818359375], [0.010061895474791527, -0.018512055277824402, -0.9997780323028564, 1.5524778366088867], [-0.35199788212776184, -0.9358993172645569, 0.01378671545535326, -0.098876953125], [0.0, 0.0, 0.0, 1.0]]], "view": [[0.0, -2.0, 100.0], [-2.0, 0.0, 100.0], [0.0, 0.0, 1.0]], "bev": "bev_4387a9ecb3ed42fcbb95149249ee1da1.png", "aux": "aux_4387a9ecb3ed42fcbb95149249ee1da1.npz", "visibility": "visibility_4387a9ecb3ed42fcbb95149249ee1da1.png", "pose": [[-0.5527321100234985, 0.8333590030670166, 0.0, 806.475341796875], [-0.8333590030670166, -0.5527321100234985, 0.0, 1267.6492919921875], [0.0, 0.0, 1.0, 0.0], [0.0, 0.0, 0.0, 1.0]], "pose_inverse": [[-0.5527321100234985, -0.8333590030670166, 0.0, 1502.1717529296875], [0.8333590030670166, -0.5527321100234985, 0.0, 28.58696937561035], [0.0, 0.0, 1.0, 0.0], [0.0, 0.0, 0.0, 1.0]], "cam_ids": [0, 1, 2, 3, 4, 5], "cam_channels": ["CAM_FRONT_LEFT", "CAM_FRONT", "CAM_FRONT_RIGHT", "CAM_BACK_LEFT", "CAM_BACK", "CAM_BACK_RIGHT"], "token": "4387a9ecb3ed42fcbb95149249ee1da1", "scene": "scene-0010"}, {"images": ["samples/CAM_FRONT_LEFT/n015-2018-07-18-11-18-34+0800__CAM_FRONT_LEFT__1531884392504844.jpg", "samples/CAM_FRONT/n015-2018-07-18-11-18-34+0800__CAM_FRONT__1531884392512463.jpg", "samples/CAM_FRONT_RIGHT/n015-2018-07-18-11-18-34+0800__CAM_FRONT_RIGHT__1531884392520339.jpg", "samples/CAM_BACK_LEFT/n015-2018-07-18-11-18-34+0800__CAM_BACK_LEFT__1531884392547423.jpg", "samples/CAM_BACK/n015-2018-07-18-11-18-34+0800__CAM_BACK__1531884392537525.jpg", "samples/CAM_BACK_RIGHT/n015-2018-07-18-11-18-34+0800__CAM_BACK_RIGHT__1531884392527893.jpg"], "intrinsics": [[[1272.5979470598488, 0.0, 826.6154927353808], [0.0, 1272.5979470598488, 479.75165386361925], [0.0, 0.0, 1.0]], [[1266.417203046554, 0.0, 816.2670197447984], [0.0, 1266.417203046554, 491.50706579294757], [0.0, 0.0, 1.0]], [[1260.8474446004698, 0.0, 807.968244525554], [0.0, 1260.8474446004698, 495.3344268742088], [0.0, 0.0, 1.0]], [[1256.7414812095406, 0.0, 792.1125740759628], [0.0, 1256.7414812095406, 492.7757465151356], [0.0, 0.0, 1.0]], [[809.2209905677063, 0.0, 829.2196003259838], [0.0, 809.2209905677063, 481.77842384512485], [0.0, 0.0, 1.0]], [[1259.5137405846733, 0.0, 807.2529053838625], [0.0, 1259.5137405846733, 501.19579884916527], [0.0, 0.0, 1.0]]], "extrinsics": [[[0.8229472637176514, -0.5679096579551697, 0.015376312658190727, -0.7630615234375], [0.0012997648445889354, -0.02518320269882679, -0.9996820092201233, 1.5085194110870361], [0.5681162476539612, 0.8227055668830872, -0.01998629979789257, -1.13836669921875], [0.0, 0.0, 0.0, 1.0]], [[0.008842414245009422, -0.9995308518409729, 0.029322557151317596, 0.005157470703125], [-0.004071893636137247, -0.029359452426433563, -0.9995606541633606, 1.5196623802185059], [0.9999525547027588, 0.008719071745872498, -0.004329591058194637, -1.4906005859375], [0.0, 0.0, 0.0, 1.0]], [[-0.8315469622612, -0.5554260015487671, 0.005618992727249861, 0.9027099609375], [0.0014172010123729706, -0.012237516231834888, -0.9999241232872009, 1.5038478374481201], [0.5554526448249817, -0.8314758539199829, 0.01096322014927864, -1.1636962890625], [0.0, 0.0, 0.0, 1.0]], [[0.9477437734603882, 0.31900057196617126, -0.004513365216553211, -1.1512451171875], [0.009656619280576706, -0.04282442480325699, -0.9990358948707581, 1.5884265899658203], [-0.31888633966445923, 0.9467865228652954, -0.04366704821586609, -0.099761962890625], [0.0, 0.0, 0.0, 1.0]], [[0.0014871829189360142, 0.999459981918335, -0.032827701419591904, 0.00360107421875], [-0.015582647174596786, -0.032800592482089996, -0.9993404150009155, 1.578531265258789], [-0.9998775124549866, 0.0019977649208158255, 0.015525451861321926, -0.0494384765625], [0.0, 0.0, 0.0, 1.0]], [[-0.9354001879692078, 0.3528921604156494, -0.022218339145183563, 1.033447265625], [0.01720864698290825, -0.01732751913368702, -0.9997017979621887, 1.5533313751220703], [-0.35317176580429077, -0.9355035424232483, 0.010135368444025517, -0.103515625], [0.0, 0.0, 0.0, 1.0]]], "view": [[0.0, -2.0, 100.0], [-2.0, 0.0, 100.0], [0.0, 0.0, 1.0]], "bev": "bev_04fdfebbf5a041edac1db9097a7e82e6.png", "aux": "aux_04fdfebbf5a041edac1db9097a7e82e6.npz", "visibility": "visibility_04fdfebbf5a041edac1db9097a7e82e6.png", "pose": [[-0.5986606478691101, 0.8010027408599854, 0.0, 804.7997436523438], [-0.8010027408599854, -0.5986606478691101, 0.0, 1265.257080078125], [0.0, 0.0, 1.0, 0.0], [0.0, 0.0, 0.0, 1.0]], "pose_inverse": [[-0.5986606478691101, -0.8010027408599854, 0.0, 1495.2763671875], [0.8010027408599854, -0.5986606478691101, 0.0, 112.81282043457031], [0.0, 0.0, 1.0, 0.0], [0.0, 0.0, 0.0, 1.0]], "cam_ids": [0, 1, 2, 3, 4, 5], "cam_channels": ["CAM_FRONT_LEFT", "CAM_FRONT", "CAM_FRONT_RIGHT", "CAM_BACK_LEFT", "CAM_BACK", "CAM_BACK_RIGHT"], "token": "04fdfebbf5a041edac1db9097a7e82e6", "scene": "scene-0010"}, {"images": ["samples/CAM_FRONT_LEFT/n015-2018-07-18-11-18-34+0800__CAM_FRONT_LEFT__1531884393004844.jpg", "samples/CAM_FRONT/n015-2018-07-18-11-18-34+0800__CAM_FRONT__1531884393012466.jpg", "samples/CAM_FRONT_RIGHT/n015-2018-07-18-11-18-34+0800__CAM_FRONT_RIGHT__1531884393020339.jpg", "samples/CAM_BACK_LEFT/n015-2018-07-18-11-18-34+0800__CAM_BACK_LEFT__1531884393047423.jpg", "samples/CAM_BACK/n015-2018-07-18-11-18-34+0800__CAM_BACK__1531884393037525.jpg", "samples/CAM_BACK_RIGHT/n015-2018-07-18-11-18-34+0800__CAM_BACK_RIGHT__1531884393027893.jpg"], "intrinsics": [[[1272.5979470598488, 0.0, 826.6154927353808], [0.0, 1272.5979470598488, 479.75165386361925], [0.0, 0.0, 1.0]], [[1266.417203046554, 0.0, 816.2670197447984], [0.0, 1266.417203046554, 491.50706579294757], [0.0, 0.0, 1.0]], [[1260.8474446004698, 0.0, 807.968244525554], [0.0, 1260.8474446004698, 495.3344268742088], [0.0, 0.0, 1.0]], [[1256.7414812095406, 0.0, 792.1125740759628], [0.0, 1256.7414812095406, 492.7757465151356], [0.0, 0.0, 1.0]], [[809.2209905677063, 0.0, 829.2196003259838], [0.0, 809.2209905677063, 481.77842384512485], [0.0, 0.0, 1.0]], [[1259.5137405846733, 0.0, 807.2529053838625], [0.0, 1259.5137405846733, 501.19579884916527], [0.0, 0.0, 1.0]]], "extrinsics": [[[0.8216716051101685, -0.569694995880127, 0.017416803166270256, -0.734130859375], [0.0064158751629292965, -0.02131096087396145, -0.9997522830963135, 1.5100407600402832], [0.5699250102043152, 0.8215798735618591, -0.013855519704520702, -1.11932373046875], [0.0, 0.0, 0.0, 1.0]], [[0.007000205107033253, -0.9996522068977356, 0.025425462052226067, 0.0062713623046875], [0.0013543141540139914, -0.025416584685444832, -0.9996760487556458, 1.52083420753479], [0.9999745488166809, 0.007032455876469612, 0.0011759215267375112, -1.461181640625], [0.0, 0.0, 0.0, 1.0]], [[-0.832273542881012, -0.5543633103370667, -0.0014214583206921816, 0.883056640625], [0.007195922080427408, -0.008239367045462132, -0.9999401569366455, 1.5049304962158203], [0.554318368434906, -0.8322339653968811, 0.01084656361490488, -1.14984130859375], [0.0, 0.0, 0.0, 1.0]], [[0.9476493000984192, 0.3192966878414154, 0.0032361652702093124, -1.142822265625], [0.01653045229613781, -0.03893495723605156, -0.9991049766540527, 1.5885658264160156], [-0.3188849091529846, 0.9468545913696289, -0.0421748049557209, -0.10394287109375], [0.0, 0.0, 0.0, 1.0]], [[0.0020030494779348373, 0.9995842576026917, -0.028764329850673676, 0.0029296875], [-0.00909146573394537, -0.028744995594024658, -0.9995454549789429, 1.5787677764892578], [-0.9999566674232483, 0.002263696864247322, 0.009030106477439404, -0.0634765625], [0.0, 0.0, 0.0, 1.0]], [[-0.9349340200424194, 0.3538316488265991, -0.026488661766052246, 1.0155029296875], [0.02329338900744915, -0.013286984525620937, -0.9996403455734253, 1.5544548034667969], [-0.35405632853507996, -0.9352147579193115, 0.004180516581982374, -0.10968017578125], [0.0, 0.0, 0.0, 1.0]]], "view": [[0.0, -2.0, 100.0], [-2.0, 0.0, 100.0], [0.0, 0.0, 1.0]], "bev": "bev_509eb9216c45423192fa718058acfb97.png", "aux": "aux_509eb9216c45423192fa718058acfb97.npz", "visibility": "visibility_509eb9216c45423192fa718058acfb97.png", "pose": [[-0.6215933561325073, 0.7833400964736938, 0.0, 802.8469848632812], [-0.7833400964736938, -0.6215933561325073, 0.0, 1262.729736328125], [0.0, 0.0, 1.0, 0.0], [0.0, 0.0, 0.0, 1.0]], "pose_inverse": [[-0.6215933561325073, -0.7833400964736938, 0.0, 1488.191162109375], [0.7833400964736938, -0.6215933561325073, 0.0, 156.00218200683594], [0.0, 0.0, 1.0, 0.0], [0.0, 0.0, 0.0, 1.0]], "cam_ids": [0, 1, 2, 3, 4, 5], "cam_channels": ["CAM_FRONT_LEFT", "CAM_FRONT", "CAM_FRONT_RIGHT", "CAM_BACK_LEFT", "CAM_BACK", "CAM_BACK_RIGHT"], "token": "509eb9216c45423192fa718058acfb97", "scene": "scene-0010"}, {"images": ["samples/CAM_FRONT_LEFT/n015-2018-07-18-11-18-34+0800__CAM_FRONT_LEFT__1531884393504844.jpg", "samples/CAM_FRONT/n015-2018-07-18-11-18-34+0800__CAM_FRONT__1531884393512468.jpg", "samples/CAM_FRONT_RIGHT/n015-2018-07-18-11-18-34+0800__CAM_FRONT_RIGHT__1531884393520339.jpg", "samples/CAM_BACK_LEFT/n015-2018-07-18-11-18-34+0800__CAM_BACK_LEFT__1531884393547423.jpg", "samples/CAM_BACK/n015-2018-07-18-11-18-34+0800__CAM_BACK__1531884393537525.jpg", "samples/CAM_BACK_RIGHT/n015-2018-07-18-11-18-34+0800__CAM_BACK_RIGHT__1531884393527893.jpg"], "intrinsics": [[[1272.5979470598488, 0.0, 826.6154927353808], [0.0, 1272.5979470598488, 479.75165386361925], [0.0, 0.0, 1.0]], [[1266.417203046554, 0.0, 816.2670197447984], [0.0, 1266.417203046554, 491.50706579294757], [0.0, 0.0, 1.0]], [[1260.8474446004698, 0.0, 807.968244525554], [0.0, 1260.8474446004698, 495.3344268742088], [0.0, 0.0, 1.0]], [[1256.7414812095406, 0.0, 792.1125740759628], [0.0, 1256.7414812095406, 492.7757465151356], [0.0, 0.0, 1.0]], [[809.2209905677063, 0.0, 829.2196003259838], [0.0, 809.2209905677063, 481.77842384512485], [0.0, 0.0, 1.0]], [[1259.5137405846733, 0.0, 807.2529053838625], [0.0, 1259.5137405846733, 501.19579884916527], [0.0, 0.0, 1.0]]], "extrinsics": [[[0.8212947845458984, -0.5701369047164917, 0.020465204492211342, -0.71337890625], [0.007238471414893866, -0.025455495342612267, -0.9996497631072998, 1.5104694366455078], [0.5704580545425415, 0.8211552500724792, -0.016779549419879913, -1.10565185546875], [0.0, 0.0, 0.0, 1.0]], [[0.006547648925334215, -0.9995395541191101, 0.029627569019794464, 0.0072021484375], [0.0019964915700256824, -0.02961507998406887, -0.9995594024658203, 1.5210498571395874], [0.9999765753746033, 0.006603957153856754, 0.0018016620306298137, -1.4393310546875], [0.0, 0.0, 0.0, 1.0]], [[-0.8324073553085327, -0.5541640520095825, 0.0005509773036465049, 0.86767578125], [0.0076594166457653046, -0.012499319389462471, -0.99989253282547, 1.505167007446289], [0.5541113615036011, -0.8323136568069458, 0.014649097807705402, -1.13861083984375], [0.0, 0.0, 0.0, 1.0]], [[0.947672426700592, 0.3192385137081146, 0.0019571660086512566, -1.1351318359375], [0.01658346690237522, -0.04310449957847595, -0.9989328980445862, 1.5886821746826172], [-0.3188135027885437, 0.9466936588287354, -0.046143025159835815, -0.1060791015625], [0.0, 0.0, 0.0, 1.0]], [[0.002033042022958398, 0.9994521737098694, -0.03303499147295952, 0.0025177001953125], [-0.00892811268568039, -0.033015601336956024, -0.9994149804115295, 1.578683853149414], [-0.9999580383300781, 0.002326761372387409, 0.008856098167598248, -0.0755615234375], [0.0, 0.0, 0.0, 1.0]], [[-0.9349053502082825, 0.35376667976379395, -0.028305232524871826, 1.00048828125], [0.023612240329384804, -0.017575882375240326, -0.9995666742324829, 1.5548896789550781], [-0.35411086678504944, -0.9351686239242554, 0.0080785620957613, -0.114501953125], [0.0, 0.0, 0.0, 1.0]]], "view": [[0.0, -2.0, 100.0], [-2.0, 0.0, 100.0], [0.0, 0.0, 1.0]], "bev": "bev_540148e6f2dc42a2a2067d0278053664.png", "aux": "aux_540148e6f2dc42a2a2067d0278053664.npz", "visibility": "visibility_540148e6f2dc42a2a2067d0278053664.png", "pose": [[-0.6310457587242126, 0.7757456302642822, 0.0, 800.7183227539062], [-0.7757456302642822, -0.6310457587242126, 0.0, 1260.085693359375], [0.0, 0.0, 1.0, 0.0], [0.0, 0.0, 0.0, 1.0]], "pose_inverse": [[-0.6310457587242126, -0.7757456302642822, 0.0, 1482.7958984375], [0.7757456302642822, -0.6310457587242126, 0.0, 174.01800537109375], [0.0, 0.0, 1.0, 0.0], [0.0, 0.0, 0.0, 1.0]], "cam_ids": [0, 1, 2, 3, 4, 5], "cam_channels": ["CAM_FRONT_LEFT", "CAM_FRONT", "CAM_FRONT_RIGHT", "CAM_BACK_LEFT", "CAM_BACK", "CAM_BACK_RIGHT"], "token": "540148e6f2dc42a2a2067d0278053664", "scene": "scene-0010"}, {"images": ["samples/CAM_FRONT_LEFT/n015-2018-07-18-11-18-34+0800__CAM_FRONT_LEFT__1531884394004844.jpg", "samples/CAM_FRONT/n015-2018-07-18-11-18-34+0800__CAM_FRONT__1531884394012465.jpg", "samples/CAM_FRONT_RIGHT/n015-2018-07-18-11-18-34+0800__CAM_FRONT_RIGHT__1531884394020339.jpg", "samples/CAM_BACK_LEFT/n015-2018-07-18-11-18-34+0800__CAM_BACK_LEFT__1531884394047423.jpg", "samples/CAM_BACK/n015-2018-07-18-11-18-34+0800__CAM_BACK__1531884394037525.jpg", "samples/CAM_BACK_RIGHT/n015-2018-07-18-11-18-34+0800__CAM_BACK_RIGHT__1531884394027893.jpg"], "intrinsics": [[[1272.5979470598488, 0.0, 826.6154927353808], [0.0, 1272.5979470598488, 479.75165386361925], [0.0, 0.0, 1.0]], [[1266.417203046554, 0.0, 816.2670197447984], [0.0, 1266.417203046554, 491.50706579294757], [0.0, 0.0, 1.0]], [[1260.8474446004698, 0.0, 807.968244525554], [0.0, 1260.8474446004698, 495.3344268742088], [0.0, 0.0, 1.0]], [[1256.7414812095406, 0.0, 792.1125740759628], [0.0, 1256.7414812095406, 492.7757465151356], [0.0, 0.0, 1.0]], [[809.2209905677063, 0.0, 829.2196003259838], [0.0, 809.2209905677063, 481.77842384512485], [0.0, 0.0, 1.0]], [[1259.5137405846733, 0.0, 807.2529053838625], [0.0, 1259.5137405846733, 501.19579884916527], [0.0, 0.0, 1.0]]], "extrinsics": [[[0.8211957216262817, -0.5700161457061768, 0.026814034208655357, -0.693115234375], [0.010746887885034084, -0.031532175838947296, -0.9994449615478516, 1.5118293762207031], [0.5705453157424927, 0.8210281729698181, -0.019768189638853073, -1.092529296875], [0.0, 0.0, 0.0, 1.0]], [[0.006366059184074402, -0.9993433356285095, 0.03566877916455269, 0.0076751708984375], [0.005468626972287893, -0.035634178668260574, -0.9993500113487244, 1.5220595598220825], [0.9999647736549377, 0.006556978449225426, 0.0052381856366992, -1.4189453125], [0.0, 0.0, 0.0, 1.0]], [[-0.8324616551399231, -0.5540817379951477, 0.0009912644745782018, 0.854248046875], [0.011098004877567291, -0.01846243627369404, -0.9997678995132446, 1.5060386657714844], [0.5539714694023132, -0.8322575092315674, 0.02151847444474697, -1.12939453125], [0.0, 0.0, 0.0, 1.0]], [[0.9476374387741089, 0.31933319568634033, 0.003102302085608244, -1.1317138671875], [0.019793182611465454, -0.0490359328687191, -0.9986008405685425, 1.5887832641601562], [-0.3187342584133148, 0.946372926235199, -0.052788905799388885, -0.107330322265625], [0.0, 0.0, 0.0, 1.0]], [[0.002193508902564645, 0.9992387294769287, -0.0389489121735096, 0.0025634765625], [-0.005614405497908592, -0.03893608599901199, -0.9992259740829468, 1.5788917541503906], [-0.9999818205833435, 0.0024104814510792494, 0.005524726118892431, -0.083740234375], [0.0, 0.0, 0.0, 1.0]], [[-0.9347588419914246, 0.3536933362483978, -0.03356991335749626, 0.98876953125], [0.026997696608304977, -0.023500775918364525, -0.9993592500686646, 1.5557212829589844], [-0.3542555570602417, -0.9350661635398865, 0.0124186547473073, -0.11907958984375], [0.0, 0.0, 0.0, 1.0]]], "view": [[0.0, -2.0, 100.0], [-2.0, 0.0, 100.0], [0.0, 0.0, 1.0]], "bev": "bev_71ad8e55997f4e8ebf2fef20e46eded2.png", "aux": "aux_71ad8e55997f4e8ebf2fef20e46eded2.npz", "visibility": "visibility_71ad8e55997f4e8ebf2fef20e46eded2.png", "pose": [[-0.6369499564170837, 0.7709051370620728, 0.0, 798.410888671875], [-0.7709051370620728, -0.6369499564170837, 0.0, 1257.2781982421875], [0.0, 0.0, 1.0, 0.0], [0.0, 0.0, 0.0, 1.0]], "pose_inverse": [[-0.6369499564170837, -0.7709051370620728, 0.0, 1477.7900390625], [0.7709051370620728, -0.6369499564170837, 0.0, 185.32421875], [0.0, 0.0, 1.0, 0.0], [0.0, 0.0, 0.0, 1.0]], "cam_ids": [0, 1, 2, 3, 4, 5], "cam_channels": ["CAM_FRONT_LEFT", "CAM_FRONT", "CAM_FRONT_RIGHT", "CAM_BACK_LEFT", "CAM_BACK", "CAM_BACK_RIGHT"], "token": "71ad8e55997f4e8ebf2fef20e46eded2", "scene": "scene-0010"}, {"images": ["samples/CAM_FRONT_LEFT/n015-2018-07-18-11-18-34+0800__CAM_FRONT_LEFT__1531884394504844.jpg", "samples/CAM_FRONT/n015-2018-07-18-11-18-34+0800__CAM_FRONT__1531884394512466.jpg", "samples/CAM_FRONT_RIGHT/n015-2018-07-18-11-18-34+0800__CAM_FRONT_RIGHT__1531884394520339.jpg", "samples/CAM_BACK_LEFT/n015-2018-07-18-11-18-34+0800__CAM_BACK_LEFT__1531884394547423.jpg", "samples/CAM_BACK/n015-2018-07-18-11-18-34+0800__CAM_BACK__1531884394537525.jpg", "samples/CAM_BACK_RIGHT/n015-2018-07-18-11-18-34+0800__CAM_BACK_RIGHT__1531884394527893.jpg"], "intrinsics": [[[1272.5979470598488, 0.0, 826.6154927353808], [0.0, 1272.5979470598488, 479.75165386361925], [0.0, 0.0, 1.0]], [[1266.417203046554, 0.0, 816.2670197447984], [0.0, 1266.417203046554, 491.50706579294757], [0.0, 0.0, 1.0]], [[1260.8474446004698, 0.0, 807.968244525554], [0.0, 1260.8474446004698, 495.3344268742088], [0.0, 0.0, 1.0]], [[1256.7414812095406, 0.0, 792.1125740759628], [0.0, 1256.7414812095406, 492.7757465151356], [0.0, 0.0, 1.0]], [[809.2209905677063, 0.0, 829.2196003259838], [0.0, 809.2209905677063, 481.77842384512485], [0.0, 0.0, 1.0]], [[1259.5137405846733, 0.0, 807.2529053838625], [0.0, 1259.5137405846733, 501.19579884916527], [0.0, 0.0, 1.0]]], "extrinsics": [[[0.8209315538406372, -0.5705935955047607, 0.022234102711081505, -0.6849365234375], [0.002686308464035392, -0.035077620297670364, -0.9993810057640076, 1.5092233419418335], [0.5710203051567078, 0.8204830884933472, -0.027263537049293518, -1.08770751953125], [0.0, 0.0, 0.0, 1.0]], [[0.005983069539070129, -0.9992182850837708, 0.03907623142004013, 0.0083160400390625], [-0.002793520223349333, -0.03909347951412201, -0.9992316365242004, 1.5198116302490234], [0.9999781250953674, 0.005869351793080568, -0.003025237238034606, -1.4114990234375], [0.0, 0.0, 0.0, 1.0]], [[-0.8327350616455078, -0.553583025932312, 0.00989945512264967, 0.849853515625], [0.0026353599969297647, -0.021842455491423607, -0.9997578859329224, 1.5042517185211182], [0.5536653399467468, -0.8325074911117554, 0.01964787393808365, -1.1259765625], [0.0, 0.0, 0.0, 1.0]], [[0.94770747423172, 0.31907299160957336, -0.0065508633852005005, -1.1339111328125], [0.01061402540653944, -0.052027639001607895, -0.9985892176628113, 1.5886459350585938], [-0.3189636766910553, 0.9463009834289551, -0.05269363150000572, -0.106475830078125], [0.0, 0.0, 0.0, 1.0]], [[0.002196225803345442, 0.9991100430488586, -0.04212436452507973, 0.00262451171875], [-0.014554913155734539, -0.042088065296411514, -0.9990078806877136, 1.5781173706054688], [-0.9998916387557983, 0.002807208336889744, 0.014449521899223328, -0.0845947265625], [0.0, 0.0, 0.0, 1.0]], [[-0.9348549246788025, 0.3540306091308594, -0.02662273682653904, 0.9849853515625], [0.018313758075237274, -0.026799947023391724, -0.9994730353355408, 1.554433822631836], [-0.35455751419067383, -0.9348497986793518, 0.01857042871415615, -0.12017822265625], [0.0, 0.0, 0.0, 1.0]]], "view": [[0.0, -2.0, 100.0], [-2.0, 0.0, 100.0], [0.0, 0.0, 1.0]], "bev": "bev_0f160877acfe48379c9ee87ca96a86f7.png", "aux": "aux_0f160877acfe48379c9ee87ca96a86f7.npz", "visibility": "visibility_0f160877acfe48379c9ee87ca96a86f7.png", "pose": [[-0.6366885304450989, 0.771121084690094, 0.0, 795.9857177734375], [-0.771121084690094, -0.6366885304450989, 0.0, 1254.351318359375], [0.0, 0.0, 1.0, 0.0], [0.0, 0.0, 0.0, 1.0]], "pose_inverse": [[-0.6366885304450989, -0.771121084690094, 0.0, 1474.0517578125], [0.771121084690094, -0.6366885304450989, 0.0, 184.82972717285156], [0.0, 0.0, 1.0, 0.0], [0.0, 0.0, 0.0, 1.0]], "cam_ids": [0, 1, 2, 3, 4, 5], "cam_channels": ["CAM_FRONT_LEFT", "CAM_FRONT", "CAM_FRONT_RIGHT", "CAM_BACK_LEFT", "CAM_BACK", "CAM_BACK_RIGHT"], "token": "0f160877acfe48379c9ee87ca96a86f7", "scene": "scene-0010"}, {"images": ["samples/CAM_FRONT_LEFT/n015-2018-07-18-11-18-34+0800__CAM_FRONT_LEFT__1531884395004844.jpg", "samples/CAM_FRONT/n015-2018-07-18-11-18-34+0800__CAM_FRONT__1531884395012463.jpg", "samples/CAM_FRONT_RIGHT/n015-2018-07-18-11-18-34+0800__CAM_FRONT_RIGHT__1531884395020339.jpg", "samples/CAM_BACK_LEFT/n015-2018-07-18-11-18-34+0800__CAM_BACK_LEFT__1531884395047423.jpg", "samples/CAM_BACK/n015-2018-07-18-11-18-34+0800__CAM_BACK__1531884395037525.jpg", "samples/CAM_BACK_RIGHT/n015-2018-07-18-11-18-34+0800__CAM_BACK_RIGHT__1531884395027893.jpg"], "intrinsics": [[[1272.5979470598488, 0.0, 826.6154927353808], [0.0, 1272.5979470598488, 479.75165386361925], [0.0, 0.0, 1.0]], [[1266.417203046554, 0.0, 816.2670197447984], [0.0, 1266.417203046554, 491.50706579294757], [0.0, 0.0, 1.0]], [[1260.8474446004698, 0.0, 807.968244525554], [0.0, 1260.8474446004698, 495.3344268742088], [0.0, 0.0, 1.0]], [[1256.7414812095406, 0.0, 792.1125740759628], [0.0, 1256.7414812095406, 492.7757465151356], [0.0, 0.0, 1.0]], [[809.2209905677063, 0.0, 829.2196003259838], [0.0, 809.2209905677063, 481.77842384512485], [0.0, 0.0, 1.0]], [[1259.5137405846733, 0.0, 807.2529053838625], [0.0, 1259.5137405846733, 501.19579884916527], [0.0, 0.0, 1.0]]], "extrinsics": [[[0.8211866617202759, -0.5702256560325623, 0.022253161296248436, -0.66796875], [0.0006772284978069365, -0.03802167996764183, -0.9992766380310059, 1.5086426734924316], [0.5706592798233032, 0.8206078410148621, -0.030836721882224083, -1.07867431640625], [0.0, 0.0, 0.0, 1.0]], [[0.006358002312481403, -0.9990944266319275, 0.04207003489136696, 0.01031494140625], [-0.004507448989897966, -0.04209908843040466, -0.999103307723999, 1.5193357467651367], [0.9999696016311646, 0.0061627537943422794, -0.004771034233272076, -1.3958740234375], [0.0, 0.0, 0.0, 1.0]], [[-0.8325803875923157, -0.553756833076477, 0.012781626544892788, 0.8404541015625], [0.0012203353689983487, -0.02490927092730999, -0.999688982963562, 1.5039939880371094], [0.5539029836654663, -0.8323057889938354, 0.021414740011096, -1.11810302734375], [0.0, 0.0, 0.0, 1.0]], [[0.9475623965263367, 0.3194755017757416, -0.00780814653262496, -1.1353759765625], [0.010366708040237427, -0.05514959990978241, -0.998424232006073, 1.5886669158935547], [-0.31940269470214844, 0.9459883570671082, -0.0555695965886116, -0.106658935546875], [0.0, 0.0, 0.0, 1.0]], [[0.0018736857455223799, 0.9989750385284424, -0.04522791504859924, 0.0017242431640625], [-0.015219531022012234, -0.045194268226623535, -0.9988622665405273, 1.578042984008789], [-0.9998824596405029, 0.002559867687523365, 0.015119249001145363, -0.0882568359375], [0.0, 0.0, 0.0, 1.0]], [[-0.9349541068077087, 0.35376277565956116, -0.026697764173150063, 0.9765625], [0.017227906733751297, -0.02989170141518116, -0.9994046688079834, 1.5544357299804688], [-0.3543502688407898, -0.9348574280738831, 0.021852774545550346, -0.12200927734375], [0.0, 0.0, 0.0, 1.0]]], "view": [[0.0, -2.0, 100.0], [-2.0, 0.0, 100.0], [0.0, 0.0, 1.0]], "bev": "bev_055a989050974ba7b20ef264acfab0d7.png", "aux": "aux_055a989050974ba7b20ef264acfab0d7.npz", "visibility": "visibility_055a989050974ba7b20ef264acfab0d7.png", "pose": [[-0.6354628801345825, 0.7721314430236816, 0.0, 793.424072265625], [-0.7721314430236816, -0.6354628801345825, 0.0, 1251.2783203125], [0.0, 0.0, 1.0, 0.0], [0.0, 0.0, 0.0, 1.0]], "pose_inverse": [[-0.6354628801345825, -0.7721314430236816, 0.0, 1470.3428955078125], [0.7721314430236816, -0.6354628801345825, 0.0, 182.51324462890625], [0.0, 0.0, 1.0, 0.0], [0.0, 0.0, 0.0, 1.0]], "cam_ids": [0, 1, 2, 3, 4, 5], "cam_channels": ["CAM_FRONT_LEFT", "CAM_FRONT", "CAM_FRONT_RIGHT", "CAM_BACK_LEFT", "CAM_BACK", "CAM_BACK_RIGHT"], "token": "055a989050974ba7b20ef264acfab0d7", "scene": "scene-0010"}, {"images": ["samples/CAM_FRONT_LEFT/n015-2018-07-18-11-18-34+0800__CAM_FRONT_LEFT__1531884395504844.jpg", "samples/CAM_FRONT/n015-2018-07-18-11-18-34+0800__CAM_FRONT__1531884395512467.jpg", "samples/CAM_FRONT_RIGHT/n015-2018-07-18-11-18-34+0800__CAM_FRONT_RIGHT__1531884395520339.jpg", "samples/CAM_BACK_LEFT/n015-2018-07-18-11-18-34+0800__CAM_BACK_LEFT__1531884395547423.jpg", "samples/CAM_BACK/n015-2018-07-18-11-18-34+0800__CAM_BACK__1531884395537525.jpg", "samples/CAM_BACK_RIGHT/n015-2018-07-18-11-18-34+0800__CAM_BACK_RIGHT__1531884395527893.jpg"], "intrinsics": [[[1272.5979470598488, 0.0, 826.6154927353808], [0.0, 1272.5979470598488, 479.75165386361925], [0.0, 0.0, 1.0]], [[1266.417203046554, 0.0, 816.2670197447984], [0.0, 1266.417203046554, 491.50706579294757], [0.0, 0.0, 1.0]], [[1260.8474446004698, 0.0, 807.968244525554], [0.0, 1260.8474446004698, 495.3344268742088], [0.0, 0.0, 1.0]], [[1256.7414812095406, 0.0, 792.1125740759628], [0.0, 1256.7414812095406, 492.7757465151356], [0.0, 0.0, 1.0]], [[809.2209905677063, 0.0, 829.2196003259838], [0.0, 809.2209905677063, 481.77842384512485], [0.0, 0.0, 1.0]], [[1259.5137405846733, 0.0, 807.2529053838625], [0.0, 1259.5137405846733, 501.19579884916527], [0.0, 0.0, 1.0]]], "extrinsics": [[[0.8208765387535095, -0.5706253051757812, 0.02342316135764122, -0.6376953125], [0.000991401611827314, -0.03958985209465027, -0.9992155432701111, 1.5087013244628906], [0.571104884147644, 0.8202557563781738, -0.031932659447193146, -1.0543212890625], [0.0, 0.0, 0.0, 1.0]], [[0.005902720615267754, -0.9990299940109253, 0.043637294322252274, 0.00811767578125], [-0.004253061953932047, -0.043662745505571365, -0.9990373253822327, 1.5191822052001953], [0.999973475933075, 0.0057114772498607635, -0.00450666481629014, -1.362548828125], [0.0, 0.0, 0.0, 1.0]], [[-0.8327800631523132, -0.5534400343894958, 0.013473782688379288, 0.8167724609375], [0.0014212747337296605, -0.02647559717297554, -0.9996484518051147, 1.5040321350097656], [0.5536021590232849, -0.8324681520462036, 0.022834941744804382, -1.10455322265625], [0.0, 0.0, 0.0, 1.0]], [[0.9476478695869446, 0.31920379400253296, -0.008512556552886963, -1.1282958984375], [0.010210738517343998, -0.05693694204092026, -0.9983255863189697, 1.5887041091918945], [-0.3191539943218231, 0.9459742307662964, -0.05721548572182655, -0.10833740234375], [0.0, 0.0, 0.0, 1.0]], [[0.0021268101409077644, 0.9988963007926941, -0.0469234324991703, 0.00274658203125], [-0.015251744538545609, -0.04688568040728569, -0.9987838864326477, 1.5777740478515625], [-0.9998813271522522, 0.002839891705662012, 0.015135196968913078, -0.1026611328125], [0.0, 0.0, 0.0, 1.0]], [[-0.9348546862602234, 0.35397300124168396, -0.02738501876592636, 0.9569091796875], [0.017346739768981934, -0.03150136023759842, -0.9993531703948975, 1.554788589477539], [-0.35460662841796875, -0.9347249865531921, 0.02330891229212284, -0.1312255859375], [0.0, 0.0, 0.0, 1.0]]], "view": [[0.0, -2.0, 100.0], [-2.0, 0.0, 100.0], [0.0, 0.0, 1.0]], "bev": "bev_c990d768d95040f2afa5393f92eb5cf4.png", "aux": "aux_c990d768d95040f2afa5393f92eb5cf4.npz", "visibility": "visibility_c990d768d95040f2afa5393f92eb5cf4.png", "pose": [[-0.6319577693939209, 0.7750028371810913, 0.0, 790.66796875], [-0.7750028371810913, -0.6319577693939209, 0.0, 1247.9383544921875], [0.0, 0.0, 1.0, 0.0], [0.0, 0.0, 0.0, 1.0]], "pose_inverse": [[-0.6319577693939209, -0.7750028371810913, 0.0, 1466.824462890625], [0.7750028371810913, -0.6319577693939209, 0.0, 175.87437438964844], [0.0, 0.0, 1.0, 0.0], [0.0, 0.0, 0.0, 1.0]], "cam_ids": [0, 1, 2, 3, 4, 5], "cam_channels": ["CAM_FRONT_LEFT", "CAM_FRONT", "CAM_FRONT_RIGHT", "CAM_BACK_LEFT", "CAM_BACK", "CAM_BACK_RIGHT"], "token": "c990d768d95040f2afa5393f92eb5cf4", "scene": "scene-0010"}, {"images": ["samples/CAM_FRONT_LEFT/n015-2018-07-18-11-18-34+0800__CAM_FRONT_LEFT__1531884396004844.jpg", "samples/CAM_FRONT/n015-2018-07-18-11-18-34+0800__CAM_FRONT__1531884396012464.jpg", "samples/CAM_FRONT_RIGHT/n015-2018-07-18-11-18-34+0800__CAM_FRONT_RIGHT__1531884396020339.jpg", "samples/CAM_BACK_LEFT/n015-2018-07-18-11-18-34+0800__CAM_BACK_LEFT__1531884396047423.jpg", "samples/CAM_BACK/n015-2018-07-18-11-18-34+0800__CAM_BACK__1531884396037525.jpg", "samples/CAM_BACK_RIGHT/n015-2018-07-18-11-18-34+0800__CAM_BACK_RIGHT__1531884396027893.jpg"], "intrinsics": [[[1272.5979470598488, 0.0, 826.6154927353808], [0.0, 1272.5979470598488, 479.75165386361925], [0.0, 0.0, 1.0]], [[1266.417203046554, 0.0, 816.2670197447984], [0.0, 1266.417203046554, 491.50706579294757], [0.0, 0.0, 1.0]], [[1260.8474446004698, 0.0, 807.968244525554], [0.0, 1260.8474446004698, 495.3344268742088], [0.0, 0.0, 1.0]], [[1256.7414812095406, 0.0, 792.1125740759628], [0.0, 1256.7414812095406, 492.7757465151356], [0.0, 0.0, 1.0]], [[809.2209905677063, 0.0, 829.2196003259838], [0.0, 809.2209905677063, 481.77842384512485], [0.0, 0.0, 1.0]], [[1259.5137405846733, 0.0, 807.2529053838625], [0.0, 1259.5137405846733, 501.19579884916527], [0.0, 0.0, 1.0]]], "extrinsics": [[[0.821604311466217, -0.5694067478179932, 0.02724677324295044, -0.6287841796875], [0.0032996905501931906, -0.04304537922143936, -0.9990676641464233, 1.5097278356552124], [0.5700487494468689, 0.8209282159805298, -0.03348739817738533, -1.05084228515625], [0.0, 0.0, 0.0, 1.0]], [[0.0068178013898432255, -0.9988688230514526, 0.0470610149204731, 0.00970458984375], [-0.001949006924405694, -0.0470752976834774, -0.9988894462585449, 1.519984245300293], [0.9999748468399048, 0.006718536838889122, -0.0022677506785839796, -1.35400390625], [0.0, 0.0, 0.0, 1.0]], [[-0.8324416279792786, -0.5539495348930359, 0.013447790406644344, 0.810546875], [0.0037065481301397085, -0.02983519807457924, -0.9995479583740234, 1.5046807527542114], [0.5541003942489624, -0.8320155739784241, 0.02688930183649063, -1.0992431640625], [0.0, 0.0, 0.0, 1.0]], [[0.9476106762886047, 0.31934642791748047, -0.007202859036624432, -1.1236572265625], [0.012578614056110382, -0.059837862849235535, -0.9981288313865662, 1.5888090133666992], [-0.3191799223423004, 0.9457469582557678, -0.06071993336081505, -0.110076904296875], [0.0, 0.0, 0.0, 1.0]], [[0.0020463704131543636, 0.9987448453903198, -0.050047431141138