[{"images": ["samples/CAM_FRONT_LEFT/n015-2018-07-24-10-42-41+0800__CAM_FRONT_LEFT__1532400226654844.jpg", "samples/CAM_FRONT/n015-2018-07-24-10-42-41+0800__CAM_FRONT__1532400226662460.jpg", "samples/CAM_FRONT_RIGHT/n015-2018-07-24-10-42-41+0800__CAM_FRONT_RIGHT__1532400226670339.jpg", "samples/CAM_BACK_LEFT/n015-2018-07-24-10-42-41+0800__CAM_BACK_LEFT__1532400226697423.jpg", "samples/CAM_BACK/n015-2018-07-24-10-42-41+0800__CAM_BACK__1532400226687525.jpg", "samples/CAM_BACK_RIGHT/n015-2018-07-24-10-42-41+0800__CAM_BACK_RIGHT__1532400226677893.jpg"], "intrinsics": [[[1272.5979470598488, 0.0, 826.6154927353808], [0.0, 1272.5979470598488, 479.75165386361925], [0.0, 0.0, 1.0]], [[1266.417203046554, 0.0, 816.2670197447984], [0.0, 1266.417203046554, 491.50706579294757], [0.0, 0.0, 1.0]], [[1260.8474446004698, 0.0, 807.968244525554], [0.0, 1260.8474446004698, 495.3344268742088], [0.0, 0.0, 1.0]], [[1256.7414812095406, 0.0, 792.1125740759628], [0.0, 1256.7414812095406, 492.7757465151356], [0.0, 0.0, 1.0]], [[809.2209905677063, 0.0, 829.2196003259838], [0.0, 809.2209905677063, 481.77842384512485], [0.0, 0.0, 1.0]], [[1259.5137405846733, 0.0, 807.2529053838625], [0.0, 1259.5137405846733, 501.19579884916527], [0.0, 0.0, 1.0]]], "extrinsics": [[[0.820712149143219, -0.571341872215271, 0.00013082030636724085, -0.63818359375], [-0.008816543035209179, -0.012893591076135635, -0.9998779892921448, 1.5047740936279297], [0.571273922920227, 0.8206108808517456, -0.015619185753166676, -1.05499267578125], [0.0, 0.0, 0.0, 1.0]], [[0.005652298219501972, -0.9998405575752258, 0.01693599857389927, 0.008544921875], [-0.014553970657289028, -0.01701672561466694, -0.9997493028640747, 1.5158119201660156], [0.9998780488967896, 0.005404369905591011, -0.014647833071649075, -1.3660888671875], [0.0, 0.0, 0.0, 1.0]], [[-0.8330204486846924, -0.5531879663467407, 0.00773733202368021, 0.822021484375], [-0.00936932023614645, 0.00012264118413440883, -0.9999560713768005, 1.5012714862823486], [0.5531627535820007, -0.8330564498901367, -0.005285156425088644, -1.107421875], [0.0, 0.0, 0.0, 1.0]], [[0.9477400183677673, 0.3188040852546692, -0.012361830100417137, -1.141693115234375], [-0.0028046010993421078, -0.030420023947954178, -0.9995332360267639, 1.5885505676269531], [-0.319031298160553, 0.9473323822021484, -0.02793615497648716, -0.1038818359375], [0.0, 0.0, 0.0, 1.0]], [[0.002438172698020935, 0.9997878670692444, -0.020454637706279755, 0.002685546875], [-0.027397900819778442, -0.020380230620503426, -0.9994168281555176, 1.5768146514892578], [-0.9996216297149658, 0.0029972167685627937, 0.02734239771962166, -0.09133148193359375], [0.0, 0.0, 0.0, 1.0]], [[-0.9347971081733704, 0.3551057279109955, -0.0073805139400064945, 0.964263916015625], [0.006004717666655779, -0.004976258613169193, -0.9999696016311646, 1.5525579452514648], [-0.3551316261291504, -0.9348129034042358, 0.0025194832123816013, -0.127685546875], [0.0, 0.0, 0.0, 1.0]]], "view": [[0.0, -2.0, 100.0], [-2.0, 0.0, 100.0], [0.0, 0.0, 1.0]], "bev": "bev_e1b5c775be134db696ce22413d195c72.png", "aux": "aux_e1b5c775be134db696ce22413d195c72.npz", "visibility": "visibility_e1b5c775be134db696ce22413d195c72.png", "pose": [[0.9213921427726746, 0.38863417506217957, 0.0, 413.72894287109375], [-0.38863417506217957, 0.9213921427726746, 0.0, 1107.7034912109375], [0.0, 0.0, 1.0, 0.0], [0.0, 0.0, 0.0, 1.0]], "pose_inverse": [[0.9213921427726746, -0.38863417506217957, 0.0, 49.28483581542969], [0.38863417506217957, 0.9213921427726746, 0.0, -1181.41845703125], [0.0, 0.0, 1.0, 0.0], [0.0, 0.0, 0.0, 1.0]], "cam_ids": [0, 1, 2, 3, 4, 5], "cam_channels": ["CAM_FRONT_LEFT", "CAM_FRONT", "CAM_FRONT_RIGHT", "CAM_BACK_LEFT", "CAM_BACK", "CAM_BACK_RIGHT"], "token": "e1b5c775be134db696ce22413d195c72", "scene": "scene-0036"}, {"images": ["samples/CAM_FRONT_LEFT/n015-2018-07-24-10-42-41+0800__CAM_FRONT_LEFT__1532400227154844.jpg", "samples/CAM_FRONT/n015-2018-07-24-10-42-41+0800__CAM_FRONT__1532400227162460.jpg", "samples/CAM_FRONT_RIGHT/n015-2018-07-24-10-42-41+0800__CAM_FRONT_RIGHT__1532400227170339.jpg", "samples/CAM_BACK_LEFT/n015-2018-07-24-10-42-41+0800__CAM_BACK_LEFT__1532400227197423.jpg", "samples/CAM_BACK/n015-2018-07-24-10-42-41+0800__CAM_BACK__1532400227187525.jpg", "samples/CAM_BACK_RIGHT/n015-2018-07-24-10-42-41+0800__CAM_BACK_RIGHT__1532400227177893.jpg"], "intrinsics": [[[1272.5979470598488, 0.0, 826.6154927353808], [0.0, 1272.5979470598488, 479.75165386361925], [0.0, 0.0, 1.0]], [[1266.417203046554, 0.0, 816.2670197447984], [0.0, 1266.417203046554, 491.50706579294757], [0.0, 0.0, 1.0]], [[1260.8474446004698, 0.0, 807.968244525554], [0.0, 1260.8474446004698, 495.3344268742088], [0.0, 0.0, 1.0]], [[1256.7414812095406, 0.0, 792.1125740759628], [0.0, 1256.7414812095406, 492.7757465151356], [0.0, 0.0, 1.0]], [[809.2209905677063, 0.0, 829.2196003259838], [0.0, 809.2209905677063, 481.77842384512485], [0.0, 0.0, 1.0]], [[1259.5137405846733, 0.0, 807.2529053838625], [0.0, 1259.5137405846733, 501.19579884916527], [0.0, 0.0, 1.0]]], "extrinsics": [[[0.8212400078773499, -0.570573091506958, -0.003341639880090952, -0.6324462890625], [-0.015948381274938583, -0.017099864780902863, -0.9997265934944153, 1.5018367767333984], [0.570360004901886, 0.8210688233375549, -0.02314281091094017, -1.0511474609375], [0.0, 0.0, 0.0, 1.0]], [[0.0066922493278980255, -0.9997581243515015, 0.020947862416505814, 0.0087890625], [-0.020917879417538643, -0.021083710715174675, -0.9995588660240173, 1.5136299133300781], [0.999758780002594, 0.006251068320125341, -0.021053917706012726, -1.3608627319335938], [0.0, 0.0, 0.0, 1.0]], [[-0.8324758410453796, -0.5538690686225891, 0.01459669228643179, 0.81915283203125], [-0.015017165802419186, -0.0037797968834638596, -0.9998800158500671, 1.4997897148132324], [0.5538578033447266, -0.8325952291488647, -0.005170952528715134, -1.10540771484375], [0.0, 0.0, 0.0, 1.0]], [[0.9477177262306213, 0.3187219202518463, -0.01573013886809349, -1.142669677734375], [-0.00536140613257885, -0.03338347747921944, -0.9994282126426697, 1.5885581970214844], [-0.31906479597091675, 0.9472602009773254, -0.02992931380867958, -0.103515625], [0.0, 0.0, 0.0, 1.0]], [[0.0019392403773963451, 0.999716579914093, -0.023728491738438606, 0.00244140625], [-0.031096693128347397, -0.023656774312257767, -0.9992364048957825, 1.5764579772949219], [-0.9995145201683044, 0.002675640629604459, 0.031042004004120827, -0.09171676635742188], [0.0, 0.0, 0.0, 1.0]], [[-0.9351164102554321, 0.3543165624141693, -0.004129582550376654, 0.9625244140625], [0.0011552823707461357, -0.00860559567809105, -0.999962329864502, 1.551671028137207], [-0.35433876514434814, -0.9350859522819519, 0.007637896575033665, -0.128173828125], [0.0, 0.0, 0.0, 1.0]]], "view": [[0.0, -2.0, 100.0], [-2.0, 0.0, 100.0], [0.0, 0.0, 1.0]], "bev": "bev_ef9b3594550a4e8a9e6442aa7b5c6be1.png", "aux": "aux_ef9b3594550a4e8a9e6442aa7b5c6be1.npz", "visibility": "visibility_ef9b3594550a4e8a9e6442aa7b5c6be1.png", "pose": [[0.9218273758888245, 0.38760069012641907, 0.0, 418.046142578125], [-0.38760069012641907, 0.9218273758888245, 0.0, 1105.867919921875], [0.0, 0.0, 1.0, 0.0], [0.0, 0.0, 0.0, 1.0]], "pose_inverse": [[0.9218273758888245, -0.38760069012641907, 0.0, 43.26879119873047], [0.38760069012641907, 0.9218273758888245, 0.0, -1181.454345703125], [0.0, 0.0, 1.0, 0.0], [0.0, 0.0, 0.0, 1.0]], "cam_ids": [0, 1, 2, 3, 4, 5], "cam_channels": ["CAM_FRONT_LEFT", "CAM_FRONT", "CAM_FRONT_RIGHT", "CAM_BACK_LEFT", "CAM_BACK", "CAM_BACK_RIGHT"], "token": "ef9b3594550a4e8a9e6442aa7b5c6be1", "scene": "scene-0036"}, {"images": ["samples/CAM_FRONT_LEFT/n015-2018-07-24-10-42-41+0800__CAM_FRONT_LEFT__1532400227654844.jpg", "samples/CAM_FRONT/n015-2018-07-24-10-42-41+0800__CAM_FRONT__1532400227662460.jpg", "samples/CAM_FRONT_RIGHT/n015-2018-07-24-10-42-41+0800__CAM_FRONT_RIGHT__1532400227670339.jpg", "samples/CAM_BACK_LEFT/n015-2018-07-24-10-42-41+0800__CAM_BACK_LEFT__1532400227697423.jpg", "samples/CAM_BACK/n015-2018-07-24-10-42-41+0800__CAM_BACK__1532400227687525.jpg", "samples/CAM_BACK_RIGHT/n015-2018-07-24-10-42-41+0800__CAM_BACK_RIGHT__1532400227677893.jpg"], "intrinsics": [[[1272.5979470598488, 0.0, 826.6154927353808], [0.0, 1272.5979470598488, 479.75165386361925], [0.0, 0.0, 1.0]], [[1266.417203046554, 0.0, 816.2670197447984], [0.0, 1266.417203046554, 491.50706579294757], [0.0, 0.0, 1.0]], [[1260.8474446004698, 0.0, 807.968244525554], [0.0, 1260.8474446004698, 495.3344268742088], [0.0, 0.0, 1.0]], [[1256.7414812095406, 0.0, 792.1125740759628], [0.0, 1256.7414812095406, 492.7757465151356], [0.0, 0.0, 1.0]], [[809.2209905677063, 0.0, 829.2196003259838], [0.0, 809.2209905677063, 481.77842384512485], [0.0, 0.0, 1.0]], [[1259.5137405846733, 0.0, 807.2529053838625], [0.0, 1259.5137405846733, 501.19579884916527], [0.0, 0.0, 1.0]]], "extrinsics": [[[0.8216179609298706, -0.5700377225875854, 0.0010252156062051654, -0.6282958984375], [-0.001657268381677568, -0.004187172744423151, -0.9999898076057434, 1.5075969696044922], [0.5700362324714661, 0.8216079473495483, -0.004384961444884539, -1.0528564453125], [0.0, 0.0, 0.0, 1.0]], [[0.006913668010383844, -0.9999445080757141, 0.007945869117975235, 0.01171875], [-0.00682070991024375, -0.007993030361831188, -0.999944806098938, 1.518289566040039], [0.9999529123306274, 0.006859094835817814, -0.006875591818243265, -1.3581962585449219], [0.0, 0.0, 0.0, 1.0]], [[-0.8324107527732849, -0.5541413426399231, -0.004428349435329437, 0.81817626953125], [-0.0010570208542048931, 0.009578819386661053, -0.9999535083770752, 1.5033388137817383], [0.554158091545105, -0.8323674201965332, -0.008559249341487885, -1.10205078125], [0.0, 0.0, 0.0, 1.0]], [[0.9476666450500488, 0.3192567825317383, 0.0017571242060512304, -1.142242431640625], [0.008317634463310242, -0.0191870778799057, -0.9997813105583191, 1.5885791778564453], [-0.31915321946144104, 0.9474740028381348, -0.020838415250182152, -0.1048583984375], [0.0, 0.0, 0.0, 1.0]], [[0.0019286010647192597, 0.9999509453773499, -0.009721508249640465, 0.0010986328125], [-0.01738656871020794, -0.009686526842415333, -0.9998019337654114, 1.5777158737182617], [-0.9998469948768616, 0.0020971966441720724, 0.017367033287882805, -0.09361648559570312], [0.0, 0.0, 0.0, 1.0]], [[-0.9350288510322571, 0.35436001420021057, -0.012248647399246693, 0.959381103515625], [0.015019141137599945, 0.005068914033472538, -0.9998744130134583, 1.5542612075805664], [-0.3542534112930298, -0.9350954294204712, -0.01006176508963108, -0.1278076171875], [0.0, 0.0, 0.0, 1.0]]], "view": [[0.0, -2.0, 100.0], [-2.0, 0.0, 100.0], [0.0, 0.0, 1.0]], "bev": "bev_723739bbe19f49cfb531585eecea1dc5.png", "aux": "aux_723739bbe19f49cfb531585eecea1dc5.npz", "visibility": "visibility_723739bbe19f49cfb531585eecea1dc5.png", "pose": [[0.9202811121940613, 0.3912578821182251, 0.0, 422.4522705078125], [-0.3912578821182251, 0.9202811121940613, 0.0, 1103.9786376953125], [0.0, 0.0, 1.0, 0.0], [0.0, 0.0, 0.0, 1.0]], "pose_inverse": [[0.9202811121940613, -0.3912578821182251, 0.0, 43.16549301147461], [0.3912578821182251, 0.9202811121940613, 0.0, -1181.2584228515625], [0.0, 0.0, 1.0, 0.0], [0.0, 0.0, 0.0, 1.0]], "cam_ids": [0, 1, 2, 3, 4, 5], "cam_channels": ["CAM_FRONT_LEFT", "CAM_FRONT", "CAM_FRONT_RIGHT", "CAM_BACK_LEFT", "CAM_BACK", "CAM_BACK_RIGHT"], "token": "723739bbe19f49cfb531585eecea1dc5", "scene": "scene-0036"}, {"images": ["samples/CAM_FRONT_LEFT/n015-2018-07-24-10-42-41+0800__CAM_FRONT_LEFT__1532400228154844.jpg", "samples/CAM_FRONT/n015-2018-07-24-10-42-41+0800__CAM_FRONT__1532400228162460.jpg", "samples/CAM_FRONT_RIGHT/n015-2018-07-24-10-42-41+0800__CAM_FRONT_RIGHT__1532400228170339.jpg", "samples/CAM_BACK_LEFT/n015-2018-07-24-10-42-41+0800__CAM_BACK_LEFT__1532400228197423.jpg", "samples/CAM_BACK/n015-2018-07-24-10-42-41+0800__CAM_BACK__1532400228187525.jpg", "samples/CAM_BACK_RIGHT/n015-2018-07-24-10-42-41+0800__CAM_BACK_RIGHT__1532400228177893.jpg"], "intrinsics": [[[1272.5979470598488, 0.0, 826.6154927353808], [0.0, 1272.5979470598488, 479.75165386361925], [0.0, 0.0, 1.0]], [[1266.417203046554, 0.0, 816.2670197447984], [0.0, 1266.417203046554, 491.50706579294757], [0.0, 0.0, 1.0]], [[1260.8474446004698, 0.0, 807.968244525554], [0.0, 1260.8474446004698, 495.3344268742088], [0.0, 0.0, 1.0]], [[1256.7414812095406, 0.0, 792.1125740759628], [0.0, 1256.7414812095406, 492.7757465151356], [0.0, 0.0, 1.0]], [[809.2209905677063, 0.0, 829.2196003259838], [0.0, 809.2209905677063, 481.77842384512485], [0.0, 0.0, 1.0]], [[1259.5137405846733, 0.0, 807.2529053838625], [0.0, 1259.5137405846733, 501.19579884916527], [0.0, 0.0, 1.0]]], "extrinsics": [[[0.8208011388778687, -0.5710532665252686, -0.01355185266584158, -0.61785888671875], [-0.01661732979118824, -0.00015680001524742693, -0.9998618960380554, 1.5012599229812622], [0.5709723830223083, 0.8209128975868225, -0.009618083946406841, -1.04278564453125], [0.0, 0.0, 0.0, 1.0]], [[0.005843938793987036, -0.9999748468399048, 0.004004634451121092, 0.009521484375], [-0.02161443792283535, -0.0041300831362605095, -0.9997578859329224, 1.5130634307861328], [0.9997493028640747, 0.005755995865911245, -0.02163803018629551, -1.3463211059570312], [0.0, 0.0, 0.0, 1.0]], [[-0.8329907655715942, -0.5532569289207458, 0.005766617599874735, 0.8092041015625], [-0.015666093677282333, 0.013166215270757675, -0.9997905492782593, 1.499405860900879], [0.5530651807785034, -0.8329066038131714, -0.019634706899523735, -1.09844970703125], [0.0, 0.0, 0.0, 1.0]], [[0.9477084875106812, 0.31895068287849426, -0.010917005129158497, -1.135101318359375], [-0.005765036679804325, -0.017092468217015266, -0.9998372793197632, 1.5885143280029297], [-0.31908535957336426, 0.9476171731948853, -0.0143599146977067, -0.106201171875], [0.0, 0.0, 0.0, 1.0]], [[0.002470577135682106, 0.9999715685844421, -0.007135619875043631, 0.00244140625], [-0.03160962089896202, -0.007053984794765711, -0.9994754195213318, 1.576117992401123], [-0.9994972944259644, 0.002694797934964299, 0.03159128874540329, -0.10070037841796875], [0.0, 0.0, 0.0, 1.0]], [[-0.9347544312477112, 0.35528644919395447, 0.0024048571940511465, 0.95330810546875], [0.0005471936892718077, 0.00820820964872837, -0.9999661445617676, 1.5515480041503906], [-0.3552941381931305, -0.9347214698791504, -0.007867070846259594, -0.1319580078125], [0.0, 0.0, 0.0, 1.0]]], "view": [[0.0, -2.0, 100.0], [-2.0, 0.0, 100.0], [0.0, 0.0, 1.0]], "bev": "bev_a85e915244be4644ba830af4cf4aaf45.png", "aux": "aux_a85e915244be4644ba830af4cf4aaf45.npz", "visibility": "visibility_a85e915244be4644ba830af4cf4aaf45.png", "pose": [[0.9204482436180115, 0.3908644914627075, 0.0, 426.8755187988281], [-0.3908644914627075, 0.9204482436180115, 0.0, 1102.071044921875], [0.0, 0.0, 1.0, 0.0], [0.0, 0.0, 0.0, 1.0]], "pose_inverse": [[0.9204482436180115, -0.3908644914627075, 0.0, 37.84361267089844], [0.3908644914627075, 0.9204482436180115, 0.0, -1181.2498779296875], [0.0, 0.0, 1.0, 0.0], [0.0, 0.0, 0.0, 1.0]], "cam_ids": [0, 1, 2, 3, 4, 5], "cam_channels": ["CAM_FRONT_LEFT", "CAM_FRONT", "CAM_FRONT_RIGHT", "CAM_BACK_LEFT", "CAM_BACK", "CAM_BACK_RIGHT"], "token": "a85e915244be4644ba830af4cf4aaf45", "scene": "scene-0036"}, {"images": ["samples/CAM_FRONT_LEFT/n015-2018-07-24-10-42-41+0800__CAM_FRONT_LEFT__1532400228654844.jpg", "samples/CAM_FRONT/n015-2018-07-24-10-42-41+0800__CAM_FRONT__1532400228662460.jpg", "samples/CAM_FRONT_RIGHT/n015-2018-07-24-10-42-41+0800__CAM_FRONT_RIGHT__1532400228670339.jpg", "samples/CAM_BACK_LEFT/n015-2018-07-24-10-42-41+0800__CAM_BACK_LEFT__1532400228697423.jpg", "samples/CAM_BACK/n015-2018-07-24-10-42-41+0800__CAM_BACK__1532400228687525.jpg", "samples/CAM_BACK_RIGHT/n015-2018-07-24-10-42-41+0800__CAM_BACK_RIGHT__1532400228677893.jpg"], "intrinsics": [[[1272.5979470598488, 0.0, 826.6154927353808], [0.0, 1272.5979470598488, 479.75165386361925], [0.0, 0.0, 1.0]], [[1266.417203046554, 0.0, 816.2670197447984], [0.0, 1266.417203046554, 491.50706579294757], [0.0, 0.0, 1.0]], [[1260.8474446004698, 0.0, 807.968244525554], [0.0, 1260.8474446004698, 495.3344268742088], [0.0, 0.0, 1.0]], [[1256.7414812095406, 0.0, 792.1125740759628], [0.0, 1256.7414812095406, 492.7757465151356], [0.0, 0.0, 1.0]], [[809.2209905677063, 0.0, 829.2196003259838], [0.0, 809.2209905677063, 481.77842384512485], [0.0, 0.0, 1.0]], [[1259.5137405846733, 0.0, 807.2529053838625], [0.0, 1259.5137405846733, 501.19579884916527], [0.0, 0.0, 1.0]]], "extrinsics": [[[0.8209013342857361, -0.5708742737770081, -0.014955136924982071, -0.61859130859375], [-0.026059582829475403, -0.011286621913313866, -0.9995966553688049, 1.4973526000976562], [0.570475161075592, 0.8209599852561951, -0.02414194494485855, -1.04364013671875], [0.0, 0.0, 0.0, 1.0]], [[0.006478131748735905, -0.999859094619751, 0.015485914424061775, 0.0101318359375], [-0.031316034495830536, -0.015681495890021324, -0.9993864893913269, 1.5097332000732422], [0.9994884729385376, 0.005989213474094868, -0.031413204967975616, -1.3461837768554688], [0.0, 0.0, 0.0, 1.0]], [[-0.8324903845787048, -0.5536536574363708, 0.020675668492913246, 0.80841064453125], [-0.025609232485294342, 0.0011750422418117523, -0.9996713399887085, 1.4967141151428223], [0.553447425365448, -0.8327462077140808, -0.015156854875385761, -1.096923828125], [0.0, 0.0, 0.0, 1.0]], [[0.9475138187408447, 0.31873247027397156, -0.02504115365445614, -1.136077880859375], [-0.016237713396549225, -0.03024773858487606, -0.9994105100631714, 1.5884475708007812], [-0.3193019926548004, 0.947361946105957, -0.023484665900468826, -0.1058349609375], [0.0, 0.0, 0.0, 1.0]], [[0.0019029981922358274, 0.9997975826263428, -0.02002944052219391, 0.0018310546875], [-0.04192961007356644, -0.019932091236114502, -0.9989217519760132, 1.5750389099121094], [-0.9991186857223511, 0.0027407079469412565, 0.0418831892311573, -0.1015625], [0.0, 0.0, 0.0, 1.0]], [[-0.9349841475486755, 0.3546115458011627, 0.007443944923579693, 0.950592041015625], [-0.009545674547553062, -0.0041778478771448135, -0.9999457001686096, 1.5495681762695312], [-0.3545612692832947, -0.9350044131278992, 0.007291226182132959, -0.1319580078125], [0.0, 0.0, 0.0, 1.0]]], "view": [[0.0, -2.0, 100.0], [-2.0, 0.0, 100.0], [0.0, 0.0, 1.0]], "bev": "bev_856ccc626a4a4c0aaac1e62335050ac0.png", "aux": "aux_856ccc626a4a4c0aaac1e62335050ac0.npz", "visibility": "visibility_856ccc626a4a4c0aaac1e62335050ac0.png", "pose": [[0.9201841950416565, 0.39148572087287903, 0.0, 431.3071594238281], [-0.39148572087287903, 0.9201841950416565, 0.0, 1100.1590576171875], [0.0, 0.0, 1.0, 0.0], [0.0, 0.0, 0.0, 1.0]], "pose_inverse": [[0.9201841950416565, -0.39148572087287903, 0.0, 33.81452560424805], [0.39148572087287903, 0.9201841950416565, 0.0, -1181.1995849609375], [0.0, 0.0, 1.0, 0.0], [0.0, 0.0, 0.0, 1.0]], "cam_ids": [0, 1, 2, 3, 4, 5], "cam_channels": ["CAM_FRONT_LEFT", "CAM_FRONT", "CAM_FRONT_RIGHT", "CAM_BACK_LEFT", "CAM_BACK", "CAM_BACK_RIGHT"], "token": "856ccc626a4a4c0aaac1e62335050ac0", "scene": "scene-0036"}, {"images": ["samples/CAM_FRONT_LEFT/n015-2018-07-24-10-42-41+0800__CAM_FRONT_LEFT__1532400229154844.jpg", "samples/CAM_FRONT/n015-2018-07-24-10-42-41+0800__CAM_FRONT__1532400229162460.jpg", "samples/CAM_FRONT_RIGHT/n015-2018-07-24-10-42-41+0800__CAM_FRONT_RIGHT__1532400229170339.jpg", "samples/CAM_BACK_LEFT/n015-2018-07-24-10-42-41+0800__CAM_BACK_LEFT__1532400229197423.jpg", "samples/CAM_BACK/n015-2018-07-24-10-42-41+0800__CAM_BACK__1532400229187525.jpg", "samples/CAM_BACK_RIGHT/n015-2018-07-24-10-42-41+0800__CAM_BACK_RIGHT__1532400229177893.jpg"], "intrinsics": [[[1272.5979470598488, 0.0, 826.6154927353808], [0.0, 1272.5979470598488, 479.75165386361925], [0.0, 0.0, 1.0]], [[1266.417203046554, 0.0, 816.2670197447984], [0.0, 1266.417203046554, 491.50706579294757], [0.0, 0.0, 1.0]], [[1260.8474446004698, 0.0, 807.968244525554], [0.0, 1260.8474446004698, 495.3344268742088], [0.0, 0.0, 1.0]], [[1256.7414812095406, 0.0, 792.1125740759628], [0.0, 1256.7414812095406, 492.7757465151356], [0.0, 0.0, 1.0]], [[809.2209905677063, 0.0, 829.2196003259838], [0.0, 809.2209905677063, 481.77842384512485], [0.0, 0.0, 1.0]], [[1259.5137405846733, 0.0, 807.2529053838625], [0.0, 1259.5137405846733, 501.19579884916527], [0.0, 0.0, 1.0]]], "extrinsics": [[[0.8203808665275574, -0.5717738270759583, -0.007064050529152155, -0.60614013671875], [-0.019031314179301262, -0.014955120161175728, -0.999707043170929, 1.499969482421875], [0.5715006589889526, 0.8202750086784363, -0.023150501772761345, -1.0321044921875], [0.0, 0.0, 0.0, 1.0]], [[0.005321113858371973, -0.9998152852058411, 0.018466802313923836, 0.008056640625], [-0.02456071227788925, -0.018592162057757378, -0.9995254874229431, 1.5117340087890625], [0.9996840953826904, 0.004865014459937811, -0.02465510554611683, -1.333292007446289], [0.0, 0.0, 0.0, 1.0]], [[-0.8331806063652039, -0.5527538657188416, 0.016529763117432594, 0.7999267578125], [-0.019162874668836594, -0.001014163950458169, -0.999815821647644, 1.4982900619506836], [0.5526688098907471, -0.8333439230918884, -0.009747369214892387, -1.09344482421875], [0.0, 0.0, 0.0, 1.0]], [[0.9476315379142761, 0.31872671842575073, -0.02019071951508522, -1.1370849609375], [-0.011068458668887615, -0.03040638193488121, -0.9994763135910034, 1.5885009765625], [-0.31917375326156616, 0.9473587870597839, -0.02528623677790165, -0.10546875], [0.0, 0.0, 0.0, 1.0]], [[0.002551116980612278, 0.999781608581543, -0.020740356296300888, 0.0028076171875], [-0.03629874065518379, -0.02063416875898838, -0.9991279244422913, 1.5755290985107422], [-0.9993376731872559, 0.0033017797395586967, 0.0362381748855114, -0.10359954833984375], [0.0, 0.0, 0.0, 1.0]], [[-0.9346482157707214, 0.35557156801223755, 0.001211495022289455, 0.9461669921875], [-0.0034688138402998447, -0.005710952915251255, -0.999977707862854, 1.550750732421875], [-0.3555567264556885, -0.9346317052841187, 0.006571144796907902, -0.1353759765625], [0.0, 0.0, 0.0, 1.0]]], "view": [[0.0, -2.0, 100.0], [-2.0, 0.0, 100.0], [0.0, 0.0, 1.0]], "bev": "bev_e63b580425fc45b5a585a45523bac035.png", "aux": "aux_e63b580425fc45b5a585a45523bac035.npz", "visibility": "visibility_e63b580425fc45b5a585a45523bac035.png", "pose": [[0.9199123382568359, 0.3921240270137787, 0.0, 435.8399658203125], [-0.3921240270137787, 0.9199123382568359, 0.0, 1098.190673828125], [0.0, 0.0, 1.0, 0.0], [0.0, 0.0, 0.0, 1.0]], "pose_inverse": [[0.9199123382568359, -0.3921240270137787, 0.0, 29.69236183166504], [0.3921240270137787, 0.9199123382568359, 0.0, -1181.1424560546875], [0.0, 0.0, 1.0, 0.0], [0.0, 0.0, 0.0, 1.0]], "cam_ids": [0, 1, 2, 3, 4, 5], "cam_channels": ["CAM_FRONT_LEFT", "CAM_FRONT", "CAM_FRONT_RIGHT", "CAM_BACK_LEFT", "CAM_BACK", "CAM_BACK_RIGHT"], "token": "e63b580425fc45b5a585a45523bac035", "scene": "scene-0036"}, {"images": ["samples/CAM_FRONT_LEFT/n015-2018-07-24-10-42-41+0800__CAM_FRONT_LEFT__1532400229654844.jpg", "samples/CAM_FRONT/n015-2018-07-24-10-42-41+0800__CAM_FRONT__1532400229662460.jpg", "samples/CAM_FRONT_RIGHT/n015-2018-07-24-10-42-41+0800__CAM_FRONT_RIGHT__1532400229670339.jpg", "samples/CAM_BACK_LEFT/n015-2018-07-24-10-42-41+0800__CAM_BACK_LEFT__1532400229697423.jpg", "samples/CAM_BACK/n015-2018-07-24-10-42-41+0800__CAM_BACK__1532400229687525.jpg", "samples/CAM_BACK_RIGHT/n015-2018-07-24-10-42-41+0800__CAM_BACK_RIGHT__1532400229677893.jpg"], "intrinsics": [[[1272.5979470598488, 0.0, 826.6154927353808], [0.0, 1272.5979470598488, 479.75165386361925], [0.0, 0.0, 1.0]], [[1266.417203046554, 0.0, 816.2670197447984], [0.0, 1266.417203046554, 491.50706579294757], [0.0, 0.0, 1.0]], [[1260.8474446004698, 0.0, 807.968244525554], [0.0, 1260.8474446004698, 495.3344268742088], [0.0, 0.0, 1.0]], [[1256.7414812095406, 0.0, 792.1125740759628], [0.0, 1256.7414812095406, 492.7757465151356], [0.0, 0.0, 1.0]], [[809.2209905677063, 0.0, 829.2196003259838], [0.0, 809.2209905677063, 481.77842384512485], [0.0, 0.0, 1.0]], [[1259.5137405846733, 0.0, 807.2529053838625], [0.0, 1259.5137405846733, 501.19579884916527], [0.0, 0.0, 1.0]]], "extrinsics": [[[0.8202739357948303, -0.5719534754753113, -0.004462319426238537, -0.61920166015625], [-0.01661754585802555, -0.016032442450523376, -0.9997333288192749, 1.5012836456298828], [0.5717293620109558, 0.82012939453125, -0.022655459120869637, -1.041015625], [0.0, 0.0, 0.0, 1.0]], [[0.005221175961196423, -0.9997904896736145, 0.019788077101111412, 0.008056640625], [-0.02216009795665741, -0.019899168983101845, -0.9995564222335815, 1.512908935546875], [0.999740719795227, 0.0047803218476474285, -0.02225935459136963, -1.3473892211914062], [0.0, 0.0, 0.0, 1.0]], [[-0.8331589698791504, -0.5528222918510437, 0.015286165289580822, 0.8104248046875], [-0.016716020181775093, -0.0024544589687138796, -0.9998571872711182, 1.4991834163665771], [0.5527809262275696, -0.8332955241203308, -0.007196033839136362, -1.10040283203125], [0.0, 0.0, 0.0, 1.0]], [[0.9476696848869324, 0.3187282681465149, -0.018291281536221504, -1.143524169921875], [-0.008589090779423714, -0.031819336116313934, -0.9994567036628723, 1.5885658264160156], [-0.3191370666027069, 0.9473118782043457, -0.02741663157939911, -0.103271484375], [0.0, 0.0, 0.0, 1.0]], [[0.0024489276111125946, 0.9997503161430359, -0.022210728377103806, 0.0025634765625], [-0.0338246114552021, -0.022115271538496017, -0.9991831183433533, 1.5760974884033203], [-0.9994248151779175, 0.003198199439793825, 0.03376200795173645, -0.09463119506835938], [0.0, 0.0, 0.0, 1.0]], [[-0.9347419142723083, 0.3553234934806824, -0.001628886442631483, 0.95648193359375], [-0.0009937230497598648, -0.007198285311460495, -0.9999735951423645, 1.551264762878418], [-0.3553258776664734, -0.934715747833252, 0.0070816329680383205, -0.1312255859375], [0.0, 0.0, 0.0, 1.0]]], "view": [[0.0, -2.0, 100.0], [-2.0, 0.0, 100.0], [0.0, 0.0, 1.0]], "bev": "bev_f3599aace98a4c0890a8ea374dfd58ff.png", "aux": "aux_f3599aace98a4c0890a8ea374dfd58ff.npz", "visibility": "visibility_f3599aace98a4c0890a8ea374dfd58ff.png", "pose": [[0.920932412147522, 0.3897223174571991, 0.0, 440.44805908203125], [-0.3897223174571991, 0.920932412147522, 0.0, 1096.1964111328125], [0.0, 0.0, 1.0, 0.0], [0.0, 0.0, 0.0, 1.0]], "pose_inverse": [[0.920932412147522, -0.3897223174571991, 0.0, 21.589317321777344], [0.3897223174571991, 0.920932412147522, 0.0, -1181.17529296875], [0.0, 0.0, 1.0, 0.0], [0.0, 0.0, 0.0, 1.0]], "cam_ids": [0, 1, 2, 3, 4, 5], "cam_channels": ["CAM_FRONT_LEFT", "CAM_FRONT", "CAM_FRONT_RIGHT", "CAM_BACK_LEFT", "CAM_BACK", "CAM_BACK_RIGHT"], "token": "f3599aace98a4c0890a8ea374dfd58ff", "scene": "scene-0036"}, {"images": ["samples/CAM_FRONT_LEFT/n015-2018-07-24-10-42-41+0800__CAM_FRONT_LEFT__1532400230104844.jpg", "samples/CAM_FRONT/n015-2018-07-24-10-42-41+0800__CAM_FRONT__1532400230112460.jpg", "samples/CAM_FRONT_RIGHT/n015-2018-07-24-10-42-41+0800__CAM_FRONT_RIGHT__1532400230120339.jpg", "samples/CAM_BACK_LEFT/n015-2018-07-24-10-42-41+0800__CAM_BACK_LEFT__1532400230147423.jpg", "samples/CAM_BACK/n015-2018-07-24-10-42-41+0800__CAM_BACK__1532400230137525.jpg", "samples/CAM_BACK_RIGHT/n015-2018-07-24-10-42-41+0800__CAM_BACK_RIGHT__1532400230127893.jpg"], "intrinsics": [[[1272.5979470598488, 0.0, 826.6154927353808], [0.0, 1272.5979470598488, 479.75165386361925], [0.0, 0.0, 1.0]], [[1266.417203046554, 0.0, 816.2670197447984], [0.0, 1266.417203046554, 491.50706579294757], [0.0, 0.0, 1.0]], [[1260.8474446004698, 0.0, 807.968244525554], [0.0, 1260.8474446004698, 495.3344268742088], [0.0, 0.0, 1.0]], [[1256.7414812095406, 0.0, 792.1125740759628], [0.0, 1256.7414812095406, 492.7757465151356], [0.0, 0.0, 1.0]], [[809.2209905677063, 0.0, 829.2196003259838], [0.0, 809.2209905677063, 481.77842384512485], [0.0, 0.0, 1.0]], [[1259.5137405846733, 0.0, 807.2529053838625], [0.0, 1259.5137405846733, 501.19579884916527], [0.0, 0.0, 1.0]]], "extrinsics": [[[0.8207604885101318, -0.5712389945983887, -0.006190418265759945, -0.613037109375], [-0.015202825888991356, -0.011008618399500847, -0.999823808670044, 1.5017719268798828], [0.5710701942443848, 0.8207100033760071, -0.01771988533437252, -1.0377197265625], [0.0, 0.0, 0.0, 1.0]], [[0.005872928537428379, -0.9998680949211121, 0.01514553651213646, 0.008544921875], [-0.02047395519912243, -0.015262854285538197, -0.9996739029884338, 1.5133934020996094], [0.9997730851173401, 0.005560894496738911, -0.020560888573527336, -1.3425302505493164], [0.0, 0.0, 0.0, 1.0]], [[-0.8328964114189148, -0.5533118844032288, 0.011382222175598145, 0.808349609375], [-0.014825190417468548, 0.0017474647611379623, -0.9998885989189148, 1.4996452331542969], [0.553230345249176, -0.8329723477363586, -0.009658410213887691, -1.09857177734375], [0.0, 0.0, 0.0, 1.0]], [[0.9475954174995422, 0.31911414861679077, -0.015136541798710823, -1.14923095703125], [-0.006170747336000204, -0.029088273644447327, -0.9995577931404114, 1.5886039733886719], [-0.31941330432891846, 0.9472697973251343, -0.025594741106033325, -0.1016845703125], [0.0, 0.0, 0.0, 1.0]], [[0.002291474724188447, 0.9998153448104858, -0.019081318750977516, 0.0025634765625], [-0.031580034643411636, -0.018999500200152397, -0.9993206858634949, 1.5763740539550781], [-0.9994986653327942, 0.002892524003982544, 0.03153065964579582, -0.09282493591308594], [0.0, 0.0, 0.0, 1.0]], [[-0.9348714351654053, 0.3549795150756836, -0.002236859640106559, 0.95562744140625], [0.0010756850242614746, -0.0034684219863265753, -0.9999933838844299, 1.5516595840454102], [-0.3549848794937134, -0.9348676800727844, 0.0028606823179870844, -0.131103515625], [0.0, 0.0, 0.0, 1.0]]], "view": [[0.0, -2.0, 100.0], [-2.0, 0.0, 100.0], [0.0, 0.0, 1.0]], "bev": "bev_28b65b60537d4f70be13fae042ecace9.png", "aux": "aux_28b65b60537d4f70be13fae042ecace9.npz", "visibility": "visibility_28b65b60537d4f70be13fae042ecace9.png", "pose": [[0.9218694567680359, 0.3875006437301636, 0.0, 444.6488342285156], [-0.3875006437301636, 0.9218694567680359, 0.0, 1094.39501953125], [0.0, 0.0, 1.0, 0.0], [0.0, 0.0, 0.0, 1.0]], "pose_inverse": [[0.9218694567680359, -0.3875006437301636, 0.0, 14.170605659484863], [0.3875006437301636, 0.9218694567680359, 0.0, -1181.1910400390625], [0.0, 0.0, 1.0, 0.0], [0.0, 0.0, 0.0, 1.0]], "cam_ids": [0, 1, 2, 3, 4, 5], "cam_channels": ["CAM_FRONT_LEFT", "CAM_FRONT", "CAM_FRONT_RIGHT", "CAM_BACK_LEFT", "CAM_BACK", "CAM_BACK_RIGHT"], "token": "28b65b60537d4f70be13fae042ecace9", "scene": "scene-0036"}, {"images": ["samples/CAM_FRONT_LEFT/n015-2018-07-24-10-42-41+0800__CAM_FRONT_LEFT__1532400230604874.jpg", "samples/CAM_FRONT/n015-2018-07-24-10-42-41+0800__CAM_FRONT__1532400230612460.jpg", "samples/CAM_FRONT_RIGHT/n015-2018-07-24-10-42-41+0800__CAM_FRONT_RIGHT__1532400230620339.jpg", "samples/CAM_BACK_LEFT/n015-2018-07-24-10-42-41+0800__CAM_BACK_LEFT__1532400230647423.jpg", "samples/CAM_BACK/n015-2018-07-24-10-42-41+0800__CAM_BACK__1532400230637525.jpg", "samples/CAM_BACK_RIGHT/n015-2018-07-24-10-42-41+0800__CAM_BACK_RIGHT__1532400230627893.jpg"], "intrinsics": [[[1272.5979470598488, 0.0, 826.6154927353808], [0.0, 1272.5979470598488, 479.75165386361925], [0.0, 0.0, 1.0]], [[1266.417203046554, 0.0, 816.2670197447984], [0.0, 1266.417203046554, 491.50706579294757], [0.0, 0.0, 1.0]], [[1260.8474446004698, 0.0, 807.968244525554], [0.0, 1260.8474446004698, 495.3344268742088], [0.0, 0.0, 1.0]], [[1256.7414812095406, 0.0, 792.1125740759628], [0.0, 1256.7414812095406, 492.7757465151356], [0.0, 0.0, 1.0]], [[809.2209905677063, 0.0, 829.2196003259838], [0.0, 809.2209905677063, 481.77842384512485], [0.0, 0.0, 1.0]], [[1259.5137405846733, 0.0, 807.2529053838625], [0.0, 1259.5137405846733, 501.19579884916527], [0.0, 0.0, 1.0]]], "extrinsics": [[[0.8210707306861877, -0.5708198547363281, -0.002731065498664975, -0.60076904296875], [-0.01739063300192356, -0.020232034847140312, -0.9996440410614014, 1.5006465911865234], [0.570561408996582, 0.8208259344100952, -0.026538850739598274, -1.0313720703125], [0.0, 0.0, 0.0, 1.0]], [[0.006343289744108915, -0.999686598777771, 0.024214623495936394, 0.0101318359375], [-0.022814901545643806, -0.02435348927974701, -0.9994430541992188, 1.5123443603515625], [0.9997195601463318, 0.005787285510450602, -0.022962233051657677, -1.3304572105407715], [0.0, 0.0, 0.0, 1.0]], [[-0.8326963782310486, -0.5534232258796692, 0.01842460222542286, 0.8004150390625], [-0.01733337715268135, -0.007205902598798275, -0.9998237490653992, 1.498809814453125], [0.5534584522247314, -0.8328689336776733, -0.0035923635587096214, -1.0919189453125], [0.0, 0.0, 0.0, 1.0]], [[0.9476596713066101, 0.3186178207397461, -0.020585065707564354, -1.143218994140625], [-0.00902471598237753, -0.03771672025322914, -0.999247670173645, 1.5885658264160156], [-0.3191545307636261, 0.9471325278282166, -0.032867178320884705, -0.1033935546875], [0.0, 0.0, 0.0, 1.0]], [[0.0021648986730724573, 0.9996116757392883, -0.02778318151831627, 0.002197265625], [-0.034311044961214066, -0.027692636474967003, -0.9990274906158447, 1.5759048461914062], [-0.9994088411331177, 0.00311604724265635, 0.03423776477575302, -0.09927177429199219], [0.0, 0.0, 0.0, 1.0]], [[-0.9349462389945984, 0.3547774851322174, -0.0028994171880185604, 0.94732666015625], [-0.001562231918796897, -0.012288820929825306, -0.9999232888221741, 1.5511550903320312], [-0.35478588938713074, -0.9348700046539307, 0.012043630704283714, -0.1334228515625], [0.0, 0.0, 0.0, 1.0]]], "view": [[0.0, -2.0, 100.0], [-2.0, 0.0, 100.0], [0.0, 0.0, 1.0]], "bev": "bev_ae334a760ecd45d8a88a69014d8290ab.png", "aux": "aux_ae334a760ecd45d8a88a69014d8290ab.npz", "visibility": "visibility_ae334a760ecd45d8a88a69014d8290ab.png", "pose": [[0.9212234616279602, 0.38903382420539856, 0.0, 449.3768005371094], [-0.38903382420539856, 0.9212234616279602, 0.0, 1092.37939453125], [0.0, 0.0, 1.0, 0.0], [0.0, 0.0, 0.0, 1.0]], "pose_inverse": [[0.9212234616279602, -0.38903382420539856, 0.0, 10.996081352233887], [0.38903382420539856, 0.9212234616279602, 0.0, -1181.1483154296875], [0.0, 0.0, 1.0, 0.0], [0.0, 0.0, 0.0, 1.0]], "cam_ids": [0, 1, 2, 3, 4, 5], "cam_channels": ["CAM_FRONT_LEFT", "CAM_FRONT", "CAM_FRONT_RIGHT", "CAM_BACK_LEFT", "CAM_BACK", "CAM_BACK_RIGHT"], "token": "ae334a760ecd45d8a88a69014d8290ab", "scene": "scene-0036"}, {"images": ["samples/CAM_FRONT_LEFT/n015-2018-07-24-10-42-41+0800__CAM_FRONT_LEFT__1532400231104844.jpg", "samples/CAM_FRONT/n015-2018-07-24-10-42-41+0800__CAM_FRONT__1532400231112460.jpg", "samples/CAM_FRONT_RIGHT/n015-2018-07-24-10-42-41+0800__CAM_FRONT_RIGHT__1532400231120339.jpg", "samples/CAM_BACK_LEFT/n015-2018-07-24-10-42-41+0800__CAM_BACK_LEFT__1532400231147423.jpg", "samples/CAM_BACK/n015-2018-07-24-10-42-41+0800__CAM_BACK__1532400231137525.jpg", "samples/CAM_BACK_RIGHT/n015-2018-07-24-10-42-41+0800__CAM_BACK_RIGHT__1532400231127893.jpg"], "intrinsics": [[[1272.5979470598488, 0.0, 826.6154927353808], [0.0, 1272.5979470598488, 479.75165386361925], [0.0, 0.0, 1.0]], [[1266.417203046554, 0.0, 816.2670197447984], [0.0, 1266.417203046554, 491.50706579294757], [0.0, 0.0, 1.0]], [[1260.8474446004698, 0.0, 807.968244525554], [0.0, 1260.8474446004698, 495.3344268742088], [0.0, 0.0, 1.0]], [[1256.7414812095406, 0.0, 792.1125740759628], [0.0, 1256.7414812095406, 492.7757465151356], [0.0, 0.0, 1.0]], [[809.2209905677063, 0.0, 829.2196003259838], [0.0, 809.2209905677063, 481.77842384512485], [0.0, 0.0, 1.0]], [[1259.5137405846733, 0.0, 807.2529053838625], [0.0, 1259.5137405846733, 501.19579884916527], [0.0, 0.0, 1.0]]], "extrinsics": [[[0.8205365538597107, -0.5715497136116028, -0.007117486093193293, -0.5936279296875], [-0.020237993448972702, -0.016605673357844353, -0.9996572732925415, 1.4991683959960938], [0.5712355971336365, 0.8203994035720825, -0.02519257925450802, -1.02496337890625], [0.0, 0.0, 0.0, 1.0]], [[0.0056846486404538155, -0.9997729063034058, 0.020534247159957886, 0.00927734375], [-0.025447120890021324, -0.02067255973815918, -0.9994624257087708, 1.5111522674560547], [0.9996599555015564, 0.005159042309969664, -0.02555886097252369, -1.3219274282455444], [0.0, 0.0, 0.0, 1.0]], [[-0.8329457640647888, -0.5530498623847961, 0.018360009416937828, 0.793701171875], [-0.01973128691315651, -0.0034738807007670403, -0.9997992515563965, 1.4979758262634277], [0.553002655506134, -0.8331408500671387, -0.00801883265376091, -1.0882568359375], [0.0, 0.0, 0.0, 1.0]], [[0.9476469159126282, 0.3186314105987549, -0.020959798246622086, -1.138885498046875], [-0.010696154087781906, -0.03392745926976204, -0.9993670582771301, 1.5885238647460938], [-0.31914085149765015, 0.9472712874412537, -0.02874312549829483, -0.105224609375], [0.0, 0.0, 0.0, 1.0]], [[0.0023084550630301237, 0.9997108578681946, -0.02393607795238495, 0.00244140625], [-0.03626659885048866, -0.02383669652044773, -0.9990578293800354, 1.5754947662353516], [-0.9993395209312439, 0.0031743780709803104, 0.03620108217000961, -0.10501861572265625], [0.0, 0.0, 0.0, 1.0]], [[-0.9348130822181702, 0.3551397919654846, 0.0004894385929219425, 0.94110107421875], [-0.0037542060017585754, -0.008503875695168972, -0.9999567866325378, 1.5506792068481445], [-0.35512039065361023, -0.9347745180130005, 0.00928280409425497, -0.136474609375], [0.0, 0.0, 0.0, 1.0]]], "view": [[0.0, -2.0, 100.0], [-2.0, 0.0, 100.0], [0.0, 0.0, 1.0]], "bev": "bev_7bd9965f22864e9dbff830ced43a66da.png", "aux": "aux_7bd9965f22864e9dbff830ced43a66da.npz", "visibility": "visibility_7bd9965f22864e9dbff830ced43a66da.png", "pose": [[0.920207142829895, 0.39143168926239014, 0.0, 454.1026306152344], [-0.39143168926239014, 0.920207142829895, 0.0, 1090.3349609375], [0.0, 0.0, 1.0, 0.0], [0.0, 0.0, 0.0, 1.0]], "pose_inverse": [[0.920207142829895, -0.39143168926239014, 0.0, 8.923161506652832], [0.39143168926239014, 0.920207142829895, 0.0, -1181.084228515625], [0.0, 0.0, 1.0, 0.0], [0.0, 0.0, 0.0, 1.0]], "cam_ids": [0, 1, 2, 3, 4, 5], "cam_channels": ["CAM_FRONT_LEFT", "CAM_FRONT", "CAM_FRONT_RIGHT", "CAM_BACK_LEFT", "CAM_BACK", "CAM_BACK_RIGHT"], "token": "7bd9965f22864e9dbff830ced43a66da", "scene": "scene-0036"}, {"images": ["samples/CAM_FRONT_LEFT/n015-2018-07-24-10-42-41+0800__CAM_FRONT_LEFT__1532400231604844.jpg", "samples/CAM_FRONT/n015-2018-07-24-10-42-41+0800__CAM_FRONT__1532400231612460.jpg", "samples/CAM_FRONT_RIGHT/n015-2018-07-24-10-42-41+0800__CAM_FRONT_RIGHT__1532400231620339.jpg", "samples/CAM_BACK_LEFT/n015-2018-07-24-10-42-41+0800__CAM_BACK_LEFT__1532400231647423.jpg", "samples/CAM_BACK/n015-2018-07-24-10-42-41+0800__CAM_BACK__1532400231637525.jpg", "samples/CAM_BACK_RIGHT/n015-2018-07-24-10-42-41+0800__CAM_BACK_RIGHT__1532400231627893.jpg"], "intrinsics": [[[1272.5979470598488, 0.0, 826.6154927353808], [0.0, 1272.5979470598488, 479.75165386361925], [0.0, 0.0, 1.0]], [[1266.417203046554, 0.0, 816.2670197447984], [0.0, 1266.417203046554, 491.50706579294757], [0.0, 0.0, 1.0]], [[1260.8474446004698, 0.0, 807.968244525554], [0.0, 1260.8474446004698, 495.3344268742088], [0.0, 0.0, 1.0]], [[1256.7414812095406, 0.0, 792.1125740759628], [0.0, 1256.7414812095406, 492.7757465151356], [0.0, 0.0, 1.0]], [[809.2209905677063, 0.0, 829.2196003259838], [0.0, 809.2209905677063, 481.77842384512485], [0.0, 0.0, 1.0]], [[1259.5137405846733, 0.0, 807.2529053838625], [0.0, 1259.5137405846733, 501.19579884916527], [0.0, 0.0, 1.0]]], "extrinsics": [[[0.8206713795661926, -0.5713778734207153, -0.005075710825622082, -0.60101318359375], [-0.01971951313316822, -0.01944330893456936, -0.9996164441108704, 1.4995594024658203], [0.571060061454773, 0.8204567432403564, -0.02722386084496975, -1.02911376953125], [0.0, 0.0, 0.0, 1.0]], [[0.005861085839569569, -0.9997074007987976, 0.023467591032385826, 0.008544921875], [-0.024969710037112236, -0.02360699139535427, -0.9994094371795654, 1.5114936828613281], [0.9996710419654846, 0.00527162803336978, -0.025100767612457275, -1.3290910720825195], [0.0, 0.0, 0.0, 1.0]], [[-0.8328755497932434, -0.5531103610992432, 0.019677862524986267, 0.7982177734375], [-0.019299516454339027, -0.00650807423517108, -0.9997925162315369, 1.4982166290283203], [0.5531236529350281, -0.8330826163291931, -0.005254343152046204, -1.09197998046875], [0.0, 0.0, 0.0, 1.0]], [[0.9475008845329285, 0.3190048336982727, -0.02186090312898159, -1.140106201171875], [-0.010488052852451801, -0.03732553496956825, -0.9992480874061584, 1.5885505676269531], [-0.31958097219467163, 0.9470177888870239, -0.032020237296819