[{"images": ["samples/CAM_FRONT_LEFT/n015-2018-07-18-11-50-34+0800__CAM_FRONT_LEFT__1531886197504844.jpg", "samples/CAM_FRONT/n015-2018-07-18-11-50-34+0800__CAM_FRONT__1531886197512475.jpg", "samples/CAM_FRONT_RIGHT/n015-2018-07-18-11-50-34+0800__CAM_FRONT_RIGHT__1531886197520339.jpg", "samples/CAM_BACK_LEFT/n015-2018-07-18-11-50-34+0800__CAM_BACK_LEFT__1531886197547423.jpg", "samples/CAM_BACK/n015-2018-07-18-11-50-34+0800__CAM_BACK__1531886197537525.jpg", "samples/CAM_BACK_RIGHT/n015-2018-07-18-11-50-34+0800__CAM_BACK_RIGHT__1531886197527893.jpg"], "intrinsics": [[[1272.5979470598488, 0.0, 826.6154927353808], [0.0, 1272.5979470598488, 479.75165386361925], [0.0, 0.0, 1.0]], [[1266.417203046554, 0.0, 816.2670197447984], [0.0, 1266.417203046554, 491.50706579294757], [0.0, 0.0, 1.0]], [[1260.8474446004698, 0.0, 807.968244525554], [0.0, 1260.8474446004698, 495.3344268742088], [0.0, 0.0, 1.0]], [[1256.7414812095406, 0.0, 792.1125740759628], [0.0, 1256.7414812095406, 492.7757465151356], [0.0, 0.0, 1.0]], [[809.2209905677063, 0.0, 829.2196003259838], [0.0, 809.2209905677063, 481.77842384512485], [0.0, 0.0, 1.0]], [[1259.5137405846733, 0.0, 807.2529053838625], [0.0, 1259.5137405846733, 501.19579884916527], [0.0, 0.0, 1.0]]], "extrinsics": [[[0.8212767243385315, -0.5698086023330688, -0.028683491051197052, -0.6864013671875], [-0.04366401582956314, -0.012647052295506, -0.9989662170410156, 1.4934539794921875], [0.5688567757606506, 0.8216801285743713, -0.03526686131954193, -1.08770751953125], [0.0, 0.0, 0.0, 1.0]], [[0.007876550778746605, -0.9998326301574707, 0.01650937646627426, 0.0076904296875], [-0.04904907941818237, -0.01687631383538246, -0.998653769493103, 1.5067520141601562], [0.9987652897834778, 0.007056164555251598, -0.04917380213737488, -1.41162109375], [0.0, 0.0, 0.0, 1.0]], [[-0.831474781036377, -0.5543844699859619, 0.03615915775299072, 0.8486328125], [-0.04356381297111511, 0.00017566581664141268, -0.9990506172180176, 1.4940032958984375], [0.553851842880249, -0.8322606682777405, -0.024297162890434265, -1.1256103515625], [0.0, 0.0, 0.0, 1.0]], [[0.9467999339103699, 0.31892481446266174, -0.04309031739830971, -1.1282958984375], [-0.03514399752020836, -0.030631449073553085, -0.9989127516746521, 1.5880393981933594], [-0.31989794969558716, 0.9472849369049072, -0.01779356598854065, -0.1083984375], [0.0, 0.0, 0.0, 1.0]], [[0.0009283651597797871, 0.9997866153717041, -0.020637627691030502, 0.00238037109375], [-0.06044194474816322, -0.02054380439221859, -0.9979602694511414, 1.5738906860351562], [-0.9981712102890015, 0.002173846587538719, 0.060409970581531525, -0.0888671875], [0.0, 0.0, 0.0, 1.0]], [[-0.9349538087844849, 0.3539426326751709, 0.02420545555651188, 0.982666015625], [-0.027768535539507866, -0.004990862682461739, -0.9996019005775452, 1.5468940734863281], [-0.35368093848228455, -0.9352537989616394, 0.014494695700705051, -0.12100982666015625], [0.0, 0.0, 0.0, 1.0]]], "view": [[0.0, -2.0, 100.0], [-2.0, 0.0, 100.0], [0.0, 0.0, 1.0]], "bev": "bev_bb972993952a499d8ed1a19fb2c52dd2.png", "aux": "aux_bb972993952a499d8ed1a19fb2c52dd2.npz", "visibility": "visibility_bb972993952a499d8ed1a19fb2c52dd2.png", "pose": [[-0.19322144985198975, 0.9811551570892334, 0.0, 907.3726806640625], [-0.9811551570892334, -0.19322144985198975, 0.0, 1530.0277099609375], [0.0, 0.0, 1.0, 0.0], [0.0, 0.0, 0.0, 1.0]], "pose_inverse": [[-0.19322144985198975, -0.9811551570892334, 0.0, 1676.5184326171875], [0.9811551570892334, -0.19322144985198975, 0.0, -594.6392211914062], [0.0, 0.0, 1.0, 0.0], [0.0, 0.0, 0.0, 1.0]], "cam_ids": [0, 1, 2, 3, 4, 5], "cam_channels": ["CAM_FRONT_LEFT", "CAM_FRONT", "CAM_FRONT_RIGHT", "CAM_BACK_LEFT", "CAM_BACK", "CAM_BACK_RIGHT"], "token": "bb972993952a499d8ed1a19fb2c52dd2", "scene": "scene-0030"}, {"images": ["samples/CAM_FRONT_LEFT/n015-2018-07-18-11-50-34+0800__CAM_FRONT_LEFT__1531886198004844.jpg", "samples/CAM_FRONT/n015-2018-07-18-11-50-34+0800__CAM_FRONT__1531886198012475.jpg", "samples/CAM_FRONT_RIGHT/n015-2018-07-18-11-50-34+0800__CAM_FRONT_RIGHT__1531886198020339.jpg", "samples/CAM_BACK_LEFT/n015-2018-07-18-11-50-34+0800__CAM_BACK_LEFT__1531886198047423.jpg", "samples/CAM_BACK/n015-2018-07-18-11-50-34+0800__CAM_BACK__1531886198037525.jpg", "samples/CAM_BACK_RIGHT/n015-2018-07-18-11-50-34+0800__CAM_BACK_RIGHT__1531886198027893.jpg"], "intrinsics": [[[1272.5979470598488, 0.0, 826.6154927353808], [0.0, 1272.5979470598488, 479.75165386361925], [0.0, 0.0, 1.0]], [[1266.417203046554, 0.0, 816.2670197447984], [0.0, 1266.417203046554, 491.50706579294757], [0.0, 0.0, 1.0]], [[1260.8474446004698, 0.0, 807.968244525554], [0.0, 1260.8474446004698, 495.3344268742088], [0.0, 0.0, 1.0]], [[1256.7414812095406, 0.0, 792.1125740759628], [0.0, 1256.7414812095406, 492.7757465151356], [0.0, 0.0, 1.0]], [[809.2209905677063, 0.0, 829.2196003259838], [0.0, 809.2209905677063, 481.77842384512485], [0.0, 0.0, 1.0]], [[1259.5137405846733, 0.0, 807.2529053838625], [0.0, 1259.5137405846733, 501.19579884916527], [0.0, 0.0, 1.0]]], "extrinsics": [[[0.8203731179237366, -0.5709603428840637, -0.03149988502264023, -0.6832275390625], [-0.04333510249853134, -0.007148416712880135, -0.9990350008010864, 1.4933624267578125], [0.5701841711997986, 0.820946455001831, -0.030606992542743683, -1.0841064453125], [0.0, 0.0, 0.0, 1.0]], [[0.006519030779600143, -0.9999188184738159, 0.01094747707247734, 0.00689697265625], [-0.04876096174120903, -0.011252549476921558, -0.9987471103668213, 1.506622314453125], [0.9987891912460327, 0.005977051332592964, -0.04883036017417908, -1.4073486328125], [0.0, 0.0, 0.0, 1.0]], [[-0.8321114778518677, -0.5536389350891113, 0.03277762234210968, 0.8447265625], [-0.043291542679071426, 0.0059191458858549595, -0.9990449547767639, 1.4938812255859375], [0.5529162287712097, -0.8327357769012451, -0.028893273323774338, -1.1239013671875], [0.0, 0.0, 0.0, 1.0]], [[0.9469056725502014, 0.31886354088783264, -0.041180066764354706, -1.12353515625], [-0.035150039941072464, -0.024644823744893074, -0.999078094959259, 1.5878562927246094], [-0.3195844292640686, 0.9474801421165466, -0.012128259055316448, -0.110107421875], [0.0, 0.0, 0.0, 1.0]], [[0.0015932386741042137, 0.9998903870582581, -0.014723729342222214, 0.00274658203125], [-0.06032489612698555, -0.01460083108395338, -0.9980720281600952, 1.5736312866210938], [-0.9981775283813477, 0.0024783764965832233, 0.06029501557350159, -0.093017578125], [0.0, 0.0, 0.0, 1.0]], [[-0.9346262216567993, 0.35467615723609924, 0.026048380881547928, 0.97900390625], [-0.02754240483045578, 0.0008363533997908235, -0.9996203184127808, 1.54681396484375], [-0.35456332564353943, -0.934988796710968, 0.008986957371234894, -0.123016357421875], [0.0, 0.0, 0.0, 1.0]]], "view": [[0.0, -2.0, 100.0], [-2.0, 0.0, 100.0], [0.0, 0.0, 1.0]], "bev": "bev_ad16c683b38243f1bf1c4afaaa71cd3c.png", "aux": "aux_ad16c683b38243f1bf1c4afaaa71cd3c.npz", "visibility": "visibility_ad16c683b38243f1bf1c4afaaa71cd3c.png", "pose": [[-0.212077796459198, 0.9772527813911438, 0.0, 906.5924682617188], [-0.9772527813911438, -0.212077796459198, 0.0, 1526.3050537109375], [0.0, 0.0, 1.0, 0.0], [0.0, 0.0, 0.0, 1.0]], "pose_inverse": [[-0.212077796459198, -0.9772527813911438, 0.0, 1683.85400390625], [0.9772527813911438, -0.212077796459198, 0.0, -562.2745971679688], [0.0, 0.0, 1.0, 0.0], [0.0, 0.0, 0.0, 1.0]], "cam_ids": [0, 1, 2, 3, 4, 5], "cam_channels": ["CAM_FRONT_LEFT", "CAM_FRONT", "CAM_FRONT_RIGHT", "CAM_BACK_LEFT", "CAM_BACK", "CAM_BACK_RIGHT"], "token": "ad16c683b38243f1bf1c4afaaa71cd3c", "scene": "scene-0030"}, {"images": ["samples/CAM_FRONT_LEFT/n015-2018-07-18-11-50-34+0800__CAM_FRONT_LEFT__1531886198504844.jpg", "samples/CAM_FRONT/n015-2018-07-18-11-50-34+0800__CAM_FRONT__1531886198512463.jpg", "samples/CAM_FRONT_RIGHT/n015-2018-07-18-11-50-34+0800__CAM_FRONT_RIGHT__1531886198520339.jpg", "samples/CAM_BACK_LEFT/n015-2018-07-18-11-50-34+0800__CAM_BACK_LEFT__1531886198547423.jpg", "samples/CAM_BACK/n015-2018-07-18-11-50-34+0800__CAM_BACK__1531886198537525.jpg", "samples/CAM_BACK_RIGHT/n015-2018-07-18-11-50-34+0800__CAM_BACK_RIGHT__1531886198527893.jpg"], "intrinsics": [[[1272.5979470598488, 0.0, 826.6154927353808], [0.0, 1272.5979470598488, 479.75165386361925], [0.0, 0.0, 1.0]], [[1266.417203046554, 0.0, 816.2670197447984], [0.0, 1266.417203046554, 491.50706579294757], [0.0, 0.0, 1.0]], [[1260.8474446004698, 0.0, 807.968244525554], [0.0, 1260.8474446004698, 495.3344268742088], [0.0, 0.0, 1.0]], [[1256.7414812095406, 0.0, 792.1125740759628], [0.0, 1256.7414812095406, 492.7757465151356], [0.0, 0.0, 1.0]], [[809.2209905677063, 0.0, 829.2196003259838], [0.0, 809.2209905677063, 481.77842384512485], [0.0, 0.0, 1.0]], [[1259.5137405846733, 0.0, 807.2529053838625], [0.0, 1259.5137405846733, 501.19579884916527], [0.0, 0.0, 1.0]]], "extrinsics": [[[0.8212347030639648, -0.5699230432510376, -0.02759178727865219, -0.68603515625], [-0.03875194117426872, -0.007464420981705189, -0.9992209672927856, 1.4951934814453125], [0.569273054599762, 0.8216641545295715, -0.028215665370225906, -1.0906982421875], [0.0, 0.0, 0.0, 1.0]], [[0.007402891293168068, -0.9999125003814697, 0.01096257846802473, 0.009765625], [-0.04352494329214096, -0.011274689808487892, -0.998988687992096, 1.5084075927734375], [0.9990248680114746, 0.00691823847591877, -0.04360460117459297, -1.4132080078125], [0.0, 0.0, 0.0, 1.0]], [[-0.8319365978240967, -0.5541795492172241, 0.0276856180280447, 0.8511962890625], [-0.03739229962229729, 0.006211533211171627, -0.9992813467979431, 1.4954376220703125], [0.553609311580658, -0.8323739767074585, -0.025889648124575615, -1.1256103515625], [0.0, 0.0, 0.0, 1.0]], [[0.9472286701202393, 0.3188785910606384, -0.03277501463890076, -1.1300048828125], [-0.026770340278744698, -0.023196307942271233, -0.9993724226951599, 1.588216781616211], [-0.31943872570991516, 0.9475116729736328, -0.013435721397399902, -0.10791015625], [0.0, 0.0, 0.0, 1.0]], [[0.0016292217187583447, 0.9999059438705444, -0.01362212747335434, 0.00213623046875], [-0.0528910867869854, -0.013516913168132305, -0.9985088109970093, 1.57470703125], [-0.9985989928245544, 0.00234729191288352, 0.052864085882902145, -0.0859375], [0.0, 0.0, 0.0, 1.0]], [[-0.9349092841148376, 0.35431432723999023, 0.020146286115050316, 0.984619140625], [-0.02098245732486248, 0.0014821041841059923, -0.9997787475585938, 1.5480575561523438], [-0.35426589846611023, -0.9351252317428589, 0.00604875385761261, -0.119415283203125], [0.0, 0.0, 0.0, 1.0]]], "view": [[0.0, -2.0, 100.0], [-2.0, 0.0, 100.0], [0.0, 0.0, 1.0]], "bev": "bev_663a78de1dd74f3a97e4e6c0a0b1f1dc.png", "aux": "aux_663a78de1dd74f3a97e4e6c0a0b1f1dc.npz", "visibility": "visibility_663a78de1dd74f3a97e4e6c0a0b1f1dc.png", "pose": [[-0.2258959859609604, 0.9741514325141907, 0.0, 905.73974609375], [-0.9741514325141907, -0.2258959859609604, 0.0, 1522.6275634765625], [0.0, 0.0, 1.0, 0.0], [0.0, 0.0, 0.0, 1.0]], "pose_inverse": [[-0.2258959859609604, -0.9741514325141907, 0.0, 1687.872802734375], [0.9741514325141907, -0.2258959859609604, 0.0, -538.3721923828125], [0.0, 0.0, 1.0, 0.0], [0.0, 0.0, 0.0, 1.0]], "cam_ids": [0, 1, 2, 3, 4, 5], "cam_channels": ["CAM_FRONT_LEFT", "CAM_FRONT", "CAM_FRONT_RIGHT", "CAM_BACK_LEFT", "CAM_BACK", "CAM_BACK_RIGHT"], "token": "663a78de1dd74f3a97e4e6c0a0b1f1dc", "scene": "scene-0030"}, {"images": ["samples/CAM_FRONT_LEFT/n015-2018-07-18-11-50-34+0800__CAM_FRONT_LEFT__1531886198904844.jpg", "samples/CAM_FRONT/n015-2018-07-18-11-50-34+0800__CAM_FRONT__1531886198912463.jpg", "samples/CAM_FRONT_RIGHT/n015-2018-07-18-11-50-34+0800__CAM_FRONT_RIGHT__1531886198920339.jpg", "samples/CAM_BACK_LEFT/n015-2018-07-18-11-50-34+0800__CAM_BACK_LEFT__1531886198947423.jpg", "samples/CAM_BACK/n015-2018-07-18-11-50-34+0800__CAM_BACK__1531886198937525.jpg", "samples/CAM_BACK_RIGHT/n015-2018-07-18-11-50-34+0800__CAM_BACK_RIGHT__1531886198927893.jpg"], "intrinsics": [[[1272.5979470598488, 0.0, 826.6154927353808], [0.0, 1272.5979470598488, 479.75165386361925], [0.0, 0.0, 1.0]], [[1266.417203046554, 0.0, 816.2670197447984], [0.0, 1266.417203046554, 491.50706579294757], [0.0, 0.0, 1.0]], [[1260.8474446004698, 0.0, 807.968244525554], [0.0, 1260.8474446004698, 495.3344268742088], [0.0, 0.0, 1.0]], [[1256.7414812095406, 0.0, 792.1125740759628], [0.0, 1256.7414812095406, 492.7757465151356], [0.0, 0.0, 1.0]], [[809.2209905677063, 0.0, 829.2196003259838], [0.0, 809.2209905677063, 481.77842384512485], [0.0, 0.0, 1.0]], [[1259.5137405846733, 0.0, 807.2529053838625], [0.0, 1259.5137405846733, 501.19579884916527], [0.0, 0.0, 1.0]]], "extrinsics": [[[0.82140052318573, -0.5699799656867981, -0.020588872954249382, -0.692626953125], [-0.02302010916173458, 0.0029379932675510645, -0.99973064661026, 1.5006446838378906], [0.5698870420455933, 0.8216531872749329, -0.010707734152674675, -1.09405517578125], [0.0, 0.0, 0.0, 1.0]], [[0.006956304889172316, -0.9999755620956421, 0.0006575481384061277, 0.0089111328125], [-0.02841971442103386, -0.0008549992344342172, -0.9995957612991333, 1.5127830505371094], [0.9995718002319336, 0.006934786681085825, -0.02842496708035469, -1.41943359375], [0.0, 0.0, 0.0, 1.0]], [[-0.8323935270309448, -0.5540974140167236, 0.009850865229964256, 0.8551025390625], [-0.022922638803720474, 0.01666448265314102, -0.9995983242988586, 1.49871826171875], [0.5537106990814209, -0.8322849273681641, -0.026572782546281815, -1.12890625], [0.0, 0.0, 0.0, 1.0]], [[0.9476130604743958, 0.318901389837265, -0.018198540434241295, -1.1317138671875], [-0.01462277676910162, -0.013603491708636284, -0.9998005628585815, 1.5883960723876953], [-0.31908532977104187, 0.9476901888847351, -0.00822762493044138, -0.107177734375], [0.0, 0.0, 0.0, 1.0]], [[0.002004728652536869, 0.9999911189079285, -0.003698485204949975, 0.00250244140625], [-0.039856258779764175, -0.0036156533751636744, -0.9991989135742188, 1.5759773254394531], [-0.9992033839225769, 0.0021505258046090603, 0.039848655462265015, -0.0830078125], [0.0, 0.0, 0.0, 1.0]], [[-0.935019850730896, 0.3544338643550873, 0.010701421648263931, 0.9888916015625], [-0.007128661032766104, 0.011384398676455021, -0.9999098181724548, 1.5503120422363281], [-0.3545236885547638, -0.9350118637084961, -0.00811800081282854, -0.11822509765625], [0.0, 0.0, 0.0, 1.0]]], "view": [[0.0, -2.0, 100.0], [-2.0, 0.0, 100.0], [0.0, 0.0, 1.0]], "bev": "bev_071f9d7f2c4f48fcb72fc17756bedfa7.png", "aux": "aux_071f9d7f2c4f48fcb72fc17756bedfa7.npz", "visibility": "visibility_071f9d7f2c4f48fcb72fc17756bedfa7.png", "pose": [[-0.23843446373939514, 0.9711585640907288, 0.0, 905.0223388671875], [-0.9711585640907288, -0.23843446373939514, 0.0, 1519.7021484375], [0.0, 0.0, 1.0, 0.0], [0.0, 0.0, 0.0, 1.0]], "pose_inverse": [[-0.23843446373939514, -0.9711585640907288, 0.0, 1691.6602783203125], [0.9711585640907288, -0.23843446373939514, 0.0, -516.5708618164062], [0.0, 0.0, 1.0, 0.0], [0.0, 0.0, 0.0, 1.0]], "cam_ids": [0, 1, 2, 3, 4, 5], "cam_channels": ["CAM_FRONT_LEFT", "CAM_FRONT", "CAM_FRONT_RIGHT", "CAM_BACK_LEFT", "CAM_BACK", "CAM_BACK_RIGHT"], "token": "071f9d7f2c4f48fcb72fc17756bedfa7", "scene": "scene-0030"}, {"images": ["samples/CAM_FRONT_LEFT/n015-2018-07-18-11-50-34+0800__CAM_FRONT_LEFT__1531886199504844.jpg", "samples/CAM_FRONT/n015-2018-07-18-11-50-34+0800__CAM_FRONT__1531886199512467.jpg", "samples/CAM_FRONT_RIGHT/n015-2018-07-18-11-50-34+0800__CAM_FRONT_RIGHT__1531886199520339.jpg", "samples/CAM_BACK_LEFT/n015-2018-07-18-11-50-34+0800__CAM_BACK_LEFT__1531886199547423.jpg", "samples/CAM_BACK/n015-2018-07-18-11-50-34+0800__CAM_BACK__1531886199537525.jpg", "samples/CAM_BACK_RIGHT/n015-2018-07-18-11-50-34+0800__CAM_BACK_RIGHT__1531886199527893.jpg"], "intrinsics": [[[1272.5979470598488, 0.0, 826.6154927353808], [0.0, 1272.5979470598488, 479.75165386361925], [0.0, 0.0, 1.0]], [[1266.417203046554, 0.0, 816.2670197447984], [0.0, 1266.417203046554, 491.50706579294757], [0.0, 0.0, 1.0]], [[1260.8474446004698, 0.0, 807.968244525554], [0.0, 1260.8474446004698, 495.3344268742088], [0.0, 0.0, 1.0]], [[1256.7414812095406, 0.0, 792.1125740759628], [0.0, 1256.7414812095406, 492.7757465151356], [0.0, 0.0, 1.0]], [[809.2209905677063, 0.0, 829.2196003259838], [0.0, 809.2209905677063, 481.77842384512485], [0.0, 0.0, 1.0]], [[1259.5137405846733, 0.0, 807.2529053838625], [0.0, 1259.5137405846733, 501.19579884916527], [0.0, 0.0, 1.0]]], "extrinsics": [[[0.8215218186378479, -0.5698891878128052, -0.018114902079105377, -0.6800537109375], [-0.023748448118567467, -0.002456844784319401, -0.9997149109840393, 1.5000991821289062], [0.5696821808815002, 0.8217179179191589, -0.015552336350083351, -1.08843994140625], [0.0, 0.0, 0.0, 1.0]], [[0.007183502893894911, -0.9999532699584961, 0.0064611113630235195, 0.011138916015625], [-0.029073728248476982, -0.006667399778962135, -0.9995550513267517, 1.5122871398925781], [0.9995513558387756, 0.006992421578615904, -0.029120266437530518, -1.40771484375], [0.0, 0.0, 0.0, 1.0]], [[-0.8322667479515076, -0.5542035698890686, 0.013802103698253632, 0.84765625], [-0.023506170138716698, 0.010403868742287159, -0.9996695518493652, 1.4983482360839844], [0.5538768172264099, -0.8323161602020264, -0.021685997024178505, -1.1220703125], [0.0, 0.0, 0.0, 1.0]], [[0.9474682211875916, 0.31917044520378113, -0.020836563780903816, -1.129150390625], [-0.015099753625690937, -0.020438289269804955, -0.9996770620346069, 1.5883617401123047], [-0.31949323415756226, 0.9474769234657288, -0.01454523578286171, -0.10906982421875], [0.0, 0.0, 0.0, 1.0]], [[0.0017702081240713596, 0.9999450445175171, -0.010338160209357738, 0.001617431640625], [-0.04035811126232147, -0.01025831513106823, -0.9991326332092285, 1.5756912231445312], [-0.999183714389801, 0.0021859060507267714, 0.04033773019909859, -0.0892333984375], [0.0, 0.0, 0.0, 1.0]], [[-0.935084342956543, 0.354310542345047, 0.009016323834657669, 0.9803466796875], [-0.007647035643458366, 0.005264617037028074, -0.9999569654464722, 1.5501689910888672], [-0.3543427586555481, -0.9351130127906799, -0.0022134350147098303, -0.1201629638671875], [0.0, 0.0, 0.0, 1.0]]], "view": [[0.0, -2.0, 100.0], [-2.0, 0.0, 100.0], [0.0, 0.0, 1.0]], "bev": "bev_3f68cbbc204e42f797a5067240edcccf.png", "aux": "aux_3f68cbbc204e42f797a5067240edcccf.npz", "visibility": "visibility_3f68cbbc204e42f797a5067240edcccf.png", "pose": [[-0.25915828347206116, 0.9658348560333252, 0.0, 903.852294921875], [-0.9658348560333252, -0.25915828347206116, 0.0, 1515.3070068359375], [0.0, 0.0, 1.0, 0.0], [0.0, 0.0, 0.0, 1.0]], "pose_inverse": [[-0.25915828347206116, -0.9658348560333252, 0.0, 1697.777099609375], [0.9658348560333252, -0.25915828347206116, 0.0, -480.2677001953125], [0.0, 0.0, 1.0, 0.0], [0.0, 0.0, 0.0, 1.0]], "cam_ids": [0, 1, 2, 3, 4, 5], "cam_channels": ["CAM_FRONT_LEFT", "CAM_FRONT", "CAM_FRONT_RIGHT", "CAM_BACK_LEFT", "CAM_BACK", "CAM_BACK_RIGHT"], "token": "3f68cbbc204e42f797a5067240edcccf", "scene": "scene-0030"}, {"images": ["samples/CAM_FRONT_LEFT/n015-2018-07-18-11-50-34+0800__CAM_FRONT_LEFT__1531886200004844.jpg", "samples/CAM_FRONT/n015-2018-07-18-11-50-34+0800__CAM_FRONT__1531886200012465.jpg", "samples/CAM_FRONT_RIGHT/n015-2018-07-18-11-50-34+0800__CAM_FRONT_RIGHT__1531886200020339.jpg", "samples/CAM_BACK_LEFT/n015-2018-07-18-11-50-34+0800__CAM_BACK_LEFT__1531886200047423.jpg", "samples/CAM_BACK/n015-2018-07-18-11-50-34+0800__CAM_BACK__1531886200037525.jpg", "samples/CAM_BACK_RIGHT/n015-2018-07-18-11-50-34+0800__CAM_BACK_RIGHT__1531886200027893.jpg"], "intrinsics": [[[1272.5979470598488, 0.0, 826.6154927353808], [0.0, 1272.5979470598488, 479.75165386361925], [0.0, 0.0, 1.0]], [[1266.417203046554, 0.0, 816.2670197447984], [0.0, 1266.417203046554, 491.50706579294757], [0.0, 0.0, 1.0]], [[1260.8474446004698, 0.0, 807.968244525554], [0.0, 1260.8474446004698, 495.3344268742088], [0.0, 0.0, 1.0]], [[1256.7414812095406, 0.0, 792.1125740759628], [0.0, 1256.7414812095406, 492.7757465151356], [0.0, 0.0, 1.0]], [[809.2209905677063, 0.0, 829.2196003259838], [0.0, 809.2209905677063, 481.77842384512485], [0.0, 0.0, 1.0]], [[1259.5137405846733, 0.0, 807.2529053838625], [0.0, 1259.5137405846733, 501.19579884916527], [0.0, 0.0, 1.0]]], "extrinsics": [[[0.8214088082313538, -0.570074200630188, -0.017405927181243896, -0.6837158203125], [-0.03070523589849472, -0.013727109879255295, -0.999434232711792, 1.4978141784667969], [0.5695127248764038, 0.821478545665741, -0.028779828920960426, -1.0880126953125], [0.0, 0.0, 0.0, 1.0]], [[0.0073388065211474895, -0.9998176693916321, 0.017630262300372124, 0.00897216796875], [-0.03619515895843506, -0.01788477785885334, -0.9991847276687622, 1.5103492736816406], [0.9993177652359009, 0.006694689393043518, -0.03631981462240219, -1.410400390625], [0.0, 0.0, 0.0, 1.0]], [[-0.8320590257644653, -0.5540741682052612, 0.026064710691571236, 0.8485107421875], [-0.030802635475993156, -0.0007629333413206041, -0.9995251297950745, 1.4968109130859375], [0.5538309812545776, -0.8324668407440186, -0.0164321381598711, -1.12451171875], [0.0, 0.0, 0.0, 1.0]], [[0.9472594857215881, 0.3189147412776947, -0.03150962293148041, -1.12841796875], [-0.02267542853951454, -0.0313766710460186, -0.9992503523826599, 1.5882205963134766], [-0.31966432929039, 0.9472638964653015, -0.022490322589874268, -0.10821533203125], [0.0, 0.0, 0.0, 1.0]], [[0.0014948315219953656, 0.9997700452804565, -0.021391525864601135, 0.002410888671875], [-0.047881290316581726, -0.0212954580783844, -0.9986259937286377, 1.5750656127929688], [-0.9988518357276917, 0.002517042914405465, 0.047838445752859116, -0.088134765625], [0.0, 0.0, 0.0, 1.0]], [[-0.9350577592849731, 0.35429102182388306, 0.012038190849125385, 0.982666015625], [-0.015088542364537716, -0.0058484263718128204, -0.9998690485954285, 1.5489788055419922], [-0.35417425632476807, -0.9351169466972351, 0.01081435102969408, -0.1207275390625], [0.0, 0.0, 0.0, 1.0]]], "view": [[0.0, -2.0, 100.0], [-2.0, 0.0, 100.0], [0.0, 0.0, 1.0]], "bev": "bev_bcb22b3f028c4e6289864df5ddbd2b4b.png", "aux": "aux_bcb22b3f028c4e6289864df5ddbd2b4b.npz", "visibility": "visibility_bcb22b3f028c4e6289864df5ddbd2b4b.png", "pose": [[-0.2741867005825043, 0.9616764783859253, 0.0, 902.7935791015625], [-0.9616764783859253, -0.2741867005825043, 0.0, 1511.5802001953125], [0.0, 0.0, 1.0, 0.0], [0.0, 0.0, 0.0, 1.0]], "pose_inverse": [[-0.2741867005825043, -0.9616764783859253, 0.0, 1701.18505859375], [0.9616764783859253, -0.2741867005825043, 0.0, -453.74017333984375], [0.0, 0.0, 1.0, 0.0], [0.0, 0.0, 0.0, 1.0]], "cam_ids": [0, 1, 2, 3, 4, 5], "cam_channels": ["CAM_FRONT_LEFT", "CAM_FRONT", "CAM_FRONT_RIGHT", "CAM_BACK_LEFT", "CAM_BACK", "CAM_BACK_RIGHT"], "token": "bcb22b3f028c4e6289864df5ddbd2b4b", "scene": "scene-0030"}, {"images": ["samples/CAM_FRONT_LEFT/n015-2018-07-18-11-50-34+0800__CAM_FRONT_LEFT__1531886200404844.jpg", "samples/CAM_FRONT/n015-2018-07-18-11-50-34+0800__CAM_FRONT__1531886200412465.jpg", "samples/CAM_FRONT_RIGHT/n015-2018-07-18-11-50-34+0800__CAM_FRONT_RIGHT__1531886200420339.jpg", "samples/CAM_BACK_LEFT/n015-2018-07-18-11-50-34+0800__CAM_BACK_LEFT__1531886200447423.jpg", "samples/CAM_BACK/n015-2018-07-18-11-50-34+0800__CAM_BACK__1531886200437525.jpg", "samples/CAM_BACK_RIGHT/n015-2018-07-18-11-50-34+0800__CAM_BACK_RIGHT__1531886200427893.jpg"], "intrinsics": [[[1272.5979470598488, 0.0, 826.6154927353808], [0.0, 1272.5979470598488, 479.75165386361925], [0.0, 0.0, 1.0]], [[1266.417203046554, 0.0, 816.2670197447984], [0.0, 1266.417203046554, 491.50706579294757], [0.0, 0.0, 1.0]], [[1260.8474446004698, 0.0, 807.968244525554], [0.0, 1260.8474446004698, 495.3344268742088], [0.0, 0.0, 1.0]], [[1256.7414812095406, 0.0, 792.1125740759628], [0.0, 1256.7414812095406, 492.7757465151356], [0.0, 0.0, 1.0]], [[809.2209905677063, 0.0, 829.2196003259838], [0.0, 809.2209905677063, 481.77842384512485], [0.0, 0.0, 1.0]], [[1259.5137405846733, 0.0, 807.2529053838625], [0.0, 1259.5137405846733, 501.19579884916527], [0.0, 0.0, 1.0]]], "extrinsics": [[[0.8210238218307495, -0.5706166625022888, -0.017786920070648193, -0.6707763671875], [-0.032235752791166306, -0.015230386517941952, -0.9993642568588257, 1.4966850280761719], [0.5699830055236816, 0.8210752606391907, -0.030898774042725563, -1.0755615234375], [0.0, 0.0, 0.0, 1.0]], [[0.006841650698333979, -0.9997977614402771, 0.018907126039266586, 0.006805419921875], [-0.037532538175582886, -0.01915098913013935, -0.9991118907928467, 1.5092620849609375], [0.9992719888687134, 0.006125899031758308, -0.03765597194433212, -1.3924560546875], [0.0, 0.0, 0.0, 1.0]], [[-0.832254946231842, -0.5537065267562866, 0.02758120559155941, 0.8326416015625], [-0.03193167969584465, -0.0017911873292177916, -0.9994884133338928, 1.4959793090820312], [0.553472638130188, -0.8327099084854126, -0.016190053895115852, -1.1160888671875], [0.0, 0.0, 0.0, 1.0]], [[0.9472957849502563, 0.318733274936676, -0.03224596753716469, -1.110595703125], [-0.023289203643798828, -0.03187326341867447, -0.9992205500602722, 1.5877685546875], [-0.31951257586479187, 0.9473083019256592, -0.022770361974835396, -0.114013671875], [0.0, 0.0, 0.0, 1.0]], [[0.0016527777770534158, 0.9997559189796448, -0.022032367065548897, 0.003143310546875], [-0.0486895889043808, -0.02192581258714199, -0.9985733032226562, 1.5740585327148438], [-0.9988125562667847, 0.0027231827843934298, 0.048641469329595566, -0.1068115234375], [0.0, 0.0, 0.0, 1.0]], [[-0.9349424839019775, 0.3545735478401184, 0.012653275392949581, 0.9656982421875], [-0.0160645991563797, -0.006678776349872351, -0.9998486638069153, 1.5485191345214844], [-0.3544353246688843, -0.9350042939186096, 0.01194035168737173, -0.1284942626953125], [0.0, 0.0, 0.0, 1.0]]], "view": [[0.0, -2.0, 100.0], [-2.0, 0.0, 100.0], [0.0, 0.0, 1.0]], "bev": "bev_62898c8684834ac48719edbbf9223bb2.png", "aux": "aux_62898c8684834ac48719edbbf9223bb2.npz", "visibility": "visibility_62898c8684834ac48719edbbf9223bb2.png", "pose": [[-0.2841399908065796, 0.9587827920913696, 0.0, 901.922119140625], [-0.9587827920913696, -0.2841399908065796, 0.0, 1508.628662109375], [0.0, 0.0, 1.0, 0.0], [0.0, 0.0, 0.0, 1.0]], "pose_inverse": [[-0.2841399908065796, -0.9587827920913696, 0.0, 1702.7193603515625], [0.9587827920913696, -0.2841399908065796, 0.0, -436.0856628417969], [0.0, 0.0, 1.0, 0.0], [0.0, 0.0, 0.0, 1.0]], "cam_ids": [0, 1, 2, 3, 4, 5], "cam_channels": ["CAM_FRONT_LEFT", "CAM_FRONT", "CAM_FRONT_RIGHT", "CAM_BACK_LEFT", "CAM_BACK", "CAM_BACK_RIGHT"], "token": "62898c8684834ac48719edbbf9223bb2", "scene": "scene-0030"}, {"images": ["samples/CAM_FRONT_LEFT/n015-2018-07-18-11-50-34+0800__CAM_FRONT_LEFT__1531886200904844.jpg", "samples/CAM_FRONT/n015-2018-07-18-11-50-34+0800__CAM_FRONT__1531886200912465.jpg", "samples/CAM_FRONT_RIGHT/n015-2018-07-18-11-50-34+0800__CAM_FRONT_RIGHT__1531886200920339.jpg", "samples/CAM_BACK_LEFT/n015-2018-07-18-11-50-34+0800__CAM_BACK_LEFT__1531886200947423.jpg", "samples/CAM_BACK/n015-2018-07-18-11-50-34+0800__CAM_BACK__1531886200937525.jpg", "samples/CAM_BACK_RIGHT/n015-2018-07-18-11-50-34+0800__CAM_BACK_RIGHT__1531886200927893.jpg"], "intrinsics": [[[1272.5979470598488, 0.0, 826.6154927353808], [0.0, 1272.5979470598488, 479.75165386361925], [0.0, 0.0, 1.0]], [[1266.417203046554, 0.0, 816.2670197447984], [0.0, 1266.417203046554, 491.50706579294757], [0.0, 0.0, 1.0]], [[1260.8474446004698, 0.0, 807.968244525554], [0.0, 1260.8474446004698, 495.3344268742088], [0.0, 0.0, 1.0]], [[1256.7414812095406, 0.0, 792.1125740759628], [0.0, 1256.7414812095406, 492.7757465151356], [0.0, 0.0, 1.0]], [[809.2209905677063, 0.0, 829.2196003259838], [0.0, 809.2209905677063, 481.77842384512485], [0.0, 0.0, 1.0]], [[1259.5137405846733, 0.0, 807.2529053838625], [0.0, 1259.5137405846733, 501.19579884916527], [0.0, 0.0, 1.0]]], "extrinsics": [[[0.8209360837936401, -0.5707488059997559, -0.017598746344447136, -0.6953125], [-0.03338709473609924, -0.017209576442837715, -0.9992943406105042, 1.4973106384277344], [0.5700432062149048, 0.8209443092346191, -0.03318360820412636, -1.09393310546875], [0.0, 0.0, 0.0, 1.0]], [[0.006784220691770315, -0.9997550249099731, 0.021064551547169685, 0.007598876953125], [-0.0387081503868103, -0.0213118027895689, -0.9990233182907104, 1.5100822448730469], [0.9992275238037109, 0.005962258204817772, -0.03884325176477432, -1.4219970703125], [0.0, 0.0, 0.0, 1.0]], [[-0.832247793674469, -0.5535978674888611, 0.029882993549108505, 0.85693359375], [-0.0331319198012352, -0.004140845499932766, -0.9994423985481262, 1.4966506958007812], [0.553412914276123, -0.8327738642692566, -0.014895549044013023, -1.13134765625], [0.0, 0.0, 0.0, 1.0]], [[0.9472637176513672, 0.31861189007759094, -0.03432046249508858, -1.136474609375], [-0.024534737691283226, -0.03467736020684242, -0.9990973472595215, 1.5883922576904297], [-0.3195143938064575, 0.9472507238388062, -0.025031551718711853, -0.10498046875], [0.0, 0.0, 0.0, 1.0]], [[0.0016317240661010146, 0.9996938109397888, -0.02469310164451599, 0.002838134765625], [-0.049912210553884506, -0.0245809406042099, -0.9984511137008667, 1.5752944946289062], [-0.998752236366272, 0.002861705841496587, 0.04985681548714638, -0.0797119140625], [0.0, 0.0, 0.0, 1.0]], [[-0.934916615486145, 0.3546328842639923, 0.012901519425213337, 0.9918212890625], [-0.017279742285609245, -0.009181521832942963, -0.9998085498809814, 1.548788070678711], [-0.35444653034210205, -0.9349605441093445, 0.014711922034621239, -0.1179962158203125], [0.0, 0.0, 0.0, 1.0]]], "view": [[0.0, -2.0, 100.0], [-2.0, 0.0, 100.0], [0.0, 0.0, 1.0]], "bev": "bev_1cff332ca9fe445aad327bdd01c29e70.png", "aux": "aux_1cff332ca9fe445aad327bdd01c29e70.npz", "visibility": "visibility_1cff332ca9fe445aad327bdd01c29e70.png", "pose": [[-0.29380732774734497, 0.955864667892456, 0.0, 900.822021484375], [-0.955864667892456, -0.29380732774734497, 0.0, 1505.0455322265625], [0.0, 0.0, 1.0, 0.0], [0.0, 0.0, 0.0, 1.0]], "pose_inverse": [[-0.29380732774734497, -0.955864667892456, 0.0, 1703.2879638671875], [0.955864667892456, -0.29380732774734497, 0.0, -418.87054443359375], [0.0, 0.0, 1.0, 0.0], [0.0, 0.0, 0.0, 1.0]], "cam_ids": [0, 1, 2, 3, 4, 5], "cam_channels": ["CAM_FRONT_LEFT", "CAM_FRONT", "CAM_FRONT_RIGHT", "CAM_BACK_LEFT", "CAM_BACK", "CAM_BACK_RIGHT"], "token": "1cff332ca9fe445aad327bdd01c29e70", "scene": "scene-0030"}, {"images": ["samples/CAM_FRONT_LEFT/n015-2018-07-18-11-50-34+0800__CAM_FRONT_LEFT__1531886201404844.jpg", "samples/CAM_FRONT/n015-2018-07-18-11-50-34+0800__CAM_FRONT__1531886201412464.jpg", "samples/CAM_FRONT_RIGHT/n015-2018-07-18-11-50-34+0800__CAM_FRONT_RIGHT__1531886201420339.jpg", "samples/CAM_BACK_LEFT/n015-2018-07-18-11-50-34+0800__CAM_BACK_LEFT__1531886201447423.jpg", "samples/CAM_BACK/n015-2018-07-18-11-50-34+0800__CAM_BACK__1531886201437525.jpg", "samples/CAM_BACK_RIGHT/n015-2018-07-18-11-50-34+0800__CAM_BACK_RIGHT__1531886201427893.jpg"], "intrinsics": [[[1272.5979470598488, 0.0, 826.6154927353808], [0.0, 1272.5979470598488, 479.75165386361925], [0.0, 0.0, 1.0]], [[1266.417203046554, 0.0, 816.2670197447984], [0.0, 1266.417203046554, 491.50706579294757], [0.0, 0.0, 1.0]], [[1260.8474446004698, 0.0, 807.968244525554], [0.0, 1260.8474446004698, 495.3344268742088], [0.0, 0.0, 1.0]], [[1256.7414812095406, 0.0, 792.1125740759628], [0.0, 1256.7414812095406, 492.7757465151356], [0.0, 0.0, 1.0]], [[809.2209905677063, 0.0, 829.2196003259838], [0.0, 809.2209905677063, 481.77842384512485], [0.0, 0.0, 1.0]], [[1259.5137405846733, 0.0, 807.2529053838625], [0.0, 1259.5137405846733, 501.19579884916527], [0.0, 0.0, 1.0]]], "extrinsics": [[[0.821456253528595, -0.5701327919960022, -0.012578478083014488, -0.712158203125], [-0.0332317128777504, -0.025837967172265053, -0.9991136193275452, 1.4979820251464844], [0.5693023800849915, 0.8211461901664734, -0.040171246975660324, -1.10382080078125], [0.0, 0.0, 0.0, 1.0]], [[0.0075730192475020885, -0.9995307326316833, 0.02968015894293785, 0.00616455078125], [-0.03838051110506058, -0.029949676245450974, -0.9988142848014832, 1.5107841491699219], [0.9992344975471497, 0.006424865685403347, -0.03858931362628937, -1.43896484375], [0.0, 0.0, 0.0, 1.0]], [[-0.8318864703178406, -0.5538874268531799, 0.03425753116607666, 0.8682861328125], [-0.03264114260673523, -0.012787341140210629, -0.9993852972984314, 1.4972076416015625], [0.5539849996566772, -0.8324933648109436, -0.0074419016018509865, -1.14013671875], [0.0, 0.0, 0.0, 1.0]], [[0.9471550583839417, 0.31874391436576843, -0.03605130314826965, -1.1396484375], [-0.02344333752989769, -0.043304622173309326, -0.9987868070602417, 1.5884742736816406], [-0.3199183940887451, 0.9468511939048767, -0.033543769270181656, -0.10418701171875], [0.0, 0.0, 0.0, 1.0]], [[0.0011888925218954682, 0.9994435906410217, -0.03333499655127525, 0.003173828125], [-0.04902268946170807, -0.03323668986558914, -0.9982445240020752, 1.5757522583007812], [-0.9987969398498535, 0.0028210021555423737, 0.04895589128136635, -0.07177734375], [0.0, 0.0, 0.0, 1.0]], [[-0.9351291060447693, 0.35418716073036194, 0.009217600338160992, 1.003173828125], [-0.01660909689962864, -0.017834609374403954, -0.9997029900550842, 1.5490798950195312], [-0.35391759872436523, -0.9350045323371887, 0.02256038784980774, -0.11444091796875], [0.0, 0.0, 0.0, 1.0]]], "view": [[0.0, -2.0, 100.0], [-2.0, 0.0, 100.0], [0.0, 0.0, 1.0]], "bev": "bev_4ec4d59515d94d4697fdbb1fa33b0015.png", "aux": "aux_4ec4d59515d94d4697fdbb1fa33b0015.npz", "visibility": "visibility_4ec4d59515d94d4697fdbb1fa33b0015.png", "pose": [[-0.3105197250843048, 0.9505669474601746, 0.0, 899.691650390625], [-0.9505669474601746, -0.3105197250843048, 0.0, 1501.5362548828125], [0.0, 0.0, 1.0, 0.0], [0.0, 0.0, 0.0, 1.0]], "pose_inverse": [[-0.3105197250843048, -0.9505669474601746, 0.0, 1706.6827392578125], [0.9505669474601746, -0.3105197250843048, 0.0, -388.96051025390625], [0.0, 0.0, 1.0, 0.0], [0.0, 0.0, 0.0, 1.0]], "cam_ids": [0, 1, 2, 3, 4, 5], "cam_channels": ["CAM_FRONT_LEFT", "CAM_FRONT", "CAM_FRONT_RIGHT", "CAM_BACK_LEFT", "CAM_BACK", "CAM_BACK_RIGHT"], "token": "4ec4d59515d94d4697fdbb1fa33b0015", "scene": "scene-0030"}, {"images": ["samples/CAM_FRONT_LEFT/n015-2018-07-18-11-50-34+0800__CAM_FRONT_LEFT__1531886201904844.jpg", "samples/CAM_FRONT/n015-2018-07-18-11-50-34+0800__CAM_FRONT__1531886201912464.jpg", "samples/CAM_FRONT_RIGHT/n015-2018-07-18-11-50-34+0800__CAM_FRONT_RIGHT__1531886201920339.jpg", "samples/CAM_BACK_LEFT/n015-2018-07-18-11-50-34+0800__CAM_BACK_LEFT__1531886201947423.jpg", "samples/CAM_BACK/n015-2018-07-18-11-50-34+0800__CAM_BACK__1531886201937525.jpg", "samples/CAM_BACK_RIGHT/n015-2018-07-18-11-50-34+0800__CAM_BACK_RIGHT__1531886201927893.jpg"], "intrinsics": [[[1272.5979470598488, 0.0, 826.6154927353808], [0.0, 1272.5979470598488, 479.75165386361925], [0.0, 0.0, 1.0]], [[1266.417203046554, 0.0, 816.2670197447984], [0.0, 1266.417203046554, 491.50706579294757], [0.0, 0.0, 1.0]], [[1260.8474446004698, 0.0, 807.968244525554], [0.0, 1260.8474446004698, 495.3344268742088], [0.0, 0.0, 1.0]], [[1256.7414812095406, 0.0, 792.1125740759628], [0.0, 1256.7414812095406, 492.7757465151356], [0.0, 0.0, 1.0]], [[809.2209905677063, 0.0, 829.2196003259838], [0.0, 809.2209905677063, 481.77842384512485], [0.0, 0.0, 1.0]], [[1259.5137405846733, 0.0, 807.2529053838625], [0.0, 1259.5137405846733, 501.19579884916527], [0.0, 0.0, 1.0]]], "extrinsics": [[[0.8215380311012268, -0.5700191855430603, -0.012383785098791122, -0.70556640625], [-0.03246057406067848, -0.025076761841773987, -0.9991583824157715, 1.4980239868164062], [0.5692288279533386, 0.8212485909461975, -0.03910466283559799, -1.1011962890625], [0.0, 0.0, 0.0, 1.0]], [[0.007731616031378508, -0.9995523691177368, 0.028899773955345154, 0.007537841796875], [-0.03783990815281868, -0.029172390699386597, -0.9988579154014587, 1.5107154846191406], [0.9992539286613464, 0.006629263516515493, -0.03804851695895195, -1.4327392578125], [0.0, 0.0, 0.0, 1.0]], [[-0.8317715525627136, -0.55410236120224, 0.03356526419520378, 0.8641357421875], [-0.03234183415770531, -0.0119910454377532, -0.9994048476219177, 1.4970970153808594], [0.5541750192642212, -0.832362174987793, -0.007946875877678394, -1.1361083984375], [0.0, 0.0, 0.0, 1.0]], [[0.9470173716545105, 0.31914475560188293, -0.03612073138356209, -1.137451171875], [-0.023795193061232567, -0.04243682697415352, -0.9988157749176025, 1.5884284973144531], [-0.3202996551990509, 0.9467553496360779, -0.03259430080652237, -0.1053466796875], [0.0, 0.0, 0.0, 1.0]], [[0.0008575223619118333, 0.9994712471961975, -0.032504379749298096, 0.00299072265625], [-0.0491592213511467, -0.032422956079244614, -0.9982645511627197, 1.5755691528320312], [-0.9987905621528625, 0.002453945577144623, 0.04910542070865631, -0.0751953125], [0.0, 0.0, 0.0, 1.0]], [[-0.9352247714996338, 0.3539293706417084, 0.009418544359505177, 0.99853515625], [-0.016512606292963028, -0.01702912524342537, -0.9997186660766602, 1.5490188598632812], [-0.3536694049835205, -0.9351171255111694, 0.021770358085632324, -0.1156005859375], [0.0, 0.0, 0.0, 1.0]]], "view": [[0.0, -2.0, 100.0], [-2.0, 0.0, 100.0], [0.0, 0.0, 1.0]], "bev": "bev_bc9925b35d7045f59dc456b6308b102e.png", "aux": "aux_bc9925b35d7045f59dc456b6308b102e.npz", "visibility": "visibility_bc9925b35d7045f59dc456b6308b102e.png", "pose": [[-0.3274427354335785, 0.9448710083961487, 0.0, 898.5197143554688], [-0.9448710083961487, -0.3274427354335785, 0.0, 1498.07666015625], [0.0, 0.0, 1.0, 0.0], [0.0, 0.0, 0.0, 1.0]], "pose_inverse": [[-0.3274427354335785, -0.9448710083961487, 0.0, 1709.7030029296875], [0.9448710083961487, -0.3274427354335785, 0.0, -358.4509582519531], [0.0, 0.0, 1.0, 0.0], [0.0, 0.0, 0.0, 1.0]], "cam_ids": [0, 1, 2, 3, 4, 5], "cam_channels": ["CAM_FRONT_LEFT", "CAM_FRONT", "CAM_FRONT_RIGHT", "CAM_BACK_LEFT", "CAM_BACK", "CAM_BACK_RIGHT"], "token": "bc9925b35d7045f59dc456b6308b102e", "scene": "scene-0030"}, {"images": ["samples/CAM_FRONT_LEFT/n015-2018-07-18-11-50-34+0800__CAM_FRONT_LEFT__1531886202404844.jpg", "samples/CAM_FRONT/n015-2018-07-18-11-50-34+0800__CAM_FRONT__1531886202412465.jpg", "samples/CAM_FRONT_RIGHT/n015-2018-07-18-11-50-34+0800__CAM_FRONT_RIGHT__1531886202420339.jpg", "samples/CAM_BACK_LEFT/n015-2018-07-18-11-50-34+0800__CAM_BACK_LEFT__1531886202447423.jpg", "samples/CAM_BACK/n015-2018-07-18-11-50-34+0800__CAM_BACK__1531886202437525.jpg", "samples/CAM_BACK_RIGHT/n015-2018-07-18-11-50-34+0800__CAM_BACK_RIGHT__1531886202427893.jpg"], "intrinsics": [[[1272.5979470598488, 0.0, 826.6154927353808], [0.0, 1272.5979470598488, 479.75165386361925], [0.0, 0.0, 1.0]], [[1266.417203046554, 0.0, 816.2670197447984], [0.0, 1266.417203046554, 491.50706579294757], [0.0, 0.0, 1.0]], [[1260.8474446004698, 0.0, 807.968244525554], [0.0, 1260.8474446004698, 495.3344268742088], [0.0, 0.0, 1.0]], [[1256.7414812095406, 0.0, 792.1125740759628], [0.0, 1256.7414812095406, 492.7757465151356], [0.0, 0.0, 1.0]], [[809.2209905677063, 0.0, 829.2196003259838], [0.0, 809.2209905677063, 481.77842384512485], [0.0, 0.0, 1.0]], [[1259.5137405846733, 0.0, 807.2529053838625], [0.0, 1259.5137405846733, 501.19579884916527], [0.0, 0.0, 1.0]]], "extrinsics": [[[0.8217136263847351, -0.5698056221008301, -0.010398857295513153, -0.70751953125], [-0.032507944852113724, -0.028646843507885933, -0.999060869216919, 1.498046875], [0.5689725875854492, 0.8212800025939941, -0.04206271469593048, -1.10150146484375], [0.0, 0.0, 0.0, 1.0]], [[0.007910319603979588, -0.9994434118270874, 0.03240770101547241, 0.0067138671875], [-0.037775587290525436, -0.03268425539135933, -0.9987516403198242, 1.510772705078125], [0.9992549419403076, 0.006676205433905125, -0.03801310434937477, -1.4344482421875], [0.0, 0.0, 0.0, 1.0]], [[-0.8317428231239319, -0.5540355443954468, 0.03533187136054039, 0.8651123046875], [-0.03216471150517464, -0.015444150194525719, -0.9993631839752197, 1.4971847534179688], [0.5542284250259399, -0.8323497772216797, -0.004974831361323595, -1.1376953125], [0.0, 0.0, 0.0, 1.0]], [[0.9471349716186523, 0.3187210261821747, -0.03677231818437576, -1.136962890625], [-0.02346564643085003, -0.045491110533475876, -0.9986890554428101, 1.5884170532226562], [-0.3199760317802429, 0.9467562437057495, -0.0356072261929512, -0.105224609375], [0.0, 0.0, 0.0, 1.0]], [[0.0010395681019872427, 0.9993612170219421, -0.03572329133749008, 0.003021240234375], [-0.0488581210374832