[{"images": ["samples/CAM_FRONT_LEFT/n008-2018-09-18-15-26-58-0400__CAM_FRONT_LEFT__1537298861354799.jpg", "samples/CAM_FRONT/n008-2018-09-18-15-26-58-0400__CAM_FRONT__1537298861362404.jpg", "samples/CAM_FRONT_RIGHT/n008-2018-09-18-15-26-58-0400__CAM_FRONT_RIGHT__1537298861370482.jpg", "samples/CAM_BACK_LEFT/n008-2018-09-18-15-26-58-0400__CAM_BACK_LEFT__1537298861397405.jpg", "samples/CAM_BACK/n008-2018-09-18-15-26-58-0400__CAM_BACK__1537298861387558.jpg", "samples/CAM_BACK_RIGHT/n008-2018-09-18-15-26-58-0400__CAM_BACK_RIGHT__1537298861378113.jpg"], "intrinsics": [[[1257.8625342125129, 0.0, 827.2410631095686], [0.0, 1257.8625342125129, 450.915498205774], [0.0, 0.0, 1.0]], [[1252.8131021185304, 0.0, 826.588114781398], [0.0, 1252.8131021185304, 469.9846626224581], [0.0, 0.0, 1.0]], [[1256.7485116440405, 0.0, 817.7887570959712], [0.0, 1256.7485116440403, 451.9541780095127], [0.0, 0.0, 1.0]], [[1254.9860565800168, 0.0, 829.5769333630991], [0.0, 1254.9860565800168, 467.1680561863987], [0.0, 0.0, 1.0]], [[796.8910634503094, 0.0, 857.7774326863696], [0.0, 796.8910634503094, 476.8848988407415], [0.0, 0.0, 1.0]], [[1249.9629280788233, 0.0, 825.3768045375984], [0.0, 1249.9629280788233, 462.54816385708756], [0.0, 0.0, 1.0]]], "extrinsics": [[[0.8227680921554565, -0.5683689713478088, 0.0030637248419225216, -0.79443359375], [0.017154796048998833, 0.01944463513791561, -0.9996637105941772, 1.4925899505615234], [0.5681182146072388, 0.8225440979003906, 0.02574867755174637, -1.191650390625], [0.0, 0.0, 0.0, 1.0]], [[0.010708737187087536, -0.9998279213905334, -0.015147821977734566, 0.010101318359375], [0.019167819991707802, 0.015351158566772938, -0.9996984004974365, 1.4841594696044922], [0.9997589588165283, 0.010415141470730305, 0.01932891272008419, -1.524169921875], [0.0, 0.0, 0.0, 1.0]], [[-0.8436276912689209, -0.5362706184387207, -0.026573888957500458, 0.953125], [0.027249721810221672, 0.006666060537099838, -0.9996063709259033, 1.4975357055664062], [0.5362366437911987, -0.8440198302268982, 0.008989551104605198, -1.18780517578125], [0.0, 0.0, 0.0, 1.0]], [[0.9478306174278259, 0.31864458322525024, 0.009105449542403221, -1.135986328125], [0.0022737286053597927, 0.021805334836244583, -0.9997596144676208, 1.5620529651641846], [-0.3187665045261383, 0.9476234316825867, 0.019943250343203545, -0.1591796875], [0.0, 0.0, 0.0, 1.0]], [[0.008979389443993568, 0.9998568892478943, 0.01433677040040493, -0.0292510986328125], [0.004253079183399677, 0.014299031347036362, -0.9998886585235596, 1.56832754611969], [-0.999950647354126, 0.009039314463734627, -0.004124075174331665, -0.021728515625], [0.0, 0.0, 0.0, 1.0]], [[-0.9237281680107117, 0.3828947842121124, -0.010862200520932674, 1.0482177734375], [0.00827411375939846, -0.008405481465160847, -0.9999304413795471, 1.5488243103027344], [-0.38295939564704895, -0.9237537384033203, 0.004596265032887459, -0.088531494140625], [0.0, 0.0, 0.0, 1.0]]], "view": [[0.0, -2.0, 100.0], [-2.0, 0.0, 100.0], [0.0, 0.0, 1.0]], "bev": "bev_711558af044d40ccaca5382d4502310f.png", "aux": "aux_711558af044d40ccaca5382d4502310f.npz", "visibility": "visibility_711558af044d40ccaca5382d4502310f.png", "pose": [[0.6727103590965271, -0.7399059534072876, 0.0, 1177.3607177734375], [0.7399059534072876, 0.6727103590965271, 0.0, 910.503662109375], [0.0, 0.0, 1.0, 0.0], [0.0, 0.0, 0.0, 1.0]], "pose_inverse": [[0.6727103590965271, 0.7399059534072876, 0.0, -1465.7098388671875], [-0.7399059534072876, 0.6727103590965271, 0.0, 258.6309509277344], [0.0, 0.0, 1.0, 0.0], [0.0, 0.0, 0.0, 1.0]], "cam_ids": [0, 1, 2, 3, 4, 5], "cam_channels": ["CAM_FRONT_LEFT", "CAM_FRONT", "CAM_FRONT_RIGHT", "CAM_BACK_LEFT", "CAM_BACK", "CAM_BACK_RIGHT"], "token": "711558af044d40ccaca5382d4502310f", "scene": "scene-0804"}, {"images": ["samples/CAM_FRONT_LEFT/n008-2018-09-18-15-26-58-0400__CAM_FRONT_LEFT__1537298861854799.jpg", "samples/CAM_FRONT/n008-2018-09-18-15-26-58-0400__CAM_FRONT__1537298861862404.jpg", "samples/CAM_FRONT_RIGHT/n008-2018-09-18-15-26-58-0400__CAM_FRONT_RIGHT__1537298861870482.jpg", "samples/CAM_BACK_LEFT/n008-2018-09-18-15-26-58-0400__CAM_BACK_LEFT__1537298861897405.jpg", "samples/CAM_BACK/n008-2018-09-18-15-26-58-0400__CAM_BACK__1537298861887558.jpg", "samples/CAM_BACK_RIGHT/n008-2018-09-18-15-26-58-0400__CAM_BACK_RIGHT__1537298861878113.jpg"], "intrinsics": [[[1257.8625342125129, 0.0, 827.2410631095686], [0.0, 1257.8625342125129, 450.915498205774], [0.0, 0.0, 1.0]], [[1252.8131021185304, 0.0, 826.588114781398], [0.0, 1252.8131021185304, 469.9846626224581], [0.0, 0.0, 1.0]], [[1256.7485116440405, 0.0, 817.7887570959712], [0.0, 1256.7485116440403, 451.9541780095127], [0.0, 0.0, 1.0]], [[1254.9860565800168, 0.0, 829.5769333630991], [0.0, 1254.9860565800168, 467.1680561863987], [0.0, 0.0, 1.0]], [[796.8910634503094, 0.0, 857.7774326863696], [0.0, 796.8910634503094, 476.8848988407415], [0.0, 0.0, 1.0]], [[1249.9629280788233, 0.0, 825.3768045375984], [0.0, 1249.9629280788233, 462.54816385708756], [0.0, 0.0, 1.0]]], "extrinsics": [[[0.8225647807121277, -0.5686714053153992, 0.00015175805310718715, -0.80908203125], [0.014794213697314262, 0.0211325753480196, -0.9996671676635742, 1.4917850494384766], [0.5684790015220642, 0.8222933411598206, 0.025795958936214447, -1.19915771484375], [0.0, 0.0, 0.0, 1.0]], [[0.010386365465819836, -0.9998056888580322, -0.016752788797020912, 0.008209228515625], [0.01671537756919861, 0.01692494936287403, -0.9997170567512512, 1.4834308624267578], [0.99980628490448, 0.010103382170200348, 0.01688791811466217, -1.5384521484375], [0.0, 0.0, 0.0, 1.0]], [[-0.8438095450401306, -0.5360514521598816, -0.02518662065267563, 0.962158203125], [0.024685025215148926, 0.008112388662993908, -0.9996623396873474, 1.4968338012695312], [0.5360747575759888, -0.8441463708877563, 0.006387131288647652, -1.195068359375], [0.0, 0.0, 0.0, 1.0]], [[0.9478652477264404, 0.3186072111129761, 0.006401877850294113, -1.141845703125], [-0.0009281041566282511, 0.022849204018712044, -0.9997384548187256, 1.5620503425598145], [-0.3186701834201813, 0.9476114511489868, 0.02195366472005844, -0.15631103515625], [0.0, 0.0, 0.0, 1.0]], [[0.009111589752137661, 0.9998385310173035, 0.015490878373384476, -0.0284881591796875], [0.0012884201714769006, 0.015479768626391888, -0.9998793005943298, 1.56813383102417], [-0.9999576210975647, 0.009130457416176796, -0.0011471667094156146, -0.013671875], [0.0, 0.0, 0.0, 1.0]], [[-0.9236955642700195, 0.38304662704467773, -0.007857338525354862, 1.057861328125], [0.005571107380092144, -0.007077501621097326, -0.999959409236908, 1.5484342575073242], [-0.3830867409706116, -0.9237018823623657, 0.0044034626334905624, -0.085845947265625], [0.0, 0.0, 0.0, 1.0]]], "view": [[0.0, -2.0, 100.0], [-2.0, 0.0, 100.0], [0.0, 0.0, 1.0]], "bev": "bev_7d5a63e5380c4209b9be0b2067c5ae75.png", "aux": "aux_7d5a63e5380c4209b9be0b2067c5ae75.npz", "visibility": "visibility_7d5a63e5380c4209b9be0b2067c5ae75.png", "pose": [[0.6718682646751404, -0.7406706809997559, 0.0, 1179.234375], [0.7406706809997559, 0.6718682646751404, 0.0, 912.5313720703125], [0.0, 0.0, 1.0, 0.0], [0.0, 0.0, 0.0, 1.0]], "pose_inverse": [[0.6718682646751404, 0.7406706809997559, 0.0, -1468.1754150390625], [-0.7406706809997559, 0.6718682646751404, 0.0, 260.323486328125], [0.0, 0.0, 1.0, 0.0], [0.0, 0.0, 0.0, 1.0]], "cam_ids": [0, 1, 2, 3, 4, 5], "cam_channels": ["CAM_FRONT_LEFT", "CAM_FRONT", "CAM_FRONT_RIGHT", "CAM_BACK_LEFT", "CAM_BACK", "CAM_BACK_RIGHT"], "token": "7d5a63e5380c4209b9be0b2067c5ae75", "scene": "scene-0804"}, {"images": ["samples/CAM_FRONT_LEFT/n008-2018-09-18-15-26-58-0400__CAM_FRONT_LEFT__1537298862354799.jpg", "samples/CAM_FRONT/n008-2018-09-18-15-26-58-0400__CAM_FRONT__1537298862362404.jpg", "samples/CAM_FRONT_RIGHT/n008-2018-09-18-15-26-58-0400__CAM_FRONT_RIGHT__1537298862370482.jpg", "samples/CAM_BACK_LEFT/n008-2018-09-18-15-26-58-0400__CAM_BACK_LEFT__1537298862397405.jpg", "samples/CAM_BACK/n008-2018-09-18-15-26-58-0400__CAM_BACK__1537298862387558.jpg", "samples/CAM_BACK_RIGHT/n008-2018-09-18-15-26-58-0400__CAM_BACK_RIGHT__1537298862378113.jpg"], "intrinsics": [[[1257.8625342125129, 0.0, 827.2410631095686], [0.0, 1257.8625342125129, 450.915498205774], [0.0, 0.0, 1.0]], [[1252.8131021185304, 0.0, 826.588114781398], [0.0, 1252.8131021185304, 469.9846626224581], [0.0, 0.0, 1.0]], [[1256.7485116440405, 0.0, 817.7887570959712], [0.0, 1256.7485116440403, 451.9541780095127], [0.0, 0.0, 1.0]], [[1254.9860565800168, 0.0, 829.5769333630991], [0.0, 1254.9860565800168, 467.1680561863987], [0.0, 0.0, 1.0]], [[796.8910634503094, 0.0, 857.7774326863696], [0.0, 796.8910634503094, 476.8848988407415], [0.0, 0.0, 1.0]], [[1249.9629280788233, 0.0, 825.3768045375984], [0.0, 1249.9629280788233, 462.54816385708756], [0.0, 0.0, 1.0]]], "extrinsics": [[[0.8225225806236267, -0.5686863660812378, -0.007241664454340935, -0.8043212890625], [0.009640011005103588, 0.02667178027331829, -0.9995977282524109, 1.4905505180358887], [0.5686507821083069, 0.8221219182014465, 0.0274202823638916, -1.19805908203125], [0.0, 0.0, 0.0, 1.0]], [[0.01020513940602541, -0.9996947050094604, -0.022500386461615562, 0.009674072265625], [0.011471658013761044, 0.022617124021053314, -0.999678373336792, 1.4824142456054688], [0.9998820424079895, 0.009943799115717411, 0.011698967777192593, -1.5343017578125], [0.0, 0.0, 0.0, 1.0]], [[-0.8439637422561646, -0.5358710885047913, -0.023819690570235252, 0.9605712890625], [0.0193481482565403, 0.013965620659291744, -0.999715268611908, 1.4960479736328125], [0.5360510945320129, -0.8441843390464783, -0.0014183649327605963, -1.19293212890625], [0.0, 0.0, 0.0, 1.0]], [[0.9478669762611389, 0.3186508119106293, 0.003129503456875682, -1.1416015625], [-0.006505886092782021, 0.029169300571084023, -0.9995533227920532, 1.5620307922363281], [-0.3185997009277344, 0.9474232196807861, 0.02972172573208809, -0.15679931640625], [0.0, 0.0, 0.0, 1.0]], [[0.009181678295135498, 0.9997242093086243, 0.02161227911710739, -0.0290985107421875], [-0.004200246650725603, 0.021651554852724075, -0.9997566938400269, 1.5677995681762695], [-0.999949038028717, 0.009088663384318352, 0.004397887270897627, -0.0142822265625], [0.0, 0.0, 0.0, 1.0]], [[-0.9237140417098999, 0.38308215141296387, -0.0005521654384210706, 1.056640625], [0.00015054891991894692, -0.0010783607140183449, -0.9999994039535522, 1.5478291511535645], [-0.3830825090408325, -0.9237136840820312, 0.0009384243167005479, -0.085418701171875], [0.0, 0.0, 0.0, 1.0]]], "view": [[0.0, -2.0, 100.0], [-2.0, 0.0, 100.0], [0.0, 0.0, 1.0]], "bev": "bev_fb53173b2bc64a11af776d37774d540e.png", "aux": "aux_fb53173b2bc64a11af776d37774d540e.npz", "visibility": "visibility_fb53173b2bc64a11af776d37774d540e.png", "pose": [[0.6687121987342834, -0.7435213327407837, 0.0, 1181.11669921875], [0.7435213327407837, 0.6687121987342834, 0.0, 914.578125], [0.0, 0.0, 1.0, 0.0], [0.0, 0.0, 0.0, 1.0]], "pose_inverse": [[0.6687121987342834, 0.7435213327407837, 0.0, -1469.8355712890625], [-0.7435213327407837, 0.6687121987342834, 0.0, 266.59588623046875], [0.0, 0.0, 1.0, 0.0], [0.0, 0.0, 0.0, 1.0]], "cam_ids": [0, 1, 2, 3, 4, 5], "cam_channels": ["CAM_FRONT_LEFT", "CAM_FRONT", "CAM_FRONT_RIGHT", "CAM_BACK_LEFT", "CAM_BACK", "CAM_BACK_RIGHT"], "token": "fb53173b2bc64a11af776d37774d540e", "scene": "scene-0804"}, {"images": ["samples/CAM_FRONT_LEFT/n008-2018-09-18-15-26-58-0400__CAM_FRONT_LEFT__1537298862854799.jpg", "samples/CAM_FRONT/n008-2018-09-18-15-26-58-0400__CAM_FRONT__1537298862862404.jpg", "samples/CAM_FRONT_RIGHT/n008-2018-09-18-15-26-58-0400__CAM_FRONT_RIGHT__1537298862870482.jpg", "samples/CAM_BACK_LEFT/n008-2018-09-18-15-26-58-0400__CAM_BACK_LEFT__1537298862897405.jpg", "samples/CAM_BACK/n008-2018-09-18-15-26-58-0400__CAM_BACK__1537298862887558.jpg", "samples/CAM_BACK_RIGHT/n008-2018-09-18-15-26-58-0400__CAM_BACK_RIGHT__1537298862878113.jpg"], "intrinsics": [[[1257.8625342125129, 0.0, 827.2410631095686], [0.0, 1257.8625342125129, 450.915498205774], [0.0, 0.0, 1.0]], [[1252.8131021185304, 0.0, 826.588114781398], [0.0, 1252.8131021185304, 469.9846626224581], [0.0, 0.0, 1.0]], [[1256.7485116440405, 0.0, 817.7887570959712], [0.0, 1256.7485116440403, 451.9541780095127], [0.0, 0.0, 1.0]], [[1254.9860565800168, 0.0, 829.5769333630991], [0.0, 1254.9860565800168, 467.1680561863987], [0.0, 0.0, 1.0]], [[796.8910634503094, 0.0, 857.7774326863696], [0.0, 796.8910634503094, 476.8848988407415], [0.0, 0.0, 1.0]], [[1249.9629280788233, 0.0, 825.3768045375984], [0.0, 1249.9629280788233, 462.54816385708756], [0.0, 0.0, 1.0]]], "extrinsics": [[[0.8225840926170349, -0.5685744881629944, -0.008861842565238476, -0.8114013671875], [0.007960361428558826, 0.027096491307020187, -0.9996010661125183, 1.4900965690612793], [0.5685878396034241, 0.8221853971481323, 0.026815198361873627, -1.20220947265625], [0.0, 0.0, 0.0, 1.0]], [[0.01034500915557146, -0.9996817708015442, -0.023008156567811966, 0.009307861328125], [0.009910495951771736, 0.023110760375857353, -0.9996837973594666, 1.4820337295532227], [0.9998973608016968, 0.010113692842423916, 0.010146423242986202, -1.541748046875], [0.0, 0.0, 0.0, 1.0]], [[-0.8439227342605591, -0.5359742045402527, -0.022936323657631874, 0.965087890625], [0.01794186234474182, 0.014531789347529411, -0.9997334480285645, 1.4957389831542969], [0.5361646413803101, -0.844109296798706, -0.0026473330799490213, -1.19598388671875], [0.0, 0.0, 0.0, 1.0]], [[0.9479215741157532, 0.31849342584609985, 0.0025610264856368303, -1.1407470703125], [-0.007340901531279087, 0.029885737225413322, -0.9995263814926147, 1.562021255493164], [-0.3184191584587097, 0.9474538564682007, 0.030667366459965706, -0.1571044921875], [0.0, 0.0, 0.0, 1.0]], [[0.009212515316903591, 0.9997090101242065, 0.022294558584690094, -0.02886962890625], [-0.00518124271184206, 0.022342925891280174, -0.9997369050979614, 1.5677547454833984], [-0.9999441504478455, 0.009094606153666973, 0.00538557069376111, -0.0130615234375], [0.0, 0.0, 0.0, 1.0]], [[-0.9237531423568726, 0.3829875886440277, 0.0008246442303061485, 1.059814453125], [-0.0010783359175547957, -0.00044772413093596697, -0.9999993443489075, 1.5476950407028198], [-0.3829869031906128, -0.9237533807754517, 0.0008265760843642056, -0.084381103515625], [0.0, 0.0, 0.0, 1.0]]], "view": [[0.0, -2.0, 100.0], [-2.0, 0.0, 100.0], [0.0, 0.0, 1.0]], "bev": "bev_2a93278a95104e4bb5f328dfede013dd.png", "aux": "aux_2a93278a95104e4bb5f328dfede013dd.npz", "visibility": "visibility_2a93278a95104e4bb5f328dfede013dd.png", "pose": [[0.6656879186630249, -0.7462302446365356, 0.0, 1182.9688720703125], [0.7462302446365356, 0.6656879186630249, 0.0, 916.6077270507812], [0.0, 0.0, 1.0, 0.0], [0.0, 0.0, 0.0, 1.0]], "pose_inverse": [[0.6656879186630249, 0.7462302446365356, 0.0, -1471.488525390625], [-0.7462302446365356, 0.6656879186630249, 0.0, 272.59246826171875], [0.0, 0.0, 1.0, 0.0], [0.0, 0.0, 0.0, 1.0]], "cam_ids": [0, 1, 2, 3, 4, 5], "cam_channels": ["CAM_FRONT_LEFT", "CAM_FRONT", "CAM_FRONT_RIGHT", "CAM_BACK_LEFT", "CAM_BACK", "CAM_BACK_RIGHT"], "token": "2a93278a95104e4bb5f328dfede013dd", "scene": "scene-0804"}, {"images": ["samples/CAM_FRONT_LEFT/n008-2018-09-18-15-26-58-0400__CAM_FRONT_LEFT__1537298863354799.jpg", "samples/CAM_FRONT/n008-2018-09-18-15-26-58-0400__CAM_FRONT__1537298863362404.jpg", "samples/CAM_FRONT_RIGHT/n008-2018-09-18-15-26-58-0400__CAM_FRONT_RIGHT__1537298863370482.jpg", "samples/CAM_BACK_LEFT/n008-2018-09-18-15-26-58-0400__CAM_BACK_LEFT__1537298863397405.jpg", "samples/CAM_BACK/n008-2018-09-18-15-26-58-0400__CAM_BACK__1537298863387558.jpg", "samples/CAM_BACK_RIGHT/n008-2018-09-18-15-26-58-0400__CAM_BACK_RIGHT__1537298863378113.jpg"], "intrinsics": [[[1257.8625342125129, 0.0, 827.2410631095686], [0.0, 1257.8625342125129, 450.915498205774], [0.0, 0.0, 1.0]], [[1252.8131021185304, 0.0, 826.588114781398], [0.0, 1252.8131021185304, 469.9846626224581], [0.0, 0.0, 1.0]], [[1256.7485116440405, 0.0, 817.7887570959712], [0.0, 1256.7485116440403, 451.9541780095127], [0.0, 0.0, 1.0]], [[1254.9860565800168, 0.0, 829.5769333630991], [0.0, 1254.9860565800168, 467.1680561863987], [0.0, 0.0, 1.0]], [[796.8910634503094, 0.0, 857.7774326863696], [0.0, 796.8910634503094, 476.8848988407415], [0.0, 0.0, 1.0]], [[1249.9629280788233, 0.0, 825.3768045375984], [0.0, 1249.9629280788233, 462.54816385708756], [0.0, 0.0, 1.0]]], "extrinsics": [[[0.8228101134300232, -0.5682586431503296, -0.00810489896684885, -0.824462890625], [0.009084844030439854, 0.027411146089434624, -0.9995829463005066, 1.4902429580688477], [0.5682438611984253, 0.8223933577537537, 0.027716707438230515, -1.210205078125], [0.0, 0.0, 0.0, 1.0]], [[0.01065793540328741, -0.9996755719184875, -0.02313108928501606, 0.008392333984375], [0.010999632999300957, 0.023248212411999702, -0.9996691942214966, 1.4821224212646484], [0.9998826384544373, 0.010399952530860901, 0.011243842542171478, -1.554443359375], [0.0, 0.0, 0.0, 1.0]], [[-0.8437784314155579, -0.5361611247062683, -0.0238580834120512, 0.9732666015625], [0.019044693559408188, 0.014513812027871609, -0.9997133016586304, 1.4957160949707031], [0.5363536477088928, -0.8439909815788269, -0.002035419223830104, -1.20196533203125], [0.0, 0.0, 0.0, 1.0]], [[0.9478241205215454, 0.31877511739730835, 0.0034468232188373804, -1.1405029296875], [-0.006308317184448242, 0.029564497992396355, -0.9995430111885071, 1.562032699584961], [-0.31873127818107605, 0.9473692774772644, 0.03003287874162197, -0.1568603515625], [0.0, 0.0, 0.0, 1.0]], [[0.008999036625027657, 0.9997164011001587, 0.022051485255360603, -0.028533935546875], [-0.004217724781483412, 0.02209012769162655, -0.9997470378875732, 1.5678339004516602], [-0.9999505877494812, 0.008903821930289268, 0.0044153183698654175, -0.00927734375], [0.0, 0.0, 0.0, 1.0]], [[-0.9238138198852539, 0.3828417658805847, -0.0002602584136184305, 1.0667724609375], [3.866827682941221e-05, -0.0005864985869266093, -0.9999998211860657, 1.5478163957595825], [-0.38284191489219666, -0.9238137006759644, 0.0005270130350254476, -0.081878662109375], [0.0, 0.0, 0.0, 1.0]]], "view": [[0.0, -2.0, 100.0], [-2.0, 0.0, 100.0], [0.0, 0.0, 1.0]], "bev": "bev_be423b951df0432aa4be674066844c30.png", "aux": "aux_be423b951df0432aa4be674066844c30.npz", "visibility": "visibility_be423b951df0432aa4be674066844c30.png", "pose": [[0.6686913371086121, -0.7435401082038879, 0.0, 1184.712646484375], [0.7435401082038879, 0.6686913371086121, 0.0, 918.5260009765625], [0.0, 0.0, 1.0, 0.0], [0.0, 0.0, 0.0, 1.0]], "pose_inverse": [[0.6686913371086121, 0.7435401082038879, 0.0, -1475.16796875], [-0.7435401082038879, 0.6686913371086121, 0.0, 266.6710205078125], [0.0, 0.0, 1.0, 0.0], [0.0, 0.0, 0.0, 1.0]], "cam_ids": [0, 1, 2, 3, 4, 5], "cam_channels": ["CAM_FRONT_LEFT", "CAM_FRONT", "CAM_FRONT_RIGHT", "CAM_BACK_LEFT", "CAM_BACK", "CAM_BACK_RIGHT"], "token": "be423b951df0432aa4be674066844c30", "scene": "scene-0804"}, {"images": ["samples/CAM_FRONT_LEFT/n008-2018-09-18-15-26-58-0400__CAM_FRONT_LEFT__1537298863904799.jpg", "samples/CAM_FRONT/n008-2018-09-18-15-26-58-0400__CAM_FRONT__1537298863912404.jpg", "samples/CAM_FRONT_RIGHT/n008-2018-09-18-15-26-58-0400__CAM_FRONT_RIGHT__1537298863920482.jpg", "samples/CAM_BACK_LEFT/n008-2018-09-18-15-26-58-0400__CAM_BACK_LEFT__1537298863947414.jpg", "samples/CAM_BACK/n008-2018-09-18-15-26-58-0400__CAM_BACK__1537298863939684.jpg", "samples/CAM_BACK_RIGHT/n008-2018-09-18-15-26-58-0400__CAM_BACK_RIGHT__1537298863928113.jpg"], "intrinsics": [[[1257.8625342125129, 0.0, 827.2410631095686], [0.0, 1257.8625342125129, 450.915498205774], [0.0, 0.0, 1.0]], [[1252.8131021185304, 0.0, 826.588114781398], [0.0, 1252.8131021185304, 469.9846626224581], [0.0, 0.0, 1.0]], [[1256.7485116440405, 0.0, 817.7887570959712], [0.0, 1256.7485116440403, 451.9541780095127], [0.0, 0.0, 1.0]], [[1254.9860565800168, 0.0, 829.5769333630991], [0.0, 1254.9860565800168, 467.1680561863987], [0.0, 0.0, 1.0]], [[796.8910634503094, 0.0, 857.7774326863696], [0.0, 796.8910634503094, 476.8848988407415], [0.0, 0.0, 1.0]], [[1249.9629280788233, 0.0, 825.3768045375984], [0.0, 1249.9629280788233, 462.54816385708756], [0.0, 0.0, 1.0]]], "extrinsics": [[[0.822297215461731, -0.5690122246742249, -0.007234572898596525, -0.8455810546875], [0.008934665471315384, 0.02562134712934494, -0.9996318221092224, 1.4899377822875977], [0.5689880847930908, 0.8219298124313354, 0.026152299717068672, -1.22625732421875], [0.0, 0.0, 0.0, 1.0]], [[0.00994925107806921, -0.9997232556343079, -0.02131785824894905, 0.009490966796875], [0.010708647780120373, 0.02142421528697014, -0.999713122844696, 1.4818010330200195], [0.9998931884765625, 0.009718033485114574, 0.010918837040662766, -1.577392578125], [0.0, 0.0, 0.0, 1.0]], [[-0.8440626263618469, -0.5357748866081238, -0.02243983745574951, 0.9898681640625], [0.018555056303739548, 0.012640667147934437, -0.9997479319572449, 1.4952850341796875], [0.535923421382904, -0.8442662954330444, -0.0007281831349246204, -1.21136474609375], [0.0, 0.0, 0.0, 1.0]], [[0.9478659629821777, 0.3186631500720978, 0.0019907220266759396, -1.142578125], [-0.007137242704629898, 0.02747437357902527, -0.9995970129966736, 1.5620250701904297], [-0.31858938932418823, 0.9474697709083557, 0.028316399082541466, -0.15679931640625], [0.0, 0.0, 0.0, 1.0]], [[0.009239669889211655, 0.9997572302818298, 0.019998693838715553, -0.02899169921875], [-0.004920391831547022, 0.020044758915901184, -0.9997869729995728, 1.5678739547729492], [-0.9999452829360962, 0.009139219298958778, 0.00510440394282341, 0.00830078125], [0.0, 0.0, 0.0, 1.0]], [[-0.9236740469932556, 0.3831787407398224, -0.0004581466200761497, 1.0797119140625], [-0.0005517928511835635, -0.0025257731322199106, -0.9999966621398926, 1.547768235206604], [-0.3831786513328552, -0.923670768737793, 0.0025444268248975277, -0.0758056640625], [0.0, 0.0, 0.0, 1.0]]], "view": [[0.0, -2.0, 100.0], [-2.0, 0.0, 100.0], [0.0, 0.0, 1.0]], "bev": "bev_f5b1f5ff698c4aa388917b5546848882.png", "aux": "aux_f5b1f5ff698c4aa388917b5546848882.npz", "visibility": "visibility_f5b1f5ff698c4aa388917b5546848882.png", "pose": [[0.6660766005516052, -0.7458833456039429, 0.0, 1186.4862060546875], [0.7458833456039429, 0.6660766005516052, 0.0, 920.4625854492188], [0.0, 0.0, 1.0, 0.0], [0.0, 0.0, 0.0, 1.0]], "pose_inverse": [[0.6660766005516052, 0.7458833456039429, 0.0, -1476.848388671875], [-0.7458833456039429, 0.6660766005516052, 0.0, 271.88165283203125], [0.0, 0.0, 1.0, 0.0], [0.0, 0.0, 0.0, 1.0]], "cam_ids": [0, 1, 2, 3, 4, 5], "cam_channels": ["CAM_FRONT_LEFT", "CAM_FRONT", "CAM_FRONT_RIGHT", "CAM_BACK_LEFT", "CAM_BACK", "CAM_BACK_RIGHT"], "token": "f5b1f5ff698c4aa388917b5546848882", "scene": "scene-0804"}, {"images": ["samples/CAM_FRONT_LEFT/n008-2018-09-18-15-26-58-0400__CAM_FRONT_LEFT__1537298864404799.jpg", "samples/CAM_FRONT/n008-2018-09-18-15-26-58-0400__CAM_FRONT__1537298864412404.jpg", "samples/CAM_FRONT_RIGHT/n008-2018-09-18-15-26-58-0400__CAM_FRONT_RIGHT__1537298864420482.jpg", "samples/CAM_BACK_LEFT/n008-2018-09-18-15-26-58-0400__CAM_BACK_LEFT__1537298864447405.jpg", "samples/CAM_BACK/n008-2018-09-18-15-26-58-0400__CAM_BACK__1537298864437558.jpg", "samples/CAM_BACK_RIGHT/n008-2018-09-18-15-26-58-0400__CAM_BACK_RIGHT__1537298864428113.jpg"], "intrinsics": [[[1257.8625342125129, 0.0, 827.2410631095686], [0.0, 1257.8625342125129, 450.915498205774], [0.0, 0.0, 1.0]], [[1252.8131021185304, 0.0, 826.588114781398], [0.0, 1252.8131021185304, 469.9846626224581], [0.0, 0.0, 1.0]], [[1256.7485116440405, 0.0, 817.7887570959712], [0.0, 1256.7485116440403, 451.9541780095127], [0.0, 0.0, 1.0]], [[1254.9860565800168, 0.0, 829.5769333630991], [0.0, 1254.9860565800168, 467.1680561863987], [0.0, 0.0, 1.0]], [[796.8910634503094, 0.0, 857.7774326863696], [0.0, 796.8910634503094, 476.8848988407415], [0.0, 0.0, 1.0]], [[1249.9629280788233, 0.0, 825.3768045375984], [0.0, 1249.9629280788233, 462.54816385708756], [0.0, 0.0, 1.0]]], "extrinsics": [[[0.8224716186523438, -0.5687578320503235, -0.007415326777845621, -0.8475341796875], [0.007043532095849514, 0.023219456896185875, -0.9997055530548096, 1.4895637035369873], [0.5687626004219055, 0.8221772313117981, 0.02310340665280819, -1.2279052734375], [0.0, 0.0, 0.0, 1.0]], [[0.010191589593887329, -0.999765932559967, -0.01908378303050995, 0.0093994140625], [0.00909531768411398, 0.019176669418811798, -0.9997747540473938, 1.4815425872802734], [0.9999067783355713, 0.010015699081122875, 0.00928862951695919, -1.5782470703125], [0.0, 0.0, 0.0, 1.0]], [[-0.8439755439758301, -0.5360013246536255, -0.020198408514261246, 0.9892578125], [0.017220452427864075, 0.010560886934399605, -0.9997959136962891, 1.4951419830322266], [0.536105215549469, -0.8441510796546936, 0.0003170534619130194, -1.2109375], [0.0, 0.0, 0.0, 1.0]], [[0.9478761553764343, 0.31863778829574585, 0.000914348172955215, -1.1378173828125], [-0.007786081172525883, 0.026030348613858223, -0.9996308088302612, 1.561990737915039], [-0.3185439109802246, 0.947519063949585, 0.027154482901096344, -0.158203125], [0.0, 0.0, 0.0, 1.0]], [[0.009198887273669243, 0.9997895956039429, 0.01833912916481495, -0.02923583984375], [-0.005825339816510677, 0.018393173813819885, -0.9998138546943665, 1.5677623748779297], [-0.9999407529830933, 0.009090341627597809, 0.005993309430778027, -0.00390625], [0.0, 0.0, 0.0, 1.0]], [[-0.923732578754425, 0.38303810358047485, -5.222371328272857e-05, 1.078125], [-0.0017780789639800787, -0.004424345679581165, -0.9999886155128479, 1.5476611852645874], [-0.38303396105766296, -0.923721969127655, 0.00476798415184021, -0.076263427734375], [0.0, 0.0, 0.0, 1.0]]], "view": [[0.0, -2.0, 100.0], [-2.0, 0.0, 100.0], [0.0, 0.0, 1.0]], "bev": "bev_0125501a6c9d4109be548027954d4654.png", "aux": "aux_0125501a6c9d4109be548027954d4654.npz", "visibility": "visibility_0125501a6c9d4109be548027954d4654.png", "pose": [[0.6619498133659363, -0.7495481967926025, 0.0, 1187.982421875], [0.7495481967926025, 0.6619498133659363, 0.0, 922.11474609375], [0.0, 0.0, 1.0, 0.0], [0.0, 0.0, 0.0, 1.0]], "pose_inverse": [[0.6619498133659363, 0.7495481967926025, 0.0, -1477.55419921875], [-0.7495481967926025, 0.6619498133659363, 0.0, 280.0563659667969], [0.0, 0.0, 1.0, 0.0], [0.0, 0.0, 0.0, 1.0]], "cam_ids": [0, 1, 2, 3, 4, 5], "cam_channels": ["CAM_FRONT_LEFT", "CAM_FRONT", "CAM_FRONT_RIGHT", "CAM_BACK_LEFT", "CAM_BACK", "CAM_BACK_RIGHT"], "token": "0125501a6c9d4109be548027954d4654", "scene": "scene-0804"}, {"images": ["samples/CAM_FRONT_LEFT/n008-2018-09-18-15-26-58-0400__CAM_FRONT_LEFT__1537298864904799.jpg", "samples/CAM_FRONT/n008-2018-09-18-15-26-58-0400__CAM_FRONT__1537298864912404.jpg", "samples/CAM_FRONT_RIGHT/n008-2018-09-18-15-26-58-0400__CAM_FRONT_RIGHT__1537298864920482.jpg", "samples/CAM_BACK_LEFT/n008-2018-09-18-15-26-58-0400__CAM_BACK_LEFT__1537298864947405.jpg", "samples/CAM_BACK/n008-2018-09-18-15-26-58-0400__CAM_BACK__1537298864937558.jpg", "samples/CAM_BACK_RIGHT/n008-2018-09-18-15-26-58-0400__CAM_BACK_RIGHT__1537298864928113.jpg"], "intrinsics": [[[1257.8625342125129, 0.0, 827.2410631095686], [0.0, 1257.8625342125129, 450.915498205774], [0.0, 0.0, 1.0]], [[1252.8131021185304, 0.0, 826.588114781398], [0.0, 1252.8131021185304, 469.9846626224581], [0.0, 0.0, 1.0]], [[1256.7485116440405, 0.0, 817.7887570959712], [0.0, 1256.7485116440403, 451.9541780095127], [0.0, 0.0, 1.0]], [[1254.9860565800168, 0.0, 829.5769333630991], [0.0, 1254.9860565800168, 467.1680561863987], [0.0, 0.0, 1.0]], [[796.8910634503094, 0.0, 857.7774326863696], [0.0, 796.8910634503094, 476.8848988407415], [0.0, 0.0, 1.0]], [[1249.9629280788233, 0.0, 825.3768045375984], [0.0, 1249.9629280788233, 462.54816385708756], [0.0, 0.0, 1.0]]], "extrinsics": [[[0.8225002288818359, -0.5687502026557922, -0.0040636733174324036, -0.845947265625], [0.011635914444923401, 0.023969704285264015, -0.999644935131073, 1.4904937744140625], [0.568645715713501, 0.8221610188484192, 0.026333017274737358, -1.2252197265625], [0.0, 0.0, 0.0, 1.0]], [[0.010296370834112167, -0.9997515678405762, -0.019768474623560905, 0.00830078125], [0.013723842799663544, 0.019908947870135307, -0.9997075796127319, 1.4823493957519531], [0.9998528361320496, 0.010022079572081566, 0.013925422914326191, -1.5738525390625], [0.0, 0.0, 0.0, 1.0]], [[-0.8438570499420166, -0.5360075831413269, -0.02452024444937706, 0.9833984375], [0.0218872781842947, 0.011274239048361778, -0.9996968507766724, 1.4958553314208984], [0.5361214876174927, -0.8441379070281982, 0.002217900240793824, -1.2083740234375], [0.0, 0.0, 0.0, 1.0]], [[0.9478679299354553, 0.3186177909374237, 0.005389372352510691, -1.1361083984375], [-0.003254604060202837, 0.026591019704937935, -0.9996410608291626, 1.56201171875], [-0.31864678859710693, 0.9475101828575134, 0.02624174952507019, -0.1588134765625], [0.0, 0.0, 0.0, 1.0]], [[0.00910938996821642, 0.9997778534889221, 0.019008470699191093, -0.02880859375], [-0.0011696075089275837, 0.019019899889826775, -0.9998183846473694, 1.5679936408996582], [-0.9999578595161438, 0.009085495956242085, 0.001342606614343822, -0.0076904296875], [0.0, 0.0, 0.0, 1.0]], [[-0.9237304925918579, 0.3830207884311676, -0.004122582264244556, 1.0732421875], [0.0029121378902345896, -0.003740022424608469, -0.9999887943267822, 1.5480895042419434], [-0.38303178548812866, -0.9237322211265564, 0.002339365426450968, -0.079071044921875], [0.0, 0.0, 0.0, 1.0]]], "view": [[0.0, -2.0, 100.0], [-2.0, 0.0, 100.0], [0.0, 0.0, 1.0]], "bev": "bev_a3d464c61f854b5b90111b113a74df57.png", "aux": "aux_a3d464c61f854b5b90111b113a74df57.npz", "visibility": "visibility_a3d464c61f854b5b90111b113a74df57.png", "pose": [[0.6591601371765137, -0.7520025968551636, 0.0, 1189.4154052734375], [0.7520025968551636, 0.6591601371765137, 0.0, 923.706298828125], [0.0, 0.0, 1.0, 0.0], [0.0, 0.0, 0.0, 1.0]], "pose_inverse": [[0.6591601371765137, 0.7520025968551636, 0.0, -1478.644775390625], [-0.7520025968551636, 0.6591601371765137, 0.0, 285.5730895996094], [0.0, 0.0, 1.0, 0.0], [0.0, 0.0, 0.0, 1.0]], "cam_ids": [0, 1, 2, 3, 4, 5], "cam_channels": ["CAM_FRONT_LEFT", "CAM_FRONT", "CAM_FRONT_RIGHT", "CAM_BACK_LEFT", "CAM_BACK", "CAM_BACK_RIGHT"], "token": "a3d464c61f854b5b90111b113a74df57", "scene": "scene-0804"}, {"images": ["samples/CAM_FRONT_LEFT/n008-2018-09-18-15-26-58-0400__CAM_FRONT_LEFT__1537298865404799.jpg", "samples/CAM_FRONT/n008-2018-09-18-15-26-58-0400__CAM_FRONT__1537298865412404.jpg", "samples/CAM_FRONT_RIGHT/n008-2018-09-18-15-26-58-0400__CAM_FRONT_RIGHT__1537298865420482.jpg", "samples/CAM_BACK_LEFT/n008-2018-09-18-15-26-58-0400__CAM_BACK_LEFT__1537298865447405.jpg", "samples/CAM_BACK/n008-2018-09-18-15-26-58-0400__CAM_BACK__1537298865437558.jpg", "samples/CAM_BACK_RIGHT/n008-2018-09-18-15-26-58-0400__CAM_BACK_RIGHT__1537298865428113.jpg"], "intrinsics": [[[1257.8625342125129, 0.0, 827.2410631095686], [0.0, 1257.8625342125129, 450.915498205774], [0.0, 0.0, 1.0]], [[1252.8131021185304, 0.0, 826.588114781398], [0.0, 1252.8131021185304, 469.9846626224581], [0.0, 0.0, 1.0]], [[1256.7485116440405, 0.0, 817.7887570959712], [0.0, 1256.7485116440403, 451.9541780095127], [0.0, 0.0, 1.0]], [[1254.9860565800168, 0.0, 829.5769333630991], [0.0, 1254.9860565800168, 467.1680561863987], [0.0, 0.0, 1.0]], [[796.8910634503094, 0.0, 857.7774326863696], [0.0, 796.8910634503094, 476.8848988407415], [0.0, 0.0, 1.0]], [[1249.9629280788233, 0.0, 825.3768045375984], [0.0, 1249.9629280788233, 462.54816385708756], [0.0, 0.0, 1.0]]], "extrinsics": [[[0.8224230408668518, -0.5688712000846863, -0.0024576711002737284, -0.8480224609375], [0.014773868955671787, 0.02567710168659687, -0.9995611310005188, 1.4910383224487305], [0.5686845779418945, 0.822025716304779, 0.029521865770220757, -1.22735595703125], [0.0, 0.0, 0.0, 1.0]], [[0.01019035093486309, -0.9997211694717407, -0.02129870466887951, 0.008941650390625], [0.0167464017868042, 0.02146744355559349, -0.9996292591094971, 1.4827442169189453], [0.9998077750205994, 0.009829902090132236, 0.016960494220256805, -1.578369140625], [0.0, 0.0, 0.0, 1.0]], [[-0.8438795804977417, -0.5358161926269531, -0.027717657387256622, 0.98876953125], [0.024786101654171944, 0.012673058547079563, -0.9996124505996704, 1.496063232421875], [0.5359598398208618, -0.8442395329475403, 0.0025862595066428185, -1.211181640625], [0.0, 0.0, 0.0, 1.0]], [[0.9478561282157898, 0.3185921907424927, 0.008234774693846703, -1.134765625], [-0.0005870139575563371, 0.02758399210870266, -0.9996193647384644, 1.5620365142822266], [-0.31869807839393616, 0.9474903345108032, 0.0263326745480299, -0.15924072265625], [0.0, 0.0, 0.0, 1.0]], [[0.009142842143774033, 0.9997554421424866, 0.020133640617132187, -0.029083251953125], [0.0015536603750661016, 0.020120255649089813, -0.9997963309288025, 1.5681254863739014], [-0.9999570846557617, 0.009172332473099232, -0.001369324279949069, -0.0064697265625], [0.0, 0.0, 0.0, 1.0]], [[-0.9236600399017334, 0.38316190242767334, -0.0062577007338404655, 1.077392578125], [0.005743749439716339, -0.0024853902868926525, -0.9999803900718689, 1.5483307838439941], [-0.38316988945007324, -0.9236778616905212, 9.487053466727957e-05, -0.076934814453125], [0.0, 0.0, 0.0, 1.0]]], "view": [[0.0, -2.0, 100.0], [-2.0, 0.0, 100.0], [0.0, 0.0, 1.0]], "bev": "bev_a0cec527fa03496a941e343687506b3e.png", "aux": "aux_a0cec527fa03496a941e343687506b3e.npz", "visibility": "visibility_a0cec527fa03496a941e343687506b3e.png", "pose": [[0.6567409634590149, -0.7541162371635437, 0.0, 1190.851806640625], [0.7541162371635437, 0.6567409634590149, 0.0, 925.3228149414062], [0.0, 0.0, 1.0, 0.0], [0.0, 0.0, 0.0, 1.0]], "pose_inverse": [[0.6567409634590149, 0.7541162371635437, 0.0, -1479.882080078125], [-0.7541162371635437, 0.6567409634590149, 0.0, 290.3433532714844], [0.0, 0.0, 1.0, 0.0], [0.0, 0.0, 0.0, 1.0]], "cam_ids": [0, 1, 2, 3, 4, 5], "cam_channels": ["CAM_FRONT_LEFT", "CAM_FRONT", "CAM_FRONT_RIGHT", "CAM_BACK_LEFT", "CAM_BACK", "CAM_BACK_RIGHT"], "token": "a0cec527fa03496a941e343687506b3e", "scene": "scene-0804"}, {"images": ["samples/CAM_FRONT_LEFT/n008-2018-09-18-15-26-58-0400__CAM_FRONT_LEFT__1537298865904799.jpg", "samples/CAM_FRONT/n008-2018-09-18-15-26-58-0400__CAM_FRONT__1537298865912404.jpg", "samples/CAM_FRONT_RIGHT/n008-2018-09-18-15-26-58-0400__CAM_FRONT_RIGHT__1537298865920482.jpg", "samples/CAM_BACK_LEFT/n008-2018-09-18-15-26-58-0400__CAM_BACK_LEFT__1537298865947405.jpg", "samples/CAM_BACK/n008-2018-09-18-15-26-58-0400__CAM_BACK__1537298865937558.jpg", "samples/CAM_BACK_RIGHT/n008-2018-09-18-15-26-58-0400__CAM_BACK_RIGHT__1537298865928113.jpg"], "intrinsics": [[[1257.8625342125129, 0.0, 827.2410631095686], [0.0, 1257.8625342125129, 450.915498205774], [0.0, 0.0, 1.0]], [[1252.8131021185304, 0.0, 826.588114781398], [0.0, 1252.8131021185304, 469.9846626224581], [0.0, 0.0, 1.0]], [[1256.7485116440405, 0.0, 817.7887570959712], [0.0, 1256.7485116440403, 451.9541780095127], [0.0, 0.0, 1.0]], [[1254.9860565800168, 0.0, 829.5769333630991], [0.0, 1254.9860565800168, 467.1680561863987], [0.0, 0.0, 1.0]], [[796.8910634503094, 0.0, 857.7774326863696], [0.0, 796.8910634503094, 476.8848988407415], [0.0, 0.0, 1.0]], [[1249.9629280788233, 0.0, 825.3768045375984], [0.0, 1249.9629280788233, 462.54816385708756], [0.0, 0.0, 1.0]]], "extrinsics": [[[0.8224979639053345, -0.5687627792358398, -0.0024673885200172663, -0.854736328125], [0.015624439343810081, 0.02693084254860878, -0.999515175819397, 1.4911041259765625], [0.5685535073280334, 0.8220606446266174, 0.031037159264087677, -1.23095703125], [0.0, 0.0, 0.0, 1.0]], [[0.010314276441931725, -0.9996908903121948, -0.022620519623160362, 0.00811767578125], [0.0175614096224308, 0.022799329832196236, -0.9995858073234558, 1.4827919006347656], [0.9997926354408264, 0.00991272833198309, 0.017791137099266052, -1.5836181640625], [0.0, 0.0, 0.0, 1.0]], [[-0.8438132405281067, -0.5358456969261169, -0.02913133054971695, 0.9910888671875], [0.02556183747947216, 0.01408894918859005, -0.9995739459991455, 1.4960861206054688], [0.5360278487205505, -0.8441984057426453, 0.00180875847581774, -1.21337890625], [0.0, 0.0, 0.0, 1.0]], [[0.9478455185890198, 0.3185880482196808, 0.009516418911516666, -1.1334228515625], [0.0001821724872570485, 0.029315780848264694, -0.9995701909065247, 1.5620441436767578], [-0.3187302052974701, 0.9474399089813232, 0.027728790417313576, -0.1597900390625], [0.0, 0.0, 0.0, 1.0]], [[0.00908722635358572, 0.9997217655181885, 0.021768445149064064, -0.028839111328125], [0.0023008359130471945, 0.021748382598161697, -0.9997608065605164, 1.5681674480438232], [-0.9999560713768005, 0.009135198779404163, -0.0021025631576776505, -0.005859375], [0.0, 0.0, 0.0, 1.0]], [[-0.9236795902252197, 0.3831130266189575, -0.006365249399095774, 1.0789794921875], [0.00648446986451745, -0.000980234588496387, -0.9999784827232361, 1.5483827590942383], [-0.38311102986335754, -0.9237009882926941, -0.0015788624295964837, -0.07672119140625], [0.0, 0.0, 0.0, 1.0]]], "view": [[0.0, -2.0, 100.0], [-2.0, 0.0, 100.0], [0.0, 0.0, 1.0]], "bev": "bev_2384b60e52cb4bfeb07e4291136543ce.png", "aux": "aux_2384b60e52cb4bfeb07e4291136543ce.npz", "visibility": "visibility_2384b60e52cb4bfeb07e4291136543ce.png", "pose": [[0.6534625887870789, -0.7569588422775269, 0.0, 1192.2364501953125], [0.7569588422775269, 0.6534625887870789, 0.0, 926.8858032226562], [0.0, 0.0, 1.0, 0.0], [0.0, 0.0, 0.0, 1.0]], "pose_inverse": [[0.6534625887870789, 0.7569588422775269, 0.0, -1480.6962890625], [-0.7569588422775269, 0.6534625887870789, 0.0, 296.7887268066406], [0.0, 0.0, 1.0, 0.0], [0.0, 0.0, 0.0, 1.0]], "cam_ids": [0, 1, 2, 3, 4, 5], "cam_channels": ["CAM_FRONT_LEFT", "CAM_FRONT", "CAM_FRONT_RIGHT", "CAM_BACK_LEFT", "CAM_BACK", "CAM_BACK_RIGHT"], "token": "2384b60e52cb4bfeb07e4291136543ce", "scene": "scene-0804"}, {"images": ["samples/CAM_FRONT_LEFT/n008-2018-09-18-15-26-58-0400__CAM_FRONT_LEFT__1537298866504799.jpg", "samples/CAM_FRONT/n008-2018-09-18-15-26-58-0400__CAM_FRONT__1537298866512404.jpg", "samples/CAM_FRONT_RIGHT/n008-2018-09-18-15-26-58-0400__CAM_FRONT_RIGHT__1537298866520482.jpg", "samples/CAM_BACK_LEFT/n008-2018-09-18-15-26-58-0400__CAM_BACK_LEFT__1537298866547405.jpg", "samples/CAM_BACK/n008-2018-09-18-15-26-58-0400__CAM_BACK__1537298866537558.jpg", "samples/CAM_BACK_RIGHT/n008-2018-09-18-15-26-58-0400__CAM_BACK_RIGHT__1537298866528113.jpg"], "intrinsics": [[[1257.8625342125129, 0.0, 827.2410631095686], [0.0, 1257.8625342125129, 450.915498205774], [0.0, 0.0, 1.0]], [[1252.8131021185304, 0.0, 826.588114781398], [0.0, 1252.8131021185304, 469.9846626224581], [0.0, 0.0, 1.0]], [[1256.7485116440405, 0.0, 817.7887570959712], [0.0, 1256.7485116440403, 451.9541780095127], [0.0, 0.0, 1.0]], [[1254.9860565800168, 0.0, 829.5769333630991], [0.0, 1254.9860565800168, 467.1680561863987], [0.0, 0.0, 1.0]], [[796.8910634503094, 0.0, 857.7774326863696], [0.0, 796.8910634503094, 476.8848988407415], [0.0, 0.0, 1.0]], [[1249.9629280788233, 0.0, 825.3768045375984], [0.0, 1249.9629280788233, 462.54816385708756], [0.0, 0.0, 1.0]]], "extrinsics": [[[0.8224427103996277, -0.5688323974609375, -0.004210705868899822, -0.858154296875], [0.013780930079519749, 0.027323970571160316, -0.999531626701355, 1.4906749725341797], [0.5686810612678528, 0.8219994902610779, 0.03031143732368946, -1.23443603515625], [0.0, 0.0, 0.0, 1.0]], [[0.010173133574426174, -0.9996830224990845, -0.02303224988281727, 0.008819580078125], [0.015750374644994736, 0.023190781474113464, -0.9996069669723511, 1.4824275970458984], [0.9998241662979126, 0.009806448593735695, 0.01598130539059639, -1.5882568359375], [0.0, 0.0, 0.0, 1.0]], [[-0.8439249992370605, -0.5357383489608765, -0.027840808033943176, 0.9951171875], [0.023786410689353943, 0.014477345161139965, -0.9996122121810913, 1.4957618713378906], [0.5359336733818054, -0.8442599773406982, 0.0005254989373497665, -1.215087890625], [0.0, 0.0, 0.0, 1.0]], [[0.9478592872619629, 0.31859222054481506, 0.00787187647074461, -1.132080078125], [-0.001659293775446713, 0.02963407337665558, -0.9995594620704651, 1.5620174407958984], [-0.3186850845813751, 0.9474285244941711, 0.02861756645143032, -0.16009521484375], [0.0, 0.0, 0.0, 1.0]], [[0.00916959811002016, 0.9997133612632751, 0.022118279710412025, -0.02911376953125], [0.0004707620246335864, 0.022114891558885574, -0.999755322933197, 1.5680694580078125], [-0.9999578595161438,