[{"images": ["samples/CAM_FRONT_LEFT/n008-2018-08-30-15-16-55-0400__CAM_FRONT_LEFT__1535657475254799.jpg", "samples/CAM_FRONT/n008-2018-08-30-15-16-55-0400__CAM_FRONT__1535657475262404.jpg", "samples/CAM_FRONT_RIGHT/n008-2018-08-30-15-16-55-0400__CAM_FRONT_RIGHT__1535657475270494.jpg", "samples/CAM_BACK_LEFT/n008-2018-08-30-15-16-55-0400__CAM_BACK_LEFT__1535657475297405.jpg", "samples/CAM_BACK/n008-2018-08-30-15-16-55-0400__CAM_BACK__1535657475287562.jpg", "samples/CAM_BACK_RIGHT/n008-2018-08-30-15-16-55-0400__CAM_BACK_RIGHT__1535657475278113.jpg"], "intrinsics": [[[1257.8625342125129, 0.0, 827.2410631095686], [0.0, 1257.8625342125129, 450.915498205774], [0.0, 0.0, 1.0]], [[1252.8131021185304, 0.0, 826.588114781398], [0.0, 1252.8131021185304, 469.9846626224581], [0.0, 0.0, 1.0]], [[1256.7485116440405, 0.0, 817.7887570959712], [0.0, 1256.7485116440403, 451.9541780095127], [0.0, 0.0, 1.0]], [[1254.9860565800168, 0.0, 829.5769333630991], [0.0, 1254.9860565800168, 467.1680561863987], [0.0, 0.0, 1.0]], [[796.8910634503094, 0.0, 857.7774326863696], [0.0, 796.8910634503094, 476.8848988407415], [0.0, 0.0, 1.0]], [[1249.9629280788233, 0.0, 825.3768045375984], [0.0, 1249.9629280788233, 462.54816385708756], [0.0, 0.0, 1.0]]], "extrinsics": [[[0.8214071989059448, -0.5703300833702087, -0.003720278386026621, -0.757568359375], [0.017803026363253593, 0.03215909004211426, -0.9993241429328918, 1.4935722351074219], [0.5700643658638, 0.8207858800888062, 0.03656931221485138, -1.16387939453125], [0.0, 0.0, 0.0, 1.0]], [[0.008775235153734684, -0.9995740056037903, -0.02783558890223503, 0.00897216796875], [0.01982499286532402, 0.028005100786685944, -0.9994111657142639, 1.4850292205810547], [0.9997649788856506, 0.008218206465244293, 0.020062293857336044, -1.487548828125], [0.0, 0.0, 0.0, 1.0]], [[-0.8444067239761353, -0.5346314311027527, -0.03386036306619644, 0.929443359375], [0.02787056192755699, 0.019278373569250107, -0.9994256496429443, 1.4983940124511719], [0.5349770784378052, -0.8448655009269714, -0.001378311077132821, -1.1741943359375], [0.0, 0.0, 0.0, 1.0]], [[0.9478234648704529, 0.3185259997844696, 0.013110240921378136, -1.1375732421875], [0.0022963283117860556, 0.03430168330669403, -0.9994088411331177, 1.56205415725708], [-0.31878751516342163, 0.9472933411598206, 0.03178049623966217, -0.158447265625], [0.0, 0.0, 0.0, 1.0]], [[0.009489796124398708, 0.9995925426483154, 0.026921667158603668, -0.0284423828125], [0.004515687935054302, 0.02687976509332657, -0.9996284246444702, 1.5683854818344116], [-0.999944806098938, 0.009607773274183273, -0.004258766304701567, -0.0299072265625], [0.0, 0.0, 0.0, 1.0]], [[-0.9233227372169495, 0.38397088646888733, -0.00643576867878437, 1.0316162109375], [0.008725279942154884, 0.004221111070364714, -0.999953031539917, 1.5490236282348633], [-0.3839256167411804, -0.923335611820221, -0.007247701287269592, -0.096466064453125], [0.0, 0.0, 0.0, 1.0]]], "view": [[0.0, -2.0, 100.0], [-2.0, 0.0, 100.0], [0.0, 0.0, 1.0]], "bev": "bev_1a206371ee02489fbc1a25f1ac40846c.png", "aux": "aux_1a206371ee02489fbc1a25f1ac40846c.npz", "visibility": "visibility_1a206371ee02489fbc1a25f1ac40846c.png", "pose": [[0.6545795202255249, -0.7559931874275208, 0.0, 1185.5491943359375], [0.7559931874275208, 0.6545795202255249, 0.0, 919.2987060546875], [0.0, 0.0, 1.0, 0.0], [0.0, 0.0, 0.0, 1.0]], "pose_inverse": [[0.6545795202255249, 0.7559931874275208, 0.0, -1471.019775390625], [-0.7559931874275208, 0.6545795202255249, 0.0, 294.51300048828125], [0.0, 0.0, 1.0, 0.0], [0.0, 0.0, 0.0, 1.0]], "cam_ids": [0, 1, 2, 3, 4, 5], "cam_channels": ["CAM_FRONT_LEFT", "CAM_FRONT", "CAM_FRONT_RIGHT", "CAM_BACK_LEFT", "CAM_BACK", "CAM_BACK_RIGHT"], "token": "1a206371ee02489fbc1a25f1ac40846c", "scene": "scene-0769"}, {"images": ["samples/CAM_FRONT_LEFT/n008-2018-08-30-15-16-55-0400__CAM_FRONT_LEFT__1535657475754799.jpg", "samples/CAM_FRONT/n008-2018-08-30-15-16-55-0400__CAM_FRONT__1535657475762404.jpg", "samples/CAM_FRONT_RIGHT/n008-2018-08-30-15-16-55-0400__CAM_FRONT_RIGHT__1535657475770482.jpg", "samples/CAM_BACK_LEFT/n008-2018-08-30-15-16-55-0400__CAM_BACK_LEFT__1535657475797405.jpg", "samples/CAM_BACK/n008-2018-08-30-15-16-55-0400__CAM_BACK__1535657475787558.jpg", "samples/CAM_BACK_RIGHT/n008-2018-08-30-15-16-55-0400__CAM_BACK_RIGHT__1535657475778113.jpg"], "intrinsics": [[[1257.8625342125129, 0.0, 827.2410631095686], [0.0, 1257.8625342125129, 450.915498205774], [0.0, 0.0, 1.0]], [[1252.8131021185304, 0.0, 826.588114781398], [0.0, 1252.8131021185304, 469.9846626224581], [0.0, 0.0, 1.0]], [[1256.7485116440405, 0.0, 817.7887570959712], [0.0, 1256.7485116440403, 451.9541780095127], [0.0, 0.0, 1.0]], [[1254.9860565800168, 0.0, 829.5769333630991], [0.0, 1254.9860565800168, 467.1680561863987], [0.0, 0.0, 1.0]], [[796.8910634503094, 0.0, 857.7774326863696], [0.0, 796.8910634503094, 476.8848988407415], [0.0, 0.0, 1.0]], [[1249.9629280788233, 0.0, 825.3768045375984], [0.0, 1249.9629280788233, 462.54816385708756], [0.0, 0.0, 1.0]]], "extrinsics": [[[0.8220844864845276, -0.5693544149398804, -0.003565743565559387, -0.7601318359375], [0.013687529601156712, 0.026023350656032562, -0.9995676279067993, 1.4922151565551758], [0.5692009925842285, 0.8216803073883057, 0.029186446219682693, -1.169189453125], [0.0, 0.0, 0.0, 1.0]], [[0.00965231005102396, -0.9997174143791199, -0.021721864119172096, 0.01129150390625], [0.015582980588078499, 0.021870622411370277, -0.9996393918991089, 1.4838790893554688], [0.9998319745063782, 0.009310314431786537, 0.015789678320288658, -1.4915771484375], [0.0, 0.0, 0.0, 1.0]], [[-0.8441461324691772, -0.5354386568069458, -0.026885848492383957, 0.932861328125], [0.02350500598549843, 0.013137714937329292, -0.9996374249458313, 1.4974689483642578], [0.5355976223945618, -0.8444719910621643, 0.001495336415246129, -1.1744384765625], [0.0, 0.0, 0.0, 1.0]], [[0.9478641152381897, 0.3185974061489105, 0.007026704493910074, -1.138427734375], [-0.0020816735923290253, 0.028239494189620018, -0.999599039554596, 1.562027931213379], [-0.31866809725761414, 0.9474693536758423, 0.027430418878793716, -0.1580810546875], [0.0, 0.0, 0.0, 1.0]], [[0.00932372361421585, 0.9997417330741882, 0.020728882402181625, -0.029205322265625], [0.00013795103586744517, 0.020728496834635735, -0.9997851252555847, 1.5680513381958008], [-0.9999566078186035, 0.009324518032371998, 5.535053787752986e-05, -0.0281982421875], [0.0, 0.0, 0.0, 1.0]], [[-0.9235482215881348, 0.38345131278038025, -0.004866724833846092, 1.03369140625], [0.004461640026420355, -0.0019458234310150146, -0.9999881386756897, 1.548426628112793], [-0.38345620036125183, -0.9235590696334839, 8.623970643384382e-05, -0.094329833984375], [0.0, 0.0, 0.0, 1.0]]], "view": [[0.0, -2.0, 100.0], [-2.0, 0.0, 100.0], [0.0, 0.0, 1.0]], "bev": "bev_682e28481637417986f57ad11c149f5e.png", "aux": "aux_682e28481637417986f57ad11c149f5e.npz", "visibility": "visibility_682e28481637417986f57ad11c149f5e.png", "pose": [[0.6418077349662781, -0.766865611076355, 0.0, 1187.802490234375], [0.766865611076355, 0.6418077349662781, 0.0, 921.8976440429688], [0.0, 0.0, 1.0, 0.0], [0.0, 0.0, 0.0, 1.0]], "pose_inverse": [[0.6418077349662781, 0.766865611076355, 0.0, -1469.3123779296875], [-0.766865611076355, 0.6418077349662781, 0.0, 319.2038269042969], [0.0, 0.0, 1.0, 0.0], [0.0, 0.0, 0.0, 1.0]], "cam_ids": [0, 1, 2, 3, 4, 5], "cam_channels": ["CAM_FRONT_LEFT", "CAM_FRONT", "CAM_FRONT_RIGHT", "CAM_BACK_LEFT", "CAM_BACK", "CAM_BACK_RIGHT"], "token": "682e28481637417986f57ad11c149f5e", "scene": "scene-0769"}, {"images": ["samples/CAM_FRONT_LEFT/n008-2018-08-30-15-16-55-0400__CAM_FRONT_LEFT__1535657476254799.jpg", "samples/CAM_FRONT/n008-2018-08-30-15-16-55-0400__CAM_FRONT__1535657476262404.jpg", "samples/CAM_FRONT_RIGHT/n008-2018-08-30-15-16-55-0400__CAM_FRONT_RIGHT__1535657476270482.jpg", "samples/CAM_BACK_LEFT/n008-2018-08-30-15-16-55-0400__CAM_BACK_LEFT__1535657476297405.jpg", "samples/CAM_BACK/n008-2018-08-30-15-16-55-0400__CAM_BACK__1535657476287558.jpg", "samples/CAM_BACK_RIGHT/n008-2018-08-30-15-16-55-0400__CAM_BACK_RIGHT__1535657476278113.jpg"], "intrinsics": [[[1257.8625342125129, 0.0, 827.2410631095686], [0.0, 1257.8625342125129, 450.915498205774], [0.0, 0.0, 1.0]], [[1252.8131021185304, 0.0, 826.588114781398], [0.0, 1252.8131021185304, 469.9846626224581], [0.0, 0.0, 1.0]], [[1256.7485116440405, 0.0, 817.7887570959712], [0.0, 1256.7485116440403, 451.9541780095127], [0.0, 0.0, 1.0]], [[1254.9860565800168, 0.0, 829.5769333630991], [0.0, 1254.9860565800168, 467.1680561863987], [0.0, 0.0, 1.0]], [[796.8910634503094, 0.0, 857.7774326863696], [0.0, 796.8910634503094, 476.8848988407415], [0.0, 0.0, 1.0]], [[1249.9629280788233, 0.0, 825.3768045375984], [0.0, 1249.9629280788233, 462.54816385708756], [0.0, 0.0, 1.0]]], "extrinsics": [[[0.822475254535675, -0.5687984824180603, -0.0016517707845196128, -0.764892578125], [0.016396332532167435, 0.02661142684519291, -0.9995113611221313, 1.4929170608520508], [0.5685645937919617, 0.8220462799072266, 0.03121344931423664, -1.17254638671875], [0.0, 0.0, 0.0, 1.0]], [[0.010344688780605793, -0.999696671962738, -0.022349141538143158, 0.01153564453125], [0.01839153841137886, 0.02253677509725094, -0.9995768666267395, 1.4844779968261719], [0.9997772574424744, 0.0099292928352952, 0.018619097769260406, -1.4957275390625], [0.0, 0.0, 0.0, 1.0]], [[-0.8437482714653015, -0.5359103083610535, -0.02981441095471382, 0.93505859375], [0.0264955572783947, 0.013893146067857742, -0.9995523691177368, 1.4979667663574219], [0.5360846519470215, -0.8441605567932129, 0.0024769259616732597, -1.1751708984375], [0.0, 0.0, 0.0, 1.0]], [[0.9478315114974976, 0.31859511137008667, 0.010602325201034546, -1.1390380859375], [0.0013536178739741445, 0.029237044975161552, -0.9995715618133545, 1.5620484352111816], [-0.3187686502933502, 0.9474398493766785, 0.027280539274215698, -0.1578369140625], [0.0, 0.0, 0.0, 1.0]], [[0.009037338197231293, 0.9997237920761108, 0.021693702787160873, -0.029388427734375], [0.003422217909246683, 0.021663539111614227, -0.9997594356536865, 1.5682799816131592], [-0.9999533295631409, 0.009109415113925934, -0.003225491149351001, -0.0272216796875], [0.0, 0.0, 0.0, 1.0]], [[-0.9236929416656494, 0.3830636143684387, -0.007311898749321699, 1.03515625], [0.007455448620021343, -0.0011098579270765185, -0.9999715685844421, 1.5488195419311523], [-0.38306084275245667, -0.9237213134765625, -0.0018307428108528256, -0.0933685302734375], [0.0, 0.0, 0.0, 1.0]]], "view": [[0.0, -2.0, 100.0], [-2.0, 0.0, 100.0], [0.0, 0.0, 1.0]], "bev": "bev_309542face034f4583024f4c948d3ac7.png", "aux": "aux_309542face034f4583024f4c948d3ac7.npz", "visibility": "visibility_309542face034f4583024f4c948d3ac7.png", "pose": [[0.6341285109519958, -0.7732276320457458, 0.0, 1189.9581298828125], [0.7732276320457458, 0.6341285109519958, 0.0, 924.4506225585938], [0.0, 0.0, 1.0, 0.0], [0.0, 0.0, 0.0, 1.0]], "pose_inverse": [[0.6341285109519958, 0.7732276320457458, 0.0, -1469.397216796875], [-0.7732276320457458, 0.6341285109519958, 0.0, 333.8880310058594], [0.0, 0.0, 1.0, 0.0], [0.0, 0.0, 0.0, 1.0]], "cam_ids": [0, 1, 2, 3, 4, 5], "cam_channels": ["CAM_FRONT_LEFT", "CAM_FRONT", "CAM_FRONT_RIGHT", "CAM_BACK_LEFT", "CAM_BACK", "CAM_BACK_RIGHT"], "token": "309542face034f4583024f4c948d3ac7", "scene": "scene-0769"}, {"images": ["samples/CAM_FRONT_LEFT/n008-2018-08-30-15-16-55-0400__CAM_FRONT_LEFT__1535657476754799.jpg", "samples/CAM_FRONT/n008-2018-08-30-15-16-55-0400__CAM_FRONT__1535657476762404.jpg", "samples/CAM_FRONT_RIGHT/n008-2018-08-30-15-16-55-0400__CAM_FRONT_RIGHT__1535657476770482.jpg", "samples/CAM_BACK_LEFT/n008-2018-08-30-15-16-55-0400__CAM_BACK_LEFT__1535657476797405.jpg", "samples/CAM_BACK/n008-2018-08-30-15-16-55-0400__CAM_BACK__1535657476787558.jpg", "samples/CAM_BACK_RIGHT/n008-2018-08-30-15-16-55-0400__CAM_BACK_RIGHT__1535657476778113.jpg"], "intrinsics": [[[1257.8625342125129, 0.0, 827.2410631095686], [0.0, 1257.8625342125129, 450.915498205774], [0.0, 0.0, 1.0]], [[1252.8131021185304, 0.0, 826.588114781398], [0.0, 1252.8131021185304, 469.9846626224581], [0.0, 0.0, 1.0]], [[1256.7485116440405, 0.0, 817.7887570959712], [0.0, 1256.7485116440403, 451.9541780095127], [0.0, 0.0, 1.0]], [[1254.9860565800168, 0.0, 829.5769333630991], [0.0, 1254.9860565800168, 467.1680561863987], [0.0, 0.0, 1.0]], [[796.8910634503094, 0.0, 857.7774326863696], [0.0, 796.8910634503094, 476.8848988407415], [0.0, 0.0, 1.0]], [[1249.9629280788233, 0.0, 825.3768045375984], [0.0, 1249.9629280788233, 462.54816385708756], [0.0, 0.0, 1.0]]], "extrinsics": [[[0.8223121166229248, -0.56903475522995, 0.001476030913181603, -0.7825927734375], [0.01972290128469467, 0.025909021496772766, -0.9994696974754333, 1.4935874938964844], [0.5686947703361511, 0.8219051957130432, 0.03252832219004631, -1.18072509765625], [0.0, 0.0, 0.0, 1.0]], [[0.010091717354953289, -0.999717116355896, -0.021534813567996025, 0.008209228515625], [0.02165820263326168, 0.021749388426542282, -0.9995288252830505, 1.4849491119384766], [0.9997144341468811, 0.009620564989745617, 0.02187156490981579, -1.5135498046875], [0.0, 0.0, 0.0, 1.0]], [[-0.8438460826873779, -0.5356299877166748, -0.032005369663238525, 0.9471435546875], [0.029652804136276245, 0.01300559751689434, -0.9994755983352661, 1.4981117248535156], [0.5357654094696045, -0.844352662563324, 0.0049082087352871895, -1.1861572265625], [0.0, 0.0, 0.0, 1.0]], [[0.9478222727775574, 0.3185373842716217, 0.012923484668135643, -1.136962890625], [0.004240071401000023, 0.02793860249221325, -0.9996006488800049, 1.5620708465576172], [-0.31877127289772034, 0.9474984407424927, 0.02513020671904087, -0.158447265625], [0.0, 0.0, 0.0, 1.0]], [[0.009146091528236866, 0.9997467994689941, 0.020559698343276978, -0.02838134765625], [0.006387003231793642, 0.02050173282623291, -0.999769389629364, 1.5684837102890015], [-0.9999377727508545, 0.009275260381400585, -0.006197876762598753, -0.022216796875], [0.0, 0.0, 0.0, 1.0]], [[-0.9235564470291138, 0.3833160698413849, -0.010589009150862694, 1.0465087890625], [0.010584565810859203, -0.0021208301186561584, -0.9999417066574097, 1.5491218566894531], [-0.38331618905067444, -0.9236147403717041, -0.0020985277369618416, -0.0909576416015625], [0.0, 0.0, 0.0, 1.0]]], "view": [[0.0, -2.0, 100.0], [-2.0, 0.0, 100.0], [0.0, 0.0, 1.0]], "bev": "bev_2e8ea7effccf4ed683b302bafead269f.png", "aux": "aux_2e8ea7effccf4ed683b302bafead269f.npz", "visibility": "visibility_2e8ea7effccf4ed683b302bafead269f.png", "pose": [[0.6291106343269348, -0.7773157358169556, 0.0, 1191.986572265625], [0.7773157358169556, 0.6291106343269348, 0.0, 926.9068603515625], [0.0, 0.0, 1.0, 0.0], [0.0, 0.0, 0.0, 1.0]], "pose_inverse": [[0.6291106343269348, 0.7773157358169556, 0.0, -1470.3907470703125], [-0.7773157358169556, 0.6291106343269348, 0.0, 343.4229736328125], [0.0, 0.0, 1.0, 0.0], [0.0, 0.0, 0.0, 1.0]], "cam_ids": [0, 1, 2, 3, 4, 5], "cam_channels": ["CAM_FRONT_LEFT", "CAM_FRONT", "CAM_FRONT_RIGHT", "CAM_BACK_LEFT", "CAM_BACK", "CAM_BACK_RIGHT"], "token": "2e8ea7effccf4ed683b302bafead269f", "scene": "scene-0769"}, {"images": ["samples/CAM_FRONT_LEFT/n008-2018-08-30-15-16-55-0400__CAM_FRONT_LEFT__1535657477254799.jpg", "samples/CAM_FRONT/n008-2018-08-30-15-16-55-0400__CAM_FRONT__1535657477262404.jpg", "samples/CAM_FRONT_RIGHT/n008-2018-08-30-15-16-55-0400__CAM_FRONT_RIGHT__1535657477270482.jpg", "samples/CAM_BACK_LEFT/n008-2018-08-30-15-16-55-0400__CAM_BACK_LEFT__1535657477297405.jpg", "samples/CAM_BACK/n008-2018-08-30-15-16-55-0400__CAM_BACK__1535657477287558.jpg", "samples/CAM_BACK_RIGHT/n008-2018-08-30-15-16-55-0400__CAM_BACK_RIGHT__1535657477278113.jpg"], "intrinsics": [[[1257.8625342125129, 0.0, 827.2410631095686], [0.0, 1257.8625342125129, 450.915498205774], [0.0, 0.0, 1.0]], [[1252.8131021185304, 0.0, 826.588114781398], [0.0, 1252.8131021185304, 469.9846626224581], [0.0, 0.0, 1.0]], [[1256.7485116440405, 0.0, 817.7887570959712], [0.0, 1256.7485116440403, 451.9541780095127], [0.0, 0.0, 1.0]], [[1254.9860565800168, 0.0, 829.5769333630991], [0.0, 1254.9860565800168, 467.1680561863987], [0.0, 0.0, 1.0]], [[796.8910634503094, 0.0, 857.7774326863696], [0.0, 796.8910634503094, 476.8848988407415], [0.0, 0.0, 1.0]], [[1249.9629280788233, 0.0, 825.3768045375984], [0.0, 1249.9629280788233, 462.54816385708756], [0.0, 0.0, 1.0]]], "extrinsics": [[[0.823244571685791, -0.5676829218864441, 0.0021024870220571756, -0.7945556640625], [0.018971992656588554, 0.023810964077711105, -0.9995364546775818, 1.493062973022461], [0.5673697590827942, 0.8229028582572937, 0.030372323468327522, -1.1910400390625], [0.0, 0.0, 0.0, 1.0]], [[0.011479504406452179, -0.9997448921203613, -0.019446613267064095, 0.009796142578125], [0.020938988775014877, 0.019683972001075745, -0.9995869398117065, 1.484506607055664], [0.9997148513793945, 0.011067540384829044, 0.021159611642360687, -1.525634765625], [0.0, 0.0, 0.0, 1.0]], [[-0.8432493805885315, -0.5366653203964233, -0.03034425713121891, 0.955322265625], [0.02897121012210846, 0.01099331397563219, -0.9995197653770447, 1.4977340698242188], [0.5367411971092224, -0.8437235355377197, 0.0062777381390333176, -1.1890869140625], [0.0, 0.0, 0.0, 1.0]], [[0.9478179216384888, 0.3185976445674896, 0.011698107235133648, -1.13818359375], [0.003544024657458067, 0.026161333546042442, -0.9996514320373535, 1.5620639324188232], [-0.3187926709651947, 0.9475289583206177, 0.02366705983877182, -0.15789794921875], [0.0, 0.0, 0.0, 1.0]], [[0.00871710479259491, 0.999787449836731, 0.0186812374740839, -0.029144287109375], [0.005674739833921194, 0.018632186576724052, -0.9998102784156799, 1.568405032157898], [-0.999945878982544, 0.00882151909172535, -0.005511114373803139, -0.0185546875], [0.0, 0.0, 0.0, 1.0]], [[-0.9238850474357605, 0.3825199604034424, -0.01072143204510212, 1.0516357421875], [0.00991450808942318, -0.004080702550709248, -0.9999425411224365, 1.548980712890625], [-0.3825417160987854, -0.9239382147789001, -2.2397551219910383e-05, -0.087310791015625], [0.0, 0.0, 0.0, 1.0]]], "view": [[0.0, -2.0, 100.0], [-2.0, 0.0, 100.0], [0.0, 0.0, 1.0]], "bev": "bev_4407b47393a34c6984ae63d8eae1b904.png", "aux": "aux_4407b47393a34c6984ae63d8eae1b904.npz", "visibility": "visibility_4407b47393a34c6984ae63d8eae1b904.png", "pose": [[0.6359730362892151, -0.7717112898826599, 0.0, 1193.9095458984375], [0.7717112898826599, 0.6359730362892151, 0.0, 929.2205810546875], [0.0, 0.0, 1.0, 0.0], [0.0, 0.0, 0.0, 1.0]], "pose_inverse": [[0.6359730362892151, 0.7717112898826599, 0.0, -1476.38427734375], [-0.7717112898826599, 0.6359730362892151, 0.0, 330.39422607421875], [0.0, 0.0, 1.0, 0.0], [0.0, 0.0, 0.0, 1.0]], "cam_ids": [0, 1, 2, 3, 4, 5], "cam_channels": ["CAM_FRONT_LEFT", "CAM_FRONT", "CAM_FRONT_RIGHT", "CAM_BACK_LEFT", "CAM_BACK", "CAM_BACK_RIGHT"], "token": "4407b47393a34c6984ae63d8eae1b904", "scene": "scene-0769"}, {"images": ["samples/CAM_FRONT_LEFT/n008-2018-08-30-15-16-55-0400__CAM_FRONT_LEFT__1535657477754799.jpg", "samples/CAM_FRONT/n008-2018-08-30-15-16-55-0400__CAM_FRONT__1535657477762404.jpg", "samples/CAM_FRONT_RIGHT/n008-2018-08-30-15-16-55-0400__CAM_FRONT_RIGHT__1535657477770482.jpg", "samples/CAM_BACK_LEFT/n008-2018-08-30-15-16-55-0400__CAM_BACK_LEFT__1535657477797405.jpg", "samples/CAM_BACK/n008-2018-08-30-15-16-55-0400__CAM_BACK__1535657477787558.jpg", "samples/CAM_BACK_RIGHT/n008-2018-08-30-15-16-55-0400__CAM_BACK_RIGHT__1535657477778113.jpg"], "intrinsics": [[[1257.8625342125129, 0.0, 827.2410631095686], [0.0, 1257.8625342125129, 450.915498205774], [0.0, 0.0, 1.0]], [[1252.8131021185304, 0.0, 826.588114781398], [0.0, 1252.8131021185304, 469.9846626224581], [0.0, 0.0, 1.0]], [[1256.7485116440405, 0.0, 817.7887570959712], [0.0, 1256.7485116440403, 451.9541780095127], [0.0, 0.0, 1.0]], [[1254.9860565800168, 0.0, 829.5769333630991], [0.0, 1254.9860565800168, 467.1680561863987], [0.0, 0.0, 1.0]], [[796.8910634503094, 0.0, 857.7774326863696], [0.0, 796.8910634503094, 476.8848988407415], [0.0, 0.0, 1.0]], [[1249.9629280788233, 0.0, 825.3768045375984], [0.0, 1249.9629280788233, 462.54816385708756], [0.0, 0.0, 1.0]]], "extrinsics": [[[0.8234513998031616, -0.5673742890357971, 0.0037735740188509226, -0.7901611328125], [0.0216447114944458, 0.024766430258750916, -0.999458909034729, 1.4938907623291016], [0.5669739246368408, 0.8230875134468079, 0.032674599438905716, -1.1868896484375], [0.0, 0.0, 0.0, 1.0]], [[0.011784320697188377, -0.9997236132621765, -0.020343227311968803, 0.00909423828125], [0.023728132247924805, 0.020618494600057602, -0.9995058178901672, 1.4852313995361328], [0.9996489882469177, 0.01129580195993185, 0.023964548483490944, -1.5201416015625], [0.0, 0.0, 0.0, 1.0]], [[-0.8430966734886169, -0.5367312431335449, -0.03328116238117218, 0.9508056640625], [0.031877800822257996, 0.01189761608839035, -0.9994209408760071, 1.4983634948730469], [0.5368163585662842, -0.8436694145202637, 0.0070789712481200695, -1.1876220703125], [0.0, 0.0, 0.0, 1.0]], [[0.9477799534797668, 0.31857001781463623, 0.015045922249555588, -1.1387939453125], [0.0068063875660300255, 0.026961565017700195, -0.9996132850646973, 1.5620836019515991], [-0.3188524544239044, 0.9475159049034119, 0.023385317996144295, -0.15777587890625], [0.0, 0.0, 0.0, 1.0]], [[0.00863358099013567, 0.9997719526290894, 0.019535649567842484, -0.0286865234375], [0.008827263489365578, 0.019459418952465057, -0.9997716546058655, 1.5686211585998535], [-0.999923825263977, 0.00880398228764534, -0.008657247759401798, -0.0198974609375], [0.0, 0.0, 0.0, 1.0]], [[-0.9238753914833069, 0.38246604800224304, -0.013186132535338402, 1.0489501953125], [0.012941909022629261, -0.0032113948836922646, -0.9999111294746399, 1.5493755340576172], [-0.382474422454834, -0.9239639639854431, -0.001982911257073283, -0.08929443359375], [0.0, 0.0, 0.0, 1.0]]], "view": [[0.0, -2.0, 100.0], [-2.0, 0.0, 100.0], [0.0, 0.0, 1.0]], "bev": "bev_c1316ee8828443cd8ae8a964a4c186d7.png", "aux": "aux_c1316ee8828443cd8ae8a964a4c186d7.npz", "visibility": "visibility_c1316ee8828443cd8ae8a964a4c186d7.png", "pose": [[0.6486513018608093, -0.7610857486724854, 0.0, 1195.81787109375], [0.7610857486724854, 0.6486513018608093, 0.0, 931.4607543945312], [0.0, 0.0, 1.0, 0.0], [0.0, 0.0, 0.0, 1.0]], "pose_inverse": [[0.6486513018608093, 0.7610857486724854, 0.0, -1484.59033203125], [-0.7610857486724854, 0.6486513018608093, 0.0, 305.9267272949219], [0.0, 0.0, 1.0, 0.0], [0.0, 0.0, 0.0, 1.0]], "cam_ids": [0, 1, 2, 3, 4, 5], "cam_channels": ["CAM_FRONT_LEFT", "CAM_FRONT", "CAM_FRONT_RIGHT", "CAM_BACK_LEFT", "CAM_BACK", "CAM_BACK_RIGHT"], "token": "c1316ee8828443cd8ae8a964a4c186d7", "scene": "scene-0769"}, {"images": ["samples/CAM_FRONT_LEFT/n008-2018-08-30-15-16-55-0400__CAM_FRONT_LEFT__1535657478254799.jpg", "samples/CAM_FRONT/n008-2018-08-30-15-16-55-0400__CAM_FRONT__1535657478262404.jpg", "samples/CAM_FRONT_RIGHT/n008-2018-08-30-15-16-55-0400__CAM_FRONT_RIGHT__1535657478270482.jpg", "samples/CAM_BACK_LEFT/n008-2018-08-30-15-16-55-0400__CAM_BACK_LEFT__1535657478297405.jpg", "samples/CAM_BACK/n008-2018-08-30-15-16-55-0400__CAM_BACK__1535657478287558.jpg", "samples/CAM_BACK_RIGHT/n008-2018-08-30-15-16-55-0400__CAM_BACK_RIGHT__1535657478278113.jpg"], "intrinsics": [[[1257.8625342125129, 0.0, 827.2410631095686], [0.0, 1257.8625342125129, 450.915498205774], [0.0, 0.0, 1.0]], [[1252.8131021185304, 0.0, 826.588114781398], [0.0, 1252.8131021185304, 469.9846626224581], [0.0, 0.0, 1.0]], [[1256.7485116440405, 0.0, 817.7887570959712], [0.0, 1256.7485116440403, 451.9541780095127], [0.0, 0.0, 1.0]], [[1254.9860565800168, 0.0, 829.5769333630991], [0.0, 1254.9860565800168, 467.1680561863987], [0.0, 0.0, 1.0]], [[796.8910634503094, 0.0, 857.7774326863696], [0.0, 796.8910634503094, 476.8848988407415], [0.0, 0.0, 1.0]], [[1249.9629280788233, 0.0, 825.3768045375984], [0.0, 1249.9629280788233, 462.54816385708756], [0.0, 0.0, 1.0]]], "extrinsics": [[[0.8237650394439697, -0.5669295787811279, 0.001418981933966279, -0.7962646484375], [0.022196903824806213, 0.029751546680927277, -0.9993108510971069, 1.493734359741211], [0.5664966106414795, 0.8232288956642151, 0.03709236532449722, -1.1947021484375], [0.0, 0.0, 0.0, 1.0]], [[0.012295613996684551, -0.9995993375778198, -0.025495562702417374, 0.01129150390625], [0.024101879447698593, 0.02578635886311531, -0.9993768930435181, 1.4850711822509766], [0.9996339082717896, 0.011673463508486748, 0.024409281089901924, -1.52783203125], [0.0, 0.0, 0.0, 1.0]], [[-0.8428502678871155, -0.5369209051132202, -0.036323465406894684, 0.9564208984375], [0.03206688165664673, 0.017268449068069458, -0.9993364810943604, 1.4981880187988281], [0.5371919274330139, -0.8434559106826782, 0.0026626610197126865, -1.18896484375], [0.0, 0.0, 0.0, 1.0]], [[0.9477527737617493, 0.31857195496559143, 0.01663248986005783, -1.1396484375], [0.0064737009815871716, 0.03292084485292435, -0.9994369745254517, 1.5620691776275635], [-0.3189401924610138, 0.9473268389701843, 0.029138481244444847, -0.15771484375], [0.0, 0.0, 0.0, 1.0]], [[0.008413111791014671, 0.9996445775032043, 0.025298617780208588, -0.029449462890625], [0.008681955747306347, 0.02522553689777851, -0.9996441006660461, 1.5685696601867676], [-0.9999269843101501, 0.008629800751805305, -0.008466644212603569, -0.017578125], [0.0, 0.0, 0.0, 1.0]], [[-0.9240073561668396, 0.3822125494480133, -0.011132515966892242, 1.052001953125], [0.013011324219405651, 0.002331204479560256, -0.9999126195907593, 1.5493221282958984], [-0.3821532726287842, -0.9240715503692627, -0.007127142045646906, -0.0865478515625], [0.0, 0.0, 0.0, 1.0]]], "view": [[0.0, -2.0, 100.0], [-2.0, 0.0, 100.0], [0.0, 0.0, 1.0]], "bev": "bev_6586381bd8a545629e8b5629bb175c4f.png", "aux": "aux_6586381bd8a545629e8b5629bb175c4f.npz", "visibility": "visibility_6586381bd8a545629e8b5629bb175c4f.png", "pose": [[0.6626980900764465, -0.7488867044448853, 0.0, 1197.7451171875], [0.7488867044448853, 0.6626980900764465, 0.0, 933.6463623046875], [0.0, 0.0, 1.0, 0.0], [0.0, 0.0, 0.0, 1.0]], "pose_inverse": [[0.6626980900764465, 0.7488867044448853, 0.0, -1492.938720703125], [-0.7488867044448853, 0.6626980900764465, 0.0, 278.2497253417969], [0.0, 0.0, 1.0, 0.0], [0.0, 0.0, 0.0, 1.0]], "cam_ids": [0, 1, 2, 3, 4, 5], "cam_channels": ["CAM_FRONT_LEFT", "CAM_FRONT", "CAM_FRONT_RIGHT", "CAM_BACK_LEFT", "CAM_BACK", "CAM_BACK_RIGHT"], "token": "6586381bd8a545629e8b5629bb175c4f", "scene": "scene-0769"}, {"images": ["samples/CAM_FRONT_LEFT/n008-2018-08-30-15-16-55-0400__CAM_FRONT_LEFT__1535657478754799.jpg", "samples/CAM_FRONT/n008-2018-08-30-15-16-55-0400__CAM_FRONT__1535657478762404.jpg", "samples/CAM_FRONT_RIGHT/n008-2018-08-30-15-16-55-0400__CAM_FRONT_RIGHT__1535657478770482.jpg", "samples/CAM_BACK_LEFT/n008-2018-08-30-15-16-55-0400__CAM_BACK_LEFT__1535657478797405.jpg", "samples/CAM_BACK/n008-2018-08-30-15-16-55-0400__CAM_BACK__1535657478787558.jpg", "samples/CAM_BACK_RIGHT/n008-2018-08-30-15-16-55-0400__CAM_BACK_RIGHT__1535657478778113.jpg"], "intrinsics": [[[1257.8625342125129, 0.0, 827.2410631095686], [0.0, 1257.8625342125129, 450.915498205774], [0.0, 0.0, 1.0]], [[1252.8131021185304, 0.0, 826.588114781398], [0.0, 1252.8131021185304, 469.9846626224581], [0.0, 0.0, 1.0]], [[1256.7485116440405, 0.0, 817.7887570959712], [0.0, 1256.7485116440403, 451.9541780095127], [0.0, 0.0, 1.0]], [[1254.9860565800168, 0.0, 829.5769333630991], [0.0, 1254.9860565800168, 467.1680561863987], [0.0, 0.0, 1.0]], [[796.8910634503094, 0.0, 857.7774326863696], [0.0, 796.8910634503094, 476.8848988407415], [0.0, 0.0, 1.0]], [[1249.9629280788233, 0.0, 825.3768045375984], [0.0, 1249.9629280788233, 462.54816385708756], [0.0, 0.0, 1.0]]], "extrinsics": [[[0.8232184052467346, -0.5677177906036377, -0.0028674104250967503, -0.7919921875], [0.020829616114497185, 0.03525049239397049, -0.999161422252655, 1.4935760498046875], [0.5673426985740662, 0.8224682807922363, 0.04084419086575508, -1.189208984375], [0.0, 0.0, 0.0, 1.0]], [[0.011529216542840004, -0.9994572401046753, -0.0308590866625309, 0.009674072265625], [0.02276114746928215, 0.03111545369029045, -0.9992566108703613, 1.4849433898925781], [0.9996744394302368, 0.010818291455507278, 0.023107530549168587, -1.5224609375], [0.0, 0.0, 0.0, 1.0]], [[-0.843157172203064, -0.5363250970840454, -0.03796609118580818, 0.9522705078125], [0.030759749934077263, 0.022380653768777847, -0.9992762207984924, 1.4981117248535156], [0.5367865562438965, -0.843714714050293, -0.0023731847759336233, -1.1876220703125], [0.0, 0.0, 0.0, 1.0]], [[0.9477489590644836, 0.31855615973472595, 0.017147701233625412, -1.136962890625], [0.005508872680366039, 0.03740129992365837, -0.9992851614952087, 1.5620765686035156], [-0.3189697861671448, 0.9471659064292908, 0.03369215503334999, -0.15850830078125], [0.0, 0.0, 0.0, 1.0]], [[0.008569406345486641, 0.9995144009590149, 0.02995753288269043, -0.0289459228515625], [0.0075601194985210896, 0.029893018305301666, -0.9995244741439819, 1.5685296058654785], [-0.999934732913971, 0.008791825734078884, -0.007300286553800106, -0.0205078125], [0.0, 0.0, 0.0, 1.0]], [[-0.9238974452018738, 0.382554829120636, -0.008082305081188679, 1.0489501953125], [0.011748538352549076, 0.0072483946569263935, -0.9999047517776489, 1.5492191314697266], [-0.38245975971221924, -0.9239043593406677, -0.0111912302672863, -0.08868408203125], [0.0, 0.0, 0.0, 1.0]]], "view": [[0.0, -2.0, 100.0], [-2.0, 0.0, 100.0], [0.0, 0.0, 1.0]], "bev": "bev_2d72d2dcd956463593d49665d1c59a1a.png", "aux": "aux_2d72d2dcd956463593d49665d1c59a1a.npz", "visibility": "visibility_2d72d2dcd956463593d49665d1c59a1a.png", "pose": [[0.6749535799026489, -0.7378602027893066, 0.0, 1199.7264404296875], [0.7378602027893066, 0.6749535799026489, 0.0, 935.8038940429688], [0.0, 0.0, 1.0, 0.0], [0.0, 0.0, 0.0, 1.0]], "pose_inverse": [[0.6749535799026489, 0.7378602027893066, 0.0, -1500.2520751953125], [-0.7378602027893066, 0.6749535799026489, 0.0, 253.60617065429688], [0.0, 0.0, 1.0, 0.0], [0.0, 0.0, 0.0, 1.0]], "cam_ids": [0, 1, 2, 3, 4, 5], "cam_channels": ["CAM_FRONT_LEFT", "CAM_FRONT", "CAM_FRONT_RIGHT", "CAM_BACK_LEFT", "CAM_BACK", "CAM_BACK_RIGHT"], "token": "2d72d2dcd956463593d49665d1c59a1a", "scene": "scene-0769"}, {"images": ["samples/CAM_FRONT_LEFT/n008-2018-08-30-15-16-55-0400__CAM_FRONT_LEFT__1535657479254799.jpg", "samples/CAM_FRONT/n008-2018-08-30-15-16-55-0400__CAM_FRONT__1535657479262404.jpg", "samples/CAM_FRONT_RIGHT/n008-2018-08-30-15-16-55-0400__CAM_FRONT_RIGHT__1535657479270482.jpg", "samples/CAM_BACK_LEFT/n008-2018-08-30-15-16-55-0400__CAM_BACK_LEFT__1535657479297405.jpg", "samples/CAM_BACK/n008-2018-08-30-15-16-55-0400__CAM_BACK__1535657479287558.jpg", "samples/CAM_BACK_RIGHT/n008-2018-08-30-15-16-55-0400__CAM_BACK_RIGHT__1535657479278113.jpg"], "intrinsics": [[[1257.8625342125129, 0.0, 827.2410631095686], [0.0, 1257.8625342125129, 450.915498205774], [0.0, 0.0, 1.0]], [[1252.8131021185304, 0.0, 826.588114781398], [0.0, 1252.8131021185304, 469.9846626224581], [0.0, 0.0, 1.0]], [[1256.7485116440405, 0.0, 817.7887570959712], [0.0, 1256.7485116440403, 451.9541780095127], [0.0, 0.0, 1.0]], [[1254.9860565800168, 0.0, 829.5769333630991], [0.0, 1254.9860565800168, 467.1680561863987], [0.0, 0.0, 1.0]], [[796.8910634503094, 0.0, 857.7774326863696], [0.0, 796.8910634503094, 476.8848988407415], [0.0, 0.0, 1.0]], [[1249.9629280788233, 0.0, 825.3768045375984], [0.0, 1249.9629280788233, 462.54816385708756], [0.0, 0.0, 1.0]]], "extrinsics": [[[0.8233180046081543, -0.5675721764564514, -0.0030684040393680334, -0.7720947265625], [0.018738575279712677, 0.032584480941295624, -0.9992932677268982, 1.4934139251708984], [0.5672709941864014, 0.8226786255836487, 0.037462878972291946, -1.17767333984375], [0.0, 0.0, 0.0, 1.0]], [[0.01156617235392332, -0.9995338916778564, -0.028253605589270592, 0.011322021484375], [0.020623838528990746, 0.028487948700785637, -0.9993813633918762, 1.4848556518554688], [0.9997204542160034, 0.01097631175071001, 0.020943721756339073, -1.5029296875], [0.0, 0.0, 0.0, 1.0]], [[-0.8432317972183228, -0.5364254713058472, -0.03475495055317879, 0.9395751953125], [0.028577737510204315, 0.019828036427497864, -0.9993948936462402, 1.4981842041015625], [0.5367899537086487, -0.8437148332595825, -0.001389806275255978, -1.1783447265625], [0.0, 0.0, 0.0, 1.0]], [[0.9477604031562805, 0.31867700815200806, 0.013970697298645973, -1.1322021484375], [0.002896112622693181, 0.035199157893657684, -0.999376118183136, 1.562067985534668], [-0.3189699649810791, 0.9472095966339111, 0.03243744373321533, -0.16033935546875], [0.0, 0.0, 0.0, 1.0]], [[0.008629167452454567, 0.9995812177658081, 0.02762053906917572, -0.029266357421875], [0.005156512372195721, 0.027576720342040062, -0.9996063709259033, 1.5684069395065308], [-0.99994957447052, 0.00876823253929615, -0.00491638807579875, -0.0284423828125], [0.0, 0.0, 0.0, 1.0]], [[-0.923916757106781, 0.3825307786464691, -0.006927043665200472, 1.03759765625], [0.009483924135565758, 0.004798837471753359, -0.9999435544013977, 1.549057960510254], [-0.38247591257095337, -0.9239302277565002, -0.00806161854416132, -0.09259033203125], [0.0, 0.0, 0.0, 1.0]]], "view": [[0.0, -2.0, 100.0], [-2.0, 0.0, 100.0], [0.0, 0.0, 1.0]], "bev": "bev_e3b824e143ea4dfb868bbad17874b838.png", "aux": "aux_e3b824e143ea4dfb868bbad17874b838.npz", "visibility": "visibility_e3b824e143ea4dfb868bbad17874b838.png", "pose": [[0.6822234392166138, -0.7311437726020813, 0.0, 1201.7869873046875], [0.7311437726020813, 0.6822234392166138, 0.0, 937.994140625], [0.0, 0.0, 1.0, 0.0], [0.0, 0.0, 0.0, 1.0]], "pose_inverse": [[0.6822234392166138, 0.7311437726020813, 0.0, -1505.69580078125], [-0.7311437726020813, 0.6822234392166138, 0.0, 238.75747680664062], [0.0, 0.0, 1.0, 0.0], [0.0, 0.0, 0.0, 1.0]], "cam_ids": [0, 1, 2, 3, 4, 5], "cam_channels": ["CAM_FRONT_LEFT", "CAM_FRONT", "CAM_FRONT_RIGHT", "CAM_BACK_LEFT", "CAM_BACK", "CAM_BACK_RIGHT"], "token": "e3b824e143ea4dfb868bbad17874b838", "scene": "scene-0769"}, {"images": ["samples/CAM_FRONT_LEFT/n008-2018-08-30-15-16-55-0400__CAM_FRONT_LEFT__1535657479754799.jpg", "samples/CAM_FRONT/n008-2018-08-30-15-16-55-0400__CAM_FRONT__1535657479762404.jpg", "samples/CAM_FRONT_RIGHT/n008-2018-08-30-15-16-55-0400__CAM_FRONT_RIGHT__1535657479770482.jpg", "samples/CAM_BACK_LEFT/n008-2018-08-30-15-16-55-0400__CAM_BACK_LEFT__1535657479797418.jpg", "samples/CAM_BACK/n008-2018-08-30-15-16-55-0400__CAM_BACK__1535657479787558.jpg", "samples/CAM_BACK_RIGHT/n008-2018-08-30-15-16-55-0400__CAM_BACK_RIGHT__1535657479778113.jpg"], "intrinsics": [[[1257.8625342125129, 0.0, 827.2410631095686], [0.0, 1257.8625342125129, 450.915498205774], [0.0, 0.0, 1.0]], [[1252.8131021185304, 0.0, 826.588114781398], [0.0, 1252.8131021185304, 469.9846626224581], [0.0, 0.0, 1.0]], [[1256.7485116440405, 0.0, 817.7887570959712], [0.0, 1256.7485116440403, 451.9541780095127], [0.0, 0.0, 1.0]], [[1254.9860565800168, 0.0, 829.5769333630991], [0.0, 1254.9860565800168, 467.1680561863987], [0.0, 0.0, 1.0]], [[796.8910634503094, 0.0, 857.7774326863696], [0.0, 796.8910634503094, 476.8848988407415], [0.0, 0.0, 1.0]], [[1249.9629280788233, 0.0, 825.3768045375984], [0.0, 1249.9629280788233, 462.54816385708756], [0.0, 0.0, 1.0]]], "extrinsics": [[[0.8223124742507935, -0.569016695022583, -0.004703279118984938, -0.78173828125], [0.018051598221063614, 0.034346602857112885, -0.9992468953132629, 1.4930801391601562], [0.5687497854232788, 0.821608304977417, 0.03851530700922012, -1.18194580078125], [0.0, 0.0, 0.0, 1.0]], [[0.010125609114766121, -0.9994948506355286, -0.030123025178909302, 0.009674072265625], [0.020056521520018578, 0.03032151237130165, -0.9993389844894409, 1.4845943450927734], [0.9997475147247314, 0.00951477326452732, 0.020353415980935097, -1.510986328125], [0.0, 0.0, 0.0, 1.0]], [[-0.8438169360160828, -0.5354622602462769, -0.03539801388978958, 0.9434814453125], [0.028137052431702614, 0.021725371479988098, -0.9993679523468018, 1.4979705810546875], [0.535892903804779, -0.8442797064781189, -0.0032659084536135197, -1.18206787109375], [0.0, 0.0, 0.0, 1.0]], [[0.9477891325950623, 0.3185596764087677, 0.014674707315862179, -1.1353759765625], [0.0029904148541390896, 0.037136632949113846, -0.9993057250976562, 1.562065601348877], [-0.3188834488391876, 0.9471750855445862, 0.0342450775206089, -0.15899658203125], [0.0, 0.0, 0.0, 1.0]], [[0.009043453261256218, 0.9995220899581909, 0.029558956623077393, -0.0289459228515625], [0.0049984874203801155, 0.029514608904719353, -0.9995518326759338, 1.5683921575546265], [-0.999946653842926, 0.009187178686261177, -0.004729183856397867, -0.0257568359375], [0.0, 0.0, 0.0, 1.0]], [[-0.923624575138092, 0.38325396180152893, -0.005832348018884659, 1.0416259765625], [0.009108031168580055, 0.006732943467795849, -0.9999358654022217, 1.5489730834960938], [-0.3831901252269745, -0.923618495464325, -0.009709399193525314, -0.091796875], [0.0, 0.0, 0.0, 1.0]]], "view": [[0.0, -2.0, 100.0], [-2.0, 0.0, 100.0], [0.0, 0.0, 1.0]], "bev": "bev_793f66bf72fb47a8a1f5f92e979c89ba.png", "aux": "aux_793f66bf72fb47a8a1f5f92e979c89ba.npz", "visibility": "visibility_793f66bf72fb47a8a1f5f92e979c89ba.png", "pose": [[0.6828975081443787, -0.7305141687393188, 0.0, 1203.8466796875], [0.7305141687393188, 0.6828975081443787, 0.0, 940.1569213867188], [0.0, 0.0, 1.0, 0.0], [0.0, 0.0, 0.0, 1.0]], "pose_inverse": [[0.6828975081443787, 0.7305141687393188, 0.0, -1508.90185546875], [-0.7305141687393188, 0.6828975081443787, 0.0, 237.39622497558594], [0.0, 0.0, 1.0, 0.0], [0.0, 0.0, 0.0, 1.0]], "cam_ids": [0, 1, 2, 3, 4, 5], "cam_channels": ["CAM_FRONT_LEFT", "CAM_FRONT", "CAM_FRONT_RIGHT", "CAM_BACK_LEFT", "CAM_BACK", "CAM_BACK_RIGHT"], "token": "793f66bf72fb47a8a1f5f92e979c89ba", "scene": "scene-0769"}, {"images": ["samples/CAM_FRONT_LEFT/n008-2018-08-30-15-16-55-0400__CAM_FRONT_LEFT__1535657480254799.jpg", "samples/CAM_FRONT/n008-2018-08-30-15-16-55-0400__CAM_FRONT__1535657480262404.jpg", "samples/CAM_FRONT_RIGHT/n008-2018-08-30-15-16-55-0400__CAM_FRONT_RIGHT__1535657480270482.jpg", "samples/CAM_BACK_LEFT/n008-2018-08-30-15-16-55-0400__CAM_BACK_LEFT__1535657480297405.jpg", "samples/CAM_BACK/n008-2018-08-30-15-16-55-0400__CAM_BACK__1535657480287656.jpg", "samples/CAM_BACK_RIGHT/n008-2018-08-30-15-16-55-0400__CAM_BACK_RIGHT__1535657480278113.jpg"], "intrinsics": [[[1257.8625342125129, 0.0, 827.2410631095686], [0.0, 1257.8625342125129, 450.915498205774], [0.0, 0.0, 1.0]], [[1252.8131021185304, 0.0, 826.588114781398], [0.0, 1252.8131021185304, 469.9846626224581], [0.0, 0.0, 1.0]], [[1256.7485116440405, 0.0, 817.7887570959712], [0.0, 1256.7485116440403, 451.9541780095127], [0.0, 0.0, 1.0]], [[1254.9860565800168, 0.0, 829.5769333630991], [0.0, 1254.9860565800168, 467.1680561863987], [0.0, 0.0, 1.0]], [[796.8910634503094, 0.0, 857.7774326863696], [0.0, 796.8910634503094, 476.8848988407415], [0.0, 0.0, 1.0]], [[1249.9629280788233, 0.0, 825.3768045375984], [0.0, 1249.9629280788233, 462.54816385708756], [0.0, 0.0, 1.0]]], "extrinsics": [[[0.821795642375946, -0.5697812438011169, -0.0011163923190906644, -0.7835693359375], [0.02038523554801941, 0.03135959431529045, -0.9993002414703369, 1.4936790466308594], [0.5694175958633423, 0.8211978673934937, 0.03738630563020706, -1.18267822265625], [0.0, 0.0, 0.0, 1.0]], [[0.009360619820654392, -0.9995930790901184, -0.026948191225528717, 0.0091552734375], [0.022482367232441902, 0.02715294249355793, -0.9993784427642822, 1.485116958618164], [0.9997034072875977, 0.008748920634388924, 0.02272738330066204, -1.5126953125], [0.0, 0.0, 0.0, 1.0]], [[-0.8441268801689148, -0.5349541306495667, -0.03569306433200836, 0.9443359375], [0.030626559630036354, 0.018352240324020386, -0.9993624091148376, 1.498382568359375], [0.5352681279182434, -0.8446817994117737, 0.0008921857224777341, -1.1837158203125], [0.0, 0.0, 0.0, 1.0]], [[0.9478016495704651, 0.3184768557548523, 0.015634095296263695, -1.1329345703125], [0.005303284619003534, 0.03327950835227966, -0.9994320273399353, 1.5621023178100586], [-0.31881633400917053, 0.9473462700843811, 0.029853399842977524, -0.15985107421875], [0.0, 0.0, 0.0, 1.0]], [[0.00933386292308569, 0.9996200799942017, 0.025932736694812775, -0.028533935546875], [0.007397656328976154, 0.025864128023386, -0.999638020992279, 1.5685720443725586], [-0.9999291300773621, 0.009522339