[{"images": ["samples/CAM_FRONT_LEFT/n015-2018-07-27-11-24-31+0800__CAM_FRONT_LEFT__1532661911354844.jpg", "samples/CAM_FRONT/n015-2018-07-27-11-24-31+0800__CAM_FRONT__1532661911362460.jpg", "samples/CAM_FRONT_RIGHT/n015-2018-07-27-11-24-31+0800__CAM_FRONT_RIGHT__1532661911370339.jpg", "samples/CAM_BACK_LEFT/n015-2018-07-27-11-24-31+0800__CAM_BACK_LEFT__1532661911397423.jpg", "samples/CAM_BACK/n015-2018-07-27-11-24-31+0800__CAM_BACK__1532661911387525.jpg", "samples/CAM_BACK_RIGHT/n015-2018-07-27-11-24-31+0800__CAM_BACK_RIGHT__1532661911377893.jpg"], "intrinsics": [[[1272.5979470598488, 0.0, 826.6154927353808], [0.0, 1272.5979470598488, 479.75165386361925], [0.0, 0.0, 1.0]], [[1266.417203046554, 0.0, 816.2670197447984], [0.0, 1266.417203046554, 491.50706579294757], [0.0, 0.0, 1.0]], [[1260.8474446004698, 0.0, 807.968244525554], [0.0, 1260.8474446004698, 495.3344268742088], [0.0, 0.0, 1.0]], [[1256.7414812095406, 0.0, 792.1125740759628], [0.0, 1256.7414812095406, 492.7757465151356], [0.0, 0.0, 1.0]], [[809.2209905677063, 0.0, 829.2196003259838], [0.0, 809.2209905677063, 481.77842384512485], [0.0, 0.0, 1.0]], [[1259.5137405846733, 0.0, 807.2529053838625], [0.0, 1259.5137405846733, 501.19579884916527], [0.0, 0.0, 1.0]]], "extrinsics": [[[0.820746898651123, -0.5696220993995667, -0.043646641075611115, -0.631591796875], [-0.04043427109718323, 0.018288150429725647, -0.9990147948265076, 1.4918251037597656], [0.5698590874671936, 0.8217032551765442, -0.008022311143577099, -1.0496826171875], [0.0, 0.0, 0.0, 1.0]], [[0.006776756141334772, -0.9998716711997986, -0.014509273692965508, 0.0081787109375], [-0.04576364904642105, 0.014184302650392056, -0.9988515973091125, 1.5052165985107422], [0.9989292621612549, 0.007432980462908745, -0.04566165804862976, -1.3580780029296875], [0.0, 0.0, 0.0, 1.0]], [[-0.8321506381034851, -0.5543171167373657, 0.016058800742030144, 0.8154296875], [-0.0401851050555706, 0.031393859535455704, -0.9986989498138428, 1.493133544921875], [0.5530917048454285, -0.8317131996154785, -0.04839970916509628, -1.103759765625], [0.0, 0.0, 0.0, 1.0]], [[0.9472371339797974, 0.31917300820350647, -0.029500747099518776, -1.13427734375], [-0.03153584897518158, 0.0012089835945516825, -0.9995018243789673, 1.5883046388626099], [-0.31897833943367004, 0.9476957321166992, 0.011210585944354534, -0.1051025390625], [0.0, 0.0, 0.0, 1.0]], [[0.0018726445268839598, 0.9999375343322754, 0.011019868776202202, 0.0030517578125], [-0.05694560706615448, 0.01110863871872425, -0.9983155131340027, 1.5736217498779297], [-0.9983754754066467, 0.0012419664999470115, 0.05696285516023636, -0.0986175537109375], [0.0, 0.0, 0.0, 1.0]], [[-0.9346879720687866, 0.35401564836502075, 0.03211231529712677, 0.9580078125], [-0.02432674914598465, 0.026421653106808662, -0.9993548393249512, 1.5468101501464844], [-0.35463574528694153, -0.934866189956665, -0.01608395390212536, -0.1309814453125], [0.0, 0.0, 0.0, 1.0]]], "view": [[0.0, -2.0, 100.0], [-2.0, 0.0, 100.0], [0.0, 0.0, 1.0]], "bev": "bev_a55e50b3e4d942cdb7663800e745938a.png", "aux": "aux_a55e50b3e4d942cdb7663800e745938a.npz", "visibility": "visibility_a55e50b3e4d942cdb7663800e745938a.png", "pose": [[0.9607430100440979, 0.27743977308273315, 0.0, 555.7999267578125], [-0.27743977308273315, 0.9607430100440979, 0.0, 1681.692626953125], [0.0, 0.0, 1.0, 0.0], [0.0, 0.0, 0.0, 1.0]], "pose_inverse": [[0.9607430100440979, -0.27743977308273315, 0.0, -67.41248321533203], [0.27743977308273315, 0.9607430100440979, 0.0, -1769.87548828125], [0.0, 0.0, 1.0, 0.0], [0.0, 0.0, 0.0, 1.0]], "cam_ids": [0, 1, 2, 3, 4, 5], "cam_channels": ["CAM_FRONT_LEFT", "CAM_FRONT", "CAM_FRONT_RIGHT", "CAM_BACK_LEFT", "CAM_BACK", "CAM_BACK_RIGHT"], "token": "a55e50b3e4d942cdb7663800e745938a", "scene": "scene-0315"}, {"images": ["samples/CAM_FRONT_LEFT/n015-2018-07-27-11-24-31+0800__CAM_FRONT_LEFT__1532661911854844.jpg", "samples/CAM_FRONT/n015-2018-07-27-11-24-31+0800__CAM_FRONT__1532661911862460.jpg", "samples/CAM_FRONT_RIGHT/n015-2018-07-27-11-24-31+0800__CAM_FRONT_RIGHT__1532661911870339.jpg", "samples/CAM_BACK_LEFT/n015-2018-07-27-11-24-31+0800__CAM_BACK_LEFT__1532661911897423.jpg", "samples/CAM_BACK/n015-2018-07-27-11-24-31+0800__CAM_BACK__1532661911887525.jpg", "samples/CAM_BACK_RIGHT/n015-2018-07-27-11-24-31+0800__CAM_BACK_RIGHT__1532661911877893.jpg"], "intrinsics": [[[1272.5979470598488, 0.0, 826.6154927353808], [0.0, 1272.5979470598488, 479.75165386361925], [0.0, 0.0, 1.0]], [[1266.417203046554, 0.0, 816.2670197447984], [0.0, 1266.417203046554, 491.50706579294757], [0.0, 0.0, 1.0]], [[1260.8474446004698, 0.0, 807.968244525554], [0.0, 1260.8474446004698, 495.3344268742088], [0.0, 0.0, 1.0]], [[1256.7414812095406, 0.0, 792.1125740759628], [0.0, 1256.7414812095406, 492.7757465151356], [0.0, 0.0, 1.0]], [[809.2209905677063, 0.0, 829.2196003259838], [0.0, 809.2209905677063, 481.77842384512485], [0.0, 0.0, 1.0]], [[1259.5137405846733, 0.0, 807.2529053838625], [0.0, 1259.5137405846733, 501.19579884916527], [0.0, 0.0, 1.0]]], "extrinsics": [[[0.8207492828369141, -0.5689541101455688, -0.051592957228422165, -0.6396484375], [-0.051206860691308975, 0.016679877415299416, -0.9985487461090088, 1.48797607421875], [0.5689889192581177, 0.8222000598907471, -0.015444356016814709, -1.056640625], [0.0, 0.0, 0.0, 1.0]], [[0.007445628754794598, -0.9998883605003357, -0.01295421365648508, 0.008544921875], [-0.056305307894945145, 0.012514816597104073, -0.9983351826667786, 1.5021686553955078], [0.9983858466148376, 0.008162609301507473, -0.056205835193395615, -1.3670196533203125], [0.0, 0.0, 0.0, 1.0]], [[-0.831548810005188, -0.5548657178878784, 0.025504963472485542, 0.8216552734375], [-0.050431542098522186, 0.029691945761442184, -0.9982860088348389, 1.4908065795898438], [0.553157389163971, -0.8314099311828613, -0.052673038095235825, -1.107421875], [0.0, 0.0, 0.0, 1.0]], [[0.9466979503631592, 0.319839209318161, -0.03828771784901619, -1.1365966796875], [-0.040214892476797104, -0.0005796110490337014, -0.9991908669471741, 1.5883119106292725], [-0.3196026086807251, 0.9474716782569885, 0.012313583865761757, -0.106201171875], [0.0, 0.0, 0.0, 1.0]], [[0.0015235623577609658, 0.9999554753303528, 0.009322828613221645, 0.0025634765625], [-0.06629199534654617, 0.00940332654863596, -0.9977559447288513, 1.572922706604004], [-0.9977991580963135, 0.0009020916186273098, 0.06630335748195648, -0.09493064880371094], [0.0, 0.0, 0.0, 1.0]], [[-0.9345309138298035, 0.3535397946834564, 0.040764421224594116, 0.9630126953125], [-0.03422326222062111, 0.024736592546105385, -0.9991080164909363, 1.5450973510742188], [-0.35423293709754944, -0.9350923299789429, -0.011017823591828346, -0.1285400390625], [0.0, 0.0, 0.0, 1.0]]], "view": [[0.0, -2.0, 100.0], [-2.0, 0.0, 100.0], [0.0, 0.0, 1.0]], "bev": "bev_de4ca8cbeef74b189e5fc278962641d1.png", "aux": "aux_de4ca8cbeef74b189e5fc278962641d1.npz", "visibility": "visibility_de4ca8cbeef74b189e5fc278962641d1.png", "pose": [[0.9544453620910645, 0.2983857989311218, 0.0, 560.2697143554688], [-0.2983857989311218, 0.9544453620910645, 0.0, 1680.3201904296875], [0.0, 0.0, 1.0, 0.0], [0.0, 0.0, 0.0, 1.0]], "pose_inverse": [[0.9544453620910645, -0.2983857989311218, 0.0, -33.3631477355957], [0.2983857989311218, 0.9544453620910645, 0.0, -1770.9503173828125], [0.0, 0.0, 1.0, 0.0], [0.0, 0.0, 0.0, 1.0]], "cam_ids": [0, 1, 2, 3, 4, 5], "cam_channels": ["CAM_FRONT_LEFT", "CAM_FRONT", "CAM_FRONT_RIGHT", "CAM_BACK_LEFT", "CAM_BACK", "CAM_BACK_RIGHT"], "token": "de4ca8cbeef74b189e5fc278962641d1", "scene": "scene-0315"}, {"images": ["samples/CAM_FRONT_LEFT/n015-2018-07-27-11-24-31+0800__CAM_FRONT_LEFT__1532661912354844.jpg", "samples/CAM_FRONT/n015-2018-07-27-11-24-31+0800__CAM_FRONT__1532661912362460.jpg", "samples/CAM_FRONT_RIGHT/n015-2018-07-27-11-24-31+0800__CAM_FRONT_RIGHT__1532661912370339.jpg", "samples/CAM_BACK_LEFT/n015-2018-07-27-11-24-31+0800__CAM_BACK_LEFT__1532661912397423.jpg", "samples/CAM_BACK/n015-2018-07-27-11-24-31+0800__CAM_BACK__1532661912387525.jpg", "samples/CAM_BACK_RIGHT/n015-2018-07-27-11-24-31+0800__CAM_BACK_RIGHT__1532661912377893.jpg"], "intrinsics": [[[1272.5979470598488, 0.0, 826.6154927353808], [0.0, 1272.5979470598488, 479.75165386361925], [0.0, 0.0, 1.0]], [[1266.417203046554, 0.0, 816.2670197447984], [0.0, 1266.417203046554, 491.50706579294757], [0.0, 0.0, 1.0]], [[1260.8474446004698, 0.0, 807.968244525554], [0.0, 1260.8474446004698, 495.3344268742088], [0.0, 0.0, 1.0]], [[1256.7414812095406, 0.0, 792.1125740759628], [0.0, 1256.7414812095406, 492.7757465151356], [0.0, 0.0, 1.0]], [[809.2209905677063, 0.0, 829.2196003259838], [0.0, 809.2209905677063, 481.77842384512485], [0.0, 0.0, 1.0]], [[1259.5137405846733, 0.0, 807.2529053838625], [0.0, 1259.5137405846733, 501.19579884916527], [0.0, 0.0, 1.0]]], "extrinsics": [[[0.8205878734588623, -0.568743109703064, -0.05627426877617836, -0.62518310546875], [-0.05176003277301788, 0.024103691801428795, -0.9983686208724976, 1.4868507385253906], [0.5691716074943542, 0.8221619725227356, -0.009658963419497013, -1.048583984375], [0.0, 0.0, 0.0, 1.0]], [[0.007231804542243481, -0.9997615814208984, -0.0206011850386858, 0.01025390625], [-0.057186342775821686, 0.020154524594545364, -0.9981600642204285, 1.50103759765625], [0.9983373880386353, 0.008396657183766365, -0.05702695995569229, -1.3528175354003906], [0.0, 0.0, 0.0, 1.0]], [[-0.8316065669059753, -0.5549204349517822, 0.02222161740064621, 0.81243896484375], [-0.051669664680957794, 0.03746938332915306, -0.9979609847068787, 1.489837646484375], [0.5529563426971436, -0.8310591578483582, -0.059832338243722916, -1.099853515625], [0.0, 0.0, 0.0, 1.0]], [[0.9465919733047485, 0.3201599717140198, -0.038225267082452774, -1.12890625], [-0.042821865528821945, 0.007326523773372173, -0.999055802822113, 1.5879535675048828], [-0.3195776343345642, 0.9473351836204529, 0.020645076408982277, -0.108154296875], [0.0, 0.0, 0.0, 1.0]], [[0.001594966510310769, 0.9998514652252197, 0.017159154638648033, 0.001953125], [-0.06834074854850769, 0.01722804084420204, -0.9975132942199707, 1.572214126586914], [-0.9976608157157898, 0.00041829116526059806, 0.06835807114839554, -0.10222482681274414], [0.0, 0.0, 0.0, 1.0]], [[-0.9344242811203003, 0.353305846452713, 0.045012518763542175, 0.95361328125], [-0.03580794855952263, 0.03254960849881172, -0.9988285303115845, 1.5444183349609375], [-0.3543570637702942, -0.9349414110183716, -0.01776399090886116, -0.1309814453125], [0.0, 0.0, 0.0, 1.0]]], "view": [[0.0, -2.0, 100.0], [-2.0, 0.0, 100.0], [0.0, 0.0, 1.0]], "bev": "bev_e06299dddfce465d90191d86e05a3f2b.png", "aux": "aux_e06299dddfce465d90191d86e05a3f2b.npz", "visibility": "visibility_e06299dddfce465d90191d86e05a3f2b.png", "pose": [[0.9491924047470093, 0.3146963119506836, 0.0, 564.7315063476562], [-0.3146963119506836, 0.9491924047470093, 0.0, 1678.8624267578125], [0.0, 0.0, 1.0, 0.0], [0.0, 0.0, 0.0, 1.0]], "pose_inverse": [[0.9491924047470093, -0.3146963119506836, 0.0, -7.707032203674316], [0.3146963119506836, 0.9491924047470093, 0.0, -1771.2823486328125], [0.0, 0.0, 1.0, 0.0], [0.0, 0.0, 0.0, 1.0]], "cam_ids": [0, 1, 2, 3, 4, 5], "cam_channels": ["CAM_FRONT_LEFT", "CAM_FRONT", "CAM_FRONT_RIGHT", "CAM_BACK_LEFT", "CAM_BACK", "CAM_BACK_RIGHT"], "token": "e06299dddfce465d90191d86e05a3f2b", "scene": "scene-0315"}, {"images": ["samples/CAM_FRONT_LEFT/n015-2018-07-27-11-24-31+0800__CAM_FRONT_LEFT__1532661912854844.jpg", "samples/CAM_FRONT/n015-2018-07-27-11-24-31+0800__CAM_FRONT__1532661912862460.jpg", "samples/CAM_FRONT_RIGHT/n015-2018-07-27-11-24-31+0800__CAM_FRONT_RIGHT__1532661912870339.jpg", "samples/CAM_BACK_LEFT/n015-2018-07-27-11-24-31+0800__CAM_BACK_LEFT__1532661912897423.jpg", "samples/CAM_BACK/n015-2018-07-27-11-24-31+0800__CAM_BACK__1532661912887525.jpg", "samples/CAM_BACK_RIGHT/n015-2018-07-27-11-24-31+0800__CAM_BACK_RIGHT__1532661912877893.jpg"], "intrinsics": [[[1272.5979470598488, 0.0, 826.6154927353808], [0.0, 1272.5979470598488, 479.75165386361925], [0.0, 0.0, 1.0]], [[1266.417203046554, 0.0, 816.2670197447984], [0.0, 1266.417203046554, 491.50706579294757], [0.0, 0.0, 1.0]], [[1260.8474446004698, 0.0, 807.968244525554], [0.0, 1260.8474446004698, 495.3344268742088], [0.0, 0.0, 1.0]], [[1256.7414812095406, 0.0, 792.1125740759628], [0.0, 1256.7414812095406, 492.7757465151356], [0.0, 0.0, 1.0]], [[809.2209905677063, 0.0, 829.2196003259838], [0.0, 809.2209905677063, 481.77842384512485], [0.0, 0.0, 1.0]], [[1259.5137405846733, 0.0, 807.2529053838625], [0.0, 1259.5137405846733, 501.19579884916527], [0.0, 0.0, 1.0]]], "extrinsics": [[[0.820381224155426, -0.568908154964447, -0.05760468170046806, -0.6229248046875], [-0.050565171986818314, 0.028168683871626854, -0.9983234405517578, 1.4871711730957031], [0.5695769786834717, 0.8219185471534729, -0.0056578777730464935, -1.0452880859375], [0.0, 0.0, 0.0, 1.0]], [[0.00702112540602684, -0.9996715188026428, -0.02464698627591133, 0.00927734375], [-0.05576586723327637, 0.024217812344431877, -0.9981501698493958, 1.5012741088867188], [0.9984192252159119, 0.008382627740502357, -0.05557750537991524, -1.348081111907959], [0.0, 0.0, 0.0, 1.0]], [[-0.8317095637321472, -0.5548979640007019, 0.018639232963323593, 0.807861328125], [-0.05007408931851387, 0.04153440520167351, -0.9978814721107483, 1.4900283813476562], [0.5529482364654541, -0.8308809399604797, -0.062330570071935654, -1.0975341796875], [0.0, 0.0, 0.0, 1.0]], [[0.9467253088951111, 0.3201140761375427, -0.035185884684324265, -1.1280517578125], [-0.04101293906569481, 0.011477244086563587, -0.9990926384925842, 1.587942123413086], [-0.319419801235199, 0.9473094940185547, 0.02399461902678013, -0.1083984375], [0.0, 0.0, 0.0, 1.0]], [[0.0016797089483588934, 0.9997720718383789, 0.021282300353050232, 0.0023193359375], [-0.06654627621173859, 0.021346908062696457, -0.9975549578666687, 1.5721282958984375], [-0.9977819323539734, 0.00025931725394912064, 0.06656695902347565, -0.10636329650878906], [0.0, 0.0, 0.0, 1.0]], [[-0.934458315372467, 0.35323452949523926, 0.04486791417002678, 0.949462890625], [-0.034108057618141174, 0.03663039579987526, -0.9987466931343079, 1.5446052551269531], [-0.35443535447120667, -0.9348174929618835, -0.0221814326941967, -0.13330078125], [0.0, 0.0, 0.0, 1.0]]], "view": [[0.0, -2.0, 100.0], [-2.0, 0.0, 100.0], [0.0, 0.0, 1.0]], "bev": "bev_a204c6697a0e409c8ee4ad1c8e2428e8.png", "aux": "aux_a204c6697a0e409c8ee4ad1c8e2428e8.npz", "visibility": "visibility_a204c6697a0e409c8ee4ad1c8e2428e8.png", "pose": [[0.9450256824493408, 0.32699617743492126, 0.0, 569.1184692382812], [-0.32699617743492126, 0.9450256824493408, 0.0, 1677.3485107421875], [0.0, 0.0, 1.0, 0.0], [0.0, 0.0, 0.0, 1.0]], "pose_inverse": [[0.9450256824493408, -0.32699617743492126, 0.0, 10.654976844787598], [0.32699617743492126, 0.9450256824493408, 0.0, -1771.2369384765625], [0.0, 0.0, 1.0, 0.0], [0.0, 0.0, 0.0, 1.0]], "cam_ids": [0, 1, 2, 3, 4, 5], "cam_channels": ["CAM_FRONT_LEFT", "CAM_FRONT", "CAM_FRONT_RIGHT", "CAM_BACK_LEFT", "CAM_BACK", "CAM_BACK_RIGHT"], "token": "a204c6697a0e409c8ee4ad1c8e2428e8", "scene": "scene-0315"}, {"images": ["samples/CAM_FRONT_LEFT/n015-2018-07-27-11-24-31+0800__CAM_FRONT_LEFT__1532661913404844.jpg", "samples/CAM_FRONT/n015-2018-07-27-11-24-31+0800__CAM_FRONT__1532661913412460.jpg", "samples/CAM_FRONT_RIGHT/n015-2018-07-27-11-24-31+0800__CAM_FRONT_RIGHT__1532661913420339.jpg", "samples/CAM_BACK_LEFT/n015-2018-07-27-11-24-31+0800__CAM_BACK_LEFT__1532661913447423.jpg", "samples/CAM_BACK/n015-2018-07-27-11-24-31+0800__CAM_BACK__1532661913437525.jpg", "samples/CAM_BACK_RIGHT/n015-2018-07-27-11-24-31+0800__CAM_BACK_RIGHT__1532661913427893.jpg"], "intrinsics": [[[1272.5979470598488, 0.0, 826.6154927353808], [0.0, 1272.5979470598488, 479.75165386361925], [0.0, 0.0, 1.0]], [[1266.417203046554, 0.0, 816.2670197447984], [0.0, 1266.417203046554, 491.50706579294757], [0.0, 0.0, 1.0]], [[1260.8474446004698, 0.0, 807.968244525554], [0.0, 1260.8474446004698, 495.3344268742088], [0.0, 0.0, 1.0]], [[1256.7414812095406, 0.0, 792.1125740759628], [0.0, 1256.7414812095406, 492.7757465151356], [0.0, 0.0, 1.0]], [[809.2209905677063, 0.0, 829.2196003259838], [0.0, 809.2209905677063, 481.77842384512485], [0.0, 0.0, 1.0]], [[1259.5137405846733, 0.0, 807.2529053838625], [0.0, 1259.5137405846733, 501.19579884916527], [0.0, 0.0, 1.0]]], "extrinsics": [[[0.8198915719985962, -0.5690292119979858, -0.06311642378568649, -0.6212158203125], [-0.05601990967988968, 0.02997850626707077, -0.997979462146759, 1.484771728515625], [0.5697715878486633, 0.8217706680297852, -0.007297844160348177, -1.04296875], [0.0, 0.0, 0.0, 1.0]], [[0.006520475260913372, -0.9996287822723389, -0.02645300142467022, 0.00830078125], [-0.061357464641332626, 0.026003774255514145, -0.9977770447731018, 1.4992942810058594], [0.9980946183204651, 0.008129063993692398, -0.06116512790322304, -1.3472156524658203], [0.0, 0.0, 0.0, 1.0]], [[-0.8317599892616272, -0.554681658744812, 0.022441435605287552, 0.8076171875], [-0.055801644921302795, 0.04331890493631363, -0.9975016713142395, 1.4885025024414062], [0.5523237586021423, -0.8309342861175537, -0.06698307394981384, -1.0986328125], [0.0, 0.0, 0.0, 1.0]], [[0.9464001059532166, 0.320433109998703, -0.040613386780023575, -1.1260986328125], [-0.047496046870946884, 0.013689329847693443, -0.9987776279449463, 1.5877456665039062], [-0.31948545575141907, 0.947172224521637, 0.028174886479973793, -0.109130859375], [0.0, 0.0, 0.0, 1.0]], [[0.0017880774103105068, 0.9997283816337585, 0.023236704990267754, 0.00244140625], [-0.07270549237728119, 0.02330521121621132, -0.9970811009407043, 1.5714035034179688], [-0.997351884841919, 9.342375415144488e-05, 0.07272741198539734, -0.10709953308105469], [0.0, 0.0, 0.0, 1.0]], [[-0.9341205954551697, 0.3532904088497162, 0.05103517696261406, 0.95001220703125], [-0.0400141179561615, 0.038434527814388275, -0.9984596371650696, 1.5434646606445312], [-0.3547077775001526, -0.9347239136695862, -0.021765876561403275, -0.1336669921875], [0.0, 0.0, 0.0, 1.0]]], "view": [[0.0, -2.0, 100.0], [-2.0, 0.0, 100.0], [0.0, 0.0, 1.0]], "bev": "bev_6ae6d265a1df47128f7e8e8487cb85ca.png", "aux": "aux_6ae6d265a1df47128f7e8e8487cb85ca.npz", "visibility": "visibility_6ae6d265a1df47128f7e8e8487cb85ca.png", "pose": [[0.9417186379432678, 0.3364016115665436, 0.0, 573.9674072265625], [-0.3364016115665436, 0.9417186379432678, 0.0, 1675.6256103515625], [0.0, 0.0, 1.0, 0.0], [0.0, 0.0, 0.0, 1.0]], "pose_inverse": [[0.9417186379432678, -0.3364016115665436, 0.0, 23.16738510131836], [0.3364016115665436, 0.9417186379432678, 0.0, -1771.0513916015625], [0.0, 0.0, 1.0, 0.0], [0.0, 0.0, 0.0, 1.0]], "cam_ids": [0, 1, 2, 3, 4, 5], "cam_channels": ["CAM_FRONT_LEFT", "CAM_FRONT", "CAM_FRONT_RIGHT", "CAM_BACK_LEFT", "CAM_BACK", "CAM_BACK_RIGHT"], "token": "6ae6d265a1df47128f7e8e8487cb85ca", "scene": "scene-0315"}, {"images": ["samples/CAM_FRONT_LEFT/n015-2018-07-27-11-24-31+0800__CAM_FRONT_LEFT__1532661913904844.jpg", "samples/CAM_FRONT/n015-2018-07-27-11-24-31+0800__CAM_FRONT__1532661913912460.jpg", "samples/CAM_FRONT_RIGHT/n015-2018-07-27-11-24-31+0800__CAM_FRONT_RIGHT__1532661913920339.jpg", "samples/CAM_BACK_LEFT/n015-2018-07-27-11-24-31+0800__CAM_BACK_LEFT__1532661913947423.jpg", "samples/CAM_BACK/n015-2018-07-27-11-24-31+0800__CAM_BACK__1532661913937525.jpg", "samples/CAM_BACK_RIGHT/n015-2018-07-27-11-24-31+0800__CAM_BACK_RIGHT__1532661913927893.jpg"], "intrinsics": [[[1272.5979470598488, 0.0, 826.6154927353808], [0.0, 1272.5979470598488, 479.75165386361925], [0.0, 0.0, 1.0]], [[1266.417203046554, 0.0, 816.2670197447984], [0.0, 1266.417203046554, 491.50706579294757], [0.0, 0.0, 1.0]], [[1260.8474446004698, 0.0, 807.968244525554], [0.0, 1260.8474446004698, 495.3344268742088], [0.0, 0.0, 1.0]], [[1256.7414812095406, 0.0, 792.1125740759628], [0.0, 1256.7414812095406, 492.7757465151356], [0.0, 0.0, 1.0]], [[809.2209905677063, 0.0, 829.2196003259838], [0.0, 809.2209905677063, 481.77842384512485], [0.0, 0.0, 1.0]], [[1259.5137405846733, 0.0, 807.2529053838625], [0.0, 1259.5137405846733, 501.19579884916527], [0.0, 0.0, 1.0]]], "extrinsics": [[[0.8192869424819946, -0.5688353776931763, -0.07207739353179932, -0.63330078125], [-0.06402348726987839, 0.03416409343481064, -0.9973634481430054, 1.4823455810546875], [0.5697979927062988, 0.8217414617538452, -0.008428625762462616, -1.052001953125], [0.0, 0.0, 0.0, 1.0]], [[0.006183076649904251, -0.9995172619819641, -0.030445845797657967, 0.0084228515625], [-0.06953893601894379, 0.0299429502338171, -0.9971297383308411, 1.49725341796875], [0.9975600242614746, 0.008282477967441082, -0.06932022422552109, -1.358902931213379], [0.0, 0.0, 0.0, 1.0]], [[-0.8316081166267395, -0.5546877384185791, 0.02737462893128395, 0.81439208984375], [-0.0641641765832901, 0.04700222238898277, -0.9968318343162537, 1.4867630004882812], [0.5516436696052551, -0.8307299613952637, -0.07467851042747498, -1.10302734375], [0.0, 0.0, 0.0, 1.0]], [[0.9459126591682434, 0.32083794474601746, -0.048083510249853134, -1.12786865234375], [-0.056207310408353806, 0.016101470217108727, -0.9982892274856567, 1.5876960754394531], [-0.31951484084129333, 0.9469972252845764, 0.033264029771089554, -0.108642578125], [0.0, 0.0, 0.0, 1.0]], [[0.0018920832080766559, 0.9996540546417236, 0.026233159005641937, 0.002685546875], [-0.08137906342744827, 0.02630011737346649, -0.9963361620903015, 1.5707473754882812], [-0.9966813921928406, -0.00024967690114863217, 0.08140067011117935, -0.10345649719238281], [0.0, 0.0, 0.0, 1.0]], [[-0.9336163401603699, 0.35317420959472656, 0.060236118733882904, 0.955078125], [-0.04854349419474602, 0.04188070818781853, -0.9979426264762878, 1.542022705078125], [-0.3549703359603882, -0.934619665145874, -0.021956205368041992, -0.1318359375], [0.0, 0.0, 0.0, 1.0]]], "view": [[0.0, -2.0, 100.0], [-2.0, 0.0, 100.0], [0.0, 0.0, 1.0]], "bev": "bev_86cf2d2f2e064612a079eeff19129bab.png", "aux": "aux_86cf2d2f2e064612a079eeff19129bab.npz", "visibility": "visibility_86cf2d2f2e064612a079eeff19129bab.png", "pose": [[0.9401097297668457, 0.3408719003200531, 0.0, 578.2787475585938], [-0.3408719003200531, 0.9401097297668457, 0.0, 1674.0533447265625], [0.0, 0.0, 1.0, 0.0], [0.0, 0.0, 0.0, 1.0]], "pose_inverse": [[0.9401097297668457, -0.3408719003200531, 0.0, 26.992233276367188], [0.3408719003200531, 0.9401097297668457, 0.0, -1770.912841796875], [0.0, 0.0, 1.0, 0.0], [0.0, 0.0, 0.0, 1.0]], "cam_ids": [0, 1, 2, 3, 4, 5], "cam_channels": ["CAM_FRONT_LEFT", "CAM_FRONT", "CAM_FRONT_RIGHT", "CAM_BACK_LEFT", "CAM_BACK", "CAM_BACK_RIGHT"], "token": "86cf2d2f2e064612a079eeff19129bab", "scene": "scene-0315"}, {"images": ["samples/CAM_FRONT_LEFT/n015-2018-07-27-11-24-31+0800__CAM_FRONT_LEFT__1532661914404844.jpg", "samples/CAM_FRONT/n015-2018-07-27-11-24-31+0800__CAM_FRONT__1532661914412460.jpg", "samples/CAM_FRONT_RIGHT/n015-2018-07-27-11-24-31+0800__CAM_FRONT_RIGHT__1532661914420349.jpg", "samples/CAM_BACK_LEFT/n015-2018-07-27-11-24-31+0800__CAM_BACK_LEFT__1532661914447423.jpg", "samples/CAM_BACK/n015-2018-07-27-11-24-31+0800__CAM_BACK__1532661914437525.jpg", "samples/CAM_BACK_RIGHT/n015-2018-07-27-11-24-31+0800__CAM_BACK_RIGHT__1532661914427893.jpg"], "intrinsics": [[[1272.5979470598488, 0.0, 826.6154927353808], [0.0, 1272.5979470598488, 479.75165386361925], [0.0, 0.0, 1.0]], [[1266.417203046554, 0.0, 816.2670197447984], [0.0, 1266.417203046554, 491.50706579294757], [0.0, 0.0, 1.0]], [[1260.8474446004698, 0.0, 807.968244525554], [0.0, 1260.8474446004698, 495.3344268742088], [0.0, 0.0, 1.0]], [[1256.7414812095406, 0.0, 792.1125740759628], [0.0, 1256.7414812095406, 492.7757465151356], [0.0, 0.0, 1.0]], [[809.2209905677063, 0.0, 829.2196003259838], [0.0, 809.2209905677063, 481.77842384512485], [0.0, 0.0, 1.0]], [[1259.5137405846733, 0.0, 807.2529053838625], [0.0, 1259.5137405846733, 501.19579884916527], [0.0, 0.0, 1.0]]], "extrinsics": [[[0.8191701173782349, -0.5691025853157043, -0.0712924674153328, -0.6416015625], [-0.07169333845376968, 0.021723855286836624, -0.9971901178359985, 1.4799995422363281], [0.5690521597862244, 0.8219795227050781, -0.023005327209830284, -1.0582275390625], [0.0, 0.0, 0.0, 1.0]], [[0.006824782583862543, -0.9998056292533875, -0.01849369704723358, 0.0091552734375], [-0.07689622044563293, 0.01791464537382126, -0.9968782067298889, 1.4954719543457031], [0.9970157742500305, 0.00822559092193842, -0.07675901055335999, -1.3678112030029297], [0.0, 0.0, 0.0, 1.0]], [[-0.8308835029602051, -0.5550321936607361, 0.03964605554938316, 0.821044921875], [-0.07121718674898148, 0.035408273339271545, -0.9968321323394775, 1.4854087829589844], [0.5518701076507568, -0.8310748934745789, -0.06894798576831818, -1.1064453125], [0.0, 0.0, 0.0, 1.0]], [[0.9454690217971802, 0.320708304643631, -0.056872155517339706, -1.129150390625], [-0.06189201772212982, 0.005471373442560434, -0.9980678558349609, 1.5876960754394531], [-0.3197774291038513, 0.9471621513366699, 0.025022298097610474, -0.1083984375], [0.0, 0.0, 0.0, 1.0]], [[0.001344118034467101, 0.9998820424079895, 0.015299530699849129, 0.0023193359375], [-0.08761732280254364, 0.015358459204435349, -0.9960358142852783, 1.5703983306884766], [-0.9961532950401306, -1.707134742900962e-06, 0.08762763440608978, -0.09987258911132812], [0.0, 0.0, 0.0, 1.0]], [[-0.9335216879844666, 0.35302361845970154, 0.06254187971353531, 0.96002197265625], [-0.05529183894395828, 0.03059498965740204, -0.9980013966560364, 1.5410079956054688], [-0.3542315661907196, -0.9351140260696411, -0.009041761048138142, -0.1290283203125], [0.0, 0.0, 0.0, 1.0]]], "view": [[0.0, -2.0, 100.0], [-2.0, 0.0, 100.0], [0.0, 0.0, 1.0]], "bev": "bev_3158ae16baaf45839cfce4e93236f909.png", "aux": "aux_3158ae16baaf45839cfce4e93236f909.npz", "visibility": "visibility_3158ae16baaf45839cfce4e93236f909.png", "pose": [[0.9393937587738037, 0.34284013509750366, 0.0, 582.514404296875], [-0.34284013509750366, 0.9393937587738037, 0.0, 1672.4970703125], [0.0, 0.0, 1.0, 0.0], [0.0, 0.0, 0.0, 1.0]], "pose_inverse": [[0.9393937587738037, -0.34284013509750366, 0.0, 26.188720703125], [0.34284013509750366, 0.9393937587738037, 0.0, -1770.8426513671875], [0.0, 0.0, 1.0, 0.0], [0.0, 0.0, 0.0, 1.0]], "cam_ids": [0, 1, 2, 3, 4, 5], "cam_channels": ["CAM_FRONT_LEFT", "CAM_FRONT", "CAM_FRONT_RIGHT", "CAM_BACK_LEFT", "CAM_BACK", "CAM_BACK_RIGHT"], "token": "3158ae16baaf45839cfce4e93236f909", "scene": "scene-0315"}, {"images": ["samples/CAM_FRONT_LEFT/n015-2018-07-27-11-24-31+0800__CAM_FRONT_LEFT__1532661914904844.jpg", "samples/CAM_FRONT/n015-2018-07-27-11-24-31+0800__CAM_FRONT__1532661914912460.jpg", "samples/CAM_FRONT_RIGHT/n015-2018-07-27-11-24-31+0800__CAM_FRONT_RIGHT__1532661914920339.jpg", "samples/CAM_BACK_LEFT/n015-2018-07-27-11-24-31+0800__CAM_BACK_LEFT__1532661914947423.jpg", "samples/CAM_BACK/n015-2018-07-27-11-24-31+0800__CAM_BACK__1532661914937525.jpg", "samples/CAM_BACK_RIGHT/n015-2018-07-27-11-24-31+0800__CAM_BACK_RIGHT__1532661914927893.jpg"], "intrinsics": [[[1272.5979470598488, 0.0, 826.6154927353808], [0.0, 1272.5979470598488, 479.75165386361925], [0.0, 0.0, 1.0]], [[1266.417203046554, 0.0, 816.2670197447984], [0.0, 1266.417203046554, 491.50706579294757], [0.0, 0.0, 1.0]], [[1260.8474446004698, 0.0, 807.968244525554], [0.0, 1260.8474446004698, 495.3344268742088], [0.0, 0.0, 1.0]], [[1256.7414812095406, 0.0, 792.1125740759628], [0.0, 1256.7414812095406, 492.7757465151356], [0.0, 0.0, 1.0]], [[809.2209905677063, 0.0, 829.2196003259838], [0.0, 809.2209905677063, 481.77842384512485], [0.0, 0.0, 1.0]], [[1259.5137405846733, 0.0, 807.2529053838625], [0.0, 1259.5137405846733, 501.19579884916527], [0.0, 0.0, 1.0]]], "extrinsics": [[[0.8203389048576355, -0.5677616000175476, -0.06848959624767303, -0.6630859375], [-0.06706652790307999, 0.023424042388796806, -0.9974735379219055, 1.483612060546875], [0.5679314136505127, 0.8228596448898315, -0.018862145021557808, -1.0733642578125], [0.0, 0.0, 0.0, 1.0]], [[0.008103973232209682, -0.9997680187225342, -0.019953491166234016, 0.0086669921875], [-0.07260569930076599, 0.019313180819153786, -0.9971737265586853, 1.4984893798828125], [0.9973277449607849, 0.009529761038720608, -0.07243233919143677, -1.3899002075195312], [0.0, 0.0, 0.0, 1.0]], [[-0.8305309414863586, -0.555826723575592, 0.035707008093595505, 0.8353271484375], [-0.06729736924171448, 0.03650480881333351, -0.9970648884773254, 1.4876251220703125], [0.5528917908668518, -0.8304962515830994, -0.06772404909133911, -1.1165771484375], [0.0, 0.0, 0.0, 1.0]], [[0.9456108808517456, 0.32069769501686096, -0.054523494094610214, -1.13116455078125], [-0.05956605076789856, 0.005926433485001326, -0.9982067346572876, 1.587855339050293], [-0.3197995126247406, 0.9471630454063416, 0.024706797674298286, -0.1075439453125], [0.0, 0.0, 0.0, 1.0]], [[0.0009933875408023596, 0.9998729825019836, 0.015906423330307007, 0.002685546875], [-0.08461236208677292, 0.015933431684970856, -0.9962865114212036, 1.5713729858398438], [-0.9964134097099304, -0.00035615265369415283, 0.08461745083332062, -0.09207916259765625], [0.0, 0.0, 0.0, 1.0]], [[-0.9339614510536194, 0.3523862957954407, 0.05949680507183075, 0.972900390625], [-0.05171703174710274, 0.031459737569093704, -0.9981661438941956, 1.5424041748046875], [-0.3536117672920227, -0.9353257417678833, -0.011157810688018799, -0.125], [0.0, 0.0, 0.0, 1.0]]], "view": [[0.0, -2.0, 100.0], [-2.0, 0.0, 100.0], [0.0, 0.0, 1.0]], "bev": "bev_e8251b2798f84a12b70d4d40a206d4d8.png", "aux": "aux_e8251b2798f84a12b70d4d40a206d4d8.npz", "visibility": "visibility_e8251b2798f84a12b70d4d40a206d4d8.png", "pose": [[0.9331409931182861, 0.3595105707645416, 0.0, 586.5490112304688], [-0.3595105707645416, 0.9331409931182861, 0.0, 1670.9615478515625], [0.0, 0.0, 1.0, 0.0], [0.0, 0.0, 0.0, 1.0]], "pose_inverse": [[0.9331409931182861, -0.3595105707645416, 0.0, 53.39540100097656], [0.3595105707645416, 0.9331409931182861, 0.0, -1770.11328125], [0.0, 0.0, 1.0, 0.0], [0.0, 0.0, 0.0, 1.0]], "cam_ids": [0, 1, 2, 3, 4, 5], "cam_channels": ["CAM_FRONT_LEFT", "CAM_FRONT", "CAM_FRONT_RIGHT", "CAM_BACK_LEFT", "CAM_BACK", "CAM_BACK_RIGHT"], "token": "e8251b2798f84a12b70d4d40a206d4d8", "scene": "scene-0315"}, {"images": ["samples/CAM_FRONT_LEFT/n015-2018-07-27-11-24-31+0800__CAM_FRONT_LEFT__1532661915404844.jpg", "samples/CAM_FRONT/n015-2018-07-27-11-24-31+0800__CAM_FRONT__1532661915412460.jpg", "samples/CAM_FRONT_RIGHT/n015-2018-07-27-11-24-31+0800__CAM_FRONT_RIGHT__1532661915420339.jpg", "samples/CAM_BACK_LEFT/n015-2018-07-27-11-24-31+0800__CAM_BACK_LEFT__1532661915447423.jpg", "samples/CAM_BACK/n015-2018-07-27-11-24-31+0800__CAM_BACK__1532661915437525.jpg", "samples/CAM_BACK_RIGHT/n015-2018-07-27-11-24-31+0800__CAM_BACK_RIGHT__1532661915427893.jpg"], "intrinsics": [[[1272.5979470598488, 0.0, 826.6154927353808], [0.0, 1272.5979470598488, 479.75165386361925], [0.0, 0.0, 1.0]], [[1266.417203046554, 0.0, 816.2670197447984], [0.0, 1266.417203046554, 491.50706579294757], [0.0, 0.0, 1.0]], [[1260.8474446004698, 0.0, 807.968244525554], [0.0, 1260.8474446004698, 495.3344268742088], [0.0, 0.0, 1.0]], [[1256.7414812095406, 0.0, 792.1125740759628], [0.0, 1256.7414812095406, 492.7757465151356], [0.0, 0.0, 1.0]], [[809.2209905677063, 0.0, 829.2196003259838], [0.0, 809.2209905677063, 481.77842384512485], [0.0, 0.0, 1.0]], [[1259.5137405846733, 0.0, 807.2529053838625], [0.0, 1259.5137405846733, 501.19579884916527], [0.0, 0.0, 1.0]]], "extrinsics": [[[0.8203983902931213, -0.5678718090057373, -0.06684433668851852, -0.66650390625], [-0.06627202779054642, 0.021681277081370354, -0.9975660443305969, 1.4841651916503906], [0.5679389238357544, 0.8228314518928528, -0.019846729934215546, -1.0745849609375], [0.0, 0.0, 0.0, 1.0]], [[0.008086632937192917, -0.9998002052307129, -0.018279582262039185, 0.008056640625], [-0.07156551629304886, 0.01765465922653675, -0.9972796440124512, 1.4989967346191406], [0.997403085231781, 0.009372792206704617, -0.07140845060348511, -1.3923873901367188], [0.0, 0.0, 0.0, 1.0]], [[-0.8306125998497009, -0.5557175874710083, 0.03550619259476662, 0.83648681640625], [-0.06600020825862885, 0.03493420034646988, -0.9972078800201416, 1.4880523681640625], [0.5529255270957947, -0.8306368589401245, -0.06569425761699677, -1.1175537109375], [0.0, 0.0, 0.0, 1.0]], [[0.9457396864891052, 0.3205796182155609, -0.052962351590394974, -1.131927490234375], [-0.057498425245285034, 0.0046927728690207005, -0.998334527015686, 1.5879268646240234], [-0.319797158241272, 0.9472099542617798, 0.02287096530199051, -0.1072998046875], [0.0, 0.0, 0.0, 1.0]], [[0.0010328359203413129, 0.9998934864997864, 0.014560237526893616, 0.0023193359375], [-0.08278553187847137, 0.014595762826502323, -0.996460497379303, 1.5716133117675781], [-0.996566891670227, -0.00017619050049688667, 0.0827917829155922, -0.0912322998046875], [0.0, 0.0, 0.0, 1.0]], [[-0.934025228023529, 0.35254526138305664, 0.05752173811197281, 0.97357177734375], [-0.050172582268714905, 0.029956407845020294, -0.9982912540435791, 1.5427017211914062], [-0.3536660373210907, -0.9353152513504028, -0.010291935876011848, -0.1243896484375], [0.0, 0.0, 0.0, 1.0]]], "view": [[0.0, -2.0, 100.0], [-2.0, 0.0, 100.0], [0.0, 0.0, 1.0]], "bev": "bev_c1d7525987704050a216b3dd7c527458.png", "aux": "aux_c1d7525987704050a216b3dd7c527458.npz", "visibility": "visibility_c1d7525987704050a216b3dd7c527458.png", "pose": [[0.9230080842971802, 0.38478055596351624, 0.0, 590.3627319335938], [-0.38478055596351624, 0.9230080842971802, 0.0, 1669.4127197265625], [0.0, 0.0, 1.0, 0.0], [0.0, 0.0, 0.0, 1.0]], "pose_inverse": [[0.9230080842971802, -0.38478055596351624, 0.0, 97.44796752929688], [0.38478055596351624, 0.9230080842971802, 0.0, -1768.04150390625], [0.0, 0.0, 1.0, 0.0], [0.0, 0.0, 0.0, 1.0]], "cam_ids": [0, 1, 2, 3, 4, 5], "cam_channels": ["CAM_FRONT_LEFT", "CAM_FRONT", "CAM_FRONT_RIGHT", "CAM_BACK_LEFT", "CAM_BACK", "CAM_BACK_RIGHT"], "token": "c1d7525987704050a216b3dd7c527458", "scene": "scene-0315"}, {"images": ["samples/CAM_FRONT_LEFT/n015-2018-07-27-11-24-31+0800__CAM_FRONT_LEFT__1532661915904844.jpg", "samples/CAM_FRONT/n015-2018-07-27-11-24-31+0800__CAM_FRONT__1532661915912460.jpg", "samples/CAM_FRONT_RIGHT/n015-2018-07-27-11-24-31+0800__CAM_FRONT_RIGHT__1532661915920339.jpg", "samples/CAM_BACK_LEFT/n015-2018-07-27-11-24-31+0800__CAM_BACK_LEFT__1532661915947423.jpg", "samples/CAM_BACK/n015-2018-07-27-11-24-31+0800__CAM_BACK__1532661915937525.jpg", "samples/CAM_BACK_RIGHT/n015-2018-07-27-11-24-31+0800__CAM_BACK_RIGHT__1532661915927893.jpg"], "intrinsics": [[[1272.5979470598488, 0.0, 826.6154927353808], [0.0, 1272.5979470598488, 479.75165386361925], [0.0, 0.0, 1.0]], [[1266.417203046554, 0.0, 816.2670197447984], [0.0, 1266.417203046554, 491.50706579294757], [0.0, 0.0, 1.0]], [[1260.8474446004698, 0.0, 807.968244525554], [0.0, 1260.8474446004698, 495.3344268742088], [0.0, 0.0, 1.0]], [[1256.7414812095406, 0.0, 792.1125740759628], [0.0, 1256.7414812095406, 492.7757465151356], [0.0, 0.0, 1.0]], [[809.2209905677063, 0.0, 829.2196003259838], [0.0, 809.2209905677063, 481.77842384512485], [0.0, 0.0, 1.0]], [[1259.5137405846733, 0.0, 807.2529053838625], [0.0, 1259.5137405846733, 501.19579884916527], [0.0, 0.0, 1.0]]], "extrinsics": [[[0.820604681968689, -0.5671626329421997, -0.07024595886468887, -0.699951171875], [-0.06793190538883209, 0.025241466239094734, -0.9973706007003784, 1.4863357543945312], [0.5674445033073425, 0.8232188820838928, -0.017815174534916878, -1.098388671875], [0.0, 0.0, 0.0, 1.0]], [[0.008525143377482891, -0.9997225403785706, -0.02195749618113041, 0.00830078125], [-0.07338855415582657, 0.02127356454730034, -0.9970765709877014, 1.5009880065917969], [0.997266948223114, 0.01011163555085659, -0.07318682968616486, -1.4269561767578125], [0.0, 0.0, 0.0, 1.0]], [[-0.8303427696228027, -0.5561469197273254, 0.03509176895022392, 0.8599853515625], [-0.06800034642219543, 0.03862161934375763, -0.9969374537467957, 1.4894638061523438], [0.553088366985321, -0.8301860690116882, -0.06988736242055893, -1.1328125], [0.0, 0.0, 0.0, 1.0]], [[0.9455848336219788, 0.320843368768692, -0.054120443761348724, -1.134124755859375], [-0.06000888720154762, 0.008485539816319942, -0.9981617331504822, 1.5880489349365234], [-0.31979429721832275, 0.9470942616462708, 0.027277246117591858, -0.1064453125], [0.0, 0.0, 0.0, 1.0]], [[0.0009175468003377318, 0.9998313188552856, 0.01834505796432495, 0.002197265625], [-0.08512116968631744, 0.018356572836637497, -0.9962015151977539, 1.5724105834960938], [-0.9963701963424683, -0.0006474874680861831, 0.08512365072965622, -0.079315185546875], [0.0, 0.0, 0.0, 1.0]], [[-0.9339865446090698, 0.3520863354206085, 0.06086336448788643, 0.9935302734375], [-0.0523332804441452, 0.03370411694049835, -0.9980607628822327, 1.5434494018554688], [-0.35345494747161865, -0.9353604912757874, -0.013053354807198048, -0.1163330078125], [0.0, 0.0, 0.0, 1.0]]], "view": [[0.0, -2.0, 100.0], [-2.0, 0.0, 100.0], [0.0, 0.0, 1.0]], "bev": "bev_bb2a937ac60a48db9e6e5c542feb1a42.png", "aux": "aux_bb2a937ac60a48db9e6e5c542feb1a42.npz", "visibility": "visibility_bb2a937ac60a48db9e6e5c542feb1a42.png", "pose": [[0.9107338190078735, 0.412993848323822, 0.0, 593.9608764648438], [-0.412993848323822, 0.9107338190078735, 0.0, 1667.8370361328125], [0.0, 0.0, 1.0, 0.0], [0.0, 0.0, 0.0, 1.0]], "pose_inverse": [[0.9107338190078735, -0.412993848323822, 0.0, 147.86618041992188], [0.412993848323822, 0.9107338190078735, 0.0, -1764.2578125], [0.0, 0.0, 1.0, 0.0], [0.0, 0.0, 0.0, 1.0]], "cam_ids": [0, 1, 2, 3, 4, 5], "cam_channels": ["CAM_FRONT_LEFT", "CAM_FRONT", "CAM_FRONT_RIGHT", "CAM_BACK_LEFT", "CAM_BACK", "CAM_BACK_RIGHT"], "token": "bb2a937ac60a48db9e6e5c542feb1a42", "scene": "scene-0315"}, {"images": ["samples/CAM_FRONT_LEFT/n015-2018-07-27-11-24-31+0800__CAM_FRONT_LEFT__1532661916404844.jpg", "samples/CAM_FRONT/n015-2018-07-27-11-24-31+0800__CAM_FRONT__1532661916412460.jpg", "samples/CAM_FRONT_RIGHT/n015-2018-07-27-11-24-31+0800__CAM_FRONT_RIGHT__1532661916420339.jpg", "samples/CAM_BACK_LEFT/n015-2018-07-27-11-24-31+0800__CAM_BACK_LEFT__1532661916447423.jpg", "samples/CAM_BACK/n015-2018-07-27-11-24-31+0800__CAM_BACK__1532661916437525.jpg", "samples/CAM_BACK_RIGHT/n015-2018-07-27-11-24-31+0800__CAM_BACK_RIGHT__1532661916427893.jpg"], "intrinsics": [[[1272.5979470598488, 0.0, 826.6154927353808], [0.0, 1272.5979470598488, 479.75165386361925], [0.0, 0.0, 1.0]], [[1266.417203046554, 0.0, 816.2670197447984], [0.0, 1266.417203046554, 491.50706579294757], [0.0, 0.0, 1.0]], [[1260.8474446004698, 0.0, 807.968244525554], [0.0, 1260.8474446004698, 495.3344268742088], [0.0, 0.0, 1.0]], [[1256.7414812095406, 0.0, 792.1125740759628], [0.0, 1256.7414812095406, 492.7757465151356], [0.0, 0.0, 1.0]], [[809.2209905677063, 0.0, 829.2196003259838], [0.0, 809.2209905677063, 481.77842384512485], [0.0, 0.0, 1.0]], [[1259.5137405846733, 0.0, 807.2529053838625], [0.0, 1259.5137405846733, 501.19579884916527], [0.0, 0.0, 1.0]]], "extrinsics": [[[0.8201472163200378, -0.5675215125083923, -0.07264880836009979, -0.7003173828125], [-0.07197204232215881, 0.02363327518105507, -0.9971266388893127, 1.4850311279296875], [0.5676077008247375, 0.8230193257331848, -0.02146291546523571, -1.0972900390625], [0.0, 0.0, 0.0, 1.0]], [[0.008178518153727055, -0.9997652769088745, -0.020061621442437172, 0.00732421875], [-0.07757514715194702, 0.01936749368906021, -0.9967983961105347, 1.499847412109375], [0.9969528913497925, 0.009708571247756481, -0.07739854604005814, -1.4263763427734375], [0.0, 0.0, 0.0, 1.0]], [[-0.8302991390228271, -0.5558839440345764, 0.03995422273874283, 0.85888671875], [-0.07233469933271408, 0.036404065787792206, -0.9967158436775208, 1.4885330200195312], [0.5526037812232971, -0.8304623365402222, -0.07043596357107162, -1.133056640625], [0.0, 0.0, 0.0, 1.0]], [[0.9452202320098877, 0.32092151045799255, -0.05973188579082489, -1.131256103515625], [-0.06485188752412796, 0.00527860876172781, -0.9978809356689453, 1.5878124237060547], [-0.3199261724948883, 0.9470911026000977, 0.02580181136727333, -0.1072998046875], [0.0, 0.0, 0.0, 1.0]], [[0.0009273227769881487, 0.9998804330825806, 0.015439106151461601, 0.0029296875], [-0.08971747010946274, 0.015460042282938957, -0.995847225189209, 1.571868896484375], [-0.9959667325019836, -0.0004616