[{"images": ["samples/CAM_FRONT_LEFT/n008-2018-08-06-15-06-32-0400__CAM_FRONT_LEFT__1533582771254799.jpg", "samples/CAM_FRONT/n008-2018-08-06-15-06-32-0400__CAM_FRONT__1533582771262404.jpg", "samples/CAM_FRONT_RIGHT/n008-2018-08-06-15-06-32-0400__CAM_FRONT_RIGHT__1533582771270482.jpg", "samples/CAM_BACK_LEFT/n008-2018-08-06-15-06-32-0400__CAM_BACK_LEFT__1533582771297405.jpg", "samples/CAM_BACK/n008-2018-08-06-15-06-32-0400__CAM_BACK__1533582771287558.jpg", "samples/CAM_BACK_RIGHT/n008-2018-08-06-15-06-32-0400__CAM_BACK_RIGHT__1533582771278113.jpg"], "intrinsics": [[[1257.8625342125129, 0.0, 827.2410631095686], [0.0, 1257.8625342125129, 450.915498205774], [0.0, 0.0, 1.0]], [[1252.8131021185304, 0.0, 826.588114781398], [0.0, 1252.8131021185304, 469.9846626224581], [0.0, 0.0, 1.0]], [[1256.7485116440405, 0.0, 817.7887570959712], [0.0, 1256.7485116440403, 451.9541780095127], [0.0, 0.0, 1.0]], [[1254.9860565800168, 0.0, 829.5769333630991], [0.0, 1254.9860565800168, 467.1680561863987], [0.0, 0.0, 1.0]], [[796.8910634503094, 0.0, 857.7774326863696], [0.0, 796.8910634503094, 476.8848988407415], [0.0, 0.0, 1.0]], [[1249.9629280788233, 0.0, 825.3768045375984], [0.0, 1249.9629280788233, 462.54816385708756], [0.0, 0.0, 1.0]]], "extrinsics": [[[0.8225045800209045, -0.5685954689979553, -0.013617447577416897, -0.64813232421875], [0.002388021443039179, 0.027394620701670647, -0.9996218085289001, 1.4892425537109375], [0.5687535405158997, 0.8221610188484192, 0.023890020325779915, -1.0904541015625], [0.0, 0.0, 0.0, 1.0]], [[0.010169018059968948, -0.9996784329414368, -0.023230882361531258, 0.011474609375], [0.004453410394489765, 0.023277129977941513, -0.9997191429138184, 1.4816818237304688], [0.9999382495880127, 0.010062707588076591, 0.0046886843629181385, -1.38134765625], [0.0, 0.0, 0.0, 1.0]], [[-0.8440603017807007, -0.5359299182891846, -0.01847645826637745, 0.863525390625], [0.012642204761505127, 0.014558323659002781, -0.9998140931129456, 1.4964599609375], [0.5360992550849915, -0.8441368937492371, -0.005512767005711794, -1.131103515625], [0.0, 0.0, 0.0, 1.0]], [[0.9478701949119568, 0.3186473548412323, -0.002452318789437413, -1.14971923828125], [-0.01261837687343359, 0.02984349988400936, -0.9994749426841736, 1.5621261596679688], [-0.3184068500995636, 0.9474034309387207, 0.03230857849121094, -0.1541748046875], [0.0, 0.0, 0.0, 1.0]], [[0.009296249598264694, 0.9997114539146423, 0.02214818261563778, -0.0286865234375], [-0.010489431209862232, 0.022245412692427635, -0.9996975064277649, 1.5670509338378906], [-0.9999017715454102, 0.009061070159077644, 0.010693203657865524, -0.05055999755859375], [0.0, 0.0, 0.0, 1.0]], [[-0.9237200021743774, 0.3830265402793884, 0.00565414410084486, 0.98260498046875], [-0.006331752985715866, -0.0005084172589704394, -0.9999798536300659, 1.5465983152389526], [-0.38301581144332886, -0.9237371683120728, 0.002894864184781909, -0.115966796875], [0.0, 0.0, 0.0, 1.0]]], "view": [[0.0, -2.0, 100.0], [-2.0, 0.0, 100.0], [0.0, 0.0, 1.0]], "bev": "bev_45382d08ea7043729a8b4431bd1b493b.png", "aux": "aux_45382d08ea7043729a8b4431bd1b493b.npz", "visibility": "visibility_45382d08ea7043729a8b4431bd1b493b.png", "pose": [[-0.8531715869903564, -0.5216303467750549, 0.0, 914.2042236328125], [0.5216303467750549, -0.8531715869903564, 0.0, 1319.4097900390625], [0.0, 0.0, 1.0, 0.0], [0.0, 0.0, 0.0, 1.0]], "pose_inverse": [[-0.8531715869903564, 0.5216303467750549, 0.0, 91.72884368896484], [-0.5216303467750549, -0.8531715869903564, 0.0, 1602.5596923828125], [0.0, 0.0, 1.0, 0.0], [0.0, 0.0, 0.0, 1.0]], "cam_ids": [0, 1, 2, 3, 4, 5], "cam_channels": ["CAM_FRONT_LEFT", "CAM_FRONT", "CAM_FRONT_RIGHT", "CAM_BACK_LEFT", "CAM_BACK", "CAM_BACK_RIGHT"], "token": "45382d08ea7043729a8b4431bd1b493b", "scene": "scene-0258"}, {"images": ["samples/CAM_FRONT_LEFT/n008-2018-08-06-15-06-32-0400__CAM_FRONT_LEFT__1533582771754799.jpg", "samples/CAM_FRONT/n008-2018-08-06-15-06-32-0400__CAM_FRONT__1533582771762404.jpg", "samples/CAM_FRONT_RIGHT/n008-2018-08-06-15-06-32-0400__CAM_FRONT_RIGHT__1533582771770482.jpg", "samples/CAM_BACK_LEFT/n008-2018-08-06-15-06-32-0400__CAM_BACK_LEFT__1533582771797405.jpg", "samples/CAM_BACK/n008-2018-08-06-15-06-32-0400__CAM_BACK__1533582771787558.jpg", "samples/CAM_BACK_RIGHT/n008-2018-08-06-15-06-32-0400__CAM_BACK_RIGHT__1533582771778113.jpg"], "intrinsics": [[[1257.8625342125129, 0.0, 827.2410631095686], [0.0, 1257.8625342125129, 450.915498205774], [0.0, 0.0, 1.0]], [[1252.8131021185304, 0.0, 826.588114781398], [0.0, 1252.8131021185304, 469.9846626224581], [0.0, 0.0, 1.0]], [[1256.7485116440405, 0.0, 817.7887570959712], [0.0, 1256.7485116440403, 451.9541780095127], [0.0, 0.0, 1.0]], [[1254.9860565800168, 0.0, 829.5769333630991], [0.0, 1254.9860565800168, 467.1680561863987], [0.0, 0.0, 1.0]], [[796.8910634503094, 0.0, 857.7774326863696], [0.0, 796.8910634503094, 476.8848988407415], [0.0, 0.0, 1.0]], [[1249.9629280788233, 0.0, 825.3768045375984], [0.0, 1249.9629280788233, 462.54816385708756], [0.0, 0.0, 1.0]]], "extrinsics": [[[0.8227306604385376, -0.5682472586631775, -0.014470714144408703, -0.64300537109375], [0.0026774234138429165, 0.029330957680940628, -0.9995661973953247, 1.4893913269042969], [0.5684251189231873, 0.8223350048065186, 0.025652915239334106, -1.0863037109375], [0.0, 0.0, 0.0, 1.0]], [[0.010542785748839378, -0.9996246695518494, -0.02528638392686844, 0.0113525390625], [0.0046335929073393345, 0.025336354970932007, -0.9996682405471802, 1.481781005859375], [0.9999337196350098, 0.010422158986330032, 0.004898970481008291, -1.3746490478515625], [0.0, 0.0, 0.0, 1.0]], [[-0.8438825607299805, -0.5361670255661011, -0.019677788019180298, 0.858154296875], [0.012668115086853504, 0.016754189506173134, -0.9997794032096863, 1.4965496063232422], [0.5363784432411194, -0.8439456224441528, -0.007346342317759991, -1.127685546875], [0.0, 0.0, 0.0, 1.0]], [[0.9478800296783447, 0.31862369179725647, -0.0015726288547739387, -1.1500244140625], [-0.012554162181913853, 0.03241492435336113, -0.9993956685066223, 1.5621185302734375], [-0.31838011741638184, 0.9473269581794739, 0.03472550958395004, -0.1541748046875], [0.0, 0.0, 0.0, 1.0]], [[0.009191489778459072, 0.9996556043624878, 0.02457945980131626, -0.028564453125], [-0.010561257600784302, 0.02467617392539978, -0.9996396899223328, 1.5670204162597656], [-0.9999020099639893, 0.008928596042096615, 0.010784432291984558, -0.0528564453125], [0.0, 0.0, 0.0, 1.0]], [[-0.9238079190254211, 0.38279956579208374, 0.006590831093490124, 0.97869873046875], [-0.006390811409801245, 0.001794160925783217, -0.9999780058860779, 1.5465524196624756], [-0.38280296325683594, -0.9238296747207642, 0.0007889409316703677, -0.1177978515625], [0.0, 0.0, 0.0, 1.0]]], "view": [[0.0, -2.0, 100.0], [-2.0, 0.0, 100.0], [0.0, 0.0, 1.0]], "bev": "bev_59bd45426d8547b492723e6441bf6d1f.png", "aux": "aux_59bd45426d8547b492723e6441bf6d1f.npz", "visibility": "visibility_59bd45426d8547b492723e6441bf6d1f.png", "pose": [[-0.8525888323783875, -0.5225823521614075, 0.0, 909.8467407226562], [0.5225823521614075, -0.8525888323783875, 0.0, 1322.1298828125], [0.0, 0.0, 1.0, 0.0], [0.0, 0.0, 0.0, 1.0]], "pose_inverse": [[-0.8525888323783875, 0.5225823521614075, 0.0, 84.80341339111328], [-0.5225823521614075, -0.8525888323783875, 0.0, 1602.7030029296875], [0.0, 0.0, 1.0, 0.0], [0.0, 0.0, 0.0, 1.0]], "cam_ids": [0, 1, 2, 3, 4, 5], "cam_channels": ["CAM_FRONT_LEFT", "CAM_FRONT", "CAM_FRONT_RIGHT", "CAM_BACK_LEFT", "CAM_BACK", "CAM_BACK_RIGHT"], "token": "59bd45426d8547b492723e6441bf6d1f", "scene": "scene-0258"}, {"images": ["samples/CAM_FRONT_LEFT/n008-2018-08-06-15-06-32-0400__CAM_FRONT_LEFT__1533582772254799.jpg", "samples/CAM_FRONT/n008-2018-08-06-15-06-32-0400__CAM_FRONT__1533582772262404.jpg", "samples/CAM_FRONT_RIGHT/n008-2018-08-06-15-06-32-0400__CAM_FRONT_RIGHT__1533582772270482.jpg", "samples/CAM_BACK_LEFT/n008-2018-08-06-15-06-32-0400__CAM_BACK_LEFT__1533582772297405.jpg", "samples/CAM_BACK/n008-2018-08-06-15-06-32-0400__CAM_BACK__1533582772287558.jpg", "samples/CAM_BACK_RIGHT/n008-2018-08-06-15-06-32-0400__CAM_BACK_RIGHT__1533582772278113.jpg"], "intrinsics": [[[1257.8625342125129, 0.0, 827.2410631095686], [0.0, 1257.8625342125129, 450.915498205774], [0.0, 0.0, 1.0]], [[1252.8131021185304, 0.0, 826.588114781398], [0.0, 1252.8131021185304, 469.9846626224581], [0.0, 0.0, 1.0]], [[1256.7485116440405, 0.0, 817.7887570959712], [0.0, 1256.7485116440403, 451.9541780095127], [0.0, 0.0, 1.0]], [[1254.9860565800168, 0.0, 829.5769333630991], [0.0, 1254.9860565800168, 467.1680561863987], [0.0, 0.0, 1.0]], [[796.8910634503094, 0.0, 857.7774326863696], [0.0, 796.8910634503094, 476.8848988407415], [0.0, 0.0, 1.0]], [[1249.9629280788233, 0.0, 825.3768045375984], [0.0, 1249.9629280788233, 462.54816385708756], [0.0, 0.0, 1.0]]], "extrinsics": [[[0.8231183290481567, -0.5677363872528076, -0.012313781306147575, -0.63177490234375], [0.008212151937186718, 0.03358247131109238, -0.9994022250175476, 1.4918670654296875], [0.567810595035553, 0.822525143623352, 0.032304685562849045, -1.0804443359375], [0.0, 0.0, 0.0, 1.0]], [[0.011169442906975746, -0.9995080828666687, -0.029305018484592438, 0.0126953125], [0.01006955187767744, 0.029417790472507477, -0.999516487121582, 1.4837989807128906], [0.9998868703842163, 0.010868949815630913, 0.010393179953098297, -1.3640823364257812], [0.0, 0.0, 0.0, 1.0]], [[-0.8435571193695068, -0.5363961458206177, -0.026279043406248093, 0.85162353515625], [0.01800549402832985, 0.020657332614064217, -0.9996244311332703, 1.4981498718261719], [0.5367375016212463, -0.8437135219573975, -0.007767566945403814, -1.1220703125], [0.0, 0.0, 0.0, 1.0]], [[0.9478979110717773, 0.31854701042175293, 0.004174795467406511, -1.14581298828125], [-0.007554361596703529, 0.035576529800891876, -0.9993384480476379, 1.5620536804199219], [-0.31848475337028503, 0.9472392201423645, 0.036129336804151535, -0.155517578125], [0.0, 0.0, 0.0, 1.0]], [[0.008967737667262554, 0.9995653033256531, 0.02808448299765587, -0.029052734375], [-0.005361626390367746, 0.028133269399404526, -0.999589741230011, 1.5674781799316406], [-0.9999454617500305, 0.008813486434519291, 0.005611587781459093, -0.058841705322265625], [0.0, 0.0, 0.0, 1.0]], [[-0.9239282608032227, 0.3825528025627136, 0.0031414080876857042, 0.971435546875], [-0.001117916777729988, 0.005511613097041845, -0.9999842047691345, 1.5475730895996094], [-0.3825640082359314, -0.9239171743392944, -0.00466467160731554, -0.11962890625], [0.0, 0.0, 0.0, 1.0]]], "view": [[0.0, -2.0, 100.0], [-2.0, 0.0, 100.0], [0.0, 0.0, 1.0]], "bev": "bev_7e8a62fbe91d4c568988eb4a973e19dd.png", "aux": "aux_7e8a62fbe91d4c568988eb4a973e19dd.npz", "visibility": "visibility_7e8a62fbe91d4c568988eb4a973e19dd.png", "pose": [[-0.8518226742744446, -0.523830235004425, 0.0, 905.3883666992188], [0.523830235004425, -0.8518226742744446, 0.0, 1324.903076171875], [0.0, 0.0, 1.0, 0.0], [0.0, 0.0, 0.0, 1.0]], "pose_inverse": [[-0.8518226742744446, 0.523830235004425, 0.0, 77.20610046386719], [-0.523830235004425, -0.8518226742744446, 0.0, 1602.852294921875], [0.0, 0.0, 1.0, 0.0], [0.0, 0.0, 0.0, 1.0]], "cam_ids": [0, 1, 2, 3, 4, 5], "cam_channels": ["CAM_FRONT_LEFT", "CAM_FRONT", "CAM_FRONT_RIGHT", "CAM_BACK_LEFT", "CAM_BACK", "CAM_BACK_RIGHT"], "token": "7e8a62fbe91d4c568988eb4a973e19dd", "scene": "scene-0258"}, {"images": ["samples/CAM_FRONT_LEFT/n008-2018-08-06-15-06-32-0400__CAM_FRONT_LEFT__1533582772754799.jpg", "samples/CAM_FRONT/n008-2018-08-06-15-06-32-0400__CAM_FRONT__1533582772762404.jpg", "samples/CAM_FRONT_RIGHT/n008-2018-08-06-15-06-32-0400__CAM_FRONT_RIGHT__1533582772770482.jpg", "samples/CAM_BACK_LEFT/n008-2018-08-06-15-06-32-0400__CAM_BACK_LEFT__1533582772797405.jpg", "samples/CAM_BACK/n008-2018-08-06-15-06-32-0400__CAM_BACK__1533582772787558.jpg", "samples/CAM_BACK_RIGHT/n008-2018-08-06-15-06-32-0400__CAM_BACK_RIGHT__1533582772778113.jpg"], "intrinsics": [[[1257.8625342125129, 0.0, 827.2410631095686], [0.0, 1257.8625342125129, 450.915498205774], [0.0, 0.0, 1.0]], [[1252.8131021185304, 0.0, 826.588114781398], [0.0, 1252.8131021185304, 469.9846626224581], [0.0, 0.0, 1.0]], [[1256.7485116440405, 0.0, 817.7887570959712], [0.0, 1256.7485116440403, 451.9541780095127], [0.0, 0.0, 1.0]], [[1254.9860565800168, 0.0, 829.5769333630991], [0.0, 1254.9860565800168, 467.1680561863987], [0.0, 0.0, 1.0]], [[796.8910634503094, 0.0, 857.7774326863696], [0.0, 796.8910634503094, 476.8848988407415], [0.0, 0.0, 1.0]], [[1249.9629280788233, 0.0, 825.3768045375984], [0.0, 1249.9629280788233, 462.54816385708756], [0.0, 0.0, 1.0]]], "extrinsics": [[[0.8220417499542236, -0.5694078803062439, -0.00470303138718009, -0.64801025390625], [0.008444629609584808, 0.020448820665478706, -0.9997552037239075, 1.4918899536132812], [0.5693647265434265, 0.8218008279800415, 0.021618220955133438, -1.0894775390625], [0.0, 0.0, 0.0, 1.0]], [[0.009488087147474289, -0.9998236298561096, -0.016203559935092926, 0.0106201171875], [0.010240967385470867, 0.016300596296787262, -0.9998146891593933, 1.4837608337402344], [0.9999024271965027, 0.009320331737399101, 0.010393823496997356, -1.380645751953125], [0.0, 0.0, 0.0, 1.0]], [[-0.8443088531494141, -0.5355082750320435, -0.019329048693180084, 0.8629150390625], [0.01810184121131897, 0.007547576446086168, -0.9998076558113098, 1.4979610443115234], [0.5355510711669922, -0.8444963097572327, 0.0033211992122232914, -1.1314697265625], [0.0, 0.0, 0.0, 1.0]], [[0.9478834867477417, 0.3186166286468506, -0.0004352630639914423, -1.1522216796875], [-0.008111167699098587, 0.02276499755680561, -0.9997079372406006, 1.5621147155761719], [-0.3185136914253235, 0.9476102590560913, 0.02416292205452919, -0.1531982421875], [0.0, 0.0, 0.0, 1.0]], [[0.00943391490727663, 0.9998406171798706, 0.015156080015003681, -0.0284423828125], [-0.005686023272573948, 0.015210147015750408, -0.9998680949211121, 1.5675239562988281], [-0.9999393820762634, 0.00934649258852005, 0.00582860829308629, -0.048980712890625], [0.0, 0.0, 0.0, 1.0]], [[-0.9235519170761108, 0.3834693431854248, -0.001775816548615694, 0.9835205078125], [-0.001197096542455256, -0.007513890974223614, -0.9999710917472839, 1.5475883483886719], [-0.3834715187549591, -0.9235230684280396, 0.007398519665002823, -0.1163330078125], [0.0, 0.0, 0.0, 1.0]]], "view": [[0.0, -2.0, 100.0], [-2.0, 0.0, 100.0], [0.0, 0.0, 1.0]], "bev": "bev_ab051ee1a474494d9bc6013e0b4b5a42.png", "aux": "aux_ab051ee1a474494d9bc6013e0b4b5a42.npz", "visibility": "visibility_ab051ee1a474494d9bc6013e0b4b5a42.png", "pose": [[-0.8523986339569092, -0.5228924751281738, 0.0, 900.9088745117188], [0.5228924751281738, -0.8523986339569092, 0.0, 1327.7041015625], [0.0, 0.0, 1.0, 0.0], [0.0, 0.0, 0.0, 1.0]], "pose_inverse": [[-0.8523986339569092, 0.5228924751281738, 0.0, 73.6869888305664], [-0.5228924751281738, -0.8523986339569092, 0.0, 1602.8116455078125], [0.0, 0.0, 1.0, 0.0], [0.0, 0.0, 0.0, 1.0]], "cam_ids": [0, 1, 2, 3, 4, 5], "cam_channels": ["CAM_FRONT_LEFT", "CAM_FRONT", "CAM_FRONT_RIGHT", "CAM_BACK_LEFT", "CAM_BACK", "CAM_BACK_RIGHT"], "token": "ab051ee1a474494d9bc6013e0b4b5a42", "scene": "scene-0258"}, {"images": ["samples/CAM_FRONT_LEFT/n008-2018-08-06-15-06-32-0400__CAM_FRONT_LEFT__1533582773254799.jpg", "samples/CAM_FRONT/n008-2018-08-06-15-06-32-0400__CAM_FRONT__1533582773262404.jpg", "samples/CAM_FRONT_RIGHT/n008-2018-08-06-15-06-32-0400__CAM_FRONT_RIGHT__1533582773270482.jpg", "samples/CAM_BACK_LEFT/n008-2018-08-06-15-06-32-0400__CAM_BACK_LEFT__1533582773297405.jpg", "samples/CAM_BACK/n008-2018-08-06-15-06-32-0400__CAM_BACK__1533582773287558.jpg", "samples/CAM_BACK_RIGHT/n008-2018-08-06-15-06-32-0400__CAM_BACK_RIGHT__1533582773278113.jpg"], "intrinsics": [[[1257.8625342125129, 0.0, 827.2410631095686], [0.0, 1257.8625342125129, 450.915498205774], [0.0, 0.0, 1.0]], [[1252.8131021185304, 0.0, 826.588114781398], [0.0, 1252.8131021185304, 469.9846626224581], [0.0, 0.0, 1.0]], [[1256.7485116440405, 0.0, 817.7887570959712], [0.0, 1256.7485116440403, 451.9541780095127], [0.0, 0.0, 1.0]], [[1254.9860565800168, 0.0, 829.5769333630991], [0.0, 1254.9860565800168, 467.1680561863987], [0.0, 0.0, 1.0]], [[796.8910634503094, 0.0, 857.7774326863696], [0.0, 796.8910634503094, 476.8848988407415], [0.0, 0.0, 1.0]], [[1249.9629280788233, 0.0, 825.3768045375984], [0.0, 1249.9629280788233, 462.54816385708756], [0.0, 0.0, 1.0]]], "extrinsics": [[[0.8225748538970947, -0.5679506063461304, -0.02833167463541031, -0.63946533203125], [-0.01121017336845398, 0.03361677750945091, -0.9993718862533569, 1.4832344055175781], [0.5685462951660156, 0.8223758339881897, 0.021285491064190865, -1.0843505859375], [0.0, 0.0, 0.0, 1.0]], [[0.010416743345558643, -0.9995025992393494, -0.02976343035697937, 0.0118408203125], [-0.009427176788449287, 0.02966555953025818, -0.9995154142379761, 1.4766654968261719], [0.9999012351036072, 0.010692239739000797, -0.00911347009241581, -1.3716888427734375], [0.0, 0.0, 0.0, 1.0]], [[-0.8439512848854065, -0.5363250970840454, -0.010080908425152302, 0.8568115234375], [-0.0015901952283456922, 0.021294279024004936, -0.9997719526290894, 1.4925880432128906], [0.5364174246788025, -0.843742847442627, -0.018824199214577675, -1.1263427734375], [0.0, 0.0, 0.0, 1.0]], [[0.9476970434188843, 0.31886500120162964, -0.013980502262711525, -1.14801025390625], [-0.027354778721928596, 0.0375036783516407, -0.9989219903945923, 1.5621604919433594], [-0.3179969787597656, 0.947057843208313, 0.04426461085677147, -0.1546630859375], [0.0, 0.0, 0.0, 1.0]], [[0.009368710219860077, 0.999523937702179, 0.029394380748271942, -0.028564453125], [-0.02535991370677948, 0.029623711481690407, -0.9992393851280212, 1.5655250549316406], [-0.9996345043182373, 0.008616151288151741, 0.025625377893447876, -0.05471038818359375], [0.0, 0.0, 0.0, 1.0]], [[-0.9236953854560852, 0.38250407576560974, 0.021849770098924637, 0.97686767578125], [-0.020941011607646942, 0.00653952406719327, -0.999759316444397, 1.5436477661132812], [-0.38255488872528076, -0.9239305853843689, 0.001969492994248867, -0.1180419921875], [0.0, 0.0, 0.0, 1.0]]], "view": [[0.0, -2.0, 100.0], [-2.0, 0.0, 100.0], [0.0, 0.0, 1.0]], "bev": "bev_636f727f2186418ab5c2ba52e79d91a5.png", "aux": "aux_636f727f2186418ab5c2ba52e79d91a5.npz", "visibility": "visibility_636f727f2186418ab5c2ba52e79d91a5.png", "pose": [[-0.8518194556236267, -0.5238354206085205, 0.0, 896.48681640625], [0.5238354206085205, -0.8518194556236267, 0.0, 1330.4625244140625], [0.0, 0.0, 1.0, 0.0], [0.0, 0.0, 0.0, 1.0]], "pose_inverse": [[-0.8518194556236267, 0.5238354206085205, 0.0, 66.70152282714844], [-0.5238354206085205, -0.8518194556236267, 0.0, 1602.9254150390625], [0.0, 0.0, 1.0, 0.0], [0.0, 0.0, 0.0, 1.0]], "cam_ids": [0, 1, 2, 3, 4, 5], "cam_channels": ["CAM_FRONT_LEFT", "CAM_FRONT", "CAM_FRONT_RIGHT", "CAM_BACK_LEFT", "CAM_BACK", "CAM_BACK_RIGHT"], "token": "636f727f2186418ab5c2ba52e79d91a5", "scene": "scene-0258"}, {"images": ["samples/CAM_FRONT_LEFT/n008-2018-08-06-15-06-32-0400__CAM_FRONT_LEFT__1533582773654799.jpg", "samples/CAM_FRONT/n008-2018-08-06-15-06-32-0400__CAM_FRONT__1533582773662404.jpg", "samples/CAM_FRONT_RIGHT/n008-2018-08-06-15-06-32-0400__CAM_FRONT_RIGHT__1533582773670482.jpg", "samples/CAM_BACK_LEFT/n008-2018-08-06-15-06-32-0400__CAM_BACK_LEFT__1533582773697405.jpg", "samples/CAM_BACK/n008-2018-08-06-15-06-32-0400__CAM_BACK__1533582773687558.jpg", "samples/CAM_BACK_RIGHT/n008-2018-08-06-15-06-32-0400__CAM_BACK_RIGHT__1533582773678113.jpg"], "intrinsics": [[[1257.8625342125129, 0.0, 827.2410631095686], [0.0, 1257.8625342125129, 450.915498205774], [0.0, 0.0, 1.0]], [[1252.8131021185304, 0.0, 826.588114781398], [0.0, 1252.8131021185304, 469.9846626224581], [0.0, 0.0, 1.0]], [[1256.7485116440405, 0.0, 817.7887570959712], [0.0, 1256.7485116440403, 451.9541780095127], [0.0, 0.0, 1.0]], [[1254.9860565800168, 0.0, 829.5769333630991], [0.0, 1254.9860565800168, 467.1680561863987], [0.0, 0.0, 1.0]], [[796.8910634503094, 0.0, 857.7774326863696], [0.0, 796.8910634503094, 476.8848988407415], [0.0, 0.0, 1.0]], [[1249.9629280788233, 0.0, 825.3768045375984], [0.0, 1249.9629280788233, 462.54816385708756], [0.0, 0.0, 1.0]]], "extrinsics": [[[0.8225457072257996, -0.5683720707893372, -0.019285455346107483, -0.65325927734375], [-0.004239549394696951, 0.027782181277871132, -0.9996050000190735, 1.4864578247070312], [0.5686833262443542, 0.822302520275116, 0.02044246904551983, -1.09130859375], [0.0, 0.0, 0.0, 1.0]], [[0.010229158215224743, -0.9996716380119324, -0.02349509857594967, 0.009765625], [-0.0031864545308053493, 0.023463621735572815, -0.9997196197509766, 1.4790267944335938], [0.9999426603317261, 0.010301162488758564, -0.0029453947208821774, -1.383575439453125], [0.0, 0.0, 0.0, 1.0]], [[-0.8440746068954468, -0.5361102819442749, -0.011128735728561878, 0.86279296875], [0.003933179657906294, 0.014563370496034622, -0.999886155128479, 1.494131088256836], [0.5362114310264587, -0.8440223336219788, -0.010183953680098057, -1.1322021484375], [0.0, 0.0, 0.0, 1.0]], [[0.9477424025535583, 0.318764865398407, -0.01316903904080391, -1.1444091796875], [-0.023710602894425392, 0.029212217777967453, -0.9992919564247131, 1.5620498657226562], [-0.3181544542312622, 0.9473835825920105, 0.03524376451969147, -0.1561279296875], [0.0, 0.0, 0.0, 1.0]], [[0.009359916672110558, 0.9997215270996094, 0.021665852516889572, -0.0283203125], [-0.020948532968759537, 0.021858086809515953, -0.9995415210723877, 1.5659942626953125], [-0.9997368454933167, 0.008901722729206085, 0.021147288382053375, -0.054012298583984375], [0.0, 0.0, 0.0, 1.0]], [[-0.9236971139907837, 0.38285067677497864, 0.014454903081059456, 0.98175048828125], [-0.015925081446766853, -0.0006709822919219732, -0.9998729825019836, 1.5447313785552979], [-0.38279232382774353, -0.9238100051879883, 0.006716711912304163, -0.117431640625], [0.0, 0.0, 0.0, 1.0]]], "view": [[0.0, -2.0, 100.0], [-2.0, 0.0, 100.0], [0.0, 0.0, 1.0]], "bev": "bev_b0b981afe03542868165756a4508787d.png", "aux": "aux_b0b981afe03542868165756a4508787d.npz", "visibility": "visibility_b0b981afe03542868165756a4508787d.png", "pose": [[-0.853452205657959, -0.5211711525917053, 0.0, 892.9781494140625], [0.5211711525917053, -0.853452205657959, 0.0, 1332.619140625], [0.0, 0.0, 1.0, 0.0], [0.0, 0.0, 0.0, 1.0]], "pose_inverse": [[-0.853452205657959, 0.5211711525917053, 0.0, 67.59149932861328], [-0.5211711525917053, -0.853452205657959, 0.0, 1602.72119140625], [0.0, 0.0, 1.0, 0.0], [0.0, 0.0, 0.0, 1.0]], "cam_ids": [0, 1, 2, 3, 4, 5], "cam_channels": ["CAM_FRONT_LEFT", "CAM_FRONT", "CAM_FRONT_RIGHT", "CAM_BACK_LEFT", "CAM_BACK", "CAM_BACK_RIGHT"], "token": "b0b981afe03542868165756a4508787d", "scene": "scene-0258"}, {"images": ["samples/CAM_FRONT_LEFT/n008-2018-08-06-15-06-32-0400__CAM_FRONT_LEFT__1533582774154799.jpg", "samples/CAM_FRONT/n008-2018-08-06-15-06-32-0400__CAM_FRONT__1533582774162404.jpg", "samples/CAM_FRONT_RIGHT/n008-2018-08-06-15-06-32-0400__CAM_FRONT_RIGHT__1533582774170482.jpg", "samples/CAM_BACK_LEFT/n008-2018-08-06-15-06-32-0400__CAM_BACK_LEFT__1533582774197405.jpg", "samples/CAM_BACK/n008-2018-08-06-15-06-32-0400__CAM_BACK__1533582774187558.jpg", "samples/CAM_BACK_RIGHT/n008-2018-08-06-15-06-32-0400__CAM_BACK_RIGHT__1533582774178113.jpg"], "intrinsics": [[[1257.8625342125129, 0.0, 827.2410631095686], [0.0, 1257.8625342125129, 450.915498205774], [0.0, 0.0, 1.0]], [[1252.8131021185304, 0.0, 826.588114781398], [0.0, 1252.8131021185304, 469.9846626224581], [0.0, 0.0, 1.0]], [[1256.7485116440405, 0.0, 817.7887570959712], [0.0, 1256.7485116440403, 451.9541780095127], [0.0, 0.0, 1.0]], [[1254.9860565800168, 0.0, 829.5769333630991], [0.0, 1254.9860565800168, 467.1680561863987], [0.0, 0.0, 1.0]], [[796.8910634503094, 0.0, 857.7774326863696], [0.0, 796.8910634503094, 476.8848988407415], [0.0, 0.0, 1.0]], [[1249.9629280788233, 0.0, 825.3768045375984], [0.0, 1249.9629280788233, 462.54816385708756], [0.0, 0.0, 1.0]]], "extrinsics": [[[0.8221482634544373, -0.5691066384315491, -0.013782923109829426, -0.65142822265625], [0.0029371860437095165, 0.028451761230826378, -0.9995908141136169, 1.4894561767578125], [0.5692659616470337, 0.8217713236808777, 0.025063134729862213, -1.092529296875], [0.0, 0.0, 0.0, 1.0]], [[0.009640677832067013, -0.9996564388275146, -0.02437465451657772, 0.011474609375], [0.004694395698606968, 0.024420766159892082, -0.9996907711029053, 1.4817581176757812], [0.999942421913147, 0.00952331256121397, 0.004928214941173792, -1.38128662109375], [0.0, 0.0, 0.0, 1.0]], [[-0.844286322593689, -0.5355511903762817, -0.019121332094073296, 0.85992431640625], [0.012630471028387547, 0.01578502543270588, -0.9997956156730652, 1.4965095520019531], [0.5357435345649719, -0.8443552255630493, -0.00656281691044569, -1.1290283203125], [0.0, 0.0, 0.0, 1.0]], [[0.9478751420974731, 0.3186308443546295, -0.0026853526942431927, -1.135009765625], [-0.013363047502934933, 0.03133000060915947, -0.9994197487831116, 1.5619125366210938], [-0.31836187839508057, 0.9473609924316406, 0.03395480662584305, -0.159423828125], [0.0, 0.0, 0.0, 1.0]], [[0.009474187158048153, 0.999677836894989, 0.02354646846652031, -0.028564453125], [-0.011124411597847939, 0.02365143783390522, -0.9996583461761475, 1.566864013671875], [-0.999893307685852, 0.00920906662940979, 0.011344905942678452, -0.061923980712890625], [0.0, 0.0, 0.0, 1.0]], [[-0.9236007928848267, 0.38330113887786865, 0.006469040643423796, 0.97601318359375], [-0.006666071712970734, 0.000814254570286721, -0.9999774694442749, 1.5464835166931152], [-0.3832976818084717, -0.9236230850219727, 0.0018030665814876556, -0.1187744140625], [0.0, 0.0, 0.0, 1.0]]], "view": [[0.0, -2.0, 100.0], [-2.0, 0.0, 100.0], [0.0, 0.0, 1.0]], "bev": "bev_2cb769a456e14d9e89d460c9ae1a1a4e.png", "aux": "aux_2cb769a456e14d9e89d460c9ae1a1a4e.npz", "visibility": "visibility_2cb769a456e14d9e89d460c9ae1a1a4e.png", "pose": [[-0.8542625904083252, -0.519841730594635, 0.0, 888.7361450195312], [0.519841730594635, -0.8542625904083252, 0.0, 1335.2498779296875], [0.0, 0.0, 1.0, 0.0], [0.0, 0.0, 0.0, 1.0]], "pose_inverse": [[-0.8542625904083252, 0.519841730594635, 0.0, 65.09545135498047], [-0.519841730594635, -0.8542625904083252, 0.0, 1602.6561279296875], [0.0, 0.0, 1.0, 0.0], [0.0, 0.0, 0.0, 1.0]], "cam_ids": [0, 1, 2, 3, 4, 5], "cam_channels": ["CAM_FRONT_LEFT", "CAM_FRONT", "CAM_FRONT_RIGHT", "CAM_BACK_LEFT", "CAM_BACK", "CAM_BACK_RIGHT"], "token": "2cb769a456e14d9e89d460c9ae1a1a4e", "scene": "scene-0258"}, {"images": ["samples/CAM_FRONT_LEFT/n008-2018-08-06-15-06-32-0400__CAM_FRONT_LEFT__1533582774654799.jpg", "samples/CAM_FRONT/n008-2018-08-06-15-06-32-0400__CAM_FRONT__1533582774662404.jpg", "samples/CAM_FRONT_RIGHT/n008-2018-08-06-15-06-32-0400__CAM_FRONT_RIGHT__1533582774670482.jpg", "samples/CAM_BACK_LEFT/n008-2018-08-06-15-06-32-0400__CAM_BACK_LEFT__1533582774697405.jpg", "samples/CAM_BACK/n008-2018-08-06-15-06-32-0400__CAM_BACK__1533582774687558.jpg", "samples/CAM_BACK_RIGHT/n008-2018-08-06-15-06-32-0400__CAM_BACK_RIGHT__1533582774678113.jpg"], "intrinsics": [[[1257.8625342125129, 0.0, 827.2410631095686], [0.0, 1257.8625342125129, 450.915498205774], [0.0, 0.0, 1.0]], [[1252.8131021185304, 0.0, 826.588114781398], [0.0, 1252.8131021185304, 469.9846626224581], [0.0, 0.0, 1.0]], [[1256.7485116440405, 0.0, 817.7887570959712], [0.0, 1256.7485116440403, 451.9541780095127], [0.0, 0.0, 1.0]], [[1254.9860565800168, 0.0, 829.5769333630991], [0.0, 1254.9860565800168, 467.1680561863987], [0.0, 0.0, 1.0]], [[796.8910634503094, 0.0, 857.7774326863696], [0.0, 796.8910634503094, 476.8848988407415], [0.0, 0.0, 1.0]], [[1249.9629280788233, 0.0, 825.3768045375984], [0.0, 1249.9629280788233, 462.54816385708756], [0.0, 0.0, 1.0]]], "extrinsics": [[[0.8223411440849304, -0.568651020526886, -0.019777970388531685, -0.657958984375], [-0.0011006840504705906, 0.033169619739055634, -0.9994491338729858, 1.4877662658691406], [0.5689937472343445, 0.8219099044799805, 0.026650836691260338, -1.095458984375], [0.0, 0.0, 0.0, 1.0]], [[0.01006963849067688, -0.9995238780975342, -0.029164738953113556, 0.010498046875], [0.001059145200997591, 0.02917686477303505, -0.9995737075805664, 1.4804763793945312], [0.9999486804008484, 0.010034410282969475, 0.001352441729977727, -1.3875808715820312], [0.0, 0.0, 0.0, 1.0]], [[-0.8440489172935486, -0.5359293222427368, -0.019006991758942604, 0.8642578125], [0.009426290169358253, 0.020610667765140533, -0.9997431039810181, 1.4955787658691406], [0.5361833572387695, -0.8440113663673401, -0.012344589456915855, -1.1318359375], [0.0, 0.0, 0.0, 1.0]], [[0.9478755593299866, 0.3186274468898773, -0.0029193852096796036, -1.131591796875], [-0.015282789245247841, 0.03630906343460083, -0.9992237091064453, 1.5618362426757812], [-0.3182741403579712, 0.9471843838691711, 0.03928598761558533, -0.160400390625], [0.0, 0.0, 0.0, 1.0]], [[0.009322748519480228, 0.9995514750480652, 0.028461378067731857, -0.0286865234375], [-0.013198446482419968, 0.028583137318491936, -0.9995042085647583, 1.5666351318359375], [-0.9998694658279419, 0.008942526765167713, 0.013458998873829842, -0.06230926513671875], [0.0, 0.0, 0.0, 1.0]], [[-0.9237315058708191, 0.38288989663124084, 0.010746554471552372, 0.97857666015625], [-0.009278051555156708, 0.005681765265762806, -0.999940812587738, 1.5459833145141602], [-0.38292813301086426, -0.9237765669822693, -0.0016959535423666239, -0.1177978515625], [0.0, 0.0, 0.0, 1.0]]], "view": [[0.0, -2.0, 100.0], [-2.0, 0.0, 100.0], [0.0, 0.0, 1.0]], "bev": "bev_146aa3949bf44b28909ef75c7f156a06.png", "aux": "aux_146aa3949bf44b28909ef75c7f156a06.npz", "visibility": "visibility_146aa3949bf44b28909ef75c7f156a06.png", "pose": [[-0.8558913469314575, -0.5171557068824768, 0.0, 884.635009765625], [0.5171557068824768, -0.8558913469314575, 0.0, 1337.7635498046875], [0.0, 0.0, 1.0, 0.0], [0.0, 0.0, 0.0, 1.0]], "pose_inverse": [[-0.8558913469314575, 0.5171557068824768, 0.0, 65.31941986083984], [-0.5171557068824768, -0.8558913469314575, 0.0, 1602.4742431640625], [0.0, 0.0, 1.0, 0.0], [0.0, 0.0, 0.0, 1.0]], "cam_ids": [0, 1, 2, 3, 4, 5], "cam_channels": ["CAM_FRONT_LEFT", "CAM_FRONT", "CAM_FRONT_RIGHT", "CAM_BACK_LEFT", "CAM_BACK", "CAM_BACK_RIGHT"], "token": "146aa3949bf44b28909ef75c7f156a06", "scene": "scene-0258"}, {"images": ["samples/CAM_FRONT_LEFT/n008-2018-08-06-15-06-32-0400__CAM_FRONT_LEFT__1533582775154799.jpg", "samples/CAM_FRONT/n008-2018-08-06-15-06-32-0400__CAM_FRONT__1533582775162404.jpg", "samples/CAM_FRONT_RIGHT/n008-2018-08-06-15-06-32-0400__CAM_FRONT_RIGHT__1533582775170482.jpg", "samples/CAM_BACK_LEFT/n008-2018-08-06-15-06-32-0400__CAM_BACK_LEFT__1533582775197405.jpg", "samples/CAM_BACK/n008-2018-08-06-15-06-32-0400__CAM_BACK__1533582775187558.jpg", "samples/CAM_BACK_RIGHT/n008-2018-08-06-15-06-32-0400__CAM_BACK_RIGHT__1533582775178113.jpg"], "intrinsics": [[[1257.8625342125129, 0.0, 827.2410631095686], [0.0, 1257.8625342125129, 450.915498205774], [0.0, 0.0, 1.0]], [[1252.8131021185304, 0.0, 826.588114781398], [0.0, 1252.8131021185304, 469.9846626224581], [0.0, 0.0, 1.0]], [[1256.7485116440405, 0.0, 817.7887570959712], [0.0, 1256.7485116440403, 451.9541780095127], [0.0, 0.0, 1.0]], [[1254.9860565800168, 0.0, 829.5769333630991], [0.0, 1254.9860565800168, 467.1680561863987], [0.0, 0.0, 1.0]], [[796.8910634503094, 0.0, 857.7774326863696], [0.0, 796.8910634503094, 476.8848988407415], [0.0, 0.0, 1.0]], [[1249.9629280788233, 0.0, 825.3768045375984], [0.0, 1249.9629280788233, 462.54816385708756], [0.0, 0.0, 1.0]]], "extrinsics": [[[0.8222519755363464, -0.5688680410385132, -0.01705258898437023, -0.65655517578125], [0.005263475701212883, 0.03756270185112953, -0.9992804527282715, 1.490386962890625], [0.5690991878509521, 0.8215705752372742, 0.03388023003935814, -1.0963134765625], [0.0, 0.0, 0.0, 1.0]], [[0.00981025118380785, -0.9993939399719238, -0.03339729085564613, 0.011474609375], [0.007028074469417334, 0.03346698731184006, -0.9994150996208191, 1.4825096130371094], [0.9999271631240845, 0.009569888934493065, 0.007352137938141823, -1.3875656127929688], [0.0, 0.0, 0.0, 1.0]], [[-0.8441950678825378, -0.5354149341583252, -0.02579592540860176, 0.865234375], [0.014832529239356518, 0.024772601202130318, -0.9995830059051514, 1.4970016479492188], [0.5358307361602783, -0.8442257642745972, -0.01297135278582573, -1.1319580078125], [0.0, 0.0, 0.0, 1.0]], [[0.9479113221168518, 0.31852394342422485, 0.0025682831183075905, -1.13739013671875], [-0.01069391705095768, 0.039880767464637756, -0.9991472363471985, 1.5619697570800781], [-0.31835466623306274, 0.9470754861831665, 0.04120970144867897, -0.158447265625], [0.0, 0.0, 0.0, 1.0]], [[0.009442734532058239, 0.9994329214096069, 0.0323207825422287, -0.0286865234375], [-0.008747007697820663, 0.03240353986620903, -0.9994365572929382, 1.567138671875], [-0.9999171495437622, 0.009154719300568104, 0.00904802605509758, -0.058048248291015625], [0.0, 0.0, 0.0, 1.0]], [[-0.9236268997192383, 0.3832126259803772, 0.007837287150323391, 0.98077392578125], [-0.004454211797565222, 0.009714733809232712, -0.9999428391456604, 1.5469350814819336], [-0.383266806602478, -0.9236090779304504, -0.007265880703926086, -0.11669921875], [0.0, 0.0, 0.0, 1.0]]], "view": [[0.0, -2.0, 100.0], [-2.0, 0.0, 100.0], [0.0, 0.0, 1.0]], "bev": "bev_c4d74ebd68924876bf0331fdc501bed4.png", "aux": "aux_c4d74ebd68924876bf0331fdc501bed4.npz", "visibility": "visibility_c4d74ebd68924876bf0331fdc501bed4.png", "pose": [[-0.8569995760917664, -0.5153170824050903, 0.0, 880.5382690429688], [0.5153170824050903, -0.8569995760917664, 0.0, 1340.2862548828125], [0.0, 0.0, 1.0, 0.0], [0.0, 0.0, 0.0, 1.0]], "pose_inverse": [[-0.8569995760917664, 0.5153170824050903, 0.0, 63.94853210449219], [-0.5153170824050903, -0.8569995760917664, 0.0, 1602.3812255859375], [0.0, 0.0, 1.0, 0.0], [0.0, 0.0, 0.0, 1.0]], "cam_ids": [0, 1, 2, 3, 4, 5], "cam_channels": ["CAM_FRONT_LEFT", "CAM_FRONT", "CAM_FRONT_RIGHT", "CAM_BACK_LEFT", "CAM_BACK", "CAM_BACK_RIGHT"], "token": "c4d74ebd68924876bf0331fdc501bed4", "scene": "scene-0258"}, {"images": ["samples/CAM_FRONT_LEFT/n008-2018-08-06-15-06-32-0400__CAM_FRONT_LEFT__1533582775654799.jpg", "samples/CAM_FRONT/n008-2018-08-06-15-06-32-0400__CAM_FRONT__1533582775662404.jpg", "samples/CAM_FRONT_RIGHT/n008-2018-08-06-15-06-32-0400__CAM_FRONT_RIGHT__1533582775670482.jpg", "samples/CAM_BACK_LEFT/n008-2018-08-06-15-06-32-0400__CAM_BACK_LEFT__1533582775697405.jpg", "samples/CAM_BACK/n008-2018-08-06-15-06-32-0400__CAM_BACK__1533582775687558.jpg", "samples/CAM_BACK_RIGHT/n008-2018-08-06-15-06-32-0400__CAM_BACK_RIGHT__1533582775678113.jpg"], "intrinsics": [[[1257.8625342125129, 0.0, 827.2410631095686], [0.0, 1257.8625342125129, 450.915498205774], [0.0, 0.0, 1.0]], [[1252.8131021185304, 0.0, 826.588114781398], [0.0, 1252.8131021185304, 469.9846626224581], [0.0, 0.0, 1.0]], [[1256.7485116440405, 0.0, 817.7887570959712], [0.0, 1256.7485116440403, 451.9541780095127], [0.0, 0.0, 1.0]], [[1254.9860565800168, 0.0, 829.5769333630991], [0.0, 1254.9860565800168, 467.1680561863987], [0.0, 0.0, 1.0]], [[796.8910634503094, 0.0, 857.7774326863696], [0.0, 796.8910634503094, 476.8848988407415], [0.0, 0.0, 1.0]], [[1249.9629280788233, 0.0, 825.3768045375984], [0.0, 1249.9629280788233, 462.54816385708756], [0.0, 0.0, 1.0]]], "extrinsics": [[[0.8224636316299438, -0.5685637593269348, -0.016995863988995552, -0.6788330078125], [0.002899504266679287, 0.03406945616006851, -0.9994152784347534, 1.4893112182617188], [0.5688103437423706, 0.821933388710022, 0.029669443145394325, -1.1124267578125], [0.0, 0.0, 0.0, 1.0]], [[0.010107503272593021, -0.999504029750824, -0.02982277236878872, 0.0115966796875], [0.004827653989195824, 0.029872726649045944, -0.9995420575141907, 1.4816322326660156], [0.9999371767044067, 0.009958912618458271, 0.0051271989941596985, -1.4111251831054688], [0.0, 0.0, 0.0, 1.0]], [[-0.8440927267074585, -0.5357471108436584, -0.021966714411973953, 0.8818359375], [0.012610717676579952, 0.021120881661772728, -0.9996973872184753, 1.4961624145507812], [0.536048948764801, -0.8441143035888672, -0.011071826331317425, -1.142333984375], [0.0, 0.0, 0.0, 1.0]], [[0.9478862881660461, 0.3186080753803253, -0.0006862808368168771, -1.1439208984375], [-0.012864659540355206, 0.036121055483818054, -0.999264657497406, 1.562042236328125], [-0.3183489143848419, 0.9471979737281799, 0.03833743929862976, -0.1561279296875], [0.0, 0.0, 0.0, 1.0]], [[0.009355301037430763, 0.9995483160018921, 0.028557822108268738, -0.02880859375], [-0.010927338153123856, 0.028659554198384285, -0.9995294809341431, 1.5670433044433594], [-0.9998965263366699, 0.009038885124027729, 0.011190523393452168, -0.04671478271484375], [0.0, 0.0, 0.0, 1.0]], [[-0.9236968755722046, 0.38303083181381226, 0.008452205918729305, 0.9951171875], [-0.0066554914228618145, 0.0060157254338264465, -0.9999597072601318, 1.5466136932373047], [-0.38306617736816406, -0.9237159490585327, -0.003007448511198163, -0.1104736328125], [0.0, 0.0, 0.0, 1.0]]], "view": [[0.0, -2.0, 100.0], [-2.0, 0.0, 100.0], [0.0, 0.0, 1.0]], "bev": "bev_da67591ac1a747c1918eae4ebb26851c.png", "aux": "aux_da67591ac1a747c1918eae4ebb26851c.npz", "visibility": "visibility_da67591ac1a747c1918eae4ebb26851c.png", "pose": [[-0.8578185439109802, -0.5139526128768921, 0.0, 876.5177001953125], [0.5139526128768921, -0.8578185439109802, 0.0, 1342.731689453125], [0.0, 0.0, 1.0, 0.0], [0.0, 0.0, 0.0, 1.0]], "pose_inverse": [[-0.8578185439109802, 0.5139526128768921, 0.0, 61.79267501831055], [-0.5139526128768921, -0.8578185439109802, 0.0, 1602.3087158203125], [0.0, 0.0, 1.0, 0.0], [0.0, 0.0, 0.0, 1.0]], "cam_ids": [0, 1, 2, 3, 4, 5], "cam_channels": ["CAM_FRONT_LEFT", "CAM_FRONT", "CAM_FRONT_RIGHT", "CAM_BACK_LEFT", "CAM_BACK", "CAM_BACK_RIGHT"], "token": "da67591ac1a747c1918eae4ebb26851c", "scene": "scene-0258"}, {"images": ["samples/CAM_FRONT_LEFT/n008-2018-08-06-15-06-32-0400__CAM_FRONT_LEFT__1533582776254799.jpg", "samples/CAM_FRONT/n008-2018-08-06-15-06-32-0400__CAM_FRONT__1533582776262404.jpg", "samples/CAM_FRONT_RIGHT/n008-2018-08-06-15-06-32-0400__CAM_FRONT_RIGHT__1533582776270482.jpg", "samples/CAM_BACK_LEFT/n008-2018-08-06-15-06-32-0400__CAM_BACK_LEFT__1533582776297405.jpg", "samples/CAM_BACK/n008-2018-08-06-15-06-32-0400__CAM_BACK__1533582776287558.jpg", "samples/CAM_BACK_RIGHT/n008-2018-08-06-15-06-32-0400__CAM_BACK_RIGHT__1533582776278113.jpg"], "intrinsics": [[[1257.8625342125129, 0.0, 827.2410631095686], [0.0, 1257.8625342125129, 450.915498205774], [0.0, 0.0, 1.0]], [[1252.8131021185304, 0.0, 826.588114781398], [0.0, 1252.8131021185304, 469.9846626224581], [0.0, 0.0, 1.0]], [[1256.7485116440405, 0.0, 817.7887570959712], [0.0, 1256.7485116440403, 451.9541780095127], [0.0, 0.0, 1.0]], [[1254.9860565800168, 0.0, 829.5769333630991], [0.0, 1254.9860565800168, 467.1680561863987], [0.0, 0.0, 1.0]], [[796.8910634503094, 0.0, 857.7774326863696], [0.0, 796.8910634503094, 476.8848988407415], [0.0, 0.0, 1.0]], [[1249.9629280788233, 0.0, 825.3768045375984], [0.0, 1249.9629280788233, 462.54816385708756], [0.0, 0.0, 1.0]]], "extrinsics": [[[0.8221497535705566, -0.5690351128578186, -0.016396457329392433, -0.676025390625], [0.004072561394423246, 0.03468100726604462, -0.9993901252746582, 1.4897994995117188], [0.5692567229270935, 0.8215815424919128, 0.030830413103103638, -1.109619140625], [0.0, 0.0, 0.0, 1.0]], [[0.009692068211734295, -0.9994879961013794, -0.030493468046188354, 0.0115966796875], [0.006125103682279587, 0.030553670600056648, -0.9995143413543701, 1.4820518493652344], [0.999934196472168, 0.009500516578555107, 0.0064180949702858925, -1.4108505249023438], [0.0, 0.0, 0.0, 1.0]], [[-0.8442310690879822, -0.5354563593864441, -0.023673027753829956, 0.88427734375], [0.014176552183926105, 0.021844377741217613, -0.999660849571228, 1.4965057373046875], [0.5357919335365295, -0.8442803621292114, -0.010850775986909866, -1.1436767578125], [0.0, 0.0, 0.0, 1.0]], [[0.9478930234909058, 0.31858786940574646, 0.0007639701943844557, -1.14410400390625], [-0.011576436460018158, 0.03683951869606972, -0.9992541670799255, 1.562042236328125], [-0.31837838888168335, 0.9471771717071533, 0.03860803693532944, -0.156005859375], [0.0, 0.0, 0.0, 1.0]], [[0.009443956427276134, 0.9995253086090088, 0.029325535520911217, -0.02880859375], [-0.0093173822388