[{"images": ["samples/CAM_FRONT_LEFT/n015-2018-10-08-15-52-24+0800__CAM_FRONT_LEFT__1538985150254844.jpg", "samples/CAM_FRONT/n015-2018-10-08-15-52-24+0800__CAM_FRONT__1538985150262460.jpg", "samples/CAM_FRONT_RIGHT/n015-2018-10-08-15-52-24+0800__CAM_FRONT_RIGHT__1538985150270339.jpg", "samples/CAM_BACK_LEFT/n015-2018-10-08-15-52-24+0800__CAM_BACK_LEFT__1538985150297423.jpg", "samples/CAM_BACK/n015-2018-10-08-15-52-24+0800__CAM_BACK__1538985150287525.jpg", "samples/CAM_BACK_RIGHT/n015-2018-10-08-15-52-24+0800__CAM_BACK_RIGHT__1538985150277893.jpg"], "intrinsics": [[[1272.5979470598488, 0.0, 826.6154927353808], [0.0, 1272.5979470598488, 479.75165386361925], [0.0, 0.0, 1.0]], [[1266.417203046554, 0.0, 816.2670197447984], [0.0, 1266.417203046554, 491.50706579294757], [0.0, 0.0, 1.0]], [[1260.8474446004698, 0.0, 807.968244525554], [0.0, 1260.8474446004698, 495.3344268742088], [0.0, 0.0, 1.0]], [[1256.7414812095406, 0.0, 792.1125740759628], [0.0, 1256.7414812095406, 492.7757465151356], [0.0, 0.0, 1.0]], [[809.2209905677063, 0.0, 829.2196003259838], [0.0, 809.2209905677063, 481.77842384512485], [0.0, 0.0, 1.0]], [[1259.5137405846733, 0.0, 807.2529053838625], [0.0, 1259.5137405846733, 501.19579884916527], [0.0, 0.0, 1.0]]], "extrinsics": [[[0.8231101632118225, -0.5674080848693848, 0.02318829856812954, -0.9072265625], [0.022084219381213188, -0.008819038048386574, -0.9997172355651855, 1.5097923278808594], [0.5674521327018738, 0.8233895301818848, 0.005271723959594965, -1.2403564453125], [0.0, 0.0, 0.0, 1.0]], [[0.009273101575672626, -0.9998713135719299, 0.013090802356600761, 0.0054931640625], [0.016779636964201927, -0.012933931313455105, -0.9997755289077759, 1.5215034484863281], [0.9998162388801575, 0.009490628726780415, 0.016657540574669838, -1.6346435546875], [0.0, 0.0, 0.0, 1.0]], [[-0.8309770822525024, -0.5559123754501343, -0.020941894501447678, 0.9951324462890625], [0.02233794517815113, 0.004270740784704685, -0.9997413754463196, 1.504643440246582], [0.5558579564094543, -0.8312299847602844, 0.008869051933288574, -1.223876953125], [0.0, 0.0, 0.0, 1.0]], [[0.9474595785140991, 0.3191869258880615, 0.020977189764380455, -1.14202880859375], [0.030938757583498955, -0.02617044560611248, -0.9991785883903503, 1.58856201171875], [-0.31837573647499084, 0.9473303556442261, -0.03467068448662758, -0.103759765625], [0.0, 0.0, 0.0, 1.0]], [[0.0015372582711279392, 0.9998686909675598, -0.016135336831212044, 0.0028076171875], [0.0055749970488250256, -0.0161436740309, -0.9998541474342346, 1.5794486999511719], [-0.9999833106994629, 0.001447032205760479, -0.005599082913249731, -0.01446533203125], [0.0, 0.0, 0.0, 1.0]], [[-0.9350029230117798, 0.3528074622154236, -0.03600607067346573, 1.10595703125], [0.038207925856113434, -0.0007234797230921686, -0.9992695450782776, 1.5526847839355469], [-0.3525758683681488, -0.9356957674026489, -0.012803586199879646, -0.074951171875], [0.0, 0.0, 0.0, 1.0]]], "view": [[0.0, -2.0, 100.0], [-2.0, 0.0, 100.0], [0.0, 0.0, 1.0]], "bev": "bev_87b83e5e16f54636aa49604dcd1646df.png", "aux": "aux_87b83e5e16f54636aa49604dcd1646df.npz", "visibility": "visibility_87b83e5e16f54636aa49604dcd1646df.png", "pose": [[-0.6352745294570923, -0.7722864151000977, 0.0, 678.4647216796875], [0.7722864151000977, -0.6352745294570923, 0.0, 1794.8895263671875], [0.0, 0.0, 1.0, 0.0], [0.0, 0.0, 0.0, 1.0]], "pose_inverse": [[-0.6352745294570923, 0.7722864151000977, 0.0, -955.1574096679688], [-0.7722864151000977, -0.6352745294570923, 0.0, 1664.2166748046875], [0.0, 0.0, 1.0, 0.0], [0.0, 0.0, 0.0, 1.0]], "cam_ids": [0, 1, 2, 3, 4, 5], "cam_channels": ["CAM_FRONT_LEFT", "CAM_FRONT", "CAM_FRONT_RIGHT", "CAM_BACK_LEFT", "CAM_BACK", "CAM_BACK_RIGHT"], "token": "87b83e5e16f54636aa49604dcd1646df", "scene": "scene-0420"}, {"images": ["samples/CAM_FRONT_LEFT/n015-2018-10-08-15-52-24+0800__CAM_FRONT_LEFT__1538985150754844.jpg", "samples/CAM_FRONT/n015-2018-10-08-15-52-24+0800__CAM_FRONT__1538985150762460.jpg", "samples/CAM_FRONT_RIGHT/n015-2018-10-08-15-52-24+0800__CAM_FRONT_RIGHT__1538985150770339.jpg", "samples/CAM_BACK_LEFT/n015-2018-10-08-15-52-24+0800__CAM_BACK_LEFT__1538985150797423.jpg", "samples/CAM_BACK/n015-2018-10-08-15-52-24+0800__CAM_BACK__1538985150787525.jpg", "samples/CAM_BACK_RIGHT/n015-2018-10-08-15-52-24+0800__CAM_BACK_RIGHT__1538985150777893.jpg"], "intrinsics": [[[1272.5979470598488, 0.0, 826.6154927353808], [0.0, 1272.5979470598488, 479.75165386361925], [0.0, 0.0, 1.0]], [[1266.417203046554, 0.0, 816.2670197447984], [0.0, 1266.417203046554, 491.50706579294757], [0.0, 0.0, 1.0]], [[1260.8474446004698, 0.0, 807.968244525554], [0.0, 1260.8474446004698, 495.3344268742088], [0.0, 0.0, 1.0]], [[1256.7414812095406, 0.0, 792.1125740759628], [0.0, 1256.7414812095406, 492.7757465151356], [0.0, 0.0, 1.0]], [[809.2209905677063, 0.0, 829.2196003259838], [0.0, 809.2209905677063, 481.77842384512485], [0.0, 0.0, 1.0]], [[1259.5137405846733, 0.0, 807.2529053838625], [0.0, 1259.5137405846733, 501.19579884916527], [0.0, 0.0, 1.0]]], "extrinsics": [[[0.8229682445526123, -0.5676002502441406, 0.02351994439959526, -0.90087890625], [0.022502651438117027, -0.008798636496067047, -0.9997080564498901, 1.5099983215332031], [0.5676414966583252, 0.8232572674751282, 0.0055315131321549416, -1.23602294921875], [0.0, 0.0, 0.0, 1.0]], [[0.009073996916413307, -0.9998728036880493, 0.01311644446104765, 0.0054931640625], [0.017236463725566864, -0.012958640232682228, -0.9997674822807312, 1.5216407775878906], [0.9998102188110352, 0.009297969751060009, 0.01711668260395527, -1.628173828125], [0.0, 0.0, 0.0, 1.0]], [[-0.8310480117797852, -0.5557920336723328, -0.021318111568689346, 0.9907398223876953], [0.0228391345590353, 0.004195722751319408, -0.9997303485870361, 1.504786491394043], [0.5557315349578857, -0.8313108086585999, 0.009206960909068584, -1.2208251953125], [0.0, 0.0, 0.0, 1.0]], [[0.9474413990974426, 0.3192046880722046, 0.021521495655179024, -1.1414794921875], [0.03158452361822128, -0.026381883770227432, -0.9991527795791626, 1.5885696411132812], [-0.31836652755737305, 0.9473184943199158, -0.03507721424102783, -0.1038818359375], [0.0, 0.0, 0.0, 1.0]], [[0.0015839645639061928, 0.9998661279678345, -0.016292143613100052, 0.0028076171875], [0.006169934757053852, -0.016301624476909637, -0.9998481273651123, 1.5794754028320312], [-0.9999797344207764, 0.0014832214219495654, -0.006194930523633957, -0.0169677734375], [0.0, 0.0, 0.0, 1.0]], [[-0.9349488615989685, 0.3528946042060852, -0.03655160963535309, 1.102294921875], [0.03874780982732773, -0.0008414104231633246, -0.9992486834526062, 1.5528526306152344], [-0.352660208940506, -0.9356626868247986, -0.012887218035757542, -0.0765380859375], [0.0, 0.0, 0.0, 1.0]]], "view": [[0.0, -2.0, 100.0], [-2.0, 0.0, 100.0], [0.0, 0.0, 1.0]], "bev": "bev_40c48976a96748299ac2e9b371de05b0.png", "aux": "aux_40c48976a96748299ac2e9b371de05b0.npz", "visibility": "visibility_40c48976a96748299ac2e9b371de05b0.png", "pose": [[-0.5936504602432251, -0.8047230243682861, 0.0, 677.939697265625], [0.8047230243682861, -0.5936504602432251, 0.0, 1795.5667724609375], [0.0, 0.0, 1.0, 0.0], [0.0, 0.0, 0.0, 1.0]], "pose_inverse": [[-0.5936504602432251, 0.8047230243682861, 0.0, -1042.4747314453125], [-0.8047230243682861, -0.5936504602432251, 0.0, 1611.49267578125], [0.0, 0.0, 1.0, 0.0], [0.0, 0.0, 0.0, 1.0]], "cam_ids": [0, 1, 2, 3, 4, 5], "cam_channels": ["CAM_FRONT_LEFT", "CAM_FRONT", "CAM_FRONT_RIGHT", "CAM_BACK_LEFT", "CAM_BACK", "CAM_BACK_RIGHT"], "token": "40c48976a96748299ac2e9b371de05b0", "scene": "scene-0420"}, {"images": ["samples/CAM_FRONT_LEFT/n015-2018-10-08-15-52-24+0800__CAM_FRONT_LEFT__1538985151254844.jpg", "samples/CAM_FRONT/n015-2018-10-08-15-52-24+0800__CAM_FRONT__1538985151262460.jpg", "samples/CAM_FRONT_RIGHT/n015-2018-10-08-15-52-24+0800__CAM_FRONT_RIGHT__1538985151270339.jpg", "samples/CAM_BACK_LEFT/n015-2018-10-08-15-52-24+0800__CAM_BACK_LEFT__1538985151297423.jpg", "samples/CAM_BACK/n015-2018-10-08-15-52-24+0800__CAM_BACK__1538985151287525.jpg", "samples/CAM_BACK_RIGHT/n015-2018-10-08-15-52-24+0800__CAM_BACK_RIGHT__1538985151277893.jpg"], "intrinsics": [[[1272.5979470598488, 0.0, 826.6154927353808], [0.0, 1272.5979470598488, 479.75165386361925], [0.0, 0.0, 1.0]], [[1266.417203046554, 0.0, 816.2670197447984], [0.0, 1266.417203046554, 491.50706579294757], [0.0, 0.0, 1.0]], [[1260.8474446004698, 0.0, 807.968244525554], [0.0, 1260.8474446004698, 495.3344268742088], [0.0, 0.0, 1.0]], [[1256.7414812095406, 0.0, 792.1125740759628], [0.0, 1256.7414812095406, 492.7757465151356], [0.0, 0.0, 1.0]], [[809.2209905677063, 0.0, 829.2196003259838], [0.0, 809.2209905677063, 481.77842384512485], [0.0, 0.0, 1.0]], [[1259.5137405846733, 0.0, 807.2529053838625], [0.0, 1259.5137405846733, 501.19579884916527], [0.0, 0.0, 1.0]]], "extrinsics": [[[0.8227927088737488, -0.5677671432495117, 0.025546709075570107, -0.8868408203125], [0.02361680381000042, -0.010755062103271484, -0.999663233757019, 1.5104866027832031], [0.5678505897521973, 0.8231189846992493, 0.0045596580021083355, -1.22576904296875], [0.0, 0.0, 0.0, 1.0]], [[0.008860691450536251, -0.999850869178772, 0.014820193871855736, 0.00537109375], [0.01822228729724884, -0.014656865037977695, -0.9997265934944153, 1.5219612121582031], [0.9997946619987488, 0.00912833958864212, 0.018089698627591133, -1.613525390625], [0.0, 0.0, 0.0, 1.0]], [[-0.831110417842865, -0.5557021498680115, -0.021225735545158386, 0.9811019897460938], [0.023687290027737617, 0.0027585753705352545, -0.9997156262397766, 1.5051002502441406], [0.5556025505065918, -0.831376850605011, 0.010870397090911865, -1.2147216796875], [0.0, 0.0, 0.0, 1.0]], [[0.9474318027496338, 0.31921300292015076, 0.021815204992890358, -1.14044189453125], [0.03210870176553726, -0.027019012719392776, -0.9991191029548645, 1.5886154174804688], [-0.3183424472808838, 0.9472977519035339, -0.035848189145326614, -0.1043701171875], [0.0, 0.0, 0.0, 1.0]], [[0.0016401783796027303, 0.9998503923416138, -0.017221398651599884, 0.0029296875], [0.006795290391892195, -0.017232168465852737, -0.9998284578323364, 1.5795211791992188], [-0.9999755620956421, 0.0015227977419272065, -0.006822537165135145, -0.0218505859375], [0.0, 0.0, 0.0, 1.0]], [[-0.9348857998847961, 0.3529432415962219, -0.03767862543463707, 1.09423828125], [0.0394974946975708, -0.002049901057034731, -0.9992175698280334, 1.5532264709472656], [-0.35274431109428406, -0.9356424808502197, -0.012023952789604664, -0.07958984375], [0.0, 0.0, 0.0, 1.0]]], "view": [[0.0, -2.0, 100.0], [-2.0, 0.0, 100.0], [0.0, 0.0, 1.0]], "bev": "bev_ad4524b8069d4793a036c010d08213cb.png", "aux": "aux_ad4524b8069d4793a036c010d08213cb.npz", "visibility": "visibility_ad4524b8069d4793a036c010d08213cb.png", "pose": [[-0.5517328381538391, -0.8340209126472473, 0.0, 677.3469848632812], [0.8340209126472473, -0.5517328381538391, 0.0, 1796.412841796875], [0.0, 0.0, 1.0, 0.0], [0.0, 0.0, 0.0, 1.0]], "pose_inverse": [[-0.5517328381538391, 0.8340209126472473, 0.0, -1124.53125], [-0.8340209126472473, -0.5517328381538391, 0.0, 1556.0615234375], [0.0, 0.0, 1.0, 0.0], [0.0, 0.0, 0.0, 1.0]], "cam_ids": [0, 1, 2, 3, 4, 5], "cam_channels": ["CAM_FRONT_LEFT", "CAM_FRONT", "CAM_FRONT_RIGHT", "CAM_BACK_LEFT", "CAM_BACK", "CAM_BACK_RIGHT"], "token": "ad4524b8069d4793a036c010d08213cb", "scene": "scene-0420"}, {"images": ["samples/CAM_FRONT_LEFT/n015-2018-10-08-15-52-24+0800__CAM_FRONT_LEFT__1538985151754844.jpg", "samples/CAM_FRONT/n015-2018-10-08-15-52-24+0800__CAM_FRONT__1538985151762460.jpg", "samples/CAM_FRONT_RIGHT/n015-2018-10-08-15-52-24+0800__CAM_FRONT_RIGHT__1538985151770339.jpg", "samples/CAM_BACK_LEFT/n015-2018-10-08-15-52-24+0800__CAM_BACK_LEFT__1538985151797423.jpg", "samples/CAM_BACK/n015-2018-10-08-15-52-24+0800__CAM_BACK__1538985151787525.jpg", "samples/CAM_BACK_RIGHT/n015-2018-10-08-15-52-24+0800__CAM_BACK_RIGHT__1538985151777893.jpg"], "intrinsics": [[[1272.5979470598488, 0.0, 826.6154927353808], [0.0, 1272.5979470598488, 479.75165386361925], [0.0, 0.0, 1.0]], [[1266.417203046554, 0.0, 816.2670197447984], [0.0, 1266.417203046554, 491.50706579294757], [0.0, 0.0, 1.0]], [[1260.8474446004698, 0.0, 807.968244525554], [0.0, 1260.8474446004698, 495.3344268742088], [0.0, 0.0, 1.0]], [[1256.7414812095406, 0.0, 792.1125740759628], [0.0, 1256.7414812095406, 492.7757465151356], [0.0, 0.0, 1.0]], [[809.2209905677063, 0.0, 829.2196003259838], [0.0, 809.2209905677063, 481.77842384512485], [0.0, 0.0, 1.0]], [[1259.5137405846733, 0.0, 807.2529053838625], [0.0, 1259.5137405846733, 501.19579884916527], [0.0, 0.0, 1.0]]], "extrinsics": [[[0.8211421370506287, -0.570105254650116, 0.026562273502349854, -0.8671875], [0.025615796446800232, -0.00967909675091505, -0.9996249675750732, 1.5113067626953125], [0.5701485276222229, 0.8215146064758301, 0.006655784789472818, -1.21173095703125], [0.0, 0.0, 0.0, 1.0]], [[0.006491337437182665, -0.9998835325241089, 0.01381597202271223, 0.005126953125], [0.020347565412521362, -0.013681328855454922, -0.9996993541717529, 1.5225296020507812], [0.9997718930244446, 0.006770575884729624, 0.02025638334453106, -1.5938720703125], [0.0, 0.0, 0.0, 1.0]], [[-0.8320742845535278, -0.554161012172699, -0.023622194305062294, 0.9683685302734375], [0.025970902293920517, 0.003616915550082922, -0.9996561408042908, 1.5056381225585938], [0.55405592918396, -0.8324016332626343, 0.011382520198822021, -1.2064208984375], [0.0, 0.0, 0.0, 1.0]], [[0.9473593831062317, 0.3192397654056549, 0.024418987333774567, -1.1427001953125], [0.034667033702135086, -0.02645779773592949, -0.9990485906600952, 1.5885162353515625], [-0.31828996539115906, 0.9473046064376831, -0.03613213822245598, -0.103515625], [0.0, 0.0, 0.0, 1.0]], [[0.0023577590472996235, 0.9998608827590942, -0.016517244279384613, 0.0029296875], [0.009257068857550621, -0.016538405790925026, -0.9998204112052917, 1.5796279907226562], [-0.9999544024467468, 0.0022044663783162832, -0.00929477158933878, -0.02734375], [0.0, 0.0, 0.0, 1.0]], [[-0.9343253374099731, 0.3542141616344452, -0.039605822414159775, 1.0841064453125], [0.04186411574482918, -0.001288398983888328, -0.9991225004196167, 1.5537910461425781], [-0.35395434498786926, -0.9351634979248047, -0.013625075109302998, -0.08367919921875], [0.0, 0.0, 0.0, 1.0]]], "view": [[0.0, -2.0, 100.0], [-2.0, 0.0, 100.0], [0.0, 0.0, 1.0]], "bev": "bev_c3af4866da59403fb923f423d2431c4c.png", "aux": "aux_c3af4866da59403fb923f423d2431c4c.npz", "visibility": "visibility_c3af4866da59403fb923f423d2431c4c.png", "pose": [[-0.5233762264251709, -0.852101743221283, 0.0, 676.6541137695312], [0.852101743221283, -0.5233762264251709, 0.0, 1797.5030517578125], [0.0, 0.0, 1.0, 0.0], [0.0, 0.0, 0.0, 1.0]], "pose_inverse": [[-0.5233762264251709, 0.852101743221283, 0.0, -1177.5107421875], [-0.852101743221283, -0.5233762264251709, 0.0, 1517.3485107421875], [0.0, 0.0, 1.0, 0.0], [0.0, 0.0, 0.0, 1.0]], "cam_ids": [0, 1, 2, 3, 4, 5], "cam_channels": ["CAM_FRONT_LEFT", "CAM_FRONT", "CAM_FRONT_RIGHT", "CAM_BACK_LEFT", "CAM_BACK", "CAM_BACK_RIGHT"], "token": "c3af4866da59403fb923f423d2431c4c", "scene": "scene-0420"}, {"images": ["samples/CAM_FRONT_LEFT/n015-2018-10-08-15-52-24+0800__CAM_FRONT_LEFT__1538985152254844.jpg", "samples/CAM_FRONT/n015-2018-10-08-15-52-24+0800__CAM_FRONT__1538985152262460.jpg", "samples/CAM_FRONT_RIGHT/n015-2018-10-08-15-52-24+0800__CAM_FRONT_RIGHT__1538985152270339.jpg", "samples/CAM_BACK_LEFT/n015-2018-10-08-15-52-24+0800__CAM_BACK_LEFT__1538985152297423.jpg", "samples/CAM_BACK/n015-2018-10-08-15-52-24+0800__CAM_BACK__1538985152287525.jpg", "samples/CAM_BACK_RIGHT/n015-2018-10-08-15-52-24+0800__CAM_BACK_RIGHT__1538985152277893.jpg"], "intrinsics": [[[1272.5979470598488, 0.0, 826.6154927353808], [0.0, 1272.5979470598488, 479.75165386361925], [0.0, 0.0, 1.0]], [[1266.417203046554, 0.0, 816.2670197447984], [0.0, 1266.417203046554, 491.50706579294757], [0.0, 0.0, 1.0]], [[1260.8474446004698, 0.0, 807.968244525554], [0.0, 1260.8474446004698, 495.3344268742088], [0.0, 0.0, 1.0]], [[1256.7414812095406, 0.0, 792.1125740759628], [0.0, 1256.7414812095406, 492.7757465151356], [0.0, 0.0, 1.0]], [[809.2209905677063, 0.0, 829.2196003259838], [0.0, 809.2209905677063, 481.77842384512485], [0.0, 0.0, 1.0]], [[1259.5137405846733, 0.0, 807.2529053838625], [0.0, 1259.5137405846733, 501.19579884916527], [0.0, 0.0, 1.0]]], "extrinsics": [[[0.8192844390869141, -0.5728784203529358, 0.024153079837560654, -0.859619140625], [0.02615542523562908, -0.0047406479716300964, -0.9996466636657715, 1.5116081237792969], [0.5727905035018921, 0.8196266889572144, 0.011099938303232193, -1.20697021484375], [0.0, 0.0, 0.0, 1.0]], [[0.003846445819362998, -0.9999542832374573, 0.00876273587346077, 0.005615234375], [0.020973695442080498, -0.008680202066898346, -0.999742329120636, 1.5227470397949219], [0.9997726082801819, 0.00402925256639719, 0.02093934826552868, -1.5867919921875], [0.0, 0.0, 0.0, 1.0]], [[-0.8331765532493591, -0.5523461103439331, -0.027028927579522133, 0.96392822265625], [0.026717673987150192, 0.008613687008619308, -0.9996058940887451, 1.505838394165039], [0.5523613095283508, -0.8335703611373901, 0.007580682169646025, -1.203369140625], [0.0, 0.0, 0.0, 1.0]], [[0.9472772479057312, 0.31927698850631714, 0.026982706040143967, -1.1429443359375], [0.03570803627371788, -0.0215053241699934, -0.9991308450698853, 1.5885162353515625], [-0.3184191584587097, 0.9474174380302429, -0.03177225962281227, -0.1033935546875], [0.0, 0.0, 0.0, 1.0]], [[0.0030341236852109432, 0.999928891658783, -0.011535042896866798, 0.002685546875], [0.010181350633502007, -0.011565386317670345, -0.9998813271522522, 1.579660415649414], [-0.9999435544013977, 0.002916366560384631, -0.010215716436505318, -0.0283203125], [0.0, 0.0, 0.0, 1.0]], [[-0.9337854385375977, 0.3557469844818115, -0.038586847484111786, 1.080810546875], [0.04267978295683861, 0.003660823917016387, -0.999082088470459, 1.5539741516113281], [-0.35527920722961426, -0.9345752596855164, -0.01860162615776062, -0.08465576171875], [0.0, 0.0, 0.0, 1.0]]], "view": [[0.0, -2.0, 100.0], [-2.0, 0.0, 100.0], [0.0, 0.0, 1.0]], "bev": "bev_8612dbc245ba47bdbc180b70024a218c.png", "aux": "aux_8612dbc245ba47bdbc180b70024a218c.npz", "visibility": "visibility_8612dbc245ba47bdbc180b70024a218c.png", "pose": [[-0.5291764736175537, -0.848511815071106, 0.0, 675.8883056640625], [0.848511815071106, -0.5291764736175537, 0.0, 1798.7464599609375], [0.0, 0.0, 1.0, 0.0], [0.0, 0.0, 0.0, 1.0]], "pose_inverse": [[-0.5291764736175537, 0.848511815071106, 0.0, -1168.5933837890625], [-0.848511815071106, -0.5291764736175537, 0.0, 1525.353515625], [0.0, 0.0, 1.0, 0.0], [0.0, 0.0, 0.0, 1.0]], "cam_ids": [0, 1, 2, 3, 4, 5], "cam_channels": ["CAM_FRONT_LEFT", "CAM_FRONT", "CAM_FRONT_RIGHT", "CAM_BACK_LEFT", "CAM_BACK", "CAM_BACK_RIGHT"], "token": "8612dbc245ba47bdbc180b70024a218c", "scene": "scene-0420"}, {"images": ["samples/CAM_FRONT_LEFT/n015-2018-10-08-15-52-24+0800__CAM_FRONT_LEFT__1538985152654844.jpg", "samples/CAM_FRONT/n015-2018-10-08-15-52-24+0800__CAM_FRONT__1538985152662460.jpg", "samples/CAM_FRONT_RIGHT/n015-2018-10-08-15-52-24+0800__CAM_FRONT_RIGHT__1538985152670339.jpg", "samples/CAM_BACK_LEFT/n015-2018-10-08-15-52-24+0800__CAM_BACK_LEFT__1538985152697423.jpg", "samples/CAM_BACK/n015-2018-10-08-15-52-24+0800__CAM_BACK__1538985152687525.jpg", "samples/CAM_BACK_RIGHT/n015-2018-10-08-15-52-24+0800__CAM_BACK_RIGHT__1538985152677893.jpg"], "intrinsics": [[[1272.5979470598488, 0.0, 826.6154927353808], [0.0, 1272.5979470598488, 479.75165386361925], [0.0, 0.0, 1.0]], [[1266.417203046554, 0.0, 816.2670197447984], [0.0, 1266.417203046554, 491.50706579294757], [0.0, 0.0, 1.0]], [[1260.8474446004698, 0.0, 807.968244525554], [0.0, 1260.8474446004698, 495.3344268742088], [0.0, 0.0, 1.0]], [[1256.7414812095406, 0.0, 792.1125740759628], [0.0, 1256.7414812095406, 492.7757465151356], [0.0, 0.0, 1.0]], [[809.2209905677063, 0.0, 829.2196003259838], [0.0, 809.2209905677063, 481.77842384512485], [0.0, 0.0, 1.0]], [[1259.5137405846733, 0.0, 807.2529053838625], [0.0, 1259.5137405846733, 501.19579884916527], [0.0, 0.0, 1.0]]], "extrinsics": [[[0.818407416343689, -0.574120044708252, 0.02440137043595314, -0.8446044921875], [0.026478467509150505, -0.004741806536912918, -0.9996381402015686, 1.5121345520019531], [0.5740280151367188, 0.8187572956085205, 0.011321090161800385, -1.19677734375], [0.0, 0.0, 0.0, 1.0]], [[0.0026267291978001595, -0.9999573826789856, 0.008851129561662674, 0.0059814453125], [0.02116626687347889, -0.00879358034580946, -0.9997373223304749, 1.5230979919433594], [0.9997725486755371, 0.002813422353938222, 0.02114226296544075, -1.5716552734375], [0.0, 0.0, 0.0, 1.0]], [[-0.8336895108222961, -0.5515717267990112, -0.02702474594116211, 0.9543228149414062], [0.026847364380955696, 0.008397244848310947, -0.9996042251586914, 1.5061578750610352], [0.5515804886817932, -0.8340851664543152, 0.007807556074112654, -1.1962890625], [0.0, 0.0, 0.0, 1.0]], [[0.9473394155502319, 0.31912022829055786, 0.026648996397852898, -1.14080810546875], [0.03550107404589653, -0.021953480318188667, -0.9991284608840942, 1.5886077880859375], [-0.31825706362724304, 0.947459876537323, -0.03212651237845421, -0.104248046875], [0.0, 0.0, 0.0, 1.0]], [[0.003417770378291607, 0.9999233484268188, -0.011903024278581142, 0.0025634765625], [0.010077589191496372, -0.01193692721426487, -0.9998779296875, 1.5797119140625], [-0.9999433159828186, 0.003297335235401988, -0.010117616504430771, -0.033447265625], [0.0, 0.0, 0.0, 1.0]], [[-0.9335405230522156, 0.35637524724006653, -0.03871230036020279, 1.072509765625], [0.042712897062301636, 0.0033601350151002407, -0.9990817904472351, 1.554351806640625], [-0.35591796040534973, -0.9343369007110596, -0.018358644098043442, -0.08740234375], [0.0, 0.0, 0.0, 1.0]]], "view": [[0.0, -2.0, 100.0], [-2.0, 0.0, 100.0], [0.0, 0.0, 1.0]], "bev": "bev_99a61a8df2be4d529c20530557da4676.png", "aux": "aux_99a61a8df2be4d529c20530557da4676.npz", "visibility": "visibility_99a61a8df2be4d529c20530557da4676.png", "pose": [[-0.5570822954177856, -0.8304572701454163, 0.0, 675.1551513671875], [0.8304572701454163, -0.5570822954177856, 0.0, 1799.892333984375], [0.0, 0.0, 1.0, 0.0], [0.0, 0.0, 0.0, 1.0]], "pose_inverse": [[-0.5570822954177856, 0.8304572701454163, 0.0, -1118.61669921875], [-0.8304572701454163, -0.5570822954177856, 0.0, 1563.375732421875], [0.0, 0.0, 1.0, 0.0], [0.0, 0.0, 0.0, 1.0]], "cam_ids": [0, 1, 2, 3, 4, 5], "cam_channels": ["CAM_FRONT_LEFT", "CAM_FRONT", "CAM_FRONT_RIGHT", "CAM_BACK_LEFT", "CAM_BACK", "CAM_BACK_RIGHT"], "token": "99a61a8df2be4d529c20530557da4676", "scene": "scene-0420"}, {"images": ["samples/CAM_FRONT_LEFT/n015-2018-10-08-15-52-24+0800__CAM_FRONT_LEFT__1538985153154844.jpg", "samples/CAM_FRONT/n015-2018-10-08-15-52-24+0800__CAM_FRONT__1538985153162460.jpg", "samples/CAM_FRONT_RIGHT/n015-2018-10-08-15-52-24+0800__CAM_FRONT_RIGHT__1538985153170339.jpg", "samples/CAM_BACK_LEFT/n015-2018-10-08-15-52-24+0800__CAM_BACK_LEFT__1538985153197423.jpg", "samples/CAM_BACK/n015-2018-10-08-15-52-24+0800__CAM_BACK__1538985153187532.jpg", "samples/CAM_BACK_RIGHT/n015-2018-10-08-15-52-24+0800__CAM_BACK_RIGHT__1538985153177893.jpg"], "intrinsics": [[[1272.5979470598488, 0.0, 826.6154927353808], [0.0, 1272.5979470598488, 479.75165386361925], [0.0, 0.0, 1.0]], [[1266.417203046554, 0.0, 816.2670197447984], [0.0, 1266.417203046554, 491.50706579294757], [0.0, 0.0, 1.0]], [[1260.8474446004698, 0.0, 807.968244525554], [0.0, 1260.8474446004698, 495.3344268742088], [0.0, 0.0, 1.0]], [[1256.7414812095406, 0.0, 792.1125740759628], [0.0, 1256.7414812095406, 492.7757465151356], [0.0, 0.0, 1.0]], [[809.2209905677063, 0.0, 829.2196003259838], [0.0, 809.2209905677063, 481.77842384512485], [0.0, 0.0, 1.0]], [[1259.5137405846733, 0.0, 807.2529053838625], [0.0, 1259.5137405846733, 501.19579884916527], [0.0, 0.0, 1.0]]], "extrinsics": [[[0.8183791637420654, -0.5742560625076294, 0.022030647844076157, -0.8291015625], [0.02521875686943531, -0.0024119378067553043, -0.9996790885925293, 1.5124130249023438], [0.5741248726844788, 0.8186720609664917, 0.012508145533502102, -1.1865234375], [0.0, 0.0, 0.0, 1.0]], [[0.0025425199419260025, -0.9999752640724182, 0.006550563033670187, 0.0064697265625], [0.019891882315278053, -0.006498713046312332, -0.9997810125350952, 1.523244857788086], [0.9997988939285278, 0.0026723428163677454, 0.01987486705183983, -1.5562744140625], [0.0, 0.0, 0.0, 1.0]], [[-0.8337688446044922, -0.5514448285102844, -0.027166567742824554, 0.9442291259765625], [0.025539590045809746, 0.010630358010530472, -0.9996172189712524, 1.5063467025756836], [0.5515225529670715, -0.8341436386108398, 0.005220417864620686, -1.1893310546875], [0.0, 0.0, 0.0, 1.0]], [[0.9473304152488708, 0.3192048668861389, 0.0259481780230999, -1.14093017578125], [0.03411402180790901, -0.02001654915511608, -0.9992174506187439, 1.5886001586914062], [-0.3184356987476349, 0.9474743008613586, -0.029851650819182396, -0.1044921875], [0.0, 0.0, 0.0, 1.0]], [[0.0034138064365833998, 0.9999457597732544, -0.009842069819569588, 0.0025634765625], [0.008710522204637527, -0.009871488437056541, -0.9999133348464966, 1.5797195434570312], [-0.9999562501907349, 0.0033277617767453194, -0.008743750862777233, -0.038818359375], [0.0, 0.0, 0.0, 1.0]], [[-0.9335699081420898, 0.356512188911438, -0.03669058158993721, 1.0635986328125], [0.041376594454050064, 0.005523914936929941, -0.9991283416748047, 1.5546531677246094], [-0.35599881410598755, -0.9342743158340454, -0.019908225163817406, -0.0906982421875], [0.0, 0.0, 0.0, 1.0]]], "view": [[0.0, -2.0, 100.0], [-2.0, 0.0, 100.0], [0.0, 0.0, 1.0]], "bev": "bev_c96cfce43aeb4e3db3761fda04e82bde.png", "aux": "aux_c96cfce43aeb4e3db3761fda04e82bde.npz", "visibility": "visibility_c96cfce43aeb4e3db3761fda04e82bde.png", "pose": [[-0.5953629016876221, -0.8034569025039673, 0.0, 674.0985717773438], [0.8034569025039673, -0.5953629016876221, 0.0, 1801.404052734375], [0.0, 0.0, 1.0, 0.0], [0.0, 0.0, 0.0, 1.0]], "pose_inverse": [[-0.5953629016876221, 0.8034569025039673, 0.0, -1046.0172119140625], [-0.8034569025039673, -0.5953629016876221, 0.0, 1614.0982666015625], [0.0, 0.0, 1.0, 0.0], [0.0, 0.0, 0.0, 1.0]], "cam_ids": [0, 1, 2, 3, 4, 5], "cam_channels": ["CAM_FRONT_LEFT", "CAM_FRONT", "CAM_FRONT_RIGHT", "CAM_BACK_LEFT", "CAM_BACK", "CAM_BACK_RIGHT"], "token": "c96cfce43aeb4e3db3761fda04e82bde", "scene": "scene-0420"}, {"images": ["samples/CAM_FRONT_LEFT/n015-2018-10-08-15-52-24+0800__CAM_FRONT_LEFT__1538985153654844.jpg", "samples/CAM_FRONT/n015-2018-10-08-15-52-24+0800__CAM_FRONT__1538985153662460.jpg", "samples/CAM_FRONT_RIGHT/n015-2018-10-08-15-52-24+0800__CAM_FRONT_RIGHT__1538985153670339.jpg", "samples/CAM_BACK_LEFT/n015-2018-10-08-15-52-24+0800__CAM_BACK_LEFT__1538985153697423.jpg", "samples/CAM_BACK/n015-2018-10-08-15-52-24+0800__CAM_BACK__1538985153687525.jpg", "samples/CAM_BACK_RIGHT/n015-2018-10-08-15-52-24+0800__CAM_BACK_RIGHT__1538985153677893.jpg"], "intrinsics": [[[1272.5979470598488, 0.0, 826.6154927353808], [0.0, 1272.5979470598488, 479.75165386361925], [0.0, 0.0, 1.0]], [[1266.417203046554, 0.0, 816.2670197447984], [0.0, 1266.417203046554, 491.50706579294757], [0.0, 0.0, 1.0]], [[1260.8474446004698, 0.0, 807.968244525554], [0.0, 1260.8474446004698, 495.3344268742088], [0.0, 0.0, 1.0]], [[1256.7414812095406, 0.0, 792.1125740759628], [0.0, 1256.7414812095406, 492.7757465151356], [0.0, 0.0, 1.0]], [[809.2209905677063, 0.0, 829.2196003259838], [0.0, 809.2209905677063, 481.77842384512485], [0.0, 0.0, 1.0]], [[1259.5137405846733, 0.0, 807.2529053838625], [0.0, 1259.5137405846733, 501.19579884916527], [0.0, 0.0, 1.0]]], "extrinsics": [[[0.8188700675964355, -0.5735321640968323, 0.022640440613031387, -0.81591796875], [0.02498392015695572, -0.0037916400469839573, -0.9996806383132935, 1.5127677917480469], [0.5734349489212036, 0.8191742300987244, 0.011224220506846905, -1.17816162109375], [0.0, 0.0, 0.0, 1.0]], [[0.0032600529957562685, -0.9999635815620422, 0.007888698019087315, 0.0069580078125], [0.019673040136694908, -0.007823078893125057, -0.9997758865356445, 1.523477554321289], [0.9998010993003845, 0.0034145836252719164, 0.019646817818284035, -1.54339599609375], [0.0, 0.0, 0.0, 1.0]], [[-0.833461582660675, -0.5519513487815857, -0.026293231174349785, 0.9361114501953125], [0.025317199528217316, 0.009389828890562057, -0.9996353387832642, 1.5065736770629883], [0.5519969463348389, -0.8338234424591064, 0.006147800479084253, -1.18359375], [0.0, 0.0, 0.0, 1.0]], [[0.9473771452903748, 0.31910011172294617, 0.025528475642204285, -1.139801025390625], [0.033969588577747345, -0.020914621651172638, -0.9992039799690247, 1.5886383056640625], [-0.31831201910972595, 0.9474902153015137, -0.030653730034828186, -0.1043701171875], [0.0, 0.0, 0.0, 1.0]], [[0.0032145027071237564, 0.9999356269836426, -0.01088308822363615, 0.0025634765625], [0.00854773074388504, -0.010910220444202423, -0.9999039769172668, 1.5797386169433594], [-0.999958336353302, 0.0031211005989462137, -0.008582251146435738, -0.0423583984375], [0.0, 0.0, 0.0, 1.0]], [[-0.9337247014045715, 0.35608258843421936, -0.0369231179356575, 1.0570068359375], [0.04117978364229202, 0.00437858747318387, -0.9991421699523926, 1.5549278259277344], [-0.3556154668331146, -0.9344442486763, -0.018751801922917366, -0.0928955078125], [0.0, 0.0, 0.0, 1.0]]], "view": [[0.0, -2.0, 100.0], [-2.0, 0.0, 100.0], [0.0, 0.0, 1.0]], "bev": "bev_bf464a57fc3b4fbf939a69726bd06d08.png", "aux": "aux_bf464a57fc3b4fbf939a69726bd06d08.npz", "visibility": "visibility_bf464a57fc3b4fbf939a69726bd06d08.png", "pose": [[-0.6293392181396484, -0.7771307229995728, 0.0, 672.8737182617188], [0.7771307229995728, -0.6293392181396484, 0.0, 1803.008544921875], [0.0, 0.0, 1.0, 0.0], [0.0, 0.0, 0.0, 1.0]], "pose_inverse": [[-0.6293392181396484, 0.7771307229995728, 0.0, -977.7074584960938], [-0.7771307229995728, -0.6293392181396484, 0.0, 1657.6148681640625], [0.0, 0.0, 1.0, 0.0], [0.0, 0.0, 0.0, 1.0]], "cam_ids": [0, 1, 2, 3, 4, 5], "cam_channels": ["CAM_FRONT_LEFT", "CAM_FRONT", "CAM_FRONT_RIGHT", "CAM_BACK_LEFT", "CAM_BACK", "CAM_BACK_RIGHT"], "token": "bf464a57fc3b4fbf939a69726bd06d08", "scene": "scene-0420"}, {"images": ["samples/CAM_FRONT_LEFT/n015-2018-10-08-15-52-24+0800__CAM_FRONT_LEFT__1538985154154844.jpg", "samples/CAM_FRONT/n015-2018-10-08-15-52-24+0800__CAM_FRONT__1538985154162608.jpg", "samples/CAM_FRONT_RIGHT/n015-2018-10-08-15-52-24+0800__CAM_FRONT_RIGHT__1538985154170339.jpg", "samples/CAM_BACK_LEFT/n015-2018-10-08-15-52-24+0800__CAM_BACK_LEFT__1538985154197835.jpg", "samples/CAM_BACK/n015-2018-10-08-15-52-24+0800__CAM_BACK__1538985154187525.jpg", "samples/CAM_BACK_RIGHT/n015-2018-10-08-15-52-24+0800__CAM_BACK_RIGHT__1538985154177893.jpg"], "intrinsics": [[[1272.5979470598488, 0.0, 826.6154927353808], [0.0, 1272.5979470598488, 479.75165386361925], [0.0, 0.0, 1.0]], [[1266.417203046554, 0.0, 816.2670197447984], [0.0, 1266.417203046554, 491.50706579294757], [0.0, 0.0, 1.0]], [[1260.8474446004698, 0.0, 807.968244525554], [0.0, 1260.8474446004698, 495.3344268742088], [0.0, 0.0, 1.0]], [[1256.7414812095406, 0.0, 792.1125740759628], [0.0, 1256.7414812095406, 492.7757465151356], [0.0, 0.0, 1.0]], [[809.2209905677063, 0.0, 829.2196003259838], [0.0, 809.2209905677063, 481.77842384512485], [0.0, 0.0, 1.0]], [[1259.5137405846733, 0.0, 807.2529053838625], [0.0, 1259.5137405846733, 501.19579884916527], [0.0, 0.0, 1.0]]], "extrinsics": [[[0.8194428086280823, -0.5728209018707275, 0.01973780244588852, -0.808837890625], [0.02360345609486103, -0.0006819127593189478, -0.999721109867096, 1.5127220153808594], [0.572674572467804, 0.8196802735328674, 0.012961764819920063, -1.17279052734375], [0.0, 0.0, 0.0, 1.0]], [[0.004055149387568235, -0.9999801516532898, 0.004807916469871998, 0.006591796875], [0.018292177468538284, -0.004732973873615265, -0.9998214840888977, 1.5233917236328125], [0.9998244047164917, 0.0041423034854233265, 0.01827262155711651, -1.5362548828125], [0.0, 0.0, 0.0, 1.0]], [[-0.8331617712974548, -0.552377462387085, -0.02684168890118599, 0.9305877685546875], [0.023945828899741173, 0.012457350268959999, -0.9996355772018433, 1.5065686702728271], [0.5525105595588684, -0.8335009813308716, 0.0028481504414230585, -1.18017578125], [0.0, 0.0, 0.0, 1.0]], [[0.9474101066589355, 0.31902119517326355, 0.025286486372351646, -1.141326904296875], [0.03272609785199165, -0.017980581149458885, -0.9993025660514832, 1.5885848999023438], [-0.31834402680397034, 0.9475769996643066, -0.027475303038954735, -0.1038818359375], [0.0, 0.0, 0.0, 1.0]], [[0.002966469619423151, 0.9999643564224243, -0.007903809659183025, 0.002685546875], [0.007258094847202301, -0.007925166748464108, -0.9999422430992126, 1.5797042846679688], [-0.9999692440032959, 0.002908910857513547, -0.007281346246600151, -0.0458984375], [0.0, 0.0, 0.0, 1.0]], [[-0.9339318871498108, 0.3557722866535187, -0.03459957614541054, 1.0521240234375], [0.03984209522604942, 0.007416698150336742, -0.9991784691810608, 1.5550212860107422], [-0.3552233874797821, -0.934543251991272, -0.02110140770673752, -0.0950927734375], [0.0, 0.0, 0.0, 1.0]]], "view": [[0.0, -2.0, 100.0], [-2.0, 0.0, 100.0], [0.0, 0.0, 1.0]], "bev": "bev_993d6070923e4213b5c274b14080087f.png", "aux": "aux_993d6070923e4213b5c274b14080087f.npz", "visibility": "visibility_993d6070923e4213b5c274b14080087f.png", "pose": [[-0.6517695188522339, -0.7584170699119568, 0.0, 671.52783203125], [0.7584170699119568, -0.6517695188522339, 0.0, 1804.650146484375], [0.0, 0.0, 1.0, 0.0], [0.0, 0.0, 0.0, 1.0]], "pose_inverse": [[-0.6517695188522339, 0.7584170699119568, 0.0, -930.9961547851562], [-0.7584170699119568, -0.6517695188522339, 0.0, 1685.51416015625], [0.0, 0.0, 1.0, 0.0], [0.0, 0.0, 0.0, 1.0]], "cam_ids": [0, 1, 2, 3, 4, 5], "cam_channels": ["CAM_FRONT_LEFT", "CAM_FRONT", "CAM_FRONT_RIGHT", "CAM_BACK_LEFT", "CAM_BACK", "CAM_BACK_RIGHT"], "token": "993d6070923e4213b5c274b14080087f", "scene": "scene-0420"}, {"images": ["samples/CAM_FRONT_LEFT/n015-2018-10-08-15-52-24+0800__CAM_FRONT_LEFT__1538985154654844.jpg", "samples/CAM_FRONT/n015-2018-10-08-15-52-24+0800__CAM_FRONT__1538985154662651.jpg", "samples/CAM_FRONT_RIGHT/n015-2018-10-08-15-52-24+0800__CAM_FRONT_RIGHT__1538985154670339.jpg", "samples/CAM_BACK_LEFT/n015-2018-10-08-15-52-24+0800__CAM_BACK_LEFT__1538985154697423.jpg", "samples/CAM_BACK/n015-2018-10-08-15-52-24+0800__CAM_BACK__1538985154687525.jpg", "samples/CAM_BACK_RIGHT/n015-2018-10-08-15-52-24+0800__CAM_BACK_RIGHT__1538985154677893.jpg"], "intrinsics": [[[1272.5979470598488, 0.0, 826.6154927353808], [0.0, 1272.5979470598488, 479.75165386361925], [0.0, 0.0, 1.0]], [[1266.417203046554, 0.0, 816.2670197447984], [0.0, 1266.417203046554, 491.50706579294757], [0.0, 0.0, 1.0]], [[1260.8474446004698, 0.0, 807.968244525554], [0.0, 1260.8474446004698, 495.3344268742088], [0.0, 0.0, 1.0]], [[1256.7414812095406, 0.0, 792.1125740759628], [0.0, 1256.7414812095406, 492.7757465151356], [0.0, 0.0, 1.0]], [[809.2209905677063, 0.0, 829.2196003259838], [0.0, 809.2209905677063, 481.77842384512485], [0.0, 0.0, 1.0]], [[1259.5137405846733, 0.0, 807.2529053838625], [0.0, 1259.5137405846733, 501.19579884916527], [0.0, 0.0, 1.0]]], "extrinsics": [[[0.8194195032119751, -0.5728746056556702, 0.01913786493241787, -0.79443359375], [0.02510232850909233, 0.0025093848817050457, -0.9996817111968994, 1.513437271118164], [0.5726441740989685, 0.8196390867233276, 0.016436727717518806, -1.16326904296875], [0.0, 0.0, 0.0, 1.0]], [[0.0040796673856675625, -0.9999905228614807, 0.0015340859536081553, 0.0072021484375], [0.019889893010258675, -0.0014526498271152377, -0.9998011589050293, 1.523904800415039], [0.9997937679290771, 0.004109384026378393, 0.01988377794623375, -1.52294921875], [0.0, 0.0, 0.0, 1.0]], [[-0.8330889940261841, -0.5523191094398499, -0.030103465542197227, 0.9225006103515625], [0.025613613426685333, 0.01584480330348015, -0.9995462894439697, 1.507021427154541], [0.5525455474853516, -0.8334821462631226, 0.0009467560448683798, -1.1744384765625], [0.0, 0.0, 0.0, 1.0]], [[0.9473143219947815, 0.31906476616859436, 0.028165366500616074, -1.138763427734375], [0.03449288010597229, -0.014197218231856823, -0.9993040561676025, 1.5886878967285156], [-0.31844285130500793, 0.947626531124115, -0.024454690515995026, -0.105224609375], [0.0, 0.0, 0.0, 1.0]], [[0.0028813579119741917, 0.9999867677688599, -0.004255999810993671, 0.0025634765625], [0.009008629247546196, -0.004281801171600819, -0.9999502897262573, 1.5798110961914062], [-0.9999552965164185, 0.0028428714722394943, -0.0090208500623703, -0.0484619140625], [0.0, 0.0, 0.0, 1.0]], [[-0.9338950514793396, 0.355834037065506, -0.03495875373482704, 1.0460205078125], [0.041558366268873215, 0.01091712899506092, -0.9990764260292053, 1.5554447174072266], [-0.35512372851371765, -0.9344854354858398, -0.02498333714902401, -0.0970458984375], [0.0, 0.0, 0.0, 1.0]]], "view": [[0.0, -2.0, 100.0], [-2.0, 0.0, 100.0], [0.0, 0.0, 1.0]], "bev": "bev_bceb10ef90e747c7b4e57e26ddbe4583.png", "aux": "aux_bceb10ef90e747c7b4e57e26ddbe4583.npz", "visibility": "visibility_bceb10ef90e747c7b4e57e26ddbe4583.png", "pose": [[-0.669645369052887, -0.7426809668540955, 0.0, 669.9833374023438], [0.7426809668540955, -0.669645369052887, 0.0, 1806.4212646484375], [0.0, 0.0, 1.0, 0.0], [0.0, 0.0, 0.0, 1.0]], "pose_inverse": [[-0.669645369052887, 0.7426809668540955, 0.0, -892.9434814453125], [-0.7426809668540955, -0.669645369052887, 0.0, 1707.24560546875], [0.0, 0.0, 1.0, 0.0], [0.0, 0.0, 0.0, 1.0]], "cam_ids": [0, 1, 2, 3, 4, 5], "cam_channels": ["CAM_FRONT_LEFT", "CAM_FRONT", "CAM_FRONT_RIGHT", "CAM_BACK_LEFT", "CAM_BACK", "CAM_BACK_RIGHT"], "token": "bceb10ef90e747c7b4e57e26ddbe4583", "scene": "scene-0420"}, {"images": ["samples/CAM_FRONT_LEFT/n015-2018-10-08-15-52-24+0800__CAM_FRONT_LEFT__1538985155154844.jpg", "samples/CAM_FRONT/n015-2018-10-08-15-52-24+0800__CAM_FRONT__1538985155163231.jpg", "samples/CAM_FRONT_RIGHT/n015-2018-10-08-15-52-24+0800__CAM_FRONT_RIGHT__1538985155170339.jpg", "samples/CAM_BACK_LEFT/n015-2018-10-08-15-52-24+0800__CAM_BACK_LEFT__1538985155197452.jpg", "samples/CAM_BACK/n015-2018-10-08-15-52-24+0800__CAM_BACK__1538985155187525.jpg", "samples/CAM_BACK_RIGHT/n015-2018-10-08-15-52-24+0800__CAM_BACK_RIGHT__1538985155177893.jpg"], "intrinsics": [[[1272.5979470598488, 0.0, 826.6154927353808], [0.0, 1272.5979470598488, 479.75165386361925], [0.0, 0.0, 1.0]], [[1266.417203046554, 0.0, 816.2670197447984], [0.0, 1266.417203046554, 491.50706579294757], [0.0, 0.0, 1.0]], [[1260.8474446004698, 0.0, 807.968244525554], [0.0, 1260.8474446004698, 495.3344268742088], [0.0, 0.0, 1.0]], [[1256.7414812095406, 0.0, 792.1125740759628], [0.0, 1256.7414812095406, 492.7757465151356], [0.0, 0.0, 1.0]], [[809.2209905677063, 0.0, 829.2196003259838], [0.0, 809.2209905677063, 481.77842384512485], [0.0, 0.0, 1.0]], [[1259.5137405846733, 0.0, 807.2529053838625], [0.0, 1259.5137405846733, 501.19579884916527], [0.0, 0.0, 1.0]]], "extrinsics": [[[0.8198188543319702, -0.5722882151603699, 0.019578630104660988, -0.778564453125], [0.025669826194643974, 0.0025729944463819265, -0.9996671676635742, 1.5140132904052734], [0.5720474123954773, 0.8200485706329346, 0.01679992862045765, -1.15447998046875], [0.0, 0.0, 0.0, 1.0]], [[0.004688619170337915, -0.9999878406524658, 0.001507488777860999, 0.0086669921875], [0.02037559635937214, -0.0014116589445620775, -0.9997913837432861, 1.5242252349853516], [0.9997813701629639, 0.00471836281940341, 0.020368726924061775, -1.511474609375], [0.0, 0.0, 0.0, 1.0]], [[-0.8328205943107605, -0.5527059435844421, -0.03042939305305481, 0.9136199951171875], [0.02600705623626709, 0.015842178836464882, -0.9995361566543579, 1.5073513984680176], [0.5529316663742065, -0.8332257270812988, 0.0011805635876953602, -1.1673583984375], [0.0, 0.0, 0.0, 1.0]], [[0.9472583532333374, 0.31922265887260437, 0.028258919715881348, -1.1400146484375], [0.034685101360082626, -0.01446260791271925, -0.9992936253547668, 1.5886459350585938], [-0.3185884952545166, 0.9475693702697754, -0.024772096425294876, -0.10498046875], [0.0, 0.0, 0.0, 1.0]], [[0.0026795126032084227, 0.9999866485595703, -0.004420867655426264, 0.001953125], [0.009263127110898495, -0.004445514176040888, -0.9999472498893738