[{"images": ["samples/CAM_FRONT_LEFT/n015-2018-11-21-19-21-35+0800__CAM_FRONT_LEFT__1542799622104844.jpg", "samples/CAM_FRONT/n015-2018-11-21-19-21-35+0800__CAM_FRONT__1542799622112460.jpg", "samples/CAM_FRONT_RIGHT/n015-2018-11-21-19-21-35+0800__CAM_FRONT_RIGHT__1542799622120339.jpg", "samples/CAM_BACK_LEFT/n015-2018-11-21-19-21-35+0800__CAM_BACK_LEFT__1542799622147423.jpg", "samples/CAM_BACK/n015-2018-11-21-19-21-35+0800__CAM_BACK__1542799622137525.jpg", "samples/CAM_BACK_RIGHT/n015-2018-11-21-19-21-35+0800__CAM_BACK_RIGHT__1542799622127893.jpg"], "intrinsics": [[[1272.5979470598488, 0.0, 826.6154927353808], [0.0, 1272.5979470598488, 479.75165386361925], [0.0, 0.0, 1.0]], [[1266.417203046554, 0.0, 816.2670197447984], [0.0, 1266.417203046554, 491.50706579294757], [0.0, 0.0, 1.0]], [[1260.8474446004698, 0.0, 807.968244525554], [0.0, 1260.8474446004698, 495.3344268742088], [0.0, 0.0, 1.0]], [[1256.7414812095406, 0.0, 792.1125740759628], [0.0, 1256.7414812095406, 492.7757465151356], [0.0, 0.0, 1.0]], [[809.2209905677063, 0.0, 829.2196003259838], [0.0, 809.2209905677063, 481.77842384512485], [0.0, 0.0, 1.0]], [[1259.5137405846733, 0.0, 807.2529053838625], [0.0, 1259.5137405846733, 501.19579884916527], [0.0, 0.0, 1.0]]], "extrinsics": [[[0.8133513927459717, -0.5815297961235046, 0.016811592504382133, -0.8505859375], [0.022320346906781197, 0.0023161766584962606, -0.999748170375824, 1.5113601684570312], [0.5813443660736084, 0.8135218024253845, 0.014863812364637852, -1.200439453125], [0.0, 0.0, 0.0, 1.0]], [[-0.004558428656309843, -0.9999881386756897, 0.001682025846093893, 0.006103515625], [0.01698126643896103, -0.0017592088552191854, -0.9998542666435242, 1.522481918334961], [0.9998453855514526, -0.0045291949063539505, 0.016989082098007202, -1.57757568359375], [0.0, 0.0, 0.0, 1.0]], [[-0.8368647694587708, -0.5467222929000854, -0.02742224559187889, 0.959228515625], [0.022746073082089424, 0.015321384184062481, -0.9996238350868225, 1.5056304931640625], [0.5469368696212769, -0.8371737599372864, -0.00038614109507761896, -1.199462890625], [0.0, 0.0, 0.0, 1.0]], [[0.9473507404327393, 0.3192252218723297, 0.024935295805335045, -1.141265869140625], [0.03142929449677467, -0.01520705595612526, -0.9993902444839478, 1.5886154174804688], [-0.31865137815475464, 0.9475568532943726, -0.024439439177513123, -0.10546875], [0.0, 0.0, 0.0, 1.0]], [[0.0053306398913264275, 0.9999728798866272, -0.0050825085490942, 0.001953125], [0.005927690304815769, -0.005114089231938124, -0.9999693632125854, 1.5795516967773438], [-0.9999682307243347, 0.005300362594425678, -0.005954790860414505, -0.030517578125], [0.0, 0.0, 0.0, 1.0]], [[-0.9322476387023926, 0.360372930765152, -0.032335229218006134, 1.0770263671875], [0.038579437881708145, 0.010145318694412708, -0.9992040395736694, 1.5538806915283203], [-0.35975804924964905, -0.9327531456947327, -0.02336093783378601, -0.085693359375], [0.0, 0.0, 0.0, 1.0]]], "view": [[0.0, -2.0, 100.0], [-2.0, 0.0, 100.0], [0.0, 0.0, 1.0]], "bev": "bev_b58985f7ddc2454d95cb84a65d1fe9fe.png", "aux": "aux_b58985f7ddc2454d95cb84a65d1fe9fe.npz", "visibility": "visibility_b58985f7ddc2454d95cb84a65d1fe9fe.png", "pose": [[-0.8392089605331421, -0.5438090562820435, 0.0, 1167.8192138671875], [0.5438090562820435, -0.8392089605331421, 0.0, 2834.14794921875], [0.0, 0.0, 1.0, 0.0], [0.0, 0.0, 0.0, 1.0]], "pose_inverse": [[-0.8392089605331421, 0.5438090562820435, 0.0, -561.19091796875], [-0.5438090562820435, -0.8392089605331421, 0.0, 3013.51318359375], [0.0, 0.0, 1.0, 0.0], [0.0, 0.0, 0.0, 1.0]], "cam_ids": [0, 1, 2, 3, 4, 5], "cam_channels": ["CAM_FRONT_LEFT", "CAM_FRONT", "CAM_FRONT_RIGHT", "CAM_BACK_LEFT", "CAM_BACK", "CAM_BACK_RIGHT"], "token": "b58985f7ddc2454d95cb84a65d1fe9fe", "scene": "scene-1069"}, {"images": ["samples/CAM_FRONT_LEFT/n015-2018-11-21-19-21-35+0800__CAM_FRONT_LEFT__1542799622604854.jpg", "samples/CAM_FRONT/n015-2018-11-21-19-21-35+0800__CAM_FRONT__1542799622612460.jpg", "samples/CAM_FRONT_RIGHT/n015-2018-11-21-19-21-35+0800__CAM_FRONT_RIGHT__1542799622620339.jpg", "samples/CAM_BACK_LEFT/n015-2018-11-21-19-21-35+0800__CAM_BACK_LEFT__1542799622647423.jpg", "samples/CAM_BACK/n015-2018-11-21-19-21-35+0800__CAM_BACK__1542799622637525.jpg", "samples/CAM_BACK_RIGHT/n015-2018-11-21-19-21-35+0800__CAM_BACK_RIGHT__1542799622627893.jpg"], "intrinsics": [[[1272.5979470598488, 0.0, 826.6154927353808], [0.0, 1272.5979470598488, 479.75165386361925], [0.0, 0.0, 1.0]], [[1266.417203046554, 0.0, 816.2670197447984], [0.0, 1266.417203046554, 491.50706579294757], [0.0, 0.0, 1.0]], [[1260.8474446004698, 0.0, 807.968244525554], [0.0, 1260.8474446004698, 495.3344268742088], [0.0, 0.0, 1.0]], [[1256.7414812095406, 0.0, 792.1125740759628], [0.0, 1256.7414812095406, 492.7757465151356], [0.0, 0.0, 1.0]], [[809.2209905677063, 0.0, 829.2196003259838], [0.0, 809.2209905677063, 481.77842384512485], [0.0, 0.0, 1.0]], [[1259.5137405846733, 0.0, 807.2529053838625], [0.0, 1259.5137405846733, 501.19579884916527], [0.0, 0.0, 1.0]]], "extrinsics": [[[0.8102118372917175, -0.5859457850456238, 0.014975477010011673, -0.8427734375], [0.02279713749885559, 0.005971870850771666, -0.9997222423553467, 1.5116081237792969], [0.5856936573982239, 0.8103283047676086, 0.018196366727352142, -1.196533203125], [0.0, 0.0, 0.0, 1.0]], [[-0.008932387456297874, -0.9999570846557617, -0.0024700744543224573, 0.007080078125], [0.017328960821032524, 0.0023150069173425436, -0.9998471736907959, 1.5226354598999023], [0.9998099207878113, -0.008973842486739159, 0.01730753853917122, -1.5706558227539062], [0.0, 0.0, 0.0, 1.0]], [[-0.8387317657470703, -0.5437126755714417, -0.03008979931473732, 0.9556884765625], [0.023039326071739197, 0.019775351509451866, -0.9995388984680176, 1.5057373046875], [0.5440570116043091, -0.8390383720397949, -0.0040594409219920635, -1.19677734375], [0.0, 0.0, 0.0, 1.0]], [[0.9472543001174927, 0.31938841938972473, 0.02646542899310589, -1.14642333984375], [0.031194273382425308, -0.009698545560240746, -0.9994663000106812, 1.5884227752685547], [-0.3189612329006195, 0.9475743174552917, -0.019150076434016228, -0.1025390625], [0.0, 0.0, 0.0, 1.0]], [[0.006570901721715927, 0.9999784231185913, 3.47545174008701e-05, 0.00244140625], [0.005872397217899561, -3.831978574453387e-06, -0.9999827742576599, 1.579543113708496], [-0.9999611377716064, 0.006570976693183184, -0.005872294306755066, -0.030200958251953125], [0.0, 0.0, 0.0, 1.0]], [[-0.931324303150177, 0.36289337277412415, -0.030714966356754303, 1.074462890625], [0.038723837584257126, 0.014813981018960476, -0.9991401433944702, 1.553985595703125], [-0.36212632060050964, -0.9317129850387573, -0.027849245816469193, -0.08642578125], [0.0, 0.0, 0.0, 1.0]]], "view": [[0.0, -2.0, 100.0], [-2.0, 0.0, 100.0], [0.0, 0.0, 1.0]], "bev": "bev_d475ca96e672440885e6920f92a7b55b.png", "aux": "aux_d475ca96e672440885e6920f92a7b55b.npz", "visibility": "visibility_d475ca96e672440885e6920f92a7b55b.png", "pose": [[-0.9251025319099426, -0.3797174096107483, 0.0, 1166.3070068359375], [0.3797174096107483, -0.9251025319099426, 0.0, 2834.953125], [0.0, 0.0, 1.0, 0.0], [0.0, 0.0, 0.0, 1.0]], "pose_inverse": [[-0.9251025319099426, 0.3797174096107483, 0.0, 2.472491502761841], [-0.3797174096107483, -0.9251025319099426, 0.0, 3065.489501953125], [0.0, 0.0, 1.0, 0.0], [0.0, 0.0, 0.0, 1.0]], "cam_ids": [0, 1, 2, 3, 4, 5], "cam_channels": ["CAM_FRONT_LEFT", "CAM_FRONT", "CAM_FRONT_RIGHT", "CAM_BACK_LEFT", "CAM_BACK", "CAM_BACK_RIGHT"], "token": "d475ca96e672440885e6920f92a7b55b", "scene": "scene-1069"}, {"images": ["samples/CAM_FRONT_LEFT/n015-2018-11-21-19-21-35+0800__CAM_FRONT_LEFT__1542799623104844.jpg", "samples/CAM_FRONT/n015-2018-11-21-19-21-35+0800__CAM_FRONT__1542799623112460.jpg", "samples/CAM_FRONT_RIGHT/n015-2018-11-21-19-21-35+0800__CAM_FRONT_RIGHT__1542799623120339.jpg", "samples/CAM_BACK_LEFT/n015-2018-11-21-19-21-35+0800__CAM_BACK_LEFT__1542799623147423.jpg", "samples/CAM_BACK/n015-2018-11-21-19-21-35+0800__CAM_BACK__1542799623137525.jpg", "samples/CAM_BACK_RIGHT/n015-2018-11-21-19-21-35+0800__CAM_BACK_RIGHT__1542799623127893.jpg"], "intrinsics": [[[1272.5979470598488, 0.0, 826.6154927353808], [0.0, 1272.5979470598488, 479.75165386361925], [0.0, 0.0, 1.0]], [[1266.417203046554, 0.0, 816.2670197447984], [0.0, 1266.417203046554, 491.50706579294757], [0.0, 0.0, 1.0]], [[1260.8474446004698, 0.0, 807.968244525554], [0.0, 1260.8474446004698, 495.3344268742088], [0.0, 0.0, 1.0]], [[1256.7414812095406, 0.0, 792.1125740759628], [0.0, 1256.7414812095406, 492.7757465151356], [0.0, 0.0, 1.0]], [[809.2209905677063, 0.0, 829.2196003259838], [0.0, 809.2209905677063, 481.77842384512485], [0.0, 0.0, 1.0]], [[1259.5137405846733, 0.0, 807.2529053838625], [0.0, 1259.5137405846733, 501.19579884916527], [0.0, 0.0, 1.0]]], "extrinsics": [[[0.8090030550956726, -0.58762526512146, 0.014508292078971863, -0.84912109375], [0.02397191897034645, 0.008321183733642101, -0.9996780157089233, 1.5116157531738281], [0.5873152613639832, 0.8090903759002686, 0.020818369463086128, -1.19921875], [0.0, 0.0, 0.0, 1.0]], [[-0.010549360886216164, -0.9999332427978516, -0.004715535324066877, 0.005615234375], [0.01848224177956581, 0.004520007409155369, -0.9998189806938171, 1.5226554870605469], [0.9997735023498535, -0.01063461136072874, 0.01843332313001156, -1.57708740234375], [0.0, 0.0, 0.0, 1.0]], [[-0.8393755555152893, -0.5425992608070374, -0.03216512128710747, 0.9599609375], [0.024201415479183197, 0.021809779107570648, -0.9994691014289856, 1.5057373046875], [0.5430127382278442, -0.8397085070610046, -0.0051749288104474545, -1.20166015625], [0.0, 0.0, 0.0, 1.0]], [[0.9471860527992249, 0.3194828927516937, 0.02773265168070793, -1.1495361328125], [0.03204965963959694, -0.008261896669864655, -0.9994521141052246, 1.5882740020751953], [-0.3190787136554718, 0.9475559592247009, -0.018064873293042183, -0.099609375], [0.0, 0.0, 0.0, 1.0]], [[0.0069926101714372635, 0.9999740719795227, 0.0017004257533699274, 0.004150390625], [0.006894968915730715, 0.0016522121150046587, -0.9999748468399048, 1.5795488357543945], [-0.9999517202377319, 0.0070041571743786335, -0.006883236579596996, -0.0257568359375], [0.0, 0.0, 0.0, 1.0]], [[-0.9309572577476501, 0.36380380392074585, -0.031069036573171616, 1.080047607421875], [0.039844077080488205, 0.01663828454911709, -0.9990673661231995, 1.5538787841796875], [-0.36294758319854736, -0.9313269853591919, -0.029984958469867706, -0.08642578125], [0.0, 0.0, 0.0, 1.0]]], "view": [[0.0, -2.0, 100.0], [-2.0, 0.0, 100.0], [0.0, 0.0, 1.0]], "bev": "bev_b8aa35510eae475f98cdbdf67e8531da.png", "aux": "aux_b8aa35510eae475f98cdbdf67e8531da.npz", "visibility": "visibility_b8aa35510eae475f98cdbdf67e8531da.png", "pose": [[-0.9884932041168213, -0.15126514434814453, 0.0, 1164.6131591796875], [0.15126514434814453, -0.9884932041168213, 0.0, 2835.449951171875], [0.0, 0.0, 1.0, 0.0], [0.0, 0.0, 0.0, 1.0]], "pose_inverse": [[-0.9884932041168213, 0.15126514434814453, 0.0, 722.3074951171875], [-0.15126514434814453, -0.9884932041168213, 0.0, 2978.988525390625], [0.0, 0.0, 1.0, 0.0], [0.0, 0.0, 0.0, 1.0]], "cam_ids": [0, 1, 2, 3, 4, 5], "cam_channels": ["CAM_FRONT_LEFT", "CAM_FRONT", "CAM_FRONT_RIGHT", "CAM_BACK_LEFT", "CAM_BACK", "CAM_BACK_RIGHT"], "token": "b8aa35510eae475f98cdbdf67e8531da", "scene": "scene-1069"}, {"images": ["samples/CAM_FRONT_LEFT/n015-2018-11-21-19-21-35+0800__CAM_FRONT_LEFT__1542799623604844.jpg", "samples/CAM_FRONT/n015-2018-11-21-19-21-35+0800__CAM_FRONT__1542799623612460.jpg", "samples/CAM_FRONT_RIGHT/n015-2018-11-21-19-21-35+0800__CAM_FRONT_RIGHT__1542799623620339.jpg", "samples/CAM_BACK_LEFT/n015-2018-11-21-19-21-35+0800__CAM_BACK_LEFT__1542799623647423.jpg", "samples/CAM_BACK/n015-2018-11-21-19-21-35+0800__CAM_BACK__1542799623637525.jpg", "samples/CAM_BACK_RIGHT/n015-2018-11-21-19-21-35+0800__CAM_BACK_RIGHT__1542799623627893.jpg"], "intrinsics": [[[1272.5979470598488, 0.0, 826.6154927353808], [0.0, 1272.5979470598488, 479.75165386361925], [0.0, 0.0, 1.0]], [[1266.417203046554, 0.0, 816.2670197447984], [0.0, 1266.417203046554, 491.50706579294757], [0.0, 0.0, 1.0]], [[1260.8474446004698, 0.0, 807.968244525554], [0.0, 1260.8474446004698, 495.3344268742088], [0.0, 0.0, 1.0]], [[1256.7414812095406, 0.0, 792.1125740759628], [0.0, 1256.7414812095406, 492.7757465151356], [0.0, 0.0, 1.0]], [[809.2209905677063, 0.0, 829.2196003259838], [0.0, 809.2209905677063, 481.77842384512485], [0.0, 0.0, 1.0]], [[1259.5137405846733, 0.0, 807.2529053838625], [0.0, 1259.5137405846733, 501.19579884916527], [0.0, 0.0, 1.0]]], "extrinsics": [[[0.8069441318511963, -0.5905788540840149, 0.007595316972583532, -0.847930908203125], [0.01089533045887947, 0.002026948146522045, -0.9999386072158813, 1.5098552703857422], [0.5905271768569946, 0.806977391242981, 0.008070185780525208, -1.191162109375], [0.0, 0.0, 0.0, 1.0]], [[-0.013621626421809196, -0.9999054670333862, 0.0018631296698004007, 0.00048828125], [0.005368368234485388, -0.0019364083418622613, -0.9999837279319763, 1.5211725234985352], [0.9998928308486938, -0.01361140701919794, 0.005394237115979195, -1.572265625], [0.0, 0.0, 0.0, 1.0]], [[-0.8410202860832214, -0.5407190322875977, -0.017541518434882164, 0.953369140625], [0.011109947226941586, 0.01515524834394455, -0.9998233914375305, 1.5047225952148438], [0.540889322757721, -0.8410666584968567, -0.006738512311130762, -1.2042236328125], [0.0, 0.0, 0.0, 1.0]], [[0.947540819644928, 0.3193585276603699, 0.013285091146826744, -1.147216796875], [0.019163144752383232, -0.015270483680069447, -0.9996997117996216, 1.5883359909057617], [-0.3190597593784332, 0.9475108981132507, -0.020589319989085197, -0.09619140625], [0.0, 0.0, 0.0, 1.0]], [[0.008040753193199635, 0.999954342842102, -0.005174628458917141, 0.008056640625], [-0.006165372673422098, -0.005125122144818306, -0.9999678730964661, 1.5791511535644531], [-0.9999487400054932, 0.008072401396930218, 0.006123879458755255, -0.0274658203125], [0.0, 0.0, 0.0, 1.0]], [[-0.9306314587593079, 0.365339994430542, -0.021258600056171417, 1.079376220703125], [0.0267464742064476, 0.009966514073312283, -0.9995925426483154, 1.5531997680664062], [-0.36497926712036133, -0.9308208227157593, -0.019046708941459656, -0.091796875], [0.0, 0.0, 0.0, 1.0]]], "view": [[0.0, -2.0, 100.0], [-2.0, 0.0, 100.0], [0.0, 0.0, 1.0]], "bev": "bev_1eeeb68791084aa7b2e5d05223796e1e.png", "aux": "aux_1eeeb68791084aa7b2e5d05223796e1e.npz", "visibility": "visibility_1eeeb68791084aa7b2e5d05223796e1e.png", "pose": [[-0.9922581315040588, 0.12419262528419495, 0.0, 1162.7955322265625], [-0.12419262528419495, -0.9922581315040588, 0.0, 2835.497802734375], [0.0, 0.0, 1.0, 0.0], [0.0, 0.0, 0.0, 1.0]], "pose_inverse": [[-0.9922581315040588, -0.12419262528419495, 0.0, 1505.9412841796875], [0.12419262528419495, -0.9922581315040588, 0.0, 2669.135009765625], [0.0, 0.0, 1.0, 0.0], [0.0, 0.0, 0.0, 1.0]], "cam_ids": [0, 1, 2, 3, 4, 5], "cam_channels": ["CAM_FRONT_LEFT", "CAM_FRONT", "CAM_FRONT_RIGHT", "CAM_BACK_LEFT", "CAM_BACK", "CAM_BACK_RIGHT"], "token": "1eeeb68791084aa7b2e5d05223796e1e", "scene": "scene-1069"}, {"images": ["samples/CAM_FRONT_LEFT/n015-2018-11-21-19-21-35+0800__CAM_FRONT_LEFT__1542799624104844.jpg", "samples/CAM_FRONT/n015-2018-11-21-19-21-35+0800__CAM_FRONT__1542799624112460.jpg", "samples/CAM_FRONT_RIGHT/n015-2018-11-21-19-21-35+0800__CAM_FRONT_RIGHT__1542799624120339.jpg", "samples/CAM_BACK_LEFT/n015-2018-11-21-19-21-35+0800__CAM_BACK_LEFT__1542799624147423.jpg", "samples/CAM_BACK/n015-2018-11-21-19-21-35+0800__CAM_BACK__1542799624137525.jpg", "samples/CAM_BACK_RIGHT/n015-2018-11-21-19-21-35+0800__CAM_BACK_RIGHT__1542799624127893.jpg"], "intrinsics": [[[1272.5979470598488, 0.0, 826.6154927353808], [0.0, 1272.5979470598488, 479.75165386361925], [0.0, 0.0, 1.0]], [[1266.417203046554, 0.0, 816.2670197447984], [0.0, 1266.417203046554, 491.50706579294757], [0.0, 0.0, 1.0]], [[1260.8474446004698, 0.0, 807.968244525554], [0.0, 1260.8474446004698, 495.3344268742088], [0.0, 0.0, 1.0]], [[1256.7414812095406, 0.0, 792.1125740759628], [0.0, 1256.7414812095406, 492.7757465151356], [0.0, 0.0, 1.0]], [[809.2209905677063, 0.0, 829.2196003259838], [0.0, 809.2209905677063, 481.77842384512485], [0.0, 0.0, 1.0]], [[1259.5137405846733, 0.0, 807.2529053838625], [0.0, 1259.5137405846733, 501.19579884916527], [0.0, 0.0, 1.0]]], "extrinsics": [[[0.8059549331665039, -0.5919632315635681, 0.004019281826913357, -0.83624267578125], [0.007696058135479689, 0.0036886425223201513, -0.9999635815620422, 1.5095500946044922], [0.5919268727302551, 0.8059564828872681, 0.0075286636129021645, -1.176025390625], [0.0, 0.0, 0.0, 1.0]], [[-0.014955982565879822, -0.9998881220817566, 0.00013048239634372294, -0.00439453125], [0.00229356880299747, -0.00016480301565025002, -0.9999973773956299, 1.5208420753479004], [0.9998854398727417, -0.014955606311559677, 0.0022957762703299522, -1.55712890625], [0.0, 0.0, 0.0, 1.0]], [[-0.8416227102279663, -0.5398261547088623, -0.016086069867014885, 0.940185546875], [0.008188591338694096, 0.017026763409376144, -0.9998214840888977, 1.5046501159667969], [0.5400038361549377, -0.8416041731834412, -0.009909694083034992, -1.2017822265625], [0.0, 0.0, 0.0, 1.0]], [[0.9474652409553528, 0.3196546733379364, 0.011416773311793804, -1.145751953125], [0.016573060303926468, -0.013415169902145863, -0.9997726082801819, 1.5882930755615234], [-0.31942880153656006, 0.9474390745162964, -0.018008066341280937, -0.0916748046875], [0.0, 0.0, 0.0, 1.0]], [[0.008292173035442829, 0.9999600648880005, -0.0033323653042316437, 0.01318359375], [-0.008867798373103142, -0.0032588134054094553, -0.9999553561210632, 1.5790176391601562], [-0.9999262690544128, 0.008321362547576427, 0.008840421214699745, -0.0322265625], [0.0, 0.0, 0.0, 1.0]], [[-0.930419385433197, 0.3660570979118347, -0.017943894490599632, 1.0726318359375], [0.02392754890024662, 0.011815505102276802, -0.999643862247467, 1.5533218383789062], [-0.3657146990299225, -0.9305174350738525, -0.019752224907279015, -0.10009765625], [0.0, 0.0, 0.0, 1.0]]], "view": [[0.0, -2.0, 100.0], [-2.0, 0.0, 100.0], [0.0, 0.0, 1.0]], "bev": "bev_ae52c4af95674bdc900000c161a5d95d.png", "aux": "aux_ae52c4af95674bdc900000c161a5d95d.npz", "visibility": "visibility_ae52c4af95674bdc900000c161a5d95d.png", "pose": [[-0.9131348133087158, 0.407657653093338, 0.0, 1160.9732666015625], [-0.407657653093338, -0.9131348133087158, 0.0, 2835.0009765625], [0.0, 0.0, 1.0, 0.0], [0.0, 0.0, 0.0, 1.0]], "pose_inverse": [[-0.9131348133087158, -0.407657653093338, 0.0, 2215.8349609375], [0.407657653093338, -0.9131348133087158, 0.0, 2115.45849609375], [0.0, 0.0, 1.0, 0.0], [0.0, 0.0, 0.0, 1.0]], "cam_ids": [0, 1, 2, 3, 4, 5], "cam_channels": ["CAM_FRONT_LEFT", "CAM_FRONT", "CAM_FRONT_RIGHT", "CAM_BACK_LEFT", "CAM_BACK", "CAM_BACK_RIGHT"], "token": "ae52c4af95674bdc900000c161a5d95d", "scene": "scene-1069"}, {"images": ["samples/CAM_FRONT_LEFT/n015-2018-11-21-19-21-35+0800__CAM_FRONT_LEFT__1542799624604844.jpg", "samples/CAM_FRONT/n015-2018-11-21-19-21-35+0800__CAM_FRONT__1542799624612460.jpg", "samples/CAM_FRONT_RIGHT/n015-2018-11-21-19-21-35+0800__CAM_FRONT_RIGHT__1542799624620339.jpg", "samples/CAM_BACK_LEFT/n015-2018-11-21-19-21-35+0800__CAM_BACK_LEFT__1542799624647423.jpg", "samples/CAM_BACK/n015-2018-11-21-19-21-35+0800__CAM_BACK__1542799624637525.jpg", "samples/CAM_BACK_RIGHT/n015-2018-11-21-19-21-35+0800__CAM_BACK_RIGHT__1542799624627893.jpg"], "intrinsics": [[[1272.5979470598488, 0.0, 826.6154927353808], [0.0, 1272.5979470598488, 479.75165386361925], [0.0, 0.0, 1.0]], [[1266.417203046554, 0.0, 816.2670197447984], [0.0, 1266.417203046554, 491.50706579294757], [0.0, 0.0, 1.0]], [[1260.8474446004698, 0.0, 807.968244525554], [0.0, 1260.8474446004698, 495.3344268742088], [0.0, 0.0, 1.0]], [[1256.7414812095406, 0.0, 792.1125740759628], [0.0, 1256.7414812095406, 492.7757465151356], [0.0, 0.0, 1.0]], [[809.2209905677063, 0.0, 829.2196003259838], [0.0, 809.2209905677063, 481.77842384512485], [0.0, 0.0, 1.0]], [[1259.5137405846733, 0.0, 807.2529053838625], [0.0, 1259.5137405846733, 501.19579884916527], [0.0, 0.0, 1.0]]], "extrinsics": [[[0.80547696352005, -0.5926254987716675, 0.0013715315144509077, -0.8135986328125], [0.002686736872419715, 0.001337403547950089, -0.9999954700469971, 1.508742332458496], [0.5926209688186646, 0.8054770231246948, 0.0026694764383137226, -1.173095703125], [0.0, 0.0, 0.0, 1.0]], [[-0.01661723479628563, -0.9998588562011719, 0.002456949558109045, 0.005615234375], [-0.0027782253455370665, -0.00241110660135746, -0.9999932646751404, 1.5201187133789062], [0.999858021736145, -0.016623947769403458, -0.002737767295911908, -1.540283203125], [0.0, 0.0, 0.0, 1.0]], [[-0.8430145382881165, -0.537786066532135, -0.010609634220600128, 0.933837890625], [0.0030968503560870886, 0.014871567487716675, -0.9998846054077148, 1.5039901733398438], [0.5378817915916443, -0.842950165271759, -0.010871504433453083, -1.184539794921875], [0.0, 0.0, 0.0, 1.0]], [[0.9494132995605469, 0.3139745593070984, 0.005857366137206554, -1.138671875], [0.011100979521870613, -0.014915425330400467, -0.9998270869255066, 1.5886030197143555], [-0.3138329088687897, 0.9493141770362854, -0.01764632761478424, -0.1053466796875], [0.0, 0.0, 0.0, 1.0]], [[0.012674801982939243, 0.9999068975448608, -0.005066463723778725, 0.00244140625], [-0.014167609624564648, -0.004886778071522713, -0.9998877048492432, 1.5787315368652344], [-0.999819278717041, 0.012745128944516182, 0.014104350470006466, -0.04248046875], [0.0, 0.0, 0.0, 1.0]], [[-0.9293301701545715, 0.36899104714393616, -0.013822173699736595, 1.0574951171875], [0.018769819289445877, 0.009822152554988861, -0.9997755885124207, 1.5530471801757812], [-0.3687725365161896, -0.9293810725212097, -0.01605392061173916, -0.0947265625], [0.0, 0.0, 0.0, 1.0]]], "view": [[0.0, -2.0, 100.0], [-2.0, 0.0, 100.0], [0.0, 0.0, 1.0]], "bev": "bev_c7200859948a4adb90ee4d0155a0105e.png", "aux": "aux_c7200859948a4adb90ee4d0155a0105e.npz", "visibility": "visibility_c7200859948a4adb90ee4d0155a0105e.png", "pose": [[-0.7628653049468994, 0.6465574502944946, 0.0, 1159.199951171875], [-0.6465574502944946, -0.7628653049468994, 0.0, 2833.91259765625], [0.0, 0.0, 1.0, 0.0], [0.0, 0.0, 0.0, 1.0]], "pose_inverse": [[-0.7628653049468994, -0.6465574502944946, 0.0, 2716.6005859375], [0.6465574502944946, -0.7628653049468994, 0.0, 1412.404296875], [0.0, 0.0, 1.0, 0.0], [0.0, 0.0, 0.0, 1.0]], "cam_ids": [0, 1, 2, 3, 4, 5], "cam_channels": ["CAM_FRONT_LEFT", "CAM_FRONT", "CAM_FRONT_RIGHT", "CAM_BACK_LEFT", "CAM_BACK", "CAM_BACK_RIGHT"], "token": "c7200859948a4adb90ee4d0155a0105e", "scene": "scene-1069"}, {"images": ["samples/CAM_FRONT_LEFT/n015-2018-11-21-19-21-35+0800__CAM_FRONT_LEFT__1542799625104844.jpg", "samples/CAM_FRONT/n015-2018-11-21-19-21-35+0800__CAM_FRONT__1542799625112460.jpg", "samples/CAM_FRONT_RIGHT/n015-2018-11-21-19-21-35+0800__CAM_FRONT_RIGHT__1542799625120339.jpg", "samples/CAM_BACK_LEFT/n015-2018-11-21-19-21-35+0800__CAM_BACK_LEFT__1542799625147423.jpg", "samples/CAM_BACK/n015-2018-11-21-19-21-35+0800__CAM_BACK__1542799625137525.jpg", "samples/CAM_BACK_RIGHT/n015-2018-11-21-19-21-35+0800__CAM_BACK_RIGHT__1542799625127893.jpg"], "intrinsics": [[[1272.5979470598488, 0.0, 826.6154927353808], [0.0, 1272.5979470598488, 479.75165386361925], [0.0, 0.0, 1.0]], [[1266.417203046554, 0.0, 816.2670197447984], [0.0, 1266.417203046554, 491.50706579294757], [0.0, 0.0, 1.0]], [[1260.8474446004698, 0.0, 807.968244525554], [0.0, 1260.8474446004698, 495.3344268742088], [0.0, 0.0, 1.0]], [[1256.7414812095406, 0.0, 792.1125740759628], [0.0, 1256.7414812095406, 492.7757465151356], [0.0, 0.0, 1.0]], [[809.2209905677063, 0.0, 829.2196003259838], [0.0, 809.2209905677063, 481.77842384512485], [0.0, 0.0, 1.0]], [[1259.5137405846733, 0.0, 807.2529053838625], [0.0, 1259.5137405846733, 501.19579884916527], [0.0, 0.0, 1.0]]], "extrinsics": [[[0.8128231167793274, -0.5825105309486389, 7.009403816482518e-06, -0.787353515625], [0.0011910020839422941, 0.001649866346269846, -0.9999979734420776, 1.5085067749023438], [0.5825092792510986, 0.8128214478492737, 0.002034821081906557, -1.154052734375], [0.0, 0.0, 0.0, 1.0]], [[-0.005431846249848604, -0.9999823570251465, 0.002399592427536845, 0.0045166015625], [-0.0041588423773646355, -0.002377016469836235, -0.9999885559082031, 1.5197877883911133], [0.9999765753746033, -0.005441829562187195, -0.004145857412368059, -1.512939453125], [0.0, 0.0, 0.0, 1.0]], [[-0.8376761078834534, -0.5460860729217529, -0.009407948702573776, 0.91455078125], [0.0016168629517778754, 0.014745854772627354, -0.9998899102210999, 1.5038776397705078], [0.5461647510528564, -0.8375991582870483, -0.011469305492937565, -1.173095703125], [0.0, 0.0, 0.0, 1.0]], [[0.9477213025093079, 0.319065660238266, 0.004627807531505823, -1.141357421875], [0.0101808225736022, -0.015738412737846375, -0.9998242855072021, 1.5885143280029297], [-0.318936824798584, 0.9476019144058228, -0.018163980916142464, -0.101226806640625], [0.0, 0.0, 0.0, 1.0]], [[0.005640280898660421, 0.9999679327011108, -0.005684608593583107, 0.0050048828125], [-0.015278512611985207, -0.005597859621047974, -0.9998676180839539, 1.5785484313964844], [-0.9998673796653748, 0.005726408679038286, 0.015246449038386345, -0.050048828125], [0.0, 0.0, 0.0, 1.0]], [[-0.9324983954429626, 0.3609478771686554, -0.012780866585671902, 1.0419921875], [0.01742468774318695, 0.0096140056848526, -0.9998019933700562, 1.5532302856445312], [-0.36075353622436523, -0.9325364232063293, -0.015254450030624866, -0.1016845703125], [0.0, 0.0, 0.0, 1.0]]], "view": [[0.0, -2.0, 100.0], [-2.0, 0.0, 100.0], [0.0, 0.0, 1.0]], "bev": "bev_dfde680850a348f79e05d215229b8539.png", "aux": "aux_dfde680850a348f79e05d215229b8539.npz", "visibility": "visibility_dfde680850a348f79e05d215229b8539.png", "pose": [[-0.6191011667251587, 0.785311222076416, 0.0, 1157.55908203125], [-0.785311222076416, -0.6191011667251587, 0.0, 2832.2275390625], [0.0, 0.0, 1.0, 0.0], [0.0, 0.0, 0.0, 1.0]], "pose_inverse": [[-0.6191011667251587, -0.785311222076416, 0.0, 2940.826416015625], [0.785311222076416, -0.6191011667251587, 0.0, 844.3911743164062], [0.0, 0.0, 1.0, 0.0], [0.0, 0.0, 0.0, 1.0]], "cam_ids": [0, 1, 2, 3, 4, 5], "cam_channels": ["CAM_FRONT_LEFT", "CAM_FRONT", "CAM_FRONT_RIGHT", "CAM_BACK_LEFT", "CAM_BACK", "CAM_BACK_RIGHT"], "token": "dfde680850a348f79e05d215229b8539", "scene": "scene-1069"}, {"images": ["samples/CAM_FRONT_LEFT/n015-2018-11-21-19-21-35+0800__CAM_FRONT_LEFT__1542799625604844.jpg", "samples/CAM_FRONT/n015-2018-11-21-19-21-35+0800__CAM_FRONT__1542799625612460.jpg", "samples/CAM_FRONT_RIGHT/n015-2018-11-21-19-21-35+0800__CAM_FRONT_RIGHT__1542799625620339.jpg", "samples/CAM_BACK_LEFT/n015-2018-11-21-19-21-35+0800__CAM_BACK_LEFT__1542799625647423.jpg", "samples/CAM_BACK/n015-2018-11-21-19-21-35+0800__CAM_BACK__1542799625637525.jpg", "samples/CAM_BACK_RIGHT/n015-2018-11-21-19-21-35+0800__CAM_BACK_RIGHT__1542799625627893.jpg"], "intrinsics": [[[1272.5979470598488, 0.0, 826.6154927353808], [0.0, 1272.5979470598488, 479.75165386361925], [0.0, 0.0, 1.0]], [[1266.417203046554, 0.0, 816.2670197447984], [0.0, 1266.417203046554, 491.50706579294757], [0.0, 0.0, 1.0]], [[1260.8474446004698, 0.0, 807.968244525554], [0.0, 1260.8474446004698, 495.3344268742088], [0.0, 0.0, 1.0]], [[1256.7414812095406, 0.0, 792.1125740759628], [0.0, 1256.7414812095406, 492.7757465151356], [0.0, 0.0, 1.0]], [[809.2209905677063, 0.0, 829.2196003259838], [0.0, 809.2209905677063, 481.77842384512485], [0.0, 0.0, 1.0]], [[1259.5137405846733, 0.0, 807.2529053838625], [0.0, 1259.5137405846733, 501.19579884916527], [0.0, 0.0, 1.0]]], "extrinsics": [[[0.8191046118736267, -0.5736402869224548, 0.0021225325763225555, -0.7451171875], [0.0005788065609522164, -0.0028736134991049767, -0.9999957084655762, 1.5084112882614136], [0.5736439228057861, 0.8191022276878357, -0.0020217630080878735, -1.13037109375], [0.0, 0.0, 0.0, 1.0]], [[0.0033929329365491867, -0.9999697804450989, 0.006992937996983528, 0.0084228515625], [-0.004887877497822046, -0.007009479217231274, -0.9999634623527527, 1.5194759368896484], [0.9999822378158569, 0.0033587177749723196, -0.004911512602120638, -1.472412109375], [0.0, 0.0, 0.0, 1.0]], [[-0.8339123725891113, -0.5518633127212524, -0.00607703160494566, 0.889892578125], [0.0006035805563442409, 0.010099218226969242, -0.9999487996101379, 1.5037293434143066], [0.5518963932991028, -0.833873450756073, -0.008088769391179085, -1.152099609375], [0.0, 0.0, 0.0, 1.0]], [[0.947756290435791, 0.318991094827652, 0.0016278930706903338, -1.13671875], [0.008581730537116528, -0.020395223051309586, -0.9997551441192627, 1.5886039733886719], [-0.31887975335121155, 0.9475381374359131, -0.022067196667194366, -0.105560302734375], [0.0, 0.0, 0.0, 1.0]], [[0.0030911786016076803, 0.9999409914016724, -0.010415244847536087, 0.00238037109375], [-0.01659337803721428, -0.01036257017403841, -0.9998086094856262, 1.5782508850097656], [-0.9998575448989868, 0.0032634276431053877, 0.01656036637723446, -0.065185546875], [0.0, 0.0, 0.0, 1.0]], [[-0.934305727481842, 0.35621920228004456, -0.013447226956486702, 1.018310546875], [0.01629604585468769, 0.0049975235015153885, -0.9998547434806824, 1.5535011291503906], [-0.35610026121139526, -0.9343891143798828, -0.010474180802702904, -0.107177734375], [0.0, 0.0, 0.0, 1.0]]], "view": [[0.0, -2.0, 100.0], [-2.0, 0.0, 100.0], [0.0, 0.0, 1.0]], "bev": "bev_7a32eb7937e54e19b1cd7c58ec40f728.png", "aux": "aux_7a32eb7937e54e19b1cd7c58ec40f728.npz", "visibility": "visibility_7a32eb7937e54e19b1cd7c58ec40f728.png", "pose": [[-0.54853355884552, 0.8361285328865051, 0.0, 1155.884765625], [-0.8361285328865051, -0.54853355884552, 0.0, 2829.924072265625], [0.0, 0.0, 1.0, 0.0], [0.0, 0.0, 0.0, 1.0]], "pose_inverse": [[-0.54853355884552, -0.8361285328865051, 0.0, 3000.221923828125], [0.8361285328865051, -0.54853355884552, 0.0, 585.840087890625], [0.0, 0.0, 1.0, 0.0], [0.0, 0.0, 0.0, 1.0]], "cam_ids": [0, 1, 2, 3, 4, 5], "cam_channels": ["CAM_FRONT_LEFT", "CAM_FRONT", "CAM_FRONT_RIGHT", "CAM_BACK_LEFT", "CAM_BACK", "CAM_BACK_RIGHT"], "token": "7a32eb7937e54e19b1cd7c58ec40f728", "scene": "scene-1069"}, {"images": ["samples/CAM_FRONT_LEFT/n015-2018-11-21-19-21-35+0800__CAM_FRONT_LEFT__1542799626104844.jpg", "samples/CAM_FRONT/n015-2018-11-21-19-21-35+0800__CAM_FRONT__1542799626112467.jpg", "samples/CAM_FRONT_RIGHT/n015-2018-11-21-19-21-35+0800__CAM_FRONT_RIGHT__1542799626120339.jpg", "samples/CAM_BACK_LEFT/n015-2018-11-21-19-21-35+0800__CAM_BACK_LEFT__1542799626147423.jpg", "samples/CAM_BACK/n015-2018-11-21-19-21-35+0800__CAM_BACK__1542799626137525.jpg", "samples/CAM_BACK_RIGHT/n015-2018-11-21-19-21-35+0800__CAM_BACK_RIGHT__1542799626127893.jpg"], "intrinsics": [[[1272.5979470598488, 0.0, 826.6154927353808], [0.0, 1272.5979470598488, 479.75165386361925], [0.0, 0.0, 1.0]], [[1266.417203046554, 0.0, 816.2670197447984], [0.0, 1266.417203046554, 491.50706579294757], [0.0, 0.0, 1.0]], [[1260.8474446004698, 0.0, 807.968244525554], [0.0, 1260.8474446004698, 495.3344268742088], [0.0, 0.0, 1.0]], [[1256.7414812095406, 0.0, 792.1125740759628], [0.0, 1256.7414812095406, 492.7757465151356], [0.0, 0.0, 1.0]], [[809.2209905677063, 0.0, 829.2196003259838], [0.0, 809.2209905677063, 481.77842384512485], [0.0, 0.0, 1.0]], [[1259.5137405846733, 0.0, 807.2529053838625], [0.0, 1259.5137405846733, 501.19579884916527], [0.0, 0.0, 1.0]]], "extrinsics": [[[0.820144772529602, -0.5721560120582581, 0.00010568188008619472, -0.703369140625], [0.00015099759912118316, 3.173594450345263e-05, -1.0, 1.5082956552505493], [0.5721560716629028, 0.8201447129249573, 0.00011242239270359278, -1.1005859375], [0.0, 0.0, 0.0, 1.0]], [[0.00483786640688777, -0.9999796748161316, 0.004151665605604649, 0.00823974609375], [-0.0047717103734612465, -0.004174752160906792, -0.9999799132347107, 1.5192880630493164], [0.9999769330024719, 0.004817954730242491, -0.004791810177266598, -1.4296875], [0.0, 0.0, 0.0, 1.0]], [[-0.833284318447113, -0.5527843832969666, -0.00816519744694233, 0.861083984375], [0.0012553164269775152, 0.01287749595940113, -0.9999162554740906, 1.503885269165039], [0.5528432726860046, -0.833224892616272, -0.010036693885922432, -1.1334228515625], [0.0, 0.0, 0.0, 1.0]], [[0.9478017091751099, 0.31882354617118835, 0.004848016891628504, -1.13134765625], [0.011170781217515469, -0.018006062135100365, -0.9997754693031311, 1.5886878967285156], [-0.31866464018821716, 0.947642982006073, -0.020627684891223907, -0.107635498046875], [0.0, 0.0, 0.0, 1.0]], [[0.0027408916503190994, 0.9999653697013855, -0.007865913212299347, 0.00250244140625], [-0.014697781763970852, -0.007824808359146118, -0.9998614192008972, 1.5781478881835938], [-0.9998882412910461, 0.0028562131337821484, 0.014675823971629143, -0.080810546875], [0.0, 0.0, 0.0, 1.0]], [[-0.9345827698707581, 0.35548532009124756, -0.013610786758363247, 0.99365234375], [0.017491431906819344, 0.007704651914536953, -0.9998173117637634, 1.554107666015625], [-0.3553154468536377, -0.934650182723999, -0.013418582268059254, -0.116455078125], [0.0, 0.0, 0.0, 1.0]]], "view": [[0.0, -2.0, 100.0], [-2.0, 0.0, 100.0], [0.0, 0.0, 1.0]], "bev": "bev_91fbcc7fba204f93b7b72a818fdb81e2.png", "aux": "aux_91fbcc7fba204f93b7b72a818fdb81e2.npz", "visibility": "visibility_91fbcc7fba204f93b7b72a818fdb81e2.png", "pose": [[-0.5373867750167847, 0.8433359265327454, 0.0, 1154.037109375], [-0.8433359265327454, -0.5373867750167847, 0.0, 2827.1005859375], [0.0, 0.0, 1.0, 0.0], [0.0, 0.0, 0.0, 1.0]], "pose_inverse": [[-0.5373867750167847, -0.8433359265327454, 0.0, 3004.359619140625], [0.8433359265327454, -0.5373867750167847, 0.0, 546.0054931640625], [0.0, 0.0, 1.0, 0.0], [0.0, 0.0, 0.0, 1.0]], "cam_ids": [0, 1, 2, 3, 4, 5], "cam_channels": ["CAM_FRONT_LEFT", "CAM_FRONT", "CAM_FRONT_RIGHT", "CAM_BACK_LEFT", "CAM_BACK", "CAM_BACK_RIGHT"], "token": "91fbcc7fba204f93b7b72a818fdb81e2", "scene": "scene-1069"}, {"images": ["samples/CAM_FRONT_LEFT/n015-2018-11-21-19-21-35+0800__CAM_FRONT_LEFT__1542799626604844.jpg", "samples/CAM_FRONT/n015-2018-11-21-19-21-35+0800__CAM_FRONT__1542799626612460.jpg", "samples/CAM_FRONT_RIGHT/n015-2018-11-21-19-21-35+0800__CAM_FRONT_RIGHT__1542799626620339.jpg", "samples/CAM_BACK_LEFT/n015-2018-11-21-19-21-35+0800__CAM_BACK_LEFT__1542799626647423.jpg", "samples/CAM_BACK/n015-2018-11-21-19-21-35+0800__CAM_BACK__1542799626637525.jpg", "samples/CAM_BACK_RIGHT/n015-2018-11-21-19-21-35+0800__CAM_BACK_RIGHT__1542799626627893.jpg"], "intrinsics": [[[1272.5979470598488, 0.0, 826.6154927353808], [0.0, 1272.5979470598488, 479.75165386361925], [0.0, 0.0, 1.0]], [[1266.417203046554, 0.0, 816.2670197447984], [0.0, 1266.417203046554, 491.50706579294757], [0.0, 0.0, 1.0]], [[1260.8474446004698, 0.0, 807.968244525554], [0.0, 1260.8474446004698, 495.3344268742088], [0.0, 0.0, 1.0]], [[1256.7414812095406, 0.0, 792.1125740759628], [0.0, 1256.7414812095406, 492.7757465151356], [0.0, 0.0, 1.0]], [[809.2209905677063, 0.0, 829.2196003259838], [0.0, 809.2209905677063, 481.77842384512485], [0.0, 0.0, 1.0]], [[1259.5137405846733, 0.0, 807.2529053838625], [0.0, 1259.5137405846733, 501.19579884916527], [0.0, 0.0, 1.0]]], "extrinsics": [[[0.8207104206085205, -0.5712387561798096, 0.010988292284309864, -0.66552734375], [0.01447463221848011, 0.0015621382044628263, -0.9998939633369446, 1.5135040283203125], [0.5711610317230225, 0.820782482624054, 0.009550533257424831, -1.075439453125], [0.0, 0.0, 0.0, 1.0]], [[0.005667778197675943, -0.9999805688858032, 0.0025764245074242353, 0.0089111328125], [0.009110621176660061, -0.002524720737710595, -0.9999553561210632, 1.5232715606689453], [0.999942421913147, 0.005691014230251312, 0.009096133522689342, -1.392578125], [0.0, 0.0, 0.0, 1.0]], [[-0.832716703414917, -0.5533260107040405, -0.020327065140008926, 0.83837890625], [0.014663668349385262, 0.014660459943115711, -0.9997850060462952, 1.507049560546875], [0.553505003452301, -0.8328357338905334, -0.004094220232218504, -1.11767578125], [0.0, 0.0, 0.0, 1.0]], [[0.9477348923683167, 0.31861981749534607, 0.016733720898628235, -1.13720703125], [0.02303714118897915, -0.016025274991989136, -0.9996061325073242, 1.5886611938476562], [-0.3182261884212494, 0.9477471113204956, -0.022527800872921944, -0.104705810546875], [0.0, 0.0, 0.0, 1.0]], [[0.0026331704575568438, 0.9999796748161316, -0.005822370294481516, 0.00262451171875], [-0.0022472203709185123, -0.005816458258777857, -0.9999805688858032, 1.5791521072387695], [-0.9999940395355225, 0.0026462189853191376, 0.0022318591363728046, -0.087890625], [0.0, 0.0, 0.0, 1.0]], [[-0.9345071911811829, 0.3550591766834259, -0.025082146748900414, 0.975830078125], [0.03047941066324711, 0.009614999406039715, -0.9994891285896301, 1.556640625], [-0.35463669896125793, -0.9347944259643555, -0.019807282835245132, -0.123046875], [0.0, 0.0, 0.0, 1.0]]], "view": [[0.0, -2.0, 100.0], [-2.0, 0.0, 100.0], [0.0, 0.0, 1.0]], "bev": "bev_ae8a5000d89c4c998a5d6bf95ba2ace9.png", "aux": "aux_ae8a5000d89c4c998a5d6bf95ba2ace9.npz", "visibility": "visibility_ae8a5000d89c4c998a5d6bf95ba2ace9.png", "pose": [[-0.5361806154251099, 0.8441032767295837, 0.0, 1151.87939453125], [-0.8441032767295837, -0.5361806154251099, 0.0, 2823.767333984375], [0.0, 0.0, 1.0, 0.0], [0.0, 0.0, 0.0, 1.0]], "pose_inverse": [[-0.5361806154251099, -0.8441032767295837, 0.0, 3001.166748046875], [0.8441032767295837, -0.5361806154251099, 0.0, 541.7440795898438], [0.0, 0.0, 1.0, 0.0], [0.0, 0.0, 0.0, 1.0]], "cam_ids": [0, 1, 2, 3, 4, 5], "cam_channels": ["CAM_FRONT_LEFT", "CAM_FRONT", "CAM_FRONT_RIGHT", "CAM_BACK_LEFT", "CAM_BACK", "CAM_BACK_RIGHT"], "token": "ae8a5000d89c4c998a5d6bf95ba2ace9", "scene": "scene-1069"}, {"images": ["samples/CAM_FRONT_LEFT/n015-2018-11-21-19-21-35+0800__CAM_FRONT_LEFT__1542799627104844.jpg", "samples/CAM_FRONT/n015-2018-11-21-19-21-35+0800__CAM_FRONT__1542799627112460.jpg", "samples/CAM_FRONT_RIGHT/n015-2018-11-21-19-21-35+0800__CAM_FRONT_RIGHT__1542799627120339.jpg", "samples/CAM_BACK_LEFT/n015-2018-11-21-19-21-35+0800__CAM_BACK_LEFT__1542799627147423.jpg", "samples/CAM_BACK/n015-2018-11-21-19-21-35+0800__CAM_BACK__1542799627137525.jpg", "samples/CAM_BACK_RIGHT/n015-2018-11-21-19-21-35+0800__CAM_BACK_RIGHT__1542799627127893.jpg"], "intrinsics": [[[1272.5979470598488, 0.0, 826.6154927353808], [0.0, 1272.5979470598488, 479.75165386361925], [0.0, 0.0, 1.0]], [[1266.417203046554, 0.0, 816.2670197447984], [0.0, 1266.417203046554, 491.50706579294757], [0.0, 0.0, 1.0]], [[1260.8474446004698, 0.0, 807.968244525554], [0.0, 1260.8474446004698, 495.3344268742088], [0.0, 0.0, 1.0]], [[1256.7414812095406, 0.0, 792.1125740759628], [0.0, 1256.7414812095406, 492.7757465151356], [0.0, 0.0, 1.0]], [[809.2209905677063, 0.0, 829.2196003259838], [0.0, 809.2209905677063, 481.77842384512485], [0.0, 0.0, 1.0]], [[1259.5137405846733, 0.0, 807.2529053838625], [0.0, 1259.5137405846733, 501.19579884916527], [0.0, 0.0, 1.0]]], "extrinsics": [[[0.8206935524940491, -0.5711906552314758, 0.014259923249483109, -0.624267578125], [0.01782124675810337, 0.0006444877944886684, -0.9998409748077393, 1.5156173706054688], [0.571090579032898, 0.8208171725273132, 0.010708256624639034, -1.046630859375], [0.0, 0.0, 0.0, 1.0]], [[0.005682964343577623, -0.9999778270721436, 0.0034666811116039753, 0.00933837890625], [0.01255879271775484, -0.0033950931392610073, -0.9999154210090637, 1.5248222351074219], [0.999904990196228, 0.005725970957428217, 0.012539219111204147, -1.351318359375], [0.0, 0.0, 0.0, 1.0]], [[-0.8326334357261658, -0.5533537864685059, -0.022831177338957787, 0.812255859375], [0.018215689808130264, 0.013839628547430038, -0.9997382760047913, 1.5084609985351562], [0.553524911403656, -0.8328312635421753, -0.001443615648895502, -1.099853515625], [0.0, 0.0, 0.0, 1.0]], [[0.9475065469741821, 0.3191116154193878, 0.019974326714873314, -1.1328125], [0.026580089703202248, -0.016358576714992523, -0.999512791633606, 1.5887985229492188], [-0.3186293840408325, 0.9475758671760559, -0.02398187853395939, -0.10699462890625], [0.0, 0.0, 0.0, 1.0]], [[0.002492263913154602, 0.999976634979248, -0.006375214550644159, 0.0023193359375], [0.001369984238408506, -0.006378642749041319, -0.9999787211418152, 1.5794966220855713], [-0.9999958872795105, 0.002483534161001444