[{"images": ["samples/CAM_FRONT_LEFT/n008-2018-08-31-11-19-57-0400__CAM_FRONT_LEFT__1535728854405197.jpg", "samples/CAM_FRONT/n008-2018-08-31-11-19-57-0400__CAM_FRONT__1535728854412404.jpg", "samples/CAM_FRONT_RIGHT/n008-2018-08-31-11-19-57-0400__CAM_FRONT_RIGHT__1535728854420482.jpg", "samples/CAM_BACK_LEFT/n008-2018-08-31-11-19-57-0400__CAM_BACK_LEFT__1535728854447405.jpg", "samples/CAM_BACK/n008-2018-08-31-11-19-57-0400__CAM_BACK__1535728854437558.jpg", "samples/CAM_BACK_RIGHT/n008-2018-08-31-11-19-57-0400__CAM_BACK_RIGHT__1535728854428167.jpg"], "intrinsics": [[[1257.8625342125129, 0.0, 827.2410631095686], [0.0, 1257.8625342125129, 450.915498205774], [0.0, 0.0, 1.0]], [[1252.8131021185304, 0.0, 826.588114781398], [0.0, 1252.8131021185304, 469.9846626224581], [0.0, 0.0, 1.0]], [[1256.7485116440405, 0.0, 817.7887570959712], [0.0, 1256.7485116440403, 451.9541780095127], [0.0, 0.0, 1.0]], [[1254.9860565800168, 0.0, 829.5769333630991], [0.0, 1254.9860565800168, 467.1680561863987], [0.0, 0.0, 1.0]], [[796.8910634503094, 0.0, 857.7774326863696], [0.0, 796.8910634503094, 476.8848988407415], [0.0, 0.0, 1.0]], [[1249.9629280788233, 0.0, 825.3768045375984], [0.0, 1249.9629280788233, 462.54816385708756], [0.0, 0.0, 1.0]]], "extrinsics": [[[0.8222533464431763, -0.5687867403030396, -0.019523635506629944, -0.7435302734375], [0.006224045064300299, 0.04328985512256622, -0.9990431666374207, 1.49017333984375], [0.5690876841545105, 0.8213450312614441, 0.03913538157939911, -1.1551513671875], [0.0, 0.0, 0.0, 1.0]], [[0.009773829020559788, -0.9991910457611084, -0.03900884464383125, 0.00970458984375], [0.008154937997460365, 0.03908906131982803, -0.9992024302482605, 1.4822311401367188], [0.9999189376831055, 0.009447920136153698, 0.008530390448868275, -1.4735107421875], [0.0, 0.0, 0.0, 1.0]], [[-0.8442234396934509, -0.5351588129997253, -0.029864411801099777, 0.9224853515625], [0.01614820398390293, 0.030297761783003807, -0.9994104504585266, 1.4962615966796875], [0.5357481241226196, -0.8442080020904541, -0.016936227679252625, -1.169219970703125], [0.0, 0.0, 0.0, 1.0]], [[0.9478951096534729, 0.3185374140739441, 0.005367168225347996, -1.1446533203125], [-0.009490023367106915, 0.045071687549352646, -0.9989386796951294, 1.5620536804199219], [-0.318441241979599, 0.9468381404876709, 0.04574615880846977, -0.15582275390625], [0.0, 0.0, 0.0, 1.0]], [[0.009461913257837296, 0.99924635887146, 0.037646591663360596, -0.02862548828125], [-0.0072460961528122425, 0.03771580383181572, -0.9992622137069702, 1.5675220489501953], [-0.9999290108680725, 0.009182139299809933, 0.007597499061375856, -0.0277099609375], [0.0, 0.0, 0.0, 1.0]], [[-0.9235793948173523, 0.38331204652786255, 0.008543380536139011, 1.0296630859375], [-0.002957157324999571, 0.015160469338297844, -0.9998806715011597, 1.5473780632019043], [-0.38339585065841675, -0.9234943985939026, -0.012868382968008518, -0.09716796875], [0.0, 0.0, 0.0, 1.0]]], "view": [[0.0, -2.0, 100.0], [-2.0, 0.0, 100.0], [0.0, 0.0, 1.0]], "bev": "bev_b7dfd87604b44698a0d21bb3f3136ede.png", "aux": "aux_b7dfd87604b44698a0d21bb3f3136ede.npz", "visibility": "visibility_b7dfd87604b44698a0d21bb3f3136ede.png", "pose": [[-0.9992116093635559, 0.0397007055580616, 0.0, 1773.6624755859375], [-0.0397007055580616, -0.9992116093635559, 0.0, 870.2107543945312], [0.0, 0.0, 1.0, 0.0], [0.0, 0.0, 0.0, 1.0]], "pose_inverse": [[-0.9992116093635559, -0.0397007055580616, 0.0, 1806.8121337890625], [0.0397007055580616, -0.9992116093635559, 0.0, 799.1090698242188], [0.0, 0.0, 1.0, 0.0], [0.0, 0.0, 0.0, 1.0]], "cam_ids": [0, 1, 2, 3, 4, 5], "cam_channels": ["CAM_FRONT_LEFT", "CAM_FRONT", "CAM_FRONT_RIGHT", "CAM_BACK_LEFT", "CAM_BACK", "CAM_BACK_RIGHT"], "token": "b7dfd87604b44698a0d21bb3f3136ede", "scene": "scene-0285"}, {"images": ["samples/CAM_FRONT_LEFT/n008-2018-08-31-11-19-57-0400__CAM_FRONT_LEFT__1535728854904799.jpg", "samples/CAM_FRONT/n008-2018-08-31-11-19-57-0400__CAM_FRONT__1535728854912404.jpg", "samples/CAM_FRONT_RIGHT/n008-2018-08-31-11-19-57-0400__CAM_FRONT_RIGHT__1535728854920482.jpg", "samples/CAM_BACK_LEFT/n008-2018-08-31-11-19-57-0400__CAM_BACK_LEFT__1535728854947405.jpg", "samples/CAM_BACK/n008-2018-08-31-11-19-57-0400__CAM_BACK__1535728854937558.jpg", "samples/CAM_BACK_RIGHT/n008-2018-08-31-11-19-57-0400__CAM_BACK_RIGHT__1535728854928113.jpg"], "intrinsics": [[[1257.8625342125129, 0.0, 827.2410631095686], [0.0, 1257.8625342125129, 450.915498205774], [0.0, 0.0, 1.0]], [[1252.8131021185304, 0.0, 826.588114781398], [0.0, 1252.8131021185304, 469.9846626224581], [0.0, 0.0, 1.0]], [[1256.7485116440405, 0.0, 817.7887570959712], [0.0, 1256.7485116440403, 451.9541780095127], [0.0, 0.0, 1.0]], [[1254.9860565800168, 0.0, 829.5769333630991], [0.0, 1254.9860565800168, 467.1680561863987], [0.0, 0.0, 1.0]], [[796.8910634503094, 0.0, 857.7774326863696], [0.0, 796.8910634503094, 476.8848988407415], [0.0, 0.0, 1.0]], [[1249.9629280788233, 0.0, 825.3768045375984], [0.0, 1249.9629280788233, 462.54816385708756], [0.0, 0.0, 1.0]]], "extrinsics": [[[0.8223731517791748, -0.5686228275299072, -0.019247036427259445, -0.738525390625], [7.025055674603209e-05, 0.03393062204122543, -0.999424159526825, 1.4882354736328125], [0.5689484477043152, 0.821898341178894, 0.027943581342697144, -1.1522216796875], [0.0, 0.0, 0.0, 1.0]], [[0.010058889165520668, -0.9995082020759583, -0.029701396822929382, 0.01007080078125], [0.0019434491405263543, 0.029722386971116066, -0.9995563626289368, 1.4806175231933594], [0.9999475479125977, 0.009996699169278145, 0.002241467358544469, -1.4705810546875], [0.0, 0.0, 0.0, 1.0]], [[-0.8440707325935364, -0.5358749628067017, -0.01956119015812874, 0.9202880859375], [0.009879851713776588, 0.020931480452418327, -0.9997320771217346, 1.4950447082519531], [0.5361408591270447, -0.8440378904342651, -0.012373284436762333, -1.167510986328125], [0.0, 0.0, 0.0, 1.0]], [[0.9478366374969482, 0.3187354505062103, -0.003668267745524645, -1.141845703125], [-0.015883492305874825, 0.03573337569832802, -0.9992351531982422, 1.5620052814483643], [-0.3183605670928955, 0.9471698999404907, 0.03893203288316727, -0.1568756103515625], [0.0, 0.0, 0.0, 1.0]], [[0.009247630834579468, 0.9995586276054382, 0.028232987970113754, -0.0286865234375], [-0.01368303969502449, 0.028358042240142822, -0.9995041489601135, 1.5670195817947388], [-0.9998636245727539, 0.008856730535626411, 0.01393924467265606, -0.0306396484375], [0.0, 0.0, 0.0, 1.0]], [[-0.9237616658210754, 0.38281774520874023, 0.010721268132328987, 1.0264892578125], [-0.009214647114276886, 0.00576905719935894, -0.9999409317970276, 1.5464715957641602], [-0.38285693526268005, -0.923805832862854, -0.001801702775992453, -0.0982666015625], [0.0, 0.0, 0.0, 1.0]]], "view": [[0.0, -2.0, 100.0], [-2.0, 0.0, 100.0], [0.0, 0.0, 1.0]], "bev": "bev_13e571cd37fb46f99926e90a0736896a.png", "aux": "aux_13e571cd37fb46f99926e90a0736896a.npz", "visibility": "visibility_13e571cd37fb46f99926e90a0736896a.png", "pose": [[-0.9991040825843811, 0.04232095181941986, 0.0, 1769.9007568359375], [-0.04232095181941986, -0.9991040825843811, 0.0, 870.089599609375], [0.0, 0.0, 1.0, 0.0], [0.0, 0.0, 0.0, 1.0]], "pose_inverse": [[-0.9991040825843811, -0.04232095181941986, 0.0, 1805.1380615234375], [0.04232095181941986, -0.9991040825843811, 0.0, 794.4061889648438], [0.0, 0.0, 1.0, 0.0], [0.0, 0.0, 0.0, 1.0]], "cam_ids": [0, 1, 2, 3, 4, 5], "cam_channels": ["CAM_FRONT_LEFT", "CAM_FRONT", "CAM_FRONT_RIGHT", "CAM_BACK_LEFT", "CAM_BACK", "CAM_BACK_RIGHT"], "token": "13e571cd37fb46f99926e90a0736896a", "scene": "scene-0285"}, {"images": ["samples/CAM_FRONT_LEFT/n008-2018-08-31-11-19-57-0400__CAM_FRONT_LEFT__1535728855404799.jpg", "samples/CAM_FRONT/n008-2018-08-31-11-19-57-0400__CAM_FRONT__1535728855412404.jpg", "samples/CAM_FRONT_RIGHT/n008-2018-08-31-11-19-57-0400__CAM_FRONT_RIGHT__1535728855420482.jpg", "samples/CAM_BACK_LEFT/n008-2018-08-31-11-19-57-0400__CAM_BACK_LEFT__1535728855447405.jpg", "samples/CAM_BACK/n008-2018-08-31-11-19-57-0400__CAM_BACK__1535728855437558.jpg", "samples/CAM_BACK_RIGHT/n008-2018-08-31-11-19-57-0400__CAM_BACK_RIGHT__1535728855428113.jpg"], "intrinsics": [[[1257.8625342125129, 0.0, 827.2410631095686], [0.0, 1257.8625342125129, 450.915498205774], [0.0, 0.0, 1.0]], [[1252.8131021185304, 0.0, 826.588114781398], [0.0, 1252.8131021185304, 469.9846626224581], [0.0, 0.0, 1.0]], [[1256.7485116440405, 0.0, 817.7887570959712], [0.0, 1256.7485116440403, 451.9541780095127], [0.0, 0.0, 1.0]], [[1254.9860565800168, 0.0, 829.5769333630991], [0.0, 1254.9860565800168, 467.1680561863987], [0.0, 0.0, 1.0]], [[796.8910634503094, 0.0, 857.7774326863696], [0.0, 796.8910634503094, 476.8848988407415], [0.0, 0.0, 1.0]], [[1249.9629280788233, 0.0, 825.3768045375984], [0.0, 1249.9629280788233, 462.54816385708756], [0.0, 0.0, 1.0]]], "extrinsics": [[[0.8222214579582214, -0.5690260529518127, -0.012697719037532806, -0.742431640625], [0.003998583182692528, 0.02808365784585476, -0.9995975494384766, 1.4895496368408203], [0.5691536664962769, 0.8218398690223694, 0.02536628395318985, -1.152587890625], [0.0, 0.0, 0.0, 1.0]], [[0.009778592735528946, -0.999668538570404, -0.02381814271211624, 0.00836181640625], [0.00599651737138629, 0.023877477273344994, -0.9996969699859619, 1.4817276000976562], [0.9999342560768127, 0.009632798843085766, 0.006228017620742321, -1.4725341796875], [0.0, 0.0, 0.0, 1.0]], [[-0.8442043662071228, -0.5356498956680298, -0.019957803189754486, 0.919921875], [0.014063665643334389, 0.015086257830262184, -0.9997872710227966, 1.49591064453125], [0.5358370542526245, -0.8443054556846619, -0.005202682688832283, -1.16925048828125], [0.0, 0.0, 0.0, 1.0]], [[0.9478707313537598, 0.31865352392196655, -0.001042047282680869, -1.142822265625], [-0.011194589547812939, 0.03003108687698841, -0.9994862675666809, 1.56203031539917], [-0.31845852732658386, 0.9473954439163208, 0.03203278407454491, -0.15655517578125], [0.0, 0.0, 0.0, 1.0]], [[0.009373974055051804, 0.9997033476829529, 0.022483712062239647, -0.028076171875], [-0.009161807596683502, 0.022569620981812477, -0.9997032880783081, 1.5673774480819702], [-0.9999141097068787, 0.009165196679532528, 0.009370655752718449, -0.03076171875], [0.0, 0.0, 0.0, 1.0]], [[-0.9236392974853516, 0.38323578238487244, 0.004552262835204601, 1.0260009765625], [-0.004951513838022947, -5.5334570788545534e-05, -0.999987781047821, 1.5470900535583496], [-0.3832308351993561, -0.9236505627632141, 0.0019487079698592424, -0.099609375], [0.0, 0.0, 0.0, 1.0]]], "view": [[0.0, -2.0, 100.0], [-2.0, 0.0, 100.0], [0.0, 0.0, 1.0]], "bev": "bev_3cf1c978c9bf4e9089945fac964753a5.png", "aux": "aux_3cf1c978c9bf4e9089945fac964753a5.npz", "visibility": "visibility_3cf1c978c9bf4e9089945fac964753a5.png", "pose": [[-0.9990114569664001, 0.04445411264896393, 0.0, 1766.1689453125], [-0.04445411264896393, -0.9990114569664001, 0.0, 869.9556274414062], [0.0, 0.0, 1.0, 0.0], [0.0, 0.0, 0.0, 1.0]], "pose_inverse": [[-0.9990114569664001, -0.04445411264896393, 0.0, 1803.0960693359375], [0.04445411264896393, -0.9990114569664001, 0.0, 790.5821533203125], [0.0, 0.0, 1.0, 0.0], [0.0, 0.0, 0.0, 1.0]], "cam_ids": [0, 1, 2, 3, 4, 5], "cam_channels": ["CAM_FRONT_LEFT", "CAM_FRONT", "CAM_FRONT_RIGHT", "CAM_BACK_LEFT", "CAM_BACK", "CAM_BACK_RIGHT"], "token": "3cf1c978c9bf4e9089945fac964753a5", "scene": "scene-0285"}, {"images": ["samples/CAM_FRONT_LEFT/n008-2018-08-31-11-19-57-0400__CAM_FRONT_LEFT__1535728855904799.jpg", "samples/CAM_FRONT/n008-2018-08-31-11-19-57-0400__CAM_FRONT__1535728855912404.jpg", "samples/CAM_FRONT_RIGHT/n008-2018-08-31-11-19-57-0400__CAM_FRONT_RIGHT__1535728855920482.jpg", "samples/CAM_BACK_LEFT/n008-2018-08-31-11-19-57-0400__CAM_BACK_LEFT__1535728855947405.jpg", "samples/CAM_BACK/n008-2018-08-31-11-19-57-0400__CAM_BACK__1535728855937558.jpg", "samples/CAM_BACK_RIGHT/n008-2018-08-31-11-19-57-0400__CAM_BACK_RIGHT__1535728855928113.jpg"], "intrinsics": [[[1257.8625342125129, 0.0, 827.2410631095686], [0.0, 1257.8625342125129, 450.915498205774], [0.0, 0.0, 1.0]], [[1252.8131021185304, 0.0, 826.588114781398], [0.0, 1252.8131021185304, 469.9846626224581], [0.0, 0.0, 1.0]], [[1256.7485116440405, 0.0, 817.7887570959712], [0.0, 1256.7485116440403, 451.9541780095127], [0.0, 0.0, 1.0]], [[1254.9860565800168, 0.0, 829.5769333630991], [0.0, 1254.9860565800168, 467.1680561863987], [0.0, 0.0, 1.0]], [[796.8910634503094, 0.0, 857.7774326863696], [0.0, 796.8910634503094, 476.8848988407415], [0.0, 0.0, 1.0]], [[1249.9629280788233, 0.0, 825.3768045375984], [0.0, 1249.9629280788233, 462.54816385708756], [0.0, 0.0, 1.0]]], "extrinsics": [[[0.8225396275520325, -0.5685644149780273, -0.012770871631801128, -0.7427978515625], [0.004754203371703625, 0.029329579323530197, -0.9995584487915039, 1.4897289276123047], [0.5686879754066467, 0.8221157193183899, 0.02682781033217907, -1.1551513671875], [0.0, 0.0, 0.0, 1.0]], [[0.010247910395264626, -0.9996302723884583, -0.02518446557223797, 0.01025390625], [0.006658647675067186, 0.025253450497984886, -0.9996589422225952, 1.481842041015625], [0.9999253153800964, 0.010076722130179405, 0.006914980709552765, -1.47412109375], [0.0, 0.0, 0.0, 1.0]], [[-0.8439990282058716, -0.5359236598014832, -0.02124798856675625, 0.921875], [0.014627146534621716, 0.016602156683802605, -0.9997551441192627, 1.4959793090820312], [0.5361452698707581, -0.844103217124939, -0.0061731720343232155, -1.16796875], [0.0, 0.0, 0.0, 1.0]], [[0.947871208190918, 0.31865382194519043, -0.00011843468382721767, -1.1397705078125], [-0.010784388519823551, 0.031707894057035446, -0.999439001083374, 1.5619959831237793], [-0.31847134232521057, 0.9473406672477722, 0.03349148482084274, -0.1574249267578125], [0.0, 0.0, 0.0, 1.0]], [[0.009222127497196198, 0.9996656179428101, 0.02416013553738594, -0.02899169921875], [-0.008587860502302647, 0.024239450693130493, -0.9996692538261414, 1.567387580871582], [-0.9999206066131592, 0.009011596441268921, 0.008808528073132038, -0.03173828125], [0.0, 0.0, 0.0, 1.0]], [[-0.9237459301948547, 0.382976770401001, 0.004710655193775892, 1.0260009765625], [-0.00445208977907896, 0.001561459619551897, -0.999988853931427, 1.5471644401550293], [-0.38297978043556213, -0.9237566590309143, 0.0002626551140565425, -0.0977783203125], [0.0, 0.0, 0.0, 1.0]]], "view": [[0.0, -2.0, 100.0], [-2.0, 0.0, 100.0], [0.0, 0.0, 1.0]], "bev": "bev_8702517df3074808a6b65d22194fbe34.png", "aux": "aux_8702517df3074808a6b65d22194fbe34.npz", "visibility": "visibility_8702517df3074808a6b65d22194fbe34.png", "pose": [[-0.9989686012268066, 0.04540616273880005, 0.0, 1762.5067138671875], [-0.04540616273880005, -0.9989686012268066, 0.0, 869.8165893554688], [0.0, 0.0, 1.0, 0.0], [0.0, 0.0, 0.0, 1.0]], "pose_inverse": [[-0.9989686012268066, -0.04540616273880005, 0.0, 1800.1839599609375], [0.04540616273880005, -0.9989686012268066, 0.0, 788.8908081054688], [0.0, 0.0, 1.0, 0.0], [0.0, 0.0, 0.0, 1.0]], "cam_ids": [0, 1, 2, 3, 4, 5], "cam_channels": ["CAM_FRONT_LEFT", "CAM_FRONT", "CAM_FRONT_RIGHT", "CAM_BACK_LEFT", "CAM_BACK", "CAM_BACK_RIGHT"], "token": "8702517df3074808a6b65d22194fbe34", "scene": "scene-0285"}, {"images": ["samples/CAM_FRONT_LEFT/n008-2018-08-31-11-19-57-0400__CAM_FRONT_LEFT__1535728856404799.jpg", "samples/CAM_FRONT/n008-2018-08-31-11-19-57-0400__CAM_FRONT__1535728856412404.jpg", "samples/CAM_FRONT_RIGHT/n008-2018-08-31-11-19-57-0400__CAM_FRONT_RIGHT__1535728856420482.jpg", "samples/CAM_BACK_LEFT/n008-2018-08-31-11-19-57-0400__CAM_BACK_LEFT__1535728856447405.jpg", "samples/CAM_BACK/n008-2018-08-31-11-19-57-0400__CAM_BACK__1535728856437558.jpg", "samples/CAM_BACK_RIGHT/n008-2018-08-31-11-19-57-0400__CAM_BACK_RIGHT__1535728856428113.jpg"], "intrinsics": [[[1257.8625342125129, 0.0, 827.2410631095686], [0.0, 1257.8625342125129, 450.915498205774], [0.0, 0.0, 1.0]], [[1252.8131021185304, 0.0, 826.588114781398], [0.0, 1252.8131021185304, 469.9846626224581], [0.0, 0.0, 1.0]], [[1256.7485116440405, 0.0, 817.7887570959712], [0.0, 1256.7485116440403, 451.9541780095127], [0.0, 0.0, 1.0]], [[1254.9860565800168, 0.0, 829.5769333630991], [0.0, 1254.9860565800168, 467.1680561863987], [0.0, 0.0, 1.0]], [[796.8910634503094, 0.0, 857.7774326863696], [0.0, 796.8910634503094, 476.8848988407415], [0.0, 0.0, 1.0]], [[1249.9629280788233, 0.0, 825.3768045375984], [0.0, 1249.9629280788233, 462.54816385708756], [0.0, 0.0, 1.0]]], "extrinsics": [[[0.8226189613342285, -0.5684139728546143, -0.01426943764090538, -0.7576904296875], [0.0051010060124099255, 0.032472655177116394, -0.9994595646858215, 1.4897422790527344], [0.5685701370239258, 0.8221017122268677, 0.0296121034771204, -1.1654052734375], [0.0, 0.0, 0.0, 1.0]], [[0.01037037093192339, -0.9995472431182861, -0.028244460001587868, 0.00994873046875], [0.007004978600889444, 0.028317905962467194, -0.9995744228363037, 1.4818344116210938], [0.9999216794967651, 0.010168110951781273, 0.007295474410057068, -1.4881591796875], [0.0, 0.0, 0.0, 1.0]], [[-0.8439432382583618, -0.5359331369400024, -0.023139093071222305, 0.9298095703125], [0.014973307959735394, 0.019583484157919884, -0.9996960759162903, 1.4959068298339844], [0.5362234115600586, -0.8440333008766174, -0.008502660319209099, -1.173553466796875], [0.0, 0.0, 0.0, 1.0]], [[0.947863757610321, 0.31867286562919617, 0.0013343256432563066, -1.136962890625], [-0.010230214335024357, 0.03461326286196709, -0.9993484616279602, 1.5619630813598633], [-0.31851139664649963, 0.9472326040267944, 0.03606875240802765, -0.1585693359375], [0.0, 0.0, 0.0, 1.0]], [[0.00916326604783535, 0.9995923042297363, 0.027041682973504066, -0.02880859375], [-0.008105401881039143, 0.02711617574095726, -0.9995993971824646, 1.567441463470459], [-0.9999251365661621, 0.008940409868955612, 0.008350570686161518, -0.0302734375], [0.0, 0.0, 0.0, 1.0]], [[-0.9237741231918335, 0.38289934396743774, 0.00543412659317255, 1.031494140625], [-0.004031053278595209, 0.004466567188501358, -0.9999819397926331, 1.5472452640533447], [-0.3829166293144226, -0.923779308795929, -0.0025826110504567623, -0.095947265625], [0.0, 0.0, 0.0, 1.0]]], "view": [[0.0, -2.0, 100.0], [-2.0, 0.0, 100.0], [0.0, 0.0, 1.0]], "bev": "bev_7858f22f0b6c4f59a1114c480fc8baa7.png", "aux": "aux_7858f22f0b6c4f59a1114c480fc8baa7.npz", "visibility": "visibility_7858f22f0b6c4f59a1114c480fc8baa7.png", "pose": [[-0.99892258644104, 0.04640761390328407, 0.0, 1759.0142822265625], [-0.04640761390328407, -0.99892258644104, 0.0, 869.6815795898438], [0.0, 0.0, 1.0, 0.0], [0.0, 0.0, 0.0, 1.0]], "pose_inverse": [[-0.99892258644104, -0.04640761390328407, 0.0, 1797.47900390625], [0.04640761390328407, -0.99892258644104, 0.0, 787.1129150390625], [0.0, 0.0, 1.0, 0.0], [0.0, 0.0, 0.0, 1.0]], "cam_ids": [0, 1, 2, 3, 4, 5], "cam_channels": ["CAM_FRONT_LEFT", "CAM_FRONT", "CAM_FRONT_RIGHT", "CAM_BACK_LEFT", "CAM_BACK", "CAM_BACK_RIGHT"], "token": "7858f22f0b6c4f59a1114c480fc8baa7", "scene": "scene-0285"}, {"images": ["samples/CAM_FRONT_LEFT/n008-2018-08-31-11-19-57-0400__CAM_FRONT_LEFT__1535728856904799.jpg", "samples/CAM_FRONT/n008-2018-08-31-11-19-57-0400__CAM_FRONT__1535728856912404.jpg", "samples/CAM_FRONT_RIGHT/n008-2018-08-31-11-19-57-0400__CAM_FRONT_RIGHT__1535728856920482.jpg", "samples/CAM_BACK_LEFT/n008-2018-08-31-11-19-57-0400__CAM_BACK_LEFT__1535728856947405.jpg", "samples/CAM_BACK/n008-2018-08-31-11-19-57-0400__CAM_BACK__1535728856937558.jpg", "samples/CAM_BACK_RIGHT/n008-2018-08-31-11-19-57-0400__CAM_BACK_RIGHT__1535728856928113.jpg"], "intrinsics": [[[1257.8625342125129, 0.0, 827.2410631095686], [0.0, 1257.8625342125129, 450.915498205774], [0.0, 0.0, 1.0]], [[1252.8131021185304, 0.0, 826.588114781398], [0.0, 1252.8131021185304, 469.9846626224581], [0.0, 0.0, 1.0]], [[1256.7485116440405, 0.0, 817.7887570959712], [0.0, 1256.7485116440403, 451.9541780095127], [0.0, 0.0, 1.0]], [[1254.9860565800168, 0.0, 829.5769333630991], [0.0, 1254.9860565800168, 467.1680561863987], [0.0, 0.0, 1.0]], [[796.8910634503094, 0.0, 857.7774326863696], [0.0, 796.8910634503094, 476.8848988407415], [0.0, 0.0, 1.0]], [[1249.9629280788233, 0.0, 825.3768045375984], [0.0, 1249.9629280788233, 462.54816385708756], [0.0, 0.0, 1.0]]], "extrinsics": [[[0.8226343393325806, -0.5684133768081665, -0.013381500728428364, -0.7681884765625], [0.006071327719837427, 0.032315824180841446, -0.9994592666625977, 1.4899330139160156], [0.5685383677482605, 0.822108268737793, 0.03003513067960739, -1.1734619140625], [0.0, 0.0, 0.0, 1.0]], [[0.010344688780605793, -0.9995517134666443, -0.02809467539191246, 0.0103759765625], [0.007962853647768497, 0.02817763201892376, -0.9995712041854858, 1.4819717407226562], [0.999914824962616, 0.01011653896421194, 0.008250772953033447, -1.49853515625], [0.0, 0.0, 0.0, 1.0]], [[-0.8439748287200928, -0.5358513593673706, -0.023868581280112267, 0.9361572265625], [0.0159167293459177, 0.01946008764207363, -0.9996839165687561, 1.4959678649902344], [0.5361464619636536, -0.8440879583358765, -0.00789482519030571, -1.1773681640625], [0.0, 0.0, 0.0, 1.0]], [[0.9478759169578552, 0.31863290071487427, 0.002056719735264778, -1.13818359375], [-0.009454438462853432, 0.0345759391784668, -0.9993573427200317, 1.5619831085205078], [-0.31849923729896545, 0.9472472667694092, 0.03578619658946991, -0.1580963134765625], [0.0, 0.0, 0.0, 1.0]], [[0.009234783239662647, 0.9995921850204468, 0.027019916102290154, -0.02880859375], [-0.007323351223021746, 0.027087951079010963, -0.9996062517166138, 1.5675172805786133], [-0.9999305009841919, 0.009033272042870522, 0.007570517249405384, -0.0272216796875], [0.0, 0.0, 0.0, 1.0]], [[-0.9237253665924072, 0.3830282390117645, 0.004558616317808628, 1.035888671875], [-0.0031173517927527428, 0.004383416846394539, -0.9999855160713196, 1.547386884689331], [-0.38304266333580017, -0.9237262010574341, -0.00285504013299942, -0.093994140625], [0.0, 0.0, 0.0, 1.0]]], "view": [[0.0, -2.0, 100.0], [-2.0, 0.0, 100.0], [0.0, 0.0, 1.0]], "bev": "bev_5db5b4e3171f426ba36ca16b50ee4ab3.png", "aux": "aux_5db5b4e3171f426ba36ca16b50ee4ab3.npz", "visibility": "visibility_5db5b4e3171f426ba36ca16b50ee4ab3.png", "pose": [[-0.9989339709281921, 0.046161361038684845, 0.0, 1755.6302490234375], [-0.046161361038684845, -0.9989339709281921, 0.0, 869.5430908203125], [0.0, 0.0, 1.0, 0.0], [0.0, 0.0, 0.0, 1.0]], "pose_inverse": [[-0.9989339709281921, -0.046161361038684845, 0.0, 1793.8980712890625], [0.046161361038684845, -0.9989339709281921, 0.0, 787.5738525390625], [0.0, 0.0, 1.0, 0.0], [0.0, 0.0, 0.0, 1.0]], "cam_ids": [0, 1, 2, 3, 4, 5], "cam_channels": ["CAM_FRONT_LEFT", "CAM_FRONT", "CAM_FRONT_RIGHT", "CAM_BACK_LEFT", "CAM_BACK", "CAM_BACK_RIGHT"], "token": "5db5b4e3171f426ba36ca16b50ee4ab3", "scene": "scene-0285"}, {"images": ["samples/CAM_FRONT_LEFT/n008-2018-08-31-11-19-57-0400__CAM_FRONT_LEFT__1535728857404799.jpg", "samples/CAM_FRONT/n008-2018-08-31-11-19-57-0400__CAM_FRONT__1535728857412404.jpg", "samples/CAM_FRONT_RIGHT/n008-2018-08-31-11-19-57-0400__CAM_FRONT_RIGHT__1535728857420482.jpg", "samples/CAM_BACK_LEFT/n008-2018-08-31-11-19-57-0400__CAM_BACK_LEFT__1535728857447455.jpg", "samples/CAM_BACK/n008-2018-08-31-11-19-57-0400__CAM_BACK__1535728857437558.jpg", "samples/CAM_BACK_RIGHT/n008-2018-08-31-11-19-57-0400__CAM_BACK_RIGHT__1535728857428113.jpg"], "intrinsics": [[[1257.8625342125129, 0.0, 827.2410631095686], [0.0, 1257.8625342125129, 450.915498205774], [0.0, 0.0, 1.0]], [[1252.8131021185304, 0.0, 826.588114781398], [0.0, 1252.8131021185304, 469.9846626224581], [0.0, 0.0, 1.0]], [[1256.7485116440405, 0.0, 817.7887570959712], [0.0, 1256.7485116440403, 451.9541780095127], [0.0, 0.0, 1.0]], [[1254.9860565800168, 0.0, 829.5769333630991], [0.0, 1254.9860565800168, 467.1680561863987], [0.0, 0.0, 1.0]], [[796.8910634503094, 0.0, 857.7774326863696], [0.0, 796.8910634503094, 476.8848988407415], [0.0, 0.0, 1.0]], [[1249.9629280788233, 0.0, 825.3768045375984], [0.0, 1249.9629280788233, 462.54816385708756], [0.0, 0.0, 1.0]]], "extrinsics": [[[0.8226399421691895, -0.5684409737586975, -0.011766405776143074, -0.7750244140625], [0.0071660373359918594, 0.03105950728058815, -0.9994918704032898, 1.4901809692382812], [0.5685175657272339, 0.8221376538276672, 0.02962425723671913, -1.178466796875], [0.0, 0.0, 0.0, 1.0]], [[0.010374272242188454, -0.9995864629745483, -0.026817357167601585, 0.0103759765625], [0.009137745015323162, 0.026912450790405273, -0.9995960593223572, 1.482177734375], [0.9999043941497803, 0.010125028900802135, 0.009413163177669048, -1.50634765625], [0.0, 0.0, 0.0, 1.0]], [[-0.8439416289329529, -0.5358865857124329, -0.024249382317066193, 0.94287109375], [0.017177028581500053, 0.018185539171099663, -0.9996870756149292, 1.4960594177246094], [0.5361598134040833, -0.8440941572189331, -0.006142595317214727, -1.1812744140625], [0.0, 0.0, 0.0, 1.0]], [[0.947878897190094, 0.3186185956001282, 0.002812874037772417, -1.1397705078125], [-0.00823500007390976, 0.033321965485811234, -0.9994107484817505, 1.5620040893554688], [-0.31852462887763977, 0.9472970962524414, 0.03420901298522949, -0.157562255859375], [0.0, 0.0, 0.0, 1.0]], [[0.009206128306686878, 0.9996262788772583, 0.025740431621670723, -0.02899169921875], [-0.006081306375563145, 0.025797013193368912, -0.9996486306190491, 1.5676326751708984], [-0.9999391436576843, 0.00904635339975357, 0.006316523067653179, -0.02294921875], [0.0, 0.0, 0.0, 1.0]], [[-0.923733651638031, 0.3830243945121765, 0.002915337448939681, 1.042724609375], [-0.0018707539420574903, 0.0030996447894722223, -0.9999934434890747, 1.5475695133209229], [-0.38303089141845703, -0.9237330555915833, -0.0021467015612870455, -0.0909423828125], [0.0, 0.0, 0.0, 1.0]]], "view": [[0.0, -2.0, 100.0], [-2.0, 0.0, 100.0], [0.0, 0.0, 1.0]], "bev": "bev_547b6d55e7db4fb3a2bd3e20f5a6f764.png", "aux": "aux_547b6d55e7db4fb3a2bd3e20f5a6f764.npz", "visibility": "visibility_547b6d55e7db4fb3a2bd3e20f5a6f764.png", "pose": [[-0.9990249872207642, 0.044149000197649, 0.0, 1752.4581298828125], [-0.044149000197649, -0.9990249872207642, 0.0, 869.4345703125], [0.0, 0.0, 1.0, 0.0], [0.0, 0.0, 0.0, 1.0]], "pose_inverse": [[-0.9990249872207642, -0.044149000197649, 0.0, 1789.134033203125], [0.044149000197649, -0.9990249872207642, 0.0, 791.217529296875], [0.0, 0.0, 1.0, 0.0], [0.0, 0.0, 0.0, 1.0]], "cam_ids": [0, 1, 2, 3, 4, 5], "cam_channels": ["CAM_FRONT_LEFT", "CAM_FRONT", "CAM_FRONT_RIGHT", "CAM_BACK_LEFT", "CAM_BACK", "CAM_BACK_RIGHT"], "token": "547b6d55e7db4fb3a2bd3e20f5a6f764", "scene": "scene-0285"}, {"images": ["samples/CAM_FRONT_LEFT/n008-2018-08-31-11-19-57-0400__CAM_FRONT_LEFT__1535728857904799.jpg", "samples/CAM_FRONT/n008-2018-08-31-11-19-57-0400__CAM_FRONT__1535728857912404.jpg", "samples/CAM_FRONT_RIGHT/n008-2018-08-31-11-19-57-0400__CAM_FRONT_RIGHT__1535728857920482.jpg", "samples/CAM_BACK_LEFT/n008-2018-08-31-11-19-57-0400__CAM_BACK_LEFT__1535728857947405.jpg", "samples/CAM_BACK/n008-2018-08-31-11-19-57-0400__CAM_BACK__1535728857937558.jpg", "samples/CAM_BACK_RIGHT/n008-2018-08-31-11-19-57-0400__CAM_BACK_RIGHT__1535728857928113.jpg"], "intrinsics": [[[1257.8625342125129, 0.0, 827.2410631095686], [0.0, 1257.8625342125129, 450.915498205774], [0.0, 0.0, 1.0]], [[1252.8131021185304, 0.0, 826.588114781398], [0.0, 1252.8131021185304, 469.9846626224581], [0.0, 0.0, 1.0]], [[1256.7485116440405, 0.0, 817.7887570959712], [0.0, 1256.7485116440403, 451.9541780095127], [0.0, 0.0, 1.0]], [[1254.9860565800168, 0.0, 829.5769333630991], [0.0, 1254.9860565800168, 467.1680561863987], [0.0, 0.0, 1.0]], [[796.8910634503094, 0.0, 857.7774326863696], [0.0, 796.8910634503094, 476.8848988407415], [0.0, 0.0, 1.0]], [[1249.9629280788233, 0.0, 825.3768045375984], [0.0, 1249.9629280788233, 462.54816385708756], [0.0, 0.0, 1.0]]], "extrinsics": [[[0.8225727677345276, -0.5684988498687744, -0.013535127975046635, -0.7735595703125], [0.006240392103791237, 0.03282460197806358, -0.9994416832923889, 1.489990234375], [0.5686256885528564, 0.8220289349555969, 0.030548278242349625, -1.1754150390625], [0.0, 0.0, 0.0, 1.0]], [[0.0102961091324687, -0.9995368719100952, -0.028634339570999146, 0.00909423828125], [0.008190781809389591, 0.02871919982135296, -0.999553918838501, 1.4820175170898438], [0.9999134540557861, 0.010056980885565281, 0.008482685312628746, -1.5037841796875], [0.0, 0.0, 0.0, 1.0]], [[-0.8439670205116272, -0.5358386635780334, -0.024423418566584587, 0.9403076171875], [0.016207821667194366, 0.020036695525050163, -0.9996678233146667, 1.4959487915039062], [0.5361500382423401, -0.8440826535224915, -0.008225534111261368, -1.180816650390625], [0.0, 0.0, 0.0, 1.0]], [[0.9478365778923035, 0.31874585151672363, 0.0026298335287719965, -1.142333984375], [-0.009099154733121395, 0.03530271723866463, -0.9993352293968201, 1.562037467956543], [-0.3186268210411072, 0.9471825361251831, 0.03636152669787407, -0.1565093994140625], [0.0, 0.0, 0.0, 1.0]], [[0.009136798791587353, 0.9995753765106201, 0.027665631845593452, -0.028564453125], [-0.006958363112062216, 0.027729671448469162, -0.9995912313461304, 1.5675897598266602], [-0.9999340176582336, 0.008940562605857849, 0.007208770141005516, -0.022216796875], [0.0, 0.0, 0.0, 1.0]], [[-0.9237483143806458, 0.38297346234321594, 0.004503725562244654, 1.041259765625], [-0.0028070127591490746, 0.004989060573279858, -0.9999836087226868, 1.5474458932876587], [-0.3829896152019501, -0.9237458109855652, -0.0035336241126060486, -0.0926513671875], [0.0, 0.0, 0.0, 1.0]]], "view": [[0.0, -2.0, 100.0], [-2.0, 0.0, 100.0], [0.0, 0.0, 1.0]], "bev": "bev_935dc096b3d0401b9254871fabeea1db.png", "aux": "aux_935dc096b3d0401b9254871fabeea1db.npz", "visibility": "visibility_935dc096b3d0401b9254871fabeea1db.png", "pose": [[-0.9989712238311768, 0.04534796252846718, 0.0, 1749.2642822265625], [-0.04534796252846718, -0.9989712238311768, 0.0, 869.307861328125], [0.0, 0.0, 1.0, 0.0], [0.0, 0.0, 0.0, 1.0]], "pose_inverse": [[-0.9989712238311768, -0.04534796252846718, 0.0, 1786.8861083984375], [0.04534796252846718, -0.9989712238311768, 0.0, 789.0880126953125], [0.0, 0.0, 1.0, 0.0], [0.0, 0.0, 0.0, 1.0]], "cam_ids": [0, 1, 2, 3, 4, 5], "cam_channels": ["CAM_FRONT_LEFT", "CAM_FRONT", "CAM_FRONT_RIGHT", "CAM_BACK_LEFT", "CAM_BACK", "CAM_BACK_RIGHT"], "token": "935dc096b3d0401b9254871fabeea1db", "scene": "scene-0285"}, {"images": ["samples/CAM_FRONT_LEFT/n008-2018-08-31-11-19-57-0400__CAM_FRONT_LEFT__1535728858404799.jpg", "samples/CAM_FRONT/n008-2018-08-31-11-19-57-0400__CAM_FRONT__1535728858412744.jpg", "samples/CAM_FRONT_RIGHT/n008-2018-08-31-11-19-57-0400__CAM_FRONT_RIGHT__1535728858420482.jpg", "samples/CAM_BACK_LEFT/n008-2018-08-31-11-19-57-0400__CAM_BACK_LEFT__1535728858447522.jpg", "samples/CAM_BACK/n008-2018-08-31-11-19-57-0400__CAM_BACK__1535728858437558.jpg", "samples/CAM_BACK_RIGHT/n008-2018-08-31-11-19-57-0400__CAM_BACK_RIGHT__1535728858428113.jpg"], "intrinsics": [[[1257.8625342125129, 0.0, 827.2410631095686], [0.0, 1257.8625342125129, 450.915498205774], [0.0, 0.0, 1.0]], [[1252.8131021185304, 0.0, 826.588114781398], [0.0, 1252.8131021185304, 469.9846626224581], [0.0, 0.0, 1.0]], [[1256.7485116440405, 0.0, 817.7887570959712], [0.0, 1256.7485116440403, 451.9541780095127], [0.0, 0.0, 1.0]], [[1254.9860565800168, 0.0, 829.5769333630991], [0.0, 1254.9860565800168, 467.1680561863987], [0.0, 0.0, 1.0]], [[796.8910634503094, 0.0, 857.7774326863696], [0.0, 796.8910634503094, 476.8848988407415], [0.0, 0.0, 1.0]], [[1249.9629280788233, 0.0, 825.3768045375984], [0.0, 1249.9629280788233, 462.54816385708756], [0.0, 0.0, 1.0]]], "extrinsics": [[[0.8225350379943848, -0.5685224533081055, -0.014775549061596394, -0.78240966796875], [0.005122721195220947, 0.03338608145713806, -0.9994293451309204, 1.4896163940429688], [0.5686912536621094, 0.8219900727272034, 0.030373604968190193, -1.1815185546875], [0.0, 0.0, 0.0, 1.0]], [[0.01025957427918911, -0.9995243549346924, -0.02908225730061531, 0.0091552734375], [0.007087529171258211, 0.02915574610233307, -0.9995497465133667, 1.4816780090332031], [0.9999222159385681, 0.010048833675682545, 0.007383283693343401, -1.5145263671875], [0.0, 0.0, 0.0, 1.0]], [[-0.8439774513244629, -0.5358560681343079, -0.02367321401834488, 0.94580078125], [0.015119438990950584, 0.020350873470306396, -0.9996784925460815, 1.4956512451171875], [0.5361655950546265, -0.8440640568733215, -0.009073835797607899, -1.184051513671875], [0.0, 0.0, 0.0, 1.0]], [[0.9478845000267029, 0.3186103403568268, 0.001523832674138248, -1.1416015625], [-0.01022188737988472, 0.03519025072455406, -0.9993283748626709, 1.5620155334472656], [-0.318450003862381, 0.9472323060035706, 0.0366130955517292, -0.1568603515625], [0.0, 0.0, 0.0, 1.0]], [[0.009211098775267601, 0.9995744228363037, 0.027680648490786552, -0.02886962890625], [-0.008101816289126873, 0.027755513787269592, -0.9995819330215454, 1.5675134658813477], [-0.9999247789382935, 0.00898298155516386, 0.008354026824235916, -0.0211181640625], [0.0, 0.0, 0.0, 1.0]], [[-0.9237627387046814, 0.38292333483695984, 0.005651992745697498, 1.0447998046875], [-0.003974036313593388, 0.005172849632799625, -0.9999787211418152, 1.547309160232544], [-0.38294440507888794, -0.9237656593322754, -0.0032567339949309826, -0.090576171875], [0.0, 0.0, 0.0, 1.0]]], "view": [[0.0, -2.0, 100.0], [-2.0, 0.0, 100.0], [0.0, 0.0, 1.0]], "bev": "bev_0a8472a2ba544a129e5d4e4c14fccb8d.png", "aux": "aux_0a8472a2ba544a129e5d4e4c14fccb8d.npz", "visibility": "visibility_0a8472a2ba544a129e5d4e4c14fccb8d.png", "pose": [[-0.9989010691642761, 0.04686819761991501, 0.0, 1746.031005859375], [-0.04686819761991501, -0.9989010691642761, 0.0, 869.1782836914062], [0.0, 0.0, 1.0, 0.0], [0.0, 0.0, 0.0, 1.0]], "pose_inverse": [[-0.9989010691642761, -0.04686819761991501, 0.0, 1784.84912109375], [0.04686819761991501, -0.9989010691642761, 0.0, 786.3898315429688], [0.0, 0.0, 1.0, 0.0], [0.0, 0.0, 0.0, 1.0]], "cam_ids": [0, 1, 2, 3, 4, 5], "cam_channels": ["CAM_FRONT_LEFT", "CAM_FRONT", "CAM_FRONT_RIGHT", "CAM_BACK_LEFT", "CAM_BACK", "CAM_BACK_RIGHT"], "token": "0a8472a2ba544a129e5d4e4c14fccb8d", "scene": "scene-0285"}, {"images": ["samples/CAM_FRONT_LEFT/n008-2018-08-31-11-19-57-0400__CAM_FRONT_LEFT__1535728858904799.jpg", "samples/CAM_FRONT/n008-2018-08-31-11-19-57-0400__CAM_FRONT__1535728858912404.jpg", "samples/CAM_FRONT_RIGHT/n008-2018-08-31-11-19-57-0400__CAM_FRONT_RIGHT__1535728858920482.jpg", "samples/CAM_BACK_LEFT/n008-2018-08-31-11-19-57-0400__CAM_BACK_LEFT__1535728858947405.jpg", "samples/CAM_BACK/n008-2018-08-31-11-19-57-0400__CAM_BACK__1535728858937558.jpg", "samples/CAM_BACK_RIGHT/n008-2018-08-31-11-19-57-0400__CAM_BACK_RIGHT__1535728858928113.jpg"], "intrinsics": [[[1257.8625342125129, 0.0, 827.2410631095686], [0.0, 1257.8625342125129, 450.915498205774], [0.0, 0.0, 1.0]], [[1252.8131021185304, 0.0, 826.588114781398], [0.0, 1252.8131021185304, 469.9846626224581], [0.0, 0.0, 1.0]], [[1256.7485116440405, 0.0, 817.7887570959712], [0.0, 1256.7485116440403, 451.9541780095127], [0.0, 0.0, 1.0]], [[1254.9860565800168, 0.0, 829.5769333630991], [0.0, 1254.9860565800168, 467.1680561863987], [0.0, 0.0, 1.0]], [[796.8910634503094, 0.0, 857.7774326863696], [0.0, 796.8910634503094, 476.8848988407415], [0.0, 0.0, 1.0]], [[1249.9629280788233, 0.0, 825.3768045375984], [0.0, 1249.9629280788233, 462.54816385708756], [0.0, 0.0, 1.0]]], "extrinsics": [[[0.8226279020309448, -0.5684103965759277, -0.013899042271077633, -0.77471923828125], [0.0048244488425552845, 0.03142227232456207, -0.9994945526123047, 1.48956298828125], [0.5685597062110901, 0.8221449851989746, 0.028591100126504898, -1.1768798828125], [0.0, 0.0, 0.0, 1.0]], [[0.010393781587481499, -0.9995788335800171, -0.027095437049865723, 0.00970458984375], [0.006724326405674219, 0.027166157960891724, -0.9996083378791809, 1.4816513061523438], [0.9999234676361084, 0.010207504965364933, 0.0070038530975580215, -1.5054931640625], [0.0, 0.0, 0.0, 1.0]], [[-0.8439250588417053, -0.5360007286071777, -0.022223973646759987, 0.941650390625], [0.01468844898045063, 0.018324408680200577, -0.9997241497039795, 1.4956550598144531], [0.5362601280212402, -0.8440187573432922, -0.0075914086773991585, -1.181304931640625], [0.0, 0.0, 0.0, 1.0]], [[0.9478697180747986, 0.31865832209587097, 0.0001952727179741487, -1.141357421875], [-0.010856954380869865, 0.03290713578462601, -0.9993994235992432, 1.5620145797729492], [-0.3184733986854553, 0.9472982883453369, 0.03465133160352707, -0.1569671630859375], [0.0, 0.0, 0.0, 1.0]], [[0.009156603366136551, 0.9996325373649597, 0.025515630841255188, -0.02874755859375], [-0.008633584715425968, 0.02559478208422661, -0.9996350407600403, 1.5674724578857422], [-0.9999208450317383, 0.00893296767026186, 0.008864772506058216, -0.022705078125], [0.0, 0.0, 0.0, 1.0]], [[-0.9237945675849915, 0.3828525245189667, 0.005244150757789612, 1.041748046875], [-0.004388928413391113, 0.0031072190031409264, -0.9999855160713196, 1.547245979309082], [-0.38286322355270386, -0.9238042831420898, -0.001190120237879455, -0.0919189453125], [0.0, 0.0, 0.0, 1.0]]], "view": [[0.0, -2.0, 100.0], [-2.0, 0.0, 100.0], [0.0, 0.0, 1.0]], "bev": "bev_cf30852ee525493d928b8ba88ab8d1cc.png", "aux": "aux_cf30852ee525493d928b8ba88ab8d1cc.npz", "visibility": "visibility_cf30852ee525493d928b8ba88ab8d1cc.png", "pose": [[-0.9988616108894348, 0.047702398151159286, 0.0, 1742.8421630859375], [-0.047702398151159286, -0.9988616108894348, 0.0, 869.0491943359375], [0.0, 0.0, 1.0, 0.0], [0.0, 0.0, 0.0, 1.0]], "pose_inverse": [[-0.9988616108894348, -0.047702398151159286, 0.0, 1782.3138427734375], [0.047702398151159286, -0.9988616108894348, 0.0, 784.922119140625], [0.0, 0.0, 1.0, 0.0], [0.0, 0.0, 0.0, 1.0]], "cam_ids": [0, 1, 2, 3, 4, 5], "cam_channels": ["CAM_FRONT_LEFT", "CAM_FRONT", "CAM_FRONT_RIGHT", "CAM_BACK_LEFT", "CAM_BACK", "CAM_BACK_RIGHT"], "token": "cf30852ee525493d928b8ba88ab8d1cc", "scene": "scene-0285"}, {"images": ["samples/CAM_FRONT_LEFT/n008-2018-08-31-11-19-57-0400__CAM_FRONT_LEFT__1535728859354799.jpg", "samples/CAM_FRONT/n008-2018-08-31-11-19-57-0400__CAM_FRONT__1535728859362404.jpg", "samples/CAM_FRONT_RIGHT/n008-2018-08-31-11-19-57-0400__CAM_FRONT_RIGHT__1535728859370482.jpg", "samples/CAM_BACK_LEFT/n008-2018-08-31-11-19-57-0400__CAM_BACK_LEFT__1535728859397405.jpg", "samples/CAM_BACK/n008-2018-08-31-11-19-57-0400__CAM_BACK__1535728859387558.jpg", "samples/CAM_BACK_RIGHT/n008-2018-08-31-11-19-57-0400__CAM_BACK_RIGHT__1535728859378113.jpg"], "intrinsics": [[[1257.8625342125129, 0.0, 827.2410631095686], [0.0, 1257.8625342125129, 450.915498205774], [0.0, 0.0, 1.0]], [[1252.8131021185304, 0.0, 826.588114781398], [0.0, 1252.8131021185304, 469.9846626224581], [0.0, 0.0, 1.0]], [[1256.7485116440405, 0.0, 817.7887570959712], [0.0, 1256.7485116440403, 451.9541780095127], [0.0, 0.0, 1.0]], [[1254.9860565800168, 0.0, 829.5769333630991], [0.0, 1254.9860565800168, 467.1680561863987], [0.0, 0.0, 1.0]], [[796.8910634503094, 0.0, 857.7774326863696], [0.0, 796.8910634503094, 476.8848988407415], [0.0, 0.0, 1.0]], [[1249.9629280788233, 0.0, 825.3768045375984], [0.0, 1249.9629280788233, 462.54816385708756], [0.0, 0.0, 1.0]]], "extrinsics": [[[0.822532594203949, -0.5686346888542175, -0.009731163270771503, -0.76837158203125], [0.005376563873142004, 0.024884887039661407, -0.9996758103370667, 1.4897918701171875], [0.5686925053596497, 0.8222137093544006, 0.02352592907845974, -1.1719970703125], [0.0, 0.0, 0.0, 1.0]], [[0.010262271389365196, -0.9997344017028809, -0.02063557133078575, 0.00927734375], [0.007251034490764141, 0.02071051485836506, -0.9997592568397522, 1.4818439483642578], [0.9999210834503174, 0.010110169649124146, 0.007461646106094122, -1.4991455078125], [0.0, 0.0, 0.0, 1.0]], [[-0.8439801335334778, -0.5360294580459595, -0.019234158098697662, 0.9376220703125], [0.015215419232845306, 0.01191922090947628, -0.9998131394386292, 1.4958267211914062], [0.536158561706543, -0.844115138053894, -0.0019036737503483891, -1.178955078125], [0.0, 0.0, 0.0, 1.0]], [[0.9478736519813538, 0.3186432719230652, -0.00141735072247684, -1.1405029296875], [-0.01041283831000328, 0.0265289768576622, -0.9995938539505005, 1.5620038509368896], [-0.31847625970840454, 0.9475033283233643, 0.028464099392294884, -0.1573638916015625], [0.0, 0.0, 0.0, 1.0]], [[0.009217302314937115, 0.9997738003730774, 0.019165730103850365, -0.028564453125], [-0.008208333514630795, 0.0192415490746498