[{"images": ["samples/CAM_FRONT_LEFT/n015-2018-08-03-15-21-40+0800__CAM_FRONT_LEFT__1533281009004844.jpg", "samples/CAM_FRONT/n015-2018-08-03-15-21-40+0800__CAM_FRONT__1533281009012479.jpg", "samples/CAM_FRONT_RIGHT/n015-2018-08-03-15-21-40+0800__CAM_FRONT_RIGHT__1533281009020339.jpg", "samples/CAM_BACK_LEFT/n015-2018-08-03-15-21-40+0800__CAM_BACK_LEFT__1533281009047423.jpg", "samples/CAM_BACK/n015-2018-08-03-15-21-40+0800__CAM_BACK__1533281009037525.jpg", "samples/CAM_BACK_RIGHT/n015-2018-08-03-15-21-40+0800__CAM_BACK_RIGHT__1533281009027893.jpg"], "intrinsics": [[[1272.5979470598488, 0.0, 826.6154927353808], [0.0, 1272.5979470598488, 479.75165386361925], [0.0, 0.0, 1.0]], [[1266.417203046554, 0.0, 816.2670197447984], [0.0, 1266.417203046554, 491.50706579294757], [0.0, 0.0, 1.0]], [[1260.8474446004698, 0.0, 807.968244525554], [0.0, 1260.8474446004698, 495.3344268742088], [0.0, 0.0, 1.0]], [[1256.7414812095406, 0.0, 792.1125740759628], [0.0, 1256.7414812095406, 492.7757465151356], [0.0, 0.0, 1.0]], [[809.2209905677063, 0.0, 829.2196003259838], [0.0, 809.2209905677063, 481.77842384512485], [0.0, 0.0, 1.0]], [[1259.5137405846733, 0.0, 807.2529053838625], [0.0, 1259.5137405846733, 501.19579884916527], [0.0, 0.0, 1.0]]], "extrinsics": [[[0.818403959274292, -0.5746270418167114, -0.0043172650039196014, -0.718994140625], [-0.02409905195236206, -0.026814449578523636, -0.9993498921394348, 1.5010337829589844], [0.5741376280784607, 0.8179759979248047, -0.03579302132129669, -1.1085205078125], [0.0, 0.0, 0.0, 1.0]], [[0.0027309993747621775, -0.9995238184928894, 0.030733147636055946, 0.0062255859375], [-0.0294830109924078, -0.030800383538007736, -0.9990906119346619, 1.5131797790527344], [0.9995614886283875, 0.0018224251689389348, -0.029553089290857315, -1.4426116943359375], [0.0, 0.0, 0.0, 1.0]], [[-0.834195613861084, -0.5507869124412537, 0.027410278096795082, 0.8671875], [-0.023893890902400017, -0.01355833187699318, -0.9996225237846375, 1.4989147186279297], [0.5509505867958069, -0.8345357179641724, -0.0018501377198845148, -1.13934326171875], [0.0, 0.0, 0.0, 1.0]], [[0.9476286768913269, 0.3180868625640869, -0.028646035119891167, -1.125579833984375], [-0.015457093715667725, -0.04391063004732132, -0.9989159107208252, 1.5882835388183594], [-0.31899985671043396, 0.9470441341400146, -0.036694277077913284, -0.1092529296875], [0.0, 0.0, 0.0, 1.0]], [[0.0032768198288977146, 0.9994174838066101, -0.03396984562277794, 0.003173828125], [-0.04082558676600456, -0.03380800411105156, -0.9985941648483276, 1.5759315490722656], [-0.9991609454154968, 0.004659038968384266, 0.04069102182984352, -0.081878662109375], [0.0, 0.0, 0.0, 1.0]], [[-0.9341544508934021, 0.35686740279197693, 0.0009509384981356561, 0.997711181640625], [-0.008106146939098835, -0.018554935231804848, -0.9997950196266174, 1.5502490997314453], [-0.3567765951156616, -0.9339708089828491, 0.020225996151566505, -0.11669921875], [0.0, 0.0, 0.0, 1.0]]], "view": [[0.0, -2.0, 100.0], [-2.0, 0.0, 100.0], [0.0, 0.0, 1.0]], "bev": "bev_234a114c071b489f91126079d9ec7a84.png", "aux": "aux_234a114c071b489f91126079d9ec7a84.npz", "visibility": "visibility_234a114c071b489f91126079d9ec7a84.png", "pose": [[0.9346069693565369, 0.3556821048259735, 0.0, 485.1930236816406], [-0.3556821048259735, 0.9346069693565369, 0.0, 1076.0155029296875], [0.0, 0.0, 1.0, 0.0], [0.0, 0.0, 0.0, 1.0]], "pose_inverse": [[0.9346069693565369, -0.3556821048259735, 0.0, -70.74532318115234], [0.3556821048259735, 0.9346069693565369, 0.0, -1178.22607421875], [0.0, 0.0, 1.0, 0.0], [0.0, 0.0, 0.0, 1.0]], "cam_ids": [0, 1, 2, 3, 4, 5], "cam_channels": ["CAM_FRONT_LEFT", "CAM_FRONT", "CAM_FRONT_RIGHT", "CAM_BACK_LEFT", "CAM_BACK", "CAM_BACK_RIGHT"], "token": "234a114c071b489f91126079d9ec7a84", "scene": "scene-0377"}, {"images": ["samples/CAM_FRONT_LEFT/n015-2018-08-03-15-21-40+0800__CAM_FRONT_LEFT__1533281009504844.jpg", "samples/CAM_FRONT/n015-2018-08-03-15-21-40+0800__CAM_FRONT__1533281009512460.jpg", "samples/CAM_FRONT_RIGHT/n015-2018-08-03-15-21-40+0800__CAM_FRONT_RIGHT__1533281009520339.jpg", "samples/CAM_BACK_LEFT/n015-2018-08-03-15-21-40+0800__CAM_BACK_LEFT__1533281009547423.jpg", "samples/CAM_BACK/n015-2018-08-03-15-21-40+0800__CAM_BACK__1533281009537525.jpg", "samples/CAM_BACK_RIGHT/n015-2018-08-03-15-21-40+0800__CAM_BACK_RIGHT__1533281009527893.jpg"], "intrinsics": [[[1272.5979470598488, 0.0, 826.6154927353808], [0.0, 1272.5979470598488, 479.75165386361925], [0.0, 0.0, 1.0]], [[1266.417203046554, 0.0, 816.2670197447984], [0.0, 1266.417203046554, 491.50706579294757], [0.0, 0.0, 1.0]], [[1260.8474446004698, 0.0, 807.968244525554], [0.0, 1260.8474446004698, 495.3344268742088], [0.0, 0.0, 1.0]], [[1256.7414812095406, 0.0, 792.1125740759628], [0.0, 1256.7414812095406, 492.7757465151356], [0.0, 0.0, 1.0]], [[809.2209905677063, 0.0, 829.2196003259838], [0.0, 809.2209905677063, 481.77842384512485], [0.0, 0.0, 1.0]], [[1259.5137405846733, 0.0, 807.2529053838625], [0.0, 1259.5137405846733, 501.19579884916527], [0.0, 0.0, 1.0]]], "extrinsics": [[[0.8167101144790649, -0.5770476460456848, -0.0007423633942380548, -0.74468994140625], [-0.020382096990942955, -0.02756156027317047, -0.9994122982025146, 1.5028190612792969], [0.5766880512237549, 0.8162452578544617, -0.0342712476849556, -1.1265869140625], [0.0, 0.0, 0.0, 1.0]], [[0.00012864744348917156, -0.999499499797821, 0.031631942838430405, 0.0062255859375], [-0.025697849690914154, -0.03162480518221855, -0.9991694092750549, 1.5148468017578125], [0.9996696710586548, -0.000684362486936152, -0.025689058005809784, -1.469329833984375], [0.0, 0.0, 0.0, 1.0]], [[-0.8354110717773438, -0.5490718483924866, 0.024662982672452927, 0.8858642578125], [-0.019989395514130592, -0.014490087516605854, -0.9996951818466187, 1.500143051147461], [0.5492618680000305, -0.8356494307518005, 0.001129566109739244, -1.151123046875], [0.0, 0.0, 0.0, 1.0]], [[0.9477739334106445, 0.3179342746734619, -0.02534359134733677, -1.128173828125], [-0.011544468812644482, -0.04521197825670242, -0.9989107251167297, 1.5883865356445312], [-0.3187337815761566, 0.9470341205596924, -0.03918035328388214, -0.1085205078125], [0.0, 0.0, 0.0, 1.0]], [[0.004290784243494272, 0.9993730783462524, -0.035145167261362076, 0.002685546875], [-0.03687066212296486, -0.03496348485350609, -0.9987082481384277, 1.57666015625], [-0.9993107914924622, 0.0055811139754951, 0.036697521805763245, -0.07171630859375], [0.0, 0.0, 0.0, 1.0]], [[-0.9335834383964539, 0.358346164226532, -0.0031495774164795876, 1.01373291015625], [-0.004159991629421711, -0.019625278189778328, -0.9997987151145935, 1.5509204864501953], [-0.3583359122276306, -0.933382511138916, 0.019812552258372307, -0.1097412109375], [0.0, 0.0, 0.0, 1.0]]], "view": [[0.0, -2.0, 100.0], [-2.0, 0.0, 100.0], [0.0, 0.0, 1.0]], "bev": "bev_4c648d21d7c741598bc7a467d7b815f7.png", "aux": "aux_4c648d21d7c741598bc7a467d7b815f7.npz", "visibility": "visibility_4c648d21d7c741598bc7a467d7b815f7.png", "pose": [[0.9539799094200134, 0.29987049102783203, 0.0, 488.13970947265625], [-0.29987049102783203, 0.9539799094200134, 0.0, 1074.972412109375], [0.0, 0.0, 1.0, 0.0], [0.0, 0.0, 0.0, 1.0]], "pose_inverse": [[0.9539799094200134, -0.29987049102783203, 0.0, -143.32298278808594], [0.29987049102783203, 0.9539799094200134, 0.0, -1171.8807373046875], [0.0, 0.0, 1.0, 0.0], [0.0, 0.0, 0.0, 1.0]], "cam_ids": [0, 1, 2, 3, 4, 5], "cam_channels": ["CAM_FRONT_LEFT", "CAM_FRONT", "CAM_FRONT_RIGHT", "CAM_BACK_LEFT", "CAM_BACK", "CAM_BACK_RIGHT"], "token": "4c648d21d7c741598bc7a467d7b815f7", "scene": "scene-0377"}, {"images": ["samples/CAM_FRONT_LEFT/n015-2018-08-03-15-21-40+0800__CAM_FRONT_LEFT__1533281010004844.jpg", "samples/CAM_FRONT/n015-2018-08-03-15-21-40+0800__CAM_FRONT__1533281010012460.jpg", "samples/CAM_FRONT_RIGHT/n015-2018-08-03-15-21-40+0800__CAM_FRONT_RIGHT__1533281010020339.jpg", "samples/CAM_BACK_LEFT/n015-2018-08-03-15-21-40+0800__CAM_BACK_LEFT__1533281010047423.jpg", "samples/CAM_BACK/n015-2018-08-03-15-21-40+0800__CAM_BACK__1533281010037576.jpg", "samples/CAM_BACK_RIGHT/n015-2018-08-03-15-21-40+0800__CAM_BACK_RIGHT__1533281010027893.jpg"], "intrinsics": [[[1272.5979470598488, 0.0, 826.6154927353808], [0.0, 1272.5979470598488, 479.75165386361925], [0.0, 0.0, 1.0]], [[1266.417203046554, 0.0, 816.2670197447984], [0.0, 1266.417203046554, 491.50706579294757], [0.0, 0.0, 1.0]], [[1260.8474446004698, 0.0, 807.968244525554], [0.0, 1260.8474446004698, 495.3344268742088], [0.0, 0.0, 1.0]], [[1256.7414812095406, 0.0, 792.1125740759628], [0.0, 1256.7414812095406, 492.7757465151356], [0.0, 0.0, 1.0]], [[809.2209905677063, 0.0, 829.2196003259838], [0.0, 809.2209905677063, 481.77842384512485], [0.0, 0.0, 1.0]], [[1259.5137405846733, 0.0, 807.2529053838625], [0.0, 1259.5137405846733, 501.19579884916527], [0.0, 0.0, 1.0]]], "extrinsics": [[[0.8195697069168091, -0.5729787349700928, 0.0009158412576653063, -0.7615966796875], [-0.025469694286584854, -0.03802771493792534, -0.9989520311355591, 1.5020294189453125], [0.5724130272865295, 0.8186875581741333, -0.045759957283735275, -1.140380859375], [0.0, 0.0, 0.0, 1.0]], [[0.004550495650619268, -0.999090313911438, 0.04239930585026741, 0.007568359375], [-0.030806707218289375, -0.04251968488097191, -0.9986205697059631, 1.5142784118652344], [0.9995149970054626, 0.003238043515011668, -0.03097217157483101, -1.4869384765625], [0.0, 0.0, 0.0, 1.0]], [[-0.8333994746208191, -0.5515453219413757, 0.035255223512649536, 0.89739990234375], [-0.025208188220858574, -0.025788988918066025, -0.9993494749069214, 1.49957275390625], [0.5520957112312317, -0.8337461352348328, 0.007589072920382023, -1.1578369140625], [0.0, 0.0, 0.0, 1.0]], [[0.9476068019866943, 0.317617803812027, -0.03406130522489548, -1.127197265625], [-0.016528252512216568, -0.05773461237549782, -0.9981951117515564, 1.5883026123046875], [-0.31901103258132935, 0.9464595317840576, -0.04946004971861839, -0.10888671875], [0.0, 0.0, 0.0, 1.0]], [[0.0027463354635983706, 0.9988788962364197, -0.047258906066417694, 0.00244140625], [-0.042001258581876755, -0.04710216075181961, -0.9980067014694214, 1.57647705078125], [-0.9991137385368347, 0.0047258175909519196, 0.041824810206890106, -0.0672760009765625], [0.0, 0.0, 0.0, 1.0]], [[-0.93450528383255, 0.35594111680984497, -0.002384970663115382, 1.0220947265625], [-0.009357444010674953, -0.03126439452171326, -0.9994673132896423, 1.5503387451171875], [-0.35582610964775085, -0.9339852333068848, 0.032547444105148315, -0.10595703125], [0.0, 0.0, 0.0, 1.0]]], "view": [[0.0, -2.0, 100.0], [-2.0, 0.0, 100.0], [0.0, 0.0, 1.0]], "bev": "bev_8a5138eb7f874a32981953512f4d3c93.png", "aux": "aux_8a5138eb7f874a32981953512f4d3c93.npz", "visibility": "visibility_8a5138eb7f874a32981953512f4d3c93.png", "pose": [[0.9711688756942749, 0.23839250206947327, 0.0, 490.87176513671875], [-0.23839250206947327, 0.9711688756942749, 0.0, 1074.208984375], [0.0, 0.0, 1.0, 0.0], [0.0, 0.0, 0.0, 1.0]], "pose_inverse": [[0.9711688756942749, -0.23839250206947327, 0.0, -220.6360321044922], [0.23839250206947327, 0.9711688756942749, 0.0, -1160.258544921875], [0.0, 0.0, 1.0, 0.0], [0.0, 0.0, 0.0, 1.0]], "cam_ids": [0, 1, 2, 3, 4, 5], "cam_channels": ["CAM_FRONT_LEFT", "CAM_FRONT", "CAM_FRONT_RIGHT", "CAM_BACK_LEFT", "CAM_BACK", "CAM_BACK_RIGHT"], "token": "8a5138eb7f874a32981953512f4d3c93", "scene": "scene-0377"}, {"images": ["samples/CAM_FRONT_LEFT/n015-2018-08-03-15-21-40+0800__CAM_FRONT_LEFT__1533281010404844.jpg", "samples/CAM_FRONT/n015-2018-08-03-15-21-40+0800__CAM_FRONT__1533281010412460.jpg", "samples/CAM_FRONT_RIGHT/n015-2018-08-03-15-21-40+0800__CAM_FRONT_RIGHT__1533281010420339.jpg", "samples/CAM_BACK_LEFT/n015-2018-08-03-15-21-40+0800__CAM_BACK_LEFT__1533281010447423.jpg", "samples/CAM_BACK/n015-2018-08-03-15-21-40+0800__CAM_BACK__1533281010437525.jpg", "samples/CAM_BACK_RIGHT/n015-2018-08-03-15-21-40+0800__CAM_BACK_RIGHT__1533281010427893.jpg"], "intrinsics": [[[1272.5979470598488, 0.0, 826.6154927353808], [0.0, 1272.5979470598488, 479.75165386361925], [0.0, 0.0, 1.0]], [[1266.417203046554, 0.0, 816.2670197447984], [0.0, 1266.417203046554, 491.50706579294757], [0.0, 0.0, 1.0]], [[1260.8474446004698, 0.0, 807.968244525554], [0.0, 1260.8474446004698, 495.3344268742088], [0.0, 0.0, 1.0]], [[1256.7414812095406, 0.0, 792.1125740759628], [0.0, 1256.7414812095406, 492.7757465151356], [0.0, 0.0, 1.0]], [[809.2209905677063, 0.0, 829.2196003259838], [0.0, 809.2209905677063, 481.77842384512485], [0.0, 0.0, 1.0]], [[1259.5137405846733, 0.0, 807.2529053838625], [0.0, 1259.5137405846733, 501.19579884916527], [0.0, 0.0, 1.0]]], "extrinsics": [[[0.8228649497032166, -0.5681899189949036, 0.007310278248041868, -0.776763916015625], [-0.018318818882107735, -0.03938346728682518, -0.9990562200546265, 1.504150390625], [0.5679416060447693, 0.8219544291496277, -0.04281584545969963, -1.1524658203125], [0.0, 0.0, 0.0, 1.0]], [[0.009049148298799992, -0.9990328550338745, 0.04302988573908806, 0.0081787109375], [-0.02361474186182022, -0.043233152478933334, -0.9987859129905701, 1.5161209106445312], [0.9996801614761353, 0.008021974004805088, -0.023983122780919075, -1.5027618408203125], [0.0, 0.0, 0.0, 1.0]], [[-0.8314633369445801, -0.5548047423362732, 0.029331447556614876, 0.90789794921875], [-0.018050992861390114, -0.02578955516219139, -0.9995043873786926, 1.5009574890136719], [0.5552862286567688, -0.8315806984901428, 0.011428293772041798, -1.16412353515625], [0.0, 0.0, 0.0, 1.0]], [[0.9476108551025391, 0.31830963492393494, -0.02669690176844597, -1.1268310546875], [-0.009462649933993816, -0.05556711554527283, -0.9984101057052612, 1.588409423828125], [-0.3192870318889618, 0.9463568329811096, -0.049643948674201965, -0.1090087890625], [0.0, 0.0, 0.0, 1.0]], [[0.0011958987452089787, 0.9989513158798218, -0.04576902836561203, 0.0023193359375], [-0.03481068089604378, -0.04569973424077034, -0.9983484745025635, 1.5771102905273438], [-0.999393105506897, 0.0027871800120919943, 0.034719523042440414, -0.063201904296875], [0.0, 0.0, 0.0, 1.0]], [[-0.9355504512786865, 0.35308441519737244, -0.008766336366534233, 1.030303955078125], [-0.0021721546072512865, -0.030571674928069115, -0.9995301961898804, 1.5512351989746094], [-0.3531865179538727, -0.9350918531417847, 0.02936829812824726, -0.1025390625], [0.0, 0.0, 0.0, 1.0]]], "view": [[0.0, -2.0, 100.0], [-2.0, 0.0, 100.0], [0.0, 0.0, 1.0]], "bev": "bev_69fbcab21de34db3b064cd1881fd3ce0.png", "aux": "aux_69fbcab21de34db3b064cd1881fd3ce0.npz", "visibility": "visibility_69fbcab21de34db3b064cd1881fd3ce0.png", "pose": [[0.9667657613754272, 0.2556637227535248, 0.0, 492.87493896484375], [-0.2556637227535248, 0.9667657613754272, 0.0, 1073.68017578125], [0.0, 0.0, 1.0, 0.0], [0.0, 0.0, 0.0, 1.0]], "pose_inverse": [[0.9667657613754272, -0.2556637227535248, 0.0, -201.99354553222656], [0.2556637227535248, 0.9667657613754272, 0.0, -1164.0074462890625], [0.0, 0.0, 1.0, 0.0], [0.0, 0.0, 0.0, 1.0]], "cam_ids": [0, 1, 2, 3, 4, 5], "cam_channels": ["CAM_FRONT_LEFT", "CAM_FRONT", "CAM_FRONT_RIGHT", "CAM_BACK_LEFT", "CAM_BACK", "CAM_BACK_RIGHT"], "token": "69fbcab21de34db3b064cd1881fd3ce0", "scene": "scene-0377"}, {"images": ["samples/CAM_FRONT_LEFT/n015-2018-08-03-15-21-40+0800__CAM_FRONT_LEFT__1533281010904844.jpg", "samples/CAM_FRONT/n015-2018-08-03-15-21-40+0800__CAM_FRONT__1533281010912460.jpg", "samples/CAM_FRONT_RIGHT/n015-2018-08-03-15-21-40+0800__CAM_FRONT_RIGHT__1533281010920339.jpg", "samples/CAM_BACK_LEFT/n015-2018-08-03-15-21-40+0800__CAM_BACK_LEFT__1533281010947423.jpg", "samples/CAM_BACK/n015-2018-08-03-15-21-40+0800__CAM_BACK__1533281010937525.jpg", "samples/CAM_BACK_RIGHT/n015-2018-08-03-15-21-40+0800__CAM_BACK_RIGHT__1533281010927893.jpg"], "intrinsics": [[[1272.5979470598488, 0.0, 826.6154927353808], [0.0, 1272.5979470598488, 479.75165386361925], [0.0, 0.0, 1.0]], [[1266.417203046554, 0.0, 816.2670197447984], [0.0, 1266.417203046554, 491.50706579294757], [0.0, 0.0, 1.0]], [[1260.8474446004698, 0.0, 807.968244525554], [0.0, 1260.8474446004698, 495.3344268742088], [0.0, 0.0, 1.0]], [[1256.7414812095406, 0.0, 792.1125740759628], [0.0, 1256.7414812095406, 492.7757465151356], [0.0, 0.0, 1.0]], [[809.2209905677063, 0.0, 829.2196003259838], [0.0, 809.2209905677063, 481.77842384512485], [0.0, 0.0, 1.0]], [[1259.5137405846733, 0.0, 807.2529053838625], [0.0, 1259.5137405846733, 501.19579884916527], [0.0, 0.0, 1.0]]], "extrinsics": [[[0.8232583999633789, -0.5676183104515076, 0.007416967768222094, -0.77191162109375], [-0.019169725477695465, -0.04085675999522209, -0.9989810585975647, 1.5037994384765625], [0.56734299659729, 0.8222773671150208, -0.044516757130622864, -1.148193359375], [0.0, 0.0, 0.0, 1.0]], [[0.009615976363420486, -0.9989508390426636, 0.044774316251277924, 0.0076904296875], [-0.02444707788527012, -0.044997867196798325, -0.9986879229545593, 1.5158271789550781], [0.9996548295021057, 0.008508718572556973, -0.02485412359237671, -1.4987335205078125], [0.0, 0.0, 0.0, 1.0]], [[-0.8312181234359741, -0.5550721287727356, 0.031166138127446175, 0.90618896484375], [-0.01887400820851326, -0.027852367609739304, -0.9994338154792786, 1.5007896423339844], [0.5556259155273438, -0.8313357830047607, 0.012674957513809204, -1.16357421875], [0.0, 0.0, 0.0, 1.0]], [[0.9476181268692017, 0.3181599974632263, -0.028178861364722252, -1.12969970703125], [-0.010122779756784439, -0.05826319381594658, -0.9982499480247498, 1.5884323120117188], [-0.31924498081207275, 0.946245014667511, -0.05199059844017029, -0.1080322265625], [0.0, 0.0, 0.0, 1.0]], [[0.001065454795025289, 0.9988299608230591, -0.04834830388426781, 0.0025634765625], [-0.03552989289164543, -0.04827999696135521, -0.9982017278671265, 1.5771255493164062], [-0.9993680715560913, 0.0027813611086457968, 0.035436879843473434, -0.061431884765625], [0.0, 0.0, 0.0, 1.0]], [[-0.9356520175933838, 0.3528129458427429, -0.00884446781128645, 1.030731201171875], [-0.0029570225160568953, -0.03289671614766121, -0.9994544386863708, 1.5511398315429688], [-0.35291141271591187, -0.935115396976471, 0.03182315453886986, -0.1026611328125], [0.0, 0.0, 0.0, 1.0]]], "view": [[0.0, -2.0, 100.0], [-2.0, 0.0, 100.0], [0.0, 0.0, 1.0]], "bev": "bev_7d59820c242a40609f59a156b2fd43d5.png", "aux": "aux_7d59820c242a40609f59a156b2fd43d5.npz", "visibility": "visibility_7d59820c242a40609f59a156b2fd43d5.png", "pose": [[0.952002763748169, 0.3060894012451172, 0.0, 495.3079528808594], [-0.3060894012451172, 0.952002763748169, 0.0, 1072.950439453125], [0.0, 0.0, 1.0, 0.0], [0.0, 0.0, 0.0, 1.0]], "pose_inverse": [[0.952002763748169, -0.3060894012451172, 0.0, -143.1157684326172], [0.3060894012451172, 0.952002763748169, 0.0, -1173.060302734375], [0.0, 0.0, 1.0, 0.0], [0.0, 0.0, 0.0, 1.0]], "cam_ids": [0, 1, 2, 3, 4, 5], "cam_channels": ["CAM_FRONT_LEFT", "CAM_FRONT", "CAM_FRONT_RIGHT", "CAM_BACK_LEFT", "CAM_BACK", "CAM_BACK_RIGHT"], "token": "7d59820c242a40609f59a156b2fd43d5", "scene": "scene-0377"}, {"images": ["samples/CAM_FRONT_LEFT/n015-2018-08-03-15-21-40+0800__CAM_FRONT_LEFT__1533281011404844.jpg", "samples/CAM_FRONT/n015-2018-08-03-15-21-40+0800__CAM_FRONT__1533281011412460.jpg", "samples/CAM_FRONT_RIGHT/n015-2018-08-03-15-21-40+0800__CAM_FRONT_RIGHT__1533281011420339.jpg", "samples/CAM_BACK_LEFT/n015-2018-08-03-15-21-40+0800__CAM_BACK_LEFT__1533281011447423.jpg", "samples/CAM_BACK/n015-2018-08-03-15-21-40+0800__CAM_BACK__1533281011437525.jpg", "samples/CAM_BACK_RIGHT/n015-2018-08-03-15-21-40+0800__CAM_BACK_RIGHT__1533281011427893.jpg"], "intrinsics": [[[1272.5979470598488, 0.0, 826.6154927353808], [0.0, 1272.5979470598488, 479.75165386361925], [0.0, 0.0, 1.0]], [[1266.417203046554, 0.0, 816.2670197447984], [0.0, 1266.417203046554, 491.50706579294757], [0.0, 0.0, 1.0]], [[1260.8474446004698, 0.0, 807.968244525554], [0.0, 1260.8474446004698, 495.3344268742088], [0.0, 0.0, 1.0]], [[1256.7414812095406, 0.0, 792.1125740759628], [0.0, 1256.7414812095406, 492.7757465151356], [0.0, 0.0, 1.0]], [[809.2209905677063, 0.0, 829.2196003259838], [0.0, 809.2209905677063, 481.77842384512485], [0.0, 0.0, 1.0]], [[1259.5137405846733, 0.0, 807.2529053838625], [0.0, 1259.5137405846733, 501.19579884916527], [0.0, 0.0, 1.0]]], "extrinsics": [[[0.8219462037086487, -0.5695511102676392, 0.0039759548380970955, -0.774658203125], [-0.021521255373954773, -0.03803253173828125, -0.9990447163581848, 1.5032806396484375], [0.5691581964492798, 0.8210755586624146, -0.04351815581321716, -1.14874267578125], [0.0, 0.0, 0.0, 1.0]], [[0.007748219650238752, -0.999093234539032, 0.04186386987566948, 0.0069580078125], [-0.02681921422481537, -0.042057689279317856, -0.998755156993866, 1.5153923034667969], [0.9996102452278137, 0.0066157616674900055, -0.027120767161250114, -1.5000762939453125], [0.0, 0.0, 0.0, 1.0]], [[-0.8320294618606567, -0.5538406372070312, 0.031424134969711304, 0.9061279296875], [-0.02123250812292099, -0.024810921400785446, -0.999466598033905, 1.5004291534423828], [0.5543248653411865, -0.8322528600692749, 0.008883992210030556, -1.16400146484375], [0.0, 0.0, 0.0, 1.0]], [[0.947620689868927, 0.31803667545318604, -0.029456453397870064, -1.13262939453125], [-0.012503311969339848, -0.05521630495786667, -0.998396098613739, 1.5884323120117188], [-0.3191530704498291, 0.9464691281318665, -0.048347603529691696, -0.1070556640625], [0.0, 0.0, 0.0, 1.0]], [[0.0016916965832933784, 0.9989761710166931, -0.0452084019780159, 0.002685546875], [-0.03791617229580879, -0.04511187970638275, -0.9982621073722839, 1.5769996643066406], [-0.9992794394493103, 0.00340290367603302, 0.03780103847384453, -0.06064605712890625], [0.0, 0.0, 0.0, 1.0]], [[-0.9352326393127441, 0.3539901673793793, -0.005557038821280003, 1.02996826171875], [-0.0053337449207901955, -0.02978270873427391, -0.9995421767234802, 1.5508651733398438], [-0.35399362444877625, -0.9347748756408691, 0.029741857200860977, -0.10302734375], [0.0, 0.0, 0.0, 1.0]]], "view": [[0.0, -2.0, 100.0], [-2.0, 0.0, 100.0], [0.0, 0.0, 1.0]], "bev": "bev_caa8be4d272d49719693a75c0eb68737.png", "aux": "aux_caa8be4d272d49719693a75c0eb68737.npz", "visibility": "visibility_caa8be4d272d49719693a75c0eb68737.png", "pose": [[0.9376031756401062, 0.3477071225643158, 0.0, 497.70916748046875], [-0.3477071225643158, 0.9376031756401062, 0.0, 1072.103759765625], [0.0, 0.0, 1.0, 0.0], [0.0, 0.0, 0.0, 1.0]], "pose_inverse": [[0.9376031756401062, -0.3477071225643158, 0.0, -93.8755874633789], [0.3477071225643158, 0.9376031756401062, 0.0, -1178.264892578125], [0.0, 0.0, 1.0, 0.0], [0.0, 0.0, 0.0, 1.0]], "cam_ids": [0, 1, 2, 3, 4, 5], "cam_channels": ["CAM_FRONT_LEFT", "CAM_FRONT", "CAM_FRONT_RIGHT", "CAM_BACK_LEFT", "CAM_BACK", "CAM_BACK_RIGHT"], "token": "caa8be4d272d49719693a75c0eb68737", "scene": "scene-0377"}, {"images": ["samples/CAM_FRONT_LEFT/n015-2018-08-03-15-21-40+0800__CAM_FRONT_LEFT__1533281011904844.jpg", "samples/CAM_FRONT/n015-2018-08-03-15-21-40+0800__CAM_FRONT__1533281011912460.jpg", "samples/CAM_FRONT_RIGHT/n015-2018-08-03-15-21-40+0800__CAM_FRONT_RIGHT__1533281011920339.jpg", "samples/CAM_BACK_LEFT/n015-2018-08-03-15-21-40+0800__CAM_BACK_LEFT__1533281011947423.jpg", "samples/CAM_BACK/n015-2018-08-03-15-21-40+0800__CAM_BACK__1533281011937525.jpg", "samples/CAM_BACK_RIGHT/n015-2018-08-03-15-21-40+0800__CAM_BACK_RIGHT__1533281011927893.jpg"], "intrinsics": [[[1272.5979470598488, 0.0, 826.6154927353808], [0.0, 1272.5979470598488, 479.75165386361925], [0.0, 0.0, 1.0]], [[1266.417203046554, 0.0, 816.2670197447984], [0.0, 1266.417203046554, 491.50706579294757], [0.0, 0.0, 1.0]], [[1260.8474446004698, 0.0, 807.968244525554], [0.0, 1260.8474446004698, 495.3344268742088], [0.0, 0.0, 1.0]], [[1256.7414812095406, 0.0, 792.1125740759628], [0.0, 1256.7414812095406, 492.7757465151356], [0.0, 0.0, 1.0]], [[809.2209905677063, 0.0, 829.2196003259838], [0.0, 809.2209905677063, 481.77842384512485], [0.0, 0.0, 1.0]], [[1259.5137405846733, 0.0, 807.2529053838625], [0.0, 1259.5137405846733, 501.19579884916527], [0.0, 0.0, 1.0]]], "extrinsics": [[[0.8207005262374878, -0.5713152885437012, 0.007033730391412973, -0.7581787109375], [-0.01731983572244644, -0.03718123584985733, -0.9991584420204163, 1.5038604736328125], [0.5710960030555725, 0.8198879957199097, -0.04040974751114845, -1.1358642578125], [0.0, 0.0, 0.0, 1.0]], [[0.005852390080690384, -0.9991353750228882, 0.04115978628396988, 0.0057373046875], [-0.022650690749287605, -0.04128238186240196, -0.99889075756073, 1.515777587890625], [0.9997262954711914, 0.004913617391139269, -0.02287270873785019, -1.483001708984375], [0.0, 0.0, 0.0, 1.0]], [[-0.8328853845596313, -0.5527586936950684, 0.02756318263709545, 0.89459228515625], [-0.017063744366168976, -0.02413168177008629, -0.9995630979537964, 1.5008220672607422], [0.5531824231147766, -0.832991898059845, 0.010666796937584877, -1.15771484375], [0.0, 0.0, 0.0, 1.0]], [[0.9476742744445801, 0.31822580099105835, -0.025414975360035896, -1.12957763671875], [-0.0084700807929039, -0.05451910197734833, -0.9984767436981201, 1.58843994140625], [-0.319126695394516, 0.9464460015296936, -0.04897094890475273, -0.10791015625], [0.0, 0.0, 0.0, 1.0]], [[0.0022692277561873198, 0.9990020990371704, -0.04460715129971504, 0.0030517578125], [-0.033869411796331406, -0.044504888355731964, -0.998434841632843, 1.5770263671875], [-0.9994236826896667, 0.0037765419110655785, 0.03373461589217186, -0.06682586669921875], [0.0, 0.0, 0.0, 1.0]], [[-0.9348682165145874, 0.35487496852874756, -0.009227926842868328, 1.02142333984375], [-0.001209054607897997, -0.029177309945225716, -0.9995735287666321, 1.5512924194335938], [-0.35499292612075806, -0.9344584345817566, 0.027706002816557884, -0.107421875], [0.0, 0.0, 0.0, 1.0]]], "view": [[0.0, -2.0, 100.0], [-2.0, 0.0, 100.0], [0.0, 0.0, 1.0]], "bev": "bev_d26e36cdf46440ea876587b1174f32de.png", "aux": "aux_d26e36cdf46440ea876587b1174f32de.npz", "visibility": "visibility_d26e36cdf46440ea876587b1174f32de.png", "pose": [[0.932807207107544, 0.3603757619857788, 0.0, 500.21575927734375], [-0.3603757619857788, 0.932807207107544, 0.0, 1071.1417236328125], [0.0, 0.0, 1.0, 0.0], [0.0, 0.0, 0.0, 1.0]], "pose_inverse": [[0.932807207107544, -0.3603757619857788, 0.0, -80.59136199951172], [0.3603757619857788, 0.932807207107544, 0.0, -1179.434326171875], [0.0, 0.0, 1.0, 0.0], [0.0, 0.0, 0.0, 1.0]], "cam_ids": [0, 1, 2, 3, 4, 5], "cam_channels": ["CAM_FRONT_LEFT", "CAM_FRONT", "CAM_FRONT_RIGHT", "CAM_BACK_LEFT", "CAM_BACK", "CAM_BACK_RIGHT"], "token": "d26e36cdf46440ea876587b1174f32de", "scene": "scene-0377"}, {"images": ["samples/CAM_FRONT_LEFT/n015-2018-08-03-15-21-40+0800__CAM_FRONT_LEFT__1533281012404844.jpg", "samples/CAM_FRONT/n015-2018-08-03-15-21-40+0800__CAM_FRONT__1533281012412460.jpg", "samples/CAM_FRONT_RIGHT/n015-2018-08-03-15-21-40+0800__CAM_FRONT_RIGHT__1533281012420339.jpg", "samples/CAM_BACK_LEFT/n015-2018-08-03-15-21-40+0800__CAM_BACK_LEFT__1533281012447423.jpg", "samples/CAM_BACK/n015-2018-08-03-15-21-40+0800__CAM_BACK__1533281012437525.jpg", "samples/CAM_BACK_RIGHT/n015-2018-08-03-15-21-40+0800__CAM_BACK_RIGHT__1533281012427893.jpg"], "intrinsics": [[[1272.5979470598488, 0.0, 826.6154927353808], [0.0, 1272.5979470598488, 479.75165386361925], [0.0, 0.0, 1.0]], [[1266.417203046554, 0.0, 816.2670197447984], [0.0, 1266.417203046554, 491.50706579294757], [0.0, 0.0, 1.0]], [[1260.8474446004698, 0.0, 807.968244525554], [0.0, 1260.8474446004698, 495.3344268742088], [0.0, 0.0, 1.0]], [[1256.7414812095406, 0.0, 792.1125740759628], [0.0, 1256.7414812095406, 492.7757465151356], [0.0, 0.0, 1.0]], [[809.2209905677063, 0.0, 829.2196003259838], [0.0, 809.2209905677063, 481.77842384512485], [0.0, 0.0, 1.0]], [[1259.5137405846733, 0.0, 807.2529053838625], [0.0, 1259.5137405846733, 501.19579884916527], [0.0, 0.0, 1.0]]], "extrinsics": [[[0.8207045197486877, -0.57127845287323, 0.00921596959233284, -0.74700927734375], [-0.014723061583936214, -0.03727053105831146, -0.9991967678070068, 1.50439453125], [0.5711629986763, 0.8199095726013184, -0.03899906575679779, -1.13006591796875], [0.0, 0.0, 0.0, 1.0]], [[0.005754788871854544, -0.9991373419761658, 0.04112708568572998, 0.007080078125], [-0.0199138130992651, -0.04123411700129509, -0.9989510178565979, 1.5162010192871094], [0.9997850656509399, 0.004929712973535061, -0.02013392746448517, -1.472625732421875], [0.0, 0.0, 0.0, 1.0]], [[-0.8329671025276184, -0.5527549982070923, 0.025053903460502625, 0.888427734375], [-0.014179117977619171, -0.0239409152418375, -0.9996128082275391, 1.501211166381836], [0.5531407594680786, -0.8329998254776001, 0.012104421854019165, -1.15228271484375], [0.0, 0.0, 0.0, 1.0]], [[0.9477943181991577, 0.31812721490859985, -0.021928483620285988, -1.1298828125], [-0.00502898171544075, -0.05384622514247894, -0.9985365271568298, 1.5884971618652344], [-0.31884241104125977, 0.9465176463127136, -0.049435291439294815, -0.1080322265625], [0.0, 0.0, 0.0, 1.0]], [[0.002489604754373431, 0.9990246295928955, -0.044087257236242294, 0.0025634765625], [-0.030634185299277306, -0.04399050399661064, -0.998562216758728, 1.577178955078125], [-0.9995275139808655, 0.003836683463305235, 0.03049478493630886, -0.06963348388671875], [0.0, 0.0, 0.0, 1.0]], [[-0.9348236322402954, 0.35491129755973816, -0.011943398043513298, 1.015899658203125], [0.0018182216444984078, -0.028848595917224884, -0.9995821118354797, 1.5516929626464844], [-0.35510748624801636, -0.9344547986984253, 0.026323044672608376, -0.1087646484375], [0.0, 0.0, 0.0, 1.0]]], "view": [[0.0, -2.0, 100.0], [-2.0, 0.0, 100.0], [0.0, 0.0, 1.0]], "bev": "bev_093bafec88934abfb5cfc7637310d0ea.png", "aux": "aux_093bafec88934abfb5cfc7637310d0ea.npz", "visibility": "visibility_093bafec88934abfb5cfc7637310d0ea.png", "pose": [[0.9313725233078003, 0.36406755447387695, 0.0, 502.8534240722656], [-0.36406755447387695, 0.9313725233078003, 0.0, 1070.1080322265625], [0.0, 0.0, 1.0, 0.0], [0.0, 0.0, 0.0, 1.0]], "pose_inverse": [[0.9313725233078003, -0.36406755447387695, 0.0, -78.75224304199219], [0.36406755447387695, 0.9313725233078003, 0.0, -1179.7418212890625], [0.0, 0.0, 1.0, 0.0], [0.0, 0.0, 0.0, 1.0]], "cam_ids": [0, 1, 2, 3, 4, 5], "cam_channels": ["CAM_FRONT_LEFT", "CAM_FRONT", "CAM_FRONT_RIGHT", "CAM_BACK_LEFT", "CAM_BACK", "CAM_BACK_RIGHT"], "token": "093bafec88934abfb5cfc7637310d0ea", "scene": "scene-0377"}, {"images": ["samples/CAM_FRONT_LEFT/n015-2018-08-03-15-21-40+0800__CAM_FRONT_LEFT__1533281012904844.jpg", "samples/CAM_FRONT/n015-2018-08-03-15-21-40+0800__CAM_FRONT__1533281012912460.jpg", "samples/CAM_FRONT_RIGHT/n015-2018-08-03-15-21-40+0800__CAM_FRONT_RIGHT__1533281012920339.jpg", "samples/CAM_BACK_LEFT/n015-2018-08-03-15-21-40+0800__CAM_BACK_LEFT__1533281012947423.jpg", "samples/CAM_BACK/n015-2018-08-03-15-21-40+0800__CAM_BACK__1533281012937525.jpg", "samples/CAM_BACK_RIGHT/n015-2018-08-03-15-21-40+0800__CAM_BACK_RIGHT__1533281012932757.jpg"], "intrinsics": [[[1272.5979470598488, 0.0, 826.6154927353808], [0.0, 1272.5979470598488, 479.75165386361925], [0.0, 0.0, 1.0]], [[1266.417203046554, 0.0, 816.2670197447984], [0.0, 1266.417203046554, 491.50706579294757], [0.0, 0.0, 1.0]], [[1260.8474446004698, 0.0, 807.968244525554], [0.0, 1260.8474446004698, 495.3344268742088], [0.0, 0.0, 1.0]], [[1256.7414812095406, 0.0, 792.1125740759628], [0.0, 1256.7414812095406, 492.7757465151356], [0.0, 0.0, 1.0]], [[809.2209905677063, 0.0, 829.2196003259838], [0.0, 809.2209905677063, 481.77842384512485], [0.0, 0.0, 1.0]], [[1259.5137405846733, 0.0, 807.2529053838625], [0.0, 1259.5137405846733, 501.19579884916527], [0.0, 0.0, 1.0]]], "extrinsics": [[[0.8210935592651367, -0.5706948637962341, 0.010615618899464607, -0.74493408203125], [-0.011760498397052288, -0.03550874441862106, -0.9993001818656921, 1.505157470703125], [0.5706723928451538, 0.8203940987586975, -0.035867661237716675, -1.12890625], [0.0, 0.0, 0.0, 1.0]], [[0.006263202056288719, -0.999193549156189, 0.03966033458709717, 0.0074462890625], [-0.017090581357479095, -0.03976227715611458, -0.9990630149841309, 1.5167808532714844], [0.9998343586921692, 0.0055795093066990376, -0.017325839027762413, -1.470245361328125], [0.0, 0.0, 0.0, 1.0]], [[-0.8327460289001465, -0.5532105565071106, 0.022183623164892197, 0.88641357421875], [-0.011509518139064312, -0.022761493921279907, -0.9996746778488159, 1.50164794921875], [0.5535354614257812, -0.8327304124832153, 0.01258736103773117, -1.15087890625], [0.0, 0.0, 0.0, 1.0]], [[0.947781503200531, 0.3182949423789978, -0.01996350660920143, -1.1273193359375], [-0.002979650627821684, -0.053756725043058395, -0.9985495805740356, 1.5885124206542969], [-0.3189064562320709, 0.946466326713562, -0.050001222640275955, -0.1087646484375], [0.0, 0.0, 0.0, 1.0]], [[0.0022981560323387384, 0.9990455508232117, -0.04362103343009949, 0.002685546875], [-0.028324011713266373, -0.043538615107536316, -0.9986501932144165, 1.5772743225097656], [-0.9995961785316467, 0.00353046553209424, 0.028196917846798897, -0.0723876953125], [0.0, 0.0, 0.0, 1.0]], [[-0.9349009394645691, 0.35463187098503113, -0.01401588600128889, 1.040313720703125], [0.004324447829276323, -0.02810601517558098, -0.999595582485199, 1.5519065856933594], [-0.3548824191093445, -0.9345834851264954, 0.02474275417625904, -0.099365234375], [0.0, 0.0, 0.0, 1.0]]], "view": [[0.0, -2.0, 100.0], [-2.0, 0.0, 100.0], [0.0, 0.0, 1.0]], "bev": "bev_c2d9b10fc7434c37944d371dcad779a3.png", "aux": "aux_c2d9b10fc7434c37944d371dcad779a3.npz", "visibility": "visibility_c2d9b10fc7434c37944d371dcad779a3.png", "pose": [[0.9283652305603027, 0.3716691732406616, 0.0, 505.58697509765625], [-0.3716691732406616, 0.9283652305603027, 0.0, 1069.0162353515625], [0.0, 0.0, 1.0, 0.0], [0.0, 0.0, 0.0, 1.0]], "pose_inverse": [[0.9283652305603027, -0.3716691732406616, 0.0, -72.04898834228516], [0.3716691732406616, 0.9283652305603027, 0.0, -1180.3486328125], [0.0, 0.0, 1.0, 0.0], [0.0, 0.0, 0.0, 1.0]], "cam_ids": [0, 1, 2, 3, 4, 5], "cam_channels": ["CAM_FRONT_LEFT", "CAM_FRONT", "CAM_FRONT_RIGHT", "CAM_BACK_LEFT", "CAM_BACK", "CAM_BACK_RIGHT"], "token": "c2d9b10fc7434c37944d371dcad779a3", "scene": "scene-0377"}, {"images": ["samples/CAM_FRONT_LEFT/n015-2018-08-03-15-21-40+0800__CAM_FRONT_LEFT__1533281013404844.jpg", "samples/CAM_FRONT/n015-2018-08-03-15-21-40+0800__CAM_FRONT__1533281013412460.jpg", "samples/CAM_FRONT_RIGHT/n015-2018-08-03-15-21-40+0800__CAM_FRONT_RIGHT__1533281013420339.jpg", "samples/CAM_BACK_LEFT/n015-2018-08-03-15-21-40+0800__CAM_BACK_LEFT__1533281013447430.jpg", "samples/CAM_BACK/n015-2018-08-03-15-21-40+0800__CAM_BACK__1533281013437525.jpg", "samples/CAM_BACK_RIGHT/n015-2018-08-03-15-21-40+0800__CAM_BACK_RIGHT__1533281013427893.jpg"], "intrinsics": [[[1272.5979470598488, 0.0, 826.6154927353808], [0.0, 1272.5979470598488, 479.75165386361925], [0.0, 0.0, 1.0]], [[1266.417203046554, 0.0, 816.2670197447984], [0.0, 1266.417203046554, 491.50706579294757], [0.0, 0.0, 1.0]], [[1260.8474446004698, 0.0, 807.968244525554], [0.0, 1260.8474446004698, 495.3344268742088], [0.0, 0.0, 1.0]], [[1256.7414812095406, 0.0, 792.1125740759628], [0.0, 1256.7414812095406, 492.7757465151356], [0.0, 0.0, 1.0]], [[809.2209905677063, 0.0, 829.2196003259838], [0.0, 809.2209905677063, 481.77842384512485], [0.0, 0.0, 1.0]], [[1259.5137405846733, 0.0, 807.2529053838625], [0.0, 1259.5137405846733, 501.19579884916527], [0.0, 0.0, 1.0]]], "extrinsics": [[[0.8211348056793213, -0.570637583732605, 0.01051477249711752, -0.72784423828125], [-0.012551226653158665, -0.036473583430051804, -0.9992558360099792, 1.5046234130859375], [0.5705962777137756, 0.8203916549682617, -0.037111926823854446, -1.115478515625], [0.0, 0.0, 0.0, 1.0]], [[0.006376327946782112, -0.9991592764854431, 0.04049816355109215, 0.0068359375], [-0.017877433449029922, -0.040606413036584854, -0.9990152716636658, 1.5162582397460938], [0.9998198747634888, 0.005646066274493933, -0.018121324479579926, -1.4523239135742188], [0.0, 0.0, 0.0, 1.0]], [[-0.8326719999313354, -0.5532787442207336, 0.02323688007891178, 0.874755859375], [-0.012295041233301163, -0.023479994386434555, -0.9996486902236938, 1.5013198852539062], [0.553629994392395, -0.832665205001831, 0.01274854689836502, -1.14337158203125], [0.0, 0.0, 0.0, 1.0]], [[0.9477764368057251, 0.3182494640350342, -0.020906606689095497, -1.12982177734375], [-0.0037073111161589622, -0.05455350503325462, -0.9985039234161377, 1.5885086059570312], [-0.31891387701034546, 0.9464360475540161, -0.05052467808127403, -0.1080322265625], [0.0, 0.0, 0.0, 1.0]], [[0.0022111814469099045, 0.9990174174308777, -0.04426555708050728, 0.002685546875], [-0.02902410179376602, -0.044182904064655304, -0.9986017346382141, 1.5771026611328125], [-0.9995762705802917, 0.0034928799141198397, 0.028897877782583237, -0.07630538940429688], [0.0, 0.0, 0.0, 1.0]], [[-0.9349895715713501, 0.35441824793815613, -0.01349987555295229, 1.00396728515625], [0.0035936948843300343, -0.02859390713274479, -0.9995846748352051, 1.5519790649414062], [-0.35465702414512634, -0.9346497058868408, 0.025461332872509956, -0.1131591796875], [0.0, 0.0, 0.0, 1.0]]], "view": [[0.0, -2.0, 100.0], [-2.0, 0.0, 100.0], [0.0, 0.0, 1.0]], "bev": "bev_a4fbe6b37bef4dba861bbfe93b82da59.png", "aux": "aux_a4fbe6b37bef4dba861bbfe93b82da59.npz", "visibility": "visibility_a4fbe6b37bef4dba861bbfe93b82da59.png", "pose": [[0.9246412515640259, 0.3808393180370331, 0.0, 508.5455627441406], [-0.3808393180370331, 0.9246412515640259, 0.0, 1067.8031005859375], [0.0, 0.0, 1.0, 0.0], [0.0, 0.0, 0.0, 1.0]], "pose_inverse": [[0.9246412515640259, -0.3808393180370331, 0.0, -63.5607795715332], [0.3808393180370331, 0.9246412515640259, 0.0, -1181.0089111328125], [0.0, 0.0, 1.0, 0.0], [0.0, 0.0, 0.0, 1.0]], "cam_ids": [0, 1, 2, 3, 4, 5], "cam_channels": ["CAM_FRONT_LEFT", "CAM_FRONT", "CAM_FRONT_RIGHT", "CAM_BACK_LEFT", "CAM_BACK", "CAM_BACK_RIGHT"], "token": "a4fbe6b37bef4dba861bbfe93b82da59", "scene": "scene-0377"}, {"images": ["samples/CAM_FRONT_LEFT/n015-2018-08-03-15-21-40+0800__CAM_FRONT_LEFT__1533281013904844.jpg", "samples/CAM_FRONT/n015-2018-08-03-15-21-40+0800__CAM_FRONT__1533281013912460.jpg", "samples/CAM_FRONT_RIGHT/n015-2018-08-03-15-21-40+0800__CAM_FRONT_RIGHT__1533281013920339.jpg", "samples/CAM_BACK_LEFT/n015-2018-08-03-15-21-40+0800__CAM_BACK_LEFT__1533281013947423.jpg", "samples/CAM_BACK/n015-2018-08-03-15-21-40+0800__CAM_BACK__1533281013937525.jpg", "samples/CAM_BACK_RIGHT/n015-2018-08-03-15-21-40+0800__CAM_BACK_RIGHT__1533281013927893.jpg"], "intrinsics": [[[1272.5979470598488, 0.0, 826.6154927353808], [0.0, 1272.5979470598488, 479.75165386361925], [0.0, 0.0, 1.0]], [[1266.417203046554, 0.0, 816.2670197447984], [0.0, 1266.417203046554, 491.50706579294757], [0.0, 0.0, 1.0]], [[1260.8474446004698, 0.0, 807.968244525554], [0.0, 1260.8474446004698, 495.3344268742088], [0.0, 0.0, 1.0]], [[1256.7414812095406, 0.0, 792.1125740759628], [0.0, 1256.7414812095406, 492.7757465151356], [0.0, 0.0, 1.0]], [[809.2209905677063, 0.0, 829.2196003259838], [0.0, 809.2209905677063, 481.77842384512485], [0.0, 0.0, 1.0]], [[1259.5137405846733, 0.0, 807.2529053838625], [0.0, 1259.5137405846733, 501.19579884916527], [0.0, 0.0, 1.0]]], "extrinsics": [[[0.8205689191818237, -0.5712940096855164, 0.017024820670485497, -0.71392822265625], [-0.008703039959073067, -0.04227316007018089, -0.9990682005882263, 1.5055732727050781], [0.5714813470840454, 0.8196560740470886, -0.03966003656387329, -1.10504150390625], [0.0, 0.0, 0.0, 1.0]], [[0.005260498728603125, -0.998916745185852, 0.04623457044363022, 0.006103515625], [-0.0139622138813138, -0.046304069459438324, -0.9988298416137695, 1.516998291015625], [0.9998886585235596, 0.004608836490660906, -0.014190671034157276, -1.4396743774414062], [0.0, 0.0, 0.0, 1.0]], [[-0.8332927823066711, -0.5523539185523987, 0.022981125861406326, 0.86773681640625], [-0.008284701965749264, -0.029088282957673073, -0.9995424747467041, 1.5020065307617188], [0.5527697205543518, -0.8331019282341003, 0.019662972539663315, -1.1397705078125], [0.0, 0.0, 0.0, 1.0]], [[0.9481250047683716, 0.3173568546772003, -0.018538357689976692, -1.130828857421875], [0.00035597948590293527, -0.05937530845403671, -0.9982356429100037, 1.5885391235351562], [-0.31789764761924744, 0.9464455842971802, -0.05640818551182747, -0.1072998046875], [0.0, 0.0, 0.0, 1.0]], [[0.0033113593235611916, 0.9987717866897583, -0