[{"images": ["samples/CAM_FRONT_LEFT/n008-2018-08-28-13-40-50-0400__CAM_FRONT_LEFT__1535478676104799.jpg", "samples/CAM_FRONT/n008-2018-08-28-13-40-50-0400__CAM_FRONT__1535478676112404.jpg", "samples/CAM_FRONT_RIGHT/n008-2018-08-28-13-40-50-0400__CAM_FRONT_RIGHT__1535478676120482.jpg", "samples/CAM_BACK_LEFT/n008-2018-08-28-13-40-50-0400__CAM_BACK_LEFT__1535478676147405.jpg", "samples/CAM_BACK/n008-2018-08-28-13-40-50-0400__CAM_BACK__1535478676137558.jpg", "samples/CAM_BACK_RIGHT/n008-2018-08-28-13-40-50-0400__CAM_BACK_RIGHT__1535478676128113.jpg"], "intrinsics": [[[1257.8625342125129, 0.0, 827.2410631095686], [0.0, 1257.8625342125129, 450.915498205774], [0.0, 0.0, 1.0]], [[1252.8131021185304, 0.0, 826.588114781398], [0.0, 1252.8131021185304, 469.9846626224581], [0.0, 0.0, 1.0]], [[1256.7485116440405, 0.0, 817.7887570959712], [0.0, 1256.7485116440403, 451.9541780095127], [0.0, 0.0, 1.0]], [[1254.9860565800168, 0.0, 829.5769333630991], [0.0, 1254.9860565800168, 467.1680561863987], [0.0, 0.0, 1.0]], [[796.8910634503094, 0.0, 857.7774326863696], [0.0, 796.8910634503094, 476.8848988407415], [0.0, 0.0, 1.0]], [[1249.9629280788233, 0.0, 825.3768045375984], [0.0, 1249.9629280788233, 462.54816385708756], [0.0, 0.0, 1.0]]], "extrinsics": [[[0.8225995302200317, -0.5686138868331909, 0.0029117038939148188, -0.9273681640625], [0.011179027147591114, 0.011052349582314491, -0.9998763799667358, 1.4893436431884766], [0.5685113668441772, 0.8225303888320923, 0.01544820424169302, -1.280029296875], [0.0, 0.0, 0.0, 1.0]], [[0.010378126986324787, -0.9999233484268188, -0.006747114937752485, 0.006591796875], [0.013120095245540142, 0.006883063819259405, -0.9998902678489685, 1.4811782836914062], [0.9998601078987122, 0.010288458317518234, 0.013190523721277714, -1.65740966796875], [0.0, 0.0, 0.0, 1.0]], [[-0.8438724279403687, -0.5362798571586609, -0.016832489520311356, 1.040283203125], [0.021127719432115555, -0.0018654391169548035, -0.9997749924659729, 1.4943299293518066], [0.5361278057098389, -0.8440382480621338, 0.012904562056064606, -1.2454833984375], [0.0, 0.0, 0.0, 1.0]], [[0.9478633403778076, 0.31867727637290955, 0.00010772456153063104, -1.1455078125], [-0.004269962664693594, 0.01303844153881073, -0.9999058842658997, 1.5620479583740234], [-0.31864872574806213, 0.9477735757827759, 0.013719401322305202, -0.1556396484375], [0.0, 0.0, 0.0, 1.0]], [[0.009124938398599625, 0.9999427199363708, 0.00560184009373188, -0.0286865234375], [-0.002145577920600772, 0.005621640011668205, -0.9999818801879883, 1.5680160522460938], [-0.9999561309814453, 0.009112801402807236, 0.002196751069277525, 0.023223876953125], [0.0, 0.0, 0.0, 1.0]], [[-0.923728346824646, 0.38295578956604004, -0.00841132365167141, 1.120941162109375], [0.0020604338496923447, -0.01699102111160755, -0.9998535513877869, 1.5479049682617188], [-0.3830426037311554, -0.9236103892326355, 0.014906034804880619, -0.0599365234375], [0.0, 0.0, 0.0, 1.0]]], "view": [[0.0, -2.0, 100.0], [-2.0, 0.0, 100.0], [0.0, 0.0, 1.0]], "bev": "bev_96a04d19ca1b416db9b0162a0a8bc9be.png", "aux": "aux_96a04d19ca1b416db9b0162a0a8bc9be.npz", "visibility": "visibility_96a04d19ca1b416db9b0162a0a8bc9be.png", "pose": [[0.8801195621490479, 0.47475212812423706, 0.0, 1305.9420166015625], [-0.47475212812423706, 0.8801195621490479, 0.0, 1473.0704345703125], [0.0, 0.0, 1.0, 0.0], [0.0, 0.0, 0.0, 1.0]], "pose_inverse": [[0.8801195621490479, -0.47475212812423706, 0.0, -450.041748046875], [0.47475212812423706, 0.8801195621490479, 0.0, -1916.476806640625], [0.0, 0.0, 1.0, 0.0], [0.0, 0.0, 0.0, 1.0]], "cam_ids": [0, 1, 2, 3, 4, 5], "cam_channels": ["CAM_FRONT_LEFT", "CAM_FRONT", "CAM_FRONT_RIGHT", "CAM_BACK_LEFT", "CAM_BACK", "CAM_BACK_RIGHT"], "token": "96a04d19ca1b416db9b0162a0a8bc9be", "scene": "scene-0505"}, {"images": ["samples/CAM_FRONT_LEFT/n008-2018-08-28-13-40-50-0400__CAM_FRONT_LEFT__1535478676604799.jpg", "samples/CAM_FRONT/n008-2018-08-28-13-40-50-0400__CAM_FRONT__1535478676612404.jpg", "samples/CAM_FRONT_RIGHT/n008-2018-08-28-13-40-50-0400__CAM_FRONT_RIGHT__1535478676620482.jpg", "samples/CAM_BACK_LEFT/n008-2018-08-28-13-40-50-0400__CAM_BACK_LEFT__1535478676647405.jpg", "samples/CAM_BACK/n008-2018-08-28-13-40-50-0400__CAM_BACK__1535478676637558.jpg", "samples/CAM_BACK_RIGHT/n008-2018-08-28-13-40-50-0400__CAM_BACK_RIGHT__1535478676628113.jpg"], "intrinsics": [[[1257.8625342125129, 0.0, 827.2410631095686], [0.0, 1257.8625342125129, 450.915498205774], [0.0, 0.0, 1.0]], [[1252.8131021185304, 0.0, 826.588114781398], [0.0, 1252.8131021185304, 469.9846626224581], [0.0, 0.0, 1.0]], [[1256.7485116440405, 0.0, 817.7887570959712], [0.0, 1256.7485116440403, 451.9541780095127], [0.0, 0.0, 1.0]], [[1254.9860565800168, 0.0, 829.5769333630991], [0.0, 1254.9860565800168, 467.1680561863987], [0.0, 0.0, 1.0]], [[796.8910634503094, 0.0, 857.7774326863696], [0.0, 796.8910634503094, 476.8848988407415], [0.0, 0.0, 1.0]], [[1249.9629280788233, 0.0, 825.3768045375984], [0.0, 1249.9629280788233, 462.54816385708756], [0.0, 0.0, 1.0]]], "extrinsics": [[[0.8226998448371887, -0.5684675574302673, 0.0030914086382836103, -0.90423583984375], [0.01148222852498293, 0.01117991004139185, -0.9998716115951538, 1.4896812438964844], [0.5683600306510925, 0.8226296901702881, 0.01572498492896557, -1.264892578125], [0.0, 0.0, 0.0, 1.0]], [[0.01052193995565176, -0.9999208450317383, -0.0068968809209764, 0.007080078125], [0.013350339606404305, 0.007037123665213585, -0.999886155128479, 1.4815025329589844], [0.9998554587364197, 0.010428622364997864, 0.013423328287899494, -1.63446044921875], [0.0, 0.0, 0.0, 1.0]], [[-0.8438107371330261, -0.5363698601722717, -0.017050135880708694, 1.0255126953125], [0.021270226687192917, -0.0016812855610623956, -0.999772310256958, 1.4947257041931152], [0.5362191200256348, -0.8439813256263733, 0.012827395461499691, -1.2353515625], [0.0, 0.0, 0.0, 1.0]], [[0.9478689432144165, 0.3186602294445038, 0.0002647005021572113, -1.1419677734375], [-0.0042368280701339245, 0.013433214277029037, -0.9999008178710938, 1.5620346069335938], [-0.31863224506378174, 0.9477737545967102, 0.01408303715288639, -0.1568603515625], [0.0, 0.0, 0.0, 1.0]], [[0.0090914536267519, 0.9999412894248962, 0.005897793918848038, -0.0286865234375], [-0.0020916012581437826, 0.005917042028158903, -0.9999802708625793, 1.5679998397827148], [-0.999956488609314, 0.009078992530703545, 0.002145272446796298, 0.01470947265625], [0.0, 0.0, 0.0, 1.0]], [[-0.9237582087516785, 0.3828833997249603, -0.008421478793025017, 1.108551025390625], [0.002162844641134143, -0.016773588955402374, -0.9998569488525391, 1.5479393005371094], [-0.3829699456691742, -0.9236443042755127, 0.014666624367237091, -0.064697265625], [0.0, 0.0, 0.0, 1.0]]], "view": [[0.0, -2.0, 100.0], [-2.0, 0.0, 100.0], [0.0, 0.0, 1.0]], "bev": "bev_68d2fdf892fa4f2a8a0b46623e10a51b.png", "aux": "aux_68d2fdf892fa4f2a8a0b46623e10a51b.npz", "visibility": "visibility_68d2fdf892fa4f2a8a0b46623e10a51b.png", "pose": [[0.8796164393424988, 0.4756835997104645, 0.0, 1307.09521484375], [-0.4756835997104645, 0.8796164393424988, 0.0, 1472.4412841796875], [0.0, 0.0, 1.0, 0.0], [0.0, 0.0, 0.0, 1.0]], "pose_inverse": [[0.8796164393424988, -0.4756835997104645, 0.0, -449.3262634277344], [0.4756835997104645, 0.8796164393424988, 0.0, -1916.9473876953125], [0.0, 0.0, 1.0, 0.0], [0.0, 0.0, 0.0, 1.0]], "cam_ids": [0, 1, 2, 3, 4, 5], "cam_channels": ["CAM_FRONT_LEFT", "CAM_FRONT", "CAM_FRONT_RIGHT", "CAM_BACK_LEFT", "CAM_BACK", "CAM_BACK_RIGHT"], "token": "68d2fdf892fa4f2a8a0b46623e10a51b", "scene": "scene-0505"}, {"images": ["samples/CAM_FRONT_LEFT/n008-2018-08-28-13-40-50-0400__CAM_FRONT_LEFT__1535478677104799.jpg", "samples/CAM_FRONT/n008-2018-08-28-13-40-50-0400__CAM_FRONT__1535478677112404.jpg", "samples/CAM_FRONT_RIGHT/n008-2018-08-28-13-40-50-0400__CAM_FRONT_RIGHT__1535478677120482.jpg", "samples/CAM_BACK_LEFT/n008-2018-08-28-13-40-50-0400__CAM_BACK_LEFT__1535478677147405.jpg", "samples/CAM_BACK/n008-2018-08-28-13-40-50-0400__CAM_BACK__1535478677137558.jpg", "samples/CAM_BACK_RIGHT/n008-2018-08-28-13-40-50-0400__CAM_BACK_RIGHT__1535478677128113.jpg"], "intrinsics": [[[1257.8625342125129, 0.0, 827.2410631095686], [0.0, 1257.8625342125129, 450.915498205774], [0.0, 0.0, 1.0]], [[1252.8131021185304, 0.0, 826.588114781398], [0.0, 1252.8131021185304, 469.9846626224581], [0.0, 0.0, 1.0]], [[1256.7485116440405, 0.0, 817.7887570959712], [0.0, 1256.7485116440403, 451.9541780095127], [0.0, 0.0, 1.0]], [[1254.9860565800168, 0.0, 829.5769333630991], [0.0, 1254.9860565800168, 467.1680561863987], [0.0, 0.0, 1.0]], [[796.8910634503094, 0.0, 857.7774326863696], [0.0, 796.8910634503094, 476.8848988407415], [0.0, 0.0, 1.0]], [[1249.9629280788233, 0.0, 825.3768045375984], [0.0, 1249.9629280788233, 462.54816385708756], [0.0, 0.0, 1.0]]], "extrinsics": [[[0.8226194381713867, -0.568580150604248, 0.0037353849038481712, -0.8812255859375], [0.0119541697204113, 0.010726421140134335, -0.999871015548706, 1.4900798797607422], [0.5684667229652405, 0.8225580453872681, 0.01562066376209259, -1.2486572265625], [0.0, 0.0, 0.0, 1.0]], [[0.01041646208614111, -0.9999252557754517, -0.006406079977750778, 0.00732421875], [0.013958517462015152, 0.006551206577569246, -0.9998811483383179, 1.4818859100341797], [0.9998483061790466, 0.010325812734663486, 0.014025713317096233, -1.61126708984375], [0.0, 0.0, 0.0, 1.0]], [[-0.8438425660133362, -0.536308228969574, -0.017414793372154236, 1.010498046875], [0.02203238382935524, -0.0022027187515050173, -0.999754786491394, 1.495173454284668], [0.5361383557319641, -0.8440192937850952, 0.013674895279109478, -1.2259521484375], [0.0, 0.0, 0.0, 1.0]], [[0.9478806257247925, 0.3186240494251251, 0.001030542771331966, -1.1414794921875], [-0.00319901411421597, 0.012750879861414433, -0.9999135732650757, 1.5620384216308594], [-0.31860971450805664, 0.9477954506874084, 0.013105594553053379, -0.156982421875], [0.0, 0.0, 0.0, 1.0]], [[0.009133368730545044, 0.999944269657135, 0.005298723466694355, -0.0286865234375], [-0.0011430471204221249, 0.0053093815222382545, -0.9999852180480957, 1.5680179595947266], [-0.9999577403068542, 0.009127147495746613, 0.0011914753122255206, 0.00799560546875], [0.0, 0.0, 0.0, 1.0]], [[-0.9237280488014221, 0.3829333782196045, -0.009411011822521687, 1.097076416015625], [0.0030040640849620104, -0.017325779423117638, -0.9998453855514526, 1.5480270385742188], [-0.38303717970848083, -0.9236134886741638, 0.014853952452540398, -0.0697021484375], [0.0, 0.0, 0.0, 1.0]]], "view": [[0.0, -2.0, 100.0], [-2.0, 0.0, 100.0], [0.0, 0.0, 1.0]], "bev": "bev_a0de5e6c45444f18a1bed729ca6f095d.png", "aux": "aux_a0de5e6c45444f18a1bed729ca6f095d.npz", "visibility": "visibility_a0de5e6c45444f18a1bed729ca6f095d.png", "pose": [[0.8794819712638855, 0.475932240486145, 0.0, 1308.489013671875], [-0.475932240486145, 0.8794819712638855, 0.0, 1471.679931640625], [0.0, 0.0, 1.0, 0.0], [0.0, 0.0, 0.0, 1.0]], "pose_inverse": [[0.8794819712638855, -0.475932240486145, 0.0, -450.3725280761719], [0.475932240486145, 0.8794819712638855, 0.0, -1917.0679931640625], [0.0, 0.0, 1.0, 0.0], [0.0, 0.0, 0.0, 1.0]], "cam_ids": [0, 1, 2, 3, 4, 5], "cam_channels": ["CAM_FRONT_LEFT", "CAM_FRONT", "CAM_FRONT_RIGHT", "CAM_BACK_LEFT", "CAM_BACK", "CAM_BACK_RIGHT"], "token": "a0de5e6c45444f18a1bed729ca6f095d", "scene": "scene-0505"}, {"images": ["samples/CAM_FRONT_LEFT/n008-2018-08-28-13-40-50-0400__CAM_FRONT_LEFT__1535478677604799.jpg", "samples/CAM_FRONT/n008-2018-08-28-13-40-50-0400__CAM_FRONT__1535478677612404.jpg", "samples/CAM_FRONT_RIGHT/n008-2018-08-28-13-40-50-0400__CAM_FRONT_RIGHT__1535478677620482.jpg", "samples/CAM_BACK_LEFT/n008-2018-08-28-13-40-50-0400__CAM_BACK_LEFT__1535478677647405.jpg", "samples/CAM_BACK/n008-2018-08-28-13-40-50-0400__CAM_BACK__1535478677637558.jpg", "samples/CAM_BACK_RIGHT/n008-2018-08-28-13-40-50-0400__CAM_BACK_RIGHT__1535478677628113.jpg"], "intrinsics": [[[1257.8625342125129, 0.0, 827.2410631095686], [0.0, 1257.8625342125129, 450.915498205774], [0.0, 0.0, 1.0]], [[1252.8131021185304, 0.0, 826.588114781398], [0.0, 1252.8131021185304, 469.9846626224581], [0.0, 0.0, 1.0]], [[1256.7485116440405, 0.0, 817.7887570959712], [0.0, 1256.7485116440403, 451.9541780095127], [0.0, 0.0, 1.0]], [[1254.9860565800168, 0.0, 829.5769333630991], [0.0, 1254.9860565800168, 467.1680561863987], [0.0, 0.0, 1.0]], [[796.8910634503094, 0.0, 857.7774326863696], [0.0, 796.8910634503094, 476.8848988407415], [0.0, 0.0, 1.0]], [[1249.9629280788233, 0.0, 825.3768045375984], [0.0, 1249.9629280788233, 462.54816385708756], [0.0, 0.0, 1.0]]], "extrinsics": [[[0.8225155472755432, -0.5687264800071716, 0.004291555378586054, -0.8699951171875], [0.01391354389488697, 0.01257776003330946, -0.999824047088623, 1.490560531616211], [0.5685725212097168, 0.8224305510520935, 0.01825840212404728, -1.240966796875], [0.0, 0.0, 0.0, 1.0]], [[0.010300356894731522, -0.9999117255210876, -0.008388690650463104, 0.0074462890625], [0.015948578715324402, 0.00855234730988741, -0.9998362064361572, 1.4822998046875], [0.9998197555541992, 0.010164851322770119, 0.01603526435792446, -1.600555419921875], [0.0, 0.0, 0.0, 1.0]], [[-0.843855619430542, -0.5361868143081665, -0.02028045244514942, 1.00390625], [0.02405376173555851, -4.349007940618321e-05, -0.9997106790542603, 1.4955482482910156], [0.5360307693481445, -0.8440993428230286, 0.012934009544551373, -1.2220458984375], [0.0, 0.0, 0.0, 1.0]], [[0.9478883743286133, 0.31857946515083313, 0.0038293080870062113, -1.1475830078125], [-0.001125692157074809, 0.015367853455245495, -0.9998812675476074, 1.5620460510253906], [-0.3186005651950836, 0.9477715492248535, 0.014925632625818253, -0.155029296875], [0.0, 0.0, 0.0, 1.0]], [[0.009168188087642193, 0.9999276399612427, 0.007796528283506632, -0.0286865234375], [0.0009235319448634982, 0.007788386195898056, -0.9999691843986511, 1.5680923461914062], [-0.9999575614929199, 0.009175113402307034, -0.0008520591072738171, 0.008514404296875], [0.0, 0.0, 0.0, 1.0]], [[-0.9236838817596436, 0.3830137252807617, -0.010419218800961971, 1.092437744140625], [0.0050553567707538605, -0.015008235350251198, -0.9998745322227478, 1.5481910705566406], [-0.3831220865249634, -0.9236207008361816, 0.011926595121622086, -0.0714111328125], [0.0, 0.0, 0.0, 1.0]]], "view": [[0.0, -2.0, 100.0], [-2.0, 0.0, 100.0], [0.0, 0.0, 1.0]], "bev": "bev_0847d6c6c6c64d9eac8be86ff91df8dc.png", "aux": "aux_0847d6c6c6c64d9eac8be86ff91df8dc.npz", "visibility": "visibility_0847d6c6c6c64d9eac8be86ff91df8dc.png", "pose": [[0.8793654441833496, 0.47614747285842896, 0.0, 1310.1038818359375], [-0.47614747285842896, 0.8793654441833496, 0.0, 1470.795654296875], [0.0, 0.0, 1.0, 0.0], [0.0, 0.0, 0.0, 1.0]], "pose_inverse": [[0.8793654441833496, -0.47614747285842896, 0.0, -451.74444580078125], [0.47614747285842896, 0.8793654441833496, 0.0, -1917.1695556640625], [0.0, 0.0, 1.0, 0.0], [0.0, 0.0, 0.0, 1.0]], "cam_ids": [0, 1, 2, 3, 4, 5], "cam_channels": ["CAM_FRONT_LEFT", "CAM_FRONT", "CAM_FRONT_RIGHT", "CAM_BACK_LEFT", "CAM_BACK", "CAM_BACK_RIGHT"], "token": "0847d6c6c6c64d9eac8be86ff91df8dc", "scene": "scene-0505"}, {"images": ["samples/CAM_FRONT_LEFT/n008-2018-08-28-13-40-50-0400__CAM_FRONT_LEFT__1535478678154799.jpg", "samples/CAM_FRONT/n008-2018-08-28-13-40-50-0400__CAM_FRONT__1535478678162404.jpg", "samples/CAM_FRONT_RIGHT/n008-2018-08-28-13-40-50-0400__CAM_FRONT_RIGHT__1535478678170482.jpg", "samples/CAM_BACK_LEFT/n008-2018-08-28-13-40-50-0400__CAM_BACK_LEFT__1535478678197405.jpg", "samples/CAM_BACK/n008-2018-08-28-13-40-50-0400__CAM_BACK__1535478678187558.jpg", "samples/CAM_BACK_RIGHT/n008-2018-08-28-13-40-50-0400__CAM_BACK_RIGHT__1535478678178113.jpg"], "intrinsics": [[[1257.8625342125129, 0.0, 827.2410631095686], [0.0, 1257.8625342125129, 450.915498205774], [0.0, 0.0, 1.0]], [[1252.8131021185304, 0.0, 826.588114781398], [0.0, 1252.8131021185304, 469.9846626224581], [0.0, 0.0, 1.0]], [[1256.7485116440405, 0.0, 817.7887570959712], [0.0, 1256.7485116440403, 451.9541780095127], [0.0, 0.0, 1.0]], [[1254.9860565800168, 0.0, 829.5769333630991], [0.0, 1254.9860565800168, 467.1680561863987], [0.0, 0.0, 1.0]], [[796.8910634503094, 0.0, 857.7774326863696], [0.0, 796.8910634503094, 476.8848988407415], [0.0, 0.0, 1.0]], [[1249.9629280788233, 0.0, 825.3768045375984], [0.0, 1249.9629280788233, 462.54816385708756], [0.0, 0.0, 1.0]]], "extrinsics": [[[0.8226578831672668, -0.5685226321220398, 0.004016134887933731, -0.8543701171875], [0.015119883231818676, 0.014816045761108398, -0.9997758865356445, 1.4910316467285156], [0.5683357119560242, 0.8225342631340027, 0.0207845326513052, -1.2305908203125], [0.0, 0.0, 0.0, 1.0]], [[0.010519523173570633, -0.9998886585235596, -0.010584186762571335, 0.007568359375], [0.017026904970407486, 0.010762352496385574, -0.9997971057891846, 1.4827003479003906], [0.9997996687889099, 0.010337176732718945, 0.017138224095106125, -1.585296630859375], [0.0, 0.0, 0.0, 1.0]], [[-0.843751072883606, -0.5362749099731445, -0.02221137098968029, 0.9942626953125], [0.02497193217277527, 0.0021151474211364985, -0.9996858835220337, 1.495926856994629], [0.5361534357070923, -0.8440407514572144, 0.011607160791754723, -1.2158203125], [0.0, 0.0, 0.0, 1.0]], [[0.9478581547737122, 0.3186548352241516, 0.0048933872021734715, -1.1468505859375], [-0.0006796097732149065, 0.017375607043504715, -0.9998487830162048, 1.562051773071289], [-0.3186916708946228, 0.9477114677429199, 0.016686173155903816, -0.155029296875], [0.0, 0.0, 0.0, 1.0]], [[0.009072805754840374, 0.9999104738235474, 0.009829818271100521, -0.0286865234375], [0.0015541823813691735, 0.009816110134124756, -0.9999505877494812, 1.5681209564208984], [-0.9999576807022095, 0.009087594226002693, -0.0014649842632934451, 0.003997802734375], [0.0, 0.0, 0.0, 1.0]], [[-0.9237198233604431, 0.3829291760921478, -0.010340203531086445, 1.085540771484375], [0.005834741517901421, -0.01292535848915577, -0.9998993873596191, 1.5482902526855469], [-0.38302427530288696, -0.923687219619751, 0.009705116972327232, -0.0743408203125], [0.0, 0.0, 0.0, 1.0]]], "view": [[0.0, -2.0, 100.0], [-2.0, 0.0, 100.0], [0.0, 0.0, 1.0]], "bev": "bev_b05572f22e2a447f96b7587479433ebc.png", "aux": "aux_b05572f22e2a447f96b7587479433ebc.npz", "visibility": "visibility_b05572f22e2a447f96b7587479433ebc.png", "pose": [[0.8785406351089478, 0.47766759991645813, 0.0, 1312.132568359375], [-0.47766759991645813, 0.8785406351089478, 0.0, 1469.6790771484375], [0.0, 0.0, 1.0, 0.0], [0.0, 0.0, 0.0, 1.0]], "pose_inverse": [[0.8785406351089478, -0.47766759991645813, 0.0, -450.74371337890625], [0.47766759991645813, 0.8785406351089478, 0.0, -1917.93603515625], [0.0, 0.0, 1.0, 0.0], [0.0, 0.0, 0.0, 1.0]], "cam_ids": [0, 1, 2, 3, 4, 5], "cam_channels": ["CAM_FRONT_LEFT", "CAM_FRONT", "CAM_FRONT_RIGHT", "CAM_BACK_LEFT", "CAM_BACK", "CAM_BACK_RIGHT"], "token": "b05572f22e2a447f96b7587479433ebc", "scene": "scene-0505"}, {"images": ["samples/CAM_FRONT_LEFT/n008-2018-08-28-13-40-50-0400__CAM_FRONT_LEFT__1535478678654799.jpg", "samples/CAM_FRONT/n008-2018-08-28-13-40-50-0400__CAM_FRONT__1535478678662404.jpg", "samples/CAM_FRONT_RIGHT/n008-2018-08-28-13-40-50-0400__CAM_FRONT_RIGHT__1535478678670482.jpg", "samples/CAM_BACK_LEFT/n008-2018-08-28-13-40-50-0400__CAM_BACK_LEFT__1535478678697405.jpg", "samples/CAM_BACK/n008-2018-08-28-13-40-50-0400__CAM_BACK__1535478678687558.jpg", "samples/CAM_BACK_RIGHT/n008-2018-08-28-13-40-50-0400__CAM_BACK_RIGHT__1535478678678113.jpg"], "intrinsics": [[[1257.8625342125129, 0.0, 827.2410631095686], [0.0, 1257.8625342125129, 450.915498205774], [0.0, 0.0, 1.0]], [[1252.8131021185304, 0.0, 826.588114781398], [0.0, 1252.8131021185304, 469.9846626224581], [0.0, 0.0, 1.0]], [[1256.7485116440405, 0.0, 817.7887570959712], [0.0, 1256.7485116440403, 451.9541780095127], [0.0, 0.0, 1.0]], [[1254.9860565800168, 0.0, 829.5769333630991], [0.0, 1254.9860565800168, 467.1680561863987], [0.0, 0.0, 1.0]], [[796.8910634503094, 0.0, 857.7774326863696], [0.0, 796.8910634503094, 476.8848988407415], [0.0, 0.0, 1.0]], [[1249.9629280788233, 0.0, 825.3768045375984], [0.0, 1249.9629280788233, 462.54816385708756], [0.0, 0.0, 1.0]]], "extrinsics": [[[0.8226388692855835, -0.5685628056526184, 0.001313703367486596, -0.8326416015625], [0.012659764848649502, 0.01600700058043003, -0.9997917413711548, 1.4909019470214844], [0.568423330783844, 0.8224841356277466, 0.020365850999951363, -1.2164306640625], [0.0, 0.0, 0.0, 1.0]], [[0.010470852255821228, -0.9998739957809448, -0.011927959509193897, 0.0086669921875], [0.014653987251222134, 0.012080768123269081, -0.9998196959495544, 1.4826622009277344], [0.9998377561569214, 0.010294130071997643, 0.014778637327253819, -1.56292724609375], [0.0, 0.0, 0.0, 1.0]], [[-0.8438000679016113, -0.536243200302124, -0.02108585089445114, 0.97900390625], [0.022707752883434296, 0.0035794866271317005, -0.9997357130050659, 1.4960918426513672], [0.5361770391464233, -0.8440558910369873, 0.009156507439911366, -1.2052001953125], [0.0, 0.0, 0.0, 1.0]], [[0.947868824005127, 0.3186391592025757, 0.0037013532128185034, -1.14208984375], [-0.002538238652050495, 0.019164560362696648, -0.9998131394386292, 1.5620384216308594], [-0.3186505436897278, 0.9476823210716248, 0.018974274396896362, -0.1568603515625], [0.0, 0.0, 0.0, 1.0]], [[0.009093349799513817, 0.99989253282547, 0.011496584862470627, -0.02880859375], [-0.00044902184163220227, 0.01150114182382822, -0.9999337196350098, 1.5680351257324219], [-0.9999585151672363, 0.009087584912776947, 0.0005535569507628679, -0.00555419921875], [0.0, 0.0, 0.0, 1.0]], [[-0.9237394332885742, 0.38294294476509094, -0.0077470880933105946, 1.071685791015625], [0.0036855563521385193, -0.011338618583977222, -0.999928891658783, 1.5481739044189453], [-0.3830036222934723, -0.9237023591995239, 0.009062572382390499, -0.079833984375], [0.0, 0.0, 0.0, 1.0]]], "view": [[0.0, -2.0, 100.0], [-2.0, 0.0, 100.0], [0.0, 0.0, 1.0]], "bev": "bev_5d2af3f5fe924c3ba9ee3872a5b5cdeb.png", "aux": "aux_5d2af3f5fe924c3ba9ee3872a5b5cdeb.npz", "visibility": "visibility_5d2af3f5fe924c3ba9ee3872a5b5cdeb.png", "pose": [[0.8780447840690613, 0.47857844829559326, 0.0, 1314.224609375], [-0.47857844829559326, 0.8780447840690613, 0.0, 1468.5191650390625], [0.0, 0.0, 1.0, 0.0], [0.0, 0.0, 0.0, 1.0]], "pose_inverse": [[0.8780447840690613, -0.47857844829559326, 0.0, -451.1464538574219], [0.47857844829559326, 0.8780447840690613, 0.0, -1918.3851318359375], [0.0, 0.0, 1.0, 0.0], [0.0, 0.0, 0.0, 1.0]], "cam_ids": [0, 1, 2, 3, 4, 5], "cam_channels": ["CAM_FRONT_LEFT", "CAM_FRONT", "CAM_FRONT_RIGHT", "CAM_BACK_LEFT", "CAM_BACK", "CAM_BACK_RIGHT"], "token": "5d2af3f5fe924c3ba9ee3872a5b5cdeb", "scene": "scene-0505"}, {"images": ["samples/CAM_FRONT_LEFT/n008-2018-08-28-13-40-50-0400__CAM_FRONT_LEFT__1535478679154799.jpg", "samples/CAM_FRONT/n008-2018-08-28-13-40-50-0400__CAM_FRONT__1535478679162404.jpg", "samples/CAM_FRONT_RIGHT/n008-2018-08-28-13-40-50-0400__CAM_FRONT_RIGHT__1535478679170482.jpg", "samples/CAM_BACK_LEFT/n008-2018-08-28-13-40-50-0400__CAM_BACK_LEFT__1535478679197405.jpg", "samples/CAM_BACK/n008-2018-08-28-13-40-50-0400__CAM_BACK__1535478679187558.jpg", "samples/CAM_BACK_RIGHT/n008-2018-08-28-13-40-50-0400__CAM_BACK_RIGHT__1535478679178113.jpg"], "intrinsics": [[[1257.8625342125129, 0.0, 827.2410631095686], [0.0, 1257.8625342125129, 450.915498205774], [0.0, 0.0, 1.0]], [[1252.8131021185304, 0.0, 826.588114781398], [0.0, 1252.8131021185304, 469.9846626224581], [0.0, 0.0, 1.0]], [[1256.7485116440405, 0.0, 817.7887570959712], [0.0, 1256.7485116440403, 451.9541780095127], [0.0, 0.0, 1.0]], [[1254.9860565800168, 0.0, 829.5769333630991], [0.0, 1254.9860565800168, 467.1680561863987], [0.0, 0.0, 1.0]], [[796.8910634503094, 0.0, 857.7774326863696], [0.0, 796.8910634503094, 476.8848988407415], [0.0, 0.0, 1.0]], [[1249.9629280788233, 0.0, 825.3768045375984], [0.0, 1249.9629280788233, 462.54816385708756], [0.0, 0.0, 1.0]]], "extrinsics": [[[0.8226124048233032, -0.5686002969741821, -0.0016286583850160241, -0.813232421875], [0.01127080898731947, 0.019169464707374573, -0.9997527003288269, 1.4908714294433594], [0.5684909224510193, 0.822390615940094, 0.022177621722221375, -1.203125], [0.0, 0.0, 0.0, 1.0]], [[0.01039133407175541, -0.9998335242271423, -0.01499953679740429, 0.0087890625], [0.013102208264172077, 0.015135201625525951, -0.9997996091842651, 1.4826469421386719], [0.9998601675033569, 0.01019277237355709, 0.013257300481200218, -1.543609619140625], [0.0, 0.0, 0.0, 1.0]], [[-0.8438727855682373, -0.536123514175415, -0.021219929680228233, 0.96630859375], [0.020994607359170914, 0.0065246568992733955, -0.999758243560791, 1.496175765991211], [0.5361323952674866, -0.844114363193512, 0.005749721545726061, -1.1971435546875], [0.0, 0.0, 0.0, 1.0]], [[0.9478614330291748, 0.31867310404777527, 0.002465209923684597, -1.14208984375], [-0.004767533391714096, 0.021914467215538025, -0.9997484683990479, 1.5620307922363281], [-0.31864696741104126, 0.9476113319396973, 0.022291164845228195, -0.156982421875], [0.0, 0.0, 0.0, 1.0]], [[0.009145649150013924, 0.9998560547828674, 0.01428992860019207, -0.02880859375], [-0.0025177786592394114, 0.014313505962491035, -0.9998943209648132, 1.567911148071289], [-0.9999549984931946, 0.00910868775099516, 0.0026483219116926193, -0.012786865234375], [0.0, 0.0, 0.0, 1.0]], [[-0.9237324595451355, 0.38300663232803345, -0.004923698958009481, 1.06109619140625], [0.0018175611039623618, -0.008471325971186161, -0.9999624490737915, 1.5480165481567383], [-0.3830339312553406, -0.9237067699432373, 0.007129102014005184, -0.083984375], [0.0, 0.0, 0.0, 1.0]]], "view": [[0.0, -2.0, 100.0], [-2.0, 0.0, 100.0], [0.0, 0.0, 1.0]], "bev": "bev_5e656840857c4f8aaf4243e3b040e602.png", "aux": "aux_5e656840857c4f8aaf4243e3b040e602.npz", "visibility": "visibility_5e656840857c4f8aaf4243e3b040e602.png", "pose": [[0.8772368431091309, 0.48005786538124084, 0.0, 1316.4720458984375], [-0.48005786538124084, 0.8772368431091309, 0.0, 1467.2705078125], [0.0, 0.0, 1.0, 0.0], [0.0, 0.0, 0.0, 1.0]], "pose_inverse": [[0.8772368431091309, -0.48005786538124084, 0.0, -450.4830017089844], [0.48005786538124084, 0.8772368431091309, 0.0, -1919.12646484375], [0.0, 0.0, 1.0, 0.0], [0.0, 0.0, 0.0, 1.0]], "cam_ids": [0, 1, 2, 3, 4, 5], "cam_channels": ["CAM_FRONT_LEFT", "CAM_FRONT", "CAM_FRONT_RIGHT", "CAM_BACK_LEFT", "CAM_BACK", "CAM_BACK_RIGHT"], "token": "5e656840857c4f8aaf4243e3b040e602", "scene": "scene-0505"}, {"images": ["samples/CAM_FRONT_LEFT/n008-2018-08-28-13-40-50-0400__CAM_FRONT_LEFT__1535478679654799.jpg", "samples/CAM_FRONT/n008-2018-08-28-13-40-50-0400__CAM_FRONT__1535478679662404.jpg", "samples/CAM_FRONT_RIGHT/n008-2018-08-28-13-40-50-0400__CAM_FRONT_RIGHT__1535478679670482.jpg", "samples/CAM_BACK_LEFT/n008-2018-08-28-13-40-50-0400__CAM_BACK_LEFT__1535478679697405.jpg", "samples/CAM_BACK/n008-2018-08-28-13-40-50-0400__CAM_BACK__1535478679687558.jpg", "samples/CAM_BACK_RIGHT/n008-2018-08-28-13-40-50-0400__CAM_BACK_RIGHT__1535478679678113.jpg"], "intrinsics": [[[1257.8625342125129, 0.0, 827.2410631095686], [0.0, 1257.8625342125129, 450.915498205774], [0.0, 0.0, 1.0]], [[1252.8131021185304, 0.0, 826.588114781398], [0.0, 1252.8131021185304, 469.9846626224581], [0.0, 0.0, 1.0]], [[1256.7485116440405, 0.0, 817.7887570959712], [0.0, 1256.7485116440403, 451.9541780095127], [0.0, 0.0, 1.0]], [[1254.9860565800168, 0.0, 829.5769333630991], [0.0, 1254.9860565800168, 467.1680561863987], [0.0, 0.0, 1.0]], [[796.8910634503094, 0.0, 857.7774326863696], [0.0, 796.8910634503094, 476.8848988407415], [0.0, 0.0, 1.0]], [[1249.9629280788233, 0.0, 825.3768045375984], [0.0, 1249.9629280788233, 462.54816385708756], [0.0, 0.0, 1.0]]], "extrinsics": [[[0.8227940797805786, -0.5682898759841919, -0.007524068932980299, -0.7923583984375], [0.007076590321958065, 0.023481646552681923, -0.9996991753578186, 1.4900436401367188], [0.5682956576347351, 0.8224933743476868, 0.023342112079262733, -1.1898193359375], [0.0, 0.0, 0.0, 1.0]], [[0.010659591294825077, -0.9997559785842896, -0.01934836246073246, 0.0098876953125], [0.008994142524898052, 0.01944454200565815, -0.99977046251297, 1.4820327758789062], [0.9999027252197266, 0.010483115911483765, 0.009199217893183231, -1.521881103515625], [0.0, 0.0, 0.0, 1.0]], [[-0.8437857627868652, -0.536301851272583, -0.02014961652457714, 0.9512939453125], [0.016997860744595528, 0.010820352472364902, -0.9997969269752502, 1.4958763122558594], [0.5364109873771667, -0.8439569473266602, -1.4077195373829454e-05, -1.186767578125], [0.0, 0.0, 0.0, 1.0]], [[0.9478859901428223, 0.3186093866825104, 0.00031668474548496306, -1.139892578125], [-0.008444897830486298, 0.02611776441335678, -0.99962317943573, 1.56201171875], [-0.3184976577758789, 0.9475261569023132, 0.0274472888559103, -0.1575927734375], [0.0, 0.0, 0.0, 1.0]], [[0.009083850309252739, 0.9997876882553101, 0.018493544310331345, -0.029052734375], [-0.006288065575063229, 0.01855105347931385, -0.9998080730438232, 1.5676498413085938], [-0.9999389052391052, 0.00896583404392004, 0.006455245893448591, -0.019378662109375], [0.0, 0.0, 0.0, 1.0]], [[-0.9238295555114746, 0.382803738117218, 0.0002947996836155653, 1.0489501953125], [-0.0020619845017790794, -0.004206139128655195, -0.9999890327453613, 1.5475683212280273], [-0.38279834389686584, -0.9238200783729553, 0.004675091709941626, -0.088623046875], [0.0, 0.0, 0.0, 1.0]]], "view": [[0.0, -2.0, 100.0], [-2.0, 0.0, 100.0], [0.0, 0.0, 1.0]], "bev": "bev_56a20eae76ba48e4a9c7721656420030.png", "aux": "aux_56a20eae76ba48e4a9c7721656420030.npz", "visibility": "visibility_56a20eae76ba48e4a9c7721656420030.png", "pose": [[0.8766888380050659, 0.4810578227043152, 0.0, 1318.9453125], [-0.4810578227043152, 0.8766888380050659, 0.0, 1465.88427734375], [0.0, 0.0, 1.0, 0.0], [0.0, 0.0, 0.0, 1.0]], "pose_inverse": [[0.8766888380050659, -0.4810578227043152, 0.0, -451.12957763671875], [0.4810578227043152, 0.8766888380050659, 0.0, -1919.6134033203125], [0.0, 0.0, 1.0, 0.0], [0.0, 0.0, 0.0, 1.0]], "cam_ids": [0, 1, 2, 3, 4, 5], "cam_channels": ["CAM_FRONT_LEFT", "CAM_FRONT", "CAM_FRONT_RIGHT", "CAM_BACK_LEFT", "CAM_BACK", "CAM_BACK_RIGHT"], "token": "56a20eae76ba48e4a9c7721656420030", "scene": "scene-0505"}, {"images": ["samples/CAM_FRONT_LEFT/n008-2018-08-28-13-40-50-0400__CAM_FRONT_LEFT__1535478680154799.jpg", "samples/CAM_FRONT/n008-2018-08-28-13-40-50-0400__CAM_FRONT__1535478680162404.jpg", "samples/CAM_FRONT_RIGHT/n008-2018-08-28-13-40-50-0400__CAM_FRONT_RIGHT__1535478680170482.jpg", "samples/CAM_BACK_LEFT/n008-2018-08-28-13-40-50-0400__CAM_BACK_LEFT__1535478680197405.jpg", "samples/CAM_BACK/n008-2018-08-28-13-40-50-0400__CAM_BACK__1535478680187558.jpg", "samples/CAM_BACK_RIGHT/n008-2018-08-28-13-40-50-0400__CAM_BACK_RIGHT__1535478680178113.jpg"], "intrinsics": [[[1257.8625342125129, 0.0, 827.2410631095686], [0.0, 1257.8625342125129, 450.915498205774], [0.0, 0.0, 1.0]], [[1252.8131021185304, 0.0, 826.588114781398], [0.0, 1252.8131021185304, 469.9846626224581], [0.0, 0.0, 1.0]], [[1256.7485116440405, 0.0, 817.7887570959712], [0.0, 1256.7485116440403, 451.9541780095127], [0.0, 0.0, 1.0]], [[1254.9860565800168, 0.0, 829.5769333630991], [0.0, 1254.9860565800168, 467.1680561863987], [0.0, 0.0, 1.0]], [[796.8910634503094, 0.0, 857.7774326863696], [0.0, 796.8910634503094, 476.8848988407415], [0.0, 0.0, 1.0]], [[1249.9629280788233, 0.0, 825.3768045375984], [0.0, 1249.9629280788233, 462.54816385708756], [0.0, 0.0, 1.0]]], "extrinsics": [[[0.8224166035652161, -0.5688589215278625, -0.005514616146683693, -0.7783203125], [0.011867281049489975, 0.026846885681152344, -0.9995690584182739, 1.4914894104003906], [0.5687618851661682, 0.8219968676567078, 0.028830133378505707, -1.17919921875], [0.0, 0.0, 0.0, 1.0]], [[0.01011892780661583, -0.9996921420097351, -0.0226524006575346, 0.0096435546875], [0.014021380804479122, 0.022793186828494072, -0.9996418952941895, 1.4832916259765625], [0.9998504519462585, 0.009797650389373302, 0.014247707091271877, -1.5084228515625], [0.0, 0.0, 0.0, 1.0]], [[-0.843967616558075, -0.5357477068901062, -0.026328640058636665, 0.9427490234375], [0.022188439965248108, 0.014173069037497044, -0.9996532797813416, 1.4969558715820312], [0.53593510389328, -0.8442592024803162, -7.420770270982757e-05, -1.1820068359375], [0.0, 0.0, 0.0, 1.0]], [[0.9478640556335449, 0.3186039626598358, 0.006718167103827, -1.1356201171875], [-0.002892635762691498, 0.02968262881040573, -0.999555230140686, 1.5620193481445312], [-0.31866171956062317, 0.9474230408668518, 0.02905670553445816, -0.158935546875], [0.0, 0.0, 0.0, 1.0]], [[0.00921781174838543, 0.9997151494026184, 0.022013870999217033, -0.0286865234375], [-0.0008697615121491253, 0.02202281355857849, -0.9997570514678955, 1.5679855346679688], [-0.9999571442604065, 0.009196426719427109, 0.00107251584995538, -0.024688720703125], [0.0, 0.0, 0.0, 1.0]], [[-0.9236605167388916, 0.3831976354122162, -0.0032763928174972534, 1.041839599609375], [0.003213905729353428, -0.0008032849873416126, -0.9999945163726807, 1.548225998878479], [-0.3831981122493744, -0.9236660003662109, -0.0004895979072898626, -0.091796875], [0.0, 0.0, 0.0, 1.0]]], "view": [[0.0, -2.0, 100.0], [-2.0, 0.0, 100.0], [0.0, 0.0, 1.0]], "bev": "bev_0d1a3688ad7a498f80c7428c7aae9789.png", "aux": "aux_0d1a3688ad7a498f80c7428c7aae9789.npz", "visibility": "visibility_0d1a3688ad7a498f80c7428c7aae9789.png", "pose": [[0.876166820526123, 0.4820079803466797, 0.0, 1321.587890625], [-0.4820079803466797, 0.876166820526123, 0.0, 1464.3934326171875], [0.0, 0.0, 1.0, 0.0], [0.0, 0.0, 0.0, 1.0]], "pose_inverse": [[0.876166820526123, -0.4820079803466797, 0.0, -452.0821228027344], [0.4820079803466797, 0.876166820526123, 0.0, -1920.06884765625], [0.0, 0.0, 1.0, 0.0], [0.0, 0.0, 0.0, 1.0]], "cam_ids": [0, 1, 2, 3, 4, 5], "cam_channels": ["CAM_FRONT_LEFT", "CAM_FRONT", "CAM_FRONT_RIGHT", "CAM_BACK_LEFT", "CAM_BACK", "CAM_BACK_RIGHT"], "token": "0d1a3688ad7a498f80c7428c7aae9789", "scene": "scene-0505"}, {"images": ["samples/CAM_FRONT_LEFT/n008-2018-08-28-13-40-50-0400__CAM_FRONT_LEFT__1535478680654799.jpg", "samples/CAM_FRONT/n008-2018-08-28-13-40-50-0400__CAM_FRONT__1535478680662404.jpg", "samples/CAM_FRONT_RIGHT/n008-2018-08-28-13-40-50-0400__CAM_FRONT_RIGHT__1535478680670482.jpg", "samples/CAM_BACK_LEFT/n008-2018-08-28-13-40-50-0400__CAM_BACK_LEFT__1535478680697405.jpg", "samples/CAM_BACK/n008-2018-08-28-13-40-50-0400__CAM_BACK__1535478680687558.jpg", "samples/CAM_BACK_RIGHT/n008-2018-08-28-13-40-50-0400__CAM_BACK_RIGHT__1535478680678113.jpg"], "intrinsics": [[[1257.8625342125129, 0.0, 827.2410631095686], [0.0, 1257.8625342125129, 450.915498205774], [0.0, 0.0, 1.0]], [[1252.8131021185304, 0.0, 826.588114781398], [0.0, 1252.8131021185304, 469.9846626224581], [0.0, 0.0, 1.0]], [[1256.7485116440405, 0.0, 817.7887570959712], [0.0, 1256.7485116440403, 451.9541780095127], [0.0, 0.0, 1.0]], [[1254.9860565800168, 0.0, 829.5769333630991], [0.0, 1254.9860565800168, 467.1680561863987], [0.0, 0.0, 1.0]], [[796.8910634503094, 0.0, 857.7774326863696], [0.0, 796.8910634503094, 476.8848988407415], [0.0, 0.0, 1.0]], [[1249.9629280788233, 0.0, 825.3768045375984], [0.0, 1249.9629280788233, 462.54816385708756], [0.0, 0.0, 1.0]]], "extrinsics": [[[0.8225252628326416, -0.5687242746353149, -0.0022012176923453808, -0.76763916015625], [0.017691772431135178, 0.02945513091981411, -0.9994094967842102, 1.4932785034179688], [0.5684533715248108, 0.8220006227493286, 0.03428933024406433, -1.173095703125], [0.0, 0.0, 0.0, 1.0]], [[0.010381978936493397, -0.999630331993103, -0.025125034153461456, 0.0103759765625], [0.019653504714369774, 0.02532552368938923, -0.9994860887527466, 1.4847640991210938], [0.9997528791427612, 0.009882807731628418, 0.019909169524908066, -1.4976806640625], [0.0, 0.0, 0.0, 1.0]], [[-0.8437490463256836, -0.5357632040977478, -0.03233134746551514, 0.9359130859375], [0.027743780985474586, 0.01662234403192997, -0.9994767904281616, 1.4981651306152344], [0.5360203385353088, -0.8442046642303467, 0.0008390088914893568, -1.177001953125], [0.0, 0.0, 0.0, 1.0]], [[0.9478638172149658, 0.3184323310852051, 0.012445985339581966, -1.135009765625], [0.002449774881824851, 0.03177317976951599, -0.9994921088218689, 1.5620689392089844], [-0.3186660706996918, 0.94741290807724, 0.029336562380194664, -0.158935546875], [0.0, 0.0, 0.0, 1.0]], [[0.00907424557954073, 0.9996634721755981, 0.024300772696733475, -0.02880859375], [0.004513738676905632, 0.02426057681441307, -0.9996954798698425, 1.5683746337890625], [-0.9999486207962036, 0.009181204251945019, -0.004292073659598827, -0.029693603515625], [0.0, 0.0, 0.0, 1.0]], [[-0.9236559867858887, 0.38314956426620483, -0.00747534679248929, 1.035125732421875], [0.008739047683775425, 0.0015576716978102922, -0.9999606013298035, 1.548995018005371], [-0.38312283158302307, -0.9236848950386047, -0.004787113983184099, -0.093994140625], [0.0, 0.0, 0.0, 1.0]]], "view": [[0.0, -2.0, 100.0], [-2.0, 0.0, 100.0], [0.0, 0.0, 1.0]], "bev": "bev_cb35854be36c4981a197bfe0678801bf.png", "aux": "aux_cb35854be36c4981a197bfe0678801bf.npz", "visibility": "visibility_cb35854be36c4981a197bfe0678801bf.png", "pose": [[0.8764808773994446, 0.4814366400241852, 0.0, 1324.3316650390625], [-0.4814366400241852, 0.8764808773994446, 0.0, 1462.856689453125], [0.0, 0.0, 1.0, 0.0], [0.0, 0.0, 0.0, 1.0]], "pose_inverse": [[0.8764808773994446, -0.4814366400241852, 0.0, -456.4786071777344], [0.4814366400241852, 0.8764808773994446, 0.0, -1919.7476806640625], [0.0, 0.0, 1.0, 0.0], [0.0, 0.0, 0.0, 1.0]], "cam_ids": [0, 1, 2, 3, 4, 5], "cam_channels": ["CAM_FRONT_LEFT", "CAM_FRONT", "CAM_FRONT_RIGHT", "CAM_BACK_LEFT", "CAM_BACK", "CAM_BACK_RIGHT"], "token": "cb35854be36c4981a197bfe0678801bf", "scene": "scene-0505"}, {"images": ["samples/CAM_FRONT_LEFT/n008-2018-08-28-13-40-50-0400__CAM_FRONT_LEFT__1535478681104799.jpg", "samples/CAM_FRONT/n008-2018-08-28-13-40-50-0400__CAM_FRONT__1535478681112404.jpg", "samples/CAM_FRONT_RIGHT/n008-2018-08-28-13-40-50-0400__CAM_FRONT_RIGHT__1535478681120482.jpg", "samples/CAM_BACK_LEFT/n008-2018-08-28-13-40-50-0400__CAM_BACK_LEFT__1535478681147405.jpg", "samples/CAM_BACK/n008-2018-08-28-13-40-50-0400__CAM_BACK__1535478681137558.jpg", "samples/CAM_BACK_RIGHT/n008-2018-08-28-13-40-50-0400__CAM_BACK_RIGHT__1535478681128113.jpg"], "intrinsics": [[[1257.8625342125129, 0.0, 827.2410631095686], [0.0, 1257.8625342125129, 450.915498205774], [0.0, 0.0, 1.0]], [[1252.8131021185304, 0.0, 826.588114781398], [0.0, 1252.8131021185304, 469.9846626224581], [0.0, 0.0, 1.0]], [[1256.7485116440405, 0.0, 817.7887570959712], [0.0, 1256.7485116440403, 451.9541780095127], [0.0, 0.0, 1.0]], [[1254.9860565800168, 0.0, 829.5769333630991], [0.0, 1254.9860565800168, 467.1680561863987], [0.0, 0.0, 1.0]], [[796.8910634503094, 0.0, 857.7774326863696], [0.0, 796.8910634503094, 476.8848988407415], [0.0, 0.0, 1.0]], [[1249.9629280788233, 0.0, 825.3768045375984], [0.0, 1249.9629280788233, 462.54816385708756], [0.0, 0.0, 1.0]]], "extrinsics": [[[0.8224210143089294, -0.5688781142234802, 0.0012088733492419124, -0.76043701171875], [0.018743222579360008, 0.02497290074825287, -0.9995123744010925, 1.4937705993652344], [0.5685705542564392, 0.8220425844192505, 0.031200846657156944, -1.167236328125], [0.0, 0.0, 0.0, 1.0]], [[0.010246602818369865, -0.9997392296791077, -0.0204047542065382, 0.010009765625], [0.020671701058745384, 0.02061324566602707, -0.999573826789856, 1.4851531982421875], [0.9997337460517883, 0.00982049759477377, 0.020877530798316002, -1.4910888671875], [0.0, 0.0, 0.0, 1.0]], [[-0.8437859416007996, -0.5358155965805054, -0.03044571913778782, 0.9324951171875], [0.02866101637482643, 0.011659570038318634, -0.9995211362838745, 1.4984588623046875], [0.5359140038490295, -0.8442546129226685, 0.00551883690059185, -1.17529296875], [0.0, 0.0, 0.0, 1.0]], [[0.9477977752685547, 0.3186705410480499, 0.011331340298056602, -1.1395263671875], [0.0032327803783118725, 0.025931010022759438, -0.999658465385437, 1.5620498657226562], [-0.31885555386543274, 0.9475107192993164, 0.023547163233160973, -0.1578369140625], [0.0, 0.0, 0.0, 1.0]], [[0.009057329036295414, 0.999782383441925, 0.018793784081935883, -0.0286865234375], [0.005376484710723162, 0.01874559186398983, -0.9998098015785217, 1.5684394836425781], [-0.999