[{"images": ["samples/CAM_FRONT_LEFT/n015-2018-11-21-19-38-26+0800__CAM_FRONT_LEFT__1542801007904844.jpg", "samples/CAM_FRONT/n015-2018-11-21-19-38-26+0800__CAM_FRONT__1542801007912466.jpg", "samples/CAM_FRONT_RIGHT/n015-2018-11-21-19-38-26+0800__CAM_FRONT_RIGHT__1542801007920339.jpg", "samples/CAM_BACK_LEFT/n015-2018-11-21-19-38-26+0800__CAM_BACK_LEFT__1542801007947423.jpg", "samples/CAM_BACK/n015-2018-11-21-19-38-26+0800__CAM_BACK__1542801007937525.jpg", "samples/CAM_BACK_RIGHT/n015-2018-11-21-19-38-26+0800__CAM_BACK_RIGHT__1542801007927893.jpg"], "intrinsics": [[[1272.5979470598488, 0.0, 826.6154927353808], [0.0, 1272.5979470598488, 479.75165386361925], [0.0, 0.0, 1.0]], [[1266.417203046554, 0.0, 816.2670197447984], [0.0, 1266.417203046554, 491.50706579294757], [0.0, 0.0, 1.0]], [[1260.8474446004698, 0.0, 807.968244525554], [0.0, 1260.8474446004698, 495.3344268742088], [0.0, 0.0, 1.0]], [[1256.7414812095406, 0.0, 792.1125740759628], [0.0, 1256.7414812095406, 492.7757465151356], [0.0, 0.0, 1.0]], [[809.2209905677063, 0.0, 829.2196003259838], [0.0, 809.2209905677063, 481.77842384512485], [0.0, 0.0, 1.0]], [[1259.5137405846733, 0.0, 807.2529053838625], [0.0, 1259.5137405846733, 501.19579884916527], [0.0, 0.0, 1.0]]], "extrinsics": [[[0.8195594549179077, -0.571789562702179, -0.03713617101311684, -0.9649658203125], [-0.046860646456480026, -0.0022907184902578592, -0.9988988637924194, 1.50823974609375], [0.5710747241973877, 0.8203970789909363, -0.028671806678175926, -1.2801513671875], [0.0, 0.0, 0.0, 1.0]], [[0.005346688907593489, -0.9999672770500183, 0.006068105343729258, 0.005096435546875], [-0.05214834585785866, -0.0063387565314769745, -0.9986192584037781, 1.5205307006835938], [0.9986249208450317, 0.0050229160115122795, -0.05218053609132767, -1.6920166015625], [0.0, 0.0, 0.0, 1.0]], [[-0.8326528072357178, -0.5528259873390198, 0.03275219351053238, 1.0323486328125], [-0.046513013541698456, 0.010879348032176495, -0.9988583922386169, 1.5036468505859375], [0.5518384575843811, -0.8332257270812988, -0.03477231785655022, -1.24871826171875], [0.0, 0.0, 0.0, 1.0]], [[0.9470252990722656, 0.31838762760162354, -0.042100679129362106, -1.14208984375], [-0.03785906359553337, -0.01950136385858059, -0.9990927577018738, 1.5885467529296875], [-0.31891971826553345, 0.9477600455284119, -0.006414429284632206, -0.103790283203125], [0.0, 0.0, 0.0, 1.0]], [[0.002598726423457265, 0.9999502301216125, -0.00963573344051838, 0.002777099609375], [-0.0632530227303505, -0.009452098980545998, -0.9979528188705444, 1.5793609619140625], [-0.997994065284729, 0.0032028721179813147, 0.06322530657052994, 0.0018310546875], [0.0, 0.0, 0.0, 1.0]], [[-0.9341357946395874, 0.3555925786495209, 0.030730023980140686, 1.13623046875], [-0.030649947002530098, 0.005860209930688143, -0.9995130300521851, 1.5514488220214844], [-0.35559946298599243, -0.9346227049827576, 0.005424660164862871, -0.063720703125], [0.0, 0.0, 0.0, 1.0]]], "view": [[0.0, -2.0, 100.0], [-2.0, 0.0, 100.0], [0.0, 0.0, 1.0]], "bev": "bev_8ac6c53be5e4438aacc163a391e0d963.png", "aux": "aux_8ac6c53be5e4438aacc163a391e0d963.npz", "visibility": "visibility_8ac6c53be5e4438aacc163a391e0d963.png", "pose": [[-0.9052587151527405, 0.42486074566841125, 0.0, 1320.489990234375], [-0.42486074566841125, -0.9052587151527405, 0.0, 903.2850952148438], [0.0, 0.0, 1.0, 0.0], [0.0, 0.0, 0.0, 1.0]], "pose_inverse": [[-0.9052587151527405, -0.42486074566841125, 0.0, 1579.1553955078125], [0.42486074566841125, -0.9052587151527405, 0.0, 256.6823425292969], [0.0, 0.0, 1.0, 0.0], [0.0, 0.0, 0.0, 1.0]], "cam_ids": [0, 1, 2, 3, 4, 5], "cam_channels": ["CAM_FRONT_LEFT", "CAM_FRONT", "CAM_FRONT_RIGHT", "CAM_BACK_LEFT", "CAM_BACK", "CAM_BACK_RIGHT"], "token": "8ac6c53be5e4438aacc163a391e0d963", "scene": "scene-1101"}, {"images": ["samples/CAM_FRONT_LEFT/n015-2018-11-21-19-38-26+0800__CAM_FRONT_LEFT__1542801008404844.jpg", "samples/CAM_FRONT/n015-2018-11-21-19-38-26+0800__CAM_FRONT__1542801008412460.jpg", "samples/CAM_FRONT_RIGHT/n015-2018-11-21-19-38-26+0800__CAM_FRONT_RIGHT__1542801008420339.jpg", "samples/CAM_BACK_LEFT/n015-2018-11-21-19-38-26+0800__CAM_BACK_LEFT__1542801008447423.jpg", "samples/CAM_BACK/n015-2018-11-21-19-38-26+0800__CAM_BACK__1542801008437525.jpg", "samples/CAM_BACK_RIGHT/n015-2018-11-21-19-38-26+0800__CAM_BACK_RIGHT__1542801008427893.jpg"], "intrinsics": [[[1272.5979470598488, 0.0, 826.6154927353808], [0.0, 1272.5979470598488, 479.75165386361925], [0.0, 0.0, 1.0]], [[1266.417203046554, 0.0, 816.2670197447984], [0.0, 1266.417203046554, 491.50706579294757], [0.0, 0.0, 1.0]], [[1260.8474446004698, 0.0, 807.968244525554], [0.0, 1260.8474446004698, 495.3344268742088], [0.0, 0.0, 1.0]], [[1256.7414812095406, 0.0, 792.1125740759628], [0.0, 1256.7414812095406, 492.7757465151356], [0.0, 0.0, 1.0]], [[809.2209905677063, 0.0, 829.2196003259838], [0.0, 809.2209905677063, 481.77842384512485], [0.0, 0.0, 1.0]], [[1259.5137405846733, 0.0, 807.2529053838625], [0.0, 1259.5137405846733, 501.19579884916527], [0.0, 0.0, 1.0]]], "extrinsics": [[[0.819564700126648, -0.5717853307723999, -0.03708573430776596, -0.965087890625], [-0.046820372343063354, -0.0023214181419461966, -0.9989005923271179, 1.5082550048828125], [0.5710706114768982, 0.8203999996185303, -0.028673747554421425, -1.2803955078125], [0.0, 0.0, 0.0, 1.0]], [[0.005351201631128788, -0.999967098236084, 0.006097588688135147, 0.0050506591796875], [-0.05209854245185852, -0.006368184462189674, -0.9986216425895691, 1.5205307006835938], [0.9986276030540466, 0.00502612441778183, -0.05213090404868126, -1.692138671875], [0.0, 0.0, 0.0, 1.0]], [[-0.8326532244682312, -0.5528274774551392, 0.03271793574094772, 1.0323486328125], [-0.04645340144634247, 0.010851283557713032, -0.9988614916801453, 1.5036468505859375], [0.551842987537384, -0.8332251310348511, -0.03471606969833374, -1.2486572265625], [0.0, 0.0, 0.0, 1.0]], [[0.9470278024673462, 0.3183881938457489, -0.042039886116981506, -1.14208984375], [-0.03779832273721695, -0.01949126087129116, -0.9990952610969543, 1.5885543823242188], [-0.3189195394515991, 0.9477599859237671, -0.006424223072826862, -0.103729248046875], [0.0, 0.0, 0.0, 1.0]], [[0.002597288927063346, 0.999950110912323, -0.009652896784245968, 0.002716064453125], [-0.06318774819374084, -0.009469529613852501, -0.9979567527770996, 1.5793609619140625], [-0.9979982376098633, 0.003201900515705347, 0.0631599947810173, 0.0015869140625], [0.0, 0.0, 0.0, 1.0]], [[-0.9341386556625366, 0.355591356754303, 0.030656903982162476, 1.13623046875], [-0.03058222122490406, 0.005832558963447809, -0.9995152354240417, 1.5514488220214844], [-0.3555978238582611, -0.9346233606338501, 0.005426353309303522, -0.06365966796875], [0.0, 0.0, 0.0, 1.0]]], "view": [[0.0, -2.0, 100.0], [-2.0, 0.0, 100.0], [0.0, 0.0, 1.0]], "bev": "bev_106019a552b7422c835a0c6581cc365c.png", "aux": "aux_106019a552b7422c835a0c6581cc365c.npz", "visibility": "visibility_106019a552b7422c835a0c6581cc365c.png", "pose": [[-0.9052560925483704, 0.4248664081096649, 0.0, 1320.489990234375], [-0.4248664081096649, -0.9052560925483704, 0.0, 903.2850952148438], [0.0, 0.0, 1.0, 0.0], [0.0, 0.0, 0.0, 1.0]], "pose_inverse": [[-0.9052560925483704, -0.4248664081096649, 0.0, 1579.1571044921875], [0.4248664081096649, -0.9052560925483704, 0.0, 256.6724853515625], [0.0, 0.0, 1.0, 0.0], [0.0, 0.0, 0.0, 1.0]], "cam_ids": [0, 1, 2, 3, 4, 5], "cam_channels": ["CAM_FRONT_LEFT", "CAM_FRONT", "CAM_FRONT_RIGHT", "CAM_BACK_LEFT", "CAM_BACK", "CAM_BACK_RIGHT"], "token": "106019a552b7422c835a0c6581cc365c", "scene": "scene-1101"}, {"images": ["samples/CAM_FRONT_LEFT/n015-2018-11-21-19-38-26+0800__CAM_FRONT_LEFT__1542801008904844.jpg", "samples/CAM_FRONT/n015-2018-11-21-19-38-26+0800__CAM_FRONT__1542801008912460.jpg", "samples/CAM_FRONT_RIGHT/n015-2018-11-21-19-38-26+0800__CAM_FRONT_RIGHT__1542801008920339.jpg", "samples/CAM_BACK_LEFT/n015-2018-11-21-19-38-26+0800__CAM_BACK_LEFT__1542801008947423.jpg", "samples/CAM_BACK/n015-2018-11-21-19-38-26+0800__CAM_BACK__1542801008937529.jpg", "samples/CAM_BACK_RIGHT/n015-2018-11-21-19-38-26+0800__CAM_BACK_RIGHT__1542801008927893.jpg"], "intrinsics": [[[1272.5979470598488, 0.0, 826.6154927353808], [0.0, 1272.5979470598488, 479.75165386361925], [0.0, 0.0, 1.0]], [[1266.417203046554, 0.0, 816.2670197447984], [0.0, 1266.417203046554, 491.50706579294757], [0.0, 0.0, 1.0]], [[1260.8474446004698, 0.0, 807.968244525554], [0.0, 1260.8474446004698, 495.3344268742088], [0.0, 0.0, 1.0]], [[1256.7414812095406, 0.0, 792.1125740759628], [0.0, 1256.7414812095406, 492.7757465151356], [0.0, 0.0, 1.0]], [[809.2209905677063, 0.0, 829.2196003259838], [0.0, 809.2209905677063, 481.77842384512485], [0.0, 0.0, 1.0]], [[1259.5137405846733, 0.0, 807.2529053838625], [0.0, 1259.5137405846733, 501.19579884916527], [0.0, 0.0, 1.0]]], "extrinsics": [[[0.8195564150810242, -0.571791410446167, -0.0371752493083477, -0.9652099609375], [-0.046858660876750946, -0.0022193181794136763, -0.9988991022109985, 1.5082473754882812], [0.5710793733596802, 0.8203960657119751, -0.028612235561013222, -1.2802734375], [0.0, 0.0, 0.0, 1.0]], [[0.005342261865735054, -0.999967634677887, 0.00600707670673728, 0.005035400390625], [-0.05215068161487579, -0.006277588661760092, -0.9986194968223572, 1.5205307006835938], [0.9986249208450317, 0.005021626595407724, -0.05218253284692764, -1.6923828125], [0.0, 0.0, 0.0, 1.0]], [[-0.8326545357704163, -0.5528247356414795, 0.03272992745041847, 1.0322265625], [-0.04651973396539688, 0.010929923504590988, -0.9988575577735901, 1.5036468505859375], [0.5518354773521423, -0.8332258462905884, -0.03481810539960861, -1.24871826171875], [0.0, 0.0, 0.0, 1.0]], [[0.9470250010490417, 0.3183894455432892, -0.04209299758076668, -1.1422119140625], [-0.037878043949604034, -0.019420845434069633, -0.9990936517715454, 1.5885543823242188], [-0.318918377161026, 0.947761058807373, -0.006332056596875191, -0.103729248046875], [0.0, 0.0, 0.0, 1.0]], [[0.0026004400569945574, 0.9999508261680603, -0.009574970230460167, 0.002899169921875], [-0.0632634088397026, -0.009391317144036293, -0.9979526996612549, 1.5793609619140625], [-0.9979934096336365, 0.0032008960843086243, 0.06323587149381638, 0.001708984375], [0.0, 0.0, 0.0, 1.0]], [[-0.9341347813606262, 0.3555935025215149, 0.030750056728720665, 1.13623046875], [-0.030651984736323357, 0.005911218002438545, -0.9995126724243164, 1.5514488220214844], [-0.355601966381073, -0.934622049331665, 0.005377774592489004, -0.063720703125], [0.0, 0.0, 0.0, 1.0]]], "view": [[0.0, -2.0, 100.0], [-2.0, 0.0, 100.0], [0.0, 0.0, 1.0]], "bev": "bev_18174b773d9449e489f701535c21abd6.png", "aux": "aux_18174b773d9449e489f701535c21abd6.npz", "visibility": "visibility_18174b773d9449e489f701535c21abd6.png", "pose": [[-0.9052660465240479, 0.4248451590538025, 0.0, 1320.489990234375], [-0.4248451590538025, -0.9052660465240479, 0.0, 903.2850952148438], [0.0, 0.0, 1.0, 0.0], [0.0, 0.0, 0.0, 1.0]], "pose_inverse": [[-0.9052660465240479, -0.4248451590538025, 0.0, 1579.1510009765625], [0.4248451590538025, -0.9052660465240479, 0.0, 256.7095642089844], [0.0, 0.0, 1.0, 0.0], [0.0, 0.0, 0.0, 1.0]], "cam_ids": [0, 1, 2, 3, 4, 5], "cam_channels": ["CAM_FRONT_LEFT", "CAM_FRONT", "CAM_FRONT_RIGHT", "CAM_BACK_LEFT", "CAM_BACK", "CAM_BACK_RIGHT"], "token": "18174b773d9449e489f701535c21abd6", "scene": "scene-1101"}, {"images": ["samples/CAM_FRONT_LEFT/n015-2018-11-21-19-38-26+0800__CAM_FRONT_LEFT__1542801009404844.jpg", "samples/CAM_FRONT/n015-2018-11-21-19-38-26+0800__CAM_FRONT__1542801009412460.jpg", "samples/CAM_FRONT_RIGHT/n015-2018-11-21-19-38-26+0800__CAM_FRONT_RIGHT__1542801009420339.jpg", "samples/CAM_BACK_LEFT/n015-2018-11-21-19-38-26+0800__CAM_BACK_LEFT__1542801009447423.jpg", "samples/CAM_BACK/n015-2018-11-21-19-38-26+0800__CAM_BACK__1542801009437525.jpg", "samples/CAM_BACK_RIGHT/n015-2018-11-21-19-38-26+0800__CAM_BACK_RIGHT__1542801009427893.jpg"], "intrinsics": [[[1272.5979470598488, 0.0, 826.6154927353808], [0.0, 1272.5979470598488, 479.75165386361925], [0.0, 0.0, 1.0]], [[1266.417203046554, 0.0, 816.2670197447984], [0.0, 1266.417203046554, 491.50706579294757], [0.0, 0.0, 1.0]], [[1260.8474446004698, 0.0, 807.968244525554], [0.0, 1260.8474446004698, 495.3344268742088], [0.0, 0.0, 1.0]], [[1256.7414812095406, 0.0, 792.1125740759628], [0.0, 1256.7414812095406, 492.7757465151356], [0.0, 0.0, 1.0]], [[809.2209905677063, 0.0, 829.2196003259838], [0.0, 809.2209905677063, 481.77842384512485], [0.0, 0.0, 1.0]], [[1259.5137405846733, 0.0, 807.2529053838625], [0.0, 1259.5137405846733, 501.19579884916527], [0.0, 0.0, 1.0]]], "extrinsics": [[[0.8195526003837585, -0.5717936754226685, -0.0372212789952755, -0.96484375], [-0.04688843712210655, -0.0021813707426190376, -0.9988977313041687, 1.50823974609375], [0.5710821747779846, 0.8203945755958557, -0.028598258271813393, -1.2801513671875], [0.0, 0.0, 0.0, 1.0]], [[0.005339283030480146, -0.9999678730964661, 0.0059682950377464294, 0.0050811767578125], [-0.05217859521508217, -0.0062388465739786625, -0.9986183047294617, 1.5205307006835938], [0.9986234307289124, 0.005020568147301674, -0.05221023038029671, -1.6920166015625], [0.0, 0.0, 0.0, 1.0]], [[-0.832654595375061, -0.5528246760368347, 0.03272972255945206, 1.0323486328125], [-0.04654567688703537, 0.010969467461109161, -0.9988559484481812, 1.5036468505859375], [0.5518331527709961, -0.8332253694534302, -0.034865375608205795, -1.2489013671875], [0.0, 0.0, 0.0, 1.0]], [[0.9470241665840149, 0.3183901011943817, -0.04210633039474487, -1.14208984375], [-0.03790006786584854, -0.019397178664803505, -0.9990932941436768, 1.5885543823242188], [-0.3189181089401245, 0.9477612972259521, -0.00630258908495307, -0.103759765625], [0.0, 0.0, 0.0, 1.0]], [[0.0026013797614723444, 0.9999510645866394, -0.009543360210955143, 0.002960205078125], [-0.06327298283576965, -0.009359677322208881, -0.9979523420333862, 1.5793609619140625], [-0.9979928731918335, 0.0031999170314520597, 0.06324554234743118, 0.0018310546875], [0.0, 0.0, 0.0, 1.0]], [[-0.9341337084770203, 0.3555932641029358, 0.03078591451048851, 1.1363525390625], [-0.030675195157527924, 0.005951027851551771, -0.9995116591453552, 1.5514488220214844], [-0.35560283064842224, -0.9346218705177307, 0.005348837934434414, -0.063720703125], [0.0, 0.0, 0.0, 1.0]]], "view": [[0.0, -2.0, 100.0], [-2.0, 0.0, 100.0], [0.0, 0.0, 1.0]], "bev": "bev_a007bb258ef64368935f2134b21bc849.png", "aux": "aux_a007bb258ef64368935f2134b21bc849.npz", "visibility": "visibility_a007bb258ef64368935f2134b21bc849.png", "pose": [[-0.9052388668060303, 0.4249030649662018, 0.0, 1320.4898681640625], [-0.4249030649662018, -0.9052388668060303, 0.0, 903.2850341796875], [0.0, 0.0, 1.0, 0.0], [0.0, 0.0, 0.0, 1.0]], "pose_inverse": [[-0.9052388668060303, -0.4249030649662018, 0.0, 1579.1673583984375], [0.4249030649662018, -0.9052388668060303, 0.0, 256.6085205078125], [0.0, 0.0, 1.0, 0.0], [0.0, 0.0, 0.0, 1.0]], "cam_ids": [0, 1, 2, 3, 4, 5], "cam_channels": ["CAM_FRONT_LEFT", "CAM_FRONT", "CAM_FRONT_RIGHT", "CAM_BACK_LEFT", "CAM_BACK", "CAM_BACK_RIGHT"], "token": "a007bb258ef64368935f2134b21bc849", "scene": "scene-1101"}, {"images": ["samples/CAM_FRONT_LEFT/n015-2018-11-21-19-38-26+0800__CAM_FRONT_LEFT__1542801009904844.jpg", "samples/CAM_FRONT/n015-2018-11-21-19-38-26+0800__CAM_FRONT__1542801009912460.jpg", "samples/CAM_FRONT_RIGHT/n015-2018-11-21-19-38-26+0800__CAM_FRONT_RIGHT__1542801009920339.jpg", "samples/CAM_BACK_LEFT/n015-2018-11-21-19-38-26+0800__CAM_BACK_LEFT__1542801009947423.jpg", "samples/CAM_BACK/n015-2018-11-21-19-38-26+0800__CAM_BACK__1542801009937525.jpg", "samples/CAM_BACK_RIGHT/n015-2018-11-21-19-38-26+0800__CAM_BACK_RIGHT__1542801009927893.jpg"], "intrinsics": [[[1272.5979470598488, 0.0, 826.6154927353808], [0.0, 1272.5979470598488, 479.75165386361925], [0.0, 0.0, 1.0]], [[1266.417203046554, 0.0, 816.2670197447984], [0.0, 1266.417203046554, 491.50706579294757], [0.0, 0.0, 1.0]], [[1260.8474446004698, 0.0, 807.968244525554], [0.0, 1260.8474446004698, 495.3344268742088], [0.0, 0.0, 1.0]], [[1256.7414812095406, 0.0, 792.1125740759628], [0.0, 1256.7414812095406, 492.7757465151356], [0.0, 0.0, 1.0]], [[809.2209905677063, 0.0, 829.2196003259838], [0.0, 809.2209905677063, 481.77842384512485], [0.0, 0.0, 1.0]], [[1259.5137405846733, 0.0, 807.2529053838625], [0.0, 1259.5137405846733, 501.19579884916527], [0.0, 0.0, 1.0]]], "extrinsics": [[[0.8195732831954956, -0.5717580318450928, -0.03731442615389824, -0.9649658203125], [-0.046936988830566406, -0.0020901954267174006, -0.9988956451416016, 1.5082473754882812], [0.5710486173629761, 0.8204196095466614, -0.028549669310450554, -1.2802734375], [0.0, 0.0, 0.0, 1.0]], [[0.0053724488243460655, -0.9999683499336243, 0.005869792774319649, 0.005096435546875], [-0.05222521722316742, -0.00614244444295764, -0.9986164569854736, 1.5205307006835938], [0.998620867729187, 0.005058487877249718, -0.05225655809044838, -1.692138671875], [0.0, 0.0, 0.0, 1.0]], [[-0.8326385617256165, -0.5528498888015747, 0.032709959894418716, 1.0322265625], [-0.04659093916416168, 0.011071696877479553, -0.9988526701927185, 1.5036468505859375], [0.5518534183502197, -0.8332073092460632, -0.03497651591897011, -1.2486572265625], [0.0, 0.0, 0.0, 1.0]], [[0.9470217227935791, 0.31839725375175476, -0.04210728034377098, -1.1422119140625], [-0.03794476017355919, -0.01926717720925808, -0.9990940690040588, 1.5885543823242188], [-0.3189200758934021, 0.947761595249176, -0.006164931692183018, -0.103668212890625], [0.0, 0.0, 0.0, 1.0]], [[0.0025911605916917324, 0.9999522566795349, -0.009424807503819466, 0.002838134765625], [-0.06332845240831375, -0.009241831488907337, -0.9979499578475952, 1.5793609619140625], [-0.9979893565177917, 0.003182678483426571, 0.06330148130655289, 0.0018310546875], [0.0, 0.0, 0.0, 1.0]], [[-0.93413907289505, 0.3555716574192047, 0.03086942806839943, 1.13623046875], [-0.030725019052624702, 0.006054609548300505, -0.9995095729827881, 1.5514488220214844], [-0.35558420419692993, -0.9346294403076172, 0.005269096698611975, -0.0635986328125], [0.0, 0.0, 0.0, 1.0]]], "view": [[0.0, -2.0, 100.0], [-2.0, 0.0, 100.0], [0.0, 0.0, 1.0]], "bev": "bev_6f641914dc1a438f9cd22266f049f7fd.png", "aux": "aux_6f641914dc1a438f9cd22266f049f7fd.npz", "visibility": "visibility_6f641914dc1a438f9cd22266f049f7fd.png", "pose": [[-0.9052629470825195, 0.42485177516937256, 0.0, 1320.4898681640625], [-0.42485177516937256, -0.9052629470825195, 0.0, 903.2850341796875], [0.0, 0.0, 1.0, 0.0], [0.0, 0.0, 0.0, 1.0]], "pose_inverse": [[-0.9052629470825195, -0.42485177516937256, 0.0, 1579.15283203125], [0.42485177516937256, -0.9052629470825195, 0.0, 256.697998046875], [0.0, 0.0, 1.0, 0.0], [0.0, 0.0, 0.0, 1.0]], "cam_ids": [0, 1, 2, 3, 4, 5], "cam_channels": ["CAM_FRONT_LEFT", "CAM_FRONT", "CAM_FRONT_RIGHT", "CAM_BACK_LEFT", "CAM_BACK", "CAM_BACK_RIGHT"], "token": "6f641914dc1a438f9cd22266f049f7fd", "scene": "scene-1101"}, {"images": ["samples/CAM_FRONT_LEFT/n015-2018-11-21-19-38-26+0800__CAM_FRONT_LEFT__1542801010404844.jpg", "samples/CAM_FRONT/n015-2018-11-21-19-38-26+0800__CAM_FRONT__1542801010412460.jpg", "samples/CAM_FRONT_RIGHT/n015-2018-11-21-19-38-26+0800__CAM_FRONT_RIGHT__1542801010420339.jpg", "samples/CAM_BACK_LEFT/n015-2018-11-21-19-38-26+0800__CAM_BACK_LEFT__1542801010447423.jpg", "samples/CAM_BACK/n015-2018-11-21-19-38-26+0800__CAM_BACK__1542801010437525.jpg", "samples/CAM_BACK_RIGHT/n015-2018-11-21-19-38-26+0800__CAM_BACK_RIGHT__1542801010427893.jpg"], "intrinsics": [[[1272.5979470598488, 0.0, 826.6154927353808], [0.0, 1272.5979470598488, 479.75165386361925], [0.0, 0.0, 1.0]], [[1266.417203046554, 0.0, 816.2670197447984], [0.0, 1266.417203046554, 491.50706579294757], [0.0, 0.0, 1.0]], [[1260.8474446004698, 0.0, 807.968244525554], [0.0, 1260.8474446004698, 495.3344268742088], [0.0, 0.0, 1.0]], [[1256.7414812095406, 0.0, 792.1125740759628], [0.0, 1256.7414812095406, 492.7757465151356], [0.0, 0.0, 1.0]], [[809.2209905677063, 0.0, 829.2196003259838], [0.0, 809.2209905677063, 481.77842384512485], [0.0, 0.0, 1.0]], [[1259.5137405846733, 0.0, 807.2529053838625], [0.0, 1259.5137405846733, 501.19579884916527], [0.0, 0.0, 1.0]]], "extrinsics": [[[0.8195712566375732, -0.5717601776123047, -0.03732660412788391, -0.965087890625], [-0.046917811036109924, -0.0020411761943250895, -0.9988966584205627, 1.5082473754882812], [0.5710530877113342, 0.8204182386398315, -0.02849862352013588, -1.2802734375], [0.0, 0.0, 0.0, 1.0]], [[0.005367693491280079, -0.9999685883522034, 0.0058262231759727, 0.0050811767578125], [-0.05220897123217583, -0.006098602432757616, -0.9986175298690796, 1.5205230712890625], [0.9986217021942139, 0.005056063644587994, -0.05224006250500679, -1.692138671875], [0.0, 0.0, 0.0, 1.0]], [[-0.8326415419578552, -0.5528473854064941, 0.03267773613333702, 1.0322265625], [-0.04657762497663498, 0.011110153049230576, -0.9988528490066528, 1.5036468505859375], [0.5518501400947571, -0.833208441734314, -0.03500109538435936, -1.2486572265625], [0.0, 0.0, 0.0, 1.0]], [[0.9470232129096985, 0.31839725375175476, -0.04207415506243706, -1.1422119140625], [-0.037911757826805115, -0.019261423498392105, -0.9990954399108887, 1.5885543823242188], [-0.3189195990562439, 0.9477617144584656, -0.00617001811042428, -0.103759765625], [0.0, 0.0, 0.0, 1.0]], [[0.0025931992568075657, 0.9999524354934692, -0.009405056945979595, 0.002838134765625], [-0.06330952793359756, -0.009222052060067654, -0.997951328754425, 1.5793609619140625], [-0.997990608215332, 0.003183367196470499, 0.06328260153532028, 0.001708984375], [0.0, 0.0, 0.0, 1.0]], [[-0.9341381788253784, 0.35557428002357483, 0.03086414933204651, 1.13623046875], [-0.03070560097694397, 0.0060908314771950245, -0.9995099306106567, 1.55145263671875], [-0.35558804869651794, -0.9346281886100769, 0.005228445399552584, -0.06365966796875], [0.0, 0.0, 0.0, 1.0]]], "view": [[0.0, -2.0, 100.0], [-2.0, 0.0, 100.0], [0.0, 0.0, 1.0]], "bev": "bev_d888055e2d3143279b680a88399b84dc.png", "aux": "aux_d888055e2d3143279b680a88399b84dc.npz", "visibility": "visibility_d888055e2d3143279b680a88399b84dc.png", "pose": [[-0.9052390456199646, 0.42490261793136597, 0.0, 1320.48974609375], [-0.42490261793136597, -0.9052390456199646, 0.0, 903.2850341796875], [0.0, 0.0, 1.0, 0.0], [0.0, 0.0, 0.0, 1.0]], "pose_inverse": [[-0.9052390456199646, -0.42490261793136597, 0.0, 1579.1671142578125], [0.42490261793136597, -0.9052390456199646, 0.0, 256.6093444824219], [0.0, 0.0, 1.0, 0.0], [0.0, 0.0, 0.0, 1.0]], "cam_ids": [0, 1, 2, 3, 4, 5], "cam_channels": ["CAM_FRONT_LEFT", "CAM_FRONT", "CAM_FRONT_RIGHT", "CAM_BACK_LEFT", "CAM_BACK", "CAM_BACK_RIGHT"], "token": "d888055e2d3143279b680a88399b84dc", "scene": "scene-1101"}, {"images": ["samples/CAM_FRONT_LEFT/n015-2018-11-21-19-38-26+0800__CAM_FRONT_LEFT__1542801010904844.jpg", "samples/CAM_FRONT/n015-2018-11-21-19-38-26+0800__CAM_FRONT__1542801010912460.jpg", "samples/CAM_FRONT_RIGHT/n015-2018-11-21-19-38-26+0800__CAM_FRONT_RIGHT__1542801010920339.jpg", "samples/CAM_BACK_LEFT/n015-2018-11-21-19-38-26+0800__CAM_BACK_LEFT__1542801010947423.jpg", "samples/CAM_BACK/n015-2018-11-21-19-38-26+0800__CAM_BACK__1542801010937525.jpg", "samples/CAM_BACK_RIGHT/n015-2018-11-21-19-38-26+0800__CAM_BACK_RIGHT__1542801010927893.jpg"], "intrinsics": [[[1272.5979470598488, 0.0, 826.6154927353808], [0.0, 1272.5979470598488, 479.75165386361925], [0.0, 0.0, 1.0]], [[1266.417203046554, 0.0, 816.2670197447984], [0.0, 1266.417203046554, 491.50706579294757], [0.0, 0.0, 1.0]], [[1260.8474446004698, 0.0, 807.968244525554], [0.0, 1260.8474446004698, 495.3344268742088], [0.0, 0.0, 1.0]], [[1256.7414812095406, 0.0, 792.1125740759628], [0.0, 1256.7414812095406, 492.7757465151356], [0.0, 0.0, 1.0]], [[809.2209905677063, 0.0, 829.2196003259838], [0.0, 809.2209905677063, 481.77842384512485], [0.0, 0.0, 1.0]], [[1259.5137405846733, 0.0, 807.2529053838625], [0.0, 1259.5137405846733, 501.19579884916527], [0.0, 0.0, 1.0]]], "extrinsics": [[[0.8195648193359375, -0.5717716813087463, -0.03729302063584328, -0.965087890625], [-0.04694550856947899, -0.0021390807814896107, -0.9988951683044434, 1.5082550048828125], [0.571060061454773, 0.8204100131988525, -0.028595227748155594, -1.2801513671875], [0.0, 0.0, 0.0, 1.0]], [[0.005357719492167234, -0.9999681711196899, 0.00591705646365881, 0.0050811767578125], [-0.05223967134952545, -0.006188945844769478, -0.9986153841018677, 1.520538330078125], [0.9986202120780945, 0.005041235592216253, -0.05227116122841835, -1.6922607421875], [0.0, 0.0, 0.0, 1.0]], [[-0.832646369934082, -0.5528357028961182, 0.03275188058614731, 1.032470703125], [-0.04661122336983681, 0.011027470231056213, -0.9988522529602051, 1.5036468505859375], [0.5518399477005005, -0.8332173228263855, -0.03495032712817192, -1.248779296875], [0.0, 0.0, 0.0, 1.0]], [[0.9470224380493164, 0.31839296221733093, -0.04212486371397972, -1.142333984375], [-0.0379464216530323, -0.01931747980415821, -0.9990929961204529, 1.5885543823242188], [-0.3189179599285126, 0.9477620124816895, -0.006212213542312384, -0.10369873046875], [0.0, 0.0, 0.0, 1.0]], [[0.002598357852548361, 0.9999518394470215, -0.009469141252338886, 0.0028076171875], [-0.06334781646728516, -0.009285562671720982, -0.9979482889175415, 1.5793685913085938], [-0.9979881048202515, 0.003192858537659049, 0.06332062929868698, 0.001708984375], [0.0, 0.0, 0.0, 1.0]], [[-0.9341335892677307, 0.3555856943130493, 0.030877135694026947, 1.1363525390625], [-0.03074900060892105, 0.006013477221131325, -0.9995090365409851, 1.5514564514160156], [-0.3555968105792999, -0.934624433517456, 0.005316509865224361, -0.0635986328125], [0.0, 0.0, 0.0, 1.0]]], "view": [[0.0, -2.0, 100.0], [-2.0, 0.0, 100.0], [0.0, 0.0, 1.0]], "bev": "bev_12b84fc5196541db9e57972493299107.png", "aux": "aux_12b84fc5196541db9e57972493299107.npz", "visibility": "visibility_12b84fc5196541db9e57972493299107.png", "pose": [[-0.9052594304084778, 0.42485928535461426, 0.0, 1320.4898681640625], [-0.42485928535461426, -0.9052594304084778, 0.0, 903.2850341796875], [0.0, 0.0, 1.0, 0.0], [0.0, 0.0, 0.0, 1.0]], "pose_inverse": [[-0.9052594304084778, -0.42485928535461426, 0.0, 1579.1549072265625], [0.42485928535461426, -0.9052594304084778, 0.0, 256.6849060058594], [0.0, 0.0, 1.0, 0.0], [0.0, 0.0, 0.0, 1.0]], "cam_ids": [0, 1, 2, 3, 4, 5], "cam_channels": ["CAM_FRONT_LEFT", "CAM_FRONT", "CAM_FRONT_RIGHT", "CAM_BACK_LEFT", "CAM_BACK", "CAM_BACK_RIGHT"], "token": "12b84fc5196541db9e57972493299107", "scene": "scene-1101"}, {"images": ["samples/CAM_FRONT_LEFT/n015-2018-11-21-19-38-26+0800__CAM_FRONT_LEFT__1542801011404844.jpg", "samples/CAM_FRONT/n015-2018-11-21-19-38-26+0800__CAM_FRONT__1542801011412467.jpg", "samples/CAM_FRONT_RIGHT/n015-2018-11-21-19-38-26+0800__CAM_FRONT_RIGHT__1542801011420339.jpg", "samples/CAM_BACK_LEFT/n015-2018-11-21-19-38-26+0800__CAM_BACK_LEFT__1542801011447423.jpg", "samples/CAM_BACK/n015-2018-11-21-19-38-26+0800__CAM_BACK__1542801011437525.jpg", "samples/CAM_BACK_RIGHT/n015-2018-11-21-19-38-26+0800__CAM_BACK_RIGHT__1542801011427893.jpg"], "intrinsics": [[[1272.5979470598488, 0.0, 826.6154927353808], [0.0, 1272.5979470598488, 479.75165386361925], [0.0, 0.0, 1.0]], [[1266.417203046554, 0.0, 816.2670197447984], [0.0, 1266.417203046554, 491.50706579294757], [0.0, 0.0, 1.0]], [[1260.8474446004698, 0.0, 807.968244525554], [0.0, 1260.8474446004698, 495.3344268742088], [0.0, 0.0, 1.0]], [[1256.7414812095406, 0.0, 792.1125740759628], [0.0, 1256.7414812095406, 492.7757465151356], [0.0, 0.0, 1.0]], [[809.2209905677063, 0.0, 829.2196003259838], [0.0, 809.2209905677063, 481.77842384512485], [0.0, 0.0, 1.0]], [[1259.5137405846733, 0.0, 807.2529053838625], [0.0, 1259.5137405846733, 501.19579884916527], [0.0, 0.0, 1.0]]], "extrinsics": [[[0.8195602297782898, -0.5717931985855103, -0.03706134855747223, -0.965087890625], [-0.046809736639261246, -0.0023483620025217533, -0.9989010691642761, 1.5082473754882812], [0.5710778832435608, 0.8203943967819214, -0.028690114617347717, -1.2802734375], [0.0, 0.0, 0.0, 1.0]], [[0.005344294011592865, -0.9999666810035706, 0.0061623756773769855, 0.005035400390625], [-0.05207549035549164, -0.006432405672967434, -0.9986224174499512, 1.5205307006835938], [0.9986287951469421, 0.005015994422137737, -0.05210813507437706, -1.692138671875], [0.0, 0.0, 0.0, 1.0]], [[-0.8326572179794312, -0.5528198480606079, 0.03274502605199814, 1.0323486328125], [-0.04641741141676903, 0.010748444125056267, -0.9988642334938049, 1.5036468505859375], [0.55184006690979, -0.8332314491271973, -0.034610237926244736, -1.24871826171875], [0.0, 0.0, 0.0, 1.0]], [[0.9470313191413879, 0.3183848261833191, -0.04198641702532768, -1.14208984375], [-0.03766263276338577, -0.01972694881260395, -0.9990957975387573, 1.5885543823242188], [-0.318925142288208, 0.947756290435791, -0.006690829060971737, -0.103729248046875], [0.0, 0.0, 0.0, 1.0]], [[0.0025970477145165205, 0.999948263168335, -0.009843620471656322, 0.002777099609375], [-0.06309028714895248, -0.009660202078521252, -0.9979611039161682, 1.5793533325195312], [-0.9980044364929199, 0.003212773008272052, 0.06306193023920059, 0.001708984375], [0.0, 0.0, 0.0, 1.0]], [[-0.93413907289505, 0.35559844970703125, 0.030559346079826355, 1.13623046875], [-0.030527863651514053, 0.005701188929378986, -0.9995176792144775, 1.5514488220214844], [-0.35560113191604614, -0.9346214532852173, 0.005529958289116621, -0.06365966796875], [0.0, 0.0, 0.0, 1.0]]], "view": [[0.0, -2.0, 100.0], [-2.0, 0.0, 100.0], [0.0, 0.0, 1.0]], "bev": "bev_38372de574a0493caac6f052029f52fc.png", "aux": "aux_38372de574a0493caac6f052029f52fc.npz", "visibility": "visibility_38372de574a0493caac6f052029f52fc.png", "pose": [[-0.9052451848983765, 0.42488956451416016, 0.0, 1320.4898681640625], [-0.42488956451416016, -0.9052451848983765, 0.0, 903.2850952148438], [0.0, 0.0, 1.0, 0.0], [0.0, 0.0, 0.0, 1.0]], "pose_inverse": [[-0.9052451848983765, -0.42488956451416016, 0.0, 1579.16357421875], [0.42488956451416016, -0.9052451848983765, 0.0, 256.6321105957031], [0.0, 0.0, 1.0, 0.0], [0.0, 0.0, 0.0, 1.0]], "cam_ids": [0, 1, 2, 3, 4, 5], "cam_channels": ["CAM_FRONT_LEFT", "CAM_FRONT", "CAM_FRONT_RIGHT", "CAM_BACK_LEFT", "CAM_BACK", "CAM_BACK_RIGHT"], "token": "38372de574a0493caac6f052029f52fc", "scene": "scene-1101"}, {"images": ["samples/CAM_FRONT_LEFT/n015-2018-11-21-19-38-26+0800__CAM_FRONT_LEFT__1542801011904844.jpg", "samples/CAM_FRONT/n015-2018-11-21-19-38-26+0800__CAM_FRONT__1542801011912460.jpg", "samples/CAM_FRONT_RIGHT/n015-2018-11-21-19-38-26+0800__CAM_FRONT_RIGHT__1542801011920339.jpg", "samples/CAM_BACK_LEFT/n015-2018-11-21-19-38-26+0800__CAM_BACK_LEFT__1542801011947423.jpg", "samples/CAM_BACK/n015-2018-11-21-19-38-26+0800__CAM_BACK__1542801011937525.jpg", "samples/CAM_BACK_RIGHT/n015-2018-11-21-19-38-26+0800__CAM_BACK_RIGHT__1542801011927893.jpg"], "intrinsics": [[[1272.5979470598488, 0.0, 826.6154927353808], [0.0, 1272.5979470598488, 479.75165386361925], [0.0, 0.0, 1.0]], [[1266.417203046554, 0.0, 816.2670197447984], [0.0, 1266.417203046554, 491.50706579294757], [0.0, 0.0, 1.0]], [[1260.8474446004698, 0.0, 807.968244525554], [0.0, 1260.8474446004698, 495.3344268742088], [0.0, 0.0, 1.0]], [[1256.7414812095406, 0.0, 792.1125740759628], [0.0, 1256.7414812095406, 492.7757465151356], [0.0, 0.0, 1.0]], [[809.2209905677063, 0.0, 829.2196003259838], [0.0, 809.2209905677063, 481.77842384512485], [0.0, 0.0, 1.0]], [[1259.5137405846733, 0.0, 807.2529053838625], [0.0, 1259.5137405846733, 501.19579884916527], [0.0, 0.0, 1.0]]], "extrinsics": [[[0.8223617672920227, -0.5684354901313782, -0.024540279060602188, -0.9600830078125], [-0.032623935490846634, -0.004049115348607302, -0.999459445476532, 1.5080490112304688], [0.5680288672447205, 0.8227178454399109, -0.02187443897128105, -1.27685546875], [0.0, 0.0, 0.0, 1.0]], [[0.008764847181737423, -0.9999322891235352, 0.00765095092356205, 0.005096435546875], [-0.03771596401929855, -0.007976380176842213, -0.9992566704750061, 1.5203361511230469], [0.999250054359436, 0.00846979208290577, -0.03778332099318504, -1.6871337890625], [0.0, 0.0, 0.0, 1.0]], [[-0.8314595818519592, -0.5551748871803284, 0.021345971152186394, 1.028564453125], [-0.031938135623931885, 0.009404485113918781, -0.9994455575942993, 1.5034980773925781], [0.5546662211418152, -0.8316804766654968, -0.02555070072412491, -1.24615478515625], [0.0, 0.0, 0.0, 1.0]], [[0.9474124908447266, 0.31876641511917114, -0.02823983132839203, -1.14208984375], [-0.022870158776640892, -0.02057616226375103, -0.9995266795158386, 1.5885505676269531], [-0.31919655203819275, 0.9476099610328674, -0.012203876860439777, -0.103729248046875], [0.0, 0.0, 0.0, 1.0]], [[0.0014067564625293016, 0.9999411106109619, -0.01075717993080616, 0.002777099609375], [-0.04828522354364395, -0.010676720179617405, -0.9987764954566956, 1.5792694091796875], [-0.9988325834274292, 0.0019244399154558778, 0.04826735705137253, 0.0], [0.0, 0.0, 0.0, 1.0]], [[-0.9352716207504272, 0.3535503149032593, 0.016403868794441223, 1.1329345703125], [-0.015814347192645073, 0.004556457046419382, -0.9998645782470703, 1.5513935089111328], [-0.353577196598053, -0.935404360294342, 0.0013296401593834162, -0.06494140625], [0.0, 0.0, 0.0, 1.0]]], "view": [[0.0, -2.0, 100.0], [-2.0, 0.0, 100.0], [0.0, 0.0, 1.0]], "bev": "bev_f82d2f4cc2cb45babb7319f21d1f4b62.png", "aux": "aux_f82d2f4cc2cb45babb7319f21d1f4b62.npz", "visibility": "visibility_f82d2f4cc2cb45babb7319f21d1f4b62.png", "pose": [[-0.9115985631942749, 0.41108155250549316, 0.0, 1320.4908447265625], [-0.41108155250549316, -0.9115985631942749, 0.0, 903.2855834960938], [0.0, 0.0, 1.0, 0.0], [0.0, 0.0, 0.0, 1.0]], "pose_inverse": [[-0.9115985631942749, -0.41108155250549316, 0.0, 1575.0816650390625], [0.41108155250549316, -0.9115985631942749, 0.0, 280.6044006347656], [0.0, 0.0, 1.0, 0.0], [0.0, 0.0, 0.0, 1.0]], "cam_ids": [0, 1, 2, 3, 4, 5], "cam_channels": ["CAM_FRONT_LEFT", "CAM_FRONT", "CAM_FRONT_RIGHT", "CAM_BACK_LEFT", "CAM_BACK", "CAM_BACK_RIGHT"], "token": "f82d2f4cc2cb45babb7319f21d1f4b62", "scene": "scene-1101"}, {"images": ["samples/CAM_FRONT_LEFT/n015-2018-11-21-19-38-26+0800__CAM_FRONT_LEFT__1542801012404844.jpg", "samples/CAM_FRONT/n015-2018-11-21-19-38-26+0800__CAM_FRONT__1542801012412460.jpg", "samples/CAM_FRONT_RIGHT/n015-2018-11-21-19-38-26+0800__CAM_FRONT_RIGHT__1542801012420339.jpg", "samples/CAM_BACK_LEFT/n015-2018-11-21-19-38-26+0800__CAM_BACK_LEFT__1542801012447423.jpg", "samples/CAM_BACK/n015-2018-11-21-19-38-26+0800__CAM_BACK__1542801012437525.jpg", "samples/CAM_BACK_RIGHT/n015-2018-11-21-19-38-26+0800__CAM_BACK_RIGHT__1542801012427893.jpg"], "intrinsics": [[[1272.5979470598488, 0.0, 826.6154927353808], [0.0, 1272.5979470598488, 479.75165386361925], [0.0, 0.0, 1.0]], [[1266.417203046554, 0.0, 816.2670197447984], [0.0, 1266.417203046554, 491.50706579294757], [0.0, 0.0, 1.0]], [[1260.8474446004698, 0.0, 807.968244525554], [0.0, 1260.8474446004698, 495.3344268742088], [0.0, 0.0, 1.0]], [[1256.7414812095406, 0.0, 792.1125740759628], [0.0, 1256.7414812095406, 492.7757465151356], [0.0, 0.0, 1.0]], [[809.2209905677063, 0.0, 829.2196003259838], [0.0, 809.2209905677063, 481.77842384512485], [0.0, 0.0, 1.0]], [[1259.5137405846733, 0.0, 807.2529053838625], [0.0, 1259.5137405846733, 501.19579884916527], [0.0, 0.0, 1.0]]], "extrinsics": [[[0.828700840473175, -0.5591599345207214, -0.024393530562520027, -0.8907470703125], [-0.03275579214096069, -0.004944223910570145, -0.9994511604309082, 1.505340576171875], [0.5587323904037476, 0.8290450572967529, -0.022413009777665138, -1.2315673828125], [0.0, 0.0, 0.0, 1.0]], [[0.018089646473526955, -0.9998022317886353, 0.008250863291323185, 0.007659912109375], [-0.03799540176987648, -0.008933663368225098, -0.9992379546165466, 1.5177497863769531], [0.9991141557693481, 0.01776231825351715, -0.03814949467778206, -1.6185302734375], [0.0, 0.0, 0.0, 1.0]], [[-0.8273572325706482, -0.5612380504608154, 0.022176438942551613, 0.9852294921875], [-0.03254423663020134, 0.0084844920784235, -0.999434232711792, 1.5017433166503906], [0.560732364654541, -0.8276108503341675, -0.025284769013524055, -1.2149658203125], [0.0, 0.0, 0.0, 1.0]], [[0.9472053050994873, 0.31930842995643616, -0.029055682942271233, -1.1397705078125], [-0.023452701047062874, -0.02137909270823002, -0.9994962811470032, 1.5885200500488281], [-0.3197687566280365, 0.9474096298217773, -0.012761744670569897, -0.10647964477539062], [0.0, 0.0, 0.0, 1.0]], [[-0.0016188968438655138, 0.9999321103096008, -0.011536739766597748, -0.000274658203125], [-0.0488860048353672, -0.011602098122239113, -0.9987369775772095, 1.5782928466796875], [-0.9988029599189758, -0.0010528903221711516, 0.04890146851539612, -0.0208740234375], [0.0, 0.0, 0.0, 1.0]], [[-0.9371659755706787, 0.348481684923172, 0.016740921884775162, 1.0955810546875], [-0.01647777110338211, 0.0037193428725004196, -0.9998573064804077, 1.550741195678711], [-0.348494291305542, -0.937308132648468, 0.0022565594408661127, -0.07623291015625], [0.0, 0.0, 0.0, 1.0]]], "view": [[0.0, -2.0, 100.0], [-2.0, 0.0, 100.0], [0.0, 0.0, 1.0]], "bev": "bev_0c58499dbc5343fda217a922f0b01add.png", "aux": "aux_0c58499dbc5343fda217a922f0b01add.npz", "visibility": "visibility_0c58499dbc5343fda217a922f0b01add.png", "pose": [[-0.9516174793243408, 0.3072851002216339, 0.0, 1320.00927734375], [-0.3072851002216339, -0.9516174793243408, 0.0, 903.1002807617188], [0.0, 0.0, 1.0, 0.0], [0.0, 0.0, 0.0, 1.0]], "pose_inverse": [[-0.9516174793243408, -0.3072851002216339, 0.0, 1533.6531982421875], [0.3072851002216339, -0.9516174793243408, 0.0, 453.7868347167969], [0.0, 0.0, 1.0, 0.0], [0.0, 0.0, 0.0, 1.0]], "cam_ids": [0, 1, 2, 3, 4, 5], "cam_channels": ["CAM_FRONT_LEFT", "CAM_FRONT", "CAM_FRONT_RIGHT", "CAM_BACK_LEFT", "CAM_BACK", "CAM_BACK_RIGHT"], "token": "0c58499dbc5343fda217a922f0b01add", "scene": "scene-1101"}, {"images": ["samples/CAM_FRONT_LEFT/n015-2018-11-21-19-38-26+0800__CAM_FRONT_LEFT__1542801012904844.jpg", "samples/CAM_FRONT/n015-2018-11-21-19-38-26+0800__CAM_FRONT__1542801012912460.jpg", "samples/CAM_FRONT_RIGHT/n015-2018-11-21-19-38-26+0800__CAM_FRONT_RIGHT__1542801012920339.jpg", "samples/CAM_BACK_LEFT/n015-2018-11-21-19-38-26+0800__CAM_BACK_LEFT__1542801012947423.jpg", "samples/CAM_BACK/n015-2018-11-21-19-38-26+0800__CAM_BACK__1542801012937525.jpg", "samples/CAM_BACK_RIGHT/n015-2018-11-21-19-38-26+0800__CAM_BACK_RIGHT__1542801012927893.jpg"], "intrinsics": [[[1272.5979470598488, 0.0, 826.6154927353808], [0.0, 1272.5979470598488, 479.75165386361925], [0.0, 0.0, 1.0]], [[1266.417203046554, 0.0, 816.2670197447984], [0.0, 1266.417203046554, 491.50706579294757], [0.0, 0.0, 1.0]], [[1260.8474446004698, 0.0, 807.968244525554], [0.0, 1260.8474446004698, 495.3344268742088], [0.0, 0.0, 1.0]], [[1256.7414812095406, 0.0, 792.1125740759628], [0.0, 1256.7414812095406, 492.7757465151356], [0.0, 0.0, 1.0]], [[809.2209905677063, 0.0, 829.2196003259838], [0.0, 809.2209905677063, 481.77842384512485], [0.0, 0.0, 1.0]], [[1259.5137405846733, 0.0, 807.2529053838625], [0.0, 1259.5137405846733, 501.19579884916527], [0.0, 0.0, 1.0]]], "extrinsics": [[[0.830162763595581, -0.5569319725036621, -0.02562546543776989, -0.85894775390625], [-0.033654794096946716, -0.0041804565116763115, -0.9994248151779175, 1.5038566589355469], [0.556504487991333, 0.8305476307868958, -0.0222138911485672, -1.205322265625], [0.0, 0.0, 0.0, 1.0]], [[0.020331840962171555, -0.9997658133506775, 0.007413058076053858, 0.00537109375], [-0.038966692984104156, -0.008201363496482372, -0.9992069005966187, 1.516326904296875], [0.9990336298942566, 0.020026855170726776, -0.03912431374192238, -1.584716796875], [0.0, 0.0, 0.0, 1.0]], [[-0.8263245224952698, -0.5627396106719971, 0.022623293101787567, 0.961669921875], [-0.03363320231437683, 0.009209247305989265, -0.9993917942047119, 1.5008010864257812], [0.5621890425682068, -0.8265829086303711, -0.02653655968606472, -1.2019195556640625], [0.0, 0.0, 0.0, 1.0]], [[0.9471275210380554, 0.3194567859172821, -0.029948877170681953, -1.1378173828125], [-0.024633755907416344, -0.020666610449552536, -0.9994828701019287, 1.5884590148925781], [-0.31991055607795715, 0.9473754167556763, -0.011704495176672935, -0.10638427734375], [0.0, 0.0, 0.0, 1.0]], [[-0.00237144622951746, 0.99993896484375, -0.010796261951327324, 0.00140380859