[{"images": ["samples/CAM_FRONT_LEFT/n015-2018-11-21-19-38-26+0800__CAM_FRONT_LEFT__1542800787904844.jpg", "samples/CAM_FRONT/n015-2018-11-21-19-38-26+0800__CAM_FRONT__1542800787912460.jpg", "samples/CAM_FRONT_RIGHT/n015-2018-11-21-19-38-26+0800__CAM_FRONT_RIGHT__1542800787920339.jpg", "samples/CAM_BACK_LEFT/n015-2018-11-21-19-38-26+0800__CAM_BACK_LEFT__1542800787947423.jpg", "samples/CAM_BACK/n015-2018-11-21-19-38-26+0800__CAM_BACK__1542800787937525.jpg", "samples/CAM_BACK_RIGHT/n015-2018-11-21-19-38-26+0800__CAM_BACK_RIGHT__1542800787927893.jpg"], "intrinsics": [[[1272.5979470598488, 0.0, 826.6154927353808], [0.0, 1272.5979470598488, 479.75165386361925], [0.0, 0.0, 1.0]], [[1266.417203046554, 0.0, 816.2670197447984], [0.0, 1266.417203046554, 491.50706579294757], [0.0, 0.0, 1.0]], [[1260.8474446004698, 0.0, 807.968244525554], [0.0, 1260.8474446004698, 495.3344268742088], [0.0, 0.0, 1.0]], [[1256.7414812095406, 0.0, 792.1125740759628], [0.0, 1256.7414812095406, 492.7757465151356], [0.0, 0.0, 1.0]], [[809.2209905677063, 0.0, 829.2196003259838], [0.0, 809.2209905677063, 481.77842384512485], [0.0, 0.0, 1.0]], [[1259.5137405846733, 0.0, 807.2529053838625], [0.0, 1259.5137405846733, 501.19579884916527], [0.0, 0.0, 1.0]]], "extrinsics": [[[0.8209800124168396, -0.570942223072052, 0.004095190670341253, -0.7625732421875], [-0.006666489876806736, -0.016757525503635406, -0.9998373985290527, 1.5066490173339844], [0.5709179043769836, 0.8208191394805908, -0.017563775181770325, -1.14208984375], [0.0, 0.0, 0.0, 1.0]], [[0.0061470987275242805, -0.9997632503509521, 0.020871471613645554, 0.008056640625], [-0.011980616487562656, -0.020944001153111458, -0.999708890914917, 1.5181541442871094], [0.9999092817306519, 0.005895254667848349, -0.012106525711715221, -1.4906005859375], [0.0, 0.0, 0.0, 1.0]], [[-0.8327081799507141, -0.5536618828773499, 0.007453051395714283, 0.90234375], [-0.006383012514561415, -0.0038609395269304514, -0.9999721050262451, 1.5026464462280273], [0.5536752343177795, -0.832732617855072, -0.00031899186433292925, -1.16046142578125], [0.0, 0.0, 0.0, 1.0]], [[0.9477371573448181, 0.31892579793930054, -0.00897494237869978, -1.138671875], [0.0021829563193023205, -0.03461122140288353, -0.9993984699249268, 1.58856201171875], [-0.3190445899963379, 0.9471474885940552, -0.03349854797124863, -0.10498046875], [0.0, 0.0, 0.0, 1.0]], [[0.0019738960545510054, 0.9996979832649231, -0.0244961716234684, 0.002197265625], [-0.023171527311205864, -0.024443915113806725, -0.9994326233863831, 1.5779953002929688], [-0.9997294545173645, 0.0025403890758752823, 0.023116279393434525, -0.05810546875], [0.0, 0.0, 0.0, 1.0]], [[-0.9349985718727112, 0.3544468879699707, -0.012044082395732403, 1.02880859375], [0.009483957663178444, -0.008959229104220867, -0.9999148845672607, 1.552544116973877], [-0.3545246124267578, -0.9350332021713257, 0.005015308503061533, -0.10302734375], [0.0, 0.0, 0.0, 1.0]]], "view": [[0.0, -2.0, 100.0], [-2.0, 0.0, 100.0], [0.0, 0.0, 1.0]], "bev": "bev_c690e424602a4de5afdb2f5194b7fc59.png", "aux": "aux_c690e424602a4de5afdb2f5194b7fc59.npz", "visibility": "visibility_c690e424602a4de5afdb2f5194b7fc59.png", "pose": [[-0.9643938541412354, -0.2644701302051544, 0.0, 1634.565185546875], [0.2644701302051544, -0.9643938541412354, 0.0, 1181.1361083984375], [0.0, 0.0, 1.0, 0.0], [0.0, 0.0, 0.0, 1.0]], "pose_inverse": [[-0.9643938541412354, 0.2644701302051544, 0.0, 1263.989501953125], [-0.2644701302051544, -0.9643938541412354, 0.0, 1571.3741455078125], [0.0, 0.0, 1.0, 0.0], [0.0, 0.0, 0.0, 1.0]], "cam_ids": [0, 1, 2, 3, 4, 5], "cam_channels": ["CAM_FRONT_LEFT", "CAM_FRONT", "CAM_FRONT_RIGHT", "CAM_BACK_LEFT", "CAM_BACK", "CAM_BACK_RIGHT"], "token": "c690e424602a4de5afdb2f5194b7fc59", "scene": "scene-1092"}, {"images": ["samples/CAM_FRONT_LEFT/n015-2018-11-21-19-38-26+0800__CAM_FRONT_LEFT__1542800788404844.jpg", "samples/CAM_FRONT/n015-2018-11-21-19-38-26+0800__CAM_FRONT__1542800788412460.jpg", "samples/CAM_FRONT_RIGHT/n015-2018-11-21-19-38-26+0800__CAM_FRONT_RIGHT__1542800788420339.jpg", "samples/CAM_BACK_LEFT/n015-2018-11-21-19-38-26+0800__CAM_BACK_LEFT__1542800788447423.jpg", "samples/CAM_BACK/n015-2018-11-21-19-38-26+0800__CAM_BACK__1542800788437525.jpg", "samples/CAM_BACK_RIGHT/n015-2018-11-21-19-38-26+0800__CAM_BACK_RIGHT__1542800788427893.jpg"], "intrinsics": [[[1272.5979470598488, 0.0, 826.6154927353808], [0.0, 1272.5979470598488, 479.75165386361925], [0.0, 0.0, 1.0]], [[1266.417203046554, 0.0, 816.2670197447984], [0.0, 1266.417203046554, 491.50706579294757], [0.0, 0.0, 1.0]], [[1260.8474446004698, 0.0, 807.968244525554], [0.0, 1260.8474446004698, 495.3344268742088], [0.0, 0.0, 1.0]], [[1256.7414812095406, 0.0, 792.1125740759628], [0.0, 1256.7414812095406, 492.7757465151356], [0.0, 0.0, 1.0]], [[809.2209905677063, 0.0, 829.2196003259838], [0.0, 809.2209905677063, 481.77842384512485], [0.0, 0.0, 1.0]], [[1259.5137405846733, 0.0, 807.2529053838625], [0.0, 1259.5137405846733, 501.19579884916527], [0.0, 0.0, 1.0]]], "extrinsics": [[[0.8216760158538818, -0.5699315071105957, 0.005151639226824045, -0.767059326171875], [-0.005663135088980198, -0.017202164977788925, -0.9998359680175781, 1.5069236755371094], [0.5699266791343689, 0.8215121030807495, -0.017362205311655998, -1.145263671875], [0.0, 0.0, 0.0, 1.0]], [[0.007015783339738846, -0.9997490644454956, 0.02127268724143505, 0.0081787109375], [-0.010978376492857933, -0.02134893648326397, -0.999711811542511, 1.518402099609375], [0.9999150633811951, 0.006780208554118872, -0.011125399731099606, -1.4951171875], [0.0, 0.0, 0.0, 1.0]], [[-0.8324054479598999, -0.5541249513626099, 0.006827587727457285, 0.9053955078125], [-0.00539596239104867, -0.004215293098241091, -0.9999765157699585, 1.502823829650879], [0.5541407465934753, -0.8324228525161743, 0.0005187962087802589, -1.16265869140625], [0.0, 0.0, 0.0, 1.0]], [[0.947815477848053, 0.3187147378921509, -0.008165597915649414, -1.138916015625], [0.003128744661808014, -0.034909117966890335, -0.9993855953216553, 1.5885658264160156], [-0.318803995847702, 0.9472076296806335, -0.034084584563970566, -0.1051025390625], [0.0, 0.0, 0.0, 1.0]], [[0.002070006215944886, 0.9996901154518127, -0.02481025643646717, 0.0023193359375], [-0.022212166339159012, -0.024758221581578255, -0.99944669008255, 1.5780868530273438], [-0.9997511506080627, 0.0026199701242148876, 0.022154029458761215, -0.05615234375], [0.0, 0.0, 0.0, 1.0]], [[-0.9350766539573669, 0.354204386472702, -0.013074311427772045, 1.03179931640625], [0.010462237522006035, -0.00928853452205658, -0.9999021291732788, 1.5526243448257446], [-0.354291170835495, -0.9351218938827515, 0.004979719407856464, -0.102294921875], [0.0, 0.0, 0.0, 1.0]]], "view": [[0.0, -2.0, 100.0], [-2.0, 0.0, 100.0], [0.0, 0.0, 1.0]], "bev": "bev_1f07801f3c5a4e189705d749522672ed.png", "aux": "aux_1f07801f3c5a4e189705d749522672ed.npz", "visibility": "visibility_1f07801f3c5a4e189705d749522672ed.png", "pose": [[-0.9603509902954102, -0.2787938117980957, 0.0, 1631.89306640625], [0.2787938117980957, -0.9603509902954102, 0.0, 1181.914794921875], [0.0, 0.0, 1.0, 0.0], [0.0, 0.0, 0.0, 1.0]], "pose_inverse": [[-0.9603509902954102, 0.2787938117980957, 0.0, 1237.6795654296875], [-0.2787938117980957, -0.9603509902954102, 0.0, 1590.0146484375], [0.0, 0.0, 1.0, 0.0], [0.0, 0.0, 0.0, 1.0]], "cam_ids": [0, 1, 2, 3, 4, 5], "cam_channels": ["CAM_FRONT_LEFT", "CAM_FRONT", "CAM_FRONT_RIGHT", "CAM_BACK_LEFT", "CAM_BACK", "CAM_BACK_RIGHT"], "token": "1f07801f3c5a4e189705d749522672ed", "scene": "scene-1092"}, {"images": ["samples/CAM_FRONT_LEFT/n015-2018-11-21-19-38-26+0800__CAM_FRONT_LEFT__1542800788904844.jpg", "samples/CAM_FRONT/n015-2018-11-21-19-38-26+0800__CAM_FRONT__1542800788912460.jpg", "samples/CAM_FRONT_RIGHT/n015-2018-11-21-19-38-26+0800__CAM_FRONT_RIGHT__1542800788920360.jpg", "samples/CAM_BACK_LEFT/n015-2018-11-21-19-38-26+0800__CAM_BACK_LEFT__1542800788947423.jpg", "samples/CAM_BACK/n015-2018-11-21-19-38-26+0800__CAM_BACK__1542800788937525.jpg", "samples/CAM_BACK_RIGHT/n015-2018-11-21-19-38-26+0800__CAM_BACK_RIGHT__1542800788927893.jpg"], "intrinsics": [[[1272.5979470598488, 0.0, 826.6154927353808], [0.0, 1272.5979470598488, 479.75165386361925], [0.0, 0.0, 1.0]], [[1266.417203046554, 0.0, 816.2670197447984], [0.0, 1266.417203046554, 491.50706579294757], [0.0, 0.0, 1.0]], [[1260.8474446004698, 0.0, 807.968244525554], [0.0, 1260.8474446004698, 495.3344268742088], [0.0, 0.0, 1.0]], [[1256.7414812095406, 0.0, 792.1125740759628], [0.0, 1256.7414812095406, 492.7757465151356], [0.0, 0.0, 1.0]], [[809.2209905677063, 0.0, 829.2196003259838], [0.0, 809.2209905677063, 481.77842384512485], [0.0, 0.0, 1.0]], [[1259.5137405846733, 0.0, 807.2529053838625], [0.0, 1259.5137405846733, 501.19579884916527], [0.0, 0.0, 1.0]]], "extrinsics": [[[0.8212016820907593, -0.5706192851066589, 0.004616973455995321, -0.7776336669921875], [-0.007469965144991875, -0.01883983425796032, -0.999794602394104, 1.5065803527832031], [0.570589005947113, 0.8209985494613647, -0.019733812659978867, -1.1519775390625], [0.0, 0.0, 0.0, 1.0]], [[0.006392220966517925, -0.9997168183326721, 0.0229201577603817, 0.0074462890625], [-0.01230576541274786, -0.022997532039880753, -0.9996598362922668, 1.5182571411132812], [0.9999038577079773, 0.006108013913035393, -0.012449287809431553, -1.505126953125], [0.0, 0.0, 0.0, 1.0]], [[-0.8326689004898071, -0.5537069439888, 0.00843326561152935, 0.911865234375], [-0.006215373054146767, -0.005883271340280771, -0.9999633431434631, 1.5027456283569336], [0.5537362694740295, -0.8326908349990845, 0.0014573225053027272, -1.16748046875], [0.0, 0.0, 0.0, 1.0]], [[0.9477940201759338, 0.3188011646270752, -0.007229571230709553, -1.14013671875], [0.004569138400256634, -0.036246247589588165, -0.9993324279785156, 1.58856201171875], [-0.3188503682613373, 0.9471282362937927, -0.03581062704324722, -0.1044921875], [0.0, 0.0, 0.0, 1.0]], [[0.002236797474324703, 0.999650776386261, -0.026333888992667198, 0.00244140625], [-0.02173052728176117, -0.0262791458517313, -0.9994184374809265, 1.57818603515625], [-0.9997613430023193, 0.0028077284805476665, 0.021664157509803772, -0.0526123046875], [0.0, 0.0, 0.0, 1.0]], [[-0.9349570870399475, 0.35450831055641174, -0.013380740769207478, 1.03741455078125], [0.010158306919038296, -0.010949443094432354, -0.9998884201049805, 1.5525264739990234], [-0.35461530089378357, -0.9349887371063232, 0.006636056117713451, -0.1002197265625], [0.0, 0.0, 0.0, 1.0]]], "view": [[0.0, -2.0, 100.0], [-2.0, 0.0, 100.0], [0.0, 0.0, 1.0]], "bev": "bev_835b3413b9674cbbb52a3f7649012668.png", "aux": "aux_835b3413b9674cbbb52a3f7649012668.npz", "visibility": "visibility_835b3413b9674cbbb52a3f7649012668.png", "pose": [[-0.9560514688491821, -0.293198823928833, 0.0, 1629.3448486328125], [0.293198823928833, -0.9560514688491821, 0.0, 1182.6971435546875], [0.0, 0.0, 1.0, 0.0], [0.0, 0.0, 0.0, 1.0]], "pose_inverse": [[-0.9560514688491821, 0.293198823928833, 0.0, 1210.97216796875], [-0.293198823928833, -0.9560514688491821, 0.0, 1608.44140625], [0.0, 0.0, 1.0, 0.0], [0.0, 0.0, 0.0, 1.0]], "cam_ids": [0, 1, 2, 3, 4, 5], "cam_channels": ["CAM_FRONT_LEFT", "CAM_FRONT", "CAM_FRONT_RIGHT", "CAM_BACK_LEFT", "CAM_BACK", "CAM_BACK_RIGHT"], "token": "835b3413b9674cbbb52a3f7649012668", "scene": "scene-1092"}, {"images": ["samples/CAM_FRONT_LEFT/n015-2018-11-21-19-38-26+0800__CAM_FRONT_LEFT__1542800789354844.jpg", "samples/CAM_FRONT/n015-2018-11-21-19-38-26+0800__CAM_FRONT__1542800789362460.jpg", "samples/CAM_FRONT_RIGHT/n015-2018-11-21-19-38-26+0800__CAM_FRONT_RIGHT__1542800789370339.jpg", "samples/CAM_BACK_LEFT/n015-2018-11-21-19-38-26+0800__CAM_BACK_LEFT__1542800789397423.jpg", "samples/CAM_BACK/n015-2018-11-21-19-38-26+0800__CAM_BACK__1542800789387525.jpg", "samples/CAM_BACK_RIGHT/n015-2018-11-21-19-38-26+0800__CAM_BACK_RIGHT__1542800789377893.jpg"], "intrinsics": [[[1272.5979470598488, 0.0, 826.6154927353808], [0.0, 1272.5979470598488, 479.75165386361925], [0.0, 0.0, 1.0]], [[1266.417203046554, 0.0, 816.2670197447984], [0.0, 1266.417203046554, 491.50706579294757], [0.0, 0.0, 1.0]], [[1260.8474446004698, 0.0, 807.968244525554], [0.0, 1260.8474446004698, 495.3344268742088], [0.0, 0.0, 1.0]], [[1256.7414812095406, 0.0, 792.1125740759628], [0.0, 1256.7414812095406, 492.7757465151356], [0.0, 0.0, 1.0]], [[809.2209905677063, 0.0, 829.2196003259838], [0.0, 809.2209905677063, 481.77842384512485], [0.0, 0.0, 1.0]], [[1259.5137405846733, 0.0, 807.2529053838625], [0.0, 1259.5137405846733, 501.19579884916527], [0.0, 0.0, 1.0]]], "extrinsics": [[[0.8209139704704285, -0.5697357058525085, 0.03874799236655235, -0.7830009460449219], [0.02868938446044922, -0.026620740070939064, -0.9992338418960571, 1.514608383178711], [0.5703306794166565, 0.8213967084884644, -0.005507973022758961, -1.1546630859375], [0.0, 0.0, 0.0, 1.0]], [[0.006282258778810501, -0.9995126724243164, 0.03057779371738434, 0.006591796875], [0.023026317358016968, -0.030425699427723885, -0.999271810054779, 1.524728775024414], [0.9997150897979736, 0.006981773301959038, 0.02282395213842392, -1.5107421875], [0.0, 0.0, 0.0, 1.0]], [[-0.8320810794830322, -0.5544135570526123, -0.016329947859048843, 0.9156494140625], [0.028193291276693344, -0.012873061932623386, -0.9995195865631104, 1.5076065063476562], [0.5539369583129883, -0.8321418166160583, 0.026342174038290977, -1.17041015625], [0.0, 0.0, 0.0, 1.0]], [[0.9473616480827332, 0.3195527195930481, 0.019798917695879936, -1.1427001953125], [0.03493156656622887, -0.04169333726167679, -0.9985196590423584, 1.5885334014892578], [-0.31825414299964905, 0.9466508030891418, -0.05066114664077759, -0.1036376953125], [0.0, 0.0, 0.0, 1.0]], [[0.0024069289211183786, 0.9994754195213318, -0.03229653090238571, 0.0029296875], [0.01033402793109417, -0.03231975436210632, -0.999424159526825, 1.5798912048339844], [-0.999943733215332, 0.0020717745646834373, -0.01040639914572239, -0.0494384765625], [0.0, 0.0, 0.0, 1.0]], [[-0.934231698513031, 0.35356253385543823, -0.04695320501923561, 1.04168701171875], [0.04359130561351776, -0.0174708254635334, -0.9988966584205627, 1.5558624267578125], [-0.3539928197860718, -0.9352477788925171, 0.0009095467976294458, -0.09912109375], [0.0, 0.0, 0.0, 1.0]]], "view": [[0.0, -2.0, 100.0], [-2.0, 0.0, 100.0], [0.0, 0.0, 1.0]], "bev": "bev_d343077a540647948f11425da34fed5f.png", "aux": "aux_d343077a540647948f11425da34fed5f.npz", "visibility": "visibility_d343077a540647948f11425da34fed5f.png", "pose": [[-0.9527876377105713, -0.3036375343799591, 0.0, 1627.1295166015625], [0.3036375343799591, -0.9527876377105713, 0.0, 1183.400146484375], [0.0, 0.0, 1.0, 0.0], [0.0, 0.0, 0.0, 1.0]], "pose_inverse": [[-0.9527876377105713, 0.3036375343799591, 0.0, 1190.984130859375], [-0.3036375343799591, -0.9527876377105713, 0.0, 1621.5865478515625], [0.0, 0.0, 1.0, 0.0], [0.0, 0.0, 0.0, 1.0]], "cam_ids": [0, 1, 2, 3, 4, 5], "cam_channels": ["CAM_FRONT_LEFT", "CAM_FRONT", "CAM_FRONT_RIGHT", "CAM_BACK_LEFT", "CAM_BACK", "CAM_BACK_RIGHT"], "token": "d343077a540647948f11425da34fed5f", "scene": "scene-1092"}, {"images": ["samples/CAM_FRONT_LEFT/n015-2018-11-21-19-38-26+0800__CAM_FRONT_LEFT__1542800789854844.jpg", "samples/CAM_FRONT/n015-2018-11-21-19-38-26+0800__CAM_FRONT__1542800789862460.jpg", "samples/CAM_FRONT_RIGHT/n015-2018-11-21-19-38-26+0800__CAM_FRONT_RIGHT__1542800789870339.jpg", "samples/CAM_BACK_LEFT/n015-2018-11-21-19-38-26+0800__CAM_BACK_LEFT__1542800789897423.jpg", "samples/CAM_BACK/n015-2018-11-21-19-38-26+0800__CAM_BACK__1542800789887525.jpg", "samples/CAM_BACK_RIGHT/n015-2018-11-21-19-38-26+0800__CAM_BACK_RIGHT__1542800789877893.jpg"], "intrinsics": [[[1272.5979470598488, 0.0, 826.6154927353808], [0.0, 1272.5979470598488, 479.75165386361925], [0.0, 0.0, 1.0]], [[1266.417203046554, 0.0, 816.2670197447984], [0.0, 1266.417203046554, 491.50706579294757], [0.0, 0.0, 1.0]], [[1260.8474446004698, 0.0, 807.968244525554], [0.0, 1260.8474446004698, 495.3344268742088], [0.0, 0.0, 1.0]], [[1256.7414812095406, 0.0, 792.1125740759628], [0.0, 1256.7414812095406, 492.7757465151356], [0.0, 0.0, 1.0]], [[809.2209905677063, 0.0, 829.2196003259838], [0.0, 809.2209905677063, 481.77842384512485], [0.0, 0.0, 1.0]], [[1259.5137405846733, 0.0, 807.2529053838625], [0.0, 1259.5137405846733, 501.19579884916527], [0.0, 0.0, 1.0]]], "extrinsics": [[[0.8203261494636536, -0.571416437625885, -0.023416461423039436, -0.7783775329589844], [-0.04202338680624962, -0.019393060356378555, -0.9989283680915833, 1.4987335205078125], [0.570349931716919, 0.820431113243103, -0.039921484887599945, -1.1519775390625], [0.0, 0.0, 0.0, 1.0]], [[0.006285933777689934, -0.9997246861457825, 0.022605452686548233, 0.0072021484375], [-0.04726491868495941, -0.02287766896188259, -0.9986203908920288, 1.5117416381835938], [0.9988626837730408, 0.00520881125703454, -0.04739571362733841, -1.506103515625], [0.0, 0.0, 0.0, 1.0]], [[-0.8323132991790771, -0.5530429482460022, 0.0373925156891346, 0.912353515625], [-0.0415029413998127, -0.005092486273497343, -0.9991253614425659, 1.4976310729980469], [0.5527496337890625, -0.8331371545791626, -0.018714362755417824, -1.1680908203125], [0.0, 0.0, 0.0, 1.0]], [[0.9470608830451965, 0.31844887137413025, -0.040817126631736755, -1.140380859375], [-0.03170430660247803, -0.03374931588768959, -0.9989272952079773, 1.5885086059570312], [-0.31948480010032654, 0.9473389983177185, -0.0218664538115263, -0.1041259765625], [0.0, 0.0, 0.0, 1.0]], [[0.0019122390076518059, 0.9996996521949768, -0.024434540420770645, 0.0025634765625], [-0.05760672688484192, -0.024283884093165398, -0.998043954372406, 1.5762557983398438], [-0.9983375668525696, 0.003316046902909875, 0.057542987167835236, -0.052001953125], [0.0, 0.0, 0.0, 1.0]], [[-0.9345769882202148, 0.35518062114715576, 0.020314151421189308, 1.03790283203125], [-0.02537052519619465, -0.009583940729498863, -0.9996321797370911, 1.5487937927246094], [-0.35485532879829407, -0.9347485303878784, 0.01796804927289486, -0.100341796875], [0.0, 0.0, 0.0, 1.0]]], "view": [[0.0, -2.0, 100.0], [-2.0, 0.0, 100.0], [0.0, 0.0, 1.0]], "bev": "bev_d4f2d7ebe36943acbd606032ecebbf9b.png", "aux": "aux_d4f2d7ebe36943acbd606032ecebbf9b.npz", "visibility": "visibility_d4f2d7ebe36943acbd606032ecebbf9b.png", "pose": [[-0.9511134624481201, -0.30884167551994324, 0.0, 1624.67578125], [0.30884167551994324, -0.9511134624481201, 0.0, 1184.2020263671875], [0.0, 0.0, 1.0, 0.0], [0.0, 0.0, 0.0, 1.0]], "pose_inverse": [[-0.9511134624481201, 0.30884167551994324, 0.0, 1179.52001953125], [-0.30884167551994324, -0.9511134624481201, 0.0, 1628.078125], [0.0, 0.0, 1.0, 0.0], [0.0, 0.0, 0.0, 1.0]], "cam_ids": [0, 1, 2, 3, 4, 5], "cam_channels": ["CAM_FRONT_LEFT", "CAM_FRONT", "CAM_FRONT_RIGHT", "CAM_BACK_LEFT", "CAM_BACK", "CAM_BACK_RIGHT"], "token": "d4f2d7ebe36943acbd606032ecebbf9b", "scene": "scene-1092"}, {"images": ["samples/CAM_FRONT_LEFT/n015-2018-11-21-19-38-26+0800__CAM_FRONT_LEFT__1542800790354844.jpg", "samples/CAM_FRONT/n015-2018-11-21-19-38-26+0800__CAM_FRONT__1542800790362460.jpg", "samples/CAM_FRONT_RIGHT/n015-2018-11-21-19-38-26+0800__CAM_FRONT_RIGHT__1542800790370339.jpg", "samples/CAM_BACK_LEFT/n015-2018-11-21-19-38-26+0800__CAM_BACK_LEFT__1542800790397423.jpg", "samples/CAM_BACK/n015-2018-11-21-19-38-26+0800__CAM_BACK__1542800790387525.jpg", "samples/CAM_BACK_RIGHT/n015-2018-11-21-19-38-26+0800__CAM_BACK_RIGHT__1542800790377893.jpg"], "intrinsics": [[[1272.5979470598488, 0.0, 826.6154927353808], [0.0, 1272.5979470598488, 479.75165386361925], [0.0, 0.0, 1.0]], [[1266.417203046554, 0.0, 816.2670197447984], [0.0, 1266.417203046554, 491.50706579294757], [0.0, 0.0, 1.0]], [[1260.8474446004698, 0.0, 807.968244525554], [0.0, 1260.8474446004698, 495.3344268742088], [0.0, 0.0, 1.0]], [[1256.7414812095406, 0.0, 792.1125740759628], [0.0, 1256.7414812095406, 492.7757465151356], [0.0, 0.0, 1.0]], [[809.2209905677063, 0.0, 829.2196003259838], [0.0, 809.2209905677063, 481.77842384512485], [0.0, 0.0, 1.0]], [[1259.5137405846733, 0.0, 807.2529053838625], [0.0, 1259.5137405846733, 501.19579884916527], [0.0, 0.0, 1.0]]], "extrinsics": [[[0.8207367062568665, -0.5712854266166687, 0.00491073215380311, -0.7657127380371094], [-0.0043012541718780994, -0.01477430947124958, -0.9998815655708313, 1.5072174072265625], [0.5712902545928955, 0.8206185102462769, -0.014583062380552292, -1.142578125], [0.0, 0.0, 0.0, 1.0]], [[0.005672353319823742, -0.999812662601471, 0.018505597487092018, 0.0069580078125], [-0.009759153239428997, -0.018560361117124557, -0.9997801184654236, 1.5186080932617188], [0.9999362230300903, 0.005490489769726992, -0.009862606413662434, -1.49365234375], [0.0, 0.0, 0.0, 1.0]], [[-0.832971453666687, -0.5532998442649841, 0.00420257356017828, 0.90478515625], [-0.00430342135950923, -0.0011167615884914994, -0.9999900460243225, 1.5029840469360352], [0.553299069404602, -0.8329813480377197, -0.0014508501626551151, -1.1634521484375], [0.0, 0.0, 0.0, 1.0]], [[0.9477687478065491, 0.3188934028148651, -0.0064377207309007645, -1.144287109375], [0.003683584276586771, -0.031125586479902267, -0.9995086789131165, 1.5885505676269531], [-0.3189370632171631, 0.9472793340682983, -0.0306745283305645, -0.1031494140625], [0.0, 0.0, 0.0, 1.0]], [[0.0024310550652444363, 0.9997715950012207, -0.021233759820461273, 0.0028076171875], [-0.021433522924780846, -0.02117685042321682, -0.9995459914207458, 1.5781898498535156], [-0.9997673630714417, 0.0028850072994828224, 0.021377144381403923, -0.0528564453125], [0.0, 0.0, 0.0, 1.0]], [[-0.9348062872886658, 0.3549274802207947, -0.012795493006706238, 1.03338623046875], [0.011415613815188408, -0.005981628783047199, -0.9999169707298279, 1.5527052879333496], [-0.3549746572971344, -0.9348746538162231, 0.0015399488620460033, -0.1024169921875], [0.0, 0.0, 0.0, 1.0]]], "view": [[0.0, -2.0, 100.0], [-2.0, 0.0, 100.0], [0.0, 0.0, 1.0]], "bev": "bev_aeaa12755c71497d9f542c238746b3c5.png", "aux": "aux_aeaa12755c71497d9f542c238746b3c5.npz", "visibility": "visibility_aeaa12755c71497d9f542c238746b3c5.png", "pose": [[-0.9503344893455505, -0.3112303614616394, 0.0, 1622.042724609375], [0.3112303614616394, -0.9503344893455505, 0.0, 1185.0723876953125], [0.0, 0.0, 1.0, 0.0], [0.0, 0.0, 0.0, 1.0]], "pose_inverse": [[-0.9503344893455505, 0.3112303614616394, 0.0, 1172.6527099609375], [-0.3112303614616394, -0.9503344893455505, 0.0, 1631.0440673828125], [0.0, 0.0, 1.0, 0.0], [0.0, 0.0, 0.0, 1.0]], "cam_ids": [0, 1, 2, 3, 4, 5], "cam_channels": ["CAM_FRONT_LEFT", "CAM_FRONT", "CAM_FRONT_RIGHT", "CAM_BACK_LEFT", "CAM_BACK", "CAM_BACK_RIGHT"], "token": "aeaa12755c71497d9f542c238746b3c5", "scene": "scene-1092"}, {"images": ["samples/CAM_FRONT_LEFT/n015-2018-11-21-19-38-26+0800__CAM_FRONT_LEFT__1542800790854844.jpg", "samples/CAM_FRONT/n015-2018-11-21-19-38-26+0800__CAM_FRONT__1542800790862460.jpg", "samples/CAM_FRONT_RIGHT/n015-2018-11-21-19-38-26+0800__CAM_FRONT_RIGHT__1542800790870339.jpg", "samples/CAM_BACK_LEFT/n015-2018-11-21-19-38-26+0800__CAM_BACK_LEFT__1542800790897423.jpg", "samples/CAM_BACK/n015-2018-11-21-19-38-26+0800__CAM_BACK__1542800790887525.jpg", "samples/CAM_BACK_RIGHT/n015-2018-11-21-19-38-26+0800__CAM_BACK_RIGHT__1542800790877893.jpg"], "intrinsics": [[[1272.5979470598488, 0.0, 826.6154927353808], [0.0, 1272.5979470598488, 479.75165386361925], [0.0, 0.0, 1.0]], [[1266.417203046554, 0.0, 816.2670197447984], [0.0, 1266.417203046554, 491.50706579294757], [0.0, 0.0, 1.0]], [[1260.8474446004698, 0.0, 807.968244525554], [0.0, 1260.8474446004698, 495.3344268742088], [0.0, 0.0, 1.0]], [[1256.7414812095406, 0.0, 792.1125740759628], [0.0, 1256.7414812095406, 492.7757465151356], [0.0, 0.0, 1.0]], [[809.2209905677063, 0.0, 829.2196003259838], [0.0, 809.2209905677063, 481.77842384512485], [0.0, 0.0, 1.0]], [[1259.5137405846733, 0.0, 807.2529053838625], [0.0, 1259.5137405846733, 501.19579884916527], [0.0, 0.0, 1.0]]], "extrinsics": [[[0.8211426734924316, -0.5707041621208191, 0.004623402375727892, -0.7506446838378906], [-0.0066144769079983234, -0.01761685684323311, -0.9998229146003723, 1.5065574645996094], [0.570684552192688, 0.8209667205810547, -0.01824086345732212, -1.133056640625], [0.0, 0.0, 0.0, 1.0]], [[0.006298210006207228, -0.9997485876083374, 0.02152021788060665, 0.0078125], [-0.012122092768549919, -0.021595396101474762, -0.9996933341026306, 1.5179786682128906], [0.999906599521637, 0.006035371217876673, -0.012255056761205196, -1.4788818359375], [0.0, 0.0, 0.0, 1.0]], [[-0.8327036499977112, -0.5536617636680603, 0.007954948581755161, 0.8951416015625], [-0.006713230162858963, -0.004270776640623808, -0.9999683499336243, 1.502537727355957], [0.5536782741546631, -0.8327306509017944, -0.00016056856838986278, -1.15618896484375], [0.0, 0.0, 0.0, 1.0]], [[0.9477734565734863, 0.3187979757785797, -0.009650400839745998, -1.141845703125], [0.0013106244150549173, -0.034149955958127975, -0.9994158148765564, 1.5885543823242188], [-0.3189413249492645, 0.9472072720527649, -0.032784249633550644, -0.1038818359375], [0.0, 0.0, 0.0, 1.0]], [[0.002231145743280649, 0.9997003078460693, -0.02438054233789444, 0.00244140625], [-0.023914670571684837, -0.024320291355252266, -0.9994181394577026, 1.5779190063476562], [-0.9997115731239319, 0.002812861232087016, 0.0238532405346632, -0.0589599609375], [0.0, 0.0, 0.0, 1.0]], [[-0.9349529147148132, 0.354580819606781, -0.011631818488240242, 1.02410888671875], [0.008971755392849445, -0.00914514996111393, -0.9999179840087891, 1.5525245666503906], [-0.3546580970287323, -0.9349806904792786, 0.005369074176996946, -0.105224609375], [0.0, 0.0, 0.0, 1.0]]], "view": [[0.0, -2.0, 100.0], [-2.0, 0.0, 100.0], [0.0, 0.0, 1.0]], "bev": "bev_673a97d809524cf795ee4e641bcdd0b1.png", "aux": "aux_673a97d809524cf795ee4e641bcdd0b1.npz", "visibility": "visibility_673a97d809524cf795ee4e641bcdd0b1.png", "pose": [[-0.9490558505058289, -0.31510788202285767, 0.0, 1619.193603515625], [0.31510788202285767, -0.9490558505058289, 0.0, 1186.0230712890625], [0.0, 0.0, 1.0, 0.0], [0.0, 0.0, 0.0, 1.0]], "pose_inverse": [[-0.9490558505058289, 0.31510788202285767, 0.0, 1162.97998046875], [-0.31510788202285767, -0.9490558505058289, 0.0, 1635.8228759765625], [0.0, 0.0, 1.0, 0.0], [0.0, 0.0, 0.0, 1.0]], "cam_ids": [0, 1, 2, 3, 4, 5], "cam_channels": ["CAM_FRONT_LEFT", "CAM_FRONT", "CAM_FRONT_RIGHT", "CAM_BACK_LEFT", "CAM_BACK", "CAM_BACK_RIGHT"], "token": "673a97d809524cf795ee4e641bcdd0b1", "scene": "scene-1092"}, {"images": ["samples/CAM_FRONT_LEFT/n015-2018-11-21-19-38-26+0800__CAM_FRONT_LEFT__1542800791354844.jpg", "samples/CAM_FRONT/n015-2018-11-21-19-38-26+0800__CAM_FRONT__1542800791362460.jpg", "samples/CAM_FRONT_RIGHT/n015-2018-11-21-19-38-26+0800__CAM_FRONT_RIGHT__1542800791370339.jpg", "samples/CAM_BACK_LEFT/n015-2018-11-21-19-38-26+0800__CAM_BACK_LEFT__1542800791397423.jpg", "samples/CAM_BACK/n015-2018-11-21-19-38-26+0800__CAM_BACK__1542800791387525.jpg", "samples/CAM_BACK_RIGHT/n015-2018-11-21-19-38-26+0800__CAM_BACK_RIGHT__1542800791377893.jpg"], "intrinsics": [[[1272.5979470598488, 0.0, 826.6154927353808], [0.0, 1272.5979470598488, 479.75165386361925], [0.0, 0.0, 1.0]], [[1266.417203046554, 0.0, 816.2670197447984], [0.0, 1266.417203046554, 491.50706579294757], [0.0, 0.0, 1.0]], [[1260.8474446004698, 0.0, 807.968244525554], [0.0, 1260.8474446004698, 495.3344268742088], [0.0, 0.0, 1.0]], [[1256.7414812095406, 0.0, 792.1125740759628], [0.0, 1256.7414812095406, 492.7757465151356], [0.0, 0.0, 1.0]], [[809.2209905677063, 0.0, 829.2196003259838], [0.0, 809.2209905677063, 481.77842384512485], [0.0, 0.0, 1.0]], [[1259.5137405846733, 0.0, 807.2529053838625], [0.0, 1259.5137405846733, 501.19579884916527], [0.0, 0.0, 1.0]]], "extrinsics": [[[0.8212384581565857, -0.5705749988555908, 0.0034096254967153072, -0.7253999710083008], [-0.005045577883720398, -0.013237358070909977, -0.999899685382843, 1.5067825317382812], [0.5705628991127014, 0.821138858795166, -0.013749907724559307, -1.114501953125], [0.0, 0.0, 0.0, 1.0]], [[0.006400565151125193, -0.9998329281806946, 0.017121385782957077, 0.0069580078125], [-0.010385092347860336, -0.017187274992465973, -0.9997983574867249, 1.5180473327636719], [0.9999255537986755, 0.006221458315849304, -0.010493366047739983, -1.4522705078125], [0.0, 0.0, 0.0, 1.0]], [[-0.832662045955658, -0.5537675619125366, 0.003929152153432369, 0.8770751953125], [-0.004822317510843277, 0.00015576205623801798, -0.999988317489624, 1.5027439594268799], [0.5537605285644531, -0.8326712846755981, -0.0028001386672258377, -1.14508056640625], [0.0, 0.0, 0.0, 1.0]], [[0.9477686285972595, 0.31890037655830383, -0.006108941975980997, -1.1390380859375], [0.0035407363902777433, -0.02967074327170849, -0.9995534420013428, 1.58856201171875], [-0.3189392685890198, 0.9473236799240112, -0.029250141233205795, -0.1046142578125], [0.0, 0.0, 0.0, 1.0]], [[0.0022135013714432716, 0.9997993111610413, -0.019909517839550972, 0.003173828125], [-0.021733157336711884, -0.0198567695915699, -0.9995666146278381, 1.5778274536132812], [-0.9997613430023193, 0.002645229920744896, 0.02168484404683113, -0.0687255859375], [0.0, 0.0, 0.0, 1.0]], [[-0.934954047203064, 0.35456737875938416, -0.011957948096096516, 1.00933837890625], [0.011003467254340649, -0.004708151798695326, -0.9999284148216248, 1.5529422760009766], [-0.3545983135700226, -0.9350187182426453, 0.0005004351842217147, -0.1114501953125], [0.0, 0.0, 0.0, 1.0]]], "view": [[0.0, -2.0, 100.0], [-2.0, 0.0, 100.0], [0.0, 0.0, 1.0]], "bev": "bev_0cb4cd11142f4ff5913d9657ebfdb627.png", "aux": "aux_0cb4cd11142f4ff5913d9657ebfdb627.npz", "visibility": "visibility_0cb4cd11142f4ff5913d9657ebfdb627.png", "pose": [[-0.9452936053276062, -0.32622087001800537, 0.0, 1616.0802001953125], [0.32622087001800537, -0.9452936053276062, 0.0, 1187.090576171875], [0.0, 0.0, 1.0, 0.0], [0.0, 0.0, 0.0, 1.0]], "pose_inverse": [[-0.9452936053276062, 0.32622087001800537, 0.0, 1140.41650390625], [-0.32622087001800537, -0.9452936053276062, 0.0, 1649.34814453125], [0.0, 0.0, 1.0, 0.0], [0.0, 0.0, 0.0, 1.0]], "cam_ids": [0, 1, 2, 3, 4, 5], "cam_channels": ["CAM_FRONT_LEFT", "CAM_FRONT", "CAM_FRONT_RIGHT", "CAM_BACK_LEFT", "CAM_BACK", "CAM_BACK_RIGHT"], "token": "0cb4cd11142f4ff5913d9657ebfdb627", "scene": "scene-1092"}, {"images": ["samples/CAM_FRONT_LEFT/n015-2018-11-21-19-38-26+0800__CAM_FRONT_LEFT__1542800791854844.jpg", "samples/CAM_FRONT/n015-2018-11-21-19-38-26+0800__CAM_FRONT__1542800791862460.jpg", "samples/CAM_FRONT_RIGHT/n015-2018-11-21-19-38-26+0800__CAM_FRONT_RIGHT__1542800791870339.jpg", "samples/CAM_BACK_LEFT/n015-2018-11-21-19-38-26+0800__CAM_BACK_LEFT__1542800791897423.jpg", "samples/CAM_BACK/n015-2018-11-21-19-38-26+0800__CAM_BACK__1542800791887525.jpg", "samples/CAM_BACK_RIGHT/n015-2018-11-21-19-38-26+0800__CAM_BACK_RIGHT__1542800791877893.jpg"], "intrinsics": [[[1272.5979470598488, 0.0, 826.6154927353808], [0.0, 1272.5979470598488, 479.75165386361925], [0.0, 0.0, 1.0]], [[1266.417203046554, 0.0, 816.2670197447984], [0.0, 1266.417203046554, 491.50706579294757], [0.0, 0.0, 1.0]], [[1260.8474446004698, 0.0, 807.968244525554], [0.0, 1260.8474446004698, 495.3344268742088], [0.0, 0.0, 1.0]], [[1256.7414812095406, 0.0, 792.1125740759628], [0.0, 1256.7414812095406, 492.7757465151356], [0.0, 0.0, 1.0]], [[809.2209905677063, 0.0, 829.2196003259838], [0.0, 809.2209905677063, 481.77842384512485], [0.0, 0.0, 1.0]], [[1259.5137405846733, 0.0, 807.2529053838625], [0.0, 1259.5137405846733, 501.19579884916527], [0.0, 0.0, 1.0]]], "extrinsics": [[[0.8208088874816895, -0.5712024569511414, -0.0006796781090088189, -0.7115592956542969], [-0.008307574316859245, -0.010748056694865227, -0.9999077320098877, 1.5057010650634766], [0.5711423754692078, 0.8207388520240784, -0.013567407615482807, -1.1053466796875], [0.0, 0.0, 0.0, 1.0]], [[0.005733610596507788, -0.9998741745948792, 0.01478927955031395, 0.0074462890625], [-0.013523096218705177, -0.014865700155496597, -0.999798059463501, 1.5171241760253906], [0.9998921155929565, 0.005532480776309967, -0.013606628403067589, -1.4388427734375], [0.0, 0.0, 0.0, 1.0]], [[-0.8330195546150208, -0.5532187819480896, 0.005237849894911051, 0.86865234375], [-0.007802695967257023, 0.0022814152762293816, -0.9999669194221497, 1.5021083354949951], [0.5531885027885437, -0.8330329060554504, -0.00621706061065197, -1.13934326171875], [0.0, 0.0, 0.0, 1.0]], [[0.9477677345275879, 0.3188648819923401, -0.007844352163374424, -1.139404296875], [0.0012308357981964946, -0.028249463066458702, -0.9996001720428467, 1.5885581970214844], [-0.31895893812179565, 0.9473791122436523, -0.027166401967406273, -0.1046142578125], [0.0, 0.0, 0.0, 1.0]], [[0.002474237699061632, 0.9998302459716797, -0.01826043240725994, 0.0028076171875], [-0.024317266419529915, -0.018194932490587234, -0.9995386600494385, 1.5775642395019531], [-0.9997012615203857, 0.002917181933298707, 0.024268116801977158, -0.0718994140625], [0.0, 0.0, 0.0, 1.0]], [[-0.9347778558731079, 0.35512781143188477, -0.008644557558000088, 1.002593994140625], [0.008185058832168579, -0.0027962466701865196, -0.999962568283081, 1.5526165962219238], [-0.3551386296749115, -0.9348136186599731, -0.0002928716712631285, -0.114013671875], [0.0, 0.0, 0.0, 1.0]]], "view": [[0.0, -2.0, 100.0], [-2.0, 0.0, 100.0], [0.0, 0.0, 1.0]], "bev": "bev_16ec1ba4fdb045b38ccc8dc4016e73df.png", "aux": "aux_16ec1ba4fdb045b38ccc8dc4016e73df.npz", "visibility": "visibility_16ec1ba4fdb045b38ccc8dc4016e73df.png", "pose": [[-0.9437848925590515, -0.3305602967739105, 0.0, 1612.748779296875], [0.3305602967739105, -0.9437848925590515, 0.0, 1188.2666015625], [0.0, 0.0, 1.0, 0.0], [0.0, 0.0, 0.0, 1.0]], "pose_inverse": [[-0.9437848925590515, 0.3305602967739105, 0.0, 1129.294189453125], [-0.3305602967739105, -0.9437848925590515, 0.0, 1654.5787353515625], [0.0, 0.0, 1.0, 0.0], [0.0, 0.0, 0.0, 1.0]], "cam_ids": [0, 1, 2, 3, 4, 5], "cam_channels": ["CAM_FRONT_LEFT", "CAM_FRONT", "CAM_FRONT_RIGHT", "CAM_BACK_LEFT", "CAM_BACK", "CAM_BACK_RIGHT"], "token": "16ec1ba4fdb045b38ccc8dc4016e73df", "scene": "scene-1092"}, {"images": ["samples/CAM_FRONT_LEFT/n015-2018-11-21-19-38-26+0800__CAM_FRONT_LEFT__1542800792354844.jpg", "samples/CAM_FRONT/n015-2018-11-21-19-38-26+0800__CAM_FRONT__1542800792362460.jpg", "samples/CAM_FRONT_RIGHT/n015-2018-11-21-19-38-26+0800__CAM_FRONT_RIGHT__1542800792370339.jpg", "samples/CAM_BACK_LEFT/n015-2018-11-21-19-38-26+0800__CAM_BACK_LEFT__1542800792397423.jpg", "samples/CAM_BACK/n015-2018-11-21-19-38-26+0800__CAM_BACK__1542800792387525.jpg", "samples/CAM_BACK_RIGHT/n015-2018-11-21-19-38-26+0800__CAM_BACK_RIGHT__1542800792377893.jpg"], "intrinsics": [[[1272.5979470598488, 0.0, 826.6154927353808], [0.0, 1272.5979470598488, 479.75165386361925], [0.0, 0.0, 1.0]], [[1266.417203046554, 0.0, 816.2670197447984], [0.0, 1266.417203046554, 491.50706579294757], [0.0, 0.0, 1.0]], [[1260.8474446004698, 0.0, 807.968244525554], [0.0, 1260.8474446004698, 495.3344268742088], [0.0, 0.0, 1.0]], [[1256.7414812095406, 0.0, 792.1125740759628], [0.0, 1256.7414812095406, 492.7757465151356], [0.0, 0.0, 1.0]], [[809.2209905677063, 0.0, 829.2196003259838], [0.0, 809.2209905677063, 481.77842384512485], [0.0, 0.0, 1.0]], [[1259.5137405846733, 0.0, 807.2529053838625], [0.0, 1259.5137405846733, 501.19579884916527], [0.0, 0.0, 1.0]]], "extrinsics": [[[0.8207829594612122, -0.5712193846702576, 0.004870459903031588, -0.6931343078613281], [-0.006296695210039616, -0.017572635784745216, -0.9998257756233215, 1.5061912536621094], [0.5712054967880249, 0.8206092119216919, -0.018020113930106163, -1.0924072265625], [0.0, 0.0, 0.0, 1.0]], [[0.005770715419203043, -0.9997520446777344, 0.021505359560251236, 0.007568359375], [-0.011458351276814938, -0.021570416167378426, -0.9997016787528992, 1.5174446105957031], [0.9999176859855652, 0.00552260410040617, -0.011579986661672592, -1.42041015625], [0.0, 0.0, 0.0, 1.0]], [[-0.8329280614852905, -0.5533357858657837, 0.007091924082487822, 0.85693359375], [-0.005668702535331249, -0.004283335991203785, -0.9999747276306152, 1.502450942993164], [0.5533521771430969, -0.8329471945762634, 0.00043101501069031656, -1.1312255859375], [0.0, 0.0, 0.0, 1.0]], [[0.9477973580360413, 0.31878912448883057, -0.0073305172845721245, -1.1402587890625], [0.003756572725251317, -0.034150030463933945, -0.9994096159934998, 1.5885658264160156], [-0.3188512325286865, 0.9472101926803589, -0.033564865589141846, -0.1043701171875], [0.0, 0.0, 0.0, 1.0]], [[0.002397704403847456, 0.9996987581253052, -0.024427488446235657, 0.002685546875], [-0.021956797689199448, -0.02436904050409794, -0.9994618892669678, 1.5776329040527344], [-0.9997560381889343, 0.0029327694792300463, 0.021891752257943153, -0.0767822265625], [0.0, 0.0, 0.0, 1.0]], [[-0.9348390102386475, 0.354833722114563, -0.013000793755054474, 0.992950439453125], [0.010411522351205349, -0.009205557405948639, -0.9999033808708191, 1.5530447959899902], [-0.35491907596588135, -0.9348841905593872, 0.00491135660558939, -0.1170654296875], [0.0, 0.0, 0.0, 1.0]]], "view": [[0.0, -2.0, 100.0], [-2.0, 0.0, 100.0], [0.0, 0.0, 1.0]], "bev": "bev_a5c90f849579422ab03f94e0cee03871.png", "aux": "aux_a5c90f849579422ab03f94e0cee03871.npz", "visibility": "visibility_a5c90f849579422ab03f94e0cee03871.png", "pose": [[-0.942751944065094, -0.33349475264549255, 0.0, 1609.201904296875], [0.33349475264549255, -0.942751944065094, 0.0, 1189.541015625], [0.0, 0.0, 1.0, 0.0], [0.0, 0.0, 0.0, 1.0]], "pose_inverse": [[-0.942751944065094, 0.33349475264549255, 0.0, 1120.37255859375], [-0.33349475264549255, -0.942751944065094, 0.0, 1658.1025390625], [0.0, 0.0, 1.0, 0.0], [0.0, 0.0, 0.0, 1.0]], "cam_ids": [0, 1, 2, 3, 4, 5], "cam_channels": ["CAM_FRONT_LEFT", "CAM_FRONT", "CAM_FRONT_RIGHT", "CAM_BACK_LEFT", "CAM_BACK", "CAM_BACK_RIGHT"], "token": "a5c90f849579422ab03f94e0cee03871", "scene": "scene-1092"}, {"images": ["samples/CAM_FRONT_LEFT/n015-2018-11-21-19-38-26+0800__CAM_FRONT_LEFT__1542800792854844.jpg", "samples/CAM_FRONT/n015-2018-11-21-19-38-26+0800__CAM_FRONT__1542800792862460.jpg", "samples/CAM_FRONT_RIGHT/n015-2018-11-21-19-38-26+0800__CAM_FRONT_RIGHT__1542800792870339.jpg", "samples/CAM_BACK_LEFT/n015-2018-11-21-19-38-26+0800__CAM_BACK_LEFT__1542800792897423.jpg", "samples/CAM_BACK/n015-2018-11-21-19-38-26+0800__CAM_BACK__1542800792887525.jpg", "samples/CAM_BACK_RIGHT/n015-2018-11-21-19-38-26+0800__CAM_BACK_RIGHT__1542800792877893.jpg"], "intrinsics": [[[1272.5979470598488, 0.0, 826.6154927353808], [0.0, 1272.5979470598488, 479.75165386361925], [0.0, 0.0, 1.0]], [[1266.417203046554, 0.0, 816.2670197447984], [0.0, 1266.417203046554, 491.50706579294757], [0.0, 0.0, 1.0]], [[1260.8474446004698, 0.0, 807.968244525554], [0.0, 1260.8474446004698, 495.3344268742088], [0.0, 0.0, 1.0]], [[1256.7414812095406, 0.0, 792.1125740759628], [0.0, 1256.7414812095406, 492.7757465151356], [0.0, 0.0, 1.0]], [[809.2209905677063, 0.0, 829.2196003259838], [0.0, 809.2209905677063, 481.77842384512485], [0.0, 0.0, 1.0]], [[1259.5137405846733, 0.0, 807.2529053838625], [0.0, 1259.5137405846733, 501.19579884916527], [0.0, 0.0, 1.0]]], "extrinsics": [[[0.821129560470581, -0.5707255601882935, 0.004327002447098494, -0.66961669921875], [0.0010666444431990385, -0.006046807859092951, -0.999981164932251, 1.5086421966552734], [0.5707409977912903, 0.8211185932159424, -0.004356450866907835, -1.0771484375], [0.0, 0.0, 0.0, 1.0]], [[0.0062612490728497505, -0.9999306201934814, 0.009976345114409924, 0.0084228515625], [-0.004417564254254103, -0.010004102252423763, -0.9999402165412903, 1.5192413330078125], [0.9999706745147705, 0.006216855254024267, -0.004479896277189255, -1.3968505859375], [0.0, 0.0, 0.0, 1.0]], [[-0.8326393365859985, -0.5537942051887512, -0.004858567379415035, 0.8411865234375], [0.0009795066434890032, 0.007300292141735554, -0.9999728202819824, 1.5038623809814453], [0.553814709186554, -0.8326215147972107, -0.005536064971238375, -1.1202392578125], [0.0, 0.0, 0.0, 1.0]], [[0.9477596282958984, 0.3189833164215088, 0.0011160537833347917, -1.1365966796875], [0.008811743929982185, -0.022683607414364815, -0.9997038841247559, 1.5886058807373047], [-0.31886354088783264, 0.9474887847900391, -0.02430940978229046, -0.10546875], [0.0, 0.0, 0.0, 1.0]], [[0.0022166965063661337, 0.9999145269393921, -0.012889998964965343, 0.00244140625], [-