[{"images": ["samples/CAM_FRONT_LEFT/n008-2018-09-18-14-35-12-0400__CAM_FRONT_LEFT__1537296115904799.jpg", "samples/CAM_FRONT/n008-2018-09-18-14-35-12-0400__CAM_FRONT__1537296115912404.jpg", "samples/CAM_FRONT_RIGHT/n008-2018-09-18-14-35-12-0400__CAM_FRONT_RIGHT__1537296115920482.jpg", "samples/CAM_BACK_LEFT/n008-2018-09-18-14-35-12-0400__CAM_BACK_LEFT__1537296115947405.jpg", "samples/CAM_BACK/n008-2018-09-18-14-35-12-0400__CAM_BACK__1537296115937558.jpg", "samples/CAM_BACK_RIGHT/n008-2018-09-18-14-35-12-0400__CAM_BACK_RIGHT__1537296115928113.jpg"], "intrinsics": [[[1257.8625342125129, 0.0, 827.2410631095686], [0.0, 1257.8625342125129, 450.915498205774], [0.0, 0.0, 1.0]], [[1252.8131021185304, 0.0, 826.588114781398], [0.0, 1252.8131021185304, 469.9846626224581], [0.0, 0.0, 1.0]], [[1256.7485116440405, 0.0, 817.7887570959712], [0.0, 1256.7485116440403, 451.9541780095127], [0.0, 0.0, 1.0]], [[1254.9860565800168, 0.0, 829.5769333630991], [0.0, 1254.9860565800168, 467.1680561863987], [0.0, 0.0, 1.0]], [[796.8910634503094, 0.0, 857.7774326863696], [0.0, 796.8910634503094, 476.8848988407415], [0.0, 0.0, 1.0]], [[1249.9629280788233, 0.0, 825.3768045375984], [0.0, 1249.9629280788233, 462.54816385708756], [0.0, 0.0, 1.0]]], "extrinsics": [[[0.8225792050361633, -0.5684857368469238, -0.013693406246602535, -0.738037109375], [0.012177092023193836, 0.041684623807668686, -0.9990566372871399, 1.492238998413086], [0.568520188331604, 0.8216364979743958, 0.041211407631635666, -1.14898681640625], [0.0, 0.0, 0.0, 1.0]], [[0.010398434475064278, -0.9992426633834839, -0.03749564290046692, 0.0084228515625], [0.014106642454862595, 0.037640530616045, -0.9991917610168457, 1.4839668273925781], [0.9998464584350586, 0.009861070662736893, 0.014487363398075104, -1.4652099609375], [0.0, 0.0, 0.0, 1.0]], [[-0.8438268899917603, -0.5355242490768433, -0.03420620411634445, 0.91259765625], [0.022092312574386597, 0.02902083471417427, -0.9993346333503723, 1.4977331161499023], [0.5361606478691101, -0.8440211415290833, -0.012657592073082924, -1.1644287109375], [0.0, 0.0, 0.0, 1.0]], [[0.9478116631507874, 0.3186540901660919, 0.010615293867886066, -1.133056640625], [-0.003743835724890232, 0.04441554844379425, -0.9990061521530151, 1.5619964599609375], [-0.3188088536262512, 0.9468298554420471, 0.04329056292772293, -0.1597900390625], [0.0, 0.0, 0.0, 1.0]], [[0.008997935801744461, 0.9992827773094177, 0.03678537905216217, -0.02783203125], [-0.0014282278716564178, 0.03679967671632767, -0.9993216395378113, 1.56793212890625], [-0.9999585151672363, 0.008939342573285103, 0.0017583263106644154, -0.0413818359375], [0.0, 0.0, 0.0, 1.0]], [[-0.9237550497055054, 0.3829745948314667, 0.0026569024194031954, 1.0166015625], [0.0029346405062824488, 0.014015336520969868, -0.9998974800109863, 1.5482673645019531], [-0.38297250866889954, -0.9236525297164917, -0.014070630073547363, -0.103363037109375], [0.0, 0.0, 0.0, 1.0]]], "view": [[0.0, -2.0, 100.0], [-2.0, 0.0, 100.0], [0.0, 0.0, 1.0]], "bev": "bev_3ac231a1ef4c481c9c15921cafa87307.png", "aux": "aux_3ac231a1ef4c481c9c15921cafa87307.npz", "visibility": "visibility_3ac231a1ef4c481c9c15921cafa87307.png", "pose": [[-0.5168306231498718, 0.8560876846313477, 0.0, 1978.13671875], [-0.8560876846313477, -0.5168306231498718, 0.0, 1081.0975341796875], [0.0, 0.0, 1.0, 0.0], [0.0, 0.0, 0.0, 1.0]], "pose_inverse": [[-0.5168306231498718, -0.8560876846313477, 0.0, 1947.8759765625], [0.8560876846313477, -0.5168306231498718, 0.0, -1134.714111328125], [0.0, 0.0, 1.0, 0.0], [0.0, 0.0, 0.0, 1.0]], "cam_ids": [0, 1, 2, 3, 4, 5], "cam_channels": ["CAM_FRONT_LEFT", "CAM_FRONT", "CAM_FRONT_RIGHT", "CAM_BACK_LEFT", "CAM_BACK", "CAM_BACK_RIGHT"], "token": "3ac231a1ef4c481c9c15921cafa87307", "scene": "scene-0636"}, {"images": ["samples/CAM_FRONT_LEFT/n008-2018-09-18-14-35-12-0400__CAM_FRONT_LEFT__1537296116404799.jpg", "samples/CAM_FRONT/n008-2018-09-18-14-35-12-0400__CAM_FRONT__1537296116412404.jpg", "samples/CAM_FRONT_RIGHT/n008-2018-09-18-14-35-12-0400__CAM_FRONT_RIGHT__1537296116420482.jpg", "samples/CAM_BACK_LEFT/n008-2018-09-18-14-35-12-0400__CAM_BACK_LEFT__1537296116447405.jpg", "samples/CAM_BACK/n008-2018-09-18-14-35-12-0400__CAM_BACK__1537296116437558.jpg", "samples/CAM_BACK_RIGHT/n008-2018-09-18-14-35-12-0400__CAM_BACK_RIGHT__1537296116428113.jpg"], "intrinsics": [[[1257.8625342125129, 0.0, 827.2410631095686], [0.0, 1257.8625342125129, 450.915498205774], [0.0, 0.0, 1.0]], [[1252.8131021185304, 0.0, 826.588114781398], [0.0, 1252.8131021185304, 469.9846626224581], [0.0, 0.0, 1.0]], [[1256.7485116440405, 0.0, 817.7887570959712], [0.0, 1256.7485116440403, 451.9541780095127], [0.0, 0.0, 1.0]], [[1254.9860565800168, 0.0, 829.5769333630991], [0.0, 1254.9860565800168, 467.1680561863987], [0.0, 0.0, 1.0]], [[796.8910634503094, 0.0, 857.7774326863696], [0.0, 796.8910634503094, 476.8848988407415], [0.0, 0.0, 1.0]], [[1249.9629280788233, 0.0, 825.3768045375984], [0.0, 1249.9629280788233, 462.54816385708756], [0.0, 0.0, 1.0]]], "extrinsics": [[[0.8225919604301453, -0.5684364438056946, -0.014920994639396667, -0.75146484375], [0.010957770980894566, 0.042081501334905624, -0.9990540742874146, 1.4916439056396484], [0.5685265064239502, 0.8216503858566284, 0.04084469750523567, -1.15869140625], [0.0, 0.0, 0.0, 1.0]], [[0.010406477376818657, -0.9992294907569885, -0.03784254938364029, 0.008544921875], [0.012838169932365417, 0.03797499090433121, -0.9991962313652039, 1.4834270477294922], [0.9998634457588196, 0.009912343695759773, 0.013223464600741863, -1.4796142578125], [0.0, 0.0, 0.0, 1.0]], [[-0.8438384532928467, -0.5355664491653442, -0.03324489668011665, 0.92236328125], [0.020781053230166435, 0.02929159440100193, -0.9993548393249512, 1.4972095489501953], [0.5361947417259216, -0.8439849615097046, -0.013587737455964088, -1.1705322265625], [0.0, 0.0, 0.0, 1.0]], [[0.9478945136070251, 0.3184398114681244, 0.009598474949598312, -1.132568359375], [-0.004909364972263575, 0.044725287705659866, -0.9989872574806213, 1.5620155334472656], [-0.3185465931892395, 0.9468873739242554, 0.04395819082856178, -0.1593017578125], [0.0, 0.0, 0.0, 1.0]], [[0.009078564122319221, 0.9992725253105164, 0.03703915327787399, -0.0281982421875], [-0.002595083089545369, 0.037064094096422195, -0.9993095397949219, 1.5678558349609375], [-0.9999555349349976, 0.008976144716143608, 0.0029296819120645523, -0.036376953125], [0.0, 0.0, 0.0, 1.0]], [[-0.9237760901451111, 0.3829130530357361, 0.0039321547374129295, 1.02490234375], [0.0016598848160356283, 0.014272459782660007, -0.999896764755249, 1.548050880432129], [-0.38292956352233887, -0.9236741662025452, -0.013820146210491657, -0.099884033203125], [0.0, 0.0, 0.0, 1.0]]], "view": [[0.0, -2.0, 100.0], [-2.0, 0.0, 100.0], [0.0, 0.0, 1.0]], "bev": "bev_c6dd19098c9143a1849e1ea7e972ff6b.png", "aux": "aux_c6dd19098c9143a1849e1ea7e972ff6b.npz", "visibility": "visibility_c6dd19098c9143a1849e1ea7e972ff6b.png", "pose": [[-0.5185884833335876, 0.855023980140686, 0.0, 1976.2591552734375], [-0.855023980140686, -0.5185884833335876, 0.0, 1078.018310546875], [0.0, 0.0, 1.0, 0.0], [0.0, 0.0, 0.0, 1.0]], "pose_inverse": [[-0.5185884833335876, -0.855023980140686, 0.0, 1946.5966796875], [0.855023980140686, -0.5185884833335876, 0.0, -1130.7010498046875], [0.0, 0.0, 1.0, 0.0], [0.0, 0.0, 0.0, 1.0]], "cam_ids": [0, 1, 2, 3, 4, 5], "cam_channels": ["CAM_FRONT_LEFT", "CAM_FRONT", "CAM_FRONT_RIGHT", "CAM_BACK_LEFT", "CAM_BACK", "CAM_BACK_RIGHT"], "token": "c6dd19098c9143a1849e1ea7e972ff6b", "scene": "scene-0636"}, {"images": ["samples/CAM_FRONT_LEFT/n008-2018-09-18-14-35-12-0400__CAM_FRONT_LEFT__1537296116904799.jpg", "samples/CAM_FRONT/n008-2018-09-18-14-35-12-0400__CAM_FRONT__1537296116912404.jpg", "samples/CAM_FRONT_RIGHT/n008-2018-09-18-14-35-12-0400__CAM_FRONT_RIGHT__1537296116920482.jpg", "samples/CAM_BACK_LEFT/n008-2018-09-18-14-35-12-0400__CAM_BACK_LEFT__1537296116947405.jpg", "samples/CAM_BACK/n008-2018-09-18-14-35-12-0400__CAM_BACK__1537296116937563.jpg", "samples/CAM_BACK_RIGHT/n008-2018-09-18-14-35-12-0400__CAM_BACK_RIGHT__1537296116928113.jpg"], "intrinsics": [[[1257.8625342125129, 0.0, 827.2410631095686], [0.0, 1257.8625342125129, 450.915498205774], [0.0, 0.0, 1.0]], [[1252.8131021185304, 0.0, 826.588114781398], [0.0, 1252.8131021185304, 469.9846626224581], [0.0, 0.0, 1.0]], [[1256.7485116440405, 0.0, 817.7887570959712], [0.0, 1256.7485116440403, 451.9541780095127], [0.0, 0.0, 1.0]], [[1254.9860565800168, 0.0, 829.5769333630991], [0.0, 1254.9860565800168, 467.1680561863987], [0.0, 0.0, 1.0]], [[796.8910634503094, 0.0, 857.7774326863696], [0.0, 796.8910634503094, 476.8848988407415], [0.0, 0.0, 1.0]], [[1249.9629280788233, 0.0, 825.3768045375984], [0.0, 1249.9629280788233, 462.54816385708756], [0.0, 0.0, 1.0]]], "extrinsics": [[[0.8223998546600342, -0.5686511397361755, -0.017160123214125633, -0.753173828125], [0.008145510219037533, 0.04192962870001793, -0.9990873336791992, 1.4907341003417969], [0.5688515901565552, 0.8215094804763794, 0.039114873856306076, -1.1605682373046875], [0.0, 0.0, 0.0, 1.0]], [[0.010016705840826035, -0.9992362260818481, -0.03777027502655983, 0.0086669921875], [0.009929862804710865, 0.03786970674991608, -0.9992333650588989, 1.482656478881836], [0.9999005198478699, 0.009633967652916908, 0.010301608592271805, -1.4814453125], [0.0, 0.0, 0.0, 1.0]], [[-0.8440930843353271, -0.5353191494941711, -0.030664434656500816, 0.9234619140625], [0.01776745542883873, 0.029233215376734734, -0.9994146823883057, 1.4965852499008179], [0.535902202129364, -0.844143807888031, -0.015164296142756939, -1.1710205078125], [0.0, 0.0, 0.0, 1.0]], [[0.9478425979614258, 0.3186771869659424, 0.006261225789785385, -1.1319580078125], [-0.00846308283507824, 0.04479888454079628, -0.9989601969718933, 1.5619277954101562], [-0.31862637400627136, 0.9468039870262146, 0.04515928775072098, -0.16015625], [0.0, 0.0, 0.0, 1.0]], [[0.009316531009972095, 0.9992706179618835, 0.03703078627586365, -0.0277099609375], [-0.00599009171128273, 0.03708749637007713, -0.9992940425872803, 1.5675811767578125], [-0.9999387264251709, 0.00908808782696724, 0.006331249605864286, -0.0367431640625], [0.0, 0.0, 0.0, 1.0]], [[-0.9236403107643127, 0.3831992447376251, 0.006846796255558729, 1.02587890625], [-0.0015052530216053128, 0.014237452298402786, -0.9998975396156311, 1.5475921630859375], [-0.3832574188709259, -0.9235559105873108, -0.012573473155498505, -0.099822998046875], [0.0, 0.0, 0.0, 1.0]]], "view": [[0.0, -2.0, 100.0], [-2.0, 0.0, 100.0], [0.0, 0.0, 1.0]], "bev": "bev_75b0b5c13a214183961af9189f1c72f0.png", "aux": "aux_75b0b5c13a214183961af9189f1c72f0.npz", "visibility": "visibility_75b0b5c13a214183961af9189f1c72f0.png", "pose": [[-0.5207189917564392, 0.8537281155586243, 0.0, 1974.4097900390625], [-0.8537281155586243, -0.5207189917564392, 0.0, 1075.0257568359375], [0.0, 0.0, 1.0, 0.0], [0.0, 0.0, 0.0, 1.0]], "pose_inverse": [[-0.5207189917564392, -0.8537281155586243, 0.0, 1945.8924560546875], [0.8537281155586243, -0.5207189917564392, 0.0, -1125.8228759765625], [0.0, 0.0, 1.0, 0.0], [0.0, 0.0, 0.0, 1.0]], "cam_ids": [0, 1, 2, 3, 4, 5], "cam_channels": ["CAM_FRONT_LEFT", "CAM_FRONT", "CAM_FRONT_RIGHT", "CAM_BACK_LEFT", "CAM_BACK", "CAM_BACK_RIGHT"], "token": "75b0b5c13a214183961af9189f1c72f0", "scene": "scene-0636"}, {"images": ["samples/CAM_FRONT_LEFT/n008-2018-09-18-14-35-12-0400__CAM_FRONT_LEFT__1537296117404799.jpg", "samples/CAM_FRONT/n008-2018-09-18-14-35-12-0400__CAM_FRONT__1537296117412404.jpg", "samples/CAM_FRONT_RIGHT/n008-2018-09-18-14-35-12-0400__CAM_FRONT_RIGHT__1537296117420482.jpg", "samples/CAM_BACK_LEFT/n008-2018-09-18-14-35-12-0400__CAM_BACK_LEFT__1537296117447405.jpg", "samples/CAM_BACK/n008-2018-09-18-14-35-12-0400__CAM_BACK__1537296117437564.jpg", "samples/CAM_BACK_RIGHT/n008-2018-09-18-14-35-12-0400__CAM_BACK_RIGHT__1537296117428113.jpg"], "intrinsics": [[[1257.8625342125129, 0.0, 827.2410631095686], [0.0, 1257.8625342125129, 450.915498205774], [0.0, 0.0, 1.0]], [[1252.8131021185304, 0.0, 826.588114781398], [0.0, 1252.8131021185304, 469.9846626224581], [0.0, 0.0, 1.0]], [[1256.7485116440405, 0.0, 817.7887570959712], [0.0, 1256.7485116440403, 451.9541780095127], [0.0, 0.0, 1.0]], [[1254.9860565800168, 0.0, 829.5769333630991], [0.0, 1254.9860565800168, 467.1680561863987], [0.0, 0.0, 1.0]], [[796.8910634503094, 0.0, 857.7774326863696], [0.0, 796.8910634503094, 476.8848988407415], [0.0, 0.0, 1.0]], [[1249.9629280788233, 0.0, 825.3768045375984], [0.0, 1249.9629280788233, 462.54816385708756], [0.0, 0.0, 1.0]]], "extrinsics": [[[0.822813868522644, -0.5679906606674194, -0.019078049808740616, -0.76318359375], [0.0025643978733569384, 0.03728009760379791, -0.999301552772522, 1.4889564514160156], [0.5683051943778992, 0.8221902251243591, 0.0321311354637146, -1.1692047119140625], [0.0, 0.0, 0.0, 1.0]], [[0.010765647515654564, -0.9993966817855835, -0.033021990209817886, 0.010009765625], [0.0044794706627726555, 0.03307177126407623, -0.9994429349899292, 1.4811744689941406], [0.999932050704956, 0.01061173714697361, 0.004832806997001171, -1.4931640625], [0.0, 0.0, 0.0, 1.0]], [[-0.8437947034835815, -0.5361490249633789, -0.023550450801849365, 0.931884765625], [0.012471298687160015, 0.024281416088342667, -0.9996273517608643, 1.495395541191101], [0.5365211367607117, -0.8437740206718445, -0.013802056200802326, -1.1748046875], [0.0, 0.0, 0.0, 1.0]], [[0.9478409290313721, 0.3187437057495117, 0.00025347538758069277, -1.1304931640625], [-0.012884700670838356, 0.03910950571298599, -0.9991518259048462, 1.561859130859375], [-0.31848326325416565, 0.9470336437225342, 0.041176505386829376, -0.1607666015625], [0.0, 0.0, 0.0, 1.0]], [[0.009043927304446697, 0.9994591474533081, 0.03161599859595299, -0.0286865234375], [-0.010806219652295113, 0.031713131815195084, -0.9994385242462158, 1.56719970703125], [-0.9999006986618042, 0.008697250857949257, 0.011087188497185707, -0.0338134765625], [0.0, 0.0, 0.0, 1.0]], [[-0.9238716959953308, 0.38258278369903564, 0.009558990597724915, 1.03125], [-0.006572986487299204, 0.009111206978559494, -0.9999368786811829, 1.546884536743164], [-0.38264572620391846, -0.9238762855529785, -0.005902875680476427, -0.095977783203125], [0.0, 0.0, 0.0, 1.0]]], "view": [[0.0, -2.0, 100.0], [-2.0, 0.0, 100.0], [0.0, 0.0, 1.0]], "bev": "bev_9a8b4a5cc0ae4a198e88435b9f5b4b57.png", "aux": "aux_9a8b4a5cc0ae4a198e88435b9f5b4b57.npz", "visibility": "visibility_9a8b4a5cc0ae4a198e88435b9f5b4b57.png", "pose": [[-0.5229094624519348, 0.8523882031440735, 0.0, 1972.63525390625], [-0.8523882031440735, -0.5229094624519348, 0.0, 1072.1727294921875], [0.0, 0.0, 1.0, 0.0], [0.0, 0.0, 0.0, 1.0]], "pose_inverse": [[-0.5229094624519348, -0.8523882031440735, 0.0, 1945.4171142578125], [0.8523882031440735, -0.5229094624519348, 0.0, -1120.8017578125], [0.0, 0.0, 1.0, 0.0], [0.0, 0.0, 0.0, 1.0]], "cam_ids": [0, 1, 2, 3, 4, 5], "cam_channels": ["CAM_FRONT_LEFT", "CAM_FRONT", "CAM_FRONT_RIGHT", "CAM_BACK_LEFT", "CAM_BACK", "CAM_BACK_RIGHT"], "token": "9a8b4a5cc0ae4a198e88435b9f5b4b57", "scene": "scene-0636"}, {"images": ["samples/CAM_FRONT_LEFT/n008-2018-09-18-14-35-12-0400__CAM_FRONT_LEFT__1537296117904799.jpg", "samples/CAM_FRONT/n008-2018-09-18-14-35-12-0400__CAM_FRONT__1537296117912404.jpg", "samples/CAM_FRONT_RIGHT/n008-2018-09-18-14-35-12-0400__CAM_FRONT_RIGHT__1537296117920482.jpg", "samples/CAM_BACK_LEFT/n008-2018-09-18-14-35-12-0400__CAM_BACK_LEFT__1537296117947405.jpg", "samples/CAM_BACK/n008-2018-09-18-14-35-12-0400__CAM_BACK__1537296117937558.jpg", "samples/CAM_BACK_RIGHT/n008-2018-09-18-14-35-12-0400__CAM_BACK_RIGHT__1537296117928113.jpg"], "intrinsics": [[[1257.8625342125129, 0.0, 827.2410631095686], [0.0, 1257.8625342125129, 450.915498205774], [0.0, 0.0, 1.0]], [[1252.8131021185304, 0.0, 826.588114781398], [0.0, 1252.8131021185304, 469.9846626224581], [0.0, 0.0, 1.0]], [[1256.7485116440405, 0.0, 817.7887570959712], [0.0, 1256.7485116440403, 451.9541780095127], [0.0, 0.0, 1.0]], [[1254.9860565800168, 0.0, 829.5769333630991], [0.0, 1254.9860565800168, 467.1680561863987], [0.0, 0.0, 1.0]], [[796.8910634503094, 0.0, 857.7774326863696], [0.0, 796.8910634503094, 476.8848988407415], [0.0, 0.0, 1.0]], [[1249.9629280788233, 0.0, 825.3768045375984], [0.0, 1249.9629280788233, 462.54816385708756], [0.0, 0.0, 1.0]]], "extrinsics": [[[0.8228873610496521, -0.5679354071617126, -0.017484694719314575, -0.7705078125], [0.0026724236086010933, 0.03463992848992348, -0.9993962645530701, 1.4889850616455078], [0.5681982040405273, 0.8223438858985901, 0.030022526159882545, -1.1735992431640625], [0.0, 0.0, 0.0, 1.0]], [[0.010733774863183498, -0.9994786381721497, -0.030451245605945587, 0.009521484375], [0.004566830582916737, 0.030501680448651314, -0.9995242953300476, 1.4811897277832031], [0.9999319314956665, 0.010589542798697948, 0.00489184632897377, -1.4993896484375], [0.0, 0.0, 0.0, 1.0]], [[-0.843816339969635, -0.5361701846122742, -0.022257164120674133, 0.935791015625], [0.012525053694844246, 0.021786529570817947, -0.99968421459198, 1.4953529834747314], [0.5364857912063599, -0.8438286781311035, -0.011668272316455841, -1.177978515625], [0.0, 0.0, 0.0, 1.0]], [[0.9478463530540466, 0.31872689723968506, -0.0006086883950047195, -1.1312255859375], [-0.01308923214673996, 0.03701715171337128, -0.9992288947105408, 1.561859130859375], [-0.318458616733551, 0.9471234083175659, 0.03925846517086029, -0.1605224609375], [0.0, 0.0, 0.0, 1.0]], [[0.009086528792977333, 0.9995287656784058, 0.029317913576960564, -0.0286865234375], [-0.01086486503481865, 0.029416078701615334, -0.9995082020759583, 1.5672225952148438], [-0.999899685382843, 0.008763579651713371, 0.011127036064863205, -0.0313720703125], [0.0, 0.0, 0.0, 1.0]], [[-0.9238522052764893, 0.38265135884284973, 0.008651187643408775, 1.034912109375], [-0.0065901875495910645, 0.006696558557450771, -0.9999558329582214, 1.546915054321289], [-0.38269245624542236, -0.9238684773445129, -0.0036648844834417105, -0.0947265625], [0.0, 0.0, 0.0, 1.0]]], "view": [[0.0, -2.0, 100.0], [-2.0, 0.0, 100.0], [0.0, 0.0, 1.0]], "bev": "bev_925af658789c478eabee8e04ed1a04b9.png", "aux": "aux_925af658789c478eabee8e04ed1a04b9.npz", "visibility": "visibility_925af658789c478eabee8e04ed1a04b9.png", "pose": [[-0.525066614151001, 0.8510611057281494, 0.0, 1970.9122314453125], [-0.8510611057281494, -0.525066614151001, 0.0, 1069.429443359375], [0.0, 0.0, 1.0, 0.0], [0.0, 0.0, 0.0, 1.0]], "pose_inverse": [[-0.525066614151001, -0.8510611057281494, 0.0, 1945.010009765625], [0.8510611057281494, -0.525066614151001, 0.0, -1115.8450927734375], [0.0, 0.0, 1.0, 0.0], [0.0, 0.0, 0.0, 1.0]], "cam_ids": [0, 1, 2, 3, 4, 5], "cam_channels": ["CAM_FRONT_LEFT", "CAM_FRONT", "CAM_FRONT_RIGHT", "CAM_BACK_LEFT", "CAM_BACK", "CAM_BACK_RIGHT"], "token": "925af658789c478eabee8e04ed1a04b9", "scene": "scene-0636"}, {"images": ["samples/CAM_FRONT_LEFT/n008-2018-09-18-14-35-12-0400__CAM_FRONT_LEFT__1537296118404799.jpg", "samples/CAM_FRONT/n008-2018-09-18-14-35-12-0400__CAM_FRONT__1537296118412404.jpg", "samples/CAM_FRONT_RIGHT/n008-2018-09-18-14-35-12-0400__CAM_FRONT_RIGHT__1537296118420482.jpg", "samples/CAM_BACK_LEFT/n008-2018-09-18-14-35-12-0400__CAM_BACK_LEFT__1537296118447405.jpg", "samples/CAM_BACK/n008-2018-09-18-14-35-12-0400__CAM_BACK__1537296118437558.jpg", "samples/CAM_BACK_RIGHT/n008-2018-09-18-14-35-12-0400__CAM_BACK_RIGHT__1537296118428113.jpg"], "intrinsics": [[[1257.8625342125129, 0.0, 827.2410631095686], [0.0, 1257.8625342125129, 450.915498205774], [0.0, 0.0, 1.0]], [[1252.8131021185304, 0.0, 826.588114781398], [0.0, 1252.8131021185304, 469.9846626224581], [0.0, 0.0, 1.0]], [[1256.7485116440405, 0.0, 817.7887570959712], [0.0, 1256.7485116440403, 451.9541780095127], [0.0, 0.0, 1.0]], [[1254.9860565800168, 0.0, 829.5769333630991], [0.0, 1254.9860565800168, 467.1680561863987], [0.0, 0.0, 1.0]], [[796.8910634503094, 0.0, 857.7774326863696], [0.0, 796.8910634503094, 476.8848988407415], [0.0, 0.0, 1.0]], [[1249.9629280788233, 0.0, 825.3768045375984], [0.0, 1249.9629280788233, 462.54816385708756], [0.0, 0.0, 1.0]]], "extrinsics": [[[0.822770893573761, -0.5680005550384521, -0.02057821862399578, -0.779296875], [0.0024128833319991827, 0.03969571739435196, -0.9992088675498962, 1.4888229370117188], [0.568368136882782, 0.822070300579071, 0.03403099626302719, -1.181243896484375], [0.0, 0.0, 0.0, 1.0]], [[0.010650135576725006, -0.9993106126785278, -0.03556634113192558, 0.010498046875], [0.004365379922091961, 0.035614486783742905, -0.9993560910224915, 1.4810562133789062], [0.9999337196350098, 0.010488051921129227, 0.0047416710294783115, -1.5098876953125], [0.0, 0.0, 0.0, 1.0]], [[-0.843879222869873, -0.5359544157981873, -0.024916740134358406, 0.9437255859375], [0.012391457334160805, 0.02695915289223194, -0.999559760093689, 1.4951963424682617], [0.5363901257514954, -0.8438163995742798, -0.016109012067317963, -1.1817626953125], [0.0, 0.0, 0.0, 1.0]], [[0.9478434324264526, 0.3187333941459656, 0.001340165501460433, -1.132568359375], [-0.012835841625928879, 0.04237152636051178, -0.9990194439888, 1.5618743896484375], [-0.31847766041755676, 0.9468968510627747, 0.04425278306007385, -0.1602783203125], [0.0, 0.0, 0.0, 1.0]], [[0.009187293238937855, 0.9993561506271362, 0.03468230366706848, -0.029052734375], [-0.010782845318317413, 0.03478075936436653, -0.9993367791175842, 1.5672607421875], [-0.9998997449874878, 0.008807226084172726, 0.011095443740487099, -0.0272216796875], [0.0, 0.0, 0.0, 1.0]], [[-0.9237972497940063, 0.3827327787876129, 0.010689389891922474, 1.040771484375], [-0.006612133234739304, 0.011966889724135399, -0.9999064803123474, 1.5469436645507812], [-0.38282495737075806, -0.9237815141677856, -0.008524298667907715, -0.09185791015625], [0.0, 0.0, 0.0, 1.0]]], "view": [[0.0, -2.0, 100.0], [-2.0, 0.0, 100.0], [0.0, 0.0, 1.0]], "bev": "bev_f3501361c9814d4ba99bfb741c012f28.png", "aux": "aux_f3501361c9814d4ba99bfb741c012f28.npz", "visibility": "visibility_f3501361c9814d4ba99bfb741c012f28.png", "pose": [[-0.5247986912727356, 0.8512263894081116, 0.0, 1969.2342529296875], [-0.8512263894081116, -0.5247986912727356, 0.0, 1066.756591796875], [0.0, 0.0, 1.0, 0.0], [0.0, 0.0, 0.0, 1.0]], "pose_inverse": [[-0.5247986912727356, -0.8512263894081116, 0.0, 1941.5029296875], [0.8512263894081116, -0.5247986912727356, 0.0, -1116.431640625], [0.0, 0.0, 1.0, 0.0], [0.0, 0.0, 0.0, 1.0]], "cam_ids": [0, 1, 2, 3, 4, 5], "cam_channels": ["CAM_FRONT_LEFT", "CAM_FRONT", "CAM_FRONT_RIGHT", "CAM_BACK_LEFT", "CAM_BACK", "CAM_BACK_RIGHT"], "token": "f3501361c9814d4ba99bfb741c012f28", "scene": "scene-0636"}, {"images": ["samples/CAM_FRONT_LEFT/n008-2018-09-18-14-35-12-0400__CAM_FRONT_LEFT__1537296118904799.jpg", "samples/CAM_FRONT/n008-2018-09-18-14-35-12-0400__CAM_FRONT__1537296118912404.jpg", "samples/CAM_FRONT_RIGHT/n008-2018-09-18-14-35-12-0400__CAM_FRONT_RIGHT__1537296118920482.jpg", "samples/CAM_BACK_LEFT/n008-2018-09-18-14-35-12-0400__CAM_BACK_LEFT__1537296118947405.jpg", "samples/CAM_BACK/n008-2018-09-18-14-35-12-0400__CAM_BACK__1537296118937558.jpg", "samples/CAM_BACK_RIGHT/n008-2018-09-18-14-35-12-0400__CAM_BACK_RIGHT__1537296118928113.jpg"], "intrinsics": [[[1257.8625342125129, 0.0, 827.2410631095686], [0.0, 1257.8625342125129, 450.915498205774], [0.0, 0.0, 1.0]], [[1252.8131021185304, 0.0, 826.588114781398], [0.0, 1252.8131021185304, 469.9846626224581], [0.0, 0.0, 1.0]], [[1256.7485116440405, 0.0, 817.7887570959712], [0.0, 1256.7485116440403, 451.9541780095127], [0.0, 0.0, 1.0]], [[1254.9860565800168, 0.0, 829.5769333630991], [0.0, 1254.9860565800168, 467.1680561863987], [0.0, 0.0, 1.0]], [[796.8910634503094, 0.0, 857.7774326863696], [0.0, 796.8910634503094, 476.8848988407415], [0.0, 0.0, 1.0]], [[1249.9629280788233, 0.0, 825.3768045375984], [0.0, 1249.9629280788233, 462.54816385708756], [0.0, 0.0, 1.0]]], "extrinsics": [[[0.8226885795593262, -0.5679014325141907, -0.02591322548687458, -0.789306640625], [-0.00199204427190125, 0.04270230978727341, -0.9990858435630798, 1.4876632690429688], [0.5684888362884521, 0.8219881057739258, 0.03399941325187683, -1.1871490478515625], [0.0, 0.0, 0.0, 1.0]], [[0.010422740131616592, -0.9991980791091919, -0.03866150230169296, 0.010009765625], [-0.0001648587203817442, 0.038661886006593704, -0.9992523193359375, 1.4800376892089844], [0.9999456405639648, 0.010421297512948513, 0.0002382357488386333, -1.5174560546875], [0.0, 0.0, 0.0, 1.0]], [[-0.8439902067184448, -0.5358807444572449, -0.02263299562036991, 0.947021484375], [0.0077236429788172245, 0.030050376430153847, -0.9995185136795044, 1.4943313598632812], [0.536302924156189, -0.843758761882782, -0.021223274990916252, -1.1842041015625], [0.0, 0.0, 0.0, 1.0]], [[0.9478236436843872, 0.31878262758255005, -0.0028140214271843433, -1.130126953125], [-0.018255984410643578, 0.045462995767593384, -0.998799204826355, 1.5617752075195312], [-0.3182719349861145, 0.9467368721961975, 0.04891059175133705, -0.1610107421875], [0.0, 0.0, 0.0, 1.0]], [[0.009295953437685966, 0.9992453455924988, 0.03771322965621948, -0.0291748046875], [-0.01586449332535267, 0.03785749152302742, -0.999157190322876, 1.5668716430664062], [-0.9998310208320618, 0.008689782582223415, 0.016204440966248512, -0.0281982421875], [0.0, 0.0, 0.0, 1.0]], [[-0.9237530827522278, 0.3826392590999603, 0.01635284163057804, 1.042236328125], [-0.011461636982858181, 0.015059061348438263, -0.9998209476470947, 1.5463294982910156], [-0.38281702995300293, -0.9237750768661499, -0.009525182656943798, -0.090972900390625], [0.0, 0.0, 0.0, 1.0]]], "view": [[0.0, -2.0, 100.0], [-2.0, 0.0, 100.0], [0.0, 0.0, 1.0]], "bev": "bev_e0e6b174d7294e6088c6ba8ebb6fcc18.png", "aux": "aux_e0e6b174d7294e6088c6ba8ebb6fcc18.npz", "visibility": "visibility_e0e6b174d7294e6088c6ba8ebb6fcc18.png", "pose": [[-0.5263679027557373, 0.8502569198608398, 0.0, 1967.638427734375], [-0.8502569198608398, -0.5263679027557373, 0.0, 1064.228759765625], [0.0, 0.0, 1.0, 0.0], [0.0, 0.0, 0.0, 1.0]], "pose_inverse": [[-0.5263679027557373, -0.8502569198608398, 0.0, 1940.569580078125], [0.8502569198608398, -0.5263679027557373, 0.0, -1112.822265625], [0.0, 0.0, 1.0, 0.0], [0.0, 0.0, 0.0, 1.0]], "cam_ids": [0, 1, 2, 3, 4, 5], "cam_channels": ["CAM_FRONT_LEFT", "CAM_FRONT", "CAM_FRONT_RIGHT", "CAM_BACK_LEFT", "CAM_BACK", "CAM_BACK_RIGHT"], "token": "e0e6b174d7294e6088c6ba8ebb6fcc18", "scene": "scene-0636"}, {"images": ["samples/CAM_FRONT_LEFT/n008-2018-09-18-14-35-12-0400__CAM_FRONT_LEFT__1537296119404799.jpg", "samples/CAM_FRONT/n008-2018-09-18-14-35-12-0400__CAM_FRONT__1537296119412404.jpg", "samples/CAM_FRONT_RIGHT/n008-2018-09-18-14-35-12-0400__CAM_FRONT_RIGHT__1537296119420482.jpg", "samples/CAM_BACK_LEFT/n008-2018-09-18-14-35-12-0400__CAM_BACK_LEFT__1537296119447405.jpg", "samples/CAM_BACK/n008-2018-09-18-14-35-12-0400__CAM_BACK__1537296119437558.jpg", "samples/CAM_BACK_RIGHT/n008-2018-09-18-14-35-12-0400__CAM_BACK_RIGHT__1537296119428113.jpg"], "intrinsics": [[[1257.8625342125129, 0.0, 827.2410631095686], [0.0, 1257.8625342125129, 450.915498205774], [0.0, 0.0, 1.0]], [[1252.8131021185304, 0.0, 826.588114781398], [0.0, 1252.8131021185304, 469.9846626224581], [0.0, 0.0, 1.0]], [[1256.7485116440405, 0.0, 817.7887570959712], [0.0, 1256.7485116440403, 451.9541780095127], [0.0, 0.0, 1.0]], [[1254.9860565800168, 0.0, 829.5769333630991], [0.0, 1254.9860565800168, 467.1680561863987], [0.0, 0.0, 1.0]], [[796.8910634503094, 0.0, 857.7774326863696], [0.0, 796.8910634503094, 476.8848988407415], [0.0, 0.0, 1.0]], [[1249.9629280788233, 0.0, 825.3768045375984], [0.0, 1249.9629280788233, 462.54816385708756], [0.0, 0.0, 1.0]]], "extrinsics": [[[0.8224918842315674, -0.5682864785194397, -0.02361208014190197, -0.80419921875], [-0.002521076938137412, 0.0378708615899086, -0.9992794394493103, 1.4875068664550781], [0.568771243095398, 0.8219588398933411, 0.029715783894062042, -1.2002410888671875], [0.0, 0.0, 0.0, 1.0]], [[0.010234960354864597, -0.9993958473205566, -0.03321332484483719, 0.01171875], [-0.0001654794905334711, 0.03321336954832077, -0.999448299407959, 1.4799919128417969], [0.9999475479125977, 0.010234835557639599, 0.0001745604386087507, -1.53564453125], [0.0, 0.0, 0.0, 1.0]], [[-0.8440036177635193, -0.5359706878662109, -0.019831854850053787, 0.9613037109375], [0.008283603936433792, 0.02394551783800125, -0.9996789693832397, 1.4942779541015625], [0.5362734794616699, -0.8438969850540161, -0.015770334750413895, -1.19140625], [0.0, 0.0, 0.0, 1.0]], [[0.947836697101593, 0.31874388456344604, -0.002796077635139227, -1.132568359375], [-0.01559493225067854, 0.03760916367173195, -0.9991707801818848, 1.56182861328125], [-0.3183743953704834, 0.9470944404602051, 0.040618136525154114, -0.160400390625], [0.0, 0.0, 0.0, 1.0]], [[0.00914009753614664, 0.9994969367980957, 0.030367841944098473, -0.030029296875], [-0.014010063372552395, 0.030494127422571182, -0.9994367361068726, 1.5671195983886719], [-0.9998600482940674, 0.008709537796676159, 0.014281734824180603, -0.019287109375], [0.0, 0.0, 0.0, 1.0]], [[-0.9238016605377197, 0.3826584219932556, 0.012761089019477367, 1.0546875], [-0.010356981307268143, 0.008342066779732704, -0.9999115467071533, 1.5466136932373047], [-0.3827309310436249, -0.9238522052764893, -0.00374322896823287, -0.0848388671875], [0.0, 0.0, 0.0, 1.0]]], "view": [[0.0, -2.0, 100.0], [-2.0, 0.0, 100.0], [0.0, 0.0, 1.0]], "bev": "bev_0733caf02ebc44e7adf20c704821ea6b.png", "aux": "aux_0733caf02ebc44e7adf20c704821ea6b.npz", "visibility": "visibility_0733caf02ebc44e7adf20c704821ea6b.png", "pose": [[-0.527316689491272, 0.8496688008308411, 0.0, 1966.1436767578125], [-0.8496688008308411, -0.527316689491272, 0.0, 1061.886474609375], [0.0, 0.0, 1.0, 0.0], [0.0, 0.0, 0.0, 1.0]], "pose_inverse": [[-0.527316689491272, -0.8496688008308411, 0.0, 1939.0322265625], [0.8496688008308411, -0.527316689491272, 0.0, -1110.6204833984375], [0.0, 0.0, 1.0, 0.0], [0.0, 0.0, 0.0, 1.0]], "cam_ids": [0, 1, 2, 3, 4, 5], "cam_channels": ["CAM_FRONT_LEFT", "CAM_FRONT", "CAM_FRONT_RIGHT", "CAM_BACK_LEFT", "CAM_BACK", "CAM_BACK_RIGHT"], "token": "0733caf02ebc44e7adf20c704821ea6b", "scene": "scene-0636"}, {"images": ["samples/CAM_FRONT_LEFT/n008-2018-09-18-14-35-12-0400__CAM_FRONT_LEFT__1537296119854799.jpg", "samples/CAM_FRONT/n008-2018-09-18-14-35-12-0400__CAM_FRONT__1537296119862404.jpg", "samples/CAM_FRONT_RIGHT/n008-2018-09-18-14-35-12-0400__CAM_FRONT_RIGHT__1537296119870482.jpg", "samples/CAM_BACK_LEFT/n008-2018-09-18-14-35-12-0400__CAM_BACK_LEFT__1537296119897405.jpg", "samples/CAM_BACK/n008-2018-09-18-14-35-12-0400__CAM_BACK__1537296119887558.jpg", "samples/CAM_BACK_RIGHT/n008-2018-09-18-14-35-12-0400__CAM_BACK_RIGHT__1537296119878113.jpg"], "intrinsics": [[[1257.8625342125129, 0.0, 827.2410631095686], [0.0, 1257.8625342125129, 450.915498205774], [0.0, 0.0, 1.0]], [[1252.8131021185304, 0.0, 826.588114781398], [0.0, 1252.8131021185304, 469.9846626224581], [0.0, 0.0, 1.0]], [[1256.7485116440405, 0.0, 817.7887570959712], [0.0, 1256.7485116440403, 451.9541780095127], [0.0, 0.0, 1.0]], [[1254.9860565800168, 0.0, 829.5769333630991], [0.0, 1254.9860565800168, 467.1680561863987], [0.0, 0.0, 1.0]], [[796.8910634503094, 0.0, 857.7774326863696], [0.0, 796.8910634503094, 476.8848988407415], [0.0, 0.0, 1.0]], [[1249.9629280788233, 0.0, 825.3768045375984], [0.0, 1249.9629280788233, 462.54816385708756], [0.0, 0.0, 1.0]]], "extrinsics": [[[0.8233866095542908, -0.5666643381118774, -0.03043162263929844, -0.821533203125], [-0.002408477710559964, 0.0501357726752758, -0.99873948097229, 1.4875297546386719], [0.5674757957458496, 0.8224220871925354, 0.039916325360536575, -1.2126617431640625], [0.0, 0.0, 0.0, 1.0]], [[0.01143734622746706, -0.9989288449287415, -0.04483581334352493, 0.011474609375], [-0.0011808343697339296, 0.04482521861791611, -0.9989941716194153, 1.4797706604003906], [0.9999338388442993, 0.011478809639811516, -0.0006668873829767108, -1.55224609375], [0.0, 0.0, 0.0, 1.0]], [[-0.8435768485069275, -0.5364853143692017, -0.023698214441537857, 0.9715576171875], [0.00599615927785635, 0.03471722453832626, -0.9993791580200195, 1.4938240051269531], [0.5369750261306763, -0.8431952595710754, -0.026069795712828636, -1.1982421875], [0.0, 0.0, 0.0, 1.0]], [[0.9477465152740479, 0.31894540786743164, -0.007099430076777935, -1.1324462890625], [-0.022568130865693092, 0.044830191880464554, -0.9987396597862244, 1.5617446899414062], [-0.3182251751422882, 0.9467122554779053, 0.04968566074967384, -0.1605224609375], [0.0, 0.0, 0.0, 1.0]], [[0.00903979130089283, 0.999199628829956, 0.03896654024720192, -0.0296630859375], [-0.01922435685992241, 0.039134588092565536, -0.9990490078926086, 1.566864013671875], [-0.9997742772102356, 0.008282102644443512, 0.01956273801624775, -0.0155029296875], [0.0, 0.0, 0.0, 1.0]], [[-0.923958420753479, 0.3819795846939087, 0.019809477031230927, 1.06201171875], [-0.013916761614382267, 0.018183622509241104, -0.9997377991676331, 1.5463027954101562], [-0.38223958015441895, -0.9239917993545532, -0.011484993621706963, -0.082061767578125], [0.0, 0.0, 0.0, 1.0]]], "view": [[0.0, -2.0, 100.0], [-2.0, 0.0, 100.0], [0.0, 0.0, 1.0]], "bev": "bev_03e4d13ede7346b6a0f2d602e739795d.png", "aux": "aux_03e4d13ede7346b6a0f2d602e739795d.npz", "visibility": "visibility_03e4d13ede7346b6a0f2d602e739795d.png", "pose": [[-0.5285518169403076, 0.8489010334014893, 0.0, 1964.8907470703125], [-0.8489010334014893, -0.5285518169403076, 0.0, 1059.930908203125], [0.0, 0.0, 1.0, 0.0], [0.0, 0.0, 0.0, 1.0]], "pose_inverse": [[-0.5285518169403076, -0.8489010334014893, 0.0, 1938.322998046875], [0.8489010334014893, -0.5285518169403076, 0.0, -1107.7694091796875], [0.0, 0.0, 1.0, 0.0], [0.0, 0.0, 0.0, 1.0]], "cam_ids": [0, 1, 2, 3, 4, 5], "cam_channels": ["CAM_FRONT_LEFT", "CAM_FRONT", "CAM_FRONT_RIGHT", "CAM_BACK_LEFT", "CAM_BACK", "CAM_BACK_RIGHT"], "token": "03e4d13ede7346b6a0f2d602e739795d", "scene": "scene-0636"}, {"images": ["samples/CAM_FRONT_LEFT/n008-2018-09-18-14-35-12-0400__CAM_FRONT_LEFT__1537296120404799.jpg", "samples/CAM_FRONT/n008-2018-09-18-14-35-12-0400__CAM_FRONT__1537296120412404.jpg", "samples/CAM_FRONT_RIGHT/n008-2018-09-18-14-35-12-0400__CAM_FRONT_RIGHT__1537296120420482.jpg", "samples/CAM_BACK_LEFT/n008-2018-09-18-14-35-12-0400__CAM_BACK_LEFT__1537296120447405.jpg", "samples/CAM_BACK/n008-2018-09-18-14-35-12-0400__CAM_BACK__1537296120437558.jpg", "samples/CAM_BACK_RIGHT/n008-2018-09-18-14-35-12-0400__CAM_BACK_RIGHT__1537296120428113.jpg"], "intrinsics": [[[1257.8625342125129, 0.0, 827.2410631095686], [0.0, 1257.8625342125129, 450.915498205774], [0.0, 0.0, 1.0]], [[1252.8131021185304, 0.0, 826.588114781398], [0.0, 1252.8131021185304, 469.9846626224581], [0.0, 0.0, 1.0]], [[1256.7485116440405, 0.0, 817.7887570959712], [0.0, 1256.7485116440403, 451.9541780095127], [0.0, 0.0, 1.0]], [[1254.9860565800168, 0.0, 829.5769333630991], [0.0, 1254.9860565800168, 467.1680561863987], [0.0, 0.0, 1.0]], [[796.8910634503094, 0.0, 857.7774326863696], [0.0, 796.8910634503094, 476.8848988407415], [0.0, 0.0, 1.0]], [[1249.9629280788233, 0.0, 825.3768045375984], [0.0, 1249.9629280788233, 462.54816385708756], [0.0, 0.0, 1.0]]], "extrinsics": [[[0.8223626613616943, -0.5684126019477844, -0.025040119886398315, -0.828857421875], [-0.0026289268862456083, 0.040213488042354584, -0.9991876482963562, 1.4876632690429688], [0.5689577460289001, 0.821760356426239, 0.031575754284858704, -1.2132720947265625], [0.0, 0.0, 0.0, 1.0]], [[0.010037380270659924, -0.9993149638175964, -0.03561977669596672, 0.008544921875], [-4.786684803548269e-05, 0.03562109172344208, -0.9993653297424316, 1.4801063537597656], [0.9999496340751648, 0.010032618418335915, 0.00030970750958658755, -1.5577392578125], [0.0, 0.0, 0.0, 1.0]], [[-0.8441247940063477, -0.5357171297073364, -0.02145746909081936, 0.9742431640625], [0.008641605265438557, 0.026421744376420975, -0.9996135234832764, 1.4942359924316406], [0.5360770225524902, -0.843984067440033, -0.01767379604279995, -1.202392578125], [0.0, 0.0, 0.0, 1.0]], [[0.9478813409805298, 0.3186228275299072, -0.0007827156223356724, -1.13134765625], [-0.014407292008399963, 0.040406424552202225, -0.9990794658660889, 1.561859130859375], [-0.3182978630065918, 0.9470199346542358, 0.042890988290309906, -0.1602783203125], [0.0, 0.0, 0.0, 1.0]], [[0.009348143823444843, 0.9994109869003296, 0.03302057087421417, -0.0286865234375], [-0.013112936168909073, 0.03314169496297836, -0.9993645548820496, 1.5672874450683594], [-0.999870240688324, 0.008909192867577076, 0.013415023684501648, -0.013916015625], [0.0, 0.0, 0.0, 1.0]], [[-0.9237037301063538, 0.38288018107414246, 0.013194182887673378, 1.066162109375], [-0.009765557013452053, 0.010897114872932434, -0.9998929500579834, 1.546804428100586], [-0.38298293948173523, -0.9237337112426758, -0.006326666567474604, -0.081939697265625], [0.0, 0.0, 0.0, 1.0]]], "view": [[0.0, -2.0, 100.0], [-2.0, 0.0, 100.0], [0.0, 0.0, 1.0]], "bev": "bev_a1165ef34d62441db1047c17865c5797.png", "aux": "aux_a1165ef34d62441db1047c17865c5797.npz", "visibility": "visibility_a1165ef34d62441db1047c17865c5797.png", "pose": [[-0.5243740677833557, 0.8514879941940308, 0.0, 1963.4737548828125], [-0.8514879941940308, -0.5243740677833557, 0.0, 1057.6951904296875], [0.0, 0.0, 1.0, 0.0], [0.0, 0.0, 0.0, 1.0]], "pose_inverse": [[-0.5243740677833557, -0.8514879941940308, 0.0, 1930.20947265625], [0.8514879941940308, -0.5243740677833557, 0.0, -1117.2464599609375], [0.0, 0.0, 1.0, 0.0], [0.0, 0.0, 0.0, 1.0]], "cam_ids": [0, 1, 2, 3, 4, 5], "cam_channels": ["CAM_FRONT_LEFT", "CAM_FRONT", "CAM_FRONT_RIGHT", "CAM_BACK_LEFT", "CAM_BACK", "CAM_BACK_RIGHT"], "token": "a1165ef34d62441db1047c17865c5797", "scene": "scene-0636"}, {"images": ["samples/CAM_FRONT_LEFT/n008-2018-09-18-14-35-12-0400__CAM_FRONT_LEFT__1537296120904799.jpg", "samples/CAM_FRONT/n008-2018-09-18-14-35-12-0400__CAM_FRONT__1537296120912404.jpg", "samples/CAM_FRONT_RIGHT/n008-2018-09-18-14-35-12-0400__CAM_FRONT_RIGHT__1537296120920482.jpg", "samples/CAM_BACK_LEFT/n008-2018-09-18-14-35-12-0400__CAM_BACK_LEFT__1537296120947405.jpg", "samples/CAM_BACK/n008-2018-09-18-14-35-12-0400__CAM_BACK__1537296120937558.jpg", "samples/CAM_BACK_RIGHT/n008-2018-09-18-14-35-12-0400__CAM_BACK_RIGHT__1537296120928113.jpg"], "intrinsics": [[[1257.8625342125129, 0.0, 827.2410631095686], [0.0, 1257.8625342125129, 450.915498205774], [0.0, 0.0, 1.0]], [[1252.8131021185304, 0.0, 826.588114781398], [0.0, 1252.8131021185304, 469.9846626224581], [0.0, 0.0, 1.0]], [[1256.7485116440405, 0.0, 817.7887570959712], [0.0, 1256.7485116440403, 451.9541780095127], [0.0, 0.0, 1.0]], [[1254.9860565800168, 0.0, 829.5769333630991], [0.0, 1254.9860565800168, 467.1680561863987], [0.0, 0.0, 1.0]], [[796.8910634503094, 0.0, 857.7774326863696], [0.0, 796.8910634503094, 476.8848988407415], [0.0, 0.0, 1.0]], [[1249.9629280788233, 0.0, 825.3768045375984], [0.0, 1249.9629280788233, 462.54816385708756], [0.0, 0.0, 1.0]]], "extrinsics": [[[0.8224050402641296, -0.5687832236289978, -0.011642340570688248, -0.84912109375], [0.003242939943447709, 0.025151243433356285, -0.999678373336792, 1.4887886047363281], [0.5688931941986084, 0.8221028447151184, 0.022529039531946182, -1.23065185546875], [0.0, 0.0, 0.0, 1.0]], [[0.010000286623835564, -0.9997348785400391, -0.020738502964377403, 0.010498046875], [0.005413216073065996, 0.020793361589312553, -0.9997691512107849, 1.4809284210205078], [0.9999352693557739, 0.009885614737868309, 0.0056197200901806355, -1.580322265625], [0.0, 0.0, 0.0, 1.0]], [[-0.844142496585846, -0.5358207821846008, -0.01788000389933586, 0.990234375], [0.013661174103617668, 0.011841841973364353, -0.9998365640640259, 1.49468994140625], [0.5359449982643127, -0.8442487716674805, -0.002676262054592371, -1.210693359375], [0.0, 0.0, 0.0, 1.0]], [[0.9479260444641113, 0.31848329305648804, -0.002139275660738349, -1.1361083984375], [-0.011204513721168041, 0.02663457952439785, -0.9995824694633484, 1.5619430541992188], [-0.31829333305358887, 0.9475541710853577, 0.028816062957048416, -0.1590576171875], [0.0, 0.0, 0.0, 1.0]], [[0.00945526547729969, 0.9997740983963013, 0.019032293930649757, -0.0294189453125], [-0.009194819256663322, 0.0191192664206028, -0.9997748732566833, 1.5675888061523438], [-0.9999130368232727, 0.00927818100899458, 0.0093735195696