[{"images": ["samples/CAM_FRONT_LEFT/n008-2018-08-30-15-52-26-0400__CAM_FRONT_LEFT__1535658867004799.jpg", "samples/CAM_FRONT/n008-2018-08-30-15-52-26-0400__CAM_FRONT__1535658867012404.jpg", "samples/CAM_FRONT_RIGHT/n008-2018-08-30-15-52-26-0400__CAM_FRONT_RIGHT__1535658867020482.jpg", "samples/CAM_BACK_LEFT/n008-2018-08-30-15-52-26-0400__CAM_BACK_LEFT__1535658867047405.jpg", "samples/CAM_BACK/n008-2018-08-30-15-52-26-0400__CAM_BACK__1535658867037558.jpg", "samples/CAM_BACK_RIGHT/n008-2018-08-30-15-52-26-0400__CAM_BACK_RIGHT__1535658867028113.jpg"], "intrinsics": [[[1257.8625342125129, 0.0, 827.2410631095686], [0.0, 1257.8625342125129, 450.915498205774], [0.0, 0.0, 1.0]], [[1252.8131021185304, 0.0, 826.588114781398], [0.0, 1252.8131021185304, 469.9846626224581], [0.0, 0.0, 1.0]], [[1256.7485116440405, 0.0, 817.7887570959712], [0.0, 1256.7485116440403, 451.9541780095127], [0.0, 0.0, 1.0]], [[1254.9860565800168, 0.0, 829.5769333630991], [0.0, 1254.9860565800168, 467.1680561863987], [0.0, 0.0, 1.0]], [[796.8910634503094, 0.0, 857.7774326863696], [0.0, 796.8910634503094, 476.8848988407415], [0.0, 0.0, 1.0]], [[1249.9629280788233, 0.0, 825.3768045375984], [0.0, 1249.9629280788233, 462.54816385708756], [0.0, 0.0, 1.0]]], "extrinsics": [[[0.8250755071640015, -0.5650219917297363, -0.0008068419410847127, -0.8154296875], [-0.00044602176058106124, 0.0007766805356368423, -0.9999995827674866, 1.4881917238235474], [0.565022349357605, 0.8250755667686462, 0.0003888066275976598, -1.2080078125], [0.0, 0.0, 0.0, 1.0]], [[0.013956370763480663, -0.9998972415924072, 0.0032844441011548042, 0.01123046875], [0.0016455106670036912, -0.003261792939156294, -0.9999933838844299, 1.4804859161376953], [0.999901294708252, 0.013961698859930038, 0.0015998190501704812, -1.5469970703125], [0.0, 0.0, 0.0, 1.0]], [[-0.8424521684646606, -0.5387678742408752, -0.0018843266880139709, 0.96856689453125], [0.009819322265684605, -0.011857064440846443, -0.9998814463615417, 1.4945430755615234], [0.5386817455291748, -0.8423708081245422, 0.015279345214366913, -1.1964111328125], [0.0, 0.0, 0.0, 1.0]], [[0.9477463960647583, 0.3187467157840729, -0.01331797894090414, -1.1348876953125], [-0.015246819704771042, 0.0035569616593420506, -0.9998774528503418, 1.5618972778320312], [-0.31866031885147095, 0.9478332996368408, 0.008230973035097122, -0.1593017578125], [0.0, 0.0, 0.0, 1.0]], [[0.007942979224026203, 0.9999596476554871, -0.0041833496652543545, -0.02960205078125], [-0.013239279389381409, -0.004077953286468983, -0.9999039769172668, 1.5672731399536133], [-0.9998809099197388, 0.007997604086995125, 0.013206355273723602, -0.0155029296875], [0.0, 0.0, 0.0, 1.0]], [[-0.9245997667312622, 0.3809357285499573, -0.0018099050503224134, 1.0601806640625], [-0.009123020805418491, -0.026892509311437607, -0.9995967149734497, 1.5468857288360596], [-0.3808307349681854, -0.9242104291915894, 0.028340091928839684, -0.08285713195800781], [0.0, 0.0, 0.0, 1.0]]], "view": [[0.0, -2.0, 100.0], [-2.0, 0.0, 100.0], [0.0, 0.0, 1.0]], "bev": "bev_e950fe8ede1544cbb429ac38983a8602.png", "aux": "aux_e950fe8ede1544cbb429ac38983a8602.npz", "visibility": "visibility_e950fe8ede1544cbb429ac38983a8602.png", "pose": [[-0.5821648240089417, 0.8130708336830139, 0.0, 1298.1590576171875], [-0.8130708336830139, -0.5821648240089417, 0.0, 796.681640625], [0.0, 0.0, 1.0, 0.0], [0.0, 0.0, 0.0, 1.0]], "pose_inverse": [[-0.5821648240089417, -0.8130708336830139, 0.0, 1403.5010986328125], [0.8130708336830139, -0.5821648240089417, 0.0, -591.6952514648438], [0.0, 0.0, 1.0, 0.0], [0.0, 0.0, 0.0, 1.0]], "cam_ids": [0, 1, 2, 3, 4, 5], "cam_channels": ["CAM_FRONT_LEFT", "CAM_FRONT", "CAM_FRONT_RIGHT", "CAM_BACK_LEFT", "CAM_BACK", "CAM_BACK_RIGHT"], "token": "e950fe8ede1544cbb429ac38983a8602", "scene": "scene-0526"}, {"images": ["samples/CAM_FRONT_LEFT/n008-2018-08-30-15-52-26-0400__CAM_FRONT_LEFT__1535658867504799.jpg", "samples/CAM_FRONT/n008-2018-08-30-15-52-26-0400__CAM_FRONT__1535658867512416.jpg", "samples/CAM_FRONT_RIGHT/n008-2018-08-30-15-52-26-0400__CAM_FRONT_RIGHT__1535658867520482.jpg", "samples/CAM_BACK_LEFT/n008-2018-08-30-15-52-26-0400__CAM_BACK_LEFT__1535658867547405.jpg", "samples/CAM_BACK/n008-2018-08-30-15-52-26-0400__CAM_BACK__1535658867537558.jpg", "samples/CAM_BACK_RIGHT/n008-2018-08-30-15-52-26-0400__CAM_BACK_RIGHT__1535658867528113.jpg"], "intrinsics": [[[1257.8625342125129, 0.0, 827.2410631095686], [0.0, 1257.8625342125129, 450.915498205774], [0.0, 0.0, 1.0]], [[1252.8131021185304, 0.0, 826.588114781398], [0.0, 1252.8131021185304, 469.9846626224581], [0.0, 0.0, 1.0]], [[1256.7485116440405, 0.0, 817.7887570959712], [0.0, 1256.7485116440403, 451.9541780095127], [0.0, 0.0, 1.0]], [[1254.9860565800168, 0.0, 829.5769333630991], [0.0, 1254.9860565800168, 467.1680561863987], [0.0, 0.0, 1.0]], [[796.8910634503094, 0.0, 857.7774326863696], [0.0, 796.8910634503094, 476.8848988407415], [0.0, 0.0, 1.0]], [[1249.9629280788233, 0.0, 825.3768045375984], [0.0, 1249.9629280788233, 462.54816385708756], [0.0, 0.0, 1.0]]], "extrinsics": [[[0.8249260783195496, -0.5652133822441101, 0.005548208020627499, -0.8046875], [0.007537717465311289, 0.0011854181066155434, -0.9999709129333496, 1.4901256561279297], [0.5651903748512268, 0.8249439597129822, 0.005238300655037165, -1.19586181640625], [0.0, 0.0, 0.0, 1.0]], [[0.01362553145736456, -0.9999024868011475, 0.003050269093364477, 0.00738525390625], [0.009592396207153797, -0.002919699065387249, -0.9999497532844543, 1.482111930847168], [0.9998611211776733, 0.013654121197760105, 0.009551677852869034, -1.531494140625], [0.0, 0.0, 0.0, 1.0]], [[-0.842562735080719, -0.5385279655456543, -0.008696414530277252, 0.955810546875], [0.017724506556987762, -0.011586297303438187, -0.999775767326355, 1.4958877563476562], [0.5383065342903137, -0.8425280451774597, 0.019307326525449753, -1.1927490234375], [0.0, 0.0, 0.0, 1.0]], [[0.9478541612625122, 0.31865257024765015, -0.005756713449954987, -1.1326904296875], [-0.007281067315489054, 0.003592831315472722, -0.9999670386314392, 1.5619659423828125], [-0.3186213970184326, 0.9478647112846375, 0.0057256100699305534, -0.15850830078125], [0.0, 0.0, 0.0, 1.0]], [[0.008133312687277794, 0.999958872795105, -0.004018155392259359, -0.027313232421875], [-0.005286562722176313, -0.003975233528763056, -0.9999781250953674, 1.5677084922790527], [-0.9999529719352722, 0.008154300041496754, 0.005254012998193502, -0.0216064453125], [0.0, 0.0, 0.0, 1.0]], [[-0.9244703054428101, 0.3811459243297577, -0.009072299115359783, 1.05224609375], [-0.001194148906506598, -0.02669060416519642, -0.9996430277824402, 1.5476417541503906], [-0.3812520205974579, -0.9241294860839844, 0.02512981928884983, -0.08959197998046875], [0.0, 0.0, 0.0, 1.0]]], "view": [[0.0, -2.0, 100.0], [-2.0, 0.0, 100.0], [0.0, 0.0, 1.0]], "bev": "bev_a7150ad6874b45f4b43f258611fcbe85.png", "aux": "aux_a7150ad6874b45f4b43f258611fcbe85.npz", "visibility": "visibility_a7150ad6874b45f4b43f258611fcbe85.png", "pose": [[-0.6227867603302002, 0.7823916077613831, 0.0, 1296.5567626953125], [-0.7823916077613831, -0.6227867603302002, 0.0, 794.6171875], [0.0, 0.0, 1.0, 0.0], [0.0, 0.0, 0.0, 1.0]], "pose_inverse": [[-0.6227867603302002, -0.7823916077613831, 0.0, 1429.18017578125], [0.7823916077613831, -0.6227867603302002, 0.0, -519.5380249023438], [0.0, 0.0, 1.0, 0.0], [0.0, 0.0, 0.0, 1.0]], "cam_ids": [0, 1, 2, 3, 4, 5], "cam_channels": ["CAM_FRONT_LEFT", "CAM_FRONT", "CAM_FRONT_RIGHT", "CAM_BACK_LEFT", "CAM_BACK", "CAM_BACK_RIGHT"], "token": "a7150ad6874b45f4b43f258611fcbe85", "scene": "scene-0526"}, {"images": ["samples/CAM_FRONT_LEFT/n008-2018-08-30-15-52-26-0400__CAM_FRONT_LEFT__1535658868004799.jpg", "samples/CAM_FRONT/n008-2018-08-30-15-52-26-0400__CAM_FRONT__1535658868012404.jpg", "samples/CAM_FRONT_RIGHT/n008-2018-08-30-15-52-26-0400__CAM_FRONT_RIGHT__1535658868020482.jpg", "samples/CAM_BACK_LEFT/n008-2018-08-30-15-52-26-0400__CAM_BACK_LEFT__1535658868047405.jpg", "samples/CAM_BACK/n008-2018-08-30-15-52-26-0400__CAM_BACK__1535658868037558.jpg", "samples/CAM_BACK_RIGHT/n008-2018-08-30-15-52-26-0400__CAM_BACK_RIGHT__1535658868028113.jpg"], "intrinsics": [[[1257.8625342125129, 0.0, 827.2410631095686], [0.0, 1257.8625342125129, 450.915498205774], [0.0, 0.0, 1.0]], [[1252.8131021185304, 0.0, 826.588114781398], [0.0, 1252.8131021185304, 469.9846626224581], [0.0, 0.0, 1.0]], [[1256.7485116440405, 0.0, 817.7887570959712], [0.0, 1256.7485116440403, 451.9541780095127], [0.0, 0.0, 1.0]], [[1254.9860565800168, 0.0, 829.5769333630991], [0.0, 1254.9860565800168, 467.1680561863987], [0.0, 0.0, 1.0]], [[796.8910634503094, 0.0, 857.7774326863696], [0.0, 796.8910634503094, 476.8848988407415], [0.0, 0.0, 1.0]], [[1249.9629280788233, 0.0, 825.3768045375984], [0.0, 1249.9629280788233, 462.54816385708756], [0.0, 0.0, 1.0]]], "extrinsics": [[[0.824062705039978, -0.5664527416229248, 0.00721790362149477, -0.784423828125], [0.01058216392993927, 0.00265316478908062, -0.9999404549598694, 1.491124153137207], [0.5663999319076538, 0.8240900635719299, 0.008180667646229267, -1.1820068359375], [0.0, 0.0, 0.0, 1.0]], [[0.012532115913927555, -0.999920129776001, 0.0016203193226829171, 0.008514404296875], [0.012547830119729042, -0.001463056541979313, -0.9999202489852905, 1.4829540252685547], [0.9998427033424377, 0.012551438063383102, 0.012528493069112301, -1.5125732421875], [0.0, 0.0, 0.0, 1.0]], [[-0.8429547548294067, -0.5378528833389282, -0.011897989548742771, 0.9443359375], [0.02058453857898712, -0.010145856067538261, -0.9997366070747375, 1.4966468811035156], [0.537590503692627, -0.8429777026176453, 0.019623950123786926, -1.18408203125], [0.0, 0.0, 0.0, 1.0]], [[0.9478316903114319, 0.3187567889690399, -0.0030323327518999577, -1.131591796875], [-0.00486849807202816, 0.004963836167007685, -0.9999758005142212, 1.5619792938232422], [-0.3187341094017029, 0.9478235244750977, 0.006256748456507921, -0.16015625], [0.0, 0.0, 0.0, 1.0]], [[0.008371387608349323, 0.9999616742134094, -0.0025708351749926805, -0.02850341796875], [-0.0027628049720078707, -0.0025477849412709475, -0.9999929070472717, 1.5678621530532837], [-0.9999611973762512, 0.008378462865948677, 0.002741370815783739, -0.027587890625], [0.0, 0.0, 0.0, 1.0]], [[-0.9242383241653442, 0.3816562294960022, -0.01104575302451849, 1.042236328125], [0.0015207650139927864, -0.02524961158633232, -0.9996799826622009, 1.548008918762207], [-0.3818129301071167, -0.9239594340324402, 0.022756250575184822, -0.09256744384765625], [0.0, 0.0, 0.0, 1.0]]], "view": [[0.0, -2.0, 100.0], [-2.0, 0.0, 100.0], [0.0, 0.0, 1.0]], "bev": "bev_de87c7dc1d32422fa8f6dae3c0f95754.png", "aux": "aux_de87c7dc1d32422fa8f6dae3c0f95754.npz", "visibility": "visibility_de87c7dc1d32422fa8f6dae3c0f95754.png", "pose": [[-0.6535539627075195, 0.7568799257278442, 0.0, 1294.687255859375], [-0.7568799257278442, -0.6535539627075195, 0.0, 792.3926391601562], [0.0, 0.0, 1.0, 0.0], [0.0, 0.0, 0.0, 1.0]], "pose_inverse": [[-0.6535539627075195, -0.7568799257278442, 0.0, 1445.89404296875], [0.7568799257278442, -0.6535539627075195, 0.0, -462.05145263671875], [0.0, 0.0, 1.0, 0.0], [0.0, 0.0, 0.0, 1.0]], "cam_ids": [0, 1, 2, 3, 4, 5], "cam_channels": ["CAM_FRONT_LEFT", "CAM_FRONT", "CAM_FRONT_RIGHT", "CAM_BACK_LEFT", "CAM_BACK", "CAM_BACK_RIGHT"], "token": "de87c7dc1d32422fa8f6dae3c0f95754", "scene": "scene-0526"}, {"images": ["samples/CAM_FRONT_LEFT/n008-2018-08-30-15-52-26-0400__CAM_FRONT_LEFT__1535658868504799.jpg", "samples/CAM_FRONT/n008-2018-08-30-15-52-26-0400__CAM_FRONT__1535658868512404.jpg", "samples/CAM_FRONT_RIGHT/n008-2018-08-30-15-52-26-0400__CAM_FRONT_RIGHT__1535658868520504.jpg", "samples/CAM_BACK_LEFT/n008-2018-08-30-15-52-26-0400__CAM_BACK_LEFT__1535658868547405.jpg", "samples/CAM_BACK/n008-2018-08-30-15-52-26-0400__CAM_BACK__1535658868537558.jpg", "samples/CAM_BACK_RIGHT/n008-2018-08-30-15-52-26-0400__CAM_BACK_RIGHT__1535658868528113.jpg"], "intrinsics": [[[1257.8625342125129, 0.0, 827.2410631095686], [0.0, 1257.8625342125129, 450.915498205774], [0.0, 0.0, 1.0]], [[1252.8131021185304, 0.0, 826.588114781398], [0.0, 1252.8131021185304, 469.9846626224581], [0.0, 0.0, 1.0]], [[1256.7485116440405, 0.0, 817.7887570959712], [0.0, 1256.7485116440403, 451.9541780095127], [0.0, 0.0, 1.0]], [[1254.9860565800168, 0.0, 829.5769333630991], [0.0, 1254.9860565800168, 467.1680561863987], [0.0, 0.0, 1.0]], [[796.8910634503094, 0.0, 857.7774326863696], [0.0, 796.8910634503094, 476.8848988407415], [0.0, 0.0, 1.0]], [[1249.9629280788233, 0.0, 825.3768045375984], [0.0, 1249.9629280788233, 462.54816385708756], [0.0, 0.0, 1.0]]], "extrinsics": [[[0.8230615258216858, -0.5679196119308472, 0.0060796234756708145, -0.760986328125], [0.01086864247918129, 0.005047149956226349, -0.9999281764030457, 1.4915313720703125], [0.5678482055664062, 0.8230685591697693, 0.010326629504561424, -1.163482666015625], [0.0, 0.0, 0.0, 1.0]], [[0.011031672358512878, -0.9999387860298157, -0.0008818896603770554, 0.006927490234375], [0.01287537720054388, 0.0010239158291369677, -0.9999166131019592, 1.4833431243896484], [0.999856173992157, 0.011019405908882618, 0.012885884381830692, -1.488037109375], [0.0, 0.0, 0.0, 1.0]], [[-0.843602180480957, -0.5367959141731262, -0.0136178033426404, 0.927490234375], [0.02095293626189232, -0.007566225714981556, -0.9997518062591553, 1.497100830078125], [0.5365596413612366, -0.8436781167984009, 0.017630336806178093, -1.1751708984375], [0.0, 0.0, 0.0, 1.0]], [[0.9479743242263794, 0.3183431029319763, -0.0015304434346035123, -1.13134765625], [-0.004290411714464426, 0.007968820631504059, -0.9999589920043945, 1.561995506286621], [-0.31831786036491394, 0.9479420185089111, 0.008920061402022839, -0.1591796875], [0.0, 0.0, 0.0, 1.0]], [[0.009015107527375221, 0.9999593496322632, 0.0002832980826497078, -0.027374267578125], [-0.0021817563101649284, 0.0003029789077118039, -0.9999975562095642, 1.5678883790969849], [-0.9999569058418274, 0.009014439769089222, 0.0021843989379704, -0.0345458984375], [0.0, 0.0, 0.0, 1.0]], [[-0.9238739609718323, 0.382555216550827, -0.010414776392281055, 1.0301513671875], [0.001933707157149911, -0.02254735678434372, -0.9997439384460449, 1.5480632781982422], [-0.38269197940826416, -0.9236574769020081, 0.020091166719794273, -0.098968505859375], [0.0, 0.0, 0.0, 1.0]]], "view": [[0.0, -2.0, 100.0], [-2.0, 0.0, 100.0], [0.0, 0.0, 1.0]], "bev": "bev_4d8a64c09d5341299562b3e3202fca90.png", "aux": "aux_4d8a64c09d5341299562b3e3202fca90.npz", "visibility": "visibility_4d8a64c09d5341299562b3e3202fca90.png", "pose": [[-0.6718610525131226, 0.7406771779060364, 0.0, 1292.563720703125], [-0.7406771779060364, -0.6718610525131226, 0.0, 790.0053100585938], [0.0, 0.0, 1.0, 0.0], [0.0, 0.0, 0.0, 1.0]], "pose_inverse": [[-0.6718610525131226, -0.7406771779060364, 0.0, 1453.5621337890625], [0.7406771779060364, -0.6718610525131226, 0.0, -426.5986633300781], [0.0, 0.0, 1.0, 0.0], [0.0, 0.0, 0.0, 1.0]], "cam_ids": [0, 1, 2, 3, 4, 5], "cam_channels": ["CAM_FRONT_LEFT", "CAM_FRONT", "CAM_FRONT_RIGHT", "CAM_BACK_LEFT", "CAM_BACK", "CAM_BACK_RIGHT"], "token": "4d8a64c09d5341299562b3e3202fca90", "scene": "scene-0526"}, {"images": ["samples/CAM_FRONT_LEFT/n008-2018-08-30-15-52-26-0400__CAM_FRONT_LEFT__1535658869004799.jpg", "samples/CAM_FRONT/n008-2018-08-30-15-52-26-0400__CAM_FRONT__1535658869012404.jpg", "samples/CAM_FRONT_RIGHT/n008-2018-08-30-15-52-26-0400__CAM_FRONT_RIGHT__1535658869020512.jpg", "samples/CAM_BACK_LEFT/n008-2018-08-30-15-52-26-0400__CAM_BACK_LEFT__1535658869047405.jpg", "samples/CAM_BACK/n008-2018-08-30-15-52-26-0400__CAM_BACK__1535658869037558.jpg", "samples/CAM_BACK_RIGHT/n008-2018-08-30-15-52-26-0400__CAM_BACK_RIGHT__1535658869028113.jpg"], "intrinsics": [[[1257.8625342125129, 0.0, 827.2410631095686], [0.0, 1257.8625342125129, 450.915498205774], [0.0, 0.0, 1.0]], [[1252.8131021185304, 0.0, 826.588114781398], [0.0, 1252.8131021185304, 469.9846626224581], [0.0, 0.0, 1.0]], [[1256.7485116440405, 0.0, 817.7887570959712], [0.0, 1256.7485116440403, 451.9541780095127], [0.0, 0.0, 1.0]], [[1254.9860565800168, 0.0, 829.5769333630991], [0.0, 1254.9860565800168, 467.1680561863987], [0.0, 0.0, 1.0]], [[796.8910634503094, 0.0, 857.7774326863696], [0.0, 796.8910634503094, 476.8848988407415], [0.0, 0.0, 1.0]], [[1249.9629280788233, 0.0, 825.3768045375984], [0.0, 1249.9629280788233, 462.54816385708756], [0.0, 0.0, 1.0]]], "extrinsics": [[[0.8235637545585632, -0.567205548286438, 0.004557737149298191, -0.7342529296875], [0.010604379698634148, 0.007362456992268562, -0.999916672706604, 1.4917535781860352], [0.5671247243881226, 0.8235434293746948, 0.012078315019607544, -1.149322509765625], [0.0, 0.0, 0.0, 1.0]], [[0.011869343928992748, -0.9999246597290039, -0.0031267402227967978, 0.010223388671875], [0.012406254187226295, 0.003273983020335436, -0.9999176859855652, 1.4835338592529297], [0.9998525381088257, 0.011829576455056667, 0.012444179505109787, -1.462646484375], [0.0, 0.0, 0.0, 1.0]], [[-0.8432435393333435, -0.5373440980911255, -0.014201130717992783, 0.9117431640625], [0.020267922431230545, -0.005383487790822983, -0.9997800588607788, 1.497396469116211], [0.5371494889259338, -0.8433458805084229, 0.015430440194904804, -1.161865234375], [0.0, 0.0, 0.0, 1.0]], [[0.9478695392608643, 0.3186533749103546, -0.0018264849204570055, -1.12646484375], [-0.005247907247394323, 0.009878948330879211, -0.9999374151229858, 1.561945915222168], [-0.3186154365539551, 0.9478197693824768, 0.011036217212677002, -0.16192626953125], [0.0, 0.0, 0.0, 1.0]], [[0.008665439672768116, 0.9999598264694214, 0.0022824620828032494, -0.02862548828125], [-0.003086978103965521, 0.002309288363903761, -0.9999925494194031, 1.5677833557128906], [-0.9999576807022095, 0.008658400736749172, 0.003106865333393216, -0.0452880859375], [0.0, 0.0, 0.0, 1.0]], [[-0.9240756630897522, 0.38210529088974, -0.008927681483328342, 1.0142822265625], [0.001203248742967844, -0.020449642091989517, -0.9997901320457458, 1.548025131225586], [-0.38220760226249695, -0.9238924980163574, 0.018437249585986137, -0.1030731201171875], [0.0, 0.0, 0.0, 1.0]]], "view": [[0.0, -2.0, 100.0], [-2.0, 0.0, 100.0], [0.0, 0.0, 1.0]], "bev": "bev_46b0d90608bf4133a880aefc17ae8f82.png", "aux": "aux_46b0d90608bf4133a880aefc17ae8f82.npz", "visibility": "visibility_46b0d90608bf4133a880aefc17ae8f82.png", "pose": [[-0.6832704544067383, 0.7301653623580933, 0.0, 1290.11865234375], [-0.7301653623580933, -0.6832704544067383, 0.0, 787.3779296875], [0.0, 0.0, 1.0, 0.0], [0.0, 0.0, 0.0, 1.0]], "pose_inverse": [[-0.6832704544067383, -0.7301653623580933, 0.0, 1456.416015625], [0.7301653623580933, -0.6832704544067383, 0.0, -404.00787353515625], [0.0, 0.0, 1.0, 0.0], [0.0, 0.0, 0.0, 1.0]], "cam_ids": [0, 1, 2, 3, 4, 5], "cam_channels": ["CAM_FRONT_LEFT", "CAM_FRONT", "CAM_FRONT_RIGHT", "CAM_BACK_LEFT", "CAM_BACK", "CAM_BACK_RIGHT"], "token": "46b0d90608bf4133a880aefc17ae8f82", "scene": "scene-0526"}, {"images": ["samples/CAM_FRONT_LEFT/n008-2018-08-30-15-52-26-0400__CAM_FRONT_LEFT__1535658869504799.jpg", "samples/CAM_FRONT/n008-2018-08-30-15-52-26-0400__CAM_FRONT__1535658869512404.jpg", "samples/CAM_FRONT_RIGHT/n008-2018-08-30-15-52-26-0400__CAM_FRONT_RIGHT__1535658869520498.jpg", "samples/CAM_BACK_LEFT/n008-2018-08-30-15-52-26-0400__CAM_BACK_LEFT__1535658869547405.jpg", "samples/CAM_BACK/n008-2018-08-30-15-52-26-0400__CAM_BACK__1535658869537558.jpg", "samples/CAM_BACK_RIGHT/n008-2018-08-30-15-52-26-0400__CAM_BACK_RIGHT__1535658869528113.jpg"], "intrinsics": [[[1257.8625342125129, 0.0, 827.2410631095686], [0.0, 1257.8625342125129, 450.915498205774], [0.0, 0.0, 1.0]], [[1252.8131021185304, 0.0, 826.588114781398], [0.0, 1252.8131021185304, 469.9846626224581], [0.0, 0.0, 1.0]], [[1256.7485116440405, 0.0, 817.7887570959712], [0.0, 1256.7485116440403, 451.9541780095127], [0.0, 0.0, 1.0]], [[1254.9860565800168, 0.0, 829.5769333630991], [0.0, 1254.9860565800168, 467.1680561863987], [0.0, 0.0, 1.0]], [[796.8910634503094, 0.0, 857.7774326863696], [0.0, 796.8910634503094, 476.8848988407415], [0.0, 0.0, 1.0]], [[1249.9629280788233, 0.0, 825.3768045375984], [0.0, 1249.9629280788233, 462.54816385708756], [0.0, 0.0, 1.0]]], "extrinsics": [[[0.822975218296051, -0.5680528283119202, -0.005274341907352209, -0.7279052734375], [0.00049848627531901, 0.010006674565374851, -0.9999498128890991, 1.4884614944458008], [0.5680770874023438, 0.8229312896728516, 0.00851841177791357, -1.14227294921875], [0.0, 0.0, 0.0, 1.0]], [[0.010996542870998383, -0.9999223947525024, -0.005867659579962492, 0.008514404296875], [0.002386680571362376, 0.0058942437171936035, -0.9999797940254211, 1.4808309078216553], [0.9999366402626038, 0.010982331819832325, 0.0024513115640729666, -1.45556640625], [0.0, 0.0, 0.0, 1.0]], [[-0.8437029123306274, -0.5367618203163147, -0.007226618472486734, 0.90625], [0.010340825654566288, -0.0027915164828300476, -0.9999426007270813, 1.4953346252441406], [0.5367109179496765, -0.8437291979789734, 0.007905770093202591, -1.1602783203125], [0.0, 0.0, 0.0, 1.0]], [[0.947834849357605, 0.3185890316963196, -0.010498193092644215, -1.126708984375], [-0.015305355191230774, 0.012589309364557266, -0.9998036026954651, 1.561767578125], [-0.31839442253112793, 0.9478093385696411, 0.016808707267045975, -0.161865234375], [0.0, 0.0, 0.0, 1.0]], [[0.009005820378661156, 0.9999478459358215, 0.004834396298974752, -0.027984619140625], [-0.01309952698647976, 0.004952153190970421, -0.9999018907546997, 1.5668659210205078], [-0.999873697757721, 0.008941573090851307, 0.013143440708518028, -0.0469970703125], [0.0, 0.0, 0.0, 1.0]], [[-0.9239216446876526, 0.38257941603660583, 0.0013298182748258114, 1.01123046875], [-0.008826930075883865, -0.01784161664545536, -0.9998018145561218, 1.5463862419128418], [-0.3824799060821533, -0.9237502813339233, 0.01986125484108925, -0.10552978515625], [0.0, 0.0, 0.0, 1.0]]], "view": [[0.0, -2.0, 100.0], [-2.0, 0.0, 100.0], [0.0, 0.0, 1.0]], "bev": "bev_6cbbc102700d42f297352aa9b2e90e8d.png", "aux": "aux_6cbbc102700d42f297352aa9b2e90e8d.npz", "visibility": "visibility_6cbbc102700d42f297352aa9b2e90e8d.png", "pose": [[-0.6889299750328064, 0.7248279452323914, 0.0, 1287.5745849609375], [-0.7248279452323914, -0.6889299750328064, 0.0, 784.7144165039062], [0.0, 0.0, 1.0, 0.0], [0.0, 0.0, 0.0, 1.0]], "pose_inverse": [[-0.6889299750328064, -0.7248279452323914, 0.0, 1455.8316650390625], [0.7248279452323914, -0.6889299750328064, 0.0, -392.65673828125], [0.0, 0.0, 1.0, 0.0], [0.0, 0.0, 0.0, 1.0]], "cam_ids": [0, 1, 2, 3, 4, 5], "cam_channels": ["CAM_FRONT_LEFT", "CAM_FRONT", "CAM_FRONT_RIGHT", "CAM_BACK_LEFT", "CAM_BACK", "CAM_BACK_RIGHT"], "token": "6cbbc102700d42f297352aa9b2e90e8d", "scene": "scene-0526"}, {"images": ["samples/CAM_FRONT_LEFT/n008-2018-08-30-15-52-26-0400__CAM_FRONT_LEFT__1535658870004799.jpg", "samples/CAM_FRONT/n008-2018-08-30-15-52-26-0400__CAM_FRONT__1535658870012404.jpg", "samples/CAM_FRONT_RIGHT/n008-2018-08-30-15-52-26-0400__CAM_FRONT_RIGHT__1535658870020482.jpg", "samples/CAM_BACK_LEFT/n008-2018-08-30-15-52-26-0400__CAM_BACK_LEFT__1535658870047405.jpg", "samples/CAM_BACK/n008-2018-08-30-15-52-26-0400__CAM_BACK__1535658870037558.jpg", "samples/CAM_BACK_RIGHT/n008-2018-08-30-15-52-26-0400__CAM_BACK_RIGHT__1535658870028113.jpg"], "intrinsics": [[[1257.8625342125129, 0.0, 827.2410631095686], [0.0, 1257.8625342125129, 450.915498205774], [0.0, 0.0, 1.0]], [[1252.8131021185304, 0.0, 826.588114781398], [0.0, 1252.8131021185304, 469.9846626224581], [0.0, 0.0, 1.0]], [[1256.7485116440405, 0.0, 817.7887570959712], [0.0, 1256.7485116440403, 451.9541780095127], [0.0, 0.0, 1.0]], [[1254.9860565800168, 0.0, 829.5769333630991], [0.0, 1254.9860565800168, 467.1680561863987], [0.0, 0.0, 1.0]], [[796.8910634503094, 0.0, 857.7774326863696], [0.0, 796.8910634503094, 476.8848988407415], [0.0, 0.0, 1.0]], [[1249.9629280788233, 0.0, 825.3768045375984], [0.0, 1249.9629280788233, 462.54816385708756], [0.0, 0.0, 1.0]]], "extrinsics": [[[0.8222895264625549, -0.5690524578094482, -0.00439024344086647, -0.7459716796875], [0.002451576991006732, 0.011257064528763294, -0.999933660030365, 1.4890637397766113], [0.5690640211105347, 0.8222242593765259, 0.01065164152532816, -1.154510498046875], [0.0, 0.0, 0.0, 1.0]], [[0.009881976060569286, -0.9999260902404785, -0.007083408534526825, 0.007965087890625], [0.0042328620329499245, 0.007125521544367075, -0.9999656677246094, 1.481269359588623], [0.9999422430992126, 0.009851692244410515, 0.004302963148802519, -1.4739990234375], [0.0, 0.0, 0.0, 1.0]], [[-0.8441700339317322, -0.5359942317008972, -0.00934047345072031, 0.91851806640625], [0.012070265598595142, -0.0015850451309233904, -0.9999259114265442, 1.4955329895019531], [0.5359397530555725, -0.8442202210426331, 0.0078076389618217945, -1.1683349609375], [0.0, 0.0, 0.0, 1.0]], [[0.94785475730896, 0.31857845187187195, -0.008898168802261353, -1.1290283203125], [-0.014006318524479866, 0.013747002929449081, -0.9998074173927307, 1.5618228912353516], [-0.31839489936828613, 0.9477968215942383, 0.017492273822426796, -0.16107177734375], [0.0, 0.0, 0.0, 1.0]], [[0.009342731907963753, 0.9999382495880127, 0.006020404864102602, -0.028045654296875], [-0.011687703430652618, 0.006129453424364328, -0.9999128580093384, 1.5670757293701172], [-0.9998881220817566, 0.009271522983908653, 0.011744247749447823, -0.0400390625], [0.0, 0.0, 0.0, 1.0]], [[-0.9236739277839661, 0.383179247379303, 0.0002525807940401137, 1.021484375], [-0.0071792444214224815, -0.016646886244416237, -0.9998356103897095, 1.54673171043396], [-0.3831121027469635, -0.923524022102356, 0.018127230927348137, -0.101318359375], [0.0, 0.0, 0.0, 1.0]]], "view": [[0.0, -2.0, 100.0], [-2.0, 0.0, 100.0], [0.0, 0.0, 1.0]], "bev": "bev_618bca751ace4be59511fdd04f841344.png", "aux": "aux_618bca751ace4be59511fdd04f841344.npz", "visibility": "visibility_618bca751ace4be59511fdd04f841344.png", "pose": [[-0.6893612742424011, 0.7244177460670471, 0.0, 1285.0491943359375], [-0.7244177460670471, -0.6893612742424011, 0.0, 782.0610961914062], [0.0, 0.0, 1.0, 0.0], [0.0, 0.0, 0.0, 1.0]], "pose_inverse": [[-0.6893612742424011, -0.7244177460670471, 0.0, 1452.402099609375], [0.7244177460670471, -0.6893612742424011, 0.0, -391.789794921875], [0.0, 0.0, 1.0, 0.0], [0.0, 0.0, 0.0, 1.0]], "cam_ids": [0, 1, 2, 3, 4, 5], "cam_channels": ["CAM_FRONT_LEFT", "CAM_FRONT", "CAM_FRONT_RIGHT", "CAM_BACK_LEFT", "CAM_BACK", "CAM_BACK_RIGHT"], "token": "618bca751ace4be59511fdd04f841344", "scene": "scene-0526"}, {"images": ["samples/CAM_FRONT_LEFT/n008-2018-08-30-15-52-26-0400__CAM_FRONT_LEFT__1535658870504799.jpg", "samples/CAM_FRONT/n008-2018-08-30-15-52-26-0400__CAM_FRONT__1535658870512404.jpg", "samples/CAM_FRONT_RIGHT/n008-2018-08-30-15-52-26-0400__CAM_FRONT_RIGHT__1535658870520482.jpg", "samples/CAM_BACK_LEFT/n008-2018-08-30-15-52-26-0400__CAM_BACK_LEFT__1535658870547405.jpg", "samples/CAM_BACK/n008-2018-08-30-15-52-26-0400__CAM_BACK__1535658870537558.jpg", "samples/CAM_BACK_RIGHT/n008-2018-08-30-15-52-26-0400__CAM_BACK_RIGHT__1535658870528113.jpg"], "intrinsics": [[[1257.8625342125129, 0.0, 827.2410631095686], [0.0, 1257.8625342125129, 450.915498205774], [0.0, 0.0, 1.0]], [[1252.8131021185304, 0.0, 826.588114781398], [0.0, 1252.8131021185304, 469.9846626224581], [0.0, 0.0, 1.0]], [[1256.7485116440405, 0.0, 817.7887570959712], [0.0, 1256.7485116440403, 451.9541780095127], [0.0, 0.0, 1.0]], [[1254.9860565800168, 0.0, 829.5769333630991], [0.0, 1254.9860565800168, 467.1680561863987], [0.0, 0.0, 1.0]], [[796.8910634503094, 0.0, 857.7774326863696], [0.0, 796.8910634503094, 476.8848988407415], [0.0, 0.0, 1.0]], [[1249.9629280788233, 0.0, 825.3768045375984], [0.0, 1249.9629280788233, 462.54816385708756], [0.0, 0.0, 1.0]]], "extrinsics": [[[0.8223434090614319, -0.5689257383346558, -0.008659753948450089, -0.7491455078125], [0.002047632820904255, 0.018178405240178108, -0.9998326301574707, 1.4888787269592285], [0.568988025188446, 0.8221879601478577, 0.01611384004354477, -1.15960693359375], [0.0, 0.0, 0.0, 1.0]], [[0.009942973963916302, -0.9998489618301392, -0.014249805361032486, 0.0101318359375], [0.003999939654022455, 0.014290165156126022, -0.9998899102210999, 1.481157660484314], [0.9999426007270813, 0.009884914383292198, 0.0041414229199290276, -1.478759765625], [0.0, 0.0, 0.0, 1.0]], [[-0.8441533446311951, -0.5359375476837158, -0.01327553577721119, 0.92327880859375], [0.01201876811683178, 0.005837747827172279, -0.9999107122421265, 1.495457649230957], [0.5359671115875244, -0.8442374467849731, 0.0015133536653593183, -1.169189453125], [0.0, 0.0, 0.0, 1.0]], [[0.9478128552436829, 0.3187723457813263, -0.005924015771597624, -1.135498046875], [-0.013523953966796398, 0.02163328044116497, -0.9996744990348816, 1.5619163513183594], [-0.31854039430618286, 0.9475845098495483, 0.024815363809466362, -0.1591796875], [0.0, 0.0, 0.0, 1.0]], [[0.00931283924728632, 0.9998615980148315, 0.013792775571346283, -0.028839111328125], [-0.0113382488489151, 0.013898072764277458, -0.9998391270637512, 1.5671520233154297], [-0.9998923540115356, 0.009154897183179855, 0.011466109193861485, -0.03515625], [0.0, 0.0, 0.0, 1.0]], [[-0.9236763119697571, 0.3831614553928375, 0.003059502225369215, 1.025146484375], [-0.007064034231007099, -0.009044700302183628, -0.9999341368675232, 1.5467920303344727], [-0.3831084966659546, -0.9236370921134949, 0.011061041615903378, -0.0984039306640625], [0.0, 0.0, 0.0, 1.0]]], "view": [[0.0, -2.0, 100.0], [-2.0, 0.0, 100.0], [0.0, 0.0, 1.0]], "bev": "bev_be3ae8fc1b7544d9a0c1124b682578db.png", "aux": "aux_be3ae8fc1b7544d9a0c1124b682578db.npz", "visibility": "visibility_be3ae8fc1b7544d9a0c1124b682578db.png", "pose": [[-0.6886487603187561, 0.7250950932502747, 0.0, 1282.676513671875], [-0.7250950932502747, -0.6886487603187561, 0.0, 779.6011352539062], [0.0, 0.0, 1.0, 0.0], [0.0, 0.0, 0.0, 1.0]], "pose_inverse": [[-0.6886487603187561, -0.7250950932502747, 0.0, 1448.5985107421875], [0.7250950932502747, -0.6886487603187561, 0.0, -393.19110107421875], [0.0, 0.0, 1.0, 0.0], [0.0, 0.0, 0.0, 1.0]], "cam_ids": [0, 1, 2, 3, 4, 5], "cam_channels": ["CAM_FRONT_LEFT", "CAM_FRONT", "CAM_FRONT_RIGHT", "CAM_BACK_LEFT", "CAM_BACK", "CAM_BACK_RIGHT"], "token": "be3ae8fc1b7544d9a0c1124b682578db", "scene": "scene-0526"}, {"images": ["samples/CAM_FRONT_LEFT/n008-2018-08-30-15-52-26-0400__CAM_FRONT_LEFT__1535658871004799.jpg", "samples/CAM_FRONT/n008-2018-08-30-15-52-26-0400__CAM_FRONT__1535658871012404.jpg", "samples/CAM_FRONT_RIGHT/n008-2018-08-30-15-52-26-0400__CAM_FRONT_RIGHT__1535658871020482.jpg", "samples/CAM_BACK_LEFT/n008-2018-08-30-15-52-26-0400__CAM_BACK_LEFT__1535658871047405.jpg", "samples/CAM_BACK/n008-2018-08-30-15-52-26-0400__CAM_BACK__1535658871037558.jpg", "samples/CAM_BACK_RIGHT/n008-2018-08-30-15-52-26-0400__CAM_BACK_RIGHT__1535658871028113.jpg"], "intrinsics": [[[1257.8625342125129, 0.0, 827.2410631095686], [0.0, 1257.8625342125129, 450.915498205774], [0.0, 0.0, 1.0]], [[1252.8131021185304, 0.0, 826.588114781398], [0.0, 1252.8131021185304, 469.9846626224581], [0.0, 0.0, 1.0]], [[1256.7485116440405, 0.0, 817.7887570959712], [0.0, 1256.7485116440403, 451.9541780095127], [0.0, 0.0, 1.0]], [[1254.9860565800168, 0.0, 829.5769333630991], [0.0, 1254.9860565800168, 467.1680561863987], [0.0, 0.0, 1.0]], [[796.8910634503094, 0.0, 857.7774326863696], [0.0, 796.8910634503094, 476.8848988407415], [0.0, 0.0, 1.0]], [[1249.9629280788233, 0.0, 825.3768045375984], [0.0, 1249.9629280788233, 462.54816385708756], [0.0, 0.0, 1.0]]], "extrinsics": [[[0.8217592239379883, -0.5698151588439941, -0.00474045192822814, -0.748779296875], [0.009192872792482376, 0.02157449722290039, -0.9997249841690063, 1.4910969734191895], [0.569760799407959, 0.821489691734314, 0.022967280820012093, -1.158538818359375], [0.0, 0.0, 0.0, 1.0]], [[0.009225056506693363, -0.9998083710670471, -0.01726752519607544, 0.009521484375], [0.01134489569813013, 0.01737179607152939, -0.9997847080230713, 1.4830474853515625], [0.9998931288719177, 0.009027117863297462, 0.011502976529300213, -1.4779052734375], [0.0, 0.0, 0.0, 1.0]], [[-0.8443471193313599, -0.5353797078132629, -0.021128607913851738, 0.92236328125], [0.01957622542977333, 0.0085820397362113, -0.9997715353965759, 1.4969768524169922], [0.5354387760162354, -0.8445679545402527, 0.003234491916373372, -1.169189453125], [0.0, 0.0, 0.0, 1.0]], [[0.9478643536567688, 0.31866374611854553, 0.002541645895689726, -1.1341552734375], [-0.005248262081295252, 0.023584559559822083, -0.9997081160545349, 1.561985969543457], [-0.3186306953430176, 0.9475743770599365, 0.024027395993471146, -0.15948486328125], [0.0, 0.0, 0.0, 1.0]], [[0.009462711401283741, 0.9998260736465454, 0.016069892793893814, -0.028778076171875], [-0.003294538939371705, 0.016101697459816933, -0.9998648762702942, 1.5677871704101562], [-0.9999498128890991, 0.009408475831151009, 0.0034463314805179834, -0.0352783203125], [0.0, 0.0, 0.0, 1.0]], [[-0.9235057234764099, 0.38357192277908325, -0.0031306135933846235, 1.025146484375], [0.0006731562316417694, -0.006540840491652489, -0.9999783635139465, 1.5479176044464111], [-0.38358408212661743, -0.9234878420829773, 0.005782300606369972, -0.0987548828125], [0.0, 0.0, 0.0, 1.0]]], "view": [[0.0, -2.0, 100.0], [-2.0, 0.0, 100.0], [0.0, 0.0, 1.0]], "bev": "bev_714dd2d25e814c67b035184785aad2aa.png", "aux": "aux_714dd2d25e814c67b035184785aad2aa.npz", "visibility": "visibility_714dd2d25e814c67b035184785aad2aa.png", "pose": [[-0.6797189116477966, 0.7334727048873901, 0.0, 1280.3045654296875], [-0.7334727048873901, -0.6797189116477966, 0.0, 777.1093139648438], [0.0, 0.0, 1.0, 0.0], [0.0, 0.0, 0.0, 1.0]], "pose_inverse": [[-0.6797189116477966, -0.7334727048873901, 0.0, 1440.2357177734375], [0.7334727048873901, -0.6797189116477966, 0.0, -410.8525390625], [0.0, 0.0, 1.0, 0.0], [0.0, 0.0, 0.0, 1.0]], "cam_ids": [0, 1, 2, 3, 4, 5], "cam_channels": ["CAM_FRONT_LEFT", "CAM_FRONT", "CAM_FRONT_RIGHT", "CAM_BACK_LEFT", "CAM_BACK", "CAM_BACK_RIGHT"], "token": "714dd2d25e814c67b035184785aad2aa", "scene": "scene-0526"}, {"images": ["samples/CAM_FRONT_LEFT/n008-2018-08-30-15-52-26-0400__CAM_FRONT_LEFT__1535658871504799.jpg", "samples/CAM_FRONT/n008-2018-08-30-15-52-26-0400__CAM_FRONT__1535658871512404.jpg", "samples/CAM_FRONT_RIGHT/n008-2018-08-30-15-52-26-0400__CAM_FRONT_RIGHT__1535658871520482.jpg", "samples/CAM_BACK_LEFT/n008-2018-08-30-15-52-26-0400__CAM_BACK_LEFT__1535658871547405.jpg", "samples/CAM_BACK/n008-2018-08-30-15-52-26-0400__CAM_BACK__1535658871537558.jpg", "samples/CAM_BACK_RIGHT/n008-2018-08-30-15-52-26-0400__CAM_BACK_RIGHT__1535658871528113.jpg"], "intrinsics": [[[1257.8625342125129, 0.0, 827.2410631095686], [0.0, 1257.8625342125129, 450.915498205774], [0.0, 0.0, 1.0]], [[1252.8131021185304, 0.0, 826.588114781398], [0.0, 1252.8131021185304, 469.9846626224581], [0.0, 0.0, 1.0]], [[1256.7485116440405, 0.0, 817.7887570959712], [0.0, 1256.7485116440403, 451.9541780095127], [0.0, 0.0, 1.0]], [[1254.9860565800168, 0.0, 829.5769333630991], [0.0, 1254.9860565800168, 467.1680561863987], [0.0, 0.0, 1.0]], [[796.8910634503094, 0.0, 857.7774326863696], [0.0, 796.8910634503094, 476.8848988407415], [0.0, 0.0, 1.0]], [[1249.9629280788233, 0.0, 825.3768045375984], [0.0, 1249.9629280788233, 462.54816385708756], [0.0, 0.0, 1.0]]], "extrinsics": [[[0.8217409253120422, -0.5698444843292236, -0.004376647528260946, -0.7578125], [0.00897135492414236, 0.020615573972463608, -0.9997472167015076, 1.490901231765747], [0.5697907209396362, 0.821493923664093, 0.022052936255931854, -1.16619873046875], [0.0, 0.0, 0.0, 1.0]], [[0.009153282269835472, -0.9998238682746887, -0.01637888327240944, 0.010498046875], [0.010976266115903854, 0.016479043290019035, -0.9998039603233337, 1.4828119277954102], [0.999897837638855, 0.00897176656872034, 0.011125171557068825, -1.4892578125], [0.0, 0.0, 0.0, 1.0]], [[-0.8444052338600159, -0.5353224277496338, -0.020244140177965164, 0.930419921875], [0.01905038021504879, 0.0077590919099748135, -0.9997884035110474, 1.4966964721679688], [0.5353662371635437, -0.8446122407913208, 0.0036462764255702496, -1.1734619140625], [0.0, 0.0, 0.0, 1.0]], [[0.9478714466094971, 0.31865137815475464, 0.0010855403961613774, -1.132080078125], [-0.006551207974553108, 0.022893156856298447, -0.9997164011001587, 1.5619583129882812], [-0.3185858726501465, 0.947595477104187, 0.02378731779754162, -0.16033935546875], [0.0, 0.0, 0.0, 1.0]], [[0.00952077005058527, 0.999836802482605, 0.015349861234426498, -0.029052734375], [-0.004394900053739548, 0.015392247587442398, -0.9998718500137329, 1.5677032470703125], [-0.9999450445175171, 0.009452138096094131, 0.0045407298021018505, -0.033447265625], [0.0, 0.0, 0.0, 1.0]], [[-0.9234822988510132, 0.3836314380168915, -0.00269638211466372, 1.0303955078125], [-0.0001126283168559894, -0.007299507036805153, -0.9999733567237854, 1.5478074550628662], [-0.3836408257484436, -0.9234573245048523, 0.006784174591302872, -0.09613037109375], [0.0, 0.0, 0.0, 1.0]]], "view": [[0.0, -2.0, 100.0], [-2.0, 0.0, 100.0], [0.0, 0.0, 1.0]], "bev": "bev_b8fcdf3ed75b45bfafc38aa9696c4a97.png", "aux": "aux_b8fcdf3ed75b45bfafc38aa9696c4a97.npz", "visibility": "visibility_b8fcdf3ed75b45bfafc38aa9696c4a97.png", "pose": [[-0.6657577157020569, 0.7461679577827454, 0.0, 1277.971435546875], [-0.7461679577827454, -0.6657577157020569, 0.0, 774.5827026367188], [0.0, 0.0, 1.0, 0.0], [0.0, 0.0, 0.0, 1.0]], "pose_inverse": [[-0.6657577157020569, -0.7461679577827454, 0.0, 1428.7882080078125], [0.7461679577827454, -0.6657577157020569, 0.0, -437.8969421386719], [0.0, 0.0, 1.0, 0.0], [0.0, 0.0, 0.0, 1.0]], "cam_ids": [0, 1, 2, 3, 4, 5], "cam_channels": ["CAM_FRONT_LEFT", "CAM_FRONT", "CAM_FRONT_RIGHT", "CAM_BACK_LEFT", "CAM_BACK", "CAM_BACK_RIGHT"], "token": "b8fcdf3ed75b45bfafc38aa9696c4a97", "scene": "scene-0526"}, {"images": ["samples/CAM_FRONT_LEFT/n008-2018-08-30-15-52-26-0400__CAM_FRONT_LEFT__1535658872004799.jpg", "samples/CAM_FRONT/n008-2018-08-30-15-52-26-0400__CAM_FRONT__1535658872012404.jpg", "samples/CAM_FRONT_RIGHT/n008-2018-08-30-15-52-26-0400__CAM_FRONT_RIGHT__1535658872020482.jpg", "samples/CAM_BACK_LEFT/n008-2018-08-30-15-52-26-0400__CAM_BACK_LEFT__1535658872047405.jpg", "samples/CAM_BACK/n008-2018-08-30-15-52-26-0400__CAM_BACK__1535658872037558.jpg", "samples/CAM_BACK_RIGHT/n008-2018-08-30-15-52-26-0400__CAM_BACK_RIGHT__1535658872028113.jpg"], "intrinsics": [[[1257.8625342125129, 0.0, 827.2410631095686], [0.0, 1257.8625342125129, 450.915498205774], [0.0, 0.0, 1.0]], [[1252.8131021185304, 0.0, 826.588114781398], [0.0, 1252.8131021185304, 469.9846626224581], [0.0, 0.0, 1.0]], [[1256.7485116440405, 0.0, 817.7887570959712], [0.0, 1256.7485116440403, 451.9541780095127], [0.0, 0.0, 1.0]], [[1254.9860565800168, 0.0, 829.5769333630991], [0.0, 1254.9860565800168, 467.1680561863987], [0.0, 0.0, 1.0]], [[796.8910634503094, 0.0, 857.7774326863696], [0.0, 796.8910634503094, 476.8848988407415], [0.0, 0.0, 1.0]], [[1249.9629280788233, 0.0, 825.3768045375984], [0.0, 1249.9629280788233, 462.54816385708756], [0.0, 0.0, 1.0]]], "extrinsics": [[[0.8214209079742432, -0.5702858567237854, -0.006455071270465851, -0.753662109375], [0.006171493791043758, 0.020205700770020485, -0.9997767806053162, 1.4901278018951416], [0.5702889561653137, 0.8211977481842041, 0.02011690102517605, -1.161590576171875], [0.0, 0.0, 0.0, 1.0]], [[0.00851659569889307, -0.9998358488082886, -0.015988998115062714, 0.009124755859375], [0.008052815683186054, 0.016057634726166725, -0.999838650226593, 1.4821548461914062], [0.999931275844574, 0.008386440575122833, 0.008188249543309212, -1.4844970703125], [0.0, 0.0, 0.0, 1.0]], [[-0.8447273969650269, -0.5349128246307373, -0.017428725957870483, 0.9266357421875], [0.01599140837788582, 0.007323896512389183, -0.9998453259468079, 1.4961795806884766], [0.534957766532898, -0.8448755741119385, 0.0023673130199313164, -1.1724853515625], [0.0, 0.0, 0.0, 1.0]], [[0.947867214679718, 0.31865981221199036, -0.0019087771652266383, -1.1322021484375], [-0.009569286368787289, 0.02247602492570877, -0.9997015595436096, 1.5619220733642578], [-0.3185218274593353, 0.9476026892662048, 0.02435363456606865, -0.16015625], [0.0, 0.0, 0.0, 1.0]], [[0.009753036312758923, 0.999841570854187, 0.01488990057259798, -0.028533935546875], [-0.0073775011114776134, 0.01496215