[{"images": ["samples/CAM_FRONT_LEFT/n008-2018-09-18-12-07-26-0400__CAM_FRONT_LEFT__1537287305505209.jpg", "samples/CAM_FRONT/n008-2018-09-18-12-07-26-0400__CAM_FRONT__1537287305512404.jpg", "samples/CAM_FRONT_RIGHT/n008-2018-09-18-12-07-26-0400__CAM_FRONT_RIGHT__1537287305520482.jpg", "samples/CAM_BACK_LEFT/n008-2018-09-18-12-07-26-0400__CAM_BACK_LEFT__1537287305547405.jpg", "samples/CAM_BACK/n008-2018-09-18-12-07-26-0400__CAM_BACK__1537287305537558.jpg", "samples/CAM_BACK_RIGHT/n008-2018-09-18-12-07-26-0400__CAM_BACK_RIGHT__1537287305528480.jpg"], "intrinsics": [[[1257.8625342125129, 0.0, 827.2410631095686], [0.0, 1257.8625342125129, 450.915498205774], [0.0, 0.0, 1.0]], [[1252.8131021185304, 0.0, 826.588114781398], [0.0, 1252.8131021185304, 469.9846626224581], [0.0, 0.0, 1.0]], [[1256.7485116440405, 0.0, 817.7887570959712], [0.0, 1256.7485116440403, 451.9541780095127], [0.0, 0.0, 1.0]], [[1254.9860565800168, 0.0, 829.5769333630991], [0.0, 1254.9860565800168, 467.1680561863987], [0.0, 0.0, 1.0]], [[796.8910634503094, 0.0, 857.7774326863696], [0.0, 796.8910634503094, 476.8848988407415], [0.0, 0.0, 1.0]], [[1249.9629280788233, 0.0, 825.3768045375984], [0.0, 1249.9629280788233, 462.54816385708756], [0.0, 0.0, 1.0]]], "extrinsics": [[[0.8215875029563904, -0.570077657699585, -0.0023518698289990425, -0.943115234375], [0.012849323451519012, 0.022642383351922035, -0.9996610879898071, 1.48923921585083], [0.5699377059936523, 0.8212787508964539, 0.025927811861038208, -1.2913284301757812], [0.0, 0.0, 0.0, 1.0]], [[0.008892950601875782, -0.9997905492782593, -0.01842794567346573, 0.0067138671875], [0.01480964943766594, 0.018558338284492493, -0.9997180700302124, 1.4810853004455566], [0.9998508095741272, 0.008617512881755829, 0.014971586875617504, -1.6719970703125], [0.0, 0.0, 0.0, 1.0]], [[-0.8444777727127075, -0.5350260734558105, -0.024585021659731865, 1.04901123046875], [0.022834576666355133, 0.009895057417452335, -0.9996902942657471, 1.4942035675048828], [0.5351036190986633, -0.844777524471283, 0.0038609385956078768, -1.25048828125], [0.0, 0.0, 0.0, 1.0]], [[0.9479027986526489, 0.31850937008857727, 0.005678551737219095, -1.139404296875], [-0.0025079294573515654, 0.025286512449383736, -0.9996771216392517, 1.5620346069335938], [-0.31855008006095886, 0.9475823640823364, 0.024767952039837837, -0.1578369140625], [0.0, 0.0, 0.0, 1.0]], [[0.009629789739847183, 0.999797523021698, 0.01766858994960785, -0.0289306640625], [-0.0003947981458622962, 0.01767321117222309, -0.9998437166213989, 1.5680484771728516], [-0.9999536275863647, 0.009621222503483295, 0.0005649072118103504, 0.02294921875], [0.0, 0.0, 0.0, 1.0]], [[-0.9233770966529846, 0.38385552167892456, -0.005440446548163891, 1.126708984375], [0.0037688612937927246, -0.005106759257614613, -0.9999798536300659, 1.5479488372802734], [-0.3838755488395691, -0.9233790636062622, 0.003268766449764371, -0.0574951171875], [0.0, 0.0, 0.0, 1.0]]], "view": [[0.0, -2.0, 100.0], [-2.0, 0.0, 100.0], [0.0, 0.0, 1.0]], "bev": "bev_94d1147f689649e282644b19e42dc38f.png", "aux": "aux_94d1147f689649e282644b19e42dc38f.npz", "visibility": "visibility_94d1147f689649e282644b19e42dc38f.png", "pose": [[-0.5219152569770813, 0.852997362613678, 0.0, 2121.620361328125], [-0.852997362613678, -0.5219152569770813, 0.0, 889.11572265625], [0.0, 0.0, 1.0, 0.0], [0.0, 0.0, 0.0, 1.0]], "pose_inverse": [[-0.5219152569770813, -0.852997362613678, 0.0, 1865.7193603515625], [0.852997362613678, -0.5219152569770813, 0.0, -1345.6934814453125], [0.0, 0.0, 1.0, 0.0], [0.0, 0.0, 0.0, 1.0]], "cam_ids": [0, 1, 2, 3, 4, 5], "cam_channels": ["CAM_FRONT_LEFT", "CAM_FRONT", "CAM_FRONT_RIGHT", "CAM_BACK_LEFT", "CAM_BACK", "CAM_BACK_RIGHT"], "token": "94d1147f689649e282644b19e42dc38f", "scene": "scene-0454"}, {"images": ["samples/CAM_FRONT_LEFT/n008-2018-09-18-12-07-26-0400__CAM_FRONT_LEFT__1537287306004799.jpg", "samples/CAM_FRONT/n008-2018-09-18-12-07-26-0400__CAM_FRONT__1537287306012404.jpg", "samples/CAM_FRONT_RIGHT/n008-2018-09-18-12-07-26-0400__CAM_FRONT_RIGHT__1537287306020482.jpg", "samples/CAM_BACK_LEFT/n008-2018-09-18-12-07-26-0400__CAM_BACK_LEFT__1537287306047405.jpg", "samples/CAM_BACK/n008-2018-09-18-12-07-26-0400__CAM_BACK__1537287306037558.jpg", "samples/CAM_BACK_RIGHT/n008-2018-09-18-12-07-26-0400__CAM_BACK_RIGHT__1537287306028113.jpg"], "intrinsics": [[[1257.8625342125129, 0.0, 827.2410631095686], [0.0, 1257.8625342125129, 450.915498205774], [0.0, 0.0, 1.0]], [[1252.8131021185304, 0.0, 826.588114781398], [0.0, 1252.8131021185304, 469.9846626224581], [0.0, 0.0, 1.0]], [[1256.7485116440405, 0.0, 817.7887570959712], [0.0, 1256.7485116440403, 451.9541780095127], [0.0, 0.0, 1.0]], [[1254.9860565800168, 0.0, 829.5769333630991], [0.0, 1254.9860565800168, 467.1680561863987], [0.0, 0.0, 1.0]], [[796.8910634503094, 0.0, 857.7774326863696], [0.0, 796.8910634503094, 476.8848988407415], [0.0, 0.0, 1.0]], [[1249.9629280788233, 0.0, 825.3768045375984], [0.0, 1249.9629280788233, 462.54816385708756], [0.0, 0.0, 1.0]]], "extrinsics": [[[0.8190252780914307, -0.5737573504447937, -0.00022198923397809267, -0.9228515625], [0.015435326844453812, 0.022420329973101616, -0.9996294379234314, 1.4898276329040527], [0.5735498070716858, 0.8187183737754822, 0.027218949049711227, -1.2763824462890625], [0.0, 0.0, 0.0, 1.0]], [[0.00521888118237257, -0.9998196959495544, -0.018253987655043602, 0.00634765625], [0.017416995018720627, 0.01834235154092312, -0.9996800422668457, 1.4816174507141113], [0.9998346567153931, 0.0048993113450706005, 0.01750958152115345, -1.650634765625], [0.0, 0.0, 0.0, 1.0]], [[-0.8459774851799011, -0.5325499176979065, -0.02669588476419449, 1.034423828125], [0.025457803159952164, 0.009669058956205845, -0.9996290802955627, 1.4947643280029297], [0.5326105356216431, -0.8463433980941772, 0.005377742927521467, -1.2421875], [0.0, 0.0, 0.0, 1.0]], [[0.9479945302009583, 0.3181802034378052, 0.008226645179092884, -1.136962890625], [0.0002570924407336861, 0.025081178173422813, -0.9996853470802307, 1.562042236328125], [-0.3182864785194397, 0.9476984143257141, 0.023695020005106926, -0.1585693359375], [0.0, 0.0, 0.0, 1.0]], [[0.01086925808340311, 0.9997875094413757, 0.01751885376870632, -0.028564453125], [0.0023318177554756403, 0.017494497820734978, -0.9998441934585571, 1.5681304931640625], [-0.9999381899833679, 0.010908426716923714, -0.002141169738024473, 0.0150146484375], [0.0, 0.0, 0.0, 1.0]], [[-0.9225105047225952, 0.38589030504226685, -0.007933858782052994, 1.1142578125], [0.006389002315700054, -0.005285607185214758, -0.9999656081199646, 1.5481319427490234], [-0.3859189748764038, -0.9225295186042786, 0.0024105736520141363, -0.06292724609375], [0.0, 0.0, 0.0, 1.0]]], "view": [[0.0, -2.0, 100.0], [-2.0, 0.0, 100.0], [0.0, 0.0, 1.0]], "bev": "bev_b23cd9b4494d423db4aae2237d0248ec.png", "aux": "aux_b23cd9b4494d423db4aae2237d0248ec.npz", "visibility": "visibility_b23cd9b4494d423db4aae2237d0248ec.png", "pose": [[-0.4807985723018646, 0.8768310546875, 0.0, 2121.1103515625], [-0.8768310546875, -0.4807985723018646, 0.0, 888.2492065429688], [0.0, 0.0, 1.0, 0.0], [0.0, 0.0, 0.0, 1.0]], "pose_inverse": [[-0.4807985723018646, -0.8768310546875, 0.0, 1798.6712646484375], [0.8768310546875, -0.4807985723018646, 0.0, -1432.7864990234375], [0.0, 0.0, 1.0, 0.0], [0.0, 0.0, 0.0, 1.0]], "cam_ids": [0, 1, 2, 3, 4, 5], "cam_channels": ["CAM_FRONT_LEFT", "CAM_FRONT", "CAM_FRONT_RIGHT", "CAM_BACK_LEFT", "CAM_BACK", "CAM_BACK_RIGHT"], "token": "b23cd9b4494d423db4aae2237d0248ec", "scene": "scene-0454"}, {"images": ["samples/CAM_FRONT_LEFT/n008-2018-09-18-12-07-26-0400__CAM_FRONT_LEFT__1537287306504970.jpg", "samples/CAM_FRONT/n008-2018-09-18-12-07-26-0400__CAM_FRONT__1537287306512404.jpg", "samples/CAM_FRONT_RIGHT/n008-2018-09-18-12-07-26-0400__CAM_FRONT_RIGHT__1537287306520482.jpg", "samples/CAM_BACK_LEFT/n008-2018-09-18-12-07-26-0400__CAM_BACK_LEFT__1537287306547407.jpg", "samples/CAM_BACK/n008-2018-09-18-12-07-26-0400__CAM_BACK__1537287306537558.jpg", "samples/CAM_BACK_RIGHT/n008-2018-09-18-12-07-26-0400__CAM_BACK_RIGHT__1537287306528121.jpg"], "intrinsics": [[[1257.8625342125129, 0.0, 827.2410631095686], [0.0, 1257.8625342125129, 450.915498205774], [0.0, 0.0, 1.0]], [[1252.8131021185304, 0.0, 826.588114781398], [0.0, 1252.8131021185304, 469.9846626224581], [0.0, 0.0, 1.0]], [[1256.7485116440405, 0.0, 817.7887570959712], [0.0, 1256.7485116440403, 451.9541780095127], [0.0, 0.0, 1.0]], [[1254.9860565800168, 0.0, 829.5769333630991], [0.0, 1254.9860565800168, 467.1680561863987], [0.0, 0.0, 1.0]], [[796.8910634503094, 0.0, 857.7774326863696], [0.0, 796.8910634503094, 476.8848988407415], [0.0, 0.0, 1.0]], [[1249.9629280788233, 0.0, 825.3768045375984], [0.0, 1249.9629280788233, 462.54816385708756], [0.0, 0.0, 1.0]]], "extrinsics": [[[0.8151751160621643, -0.5792019963264465, -0.0038141203112900257, -0.898193359375], [0.015439514070749283, 0.028311440721154213, -0.9994798898696899, 1.4902420043945312], [0.5790087580680847, 0.8146921992301941, 0.032021380960941315, -1.259796142578125], [0.0, 0.0, 0.0, 1.0]], [[-0.00044013818842358887, -0.9997076392173767, -0.02417401783168316, 0.0068359375], [0.01731698401272297, 0.0241627749055624, -0.9995580315589905, 1.4820194244384766], [0.9998499751091003, -0.0008585447794757783, 0.0173012875020504, -1.6258544921875], [0.0, 0.0, 0.0, 1.0]], [[-0.8483760952949524, -0.5285682082176208, -0.02955825999379158, 1.017822265625], [0.025236327201128006, 0.015391484834253788, -0.9995629787445068, 1.4952392578125], [0.528792142868042, -0.8487513065338135, 0.00028135176398791373, -1.231201171875], [0.0, 0.0, 0.0, 1.0]], [[0.9480860829353333, 0.31786832213401794, 0.009614056907594204, -1.1365966796875], [-0.00010239371476927772, 0.030536701902747154, -0.9995336532592773, 1.5620460510253906], [-0.3180136978626251, 0.9476429224014282, 0.02898397296667099, -0.1585693359375], [0.0, 0.0, 0.0, 1.0]], [[0.012730159796774387, 0.9996515512466431, 0.023122280836105347, -0.0284423828125], [0.0020265078637748957, 0.023098312318325043, -0.9997311234474182, 1.5681343078613281], [-0.9999168515205383, 0.012773636728525162, -0.0017317559104412794, 0.0074462890625], [0.0, 0.0, 0.0, 1.0]], [[-0.9212040305137634, 0.38904184103012085, -0.0054313018918037415, 1.100830078125], [0.006081233266741037, 0.0004391697293613106, -0.9999814033508301, 1.5482053756713867], [-0.38903218507766724, -0.9212200045585632, -0.002770418766885996, -0.068603515625], [0.0, 0.0, 0.0, 1.0]]], "view": [[0.0, -2.0, 100.0], [-2.0, 0.0, 100.0], [0.0, 0.0, 1.0]], "bev": "bev_7783ab6a6ecf4b3b8107087275b87f0c.png", "aux": "aux_7783ab6a6ecf4b3b8107087275b87f0c.npz", "visibility": "visibility_7783ab6a6ecf4b3b8107087275b87f0c.png", "pose": [[-0.3887043297290802, 0.9213625192642212, 0.0, 2120.547119140625], [-0.9213625192642212, -0.3887043297290802, 0.0, 887.1160888671875], [0.0, 0.0, 1.0, 0.0], [0.0, 0.0, 0.0, 1.0]], "pose_inverse": [[-0.3887043297290802, -0.9213625192642212, 0.0, 1641.6214599609375], [0.9213625192642212, -0.3887043297290802, 0.0, -1608.966796875], [0.0, 0.0, 1.0, 0.0], [0.0, 0.0, 0.0, 1.0]], "cam_ids": [0, 1, 2, 3, 4, 5], "cam_channels": ["CAM_FRONT_LEFT", "CAM_FRONT", "CAM_FRONT_RIGHT", "CAM_BACK_LEFT", "CAM_BACK", "CAM_BACK_RIGHT"], "token": "7783ab6a6ecf4b3b8107087275b87f0c", "scene": "scene-0454"}, {"images": ["samples/CAM_FRONT_LEFT/n008-2018-09-18-12-07-26-0400__CAM_FRONT_LEFT__1537287307004799.jpg", "samples/CAM_FRONT/n008-2018-09-18-12-07-26-0400__CAM_FRONT__1537287307012404.jpg", "samples/CAM_FRONT_RIGHT/n008-2018-09-18-12-07-26-0400__CAM_FRONT_RIGHT__1537287307020482.jpg", "samples/CAM_BACK_LEFT/n008-2018-09-18-12-07-26-0400__CAM_BACK_LEFT__1537287307047405.jpg", "samples/CAM_BACK/n008-2018-09-18-12-07-26-0400__CAM_BACK__1537287307037558.jpg", "samples/CAM_BACK_RIGHT/n008-2018-09-18-12-07-26-0400__CAM_BACK_RIGHT__1537287307028113.jpg"], "intrinsics": [[[1257.8625342125129, 0.0, 827.2410631095686], [0.0, 1257.8625342125129, 450.915498205774], [0.0, 0.0, 1.0]], [[1252.8131021185304, 0.0, 826.588114781398], [0.0, 1252.8131021185304, 469.9846626224581], [0.0, 0.0, 1.0]], [[1256.7485116440405, 0.0, 817.7887570959712], [0.0, 1256.7485116440403, 451.9541780095127], [0.0, 0.0, 1.0]], [[1254.9860565800168, 0.0, 829.5769333630991], [0.0, 1254.9860565800168, 467.1680561863987], [0.0, 0.0, 1.0]], [[796.8910634503094, 0.0, 857.7774326863696], [0.0, 796.8910634503094, 476.8848988407415], [0.0, 0.0, 1.0]], [[1249.9629280788233, 0.0, 825.3768045375984], [0.0, 1249.9629280788233, 462.54816385708756], [0.0, 0.0, 1.0]]], "extrinsics": [[[0.8120275139808655, -0.5836021304130554, -0.00446701655164361, -0.88525390625], [0.017194369807839394, 0.031573615968227386, -0.9993535280227661, 1.4906806945800781], [0.5833659172058105, 0.8114257454872131, 0.03567331284284592, -1.25140380859375], [0.0, 0.0, 0.0, 1.0]], [[-0.004765052814036608, -0.9995994567871094, -0.027896836400032043, 0.00732421875], [0.019138051196932793, 0.02780088596045971, -0.9994302988052368, 1.4823970794677734], [0.9998054504394531, -0.005296231713145971, 0.018997913226485252, -1.614501953125], [0.0, 0.0, 0.0, 1.0]], [[-0.850062370300293, -0.5256296992301941, -0.033277470618486404, 1.01171875], [0.027120746672153473, 0.01941409893333912, -0.9994436502456665, 1.4955850839614868], [0.5259832739830017, -0.850492000579834, -0.002247725147753954, -1.226806640625], [0.0, 0.0, 0.0, 1.0]], [[0.9480529427528381, 0.3178389072418213, 0.013199313543736935, -1.13800048828125], [0.00188773637637496, 0.0358707569539547, -0.9993546605110168, 1.5620574951171875], [-0.3181072771549225, 0.9474659562110901, 0.03340737894177437, -0.15771484375], [0.0, 0.0, 0.0, 1.0]], [[0.013855657540261745, 0.9995113611221313, 0.02802168019115925, -0.0283203125], [0.004012394230812788, 0.027968566864728928, -0.9996007680892944, 1.5682144165039062], [-0.9998960494995117, 0.013962569646537304, -0.003622909775003791, 0.0059814453125], [0.0, 0.0, 0.0, 1.0]], [[-0.920283854007721, 0.3912132978439331, -0.005451604723930359, 1.0968017578125], [0.00798667874187231, 0.004853221122175455, -0.9999563097953796, 1.5483589172363281], [-0.3911696970462799, -0.9202872514724731, -0.007590834517031908, -0.070068359375], [0.0, 0.0, 0.0, 1.0]]], "view": [[0.0, -2.0, 100.0], [-2.0, 0.0, 100.0], [0.0, 0.0, 1.0]], "bev": "bev_d36b20cd879d435db41148c7eeb74b8a.png", "aux": "aux_d36b20cd879d435db41148c7eeb74b8a.npz", "visibility": "visibility_d36b20cd879d435db41148c7eeb74b8a.png", "pose": [[-0.22926706075668335, 0.9733635783195496, 0.0, 2120.05810546875], [-0.9733635783195496, -0.22926706075668335, 0.0, 885.6995849609375], [0.0, 0.0, 1.0, 0.0], [0.0, 0.0, 0.0, 1.0]], "pose_inverse": [[-0.22926706075668335, -0.9733635783195496, 0.0, 1348.1671142578125], [0.9733635783195496, -0.22926706075668335, 0.0, -1860.5255126953125], [0.0, 0.0, 1.0, 0.0], [0.0, 0.0, 0.0, 1.0]], "cam_ids": [0, 1, 2, 3, 4, 5], "cam_channels": ["CAM_FRONT_LEFT", "CAM_FRONT", "CAM_FRONT_RIGHT", "CAM_BACK_LEFT", "CAM_BACK", "CAM_BACK_RIGHT"], "token": "d36b20cd879d435db41148c7eeb74b8a", "scene": "scene-0454"}, {"images": ["samples/CAM_FRONT_LEFT/n008-2018-09-18-12-07-26-0400__CAM_FRONT_LEFT__1537287307504799.jpg", "samples/CAM_FRONT/n008-2018-09-18-12-07-26-0400__CAM_FRONT__1537287307512404.jpg", "samples/CAM_FRONT_RIGHT/n008-2018-09-18-12-07-26-0400__CAM_FRONT_RIGHT__1537287307520482.jpg", "samples/CAM_BACK_LEFT/n008-2018-09-18-12-07-26-0400__CAM_BACK_LEFT__1537287307547405.jpg", "samples/CAM_BACK/n008-2018-09-18-12-07-26-0400__CAM_BACK__1537287307537558.jpg", "samples/CAM_BACK_RIGHT/n008-2018-09-18-12-07-26-0400__CAM_BACK_RIGHT__1537287307528113.jpg"], "intrinsics": [[[1257.8625342125129, 0.0, 827.2410631095686], [0.0, 1257.8625342125129, 450.915498205774], [0.0, 0.0, 1.0]], [[1252.8131021185304, 0.0, 826.588114781398], [0.0, 1252.8131021185304, 469.9846626224581], [0.0, 0.0, 1.0]], [[1256.7485116440405, 0.0, 817.7887570959712], [0.0, 1256.7485116440403, 451.9541780095127], [0.0, 0.0, 1.0]], [[1254.9860565800168, 0.0, 829.5769333630991], [0.0, 1254.9860565800168, 467.1680561863987], [0.0, 0.0, 1.0]], [[796.8910634503094, 0.0, 857.7774326863696], [0.0, 796.8910634503094, 476.8848988407415], [0.0, 0.0, 1.0]], [[1249.9629280788233, 0.0, 825.3768045375984], [0.0, 1249.9629280788233, 462.54816385708756], [0.0, 0.0, 1.0]]], "extrinsics": [[[0.8084294199943542, -0.5885066390037537, -0.010092201642692089, -0.8740234375], [0.008644875138998032, 0.02901640348136425, -0.9995415210723877, 1.489532470703125], [0.5885297060012817, 0.8079714775085449, 0.028545279055833817, -1.2437744140625], [0.0, 0.0, 0.0, 1.0]], [[-0.01002284325659275, -0.9996324777603149, -0.02518841065466404, 0.00830078125], [0.010239175520837307, 0.025085758417844772, -0.9996328949928284, 1.4814109802246094], [0.9998973608016968, -0.010277073830366135, 0.009983981028199196, -1.60302734375], [0.0, 0.0, 0.0, 1.0]], [[-0.8523960709571838, -0.5223529934883118, -0.02384054847061634, 1.00421142578125], [0.01784348487854004, 0.01650950312614441, -0.9997044801712036, 1.4948692321777344], [0.5225922465324402, -0.852569580078125, -0.004752038046717644, -1.221435546875], [0.0, 0.0, 0.0, 1.0]], [[0.9482065439224243, 0.3176451027393341, 0.0024583269841969013, -1.1377639770507812], [-0.008368276059627533, 0.03271506354212761, -0.9994297027587891, 1.561981201171875], [-0.3175444006919861, 0.9476451873779297, 0.033678773790597916, -0.157958984375], [0.0, 0.0, 0.0, 1.0]], [[0.015713263303041458, 0.9995697736740112, 0.024767447263002396, -0.029052734375], [-0.005904939491301775, 0.02486284449696541, -0.9996734261512756, 1.5677986145019531], [-0.9998591542243958, 0.015561881475150585, 0.006293075624853373, 0.00238037109375], [0.0, 0.0, 0.0, 1.0]], [[-0.9191558361053467, 0.3938876688480377, 0.0022512725554406643, 1.09033203125], [-0.0016479546902701259, 0.001869920059107244, -0.9999969005584717, 1.5476832389831543], [-0.3938905894756317, -0.9191566705703735, -0.0010696382960304618, -0.0721435546875], [0.0, 0.0, 0.0, 1.0]]], "view": [[0.0, -2.0, 100.0], [-2.0, 0.0, 100.0], [0.0, 0.0, 1.0]], "bev": "bev_4ba2d8f974ef43619c601d370ee5b2e6.png", "aux": "aux_4ba2d8f974ef43619c601d370ee5b2e6.npz", "visibility": "visibility_4ba2d8f974ef43619c601d370ee5b2e6.png", "pose": [[0.017486833035945892, 0.9998471140861511, 0.0, 2119.841064453125], [-0.9998471140861511, 0.017486833035945892, 0.0, 883.9994506835938], [0.0, 0.0, 1.0, 0.0], [0.0, 0.0, 0.0, 1.0]], "pose_inverse": [[0.017486833035945892, -0.9998471140861511, 0.0, 846.7949829101562], [0.9998471140861511, 0.017486833035945892, 0.0, -2134.975341796875], [0.0, 0.0, 1.0, 0.0], [0.0, 0.0, 0.0, 1.0]], "cam_ids": [0, 1, 2, 3, 4, 5], "cam_channels": ["CAM_FRONT_LEFT", "CAM_FRONT", "CAM_FRONT_RIGHT", "CAM_BACK_LEFT", "CAM_BACK", "CAM_BACK_RIGHT"], "token": "4ba2d8f974ef43619c601d370ee5b2e6", "scene": "scene-0454"}, {"images": ["samples/CAM_FRONT_LEFT/n008-2018-09-18-12-07-26-0400__CAM_FRONT_LEFT__1537287308004799.jpg", "samples/CAM_FRONT/n008-2018-09-18-12-07-26-0400__CAM_FRONT__1537287308012404.jpg", "samples/CAM_FRONT_RIGHT/n008-2018-09-18-12-07-26-0400__CAM_FRONT_RIGHT__1537287308020482.jpg", "samples/CAM_BACK_LEFT/n008-2018-09-18-12-07-26-0400__CAM_BACK_LEFT__1537287308047405.jpg", "samples/CAM_BACK/n008-2018-09-18-12-07-26-0400__CAM_BACK__1537287308037558.jpg", "samples/CAM_BACK_RIGHT/n008-2018-09-18-12-07-26-0400__CAM_BACK_RIGHT__1537287308028113.jpg"], "intrinsics": [[[1257.8625342125129, 0.0, 827.2410631095686], [0.0, 1257.8625342125129, 450.915498205774], [0.0, 0.0, 1.0]], [[1252.8131021185304, 0.0, 826.588114781398], [0.0, 1252.8131021185304, 469.9846626224581], [0.0, 0.0, 1.0]], [[1256.7485116440405, 0.0, 817.7887570959712], [0.0, 1256.7485116440403, 451.9541780095127], [0.0, 0.0, 1.0]], [[1254.9860565800168, 0.0, 829.5769333630991], [0.0, 1254.9860565800168, 467.1680561863987], [0.0, 0.0, 1.0]], [[796.8910634503094, 0.0, 857.7774326863696], [0.0, 796.8910634503094, 476.8848988407415], [0.0, 0.0, 1.0]], [[1249.9629280788233, 0.0, 825.3768045375984], [0.0, 1249.9629280788233, 462.54816385708756], [0.0, 0.0, 1.0]]], "extrinsics": [[[0.8070286512374878, -0.5905121564865112, 0.0005530308117158711, -0.8592529296875], [0.012741093523800373, 0.016476405784487724, -0.9997830986976624, 1.4904441833496094], [0.5903749465942383, 0.806860625743866, 0.020820697769522667, -1.23388671875], [0.0, 0.0, 0.0, 1.0]], [[-0.012001900933682919, -0.9998487830162048, -0.012581568211317062, 0.008056640625], [0.014461257494986057, 0.012407597154378891, -0.9998184442520142, 1.4822368621826172], [0.9998233914375305, -0.012181690894067287, 0.014310155995190144, -1.587371826171875], [0.0, 0.0, 0.0, 1.0]], [[-0.8531840443611145, -0.5211927890777588, -0.020859433338046074, 0.99322509765625], [0.02219614014029503, 0.0036776461638510227, -0.9997468590736389, 1.4956364631652832], [0.521137535572052, -0.8534311652183533, 0.008430756628513336, -1.214111328125], [0.0, 0.0, 0.0, 1.0]], [[0.9483149647712708, 0.31731706857681274, 0.0029415630269795656, -1.135498046875], [-0.0033938183914870024, 0.019410869106650352, -0.9998058676719666, 1.5620040893554688], [-0.3173125684261322, 0.9481207728385925, 0.01948453299701214, -0.159423828125], [0.0, 0.0, 0.0, 1.0]], [[0.0165010504424572, 0.9997950792312622, 0.011727171950042248, -0.029541015625], [-0.0011181981535628438, 0.011747214943170547, -0.9999303221702576, 1.5679912567138672], [-0.9998632669448853, 0.016486838459968567, 0.001311810570769012, -0.0042724609375], [0.0, 0.0, 0.0, 1.0]], [[-0.9186162352561951, 0.39508774876594543, -0.0070601957850158215, 1.080322265625], [0.0029184329323470592, -0.011083140037953854, -0.9999343156814575, 1.5480880737304688], [-0.39513999223709106, -0.9185765385627747, 0.009028115309774876, -0.0758056640625], [0.0, 0.0, 0.0, 1.0]]], "view": [[0.0, -2.0, 100.0], [-2.0, 0.0, 100.0], [0.0, 0.0, 1.0]], "bev": "bev_dc0ad815bee8490f9f97b8222fa9cb9c.png", "aux": "aux_dc0ad815bee8490f9f97b8222fa9cb9c.npz", "visibility": "visibility_dc0ad815bee8490f9f97b8222fa9cb9c.png", "pose": [[0.2948710322380066, 0.9555370807647705, 0.0, 2120.0986328125], [-0.9555370807647705, 0.2948710322380066, 0.0, 882.1256103515625], [0.0, 0.0, 1.0, 0.0], [0.0, 0.0, 0.0, 1.0]], "pose_inverse": [[0.2948710322380066, -0.9555370807647705, 0.0, 217.74801635742188], [0.9555370807647705, 0.2948710322380066, 0.0, -2285.946044921875], [0.0, 0.0, 1.0, 0.0], [0.0, 0.0, 0.0, 1.0]], "cam_ids": [0, 1, 2, 3, 4, 5], "cam_channels": ["CAM_FRONT_LEFT", "CAM_FRONT", "CAM_FRONT_RIGHT", "CAM_BACK_LEFT", "CAM_BACK", "CAM_BACK_RIGHT"], "token": "dc0ad815bee8490f9f97b8222fa9cb9c", "scene": "scene-0454"}, {"images": ["samples/CAM_FRONT_LEFT/n008-2018-09-18-12-07-26-0400__CAM_FRONT_LEFT__1537287308504799.jpg", "samples/CAM_FRONT/n008-2018-09-18-12-07-26-0400__CAM_FRONT__1537287308512404.jpg", "samples/CAM_FRONT_RIGHT/n008-2018-09-18-12-07-26-0400__CAM_FRONT_RIGHT__1537287308520482.jpg", "samples/CAM_BACK_LEFT/n008-2018-09-18-12-07-26-0400__CAM_BACK_LEFT__1537287308547405.jpg", "samples/CAM_BACK/n008-2018-09-18-12-07-26-0400__CAM_BACK__1537287308537600.jpg", "samples/CAM_BACK_RIGHT/n008-2018-09-18-12-07-26-0400__CAM_BACK_RIGHT__1537287308528302.jpg"], "intrinsics": [[[1257.8625342125129, 0.0, 827.2410631095686], [0.0, 1257.8625342125129, 450.915498205774], [0.0, 0.0, 1.0]], [[1252.8131021185304, 0.0, 826.588114781398], [0.0, 1252.8131021185304, 469.9846626224581], [0.0, 0.0, 1.0]], [[1256.7485116440405, 0.0, 817.7887570959712], [0.0, 1256.7485116440403, 451.9541780095127], [0.0, 0.0, 1.0]], [[1254.9860565800168, 0.0, 829.5769333630991], [0.0, 1254.9860565800168, 467.1680561863987], [0.0, 0.0, 1.0]], [[796.8910634503094, 0.0, 857.7774326863696], [0.0, 796.8910634503094, 476.8848988407415], [0.0, 0.0, 1.0]], [[1249.9629280788233, 0.0, 825.3768045375984], [0.0, 1249.9629280788233, 462.54816385708756], [0.0, 0.0, 1.0]]], "extrinsics": [[[0.8073971271514893, -0.589979887008667, -0.00580127676948905, -0.84326171875], [0.006169170141220093, 0.018273789435625076, -0.999813973903656, 1.4893760681152344], [0.5899761319160461, 0.8072111010551453, 0.01839389093220234, -1.2236328125], [0.0, 0.0, 0.0, 1.0]], [[-0.011648036539554596, -0.9998406767845154, -0.013528507202863693, 0.008544921875], [0.0076399315148591995, 0.013440042734146118, -0.9998804926872253, 1.4813423156738281], [0.9999029636383057, -0.011750026606023312, 0.007482163608074188, -1.5712890625], [0.0, 0.0, 0.0, 1.0]], [[-0.8531911969184875, -0.521384596824646, -0.014930331148207188, 0.982421875], [0.015116533264517784, 0.0038958152290433645, -0.9998781085014343, 1.4950084686279297], [0.521379292011261, -0.8533129096031189, 0.004557651001960039, -1.2069091796875], [0.0, 0.0, 0.0, 1.0]], [[0.9483819007873535, 0.31709739565849304, -0.0045927418395876884, -1.1324462890625], [-0.010719669982790947, 0.017579998821020126, -0.9997879862785339, 1.5619125366210938], [-0.31694942712783813, 0.9482300281524658, 0.020071731880307198, -0.159912109375], [0.0, 0.0, 0.0, 1.0]], [[0.01664871908724308, 0.9998074769973755, 0.010383503511548042, -0.029296875], [-0.008241000585258007, 0.010521803051233292, -0.9999106526374817, 1.5675945281982422], [-0.9998274445533752, 0.016561605036258698, 0.008414588868618011, -0.010772705078125], [0.0, 0.0, 0.0, 1.0]], [[-0.918707549571991, 0.39493754506111145, -0.0008443120168522, 1.07177734375], [-0.004052656702697277, -0.011565005406737328, -0.9999249577522278, 1.5474510192871094], [-0.3949175775051117, -0.9186351895332336, 0.012225404381752014, -0.079345703125], [0.0, 0.0, 0.0, 1.0]]], "view": [[0.0, -2.0, 100.0], [-2.0, 0.0, 100.0], [0.0, 0.0, 1.0]], "bev": "bev_6502e4ede35c4a6fa017bb4eae33299a.png", "aux": "aux_6502e4ede35c4a6fa017bb4eae33299a.npz", "visibility": "visibility_6502e4ede35c4a6fa017bb4eae33299a.png", "pose": [[0.5518679022789001, 0.833931565284729, 0.0, 2120.945068359375], [-0.833931565284729, 0.5518679022789001, 0.0, 880.2546997070312], [0.0, 0.0, 1.0, 0.0], [0.0, 0.0, 0.0, 1.0]], "pose_inverse": [[0.5518679022789001, -0.833931565284729, 0.0, -436.4093017578125], [0.833931565284729, 0.5518679022789001, 0.0, -2254.50732421875], [0.0, 0.0, 1.0, 0.0], [0.0, 0.0, 0.0, 1.0]], "cam_ids": [0, 1, 2, 3, 4, 5], "cam_channels": ["CAM_FRONT_LEFT", "CAM_FRONT", "CAM_FRONT_RIGHT", "CAM_BACK_LEFT", "CAM_BACK", "CAM_BACK_RIGHT"], "token": "6502e4ede35c4a6fa017bb4eae33299a", "scene": "scene-0454"}, {"images": ["samples/CAM_FRONT_LEFT/n008-2018-09-18-12-07-26-0400__CAM_FRONT_LEFT__1537287309004799.jpg", "samples/CAM_FRONT/n008-2018-09-18-12-07-26-0400__CAM_FRONT__1537287309012404.jpg", "samples/CAM_FRONT_RIGHT/n008-2018-09-18-12-07-26-0400__CAM_FRONT_RIGHT__1537287309020482.jpg", "samples/CAM_BACK_LEFT/n008-2018-09-18-12-07-26-0400__CAM_BACK_LEFT__1537287309047405.jpg", "samples/CAM_BACK/n008-2018-09-18-12-07-26-0400__CAM_BACK__1537287309037558.jpg", "samples/CAM_BACK_RIGHT/n008-2018-09-18-12-07-26-0400__CAM_BACK_RIGHT__1537287309028113.jpg"], "intrinsics": [[[1257.8625342125129, 0.0, 827.2410631095686], [0.0, 1257.8625342125129, 450.915498205774], [0.0, 0.0, 1.0]], [[1252.8131021185304, 0.0, 826.588114781398], [0.0, 1252.8131021185304, 469.9846626224581], [0.0, 0.0, 1.0]], [[1256.7485116440405, 0.0, 817.7887570959712], [0.0, 1256.7485116440403, 451.9541780095127], [0.0, 0.0, 1.0]], [[1254.9860565800168, 0.0, 829.5769333630991], [0.0, 1254.9860565800168, 467.1680561863987], [0.0, 0.0, 1.0]], [[796.8910634503094, 0.0, 857.7774326863696], [0.0, 796.8910634503094, 476.8848988407415], [0.0, 0.0, 1.0]], [[1249.9629280788233, 0.0, 825.3768045375984], [0.0, 1249.9629280788233, 462.54816385708756], [0.0, 0.0, 1.0]]], "extrinsics": [[[0.807988703250885, -0.5891955494880676, 0.001715108403004706, -0.8203125], [0.013059594668447971, 0.014998815022408962, -0.9998022317886353, 1.4910888671875], [0.5890533328056335, 0.807851254940033, 0.019813526421785355, -1.20849609375], [0.0, 0.0, 0.0, 1.0]], [[-0.010679052211344242, -0.9998846650123596, -0.010798308998346329, 0.009765625], [0.014718657359480858, 0.010640572756528854, -0.9998350739479065, 1.4828300476074219], [0.9998346567153931, -0.010836238972842693, 0.0146033288910985, -1.5487060546875], [0.0, 0.0, 0.0, 1.0]], [[-0.8526651859283447, -0.5220770239830017, -0.019937776029109955, 0.9678955078125], [0.022392859682440758, 0.0016073076985776424, -0.9997479915618896, 1.4963455200195312], [0.5219775438308716, -0.8528968095779419, 0.010320303030312061, -1.1973876953125], [0.0, 0.0, 0.0, 1.0]], [[0.948432207107544, 0.3169751763343811, 0.0017563318833708763, -1.129150390625], [-0.003594680456444621, 0.01629590429365635, -0.9998607635498047, 1.5619831085205078], [-0.3169597387313843, 0.9482938051223755, 0.016594985499978065, -0.161376953125], [0.0, 0.0, 0.0, 1.0]], [[0.01635066606104374, 0.9998253583908081, 0.009050512686371803, -0.029052734375], [-0.0012412560172379017, 0.009072013199329376, -0.9999580383300781, 1.5679693222045898], [-0.9998655915260315, 0.016338739544153214, 0.0013893722789362073, -0.01983642578125], [0.0, 0.0, 0.0, 1.0]], [[-0.9188715815544128, 0.3944755792617798, -0.008006745018064976, 1.058990478515625], [0.002973862225189805, -0.013368120416998863, -0.9999062418937683, 1.5481739044189453], [-0.39454561471939087, -0.918809175491333, 0.01111047063022852, -0.084228515625], [0.0, 0.0, 0.0, 1.0]]], "view": [[0.0, -2.0, 100.0], [-2.0, 0.0, 100.0], [0.0, 0.0, 1.0]], "bev": "bev_7f01a5718d794550a7f37b3944aa8cff.png", "aux": "aux_7f01a5718d794550a7f37b3944aa8cff.npz", "visibility": "visibility_7f01a5718d794550a7f37b3944aa8cff.png", "pose": [[0.7647238969802856, 0.6443580985069275, 0.0, 2122.442626953125], [-0.6443580985069275, 0.7647238969802856, 0.0, 878.5101318359375], [0.0, 0.0, 1.0, 0.0], [0.0, 0.0, 0.0, 1.0]], "pose_inverse": [[0.7647238969802856, -0.6443580985069275, 0.0, -1057.0074462890625], [0.6443580985069275, 0.7647238969802856, 0.0, -2039.4307861328125], [0.0, 0.0, 1.0, 0.0], [0.0, 0.0, 0.0, 1.0]], "cam_ids": [0, 1, 2, 3, 4, 5], "cam_channels": ["CAM_FRONT_LEFT", "CAM_FRONT", "CAM_FRONT_RIGHT", "CAM_BACK_LEFT", "CAM_BACK", "CAM_BACK_RIGHT"], "token": "7f01a5718d794550a7f37b3944aa8cff", "scene": "scene-0454"}, {"images": ["samples/CAM_FRONT_LEFT/n008-2018-09-18-12-07-26-0400__CAM_FRONT_LEFT__1537287309604799.jpg", "samples/CAM_FRONT/n008-2018-09-18-12-07-26-0400__CAM_FRONT__1537287309612404.jpg", "samples/CAM_FRONT_RIGHT/n008-2018-09-18-12-07-26-0400__CAM_FRONT_RIGHT__1537287309620482.jpg", "samples/CAM_BACK_LEFT/n008-2018-09-18-12-07-26-0400__CAM_BACK_LEFT__1537287309647405.jpg", "samples/CAM_BACK/n008-2018-09-18-12-07-26-0400__CAM_BACK__1537287309637558.jpg", "samples/CAM_BACK_RIGHT/n008-2018-09-18-12-07-26-0400__CAM_BACK_RIGHT__1537287309628113.jpg"], "intrinsics": [[[1257.8625342125129, 0.0, 827.2410631095686], [0.0, 1257.8625342125129, 450.915498205774], [0.0, 0.0, 1.0]], [[1252.8131021185304, 0.0, 826.588114781398], [0.0, 1252.8131021185304, 469.9846626224581], [0.0, 0.0, 1.0]], [[1256.7485116440405, 0.0, 817.7887570959712], [0.0, 1256.7485116440403, 451.9541780095127], [0.0, 0.0, 1.0]], [[1254.9860565800168, 0.0, 829.5769333630991], [0.0, 1254.9860565800168, 467.1680561863987], [0.0, 0.0, 1.0]], [[796.8910634503094, 0.0, 857.7774326863696], [0.0, 796.8910634503094, 476.8848988407415], [0.0, 0.0, 1.0]], [[1249.9629280788233, 0.0, 825.3768045375984], [0.0, 1249.9629280788233, 462.54816385708756], [0.0, 0.0, 1.0]]], "extrinsics": [[[0.8114433288574219, -0.5844286680221558, 0.0017021731473505497, -0.804473876953125], [0.005419595167040825, 0.004612308461219072, -0.9999746680259705, 1.489572525024414], [0.5844060182571411, 0.8114320635795593, 0.006909992080181837, -1.197998046875], [0.0, 0.0, 0.0, 1.0]], [[-0.00594963738694787, -0.9999822378158569, -8.83173051988706e-05, 0.010498046875], [0.007467174902558327, 4.388939487398602e-05, -0.9999721050262451, 1.4816837310791016], [0.999954342842102, -0.005950134713202715, 0.007466782815754414, -1.53125], [0.0, 0.0, 0.0, 1.0]], [[-0.850874662399292, -0.5253013968467712, -0.008413877338171005, 0.9541015625], [0.015561518259346485, -0.009191670455038548, -0.9998366832733154, 1.4956560134887695], [0.525138258934021, -0.8508666157722473, 0.01599544659256935, -1.18780517578125], [0.0, 0.0, 0.0, 1.0]], [[0.9484636187553406, 0.3168080151081085, -0.007034820970147848, -1.122802734375], [-0.009054578840732574, 0.00490356981754303, -0.9999469518661499, 1.561835765838623], [-0.3167567253112793, 0.9484769701957703, 0.0075194211676716805, -0.1636962890625], [0.0, 0.0, 0.0, 1.0]], [[0.01514420472085476, 0.999882698059082, -0.0022753519006073475, -0.0296630859375], [-0.007230685092508793, -0.0021660381462424994, -0.9999715089797974, 1.5675249099731445], [-0.9998591542243958, 0.015160223469138145, 0.007197035010904074, -0.0301513671875], [0.0, 0.0, 0.0, 1.0]], [[-0.9199042320251465, 0.392091304063797, -0.006361277773976326, 1.04486083984375], [-0.0034940564073622227, -0.024416608735919, -0.9996957182884216, 1.5474624633789062], [-0.39212730526924133, -0.9196022152900696, 0.02383093163371086, -0.089111328125], [0.0, 0.0, 0.0, 1.0]]], "view": [[0.0, -2.0, 100.0], [-2.0, 0.0, 100.0], [0.0, 0.0, 1.0]], "bev": "bev_1f8d768279eb4f819bc712b3c86ca61d.png", "aux": "aux_1f8d768279eb4f819bc712b3c86ca61d.npz", "visibility": "visibility_1f8d768279eb4f819bc712b3c86ca61d.png", "pose": [[0.9165728092193604, 0.39986780285835266, 0.0, 2124.926513671875], [-0.39986780285835266, 0.9165728092193604, 0.0, 876.9221801757812], [0.0, 0.0, 1.0, 0.0], [0.0, 0.0, 0.0, 1.0]], "pose_inverse": [[0.9165728092193604, -0.39986780285835266, 0.0, -1596.9969482421875], [0.39986780285835266, 0.9165728092193604, 0.0, -1653.4527587890625], [0.0, 0.0, 1.0, 0.0], [0.0, 0.0, 0.0, 1.0]], "cam_ids": [0, 1, 2, 3, 4, 5], "cam_channels": ["CAM_FRONT_LEFT", "CAM_FRONT", "CAM_FRONT_RIGHT", "CAM_BACK_LEFT", "CAM_BACK", "CAM_BACK_RIGHT"], "token": "1f8d768279eb4f819bc712b3c86ca61d", "scene": "scene-0454"}, {"images": ["samples/CAM_FRONT_LEFT/n008-2018-09-18-12-07-26-0400__CAM_FRONT_LEFT__1537287310104807.jpg", "samples/CAM_FRONT/n008-2018-09-18-12-07-26-0400__CAM_FRONT__1537287310112404.jpg", "samples/CAM_FRONT_RIGHT/n008-2018-09-18-12-07-26-0400__CAM_FRONT_RIGHT__1537287310120482.jpg", "samples/CAM_BACK_LEFT/n008-2018-09-18-12-07-26-0400__CAM_BACK_LEFT__1537287310147405.jpg", "samples/CAM_BACK/n008-2018-09-18-12-07-26-0400__CAM_BACK__1537287310137558.jpg", "samples/CAM_BACK_RIGHT/n008-2018-09-18-12-07-26-0400__CAM_BACK_RIGHT__1537287310128113.jpg"], "intrinsics": [[[1257.8625342125129, 0.0, 827.2410631095686], [0.0, 1257.8625342125129, 450.915498205774], [0.0, 0.0, 1.0]], [[1252.8131021185304, 0.0, 826.588114781398], [0.0, 1252.8131021185304, 469.9846626224581], [0.0, 0.0, 1.0]], [[1256.7485116440405, 0.0, 817.7887570959712], [0.0, 1256.7485116440403, 451.9541780095127], [0.0, 0.0, 1.0]], [[1254.9860565800168, 0.0, 829.5769333630991], [0.0, 1254.9860565800168, 467.1680561863987], [0.0, 0.0, 1.0]], [[796.8910634503094, 0.0, 857.7774326863696], [0.0, 796.8910634503094, 476.8848988407415], [0.0, 0.0, 1.0]], [[1249.9629280788233, 0.0, 825.3768045375984], [0.0, 1249.9629280788233, 462.54816385708756], [0.0, 0.0, 1.0]]], "extrinsics": [[[0.8167871832847595, -0.5768643021583557, 0.009294592775404453, -0.78558349609375], [0.009012345224618912, -0.003350865561515093, -0.9999538064002991, 1.4906988143920898], [0.5768687129020691, 0.8168331980705261, 0.0024619540199637413, -1.186279296875], [0.0, 0.0, 0.0, 1.0]], [[0.0018629279220476747, -0.999971330165863, 0.007337834686040878, 0.010986328125], [0.010880916379392147, -0.007317143492400646, -0.9999139904975891, 1.4826173782348633], [0.9999390840530396, 0.001942661590874195, 0.010866973549127579, -1.5130615234375], [0.0, 0.0, 0.0, 1.0]], [[-0.8475075364112854, -0.5307303071022034, -0.0075031607411801815, 0.943603515625], [0.018795982003211975, -0.015881599858403206, -0.9996971487998962, 1.4964599609375], [0.5304504632949829, -0.8473919630050659, 0.023435374721884727, -1.1802978515625], [0.0, 0.0, 0.0, 1.0]], [[0.9482375979423523, 0.31749385595321655, -0.006568274460732937, -1.11767578125], [-0.006867868360131979, -0.00017559222760610282, -0.999976396560669, 1.5618476867675781], [-0.31748753786087036, 0.9482603073120117, 0.0020140022970736027, -0.16583251953125], [0.0, 0.0, 0.0, 1.0]], [[0.0123212318867445, 0.9998931288719177, -0.007861314341425896, -0.0301513671875], [-0.004610382951796055, -0.007805017288774252, -0.9999589323997498, 1.567697525024414], [-0.9999134540557861, 0.012356980703771114, 0.004513723310083151, -0.037841796875], [0.0, 0.0, 0.0, 1.0]], [[-0.9217767715454102, 0.38754984736442566, -0.01151390839368105, 1.035888671875], [-0.0004109895380679518, -0.030673038214445114, -0.9995294213294983, 1.5478630065917969], [-0.38772052526474, -0.9213383197784424, 0.028432976454496384, -0.0924072265625], [0.0, 0.0, 0.0, 1.0]]], "view": [[0.0, -2.0, 100.0], [-2.0, 0.0, 100.0], [0.0, 0.0, 1.0]], "bev": "bev_2dba183b6ecb4e75b9ef8a171bd4c575.png", "aux": "aux_2dba183b6ecb4e75b9ef8a171bd4c575.npz", "visibility": "visibility_2dba183b6ecb4e75b9ef8a171bd4c575.png", "pose": [[0.9612627029418945, 0.2756337821483612, 0.0, 2127.4619140625], [-0.2756337821483612, 0.9612627029418945, 0.0, 875.9785766601562], [0.0, 0.0, 1.0, 0.0], [0.0, 0.0, 0.0, 1.0]], "pose_inverse": [[0.9612627029418945, -0.2756337821483612, 0.0, -1803.6005859375], [0.2756337821483612, 0.9612627029418945, 0.0, -1428.4459228515625], [0.0, 0.0, 1.0, 0.0], [0.0, 0.0, 0.0, 1.0]], "cam_ids": [0, 1, 2, 3, 4, 5], "cam_channels": ["CAM_FRONT_LEFT", "CAM_FRONT", "CAM_FRONT_RIGHT", "CAM_BACK_LEFT", "CAM_BACK", "CAM_BACK_RIGHT"], "token": "2dba183b6ecb4e75b9ef8a171bd4c575", "scene": "scene-0454"}, {"images": ["samples/CAM_FRONT_LEFT/n008-2018-09-18-12-07-26-0400__CAM_FRONT_LEFT__1537287310604807.jpg", "samples/CAM_FRONT/n008-2018-09-18-12-07-26-0400__CAM_FRONT__1537287310612404.jpg", "samples/CAM_FRONT_RIGHT/n008-2018-09-18-12-07-26-0400__CAM_FRONT_RIGHT__1537287310620482.jpg", "samples/CAM_BACK_LEFT/n008-2018-09-18-12-07-26-0400__CAM_BACK_LEFT__1537287310647405.jpg", "samples/CAM_BACK/n008-2018-09-18-12-07-26-0400__CAM_BACK__1537287310637558.jpg", "samples/CAM_BACK_RIGHT/n008-2018-09-18-12-07-26-0400__CAM_BACK_RIGHT__1537287310628113.jpg"], "intrinsics": [[[1257.8625342125129, 0.0, 827.2410631095686], [0.0, 1257.8625342125129, 450.915498205774], [0.0, 0.0, 1.0]], [[1252.8131021185304, 0.0, 826.588114781398], [0.0, 1252.8131021185304, 469.9846626224581], [0.0, 0.0, 1.0]], [[1256.7485116440405, 0.0, 817.7887570959712], [0.0, 1256.7485116440403, 451.9541780095127], [0.0, 0.0, 1.0]], [[1254.9860565800168, 0.0, 829.5769333630991], [0.0, 1254.9860565800168, 467.1680561863987], [0.0, 0.0, 1.0]], [[796.8910634503094, 0.0, 857.7774326863696], [0.0, 796.8910634503094, 476.8848988407415], [0.0, 0.0, 1.0]], [[1249.9629280788233, 0.0, 825.3768045375984], [0.0, 1249.9629280788233, 462.54816385708756], [0.0, 0.0, 1.0]]], "extrinsics": [[[0.8178789019584656, -0.575360894203186, 0.005818058270961046, -0.77032470703125], [0.002310799201950431, -0.006826936732977629, -0.9999740719795227, 1.4889931678771973], [0.5753856897354126, 0.8178712129592896, -0.004254064057022333, -1.176025390625], [0.0, 0.0, 0.0, 1.0]], [[0.0033722040243446827, -0.9999327063560486, 0.011102699674665928, 0.011474609375], [0.004143760073930025, -0.011088695377111435, -0.9999299645423889, 1.4812064170837402], [0.9999857544898987, 0.0034179850481450558, 0.004106087610125542, -1.4974365234375], [0.0, 0.0, 0.0, 1.0]], [[-0.8469727635383606, -0.531636118888855, 0.0004285559698473662, 0.933349609375], [0.012024123221635818, -0.019962042570114136, -0.9997283816337585, 1.4954241514205933], [0.5315002799034119, -0.8467376232147217, 0.02329976297914982, -1.1738204956054688], [0.0, 0.0, 0.0, 1.0]], [[0.9481250047683716, 0.3175663352012634, -0.014517232775688171, -1.11865234375], [-0.013547088950872421, -0.0052630482241511345, -0.999894380569458, 1.561676025390625], [-0.3176092207431793, 0.9482214450836182, -0.000687928288243711, -0.1651611328125], [0.0, 0.0, 0.0, 1.0]], [[0.011820867657661438, 0.9998496770858765, -0.012684735469520092, -0.029541015625], [-0.011295872740447521, -0.012551285326480865, -0.9998574256896973, 1.5671119689941406], [-0.999866247177124,