[{"images": ["samples/CAM_FRONT_LEFT/n008-2018-08-01-15-52-19-0400__CAM_FRONT_LEFT__1533153480254799.jpg", "samples/CAM_FRONT/n008-2018-08-01-15-52-19-0400__CAM_FRONT__1533153480262404.jpg", "samples/CAM_FRONT_RIGHT/n008-2018-08-01-15-52-19-0400__CAM_FRONT_RIGHT__1533153480270482.jpg", "samples/CAM_BACK_LEFT/n008-2018-08-01-15-52-19-0400__CAM_BACK_LEFT__1533153480297405.jpg", "samples/CAM_BACK/n008-2018-08-01-15-52-19-0400__CAM_BACK__1533153480287558.jpg", "samples/CAM_BACK_RIGHT/n008-2018-08-01-15-52-19-0400__CAM_BACK_RIGHT__1533153480278113.jpg"], "intrinsics": [[[1257.8625342125129, 0.0, 827.2410631095686], [0.0, 1257.8625342125129, 450.915498205774], [0.0, 0.0, 1.0]], [[1252.8131021185304, 0.0, 826.588114781398], [0.0, 1252.8131021185304, 469.9846626224581], [0.0, 0.0, 1.0]], [[1256.7485116440405, 0.0, 817.7887570959712], [0.0, 1256.7485116440403, 451.9541780095127], [0.0, 0.0, 1.0]], [[1254.9860565800168, 0.0, 829.5769333630991], [0.0, 1254.9860565800168, 467.1680561863987], [0.0, 0.0, 1.0]], [[796.8910634503094, 0.0, 857.7774326863696], [0.0, 796.8910634503094, 476.8848988407415], [0.0, 0.0, 1.0]], [[1249.9629280788233, 0.0, 825.3768045375984], [0.0, 1249.9629280788233, 462.54816385708756], [0.0, 0.0, 1.0]]], "extrinsics": [[[0.8221955895423889, -0.5692042112350464, 0.0010452751303091645, -0.907958984375], [0.008281761780381203, 0.010126492939889431, -0.9999144673347473, 1.4892761707305908], [0.5691449046134949, 0.8221338391304016, 0.013039969839155674, -1.26593017578125], [0.0, 0.0, 0.0, 1.0]], [[0.009758138097822666, -0.9999343156814575, -0.006015143357217312, 0.006103515625], [0.010331058874726295, 0.006115923635661602, -0.9999279379844666, 1.4811725616455078], [0.9998989701271057, 0.009695303626358509, 0.010390060022473335, -1.6375732421875], [0.0, 0.0, 0.0, 1.0]], [[-0.844165563583374, -0.5358938574790955, -0.014224098064005375, 1.0272216796875], [0.01841670274734497, -0.0024726989213377237, -0.9998273253440857, 1.4944534301757812], [0.5357661247253418, -0.8442817330360413, 0.01195676438510418, -1.2373046875], [0.0, 0.0, 0.0, 1.0]], [[0.947881817817688, 0.3186143934726715, -0.0022292127832770348, -1.144775390625], [-0.006712034344673157, 0.012972545810043812, -0.999893307685852, 1.5620498657226562], [-0.31855154037475586, 0.9477956891059875, 0.014434990473091602, -0.15576171875], [0.0, 0.0, 0.0, 1.0]], [[0.009343251585960388, 0.9999422430992126, 0.005316821858286858, -0.028564453125], [-0.004670898895710707, 0.005360639654099941, -0.9999746680259705, 1.56793212890625], [-0.9999455213546753, 0.009318158961832523, 0.004720714408904314, 0.0169677734375], [0.0, 0.0, 0.0, 1.0]], [[-0.9236174821853638, 0.383265882730484, -0.006162657402455807, 1.110595703125], [-0.0005681482143700123, -0.017446035519242287, -0.9998476505279541, 1.5477771759033203], [-0.38331496715545654, -0.9234732985496521, 0.01633121445775032, -0.06427001953125], [0.0, 0.0, 0.0, 1.0]]], "view": [[0.0, -2.0, 100.0], [-2.0, 0.0, 100.0], [0.0, 0.0, 1.0]], "bev": "bev_ff3e47f0101749cb995e64f97d237305.png", "aux": "aux_ff3e47f0101749cb995e64f97d237305.npz", "visibility": "visibility_ff3e47f0101749cb995e64f97d237305.png", "pose": [[0.48622241616249084, -0.8738350868225098, 0.0, 2135.9658203125], [0.8738350868225098, 0.48622241616249084, 0.0, 903.7506103515625], [0.0, 0.0, 1.0, 0.0], [0.0, 0.0, 0.0, 1.0]], "pose_inverse": [[0.48622241616249084, 0.8738350868225098, 0.0, -1828.283447265625], [-0.8738350868225098, 0.48622241616249084, 0.0, 1427.05810546875], [0.0, 0.0, 1.0, 0.0], [0.0, 0.0, 0.0, 1.0]], "cam_ids": [0, 1, 2, 3, 4, 5], "cam_channels": ["CAM_FRONT_LEFT", "CAM_FRONT", "CAM_FRONT_RIGHT", "CAM_BACK_LEFT", "CAM_BACK", "CAM_BACK_RIGHT"], "token": "ff3e47f0101749cb995e64f97d237305", "scene": "scene-0069"}, {"images": ["samples/CAM_FRONT_LEFT/n008-2018-08-01-15-52-19-0400__CAM_FRONT_LEFT__1533153480754799.jpg", "samples/CAM_FRONT/n008-2018-08-01-15-52-19-0400__CAM_FRONT__1533153480762404.jpg", "samples/CAM_FRONT_RIGHT/n008-2018-08-01-15-52-19-0400__CAM_FRONT_RIGHT__1533153480770482.jpg", "samples/CAM_BACK_LEFT/n008-2018-08-01-15-52-19-0400__CAM_BACK_LEFT__1533153480797405.jpg", "samples/CAM_BACK/n008-2018-08-01-15-52-19-0400__CAM_BACK__1533153480787558.jpg", "samples/CAM_BACK_RIGHT/n008-2018-08-01-15-52-19-0400__CAM_BACK_RIGHT__1533153480778113.jpg"], "intrinsics": [[[1257.8625342125129, 0.0, 827.2410631095686], [0.0, 1257.8625342125129, 450.915498205774], [0.0, 0.0, 1.0]], [[1252.8131021185304, 0.0, 826.588114781398], [0.0, 1252.8131021185304, 469.9846626224581], [0.0, 0.0, 1.0]], [[1256.7485116440405, 0.0, 817.7887570959712], [0.0, 1256.7485116440403, 451.9541780095127], [0.0, 0.0, 1.0]], [[1254.9860565800168, 0.0, 829.5769333630991], [0.0, 1254.9860565800168, 467.1680561863987], [0.0, 0.0, 1.0]], [[796.8910634503094, 0.0, 857.7774326863696], [0.0, 796.8910634503094, 476.8848988407415], [0.0, 0.0, 1.0]], [[1249.9629280788233, 0.0, 825.3768045375984], [0.0, 1249.9629280788233, 462.54816385708756], [0.0, 0.0, 1.0]]], "extrinsics": [[[0.8214619159698486, -0.5702309012413025, 0.0060859424993395805, -0.89501953125], [0.014438468031585217, 0.010128628462553024, -0.9998444318771362, 1.4901971817016602], [0.5700805187225342, 0.8214220404624939, 0.016553543508052826, -1.2589111328125], [0.0, 0.0, 0.0, 1.0]], [[0.008774773217737675, -0.9999436736106873, -0.005962998606264591, 0.007568359375], [0.01653522066771984, 0.006107508670538664, -0.9998446702957153, 1.4819583892822266], [0.9998247623443604, 0.008674834854900837, 0.0165878813713789, -1.6259765625], [0.0, 0.0, 0.0, 1.0]], [[-0.8444808721542358, -0.5352309346199036, -0.01949126459658146, 1.02044677734375], [0.02465534582734108, -0.002495539840310812, -0.9996928572654724, 1.4951362609863281], [0.5350178480148315, -0.8447020649909973, 0.015303739346563816, -1.23193359375], [0.0, 0.0, 0.0, 1.0]], [[0.9478692412376404, 0.3186351954936981, 0.003933690022677183, -1.143798828125], [-0.00023750762920826674, 0.01305091381072998, -0.999914824962616, 1.5620365142822266], [-0.31865936517715454, 0.9477875232696533, 0.012446237727999687, -0.15625], [0.0, 0.0, 0.0, 1.0]], [[0.009594080038368702, 0.9999393224716187, 0.005415064748376608, -0.0289306640625], [0.001723803929053247, 0.005398768000304699, -0.9999839067459106, 1.568110466003418], [-0.999952495098114, 0.009603226557374, -0.0016719030681997538, 0.0135498046875], [0.0, 0.0, 0.0, 1.0]], [[-0.9233437180519104, 0.3837873935699463, -0.0119794812053442, 1.10498046875], [0.005723549984395504, -0.017438452690839767, -0.9998315572738647, 1.5481643676757812], [-0.3839317262172699, -0.9232566952705383, 0.013905059546232224, -0.06634521484375], [0.0, 0.0, 0.0, 1.0]]], "view": [[0.0, -2.0, 100.0], [-2.0, 0.0, 100.0], [0.0, 0.0, 1.0]], "bev": "bev_b659437b962e460faf0126bf16fa96be.png", "aux": "aux_b659437b962e460faf0126bf16fa96be.npz", "visibility": "visibility_b659437b962e460faf0126bf16fa96be.png", "pose": [[0.474723219871521, -0.8801351189613342, 0.0, 2136.685546875], [0.8801351189613342, 0.474723219871521, 0.0, 905.0391235351562], [0.0, 0.0, 1.0, 0.0], [0.0, 0.0, 0.0, 1.0]], "pose_inverse": [[0.474723219871521, 0.8801351189613342, 0.0, -1810.8909912109375], [-0.8801351189613342, 0.474723219871521, 0.0, 1450.928955078125], [0.0, 0.0, 1.0, 0.0], [0.0, 0.0, 0.0, 1.0]], "cam_ids": [0, 1, 2, 3, 4, 5], "cam_channels": ["CAM_FRONT_LEFT", "CAM_FRONT", "CAM_FRONT_RIGHT", "CAM_BACK_LEFT", "CAM_BACK", "CAM_BACK_RIGHT"], "token": "b659437b962e460faf0126bf16fa96be", "scene": "scene-0069"}, {"images": ["samples/CAM_FRONT_LEFT/n008-2018-08-01-15-52-19-0400__CAM_FRONT_LEFT__1533153481254799.jpg", "samples/CAM_FRONT/n008-2018-08-01-15-52-19-0400__CAM_FRONT__1533153481262404.jpg", "samples/CAM_FRONT_RIGHT/n008-2018-08-01-15-52-19-0400__CAM_FRONT_RIGHT__1533153481270482.jpg", "samples/CAM_BACK_LEFT/n008-2018-08-01-15-52-19-0400__CAM_BACK_LEFT__1533153481297405.jpg", "samples/CAM_BACK/n008-2018-08-01-15-52-19-0400__CAM_BACK__1533153481287558.jpg", "samples/CAM_BACK_RIGHT/n008-2018-08-01-15-52-19-0400__CAM_BACK_RIGHT__1533153481278113.jpg"], "intrinsics": [[[1257.8625342125129, 0.0, 827.2410631095686], [0.0, 1257.8625342125129, 450.915498205774], [0.0, 0.0, 1.0]], [[1252.8131021185304, 0.0, 826.588114781398], [0.0, 1252.8131021185304, 469.9846626224581], [0.0, 0.0, 1.0]], [[1256.7485116440405, 0.0, 817.7887570959712], [0.0, 1256.7485116440403, 451.9541780095127], [0.0, 0.0, 1.0]], [[1254.9860565800168, 0.0, 829.5769333630991], [0.0, 1254.9860565800168, 467.1680561863987], [0.0, 0.0, 1.0]], [[796.8910634503094, 0.0, 857.7774326863696], [0.0, 796.8910634503094, 476.8848988407415], [0.0, 0.0, 1.0]], [[1249.9629280788233, 0.0, 825.3768045375984], [0.0, 1249.9629280788233, 462.54816385708756], [0.0, 0.0, 1.0]]], "extrinsics": [[[0.8188697695732117, -0.5739169716835022, 0.008468611165881157, -0.893798828125], [0.01942339912056923, 0.012961688451468945, -0.9997273087501526, 1.4909019470214844], [0.5736506581306458, 0.8188109397888184, 0.021761352196335793, -1.2568359375], [0.0, 0.0, 0.0, 1.0]], [[0.005121742375195026, -0.9999498128890991, -0.00859751459211111, 0.0067138671875], [0.021257974207401276, 0.008704560808837414, -0.9997361302375793, 1.4825096130371094], [0.9997609257698059, 0.004937668330967426, 0.02130149118602276, -1.6240234375], [0.0, 0.0, 0.0, 1.0]], [[-0.8458903431892395, -0.5327913165092468, -0.02455456368625164, 1.0194091796875], [0.029123689979314804, -0.00017136747192125767, -0.9995757937431335, 1.4955368041992188], [0.5325610637664795, -0.8462467193603516, 0.015661807730793953, -1.23193359375], [0.0, 0.0, 0.0, 1.0]], [[0.947801947593689, 0.3187686502933502, 0.007610981818288565, -1.146728515625], [0.0031454286072403193, 0.01452118344604969, -0.999889612197876, 1.5620346069335938], [-0.3188440203666687, 0.9477212429046631, 0.012760542333126068, -0.1551513671875], [0.0, 0.0, 0.0, 1.0]], [[0.010527685284614563, 0.9999182820320129, 0.0072568501345813274, -0.0289306640625], [0.005543631035834551, 0.007198777049779892, -0.9999586939811707, 1.5682216882705688], [-0.9999292492866516, 0.010567456483840942, -0.005467391572892666, 0.0146484375], [0.0, 0.0, 0.0, 1.0]], [[-0.9225186109542847, 0.38565942645072937, -0.015038342215120792, 1.104736328125], [0.009892872534692287, -0.01532305870205164, -0.9998336434364319, 1.5484199523925781], [-0.38582566380500793, -0.9225139617919922, 0.010320527479052544, -0.06634521484375], [0.0, 0.0, 0.0, 1.0]]], "view": [[0.0, -2.0, 100.0], [-2.0, 0.0, 100.0], [0.0, 0.0, 1.0]], "bev": "bev_56325f91831d44f9b6a6122b08178ae7.png", "aux": "aux_56325f91831d44f9b6a6122b08178ae7.npz", "visibility": "visibility_56325f91831d44f9b6a6122b08178ae7.png", "pose": [[0.42807549238204956, -0.9037429690361023, 0.0, 2137.421142578125], [0.9037429690361023, 0.42807549238204956, 0.0, 906.456787109375], [0.0, 0.0, 1.0, 0.0], [0.0, 0.0, 0.0, 1.0]], "pose_inverse": [[0.42807549238204956, 0.9037429690361023, 0.0, -1734.1815185546875], [-0.9037429690361023, 0.42807549238204956, 0.0, 1543.6474609375], [0.0, 0.0, 1.0, 0.0], [0.0, 0.0, 0.0, 1.0]], "cam_ids": [0, 1, 2, 3, 4, 5], "cam_channels": ["CAM_FRONT_LEFT", "CAM_FRONT", "CAM_FRONT_RIGHT", "CAM_BACK_LEFT", "CAM_BACK", "CAM_BACK_RIGHT"], "token": "56325f91831d44f9b6a6122b08178ae7", "scene": "scene-0069"}, {"images": ["samples/CAM_FRONT_LEFT/n008-2018-08-01-15-52-19-0400__CAM_FRONT_LEFT__1533153481754799.jpg", "samples/CAM_FRONT/n008-2018-08-01-15-52-19-0400__CAM_FRONT__1533153481762404.jpg", "samples/CAM_FRONT_RIGHT/n008-2018-08-01-15-52-19-0400__CAM_FRONT_RIGHT__1533153481770482.jpg", "samples/CAM_BACK_LEFT/n008-2018-08-01-15-52-19-0400__CAM_BACK_LEFT__1533153481797405.jpg", "samples/CAM_BACK/n008-2018-08-01-15-52-19-0400__CAM_BACK__1533153481787558.jpg", "samples/CAM_BACK_RIGHT/n008-2018-08-01-15-52-19-0400__CAM_BACK_RIGHT__1533153481778113.jpg"], "intrinsics": [[[1257.8625342125129, 0.0, 827.2410631095686], [0.0, 1257.8625342125129, 450.915498205774], [0.0, 0.0, 1.0]], [[1252.8131021185304, 0.0, 826.588114781398], [0.0, 1252.8131021185304, 469.9846626224581], [0.0, 0.0, 1.0]], [[1256.7485116440405, 0.0, 817.7887570959712], [0.0, 1256.7485116440403, 451.9541780095127], [0.0, 0.0, 1.0]], [[1254.9860565800168, 0.0, 829.5769333630991], [0.0, 1254.9860565800168, 467.1680561863987], [0.0, 0.0, 1.0]], [[796.8910634503094, 0.0, 857.7774326863696], [0.0, 796.8910634503094, 476.8848988407415], [0.0, 0.0, 1.0]], [[1249.9629280788233, 0.0, 825.3768045375984], [0.0, 1249.9629280788233, 462.54816385708756], [0.0, 0.0, 1.0]]], "extrinsics": [[[0.8171249628067017, -0.5764312744140625, 0.005805986002087593, -0.884521484375], [0.01137850247323513, 0.0060582347214221954, -0.9999169111251831, 1.4899439811706543], [0.5763483047485352, 0.8171231746673584, 0.011509260162711143, -1.250732421875], [0.0, 0.0, 0.0, 1.0]], [[0.0025255277287214994, -0.9999954700469971, -0.0016358186258003116, 0.0074462890625], [0.013188923709094524, 0.0016689907060936093, -0.9999116063117981, 1.481740951538086], [0.9999098181724548, 0.0025037084706127644, 0.013193079270422459, -1.614990234375], [0.0, 0.0, 0.0, 1.0]], [[-0.8470838069915771, -0.5312764048576355, -0.013942872174084187, 1.01373291015625], [0.021065885201096535, -0.007350543979555368, -0.9997510313987732, 1.4950065612792969], [0.53104168176651, -0.8471666574478149, 0.017418334260582924, -1.227783203125], [0.0, 0.0, 0.0, 1.0]], [[0.9477924108505249, 0.3188825249671936, -0.0018270410364493728, -1.1480712890625], [-0.00423099659383297, 0.006846172735095024, -0.9999675750732422, 1.5620594024658203], [-0.3188597559928894, 0.9477695226669312, 0.007837940938770771, -0.15478515625], [0.0, 0.0, 0.0, 1.0]], [[0.01122753880918026, 0.9999368786811829, -0.0002870643511414528, -0.029052734375], [-0.0021160717587918043, -0.00026332217385061085, -0.9999976754188538, 1.5679948329925537], [-0.999934732913971, 0.011228139512240887, 0.002112981863319874, 0.0128173828125], [0.0, 0.0, 0.0, 1.0]], [[-0.9220844507217407, 0.38684457540512085, -0.010554022155702114, 1.1005859375], [0.0019626645371317863, -0.022597094997763634, -0.9997427463531494, 1.5479583740234375], [-0.38698357343673706, -0.9218679666519165, 0.020077185705304146, -0.06793212890625], [0.0, 0.0, 0.0, 1.0]]], "view": [[0.0, -2.0, 100.0], [-2.0, 0.0, 100.0], [0.0, 0.0, 1.0]], "bev": "bev_db28b78ad54d4ec1a5959e285a0a726c.png", "aux": "aux_db28b78ad54d4ec1a5959e285a0a726c.npz", "visibility": "visibility_db28b78ad54d4ec1a5959e285a0a726c.png", "pose": [[0.3337648808956146, -0.9426563382148743, 0.0, 2138.089599609375], [0.9426563382148743, 0.3337648808956146, 0.0, 908.0303344726562], [0.0, 0.0, 1.0, 0.0], [0.0, 0.0, 0.0, 1.0]], "pose_inverse": [[0.3337648808956146, 0.9426563382148743, 0.0, -1569.579833984375], [-0.9426563382148743, 0.3337648808956146, 0.0, 1712.4150390625], [0.0, 0.0, 1.0, 0.0], [0.0, 0.0, 0.0, 1.0]], "cam_ids": [0, 1, 2, 3, 4, 5], "cam_channels": ["CAM_FRONT_LEFT", "CAM_FRONT", "CAM_FRONT_RIGHT", "CAM_BACK_LEFT", "CAM_BACK", "CAM_BACK_RIGHT"], "token": "db28b78ad54d4ec1a5959e285a0a726c", "scene": "scene-0069"}, {"images": ["samples/CAM_FRONT_LEFT/n008-2018-08-01-15-52-19-0400__CAM_FRONT_LEFT__1533153482154799.jpg", "samples/CAM_FRONT/n008-2018-08-01-15-52-19-0400__CAM_FRONT__1533153482162404.jpg", "samples/CAM_FRONT_RIGHT/n008-2018-08-01-15-52-19-0400__CAM_FRONT_RIGHT__1533153482170482.jpg", "samples/CAM_BACK_LEFT/n008-2018-08-01-15-52-19-0400__CAM_BACK_LEFT__1533153482197405.jpg", "samples/CAM_BACK/n008-2018-08-01-15-52-19-0400__CAM_BACK__1533153482188964.jpg", "samples/CAM_BACK_RIGHT/n008-2018-08-01-15-52-19-0400__CAM_BACK_RIGHT__1533153482178113.jpg"], "intrinsics": [[[1257.8625342125129, 0.0, 827.2410631095686], [0.0, 1257.8625342125129, 450.915498205774], [0.0, 0.0, 1.0]], [[1252.8131021185304, 0.0, 826.588114781398], [0.0, 1252.8131021185304, 469.9846626224581], [0.0, 0.0, 1.0]], [[1256.7485116440405, 0.0, 817.7887570959712], [0.0, 1256.7485116440403, 451.9541780095127], [0.0, 0.0, 1.0]], [[1254.9860565800168, 0.0, 829.5769333630991], [0.0, 1254.9860565800168, 467.1680561863987], [0.0, 0.0, 1.0]], [[796.8910634503094, 0.0, 857.7774326863696], [0.0, 796.8910634503094, 476.8848988407415], [0.0, 0.0, 1.0]], [[1249.9629280788233, 0.0, 825.3768045375984], [0.0, 1249.9629280788233, 462.54816385708756], [0.0, 0.0, 1.0]]], "extrinsics": [[[0.8159424066543579, -0.5780043601989746, 0.012207264080643654, -0.88671875], [0.019811313599348068, 0.006851693615317345, -0.9997802376747131, 1.4911317825317383], [0.5777936577796936, 0.8160049319267273, 0.017041612416505814, -1.25189208984375], [0.0, 0.0, 0.0, 1.0]], [[0.0009836895624175668, -0.9999954104423523, -0.002883031265810132, 0.0072021484375], [0.02205444872379303, 0.0029040249064564705, -0.9997525811195374, 1.4827594757080078], [0.9997562170028687, 0.000919856654945761, 0.022057201713323593, -1.616943359375], [0.0, 0.0, 0.0, 1.0]], [[-0.8475561141967773, -0.5302205085754395, -0.022690581157803535, 1.0148773193359375], [0.030299175530672073, -0.005658873822540045, -0.9995248317718506, 1.495819091796875], [0.5298401713371277, -0.8478409051895142, 0.02086145617067814, -1.228515625], [0.0, 0.0, 0.0, 1.0]], [[0.9477072358131409, 0.31902164220809937, 0.008734805509448051, -1.14923095703125], [0.005845649633556604, 0.010012653656303883, -0.9999327659606934, 1.5620059967041016], [-0.3190876841545105, 0.9476945400238037, 0.0076241749338805676, -0.155029296875], [0.0, 0.0, 0.0, 1.0]], [[0.011223666369915009, 0.9999338984489441, 0.0025094340089708567, -0.0294189453125], [0.007731456309556961, 0.002422736492007971, -0.9999671578407288, 1.568260669708252], [-0.9999071359634399, 0.011242692358791828, -0.007703753653913736, 0.0184326171875], [0.0, 0.0, 0.0, 1.0]], [[-0.9216040968894958, 0.38769078254699707, -0.018485497683286667, 1.100830078125], [0.011448109522461891, -0.020453913137316704, -0.9997252821922302, 1.5485687255859375], [-0.38796237111091614, -0.9215624928474426, 0.014412086457014084, -0.06787109375], [0.0, 0.0, 0.0, 1.0]]], "view": [[0.0, -2.0, 100.0], [-2.0, 0.0, 100.0], [0.0, 0.0, 1.0]], "bev": "bev_c66f9382a2b84b0683a0244e4193bcd4.png", "aux": "aux_c66f9382a2b84b0683a0244e4193bcd4.npz", "visibility": "visibility_c66f9382a2b84b0683a0244e4193bcd4.png", "pose": [[0.23644180595874786, -0.9716456532478333, 0.0, 2138.514404296875], [0.9716456532478333, 0.23644180595874786, 0.0, 909.4113159179688], [0.0, 0.0, 1.0, 0.0], [0.0, 0.0, 0.0, 1.0]], "pose_inverse": [[0.23644180595874786, 0.9716456532478333, 0.0, -1389.259765625], [-0.9716456532478333, 0.23644180595874786, 0.0, 1862.8553466796875], [0.0, 0.0, 1.0, 0.0], [0.0, 0.0, 0.0, 1.0]], "cam_ids": [0, 1, 2, 3, 4, 5], "cam_channels": ["CAM_FRONT_LEFT", "CAM_FRONT", "CAM_FRONT_RIGHT", "CAM_BACK_LEFT", "CAM_BACK", "CAM_BACK_RIGHT"], "token": "c66f9382a2b84b0683a0244e4193bcd4", "scene": "scene-0069"}, {"images": ["samples/CAM_FRONT_LEFT/n008-2018-08-01-15-52-19-0400__CAM_FRONT_LEFT__1533153482654799.jpg", "samples/CAM_FRONT/n008-2018-08-01-15-52-19-0400__CAM_FRONT__1533153482662404.jpg", "samples/CAM_FRONT_RIGHT/n008-2018-08-01-15-52-19-0400__CAM_FRONT_RIGHT__1533153482670482.jpg", "samples/CAM_BACK_LEFT/n008-2018-08-01-15-52-19-0400__CAM_BACK_LEFT__1533153482697405.jpg", "samples/CAM_BACK/n008-2018-08-01-15-52-19-0400__CAM_BACK__1533153482687558.jpg", "samples/CAM_BACK_RIGHT/n008-2018-08-01-15-52-19-0400__CAM_BACK_RIGHT__1533153482678113.jpg"], "intrinsics": [[[1257.8625342125129, 0.0, 827.2410631095686], [0.0, 1257.8625342125129, 450.915498205774], [0.0, 0.0, 1.0]], [[1252.8131021185304, 0.0, 826.588114781398], [0.0, 1252.8131021185304, 469.9846626224581], [0.0, 0.0, 1.0]], [[1256.7485116440405, 0.0, 817.7887570959712], [0.0, 1256.7485116440403, 451.9541780095127], [0.0, 0.0, 1.0]], [[1254.9860565800168, 0.0, 829.5769333630991], [0.0, 1254.9860565800168, 467.1680561863987], [0.0, 0.0, 1.0]], [[796.8910634503094, 0.0, 857.7774326863696], [0.0, 796.8910634503094, 476.8848988407415], [0.0, 0.0, 1.0]], [[1249.9629280788233, 0.0, 825.3768045375984], [0.0, 1249.9629280788233, 462.54816385708756], [0.0, 0.0, 1.0]]], "extrinsics": [[[0.8143555521965027, -0.5802258849143982, 0.012770608998835087, -0.872314453125], [0.01933380216360092, 0.0051299636252224445, -0.999799907207489, 1.4914016723632812], [0.5800442099571228, 0.8144394159317017, 0.01539558358490467, -1.24169921875], [0.0, 0.0, 0.0, 1.0]], [[-0.001237025368027389, -0.9999985098838806, -0.0012306892313063145, 0.00732421875], [0.021087506785988808, 0.0012043314054608345, -0.9997769594192505, 1.4829463958740234], [0.9997768402099609, -0.001262705191038549, 0.021085985004901886, -1.602783203125], [0.0, 0.0, 0.0, 1.0]], [[-0.8484625816345215, -0.5288553833961487, -0.0205706674605608, 1.0060882568359375], [0.02880704402923584, -0.007336833514273167, -0.9995580315589905, 1.4959793090820312], [0.5284707546234131, -0.8486802577972412, 0.02145978808403015, -1.223388671875], [0.0, 0.0, 0.0, 1.0]], [[0.9477637410163879, 0.318925142288208, 0.005540815647691488, -1.14990234375], [0.0029633203521370888, 0.008566460572183132, -0.9999589323997498, 1.562027931213379], [-0.3189595341682434, 0.9477411508560181, 0.007173904217779636, -0.154296875], [0.0, 0.0, 0.0, 1.0]], [[0.012186665087938309, 0.9999252557754517, 0.0009281303500756621, -0.029052734375], [0.005242347717285156, 0.000864295638166368, -0.9999858140945435, 1.5682377815246582], [-0.9999120235443115, 0.012191365472972393, -0.005231423769146204, 0.010498046875], [0.0, 0.0, 0.0, 1.0]], [[-0.9212062358856201, 0.3886890709400177, -0.01731918752193451, 1.0948486328125], [0.009487009607255459, -0.022060565650463104, -0.9997116327285767, 1.5485115051269531], [-0.38895905017852783, -0.9211048483848572, 0.016634833067655563, -0.0703125], [0.0, 0.0, 0.0, 1.0]]], "view": [[0.0, -2.0, 100.0], [-2.0, 0.0, 100.0], [0.0, 0.0, 1.0]], "bev": "bev_2e55334cd46a498d8bf05d801a795191.png", "aux": "aux_2e55334cd46a498d8bf05d801a795191.npz", "visibility": "visibility_2e55334cd46a498d8bf05d801a795191.png", "pose": [[0.07782295346260071, -0.9969671964645386, 0.0, 2138.833984375], [0.9969671964645386, 0.07782295346260071, 0.0, 911.3270874023438], [0.0, 0.0, 1.0, 0.0], [0.0, 0.0, 0.0, 1.0]], "pose_inverse": [[0.07782295346260071, 0.9969671964645386, 0.0, -1075.0135498046875], [-0.9969671964645386, 0.07782295346260071, 0.0, 2061.425048828125], [0.0, 0.0, 1.0, 0.0], [0.0, 0.0, 0.0, 1.0]], "cam_ids": [0, 1, 2, 3, 4, 5], "cam_channels": ["CAM_FRONT_LEFT", "CAM_FRONT", "CAM_FRONT_RIGHT", "CAM_BACK_LEFT", "CAM_BACK", "CAM_BACK_RIGHT"], "token": "2e55334cd46a498d8bf05d801a795191", "scene": "scene-0069"}, {"images": ["samples/CAM_FRONT_LEFT/n008-2018-08-01-15-52-19-0400__CAM_FRONT_LEFT__1533153483254799.jpg", "samples/CAM_FRONT/n008-2018-08-01-15-52-19-0400__CAM_FRONT__1533153483262404.jpg", "samples/CAM_FRONT_RIGHT/n008-2018-08-01-15-52-19-0400__CAM_FRONT_RIGHT__1533153483270482.jpg", "samples/CAM_BACK_LEFT/n008-2018-08-01-15-52-19-0400__CAM_BACK_LEFT__1533153483297405.jpg", "samples/CAM_BACK/n008-2018-08-01-15-52-19-0400__CAM_BACK__1533153483287558.jpg", "samples/CAM_BACK_RIGHT/n008-2018-08-01-15-52-19-0400__CAM_BACK_RIGHT__1533153483278121.jpg"], "intrinsics": [[[1257.8625342125129, 0.0, 827.2410631095686], [0.0, 1257.8625342125129, 450.915498205774], [0.0, 0.0, 1.0]], [[1252.8131021185304, 0.0, 826.588114781398], [0.0, 1252.8131021185304, 469.9846626224581], [0.0, 0.0, 1.0]], [[1256.7485116440405, 0.0, 817.7887570959712], [0.0, 1256.7485116440403, 451.9541780095127], [0.0, 0.0, 1.0]], [[1254.9860565800168, 0.0, 829.5769333630991], [0.0, 1254.9860565800168, 467.1680561863987], [0.0, 0.0, 1.0]], [[796.8910634503094, 0.0, 857.7774326863696], [0.0, 796.8910634503094, 476.8848988407415], [0.0, 0.0, 1.0]], [[1249.9629280788233, 0.0, 825.3768045375984], [0.0, 1249.9629280788233, 462.54816385708756], [0.0, 0.0, 1.0]]], "extrinsics": [[[0.8146613836288452, -0.5798662900924683, 0.009059089235961437, -0.8616943359375], [0.013592456467449665, 0.0034750287886708975, -0.999901533126831, 1.4906461238861084], [0.579777717590332, 0.8147043585777283, 0.010712777264416218, -1.235107421875], [0.0, 0.0, 0.0, 1.0]], [[-0.0009039291180670261, -0.999999463558197, 0.0005359136848710477, 0.007568359375], [0.015386928804218769, -0.0005497591919265687, -0.9998815059661865, 1.4823503494262695], [0.9998811483383179, -0.000895563280209899, 0.015387417748570442, -1.5927734375], [0.0, 0.0, 0.0, 1.0]], [[-0.848429262638092, -0.5291017293930054, -0.014802172780036926, 0.99981689453125], [0.023193415254354477, -0.009223959408700466, -0.999688446521759, 1.4955978393554688], [0.528800368309021, -0.8485082983970642, 0.020097553730010986, -1.218994140625], [0.0, 0.0, 0.0, 1.0]], [[0.947808563709259, 0.3188396990299225, -0.00046772067435085773, -1.1488800048828125], [-0.002542945323511958, 0.006092447321861982, -0.999978244304657, 1.5620555877685547], [-0.3188299238681793, 0.9477891325950623, 0.006585266441106796, -0.15478515625], [0.0, 0.0, 0.0, 1.0]], [[0.012123176828026772, 0.9999256134033203, -0.0014031885657459497, -0.029052734375], [-0.00029102482949383557, -0.0013997628120705485, -0.999998927116394, 1.5680514574050903], [-0.9999265074729919, 0.012123565189540386, 0.0002740328200161457, 0.00775146484375], [0.0, 0.0, 0.0, 1.0]], [[-0.9213584065437317, 0.38849663734436035, -0.01300138235092163, 1.0902099609375], [0.003938601817935705, -0.024115104228258133, -0.9997014403343201, 1.5481376647949219], [-0.3886941373348236, -0.9211345911026001, 0.02068852074444294, -0.0721435546875], [0.0, 0.0, 0.0, 1.0]]], "view": [[0.0, -2.0, 100.0], [-2.0, 0.0, 100.0], [0.0, 0.0, 1.0]], "bev": "bev_69bc35440f5545169c6c29a713a138ce.png", "aux": "aux_69bc35440f5545169c6c29a713a138ce.npz", "visibility": "visibility_69bc35440f5545169c6c29a713a138ce.png", "pose": [[-0.12368502467870712, -0.9923215508460999, 0.0, 2138.792236328125], [0.9923215508460999, -0.12368502467870712, 0.0, 913.7918090820312], [0.0, 0.0, 1.0, 0.0], [0.0, 0.0, 0.0, 1.0]], "pose_inverse": [[-0.12368502467870712, 0.9923215508460999, 0.0, -642.2387084960938], [-0.9923215508460999, -0.12368502467870712, 0.0, 2235.391845703125], [0.0, 0.0, 1.0, 0.0], [0.0, 0.0, 0.0, 1.0]], "cam_ids": [0, 1, 2, 3, 4, 5], "cam_channels": ["CAM_FRONT_LEFT", "CAM_FRONT", "CAM_FRONT_RIGHT", "CAM_BACK_LEFT", "CAM_BACK", "CAM_BACK_RIGHT"], "token": "69bc35440f5545169c6c29a713a138ce", "scene": "scene-0069"}, {"images": ["samples/CAM_FRONT_LEFT/n008-2018-08-01-15-52-19-0400__CAM_FRONT_LEFT__1533153483754799.jpg", "samples/CAM_FRONT/n008-2018-08-01-15-52-19-0400__CAM_FRONT__1533153483762404.jpg", "samples/CAM_FRONT_RIGHT/n008-2018-08-01-15-52-19-0400__CAM_FRONT_RIGHT__1533153483770482.jpg", "samples/CAM_BACK_LEFT/n008-2018-08-01-15-52-19-0400__CAM_BACK_LEFT__1533153483797405.jpg", "samples/CAM_BACK/n008-2018-08-01-15-52-19-0400__CAM_BACK__1533153483787558.jpg", "samples/CAM_BACK_RIGHT/n008-2018-08-01-15-52-19-0400__CAM_BACK_RIGHT__1533153483778113.jpg"], "intrinsics": [[[1257.8625342125129, 0.0, 827.2410631095686], [0.0, 1257.8625342125129, 450.915498205774], [0.0, 0.0, 1.0]], [[1252.8131021185304, 0.0, 826.588114781398], [0.0, 1252.8131021185304, 469.9846626224581], [0.0, 0.0, 1.0]], [[1256.7485116440405, 0.0, 817.7887570959712], [0.0, 1256.7485116440403, 451.9541780095127], [0.0, 0.0, 1.0]], [[1254.9860565800168, 0.0, 829.5769333630991], [0.0, 1254.9860565800168, 467.1680561863987], [0.0, 0.0, 1.0]], [[796.8910634503094, 0.0, 857.7774326863696], [0.0, 796.8910634503094, 476.8848988407415], [0.0, 0.0, 1.0]], [[1249.9629280788233, 0.0, 825.3768045375984], [0.0, 1249.9629280788233, 462.54816385708756], [0.0, 0.0, 1.0]]], "extrinsics": [[[0.8147202730178833, -0.5798460841178894, 0.0030704394448548555, -0.85546875], [0.00310882437042892, -0.0009271432063542306, -0.999994695186615, 1.4888579845428467], [0.5798458456993103, 0.8147255778312683, 0.0010472754947841167, -1.23193359375], [0.0, 0.0, 0.0, 1.0]], [[-0.0009219187195412815, -0.9999876022338867, 0.004882244858890772, 0.00830078125], [0.005273142363876104, -0.004887041170150042, -0.9999741315841675, 1.4809589385986328], [0.9999856352806091, -0.0008961694547906518, 0.005277583841234446, -1.587310791015625], [0.0, 0.0, 0.0, 1.0]], [[-0.8485455513000488, -0.5291048288345337, -0.0043117208406329155, 0.99658203125], [0.013479094952344894, -0.013469330035150051, -0.9998183846473694, 1.4946212768554688], [0.5289506912231445, -0.8484495282173157, 0.018561193719506264, -1.216552734375], [0.0, 0.0, 0.0, 1.0]], [[0.9477172493934631, 0.3189581632614136, -0.009886707179248333, -1.149169921875], [-0.011117390356957912, 0.0020380925852805376, -0.9999361634254456, 1.5621085166931152], [-0.3189176917076111, 0.9477666020393372, 0.005477518774569035, -0.154541015625], [0.0, 0.0, 0.0, 1.0]], [[0.012076210230588913, 0.9999113082885742, -0.005618236027657986, -0.029052734375], [-0.009252907708287239, -0.0055066561326384544, -0.9999420046806335, 1.5677165985107422], [-0.9998842477798462, 0.012127513997256756, 0.00918558705598116, 0.006500244140625], [0.0, 0.0, 0.0, 1.0]], [[-0.9214339852333069, 0.38848885893821716, -0.00597896333783865, 1.087158203125], [-0.005442076362669468, -0.02829165942966938, -0.9995849132537842, 1.5474281311035156], [-0.3884967267513275, -0.9210188984870911, 0.028183085843920708, -0.07275390625], [0.0, 0.0, 0.0, 1.0]]], "view": [[0.0, -2.0, 100.0], [-2.0, 0.0, 100.0], [0.0, 0.0, 1.0]], "bev": "bev_b203d6cccc1e436ca967c6bb9f7a98b4.png", "aux": "aux_b203d6cccc1e436ca967c6bb9f7a98b4.npz", "visibility": "visibility_b203d6cccc1e436ca967c6bb9f7a98b4.png", "pose": [[-0.2803890109062195, -0.9598864316940308, 0.0, 2138.3857421875], [0.9598864316940308, -0.2803890109062195, 0.0, 915.8971557617188], [0.0, 0.0, 1.0, 0.0], [0.0, 0.0, 0.0, 1.0]], "pose_inverse": [[-0.2803890109062195, 0.9598864316940308, 0.0, -279.577392578125], [-0.9598864316940308, -0.2803890109062195, 0.0, 2309.4150390625], [0.0, 0.0, 1.0, 0.0], [0.0, 0.0, 0.0, 1.0]], "cam_ids": [0, 1, 2, 3, 4, 5], "cam_channels": ["CAM_FRONT_LEFT", "CAM_FRONT", "CAM_FRONT_RIGHT", "CAM_BACK_LEFT", "CAM_BACK", "CAM_BACK_RIGHT"], "token": "b203d6cccc1e436ca967c6bb9f7a98b4", "scene": "scene-0069"}, {"images": ["samples/CAM_FRONT_LEFT/n008-2018-08-01-15-52-19-0400__CAM_FRONT_LEFT__1533153484254799.jpg", "samples/CAM_FRONT/n008-2018-08-01-15-52-19-0400__CAM_FRONT__1533153484262404.jpg", "samples/CAM_FRONT_RIGHT/n008-2018-08-01-15-52-19-0400__CAM_FRONT_RIGHT__1533153484270482.jpg", "samples/CAM_BACK_LEFT/n008-2018-08-01-15-52-19-0400__CAM_BACK_LEFT__1533153484297405.jpg", "samples/CAM_BACK/n008-2018-08-01-15-52-19-0400__CAM_BACK__1533153484287558.jpg", "samples/CAM_BACK_RIGHT/n008-2018-08-01-15-52-19-0400__CAM_BACK_RIGHT__1533153484278113.jpg"], "intrinsics": [[[1257.8625342125129, 0.0, 827.2410631095686], [0.0, 1257.8625342125129, 450.915498205774], [0.0, 0.0, 1.0]], [[1252.8131021185304, 0.0, 826.588114781398], [0.0, 1252.8131021185304, 469.9846626224581], [0.0, 0.0, 1.0]], [[1256.7485116440405, 0.0, 817.7887570959712], [0.0, 1256.7485116440403, 451.9541780095127], [0.0, 0.0, 1.0]], [[1254.9860565800168, 0.0, 829.5769333630991], [0.0, 1254.9860565800168, 467.1680561863987], [0.0, 0.0, 1.0]], [[796.8910634503094, 0.0, 857.7774326863696], [0.0, 796.8910634503094, 476.8848988407415], [0.0, 0.0, 1.0]], [[1249.9629280788233, 0.0, 825.3768045375984], [0.0, 1249.9629280788233, 462.54816385708756], [0.0, 0.0, 1.0]]], "extrinsics": [[[0.81382817029953, -0.5810928344726562, 0.0038630818016827106, -0.8436279296875], [0.004315289668738842, -0.0006042770692147315, -0.9999904632568359, 1.4891431331634521], [0.5810896158218384, 0.8138371109962463, 0.0020158051047474146, -1.222900390625], [0.0, 0.0, 0.0, 1.0]], [[-0.0021840103436261415, -0.9999872446060181, 0.004558826331049204, 0.0078125], [0.006369357462972403, -0.0045726546086370945, -0.9999693036079407, 1.4811973571777344], [0.9999772906303406, -0.0021548811346292496, 0.0063792625442147255, -1.574676513671875], [0.0, 0.0, 0.0, 1.0]], [[-0.8490650653839111, -0.5282607078552246, -0.005385805852711201, 0.988037109375], [0.0145029965788126, -0.013117030262947083, -0.9998087882995605, 1.4948749542236328], [0.5280891060829163, -0.8489808440208435, 0.018798576667904854, -1.211181640625], [0.0, 0.0, 0.0, 1.0]], [[0.9478391408920288, 0.3186285197734833, -0.008764230646193027, -1.145751953125], [-0.01024127472192049, 0.0029606588650494814, -0.9999431371688843, 1.5620617866516113], [-0.31858450174331665, 0.9478750824928284, 0.0060693915002048016, -0.155517578125], [0.0, 0.0, 0.0, 1.0]], [[0.012583100236952305, 0.9999087452888489, -0.004917619284242392, -0.029296875], [-0.00831578578799963, -0.0048131924122571945, -0.9999538064002991, 1.567708969116211], [-0.9998862743377686, 0.01262340322136879, 0.008254462853074074, 0.001434326171875], [0.0, 0.0, 0.0, 1.0]], [[-0.921136736869812, 0.3891812562942505, -0.006705889478325844, 1.08026123046875], [-0.004464838653802872, -0.027791574597358704, -0.9996037483215332, 1.5474700927734375], [-0.3892134130001068, -0.9207417964935303, 0.02733747661113739, -0.075927734375], [0.0, 0.0, 0.0, 1.0]]], "view": [[0.0, -2.0, 100.0], [-2.0, 0.0, 100.0], [0.0, 0.0, 1.0]], "bev": "bev_ad6535e0ac204f018bad5da2164cafcb.png", "aux": "aux_ad6535e0ac204f018bad5da2164cafcb.npz", "visibility": "visibility_ad6535e0ac204f018bad5da2164cafcb.png", "pose": [[-0.4429549276828766, -0.8965438604354858, 0.0, 2137.578125], [0.8965438604354858, -0.4429549276828766, 0.0, 918.0580444335938], [0.0, 0.0, 1.0, 0.0], [0.0, 0.0, 0.0, 1.0]], "pose_inverse": [[-0.4429549276828766, 0.8965438604354858, 0.0, 123.77143096923828], [-0.8965438604354858, -0.4429549276828766, 0.0, 2323.0908203125], [0.0, 0.0, 1.0, 0.0], [0.0, 0.0, 0.0, 1.0]], "cam_ids": [0, 1, 2, 3, 4, 5], "cam_channels": ["CAM_FRONT_LEFT", "CAM_FRONT", "CAM_FRONT_RIGHT", "CAM_BACK_LEFT", "CAM_BACK", "CAM_BACK_RIGHT"], "token": "ad6535e0ac204f018bad5da2164cafcb", "scene": "scene-0069"}, {"images": ["samples/CAM_FRONT_LEFT/n008-2018-08-01-15-52-19-0400__CAM_FRONT_LEFT__1533153484754799.jpg", "samples/CAM_FRONT/n008-2018-08-01-15-52-19-0400__CAM_FRONT__1533153484762404.jpg", "samples/CAM_FRONT_RIGHT/n008-2018-08-01-15-52-19-0400__CAM_FRONT_RIGHT__1533153484770482.jpg", "samples/CAM_BACK_LEFT/n008-2018-08-01-15-52-19-0400__CAM_BACK_LEFT__1533153484797405.jpg", "samples/CAM_BACK/n008-2018-08-01-15-52-19-0400__CAM_BACK__1533153484787558.jpg", "samples/CAM_BACK_RIGHT/n008-2018-08-01-15-52-19-0400__CAM_BACK_RIGHT__1533153484778113.jpg"], "intrinsics": [[[1257.8625342125129, 0.0, 827.2410631095686], [0.0, 1257.8625342125129, 450.915498205774], [0.0, 0.0, 1.0]], [[1252.8131021185304, 0.0, 826.588114781398], [0.0, 1252.8131021185304, 469.9846626224581], [0.0, 0.0, 1.0]], [[1256.7485116440405, 0.0, 817.7887570959712], [0.0, 1256.7485116440403, 451.9541780095127], [0.0, 0.0, 1.0]], [[1254.9860565800168, 0.0, 829.5769333630991], [0.0, 1254.9860565800168, 467.1680561863987], [0.0, 0.0, 1.0]], [[796.8910634503094, 0.0, 857.7774326863696], [0.0, 796.8910634503094, 476.8848988407415], [0.0, 0.0, 1.0]], [[1249.9629280788233, 0.0, 825.3768045375984], [0.0, 1249.9629280788233, 462.54816385708756], [0.0, 0.0, 1.0]]], "extrinsics": [[[0.814619243144989, -0.5799512267112732, 0.0072286734357476234, -0.8250732421875], [0.006420970428735018, -0.003444832982495427, -0.9999734163284302, 1.4897122383117676], [0.5799607038497925, 0.814643919467926, 0.0009176213061437011, -1.2109375], [0.0, 0.0, 0.0, 1.0]], [[-0.001068974961526692, -0.9999715685844421, 0.0074742380529642105, 0.009033203125], [0.008296914398670197, -0.00748285511508584, -0.9999375939369202, 1.4816741943359375], [0.9999650716781616, -0.0010069103445857763, 0.008304676041007042, -1.55645751953125], [0.0, 0.0, 0.0, 1.0]], [[-0.8486180901527405, -0.528978705406189, -0.0053677731193602085, 0.97607421875], [0.016355736181139946, -0.016094058752059937, -0.9997367262840271, 1.4953575134277344], [0.5287531018257141, -0.8484824895858765, 0.022309545427560806, -1.2027587890625], [0.0, 0.0, 0.0, 1.0]], [[0.9478491544723511, 0.3186070919036865, -0.008464470505714417, -1.1444091796875], [-0.00886557437479496, -0.00019118339696433395, -0.999960720539093, 1.5620474815368652], [-0.318596214056015, 0.9478868246078491, 0.0026434226892888546, -0.156982421875], [0.0, 0.0, 0.0, 1.0]], [[0.0123670045286417, 0.9998914003372192, -0.008021438494324684, -0.029541015625], [-0.006861486472189426, -0.007937001995742321, -0.9999449253082275, 1.5677337646484375], [-0.9998999834060669, 0.012421363033354282, 0.006762583740055561, -0.00494384765625], [0.0, 0.0, 0.0, 1.0]], [[-0.921332061290741, 0.38866373896598816, -0.009365944191813469, 1.070068359375], [-0.002851160243153572, -0.030844956636428833, -0.9995201230049133, 1.5475997924804688], [-0.38876616954803467, -0.9208632707595825, 0.029526587575674057, -0.079345703125], [0.0, 0.0, 0.0, 1.0]]], "view": [[0.0, -2.0, 100.0], [-2.0, 0.0, 100.0], [0.0, 0.0, 1.0]], "bev": "bev_5634a399a72341d8bb4bbc19f395eeaf.png", "aux": "aux_5634a399a72341d8bb4bbc19f395eeaf.npz", "visibility": "visibility_5634a399a72341d8bb4bbc19f395eeaf.png", "pose": [[-0.5928724408149719, -0.8052964210510254, 0.0, 2136.35302734375], [0.8052964210510254, -0.5928724408149719, 0.0, 920.1198120117188], [0.0, 0.0, 1.0, 0.0], [0.0, 0.0, 0.0, 1.0]], "pose_inverse": [[-0.5928724408149719, 0.8052964210510254, 0.0, 525.6156005859375], [-0.8052964210510254, -0.5928724408149719, 0.0, 2265.9111328125], [0.0, 0.0, 1.0, 0.0], [0.0, 0.0, 0.0, 1.0]], "cam_ids": [0, 1, 2, 3, 4, 5], "cam_channels": ["CAM_FRONT_LEFT", "CAM_FRONT", "CAM_FRONT_RIGHT", "CAM_BACK_LEFT", "CAM_BACK", "CAM_BACK_RIGHT"], "token": "5634a399a72341d8bb4bbc19f395eeaf", "scene": "scene-0069"}, {"images": ["samples/CAM_FRONT_LEFT/n008-2018-08-01-15-52-19-0400__CAM_FRONT_LEFT__1533153485254799.jpg", "samples/CAM_FRONT/n008-2018-08-01-15-52-19-0400__CAM_FRONT__1533153485262404.jpg", "samples/CAM_FRONT_RIGHT/n008-2018-08-01-15-52-19-0400__CAM_FRONT_RIGHT__1533153485270482.jpg", "samples/CAM_BACK_LEFT/n008-2018-08-01-15-52-19-0400__CAM_BACK_LEFT__1533153485297405.jpg", "samples/CAM_BACK/n008-2018-08-01-15-52-19-0400__CAM_BACK__1533153485287558.jpg", "samples/CAM_BACK_RIGHT/n008-2018-08-01-15-52-19-0400__CAM_BACK_RIGHT__1533153485278113.jpg"], "intrinsics": [[[1257.8625342125129, 0.0, 827.2410631095686], [0.0, 1257.8625342125129, 450.915498205774], [0.0, 0.0, 1.0]], [[1252.8131021185304, 0.0, 826.588114781398], [0.0, 1252.8131021185304, 469.9846626224581], [0.0, 0.0, 1.0]], [[1256.7485116440405, 0.0, 817.7887570959712], [0.0, 1256.7485116440403, 451.9541780095127], [0.0, 0.0, 1.0]], [[1254.9860565800168, 0.0, 829.5769333630991], [0.0, 1254.9860565800168, 467.1680561863987], [0.0, 0.0, 1.0]], [[796.8910634503094, 0.0, 857.7774326863696], [0.0, 796.8910634503094, 476.8848988407415], [0.0, 0.0, 1.0]], [[1249.9629280788233, 0.0, 825.3768045375984], [0.0, 1249.9629280788233, 462.54816385708756], [0.0, 0.0, 1.0]]], "extrinsics": [[[0.8150119185447693, -0.579437792301178, -0.002744063502177596, -0.8145751953125], [0.00647007254883647, 0.013835705816745758, -0.9998833537101746, 1.4896736145019531], [0.5794081687927246, 0.8148991465568542, 0.01502526830881834, -1.206787109375], [0.0, 0.0, 0.0, 1.0]], [[-0.0005285220686346292, -0.999950647354126, -0.009914125315845013, 0.010498046875], [0.00836115051060915, 0.009909359738230705, -0.9999159574508667, 1.4816856384277344], [0.9999648928642273, -0.0006113907438702881, 0.008355502039194107, -1.5467529296875], [0.0, 0.0, 0.0, 1.0]], [[-0.8484057784080505, -0.5291471481323242, -0.014521989971399307, 0.97021484375], [0.016258221119642258, 0.001372941886074841, -0.9998668432235718, 1.4954185485839844], [0.5290966033935547, -0.8485289812088013, 0.007438179571181536, -1.1976318359375], [0.0, 0.0, 0.0, 1.0]], [[0.9478908777236938, 0.3185790479183197, -0.003218327183276415, -1.142578125], [-0.00918869860470295, 0.017239581793546677, -0.9998091459274292, 1.56201171875], [-0.3184627592563629, 0.9477394819259644, 0.019268568605184555, -0.157470703125], [0.0, 0.0, 0.0, 1.0]], [[0.012273627333343029, 0.9998800158500671, 0.009447888471186161, -0.02978515625], [-0.007038020994514227, 0.009534750133752823, -0.9999297857284546, 1.567667007446289], [-0.9998999238014221, 0.01220624893