[{"images": ["samples/CAM_FRONT_LEFT/n015-2018-10-08-15-44-23+0800__CAM_FRONT_LEFT__1538984704004844.jpg", "samples/CAM_FRONT/n015-2018-10-08-15-44-23+0800__CAM_FRONT__1538984704012460.jpg", "samples/CAM_FRONT_RIGHT/n015-2018-10-08-15-44-23+0800__CAM_FRONT_RIGHT__1538984704020339.jpg", "samples/CAM_BACK_LEFT/n015-2018-10-08-15-44-23+0800__CAM_BACK_LEFT__1538984704047423.jpg", "samples/CAM_BACK/n015-2018-10-08-15-44-23+0800__CAM_BACK__1538984704037525.jpg", "samples/CAM_BACK_RIGHT/n015-2018-10-08-15-44-23+0800__CAM_BACK_RIGHT__1538984704027893.jpg"], "intrinsics": [[[1272.5979470598488, 0.0, 826.6154927353808], [0.0, 1272.5979470598488, 479.75165386361925], [0.0, 0.0, 1.0]], [[1266.417203046554, 0.0, 816.2670197447984], [0.0, 1266.417203046554, 491.50706579294757], [0.0, 0.0, 1.0]], [[1260.8474446004698, 0.0, 807.968244525554], [0.0, 1260.8474446004698, 495.3344268742088], [0.0, 0.0, 1.0]], [[1256.7414812095406, 0.0, 792.1125740759628], [0.0, 1256.7414812095406, 492.7757465151356], [0.0, 0.0, 1.0]], [[809.2209905677063, 0.0, 829.2196003259838], [0.0, 809.2209905677063, 481.77842384512485], [0.0, 0.0, 1.0]], [[1259.5137405846733, 0.0, 807.2529053838625], [0.0, 1259.5137405846733, 501.19579884916527], [0.0, 0.0, 1.0]]], "extrinsics": [[[0.8209213018417358, -0.571001410484314, -0.00675479881465435, -0.67645263671875], [-0.011809688992798328, -0.005149874836206436, -0.9999169707298279, 1.504140853881836], [0.5709192156791687, 0.820932924747467, -0.010970990173518658, -1.0836181640625], [0.0, 0.0, 0.0, 1.0]], [[0.006110688671469688, -0.9999372959136963, 0.009379920549690723, 0.009521484375], [-0.01744437962770462, -0.009485263377428055, -0.9998028874397278, 1.515554428100586], [0.999829113483429, 0.005945894867181778, -0.01750124618411064, -1.40533447265625], [0.0, 0.0, 0.0, 1.0]], [[-0.8327499628067017, -0.5536166429519653, 0.006018989719450474, 0.848388671875], [-0.012177173048257828, 0.0074458797462284565, -0.9998981356620789, 1.500910997390747], [0.5535154342651367, -0.8327383995056152, -0.012942040339112282, -1.123046875], [0.0, 0.0, 0.0, 1.0]], [[0.9477022290229797, 0.3189319372177124, -0.011957693845033646, -1.13818359375], [-0.004533698782324791, -0.024009907618165016, -0.9997014403343201, 1.5885353088378906], [-0.3191238343715668, 0.9474735260009766, -0.021308299154043198, -0.105224609375], [0.0, 0.0, 0.0, 1.0]], [[0.002127658808603883, 0.999904990196228, -0.01362154632806778, 0.0020751953125], [-0.029573975130915642, -0.013552701100707054, -0.9994707107543945, 1.5768966674804688], [-0.9995604157447815, 0.0025293666403740644, 0.02954232692718506, -0.08184814453125], [0.0, 0.0, 0.0, 1.0]], [[-0.9349806308746338, 0.35469046235084534, -0.002436539391055703, 0.9847946166992188], [0.00342821073718369, 0.0021674917079508305, -0.999991774559021, 1.5519976615905762], [-0.3546823561191559, -0.9349813461303711, -0.003242515493184328, -0.1187744140625], [0.0, 0.0, 0.0, 1.0]]], "view": [[0.0, -2.0, 100.0], [-2.0, 0.0, 100.0], [0.0, 0.0, 1.0]], "bev": "bev_c07a480048b04e989f6fc1e002e5c5b8.png", "aux": "aux_c07a480048b04e989f6fc1e002e5c5b8.npz", "visibility": "visibility_c07a480048b04e989f6fc1e002e5c5b8.png", "pose": [[-0.7829182744026184, -0.6221246123313904, 0.0, 1762.29052734375], [0.6221246123313904, -0.7829182744026184, 0.0, 921.697509765625], [0.0, 0.0, 1.0, 0.0], [0.0, 0.0, 0.0, 1.0]], "pose_inverse": [[-0.7829182744026184, 0.6221246123313904, 0.0, 806.3187255859375], [-0.6221246123313904, -0.7829182744026184, 0.0, 1817.9781494140625], [0.0, 0.0, 1.0, 0.0], [0.0, 0.0, 0.0, 1.0]], "cam_ids": [0, 1, 2, 3, 4, 5], "cam_channels": ["CAM_FRONT_LEFT", "CAM_FRONT", "CAM_FRONT_RIGHT", "CAM_BACK_LEFT", "CAM_BACK", "CAM_BACK_RIGHT"], "token": "c07a480048b04e989f6fc1e002e5c5b8", "scene": "scene-0923"}, {"images": ["samples/CAM_FRONT_LEFT/n015-2018-10-08-15-44-23+0800__CAM_FRONT_LEFT__1538984704404844.jpg", "samples/CAM_FRONT/n015-2018-10-08-15-44-23+0800__CAM_FRONT__1538984704412460.jpg", "samples/CAM_FRONT_RIGHT/n015-2018-10-08-15-44-23+0800__CAM_FRONT_RIGHT__1538984704420339.jpg", "samples/CAM_BACK_LEFT/n015-2018-10-08-15-44-23+0800__CAM_BACK_LEFT__1538984704447423.jpg", "samples/CAM_BACK/n015-2018-10-08-15-44-23+0800__CAM_BACK__1538984704437525.jpg", "samples/CAM_BACK_RIGHT/n015-2018-10-08-15-44-23+0800__CAM_BACK_RIGHT__1538984704427893.jpg"], "intrinsics": [[[1272.5979470598488, 0.0, 826.6154927353808], [0.0, 1272.5979470598488, 479.75165386361925], [0.0, 0.0, 1.0]], [[1266.417203046554, 0.0, 816.2670197447984], [0.0, 1266.417203046554, 491.50706579294757], [0.0, 0.0, 1.0]], [[1260.8474446004698, 0.0, 807.968244525554], [0.0, 1260.8474446004698, 495.3344268742088], [0.0, 0.0, 1.0]], [[1256.7414812095406, 0.0, 792.1125740759628], [0.0, 1256.7414812095406, 492.7757465151356], [0.0, 0.0, 1.0]], [[809.2209905677063, 0.0, 829.2196003259838], [0.0, 809.2209905677063, 481.77842384512485], [0.0, 0.0, 1.0]], [[1259.5137405846733, 0.0, 807.2529053838625], [0.0, 1259.5137405846733, 501.19579884916527], [0.0, 0.0, 1.0]]], "extrinsics": [[[0.8209711909294128, -0.5709342360496521, 0.006356742233037949, -0.6727294921875], [-0.007786981295794249, -0.022328056395053864, -0.9997203350067139, 1.5055427551269531], [0.570916473865509, 0.8206921219825745, -0.022776545956730843, -1.080078125], [0.0, 0.0, 0.0, 1.0]], [[0.0060968296602368355, -0.999630868434906, 0.026472175493836403, 0.0087890625], [-0.012575510889291763, -0.02654721960425377, -0.9995684623718262, 1.5169258117675781], [0.9999023675918579, 0.005761315114796162, -0.012732723727822304, -1.40118408203125], [0.0, 0.0, 0.0, 1.0]], [[-0.8327654600143433, -0.5535240173339844, 0.01061662845313549, 0.844970703125], [-0.006432453170418739, -0.009501307271420956, -0.9999341368675232, 1.5022029876708984], [0.5535884499549866, -0.8327789902687073, 0.004351846408098936, -1.122314453125], [0.0, 0.0, 0.0, 1.0]], [[0.9478020071983337, 0.31873053312301636, -0.009060055017471313, -1.1397705078125], [0.003982924856245518, -0.040246110409498215, -0.9991818070411682, 1.5885696411132812], [-0.31883448362350464, 0.9469905495643616, -0.03941482678055763, -0.1046142578125], [0.0, 0.0, 0.0, 1.0]], [[0.0022903834469616413, 0.9995423555374146, -0.030162900686264038, 0.00244140625], [-0.02205059491097927, -0.030105162411928177, -0.9993034601211548, 1.5775222778320312], [-0.9997541904449463, 0.0029539400711655617, 0.021971547976136208, -0.082275390625], [0.0, 0.0, 0.0, 1.0]], [[-0.934937596321106, 0.3545152544975281, -0.014508480206131935, 0.98297119140625], [0.009961691685020924, -0.014647163450717926, -0.9998431205749512, 1.5530948638916016], [-0.3546721339225769, -0.9349355101585388, 0.010162613354623318, -0.1207275390625], [0.0, 0.0, 0.0, 1.0]]], "view": [[0.0, -2.0, 100.0], [-2.0, 0.0, 100.0], [0.0, 0.0, 1.0]], "bev": "bev_98ee37d7d8714802ad0182ee67db1fa3.png", "aux": "aux_98ee37d7d8714802ad0182ee67db1fa3.npz", "visibility": "visibility_98ee37d7d8714802ad0182ee67db1fa3.png", "pose": [[-0.7811406850814819, -0.6243550181388855, 0.0, 1759.7073974609375], [0.6243550181388855, -0.7811406850814819, 0.0, 923.7891845703125], [0.0, 0.0, 1.0, 0.0], [0.0, 0.0, 0.0, 1.0]], "pose_inverse": [[-0.7811406850814819, 0.6243550181388855, 0.0, 797.806640625], [-0.6243550181388855, -0.7811406850814819, 0.0, 1820.29150390625], [0.0, 0.0, 1.0, 0.0], [0.0, 0.0, 0.0, 1.0]], "cam_ids": [0, 1, 2, 3, 4, 5], "cam_channels": ["CAM_FRONT_LEFT", "CAM_FRONT", "CAM_FRONT_RIGHT", "CAM_BACK_LEFT", "CAM_BACK", "CAM_BACK_RIGHT"], "token": "98ee37d7d8714802ad0182ee67db1fa3", "scene": "scene-0923"}, {"images": ["samples/CAM_FRONT_LEFT/n015-2018-10-08-15-44-23+0800__CAM_FRONT_LEFT__1538984705004844.jpg", "samples/CAM_FRONT/n015-2018-10-08-15-44-23+0800__CAM_FRONT__1538984705012460.jpg", "samples/CAM_FRONT_RIGHT/n015-2018-10-08-15-44-23+0800__CAM_FRONT_RIGHT__1538984705020339.jpg", "samples/CAM_BACK_LEFT/n015-2018-10-08-15-44-23+0800__CAM_BACK_LEFT__1538984705047423.jpg", "samples/CAM_BACK/n015-2018-10-08-15-44-23+0800__CAM_BACK__1538984705037525.jpg", "samples/CAM_BACK_RIGHT/n015-2018-10-08-15-44-23+0800__CAM_BACK_RIGHT__1538984705027893.jpg"], "intrinsics": [[[1272.5979470598488, 0.0, 826.6154927353808], [0.0, 1272.5979470598488, 479.75165386361925], [0.0, 0.0, 1.0]], [[1266.417203046554, 0.0, 816.2670197447984], [0.0, 1266.417203046554, 491.50706579294757], [0.0, 0.0, 1.0]], [[1260.8474446004698, 0.0, 807.968244525554], [0.0, 1260.8474446004698, 495.3344268742088], [0.0, 0.0, 1.0]], [[1256.7414812095406, 0.0, 792.1125740759628], [0.0, 1256.7414812095406, 492.7757465151356], [0.0, 0.0, 1.0]], [[809.2209905677063, 0.0, 829.2196003259838], [0.0, 809.2209905677063, 481.77842384512485], [0.0, 0.0, 1.0]], [[1259.5137405846733, 0.0, 807.2529053838625], [0.0, 1259.5137405846733, 501.19579884916527], [0.0, 0.0, 1.0]]], "extrinsics": [[[0.8210081458091736, -0.570724606513977, 0.014799496158957481, -0.66705322265625], [0.0022831519600003958, -0.022639954462647438, -0.9997410774230957, 1.5091133117675781], [0.5709118247032166, 0.8208293318748474, -0.017284536734223366, -1.0753173828125], [0.0, 0.0, 0.0, 1.0]], [[0.005931333638727665, -0.9996256828308105, 0.026704920455813408, 0.0079345703125], [-0.002920361701399088, -0.02672259323298931, -0.9996386766433716, 1.5197029113769531], [0.9999780654907227, 0.005851185414940119, -0.0030777710489928722, -1.39520263671875], [0.0, 0.0, 0.0, 1.0]], [[-0.8328656554222107, -0.553467333316803, 0.0029467528220266104, 0.84130859375], [0.0027981128077954054, -0.009534545242786407, -0.999950647354126, 1.5042953491210938], [0.5534680485725403, -0.8328161835670471, 0.009489661082625389, -1.120849609375], [0.0, 0.0, 0.0, 1.0]], [[0.9478050470352173, 0.3188462257385254, -0.0015635484596714377, -1.139892578125], [0.011750934645533562, -0.03983047232031822, -0.9991373419761658, 1.5885810852050781], [-0.31863346695899963, 0.9469690918922424, -0.04149826988577843, -0.1044921875], [0.0, 0.0, 0.0, 1.0]], [[0.002577448496595025, 0.999549925327301, -0.029889727011322975, 0.0030517578125], [-0.013768576085567474, -0.0298515185713768, -0.9994595646858215, 1.5781974792480469], [-0.9999018907546997, 0.0029877405613660812, 0.013685435988008976, -0.08331298828125], [0.0, 0.0, 0.0, 1.0]], [[-0.934705913066864, 0.3546961843967438, -0.022702431306242943, 0.9813232421875], [0.018763598054647446, -0.014540855772793293, -0.9997182488441467, 1.5545663833618164], [-0.3549264669418335, -0.9348685145378113, 0.006936044432222843, -0.1221923828125], [0.0, 0.0, 0.0, 1.0]]], "view": [[0.0, -2.0, 100.0], [-2.0, 0.0, 100.0], [0.0, 0.0, 1.0]], "bev": "bev_5851cb9fc1b14618835038aab8602098.png", "aux": "aux_5851cb9fc1b14618835038aab8602098.npz", "visibility": "visibility_5851cb9fc1b14618835038aab8602098.png", "pose": [[-0.7780581712722778, -0.6281921863555908, 0.0, 1755.7657470703125], [0.6281921863555908, -0.7780581712722778, 0.0, 926.9852905273438], [0.0, 0.0, 1.0, 0.0], [0.0, 0.0, 0.0, 1.0]], "pose_inverse": [[-0.7780581712722778, 0.6281921863555908, 0.0, 783.762939453125], [-0.6281921863555908, -0.7780581712722778, 0.0, 1824.2069091796875], [0.0, 0.0, 1.0, 0.0], [0.0, 0.0, 0.0, 1.0]], "cam_ids": [0, 1, 2, 3, 4, 5], "cam_channels": ["CAM_FRONT_LEFT", "CAM_FRONT", "CAM_FRONT_RIGHT", "CAM_BACK_LEFT", "CAM_BACK", "CAM_BACK_RIGHT"], "token": "5851cb9fc1b14618835038aab8602098", "scene": "scene-0923"}, {"images": ["samples/CAM_FRONT_LEFT/n015-2018-10-08-15-44-23+0800__CAM_FRONT_LEFT__1538984705504844.jpg", "samples/CAM_FRONT/n015-2018-10-08-15-44-23+0800__CAM_FRONT__1538984705512460.jpg", "samples/CAM_FRONT_RIGHT/n015-2018-10-08-15-44-23+0800__CAM_FRONT_RIGHT__1538984705520339.jpg", "samples/CAM_BACK_LEFT/n015-2018-10-08-15-44-23+0800__CAM_BACK_LEFT__1538984705547423.jpg", "samples/CAM_BACK/n015-2018-10-08-15-44-23+0800__CAM_BACK__1538984705537525.jpg", "samples/CAM_BACK_RIGHT/n015-2018-10-08-15-44-23+0800__CAM_BACK_RIGHT__1538984705527893.jpg"], "intrinsics": [[[1272.5979470598488, 0.0, 826.6154927353808], [0.0, 1272.5979470598488, 479.75165386361925], [0.0, 0.0, 1.0]], [[1266.417203046554, 0.0, 816.2670197447984], [0.0, 1266.417203046554, 491.50706579294757], [0.0, 0.0, 1.0]], [[1260.8474446004698, 0.0, 807.968244525554], [0.0, 1260.8474446004698, 495.3344268742088], [0.0, 0.0, 1.0]], [[1256.7414812095406, 0.0, 792.1125740759628], [0.0, 1256.7414812095406, 492.7757465151356], [0.0, 0.0, 1.0]], [[809.2209905677063, 0.0, 829.2196003259838], [0.0, 809.2209905677063, 481.77842384512485], [0.0, 0.0, 1.0]], [[1259.5137405846733, 0.0, 807.2529053838625], [0.0, 1259.5137405846733, 501.19579884916527], [0.0, 0.0, 1.0]]], "extrinsics": [[[0.8206989765167236, -0.5712486505508423, 0.011327225714921951, -0.656707763671875], [-0.0011037234216928482, -0.021410025656223297, -0.9997701644897461, 1.5078582763671875], [0.5713598728179932, 0.8204978704452515, -0.018201684579253197, -1.0672607421875], [0.0, 0.0, 0.0, 1.0]], [[0.005545032676309347, -0.9996587038040161, 0.025528063997626305, 0.0079345703125], [-0.006378089543431997, -0.02556329406797886, -0.9996528625488281, 1.5186004638671875], [0.9999642968177795, 0.005380256101489067, -0.006517660338431597, -1.384765625], [0.0, 0.0, 0.0, 1.0]], [[-0.833035409450531, -0.5531943440437317, 0.005281293299049139, 0.83447265625], [-0.0007261592545546591, -0.008453060872852802, -0.9999639987945557, 1.5034780502319336], [0.5532190799713135, -0.8330093622207642, 0.006639992818236351, -1.1162109375], [0.0, 0.0, 0.0, 1.0]], [[0.9478096961975098, 0.3187987804412842, -0.004902857355773449, -1.1407470703125], [0.00794890895485878, -0.03899959847331047, -0.999207615852356, 1.58856201171875], [-0.3187374174594879, 0.9470197558403015, -0.03949830308556557, -0.104248046875], [0.0, 0.0, 0.0, 1.0]], [[0.0025973781011998653, 0.9995771050453186, -0.02896447665989399, 0.002685546875], [-0.017470702528953552, -0.028914794325828552, -0.9994292259216309, 1.5778350830078125], [-0.999843955039978, 0.003101927926763892, 0.01738821156322956, -0.0858154296875], [0.0, 0.0, 0.0, 1.0]], [[-0.9347085356712341, 0.3549075126647949, -0.018991587683558464, 0.97564697265625], [0.015173799358308315, -0.013537561520934105, -0.9997932314872742, 1.5540590286254883], [-0.3550911545753479, -0.9348034858703613, 0.007268378045409918, -0.1236572265625], [0.0, 0.0, 0.0, 1.0]]], "view": [[0.0, -2.0, 100.0], [-2.0, 0.0, 100.0], [0.0, 0.0, 1.0]], "bev": "bev_a2847e42c3084ebbbd2d5bf13a52b192.png", "aux": "aux_a2847e42c3084ebbbd2d5bf13a52b192.npz", "visibility": "visibility_a2847e42c3084ebbbd2d5bf13a52b192.png", "pose": [[-0.7752538323402405, -0.6316498517990112, 0.0, 1752.454345703125], [0.6316498517990112, -0.7752538323402405, 0.0, 929.700439453125], [0.0, 0.0, 1.0, 0.0], [0.0, 0.0, 0.0, 1.0]], "pose_inverse": [[-0.7752538323402405, 0.6316498517990112, 0.0, 771.351806640625], [-0.6316498517990112, -0.7752538323402405, 0.0, 1827.6912841796875], [0.0, 0.0, 1.0, 0.0], [0.0, 0.0, 0.0, 1.0]], "cam_ids": [0, 1, 2, 3, 4, 5], "cam_channels": ["CAM_FRONT_LEFT", "CAM_FRONT", "CAM_FRONT_RIGHT", "CAM_BACK_LEFT", "CAM_BACK", "CAM_BACK_RIGHT"], "token": "a2847e42c3084ebbbd2d5bf13a52b192", "scene": "scene-0923"}, {"images": ["samples/CAM_FRONT_LEFT/n015-2018-10-08-15-44-23+0800__CAM_FRONT_LEFT__1538984706004844.jpg", "samples/CAM_FRONT/n015-2018-10-08-15-44-23+0800__CAM_FRONT__1538984706012460.jpg", "samples/CAM_FRONT_RIGHT/n015-2018-10-08-15-44-23+0800__CAM_FRONT_RIGHT__1538984706020339.jpg", "samples/CAM_BACK_LEFT/n015-2018-10-08-15-44-23+0800__CAM_BACK_LEFT__1538984706047423.jpg", "samples/CAM_BACK/n015-2018-10-08-15-44-23+0800__CAM_BACK__1538984706037525.jpg", "samples/CAM_BACK_RIGHT/n015-2018-10-08-15-44-23+0800__CAM_BACK_RIGHT__1538984706027893.jpg"], "intrinsics": [[[1272.5979470598488, 0.0, 826.6154927353808], [0.0, 1272.5979470598488, 479.75165386361925], [0.0, 0.0, 1.0]], [[1266.417203046554, 0.0, 816.2670197447984], [0.0, 1266.417203046554, 491.50706579294757], [0.0, 0.0, 1.0]], [[1260.8474446004698, 0.0, 807.968244525554], [0.0, 1260.8474446004698, 495.3344268742088], [0.0, 0.0, 1.0]], [[1256.7414812095406, 0.0, 792.1125740759628], [0.0, 1256.7414812095406, 492.7757465151356], [0.0, 0.0, 1.0]], [[809.2209905677063, 0.0, 829.2196003259838], [0.0, 809.2209905677063, 481.77842384512485], [0.0, 0.0, 1.0]], [[1259.5137405846733, 0.0, 807.2529053838625], [0.0, 1259.5137405846733, 501.19579884916527], [0.0, 0.0, 1.0]]], "extrinsics": [[[0.8207379579544067, -0.5711996555328369, 0.010959910228848457, -0.656494140625], [-0.0029662225861102343, -0.02344423532485962, -0.9997207522392273, 1.5071907043457031], [0.5712971091270447, 0.820476233959198, -0.02093587815761566, -1.068115234375], [0.0, 0.0, 0.0, 1.0]], [[0.00556339742615819, -0.9996042251586914, 0.02757507562637329, 0.0084228515625], [-0.008238074369728565, -0.027620382606983185, -0.9995845556259155, 1.5180435180664062], [0.9999505877494812, 0.0053338841535151005, -0.008388477377593517, -1.38507080078125], [0.0, 0.0, 0.0, 1.0]], [[-0.833076000213623, -0.5531009435653687, 0.007979227229952812, 0.834716796875], [-0.0025828995276242495, -0.010535156354308128, -0.9999411702156067, 1.503042221069336], [0.5531525015830994, -0.8330475687980652, 0.0073479823768138885, -1.1162109375], [0.0, 0.0, 0.0, 1.0]], [[0.9478165507316589, 0.3187348544597626, -0.007206105627119541, -1.14208984375], [0.006269327364861965, -0.04123179242014885, -0.9991299510002136, 1.5885543823242188], [-0.3187546730041504, 0.9469466805458069, -0.04107842966914177, -0.103759765625], [0.0, 0.0, 0.0, 1.0]], [[0.0026542393025010824, 0.999510645866394, -0.031168587505817413, 0.002685546875], [-0.019233806058764458, -0.031111901625990868, -0.9993308782577515, 1.57769775390625], [-0.9998114705085754, 0.0032520024105906487, 0.01914181560277939, -0.0850830078125], [0.0, 0.0, 0.0, 1.0]], [[-0.9346837401390076, 0.3550229072570801, -0.01802794449031353, 0.9757003784179688], [0.013331886380910873, -0.015669506043195724, -0.9997883439064026, 1.5537452697753906], [-0.35523027181625366, -0.9347262382507324, 0.009912909008562565, -0.1240234375], [0.0, 0.0, 0.0, 1.0]]], "view": [[0.0, -2.0, 100.0], [-2.0, 0.0, 100.0], [0.0, 0.0, 1.0]], "bev": "bev_957eef009b254d3f8140b1b6391457d9.png", "aux": "aux_957eef009b254d3f8140b1b6391457d9.npz", "visibility": "visibility_957eef009b254d3f8140b1b6391457d9.png", "pose": [[-0.7723243236541748, -0.6352283954620361, 0.0, 1749.111083984375], [0.6352283954620361, -0.7723243236541748, 0.0, 932.47314453125], [0.0, 0.0, 1.0, 0.0], [0.0, 0.0, 0.0, 1.0]], "pose_inverse": [[-0.7723243236541748, 0.6352283954620361, 0.0, 758.5476684570312], [-0.6352283954620361, -0.7723243236541748, 0.0, 1831.2567138671875], [0.0, 0.0, 1.0, 0.0], [0.0, 0.0, 0.0, 1.0]], "cam_ids": [0, 1, 2, 3, 4, 5], "cam_channels": ["CAM_FRONT_LEFT", "CAM_FRONT", "CAM_FRONT_RIGHT", "CAM_BACK_LEFT", "CAM_BACK", "CAM_BACK_RIGHT"], "token": "957eef009b254d3f8140b1b6391457d9", "scene": "scene-0923"}, {"images": ["samples/CAM_FRONT_LEFT/n015-2018-10-08-15-44-23+0800__CAM_FRONT_LEFT__1538984706504844.jpg", "samples/CAM_FRONT/n015-2018-10-08-15-44-23+0800__CAM_FRONT__1538984706512460.jpg", "samples/CAM_FRONT_RIGHT/n015-2018-10-08-15-44-23+0800__CAM_FRONT_RIGHT__1538984706520339.jpg", "samples/CAM_BACK_LEFT/n015-2018-10-08-15-44-23+0800__CAM_BACK_LEFT__1538984706547423.jpg", "samples/CAM_BACK/n015-2018-10-08-15-44-23+0800__CAM_BACK__1538984706537525.jpg", "samples/CAM_BACK_RIGHT/n015-2018-10-08-15-44-23+0800__CAM_BACK_RIGHT__1538984706527893.jpg"], "intrinsics": [[[1272.5979470598488, 0.0, 826.6154927353808], [0.0, 1272.5979470598488, 479.75165386361925], [0.0, 0.0, 1.0]], [[1266.417203046554, 0.0, 816.2670197447984], [0.0, 1266.417203046554, 491.50706579294757], [0.0, 0.0, 1.0]], [[1260.8474446004698, 0.0, 807.968244525554], [0.0, 1260.8474446004698, 495.3344268742088], [0.0, 0.0, 1.0]], [[1256.7414812095406, 0.0, 792.1125740759628], [0.0, 1256.7414812095406, 492.7757465151356], [0.0, 0.0, 1.0]], [[809.2209905677063, 0.0, 829.2196003259838], [0.0, 809.2209905677063, 481.77842384512485], [0.0, 0.0, 1.0]], [[1259.5137405846733, 0.0, 807.2529053838625], [0.0, 1259.5137405846733, 501.19579884916527], [0.0, 0.0, 1.0]]], "extrinsics": [[[0.8209530115127563, -0.570906400680542, 0.01009649783372879, -0.65289306640625], [-0.0010386008070781827, -0.01917525939643383, -0.9998156428337097, 1.5078964233398438], [0.5709947347640991, 0.8207911252975464, -0.016334932297468185, -1.0657958984375], [0.0, 0.0, 0.0, 1.0]], [[0.005935343913733959, -0.9997200965881348, 0.022900331765413284, 0.0089111328125], [-0.006056145764887333, -0.022936251014471054, -0.9997186660766602, 1.5186882019042969], [0.9999639987945557, 0.005795035511255264, -0.006190587300807238, -1.38043212890625], [0.0, 0.0, 0.0, 1.0]], [[-0.8328447937965393, -0.553497850894928, 0.0031188116408884525, 0.8311767578125], [-0.00014616393309552222, -0.005414715502411127, -0.9999852776527405, 1.5036163330078125], [0.55350661277771, -0.8328329920768738, 0.00442871730774641, -1.113037109375], [0.0, 0.0, 0.0, 1.0]], [[0.9477919340133667, 0.31888052821159363, -0.0023790705017745495, -1.1383056640625], [0.009184790775179863, -0.03475534915924072, -0.9993536472320557, 1.5885963439941406], [-0.31875699758529663, 0.9471574425697327, -0.03586968779563904, -0.1051025390625], [0.0, 0.0, 0.0, 1.0]], [[0.0024424283765256405, 0.9996806979179382, -0.025149047374725342, 0.00244140625], [-0.01641295664012432, -0.025105658918619156, -0.9995501041412354, 1.5778732299804688], [-0.9998623132705688, 0.0028540468774735928, 0.016346396878361702, -0.08941650390625], [0.0, 0.0, 0.0, 1.0]], [[-0.934797465801239, 0.35469624400138855, -0.018554219976067543, 0.9707527160644531], [0.0160002950578928, -0.010132217779755592, -0.9998206496238708, 1.5542845726013184], [-0.35482051968574524, -0.9349267482757568, 0.0037963290233165026, -0.1248779296875], [0.0, 0.0, 0.0, 1.0]]], "view": [[0.0, -2.0, 100.0], [-2.0, 0.0, 100.0], [0.0, 0.0, 1.0]], "bev": "bev_9b4c2d1a93764c57bb4db78a5c01a9ec.png", "aux": "aux_9b4c2d1a93764c57bb4db78a5c01a9ec.npz", "visibility": "visibility_9b4c2d1a93764c57bb4db78a5c01a9ec.png", "pose": [[-0.7690116763114929, -0.639234721660614, 0.0, 1745.7298583984375], [0.639234721660614, -0.7690116763114929, 0.0, 935.2948608398438], [0.0, 0.0, 1.0, 0.0], [0.0, 0.0, 0.0, 1.0]], "pose_inverse": [[-0.7690116763114929, 0.639234721660614, 0.0, 744.6137084960938], [-0.639234721660614, -0.7690116763114929, 0.0, 1835.183837890625], [0.0, 0.0, 1.0, 0.0], [0.0, 0.0, 0.0, 1.0]], "cam_ids": [0, 1, 2, 3, 4, 5], "cam_channels": ["CAM_FRONT_LEFT", "CAM_FRONT", "CAM_FRONT_RIGHT", "CAM_BACK_LEFT", "CAM_BACK", "CAM_BACK_RIGHT"], "token": "9b4c2d1a93764c57bb4db78a5c01a9ec", "scene": "scene-0923"}, {"images": ["samples/CAM_FRONT_LEFT/n015-2018-10-08-15-44-23+0800__CAM_FRONT_LEFT__1538984707004844.jpg", "samples/CAM_FRONT/n015-2018-10-08-15-44-23+0800__CAM_FRONT__1538984707012460.jpg", "samples/CAM_FRONT_RIGHT/n015-2018-10-08-15-44-23+0800__CAM_FRONT_RIGHT__1538984707020339.jpg", "samples/CAM_BACK_LEFT/n015-2018-10-08-15-44-23+0800__CAM_BACK_LEFT__1538984707047431.jpg", "samples/CAM_BACK/n015-2018-10-08-15-44-23+0800__CAM_BACK__1538984707037525.jpg", "samples/CAM_BACK_RIGHT/n015-2018-10-08-15-44-23+0800__CAM_BACK_RIGHT__1538984707027893.jpg"], "intrinsics": [[[1272.5979470598488, 0.0, 826.6154927353808], [0.0, 1272.5979470598488, 479.75165386361925], [0.0, 0.0, 1.0]], [[1266.417203046554, 0.0, 816.2670197447984], [0.0, 1266.417203046554, 491.50706579294757], [0.0, 0.0, 1.0]], [[1260.8474446004698, 0.0, 807.968244525554], [0.0, 1260.8474446004698, 495.3344268742088], [0.0, 0.0, 1.0]], [[1256.7414812095406, 0.0, 792.1125740759628], [0.0, 1256.7414812095406, 492.7757465151356], [0.0, 0.0, 1.0]], [[809.2209905677063, 0.0, 829.2196003259838], [0.0, 809.2209905677063, 481.77842384512485], [0.0, 0.0, 1.0]], [[1259.5137405846733, 0.0, 807.2529053838625], [0.0, 1259.5137405846733, 501.19579884916527], [0.0, 0.0, 1.0]]], "extrinsics": [[[0.8210345506668091, -0.5707483887672424, -0.012185581028461456, -0.65582275390625], [-0.00997205451130867, 0.007003569044172764, -0.9999257326126099, 1.5044927597045898], [0.5707913637161255, 0.8210951089859009, 5.8638484915718436e-05, -1.070556640625], [0.0, 0.0, 0.0, 1.0]], [[0.006260440684854984, -0.9999748468399048, -0.003323877230286598, 0.0106201171875], [-0.015443784184753895, 0.0032268597278743982, -0.999875545501709, 1.5157890319824219], [0.9998611211776733, 0.006310936063528061, -0.015423193573951721, -1.38580322265625], [0.0, 0.0, 0.0, 1.0]], [[-0.8326753377914429, -0.5537524819374084, -0.0031489033717662096, 0.836669921875], [-0.010010994039475918, 0.02073846571147442, -0.9997348189353943, 1.5012092590332031], [0.5536708831787109, -0.8324229717254639, -0.022812021896243095, -1.114990234375], [0.0, 0.0, 0.0, 1.0]], [[0.9477233290672302, 0.3190566897392273, -0.004822444636374712, -1.144287109375], [-0.00206820759922266, -0.008970668539404869, -0.9999576210975647, 1.5885581970214844], [-0.3190864026546478, 0.9476931095123291, -0.007841837592422962, -0.102783203125], [0.0, 0.0, 0.0, 1.0]], [[0.0020811064168810844, 0.999997615814209, 0.0007198165403679013, 0.0018310546875], [-0.02720555104315281, 0.0007761707529425621, -0.999629557132721, 1.5770244598388672], [-0.9996276497840881, 0.0020607986953109503, 0.02720709890127182, -0.083740234375], [0.0, 0.0, 0.0, 1.0]], [[-0.9350214600563049, 0.35459089279174805, 0.00030281004728749394, 0.9758567810058594], [0.0056954422034323215, 0.0158721674233675, -0.9998578429222107, 1.5523834228515625], [-0.3545452952384949, -0.9348868131637573, -0.016860371455550194, -0.121826171875], [0.0, 0.0, 0.0, 1.0]]], "view": [[0.0, -2.0, 100.0], [-2.0, 0.0, 100.0], [0.0, 0.0, 1.0]], "bev": "bev_c62b42470b924b268d85edcc0d9c7e83.png", "aux": "aux_c62b42470b924b268d85edcc0d9c7e83.npz", "visibility": "visibility_c62b42470b924b268d85edcc0d9c7e83.png", "pose": [[-0.7666793465614319, -0.6420301795005798, 0.0, 1742.3695068359375], [0.6420301795005798, -0.7666793465614319, 0.0, 938.1258544921875], [0.0, 0.0, 1.0, 0.0], [0.0, 0.0, 0.0, 1.0]], "pose_inverse": [[-0.7666793465614319, 0.6420301795005798, 0.0, 733.5336303710938], [-0.6420301795005798, -0.7666793465614319, 0.0, 1837.8955078125], [0.0, 0.0, 1.0, 0.0], [0.0, 0.0, 0.0, 1.0]], "cam_ids": [0, 1, 2, 3, 4, 5], "cam_channels": ["CAM_FRONT_LEFT", "CAM_FRONT", "CAM_FRONT_RIGHT", "CAM_BACK_LEFT", "CAM_BACK", "CAM_BACK_RIGHT"], "token": "c62b42470b924b268d85edcc0d9c7e83", "scene": "scene-0923"}, {"images": ["samples/CAM_FRONT_LEFT/n015-2018-10-08-15-44-23+0800__CAM_FRONT_LEFT__1538984707404844.jpg", "samples/CAM_FRONT/n015-2018-10-08-15-44-23+0800__CAM_FRONT__1538984707412460.jpg", "samples/CAM_FRONT_RIGHT/n015-2018-10-08-15-44-23+0800__CAM_FRONT_RIGHT__1538984707420339.jpg", "samples/CAM_BACK_LEFT/n015-2018-10-08-15-44-23+0800__CAM_BACK_LEFT__1538984707447423.jpg", "samples/CAM_BACK/n015-2018-10-08-15-44-23+0800__CAM_BACK__1538984707437525.jpg", "samples/CAM_BACK_RIGHT/n015-2018-10-08-15-44-23+0800__CAM_BACK_RIGHT__1538984707427893.jpg"], "intrinsics": [[[1272.5979470598488, 0.0, 826.6154927353808], [0.0, 1272.5979470598488, 479.75165386361925], [0.0, 0.0, 1.0]], [[1266.417203046554, 0.0, 816.2670197447984], [0.0, 1266.417203046554, 491.50706579294757], [0.0, 0.0, 1.0]], [[1260.8474446004698, 0.0, 807.968244525554], [0.0, 1260.8474446004698, 495.3344268742088], [0.0, 0.0, 1.0]], [[1256.7414812095406, 0.0, 792.1125740759628], [0.0, 1256.7414812095406, 492.7757465151356], [0.0, 0.0, 1.0]], [[809.2209905677063, 0.0, 829.2196003259838], [0.0, 809.2209905677063, 481.77842384512485], [0.0, 0.0, 1.0]], [[1259.5137405846733, 0.0, 807.2529053838625], [0.0, 1259.5137405846733, 501.19579884916527], [0.0, 0.0, 1.0]]], "extrinsics": [[[0.8207952380180359, -0.570972204208374, -0.016915591433644295, -0.647430419921875], [-0.011795147322118282, 0.0126655213534832, -0.9998502135276794, 1.5036706924438477], [0.5711008310317993, 0.8208717107772827, 0.0036610974930226803, -1.0628662109375], [0.0, 0.0, 0.0, 1.0]], [[0.00588116142898798, -0.9999455213546753, -0.008623776026070118, 0.00927734375], [-0.01696629449725151, 0.008522904478013515, -0.9998197555541992, 1.515150547027588], [0.9998387694358826, 0.006026444956660271, -0.016915244981646538, -1.376220703125], [0.0, 0.0, 0.0, 1.0]], [[-0.8328846096992493, -0.5534253716468811, -0.004857592284679413, 0.8292236328125], [-0.011214470490813255, 0.025651244446635246, -0.9996079802513123, 1.5008468627929688], [0.553333044052124, -0.8325036764144897, -0.027570897713303566, -1.1114501953125], [0.0, 0.0, 0.0, 1.0]], [[0.947743833065033, 0.31901320815086365, -0.003513217205181718, -1.141357421875], [-0.001978775020688772, -0.00513393385335803, -0.9999848008155823, 1.5885553359985352], [-0.3190263509750366, 0.947736382484436, -0.004234397318214178, -0.10400390625], [0.0, 0.0, 0.0, 1.0]], [[0.0022967904806137085, 0.9999850392341614, 0.004981551319360733, 0.0023193359375], [-0.02762713097035885, 0.005043115001171827, -0.9996055960655212, 1.5768613815307617], [-0.9996157288551331, 0.0021582599729299545, 0.027638297528028488, -0.08831787109375], [0.0, 0.0, 0.0, 1.0]], [[-0.9348917603492737, 0.3549219071865082, 0.0027997526340186596, 0.9700984954833984], [0.0048026638105511665, 0.02053719013929367, -0.9997775554656982, 1.5522727966308594], [-0.35490044951438904, -0.9346703886985779, -0.020904621109366417, -0.125244140625], [0.0, 0.0, 0.0, 1.0]]], "view": [[0.0, -2.0, 100.0], [-2.0, 0.0, 100.0], [0.0, 0.0, 1.0]], "bev": "bev_b4e7cdf41c2e479c9d9296a5868e0711.png", "aux": "aux_b4e7cdf41c2e479c9d9296a5868e0711.npz", "visibility": "visibility_b4e7cdf41c2e479c9d9296a5868e0711.png", "pose": [[-0.7640944719314575, -0.6451044082641602, 0.0, 1739.6552734375], [0.6451044082641602, -0.7640944719314575, 0.0, 940.4620361328125], [0.0, 0.0, 1.0, 0.0], [0.0, 0.0, 0.0, 1.0]], "pose_inverse": [[-0.7640944719314575, 0.6451044082641602, 0.0, 722.5647583007812], [-0.6451044082641602, -0.7640944719314575, 0.0, 1840.861083984375], [0.0, 0.0, 1.0, 0.0], [0.0, 0.0, 0.0, 1.0]], "cam_ids": [0, 1, 2, 3, 4, 5], "cam_channels": ["CAM_FRONT_LEFT", "CAM_FRONT", "CAM_FRONT_RIGHT", "CAM_BACK_LEFT", "CAM_BACK", "CAM_BACK_RIGHT"], "token": "b4e7cdf41c2e479c9d9296a5868e0711", "scene": "scene-0923"}, {"images": ["samples/CAM_FRONT_LEFT/n015-2018-10-08-15-44-23+0800__CAM_FRONT_LEFT__1538984707854844.jpg", "samples/CAM_FRONT/n015-2018-10-08-15-44-23+0800__CAM_FRONT__1538984707862473.jpg", "samples/CAM_FRONT_RIGHT/n015-2018-10-08-15-44-23+0800__CAM_FRONT_RIGHT__1538984707870339.jpg", "samples/CAM_BACK_LEFT/n015-2018-10-08-15-44-23+0800__CAM_BACK_LEFT__1538984707897423.jpg", "samples/CAM_BACK/n015-2018-10-08-15-44-23+0800__CAM_BACK__1538984707887525.jpg", "samples/CAM_BACK_RIGHT/n015-2018-10-08-15-44-23+0800__CAM_BACK_RIGHT__1538984707877893.jpg"], "intrinsics": [[[1272.5979470598488, 0.0, 826.6154927353808], [0.0, 1272.5979470598488, 479.75165386361925], [0.0, 0.0, 1.0]], [[1266.417203046554, 0.0, 816.2670197447984], [0.0, 1266.417203046554, 491.50706579294757], [0.0, 0.0, 1.0]], [[1260.8474446004698, 0.0, 807.968244525554], [0.0, 1260.8474446004698, 495.3344268742088], [0.0, 0.0, 1.0]], [[1256.7414812095406, 0.0, 792.1125740759628], [0.0, 1256.7414812095406, 492.7757465151356], [0.0, 0.0, 1.0]], [[809.2209905677063, 0.0, 829.2196003259838], [0.0, 809.2209905677063, 481.77842384512485], [0.0, 0.0, 1.0]], [[1259.5137405846733, 0.0, 807.2529053838625], [0.0, 1259.5137405846733, 501.19579884916527], [0.0, 0.0, 1.0]]], "extrinsics": [[[0.8206291794776917, -0.5714028477668762, -0.00815529190003872, -0.6474609375], [-0.015229965560138226, -0.00760241923853755, -0.999855101108551, 1.5024127960205078], [0.5712580680847168, 0.8206344246864319, -0.014941212721168995, -1.0628662109375], [0.0, 0.0, 0.0, 1.0]], [[0.005703778937458992, -0.9999113082885742, 0.012035852298140526, 0.0091552734375], [-0.020615573972463608, -0.012151071801781654, -0.999713659286499, 1.5140304565429688], [0.9997711777687073, 0.005454026162624359, -0.020683052018284798, -1.3756103515625], [0.0, 0.0, 0.0, 1.0]], [[-0.8329564929008484, -0.55324786901474, 0.010006342083215714, 0.8280029296875], [-0.015028657391667366, 0.0045424639247357845, -0.9998767375946045, 1.4999353885650635], [0.5531342625617981, -0.8330042958259583, -0.012098248116672039, -1.11083984375], [0.0, 0.0, 0.0, 1.0]], [[0.9476820826530457, 0.31887534260749817, -0.0147414430975914, -1.1405029296875], [-0.006237097550183535, -0.02767452411353588, -0.9995974898338318, 1.5885429382324219], [-0.31915491819381714, 0.9473925232887268, -0.024237792938947678, -0.1043701171875], [0.0, 0.0, 0.0, 1.0]], [[0.00229129777289927, 0.9998517036437988, -0.017066309228539467, 0.00244140625], [-0.031735610216856, -0.016985051333904266, -0.999351978302002, 1.5764694213867188], [-0.9994936585426331, 0.0028314096853137016, 0.031691987067461014, -0.08929443359375], [0.0, 0.0, 0.0, 1.0]], [[-0.9348487854003906, 0.3550441265106201, -0.001152023090980947, 0.969048023223877], [0.0008552296203561127, -0.0009928704239428043, -0.9999991655349731, 1.5516023635864258], [-0.3550449311733246, -0.9348490238189697, 0.0006245404947549105, -0.1258544921875], [0.0, 0.0, 0.0, 1.0]]], "view": [[0.0, -2.0, 100.0], [-2.0, 0.0, 100.0], [0.0, 0.0, 1.0]], "bev": "bev_c95220ececaf4cb1a8c88f6c0159029f.png", "aux": "aux_c95220ececaf4cb1a8c88f6c0159029f.npz", "visibility": "visibility_c95220ececaf4cb1a8c88f6c0159029f.png", "pose": [[-0.7605603337287903, -0.6492672562599182, 0.0, 1736.6419677734375], [0.6492672562599182, -0.7605603337287903, 0.0, 943.092041015625], [0.0, 0.0, 1.0, 0.0], [0.0, 0.0, 0.0, 1.0]], "pose_inverse": [[-0.7605603337287903, 0.6492672562599182, 0.0, 708.502197265625], [-0.6492672562599182, -0.7605603337287903, 0.0, 1844.8232421875], [0.0, 0.0, 1.0, 0.0], [0.0, 0.0, 0.0, 1.0]], "cam_ids": [0, 1, 2, 3, 4, 5], "cam_channels": ["CAM_FRONT_LEFT", "CAM_FRONT", "CAM_FRONT_RIGHT", "CAM_BACK_LEFT", "CAM_BACK", "CAM_BACK_RIGHT"], "token": "c95220ececaf4cb1a8c88f6c0159029f", "scene": "scene-0923"}, {"images": ["samples/CAM_FRONT_LEFT/n015-2018-10-08-15-44-23+0800__CAM_FRONT_LEFT__1538984708354844.jpg", "samples/CAM_FRONT/n015-2018-10-08-15-44-23+0800__CAM_FRONT__1538984708362460.jpg", "samples/CAM_FRONT_RIGHT/n015-2018-10-08-15-44-23+0800__CAM_FRONT_RIGHT__1538984708370339.jpg", "samples/CAM_BACK_LEFT/n015-2018-10-08-15-44-23+0800__CAM_BACK_LEFT__1538984708397423.jpg", "samples/CAM_BACK/n015-2018-10-08-15-44-23+0800__CAM_BACK__1538984708387525.jpg", "samples/CAM_BACK_RIGHT/n015-2018-10-08-15-44-23+0800__CAM_BACK_RIGHT__1538984708377893.jpg"], "intrinsics": [[[1272.5979470598488, 0.0, 826.6154927353808], [0.0, 1272.5979470598488, 479.75165386361925], [0.0, 0.0, 1.0]], [[1266.417203046554, 0.0, 816.2670197447984], [0.0, 1266.417203046554, 491.50706579294757], [0.0, 0.0, 1.0]], [[1260.8474446004698, 0.0, 807.968244525554], [0.0, 1260.8474446004698, 495.3344268742088], [0.0, 0.0, 1.0]], [[1256.7414812095406, 0.0, 792.1125740759628], [0.0, 1256.7414812095406, 492.7757465151356], [0.0, 0.0, 1.0]], [[809.2209905677063, 0.0, 829.2196003259838], [0.0, 809.2209905677063, 481.77842384512485], [0.0, 0.0, 1.0]], [[1259.5137405846733, 0.0, 807.2529053838625], [0.0, 1259.5137405846733, 501.19579884916527], [0.0, 0.0, 1.0]]], "extrinsics": [[[0.8206329345703125, -0.5714512467384338, -0.0022415390703827143, -0.65185546875], [-0.004055177327245474, -0.0019009419484063983, -0.999989926815033, 1.5067038536071777], [0.5714412331581116, 0.8206338286399841, -0.003877311944961548, -1.0631103515625], [0.0, 0.0, 0.0, 1.0]], [[0.005443384405225515, -0.9999683499336243, 0.00580115569755435, 0.0072021484375], [-0.008389699272811413, -0.005846705753356218, -0.999947726726532, 1.5179052352905273], [0.9999500513076782, 0.005394483916461468, -0.008421259932219982, -1.37890625], [0.0, 0.0, 0.0, 1.0]], [[-0.8330824971199036, -0.5531269311904907, -0.004909793380647898, 0.829345703125], [-0.0017400067299604416, 0.011496513150632381, -0.9999324083328247, 1.5032176971435547], [0.5531459450721741, -0.8330176472663879, -0.010539987124502659, -1.113525390625], [0.0, 0.0, 0.0, 1.0]], [[0.947752058506012, 0.3189837336540222, 0.003920264076441526, -1.13671875], [0.010215958580374718, -0.018066048622131348, -0.999784529209137, 1.5886173248291016], [-0.3188442289829254, 0.9475880265235901, -0.020380862057209015, -0.1058349609375], [0.0, 0.0, 0.0, 1.0]], [[0.0025231842882931232, 0.9999613761901855, -0.008416946046054363, 0.003173828125], [-0.0163478571921587, -0.008374599739909172, -0.9998313188552856, 1.5778388977050781], [-0.9998631477355957, 0.0026603862643241882, 0.016326094046235085, -0.091064453125], [0.0, 0.0, 0.0, 1.0]], [[-0.934718132019043, 0.3551956117153168, -0.011749028228223324, 0.9701967239379883], [0.015099517069756985, 0.006662139669060707, -0.9998638033866882, 1.554128646850586], [-0.35506895184516907, -0.9347681403160095, -0.011590506881475449, -0.1265869140625], [0.0, 0.0, 0.0, 1.0]]], "view": [[0.0, -2.0, 100.0], [-2.0, 0.0, 100.0], [0.0, 0.0, 1.0]], "bev": "bev_2a376dea392d47b7b02e45fa544ea43d.png", "aux": "aux_2a376dea392d47b7b02e45fa544ea43d.npz", "visibility": "visibility_2a376dea392d47b7b02e45fa544ea43d.png", "pose": [[-0.7574871182441711, -0.6528500914573669, 0.0, 1733.27197265625], [0.6528500914573669, -0.7574871182441711, 0.0, 946.0081176757812], [0.0, 0.0, 1.0, 0.0], [0.0, 0.0, 0.0, 1.0]], "pose_inverse": [[-0.7574871182441711, 0.6528500914573669, 0.0, 695.3297729492188], [-0.6528500914573669, -0.7574871182441711, 0.0, 1848.15576171875], [0.0, 0.0, 1.0, 0.0], [0.0, 0.0, 0.0, 1.0]], "cam_ids": [0, 1, 2, 3, 4, 5], "cam_channels": ["CAM_FRONT_LEFT", "CAM_FRONT", "CAM_FRONT_RIGHT", "CAM_BACK_LEFT", "CAM_BACK", "CAM_BACK_RIGHT"], "token": "2a376dea392d47b7b02e45fa544ea43d", "scene": "scene-0923"}, {"images": ["samples/CAM_FRONT_LEFT/n015-2018-10-08-15-44-23+0800__CAM_FRONT_LEFT__1538984708854844.jpg", "samples/CAM_FRONT/n015-2018-10-08-15-44-23+0800__CAM_FRONT__1538984708862460.jpg", "samples/CAM_FRONT_RIGHT/n015-2018-10-08-15-44-23+0800__CAM_FRONT_RIGHT__1538984708870339.jpg", "samples/CAM_BACK_LEFT/n015-2018-10-08-15-44-23+0800__CAM_BACK_LEFT__1538984708897423.jpg", "samples/CAM_BACK/n015-2018-10-08-15-44-23+0800__CAM_BACK__1538984708887525.jpg", "samples/CAM_BACK_RIGHT/n015-2018-10-08-15-44-23+0800__CAM_BACK_RIGHT__1538984708877893.jpg"], "intrinsics": [[[1272.5979470598488, 0.0, 826.6154927353808], [0.0, 1272.5979470598488, 479.75165386361925], [0.0, 0.0, 1.0]], [[1266.417203046554, 0.0, 816.2670197447984], [0.0, 1266.417203046554, 491.50706579294757], [0.0, 0.0, 1.0]], [[1260.8474446004698, 0.0, 807.968244525554], [0.0, 1260.8474446004698, 495.3344268742088], [0.0, 0.0, 1.0]], [[1256.7414812095406, 0.0, 792.1125740759628], [0.0, 1256.7414812095406, 492.7757465151356], [0.0, 0.0, 1.0]], [[809.2209905677063, 0.0, 829.2196003259838], [0.0, 809.2209905677063, 481.77842384512485], [0.0, 0.0, 1.0]], [[1259.5137405846733, 0.0, 807.2529053838625], [0.0, 1259.5137405846733, 501.19579884916527], [0.0, 0.0, 1.0]]], "extrinsics": [[[0.8209631443023682, -0.5709801316261292, -0.0010617279913276434, -0.65557861328125], [0.00248180003836751, 0.005427818279713392, -0.9999821782112122, 1.5091543197631836], [0.5709756016731262, 0.8209459781646729, 0.005873097572475672, -1.0701904296875], [0.0, 0.0, 0.0, 1.0]], [[0.005981973838061094, -0.9999812245368958, -0.0013445478398352861, 0.0101318359375], [-0.0029889908619225025, 0.0013266857713460922, -0.999994695186615, 1.5196057558059692], [0.9999775290489197, 0.005985970143228769, -0.0029809989500790834, -1.38372802734375], [0.0, 0.0, 0.0, 1.0]], [[-0.8327721953392029, -0.5534788370132446, -0.012303659692406654, 0.8326416015625], [0.0024679675698280334, 0.018512465059757233, -0.9998255372047424, 1.5041923522949219], [0.55361008644104, -0.8326573967933655, -0.014050700701773167, -1.1129150390625], [0.0, 0.0, 0.0, 1.0]], [[0.9477510452270508, 0.3189513683319092, 0.006161196157336235, -1.1334228515625], [0.010468640364706516, -0.0117925014346838, -0.9998756647109985, 1.5886554718017578], [-0.31883904337882996, 0.9476977586746216, -0.014515342190861702, -0.10693359375], [0.0, 0.0, 0.0, 1.0]], [[0.002336564240977168, 0.9999955296516418, -0.0018819726537913084, 0.0019