[{"images": ["samples/CAM_FRONT_LEFT/n008-2018-09-18-14-54-39-0400__CAM_FRONT_LEFT__1537297232854799.jpg", "samples/CAM_FRONT/n008-2018-09-18-14-54-39-0400__CAM_FRONT__1537297232862404.jpg", "samples/CAM_FRONT_RIGHT/n008-2018-09-18-14-54-39-0400__CAM_FRONT_RIGHT__1537297232870482.jpg", "samples/CAM_BACK_LEFT/n008-2018-09-18-14-54-39-0400__CAM_BACK_LEFT__1537297232897405.jpg", "samples/CAM_BACK/n008-2018-09-18-14-54-39-0400__CAM_BACK__1537297232887558.jpg", "samples/CAM_BACK_RIGHT/n008-2018-09-18-14-54-39-0400__CAM_BACK_RIGHT__1537297232878113.jpg"], "intrinsics": [[[1257.8625342125129, 0.0, 827.2410631095686], [0.0, 1257.8625342125129, 450.915498205774], [0.0, 0.0, 1.0]], [[1252.8131021185304, 0.0, 826.588114781398], [0.0, 1252.8131021185304, 469.9846626224581], [0.0, 0.0, 1.0]], [[1256.7485116440405, 0.0, 817.7887570959712], [0.0, 1256.7485116440403, 451.9541780095127], [0.0, 0.0, 1.0]], [[1254.9860565800168, 0.0, 829.5769333630991], [0.0, 1254.9860565800168, 467.1680561863987], [0.0, 0.0, 1.0]], [[796.8910634503094, 0.0, 857.7774326863696], [0.0, 796.8910634503094, 476.8848988407415], [0.0, 0.0, 1.0]], [[1249.9629280788233, 0.0, 825.3768045375984], [0.0, 1249.9629280788233, 462.54816385708756], [0.0, 0.0, 1.0]]], "extrinsics": [[[0.822539746761322, -0.5686729550361633, -0.006293443031609058, -1.005126953125], [0.0008690464310348034, 0.012323055416345596, -0.9999236464500427, 1.4882965087890625], [0.5687070488929749, 0.8224714398384094, 0.010630404576659203, -1.33349609375], [0.0, 0.0, 0.0, 1.0]], [[0.01023508608341217, -0.9999142289161682, -0.008177168667316437, 0.0054931640625], [0.0028203835245221853, 0.00820643175393343, -0.9999623894691467, 1.4801654815673828], [0.9999435544013977, 0.010211597196757793, 0.002904134802520275, -1.73480224609375], [0.0, 0.0, 0.0, 1.0]], [[-0.8440362215042114, -0.5362125039100647, -0.008891058154404163, 1.090576171875], [0.01084240060299635, -0.00048645600327290595, -0.9999410510063171, 1.4930715560913086], [0.5361766219139099, -0.8440828919410706, 0.00622441666200757, -1.277587890625], [0.0, 0.0, 0.0, 1.0]], [[0.9478467702865601, 0.31859642267227173, -0.009105331264436245, -1.1439208984375], [-0.014541174285113811, 0.014687604270875454, -0.999786376953125, 1.5620431900024414], [-0.31839463114738464, 0.9477766752243042, 0.018554363399744034, -0.15625], [0.0, 0.0, 0.0, 1.0]], [[0.00925912894308567, 0.9999322891235352, 0.007054921239614487, -0.0286865234375], [-0.012407883070409298, 0.007169569842517376, -0.9998972415924072, 1.5680627822875977], [-0.9998801946640015, 0.009170633740723133, 0.012473425827920437, 0.0443115234375], [0.0, 0.0, 0.0, 1.0]], [[-0.923743486404419, 0.38300833106040955, 0.0016307885525748134, 1.1606521606445312], [-0.008212455548346043, -0.015549702569842339, -0.9998453855514526, 1.5478134155273438], [-0.3829236924648285, -0.9236140251159668, 0.017509374767541885, -0.043701171875], [0.0, 0.0, 0.0, 1.0]]], "view": [[0.0, -2.0, 100.0], [-2.0, 0.0, 100.0], [0.0, 0.0, 1.0]], "bev": "bev_13b77a5fe8674d77aa8b8cbc1209eb3b.png", "aux": "aux_13b77a5fe8674d77aa8b8cbc1209eb3b.npz", "visibility": "visibility_13b77a5fe8674d77aa8b8cbc1209eb3b.png", "pose": [[0.8740878105163574, 0.48576799035072327, 0.0, 1416.337646484375], [-0.48576799035072327, 0.8740878105163574, 0.0, 1256.4173583984375], [0.0, 0.0, 1.0, 0.0], [0.0, 0.0, 0.0, 1.0]], "pose_inverse": [[0.8740878105163574, -0.48576799035072327, 0.0, -627.6761474609375], [0.48576799035072327, 0.8740878105163574, 0.0, -1786.2305908203125], [0.0, 0.0, 1.0, 0.0], [0.0, 0.0, 0.0, 1.0]], "cam_ids": [0, 1, 2, 3, 4, 5], "cam_channels": ["CAM_FRONT_LEFT", "CAM_FRONT", "CAM_FRONT_RIGHT", "CAM_BACK_LEFT", "CAM_BACK", "CAM_BACK_RIGHT"], "token": "13b77a5fe8674d77aa8b8cbc1209eb3b", "scene": "scene-0880"}, {"images": ["samples/CAM_FRONT_LEFT/n008-2018-09-18-14-54-39-0400__CAM_FRONT_LEFT__1537297233354799.jpg", "samples/CAM_FRONT/n008-2018-09-18-14-54-39-0400__CAM_FRONT__1537297233362404.jpg", "samples/CAM_FRONT_RIGHT/n008-2018-09-18-14-54-39-0400__CAM_FRONT_RIGHT__1537297233370482.jpg", "samples/CAM_BACK_LEFT/n008-2018-09-18-14-54-39-0400__CAM_BACK_LEFT__1537297233397405.jpg", "samples/CAM_BACK/n008-2018-09-18-14-54-39-0400__CAM_BACK__1537297233387558.jpg", "samples/CAM_BACK_RIGHT/n008-2018-09-18-14-54-39-0400__CAM_BACK_RIGHT__1537297233378113.jpg"], "intrinsics": [[[1257.8625342125129, 0.0, 827.2410631095686], [0.0, 1257.8625342125129, 450.915498205774], [0.0, 0.0, 1.0]], [[1252.8131021185304, 0.0, 826.588114781398], [0.0, 1252.8131021185304, 469.9846626224581], [0.0, 0.0, 1.0]], [[1256.7485116440405, 0.0, 817.7887570959712], [0.0, 1256.7485116440403, 451.9541780095127], [0.0, 0.0, 1.0]], [[1254.9860565800168, 0.0, 829.5769333630991], [0.0, 1254.9860565800168, 467.1680561863987], [0.0, 0.0, 1.0]], [[796.8910634503094, 0.0, 857.7774326863696], [0.0, 796.8910634503094, 476.8848988407415], [0.0, 0.0, 1.0]], [[1249.9629280788233, 0.0, 825.3768045375984], [0.0, 1249.9629280788233, 462.54816385708756], [0.0, 0.0, 1.0]]], "extrinsics": [[[0.8225330114364624, -0.5686817765235901, -0.006371416617184877, -1.004974365234375], [0.0008025214192457497, 0.012363730929791927, -0.9999232292175293, 1.4882965087890625], [0.5687170028686523, 0.8224647045135498, 0.010625953786075115, -1.3333740234375], [0.0, 0.0, 0.0, 1.0]], [[0.010223595425486565, -0.9999139904975891, -0.008211899548768997, 0.0052490234375], [0.002755827736109495, 0.0082404725253582, -0.9999622702598572, 1.4801654815673828], [0.9999439120292664, 0.010200608521699905, 0.0028398381546139717, -1.73486328125], [0.0, 0.0, 0.0, 1.0]], [[-0.8440425395965576, -0.536203145980835, -0.008850748650729656, 1.090576171875], [0.01077424455434084, -0.0004544667899608612, -0.9999418258666992, 1.493072509765625], [0.5361679196357727, -0.8440887928009033, 0.006160772405564785, -1.2774658203125], [0.0, 0.0, 0.0, 1.0]], [[0.9478464722633362, 0.3185959458351135, -0.00916308630257845, -1.1439208984375], [-0.014615514315664768, 0.014727585017681122, -0.9997847676277161, 1.5620412826538086], [-0.3183923661708832, 0.947776198387146, 0.018615933135151863, -0.1561279296875], [0.0, 0.0, 0.0, 1.0]], [[0.009264791384339333, 0.9999319314956665, 0.007089206017553806, -0.02880859375], [-0.012485511600971222, 0.007204635068774223, -0.9998961091041565, 1.5680618286132812], [-0.9998791813850403, 0.009175293147563934, 0.012551411055028439, 0.044189453125], [0.0, 0.0, 0.0, 1.0]], [[-0.9237397313117981, 0.38301709294319153, 0.0017140787094831467, 1.1607513427734375], [-0.008288255892693996, -0.01551465317606926, -0.9998452663421631, 1.5478134155273438], [-0.3829311430454254, -0.9236109852790833, 0.01750604435801506, -0.0438232421875], [0.0, 0.0, 0.0, 1.0]]], "view": [[0.0, -2.0, 100.0], [-2.0, 0.0, 100.0], [0.0, 0.0, 1.0]], "bev": "bev_b23344b67f0e4c2e9fd68f512fc7d139.png", "aux": "aux_b23344b67f0e4c2e9fd68f512fc7d139.npz", "visibility": "visibility_b23344b67f0e4c2e9fd68f512fc7d139.png", "pose": [[0.8740622997283936, 0.48581385612487793, 0.0, 1416.337646484375], [-0.48581385612487793, 0.8740622997283936, 0.0, 1256.4173583984375], [0.0, 0.0, 1.0, 0.0], [0.0, 0.0, 0.0, 1.0]], "pose_inverse": [[0.8740622997283936, -0.48581385612487793, 0.0, -627.5823364257812], [0.48581385612487793, 0.8740622997283936, 0.0, -1786.2635498046875], [0.0, 0.0, 1.0, 0.0], [0.0, 0.0, 0.0, 1.0]], "cam_ids": [0, 1, 2, 3, 4, 5], "cam_channels": ["CAM_FRONT_LEFT", "CAM_FRONT", "CAM_FRONT_RIGHT", "CAM_BACK_LEFT", "CAM_BACK", "CAM_BACK_RIGHT"], "token": "b23344b67f0e4c2e9fd68f512fc7d139", "scene": "scene-0880"}, {"images": ["samples/CAM_FRONT_LEFT/n008-2018-09-18-14-54-39-0400__CAM_FRONT_LEFT__1537297233854799.jpg", "samples/CAM_FRONT/n008-2018-09-18-14-54-39-0400__CAM_FRONT__1537297233862404.jpg", "samples/CAM_FRONT_RIGHT/n008-2018-09-18-14-54-39-0400__CAM_FRONT_RIGHT__1537297233870482.jpg", "samples/CAM_BACK_LEFT/n008-2018-09-18-14-54-39-0400__CAM_BACK_LEFT__1537297233897405.jpg", "samples/CAM_BACK/n008-2018-09-18-14-54-39-0400__CAM_BACK__1537297233887558.jpg", "samples/CAM_BACK_RIGHT/n008-2018-09-18-14-54-39-0400__CAM_BACK_RIGHT__1537297233878113.jpg"], "intrinsics": [[[1257.8625342125129, 0.0, 827.2410631095686], [0.0, 1257.8625342125129, 450.915498205774], [0.0, 0.0, 1.0]], [[1252.8131021185304, 0.0, 826.588114781398], [0.0, 1252.8131021185304, 469.9846626224581], [0.0, 0.0, 1.0]], [[1256.7485116440405, 0.0, 817.7887570959712], [0.0, 1256.7485116440403, 451.9541780095127], [0.0, 0.0, 1.0]], [[1254.9860565800168, 0.0, 829.5769333630991], [0.0, 1254.9860565800168, 467.1680561863987], [0.0, 0.0, 1.0]], [[796.8910634503094, 0.0, 857.7774326863696], [0.0, 796.8910634503094, 476.8848988407415], [0.0, 0.0, 1.0]], [[1249.9629280788233, 0.0, 825.3768045375984], [0.0, 1249.9629280788233, 462.54816385708756], [0.0, 0.0, 1.0]]], "extrinsics": [[[0.822509229183197, -0.5687152147293091, -0.006448947824537754, -1.004974365234375], [0.0007786930655129254, 0.012464810162782669, -0.999921977519989, 1.4882965087890625], [0.5687513947486877, 0.8224400877952576, 0.010695274919271469, -1.3331298828125], [0.0, 0.0, 0.0, 1.0]], [[0.010191795416176319, -0.9999135136604309, -0.008314876817166805, 0.0052490234375], [0.002733278088271618, 0.008343135938048363, -0.9999614953994751, 1.4801654815673828], [0.9999443888664246, 0.010168656706809998, 0.002818073844537139, -1.73468017578125], [0.0, 0.0, 0.0, 1.0]], [[-0.8440540432929993, -0.5361843109130859, -0.00889688078314066, 1.090576171875], [0.010763626545667648, -0.00035196516546420753, -0.9999420046806335, 1.4930706024169922], [0.5361500978469849, -0.8441008925437927, 0.006068364717066288, -1.277587890625], [0.0, 0.0, 0.0, 1.0]], [[0.9478469491004944, 0.3185952603816986, -0.009129011072218418, -1.14404296875], [-0.014610548503696918, 0.014819835312664509, -0.9997833967208862, 1.5620431900024414], [-0.31839096546173096, 0.9477750062942505, 0.018701786175370216, -0.1561279296875], [0.0, 0.0, 0.0, 1.0]], [[0.009271725080907345, 0.9999312162399292, 0.007182193920016289, -0.0289306640625], [-0.012488194741308689, 0.007297731004655361, -0.9998953938484192, 1.5680599212646484], [-0.9998791217803955, 0.009181034751236439, 0.012554997578263283, 0.0443115234375], [0.0, 0.0, 0.0, 1.0]], [[-0.923734724521637, 0.38302886486053467, 0.001750273397192359, 1.160675048828125], [-0.008286727592349052, -0.015415899455547333, -0.9998468160629272, 1.5478134155273438], [-0.38294321298599243, -0.9236077666282654, 0.017414256930351257, -0.0435791015625], [0.0, 0.0, 0.0, 1.0]]], "view": [[0.0, -2.0, 100.0], [-2.0, 0.0, 100.0], [0.0, 0.0, 1.0]], "bev": "bev_7a2b72844c41454195be0418cfb28162.png", "aux": "aux_7a2b72844c41454195be0418cfb28162.npz", "visibility": "visibility_7a2b72844c41454195be0418cfb28162.png", "pose": [[0.8740822672843933, 0.48577797412872314, 0.0, 1416.337646484375], [-0.48577797412872314, 0.8740822672843933, 0.0, 1256.4173583984375], [0.0, 0.0, 1.0, 0.0], [0.0, 0.0, 0.0, 1.0]], "pose_inverse": [[0.8740822672843933, -0.48577797412872314, 0.0, -627.6557006835938], [0.48577797412872314, 0.8740822672843933, 0.0, -1786.2376708984375], [0.0, 0.0, 1.0, 0.0], [0.0, 0.0, 0.0, 1.0]], "cam_ids": [0, 1, 2, 3, 4, 5], "cam_channels": ["CAM_FRONT_LEFT", "CAM_FRONT", "CAM_FRONT_RIGHT", "CAM_BACK_LEFT", "CAM_BACK", "CAM_BACK_RIGHT"], "token": "7a2b72844c41454195be0418cfb28162", "scene": "scene-0880"}, {"images": ["samples/CAM_FRONT_LEFT/n008-2018-09-18-14-54-39-0400__CAM_FRONT_LEFT__1537297234354799.jpg", "samples/CAM_FRONT/n008-2018-09-18-14-54-39-0400__CAM_FRONT__1537297234362404.jpg", "samples/CAM_FRONT_RIGHT/n008-2018-09-18-14-54-39-0400__CAM_FRONT_RIGHT__1537297234370482.jpg", "samples/CAM_BACK_LEFT/n008-2018-09-18-14-54-39-0400__CAM_BACK_LEFT__1537297234397405.jpg", "samples/CAM_BACK/n008-2018-09-18-14-54-39-0400__CAM_BACK__1537297234387558.jpg", "samples/CAM_BACK_RIGHT/n008-2018-09-18-14-54-39-0400__CAM_BACK_RIGHT__1537297234378113.jpg"], "intrinsics": [[[1257.8625342125129, 0.0, 827.2410631095686], [0.0, 1257.8625342125129, 450.915498205774], [0.0, 0.0, 1.0]], [[1252.8131021185304, 0.0, 826.588114781398], [0.0, 1252.8131021185304, 469.9846626224581], [0.0, 0.0, 1.0]], [[1256.7485116440405, 0.0, 817.7887570959712], [0.0, 1256.7485116440403, 451.9541780095127], [0.0, 0.0, 1.0]], [[1254.9860565800168, 0.0, 829.5769333630991], [0.0, 1254.9860565800168, 467.1680561863987], [0.0, 0.0, 1.0]], [[796.8910634503094, 0.0, 857.7774326863696], [0.0, 796.8910634503094, 476.8848988407415], [0.0, 0.0, 1.0]], [[1249.9629280788233, 0.0, 825.3768045375984], [0.0, 1249.9629280788233, 462.54816385708756], [0.0, 0.0, 1.0]]], "extrinsics": [[[0.8225280046463013, -0.568687915802002, -0.006461199838668108, -1.00494384765625], [0.0007505369139835238, 0.012446255423128605, -0.9999222159385681, 1.4882926940917969], [0.5687241554260254, 0.8224592804908752, 0.010664214380085468, -1.33349609375], [0.0, 0.0, 0.0, 1.0]], [[0.010219106450676918, -0.9999132752418518, -0.008301062509417534, 0.0054931640625], [0.0027083700988441706, 0.008329142816364765, -0.9999616742134094, 1.4801673889160156], [0.9999440908432007, 0.01019620057195425, 0.0027932515367865562, -1.73486328125], [0.0, 0.0, 0.0, 1.0]], [[-0.8440428376197815, -0.5362024307250977, -0.008866976015269756, 1.090576171875], [0.010732343420386314, -0.0003582474309951067, -0.9999423027038574, 1.4930706024169922], [0.5361682772636414, -0.8440893888473511, 0.006057083606719971, -1.2777099609375], [0.0, 0.0, 0.0, 1.0]], [[0.9478458166122437, 0.31859779357910156, -0.009148336946964264, -1.14404296875], [-0.014640687964856625, 0.014848709106445312, -0.9997825622558594, 1.5620431900024414], [-0.3183927536010742, 0.9477736949920654, 0.018738776445388794, -0.1561279296875], [0.0, 0.0, 0.0, 1.0]], [[0.009263657964766026, 0.9999311566352844, 0.007194964215159416, -0.0289306640625], [-0.012520219199359417, 0.007310693617910147, -0.9998948574066162, 1.5680603981018066], [-0.9998787641525269, 0.009172556921839714, 0.012587081640958786, 0.04425048828125], [0.0, 0.0, 0.0, 1.0]], [[-0.9237405061721802, 0.3830146789550781, 0.0017888577422127128, 1.1607284545898438], [-0.008326676674187183, -0.015412221662700176, -0.9998465180397034, 1.5478134155273438], [-0.3829282820224762, -0.9236137270927429, 0.017426133155822754, -0.043701171875], [0.0, 0.0, 0.0, 1.0]]], "view": [[0.0, -2.0, 100.0], [-2.0, 0.0, 100.0], [0.0, 0.0, 1.0]], "bev": "bev_effdd89335b846c499c41cc3967e9aed.png", "aux": "aux_effdd89335b846c499c41cc3967e9aed.npz", "visibility": "visibility_effdd89335b846c499c41cc3967e9aed.png", "pose": [[0.8740803003311157, 0.4857814908027649, 0.0, 1416.337646484375], [-0.4857814908027649, 0.8740803003311157, 0.0, 1256.4173583984375], [0.0, 0.0, 1.0, 0.0], [0.0, 0.0, 0.0, 1.0]], "pose_inverse": [[0.8740803003311157, -0.4857814908027649, 0.0, -627.6484985351562], [0.4857814908027649, 0.8740803003311157, 0.0, -1786.240234375], [0.0, 0.0, 1.0, 0.0], [0.0, 0.0, 0.0, 1.0]], "cam_ids": [0, 1, 2, 3, 4, 5], "cam_channels": ["CAM_FRONT_LEFT", "CAM_FRONT", "CAM_FRONT_RIGHT", "CAM_BACK_LEFT", "CAM_BACK", "CAM_BACK_RIGHT"], "token": "effdd89335b846c499c41cc3967e9aed", "scene": "scene-0880"}, {"images": ["samples/CAM_FRONT_LEFT/n008-2018-09-18-14-54-39-0400__CAM_FRONT_LEFT__1537297234854799.jpg", "samples/CAM_FRONT/n008-2018-09-18-14-54-39-0400__CAM_FRONT__1537297234862404.jpg", "samples/CAM_FRONT_RIGHT/n008-2018-09-18-14-54-39-0400__CAM_FRONT_RIGHT__1537297234870482.jpg", "samples/CAM_BACK_LEFT/n008-2018-09-18-14-54-39-0400__CAM_BACK_LEFT__1537297234897405.jpg", "samples/CAM_BACK/n008-2018-09-18-14-54-39-0400__CAM_BACK__1537297234887558.jpg", "samples/CAM_BACK_RIGHT/n008-2018-09-18-14-54-39-0400__CAM_BACK_RIGHT__1537297234878113.jpg"], "intrinsics": [[[1257.8625342125129, 0.0, 827.2410631095686], [0.0, 1257.8625342125129, 450.915498205774], [0.0, 0.0, 1.0]], [[1252.8131021185304, 0.0, 826.588114781398], [0.0, 1252.8131021185304, 469.9846626224581], [0.0, 0.0, 1.0]], [[1256.7485116440405, 0.0, 817.7887570959712], [0.0, 1256.7485116440403, 451.9541780095127], [0.0, 0.0, 1.0]], [[1254.9860565800168, 0.0, 829.5769333630991], [0.0, 1254.9860565800168, 467.1680561863987], [0.0, 0.0, 1.0]], [[796.8910634503094, 0.0, 857.7774326863696], [0.0, 796.8910634503094, 476.8848988407415], [0.0, 0.0, 1.0]], [[1249.9629280788233, 0.0, 825.3768045375984], [0.0, 1249.9629280788233, 462.54816385708756], [0.0, 0.0, 1.0]]], "extrinsics": [[[0.8225142359733582, -0.5687078237533569, -0.006469524931162596, -1.005096435546875], [0.0007202395936474204, 0.012416626326739788, -0.9999226331710815, 1.4882946014404297], [0.5687441825866699, 0.8224459290504456, 0.01062245573848486, -1.3333740234375], [0.0, 0.0, 0.0, 1.0]], [[0.010200470685958862, -0.9999136924743652, -0.008280249312520027, 0.00537109375], [0.002678082324564457, 0.008307968266308308, -0.9999619126319885, 1.4801616668701172], [0.9999443888664246, 0.010177891701459885, 0.002762596355751157, -1.7347412109375], [0.0, 0.0, 0.0, 1.0]], [[-0.8440498113632202, -0.5361921191215515, -0.008827108889818192, 1.090576171875], [0.01069698017090559, -0.00037706911098212004, -0.9999427199363708, 1.4930720329284668], [0.5361581444740295, -0.8440959453582764, 0.00605390127748251, -1.277587890625], [0.0, 0.0, 0.0, 1.0]], [[0.9478456974029541, 0.31859689950942993, -0.009198908694088459, -1.14404296875], [-0.014673421159386635, 0.014787419699132442, -0.9997829794883728, 1.5620412826538086], [-0.31839174032211304, 0.9477749466896057, 0.01869109831750393, -0.15625], [0.0, 0.0, 0.0, 1.0]], [[0.009268023073673248, 0.9999314546585083, 0.007150367368012667, -0.0289306640625], [-0.012555425986647606, 0.007266477216035128, -0.9998947381973267, 1.5680608749389648], [-0.9998782873153687, 0.009177247062325478, 0.012621911242604256, 0.0443115234375], [0.0, 0.0, 0.0, 1.0]], [[-0.9237375259399414, 0.3830218017101288, 0.0018147678347304463, 1.1607513427734375], [-0.008366242982447147, -0.015439658425748348, -0.9998457431793213, 1.5478134155273438], [-0.3829346001148224, -0.9236103296279907, 0.017466643825173378, -0.0438232421875], [0.0, 0.0, 0.0, 1.0]]], "view": [[0.0, -2.0, 100.0], [-2.0, 0.0, 100.0], [0.0, 0.0, 1.0]], "bev": "bev_bcd1b1ee896a422581d145443bb3b41c.png", "aux": "aux_bcd1b1ee896a422581d145443bb3b41c.npz", "visibility": "visibility_bcd1b1ee896a422581d145443bb3b41c.png", "pose": [[0.874078631401062, 0.48578450083732605, 0.0, 1416.337646484375], [-0.48578450083732605, 0.874078631401062, 0.0, 1256.4173583984375], [0.0, 0.0, 1.0, 0.0], [0.0, 0.0, 0.0, 1.0]], "pose_inverse": [[0.874078631401062, -0.48578450083732605, 0.0, -627.642333984375], [0.48578450083732605, 0.874078631401062, 0.0, -1786.242431640625], [0.0, 0.0, 1.0, 0.0], [0.0, 0.0, 0.0, 1.0]], "cam_ids": [0, 1, 2, 3, 4, 5], "cam_channels": ["CAM_FRONT_LEFT", "CAM_FRONT", "CAM_FRONT_RIGHT", "CAM_BACK_LEFT", "CAM_BACK", "CAM_BACK_RIGHT"], "token": "bcd1b1ee896a422581d145443bb3b41c", "scene": "scene-0880"}, {"images": ["samples/CAM_FRONT_LEFT/n008-2018-09-18-14-54-39-0400__CAM_FRONT_LEFT__1537297235354799.jpg", "samples/CAM_FRONT/n008-2018-09-18-14-54-39-0400__CAM_FRONT__1537297235362404.jpg", "samples/CAM_FRONT_RIGHT/n008-2018-09-18-14-54-39-0400__CAM_FRONT_RIGHT__1537297235370482.jpg", "samples/CAM_BACK_LEFT/n008-2018-09-18-14-54-39-0400__CAM_BACK_LEFT__1537297235397405.jpg", "samples/CAM_BACK/n008-2018-09-18-14-54-39-0400__CAM_BACK__1537297235387558.jpg", "samples/CAM_BACK_RIGHT/n008-2018-09-18-14-54-39-0400__CAM_BACK_RIGHT__1537297235378113.jpg"], "intrinsics": [[[1257.8625342125129, 0.0, 827.2410631095686], [0.0, 1257.8625342125129, 450.915498205774], [0.0, 0.0, 1.0]], [[1252.8131021185304, 0.0, 826.588114781398], [0.0, 1252.8131021185304, 469.9846626224581], [0.0, 0.0, 1.0]], [[1256.7485116440405, 0.0, 817.7887570959712], [0.0, 1256.7485116440403, 451.9541780095127], [0.0, 0.0, 1.0]], [[1254.9860565800168, 0.0, 829.5769333630991], [0.0, 1254.9860565800168, 467.1680561863987], [0.0, 0.0, 1.0]], [[796.8910634503094, 0.0, 857.7774326863696], [0.0, 796.8910634503094, 476.8848988407415], [0.0, 0.0, 1.0]], [[1249.9629280788233, 0.0, 825.3768045375984], [0.0, 1249.9629280788233, 462.54816385708756], [0.0, 0.0, 1.0]]], "extrinsics": [[[0.8225150108337402, -0.5687063932418823, -0.006491506937891245, -1.0050048828125], [0.0006746187573298812, 0.012389330193400383, -0.9999229907989502, 1.4882946014404297], [0.5687429904937744, 0.8224472999572754, 0.010574069805443287, -1.3333740234375], [0.0, 0.0, 0.0, 1.0]], [[0.010202289558947086, -0.9999139308929443, -0.008238616399466991, 0.0054931640625], [0.0026292791590094566, 0.008265841752290726, -0.9999623894691467, 1.4801673889160156], [0.9999443888664246, 0.010180174373090267, 0.0027133836410939693, -1.73480224609375], [0.0, 0.0, 0.0, 1.0]], [[-0.8440487384796143, -0.536194920539856, -0.00875812117010355, 1.090576171875], [0.010648701339960098, -0.00042969497735612094, -0.9999431371688843, 1.4930691719055176], [0.5361607074737549, -0.8440940380096436, 0.006072462070733309, -1.277587890625], [0.0, 0.0, 0.0, 1.0]], [[0.9478448033332825, 0.3185974061489105, -0.009268869645893574, -1.1439208984375], [-0.014736670069396496, 0.014755998738110065, -0.9997825026512146, 1.5620431900024414], [-0.318391352891922, 0.9477752447128296, 0.018681462854146957, -0.1561279296875], [0.0, 0.0, 0.0, 1.0]], [[0.009267196990549564, 0.9999317526817322, 0.007112897466868162, -0.02880859375], [-0.012619051150977612, 0.007229581940919161, -0.9998942017555237, 1.5680608749389648], [-0.9998774528503418, 0.009176411665976048, 0.01268518902361393, 0.04425048828125], [0.0, 0.0, 0.0, 1.0]], [[-0.9237383008003235, 0.3830195665359497, 0.0018412420758977532, 1.1606979370117188], [-0.008415764197707176, -0.015490091405808926, -0.9998445510864258, 1.5478134155273438], [-0.38293150067329407, -0.9236103296279907, 0.017532194033265114, -0.0439453125], [0.0, 0.0, 0.0, 1.0]]], "view": [[0.0, -2.0, 100.0], [-2.0, 0.0, 100.0], [0.0, 0.0, 1.0]], "bev": "bev_380b224b4b1947638291e967445f9952.png", "aux": "aux_380b224b4b1947638291e967445f9952.npz", "visibility": "visibility_380b224b4b1947638291e967445f9952.png", "pose": [[0.8740975260734558, 0.4857504069805145, 0.0, 1416.337646484375], [-0.4857504069805145, 0.8740975260734558, 0.0, 1256.4173583984375], [0.0, 0.0, 1.0, 0.0], [0.0, 0.0, 0.0, 1.0]], "pose_inverse": [[0.8740975260734558, -0.4857504069805145, 0.0, -627.7120361328125], [0.4857504069805145, 0.8740975260734558, 0.0, -1786.2178955078125], [0.0, 0.0, 1.0, 0.0], [0.0, 0.0, 0.0, 1.0]], "cam_ids": [0, 1, 2, 3, 4, 5], "cam_channels": ["CAM_FRONT_LEFT", "CAM_FRONT", "CAM_FRONT_RIGHT", "CAM_BACK_LEFT", "CAM_BACK", "CAM_BACK_RIGHT"], "token": "380b224b4b1947638291e967445f9952", "scene": "scene-0880"}, {"images": ["samples/CAM_FRONT_LEFT/n008-2018-09-18-14-54-39-0400__CAM_FRONT_LEFT__1537297235854799.jpg", "samples/CAM_FRONT/n008-2018-09-18-14-54-39-0400__CAM_FRONT__1537297235862404.jpg", "samples/CAM_FRONT_RIGHT/n008-2018-09-18-14-54-39-0400__CAM_FRONT_RIGHT__1537297235870482.jpg", "samples/CAM_BACK_LEFT/n008-2018-09-18-14-54-39-0400__CAM_BACK_LEFT__1537297235897405.jpg", "samples/CAM_BACK/n008-2018-09-18-14-54-39-0400__CAM_BACK__1537297235887558.jpg", "samples/CAM_BACK_RIGHT/n008-2018-09-18-14-54-39-0400__CAM_BACK_RIGHT__1537297235878113.jpg"], "intrinsics": [[[1257.8625342125129, 0.0, 827.2410631095686], [0.0, 1257.8625342125129, 450.915498205774], [0.0, 0.0, 1.0]], [[1252.8131021185304, 0.0, 826.588114781398], [0.0, 1252.8131021185304, 469.9846626224581], [0.0, 0.0, 1.0]], [[1256.7485116440405, 0.0, 817.7887570959712], [0.0, 1256.7485116440403, 451.9541780095127], [0.0, 0.0, 1.0]], [[1254.9860565800168, 0.0, 829.5769333630991], [0.0, 1254.9860565800168, 467.1680561863987], [0.0, 0.0, 1.0]], [[796.8910634503094, 0.0, 857.7774326863696], [0.0, 796.8910634503094, 476.8848988407415], [0.0, 0.0, 1.0]], [[1249.9629280788233, 0.0, 825.3768045375984], [0.0, 1249.9629280788233, 462.54816385708756], [0.0, 0.0, 1.0]]], "extrinsics": [[[0.8225207924842834, -0.5686982870101929, -0.006464195903390646, -1.00506591796875], [0.0007193899946287274, 0.01240624487400055, -0.9999228119850159, 1.4882965087890625], [0.5687346458435059, 0.8224526643753052, 0.010613508522510529, -1.333251953125], [0.0, 0.0, 0.0, 1.0]], [[0.010207789950072765, -0.9999138116836548, -0.00825503934174776, 0.0052490234375], [0.002684237202629447, 0.008282841183245182, -0.9999620914459229, 1.4801692962646484], [0.9999443292617798, 0.010185274295508862, 0.002768555423244834, -1.73468017578125], [0.0, 0.0, 0.0, 1.0]], [[-0.844048261642456, -0.5361946821212769, -0.00881523173302412, 1.090576171875], [0.010709241032600403, -0.000418488634750247, -0.9999425411224365, 1.4930706024169922], [0.5361602306365967, -0.8440942764282227, 0.006095462013036013, -1.2774658203125], [0.0, 0.0, 0.0, 1.0]], [[0.9478459358215332, 0.31859567761421204, -0.009204193949699402, -1.1439208984375], [-0.014659876935184002, 0.014730580151081085, -0.9997840523719788, 1.5620412826538086], [-0.318391352891922, 0.9477762579917908, 0.01863289624452591, -0.1561279296875], [0.0, 0.0, 0.0, 1.0]], [[0.009267961606383324, 0.9999319911003113, 0.007085034623742104, -0.0286865234375], [-0.01254658866673708, 0.007201065309345722, -0.9998952746391296, 1.5680627822875977], [-0.9998784065246582, 0.009178089909255505, 0.012612473219633102, 0.04443359375], [0.0, 0.0, 0.0, 1.0]], [[-0.9237374663352966, 0.38302192091941833, 0.001780805760063231, 1.16064453125], [-0.008352134376764297, -0.015494280494749546, -0.999845027923584, 1.5478096008300781], [-0.3829350173473358, -0.9236092567443848, 0.017511699348688126, -0.0438232421875], [0.0, 0.0, 0.0, 1.0]]], "view": [[0.0, -2.0, 100.0], [-2.0, 0.0, 100.0], [0.0, 0.0, 1.0]], "bev": "bev_5a35c5177a324713a360e7cf4a464711.png", "aux": "aux_5a35c5177a324713a360e7cf4a464711.npz", "visibility": "visibility_5a35c5177a324713a360e7cf4a464711.png", "pose": [[0.8740984201431274, 0.48574888706207275, 0.0, 1416.337646484375], [-0.48574888706207275, 0.8740984201431274, 0.0, 1256.4173583984375], [0.0, 0.0, 1.0, 0.0], [0.0, 0.0, 0.0, 1.0]], "pose_inverse": [[0.8740984201431274, -0.48574888706207275, 0.0, -627.7151489257812], [0.48574888706207275, 0.8740984201431274, 0.0, -1786.216796875], [0.0, 0.0, 1.0, 0.0], [0.0, 0.0, 0.0, 1.0]], "cam_ids": [0, 1, 2, 3, 4, 5], "cam_channels": ["CAM_FRONT_LEFT", "CAM_FRONT", "CAM_FRONT_RIGHT", "CAM_BACK_LEFT", "CAM_BACK", "CAM_BACK_RIGHT"], "token": "5a35c5177a324713a360e7cf4a464711", "scene": "scene-0880"}, {"images": ["samples/CAM_FRONT_LEFT/n008-2018-09-18-14-54-39-0400__CAM_FRONT_LEFT__1537297236354799.jpg", "samples/CAM_FRONT/n008-2018-09-18-14-54-39-0400__CAM_FRONT__1537297236362404.jpg", "samples/CAM_FRONT_RIGHT/n008-2018-09-18-14-54-39-0400__CAM_FRONT_RIGHT__1537297236370482.jpg", "samples/CAM_BACK_LEFT/n008-2018-09-18-14-54-39-0400__CAM_BACK_LEFT__1537297236397405.jpg", "samples/CAM_BACK/n008-2018-09-18-14-54-39-0400__CAM_BACK__1537297236387558.jpg", "samples/CAM_BACK_RIGHT/n008-2018-09-18-14-54-39-0400__CAM_BACK_RIGHT__1537297236378113.jpg"], "intrinsics": [[[1257.8625342125129, 0.0, 827.2410631095686], [0.0, 1257.8625342125129, 450.915498205774], [0.0, 0.0, 1.0]], [[1252.8131021185304, 0.0, 826.588114781398], [0.0, 1252.8131021185304, 469.9846626224581], [0.0, 0.0, 1.0]], [[1256.7485116440405, 0.0, 817.7887570959712], [0.0, 1256.7485116440403, 451.9541780095127], [0.0, 0.0, 1.0]], [[1254.9860565800168, 0.0, 829.5769333630991], [0.0, 1254.9860565800168, 467.1680561863987], [0.0, 0.0, 1.0]], [[796.8910634503094, 0.0, 857.7774326863696], [0.0, 796.8910634503094, 476.8848988407415], [0.0, 0.0, 1.0]], [[1249.9629280788233, 0.0, 825.3768045375984], [0.0, 1249.9629280788233, 462.54816385708756], [0.0, 0.0, 1.0]]], "extrinsics": [[[0.8225145936012268, -0.568708062171936, -0.006398865487426519, -1.0050048828125], [0.0008051872137002647, 0.01241524238139391, -0.9999225735664368, 1.4882926940917969], [0.5687434673309326, 0.822445809841156, 0.010669632814824581, -1.33349609375], [0.0, 0.0, 0.0, 1.0]], [[0.010198398493230343, -0.99991375207901, -0.008270579390227795, 0.0054931640625], [0.002776874927803874, 0.008299297653138638, -0.9999617338180542, 1.4801654815673828], [0.9999440908432007, 0.010174998082220554, 0.00286127463914454, -1.7347412109375], [0.0, 0.0, 0.0, 1.0]], [[-0.8440517783164978, -0.5361877083778381, -0.008909500204026699, 1.090576171875], [0.01080439705401659, -0.0003925709461327642, -0.9999415278434753, 1.4930715560913086], [0.5361528396606445, -0.844098687171936, 0.006124534178525209, -1.277587890625], [0.0, 0.0, 0.0, 1.0]], [[0.9478468894958496, 0.31859642267227173, -0.009100138209760189, -1.143798828125], [-0.014565066434442997, 0.014775030314922333, -0.9997847676277161, 1.5620431900024414], [-0.3183933198451996, 0.9477752447128296, 0.018644843250513077, -0.15625], [0.0, 0.0, 0.0, 1.0]], [[0.009270827285945415, 0.9999315142631531, 0.007140925619751215, -0.02880859375], [-0.01248208712786436, 0.007256397511810064, -0.9998956918716431, 1.568061351776123], [-0.9998791813850403, 0.009180683642625809, 0.012548506259918213, 0.0443115234375], [0.0, 0.0, 0.0, 1.0]], [[-0.9237353205680847, 0.38302749395370483, 0.0017085522413253784, 1.160675048828125], [-0.008257976733148098, -0.015455536544322968, -0.9998464584350586, 1.5478172302246094], [-0.3829421401023865, -0.923607587814331, 0.017439858987927437, -0.0435791015625], [0.0, 0.0, 0.0, 1.0]]], "view": [[0.0, -2.0, 100.0], [-2.0, 0.0, 100.0], [0.0, 0.0, 1.0]], "bev": "bev_ff94fd82967f465395140e181dc0ca09.png", "aux": "aux_ff94fd82967f465395140e181dc0ca09.npz", "visibility": "visibility_ff94fd82967f465395140e181dc0ca09.png", "pose": [[0.8740881085395813, 0.4857673943042755, 0.0, 1416.337646484375], [-0.4857673943042755, 0.8740881085395813, 0.0, 1256.4173583984375], [0.0, 0.0, 1.0, 0.0], [0.0, 0.0, 0.0, 1.0]], "pose_inverse": [[0.8740881085395813, -0.4857673943042755, 0.0, -627.6773071289062], [0.4857673943042755, 0.8740881085395813, 0.0, -1786.2301025390625], [0.0, 0.0, 1.0, 0.0], [0.0, 0.0, 0.0, 1.0]], "cam_ids": [0, 1, 2, 3, 4, 5], "cam_channels": ["CAM_FRONT_LEFT", "CAM_FRONT", "CAM_FRONT_RIGHT", "CAM_BACK_LEFT", "CAM_BACK", "CAM_BACK_RIGHT"], "token": "ff94fd82967f465395140e181dc0ca09", "scene": "scene-0880"}, {"images": ["samples/CAM_FRONT_LEFT/n008-2018-09-18-14-54-39-0400__CAM_FRONT_LEFT__1537297236854799.jpg", "samples/CAM_FRONT/n008-2018-09-18-14-54-39-0400__CAM_FRONT__1537297236862404.jpg", "samples/CAM_FRONT_RIGHT/n008-2018-09-18-14-54-39-0400__CAM_FRONT_RIGHT__1537297236870482.jpg", "samples/CAM_BACK_LEFT/n008-2018-09-18-14-54-39-0400__CAM_BACK_LEFT__1537297236897405.jpg", "samples/CAM_BACK/n008-2018-09-18-14-54-39-0400__CAM_BACK__1537297236887558.jpg", "samples/CAM_BACK_RIGHT/n008-2018-09-18-14-54-39-0400__CAM_BACK_RIGHT__1537297236878113.jpg"], "intrinsics": [[[1257.8625342125129, 0.0, 827.2410631095686], [0.0, 1257.8625342125129, 450.915498205774], [0.0, 0.0, 1.0]], [[1252.8131021185304, 0.0, 826.588114781398], [0.0, 1252.8131021185304, 469.9846626224581], [0.0, 0.0, 1.0]], [[1256.7485116440405, 0.0, 817.7887570959712], [0.0, 1256.7485116440403, 451.9541780095127], [0.0, 0.0, 1.0]], [[1254.9860565800168, 0.0, 829.5769333630991], [0.0, 1254.9860565800168, 467.1680561863987], [0.0, 0.0, 1.0]], [[796.8910634503094, 0.0, 857.7774326863696], [0.0, 796.8910634503094, 476.8848988407415], [0.0, 0.0, 1.0]], [[1249.9629280788233, 0.0, 825.3768045375984], [0.0, 1249.9629280788233, 462.54816385708756], [0.0, 0.0, 1.0]]], "extrinsics": [[[0.8225322961807251, -0.5687008500099182, -0.004460624884814024, -1.005126953125], [0.002975709969177842, 0.012146799825131893, -0.9999217987060547, 1.4882984161376953], [0.5687105655670166, 0.8224547505378723, 0.01168342400342226, -1.3333740234375], [0.0, 0.0, 0.0, 1.0]], [[0.010227837599813938, -0.9999158978462219, -0.007976495660841465, 0.0052490234375], [0.005141230300068855, 0.0080293919891119, -0.9999545812606812, 1.4801654815673828], [0.9999343752861023, 0.010186353698372841, 0.005222922191023827, -1.7347412109375], [0.0, 0.0, 0.0, 1.0]], [[-0.8440206050872803, -0.5361986756324768, -0.010958567261695862, 1.090576171875], [0.013405829668045044, -0.0006662047235295177, -0.9999099373817444, 1.4930734634399414], [0.5361431241035461, -0.844091534614563, 0.007750478573143482, -1.277587890625], [0.0, 0.0, 0.0, 1.0]], [[0.9478712677955627, 0.31859877705574036, -0.005908088758587837, -1.1439208984375], [-0.01109662838280201, 0.014472966082394123, -0.9998337030410767, 1.562042236328125], [-0.31846025586128235, 0.9477791786193848, 0.017253881320357323, -0.15625], [0.0, 0.0, 0.0, 1.0]], [[0.009241137653589249, 0.999933660030365, 0.006879774387925863, -0.0286865234375], [-0.009292015805840492, 0.006965641397982836, -0.9999325275421143, 1.5680618286132812], [-0.9999141693115234, 0.00917656347155571, 0.009355769492685795, 0.0443115234375], [0.0, 0.0, 0.0, 1.0]], [[-0.9237399101257324, 0.3830191493034363, -0.001034115208312869, 1.1606597900390625], [-0.005405689589679241, -0.01573660597205162, -0.9998615980148315, 1.5478134155273438], [-0.38298243284225464, -0.9236063361167908, 0.01660701259970665, -0.043701171875], [0.0, 0.0, 0.0, 1.0]]], "view": [[0.0, -2.0, 100.0], [-2.0, 0.0, 100.0], [0.0, 0.0, 1.0]], "bev": "bev_96e629df070249c09599ceb874ed0e7c.png", "aux": "aux_96e629df070249c09599ceb874ed0e7c.npz", "visibility": "visibility_96e629df070249c09599ceb874ed0e7c.png", "pose": [[0.8741070628166199, 0.485733300447464, 0.0, 1416.337646484375], [-0.485733300447464, 0.8741070628166199, 0.0, 1256.4173583984375], [0.0, 0.0, 1.0, 0.0], [0.0, 0.0, 0.0, 1.0]], "pose_inverse": [[0.8741070628166199, -0.485733300447464, 0.0, -627.7470092773438], [0.485733300447464, 0.8741070628166199, 0.0, -1786.2056884765625], [0.0, 0.0, 1.0, 0.0], [0.0, 0.0, 0.0, 1.0]], "cam_ids": [0, 1, 2, 3, 4, 5], "cam_channels": ["CAM_FRONT_LEFT", "CAM_FRONT", "CAM_FRONT_RIGHT", "CAM_BACK_LEFT", "CAM_BACK", "CAM_BACK_RIGHT"], "token": "96e629df070249c09599ceb874ed0e7c", "scene": "scene-0880"}, {"images": ["samples/CAM_FRONT_LEFT/n008-2018-09-18-14-54-39-0400__CAM_FRONT_LEFT__1537297237354799.jpg", "samples/CAM_FRONT/n008-2018-09-18-14-54-39-0400__CAM_FRONT__1537297237362404.jpg", "samples/CAM_FRONT_RIGHT/n008-2018-09-18-14-54-39-0400__CAM_FRONT_RIGHT__1537297237370482.jpg", "samples/CAM_BACK_LEFT/n008-2018-09-18-14-54-39-0400__CAM_BACK_LEFT__1537297237397405.jpg", "samples/CAM_BACK/n008-2018-09-18-14-54-39-0400__CAM_BACK__1537297237387558.jpg", "samples/CAM_BACK_RIGHT/n008-2018-09-18-14-54-39-0400__CAM_BACK_RIGHT__1537297237378113.jpg"], "intrinsics": [[[1257.8625342125129, 0.0, 827.2410631095686], [0.0, 1257.8625342125129, 450.915498205774], [0.0, 0.0, 1.0]], [[1252.8131021185304, 0.0, 826.588114781398], [0.0, 1252.8131021185304, 469.9846626224581], [0.0, 0.0, 1.0]], [[1256.7485116440405, 0.0, 817.7887570959712], [0.0, 1256.7485116440403, 451.9541780095127], [0.0, 0.0, 1.0]], [[1254.9860565800168, 0.0, 829.5769333630991], [0.0, 1254.9860565800168, 467.1680561863987], [0.0, 0.0, 1.0]], [[796.8910634503094, 0.0, 857.7774326863696], [0.0, 796.8910634503094, 476.8848988407415], [0.0, 0.0, 1.0]], [[1249.9629280788233, 0.0, 825.3768045375984], [0.0, 1249.9629280788233, 462.54816385708756], [0.0, 0.0, 1.0]]], "extrinsics": [[[0.8225449919700623, -0.5686991214752197, 0.0010740902507677674, -0.988616943359375], [0.008290496654808521, 0.010102545842528343, -0.9999145865440369, 1.4884605407714844], [0.5686396956443787, 0.8224836587905884, 0.013024593703448772, -1.3218994140625], [0.0, 0.0, 0.0, 1.0]], [[0.010271282866597176, -0.9999303817749023, -0.005812244024127722, 0.005615234375], [0.01029609702527523, 0.005918001290410757, -0.9999294877052307, 1.480337142944336], [0.9998942017555237, 0.010210714302957058, 0.010356164537370205, -1.71807861328125], [0.0, 0.0, 0.0, 1.0]], [[-0.8439536690711975, -0.5362339019775391, -0.013978693634271622, 1.07958984375], [0.018370717763900757, -0.002849050099030137, -0.9998271465301514, 1.4933104515075684], [0.5361014008522034, -0.8440646529197693, 0.012255467474460602, -1.2705078125], [0.0, 0.0, 0.0, 1.0]], [[0.9478856921195984, 0.3185998201370239, -0.002639537211507559, -1.1434326171875], [-0.006843842100352049, 0.012077524326741695, -0.999903678894043, 1.5620412826538086], [-0.31853723526000977, 0.9478123784065247, 0.01362855825573206, -0.15625], [0.0, 0.0, 0.0, 1.0]], [[0.009203980676829815, 0.9999471306800842, 0.004594818688929081, -0.02880859375], [-0.004781745374202728, 0.004638973623514175, -0.9999777674674988, 1.5680341720581055], [-0.9999462962150574, 0.009181751869618893, 0.0048241885378956795, 0.0389404296875], [0.0, 0.0, 0.0, 1.0]], [[-0.9237263798713684, 0.38300105929374695, -0.006298264022916555, 1.1515274047851562], [-0.0006407441105693579, -0.017987197265028954, -0.9998379945755005, 1.5478057861328125], [-0.383052259683609, -0.9235727787017822, 0.016860654577612877, -0.047607421875], [0.0, 0.0, 0.0, 1.0]]], "view": [[0.0, -2.0, 100.0], [-2.0, 0.0, 100.0], [0.0, 0.0, 1.0]], "bev": "bev_536aa4a7b83c4467856b5b60fffb9b9f.png", "aux": "aux_536aa4a7b83c4467856b5b60fffb9b9f.npz", "visibility": "visibility_536aa4a7b83c4467856b5b60fffb9b9f.png", "pose": [[0.8740476965904236, 0.48584017157554626, 0.0, 1416.4134521484375], [-0.48584017157554626, 0.8740476965904236, 0.0, 1256.375244140625], [0.0, 0.0, 1.0, 0.0], [0.0, 0.0, 0.0, 1.0]], "pose_inverse": [[0.8740476965904236, -0.48584017157554626, 0.0, -627.6153564453125], [0.48584017157554626, 0.8740476965904236, 0.0, -1786.2823486328125], [0.0, 0.0, 1.0, 0.0], [0.0, 0.0, 0.0, 1.0]], "cam_ids": [0, 1, 2, 3, 4, 5], "cam_channels": ["CAM_FRONT_LEFT", "CAM_FRONT", "CAM_FRONT_RIGHT", "CAM_BACK_LEFT", "CAM_BACK", "CAM_BACK_RIGHT"], "token": "536aa4a7b83c4467856b5b60fffb9b9f", "scene": "scene-0880"}, {"images": ["samples/CAM_FRONT_LEFT/n008-2018-09-18-14-54-39-0400__CAM_FRONT_LEFT__1537297237854799.jpg", "samples/CAM_FRONT/n008-2018-09-18-14-54-39-0400__CAM_FRONT__1537297237862404.jpg", "samples/CAM_FRONT_RIGHT/n008-2018-09-18-14-54-39-0400__CAM_FRONT_RIGHT__1537297237870482.jpg", "samples/CAM_BACK_LEFT/n008-2018-09-18-14-54-39-0400__CAM_BACK_LEFT__1537297237897405.jpg", "samples/CAM_BACK/n008-2018-09-18-14-54-39-0400__CAM_BACK__1537297237887558.jpg", "samples/CAM_BACK_RIGHT/n008-2018-09-18-14-54-39-0400__CAM_BACK_RIGHT__1537297237878113.jpg"], "intrinsics": [[[1257.8625342125129, 0.0, 827.2410631095686], [0.0, 1257.8625342125129, 450.915498205774], [0.0, 0.0, 1.0]], [[1252.8131021185304, 0.0, 826.588114781398], [0.0, 1252.8131021185304, 469.9846626224581], [0.0, 0.0, 1.0]], [[1256.7485116440405, 0.0, 817.7887570959712], [0.0, 1256.7485116440403, 451.9541780095127], [0.0, 0.0, 1.0]], [[1254.9860565800168, 0.0, 829.5769333630991], [0.0, 1254.9860565800168, 467.1680561863987], [0.0, 0.0, 1.0]], [[796.8910634503094, 0.0, 857.7774326863696], [0.0, 796.8910634503094, 476.8848988407415], [0.0, 0.0, 1.0]], [[1249.9629280788233, 0.0, 825.3768045375984], [0.0, 1249.9629280788233, 462.54816385708756], [0.0, 0.0, 1.0]]], "extrinsics": [[[0.8225892186164856, -0.5686125755310059, 0.005165919661521912, -0.965179443359375], [0.009243743494153023, 0.004287899937480688, -0.9999480843544006, 1.4887447357177734], [0.5685610175132751, 0.8225942850112915, 0.008783289231359959, -1.3056640625], [0.0, 0.0, 0.0, 1.0]], [[0.010324950329959393, -0.9999467134475708, 0.00019532820442691445, 0.0054931640625], [0.011068107560276985, -8.10424389783293e-05, -0.9999387264251709, 1.4806113243103027], [0.9998853206634521, 0.010326498188078403, 0.011066680774092674, -1.69439697265625], [0.0, 0.0, 0.0, 1.0]], [[-0.8439368605613708, -0.5363269448280334, -0.011131579987704754, 1.0638427734375], [0.018932707607746124, -0.00904090702533722, -0.9997798800468445, 1.493673324584961], [0.5361082553863525, -0.8439618945121765, 0.017784077674150467, -1.2606201171875], [0.0, 0.0, 0.0, 1.0]], [[0.9478934407234192, 0.318549245595932, -0.004942482337355614, -1.1417236328125], [-0.006977792363613844, 0.005248513538390398, -0.9999619126319885, 1.5620307922363281], [-0.31851112842559814, 0.9478917717933655, 0.007197802420705557, -0.15673828125], [0.0, 0.0, 0.0, 1.0]], [[0.009221643209457397, 0.999955415725708, -0.0020053198095411062, -0.028564453125], [-0.0046630119904875755, -0.0019623811