[{"images": ["samples/CAM_FRONT_LEFT/n015-2018-11-21-19-21-35+0800__CAM_FRONT_LEFT__1542799582354848.jpg", "samples/CAM_FRONT/n015-2018-11-21-19-21-35+0800__CAM_FRONT__1542799582362460.jpg", "samples/CAM_FRONT_RIGHT/n015-2018-11-21-19-21-35+0800__CAM_FRONT_RIGHT__1542799582370339.jpg", "samples/CAM_BACK_LEFT/n015-2018-11-21-19-21-35+0800__CAM_BACK_LEFT__1542799582397423.jpg", "samples/CAM_BACK/n015-2018-11-21-19-21-35+0800__CAM_BACK__1542799582387525.jpg", "samples/CAM_BACK_RIGHT/n015-2018-11-21-19-21-35+0800__CAM_BACK_RIGHT__1542799582377893.jpg"], "intrinsics": [[[1272.5979470598488, 0.0, 826.6154927353808], [0.0, 1272.5979470598488, 479.75165386361925], [0.0, 0.0, 1.0]], [[1266.417203046554, 0.0, 816.2670197447984], [0.0, 1266.417203046554, 491.50706579294757], [0.0, 0.0, 1.0]], [[1260.8474446004698, 0.0, 807.968244525554], [0.0, 1260.8474446004698, 495.3344268742088], [0.0, 0.0, 1.0]], [[1256.7414812095406, 0.0, 792.1125740759628], [0.0, 1256.7414812095406, 492.7757465151356], [0.0, 0.0, 1.0]], [[809.2209905677063, 0.0, 829.2196003259838], [0.0, 809.2209905677063, 481.77842384512485], [0.0, 0.0, 1.0]], [[1259.5137405846733, 0.0, 807.2529053838625], [0.0, 1259.5137405846733, 501.19579884916527], [0.0, 0.0, 1.0]]], "extrinsics": [[[0.8209657073020935, -0.5709772706031799, 0.00040792845538817346, -0.65869140625], [-0.009394677355885506, -0.01422224473208189, -0.9998547434806824, 1.5048065185546875], [0.5709000825881958, 0.8208426237106323, -0.017040124163031578, -1.071044921875], [0.0, 0.0, 0.0, 1.0]], [[0.006075543817132711, -0.9998167753219604, 0.01815188303589821, 0.009765625], [-0.014936047606170177, -0.018240923061966896, -0.9997221231460571, 1.5160102844238281], [0.9998699426651001, 0.005802714265882969, -0.0150441350415349, -1.38604736328125], [0.0, 0.0, 0.0, 1.0]], [[-0.8328075408935547, -0.5534972548484802, 0.008501379750669003, 0.8341064453125], [-0.009560082107782364, -0.0009743067203089595, -0.9999538064002991, 1.5013585090637207], [0.5534799695014954, -0.8328503966331482, -0.004480068106204271, -1.11474609375], [0.0, 0.0, 0.0, 1.0]], [[0.9477385878562927, 0.31884440779685974, -0.011389446444809437, -1.1351165771484375], [-0.0015464377356693149, -0.03110702522099018, -0.9995148181915283, 1.5885543823242188], [-0.3190440535545349, 0.9472964406013489, -0.02898825705051422, -0.1064453125], [0.0, 0.0, 0.0, 1.0]], [[0.002246545860543847, 0.9997718334197998, -0.02124365046620369, 0.001953125], [-0.026740817353129387, -0.021176045760512352, -0.9994180798530579, 1.576904296875], [-0.9996399283409119, 0.002813326194882393, 0.026687141507864, -0.0904541015625], [0.0, 0.0, 0.0, 1.0]], [[-0.9349192976951599, 0.3547739088535309, -0.007821452803909779, 0.972412109375], [0.006117664277553558, -0.00592390913516283, -0.9999637007713318, 1.5525245666503906], [-0.35480746626853943, -0.9349333643913269, 0.003367990953847766, -0.12451171875], [0.0, 0.0, 0.0, 1.0]]], "view": [[0.0, -2.0, 100.0], [-2.0, 0.0, 100.0], [0.0, 0.0, 1.0]], "bev": "bev_b6a9d120895e4207a0527ad4b3284d42.png", "aux": "aux_b6a9d120895e4207a0527ad4b3284d42.npz", "visibility": "visibility_b6a9d120895e4207a0527ad4b3284d42.png", "pose": [[-0.771653413772583, -0.6360431909561157, 0.0, 1279.291015625], [0.6360431909561157, -0.771653413772583, 0.0, 2740.549560546875], [0.0, 0.0, 1.0, 0.0], [0.0, 0.0, 0.0, 1.0]], "pose_inverse": [[-0.771653413772583, 0.6360431909561157, 0.0, -755.9385986328125], [-0.6360431909561157, -0.771653413772583, 0.0, 2928.43896484375], [0.0, 0.0, 1.0, 0.0], [0.0, 0.0, 0.0, 1.0]], "cam_ids": [0, 1, 2, 3, 4, 5], "cam_channels": ["CAM_FRONT_LEFT", "CAM_FRONT", "CAM_FRONT_RIGHT", "CAM_BACK_LEFT", "CAM_BACK", "CAM_BACK_RIGHT"], "token": "b6a9d120895e4207a0527ad4b3284d42", "scene": "scene-1067"}, {"images": ["samples/CAM_FRONT_LEFT/n015-2018-11-21-19-21-35+0800__CAM_FRONT_LEFT__1542799582854844.jpg", "samples/CAM_FRONT/n015-2018-11-21-19-21-35+0800__CAM_FRONT__1542799582862460.jpg", "samples/CAM_FRONT_RIGHT/n015-2018-11-21-19-21-35+0800__CAM_FRONT_RIGHT__1542799582870339.jpg", "samples/CAM_BACK_LEFT/n015-2018-11-21-19-21-35+0800__CAM_BACK_LEFT__1542799582897423.jpg", "samples/CAM_BACK/n015-2018-11-21-19-21-35+0800__CAM_BACK__1542799582887525.jpg", "samples/CAM_BACK_RIGHT/n015-2018-11-21-19-21-35+0800__CAM_BACK_RIGHT__1542799582877893.jpg"], "intrinsics": [[[1272.5979470598488, 0.0, 826.6154927353808], [0.0, 1272.5979470598488, 479.75165386361925], [0.0, 0.0, 1.0]], [[1266.417203046554, 0.0, 816.2670197447984], [0.0, 1266.417203046554, 491.50706579294757], [0.0, 0.0, 1.0]], [[1260.8474446004698, 0.0, 807.968244525554], [0.0, 1260.8474446004698, 495.3344268742088], [0.0, 0.0, 1.0]], [[1256.7414812095406, 0.0, 792.1125740759628], [0.0, 1256.7414812095406, 492.7757465151356], [0.0, 0.0, 1.0]], [[809.2209905677063, 0.0, 829.2196003259838], [0.0, 809.2209905677063, 481.77842384512485], [0.0, 0.0, 1.0]], [[1259.5137405846733, 0.0, 807.2529053838625], [0.0, 1259.5137405846733, 501.19579884916527], [0.0, 0.0, 1.0]]], "extrinsics": [[[0.8207895755767822, -0.5712294578552246, -0.0011579756392166018, -0.660400390625], [-0.008435478433966637, -0.010093801654875278, -0.9999135136604309, 1.505136489868164], [0.5711683630943298, 0.8207282423973083, -0.013103480450809002, -1.06982421875], [0.0, 0.0, 0.0, 1.0]], [[0.005838255863636732, -0.999887228012085, 0.013831118121743202, 0.008056640625], [-0.013822374865412712, -0.013910725712776184, -0.9998077154159546, 1.5163230895996094], [0.9998874068260193, 0.00564596289768815, -0.013902030885219574, -1.38671875], [0.0, 0.0, 0.0, 1.0]], [[-0.8328860998153687, -0.553422212600708, 0.004953395109623671, 0.8338623046875], [-0.008315895684063435, 0.003565093269571662, -0.9999590516090393, 1.5016555786132812], [0.5533818602561951, -0.8328931927680969, -0.007571517489850521, -1.11572265625], [0.0, 0.0, 0.0, 1.0]], [[0.9477473497390747, 0.3189099133014679, -0.008452721871435642, -1.1362762451171875], [-0.00020799539925064892, -0.025878045707941055, -0.9996650815010071, 1.5885467529296875], [-0.3190218210220337, 0.9474316835403442, -0.024459518492221832, -0.105712890625], [0.0, 0.0, 0.0, 1.0]], [[0.0022939261980354786, 0.9998653531074524, -0.016245471313595772, 0.002685546875], [-0.02538943663239479, -0.01618204265832901, -0.9995466470718384, 1.5770435333251953], [-0.9996749758720398, 0.0027053733356297016, 0.025348899886012077, -0.08966064453125], [0.0, 0.0, 0.0, 1.0]], [[-0.9348878264427185, 0.35486698150634766, -0.007360358722507954, 0.9730224609375], [0.007421749643981457, -0.0011881875107064843, -0.9999717473983765, 1.5527458190917969], [-0.3548657298088074, -0.9349160194396973, -0.0015229127602651715, -0.125244140625], [0.0, 0.0, 0.0, 1.0]]], "view": [[0.0, -2.0, 100.0], [-2.0, 0.0, 100.0], [0.0, 0.0, 1.0]], "bev": "bev_15abe67860824b53876918fa681b1b38.png", "aux": "aux_15abe67860824b53876918fa681b1b38.npz", "visibility": "visibility_15abe67860824b53876918fa681b1b38.png", "pose": [[-0.7707817554473877, -0.6370992660522461, 0.0, 1276.0068359375], [0.6370992660522461, -0.7707817554473877, 0.0, 2743.29638671875], [0.0, 0.0, 1.0, 0.0], [0.0, 0.0, 0.0, 1.0]], "pose_inverse": [[-0.7707817554473877, 0.6370992660522461, 0.0, -764.2293701171875], [-0.6370992660522461, -0.7707817554473877, 0.0, 2927.42578125], [0.0, 0.0, 1.0, 0.0], [0.0, 0.0, 0.0, 1.0]], "cam_ids": [0, 1, 2, 3, 4, 5], "cam_channels": ["CAM_FRONT_LEFT", "CAM_FRONT", "CAM_FRONT_RIGHT", "CAM_BACK_LEFT", "CAM_BACK", "CAM_BACK_RIGHT"], "token": "15abe67860824b53876918fa681b1b38", "scene": "scene-1067"}, {"images": ["samples/CAM_FRONT_LEFT/n015-2018-11-21-19-21-35+0800__CAM_FRONT_LEFT__1542799583354844.jpg", "samples/CAM_FRONT/n015-2018-11-21-19-21-35+0800__CAM_FRONT__1542799583362460.jpg", "samples/CAM_FRONT_RIGHT/n015-2018-11-21-19-21-35+0800__CAM_FRONT_RIGHT__1542799583370339.jpg", "samples/CAM_BACK_LEFT/n015-2018-11-21-19-21-35+0800__CAM_BACK_LEFT__1542799583397423.jpg", "samples/CAM_BACK/n015-2018-11-21-19-21-35+0800__CAM_BACK__1542799583387525.jpg", "samples/CAM_BACK_RIGHT/n015-2018-11-21-19-21-35+0800__CAM_BACK_RIGHT__1542799583377893.jpg"], "intrinsics": [[[1272.5979470598488, 0.0, 826.6154927353808], [0.0, 1272.5979470598488, 479.75165386361925], [0.0, 0.0, 1.0]], [[1266.417203046554, 0.0, 816.2670197447984], [0.0, 1266.417203046554, 491.50706579294757], [0.0, 0.0, 1.0]], [[1260.8474446004698, 0.0, 807.968244525554], [0.0, 1260.8474446004698, 495.3344268742088], [0.0, 0.0, 1.0]], [[1256.7414812095406, 0.0, 792.1125740759628], [0.0, 1256.7414812095406, 492.7757465151356], [0.0, 0.0, 1.0]], [[809.2209905677063, 0.0, 829.2196003259838], [0.0, 809.2209905677063, 481.77842384512485], [0.0, 0.0, 1.0]], [[1259.5137405846733, 0.0, 807.2529053838625], [0.0, 1259.5137405846733, 501.19579884916527], [0.0, 0.0, 1.0]]], "extrinsics": [[[0.8210150003433228, -0.5709050893783569, -0.0013211932964622974, -0.666259765625], [0.009200382977724075, 0.01554484199732542, -0.999836802482605, 1.5115242004394531], [0.5708324909210205, 0.8208688497543335, 0.018015094101428986, -1.076416015625], [0.0, 0.0, 0.0, 1.0]], [[0.0059773582033813, -0.9999099969863892, -0.01200651191174984, 0.00927734375], [0.004363601561635733, 0.01203269511461258, -0.9999181032180786, 1.5218067169189453], [0.9999726414680481, 0.005924503318965435, 0.004435132257640362, -1.39398193359375], [0.0, 0.0, 0.0, 1.0]], [[-0.8327244520187378, -0.5531138777732849, -0.025199897587299347, 0.83905029296875], [0.010464147664606571, 0.02978336252272129, -0.9995015859603882, 1.50604248046875], [0.5535886287689209, -0.8325730562210083, -0.01901347003877163, -1.11865234375], [0.0, 0.0, 0.0, 1.0]], [[0.947634756565094, 0.3187447786331177, 0.019752180203795433, -1.1328887939453125], [0.02051525190472603, 0.0009633078589104116, -0.9997890591621399, 1.5887575149536133], [-0.3186965882778168, 0.94784015417099, -0.00562626589089632, -0.107177734375], [0.0, 0.0, 0.0, 1.0]], [[0.0024288897402584553, 0.9999421238899231, 0.010488429106771946, 0.00244140625], [-0.005311780143529177, 0.010501214303076267, -0.9999307990074158, 1.5788650512695312], [-0.9999828934669495, 0.002373004099354148, 0.00533697847276926, -0.08941650390625], [0.0, 0.0, 0.0, 1.0]], [[-0.9346103668212891, 0.3553099036216736, -0.01607373356819153, 0.9765625], [0.026794858276844025, 0.025273505598306656, -0.9993214011192322, 1.5559959411621094], [-0.3546624779701233, -0.9344069361686707, -0.0331413596868515, -0.123291015625], [0.0, 0.0, 0.0, 1.0]]], "view": [[0.0, -2.0, 100.0], [-2.0, 0.0, 100.0], [0.0, 0.0, 1.0]], "bev": "bev_3f21669491dd40ce91c7329d3ffc7630.png", "aux": "aux_3f21669491dd40ce91c7329d3ffc7630.npz", "visibility": "visibility_3f21669491dd40ce91c7329d3ffc7630.png", "pose": [[-0.7699641585350037, -0.6380871534347534, 0.0, 1272.7283935546875], [0.6380871534347534, -0.7699641585350037, 0.0, 2746.0419921875], [0.0, 0.0, 1.0, 0.0], [0.0, 0.0, 0.0, 1.0]], "pose_inverse": [[-0.7699641585350037, 0.6380871534347534, 0.0, -772.2589111328125], [-0.6380871534347534, -0.7699641585350037, 0.0, 2926.465576171875], [0.0, 0.0, 1.0, 0.0], [0.0, 0.0, 0.0, 1.0]], "cam_ids": [0, 1, 2, 3, 4, 5], "cam_channels": ["CAM_FRONT_LEFT", "CAM_FRONT", "CAM_FRONT_RIGHT", "CAM_BACK_LEFT", "CAM_BACK", "CAM_BACK_RIGHT"], "token": "3f21669491dd40ce91c7329d3ffc7630", "scene": "scene-1067"}, {"images": ["samples/CAM_FRONT_LEFT/n015-2018-11-21-19-21-35+0800__CAM_FRONT_LEFT__1542799583854844.jpg", "samples/CAM_FRONT/n015-2018-11-21-19-21-35+0800__CAM_FRONT__1542799583862460.jpg", "samples/CAM_FRONT_RIGHT/n015-2018-11-21-19-21-35+0800__CAM_FRONT_RIGHT__1542799583870339.jpg", "samples/CAM_BACK_LEFT/n015-2018-11-21-19-21-35+0800__CAM_BACK_LEFT__1542799583897423.jpg", "samples/CAM_BACK/n015-2018-11-21-19-21-35+0800__CAM_BACK__1542799583887525.jpg", "samples/CAM_BACK_RIGHT/n015-2018-11-21-19-21-35+0800__CAM_BACK_RIGHT__1542799583877893.jpg"], "intrinsics": [[[1272.5979470598488, 0.0, 826.6154927353808], [0.0, 1272.5979470598488, 479.75165386361925], [0.0, 0.0, 1.0]], [[1266.417203046554, 0.0, 816.2670197447984], [0.0, 1266.417203046554, 491.50706579294757], [0.0, 0.0, 1.0]], [[1260.8474446004698, 0.0, 807.968244525554], [0.0, 1260.8474446004698, 495.3344268742088], [0.0, 0.0, 1.0]], [[1256.7414812095406, 0.0, 792.1125740759628], [0.0, 1256.7414812095406, 492.7757465151356], [0.0, 0.0, 1.0]], [[809.2209905677063, 0.0, 829.2196003259838], [0.0, 809.2209905677063, 481.77842384512485], [0.0, 0.0, 1.0]], [[1259.5137405846733, 0.0, 807.2529053838625], [0.0, 1259.5137405846733, 501.19579884916527], [0.0, 0.0, 1.0]]], "extrinsics": [[[0.820702314376831, -0.5710052251815796, -0.020018452778458595, -0.693115234375], [-0.009364339523017406, 0.0215892530977726, -0.9997230768203735, 1.5051345825195312], [0.5712792873382568, 0.8206624984741211, 0.012371263466775417, -1.0921630859375], [0.0, 0.0, 0.0, 1.0]], [[0.005673528648912907, -0.9998340010643005, -0.017312832176685333, 0.00732421875], [-0.015125025063753128, 0.01722532883286476, -0.9997372627258301, 1.5164108276367188], [0.9998694658279419, 0.005933873821049929, -0.015024784952402115, -1.42034912109375], [0.0, 0.0, 0.0, 1.0]], [[-0.8329957723617554, -0.5531771183013916, -0.010630187578499317, 0.85638427734375], [-0.009957372210919857, 0.034198615700006485, -0.9993654489517212, 1.50152587890625], [0.5531896948814392, -0.8323614001274109, -0.03399549424648285, -1.131591796875], [0.0, 0.0, 0.0, 1.0]], [[0.947791337966919, 0.3188888430595398, -0.00118704279884696, -1.13897705078125], [-0.0025373995304107666, 0.003819179954007268, -0.9999895095825195, 1.5885486602783203], [-0.31888100504875183, 0.947784423828125, 0.004428934771567583, -0.104736328125], [0.0, 0.0, 0.0, 1.0]], [[0.002465855563059449, 0.9999046325683594, 0.013592594303190708, 0.0029296875], [-0.02758733555674553, 0.013655482791364193, -0.9995261430740356, 1.5771560668945312], [-0.9996163845062256, 0.002089777262881398, 0.027618374675512314, -0.07794189453125], [0.0, 0.0, 0.0, 1.0]], [[-0.9348194599151611, 0.35508573055267334, 0.005162570159882307, 0.99267578125], [0.005521032959222794, 0.029067575931549072, -0.9995622038841248, 1.5522918701171875], [-0.35508033633232117, -0.9343817830085754, -0.029133379459381104, -0.117919921875], [0.0, 0.0, 0.0, 1.0]]], "view": [[0.0, -2.0, 100.0], [-2.0, 0.0, 100.0], [0.0, 0.0, 1.0]], "bev": "bev_5c7520cf0a4e4162909f2103b83f66b5.png", "aux": "aux_5c7520cf0a4e4162909f2103b83f66b5.npz", "visibility": "visibility_5c7520cf0a4e4162909f2103b83f66b5.png", "pose": [[-0.7686614990234375, -0.6396557688713074, 0.0, 1269.677490234375], [0.6396557688713074, -0.7686614990234375, 0.0, 2748.615966796875], [0.0, 0.0, 1.0, 0.0], [0.0, 0.0, 0.0, 1.0]], "pose_inverse": [[-0.7686614990234375, 0.6396557688713074, 0.0, -782.2158813476562], [-0.6396557688713074, -0.7686614990234375, 0.0, 2924.911865234375], [0.0, 0.0, 1.0, 0.0], [0.0, 0.0, 0.0, 1.0]], "cam_ids": [0, 1, 2, 3, 4, 5], "cam_channels": ["CAM_FRONT_LEFT", "CAM_FRONT", "CAM_FRONT_RIGHT", "CAM_BACK_LEFT", "CAM_BACK", "CAM_BACK_RIGHT"], "token": "5c7520cf0a4e4162909f2103b83f66b5", "scene": "scene-1067"}, {"images": ["samples/CAM_FRONT_LEFT/n015-2018-11-21-19-21-35+0800__CAM_FRONT_LEFT__1542799584404857.jpg", "samples/CAM_FRONT/n015-2018-11-21-19-21-35+0800__CAM_FRONT__1542799584412460.jpg", "samples/CAM_FRONT_RIGHT/n015-2018-11-21-19-21-35+0800__CAM_FRONT_RIGHT__1542799584420339.jpg", "samples/CAM_BACK_LEFT/n015-2018-11-21-19-21-35+0800__CAM_BACK_LEFT__1542799584447423.jpg", "samples/CAM_BACK/n015-2018-11-21-19-21-35+0800__CAM_BACK__1542799584437525.jpg", "samples/CAM_BACK_RIGHT/n015-2018-11-21-19-21-35+0800__CAM_BACK_RIGHT__1542799584427893.jpg"], "intrinsics": [[[1272.5979470598488, 0.0, 826.6154927353808], [0.0, 1272.5979470598488, 479.75165386361925], [0.0, 0.0, 1.0]], [[1266.417203046554, 0.0, 816.2670197447984], [0.0, 1266.417203046554, 491.50706579294757], [0.0, 0.0, 1.0]], [[1260.8474446004698, 0.0, 807.968244525554], [0.0, 1260.8474446004698, 495.3344268742088], [0.0, 0.0, 1.0]], [[1256.7414812095406, 0.0, 792.1125740759628], [0.0, 1256.7414812095406, 492.7757465151356], [0.0, 0.0, 1.0]], [[809.2209905677063, 0.0, 829.2196003259838], [0.0, 809.2209905677063, 481.77842384512485], [0.0, 0.0, 1.0]], [[1259.5137405846733, 0.0, 807.2529053838625], [0.0, 1259.5137405846733, 501.19579884916527], [0.0, 0.0, 1.0]]], "extrinsics": [[[0.8202216625213623, -0.571542501449585, -0.023991554975509644, -0.70361328125], [-0.006975631695240736, 0.0319436676800251, -0.9994653463363647, 1.505950927734375], [0.5720033049583435, 0.8199504613876343, 0.022214015945792198, -1.1014404296875], [0.0, 0.0, 0.0, 1.0]], [[0.0049553848803043365, -0.9995941519737244, -0.02805112488567829, 0.0087890625], [-0.012472286820411682, 0.027987508103251457, -0.9995304942131042, 1.5172119140625], [0.9999098777770996, 0.005302928853780031, -0.012328536249697208, -1.43133544921875], [0.0, 0.0, 0.0, 1.0]], [[-0.8333026170730591, -0.5524844527244568, -0.019175993278622627, 0.86395263671875], [-0.007039439864456654, 0.04528964310884476, -0.9989490509033203, 1.50213623046875], [0.5527722835540771, -0.8322919011116028, -0.041629157960414886, -1.134765625], [0.0, 0.0, 0.0, 1.0]], [[0.9478546380996704, 0.31864914298057556, 0.005858132615685463, -1.13739013671875], [0.00103398144710809, 0.015306424349546432, -0.9998823404312134, 1.5885658264160156], [-0.3187013566493988, 0.9477491974830627, 0.014178789220750332, -0.105712890625], [0.0, 0.0, 0.0, 1.0]], [[0.002732129069045186, 0.9996803998947144, 0.02513144165277481, 0.00244140625], [-0.02420443296432495, 0.025190282613039017, -0.9993896484375, 1.5774765014648438], [-0.9997032880783081, 0.002122169593349099, 0.02426552027463913, -0.07550048828125], [0.0, 0.0, 0.0, 1.0]], [[-0.9346625804901123, 0.35548079013824463, 0.006270022597163916, 0.9974365234375], [0.008655793964862823, 0.04038170352578163, -0.9991468191146851, 1.5526809692382812], [-0.35543060302734375, -0.9338108897209167, -0.04082023724913597, -0.114990234375], [0.0, 0.0, 0.0, 1.0]]], "view": [[0.0, -2.0, 100.0], [-2.0, 0.0, 100.0], [0.0, 0.0, 1.0]], "bev": "bev_243788e0c44d494cb214f84237ef8a62.png", "aux": "aux_243788e0c44d494cb214f84237ef8a62.npz", "visibility": "visibility_243788e0c44d494cb214f84237ef8a62.png", "pose": [[-0.7669161558151245, -0.6417472958564758, 0.0, 1266.4556884765625], [0.6417472958564758, -0.7669161558151245, 0.0, 2751.35498046875], [0.0, 0.0, 1.0, 0.0], [0.0, 0.0, 0.0, 1.0]], "pose_inverse": [[-0.7669161558151245, 0.6417472958564758, 0.0, -794.4093627929688], [-0.6417472958564758, -0.7669161558151245, 0.0, 2922.80322265625], [0.0, 0.0, 1.0, 0.0], [0.0, 0.0, 0.0, 1.0]], "cam_ids": [0, 1, 2, 3, 4, 5], "cam_channels": ["CAM_FRONT_LEFT", "CAM_FRONT", "CAM_FRONT_RIGHT", "CAM_BACK_LEFT", "CAM_BACK", "CAM_BACK_RIGHT"], "token": "243788e0c44d494cb214f84237ef8a62", "scene": "scene-1067"}, {"images": ["samples/CAM_FRONT_LEFT/n015-2018-11-21-19-21-35+0800__CAM_FRONT_LEFT__1542799584904844.jpg", "samples/CAM_FRONT/n015-2018-11-21-19-21-35+0800__CAM_FRONT__1542799584912460.jpg", "samples/CAM_FRONT_RIGHT/n015-2018-11-21-19-21-35+0800__CAM_FRONT_RIGHT__1542799584920339.jpg", "samples/CAM_BACK_LEFT/n015-2018-11-21-19-21-35+0800__CAM_BACK_LEFT__1542799584947436.jpg", "samples/CAM_BACK/n015-2018-11-21-19-21-35+0800__CAM_BACK__1542799584937525.jpg", "samples/CAM_BACK_RIGHT/n015-2018-11-21-19-21-35+0800__CAM_BACK_RIGHT__1542799584927893.jpg"], "intrinsics": [[[1272.5979470598488, 0.0, 826.6154927353808], [0.0, 1272.5979470598488, 479.75165386361925], [0.0, 0.0, 1.0]], [[1266.417203046554, 0.0, 816.2670197447984], [0.0, 1266.417203046554, 491.50706579294757], [0.0, 0.0, 1.0]], [[1260.8474446004698, 0.0, 807.968244525554], [0.0, 1260.8474446004698, 495.3344268742088], [0.0, 0.0, 1.0]], [[1256.7414812095406, 0.0, 792.1125740759628], [0.0, 1256.7414812095406, 492.7757465151356], [0.0, 0.0, 1.0]], [[809.2209905677063, 0.0, 829.2196003259838], [0.0, 809.2209905677063, 481.77842384512485], [0.0, 0.0, 1.0]], [[1259.5137405846733, 0.0, 807.2529053838625], [0.0, 1259.5137405846733, 501.19579884916527], [0.0, 0.0, 1.0]]], "extrinsics": [[[0.8203567266464233, -0.5711233019828796, -0.028861764818429947, -0.715087890625], [-0.015146462246775627, 0.02875213697552681, -0.9994717836380005, 1.5035934448242188], [0.5716513991355896, 0.820360541343689, 0.014936511404812336, -1.1083984375], [0.0, 0.0, 0.0, 1.0]], [[0.005337046924978495, -0.9996833801269531, -0.024586860090494156, 0.008056640625], [-0.02054549753665924, 0.024472398683428764, -0.9994893670082092, 1.515380859375], [0.9997746348381042, 0.00583958113566041, -0.020408382639288902, -1.44378662109375], [0.0, 0.0, 0.0, 1.0]], [[-0.8331397175788879, -0.552964448928833, -0.010419385507702827, 0.8720703125], [-0.015016492456197739, 0.04144949093461037, -0.999027669429779, 1.50067138671875], [0.5528586506843567, -0.8321731686592102, -0.04283680021762848, -1.140625], [0.0, 0.0, 0.0, 1.0]], [[0.9477763175964355, 0.3189191222190857, -0.0032689201179891825, -1.138275146484375], [-0.006770419888198376, 0.009871333837509155, -0.9999282956123352, 1.5885200500488281], [-0.3188639283180237, 0.9477304816246033, 0.011515031568706036, -0.105224609375], [0.0, 0.0, 0.0, 1.0]], [[0.002618966158479452, 0.9997886419296265, 0.020392175763845444, 0.001953125], [-0.03200288489460945, 0.02046559564769268, -0.9992782473564148, 1.5770034790039062], [-0.9994843602180481, 0.0019643583800643682, 0.03204971179366112, -0.07135009765625], [0.0, 0.0, 0.0, 1.0]], [[-0.9347307682037354, 0.35514935851097107, 0.012140686623752117, 1.00439453125], [0.0007745741750113666, 0.03620095178484917, -0.9993442893028259, 1.5515289306640625], [-0.35535597801208496, -0.9341083765029907, -0.034113235771656036, -0.11279296875], [0.0, 0.0, 0.0, 1.0]]], "view": [[0.0, -2.0, 100.0], [-2.0, 0.0, 100.0], [0.0, 0.0, 1.0]], "bev": "bev_5f816fe155674223a737d717160dc1cc.png", "aux": "aux_5f816fe155674223a737d717160dc1cc.npz", "visibility": "visibility_5f816fe155674223a737d717160dc1cc.png", "pose": [[-0.7667496800422668, -0.6419461965560913, 0.0, 1263.7061767578125], [0.6419461965560913, -0.7667496800422668, 0.0, 2753.703857421875], [0.0, 0.0, 1.0, 0.0], [0.0, 0.0, 0.0, 1.0]], "pose_inverse": [[-0.7667496800422668, 0.6419461965560913, 0.0, -798.7833862304688], [-0.6419461965560913, -0.7667496800422668, 0.0, 2922.633056640625], [0.0, 0.0, 1.0, 0.0], [0.0, 0.0, 0.0, 1.0]], "cam_ids": [0, 1, 2, 3, 4, 5], "cam_channels": ["CAM_FRONT_LEFT", "CAM_FRONT", "CAM_FRONT_RIGHT", "CAM_BACK_LEFT", "CAM_BACK", "CAM_BACK_RIGHT"], "token": "5f816fe155674223a737d717160dc1cc", "scene": "scene-1067"}, {"images": ["samples/CAM_FRONT_LEFT/n015-2018-11-21-19-21-35+0800__CAM_FRONT_LEFT__1542799585404844.jpg", "samples/CAM_FRONT/n015-2018-11-21-19-21-35+0800__CAM_FRONT__1542799585412460.jpg", "samples/CAM_FRONT_RIGHT/n015-2018-11-21-19-21-35+0800__CAM_FRONT_RIGHT__1542799585420339.jpg", "samples/CAM_BACK_LEFT/n015-2018-11-21-19-21-35+0800__CAM_BACK_LEFT__1542799585447425.jpg", "samples/CAM_BACK/n015-2018-11-21-19-21-35+0800__CAM_BACK__1542799585437525.jpg", "samples/CAM_BACK_RIGHT/n015-2018-11-21-19-21-35+0800__CAM_BACK_RIGHT__1542799585427893.jpg"], "intrinsics": [[[1272.5979470598488, 0.0, 826.6154927353808], [0.0, 1272.5979470598488, 479.75165386361925], [0.0, 0.0, 1.0]], [[1266.417203046554, 0.0, 816.2670197447984], [0.0, 1266.417203046554, 491.50706579294757], [0.0, 0.0, 1.0]], [[1260.8474446004698, 0.0, 807.968244525554], [0.0, 1260.8474446004698, 495.3344268742088], [0.0, 0.0, 1.0]], [[1256.7414812095406, 0.0, 792.1125740759628], [0.0, 1256.7414812095406, 492.7757465151356], [0.0, 0.0, 1.0]], [[809.2209905677063, 0.0, 829.2196003259838], [0.0, 809.2209905677063, 481.77842384512485], [0.0, 0.0, 1.0]], [[1259.5137405846733, 0.0, 807.2529053838625], [0.0, 1259.5137405846733, 501.19579884916527], [0.0, 0.0, 1.0]]], "extrinsics": [[[0.820682942867279, -0.5710500478744507, -0.019527366384863853, -0.726806640625], [-0.028743144124746323, -0.00712758069857955, -0.9995614290237427, 1.4999101161956787], [0.5706605315208435, 0.8208843469619751, -0.022263256832957268, -1.114990234375], [0.0, 0.0, 0.0, 1.0]], [[0.006229083519428968, -0.9999163746833801, 0.011333704926073551, 0.007080078125], [-0.033961184322834015, -0.011538926512002945, -0.9993565678596497, 1.512411117553711], [0.999403715133667, 0.005840112920850515, -0.03403021767735481, -1.45306396484375], [0.0, 0.0, 0.0, 1.0]], [[-0.8325874209403992, -0.5535102486610413, 0.020602455362677574, 0.87701416015625], [-0.028266819193959236, 0.005312764085829258, -0.999586284160614, 1.4983596801757812], [0.5531717538833618, -0.8328254222869873, -0.020069312304258347, -1.145263671875], [0.0, 0.0, 0.0, 1.0]], [[0.9474517703056335, 0.3188009560108185, -0.026474030688405037, -1.1347808837890625], [-0.019169313833117485, -0.026029376313090324, -0.9994773864746094, 1.5884056091308594], [-0.31932345032691956, 0.9474642276763916, -0.018550382927060127, -0.10595703125], [0.0, 0.0, 0.0, 1.0]], [[0.0019792974926531315, 0.9998742341995239, -0.015737030655145645, 0.002685546875], [-0.04477398097515106, -0.015632670372724533, -0.998874843120575, 1.5761127471923828], [-0.9989950656890869, 0.0026816853787750006, 0.04473740607500076, -0.07049560546875], [0.0, 0.0, 0.0, 1.0]], [[-0.9348611831665039, 0.35482653975486755, 0.011514898389577866, 1.0087890625], [-0.012292230501770973, 6.340129766613245e-05, -0.9999244809150696, 1.5497722625732422], [-0.3548004627227783, -0.9349322319030762, 0.004302338697016239, -0.112060546875], [0.0, 0.0, 0.0, 1.0]]], "view": [[0.0, -2.0, 100.0], [-2.0, 0.0, 100.0], [0.0, 0.0, 1.0]], "bev": "bev_37950315c49b49e5892ad44449401452.png", "aux": "aux_37950315c49b49e5892ad44449401452.npz", "visibility": "visibility_37950315c49b49e5892ad44449401452.png", "pose": [[-0.7667878270149231, -0.6419006586074829, 0.0, 1261.135498046875], [0.6419006586074829, -0.7667878270149231, 0.0, 2755.89111328125], [0.0, 0.0, 1.0, 0.0], [0.0, 0.0, 0.0, 1.0]], "pose_inverse": [[-0.7667878270149231, 0.6419006586074829, 0.0, -801.98486328125], [-0.6419006586074829, -0.7667878270149231, 0.0, 2922.70751953125], [0.0, 0.0, 1.0, 0.0], [0.0, 0.0, 0.0, 1.0]], "cam_ids": [0, 1, 2, 3, 4, 5], "cam_channels": ["CAM_FRONT_LEFT", "CAM_FRONT", "CAM_FRONT_RIGHT", "CAM_BACK_LEFT", "CAM_BACK", "CAM_BACK_RIGHT"], "token": "37950315c49b49e5892ad44449401452", "scene": "scene-1067"}, {"images": ["samples/CAM_FRONT_LEFT/n015-2018-11-21-19-21-35+0800__CAM_FRONT_LEFT__1542799585904844.jpg", "samples/CAM_FRONT/n015-2018-11-21-19-21-35+0800__CAM_FRONT__1542799585912468.jpg", "samples/CAM_FRONT_RIGHT/n015-2018-11-21-19-21-35+0800__CAM_FRONT_RIGHT__1542799585920339.jpg", "samples/CAM_BACK_LEFT/n015-2018-11-21-19-21-35+0800__CAM_BACK_LEFT__1542799585947423.jpg", "samples/CAM_BACK/n015-2018-11-21-19-21-35+0800__CAM_BACK__1542799585937525.jpg", "samples/CAM_BACK_RIGHT/n015-2018-11-21-19-21-35+0800__CAM_BACK_RIGHT__1542799585927893.jpg"], "intrinsics": [[[1272.5979470598488, 0.0, 826.6154927353808], [0.0, 1272.5979470598488, 479.75165386361925], [0.0, 0.0, 1.0]], [[1266.417203046554, 0.0, 816.2670197447984], [0.0, 1266.417203046554, 491.50706579294757], [0.0, 0.0, 1.0]], [[1260.8474446004698, 0.0, 807.968244525554], [0.0, 1260.8474446004698, 495.3344268742088], [0.0, 0.0, 1.0]], [[1256.7414812095406, 0.0, 792.1125740759628], [0.0, 1256.7414812095406, 492.7757465151356], [0.0, 0.0, 1.0]], [[809.2209905677063, 0.0, 829.2196003259838], [0.0, 809.2209905677063, 481.77842384512485], [0.0, 0.0, 1.0]], [[1259.5137405846733, 0.0, 807.2529053838625], [0.0, 1259.5137405846733, 501.19579884916527], [0.0, 0.0, 1.0]]], "extrinsics": [[[0.8203875422477722, -0.5718076229095459, -0.0004743303288705647, -0.758544921875], [-0.014748466201126575, -0.020330753177404404, -0.9996845126152039, 1.5045547485351562], [0.5716175436973572, 0.820135772228241, -0.025112386792898178, -1.1373291015625], [0.0, 0.0, 0.0, 1.0]], [[0.005337327253073454, -0.9996926784515381, 0.0242046769708395, 0.006591796875], [-0.020143331959843636, -0.02430759370326996, -0.999501645565033, 1.5163841247558594], [0.9997827410697937, 0.0048470813781023026, -0.020266879349946976, -1.48553466796875], [0.0, 0.0, 0.0, 1.0]], [[-0.8331198692321777, -0.552859365940094, 0.01605747826397419, 0.8984375], [-0.014612591825425625, -0.007020465098321438, -0.9998685717582703, 1.5012903213500977], [0.5528993010520935, -0.8332449793815613, -0.002229817910119891, -1.159423828125], [0.0, 0.0, 0.0, 1.0]], [[0.9477055668830872, 0.3186453878879547, -0.017865438014268875, -1.1364898681640625], [-0.0063952249474823475, -0.037006787955760956, -0.9992945194244385, 1.5885391235351562], [-0.31908178329467773, 0.9471513032913208, -0.03303373605012894, -0.1064453125], [0.0, 0.0, 0.0, 1.0]], [[0.002434683032333851, 0.9996267557144165, -0.027209004387259483, 0.00244140625], [-0.03160617873072624, -0.027118567377328873, -0.9991324543952942, 1.5773963928222656], [-0.9994973540306091, 0.003292531007900834, 0.03152836114168167, -0.06060791015625], [0.0, 0.0, 0.0, 1.0]], [[-0.9347710013389587, 0.35521072149276733, -0.005330414045602083, 1.026123046875], [0.001161439809948206, -0.011948825791478157, -0.9999279379844666, 1.5515861511230469], [-0.3552488386631012, -0.934709906578064, 0.010756862349808216, -0.10498046875], [0.0, 0.0, 0.0, 1.0]]], "view": [[0.0, -2.0, 100.0], [-2.0, 0.0, 100.0], [0.0, 0.0, 1.0]], "bev": "bev_a29674e62b0b4cdbb20ae86eca8d3356.png", "aux": "aux_a29674e62b0b4cdbb20ae86eca8d3356.npz", "visibility": "visibility_a29674e62b0b4cdbb20ae86eca8d3356.png", "pose": [[-0.7661214470863342, -0.6426957845687866, 0.0, 1258.8193359375], [0.6426957845687866, -0.7661214470863342, 0.0, 2757.8486328125], [0.0, 0.0, 1.0, 0.0], [0.0, 0.0, 0.0, 1.0]], "pose_inverse": [[-0.7661214470863342, 0.6426957845687866, 0.0, -808.0491943359375], [-0.6426957845687866, -0.7661214470863342, 0.0, 2921.885009765625], [0.0, 0.0, 1.0, 0.0], [0.0, 0.0, 0.0, 1.0]], "cam_ids": [0, 1, 2, 3, 4, 5], "cam_channels": ["CAM_FRONT_LEFT", "CAM_FRONT", "CAM_FRONT_RIGHT", "CAM_BACK_LEFT", "CAM_BACK", "CAM_BACK_RIGHT"], "token": "a29674e62b0b4cdbb20ae86eca8d3356", "scene": "scene-1067"}, {"images": ["samples/CAM_FRONT_LEFT/n015-2018-11-21-19-21-35+0800__CAM_FRONT_LEFT__1542799586404844.jpg", "samples/CAM_FRONT/n015-2018-11-21-19-21-35+0800__CAM_FRONT__1542799586412460.jpg", "samples/CAM_FRONT_RIGHT/n015-2018-11-21-19-21-35+0800__CAM_FRONT_RIGHT__1542799586420339.jpg", "samples/CAM_BACK_LEFT/n015-2018-11-21-19-21-35+0800__CAM_BACK_LEFT__1542799586447423.jpg", "samples/CAM_BACK/n015-2018-11-21-19-21-35+0800__CAM_BACK__1542799586437525.jpg", "samples/CAM_BACK_RIGHT/n015-2018-11-21-19-21-35+0800__CAM_BACK_RIGHT__1542799586427893.jpg"], "intrinsics": [[[1272.5979470598488, 0.0, 826.6154927353808], [0.0, 1272.5979470598488, 479.75165386361925], [0.0, 0.0, 1.0]], [[1266.417203046554, 0.0, 816.2670197447984], [0.0, 1266.417203046554, 491.50706579294757], [0.0, 0.0, 1.0]], [[1260.8474446004698, 0.0, 807.968244525554], [0.0, 1260.8474446004698, 495.3344268742088], [0.0, 0.0, 1.0]], [[1256.7414812095406, 0.0, 792.1125740759628], [0.0, 1256.7414812095406, 492.7757465151356], [0.0, 0.0, 1.0]], [[809.2209905677063, 0.0, 829.2196003259838], [0.0, 809.2209905677063, 481.77842384512485], [0.0, 0.0, 1.0]], [[1259.5137405846733, 0.0, 807.2529053838625], [0.0, 1259.5137405846733, 501.19579884916527], [0.0, 0.0, 1.0]]], "extrinsics": [[[0.8208869099617004, -0.5710833072662354, 0.002913597272709012, -0.7919921875], [-0.011054998263716698, -0.020991122350096703, -0.9997185468673706, 1.505950927734375], [0.5709837675094604, 0.8206236362457275, -0.023544663563370705, -1.161376953125], [0.0, 0.0, 0.0, 1.0]], [[0.0059684524312615395, -0.9996747970581055, 0.024790968745946884, 0.007568359375], [-0.016045335680246353, -0.02488395757973194, -0.999561607837677, 1.517791748046875], [0.9998534321784973, 0.0055679879151284695, -0.01618863455951214, -1.51953125], [0.0, 0.0, 0.0, 1.0]], [[-0.8328643441200256, -0.5533344149589539, 0.012570368126034737, 0.92120361328125], [-0.010107584297657013, -0.007502018008381128, -0.9999207854270935, 1.5022916793823242], [0.5533848404884338, -0.8329254388809204, 0.0006552902050316334, -1.173583984375], [0.0, 0.0, 0.0, 1.0]], [[0.9477774500846863, 0.3187072277069092, -0.011985065415501595, -1.14056396484375], [-2.0781037164852023e-05, -0.03751697391271591, -0.9992960095405579, 1.58856201171875], [-0.31893250346183777, 0.9471104145050049, -0.03555111959576607, -0.1044921875], [0.0, 0.0, 0.0, 1.0]], [[0.0023348049726337194, 0.9996162056922913, -0.02760358154773712, 0.002685546875], [-0.026030955836176872, -0.027533546090126038, -0.9992818832397461, 1.5780677795410156], [-0.9996584057807922, 0.0030517070554196835, 0.02595668099820614, -0.04815673828125], [0.0, 0.0, 0.0, 1.0]], [[-0.9348865151405334, 0.35480326414108276, -0.01009203027933836, 1.0452880859375], [0.006104258820414543, -0.012356936931610107, -0.9999050498008728, 1.5520477294921875], [-0.3548941910266876, -0.9348592758178711, 0.009386521764099598, -0.09765625], [0.0, 0.0, 0.0, 1.0]]], "view": [[0.0, -2.0, 100.0], [-2.0, 0.0, 100.0], [0.0, 0.0, 1.0]], "bev": "bev_205a77495c02441193752562fab8d06e.png", "aux": "aux_205a77495c02441193752562fab8d06e.npz", "visibility": "visibility_205a77495c02441193752562fab8d06e.png", "pose": [[-0.7659053802490234, -0.6429532766342163, 0.0, 1256.79736328125], [0.6429532766342163, -0.7659053802490234, 0.0, 2759.555908203125], [0.0, 0.0, 1.0, 0.0], [0.0, 0.0, 0.0, 1.0]], "pose_inverse": [[-0.7659053802490234, 0.6429532766342163, 0.0, -811.6776123046875], [-0.6429532766342163, -0.7659053802490234, 0.0, 2921.620849609375], [0.0, 0.0, 1.0, 0.0], [0.0, 0.0, 0.0, 1.0]], "cam_ids": [0, 1, 2, 3, 4, 5], "cam_channels": ["CAM_FRONT_LEFT", "CAM_FRONT", "CAM_FRONT_RIGHT", "CAM_BACK_LEFT", "CAM_BACK", "CAM_BACK_RIGHT"], "token": "205a77495c02441193752562fab8d06e", "scene": "scene-1067"}, {"images": ["samples/CAM_FRONT_LEFT/n015-2018-11-21-19-21-35+0800__CAM_FRONT_LEFT__1542799586904844.jpg", "samples/CAM_FRONT/n015-2018-11-21-19-21-35+0800__CAM_FRONT__1542799586912460.jpg", "samples/CAM_FRONT_RIGHT/n015-2018-11-21-19-21-35+0800__CAM_FRONT_RIGHT__1542799586920339.jpg", "samples/CAM_BACK_LEFT/n015-2018-11-21-19-21-35+0800__CAM_BACK_LEFT__1542799586947423.jpg", "samples/CAM_BACK/n015-2018-11-21-19-21-35+0800__CAM_BACK__1542799586937525.jpg", "samples/CAM_BACK_RIGHT/n015-2018-11-21-19-21-35+0800__CAM_BACK_RIGHT__1542799586927893.jpg"], "intrinsics": [[[1272.5979470598488, 0.0, 826.6154927353808], [0.0, 1272.5979470598488, 479.75165386361925], [0.0, 0.0, 1.0]], [[1266.417203046554, 0.0, 816.2670197447984], [0.0, 1266.417203046554, 491.50706579294757], [0.0, 0.0, 1.0]], [[1260.8474446004698, 0.0, 807.968244525554], [0.0, 1260.8474446004698, 495.3344268742088], [0.0, 0.0, 1.0]], [[1256.7414812095406, 0.0, 792.1125740759628], [0.0, 1256.7414812095406, 492.7757465151356], [0.0, 0.0, 1.0]], [[809.2209905677063, 0.0, 829.2196003259838], [0.0, 809.2209905677063, 481.77842384512485], [0.0, 0.0, 1.0]], [[1259.5137405846733, 0.0, 807.2529053838625], [0.0, 1259.5137405846733, 501.19579884916527], [0.0, 0.0, 1.0]]], "extrinsics": [[[0.8204758763313293, -0.5705233812332153, 0.0363648347556591, -0.82080078125], [0.02841508574783802, -0.022833017632365227, -0.9993353486061096, 1.51324462890625], [0.5709745287895203, 0.8209639191627502, -0.0025224697310477495, -1.1812744140625], [0.0, 0.0, 0.0, 1.0]], [[0.005584073718637228, -0.9996249079704285, 0.026809297502040863, 0.0068359375], [0.02297058142721653, -0.026674417778849602, -0.9993802905082703, 1.5238571166992188], [0.9997205138206482, 0.0061964308843016624, 0.022813018411397934, -1.5487060546875], [0.0, 0.0, 0.0, 1.0]], [[-0.8324094414710999, -0.5538499355316162, -0.018566932529211044, 0.94012451171875], [0.028437985107302666, -0.009232498705387115, -0.999552845954895, 1.5068130493164062], [0.5534308552742004, -0.8325652480125427, 0.023435600101947784, -1.18701171875], [0.0, 0.0, 0.0, 1.0]], [[0.9473728537559509, 0.31937190890312195, 0.02205241285264492, -1.1418609619140625], [0.03629593178629875, -0.038714874535799026, -0.998590886592865, 1.5885772705078125], [-0.3180679976940155, 0.9468383193016052, -0.04826932027935982, -0.103759765625], [0.0, 0.0, 0.0, 1.0]], [[0.002767689060419798, 0.9995757341384888, -0.02899605967104435, 0.00244140625], [0.011242245323956013, -0.02902543917298317, -0.9995154738426208, 1.5798187255859375], [-0.9999328851699829, 0.0024403186980634928, -0.01131780631840229, -0.038818359375], [0.0, 0.0, 0.0, 1.0]], [[-0.9340299963951111, 0.35418906807899475, -0.04623857140541077, 1.061279296875], [0.04414615407586098, -0.01399005576968193, -0.9989271759986877, 1.5550003051757812], [-0.35445597767829895, -0.9350691437721252, -0.0025689539033919573, -0.092041015625], [0.0, 0.0, 0.0, 1.0]]], "view": [[0.0, -2.0, 100.0], [-2.0, 0.0, 100.0], [0.0, 0.0, 1.0]], "bev": "bev_6e1f02cb4e2747c6970b2d9b2e834852.png", "aux": "aux_6e1f02cb4e2747c6970b2d9b2e834852.npz", "visibility": "visibility_6e1f02cb4e2747c6970b2d9b2e834852.png", "pose": [[-0.7654094696044922, -0.643543541431427, 0.0, 1255.1083984375], [0.643543541431427, -0.7654094696044922, 0.0, 2760.990966796875], [0.0, 0.0, 1.0, 0.0], [0.0, 0.0, 0.0, 1.0]], "pose_inverse": [[-0.7654094696044922, 0.643543541431427, 0.0, -816.1460571289062], [-0.643543541431427, -0.7654094696044922, 0.0, 2921.005615234375], [0.0, 0.0, 1.0, 0.0], [0.0, 0.0, 0.0, 1.0]], "cam_ids": [0, 1, 2, 3, 4, 5], "cam_channels": ["CAM_FRONT_LEFT", "CAM_FRONT", "CAM_FRONT_RIGHT", "CAM_BACK_LEFT", "CAM_BACK", "CAM_BACK_RIGHT"], "token": "6e1f02cb4e2747c6970b2d9b2e834852", "scene": "scene-1067"}, {"images": ["samples/CAM_FRONT_LEFT/n015-2018-11-21-19-21-35+0800__CAM_FRONT_LEFT__1542799587404844.jpg", "samples/CAM_FRONT/n015-2018-11-21-19-21-35+0800__CAM_FRONT__1542799587412460.jpg", "samples/CAM_FRONT_RIGHT/n015-2018-11-21-19-21-35+0800__CAM_FRONT_RIGHT__1542799587420339.jpg", "samples/CAM_BACK_LEFT/n015-2018-11-21-19-21-35+0800__CAM_BACK_LEFT__1542799587447423.jpg", "samples/CAM_BACK/n015-2018-11-21-19-21-35+0800__CAM_BACK__1542799587437525.jpg", "samples/CAM_BACK_RIGHT/n015-2018-11-21-19-21-35+0800__CAM_BACK_RIGHT__1542799587427893.jpg"], "intrinsics": [[[1272.5979470598488, 0.0, 826.6154927353808], [0.0, 1272.5979470598488, 479.75165386361925], [0.0, 0.0, 1.0]], [[1266.417203046554, 0.0, 816.2670197447984], [0.0, 1266.417203046554, 491.50706579294757], [0.0, 0.0, 1.0]], [[1260.8474446004698, 0.0, 807.968244525554], [0.0, 1260.8474446004698, 495.3344268742088], [0.0, 0.0, 1.0]], [[1256.7414812095406, 0.0, 792.1125740759628], [0.0, 1256.7414812095406, 492.7757465151356], [0.0, 0.0, 1.0]], [[809.2209905677063, 0.0, 829.2196003259838], [0.0, 809.2209905677063, 481.77842384512485], [0.0, 0.0, 1.0]], [[1259.5137405846733, 0.0, 807.2529053838625], [0.0, 1259.5137405846733, 501.19579884916527], [0.0, 0.0, 1.0]]], "extrinsics": [[[0.8208979368209839, -0.5708768367767334, -0.015042521990835667, -0.80517578125], [-0.03492197021842003, -0.023890124633908272, -0.9991044998168945, 1.5015106201171875], [0.570006251335144, 0.820688009262085, -0.03954749554395676, -1.1707763671875], [0.0, 0.0, 0.0, 1.0]], [[0.0068329134956002235, -0.9995884895324707, 0.027857691049575806, 0.00732421875], [-0.04089857265353203, -0.028114382177591324, -0.9987677335739136, 1.5140533447265625], [0.9991398453712463, 0.005685115698724985, -0.04107384383678436, -1.533447265625], [0.0, 0.0, 0.0, 1.0]], [[-0.832156777381897, -0.5533632636070251, 0.036113809794187546, 0.930419921875], [-0.03600241616368294, -0.011075039394199848, -0.9992903470993042, 1.499211311340332], [0.5533704161643982, -0.832866370677948, -0.01070624403655529, -1.179931640625], [0.0, 0.0, 0.0, 1.0]], [[0.9469899535179138, 0.31863266229629517, -0.041028622537851334, -1.1421356201171875], [-0.02916369028389454, -0.04192090034484863, -0.9986951947212219, 1.5885543823242188], [-0.3199368417263031, 0.9469508528709412, -0.03040616773068905, -0.10400390625], [0.0, 0.0, 0.0, 1.0]], [[0.001488694571889937, 0.9994910359382629, -0.03186940401792526, 0.002197265625], [-0.05393042042851448, -0.03174281492829323, -0.9980400800704956, 1.5769309997558594], [-0.9985436201095581, 0.003204460488