[{"images": ["samples/CAM_FRONT_LEFT/n015-2018-08-01-16-41-59+0800__CAM_FRONT_LEFT__1533112967504844.jpg", "samples/CAM_FRONT/n015-2018-08-01-16-41-59+0800__CAM_FRONT__1533112967512460.jpg", "samples/CAM_FRONT_RIGHT/n015-2018-08-01-16-41-59+0800__CAM_FRONT_RIGHT__1533112967520339.jpg", "samples/CAM_BACK_LEFT/n015-2018-08-01-16-41-59+0800__CAM_BACK_LEFT__1533112967547423.jpg", "samples/CAM_BACK/n015-2018-08-01-16-41-59+0800__CAM_BACK__1533112967537541.jpg", "samples/CAM_BACK_RIGHT/n015-2018-08-01-16-41-59+0800__CAM_BACK_RIGHT__1533112967527893.jpg"], "intrinsics": [[[1272.5979470598488, 0.0, 826.6154927353808], [0.0, 1272.5979470598488, 479.75165386361925], [0.0, 0.0, 1.0]], [[1266.417203046554, 0.0, 816.2670197447984], [0.0, 1266.417203046554, 491.50706579294757], [0.0, 0.0, 1.0]], [[1260.8474446004698, 0.0, 807.968244525554], [0.0, 1260.8474446004698, 495.3344268742088], [0.0, 0.0, 1.0]], [[1256.7414812095406, 0.0, 792.1125740759628], [0.0, 1256.7414812095406, 492.7757465151356], [0.0, 0.0, 1.0]], [[809.2209905677063, 0.0, 829.2196003259838], [0.0, 809.2209905677063, 481.77842384512485], [0.0, 0.0, 1.0]], [[1259.5137405846733, 0.0, 807.2529053838625], [0.0, 1259.5137405846733, 501.19579884916527], [0.0, 0.0, 1.0]]], "extrinsics": [[[0.8209197521209717, -0.5709051489830017, 0.012569346465170383, -0.711181640625], [0.0003501203318592161, -0.021507980301976204, -0.9997686147689819, 1.5084056854248047], [0.5710433721542358, 0.8207342624664307, -0.01745644211769104, -1.1064910888671875], [0.0, 0.0, 0.0, 1.0]], [[0.005897456780076027, -0.9996644854545593, 0.02522031031548977, 0.008453369140625], [-0.005321630742400885, -0.025251764804124832, -0.9996669292449951, 1.5192351341247559], [0.9999684691429138, 0.005761262960731983, -0.005468766205012798, -1.4393310546875], [0.0, 0.0, 0.0, 1.0]], [[-0.8328456878662109, -0.5534882545471191, 0.004342655651271343, 0.86932373046875], [-8.792822336545214e-05, -0.007713434286415577, -0.9999702572822571, 1.5036375522613525], [0.5535053014755249, -0.832821249961853, 0.006375432945787907, -1.138671875], [0.0, 0.0, 0.0, 1.0]], [[0.9478006362915039, 0.31883254647254944, -0.004420874174684286, -1.1357421875], [0.007632926572114229, -0.036546722054481506, -0.9993027448654175, 1.5886116027832031], [-0.3187718093395233, 0.9471061825752258, -0.03707263618707657, -0.10595703125], [0.0, 0.0, 0.0, 1.0]], [[0.002390543231740594, 0.9996306896209717, -0.027069229632616043, 0.002410888671875], [-0.01750849187374115, -0.02702331729233265, -0.9994814991950989, 1.578071117401123], [-0.9998438358306885, 0.002863246016204357, 0.017437424510717392, -0.07244873046875], [0.0, 0.0, 0.0, 1.0]], [[-0.9348169565200806, 0.35463109612464905, -0.01881861314177513, 1.0023193359375], [0.015450308099389076, -0.012327538803219795, -0.999804675579071, 1.553670883178711], [-0.35479381680488586, -0.9349250793457031, 0.006044830661267042, -0.1133570671081543], [0.0, 0.0, 0.0, 1.0]]], "view": [[0.0, -2.0, 100.0], [-2.0, 0.0, 100.0], [0.0, 0.0, 1.0]], "bev": "bev_429fa8b5cc9b4eccb36d891cf9901830.png", "aux": "aux_429fa8b5cc9b4eccb36d891cf9901830.npz", "visibility": "visibility_429fa8b5cc9b4eccb36d891cf9901830.png", "pose": [[0.23319920897483826, 0.9724289774894714, 0.0, 134.14991760253906], [-0.9724289774894714, 0.23319920897483826, 0.0, 991.2152709960938], [0.0, 0.0, 1.0, 0.0], [0.0, 0.0, 0.0, 1.0]], "pose_inverse": [[0.23319920897483826, -0.9724289774894714, 0.0, 932.602783203125], [0.9724289774894714, 0.23319920897483826, 0.0, -361.60186767578125], [0.0, 0.0, 1.0, 0.0], [0.0, 0.0, 0.0, 1.0]], "cam_ids": [0, 1, 2, 3, 4, 5], "cam_channels": ["CAM_FRONT_LEFT", "CAM_FRONT", "CAM_FRONT_RIGHT", "CAM_BACK_LEFT", "CAM_BACK", "CAM_BACK_RIGHT"], "token": "429fa8b5cc9b4eccb36d891cf9901830", "scene": "scene-0132"}, {"images": ["samples/CAM_FRONT_LEFT/n015-2018-08-01-16-41-59+0800__CAM_FRONT_LEFT__1533112967904844.jpg", "samples/CAM_FRONT/n015-2018-08-01-16-41-59+0800__CAM_FRONT__1533112967912460.jpg", "samples/CAM_FRONT_RIGHT/n015-2018-08-01-16-41-59+0800__CAM_FRONT_RIGHT__1533112967920339.jpg", "samples/CAM_BACK_LEFT/n015-2018-08-01-16-41-59+0800__CAM_BACK_LEFT__1533112967947423.jpg", "samples/CAM_BACK/n015-2018-08-01-16-41-59+0800__CAM_BACK__1533112967937525.jpg", "samples/CAM_BACK_RIGHT/n015-2018-08-01-16-41-59+0800__CAM_BACK_RIGHT__1533112967927893.jpg"], "intrinsics": [[[1272.5979470598488, 0.0, 826.6154927353808], [0.0, 1272.5979470598488, 479.75165386361925], [0.0, 0.0, 1.0]], [[1266.417203046554, 0.0, 816.2670197447984], [0.0, 1266.417203046554, 491.50706579294757], [0.0, 0.0, 1.0]], [[1260.8474446004698, 0.0, 807.968244525554], [0.0, 1260.8474446004698, 495.3344268742088], [0.0, 0.0, 1.0]], [[1256.7414812095406, 0.0, 792.1125740759628], [0.0, 1256.7414812095406, 492.7757465151356], [0.0, 0.0, 1.0]], [[809.2209905677063, 0.0, 829.2196003259838], [0.0, 809.2209905677063, 481.77842384512485], [0.0, 0.0, 1.0]], [[1259.5137405846733, 0.0, 807.2529053838625], [0.0, 1259.5137405846733, 501.19579884916527], [0.0, 0.0, 1.0]]], "extrinsics": [[[0.8208569288253784, -0.5710881948471069, 0.007223001681268215, -0.7073974609375], [-0.007291958201676607, -0.02312520518898964, -0.999705970287323, 1.5060083866119385], [0.5710873007774353, 0.8205628991127014, -0.02314683422446251, -1.1030731201171875], [0.0, 0.0, 0.0, 1.0]], [[0.005912812426686287, -0.9996117949485779, 0.027224864810705185, 0.00799560546875], [-0.01278614066541195, -0.027298692613840103, -0.9995455741882324, 1.5172852277755737], [0.999900758266449, 0.005562027916312218, -0.01294258888810873, -1.43536376953125], [0.0, 0.0, 0.0, 1.0]], [[-0.8328598737716675, -0.5533584356307983, 0.011787286028265953, 0.86669921875], [-0.007369416765868664, -0.010207957588136196, -0.9999207258224487, 1.5021858215332031], [0.5534348487854004, -0.8328807353973389, 0.004423871636390686, -1.137451171875], [0.0, 0.0, 0.0, 1.0]], [[0.9477295875549316, 0.31884849071502686, -0.012007585726678371, -1.14166259765625], [0.0009180635097436607, -0.04035734012722969, -0.9991849064826965, 1.5885515213012695], [-0.3190731108188629, 0.9469460248947144, -0.038540568202733994, -0.103759765625], [0.0, 0.0, 0.0, 1.0]], [[0.002238560002297163, 0.9995295405387878, -0.030591733753681183, 0.002593994140625], [-0.02442016266286373, -0.030528046190738678, -0.9992355704307556, 1.5775642395019531], [-0.9996992945671082, 0.002983885118737817, 0.024340331554412842, -0.072021484375], [0.0, 0.0, 0.0, 1.0]], [[-0.9348962903022766, 0.3546749949455261, -0.013214336708188057, 1.0009765625], [0.008331711404025555, -0.015290193259716034, -0.9998484253883362, 1.552663803100586], [-0.3548232913017273, -0.9348646402359009, 0.011339693330228329, -0.1141204833984375], [0.0, 0.0, 0.0, 1.0]]], "view": [[0.0, -2.0, 100.0], [-2.0, 0.0, 100.0], [0.0, 0.0, 1.0]], "bev": "bev_39c598bb7cc840d9864661b1a4860e03.png", "aux": "aux_39c598bb7cc840d9864661b1a4860e03.npz", "visibility": "visibility_39c598bb7cc840d9864661b1a4860e03.png", "pose": [[0.2319975197315216, 0.9727163910865784, 0.0, 134.80035400390625], [-0.9727163910865784, 0.2319975197315216, 0.0, 988.4127807617188], [0.0, 0.0, 1.0, 0.0], [0.0, 0.0, 0.0, 1.0]], "pose_inverse": [[0.2319975197315216, -0.9727163910865784, 0.0, 930.1719360351562], [0.9727163910865784, 0.2319975197315216, 0.0, -360.43182373046875], [0.0, 0.0, 1.0, 0.0], [0.0, 0.0, 0.0, 1.0]], "cam_ids": [0, 1, 2, 3, 4, 5], "cam_channels": ["CAM_FRONT_LEFT", "CAM_FRONT", "CAM_FRONT_RIGHT", "CAM_BACK_LEFT", "CAM_BACK", "CAM_BACK_RIGHT"], "token": "39c598bb7cc840d9864661b1a4860e03", "scene": "scene-0132"}, {"images": ["samples/CAM_FRONT_LEFT/n015-2018-08-01-16-41-59+0800__CAM_FRONT_LEFT__1533112968354844.jpg", "samples/CAM_FRONT/n015-2018-08-01-16-41-59+0800__CAM_FRONT__1533112968362460.jpg", "samples/CAM_FRONT_RIGHT/n015-2018-08-01-16-41-59+0800__CAM_FRONT_RIGHT__1533112968370339.jpg", "samples/CAM_BACK_LEFT/n015-2018-08-01-16-41-59+0800__CAM_BACK_LEFT__1533112968397423.jpg", "samples/CAM_BACK/n015-2018-08-01-16-41-59+0800__CAM_BACK__1533112968387525.jpg", "samples/CAM_BACK_RIGHT/n015-2018-08-01-16-41-59+0800__CAM_BACK_RIGHT__1533112968377893.jpg"], "intrinsics": [[[1272.5979470598488, 0.0, 826.6154927353808], [0.0, 1272.5979470598488, 479.75165386361925], [0.0, 0.0, 1.0]], [[1266.417203046554, 0.0, 816.2670197447984], [0.0, 1266.417203046554, 491.50706579294757], [0.0, 0.0, 1.0]], [[1260.8474446004698, 0.0, 807.968244525554], [0.0, 1260.8474446004698, 495.3344268742088], [0.0, 0.0, 1.0]], [[1256.7414812095406, 0.0, 792.1125740759628], [0.0, 1256.7414812095406, 492.7757465151356], [0.0, 0.0, 1.0]], [[809.2209905677063, 0.0, 829.2196003259838], [0.0, 809.2209905677063, 481.77842384512485], [0.0, 0.0, 1.0]], [[1259.5137405846733, 0.0, 807.2529053838625], [0.0, 1259.5137405846733, 501.19579884916527], [0.0, 0.0, 1.0]]], "extrinsics": [[[0.8206945657730103, -0.5710299015045166, 0.01962553896009922, -0.70458984375], [0.006431478541344404, -0.025113677605986595, -0.9996638894081116, 1.5103330612182617], [0.5713308453559875, 0.8205450177192688, -0.016938095912337303, -1.1016998291015625], [0.0, 0.0, 0.0, 1.0]], [[0.005569781176745892, -0.999552845954895, 0.029376156628131866, 0.008392333984375], [0.0013215703656896949, -0.029369229450821877, -0.9995677471160889, 1.5209331512451172], [0.999983549118042, 0.005606199614703655, 0.0011573996162042022, -1.43212890625], [0.0, 0.0, 0.0, 1.0]], [[-0.8329066634178162, -0.5534124970436096, 0.0009349604370072484, 0.8641357421875], [0.007095610722899437, -0.01236843690276146, -0.9998983144760132, 1.5051021575927734], [0.5533678531646729, -0.8328153491020203, 0.014228553511202335, -1.1351318359375], [0.0, 0.0, 0.0, 1.0]], [[0.9477982521057129, 0.3188673257827759, 0.001441360916942358, -1.13958740234375], [0.01608681119978428, -0.043300848454236984, -0.9989325404167175, 1.5886039733886719], [-0.31846457719802856, 0.9468096494674683, -0.046170029789209366, -0.10467529296875], [0.0, 0.0, 0.0, 1.0]], [[0.002661973936483264, 0.9994480013847351, -0.03311513364315033, 0.00238037109375], [-0.009423903189599514, -0.03308870270848274, -0.9994080066680908, 1.5786609649658203], [-0.9999520778656006, 0.002972471294924617, 0.009330620989203453, -0.07427978515625], [0.0, 0.0, 0.0, 1.0]], [[-0.9346274733543396, 0.35453924536705017, -0.02781016007065773, 0.9979248046875], [0.023084133863449097, -0.017553484067320824, -0.9995794296264648, 1.5548782348632812], [-0.3548782765865326, -0.9348764419555664, 0.008221738040447235, -0.11490440368652344], [0.0, 0.0, 0.0, 1.0]]], "view": [[0.0, -2.0, 100.0], [-2.0, 0.0, 100.0], [0.0, 0.0, 1.0]], "bev": "bev_d6cd280f2c294cb6916be18eeca5734b.png", "aux": "aux_d6cd280f2c294cb6916be18eeca5734b.npz", "visibility": "visibility_d6cd280f2c294cb6916be18eeca5734b.png", "pose": [[0.23211582005023956, 0.9726881384849548, 0.0, 135.56915283203125], [-0.9726881384849548, 0.23211582005023956, 0.0, 985.1138916015625], [0.0, 0.0, 1.0, 0.0], [0.0, 0.0, 0.0, 1.0]], "pose_inverse": [[0.23211582005023956, -0.9726881384849548, 0.0, 926.7408447265625], [0.9726881384849548, 0.23211582005023956, 0.0, -360.52703857421875], [0.0, 0.0, 1.0, 0.0], [0.0, 0.0, 0.0, 1.0]], "cam_ids": [0, 1, 2, 3, 4, 5], "cam_channels": ["CAM_FRONT_LEFT", "CAM_FRONT", "CAM_FRONT_RIGHT", "CAM_BACK_LEFT", "CAM_BACK", "CAM_BACK_RIGHT"], "token": "d6cd280f2c294cb6916be18eeca5734b", "scene": "scene-0132"}, {"images": ["samples/CAM_FRONT_LEFT/n015-2018-08-01-16-41-59+0800__CAM_FRONT_LEFT__1533112968904844.jpg", "samples/CAM_FRONT/n015-2018-08-01-16-41-59+0800__CAM_FRONT__1533112968912460.jpg", "samples/CAM_FRONT_RIGHT/n015-2018-08-01-16-41-59+0800__CAM_FRONT_RIGHT__1533112968920339.jpg", "samples/CAM_BACK_LEFT/n015-2018-08-01-16-41-59+0800__CAM_BACK_LEFT__1533112968947423.jpg", "samples/CAM_BACK/n015-2018-08-01-16-41-59+0800__CAM_BACK__1533112968937525.jpg", "samples/CAM_BACK_RIGHT/n015-2018-08-01-16-41-59+0800__CAM_BACK_RIGHT__1533112968927893.jpg"], "intrinsics": [[[1272.5979470598488, 0.0, 826.6154927353808], [0.0, 1272.5979470598488, 479.75165386361925], [0.0, 0.0, 1.0]], [[1266.417203046554, 0.0, 816.2670197447984], [0.0, 1266.417203046554, 491.50706579294757], [0.0, 0.0, 1.0]], [[1260.8474446004698, 0.0, 807.968244525554], [0.0, 1260.8474446004698, 495.3344268742088], [0.0, 0.0, 1.0]], [[1256.7414812095406, 0.0, 792.1125740759628], [0.0, 1256.7414812095406, 492.7757465151356], [0.0, 0.0, 1.0]], [[809.2209905677063, 0.0, 829.2196003259838], [0.0, 809.2209905677063, 481.77842384512485], [0.0, 0.0, 1.0]], [[1259.5137405846733, 0.0, 807.2529053838625], [0.0, 1259.5137405846733, 501.19579884916527], [0.0, 0.0, 1.0]]], "extrinsics": [[[0.8203925490379333, -0.5715816617012024, 0.015826087445020676, -0.69580078125], [0.00390490610152483, -0.0220765583217144, -0.9997486472129822, 1.509592056274414], [0.5717873573303223, 0.8202481865882874, -0.015879468992352486, -1.0966033935546875], [0.0, 0.0, 0.0, 1.0]], [[0.005117025226354599, -0.9996441006660461, 0.026179973036050797, 0.00909423828125], [-0.001514773233793676, -0.026188038289546967, -0.9996559023857117, 1.5201969146728516], [0.9999858140945435, 0.005075600929558277, -0.001648239092901349, -1.42425537109375], [0.0, 0.0, 0.0, 1.0]], [[-0.8331508040428162, -0.5530433654785156, 0.0016711533535271883, 0.859619140625], [0.003993763588368893, -0.00903813261538744, -0.999951183795929, 1.5044960975646973], [0.5530315041542053, -0.8331034183502197, 0.009738851338624954, -1.13165283203125], [0.0, 0.0, 0.0, 1.0]], [[0.947760820388794, 0.318980872631073, -0.0008263839408755302, -1.13897705078125], [0.012489291839301586, -0.0396968238055706, -0.9991337060928345, 1.5886287689208984], [-0.3187373876571655, 0.9469294548034668, -0.04160694032907486, -0.10546875], [0.0, 0.0, 0.0, 1.0]], [[0.0027019467670470476, 0.9995583295822144, -0.02959783561527729, 0.002166748046875], [-0.012945453636348248, -0.029560498893260956, -0.9994791746139526, 1.5783601999282837], [-0.9999125003814697, 0.0030836821533739567, 0.01285986602306366, -0.0771484375], [0.0, 0.0, 0.0, 1.0]], [[-0.934587836265564, 0.3549562096595764, -0.023487966507673264, 0.9940185546875], [0.019758861511945724, -0.01412750594317913, -0.9997049570083618, 1.5544719696044922], [-0.35518330335617065, -0.934776246547699, 0.006189863197505474, -0.11614322662353516], [0.0, 0.0, 0.0, 1.0]]], "view": [[0.0, -2.0, 100.0], [-2.0, 0.0, 100.0], [0.0, 0.0, 1.0]], "bev": "bev_53d294093e3848579a1acd094a99d0c0.png", "aux": "aux_53d294093e3848579a1acd094a99d0c0.npz", "visibility": "visibility_53d294093e3848579a1acd094a99d0c0.png", "pose": [[0.23131893575191498, 0.9728779792785645, 0.0, 136.4871368408203], [-0.9728779792785645, 0.23131893575191498, 0.0, 981.1279296875], [0.0, 0.0, 1.0, 0.0], [0.0, 0.0, 0.0, 1.0]], "pose_inverse": [[0.23131893575191498, -0.9728779792785645, 0.0, 922.9456787109375], [0.9728779792785645, 0.23131893575191498, 0.0, -359.7388000488281], [0.0, 0.0, 1.0, 0.0], [0.0, 0.0, 0.0, 1.0]], "cam_ids": [0, 1, 2, 3, 4, 5], "cam_channels": ["CAM_FRONT_LEFT", "CAM_FRONT", "CAM_FRONT_RIGHT", "CAM_BACK_LEFT", "CAM_BACK", "CAM_BACK_RIGHT"], "token": "53d294093e3848579a1acd094a99d0c0", "scene": "scene-0132"}, {"images": ["samples/CAM_FRONT_LEFT/n015-2018-08-01-16-41-59+0800__CAM_FRONT_LEFT__1533112969404844.jpg", "samples/CAM_FRONT/n015-2018-08-01-16-41-59+0800__CAM_FRONT__1533112969412460.jpg", "samples/CAM_FRONT_RIGHT/n015-2018-08-01-16-41-59+0800__CAM_FRONT_RIGHT__1533112969420339.jpg", "samples/CAM_BACK_LEFT/n015-2018-08-01-16-41-59+0800__CAM_BACK_LEFT__1533112969447423.jpg", "samples/CAM_BACK/n015-2018-08-01-16-41-59+0800__CAM_BACK__1533112969437525.jpg", "samples/CAM_BACK_RIGHT/n015-2018-08-01-16-41-59+0800__CAM_BACK_RIGHT__1533112969427893.jpg"], "intrinsics": [[[1272.5979470598488, 0.0, 826.6154927353808], [0.0, 1272.5979470598488, 479.75165386361925], [0.0, 0.0, 1.0]], [[1266.417203046554, 0.0, 816.2670197447984], [0.0, 1266.417203046554, 491.50706579294757], [0.0, 0.0, 1.0]], [[1260.8474446004698, 0.0, 807.968244525554], [0.0, 1260.8474446004698, 495.3344268742088], [0.0, 0.0, 1.0]], [[1256.7414812095406, 0.0, 792.1125740759628], [0.0, 1256.7414812095406, 492.7757465151356], [0.0, 0.0, 1.0]], [[809.2209905677063, 0.0, 829.2196003259838], [0.0, 809.2209905677063, 481.77842384512485], [0.0, 0.0, 1.0]], [[1259.5137405846733, 0.0, 807.2529053838625], [0.0, 1259.5137405846733, 501.19579884916527], [0.0, 0.0, 1.0]]], "extrinsics": [[[0.8204126954078674, -0.5716477632522583, 0.011906666681170464, -0.70184326171875], [0.000707515690010041, -0.0198091771453619, -0.9998035430908203, 1.5085177421569824], [0.5717713236808777, 0.8202600479125977, -0.015847252681851387, -1.09942626953125], [0.0, 0.0, 0.0, 1.0]], [[0.005190824158489704, -0.999716579914093, 0.023232877254486084, 0.00823974609375], [-0.004595994018018246, -0.023256799206137657, -0.9997190237045288, 1.51936674118042], [0.9999760389328003, 0.005082544405013323, -0.004715412855148315, -1.42962646484375], [0.0, 0.0, 0.0, 1.0]], [[-0.8331345915794373, -0.5530662536621094, 0.0021382367704063654, 0.86285400390625], [0.0010308248456567526, -0.005418915301561356, -0.9999847412109375, 1.5038621425628662], [0.5530694127082825, -0.8331196904182434, 0.005084800999611616, -1.1346435546875], [0.0, 0.0, 0.0, 1.0]], [[0.947806715965271, 0.3188451826572418, -0.0005181785090826452, -1.14019775390625], [0.010364308021962643, -0.032433416694402695, -0.999420166015625, 1.5885753631591797], [-0.3186770975589752, 0.9472516775131226, -0.03404521942138672, -0.1043701171875], [0.0, 0.0, 0.0, 1.0]], [[0.002627119654789567, 0.9997113943099976, -0.02388138882815838, 0.002532958984375], [-0.015509027056396008, -0.023837869986891747, -0.999595582485199, 1.5781798362731934], [-0.9998763203620911, 0.002996427472680807, 0.015441924333572388, -0.07464599609375], [0.0, 0.0, 0.0, 1.0]], [[-0.9346580505371094, 0.35502564907073975, -0.019262297078967094, 0.99725341796875], [0.016919299960136414, -0.00970317330211401, -0.9998098015785217, 1.5539684295654297], [-0.35514503717422485, -0.934806227684021, 0.00306236301548779, -0.11536216735839844], [0.0, 0.0, 0.0, 1.0]]], "view": [[0.0, -2.0, 100.0], [-2.0, 0.0, 100.0], [0.0, 0.0, 1.0]], "bev": "bev_91bd9763c1494928a72cbcef5c8a5d72.png", "aux": "aux_91bd9763c1494928a72cbcef5c8a5d72.npz", "visibility": "visibility_91bd9763c1494928a72cbcef5c8a5d72.png", "pose": [[0.23894459009170532, 0.9710332155227661, 0.0, 137.3523406982422], [-0.9710332155227661, 0.23894459009170532, 0.0, 977.4826049804688], [0.0, 0.0, 1.0, 0.0], [0.0, 0.0, 0.0, 1.0]], "pose_inverse": [[0.23894459009170532, -0.9710332155227661, 0.0, 916.3484497070312], [0.9710332155227661, 0.23894459009170532, 0.0, -366.9378662109375], [0.0, 0.0, 1.0, 0.0], [0.0, 0.0, 0.0, 1.0]], "cam_ids": [0, 1, 2, 3, 4, 5], "cam_channels": ["CAM_FRONT_LEFT", "CAM_FRONT", "CAM_FRONT_RIGHT", "CAM_BACK_LEFT", "CAM_BACK", "CAM_BACK_RIGHT"], "token": "91bd9763c1494928a72cbcef5c8a5d72", "scene": "scene-0132"}, {"images": ["samples/CAM_FRONT_LEFT/n015-2018-08-01-16-41-59+0800__CAM_FRONT_LEFT__1533112969904844.jpg", "samples/CAM_FRONT/n015-2018-08-01-16-41-59+0800__CAM_FRONT__1533112969912460.jpg", "samples/CAM_FRONT_RIGHT/n015-2018-08-01-16-41-59+0800__CAM_FRONT_RIGHT__1533112969920339.jpg", "samples/CAM_BACK_LEFT/n015-2018-08-01-16-41-59+0800__CAM_BACK_LEFT__1533112969947423.jpg", "samples/CAM_BACK/n015-2018-08-01-16-41-59+0800__CAM_BACK__1533112969937525.jpg", "samples/CAM_BACK_RIGHT/n015-2018-08-01-16-41-59+0800__CAM_BACK_RIGHT__1533112969927893.jpg"], "intrinsics": [[[1272.5979470598488, 0.0, 826.6154927353808], [0.0, 1272.5979470598488, 479.75165386361925], [0.0, 0.0, 1.0]], [[1266.417203046554, 0.0, 816.2670197447984], [0.0, 1266.417203046554, 491.50706579294757], [0.0, 0.0, 1.0]], [[1260.8474446004698, 0.0, 807.968244525554], [0.0, 1260.8474446004698, 495.3344268742088], [0.0, 0.0, 1.0]], [[1256.7414812095406, 0.0, 792.1125740759628], [0.0, 1256.7414812095406, 492.7757465151356], [0.0, 0.0, 1.0]], [[809.2209905677063, 0.0, 829.2196003259838], [0.0, 809.2209905677063, 481.77842384512485], [0.0, 0.0, 1.0]], [[1259.5137405846733, 0.0, 807.2529053838625], [0.0, 1259.5137405846733, 501.19579884916527], [0.0, 0.0, 1.0]]], "extrinsics": [[[0.8203471899032593, -0.5718595385551453, 0.002660036087036133, -0.694580078125], [0.00496502174064517, 0.0024709675926715136, -0.999984622001648, 1.5098755359649658], [0.5718441605567932, 0.820347785949707, 0.004866346716880798, -1.093536376953125], [0.0, 0.0, 0.0, 1.0]], [[0.005121440626680851, -0.9999862909317017, 0.0010795906418934464, 0.0076904296875], [-0.0007404839852824807, -0.0010833970736712217, -0.9999991655349731, 1.5203344821929932], [0.9999865293502808, 0.005120634101331234, -0.000746022502426058, -1.42230224609375], [0.0, 0.0, 0.0, 1.0]], [[-0.8331112265586853, -0.5529541969299316, -0.012931248173117638, 0.85809326171875], [0.004471206571906805, 0.016645707190036774, -0.999851405620575, 1.5045664310455322], [0.5530872344970703, -0.8330453038215637, -0.011395353823900223, -1.13189697265625], [0.0, 0.0, 0.0, 1.0]], [[0.9478162527084351, 0.318738728761673, 0.007062835153192282, -1.13763427734375], [0.011660736054182053, -0.012519453652203083, -0.9998536109924316, 1.5886039733886719], [-0.31860360503196716, 0.9477598667144775, -0.015582870692014694, -0.10479736328125], [0.0, 0.0, 0.0, 1.0]], [[0.002612374722957611, 0.9999923706054688, -0.0029041580855846405, 0.002716064453125], [-0.013213813304901123, -0.0028693953063338995, -0.9999085664749146, 1.5783205032348633], [-0.9999092221260071, 0.0026505067944526672, 0.013206216506659985, -0.07672119140625], [0.0, 0.0, 0.0, 1.0]], [[-0.934617280960083, 0.3553650677204132, -0.014361442998051643, 0.9940185546875], [0.01994970627129078, 0.012065902352333069, -0.9997282028198242, 1.5544729232788086], [-0.35509514808654785, -0.9346498250961304, -0.018366429954767227, -0.11701583862304688], [0.0, 0.0, 0.0, 1.0]]], "view": [[0.0, -2.0, 100.0], [-2.0, 0.0, 100.0], [0.0, 0.0, 1.0]], "bev": "bev_654efb09481f42ff9bdd0f6f36e5b775.png", "aux": "aux_654efb09481f42ff9bdd0f6f36e5b775.npz", "visibility": "visibility_654efb09481f42ff9bdd0f6f36e5b775.png", "pose": [[0.2418443113565445, 0.9703150391578674, 0.0, 138.24176025390625], [-0.9703150391578674, 0.2418443113565445, 0.0, 973.7908325195312], [0.0, 0.0, 1.0, 0.0], [0.0, 0.0, 0.0, 1.0]], "pose_inverse": [[0.2418443113565445, -0.9703150391578674, 0.0, 911.450927734375], [0.9703150391578674, 0.2418443113565445, 0.0, -369.6438293457031], [0.0, 0.0, 1.0, 0.0], [0.0, 0.0, 0.0, 1.0]], "cam_ids": [0, 1, 2, 3, 4, 5], "cam_channels": ["CAM_FRONT_LEFT", "CAM_FRONT", "CAM_FRONT_RIGHT", "CAM_BACK_LEFT", "CAM_BACK", "CAM_BACK_RIGHT"], "token": "654efb09481f42ff9bdd0f6f36e5b775", "scene": "scene-0132"}, {"images": ["samples/CAM_FRONT_LEFT/n015-2018-08-01-16-41-59+0800__CAM_FRONT_LEFT__1533112970354844.jpg", "samples/CAM_FRONT/n015-2018-08-01-16-41-59+0800__CAM_FRONT__1533112970362460.jpg", "samples/CAM_FRONT_RIGHT/n015-2018-08-01-16-41-59+0800__CAM_FRONT_RIGHT__1533112970370339.jpg", "samples/CAM_BACK_LEFT/n015-2018-08-01-16-41-59+0800__CAM_BACK_LEFT__1533112970397423.jpg", "samples/CAM_BACK/n015-2018-08-01-16-41-59+0800__CAM_BACK__1533112970387525.jpg", "samples/CAM_BACK_RIGHT/n015-2018-08-01-16-41-59+0800__CAM_BACK_RIGHT__1533112970377893.jpg"], "intrinsics": [[[1272.5979470598488, 0.0, 826.6154927353808], [0.0, 1272.5979470598488, 479.75165386361925], [0.0, 0.0, 1.0]], [[1266.417203046554, 0.0, 816.2670197447984], [0.0, 1266.417203046554, 491.50706579294757], [0.0, 0.0, 1.0]], [[1260.8474446004698, 0.0, 807.968244525554], [0.0, 1260.8474446004698, 495.3344268742088], [0.0, 0.0, 1.0]], [[1256.7414812095406, 0.0, 792.1125740759628], [0.0, 1256.7414812095406, 492.7757465151356], [0.0, 0.0, 1.0]], [[809.2209905677063, 0.0, 829.2196003259838], [0.0, 809.2209905677063, 481.77842384512485], [0.0, 0.0, 1.0]], [[1259.5137405846733, 0.0, 807.2529053838625], [0.0, 1259.5137405846733, 501.19579884916527], [0.0, 0.0, 1.0]]], "extrinsics": [[[0.8209072947502136, -0.5710557103157043, -0.002547207288444042, -0.68988037109375], [-0.011481228284537792, -0.012044656090438366, -0.9998615384101868, 1.5044641494750977], [0.5709459781646729, 0.8208228945732117, -0.016443965956568718, -1.09271240234375], [0.0, 0.0, 0.0, 1.0]], [[0.006014167331159115, -0.999850332736969, 0.01621861942112446, 0.009124755859375], [-0.01657015271484852, -0.016316330060362816, -0.999729573726654, 1.516024112701416], [0.9998445510864258, 0.005743777379393578, -0.016665803268551826, -1.41790771484375], [0.0, 0.0, 0.0, 1.0]], [[-0.8328413367271423, -0.5534453392028809, 0.008570426143705845, 0.85491943359375], [-0.010689932852983475, 0.0006018381100147963, -0.9999426603317261, 1.5013532638549805], [0.5534085035324097, -0.8328851461410522, -0.006417528260499239, -1.1287841796875], [0.0, 0.0, 0.0, 1.0]], [[0.9477154612541199, 0.31894662976264954, -0.010415364056825638, -1.1390380859375], [-0.00046047064824961126, -0.03127129375934601, -0.9995107650756836, 1.5885553359985352], [-0.3191162645816803, 0.9472566246986389, -0.0294894240796566, -0.10479736328125], [0.0, 0.0, 0.0, 1.0]], [[0.002223472809419036, 0.9997817277908325, -0.020776372402906418, 0.002410888671875], [-0.026557106524705887, -0.020710056647658348, -0.9994327425956726, 1.5772275924682617], [-0.9996448159217834, 0.002773975720629096, 0.026505259796977043, -0.07879638671875], [0.0, 0.0, 0.0, 1.0]], [[-0.9349042177200317, 0.35483279824256897, -0.006916663609445095, 0.9901123046875], [0.005569984670728445, -0.004816568922251463, -0.9999728798866272, 1.552323818206787], [-0.3548564612865448, -0.9349173903465271, 0.0025266173761337996, -0.11795806884765625], [0.0, 0.0, 0.0, 1.0]]], "view": [[0.0, -2.0, 100.0], [-2.0, 0.0, 100.0], [0.0, 0.0, 1.0]], "bev": "bev_a38e349017f84be5a61475b3f04529ca.png", "aux": "aux_a38e349017f84be5a61475b3f04529ca.npz", "visibility": "visibility_a38e349017f84be5a61475b3f04529ca.png", "pose": [[0.23921580612659454, 0.9709663987159729, 0.0, 139.0310821533203], [-0.9709663987159729, 0.23921580612659454, 0.0, 970.4789428710938], [0.0, 0.0, 1.0, 0.0], [0.0, 0.0, 0.0, 1.0]], "pose_inverse": [[0.23921580612659454, -0.9709663987159729, 0.0, 909.0440673828125], [0.9709663987159729, 0.23921580612659454, 0.0, -367.1484069824219], [0.0, 0.0, 1.0, 0.0], [0.0, 0.0, 0.0, 1.0]], "cam_ids": [0, 1, 2, 3, 4, 5], "cam_channels": ["CAM_FRONT_LEFT", "CAM_FRONT", "CAM_FRONT_RIGHT", "CAM_BACK_LEFT", "CAM_BACK", "CAM_BACK_RIGHT"], "token": "a38e349017f84be5a61475b3f04529ca", "scene": "scene-0132"}, {"images": ["samples/CAM_FRONT_LEFT/n015-2018-08-01-16-41-59+0800__CAM_FRONT_LEFT__1533112970854844.jpg", "samples/CAM_FRONT/n015-2018-08-01-16-41-59+0800__CAM_FRONT__1533112970862460.jpg", "samples/CAM_FRONT_RIGHT/n015-2018-08-01-16-41-59+0800__CAM_FRONT_RIGHT__1533112970870339.jpg", "samples/CAM_BACK_LEFT/n015-2018-08-01-16-41-59+0800__CAM_BACK_LEFT__1533112970897423.jpg", "samples/CAM_BACK/n015-2018-08-01-16-41-59+0800__CAM_BACK__1533112970887542.jpg", "samples/CAM_BACK_RIGHT/n015-2018-08-01-16-41-59+0800__CAM_BACK_RIGHT__1533112970877893.jpg"], "intrinsics": [[[1272.5979470598488, 0.0, 826.6154927353808], [0.0, 1272.5979470598488, 479.75165386361925], [0.0, 0.0, 1.0]], [[1266.417203046554, 0.0, 816.2670197447984], [0.0, 1266.417203046554, 491.50706579294757], [0.0, 0.0, 1.0]], [[1260.8474446004698, 0.0, 807.968244525554], [0.0, 1260.8474446004698, 495.3344268742088], [0.0, 0.0, 1.0]], [[1256.7414812095406, 0.0, 792.1125740759628], [0.0, 1256.7414812095406, 492.7757465151356], [0.0, 0.0, 1.0]], [[809.2209905677063, 0.0, 829.2196003259838], [0.0, 809.2209905677063, 481.77842384512485], [0.0, 0.0, 1.0]], [[1259.5137405846733, 0.0, 807.2529053838625], [0.0, 1259.5137405846733, 501.19579884916527], [0.0, 0.0, 1.0]]], "extrinsics": [[[0.820575475692749, -0.5715070962905884, 0.005953684449195862, -0.70684814453125], [-0.004373103845864534, -0.01669491082429886, -0.9998511075973511, 1.5069053173065186], [0.5715214014053345, 0.8204272985458374, -0.016198694705963135, -1.1024169921875], [0.0, 0.0, 0.0, 1.0]], [[0.005418736487627029, -0.9997732639312744, 0.020593710243701935, 0.0076904296875], [-0.00964126642793417, -0.02064528875052929, -0.9997404217720032, 1.518080234527588], [0.9999387860298157, 0.0052187880501151085, -0.009750952012836933, -1.4351806640625], [0.0, 0.0, 0.0, 1.0]], [[-0.8330937027931213, -0.5531079769134521, 0.005134560167789459, 0.8668212890625], [-0.003962281160056591, -0.0033149770461022854, -0.9999866485595703, 1.5028584003448486], [0.5531175136566162, -0.8331030011177063, 0.0005701172049157321, -1.13787841796875], [0.0, 0.0, 0.0, 1.0]], [[0.9477583169937134, 0.31893235445022583, -0.006023743189871311, -1.143798828125], [0.0048756287433207035, -0.03336519002914429, -0.999431312084198, 1.5885467529296875], [-0.3189518451690674, 0.9471901059150696, -0.03317713364958763, -0.10321044921875], [0.0, 0.0, 0.0, 1.0]], [[0.002494882559403777, 0.9997212290763855, -0.023481173440814018, 0.00274658203125], [-0.020589247345924377, -0.023424915969371796, -0.9995136260986328, 1.5778894424438477], [-0.9997848868370056, 0.0029771325644105673, 0.020525064319372177, -0.06964111328125], [0.0, 0.0, 0.0, 1.0]], [[-0.9347381591796875, 0.35505643486976624, -0.014126251451671124, 1.00225830078125], [0.011985673569142818, -0.008227688260376453, -0.999894380569458, 1.5531702041625977], [-0.35513514280319214, -0.9348087310791016, 0.0034351416397839785, -0.11400222778320312], [0.0, 0.0, 0.0, 1.0]]], "view": [[0.0, -2.0, 100.0], [-2.0, 0.0, 100.0], [0.0, 0.0, 1.0]], "bev": "bev_14e7f6f6b1a148a790658e5218bd07e3.png", "aux": "aux_14e7f6f6b1a148a790658e5218bd07e3.npz", "visibility": "visibility_14e7f6f6b1a148a790658e5218bd07e3.png", "pose": [[0.24037446081638336, 0.9706802368164062, 0.0, 139.8932647705078], [-0.9706802368164062, 0.24037446081638336, 0.0, 966.8826293945312], [0.0, 0.0, 1.0, 0.0], [0.0, 0.0, 0.0, 1.0]], "pose_inverse": [[0.24037446081638336, -0.9706802368164062, 0.0, 904.9071044921875], [0.9706802368164062, 0.24037446081638336, 0.0, -368.20550537109375], [0.0, 0.0, 1.0, 0.0], [0.0, 0.0, 0.0, 1.0]], "cam_ids": [0, 1, 2, 3, 4, 5], "cam_channels": ["CAM_FRONT_LEFT", "CAM_FRONT", "CAM_FRONT_RIGHT", "CAM_BACK_LEFT", "CAM_BACK", "CAM_BACK_RIGHT"], "token": "14e7f6f6b1a148a790658e5218bd07e3", "scene": "scene-0132"}, {"images": ["samples/CAM_FRONT_LEFT/n015-2018-08-01-16-41-59+0800__CAM_FRONT_LEFT__1533112971354844.jpg", "samples/CAM_FRONT/n015-2018-08-01-16-41-59+0800__CAM_FRONT__1533112971362460.jpg", "samples/CAM_FRONT_RIGHT/n015-2018-08-01-16-41-59+0800__CAM_FRONT_RIGHT__1533112971370339.jpg", "samples/CAM_BACK_LEFT/n015-2018-08-01-16-41-59+0800__CAM_BACK_LEFT__1533112971397423.jpg", "samples/CAM_BACK/n015-2018-08-01-16-41-59+0800__CAM_BACK__1533112971387525.jpg", "samples/CAM_BACK_RIGHT/n015-2018-08-01-16-41-59+0800__CAM_BACK_RIGHT__1533112971377893.jpg"], "intrinsics": [[[1272.5979470598488, 0.0, 826.6154927353808], [0.0, 1272.5979470598488, 479.75165386361925], [0.0, 0.0, 1.0]], [[1266.417203046554, 0.0, 816.2670197447984], [0.0, 1266.417203046554, 491.50706579294757], [0.0, 0.0, 1.0]], [[1260.8474446004698, 0.0, 807.968244525554], [0.0, 1260.8474446004698, 495.3344268742088], [0.0, 0.0, 1.0]], [[1256.7414812095406, 0.0, 792.1125740759628], [0.0, 1256.7414812095406, 492.7757465151356], [0.0, 0.0, 1.0]], [[809.2209905677063, 0.0, 829.2196003259838], [0.0, 809.2209905677063, 481.77842384512485], [0.0, 0.0, 1.0]], [[1259.5137405846733, 0.0, 807.2529053838625], [0.0, 1259.5137405846733, 501.19579884916527], [0.0, 0.0, 1.0]]], "extrinsics": [[[0.8208259344100952, -0.571174681186676, -0.002102658385410905, -0.70404052734375], [-0.010563189163804054, -0.011499352753162384, -0.9998780488967896, 1.504899501800537], [0.57108074426651, 0.8207480311393738, -0.01547238975763321, -1.0992431640625], [0.0, 0.0, 0.0, 1.0]], [[0.0058658542111516, -0.9998643398284912, 0.015390128828585148, 0.00701904296875], [-0.01603199914097786, -0.015482448972761631, -0.999751627445221, 1.5163493156433105], [0.999854326248169, 0.005617636255919933, -0.01612064056098461, -1.43109130859375], [0.0, 0.0, 0.0, 1.0]], [[-0.8329164385795593, -0.5533437132835388, 0.0078060682862997055, 0.86322021484375], [-0.010560239665210247, 0.0017894408665597439, -0.9999426603317261, 1.5014982223510742], [0.5532979965209961, -0.8329510688781738, -0.0073338961228728294, -1.13604736328125], [0.0, 0.0, 0.0, 1.0]], [[0.9477000832557678, 0.31896159052848816, -0.011310978792607784, -1.1407470703125], [-0.002310935640707612, -0.02858104556798935, -0.9995887875556946, 1.588552474975586], [-0.31915372610092163, 0.9473366737365723, -0.026349158957600594, -0.1041259765625], [0.0, 0.0, 0.0, 1.0]], [[0.002271390287205577, 0.9998247027397156, -0.01858682930469513, 0.002899169921875], [-0.02757866494357586, -0.01851717382669449, -0.9994481801986694, 1.5772838592529297], [-0.9996170997619629, 0.002782751340419054, 0.027531765401363373, -0.07330322265625], [0.0, 0.0, 0.0, 1.0]], [[-0.934864342212677, 0.3549545407295227, -0.006004348862916231, 0.99847412109375], [0.005205258727073669, -0.00320612033829093, -0.9999812841415405, 1.5522174835205078], [-0.3549671173095703, -0.9348781108856201, 0.001149656600318849, -0.115814208984375], [0.0, 0.0, 0.0, 1.0]]], "view": [[0.0, -2.0, 100.0], [-2.0, 0.0, 100.0], [0.0, 0.0, 1.0]], "bev": "bev_17080a81a5bd402fa86a4e562ad36f66.png", "aux": "aux_17080a81a5bd402fa86a4e562ad36f66.npz", "visibility": "visibility_17080a81a5bd402fa86a4e562ad36f66.png", "pose": [[0.2403314709663391, 0.970690906047821, 0.0, 140.76182556152344], [-0.970690906047821, 0.2403314709663391, 0.0, 963.2849731445312], [0.0, 0.0, 1.0, 0.0], [0.0, 0.0, 0.0, 1.0]], "pose_inverse": [[0.2403314709663391, -0.970690906047821, 0.0, 901.2224731445312], [0.970690906047821, 0.2403314709663391, 0.0, -368.1439208984375], [0.0, 0.0, 1.0, 0.0], [0.0, 0.0, 0.0, 1.0]], "cam_ids": [0, 1, 2, 3, 4, 5], "cam_channels": ["CAM_FRONT_LEFT", "CAM_FRONT", "CAM_FRONT_RIGHT", "CAM_BACK_LEFT", "CAM_BACK", "CAM_BACK_RIGHT"], "token": "17080a81a5bd402fa86a4e562ad36f66", "scene": "scene-0132"}, {"images": ["samples/CAM_FRONT_LEFT/n015-2018-08-01-16-41-59+0800__CAM_FRONT_LEFT__1533112971854844.jpg", "samples/CAM_FRONT/n015-2018-08-01-16-41-59+0800__CAM_FRONT__1533112971862460.jpg", "samples/CAM_FRONT_RIGHT/n015-2018-08-01-16-41-59+0800__CAM_FRONT_RIGHT__1533112971870339.jpg", "samples/CAM_BACK_LEFT/n015-2018-08-01-16-41-59+0800__CAM_BACK_LEFT__1533112971897423.jpg", "samples/CAM_BACK/n015-2018-08-01-16-41-59+0800__CAM_BACK__1533112971887525.jpg", "samples/CAM_BACK_RIGHT/n015-2018-08-01-16-41-59+0800__CAM_BACK_RIGHT__1533112971877893.jpg"], "intrinsics": [[[1272.5979470598488, 0.0, 826.6154927353808], [0.0, 1272.5979470598488, 479.75165386361925], [0.0, 0.0, 1.0]], [[1266.417203046554, 0.0, 816.2670197447984], [0.0, 1266.417203046554, 491.50706579294757], [0.0, 0.0, 1.0]], [[1260.8474446004698, 0.0, 807.968244525554], [0.0, 1260.8474446004698, 495.3344268742088], [0.0, 0.0, 1.0]], [[1256.7414812095406, 0.0, 792.1125740759628], [0.0, 1256.7414812095406, 492.7757465151356], [0.0, 0.0, 1.0]], [[809.2209905677063, 0.0, 829.2196003259838], [0.0, 809.2209905677063, 481.77842384512485], [0.0, 0.0, 1.0]], [[1259.5137405846733, 0.0, 807.2529053838625], [0.0, 1259.5137405846733, 501.19579884916527], [0.0, 0.0, 1.0]]], "extrinsics": [[[0.821008026599884, -0.5709118247032166, 0.0023444192484021187, -0.71392822265625], [-0.007873795926570892, -0.015428858809173107, -0.9998499751091003, 1.505875587463379], [0.5708622932434082, 0.8208664655685425, -0.017162460833787918, -1.1076812744140625], [0.0, 0.0, 0.0, 1.0]], [[0.006133012007921934, -0.9997923374176025, 0.019431350752711296, 0.008056640625], [-0.012685921974480152, -0.019507944583892822, -0.9997292757034302, 1.517378330230713], [0.999900758266449, 0.005884838290512562, -0.012802929617464542, -1.4415283203125], [0.0, 0.0, 0.0, 1.0]], [[-0.8327621221542358, -0.5535894632339478, 0.006774311885237694, 0.8702392578125], [-0.006604873109608889, -0.0023010848090052605, -0.9999755024909973, 1.5023562908172607], [0.5535915493965149, -0.832786500453949, -0.0017401301302015781, -1.1395263671875], [0.0, 0.0, 0.0, 1.0]], [[0.947747528553009, 0.3189399242401123, -0.0072145103476941586, -1.1416015625], [0.003350646700710058, -0.032564785331487656, -0.9994640350341797, 1.5885591506958008], [-0.3190038800239563, 0.9472153782844543, -0.03193185105919838, -0.10394287109375], [0.0, 0.0, 0.0, 1.0]], [[0.0022154152393341064, 0.9997409582138062, -0.022654647007584572, 0.00244140625], [-0.022488130256533623, -0.02259916439652443, -0.9994916319847107, 1.5777463912963867], [-0.9997446537017822, 0.0027237641625106335, 0.0224322360008955, -0.07037353515625], [0.0, 0.0, 0.0, 1.0]], [[-0.9349336624145508, 0.3546321988105774, -0.011624054983258247, 1.00323486328125], [0.009668419137597084, -0.007286067586392164, -0.9999266862869263, 1.5528297424316406], [-0.35469093918800354, -0.9349774718284607, 0.003383256494998932, -0.11305618286132812], [0.0, 0.0, 0.0, 1.0]]], "view": [[0.0, -2.0, 100.0], [-2.0, 0.0, 100.0], [0.0, 0.0, 1.0]], "bev": "bev_16459bdca03d44658938806a464ac00f.png", "aux": "aux_16459bdca03d44658938806a464ac00f.npz", "visibility": "visibility_16459bdca03d44658938806a464ac00f.png", "pose": [[0.24024739861488342, 0.9707117080688477, 0.0, 141.6297149658203], [-0.9707117080688477, 0.24024739861488342, 0.0, 959.7347412109375], [0.0, 0.0, 1.0, 0.0], [0.0, 0.0, 0.0, 1.0]], "pose_inverse": [[0.24024739861488342, -0.9707117080688477, 0.0, 897.5995483398438], [0.9707117080688477, 0.24024739861488342, 0.0, -368.0553894042969], [0.0, 0.0, 1.0, 0.0], [0.0, 0.0, 0.0, 1.0]], "cam_ids": [0, 1, 2, 3, 4, 5], "cam_channels": ["CAM_FRONT_LEFT", "CAM_FRONT", "CAM_FRONT_RIGHT", "CAM_BACK_LEFT", "CAM_BACK", "CAM_BACK_RIGHT"], "token": "16459bdca03d44658938806a464ac00f", "scene": "scene-0132"}, {"images": ["samples/CAM_FRONT_LEFT/n015-2018-08-01-16-41-59+0800__CAM_FRONT_LEFT__1533112972404844.jpg", "samples/CAM_FRONT/n015-2018-08-01-16-41-59+0800__CAM_FRONT__1533112972412460.jpg", "samples/CAM_FRONT_RIGHT/n015-2018-08-01-16-41-59+0800__CAM_FRONT_RIGHT__1533112972420339.jpg", "samples/CAM_BACK_LEFT/n015-2018-08-01-16-41-59+0800__CAM_BACK_LEFT__1533112972447423.jpg", "samples/CAM_BACK/n015-2018-08-01-16-41-59+0800__CAM_BACK__1533112972437525.jpg", "samples/CAM_BACK_RIGHT/n015-2018-08-01-16-41-59+0800__CAM_BACK_RIGHT__1533112972427893.jpg"], "intrinsics": [[[1272.5979470598488, 0.0, 826.6154927353808], [0.0, 1272.5979470598488, 479.75165386361925], [0.0, 0.0, 1.0]], [[1266.417203046554, 0.0, 816.2670197447984], [0.0, 1266.417203046554, 491.50706579294757], [0.0, 0.0, 1.0]], [[1260.8474446004698, 0.0, 807.968244525554], [0.0, 1260.8474446004698, 495.3344268742088], [0.0, 0.0, 1.0]], [[1256.7414812095406, 0.0, 792.1125740759628], [0.0, 1256.7414812095406, 492.7757465151356], [0.0, 0.0, 1.0]], [[809.2209905677063, 0.0, 829.2196003259838], [0.0, 809.2209905677063, 481.77842384512485], [0.0, 0.0, 1.0]], [[1259.5137405846733, 0.0, 807.2529053838625], [0.0, 1259.5137405846733, 501.19579884916527], [0.0, 0.0, 1.0]]], "extrinsics": [[[0.820827841758728, -0.5711755752563477, 0.00018398184329271317, -0.7196044921875], [-0.014951616525650024, -0.021808741614222527, -0.9996503591537476, 1.5038328170776367], [0.57097989320755, 0.8205381631851196, -0.026441222056746483, -1.111572265625], [0.0, 0.0, 0.0, 1.0]], [[0.006116281263530254, -0.99964439868927, 0.025954749435186386, 0.008026123046875], [-0.019920092076063156, -0.026071883738040924, -0.9994615912437439, 1.5157113075256348], [0.9997828602790833, 0.005595963913947344, -0.020072469487786293, -1.44830322265625], [0.0, 0.0, 0.0, 1.0]], [[-0.8327341675758362, -0.5534225106239319, 0.016652794554829597, 0.8759765625], [-0.013965913094580173, -0.009071897715330124, -0.9998612999916077, 1.501021385192871], [0.553496778011322, -0.8328512907028198, -0.00017457103240303695, -1.143310546875], [0.0, 0.0, 0.0, 1.0]], [[0.9476545453071594, 0.3188609480857849, -0.016691068187355995, -1.14349365234375], [-0.004095099866390228, -0.04013267159461975, -0.9991859197616577, 1.5885610580444336], [-0.3192712366580963, 0.9469515085220337, -0.0367