[{"images": ["samples/CAM_FRONT_LEFT/n008-2018-08-01-15-16-36-0400__CAM_FRONT_LEFT__1533151365504799.jpg", "samples/CAM_FRONT/n008-2018-08-01-15-16-36-0400__CAM_FRONT__1533151365512404.jpg", "samples/CAM_FRONT_RIGHT/n008-2018-08-01-15-16-36-0400__CAM_FRONT_RIGHT__1533151365520482.jpg", "samples/CAM_BACK_LEFT/n008-2018-08-01-15-16-36-0400__CAM_BACK_LEFT__1533151365547405.jpg", "samples/CAM_BACK/n008-2018-08-01-15-16-36-0400__CAM_BACK__1533151365537558.jpg", "samples/CAM_BACK_RIGHT/n008-2018-08-01-15-16-36-0400__CAM_BACK_RIGHT__1533151365528113.jpg"], "intrinsics": [[[1257.8625342125129, 0.0, 827.2410631095686], [0.0, 1257.8625342125129, 450.915498205774], [0.0, 0.0, 1.0]], [[1252.8131021185304, 0.0, 826.588114781398], [0.0, 1252.8131021185304, 469.9846626224581], [0.0, 0.0, 1.0]], [[1256.7485116440405, 0.0, 817.7887570959712], [0.0, 1256.7485116440403, 451.9541780095127], [0.0, 0.0, 1.0]], [[1254.9860565800168, 0.0, 829.5769333630991], [0.0, 1254.9860565800168, 467.1680561863987], [0.0, 0.0, 1.0]], [[796.8910634503094, 0.0, 857.7774326863696], [0.0, 796.8910634503094, 476.8848988407415], [0.0, 0.0, 1.0]], [[1249.9629280788233, 0.0, 825.3768045375984], [0.0, 1249.9629280788233, 462.54816385708756], [0.0, 0.0, 1.0]]], "extrinsics": [[[0.822533905506134, -0.5687147974967957, -0.0012778387172147632, -0.63677978515625], [0.01799268089234829, 0.028268495574593544, -0.9994384050369263, 1.4963111877441406], [0.5684314966201782, 0.8220489621162415, 0.03348449990153313, -1.0802001953125], [0.0, 0.0, 0.0, 1.0]], [[0.010393715463578701, -0.9996580481529236, -0.023992424830794334, 0.010009765625], [0.019753193482756615, 0.024194302037358284, -0.9995120763778687, 1.4874420166015625], [0.9997507929801941, 0.009914711117744446, 0.019997907802462578, -1.36517333984375], [0.0, 0.0, 0.0, 1.0]], [[-0.8437523245811462, -0.5358014702796936, -0.0316043384373188, 0.8486328125], [0.02756730653345585, 0.015544057823717594, -0.9994990229606628, 1.5009803771972656], [0.5360243320465088, -0.844200849533081, 0.0016552670858800411, -1.122802734375], [0.0, 0.0, 0.0, 1.0]], [[0.947844922542572, 0.31854039430618286, 0.011040392331779003, -1.13824462890625], [0.0013496429892256856, 0.03062703274190426, -0.9995299577713013, 1.5620498657226562], [-0.3187289535999298, 0.9474143385887146, 0.028599761426448822, -0.157958984375], [0.0, 0.0, 0.0, 1.0]], [[0.009078031405806541, 0.9996896982192993, 0.023199182003736496, -0.0281982421875], [0.003830001223832369, 0.023165207356214523, -0.9997243285179138, 1.5684700012207031], [-0.9999514222145081, 0.00916441809386015, -0.003618519054725766, -0.0650177001953125], [0.0, 0.0, 0.0, 1.0]], [[-0.9236614108085632, 0.3831368684768677, -0.007462665438652039, 0.96746826171875], [0.008278388530015945, 0.00048029914614744484, -0.9999656081199646, 1.5495409965515137], [-0.3831201493740082, -0.92369145154953, -0.003615390043705702, -0.1229248046875], [0.0, 0.0, 0.0, 1.0]]], "view": [[0.0, -2.0, 100.0], [-2.0, 0.0, 100.0], [0.0, 0.0, 1.0]], "bev": "bev_c292d90b90ec4dbd826dfd11aa361df1.png", "aux": "aux_c292d90b90ec4dbd826dfd11aa361df1.npz", "visibility": "visibility_c292d90b90ec4dbd826dfd11aa361df1.png", "pose": [[-0.8216443657875061, -0.5700004696846008, 0.0, 1138.5626220703125], [0.5700004696846008, -0.8216443657875061, 0.0, 1168.438720703125], [0.0, 0.0, 1.0, 0.0], [0.0, 0.0, 0.0, 1.0]], "pose_inverse": [[-0.8216443657875061, 0.5700004696846008, 0.0, 269.4829406738281], [-0.5700004696846008, -0.8216443657875061, 0.0, 1609.0223388671875], [0.0, 0.0, 1.0, 0.0], [0.0, 0.0, 0.0, 1.0]], "cam_ids": [0, 1, 2, 3, 4, 5], "cam_channels": ["CAM_FRONT_LEFT", "CAM_FRONT", "CAM_FRONT_RIGHT", "CAM_BACK_LEFT", "CAM_BACK", "CAM_BACK_RIGHT"], "token": "c292d90b90ec4dbd826dfd11aa361df1", "scene": "scene-0098"}, {"images": ["samples/CAM_FRONT_LEFT/n008-2018-08-01-15-16-36-0400__CAM_FRONT_LEFT__1533151365904799.jpg", "samples/CAM_FRONT/n008-2018-08-01-15-16-36-0400__CAM_FRONT__1533151365912404.jpg", "samples/CAM_FRONT_RIGHT/n008-2018-08-01-15-16-36-0400__CAM_FRONT_RIGHT__1533151365920482.jpg", "samples/CAM_BACK_LEFT/n008-2018-08-01-15-16-36-0400__CAM_BACK_LEFT__1533151365947405.jpg", "samples/CAM_BACK/n008-2018-08-01-15-16-36-0400__CAM_BACK__1533151365937558.jpg", "samples/CAM_BACK_RIGHT/n008-2018-08-01-15-16-36-0400__CAM_BACK_RIGHT__1533151365928113.jpg"], "intrinsics": [[[1257.8625342125129, 0.0, 827.2410631095686], [0.0, 1257.8625342125129, 450.915498205774], [0.0, 0.0, 1.0]], [[1252.8131021185304, 0.0, 826.588114781398], [0.0, 1252.8131021185304, 469.9846626224581], [0.0, 0.0, 1.0]], [[1256.7485116440405, 0.0, 817.7887570959712], [0.0, 1256.7485116440403, 451.9541780095127], [0.0, 0.0, 1.0]], [[1254.9860565800168, 0.0, 829.5769333630991], [0.0, 1254.9860565800168, 467.1680561863987], [0.0, 0.0, 1.0]], [[796.8910634503094, 0.0, 857.7774326863696], [0.0, 796.8910634503094, 476.8848988407415], [0.0, 0.0, 1.0]], [[1249.9629280788233, 0.0, 825.3768045375984], [0.0, 1249.9629280788233, 462.54816385708756], [0.0, 0.0, 1.0]]], "extrinsics": [[[0.8230494856834412, -0.5679675340652466, -0.001567557454109192, -0.62786865234375], [0.017864322289824486, 0.028645800426602364, -0.9994299411773682, 1.4962539672851562], [0.5676887631416321, 0.8225523233413696, 0.033723264932632446, -1.080078125], [0.0, 0.0, 0.0, 1.0]], [[0.011141318827867508, -0.9996405243873596, -0.024384889751672745, 0.01416015625], [0.019847534596920013, 0.024602675810456276, -0.9995002746582031, 1.48748779296875], [0.9997408986091614, 0.010651735588908195, 0.020114505663514137, -1.359893798828125], [0.0, 0.0, 0.0, 1.0]], [[-0.8434299826622009, -0.5362779498100281, -0.032121747732162476, 0.8475341796875], [0.027899108827114105, 0.015988338738679886, -0.9994828104972839, 1.5011138916015625], [0.5365142226219177, -0.8438899517059326, 0.001476632314734161, -1.1187744140625], [0.0, 0.0, 0.0, 1.0]], [[0.9478088617324829, 0.3185761272907257, 0.012945251539349556, -1.13543701171875], [0.003077874891459942, 0.03145730122923851, -0.9995003342628479, 1.5620651245117188], [-0.31882423162460327, 0.9473750591278076, 0.02883497066795826, -0.1590576171875], [0.0, 0.0, 0.0, 1.0]], [[0.008830933831632137, 0.9996761083602905, 0.023867759853601456, -0.029296875], [0.004926580935716629, 0.0238249059766531, -0.9997040033340454, 1.5685768127441406], [-0.9999488592147827, 0.008945845998823643, -0.004714590962976217, -0.0675811767578125], [0.0, 0.0, 0.0, 1.0]], [[-0.9238184690475464, 0.38274988532066345, -0.00785934366285801, 0.965179443359375], [0.008921419270336628, 0.0009999871253967285, -0.9999597072601318, 1.5496864318847656], [-0.38272663950920105, -0.9238514304161072, -0.004338478669524193, -0.1217041015625], [0.0, 0.0, 0.0, 1.0]]], "view": [[0.0, -2.0, 100.0], [-2.0, 0.0, 100.0], [0.0, 0.0, 1.0]], "bev": "bev_d5c86824b36b4dbba467399bf3123d90.png", "aux": "aux_d5c86824b36b4dbba467399bf3123d90.npz", "visibility": "visibility_d5c86824b36b4dbba467399bf3123d90.png", "pose": [[-0.8189728260040283, -0.5738322734832764, 0.0, 1135.1533203125], [0.5738322734832764, -0.8189728260040283, 0.0, 1170.8560791015625], [0.0, 0.0, 1.0, 0.0], [0.0, 0.0, 0.0, 1.0]], "pose_inverse": [[-0.8189728260040283, 0.5738322734832764, 0.0, 257.7847595214844], [-0.5738322734832764, -0.8189728260040283, 0.0, 1610.2869873046875], [0.0, 0.0, 1.0, 0.0], [0.0, 0.0, 0.0, 1.0]], "cam_ids": [0, 1, 2, 3, 4, 5], "cam_channels": ["CAM_FRONT_LEFT", "CAM_FRONT", "CAM_FRONT_RIGHT", "CAM_BACK_LEFT", "CAM_BACK", "CAM_BACK_RIGHT"], "token": "d5c86824b36b4dbba467399bf3123d90", "scene": "scene-0098"}, {"images": ["samples/CAM_FRONT_LEFT/n008-2018-08-01-15-16-36-0400__CAM_FRONT_LEFT__1533151366404799.jpg", "samples/CAM_FRONT/n008-2018-08-01-15-16-36-0400__CAM_FRONT__1533151366412404.jpg", "samples/CAM_FRONT_RIGHT/n008-2018-08-01-15-16-36-0400__CAM_FRONT_RIGHT__1533151366420482.jpg", "samples/CAM_BACK_LEFT/n008-2018-08-01-15-16-36-0400__CAM_BACK_LEFT__1533151366447405.jpg", "samples/CAM_BACK/n008-2018-08-01-15-16-36-0400__CAM_BACK__1533151366437558.jpg", "samples/CAM_BACK_RIGHT/n008-2018-08-01-15-16-36-0400__CAM_BACK_RIGHT__1533151366428113.jpg"], "intrinsics": [[[1257.8625342125129, 0.0, 827.2410631095686], [0.0, 1257.8625342125129, 450.915498205774], [0.0, 0.0, 1.0]], [[1252.8131021185304, 0.0, 826.588114781398], [0.0, 1252.8131021185304, 469.9846626224581], [0.0, 0.0, 1.0]], [[1256.7485116440405, 0.0, 817.7887570959712], [0.0, 1256.7485116440403, 451.9541780095127], [0.0, 0.0, 1.0]], [[1254.9860565800168, 0.0, 829.5769333630991], [0.0, 1254.9860565800168, 467.1680561863987], [0.0, 0.0, 1.0]], [[796.8910634503094, 0.0, 857.7774326863696], [0.0, 796.8910634503094, 476.8848988407415], [0.0, 0.0, 1.0]], [[1249.9629280788233, 0.0, 825.3768045375984], [0.0, 1249.9629280788233, 462.54816385708756], [0.0, 0.0, 1.0]]], "extrinsics": [[[0.8227332234382629, -0.5684052109718323, -0.005058817099779844, -0.6162109375], [0.019106445834040642, 0.03654790669679642, -0.9991492033004761, 1.4970626831054688], [0.568106472492218, 0.8219366073608398, 0.04092937707901001, -1.0711669921875], [0.0, 0.0, 0.0, 1.0]], [[0.010637330822646618, -0.9994238615036011, -0.0322301983833313, 0.013671875], [0.021197525784373283, 0.03245016187429428, -0.9992485046386719, 1.4881973266601562], [0.9997187256813049, 0.009946146048605442, 0.02153049409389496, -1.349273681640625], [0.0, 0.0, 0.0, 1.0]], [[-0.8436617255210876, -0.535561740398407, -0.03753048554062843, 0.8416748046875], [0.029361629858613014, 0.023773930966854095, -0.9992860555648804, 1.5017242431640625], [0.5360717177391052, -0.8441613912582397, -0.004332190845161676, -1.11572265625], [0.0, 0.0, 0.0, 1.0]], [[0.9478121995925903, 0.3183794319629669, 0.01693052612245083, -1.136474609375], [0.004760802257806063, 0.03896336629986763, -0.9992293119430542, 1.5620803833007812], [-0.3187936246395111, 0.9471622705459595, 0.03541421517729759, -0.15869140625], [0.0, 0.0, 0.0, 1.0]], [[0.009042220190167427, 0.9994627833366394, 0.031504128128290176, -0.029052734375], [0.006576916668564081, 0.03144529461860657, -0.9994838237762451, 1.5687675476074219], [-0.9999375343322754, 0.00924478005617857, -0.0062890443950891495, -0.068817138671875], [0.0, 0.0, 0.0, 1.0]], [[-0.9236336946487427, 0.3832240700721741, -0.006329204421490431, 0.96209716796875], [0.010472153313457966, 0.008725486695766449, -0.9999070763587952, 1.5500354766845703], [-0.3831331729888916, -0.9236142039299011, -0.012072334997355938, -0.123779296875], [0.0, 0.0, 0.0, 1.0]]], "view": [[0.0, -2.0, 100.0], [-2.0, 0.0, 100.0], [0.0, 0.0, 1.0]], "bev": "bev_85b8779598cb46f89538faa1d7117404.png", "aux": "aux_85b8779598cb46f89538faa1d7117404.npz", "visibility": "visibility_85b8779598cb46f89538faa1d7117404.png", "pose": [[-0.8176982998847961, -0.5756470561027527, 0.0, 1130.791015625], [0.5756470561027527, -0.8176982998847961, 0.0, 1173.996826171875], [0.0, 0.0, 1.0, 0.0], [0.0, 0.0, 0.0, 1.0]], "pose_inverse": [[-0.8176982998847961, 0.5756470561027527, 0.0, 248.83802795410156], [-0.5756470561027527, -0.8176982998847961, 0.0, 1610.9117431640625], [0.0, 0.0, 1.0, 0.0], [0.0, 0.0, 0.0, 1.0]], "cam_ids": [0, 1, 2, 3, 4, 5], "cam_channels": ["CAM_FRONT_LEFT", "CAM_FRONT", "CAM_FRONT_RIGHT", "CAM_BACK_LEFT", "CAM_BACK", "CAM_BACK_RIGHT"], "token": "85b8779598cb46f89538faa1d7117404", "scene": "scene-0098"}, {"images": ["samples/CAM_FRONT_LEFT/n008-2018-08-01-15-16-36-0400__CAM_FRONT_LEFT__1533151366904799.jpg", "samples/CAM_FRONT/n008-2018-08-01-15-16-36-0400__CAM_FRONT__1533151366912404.jpg", "samples/CAM_FRONT_RIGHT/n008-2018-08-01-15-16-36-0400__CAM_FRONT_RIGHT__1533151366920482.jpg", "samples/CAM_BACK_LEFT/n008-2018-08-01-15-16-36-0400__CAM_BACK_LEFT__1533151366947405.jpg", "samples/CAM_BACK/n008-2018-08-01-15-16-36-0400__CAM_BACK__1533151366937558.jpg", "samples/CAM_BACK_RIGHT/n008-2018-08-01-15-16-36-0400__CAM_BACK_RIGHT__1533151366928113.jpg"], "intrinsics": [[[1257.8625342125129, 0.0, 827.2410631095686], [0.0, 1257.8625342125129, 450.915498205774], [0.0, 0.0, 1.0]], [[1252.8131021185304, 0.0, 826.588114781398], [0.0, 1252.8131021185304, 469.9846626224581], [0.0, 0.0, 1.0]], [[1256.7485116440405, 0.0, 817.7887570959712], [0.0, 1256.7485116440403, 451.9541780095127], [0.0, 0.0, 1.0]], [[1254.9860565800168, 0.0, 829.5769333630991], [0.0, 1254.9860565800168, 467.1680561863987], [0.0, 0.0, 1.0]], [[796.8910634503094, 0.0, 857.7774326863696], [0.0, 796.8910634503094, 476.8848988407415], [0.0, 0.0, 1.0]], [[1249.9629280788233, 0.0, 825.3768045375984], [0.0, 1249.9629280788233, 462.54816385708756], [0.0, 0.0, 1.0]]], "extrinsics": [[[0.8224714398384094, -0.5687865614891052, -0.0047597382217645645, -0.6119384765625], [0.020261982455849648, 0.037659626454114914, -0.9990851283073425, 1.4978103637695312], [0.5684454441070557, 0.8216226696968079, 0.04249870777130127, -1.065673828125], [0.0, 0.0, 0.0, 1.0]], [[0.010376183316111565, -0.9993889331817627, -0.03337894752621651, 0.0123291015625], [0.02197268418967724, 0.033600565046072006, -0.9991937875747681, 1.4886741638183594], [0.9997047185897827, 0.009634365327656269, 0.022307900711894035, -1.34320068359375], [0.0, 0.0, 0.0, 1.0]], [[-0.8436974287033081, -0.535437822341919, -0.038482967764139175, 0.8367919921875], [0.02973393350839615, 0.0249655619263649, -0.9992460012435913, 1.5020027160644531], [0.5359949469566345, -0.8442056775093079, -0.00514270830899477, -1.1134033203125], [0.0, 0.0, 0.0, 1.0]], [[0.9478304386138916, 0.31836628913879395, 0.016138188540935516, -1.13751220703125], [0.0034628473222255707, 0.04033958166837692, -0.999180018901825, 1.5620574951171875], [-0.3187563121318817, 0.9471091032028198, 0.037132628262043, -0.158447265625], [0.0, 0.0, 0.0, 1.0]], [[0.009056474082171917, 0.9994204044342041, 0.03281618282198906, -0.02880859375], [0.005748965311795473, 0.03276494890451431, -0.9994465112686157, 1.5686874389648438], [-0.9999425411224365, 0.00924017746001482, -0.005448896903544664, -0.0702972412109375], [0.0, 0.0, 0.0, 1.0]], [[-0.9236418008804321, 0.38321396708488464, -0.005732881836593151, 0.95849609375], [0.010349147953093052, 0.009985587559640408, -0.9998965263366699, 1.5500526428222656], [-0.38311707973480225, -0.9236056804656982, -0.013189044781029224, -0.1253662109375], [0.0, 0.0, 0.0, 1.0]]], "view": [[0.0, -2.0, 100.0], [-2.0, 0.0, 100.0], [0.0, 0.0, 1.0]], "bev": "bev_8584cdee278d4bf89e6620ab02d15a7b.png", "aux": "aux_8584cdee278d4bf89e6620ab02d15a7b.npz", "visibility": "visibility_8584cdee278d4bf89e6620ab02d15a7b.png", "pose": [[-0.8165282607078552, -0.5773054957389832, 0.0, 1126.3656005859375], [0.5773054957389832, -0.8165282607078552, 0.0, 1177.1610107421875], [0.0, 0.0, 1.0, 0.0], [0.0, 0.0, 0.0, 1.0]], "pose_inverse": [[-0.8165282607078552, 0.5773054957389832, 0.0, 240.12782287597656], [-0.5773054957389832, -0.8165282607078552, 0.0, 1611.4422607421875], [0.0, 0.0, 1.0, 0.0], [0.0, 0.0, 0.0, 1.0]], "cam_ids": [0, 1, 2, 3, 4, 5], "cam_channels": ["CAM_FRONT_LEFT", "CAM_FRONT", "CAM_FRONT_RIGHT", "CAM_BACK_LEFT", "CAM_BACK", "CAM_BACK_RIGHT"], "token": "8584cdee278d4bf89e6620ab02d15a7b", "scene": "scene-0098"}, {"images": ["samples/CAM_FRONT_LEFT/n008-2018-08-01-15-16-36-0400__CAM_FRONT_LEFT__1533151367404799.jpg", "samples/CAM_FRONT/n008-2018-08-01-15-16-36-0400__CAM_FRONT__1533151367412404.jpg", "samples/CAM_FRONT_RIGHT/n008-2018-08-01-15-16-36-0400__CAM_FRONT_RIGHT__1533151367420482.jpg", "samples/CAM_BACK_LEFT/n008-2018-08-01-15-16-36-0400__CAM_BACK_LEFT__1533151367447405.jpg", "samples/CAM_BACK/n008-2018-08-01-15-16-36-0400__CAM_BACK__1533151367437558.jpg", "samples/CAM_BACK_RIGHT/n008-2018-08-01-15-16-36-0400__CAM_BACK_RIGHT__1533151367428113.jpg"], "intrinsics": [[[1257.8625342125129, 0.0, 827.2410631095686], [0.0, 1257.8625342125129, 450.915498205774], [0.0, 0.0, 1.0]], [[1252.8131021185304, 0.0, 826.588114781398], [0.0, 1252.8131021185304, 469.9846626224581], [0.0, 0.0, 1.0]], [[1256.7485116440405, 0.0, 817.7887570959712], [0.0, 1256.7485116440403, 451.9541780095127], [0.0, 0.0, 1.0]], [[1254.9860565800168, 0.0, 829.5769333630991], [0.0, 1254.9860565800168, 467.1680561863987], [0.0, 0.0, 1.0]], [[796.8910634503094, 0.0, 857.7774326863696], [0.0, 796.8910634503094, 476.8848988407415], [0.0, 0.0, 1.0]], [[1249.9629280788233, 0.0, 825.3768045375984], [0.0, 1249.9629280788233, 462.54816385708756], [0.0, 0.0, 1.0]]], "extrinsics": [[[0.8224195241928101, -0.5688676834106445, -0.00398258725181222, -0.60052490234375], [0.020860226824879646, 0.037152454257011414, -0.9990918636322021, 1.4984207153320312], [0.568498969078064, 0.8215895891189575, 0.042421605437994, -1.0570068359375], [0.0, 0.0, 0.0, 1.0]], [[0.010310816578567028, -0.999406635761261, -0.03286616876721382, 0.01171875], [0.02302907221019268, 0.03309653326869011, -0.9991868138313293, 1.4893875122070312], [0.9996815919876099, 0.0095455227419734, 0.023356657475233078, -1.3314971923828125], [0.0, 0.0, 0.0, 1.0]], [[-0.8436935544013977, -0.5353688597679138, -0.03951634094119072, 0.8287353515625], [0.03127646446228027, 0.024464309215545654, -0.999211311340332, 1.5027732849121094], [0.535913348197937, -0.8442640900611877, -0.0038959381636232138, -1.109375], [0.0, 0.0, 0.0, 1.0]], [[0.9478127956390381, 0.31828588247299194, 0.018574479967355728, -1.13861083984375], [0.006105348933488131, 0.040128834545612335, -0.9991758465766907, 1.5620803833007812], [-0.31876900792121887, 0.9471451044082642, 0.03609137609601021, -0.157958984375], [0.0, 0.0, 0.0, 1.0]], [[0.009041571989655495, 0.9994332790374756, 0.03242603316903114, -0.0284423828125], [0.00807991810142994, 0.03235327824950218, -0.9994438290596008, 1.5689849853515625], [-0.9999265074729919, 0.009298567660152912, -0.00778281269595027, -0.0728759765625], [0.0, 0.0, 0.0, 1.0]], [[-0.9235904216766357, 0.3833029270172119, -0.007726186886429787, 0.95269775390625], [0.012297187931835651, 0.009476340375840664, -0.9998794794082642, 1.5505638122558594], [-0.3831835687160492, -0.9235740900039673, -0.013465803116559982, -0.1285400390625], [0.0, 0.0, 0.0, 1.0]]], "view": [[0.0, -2.0, 100.0], [-2.0, 0.0, 100.0], [0.0, 0.0, 1.0]], "bev": "bev_4dfb0052fe944420acddf5d376755dff.png", "aux": "aux_4dfb0052fe944420acddf5d376755dff.npz", "visibility": "visibility_4dfb0052fe944420acddf5d376755dff.png", "pose": [[-0.8143331408500671, -0.5803977847099304, 0.0, 1121.8629150390625], [0.5803977847099304, -0.8143331408500671, 0.0, 1180.4144287109375], [0.0, 0.0, 1.0, 0.0], [0.0, 0.0, 0.0, 1.0]], "pose_inverse": [[-0.8143331408500671, 0.5803977847099304, 0.0, 228.46022033691406], [-0.5803977847099304, -0.8143331408500671, 0.0, 1612.3773193359375], [0.0, 0.0, 1.0, 0.0], [0.0, 0.0, 0.0, 1.0]], "cam_ids": [0, 1, 2, 3, 4, 5], "cam_channels": ["CAM_FRONT_LEFT", "CAM_FRONT", "CAM_FRONT_RIGHT", "CAM_BACK_LEFT", "CAM_BACK", "CAM_BACK_RIGHT"], "token": "4dfb0052fe944420acddf5d376755dff", "scene": "scene-0098"}, {"images": ["samples/CAM_FRONT_LEFT/n008-2018-08-01-15-16-36-0400__CAM_FRONT_LEFT__1533151367904799.jpg", "samples/CAM_FRONT/n008-2018-08-01-15-16-36-0400__CAM_FRONT__1533151367912404.jpg", "samples/CAM_FRONT_RIGHT/n008-2018-08-01-15-16-36-0400__CAM_FRONT_RIGHT__1533151367920482.jpg", "samples/CAM_BACK_LEFT/n008-2018-08-01-15-16-36-0400__CAM_BACK_LEFT__1533151367947405.jpg", "samples/CAM_BACK/n008-2018-08-01-15-16-36-0400__CAM_BACK__1533151367937558.jpg", "samples/CAM_BACK_RIGHT/n008-2018-08-01-15-16-36-0400__CAM_BACK_RIGHT__1533151367928113.jpg"], "intrinsics": [[[1257.8625342125129, 0.0, 827.2410631095686], [0.0, 1257.8625342125129, 450.915498205774], [0.0, 0.0, 1.0]], [[1252.8131021185304, 0.0, 826.588114781398], [0.0, 1252.8131021185304, 469.9846626224581], [0.0, 0.0, 1.0]], [[1256.7485116440405, 0.0, 817.7887570959712], [0.0, 1256.7485116440403, 451.9541780095127], [0.0, 0.0, 1.0]], [[1254.9860565800168, 0.0, 829.5769333630991], [0.0, 1254.9860565800168, 467.1680561863987], [0.0, 0.0, 1.0]], [[796.8910634503094, 0.0, 857.7774326863696], [0.0, 796.8910634503094, 476.8848988407415], [0.0, 0.0, 1.0]], [[1249.9629280788233, 0.0, 825.3768045375984], [0.0, 1249.9629280788233, 462.54816385708756], [0.0, 0.0, 1.0]]], "extrinsics": [[[0.822598934173584, -0.5685880184173584, -0.006226325407624245, -0.60455322265625], [0.01980437897145748, 0.03959154710173607, -0.9990196824073792, 1.4975357055664062], [0.56827712059021, 0.8216691017150879, 0.04382849484682083, -1.065673828125], [0.0, 0.0, 0.0, 1.0]], [[0.010420533828437328, -0.9993313550949097, -0.03504720330238342, 0.0155029296875], [0.02210758626461029, 0.03527078405022621, -0.999133288860321, 1.4887313842773438], [0.9997012615203857, 0.009636644273996353, 0.022460347041487694, -1.3378753662109375], [0.0, 0.0, 0.0, 1.0]], [[-0.8437526822090149, -0.5352492332458496, -0.039870262145996094, 0.8338623046875], [0.030495790764689445, 0.026355862617492676, -0.9991873502731323, 1.5023193359375], [0.5358651280403137, -0.844282865524292, -0.005914980545639992, -1.109619140625], [0.0, 0.0, 0.0, 1.0]], [[0.9477972388267517, 0.31832319498062134, 0.018729500472545624, -1.14056396484375], [0.006058115977793932, 0.04075019434094429, -0.9991509914398193, 1.5620574951171875], [-0.3188161849975586, 0.9471059441566467, 0.0366944819688797, -0.1573486328125], [0.0, 0.0, 0.0, 1.0]], [[0.009126734919846058, 0.9993932247161865, 0.033614274114370346, -0.0291748046875], [0.007851140573620796, 0.03354301676154137, -0.9994063973426819, 1.5689201354980469], [-0.9999275207519531, 0.009385241195559502, -0.007540238555520773, -0.070465087890625], [0.0, 0.0, 0.0, 1.0]], [[-0.9235403537750244, 0.3834458589553833, -0.006516294088214636, 0.95513916015625], [0.011667340993881226, 0.011109291575849056, -0.9998701810836792, 1.550363540649414], [-0.38332363963127136, -0.9234965443611145, -0.014733673073351383, -0.1259765625], [0.0, 0.0, 0.0, 1.0]]], "view": [[0.0, -2.0, 100.0], [-2.0, 0.0, 100.0], [0.0, 0.0, 1.0]], "bev": "bev_947147c686d04c168ee8604b2f43bd46.png", "aux": "aux_947147c686d04c168ee8604b2f43bd46.npz", "visibility": "visibility_947147c686d04c168ee8604b2f43bd46.png", "pose": [[-0.811067521572113, -0.5849525332450867, 0.0, 1117.3026123046875], [0.5849525332450867, -0.811067521572113, 0.0, 1183.7576904296875], [0.0, 0.0, 1.0, 0.0], [0.0, 0.0, 0.0, 1.0]], "pose_inverse": [[-0.811067521572113, 0.5849525332450867, 0.0, 213.76583862304688], [-0.5849525332450867, -0.811067521572113, 0.0, 1613.6763916015625], [0.0, 0.0, 1.0, 0.0], [0.0, 0.0, 0.0, 1.0]], "cam_ids": [0, 1, 2, 3, 4, 5], "cam_channels": ["CAM_FRONT_LEFT", "CAM_FRONT", "CAM_FRONT_RIGHT", "CAM_BACK_LEFT", "CAM_BACK", "CAM_BACK_RIGHT"], "token": "947147c686d04c168ee8604b2f43bd46", "scene": "scene-0098"}, {"images": ["samples/CAM_FRONT_LEFT/n008-2018-08-01-15-16-36-0400__CAM_FRONT_LEFT__1533151368404799.jpg", "samples/CAM_FRONT/n008-2018-08-01-15-16-36-0400__CAM_FRONT__1533151368412404.jpg", "samples/CAM_FRONT_RIGHT/n008-2018-08-01-15-16-36-0400__CAM_FRONT_RIGHT__1533151368420482.jpg", "samples/CAM_BACK_LEFT/n008-2018-08-01-15-16-36-0400__CAM_BACK_LEFT__1533151368449972.jpg", "samples/CAM_BACK/n008-2018-08-01-15-16-36-0400__CAM_BACK__1533151368437558.jpg", "samples/CAM_BACK_RIGHT/n008-2018-08-01-15-16-36-0400__CAM_BACK_RIGHT__1533151368428113.jpg"], "intrinsics": [[[1257.8625342125129, 0.0, 827.2410631095686], [0.0, 1257.8625342125129, 450.915498205774], [0.0, 0.0, 1.0]], [[1252.8131021185304, 0.0, 826.588114781398], [0.0, 1252.8131021185304, 469.9846626224581], [0.0, 0.0, 1.0]], [[1256.7485116440405, 0.0, 817.7887570959712], [0.0, 1256.7485116440403, 451.9541780095127], [0.0, 0.0, 1.0]], [[1254.9860565800168, 0.0, 829.5769333630991], [0.0, 1254.9860565800168, 467.1680561863987], [0.0, 0.0, 1.0]], [[796.8910634503094, 0.0, 857.7774326863696], [0.0, 796.8910634503094, 476.8848988407415], [0.0, 0.0, 1.0]], [[1249.9629280788233, 0.0, 825.3768045375984], [0.0, 1249.9629280788233, 462.54816385708756], [0.0, 0.0, 1.0]]], "extrinsics": [[[0.8221926093101501, -0.5691879391670227, -0.004935184493660927, -0.602294921875], [0.019510826095938683, 0.03684644028544426, -0.9991304874420166, 1.4977569580078125], [0.5688748359680176, 0.8213814496994019, 0.04140020161867142, -1.05712890625], [0.0, 0.0, 0.0, 1.0]], [[0.009882190264761448, -0.9994251132011414, -0.03242917358875275, 0.0108642578125], [0.021443340927362442, 0.03263510763645172, -0.9992372989654541, 1.4887733459472656], [0.999721109867096, 0.009179237298667431, 0.021753521636128426, -1.3309478759765625], [0.0, 0.0, 0.0, 1.0]], [[-0.8439595103263855, -0.5350856184959412, -0.037625882774591446, 0.8262939453125], [0.029438307508826256, 0.023835698142647743, -0.9992823600769043, 1.5022850036621094], [0.5355984568595886, -0.8444615006446838, -0.004364349879324436, -1.108642578125], [0.0, 0.0, 0.0, 1.0]], [[0.9478164911270142, 0.3184220790863037, 0.015847917646169662, -1.1632080078125], [0.0038924787659198046, 0.03814718499779701, -0.9992645382881165, 1.5619659423828125], [-0.3187924325466156, 0.9471811056137085, 0.03491708263754845, -0.1495361328125], [0.0, 0.0, 0.0, 1.0]], [[0.009255042299628258, 0.9994736313819885, 0.031091636046767235, -0.0279541015625], [0.006239576730877161, 0.031034639105200768, -0.9994987845420837, 1.5688056945800781], [-0.9999377131462097, 0.009444390423595905, -0.005949066951870918, -0.0765380859375], [0.0, 0.0, 0.0, 1.0]], [[-0.923484206199646, 0.383584588766098, -0.006304051727056503, 0.9498291015625], [0.010411027818918228, 0.008631586097180843, -0.9999085664749146, 1.550180435180664], [-0.3834950625896454, -0.9234653115272522, -0.011964643374085426, -0.130615234375], [0.0, 0.0, 0.0, 1.0]]], "view": [[0.0, -2.0, 100.0], [-2.0, 0.0, 100.0], [0.0, 0.0, 1.0]], "bev": "bev_4d37ee8f85284d62a1f7465e2b005643.png", "aux": "aux_4d37ee8f85284d62a1f7465e2b005643.npz", "visibility": "visibility_4d37ee8f85284d62a1f7465e2b005643.png", "pose": [[-0.8118035793304443, -0.5839305520057678, 0.0, 1112.6600341796875], [0.5839305520057678, -0.8118035793304443, 0.0, 1187.1365966796875], [0.0, 0.0, 1.0, 0.0], [0.0, 0.0, 0.0, 1.0]], "pose_inverse": [[-0.8118035793304443, 0.5839305520057678, 0.0, 210.0560760498047], [-0.5839305520057678, -0.8118035793304443, 0.0, 1613.43798828125], [0.0, 0.0, 1.0, 0.0], [0.0, 0.0, 0.0, 1.0]], "cam_ids": [0, 1, 2, 3, 4, 5], "cam_channels": ["CAM_FRONT_LEFT", "CAM_FRONT", "CAM_FRONT_RIGHT", "CAM_BACK_LEFT", "CAM_BACK", "CAM_BACK_RIGHT"], "token": "4d37ee8f85284d62a1f7465e2b005643", "scene": "scene-0098"}, {"images": ["samples/CAM_FRONT_LEFT/n008-2018-08-01-15-16-36-0400__CAM_FRONT_LEFT__1533151368904799.jpg", "samples/CAM_FRONT/n008-2018-08-01-15-16-36-0400__CAM_FRONT__1533151368912404.jpg", "samples/CAM_FRONT_RIGHT/n008-2018-08-01-15-16-36-0400__CAM_FRONT_RIGHT__1533151368920482.jpg", "samples/CAM_BACK_LEFT/n008-2018-08-01-15-16-36-0400__CAM_BACK_LEFT__1533151368947405.jpg", "samples/CAM_BACK/n008-2018-08-01-15-16-36-0400__CAM_BACK__1533151368937558.jpg", "samples/CAM_BACK_RIGHT/n008-2018-08-01-15-16-36-0400__CAM_BACK_RIGHT__1533151368928113.jpg"], "intrinsics": [[[1257.8625342125129, 0.0, 827.2410631095686], [0.0, 1257.8625342125129, 450.915498205774], [0.0, 0.0, 1.0]], [[1252.8131021185304, 0.0, 826.588114781398], [0.0, 1252.8131021185304, 469.9846626224581], [0.0, 0.0, 1.0]], [[1256.7485116440405, 0.0, 817.7887570959712], [0.0, 1256.7485116440403, 451.9541780095127], [0.0, 0.0, 1.0]], [[1254.9860565800168, 0.0, 829.5769333630991], [0.0, 1254.9860565800168, 467.1680561863987], [0.0, 0.0, 1.0]], [[796.8910634503094, 0.0, 857.7774326863696], [0.0, 796.8910634503094, 476.8848988407415], [0.0, 0.0, 1.0]], [[1249.9629280788233, 0.0, 825.3768045375984], [0.0, 1249.9629280788233, 462.54816385708756], [0.0, 0.0, 1.0]]], "extrinsics": [[[0.822537899017334, -0.568706214427948, -0.0021554294507950544, -0.5784912109375], [0.019007790833711624, 0.03127909079194069, -0.9993299245834351, 1.4979095458984375], [0.5683925747871399, 0.82194584608078, 0.03653808683156967, -1.04541015625], [0.0, 0.0, 0.0, 1.0]], [[0.010372184216976166, -0.9995862245559692, -0.026829279959201813, 0.014404296875], [0.020897578448057175, 0.02704155445098877, -0.9994158744812012, 1.4888992309570312], [0.9997278451919556, 0.00980544276535511, 0.021169409155845642, -1.3108367919921875], [0.0, 0.0, 0.0, 1.0]], [[-0.8437687158584595, -0.5356215834617615, -0.03411808982491493, 0.8162841796875], [0.028847942128777504, 0.018216662108898163, -0.999417781829834, 1.5024528503417969], [0.5359312295913696, -0.844261646270752, 8.093292854027823e-05, -1.098876953125], [0.0, 0.0, 0.0, 1.0]], [[0.9478247165679932, 0.3184938132762909, 0.013788842596113682, -1.1287841796875], [0.0034997889306396246, 0.03285503759980202, -0.9994539618492126, 1.5620880126953125], [-0.31877297163009644, 0.9473553895950317, 0.030026152729988098, -0.161376953125], [0.0, 0.0, 0.0, 1.0]], [[0.009108840487897396, 0.9996302127838135, 0.025620663538575172, -0.0289306640625], [0.005615395959466696, 0.025570185855031013, -0.9996572732925415, 1.5687522888183594], [-0.9999427795410156, 0.009249687194824219, -0.005380403716117144, -0.0847625732421875], [0.0, 0.0, 0.0, 1.0]], [[-0.9236016869544983, 0.3832732141017914, -0.007841745391488075, 0.940185546875], [0.009748660027980804, 0.00303319632075727, -0.9999478459358215, 1.5501208305358887], [-0.3832293450832367, -0.9236300587654114, -0.0065378653816878796, -0.13232421875], [0.0, 0.0, 0.0, 1.0]]], "view": [[0.0, -2.0, 100.0], [-2.0, 0.0, 100.0], [0.0, 0.0, 1.0]], "bev": "bev_60565417b2584f15965a0e22c6f6d317.png", "aux": "aux_60565417b2584f15965a0e22c6f6d317.npz", "visibility": "visibility_60565417b2584f15965a0e22c6f6d317.png", "pose": [[-0.8128312826156616, -0.5824992060661316, 0.0, 1107.999755859375], [0.5824992060661316, -0.8128312826156616, 0.0, 1190.5567626953125], [0.0, 0.0, 1.0, 0.0], [0.0, 0.0, 0.0, 1.0]], "pose_inverse": [[-0.8128312826156616, 0.5824992060661316, 0.0, 207.11843872070312], [-0.5824992060661316, -0.8128312826156616, 0.0, 1613.1307373046875], [0.0, 0.0, 1.0, 0.0], [0.0, 0.0, 0.0, 1.0]], "cam_ids": [0, 1, 2, 3, 4, 5], "cam_channels": ["CAM_FRONT_LEFT", "CAM_FRONT", "CAM_FRONT_RIGHT", "CAM_BACK_LEFT", "CAM_BACK", "CAM_BACK_RIGHT"], "token": "60565417b2584f15965a0e22c6f6d317", "scene": "scene-0098"}, {"images": ["samples/CAM_FRONT_LEFT/n008-2018-08-01-15-16-36-0400__CAM_FRONT_LEFT__1533151369404799.jpg", "samples/CAM_FRONT/n008-2018-08-01-15-16-36-0400__CAM_FRONT__1533151369412404.jpg", "samples/CAM_FRONT_RIGHT/n008-2018-08-01-15-16-36-0400__CAM_FRONT_RIGHT__1533151369420482.jpg", "samples/CAM_BACK_LEFT/n008-2018-08-01-15-16-36-0400__CAM_BACK_LEFT__1533151369447405.jpg", "samples/CAM_BACK/n008-2018-08-01-15-16-36-0400__CAM_BACK__1533151369437558.jpg", "samples/CAM_BACK_RIGHT/n008-2018-08-01-15-16-36-0400__CAM_BACK_RIGHT__1533151369428113.jpg"], "intrinsics": [[[1257.8625342125129, 0.0, 827.2410631095686], [0.0, 1257.8625342125129, 450.915498205774], [0.0, 0.0, 1.0]], [[1252.8131021185304, 0.0, 826.588114781398], [0.0, 1252.8131021185304, 469.9846626224581], [0.0, 0.0, 1.0]], [[1256.7485116440405, 0.0, 817.7887570959712], [0.0, 1256.7485116440403, 451.9541780095127], [0.0, 0.0, 1.0]], [[1254.9860565800168, 0.0, 829.5769333630991], [0.0, 1254.9860565800168, 467.1680561863987], [0.0, 0.0, 1.0]], [[796.8910634503094, 0.0, 857.7774326863696], [0.0, 796.8910634503094, 476.8848988407415], [0.0, 0.0, 1.0]], [[1249.9629280788233, 0.0, 825.3768045375984], [0.0, 1249.9629280788233, 462.54816385708756], [0.0, 0.0, 1.0]]], "extrinsics": [[[0.8223716020584106, -0.5689384341239929, -0.003750244388356805, -0.564453125], [0.016602087765932083, 0.030585138127207756, -0.9993942379951477, 1.4969825744628906], [0.5687084794044495, 0.8218111991882324, 0.034597914665937424, -1.0347900390625], [0.0, 0.0, 0.0, 1.0]], [[0.01012826431542635, -0.9996054172515869, -0.02619735524058342, 0.013671875], [0.018357040360569954, 0.026380153372883797, -0.9994834065437317, 1.48828125], [0.9997801780700684, 0.009642094373703003, 0.01861698180437088, -1.287261962890625], [0.0, 0.0, 0.0, 1.0]], [[-0.8438923954963684, -0.5355857610702515, -0.031517062336206436, 0.7900390625], [0.02616504393517971, 0.017589913681149483, -0.9995028376579285, 1.5023841857910156], [0.5358738899230957, -0.8442976474761963, -0.000830371689517051, -1.083740234375], [0.0, 0.0, 0.0, 1.0]], [[0.9478714466094971, 0.3184937834739685, 0.010069471783936024, -1.08953857421875], [-0.00022796718985773623, 0.03227788954973221, -0.9994789361953735, 1.5620231628417969], [-0.318652868270874, 0.9473751783370972, 0.030667897313833237, -0.1746826171875], [0.0, 0.0, 0.0, 1.0]], [[0.009197794832289219, 0.999646008014679, 0.024961907416582108, -0.0279541015625], [0.002323974622413516, 0.024941524490714073, -0.9996861815452576, 1.5684280395507812], [-0.9999549984931946, 0.009252906776964664, -0.0020937458612024784, -0.123046875], [0.0, 0.0, 0.0, 1.0]], [[-0.9236195087432861, 0.3832724988460541, -0.005394392181187868, 0.90814208984375], [0.006840938702225685, 0.002411271445453167, -0.999973714351654, 1.5496745109558105], [-0.38324934244155884, -0.9236320853233337, -0.0048490408807992935, -0.146728515625], [0.0, 0.0, 0.0, 1.0]]], "view": [[0.0, -2.0, 100.0], [-2.0, 0.0, 100.0], [0.0, 0.0, 1.0]], "bev": "bev_2577f859f0fb47a3a21cfc7c95650d26.png", "aux": "aux_2577f859f0fb47a3a21cfc7c95650d26.npz", "visibility": "visibility_2577f859f0fb47a3a21cfc7c95650d26.png", "pose": [[-0.8122227787971497, -0.5833473205566406, 0.0, 1103.4588623046875], [0.5833473205566406, -0.8122227787971497, 0.0, 1193.89306640625], [0.0, 0.0, 1.0, 0.0], [0.0, 0.0, 0.0, 1.0]], "pose_inverse": [[-0.8122227787971497, 0.5833473205566406, 0.0, 199.80010986328125], [-0.5833473205566406, -0.8122227787971497, 0.0, 1613.406982421875], [0.0, 0.0, 1.0, 0.0], [0.0, 0.0, 0.0, 1.0]], "cam_ids": [0, 1, 2, 3, 4, 5], "cam_channels": ["CAM_FRONT_LEFT", "CAM_FRONT", "CAM_FRONT_RIGHT", "CAM_BACK_LEFT", "CAM_BACK", "CAM_BACK_RIGHT"], "token": "2577f859f0fb47a3a21cfc7c95650d26", "scene": "scene-0098"}, {"images": ["samples/CAM_FRONT_LEFT/n008-2018-08-01-15-16-36-0400__CAM_FRONT_LEFT__1533151369904799.jpg", "samples/CAM_FRONT/n008-2018-08-01-15-16-36-0400__CAM_FRONT__1533151369912404.jpg", "samples/CAM_FRONT_RIGHT/n008-2018-08-01-15-16-36-0400__CAM_FRONT_RIGHT__1533151369920482.jpg", "samples/CAM_BACK_LEFT/n008-2018-08-01-15-16-36-0400__CAM_BACK_LEFT__1533151369947405.jpg", "samples/CAM_BACK/n008-2018-08-01-15-16-36-0400__CAM_BACK__1533151369937563.jpg", "samples/CAM_BACK_RIGHT/n008-2018-08-01-15-16-36-0400__CAM_BACK_RIGHT__1533151369928113.jpg"], "intrinsics": [[[1257.8625342125129, 0.0, 827.2410631095686], [0.0, 1257.8625342125129, 450.915498205774], [0.0, 0.0, 1.0]], [[1252.8131021185304, 0.0, 826.588114781398], [0.0, 1252.8131021185304, 469.9846626224581], [0.0, 0.0, 1.0]], [[1256.7485116440405, 0.0, 817.7887570959712], [0.0, 1256.7485116440403, 451.9541780095127], [0.0, 0.0, 1.0]], [[1254.9860565800168, 0.0, 829.5769333630991], [0.0, 1254.9860565800168, 467.1680561863987], [0.0, 0.0, 1.0]], [[796.8910634503094, 0.0, 857.7774326863696], [0.0, 796.8910634503094, 476.8848988407415], [0.0, 0.0, 1.0]], [[1249.9629280788233, 0.0, 825.3768045375984], [0.0, 1249.9629280788233, 462.54816385708756], [0.0, 0.0, 1.0]]], "extrinsics": [[[0.8222193717956543, -0.569167971611023, -0.0017954218201339245, -0.61669921875], [0.017091119661927223, 0.027842596173286438, -0.9994661808013916, 1.4963035583496094], [0.5689141154289246, 0.8217498064041138, 0.03262044116854668, -1.0667724609375], [0.0, 0.0, 0.0, 1.0]], [[0.009956070221960545, -0.9996726512908936, -0.02356686443090439, 0.0106201171875], [0.019279571250081062, 0.023755555972456932, -0.9995319247245789, 1.4876060485839844], [0.9997645616531372, 0.009497084654867649, 0.019509775564074516, -1.347076416015625], [0.0, 0.0, 0.0, 1.0]], [[-0.8439079523086548, -0.5355715751647949, -0.03134565427899361, 0.8389892578125], [0.027548067271709442, 0.015090707689523697, -0.9995065331459045, 1.501291275024414], [0.5357803106307983, -0.844355046749115, 0.002018792787566781, -1.1163330078125], [0.0, 0.0, 0.0, 1.0]], [[0.9478378891944885, 0.31853652000427246, 0.011740347370505333, -1.1397705078125], [0.0021038611885160208, 0.030579587444663048, -0.9995301365852356, 1.5620498657226562], [-0.31874579191207886, 0.9474172592163086, 0.028314337134361267, -0.15771484375], [0.0, 0.0, 0.0, 1.0]], [[0.009164946153759956, 0.9996943473815918, 0.02296176739037037, -0.0283203125], [0.004163681995123625, 0.022924380376935005, -0.9997285008430481, 1.5685157775878906], [-0.9999493360519409, 0.009258157573640347, -0.003952307626605034, -0.0677032470703125], [0.0, 0.0, 0.0, 1.0]], [[-0.9235903024673462, 0.3833019733428955, -0.007768294773995876, 0.961578369140625], [0.008449364453554153, 9.322712139692158e-05, -0.9999642968177795, 1.549629807472229], [-0.38328754901885986, -0.9236230254173279, -0.0033247622195631266, -0.1253662109375], [0.0, 0.0, 0.0, 1.0]]], "view": [[0.0, -2.0, 100.0], [-2.0, 0.0, 100.0], [0.0, 0.0, 1.0]], "bev": "bev_808fabcc3ed441afbd6bdddc929887f3.png", "aux": "aux_808fabcc3ed441afbd6bdddc929887f3.npz", "visibility": "visibility_808fabcc3ed441afbd6bdddc929887f3.png", "pose": [[-0.8126288652420044, -0.5827815532684326, 0.0, 1099.0675048828125], [0.5827815532684326, -0.8126288652420044, 0.0, 1197.0860595703125], [0.0, 0.0, 1.0, 0.0], [0.0, 0.0, 0.0, 1.0]], "pose_inverse": [[-0.8126288652420044, 0.5827815532684326, 0.0, 195.4943389892578], [-0.5827815532684326, -0.8126288652420044, 0.0, 1613.302978515625], [0.0, 0.0, 1.0, 0.0], [0.0, 0.0, 0.0, 1.0]], "cam_ids": [0, 1, 2, 3, 4, 5], "cam_channels": ["CAM_FRONT_LEFT", "CAM_FRONT", "CAM_FRONT_RIGHT", "CAM_BACK_LEFT", "CAM_BACK", "CAM_BACK_RIGHT"], "token": "808fabcc3ed441afbd6bdddc929887f3", "scene": "scene-0098"}, {"images": ["samples/CAM_FRONT_LEFT/n008-2018-08-01-15-16-36-0400__CAM_FRONT_LEFT__1533151370404799.jpg", "samples/CAM_FRONT/n008-2018-08-01-15-16-36-0400__CAM_FRONT__1533151370412404.jpg", "samples/CAM_FRONT_RIGHT/n008-2018-08-01-15-16-36-0400__CAM_FRONT_RIGHT__1533151370420482.jpg", "samples/CAM_BACK_LEFT/n008-2018-08-01-15-16-36-0400__CAM_BACK_LEFT__1533151370447405.jpg", "samples/CAM_BACK/n008-2018-08-01-15-16-36-0400__CAM_BACK__1533151370437558.jpg", "samples/CAM_BACK_RIGHT/n008-2018-08-01-15-16-36-0400__CAM_BACK_RIGHT__1533151370428113.jpg"], "intrinsics": [[[1257.8625342125129, 0.0, 827.2410631095686], [0.0, 1257.8625342125129, 450.915498205774], [0.0, 0.0, 1.0]], [[1252.8131021185304, 0.0, 826.588114781398], [0.0, 1252.8131021185304, 469.9846626224581], [0.0, 0.0, 1.0]], [[1256.7485116440405, 0.0, 817.7887570959712], [0.0, 1256.7485116440403, 451.9541780095127], [0.0, 0.0, 1.0]], [[1254.9860565800168, 0.0, 829.5769333630991], [0.0, 1254.9860565800168, 467.1680561863987], [0.0, 0.0, 1.0]], [[796.8910634503094, 0.0, 857.7774326863696], [0.0, 796.8910634503094, 476.8848988407415], [0.0, 0.0, 1.0]], [[1249.9629280788233, 0.0, 825.3768045375984], [0.0, 1249.9629280788233, 462.54816385708756], [0.0, 0.0, 1.0]]], "extrinsics": [[[0.8225211501121521, -0.5687339305877686, -0.000862370477989316, -0.6361083984375], [0.015909628942608833, 0.024524664506316185, -0.9995725750923157, 1.495330810546875], [0.5685120224952698, 0.8221559524536133, 0.029220398515462875, -1.0819091796875], [0.0, 0.0, 0.0, 1.0]], [[0.010422232560813427, -0.9997393488883972, -0.020317325368523598, 0.011474609375], [0.017864743247628212, 0.020501350983977318, -0.9996302127838135, 1.4867019653320312], [0.9997860789299011, 0.010055440478026867, 0.018073754385113716, -1.366241455078125], [0.0, 0.0, 0.0, 1.0]], [[-0.8437144160270691, -0.5360491871833801, -0.028235571458935738, 0.8502197265625], [0.025887247174978256, 0.011906860396265984, -0.9995939135551453, 1.5004539489746094], [0.5361677408218384, -0.8441027402877808, 0.0038308494258672, -1.1229248046875], [0.0, 0.0, 0.0, 1.0]], [[0.9478518962860107, 0.31858596205711365, 0.008927548304200172, -1.1409912109375], [0.00020459968072827905, 0.027403172105550766, -0.9996244311332703, 1.562042236328125], [-0.3187110722064972, 0.9474977850914001, 0.02590896561741829, -0.1572265625], [0.0, 0.0, 0.0, 1.0]], [[0.009011480025947094, 0.9997636079788208, 0.01979070156812668, -0.0284423828125], [0.0023213066160678864, 0.019770534709095955, -0.9998018145561218, 1.56829833984375], [-0.9999567866325