[{"images": ["samples/CAM_FRONT_LEFT/n008-2018-08-01-15-16-36-0400__CAM_FRONT_LEFT__1533151669604799.jpg", "samples/CAM_FRONT/n008-2018-08-01-15-16-36-0400__CAM_FRONT__1533151669612404.jpg", "samples/CAM_FRONT_RIGHT/n008-2018-08-01-15-16-36-0400__CAM_FRONT_RIGHT__1533151669620482.jpg", "samples/CAM_BACK_LEFT/n008-2018-08-01-15-16-36-0400__CAM_BACK_LEFT__1533151669647405.jpg", "samples/CAM_BACK/n008-2018-08-01-15-16-36-0400__CAM_BACK__1533151669637558.jpg", "samples/CAM_BACK_RIGHT/n008-2018-08-01-15-16-36-0400__CAM_BACK_RIGHT__1533151669628113.jpg"], "intrinsics": [[[1257.8625342125129, 0.0, 827.2410631095686], [0.0, 1257.8625342125129, 450.915498205774], [0.0, 0.0, 1.0]], [[1252.8131021185304, 0.0, 826.588114781398], [0.0, 1252.8131021185304, 469.9846626224581], [0.0, 0.0, 1.0]], [[1256.7485116440405, 0.0, 817.7887570959712], [0.0, 1256.7485116440403, 451.9541780095127], [0.0, 0.0, 1.0]], [[1254.9860565800168, 0.0, 829.5769333630991], [0.0, 1254.9860565800168, 467.1680561863987], [0.0, 0.0, 1.0]], [[796.8910634503094, 0.0, 857.7774326863696], [0.0, 796.8910634503094, 476.8848988407415], [0.0, 0.0, 1.0]], [[1249.9629280788233, 0.0, 825.3768045375984], [0.0, 1249.9629280788233, 462.54816385708756], [0.0, 0.0, 1.0]]], "extrinsics": [[[0.8225991725921631, -0.5686210989952087, 0.000900549057405442, -0.9918212890625], [0.006497448775917292, 0.007815913297235966, -0.9999483227729797, 1.4883995056152344], [0.568584680557251, 0.8225624561309814, 0.010123949497938156, -1.3240966796875], [0.0, 0.0, 0.0, 1.0]], [[0.010335059836506844, -0.999940037727356, -0.0036153742112219334, 0.00537109375], [0.008465757593512535, 0.0037029364611953497, -0.999957263469696, 1.4802800416946411], [0.999910831451416, 0.010304068215191364, 0.008503519929945469, -1.721343994140625], [0.0, 0.0, 0.0, 1.0]], [[-0.8439501523971558, -0.5363035798072815, -0.011254406534135342, 1.08197021484375], [0.016501886770129204, -0.004986046347767115, -0.9998513460159302, 1.4932432174682617], [0.5361678004264832, -0.8440104722976685, 0.013057995587587357, -1.2720947265625], [0.0, 0.0, 0.0, 1.0]], [[0.947885274887085, 0.3185698688030243, -0.0051787192933261395, -1.1438522338867188], [-0.0088982954621315, 0.01022167969495058, -0.9999081492424011, 1.5620384216308594], [-0.31848767399787903, 0.9478442668914795, 0.012523709796369076, -0.1563720703125], [0.0, 0.0, 0.0, 1.0]], [[0.009206424467265606, 0.9999541640281677, 0.0026255741249769926, -0.02880859375], [-0.006775405257940292, 0.002688004868105054, -0.9999734163284302, 1.5680346488952637], [-0.9999346733093262, 0.009188413619995117, 0.006799842230975628, 0.0404052734375], [0.0, 0.0, 0.0, 1.0]], [[-0.9237489700317383, 0.38296177983283997, -0.0052967192605137825, 1.15380859375], [-0.0025757593102753162, -0.020041150972247124, -0.9997957944869995, 1.5477943420410156], [-0.3829896152019501, -0.9235467910766602, 0.019499409943819046, -0.0465087890625], [0.0, 0.0, 0.0, 1.0]]], "view": [[0.0, -2.0, 100.0], [-2.0, 0.0, 100.0], [0.0, 0.0, 1.0]], "bev": "bev_f1b7b463072e4630b2c1d5ba8b6cd50b.png", "aux": "aux_f1b7b463072e4630b2c1d5ba8b6cd50b.npz", "visibility": "visibility_f1b7b463072e4630b2c1d5ba8b6cd50b.png", "pose": [[0.7590022087097168, 0.6510880589485168, 0.0, 751.5972900390625], [-0.6510880589485168, 0.7590022087097168, 0.0, 1522.615966796875], [0.0, 0.0, 1.0, 0.0], [0.0, 0.0, 0.0, 1.0]], "pose_inverse": [[0.7590022087097168, -0.6510880589485168, 0.0, 420.89312744140625], [0.6510880589485168, 0.7590022087097168, 0.0, -1645.02490234375], [0.0, 0.0, 1.0, 0.0], [0.0, 0.0, 0.0, 1.0]], "cam_ids": [0, 1, 2, 3, 4, 5], "cam_channels": ["CAM_FRONT_LEFT", "CAM_FRONT", "CAM_FRONT_RIGHT", "CAM_BACK_LEFT", "CAM_BACK", "CAM_BACK_RIGHT"], "token": "f1b7b463072e4630b2c1d5ba8b6cd50b", "scene": "scene-0104"}, {"images": ["samples/CAM_FRONT_LEFT/n008-2018-08-01-15-16-36-0400__CAM_FRONT_LEFT__1533151670104799.jpg", "samples/CAM_FRONT/n008-2018-08-01-15-16-36-0400__CAM_FRONT__1533151670112404.jpg", "samples/CAM_FRONT_RIGHT/n008-2018-08-01-15-16-36-0400__CAM_FRONT_RIGHT__1533151670120482.jpg", "samples/CAM_BACK_LEFT/n008-2018-08-01-15-16-36-0400__CAM_BACK_LEFT__1533151670147405.jpg", "samples/CAM_BACK/n008-2018-08-01-15-16-36-0400__CAM_BACK__1533151670137558.jpg", "samples/CAM_BACK_RIGHT/n008-2018-08-01-15-16-36-0400__CAM_BACK_RIGHT__1533151670128113.jpg"], "intrinsics": [[[1257.8625342125129, 0.0, 827.2410631095686], [0.0, 1257.8625342125129, 450.915498205774], [0.0, 0.0, 1.0]], [[1252.8131021185304, 0.0, 826.588114781398], [0.0, 1252.8131021185304, 469.9846626224581], [0.0, 0.0, 1.0]], [[1256.7485116440405, 0.0, 817.7887570959712], [0.0, 1256.7485116440403, 451.9541780095127], [0.0, 0.0, 1.0]], [[1254.9860565800168, 0.0, 829.5769333630991], [0.0, 1254.9860565800168, 467.1680561863987], [0.0, 0.0, 1.0]], [[796.8910634503094, 0.0, 857.7774326863696], [0.0, 796.8910634503094, 476.8848988407415], [0.0, 0.0, 1.0]], [[1249.9629280788233, 0.0, 825.3768045375984], [0.0, 1249.9629280788233, 462.54816385708756], [0.0, 0.0, 1.0]]], "extrinsics": [[[0.822525143623352, -0.5687273144721985, 0.0012388747418299317, -0.9810791015625], [0.007189492229372263, 0.008219646289944649, -0.9999403953552246, 1.4885034561157227], [0.5686833262443542, 0.8224850296974182, 0.010849726386368275, -1.31689453125], [0.0, 0.0, 0.0, 1.0]], [[0.01023255567997694, -0.9999396204948425, -0.0040130941197276115, 0.005615234375], [0.009182633832097054, 0.004107100423425436, -0.9999493956565857, 1.4803844690322876], [0.9999054670333862, 0.010195225477218628, 0.00922410562634468, -1.710906982421875], [0.0, 0.0, 0.0, 1.0]], [[-0.8439843654632568, -0.536231279373169, -0.012099441140890121, 1.0751953125], [0.017244920134544373, -0.004581844434142113, -0.9998407363891602, 1.4933881759643555], [0.5360904932022095, -0.8440586924552917, 0.013114269822835922, -1.2677001953125], [0.0, 0.0, 0.0, 1.0]], [[0.9478880763053894, 0.3185760974884033, -0.004188102204352617, -1.1438064575195312], [-0.007991768419742584, 0.010633471421897411, -0.9999114871025085, 1.5620441436767578], [-0.31850337982177734, 0.9478376507759094, 0.012625324539840221, -0.15625], [0.0, 0.0, 0.0, 1.0]], [[0.009230079129338264, 0.9999528527259827, 0.0030394692439585924, -0.0286865234375], [-0.005929973907768726, 0.00309428246691823, -0.9999776482582092, 1.5680203437805176], [-0.9999398589134216, 0.009211878292262554, 0.005958253517746925, 0.037384033203125], [0.0, 0.0, 0.0, 1.0]], [[-0.9237231612205505, 0.3830156922340393, -0.00586567260324955, 1.14837646484375], [-0.001792745548300445, -0.019635051488876343, -0.9998056292533875, 1.5477867126464844], [-0.3830563724040985, -0.9235331416130066, 0.018824001774191856, -0.048828125], [0.0, 0.0, 0.0, 1.0]]], "view": [[0.0, -2.0, 100.0], [-2.0, 0.0, 100.0], [0.0, 0.0, 1.0]], "bev": "bev_2b7d769dbb254adba7274534d0b262ec.png", "aux": "aux_2b7d769dbb254adba7274534d0b262ec.npz", "visibility": "visibility_2b7d769dbb254adba7274534d0b262ec.png", "pose": [[0.7589476108551025, 0.651151716709137, 0.0, 751.78662109375], [-0.651151716709137, 0.7589476108551025, 0.0, 1522.453857421875], [0.0, 0.0, 1.0, 0.0], [0.0, 0.0, 0.0, 1.0]], "pose_inverse": [[0.7589476108551025, -0.651151716709137, 0.0, 420.7817687988281], [0.651151716709137, 0.7589476108551025, 0.0, -1644.9898681640625], [0.0, 0.0, 1.0, 0.0], [0.0, 0.0, 0.0, 1.0]], "cam_ids": [0, 1, 2, 3, 4, 5], "cam_channels": ["CAM_FRONT_LEFT", "CAM_FRONT", "CAM_FRONT_RIGHT", "CAM_BACK_LEFT", "CAM_BACK", "CAM_BACK_RIGHT"], "token": "2b7d769dbb254adba7274534d0b262ec", "scene": "scene-0104"}, {"images": ["samples/CAM_FRONT_LEFT/n008-2018-08-01-15-16-36-0400__CAM_FRONT_LEFT__1533151670604799.jpg", "samples/CAM_FRONT/n008-2018-08-01-15-16-36-0400__CAM_FRONT__1533151670612404.jpg", "samples/CAM_FRONT_RIGHT/n008-2018-08-01-15-16-36-0400__CAM_FRONT_RIGHT__1533151670620482.jpg", "samples/CAM_BACK_LEFT/n008-2018-08-01-15-16-36-0400__CAM_BACK_LEFT__1533151670647405.jpg", "samples/CAM_BACK/n008-2018-08-01-15-16-36-0400__CAM_BACK__1533151670637558.jpg", "samples/CAM_BACK_RIGHT/n008-2018-08-01-15-16-36-0400__CAM_BACK_RIGHT__1533151670628113.jpg"], "intrinsics": [[[1257.8625342125129, 0.0, 827.2410631095686], [0.0, 1257.8625342125129, 450.915498205774], [0.0, 0.0, 1.0]], [[1252.8131021185304, 0.0, 826.588114781398], [0.0, 1252.8131021185304, 469.9846626224581], [0.0, 0.0, 1.0]], [[1256.7485116440405, 0.0, 817.7887570959712], [0.0, 1256.7485116440403, 451.9541780095127], [0.0, 0.0, 1.0]], [[1254.9860565800168, 0.0, 829.5769333630991], [0.0, 1254.9860565800168, 467.1680561863987], [0.0, 0.0, 1.0]], [[796.8910634503094, 0.0, 857.7774326863696], [0.0, 796.8910634503094, 476.8848988407415], [0.0, 0.0, 1.0]], [[1249.9629280788233, 0.0, 825.3768045375984], [0.0, 1249.9629280788233, 462.54816385708756], [0.0, 0.0, 1.0]]], "extrinsics": [[[0.8226264715194702, -0.5685750842094421, 0.0028309824410825968, -0.966552734375], [0.00945085659623146, 0.008695030584931374, -0.9999175071716309, 1.488729476928711], [0.5685035586357117, 0.8225853443145752, 0.012526284903287888, -1.307373046875], [0.0, 0.0, 0.0, 1.0]], [[0.010400254279375076, -0.9999358654022217, -0.004470997489988804, 0.0062255859375], [0.011450916528701782, 0.004590043798089027, -0.9999239444732666, 1.4806033372879028], [0.9998802542686462, 0.010348282754421234, 0.011497920379042625, -1.696319580078125], [0.0, 0.0, 0.0, 1.0]], [[-0.8438863754272461, -0.5363317131996155, -0.014282207936048508, 1.0657958984375], [0.019520562142133713, -0.004090322181582451, -0.9998010993003845, 1.4936532974243164], [0.5361666083335876, -0.8439974188804626, 0.013921265490353107, -1.261474609375], [0.0, 0.0, 0.0, 1.0]], [[0.9478836059570312, 0.3186114728450775, -0.0018197338795289397, -1.1444244384765625], [-0.005655976012349129, 0.01111577544361353, -0.9999222159385681, 1.5620460510253906], [-0.31856656074523926, 0.9478201270103455, 0.012338521890342236, -0.1558837890625], [0.0, 0.0, 0.0, 1.0]], [[0.009163815528154373, 0.9999517202377319, 0.003546403720974922, -0.0286865234375], [-0.0035992013290524483, 0.003579513169825077, -0.9999871253967285, 1.568021297454834], [-0.9999514818191528, 0.009150970727205276, 0.0036318297497928143, 0.033355712890625], [0.0, 0.0, 0.0, 1.0]], [[-0.9237439036369324, 0.38293084502220154, -0.00781350675970316, 1.140869140625], [0.0005210258532315493, -0.01914387382566929, -0.9998165965080261, 1.5478286743164062], [-0.3830101191997528, -0.9235786199569702, 0.017484521493315697, -0.0516357421875], [0.0, 0.0, 0.0, 1.0]]], "view": [[0.0, -2.0, 100.0], [-2.0, 0.0, 100.0], [0.0, 0.0, 1.0]], "bev": "bev_90162f90eceb4ada9e595bc1adb71b5f.png", "aux": "aux_90162f90eceb4ada9e595bc1adb71b5f.npz", "visibility": "visibility_90162f90eceb4ada9e595bc1adb71b5f.png", "pose": [[0.7583892941474915, 0.6518018245697021, 0.0, 752.1343994140625], [-0.6518018245697021, 0.7583892941474915, 0.0, 1522.151611328125], [0.0, 0.0, 1.0, 0.0], [0.0, 0.0, 0.0, 1.0]], "pose_inverse": [[0.7583892941474915, -0.6518018245697021, 0.0, 421.73052978515625], [0.6518018245697021, 0.7583892941474915, 0.0, -1644.6260986328125], [0.0, 0.0, 1.0, 0.0], [0.0, 0.0, 0.0, 1.0]], "cam_ids": [0, 1, 2, 3, 4, 5], "cam_channels": ["CAM_FRONT_LEFT", "CAM_FRONT", "CAM_FRONT_RIGHT", "CAM_BACK_LEFT", "CAM_BACK", "CAM_BACK_RIGHT"], "token": "90162f90eceb4ada9e595bc1adb71b5f", "scene": "scene-0104"}, {"images": ["samples/CAM_FRONT_LEFT/n008-2018-08-01-15-16-36-0400__CAM_FRONT_LEFT__1533151671104799.jpg", "samples/CAM_FRONT/n008-2018-08-01-15-16-36-0400__CAM_FRONT__1533151671112404.jpg", "samples/CAM_FRONT_RIGHT/n008-2018-08-01-15-16-36-0400__CAM_FRONT_RIGHT__1533151671120531.jpg", "samples/CAM_BACK_LEFT/n008-2018-08-01-15-16-36-0400__CAM_BACK_LEFT__1533151671147405.jpg", "samples/CAM_BACK/n008-2018-08-01-15-16-36-0400__CAM_BACK__1533151671137558.jpg", "samples/CAM_BACK_RIGHT/n008-2018-08-01-15-16-36-0400__CAM_BACK_RIGHT__1533151671128113.jpg"], "intrinsics": [[[1257.8625342125129, 0.0, 827.2410631095686], [0.0, 1257.8625342125129, 450.915498205774], [0.0, 0.0, 1.0]], [[1252.8131021185304, 0.0, 826.588114781398], [0.0, 1252.8131021185304, 469.9846626224581], [0.0, 0.0, 1.0]], [[1256.7485116440405, 0.0, 817.7887570959712], [0.0, 1256.7485116440403, 451.9541780095127], [0.0, 0.0, 1.0]], [[1254.9860565800168, 0.0, 829.5769333630991], [0.0, 1254.9860565800168, 467.1680561863987], [0.0, 0.0, 1.0]], [[796.8910634503094, 0.0, 857.7774326863696], [0.0, 796.8910634503094, 476.8848988407415], [0.0, 0.0, 1.0]], [[1249.9629280788233, 0.0, 825.3768045375984], [0.0, 1249.9629280788233, 462.54816385708756], [0.0, 0.0, 1.0]]], "extrinsics": [[[0.8225817084312439, -0.5686310529708862, 0.004234271124005318, -0.9453125], [0.011517222970724106, 0.009215196594595909, -0.9998912215232849, 1.489119529724121], [0.5685302019119263, 0.8225410580635071, 0.014129304327070713, -1.2928466796875], [0.0, 0.0, 0.0, 1.0]], [[0.010356164537370205, -0.9999342560768127, -0.0049198344349861145, 0.0064697265625], [0.013540558516979218, 0.005059882532805204, -0.9998955130577087, 1.4809650182724], [0.9998546838760376, 0.010288500227034092, 0.01359206810593605, -1.675537109375], [0.0, 0.0, 0.0, 1.0]], [[-0.8438753485679626, -0.5362919569015503, -0.01629062369465828, 1.05255126953125], [0.021635012701153755, -0.0036744035314768553, -0.9997591376304626, 1.4940557479858398], [0.5361028909683228, -0.8440245985984802, 0.014703421853482723, -1.2530517578125], [0.0, 0.0, 0.0, 1.0]], [[0.9478738307952881, 0.31864577531814575, 0.00030403179698623717, -1.1430511474609375], [-0.0035011128056794405, 0.011368806473910809, -0.9999292492866516, 1.5620403289794922], [-0.31862673163414, 0.9478057026863098, 0.011891810223460197, -0.1563720703125], [0.0, 0.0, 0.0, 1.0]], [[0.009159901179373264, 0.9999505281448364, 0.003879872616380453, -0.0286865234375], [-0.0014532995410263538, 0.0038933437317609787, -0.9999912977218628, 1.5680370330810547], [-0.9999570250511169, 0.009154130704700947, 0.0014888900332152843, 0.02734375], [0.0, 0.0, 0.0, 1.0]], [[-0.9237159490585327, 0.382956326007843, -0.009648646228015423, 1.1302490234375], [0.002658623969182372, -0.018777847290039062, -0.9998201727867126, 1.5479049682617188], [-0.38306862115859985, -0.9235755205154419, 0.0163272637873888, -0.05615234375], [0.0, 0.0, 0.0, 1.0]]], "view": [[0.0, -2.0, 100.0], [-2.0, 0.0, 100.0], [0.0, 0.0, 1.0]], "bev": "bev_a460d7665ac3476b85f72a3fb7b978dd.png", "aux": "aux_a460d7665ac3476b85f72a3fb7b978dd.npz", "visibility": "visibility_a460d7665ac3476b85f72a3fb7b978dd.png", "pose": [[0.7576988935470581, 0.6526042819023132, 0.0, 752.6797485351562], [-0.6526042819023132, 0.7576988935470581, 0.0, 1521.675537109375], [0.0, 0.0, 1.0, 0.0], [0.0, 0.0, 0.0, 1.0]], "pose_inverse": [[0.7576988935470581, -0.6526042819023132, 0.0, 422.7474060058594], [0.6526042819023132, 0.7576988935470581, 0.0, -1644.1739501953125], [0.0, 0.0, 1.0, 0.0], [0.0, 0.0, 0.0, 1.0]], "cam_ids": [0, 1, 2, 3, 4, 5], "cam_channels": ["CAM_FRONT_LEFT", "CAM_FRONT", "CAM_FRONT_RIGHT", "CAM_BACK_LEFT", "CAM_BACK", "CAM_BACK_RIGHT"], "token": "a460d7665ac3476b85f72a3fb7b978dd", "scene": "scene-0104"}, {"images": ["samples/CAM_FRONT_LEFT/n008-2018-08-01-15-16-36-0400__CAM_FRONT_LEFT__1533151671604799.jpg", "samples/CAM_FRONT/n008-2018-08-01-15-16-36-0400__CAM_FRONT__1533151671612404.jpg", "samples/CAM_FRONT_RIGHT/n008-2018-08-01-15-16-36-0400__CAM_FRONT_RIGHT__1533151671620482.jpg", "samples/CAM_BACK_LEFT/n008-2018-08-01-15-16-36-0400__CAM_BACK_LEFT__1533151671647405.jpg", "samples/CAM_BACK/n008-2018-08-01-15-16-36-0400__CAM_BACK__1533151671637558.jpg", "samples/CAM_BACK_RIGHT/n008-2018-08-01-15-16-36-0400__CAM_BACK_RIGHT__1533151671628113.jpg"], "intrinsics": [[[1257.8625342125129, 0.0, 827.2410631095686], [0.0, 1257.8625342125129, 450.915498205774], [0.0, 0.0, 1.0]], [[1252.8131021185304, 0.0, 826.588114781398], [0.0, 1252.8131021185304, 469.9846626224581], [0.0, 0.0, 1.0]], [[1256.7485116440405, 0.0, 817.7887570959712], [0.0, 1256.7485116440403, 451.9541780095127], [0.0, 0.0, 1.0]], [[1254.9860565800168, 0.0, 829.5769333630991], [0.0, 1254.9860565800168, 467.1680561863987], [0.0, 0.0, 1.0]], [[796.8910634503094, 0.0, 857.7774326863696], [0.0, 796.8910634503094, 476.8848988407415], [0.0, 0.0, 1.0]], [[1249.9629280788233, 0.0, 825.3768045375984], [0.0, 1249.9629280788233, 462.54816385708756], [0.0, 0.0, 1.0]]], "extrinsics": [[[0.8226460218429565, -0.5685256123542786, 0.005679006222635508, -0.9307861328125], [0.013533626683056355, 0.009595275856554508, -0.9998623728752136, 1.4894943237304688], [0.568392813205719, 0.8226096034049988, 0.015587727539241314, -1.2833251953125], [0.0, 0.0, 0.0, 1.0]], [[0.010481682606041431, -0.9999306797981262, -0.005370031576603651, 0.0069580078125], [0.01552416943013668, 0.005532404407858849, -0.9998642206192017, 1.4813047647476196], [0.9998245239257812, 0.010396812111139297, 0.015581082552671432, -1.6611328125], [0.0, 0.0, 0.0, 1.0]], [[-0.8437904119491577, -0.536362886428833, -0.018240192905068398, 1.04315185546875], [0.02358335815370083, -0.0031030839309096336, -0.9997170567512512, 1.4944114685058594], [0.5361545085906982, -0.8439818024635315, 0.015267590992152691, -1.24658203125], [0.0, 0.0, 0.0, 1.0]], [[0.9478663206100464, 0.3186596632003784, 0.0023670231457799673, -1.146575927734375], [-0.001612208317965269, 0.0122230751439929, -0.9999240040779114, 1.5620479583740234], [-0.3186643421649933, 0.9477903246879578, 0.012099586427211761, -0.1552734375], [0.0, 0.0, 0.0, 1.0]], [[0.009106072597205639, 0.9999476671218872, 0.004649429116398096, -0.0289306640625], [0.00043379986891523004, 0.004645671229809523, -0.9999890923500061, 1.5680689811706543], [-0.9999585151672363, 0.009108015336096287, -0.0003914735862053931, 0.023773193359375], [0.0, 0.0, 0.0, 1.0]], [[-0.9237245321273804, 0.3828950822353363, -0.011155825108289719, 1.12310791015625], [0.004563701804727316, -0.01812056452035904, -0.9998253583908081, 1.5480060577392578], [-0.3830302655696869, -0.9236140847206116, 0.014990990981459618, -0.058837890625], [0.0, 0.0, 0.0, 1.0]]], "view": [[0.0, -2.0, 100.0], [-2.0, 0.0, 100.0], [0.0, 0.0, 1.0]], "bev": "bev_17d84afea74b48c3b81ee85db30b0208.png", "aux": "aux_17d84afea74b48c3b81ee85db30b0208.npz", "visibility": "visibility_17d84afea74b48c3b81ee85db30b0208.png", "pose": [[0.7573195695877075, 0.6530444622039795, 0.0, 753.3930053710938], [-0.6530444622039795, 0.7573195695877075, 0.0, 1521.05078125], [0.0, 0.0, 1.0, 0.0], [0.0, 0.0, 0.0, 1.0]], "pose_inverse": [[0.7573195695877075, -0.6530444622039795, 0.0, 422.7544860839844], [0.6530444622039795, 0.7573195695877075, 0.0, -1643.920654296875], [0.0, 0.0, 1.0, 0.0], [0.0, 0.0, 0.0, 1.0]], "cam_ids": [0, 1, 2, 3, 4, 5], "cam_channels": ["CAM_FRONT_LEFT", "CAM_FRONT", "CAM_FRONT_RIGHT", "CAM_BACK_LEFT", "CAM_BACK", "CAM_BACK_RIGHT"], "token": "17d84afea74b48c3b81ee85db30b0208", "scene": "scene-0104"}, {"images": ["samples/CAM_FRONT_LEFT/n008-2018-08-01-15-16-36-0400__CAM_FRONT_LEFT__1533151672104799.jpg", "samples/CAM_FRONT/n008-2018-08-01-15-16-36-0400__CAM_FRONT__1533151672112406.jpg", "samples/CAM_FRONT_RIGHT/n008-2018-08-01-15-16-36-0400__CAM_FRONT_RIGHT__1533151672120482.jpg", "samples/CAM_BACK_LEFT/n008-2018-08-01-15-16-36-0400__CAM_BACK_LEFT__1533151672147405.jpg", "samples/CAM_BACK/n008-2018-08-01-15-16-36-0400__CAM_BACK__1533151672137558.jpg", "samples/CAM_BACK_RIGHT/n008-2018-08-01-15-16-36-0400__CAM_BACK_RIGHT__1533151672128113.jpg"], "intrinsics": [[[1257.8625342125129, 0.0, 827.2410631095686], [0.0, 1257.8625342125129, 450.915498205774], [0.0, 0.0, 1.0]], [[1252.8131021185304, 0.0, 826.588114781398], [0.0, 1252.8131021185304, 469.9846626224581], [0.0, 0.0, 1.0]], [[1256.7485116440405, 0.0, 817.7887570959712], [0.0, 1256.7485116440403, 451.9541780095127], [0.0, 0.0, 1.0]], [[1254.9860565800168, 0.0, 829.5769333630991], [0.0, 1254.9860565800168, 467.1680561863987], [0.0, 0.0, 1.0]], [[796.8910634503094, 0.0, 857.7774326863696], [0.0, 796.8910634503094, 476.8848988407415], [0.0, 0.0, 1.0]], [[1249.9629280788233, 0.0, 825.3768045375984], [0.0, 1249.9629280788233, 462.54816385708756], [0.0, 0.0, 1.0]]], "extrinsics": [[[0.8226108551025391, -0.5685883164405823, 0.004338848404586315, -0.907470703125], [0.014382736757397652, 0.01317890640348196, -0.9998096823692322, 1.4899702072143555], [0.5684229135513306, 0.8225166201591492, 0.01901896670460701, -1.2674560546875], [0.0, 0.0, 0.0, 1.0]], [[0.010444014333188534, -0.9999060034751892, -0.008886473253369331, 0.0074462890625], [0.01633351668715477, 0.009056361392140388, -0.9998255968093872, 1.481734275817871], [0.9998120665550232, 0.010297108441591263, 0.016426565125584602, -1.63787841796875], [0.0, 0.0, 0.0, 1.0]], [[-0.8437913656234741, -0.536270260810852, -0.020744143053889275, 1.0283203125], [0.024350330233573914, 0.00035689803189598024, -0.9997034072875977, 1.4948835372924805], [0.5361186861991882, -0.8440462946891785, 0.012757210992276669, -1.237060546875], [0.0, 0.0, 0.0, 1.0]], [[0.9478527307510376, 0.318684846162796, 0.003897234331816435, -1.1451034545898438], [-0.0011235101846978068, 0.015569241717457771, -0.9998781085014343, 1.562042236328125], [-0.318706750869751, 0.9477328658103943, 0.01511539425700903, -0.15576171875], [0.0, 0.0, 0.0, 1.0]], [[0.009097271598875523, 0.9999264478683472, 0.008022661320865154, -0.02880859375], [0.0010510748252272606, 0.008013427257537842, -0.9999672770500183, 1.5680875778198242], [-0.9999580979347229, 0.00910539086908102, -0.00097809755243361, 0.017242431640625], [0.0, 0.0, 0.0, 1.0]], [[-0.9237108826637268, 0.38294607400894165, -0.010514234192669392, 1.111328125], [0.005283155012875795, -0.014709235168993473, -0.9998778700828552, 1.5481033325195312], [-0.38305383920669556, -0.9236536026000977, 0.011563917621970177, -0.0635986328125], [0.0, 0.0, 0.0, 1.0]]], "view": [[0.0, -2.0, 100.0], [-2.0, 0.0, 100.0], [0.0, 0.0, 1.0]], "bev": "bev_d597cf6460ff4fafa395a514a4cf1454.png", "aux": "aux_d597cf6460ff4fafa395a514a4cf1454.npz", "visibility": "visibility_d597cf6460ff4fafa395a514a4cf1454.png", "pose": [[0.75718092918396, 0.6532052159309387, 0.0, 754.3681640625], [-0.6532052159309387, 0.75718092918396, 0.0, 1520.1932373046875], [0.0, 0.0, 1.0, 0.0], [0.0, 0.0, 0.0, 1.0]], "pose_inverse": [[0.75718092918396, -0.6532052159309387, 0.0, 421.80499267578125], [0.6532052159309387, 0.75718092918396, 0.0, -1643.8184814453125], [0.0, 0.0, 1.0, 0.0], [0.0, 0.0, 0.0, 1.0]], "cam_ids": [0, 1, 2, 3, 4, 5], "cam_channels": ["CAM_FRONT_LEFT", "CAM_FRONT", "CAM_FRONT_RIGHT", "CAM_BACK_LEFT", "CAM_BACK", "CAM_BACK_RIGHT"], "token": "d597cf6460ff4fafa395a514a4cf1454", "scene": "scene-0104"}, {"images": ["samples/CAM_FRONT_LEFT/n008-2018-08-01-15-16-36-0400__CAM_FRONT_LEFT__1533151672604799.jpg", "samples/CAM_FRONT/n008-2018-08-01-15-16-36-0400__CAM_FRONT__1533151672612404.jpg", "samples/CAM_FRONT_RIGHT/n008-2018-08-01-15-16-36-0400__CAM_FRONT_RIGHT__1533151672620482.jpg", "samples/CAM_BACK_LEFT/n008-2018-08-01-15-16-36-0400__CAM_BACK_LEFT__1533151672647405.jpg", "samples/CAM_BACK/n008-2018-08-01-15-16-36-0400__CAM_BACK__1533151672637558.jpg", "samples/CAM_BACK_RIGHT/n008-2018-08-01-15-16-36-0400__CAM_BACK_RIGHT__1533151672628113.jpg"], "intrinsics": [[[1257.8625342125129, 0.0, 827.2410631095686], [0.0, 1257.8625342125129, 450.915498205774], [0.0, 0.0, 1.0]], [[1252.8131021185304, 0.0, 826.588114781398], [0.0, 1252.8131021185304, 469.9846626224581], [0.0, 0.0, 1.0]], [[1256.7485116440405, 0.0, 817.7887570959712], [0.0, 1256.7485116440403, 451.9541780095127], [0.0, 0.0, 1.0]], [[1254.9860565800168, 0.0, 829.5769333630991], [0.0, 1254.9860565800168, 467.1680561863987], [0.0, 0.0, 1.0]], [[796.8910634503094, 0.0, 857.7774326863696], [0.0, 796.8910634503094, 476.8848988407415], [0.0, 0.0, 1.0]], [[1249.9629280788233, 0.0, 825.3768045375984], [0.0, 1249.9629280788233, 462.54816385708756], [0.0, 0.0, 1.0]]], "extrinsics": [[[0.8227151036262512, -0.5684472322463989, 0.0027498453855514526, -0.882568359375], [0.0166170634329319, 0.019214008003473282, -0.999677300453186, 1.4907360076904297], [0.568211019039154, 0.8224952816963196, 0.025253580883145332, -1.25], [0.0, 0.0, 0.0, 1.0]], [[0.010636316612362862, -0.9998311400413513, -0.014985227026045322, 0.00732421875], [0.01862006075680256, 0.01518151257187128, -0.9997113943099976, 1.4824256896972656], [0.9997699856758118, 0.010354227386415005, 0.018778393045067787, -1.6126708984375], [0.0, 0.0, 0.0, 1.0]], [[-0.8436646461486816, -0.5362377762794495, -0.026056354865431786, 1.01129150390625], [0.02669229917228222, 0.006577592808753252, -0.9996220469474792, 1.4955862760543823], [0.5362064242362976, -0.8440413475036621, 0.008764132857322693, -1.2264404296875], [0.0, 0.0, 0.0, 1.0]], [[0.9477912783622742, 0.3187803328037262, 0.008418566547334194, -1.1412887573242188], [0.0014799049822613597, 0.02200223132967949, -0.9997568130493164, 1.562042236328125], [-0.3188880681991577, 0.947573184967041, 0.020381757989525795, -0.1571044921875], [0.0, 0.0, 0.0, 1.0]], [[0.008982914499938488, 0.9998558163642883, 0.014408341608941555, -0.0286865234375], [0.0035366974771022797, 0.014377063140273094, -0.9998903870582581, 1.568185806274414], [-0.9999534487724304, 0.009032837115228176, -0.0034070401452481747, 0.008209228515625], [0.0, 0.0, 0.0, 1.0]], [[-0.9237272143363953, 0.3829120695590973, -0.01030963659286499, 1.09735107421875], [0.0076674045994877815, -0.008425895124673843, -0.9999350905418396, 1.54833984375], [-0.38297411799430847, -0.9237463474273682, 0.004847288131713867, -0.0694580078125], [0.0, 0.0, 0.0, 1.0]]], "view": [[0.0, -2.0, 100.0], [-2.0, 0.0, 100.0], [0.0, 0.0, 1.0]], "bev": "bev_08ec4b7fcdb5494c8da174770c1d9245.png", "aux": "aux_08ec4b7fcdb5494c8da174770c1d9245.npz", "visibility": "visibility_08ec4b7fcdb5494c8da174770c1d9245.png", "pose": [[0.7576296329498291, 0.6526846885681152, 0.0, 755.5585327148438], [-0.6526846885681152, 0.7576296329498291, 0.0, 1519.1590576171875], [0.0, 0.0, 1.0, 0.0], [0.0, 0.0, 0.0, 1.0]], "pose_inverse": [[0.7576296329498291, -0.6526846885681152, 0.0, 419.0982971191406], [0.6526846885681152, 0.7576296329498291, 0.0, -1644.1014404296875], [0.0, 0.0, 1.0, 0.0], [0.0, 0.0, 0.0, 1.0]], "cam_ids": [0, 1, 2, 3, 4, 5], "cam_channels": ["CAM_FRONT_LEFT", "CAM_FRONT", "CAM_FRONT_RIGHT", "CAM_BACK_LEFT", "CAM_BACK", "CAM_BACK_RIGHT"], "token": "08ec4b7fcdb5494c8da174770c1d9245", "scene": "scene-0104"}, {"images": ["samples/CAM_FRONT_LEFT/n008-2018-08-01-15-16-36-0400__CAM_FRONT_LEFT__1533151673104799.jpg", "samples/CAM_FRONT/n008-2018-08-01-15-16-36-0400__CAM_FRONT__1533151673112404.jpg", "samples/CAM_FRONT_RIGHT/n008-2018-08-01-15-16-36-0400__CAM_FRONT_RIGHT__1533151673120482.jpg", "samples/CAM_BACK_LEFT/n008-2018-08-01-15-16-36-0400__CAM_BACK_LEFT__1533151673147405.jpg", "samples/CAM_BACK/n008-2018-08-01-15-16-36-0400__CAM_BACK__1533151673137558.jpg", "samples/CAM_BACK_RIGHT/n008-2018-08-01-15-16-36-0400__CAM_BACK_RIGHT__1533151673128113.jpg"], "intrinsics": [[[1257.8625342125129, 0.0, 827.2410631095686], [0.0, 1257.8625342125129, 450.915498205774], [0.0, 0.0, 1.0]], [[1252.8131021185304, 0.0, 826.588114781398], [0.0, 1252.8131021185304, 469.9846626224581], [0.0, 0.0, 1.0]], [[1256.7485116440405, 0.0, 817.7887570959712], [0.0, 1256.7485116440403, 451.9541780095127], [0.0, 0.0, 1.0]], [[1254.9860565800168, 0.0, 829.5769333630991], [0.0, 1254.9860565800168, 467.1680561863987], [0.0, 0.0, 1.0]], [[796.8910634503094, 0.0, 857.7774326863696], [0.0, 796.8910634503094, 476.8848988407415], [0.0, 0.0, 1.0]], [[1249.9629280788233, 0.0, 825.3768045375984], [0.0, 1249.9629280788233, 462.54816385708756], [0.0, 0.0, 1.0]]], "extrinsics": [[[0.822595477104187, -0.5686085224151611, 0.0045853545889258385, -0.86865234375], [0.021682534366846085, 0.023307643830776215, -0.9994931817054749, 1.491851806640625], [0.5682134628295898, 0.8222780227661133, 0.031501639634370804, -1.240478515625], [0.0, 0.0, 0.0, 1.0]], [[0.010577806271612644, -0.9997614622116089, -0.01910535804927349, 0.0076904296875], [0.023626822978258133, 0.01935098133981228, -0.9995335340499878, 1.4833488464355469], [0.999664843082428, 0.010121525265276432, 0.023825878277420998, -1.599273681640625], [0.0, 0.0, 0.0, 1.0]], [[-0.8435767889022827, -0.5360237956047058, -0.032508790493011475, 1.00335693359375], [0.03163585439324379, 0.010826638899743557, -0.9994407892227173, 1.4963493347167969], [0.5360759496688843, -0.8441335558891296, 0.007824468426406384, -1.221435546875], [0.0, 0.0, 0.0, 1.0]], [[0.9477813243865967, 0.318599134683609, 0.014326115138828754, -1.146240234375], [0.006232558749616146, 0.026408540084958076, -0.9996318221092224, 1.5620307922363281], [-0.3188602030277252, 0.9475215673446655, 0.023043831810355186, -0.1552734375], [0.0, 0.0, 0.0, 1.0]], [[0.008942024782299995, 0.9997828006744385, 0.01882430538535118, -0.0286865234375], [0.008388884365558624, 0.018749389797449112, -0.9997889995574951, 1.5683670043945312], [-0.9999248385429382, 0.009098160080611706, -0.008219406940042973, 0.007354736328125], [0.0, 0.0, 0.0, 1.0]], [[-0.9236427545547485, 0.38302695751190186, -0.013206008821725845, 1.0921630859375], [0.012592421844601631, -0.004109242465347052, -0.9999122619628906, 1.5487451553344727], [-0.383047491312027, -0.9237280488014221, -0.0010277647525072098, -0.0716552734375], [0.0, 0.0, 0.0, 1.0]]], "view": [[0.0, -2.0, 100.0], [-2.0, 0.0, 100.0], [0.0, 0.0, 1.0]], "bev": "bev_ba0f5725ccc141f692bcf26d28af5e3b.png", "aux": "aux_ba0f5725ccc141f692bcf26d28af5e3b.npz", "visibility": "visibility_ba0f5725ccc141f692bcf26d28af5e3b.png", "pose": [[0.7583519220352173, 0.6518453359603882, 0.0, 756.9300537109375], [-0.6518453359603882, 0.7583519220352173, 0.0, 1517.9639892578125], [0.0, 0.0, 1.0, 0.0], [0.0, 0.0, 0.0, 1.0]], "pose_inverse": [[0.7583519220352173, -0.6518453359603882, 0.0, 415.4583740234375], [0.6518453359603882, 0.7583519220352173, 0.0, -1644.55224609375], [0.0, 0.0, 1.0, 0.0], [0.0, 0.0, 0.0, 1.0]], "cam_ids": [0, 1, 2, 3, 4, 5], "cam_channels": ["CAM_FRONT_LEFT", "CAM_FRONT", "CAM_FRONT_RIGHT", "CAM_BACK_LEFT", "CAM_BACK", "CAM_BACK_RIGHT"], "token": "ba0f5725ccc141f692bcf26d28af5e3b", "scene": "scene-0104"}, {"images": ["samples/CAM_FRONT_LEFT/n008-2018-08-01-15-16-36-0400__CAM_FRONT_LEFT__1533151673654799.jpg", "samples/CAM_FRONT/n008-2018-08-01-15-16-36-0400__CAM_FRONT__1533151673662404.jpg", "samples/CAM_FRONT_RIGHT/n008-2018-08-01-15-16-36-0400__CAM_FRONT_RIGHT__1533151673670482.jpg", "samples/CAM_BACK_LEFT/n008-2018-08-01-15-16-36-0400__CAM_BACK_LEFT__1533151673697405.jpg", "samples/CAM_BACK/n008-2018-08-01-15-16-36-0400__CAM_BACK__1533151673687558.jpg", "samples/CAM_BACK_RIGHT/n008-2018-08-01-15-16-36-0400__CAM_BACK_RIGHT__1533151673678113.jpg"], "intrinsics": [[[1257.8625342125129, 0.0, 827.2410631095686], [0.0, 1257.8625342125129, 450.915498205774], [0.0, 0.0, 1.0]], [[1252.8131021185304, 0.0, 826.588114781398], [0.0, 1252.8131021185304, 469.9846626224581], [0.0, 0.0, 1.0]], [[1256.7485116440405, 0.0, 817.7887570959712], [0.0, 1256.7485116440403, 451.9541780095127], [0.0, 0.0, 1.0]], [[1254.9860565800168, 0.0, 829.5769333630991], [0.0, 1254.9860565800168, 467.1680561863987], [0.0, 0.0, 1.0]], [[796.8910634503094, 0.0, 857.7774326863696], [0.0, 796.8910634503094, 476.8848988407415], [0.0, 0.0, 1.0]], [[1249.9629280788233, 0.0, 825.3768045375984], [0.0, 1249.9629280788233, 462.54816385708756], [0.0, 0.0, 1.0]]], "extrinsics": [[[0.8226345181465149, -0.5685566663742065, 0.00397254666313529, -0.8489990234375], [0.022184746339917183, 0.025115568190813065, -0.9994383454322815, 1.4924259185791016], [0.5681375861167908, 0.8222606182098389, 0.033274222165346146, -1.2279052734375], [0.0, 0.0, 0.0, 1.0]], [[0.010643822140991688, -0.9997277855873108, -0.020761899650096893, 0.0084228515625], [0.02407251112163067, 0.02101324126124382, -0.9994893670082092, 1.4838542938232422], [0.9996535181999207, 0.010138602927327156, 0.02428961917757988, -1.5802001953125], [0.0, 0.0, 0.0, 1.0]], [[-0.8435449600219727, -0.5360032320022583, -0.033651165664196014, 0.990966796875], [0.0320298932492733, 0.012337012216448784, -0.9994107484817505, 1.496863842010498], [0.5361025929450989, -0.8441257476806641, 0.006761303637176752, -1.2127685546875], [0.0, 0.0, 0.0, 1.0]], [[0.9477717280387878, 0.3185950219631195, 0.015037075616419315, -1.14459228515625], [0.006506805308163166, 0.027822067961096764, -0.9995917081832886, 1.5620384216308594], [-0.3188832402229309, 0.9474825263023376, 0.024295933544635773, -0.1558837890625], [0.0, 0.0, 0.0, 1.0]], [[0.008926264941692352, 0.9997556209564209, 0.020222419872879982, -0.0289306640625], [0.008657051250338554, 0.020145205780863762, -0.9997595548629761, 1.5684280395507812], [-0.9999226927757263, 0.009099239483475685, -0.008475116454064846, 0.001190185546875], [0.0, 0.0, 0.0, 1.0]], [[-0.9236448407173157, 0.38303062319755554, -0.012947668321430683, 1.08160400390625], [0.012911500409245491, -0.0026653294917196035, -0.9999130964279175, 1.548914909362793], [-0.38303178548812866, -0.923731803894043, -0.0024836810771375895, -0.07568359375], [0.0, 0.0, 0.0, 1.0]]], "view": [[0.0, -2.0, 100.0], [-2.0, 0.0, 100.0], [0.0, 0.0, 1.0]], "bev": "bev_0f512a2cf5e24a84bb7a13774295ece8.png", "aux": "aux_0f512a2cf5e24a84bb7a13774295ece8.npz", "visibility": "visibility_0f512a2cf5e24a84bb7a13774295ece8.png", "pose": [[0.7581965327262878, 0.6520260572433472, 0.0, 758.6798095703125], [-0.6520260572433472, 0.7581965327262878, 0.0, 1516.4268798828125], [0.0, 0.0, 1.0, 0.0], [0.0, 0.0, 0.0, 1.0]], "pose_inverse": [[0.7581965327262878, -0.6520260572433472, 0.0, 413.52142333984375], [0.6520260572433472, 0.7581965327262878, 0.0, -1644.4285888671875], [0.0, 0.0, 1.0, 0.0], [0.0, 0.0, 0.0, 1.0]], "cam_ids": [0, 1, 2, 3, 4, 5], "cam_channels": ["CAM_FRONT_LEFT", "CAM_FRONT", "CAM_FRONT_RIGHT", "CAM_BACK_LEFT", "CAM_BACK", "CAM_BACK_RIGHT"], "token": "0f512a2cf5e24a84bb7a13774295ece8", "scene": "scene-0104"}, {"images": ["samples/CAM_FRONT_LEFT/n008-2018-08-01-15-16-36-0400__CAM_FRONT_LEFT__1533151674154799.jpg", "samples/CAM_FRONT/n008-2018-08-01-15-16-36-0400__CAM_FRONT__1533151674162404.jpg", "samples/CAM_FRONT_RIGHT/n008-2018-08-01-15-16-36-0400__CAM_FRONT_RIGHT__1533151674170482.jpg", "samples/CAM_BACK_LEFT/n008-2018-08-01-15-16-36-0400__CAM_BACK_LEFT__1533151674197405.jpg", "samples/CAM_BACK/n008-2018-08-01-15-16-36-0400__CAM_BACK__1533151674187558.jpg", "samples/CAM_BACK_RIGHT/n008-2018-08-01-15-16-36-0400__CAM_BACK_RIGHT__1533151674178113.jpg"], "intrinsics": [[[1257.8625342125129, 0.0, 827.2410631095686], [0.0, 1257.8625342125129, 450.915498205774], [0.0, 0.0, 1.0]], [[1252.8131021185304, 0.0, 826.588114781398], [0.0, 1252.8131021185304, 469.9846626224581], [0.0, 0.0, 1.0]], [[1256.7485116440405, 0.0, 817.7887570959712], [0.0, 1256.7485116440403, 451.9541780095127], [0.0, 0.0, 1.0]], [[1254.9860565800168, 0.0, 829.5769333630991], [0.0, 1254.9860565800168, 467.1680561863987], [0.0, 0.0, 1.0]], [[796.8910634503094, 0.0, 857.7774326863696], [0.0, 796.8910634503094, 476.8848988407415], [0.0, 0.0, 1.0]], [[1249.9629280788233, 0.0, 825.3768045375984], [0.0, 1249.9629280788233, 462.54816385708756], [0.0, 0.0, 1.0]]], "extrinsics": [[[0.8224742412567139, -0.5688024759292603, -0.0002032587508438155, -0.8231201171875], [0.01757197640836239, 0.025765812024474144, -0.9995135068893433, 1.4921188354492188], [0.5685310363769531, 0.8220704793930054, 0.031186696141958237, -1.209716796875], [0.0, 0.0, 0.0, 1.0]], [[0.01032093446701765, -0.9997143149375916, -0.021558133885264397, 0.0086669921875], [0.019426479935646057, 0.021755678579211235, -0.9995745420455933, 1.4836368560791016], [0.9997580051422119, 0.009897741489112377, 0.01964546926319599, -1.554412841796875], [0.0, 0.0, 0.0, 1.0]], [[-0.8437788486480713, -0.5358418226242065, -0.03017902374267578, 0.97454833984375], [0.027382289990782738, 0.013176445849239826, -0.9995381236076355, 1.4968481063842773], [0.5359920263290405, -0.8442155718803406, 0.003554568625986576, -1.202392578125], [0.0, 0.0, 0.0, 1.0]], [[0.9478356242179871, 0.31857019662857056, 0.010980891063809395, -1.145263671875], [0.0017867806600406766, 0.02913842909038067, -0.9995737671852112, 1.562042236328125], [-0.3187543749809265, 0.9474512934684753, 0.027049224823713303, -0.15576171875], [0.0, 0.0, 0.0, 1.0]], [[0.009076065383851528, 0.9997316598892212, 0.021317820996046066, -0.028564453125], [0.00401665735989809, 0.021282078698277473, -0.9997653961181641, 1.5682563781738281], [-0.9999508261680603, 0.009159507229924202, -0.0038224211893975735, -0.0054931640625], [0.0, 0.0, 0.0, 1.0]], [[-0.9236548542976379, 0.38313570618629456, -0.008290638215839863, 1.06915283203125], [0.008269860409200191, -0.0017013485776260495, -0.9999643564224243, 1.548630714416504], [-0.3831360638141632, -0.9236904978752136, -0.0015970179811120033, -0.080810546875], [0.0, 0.0, 0.0, 1.0]]], "view": [[0.0, -2.0, 100.0], [-2.0, 0.0, 100.0], [0.0, 0.0, 1.0]], "bev": "bev_115f9017609d4716a72ab019458777c3.png", "aux": "aux_115f9017609d4716a72ab019458777c3.npz", "visibility": "visibility_115f9017609d4716a72ab019458777c3.png", "pose": [[0.758492112159729, 0.6516822576522827, 0.0, 760.5573120117188], [-0.6516822576522827, 0.758492112159729, 0.0, 1514.7781982421875], [0.0, 0.0, 1.0, 0.0], [0.0, 0.0, 0.0, 1.0]], "pose_inverse": [[0.758492112159729, -0.6516822576522827, 0.0, 410.27734375], [0.6516822576522827, 0.758492112159729, 0.0, -1644.5889892578125], [0.0, 0.0, 1.0, 0.0], [0.0, 0.0, 0.0, 1.0]], "cam_ids": [0, 1, 2, 3, 4, 5], "cam_channels": ["CAM_FRONT_LEFT", "CAM_FRONT", "CAM_FRONT_RIGHT", "CAM_BACK_LEFT", "CAM_BACK", "CAM_BACK_RIGHT"], "token": "115f9017609d4716a72ab019458777c3", "scene": "scene-0104"}, {"images": ["samples/CAM_FRONT_LEFT/n008-2018-08-01-15-16-36-0400__CAM_FRONT_LEFT__1533151674654799.jpg", "samples/CAM_FRONT/n008-2018-08-01-15-16-36-0400__CAM_FRONT__1533151674662404.jpg", "samples/CAM_FRONT_RIGHT/n008-2018-08-01-15-16-36-0400__CAM_FRONT_RIGHT__1533151674670482.jpg", "samples/CAM_BACK_LEFT/n008-2018-08-01-15-16-36-0400__CAM_BACK_LEFT__1533151674697405.jpg", "samples/CAM_BACK/n008-2018-08-01-15-16-36-0400__CAM_BACK__1533151674687558.jpg", "samples/CAM_BACK_RIGHT/n008-2018-08-01-15-16-36-0400__CAM_BACK_RIGHT__1533151674678113.jpg"], "intrinsics": [[[1257.8625342125129, 0.0, 827.2410631095686], [0.0, 1257.8625342125129, 450.915498205774], [0.0, 0.0, 1.0]], [[1252.8131021185304, 0.0, 826.588114781398], [0.0, 1252.8131021185304, 469.9846626224581], [0.0, 0.0, 1.0]], [[1256.7485116440405, 0.0, 817.7887570959712], [0.0, 1256.7485116440403, 451.9541780095127], [0.0, 0.0, 1.0]], [[1254.9860565800168, 0.0, 829.5769333630991], [0.0, 1254.9860565800168, 467.1680561863987], [0.0, 0.0, 1.0]], [[796.8910634503094, 0.0, 857.7774326863696], [0.0, 796.8910634503094, 476.8848988407415], [0.0, 0.0, 1.0]], [[1249.9629280788233, 0.0, 825.3768045375984], [0.0, 1249.9629280788233, 462.54816385708756], [0.0, 0.0, 1.0]]], "extrinsics": [[[0.8227155208587646, -0.5684521794319153, -0.001079528359696269, -0.8055419921875], [0.01668482832610607, 0.02604595571756363, -0.9995214939117432, 1.4922828674316406], [0.5682082176208496, 0.822303831577301, 0.030912941321730614, -1.1976318359375], [0.0, 0.0, 0.0, 1.0]], [[0.01064897421747446, -0.9997045993804932, -0.02184550277888775, 0.0086669921875], [0.018689434975385666, 0.022041909396648407, -0.9995823502540588, 1.4838447570800781], [0.9997685551643372, 0.010236225090920925, 0.018918639048933983, -1.536468505859375], [0.0, 0.0, 0.0, 1.0]], [[-0.843651533126831, -0.5360606908798218, -0.02984992042183876, 0.96234130859375], [0.026803933084011078, 0.013474786654114723, -0.9995498657226562, 1.497152328491211], [0.5362216830253601, -0.8440718650817871, 0.003000509925186634, -1.19482421875], [0.0, 0.0, 0.0, 1.0]], [[0.9478358626365662, 0.31857529282569885, 0.010809403844177723, -1.1430511474609375], [0.0015726735582575202, 0.02923683077096939, -0.9995712637901306, 1.5620498657226562], [-0.31875482201576233, 0.9474465250968933, 0.02721070498228073, -0.15625], [0.0, 0.0, 0.0, 1.0]], [[0.008982782252132893, 0.9997283816337585, 0.021504171192646027, -0.028564453125], [0.0036597775761038065, 0.0214720256626606, -0.9997627139091492, 1.5682601928710938], [-0.9999529123306274, 0.009059357456