[{"images": ["samples/CAM_FRONT_LEFT/n015-2018-11-14-19-09-14+0800__CAM_FRONT_LEFT__1542193832104844.jpg", "samples/CAM_FRONT/n015-2018-11-14-19-09-14+0800__CAM_FRONT__1542193832112460.jpg", "samples/CAM_FRONT_RIGHT/n015-2018-11-14-19-09-14+0800__CAM_FRONT_RIGHT__1542193832120339.jpg", "samples/CAM_BACK_LEFT/n015-2018-11-14-19-09-14+0800__CAM_BACK_LEFT__1542193832147423.jpg", "samples/CAM_BACK/n015-2018-11-14-19-09-14+0800__CAM_BACK__1542193832137525.jpg", "samples/CAM_BACK_RIGHT/n015-2018-11-14-19-09-14+0800__CAM_BACK_RIGHT__1542193832127893.jpg"], "intrinsics": [[[1272.5979470598488, 0.0, 826.6154927353808], [0.0, 1272.5979470598488, 479.75165386361925], [0.0, 0.0, 1.0]], [[1266.417203046554, 0.0, 816.2670197447984], [0.0, 1266.417203046554, 491.50706579294757], [0.0, 0.0, 1.0]], [[1260.8474446004698, 0.0, 807.968244525554], [0.0, 1260.8474446004698, 495.3344268742088], [0.0, 0.0, 1.0]], [[1256.7414812095406, 0.0, 792.1125740759628], [0.0, 1256.7414812095406, 492.7757465151356], [0.0, 0.0, 1.0]], [[809.2209905677063, 0.0, 829.2196003259838], [0.0, 809.2209905677063, 481.77842384512485], [0.0, 0.0, 1.0]], [[1259.5137405846733, 0.0, 807.2529053838625], [0.0, 1259.5137405846733, 501.19579884916527], [0.0, 0.0, 1.0]]], "extrinsics": [[[0.8207902312278748, -0.5711110234260559, -0.01164381206035614, -0.6915969848632812], [-0.0024021605495363474, 0.01693267747759819, -0.9998537302017212, 1.5074081420898438], [0.571224570274353, 0.8206981420516968, 0.012526276521384716, -1.09326171875], [0.0, 0.0, 0.0, 1.0]], [[0.0057393335737288, -0.9998996257781982, -0.012952500954270363, 0.0086669921875], [-0.007973525673151016, 0.012906543910503387, -0.9998849034309387, 1.5183343887329102], [0.9999517202377319, 0.005841938778758049, -0.007898650132119656, -1.419921875], [0.0, 0.0, 0.0, 1.0]], [[-0.8329291939735413, -0.5531896948814392, -0.014492882415652275, 0.857177734375], [-0.0026331564877182245, 0.030151456594467163, -0.9995418190956116, 1.5030364990234375], [0.5533732175827026, -0.832509458065033, -0.02657066471874714, -1.1304931640625], [0.0, 0.0, 0.0, 1.0]], [[0.9477734565734863, 0.3189140260219574, 0.004378803074359894, -1.1400146484375], [0.004577103070914745, 0.0001276190741918981, -0.9999895095825195, 1.5885658264160156], [-0.31891122460365295, 0.9477836489677429, -0.0013387486105784774, -0.1044921875], [0.0, 0.0, 0.0, 1.0]], [[0.002395862713456154, 0.999947726726532, 0.009942368604242802, 0.00244140625], [-0.02011479251086712, 0.009988576173782349, -0.9997478127479553, 1.5777783393859863], [-0.9997947216033936, 0.0021952809765934944, 0.020137669518589973, -0.07666015625], [0.0, 0.0, 0.0, 1.0]], [[-0.9348126649856567, 0.3551267087459564, -0.0031876321882009506, 0.993011474609375], [0.01297703292220831, 0.025187460705637932, -0.999598503112793, 1.5533943176269531], [-0.3549038767814636, -0.934478759765625, -0.028154050931334496, -0.11669921875], [0.0, 0.0, 0.0, 1.0]]], "view": [[0.0, -2.0, 100.0], [-2.0, 0.0, 100.0], [0.0, 0.0, 1.0]], "bev": "bev_9733299c72954c6fbc697891a7329622.png", "aux": "aux_9733299c72954c6fbc697891a7329622.npz", "visibility": "visibility_9733299c72954c6fbc697891a7329622.png", "pose": [[-0.9969364404678345, -0.07821578532457352, 0.0, 1240.320068359375], [0.07821578532457352, -0.9969364404678345, 0.0, 1636.11474609375], [0.0, 0.0, 1.0, 0.0], [0.0, 0.0, 0.0, 1.0]], "pose_inverse": [[-0.9969364404678345, 0.07821578532457352, 0.0, 1108.55029296875], [-0.07821578532457352, -0.9969364404678345, 0.0, 1728.114990234375], [0.0, 0.0, 1.0, 0.0], [0.0, 0.0, 0.0, 1.0]], "cam_ids": [0, 1, 2, 3, 4, 5], "cam_channels": ["CAM_FRONT_LEFT", "CAM_FRONT", "CAM_FRONT_RIGHT", "CAM_BACK_LEFT", "CAM_BACK", "CAM_BACK_RIGHT"], "token": "9733299c72954c6fbc697891a7329622", "scene": "scene-1013"}, {"images": ["samples/CAM_FRONT_LEFT/n015-2018-11-14-19-09-14+0800__CAM_FRONT_LEFT__1542193832604844.jpg", "samples/CAM_FRONT/n015-2018-11-14-19-09-14+0800__CAM_FRONT__1542193832612460.jpg", "samples/CAM_FRONT_RIGHT/n015-2018-11-14-19-09-14+0800__CAM_FRONT_RIGHT__1542193832620339.jpg", "samples/CAM_BACK_LEFT/n015-2018-11-14-19-09-14+0800__CAM_BACK_LEFT__1542193832647423.jpg", "samples/CAM_BACK/n015-2018-11-14-19-09-14+0800__CAM_BACK__1542193832637525.jpg", "samples/CAM_BACK_RIGHT/n015-2018-11-14-19-09-14+0800__CAM_BACK_RIGHT__1542193832627893.jpg"], "intrinsics": [[[1272.5979470598488, 0.0, 826.6154927353808], [0.0, 1272.5979470598488, 479.75165386361925], [0.0, 0.0, 1.0]], [[1266.417203046554, 0.0, 816.2670197447984], [0.0, 1266.417203046554, 491.50706579294757], [0.0, 0.0, 1.0]], [[1260.8474446004698, 0.0, 807.968244525554], [0.0, 1260.8474446004698, 495.3344268742088], [0.0, 0.0, 1.0]], [[1256.7414812095406, 0.0, 792.1125740759628], [0.0, 1256.7414812095406, 492.7757465151356], [0.0, 0.0, 1.0]], [[809.2209905677063, 0.0, 829.2196003259838], [0.0, 809.2209905677063, 481.77842384512485], [0.0, 0.0, 1.0]], [[1259.5137405846733, 0.0, 807.2529053838625], [0.0, 1259.5137405846733, 501.19579884916527], [0.0, 0.0, 1.0]]], "extrinsics": [[[0.821166455745697, -0.5706552267074585, -0.006186724174767733, -0.6896743774414062], [0.003895055502653122, 0.01644483022391796, -0.9998571872711182, 1.5094833374023438], [0.5706754922866821, 0.821025013923645, 0.01572667621076107, -1.09326171875], [0.0, 0.0, 0.0, 1.0]], [[0.006256631575524807, -0.9999033808708191, -0.012411789037287235, 0.0096435546875], [-0.0015504207694903016, 0.01240231841802597, -0.9999219179153442, 1.5200729370117188], [0.9999791979789734, 0.006275392137467861, -0.0014726741937920451, -1.4188232421875], [0.0, 0.0, 0.0, 1.0]], [[-0.832647442817688, -0.5534541010856628, -0.01966615580022335, 0.857177734375], [0.003909906838089228, 0.02963532879948616, -0.9995531439781189, 1.5044021606445312], [0.5537896156311035, -0.8323522806167603, -0.02251182496547699, -1.12945556640625], [0.0, 0.0, 0.0, 1.0]], [[0.9477684497833252, 0.318764328956604, 0.011151084676384926, -1.1436767578125], [0.011990445666015148, -0.0006709836889058352, -0.9999278783798218, 1.5885400772094727], [-0.3187338411808014, 0.9478338360786438, -0.004458063282072544, -0.1033935546875], [0.0, 0.0, 0.0, 1.0]], [[0.002280372427776456, 0.999954879283905, 0.009229805320501328, 0.0020751953125], [-0.013174796476960182, 0.009259071201086044, -0.9998703598976135, 1.578320860862732], [-0.9999105930328369, 0.0021584895439445972, 0.013195313513278961, -0.076171875], [0.0, 0.0, 0.0, 1.0]], [[-0.9348384737968445, 0.3549426198005676, -0.00963255763053894, 0.992401123046875], [0.01964617520570755, 0.02461867779493332, -0.9995038509368896, 1.554412841796875], [-0.35452941060066223, -0.9345638751983643, -0.029987750574946404, -0.1163330078125], [0.0, 0.0, 0.0, 1.0]]], "view": [[0.0, -2.0, 100.0], [-2.0, 0.0, 100.0], [0.0, 0.0, 1.0]], "bev": "bev_8928669895174b1ea5ba9d3ecb83020b.png", "aux": "aux_8928669895174b1ea5ba9d3ecb83020b.npz", "visibility": "visibility_8928669895174b1ea5ba9d3ecb83020b.png", "pose": [[-0.9968843460083008, -0.0788772702217102, 0.0, 1236.4246826171875], [0.0788772702217102, -0.9968843460083008, 0.0, 1636.44091796875], [0.0, 0.0, 1.0, 0.0], [0.0, 0.0, 0.0, 1.0]], "pose_inverse": [[-0.9968843460083008, 0.0788772702217102, 0.0, 1103.494384765625], [-0.0788772702217102, -0.9968843460083008, 0.0, 1728.8681640625], [0.0, 0.0, 1.0, 0.0], [0.0, 0.0, 0.0, 1.0]], "cam_ids": [0, 1, 2, 3, 4, 5], "cam_channels": ["CAM_FRONT_LEFT", "CAM_FRONT", "CAM_FRONT_RIGHT", "CAM_BACK_LEFT", "CAM_BACK", "CAM_BACK_RIGHT"], "token": "8928669895174b1ea5ba9d3ecb83020b", "scene": "scene-1013"}, {"images": ["samples/CAM_FRONT_LEFT/n015-2018-11-14-19-09-14+0800__CAM_FRONT_LEFT__1542193833154844.jpg", "samples/CAM_FRONT/n015-2018-11-14-19-09-14+0800__CAM_FRONT__1542193833162460.jpg", "samples/CAM_FRONT_RIGHT/n015-2018-11-14-19-09-14+0800__CAM_FRONT_RIGHT__1542193833170339.jpg", "samples/CAM_BACK_LEFT/n015-2018-11-14-19-09-14+0800__CAM_BACK_LEFT__1542193833197423.jpg", "samples/CAM_BACK/n015-2018-11-14-19-09-14+0800__CAM_BACK__1542193833187525.jpg", "samples/CAM_BACK_RIGHT/n015-2018-11-14-19-09-14+0800__CAM_BACK_RIGHT__1542193833177893.jpg"], "intrinsics": [[[1272.5979470598488, 0.0, 826.6154927353808], [0.0, 1272.5979470598488, 479.75165386361925], [0.0, 0.0, 1.0]], [[1266.417203046554, 0.0, 816.2670197447984], [0.0, 1266.417203046554, 491.50706579294757], [0.0, 0.0, 1.0]], [[1260.8474446004698, 0.0, 807.968244525554], [0.0, 1260.8474446004698, 495.3344268742088], [0.0, 0.0, 1.0]], [[1256.7414812095406, 0.0, 792.1125740759628], [0.0, 1256.7414812095406, 492.7757465151356], [0.0, 0.0, 1.0]], [[809.2209905677063, 0.0, 829.2196003259838], [0.0, 809.2209905677063, 481.77842384512485], [0.0, 0.0, 1.0]], [[1259.5137405846733, 0.0, 807.2529053838625], [0.0, 1259.5137405846733, 501.19579884916527], [0.0, 0.0, 1.0]]], "extrinsics": [[[0.8218265175819397, -0.5696927905082703, -0.0071723442524671555, -0.7035598754882812], [0.0031456092838197947, 0.017125725746154785, -0.9998483657836914, 1.5092010498046875], [0.569729208946228, 0.8216792941093445, 0.01586640626192093, -1.1019287109375], [0.0, 0.0, 0.0, 1.0]], [[0.007238819729536772, -0.9998880624771118, -0.013097434304654598, 0.009033203125], [-0.0021524433977901936, 0.013082168065011501, -0.9999121427536011, 1.5199451446533203], [0.9999714493751526, 0.007266364526003599, -0.0020575025118887424, -1.43212890625], [0.0, 0.0, 0.0, 1.0]], [[-0.8321618437767029, -0.5541833639144897, -0.019687216728925705, 0.86474609375], [0.003447216236963868, 0.030331842601299286, -0.9995338916778564, 1.5042915344238281], [0.5545222163200378, -0.8318418860435486, -0.023330610245466232, -1.13494873046875], [0.0, 0.0, 0.0, 1.0]], [[0.947579562664032, 0.31931087374687195, 0.011559595353901386, -1.1376953125], [0.012173661962151527, 7.273941446328536e-05, -0.9999258518218994, 1.5886163711547852], [-0.3192880153656006, 0.9476500749588013, -0.0038182565476745367, -0.1058349609375], [0.0, 0.0, 0.0, 1.0]], [[0.0016314074164256454, 0.9999486207962036, 0.010012040846049786, 0.001953125], [-0.013256984762847424, 0.010032801888883114, -0.9998618364334106, 1.5783231258392334], [-0.999910831451416, 0.0014984668232500553, 0.013272669166326523, -0.075439453125], [0.0, 0.0, 0.0, 1.0]], [[-0.9351199865341187, 0.35421425104141235, -0.009110973216593266, 0.997833251953125], [0.019347013905644417, 0.02536725252866745, -0.9994909763336182, 1.5542755126953125], [-0.3538028299808502, -0.9348202347755432, -0.030574411153793335, -0.114501953125], [0.0, 0.0, 0.0, 1.0]]], "view": [[0.0, -2.0, 100.0], [-2.0, 0.0, 100.0], [0.0, 0.0, 1.0]], "bev": "bev_e5e8907e7dca4f6ea8b73a03918492fa.png", "aux": "aux_e5e8907e7dca4f6ea8b73a03918492fa.npz", "visibility": "visibility_e5e8907e7dca4f6ea8b73a03918492fa.png", "pose": [[-0.9959756135940552, -0.08962495625019073, 0.0, 1232.2716064453125], [0.08962495625019073, -0.9959756135940552, 0.0, 1636.8172607421875], [0.0, 0.0, 1.0, 0.0], [0.0, 0.0, 0.0, 1.0]], "pose_inverse": [[-0.9959756135940552, 0.08962495625019073, 0.0, 1080.61279296875], [-0.08962495625019073, -0.9959756135940552, 0.0, 1740.67236328125], [0.0, 0.0, 1.0, 0.0], [0.0, 0.0, 0.0, 1.0]], "cam_ids": [0, 1, 2, 3, 4, 5], "cam_channels": ["CAM_FRONT_LEFT", "CAM_FRONT", "CAM_FRONT_RIGHT", "CAM_BACK_LEFT", "CAM_BACK", "CAM_BACK_RIGHT"], "token": "e5e8907e7dca4f6ea8b73a03918492fa", "scene": "scene-1013"}, {"images": ["samples/CAM_FRONT_LEFT/n015-2018-11-14-19-09-14+0800__CAM_FRONT_LEFT__1542193833654844.jpg", "samples/CAM_FRONT/n015-2018-11-14-19-09-14+0800__CAM_FRONT__1542193833662460.jpg", "samples/CAM_FRONT_RIGHT/n015-2018-11-14-19-09-14+0800__CAM_FRONT_RIGHT__1542193833670339.jpg", "samples/CAM_BACK_LEFT/n015-2018-11-14-19-09-14+0800__CAM_BACK_LEFT__1542193833697423.jpg", "samples/CAM_BACK/n015-2018-11-14-19-09-14+0800__CAM_BACK__1542193833687525.jpg", "samples/CAM_BACK_RIGHT/n015-2018-11-14-19-09-14+0800__CAM_BACK_RIGHT__1542193833677893.jpg"], "intrinsics": [[[1272.5979470598488, 0.0, 826.6154927353808], [0.0, 1272.5979470598488, 479.75165386361925], [0.0, 0.0, 1.0]], [[1266.417203046554, 0.0, 816.2670197447984], [0.0, 1266.417203046554, 491.50706579294757], [0.0, 0.0, 1.0]], [[1260.8474446004698, 0.0, 807.968244525554], [0.0, 1260.8474446004698, 495.3344268742088], [0.0, 0.0, 1.0]], [[1256.7414812095406, 0.0, 792.1125740759628], [0.0, 1256.7414812095406, 492.7757465151356], [0.0, 0.0, 1.0]], [[809.2209905677063, 0.0, 829.2196003259838], [0.0, 809.2209905677063, 481.77842384512485], [0.0, 0.0, 1.0]], [[1259.5137405846733, 0.0, 807.2529053838625], [0.0, 1259.5137405846733, 501.19579884916527], [0.0, 0.0, 1.0]]], "extrinsics": [[[0.8214384317398071, -0.5702704787254333, -0.0055254059843719006, -0.6949920654296875], [0.004764290992170572, 0.01655031554400921, -0.9998517036437988, 1.509796142578125], [0.5702773332595825, 0.8212902545928955, 0.016312001273036003, -1.0941162109375], [0.0, 0.0, 0.0, 1.0]], [[0.006648320704698563, -0.9999003410339355, -0.012453452683985233, 0.007568359375], [-0.0004970570444129407, 0.01245042309165001, -0.9999223947525024, 1.5203895568847656], [0.9999777674674988, 0.006654004566371441, -0.00041423345101065934, -1.422119140625], [0.0, 0.0, 0.0, 1.0]], [[-0.8324548006057739, -0.5537059903144836, -0.020700819790363312, 0.8572998046875], [0.005153656471520662, 0.029620906338095665, -0.9995478391647339, 1.5047035217285156], [0.554068922996521, -0.8321852087974548, -0.021804455667734146, -1.13134765625], [0.0, 0.0, 0.0, 1.0]], [[0.9477478265762329, 0.31875771284103394, 0.01294778473675251, -1.1324462890625], [0.01397961936891079, -0.0009494320838712156, -0.9999018311500549, 1.5886964797973633], [-0.31871411204338074, 0.9478357434272766, -0.005355932749807835, -0.1068115234375], [0.0, 0.0, 0.0, 1.0]], [[0.0021916907280683517, 0.9999558925628662, 0.00913213286548853, 0.002685546875], [-0.011500553227961063, 0.009156754240393639, -0.9998919367790222, 1.5784106254577637], [-0.9999313950538635, 0.0020864263642579317, 0.011520112864673138, -0.0806884765625], [0.0, 0.0, 0.0, 1.0]], [[-0.9349002838134766, 0.3547397553920746, -0.011005447246134281, 0.99285888671875], [0.02108975686132908, 0.024573352187871933, -0.9994755387306213, 1.5546722412109375], [-0.35428330302238464, -0.9346420764923096, -0.030455011874437332, -0.1175537109375], [0.0, 0.0, 0.0, 1.0]]], "view": [[0.0, -2.0, 100.0], [-2.0, 0.0, 100.0], [0.0, 0.0, 1.0]], "bev": "bev_3a1fadfc6bfa45d49de04073f52d0f8d.png", "aux": "aux_3a1fadfc6bfa45d49de04073f52d0f8d.npz", "visibility": "visibility_3a1fadfc6bfa45d49de04073f52d0f8d.png", "pose": [[-0.9943851828575134, -0.10582096874713898, 0.0, 1228.6202392578125], [0.10582096874713898, -0.9943851828575134, 0.0, 1637.197021484375], [0.0, 0.0, 1.0, 0.0], [0.0, 0.0, 0.0, 1.0]], "pose_inverse": [[-0.9943851828575134, 0.10582096874713898, 0.0, 1048.4720458984375], [-0.10582096874713898, -0.9943851828575134, 0.0, 1758.018310546875], [0.0, 0.0, 1.0, 0.0], [0.0, 0.0, 0.0, 1.0]], "cam_ids": [0, 1, 2, 3, 4, 5], "cam_channels": ["CAM_FRONT_LEFT", "CAM_FRONT", "CAM_FRONT_RIGHT", "CAM_BACK_LEFT", "CAM_BACK", "CAM_BACK_RIGHT"], "token": "3a1fadfc6bfa45d49de04073f52d0f8d", "scene": "scene-1013"}, {"images": ["samples/CAM_FRONT_LEFT/n015-2018-11-14-19-09-14+0800__CAM_FRONT_LEFT__1542193834154844.jpg", "samples/CAM_FRONT/n015-2018-11-14-19-09-14+0800__CAM_FRONT__1542193834162460.jpg", "samples/CAM_FRONT_RIGHT/n015-2018-11-14-19-09-14+0800__CAM_FRONT_RIGHT__1542193834170339.jpg", "samples/CAM_BACK_LEFT/n015-2018-11-14-19-09-14+0800__CAM_BACK_LEFT__1542193834197423.jpg", "samples/CAM_BACK/n015-2018-11-14-19-09-14+0800__CAM_BACK__1542193834187525.jpg", "samples/CAM_BACK_RIGHT/n015-2018-11-14-19-09-14+0800__CAM_BACK_RIGHT__1542193834177893.jpg"], "intrinsics": [[[1272.5979470598488, 0.0, 826.6154927353808], [0.0, 1272.5979470598488, 479.75165386361925], [0.0, 0.0, 1.0]], [[1266.417203046554, 0.0, 816.2670197447984], [0.0, 1266.417203046554, 491.50706579294757], [0.0, 0.0, 1.0]], [[1260.8474446004698, 0.0, 807.968244525554], [0.0, 1260.8474446004698, 495.3344268742088], [0.0, 0.0, 1.0]], [[1256.7414812095406, 0.0, 792.1125740759628], [0.0, 1256.7414812095406, 492.7757465151356], [0.0, 0.0, 1.0]], [[809.2209905677063, 0.0, 829.2196003259838], [0.0, 809.2209905677063, 481.77842384512485], [0.0, 0.0, 1.0]], [[1259.5137405846733, 0.0, 807.2529053838625], [0.0, 1259.5137405846733, 501.19579884916527], [0.0, 0.0, 1.0]]], "extrinsics": [[[0.821759819984436, -0.5698333382606506, 0.0008384083048440516, -0.6969757080078125], [0.008693800307810307, 0.011066202074289322, -0.9999009966850281, 1.5110244750976562], [0.5697676539421082, 0.821685791015625, 0.014047778211534023, -1.0986328125], [0.0, 0.0, 0.0, 1.0]], [[0.007111712358891964, -0.9999522566795349, -0.006697565782815218, 0.0096435546875], [0.0031902913469821215, 0.006720390170812607, -0.9999723434448242, 1.5213632583618164], [0.9999696016311646, 0.007090137805789709, 0.0032379324547946453, -1.4256591796875], [0.0, 0.0, 0.0, 1.0]], [[-0.8322028517723083, -0.5541031360626221, -0.020203255116939545, 0.8609619140625], [0.008530725724995136, 0.0236374419182539, -0.9996841549873352, 1.5053672790527344], [0.554405689239502, -0.8321123123168945, -0.014944244176149368, -1.132080078125], [0.0, 0.0, 0.0, 1.0]], [[0.9476674199104309, 0.31900596618652344, 0.012720400467514992, -1.1390380859375], [0.016121013090014458, -0.008021857589483261, -0.9998378157615662, 1.5886151790618896], [-0.31885218620300293, 0.9477187991142273, -0.012744751758873463, -0.1051025390625], [0.0, 0.0, 0.0, 1.0]], [[0.0019894090946763754, 0.9999950528144836, 0.002468718448653817, 0.001953125], [-0.008876868523657322, 0.0024862857535481453, -0.9999575018882751, 1.578662395477295], [-0.9999586939811707, 0.0019674175418913364, 0.008881770074367523, -0.07623291015625], [0.0, 0.0, 0.0, 1.0]], [[-0.934942364692688, 0.35443446040153503, -0.016091929748654366, 0.994537353515625], [0.02414044365286827, 0.018297819420695305, -0.9995411038398743, 1.5550575256347656], [-0.35397738218307495, -0.9349018335342407, -0.02566361241042614, -0.115478515625], [0.0, 0.0, 0.0, 1.0]]], "view": [[0.0, -2.0, 100.0], [-2.0, 0.0, 100.0], [0.0, 0.0, 1.0]], "bev": "bev_8801fd25ac25490db01fb6b1d37b4457.png", "aux": "aux_8801fd25ac25490db01fb6b1d37b4457.npz", "visibility": "visibility_8801fd25ac25490db01fb6b1d37b4457.png", "pose": [[-0.9924076199531555, -0.12299242615699768, 0.0, 1224.971923828125], [0.12299242615699768, -0.9924076199531555, 0.0, 1637.639404296875], [0.0, 0.0, 1.0, 0.0], [0.0, 0.0, 0.0, 1.0]], "pose_inverse": [[-0.9924076199531555, 0.12299242615699768, 0.0, 1014.2542114257812], [-0.12299242615699768, -0.9924076199531555, 0.0, 1775.8680419921875], [0.0, 0.0, 1.0, 0.0], [0.0, 0.0, 0.0, 1.0]], "cam_ids": [0, 1, 2, 3, 4, 5], "cam_channels": ["CAM_FRONT_LEFT", "CAM_FRONT", "CAM_FRONT_RIGHT", "CAM_BACK_LEFT", "CAM_BACK", "CAM_BACK_RIGHT"], "token": "8801fd25ac25490db01fb6b1d37b4457", "scene": "scene-1013"}, {"images": ["samples/CAM_FRONT_LEFT/n015-2018-11-14-19-09-14+0800__CAM_FRONT_LEFT__1542193834654844.jpg", "samples/CAM_FRONT/n015-2018-11-14-19-09-14+0800__CAM_FRONT__1542193834662460.jpg", "samples/CAM_FRONT_RIGHT/n015-2018-11-14-19-09-14+0800__CAM_FRONT_RIGHT__1542193834670339.jpg", "samples/CAM_BACK_LEFT/n015-2018-11-14-19-09-14+0800__CAM_BACK_LEFT__1542193834697423.jpg", "samples/CAM_BACK/n015-2018-11-14-19-09-14+0800__CAM_BACK__1542193834687525.jpg", "samples/CAM_BACK_RIGHT/n015-2018-11-14-19-09-14+0800__CAM_BACK_RIGHT__1542193834677893.jpg"], "intrinsics": [[[1272.5979470598488, 0.0, 826.6154927353808], [0.0, 1272.5979470598488, 479.75165386361925], [0.0, 0.0, 1.0]], [[1266.417203046554, 0.0, 816.2670197447984], [0.0, 1266.417203046554, 491.50706579294757], [0.0, 0.0, 1.0]], [[1260.8474446004698, 0.0, 807.968244525554], [0.0, 1260.8474446004698, 495.3344268742088], [0.0, 0.0, 1.0]], [[1256.7414812095406, 0.0, 792.1125740759628], [0.0, 1256.7414812095406, 492.7757465151356], [0.0, 0.0, 1.0]], [[809.2209905677063, 0.0, 829.2196003259838], [0.0, 809.2209905677063, 481.77842384512485], [0.0, 0.0, 1.0]], [[1259.5137405846733, 0.0, 807.2529053838625], [0.0, 1259.5137405846733, 501.19579884916527], [0.0, 0.0, 1.0]]], "extrinsics": [[[0.8216353058815002, -0.5699295997619629, 0.009782681241631508, -0.6976470947265625], [-0.003001495962962508, -0.02148776315152645, -0.999764621257782, 1.5072898864746094], [0.5700056552886963, 0.8214125633239746, -0.019365748390555382, -1.095947265625], [0.0, 0.0, 0.0, 1.0]], [[0.006941947620362043, -0.999643862247467, 0.025766028091311455, 0.007568359375], [-0.008058438077569008, -0.025821736082434654, -0.9996340870857239, 1.5183906555175781], [0.9999434351921082, 0.006731776054948568, -0.008234821259975433, -1.42449951171875], [0.0, 0.0, 0.0, 1.0]], [[-0.8324095606803894, -0.5541197657585144, 0.00675877183675766, 0.8583984375], [-0.0022156122140586376, -0.008868467062711716, -0.9999582171440125, 1.5031852722167969], [0.5541565418243408, -0.832389771938324, 0.006154482718557119, -1.13232421875], [0.0, 0.0, 0.0, 1.0]], [[0.947763979434967, 0.3189202547073364, -0.005778113845735788, -1.1346435546875], [0.007407648488879204, -0.040116626769304276, -0.9991675019264221, 1.5886001586914062], [-0.31888657808303833, 0.9469321966171265, -0.04038354381918907, -0.106201171875], [0.0, 0.0, 0.0, 1.0]], [[0.0020601898431777954, 0.9995535612106323, -0.029808251187205315, 0.002685546875], [-0.018395422026515007, -0.029765387997031212, -0.9993876218795776, 1.5778732299804688], [-0.9998287558555603, 0.0026072761975228786, 0.018325883895158768, -0.07940673828125], [0.0, 0.0, 0.0, 1.0]], [[-0.9350427985191345, 0.35407721996307373, -0.018005523830652237, 0.993011474609375], [0.013909494504332542, -0.014109965413808823, -0.9998037219047546, 1.5535869598388672], [-0.3542618453502655, -0.9351097345352173, 0.008268383331596851, -0.117431640625], [0.0, 0.0, 0.0, 1.0]]], "view": [[0.0, -2.0, 100.0], [-2.0, 0.0, 100.0], [0.0, 0.0, 1.0]], "bev": "bev_126177e74e854a329384e3933dbb4af2.png", "aux": "aux_126177e74e854a329384e3933dbb4af2.npz", "visibility": "visibility_126177e74e854a329384e3933dbb4af2.png", "pose": [[-0.9903393983840942, -0.13866481184959412, 0.0, 1221.2890625], [0.13866481184959412, -0.9903393983840942, 0.0, 1638.1436767578125], [0.0, 0.0, 1.0, 0.0], [0.0, 0.0, 0.0, 1.0]], "pose_inverse": [[-0.9903393983840942, 0.13866481184959412, 0.0, 982.3377685546875], [-0.13866481184959412, -0.9903393983840942, 0.0, 1791.66796875], [0.0, 0.0, 1.0, 0.0], [0.0, 0.0, 0.0, 1.0]], "cam_ids": [0, 1, 2, 3, 4, 5], "cam_channels": ["CAM_FRONT_LEFT", "CAM_FRONT", "CAM_FRONT_RIGHT", "CAM_BACK_LEFT", "CAM_BACK", "CAM_BACK_RIGHT"], "token": "126177e74e854a329384e3933dbb4af2", "scene": "scene-1013"}, {"images": ["samples/CAM_FRONT_LEFT/n015-2018-11-14-19-09-14+0800__CAM_FRONT_LEFT__1542193835154844.jpg", "samples/CAM_FRONT/n015-2018-11-14-19-09-14+0800__CAM_FRONT__1542193835162460.jpg", "samples/CAM_FRONT_RIGHT/n015-2018-11-14-19-09-14+0800__CAM_FRONT_RIGHT__1542193835170339.jpg", "samples/CAM_BACK_LEFT/n015-2018-11-14-19-09-14+0800__CAM_BACK_LEFT__1542193835197423.jpg", "samples/CAM_BACK/n015-2018-11-14-19-09-14+0800__CAM_BACK__1542193835187525.jpg", "samples/CAM_BACK_RIGHT/n015-2018-11-14-19-09-14+0800__CAM_BACK_RIGHT__1542193835177893.jpg"], "intrinsics": [[[1272.5979470598488, 0.0, 826.6154927353808], [0.0, 1272.5979470598488, 479.75165386361925], [0.0, 0.0, 1.0]], [[1266.417203046554, 0.0, 816.2670197447984], [0.0, 1266.417203046554, 491.50706579294757], [0.0, 0.0, 1.0]], [[1260.8474446004698, 0.0, 807.968244525554], [0.0, 1260.8474446004698, 495.3344268742088], [0.0, 0.0, 1.0]], [[1256.7414812095406, 0.0, 792.1125740759628], [0.0, 1256.7414812095406, 492.7757465151356], [0.0, 0.0, 1.0]], [[809.2209905677063, 0.0, 829.2196003259838], [0.0, 809.2209905677063, 481.77842384512485], [0.0, 0.0, 1.0]], [[1259.5137405846733, 0.0, 807.2529053838625], [0.0, 1259.5137405846733, 501.19579884916527], [0.0, 0.0, 1.0]]], "extrinsics": [[[0.8214807510375977, -0.5692794919013977, 0.03301844745874405, -0.7064208984375], [0.012726682238280773, -0.0395854189991951, -0.9991351366043091, 1.5123710632324219], [0.570094108581543, 0.8211904764175415, -0.02527361921966076, -1.105224609375], [0.0, 0.0, 0.0, 1.0]], [[0.006739887874573469, -0.9990195035934448, 0.04375645890831947, 0.009765625], [0.007974651642143726, -0.04370236396789551, -0.99901282787323, 1.5227127075195312], [0.9999454021453857, 0.007082170806825161, 0.007672283798456192, -1.43560791015625], [0.0, 0.0, 0.0, 1.0]], [[-0.8322746753692627, -0.5543556213378906, 0.002935514086857438, 0.86767578125], [0.014168388210237026, -0.02656448446214199, -0.9995466470718384, 1.50653076171875], [0.5541822910308838, -0.8318557739257812, 0.029963279142975807, -1.13616943359375], [0.0, 0.0, 0.0, 1.0]], [[0.9476778507232666, 0.3191835582256317, 0.005351793020963669, -1.13671875], [0.024916065856814384, -0.05724307522177696, -0.998049259185791, 1.5887451171875], [-0.3182545602321625, 0.9459624886512756, -0.062200792133808136, -0.1064453125], [0.0, 0.0, 0.0, 1.0]], [[0.00235110055655241, 0.9988865852355957, -0.04711822420358658, 0.001708984375], [-0.0012464846950024366, -0.04711538925766945, -0.9988887310028076, 1.5793228149414062], [-0.9999964237213135, 0.0024072271771728992, 0.0011343242367729545, -0.0740966796875], [0.0, 0.0, 0.0, 1.0]], [[-0.9347059726715088, 0.35318052768707275, -0.039853405207395554, 1.000335693359375], [0.030638935044407845, -0.03164480999112129, -0.9990294575691223, 1.5559349060058594], [-0.3540988862514496, -0.935019850730896, 0.018757518380880356, -0.1134033203125], [0.0, 0.0, 0.0, 1.0]]], "view": [[0.0, -2.0, 100.0], [-2.0, 0.0, 100.0], [0.0, 0.0, 1.0]], "bev": "bev_846fa9fbaee341a6aa83c551c3973b64.png", "aux": "aux_846fa9fbaee341a6aa83c551c3973b64.npz", "visibility": "visibility_846fa9fbaee341a6aa83c551c3973b64.png", "pose": [[-0.9882365465164185, -0.15293294191360474, 0.0, 1217.6597900390625], [0.15293294191360474, -0.9882365465164185, 0.0, 1638.6973876953125], [0.0, 0.0, 1.0, 0.0], [0.0, 0.0, 0.0, 1.0]], "pose_inverse": [[-0.9882365465164185, 0.15293294191360474, 0.0, 952.72509765625], [-0.15293294191360474, -0.9882365465164185, 0.0, 1805.6409912109375], [0.0, 0.0, 1.0, 0.0], [0.0, 0.0, 0.0, 1.0]], "cam_ids": [0, 1, 2, 3, 4, 5], "cam_channels": ["CAM_FRONT_LEFT", "CAM_FRONT", "CAM_FRONT_RIGHT", "CAM_BACK_LEFT", "CAM_BACK", "CAM_BACK_RIGHT"], "token": "846fa9fbaee341a6aa83c551c3973b64", "scene": "scene-1013"}, {"images": ["samples/CAM_FRONT_LEFT/n015-2018-11-14-19-09-14+0800__CAM_FRONT_LEFT__1542193835654844.jpg", "samples/CAM_FRONT/n015-2018-11-14-19-09-14+0800__CAM_FRONT__1542193835662460.jpg", "samples/CAM_FRONT_RIGHT/n015-2018-11-14-19-09-14+0800__CAM_FRONT_RIGHT__1542193835670339.jpg", "samples/CAM_BACK_LEFT/n015-2018-11-14-19-09-14+0800__CAM_BACK_LEFT__1542193835697423.jpg", "samples/CAM_BACK/n015-2018-11-14-19-09-14+0800__CAM_BACK__1542193835687525.jpg", "samples/CAM_BACK_RIGHT/n015-2018-11-14-19-09-14+0800__CAM_BACK_RIGHT__1542193835677893.jpg"], "intrinsics": [[[1272.5979470598488, 0.0, 826.6154927353808], [0.0, 1272.5979470598488, 479.75165386361925], [0.0, 0.0, 1.0]], [[1266.417203046554, 0.0, 816.2670197447984], [0.0, 1266.417203046554, 491.50706579294757], [0.0, 0.0, 1.0]], [[1260.8474446004698, 0.0, 807.968244525554], [0.0, 1260.8474446004698, 495.3344268742088], [0.0, 0.0, 1.0]], [[1256.7414812095406, 0.0, 792.1125740759628], [0.0, 1256.7414812095406, 492.7757465151356], [0.0, 0.0, 1.0]], [[809.2209905677063, 0.0, 829.2196003259838], [0.0, 809.2209905677063, 481.77842384512485], [0.0, 0.0, 1.0]], [[1259.5137405846733, 0.0, 807.2529053838625], [0.0, 1259.5137405846733, 501.19579884916527], [0.0, 0.0, 1.0]]], "extrinsics": [[[0.8207259178161621, -0.5697027444839478, 0.04298562556505203, -0.71136474609375], [0.030264906585216522, -0.03177976608276367, -0.9990365505218506, 1.5176124572753906], [0.5705198645591736, 0.8212361931800842, -0.008840477094054222, -1.1055908203125], [0.0, 0.0, 0.0, 1.0]], [[0.006055319681763649, -0.9993410706520081, 0.03578672930598259, 0.007568359375], [0.024711189791560173, -0.035626914352178574, -0.9990596175193787, 1.5268287658691406], [0.9996762275695801, 0.006933939643204212, 0.024479173123836517, -1.4390869140625], [0.0, 0.0, 0.0, 1.0]], [[-0.8321148157119751, -0.554401695728302, -0.014951914548873901, 0.8692626953125], [0.03006543032824993, -0.018173115327954292, -0.9993826746940613, 1.509573221206665], [0.5537877082824707, -0.8320507407188416, 0.03179044649004936, -1.13922119140625], [0.0, 0.0, 0.0, 1.0]], [[0.94716876745224, 0.32006561756134033, 0.02071925811469555, -1.1400146484375], [0.037937015295028687, -0.04765262454748154, -0.9981433153152466, 1.5886688232421875], [-0.31848400831222534, 0.9461961388587952, -0.057277414947748184, -0.1048583984375], [0.0, 0.0, 0.0, 1.0]], [[0.002340717241168022, 0.999276876449585, -0.03795049339532852, 0.0023193359375], [0.012817882932722569, -0.03797745704650879, -0.9991964101791382, 1.5803146362304688], [-0.9999151229858398, 0.001852373476140201, -0.012897509150207043, -0.07122802734375], [0.0, 0.0, 0.0, 1.0]], [[-0.9341084361076355, 0.35334673523902893, -0.05086810886859894, 1.0031585693359375], [0.04571541026234627, -0.02291913889348507, -0.9986915588378906, 1.557969331741333], [-0.3540501892566681, -0.9352116584777832, 0.005255568772554398, -0.11328125], [0.0, 0.0, 0.0, 1.0]]], "view": [[0.0, -2.0, 100.0], [-2.0, 0.0, 100.0], [0.0, 0.0, 1.0]], "bev": "bev_9c52b49d0bc140fa8295acafd92873e6.png", "aux": "aux_9c52b49d0bc140fa8295acafd92873e6.npz", "visibility": "visibility_9c52b49d0bc140fa8295acafd92873e6.png", "pose": [[-0.9871100783348083, -0.1600426435470581, 0.0, 1214.137939453125], [0.1600426435470581, -0.9871100783348083, 0.0, 1639.2740478515625], [0.0, 0.0, 1.0, 0.0], [0.0, 0.0, 0.0, 1.0]], "pose_inverse": [[-0.9871100783348083, 0.1600426435470581, 0.0, 936.1340942382812], [-0.1600426435470581, -0.9871100783348083, 0.0, 1812.457763671875], [0.0, 0.0, 1.0, 0.0], [0.0, 0.0, 0.0, 1.0]], "cam_ids": [0, 1, 2, 3, 4, 5], "cam_channels": ["CAM_FRONT_LEFT", "CAM_FRONT", "CAM_FRONT_RIGHT", "CAM_BACK_LEFT", "CAM_BACK", "CAM_BACK_RIGHT"], "token": "9c52b49d0bc140fa8295acafd92873e6", "scene": "scene-1013"}, {"images": ["samples/CAM_FRONT_LEFT/n015-2018-11-14-19-09-14+0800__CAM_FRONT_LEFT__1542193836154844.jpg", "samples/CAM_FRONT/n015-2018-11-14-19-09-14+0800__CAM_FRONT__1542193836162468.jpg", "samples/CAM_FRONT_RIGHT/n015-2018-11-14-19-09-14+0800__CAM_FRONT_RIGHT__1542193836170339.jpg", "samples/CAM_BACK_LEFT/n015-2018-11-14-19-09-14+0800__CAM_BACK_LEFT__1542193836197423.jpg", "samples/CAM_BACK/n015-2018-11-14-19-09-14+0800__CAM_BACK__1542193836187525.jpg", "samples/CAM_BACK_RIGHT/n015-2018-11-14-19-09-14+0800__CAM_BACK_RIGHT__1542193836177893.jpg"], "intrinsics": [[[1272.5979470598488, 0.0, 826.6154927353808], [0.0, 1272.5979470598488, 479.75165386361925], [0.0, 0.0, 1.0]], [[1266.417203046554, 0.0, 816.2670197447984], [0.0, 1266.417203046554, 491.50706579294757], [0.0, 0.0, 1.0]], [[1260.8474446004698, 0.0, 807.968244525554], [0.0, 1260.8474446004698, 495.3344268742088], [0.0, 0.0, 1.0]], [[1256.7414812095406, 0.0, 792.1125740759628], [0.0, 1256.7414812095406, 492.7757465151356], [0.0, 0.0, 1.0]], [[809.2209905677063, 0.0, 829.2196003259838], [0.0, 809.2209905677063, 481.77842384512485], [0.0, 0.0, 1.0]], [[1259.5137405846733, 0.0, 807.2529053838625], [0.0, 1259.5137405846733, 501.19579884916527], [0.0, 0.0, 1.0]]], "extrinsics": [[[0.8207034468650818, -0.5696349740028381, 0.044293832033872604, -0.702117919921875], [0.043140657246112823, -0.015521476976573467, -0.9989484548568726, 1.5220489501953125], [0.56972336769104, 0.8217512369155884, 0.011835894547402859, -1.0992431640625], [0.0, 0.0, 0.0, 1.0]], [[0.006556020118296146, -0.9997861981391907, 0.019609196111559868, 0.0078125], [0.03811405599117279, -0.019345534965395927, -0.9990861415863037, 1.5305819511413574], [0.9992518424987793, 0.007297383155673742, 0.03797907382249832, -1.42919921875], [0.0, 0.0, 0.0, 1.0]], [[-0.8313189744949341, -0.5546573996543884, -0.03555179387331009, 0.8624267578125], [0.04395627975463867, -0.0018467606278136373, -0.9990317225456238, 1.5126609802246094], [0.5540546774864197, -0.8320767879486084, 0.025915922597050667, -1.1343994140625], [0.0, 0.0, 0.0, 1.0]], [[0.9465274810791016, 0.3200591802597046, 0.040594540536403656, -1.138916015625], [0.0533025823533535, -0.031041504815220833, -0.9980958104133606, 1.5887250900268555], [-0.3181895911693573, 0.9468889832496643, -0.046441614627838135, -0.1046142578125], [0.0, 0.0, 0.0, 1.0]], [[0.002147659892216325, 0.9997673630714417, -0.021463943645358086, 0.0028076171875], [0.027698908001184464, -0.02151523344218731, -0.9993847608566284, 1.5815057754516602], [-0.9996140599250793, 0.0015518011059612036, -0.027738668024539948, -0.075439453125], [0.0, 0.0, 0.0, 1.0]], [[-0.9335851073265076, 0.3535538613796234, -0.058468010276556015, 0.9965667724609375], [0.06004004180431366, -0.006530256476253271, -0.9981746077537537, 1.5604095458984375], [-0.35329028964042664, -0.935391366481781, -0.015130836516618729, -0.1158447265625], [0.0, 0.0, 0.0, 1.0]]], "view": [[0.0, -2.0, 100.0], [-2.0, 0.0, 100.0], [0.0, 0.0, 1.0]], "bev": "bev_b70a335095d54065b295c4fac04603a8.png", "aux": "aux_b70a335095d54065b295c4fac04603a8.npz", "visibility": "visibility_b70a335095d54065b295c4fac04603a8.png", "pose": [[-0.9860703945159912, -0.16632860898971558, 0.0, 1210.5137939453125], [0.16632860898971558, -0.9860703945159912, 0.0, 1639.8824462890625], [0.0, 0.0, 1.0, 0.0], [0.0, 0.0, 0.0, 1.0]], "pose_inverse": [[-0.9860703945159912, 0.16632860898971558, 0.0, 920.8924560546875], [-0.16632860898971558, -0.9860703945159912, 0.0, 1818.382568359375], [0.0, 0.0, 1.0, 0.0], [0.0, 0.0, 0.0, 1.0]], "cam_ids": [0, 1, 2, 3, 4, 5], "cam_channels": ["CAM_FRONT_LEFT", "CAM_FRONT", "CAM_FRONT_RIGHT", "CAM_BACK_LEFT", "CAM_BACK", "CAM_BACK_RIGHT"], "token": "b70a335095d54065b295c4fac04603a8", "scene": "scene-1013"}, {"images": ["samples/CAM_FRONT_LEFT/n015-2018-11-14-19-09-14+0800__CAM_FRONT_LEFT__1542193836654844.jpg", "samples/CAM_FRONT/n015-2018-11-14-19-09-14+0800__CAM_FRONT__1542193836662460.jpg", "samples/CAM_FRONT_RIGHT/n015-2018-11-14-19-09-14+0800__CAM_FRONT_RIGHT__1542193836670350.jpg", "samples/CAM_BACK_LEFT/n015-2018-11-14-19-09-14+0800__CAM_BACK_LEFT__1542193836697423.jpg", "samples/CAM_BACK/n015-2018-11-14-19-09-14+0800__CAM_BACK__1542193836687525.jpg", "samples/CAM_BACK_RIGHT/n015-2018-11-14-19-09-14+0800__CAM_BACK_RIGHT__1542193836677893.jpg"], "intrinsics": [[[1272.5979470598488, 0.0, 826.6154927353808], [0.0, 1272.5979470598488, 479.75165386361925], [0.0, 0.0, 1.0]], [[1266.417203046554, 0.0, 816.2670197447984], [0.0, 1266.417203046554, 491.50706579294757], [0.0, 0.0, 1.0]], [[1260.8474446004698, 0.0, 807.968244525554], [0.0, 1260.8474446004698, 495.3344268742088], [0.0, 0.0, 1.0]], [[1256.7414812095406, 0.0, 792.1125740759628], [0.0, 1256.7414812095406, 492.7757465151356], [0.0, 0.0, 1.0]], [[809.2209905677063, 0.0, 829.2196003259838], [0.0, 809.2209905677063, 481.77842384512485], [0.0, 0.0, 1.0]], [[1259.5137405846733, 0.0, 807.2529053838625], [0.0, 1259.5137405846733, 501.19579884916527], [0.0, 0.0, 1.0]]], "extrinsics": [[[0.8208234906196594, -0.5705630779266357, 0.026578586548566818, -0.691009521484375], [0.04027692973613739, 0.011400948278605938, -0.9991235136985779, 1.5216178894042969], [0.5697599649429321, 0.8211745619773865, 0.032338697463274, -1.09228515625], [0.0, 0.0, 0.0, 1.0]], [[0.006614655256271362, -0.9999510049819946, -0.0073665133677423, 0.00830078125], [0.034588225185871124, 0.00759105384349823, -0.9993728399276733, 1.5299911499023438], [0.9993797540664673, 0.006355703342705965, 0.03463674336671829, -1.4188232421875], [0.0, 0.0, 0.0, 1.0]], [[-0.831475555896759, -0.5535732507705688, -0.04695763811469078, 0.8560791015625], [0.03975723311305046, 0.02501680515706539, -0.9988961219787598, 1.5120773315429688], [0.5541369318962097, -0.8324245810508728, 0.0012076812563464046, -1.1298828125], [0.0, 0.0, 0.0, 1.0]], [[0.9468958973884583, 0.31867772340774536, 0.042810145765542984, -1.1346435546875], [0.04685298353433609, -0.005027994979172945, -0.998889148235321, 1.5889396667480469], [-0.3181084394454956, 0.9478498101234436, -0.019691990688443184, -0.1063232421875], [0.0, 0.0, 0.0, 1.0]], [[0.0022159914951771498, 0.9999850392341614, 0.005005326587706804, 0.0025634765625], [0.022053582593798637, 0.004955252166837454, -0.9997445344924927, 1.581167221069336], [-0.9997543096542358, 0.0023257953580468893, -0.02204226888716221, -0.080078125], [0.0, 0.0, 0.0, 1.0]], [[-0.9338416457176208, 0.35491079092025757, -0.04447602108120918, 0.99151611328125], [0.055201467126607895, 0.020146651193499565, -0.9982719421386719, 1.5599746704101562], [-0.35340142250061035, -0.934683084487915, -0.03840538114309311, -0.11767578125], [0.0, 0.0, 0.0, 1.0]]], "view": [[0.0, -2.0, 100.0], [-2.0, 0.0, 100.0], [0.0, 0.0, 1.0]], "bev": "bev_b1d9c91e80a84b96b345e70bf5925f20.png", "aux": "aux_b1d9c91e80a84b96b345e70bf5925f20.npz", "visibility": "visibility_b1d9c91e80a84b96b345e70bf5925f20.png", "pose": [[-0.9848050475120544, -0.1736634522676468, 0.0, 1206.7965087890625], [0.1736634522676468, -0.9848050475120544, 0.0, 1640.537109375], [0.0, 0.0, 1.0, 0.0], [0.0, 0.0, 0.0, 1.0]], "pose_inverse": [[-0.9848050475120544, 0.1736634522676468, 0.0, 903.5579833984375], [-0.1736634522676468, -0.9848050475120544, 0.0, 1825.1856689453125], [0.0, 0.0, 1.0, 0.0], [0.0, 0.0, 0.0, 1.0]], "cam_ids": [0, 1, 2, 3, 4, 5], "cam_channels": ["CAM_FRONT_LEFT", "CAM_FRONT", "CAM_FRONT_RIGHT", "CAM_BACK_LEFT", "CAM_BACK", "CAM_BACK_RIGHT"], "token": "b1d9c91e80a84b96b345e70bf5925f20", "scene": "scene-1013"}, {"images": ["samples/CAM_FRONT_LEFT/n015-2018-11-14-19-09-14+0800__CAM_FRONT_LEFT__1542193837154844.jpg", "samples/CAM_FRONT/n015-2018-11-14-19-09-14+0800__CAM_FRONT__1542193837162460.jpg", "samples/CAM_FRONT_RIGHT/n015-2018-11-14-19-09-14+0800__CAM_FRONT_RIGHT__1542193837170339.jpg", "samples/CAM_BACK_LEFT/n015-2018-11-14-19-09-14+0800__CAM_BACK_LEFT__1542193837197423.jpg", "samples/CAM_BACK/n015-2018-11-14-19-09-14+0800__CAM_BACK__1542193837187525.jpg", "samples/CAM_BACK_RIGHT/n015-2018-11-14-19-09-14+0800__CAM_BACK_RIGHT__1542193837177893.jpg"], "intrinsics": [[[1272.5979470598488, 0.0, 826.6154927353808], [0.0, 1272.5979470598488, 479.75165386361925], [0.0, 0.0, 1.0]], [[1266.417203046554, 0.0, 816.2670197447984], [0.0, 1266.417203046554, 491.50706579294757], [0.0, 0.0, 1.0]], [[1260.8474446004698, 0.0, 807.968244525554], [0.0, 1260.8474446004698, 495.3344268742088], [0.0, 0.0, 1.0]], [[1256.7414812095406, 0.0, 792.1125740759628], [0.0, 1256.7414812095406, 492.7757465151356], [0.0, 0.0, 1.0]], [[809.2209905677063, 0.0, 829.2196003259838], [0.0, 809.2209905677063, 481.77842384512485], [0.0, 0.0, 1.0]], [[1259.5137405846733, 0.0, 807.2529053838625], [0.0, 1259.5137405846733, 501.19579884916527], [0.0, 0.0, 1.0]]], "extrinsics": [[[0.8212835788726807, -0.5703176259994507, 0.015198370441794395, -0.695281982421875], [0.025162452831864357, 0.009595799259841442, -0.9996373057365417, 1.5165138244628906], [0.5699649453163147, 0.8213682174682617, 0.022231463342905045, -1.0928955078125], [0.0, 0.0, 0.0, 1.0]], [[0.006722607184201479, -0.9999639987945557, -0.005185284186154604, 0.0068359375], [0.019903436303138733, 0.005318178795278072, -0.9997878074645996, 1.5258979797363281], [0.999779224395752, 0.006617964245378971, 0.019938470795750618, -1.4228515625], [0.0, 0.0, 0.0, 1.0]], [[-0.8319636583328247, -0.5538103580474854, -0.03362191841006279, 0.85888671875], [0.025537291541695595, 0.022311754524707794, -0.9994248151779175, 1.50897216796875], [0.5542420148849487, -0.8323438167572021, -0.004419752396643162, -1.1331787109375], [0.0, 0.0, 0.0, 1.0]], [[0.9473163485527039, 0.3189230263233185, 0.029662149026989937, -1.1435546875], [0.03427332267165184, -0.008855183608829975, -0.9993732571601868, 1.5884990692138672], [-0.31846046447753906, 0.9477392435073853, -0.019319212064146996, -0.1029052734375], [0.0, 0.0, 0.0, 1.0]], [[0.00215702666901052, 0.9999966025352478, 0.001477702520787716, 0.0032958984375], [0.008841188624501228, 0.001458577346056