[{"images": ["samples/CAM_FRONT_LEFT/n015-2018-08-01-15-10-21+0800__CAM_FRONT_LEFT__1533107905504844.jpg", "samples/CAM_FRONT/n015-2018-08-01-15-10-21+0800__CAM_FRONT__1533107905512460.jpg", "samples/CAM_FRONT_RIGHT/n015-2018-08-01-15-10-21+0800__CAM_FRONT_RIGHT__1533107905520339.jpg", "samples/CAM_BACK_LEFT/n015-2018-08-01-15-10-21+0800__CAM_BACK_LEFT__1533107905547423.jpg", "samples/CAM_BACK/n015-2018-08-01-15-10-21+0800__CAM_BACK__1533107905537525.jpg", "samples/CAM_BACK_RIGHT/n015-2018-08-01-15-10-21+0800__CAM_BACK_RIGHT__1533107905527893.jpg"], "intrinsics": [[[1272.5979470598488, 0.0, 826.6154927353808], [0.0, 1272.5979470598488, 479.75165386361925], [0.0, 0.0, 1.0]], [[1266.417203046554, 0.0, 816.2670197447984], [0.0, 1266.417203046554, 491.50706579294757], [0.0, 0.0, 1.0]], [[1260.8474446004698, 0.0, 807.968244525554], [0.0, 1260.8474446004698, 495.3344268742088], [0.0, 0.0, 1.0]], [[1256.7414812095406, 0.0, 792.1125740759628], [0.0, 1256.7414812095406, 492.7757465151356], [0.0, 0.0, 1.0]], [[809.2209905677063, 0.0, 829.2196003259838], [0.0, 809.2209905677063, 481.77842384512485], [0.0, 0.0, 1.0]], [[1259.5137405846733, 0.0, 807.2529053838625], [0.0, 1259.5137405846733, 501.19579884916527], [0.0, 0.0, 1.0]]], "extrinsics": [[[0.8187994360923767, -0.5714244842529297, 0.05514964833855629, -0.6922607421875], [0.04840841144323349, -0.026999343186616898, -0.9984626770019531, 1.5243453979492188], [0.572035014629364, 0.8202104568481445, 0.005554703529924154, -1.0931396484375], [0.0, 0.0, 0.0, 1.0]], [[0.003954833839088678, -0.9994986653327942, 0.03141314163804054, 0.00830078125], [0.04281242564320564, -0.031215352937579155, -0.9985953569412231, 1.5322990417480469], [0.9990752935409546, 0.005294119473546743, 0.042667511850595474, -1.4195556640625], [0.0, 0.0, 0.0, 1.0]], [[-0.8323368430137634, -0.5533298850059509, -0.032269254326820374, 0.856109619140625], [0.04814302548766136, -0.014173503965139389, -0.9987398982048035, 1.5139198303222656], [0.5521753430366516, -0.8328415155410767, 0.03843610733747482, -1.1295166015625], [0.0, 0.0, 0.0, 1.0]], [[0.9468342661857605, 0.31942203640937805, 0.03839857131242752, -1.1370925903320312], [0.05568896606564522, -0.045170608907938004, -0.9974258542060852, 1.5888595581054688], [-0.31686535477638245, 0.9465354084968567, -0.06055736541748047, -0.1055908203125], [0.0, 0.0, 0.0, 1.0]], [[0.0037159223575145006, 0.9993870854377747, -0.034809377044439316, 0.00244140625], [0.030674859881401062, -0.03490715101361275, -0.9989197254180908, 1.5818824768066406], [-0.9995224475860596, 0.002644103718921542, -0.03078577108681202, -0.07958984375], [0.0, 0.0, 0.0, 1.0]], [[-0.9327362775802612, 0.35439106822013855, -0.06640762835741043, 0.99090576171875], [0.06369023025035858, -0.01934070698916912, -0.997782289981842, 1.5613670349121094], [-0.35488951206207275, -0.9348973035812378, -0.0045314677990973, -0.117431640625], [0.0, 0.0, 0.0, 1.0]]], "view": [[0.0, -2.0, 100.0], [-2.0, 0.0, 100.0], [0.0, 0.0, 1.0]], "bev": "bev_8c21c741741a443f8ac4dbd20e03cb0b.png", "aux": "aux_8c21c741741a443f8ac4dbd20e03cb0b.npz", "visibility": "visibility_8c21c741741a443f8ac4dbd20e03cb0b.png", "pose": [[0.44770076870918274, 0.8941834568977356, 0.0, 1007.0669555664062], [-0.8941834568977356, 0.44770076870918274, 0.0, 895.8857421875], [0.0, 0.0, 1.0, 0.0], [0.0, 0.0, 0.0, 1.0]], "pose_inverse": [[0.44770076870918274, -0.8941834568977356, 0.0, 350.2215270996094], [0.8941834568977356, 0.44770076870918274, 0.0, -1301.59130859375], [0.0, 0.0, 1.0, 0.0], [0.0, 0.0, 0.0, 1.0]], "cam_ids": [0, 1, 2, 3, 4, 5], "cam_channels": ["CAM_FRONT_LEFT", "CAM_FRONT", "CAM_FRONT_RIGHT", "CAM_BACK_LEFT", "CAM_BACK", "CAM_BACK_RIGHT"], "token": "8c21c741741a443f8ac4dbd20e03cb0b", "scene": "scene-0196"}, {"images": ["samples/CAM_FRONT_LEFT/n015-2018-08-01-15-10-21+0800__CAM_FRONT_LEFT__1533107905904844.jpg", "samples/CAM_FRONT/n015-2018-08-01-15-10-21+0800__CAM_FRONT__1533107905912460.jpg", "samples/CAM_FRONT_RIGHT/n015-2018-08-01-15-10-21+0800__CAM_FRONT_RIGHT__1533107905920339.jpg", "samples/CAM_BACK_LEFT/n015-2018-08-01-15-10-21+0800__CAM_BACK_LEFT__1533107905947423.jpg", "samples/CAM_BACK/n015-2018-08-01-15-10-21+0800__CAM_BACK__1533107905937525.jpg", "samples/CAM_BACK_RIGHT/n015-2018-08-01-15-10-21+0800__CAM_BACK_RIGHT__1533107905927893.jpg"], "intrinsics": [[[1272.5979470598488, 0.0, 826.6154927353808], [0.0, 1272.5979470598488, 479.75165386361925], [0.0, 0.0, 1.0]], [[1266.417203046554, 0.0, 816.2670197447984], [0.0, 1266.417203046554, 491.50706579294757], [0.0, 0.0, 1.0]], [[1260.8474446004698, 0.0, 807.968244525554], [0.0, 1260.8474446004698, 495.3344268742088], [0.0, 0.0, 1.0]], [[1256.7414812095406, 0.0, 792.1125740759628], [0.0, 1256.7414812095406, 492.7757465151356], [0.0, 0.0, 1.0]], [[809.2209905677063, 0.0, 829.2196003259838], [0.0, 809.2209905677063, 481.77842384512485], [0.0, 0.0, 1.0]], [[1259.5137405846733, 0.0, 807.2529053838625], [0.0, 1259.5137405846733, 501.19579884916527], [0.0, 0.0, 1.0]]], "extrinsics": [[[0.818760871887207, -0.5713639259338379, 0.05633750557899475, -0.69757080078125], [0.047917723655700684, -0.02977895550429821, -0.9984073042869568, 1.5238876342773438], [0.5721315145492554, 0.8201563954353333, 0.002996609779074788, -1.0965576171875], [0.0, 0.0, 0.0, 1.0]], [[0.003784208558499813, -0.999423086643219, 0.033751230686903, 0.0079345703125], [0.042890798300504684, -0.0335582010447979, -0.9985160827636719, 1.532012939453125], [0.9990726113319397, 0.00522619066759944, 0.042739059776067734, -1.426605224609375], [0.0, 0.0, 0.0, 1.0]], [[-0.8324369788169861, -0.5532070398330688, -0.0317891500890255, 0.8621826171875], [0.04881446436047554, -0.016065992414951324, -0.9986786246299744, 1.5136871337890625], [0.5519653558731079, -0.8328888416290283, 0.04037843272089958, -1.1341552734375], [0.0, 0.0, 0.0, 1.0]], [[0.946693480014801, 0.31951576471328735, 0.041003189980983734, -1.1425933837890625], [0.058570872992277145, -0.04556433483958244, -0.99724280834198, 1.5885238647460938], [-0.3167664706707001, 0.9464848637580872, -0.061849769204854965, -0.103515625], [0.0, 0.0, 0.0, 1.0]], [[0.0038653695955872536, 0.9993531703948975, -0.035753823816776276, 0.002685546875], [0.03275560215115547, -0.035861432552337646, -0.9988198280334473, 1.5818099975585938], [-0.9994558691978455, 0.0026896533090621233, -0.03287303075194359, -0.072509765625], [0.0, 0.0, 0.0, 1.0]], [[-0.9325700998306274, 0.35450682044029236, -0.06810235232114792, 0.99871826171875], [0.06494687497615814, -0.0208071731030941, -0.9976717233657837, 1.5610275268554688], [-0.3550984561443329, -0.9348219037055969, -0.00361995748244226, -0.114990234375], [0.0, 0.0, 0.0, 1.0]]], "view": [[0.0, -2.0, 100.0], [-2.0, 0.0, 100.0], [0.0, 0.0, 1.0]], "bev": "bev_e5aee6714b42408bbd92ad98378e1327.png", "aux": "aux_e5aee6714b42408bbd92ad98378e1327.npz", "visibility": "visibility_e5aee6714b42408bbd92ad98378e1327.png", "pose": [[0.45549967885017395, 0.890235960483551, 0.0, 1008.4254760742188], [-0.890235960483551, 0.45549967885017395, 0.0, 893.1651000976562], [0.0, 0.0, 1.0, 0.0], [0.0, 0.0, 0.0, 1.0]], "pose_inverse": [[0.45549967885017395, -0.890235960483551, 0.0, 335.7901916503906], [0.890235960483551, 0.45549967885017395, 0.0, -1304.572998046875], [0.0, 0.0, 1.0, 0.0], [0.0, 0.0, 0.0, 1.0]], "cam_ids": [0, 1, 2, 3, 4, 5], "cam_channels": ["CAM_FRONT_LEFT", "CAM_FRONT", "CAM_FRONT_RIGHT", "CAM_BACK_LEFT", "CAM_BACK", "CAM_BACK_RIGHT"], "token": "e5aee6714b42408bbd92ad98378e1327", "scene": "scene-0196"}, {"images": ["samples/CAM_FRONT_LEFT/n015-2018-08-01-15-10-21+0800__CAM_FRONT_LEFT__1533107906404844.jpg", "samples/CAM_FRONT/n015-2018-08-01-15-10-21+0800__CAM_FRONT__1533107906412460.jpg", "samples/CAM_FRONT_RIGHT/n015-2018-08-01-15-10-21+0800__CAM_FRONT_RIGHT__1533107906420339.jpg", "samples/CAM_BACK_LEFT/n015-2018-08-01-15-10-21+0800__CAM_BACK_LEFT__1533107906447423.jpg", "samples/CAM_BACK/n015-2018-08-01-15-10-21+0800__CAM_BACK__1533107906437525.jpg", "samples/CAM_BACK_RIGHT/n015-2018-08-01-15-10-21+0800__CAM_BACK_RIGHT__1533107906427893.jpg"], "intrinsics": [[[1272.5979470598488, 0.0, 826.6154927353808], [0.0, 1272.5979470598488, 479.75165386361925], [0.0, 0.0, 1.0]], [[1266.417203046554, 0.0, 816.2670197447984], [0.0, 1266.417203046554, 491.50706579294757], [0.0, 0.0, 1.0]], [[1260.8474446004698, 0.0, 807.968244525554], [0.0, 1260.8474446004698, 495.3344268742088], [0.0, 0.0, 1.0]], [[1256.7414812095406, 0.0, 792.1125740759628], [0.0, 1256.7414812095406, 492.7757465151356], [0.0, 0.0, 1.0]], [[809.2209905677063, 0.0, 829.2196003259838], [0.0, 809.2209905677063, 481.77842384512485], [0.0, 0.0, 1.0]], [[1259.5137405846733, 0.0, 807.2529053838625], [0.0, 1259.5137405846733, 501.19579884916527], [0.0, 0.0, 1.0]]], "extrinsics": [[[0.8192526698112488, -0.5712612867355347, 0.0498540922999382, -0.70135498046875], [0.050737835466861725, -0.014385020360350609, -0.998608410358429, 1.5245933532714844], [0.5711835026741028, 0.8206421136856079, 0.017199596390128136, -1.0950927734375], [0.0, 0.0, 0.0, 1.0]], [[0.004820292349904776, -0.9998123645782471, 0.018757713958621025, 0.0054931640625], [0.045743197202682495, -0.018517838791012764, -0.9987815618515015, 1.5326194763183594], [0.9989415407180786, 0.005672412924468517, 0.04564535990357399, -1.4281005859375], [0.0, 0.0, 0.0, 1.0]], [[-0.831724226474762, -0.5535772442817688, -0.04227244853973389, 0.861907958984375], [0.051676373928785324, -0.0013811446260660887, -0.9986628890037537, 1.5142040252685547], [0.5527786612510681, -0.8327966928482056, 0.029755601659417152, -1.13623046875], [0.0, 0.0, 0.0, 1.0]], [[0.9463434815406799, 0.319606751203537, 0.04780613258481026, -1.1425247192382812], [0.06123993545770645, -0.032109182327985764, -0.9976064562797546, 1.5885162353515625], [-0.3173066973686218, 0.947006106376648, -0.04995901137590408, -0.1033935546875], [0.0, 0.0, 0.0, 1.0]], [[0.003027625847607851, 0.9997559785842896, -0.021882005035877228, 0.0032958984375], [0.035532206296920776, -0.021975835785269737, -0.9991268515586853, 1.5819816589355469], [-0.9993639588356018, 0.002247491618618369, -0.03559006750583649, -0.071929931640625], [0.0, 0.0, 0.0, 1.0]], [[-0.9327563047409058, 0.35447394847869873, -0.06568045914173126, 0.99932861328125], [0.06779465824365616, -0.006466136779636145, -0.9976783394813538, 1.5614147186279297], [-0.35407567024230957, -0.9350435733795166, -0.018000109121203423, -0.1160888671875], [0.0, 0.0, 0.0, 1.0]]], "view": [[0.0, -2.0, 100.0], [-2.0, 0.0, 100.0], [0.0, 0.0, 1.0]], "bev": "bev_9e3608af6a254ded941ee24c1fcefb15.png", "aux": "aux_9e3608af6a254ded941ee24c1fcefb15.npz", "visibility": "visibility_9e3608af6a254ded941ee24c1fcefb15.png", "pose": [[0.4661552608013153, 0.8847029209136963, 0.0, 1010.1461181640625], [-0.8847029209136963, 0.4661552608013153, 0.0, 889.8311157226562], [0.0, 0.0, 1.0, 0.0], [0.0, 0.0, 0.0, 1.0]], "pose_inverse": [[0.4661552608013153, -0.8847029209136963, 0.0, 316.35125732421875], [0.8847029209136963, 0.4661552608013153, 0.0, -1308.4786376953125], [0.0, 0.0, 1.0, 0.0], [0.0, 0.0, 0.0, 1.0]], "cam_ids": [0, 1, 2, 3, 4, 5], "cam_channels": ["CAM_FRONT_LEFT", "CAM_FRONT", "CAM_FRONT_RIGHT", "CAM_BACK_LEFT", "CAM_BACK", "CAM_BACK_RIGHT"], "token": "9e3608af6a254ded941ee24c1fcefb15", "scene": "scene-0196"}, {"images": ["samples/CAM_FRONT_LEFT/n015-2018-08-01-15-10-21+0800__CAM_FRONT_LEFT__1533107906904844.jpg", "samples/CAM_FRONT/n015-2018-08-01-15-10-21+0800__CAM_FRONT__1533107906912460.jpg", "samples/CAM_FRONT_RIGHT/n015-2018-08-01-15-10-21+0800__CAM_FRONT_RIGHT__1533107906920339.jpg", "samples/CAM_BACK_LEFT/n015-2018-08-01-15-10-21+0800__CAM_BACK_LEFT__1533107906947423.jpg", "samples/CAM_BACK/n015-2018-08-01-15-10-21+0800__CAM_BACK__1533107906937525.jpg", "samples/CAM_BACK_RIGHT/n015-2018-08-01-15-10-21+0800__CAM_BACK_RIGHT__1533107906927893.jpg"], "intrinsics": [[[1272.5979470598488, 0.0, 826.6154927353808], [0.0, 1272.5979470598488, 479.75165386361925], [0.0, 0.0, 1.0]], [[1266.417203046554, 0.0, 816.2670197447984], [0.0, 1266.417203046554, 491.50706579294757], [0.0, 0.0, 1.0]], [[1260.8474446004698, 0.0, 807.968244525554], [0.0, 1260.8474446004698, 495.3344268742088], [0.0, 0.0, 1.0]], [[1256.7414812095406, 0.0, 792.1125740759628], [0.0, 1256.7414812095406, 492.7757465151356], [0.0, 0.0, 1.0]], [[809.2209905677063, 0.0, 829.2196003259838], [0.0, 809.2209905677063, 481.77842384512485], [0.0, 0.0, 1.0]], [[1259.5137405846733, 0.0, 807.2529053838625], [0.0, 1259.5137405846733, 501.19579884916527], [0.0, 0.0, 1.0]]], "extrinsics": [[[0.8209419250488281, -0.569312334060669, 0.044019248336553574, -0.70623779296875], [0.04193679988384247, -0.01676872931420803, -0.9989795088768005, 1.5214385986328125], [0.5694695115089417, 0.8219502568244934, 0.01010898593813181, -1.10321044921875], [0.0, 0.0, 0.0, 1.0]], [[0.006647397298365831, -0.9997519850730896, 0.02125324308872223, 0.0081787109375], [0.03711461275815964, -0.020992403849959373, -0.9990904927253723, 1.5301628112792969], [0.9992888569831848, 0.007430160418152809, 0.03696586191654205, -1.433807373046875], [0.0, 0.0, 0.0, 1.0]], [[-0.8314618468284607, -0.5545544624328613, -0.03377112001180649, 0.864959716796875], [0.043200429528951645, -0.003931412007659674, -0.9990586638450623, 1.5123615264892578], [0.5538997054100037, -0.8321381211280823, 0.027225812897086143, -1.13623046875], [0.0, 0.0, 0.0, 1.0]], [[0.9467605352401733, 0.3194642961025238, 0.03983683884143829, -1.1396484375], [0.05364280194044113, -0.03453030437231064, -0.9979629516601562, 1.5886878967285156], [-0.3174378573894501, 0.9469689726829529, -0.04982888698577881, -0.1044921875], [0.0, 0.0, 0.0, 1.0]], [[0.002720580203458667, 0.9996961355209351, -0.02449844777584076, 0.0029296875], [0.027528779581189156, -0.024564122781157494, -0.9993191361427307, 1.5814476013183594], [-0.9996172189712524, 0.0020442961249500513, -0.027587242424488068, -0.073822021484375], [0.0, 0.0, 0.0, 1.0]], [[-0.9334695339202881, 0.3537949323654175, -0.058852750808000565, 0.99896240234375], [0.059490982443094254, -0.009081692434847355, -0.9981875419616699, 1.5601940155029297], [-0.35368818044662476, -0.9352788925170898, -0.012570125982165337, -0.115234375], [0.0, 0.0, 0.0, 1.0]]], "view": [[0.0, -2.0, 100.0], [-2.0, 0.0, 100.0], [0.0, 0.0, 1.0]], "bev": "bev_fe5431735c4e47d59739f552476eff32.png", "aux": "aux_fe5431735c4e47d59739f552476eff32.npz", "visibility": "visibility_fe5431735c4e47d59739f552476eff32.png", "pose": [[0.44929200410842896, 0.8933849334716797, 0.0, 1011.80859375], [-0.8933849334716797, 0.44929200410842896, 0.0, 886.5658569335938], [0.0, 0.0, 1.0, 0.0], [0.0, 0.0, 0.0, 1.0]], "pose_inverse": [[0.44929200410842896, -0.8933849334716797, 0.0, 337.44708251953125], [0.8933849334716797, 0.44929200410842896, 0.0, -1302.2615966796875], [0.0, 0.0, 1.0, 0.0], [0.0, 0.0, 0.0, 1.0]], "cam_ids": [0, 1, 2, 3, 4, 5], "cam_channels": ["CAM_FRONT_LEFT", "CAM_FRONT", "CAM_FRONT_RIGHT", "CAM_BACK_LEFT", "CAM_BACK", "CAM_BACK_RIGHT"], "token": "fe5431735c4e47d59739f552476eff32", "scene": "scene-0196"}, {"images": ["samples/CAM_FRONT_LEFT/n015-2018-08-01-15-10-21+0800__CAM_FRONT_LEFT__1533107907404844.jpg", "samples/CAM_FRONT/n015-2018-08-01-15-10-21+0800__CAM_FRONT__1533107907412460.jpg", "samples/CAM_FRONT_RIGHT/n015-2018-08-01-15-10-21+0800__CAM_FRONT_RIGHT__1533107907420339.jpg", "samples/CAM_BACK_LEFT/n015-2018-08-01-15-10-21+0800__CAM_BACK_LEFT__1533107907447423.jpg", "samples/CAM_BACK/n015-2018-08-01-15-10-21+0800__CAM_BACK__1533107907437525.jpg", "samples/CAM_BACK_RIGHT/n015-2018-08-01-15-10-21+0800__CAM_BACK_RIGHT__1533107907427893.jpg"], "intrinsics": [[[1272.5979470598488, 0.0, 826.6154927353808], [0.0, 1272.5979470598488, 479.75165386361925], [0.0, 0.0, 1.0]], [[1266.417203046554, 0.0, 816.2670197447984], [0.0, 1266.417203046554, 491.50706579294757], [0.0, 0.0, 1.0]], [[1260.8474446004698, 0.0, 807.968244525554], [0.0, 1260.8474446004698, 495.3344268742088], [0.0, 0.0, 1.0]], [[1256.7414812095406, 0.0, 792.1125740759628], [0.0, 1256.7414812095406, 492.7757465151356], [0.0, 0.0, 1.0]], [[809.2209905677063, 0.0, 829.2196003259838], [0.0, 809.2209905677063, 481.77842384512485], [0.0, 0.0, 1.0]], [[1259.5137405846733, 0.0, 807.2529053838625], [0.0, 1259.5137405846733, 501.19579884916527], [0.0, 0.0, 1.0]]], "extrinsics": [[[0.8205671906471252, -0.5694822669029236, 0.04857424274086952, -0.724365234375], [0.055052194744348526, -0.005839921534061432, -0.9984663724899292, 1.5243415832519531], [0.5688925385475159, 0.8219828009605408, 0.02655920200049877, -1.115478515625], [0.0, 0.0, 0.0, 1.0]], [[0.007068865466862917, -0.9999253153800964, 0.00996541976928711, 0.0081787109375], [0.04950593411922455, -0.009603507816791534, -0.9987276792526245, 1.5323734283447266], [0.998748779296875, 0.007553232833743095, 0.0494343563914299, -1.453704833984375], [0.0, 0.0, 0.0, 1.0]], [[-0.830512523651123, -0.5547502040863037, -0.050010960549116135, 0.880401611328125], [0.054822713136672974, 0.007937290705740452, -0.9984645247459412, 1.513711929321289], [0.5542952418327332, -0.8319791555404663, 0.023820895701646805, -1.145751953125], [0.0, 0.0, 0.0, 1.0]], [[0.9460287094116211, 0.3197701871395111, 0.05269366130232811, -1.1481170654296875], [0.06270372122526169, -0.02108166739344597, -0.9978094696998596, 1.5881576538085938], [-0.31795886158943176, 0.9472605586051941, -0.03999464586377144, -0.1016845703125], [0.0, 0.0, 0.0, 1.0]], [[0.0019199212547391653, 0.9999314546585083, -0.011552606709301472, 0.0023193359375], [0.03757463023066521, -0.011616603471338749, -0.9992263317108154, 1.5817394256591797], [-0.9992919564247131, 0.0014843418030068278, -0.03759435564279556, -0.061279296875], [0.0, 0.0, 0.0, 1.0]], [[-0.9331381320953369, 0.35364091396331787, -0.06473943591117859, 1.013671875], [0.07044519484043121, 0.0032712556421756744, -0.9975103139877319, 1.5606651306152344], [-0.3525486886501312, -0.9353755712509155, -0.027964837849140167, -0.1085205078125], [0.0, 0.0, 0.0, 1.0]]], "view": [[0.0, -2.0, 100.0], [-2.0, 0.0, 100.0], [0.0, 0.0, 1.0]], "bev": "bev_c02de9eee0f140a68190d2eda85f30fc.png", "aux": "aux_c02de9eee0f140a68190d2eda85f30fc.npz", "visibility": "visibility_c02de9eee0f140a68190d2eda85f30fc.png", "pose": [[0.42830079793930054, 0.9036362171173096, 0.0, 1013.310546875], [-0.9036362171173096, 0.42830079793930054, 0.0, 883.4216918945312], [0.0, 0.0, 1.0, 0.0], [0.0, 0.0, 0.0, 1.0]], "pose_inverse": [[0.42830079793930054, -0.9036362171173096, 0.0, 364.2901306152344], [0.9036362171173096, 0.42830079793930054, 0.0, -1294.0343017578125], [0.0, 0.0, 1.0, 0.0], [0.0, 0.0, 0.0, 1.0]], "cam_ids": [0, 1, 2, 3, 4, 5], "cam_channels": ["CAM_FRONT_LEFT", "CAM_FRONT", "CAM_FRONT_RIGHT", "CAM_BACK_LEFT", "CAM_BACK", "CAM_BACK_RIGHT"], "token": "c02de9eee0f140a68190d2eda85f30fc", "scene": "scene-0196"}, {"images": ["samples/CAM_FRONT_LEFT/n015-2018-08-01-15-10-21+0800__CAM_FRONT_LEFT__1533107907904844.jpg", "samples/CAM_FRONT/n015-2018-08-01-15-10-21+0800__CAM_FRONT__1533107907912460.jpg", "samples/CAM_FRONT_RIGHT/n015-2018-08-01-15-10-21+0800__CAM_FRONT_RIGHT__1533107907920339.jpg", "samples/CAM_BACK_LEFT/n015-2018-08-01-15-10-21+0800__CAM_BACK_LEFT__1533107907947423.jpg", "samples/CAM_BACK/n015-2018-08-01-15-10-21+0800__CAM_BACK__1533107907937525.jpg", "samples/CAM_BACK_RIGHT/n015-2018-08-01-15-10-21+0800__CAM_BACK_RIGHT__1533107907927893.jpg"], "intrinsics": [[[1272.5979470598488, 0.0, 826.6154927353808], [0.0, 1272.5979470598488, 479.75165386361925], [0.0, 0.0, 1.0]], [[1266.417203046554, 0.0, 816.2670197447984], [0.0, 1266.417203046554, 491.50706579294757], [0.0, 0.0, 1.0]], [[1260.8474446004698, 0.0, 807.968244525554], [0.0, 1260.8474446004698, 495.3344268742088], [0.0, 0.0, 1.0]], [[1256.7414812095406, 0.0, 792.1125740759628], [0.0, 1256.7414812095406, 492.7757465151356], [0.0, 0.0, 1.0]], [[809.2209905677063, 0.0, 829.2196003259838], [0.0, 809.2209905677063, 481.77842384512485], [0.0, 0.0, 1.0]], [[1259.5137405846733, 0.0, 807.2529053838625], [0.0, 1259.5137405846733, 501.19579884916527], [0.0, 0.0, 1.0]]], "extrinsics": [[[0.8201342821121216, -0.5706247687339783, 0.042036350816488266, -0.7274169921875], [0.05143722891807556, 0.00035878861672244966, -0.9986761212348938, 1.5231094360351562], [0.5698542594909668, 0.8212108016014099, 0.029645610600709915, -1.11627197265625], [0.0, 0.0, 0.0, 1.0]], [[0.006283661350607872, -0.9999722242355347, 0.0039934031665325165, 0.0072021484375], [0.045756809413433075, -0.003701776033267379, -0.9989457726478577, 1.5313358306884766], [0.9989328384399414, 0.006459777243435383, 0.0457322783768177, -1.45648193359375], [0.0, 0.0, 0.0, 1.0]], [[-0.8310243487358093, -0.5539930462837219, -0.04990038275718689, 0.88201904296875], [0.050951018929481506, 0.013519052416086197, -0.9986096620559692, 1.512873888015747], [0.5538973808288574, -0.8324114084243774, 0.01699185185134411, -1.1474609375], [0.0, 0.0, 0.0, 1.0]], [[0.946304976940155, 0.3194357752799988, 0.049674030393362045, -1.1456375122070312], [0.058117520064115524, -0.016948586329817772, -0.9981658458709717, 1.5883407592773438], [-0.3180079758167267, 0.9474563598632812, -0.03460334986448288, -0.1025390625], [0.0, 0.0, 0.0, 1.0]], [[0.0021320474334061146, 0.9999746084213257, -0.006804832257330418, 0.0025634765625], [0.03330569341778755, -0.006872081197798252, -0.9994215965270996, 1.5814762115478516], [-0.9994428753852844, 0.001904199831187725, -0.03331949561834335, -0.061737060546875], [0.0, 0.0, 0.0, 1.0]], [[-0.9332557320594788, 0.3543184697628021, -0.059094496071338654, 1.0155029296875], [0.06641268730163574, 0.008518160320818424, -0.9977558851242065, 1.560018539428711], [-0.35301995277404785, -0.9350860118865967, -0.03148086369037628, -0.1085205078125], [0.0, 0.0, 0.0, 1.0]]], "view": [[0.0, -2.0, 100.0], [-2.0, 0.0, 100.0], [0.0, 0.0, 1.0]], "bev": "bev_0a21cc2767914077a32ab4aa6ede9768.png", "aux": "aux_0a21cc2767914077a32ab4aa6ede9768.npz", "visibility": "visibility_0a21cc2767914077a32ab4aa6ede9768.png", "pose": [[0.42379873991012573, 0.9057563543319702, 0.0, 1014.756591796875], [-0.9057563543319702, 0.42379873991012573, 0.0, 880.299560546875], [0.0, 0.0, 1.0, 0.0], [0.0, 0.0, 0.0, 1.0]], "pose_inverse": [[0.42379873991012573, -0.9057563543319702, 0.0, 367.28436279296875], [0.9057563543319702, 0.42379873991012573, 0.0, -1292.192138671875], [0.0, 0.0, 1.0, 0.0], [0.0, 0.0, 0.0, 1.0]], "cam_ids": [0, 1, 2, 3, 4, 5], "cam_channels": ["CAM_FRONT_LEFT", "CAM_FRONT", "CAM_FRONT_RIGHT", "CAM_BACK_LEFT", "CAM_BACK", "CAM_BACK_RIGHT"], "token": "0a21cc2767914077a32ab4aa6ede9768", "scene": "scene-0196"}, {"images": ["samples/CAM_FRONT_LEFT/n015-2018-08-01-15-10-21+0800__CAM_FRONT_LEFT__1533107908404844.jpg", "samples/CAM_FRONT/n015-2018-08-01-15-10-21+0800__CAM_FRONT__1533107908412460.jpg", "samples/CAM_FRONT_RIGHT/n015-2018-08-01-15-10-21+0800__CAM_FRONT_RIGHT__1533107908420339.jpg", "samples/CAM_BACK_LEFT/n015-2018-08-01-15-10-21+0800__CAM_BACK_LEFT__1533107908447423.jpg", "samples/CAM_BACK/n015-2018-08-01-15-10-21+0800__CAM_BACK__1533107908437529.jpg", "samples/CAM_BACK_RIGHT/n015-2018-08-01-15-10-21+0800__CAM_BACK_RIGHT__1533107908427893.jpg"], "intrinsics": [[[1272.5979470598488, 0.0, 826.6154927353808], [0.0, 1272.5979470598488, 479.75165386361925], [0.0, 0.0, 1.0]], [[1266.417203046554, 0.0, 816.2670197447984], [0.0, 1266.417203046554, 491.50706579294757], [0.0, 0.0, 1.0]], [[1260.8474446004698, 0.0, 807.968244525554], [0.0, 1260.8474446004698, 495.3344268742088], [0.0, 0.0, 1.0]], [[1256.7414812095406, 0.0, 792.1125740759628], [0.0, 1256.7414812095406, 492.7757465151356], [0.0, 0.0, 1.0]], [[809.2209905677063, 0.0, 829.2196003259838], [0.0, 809.2209905677063, 481.77842384512485], [0.0, 0.0, 1.0]], [[1259.5137405846733, 0.0, 807.2529053838625], [0.0, 1259.5137405846733, 501.19579884916527], [0.0, 0.0, 1.0]]], "extrinsics": [[[0.8201772570610046, -0.5706010460853577, 0.04151808097958565, -0.716552734375], [0.04854091629385948, -0.002903626300394535, -0.998816967010498, 1.5228939056396484], [0.5700465440750122, 0.8212222456932068, 0.025316009297966957, -1.10986328125], [0.0, 0.0, 0.0, 1.0]], [[0.0061174118891358376, -0.9999548196792603, 0.007262512110173702, 0.0084228515625], [0.04324467480182648, -0.006991310510784388, -0.9990400671958923, 1.5312538146972656], [0.9990457892417908, 0.006425585597753525, 0.04319995269179344, -1.4449462890625], [0.0, 0.0, 0.0, 1.0]], [[-0.8312503099441528, -0.5539659857749939, -0.0463089644908905, 0.873626708984375], [0.0488421693444252, 0.010201364755630493, -0.9987543821334839, 1.5130023956298828], [0.5537483096122742, -0.8324768543243408, 0.01857701502740383, -1.1412353515625], [0.0, 0.0, 0.0, 1.0]], [[0.946399450302124, 0.31944888830184937, 0.047753628343343735, -1.1466064453125], [0.057187769562006, -0.020212212577462196, -0.9981588125228882, 1.5882911682128906], [-0.3178955316543579, 0.9473879337310791, -0.03739739954471588, -0.1021728515625], [0.0, 0.0, 0.0, 1.0]], [[0.0023275427520275116, 0.9999459981918335, -0.010135301388800144, 0.0023193359375], [0.031961821019649506, -0.010204537771642208, -0.9994370341300964, 1.5815200805664062], [-0.9994863271713257, 0.0020022746175527573, -0.031983841210603714, -0.065643310546875], [0.0, 0.0, 0.0, 1.0]], [[-0.9332693219184875, 0.3543570637702942, -0.058646075427532196, 1.00701904296875], [0.06467249989509583, 0.005176539067178965, -0.9978931546211243, 1.56036376953125], [-0.35330691933631897, -0.9350959062576294, -0.027748264372348785, -0.1112060546875], [0.0, 0.0, 0.0, 1.0]]], "view": [[0.0, -2.0, 100.0], [-2.0, 0.0, 100.0], [0.0, 0.0, 1.0]], "bev": "bev_5af566fac9d74796a0658b304d3a1ada.png", "aux": "aux_5af566fac9d74796a0658b304d3a1ada.npz", "visibility": "visibility_5af566fac9d74796a0658b304d3a1ada.png", "pose": [[0.4204910695552826, 0.9072966575622559, 0.0, 1016.1788940429688], [-0.9072966575622559, 0.4204910695552826, 0.0, 877.183349609375], [0.0, 0.0, 1.0, 0.0], [0.0, 0.0, 0.0, 1.0]], "pose_inverse": [[0.4204910695552826, -0.9072966575622559, 0.0, 368.5714111328125], [0.9072966575622559, 0.4204910695552826, 0.0, -1290.823486328125], [0.0, 0.0, 1.0, 0.0], [0.0, 0.0, 0.0, 1.0]], "cam_ids": [0, 1, 2, 3, 4, 5], "cam_channels": ["CAM_FRONT_LEFT", "CAM_FRONT", "CAM_FRONT_RIGHT", "CAM_BACK_LEFT", "CAM_BACK", "CAM_BACK_RIGHT"], "token": "5af566fac9d74796a0658b304d3a1ada", "scene": "scene-0196"}, {"images": ["samples/CAM_FRONT_LEFT/n015-2018-08-01-15-10-21+0800__CAM_FRONT_LEFT__1533107908904844.jpg", "samples/CAM_FRONT/n015-2018-08-01-15-10-21+0800__CAM_FRONT__1533107908912460.jpg", "samples/CAM_FRONT_RIGHT/n015-2018-08-01-15-10-21+0800__CAM_FRONT_RIGHT__1533107908920339.jpg", "samples/CAM_BACK_LEFT/n015-2018-08-01-15-10-21+0800__CAM_BACK_LEFT__1533107908947423.jpg", "samples/CAM_BACK/n015-2018-08-01-15-10-21+0800__CAM_BACK__1533107908937525.jpg", "samples/CAM_BACK_RIGHT/n015-2018-08-01-15-10-21+0800__CAM_BACK_RIGHT__1533107908927907.jpg"], "intrinsics": [[[1272.5979470598488, 0.0, 826.6154927353808], [0.0, 1272.5979470598488, 479.75165386361925], [0.0, 0.0, 1.0]], [[1266.417203046554, 0.0, 816.2670197447984], [0.0, 1266.417203046554, 491.50706579294757], [0.0, 0.0, 1.0]], [[1260.8474446004698, 0.0, 807.968244525554], [0.0, 1260.8474446004698, 495.3344268742088], [0.0, 0.0, 1.0]], [[1256.7414812095406, 0.0, 792.1125740759628], [0.0, 1256.7414812095406, 492.7757465151356], [0.0, 0.0, 1.0]], [[809.2209905677063, 0.0, 829.2196003259838], [0.0, 809.2209905677063, 481.77842384512485], [0.0, 0.0, 1.0]], [[1259.5137405846733, 0.0, 807.2529053838625], [0.0, 1259.5137405846733, 501.19579884916527], [0.0, 0.0, 1.0]]], "extrinsics": [[[0.8201557397842407, -0.5712955594062805, 0.031079880893230438, -0.7198486328125], [0.03257530927658081, -0.007606676779687405, -0.9994403123855591, 1.5179443359375], [0.5712122917175293, 0.8207091689109802, 0.012371469289064407, -1.11273193359375], [0.0, 0.0, 0.0, 1.0]], [[0.005232940427958965, -0.9999152421951294, 0.011924730613827705, 0.00830078125], [0.027043452486395836, -0.01177902426570654, -0.9995648860931396, 1.527151107788086], [0.9996205568313599, 0.005553162656724453, 0.02697952277958393, -1.448516845703125], [0.0, 0.0, 0.0, 1.0]], [[-0.8324422836303711, -0.5533016324043274, -0.029950028285384178, 0.875823974609375], [0.03242533281445503, 0.005316510330885649, -0.999459981918335, 1.509760856628418], [0.553162157535553, -0.8329640030860901, 0.013515302911400795, -1.1431884765625], [0.0, 0.0, 0.0, 1.0]], [[0.9472095966339111, 0.3191954493522644, 0.030135154724121094, -1.1400527954101562], [0.04034215584397316, -0.025412634015083313, -0.9988627433776855, 1.5886421203613281], [-0.3180665671825409, 0.9473481774330139, -0.036948125809431076, -0.1043701171875], [0.0, 0.0, 0.0, 1.0]], [[0.002832663245499134, 0.9998803734779358, -0.015209577046334743, 0.002685546875], [0.015164642594754696, -0.015250840224325657, -0.9997687339782715, 1.5804309844970703], [-0.9998809695243835, 0.002601309446617961, -0.015206027776002884, -0.068359375], [0.0, 0.0, 0.0, 1.0]], [[-0.9337906241416931, 0.3549959063529968, -0.04486497864127159, 1.00872802734375], [0.04806986078619957, 0.00020865461556240916, -0.9988439083099365, 1.5580005645751953], [-0.3545762300491333, -0.9348679184913635, -0.017259445041418076, -0.1112060546875], [0.0, 0.0, 0.0, 1.0]]], "view": [[0.0, -2.0, 100.0], [-2.0, 0.0, 100.0], [0.0, 0.0, 1.0]], "bev": "bev_cb8f72fe75f3486884c279b09415d82a.png", "aux": "aux_cb8f72fe75f3486884c279b09415d82a.npz", "visibility": "visibility_cb8f72fe75f3486884c279b09415d82a.png", "pose": [[0.4187088906764984, 0.9081205129623413, 0.0, 1017.6072998046875], [-0.9081205129623413, 0.4187088906764984, 0.0, 874.0377807617188], [0.0, 0.0, 1.0, 0.0], [0.0, 0.0, 0.0, 1.0]], "pose_inverse": [[0.4187088906764984, -0.9081205129623413, 0.0, 367.6504211425781], [0.9081205129623413, 0.4187088906764984, 0.0, -1290.077392578125], [0.0, 0.0, 1.0, 0.0], [0.0, 0.0, 0.0, 1.0]], "cam_ids": [0, 1, 2, 3, 4, 5], "cam_channels": ["CAM_FRONT_LEFT", "CAM_FRONT", "CAM_FRONT_RIGHT", "CAM_BACK_LEFT", "CAM_BACK", "CAM_BACK_RIGHT"], "token": "cb8f72fe75f3486884c279b09415d82a", "scene": "scene-0196"}, {"images": ["samples/CAM_FRONT_LEFT/n015-2018-08-01-15-10-21+0800__CAM_FRONT_LEFT__1533107909404844.jpg", "samples/CAM_FRONT/n015-2018-08-01-15-10-21+0800__CAM_FRONT__1533107909412460.jpg", "samples/CAM_FRONT_RIGHT/n015-2018-08-01-15-10-21+0800__CAM_FRONT_RIGHT__1533107909420339.jpg", "samples/CAM_BACK_LEFT/n015-2018-08-01-15-10-21+0800__CAM_BACK_LEFT__1533107909447423.jpg", "samples/CAM_BACK/n015-2018-08-01-15-10-21+0800__CAM_BACK__1533107909437525.jpg", "samples/CAM_BACK_RIGHT/n015-2018-08-01-15-10-21+0800__CAM_BACK_RIGHT__1533107909427893.jpg"], "intrinsics": [[[1272.5979470598488, 0.0, 826.6154927353808], [0.0, 1272.5979470598488, 479.75165386361925], [0.0, 0.0, 1.0]], [[1266.417203046554, 0.0, 816.2670197447984], [0.0, 1266.417203046554, 491.50706579294757], [0.0, 0.0, 1.0]], [[1260.8474446004698, 0.0, 807.968244525554], [0.0, 1260.8474446004698, 495.3344268742088], [0.0, 0.0, 1.0]], [[1256.7414812095406, 0.0, 792.1125740759628], [0.0, 1256.7414812095406, 492.7757465151356], [0.0, 0.0, 1.0]], [[809.2209905677063, 0.0, 829.2196003259838], [0.0, 809.2209905677063, 481.77842384512485], [0.0, 0.0, 1.0]], [[1259.5137405846733, 0.0, 807.2529053838625], [0.0, 1259.5137405846733, 501.19579884916527], [0.0, 0.0, 1.0]]], "extrinsics": [[[0.8183283805847168, -0.5738080739974976, 0.032905664294958115, -0.7169189453125], [0.02971956506371498, -0.014930241741240025, -0.9994467496871948, 1.5172500610351562], [0.5739818811416626, 0.8188536167144775, 0.004835485015064478, -1.10711669921875], [0.0, 0.0, 0.0, 1.0]], [[0.0024891027715057135, -0.999818742275238, 0.018873076885938644, 0.0059814453125], [0.024648195132613182, -0.018806060776114464, -0.9995193481445312, 1.5266799926757812], [0.999692976474762, 0.0029531442560255527, 0.024596916511654854, -1.443206787109375], [0.0, 0.0, 0.0, 1.0]], [[-0.8337061405181885, -0.5516555905342102, -0.02469763718545437, 0.87091064453125], [0.030558448284864426, -0.001433304394595325, -0.9995319247245789, 1.509561538696289], [0.5513620972633362, -0.8340706825256348, 0.01805269718170166, -1.141845703125], [0.0, 0.0, 0.0, 1.0]], [[0.9472953081130981, 0.3191394805908203, 0.027956584468483925, -1.137176513671875], [0.039907410740852356, -0.030968299135565758, -0.9987233281135559, 1.5887603759765625], [-0.3178662657737732, 0.9472016096115112, -0.04207215458154678, -0.10546875], [0.0, 0.0, 0.0, 1.0]], [[0.003757747821509838, 0.9997676610946655, -0.02122620865702629, 0.003173828125], [0.014282343909144402, -0.02127785235643387, -0.9996716380119324, 1.580413818359375], [-0.999890923500061, 0.003453359706327319, -0.014358981512486935, -0.0721435546875], [0.0, 0.0, 0.0, 1.0]], [[-0.9332749247550964, 0.3562273681163788, -0.045824483036994934, 1.0047607421875], [0.04664644971489906, -0.006287353578954935, -0.9988916516304016, 1.5580215454101562], [-0.3561207056045532, -0.9343782067298889, -0.010748912580311298, -0.1138916015625], [0.0, 0.0, 0.0, 1.0]]], "view": [[0.0, -2.0, 100.0], [-2.0, 0.0, 100.0], [0.0, 0.0, 1.0]], "bev": "bev_8f6b2d5ba5f04cf48c0785264e6113c3.png", "aux": "aux_8f6b2d5ba5f04cf48c0785264e6113c3.npz", "visibility": "visibility_8f6b2d5ba5f04cf48c0785264e6113c3.png", "pose": [[0.43165352940559387, 0.9020394682884216, 0.0, 1019.0508422851562], [-0.9020394682884216, 0.43165352940559387, 0.0, 870.8804931640625], [0.0, 0.0, 1.0, 0.0], [0.0, 0.0, 0.0, 1.0]], "pose_inverse": [[0.43165352940559387, -0.9020394682884216, 0.0, 345.6916809082031], [0.9020394682884216, 0.43165352940559387, 0.0, -1295.1427001953125], [0.0, 0.0, 1.0, 0.0], [0.0, 0.0, 0.0, 1.0]], "cam_ids": [0, 1, 2, 3, 4, 5], "cam_channels": ["CAM_FRONT_LEFT", "CAM_FRONT", "CAM_FRONT_RIGHT", "CAM_BACK_LEFT", "CAM_BACK", "CAM_BACK_RIGHT"], "token": "8f6b2d5ba5f04cf48c0785264e6113c3", "scene": "scene-0196"}, {"images": ["samples/CAM_FRONT_LEFT/n015-2018-08-01-15-10-21+0800__CAM_FRONT_LEFT__1533107909904844.jpg", "samples/CAM_FRONT/n015-2018-08-01-15-10-21+0800__CAM_FRONT__1533107909912460.jpg", "samples/CAM_FRONT_RIGHT/n015-2018-08-01-15-10-21+0800__CAM_FRONT_RIGHT__1533107909920339.jpg", "samples/CAM_BACK_LEFT/n015-2018-08-01-15-10-21+0800__CAM_BACK_LEFT__1533107909947423.jpg", "samples/CAM_BACK/n015-2018-08-01-15-10-21+0800__CAM_BACK__1533107909937525.jpg", "samples/CAM_BACK_RIGHT/n015-2018-08-01-15-10-21+0800__CAM_BACK_RIGHT__1533107909927901.jpg"], "intrinsics": [[[1272.5979470598488, 0.0, 826.6154927353808], [0.0, 1272.5979470598488, 479.75165386361925], [0.0, 0.0, 1.0]], [[1266.417203046554, 0.0, 816.2670197447984], [0.0, 1266.417203046554, 491.50706579294757], [0.0, 0.0, 1.0]], [[1260.8474446004698, 0.0, 807.968244525554], [0.0, 1260.8474446004698, 495.3344268742088], [0.0, 0.0, 1.0]], [[1256.7414812095406, 0.0, 792.1125740759628], [0.0, 1256.7414812095406, 492.7757465151356], [0.0, 0.0, 1.0]], [[809.2209905677063, 0.0, 829.2196003259838], [0.0, 809.2209905677063, 481.77842384512485], [0.0, 0.0, 1.0]], [[1259.5137405846733, 0.0, 807.2529053838625], [0.0, 1259.5137405846733, 501.19579884916527], [0.0, 0.0, 1.0]]], "extrinsics": [[[0.8164030313491821, -0.5765108466148376, 0.033485863357782364, -0.718994140625], [0.031742047518491745, -0.01309916004538536, -0.9994102120399475, 1.5177745819091797], [0.5766094923019409, 0.8169844150543213, 0.007605439517647028, -1.111572265625], [0.0, 0.0, 0.0, 1.0]], [[-0.00045437976950779557, -0.9998533725738525, 0.017113273963332176, 0.0081787109375], [0.026472806930541992, -0.017119305208325386, -0.999502956867218, 1.5270881652832031], [0.9996494650840759, -1.0789909765662742e-06, 0.026476705446839333, -1.446868896484375], [0.0, 0.0, 0.0, 1.0]], [[-0.8350830674171448, -0.5494621992111206, -0.026973173022270203, 0.87408447265625], [0.032236214727163315, 7.140832167351618e-05, -0.9994802474975586, 1.5097990036010742], [0.5491784811019897, -0.8355185389518738, 0.017652951180934906, -1.1419677734375], [0.0, 0.0, 0.0, 1.0]], [[0.9476962685585022, 0.31782498955726624, 0.029310325160622597, -1.1417999267578125], [0.04098779708147049, -0.03011593036353588, -0.9987056255340576, 1.5885772705078125], [-0.31653082370758057, 0.9476709961891174, -0.04156769812107086, -0.1041259765625], [0.0, 0.0, 0.0, 1.0]], [[0.005592723842710257, 0.9997839331626892, -0.020024700090289116, 0.00244140625], [0.015528781339526176, -0.020109429955482483, -0.9996772408485413, 1.580465316772461], [-0.9998638033866882, 0.005279953125864267, -0.015637889504432678, -0.068511962890625], [0.0, 0.0, 0.0, 1.0]], [[-0.9323979616165161, 0.358402818441391, -0.04670574143528938, 1.00677490234375], [0.04812134802341461, -0.004974318668246269, -0.9988291263580322, 1.5581073760986328], [-0.3582155108451843, -0.9335538148880005, -0.01260878425091505, -0.1116943359375], [0.0, 0.0, 0.0, 1.0]]], "view": [[0.0, -2.0, 100.0], [-2.0, 0.0, 100.0], [0.0, 0.0, 1.0]], "bev": "bev_85d4154a3c284031b2e024322d5d1254.png", "aux": "aux_85d4154a3c284031b2e024322d5d1254.npz", "visibility": "visibility_85d4154a3c284031b2e024322d5d1254.png", "pose": [[0.47677287459373474, 0.8790265321731567, 0.0, 1020.6209716796875], [-0.8790265321731567, 0.47677287459373474, 0.0, 867.7472534179688], [0.0, 0.0, 1.0, 0.0], [0.0, 0.0, 0.0, 1.0]], "pose_inverse": [[0.47677287459373474, -0.8790265321731567, 0.0, 276.16845703125], [0.8790265321731567, 0.47677287459373474, 0.0, -1310.8712158203125], [0.0, 0.0, 1.0, 0.0], [0.0, 0.0, 0.0, 1.0]], "cam_ids": [0, 1, 2, 3, 4, 5], "cam_channels": ["CAM_FRONT_LEFT", "CAM_FRONT", "CAM_FRONT_RIGHT", "CAM_BACK_LEFT", "CAM_BACK", "CAM_BACK_RIGHT"], "token": "85d4154a3c284031b2e024322d5d1254", "scene": "scene-0196"}, {"images": ["samples/CAM_FRONT_LEFT/n015-2018-08-01-15-10-21+0800__CAM_FRONT_LEFT__1533107910404844.jpg", "samples/CAM_FRONT/n015-2018-08-01-15-10-21+0800__CAM_FRONT__1533107910412460.jpg", "samples/CAM_FRONT_RIGHT/n015-2018-08-01-15-10-21+0800__CAM_FRONT_RIGHT__1533107910420339.jpg", "samples/CAM_BACK_LEFT/n015-2018-08-01-15-10-21+0800__CAM_BACK_LEFT__1533107910447423.jpg", "samples/CAM_BACK/n015-2018-08-01-15-10-21+0800__CAM_BACK__1533107910437525.jpg", "samples/CAM_BACK_RIGHT/n015-2018-08-01-15-10-21+0800__CAM_BACK_RIGHT__1533107910427893.jpg"], "intrinsics": [[[1272.5979470598488, 0.0, 826.6154927353808], [0.0, 1272.5979470598488, 479.75165386361925], [0.0, 0.0, 1.0]], [[1266.417203046554, 0.0, 816.2670197447984], [0.0, 1266.417203046554, 491.50706579294757], [0.0, 0.0, 1.0]], [[1260.8474446004698, 0.0, 807.968244525554], [0.0, 1260.8474446004698, 495.3344268742088], [0.0, 0.0, 1.0]], [[1256.7414812095406, 0.0, 792.1125740759628], [0.0, 1256.7414812095406, 492.7757465151356], [0.0, 0.0, 1.0]], [[809.2209905677063, 0.0, 829.2196003259838], [0.0, 809.2209905677063, 481.77842384512485], [0.0, 0.0, 1.0]], [[1259.5137405846733, 0.0, 807.2529053838625], [0.0, 1259.5137405846733, 501.19579884916527], [0.0, 0.0, 1.0]]], "extrinsics": [[[0.8166540861129761, -0.5760983228683472, 0.034450214356184006, -0.71673583984375], [0.03689556196331978, -0.007455125916749239, -0.9992913007736206, 1.519418716430664], [0.5759468674659729, 0.8173463940620422, 0.01516721211373806, -1.10845947265625], [0.0, 0.0, 0.0, 1.0]], [[0.0005158744752407074, -0.9999353885650635, 0.011353205889463425, 0.00732421875], [0.03151194751262665, -0.011331314221024513, -0.9994391798973083, 1.5283241271972656], [0.9995031952857971, 0.0008732957066968083, 0.0315040647983551, -1.446014404296875], [0.0, 0.0, 0.0, 1.0]], [[-0.8341905474662781, -0.550407886505127, -0.034309789538383484, 0.87554931640625], [0.037129271775484085, 0.006018482614308596, -0.9992923140525818, 1.5106548070907593], [0.5502249002456665, -0.834874153137207, 0.015415684320032597, -1.1431884765625], [0.0, 0.0, 0.0, 1.0]], [[0.9469226002693176, 0.3195320665836334, 0.03516867011785507, -1.1461334228515625], [0.045100681483745575, -0.02373436652123928, -0.9987004399299622, 1.588348388671875], [-0.31828203797340393, 0.9472782015800476, -0.03688571974635124, -0.10205078125], [0.0, 0.0, 0.0, 1.0]], [[0.003860960714519024, 0.9998961091041565, -0.013893144205212593, 0.002685546875], [0.020020321011543274, -0.013967754319310188, 